"gene","id","snp","ref_count","total_count","alt_count"
"CENPN","s1015_F_GON_01_ASEReadCounter.table","NW_015090842.1:5801612",25,294,269
"CENPN","s1015_F_GON_01_ASEReadCounter.table","NW_015090842.1:5801618",48,328,280
"CENPN","s1015_F_GON_01_ASEReadCounter.table","NW_015090842.1:5801623",68,354,286
"CENPN","s1015_F_GON_01_ASEReadCounter.table","NW_015090842.1:5801631",102,391,289
"CENPN","s1015_F_GON_01_ASEReadCounter.table","NW_015090842.1:5801632",101,389,288
"CENPN","s1015_F_GON_01_ASEReadCounter.table","NW_015090842.1:5801655",118,367,249
"CENPN","s1015_F_GON_01_ASEReadCounter.table","NW_015090842.1:5801662",128,408,280
"CENPN","s1015_F_GON_01_ASEReadCounter.table","NW_015090842.1:5801670",136,431,295
"CENPN","s1015_F_GON_01_ASEReadCounter.table","NW_015090842.1:5801674",140,443,303
"CENPN","s1015_F_GON_01_ASEReadCounter.table","NW_015090842.1:5801692",150,475,325
"CENPN","s1015_F_GON_01_ASEReadCounter.table","NW_015090842.1:5801697",149,461,312
"CENPN","s1015_F_GON_01_ASEReadCounter.table","NW_015090842.1:5802008",185,690,505
"CENPN","s1015_F_GON_01_ASEReadCounter.table","NW_015090842.1:5802012",191,697,506
"CENPN","s1015_F_GON_01_ASEReadCounter.table","NW_015090842.1:5802087",233,881,648
"CENPN","s1015_F_GON_01_ASEReadCounter.table","NW_015090842.1:5810113",24,32,8
"CENPN","s1015_F_GON_01_ASEReadCounter.table","NW_015090842.1:5810147",38,45,7
"CENPN","s1015_F_GON_01_ASEReadCounter.table","NW_015090842.1:5810148",38,46,8
"ATMIN","s1015_F_GON_01_ASEReadCounter.table","NW_015090842.1:5818789",39,50,11
"ATMIN","s1015_F_GON_01_ASEReadCounter.table","NW_015090842.1:5819958",45,66,21
"ATMIN","s1015_F_GON_01_ASEReadCounter.table","NW_015090842.1:5820004",59,83,24
"ATMIN","s1015_F_GON_01_ASEReadCounter.table","NW_015090842.1:5820217",35,52,17
"ATMIN","s1015_F_GON_01_ASEReadCounter.table","NW_015090842.1:5820250",38,54,16
"ATMIN","s1015_F_GON_01_ASEReadCounter.table","NW_015090842.1:5820298",38,49,11
"ATMIN","s1015_F_GON_01_ASEReadCounter.table","NW_015090842.1:5820417",17,29,12
"ATMIN","s1015_F_GON_01_ASEReadCounter.table","NW_015090842.1:5820421",18,31,13
"ATMIN","s1015_F_GON_01_ASEReadCounter.table","NW_015090842.1:5820448",16,27,11
"ATMIN","s1015_F_GON_01_ASEReadCounter.table","NW_015090842.1:5820457",16,27,11
"ATMIN","s1015_F_GON_01_ASEReadCounter.table","NW_015090842.1:5820510",14,24,10
"ATMIN","s1015_F_GON_01_ASEReadCounter.table","NW_015090842.1:5820673",10,24,14
"ATMIN","s1015_F_GON_01_ASEReadCounter.table","NW_015090842.1:5820754",11,21,10
"ATMIN","s1015_F_GON_01_ASEReadCounter.table","NW_015090842.1:5820820",14,24,10
"ATMIN","s1015_F_GON_01_ASEReadCounter.table","NW_015090842.1:5820865",15,23,8
"ATMIN","s1015_F_GON_01_ASEReadCounter.table","NW_015090842.1:5820889",15,26,11
"ATMIN","s1015_F_GON_01_ASEReadCounter.table","NW_015090842.1:5820891",15,27,12
"ATMIN","s1015_F_GON_01_ASEReadCounter.table","NW_015090842.1:5820997",11,26,15
"ATMIN","s1015_F_GON_01_ASEReadCounter.table","NW_015090842.1:5821063",11,26,15
"ATMIN","s1015_F_GON_01_ASEReadCounter.table","NW_015090842.1:5821132",13,27,14
"ATMIN","s1015_F_GON_01_ASEReadCounter.table","NW_015090842.1:5821645",16,30,14
"ATMIN","s1015_F_GON_01_ASEReadCounter.table","NW_015090842.1:5825066",29,45,16
"ATMIN","s1015_F_GON_01_ASEReadCounter.table","NW_015090842.1:5825106",21,36,15
"ATMIN","s1015_F_GON_01_ASEReadCounter.table","NW_015090842.1:5825122",14,31,17
"ATMIN","s1015_F_GON_01_ASEReadCounter.table","NW_015090842.1:5825178",20,40,20
"ATMIN","s1015_F_GON_01_ASEReadCounter.table","NW_015090842.1:5825194",27,48,21
"ATMIN","s1015_F_GON_01_ASEReadCounter.table","NW_015090842.1:5825195",27,48,21
"ATMIN","s1015_F_GON_01_ASEReadCounter.table","NW_015090842.1:5825220",25,41,16
"ATMIN","s1015_F_GON_01_ASEReadCounter.table","NW_015090842.1:5825240",29,51,22
"ATMIN","s1015_F_GON_01_ASEReadCounter.table","NW_015090842.1:5825303",39,68,29
"ATMIN","s1015_F_GON_01_ASEReadCounter.table","NW_015090842.1:5825304",38,65,27
"ATMIN","s1015_F_GON_01_ASEReadCounter.table","NW_015090842.1:5825310",36,62,26
"ATMIN","s1015_F_GON_01_ASEReadCounter.table","NW_015090842.1:5825406",38,67,29
"ATMIN","s1015_F_GON_01_ASEReadCounter.table","NW_015090842.1:5825415",40,70,30
"ATMIN","s1015_F_GON_01_ASEReadCounter.table","NW_015090842.1:5825438",40,69,29
"ATMIN","s1015_F_GON_01_ASEReadCounter.table","NW_015090842.1:5825485",39,58,19
"ATMIN","s1015_F_GON_01_ASEReadCounter.table","NW_015090842.1:5825524",35,53,18
"ATMIN","s1015_F_GON_01_ASEReadCounter.table","NW_015090842.1:5825557",28,51,23
"ATMIN","s1015_F_GON_01_ASEReadCounter.table","NW_015090842.1:5825571",26,48,22
"ATMIN","s1015_F_GON_01_ASEReadCounter.table","NW_015090842.1:5825579",30,53,23
"ATMIN","s1015_F_GON_01_ASEReadCounter.table","NW_015090842.1:5825590",25,44,19
"ATMIN","s1015_F_GON_01_ASEReadCounter.table","NW_015090842.1:5825689",30,57,27
"ATMIN","s1015_F_GON_01_ASEReadCounter.table","NW_015090842.1:5825703",39,69,30
"ATMIN","s1015_F_GON_01_ASEReadCounter.table","NW_015090842.1:5825787",39,65,26
"ATMIN","s1015_F_GON_01_ASEReadCounter.table","NW_015090842.1:5825833",29,58,29
"ATMIN","s1015_F_GON_01_ASEReadCounter.table","NW_015090842.1:5825841",24,48,24
"ATMIN","s1015_F_GON_01_ASEReadCounter.table","NW_015090842.1:5825895",22,48,26
"ATMIN","s1015_F_GON_01_ASEReadCounter.table","NW_015090842.1:5825984",21,45,24
"ATMIN","s1015_F_GON_01_ASEReadCounter.table","NW_015090842.1:5826162",26,56,30
"ATMIN","s1015_F_GON_01_ASEReadCounter.table","NW_015090842.1:5826194",31,58,27
"ATMIN","s1015_F_GON_01_ASEReadCounter.table","NW_015090842.1:5826235",30,57,27
"ATMIN","s1015_F_GON_01_ASEReadCounter.table","NW_015090842.1:5826245",36,63,27
"ATMIN","s1015_F_GON_01_ASEReadCounter.table","NW_015090842.1:5826335",14,34,20
"ATMIN","s1015_F_GON_01_ASEReadCounter.table","NW_015090842.1:5826417",17,38,21
"ATMIN","s1015_F_GON_01_ASEReadCounter.table","NW_015090842.1:5826431",13,41,28
"ATMIN","s1015_F_GON_01_ASEReadCounter.table","NW_015090842.1:5826438",15,37,22
"ATMIN","s1015_F_GON_01_ASEReadCounter.table","NW_015090842.1:5826463",20,42,22
"ATMIN","s1015_F_GON_01_ASEReadCounter.table","NW_015090842.1:5826502",23,50,27
"ATMIN","s1015_F_GON_01_ASEReadCounter.table","NW_015090842.1:5826511",26,54,28
"ATMIN","s1015_F_GON_01_ASEReadCounter.table","NW_015090842.1:5826659",36,63,27
"ATMIN","s1015_F_GON_01_ASEReadCounter.table","NW_015090842.1:5826701",37,74,37
"ATMIN","s1015_F_GON_01_ASEReadCounter.table","NW_015090842.1:5826702",37,74,37
"ATMIN","s1015_F_GON_01_ASEReadCounter.table","NW_015090842.1:5826732",37,77,40
"ATMIN","s1015_F_GON_01_ASEReadCounter.table","NW_015090842.1:5826745",39,79,40
"ATMIN","s1015_F_GON_01_ASEReadCounter.table","NW_015090842.1:5826835",42,75,33
"ATMIN","s1015_F_GON_01_ASEReadCounter.table","NW_015090842.1:5826942",13,48,35
"ATMIN","s1015_F_GON_01_ASEReadCounter.table","NW_015090842.1:5827193",25,54,29
"ATMIN","s1015_F_GON_01_ASEReadCounter.table","NW_015090842.1:5827196",25,57,32
"ATMIN","s1015_F_GON_01_ASEReadCounter.table","NW_015090842.1:5827269",36,67,31
"ATMIN","s1015_F_GON_01_ASEReadCounter.table","NW_015090842.1:5827315",20,49,29
"ATMIN","s1015_F_GON_01_ASEReadCounter.table","NW_015090842.1:5827316",20,51,31
"ATMIN","s1015_F_GON_01_ASEReadCounter.table","NW_015090842.1:5827333",22,52,30
"PPP1R3E","s1015_F_GON_01_ASEReadCounter.table","NW_015090842.1:5837733",13,32,19
"PPP1R3E","s1015_F_GON_01_ASEReadCounter.table","NW_015090842.1:5837947",8,20,12
"PKD1L2","s1015_F_GON_01_ASEReadCounter.table","NW_015090842.1:5867509",23,63,40
"PKD1L2","s1015_F_GON_01_ASEReadCounter.table","NW_015090842.1:5867597",38,86,48
"PKD1L2","s1015_F_GON_01_ASEReadCounter.table","NW_015090842.1:5867600",43,95,52
"PKD1L2","s1015_F_GON_01_ASEReadCounter.table","NW_015090842.1:5867660",42,100,58
"PKD1L2","s1015_F_GON_01_ASEReadCounter.table","NW_015090842.1:5867675",43,117,74
"PKD1L2","s1015_F_GON_01_ASEReadCounter.table","NW_015090842.1:5867788",36,101,65
"PKD1L2","s1015_F_GON_01_ASEReadCounter.table","NW_015090842.1:5867843",44,113,69
"PKD1L2","s1015_F_GON_01_ASEReadCounter.table","NW_015090842.1:5871422",0,9,9
"PKD1L2","s1015_F_GON_01_ASEReadCounter.table","NW_015090842.1:5872825",3,6,3
"PKD1L2","s1015_F_GON_01_ASEReadCounter.table","NW_015090842.1:5872876",0,7,7
"PKD1L2","s1015_F_GON_01_ASEReadCounter.table","NW_015090842.1:5872924",0,9,9
"PKD1L2","s1015_F_GON_01_ASEReadCounter.table","NW_015090842.1:5872948",5,9,4
"BCO1","s1015_F_GON_01_ASEReadCounter.table","NW_015090842.1:5915610",42,97,55
"BCO1","s1015_F_GON_01_ASEReadCounter.table","NW_015090842.1:5915646",46,109,63
"BCO1","s1015_F_GON_01_ASEReadCounter.table","NW_015090842.1:5917836",45,119,74
"BCO1","s1015_F_GON_01_ASEReadCounter.table","NW_015090842.1:5917912",42,102,60
"BCO1","s1015_F_GON_01_ASEReadCounter.table","NW_015090842.1:5917941",41,96,55
"BCO1","s1015_F_GON_01_ASEReadCounter.table","NW_015090842.1:5917971",44,104,60
"BCO1","s1015_F_GON_01_ASEReadCounter.table","NW_015090842.1:5921679",33,83,50
"BCO1","s1015_F_GON_01_ASEReadCounter.table","NW_015090842.1:5921726",26,78,52
"BCO1","s1015_F_GON_01_ASEReadCounter.table","NW_015090842.1:5925669",29,64,35
"BCO1","s1015_F_GON_01_ASEReadCounter.table","NW_015090842.1:5926937",35,74,39
"BCO1","s1015_F_GON_01_ASEReadCounter.table","NW_015090842.1:5927921",36,74,38
"BCO1","s1015_F_GON_01_ASEReadCounter.table","NW_015090842.1:5927948",36,77,41
"BCO1","s1015_F_GON_01_ASEReadCounter.table","NW_015090842.1:5927968",39,87,48
"BCO1","s1015_F_GON_01_ASEReadCounter.table","NW_015090842.1:5928052",37,74,37
"BCO1","s1015_F_GON_01_ASEReadCounter.table","NW_015090842.1:5932726",37,95,58
"BCO1","s1015_F_GON_01_ASEReadCounter.table","NW_015090842.1:5932801",37,85,48
"BCO1","s1015_F_GON_01_ASEReadCounter.table","NW_015090842.1:5934558",36,53,17
"BCO1","s1015_F_GON_01_ASEReadCounter.table","NW_015090842.1:5934575",36,56,20
"BCO1","s1015_F_GON_01_ASEReadCounter.table","NW_015090842.1:5934608",36,61,25
"BCO1","s1015_F_GON_01_ASEReadCounter.table","NW_015090842.1:5934647",38,66,28
"BCO1","s1015_F_GON_01_ASEReadCounter.table","NW_015090842.1:5934725",28,47,19
"BCO1","s1015_F_GON_01_ASEReadCounter.table","NW_015090842.1:5934726",28,47,19
"BCO1","s1015_F_GON_01_ASEReadCounter.table","NW_015090842.1:5934733",28,47,19
"BCO1","s1015_F_GON_01_ASEReadCounter.table","NW_015090842.1:5934821",24,40,16
"BCO1","s1015_F_GON_01_ASEReadCounter.table","NW_015090842.1:5934826",22,40,18
"BCO1","s1015_F_GON_01_ASEReadCounter.table","NW_015090842.1:5934844",14,27,13
"BCO1","s1015_F_GON_01_ASEReadCounter.table","NW_015090842.1:5934958",29,44,15
"BCO1","s1015_F_GON_01_ASEReadCounter.table","NW_015090842.1:5934976",29,45,16
"GAN","s1015_F_GON_01_ASEReadCounter.table","NW_015090842.1:5939249",0,1,1
"GAN","s1015_F_GON_01_ASEReadCounter.table","NW_015090842.1:5953759",19,44,25
"GAN","s1015_F_GON_01_ASEReadCounter.table","NW_015090842.1:5957502",17,55,38
"GAN","s1015_F_GON_01_ASEReadCounter.table","NW_015090842.1:5957578",19,50,31
"GAN","s1015_F_GON_01_ASEReadCounter.table","NW_015090842.1:5966047",13,47,34
"GAN","s1015_F_GON_01_ASEReadCounter.table","NW_015090842.1:5966126",14,45,31
"GAN","s1015_F_GON_01_ASEReadCounter.table","NW_015090842.1:5966127",15,44,29
"GAN","s1015_F_GON_01_ASEReadCounter.table","NW_015090842.1:5966162",20,48,28
"GAN","s1015_F_GON_01_ASEReadCounter.table","NW_015090842.1:5966483",12,29,17
"CMIP","s1015_F_GON_01_ASEReadCounter.table","NW_015090842.1:6109159",34,62,28
"CMIP","s1015_F_GON_01_ASEReadCounter.table","NW_015090842.1:6109166",34,62,28
"CMIP","s1015_F_GON_01_ASEReadCounter.table","NW_015090842.1:6114641",54,88,34
"CMIP","s1015_F_GON_01_ASEReadCounter.table","NW_015090842.1:6114751",39,72,33
"CMIP","s1015_F_GON_01_ASEReadCounter.table","NW_015090842.1:6114824",29,65,36
"CMIP","s1015_F_GON_01_ASEReadCounter.table","NW_015090842.1:6126295",60,61,1
"CMIP","s1015_F_GON_01_ASEReadCounter.table","NW_015090842.1:6128998",36,73,37
"CMIP","s1015_F_GON_01_ASEReadCounter.table","NW_015090842.1:6130562",83,139,56
"CMIP","s1015_F_GON_01_ASEReadCounter.table","NW_015090842.1:6132522",40,88,48
"CMIP","s1015_F_GON_01_ASEReadCounter.table","NW_015090842.1:6138265",33,83,50
"CMIP","s1015_F_GON_01_ASEReadCounter.table","NW_015090842.1:6138300",32,78,46
"CMIP","s1015_F_GON_01_ASEReadCounter.table","NW_015090842.1:6138342",33,77,44
"CMIP","s1015_F_GON_01_ASEReadCounter.table","NW_015090842.1:6138343",31,74,43
"CMIP","s1015_F_GON_01_ASEReadCounter.table","NW_015090842.1:6138345",33,78,45
"CMIP","s1015_F_GON_01_ASEReadCounter.table","NW_015090842.1:6138647",34,73,39
"CMIP","s1015_F_GON_01_ASEReadCounter.table","NW_015090842.1:6138745",29,72,43
"CMIP","s1015_F_GON_01_ASEReadCounter.table","NW_015090842.1:6138832",7,27,20
"CMIP","s1015_F_GON_01_ASEReadCounter.table","NW_015090842.1:6138967",25,53,28
"CMIP","s1015_F_GON_01_ASEReadCounter.table","NW_015090842.1:6139131",9,26,17
"CMIP","s1015_F_GON_01_ASEReadCounter.table","NW_015090842.1:6139163",3,12,9
"CMIP","s1015_F_GON_01_ASEReadCounter.table","NW_015090842.1:6139212",40,42,2
"CMIP","s1015_F_GON_01_ASEReadCounter.table","NW_015090842.1:6139360",16,32,16
"CMIP","s1015_F_GON_01_ASEReadCounter.table","NW_015090842.1:6139572",7,11,4
"PLCG2","s1015_F_GON_01_ASEReadCounter.table","NW_015090842.1:6179613",6,6,0
"PLCG2","s1015_F_GON_01_ASEReadCounter.table","NW_015090842.1:6179658",8,8,0
"PLCG2","s1015_F_GON_01_ASEReadCounter.table","NW_015090842.1:6203766",12,13,1
"PLCG2","s1015_F_GON_01_ASEReadCounter.table","NW_015090842.1:6203775",11,12,1
"PLCG2","s1015_F_GON_01_ASEReadCounter.table","NW_015090842.1:6203787",15,16,1
"PLCG2","s1015_F_GON_01_ASEReadCounter.table","NW_015090842.1:6209741",17,19,2
"PLCG2","s1015_F_GON_01_ASEReadCounter.table","NW_015090842.1:6209798",16,19,3
"PLCG2","s1015_F_GON_01_ASEReadCounter.table","NW_015090842.1:6209816",19,21,2
"PLCG2","s1015_F_GON_01_ASEReadCounter.table","NW_015090842.1:6217547",28,48,20
"PLCG2","s1015_F_GON_01_ASEReadCounter.table","NW_015090842.1:6218641",16,29,13
"PLCG2","s1015_F_GON_01_ASEReadCounter.table","NW_015090842.1:6220552",19,25,6
"PLCG2","s1015_F_GON_01_ASEReadCounter.table","NW_015090842.1:6221969",32,40,8
"PLCG2","s1015_F_GON_01_ASEReadCounter.table","NW_015090842.1:6228672",11,20,9
"PLCG2","s1015_F_GON_01_ASEReadCounter.table","NW_015090842.1:6228694",16,23,7
"PLCG2","s1015_F_GON_01_ASEReadCounter.table","NW_015090842.1:6228722",16,22,6
"PLCG2","s1015_F_GON_01_ASEReadCounter.table","NW_015090842.1:6228747",9,15,6
"PLCG2","s1015_F_GON_01_ASEReadCounter.table","NW_015090842.1:6228835",22,28,6
"PLCG2","s1015_F_GON_01_ASEReadCounter.table","NW_015090842.1:6228841",22,29,7
"PLCG2","s1015_F_GON_01_ASEReadCounter.table","NW_015090842.1:6228865",22,29,7
"PLCG2","s1015_F_GON_01_ASEReadCounter.table","NW_015090842.1:6228917",15,21,6
"PLCG2","s1015_F_GON_01_ASEReadCounter.table","NW_015090842.1:6228926",13,20,7
"PLCG2","s1015_F_GON_01_ASEReadCounter.table","NW_015090842.1:6228954",7,14,7
"PLCG2","s1015_F_GON_01_ASEReadCounter.table","NW_015090842.1:6229002",14,19,5
"PLCG2","s1015_F_GON_01_ASEReadCounter.table","NW_015090842.1:6229006",14,18,4
"PLCG2","s1015_F_GON_01_ASEReadCounter.table","NW_015090842.1:6229081",16,19,3
"PLCG2","s1015_F_GON_01_ASEReadCounter.table","NW_015090842.1:6229097",11,15,4
"PLCG2","s1015_F_GON_01_ASEReadCounter.table","NW_015090842.1:6229160",13,15,2
"PLCG2","s1015_F_GON_01_ASEReadCounter.table","NW_015090842.1:6229213",15,16,1
"PLCG2","s1015_F_GON_01_ASEReadCounter.table","NW_015090842.1:6229231",16,18,2
"PLCG2","s1015_F_GON_01_ASEReadCounter.table","NW_015090842.1:6229663",24,28,4
"PLCG2","s1015_F_GON_01_ASEReadCounter.table","NW_015090842.1:6229748",16,20,4
"PLCG2","s1015_F_GON_01_ASEReadCounter.table","NW_015090842.1:6229892",25,27,2
"PLCG2","s1015_F_GON_01_ASEReadCounter.table","NW_015090842.1:6230248",19,21,2
"PLCG2","s1015_F_GON_01_ASEReadCounter.table","NW_015090842.1:6230255",20,24,4
"PLCG2","s1015_F_GON_01_ASEReadCounter.table","NW_015090842.1:6230276",13,17,4
"PLCG2","s1015_F_GON_01_ASEReadCounter.table","NW_015090842.1:6230296",8,12,4
"PLCG2","s1015_F_GON_01_ASEReadCounter.table","NW_015090842.1:6230349",16,21,5
"PLCG2","s1015_F_GON_01_ASEReadCounter.table","NW_015090842.1:6230408",26,29,3
"PLCG2","s1015_F_GON_01_ASEReadCounter.table","NW_015090842.1:6230439",25,27,2
"PLCG2","s1015_F_GON_01_ASEReadCounter.table","NW_015090842.1:6230757",9,9,0
"PLCG2","s1015_F_GON_01_ASEReadCounter.table","NW_015090842.1:6230758",8,9,1
"PLCG2","s1015_F_GON_01_ASEReadCounter.table","NW_015090842.1:6230898",22,24,2
"PLCG2","s1015_F_GON_01_ASEReadCounter.table","NW_015090842.1:6230976",22,25,3
"PLCG2","s1015_F_GON_01_ASEReadCounter.table","NW_015090842.1:6231078",28,31,3
"PLCG2","s1015_F_GON_01_ASEReadCounter.table","NW_015090842.1:6231138",23,26,3
"PLCG2","s1015_F_GON_01_ASEReadCounter.table","NW_015090842.1:6231177",22,23,1
"PLCG2","s1015_F_GON_01_ASEReadCounter.table","NW_015090842.1:6231263",22,23,1
"SDR42E1","s1015_F_GON_01_ASEReadCounter.table","NW_015090842.1:6235292",4,19,15
"SDR42E1","s1015_F_GON_01_ASEReadCounter.table","NW_015090842.1:6235315",5,26,21
"SDR42E1","s1015_F_GON_01_ASEReadCounter.table","NW_015090842.1:6235348",22,55,33
"SDR42E1","s1015_F_GON_01_ASEReadCounter.table","NW_015090842.1:6235355",23,54,31
"SDR42E1","s1015_F_GON_01_ASEReadCounter.table","NW_015090842.1:6235417",37,74,37
"SDR42E1","s1015_F_GON_01_ASEReadCounter.table","NW_015090842.1:6235558",31,82,51
"SDR42E1","s1015_F_GON_01_ASEReadCounter.table","NW_015090842.1:6235741",79,146,67
"SDR42E1","s1015_F_GON_01_ASEReadCounter.table","NW_015090842.1:6235777",75,142,67
"SDR42E1","s1015_F_GON_01_ASEReadCounter.table","NW_015090842.1:6235806",78,159,81
"SDR42E1","s1015_F_GON_01_ASEReadCounter.table","NW_015090842.1:6235809",76,158,82
"SDR42E1","s1015_F_GON_01_ASEReadCounter.table","NW_015090842.1:6235816",82,156,74
"SDR42E1","s1015_F_GON_01_ASEReadCounter.table","NW_015090842.1:6235914",56,115,59
"SDR42E1","s1015_F_GON_01_ASEReadCounter.table","NW_015090842.1:6235935",62,123,61
"SDR42E1","s1015_F_GON_01_ASEReadCounter.table","NW_015090842.1:6235957",54,117,63
"SDR42E1","s1015_F_GON_01_ASEReadCounter.table","NW_015090842.1:6236040",35,88,53
"SDR42E1","s1015_F_GON_01_ASEReadCounter.table","NW_015090842.1:6236260",61,120,59
"SDR42E1","s1015_F_GON_01_ASEReadCounter.table","NW_015090842.1:6236281",60,128,68
"SDR42E1","s1015_F_GON_01_ASEReadCounter.table","NW_015090842.1:6236305",72,143,71
"SDR42E1","s1015_F_GON_01_ASEReadCounter.table","NW_015090842.1:6236458",76,153,77
"SDR42E1","s1015_F_GON_01_ASEReadCounter.table","NW_015090842.1:6236476",80,166,86
"SDR42E1","s1015_F_GON_01_ASEReadCounter.table","NW_015090842.1:6236608",80,159,79
"SDR42E1","s1015_F_GON_01_ASEReadCounter.table","NW_015090842.1:6238244",40,102,62
"SDR42E1","s1015_F_GON_01_ASEReadCounter.table","NW_015090842.1:6238829",30,63,33
"HSD17B2","s1015_F_GON_01_ASEReadCounter.table","NW_015090842.1:6257711",0,1,1
"HSD17B2","s1015_F_GON_01_ASEReadCounter.table","NW_015090842.1:6257712",0,1,1
"HSD17B2","s1015_F_GON_01_ASEReadCounter.table","NW_015090842.1:6257737",0,1,1
"HSD17B2","s1015_F_GON_01_ASEReadCounter.table","NW_015090842.1:6257758",0,1,1
"HSD17B2","s1015_F_GON_01_ASEReadCounter.table","NW_015090842.1:6257767",0,1,1
"HSD17B2","s1015_F_GON_01_ASEReadCounter.table","NW_015090842.1:6257829",1,1,0
"HSD17B2","s1015_F_GON_01_ASEReadCounter.table","NW_015090842.1:6257851",1,3,2
"HSD17B2","s1015_F_GON_01_ASEReadCounter.table","NW_015090842.1:6257889",2,4,2
"HSD17B2","s1015_F_GON_01_ASEReadCounter.table","NW_015090842.1:6262951",5,8,3
"HSD17B2","s1015_F_GON_01_ASEReadCounter.table","NW_015090842.1:6262974",5,9,4
"HSD17B2","s1015_F_GON_01_ASEReadCounter.table","NW_015090842.1:6266125",2,6,4
"HSD17B2","s1015_F_GON_01_ASEReadCounter.table","NW_015090842.1:6266135",2,6,4
"HSD17B2","s1015_F_GON_01_ASEReadCounter.table","NW_015090842.1:6266795",2,4,2
"HSD17B2","s1015_F_GON_01_ASEReadCounter.table","NW_015090842.1:6266944",2,7,5
"HSD17B2","s1015_F_GON_01_ASEReadCounter.table","NW_015090842.1:6267053",4,11,7
"HSD17B2","s1015_F_GON_01_ASEReadCounter.table","NW_015090842.1:6267196",0,3,3
"HSD17B2","s1015_F_GON_01_ASEReadCounter.table","NW_015090842.1:6267273",2,8,6
"HSD17B2","s1015_F_GON_01_ASEReadCounter.table","NW_015090842.1:6267674",3,5,2
"HSD17B2","s1015_F_GON_01_ASEReadCounter.table","NW_015090842.1:6267913",4,7,3
"HSD17B2","s1015_F_GON_01_ASEReadCounter.table","NW_015090842.1:6268098",2,4,2
"HSD17B2","s1015_F_GON_01_ASEReadCounter.table","NW_015090842.1:6268203",1,2,1
"ARY2","s1015_F_GON_01_ASEReadCounter.table","NW_015090842.1:6303922",26,27,1
"ARY2","s1015_F_GON_01_ASEReadCounter.table","NW_015090842.1:6303954",33,34,1
"ARY2","s1015_F_GON_01_ASEReadCounter.table","NW_015090842.1:6303979",34,35,1
"ARY2","s1015_F_GON_01_ASEReadCounter.table","NW_015090842.1:6305848",29,34,5
"ARY2","s1015_F_GON_01_ASEReadCounter.table","NW_015090842.1:6305856",32,36,4
"ARY2","s1015_F_GON_01_ASEReadCounter.table","NW_015090842.1:6305857",30,34,4
"ARY2","s1015_F_GON_01_ASEReadCounter.table","NW_015090842.1:6306017",31,34,3
"ARY2","s1015_F_GON_01_ASEReadCounter.table","NW_015090842.1:6306052",29,31,2
"ARY2","s1015_F_GON_01_ASEReadCounter.table","NW_015090842.1:6306094",34,36,2
"ARY2","s1015_F_GON_01_ASEReadCounter.table","NW_015090842.1:6306100",37,39,2
"ARY2","s1015_F_GON_01_ASEReadCounter.table","NW_015090842.1:6306146",31,32,1
"ARY2","s1015_F_GON_01_ASEReadCounter.table","NW_015090842.1:6306147",31,32,1
"ARY2","s1015_F_GON_01_ASEReadCounter.table","NW_015090842.1:6306390",42,43,1
"ARY2","s1015_F_GON_01_ASEReadCounter.table","NW_015090842.1:6306567",21,21,0
"ARY2","s1015_F_GON_01_ASEReadCounter.table","NW_015090842.1:6306773",1,1,0
"ARY2","s1015_F_GON_01_ASEReadCounter.table","NW_015090842.1:6307039",1,1,0
"ARY2","s1015_F_GON_01_ASEReadCounter.table","NW_015090842.1:6307043",1,1,0
"ARY2","s1015_F_GON_01_ASEReadCounter.table","NW_015090842.1:6307093",1,1,0
"ARY2","s1015_F_GON_01_ASEReadCounter.table","NW_015090842.1:6307157",1,1,0
"ARY2","s1015_F_GON_01_ASEReadCounter.table","NW_015090842.1:6307187",1,1,0
"ARY2","s1015_F_GON_01_ASEReadCounter.table","NW_015090842.1:6307204",1,1,0
"ARY2","s1015_F_GON_01_ASEReadCounter.table","NW_015090842.1:6307278",0,1,1
"ARY2","s1015_F_GON_01_ASEReadCounter.table","NW_015090842.1:6307305",1,2,1
"ARY2","s1015_F_GON_01_ASEReadCounter.table","NW_015090842.1:6307318",2,3,1
"ARY2","s1015_F_GON_01_ASEReadCounter.table","NW_015090842.1:6307429",5,7,2
"ARY2","s1015_F_GON_01_ASEReadCounter.table","NW_015090842.1:6307487",2,2,0
"ARY2","s1015_F_GON_01_ASEReadCounter.table","NW_015090842.1:6307670",2,2,0
"ARYL","s1015_F_GON_01_ASEReadCounter.table","NW_015090842.1:6313360",6,9,3
"ARYL","s1015_F_GON_01_ASEReadCounter.table","NW_015090842.1:6313377",5,6,1
"ARYL","s1015_F_GON_01_ASEReadCounter.table","NW_015090842.1:6313767",5,13,8
"ARY1","s1015_F_GON_01_ASEReadCounter.table","NW_015090842.1:6314296",4,7,3
"ARY1","s1015_F_GON_01_ASEReadCounter.table","NW_015090842.1:6314541",3,7,4
"ARY1","s1015_F_GON_01_ASEReadCounter.table","NW_015090842.1:6314597",6,10,4
"ARY1","s1015_F_GON_01_ASEReadCounter.table","NW_015090842.1:6314750",4,5,1
"ARY1","s1015_F_GON_01_ASEReadCounter.table","NW_015090842.1:6314794",5,6,1
"ARY1","s1015_F_GON_01_ASEReadCounter.table","NW_015090842.1:6314827",6,7,1
"ARY1","s1015_F_GON_01_ASEReadCounter.table","NW_015090842.1:6314859",10,11,1
"ARY1","s1015_F_GON_01_ASEReadCounter.table","NW_015090842.1:6314886",9,9,0
"ARY1","s1015_F_GON_01_ASEReadCounter.table","NW_015090842.1:6315022",10,11,1
"ARY1","s1015_F_GON_01_ASEReadCounter.table","NW_015090842.1:6315026",11,12,1
"ARY1","s1015_F_GON_01_ASEReadCounter.table","NW_015090842.1:6315043",8,8,0
"ARY1","s1015_F_GON_01_ASEReadCounter.table","NW_015090842.1:6315065",8,9,1
"ARY1","s1015_F_GON_01_ASEReadCounter.table","NW_015090842.1:6315409",5,8,3
"ARY1","s1015_F_GON_01_ASEReadCounter.table","NW_015090842.1:6315479",3,8,5
"ARY1","s1015_F_GON_01_ASEReadCounter.table","NW_015090842.1:6318342",12,14,2
"ARY1","s1015_F_GON_01_ASEReadCounter.table","NW_015090842.1:6318427",15,21,6
"ARY1","s1015_F_GON_01_ASEReadCounter.table","NW_015090842.1:6318603",16,22,6
"ARY1","s1015_F_GON_01_ASEReadCounter.table","NW_015090842.1:6318708",8,12,4
"ARY1","s1015_F_GON_01_ASEReadCounter.table","NW_015090842.1:6318858",10,15,5
"ARY1","s1015_F_GON_01_ASEReadCounter.table","NW_015090842.1:6318952",4,8,4
"MPHOSPH6","s1015_F_GON_01_ASEReadCounter.table","NW_015090842.1:6324063",12,30,18
"MPHOSPH6","s1015_F_GON_01_ASEReadCounter.table","NW_015090842.1:6324174",31,65,34
"MPHOSPH6","s1015_F_GON_01_ASEReadCounter.table","NW_015090842.1:6324270",29,71,42
"MPHOSPH6","s1015_F_GON_01_ASEReadCounter.table","NW_015090842.1:6324762",48,78,30
"MPHOSPH6","s1015_F_GON_01_ASEReadCounter.table","NW_015090842.1:6324780",38,65,27
"MPHOSPH6","s1015_F_GON_01_ASEReadCounter.table","NW_015090842.1:6324902",46,88,42
"MPHOSPH6","s1015_F_GON_01_ASEReadCounter.table","NW_015090842.1:6325066",51,106,55
"MPHOSPH6","s1015_F_GON_01_ASEReadCounter.table","NW_015090842.1:6325089",60,128,68
"MPHOSPH6","s1015_F_GON_01_ASEReadCounter.table","NW_015090842.1:6325877",87,199,112
"MPHOSPH6","s1015_F_GON_01_ASEReadCounter.table","NW_015090842.1:6326976",66,152,86
"CDH13","s1015_F_GON_01_ASEReadCounter.table","NW_015090842.1:6662283",17,32,15
"CDH13","s1015_F_GON_01_ASEReadCounter.table","NW_015090842.1:6693665",7,15,8
"CDH13","s1015_F_GON_01_ASEReadCounter.table","NW_015090842.1:6693697",10,20,10
"CDH13","s1015_F_GON_01_ASEReadCounter.table","NW_015090842.1:6693712",11,21,10
"CDH13","s1015_F_GON_01_ASEReadCounter.table","NW_015090842.1:6693723",10,19,9
"CDH13","s1015_F_GON_01_ASEReadCounter.table","NW_015090842.1:6693738",11,19,8
"CDH13","s1015_F_GON_01_ASEReadCounter.table","NW_015090842.1:6823730",23,38,15
"CDH13","s1015_F_GON_01_ASEReadCounter.table","NW_015090842.1:6889713",17,30,13
"CDH13","s1015_F_GON_01_ASEReadCounter.table","NW_015090842.1:6955167",16,30,14
"MLYCD","s1015_F_GON_01_ASEReadCounter.table","NW_015090842.1:7150054",18,42,24
"MLYCD","s1015_F_GON_01_ASEReadCounter.table","NW_015090842.1:7150131",36,90,54
"MLYCD","s1015_F_GON_01_ASEReadCounter.table","NW_015090842.1:7150585",39,81,42
"MLYCD","s1015_F_GON_01_ASEReadCounter.table","NW_015090842.1:7150686",21,48,27
"MLYCD","s1015_F_GON_01_ASEReadCounter.table","NW_015090842.1:7150696",26,58,32
"MLYCD","s1015_F_GON_01_ASEReadCounter.table","NW_015090842.1:7150869",39,80,41
"MLYCD","s1015_F_GON_01_ASEReadCounter.table","NW_015090842.1:7151100",47,99,52
"MLYCD","s1015_F_GON_01_ASEReadCounter.table","NW_015090842.1:7151127",57,111,54
"MLYCD","s1015_F_GON_01_ASEReadCounter.table","NW_015090842.1:7157538",44,84,40
"MLYCD","s1015_F_GON_01_ASEReadCounter.table","NW_015090842.1:7167662",23,44,21
"MLYCD","s1015_F_GON_01_ASEReadCounter.table","NW_015090842.1:7167675",27,49,22
"MLYCD","s1015_F_GON_01_ASEReadCounter.table","NW_015090842.1:7167710",26,49,23
"MLYCD","s1015_F_GON_01_ASEReadCounter.table","NW_015090842.1:7167781",20,39,19
"MLYCD","s1015_F_GON_01_ASEReadCounter.table","NW_015090842.1:7167803",17,38,21
"MLYCD","s1015_F_GON_01_ASEReadCounter.table","NW_015090842.1:7167812",17,37,20
"MLYCD","s1015_F_GON_01_ASEReadCounter.table","NW_015090842.1:7167845",16,32,16
"MLYCD","s1015_F_GON_01_ASEReadCounter.table","NW_015090842.1:7167862",14,28,14
"MLYCD","s1015_F_GON_01_ASEReadCounter.table","NW_015090842.1:7167929",11,29,18
"MLYCD","s1015_F_GON_01_ASEReadCounter.table","NW_015090842.1:7167995",15,25,10
"MLYCD","s1015_F_GON_01_ASEReadCounter.table","NW_015090842.1:7168005",15,25,10
"MLYCD","s1015_F_GON_01_ASEReadCounter.table","NW_015090842.1:7168037",13,21,8
"HSBP1","s1015_F_GON_01_ASEReadCounter.table","NW_015090842.1:7245192",125,225,100
"HSBP1","s1015_F_GON_01_ASEReadCounter.table","NW_015090842.1:7245226",135,268,133
"HSBP1","s1015_F_GON_01_ASEReadCounter.table","NW_015090842.1:7245257",112,233,121
"HSBP1","s1015_F_GON_01_ASEReadCounter.table","NW_015090842.1:7245296",97,218,121
"HSBP1","s1015_F_GON_01_ASEReadCounter.table","NW_015090842.1:7245389",149,293,144
"HSBP1","s1015_F_GON_01_ASEReadCounter.table","NW_015090842.1:7245400",156,291,135
"HSBP1","s1015_F_GON_01_ASEReadCounter.table","NW_015090842.1:7245445",146,282,136
"HSBP1","s1015_F_GON_01_ASEReadCounter.table","NW_015090842.1:7245495",156,287,131
"HSBP1","s1015_F_GON_01_ASEReadCounter.table","NW_015090842.1:7245733",102,206,104
"HSBP1","s1015_F_GON_01_ASEReadCounter.table","NW_015090842.1:7245771",131,235,104
"HSBP1","s1015_F_GON_01_ASEReadCounter.table","NW_015090842.1:7245813",143,255,112
"HSBP1","s1015_F_GON_01_ASEReadCounter.table","NW_015090842.1:7245926",185,307,122
"HSBP1","s1015_F_GON_01_ASEReadCounter.table","NW_015090842.1:7245927",184,307,123
"HSBP1","s1015_F_GON_01_ASEReadCounter.table","NW_015090842.1:7245933",181,298,117
"HSBP1","s1015_F_GON_01_ASEReadCounter.table","NW_015090842.1:7246002",110,213,103
"HSBP1","s1015_F_GON_01_ASEReadCounter.table","NW_015090842.1:7246094",179,298,119
"HSBP1","s1015_F_GON_01_ASEReadCounter.table","NW_015090842.1:7246167",172,308,136
"HSBP1","s1015_F_GON_01_ASEReadCounter.table","NW_015090842.1:7246183",155,295,140
"HSBP1","s1015_F_GON_01_ASEReadCounter.table","NW_015090842.1:7247285",48,77,29
"HSBP1","s1015_F_GON_01_ASEReadCounter.table","NW_015090842.1:7247651",329,729,400
"HSBP1","s1015_F_GON_01_ASEReadCounter.table","NW_015090842.1:7247657",331,733,402
"HSBP1","s1015_F_GON_01_ASEReadCounter.table","NW_015090842.1:7248520",287,566,279
"HSBP1","s1015_F_GON_01_ASEReadCounter.table","NW_015090842.1:7248535",254,488,234
"KCNG4","s1015_F_GON_01_ASEReadCounter.table","NW_015090842.1:7282481",17,51,34
"KCNG4","s1015_F_GON_01_ASEReadCounter.table","NW_015090842.1:7282500",14,44,30
"KCNG4","s1015_F_GON_01_ASEReadCounter.table","NW_015090842.1:7282542",12,43,31
"KCNG4","s1015_F_GON_01_ASEReadCounter.table","NW_015090842.1:7282579",11,49,38
"KCNG4","s1015_F_GON_01_ASEReadCounter.table","NW_015090842.1:7282630",8,40,32
"KCNG4","s1015_F_GON_01_ASEReadCounter.table","NW_015090842.1:7283056",18,48,30
"KCNG4","s1015_F_GON_01_ASEReadCounter.table","NW_015090842.1:7283245",25,56,31
"KCNG4","s1015_F_GON_01_ASEReadCounter.table","NW_015090842.1:7301195",15,49,34
"KCNG4","s1015_F_GON_01_ASEReadCounter.table","NW_015090842.1:7301227",12,45,33
"KCNG4","s1015_F_GON_01_ASEReadCounter.table","NW_015090842.1:7301240",16,47,31
"KCNG4","s1015_F_GON_01_ASEReadCounter.table","NW_015090842.1:7301413",12,49,37
"WFDC1","s1015_F_GON_01_ASEReadCounter.table","NW_015090842.1:7366517",3,4,1
"WFDC1","s1015_F_GON_01_ASEReadCounter.table","NW_015090842.1:7373367",2,4,2
"WFDC1","s1015_F_GON_01_ASEReadCounter.table","NW_015090842.1:7375828",6,16,10
"WFDC1","s1015_F_GON_01_ASEReadCounter.table","NW_015090842.1:7378036",1,4,3
"WFDC1","s1015_F_GON_01_ASEReadCounter.table","NW_015090842.1:7379125",7,16,9
"WFDC1","s1015_F_GON_01_ASEReadCounter.table","NW_015090842.1:7379451",5,15,10
"WFDC1","s1015_F_GON_01_ASEReadCounter.table","NW_015090842.1:7379471",6,15,9
"WFDC1","s1015_F_GON_01_ASEReadCounter.table","NW_015090842.1:7379576",1,5,4
"WFDC1","s1015_F_GON_01_ASEReadCounter.table","NW_015090842.1:7379596",1,5,4
"WFDC1","s1015_F_GON_01_ASEReadCounter.table","NW_015090842.1:7379605",1,6,5
"WFDC1","s1015_F_GON_01_ASEReadCounter.table","NW_015090842.1:7379626",1,6,5
"WFDC1","s1015_F_GON_01_ASEReadCounter.table","NW_015090842.1:7379631",1,5,4
"WFDC1","s1015_F_GON_01_ASEReadCounter.table","NW_015090842.1:7379632",1,6,5
"WFDC1","s1015_F_GON_01_ASEReadCounter.table","NW_015090842.1:7379652",3,8,5
"WFDC1","s1015_F_GON_01_ASEReadCounter.table","NW_015090842.1:7379669",3,6,3
"WFDC1","s1015_F_GON_01_ASEReadCounter.table","NW_015090842.1:7379674",3,7,4
"WFDC1","s1015_F_GON_01_ASEReadCounter.table","NW_015090842.1:7379719",2,7,5
"WFDC1","s1015_F_GON_01_ASEReadCounter.table","NW_015090842.1:7379735",0,5,5
"WFDC1","s1015_F_GON_01_ASEReadCounter.table","NW_015090842.1:7379739",0,5,5
"WFDC1","s1015_F_GON_01_ASEReadCounter.table","NW_015090842.1:7379821",0,2,2
"WFDC1","s1015_F_GON_01_ASEReadCounter.table","NW_015090842.1:7379840",0,3,3
"WFDC1","s1015_F_GON_01_ASEReadCounter.table","NW_015090842.1:7379933",4,11,7
"WFDC1","s1015_F_GON_01_ASEReadCounter.table","NW_015090842.1:7379935",4,11,7
"WFDC1","s1015_F_GON_01_ASEReadCounter.table","NW_015090842.1:7379983",4,9,5
"WFDC1","s1015_F_GON_01_ASEReadCounter.table","NW_015090842.1:7380060",3,5,2
"WFDC1","s1015_F_GON_01_ASEReadCounter.table","NW_015090842.1:7380136",0,1,1
"WFDC1","s1015_F_GON_01_ASEReadCounter.table","NW_015090842.1:7380150",0,2,2
"WFDC1","s1015_F_GON_01_ASEReadCounter.table","NW_015090842.1:7380164",1,3,2
"WFDC1","s1015_F_GON_01_ASEReadCounter.table","NW_015090842.1:7380237",2,7,5
"WFDC1","s1015_F_GON_01_ASEReadCounter.table","NW_015090842.1:7380261",1,4,3
"WFDC1","s1015_F_GON_01_ASEReadCounter.table","NW_015090842.1:7380322",3,9,6
"WFDC1","s1015_F_GON_01_ASEReadCounter.table","NW_015090842.1:7380491",4,10,6
"WFDC1","s1015_F_GON_01_ASEReadCounter.table","NW_015090842.1:7380567",3,12,9
"WFDC1","s1015_F_GON_01_ASEReadCounter.table","NW_015090842.1:7380672",3,10,7
"WFDC1","s1015_F_GON_01_ASEReadCounter.table","NW_015090842.1:7380721",1,7,6
"WFDC1","s1015_F_GON_01_ASEReadCounter.table","NW_015090842.1:7380743",1,5,4
"WFDC1","s1015_F_GON_01_ASEReadCounter.table","NW_015090842.1:7380852",1,7,6
"WFDC1","s1015_F_GON_01_ASEReadCounter.table","NW_015090842.1:7380878",2,7,5
"WFDC1","s1015_F_GON_01_ASEReadCounter.table","NW_015090842.1:7381081",3,11,8
"WFDC1","s1015_F_GON_01_ASEReadCounter.table","NW_015090842.1:7381127",3,8,5
"WFDC1","s1015_F_GON_01_ASEReadCounter.table","NW_015090842.1:7381195",1,4,3
"WFDC1","s1015_F_GON_01_ASEReadCounter.table","NW_015090842.1:7381253",1,4,3
"WFDC1","s1015_F_GON_01_ASEReadCounter.table","NW_015090842.1:7381378",5,15,10
"WFDC1","s1015_F_GON_01_ASEReadCounter.table","NW_015090842.1:7381433",3,14,11
"WFDC1","s1015_F_GON_01_ASEReadCounter.table","NW_015090842.1:7381434",3,14,11
"WFDC1","s1015_F_GON_01_ASEReadCounter.table","NW_015090842.1:7381442",5,17,12
"WFDC1","s1015_F_GON_01_ASEReadCounter.table","NW_015090842.1:7381517",4,7,3
"WFDC1","s1015_F_GON_01_ASEReadCounter.table","NW_015090842.1:7381520",3,6,3
"WFDC1","s1015_F_GON_01_ASEReadCounter.table","NW_015090842.1:7381677",2,5,3
"WFDC1","s1015_F_GON_01_ASEReadCounter.table","NW_015090842.1:7381709",2,3,1
"ATP2C2","s1015_F_GON_01_ASEReadCounter.table","NW_015090842.1:7386804",0,2,2
"ATP2C2","s1015_F_GON_01_ASEReadCounter.table","NW_015090842.1:7386836",0,2,2
"ATP2C2","s1015_F_GON_01_ASEReadCounter.table","NW_015090842.1:7392613",2,3,1
"ATP2C2","s1015_F_GON_01_ASEReadCounter.table","NW_015090842.1:7395230",0,1,1
"ATP2C2","s1015_F_GON_01_ASEReadCounter.table","NW_015090842.1:7395366",0,4,4
"ATP2C2","s1015_F_GON_01_ASEReadCounter.table","NW_015090842.1:7396756",0,3,3
"ATP2C2","s1015_F_GON_01_ASEReadCounter.table","NW_015090842.1:7397049",0,3,3
"ATP2C2","s1015_F_GON_01_ASEReadCounter.table","NW_015090842.1:7398395",0,4,4
"ATP2C2","s1015_F_GON_01_ASEReadCounter.table","NW_015090842.1:7399774",0,2,2
"ATP2C2","s1015_F_GON_01_ASEReadCounter.table","NW_015090842.1:7402554",1,5,4
"ATP2C2","s1015_F_GON_01_ASEReadCounter.table","NW_015090842.1:7402578",1,5,4
"ATP2C2","s1015_F_GON_01_ASEReadCounter.table","NW_015090842.1:7405621",3,7,4
"ATP2C2","s1015_F_GON_01_ASEReadCounter.table","NW_015090842.1:7413855",7,8,1
"ATP2C2","s1015_F_GON_01_ASEReadCounter.table","NW_015090842.1:7413869",4,6,2
"ATP2C2","s1015_F_GON_01_ASEReadCounter.table","NW_015090842.1:7413875",4,6,2
"TLDC1","s1015_F_GON_01_ASEReadCounter.table","NW_015090842.1:7421137",25,51,26
"TLDC1","s1015_F_GON_01_ASEReadCounter.table","NW_015090842.1:7421155",21,48,27
"TLDC1","s1015_F_GON_01_ASEReadCounter.table","NW_015090842.1:7421218",12,31,19
"TLDC1","s1015_F_GON_01_ASEReadCounter.table","NW_015090842.1:7421399",24,44,20
"TLDC1","s1015_F_GON_01_ASEReadCounter.table","NW_015090842.1:7421402",23,42,19
"TLDC1","s1015_F_GON_01_ASEReadCounter.table","NW_015090842.1:7421528",28,48,20
"TLDC1","s1015_F_GON_01_ASEReadCounter.table","NW_015090842.1:7421532",28,48,20
"TLDC1","s1015_F_GON_01_ASEReadCounter.table","NW_015090842.1:7421621",22,40,18
"TLDC1","s1015_F_GON_01_ASEReadCounter.table","NW_015090842.1:7421647",28,42,14
"TLDC1","s1015_F_GON_01_ASEReadCounter.table","NW_015090842.1:7421657",19,34,15
"TLDC1","s1015_F_GON_01_ASEReadCounter.table","NW_015090842.1:7421693",26,36,10
"TLDC1","s1015_F_GON_01_ASEReadCounter.table","NW_015090842.1:7421796",26,40,14
"TLDC1","s1015_F_GON_01_ASEReadCounter.table","NW_015090842.1:7421810",30,43,13
"TLDC1","s1015_F_GON_01_ASEReadCounter.table","NW_015090842.1:7421833",35,51,16
"TLDC1","s1015_F_GON_01_ASEReadCounter.table","NW_015090842.1:7421879",38,58,20
"TLDC1","s1015_F_GON_01_ASEReadCounter.table","NW_015090842.1:7421914",39,68,29
"TLDC1","s1015_F_GON_01_ASEReadCounter.table","NW_015090842.1:7421969",21,38,17
"TLDC1","s1015_F_GON_01_ASEReadCounter.table","NW_015090842.1:7422015",14,29,15
"TLDC1","s1015_F_GON_01_ASEReadCounter.table","NW_015090842.1:7422042",35,53,18
"TLDC1","s1015_F_GON_01_ASEReadCounter.table","NW_015090842.1:7422230",31,57,26
"TLDC1","s1015_F_GON_01_ASEReadCounter.table","NW_015090842.1:7423349",40,62,22
"TLDC1","s1015_F_GON_01_ASEReadCounter.table","NW_015090842.1:7423362",38,57,19
"TLDC1","s1015_F_GON_01_ASEReadCounter.table","NW_015090842.1:7426091",31,45,14
"TLDC1","s1015_F_GON_01_ASEReadCounter.table","NW_015090842.1:7426485",33,58,25
"TLDC1","s1015_F_GON_01_ASEReadCounter.table","NW_015090842.1:7427211",39,68,29
"TLDC1","s1015_F_GON_01_ASEReadCounter.table","NW_015090842.1:7428179",20,42,22
"COTL1","s1015_F_GON_01_ASEReadCounter.table","NW_015090842.1:7490744",10,21,11
"COTL1","s1015_F_GON_01_ASEReadCounter.table","NW_015090842.1:7491051",10,21,11
"COTL1","s1015_F_GON_01_ASEReadCounter.table","NW_015090842.1:7491124",5,12,7
"COTL1","s1015_F_GON_01_ASEReadCounter.table","NW_015090842.1:7491418",10,16,6
"COTL1","s1015_F_GON_01_ASEReadCounter.table","NW_015090842.1:7491539",2,20,18
"COTL1","s1015_F_GON_01_ASEReadCounter.table","NW_015090842.1:7491585",12,22,10
"COTL1","s1015_F_GON_01_ASEReadCounter.table","NW_015090842.1:7491586",12,25,13
"COTL1","s1015_F_GON_01_ASEReadCounter.table","NW_015090842.1:7491646",17,33,16
"COTL1","s1015_F_GON_01_ASEReadCounter.table","NW_015090842.1:7491747",8,18,10
"COTL1","s1015_F_GON_01_ASEReadCounter.table","NW_015090842.1:7491803",8,26,18
"COTL1","s1015_F_GON_01_ASEReadCounter.table","NW_015090842.1:7507551",5,13,8
"COTL1","s1015_F_GON_01_ASEReadCounter.table","NW_015090842.1:7507563",4,12,8
"COTL1","s1015_F_GON_01_ASEReadCounter.table","NW_015090842.1:7510900",7,15,8
"COTL1","s1015_F_GON_01_ASEReadCounter.table","NW_015090842.1:7513196",5,9,4
"COTL1","s1015_F_GON_01_ASEReadCounter.table","NW_015090842.1:7513223",2,6,4
"COTL1","s1015_F_GON_01_ASEReadCounter.table","NW_015090842.1:7513239",1,6,5
"KLHL36","s1015_F_GON_01_ASEReadCounter.table","NW_015090842.1:7514700",9,14,5
"KLHL36","s1015_F_GON_01_ASEReadCounter.table","NW_015090842.1:7519691",2,2,0
"KLHL36","s1015_F_GON_01_ASEReadCounter.table","NW_015090842.1:7519696",2,2,0
"KLHL36","s1015_F_GON_01_ASEReadCounter.table","NW_015090842.1:7526160",6,11,5
"KLHL36","s1015_F_GON_01_ASEReadCounter.table","NW_015090842.1:7526469",4,10,6
"KLHL36","s1015_F_GON_01_ASEReadCounter.table","NW_015090842.1:7526587",14,17,3
"KLHL36","s1015_F_GON_01_ASEReadCounter.table","NW_015090842.1:7526997",10,16,6
"KLHL36","s1015_F_GON_01_ASEReadCounter.table","NW_015090842.1:7527142",11,22,11
"KLHL36","s1015_F_GON_01_ASEReadCounter.table","NW_015090842.1:7535174",7,21,14
"KLHL36","s1015_F_GON_01_ASEReadCounter.table","NW_015090842.1:7535384",7,15,8
"KLHL36","s1015_F_GON_01_ASEReadCounter.table","NW_015090842.1:7535420",7,15,8
"KLHL36","s1015_F_GON_01_ASEReadCounter.table","NW_015090842.1:7535545",3,11,8
"KLHL36","s1015_F_GON_01_ASEReadCounter.table","NW_015090842.1:7535829",6,17,11
"KLHL36","s1015_F_GON_01_ASEReadCounter.table","NW_015090842.1:7535977",6,16,10
"KLHL36","s1015_F_GON_01_ASEReadCounter.table","NW_015090842.1:7536010",9,15,6
"KLHL36","s1015_F_GON_01_ASEReadCounter.table","NW_015090842.1:7536051",7,13,6
"KLHL36","s1015_F_GON_01_ASEReadCounter.table","NW_015090842.1:7536096",7,13,6
"KLHL36","s1015_F_GON_01_ASEReadCounter.table","NW_015090842.1:7536135",11,16,5
"KLHL36","s1015_F_GON_01_ASEReadCounter.table","NW_015090842.1:7536136",11,16,5
"KLHL36","s1015_F_GON_01_ASEReadCounter.table","NW_015090842.1:7536160",10,15,5
"KLHL36","s1015_F_GON_01_ASEReadCounter.table","NW_015090842.1:7536336",5,10,5
"KLHL36","s1015_F_GON_01_ASEReadCounter.table","NW_015090842.1:7536352",3,6,3
"KLHL36","s1015_F_GON_01_ASEReadCounter.table","NW_015090842.1:7536412",1,5,4
"KLHL36","s1015_F_GON_01_ASEReadCounter.table","NW_015090842.1:7536418",1,6,5
"KLHL36","s1015_F_GON_01_ASEReadCounter.table","NW_015090842.1:7536465",9,18,9
"KLHL36","s1015_F_GON_01_ASEReadCounter.table","NW_015090842.1:7536466",9,18,9
"KLHL36","s1015_F_GON_01_ASEReadCounter.table","NW_015090842.1:7536553",3,8,5
"KLHL36","s1015_F_GON_01_ASEReadCounter.table","NW_015090842.1:7536698",6,16,10
"KLHL36","s1015_F_GON_01_ASEReadCounter.table","NW_015090842.1:7536713",3,13,10
"KLHL36","s1015_F_GON_01_ASEReadCounter.table","NW_015090842.1:7536720",6,13,7
"KLHL36","s1015_F_GON_01_ASEReadCounter.table","NW_015090842.1:7536791",4,12,8
"KLHL36","s1015_F_GON_01_ASEReadCounter.table","NW_015090842.1:7536849",5,12,7
"KLHL36","s1015_F_GON_01_ASEReadCounter.table","NW_015090842.1:7536872",7,13,6
"KLHL36","s1015_F_GON_01_ASEReadCounter.table","NW_015090842.1:7536878",6,11,5
"KLHL36","s1015_F_GON_01_ASEReadCounter.table","NW_015090842.1:7536916",5,12,7
"KLHL36","s1015_F_GON_01_ASEReadCounter.table","NW_015090842.1:7536927",7,19,12
"KLHL36","s1015_F_GON_01_ASEReadCounter.table","NW_015090842.1:7537315",17,29,12
"KLHL36","s1015_F_GON_01_ASEReadCounter.table","NW_015090842.1:7537352",13,22,9
"KLHL36","s1015_F_GON_01_ASEReadCounter.table","NW_015090842.1:7537631",9,14,5
"KLHL36","s1015_F_GON_01_ASEReadCounter.table","NW_015090842.1:7537830",7,12,5
"KLHL36","s1015_F_GON_01_ASEReadCounter.table","NW_015090842.1:7537838",9,13,4
"KLHL36","s1015_F_GON_01_ASEReadCounter.table","NW_015090842.1:7538153",5,7,2
"KLHL36","s1015_F_GON_01_ASEReadCounter.table","NW_015090842.1:7538256",5,7,2
"KLHL36","s1015_F_GON_01_ASEReadCounter.table","NW_015090842.1:7538265",5,7,2
"KLHL36","s1015_F_GON_01_ASEReadCounter.table","NW_015090842.1:7538300",5,6,1
"USP10","s1015_F_GON_01_ASEReadCounter.table","NW_015090842.1:7563972",18,28,10
"USP10","s1015_F_GON_01_ASEReadCounter.table","NW_015090842.1:7571816",44,88,44
"USP10","s1015_F_GON_01_ASEReadCounter.table","NW_015090842.1:7571993",43,61,18
"USP10","s1015_F_GON_01_ASEReadCounter.table","NW_015090842.1:7572580",41,73,32
"USP10","s1015_F_GON_01_ASEReadCounter.table","NW_015090842.1:7587372",50,100,50
"CRISPLD2","s1015_F_GON_01_ASEReadCounter.table","NW_015090842.1:7604605",1,1,0
"CRISPLD2","s1015_F_GON_01_ASEReadCounter.table","NW_015090842.1:7609844",6,6,0
"CRISPLD2","s1015_F_GON_01_ASEReadCounter.table","NW_015090842.1:7609845",6,6,0
"CRISPLD2","s1015_F_GON_01_ASEReadCounter.table","NW_015090842.1:7609883",6,6,0
"CRISPLD2","s1015_F_GON_01_ASEReadCounter.table","NW_015090842.1:7610084",8,8,0
"CRISPLD2","s1015_F_GON_01_ASEReadCounter.table","NW_015090842.1:7617757",6,6,0
"CRISPLD2","s1015_F_GON_01_ASEReadCounter.table","NW_015090842.1:7617781",5,5,0
"CRISPLD2","s1015_F_GON_01_ASEReadCounter.table","NW_015090842.1:7617790",5,5,0
"CRISPLD2","s1015_F_GON_01_ASEReadCounter.table","NW_015090842.1:7621452",7,9,2
"CRISPLD2","s1015_F_GON_01_ASEReadCounter.table","NW_015090842.1:7625451",12,12,0
"CRISPLD2","s1015_F_GON_01_ASEReadCounter.table","NW_015090842.1:7626214",4,4,0
"CRISPLD2","s1015_F_GON_01_ASEReadCounter.table","NW_015090842.1:7630784",6,6,0
"CRISPLD2","s1015_F_GON_01_ASEReadCounter.table","NW_015090842.1:7630823",8,8,0
"CRISPLD2","s1015_F_GON_01_ASEReadCounter.table","NW_015090842.1:7633172",12,12,0
"CRISPLD2","s1015_F_GON_01_ASEReadCounter.table","NW_015090842.1:7633326",10,10,0
"CRISPLD2","s1015_F_GON_01_ASEReadCounter.table","NW_015090842.1:7633336",13,13,0
"CRISPLD2","s1015_F_GON_01_ASEReadCounter.table","NW_015090842.1:7633381",17,17,0
"CRISPLD2","s1015_F_GON_01_ASEReadCounter.table","NW_015090842.1:7633388",15,15,0
"CRISPLD2","s1015_F_GON_01_ASEReadCounter.table","NW_015090842.1:7633400",17,17,0
"CRISPLD2","s1015_F_GON_01_ASEReadCounter.table","NW_015090842.1:7633486",16,17,1
"CRISPLD2","s1015_F_GON_01_ASEReadCounter.table","NW_015090842.1:7633503",10,11,1
"CRISPLD2","s1015_F_GON_01_ASEReadCounter.table","NW_015090842.1:7633504",10,11,1
"CRISPLD2","s1015_F_GON_01_ASEReadCounter.table","NW_015090842.1:7633557",5,5,0
"CRISPLD2","s1015_F_GON_01_ASEReadCounter.table","NW_015090842.1:7633571",9,9,0
"CRISPLD2","s1015_F_GON_01_ASEReadCounter.table","NW_015090842.1:7633588",13,13,0
"CRISPLD2","s1015_F_GON_01_ASEReadCounter.table","NW_015090842.1:7633617",11,12,1
"CRISPLD2","s1015_F_GON_01_ASEReadCounter.table","NW_015090842.1:7633695",7,9,2
"CRISPLD2","s1015_F_GON_01_ASEReadCounter.table","NW_015090842.1:7633721",11,12,1
"CRISPLD2","s1015_F_GON_01_ASEReadCounter.table","NW_015090842.1:7633888",1,1,0
"CRISPLD2","s1015_F_GON_01_ASEReadCounter.table","NW_015090842.1:7633910",3,4,1
"CRISPLD2","s1015_F_GON_01_ASEReadCounter.table","NW_015090842.1:7634142",14,15,1
"CRISPLD2","s1015_F_GON_01_ASEReadCounter.table","NW_015090842.1:7634417",12,13,1
"CRISPLD2","s1015_F_GON_01_ASEReadCounter.table","NW_015090842.1:7634825",7,8,1
"CRISPLD2","s1015_F_GON_01_ASEReadCounter.table","NW_015090842.1:7634852",6,6,0
"CRISPLD2","s1015_F_GON_01_ASEReadCounter.table","NW_015090842.1:7635009",7,8,1
"CRISPLD2","s1015_F_GON_01_ASEReadCounter.table","NW_015090842.1:7635208",18,18,0
"CRISPLD2","s1015_F_GON_01_ASEReadCounter.table","NW_015090842.1:7635373",17,18,1
"CRISPLD2","s1015_F_GON_01_ASEReadCounter.table","NW_015090842.1:7635525",14,15,1
"CRISPLD2","s1015_F_GON_01_ASEReadCounter.table","NW_015090842.1:7635583",8,9,1
"CRISPLD2","s1015_F_GON_01_ASEReadCounter.table","NW_015090842.1:7635924",8,10,2
"LOC106888312","s1015_F_GON_01_ASEReadCounter.table","NW_015090842.1:7713031",5,7,2
"LOC106888312","s1015_F_GON_01_ASEReadCounter.table","NW_015090842.1:7727001",3,5,2
"LOC106888312","s1015_F_GON_01_ASEReadCounter.table","NW_015090842.1:7727036",2,3,1
"LOC106888312","s1015_F_GON_01_ASEReadCounter.table","NW_015090842.1:7727072",0,1,1
"LOC106888312","s1015_F_GON_01_ASEReadCounter.table","NW_015090842.1:7727961",1,4,3
"LOC106888312","s1015_F_GON_01_ASEReadCounter.table","NW_015090842.1:7731961",2,3,1
"LOC106888312","s1015_F_GON_01_ASEReadCounter.table","NW_015090842.1:7732244",1,7,6
"LOC106888312","s1015_F_GON_01_ASEReadCounter.table","NW_015090842.1:7732443",1,5,4
"LOC106888312","s1015_F_GON_01_ASEReadCounter.table","NW_015090842.1:7732444",1,5,4
"LOC106888312","s1015_F_GON_01_ASEReadCounter.table","NW_015090842.1:7732538",0,2,2
"LOC106888312","s1015_F_GON_01_ASEReadCounter.table","NW_015090842.1:7732548",0,3,3
"LOC106888312","s1015_F_GON_01_ASEReadCounter.table","NW_015090842.1:7732576",0,2,2
"LOC106888312","s1015_F_GON_01_ASEReadCounter.table","NW_015090842.1:7732580",0,2,2
"LOC106888312","s1015_F_GON_01_ASEReadCounter.table","NW_015090842.1:7732629",0,2,2
"LOC106888312","s1015_F_GON_01_ASEReadCounter.table","NW_015090842.1:7732630",0,2,2
"LOC106888312","s1015_F_GON_01_ASEReadCounter.table","NW_015090842.1:7732637",0,1,1
"LOC106888312","s1015_F_GON_01_ASEReadCounter.table","NW_015090842.1:7732744",0,1,1
"LOC106888312","s1015_F_GON_01_ASEReadCounter.table","NW_015090842.1:7732756",0,1,1
"LOC106888312","s1015_F_GON_01_ASEReadCounter.table","NW_015090842.1:7732757",0,1,1
"LOC106888312","s1015_F_GON_01_ASEReadCounter.table","NW_015090842.1:7732782",0,1,1
"LOC106888312","s1015_F_GON_01_ASEReadCounter.table","NW_015090842.1:7732796",0,1,1
"LOC106888312","s1015_F_GON_01_ASEReadCounter.table","NW_015090842.1:7732860",0,1,1
"LOC106888312","s1015_F_GON_01_ASEReadCounter.table","NW_015090842.1:7732861",0,1,1
"LOC106888312","s1015_F_GON_01_ASEReadCounter.table","NW_015090842.1:7732918",0,1,1
"LOC106888312","s1015_F_GON_01_ASEReadCounter.table","NW_015090842.1:7733011",0,1,1
"LOC106888312","s1015_F_GON_01_ASEReadCounter.table","NW_015090842.1:7733046",0,1,1
"LOC106888312","s1015_F_GON_01_ASEReadCounter.table","NW_015090842.1:7733068",0,1,1
"LOC106888312","s1015_F_GON_01_ASEReadCounter.table","NW_015090842.1:7733196",2,3,1
"LOC106888312","s1015_F_GON_01_ASEReadCounter.table","NW_015090842.1:7733299",1,3,2
"LOC106888312","s1015_F_GON_01_ASEReadCounter.table","NW_015090842.1:7733470",0,2,2
"LOC106888312","s1015_F_GON_01_ASEReadCounter.table","NW_015090842.1:7733471",0,2,2
"LOC106888312","s1015_F_GON_01_ASEReadCounter.table","NW_015090842.1:7733472",0,2,2
"LOC106888312","s1015_F_GON_01_ASEReadCounter.table","NW_015090842.1:7733507",0,1,1
"LOC106888312","s1015_F_GON_01_ASEReadCounter.table","NW_015090842.1:7733508",0,1,1
"LOC106888312","s1015_F_GON_01_ASEReadCounter.table","NW_015090842.1:7733518",0,1,1
"LOC106888312","s1015_F_GON_01_ASEReadCounter.table","NW_015090842.1:7733609",1,4,3
"LOC106888312","s1015_F_GON_01_ASEReadCounter.table","NW_015090842.1:7733631",2,5,3
"LOC106888312","s1015_F_GON_01_ASEReadCounter.table","NW_015090842.1:7733674",1,5,4
"LOC106888312","s1015_F_GON_01_ASEReadCounter.table","NW_015090842.1:7733979",1,1,0
"LOC106888312","s1015_F_GON_01_ASEReadCounter.table","NW_015090842.1:7733981",1,1,0
"ZDHHC7","s1015_F_GON_01_ASEReadCounter.table","NW_015090842.1:7737199",19,34,15
"ZDHHC7","s1015_F_GON_01_ASEReadCounter.table","NW_015090842.1:7737332",19,38,19
"ZDHHC7","s1015_F_GON_01_ASEReadCounter.table","NW_015090842.1:7737553",24,50,26
"ZDHHC7","s1015_F_GON_01_ASEReadCounter.table","NW_015090842.1:7737920",29,48,19
"ZDHHC7","s1015_F_GON_01_ASEReadCounter.table","NW_015090842.1:7737953",22,42,20
"ZDHHC7","s1015_F_GON_01_ASEReadCounter.table","NW_015090842.1:7737987",20,38,18
"ZDHHC7","s1015_F_GON_01_ASEReadCounter.table","NW_015090842.1:7738068",16,30,14
"ZDHHC7","s1015_F_GON_01_ASEReadCounter.table","NW_015090842.1:7738204",17,32,15
"LOC106888097","s1015_F_GON_01_ASEReadCounter.table","NW_015090842.1:7767178",29,37,8
"LOC106888097","s1015_F_GON_01_ASEReadCounter.table","NW_015090842.1:7767187",28,36,8
"LOC106888097","s1015_F_GON_01_ASEReadCounter.table","NW_015090842.1:7768144",38,50,12
"LOC106888097","s1015_F_GON_01_ASEReadCounter.table","NW_015090842.1:7768196",39,52,13
"LOC106888097","s1015_F_GON_01_ASEReadCounter.table","NW_015090842.1:7769884",31,46,15
"LOC106888097","s1015_F_GON_01_ASEReadCounter.table","NW_015090842.1:7769893",26,40,14
"LOC106888097","s1015_F_GON_01_ASEReadCounter.table","NW_015090842.1:7770245",39,60,21
"LOC106888097","s1015_F_GON_01_ASEReadCounter.table","NW_015090842.1:7772402",45,57,12
"LOC106888097","s1015_F_GON_01_ASEReadCounter.table","NW_015090842.1:7772483",30,48,18
"LOC106888097","s1015_F_GON_01_ASEReadCounter.table","NW_015090842.1:7772490",31,48,17
"LOC106888097","s1015_F_GON_01_ASEReadCounter.table","NW_015090842.1:7774281",30,45,15
"LOC106888097","s1015_F_GON_01_ASEReadCounter.table","NW_015090842.1:7774552",41,57,16
"LOC106888097","s1015_F_GON_01_ASEReadCounter.table","NW_015090842.1:7774564",36,50,14
"LOC106888097","s1015_F_GON_01_ASEReadCounter.table","NW_015090842.1:7774611",30,48,18
"LOC106888097","s1015_F_GON_01_ASEReadCounter.table","NW_015090842.1:7774681",40,51,11
"LOC106888097","s1015_F_GON_01_ASEReadCounter.table","NW_015090842.1:7774698",31,40,9
"LOC106888097","s1015_F_GON_01_ASEReadCounter.table","NW_015090842.1:7774730",13,17,4
"LOC106888097","s1015_F_GON_01_ASEReadCounter.table","NW_015090842.1:7774778",5,5,0
"LOC106888097","s1015_F_GON_01_ASEReadCounter.table","NW_015090842.1:7774793",5,6,1
"FOXL1","s1015_F_GON_01_ASEReadCounter.table","NW_015090842.1:8113043",0,2,2
"FOXC2","s1015_F_GON_01_ASEReadCounter.table","NW_015090842.1:8129715",0,3,3
"FOXC2","s1015_F_GON_01_ASEReadCounter.table","NW_015090842.1:8129719",0,2,2
"FOXC2","s1015_F_GON_01_ASEReadCounter.table","NW_015090842.1:8130244",0,1,1
"FOXC2","s1015_F_GON_01_ASEReadCounter.table","NW_015090842.1:8130472",2,2,0
"FOXC2","s1015_F_GON_01_ASEReadCounter.table","NW_015090842.1:8130547",1,1,0
"FOXC2","s1015_F_GON_01_ASEReadCounter.table","NW_015090842.1:8130550",1,1,0
"FOXC2","s1015_F_GON_01_ASEReadCounter.table","NW_015090842.1:8130573",1,1,0
"FOXC2","s1015_F_GON_01_ASEReadCounter.table","NW_015090842.1:8130575",1,1,0
"MTHFSD","s1015_F_GON_01_ASEReadCounter.table","NW_015090842.1:8140051",72,152,80
"MTHFSD","s1015_F_GON_01_ASEReadCounter.table","NW_015090842.1:8142923",143,274,131
"MTHFSD","s1015_F_GON_01_ASEReadCounter.table","NW_015090842.1:8143029",140,271,131
"MTHFSD","s1015_F_GON_01_ASEReadCounter.table","NW_015090842.1:8152035",78,180,102
"MTHFSD","s1015_F_GON_01_ASEReadCounter.table","NW_015090842.1:8152315",60,115,55
"MTHFSD","s1015_F_GON_01_ASEReadCounter.table","NW_015090842.1:8152511",37,92,55
"MTHFSD","s1015_F_GON_01_ASEReadCounter.table","NW_015090842.1:8152518",36,90,54
"MTHFSD","s1015_F_GON_01_ASEReadCounter.table","NW_015090842.1:8152553",34,85,51
"MTHFSD","s1015_F_GON_01_ASEReadCounter.table","NW_015090842.1:8152773",47,103,56
"MTHFSD","s1015_F_GON_01_ASEReadCounter.table","NW_015090842.1:8152805",39,92,53
"FOXF1","s1015_F_GON_01_ASEReadCounter.table","NW_015090842.1:8164789",0,1,1
"IRF8","s1015_F_GON_01_ASEReadCounter.table","NW_015090842.1:8406652",1,4,3
"IRF8","s1015_F_GON_01_ASEReadCounter.table","NW_015090842.1:8406703",2,6,4
"IRF8","s1015_F_GON_01_ASEReadCounter.table","NW_015090842.1:8406704",2,6,4
"IRF8","s1015_F_GON_01_ASEReadCounter.table","NW_015090842.1:8406757",4,8,4
"IRF8","s1015_F_GON_01_ASEReadCounter.table","NW_015090842.1:8406778",4,8,4
"IRF8","s1015_F_GON_01_ASEReadCounter.table","NW_015090842.1:8406819",4,5,1
"IRF8","s1015_F_GON_01_ASEReadCounter.table","NW_015090842.1:8406941",4,10,6
"IRF8","s1015_F_GON_01_ASEReadCounter.table","NW_015090842.1:8407008",3,5,2
"IRF8","s1015_F_GON_01_ASEReadCounter.table","NW_015090842.1:8407057",2,4,2
"IRF8","s1015_F_GON_01_ASEReadCounter.table","NW_015090842.1:8407064",3,5,2
"IRF8","s1015_F_GON_01_ASEReadCounter.table","NW_015090842.1:8407069",4,7,3
"IRF8","s1015_F_GON_01_ASEReadCounter.table","NW_015090842.1:8407120",7,10,3
"IRF8","s1015_F_GON_01_ASEReadCounter.table","NW_015090842.1:8407157",6,10,4
"IRF8","s1015_F_GON_01_ASEReadCounter.table","NW_015090842.1:8407203",4,8,4
"IRF8","s1015_F_GON_01_ASEReadCounter.table","NW_015090842.1:8407272",5,8,3
"IRF8","s1015_F_GON_01_ASEReadCounter.table","NW_015090842.1:8407276",6,9,3
"IRF8","s1015_F_GON_01_ASEReadCounter.table","NW_015090842.1:8407303",6,14,8
"IRF8","s1015_F_GON_01_ASEReadCounter.table","NW_015090842.1:8407451",6,11,5
"IRF8","s1015_F_GON_01_ASEReadCounter.table","NW_015090842.1:8407456",5,9,4
"IRF8","s1015_F_GON_01_ASEReadCounter.table","NW_015090842.1:8408564",5,8,3
"IRF8","s1015_F_GON_01_ASEReadCounter.table","NW_015090842.1:8408585",11,11,0
"IRF8","s1015_F_GON_01_ASEReadCounter.table","NW_015090842.1:8408973",3,5,2
"IRF8","s1015_F_GON_01_ASEReadCounter.table","NW_015090842.1:8409060",6,11,5
"IRF8","s1015_F_GON_01_ASEReadCounter.table","NW_015090842.1:8409065",6,11,5
"IRF8","s1015_F_GON_01_ASEReadCounter.table","NW_015090842.1:8409254",2,6,4
"IRF8","s1015_F_GON_01_ASEReadCounter.table","NW_015090842.1:8409255",2,6,4
"IRF8","s1015_F_GON_01_ASEReadCounter.table","NW_015090842.1:8409258",2,6,4
"IRF8","s1015_F_GON_01_ASEReadCounter.table","NW_015090842.1:8409312",3,6,3
"IRF8","s1015_F_GON_01_ASEReadCounter.table","NW_015090842.1:8410216",2,3,1
"IRF8","s1015_F_GON_01_ASEReadCounter.table","NW_015090842.1:8410237",2,3,1
"IRF8","s1015_F_GON_01_ASEReadCounter.table","NW_015090842.1:8410276",3,3,0
"IRF8","s1015_F_GON_01_ASEReadCounter.table","NW_015090842.1:8410813",4,8,4
"IRF8","s1015_F_GON_01_ASEReadCounter.table","NW_015090842.1:8410861",6,10,4
"IRF8","s1015_F_GON_01_ASEReadCounter.table","NW_015090842.1:8411940",10,14,4
"IRF8","s1015_F_GON_01_ASEReadCounter.table","NW_015090842.1:8412006",9,12,3
"IRF8","s1015_F_GON_01_ASEReadCounter.table","NW_015090842.1:8412042",9,14,5
"DUSP15","s1015_F_GON_01_ASEReadCounter.table","NW_015090842.1:8422832",2,2,0
"COX4I1","s1015_F_GON_01_ASEReadCounter.table","NW_015090842.1:8442258",1137,2276,1139
"COX4I1","s1015_F_GON_01_ASEReadCounter.table","NW_015090842.1:8442333",993,1967,974
"EMC8","s1015_F_GON_01_ASEReadCounter.table","NW_015090842.1:8444046",156,374,218
"EMC8","s1015_F_GON_01_ASEReadCounter.table","NW_015090842.1:8444064",144,316,172
"EMC8","s1015_F_GON_01_ASEReadCounter.table","NW_015090842.1:8452029",23,70,47
"EMC8","s1015_F_GON_01_ASEReadCounter.table","NW_015090842.1:8452116",31,75,44
"EMC8","s1015_F_GON_01_ASEReadCounter.table","NW_015090842.1:8452121",33,76,43
"EMC8","s1015_F_GON_01_ASEReadCounter.table","NW_015090842.1:8452222",27,50,23
"EMC8","s1015_F_GON_01_ASEReadCounter.table","NW_015090842.1:8452244",21,54,33
"EMC8","s1015_F_GON_01_ASEReadCounter.table","NW_015090842.1:8452477",11,30,19
"EMC8","s1015_F_GON_01_ASEReadCounter.table","NW_015090842.1:8452498",12,28,16
"EMC8","s1015_F_GON_01_ASEReadCounter.table","NW_015090842.1:8452535",9,24,15
"EMC8","s1015_F_GON_01_ASEReadCounter.table","NW_015090842.1:8452575",5,16,11
"EMC8","s1015_F_GON_01_ASEReadCounter.table","NW_015090842.1:8452600",6,17,11
"EMC8","s1015_F_GON_01_ASEReadCounter.table","NW_015090842.1:8452616",6,13,7
"EMC8","s1015_F_GON_01_ASEReadCounter.table","NW_015090842.1:8452630",7,10,3
"EMC8","s1015_F_GON_01_ASEReadCounter.table","NW_015090842.1:8452650",9,15,6
"EMC8","s1015_F_GON_01_ASEReadCounter.table","NW_015090842.1:8452678",14,33,19
"EMC8","s1015_F_GON_01_ASEReadCounter.table","NW_015090842.1:8452724",8,28,20
"EMC8","s1015_F_GON_01_ASEReadCounter.table","NW_015090842.1:8452731",8,29,21
"EMC8","s1015_F_GON_01_ASEReadCounter.table","NW_015090842.1:8452743",6,26,20
"EMC8","s1015_F_GON_01_ASEReadCounter.table","NW_015090842.1:8452750",4,24,20
"EMC8","s1015_F_GON_01_ASEReadCounter.table","NW_015090842.1:8452778",5,14,9
"EMC8","s1015_F_GON_01_ASEReadCounter.table","NW_015090842.1:8452783",5,17,12
"EMC8","s1015_F_GON_01_ASEReadCounter.table","NW_015090842.1:8452800",9,24,15
"EMC8","s1015_F_GON_01_ASEReadCounter.table","NW_015090842.1:8452804",8,21,13
"EMC8","s1015_F_GON_01_ASEReadCounter.table","NW_015090842.1:8452812",6,19,13
"EMC8","s1015_F_GON_01_ASEReadCounter.table","NW_015090842.1:8452858",10,26,16
"EMC8","s1015_F_GON_01_ASEReadCounter.table","NW_015090842.1:8452906",15,31,16
"EMC8","s1015_F_GON_01_ASEReadCounter.table","NW_015090842.1:8452913",15,35,20
"EMC8","s1015_F_GON_01_ASEReadCounter.table","NW_015090842.1:8453000",22,40,18
"EMC8","s1015_F_GON_01_ASEReadCounter.table","NW_015090842.1:8453007",23,44,21
"EMC8","s1015_F_GON_01_ASEReadCounter.table","NW_015090842.1:8453058",17,34,17
"EMC8","s1015_F_GON_01_ASEReadCounter.table","NW_015090842.1:8453106",18,35,17
"GINS2","s1015_F_GON_01_ASEReadCounter.table","NW_015090842.1:8466420",80,110,30
"GINS2","s1015_F_GON_01_ASEReadCounter.table","NW_015090842.1:8466424",87,119,32
"GINS2","s1015_F_GON_01_ASEReadCounter.table","NW_015090842.1:8466518",93,130,37
"GINS2","s1015_F_GON_01_ASEReadCounter.table","NW_015090842.1:8468482",228,299,71
"GINS2","s1015_F_GON_01_ASEReadCounter.table","NW_015090842.1:8470290",220,300,80
"GINS2","s1015_F_GON_01_ASEReadCounter.table","NW_015090842.1:8470305",183,241,58
"GINS2","s1015_F_GON_01_ASEReadCounter.table","NW_015090842.1:8470381",199,250,51
"GINS2","s1015_F_GON_01_ASEReadCounter.table","NW_015090842.1:8470418",176,236,60
"GINS2","s1015_F_GON_01_ASEReadCounter.table","NW_015090842.1:8470421",148,206,58
"GINS2","s1015_F_GON_01_ASEReadCounter.table","NW_015090842.1:8470430",125,181,56
"GINS2","s1015_F_GON_01_ASEReadCounter.table","NW_015090842.1:8470433",123,180,57
"GINS2","s1015_F_GON_01_ASEReadCounter.table","NW_015090842.1:8470457",75,124,49
"GINS2","s1015_F_GON_01_ASEReadCounter.table","NW_015090842.1:8470491",97,146,49
"GINS2","s1015_F_GON_01_ASEReadCounter.table","NW_015090842.1:8470548",136,188,52
"GINS2","s1015_F_GON_01_ASEReadCounter.table","NW_015090842.1:8470649",100,143,43
"GSE1","s1015_F_GON_01_ASEReadCounter.table","NW_015090842.1:8475362",5,8,3
"GSE1","s1015_F_GON_01_ASEReadCounter.table","NW_015090842.1:8475961",1,1,0
"GSE1","s1015_F_GON_01_ASEReadCounter.table","NW_015090842.1:8476027",3,3,0
"GSE1","s1015_F_GON_01_ASEReadCounter.table","NW_015090842.1:8476159",1,1,0
"GSE1","s1015_F_GON_01_ASEReadCounter.table","NW_015090842.1:8477442",0,3,3
"GSE1","s1015_F_GON_01_ASEReadCounter.table","NW_015090842.1:8477448",0,2,2
"GSE1","s1015_F_GON_01_ASEReadCounter.table","NW_015090842.1:8477662",0,5,5
"GSE1","s1015_F_GON_01_ASEReadCounter.table","NW_015090842.1:8477933",2,5,3
"GSE1","s1015_F_GON_01_ASEReadCounter.table","NW_015090842.1:8477945",3,6,3
"GSE1","s1015_F_GON_01_ASEReadCounter.table","NW_015090842.1:8483272",0,3,3
"GSE1","s1015_F_GON_01_ASEReadCounter.table","NW_015090842.1:8483367",0,1,1
"GSE1","s1015_F_GON_01_ASEReadCounter.table","NW_015090842.1:8483756",0,1,1
"GSE1","s1015_F_GON_01_ASEReadCounter.table","NW_015090842.1:8486867",5,7,2
"GSE1","s1015_F_GON_01_ASEReadCounter.table","NW_015090842.1:8486939",4,5,1
"GSE1","s1015_F_GON_01_ASEReadCounter.table","NW_015090842.1:8486945",2,3,1
"GSE1","s1015_F_GON_01_ASEReadCounter.table","NW_015090842.1:8486993",3,5,2
"GSE1","s1015_F_GON_01_ASEReadCounter.table","NW_015090842.1:8487062",3,8,5
"GSE1","s1015_F_GON_01_ASEReadCounter.table","NW_015090842.1:8488065",2,3,1
"GSE1","s1015_F_GON_01_ASEReadCounter.table","NW_015090842.1:8488457",3,4,1
"GSE1","s1015_F_GON_01_ASEReadCounter.table","NW_015090842.1:8488463",3,4,1
"GSE1","s1015_F_GON_01_ASEReadCounter.table","NW_015090842.1:8488490",4,4,0
"GSE1","s1015_F_GON_01_ASEReadCounter.table","NW_015090842.1:8488505",3,4,1
"GSE1","s1015_F_GON_01_ASEReadCounter.table","NW_015090842.1:8490180",2,4,2
"KIAA0513","s1015_F_GON_01_ASEReadCounter.table","NW_015090842.1:8668363",30,46,16
"KIAA0513","s1015_F_GON_01_ASEReadCounter.table","NW_015090842.1:8668387",30,43,13
"KIAA0513","s1015_F_GON_01_ASEReadCounter.table","NW_015090842.1:8668390",31,44,13
"KIAA0513","s1015_F_GON_01_ASEReadCounter.table","NW_015090842.1:8673107",32,59,27
"KIAA0513","s1015_F_GON_01_ASEReadCounter.table","NW_015090842.1:8673147",40,69,29
"KIAA0513","s1015_F_GON_01_ASEReadCounter.table","NW_015090842.1:8674661",32,51,19
"KIAA0513","s1015_F_GON_01_ASEReadCounter.table","NW_015090842.1:8674685",30,52,22
"KIAA0513","s1015_F_GON_01_ASEReadCounter.table","NW_015090842.1:8674730",26,52,26
"KIAA0513","s1015_F_GON_01_ASEReadCounter.table","NW_015090842.1:8675525",23,36,13
"KIAA0513","s1015_F_GON_01_ASEReadCounter.table","NW_015090842.1:8675561",23,34,11
"KIAA0513","s1015_F_GON_01_ASEReadCounter.table","NW_015090842.1:8678608",0,3,3
"KIAA0513","s1015_F_GON_01_ASEReadCounter.table","NW_015090842.1:8686455",0,3,3
"KIAA0513","s1015_F_GON_01_ASEReadCounter.table","NW_015090842.1:8686508",0,2,2
"KIAA0513","s1015_F_GON_01_ASEReadCounter.table","NW_015090842.1:8686521",0,2,2
"KIAA0513","s1015_F_GON_01_ASEReadCounter.table","NW_015090842.1:8693642",12,16,4
"KIAA0513","s1015_F_GON_01_ASEReadCounter.table","NW_015090842.1:8693712",15,19,4
"FBXO31","s1015_F_GON_01_ASEReadCounter.table","NW_015090842.1:8710240",224,558,334
"FBXO31","s1015_F_GON_01_ASEReadCounter.table","NW_015090842.1:8710372",210,514,304
"FBXO31","s1015_F_GON_01_ASEReadCounter.table","NW_015090842.1:8711239",281,666,385
"FBXO31","s1015_F_GON_01_ASEReadCounter.table","NW_015090842.1:8714565",351,795,444
"FBXO31","s1015_F_GON_01_ASEReadCounter.table","NW_015090842.1:8716001",269,593,324
"FBXO31","s1015_F_GON_01_ASEReadCounter.table","NW_015090842.1:8725050",8,14,6
"FBXO31","s1015_F_GON_01_ASEReadCounter.table","NW_015090842.1:8725057",11,17,6
"FBXO31","s1015_F_GON_01_ASEReadCounter.table","NW_015090842.1:8725162",9,15,6
"FBXO31","s1015_F_GON_01_ASEReadCounter.table","NW_015090842.1:8725163",9,15,6
"FBXO31","s1015_F_GON_01_ASEReadCounter.table","NW_015090842.1:8725170",8,12,4
"FBXO31","s1015_F_GON_01_ASEReadCounter.table","NW_015090842.1:8725187",6,10,4
"FBXO31","s1015_F_GON_01_ASEReadCounter.table","NW_015090842.1:8725188",6,10,4
"FBXO31","s1015_F_GON_01_ASEReadCounter.table","NW_015090842.1:8725190",6,10,4
"FBXO31","s1015_F_GON_01_ASEReadCounter.table","NW_015090842.1:8725370",5,6,1
"ZCCHC14","s1015_F_GON_01_ASEReadCounter.table","NW_015090842.1:8750174",54,71,17
"ZCCHC14","s1015_F_GON_01_ASEReadCounter.table","NW_015090842.1:8750189",60,72,12
"ZCCHC14","s1015_F_GON_01_ASEReadCounter.table","NW_015090842.1:8750365",39,76,37
"ZCCHC14","s1015_F_GON_01_ASEReadCounter.table","NW_015090842.1:8750433",38,65,27
"ZCCHC14","s1015_F_GON_01_ASEReadCounter.table","NW_015090842.1:8750449",46,81,35
"ZCCHC14","s1015_F_GON_01_ASEReadCounter.table","NW_015090842.1:8750456",43,78,35
"ZCCHC14","s1015_F_GON_01_ASEReadCounter.table","NW_015090842.1:8750497",54,93,39
"ZCCHC14","s1015_F_GON_01_ASEReadCounter.table","NW_015090842.1:8750547",45,84,39
"ZCCHC14","s1015_F_GON_01_ASEReadCounter.table","NW_015090842.1:8751100",15,25,10
"ZCCHC14","s1015_F_GON_01_ASEReadCounter.table","NW_015090842.1:8751374",28,49,21
"ZCCHC14","s1015_F_GON_01_ASEReadCounter.table","NW_015090842.1:8751403",28,56,28
"ZCCHC14","s1015_F_GON_01_ASEReadCounter.table","NW_015090842.1:8751517",8,29,21
"ZCCHC14","s1015_F_GON_01_ASEReadCounter.table","NW_015090842.1:8752060",28,40,12
"ZCCHC14","s1015_F_GON_01_ASEReadCounter.table","NW_015090842.1:8752172",34,63,29
"ZCCHC14","s1015_F_GON_01_ASEReadCounter.table","NW_015090842.1:8752183",36,65,29
"ZCCHC14","s1015_F_GON_01_ASEReadCounter.table","NW_015090842.1:8752198",37,65,28
"ZCCHC14","s1015_F_GON_01_ASEReadCounter.table","NW_015090842.1:8752248",39,67,28
"ZCCHC14","s1015_F_GON_01_ASEReadCounter.table","NW_015090842.1:8752326",29,56,27
"ZCCHC14","s1015_F_GON_01_ASEReadCounter.table","NW_015090842.1:8752393",22,53,31
"ZCCHC14","s1015_F_GON_01_ASEReadCounter.table","NW_015090842.1:8752914",20,46,26
"ZCCHC14","s1015_F_GON_01_ASEReadCounter.table","NW_015090842.1:8753528",21,34,13
"ZCCHC14","s1015_F_GON_01_ASEReadCounter.table","NW_015090842.1:8753892",34,50,16
"ZCCHC14","s1015_F_GON_01_ASEReadCounter.table","NW_015090842.1:8753910",32,45,13
"ZCCHC14","s1015_F_GON_01_ASEReadCounter.table","NW_015090842.1:8755096",23,34,11
"ZCCHC14","s1015_F_GON_01_ASEReadCounter.table","NW_015090842.1:8755327",22,30,8
"ZCCHC14","s1015_F_GON_01_ASEReadCounter.table","NW_015090842.1:8755723",23,35,12
"ZCCHC14","s1015_F_GON_01_ASEReadCounter.table","NW_015090842.1:8755739",22,35,13
"ZCCHC14","s1015_F_GON_01_ASEReadCounter.table","NW_015090842.1:8756149",19,32,13
"ZCCHC14","s1015_F_GON_01_ASEReadCounter.table","NW_015090842.1:8756347",17,33,16
"ZCCHC14","s1015_F_GON_01_ASEReadCounter.table","NW_015090842.1:8756361",15,29,14
"ZCCHC14","s1015_F_GON_01_ASEReadCounter.table","NW_015090842.1:8756388",12,26,14
"ZCCHC14","s1015_F_GON_01_ASEReadCounter.table","NW_015090842.1:8756389",13,27,14
"ZCCHC14","s1015_F_GON_01_ASEReadCounter.table","NW_015090842.1:8757160",28,54,26
"ZCCHC14","s1015_F_GON_01_ASEReadCounter.table","NW_015090842.1:8804511",20,34,14
"ZCCHC14","s1015_F_GON_01_ASEReadCounter.table","NW_015090842.1:8804979",7,15,8
"JPH3","s1015_F_GON_01_ASEReadCounter.table","NW_015090842.1:8872283",2,4,2
"JPH3","s1015_F_GON_01_ASEReadCounter.table","NW_015090842.1:8872294",1,3,2
"JPH3","s1015_F_GON_01_ASEReadCounter.table","NW_015090842.1:8872730",1,2,1
"JPH3","s1015_F_GON_01_ASEReadCounter.table","NW_015090842.1:8885260",0,1,1
"JPH3","s1015_F_GON_01_ASEReadCounter.table","NW_015090842.1:8885315",0,1,1
"JPH3","s1015_F_GON_01_ASEReadCounter.table","NW_015090842.1:8885328",0,1,1
"JPH3","s1015_F_GON_01_ASEReadCounter.table","NW_015090842.1:8885438",1,1,0
"JPH3","s1015_F_GON_01_ASEReadCounter.table","NW_015090842.1:8885525",0,2,2
"KLHDC4","s1015_F_GON_01_ASEReadCounter.table","NW_015090842.1:8890729",106,149,43
"KLHDC4","s1015_F_GON_01_ASEReadCounter.table","NW_015090842.1:8890749",122,166,44
"KLHDC4","s1015_F_GON_01_ASEReadCounter.table","NW_015090842.1:8890761",128,175,47
"KLHDC4","s1015_F_GON_01_ASEReadCounter.table","NW_015090842.1:8891123",238,298,60
"KLHDC4","s1015_F_GON_01_ASEReadCounter.table","NW_015090842.1:8893124",246,313,67
"KLHDC4","s1015_F_GON_01_ASEReadCounter.table","NW_015090842.1:8894542",205,272,67
"KLHDC4","s1015_F_GON_01_ASEReadCounter.table","NW_015090842.1:8896726",171,218,47
"KLHDC4","s1015_F_GON_01_ASEReadCounter.table","NW_015090842.1:8896767",159,209,50
"KLHDC4","s1015_F_GON_01_ASEReadCounter.table","NW_015090842.1:8904174",140,187,47
"KLHDC4","s1015_F_GON_01_ASEReadCounter.table","NW_015090842.1:8904231",147,182,35
"KLHDC4","s1015_F_GON_01_ASEReadCounter.table","NW_015090842.1:8905251",133,177,44
"KLHDC4","s1015_F_GON_01_ASEReadCounter.table","NW_015090842.1:8905263",138,187,49
"KLHDC4","s1015_F_GON_01_ASEReadCounter.table","NW_015090842.1:8919626",27,36,9
"SLC7A5","s1015_F_GON_01_ASEReadCounter.table","NW_015090842.1:8938782",47,93,46
"SLC7A5","s1015_F_GON_01_ASEReadCounter.table","NW_015090842.1:8938943",47,83,36
"SLC7A5","s1015_F_GON_01_ASEReadCounter.table","NW_015090842.1:8939611",38,59,21
"SLC7A5","s1015_F_GON_01_ASEReadCounter.table","NW_015090842.1:8939738",38,83,45
"SLC7A5","s1015_F_GON_01_ASEReadCounter.table","NW_015090842.1:8939739",38,82,44
"SLC7A5","s1015_F_GON_01_ASEReadCounter.table","NW_015090842.1:8939740",38,82,44
"SLC7A5","s1015_F_GON_01_ASEReadCounter.table","NW_015090842.1:8939795",59,89,30
"SLC7A5","s1015_F_GON_01_ASEReadCounter.table","NW_015090842.1:8939815",58,95,37
"SLC7A5","s1015_F_GON_01_ASEReadCounter.table","NW_015090842.1:8939816",58,95,37
"SLC7A5","s1015_F_GON_01_ASEReadCounter.table","NW_015090842.1:8939817",58,97,39
"SLC7A5","s1015_F_GON_01_ASEReadCounter.table","NW_015090842.1:8939845",56,94,38
"SLC7A5","s1015_F_GON_01_ASEReadCounter.table","NW_015090842.1:8939894",46,81,35
"SLC7A5","s1015_F_GON_01_ASEReadCounter.table","NW_015090842.1:8939895",47,80,33
"SLC7A5","s1015_F_GON_01_ASEReadCounter.table","NW_015090842.1:8939997",125,125,0
"SLC7A5","s1015_F_GON_01_ASEReadCounter.table","NW_015090842.1:8940172",50,97,47
"SLC7A5","s1015_F_GON_01_ASEReadCounter.table","NW_015090842.1:8940331",47,66,19
"SLC7A5","s1015_F_GON_01_ASEReadCounter.table","NW_015090842.1:8940696",40,69,29
"SLC7A5","s1015_F_GON_01_ASEReadCounter.table","NW_015090842.1:8940719",28,67,39
"SLC7A5","s1015_F_GON_01_ASEReadCounter.table","NW_015090842.1:8940737",31,69,38
"SLC7A5","s1015_F_GON_01_ASEReadCounter.table","NW_015090842.1:8940743",34,72,38
"SLC7A5","s1015_F_GON_01_ASEReadCounter.table","NW_015090842.1:8940766",39,78,39
"SLC7A5","s1015_F_GON_01_ASEReadCounter.table","NW_015090842.1:8940769",40,78,38
"SLC7A5","s1015_F_GON_01_ASEReadCounter.table","NW_015090842.1:8940861",38,72,34
"SLC7A5","s1015_F_GON_01_ASEReadCounter.table","NW_015090842.1:8941068",63,116,53
"SLC7A5","s1015_F_GON_01_ASEReadCounter.table","NW_015090842.1:8941467",59,113,54
"SLC7A5","s1015_F_GON_01_ASEReadCounter.table","NW_015090842.1:8941531",43,91,48
"SLC7A5","s1015_F_GON_01_ASEReadCounter.table","NW_015090842.1:8941588",46,95,49
"SLC7A5","s1015_F_GON_01_ASEReadCounter.table","NW_015090842.1:8941698",29,61,32
"SLC7A5","s1015_F_GON_01_ASEReadCounter.table","NW_015090842.1:8941717",32,66,34
"SLC7A5","s1015_F_GON_01_ASEReadCounter.table","NW_015090842.1:8941745",40,80,40
"SLC7A5","s1015_F_GON_01_ASEReadCounter.table","NW_015090842.1:8941781",47,98,51
"SLC7A5","s1015_F_GON_01_ASEReadCounter.table","NW_015090842.1:8941887",30,62,32
"SLC7A5","s1015_F_GON_01_ASEReadCounter.table","NW_015090842.1:8941968",17,48,31
"SLC7A5","s1015_F_GON_01_ASEReadCounter.table","NW_015090842.1:8942025",32,66,34
"SLC7A5","s1015_F_GON_01_ASEReadCounter.table","NW_015090842.1:8942069",47,82,35
"SLC7A5","s1015_F_GON_01_ASEReadCounter.table","NW_015090842.1:8942170",46,86,40
"SLC7A5","s1015_F_GON_01_ASEReadCounter.table","NW_015090842.1:8942241",58,96,38
"SLC7A5","s1015_F_GON_01_ASEReadCounter.table","NW_015090842.1:8942283",44,81,37
"SLC7A5","s1015_F_GON_01_ASEReadCounter.table","NW_015090842.1:8942717",43,93,50
"SLC7A5","s1015_F_GON_01_ASEReadCounter.table","NW_015090842.1:8942756",57,110,53
"SLC7A5","s1015_F_GON_01_ASEReadCounter.table","NW_015090842.1:8942766",53,109,56
"SLC7A5","s1015_F_GON_01_ASEReadCounter.table","NW_015090842.1:8943271",52,91,39
"SLC7A5","s1015_F_GON_01_ASEReadCounter.table","NW_015090842.1:8943524",43,87,44
"SLC7A5","s1015_F_GON_01_ASEReadCounter.table","NW_015090842.1:8943530",46,91,45
"SLC7A5","s1015_F_GON_01_ASEReadCounter.table","NW_015090842.1:8943602",51,93,42
"SLC7A5","s1015_F_GON_01_ASEReadCounter.table","NW_015090842.1:8943622",46,89,43
"SLC7A5","s1015_F_GON_01_ASEReadCounter.table","NW_015090842.1:8943661",48,88,40
"SLC7A5","s1015_F_GON_01_ASEReadCounter.table","NW_015090842.1:8943686",49,94,45
"SLC7A5","s1015_F_GON_01_ASEReadCounter.table","NW_015090842.1:8943788",49,82,33
"SLC7A5","s1015_F_GON_01_ASEReadCounter.table","NW_015090842.1:8943814",52,88,36
"SLC7A5","s1015_F_GON_01_ASEReadCounter.table","NW_015090842.1:8943876",55,89,34
"SLC7A5","s1015_F_GON_01_ASEReadCounter.table","NW_015090842.1:8943892",56,97,41
"SLC7A5","s1015_F_GON_01_ASEReadCounter.table","NW_015090842.1:8944097",56,96,40
"SLC7A5","s1015_F_GON_01_ASEReadCounter.table","NW_015090842.1:8944104",57,100,43
"SLC7A5","s1015_F_GON_01_ASEReadCounter.table","NW_015090842.1:8944293",27,57,30
"SLC7A5","s1015_F_GON_01_ASEReadCounter.table","NW_015090842.1:8944297",26,55,29
"SLC7A5","s1015_F_GON_01_ASEReadCounter.table","NW_015090842.1:8944397",35,59,24
"SLC7A5","s1015_F_GON_01_ASEReadCounter.table","NW_015090842.1:8944552",46,88,42
"SLC7A5","s1015_F_GON_01_ASEReadCounter.table","NW_015090842.1:8944629",51,100,49
"CA5A","s1015_F_GON_01_ASEReadCounter.table","NW_015090842.1:8989479",23,43,20
"CA5A","s1015_F_GON_01_ASEReadCounter.table","NW_015090842.1:8989562",29,63,34
"CA5A","s1015_F_GON_01_ASEReadCounter.table","NW_015090842.1:8989609",40,86,46
"CA5A","s1015_F_GON_01_ASEReadCounter.table","NW_015090842.1:8989693",40,94,54
"CA5A","s1015_F_GON_01_ASEReadCounter.table","NW_015090842.1:8989702",37,87,50
"CA5A","s1015_F_GON_01_ASEReadCounter.table","NW_015090842.1:8989746",37,95,58
"CA5A","s1015_F_GON_01_ASEReadCounter.table","NW_015090842.1:8989880",25,89,64
"CA5A","s1015_F_GON_01_ASEReadCounter.table","NW_015090842.1:8989885",26,91,65
"CA5A","s1015_F_GON_01_ASEReadCounter.table","NW_015090842.1:8989929",31,89,58
"CA5A","s1015_F_GON_01_ASEReadCounter.table","NW_015090842.1:8990002",37,80,43
"CA5A","s1015_F_GON_01_ASEReadCounter.table","NW_015090842.1:8990004",37,84,47
"CA5A","s1015_F_GON_01_ASEReadCounter.table","NW_015090842.1:8990005",38,84,46
"CA5A","s1015_F_GON_01_ASEReadCounter.table","NW_015090842.1:8990017",35,74,39
"CA5A","s1015_F_GON_01_ASEReadCounter.table","NW_015090842.1:8990043",29,66,37
"CA5A","s1015_F_GON_01_ASEReadCounter.table","NW_015090842.1:8990060",65,65,0
"CA5A","s1015_F_GON_01_ASEReadCounter.table","NW_015090842.1:8990080",22,64,42
"CA5A","s1015_F_GON_01_ASEReadCounter.table","NW_015090842.1:8990084",20,61,41
"CA5A","s1015_F_GON_01_ASEReadCounter.table","NW_015090842.1:8990090",24,66,42
"CA5A","s1015_F_GON_01_ASEReadCounter.table","NW_015090842.1:8990095",24,67,43
"CA5A","s1015_F_GON_01_ASEReadCounter.table","NW_015090842.1:8990111",23,67,44
"CA5A","s1015_F_GON_01_ASEReadCounter.table","NW_015090842.1:8990112",23,67,44
"CA5A","s1015_F_GON_01_ASEReadCounter.table","NW_015090842.1:8990115",26,68,42
"CA5A","s1015_F_GON_01_ASEReadCounter.table","NW_015090842.1:8990166",26,63,37
"CA5A","s1015_F_GON_01_ASEReadCounter.table","NW_015090842.1:8990169",30,71,41
"CA5A","s1015_F_GON_01_ASEReadCounter.table","NW_015090842.1:8990193",73,73,0
"CA5A","s1015_F_GON_01_ASEReadCounter.table","NW_015090842.1:8990222",29,67,38
"CA5A","s1015_F_GON_01_ASEReadCounter.table","NW_015090842.1:8990289",28,67,39
"CA5A","s1015_F_GON_01_ASEReadCounter.table","NW_015090842.1:8990314",29,70,41
"CA5A","s1015_F_GON_01_ASEReadCounter.table","NW_015090842.1:8990361",30,70,40
"CA5A","s1015_F_GON_01_ASEReadCounter.table","NW_015090842.1:8990368",32,70,38
"CA5A","s1015_F_GON_01_ASEReadCounter.table","NW_015090842.1:8990429",38,76,38
"CA5A","s1015_F_GON_01_ASEReadCounter.table","NW_015090842.1:8990466",30,69,39
"CA5A","s1015_F_GON_01_ASEReadCounter.table","NW_015090842.1:8990663",34,68,34
"CA5A","s1015_F_GON_01_ASEReadCounter.table","NW_015090842.1:8990797",26,51,25
"CA5A","s1015_F_GON_01_ASEReadCounter.table","NW_015090842.1:8990836",30,61,31
"CA5A","s1015_F_GON_01_ASEReadCounter.table","NW_015090842.1:8990842",30,65,35
"CA5A","s1015_F_GON_01_ASEReadCounter.table","NW_015090842.1:8990851",31,63,32
"CA5A","s1015_F_GON_01_ASEReadCounter.table","NW_015090842.1:8990918",24,62,38
"CA5A","s1015_F_GON_01_ASEReadCounter.table","NW_015090842.1:8990921",20,57,37
"CA5A","s1015_F_GON_01_ASEReadCounter.table","NW_015090842.1:8990942",33,71,38
"CA5A","s1015_F_GON_01_ASEReadCounter.table","NW_015090842.1:8991001",42,94,52
"CA5A","s1015_F_GON_01_ASEReadCounter.table","NW_015090842.1:8991038",32,79,47
"CA5A","s1015_F_GON_01_ASEReadCounter.table","NW_015090842.1:8991149",32,75,43
"CA5A","s1015_F_GON_01_ASEReadCounter.table","NW_015090842.1:8991176",36,76,40
"CA5A","s1015_F_GON_01_ASEReadCounter.table","NW_015090842.1:8991241",42,84,42
"CA5A","s1015_F_GON_01_ASEReadCounter.table","NW_015090842.1:8991262",40,74,34
"CA5A","s1015_F_GON_01_ASEReadCounter.table","NW_015090842.1:8991316",38,45,7
"CA5A","s1015_F_GON_01_ASEReadCounter.table","NW_015090842.1:8991319",34,42,8
"CA5A","s1015_F_GON_01_ASEReadCounter.table","NW_015090842.1:8991330",36,39,3
"CA5A","s1015_F_GON_01_ASEReadCounter.table","NW_015090842.1:8991334",31,38,7
"CA5A","s1015_F_GON_01_ASEReadCounter.table","NW_015090842.1:8991362",36,63,27
"CA5A","s1015_F_GON_01_ASEReadCounter.table","NW_015090842.1:8991368",35,64,29
"CA5A","s1015_F_GON_01_ASEReadCounter.table","NW_015090842.1:8991390",41,72,31
"CA5A","s1015_F_GON_01_ASEReadCounter.table","NW_015090842.1:8991395",39,70,31
"CA5A","s1015_F_GON_01_ASEReadCounter.table","NW_015090842.1:8991422",39,73,34
"CA5A","s1015_F_GON_01_ASEReadCounter.table","NW_015090842.1:8991467",35,62,27
"CA5A","s1015_F_GON_01_ASEReadCounter.table","NW_015090842.1:8991576",19,49,30
"CA5A","s1015_F_GON_01_ASEReadCounter.table","NW_015090842.1:8991587",24,57,33
"CA5A","s1015_F_GON_01_ASEReadCounter.table","NW_015090842.1:8991655",36,70,34
"CA5A","s1015_F_GON_01_ASEReadCounter.table","NW_015090842.1:8991717",34,63,29
"CA5A","s1015_F_GON_01_ASEReadCounter.table","NW_015090842.1:8991726",39,70,31
"CA5A","s1015_F_GON_01_ASEReadCounter.table","NW_015090842.1:8991799",29,61,32
"CA5A","s1015_F_GON_01_ASEReadCounter.table","NW_015090842.1:8991809",24,53,29
"CA5A","s1015_F_GON_01_ASEReadCounter.table","NW_015090842.1:8991848",17,51,34
"CA5A","s1015_F_GON_01_ASEReadCounter.table","NW_015090842.1:8991849",17,51,34
"CA5A","s1015_F_GON_01_ASEReadCounter.table","NW_015090842.1:8991927",26,62,36
"CA5A","s1015_F_GON_01_ASEReadCounter.table","NW_015090842.1:8991941",25,58,33
"CA5A","s1015_F_GON_01_ASEReadCounter.table","NW_015090842.1:8992121",31,66,35
"CA5A","s1015_F_GON_01_ASEReadCounter.table","NW_015090842.1:8992224",35,66,31
"CA5A","s1015_F_GON_01_ASEReadCounter.table","NW_015090842.1:9002570",40,76,36
"CA5A","s1015_F_GON_01_ASEReadCounter.table","NW_015090842.1:9002600",34,68,34
"CA5A","s1015_F_GON_01_ASEReadCounter.table","NW_015090842.1:9004312",15,34,19
"CA5A","s1015_F_GON_01_ASEReadCounter.table","NW_015090842.1:9004506",12,20,8
"CA5A","s1015_F_GON_01_ASEReadCounter.table","NW_015090842.1:9004523",20,27,7
"CA5A","s1015_F_GON_01_ASEReadCounter.table","NW_015090842.1:9004530",20,31,11
"CA5A","s1015_F_GON_01_ASEReadCounter.table","NW_015090842.1:9004556",31,48,17
"CA5A","s1015_F_GON_01_ASEReadCounter.table","NW_015090842.1:9005116",64,105,41
"CA5A","s1015_F_GON_01_ASEReadCounter.table","NW_015090842.1:9005120",65,104,39
"CA5A","s1015_F_GON_01_ASEReadCounter.table","NW_015090842.1:9005140",64,112,48
"CA5A","s1015_F_GON_01_ASEReadCounter.table","NW_015090842.1:9005152",65,112,47
"CA5A","s1015_F_GON_01_ASEReadCounter.table","NW_015090842.1:9011011",0,1,1
"CA5A","s1015_F_GON_01_ASEReadCounter.table","NW_015090842.1:9011189",1,2,1
"CA5A","s1015_F_GON_01_ASEReadCounter.table","NW_015090842.1:9011194",1,2,1
"BANP","s1015_F_GON_01_ASEReadCounter.table","NW_015090842.1:9033407",13,25,12
"BANP","s1015_F_GON_01_ASEReadCounter.table","NW_015090842.1:9033409",13,23,10
"BANP","s1015_F_GON_01_ASEReadCounter.table","NW_015090842.1:9033420",12,24,12
"BANP","s1015_F_GON_01_ASEReadCounter.table","NW_015090842.1:9067974",0,17,17
"BANP","s1015_F_GON_01_ASEReadCounter.table","NW_015090842.1:9102510",19,38,19
"BANP","s1015_F_GON_01_ASEReadCounter.table","NW_015090842.1:9168534",22,43,21
"BANP","s1015_F_GON_01_ASEReadCounter.table","NW_015090842.1:9168818",7,18,11
"ZNF469","s1015_F_GON_01_ASEReadCounter.table","NW_015090842.1:9424301",3,6,3
"ZNF469","s1015_F_GON_01_ASEReadCounter.table","NW_015090842.1:9424333",2,3,1
"ZNF469","s1015_F_GON_01_ASEReadCounter.table","NW_015090842.1:9425089",3,6,3
"ZNF469","s1015_F_GON_01_ASEReadCounter.table","NW_015090842.1:9425108",4,6,2
"ZNF469","s1015_F_GON_01_ASEReadCounter.table","NW_015090842.1:9425182",4,6,2
"ZNF469","s1015_F_GON_01_ASEReadCounter.table","NW_015090842.1:9426367",2,7,5
"ZNF469","s1015_F_GON_01_ASEReadCounter.table","NW_015090842.1:9426420",1,4,3
"ZNF469","s1015_F_GON_01_ASEReadCounter.table","NW_015090842.1:9426585",0,5,5
"ZNF469","s1015_F_GON_01_ASEReadCounter.table","NW_015090842.1:9427067",2,4,2
"ZNF469","s1015_F_GON_01_ASEReadCounter.table","NW_015090842.1:9427614",2,4,2
"ZNF469","s1015_F_GON_01_ASEReadCounter.table","NW_015090842.1:9428122",3,5,2
"ZNF469","s1015_F_GON_01_ASEReadCounter.table","NW_015090842.1:9428178",3,5,2
"ZNF469","s1015_F_GON_01_ASEReadCounter.table","NW_015090842.1:9428419",4,6,2
"ZNF469","s1015_F_GON_01_ASEReadCounter.table","NW_015090842.1:9429633",2,7,5
"ZNF469","s1015_F_GON_01_ASEReadCounter.table","NW_015090842.1:9429758",0,4,4
"ZNF469","s1015_F_GON_01_ASEReadCounter.table","NW_015090842.1:9429759",0,5,5
"ZNF469","s1015_F_GON_01_ASEReadCounter.table","NW_015090842.1:9429794",0,4,4
"ZNF469","s1015_F_GON_01_ASEReadCounter.table","NW_015090842.1:9430560",2,9,7
"ZNF469","s1015_F_GON_01_ASEReadCounter.table","NW_015090842.1:9430668",5,8,3
"ZNF469","s1015_F_GON_01_ASEReadCounter.table","NW_015090842.1:9430700",4,8,4
"ZNF469","s1015_F_GON_01_ASEReadCounter.table","NW_015090842.1:9431031",0,3,3
"ZNF469","s1015_F_GON_01_ASEReadCounter.table","NW_015090842.1:9431073",1,3,2
"ZNF469","s1015_F_GON_01_ASEReadCounter.table","NW_015090842.1:9431091",1,5,4
"ZNF469","s1015_F_GON_01_ASEReadCounter.table","NW_015090842.1:9431150",3,9,6
"ZNF469","s1015_F_GON_01_ASEReadCounter.table","NW_015090842.1:9431162",2,8,6
"ZNF469","s1015_F_GON_01_ASEReadCounter.table","NW_015090842.1:9431214",2,5,3
"ZNF469","s1015_F_GON_01_ASEReadCounter.table","NW_015090842.1:9431317",0,3,3
"ZNF469","s1015_F_GON_01_ASEReadCounter.table","NW_015090842.1:9431325",0,3,3
"ZNF469","s1015_F_GON_01_ASEReadCounter.table","NW_015090842.1:9431700",2,6,4
"ZNF469","s1015_F_GON_01_ASEReadCounter.table","NW_015090842.1:9431901",0,7,7
"ZNF469","s1015_F_GON_01_ASEReadCounter.table","NW_015090842.1:9432110",1,8,7
"ZNF469","s1015_F_GON_01_ASEReadCounter.table","NW_015090842.1:9432302",2,9,7
"ZNF469","s1015_F_GON_01_ASEReadCounter.table","NW_015090842.1:9432361",3,6,3
"ZNF469","s1015_F_GON_01_ASEReadCounter.table","NW_015090842.1:9432374",3,7,4
"ZNF469","s1015_F_GON_01_ASEReadCounter.table","NW_015090842.1:9432382",3,6,3
"ZNF469","s1015_F_GON_01_ASEReadCounter.table","NW_015090842.1:9432481",4,6,2
"ZNF469","s1015_F_GON_01_ASEReadCounter.table","NW_015090842.1:9432498",2,4,2
"ZNF469","s1015_F_GON_01_ASEReadCounter.table","NW_015090842.1:9433268",2,7,5
"ZNF469","s1015_F_GON_01_ASEReadCounter.table","NW_015090842.1:9433678",7,11,4
"ZNF469","s1015_F_GON_01_ASEReadCounter.table","NW_015090842.1:9433902",3,7,4
"ZNF469","s1015_F_GON_01_ASEReadCounter.table","NW_015090842.1:9433980",6,11,5
"ZNF469","s1015_F_GON_01_ASEReadCounter.table","NW_015090842.1:9434259",5,6,1
"ZNF469","s1015_F_GON_01_ASEReadCounter.table","NW_015090842.1:9435221",2,4,2
"ZFPM1","s1015_F_GON_01_ASEReadCounter.table","NW_015090842.1:9458862",23,78,55
"ZFPM1","s1015_F_GON_01_ASEReadCounter.table","NW_015090842.1:9458888",30,108,78
"ZFPM1","s1015_F_GON_01_ASEReadCounter.table","NW_015090842.1:9458904",35,114,79
"ZFPM1","s1015_F_GON_01_ASEReadCounter.table","NW_015090842.1:9458916",39,111,72
"ZFPM1","s1015_F_GON_01_ASEReadCounter.table","NW_015090842.1:9468568",42,122,80
"ZFPM1","s1015_F_GON_01_ASEReadCounter.table","NW_015090842.1:9468593",46,120,74
"ZFPM1","s1015_F_GON_01_ASEReadCounter.table","NW_015090842.1:9471561",30,98,68
"ZFPM1","s1015_F_GON_01_ASEReadCounter.table","NW_015090842.1:9472557",38,105,67
"ZFPM1","s1015_F_GON_01_ASEReadCounter.table","NW_015090842.1:9472565",36,101,65
"ZFPM1","s1015_F_GON_01_ASEReadCounter.table","NW_015090842.1:9472608",33,104,71
"ZFPM1","s1015_F_GON_01_ASEReadCounter.table","NW_015090842.1:9472627",30,86,56
"ZFPM1","s1015_F_GON_01_ASEReadCounter.table","NW_015090842.1:9472668",29,92,63
"ZFPM1","s1015_F_GON_01_ASEReadCounter.table","NW_015090842.1:9473655",35,130,95
"ZFPM1","s1015_F_GON_01_ASEReadCounter.table","NW_015090842.1:9475827",38,113,75
"ZFPM1","s1015_F_GON_01_ASEReadCounter.table","NW_015090842.1:9475842",43,124,81
"ZFPM1","s1015_F_GON_01_ASEReadCounter.table","NW_015090842.1:9476119",40,112,72
"ZFPM1","s1015_F_GON_01_ASEReadCounter.table","NW_015090842.1:9476161",36,104,68
"ZFPM1","s1015_F_GON_01_ASEReadCounter.table","NW_015090842.1:9476219",16,61,45
"ZFPM1","s1015_F_GON_01_ASEReadCounter.table","NW_015090842.1:9476233",19,78,59
"ZFPM1","s1015_F_GON_01_ASEReadCounter.table","NW_015090842.1:9476305",41,121,80
"ZFPM1","s1015_F_GON_01_ASEReadCounter.table","NW_015090842.1:9476395",23,87,64
"ZFPM1","s1015_F_GON_01_ASEReadCounter.table","NW_015090842.1:9476421",26,95,69
"ZFPM1","s1015_F_GON_01_ASEReadCounter.table","NW_015090842.1:9476539",41,117,76
"ZFPM1","s1015_F_GON_01_ASEReadCounter.table","NW_015090842.1:9476576",28,109,81
"ZFPM1","s1015_F_GON_01_ASEReadCounter.table","NW_015090842.1:9476599",99,99,0
"ZFPM1","s1015_F_GON_01_ASEReadCounter.table","NW_015090842.1:9476792",47,143,96
"ZFPM1","s1015_F_GON_01_ASEReadCounter.table","NW_015090842.1:9476803",46,140,94
"ZFPM1","s1015_F_GON_01_ASEReadCounter.table","NW_015090842.1:9477115",28,94,66
"ZFPM1","s1015_F_GON_01_ASEReadCounter.table","NW_015090842.1:9477299",0,95,95
"ZFPM1","s1015_F_GON_01_ASEReadCounter.table","NW_015090842.1:9477398",107,107,0
"ZFPM1","s1015_F_GON_01_ASEReadCounter.table","NW_015090842.1:9477422",31,80,49
"ZFPM1","s1015_F_GON_01_ASEReadCounter.table","NW_015090842.1:9477554",40,111,71
"ZFPM1","s1015_F_GON_01_ASEReadCounter.table","NW_015090842.1:9477575",107,107,0
"ZFPM1","s1015_F_GON_01_ASEReadCounter.table","NW_015090842.1:9477595",45,123,78
"ZFPM1","s1015_F_GON_01_ASEReadCounter.table","NW_015090842.1:9477611",48,129,81
"ZFPM1","s1015_F_GON_01_ASEReadCounter.table","NW_015090842.1:9477659",44,124,80
"ZFPM1","s1015_F_GON_01_ASEReadCounter.table","NW_015090842.1:9477737",37,103,66
"ZFPM1","s1015_F_GON_01_ASEReadCounter.table","NW_015090842.1:9477791",36,110,74
"ZFPM1","s1015_F_GON_01_ASEReadCounter.table","NW_015090842.1:9477844",26,97,71
"ZFPM1","s1015_F_GON_01_ASEReadCounter.table","NW_015090842.1:9477917",32,100,68
"ZFPM1","s1015_F_GON_01_ASEReadCounter.table","NW_015090842.1:9478295",46,109,63
"ZFPM1","s1015_F_GON_01_ASEReadCounter.table","NW_015090842.1:9478349",50,117,67
"ZFPM1","s1015_F_GON_01_ASEReadCounter.table","NW_015090842.1:9478524",28,76,48
"ZFPM1","s1015_F_GON_01_ASEReadCounter.table","NW_015090842.1:9478546",29,78,49
"ZFPM1","s1015_F_GON_01_ASEReadCounter.table","NW_015090842.1:9478573",28,75,47
"ZFPM1","s1015_F_GON_01_ASEReadCounter.table","NW_015090842.1:9478582",21,59,38
"ZFPM1","s1015_F_GON_01_ASEReadCounter.table","NW_015090842.1:9478684",12,27,15
"ZFPM1","s1015_F_GON_01_ASEReadCounter.table","NW_015090842.1:9478711",7,16,9
"ZFPM1","s1015_F_GON_01_ASEReadCounter.table","NW_015090842.1:9478761",8,19,11
"ZFPM1","s1015_F_GON_01_ASEReadCounter.table","NW_015090842.1:9478829",15,15,0
"CIDEC","s1015_F_GON_01_ASEReadCounter.table","NW_015090842.1:9480170",1,1,0
"CIDEC","s1015_F_GON_01_ASEReadCounter.table","NW_015090842.1:9480171",1,1,0
"CIDEC","s1015_F_GON_01_ASEReadCounter.table","NW_015090842.1:9480212",1,1,0
"CIDEC","s1015_F_GON_01_ASEReadCounter.table","NW_015090842.1:9480252",2,3,1
"CIDEC","s1015_F_GON_01_ASEReadCounter.table","NW_015090842.1:9480391",2,5,3
"CIDEC","s1015_F_GON_01_ASEReadCounter.table","NW_015090842.1:9480394",2,5,3
"CIDEC","s1015_F_GON_01_ASEReadCounter.table","NW_015090842.1:9480630",6,10,4
"CIDEC","s1015_F_GON_01_ASEReadCounter.table","NW_015090842.1:9480675",4,7,3
"CIDEC","s1015_F_GON_01_ASEReadCounter.table","NW_015090842.1:9480686",5,7,2
"CIDEC","s1015_F_GON_01_ASEReadCounter.table","NW_015090842.1:9480693",5,7,2
"CIDEC","s1015_F_GON_01_ASEReadCounter.table","NW_015090842.1:9480756",4,6,2
"CIDEC","s1015_F_GON_01_ASEReadCounter.table","NW_015090842.1:9481199",9,9,0
"CIDEC","s1015_F_GON_01_ASEReadCounter.table","NW_015090842.1:9481604",1,1,0
"ZC3H18","s1015_F_GON_01_ASEReadCounter.table","NW_015090842.1:9494271",34,85,51
"ZC3H18","s1015_F_GON_01_ASEReadCounter.table","NW_015090842.1:9501427",71,194,123
"ZC3H18","s1015_F_GON_01_ASEReadCounter.table","NW_015090842.1:9501442",64,185,121
"ZC3H18","s1015_F_GON_01_ASEReadCounter.table","NW_015090842.1:9505538",66,185,119
"ZC3H18","s1015_F_GON_01_ASEReadCounter.table","NW_015090842.1:9506778",84,240,156
"ZC3H18","s1015_F_GON_01_ASEReadCounter.table","NW_015090842.1:9522538",68,154,86
"ZC3H18","s1015_F_GON_01_ASEReadCounter.table","NW_015090842.1:9524350",80,159,79
"ZC3H18","s1015_F_GON_01_ASEReadCounter.table","NW_015090842.1:9524366",80,166,86
"ZC3H18","s1015_F_GON_01_ASEReadCounter.table","NW_015090842.1:9524424",61,157,96
"ZC3H18","s1015_F_GON_01_ASEReadCounter.table","NW_015090842.1:9529649",80,188,108
"ZC3H18","s1015_F_GON_01_ASEReadCounter.table","NW_015090842.1:9529688",56,142,86
"ZC3H18","s1015_F_GON_01_ASEReadCounter.table","NW_015090842.1:9529691",51,133,82
"ZC3H18","s1015_F_GON_01_ASEReadCounter.table","NW_015090842.1:9530977",67,164,97
"ZC3H18","s1015_F_GON_01_ASEReadCounter.table","NW_015090842.1:9536699",0,59,59
"CYBA","s1015_F_GON_01_ASEReadCounter.table","NW_015090842.1:9547281",25,42,17
"CYBA","s1015_F_GON_01_ASEReadCounter.table","NW_015090842.1:9547402",50,94,44
"CYBA","s1015_F_GON_01_ASEReadCounter.table","NW_015090842.1:9547553",39,89,50
"CYBA","s1015_F_GON_01_ASEReadCounter.table","NW_015090842.1:9548052",32,54,22
"CYBA","s1015_F_GON_01_ASEReadCounter.table","NW_015090842.1:9548436",84,131,47
"CYBA","s1015_F_GON_01_ASEReadCounter.table","NW_015090842.1:9548442",84,134,50
"CYBA","s1015_F_GON_01_ASEReadCounter.table","NW_015090842.1:9548478",80,127,47
"CYBA","s1015_F_GON_01_ASEReadCounter.table","NW_015090842.1:9548487",74,118,44
"CYBA","s1015_F_GON_01_ASEReadCounter.table","NW_015090842.1:9548490",75,116,41
"CYBA","s1015_F_GON_01_ASEReadCounter.table","NW_015090842.1:9548717",70,109,39
"CYBA","s1015_F_GON_01_ASEReadCounter.table","NW_015090842.1:9548750",49,79,30
"CYBA","s1015_F_GON_01_ASEReadCounter.table","NW_015090842.1:9548766",37,62,25
"MVD","s1015_F_GON_01_ASEReadCounter.table","NW_015090842.1:9550678",18,24,6
"MVD","s1015_F_GON_01_ASEReadCounter.table","NW_015090842.1:9550690",22,31,9
"MVD","s1015_F_GON_01_ASEReadCounter.table","NW_015090842.1:9550691",22,30,8
"MVD","s1015_F_GON_01_ASEReadCounter.table","NW_015090842.1:9550699",29,40,11
"MVD","s1015_F_GON_01_ASEReadCounter.table","NW_015090842.1:9550719",29,40,11
"MVD","s1015_F_GON_01_ASEReadCounter.table","NW_015090842.1:9551596",34,79,45
"MVD","s1015_F_GON_01_ASEReadCounter.table","NW_015090842.1:9551638",44,101,57
"MVD","s1015_F_GON_01_ASEReadCounter.table","NW_015090842.1:9551899",0,5,5
"MVD","s1015_F_GON_01_ASEReadCounter.table","NW_015090842.1:9552193",32,79,47
"MVD","s1015_F_GON_01_ASEReadCounter.table","NW_015090842.1:9552202",35,82,47
"MVD","s1015_F_GON_01_ASEReadCounter.table","NW_015090842.1:9552208",37,77,40
"MVD","s1015_F_GON_01_ASEReadCounter.table","NW_015090842.1:9552625",30,55,25
"MVD","s1015_F_GON_01_ASEReadCounter.table","NW_015090842.1:9552629",55,55,0
"MVD","s1015_F_GON_01_ASEReadCounter.table","NW_015090842.1:9552644",31,52,21
"MVD","s1015_F_GON_01_ASEReadCounter.table","NW_015090842.1:9553093",28,48,20
"MVD","s1015_F_GON_01_ASEReadCounter.table","NW_015090842.1:9553114",31,52,21
"RNF166","s1015_F_GON_01_ASEReadCounter.table","NW_015090842.1:9557900",21,47,26
"RNF166","s1015_F_GON_01_ASEReadCounter.table","NW_015090842.1:9558048",22,42,20
"RNF166","s1015_F_GON_01_ASEReadCounter.table","NW_015090842.1:9558116",21,39,18
"RNF166","s1015_F_GON_01_ASEReadCounter.table","NW_015090842.1:9558308",41,63,22
"RNF166","s1015_F_GON_01_ASEReadCounter.table","NW_015090842.1:9558405",35,57,22
"RNF166","s1015_F_GON_01_ASEReadCounter.table","NW_015090842.1:9558549",67,99,32
"RNF166","s1015_F_GON_01_ASEReadCounter.table","NW_015090842.1:9558556",60,97,37
"RNF166","s1015_F_GON_01_ASEReadCounter.table","NW_015090842.1:9558579",57,93,36
"RNF166","s1015_F_GON_01_ASEReadCounter.table","NW_015090842.1:9558599",60,94,34
"RNF166","s1015_F_GON_01_ASEReadCounter.table","NW_015090842.1:9558688",60,96,36
"RNF166","s1015_F_GON_01_ASEReadCounter.table","NW_015090842.1:9558711",73,115,42
"RNF166","s1015_F_GON_01_ASEReadCounter.table","NW_015090842.1:9558733",69,113,44
"RNF166","s1015_F_GON_01_ASEReadCounter.table","NW_015090842.1:9558847",48,96,48
"RNF166","s1015_F_GON_01_ASEReadCounter.table","NW_015090842.1:9559798",59,105,46
"RNF166","s1015_F_GON_01_ASEReadCounter.table","NW_015090842.1:9560575",100,159,59
"RNF166","s1015_F_GON_01_ASEReadCounter.table","NW_015090842.1:9561055",90,142,52
"RNF166","s1015_F_GON_01_ASEReadCounter.table","NW_015090842.1:9562458",83,117,34
"RNF166","s1015_F_GON_01_ASEReadCounter.table","NW_015090842.1:9562497",73,98,25
"RNF166","s1015_F_GON_01_ASEReadCounter.table","NW_015090842.1:9562539",64,88,24
"RNF166","s1015_F_GON_01_ASEReadCounter.table","NW_015090842.1:9564056",57,84,27
"CTU2","s1015_F_GON_01_ASEReadCounter.table","NW_015090842.1:9565149",11,22,11
"CTU2","s1015_F_GON_01_ASEReadCounter.table","NW_015090842.1:9565193",8,22,14
"CTU2","s1015_F_GON_01_ASEReadCounter.table","NW_015090842.1:9565300",11,32,21
"CTU2","s1015_F_GON_01_ASEReadCounter.table","NW_015090842.1:9565321",9,30,21
"CTU2","s1015_F_GON_01_ASEReadCounter.table","NW_015090842.1:9565721",10,28,18
"CTU2","s1015_F_GON_01_ASEReadCounter.table","NW_015090842.1:9565739",9,27,18
"CTU2","s1015_F_GON_01_ASEReadCounter.table","NW_015090842.1:9565905",11,30,19
"CTU2","s1015_F_GON_01_ASEReadCounter.table","NW_015090842.1:9566013",17,17,0
"CTU2","s1015_F_GON_01_ASEReadCounter.table","NW_015090842.1:9566055",22,38,16
"CTU2","s1015_F_GON_01_ASEReadCounter.table","NW_015090842.1:9566056",21,37,16
"CTU2","s1015_F_GON_01_ASEReadCounter.table","NW_015090842.1:9566151",15,31,16
"CTU2","s1015_F_GON_01_ASEReadCounter.table","NW_015090842.1:9566300",11,29,18
"CTU2","s1015_F_GON_01_ASEReadCounter.table","NW_015090842.1:9566342",14,32,18
"CTU2","s1015_F_GON_01_ASEReadCounter.table","NW_015090842.1:9566548",22,45,23
"CTU2","s1015_F_GON_01_ASEReadCounter.table","NW_015090842.1:9566625",25,44,19
"CTU2","s1015_F_GON_01_ASEReadCounter.table","NW_015090842.1:9566633",25,45,20
"CTU2","s1015_F_GON_01_ASEReadCounter.table","NW_015090842.1:9566807",19,38,19
"CTU2","s1015_F_GON_01_ASEReadCounter.table","NW_015090842.1:9567139",20,36,16
"CTU2","s1015_F_GON_01_ASEReadCounter.table","NW_015090842.1:9567156",19,39,20
"CTU2","s1015_F_GON_01_ASEReadCounter.table","NW_015090842.1:9567614",25,42,17
"CTU2","s1015_F_GON_01_ASEReadCounter.table","NW_015090842.1:9567677",19,37,18
"CTU2","s1015_F_GON_01_ASEReadCounter.table","NW_015090842.1:9567747",16,33,17
"CTU2","s1015_F_GON_01_ASEReadCounter.table","NW_015090842.1:9567828",18,26,8
"CTU2","s1015_F_GON_01_ASEReadCounter.table","NW_015090842.1:9567829",17,25,8
"CTU2","s1015_F_GON_01_ASEReadCounter.table","NW_015090842.1:9567885",6,10,4
"PIEZO1","s1015_F_GON_01_ASEReadCounter.table","NW_015090842.1:9568093",37,54,17
"PIEZO1","s1015_F_GON_01_ASEReadCounter.table","NW_015090842.1:9568672",46,73,27
"PIEZO1","s1015_F_GON_01_ASEReadCounter.table","NW_015090842.1:9568948",45,75,30
"PIEZO1","s1015_F_GON_01_ASEReadCounter.table","NW_015090842.1:9568987",56,56,0
"PIEZO1","s1015_F_GON_01_ASEReadCounter.table","NW_015090842.1:9569040",38,61,23
"PIEZO1","s1015_F_GON_01_ASEReadCounter.table","NW_015090842.1:9569180",40,60,20
"PIEZO1","s1015_F_GON_01_ASEReadCounter.table","NW_015090842.1:9569192",41,62,21
"PIEZO1","s1015_F_GON_01_ASEReadCounter.table","NW_015090842.1:9570088",45,65,20
"PIEZO1","s1015_F_GON_01_ASEReadCounter.table","NW_015090842.1:9570480",32,64,32
"PIEZO1","s1015_F_GON_01_ASEReadCounter.table","NW_015090842.1:9570639",41,71,30
"PIEZO1","s1015_F_GON_01_ASEReadCounter.table","NW_015090842.1:9571847",45,69,24
"PIEZO1","s1015_F_GON_01_ASEReadCounter.table","NW_015090842.1:9572371",32,56,24
"PIEZO1","s1015_F_GON_01_ASEReadCounter.table","NW_015090842.1:9572638",27,41,14
"PIEZO1","s1015_F_GON_01_ASEReadCounter.table","NW_015090842.1:9573156",60,85,25
"PIEZO1","s1015_F_GON_01_ASEReadCounter.table","NW_015090842.1:9573280",57,84,27
"PIEZO1","s1015_F_GON_01_ASEReadCounter.table","NW_015090842.1:9573566",46,72,26
"PIEZO1","s1015_F_GON_01_ASEReadCounter.table","NW_015090842.1:9575341",33,51,18
"PIEZO1","s1015_F_GON_01_ASEReadCounter.table","NW_015090842.1:9575367",27,45,18
"PIEZO1","s1015_F_GON_01_ASEReadCounter.table","NW_015090842.1:9575645",38,58,20
"PIEZO1","s1015_F_GON_01_ASEReadCounter.table","NW_015090842.1:9575696",34,49,15
"PIEZO1","s1015_F_GON_01_ASEReadCounter.table","NW_015090842.1:9575897",28,41,13
"PIEZO1","s1015_F_GON_01_ASEReadCounter.table","NW_015090842.1:9576060",31,36,5
"PIEZO1","s1015_F_GON_01_ASEReadCounter.table","NW_015090842.1:9576087",25,32,7
"PIEZO1","s1015_F_GON_01_ASEReadCounter.table","NW_015090842.1:9576093",30,37,7
"PIEZO1","s1015_F_GON_01_ASEReadCounter.table","NW_015090842.1:9576120",34,42,8
"PIEZO1","s1015_F_GON_01_ASEReadCounter.table","NW_015090842.1:9576687",22,35,13
"PIEZO1","s1015_F_GON_01_ASEReadCounter.table","NW_015090842.1:9576710",31,42,11
"PIEZO1","s1015_F_GON_01_ASEReadCounter.table","NW_015090842.1:9576723",33,46,13
"PIEZO1","s1015_F_GON_01_ASEReadCounter.table","NW_015090842.1:9578268",30,45,15
"PIEZO1","s1015_F_GON_01_ASEReadCounter.table","NW_015090842.1:9578770",26,44,18
"PIEZO1","s1015_F_GON_01_ASEReadCounter.table","NW_015090842.1:9578806",30,49,19
"PIEZO1","s1015_F_GON_01_ASEReadCounter.table","NW_015090842.1:9579064",24,31,7
"PIEZO1","s1015_F_GON_01_ASEReadCounter.table","NW_015090842.1:9579065",24,32,8
"PIEZO1","s1015_F_GON_01_ASEReadCounter.table","NW_015090842.1:9579347",23,30,7
"PIEZO1","s1015_F_GON_01_ASEReadCounter.table","NW_015090842.1:9580765",23,28,5
"PIEZO1","s1015_F_GON_01_ASEReadCounter.table","NW_015090842.1:9580996",21,29,8
"PIEZO1","s1015_F_GON_01_ASEReadCounter.table","NW_015090842.1:9581101",18,26,8
"PIEZO1","s1015_F_GON_01_ASEReadCounter.table","NW_015090842.1:9581299",14,23,9
"PIEZO1","s1015_F_GON_01_ASEReadCounter.table","NW_015090842.1:9581875",20,30,10
"PIEZO1","s1015_F_GON_01_ASEReadCounter.table","NW_015090842.1:9582046",12,30,18
"PIEZO1","s1015_F_GON_01_ASEReadCounter.table","NW_015090842.1:9582961",24,29,5
"PIEZO1","s1015_F_GON_01_ASEReadCounter.table","NW_015090842.1:9583298",12,23,11
"PIEZO1","s1015_F_GON_01_ASEReadCounter.table","NW_015090842.1:9584337",10,17,7
"PIEZO1","s1015_F_GON_01_ASEReadCounter.table","NW_015090842.1:9584425",16,23,7
"PIEZO1","s1015_F_GON_01_ASEReadCounter.table","NW_015090842.1:9584435",18,24,6
"PIEZO1","s1015_F_GON_01_ASEReadCounter.table","NW_015090842.1:9584438",18,23,5
"PIEZO1","s1015_F_GON_01_ASEReadCounter.table","NW_015090842.1:9584441",16,21,5
"CDT1","s1015_F_GON_01_ASEReadCounter.table","NW_015090842.1:9596596",5,15,10
"CDT1","s1015_F_GON_01_ASEReadCounter.table","NW_015090842.1:9596766",24,37,13
"CDT1","s1015_F_GON_01_ASEReadCounter.table","NW_015090842.1:9597054",29,62,33
"CDT1","s1015_F_GON_01_ASEReadCounter.table","NW_015090842.1:9597074",32,65,33
"CDT1","s1015_F_GON_01_ASEReadCounter.table","NW_015090842.1:9597137",42,74,32
"CDT1","s1015_F_GON_01_ASEReadCounter.table","NW_015090842.1:9597756",39,72,33
"CDT1","s1015_F_GON_01_ASEReadCounter.table","NW_015090842.1:9597766",37,72,35
"CDT1","s1015_F_GON_01_ASEReadCounter.table","NW_015090842.1:9598496",45,86,41
"CDT1","s1015_F_GON_01_ASEReadCounter.table","NW_015090842.1:9598498",46,84,38
"CDT1","s1015_F_GON_01_ASEReadCounter.table","NW_015090842.1:9598816",42,90,48
"CDT1","s1015_F_GON_01_ASEReadCounter.table","NW_015090842.1:9598879",40,89,49
"CDT1","s1015_F_GON_01_ASEReadCounter.table","NW_015090842.1:9598912",38,90,52
"CDT1","s1015_F_GON_01_ASEReadCounter.table","NW_015090842.1:9598959",34,82,48
"CDT1","s1015_F_GON_01_ASEReadCounter.table","NW_015090842.1:9599807",68,100,32
"CDT1","s1015_F_GON_01_ASEReadCounter.table","NW_015090842.1:9599819",60,94,34
"CDT1","s1015_F_GON_01_ASEReadCounter.table","NW_015090842.1:9599845",67,104,37
"CDT1","s1015_F_GON_01_ASEReadCounter.table","NW_015090842.1:9600148",80,136,56
"CDT1","s1015_F_GON_01_ASEReadCounter.table","NW_015090842.1:9600151",76,132,56
"CDT1","s1015_F_GON_01_ASEReadCounter.table","NW_015090842.1:9600217",84,131,47
"CDT1","s1015_F_GON_01_ASEReadCounter.table","NW_015090842.1:9600226",80,133,53
"CDT1","s1015_F_GON_01_ASEReadCounter.table","NW_015090842.1:9600260",68,116,48
"CDT1","s1015_F_GON_01_ASEReadCounter.table","NW_015090842.1:9600268",71,117,46
"CDT1","s1015_F_GON_01_ASEReadCounter.table","NW_015090842.1:9600305",53,94,41
"CDT1","s1015_F_GON_01_ASEReadCounter.table","NW_015090842.1:9600397",49,87,38
"CDT1","s1015_F_GON_01_ASEReadCounter.table","NW_015090842.1:9600447",34,65,31
"CDT1","s1015_F_GON_01_ASEReadCounter.table","NW_015090842.1:9600450",35,63,28
"CDT1","s1015_F_GON_01_ASEReadCounter.table","NW_015090842.1:9600485",47,79,32
"CDT1","s1015_F_GON_01_ASEReadCounter.table","NW_015090842.1:9600579",38,58,20
"APRT","s1015_F_GON_01_ASEReadCounter.table","NW_015090842.1:9602308",19,44,25
"APRT","s1015_F_GON_01_ASEReadCounter.table","NW_015090842.1:9602440",33,74,41
"APRT","s1015_F_GON_01_ASEReadCounter.table","NW_015090842.1:9602449",34,73,39
"APRT","s1015_F_GON_01_ASEReadCounter.table","NW_015090842.1:9602451",34,76,42
"APRT","s1015_F_GON_01_ASEReadCounter.table","NW_015090842.1:9602455",36,76,40
"APRT","s1015_F_GON_01_ASEReadCounter.table","NW_015090842.1:9602462",36,77,41
"APRT","s1015_F_GON_01_ASEReadCounter.table","NW_015090842.1:9602507",26,60,34
"APRT","s1015_F_GON_01_ASEReadCounter.table","NW_015090842.1:9602514",31,67,36
"APRT","s1015_F_GON_01_ASEReadCounter.table","NW_015090842.1:9602530",26,57,31
"APRT","s1015_F_GON_01_ASEReadCounter.table","NW_015090842.1:9602582",32,70,38
"APRT","s1015_F_GON_01_ASEReadCounter.table","NW_015090842.1:9602583",33,71,38
"APRT","s1015_F_GON_01_ASEReadCounter.table","NW_015090842.1:9602650",35,81,46
"APRT","s1015_F_GON_01_ASEReadCounter.table","NW_015090842.1:9602655",34,76,42
"APRT","s1015_F_GON_01_ASEReadCounter.table","NW_015090842.1:9602712",38,82,44
"APRT","s1015_F_GON_01_ASEReadCounter.table","NW_015090842.1:9602764",38,75,37
"APRT","s1015_F_GON_01_ASEReadCounter.table","NW_015090842.1:9602821",43,86,43
"APRT","s1015_F_GON_01_ASEReadCounter.table","NW_015090842.1:9602867",47,79,32
"APRT","s1015_F_GON_01_ASEReadCounter.table","NW_015090842.1:9602883",46,78,32
"APRT","s1015_F_GON_01_ASEReadCounter.table","NW_015090842.1:9602886",49,80,31
"APRT","s1015_F_GON_01_ASEReadCounter.table","NW_015090842.1:9602948",41,66,25
"APRT","s1015_F_GON_01_ASEReadCounter.table","NW_015090842.1:9602958",41,72,31
"APRT","s1015_F_GON_01_ASEReadCounter.table","NW_015090842.1:9603020",53,102,49
"APRT","s1015_F_GON_01_ASEReadCounter.table","NW_015090842.1:9603025",57,107,50
"APRT","s1015_F_GON_01_ASEReadCounter.table","NW_015090842.1:9603154",50,88,38
"APRT","s1015_F_GON_01_ASEReadCounter.table","NW_015090842.1:9603166",61,100,39
"APRT","s1015_F_GON_01_ASEReadCounter.table","NW_015090842.1:9603326",52,88,36
"APRT","s1015_F_GON_01_ASEReadCounter.table","NW_015090842.1:9603419",51,84,33
"APRT","s1015_F_GON_01_ASEReadCounter.table","NW_015090842.1:9603420",52,87,35
"APRT","s1015_F_GON_01_ASEReadCounter.table","NW_015090842.1:9603464",43,95,52
"APRT","s1015_F_GON_01_ASEReadCounter.table","NW_015090842.1:9603528",56,172,116
"APRT","s1015_F_GON_01_ASEReadCounter.table","NW_015090842.1:9603607",69,212,143
"APRT","s1015_F_GON_01_ASEReadCounter.table","NW_015090842.1:9603622",76,220,144
"APRT","s1015_F_GON_01_ASEReadCounter.table","NW_015090842.1:9604361",97,261,164
"APRT","s1015_F_GON_01_ASEReadCounter.table","NW_015090842.1:9605317",88,248,160
"APRT","s1015_F_GON_01_ASEReadCounter.table","NW_015090842.1:9605336",93,257,164
"GALNS","s1015_F_GON_01_ASEReadCounter.table","NW_015090842.1:9612872",27,47,20
"GALNS","s1015_F_GON_01_ASEReadCounter.table","NW_015090842.1:9612873",27,48,21
"GALNS","s1015_F_GON_01_ASEReadCounter.table","NW_015090842.1:9612877",28,48,20
"GALNS","s1015_F_GON_01_ASEReadCounter.table","NW_015090842.1:9612942",68,120,52
"GALNS","s1015_F_GON_01_ASEReadCounter.table","NW_015090842.1:9612987",103,103,0
"GALNS","s1015_F_GON_01_ASEReadCounter.table","NW_015090842.1:9613064",88,148,60
"GALNS","s1015_F_GON_01_ASEReadCounter.table","NW_015090842.1:9613096",121,203,82
"GALNS","s1015_F_GON_01_ASEReadCounter.table","NW_015090842.1:9613123",94,175,81
"GALNS","s1015_F_GON_01_ASEReadCounter.table","NW_015090842.1:9613125",93,173,80
"GALNS","s1015_F_GON_01_ASEReadCounter.table","NW_015090842.1:9613193",108,201,93
"GALNS","s1015_F_GON_01_ASEReadCounter.table","NW_015090842.1:9613226",106,192,86
"GALNS","s1015_F_GON_01_ASEReadCounter.table","NW_015090842.1:9613249",124,232,108
"GALNS","s1015_F_GON_01_ASEReadCounter.table","NW_015090842.1:9613256",139,253,114
"GALNS","s1015_F_GON_01_ASEReadCounter.table","NW_015090842.1:9613317",121,242,121
"GALNS","s1015_F_GON_01_ASEReadCounter.table","NW_015090842.1:9613343",122,238,116
"GALNS","s1015_F_GON_01_ASEReadCounter.table","NW_015090842.1:9613344",123,238,115
"GALNS","s1015_F_GON_01_ASEReadCounter.table","NW_015090842.1:9613371",138,248,110
"GALNS","s1015_F_GON_01_ASEReadCounter.table","NW_015090842.1:9613378",128,246,118
"GALNS","s1015_F_GON_01_ASEReadCounter.table","NW_015090842.1:9613379",128,247,119
"GALNS","s1015_F_GON_01_ASEReadCounter.table","NW_015090842.1:9613516",142,279,137
"GALNS","s1015_F_GON_01_ASEReadCounter.table","NW_015090842.1:9613572",134,281,147
"GALNS","s1015_F_GON_01_ASEReadCounter.table","NW_015090842.1:9613597",108,247,139
"GALNS","s1015_F_GON_01_ASEReadCounter.table","NW_015090842.1:9613627",92,197,105
"GALNS","s1015_F_GON_01_ASEReadCounter.table","NW_015090842.1:9613640",95,209,114
"GALNS","s1015_F_GON_01_ASEReadCounter.table","NW_015090842.1:9614025",160,289,129
"GALNS","s1015_F_GON_01_ASEReadCounter.table","NW_015090842.1:9614169",171,262,91
"GALNS","s1015_F_GON_01_ASEReadCounter.table","NW_015090842.1:9614232",267,267,0
"GALNS","s1015_F_GON_01_ASEReadCounter.table","NW_015090842.1:9614667",169,270,101
"GALNS","s1015_F_GON_01_ASEReadCounter.table","NW_015090842.1:9614709",154,266,112
"GALNS","s1015_F_GON_01_ASEReadCounter.table","NW_015090842.1:9614880",180,295,115
"GALNS","s1015_F_GON_01_ASEReadCounter.table","NW_015090842.1:9614902",180,303,123
"GALNS","s1015_F_GON_01_ASEReadCounter.table","NW_015090842.1:9614960",169,281,112
"GALNS","s1015_F_GON_01_ASEReadCounter.table","NW_015090842.1:9615114",273,473,200
"GALNS","s1015_F_GON_01_ASEReadCounter.table","NW_015090842.1:9615199",243,413,170
"GALNS","s1015_F_GON_01_ASEReadCounter.table","NW_015090842.1:9615217",190,358,168
"GALNS","s1015_F_GON_01_ASEReadCounter.table","NW_015090842.1:9615277",169,359,190
"GALNS","s1015_F_GON_01_ASEReadCounter.table","NW_015090842.1:9615377",244,591,347
"GALNS","s1015_F_GON_01_ASEReadCounter.table","NW_015090842.1:9647858",240,691,451
"GALNS","s1015_F_GON_01_ASEReadCounter.table","NW_015090842.1:9649186",222,634,412
"GALNS","s1015_F_GON_01_ASEReadCounter.table","NW_015090842.1:9649237",200,589,389
"GALNS","s1015_F_GON_01_ASEReadCounter.table","NW_015090842.1:9661193",115,351,236
"TRAPPC2L","s1015_F_GON_01_ASEReadCounter.table","NW_015090842.1:9662951",347,565,218
"TRAPPC2L","s1015_F_GON_01_ASEReadCounter.table","NW_015090842.1:9663014",368,592,224
"TRAPPC2L","s1015_F_GON_01_ASEReadCounter.table","NW_015090842.1:9664305",501,501,0
"TRAPPC2L","s1015_F_GON_01_ASEReadCounter.table","NW_015090842.1:9665155",251,424,173
"TRAPPC2L","s1015_F_GON_01_ASEReadCounter.table","NW_015090842.1:9665211",83,137,54
"PABPN1L","s1015_F_GON_01_ASEReadCounter.table","NW_015090842.1:9669959",13,25,12
"CBFA2T3","s1015_F_GON_01_ASEReadCounter.table","NW_015090842.1:9712787",1,2,1
"CBFA2T3","s1015_F_GON_01_ASEReadCounter.table","NW_015090842.1:9712791",1,2,1
"CBFA2T3","s1015_F_GON_01_ASEReadCounter.table","NW_015090842.1:9712805",1,2,1
"CBFA2T3","s1015_F_GON_01_ASEReadCounter.table","NW_015090842.1:9712811",1,2,1
"CBFA2T3","s1015_F_GON_01_ASEReadCounter.table","NW_015090842.1:9712848",1,2,1
"CBFA2T3","s1015_F_GON_01_ASEReadCounter.table","NW_015090842.1:9713088",1,3,2
"CBFA2T3","s1015_F_GON_01_ASEReadCounter.table","NW_015090842.1:9713121",0,1,1
"ACSF3","s1015_F_GON_01_ASEReadCounter.table","NW_015090842.1:9773379",5,8,3
"ACSF3","s1015_F_GON_01_ASEReadCounter.table","NW_015090842.1:9773382",6,10,4
"ACSF3","s1015_F_GON_01_ASEReadCounter.table","NW_015090842.1:9773384",6,10,4
"ACSF3","s1015_F_GON_01_ASEReadCounter.table","NW_015090842.1:9773388",8,13,5
"ACSF3","s1015_F_GON_01_ASEReadCounter.table","NW_015090842.1:9776753",39,73,34
"ACSF3","s1015_F_GON_01_ASEReadCounter.table","NW_015090842.1:9776783",35,68,33
"ACSF3","s1015_F_GON_01_ASEReadCounter.table","NW_015090842.1:9776879",47,79,32
"ACSF3","s1015_F_GON_01_ASEReadCounter.table","NW_015090842.1:9776965",50,86,36
"ACSF3","s1015_F_GON_01_ASEReadCounter.table","NW_015090842.1:9777091",62,95,33
"ACSF3","s1015_F_GON_01_ASEReadCounter.table","NW_015090842.1:9777206",52,81,29
"ACSF3","s1015_F_GON_01_ASEReadCounter.table","NW_015090842.1:9777283",73,116,43
"ACSF3","s1015_F_GON_01_ASEReadCounter.table","NW_015090842.1:9778955",54,106,52
"ACSF3","s1015_F_GON_01_ASEReadCounter.table","NW_015090842.1:9778997",70,132,62
"ACSF3","s1015_F_GON_01_ASEReadCounter.table","NW_015090842.1:9789311",20,34,14
"ACSF3","s1015_F_GON_01_ASEReadCounter.table","NW_015090842.1:9789906",1,17,16
"ACSF3","s1015_F_GON_01_ASEReadCounter.table","NW_015090842.1:9834743",21,33,12
"ACSF3","s1015_F_GON_01_ASEReadCounter.table","NW_015090842.1:9834852",21,34,13
"ACSF3","s1015_F_GON_01_ASEReadCounter.table","NW_015090842.1:9834861",20,33,13
"ACSF3","s1015_F_GON_01_ASEReadCounter.table","NW_015090842.1:9839359",12,21,9
"ACSF3","s1015_F_GON_01_ASEReadCounter.table","NW_015090842.1:9839378",13,20,7
"ACSF3","s1015_F_GON_01_ASEReadCounter.table","NW_015090842.1:9839455",11,21,10
"ACSF3","s1015_F_GON_01_ASEReadCounter.table","NW_015090842.1:9839457",11,21,10
"ACSF3","s1015_F_GON_01_ASEReadCounter.table","NW_015090842.1:9839489",6,13,7
"ACSF3","s1015_F_GON_01_ASEReadCounter.table","NW_015090842.1:9839500",5,10,5
"ACSF3","s1015_F_GON_01_ASEReadCounter.table","NW_015090842.1:9839501",5,10,5
"ACSF3","s1015_F_GON_01_ASEReadCounter.table","NW_015090842.1:9839504",6,11,5
"ACSF3","s1015_F_GON_01_ASEReadCounter.table","NW_015090842.1:9839512",5,8,3
"ACSF3","s1015_F_GON_01_ASEReadCounter.table","NW_015090842.1:9839527",3,4,1
"ACSF3","s1015_F_GON_01_ASEReadCounter.table","NW_015090842.1:9839533",2,3,1
"ACSF3","s1015_F_GON_01_ASEReadCounter.table","NW_015090842.1:9839535",2,3,1
"ACSF3","s1015_F_GON_01_ASEReadCounter.table","NW_015090842.1:9839545",1,1,0
"ACSF3","s1015_F_GON_01_ASEReadCounter.table","NW_015090842.1:9839550",1,1,0
"ACSF3","s1015_F_GON_01_ASEReadCounter.table","NW_015090842.1:9839551",1,1,0
"CDH15","s1015_F_GON_01_ASEReadCounter.table","NW_015090842.1:9847163",2,3,1
"CDH15","s1015_F_GON_01_ASEReadCounter.table","NW_015090842.1:9847174",2,4,2
"CDH15","s1015_F_GON_01_ASEReadCounter.table","NW_015090842.1:9848004",0,1,1
"CDH15","s1015_F_GON_01_ASEReadCounter.table","NW_015090842.1:9848220",1,1,0
"CDH15","s1015_F_GON_01_ASEReadCounter.table","NW_015090842.1:9848307",0,1,1
"CDH15","s1015_F_GON_01_ASEReadCounter.table","NW_015090842.1:9848310",0,1,1
"CDH15","s1015_F_GON_01_ASEReadCounter.table","NW_015090842.1:9848313",0,1,1
"CDH15","s1015_F_GON_01_ASEReadCounter.table","NW_015090842.1:9848531",0,1,1
"CDH15","s1015_F_GON_01_ASEReadCounter.table","NW_015090842.1:9848552",0,1,1
"CDH15","s1015_F_GON_01_ASEReadCounter.table","NW_015090842.1:9848888",1,1,0
"CDH15","s1015_F_GON_01_ASEReadCounter.table","NW_015090842.1:9848936",1,1,0
"CDH15","s1015_F_GON_01_ASEReadCounter.table","NW_015090842.1:9849473",1,2,1
"CDH15","s1015_F_GON_01_ASEReadCounter.table","NW_015090842.1:9850141",0,1,1
"CDH15","s1015_F_GON_01_ASEReadCounter.table","NW_015090842.1:9850386",0,1,1
"CDH15","s1015_F_GON_01_ASEReadCounter.table","NW_015090842.1:9850432",1,3,2
"SLC22A31","s1015_F_GON_01_ASEReadCounter.table","NW_015090842.1:9851117",21,29,8
"SLC22A31","s1015_F_GON_01_ASEReadCounter.table","NW_015090842.1:9851130",28,38,10
"SLC22A31","s1015_F_GON_01_ASEReadCounter.table","NW_015090842.1:9851139",29,38,9
"SLC22A31","s1015_F_GON_01_ASEReadCounter.table","NW_015090842.1:9851265",46,72,26
"SLC22A31","s1015_F_GON_01_ASEReadCounter.table","NW_015090842.1:9851302",57,81,24
"SLC22A31","s1015_F_GON_01_ASEReadCounter.table","NW_015090842.1:9851303",57,80,23
"SLC22A31","s1015_F_GON_01_ASEReadCounter.table","NW_015090842.1:9851305",53,75,22
"SLC22A31","s1015_F_GON_01_ASEReadCounter.table","NW_015090842.1:9851343",59,73,14
"SLC22A31","s1015_F_GON_01_ASEReadCounter.table","NW_015090842.1:9851344",67,80,13
"SLC22A31","s1015_F_GON_01_ASEReadCounter.table","NW_015090842.1:9851361",72,73,1
"SLC22A31","s1015_F_GON_01_ASEReadCounter.table","NW_015090842.1:9851381",62,90,28
"SLC22A31","s1015_F_GON_01_ASEReadCounter.table","NW_015090842.1:9851421",78,111,33
"SLC22A31","s1015_F_GON_01_ASEReadCounter.table","NW_015090842.1:9851501",78,103,25
"SLC22A31","s1015_F_GON_01_ASEReadCounter.table","NW_015090842.1:9851526",89,126,37
"SLC22A31","s1015_F_GON_01_ASEReadCounter.table","NW_015090842.1:9851589",93,133,40
"SLC22A31","s1015_F_GON_01_ASEReadCounter.table","NW_015090842.1:9851712",118,156,38
"SLC22A31","s1015_F_GON_01_ASEReadCounter.table","NW_015090842.1:9851899",90,125,35
"SLC22A31","s1015_F_GON_01_ASEReadCounter.table","NW_015090842.1:9852139",102,140,38
"SLC22A31","s1015_F_GON_01_ASEReadCounter.table","NW_015090842.1:9852380",106,157,51
"SLC22A31","s1015_F_GON_01_ASEReadCounter.table","NW_015090842.1:9852431",86,124,38
"SLC22A31","s1015_F_GON_01_ASEReadCounter.table","NW_015090842.1:9852630",89,125,36
"SLC22A31","s1015_F_GON_01_ASEReadCounter.table","NW_015090842.1:9852711",54,93,39
"SLC22A31","s1015_F_GON_01_ASEReadCounter.table","NW_015090842.1:9853099",62,90,28
"SLC22A31","s1015_F_GON_01_ASEReadCounter.table","NW_015090842.1:9853102",60,87,27
"SLC22A31","s1015_F_GON_01_ASEReadCounter.table","NW_015090842.1:9853421",63,63,0
"SLC22A31","s1015_F_GON_01_ASEReadCounter.table","NW_015090842.1:9853457",74,76,2
"SLC22A31","s1015_F_GON_01_ASEReadCounter.table","NW_015090842.1:9853502",59,61,2
"ANKRD11","s1015_F_GON_01_ASEReadCounter.table","NW_015090842.1:9858863",1,3,2
"ANKRD11","s1015_F_GON_01_ASEReadCounter.table","NW_015090842.1:9859101",27,47,20
"ANKRD11","s1015_F_GON_01_ASEReadCounter.table","NW_015090842.1:9859352",26,60,34
"ANKRD11","s1015_F_GON_01_ASEReadCounter.table","NW_015090842.1:9859381",7,35,28
"ANKRD11","s1015_F_GON_01_ASEReadCounter.table","NW_015090842.1:9859679",34,71,37
"ANKRD11","s1015_F_GON_01_ASEReadCounter.table","NW_015090842.1:9861097",45,87,42
"ANKRD11","s1015_F_GON_01_ASEReadCounter.table","NW_015090842.1:9862571",26,54,28
"ANKRD11","s1015_F_GON_01_ASEReadCounter.table","NW_015090842.1:9862652",21,39,18
"ANKRD11","s1015_F_GON_01_ASEReadCounter.table","NW_015090842.1:9866071",0,32,32
"ANKRD11","s1015_F_GON_01_ASEReadCounter.table","NW_015090842.1:9866200",0,24,24
"ANKRD11","s1015_F_GON_01_ASEReadCounter.table","NW_015090842.1:9867391",20,31,11
"ANKRD11","s1015_F_GON_01_ASEReadCounter.table","NW_015090842.1:9867472",25,53,28
"ANKRD11","s1015_F_GON_01_ASEReadCounter.table","NW_015090842.1:9867559",30,50,20
"ANKRD11","s1015_F_GON_01_ASEReadCounter.table","NW_015090842.1:9867667",29,53,24
"ANKRD11","s1015_F_GON_01_ASEReadCounter.table","NW_015090842.1:9867934",30,53,23
"ANKRD11","s1015_F_GON_01_ASEReadCounter.table","NW_015090842.1:9868064",22,52,30
"ANKRD11","s1015_F_GON_01_ASEReadCounter.table","NW_015090842.1:9868093",19,48,29
"ANKRD11","s1015_F_GON_01_ASEReadCounter.table","NW_015090842.1:9868222",28,53,25
"ANKRD11","s1015_F_GON_01_ASEReadCounter.table","NW_015090842.1:9868327",22,50,28
"ANKRD11","s1015_F_GON_01_ASEReadCounter.table","NW_015090842.1:9868414",27,52,25
"ANKRD11","s1015_F_GON_01_ASEReadCounter.table","NW_015090842.1:9868441",20,43,23
"ANKRD11","s1015_F_GON_01_ASEReadCounter.table","NW_015090842.1:9868444",22,47,25
"ANKRD11","s1015_F_GON_01_ASEReadCounter.table","NW_015090842.1:9868519",34,63,29
"ANKRD11","s1015_F_GON_01_ASEReadCounter.table","NW_015090842.1:9868609",30,60,30
"ANKRD11","s1015_F_GON_01_ASEReadCounter.table","NW_015090842.1:9868666",38,67,29
"ANKRD11","s1015_F_GON_01_ASEReadCounter.table","NW_015090842.1:9868738",68,68,0
"ANKRD11","s1015_F_GON_01_ASEReadCounter.table","NW_015090842.1:9869431",29,54,25
"ANKRD11","s1015_F_GON_01_ASEReadCounter.table","NW_015090842.1:9869578",29,67,38
"ANKRD11","s1015_F_GON_01_ASEReadCounter.table","NW_015090842.1:9869734",35,79,44
"ANKRD11","s1015_F_GON_01_ASEReadCounter.table","NW_015090842.1:9870070",35,60,25
"ANKRD11","s1015_F_GON_01_ASEReadCounter.table","NW_015090842.1:9870349",36,67,31
"ANKRD11","s1015_F_GON_01_ASEReadCounter.table","NW_015090842.1:9870604",44,72,28
"ANKRD11","s1015_F_GON_01_ASEReadCounter.table","NW_015090842.1:9870613",47,76,29
"ANKRD11","s1015_F_GON_01_ASEReadCounter.table","NW_015090842.1:9870685",45,77,32
"ANKRD11","s1015_F_GON_01_ASEReadCounter.table","NW_015090842.1:9870760",38,62,24
"ANKRD11","s1015_F_GON_01_ASEReadCounter.table","NW_015090842.1:9870847",26,53,27
"ANKRD11","s1015_F_GON_01_ASEReadCounter.table","NW_015090842.1:9871103",21,45,24
"ANKRD11","s1015_F_GON_01_ASEReadCounter.table","NW_015090842.1:9871165",25,54,29
"ANKRD11","s1015_F_GON_01_ASEReadCounter.table","NW_015090842.1:9871508",56,56,0
"ANKRD11","s1015_F_GON_01_ASEReadCounter.table","NW_015090842.1:9871820",13,28,15
"ANKRD11","s1015_F_GON_01_ASEReadCounter.table","NW_015090842.1:9872118",33,66,33
"ANKRD11","s1015_F_GON_01_ASEReadCounter.table","NW_015090842.1:9877406",17,31,14
"SPG7","s1015_F_GON_01_ASEReadCounter.table","NW_015090842.1:10051190",187,542,355
"SPG7","s1015_F_GON_01_ASEReadCounter.table","NW_015090842.1:10051218",217,617,400
"SPG7","s1015_F_GON_01_ASEReadCounter.table","NW_015090842.1:10052348",263,655,392
"SPG7","s1015_F_GON_01_ASEReadCounter.table","NW_015090842.1:10052366",260,649,389
"SPG7","s1015_F_GON_01_ASEReadCounter.table","NW_015090842.1:10065173",264,643,379
"SPG7","s1015_F_GON_01_ASEReadCounter.table","NW_015090842.1:10065215",230,578,348
"SPG7","s1015_F_GON_01_ASEReadCounter.table","NW_015090842.1:10066365",208,534,326
"SPG7","s1015_F_GON_01_ASEReadCounter.table","NW_015090842.1:10069752",248,616,368
"SPG7","s1015_F_GON_01_ASEReadCounter.table","NW_015090842.1:10069800",228,606,378
"SPG7","s1015_F_GON_01_ASEReadCounter.table","NW_015090842.1:10071192",259,650,391
"SPG7","s1015_F_GON_01_ASEReadCounter.table","NW_015090842.1:10071219",227,577,350
"SPG7","s1015_F_GON_01_ASEReadCounter.table","NW_015090842.1:10071967",187,520,333
"SPG7","s1015_F_GON_01_ASEReadCounter.table","NW_015090842.1:10075109",263,635,372
"SPG7","s1015_F_GON_01_ASEReadCounter.table","NW_015090842.1:10075114",272,640,368
"SPG7","s1015_F_GON_01_ASEReadCounter.table","NW_015090842.1:10075198",218,517,299
"SPG7","s1015_F_GON_01_ASEReadCounter.table","NW_015090842.1:10075487",133,348,215
"SPG7","s1015_F_GON_01_ASEReadCounter.table","NW_015090842.1:10075488",133,353,220
"SPG7","s1015_F_GON_01_ASEReadCounter.table","NW_015090842.1:10075548",79,244,165
"RPL13","s1015_F_GON_01_ASEReadCounter.table","NW_015090842.1:10077387",542,1254,712
"RPL13","s1015_F_GON_01_ASEReadCounter.table","NW_015090842.1:10077978",778,1756,978
"RPL13","s1015_F_GON_01_ASEReadCounter.table","NW_015090842.1:10077992",777,1694,917
"CPNE7","s1015_F_GON_01_ASEReadCounter.table","NW_015090842.1:10084001",1,2,1
"CPNE7","s1015_F_GON_01_ASEReadCounter.table","NW_015090842.1:10084856",0,2,2
"CPNE7","s1015_F_GON_01_ASEReadCounter.table","NW_015090842.1:10084872",0,2,2
"CPNE7","s1015_F_GON_01_ASEReadCounter.table","NW_015090842.1:10084892",0,3,3
"CPNE7","s1015_F_GON_01_ASEReadCounter.table","NW_015090842.1:10084921",0,4,4
"CPNE7","s1015_F_GON_01_ASEReadCounter.table","NW_015090842.1:10084935",1,5,4
"CPNE7","s1015_F_GON_01_ASEReadCounter.table","NW_015090842.1:10085000",3,7,4
"CPNE7","s1015_F_GON_01_ASEReadCounter.table","NW_015090842.1:10085089",1,3,2
"CPNE7","s1015_F_GON_01_ASEReadCounter.table","NW_015090842.1:10085096",1,3,2
"CPNE7","s1015_F_GON_01_ASEReadCounter.table","NW_015090842.1:10085126",3,5,2
"CPNE7","s1015_F_GON_01_ASEReadCounter.table","NW_015090842.1:10085167",3,3,0
"CPNE7","s1015_F_GON_01_ASEReadCounter.table","NW_015090842.1:10085180",4,6,2
"CPNE7","s1015_F_GON_01_ASEReadCounter.table","NW_015090842.1:10085201",3,5,2
"CPNE7","s1015_F_GON_01_ASEReadCounter.table","NW_015090842.1:10088134",5,7,2
"CPNE7","s1015_F_GON_01_ASEReadCounter.table","NW_015090842.1:10088146",5,7,2
"CPNE7","s1015_F_GON_01_ASEReadCounter.table","NW_015090842.1:10088806",4,5,1
"CPNE7","s1015_F_GON_01_ASEReadCounter.table","NW_015090842.1:10088940",7,9,2
"CPNE7","s1015_F_GON_01_ASEReadCounter.table","NW_015090842.1:10088965",5,9,4
"CPNE7","s1015_F_GON_01_ASEReadCounter.table","NW_015090842.1:10088967",5,9,4
"CPNE7","s1015_F_GON_01_ASEReadCounter.table","NW_015090842.1:10088973",6,8,2
"CPNE7","s1015_F_GON_01_ASEReadCounter.table","NW_015090842.1:10090924",3,9,6
"CPNE7","s1015_F_GON_01_ASEReadCounter.table","NW_015090842.1:10090930",3,9,6
"CPNE7","s1015_F_GON_01_ASEReadCounter.table","NW_015090842.1:10091075",5,13,8
"CPNE7","s1015_F_GON_01_ASEReadCounter.table","NW_015090842.1:10091389",2,12,10
"CPNE7","s1015_F_GON_01_ASEReadCounter.table","NW_015090842.1:10091407",2,11,9
"CPNE7","s1015_F_GON_01_ASEReadCounter.table","NW_015090842.1:10091488",10,10,0
"CPNE7","s1015_F_GON_01_ASEReadCounter.table","NW_015090842.1:10091491",12,12,0
"CPNE7","s1015_F_GON_01_ASEReadCounter.table","NW_015090842.1:10091530",7,13,6
"CPNE7","s1015_F_GON_01_ASEReadCounter.table","NW_015090842.1:10091875",3,4,1
"CPNE7","s1015_F_GON_01_ASEReadCounter.table","NW_015090842.1:10091983",1,7,6
"CPNE7","s1015_F_GON_01_ASEReadCounter.table","NW_015090842.1:10091997",1,6,5
"CPNE7","s1015_F_GON_01_ASEReadCounter.table","NW_015090842.1:10092038",0,3,3
"CPNE7","s1015_F_GON_01_ASEReadCounter.table","NW_015090842.1:10092140",1,4,3
"CPNE7","s1015_F_GON_01_ASEReadCounter.table","NW_015090842.1:10092183",1,2,1
"CPNE7","s1015_F_GON_01_ASEReadCounter.table","NW_015090842.1:10092201",1,2,1
"CPNE7","s1015_F_GON_01_ASEReadCounter.table","NW_015090842.1:10092230",1,1,0
"CPNE7","s1015_F_GON_01_ASEReadCounter.table","NW_015090842.1:10092246",1,1,0
"LOC106888185","s1015_F_GON_01_ASEReadCounter.table","NW_015090842.1:10094965",1,5,4
"LOC106888185","s1015_F_GON_01_ASEReadCounter.table","NW_015090842.1:10094966",1,5,4
"LOC106888185","s1015_F_GON_01_ASEReadCounter.table","NW_015090842.1:10094985",2,7,5
"LOC106888185","s1015_F_GON_01_ASEReadCounter.table","NW_015090842.1:10095055",1,7,6
"LOC106888185","s1015_F_GON_01_ASEReadCounter.table","NW_015090842.1:10095062",1,7,6
"LOC106888185","s1015_F_GON_01_ASEReadCounter.table","NW_015090842.1:10095130",0,4,4
"LOC106888185","s1015_F_GON_01_ASEReadCounter.table","NW_015090842.1:10095265",14,29,15
"LOC106888185","s1015_F_GON_01_ASEReadCounter.table","NW_015090842.1:10095586",19,40,21
"LOC106888185","s1015_F_GON_01_ASEReadCounter.table","NW_015090842.1:10095593",22,42,20
"LOC106888185","s1015_F_GON_01_ASEReadCounter.table","NW_015090842.1:10095616",18,36,18
"LOC106888185","s1015_F_GON_01_ASEReadCounter.table","NW_015090842.1:10095662",8,26,18
"LOC106888185","s1015_F_GON_01_ASEReadCounter.table","NW_015090842.1:10095674",6,23,17
"LOC106888185","s1015_F_GON_01_ASEReadCounter.table","NW_015090842.1:10095786",9,34,25
"LOC106888185","s1015_F_GON_01_ASEReadCounter.table","NW_015090842.1:10095831",12,39,27
"LOC106888185","s1015_F_GON_01_ASEReadCounter.table","NW_015090842.1:10096230",15,32,17
"LOC106888185","s1015_F_GON_01_ASEReadCounter.table","NW_015090842.1:10096249",18,36,18
"LOC106888185","s1015_F_GON_01_ASEReadCounter.table","NW_015090842.1:10096272",19,44,25
"LOC106888185","s1015_F_GON_01_ASEReadCounter.table","NW_015090842.1:10096288",18,45,27
"LOC106888185","s1015_F_GON_01_ASEReadCounter.table","NW_015090842.1:10097248",23,45,22
"LOC106888185","s1015_F_GON_01_ASEReadCounter.table","NW_015090842.1:10097265",24,54,30
"LOC106888185","s1015_F_GON_01_ASEReadCounter.table","NW_015090842.1:10097446",1,4,3
"DPEP1","s1015_F_GON_01_ASEReadCounter.table","NW_015090842.1:10098017",1,3,2
"DPEP1","s1015_F_GON_01_ASEReadCounter.table","NW_015090842.1:10098518",1,7,6
"DPEP1","s1015_F_GON_01_ASEReadCounter.table","NW_015090842.1:10098595",4,14,10
"DPEP1","s1015_F_GON_01_ASEReadCounter.table","NW_015090842.1:10098597",4,12,8
"DPEP1","s1015_F_GON_01_ASEReadCounter.table","NW_015090842.1:10098601",4,14,10
"DPEP1","s1015_F_GON_01_ASEReadCounter.table","NW_015090842.1:10098608",4,13,9
"DPEP1","s1015_F_GON_01_ASEReadCounter.table","NW_015090842.1:10098630",4,12,8
"DPEP1","s1015_F_GON_01_ASEReadCounter.table","NW_015090842.1:10098659",4,16,12
"DPEP1","s1015_F_GON_01_ASEReadCounter.table","NW_015090842.1:10099765",2,19,17
"DPEP1","s1015_F_GON_01_ASEReadCounter.table","NW_015090842.1:10099985",1,17,16
"DPEP1","s1015_F_GON_01_ASEReadCounter.table","NW_015090842.1:10099986",1,17,16
"DPEP1","s1015_F_GON_01_ASEReadCounter.table","NW_015090842.1:10099991",1,19,18
"DPEP1","s1015_F_GON_01_ASEReadCounter.table","NW_015090842.1:10100044",3,15,12
"DPEP1","s1015_F_GON_01_ASEReadCounter.table","NW_015090842.1:10100045",3,15,12
"DPEP1","s1015_F_GON_01_ASEReadCounter.table","NW_015090842.1:10100084",5,16,11
"DPEP1","s1015_F_GON_01_ASEReadCounter.table","NW_015090842.1:10100295",4,21,17
"DPEP1","s1015_F_GON_01_ASEReadCounter.table","NW_015090842.1:10100529",4,17,13
"DPEP1","s1015_F_GON_01_ASEReadCounter.table","NW_015090842.1:10100893",9,22,13
"DPEP1","s1015_F_GON_01_ASEReadCounter.table","NW_015090842.1:10100902",9,23,14
"DPEP1","s1015_F_GON_01_ASEReadCounter.table","NW_015090842.1:10101072",0,17,17
"DPEP1","s1015_F_GON_01_ASEReadCounter.table","NW_015090842.1:10101199",5,17,12
"DPEP1","s1015_F_GON_01_ASEReadCounter.table","NW_015090842.1:10101483",5,17,12
"DPEP1","s1015_F_GON_01_ASEReadCounter.table","NW_015090842.1:10101497",4,15,11
"DPEP1","s1015_F_GON_01_ASEReadCounter.table","NW_015090842.1:10101525",5,13,8
"DPEP1","s1015_F_GON_01_ASEReadCounter.table","NW_015090842.1:10101875",5,20,15
"DPEP1","s1015_F_GON_01_ASEReadCounter.table","NW_015090842.1:10101913",4,17,13
"DPEP1","s1015_F_GON_01_ASEReadCounter.table","NW_015090842.1:10101996",1,12,11
"DPEP1","s1015_F_GON_01_ASEReadCounter.table","NW_015090842.1:10102014",1,12,11
"DPEP1","s1015_F_GON_01_ASEReadCounter.table","NW_015090842.1:10102035",1,9,8
"CHMP1A","s1015_F_GON_01_ASEReadCounter.table","NW_015090842.1:10102901",54,162,108
"CHMP1A","s1015_F_GON_01_ASEReadCounter.table","NW_015090842.1:10102961",43,148,105
"CHMP1A","s1015_F_GON_01_ASEReadCounter.table","NW_015090842.1:10102996",40,130,90
"CHMP1A","s1015_F_GON_01_ASEReadCounter.table","NW_015090842.1:10103004",50,141,91
"CHMP1A","s1015_F_GON_01_ASEReadCounter.table","NW_015090842.1:10103006",50,144,94
"CHMP1A","s1015_F_GON_01_ASEReadCounter.table","NW_015090842.1:10103052",86,206,120
"CHMP1A","s1015_F_GON_01_ASEReadCounter.table","NW_015090842.1:10103095",90,219,129
"CHMP1A","s1015_F_GON_01_ASEReadCounter.table","NW_015090842.1:10103096",91,222,131
"CHMP1A","s1015_F_GON_01_ASEReadCounter.table","NW_015090842.1:10103152",86,174,88
"CHMP1A","s1015_F_GON_01_ASEReadCounter.table","NW_015090842.1:10103173",87,183,96
"CHMP1A","s1015_F_GON_01_ASEReadCounter.table","NW_015090842.1:10103334",57,140,83
"CHMP1A","s1015_F_GON_01_ASEReadCounter.table","NW_015090842.1:10103373",53,139,86
"CHMP1A","s1015_F_GON_01_ASEReadCounter.table","NW_015090842.1:10103408",74,172,98
"CHMP1A","s1015_F_GON_01_ASEReadCounter.table","NW_015090842.1:10103412",75,170,95
"CHMP1A","s1015_F_GON_01_ASEReadCounter.table","NW_015090842.1:10103512",88,189,101
"CHMP1A","s1015_F_GON_01_ASEReadCounter.table","NW_015090842.1:10103513",86,187,101
"CHMP1A","s1015_F_GON_01_ASEReadCounter.table","NW_015090842.1:10103583",59,125,66
"CHMP1A","s1015_F_GON_01_ASEReadCounter.table","NW_015090842.1:10103614",55,137,82
"CHMP1A","s1015_F_GON_01_ASEReadCounter.table","NW_015090842.1:10103657",60,158,98
"CHMP1A","s1015_F_GON_01_ASEReadCounter.table","NW_015090842.1:10103669",56,150,94
"CHMP1A","s1015_F_GON_01_ASEReadCounter.table","NW_015090842.1:10103674",57,142,85
"CHMP1A","s1015_F_GON_01_ASEReadCounter.table","NW_015090842.1:10103677",57,145,88
"CHMP1A","s1015_F_GON_01_ASEReadCounter.table","NW_015090842.1:10103729",79,168,89
"CHMP1A","s1015_F_GON_01_ASEReadCounter.table","NW_015090842.1:10103758",74,154,80
"CHMP1A","s1015_F_GON_01_ASEReadCounter.table","NW_015090842.1:10103761",73,162,89
"CHMP1A","s1015_F_GON_01_ASEReadCounter.table","NW_015090842.1:10103788",100,214,114
"CHMP1A","s1015_F_GON_01_ASEReadCounter.table","NW_015090842.1:10103789",101,218,117
"CHMP1A","s1015_F_GON_01_ASEReadCounter.table","NW_015090842.1:10103790",99,213,114
"CHMP1A","s1015_F_GON_01_ASEReadCounter.table","NW_015090842.1:10103950",96,200,104
"CHMP1A","s1015_F_GON_01_ASEReadCounter.table","NW_015090842.1:10104335",81,182,101
"CHMP1A","s1015_F_GON_01_ASEReadCounter.table","NW_015090842.1:10104429",110,238,128
"CHMP1A","s1015_F_GON_01_ASEReadCounter.table","NW_015090842.1:10104532",116,259,143
"CHMP1A","s1015_F_GON_01_ASEReadCounter.table","NW_015090842.1:10104633",104,206,102
"CHMP1A","s1015_F_GON_01_ASEReadCounter.table","NW_015090842.1:10104759",103,222,119
"CHMP1A","s1015_F_GON_01_ASEReadCounter.table","NW_015090842.1:10104794",108,228,120
"CHMP1A","s1015_F_GON_01_ASEReadCounter.table","NW_015090842.1:10104841",182,182,0
"CHMP1A","s1015_F_GON_01_ASEReadCounter.table","NW_015090842.1:10104844",81,181,100
"CHMP1A","s1015_F_GON_01_ASEReadCounter.table","NW_015090842.1:10106242",91,194,103
"CHMP1A","s1015_F_GON_01_ASEReadCounter.table","NW_015090842.1:10106290",88,193,105
"CHMP1A","s1015_F_GON_01_ASEReadCounter.table","NW_015090842.1:10106335",102,232,130
"CHMP1A","s1015_F_GON_01_ASEReadCounter.table","NW_015090842.1:10106383",127,298,171
"CHMP1A","s1015_F_GON_01_ASEReadCounter.table","NW_015090842.1:10106747",139,293,154
"CHMP1A","s1015_F_GON_01_ASEReadCounter.table","NW_015090842.1:10107404",126,287,161
"CHMP1A","s1015_F_GON_01_ASEReadCounter.table","NW_015090842.1:10107876",116,251,135
"CDK10","s1015_F_GON_01_ASEReadCounter.table","NW_015090842.1:10109030",17,18,1
"CDK10","s1015_F_GON_01_ASEReadCounter.table","NW_015090842.1:10109963",80,183,103
"CDK10","s1015_F_GON_01_ASEReadCounter.table","NW_015090842.1:10110887",70,157,87
"CDK10","s1015_F_GON_01_ASEReadCounter.table","NW_015090842.1:10111254",57,126,69
"CDK10","s1015_F_GON_01_ASEReadCounter.table","NW_015090842.1:10111380",57,137,80
"CDK10","s1015_F_GON_01_ASEReadCounter.table","NW_015090842.1:10111395",60,142,82
"CDK10","s1015_F_GON_01_ASEReadCounter.table","NW_015090842.1:10111437",30,111,81
"CDK10","s1015_F_GON_01_ASEReadCounter.table","NW_015090842.1:10111798",60,163,103
"CDK10","s1015_F_GON_01_ASEReadCounter.table","NW_015090842.1:10111840",49,131,82
"CDK10","s1015_F_GON_01_ASEReadCounter.table","NW_015090842.1:10112031",58,141,83
"CDK10","s1015_F_GON_01_ASEReadCounter.table","NW_015090842.1:10112285",60,149,89
"CDK10","s1015_F_GON_01_ASEReadCounter.table","NW_015090842.1:10112398",74,167,93
"CDK10","s1015_F_GON_01_ASEReadCounter.table","NW_015090842.1:10112455",64,144,80
"CDK10","s1015_F_GON_01_ASEReadCounter.table","NW_015090842.1:10112461",58,132,74
"CDK10","s1015_F_GON_01_ASEReadCounter.table","NW_015090842.1:10112497",32,96,64
"CDK10","s1015_F_GON_01_ASEReadCounter.table","NW_015090842.1:10112508",27,91,64
"CDK10","s1015_F_GON_01_ASEReadCounter.table","NW_015090842.1:10112518",20,79,59
"CDK10","s1015_F_GON_01_ASEReadCounter.table","NW_015090842.1:10112540",26,101,75
"CDK10","s1015_F_GON_01_ASEReadCounter.table","NW_015090842.1:10112556",51,122,71
"CDK10","s1015_F_GON_01_ASEReadCounter.table","NW_015090842.1:10112561",53,134,81
"CDK10","s1015_F_GON_01_ASEReadCounter.table","NW_015090842.1:10112596",58,137,79
"CDK10","s1015_F_GON_01_ASEReadCounter.table","NW_015090842.1:10112630",48,107,59
"CDK10","s1015_F_GON_01_ASEReadCounter.table","NW_015090842.1:10112656",43,93,50
"CDK10","s1015_F_GON_01_ASEReadCounter.table","NW_015090842.1:10112665",38,75,37
"CDK10","s1015_F_GON_01_ASEReadCounter.table","NW_015090842.1:10112668",37,76,39
"CDK10","s1015_F_GON_01_ASEReadCounter.table","NW_015090842.1:10112781",22,47,25
"CDK10","s1015_F_GON_01_ASEReadCounter.table","NW_015090842.1:10112782",22,47,25
"CDK10","s1015_F_GON_01_ASEReadCounter.table","NW_015090842.1:10112795",20,42,22
"CDK10","s1015_F_GON_01_ASEReadCounter.table","NW_015090842.1:10112841",5,13,8
"CDK10","s1015_F_GON_01_ASEReadCounter.table","NW_015090842.1:10112861",4,13,9
"SPATA2L","s1015_F_GON_01_ASEReadCounter.table","NW_015090842.1:10113212",7,10,3
"SPATA2L","s1015_F_GON_01_ASEReadCounter.table","NW_015090842.1:10113280",9,21,12
"SPATA2L","s1015_F_GON_01_ASEReadCounter.table","NW_015090842.1:10113296",7,19,12
"SPATA2L","s1015_F_GON_01_ASEReadCounter.table","NW_015090842.1:10113321",8,21,13
"SPATA2L","s1015_F_GON_01_ASEReadCounter.table","NW_015090842.1:10113332",9,24,15
"SPATA2L","s1015_F_GON_01_ASEReadCounter.table","NW_015090842.1:10113380",9,21,12
"SPATA2L","s1015_F_GON_01_ASEReadCounter.table","NW_015090842.1:10113381",9,22,13
"SPATA2L","s1015_F_GON_01_ASEReadCounter.table","NW_015090842.1:10113412",11,25,14
"SPATA2L","s1015_F_GON_01_ASEReadCounter.table","NW_015090842.1:10113421",13,27,14
"SPATA2L","s1015_F_GON_01_ASEReadCounter.table","NW_015090842.1:10113465",13,26,13
"SPATA2L","s1015_F_GON_01_ASEReadCounter.table","NW_015090842.1:10113535",10,28,18
"SPATA2L","s1015_F_GON_01_ASEReadCounter.table","NW_015090842.1:10113645",17,34,17
"SPATA2L","s1015_F_GON_01_ASEReadCounter.table","NW_015090842.1:10113682",22,45,23
"SPATA2L","s1015_F_GON_01_ASEReadCounter.table","NW_015090842.1:10113696",17,35,18
"SPATA2L","s1015_F_GON_01_ASEReadCounter.table","NW_015090842.1:10113727",14,37,23
"SPATA2L","s1015_F_GON_01_ASEReadCounter.table","NW_015090842.1:10113799",11,39,28
"SPATA2L","s1015_F_GON_01_ASEReadCounter.table","NW_015090842.1:10113809",12,41,29
"SPATA2L","s1015_F_GON_01_ASEReadCounter.table","NW_015090842.1:10113827",13,37,24
"SPATA2L","s1015_F_GON_01_ASEReadCounter.table","NW_015090842.1:10113831",13,39,26
"SPATA2L","s1015_F_GON_01_ASEReadCounter.table","NW_015090842.1:10113894",10,33,23
"SPATA2L","s1015_F_GON_01_ASEReadCounter.table","NW_015090842.1:10113905",8,28,20
"SPATA2L","s1015_F_GON_01_ASEReadCounter.table","NW_015090842.1:10113914",10,28,18
"SPATA2L","s1015_F_GON_01_ASEReadCounter.table","NW_015090842.1:10113920",13,33,20
"SPATA2L","s1015_F_GON_01_ASEReadCounter.table","NW_015090842.1:10113937",19,43,24
"SPATA2L","s1015_F_GON_01_ASEReadCounter.table","NW_015090842.1:10113971",18,41,23
"SPATA2L","s1015_F_GON_01_ASEReadCounter.table","NW_015090842.1:10113976",14,41,27
"SPATA2L","s1015_F_GON_01_ASEReadCounter.table","NW_015090842.1:10113985",15,36,21
"SPATA2L","s1015_F_GON_01_ASEReadCounter.table","NW_015090842.1:10113994",17,42,25
"SPATA2L","s1015_F_GON_01_ASEReadCounter.table","NW_015090842.1:10114063",13,27,14
"SPATA2L","s1015_F_GON_01_ASEReadCounter.table","NW_015090842.1:10114066",13,26,13
"SPATA2L","s1015_F_GON_01_ASEReadCounter.table","NW_015090842.1:10114069",14,29,15
"SPATA2L","s1015_F_GON_01_ASEReadCounter.table","NW_015090842.1:10114121",8,23,15
"SPATA2L","s1015_F_GON_01_ASEReadCounter.table","NW_015090842.1:10114159",4,27,23
"SPATA2L","s1015_F_GON_01_ASEReadCounter.table","NW_015090842.1:10114282",9,23,14
"SPATA2L","s1015_F_GON_01_ASEReadCounter.table","NW_015090842.1:10114470",10,29,19
"SPATA2L","s1015_F_GON_01_ASEReadCounter.table","NW_015090842.1:10114524",9,24,15
"VPS9D1","s1015_F_GON_01_ASEReadCounter.table","NW_015090842.1:10116377",6,12,6
"VPS9D1","s1015_F_GON_01_ASEReadCounter.table","NW_015090842.1:10116415",5,13,8
"VPS9D1","s1015_F_GON_01_ASEReadCounter.table","NW_015090842.1:10116607",7,12,5
"VPS9D1","s1015_F_GON_01_ASEReadCounter.table","NW_015090842.1:10116816",10,10,0
"VPS9D1","s1015_F_GON_01_ASEReadCounter.table","NW_015090842.1:10116821",4,10,6
"VPS9D1","s1015_F_GON_01_ASEReadCounter.table","NW_015090842.1:10116825",5,12,7
"VPS9D1","s1015_F_GON_01_ASEReadCounter.table","NW_015090842.1:10116882",9,13,4
"VPS9D1","s1015_F_GON_01_ASEReadCounter.table","NW_015090842.1:10116885",8,12,4
"VPS9D1","s1015_F_GON_01_ASEReadCounter.table","NW_015090842.1:10116933",9,11,2
"VPS9D1","s1015_F_GON_01_ASEReadCounter.table","NW_015090842.1:10116942",7,9,2
"VPS9D1","s1015_F_GON_01_ASEReadCounter.table","NW_015090842.1:10117152",6,11,5
"VPS9D1","s1015_F_GON_01_ASEReadCounter.table","NW_015090842.1:10117396",11,11,0
"VPS9D1","s1015_F_GON_01_ASEReadCounter.table","NW_015090842.1:10117405",6,6,0
"VPS9D1","s1015_F_GON_01_ASEReadCounter.table","NW_015090842.1:10117480",8,10,2
"VPS9D1","s1015_F_GON_01_ASEReadCounter.table","NW_015090842.1:10117497",8,10,2
"VPS9D1","s1015_F_GON_01_ASEReadCounter.table","NW_015090842.1:10117499",8,10,2
"VPS9D1","s1015_F_GON_01_ASEReadCounter.table","NW_015090842.1:10117516",10,13,3
"VPS9D1","s1015_F_GON_01_ASEReadCounter.table","NW_015090842.1:10117525",10,12,2
"VPS9D1","s1015_F_GON_01_ASEReadCounter.table","NW_015090842.1:10117579",15,19,4
"VPS9D1","s1015_F_GON_01_ASEReadCounter.table","NW_015090842.1:10117627",15,20,5
"VPS9D1","s1015_F_GON_01_ASEReadCounter.table","NW_015090842.1:10117678",9,12,3
"VPS9D1","s1015_F_GON_01_ASEReadCounter.table","NW_015090842.1:10117773",8,12,4
"VPS9D1","s1015_F_GON_01_ASEReadCounter.table","NW_015090842.1:10117937",12,17,5
"VPS9D1","s1015_F_GON_01_ASEReadCounter.table","NW_015090842.1:10117961",12,19,7
"VPS9D1","s1015_F_GON_01_ASEReadCounter.table","NW_015090842.1:10118236",14,22,8
"VPS9D1","s1015_F_GON_01_ASEReadCounter.table","NW_015090842.1:10118414",15,25,10
"VPS9D1","s1015_F_GON_01_ASEReadCounter.table","NW_015090842.1:10118973",6,13,7
"VPS9D1","s1015_F_GON_01_ASEReadCounter.table","NW_015090842.1:10119500",10,16,6
"ZNF276","s1015_F_GON_01_ASEReadCounter.table","NW_015090842.1:10121760",3,11,8
"ZNF276","s1015_F_GON_01_ASEReadCounter.table","NW_015090842.1:10121769",3,13,10
"ZNF276","s1015_F_GON_01_ASEReadCounter.table","NW_015090842.1:10121802",4,12,8
"ZNF276","s1015_F_GON_01_ASEReadCounter.table","NW_015090842.1:10121971",8,22,14
"ZNF276","s1015_F_GON_01_ASEReadCounter.table","NW_015090842.1:10122883",9,14,5
"ZNF276","s1015_F_GON_01_ASEReadCounter.table","NW_015090842.1:10123069",6,20,14
"ZNF276","s1015_F_GON_01_ASEReadCounter.table","NW_015090842.1:10123207",13,36,23
"ZNF276","s1015_F_GON_01_ASEReadCounter.table","NW_015090842.1:10125787",21,46,25
"ZNF276","s1015_F_GON_01_ASEReadCounter.table","NW_015090842.1:10126309",11,35,24
"ZNF276","s1015_F_GON_01_ASEReadCounter.table","NW_015090842.1:10126348",8,37,29
"ZNF276","s1015_F_GON_01_ASEReadCounter.table","NW_015090842.1:10126978",17,44,27
"ZNF276","s1015_F_GON_01_ASEReadCounter.table","NW_015090842.1:10126991",17,42,25
"ZNF276","s1015_F_GON_01_ASEReadCounter.table","NW_015090842.1:10127023",13,39,26
"ZNF276","s1015_F_GON_01_ASEReadCounter.table","NW_015090842.1:10127063",16,42,26
"ZNF276","s1015_F_GON_01_ASEReadCounter.table","NW_015090842.1:10127373",10,33,23
"ZNF276","s1015_F_GON_01_ASEReadCounter.table","NW_015090842.1:10127931",20,37,17
"ZNF276","s1015_F_GON_01_ASEReadCounter.table","NW_015090842.1:10128070",13,33,20
"ZNF276","s1015_F_GON_01_ASEReadCounter.table","NW_015090842.1:10128102",18,36,18
"ZNF276","s1015_F_GON_01_ASEReadCounter.table","NW_015090842.1:10128356",13,31,18
"ZNF276","s1015_F_GON_01_ASEReadCounter.table","NW_015090842.1:10128497",15,30,15
"FANCA","s1015_F_GON_01_ASEReadCounter.table","NW_015090842.1:10128743",18,31,13
"FANCA","s1015_F_GON_01_ASEReadCounter.table","NW_015090842.1:10128822",21,43,22
"FANCA","s1015_F_GON_01_ASEReadCounter.table","NW_015090842.1:10129383",23,55,32
"FANCA","s1015_F_GON_01_ASEReadCounter.table","NW_015090842.1:10129390",21,57,36
"FANCA","s1015_F_GON_01_ASEReadCounter.table","NW_015090842.1:10129422",23,50,27
"FANCA","s1015_F_GON_01_ASEReadCounter.table","NW_015090842.1:10129969",27,58,31
"FANCA","s1015_F_GON_01_ASEReadCounter.table","NW_015090842.1:10130399",33,70,37
"FANCA","s1015_F_GON_01_ASEReadCounter.table","NW_015090842.1:10130857",28,58,30
"FANCA","s1015_F_GON_01_ASEReadCounter.table","NW_015090842.1:10130878",22,52,30
"FANCA","s1015_F_GON_01_ASEReadCounter.table","NW_015090842.1:10133530",23,50,27
"FANCA","s1015_F_GON_01_ASEReadCounter.table","NW_015090842.1:10133533",21,51,30
"FANCA","s1015_F_GON_01_ASEReadCounter.table","NW_015090842.1:10133536",20,52,32
"FANCA","s1015_F_GON_01_ASEReadCounter.table","NW_015090842.1:10133601",23,61,38
"FANCA","s1015_F_GON_01_ASEReadCounter.table","NW_015090842.1:10134492",24,49,25
"FANCA","s1015_F_GON_01_ASEReadCounter.table","NW_015090842.1:10134531",25,54,29
"FANCA","s1015_F_GON_01_ASEReadCounter.table","NW_015090842.1:10136957",22,52,30
"FANCA","s1015_F_GON_01_ASEReadCounter.table","NW_015090842.1:10136982",19,44,25
"FANCA","s1015_F_GON_01_ASEReadCounter.table","NW_015090842.1:10136999",14,37,23
"FANCA","s1015_F_GON_01_ASEReadCounter.table","NW_015090842.1:10137019",24,47,23
"FANCA","s1015_F_GON_01_ASEReadCounter.table","NW_015090842.1:10137673",31,52,21
"FANCA","s1015_F_GON_01_ASEReadCounter.table","NW_015090842.1:10138618",18,41,23
"FANCA","s1015_F_GON_01_ASEReadCounter.table","NW_015090842.1:10139140",22,50,28
"FANCA","s1015_F_GON_01_ASEReadCounter.table","NW_015090842.1:10140699",22,53,31
"FANCA","s1015_F_GON_01_ASEReadCounter.table","NW_015090842.1:10141234",25,43,18
"FANCA","s1015_F_GON_01_ASEReadCounter.table","NW_015090842.1:10145030",25,40,15
"FANCA","s1015_F_GON_01_ASEReadCounter.table","NW_015090842.1:10150518",9,17,8
"FANCA","s1015_F_GON_01_ASEReadCounter.table","NW_015090842.1:10152863",16,37,21
"FANCA","s1015_F_GON_01_ASEReadCounter.table","NW_015090842.1:10154490",15,40,25
"FANCA","s1015_F_GON_01_ASEReadCounter.table","NW_015090842.1:10158162",17,34,17
"FANCA","s1015_F_GON_01_ASEReadCounter.table","NW_015090842.1:10158957",18,33,15
"FANCA","s1015_F_GON_01_ASEReadCounter.table","NW_015090842.1:10160177",12,25,13
"FANCA","s1015_F_GON_01_ASEReadCounter.table","NW_015090842.1:10162980",19,32,13
"FANCA","s1015_F_GON_01_ASEReadCounter.table","NW_015090842.1:10163667",11,23,12
"FANCA","s1015_F_GON_01_ASEReadCounter.table","NW_015090842.1:10164257",18,28,10
"FANCA","s1015_F_GON_01_ASEReadCounter.table","NW_015090842.1:10165331",19,42,23
"SPIRE2","s1015_F_GON_01_ASEReadCounter.table","NW_015090842.1:10172284",2,2,0
"SPIRE2","s1015_F_GON_01_ASEReadCounter.table","NW_015090842.1:10175262",5,5,0
"SPIRE2","s1015_F_GON_01_ASEReadCounter.table","NW_015090842.1:10175352",2,2,0
"SPIRE2","s1015_F_GON_01_ASEReadCounter.table","NW_015090842.1:10175400",10,11,1
"SPIRE2","s1015_F_GON_01_ASEReadCounter.table","NW_015090842.1:10175418",10,11,1
"SPIRE2","s1015_F_GON_01_ASEReadCounter.table","NW_015090842.1:10175704",16,16,0
"SPIRE2","s1015_F_GON_01_ASEReadCounter.table","NW_015090842.1:10176115",13,13,0
"SPIRE2","s1015_F_GON_01_ASEReadCounter.table","NW_015090842.1:10176561",18,18,0
"SPIRE2","s1015_F_GON_01_ASEReadCounter.table","NW_015090842.1:10176817",19,22,3
"SPIRE2","s1015_F_GON_01_ASEReadCounter.table","NW_015090842.1:10177084",7,8,1
"SPIRE2","s1015_F_GON_01_ASEReadCounter.table","NW_015090842.1:10177110",8,9,1
"SPIRE2","s1015_F_GON_01_ASEReadCounter.table","NW_015090842.1:10177838",14,17,3
"SPIRE2","s1015_F_GON_01_ASEReadCounter.table","NW_015090842.1:10178000",12,13,1
"SPIRE2","s1015_F_GON_01_ASEReadCounter.table","NW_015090842.1:10178164",11,12,1
"SPIRE2","s1015_F_GON_01_ASEReadCounter.table","NW_015090842.1:10178216",9,11,2
"SPIRE2","s1015_F_GON_01_ASEReadCounter.table","NW_015090842.1:10178403",11,12,1
"SPIRE2","s1015_F_GON_01_ASEReadCounter.table","NW_015090842.1:10178409",11,12,1
"SPIRE2","s1015_F_GON_01_ASEReadCounter.table","NW_015090842.1:10178524",7,8,1
"SPIRE2","s1015_F_GON_01_ASEReadCounter.table","NW_015090842.1:10178526",6,7,1
"SPIRE2","s1015_F_GON_01_ASEReadCounter.table","NW_015090842.1:10178531",7,8,1
"SPIRE2","s1015_F_GON_01_ASEReadCounter.table","NW_015090842.1:10178565",8,8,0
"SPIRE2","s1015_F_GON_01_ASEReadCounter.table","NW_015090842.1:10178587",5,5,0
"SPIRE2","s1015_F_GON_01_ASEReadCounter.table","NW_015090842.1:10178640",9,10,1
"SPIRE2","s1015_F_GON_01_ASEReadCounter.table","NW_015090842.1:10178651",10,11,1
"SPIRE2","s1015_F_GON_01_ASEReadCounter.table","NW_015090842.1:10178682",10,11,1
"TCF25","s1015_F_GON_01_ASEReadCounter.table","NW_015090842.1:10180912",66,132,66
"TCF25","s1015_F_GON_01_ASEReadCounter.table","NW_015090842.1:10180924",61,123,62
"TCF25","s1015_F_GON_01_ASEReadCounter.table","NW_015090842.1:10180931",61,125,64
"TCF25","s1015_F_GON_01_ASEReadCounter.table","NW_015090842.1:10185332",157,332,175
"TCF25","s1015_F_GON_01_ASEReadCounter.table","NW_015090842.1:10188816",125,261,136
"DBNDD1","s1015_F_GON_01_ASEReadCounter.table","NW_015090842.1:10223105",123,290,167
"GAS8","s1015_F_GON_01_ASEReadCounter.table","NW_015090842.1:10228982",742,1562,820
"GAS8","s1015_F_GON_01_ASEReadCounter.table","NW_015090842.1:10229832",614,1240,626
"GAS8","s1015_F_GON_01_ASEReadCounter.table","NW_015090842.1:10232375",588,1194,606
"GAS8","s1015_F_GON_01_ASEReadCounter.table","NW_015090842.1:10232901",444,882,438
"GAS8","s1015_F_GON_01_ASEReadCounter.table","NW_015090842.1:10232928",347,678,331
"GAS8","s1015_F_GON_01_ASEReadCounter.table","NW_015090842.1:10232967",271,552,281
"GAS8","s1015_F_GON_01_ASEReadCounter.table","NW_015090842.1:10233032",146,306,160
"GAS8","s1015_F_GON_01_ASEReadCounter.table","NW_015090842.1:10233057",112,235,123
"GAS8","s1015_F_GON_01_ASEReadCounter.table","NW_015090842.1:10233058",113,240,127
"GAS8","s1015_F_GON_01_ASEReadCounter.table","NW_015090842.1:10233176",119,216,97
"GAS8","s1015_F_GON_01_ASEReadCounter.table","NW_015090842.1:10233196",117,217,100
"GAS8","s1015_F_GON_01_ASEReadCounter.table","NW_015090842.1:10233252",84,152,68
"GAS8","s1015_F_GON_01_ASEReadCounter.table","NW_015090842.1:10233303",37,69,32
"LOC106888094","s1015_F_GON_01_ASEReadCounter.table","NW_015090842.1:10233334",2,6,4
"LOC106888094","s1015_F_GON_01_ASEReadCounter.table","NW_015090842.1:10233362",4,14,10
"LOC106888094","s1015_F_GON_01_ASEReadCounter.table","NW_015090842.1:10233373",6,18,12
"LOC106888094","s1015_F_GON_01_ASEReadCounter.table","NW_015090842.1:10233388",7,18,11
"LOC106888094","s1015_F_GON_01_ASEReadCounter.table","NW_015090842.1:10233402",8,18,10
"LOC106888094","s1015_F_GON_01_ASEReadCounter.table","NW_015090842.1:10233465",12,27,15
"LOC106888094","s1015_F_GON_01_ASEReadCounter.table","NW_015090842.1:10233803",7,32,25
"LOC106888094","s1015_F_GON_01_ASEReadCounter.table","NW_015090842.1:10233815",7,32,25
"LOC106888094","s1015_F_GON_01_ASEReadCounter.table","NW_015090842.1:10235484",9,13,4
"LOC106888094","s1015_F_GON_01_ASEReadCounter.table","NW_015090842.1:10235611",10,16,6
"LOC106888094","s1015_F_GON_01_ASEReadCounter.table","NW_015090842.1:10236098",10,16,6
"LOC106888094","s1015_F_GON_01_ASEReadCounter.table","NW_015090842.1:10236161",5,10,5
"LOC106888094","s1015_F_GON_01_ASEReadCounter.table","NW_015090842.1:10236380",8,10,2
"LOC106888094","s1015_F_GON_01_ASEReadCounter.table","NW_015090842.1:10236388",8,11,3
"LOC106888094","s1015_F_GON_01_ASEReadCounter.table","NW_015090842.1:10236425",7,9,2
"LOC106888094","s1015_F_GON_01_ASEReadCounter.table","NW_015090842.1:10236426",7,9,2
"LOC106888094","s1015_F_GON_01_ASEReadCounter.table","NW_015090842.1:10236603",5,7,2
"LOC106888173","s1015_F_GON_01_ASEReadCounter.table","NW_015090842.1:10239596",6,20,14
"LOC106888173","s1015_F_GON_01_ASEReadCounter.table","NW_015090842.1:10240036",19,55,36
"LOC106888173","s1015_F_GON_01_ASEReadCounter.table","NW_015090842.1:10240095",27,67,40
"LOC106888173","s1015_F_GON_01_ASEReadCounter.table","NW_015090842.1:10240280",17,72,55
"LOC106888173","s1015_F_GON_01_ASEReadCounter.table","NW_015090842.1:10240557",38,100,62
"LOC106888173","s1015_F_GON_01_ASEReadCounter.table","NW_015090842.1:10240603",35,103,68
"LOC106888173","s1015_F_GON_01_ASEReadCounter.table","NW_015090842.1:10240609",34,104,70
"LOC106888173","s1015_F_GON_01_ASEReadCounter.table","NW_015090842.1:10240690",35,103,68
"LOC106888173","s1015_F_GON_01_ASEReadCounter.table","NW_015090842.1:10240924",25,70,45
"LOC106888173","s1015_F_GON_01_ASEReadCounter.table","NW_015090842.1:10241037",16,59,43
"LOC106888173","s1015_F_GON_01_ASEReadCounter.table","NW_015090842.1:10241046",21,62,41
"LOC106888173","s1015_F_GON_01_ASEReadCounter.table","NW_015090842.1:10241058",26,67,41
"LOC106888173","s1015_F_GON_01_ASEReadCounter.table","NW_015090842.1:10241064",26,66,40
"LOC106888173","s1015_F_GON_01_ASEReadCounter.table","NW_015090842.1:10241103",96,96,0
"LOC106888173","s1015_F_GON_01_ASEReadCounter.table","NW_015090842.1:10241163",32,80,48
"LOC106888173","s1015_F_GON_01_ASEReadCounter.table","NW_015090842.1:10241803",31,81,50
"LOC106888173","s1015_F_GON_01_ASEReadCounter.table","NW_015090842.1:10241827",29,86,57
"LOC106888173","s1015_F_GON_01_ASEReadCounter.table","NW_015090842.1:10241869",32,98,66
"LOC106888173","s1015_F_GON_01_ASEReadCounter.table","NW_015090842.1:10242079",24,70,46
"LOC106888173","s1015_F_GON_01_ASEReadCounter.table","NW_015090842.1:10242103",27,74,47
"LOC106888173","s1015_F_GON_01_ASEReadCounter.table","NW_015090842.1:10242157",26,70,44
"LOC106888173","s1015_F_GON_01_ASEReadCounter.table","NW_015090842.1:10242455",29,77,48
"LOC106888173","s1015_F_GON_01_ASEReadCounter.table","NW_015090842.1:10242481",33,82,49
"LOC106888173","s1015_F_GON_01_ASEReadCounter.table","NW_015090842.1:10242590",22,54,32
"LOC106888173","s1015_F_GON_01_ASEReadCounter.table","NW_015090842.1:10242794",22,62,40
"LOC106888173","s1015_F_GON_01_ASEReadCounter.table","NW_015090842.1:10242909",23,61,38
"LOC106888173","s1015_F_GON_01_ASEReadCounter.table","NW_015090842.1:10243094",27,65,38
"LOC106888173","s1015_F_GON_01_ASEReadCounter.table","NW_015090842.1:10243133",19,49,30
"LOC106888173","s1015_F_GON_01_ASEReadCounter.table","NW_015090842.1:10243273",25,66,41
"LOC106888173","s1015_F_GON_01_ASEReadCounter.table","NW_015090842.1:10243278",29,70,41
"LOC106888173","s1015_F_GON_01_ASEReadCounter.table","NW_015090842.1:10243281",29,69,40
"LOC106888173","s1015_F_GON_01_ASEReadCounter.table","NW_015090842.1:10243347",35,35,0
"LOC106888173","s1015_F_GON_01_ASEReadCounter.table","NW_015090842.1:10243353",19,32,13
"LOC106888173","s1015_F_GON_01_ASEReadCounter.table","NW_015090842.1:10243363",16,22,6
"LOC106888173","s1015_F_GON_01_ASEReadCounter.table","NW_015090842.1:10243365",15,22,7
"LOC106888173","s1015_F_GON_01_ASEReadCounter.table","NW_015090842.1:10243566",23,66,43
"LOC106888173","s1015_F_GON_01_ASEReadCounter.table","NW_015090842.1:10243605",27,67,40
"LOC106888173","s1015_F_GON_01_ASEReadCounter.table","NW_015090842.1:10243614",26,65,39
"LOC106888173","s1015_F_GON_01_ASEReadCounter.table","NW_015090842.1:10243615",26,66,40
"LOC106888173","s1015_F_GON_01_ASEReadCounter.table","NW_015090842.1:10243640",27,65,38
"LOC106888173","s1015_F_GON_01_ASEReadCounter.table","NW_015090842.1:10243680",29,58,29
"LOC106888173","s1015_F_GON_01_ASEReadCounter.table","NW_015090842.1:10243742",37,76,39
"LOC106888173","s1015_F_GON_01_ASEReadCounter.table","NW_015090842.1:10243804",22,44,22
"LOC106888173","s1015_F_GON_01_ASEReadCounter.table","NW_015090842.1:10243913",6,12,6
"LOC106888173","s1015_F_GON_01_ASEReadCounter.table","NW_015090842.1:10243921",6,12,6
"LOC106888384","s1015_F_GON_01_ASEReadCounter.table","NW_015090842.1:10244714",0,3,3
"LOC106888384","s1015_F_GON_01_ASEReadCounter.table","NW_015090842.1:10244942",2,4,2
"LOC106888384","s1015_F_GON_01_ASEReadCounter.table","NW_015090842.1:10244998",1,3,2
"LOC106888384","s1015_F_GON_01_ASEReadCounter.table","NW_015090842.1:10250743",2,6,4
"LOC106888384","s1015_F_GON_01_ASEReadCounter.table","NW_015090842.1:10250771",2,6,4
"LOC106888384","s1015_F_GON_01_ASEReadCounter.table","NW_015090842.1:10251339",3,3,0
"LOC106888384","s1015_F_GON_01_ASEReadCounter.table","NW_015090842.1:10251343",3,3,0
"LOC106888384","s1015_F_GON_01_ASEReadCounter.table","NW_015090842.1:10251344",3,3,0
"LOC106888384","s1015_F_GON_01_ASEReadCounter.table","NW_015090842.1:10251349",3,3,0
"LOC106888384","s1015_F_GON_01_ASEReadCounter.table","NW_015090842.1:10251354",3,13,10
"LOC106888384","s1015_F_GON_01_ASEReadCounter.table","NW_015090842.1:10251358",3,13,10
"LOC106888384","s1015_F_GON_01_ASEReadCounter.table","NW_015090842.1:10251369",2,11,9
"LOC106888384","s1015_F_GON_01_ASEReadCounter.table","NW_015090842.1:10251370",2,11,9
"LOC106888384","s1015_F_GON_01_ASEReadCounter.table","NW_015090842.1:10251375",0,9,9
"LOC106888384","s1015_F_GON_01_ASEReadCounter.table","NW_015090842.1:10251388",0,9,9
"LOC106888384","s1015_F_GON_01_ASEReadCounter.table","NW_015090842.1:10251390",0,8,8
"LOC106888384","s1015_F_GON_01_ASEReadCounter.table","NW_015090842.1:10251393",0,7,7
"LOC106888384","s1015_F_GON_01_ASEReadCounter.table","NW_015090842.1:10251399",0,7,7
"LOC106888384","s1015_F_GON_01_ASEReadCounter.table","NW_015090842.1:10253165",6,9,3
"LOC106888384","s1015_F_GON_01_ASEReadCounter.table","NW_015090842.1:10253284",3,8,5
"LOC106888384","s1015_F_GON_01_ASEReadCounter.table","NW_015090842.1:10254028",4,8,4
"LOC106888384","s1015_F_GON_01_ASEReadCounter.table","NW_015090842.1:10254227",3,8,5
"LOC106888384","s1015_F_GON_01_ASEReadCounter.table","NW_015090842.1:10254233",3,8,5
"LOC106888384","s1015_F_GON_01_ASEReadCounter.table","NW_015090842.1:10254263",4,8,4
"LOC106888384","s1015_F_GON_01_ASEReadCounter.table","NW_015090842.1:10254293",4,5,1
"LOC106888384","s1015_F_GON_01_ASEReadCounter.table","NW_015090842.1:10254570",2,3,1
"LOC106888384","s1015_F_GON_01_ASEReadCounter.table","NW_015090842.1:10254605",1,1,0
"LOC106888384","s1015_F_GON_01_ASEReadCounter.table","NW_015090842.1:10254608",2,2,0
"LOC106888384","s1015_F_GON_01_ASEReadCounter.table","NW_015090842.1:10254618",1,1,0
"LOC106888384","s1015_F_GON_01_ASEReadCounter.table","NW_015090842.1:10254620",1,1,0
"LOC106888384","s1015_F_GON_01_ASEReadCounter.table","NW_015090842.1:10254623",1,1,0
"LOC106888384","s1015_F_GON_01_ASEReadCounter.table","NW_015090842.1:10254624",1,1,0
"LOC106888384","s1015_F_GON_01_ASEReadCounter.table","NW_015090842.1:10254627",1,1,0
"LOC106888384","s1015_F_GON_01_ASEReadCounter.table","NW_015090842.1:10254629",1,1,0
"LOC106888384","s1015_F_GON_01_ASEReadCounter.table","NW_015090842.1:10254647",1,1,0
"LOC106888384","s1015_F_GON_01_ASEReadCounter.table","NW_015090842.1:10254840",2,2,0
"LOC106888384","s1015_F_GON_01_ASEReadCounter.table","NW_015090842.1:10254891",2,2,0
"LOC106888384","s1015_F_GON_01_ASEReadCounter.table","NW_015090842.1:10254900",1,2,1
"LOC106888384","s1015_F_GON_01_ASEReadCounter.table","NW_015090842.1:10254915",1,4,3
"LOC106888384","s1015_F_GON_01_ASEReadCounter.table","NW_015090842.1:10254965",4,4,0
"LOC106888384","s1015_F_GON_01_ASEReadCounter.table","NW_015090842.1:10254975",2,4,2
"LOC106888384","s1015_F_GON_01_ASEReadCounter.table","NW_015090842.1:10255077",1,3,2
"LOC106888384","s1015_F_GON_01_ASEReadCounter.table","NW_015090842.1:10255117",1,3,2
"LOC106888384","s1015_F_GON_01_ASEReadCounter.table","NW_015090842.1:10255138",1,2,1
"LOC106888384","s1015_F_GON_01_ASEReadCounter.table","NW_015090842.1:10255139",1,2,1
"LOC106888384","s1015_F_GON_01_ASEReadCounter.table","NW_015090842.1:10255209",0,3,3
"LOC106888384","s1015_F_GON_01_ASEReadCounter.table","NW_015090842.1:10255211",0,3,3
"LOC106888384","s1015_F_GON_01_ASEReadCounter.table","NW_015090842.1:10255236",0,4,4
"LOC106888384","s1015_F_GON_01_ASEReadCounter.table","NW_015090842.1:10255262",0,4,4
"LOC106888384","s1015_F_GON_01_ASEReadCounter.table","NW_015090842.1:10255264",0,4,4
"LOC106888384","s1015_F_GON_01_ASEReadCounter.table","NW_015090842.1:10255306",2,6,4
"LOC106888384","s1015_F_GON_01_ASEReadCounter.table","NW_015090842.1:10255340",3,9,6
"LOC106888384","s1015_F_GON_01_ASEReadCounter.table","NW_015090842.1:10255410",2,8,6
"LOC106888384","s1015_F_GON_01_ASEReadCounter.table","NW_015090842.1:10255449",2,4,2
"LOC106888384","s1015_F_GON_01_ASEReadCounter.table","NW_015090842.1:10255496",3,4,1
"LOC106888384","s1015_F_GON_01_ASEReadCounter.table","NW_015090842.1:10255505",2,2,0
"LOC106888384","s1015_F_GON_01_ASEReadCounter.table","NW_015090842.1:10255531",2,5,3
"LOC106888384","s1015_F_GON_01_ASEReadCounter.table","NW_015090842.1:10255608",5,15,10
"LOC106888384","s1015_F_GON_01_ASEReadCounter.table","NW_015090842.1:10255704",54,66,12
"LOC106888384","s1015_F_GON_01_ASEReadCounter.table","NW_015090842.1:10255731",63,73,10
"LOC106888384","s1015_F_GON_01_ASEReadCounter.table","NW_015090842.1:10255771",53,65,12
"TANGO6","s1015_F_GON_01_ASEReadCounter.table","NW_015090842.1:10257782",42,80,38
"TANGO6","s1015_F_GON_01_ASEReadCounter.table","NW_015090842.1:10258162",28,68,40
"TANGO6","s1015_F_GON_01_ASEReadCounter.table","NW_015090842.1:10258185",29,71,42
"TANGO6","s1015_F_GON_01_ASEReadCounter.table","NW_015090842.1:10259267",42,98,56
"TANGO6","s1015_F_GON_01_ASEReadCounter.table","NW_015090842.1:10260250",121,220,99
"TANGO6","s1015_F_GON_01_ASEReadCounter.table","NW_015090842.1:10260289",95,197,102
"TANGO6","s1015_F_GON_01_ASEReadCounter.table","NW_015090842.1:10260309",81,176,95
"TANGO6","s1015_F_GON_01_ASEReadCounter.table","NW_015090842.1:10260979",59,128,69
"TANGO6","s1015_F_GON_01_ASEReadCounter.table","NW_015090842.1:10261599",65,164,99
"TANGO6","s1015_F_GON_01_ASEReadCounter.table","NW_015090842.1:10268425",106,211,105
"TANGO6","s1015_F_GON_01_ASEReadCounter.table","NW_015090842.1:10269831",92,182,90
"TANGO6","s1015_F_GON_01_ASEReadCounter.table","NW_015090842.1:10270813",74,154,80
"TANGO6","s1015_F_GON_01_ASEReadCounter.table","NW_015090842.1:10274018",21,36,15
"TANGO6","s1015_F_GON_01_ASEReadCounter.table","NW_015090842.1:10275974",29,39,10
"TANGO6","s1015_F_GON_01_ASEReadCounter.table","NW_015090842.1:10275976",28,38,10
"TANGO6","s1015_F_GON_01_ASEReadCounter.table","NW_015090842.1:10276123",30,39,9
"TANGO6","s1015_F_GON_01_ASEReadCounter.table","NW_015090842.1:10276271",33,46,13
"TANGO6","s1015_F_GON_01_ASEReadCounter.table","NW_015090842.1:10276272",32,46,14
"TANGO6","s1015_F_GON_01_ASEReadCounter.table","NW_015090842.1:10276275",33,47,14
"TANGO6","s1015_F_GON_01_ASEReadCounter.table","NW_015090842.1:10276278",31,45,14
"TANGO6","s1015_F_GON_01_ASEReadCounter.table","NW_015090842.1:10276368",23,30,7
"TANGO6","s1015_F_GON_01_ASEReadCounter.table","NW_015090842.1:10276373",22,28,6
"TANGO6","s1015_F_GON_01_ASEReadCounter.table","NW_015090842.1:10276630",22,31,9
"TANGO6","s1015_F_GON_01_ASEReadCounter.table","NW_015090842.1:10281498",22,31,9
"TANGO6","s1015_F_GON_01_ASEReadCounter.table","NW_015090842.1:10281516",19,29,10
"TANGO6","s1015_F_GON_01_ASEReadCounter.table","NW_015090842.1:10282842",35,46,11
"TANGO6","s1015_F_GON_01_ASEReadCounter.table","NW_015090842.1:10282863",29,40,11
"TANGO6","s1015_F_GON_01_ASEReadCounter.table","NW_015090842.1:10282869",27,37,10
"TANGO6","s1015_F_GON_01_ASEReadCounter.table","NW_015090842.1:10282903",20,30,10
"TANGO6","s1015_F_GON_01_ASEReadCounter.table","NW_015090842.1:10283757",20,34,14
"TANGO6","s1015_F_GON_01_ASEReadCounter.table","NW_015090842.1:10283785",22,34,12
"HAS3","s1015_F_GON_01_ASEReadCounter.table","NW_015090842.1:10288093",1,4,3
"HAS3","s1015_F_GON_01_ASEReadCounter.table","NW_015090842.1:10288266",1,5,4
"HAS3","s1015_F_GON_01_ASEReadCounter.table","NW_015090842.1:10288274",1,6,5
"HAS3","s1015_F_GON_01_ASEReadCounter.table","NW_015090842.1:10288364",2,5,3
"HAS3","s1015_F_GON_01_ASEReadCounter.table","NW_015090842.1:10289269",2,8,6
"HAS3","s1015_F_GON_01_ASEReadCounter.table","NW_015090842.1:10289272",2,8,6
"HAS3","s1015_F_GON_01_ASEReadCounter.table","NW_015090842.1:10289469",0,2,2
"HAS3","s1015_F_GON_01_ASEReadCounter.table","NW_015090842.1:10290375",2,5,3
"HAS3","s1015_F_GON_01_ASEReadCounter.table","NW_015090842.1:10290395",2,2,0
"HAS3","s1015_F_GON_01_ASEReadCounter.table","NW_015090842.1:10290439",1,7,6
"HAS3","s1015_F_GON_01_ASEReadCounter.table","NW_015090842.1:10290561",1,6,5
"HAS3","s1015_F_GON_01_ASEReadCounter.table","NW_015090842.1:10290609",0,5,5
"HAS3","s1015_F_GON_01_ASEReadCounter.table","NW_015090842.1:10290666",1,6,5
"HAS3","s1015_F_GON_01_ASEReadCounter.table","NW_015090842.1:10290723",0,6,6
"HAS3","s1015_F_GON_01_ASEReadCounter.table","NW_015090842.1:10290927",3,8,5
"HAS3","s1015_F_GON_01_ASEReadCounter.table","NW_015090842.1:10291004",4,9,5
"CHTF8","s1015_F_GON_01_ASEReadCounter.table","NW_015090842.1:10291319",11,20,9
"CHTF8","s1015_F_GON_01_ASEReadCounter.table","NW_015090842.1:10291491",64,89,25
"CHTF8","s1015_F_GON_01_ASEReadCounter.table","NW_015090842.1:10291520",72,115,43
"CHTF8","s1015_F_GON_01_ASEReadCounter.table","NW_015090842.1:10291593",71,130,59
"CHTF8","s1015_F_GON_01_ASEReadCounter.table","NW_015090842.1:10291600",62,118,56
"CHTF8","s1015_F_GON_01_ASEReadCounter.table","NW_015090842.1:10291609",61,110,49
"CHTF8","s1015_F_GON_01_ASEReadCounter.table","NW_015090842.1:10291639",69,117,48
"CHTF8","s1015_F_GON_01_ASEReadCounter.table","NW_015090842.1:10291641",67,114,47
"CHTF8","s1015_F_GON_01_ASEReadCounter.table","NW_015090842.1:10291648",77,126,49
"CHTF8","s1015_F_GON_01_ASEReadCounter.table","NW_015090842.1:10291656",71,114,43
"CHTF8","s1015_F_GON_01_ASEReadCounter.table","NW_015090842.1:10291675",73,119,46
"CHTF8","s1015_F_GON_01_ASEReadCounter.table","NW_015090842.1:10291696",73,116,43
"CHTF8","s1015_F_GON_01_ASEReadCounter.table","NW_015090842.1:10291714",66,109,43
"CHTF8","s1015_F_GON_01_ASEReadCounter.table","NW_015090842.1:10291732",78,135,57
"CHTF8","s1015_F_GON_01_ASEReadCounter.table","NW_015090842.1:10291755",69,123,54
"CHTF8","s1015_F_GON_01_ASEReadCounter.table","NW_015090842.1:10291756",72,123,51
"CHTF8","s1015_F_GON_01_ASEReadCounter.table","NW_015090842.1:10291758",71,123,52
"CHTF8","s1015_F_GON_01_ASEReadCounter.table","NW_015090842.1:10291792",76,126,50
"CHTF8","s1015_F_GON_01_ASEReadCounter.table","NW_015090842.1:10291895",64,116,52
"CHTF8","s1015_F_GON_01_ASEReadCounter.table","NW_015090842.1:10292132",67,111,44
"CHTF8","s1015_F_GON_01_ASEReadCounter.table","NW_015090842.1:10292314",70,119,49
"CHTF8","s1015_F_GON_01_ASEReadCounter.table","NW_015090842.1:10292317",71,121,50
"CHTF8","s1015_F_GON_01_ASEReadCounter.table","NW_015090842.1:10292928",12,24,12
"UTP4","s1015_F_GON_01_ASEReadCounter.table","NW_015090842.1:10293146",38,89,51
"UTP4","s1015_F_GON_01_ASEReadCounter.table","NW_015090842.1:10293151",41,91,50
"UTP4","s1015_F_GON_01_ASEReadCounter.table","NW_015090842.1:10293191",26,58,32
"UTP4","s1015_F_GON_01_ASEReadCounter.table","NW_015090842.1:10293362",31,70,39
"UTP4","s1015_F_GON_01_ASEReadCounter.table","NW_015090842.1:10293430",29,67,38
"UTP4","s1015_F_GON_01_ASEReadCounter.table","NW_015090842.1:10293625",36,74,38
"UTP4","s1015_F_GON_01_ASEReadCounter.table","NW_015090842.1:10293684",35,77,42
"UTP4","s1015_F_GON_01_ASEReadCounter.table","NW_015090842.1:10294093",28,50,22
"UTP4","s1015_F_GON_01_ASEReadCounter.table","NW_015090842.1:10294622",29,63,34
"UTP4","s1015_F_GON_01_ASEReadCounter.table","NW_015090842.1:10294632",27,62,35
"UTP4","s1015_F_GON_01_ASEReadCounter.table","NW_015090842.1:10295238",29,62,33
"UTP4","s1015_F_GON_01_ASEReadCounter.table","NW_015090842.1:10295880",33,76,43
"UTP4","s1015_F_GON_01_ASEReadCounter.table","NW_015090842.1:10295884",33,79,46
"UTP4","s1015_F_GON_01_ASEReadCounter.table","NW_015090842.1:10295903",34,76,42
"UTP4","s1015_F_GON_01_ASEReadCounter.table","NW_015090842.1:10295906",34,73,39
"UTP4","s1015_F_GON_01_ASEReadCounter.table","NW_015090842.1:10295915",41,84,43
"UTP4","s1015_F_GON_01_ASEReadCounter.table","NW_015090842.1:10295938",39,74,35
"UTP4","s1015_F_GON_01_ASEReadCounter.table","NW_015090842.1:10296175",37,77,40
"UTP4","s1015_F_GON_01_ASEReadCounter.table","NW_015090842.1:10296660",32,53,21
"UTP4","s1015_F_GON_01_ASEReadCounter.table","NW_015090842.1:10296679",30,52,22
"UTP4","s1015_F_GON_01_ASEReadCounter.table","NW_015090842.1:10297193",28,67,39
"UTP4","s1015_F_GON_01_ASEReadCounter.table","NW_015090842.1:10297220",37,71,34
"UTP4","s1015_F_GON_01_ASEReadCounter.table","NW_015090842.1:10297307",28,70,42
"UTP4","s1015_F_GON_01_ASEReadCounter.table","NW_015090842.1:10297558",36,78,42
"UTP4","s1015_F_GON_01_ASEReadCounter.table","NW_015090842.1:10297943",25,52,27
"UTP4","s1015_F_GON_01_ASEReadCounter.table","NW_015090842.1:10297979",19,47,28
"UTP4","s1015_F_GON_01_ASEReadCounter.table","NW_015090842.1:10298022",14,34,20
"UTP4","s1015_F_GON_01_ASEReadCounter.table","NW_015090842.1:10298079",3,14,11
"UTP4","s1015_F_GON_01_ASEReadCounter.table","NW_015090842.1:10298081",2,12,10
"UTP4","s1015_F_GON_01_ASEReadCounter.table","NW_015090842.1:10298082",1,11,10
"SNTB2","s1015_F_GON_01_ASEReadCounter.table","NW_015090842.1:10298905",3,5,2
"SNTB2","s1015_F_GON_01_ASEReadCounter.table","NW_015090842.1:10298928",3,6,3
"SNTB2","s1015_F_GON_01_ASEReadCounter.table","NW_015090842.1:10303506",23,31,8
"SNTB2","s1015_F_GON_01_ASEReadCounter.table","NW_015090842.1:10303524",24,34,10
"SNTB2","s1015_F_GON_01_ASEReadCounter.table","NW_015090842.1:10304059",12,26,14
"SNTB2","s1015_F_GON_01_ASEReadCounter.table","NW_015090842.1:10304089",14,28,14
"SNTB2","s1015_F_GON_01_ASEReadCounter.table","NW_015090842.1:10304167",11,18,7
"SNTB2","s1015_F_GON_01_ASEReadCounter.table","NW_015090842.1:10304176",13,17,4
"SNTB2","s1015_F_GON_01_ASEReadCounter.table","NW_015090842.1:10305069",15,25,10
"SNTB2","s1015_F_GON_01_ASEReadCounter.table","NW_015090842.1:10305099",10,20,10
"SNTB2","s1015_F_GON_01_ASEReadCounter.table","NW_015090842.1:10305171",13,20,7
"SNTB2","s1015_F_GON_01_ASEReadCounter.table","NW_015090842.1:10305177",11,17,6
"SNTB2","s1015_F_GON_01_ASEReadCounter.table","NW_015090842.1:10305451",8,15,7
"SNTB2","s1015_F_GON_01_ASEReadCounter.table","NW_015090842.1:10305547",12,23,11
"SNTB2","s1015_F_GON_01_ASEReadCounter.table","NW_015090842.1:10305847",16,30,14
"SNTB2","s1015_F_GON_01_ASEReadCounter.table","NW_015090842.1:10306173",7,19,12
"SNTB2","s1015_F_GON_01_ASEReadCounter.table","NW_015090842.1:10306275",4,12,8
"SNTB2","s1015_F_GON_01_ASEReadCounter.table","NW_015090842.1:10306457",14,31,17
"SNTB2","s1015_F_GON_01_ASEReadCounter.table","NW_015090842.1:10306496",11,26,15
"SNTB2","s1015_F_GON_01_ASEReadCounter.table","NW_015090842.1:10306499",9,22,13
"VPS4A","s1015_F_GON_01_ASEReadCounter.table","NW_015090842.1:10308566",124,291,167
"VPS4A","s1015_F_GON_01_ASEReadCounter.table","NW_015090842.1:10308573",129,303,174
"VPS4A","s1015_F_GON_01_ASEReadCounter.table","NW_015090842.1:10308856",168,413,245
"VPS4A","s1015_F_GON_01_ASEReadCounter.table","NW_015090842.1:10309056",211,465,254
"VPS4A","s1015_F_GON_01_ASEReadCounter.table","NW_015090842.1:10309089",245,514,269
"VPS4A","s1015_F_GON_01_ASEReadCounter.table","NW_015090842.1:10309392",231,474,243
"VPS4A","s1015_F_GON_01_ASEReadCounter.table","NW_015090842.1:10309413",236,494,258
"VPS4A","s1015_F_GON_01_ASEReadCounter.table","NW_015090842.1:10309467",243,546,303
"VPS4A","s1015_F_GON_01_ASEReadCounter.table","NW_015090842.1:10310230",210,565,355
"VPS4A","s1015_F_GON_01_ASEReadCounter.table","NW_015090842.1:10310425",190,478,288
"VPS4A","s1015_F_GON_01_ASEReadCounter.table","NW_015090842.1:10310639",208,509,301
"VPS4A","s1015_F_GON_01_ASEReadCounter.table","NW_015090842.1:10310734",173,446,273
"VPS4A","s1015_F_GON_01_ASEReadCounter.table","NW_015090842.1:10310737",173,445,272
"VPS4A","s1015_F_GON_01_ASEReadCounter.table","NW_015090842.1:10310746",168,450,282
"VPS4A","s1015_F_GON_01_ASEReadCounter.table","NW_015090842.1:10310767",168,468,300
"VPS4A","s1015_F_GON_01_ASEReadCounter.table","NW_015090842.1:10310995",182,405,223
"VPS4A","s1015_F_GON_01_ASEReadCounter.table","NW_015090842.1:10311004",187,408,221
"VPS4A","s1015_F_GON_01_ASEReadCounter.table","NW_015090842.1:10311007",187,426,239
"VPS4A","s1015_F_GON_01_ASEReadCounter.table","NW_015090842.1:10311013",197,439,242
"VPS4A","s1015_F_GON_01_ASEReadCounter.table","NW_015090842.1:10311022",168,402,234
"VPS4A","s1015_F_GON_01_ASEReadCounter.table","NW_015090842.1:10311023",168,402,234
"VPS4A","s1015_F_GON_01_ASEReadCounter.table","NW_015090842.1:10311426",186,457,271
"VPS4A","s1015_F_GON_01_ASEReadCounter.table","NW_015090842.1:10311489",0,14,14
"VPS4A","s1015_F_GON_01_ASEReadCounter.table","NW_015090842.1:10311490",2,8,6
"VPS4A","s1015_F_GON_01_ASEReadCounter.table","NW_015090842.1:10311525",6,17,11
"VPS4A","s1015_F_GON_01_ASEReadCounter.table","NW_015090842.1:10311529",7,30,23
"VPS4A","s1015_F_GON_01_ASEReadCounter.table","NW_015090842.1:10311530",7,34,27
"VPS4A","s1015_F_GON_01_ASEReadCounter.table","NW_015090842.1:10311552",17,50,33
"VPS4A","s1015_F_GON_01_ASEReadCounter.table","NW_015090842.1:10311689",14,47,33
"VPS4A","s1015_F_GON_01_ASEReadCounter.table","NW_015090842.1:10311700",16,42,26
"VPS4A","s1015_F_GON_01_ASEReadCounter.table","NW_015090842.1:10311701",16,47,31
"VPS4A","s1015_F_GON_01_ASEReadCounter.table","NW_015090842.1:10311703",16,46,30
"COG8","s1015_F_GON_01_ASEReadCounter.table","NW_015090842.1:10313487",21,50,29
"COG8","s1015_F_GON_01_ASEReadCounter.table","NW_015090842.1:10313559",41,83,42
"COG8","s1015_F_GON_01_ASEReadCounter.table","NW_015090842.1:10313579",33,74,41
"COG8","s1015_F_GON_01_ASEReadCounter.table","NW_015090842.1:10313665",41,74,33
"COG8","s1015_F_GON_01_ASEReadCounter.table","NW_015090842.1:10313681",49,84,35
"COG8","s1015_F_GON_01_ASEReadCounter.table","NW_015090842.1:10313768",47,98,51
"COG8","s1015_F_GON_01_ASEReadCounter.table","NW_015090842.1:10313775",49,104,55
"COG8","s1015_F_GON_01_ASEReadCounter.table","NW_015090842.1:10313811",30,73,43
"COG8","s1015_F_GON_01_ASEReadCounter.table","NW_015090842.1:10313858",30,67,37
"COG8","s1015_F_GON_01_ASEReadCounter.table","NW_015090842.1:10314100",39,100,61
"COG8","s1015_F_GON_01_ASEReadCounter.table","NW_015090842.1:10314213",40,93,53
"COG8","s1015_F_GON_01_ASEReadCounter.table","NW_015090842.1:10315093",37,86,49
"COG8","s1015_F_GON_01_ASEReadCounter.table","NW_015090842.1:10315162",44,96,52
"COG8","s1015_F_GON_01_ASEReadCounter.table","NW_015090842.1:10315285",39,97,58
"COG8","s1015_F_GON_01_ASEReadCounter.table","NW_015090842.1:10315360",31,75,44
"COG8","s1015_F_GON_01_ASEReadCounter.table","NW_015090842.1:10315369",33,82,49
"COG8","s1015_F_GON_01_ASEReadCounter.table","NW_015090842.1:10315504",22,64,42
"COG8","s1015_F_GON_01_ASEReadCounter.table","NW_015090842.1:10315508",22,64,42
"COG8","s1015_F_GON_01_ASEReadCounter.table","NW_015090842.1:10315624",36,96,60
"COG8","s1015_F_GON_01_ASEReadCounter.table","NW_015090842.1:10315693",41,98,57
"COG8","s1015_F_GON_01_ASEReadCounter.table","NW_015090842.1:10315698",34,89,55
"COG8","s1015_F_GON_01_ASEReadCounter.table","NW_015090842.1:10315768",35,80,45
"COG8","s1015_F_GON_01_ASEReadCounter.table","NW_015090842.1:10315769",35,79,44
"COG8","s1015_F_GON_01_ASEReadCounter.table","NW_015090842.1:10315784",34,78,44
"COG8","s1015_F_GON_01_ASEReadCounter.table","NW_015090842.1:10316093",44,106,62
"COG8","s1015_F_GON_01_ASEReadCounter.table","NW_015090842.1:10316133",34,78,44
"NIP7","s1015_F_GON_01_ASEReadCounter.table","NW_015090842.1:10316759",13,28,15
"NIP7","s1015_F_GON_01_ASEReadCounter.table","NW_015090842.1:10316967",106,191,85
"NIP7","s1015_F_GON_01_ASEReadCounter.table","NW_015090842.1:10316995",119,208,89
"NIP7","s1015_F_GON_01_ASEReadCounter.table","NW_015090842.1:10317240",141,270,129
"NIP7","s1015_F_GON_01_ASEReadCounter.table","NW_015090842.1:10317247",137,261,124
"NIP7","s1015_F_GON_01_ASEReadCounter.table","NW_015090842.1:10317264",133,260,127
"NIP7","s1015_F_GON_01_ASEReadCounter.table","NW_015090842.1:10317433",139,286,147
"NIP7","s1015_F_GON_01_ASEReadCounter.table","NW_015090842.1:10317738",101,236,135
"NIP7","s1015_F_GON_01_ASEReadCounter.table","NW_015090842.1:10317769",99,209,110
"NIP7","s1015_F_GON_01_ASEReadCounter.table","NW_015090842.1:10317808",65,124,59
"NIP7","s1015_F_GON_01_ASEReadCounter.table","NW_015090842.1:10317870",33,94,61
"NIP7","s1015_F_GON_01_ASEReadCounter.table","NW_015090842.1:10317871",33,94,61
"NIP7","s1015_F_GON_01_ASEReadCounter.table","NW_015090842.1:10317898",25,72,47
"NIP7","s1015_F_GON_01_ASEReadCounter.table","NW_015090842.1:10317911",23,60,37
"TMED6","s1015_F_GON_01_ASEReadCounter.table","NW_015090842.1:10318731",2,2,0
"TERF2","s1015_F_GON_01_ASEReadCounter.table","NW_015090842.1:10321665",3,3,0
"TERF2","s1015_F_GON_01_ASEReadCounter.table","NW_015090842.1:10321768",30,82,52
"TERF2","s1015_F_GON_01_ASEReadCounter.table","NW_015090842.1:10321777",34,86,52
"TERF2","s1015_F_GON_01_ASEReadCounter.table","NW_015090842.1:10321805",35,101,66
"TERF2","s1015_F_GON_01_ASEReadCounter.table","NW_015090842.1:10321878",31,124,93
"TERF2","s1015_F_GON_01_ASEReadCounter.table","NW_015090842.1:10321893",9,125,116
"TERF2","s1015_F_GON_01_ASEReadCounter.table","NW_015090842.1:10321897",33,118,85
"TERF2","s1015_F_GON_01_ASEReadCounter.table","NW_015090842.1:10321908",36,107,71
"TERF2","s1015_F_GON_01_ASEReadCounter.table","NW_015090842.1:10322001",52,173,121
"TERF2","s1015_F_GON_01_ASEReadCounter.table","NW_015090842.1:10322035",44,147,103
"TERF2","s1015_F_GON_01_ASEReadCounter.table","NW_015090842.1:10322051",45,153,108
"TERF2","s1015_F_GON_01_ASEReadCounter.table","NW_015090842.1:10322137",40,138,98
"TERF2","s1015_F_GON_01_ASEReadCounter.table","NW_015090842.1:10322144",47,148,101
"TERF2","s1015_F_GON_01_ASEReadCounter.table","NW_015090842.1:10322388",47,167,120
"TERF2","s1015_F_GON_01_ASEReadCounter.table","NW_015090842.1:10322396",48,164,116
"TERF2","s1015_F_GON_01_ASEReadCounter.table","NW_015090842.1:10322502",78,199,121
"TERF2","s1015_F_GON_01_ASEReadCounter.table","NW_015090842.1:10322504",75,199,124
"TERF2","s1015_F_GON_01_ASEReadCounter.table","NW_015090842.1:10322510",74,213,139
"TERF2","s1015_F_GON_01_ASEReadCounter.table","NW_015090842.1:10323580",96,219,123
"TERF2","s1015_F_GON_01_ASEReadCounter.table","NW_015090842.1:10324314",87,210,123
"TERF2","s1015_F_GON_01_ASEReadCounter.table","NW_015090842.1:10326832",82,198,116
"TERF2","s1015_F_GON_01_ASEReadCounter.table","NW_015090842.1:10327787",52,134,82
"TERF2","s1015_F_GON_01_ASEReadCounter.table","NW_015090842.1:10328588",67,173,106
"TERF2","s1015_F_GON_01_ASEReadCounter.table","NW_015090842.1:10328644",48,153,105
"TERF2","s1015_F_GON_01_ASEReadCounter.table","NW_015090842.1:10329813",53,128,75
"TERF2","s1015_F_GON_01_ASEReadCounter.table","NW_015090842.1:10330749",45,137,92
"TERF2","s1015_F_GON_01_ASEReadCounter.table","NW_015090842.1:10330789",34,128,94
"CYB5B","s1015_F_GON_01_ASEReadCounter.table","NW_015090842.1:10336595",18,57,39
"CYB5B","s1015_F_GON_01_ASEReadCounter.table","NW_015090842.1:10336667",139,304,165
"CYB5B","s1015_F_GON_01_ASEReadCounter.table","NW_015090842.1:10336689",208,435,227
"CYB5B","s1015_F_GON_01_ASEReadCounter.table","NW_015090842.1:10336728",274,583,309
"CYB5B","s1015_F_GON_01_ASEReadCounter.table","NW_015090842.1:10345068",245,565,320
"CYB5B","s1015_F_GON_01_ASEReadCounter.table","NW_015090842.1:10348800",296,644,348
"CYB5B","s1015_F_GON_01_ASEReadCounter.table","NW_015090842.1:10348888",260,587,327
"CYB5B","s1015_F_GON_01_ASEReadCounter.table","NW_015090842.1:10349046",231,497,266
"CYB5B","s1015_F_GON_01_ASEReadCounter.table","NW_015090842.1:10349119",140,379,239
"CYB5B","s1015_F_GON_01_ASEReadCounter.table","NW_015090842.1:10349146",58,301,243
"CYB5B","s1015_F_GON_01_ASEReadCounter.table","NW_015090842.1:10349157",100,357,257
