"gene","id","snp","ref_count","total_count","alt_count"
"CENPN","s1015_F_LIV_01_ASEReadCounter.table","NW_015090842.1:5801612",0,6,6
"CENPN","s1015_F_LIV_01_ASEReadCounter.table","NW_015090842.1:5801618",0,6,6
"CENPN","s1015_F_LIV_01_ASEReadCounter.table","NW_015090842.1:5801623",0,6,6
"CENPN","s1015_F_LIV_01_ASEReadCounter.table","NW_015090842.1:5801631",0,6,6
"CENPN","s1015_F_LIV_01_ASEReadCounter.table","NW_015090842.1:5801632",0,6,6
"CENPN","s1015_F_LIV_01_ASEReadCounter.table","NW_015090842.1:5801655",0,1,1
"CENPN","s1015_F_LIV_01_ASEReadCounter.table","NW_015090842.1:5801662",0,1,1
"CENPN","s1015_F_LIV_01_ASEReadCounter.table","NW_015090842.1:5801670",0,1,1
"CENPN","s1015_F_LIV_01_ASEReadCounter.table","NW_015090842.1:5801674",0,2,2
"CENPN","s1015_F_LIV_01_ASEReadCounter.table","NW_015090842.1:5801692",0,2,2
"CENPN","s1015_F_LIV_01_ASEReadCounter.table","NW_015090842.1:5801697",0,2,2
"CENPN","s1015_F_LIV_01_ASEReadCounter.table","NW_015090842.1:5802008",1,2,1
"CENPN","s1015_F_LIV_01_ASEReadCounter.table","NW_015090842.1:5802012",1,4,3
"CENPN","s1015_F_LIV_01_ASEReadCounter.table","NW_015090842.1:5802087",2,8,6
"CENPN","s1015_F_LIV_01_ASEReadCounter.table","NW_015090842.1:5810113",1,1,0
"CENPN","s1015_F_LIV_01_ASEReadCounter.table","NW_015090842.1:5810147",1,1,0
"CENPN","s1015_F_LIV_01_ASEReadCounter.table","NW_015090842.1:5810148",1,1,0
"ATMIN","s1015_F_LIV_01_ASEReadCounter.table","NW_015090842.1:5818789",7,11,4
"ATMIN","s1015_F_LIV_01_ASEReadCounter.table","NW_015090842.1:5819958",6,8,2
"ATMIN","s1015_F_LIV_01_ASEReadCounter.table","NW_015090842.1:5820004",5,9,4
"ATMIN","s1015_F_LIV_01_ASEReadCounter.table","NW_015090842.1:5820217",5,7,2
"ATMIN","s1015_F_LIV_01_ASEReadCounter.table","NW_015090842.1:5820250",9,12,3
"ATMIN","s1015_F_LIV_01_ASEReadCounter.table","NW_015090842.1:5820298",7,10,3
"ATMIN","s1015_F_LIV_01_ASEReadCounter.table","NW_015090842.1:5820417",6,10,4
"ATMIN","s1015_F_LIV_01_ASEReadCounter.table","NW_015090842.1:5820421",6,11,5
"ATMIN","s1015_F_LIV_01_ASEReadCounter.table","NW_015090842.1:5820448",7,11,4
"ATMIN","s1015_F_LIV_01_ASEReadCounter.table","NW_015090842.1:5820457",5,10,5
"ATMIN","s1015_F_LIV_01_ASEReadCounter.table","NW_015090842.1:5820510",7,12,5
"ATMIN","s1015_F_LIV_01_ASEReadCounter.table","NW_015090842.1:5820673",5,13,8
"ATMIN","s1015_F_LIV_01_ASEReadCounter.table","NW_015090842.1:5820754",10,13,3
"ATMIN","s1015_F_LIV_01_ASEReadCounter.table","NW_015090842.1:5820820",7,10,3
"ATMIN","s1015_F_LIV_01_ASEReadCounter.table","NW_015090842.1:5820865",3,6,3
"ATMIN","s1015_F_LIV_01_ASEReadCounter.table","NW_015090842.1:5820889",2,6,4
"ATMIN","s1015_F_LIV_01_ASEReadCounter.table","NW_015090842.1:5820891",2,6,4
"ATMIN","s1015_F_LIV_01_ASEReadCounter.table","NW_015090842.1:5820997",8,10,2
"ATMIN","s1015_F_LIV_01_ASEReadCounter.table","NW_015090842.1:5821063",7,8,1
"ATMIN","s1015_F_LIV_01_ASEReadCounter.table","NW_015090842.1:5821132",4,8,4
"ATMIN","s1015_F_LIV_01_ASEReadCounter.table","NW_015090842.1:5821645",17,22,5
"ATMIN","s1015_F_LIV_01_ASEReadCounter.table","NW_015090842.1:5825066",12,15,3
"ATMIN","s1015_F_LIV_01_ASEReadCounter.table","NW_015090842.1:5825106",9,15,6
"ATMIN","s1015_F_LIV_01_ASEReadCounter.table","NW_015090842.1:5825122",7,12,5
"ATMIN","s1015_F_LIV_01_ASEReadCounter.table","NW_015090842.1:5825178",10,14,4
"ATMIN","s1015_F_LIV_01_ASEReadCounter.table","NW_015090842.1:5825194",8,11,3
"ATMIN","s1015_F_LIV_01_ASEReadCounter.table","NW_015090842.1:5825195",7,11,4
"ATMIN","s1015_F_LIV_01_ASEReadCounter.table","NW_015090842.1:5825220",12,16,4
"ATMIN","s1015_F_LIV_01_ASEReadCounter.table","NW_015090842.1:5825240",13,19,6
"ATMIN","s1015_F_LIV_01_ASEReadCounter.table","NW_015090842.1:5825303",20,31,11
"ATMIN","s1015_F_LIV_01_ASEReadCounter.table","NW_015090842.1:5825304",19,30,11
"ATMIN","s1015_F_LIV_01_ASEReadCounter.table","NW_015090842.1:5825310",22,33,11
"ATMIN","s1015_F_LIV_01_ASEReadCounter.table","NW_015090842.1:5825406",10,17,7
"ATMIN","s1015_F_LIV_01_ASEReadCounter.table","NW_015090842.1:5825415",13,20,7
"ATMIN","s1015_F_LIV_01_ASEReadCounter.table","NW_015090842.1:5825438",14,18,4
"ATMIN","s1015_F_LIV_01_ASEReadCounter.table","NW_015090842.1:5825485",16,18,2
"ATMIN","s1015_F_LIV_01_ASEReadCounter.table","NW_015090842.1:5825524",19,23,4
"ATMIN","s1015_F_LIV_01_ASEReadCounter.table","NW_015090842.1:5825557",18,21,3
"ATMIN","s1015_F_LIV_01_ASEReadCounter.table","NW_015090842.1:5825571",19,22,3
"ATMIN","s1015_F_LIV_01_ASEReadCounter.table","NW_015090842.1:5825579",18,21,3
"ATMIN","s1015_F_LIV_01_ASEReadCounter.table","NW_015090842.1:5825590",16,19,3
"ATMIN","s1015_F_LIV_01_ASEReadCounter.table","NW_015090842.1:5825689",12,22,10
"ATMIN","s1015_F_LIV_01_ASEReadCounter.table","NW_015090842.1:5825703",18,34,16
"ATMIN","s1015_F_LIV_01_ASEReadCounter.table","NW_015090842.1:5825787",19,31,12
"ATMIN","s1015_F_LIV_01_ASEReadCounter.table","NW_015090842.1:5825833",22,32,10
"ATMIN","s1015_F_LIV_01_ASEReadCounter.table","NW_015090842.1:5825841",21,31,10
"ATMIN","s1015_F_LIV_01_ASEReadCounter.table","NW_015090842.1:5825895",23,36,13
"ATMIN","s1015_F_LIV_01_ASEReadCounter.table","NW_015090842.1:5825984",18,25,7
"ATMIN","s1015_F_LIV_01_ASEReadCounter.table","NW_015090842.1:5826162",18,30,12
"ATMIN","s1015_F_LIV_01_ASEReadCounter.table","NW_015090842.1:5826194",22,35,13
"ATMIN","s1015_F_LIV_01_ASEReadCounter.table","NW_015090842.1:5826235",23,35,12
"ATMIN","s1015_F_LIV_01_ASEReadCounter.table","NW_015090842.1:5826245",25,38,13
"ATMIN","s1015_F_LIV_01_ASEReadCounter.table","NW_015090842.1:5826335",8,18,10
"ATMIN","s1015_F_LIV_01_ASEReadCounter.table","NW_015090842.1:5826417",18,24,6
"ATMIN","s1015_F_LIV_01_ASEReadCounter.table","NW_015090842.1:5826431",15,24,9
"ATMIN","s1015_F_LIV_01_ASEReadCounter.table","NW_015090842.1:5826438",15,20,5
"ATMIN","s1015_F_LIV_01_ASEReadCounter.table","NW_015090842.1:5826463",21,38,17
"ATMIN","s1015_F_LIV_01_ASEReadCounter.table","NW_015090842.1:5826502",13,30,17
"ATMIN","s1015_F_LIV_01_ASEReadCounter.table","NW_015090842.1:5826511",14,34,20
"ATMIN","s1015_F_LIV_01_ASEReadCounter.table","NW_015090842.1:5826659",12,27,15
"ATMIN","s1015_F_LIV_01_ASEReadCounter.table","NW_015090842.1:5826701",19,31,12
"ATMIN","s1015_F_LIV_01_ASEReadCounter.table","NW_015090842.1:5826702",19,32,13
"ATMIN","s1015_F_LIV_01_ASEReadCounter.table","NW_015090842.1:5826732",22,37,15
"ATMIN","s1015_F_LIV_01_ASEReadCounter.table","NW_015090842.1:5826745",22,35,13
"ATMIN","s1015_F_LIV_01_ASEReadCounter.table","NW_015090842.1:5826835",28,36,8
"ATMIN","s1015_F_LIV_01_ASEReadCounter.table","NW_015090842.1:5826942",18,34,16
"ATMIN","s1015_F_LIV_01_ASEReadCounter.table","NW_015090842.1:5827193",32,54,22
"ATMIN","s1015_F_LIV_01_ASEReadCounter.table","NW_015090842.1:5827196",30,53,23
"ATMIN","s1015_F_LIV_01_ASEReadCounter.table","NW_015090842.1:5827269",28,43,15
"ATMIN","s1015_F_LIV_01_ASEReadCounter.table","NW_015090842.1:5827315",17,32,15
"ATMIN","s1015_F_LIV_01_ASEReadCounter.table","NW_015090842.1:5827316",17,32,15
"ATMIN","s1015_F_LIV_01_ASEReadCounter.table","NW_015090842.1:5827333",17,32,15
"PPP1R3E","s1015_F_LIV_01_ASEReadCounter.table","NW_015090842.1:5837733",4,7,3
"PPP1R3E","s1015_F_LIV_01_ASEReadCounter.table","NW_015090842.1:5837947",4,8,4
"PKD1L2","s1015_F_LIV_01_ASEReadCounter.table","NW_015090842.1:5867509",3,4,1
"PKD1L2","s1015_F_LIV_01_ASEReadCounter.table","NW_015090842.1:5867597",3,4,1
"PKD1L2","s1015_F_LIV_01_ASEReadCounter.table","NW_015090842.1:5867600",3,4,1
"PKD1L2","s1015_F_LIV_01_ASEReadCounter.table","NW_015090842.1:5867660",2,2,0
"PKD1L2","s1015_F_LIV_01_ASEReadCounter.table","NW_015090842.1:5867675",3,3,0
"PKD1L2","s1015_F_LIV_01_ASEReadCounter.table","NW_015090842.1:5867788",1,1,0
"PKD1L2","s1015_F_LIV_01_ASEReadCounter.table","NW_015090842.1:5867843",1,1,0
"PKD1L2","s1015_F_LIV_01_ASEReadCounter.table","NW_015090842.1:5872825",0,1,1
"PKD1L2","s1015_F_LIV_01_ASEReadCounter.table","NW_015090842.1:5872876",0,1,1
"PKD1L2","s1015_F_LIV_01_ASEReadCounter.table","NW_015090842.1:5872924",0,1,1
"BCO1","s1015_F_LIV_01_ASEReadCounter.table","NW_015090842.1:5915610",9,55,46
"BCO1","s1015_F_LIV_01_ASEReadCounter.table","NW_015090842.1:5915646",11,57,46
"BCO1","s1015_F_LIV_01_ASEReadCounter.table","NW_015090842.1:5917836",29,105,76
"BCO1","s1015_F_LIV_01_ASEReadCounter.table","NW_015090842.1:5917912",250,727,477
"BCO1","s1015_F_LIV_01_ASEReadCounter.table","NW_015090842.1:5917941",333,938,605
"BCO1","s1015_F_LIV_01_ASEReadCounter.table","NW_015090842.1:5917971",368,1067,699
"BCO1","s1015_F_LIV_01_ASEReadCounter.table","NW_015090842.1:5921679",355,1082,727
"BCO1","s1015_F_LIV_01_ASEReadCounter.table","NW_015090842.1:5921726",336,1014,678
"BCO1","s1015_F_LIV_01_ASEReadCounter.table","NW_015090842.1:5925669",292,870,578
"BCO1","s1015_F_LIV_01_ASEReadCounter.table","NW_015090842.1:5926937",357,960,603
"BCO1","s1015_F_LIV_01_ASEReadCounter.table","NW_015090842.1:5927921",330,1042,712
"BCO1","s1015_F_LIV_01_ASEReadCounter.table","NW_015090842.1:5927948",339,1080,741
"BCO1","s1015_F_LIV_01_ASEReadCounter.table","NW_015090842.1:5927968",346,1110,764
"BCO1","s1015_F_LIV_01_ASEReadCounter.table","NW_015090842.1:5928052",306,998,692
"BCO1","s1015_F_LIV_01_ASEReadCounter.table","NW_015090842.1:5932726",526,1566,1040
"BCO1","s1015_F_LIV_01_ASEReadCounter.table","NW_015090842.1:5932801",463,1303,840
"BCO1","s1015_F_LIV_01_ASEReadCounter.table","NW_015090842.1:5934558",367,1147,780
"BCO1","s1015_F_LIV_01_ASEReadCounter.table","NW_015090842.1:5934575",368,1194,826
"BCO1","s1015_F_LIV_01_ASEReadCounter.table","NW_015090842.1:5934608",407,1247,840
"BCO1","s1015_F_LIV_01_ASEReadCounter.table","NW_015090842.1:5934647",395,1163,768
"BCO1","s1015_F_LIV_01_ASEReadCounter.table","NW_015090842.1:5934725",375,1048,673
"BCO1","s1015_F_LIV_01_ASEReadCounter.table","NW_015090842.1:5934726",376,1037,661
"BCO1","s1015_F_LIV_01_ASEReadCounter.table","NW_015090842.1:5934733",335,948,613
"BCO1","s1015_F_LIV_01_ASEReadCounter.table","NW_015090842.1:5934821",303,915,612
"BCO1","s1015_F_LIV_01_ASEReadCounter.table","NW_015090842.1:5934826",276,909,633
"BCO1","s1015_F_LIV_01_ASEReadCounter.table","NW_015090842.1:5934844",175,598,423
"BCO1","s1015_F_LIV_01_ASEReadCounter.table","NW_015090842.1:5934958",328,880,552
"BCO1","s1015_F_LIV_01_ASEReadCounter.table","NW_015090842.1:5934976",332,945,613
"GAN","s1015_F_LIV_01_ASEReadCounter.table","NW_015090842.1:5939249",0,1,1
"GAN","s1015_F_LIV_01_ASEReadCounter.table","NW_015090842.1:5953759",1,8,7
"GAN","s1015_F_LIV_01_ASEReadCounter.table","NW_015090842.1:5957502",7,15,8
"GAN","s1015_F_LIV_01_ASEReadCounter.table","NW_015090842.1:5957578",11,22,11
"GAN","s1015_F_LIV_01_ASEReadCounter.table","NW_015090842.1:5966047",5,13,8
"GAN","s1015_F_LIV_01_ASEReadCounter.table","NW_015090842.1:5966126",4,18,14
"GAN","s1015_F_LIV_01_ASEReadCounter.table","NW_015090842.1:5966127",4,18,14
"GAN","s1015_F_LIV_01_ASEReadCounter.table","NW_015090842.1:5966162",7,20,13
"GAN","s1015_F_LIV_01_ASEReadCounter.table","NW_015090842.1:5966483",3,16,13
"CMIP","s1015_F_LIV_01_ASEReadCounter.table","NW_015090842.1:6109159",7,13,6
"CMIP","s1015_F_LIV_01_ASEReadCounter.table","NW_015090842.1:6109166",5,10,5
"CMIP","s1015_F_LIV_01_ASEReadCounter.table","NW_015090842.1:6114641",11,25,14
"CMIP","s1015_F_LIV_01_ASEReadCounter.table","NW_015090842.1:6114751",18,27,9
"CMIP","s1015_F_LIV_01_ASEReadCounter.table","NW_015090842.1:6114824",14,19,5
"CMIP","s1015_F_LIV_01_ASEReadCounter.table","NW_015090842.1:6126295",31,33,2
"CMIP","s1015_F_LIV_01_ASEReadCounter.table","NW_015090842.1:6128998",12,32,20
"CMIP","s1015_F_LIV_01_ASEReadCounter.table","NW_015090842.1:6130562",21,51,30
"CMIP","s1015_F_LIV_01_ASEReadCounter.table","NW_015090842.1:6132522",21,65,44
"CMIP","s1015_F_LIV_01_ASEReadCounter.table","NW_015090842.1:6138265",25,83,58
"CMIP","s1015_F_LIV_01_ASEReadCounter.table","NW_015090842.1:6138300",23,75,52
"CMIP","s1015_F_LIV_01_ASEReadCounter.table","NW_015090842.1:6138342",18,71,53
"CMIP","s1015_F_LIV_01_ASEReadCounter.table","NW_015090842.1:6138343",17,70,53
"CMIP","s1015_F_LIV_01_ASEReadCounter.table","NW_015090842.1:6138345",18,71,53
"CMIP","s1015_F_LIV_01_ASEReadCounter.table","NW_015090842.1:6138647",13,49,36
"CMIP","s1015_F_LIV_01_ASEReadCounter.table","NW_015090842.1:6138745",8,46,38
"CMIP","s1015_F_LIV_01_ASEReadCounter.table","NW_015090842.1:6138832",5,17,12
"CMIP","s1015_F_LIV_01_ASEReadCounter.table","NW_015090842.1:6138967",18,48,30
"CMIP","s1015_F_LIV_01_ASEReadCounter.table","NW_015090842.1:6139131",6,23,17
"CMIP","s1015_F_LIV_01_ASEReadCounter.table","NW_015090842.1:6139163",0,18,18
"CMIP","s1015_F_LIV_01_ASEReadCounter.table","NW_015090842.1:6139212",28,34,6
"CMIP","s1015_F_LIV_01_ASEReadCounter.table","NW_015090842.1:6139360",4,14,10
"CMIP","s1015_F_LIV_01_ASEReadCounter.table","NW_015090842.1:6139572",1,5,4
"PLCG2","s1015_F_LIV_01_ASEReadCounter.table","NW_015090842.1:6179613",5,6,1
"PLCG2","s1015_F_LIV_01_ASEReadCounter.table","NW_015090842.1:6179658",13,13,0
"PLCG2","s1015_F_LIV_01_ASEReadCounter.table","NW_015090842.1:6203766",8,9,1
"PLCG2","s1015_F_LIV_01_ASEReadCounter.table","NW_015090842.1:6203775",9,10,1
"PLCG2","s1015_F_LIV_01_ASEReadCounter.table","NW_015090842.1:6203787",9,11,2
"PLCG2","s1015_F_LIV_01_ASEReadCounter.table","NW_015090842.1:6209741",7,9,2
"PLCG2","s1015_F_LIV_01_ASEReadCounter.table","NW_015090842.1:6209798",7,9,2
"PLCG2","s1015_F_LIV_01_ASEReadCounter.table","NW_015090842.1:6209816",6,8,2
"PLCG2","s1015_F_LIV_01_ASEReadCounter.table","NW_015090842.1:6217547",15,18,3
"PLCG2","s1015_F_LIV_01_ASEReadCounter.table","NW_015090842.1:6218641",11,17,6
"PLCG2","s1015_F_LIV_01_ASEReadCounter.table","NW_015090842.1:6220552",16,19,3
"PLCG2","s1015_F_LIV_01_ASEReadCounter.table","NW_015090842.1:6221969",23,25,2
"PLCG2","s1015_F_LIV_01_ASEReadCounter.table","NW_015090842.1:6228672",22,25,3
"PLCG2","s1015_F_LIV_01_ASEReadCounter.table","NW_015090842.1:6228694",21,22,1
"PLCG2","s1015_F_LIV_01_ASEReadCounter.table","NW_015090842.1:6228722",23,24,1
"PLCG2","s1015_F_LIV_01_ASEReadCounter.table","NW_015090842.1:6228747",18,20,2
"PLCG2","s1015_F_LIV_01_ASEReadCounter.table","NW_015090842.1:6228835",20,24,4
"PLCG2","s1015_F_LIV_01_ASEReadCounter.table","NW_015090842.1:6228841",19,22,3
"PLCG2","s1015_F_LIV_01_ASEReadCounter.table","NW_015090842.1:6228865",17,20,3
"PLCG2","s1015_F_LIV_01_ASEReadCounter.table","NW_015090842.1:6228917",23,27,4
"PLCG2","s1015_F_LIV_01_ASEReadCounter.table","NW_015090842.1:6228926",22,27,5
"PLCG2","s1015_F_LIV_01_ASEReadCounter.table","NW_015090842.1:6228954",18,22,4
"PLCG2","s1015_F_LIV_01_ASEReadCounter.table","NW_015090842.1:6229002",20,25,5
"PLCG2","s1015_F_LIV_01_ASEReadCounter.table","NW_015090842.1:6229006",19,24,5
"PLCG2","s1015_F_LIV_01_ASEReadCounter.table","NW_015090842.1:6229081",15,16,1
"PLCG2","s1015_F_LIV_01_ASEReadCounter.table","NW_015090842.1:6229097",15,15,0
"PLCG2","s1015_F_LIV_01_ASEReadCounter.table","NW_015090842.1:6229160",11,11,0
"PLCG2","s1015_F_LIV_01_ASEReadCounter.table","NW_015090842.1:6229213",10,11,1
"PLCG2","s1015_F_LIV_01_ASEReadCounter.table","NW_015090842.1:6229231",18,22,4
"PLCG2","s1015_F_LIV_01_ASEReadCounter.table","NW_015090842.1:6229663",27,30,3
"PLCG2","s1015_F_LIV_01_ASEReadCounter.table","NW_015090842.1:6229748",29,29,0
"PLCG2","s1015_F_LIV_01_ASEReadCounter.table","NW_015090842.1:6229892",18,18,0
"PLCG2","s1015_F_LIV_01_ASEReadCounter.table","NW_015090842.1:6230248",18,18,0
"PLCG2","s1015_F_LIV_01_ASEReadCounter.table","NW_015090842.1:6230255",20,20,0
"PLCG2","s1015_F_LIV_01_ASEReadCounter.table","NW_015090842.1:6230276",17,17,0
"PLCG2","s1015_F_LIV_01_ASEReadCounter.table","NW_015090842.1:6230296",11,12,1
"PLCG2","s1015_F_LIV_01_ASEReadCounter.table","NW_015090842.1:6230349",17,19,2
"PLCG2","s1015_F_LIV_01_ASEReadCounter.table","NW_015090842.1:6230408",24,25,1
"PLCG2","s1015_F_LIV_01_ASEReadCounter.table","NW_015090842.1:6230439",20,20,0
"PLCG2","s1015_F_LIV_01_ASEReadCounter.table","NW_015090842.1:6230757",16,17,1
"PLCG2","s1015_F_LIV_01_ASEReadCounter.table","NW_015090842.1:6230758",17,18,1
"PLCG2","s1015_F_LIV_01_ASEReadCounter.table","NW_015090842.1:6230898",37,37,0
"PLCG2","s1015_F_LIV_01_ASEReadCounter.table","NW_015090842.1:6230976",31,31,0
"PLCG2","s1015_F_LIV_01_ASEReadCounter.table","NW_015090842.1:6231078",28,28,0
"PLCG2","s1015_F_LIV_01_ASEReadCounter.table","NW_015090842.1:6231138",38,38,0
"PLCG2","s1015_F_LIV_01_ASEReadCounter.table","NW_015090842.1:6231177",42,42,0
"PLCG2","s1015_F_LIV_01_ASEReadCounter.table","NW_015090842.1:6231263",31,32,1
"SDR42E1","s1015_F_LIV_01_ASEReadCounter.table","NW_015090842.1:6235292",6,7,1
"SDR42E1","s1015_F_LIV_01_ASEReadCounter.table","NW_015090842.1:6235315",8,9,1
"SDR42E1","s1015_F_LIV_01_ASEReadCounter.table","NW_015090842.1:6235348",15,17,2
"SDR42E1","s1015_F_LIV_01_ASEReadCounter.table","NW_015090842.1:6235355",16,18,2
"SDR42E1","s1015_F_LIV_01_ASEReadCounter.table","NW_015090842.1:6235417",13,17,4
"SDR42E1","s1015_F_LIV_01_ASEReadCounter.table","NW_015090842.1:6235558",10,14,4
"SDR42E1","s1015_F_LIV_01_ASEReadCounter.table","NW_015090842.1:6235741",24,32,8
"SDR42E1","s1015_F_LIV_01_ASEReadCounter.table","NW_015090842.1:6235777",29,37,8
"SDR42E1","s1015_F_LIV_01_ASEReadCounter.table","NW_015090842.1:6235806",30,39,9
"SDR42E1","s1015_F_LIV_01_ASEReadCounter.table","NW_015090842.1:6235809",30,39,9
"SDR42E1","s1015_F_LIV_01_ASEReadCounter.table","NW_015090842.1:6235816",29,38,9
"SDR42E1","s1015_F_LIV_01_ASEReadCounter.table","NW_015090842.1:6235914",19,26,7
"SDR42E1","s1015_F_LIV_01_ASEReadCounter.table","NW_015090842.1:6235935",18,25,7
"SDR42E1","s1015_F_LIV_01_ASEReadCounter.table","NW_015090842.1:6235957",17,24,7
"SDR42E1","s1015_F_LIV_01_ASEReadCounter.table","NW_015090842.1:6236040",7,11,4
"SDR42E1","s1015_F_LIV_01_ASEReadCounter.table","NW_015090842.1:6236260",17,22,5
"SDR42E1","s1015_F_LIV_01_ASEReadCounter.table","NW_015090842.1:6236281",17,21,4
"SDR42E1","s1015_F_LIV_01_ASEReadCounter.table","NW_015090842.1:6236305",21,25,4
"SDR42E1","s1015_F_LIV_01_ASEReadCounter.table","NW_015090842.1:6236458",17,23,6
"SDR42E1","s1015_F_LIV_01_ASEReadCounter.table","NW_015090842.1:6236476",16,22,6
"SDR42E1","s1015_F_LIV_01_ASEReadCounter.table","NW_015090842.1:6236608",13,21,8
"SDR42E1","s1015_F_LIV_01_ASEReadCounter.table","NW_015090842.1:6238244",19,27,8
"SDR42E1","s1015_F_LIV_01_ASEReadCounter.table","NW_015090842.1:6238829",3,3,0
"HSD17B2","s1015_F_LIV_01_ASEReadCounter.table","NW_015090842.1:6257616",1,1,0
"HSD17B2","s1015_F_LIV_01_ASEReadCounter.table","NW_015090842.1:6257829",2,2,0
"HSD17B2","s1015_F_LIV_01_ASEReadCounter.table","NW_015090842.1:6257851",2,2,0
"HSD17B2","s1015_F_LIV_01_ASEReadCounter.table","NW_015090842.1:6257889",1,1,0
"HSD17B2","s1015_F_LIV_01_ASEReadCounter.table","NW_015090842.1:6262951",2,3,1
"HSD17B2","s1015_F_LIV_01_ASEReadCounter.table","NW_015090842.1:6262974",2,2,0
"HSD17B2","s1015_F_LIV_01_ASEReadCounter.table","NW_015090842.1:6266125",1,1,0
"HSD17B2","s1015_F_LIV_01_ASEReadCounter.table","NW_015090842.1:6266795",2,3,1
"HSD17B2","s1015_F_LIV_01_ASEReadCounter.table","NW_015090842.1:6266944",2,3,1
"HSD17B2","s1015_F_LIV_01_ASEReadCounter.table","NW_015090842.1:6267053",4,5,1
"HSD17B2","s1015_F_LIV_01_ASEReadCounter.table","NW_015090842.1:6267273",4,5,1
"HSD17B2","s1015_F_LIV_01_ASEReadCounter.table","NW_015090842.1:6267674",3,7,4
"HSD17B2","s1015_F_LIV_01_ASEReadCounter.table","NW_015090842.1:6267913",4,4,0
"HSD17B2","s1015_F_LIV_01_ASEReadCounter.table","NW_015090842.1:6268203",3,4,1
"ARY2","s1015_F_LIV_01_ASEReadCounter.table","NW_015090842.1:6303922",9,11,2
"ARY2","s1015_F_LIV_01_ASEReadCounter.table","NW_015090842.1:6303954",16,23,7
"ARY2","s1015_F_LIV_01_ASEReadCounter.table","NW_015090842.1:6303979",18,27,9
"ARY2","s1015_F_LIV_01_ASEReadCounter.table","NW_015090842.1:6305848",20,32,12
"ARY2","s1015_F_LIV_01_ASEReadCounter.table","NW_015090842.1:6305856",19,32,13
"ARY2","s1015_F_LIV_01_ASEReadCounter.table","NW_015090842.1:6305857",19,31,12
"ARY2","s1015_F_LIV_01_ASEReadCounter.table","NW_015090842.1:6306017",16,37,21
"ARY2","s1015_F_LIV_01_ASEReadCounter.table","NW_015090842.1:6306052",23,41,18
"ARY2","s1015_F_LIV_01_ASEReadCounter.table","NW_015090842.1:6306094",29,50,21
"ARY2","s1015_F_LIV_01_ASEReadCounter.table","NW_015090842.1:6306100",31,54,23
"ARY2","s1015_F_LIV_01_ASEReadCounter.table","NW_015090842.1:6306146",28,58,30
"ARY2","s1015_F_LIV_01_ASEReadCounter.table","NW_015090842.1:6306147",28,58,30
"ARY2","s1015_F_LIV_01_ASEReadCounter.table","NW_015090842.1:6306390",22,39,17
"ARY2","s1015_F_LIV_01_ASEReadCounter.table","NW_015090842.1:6306567",14,32,18
"ARY2","s1015_F_LIV_01_ASEReadCounter.table","NW_015090842.1:6306705",8,13,5
"ARY2","s1015_F_LIV_01_ASEReadCounter.table","NW_015090842.1:6306773",8,12,4
"ARY2","s1015_F_LIV_01_ASEReadCounter.table","NW_015090842.1:6307039",14,15,1
"ARY2","s1015_F_LIV_01_ASEReadCounter.table","NW_015090842.1:6307043",14,15,1
"ARY2","s1015_F_LIV_01_ASEReadCounter.table","NW_015090842.1:6307093",9,9,0
"ARY2","s1015_F_LIV_01_ASEReadCounter.table","NW_015090842.1:6307138",5,6,1
"ARY2","s1015_F_LIV_01_ASEReadCounter.table","NW_015090842.1:6307157",7,9,2
"ARY2","s1015_F_LIV_01_ASEReadCounter.table","NW_015090842.1:6307187",7,11,4
"ARY2","s1015_F_LIV_01_ASEReadCounter.table","NW_015090842.1:6307204",7,10,3
"ARY2","s1015_F_LIV_01_ASEReadCounter.table","NW_015090842.1:6307278",5,11,6
"ARY2","s1015_F_LIV_01_ASEReadCounter.table","NW_015090842.1:6307305",8,14,6
"ARY2","s1015_F_LIV_01_ASEReadCounter.table","NW_015090842.1:6307318",9,17,8
"ARY2","s1015_F_LIV_01_ASEReadCounter.table","NW_015090842.1:6307429",6,14,8
"ARY2","s1015_F_LIV_01_ASEReadCounter.table","NW_015090842.1:6307487",10,18,8
"ARY2","s1015_F_LIV_01_ASEReadCounter.table","NW_015090842.1:6307670",9,10,1
"ARYL","s1015_F_LIV_01_ASEReadCounter.table","NW_015090842.1:6313360",43,74,31
"ARYL","s1015_F_LIV_01_ASEReadCounter.table","NW_015090842.1:6313377",37,63,26
"ARYL","s1015_F_LIV_01_ASEReadCounter.table","NW_015090842.1:6313767",42,83,41
"ARY1","s1015_F_LIV_01_ASEReadCounter.table","NW_015090842.1:6314296",57,94,37
"ARY1","s1015_F_LIV_01_ASEReadCounter.table","NW_015090842.1:6314541",54,85,31
"ARY1","s1015_F_LIV_01_ASEReadCounter.table","NW_015090842.1:6314597",62,103,41
"ARY1","s1015_F_LIV_01_ASEReadCounter.table","NW_015090842.1:6314750",31,67,36
"ARY1","s1015_F_LIV_01_ASEReadCounter.table","NW_015090842.1:6314794",45,72,27
"ARY1","s1015_F_LIV_01_ASEReadCounter.table","NW_015090842.1:6314827",50,89,39
"ARY1","s1015_F_LIV_01_ASEReadCounter.table","NW_015090842.1:6314859",59,103,44
"ARY1","s1015_F_LIV_01_ASEReadCounter.table","NW_015090842.1:6314886",55,104,49
"ARY1","s1015_F_LIV_01_ASEReadCounter.table","NW_015090842.1:6315022",69,112,43
"ARY1","s1015_F_LIV_01_ASEReadCounter.table","NW_015090842.1:6315026",74,116,42
"ARY1","s1015_F_LIV_01_ASEReadCounter.table","NW_015090842.1:6315043",70,112,42
"ARY1","s1015_F_LIV_01_ASEReadCounter.table","NW_015090842.1:6315065",68,112,44
"ARY1","s1015_F_LIV_01_ASEReadCounter.table","NW_015090842.1:6315409",53,92,39
"ARY1","s1015_F_LIV_01_ASEReadCounter.table","NW_015090842.1:6315479",76,119,43
"ARY1","s1015_F_LIV_01_ASEReadCounter.table","NW_015090842.1:6318342",94,161,67
"ARY1","s1015_F_LIV_01_ASEReadCounter.table","NW_015090842.1:6318427",106,172,66
"ARY1","s1015_F_LIV_01_ASEReadCounter.table","NW_015090842.1:6318603",83,136,53
"ARY1","s1015_F_LIV_01_ASEReadCounter.table","NW_015090842.1:6318708",77,137,60
"ARY1","s1015_F_LIV_01_ASEReadCounter.table","NW_015090842.1:6318858",99,163,64
"ARY1","s1015_F_LIV_01_ASEReadCounter.table","NW_015090842.1:6318952",112,178,66
"MPHOSPH6","s1015_F_LIV_01_ASEReadCounter.table","NW_015090842.1:6324063",15,44,29
"MPHOSPH6","s1015_F_LIV_01_ASEReadCounter.table","NW_015090842.1:6324174",38,87,49
"MPHOSPH6","s1015_F_LIV_01_ASEReadCounter.table","NW_015090842.1:6324270",38,98,60
"MPHOSPH6","s1015_F_LIV_01_ASEReadCounter.table","NW_015090842.1:6324762",60,125,65
"MPHOSPH6","s1015_F_LIV_01_ASEReadCounter.table","NW_015090842.1:6324780",59,117,58
"MPHOSPH6","s1015_F_LIV_01_ASEReadCounter.table","NW_015090842.1:6324902",66,147,81
"MPHOSPH6","s1015_F_LIV_01_ASEReadCounter.table","NW_015090842.1:6325066",71,165,94
"MPHOSPH6","s1015_F_LIV_01_ASEReadCounter.table","NW_015090842.1:6325089",76,172,96
"MPHOSPH6","s1015_F_LIV_01_ASEReadCounter.table","NW_015090842.1:6325877",91,209,118
"MPHOSPH6","s1015_F_LIV_01_ASEReadCounter.table","NW_015090842.1:6326976",57,126,69
"CDH13","s1015_F_LIV_01_ASEReadCounter.table","NW_015090842.1:6693665",1,3,2
"CDH13","s1015_F_LIV_01_ASEReadCounter.table","NW_015090842.1:6693697",1,3,2
"CDH13","s1015_F_LIV_01_ASEReadCounter.table","NW_015090842.1:6693712",1,2,1
"CDH13","s1015_F_LIV_01_ASEReadCounter.table","NW_015090842.1:6693723",2,3,1
"CDH13","s1015_F_LIV_01_ASEReadCounter.table","NW_015090842.1:6693738",2,3,1
"CDH13","s1015_F_LIV_01_ASEReadCounter.table","NW_015090842.1:6823730",0,1,1
"CDH13","s1015_F_LIV_01_ASEReadCounter.table","NW_015090842.1:6889713",0,1,1
"CDH13","s1015_F_LIV_01_ASEReadCounter.table","NW_015090842.1:6955167",2,3,1
"MLYCD","s1015_F_LIV_01_ASEReadCounter.table","NW_015090842.1:7150054",25,67,42
"MLYCD","s1015_F_LIV_01_ASEReadCounter.table","NW_015090842.1:7150131",49,117,68
"MLYCD","s1015_F_LIV_01_ASEReadCounter.table","NW_015090842.1:7150585",33,82,49
"MLYCD","s1015_F_LIV_01_ASEReadCounter.table","NW_015090842.1:7150686",29,67,38
"MLYCD","s1015_F_LIV_01_ASEReadCounter.table","NW_015090842.1:7150696",30,75,45
"MLYCD","s1015_F_LIV_01_ASEReadCounter.table","NW_015090842.1:7150869",25,72,47
"MLYCD","s1015_F_LIV_01_ASEReadCounter.table","NW_015090842.1:7151100",29,70,41
"MLYCD","s1015_F_LIV_01_ASEReadCounter.table","NW_015090842.1:7151127",31,73,42
"MLYCD","s1015_F_LIV_01_ASEReadCounter.table","NW_015090842.1:7157538",28,72,44
"MLYCD","s1015_F_LIV_01_ASEReadCounter.table","NW_015090842.1:7167662",7,18,11
"MLYCD","s1015_F_LIV_01_ASEReadCounter.table","NW_015090842.1:7167675",8,17,9
"MLYCD","s1015_F_LIV_01_ASEReadCounter.table","NW_015090842.1:7167710",7,17,10
"MLYCD","s1015_F_LIV_01_ASEReadCounter.table","NW_015090842.1:7167781",8,17,9
"MLYCD","s1015_F_LIV_01_ASEReadCounter.table","NW_015090842.1:7167803",7,12,5
"MLYCD","s1015_F_LIV_01_ASEReadCounter.table","NW_015090842.1:7167812",8,12,4
"MLYCD","s1015_F_LIV_01_ASEReadCounter.table","NW_015090842.1:7167845",10,24,14
"MLYCD","s1015_F_LIV_01_ASEReadCounter.table","NW_015090842.1:7167862",12,28,16
"MLYCD","s1015_F_LIV_01_ASEReadCounter.table","NW_015090842.1:7167929",11,29,18
"MLYCD","s1015_F_LIV_01_ASEReadCounter.table","NW_015090842.1:7167995",6,22,16
"MLYCD","s1015_F_LIV_01_ASEReadCounter.table","NW_015090842.1:7168005",6,22,16
"MLYCD","s1015_F_LIV_01_ASEReadCounter.table","NW_015090842.1:7168037",9,25,16
"HSBP1","s1015_F_LIV_01_ASEReadCounter.table","NW_015090842.1:7245192",47,100,53
"HSBP1","s1015_F_LIV_01_ASEReadCounter.table","NW_015090842.1:7245226",67,136,69
"HSBP1","s1015_F_LIV_01_ASEReadCounter.table","NW_015090842.1:7245257",58,123,65
"HSBP1","s1015_F_LIV_01_ASEReadCounter.table","NW_015090842.1:7245296",58,130,72
"HSBP1","s1015_F_LIV_01_ASEReadCounter.table","NW_015090842.1:7245389",69,153,84
"HSBP1","s1015_F_LIV_01_ASEReadCounter.table","NW_015090842.1:7245400",70,150,80
"HSBP1","s1015_F_LIV_01_ASEReadCounter.table","NW_015090842.1:7245445",61,139,78
"HSBP1","s1015_F_LIV_01_ASEReadCounter.table","NW_015090842.1:7245495",55,122,67
"HSBP1","s1015_F_LIV_01_ASEReadCounter.table","NW_015090842.1:7245733",46,97,51
"HSBP1","s1015_F_LIV_01_ASEReadCounter.table","NW_015090842.1:7245771",56,103,47
"HSBP1","s1015_F_LIV_01_ASEReadCounter.table","NW_015090842.1:7245813",60,101,41
"HSBP1","s1015_F_LIV_01_ASEReadCounter.table","NW_015090842.1:7245926",64,115,51
"HSBP1","s1015_F_LIV_01_ASEReadCounter.table","NW_015090842.1:7245927",63,114,51
"HSBP1","s1015_F_LIV_01_ASEReadCounter.table","NW_015090842.1:7245933",61,107,46
"HSBP1","s1015_F_LIV_01_ASEReadCounter.table","NW_015090842.1:7246002",42,90,48
"HSBP1","s1015_F_LIV_01_ASEReadCounter.table","NW_015090842.1:7246094",57,113,56
"HSBP1","s1015_F_LIV_01_ASEReadCounter.table","NW_015090842.1:7246167",61,118,57
"HSBP1","s1015_F_LIV_01_ASEReadCounter.table","NW_015090842.1:7246183",52,108,56
"HSBP1","s1015_F_LIV_01_ASEReadCounter.table","NW_015090842.1:7247285",5,10,5
"HSBP1","s1015_F_LIV_01_ASEReadCounter.table","NW_015090842.1:7247651",146,348,202
"HSBP1","s1015_F_LIV_01_ASEReadCounter.table","NW_015090842.1:7247657",148,348,200
"HSBP1","s1015_F_LIV_01_ASEReadCounter.table","NW_015090842.1:7248520",113,231,118
"HSBP1","s1015_F_LIV_01_ASEReadCounter.table","NW_015090842.1:7248535",96,192,96
"WFDC1","s1015_F_LIV_01_ASEReadCounter.table","NW_015090842.1:7366517",1,1,0
"WFDC1","s1015_F_LIV_01_ASEReadCounter.table","NW_015090842.1:7373367",0,1,1
"WFDC1","s1015_F_LIV_01_ASEReadCounter.table","NW_015090842.1:7375828",1,1,0
"WFDC1","s1015_F_LIV_01_ASEReadCounter.table","NW_015090842.1:7380237",0,1,1
"WFDC1","s1015_F_LIV_01_ASEReadCounter.table","NW_015090842.1:7380261",0,1,1
"WFDC1","s1015_F_LIV_01_ASEReadCounter.table","NW_015090842.1:7380322",0,1,1
"WFDC1","s1015_F_LIV_01_ASEReadCounter.table","NW_015090842.1:7380878",1,1,0
"WFDC1","s1015_F_LIV_01_ASEReadCounter.table","NW_015090842.1:7381081",0,1,1
"WFDC1","s1015_F_LIV_01_ASEReadCounter.table","NW_015090842.1:7381127",0,1,1
"WFDC1","s1015_F_LIV_01_ASEReadCounter.table","NW_015090842.1:7381195",0,1,1
"WFDC1","s1015_F_LIV_01_ASEReadCounter.table","NW_015090842.1:7381378",0,1,1
"WFDC1","s1015_F_LIV_01_ASEReadCounter.table","NW_015090842.1:7381433",0,1,1
"WFDC1","s1015_F_LIV_01_ASEReadCounter.table","NW_015090842.1:7381434",0,1,1
"WFDC1","s1015_F_LIV_01_ASEReadCounter.table","NW_015090842.1:7381442",0,1,1
"WFDC1","s1015_F_LIV_01_ASEReadCounter.table","NW_015090842.1:7381517",1,2,1
"WFDC1","s1015_F_LIV_01_ASEReadCounter.table","NW_015090842.1:7381520",1,2,1
"WFDC1","s1015_F_LIV_01_ASEReadCounter.table","NW_015090842.1:7381677",0,2,2
"WFDC1","s1015_F_LIV_01_ASEReadCounter.table","NW_015090842.1:7381709",0,1,1
"ATP2C2","s1015_F_LIV_01_ASEReadCounter.table","NW_015090842.1:7395230",1,1,0
"ATP2C2","s1015_F_LIV_01_ASEReadCounter.table","NW_015090842.1:7397049",1,1,0
"ATP2C2","s1015_F_LIV_01_ASEReadCounter.table","NW_015090842.1:7413855",17,27,10
"ATP2C2","s1015_F_LIV_01_ASEReadCounter.table","NW_015090842.1:7413869",3,12,9
"ATP2C2","s1015_F_LIV_01_ASEReadCounter.table","NW_015090842.1:7413875",3,12,9
"TLDC1","s1015_F_LIV_01_ASEReadCounter.table","NW_015090842.1:7421137",34,94,60
"TLDC1","s1015_F_LIV_01_ASEReadCounter.table","NW_015090842.1:7421155",34,88,54
"TLDC1","s1015_F_LIV_01_ASEReadCounter.table","NW_015090842.1:7421218",21,62,41
"TLDC1","s1015_F_LIV_01_ASEReadCounter.table","NW_015090842.1:7421399",34,84,50
"TLDC1","s1015_F_LIV_01_ASEReadCounter.table","NW_015090842.1:7421402",35,88,53
"TLDC1","s1015_F_LIV_01_ASEReadCounter.table","NW_015090842.1:7421528",44,103,59
"TLDC1","s1015_F_LIV_01_ASEReadCounter.table","NW_015090842.1:7421532",45,102,57
"TLDC1","s1015_F_LIV_01_ASEReadCounter.table","NW_015090842.1:7421621",48,86,38
"TLDC1","s1015_F_LIV_01_ASEReadCounter.table","NW_015090842.1:7421647",50,84,34
"TLDC1","s1015_F_LIV_01_ASEReadCounter.table","NW_015090842.1:7421657",52,89,37
"TLDC1","s1015_F_LIV_01_ASEReadCounter.table","NW_015090842.1:7421693",49,92,43
"TLDC1","s1015_F_LIV_01_ASEReadCounter.table","NW_015090842.1:7421796",45,91,46
"TLDC1","s1015_F_LIV_01_ASEReadCounter.table","NW_015090842.1:7421810",45,91,46
"TLDC1","s1015_F_LIV_01_ASEReadCounter.table","NW_015090842.1:7421833",44,95,51
"TLDC1","s1015_F_LIV_01_ASEReadCounter.table","NW_015090842.1:7421879",52,111,59
"TLDC1","s1015_F_LIV_01_ASEReadCounter.table","NW_015090842.1:7421914",54,115,61
"TLDC1","s1015_F_LIV_01_ASEReadCounter.table","NW_015090842.1:7421969",47,87,40
"TLDC1","s1015_F_LIV_01_ASEReadCounter.table","NW_015090842.1:7422015",39,85,46
"TLDC1","s1015_F_LIV_01_ASEReadCounter.table","NW_015090842.1:7422042",42,105,63
"TLDC1","s1015_F_LIV_01_ASEReadCounter.table","NW_015090842.1:7422230",69,125,56
"TLDC1","s1015_F_LIV_01_ASEReadCounter.table","NW_015090842.1:7423349",51,99,48
"TLDC1","s1015_F_LIV_01_ASEReadCounter.table","NW_015090842.1:7423362",43,88,45
"TLDC1","s1015_F_LIV_01_ASEReadCounter.table","NW_015090842.1:7426091",44,77,33
"TLDC1","s1015_F_LIV_01_ASEReadCounter.table","NW_015090842.1:7426485",42,84,42
"TLDC1","s1015_F_LIV_01_ASEReadCounter.table","NW_015090842.1:7427211",49,90,41
"TLDC1","s1015_F_LIV_01_ASEReadCounter.table","NW_015090842.1:7428179",25,62,37
"COTL1","s1015_F_LIV_01_ASEReadCounter.table","NW_015090842.1:7490744",66,143,77
"COTL1","s1015_F_LIV_01_ASEReadCounter.table","NW_015090842.1:7491051",76,156,80
"COTL1","s1015_F_LIV_01_ASEReadCounter.table","NW_015090842.1:7491124",78,151,73
"COTL1","s1015_F_LIV_01_ASEReadCounter.table","NW_015090842.1:7491418",36,78,42
"COTL1","s1015_F_LIV_01_ASEReadCounter.table","NW_015090842.1:7491539",5,78,73
"COTL1","s1015_F_LIV_01_ASEReadCounter.table","NW_015090842.1:7491585",56,109,53
"COTL1","s1015_F_LIV_01_ASEReadCounter.table","NW_015090842.1:7491586",55,112,57
"COTL1","s1015_F_LIV_01_ASEReadCounter.table","NW_015090842.1:7491646",66,128,62
"COTL1","s1015_F_LIV_01_ASEReadCounter.table","NW_015090842.1:7491747",56,115,59
"COTL1","s1015_F_LIV_01_ASEReadCounter.table","NW_015090842.1:7491803",51,102,51
"KLHL36","s1015_F_LIV_01_ASEReadCounter.table","NW_015090842.1:7514700",0,1,1
"KLHL36","s1015_F_LIV_01_ASEReadCounter.table","NW_015090842.1:7526160",1,2,1
"KLHL36","s1015_F_LIV_01_ASEReadCounter.table","NW_015090842.1:7526587",1,1,0
"KLHL36","s1015_F_LIV_01_ASEReadCounter.table","NW_015090842.1:7526997",1,1,0
"KLHL36","s1015_F_LIV_01_ASEReadCounter.table","NW_015090842.1:7535174",0,2,2
"KLHL36","s1015_F_LIV_01_ASEReadCounter.table","NW_015090842.1:7535384",1,2,1
"KLHL36","s1015_F_LIV_01_ASEReadCounter.table","NW_015090842.1:7535420",1,3,2
"KLHL36","s1015_F_LIV_01_ASEReadCounter.table","NW_015090842.1:7535545",2,2,0
"KLHL36","s1015_F_LIV_01_ASEReadCounter.table","NW_015090842.1:7535829",2,3,1
"KLHL36","s1015_F_LIV_01_ASEReadCounter.table","NW_015090842.1:7535977",0,5,5
"KLHL36","s1015_F_LIV_01_ASEReadCounter.table","NW_015090842.1:7536010",0,1,1
"KLHL36","s1015_F_LIV_01_ASEReadCounter.table","NW_015090842.1:7536051",1,2,1
"KLHL36","s1015_F_LIV_01_ASEReadCounter.table","NW_015090842.1:7536096",1,2,1
"KLHL36","s1015_F_LIV_01_ASEReadCounter.table","NW_015090842.1:7536135",1,2,1
"KLHL36","s1015_F_LIV_01_ASEReadCounter.table","NW_015090842.1:7536136",1,2,1
"KLHL36","s1015_F_LIV_01_ASEReadCounter.table","NW_015090842.1:7536160",1,2,1
"KLHL36","s1015_F_LIV_01_ASEReadCounter.table","NW_015090842.1:7536336",2,3,1
"KLHL36","s1015_F_LIV_01_ASEReadCounter.table","NW_015090842.1:7536352",2,3,1
"KLHL36","s1015_F_LIV_01_ASEReadCounter.table","NW_015090842.1:7536412",3,5,2
"KLHL36","s1015_F_LIV_01_ASEReadCounter.table","NW_015090842.1:7536418",3,6,3
"KLHL36","s1015_F_LIV_01_ASEReadCounter.table","NW_015090842.1:7536465",3,9,6
"KLHL36","s1015_F_LIV_01_ASEReadCounter.table","NW_015090842.1:7536466",3,9,6
"KLHL36","s1015_F_LIV_01_ASEReadCounter.table","NW_015090842.1:7536553",5,8,3
"KLHL36","s1015_F_LIV_01_ASEReadCounter.table","NW_015090842.1:7536698",1,4,3
"KLHL36","s1015_F_LIV_01_ASEReadCounter.table","NW_015090842.1:7536713",0,4,4
"KLHL36","s1015_F_LIV_01_ASEReadCounter.table","NW_015090842.1:7536720",1,3,2
"KLHL36","s1015_F_LIV_01_ASEReadCounter.table","NW_015090842.1:7536791",2,3,1
"KLHL36","s1015_F_LIV_01_ASEReadCounter.table","NW_015090842.1:7536849",1,4,3
"KLHL36","s1015_F_LIV_01_ASEReadCounter.table","NW_015090842.1:7536872",2,8,6
"KLHL36","s1015_F_LIV_01_ASEReadCounter.table","NW_015090842.1:7536878",2,7,5
"KLHL36","s1015_F_LIV_01_ASEReadCounter.table","NW_015090842.1:7536916",2,6,4
"KLHL36","s1015_F_LIV_01_ASEReadCounter.table","NW_015090842.1:7536927",1,6,5
"KLHL36","s1015_F_LIV_01_ASEReadCounter.table","NW_015090842.1:7537315",1,4,3
"KLHL36","s1015_F_LIV_01_ASEReadCounter.table","NW_015090842.1:7537352",4,11,7
"KLHL36","s1015_F_LIV_01_ASEReadCounter.table","NW_015090842.1:7537631",2,10,8
"KLHL36","s1015_F_LIV_01_ASEReadCounter.table","NW_015090842.1:7537830",2,8,6
"KLHL36","s1015_F_LIV_01_ASEReadCounter.table","NW_015090842.1:7537838",2,8,6
"KLHL36","s1015_F_LIV_01_ASEReadCounter.table","NW_015090842.1:7538153",1,2,1
"KLHL36","s1015_F_LIV_01_ASEReadCounter.table","NW_015090842.1:7538256",1,3,2
"KLHL36","s1015_F_LIV_01_ASEReadCounter.table","NW_015090842.1:7538265",1,3,2
"KLHL36","s1015_F_LIV_01_ASEReadCounter.table","NW_015090842.1:7538300",0,3,3
"USP10","s1015_F_LIV_01_ASEReadCounter.table","NW_015090842.1:7563972",7,19,12
"USP10","s1015_F_LIV_01_ASEReadCounter.table","NW_015090842.1:7571816",25,76,51
"USP10","s1015_F_LIV_01_ASEReadCounter.table","NW_015090842.1:7571993",36,74,38
"USP10","s1015_F_LIV_01_ASEReadCounter.table","NW_015090842.1:7572580",51,106,55
"USP10","s1015_F_LIV_01_ASEReadCounter.table","NW_015090842.1:7587372",86,192,106
"CRISPLD2","s1015_F_LIV_01_ASEReadCounter.table","NW_015090842.1:7609844",1,1,0
"CRISPLD2","s1015_F_LIV_01_ASEReadCounter.table","NW_015090842.1:7609845",1,1,0
"CRISPLD2","s1015_F_LIV_01_ASEReadCounter.table","NW_015090842.1:7610084",1,1,0
"CRISPLD2","s1015_F_LIV_01_ASEReadCounter.table","NW_015090842.1:7617757",1,1,0
"CRISPLD2","s1015_F_LIV_01_ASEReadCounter.table","NW_015090842.1:7617781",1,1,0
"CRISPLD2","s1015_F_LIV_01_ASEReadCounter.table","NW_015090842.1:7617790",1,1,0
"CRISPLD2","s1015_F_LIV_01_ASEReadCounter.table","NW_015090842.1:7625451",1,1,0
"CRISPLD2","s1015_F_LIV_01_ASEReadCounter.table","NW_015090842.1:7626214",3,4,1
"CRISPLD2","s1015_F_LIV_01_ASEReadCounter.table","NW_015090842.1:7630784",3,4,1
"CRISPLD2","s1015_F_LIV_01_ASEReadCounter.table","NW_015090842.1:7630823",2,3,1
"CRISPLD2","s1015_F_LIV_01_ASEReadCounter.table","NW_015090842.1:7633172",3,3,0
"CRISPLD2","s1015_F_LIV_01_ASEReadCounter.table","NW_015090842.1:7633326",2,2,0
"CRISPLD2","s1015_F_LIV_01_ASEReadCounter.table","NW_015090842.1:7633336",2,2,0
"CRISPLD2","s1015_F_LIV_01_ASEReadCounter.table","NW_015090842.1:7633381",1,1,0
"CRISPLD2","s1015_F_LIV_01_ASEReadCounter.table","NW_015090842.1:7633388",1,1,0
"CRISPLD2","s1015_F_LIV_01_ASEReadCounter.table","NW_015090842.1:7633400",1,2,1
"CRISPLD2","s1015_F_LIV_01_ASEReadCounter.table","NW_015090842.1:7633486",1,2,1
"CRISPLD2","s1015_F_LIV_01_ASEReadCounter.table","NW_015090842.1:7633503",1,2,1
"CRISPLD2","s1015_F_LIV_01_ASEReadCounter.table","NW_015090842.1:7633504",1,2,1
"CRISPLD2","s1015_F_LIV_01_ASEReadCounter.table","NW_015090842.1:7633557",0,1,1
"CRISPLD2","s1015_F_LIV_01_ASEReadCounter.table","NW_015090842.1:7633571",1,1,0
"CRISPLD2","s1015_F_LIV_01_ASEReadCounter.table","NW_015090842.1:7633588",1,1,0
"CRISPLD2","s1015_F_LIV_01_ASEReadCounter.table","NW_015090842.1:7633617",1,1,0
"CRISPLD2","s1015_F_LIV_01_ASEReadCounter.table","NW_015090842.1:7633695",1,1,0
"CRISPLD2","s1015_F_LIV_01_ASEReadCounter.table","NW_015090842.1:7633910",1,1,0
"CRISPLD2","s1015_F_LIV_01_ASEReadCounter.table","NW_015090842.1:7634142",1,1,0
"CRISPLD2","s1015_F_LIV_01_ASEReadCounter.table","NW_015090842.1:7634417",1,1,0
"CRISPLD2","s1015_F_LIV_01_ASEReadCounter.table","NW_015090842.1:7634825",1,2,1
"CRISPLD2","s1015_F_LIV_01_ASEReadCounter.table","NW_015090842.1:7635009",2,3,1
"CRISPLD2","s1015_F_LIV_01_ASEReadCounter.table","NW_015090842.1:7635208",5,6,1
"CRISPLD2","s1015_F_LIV_01_ASEReadCounter.table","NW_015090842.1:7635373",3,4,1
"CRISPLD2","s1015_F_LIV_01_ASEReadCounter.table","NW_015090842.1:7635525",3,3,0
"LOC106888312","s1015_F_LIV_01_ASEReadCounter.table","NW_015090842.1:7713031",115,182,67
"LOC106888312","s1015_F_LIV_01_ASEReadCounter.table","NW_015090842.1:7727001",135,213,78
"LOC106888312","s1015_F_LIV_01_ASEReadCounter.table","NW_015090842.1:7727036",135,203,68
"LOC106888312","s1015_F_LIV_01_ASEReadCounter.table","NW_015090842.1:7727072",123,182,59
"LOC106888312","s1015_F_LIV_01_ASEReadCounter.table","NW_015090842.1:7727961",149,209,60
"LOC106888312","s1015_F_LIV_01_ASEReadCounter.table","NW_015090842.1:7731961",68,116,48
"LOC106888312","s1015_F_LIV_01_ASEReadCounter.table","NW_015090842.1:7732244",177,288,111
"LOC106888312","s1015_F_LIV_01_ASEReadCounter.table","NW_015090842.1:7732443",146,268,122
"LOC106888312","s1015_F_LIV_01_ASEReadCounter.table","NW_015090842.1:7732444",145,268,123
"LOC106888312","s1015_F_LIV_01_ASEReadCounter.table","NW_015090842.1:7732538",120,236,116
"LOC106888312","s1015_F_LIV_01_ASEReadCounter.table","NW_015090842.1:7732548",125,246,121
"LOC106888312","s1015_F_LIV_01_ASEReadCounter.table","NW_015090842.1:7732576",122,250,128
"LOC106888312","s1015_F_LIV_01_ASEReadCounter.table","NW_015090842.1:7732580",123,251,128
"LOC106888312","s1015_F_LIV_01_ASEReadCounter.table","NW_015090842.1:7732629",106,214,108
"LOC106888312","s1015_F_LIV_01_ASEReadCounter.table","NW_015090842.1:7732630",105,212,107
"LOC106888312","s1015_F_LIV_01_ASEReadCounter.table","NW_015090842.1:7732637",110,213,103
"LOC106888312","s1015_F_LIV_01_ASEReadCounter.table","NW_015090842.1:7732682",93,186,93
"LOC106888312","s1015_F_LIV_01_ASEReadCounter.table","NW_015090842.1:7732696",92,184,92
"LOC106888312","s1015_F_LIV_01_ASEReadCounter.table","NW_015090842.1:7732709",86,178,92
"LOC106888312","s1015_F_LIV_01_ASEReadCounter.table","NW_015090842.1:7732718",82,176,94
"LOC106888312","s1015_F_LIV_01_ASEReadCounter.table","NW_015090842.1:7732739",84,181,97
"LOC106888312","s1015_F_LIV_01_ASEReadCounter.table","NW_015090842.1:7732743",77,178,101
"LOC106888312","s1015_F_LIV_01_ASEReadCounter.table","NW_015090842.1:7732744",76,180,104
"LOC106888312","s1015_F_LIV_01_ASEReadCounter.table","NW_015090842.1:7732756",85,183,98
"LOC106888312","s1015_F_LIV_01_ASEReadCounter.table","NW_015090842.1:7732757",86,183,97
"LOC106888312","s1015_F_LIV_01_ASEReadCounter.table","NW_015090842.1:7732782",107,195,88
"LOC106888312","s1015_F_LIV_01_ASEReadCounter.table","NW_015090842.1:7732796",113,203,90
"LOC106888312","s1015_F_LIV_01_ASEReadCounter.table","NW_015090842.1:7732860",118,220,102
"LOC106888312","s1015_F_LIV_01_ASEReadCounter.table","NW_015090842.1:7732861",121,225,104
"LOC106888312","s1015_F_LIV_01_ASEReadCounter.table","NW_015090842.1:7732918",117,236,119
"LOC106888312","s1015_F_LIV_01_ASEReadCounter.table","NW_015090842.1:7732997",114,207,93
"LOC106888312","s1015_F_LIV_01_ASEReadCounter.table","NW_015090842.1:7733011",79,162,83
"LOC106888312","s1015_F_LIV_01_ASEReadCounter.table","NW_015090842.1:7733046",96,195,99
"LOC106888312","s1015_F_LIV_01_ASEReadCounter.table","NW_015090842.1:7733068",142,239,97
"LOC106888312","s1015_F_LIV_01_ASEReadCounter.table","NW_015090842.1:7733077",180,281,101
"LOC106888312","s1015_F_LIV_01_ASEReadCounter.table","NW_015090842.1:7733096",206,328,122
"LOC106888312","s1015_F_LIV_01_ASEReadCounter.table","NW_015090842.1:7733142",216,361,145
"LOC106888312","s1015_F_LIV_01_ASEReadCounter.table","NW_015090842.1:7733196",209,350,141
"LOC106888312","s1015_F_LIV_01_ASEReadCounter.table","NW_015090842.1:7733299",244,414,170
"LOC106888312","s1015_F_LIV_01_ASEReadCounter.table","NW_015090842.1:7733470",215,396,181
"LOC106888312","s1015_F_LIV_01_ASEReadCounter.table","NW_015090842.1:7733471",220,395,175
"LOC106888312","s1015_F_LIV_01_ASEReadCounter.table","NW_015090842.1:7733472",212,388,176
"LOC106888312","s1015_F_LIV_01_ASEReadCounter.table","NW_015090842.1:7733507",210,372,162
"LOC106888312","s1015_F_LIV_01_ASEReadCounter.table","NW_015090842.1:7733508",211,377,166
"LOC106888312","s1015_F_LIV_01_ASEReadCounter.table","NW_015090842.1:7733518",208,374,166
"LOC106888312","s1015_F_LIV_01_ASEReadCounter.table","NW_015090842.1:7733609",253,416,163
"LOC106888312","s1015_F_LIV_01_ASEReadCounter.table","NW_015090842.1:7733631",216,367,151
"LOC106888312","s1015_F_LIV_01_ASEReadCounter.table","NW_015090842.1:7733674",202,368,166
"LOC106888312","s1015_F_LIV_01_ASEReadCounter.table","NW_015090842.1:7733979",22,29,7
"LOC106888312","s1015_F_LIV_01_ASEReadCounter.table","NW_015090842.1:7733981",23,30,7
"ZDHHC7","s1015_F_LIV_01_ASEReadCounter.table","NW_015090842.1:7737199",66,124,58
"ZDHHC7","s1015_F_LIV_01_ASEReadCounter.table","NW_015090842.1:7737332",50,100,50
"ZDHHC7","s1015_F_LIV_01_ASEReadCounter.table","NW_015090842.1:7737553",78,156,78
"ZDHHC7","s1015_F_LIV_01_ASEReadCounter.table","NW_015090842.1:7737920",48,91,43
"ZDHHC7","s1015_F_LIV_01_ASEReadCounter.table","NW_015090842.1:7737953",45,89,44
"ZDHHC7","s1015_F_LIV_01_ASEReadCounter.table","NW_015090842.1:7737987",46,93,47
"ZDHHC7","s1015_F_LIV_01_ASEReadCounter.table","NW_015090842.1:7738068",65,101,36
"ZDHHC7","s1015_F_LIV_01_ASEReadCounter.table","NW_015090842.1:7738204",53,97,44
"LOC106888097","s1015_F_LIV_01_ASEReadCounter.table","NW_015090842.1:7767178",20,42,22
"LOC106888097","s1015_F_LIV_01_ASEReadCounter.table","NW_015090842.1:7767187",17,42,25
"LOC106888097","s1015_F_LIV_01_ASEReadCounter.table","NW_015090842.1:7768144",26,68,42
"LOC106888097","s1015_F_LIV_01_ASEReadCounter.table","NW_015090842.1:7768196",32,76,44
"LOC106888097","s1015_F_LIV_01_ASEReadCounter.table","NW_015090842.1:7769884",37,85,48
"LOC106888097","s1015_F_LIV_01_ASEReadCounter.table","NW_015090842.1:7769893",33,73,40
"LOC106888097","s1015_F_LIV_01_ASEReadCounter.table","NW_015090842.1:7770245",41,106,65
"LOC106888097","s1015_F_LIV_01_ASEReadCounter.table","NW_015090842.1:7772402",33,88,55
"LOC106888097","s1015_F_LIV_01_ASEReadCounter.table","NW_015090842.1:7772483",41,114,73
"LOC106888097","s1015_F_LIV_01_ASEReadCounter.table","NW_015090842.1:7772490",44,119,75
"LOC106888097","s1015_F_LIV_01_ASEReadCounter.table","NW_015090842.1:7774281",40,119,79
"LOC106888097","s1015_F_LIV_01_ASEReadCounter.table","NW_015090842.1:7774552",51,149,98
"LOC106888097","s1015_F_LIV_01_ASEReadCounter.table","NW_015090842.1:7774564",52,145,93
"LOC106888097","s1015_F_LIV_01_ASEReadCounter.table","NW_015090842.1:7774611",33,129,96
"LOC106888097","s1015_F_LIV_01_ASEReadCounter.table","NW_015090842.1:7774681",48,129,81
"LOC106888097","s1015_F_LIV_01_ASEReadCounter.table","NW_015090842.1:7774698",40,111,71
"LOC106888097","s1015_F_LIV_01_ASEReadCounter.table","NW_015090842.1:7774730",16,61,45
"LOC106888097","s1015_F_LIV_01_ASEReadCounter.table","NW_015090842.1:7774778",5,6,1
"LOC106888097","s1015_F_LIV_01_ASEReadCounter.table","NW_015090842.1:7774793",4,5,1
"MTHFSD","s1015_F_LIV_01_ASEReadCounter.table","NW_015090842.1:8140051",11,21,10
"MTHFSD","s1015_F_LIV_01_ASEReadCounter.table","NW_015090842.1:8142923",30,54,24
"MTHFSD","s1015_F_LIV_01_ASEReadCounter.table","NW_015090842.1:8143029",25,49,24
"MTHFSD","s1015_F_LIV_01_ASEReadCounter.table","NW_015090842.1:8152035",13,35,22
"MTHFSD","s1015_F_LIV_01_ASEReadCounter.table","NW_015090842.1:8152315",12,24,12
"MTHFSD","s1015_F_LIV_01_ASEReadCounter.table","NW_015090842.1:8152511",17,30,13
"MTHFSD","s1015_F_LIV_01_ASEReadCounter.table","NW_015090842.1:8152518",16,28,12
"MTHFSD","s1015_F_LIV_01_ASEReadCounter.table","NW_015090842.1:8152553",16,24,8
"MTHFSD","s1015_F_LIV_01_ASEReadCounter.table","NW_015090842.1:8152773",13,29,16
"MTHFSD","s1015_F_LIV_01_ASEReadCounter.table","NW_015090842.1:8152805",11,27,16
"FOXF1","s1015_F_LIV_01_ASEReadCounter.table","NW_015090842.1:8164789",1,1,0
"FOXF1","s1015_F_LIV_01_ASEReadCounter.table","NW_015090842.1:8166883",0,2,2
"FOXF1","s1015_F_LIV_01_ASEReadCounter.table","NW_015090842.1:8167113",1,4,3
"FOXF1","s1015_F_LIV_01_ASEReadCounter.table","NW_015090842.1:8167588",3,4,1
"IRF8","s1015_F_LIV_01_ASEReadCounter.table","NW_015090842.1:8406652",11,31,20
"IRF8","s1015_F_LIV_01_ASEReadCounter.table","NW_015090842.1:8406703",18,31,13
"IRF8","s1015_F_LIV_01_ASEReadCounter.table","NW_015090842.1:8406704",18,32,14
"IRF8","s1015_F_LIV_01_ASEReadCounter.table","NW_015090842.1:8406757",18,31,13
"IRF8","s1015_F_LIV_01_ASEReadCounter.table","NW_015090842.1:8406778",14,29,15
"IRF8","s1015_F_LIV_01_ASEReadCounter.table","NW_015090842.1:8406819",13,29,16
"IRF8","s1015_F_LIV_01_ASEReadCounter.table","NW_015090842.1:8406941",8,28,20
"IRF8","s1015_F_LIV_01_ASEReadCounter.table","NW_015090842.1:8407008",5,17,12
"IRF8","s1015_F_LIV_01_ASEReadCounter.table","NW_015090842.1:8407057",2,11,9
"IRF8","s1015_F_LIV_01_ASEReadCounter.table","NW_015090842.1:8407064",6,14,8
"IRF8","s1015_F_LIV_01_ASEReadCounter.table","NW_015090842.1:8407069",6,15,9
"IRF8","s1015_F_LIV_01_ASEReadCounter.table","NW_015090842.1:8407120",5,17,12
"IRF8","s1015_F_LIV_01_ASEReadCounter.table","NW_015090842.1:8407157",14,24,10
"IRF8","s1015_F_LIV_01_ASEReadCounter.table","NW_015090842.1:8407203",12,23,11
"IRF8","s1015_F_LIV_01_ASEReadCounter.table","NW_015090842.1:8407272",16,22,6
"IRF8","s1015_F_LIV_01_ASEReadCounter.table","NW_015090842.1:8407276",17,22,5
"IRF8","s1015_F_LIV_01_ASEReadCounter.table","NW_015090842.1:8407303",18,27,9
"IRF8","s1015_F_LIV_01_ASEReadCounter.table","NW_015090842.1:8407451",15,21,6
"IRF8","s1015_F_LIV_01_ASEReadCounter.table","NW_015090842.1:8407456",15,19,4
"IRF8","s1015_F_LIV_01_ASEReadCounter.table","NW_015090842.1:8408564",10,19,9
"IRF8","s1015_F_LIV_01_ASEReadCounter.table","NW_015090842.1:8408585",18,18,0
"IRF8","s1015_F_LIV_01_ASEReadCounter.table","NW_015090842.1:8408973",5,18,13
"IRF8","s1015_F_LIV_01_ASEReadCounter.table","NW_015090842.1:8409060",7,13,6
"IRF8","s1015_F_LIV_01_ASEReadCounter.table","NW_015090842.1:8409065",6,11,5
"IRF8","s1015_F_LIV_01_ASEReadCounter.table","NW_015090842.1:8409254",1,5,4
"IRF8","s1015_F_LIV_01_ASEReadCounter.table","NW_015090842.1:8409255",1,6,5
"IRF8","s1015_F_LIV_01_ASEReadCounter.table","NW_015090842.1:8409258",2,7,5
"IRF8","s1015_F_LIV_01_ASEReadCounter.table","NW_015090842.1:8409312",8,13,5
"IRF8","s1015_F_LIV_01_ASEReadCounter.table","NW_015090842.1:8410216",4,14,10
"IRF8","s1015_F_LIV_01_ASEReadCounter.table","NW_015090842.1:8410237",8,19,11
"IRF8","s1015_F_LIV_01_ASEReadCounter.table","NW_015090842.1:8410276",21,21,0
"IRF8","s1015_F_LIV_01_ASEReadCounter.table","NW_015090842.1:8410813",8,23,15
"IRF8","s1015_F_LIV_01_ASEReadCounter.table","NW_015090842.1:8410861",10,25,15
"IRF8","s1015_F_LIV_01_ASEReadCounter.table","NW_015090842.1:8411940",12,21,9
"IRF8","s1015_F_LIV_01_ASEReadCounter.table","NW_015090842.1:8412006",8,17,9
"IRF8","s1015_F_LIV_01_ASEReadCounter.table","NW_015090842.1:8412042",6,16,10
"DUSP15","s1015_F_LIV_01_ASEReadCounter.table","NW_015090842.1:8422787",1,1,0
"DUSP15","s1015_F_LIV_01_ASEReadCounter.table","NW_015090842.1:8422832",1,1,0
"COX4I1","s1015_F_LIV_01_ASEReadCounter.table","NW_015090842.1:8442258",2223,4321,2098
"COX4I1","s1015_F_LIV_01_ASEReadCounter.table","NW_015090842.1:8442333",2081,3844,1763
"EMC8","s1015_F_LIV_01_ASEReadCounter.table","NW_015090842.1:8444046",121,276,155
"EMC8","s1015_F_LIV_01_ASEReadCounter.table","NW_015090842.1:8444064",112,239,127
"EMC8","s1015_F_LIV_01_ASEReadCounter.table","NW_015090842.1:8452029",16,68,52
"EMC8","s1015_F_LIV_01_ASEReadCounter.table","NW_015090842.1:8452116",25,71,46
"EMC8","s1015_F_LIV_01_ASEReadCounter.table","NW_015090842.1:8452121",25,72,47
"EMC8","s1015_F_LIV_01_ASEReadCounter.table","NW_015090842.1:8452222",20,58,38
"EMC8","s1015_F_LIV_01_ASEReadCounter.table","NW_015090842.1:8452244",25,64,39
"EMC8","s1015_F_LIV_01_ASEReadCounter.table","NW_015090842.1:8452477",14,23,9
"EMC8","s1015_F_LIV_01_ASEReadCounter.table","NW_015090842.1:8452498",14,24,10
"EMC8","s1015_F_LIV_01_ASEReadCounter.table","NW_015090842.1:8452535",6,15,9
"EMC8","s1015_F_LIV_01_ASEReadCounter.table","NW_015090842.1:8452575",3,12,9
"EMC8","s1015_F_LIV_01_ASEReadCounter.table","NW_015090842.1:8452600",5,12,7
"EMC8","s1015_F_LIV_01_ASEReadCounter.table","NW_015090842.1:8452616",6,8,2
"EMC8","s1015_F_LIV_01_ASEReadCounter.table","NW_015090842.1:8452630",6,9,3
"EMC8","s1015_F_LIV_01_ASEReadCounter.table","NW_015090842.1:8452650",6,13,7
"EMC8","s1015_F_LIV_01_ASEReadCounter.table","NW_015090842.1:8452678",7,19,12
"EMC8","s1015_F_LIV_01_ASEReadCounter.table","NW_015090842.1:8452724",3,17,14
"EMC8","s1015_F_LIV_01_ASEReadCounter.table","NW_015090842.1:8452731",3,16,13
"EMC8","s1015_F_LIV_01_ASEReadCounter.table","NW_015090842.1:8452743",3,17,14
"EMC8","s1015_F_LIV_01_ASEReadCounter.table","NW_015090842.1:8452750",2,17,15
"EMC8","s1015_F_LIV_01_ASEReadCounter.table","NW_015090842.1:8452778",5,16,11
"EMC8","s1015_F_LIV_01_ASEReadCounter.table","NW_015090842.1:8452783",5,16,11
"EMC8","s1015_F_LIV_01_ASEReadCounter.table","NW_015090842.1:8452800",11,21,10
"EMC8","s1015_F_LIV_01_ASEReadCounter.table","NW_015090842.1:8452804",11,22,11
"EMC8","s1015_F_LIV_01_ASEReadCounter.table","NW_015090842.1:8452812",9,20,11
"EMC8","s1015_F_LIV_01_ASEReadCounter.table","NW_015090842.1:8452858",11,23,12
"EMC8","s1015_F_LIV_01_ASEReadCounter.table","NW_015090842.1:8452906",9,24,15
"EMC8","s1015_F_LIV_01_ASEReadCounter.table","NW_015090842.1:8452913",10,30,20
"EMC8","s1015_F_LIV_01_ASEReadCounter.table","NW_015090842.1:8453000",11,31,20
"EMC8","s1015_F_LIV_01_ASEReadCounter.table","NW_015090842.1:8453007",12,33,21
"EMC8","s1015_F_LIV_01_ASEReadCounter.table","NW_015090842.1:8453058",11,25,14
"EMC8","s1015_F_LIV_01_ASEReadCounter.table","NW_015090842.1:8453106",8,19,11
"GINS2","s1015_F_LIV_01_ASEReadCounter.table","NW_015090842.1:8466420",2,2,0
"GINS2","s1015_F_LIV_01_ASEReadCounter.table","NW_015090842.1:8466424",2,2,0
"GINS2","s1015_F_LIV_01_ASEReadCounter.table","NW_015090842.1:8466518",1,1,0
"GINS2","s1015_F_LIV_01_ASEReadCounter.table","NW_015090842.1:8468482",13,14,1
"GINS2","s1015_F_LIV_01_ASEReadCounter.table","NW_015090842.1:8470290",8,10,2
"GINS2","s1015_F_LIV_01_ASEReadCounter.table","NW_015090842.1:8470305",8,11,3
"GINS2","s1015_F_LIV_01_ASEReadCounter.table","NW_015090842.1:8470381",7,10,3
"GINS2","s1015_F_LIV_01_ASEReadCounter.table","NW_015090842.1:8470418",8,12,4
"GINS2","s1015_F_LIV_01_ASEReadCounter.table","NW_015090842.1:8470421",6,10,4
"GINS2","s1015_F_LIV_01_ASEReadCounter.table","NW_015090842.1:8470430",6,10,4
"GINS2","s1015_F_LIV_01_ASEReadCounter.table","NW_015090842.1:8470433",6,9,3
"GINS2","s1015_F_LIV_01_ASEReadCounter.table","NW_015090842.1:8470457",5,8,3
"GINS2","s1015_F_LIV_01_ASEReadCounter.table","NW_015090842.1:8470491",3,5,2
"GINS2","s1015_F_LIV_01_ASEReadCounter.table","NW_015090842.1:8470548",8,9,1
"GINS2","s1015_F_LIV_01_ASEReadCounter.table","NW_015090842.1:8470649",5,6,1
"GSE1","s1015_F_LIV_01_ASEReadCounter.table","NW_015090842.1:8475362",21,33,12
"GSE1","s1015_F_LIV_01_ASEReadCounter.table","NW_015090842.1:8475961",8,11,3
"GSE1","s1015_F_LIV_01_ASEReadCounter.table","NW_015090842.1:8476027",12,15,3
"GSE1","s1015_F_LIV_01_ASEReadCounter.table","NW_015090842.1:8476159",0,2,2
"GSE1","s1015_F_LIV_01_ASEReadCounter.table","NW_015090842.1:8477442",0,5,5
"GSE1","s1015_F_LIV_01_ASEReadCounter.table","NW_015090842.1:8477448",0,5,5
"GSE1","s1015_F_LIV_01_ASEReadCounter.table","NW_015090842.1:8477662",0,4,4
"GSE1","s1015_F_LIV_01_ASEReadCounter.table","NW_015090842.1:8477933",6,7,1
"GSE1","s1015_F_LIV_01_ASEReadCounter.table","NW_015090842.1:8477945",7,8,1
"GSE1","s1015_F_LIV_01_ASEReadCounter.table","NW_015090842.1:8483272",1,3,2
"GSE1","s1015_F_LIV_01_ASEReadCounter.table","NW_015090842.1:8483367",2,3,1
"GSE1","s1015_F_LIV_01_ASEReadCounter.table","NW_015090842.1:8483411",0,1,1
"GSE1","s1015_F_LIV_01_ASEReadCounter.table","NW_015090842.1:8483756",2,9,7
"GSE1","s1015_F_LIV_01_ASEReadCounter.table","NW_015090842.1:8486867",11,21,10
"GSE1","s1015_F_LIV_01_ASEReadCounter.table","NW_015090842.1:8486939",7,20,13
"GSE1","s1015_F_LIV_01_ASEReadCounter.table","NW_015090842.1:8486945",7,20,13
"GSE1","s1015_F_LIV_01_ASEReadCounter.table","NW_015090842.1:8486993",8,18,10
"GSE1","s1015_F_LIV_01_ASEReadCounter.table","NW_015090842.1:8487062",7,13,6
"GSE1","s1015_F_LIV_01_ASEReadCounter.table","NW_015090842.1:8488065",6,12,6
"GSE1","s1015_F_LIV_01_ASEReadCounter.table","NW_015090842.1:8488457",9,10,1
"GSE1","s1015_F_LIV_01_ASEReadCounter.table","NW_015090842.1:8488463",8,9,1
"GSE1","s1015_F_LIV_01_ASEReadCounter.table","NW_015090842.1:8488490",6,6,0
"GSE1","s1015_F_LIV_01_ASEReadCounter.table","NW_015090842.1:8488505",4,6,2
"GSE1","s1015_F_LIV_01_ASEReadCounter.table","NW_015090842.1:8490180",5,8,3
"KIAA0513","s1015_F_LIV_01_ASEReadCounter.table","NW_015090842.1:8668363",3,8,5
"KIAA0513","s1015_F_LIV_01_ASEReadCounter.table","NW_015090842.1:8668387",4,8,4
"KIAA0513","s1015_F_LIV_01_ASEReadCounter.table","NW_015090842.1:8668390",4,8,4
"KIAA0513","s1015_F_LIV_01_ASEReadCounter.table","NW_015090842.1:8673107",5,9,4
"KIAA0513","s1015_F_LIV_01_ASEReadCounter.table","NW_015090842.1:8673147",8,13,5
"KIAA0513","s1015_F_LIV_01_ASEReadCounter.table","NW_015090842.1:8674661",4,12,8
"KIAA0513","s1015_F_LIV_01_ASEReadCounter.table","NW_015090842.1:8674685",3,8,5
"KIAA0513","s1015_F_LIV_01_ASEReadCounter.table","NW_015090842.1:8674730",5,10,5
"KIAA0513","s1015_F_LIV_01_ASEReadCounter.table","NW_015090842.1:8675525",4,9,5
"KIAA0513","s1015_F_LIV_01_ASEReadCounter.table","NW_015090842.1:8675561",3,8,5
"KIAA0513","s1015_F_LIV_01_ASEReadCounter.table","NW_015090842.1:8693642",2,8,6
"KIAA0513","s1015_F_LIV_01_ASEReadCounter.table","NW_015090842.1:8693712",1,6,5
"FBXO31","s1015_F_LIV_01_ASEReadCounter.table","NW_015090842.1:8710240",55,178,123
"FBXO31","s1015_F_LIV_01_ASEReadCounter.table","NW_015090842.1:8710372",50,144,94
"FBXO31","s1015_F_LIV_01_ASEReadCounter.table","NW_015090842.1:8711239",43,158,115
"FBXO31","s1015_F_LIV_01_ASEReadCounter.table","NW_015090842.1:8714565",47,188,141
"FBXO31","s1015_F_LIV_01_ASEReadCounter.table","NW_015090842.1:8716001",26,113,87
"FBXO31","s1015_F_LIV_01_ASEReadCounter.table","NW_015090842.1:8725050",2,7,5
"FBXO31","s1015_F_LIV_01_ASEReadCounter.table","NW_015090842.1:8725057",3,8,5
"FBXO31","s1015_F_LIV_01_ASEReadCounter.table","NW_015090842.1:8725162",5,11,6
"FBXO31","s1015_F_LIV_01_ASEReadCounter.table","NW_015090842.1:8725163",5,11,6
"FBXO31","s1015_F_LIV_01_ASEReadCounter.table","NW_015090842.1:8725170",3,9,6
"FBXO31","s1015_F_LIV_01_ASEReadCounter.table","NW_015090842.1:8725187",3,8,5
"FBXO31","s1015_F_LIV_01_ASEReadCounter.table","NW_015090842.1:8725188",3,8,5
"FBXO31","s1015_F_LIV_01_ASEReadCounter.table","NW_015090842.1:8725190",3,7,4
"FBXO31","s1015_F_LIV_01_ASEReadCounter.table","NW_015090842.1:8725370",3,3,0
"ZCCHC14","s1015_F_LIV_01_ASEReadCounter.table","NW_015090842.1:8750174",14,21,7
"ZCCHC14","s1015_F_LIV_01_ASEReadCounter.table","NW_015090842.1:8750189",17,24,7
"ZCCHC14","s1015_F_LIV_01_ASEReadCounter.table","NW_015090842.1:8750365",11,20,9
"ZCCHC14","s1015_F_LIV_01_ASEReadCounter.table","NW_015090842.1:8750433",13,20,7
"ZCCHC14","s1015_F_LIV_01_ASEReadCounter.table","NW_015090842.1:8750449",13,21,8
"ZCCHC14","s1015_F_LIV_01_ASEReadCounter.table","NW_015090842.1:8750456",14,24,10
"ZCCHC14","s1015_F_LIV_01_ASEReadCounter.table","NW_015090842.1:8750497",11,28,17
"ZCCHC14","s1015_F_LIV_01_ASEReadCounter.table","NW_015090842.1:8750547",10,34,24
"ZCCHC14","s1015_F_LIV_01_ASEReadCounter.table","NW_015090842.1:8751100",2,7,5
"ZCCHC14","s1015_F_LIV_01_ASEReadCounter.table","NW_015090842.1:8751374",5,15,10
"ZCCHC14","s1015_F_LIV_01_ASEReadCounter.table","NW_015090842.1:8751403",5,18,13
"ZCCHC14","s1015_F_LIV_01_ASEReadCounter.table","NW_015090842.1:8751517",1,9,8
"ZCCHC14","s1015_F_LIV_01_ASEReadCounter.table","NW_015090842.1:8752060",4,6,2
"ZCCHC14","s1015_F_LIV_01_ASEReadCounter.table","NW_015090842.1:8752172",4,17,13
"ZCCHC14","s1015_F_LIV_01_ASEReadCounter.table","NW_015090842.1:8752183",5,19,14
"ZCCHC14","s1015_F_LIV_01_ASEReadCounter.table","NW_015090842.1:8752198",5,19,14
"ZCCHC14","s1015_F_LIV_01_ASEReadCounter.table","NW_015090842.1:8752248",8,19,11
"ZCCHC14","s1015_F_LIV_01_ASEReadCounter.table","NW_015090842.1:8752326",7,15,8
"ZCCHC14","s1015_F_LIV_01_ASEReadCounter.table","NW_015090842.1:8752393",5,11,6
"ZCCHC14","s1015_F_LIV_01_ASEReadCounter.table","NW_015090842.1:8752914",4,10,6
"ZCCHC14","s1015_F_LIV_01_ASEReadCounter.table","NW_015090842.1:8753528",6,6,0
"ZCCHC14","s1015_F_LIV_01_ASEReadCounter.table","NW_015090842.1:8753892",7,14,7
"ZCCHC14","s1015_F_LIV_01_ASEReadCounter.table","NW_015090842.1:8753910",5,12,7
"ZCCHC14","s1015_F_LIV_01_ASEReadCounter.table","NW_015090842.1:8755096",2,8,6
"ZCCHC14","s1015_F_LIV_01_ASEReadCounter.table","NW_015090842.1:8755327",2,7,5
"ZCCHC14","s1015_F_LIV_01_ASEReadCounter.table","NW_015090842.1:8755723",2,7,5
"ZCCHC14","s1015_F_LIV_01_ASEReadCounter.table","NW_015090842.1:8755739",2,8,6
"ZCCHC14","s1015_F_LIV_01_ASEReadCounter.table","NW_015090842.1:8756149",2,6,4
"ZCCHC14","s1015_F_LIV_01_ASEReadCounter.table","NW_015090842.1:8756347",0,2,2
"ZCCHC14","s1015_F_LIV_01_ASEReadCounter.table","NW_015090842.1:8756361",1,3,2
"ZCCHC14","s1015_F_LIV_01_ASEReadCounter.table","NW_015090842.1:8756388",1,3,2
"ZCCHC14","s1015_F_LIV_01_ASEReadCounter.table","NW_015090842.1:8756389",1,3,2
"ZCCHC14","s1015_F_LIV_01_ASEReadCounter.table","NW_015090842.1:8757160",6,9,3
"ZCCHC14","s1015_F_LIV_01_ASEReadCounter.table","NW_015090842.1:8804511",1,4,3
"ZCCHC14","s1015_F_LIV_01_ASEReadCounter.table","NW_015090842.1:8804979",1,1,0
"JPH3","s1015_F_LIV_01_ASEReadCounter.table","NW_015090842.1:8872283",0,1,1
"JPH3","s1015_F_LIV_01_ASEReadCounter.table","NW_015090842.1:8872294",0,1,1
"JPH3","s1015_F_LIV_01_ASEReadCounter.table","NW_015090842.1:8885260",0,1,1
"JPH3","s1015_F_LIV_01_ASEReadCounter.table","NW_015090842.1:8885315",0,2,2
"JPH3","s1015_F_LIV_01_ASEReadCounter.table","NW_015090842.1:8885328",0,2,2
"JPH3","s1015_F_LIV_01_ASEReadCounter.table","NW_015090842.1:8885438",0,2,2
"KLHDC4","s1015_F_LIV_01_ASEReadCounter.table","NW_015090842.1:8890729",27,47,20
"KLHDC4","s1015_F_LIV_01_ASEReadCounter.table","NW_015090842.1:8890749",31,51,20
"KLHDC4","s1015_F_LIV_01_ASEReadCounter.table","NW_015090842.1:8890761",32,53,21
"KLHDC4","s1015_F_LIV_01_ASEReadCounter.table","NW_015090842.1:8891123",73,110,37
"KLHDC4","s1015_F_LIV_01_ASEReadCounter.table","NW_015090842.1:8893124",52,76,24
"KLHDC4","s1015_F_LIV_01_ASEReadCounter.table","NW_015090842.1:8894542",40,58,18
"KLHDC4","s1015_F_LIV_01_ASEReadCounter.table","NW_015090842.1:8896726",37,55,18
"KLHDC4","s1015_F_LIV_01_ASEReadCounter.table","NW_015090842.1:8896767",34,49,15
"KLHDC4","s1015_F_LIV_01_ASEReadCounter.table","NW_015090842.1:8904174",40,53,13
"KLHDC4","s1015_F_LIV_01_ASEReadCounter.table","NW_015090842.1:8904231",35,52,17
"KLHDC4","s1015_F_LIV_01_ASEReadCounter.table","NW_015090842.1:8905251",36,51,15
"KLHDC4","s1015_F_LIV_01_ASEReadCounter.table","NW_015090842.1:8905263",32,50,18
"KLHDC4","s1015_F_LIV_01_ASEReadCounter.table","NW_015090842.1:8919626",7,11,4
"SLC7A5","s1015_F_LIV_01_ASEReadCounter.table","NW_015090842.1:8938782",40,100,60
"SLC7A5","s1015_F_LIV_01_ASEReadCounter.table","NW_015090842.1:8938943",34,92,58
"SLC7A5","s1015_F_LIV_01_ASEReadCounter.table","NW_015090842.1:8939611",31,50,19
"SLC7A5","s1015_F_LIV_01_ASEReadCounter.table","NW_015090842.1:8939738",24,52,28
"SLC7A5","s1015_F_LIV_01_ASEReadCounter.table","NW_015090842.1:8939739",24,52,28
"SLC7A5","s1015_F_LIV_01_ASEReadCounter.table","NW_015090842.1:8939740",23,53,30
"SLC7A5","s1015_F_LIV_01_ASEReadCounter.table","NW_015090842.1:8939795",30,52,22
"SLC7A5","s1015_F_LIV_01_ASEReadCounter.table","NW_015090842.1:8939815",30,60,30
"SLC7A5","s1015_F_LIV_01_ASEReadCounter.table","NW_015090842.1:8939816",30,60,30
"SLC7A5","s1015_F_LIV_01_ASEReadCounter.table","NW_015090842.1:8939817",30,65,35
"SLC7A5","s1015_F_LIV_01_ASEReadCounter.table","NW_015090842.1:8939845",29,65,36
"SLC7A5","s1015_F_LIV_01_ASEReadCounter.table","NW_015090842.1:8939894",18,56,38
"SLC7A5","s1015_F_LIV_01_ASEReadCounter.table","NW_015090842.1:8939895",18,55,37
"SLC7A5","s1015_F_LIV_01_ASEReadCounter.table","NW_015090842.1:8939997",88,89,1
"SLC7A5","s1015_F_LIV_01_ASEReadCounter.table","NW_015090842.1:8940172",34,73,39
"SLC7A5","s1015_F_LIV_01_ASEReadCounter.table","NW_015090842.1:8940331",24,46,22
"SLC7A5","s1015_F_LIV_01_ASEReadCounter.table","NW_015090842.1:8940696",32,53,21
"SLC7A5","s1015_F_LIV_01_ASEReadCounter.table","NW_015090842.1:8940719",16,47,31
"SLC7A5","s1015_F_LIV_01_ASEReadCounter.table","NW_015090842.1:8940737",14,39,25
"SLC7A5","s1015_F_LIV_01_ASEReadCounter.table","NW_015090842.1:8940743",15,38,23
"SLC7A5","s1015_F_LIV_01_ASEReadCounter.table","NW_015090842.1:8940766",13,37,24
"SLC7A5","s1015_F_LIV_01_ASEReadCounter.table","NW_015090842.1:8940769",14,40,26
"SLC7A5","s1015_F_LIV_01_ASEReadCounter.table","NW_015090842.1:8940861",11,23,12
"SLC7A5","s1015_F_LIV_01_ASEReadCounter.table","NW_015090842.1:8941068",17,44,27
"SLC7A5","s1015_F_LIV_01_ASEReadCounter.table","NW_015090842.1:8941467",18,35,17
"SLC7A5","s1015_F_LIV_01_ASEReadCounter.table","NW_015090842.1:8941531",13,33,20
"SLC7A5","s1015_F_LIV_01_ASEReadCounter.table","NW_015090842.1:8941588",8,29,21
"SLC7A5","s1015_F_LIV_01_ASEReadCounter.table","NW_015090842.1:8941698",11,34,23
"SLC7A5","s1015_F_LIV_01_ASEReadCounter.table","NW_015090842.1:8941717",14,35,21
"SLC7A5","s1015_F_LIV_01_ASEReadCounter.table","NW_015090842.1:8941745",13,31,18
"SLC7A5","s1015_F_LIV_01_ASEReadCounter.table","NW_015090842.1:8941781",20,43,23
"SLC7A5","s1015_F_LIV_01_ASEReadCounter.table","NW_015090842.1:8941887",9,25,16
"SLC7A5","s1015_F_LIV_01_ASEReadCounter.table","NW_015090842.1:8941968",6,20,14
"SLC7A5","s1015_F_LIV_01_ASEReadCounter.table","NW_015090842.1:8942025",10,24,14
"SLC7A5","s1015_F_LIV_01_ASEReadCounter.table","NW_015090842.1:8942069",11,33,22
"SLC7A5","s1015_F_LIV_01_ASEReadCounter.table","NW_015090842.1:8942170",15,34,19
"SLC7A5","s1015_F_LIV_01_ASEReadCounter.table","NW_015090842.1:8942241",13,38,25
"SLC7A5","s1015_F_LIV_01_ASEReadCounter.table","NW_015090842.1:8942283",10,36,26
"SLC7A5","s1015_F_LIV_01_ASEReadCounter.table","NW_015090842.1:8942717",20,47,27
"SLC7A5","s1015_F_LIV_01_ASEReadCounter.table","NW_015090842.1:8942756",23,63,40
"SLC7A5","s1015_F_LIV_01_ASEReadCounter.table","NW_015090842.1:8942766",23,63,40
"SLC7A5","s1015_F_LIV_01_ASEReadCounter.table","NW_015090842.1:8943271",18,37,19
"SLC7A5","s1015_F_LIV_01_ASEReadCounter.table","NW_015090842.1:8943524",22,41,19
"SLC7A5","s1015_F_LIV_01_ASEReadCounter.table","NW_015090842.1:8943530",20,40,20
"SLC7A5","s1015_F_LIV_01_ASEReadCounter.table","NW_015090842.1:8943602",22,40,18
"SLC7A5","s1015_F_LIV_01_ASEReadCounter.table","NW_015090842.1:8943622",18,34,16
"SLC7A5","s1015_F_LIV_01_ASEReadCounter.table","NW_015090842.1:8943661",12,34,22
"SLC7A5","s1015_F_LIV_01_ASEReadCounter.table","NW_015090842.1:8943686",11,36,25
"SLC7A5","s1015_F_LIV_01_ASEReadCounter.table","NW_015090842.1:8943788",13,29,16
"SLC7A5","s1015_F_LIV_01_ASEReadCounter.table","NW_015090842.1:8943814",10,25,15
"SLC7A5","s1015_F_LIV_01_ASEReadCounter.table","NW_015090842.1:8943876",14,29,15
"SLC7A5","s1015_F_LIV_01_ASEReadCounter.table","NW_015090842.1:8943892",17,40,23
"SLC7A5","s1015_F_LIV_01_ASEReadCounter.table","NW_015090842.1:8944097",16,41,25
"SLC7A5","s1015_F_LIV_01_ASEReadCounter.table","NW_015090842.1:8944104",14,36,22
"SLC7A5","s1015_F_LIV_01_ASEReadCounter.table","NW_015090842.1:8944293",4,12,8
"SLC7A5","s1015_F_LIV_01_ASEReadCounter.table","NW_015090842.1:8944297",4,12,8
"SLC7A5","s1015_F_LIV_01_ASEReadCounter.table","NW_015090842.1:8944397",5,13,8
"SLC7A5","s1015_F_LIV_01_ASEReadCounter.table","NW_015090842.1:8944552",5,26,21
"SLC7A5","s1015_F_LIV_01_ASEReadCounter.table","NW_015090842.1:8944629",9,22,13
"CA5A","s1015_F_LIV_01_ASEReadCounter.table","NW_015090842.1:8989479",128,277,149
"CA5A","s1015_F_LIV_01_ASEReadCounter.table","NW_015090842.1:8989562",171,319,148
"CA5A","s1015_F_LIV_01_ASEReadCounter.table","NW_015090842.1:8989609",186,345,159
"CA5A","s1015_F_LIV_01_ASEReadCounter.table","NW_015090842.1:8989693",177,369,192
"CA5A","s1015_F_LIV_01_ASEReadCounter.table","NW_015090842.1:8989702",197,377,180
"CA5A","s1015_F_LIV_01_ASEReadCounter.table","NW_015090842.1:8989746",215,433,218
"CA5A","s1015_F_LIV_01_ASEReadCounter.table","NW_015090842.1:8989880",176,354,178
"CA5A","s1015_F_LIV_01_ASEReadCounter.table","NW_015090842.1:8989885",181,359,178
"CA5A","s1015_F_LIV_01_ASEReadCounter.table","NW_015090842.1:8989929",182,371,189
"CA5A","s1015_F_LIV_01_ASEReadCounter.table","NW_015090842.1:8990002",175,355,180
"CA5A","s1015_F_LIV_01_ASEReadCounter.table","NW_015090842.1:8990004",174,354,180
"CA5A","s1015_F_LIV_01_ASEReadCounter.table","NW_015090842.1:8990005",175,353,178
"CA5A","s1015_F_LIV_01_ASEReadCounter.table","NW_015090842.1:8990017",177,328,151
"CA5A","s1015_F_LIV_01_ASEReadCounter.table","NW_015090842.1:8990043",136,261,125
"CA5A","s1015_F_LIV_01_ASEReadCounter.table","NW_015090842.1:8990060",275,275,0
"CA5A","s1015_F_LIV_01_ASEReadCounter.table","NW_015090842.1:8990080",109,246,137
"CA5A","s1015_F_LIV_01_ASEReadCounter.table","NW_015090842.1:8990084",106,241,135
"CA5A","s1015_F_LIV_01_ASEReadCounter.table","NW_015090842.1:8990090",98,232,134
"CA5A","s1015_F_LIV_01_ASEReadCounter.table","NW_015090842.1:8990095",110,241,131
"CA5A","s1015_F_LIV_01_ASEReadCounter.table","NW_015090842.1:8990111",92,225,133
"CA5A","s1015_F_LIV_01_ASEReadCounter.table","NW_015090842.1:8990112",91,221,130
"CA5A","s1015_F_LIV_01_ASEReadCounter.table","NW_015090842.1:8990115",111,240,129
"CA5A","s1015_F_LIV_01_ASEReadCounter.table","NW_015090842.1:8990166",116,219,103
"CA5A","s1015_F_LIV_01_ASEReadCounter.table","NW_015090842.1:8990169",127,226,99
"CA5A","s1015_F_LIV_01_ASEReadCounter.table","NW_015090842.1:8990193",235,235,0
"CA5A","s1015_F_LIV_01_ASEReadCounter.table","NW_015090842.1:8990222",131,231,100
"CA5A","s1015_F_LIV_01_ASEReadCounter.table","NW_015090842.1:8990289",140,268,128
"CA5A","s1015_F_LIV_01_ASEReadCounter.table","NW_015090842.1:8990314",133,252,119
"CA5A","s1015_F_LIV_01_ASEReadCounter.table","NW_015090842.1:8990361",114,221,107
"CA5A","s1015_F_LIV_01_ASEReadCounter.table","NW_015090842.1:8990368",113,220,107
"CA5A","s1015_F_LIV_01_ASEReadCounter.table","NW_015090842.1:8990429",114,200,86
"CA5A","s1015_F_LIV_01_ASEReadCounter.table","NW_015090842.1:8990466",100,173,73
"CA5A","s1015_F_LIV_01_ASEReadCounter.table","NW_015090842.1:8990663",123,206,83
"CA5A","s1015_F_LIV_01_ASEReadCounter.table","NW_015090842.1:8990797",93,157,64
"CA5A","s1015_F_LIV_01_ASEReadCounter.table","NW_015090842.1:8990836",116,193,77
"CA5A","s1015_F_LIV_01_ASEReadCounter.table","NW_015090842.1:8990842",117,194,77
"CA5A","s1015_F_LIV_01_ASEReadCounter.table","NW_015090842.1:8990851",118,183,65
"CA5A","s1015_F_LIV_01_ASEReadCounter.table","NW_015090842.1:8990918",129,213,84
"CA5A","s1015_F_LIV_01_ASEReadCounter.table","NW_015090842.1:8990921",115,209,94
"CA5A","s1015_F_LIV_01_ASEReadCounter.table","NW_015090842.1:8990942",130,223,93
"CA5A","s1015_F_LIV_01_ASEReadCounter.table","NW_015090842.1:8991001",145,250,105
"CA5A","s1015_F_LIV_01_ASEReadCounter.table","NW_015090842.1:8991038",136,224,88
"CA5A","s1015_F_LIV_01_ASEReadCounter.table","NW_015090842.1:8991149",122,206,84
"CA5A","s1015_F_LIV_01_ASEReadCounter.table","NW_015090842.1:8991176",130,212,82
"CA5A","s1015_F_LIV_01_ASEReadCounter.table","NW_015090842.1:8991241",126,232,106
"CA5A","s1015_F_LIV_01_ASEReadCounter.table","NW_015090842.1:8991262",128,217,89
"CA5A","s1015_F_LIV_01_ASEReadCounter.table","NW_015090842.1:8991316",139,148,9
"CA5A","s1015_F_LIV_01_ASEReadCounter.table","NW_015090842.1:8991319",137,145,8
"CA5A","s1015_F_LIV_01_ASEReadCounter.table","NW_015090842.1:8991330",128,132,4
"CA5A","s1015_F_LIV_01_ASEReadCounter.table","NW_015090842.1:8991334",114,124,10
"CA5A","s1015_F_LIV_01_ASEReadCounter.table","NW_015090842.1:8991362",130,210,80
"CA5A","s1015_F_LIV_01_ASEReadCounter.table","NW_015090842.1:8991368",131,213,82
"CA5A","s1015_F_LIV_01_ASEReadCounter.table","NW_015090842.1:8991390",131,215,84
"CA5A","s1015_F_LIV_01_ASEReadCounter.table","NW_015090842.1:8991395",128,216,88
"CA5A","s1015_F_LIV_01_ASEReadCounter.table","NW_015090842.1:8991422",118,220,102
"CA5A","s1015_F_LIV_01_ASEReadCounter.table","NW_015090842.1:8991467",102,186,84
"CA5A","s1015_F_LIV_01_ASEReadCounter.table","NW_015090842.1:8991576",75,135,60
"CA5A","s1015_F_LIV_01_ASEReadCounter.table","NW_015090842.1:8991587",92,172,80
"CA5A","s1015_F_LIV_01_ASEReadCounter.table","NW_015090842.1:8991655",114,200,86
"CA5A","s1015_F_LIV_01_ASEReadCounter.table","NW_015090842.1:8991717",87,175,88
"CA5A","s1015_F_LIV_01_ASEReadCounter.table","NW_015090842.1:8991726",90,173,83
"CA5A","s1015_F_LIV_01_ASEReadCounter.table","NW_015090842.1:8991799",84,167,83
"CA5A","s1015_F_LIV_01_ASEReadCounter.table","NW_015090842.1:8991809",69,151,82
"CA5A","s1015_F_LIV_01_ASEReadCounter.table","NW_015090842.1:8991848",59,138,79
"CA5A","s1015_F_LIV_01_ASEReadCounter.table","NW_015090842.1:8991849",56,137,81
"CA5A","s1015_F_LIV_01_ASEReadCounter.table","NW_015090842.1:8991927",80,163,83
"CA5A","s1015_F_LIV_01_ASEReadCounter.table","NW_015090842.1:8991941",77,159,82
"CA5A","s1015_F_LIV_01_ASEReadCounter.table","NW_015090842.1:8992121",71,162,91
"CA5A","s1015_F_LIV_01_ASEReadCounter.table","NW_015090842.1:8992224",83,151,68
"CA5A","s1015_F_LIV_01_ASEReadCounter.table","NW_015090842.1:9002570",71,118,47
"CA5A","s1015_F_LIV_01_ASEReadCounter.table","NW_015090842.1:9002600",70,112,42
"CA5A","s1015_F_LIV_01_ASEReadCounter.table","NW_015090842.1:9004312",1,2,1
"CA5A","s1015_F_LIV_01_ASEReadCounter.table","NW_015090842.1:9005116",1,3,2
"CA5A","s1015_F_LIV_01_ASEReadCounter.table","NW_015090842.1:9005120",1,3,2
"CA5A","s1015_F_LIV_01_ASEReadCounter.table","NW_015090842.1:9005140",1,3,2
"CA5A","s1015_F_LIV_01_ASEReadCounter.table","NW_015090842.1:9005152",1,3,2
"CA5A","s1015_F_LIV_01_ASEReadCounter.table","NW_015090842.1:9011011",85,159,74
"CA5A","s1015_F_LIV_01_ASEReadCounter.table","NW_015090842.1:9011189",62,102,40
"CA5A","s1015_F_LIV_01_ASEReadCounter.table","NW_015090842.1:9011194",60,100,40
"BANP","s1015_F_LIV_01_ASEReadCounter.table","NW_015090842.1:9033407",7,13,6
"BANP","s1015_F_LIV_01_ASEReadCounter.table","NW_015090842.1:9033409",7,12,5
"BANP","s1015_F_LIV_01_ASEReadCounter.table","NW_015090842.1:9033420",8,15,7
"BANP","s1015_F_LIV_01_ASEReadCounter.table","NW_015090842.1:9067974",0,10,10
"BANP","s1015_F_LIV_01_ASEReadCounter.table","NW_015090842.1:9102510",14,22,8
"BANP","s1015_F_LIV_01_ASEReadCounter.table","NW_015090842.1:9168534",12,37,25
"BANP","s1015_F_LIV_01_ASEReadCounter.table","NW_015090842.1:9168818",6,26,20
"ZNF469","s1015_F_LIV_01_ASEReadCounter.table","NW_015090842.1:9426367",0,1,1
"ZNF469","s1015_F_LIV_01_ASEReadCounter.table","NW_015090842.1:9426420",0,1,1
"ZNF469","s1015_F_LIV_01_ASEReadCounter.table","NW_015090842.1:9427067",0,1,1
"ZNF469","s1015_F_LIV_01_ASEReadCounter.table","NW_015090842.1:9427614",0,1,1
"ZNF469","s1015_F_LIV_01_ASEReadCounter.table","NW_015090842.1:9430560",1,1,0
"ZNF469","s1015_F_LIV_01_ASEReadCounter.table","NW_015090842.1:9430668",0,1,1
"ZNF469","s1015_F_LIV_01_ASEReadCounter.table","NW_015090842.1:9430700",0,1,1
"ZNF469","s1015_F_LIV_01_ASEReadCounter.table","NW_015090842.1:9431091",0,1,1
"ZNF469","s1015_F_LIV_01_ASEReadCounter.table","NW_015090842.1:9431150",0,1,1
"ZNF469","s1015_F_LIV_01_ASEReadCounter.table","NW_015090842.1:9431162",0,1,1
"ZNF469","s1015_F_LIV_01_ASEReadCounter.table","NW_015090842.1:9432302",0,2,2
"ZNF469","s1015_F_LIV_01_ASEReadCounter.table","NW_015090842.1:9432361",0,3,3
"ZNF469","s1015_F_LIV_01_ASEReadCounter.table","NW_015090842.1:9432374",0,3,3
"ZNF469","s1015_F_LIV_01_ASEReadCounter.table","NW_015090842.1:9432382",0,3,3
"ZNF469","s1015_F_LIV_01_ASEReadCounter.table","NW_015090842.1:9433902",0,2,2
"ZNF469","s1015_F_LIV_01_ASEReadCounter.table","NW_015090842.1:9435221",0,1,1
"ZFPM1","s1015_F_LIV_01_ASEReadCounter.table","NW_015090842.1:9458862",31,42,11
"ZFPM1","s1015_F_LIV_01_ASEReadCounter.table","NW_015090842.1:9458888",41,50,9
"ZFPM1","s1015_F_LIV_01_ASEReadCounter.table","NW_015090842.1:9458904",44,55,11
"ZFPM1","s1015_F_LIV_01_ASEReadCounter.table","NW_015090842.1:9458916",39,48,9
"ZFPM1","s1015_F_LIV_01_ASEReadCounter.table","NW_015090842.1:9468568",39,51,12
"ZFPM1","s1015_F_LIV_01_ASEReadCounter.table","NW_015090842.1:9468593",38,48,10
"ZFPM1","s1015_F_LIV_01_ASEReadCounter.table","NW_015090842.1:9471561",25,33,8
"ZFPM1","s1015_F_LIV_01_ASEReadCounter.table","NW_015090842.1:9472557",28,39,11
"ZFPM1","s1015_F_LIV_01_ASEReadCounter.table","NW_015090842.1:9472565",27,37,10
"ZFPM1","s1015_F_LIV_01_ASEReadCounter.table","NW_015090842.1:9472608",27,39,12
"ZFPM1","s1015_F_LIV_01_ASEReadCounter.table","NW_015090842.1:9472627",32,41,9
"ZFPM1","s1015_F_LIV_01_ASEReadCounter.table","NW_015090842.1:9472668",45,53,8
"ZFPM1","s1015_F_LIV_01_ASEReadCounter.table","NW_015090842.1:9473655",39,49,10
"ZFPM1","s1015_F_LIV_01_ASEReadCounter.table","NW_015090842.1:9475827",41,48,7
"ZFPM1","s1015_F_LIV_01_ASEReadCounter.table","NW_015090842.1:9475842",44,51,7
"ZFPM1","s1015_F_LIV_01_ASEReadCounter.table","NW_015090842.1:9476119",29,40,11
"ZFPM1","s1015_F_LIV_01_ASEReadCounter.table","NW_015090842.1:9476161",32,40,8
"ZFPM1","s1015_F_LIV_01_ASEReadCounter.table","NW_015090842.1:9476219",19,25,6
"ZFPM1","s1015_F_LIV_01_ASEReadCounter.table","NW_015090842.1:9476233",19,25,6
"ZFPM1","s1015_F_LIV_01_ASEReadCounter.table","NW_015090842.1:9476305",35,47,12
"ZFPM1","s1015_F_LIV_01_ASEReadCounter.table","NW_015090842.1:9476395",42,51,9
"ZFPM1","s1015_F_LIV_01_ASEReadCounter.table","NW_015090842.1:9476421",48,58,10
"ZFPM1","s1015_F_LIV_01_ASEReadCounter.table","NW_015090842.1:9476539",42,54,12
"ZFPM1","s1015_F_LIV_01_ASEReadCounter.table","NW_015090842.1:9476576",37,48,11
"ZFPM1","s1015_F_LIV_01_ASEReadCounter.table","NW_015090842.1:9476599",56,56,0
"ZFPM1","s1015_F_LIV_01_ASEReadCounter.table","NW_015090842.1:9476792",64,79,15
"ZFPM1","s1015_F_LIV_01_ASEReadCounter.table","NW_015090842.1:9476803",65,78,13
"ZFPM1","s1015_F_LIV_01_ASEReadCounter.table","NW_015090842.1:9477115",37,52,15
"ZFPM1","s1015_F_LIV_01_ASEReadCounter.table","NW_015090842.1:9477299",0,53,53
"ZFPM1","s1015_F_LIV_01_ASEReadCounter.table","NW_015090842.1:9477398",54,54,0
"ZFPM1","s1015_F_LIV_01_ASEReadCounter.table","NW_015090842.1:9477422",29,40,11
"ZFPM1","s1015_F_LIV_01_ASEReadCounter.table","NW_015090842.1:9477554",41,53,12
"ZFPM1","s1015_F_LIV_01_ASEReadCounter.table","NW_015090842.1:9477575",49,49,0
"ZFPM1","s1015_F_LIV_01_ASEReadCounter.table","NW_015090842.1:9477595",49,59,10
"ZFPM1","s1015_F_LIV_01_ASEReadCounter.table","NW_015090842.1:9477611",51,61,10
"ZFPM1","s1015_F_LIV_01_ASEReadCounter.table","NW_015090842.1:9477659",53,69,16
"ZFPM1","s1015_F_LIV_01_ASEReadCounter.table","NW_015090842.1:9477737",40,56,16
"ZFPM1","s1015_F_LIV_01_ASEReadCounter.table","NW_015090842.1:9477791",33,51,18
"ZFPM1","s1015_F_LIV_01_ASEReadCounter.table","NW_015090842.1:9477844",36,52,16
"ZFPM1","s1015_F_LIV_01_ASEReadCounter.table","NW_015090842.1:9477917",40,49,9
"ZFPM1","s1015_F_LIV_01_ASEReadCounter.table","NW_015090842.1:9478295",39,60,21
"ZFPM1","s1015_F_LIV_01_ASEReadCounter.table","NW_015090842.1:9478349",36,54,18
"ZFPM1","s1015_F_LIV_01_ASEReadCounter.table","NW_015090842.1:9478524",29,47,18
"ZFPM1","s1015_F_LIV_01_ASEReadCounter.table","NW_015090842.1:9478546",41,63,22
"ZFPM1","s1015_F_LIV_01_ASEReadCounter.table","NW_015090842.1:9478573",42,65,23
"ZFPM1","s1015_F_LIV_01_ASEReadCounter.table","NW_015090842.1:9478582",39,59,20
"ZFPM1","s1015_F_LIV_01_ASEReadCounter.table","NW_015090842.1:9478684",17,27,10
"ZFPM1","s1015_F_LIV_01_ASEReadCounter.table","NW_015090842.1:9478711",14,23,9
"ZFPM1","s1015_F_LIV_01_ASEReadCounter.table","NW_015090842.1:9478761",15,27,12
"ZFPM1","s1015_F_LIV_01_ASEReadCounter.table","NW_015090842.1:9478829",10,10,0
"CIDEC","s1015_F_LIV_01_ASEReadCounter.table","NW_015090842.1:9480170",12,28,16
"CIDEC","s1015_F_LIV_01_ASEReadCounter.table","NW_015090842.1:9480171",13,30,17
"CIDEC","s1015_F_LIV_01_ASEReadCounter.table","NW_015090842.1:9480212",20,39,19
"CIDEC","s1015_F_LIV_01_ASEReadCounter.table","NW_015090842.1:9480252",35,79,44
"CIDEC","s1015_F_LIV_01_ASEReadCounter.table","NW_015090842.1:9480391",46,112,66
"CIDEC","s1015_F_LIV_01_ASEReadCounter.table","NW_015090842.1:9480394",50,118,68
"CIDEC","s1015_F_LIV_01_ASEReadCounter.table","NW_015090842.1:9480630",62,128,66
"CIDEC","s1015_F_LIV_01_ASEReadCounter.table","NW_015090842.1:9480675",45,122,77
"CIDEC","s1015_F_LIV_01_ASEReadCounter.table","NW_015090842.1:9480686",55,132,77
"CIDEC","s1015_F_LIV_01_ASEReadCounter.table","NW_015090842.1:9480693",55,122,67
"CIDEC","s1015_F_LIV_01_ASEReadCounter.table","NW_015090842.1:9480756",61,131,70
"CIDEC","s1015_F_LIV_01_ASEReadCounter.table","NW_015090842.1:9481199",131,131,0
"CIDEC","s1015_F_LIV_01_ASEReadCounter.table","NW_015090842.1:9481604",80,173,93
"ZC3H18","s1015_F_LIV_01_ASEReadCounter.table","NW_015090842.1:9494271",7,10,3
"ZC3H18","s1015_F_LIV_01_ASEReadCounter.table","NW_015090842.1:9501427",16,29,13
"ZC3H18","s1015_F_LIV_01_ASEReadCounter.table","NW_015090842.1:9501442",14,24,10
"ZC3H18","s1015_F_LIV_01_ASEReadCounter.table","NW_015090842.1:9505538",9,28,19
"ZC3H18","s1015_F_LIV_01_ASEReadCounter.table","NW_015090842.1:9506778",12,32,20
"ZC3H18","s1015_F_LIV_01_ASEReadCounter.table","NW_015090842.1:9522538",16,31,15
"ZC3H18","s1015_F_LIV_01_ASEReadCounter.table","NW_015090842.1:9524350",19,37,18
"ZC3H18","s1015_F_LIV_01_ASEReadCounter.table","NW_015090842.1:9524366",20,37,17
"ZC3H18","s1015_F_LIV_01_ASEReadCounter.table","NW_015090842.1:9524424",14,33,19
"ZC3H18","s1015_F_LIV_01_ASEReadCounter.table","NW_015090842.1:9529649",22,43,21
"ZC3H18","s1015_F_LIV_01_ASEReadCounter.table","NW_015090842.1:9529688",17,34,17
"ZC3H18","s1015_F_LIV_01_ASEReadCounter.table","NW_015090842.1:9529691",17,31,14
"ZC3H18","s1015_F_LIV_01_ASEReadCounter.table","NW_015090842.1:9530977",20,45,25
"ZC3H18","s1015_F_LIV_01_ASEReadCounter.table","NW_015090842.1:9536699",0,18,18
"CYBA","s1015_F_LIV_01_ASEReadCounter.table","NW_015090842.1:9547281",17,41,24
"CYBA","s1015_F_LIV_01_ASEReadCounter.table","NW_015090842.1:9547402",63,137,74
"CYBA","s1015_F_LIV_01_ASEReadCounter.table","NW_015090842.1:9547553",49,129,80
"CYBA","s1015_F_LIV_01_ASEReadCounter.table","NW_015090842.1:9548052",44,92,48
"CYBA","s1015_F_LIV_01_ASEReadCounter.table","NW_015090842.1:9548436",71,144,73
"CYBA","s1015_F_LIV_01_ASEReadCounter.table","NW_015090842.1:9548442",71,147,76
"CYBA","s1015_F_LIV_01_ASEReadCounter.table","NW_015090842.1:9548478",88,174,86
"CYBA","s1015_F_LIV_01_ASEReadCounter.table","NW_015090842.1:9548487",86,167,81
"CYBA","s1015_F_LIV_01_ASEReadCounter.table","NW_015090842.1:9548490",88,167,79
"CYBA","s1015_F_LIV_01_ASEReadCounter.table","NW_015090842.1:9548717",80,138,58
"CYBA","s1015_F_LIV_01_ASEReadCounter.table","NW_015090842.1:9548750",67,122,55
"CYBA","s1015_F_LIV_01_ASEReadCounter.table","NW_015090842.1:9548766",46,90,44
"MVD","s1015_F_LIV_01_ASEReadCounter.table","NW_015090842.1:9550678",43,55,12
"MVD","s1015_F_LIV_01_ASEReadCounter.table","NW_015090842.1:9550690",45,66,21
"MVD","s1015_F_LIV_01_ASEReadCounter.table","NW_015090842.1:9550691",46,66,20
"MVD","s1015_F_LIV_01_ASEReadCounter.table","NW_015090842.1:9550699",53,77,24
"MVD","s1015_F_LIV_01_ASEReadCounter.table","NW_015090842.1:9550719",54,74,20
"MVD","s1015_F_LIV_01_ASEReadCounter.table","NW_015090842.1:9551596",79,146,67
"MVD","s1015_F_LIV_01_ASEReadCounter.table","NW_015090842.1:9551638",91,167,76
"MVD","s1015_F_LIV_01_ASEReadCounter.table","NW_015090842.1:9551899",0,5,5
"MVD","s1015_F_LIV_01_ASEReadCounter.table","NW_015090842.1:9552193",64,137,73
"MVD","s1015_F_LIV_01_ASEReadCounter.table","NW_015090842.1:9552202",65,139,74
"MVD","s1015_F_LIV_01_ASEReadCounter.table","NW_015090842.1:9552208",67,138,71
"MVD","s1015_F_LIV_01_ASEReadCounter.table","NW_015090842.1:9552625",49,84,35
"MVD","s1015_F_LIV_01_ASEReadCounter.table","NW_015090842.1:9552629",87,87,0
"MVD","s1015_F_LIV_01_ASEReadCounter.table","NW_015090842.1:9552644",44,80,36
"MVD","s1015_F_LIV_01_ASEReadCounter.table","NW_015090842.1:9553093",62,102,40
"MVD","s1015_F_LIV_01_ASEReadCounter.table","NW_015090842.1:9553114",61,96,35
"RNF166","s1015_F_LIV_01_ASEReadCounter.table","NW_015090842.1:9557900",19,46,27
"RNF166","s1015_F_LIV_01_ASEReadCounter.table","NW_015090842.1:9558048",22,44,22
"RNF166","s1015_F_LIV_01_ASEReadCounter.table","NW_015090842.1:9558116",24,48,24
"RNF166","s1015_F_LIV_01_ASEReadCounter.table","NW_015090842.1:9558308",20,49,29
"RNF166","s1015_F_LIV_01_ASEReadCounter.table","NW_015090842.1:9558405",35,57,22
"RNF166","s1015_F_LIV_01_ASEReadCounter.table","NW_015090842.1:9558549",47,86,39
"RNF166","s1015_F_LIV_01_ASEReadCounter.table","NW_015090842.1:9558556",48,87,39
"RNF166","s1015_F_LIV_01_ASEReadCounter.table","NW_015090842.1:9558579",47,80,33
"RNF166","s1015_F_LIV_01_ASEReadCounter.table","NW_015090842.1:9558599",45,76,31
"RNF166","s1015_F_LIV_01_ASEReadCounter.table","NW_015090842.1:9558688",24,56,32
"RNF166","s1015_F_LIV_01_ASEReadCounter.table","NW_015090842.1:9558711",30,67,37
"RNF166","s1015_F_LIV_01_ASEReadCounter.table","NW_015090842.1:9558733",32,68,36
"RNF166","s1015_F_LIV_01_ASEReadCounter.table","NW_015090842.1:9558847",33,74,41
"RNF166","s1015_F_LIV_01_ASEReadCounter.table","NW_015090842.1:9559798",31,74,43
"RNF166","s1015_F_LIV_01_ASEReadCounter.table","NW_015090842.1:9560575",49,96,47
"RNF166","s1015_F_LIV_01_ASEReadCounter.table","NW_015090842.1:9561055",45,90,45
"RNF166","s1015_F_LIV_01_ASEReadCounter.table","NW_015090842.1:9562458",42,74,32
"RNF166","s1015_F_LIV_01_ASEReadCounter.table","NW_015090842.1:9562497",27,53,26
"RNF166","s1015_F_LIV_01_ASEReadCounter.table","NW_015090842.1:9562539",25,54,29
"RNF166","s1015_F_LIV_01_ASEReadCounter.table","NW_015090842.1:9564056",24,50,26
"CTU2","s1015_F_LIV_01_ASEReadCounter.table","NW_015090842.1:9565149",24,37,13
"CTU2","s1015_F_LIV_01_ASEReadCounter.table","NW_015090842.1:9565193",18,32,14
"CTU2","s1015_F_LIV_01_ASEReadCounter.table","NW_015090842.1:9565300",15,36,21
"CTU2","s1015_F_LIV_01_ASEReadCounter.table","NW_015090842.1:9565321",12,32,20
"CTU2","s1015_F_LIV_01_ASEReadCounter.table","NW_015090842.1:9565721",16,26,10
"CTU2","s1015_F_LIV_01_ASEReadCounter.table","NW_015090842.1:9565739",18,31,13
"CTU2","s1015_F_LIV_01_ASEReadCounter.table","NW_015090842.1:9565905",18,35,17
"CTU2","s1015_F_LIV_01_ASEReadCounter.table","NW_015090842.1:9566013",40,40,0
"CTU2","s1015_F_LIV_01_ASEReadCounter.table","NW_015090842.1:9566055",32,54,22
"CTU2","s1015_F_LIV_01_ASEReadCounter.table","NW_015090842.1:9566056",32,52,20
"CTU2","s1015_F_LIV_01_ASEReadCounter.table","NW_015090842.1:9566151",16,28,12
"CTU2","s1015_F_LIV_01_ASEReadCounter.table","NW_015090842.1:9566300",17,36,19
"CTU2","s1015_F_LIV_01_ASEReadCounter.table","NW_015090842.1:9566342",20,37,17
"CTU2","s1015_F_LIV_01_ASEReadCounter.table","NW_015090842.1:9566548",26,46,20
"CTU2","s1015_F_LIV_01_ASEReadCounter.table","NW_015090842.1:9566625",29,51,22
"CTU2","s1015_F_LIV_01_ASEReadCounter.table","NW_015090842.1:9566633",29,49,20
"CTU2","s1015_F_LIV_01_ASEReadCounter.table","NW_015090842.1:9566807",39,57,18
"CTU2","s1015_F_LIV_01_ASEReadCounter.table","NW_015090842.1:9567139",34,51,17
"CTU2","s1015_F_LIV_01_ASEReadCounter.table","NW_015090842.1:9567156",32,44,12
"CTU2","s1015_F_LIV_01_ASEReadCounter.table","NW_015090842.1:9567614",27,39,12
"CTU2","s1015_F_LIV_01_ASEReadCounter.table","NW_015090842.1:9567677",25,39,14
"CTU2","s1015_F_LIV_01_ASEReadCounter.table","NW_015090842.1:9567747",29,38,9
"CTU2","s1015_F_LIV_01_ASEReadCounter.table","NW_015090842.1:9567828",22,31,9
"CTU2","s1015_F_LIV_01_ASEReadCounter.table","NW_015090842.1:9567829",22,32,10
"CTU2","s1015_F_LIV_01_ASEReadCounter.table","NW_015090842.1:9567885",12,18,6
"PIEZO1","s1015_F_LIV_01_ASEReadCounter.table","NW_015090842.1:9568093",23,32,9
"PIEZO1","s1015_F_LIV_01_ASEReadCounter.table","NW_015090842.1:9568672",26,31,5
"PIEZO1","s1015_F_LIV_01_ASEReadCounter.table","NW_015090842.1:9568948",21,33,12
"PIEZO1","s1015_F_LIV_01_ASEReadCounter.table","NW_015090842.1:9568987",23,23,0
"PIEZO1","s1015_F_LIV_01_ASEReadCounter.table","NW_015090842.1:9569040",17,23,6
"PIEZO1","s1015_F_LIV_01_ASEReadCounter.table","NW_015090842.1:9569180",11,17,6
"PIEZO1","s1015_F_LIV_01_ASEReadCounter.table","NW_015090842.1:9569192",15,21,6
"PIEZO1","s1015_F_LIV_01_ASEReadCounter.table","NW_015090842.1:9570088",10,16,6
"PIEZO1","s1015_F_LIV_01_ASEReadCounter.table","NW_015090842.1:9570480",7,11,4
"PIEZO1","s1015_F_LIV_01_ASEReadCounter.table","NW_015090842.1:9570639",11,21,10
"PIEZO1","s1015_F_LIV_01_ASEReadCounter.table","NW_015090842.1:9571847",10,12,2
"PIEZO1","s1015_F_LIV_01_ASEReadCounter.table","NW_015090842.1:9572371",5,10,5
"PIEZO1","s1015_F_LIV_01_ASEReadCounter.table","NW_015090842.1:9572638",3,4,1
"PIEZO1","s1015_F_LIV_01_ASEReadCounter.table","NW_015090842.1:9573156",15,18,3
"PIEZO1","s1015_F_LIV_01_ASEReadCounter.table","NW_015090842.1:9573280",17,23,6
"PIEZO1","s1015_F_LIV_01_ASEReadCounter.table","NW_015090842.1:9573566",7,7,0
"PIEZO1","s1015_F_LIV_01_ASEReadCounter.table","NW_015090842.1:9575341",4,6,2
"PIEZO1","s1015_F_LIV_01_ASEReadCounter.table","NW_015090842.1:9575367",2,5,3
"PIEZO1","s1015_F_LIV_01_ASEReadCounter.table","NW_015090842.1:9575645",4,4,0
"PIEZO1","s1015_F_LIV_01_ASEReadCounter.table","NW_015090842.1:9575696",4,5,1
"PIEZO1","s1015_F_LIV_01_ASEReadCounter.table","NW_015090842.1:9575897",2,3,1
"PIEZO1","s1015_F_LIV_01_ASEReadCounter.table","NW_015090842.1:9576060",5,5,0
"PIEZO1","s1015_F_LIV_01_ASEReadCounter.table","NW_015090842.1:9576087",7,7,0
"PIEZO1","s1015_F_LIV_01_ASEReadCounter.table","NW_015090842.1:9576093",7,8,1
"PIEZO1","s1015_F_LIV_01_ASEReadCounter.table","NW_015090842.1:9576120",8,10,2
"PIEZO1","s1015_F_LIV_01_ASEReadCounter.table","NW_015090842.1:9576687",3,3,0
"PIEZO1","s1015_F_LIV_01_ASEReadCounter.table","NW_015090842.1:9576710",3,3,0
"PIEZO1","s1015_F_LIV_01_ASEReadCounter.table","NW_015090842.1:9576723",3,3,0
"PIEZO1","s1015_F_LIV_01_ASEReadCounter.table","NW_015090842.1:9578268",1,5,4
"PIEZO1","s1015_F_LIV_01_ASEReadCounter.table","NW_015090842.1:9578770",6,9,3
"PIEZO1","s1015_F_LIV_01_ASEReadCounter.table","NW_015090842.1:9578806",6,9,3
"PIEZO1","s1015_F_LIV_01_ASEReadCounter.table","NW_015090842.1:9579064",7,10,3
"PIEZO1","s1015_F_LIV_01_ASEReadCounter.table","NW_015090842.1:9579065",7,10,3
"PIEZO1","s1015_F_LIV_01_ASEReadCounter.table","NW_015090842.1:9579347",1,6,5
"PIEZO1","s1015_F_LIV_01_ASEReadCounter.table","NW_015090842.1:9580765",5,5,0
"PIEZO1","s1015_F_LIV_01_ASEReadCounter.table","NW_015090842.1:9580996",2,2,0
"PIEZO1","s1015_F_LIV_01_ASEReadCounter.table","NW_015090842.1:9581101",4,4,0
"PIEZO1","s1015_F_LIV_01_ASEReadCounter.table","NW_015090842.1:9581299",1,1,0
"PIEZO1","s1015_F_LIV_01_ASEReadCounter.table","NW_015090842.1:9582046",1,1,0
"PIEZO1","s1015_F_LIV_01_ASEReadCounter.table","NW_015090842.1:9582961",1,2,1
"PIEZO1","s1015_F_LIV_01_ASEReadCounter.table","NW_015090842.1:9583298",1,3,2
"PIEZO1","s1015_F_LIV_01_ASEReadCounter.table","NW_015090842.1:9584337",1,2,1
"PIEZO1","s1015_F_LIV_01_ASEReadCounter.table","NW_015090842.1:9584425",0,2,2
"PIEZO1","s1015_F_LIV_01_ASEReadCounter.table","NW_015090842.1:9584435",1,2,1
"PIEZO1","s1015_F_LIV_01_ASEReadCounter.table","NW_015090842.1:9584438",1,2,1
"PIEZO1","s1015_F_LIV_01_ASEReadCounter.table","NW_015090842.1:9584441",1,2,1
"CDT1","s1015_F_LIV_01_ASEReadCounter.table","NW_015090842.1:9596596",1,1,0
"CDT1","s1015_F_LIV_01_ASEReadCounter.table","NW_015090842.1:9596766",1,1,0
"CDT1","s1015_F_LIV_01_ASEReadCounter.table","NW_015090842.1:9597054",3,3,0
"CDT1","s1015_F_LIV_01_ASEReadCounter.table","NW_015090842.1:9597074",4,4,0
"CDT1","s1015_F_LIV_01_ASEReadCounter.table","NW_015090842.1:9597137",7,8,1
"CDT1","s1015_F_LIV_01_ASEReadCounter.table","NW_015090842.1:9597756",3,4,1
"CDT1","s1015_F_LIV_01_ASEReadCounter.table","NW_015090842.1:9597766",3,4,1
"CDT1","s1015_F_LIV_01_ASEReadCounter.table","NW_015090842.1:9598496",7,8,1
"CDT1","s1015_F_LIV_01_ASEReadCounter.table","NW_015090842.1:9598498",8,9,1
"CDT1","s1015_F_LIV_01_ASEReadCounter.table","NW_015090842.1:9598816",7,11,4
"CDT1","s1015_F_LIV_01_ASEReadCounter.table","NW_015090842.1:9598879",10,12,2
"CDT1","s1015_F_LIV_01_ASEReadCounter.table","NW_015090842.1:9598912",9,10,1
"CDT1","s1015_F_LIV_01_ASEReadCounter.table","NW_015090842.1:9598959",8,10,2
"CDT1","s1015_F_LIV_01_ASEReadCounter.table","NW_015090842.1:9599807",7,7,0
"CDT1","s1015_F_LIV_01_ASEReadCounter.table","NW_015090842.1:9599819",6,6,0
"CDT1","s1015_F_LIV_01_ASEReadCounter.table","NW_015090842.1:9599845",7,8,1
"CDT1","s1015_F_LIV_01_ASEReadCounter.table","NW_015090842.1:9600148",9,13,4
"CDT1","s1015_F_LIV_01_ASEReadCounter.table","NW_015090842.1:9600151",9,13,4
"CDT1","s1015_F_LIV_01_ASEReadCounter.table","NW_015090842.1:9600217",9,12,3
"CDT1","s1015_F_LIV_01_ASEReadCounter.table","NW_015090842.1:9600226",6,8,2
"CDT1","s1015_F_LIV_01_ASEReadCounter.table","NW_015090842.1:9600260",7,8,1
"CDT1","s1015_F_LIV_01_ASEReadCounter.table","NW_015090842.1:9600268",8,10,2
"CDT1","s1015_F_LIV_01_ASEReadCounter.table","NW_015090842.1:9600305",7,9,2
"CDT1","s1015_F_LIV_01_ASEReadCounter.table","NW_015090842.1:9600397",11,13,2
"CDT1","s1015_F_LIV_01_ASEReadCounter.table","NW_015090842.1:9600447",8,8,0
"CDT1","s1015_F_LIV_01_ASEReadCounter.table","NW_015090842.1:9600450",7,7,0
"CDT1","s1015_F_LIV_01_ASEReadCounter.table","NW_015090842.1:9600485",7,8,1
"CDT1","s1015_F_LIV_01_ASEReadCounter.table","NW_015090842.1:9600579",7,8,1
"APRT","s1015_F_LIV_01_ASEReadCounter.table","NW_015090842.1:9602308",13,25,12
"APRT","s1015_F_LIV_01_ASEReadCounter.table","NW_015090842.1:9602440",32,50,18
"APRT","s1015_F_LIV_01_ASEReadCounter.table","NW_015090842.1:9602449",28,44,16
"APRT","s1015_F_LIV_01_ASEReadCounter.table","NW_015090842.1:9602451",28,44,16
"APRT","s1015_F_LIV_01_ASEReadCounter.table","NW_015090842.1:9602455",31,48,17
"APRT","s1015_F_LIV_01_ASEReadCounter.table","NW_015090842.1:9602462",33,50,17
"APRT","s1015_F_LIV_01_ASEReadCounter.table","NW_015090842.1:9602507",32,49,17
"APRT","s1015_F_LIV_01_ASEReadCounter.table","NW_015090842.1:9602514",31,49,18
"APRT","s1015_F_LIV_01_ASEReadCounter.table","NW_015090842.1:9602530",29,45,16
"APRT","s1015_F_LIV_01_ASEReadCounter.table","NW_015090842.1:9602582",25,44,19
"APRT","s1015_F_LIV_01_ASEReadCounter.table","NW_015090842.1:9602583",26,45,19
"APRT","s1015_F_LIV_01_ASEReadCounter.table","NW_015090842.1:9602650",32,48,16
"APRT","s1015_F_LIV_01_ASEReadCounter.table","NW_015090842.1:9602655",32,48,16
"APRT","s1015_F_LIV_01_ASEReadCounter.table","NW_015090842.1:9602712",29,52,23
"APRT","s1015_F_LIV_01_ASEReadCounter.table","NW_015090842.1:9602764",24,51,27
"APRT","s1015_F_LIV_01_ASEReadCounter.table","NW_015090842.1:9602821",19,37,18
"APRT","s1015_F_LIV_01_ASEReadCounter.table","NW_015090842.1:9602867",21,34,13
"APRT","s1015_F_LIV_01_ASEReadCounter.table","NW_015090842.1:9602883",23,39,16
"APRT","s1015_F_LIV_01_ASEReadCounter.table","NW_015090842.1:9602886",23,40,17
"APRT","s1015_F_LIV_01_ASEReadCounter.table","NW_015090842.1:9602948",26,49,23
"APRT","s1015_F_LIV_01_ASEReadCounter.table","NW_015090842.1:9602958",27,53,26
"APRT","s1015_F_LIV_01_ASEReadCounter.table","NW_015090842.1:9603020",37,71,34
"APRT","s1015_F_LIV_01_ASEReadCounter.table","NW_015090842.1:9603025",36,65,29
"APRT","s1015_F_LIV_01_ASEReadCounter.table","NW_015090842.1:9603154",24,45,21
"APRT","s1015_F_LIV_01_ASEReadCounter.table","NW_015090842.1:9603166",28,50,22
"APRT","s1015_F_LIV_01_ASEReadCounter.table","NW_015090842.1:9603326",21,37,16
"APRT","s1015_F_LIV_01_ASEReadCounter.table","NW_015090842.1:9603419",18,33,15
"APRT","s1015_F_LIV_01_ASEReadCounter.table","NW_015090842.1:9603420",18,33,15
"APRT","s1015_F_LIV_01_ASEReadCounter.table","NW_015090842.1:9603464",26,37,11
"APRT","s1015_F_LIV_01_ASEReadCounter.table","NW_015090842.1:9603528",26,42,16
"APRT","s1015_F_LIV_01_ASEReadCounter.table","NW_015090842.1:9603607",23,43,20
"APRT","s1015_F_LIV_01_ASEReadCounter.table","NW_015090842.1:9603622",20,35,15
"APRT","s1015_F_LIV_01_ASEReadCounter.table","NW_015090842.1:9604361",21,34,13
"APRT","s1015_F_LIV_01_ASEReadCounter.table","NW_015090842.1:9605317",17,30,13
"APRT","s1015_F_LIV_01_ASEReadCounter.table","NW_015090842.1:9605336",16,27,11
"GALNS","s1015_F_LIV_01_ASEReadCounter.table","NW_015090842.1:9612942",4,4,0
"GALNS","s1015_F_LIV_01_ASEReadCounter.table","NW_015090842.1:9612987",4,4,0
"GALNS","s1015_F_LIV_01_ASEReadCounter.table","NW_015090842.1:9613064",6,8,2
"GALNS","s1015_F_LIV_01_ASEReadCounter.table","NW_015090842.1:9613096",10,12,2
"GALNS","s1015_F_LIV_01_ASEReadCounter.table","NW_015090842.1:9613123",8,11,3
"GALNS","s1015_F_LIV_01_ASEReadCounter.table","NW_015090842.1:9613125",7,10,3
"GALNS","s1015_F_LIV_01_ASEReadCounter.table","NW_015090842.1:9613193",7,9,2
"GALNS","s1015_F_LIV_01_ASEReadCounter.table","NW_015090842.1:9613226",10,12,2
"GALNS","s1015_F_LIV_01_ASEReadCounter.table","NW_015090842.1:9613249",9,11,2
"GALNS","s1015_F_LIV_01_ASEReadCounter.table","NW_015090842.1:9613256",10,13,3
"GALNS","s1015_F_LIV_01_ASEReadCounter.table","NW_015090842.1:9613317",9,12,3
"GALNS","s1015_F_LIV_01_ASEReadCounter.table","NW_015090842.1:9613343",10,13,3
"GALNS","s1015_F_LIV_01_ASEReadCounter.table","NW_015090842.1:9613344",10,13,3
"GALNS","s1015_F_LIV_01_ASEReadCounter.table","NW_015090842.1:9613371",7,10,3
"GALNS","s1015_F_LIV_01_ASEReadCounter.table","NW_015090842.1:9613378",9,12,3
"GALNS","s1015_F_LIV_01_ASEReadCounter.table","NW_015090842.1:9613379",9,12,3
"GALNS","s1015_F_LIV_01_ASEReadCounter.table","NW_015090842.1:9613516",10,14,4
"GALNS","s1015_F_LIV_01_ASEReadCounter.table","NW_015090842.1:9613572",8,12,4
"GALNS","s1015_F_LIV_01_ASEReadCounter.table","NW_015090842.1:9613597",7,13,6
"GALNS","s1015_F_LIV_01_ASEReadCounter.table","NW_015090842.1:9613627",5,9,4
"GALNS","s1015_F_LIV_01_ASEReadCounter.table","NW_015090842.1:9613640",3,9,6
"GALNS","s1015_F_LIV_01_ASEReadCounter.table","NW_015090842.1:9614025",6,9,3
"GALNS","s1015_F_LIV_01_ASEReadCounter.table","NW_015090842.1:9614169",9,9,0
"GALNS","s1015_F_LIV_01_ASEReadCounter.table","NW_015090842.1:9614232",8,8,0
"GALNS","s1015_F_LIV_01_ASEReadCounter.table","NW_015090842.1:9614667",1,4,3
"GALNS","s1015_F_LIV_01_ASEReadCounter.table","NW_015090842.1:9614709",3,6,3
"GALNS","s1015_F_LIV_01_ASEReadCounter.table","NW_015090842.1:9614880",4,4,0
"GALNS","s1015_F_LIV_01_ASEReadCounter.table","NW_015090842.1:9614902",4,6,2
"GALNS","s1015_F_LIV_01_ASEReadCounter.table","NW_015090842.1:9614960",5,8,3
"GALNS","s1015_F_LIV_01_ASEReadCounter.table","NW_015090842.1:9615114",11,17,6
"GALNS","s1015_F_LIV_01_ASEReadCounter.table","NW_015090842.1:9615199",6,13,7
"GALNS","s1015_F_LIV_01_ASEReadCounter.table","NW_015090842.1:9615217",4,10,6
"GALNS","s1015_F_LIV_01_ASEReadCounter.table","NW_015090842.1:9615277",4,4,0
"GALNS","s1015_F_LIV_01_ASEReadCounter.table","NW_015090842.1:9615377",4,7,3
"GALNS","s1015_F_LIV_01_ASEReadCounter.table","NW_015090842.1:9647858",3,4,1
"GALNS","s1015_F_LIV_01_ASEReadCounter.table","NW_015090842.1:9649186",4,6,2
"GALNS","s1015_F_LIV_01_ASEReadCounter.table","NW_015090842.1:9649237",2,3,1
"GALNS","s1015_F_LIV_01_ASEReadCounter.table","NW_015090842.1:9661193",2,3,1
"TRAPPC2L","s1015_F_LIV_01_ASEReadCounter.table","NW_015090842.1:9662951",35,55,20
"TRAPPC2L","s1015_F_LIV_01_ASEReadCounter.table","NW_015090842.1:9663014",34,58,24
"TRAPPC2L","s1015_F_LIV_01_ASEReadCounter.table","NW_015090842.1:9664305",45,45,0
"TRAPPC2L","s1015_F_LIV_01_ASEReadCounter.table","NW_015090842.1:9665155",35,58,23
"TRAPPC2L","s1015_F_LIV_01_ASEReadCounter.table","NW_015090842.1:9665211",6,18,12
"CBFA2T3","s1015_F_LIV_01_ASEReadCounter.table","NW_015090842.1:9709469",0,3,3
"CBFA2T3","s1015_F_LIV_01_ASEReadCounter.table","NW_015090842.1:9709475",0,4,4
"CBFA2T3","s1015_F_LIV_01_ASEReadCounter.table","NW_015090842.1:9712157",0,2,2
"CBFA2T3","s1015_F_LIV_01_ASEReadCounter.table","NW_015090842.1:9712160",0,2,2
"CBFA2T3","s1015_F_LIV_01_ASEReadCounter.table","NW_015090842.1:9712166",0,2,2
"CBFA2T3","s1015_F_LIV_01_ASEReadCounter.table","NW_015090842.1:9712536",0,1,1
"CBFA2T3","s1015_F_LIV_01_ASEReadCounter.table","NW_015090842.1:9712673",0,1,1
"CBFA2T3","s1015_F_LIV_01_ASEReadCounter.table","NW_015090842.1:9712787",1,1,0
"CBFA2T3","s1015_F_LIV_01_ASEReadCounter.table","NW_015090842.1:9712791",1,1,0
"CBFA2T3","s1015_F_LIV_01_ASEReadCounter.table","NW_015090842.1:9712805",1,1,0
"CBFA2T3","s1015_F_LIV_01_ASEReadCounter.table","NW_015090842.1:9712811",2,3,1
"CBFA2T3","s1015_F_LIV_01_ASEReadCounter.table","NW_015090842.1:9712848",3,4,1
"CBFA2T3","s1015_F_LIV_01_ASEReadCounter.table","NW_015090842.1:9713088",2,6,4
"CBFA2T3","s1015_F_LIV_01_ASEReadCounter.table","NW_015090842.1:9713121",2,6,4
"CBFA2T3","s1015_F_LIV_01_ASEReadCounter.table","NW_015090842.1:9717058",4,4,0
"CBFA2T3","s1015_F_LIV_01_ASEReadCounter.table","NW_015090842.1:9717093",5,5,0
"CBFA2T3","s1015_F_LIV_01_ASEReadCounter.table","NW_015090842.1:9717114",6,6,0
"CBFA2T3","s1015_F_LIV_01_ASEReadCounter.table","NW_015090842.1:9717139",5,5,0
"CBFA2T3","s1015_F_LIV_01_ASEReadCounter.table","NW_015090842.1:9719788",7,10,3
"CBFA2T3","s1015_F_LIV_01_ASEReadCounter.table","NW_015090842.1:9728475",1,2,1
"CBFA2T3","s1015_F_LIV_01_ASEReadCounter.table","NW_015090842.1:9728588",0,1,1
"CBFA2T3","s1015_F_LIV_01_ASEReadCounter.table","NW_015090842.1:9728654",1,1,0
"ACSF3","s1015_F_LIV_01_ASEReadCounter.table","NW_015090842.1:9773379",1,1,0
"ACSF3","s1015_F_LIV_01_ASEReadCounter.table","NW_015090842.1:9773382",1,1,0
"ACSF3","s1015_F_LIV_01_ASEReadCounter.table","NW_015090842.1:9773384",1,1,0
"ACSF3","s1015_F_LIV_01_ASEReadCounter.table","NW_015090842.1:9773388",1,4,3
"ACSF3","s1015_F_LIV_01_ASEReadCounter.table","NW_015090842.1:9776753",19,32,13
"ACSF3","s1015_F_LIV_01_ASEReadCounter.table","NW_015090842.1:9776783",20,33,13
"ACSF3","s1015_F_LIV_01_ASEReadCounter.table","NW_015090842.1:9776879",24,34,10
"ACSF3","s1015_F_LIV_01_ASEReadCounter.table","NW_015090842.1:9776965",24,36,12
"ACSF3","s1015_F_LIV_01_ASEReadCounter.table","NW_015090842.1:9777091",35,50,15
"ACSF3","s1015_F_LIV_01_ASEReadCounter.table","NW_015090842.1:9777206",31,44,13
"ACSF3","s1015_F_LIV_01_ASEReadCounter.table","NW_015090842.1:9777283",46,62,16
"ACSF3","s1015_F_LIV_01_ASEReadCounter.table","NW_015090842.1:9778955",32,60,28
"ACSF3","s1015_F_LIV_01_ASEReadCounter.table","NW_015090842.1:9778997",43,76,33
"ACSF3","s1015_F_LIV_01_ASEReadCounter.table","NW_015090842.1:9789311",40,66,26
"ACSF3","s1015_F_LIV_01_ASEReadCounter.table","NW_015090842.1:9789906",4,38,34
"ACSF3","s1015_F_LIV_01_ASEReadCounter.table","NW_015090842.1:9834743",50,93,43
"ACSF3","s1015_F_LIV_01_ASEReadCounter.table","NW_015090842.1:9834852",56,107,51
"ACSF3","s1015_F_LIV_01_ASEReadCounter.table","NW_015090842.1:9834861",46,93,47
"ACSF3","s1015_F_LIV_01_ASEReadCounter.table","NW_015090842.1:9839359",42,64,22
"ACSF3","s1015_F_LIV_01_ASEReadCounter.table","NW_015090842.1:9839378",38,66,28
"ACSF3","s1015_F_LIV_01_ASEReadCounter.table","NW_015090842.1:9839455",41,72,31
"ACSF3","s1015_F_LIV_01_ASEReadCounter.table","NW_015090842.1:9839457",41,72,31
"ACSF3","s1015_F_LIV_01_ASEReadCounter.table","NW_015090842.1:9839489",32,61,29
"ACSF3","s1015_F_LIV_01_ASEReadCounter.table","NW_015090842.1:9839500",22,47,25
"ACSF3","s1015_F_LIV_01_ASEReadCounter.table","NW_015090842.1:9839501",21,47,26
"ACSF3","s1015_F_LIV_01_ASEReadCounter.table","NW_015090842.1:9839504",25,50,25
"ACSF3","s1015_F_LIV_01_ASEReadCounter.table","NW_015090842.1:9839512",22,42,20
"ACSF3","s1015_F_LIV_01_ASEReadCounter.table","NW_015090842.1:9839527",20,35,15
"ACSF3","s1015_F_LIV_01_ASEReadCounter.table","NW_015090842.1:9839533",11,23,12
"ACSF3","s1015_F_LIV_01_ASEReadCounter.table","NW_015090842.1:9839535",11,23,12
"ACSF3","s1015_F_LIV_01_ASEReadCounter.table","NW_015090842.1:9839545",8,19,11
"ACSF3","s1015_F_LIV_01_ASEReadCounter.table","NW_015090842.1:9839550",4,14,10
"ACSF3","s1015_F_LIV_01_ASEReadCounter.table","NW_015090842.1:9839551",5,15,10
"SLC22A31","s1015_F_LIV_01_ASEReadCounter.table","NW_015090842.1:9851117",2,2,0
"SLC22A31","s1015_F_LIV_01_ASEReadCounter.table","NW_015090842.1:9851130",2,2,0
"SLC22A31","s1015_F_LIV_01_ASEReadCounter.table","NW_015090842.1:9851139",2,2,0
"SLC22A31","s1015_F_LIV_01_ASEReadCounter.table","NW_015090842.1:9851265",3,3,0
"SLC22A31","s1015_F_LIV_01_ASEReadCounter.table","NW_015090842.1:9851302",2,2,0
"SLC22A31","s1015_F_LIV_01_ASEReadCounter.table","NW_015090842.1:9851303",2,2,0
"SLC22A31","s1015_F_LIV_01_ASEReadCounter.table","NW_015090842.1:9851305",2,2,0
"SLC22A31","s1015_F_LIV_01_ASEReadCounter.table","NW_015090842.1:9851343",1,1,0
"SLC22A31","s1015_F_LIV_01_ASEReadCounter.table","NW_015090842.1:9851344",2,2,0
"SLC22A31","s1015_F_LIV_01_ASEReadCounter.table","NW_015090842.1:9851361",2,2,0
"SLC22A31","s1015_F_LIV_01_ASEReadCounter.table","NW_015090842.1:9851381",2,2,0
"SLC22A31","s1015_F_LIV_01_ASEReadCounter.table","NW_015090842.1:9851421",6,6,0
"SLC22A31","s1015_F_LIV_01_ASEReadCounter.table","NW_015090842.1:9851501",5,5,0
"SLC22A31","s1015_F_LIV_01_ASEReadCounter.table","NW_015090842.1:9851526",2,2,0
"SLC22A31","s1015_F_LIV_01_ASEReadCounter.table","NW_015090842.1:9851589",5,5,0
"SLC22A31","s1015_F_LIV_01_ASEReadCounter.table","NW_015090842.1:9851712",7,7,0
"SLC22A31","s1015_F_LIV_01_ASEReadCounter.table","NW_015090842.1:9851899",9,9,0
"SLC22A31","s1015_F_LIV_01_ASEReadCounter.table","NW_015090842.1:9852139",10,11,1
"SLC22A31","s1015_F_LIV_01_ASEReadCounter.table","NW_015090842.1:9852380",3,4,1
"SLC22A31","s1015_F_LIV_01_ASEReadCounter.table","NW_015090842.1:9852431",3,4,1
"SLC22A31","s1015_F_LIV_01_ASEReadCounter.table","NW_015090842.1:9852630",5,5,0
"SLC22A31","s1015_F_LIV_01_ASEReadCounter.table","NW_015090842.1:9852711",2,2,0
"SLC22A31","s1015_F_LIV_01_ASEReadCounter.table","NW_015090842.1:9853099",3,3,0
"SLC22A31","s1015_F_LIV_01_ASEReadCounter.table","NW_015090842.1:9853102",3,3,0
"SLC22A31","s1015_F_LIV_01_ASEReadCounter.table","NW_015090842.1:9853421",1,1,0
"SLC22A31","s1015_F_LIV_01_ASEReadCounter.table","NW_015090842.1:9853457",3,3,0
"SLC22A31","s1015_F_LIV_01_ASEReadCounter.table","NW_015090842.1:9853502",2,2,0
"ANKRD11","s1015_F_LIV_01_ASEReadCounter.table","NW_015090842.1:9858863",2,3,1
"ANKRD11","s1015_F_LIV_01_ASEReadCounter.table","NW_015090842.1:9859101",44,83,39
"ANKRD11","s1015_F_LIV_01_ASEReadCounter.table","NW_015090842.1:9859352",48,101,53
"ANKRD11","s1015_F_LIV_01_ASEReadCounter.table","NW_015090842.1:9859381",23,65,42
"ANKRD11","s1015_F_LIV_01_ASEReadCounter.table","NW_015090842.1:9859679",49,98,49
"ANKRD11","s1015_F_LIV_01_ASEReadCounter.table","NW_015090842.1:9861097",46,99,53
"ANKRD11","s1015_F_LIV_01_ASEReadCounter.table","NW_015090842.1:9862571",25,47,22
"ANKRD11","s1015_F_LIV_01_ASEReadCounter.table","NW_015090842.1:9862652",25,40,15
"ANKRD11","s1015_F_LIV_01_ASEReadCounter.table","NW_015090842.1:9866071",0,25,25
"ANKRD11","s1015_F_LIV_01_ASEReadCounter.table","NW_015090842.1:9866200",0,33,33
"ANKRD11","s1015_F_LIV_01_ASEReadCounter.table","NW_015090842.1:9867391",8,20,12
"ANKRD11","s1015_F_LIV_01_ASEReadCounter.table","NW_015090842.1:9867472",15,37,22
"ANKRD11","s1015_F_LIV_01_ASEReadCounter.table","NW_015090842.1:9867559",24,51,27
"ANKRD11","s1015_F_LIV_01_ASEReadCounter.table","NW_015090842.1:9867667",14,40,26
"ANKRD11","s1015_F_LIV_01_ASEReadCounter.table","NW_015090842.1:9867934",24,52,28
"ANKRD11","s1015_F_LIV_01_ASEReadCounter.table","NW_015090842.1:9868064",17,42,25
"ANKRD11","s1015_F_LIV_01_ASEReadCounter.table","NW_015090842.1:9868093",15,36,21
"ANKRD11","s1015_F_LIV_01_ASEReadCounter.table","NW_015090842.1:9868222",15,37,22
"ANKRD11","s1015_F_LIV_01_ASEReadCounter.table","NW_015090842.1:9868327",15,45,30
"ANKRD11","s1015_F_LIV_01_ASEReadCounter.table","NW_015090842.1:9868414",17,38,21
"ANKRD11","s1015_F_LIV_01_ASEReadCounter.table","NW_015090842.1:9868441",20,39,19
"ANKRD11","s1015_F_LIV_01_ASEReadCounter.table","NW_015090842.1:9868444",20,40,20
"ANKRD11","s1015_F_LIV_01_ASEReadCounter.table","NW_015090842.1:9868519",22,50,28
"ANKRD11","s1015_F_LIV_01_ASEReadCounter.table","NW_015090842.1:9868609",24,59,35
"ANKRD11","s1015_F_LIV_01_ASEReadCounter.table","NW_015090842.1:9868666",31,66,35
"ANKRD11","s1015_F_LIV_01_ASEReadCounter.table","NW_015090842.1:9868738",46,46,0
"ANKRD11","s1015_F_LIV_01_ASEReadCounter.table","NW_015090842.1:9869431",15,31,16
"ANKRD11","s1015_F_LIV_01_ASEReadCounter.table","NW_015090842.1:9869578",34,72,38
"ANKRD11","s1015_F_LIV_01_ASEReadCounter.table","NW_015090842.1:9869734",40,76,36
"ANKRD11","s1015_F_LIV_01_ASEReadCounter.table","NW_015090842.1:9870070",22,58,36
"ANKRD11","s1015_F_LIV_01_ASEReadCounter.table","NW_015090842.1:9870349",20,46,26
"ANKRD11","s1015_F_LIV_01_ASEReadCounter.table","NW_015090842.1:9870604",19,49,30
"ANKRD11","s1015_F_LIV_01_ASEReadCounter.table","NW_015090842.1:9870613",24,57,33
"ANKRD11","s1015_F_LIV_01_ASEReadCounter.table","NW_015090842.1:9870685",34,72,38
"ANKRD11","s1015_F_LIV_01_ASEReadCounter.table","NW_015090842.1:9870760",27,60,33
"ANKRD11","s1015_F_LIV_01_ASEReadCounter.table","NW_015090842.1:9870847",18,51,33
"ANKRD11","s1015_F_LIV_01_ASEReadCounter.table","NW_015090842.1:9871103",17,36,19
"ANKRD11","s1015_F_LIV_01_ASEReadCounter.table","NW_015090842.1:9871165",20,37,17
"ANKRD11","s1015_F_LIV_01_ASEReadCounter.table","NW_015090842.1:9871508",47,47,0
"ANKRD11","s1015_F_LIV_01_ASEReadCounter.table","NW_015090842.1:9871820",10,15,5
"ANKRD11","s1015_F_LIV_01_ASEReadCounter.table","NW_015090842.1:9872118",12,30,18
"ANKRD11","s1015_F_LIV_01_ASEReadCounter.table","NW_015090842.1:9877406",7,19,12
"SPG7","s1015_F_LIV_01_ASEReadCounter.table","NW_015090842.1:10051190",66,117,51
"SPG7","s1015_F_LIV_01_ASEReadCounter.table","NW_015090842.1:10051218",75,135,60
"SPG7","s1015_F_LIV_01_ASEReadCounter.table","NW_015090842.1:10052348",79,133,54
"SPG7","s1015_F_LIV_01_ASEReadCounter.table","NW_015090842.1:10052366",75,128,53
"SPG7","s1015_F_LIV_01_ASEReadCounter.table","NW_015090842.1:10065173",81,143,62
"SPG7","s1015_F_LIV_01_ASEReadCounter.table","NW_015090842.1:10065215",71,134,63
"SPG7","s1015_F_LIV_01_ASEReadCounter.table","NW_015090842.1:10066365",60,123,63
"SPG7","s1015_F_LIV_01_ASEReadCounter.table","NW_015090842.1:10069752",77,141,64
"SPG7","s1015_F_LIV_01_ASEReadCounter.table","NW_015090842.1:10069800",67,133,66
"SPG7","s1015_F_LIV_01_ASEReadCounter.table","NW_015090842.1:10071192",70,144,74
"SPG7","s1015_F_LIV_01_ASEReadCounter.table","NW_015090842.1:10071219",71,140,69
"SPG7","s1015_F_LIV_01_ASEReadCounter.table","NW_015090842.1:10071967",65,139,74
"SPG7","s1015_F_LIV_01_ASEReadCounter.table","NW_015090842.1:10075109",113,185,72
"SPG7","s1015_F_LIV_01_ASEReadCounter.table","NW_015090842.1:10075114",115,185,70
"SPG7","s1015_F_LIV_01_ASEReadCounter.table","NW_015090842.1:10075198",100,152,52
"SPG7","s1015_F_LIV_01_ASEReadCounter.table","NW_015090842.1:10075487",51,102,51
"SPG7","s1015_F_LIV_01_ASEReadCounter.table","NW_015090842.1:10075488",51,102,51
"SPG7","s1015_F_LIV_01_ASEReadCounter.table","NW_015090842.1:10075548",48,80,32
"RPL13","s1015_F_LIV_01_ASEReadCounter.table","NW_015090842.1:10077387",912,2025,1113
"RPL13","s1015_F_LIV_01_ASEReadCounter.table","NW_015090842.1:10077978",1371,2959,1588
"RPL13","s1015_F_LIV_01_ASEReadCounter.table","NW_015090842.1:10077992",1355,2830,1475
"LOC106888185","s1015_F_LIV_01_ASEReadCounter.table","NW_015090842.1:10094965",8,18,10
"LOC106888185","s1015_F_LIV_01_ASEReadCounter.table","NW_015090842.1:10094966",8,18,10
"LOC106888185","s1015_F_LIV_01_ASEReadCounter.table","NW_015090842.1:10094985",8,16,8
"LOC106888185","s1015_F_LIV_01_ASEReadCounter.table","NW_015090842.1:10095055",0,15,15
"LOC106888185","s1015_F_LIV_01_ASEReadCounter.table","NW_015090842.1:10095062",0,12,12
"LOC106888185","s1015_F_LIV_01_ASEReadCounter.table","NW_015090842.1:10095130",6,22,16
"LOC106888185","s1015_F_LIV_01_ASEReadCounter.table","NW_015090842.1:10095265",58,90,32
"LOC106888185","s1015_F_LIV_01_ASEReadCounter.table","NW_015090842.1:10095586",36,94,58
"LOC106888185","s1015_F_LIV_01_ASEReadCounter.table","NW_015090842.1:10095593",35,91,56
"LOC106888185","s1015_F_LIV_01_ASEReadCounter.table","NW_015090842.1:10095616",30,80,50
"LOC106888185","s1015_F_LIV_01_ASEReadCounter.table","NW_015090842.1:10095662",22,56,34
"LOC106888185","s1015_F_LIV_01_ASEReadCounter.table","NW_015090842.1:10095674",18,54,36
"LOC106888185","s1015_F_LIV_01_ASEReadCounter.table","NW_015090842.1:10095786",35,71,36
"LOC106888185","s1015_F_LIV_01_ASEReadCounter.table","NW_015090842.1:10095831",40,82,42
"LOC106888185","s1015_F_LIV_01_ASEReadCounter.table","NW_015090842.1:10096230",31,78,47
"LOC106888185","s1015_F_LIV_01_ASEReadCounter.table","NW_015090842.1:10096249",32,79,47
"LOC106888185","s1015_F_LIV_01_ASEReadCounter.table","NW_015090842.1:10096272",32,87,55
"LOC106888185","s1015_F_LIV_01_ASEReadCounter.table","NW_015090842.1:10096288",37,90,53
"LOC106888185","s1015_F_LIV_01_ASEReadCounter.table","NW_015090842.1:10097248",42,83,41
"LOC106888185","s1015_F_LIV_01_ASEReadCounter.table","NW_015090842.1:10097265",48,104,56
"LOC106888185","s1015_F_LIV_01_ASEReadCounter.table","NW_015090842.1:10097446",2,8,6
"DPEP1","s1015_F_LIV_01_ASEReadCounter.table","NW_015090842.1:10098017",0,3,3
"DPEP1","s1015_F_LIV_01_ASEReadCounter.table","NW_015090842.1:10098518",62,75,13
"DPEP1","s1015_F_LIV_01_ASEReadCounter.table","NW_015090842.1:10098595",85,100,15
"DPEP1","s1015_F_LIV_01_ASEReadCounter.table","NW_015090842.1:10098597",85,99,14
"DPEP1","s1015_F_LIV_01_ASEReadCounter.table","NW_015090842.1:10098601",82,97,15
"DPEP1","s1015_F_LIV_01_ASEReadCounter.table","NW_015090842.1:10098608",79,92,13
"DPEP1","s1015_F_LIV_01_ASEReadCounter.table","NW_015090842.1:10098630",78,89,11
"DPEP1","s1015_F_LIV_01_ASEReadCounter.table","NW_015090842.1:10098659",94,107,13
"DPEP1","s1015_F_LIV_01_ASEReadCounter.table","NW_015090842.1:10099765",109,122,13
"DPEP1","s1015_F_LIV_01_ASEReadCounter.table","NW_015090842.1:10099985",84,101,17
"DPEP1","s1015_F_LIV_01_ASEReadCounter.table","NW_015090842.1:10099986",84,101,17
"DPEP1","s1015_F_LIV_01_ASEReadCounter.table","NW_015090842.1:10099991",75,92,17
"DPEP1","s1015_F_LIV_01_ASEReadCounter.table","NW_015090842.1:10100044",91,104,13
"DPEP1","s1015_F_LIV_01_ASEReadCounter.table","NW_015090842.1:10100045",89,102,13
"DPEP1","s1015_F_LIV_01_ASEReadCounter.table","NW_015090842.1:10100084",102,113,11
"DPEP1","s1015_F_LIV_01_ASEReadCounter.table","NW_015090842.1:10100295",127,138,11
"DPEP1","s1015_F_LIV_01_ASEReadCounter.table","NW_015090842.1:10100529",88,97,9
"DPEP1","s1015_F_LIV_01_ASEReadCounter.table","NW_015090842.1:10100893",137,160,23
"DPEP1","s1015_F_LIV_01_ASEReadCounter.table","NW_015090842.1:10100902",132,155,23
"DPEP1","s1015_F_LIV_01_ASEReadCounter.table","NW_015090842.1:10101072",121,129,8
"DPEP1","s1015_F_LIV_01_ASEReadCounter.table","NW_015090842.1:10101199",141,149,8
"DPEP1","s1015_F_LIV_01_ASEReadCounter.table","NW_015090842.1:10101483",110,124,14
"DPEP1","s1015_F_LIV_01_ASEReadCounter.table","NW_015090842.1:10101497",122,137,15
"DPEP1","s1015_F_LIV_01_ASEReadCounter.table","NW_015090842.1:10101525",110,122,12
"DPEP1","s1015_F_LIV_01_ASEReadCounter.table","NW_015090842.1:10101875",120,128,8
"DPEP1","s1015_F_LIV_01_ASEReadCounter.table","NW_015090842.1:10101913",107,118,11
"DPEP1","s1015_F_LIV_01_ASEReadCounter.table","NW_015090842.1:10101996",73,80,7
"DPEP1","s1015_F_LIV_01_ASEReadCounter.table","NW_015090842.1:10102014",67,73,6
"DPEP1","s1015_F_LIV_01_ASEReadCounter.table","NW_015090842.1:10102035",51,54,3
"CHMP1A","s1015_F_LIV_01_ASEReadCounter.table","NW_015090842.1:10102901",26,92,66
"CHMP1A","s1015_F_LIV_01_ASEReadCounter.table","NW_015090842.1:10102961",28,113,85
"CHMP1A","s1015_F_LIV_01_ASEReadCounter.table","NW_015090842.1:10102996",26,104,78
"CHMP1A","s1015_F_LIV_01_ASEReadCounter.table","NW_015090842.1:10103004",29,108,79
"CHMP1A","s1015_F_LIV_01_ASEReadCounter.table","NW_015090842.1:10103006",29,108,79
"CHMP1A","s1015_F_LIV_01_ASEReadCounter.table","NW_015090842.1:10103052",44,130,86
"CHMP1A","s1015_F_LIV_01_ASEReadCounter.table","NW_015090842.1:10103095",48,139,91
"CHMP1A","s1015_F_LIV_01_ASEReadCounter.table","NW_015090842.1:10103096",49,138,89
"CHMP1A","s1015_F_LIV_01_ASEReadCounter.table","NW_015090842.1:10103152",38,99,61
"CHMP1A","s1015_F_LIV_01_ASEReadCounter.table","NW_015090842.1:10103173",44,97,53
"CHMP1A","s1015_F_LIV_01_ASEReadCounter.table","NW_015090842.1:10103334",37,77,40
"CHMP1A","s1015_F_LIV_01_ASEReadCounter.table","NW_015090842.1:10103373",40,86,46
"CHMP1A","s1015_F_LIV_01_ASEReadCounter.table","NW_015090842.1:10103408",48,96,48
"CHMP1A","s1015_F_LIV_01_ASEReadCounter.table","NW_015090842.1:10103412",52,102,50
"CHMP1A","s1015_F_LIV_01_ASEReadCounter.table","NW_015090842.1:10103512",46,119,73
"CHMP1A","s1015_F_LIV_01_ASEReadCounter.table","NW_015090842.1:10103513",46,119,73
"CHMP1A","s1015_F_LIV_01_ASEReadCounter.table","NW_015090842.1:10103583",29,87,58
"CHMP1A","s1015_F_LIV_01_ASEReadCounter.table","NW_015090842.1:10103614",28,81,53
"CHMP1A","s1015_F_LIV_01_ASEReadCounter.table","NW_015090842.1:10103657",28,87,59
"CHMP1A","s1015_F_LIV_01_ASEReadCounter.table","NW_015090842.1:10103669",24,79,55
"CHMP1A","s1015_F_LIV_01_ASEReadCounter.table","NW_015090842.1:10103674",25,70,45
"CHMP1A","s1015_F_LIV_01_ASEReadCounter.table","NW_015090842.1:10103677",24,68,44
"CHMP1A","s1015_F_LIV_01_ASEReadCounter.table","NW_015090842.1:10103729",33,79,46
"CHMP1A","s1015_F_LIV_01_ASEReadCounter.table","NW_015090842.1:10103758",29,62,33
"CHMP1A","s1015_F_LIV_01_ASEReadCounter.table","NW_015090842.1:10103761",28,66,38
"CHMP1A","s1015_F_LIV_01_ASEReadCounter.table","NW_015090842.1:10103788",30,89,59
"CHMP1A","s1015_F_LIV_01_ASEReadCounter.table","NW_015090842.1:10103789",30,90,60
"CHMP1A","s1015_F_LIV_01_ASEReadCounter.table","NW_015090842.1:10103790",27,87,60
"CHMP1A","s1015_F_LIV_01_ASEReadCounter.table","NW_015090842.1:10103950",40,95,55
"CHMP1A","s1015_F_LIV_01_ASEReadCounter.table","NW_015090842.1:10104335",37,81,44
"CHMP1A","s1015_F_LIV_01_ASEReadCounter.table","NW_015090842.1:10104429",46,100,54
"CHMP1A","s1015_F_LIV_01_ASEReadCounter.table","NW_015090842.1:10104532",51,102,51
"CHMP1A","s1015_F_LIV_01_ASEReadCounter.table","NW_015090842.1:10104633",43,86,43
"CHMP1A","s1015_F_LIV_01_ASEReadCounter.table","NW_015090842.1:10104759",31,71,40
"CHMP1A","s1015_F_LIV_01_ASEReadCounter.table","NW_015090842.1:10104794",34,78,44
"CHMP1A","s1015_F_LIV_01_ASEReadCounter.table","NW_015090842.1:10104841",58,59,1
"CHMP1A","s1015_F_LIV_01_ASEReadCounter.table","NW_015090842.1:10104844",23,60,37
"CHMP1A","s1015_F_LIV_01_ASEReadCounter.table","NW_015090842.1:10106242",30,75,45
"CHMP1A","s1015_F_LIV_01_ASEReadCounter.table","NW_015090842.1:10106290",37,74,37
"CHMP1A","s1015_F_LIV_01_ASEReadCounter.table","NW_015090842.1:10106335",42,81,39
"CHMP1A","s1015_F_LIV_01_ASEReadCounter.table","NW_015090842.1:10106383",47,106,59
"CHMP1A","s1015_F_LIV_01_ASEReadCounter.table","NW_015090842.1:10106747",41,106,65
"CHMP1A","s1015_F_LIV_01_ASEReadCounter.table","NW_015090842.1:10107404",38,80,42
"CHMP1A","s1015_F_LIV_01_ASEReadCounter.table","NW_015090842.1:10107876",39,93,54
"CDK10","s1015_F_LIV_01_ASEReadCounter.table","NW_015090842.1:10109030",4,4,0
"CDK10","s1015_F_LIV_01_ASEReadCounter.table","NW_015090842.1:10109963",17,49,32
"CDK10","s1015_F_LIV_01_ASEReadCounter.table","NW_015090842.1:10110887",13,54,41
"CDK10","s1015_F_LIV_01_ASEReadCounter.table","NW_015090842.1:10111254",11,36,25
"CDK10","s1015_F_LIV_01_ASEReadCounter.table","NW_015090842.1:10111380",13,43,30
"CDK10","s1015_F_LIV_01_ASEReadCounter.table","NW_015090842.1:10111395",11,39,28
"CDK10","s1015_F_LIV_01_ASEReadCounter.table","NW_015090842.1:10111437",7,31,24
"CDK10","s1015_F_LIV_01_ASEReadCounter.table","NW_015090842.1:10111798",13,40,27
"CDK10","s1015_F_LIV_01_ASEReadCounter.table","NW_015090842.1:10111840",12,39,27
"CDK10","s1015_F_LIV_01_ASEReadCounter.table","NW_015090842.1:10112031",13,34,21
"CDK10","s1015_F_LIV_01_ASEReadCounter.table","NW_015090842.1:10112285",16,41,25
"CDK10","s1015_F_LIV_01_ASEReadCounter.table","NW_015090842.1:10112398",12,41,29
"CDK10","s1015_F_LIV_01_ASEReadCounter.table","NW_015090842.1:10112455",13,40,27
"CDK10","s1015_F_LIV_01_ASEReadCounter.table","NW_015090842.1:10112461",12,37,25
"CDK10","s1015_F_LIV_01_ASEReadCounter.table","NW_015090842.1:10112497",14,48,34
"CDK10","s1015_F_LIV_01_ASEReadCounter.table","NW_015090842.1:10112508",12,41,29
"CDK10","s1015_F_LIV_01_ASEReadCounter.table","NW_015090842.1:10112518",9,36,27
"CDK10","s1015_F_LIV_01_ASEReadCounter.table","NW_015090842.1:10112540",5,33,28
"CDK10","s1015_F_LIV_01_ASEReadCounter.table","NW_015090842.1:10112556",10,39,29
"CDK10","s1015_F_LIV_01_ASEReadCounter.table","NW_015090842.1:10112561",12,42,30
"CDK10","s1015_F_LIV_01_ASEReadCounter.table","NW_015090842.1:10112596",11,34,23
"CDK10","s1015_F_LIV_01_ASEReadCounter.table","NW_015090842.1:10112630",11,33,22
"CDK10","s1015_F_LIV_01_ASEReadCounter.table","NW_015090842.1:10112656",14,39,25
"CDK10","s1015_F_LIV_01_ASEReadCounter.table","NW_015090842.1:10112665",10,32,22
"CDK10","s1015_F_LIV_01_ASEReadCounter.table","NW_015090842.1:10112668",10,32,22
"CDK10","s1015_F_LIV_01_ASEReadCounter.table","NW_015090842.1:10112781",7,13,6
"CDK10","s1015_F_LIV_01_ASEReadCounter.table","NW_015090842.1:10112782",7,13,6
"CDK10","s1015_F_LIV_01_ASEReadCounter.table","NW_015090842.1:10112795",6,12,6
"CDK10","s1015_F_LIV_01_ASEReadCounter.table","NW_015090842.1:10112841",1,4,3
"CDK10","s1015_F_LIV_01_ASEReadCounter.table","NW_015090842.1:10112861",1,3,2
"SPATA2L","s1015_F_LIV_01_ASEReadCounter.table","NW_015090842.1:10113212",2,9,7
"SPATA2L","s1015_F_LIV_01_ASEReadCounter.table","NW_015090842.1:10113280",9,24,15
"SPATA2L","s1015_F_LIV_01_ASEReadCounter.table","NW_015090842.1:10113296",9,23,14
"SPATA2L","s1015_F_LIV_01_ASEReadCounter.table","NW_015090842.1:10113321",11,24,13
"SPATA2L","s1015_F_LIV_01_ASEReadCounter.table","NW_015090842.1:10113332",11,27,16
"SPATA2L","s1015_F_LIV_01_ASEReadCounter.table","NW_015090842.1:10113380",6,24,18
"SPATA2L","s1015_F_LIV_01_ASEReadCounter.table","NW_015090842.1:10113381",6,23,17
"SPATA2L","s1015_F_LIV_01_ASEReadCounter.table","NW_015090842.1:10113412",9,29,20
"SPATA2L","s1015_F_LIV_01_ASEReadCounter.table","NW_015090842.1:10113421",11,29,18
"SPATA2L","s1015_F_LIV_01_ASEReadCounter.table","NW_015090842.1:10113465",11,26,15
"SPATA2L","s1015_F_LIV_01_ASEReadCounter.table","NW_015090842.1:10113535",18,29,11
"SPATA2L","s1015_F_LIV_01_ASEReadCounter.table","NW_015090842.1:10113645",12,31,19
"SPATA2L","s1015_F_LIV_01_ASEReadCounter.table","NW_015090842.1:10113682",15,44,29
"SPATA2L","s1015_F_LIV_01_ASEReadCounter.table","NW_015090842.1:10113696",13,40,27
"SPATA2L","s1015_F_LIV_01_ASEReadCounter.table","NW_015090842.1:10113727",19,44,25
"SPATA2L","s1015_F_LIV_01_ASEReadCounter.table","NW_015090842.1:10113799",21,45,24
"SPATA2L","s1015_F_LIV_01_ASEReadCounter.table","NW_015090842.1:10113809",20,48,28
"SPATA2L","s1015_F_LIV_01_ASEReadCounter.table","NW_015090842.1:10113827",19,47,28
"SPATA2L","s1015_F_LIV_01_ASEReadCounter.table","NW_015090842.1:10113831",16,44,28
"SPATA2L","s1015_F_LIV_01_ASEReadCounter.table","NW_015090842.1:10113894",17,41,24
"SPATA2L","s1015_F_LIV_01_ASEReadCounter.table","NW_015090842.1:10113905",12,35,23
"SPATA2L","s1015_F_LIV_01_ASEReadCounter.table","NW_015090842.1:10113914",11,30,19
"SPATA2L","s1015_F_LIV_01_ASEReadCounter.table","NW_015090842.1:10113920",14,35,21
"SPATA2L","s1015_F_LIV_01_ASEReadCounter.table","NW_015090842.1:10113937",15,40,25
"SPATA2L","s1015_F_LIV_01_ASEReadCounter.table","NW_015090842.1:10113971",15,36,21
"SPATA2L","s1015_F_LIV_01_ASEReadCounter.table","NW_015090842.1:10113976",12,39,27
"SPATA2L","s1015_F_LIV_01_ASEReadCounter.table","NW_015090842.1:10113985",12,35,23
"SPATA2L","s1015_F_LIV_01_ASEReadCounter.table","NW_015090842.1:10113994",15,39,24
"SPATA2L","s1015_F_LIV_01_ASEReadCounter.table","NW_015090842.1:10114063",18,34,16
"SPATA2L","s1015_F_LIV_01_ASEReadCounter.table","NW_015090842.1:10114066",18,35,17
"SPATA2L","s1015_F_LIV_01_ASEReadCounter.table","NW_015090842.1:10114069",17,34,17
"SPATA2L","s1015_F_LIV_01_ASEReadCounter.table","NW_015090842.1:10114121",10,28,18
"SPATA2L","s1015_F_LIV_01_ASEReadCounter.table","NW_015090842.1:10114159",7,25,18
"SPATA2L","s1015_F_LIV_01_ASEReadCounter.table","NW_015090842.1:10114282",16,40,24
"SPATA2L","s1015_F_LIV_01_ASEReadCounter.table","NW_015090842.1:10114470",11,28,17
"SPATA2L","s1015_F_LIV_01_ASEReadCounter.table","NW_015090842.1:10114524",6,18,12
"VPS9D1","s1015_F_LIV_01_ASEReadCounter.table","NW_015090842.1:10116377",5,6,1
"VPS9D1","s1015_F_LIV_01_ASEReadCounter.table","NW_015090842.1:10116415",7,9,2
"VPS9D1","s1015_F_LIV_01_ASEReadCounter.table","NW_015090842.1:10116607",7,10,3
"VPS9D1","s1015_F_LIV_01_ASEReadCounter.table","NW_015090842.1:10116816",3,3,0
"VPS9D1","s1015_F_LIV_01_ASEReadCounter.table","NW_015090842.1:10116821",1,3,2
"VPS9D1","s1015_F_LIV_01_ASEReadCounter.table","NW_015090842.1:10116825",1,3,2
"VPS9D1","s1015_F_LIV_01_ASEReadCounter.table","NW_015090842.1:10116882",3,5,2
"VPS9D1","s1015_F_LIV_01_ASEReadCounter.table","NW_015090842.1:10116885",3,4,1
"VPS9D1","s1015_F_LIV_01_ASEReadCounter.table","NW_015090842.1:10116933",3,5,2
"VPS9D1","s1015_F_LIV_01_ASEReadCounter.table","NW_015090842.1:10116942",4,6,2
"VPS9D1","s1015_F_LIV_01_ASEReadCounter.table","NW_015090842.1:10117152",2,6,4
"VPS9D1","s1015_F_LIV_01_ASEReadCounter.table","NW_015090842.1:10117396",7,7,0
"VPS9D1","s1015_F_LIV_01_ASEReadCounter.table","NW_015090842.1:10117405",4,4,0
"VPS9D1","s1015_F_LIV_01_ASEReadCounter.table","NW_015090842.1:10117480",2,5,3
"VPS9D1","s1015_F_LIV_01_ASEReadCounter.table","NW_015090842.1:10117497",1,3,2
"VPS9D1","s1015_F_LIV_01_ASEReadCounter.table","NW_015090842.1:10117499",1,3,2
"VPS9D1","s1015_F_LIV_01_ASEReadCounter.table","NW_015090842.1:10117516",2,5,3
"VPS9D1","s1015_F_LIV_01_ASEReadCounter.table","NW_015090842.1:10117525",2,6,4
"VPS9D1","s1015_F_LIV_01_ASEReadCounter.table","NW_015090842.1:10117579",1,4,3
"VPS9D1","s1015_F_LIV_01_ASEReadCounter.table","NW_015090842.1:10117627",1,5,4
"VPS9D1","s1015_F_LIV_01_ASEReadCounter.table","NW_015090842.1:10117678",2,8,6
"VPS9D1","s1015_F_LIV_01_ASEReadCounter.table","NW_015090842.1:10117773",4,8,4
"VPS9D1","s1015_F_LIV_01_ASEReadCounter.table","NW_015090842.1:10117937",6,11,5
"VPS9D1","s1015_F_LIV_01_ASEReadCounter.table","NW_015090842.1:10117961",7,11,4
"VPS9D1","s1015_F_LIV_01_ASEReadCounter.table","NW_015090842.1:10118236",9,15,6
"VPS9D1","s1015_F_LIV_01_ASEReadCounter.table","NW_015090842.1:10118414",8,12,4
"VPS9D1","s1015_F_LIV_01_ASEReadCounter.table","NW_015090842.1:10118973",4,11,7
"VPS9D1","s1015_F_LIV_01_ASEReadCounter.table","NW_015090842.1:10119500",5,10,5
"ZNF276","s1015_F_LIV_01_ASEReadCounter.table","NW_015090842.1:10121760",2,3,1
"ZNF276","s1015_F_LIV_01_ASEReadCounter.table","NW_015090842.1:10121769",3,5,2
"ZNF276","s1015_F_LIV_01_ASEReadCounter.table","NW_015090842.1:10121802",3,5,2
"ZNF276","s1015_F_LIV_01_ASEReadCounter.table","NW_015090842.1:10121971",8,13,5
"ZNF276","s1015_F_LIV_01_ASEReadCounter.table","NW_015090842.1:10122883",8,9,1
"ZNF276","s1015_F_LIV_01_ASEReadCounter.table","NW_015090842.1:10123069",5,8,3
"ZNF276","s1015_F_LIV_01_ASEReadCounter.table","NW_015090842.1:10123207",16,22,6
"ZNF276","s1015_F_LIV_01_ASEReadCounter.table","NW_015090842.1:10125787",8,13,5
"ZNF276","s1015_F_LIV_01_ASEReadCounter.table","NW_015090842.1:10126309",12,24,12
"ZNF276","s1015_F_LIV_01_ASEReadCounter.table","NW_015090842.1:10126348",9,24,15
"ZNF276","s1015_F_LIV_01_ASEReadCounter.table","NW_015090842.1:10126978",14,22,8
"ZNF276","s1015_F_LIV_01_ASEReadCounter.table","NW_015090842.1:10126991",12,20,8
"ZNF276","s1015_F_LIV_01_ASEReadCounter.table","NW_015090842.1:10127023",15,25,10
"ZNF276","s1015_F_LIV_01_ASEReadCounter.table","NW_015090842.1:10127063",11,23,12
"ZNF276","s1015_F_LIV_01_ASEReadCounter.table","NW_015090842.1:10127373",9,18,9
"ZNF276","s1015_F_LIV_01_ASEReadCounter.table","NW_015090842.1:10127931",18,27,9
"ZNF276","s1015_F_LIV_01_ASEReadCounter.table","NW_015090842.1:10128070",10,22,12
"ZNF276","s1015_F_LIV_01_ASEReadCounter.table","NW_015090842.1:10128102",12,20,8
"ZNF276","s1015_F_LIV_01_ASEReadCounter.table","NW_015090842.1:10128356",10,17,7
"ZNF276","s1015_F_LIV_01_ASEReadCounter.table","NW_015090842.1:10128497",3,11,8
"FANCA","s1015_F_LIV_01_ASEReadCounter.table","NW_015090842.1:10128743",1,1,0
"FANCA","s1015_F_LIV_01_ASEReadCounter.table","NW_015090842.1:10129969",1,1,0
"FANCA","s1015_F_LIV_01_ASEReadCounter.table","NW_015090842.1:10130399",2,2,0
"FANCA","s1015_F_LIV_01_ASEReadCounter.table","NW_015090842.1:10139140",1,1,0
"FANCA","s1015_F_LIV_01_ASEReadCounter.table","NW_015090842.1:10150518",0,1,1
"FANCA","s1015_F_LIV_01_ASEReadCounter.table","NW_015090842.1:10152863",0,1,1
"FANCA","s1015_F_LIV_01_ASEReadCounter.table","NW_015090842.1:10154490",0,1,1
"FANCA","s1015_F_LIV_01_ASEReadCounter.table","NW_015090842.1:10163667",1,2,1
"FANCA","s1015_F_LIV_01_ASEReadCounter.table","NW_015090842.1:10165331",2,2,0
"SPIRE2","s1015_F_LIV_01_ASEReadCounter.table","NW_015090842.1:10176561",0,1,1
"SPIRE2","s1015_F_LIV_01_ASEReadCounter.table","NW_015090842.1:10176817",0,1,1
"TCF25","s1015_F_LIV_01_ASEReadCounter.table","NW_015090842.1:10180912",29,49,20
"TCF25","s1015_F_LIV_01_ASEReadCounter.table","NW_015090842.1:10180924",31,52,21
"TCF25","s1015_F_LIV_01_ASEReadCounter.table","NW_015090842.1:10180931",33,55,22
"TCF25","s1015_F_LIV_01_ASEReadCounter.table","NW_015090842.1:10185332",76,127,51
"TCF25","s1015_F_LIV_01_ASEReadCounter.table","NW_015090842.1:10188816",70,109,39
"DBNDD1","s1015_F_LIV_01_ASEReadCounter.table","NW_015090842.1:10223105",2,11,9
"GAS8","s1015_F_LIV_01_ASEReadCounter.table","NW_015090842.1:10228982",2,4,2
"GAS8","s1015_F_LIV_01_ASEReadCounter.table","NW_015090842.1:10229832",2,6,4
"GAS8","s1015_F_LIV_01_ASEReadCounter.table","NW_015090842.1:10232375",4,6,2
"GAS8","s1015_F_LIV_01_ASEReadCounter.table","NW_015090842.1:10232901",2,6,4
"GAS8","s1015_F_LIV_01_ASEReadCounter.table","NW_015090842.1:10232928",3,5,2
"GAS8","s1015_F_LIV_01_ASEReadCounter.table","NW_015090842.1:10232967",6,8,2
"GAS8","s1015_F_LIV_01_ASEReadCounter.table","NW_015090842.1:10233032",5,7,2
"GAS8","s1015_F_LIV_01_ASEReadCounter.table","NW_015090842.1:10233057",3,4,1
"GAS8","s1015_F_LIV_01_ASEReadCounter.table","NW_015090842.1:10233058",3,5,2
"GAS8","s1015_F_LIV_01_ASEReadCounter.table","NW_015090842.1:10233176",0,1,1
"GAS8","s1015_F_LIV_01_ASEReadCounter.table","NW_015090842.1:10233196",0,1,1
"GAS8","s1015_F_LIV_01_ASEReadCounter.table","NW_015090842.1:10233252",1,1,0
"GAS8","s1015_F_LIV_01_ASEReadCounter.table","NW_015090842.1:10233303",1,1,0
"LOC106888094","s1015_F_LIV_01_ASEReadCounter.table","NW_015090842.1:10233334",26,68,42
"LOC106888094","s1015_F_LIV_01_ASEReadCounter.table","NW_015090842.1:10233362",47,140,93
"LOC106888094","s1015_F_LIV_01_ASEReadCounter.table","NW_015090842.1:10233373",49,153,104
"LOC106888094","s1015_F_LIV_01_ASEReadCounter.table","NW_015090842.1:10233388",63,176,113
"LOC106888094","s1015_F_LIV_01_ASEReadCounter.table","NW_015090842.1:10233402",67,180,113
"LOC106888094","s1015_F_LIV_01_ASEReadCounter.table","NW_015090842.1:10233465",86,225,139
"LOC106888094","s1015_F_LIV_01_ASEReadCounter.table","NW_015090842.1:10233803",91,272,181
"LOC106888094","s1015_F_LIV_01_ASEReadCounter.table","NW_015090842.1:10233815",76,253,177
"LOC106888094","s1015_F_LIV_01_ASEReadCounter.table","NW_015090842.1:10236098",20,40,20
"LOC106888094","s1015_F_LIV_01_ASEReadCounter.table","NW_015090842.1:10236161",1,47,46
"LOC106888094","s1015_F_LIV_01_ASEReadCounter.table","NW_015090842.1:10236380",0,1,1
"LOC106888094","s1015_F_LIV_01_ASEReadCounter.table","NW_015090842.1:10236388",1,1,0
"LOC106888094","s1015_F_LIV_01_ASEReadCounter.table","NW_015090842.1:10236425",0,2,2
"LOC106888094","s1015_F_LIV_01_ASEReadCounter.table","NW_015090842.1:10236426",0,2,2
"LOC106888094","s1015_F_LIV_01_ASEReadCounter.table","NW_015090842.1:10236603",0,1,1
"LOC106888173","s1015_F_LIV_01_ASEReadCounter.table","NW_015090842.1:10239596",0,1,1
"LOC106888173","s1015_F_LIV_01_ASEReadCounter.table","NW_015090842.1:10240036",0,1,1
"LOC106888173","s1015_F_LIV_01_ASEReadCounter.table","NW_015090842.1:10240095",1,4,3
"LOC106888173","s1015_F_LIV_01_ASEReadCounter.table","NW_015090842.1:10240280",0,1,1
"LOC106888173","s1015_F_LIV_01_ASEReadCounter.table","NW_015090842.1:10240557",2,3,1
"LOC106888173","s1015_F_LIV_01_ASEReadCounter.table","NW_015090842.1:10240603",1,2,1
"LOC106888173","s1015_F_LIV_01_ASEReadCounter.table","NW_015090842.1:10240609",1,2,1
"LOC106888173","s1015_F_LIV_01_ASEReadCounter.table","NW_015090842.1:10240690",1,2,1
"LOC106888173","s1015_F_LIV_01_ASEReadCounter.table","NW_015090842.1:10240924",2,4,2
"LOC106888173","s1015_F_LIV_01_ASEReadCounter.table","NW_015090842.1:10241037",1,5,4
"LOC106888173","s1015_F_LIV_01_ASEReadCounter.table","NW_015090842.1:10241046",1,5,4
"LOC106888173","s1015_F_LIV_01_ASEReadCounter.table","NW_015090842.1:10241058",1,6,5
"LOC106888173","s1015_F_LIV_01_ASEReadCounter.table","NW_015090842.1:10241064",1,6,5
"LOC106888173","s1015_F_LIV_01_ASEReadCounter.table","NW_015090842.1:10241103",7,7,0
"LOC106888173","s1015_F_LIV_01_ASEReadCounter.table","NW_015090842.1:10241163",1,4,3
"LOC106888173","s1015_F_LIV_01_ASEReadCounter.table","NW_015090842.1:10241803",0,4,4
"LOC106888173","s1015_F_LIV_01_ASEReadCounter.table","NW_015090842.1:10241827",0,3,3
"LOC106888173","s1015_F_LIV_01_ASEReadCounter.table","NW_015090842.1:10241869",1,5,4
"LOC106888173","s1015_F_LIV_01_ASEReadCounter.table","NW_015090842.1:10242079",3,4,1
"LOC106888173","s1015_F_LIV_01_ASEReadCounter.table","NW_015090842.1:10242103",3,5,2
"LOC106888173","s1015_F_LIV_01_ASEReadCounter.table","NW_015090842.1:10242157",0,5,5
"LOC106888173","s1015_F_LIV_01_ASEReadCounter.table","NW_015090842.1:10242455",2,6,4
"LOC106888173","s1015_F_LIV_01_ASEReadCounter.table","NW_015090842.1:10242481",1,4,3
"LOC106888173","s1015_F_LIV_01_ASEReadCounter.table","NW_015090842.1:10242590",1,6,5
"LOC106888173","s1015_F_LIV_01_ASEReadCounter.table","NW_015090842.1:10242794",1,5,4
"LOC106888173","s1015_F_LIV_01_ASEReadCounter.table","NW_015090842.1:10242909",1,4,3
"LOC106888173","s1015_F_LIV_01_ASEReadCounter.table","NW_015090842.1:10243094",1,3,2
"LOC106888173","s1015_F_LIV_01_ASEReadCounter.table","NW_015090842.1:10243133",1,3,2
"LOC106888173","s1015_F_LIV_01_ASEReadCounter.table","NW_015090842.1:10243273",1,5,4
"LOC106888173","s1015_F_LIV_01_ASEReadCounter.table","NW_015090842.1:10243278",0,4,4
"LOC106888173","s1015_F_LIV_01_ASEReadCounter.table","NW_015090842.1:10243281",0,4,4
"LOC106888173","s1015_F_LIV_01_ASEReadCounter.table","NW_015090842.1:10243347",6,19,13
"LOC106888173","s1015_F_LIV_01_ASEReadCounter.table","NW_015090842.1:10243353",0,22,22
"LOC106888173","s1015_F_LIV_01_ASEReadCounter.table","NW_015090842.1:10243363",4,18,14
"LOC106888173","s1015_F_LIV_01_ASEReadCounter.table","NW_015090842.1:10243365",0,22,22
"LOC106888173","s1015_F_LIV_01_ASEReadCounter.table","NW_015090842.1:10243566",44,46,2
"LOC106888173","s1015_F_LIV_01_ASEReadCounter.table","NW_015090842.1:10243605",1,43,42
"LOC106888173","s1015_F_LIV_01_ASEReadCounter.table","NW_015090842.1:10243614",1,40,39
"LOC106888173","s1015_F_LIV_01_ASEReadCounter.table","NW_015090842.1:10243615",1,38,37
"LOC106888173","s1015_F_LIV_01_ASEReadCounter.table","NW_015090842.1:10243640",16,20,4
"LOC106888173","s1015_F_LIV_01_ASEReadCounter.table","NW_015090842.1:10243680",1,9,8
"LOC106888173","s1015_F_LIV_01_ASEReadCounter.table","NW_015090842.1:10243742",0,3,3
"LOC106888173","s1015_F_LIV_01_ASEReadCounter.table","NW_015090842.1:10243804",2,4,2
"LOC106888384","s1015_F_LIV_01_ASEReadCounter.table","NW_015090842.1:10244714",14,36,22
"LOC106888384","s1015_F_LIV_01_ASEReadCounter.table","NW_015090842.1:10244942",34,83,49
"LOC106888384","s1015_F_LIV_01_ASEReadCounter.table","NW_015090842.1:10244998",41,90,49
"LOC106888384","s1015_F_LIV_01_ASEReadCounter.table","NW_015090842.1:10250743",48,116,68
"LOC106888384","s1015_F_LIV_01_ASEReadCounter.table","NW_015090842.1:10250771",53,110,57
"LOC106888384","s1015_F_LIV_01_ASEReadCounter.table","NW_015090842.1:10251339",79,80,1
"LOC106888384","s1015_F_LIV_01_ASEReadCounter.table","NW_015090842.1:10251343",69,69,0
"LOC106888384","s1015_F_LIV_01_ASEReadCounter.table","NW_015090842.1:10251344",69,70,1
"LOC106888384","s1015_F_LIV_01_ASEReadCounter.table","NW_015090842.1:10251349",61,61,0
"LOC106888384","s1015_F_LIV_01_ASEReadCounter.table","NW_015090842.1:10251354",61,62,1
"LOC106888384","s1015_F_LIV_01_ASEReadCounter.table","NW_015090842.1:10251358",57,58,1
"LOC106888384","s1015_F_LIV_01_ASEReadCounter.table","NW_015090842.1:10251369",21,42,21
"LOC106888384","s1015_F_LIV_01_ASEReadCounter.table","NW_015090842.1:10251370",39,40,1
"LOC106888384","s1015_F_LIV_01_ASEReadCounter.table","NW_015090842.1:10251375",31,32,1
"LOC106888384","s1015_F_LIV_01_ASEReadCounter.table","NW_015090842.1:10251388",3,4,1
"LOC106888384","s1015_F_LIV_01_ASEReadCounter.table","NW_015090842.1:10251390",3,4,1
"LOC106888384","s1015_F_LIV_01_ASEReadCounter.table","NW_015090842.1:10251393",0,1,1
"LOC106888384","s1015_F_LIV_01_ASEReadCounter.table","NW_015090842.1:10251399",0,1,1
"LOC106888384","s1015_F_LIV_01_ASEReadCounter.table","NW_015090842.1:10251492",3,3,0
"LOC106888384","s1015_F_LIV_01_ASEReadCounter.table","NW_015090842.1:10253165",98,227,129
"LOC106888384","s1015_F_LIV_01_ASEReadCounter.table","NW_015090842.1:10253284",82,207,125
"LOC106888384","s1015_F_LIV_01_ASEReadCounter.table","NW_015090842.1:10254028",134,301,167
"LOC106888384","s1015_F_LIV_01_ASEReadCounter.table","NW_015090842.1:10254227",100,232,132
"LOC106888384","s1015_F_LIV_01_ASEReadCounter.table","NW_015090842.1:10254233",105,252,147
"LOC106888384","s1015_F_LIV_01_ASEReadCounter.table","NW_015090842.1:10254263",137,292,155
"LOC106888384","s1015_F_LIV_01_ASEReadCounter.table","NW_015090842.1:10254293",122,273,151
"LOC106888384","s1015_F_LIV_01_ASEReadCounter.table","NW_015090842.1:10254570",111,284,173
"LOC106888384","s1015_F_LIV_01_ASEReadCounter.table","NW_015090842.1:10254605",242,242,0
"LOC106888384","s1015_F_LIV_01_ASEReadCounter.table","NW_015090842.1:10254608",243,243,0
"LOC106888384","s1015_F_LIV_01_ASEReadCounter.table","NW_015090842.1:10254618",173,173,0
"LOC106888384","s1015_F_LIV_01_ASEReadCounter.table","NW_015090842.1:10254620",150,151,1
"LOC106888384","s1015_F_LIV_01_ASEReadCounter.table","NW_015090842.1:10254623",138,138,0
"LOC106888384","s1015_F_LIV_01_ASEReadCounter.table","NW_015090842.1:10254624",109,109,0
"LOC106888384","s1015_F_LIV_01_ASEReadCounter.table","NW_015090842.1:10254627",151,151,0
"LOC106888384","s1015_F_LIV_01_ASEReadCounter.table","NW_015090842.1:10254629",135,135,0
"LOC106888384","s1015_F_LIV_01_ASEReadCounter.table","NW_015090842.1:10254647",16,89,73
"LOC106888384","s1015_F_LIV_01_ASEReadCounter.table","NW_015090842.1:10254663",4,57,53
"LOC106888384","s1015_F_LIV_01_ASEReadCounter.table","NW_015090842.1:10254840",31,117,86
"LOC106888384","s1015_F_LIV_01_ASEReadCounter.table","NW_015090842.1:10254891",152,152,0
"LOC106888384","s1015_F_LIV_01_ASEReadCounter.table","NW_015090842.1:10254900",35,157,122
"LOC106888384","s1015_F_LIV_01_ASEReadCounter.table","NW_015090842.1:10254915",37,170,133
"LOC106888384","s1015_F_LIV_01_ASEReadCounter.table","NW_015090842.1:10254965",109,109,0
"LOC106888384","s1015_F_LIV_01_ASEReadCounter.table","NW_015090842.1:10254975",36,117,81
"LOC106888384","s1015_F_LIV_01_ASEReadCounter.table","NW_015090842.1:10255077",88,210,122
"LOC106888384","s1015_F_LIV_01_ASEReadCounter.table","NW_015090842.1:10255117",86,204,118
"LOC106888384","s1015_F_LIV_01_ASEReadCounter.table","NW_015090842.1:10255138",75,198,123
"LOC106888384","s1015_F_LIV_01_ASEReadCounter.table","NW_015090842.1:10255139",75,195,120
"LOC106888384","s1015_F_LIV_01_ASEReadCounter.table","NW_015090842.1:10255209",80,223,143
"LOC106888384","s1015_F_LIV_01_ASEReadCounter.table","NW_015090842.1:10255211",86,214,128
"LOC106888384","s1015_F_LIV_01_ASEReadCounter.table","NW_015090842.1:10255236",93,221,128
"LOC106888384","s1015_F_LIV_01_ASEReadCounter.table","NW_015090842.1:10255262",86,223,137
"LOC106888384","s1015_F_LIV_01_ASEReadCounter.table","NW_015090842.1:10255264",87,242,155
"LOC106888384","s1015_F_LIV_01_ASEReadCounter.table","NW_015090842.1:10255306",140,306,166
"LOC106888384","s1015_F_LIV_01_ASEReadCounter.table","NW_015090842.1:10255340",158,348,190
"LOC106888384","s1015_F_LIV_01_ASEReadCounter.table","NW_015090842.1:10255410",147,336,189
"LOC106888384","s1015_F_LIV_01_ASEReadCounter.table","NW_015090842.1:10255449",143,307,164
"LOC106888384","s1015_F_LIV_01_ASEReadCounter.table","NW_015090842.1:10255496",135,310,175
"LOC106888384","s1015_F_LIV_01_ASEReadCounter.table","NW_015090842.1:10255505",111,267,156
"LOC106888384","s1015_F_LIV_01_ASEReadCounter.table","NW_015090842.1:10255531",130,291,161
"LOC106888384","s1015_F_LIV_01_ASEReadCounter.table","NW_015090842.1:10255608",166,314,148
"LOC106888384","s1015_F_LIV_01_ASEReadCounter.table","NW_015090842.1:10255704",131,252,121
"LOC106888384","s1015_F_LIV_01_ASEReadCounter.table","NW_015090842.1:10255731",115,219,104
"LOC106888384","s1015_F_LIV_01_ASEReadCounter.table","NW_015090842.1:10255771",63,120,57
"TANGO6","s1015_F_LIV_01_ASEReadCounter.table","NW_015090842.1:10257782",7,10,3
"TANGO6","s1015_F_LIV_01_ASEReadCounter.table","NW_015090842.1:10258162",8,14,6
"TANGO6","s1015_F_LIV_01_ASEReadCounter.table","NW_015090842.1:10258185",11,15,4
"TANGO6","s1015_F_LIV_01_ASEReadCounter.table","NW_015090842.1:10259267",4,8,4
"TANGO6","s1015_F_LIV_01_ASEReadCounter.table","NW_015090842.1:10260250",22,39,17
"TANGO6","s1015_F_LIV_01_ASEReadCounter.table","NW_015090842.1:10260289",23,41,18
"TANGO6","s1015_F_LIV_01_ASEReadCounter.table","NW_015090842.1:10260309",22,35,13
"TANGO6","s1015_F_LIV_01_ASEReadCounter.table","NW_015090842.1:10260979",17,26,9
"TANGO6","s1015_F_LIV_01_ASEReadCounter.table","NW_015090842.1:10261599",15,22,7
"TANGO6","s1015_F_LIV_01_ASEReadCounter.table","NW_015090842.1:10268425",26,43,17
"TANGO6","s1015_F_LIV_01_ASEReadCounter.table","NW_015090842.1:10269831",37,57,20
"TANGO6","s1015_F_LIV_01_ASEReadCounter.table","NW_015090842.1:10270813",28,46,18
"TANGO6","s1015_F_LIV_01_ASEReadCounter.table","NW_015090842.1:10274018",27,39,12
"TANGO6","s1015_F_LIV_01_ASEReadCounter.table","NW_015090842.1:10275974",31,44,13
"TANGO6","s1015_F_LIV_01_ASEReadCounter.table","NW_015090842.1:10275976",31,43,12
"TANGO6","s1015_F_LIV_01_ASEReadCounter.table","NW_015090842.1:10276123",17,31,14
"TANGO6","s1015_F_LIV_01_ASEReadCounter.table","NW_015090842.1:10276271",23,38,15
"TANGO6","s1015_F_LIV_01_ASEReadCounter.table","NW_015090842.1:10276272",22,37,15
"TANGO6","s1015_F_LIV_01_ASEReadCounter.table","NW_015090842.1:10276275",21,36,15
"TANGO6","s1015_F_LIV_01_ASEReadCounter.table","NW_015090842.1:10276278",23,39,16
"TANGO6","s1015_F_LIV_01_ASEReadCounter.table","NW_015090842.1:10276368",16,30,14
"TANGO6","s1015_F_LIV_01_ASEReadCounter.table","NW_015090842.1:10276373",15,26,11
"TANGO6","s1015_F_LIV_01_ASEReadCounter.table","NW_015090842.1:10276630",22,32,10
"TANGO6","s1015_F_LIV_01_ASEReadCounter.table","NW_015090842.1:10281498",32,55,23
"TANGO6","s1015_F_LIV_01_ASEReadCounter.table","NW_015090842.1:10281516",35,57,22
"TANGO6","s1015_F_LIV_01_ASEReadCounter.table","NW_015090842.1:10282842",37,59,22
"TANGO6","s1015_F_LIV_01_ASEReadCounter.table","NW_015090842.1:10282863",25,41,16
"TANGO6","s1015_F_LIV_01_ASEReadCounter.table","NW_015090842.1:10282869",24,39,15
"TANGO6","s1015_F_LIV_01_ASEReadCounter.table","NW_015090842.1:10282903",23,43,20
"TANGO6","s1015_F_LIV_01_ASEReadCounter.table","NW_015090842.1:10283757",23,39,16
"TANGO6","s1015_F_LIV_01_ASEReadCounter.table","NW_015090842.1:10283785",25,38,13
"CHTF8","s1015_F_LIV_01_ASEReadCounter.table","NW_015090842.1:10291491",1,4,3
"CHTF8","s1015_F_LIV_01_ASEReadCounter.table","NW_015090842.1:10291520",3,8,5
"CHTF8","s1015_F_LIV_01_ASEReadCounter.table","NW_015090842.1:10291593",4,6,2
"CHTF8","s1015_F_LIV_01_ASEReadCounter.table","NW_015090842.1:10291600",5,9,4
"CHTF8","s1015_F_LIV_01_ASEReadCounter.table","NW_015090842.1:10291609",5,8,3
"CHTF8","s1015_F_LIV_01_ASEReadCounter.table","NW_015090842.1:10291639",2,6,4
"CHTF8","s1015_F_LIV_01_ASEReadCounter.table","NW_015090842.1:10291641",2,7,5
"CHTF8","s1015_F_LIV_01_ASEReadCounter.table","NW_015090842.1:10291648",4,10,6
"CHTF8","s1015_F_LIV_01_ASEReadCounter.table","NW_015090842.1:10291656",4,10,6
"CHTF8","s1015_F_LIV_01_ASEReadCounter.table","NW_015090842.1:10291675",5,12,7
"CHTF8","s1015_F_LIV_01_ASEReadCounter.table","NW_015090842.1:10291696",5,12,7
"CHTF8","s1015_F_LIV_01_ASEReadCounter.table","NW_015090842.1:10291714",5,11,6
"CHTF8","s1015_F_LIV_01_ASEReadCounter.table","NW_015090842.1:10291732",10,15,5
"CHTF8","s1015_F_LIV_01_ASEReadCounter.table","NW_015090842.1:10291755",8,13,5
"CHTF8","s1015_F_LIV_01_ASEReadCounter.table","NW_015090842.1:10291756",8,13,5
"CHTF8","s1015_F_LIV_01_ASEReadCounter.table","NW_015090842.1:10291758",8,13,5
"CHTF8","s1015_F_LIV_01_ASEReadCounter.table","NW_015090842.1:10291792",11,16,5
"CHTF8","s1015_F_LIV_01_ASEReadCounter.table","NW_015090842.1:10291895",10,12,2
"CHTF8","s1015_F_LIV_01_ASEReadCounter.table","NW_015090842.1:10292132",6,10,4
"CHTF8","s1015_F_LIV_01_ASEReadCounter.table","NW_015090842.1:10292314",10,15,5
"CHTF8","s1015_F_LIV_01_ASEReadCounter.table","NW_015090842.1:10292317",10,15,5
"CHTF8","s1015_F_LIV_01_ASEReadCounter.table","NW_015090842.1:10292928",1,3,2
"UTP4","s1015_F_LIV_01_ASEReadCounter.table","NW_015090842.1:10293146",35,61,26
"UTP4","s1015_F_LIV_01_ASEReadCounter.table","NW_015090842.1:10293151",34,59,25
"UTP4","s1015_F_LIV_01_ASEReadCounter.table","NW_015090842.1:10293191",22,46,24
"UTP4","s1015_F_LIV_01_ASEReadCounter.table","NW_015090842.1:10293362",14,43,29
"UTP4","s1015_F_LIV_01_ASEReadCounter.table","NW_015090842.1:10293430",19,49,30
"UTP4","s1015_F_LIV_01_ASEReadCounter.table","NW_015090842.1:10293625",28,59,31
"UTP4","s1015_F_LIV_01_ASEReadCounter.table","NW_015090842.1:10293684",25,52,27
"UTP4","s1015_F_LIV_01_ASEReadCounter.table","NW_015090842.1:10294093",25,48,23
"UTP4","s1015_F_LIV_01_ASEReadCounter.table","NW_015090842.1:10294622",23,57,34
"UTP4","s1015_F_LIV_01_ASEReadCounter.table","NW_015090842.1:10294632",24,58,34
"UTP4","s1015_F_LIV_01_ASEReadCounter.table","NW_015090842.1:10295238",26,66,40
"UTP4","s1015_F_LIV_01_ASEReadCounter.table","NW_015090842.1:10295880",22,68,46
"UTP4","s1015_F_LIV_01_ASEReadCounter.table","NW_015090842.1:10295884",22,70,48
"UTP4","s1015_F_LIV_01_ASEReadCounter.table","NW_015090842.1:10295903",20,62,42
"UTP4","s1015_F_LIV_01_ASEReadCounter.table","NW_015090842.1:10295906",19,60,41
"UTP4","s1015_F_LIV_01_ASEReadCounter.table","NW_015090842.1:10295915",18,57,39
"UTP4","s1015_F_LIV_01_ASEReadCounter.table","NW_015090842.1:10295938",17,58,41
"UTP4","s1015_F_LIV_01_ASEReadCounter.table","NW_015090842.1:10296175",20,54,34
"UTP4","s1015_F_LIV_01_ASEReadCounter.table","NW_015090842.1:10296660",22,65,43
"UTP4","s1015_F_LIV_01_ASEReadCounter.table","NW_015090842.1:10296679",20,66,46
"UTP4","s1015_F_LIV_01_ASEReadCounter.table","NW_015090842.1:10297193",22,71,49
"UTP4","s1015_F_LIV_01_ASEReadCounter.table","NW_015090842.1:10297220",27,75,48
"UTP4","s1015_F_LIV_01_ASEReadCounter.table","NW_015090842.1:10297307",32,93,61
"UTP4","s1015_F_LIV_01_ASEReadCounter.table","NW_015090842.1:10297558",31,84,53
"UTP4","s1015_F_LIV_01_ASEReadCounter.table","NW_015090842.1:10297943",28,75,47
"UTP4","s1015_F_LIV_01_ASEReadCounter.table","NW_015090842.1:10297979",28,77,49
"UTP4","s1015_F_LIV_01_ASEReadCounter.table","NW_015090842.1:10298022",24,56,32
"UTP4","s1015_F_LIV_01_ASEReadCounter.table","NW_015090842.1:10298079",3,16,13
"UTP4","s1015_F_LIV_01_ASEReadCounter.table","NW_015090842.1:10298081",3,15,12
"UTP4","s1015_F_LIV_01_ASEReadCounter.table","NW_015090842.1:10298082",3,16,13
"SNTB2","s1015_F_LIV_01_ASEReadCounter.table","NW_015090842.1:10298905",1,2,1
"SNTB2","s1015_F_LIV_01_ASEReadCounter.table","NW_015090842.1:10298928",1,3,2
"SNTB2","s1015_F_LIV_01_ASEReadCounter.table","NW_015090842.1:10303506",11,25,14
"SNTB2","s1015_F_LIV_01_ASEReadCounter.table","NW_015090842.1:10303524",9,24,15
"SNTB2","s1015_F_LIV_01_ASEReadCounter.table","NW_015090842.1:10304059",7,18,11
"SNTB2","s1015_F_LIV_01_ASEReadCounter.table","NW_015090842.1:10304089",8,20,12
"SNTB2","s1015_F_LIV_01_ASEReadCounter.table","NW_015090842.1:10304167",9,16,7
"SNTB2","s1015_F_LIV_01_ASEReadCounter.table","NW_015090842.1:10304176",9,15,6
"SNTB2","s1015_F_LIV_01_ASEReadCounter.table","NW_015090842.1:10305069",5,15,10
"SNTB2","s1015_F_LIV_01_ASEReadCounter.table","NW_015090842.1:10305099",5,20,15
"SNTB2","s1015_F_LIV_01_ASEReadCounter.table","NW_015090842.1:10305171",8,24,16
"SNTB2","s1015_F_LIV_01_ASEReadCounter.table","NW_015090842.1:10305177",7,23,16
"SNTB2","s1015_F_LIV_01_ASEReadCounter.table","NW_015090842.1:10305451",3,13,10
"SNTB2","s1015_F_LIV_01_ASEReadCounter.table","NW_015090842.1:10305547",4,21,17
"SNTB2","s1015_F_LIV_01_ASEReadCounter.table","NW_015090842.1:10305847",6,12,6
"SNTB2","s1015_F_LIV_01_ASEReadCounter.table","NW_015090842.1:10306173",7,20,13
"SNTB2","s1015_F_LIV_01_ASEReadCounter.table","NW_015090842.1:10306275",6,13,7
"SNTB2","s1015_F_LIV_01_ASEReadCounter.table","NW_015090842.1:10306457",6,18,12
"SNTB2","s1015_F_LIV_01_ASEReadCounter.table","NW_015090842.1:10306496",8,22,14
"SNTB2","s1015_F_LIV_01_ASEReadCounter.table","NW_015090842.1:10306499",9,22,13
"VPS4A","s1015_F_LIV_01_ASEReadCounter.table","NW_015090842.1:10308566",61,135,74
"VPS4A","s1015_F_LIV_01_ASEReadCounter.table","NW_015090842.1:10308573",61,136,75
"VPS4A","s1015_F_LIV_01_ASEReadCounter.table","NW_015090842.1:10308856",86,185,99
"VPS4A","s1015_F_LIV_01_ASEReadCounter.table","NW_015090842.1:10309056",125,262,137
"VPS4A","s1015_F_LIV_01_ASEReadCounter.table","NW_015090842.1:10309089",146,311,165
"VPS4A","s1015_F_LIV_01_ASEReadCounter.table","NW_015090842.1:10309392",126,259,133
"VPS4A","s1015_F_LIV_01_ASEReadCounter.table","NW_015090842.1:10309413",124,271,147
"VPS4A","s1015_F_LIV_01_ASEReadCounter.table","NW_015090842.1:10309467",131,299,168
"VPS4A","s1015_F_LIV_01_ASEReadCounter.table","NW_015090842.1:10310230",153,295,142
"VPS4A","s1015_F_LIV_01_ASEReadCounter.table","NW_015090842.1:10310425",127,290,163
"VPS4A","s1015_F_LIV_01_ASEReadCounter.table","NW_015090842.1:10310639",125,288,163
"VPS4A","s1015_F_LIV_01_ASEReadCounter.table","NW_015090842.1:10310734",112,237,125
"VPS4A","s1015_F_LIV_01_ASEReadCounter.table","NW_015090842.1:10310737",118,246,128
"VPS4A","s1015_F_LIV_01_ASEReadCounter.table","NW_015090842.1:10310746",109,237,128
"VPS4A","s1015_F_LIV_01_ASEReadCounter.table","NW_015090842.1:10310767",107,231,124
"VPS4A","s1015_F_LIV_01_ASEReadCounter.table","NW_015090842.1:10310995",123,276,153
"VPS4A","s1015_F_LIV_01_ASEReadCounter.table","NW_015090842.1:10311004",120,272,152
"VPS4A","s1015_F_LIV_01_ASEReadCounter.table","NW_015090842.1:10311007",115,277,162
"VPS4A","s1015_F_LIV_01_ASEReadCounter.table","NW_015090842.1:10311013",130,290,160
"VPS4A","s1015_F_LIV_01_ASEReadCounter.table","NW_015090842.1:10311022",110,271,161
"VPS4A","s1015_F_LIV_01_ASEReadCounter.table","NW_015090842.1:10311023",111,269,158
"VPS4A","s1015_F_LIV_01_ASEReadCounter.table","NW_015090842.1:10311426",125,268,143
"VPS4A","s1015_F_LIV_01_ASEReadCounter.table","NW_015090842.1:10311489",1,7,6
"VPS4A","s1015_F_LIV_01_ASEReadCounter.table","NW_015090842.1:10311490",1,6,5
"VPS4A","s1015_F_LIV_01_ASEReadCounter.table","NW_015090842.1:10311525",4,10,6
"VPS4A","s1015_F_LIV_01_ASEReadCounter.table","NW_015090842.1:10311529",5,15,10
"VPS4A","s1015_F_LIV_01_ASEReadCounter.table","NW_015090842.1:10311530",5,18,13
"VPS4A","s1015_F_LIV_01_ASEReadCounter.table","NW_015090842.1:10311552",17,39,22
"VPS4A","s1015_F_LIV_01_ASEReadCounter.table","NW_015090842.1:10311689",11,35,24
"VPS4A","s1015_F_LIV_01_ASEReadCounter.table","NW_015090842.1:10311700",17,42,25
"VPS4A","s1015_F_LIV_01_ASEReadCounter.table","NW_015090842.1:10311701",16,42,26
"VPS4A","s1015_F_LIV_01_ASEReadCounter.table","NW_015090842.1:10311703",17,42,25
"COG8","s1015_F_LIV_01_ASEReadCounter.table","NW_015090842.1:10313487",14,34,20
"COG8","s1015_F_LIV_01_ASEReadCounter.table","NW_015090842.1:10313559",34,56,22
"COG8","s1015_F_LIV_01_ASEReadCounter.table","NW_015090842.1:10313579",26,46,20
"COG8","s1015_F_LIV_01_ASEReadCounter.table","NW_015090842.1:10313665",11,26,15
"COG8","s1015_F_LIV_01_ASEReadCounter.table","NW_015090842.1:10313681",15,32,17
"COG8","s1015_F_LIV_01_ASEReadCounter.table","NW_015090842.1:10313768",30,56,26
"COG8","s1015_F_LIV_01_ASEReadCounter.table","NW_015090842.1:10313775",29,55,26
"COG8","s1015_F_LIV_01_ASEReadCounter.table","NW_015090842.1:10313811",17,35,18
"COG8","s1015_F_LIV_01_ASEReadCounter.table","NW_015090842.1:10313858",11,28,17
"COG8","s1015_F_LIV_01_ASEReadCounter.table","NW_015090842.1:10314100",16,40,24
"COG8","s1015_F_LIV_01_ASEReadCounter.table","NW_015090842.1:10314213",21,50,29
"COG8","s1015_F_LIV_01_ASEReadCounter.table","NW_015090842.1:10315093",20,43,23
"COG8","s1015_F_LIV_01_ASEReadCounter.table","NW_015090842.1:10315162",18,43,25
"COG8","s1015_F_LIV_01_ASEReadCounter.table","NW_015090842.1:10315285",20,55,35
"COG8","s1015_F_LIV_01_ASEReadCounter.table","NW_015090842.1:10315360",17,52,35
"COG8","s1015_F_LIV_01_ASEReadCounter.table","NW_015090842.1:10315369",21,60,39
"COG8","s1015_F_LIV_01_ASEReadCounter.table","NW_015090842.1:10315504",17,38,21
"COG8","s1015_F_LIV_01_ASEReadCounter.table","NW_015090842.1:10315508",17,39,22
"COG8","s1015_F_LIV_01_ASEReadCounter.table","NW_015090842.1:10315624",18,47,29
"COG8","s1015_F_LIV_01_ASEReadCounter.table","NW_015090842.1:10315693",12,36,24
"COG8","s1015_F_LIV_01_ASEReadCounter.table","NW_015090842.1:10315698",9,34,25
"COG8","s1015_F_LIV_01_ASEReadCounter.table","NW_015090842.1:10315768",8,28,20
"COG8","s1015_F_LIV_01_ASEReadCounter.table","NW_015090842.1:10315769",8,28,20
"COG8","s1015_F_LIV_01_ASEReadCounter.table","NW_015090842.1:10315784",10,27,17
"COG8","s1015_F_LIV_01_ASEReadCounter.table","NW_015090842.1:10316093",14,32,18
"COG8","s1015_F_LIV_01_ASEReadCounter.table","NW_015090842.1:10316133",10,24,14
"NIP7","s1015_F_LIV_01_ASEReadCounter.table","NW_015090842.1:10316759",26,49,23
"NIP7","s1015_F_LIV_01_ASEReadCounter.table","NW_015090842.1:10316967",124,252,128
"NIP7","s1015_F_LIV_01_ASEReadCounter.table","NW_015090842.1:10316995",127,260,133
"NIP7","s1015_F_LIV_01_ASEReadCounter.table","NW_015090842.1:10317240",148,304,156
"NIP7","s1015_F_LIV_01_ASEReadCounter.table","NW_015090842.1:10317247",145,288,143
"NIP7","s1015_F_LIV_01_ASEReadCounter.table","NW_015090842.1:10317264",143,266,123
"NIP7","s1015_F_LIV_01_ASEReadCounter.table","NW_015090842.1:10317433",163,336,173
"NIP7","s1015_F_LIV_01_ASEReadCounter.table","NW_015090842.1:10317738",112,249,137
"NIP7","s1015_F_LIV_01_ASEReadCounter.table","NW_015090842.1:10317769",126,264,138
"NIP7","s1015_F_LIV_01_ASEReadCounter.table","NW_015090842.1:10317808",89,180,91
"NIP7","s1015_F_LIV_01_ASEReadCounter.table","NW_015090842.1:10317870",50,117,67
"NIP7","s1015_F_LIV_01_ASEReadCounter.table","NW_015090842.1:10317871",50,116,66
"NIP7","s1015_F_LIV_01_ASEReadCounter.table","NW_015090842.1:10317898",39,90,51
"NIP7","s1015_F_LIV_01_ASEReadCounter.table","NW_015090842.1:10317911",36,78,42
"TMED6","s1015_F_LIV_01_ASEReadCounter.table","NW_015090842.1:10318731",4,4,0
"TERF2","s1015_F_LIV_01_ASEReadCounter.table","NW_015090842.1:10321665",7,7,0
"TERF2","s1015_F_LIV_01_ASEReadCounter.table","NW_015090842.1:10321768",17,36,19
"TERF2","s1015_F_LIV_01_ASEReadCounter.table","NW_015090842.1:10321777",17,35,18
"TERF2","s1015_F_LIV_01_ASEReadCounter.table","NW_015090842.1:10321805",14,43,29
"TERF2","s1015_F_LIV_01_ASEReadCounter.table","NW_015090842.1:10321878",13,54,41
"TERF2","s1015_F_LIV_01_ASEReadCounter.table","NW_015090842.1:10321893",3,52,49
"TERF2","s1015_F_LIV_01_ASEReadCounter.table","NW_015090842.1:10321897",10,45,35
"TERF2","s1015_F_LIV_01_ASEReadCounter.table","NW_015090842.1:10321908",11,40,29
"TERF2","s1015_F_LIV_01_ASEReadCounter.table","NW_015090842.1:10322001",24,68,44
"TERF2","s1015_F_LIV_01_ASEReadCounter.table","NW_015090842.1:10322035",18,49,31
"TERF2","s1015_F_LIV_01_ASEReadCounter.table","NW_015090842.1:10322051",20,57,37
"TERF2","s1015_F_LIV_01_ASEReadCounter.table","NW_015090842.1:10322137",19,59,40
"TERF2","s1015_F_LIV_01_ASEReadCounter.table","NW_015090842.1:10322144",22,60,38
"TERF2","s1015_F_LIV_01_ASEReadCounter.table","NW_015090842.1:10322388",15,55,40
"TERF2","s1015_F_LIV_01_ASEReadCounter.table","NW_015090842.1:10322396",16,48,32
"TERF2","s1015_F_LIV_01_ASEReadCounter.table","NW_015090842.1:10322502",33,84,51
"TERF2","s1015_F_LIV_01_ASEReadCounter.table","NW_015090842.1:10322504",33,84,51
"TERF2","s1015_F_LIV_01_ASEReadCounter.table","NW_015090842.1:10322510",32,85,53
"TERF2","s1015_F_LIV_01_ASEReadCounter.table","NW_015090842.1:10323580",27,75,48
"TERF2","s1015_F_LIV_01_ASEReadCounter.table","NW_015090842.1:10324314",22,67,45
"TERF2","s1015_F_LIV_01_ASEReadCounter.table","NW_015090842.1:10326832",16,41,25
"TERF2","s1015_F_LIV_01_ASEReadCounter.table","NW_015090842.1:10327787",11,34,23
"TERF2","s1015_F_LIV_01_ASEReadCounter.table","NW_015090842.1:10328588",19,46,27
"TERF2","s1015_F_LIV_01_ASEReadCounter.table","NW_015090842.1:10328644",17,46,29
"TERF2","s1015_F_LIV_01_ASEReadCounter.table","NW_015090842.1:10329813",16,44,28
"TERF2","s1015_F_LIV_01_ASEReadCounter.table","NW_015090842.1:10330749",20,42,22
"TERF2","s1015_F_LIV_01_ASEReadCounter.table","NW_015090842.1:10330789",18,40,22
"CYB5B","s1015_F_LIV_01_ASEReadCounter.table","NW_015090842.1:10336595",5,18,13
"CYB5B","s1015_F_LIV_01_ASEReadCounter.table","NW_015090842.1:10336667",59,155,96
"CYB5B","s1015_F_LIV_01_ASEReadCounter.table","NW_015090842.1:10336689",95,225,130
"CYB5B","s1015_F_LIV_01_ASEReadCounter.table","NW_015090842.1:10336728",148,336,188
"CYB5B","s1015_F_LIV_01_ASEReadCounter.table","NW_015090842.1:10345068",127,312,185
"CYB5B","s1015_F_LIV_01_ASEReadCounter.table","NW_015090842.1:10348800",163,399,236
"CYB5B","s1015_F_LIV_01_ASEReadCounter.table","NW_015090842.1:10348888",134,288,154
"CYB5B","s1015_F_LIV_01_ASEReadCounter.table","NW_015090842.1:10349046",127,291,164
"CYB5B","s1015_F_LIV_01_ASEReadCounter.table","NW_015090842.1:10349119",69,252,183
"CYB5B","s1015_F_LIV_01_ASEReadCounter.table","NW_015090842.1:10349146",26,217,191
"CYB5B","s1015_F_LIV_01_ASEReadCounter.table","NW_015090842.1:10349157",46,243,197
