"gene","id","snp","ref_count","total_count","alt_count"
"CENPN","s1319_FAE_M_BLOOD_ASEReadCounter.table","NW_015090842.1:5801612",0,3,3
"CENPN","s1319_FAE_M_BLOOD_ASEReadCounter.table","NW_015090842.1:5801618",0,3,3
"CENPN","s1319_FAE_M_BLOOD_ASEReadCounter.table","NW_015090842.1:5801623",0,3,3
"CENPN","s1319_FAE_M_BLOOD_ASEReadCounter.table","NW_015090842.1:5801631",0,3,3
"CENPN","s1319_FAE_M_BLOOD_ASEReadCounter.table","NW_015090842.1:5801632",0,6,6
"CENPN","s1319_FAE_M_BLOOD_ASEReadCounter.table","NW_015090842.1:5801655",0,6,6
"CENPN","s1319_FAE_M_BLOOD_ASEReadCounter.table","NW_015090842.1:5801662",0,7,7
"CENPN","s1319_FAE_M_BLOOD_ASEReadCounter.table","NW_015090842.1:5801670",0,7,7
"CENPN","s1319_FAE_M_BLOOD_ASEReadCounter.table","NW_015090842.1:5801674",0,8,8
"CENPN","s1319_FAE_M_BLOOD_ASEReadCounter.table","NW_015090842.1:5801692",0,6,6
"CENPN","s1319_FAE_M_BLOOD_ASEReadCounter.table","NW_015090842.1:5801697",0,5,5
"CENPN","s1319_FAE_M_BLOOD_ASEReadCounter.table","NW_015090842.1:5802008",3,9,6
"CENPN","s1319_FAE_M_BLOOD_ASEReadCounter.table","NW_015090842.1:5802012",3,10,7
"CENPN","s1319_FAE_M_BLOOD_ASEReadCounter.table","NW_015090842.1:5802087",4,11,7
"CENPN","s1319_FAE_M_BLOOD_ASEReadCounter.table","NW_015090842.1:5810113",1,1,0
"CENPN","s1319_FAE_M_BLOOD_ASEReadCounter.table","NW_015090842.1:5810147",1,1,0
"CENPN","s1319_FAE_M_BLOOD_ASEReadCounter.table","NW_015090842.1:5810148",1,1,0
"ATMIN","s1319_FAE_M_BLOOD_ASEReadCounter.table","NW_015090842.1:5818789",49,83,34
"ATMIN","s1319_FAE_M_BLOOD_ASEReadCounter.table","NW_015090842.1:5819958",49,89,40
"ATMIN","s1319_FAE_M_BLOOD_ASEReadCounter.table","NW_015090842.1:5820004",66,127,61
"ATMIN","s1319_FAE_M_BLOOD_ASEReadCounter.table","NW_015090842.1:5820217",35,68,33
"ATMIN","s1319_FAE_M_BLOOD_ASEReadCounter.table","NW_015090842.1:5820250",52,85,33
"ATMIN","s1319_FAE_M_BLOOD_ASEReadCounter.table","NW_015090842.1:5820298",68,100,32
"ATMIN","s1319_FAE_M_BLOOD_ASEReadCounter.table","NW_015090842.1:5820417",43,76,33
"ATMIN","s1319_FAE_M_BLOOD_ASEReadCounter.table","NW_015090842.1:5820421",46,77,31
"ATMIN","s1319_FAE_M_BLOOD_ASEReadCounter.table","NW_015090842.1:5820448",41,71,30
"ATMIN","s1319_FAE_M_BLOOD_ASEReadCounter.table","NW_015090842.1:5820457",39,70,31
"ATMIN","s1319_FAE_M_BLOOD_ASEReadCounter.table","NW_015090842.1:5820510",45,77,32
"ATMIN","s1319_FAE_M_BLOOD_ASEReadCounter.table","NW_015090842.1:5820673",36,75,39
"ATMIN","s1319_FAE_M_BLOOD_ASEReadCounter.table","NW_015090842.1:5820754",35,72,37
"ATMIN","s1319_FAE_M_BLOOD_ASEReadCounter.table","NW_015090842.1:5820820",48,90,42
"ATMIN","s1319_FAE_M_BLOOD_ASEReadCounter.table","NW_015090842.1:5820865",53,89,36
"ATMIN","s1319_FAE_M_BLOOD_ASEReadCounter.table","NW_015090842.1:5820889",49,84,35
"ATMIN","s1319_FAE_M_BLOOD_ASEReadCounter.table","NW_015090842.1:5820891",49,86,37
"ATMIN","s1319_FAE_M_BLOOD_ASEReadCounter.table","NW_015090842.1:5820997",53,101,48
"ATMIN","s1319_FAE_M_BLOOD_ASEReadCounter.table","NW_015090842.1:5821063",43,81,38
"ATMIN","s1319_FAE_M_BLOOD_ASEReadCounter.table","NW_015090842.1:5821132",50,89,39
"ATMIN","s1319_FAE_M_BLOOD_ASEReadCounter.table","NW_015090842.1:5821645",63,110,47
"ATMIN","s1319_FAE_M_BLOOD_ASEReadCounter.table","NW_015090842.1:5825066",45,75,30
"ATMIN","s1319_FAE_M_BLOOD_ASEReadCounter.table","NW_015090842.1:5825106",48,83,35
"ATMIN","s1319_FAE_M_BLOOD_ASEReadCounter.table","NW_015090842.1:5825122",35,74,39
"ATMIN","s1319_FAE_M_BLOOD_ASEReadCounter.table","NW_015090842.1:5825178",48,86,38
"ATMIN","s1319_FAE_M_BLOOD_ASEReadCounter.table","NW_015090842.1:5825194",40,83,43
"ATMIN","s1319_FAE_M_BLOOD_ASEReadCounter.table","NW_015090842.1:5825195",39,81,42
"ATMIN","s1319_FAE_M_BLOOD_ASEReadCounter.table","NW_015090842.1:5825220",30,73,43
"ATMIN","s1319_FAE_M_BLOOD_ASEReadCounter.table","NW_015090842.1:5825240",36,75,39
"ATMIN","s1319_FAE_M_BLOOD_ASEReadCounter.table","NW_015090842.1:5825303",45,78,33
"ATMIN","s1319_FAE_M_BLOOD_ASEReadCounter.table","NW_015090842.1:5825304",45,79,34
"ATMIN","s1319_FAE_M_BLOOD_ASEReadCounter.table","NW_015090842.1:5825310",46,83,37
"ATMIN","s1319_FAE_M_BLOOD_ASEReadCounter.table","NW_015090842.1:5825406",27,54,27
"ATMIN","s1319_FAE_M_BLOOD_ASEReadCounter.table","NW_015090842.1:5825415",27,51,24
"ATMIN","s1319_FAE_M_BLOOD_ASEReadCounter.table","NW_015090842.1:5825438",25,45,20
"ATMIN","s1319_FAE_M_BLOOD_ASEReadCounter.table","NW_015090842.1:5825485",32,52,20
"ATMIN","s1319_FAE_M_BLOOD_ASEReadCounter.table","NW_015090842.1:5825524",35,58,23
"ATMIN","s1319_FAE_M_BLOOD_ASEReadCounter.table","NW_015090842.1:5825557",26,52,26
"ATMIN","s1319_FAE_M_BLOOD_ASEReadCounter.table","NW_015090842.1:5825571",26,51,25
"ATMIN","s1319_FAE_M_BLOOD_ASEReadCounter.table","NW_015090842.1:5825579",26,54,28
"ATMIN","s1319_FAE_M_BLOOD_ASEReadCounter.table","NW_015090842.1:5825590",25,52,27
"ATMIN","s1319_FAE_M_BLOOD_ASEReadCounter.table","NW_015090842.1:5825689",37,70,33
"ATMIN","s1319_FAE_M_BLOOD_ASEReadCounter.table","NW_015090842.1:5825703",44,86,42
"ATMIN","s1319_FAE_M_BLOOD_ASEReadCounter.table","NW_015090842.1:5825787",36,76,40
"ATMIN","s1319_FAE_M_BLOOD_ASEReadCounter.table","NW_015090842.1:5825833",41,76,35
"ATMIN","s1319_FAE_M_BLOOD_ASEReadCounter.table","NW_015090842.1:5825841",42,79,37
"ATMIN","s1319_FAE_M_BLOOD_ASEReadCounter.table","NW_015090842.1:5825895",57,88,31
"ATMIN","s1319_FAE_M_BLOOD_ASEReadCounter.table","NW_015090842.1:5825984",33,75,42
"ATMIN","s1319_FAE_M_BLOOD_ASEReadCounter.table","NW_015090842.1:5826162",40,70,30
"ATMIN","s1319_FAE_M_BLOOD_ASEReadCounter.table","NW_015090842.1:5826194",40,69,29
"ATMIN","s1319_FAE_M_BLOOD_ASEReadCounter.table","NW_015090842.1:5826235",41,75,34
"ATMIN","s1319_FAE_M_BLOOD_ASEReadCounter.table","NW_015090842.1:5826245",38,76,38
"ATMIN","s1319_FAE_M_BLOOD_ASEReadCounter.table","NW_015090842.1:5826335",23,56,33
"ATMIN","s1319_FAE_M_BLOOD_ASEReadCounter.table","NW_015090842.1:5826417",33,64,31
"ATMIN","s1319_FAE_M_BLOOD_ASEReadCounter.table","NW_015090842.1:5826431",32,61,29
"ATMIN","s1319_FAE_M_BLOOD_ASEReadCounter.table","NW_015090842.1:5826438",33,62,29
"ATMIN","s1319_FAE_M_BLOOD_ASEReadCounter.table","NW_015090842.1:5826463",35,91,56
"ATMIN","s1319_FAE_M_BLOOD_ASEReadCounter.table","NW_015090842.1:5826502",38,84,46
"ATMIN","s1319_FAE_M_BLOOD_ASEReadCounter.table","NW_015090842.1:5826511",46,98,52
"ATMIN","s1319_FAE_M_BLOOD_ASEReadCounter.table","NW_015090842.1:5826659",43,76,33
"ATMIN","s1319_FAE_M_BLOOD_ASEReadCounter.table","NW_015090842.1:5826701",46,89,43
"ATMIN","s1319_FAE_M_BLOOD_ASEReadCounter.table","NW_015090842.1:5826702",44,87,43
"ATMIN","s1319_FAE_M_BLOOD_ASEReadCounter.table","NW_015090842.1:5826732",42,85,43
"ATMIN","s1319_FAE_M_BLOOD_ASEReadCounter.table","NW_015090842.1:5826745",38,83,45
"ATMIN","s1319_FAE_M_BLOOD_ASEReadCounter.table","NW_015090842.1:5826835",29,66,37
"ATMIN","s1319_FAE_M_BLOOD_ASEReadCounter.table","NW_015090842.1:5826942",35,69,34
"ATMIN","s1319_FAE_M_BLOOD_ASEReadCounter.table","NW_015090842.1:5827193",45,99,54
"ATMIN","s1319_FAE_M_BLOOD_ASEReadCounter.table","NW_015090842.1:5827196",43,98,55
"ATMIN","s1319_FAE_M_BLOOD_ASEReadCounter.table","NW_015090842.1:5827269",45,89,44
"ATMIN","s1319_FAE_M_BLOOD_ASEReadCounter.table","NW_015090842.1:5827315",36,75,39
"ATMIN","s1319_FAE_M_BLOOD_ASEReadCounter.table","NW_015090842.1:5827316",35,75,40
"ATMIN","s1319_FAE_M_BLOOD_ASEReadCounter.table","NW_015090842.1:5827333",35,75,40
"PKD1L2","s1319_FAE_M_BLOOD_ASEReadCounter.table","NW_015090842.1:5867660",1,1,0
"PKD1L2","s1319_FAE_M_BLOOD_ASEReadCounter.table","NW_015090842.1:5867675",2,2,0
"PKD1L2","s1319_FAE_M_BLOOD_ASEReadCounter.table","NW_015090842.1:5867843",2,2,0
"BCO1","s1319_FAE_M_BLOOD_ASEReadCounter.table","NW_015090842.1:5917912",0,1,1
"BCO1","s1319_FAE_M_BLOOD_ASEReadCounter.table","NW_015090842.1:5917941",0,1,1
"BCO1","s1319_FAE_M_BLOOD_ASEReadCounter.table","NW_015090842.1:5917971",0,1,1
"BCO1","s1319_FAE_M_BLOOD_ASEReadCounter.table","NW_015090842.1:5925669",0,2,2
"BCO1","s1319_FAE_M_BLOOD_ASEReadCounter.table","NW_015090842.1:5926937",1,2,1
"BCO1","s1319_FAE_M_BLOOD_ASEReadCounter.table","NW_015090842.1:5927921",2,3,1
"BCO1","s1319_FAE_M_BLOOD_ASEReadCounter.table","NW_015090842.1:5927948",1,2,1
"BCO1","s1319_FAE_M_BLOOD_ASEReadCounter.table","NW_015090842.1:5927968",1,3,2
"BCO1","s1319_FAE_M_BLOOD_ASEReadCounter.table","NW_015090842.1:5928052",0,1,1
"BCO1","s1319_FAE_M_BLOOD_ASEReadCounter.table","NW_015090842.1:5932726",2,2,0
"BCO1","s1319_FAE_M_BLOOD_ASEReadCounter.table","NW_015090842.1:5932801",1,1,0
"BCO1","s1319_FAE_M_BLOOD_ASEReadCounter.table","NW_015090842.1:5934608",1,1,0
"BCO1","s1319_FAE_M_BLOOD_ASEReadCounter.table","NW_015090842.1:5934647",1,1,0
"BCO1","s1319_FAE_M_BLOOD_ASEReadCounter.table","NW_015090842.1:5934958",1,1,0
"GAN","s1319_FAE_M_BLOOD_ASEReadCounter.table","NW_015090842.1:5966047",0,1,1
"GAN","s1319_FAE_M_BLOOD_ASEReadCounter.table","NW_015090842.1:5966126",0,1,1
"GAN","s1319_FAE_M_BLOOD_ASEReadCounter.table","NW_015090842.1:5966127",0,1,1
"GAN","s1319_FAE_M_BLOOD_ASEReadCounter.table","NW_015090842.1:5966162",0,1,1
"CMIP","s1319_FAE_M_BLOOD_ASEReadCounter.table","NW_015090842.1:6109159",20,42,22
"CMIP","s1319_FAE_M_BLOOD_ASEReadCounter.table","NW_015090842.1:6109166",17,36,19
"CMIP","s1319_FAE_M_BLOOD_ASEReadCounter.table","NW_015090842.1:6114641",11,24,13
"CMIP","s1319_FAE_M_BLOOD_ASEReadCounter.table","NW_015090842.1:6114751",13,26,13
"CMIP","s1319_FAE_M_BLOOD_ASEReadCounter.table","NW_015090842.1:6114824",13,27,14
"CMIP","s1319_FAE_M_BLOOD_ASEReadCounter.table","NW_015090842.1:6126295",43,43,0
"CMIP","s1319_FAE_M_BLOOD_ASEReadCounter.table","NW_015090842.1:6128998",9,26,17
"CMIP","s1319_FAE_M_BLOOD_ASEReadCounter.table","NW_015090842.1:6130562",15,47,32
"CMIP","s1319_FAE_M_BLOOD_ASEReadCounter.table","NW_015090842.1:6132522",15,34,19
"CMIP","s1319_FAE_M_BLOOD_ASEReadCounter.table","NW_015090842.1:6138265",20,54,34
"CMIP","s1319_FAE_M_BLOOD_ASEReadCounter.table","NW_015090842.1:6138300",20,55,35
"CMIP","s1319_FAE_M_BLOOD_ASEReadCounter.table","NW_015090842.1:6138342",16,51,35
"CMIP","s1319_FAE_M_BLOOD_ASEReadCounter.table","NW_015090842.1:6138343",15,48,33
"CMIP","s1319_FAE_M_BLOOD_ASEReadCounter.table","NW_015090842.1:6138345",16,51,35
"CMIP","s1319_FAE_M_BLOOD_ASEReadCounter.table","NW_015090842.1:6138647",10,42,32
"CMIP","s1319_FAE_M_BLOOD_ASEReadCounter.table","NW_015090842.1:6138745",14,48,34
"CMIP","s1319_FAE_M_BLOOD_ASEReadCounter.table","NW_015090842.1:6138832",1,15,14
"CMIP","s1319_FAE_M_BLOOD_ASEReadCounter.table","NW_015090842.1:6138967",13,32,19
"CMIP","s1319_FAE_M_BLOOD_ASEReadCounter.table","NW_015090842.1:6139131",5,13,8
"CMIP","s1319_FAE_M_BLOOD_ASEReadCounter.table","NW_015090842.1:6139163",13,21,8
"CMIP","s1319_FAE_M_BLOOD_ASEReadCounter.table","NW_015090842.1:6139212",22,28,6
"CMIP","s1319_FAE_M_BLOOD_ASEReadCounter.table","NW_015090842.1:6139360",6,13,7
"CMIP","s1319_FAE_M_BLOOD_ASEReadCounter.table","NW_015090842.1:6139572",1,6,5
"PLCG2","s1319_FAE_M_BLOOD_ASEReadCounter.table","NW_015090842.1:6179613",5,15,10
"PLCG2","s1319_FAE_M_BLOOD_ASEReadCounter.table","NW_015090842.1:6179658",8,18,10
"PLCG2","s1319_FAE_M_BLOOD_ASEReadCounter.table","NW_015090842.1:6203766",10,54,44
"PLCG2","s1319_FAE_M_BLOOD_ASEReadCounter.table","NW_015090842.1:6203775",9,56,47
"PLCG2","s1319_FAE_M_BLOOD_ASEReadCounter.table","NW_015090842.1:6203787",9,52,43
"PLCG2","s1319_FAE_M_BLOOD_ASEReadCounter.table","NW_015090842.1:6209741",16,74,58
"PLCG2","s1319_FAE_M_BLOOD_ASEReadCounter.table","NW_015090842.1:6209798",15,75,60
"PLCG2","s1319_FAE_M_BLOOD_ASEReadCounter.table","NW_015090842.1:6209816",16,77,61
"PLCG2","s1319_FAE_M_BLOOD_ASEReadCounter.table","NW_015090842.1:6217547",9,324,315
"PLCG2","s1319_FAE_M_BLOOD_ASEReadCounter.table","NW_015090842.1:6218641",6,219,213
"PLCG2","s1319_FAE_M_BLOOD_ASEReadCounter.table","NW_015090842.1:6220552",16,142,126
"PLCG2","s1319_FAE_M_BLOOD_ASEReadCounter.table","NW_015090842.1:6221969",17,139,122
"PLCG2","s1319_FAE_M_BLOOD_ASEReadCounter.table","NW_015090842.1:6228672",11,85,74
"PLCG2","s1319_FAE_M_BLOOD_ASEReadCounter.table","NW_015090842.1:6228694",13,94,81
"PLCG2","s1319_FAE_M_BLOOD_ASEReadCounter.table","NW_015090842.1:6228722",15,115,100
"PLCG2","s1319_FAE_M_BLOOD_ASEReadCounter.table","NW_015090842.1:6228747",20,152,132
"PLCG2","s1319_FAE_M_BLOOD_ASEReadCounter.table","NW_015090842.1:6228835",18,141,123
"PLCG2","s1319_FAE_M_BLOOD_ASEReadCounter.table","NW_015090842.1:6228841",17,140,123
"PLCG2","s1319_FAE_M_BLOOD_ASEReadCounter.table","NW_015090842.1:6228865",17,136,119
"PLCG2","s1319_FAE_M_BLOOD_ASEReadCounter.table","NW_015090842.1:6228917",13,115,102
"PLCG2","s1319_FAE_M_BLOOD_ASEReadCounter.table","NW_015090842.1:6228926",12,111,99
"PLCG2","s1319_FAE_M_BLOOD_ASEReadCounter.table","NW_015090842.1:6228954",6,76,70
"PLCG2","s1319_FAE_M_BLOOD_ASEReadCounter.table","NW_015090842.1:6229002",12,103,91
"PLCG2","s1319_FAE_M_BLOOD_ASEReadCounter.table","NW_015090842.1:6229006",12,104,92
"PLCG2","s1319_FAE_M_BLOOD_ASEReadCounter.table","NW_015090842.1:6229081",12,72,60
"PLCG2","s1319_FAE_M_BLOOD_ASEReadCounter.table","NW_015090842.1:6229097",10,55,45
"PLCG2","s1319_FAE_M_BLOOD_ASEReadCounter.table","NW_015090842.1:6229160",6,48,42
"PLCG2","s1319_FAE_M_BLOOD_ASEReadCounter.table","NW_015090842.1:6229213",5,57,52
"PLCG2","s1319_FAE_M_BLOOD_ASEReadCounter.table","NW_015090842.1:6229231",6,63,57
"PLCG2","s1319_FAE_M_BLOOD_ASEReadCounter.table","NW_015090842.1:6229663",13,43,30
"PLCG2","s1319_FAE_M_BLOOD_ASEReadCounter.table","NW_015090842.1:6229748",10,38,28
"PLCG2","s1319_FAE_M_BLOOD_ASEReadCounter.table","NW_015090842.1:6229892",11,40,29
"PLCG2","s1319_FAE_M_BLOOD_ASEReadCounter.table","NW_015090842.1:6230248",20,50,30
"PLCG2","s1319_FAE_M_BLOOD_ASEReadCounter.table","NW_015090842.1:6230255",19,53,34
"PLCG2","s1319_FAE_M_BLOOD_ASEReadCounter.table","NW_015090842.1:6230276",17,52,35
"PLCG2","s1319_FAE_M_BLOOD_ASEReadCounter.table","NW_015090842.1:6230296",16,46,30
"PLCG2","s1319_FAE_M_BLOOD_ASEReadCounter.table","NW_015090842.1:6230349",26,59,33
"PLCG2","s1319_FAE_M_BLOOD_ASEReadCounter.table","NW_015090842.1:6230408",23,57,34
"PLCG2","s1319_FAE_M_BLOOD_ASEReadCounter.table","NW_015090842.1:6230439",10,40,30
"PLCG2","s1319_FAE_M_BLOOD_ASEReadCounter.table","NW_015090842.1:6230757",11,21,10
"PLCG2","s1319_FAE_M_BLOOD_ASEReadCounter.table","NW_015090842.1:6230758",11,20,9
"PLCG2","s1319_FAE_M_BLOOD_ASEReadCounter.table","NW_015090842.1:6230898",11,38,27
"PLCG2","s1319_FAE_M_BLOOD_ASEReadCounter.table","NW_015090842.1:6230976",10,46,36
"PLCG2","s1319_FAE_M_BLOOD_ASEReadCounter.table","NW_015090842.1:6231078",7,33,26
"PLCG2","s1319_FAE_M_BLOOD_ASEReadCounter.table","NW_015090842.1:6231138",13,53,40
"PLCG2","s1319_FAE_M_BLOOD_ASEReadCounter.table","NW_015090842.1:6231177",15,55,40
"PLCG2","s1319_FAE_M_BLOOD_ASEReadCounter.table","NW_015090842.1:6231263",9,37,28
"SDR42E1","s1319_FAE_M_BLOOD_ASEReadCounter.table","NW_015090842.1:6235292",0,11,11
"SDR42E1","s1319_FAE_M_BLOOD_ASEReadCounter.table","NW_015090842.1:6235315",0,11,11
"SDR42E1","s1319_FAE_M_BLOOD_ASEReadCounter.table","NW_015090842.1:6235348",1,18,17
"SDR42E1","s1319_FAE_M_BLOOD_ASEReadCounter.table","NW_015090842.1:6235355",1,15,14
"SDR42E1","s1319_FAE_M_BLOOD_ASEReadCounter.table","NW_015090842.1:6235417",1,18,17
"SDR42E1","s1319_FAE_M_BLOOD_ASEReadCounter.table","NW_015090842.1:6235558",1,8,7
"SDR42E1","s1319_FAE_M_BLOOD_ASEReadCounter.table","NW_015090842.1:6235741",0,9,9
"SDR42E1","s1319_FAE_M_BLOOD_ASEReadCounter.table","NW_015090842.1:6235777",0,11,11
"SDR42E1","s1319_FAE_M_BLOOD_ASEReadCounter.table","NW_015090842.1:6235806",0,41,41
"SDR42E1","s1319_FAE_M_BLOOD_ASEReadCounter.table","NW_015090842.1:6235809",0,43,43
"SDR42E1","s1319_FAE_M_BLOOD_ASEReadCounter.table","NW_015090842.1:6235816",0,47,47
"SDR42E1","s1319_FAE_M_BLOOD_ASEReadCounter.table","NW_015090842.1:6235914",1,48,47
"SDR42E1","s1319_FAE_M_BLOOD_ASEReadCounter.table","NW_015090842.1:6235935",3,51,48
"SDR42E1","s1319_FAE_M_BLOOD_ASEReadCounter.table","NW_015090842.1:6235957",3,46,43
"SDR42E1","s1319_FAE_M_BLOOD_ASEReadCounter.table","NW_015090842.1:6236040",3,52,49
"SDR42E1","s1319_FAE_M_BLOOD_ASEReadCounter.table","NW_015090842.1:6236260",1,54,53
"SDR42E1","s1319_FAE_M_BLOOD_ASEReadCounter.table","NW_015090842.1:6236281",0,57,57
"SDR42E1","s1319_FAE_M_BLOOD_ASEReadCounter.table","NW_015090842.1:6236305",0,58,58
"SDR42E1","s1319_FAE_M_BLOOD_ASEReadCounter.table","NW_015090842.1:6236458",1,60,59
"SDR42E1","s1319_FAE_M_BLOOD_ASEReadCounter.table","NW_015090842.1:6236476",2,61,59
"SDR42E1","s1319_FAE_M_BLOOD_ASEReadCounter.table","NW_015090842.1:6236608",1,57,56
"SDR42E1","s1319_FAE_M_BLOOD_ASEReadCounter.table","NW_015090842.1:6238244",1,12,11
"SDR42E1","s1319_FAE_M_BLOOD_ASEReadCounter.table","NW_015090842.1:6238829",1,7,6
"HSD17B2","s1319_FAE_M_BLOOD_ASEReadCounter.table","NW_015090842.1:6257616",0,44,44
"HSD17B2","s1319_FAE_M_BLOOD_ASEReadCounter.table","NW_015090842.1:6257711",0,57,57
"HSD17B2","s1319_FAE_M_BLOOD_ASEReadCounter.table","NW_015090842.1:6257712",0,54,54
"HSD17B2","s1319_FAE_M_BLOOD_ASEReadCounter.table","NW_015090842.1:6257737",0,68,68
"HSD17B2","s1319_FAE_M_BLOOD_ASEReadCounter.table","NW_015090842.1:6257758",0,71,71
"HSD17B2","s1319_FAE_M_BLOOD_ASEReadCounter.table","NW_015090842.1:6257767",0,71,71
"HSD17B2","s1319_FAE_M_BLOOD_ASEReadCounter.table","NW_015090842.1:6257829",1,81,80
"HSD17B2","s1319_FAE_M_BLOOD_ASEReadCounter.table","NW_015090842.1:6257851",0,88,88
"HSD17B2","s1319_FAE_M_BLOOD_ASEReadCounter.table","NW_015090842.1:6257889",0,79,79
"HSD17B2","s1319_FAE_M_BLOOD_ASEReadCounter.table","NW_015090842.1:6262951",0,106,106
"HSD17B2","s1319_FAE_M_BLOOD_ASEReadCounter.table","NW_015090842.1:6262974",0,124,124
"HSD17B2","s1319_FAE_M_BLOOD_ASEReadCounter.table","NW_015090842.1:6266125",0,98,98
"HSD17B2","s1319_FAE_M_BLOOD_ASEReadCounter.table","NW_015090842.1:6266135",0,105,105
"HSD17B2","s1319_FAE_M_BLOOD_ASEReadCounter.table","NW_015090842.1:6266795",0,119,119
"HSD17B2","s1319_FAE_M_BLOOD_ASEReadCounter.table","NW_015090842.1:6266944",0,139,139
"HSD17B2","s1319_FAE_M_BLOOD_ASEReadCounter.table","NW_015090842.1:6267053",0,105,105
"HSD17B2","s1319_FAE_M_BLOOD_ASEReadCounter.table","NW_015090842.1:6267196",0,70,70
"HSD17B2","s1319_FAE_M_BLOOD_ASEReadCounter.table","NW_015090842.1:6267273",0,120,120
"HSD17B2","s1319_FAE_M_BLOOD_ASEReadCounter.table","NW_015090842.1:6267674",0,86,86
"HSD17B2","s1319_FAE_M_BLOOD_ASEReadCounter.table","NW_015090842.1:6267913",0,106,106
"HSD17B2","s1319_FAE_M_BLOOD_ASEReadCounter.table","NW_015090842.1:6268098",0,103,103
"HSD17B2","s1319_FAE_M_BLOOD_ASEReadCounter.table","NW_015090842.1:6268203",0,119,119
"ARY2","s1319_FAE_M_BLOOD_ASEReadCounter.table","NW_015090842.1:6303922",1,7,6
"ARY2","s1319_FAE_M_BLOOD_ASEReadCounter.table","NW_015090842.1:6303954",2,11,9
"ARY2","s1319_FAE_M_BLOOD_ASEReadCounter.table","NW_015090842.1:6303979",2,10,8
"ARY2","s1319_FAE_M_BLOOD_ASEReadCounter.table","NW_015090842.1:6305848",6,12,6
"ARY2","s1319_FAE_M_BLOOD_ASEReadCounter.table","NW_015090842.1:6305856",5,11,6
"ARY2","s1319_FAE_M_BLOOD_ASEReadCounter.table","NW_015090842.1:6305857",5,11,6
"ARY2","s1319_FAE_M_BLOOD_ASEReadCounter.table","NW_015090842.1:6306017",4,14,10
"ARY2","s1319_FAE_M_BLOOD_ASEReadCounter.table","NW_015090842.1:6306052",2,10,8
"ARY2","s1319_FAE_M_BLOOD_ASEReadCounter.table","NW_015090842.1:6306094",0,6,6
"ARY2","s1319_FAE_M_BLOOD_ASEReadCounter.table","NW_015090842.1:6306100",1,6,5
"ARY2","s1319_FAE_M_BLOOD_ASEReadCounter.table","NW_015090842.1:6306146",3,9,6
"ARY2","s1319_FAE_M_BLOOD_ASEReadCounter.table","NW_015090842.1:6306147",4,10,6
"ARY2","s1319_FAE_M_BLOOD_ASEReadCounter.table","NW_015090842.1:6306390",0,11,11
"ARY2","s1319_FAE_M_BLOOD_ASEReadCounter.table","NW_015090842.1:6306567",0,6,6
"ARY2","s1319_FAE_M_BLOOD_ASEReadCounter.table","NW_015090842.1:6306705",0,2,2
"ARY2","s1319_FAE_M_BLOOD_ASEReadCounter.table","NW_015090842.1:6306773",0,2,2
"ARY2","s1319_FAE_M_BLOOD_ASEReadCounter.table","NW_015090842.1:6307039",1,2,1
"ARY2","s1319_FAE_M_BLOOD_ASEReadCounter.table","NW_015090842.1:6307043",0,1,1
"ARY2","s1319_FAE_M_BLOOD_ASEReadCounter.table","NW_015090842.1:6307138",0,1,1
"ARY2","s1319_FAE_M_BLOOD_ASEReadCounter.table","NW_015090842.1:6307157",0,1,1
"ARY2","s1319_FAE_M_BLOOD_ASEReadCounter.table","NW_015090842.1:6307187",0,1,1
"ARY2","s1319_FAE_M_BLOOD_ASEReadCounter.table","NW_015090842.1:6307204",1,2,1
"ARY2","s1319_FAE_M_BLOOD_ASEReadCounter.table","NW_015090842.1:6307278",3,6,3
"ARY2","s1319_FAE_M_BLOOD_ASEReadCounter.table","NW_015090842.1:6307305",2,5,3
"ARY2","s1319_FAE_M_BLOOD_ASEReadCounter.table","NW_015090842.1:6307318",1,5,4
"ARY2","s1319_FAE_M_BLOOD_ASEReadCounter.table","NW_015090842.1:6307429",2,6,4
"ARY2","s1319_FAE_M_BLOOD_ASEReadCounter.table","NW_015090842.1:6307487",1,2,1
"ARY2","s1319_FAE_M_BLOOD_ASEReadCounter.table","NW_015090842.1:6307670",1,2,1
"ARYL","s1319_FAE_M_BLOOD_ASEReadCounter.table","NW_015090842.1:6313360",2,3,1
"ARYL","s1319_FAE_M_BLOOD_ASEReadCounter.table","NW_015090842.1:6313377",2,3,1
"ARYL","s1319_FAE_M_BLOOD_ASEReadCounter.table","NW_015090842.1:6313767",3,7,4
"ARY1","s1319_FAE_M_BLOOD_ASEReadCounter.table","NW_015090842.1:6314296",2,3,1
"ARY1","s1319_FAE_M_BLOOD_ASEReadCounter.table","NW_015090842.1:6314541",1,2,1
"ARY1","s1319_FAE_M_BLOOD_ASEReadCounter.table","NW_015090842.1:6314597",1,1,0
"ARY1","s1319_FAE_M_BLOOD_ASEReadCounter.table","NW_015090842.1:6314750",1,2,1
"ARY1","s1319_FAE_M_BLOOD_ASEReadCounter.table","NW_015090842.1:6314794",0,2,2
"ARY1","s1319_FAE_M_BLOOD_ASEReadCounter.table","NW_015090842.1:6314827",3,6,3
"ARY1","s1319_FAE_M_BLOOD_ASEReadCounter.table","NW_015090842.1:6314859",4,6,2
"ARY1","s1319_FAE_M_BLOOD_ASEReadCounter.table","NW_015090842.1:6314886",5,9,4
"ARY1","s1319_FAE_M_BLOOD_ASEReadCounter.table","NW_015090842.1:6315022",5,7,2
"ARY1","s1319_FAE_M_BLOOD_ASEReadCounter.table","NW_015090842.1:6315026",5,8,3
"ARY1","s1319_FAE_M_BLOOD_ASEReadCounter.table","NW_015090842.1:6315043",3,6,3
"ARY1","s1319_FAE_M_BLOOD_ASEReadCounter.table","NW_015090842.1:6315065",3,5,2
"ARY1","s1319_FAE_M_BLOOD_ASEReadCounter.table","NW_015090842.1:6315409",1,1,0
"ARY1","s1319_FAE_M_BLOOD_ASEReadCounter.table","NW_015090842.1:6315479",3,5,2
"ARY1","s1319_FAE_M_BLOOD_ASEReadCounter.table","NW_015090842.1:6318342",6,9,3
"ARY1","s1319_FAE_M_BLOOD_ASEReadCounter.table","NW_015090842.1:6318427",4,6,2
"ARY1","s1319_FAE_M_BLOOD_ASEReadCounter.table","NW_015090842.1:6318603",7,9,2
"ARY1","s1319_FAE_M_BLOOD_ASEReadCounter.table","NW_015090842.1:6318708",6,10,4
"ARY1","s1319_FAE_M_BLOOD_ASEReadCounter.table","NW_015090842.1:6318858",9,15,6
"ARY1","s1319_FAE_M_BLOOD_ASEReadCounter.table","NW_015090842.1:6318952",4,11,7
"MPHOSPH6","s1319_FAE_M_BLOOD_ASEReadCounter.table","NW_015090842.1:6324063",37,110,73
"MPHOSPH6","s1319_FAE_M_BLOOD_ASEReadCounter.table","NW_015090842.1:6324174",74,224,150
"MPHOSPH6","s1319_FAE_M_BLOOD_ASEReadCounter.table","NW_015090842.1:6324270",137,350,213
"MPHOSPH6","s1319_FAE_M_BLOOD_ASEReadCounter.table","NW_015090842.1:6324762",210,517,307
"MPHOSPH6","s1319_FAE_M_BLOOD_ASEReadCounter.table","NW_015090842.1:6324780",200,459,259
"MPHOSPH6","s1319_FAE_M_BLOOD_ASEReadCounter.table","NW_015090842.1:6324902",214,521,307
"MPHOSPH6","s1319_FAE_M_BLOOD_ASEReadCounter.table","NW_015090842.1:6325066",234,574,340
"MPHOSPH6","s1319_FAE_M_BLOOD_ASEReadCounter.table","NW_015090842.1:6325089",250,612,362
"MPHOSPH6","s1319_FAE_M_BLOOD_ASEReadCounter.table","NW_015090842.1:6325877",314,788,474
"MPHOSPH6","s1319_FAE_M_BLOOD_ASEReadCounter.table","NW_015090842.1:6326976",228,556,328
"MLYCD","s1319_FAE_M_BLOOD_ASEReadCounter.table","NW_015090842.1:7150054",35,70,35
"MLYCD","s1319_FAE_M_BLOOD_ASEReadCounter.table","NW_015090842.1:7150131",73,138,65
"MLYCD","s1319_FAE_M_BLOOD_ASEReadCounter.table","NW_015090842.1:7150585",70,126,56
"MLYCD","s1319_FAE_M_BLOOD_ASEReadCounter.table","NW_015090842.1:7150686",67,114,47
"MLYCD","s1319_FAE_M_BLOOD_ASEReadCounter.table","NW_015090842.1:7150696",70,118,48
"MLYCD","s1319_FAE_M_BLOOD_ASEReadCounter.table","NW_015090842.1:7150869",55,102,47
"MLYCD","s1319_FAE_M_BLOOD_ASEReadCounter.table","NW_015090842.1:7151100",97,166,69
"MLYCD","s1319_FAE_M_BLOOD_ASEReadCounter.table","NW_015090842.1:7151127",101,173,72
"MLYCD","s1319_FAE_M_BLOOD_ASEReadCounter.table","NW_015090842.1:7157538",91,184,93
"MLYCD","s1319_FAE_M_BLOOD_ASEReadCounter.table","NW_015090842.1:7167662",34,71,37
"MLYCD","s1319_FAE_M_BLOOD_ASEReadCounter.table","NW_015090842.1:7167675",32,65,33
"MLYCD","s1319_FAE_M_BLOOD_ASEReadCounter.table","NW_015090842.1:7167710",28,61,33
"MLYCD","s1319_FAE_M_BLOOD_ASEReadCounter.table","NW_015090842.1:7167781",27,55,28
"MLYCD","s1319_FAE_M_BLOOD_ASEReadCounter.table","NW_015090842.1:7167803",24,47,23
"MLYCD","s1319_FAE_M_BLOOD_ASEReadCounter.table","NW_015090842.1:7167812",21,43,22
"MLYCD","s1319_FAE_M_BLOOD_ASEReadCounter.table","NW_015090842.1:7167845",24,54,30
"MLYCD","s1319_FAE_M_BLOOD_ASEReadCounter.table","NW_015090842.1:7167862",21,49,28
"MLYCD","s1319_FAE_M_BLOOD_ASEReadCounter.table","NW_015090842.1:7167929",19,39,20
"MLYCD","s1319_FAE_M_BLOOD_ASEReadCounter.table","NW_015090842.1:7167995",14,24,10
"MLYCD","s1319_FAE_M_BLOOD_ASEReadCounter.table","NW_015090842.1:7168005",15,27,12
"MLYCD","s1319_FAE_M_BLOOD_ASEReadCounter.table","NW_015090842.1:7168037",18,31,13
"HSBP1","s1319_FAE_M_BLOOD_ASEReadCounter.table","NW_015090842.1:7245192",31,50,19
"HSBP1","s1319_FAE_M_BLOOD_ASEReadCounter.table","NW_015090842.1:7245226",41,67,26
"HSBP1","s1319_FAE_M_BLOOD_ASEReadCounter.table","NW_015090842.1:7245257",32,54,22
"HSBP1","s1319_FAE_M_BLOOD_ASEReadCounter.table","NW_015090842.1:7245296",30,56,26
"HSBP1","s1319_FAE_M_BLOOD_ASEReadCounter.table","NW_015090842.1:7245389",55,79,24
"HSBP1","s1319_FAE_M_BLOOD_ASEReadCounter.table","NW_015090842.1:7245400",58,84,26
"HSBP1","s1319_FAE_M_BLOOD_ASEReadCounter.table","NW_015090842.1:7245445",55,81,26
"HSBP1","s1319_FAE_M_BLOOD_ASEReadCounter.table","NW_015090842.1:7245495",50,84,34
"HSBP1","s1319_FAE_M_BLOOD_ASEReadCounter.table","NW_015090842.1:7245733",40,72,32
"HSBP1","s1319_FAE_M_BLOOD_ASEReadCounter.table","NW_015090842.1:7245771",38,66,28
"HSBP1","s1319_FAE_M_BLOOD_ASEReadCounter.table","NW_015090842.1:7245813",38,67,29
"HSBP1","s1319_FAE_M_BLOOD_ASEReadCounter.table","NW_015090842.1:7245926",40,69,29
"HSBP1","s1319_FAE_M_BLOOD_ASEReadCounter.table","NW_015090842.1:7245927",41,70,29
"HSBP1","s1319_FAE_M_BLOOD_ASEReadCounter.table","NW_015090842.1:7245933",44,71,27
"HSBP1","s1319_FAE_M_BLOOD_ASEReadCounter.table","NW_015090842.1:7246002",29,57,28
"HSBP1","s1319_FAE_M_BLOOD_ASEReadCounter.table","NW_015090842.1:7246094",53,82,29
"HSBP1","s1319_FAE_M_BLOOD_ASEReadCounter.table","NW_015090842.1:7246167",42,82,40
"HSBP1","s1319_FAE_M_BLOOD_ASEReadCounter.table","NW_015090842.1:7246183",44,80,36
"HSBP1","s1319_FAE_M_BLOOD_ASEReadCounter.table","NW_015090842.1:7247285",26,33,7
"HSBP1","s1319_FAE_M_BLOOD_ASEReadCounter.table","NW_015090842.1:7247651",193,389,196
"HSBP1","s1319_FAE_M_BLOOD_ASEReadCounter.table","NW_015090842.1:7247657",188,377,189
"HSBP1","s1319_FAE_M_BLOOD_ASEReadCounter.table","NW_015090842.1:7248520",126,231,105
"HSBP1","s1319_FAE_M_BLOOD_ASEReadCounter.table","NW_015090842.1:7248535",110,189,79
"WFDC1","s1319_FAE_M_BLOOD_ASEReadCounter.table","NW_015090842.1:7373367",0,1,1
"ATP2C2","s1319_FAE_M_BLOOD_ASEReadCounter.table","NW_015090842.1:7413855",0,1,1
"TLDC1","s1319_FAE_M_BLOOD_ASEReadCounter.table","NW_015090842.1:7421137",10,16,6
"TLDC1","s1319_FAE_M_BLOOD_ASEReadCounter.table","NW_015090842.1:7421155",10,14,4
"TLDC1","s1319_FAE_M_BLOOD_ASEReadCounter.table","NW_015090842.1:7421218",9,18,9
"TLDC1","s1319_FAE_M_BLOOD_ASEReadCounter.table","NW_015090842.1:7421399",8,19,11
"TLDC1","s1319_FAE_M_BLOOD_ASEReadCounter.table","NW_015090842.1:7421402",7,18,11
"TLDC1","s1319_FAE_M_BLOOD_ASEReadCounter.table","NW_015090842.1:7421528",13,21,8
"TLDC1","s1319_FAE_M_BLOOD_ASEReadCounter.table","NW_015090842.1:7421532",14,20,6
"TLDC1","s1319_FAE_M_BLOOD_ASEReadCounter.table","NW_015090842.1:7421621",11,22,11
"TLDC1","s1319_FAE_M_BLOOD_ASEReadCounter.table","NW_015090842.1:7421647",11,22,11
"TLDC1","s1319_FAE_M_BLOOD_ASEReadCounter.table","NW_015090842.1:7421657",11,20,9
"TLDC1","s1319_FAE_M_BLOOD_ASEReadCounter.table","NW_015090842.1:7421693",9,17,8
"TLDC1","s1319_FAE_M_BLOOD_ASEReadCounter.table","NW_015090842.1:7421796",9,17,8
"TLDC1","s1319_FAE_M_BLOOD_ASEReadCounter.table","NW_015090842.1:7421810",12,22,10
"TLDC1","s1319_FAE_M_BLOOD_ASEReadCounter.table","NW_015090842.1:7421833",10,21,11
"TLDC1","s1319_FAE_M_BLOOD_ASEReadCounter.table","NW_015090842.1:7421879",8,17,9
"TLDC1","s1319_FAE_M_BLOOD_ASEReadCounter.table","NW_015090842.1:7421914",10,17,7
"TLDC1","s1319_FAE_M_BLOOD_ASEReadCounter.table","NW_015090842.1:7421969",7,12,5
"TLDC1","s1319_FAE_M_BLOOD_ASEReadCounter.table","NW_015090842.1:7422015",11,17,6
"TLDC1","s1319_FAE_M_BLOOD_ASEReadCounter.table","NW_015090842.1:7422042",17,24,7
"TLDC1","s1319_FAE_M_BLOOD_ASEReadCounter.table","NW_015090842.1:7422230",11,16,5
"TLDC1","s1319_FAE_M_BLOOD_ASEReadCounter.table","NW_015090842.1:7423349",14,26,12
"TLDC1","s1319_FAE_M_BLOOD_ASEReadCounter.table","NW_015090842.1:7423362",13,25,12
"TLDC1","s1319_FAE_M_BLOOD_ASEReadCounter.table","NW_015090842.1:7426091",8,18,10
"TLDC1","s1319_FAE_M_BLOOD_ASEReadCounter.table","NW_015090842.1:7426485",11,15,4
"TLDC1","s1319_FAE_M_BLOOD_ASEReadCounter.table","NW_015090842.1:7427211",17,28,11
"TLDC1","s1319_FAE_M_BLOOD_ASEReadCounter.table","NW_015090842.1:7428179",10,13,3
"COTL1","s1319_FAE_M_BLOOD_ASEReadCounter.table","NW_015090842.1:7490744",57,102,45
"COTL1","s1319_FAE_M_BLOOD_ASEReadCounter.table","NW_015090842.1:7491051",48,99,51
"COTL1","s1319_FAE_M_BLOOD_ASEReadCounter.table","NW_015090842.1:7491124",61,106,45
"COTL1","s1319_FAE_M_BLOOD_ASEReadCounter.table","NW_015090842.1:7491418",42,70,28
"COTL1","s1319_FAE_M_BLOOD_ASEReadCounter.table","NW_015090842.1:7491539",40,60,20
"COTL1","s1319_FAE_M_BLOOD_ASEReadCounter.table","NW_015090842.1:7491585",51,91,40
"COTL1","s1319_FAE_M_BLOOD_ASEReadCounter.table","NW_015090842.1:7491586",51,90,39
"COTL1","s1319_FAE_M_BLOOD_ASEReadCounter.table","NW_015090842.1:7491646",54,108,54
"COTL1","s1319_FAE_M_BLOOD_ASEReadCounter.table","NW_015090842.1:7491747",50,100,50
"COTL1","s1319_FAE_M_BLOOD_ASEReadCounter.table","NW_015090842.1:7491803",55,117,62
"KLHL36","s1319_FAE_M_BLOOD_ASEReadCounter.table","NW_015090842.1:7514700",2,3,1
"KLHL36","s1319_FAE_M_BLOOD_ASEReadCounter.table","NW_015090842.1:7526160",2,3,1
"KLHL36","s1319_FAE_M_BLOOD_ASEReadCounter.table","NW_015090842.1:7526587",2,2,0
"KLHL36","s1319_FAE_M_BLOOD_ASEReadCounter.table","NW_015090842.1:7535174",1,1,0
"KLHL36","s1319_FAE_M_BLOOD_ASEReadCounter.table","NW_015090842.1:7535420",0,1,1
"KLHL36","s1319_FAE_M_BLOOD_ASEReadCounter.table","NW_015090842.1:7535545",1,1,0
"KLHL36","s1319_FAE_M_BLOOD_ASEReadCounter.table","NW_015090842.1:7535829",2,4,2
"KLHL36","s1319_FAE_M_BLOOD_ASEReadCounter.table","NW_015090842.1:7535977",3,4,1
"KLHL36","s1319_FAE_M_BLOOD_ASEReadCounter.table","NW_015090842.1:7536010",4,4,0
"KLHL36","s1319_FAE_M_BLOOD_ASEReadCounter.table","NW_015090842.1:7536051",2,3,1
"KLHL36","s1319_FAE_M_BLOOD_ASEReadCounter.table","NW_015090842.1:7536096",4,5,1
"KLHL36","s1319_FAE_M_BLOOD_ASEReadCounter.table","NW_015090842.1:7536135",4,5,1
"KLHL36","s1319_FAE_M_BLOOD_ASEReadCounter.table","NW_015090842.1:7536136",4,5,1
"KLHL36","s1319_FAE_M_BLOOD_ASEReadCounter.table","NW_015090842.1:7536160",4,5,1
"KLHL36","s1319_FAE_M_BLOOD_ASEReadCounter.table","NW_015090842.1:7536336",1,3,2
"KLHL36","s1319_FAE_M_BLOOD_ASEReadCounter.table","NW_015090842.1:7536352",1,3,2
"KLHL36","s1319_FAE_M_BLOOD_ASEReadCounter.table","NW_015090842.1:7536412",1,2,1
"KLHL36","s1319_FAE_M_BLOOD_ASEReadCounter.table","NW_015090842.1:7536418",1,2,1
"KLHL36","s1319_FAE_M_BLOOD_ASEReadCounter.table","NW_015090842.1:7536553",1,1,0
"KLHL36","s1319_FAE_M_BLOOD_ASEReadCounter.table","NW_015090842.1:7536698",2,3,1
"KLHL36","s1319_FAE_M_BLOOD_ASEReadCounter.table","NW_015090842.1:7536713",1,1,0
"KLHL36","s1319_FAE_M_BLOOD_ASEReadCounter.table","NW_015090842.1:7536720",1,1,0
"KLHL36","s1319_FAE_M_BLOOD_ASEReadCounter.table","NW_015090842.1:7536849",1,2,1
"KLHL36","s1319_FAE_M_BLOOD_ASEReadCounter.table","NW_015090842.1:7536872",0,1,1
"KLHL36","s1319_FAE_M_BLOOD_ASEReadCounter.table","NW_015090842.1:7536878",1,2,1
"KLHL36","s1319_FAE_M_BLOOD_ASEReadCounter.table","NW_015090842.1:7536916",2,3,1
"KLHL36","s1319_FAE_M_BLOOD_ASEReadCounter.table","NW_015090842.1:7536927",3,4,1
"KLHL36","s1319_FAE_M_BLOOD_ASEReadCounter.table","NW_015090842.1:7537315",1,1,0
"KLHL36","s1319_FAE_M_BLOOD_ASEReadCounter.table","NW_015090842.1:7537352",1,1,0
"KLHL36","s1319_FAE_M_BLOOD_ASEReadCounter.table","NW_015090842.1:7537830",0,1,1
"KLHL36","s1319_FAE_M_BLOOD_ASEReadCounter.table","NW_015090842.1:7537838",0,1,1
"KLHL36","s1319_FAE_M_BLOOD_ASEReadCounter.table","NW_015090842.1:7538153",1,1,0
"USP10","s1319_FAE_M_BLOOD_ASEReadCounter.table","NW_015090842.1:7563972",27,44,17
"USP10","s1319_FAE_M_BLOOD_ASEReadCounter.table","NW_015090842.1:7571816",55,97,42
"USP10","s1319_FAE_M_BLOOD_ASEReadCounter.table","NW_015090842.1:7571993",67,102,35
"USP10","s1319_FAE_M_BLOOD_ASEReadCounter.table","NW_015090842.1:7572580",42,98,56
"USP10","s1319_FAE_M_BLOOD_ASEReadCounter.table","NW_015090842.1:7587372",78,114,36
"CRISPLD2","s1319_FAE_M_BLOOD_ASEReadCounter.table","NW_015090842.1:7609844",1,2,1
"CRISPLD2","s1319_FAE_M_BLOOD_ASEReadCounter.table","NW_015090842.1:7609845",1,2,1
"CRISPLD2","s1319_FAE_M_BLOOD_ASEReadCounter.table","NW_015090842.1:7609883",2,2,0
"CRISPLD2","s1319_FAE_M_BLOOD_ASEReadCounter.table","NW_015090842.1:7610084",1,1,0
"CRISPLD2","s1319_FAE_M_BLOOD_ASEReadCounter.table","NW_015090842.1:7617757",1,1,0
"CRISPLD2","s1319_FAE_M_BLOOD_ASEReadCounter.table","NW_015090842.1:7621452",1,2,1
"CRISPLD2","s1319_FAE_M_BLOOD_ASEReadCounter.table","NW_015090842.1:7625451",1,2,1
"CRISPLD2","s1319_FAE_M_BLOOD_ASEReadCounter.table","NW_015090842.1:7626214",1,1,0
"CRISPLD2","s1319_FAE_M_BLOOD_ASEReadCounter.table","NW_015090842.1:7630784",2,2,0
"CRISPLD2","s1319_FAE_M_BLOOD_ASEReadCounter.table","NW_015090842.1:7633326",0,1,1
"CRISPLD2","s1319_FAE_M_BLOOD_ASEReadCounter.table","NW_015090842.1:7633336",0,1,1
"CRISPLD2","s1319_FAE_M_BLOOD_ASEReadCounter.table","NW_015090842.1:7633381",0,1,1
"CRISPLD2","s1319_FAE_M_BLOOD_ASEReadCounter.table","NW_015090842.1:7633388",0,1,1
"CRISPLD2","s1319_FAE_M_BLOOD_ASEReadCounter.table","NW_015090842.1:7633400",0,1,1
"CRISPLD2","s1319_FAE_M_BLOOD_ASEReadCounter.table","NW_015090842.1:7633486",1,1,0
"CRISPLD2","s1319_FAE_M_BLOOD_ASEReadCounter.table","NW_015090842.1:7633503",1,1,0
"CRISPLD2","s1319_FAE_M_BLOOD_ASEReadCounter.table","NW_015090842.1:7633504",1,1,0
"CRISPLD2","s1319_FAE_M_BLOOD_ASEReadCounter.table","NW_015090842.1:7633557",2,3,1
"CRISPLD2","s1319_FAE_M_BLOOD_ASEReadCounter.table","NW_015090842.1:7633571",3,4,1
"CRISPLD2","s1319_FAE_M_BLOOD_ASEReadCounter.table","NW_015090842.1:7633588",2,3,1
"CRISPLD2","s1319_FAE_M_BLOOD_ASEReadCounter.table","NW_015090842.1:7633617",2,3,1
"CRISPLD2","s1319_FAE_M_BLOOD_ASEReadCounter.table","NW_015090842.1:7633695",1,1,0
"CRISPLD2","s1319_FAE_M_BLOOD_ASEReadCounter.table","NW_015090842.1:7633721",1,1,0
"CRISPLD2","s1319_FAE_M_BLOOD_ASEReadCounter.table","NW_015090842.1:7633888",1,1,0
"CRISPLD2","s1319_FAE_M_BLOOD_ASEReadCounter.table","NW_015090842.1:7633910",2,2,0
"CRISPLD2","s1319_FAE_M_BLOOD_ASEReadCounter.table","NW_015090842.1:7635009",1,1,0
"CRISPLD2","s1319_FAE_M_BLOOD_ASEReadCounter.table","NW_015090842.1:7635208",2,3,1
"LOC106888312","s1319_FAE_M_BLOOD_ASEReadCounter.table","NW_015090842.1:7731961",1,1,0
"LOC106888312","s1319_FAE_M_BLOOD_ASEReadCounter.table","NW_015090842.1:7732244",1,1,0
"LOC106888312","s1319_FAE_M_BLOOD_ASEReadCounter.table","NW_015090842.1:7732538",0,1,1
"LOC106888312","s1319_FAE_M_BLOOD_ASEReadCounter.table","NW_015090842.1:7732548",0,1,1
"LOC106888312","s1319_FAE_M_BLOOD_ASEReadCounter.table","NW_015090842.1:7732576",0,1,1
"LOC106888312","s1319_FAE_M_BLOOD_ASEReadCounter.table","NW_015090842.1:7732580",0,1,1
"LOC106888312","s1319_FAE_M_BLOOD_ASEReadCounter.table","NW_015090842.1:7732629",0,1,1
"LOC106888312","s1319_FAE_M_BLOOD_ASEReadCounter.table","NW_015090842.1:7732630",0,1,1
"LOC106888312","s1319_FAE_M_BLOOD_ASEReadCounter.table","NW_015090842.1:7732682",0,1,1
"LOC106888312","s1319_FAE_M_BLOOD_ASEReadCounter.table","NW_015090842.1:7732696",0,1,1
"LOC106888312","s1319_FAE_M_BLOOD_ASEReadCounter.table","NW_015090842.1:7732709",0,1,1
"LOC106888312","s1319_FAE_M_BLOOD_ASEReadCounter.table","NW_015090842.1:7732718",0,1,1
"LOC106888312","s1319_FAE_M_BLOOD_ASEReadCounter.table","NW_015090842.1:7732739",0,1,1
"LOC106888312","s1319_FAE_M_BLOOD_ASEReadCounter.table","NW_015090842.1:7732743",0,1,1
"LOC106888312","s1319_FAE_M_BLOOD_ASEReadCounter.table","NW_015090842.1:7732744",0,1,1
"LOC106888312","s1319_FAE_M_BLOOD_ASEReadCounter.table","NW_015090842.1:7732756",0,1,1
"LOC106888312","s1319_FAE_M_BLOOD_ASEReadCounter.table","NW_015090842.1:7732757",0,1,1
"LOC106888312","s1319_FAE_M_BLOOD_ASEReadCounter.table","NW_015090842.1:7732860",0,1,1
"LOC106888312","s1319_FAE_M_BLOOD_ASEReadCounter.table","NW_015090842.1:7732861",0,1,1
"LOC106888312","s1319_FAE_M_BLOOD_ASEReadCounter.table","NW_015090842.1:7733299",0,1,1
"LOC106888312","s1319_FAE_M_BLOOD_ASEReadCounter.table","NW_015090842.1:7733631",1,1,0
"LOC106888312","s1319_FAE_M_BLOOD_ASEReadCounter.table","NW_015090842.1:7733674",1,1,0
"ZDHHC7","s1319_FAE_M_BLOOD_ASEReadCounter.table","NW_015090842.1:7737199",19,46,27
"ZDHHC7","s1319_FAE_M_BLOOD_ASEReadCounter.table","NW_015090842.1:7737332",15,40,25
"ZDHHC7","s1319_FAE_M_BLOOD_ASEReadCounter.table","NW_015090842.1:7737553",32,70,38
"ZDHHC7","s1319_FAE_M_BLOOD_ASEReadCounter.table","NW_015090842.1:7737920",24,53,29
"ZDHHC7","s1319_FAE_M_BLOOD_ASEReadCounter.table","NW_015090842.1:7737953",24,50,26
"ZDHHC7","s1319_FAE_M_BLOOD_ASEReadCounter.table","NW_015090842.1:7737987",25,46,21
"ZDHHC7","s1319_FAE_M_BLOOD_ASEReadCounter.table","NW_015090842.1:7738068",26,43,17
"ZDHHC7","s1319_FAE_M_BLOOD_ASEReadCounter.table","NW_015090842.1:7738204",19,41,22
"LOC106888097","s1319_FAE_M_BLOOD_ASEReadCounter.table","NW_015090842.1:7768196",1,1,0
"LOC106888097","s1319_FAE_M_BLOOD_ASEReadCounter.table","NW_015090842.1:7769884",0,1,1
"LOC106888097","s1319_FAE_M_BLOOD_ASEReadCounter.table","NW_015090842.1:7769893",0,1,1
"LOC106888097","s1319_FAE_M_BLOOD_ASEReadCounter.table","NW_015090842.1:7770245",0,1,1
"LOC106888097","s1319_FAE_M_BLOOD_ASEReadCounter.table","NW_015090842.1:7774281",0,1,1
"LOC106888097","s1319_FAE_M_BLOOD_ASEReadCounter.table","NW_015090842.1:7774552",1,5,4
"LOC106888097","s1319_FAE_M_BLOOD_ASEReadCounter.table","NW_015090842.1:7774564",1,5,4
"LOC106888097","s1319_FAE_M_BLOOD_ASEReadCounter.table","NW_015090842.1:7774611",1,3,2
"LOC106888097","s1319_FAE_M_BLOOD_ASEReadCounter.table","NW_015090842.1:7774681",0,1,1
"LOC106888097","s1319_FAE_M_BLOOD_ASEReadCounter.table","NW_015090842.1:7774698",0,1,1
"MTHFSD","s1319_FAE_M_BLOOD_ASEReadCounter.table","NW_015090842.1:8140051",0,1,1
"MTHFSD","s1319_FAE_M_BLOOD_ASEReadCounter.table","NW_015090842.1:8142923",0,2,2
"MTHFSD","s1319_FAE_M_BLOOD_ASEReadCounter.table","NW_015090842.1:8143029",1,2,1
"MTHFSD","s1319_FAE_M_BLOOD_ASEReadCounter.table","NW_015090842.1:8152315",1,1,0
"MTHFSD","s1319_FAE_M_BLOOD_ASEReadCounter.table","NW_015090842.1:8152511",2,3,1
"MTHFSD","s1319_FAE_M_BLOOD_ASEReadCounter.table","NW_015090842.1:8152518",2,3,1
"MTHFSD","s1319_FAE_M_BLOOD_ASEReadCounter.table","NW_015090842.1:8152553",2,3,1
"MTHFSD","s1319_FAE_M_BLOOD_ASEReadCounter.table","NW_015090842.1:8152773",1,1,0
"MTHFSD","s1319_FAE_M_BLOOD_ASEReadCounter.table","NW_015090842.1:8152805",2,2,0
"IRF8","s1319_FAE_M_BLOOD_ASEReadCounter.table","NW_015090842.1:8406652",2,4,2
"IRF8","s1319_FAE_M_BLOOD_ASEReadCounter.table","NW_015090842.1:8406703",2,4,2
"IRF8","s1319_FAE_M_BLOOD_ASEReadCounter.table","NW_015090842.1:8406704",2,5,3
"IRF8","s1319_FAE_M_BLOOD_ASEReadCounter.table","NW_015090842.1:8406757",6,8,2
"IRF8","s1319_FAE_M_BLOOD_ASEReadCounter.table","NW_015090842.1:8406778",5,6,1
"IRF8","s1319_FAE_M_BLOOD_ASEReadCounter.table","NW_015090842.1:8406819",7,7,0
"IRF8","s1319_FAE_M_BLOOD_ASEReadCounter.table","NW_015090842.1:8406941",2,4,2
"IRF8","s1319_FAE_M_BLOOD_ASEReadCounter.table","NW_015090842.1:8407008",0,2,2
"IRF8","s1319_FAE_M_BLOOD_ASEReadCounter.table","NW_015090842.1:8407057",1,1,0
"IRF8","s1319_FAE_M_BLOOD_ASEReadCounter.table","NW_015090842.1:8407064",1,1,0
"IRF8","s1319_FAE_M_BLOOD_ASEReadCounter.table","NW_015090842.1:8407069",1,1,0
"IRF8","s1319_FAE_M_BLOOD_ASEReadCounter.table","NW_015090842.1:8407120",2,2,0
"IRF8","s1319_FAE_M_BLOOD_ASEReadCounter.table","NW_015090842.1:8407157",2,2,0
"IRF8","s1319_FAE_M_BLOOD_ASEReadCounter.table","NW_015090842.1:8407203",2,3,1
"IRF8","s1319_FAE_M_BLOOD_ASEReadCounter.table","NW_015090842.1:8407272",3,8,5
"IRF8","s1319_FAE_M_BLOOD_ASEReadCounter.table","NW_015090842.1:8407276",3,8,5
"IRF8","s1319_FAE_M_BLOOD_ASEReadCounter.table","NW_015090842.1:8407303",3,8,5
"IRF8","s1319_FAE_M_BLOOD_ASEReadCounter.table","NW_015090842.1:8407451",2,4,2
"IRF8","s1319_FAE_M_BLOOD_ASEReadCounter.table","NW_015090842.1:8407456",2,4,2
"IRF8","s1319_FAE_M_BLOOD_ASEReadCounter.table","NW_015090842.1:8408564",6,10,4
"IRF8","s1319_FAE_M_BLOOD_ASEReadCounter.table","NW_015090842.1:8408585",7,7,0
"IRF8","s1319_FAE_M_BLOOD_ASEReadCounter.table","NW_015090842.1:8408973",3,7,4
"IRF8","s1319_FAE_M_BLOOD_ASEReadCounter.table","NW_015090842.1:8409060",8,10,2
"IRF8","s1319_FAE_M_BLOOD_ASEReadCounter.table","NW_015090842.1:8409065",8,10,2
"IRF8","s1319_FAE_M_BLOOD_ASEReadCounter.table","NW_015090842.1:8409254",2,2,0
"IRF8","s1319_FAE_M_BLOOD_ASEReadCounter.table","NW_015090842.1:8409255",2,2,0
"IRF8","s1319_FAE_M_BLOOD_ASEReadCounter.table","NW_015090842.1:8409258",2,2,0
"IRF8","s1319_FAE_M_BLOOD_ASEReadCounter.table","NW_015090842.1:8409312",5,6,1
"IRF8","s1319_FAE_M_BLOOD_ASEReadCounter.table","NW_015090842.1:8410216",5,7,2
"IRF8","s1319_FAE_M_BLOOD_ASEReadCounter.table","NW_015090842.1:8410237",5,7,2
"IRF8","s1319_FAE_M_BLOOD_ASEReadCounter.table","NW_015090842.1:8410276",9,9,0
"IRF8","s1319_FAE_M_BLOOD_ASEReadCounter.table","NW_015090842.1:8410813",9,13,4
"IRF8","s1319_FAE_M_BLOOD_ASEReadCounter.table","NW_015090842.1:8410861",6,10,4
"IRF8","s1319_FAE_M_BLOOD_ASEReadCounter.table","NW_015090842.1:8411940",3,4,1
"IRF8","s1319_FAE_M_BLOOD_ASEReadCounter.table","NW_015090842.1:8412006",1,2,1
"IRF8","s1319_FAE_M_BLOOD_ASEReadCounter.table","NW_015090842.1:8412042",1,2,1
"COX4I1","s1319_FAE_M_BLOOD_ASEReadCounter.table","NW_015090842.1:8442258",1345,2960,1615
"COX4I1","s1319_FAE_M_BLOOD_ASEReadCounter.table","NW_015090842.1:8442333",1142,2513,1371
"EMC8","s1319_FAE_M_BLOOD_ASEReadCounter.table","NW_015090842.1:8444046",96,253,157
"EMC8","s1319_FAE_M_BLOOD_ASEReadCounter.table","NW_015090842.1:8444064",95,222,127
"EMC8","s1319_FAE_M_BLOOD_ASEReadCounter.table","NW_015090842.1:8452029",28,89,61
"EMC8","s1319_FAE_M_BLOOD_ASEReadCounter.table","NW_015090842.1:8452116",32,80,48
"EMC8","s1319_FAE_M_BLOOD_ASEReadCounter.table","NW_015090842.1:8452121",35,85,50
"EMC8","s1319_FAE_M_BLOOD_ASEReadCounter.table","NW_015090842.1:8452222",31,68,37
"EMC8","s1319_FAE_M_BLOOD_ASEReadCounter.table","NW_015090842.1:8452244",24,61,37
"EMC8","s1319_FAE_M_BLOOD_ASEReadCounter.table","NW_015090842.1:8452477",7,11,4
"EMC8","s1319_FAE_M_BLOOD_ASEReadCounter.table","NW_015090842.1:8452498",6,9,3
"EMC8","s1319_FAE_M_BLOOD_ASEReadCounter.table","NW_015090842.1:8452535",6,9,3
"EMC8","s1319_FAE_M_BLOOD_ASEReadCounter.table","NW_015090842.1:8452575",4,7,3
"EMC8","s1319_FAE_M_BLOOD_ASEReadCounter.table","NW_015090842.1:8452600",4,7,3
"EMC8","s1319_FAE_M_BLOOD_ASEReadCounter.table","NW_015090842.1:8452616",2,4,2
"EMC8","s1319_FAE_M_BLOOD_ASEReadCounter.table","NW_015090842.1:8452630",2,4,2
"EMC8","s1319_FAE_M_BLOOD_ASEReadCounter.table","NW_015090842.1:8452650",2,5,3
"EMC8","s1319_FAE_M_BLOOD_ASEReadCounter.table","NW_015090842.1:8452678",4,9,5
"EMC8","s1319_FAE_M_BLOOD_ASEReadCounter.table","NW_015090842.1:8452724",7,10,3
"EMC8","s1319_FAE_M_BLOOD_ASEReadCounter.table","NW_015090842.1:8452731",7,11,4
"EMC8","s1319_FAE_M_BLOOD_ASEReadCounter.table","NW_015090842.1:8452743",7,12,5
"EMC8","s1319_FAE_M_BLOOD_ASEReadCounter.table","NW_015090842.1:8452750",9,14,5
"EMC8","s1319_FAE_M_BLOOD_ASEReadCounter.table","NW_015090842.1:8452778",11,17,6
"EMC8","s1319_FAE_M_BLOOD_ASEReadCounter.table","NW_015090842.1:8452783",10,16,6
"EMC8","s1319_FAE_M_BLOOD_ASEReadCounter.table","NW_015090842.1:8452800",10,16,6
"EMC8","s1319_FAE_M_BLOOD_ASEReadCounter.table","NW_015090842.1:8452804",10,16,6
"EMC8","s1319_FAE_M_BLOOD_ASEReadCounter.table","NW_015090842.1:8452812",8,15,7
"EMC8","s1319_FAE_M_BLOOD_ASEReadCounter.table","NW_015090842.1:8452858",5,11,6
"EMC8","s1319_FAE_M_BLOOD_ASEReadCounter.table","NW_015090842.1:8452906",10,14,4
"EMC8","s1319_FAE_M_BLOOD_ASEReadCounter.table","NW_015090842.1:8452913",7,10,3
"EMC8","s1319_FAE_M_BLOOD_ASEReadCounter.table","NW_015090842.1:8453000",7,17,10
"EMC8","s1319_FAE_M_BLOOD_ASEReadCounter.table","NW_015090842.1:8453007",7,18,11
"EMC8","s1319_FAE_M_BLOOD_ASEReadCounter.table","NW_015090842.1:8453058",9,19,10
"EMC8","s1319_FAE_M_BLOOD_ASEReadCounter.table","NW_015090842.1:8453106",9,18,9
"GINS2","s1319_FAE_M_BLOOD_ASEReadCounter.table","NW_015090842.1:8466420",13,14,1
"GINS2","s1319_FAE_M_BLOOD_ASEReadCounter.table","NW_015090842.1:8466424",13,14,1
"GINS2","s1319_FAE_M_BLOOD_ASEReadCounter.table","NW_015090842.1:8466518",10,10,0
"GINS2","s1319_FAE_M_BLOOD_ASEReadCounter.table","NW_015090842.1:8468482",20,22,2
"GINS2","s1319_FAE_M_BLOOD_ASEReadCounter.table","NW_015090842.1:8470290",19,21,2
"GINS2","s1319_FAE_M_BLOOD_ASEReadCounter.table","NW_015090842.1:8470305",20,22,2
"GINS2","s1319_FAE_M_BLOOD_ASEReadCounter.table","NW_015090842.1:8470381",19,23,4
"GINS2","s1319_FAE_M_BLOOD_ASEReadCounter.table","NW_015090842.1:8470418",18,20,2
"GINS2","s1319_FAE_M_BLOOD_ASEReadCounter.table","NW_015090842.1:8470421",18,20,2
"GINS2","s1319_FAE_M_BLOOD_ASEReadCounter.table","NW_015090842.1:8470430",18,21,3
"GINS2","s1319_FAE_M_BLOOD_ASEReadCounter.table","NW_015090842.1:8470433",16,17,1
"GINS2","s1319_FAE_M_BLOOD_ASEReadCounter.table","NW_015090842.1:8470457",15,16,1
"GINS2","s1319_FAE_M_BLOOD_ASEReadCounter.table","NW_015090842.1:8470491",10,10,0
"GINS2","s1319_FAE_M_BLOOD_ASEReadCounter.table","NW_015090842.1:8470548",10,13,3
"GINS2","s1319_FAE_M_BLOOD_ASEReadCounter.table","NW_015090842.1:8470649",13,16,3
"GSE1","s1319_FAE_M_BLOOD_ASEReadCounter.table","NW_015090842.1:8475362",9,23,14
"GSE1","s1319_FAE_M_BLOOD_ASEReadCounter.table","NW_015090842.1:8475961",6,12,6
"GSE1","s1319_FAE_M_BLOOD_ASEReadCounter.table","NW_015090842.1:8476027",3,6,3
"GSE1","s1319_FAE_M_BLOOD_ASEReadCounter.table","NW_015090842.1:8476159",4,9,5
"GSE1","s1319_FAE_M_BLOOD_ASEReadCounter.table","NW_015090842.1:8477662",0,5,5
"GSE1","s1319_FAE_M_BLOOD_ASEReadCounter.table","NW_015090842.1:8477933",7,13,6
"GSE1","s1319_FAE_M_BLOOD_ASEReadCounter.table","NW_015090842.1:8477945",6,11,5
"GSE1","s1319_FAE_M_BLOOD_ASEReadCounter.table","NW_015090842.1:8483272",1,13,12
"GSE1","s1319_FAE_M_BLOOD_ASEReadCounter.table","NW_015090842.1:8483367",1,5,4
"GSE1","s1319_FAE_M_BLOOD_ASEReadCounter.table","NW_015090842.1:8483411",1,4,3
"GSE1","s1319_FAE_M_BLOOD_ASEReadCounter.table","NW_015090842.1:8483756",1,6,5
"GSE1","s1319_FAE_M_BLOOD_ASEReadCounter.table","NW_015090842.1:8486867",3,5,2
"GSE1","s1319_FAE_M_BLOOD_ASEReadCounter.table","NW_015090842.1:8486939",6,13,7
"GSE1","s1319_FAE_M_BLOOD_ASEReadCounter.table","NW_015090842.1:8486945",6,12,6
"GSE1","s1319_FAE_M_BLOOD_ASEReadCounter.table","NW_015090842.1:8486993",4,11,7
"GSE1","s1319_FAE_M_BLOOD_ASEReadCounter.table","NW_015090842.1:8487062",8,16,8
"GSE1","s1319_FAE_M_BLOOD_ASEReadCounter.table","NW_015090842.1:8488065",3,16,13
"GSE1","s1319_FAE_M_BLOOD_ASEReadCounter.table","NW_015090842.1:8488457",5,11,6
"GSE1","s1319_FAE_M_BLOOD_ASEReadCounter.table","NW_015090842.1:8488463",6,11,5
"GSE1","s1319_FAE_M_BLOOD_ASEReadCounter.table","NW_015090842.1:8488490",14,14,0
"GSE1","s1319_FAE_M_BLOOD_ASEReadCounter.table","NW_015090842.1:8488505",7,15,8
"GSE1","s1319_FAE_M_BLOOD_ASEReadCounter.table","NW_015090842.1:8490180",0,19,19
"KIAA0513","s1319_FAE_M_BLOOD_ASEReadCounter.table","NW_015090842.1:8668363",0,1,1
"KIAA0513","s1319_FAE_M_BLOOD_ASEReadCounter.table","NW_015090842.1:8668387",1,3,2
"KIAA0513","s1319_FAE_M_BLOOD_ASEReadCounter.table","NW_015090842.1:8668390",1,3,2
"KIAA0513","s1319_FAE_M_BLOOD_ASEReadCounter.table","NW_015090842.1:8673107",1,2,1
"KIAA0513","s1319_FAE_M_BLOOD_ASEReadCounter.table","NW_015090842.1:8673147",1,1,0
"KIAA0513","s1319_FAE_M_BLOOD_ASEReadCounter.table","NW_015090842.1:8674661",1,3,2
"KIAA0513","s1319_FAE_M_BLOOD_ASEReadCounter.table","NW_015090842.1:8674685",1,3,2
"KIAA0513","s1319_FAE_M_BLOOD_ASEReadCounter.table","NW_015090842.1:8674730",2,4,2
"KIAA0513","s1319_FAE_M_BLOOD_ASEReadCounter.table","NW_015090842.1:8675525",2,5,3
"KIAA0513","s1319_FAE_M_BLOOD_ASEReadCounter.table","NW_015090842.1:8675561",2,3,1
"KIAA0513","s1319_FAE_M_BLOOD_ASEReadCounter.table","NW_015090842.1:8686455",0,1,1
"KIAA0513","s1319_FAE_M_BLOOD_ASEReadCounter.table","NW_015090842.1:8686508",0,1,1
"FBXO31","s1319_FAE_M_BLOOD_ASEReadCounter.table","NW_015090842.1:8710240",8,43,35
"FBXO31","s1319_FAE_M_BLOOD_ASEReadCounter.table","NW_015090842.1:8710372",13,40,27
"FBXO31","s1319_FAE_M_BLOOD_ASEReadCounter.table","NW_015090842.1:8711239",18,58,40
"FBXO31","s1319_FAE_M_BLOOD_ASEReadCounter.table","NW_015090842.1:8714565",9,61,52
"FBXO31","s1319_FAE_M_BLOOD_ASEReadCounter.table","NW_015090842.1:8716001",19,54,35
"FBXO31","s1319_FAE_M_BLOOD_ASEReadCounter.table","NW_015090842.1:8725050",13,23,10
"FBXO31","s1319_FAE_M_BLOOD_ASEReadCounter.table","NW_015090842.1:8725057",14,25,11
"FBXO31","s1319_FAE_M_BLOOD_ASEReadCounter.table","NW_015090842.1:8725162",4,19,15
"FBXO31","s1319_FAE_M_BLOOD_ASEReadCounter.table","NW_015090842.1:8725163",4,19,15
"FBXO31","s1319_FAE_M_BLOOD_ASEReadCounter.table","NW_015090842.1:8725170",4,20,16
"FBXO31","s1319_FAE_M_BLOOD_ASEReadCounter.table","NW_015090842.1:8725187",6,20,14
"FBXO31","s1319_FAE_M_BLOOD_ASEReadCounter.table","NW_015090842.1:8725188",6,22,16
"FBXO31","s1319_FAE_M_BLOOD_ASEReadCounter.table","NW_015090842.1:8725190",6,23,17
"FBXO31","s1319_FAE_M_BLOOD_ASEReadCounter.table","NW_015090842.1:8725370",3,7,4
"ZCCHC14","s1319_FAE_M_BLOOD_ASEReadCounter.table","NW_015090842.1:8750174",9,10,1
"ZCCHC14","s1319_FAE_M_BLOOD_ASEReadCounter.table","NW_015090842.1:8750189",10,10,0
"ZCCHC14","s1319_FAE_M_BLOOD_ASEReadCounter.table","NW_015090842.1:8750365",10,12,2
"ZCCHC14","s1319_FAE_M_BLOOD_ASEReadCounter.table","NW_015090842.1:8750433",7,9,2
"ZCCHC14","s1319_FAE_M_BLOOD_ASEReadCounter.table","NW_015090842.1:8750449",6,9,3
"ZCCHC14","s1319_FAE_M_BLOOD_ASEReadCounter.table","NW_015090842.1:8750456",6,10,4
"ZCCHC14","s1319_FAE_M_BLOOD_ASEReadCounter.table","NW_015090842.1:8750497",7,11,4
"ZCCHC14","s1319_FAE_M_BLOOD_ASEReadCounter.table","NW_015090842.1:8750547",10,14,4
"ZCCHC14","s1319_FAE_M_BLOOD_ASEReadCounter.table","NW_015090842.1:8751100",0,1,1
"ZCCHC14","s1319_FAE_M_BLOOD_ASEReadCounter.table","NW_015090842.1:8751374",3,5,2
"ZCCHC14","s1319_FAE_M_BLOOD_ASEReadCounter.table","NW_015090842.1:8751403",6,8,2
"ZCCHC14","s1319_FAE_M_BLOOD_ASEReadCounter.table","NW_015090842.1:8751517",4,7,3
"ZCCHC14","s1319_FAE_M_BLOOD_ASEReadCounter.table","NW_015090842.1:8752060",1,4,3
"ZCCHC14","s1319_FAE_M_BLOOD_ASEReadCounter.table","NW_015090842.1:8752172",1,5,4
"ZCCHC14","s1319_FAE_M_BLOOD_ASEReadCounter.table","NW_015090842.1:8752183",1,6,5
"ZCCHC14","s1319_FAE_M_BLOOD_ASEReadCounter.table","NW_015090842.1:8752198",1,8,7
"ZCCHC14","s1319_FAE_M_BLOOD_ASEReadCounter.table","NW_015090842.1:8752248",2,10,8
"ZCCHC14","s1319_FAE_M_BLOOD_ASEReadCounter.table","NW_015090842.1:8752326",6,8,2
"ZCCHC14","s1319_FAE_M_BLOOD_ASEReadCounter.table","NW_015090842.1:8752393",8,16,8
"ZCCHC14","s1319_FAE_M_BLOOD_ASEReadCounter.table","NW_015090842.1:8752914",4,9,5
"ZCCHC14","s1319_FAE_M_BLOOD_ASEReadCounter.table","NW_015090842.1:8753528",5,6,1
"ZCCHC14","s1319_FAE_M_BLOOD_ASEReadCounter.table","NW_015090842.1:8753892",5,6,1
"ZCCHC14","s1319_FAE_M_BLOOD_ASEReadCounter.table","NW_015090842.1:8753910",5,7,2
"ZCCHC14","s1319_FAE_M_BLOOD_ASEReadCounter.table","NW_015090842.1:8755096",6,6,0
"ZCCHC14","s1319_FAE_M_BLOOD_ASEReadCounter.table","NW_015090842.1:8755327",7,9,2
"ZCCHC14","s1319_FAE_M_BLOOD_ASEReadCounter.table","NW_015090842.1:8755723",4,6,2
"ZCCHC14","s1319_FAE_M_BLOOD_ASEReadCounter.table","NW_015090842.1:8755739",4,7,3
"ZCCHC14","s1319_FAE_M_BLOOD_ASEReadCounter.table","NW_015090842.1:8756149",16,20,4
"ZCCHC14","s1319_FAE_M_BLOOD_ASEReadCounter.table","NW_015090842.1:8756347",12,22,10
"ZCCHC14","s1319_FAE_M_BLOOD_ASEReadCounter.table","NW_015090842.1:8756361",9,17,8
"ZCCHC14","s1319_FAE_M_BLOOD_ASEReadCounter.table","NW_015090842.1:8756388",12,17,5
"ZCCHC14","s1319_FAE_M_BLOOD_ASEReadCounter.table","NW_015090842.1:8756389",12,17,5
"ZCCHC14","s1319_FAE_M_BLOOD_ASEReadCounter.table","NW_015090842.1:8757160",8,12,4
"ZCCHC14","s1319_FAE_M_BLOOD_ASEReadCounter.table","NW_015090842.1:8804511",10,11,1
"ZCCHC14","s1319_FAE_M_BLOOD_ASEReadCounter.table","NW_015090842.1:8804979",2,4,2
"JPH3","s1319_FAE_M_BLOOD_ASEReadCounter.table","NW_015090842.1:8872283",0,1,1
"JPH3","s1319_FAE_M_BLOOD_ASEReadCounter.table","NW_015090842.1:8872294",1,2,1
"JPH3","s1319_FAE_M_BLOOD_ASEReadCounter.table","NW_015090842.1:8872730",0,3,3
"JPH3","s1319_FAE_M_BLOOD_ASEReadCounter.table","NW_015090842.1:8885260",0,2,2
"JPH3","s1319_FAE_M_BLOOD_ASEReadCounter.table","NW_015090842.1:8885315",0,2,2
"JPH3","s1319_FAE_M_BLOOD_ASEReadCounter.table","NW_015090842.1:8885328",0,2,2
"JPH3","s1319_FAE_M_BLOOD_ASEReadCounter.table","NW_015090842.1:8885438",0,1,1
"JPH3","s1319_FAE_M_BLOOD_ASEReadCounter.table","NW_015090842.1:8885525",0,1,1
"KLHDC4","s1319_FAE_M_BLOOD_ASEReadCounter.table","NW_015090842.1:8890729",12,22,10
"KLHDC4","s1319_FAE_M_BLOOD_ASEReadCounter.table","NW_015090842.1:8890749",12,22,10
"KLHDC4","s1319_FAE_M_BLOOD_ASEReadCounter.table","NW_015090842.1:8890761",13,26,13
"KLHDC4","s1319_FAE_M_BLOOD_ASEReadCounter.table","NW_015090842.1:8891123",33,59,26
"KLHDC4","s1319_FAE_M_BLOOD_ASEReadCounter.table","NW_015090842.1:8893124",42,83,41
"KLHDC4","s1319_FAE_M_BLOOD_ASEReadCounter.table","NW_015090842.1:8894542",42,70,28
"KLHDC4","s1319_FAE_M_BLOOD_ASEReadCounter.table","NW_015090842.1:8896726",28,67,39
"KLHDC4","s1319_FAE_M_BLOOD_ASEReadCounter.table","NW_015090842.1:8896767",23,67,44
"KLHDC4","s1319_FAE_M_BLOOD_ASEReadCounter.table","NW_015090842.1:8904174",27,60,33
"KLHDC4","s1319_FAE_M_BLOOD_ASEReadCounter.table","NW_015090842.1:8904231",24,53,29
"KLHDC4","s1319_FAE_M_BLOOD_ASEReadCounter.table","NW_015090842.1:8905251",33,58,25
"KLHDC4","s1319_FAE_M_BLOOD_ASEReadCounter.table","NW_015090842.1:8905263",32,62,30
"KLHDC4","s1319_FAE_M_BLOOD_ASEReadCounter.table","NW_015090842.1:8919626",3,4,1
"SLC7A5","s1319_FAE_M_BLOOD_ASEReadCounter.table","NW_015090842.1:8938782",3,12,9
"SLC7A5","s1319_FAE_M_BLOOD_ASEReadCounter.table","NW_015090842.1:8938943",3,12,9
"SLC7A5","s1319_FAE_M_BLOOD_ASEReadCounter.table","NW_015090842.1:8939611",4,7,3
"SLC7A5","s1319_FAE_M_BLOOD_ASEReadCounter.table","NW_015090842.1:8939738",6,9,3
"SLC7A5","s1319_FAE_M_BLOOD_ASEReadCounter.table","NW_015090842.1:8939739",6,9,3
"SLC7A5","s1319_FAE_M_BLOOD_ASEReadCounter.table","NW_015090842.1:8939740",6,10,4
"SLC7A5","s1319_FAE_M_BLOOD_ASEReadCounter.table","NW_015090842.1:8939795",3,4,1
"SLC7A5","s1319_FAE_M_BLOOD_ASEReadCounter.table","NW_015090842.1:8939815",2,4,2
"SLC7A5","s1319_FAE_M_BLOOD_ASEReadCounter.table","NW_015090842.1:8939816",2,4,2
"SLC7A5","s1319_FAE_M_BLOOD_ASEReadCounter.table","NW_015090842.1:8939817",2,5,3
"SLC7A5","s1319_FAE_M_BLOOD_ASEReadCounter.table","NW_015090842.1:8939845",2,4,2
"SLC7A5","s1319_FAE_M_BLOOD_ASEReadCounter.table","NW_015090842.1:8939894",7,11,4
"SLC7A5","s1319_FAE_M_BLOOD_ASEReadCounter.table","NW_015090842.1:8939895",6,11,5
"SLC7A5","s1319_FAE_M_BLOOD_ASEReadCounter.table","NW_015090842.1:8939997",19,19,0
"SLC7A5","s1319_FAE_M_BLOOD_ASEReadCounter.table","NW_015090842.1:8940172",4,10,6
"SLC7A5","s1319_FAE_M_BLOOD_ASEReadCounter.table","NW_015090842.1:8940331",2,10,8
"SLC7A5","s1319_FAE_M_BLOOD_ASEReadCounter.table","NW_015090842.1:8940696",11,11,0
"SLC7A5","s1319_FAE_M_BLOOD_ASEReadCounter.table","NW_015090842.1:8940719",3,8,5
"SLC7A5","s1319_FAE_M_BLOOD_ASEReadCounter.table","NW_015090842.1:8940737",2,11,9
"SLC7A5","s1319_FAE_M_BLOOD_ASEReadCounter.table","NW_015090842.1:8940743",5,14,9
"SLC7A5","s1319_FAE_M_BLOOD_ASEReadCounter.table","NW_015090842.1:8940766",6,10,4
"SLC7A5","s1319_FAE_M_BLOOD_ASEReadCounter.table","NW_015090842.1:8940769",6,10,4
"SLC7A5","s1319_FAE_M_BLOOD_ASEReadCounter.table","NW_015090842.1:8940861",3,5,2
"SLC7A5","s1319_FAE_M_BLOOD_ASEReadCounter.table","NW_015090842.1:8941068",11,22,11
"SLC7A5","s1319_FAE_M_BLOOD_ASEReadCounter.table","NW_015090842.1:8941467",5,17,12
"SLC7A5","s1319_FAE_M_BLOOD_ASEReadCounter.table","NW_015090842.1:8941531",5,13,8
"SLC7A5","s1319_FAE_M_BLOOD_ASEReadCounter.table","NW_015090842.1:8941588",6,21,15
"SLC7A5","s1319_FAE_M_BLOOD_ASEReadCounter.table","NW_015090842.1:8941698",5,15,10
"SLC7A5","s1319_FAE_M_BLOOD_ASEReadCounter.table","NW_015090842.1:8941717",8,19,11
"SLC7A5","s1319_FAE_M_BLOOD_ASEReadCounter.table","NW_015090842.1:8941745",9,21,12
"SLC7A5","s1319_FAE_M_BLOOD_ASEReadCounter.table","NW_015090842.1:8941781",7,20,13
"SLC7A5","s1319_FAE_M_BLOOD_ASEReadCounter.table","NW_015090842.1:8941887",6,13,7
"SLC7A5","s1319_FAE_M_BLOOD_ASEReadCounter.table","NW_015090842.1:8941968",5,11,6
"SLC7A5","s1319_FAE_M_BLOOD_ASEReadCounter.table","NW_015090842.1:8942025",6,19,13
"SLC7A5","s1319_FAE_M_BLOOD_ASEReadCounter.table","NW_015090842.1:8942069",5,17,12
"SLC7A5","s1319_FAE_M_BLOOD_ASEReadCounter.table","NW_015090842.1:8942170",8,16,8
"SLC7A5","s1319_FAE_M_BLOOD_ASEReadCounter.table","NW_015090842.1:8942241",7,16,9
"SLC7A5","s1319_FAE_M_BLOOD_ASEReadCounter.table","NW_015090842.1:8942283",3,11,8
"SLC7A5","s1319_FAE_M_BLOOD_ASEReadCounter.table","NW_015090842.1:8942717",5,11,6
"SLC7A5","s1319_FAE_M_BLOOD_ASEReadCounter.table","NW_015090842.1:8942756",5,11,6
"SLC7A5","s1319_FAE_M_BLOOD_ASEReadCounter.table","NW_015090842.1:8942766",6,12,6
"SLC7A5","s1319_FAE_M_BLOOD_ASEReadCounter.table","NW_015090842.1:8943271",9,17,8
"SLC7A5","s1319_FAE_M_BLOOD_ASEReadCounter.table","NW_015090842.1:8943524",6,14,8
"SLC7A5","s1319_FAE_M_BLOOD_ASEReadCounter.table","NW_015090842.1:8943530",6,14,8
"SLC7A5","s1319_FAE_M_BLOOD_ASEReadCounter.table","NW_015090842.1:8943602",11,17,6
"SLC7A5","s1319_FAE_M_BLOOD_ASEReadCounter.table","NW_015090842.1:8943622",11,16,5
"SLC7A5","s1319_FAE_M_BLOOD_ASEReadCounter.table","NW_015090842.1:8943661",11,18,7
"SLC7A5","s1319_FAE_M_BLOOD_ASEReadCounter.table","NW_015090842.1:8943686",12,21,9
"SLC7A5","s1319_FAE_M_BLOOD_ASEReadCounter.table","NW_015090842.1:8943788",12,18,6
"SLC7A5","s1319_FAE_M_BLOOD_ASEReadCounter.table","NW_015090842.1:8943814",11,21,10
"SLC7A5","s1319_FAE_M_BLOOD_ASEReadCounter.table","NW_015090842.1:8943876",6,15,9
"SLC7A5","s1319_FAE_M_BLOOD_ASEReadCounter.table","NW_015090842.1:8943892",6,17,11
"SLC7A5","s1319_FAE_M_BLOOD_ASEReadCounter.table","NW_015090842.1:8944097",9,25,16
"SLC7A5","s1319_FAE_M_BLOOD_ASEReadCounter.table","NW_015090842.1:8944104",10,25,15
"SLC7A5","s1319_FAE_M_BLOOD_ASEReadCounter.table","NW_015090842.1:8944293",4,17,13
"SLC7A5","s1319_FAE_M_BLOOD_ASEReadCounter.table","NW_015090842.1:8944297",4,16,12
"SLC7A5","s1319_FAE_M_BLOOD_ASEReadCounter.table","NW_015090842.1:8944397",6,12,6
"SLC7A5","s1319_FAE_M_BLOOD_ASEReadCounter.table","NW_015090842.1:8944552",7,16,9
"SLC7A5","s1319_FAE_M_BLOOD_ASEReadCounter.table","NW_015090842.1:8944629",12,18,6
"CA5A","s1319_FAE_M_BLOOD_ASEReadCounter.table","NW_015090842.1:8989479",5,8,3
"CA5A","s1319_FAE_M_BLOOD_ASEReadCounter.table","NW_015090842.1:8989562",6,9,3
"CA5A","s1319_FAE_M_BLOOD_ASEReadCounter.table","NW_015090842.1:8989609",6,9,3
"CA5A","s1319_FAE_M_BLOOD_ASEReadCounter.table","NW_015090842.1:8989693",6,9,3
"CA5A","s1319_FAE_M_BLOOD_ASEReadCounter.table","NW_015090842.1:8989702",5,7,2
"CA5A","s1319_FAE_M_BLOOD_ASEReadCounter.table","NW_015090842.1:8989746",5,8,3
"CA5A","s1319_FAE_M_BLOOD_ASEReadCounter.table","NW_015090842.1:8989880",6,9,3
"CA5A","s1319_FAE_M_BLOOD_ASEReadCounter.table","NW_015090842.1:8989885",6,9,3
"CA5A","s1319_FAE_M_BLOOD_ASEReadCounter.table","NW_015090842.1:8989929",9,15,6
"CA5A","s1319_FAE_M_BLOOD_ASEReadCounter.table","NW_015090842.1:8990002",6,16,10
"CA5A","s1319_FAE_M_BLOOD_ASEReadCounter.table","NW_015090842.1:8990004",6,16,10
"CA5A","s1319_FAE_M_BLOOD_ASEReadCounter.table","NW_015090842.1:8990005",6,16,10
"CA5A","s1319_FAE_M_BLOOD_ASEReadCounter.table","NW_015090842.1:8990017",4,11,7
"CA5A","s1319_FAE_M_BLOOD_ASEReadCounter.table","NW_015090842.1:8990043",2,5,3
"CA5A","s1319_FAE_M_BLOOD_ASEReadCounter.table","NW_015090842.1:8990060",5,5,0
"CA5A","s1319_FAE_M_BLOOD_ASEReadCounter.table","NW_015090842.1:8990080",0,3,3
"CA5A","s1319_FAE_M_BLOOD_ASEReadCounter.table","NW_015090842.1:8990084",1,4,3
"CA5A","s1319_FAE_M_BLOOD_ASEReadCounter.table","NW_015090842.1:8990090",1,4,3
"CA5A","s1319_FAE_M_BLOOD_ASEReadCounter.table","NW_015090842.1:8990095",3,5,2
"CA5A","s1319_FAE_M_BLOOD_ASEReadCounter.table","NW_015090842.1:8990111",4,8,4
"CA5A","s1319_FAE_M_BLOOD_ASEReadCounter.table","NW_015090842.1:8990112",3,7,4
"CA5A","s1319_FAE_M_BLOOD_ASEReadCounter.table","NW_015090842.1:8990115",3,7,4
"CA5A","s1319_FAE_M_BLOOD_ASEReadCounter.table","NW_015090842.1:8990166",3,6,3
"CA5A","s1319_FAE_M_BLOOD_ASEReadCounter.table","NW_015090842.1:8990169",3,6,3
"CA5A","s1319_FAE_M_BLOOD_ASEReadCounter.table","NW_015090842.1:8990193",7,7,0
"CA5A","s1319_FAE_M_BLOOD_ASEReadCounter.table","NW_015090842.1:8990222",2,5,3
"CA5A","s1319_FAE_M_BLOOD_ASEReadCounter.table","NW_015090842.1:8990289",3,5,2
"CA5A","s1319_FAE_M_BLOOD_ASEReadCounter.table","NW_015090842.1:8990314",2,3,1
"CA5A","s1319_FAE_M_BLOOD_ASEReadCounter.table","NW_015090842.1:8990361",4,6,2
"CA5A","s1319_FAE_M_BLOOD_ASEReadCounter.table","NW_015090842.1:8990368",4,6,2
"CA5A","s1319_FAE_M_BLOOD_ASEReadCounter.table","NW_015090842.1:8990429",4,8,4
"CA5A","s1319_FAE_M_BLOOD_ASEReadCounter.table","NW_015090842.1:8990466",2,6,4
"CA5A","s1319_FAE_M_BLOOD_ASEReadCounter.table","NW_015090842.1:8990663",12,17,5
"CA5A","s1319_FAE_M_BLOOD_ASEReadCounter.table","NW_015090842.1:8990797",8,13,5
"CA5A","s1319_FAE_M_BLOOD_ASEReadCounter.table","NW_015090842.1:8990836",4,9,5
"CA5A","s1319_FAE_M_BLOOD_ASEReadCounter.table","NW_015090842.1:8990842",4,8,4
"CA5A","s1319_FAE_M_BLOOD_ASEReadCounter.table","NW_015090842.1:8990851",4,7,3
"CA5A","s1319_FAE_M_BLOOD_ASEReadCounter.table","NW_015090842.1:8990918",7,9,2
"CA5A","s1319_FAE_M_BLOOD_ASEReadCounter.table","NW_015090842.1:8990921",6,8,2
"CA5A","s1319_FAE_M_BLOOD_ASEReadCounter.table","NW_015090842.1:8990942",8,13,5
"CA5A","s1319_FAE_M_BLOOD_ASEReadCounter.table","NW_015090842.1:8991001",6,15,9
"CA5A","s1319_FAE_M_BLOOD_ASEReadCounter.table","NW_015090842.1:8991038",5,9,4
"CA5A","s1319_FAE_M_BLOOD_ASEReadCounter.table","NW_015090842.1:8991149",4,10,6
"CA5A","s1319_FAE_M_BLOOD_ASEReadCounter.table","NW_015090842.1:8991176",5,11,6
"CA5A","s1319_FAE_M_BLOOD_ASEReadCounter.table","NW_015090842.1:8991241",9,15,6
"CA5A","s1319_FAE_M_BLOOD_ASEReadCounter.table","NW_015090842.1:8991262",7,11,4
"CA5A","s1319_FAE_M_BLOOD_ASEReadCounter.table","NW_015090842.1:8991316",6,7,1
"CA5A","s1319_FAE_M_BLOOD_ASEReadCounter.table","NW_015090842.1:8991319",5,6,1
"CA5A","s1319_FAE_M_BLOOD_ASEReadCounter.table","NW_015090842.1:8991330",5,5,0
"CA5A","s1319_FAE_M_BLOOD_ASEReadCounter.table","NW_015090842.1:8991334",3,3,0
"CA5A","s1319_FAE_M_BLOOD_ASEReadCounter.table","NW_015090842.1:8991362",5,8,3
"CA5A","s1319_FAE_M_BLOOD_ASEReadCounter.table","NW_015090842.1:8991368",6,9,3
"CA5A","s1319_FAE_M_BLOOD_ASEReadCounter.table","NW_015090842.1:8991390",7,11,4
"CA5A","s1319_FAE_M_BLOOD_ASEReadCounter.table","NW_015090842.1:8991395",7,11,4
"CA5A","s1319_FAE_M_BLOOD_ASEReadCounter.table","NW_015090842.1:8991422",6,11,5
"CA5A","s1319_FAE_M_BLOOD_ASEReadCounter.table","NW_015090842.1:8991467",3,8,5
"CA5A","s1319_FAE_M_BLOOD_ASEReadCounter.table","NW_015090842.1:8991576",0,4,4
"CA5A","s1319_FAE_M_BLOOD_ASEReadCounter.table","NW_015090842.1:8991587",2,6,4
"CA5A","s1319_FAE_M_BLOOD_ASEReadCounter.table","NW_015090842.1:8991655",5,8,3
"CA5A","s1319_FAE_M_BLOOD_ASEReadCounter.table","NW_015090842.1:8991717",5,11,6
"CA5A","s1319_FAE_M_BLOOD_ASEReadCounter.table","NW_015090842.1:8991726",5,10,5
"CA5A","s1319_FAE_M_BLOOD_ASEReadCounter.table","NW_015090842.1:8991799",4,7,3
"CA5A","s1319_FAE_M_BLOOD_ASEReadCounter.table","NW_015090842.1:8991809",4,7,3
"CA5A","s1319_FAE_M_BLOOD_ASEReadCounter.table","NW_015090842.1:8991848",5,10,5
"CA5A","s1319_FAE_M_BLOOD_ASEReadCounter.table","NW_015090842.1:8991849",5,10,5
"CA5A","s1319_FAE_M_BLOOD_ASEReadCounter.table","NW_015090842.1:8991927",1,4,3
"CA5A","s1319_FAE_M_BLOOD_ASEReadCounter.table","NW_015090842.1:8991941",1,5,4
"CA5A","s1319_FAE_M_BLOOD_ASEReadCounter.table","NW_015090842.1:8992121",6,12,6
"CA5A","s1319_FAE_M_BLOOD_ASEReadCounter.table","NW_015090842.1:8992224",2,7,5
"CA5A","s1319_FAE_M_BLOOD_ASEReadCounter.table","NW_015090842.1:9002570",3,6,3
"CA5A","s1319_FAE_M_BLOOD_ASEReadCounter.table","NW_015090842.1:9002600",3,7,4
"CA5A","s1319_FAE_M_BLOOD_ASEReadCounter.table","NW_015090842.1:9004312",3,3,0
"BANP","s1319_FAE_M_BLOOD_ASEReadCounter.table","NW_015090842.1:9033407",88,180,92
"BANP","s1319_FAE_M_BLOOD_ASEReadCounter.table","NW_015090842.1:9033409",86,180,94
"BANP","s1319_FAE_M_BLOOD_ASEReadCounter.table","NW_015090842.1:9033420",100,219,119
"BANP","s1319_FAE_M_BLOOD_ASEReadCounter.table","NW_015090842.1:9067974",0,110,110
"BANP","s1319_FAE_M_BLOOD_ASEReadCounter.table","NW_015090842.1:9102510",98,230,132
"BANP","s1319_FAE_M_BLOOD_ASEReadCounter.table","NW_015090842.1:9168534",83,211,128
"BANP","s1319_FAE_M_BLOOD_ASEReadCounter.table","NW_015090842.1:9168818",80,170,90
"ZNF469","s1319_FAE_M_BLOOD_ASEReadCounter.table","NW_015090842.1:9426585",1,1,0
"ZNF469","s1319_FAE_M_BLOOD_ASEReadCounter.table","NW_015090842.1:9427614",0,1,1
"ZNF469","s1319_FAE_M_BLOOD_ASEReadCounter.table","NW_015090842.1:9430668",1,1,0
"ZNF469","s1319_FAE_M_BLOOD_ASEReadCounter.table","NW_015090842.1:9430700",1,1,0
"ZNF469","s1319_FAE_M_BLOOD_ASEReadCounter.table","NW_015090842.1:9432374",0,1,1
"ZNF469","s1319_FAE_M_BLOOD_ASEReadCounter.table","NW_015090842.1:9432382",0,1,1
"ZNF469","s1319_FAE_M_BLOOD_ASEReadCounter.table","NW_015090842.1:9434259",1,1,0
"ZFPM1","s1319_FAE_M_BLOOD_ASEReadCounter.table","NW_015090842.1:9458862",22,40,18
"ZFPM1","s1319_FAE_M_BLOOD_ASEReadCounter.table","NW_015090842.1:9458888",29,44,15
"ZFPM1","s1319_FAE_M_BLOOD_ASEReadCounter.table","NW_015090842.1:9458904",32,46,14
"ZFPM1","s1319_FAE_M_BLOOD_ASEReadCounter.table","NW_015090842.1:9458916",34,48,14
"ZFPM1","s1319_FAE_M_BLOOD_ASEReadCounter.table","NW_015090842.1:9468568",24,39,15
"ZFPM1","s1319_FAE_M_BLOOD_ASEReadCounter.table","NW_015090842.1:9468593",23,40,17
"ZFPM1","s1319_FAE_M_BLOOD_ASEReadCounter.table","NW_015090842.1:9471561",23,27,4
"ZFPM1","s1319_FAE_M_BLOOD_ASEReadCounter.table","NW_015090842.1:9472557",24,34,10
"ZFPM1","s1319_FAE_M_BLOOD_ASEReadCounter.table","NW_015090842.1:9472565",23,32,9
"ZFPM1","s1319_FAE_M_BLOOD_ASEReadCounter.table","NW_015090842.1:9472608",22,31,9
"ZFPM1","s1319_FAE_M_BLOOD_ASEReadCounter.table","NW_015090842.1:9472627",22,31,9
"ZFPM1","s1319_FAE_M_BLOOD_ASEReadCounter.table","NW_015090842.1:9472668",20,31,11
"ZFPM1","s1319_FAE_M_BLOOD_ASEReadCounter.table","NW_015090842.1:9473655",21,30,9
"ZFPM1","s1319_FAE_M_BLOOD_ASEReadCounter.table","NW_015090842.1:9475827",34,45,11
"ZFPM1","s1319_FAE_M_BLOOD_ASEReadCounter.table","NW_015090842.1:9475842",41,55,14
"ZFPM1","s1319_FAE_M_BLOOD_ASEReadCounter.table","NW_015090842.1:9476119",19,27,8
"ZFPM1","s1319_FAE_M_BLOOD_ASEReadCounter.table","NW_015090842.1:9476161",21,29,8
"ZFPM1","s1319_FAE_M_BLOOD_ASEReadCounter.table","NW_015090842.1:9476219",15,21,6
"ZFPM1","s1319_FAE_M_BLOOD_ASEReadCounter.table","NW_015090842.1:9476233",12,18,6
"ZFPM1","s1319_FAE_M_BLOOD_ASEReadCounter.table","NW_015090842.1:9476305",10,18,8
"ZFPM1","s1319_FAE_M_BLOOD_ASEReadCounter.table","NW_015090842.1:9476395",18,26,8
"ZFPM1","s1319_FAE_M_BLOOD_ASEReadCounter.table","NW_015090842.1:9476421",17,24,7
"ZFPM1","s1319_FAE_M_BLOOD_ASEReadCounter.table","NW_015090842.1:9476539",24,32,8
"ZFPM1","s1319_FAE_M_BLOOD_ASEReadCounter.table","NW_015090842.1:9476576",12,20,8
"ZFPM1","s1319_FAE_M_BLOOD_ASEReadCounter.table","NW_015090842.1:9476599",28,28,0
"ZFPM1","s1319_FAE_M_BLOOD_ASEReadCounter.table","NW_015090842.1:9476792",34,47,13
"ZFPM1","s1319_FAE_M_BLOOD_ASEReadCounter.table","NW_015090842.1:9476803",35,47,12
"ZFPM1","s1319_FAE_M_BLOOD_ASEReadCounter.table","NW_015090842.1:9477115",15,22,7
"ZFPM1","s1319_FAE_M_BLOOD_ASEReadCounter.table","NW_015090842.1:9477299",0,20,20
"ZFPM1","s1319_FAE_M_BLOOD_ASEReadCounter.table","NW_015090842.1:9477398",22,22,0
"ZFPM1","s1319_FAE_M_BLOOD_ASEReadCounter.table","NW_015090842.1:9477422",11,19,8
"ZFPM1","s1319_FAE_M_BLOOD_ASEReadCounter.table","NW_015090842.1:9477554",23,27,4
"ZFPM1","s1319_FAE_M_BLOOD_ASEReadCounter.table","NW_015090842.1:9477575",25,25,0
"ZFPM1","s1319_FAE_M_BLOOD_ASEReadCounter.table","NW_015090842.1:9477595",28,30,2
"ZFPM1","s1319_FAE_M_BLOOD_ASEReadCounter.table","NW_015090842.1:9477611",31,34,3
"ZFPM1","s1319_FAE_M_BLOOD_ASEReadCounter.table","NW_015090842.1:9477659",32,34,2
"ZFPM1","s1319_FAE_M_BLOOD_ASEReadCounter.table","NW_015090842.1:9477737",20,25,5
"ZFPM1","s1319_FAE_M_BLOOD_ASEReadCounter.table","NW_015090842.1:9477791",24,26,2
"ZFPM1","s1319_FAE_M_BLOOD_ASEReadCounter.table","NW_015090842.1:9477844",23,25,2
"ZFPM1","s1319_FAE_M_BLOOD_ASEReadCounter.table","NW_015090842.1:9477917",22,25,3
"ZFPM1","s1319_FAE_M_BLOOD_ASEReadCounter.table","NW_015090842.1:9478295",35,48,13
"ZFPM1","s1319_FAE_M_BLOOD_ASEReadCounter.table","NW_015090842.1:9478349",27,37,10
"ZFPM1","s1319_FAE_M_BLOOD_ASEReadCounter.table","NW_015090842.1:9478524",21,30,9
"ZFPM1","s1319_FAE_M_BLOOD_ASEReadCounter.table","NW_015090842.1:9478546",19,27,8
"ZFPM1","s1319_FAE_M_BLOOD_ASEReadCounter.table","NW_015090842.1:9478573",20,28,8
"ZFPM1","s1319_FAE_M_BLOOD_ASEReadCounter.table","NW_015090842.1:9478582",17,25,8
"ZFPM1","s1319_FAE_M_BLOOD_ASEReadCounter.table","NW_015090842.1:9478684",1,2,1
"ZFPM1","s1319_FAE_M_BLOOD_ASEReadCounter.table","NW_015090842.1:9478711",3,4,1
"ZFPM1","s1319_FAE_M_BLOOD_ASEReadCounter.table","NW_015090842.1:9478761",5,6,1
"ZFPM1","s1319_FAE_M_BLOOD_ASEReadCounter.table","NW_015090842.1:9478829",1,1,0
"CIDEC","s1319_FAE_M_BLOOD_ASEReadCounter.table","NW_015090842.1:9480170",1,1,0
"CIDEC","s1319_FAE_M_BLOOD_ASEReadCounter.table","NW_015090842.1:9480171",1,1,0
"CIDEC","s1319_FAE_M_BLOOD_ASEReadCounter.table","NW_015090842.1:9480394",0,1,1
"CIDEC","s1319_FAE_M_BLOOD_ASEReadCounter.table","NW_015090842.1:9480756",1,2,1
"CIDEC","s1319_FAE_M_BLOOD_ASEReadCounter.table","NW_015090842.1:9481604",0,1,1
"ZC3H18","s1319_FAE_M_BLOOD_ASEReadCounter.table","NW_015090842.1:9494271",9,30,21
"ZC3H18","s1319_FAE_M_BLOOD_ASEReadCounter.table","NW_015090842.1:9501427",53,97,44
"ZC3H18","s1319_FAE_M_BLOOD_ASEReadCounter.table","NW_015090842.1:9501442",46,90,44
"ZC3H18","s1319_FAE_M_BLOOD_ASEReadCounter.table","NW_015090842.1:9505538",41,75,34
"ZC3H18","s1319_FAE_M_BLOOD_ASEReadCounter.table","NW_015090842.1:9506778",45,83,38
"ZC3H18","s1319_FAE_M_BLOOD_ASEReadCounter.table","NW_015090842.1:9522538",46,96,50
"ZC3H18","s1319_FAE_M_BLOOD_ASEReadCounter.table","NW_015090842.1:9524350",44,85,41
"ZC3H18","s1319_FAE_M_BLOOD_ASEReadCounter.table","NW_015090842.1:9524366",39,85,46
"ZC3H18","s1319_FAE_M_BLOOD_ASEReadCounter.table","NW_015090842.1:9524424",23,56,33
"ZC3H18","s1319_FAE_M_BLOOD_ASEReadCounter.table","NW_015090842.1:9529649",35,77,42
"ZC3H18","s1319_FAE_M_BLOOD_ASEReadCounter.table","NW_015090842.1:9529688",26,68,42
"ZC3H18","s1319_FAE_M_BLOOD_ASEReadCounter.table","NW_015090842.1:9529691",24,63,39
"ZC3H18","s1319_FAE_M_BLOOD_ASEReadCounter.table","NW_015090842.1:9530977",25,54,29
"ZC3H18","s1319_FAE_M_BLOOD_ASEReadCounter.table","NW_015090842.1:9536699",13,23,10
"CYBA","s1319_FAE_M_BLOOD_ASEReadCounter.table","NW_015090842.1:9547281",2,2,0
"CYBA","s1319_FAE_M_BLOOD_ASEReadCounter.table","NW_015090842.1:9547402",4,10,6
"CYBA","s1319_FAE_M_BLOOD_ASEReadCounter.table","NW_015090842.1:9547553",4,10,6
"CYBA","s1319_FAE_M_BLOOD_ASEReadCounter.table","NW_015090842.1:9548052",5,7,2
"CYBA","s1319_FAE_M_BLOOD_ASEReadCounter.table","NW_015090842.1:9548436",3,16,13
"CYBA","s1319_FAE_M_BLOOD_ASEReadCounter.table","NW_015090842.1:9548442",3,17,14
"CYBA","s1319_FAE_M_BLOOD_ASEReadCounter.table","NW_015090842.1:9548478",2,14,12
"CYBA","s1319_FAE_M_BLOOD_ASEReadCounter.table","NW_015090842.1:9548487",2,13,11
"CYBA","s1319_FAE_M_BLOOD_ASEReadCounter.table","NW_015090842.1:9548490",2,11,9
"CYBA","s1319_FAE_M_BLOOD_ASEReadCounter.table","NW_015090842.1:9548717",2,10,8
"CYBA","s1319_FAE_M_BLOOD_ASEReadCounter.table","NW_015090842.1:9548750",2,6,4
"CYBA","s1319_FAE_M_BLOOD_ASEReadCounter.table","NW_015090842.1:9548766",0,1,1
"MVD","s1319_FAE_M_BLOOD_ASEReadCounter.table","NW_015090842.1:9550678",10,20,10
"MVD","s1319_FAE_M_BLOOD_ASEReadCounter.table","NW_015090842.1:9550690",11,22,11
"MVD","s1319_FAE_M_BLOOD_ASEReadCounter.table","NW_015090842.1:9550691",11,22,11
"MVD","s1319_FAE_M_BLOOD_ASEReadCounter.table","NW_015090842.1:9550699",14,27,13
"MVD","s1319_FAE_M_BLOOD_ASEReadCounter.table","NW_015090842.1:9550719",17,29,12
"MVD","s1319_FAE_M_BLOOD_ASEReadCounter.table","NW_015090842.1:9551596",19,46,27
"MVD","s1319_FAE_M_BLOOD_ASEReadCounter.table","NW_015090842.1:9551638",29,62,33
"MVD","s1319_FAE_M_BLOOD_ASEReadCounter.table","NW_015090842.1:9551899",38,38,0
"MVD","s1319_FAE_M_BLOOD_ASEReadCounter.table","NW_015090842.1:9551927",41,41,0
"MVD","s1319_FAE_M_BLOOD_ASEReadCounter.table","NW_015090842.1:9551930",43,43,0
"MVD","s1319_FAE_M_BLOOD_ASEReadCounter.table","NW_015090842.1:9551942",32,40,8
"MVD","s1319_FAE_M_BLOOD_ASEReadCounter.table","NW_015090842.1:9552193",29,63,34
"MVD","s1319_FAE_M_BLOOD_ASEReadCounter.table","NW_015090842.1:9552202",26,61,35
"MVD","s1319_FAE_M_BLOOD_ASEReadCounter.table","NW_015090842.1:9552208",26,64,38
"MVD","s1319_FAE_M_BLOOD_ASEReadCounter.table","NW_015090842.1:9552625",16,33,17
"MVD","s1319_FAE_M_BLOOD_ASEReadCounter.table","NW_015090842.1:9552629",30,30,0
"MVD","s1319_FAE_M_BLOOD_ASEReadCounter.table","NW_015090842.1:9552644",18,37,19
"MVD","s1319_FAE_M_BLOOD_ASEReadCounter.table","NW_015090842.1:9553093",22,43,21
"MVD","s1319_FAE_M_BLOOD_ASEReadCounter.table","NW_015090842.1:9553114",22,44,22
"RNF166","s1319_FAE_M_BLOOD_ASEReadCounter.table","NW_015090842.1:9557900",12,33,21
"RNF166","s1319_FAE_M_BLOOD_ASEReadCounter.table","NW_015090842.1:9558048",26,56,30
"RNF166","s1319_FAE_M_BLOOD_ASEReadCounter.table","NW_015090842.1:9558116",23,54,31
"RNF166","s1319_FAE_M_BLOOD_ASEReadCounter.table","NW_015090842.1:9558308",23,49,26
"RNF166","s1319_FAE_M_BLOOD_ASEReadCounter.table","NW_015090842.1:9558405",27,55,28
"RNF166","s1319_FAE_M_BLOOD_ASEReadCounter.table","NW_015090842.1:9558549",45,83,38
"RNF166","s1319_FAE_M_BLOOD_ASEReadCounter.table","NW_015090842.1:9558556",48,89,41
"RNF166","s1319_FAE_M_BLOOD_ASEReadCounter.table","NW_015090842.1:9558579",60,102,42
"RNF166","s1319_FAE_M_BLOOD_ASEReadCounter.table","NW_015090842.1:9558599",68,107,39
"RNF166","s1319_FAE_M_BLOOD_ASEReadCounter.table","NW_015090842.1:9558688",79,118,39
"RNF166","s1319_FAE_M_BLOOD_ASEReadCounter.table","NW_015090842.1:9558711",69,107,38
"RNF166","s1319_FAE_M_BLOOD_ASEReadCounter.table","NW_015090842.1:9558733",61,101,40
"RNF166","s1319_FAE_M_BLOOD_ASEReadCounter.table","NW_015090842.1:9558847",55,102,47
"RNF166","s1319_FAE_M_BLOOD_ASEReadCounter.table","NW_015090842.1:9559798",76,146,70
"RNF166","s1319_FAE_M_BLOOD_ASEReadCounter.table","NW_015090842.1:9560575",87,175,88
"RNF166","s1319_FAE_M_BLOOD_ASEReadCounter.table","NW_015090842.1:9561055",74,130,56
"RNF166","s1319_FAE_M_BLOOD_ASEReadCounter.table","NW_015090842.1:9562458",74,121,47
"RNF166","s1319_FAE_M_BLOOD_ASEReadCounter.table","NW_015090842.1:9562497",55,100,45
"RNF166","s1319_FAE_M_BLOOD_ASEReadCounter.table","NW_015090842.1:9562539",43,97,54
"RNF166","s1319_FAE_M_BLOOD_ASEReadCounter.table","NW_015090842.1:9564056",23,62,39
"CTU2","s1319_FAE_M_BLOOD_ASEReadCounter.table","NW_015090842.1:9565149",9,17,8
"CTU2","s1319_FAE_M_BLOOD_ASEReadCounter.table","NW_015090842.1:9565193",12,20,8
"CTU2","s1319_FAE_M_BLOOD_ASEReadCounter.table","NW_015090842.1:9565300",13,27,14
"CTU2","s1319_FAE_M_BLOOD_ASEReadCounter.table","NW_015090842.1:9565321",12,24,12
"CTU2","s1319_FAE_M_BLOOD_ASEReadCounter.table","NW_015090842.1:9565721",11,25,14
"CTU2","s1319_FAE_M_BLOOD_ASEReadCounter.table","NW_015090842.1:9565739",10,22,12
"CTU2","s1319_FAE_M_BLOOD_ASEReadCounter.table","NW_015090842.1:9565905",14,23,9
"CTU2","s1319_FAE_M_BLOOD_ASEReadCounter.table","NW_015090842.1:9566013",6,22,16
"CTU2","s1319_FAE_M_BLOOD_ASEReadCounter.table","NW_015090842.1:9566055",13,27,14
"CTU2","s1319_FAE_M_BLOOD_ASEReadCounter.table","NW_015090842.1:9566056",14,28,14
"CTU2","s1319_FAE_M_BLOOD_ASEReadCounter.table","NW_015090842.1:9566151",12,20,8
"CTU2","s1319_FAE_M_BLOOD_ASEReadCounter.table","NW_015090842.1:9566300",12,21,9
"CTU2","s1319_FAE_M_BLOOD_ASEReadCounter.table","NW_015090842.1:9566342",11,22,11
"CTU2","s1319_FAE_M_BLOOD_ASEReadCounter.table","NW_015090842.1:9566548",17,29,12
"CTU2","s1319_FAE_M_BLOOD_ASEReadCounter.table","NW_015090842.1:9566625",20,34,14
"CTU2","s1319_FAE_M_BLOOD_ASEReadCounter.table","NW_015090842.1:9566633",23,37,14
"CTU2","s1319_FAE_M_BLOOD_ASEReadCounter.table","NW_015090842.1:9566807",17,33,16
"CTU2","s1319_FAE_M_BLOOD_ASEReadCounter.table","NW_015090842.1:9567139",14,32,18
"CTU2","s1319_FAE_M_BLOOD_ASEReadCounter.table","NW_015090842.1:9567156",15,33,18
"CTU2","s1319_FAE_M_BLOOD_ASEReadCounter.table","NW_015090842.1:9567614",16,34,18
"CTU2","s1319_FAE_M_BLOOD_ASEReadCounter.table","NW_015090842.1:9567677",18,34,16
"CTU2","s1319_FAE_M_BLOOD_ASEReadCounter.table","NW_015090842.1:9567747",14,28,14
"CTU2","s1319_FAE_M_BLOOD_ASEReadCounter.table","NW_015090842.1:9567828",11,27,16
"CTU2","s1319_FAE_M_BLOOD_ASEReadCounter.table","NW_015090842.1:9567829",11,27,16
"CTU2","s1319_FAE_M_BLOOD_ASEReadCounter.table","NW_015090842.1:9567885",7,15,8
"PIEZO1","s1319_FAE_M_BLOOD_ASEReadCounter.table","NW_015090842.1:9568093",1,1,0
"PIEZO1","s1319_FAE_M_BLOOD_ASEReadCounter.table","NW_015090842.1:9568672",0,1,1
"PIEZO1","s1319_FAE_M_BLOOD_ASEReadCounter.table","NW_015090842.1:9568948",3,4,1
"PIEZO1","s1319_FAE_M_BLOOD_ASEReadCounter.table","NW_015090842.1:9568987",2,2,0
"PIEZO1","s1319_FAE_M_BLOOD_ASEReadCounter.table","NW_015090842.1:9569040",1,1,0
"PIEZO1","s1319_FAE_M_BLOOD_ASEReadCounter.table","NW_015090842.1:9569180",2,2,0
"PIEZO1","s1319_FAE_M_BLOOD_ASEReadCounter.table","NW_015090842.1:9569192",2,2,0
"PIEZO1","s1319_FAE_M_BLOOD_ASEReadCounter.table","NW_015090842.1:9570088",1,3,2
"PIEZO1","s1319_FAE_M_BLOOD_ASEReadCounter.table","NW_015090842.1:9570480",3,5,2
"PIEZO1","s1319_FAE_M_BLOOD_ASEReadCounter.table","NW_015090842.1:9570639",1,5,4
"PIEZO1","s1319_FAE_M_BLOOD_ASEReadCounter.table","NW_015090842.1:9571847",2,2,0
"PIEZO1","s1319_FAE_M_BLOOD_ASEReadCounter.table","NW_015090842.1:9572371",1,1,0
"PIEZO1","s1319_FAE_M_BLOOD_ASEReadCounter.table","NW_015090842.1:9572638",1,2,1
"PIEZO1","s1319_FAE_M_BLOOD_ASEReadCounter.table","NW_015090842.1:9573156",3,4,1
"PIEZO1","s1319_FAE_M_BLOOD_ASEReadCounter.table","NW_015090842.1:9573280",2,2,0
"PIEZO1","s1319_FAE_M_BLOOD_ASEReadCounter.table","NW_015090842.1:9573566",2,2,0
"PIEZO1","s1319_FAE_M_BLOOD_ASEReadCounter.table","NW_015090842.1:9575341",1,1,0
"PIEZO1","s1319_FAE_M_BLOOD_ASEReadCounter.table","NW_015090842.1:9575367",1,2,1
"PIEZO1","s1319_FAE_M_BLOOD_ASEReadCounter.table","NW_015090842.1:9575645",1,1,0
"PIEZO1","s1319_FAE_M_BLOOD_ASEReadCounter.table","NW_015090842.1:9575696",4,4,0
"PIEZO1","s1319_FAE_M_BLOOD_ASEReadCounter.table","NW_015090842.1:9575897",2,2,0
"PIEZO1","s1319_FAE_M_BLOOD_ASEReadCounter.table","NW_015090842.1:9576687",2,2,0
"PIEZO1","s1319_FAE_M_BLOOD_ASEReadCounter.table","NW_015090842.1:9576710",1,1,0
"PIEZO1","s1319_FAE_M_BLOOD_ASEReadCounter.table","NW_015090842.1:9576723",2,2,0
"PIEZO1","s1319_FAE_M_BLOOD_ASEReadCounter.table","NW_015090842.1:9578268",2,3,1
"PIEZO1","s1319_FAE_M_BLOOD_ASEReadCounter.table","NW_015090842.1:9578770",0,2,2
"PIEZO1","s1319_FAE_M_BLOOD_ASEReadCounter.table","NW_015090842.1:9578806",0,1,1
"PIEZO1","s1319_FAE_M_BLOOD_ASEReadCounter.table","NW_015090842.1:9579064",0,1,1
"PIEZO1","s1319_FAE_M_BLOOD_ASEReadCounter.table","NW_015090842.1:9579065",0,1,1
"PIEZO1","s1319_FAE_M_BLOOD_ASEReadCounter.table","NW_015090842.1:9579347",1,1,0
"PIEZO1","s1319_FAE_M_BLOOD_ASEReadCounter.table","NW_015090842.1:9580765",2,2,0
"PIEZO1","s1319_FAE_M_BLOOD_ASEReadCounter.table","NW_015090842.1:9580996",2,2,0
"PIEZO1","s1319_FAE_M_BLOOD_ASEReadCounter.table","NW_015090842.1:9581101",1,1,0
"PIEZO1","s1319_FAE_M_BLOOD_ASEReadCounter.table","NW_015090842.1:9581299",1,1,0
"PIEZO1","s1319_FAE_M_BLOOD_ASEReadCounter.table","NW_015090842.1:9581875",2,2,0
"PIEZO1","s1319_FAE_M_BLOOD_ASEReadCounter.table","NW_015090842.1:9582046",1,3,2
"PIEZO1","s1319_FAE_M_BLOOD_ASEReadCounter.table","NW_015090842.1:9582961",1,1,0
"PIEZO1","s1319_FAE_M_BLOOD_ASEReadCounter.table","NW_015090842.1:9584441",1,1,0
"CDT1","s1319_FAE_M_BLOOD_ASEReadCounter.table","NW_015090842.1:9598496",0,1,1
"CDT1","s1319_FAE_M_BLOOD_ASEReadCounter.table","NW_015090842.1:9598498",0,1,1
"CDT1","s1319_FAE_M_BLOOD_ASEReadCounter.table","NW_015090842.1:9598816",0,1,1
"CDT1","s1319_FAE_M_BLOOD_ASEReadCounter.table","NW_015090842.1:9598879",0,2,2
"CDT1","s1319_FAE_M_BLOOD_ASEReadCounter.table","NW_015090842.1:9598912",0,2,2
"CDT1","s1319_FAE_M_BLOOD_ASEReadCounter.table","NW_015090842.1:9598959",0,1,1
"CDT1","s1319_FAE_M_BLOOD_ASEReadCounter.table","NW_015090842.1:9599807",0,1,1
"CDT1","s1319_FAE_M_BLOOD_ASEReadCounter.table","NW_015090842.1:9599819",0,1,1
"CDT1","s1319_FAE_M_BLOOD_ASEReadCounter.table","NW_015090842.1:9599845",1,2,1
"CDT1","s1319_FAE_M_BLOOD_ASEReadCounter.table","NW_015090842.1:9600260",1,1,0
"CDT1","s1319_FAE_M_BLOOD_ASEReadCounter.table","NW_015090842.1:9600268",1,1,0
"CDT1","s1319_FAE_M_BLOOD_ASEReadCounter.table","NW_015090842.1:9600305",2,2,0
"CDT1","s1319_FAE_M_BLOOD_ASEReadCounter.table","NW_015090842.1:9600397",2,2,0
"CDT1","s1319_FAE_M_BLOOD_ASEReadCounter.table","NW_015090842.1:9600447",3,3,0
"CDT1","s1319_FAE_M_BLOOD_ASEReadCounter.table","NW_015090842.1:9600450",3,3,0
"CDT1","s1319_FAE_M_BLOOD_ASEReadCounter.table","NW_015090842.1:9600485",2,2,0
"APRT","s1319_FAE_M_BLOOD_ASEReadCounter.table","NW_015090842.1:9602308",0,2,2
"APRT","s1319_FAE_M_BLOOD_ASEReadCounter.table","NW_015090842.1:9602440",1,4,3
"APRT","s1319_FAE_M_BLOOD_ASEReadCounter.table","NW_015090842.1:9602449",1,4,3
"APRT","s1319_FAE_M_BLOOD_ASEReadCounter.table","NW_015090842.1:9602451",1,4,3
"APRT","s1319_FAE_M_BLOOD_ASEReadCounter.table","NW_015090842.1:9602455",1,3,2
"APRT","s1319_FAE_M_BLOOD_ASEReadCounter.table","NW_015090842.1:9602462",1,3,2
"APRT","s1319_FAE_M_BLOOD_ASEReadCounter.table","NW_015090842.1:9602507",0,1,1
"APRT","s1319_FAE_M_BLOOD_ASEReadCounter.table","NW_015090842.1:9602514",0,1,1
"APRT","s1319_FAE_M_BLOOD_ASEReadCounter.table","NW_015090842.1:9602530",0,1,1
"APRT","s1319_FAE_M_BLOOD_ASEReadCounter.table","NW_015090842.1:9602582",0,2,2
"APRT","s1319_FAE_M_BLOOD_ASEReadCounter.table","NW_015090842.1:9602583",0,2,2
"APRT","s1319_FAE_M_BLOOD_ASEReadCounter.table","NW_015090842.1:9602650",2,3,1
"APRT","s1319_FAE_M_BLOOD_ASEReadCounter.table","NW_015090842.1:9602655",2,3,1
"APRT","s1319_FAE_M_BLOOD_ASEReadCounter.table","NW_015090842.1:9602712",1,1,0
"APRT","s1319_FAE_M_BLOOD_ASEReadCounter.table","NW_015090842.1:9602764",1,1,0
"APRT","s1319_FAE_M_BLOOD_ASEReadCounter.table","NW_015090842.1:9602821",1,2,1
"APRT","s1319_FAE_M_BLOOD_ASEReadCounter.table","NW_015090842.1:9602867",0,2,2
"APRT","s1319_FAE_M_BLOOD_ASEReadCounter.table","NW_015090842.1:9602883",0,1,1
"APRT","s1319_FAE_M_BLOOD_ASEReadCounter.table","NW_015090842.1:9602886",0,1,1
"APRT","s1319_FAE_M_BLOOD_ASEReadCounter.table","NW_015090842.1:9603020",0,2,2
"APRT","s1319_FAE_M_BLOOD_ASEReadCounter.table","NW_015090842.1:9603025",0,2,2
"APRT","s1319_FAE_M_BLOOD_ASEReadCounter.table","NW_015090842.1:9603154",1,1,0
"APRT","s1319_FAE_M_BLOOD_ASEReadCounter.table","NW_015090842.1:9603166",2,3,1
"APRT","s1319_FAE_M_BLOOD_ASEReadCounter.table","NW_015090842.1:9603326",2,4,2
"APRT","s1319_FAE_M_BLOOD_ASEReadCounter.table","NW_015090842.1:9603419",3,4,1
"APRT","s1319_FAE_M_BLOOD_ASEReadCounter.table","NW_015090842.1:9603420",3,4,1
"APRT","s1319_FAE_M_BLOOD_ASEReadCounter.table","NW_015090842.1:9603528",2,4,2
"APRT","s1319_FAE_M_BLOOD_ASEReadCounter.table","NW_015090842.1:9603607",3,5,2
"APRT","s1319_FAE_M_BLOOD_ASEReadCounter.table","NW_015090842.1:9603622",3,6,3
"APRT","s1319_FAE_M_BLOOD_ASEReadCounter.table","NW_015090842.1:9604361",1,3,2
"APRT","s1319_FAE_M_BLOOD_ASEReadCounter.table","NW_015090842.1:9605317",2,3,1
"APRT","s1319_FAE_M_BLOOD_ASEReadCounter.table","NW_015090842.1:9605336",2,3,1
"GALNS","s1319_FAE_M_BLOOD_ASEReadCounter.table","NW_015090842.1:9612872",3,3,0
"GALNS","s1319_FAE_M_BLOOD_ASEReadCounter.table","NW_015090842.1:9612873",3,3,0
"GALNS","s1319_FAE_M_BLOOD_ASEReadCounter.table","NW_015090842.1:9612877",3,3,0
"GALNS","s1319_FAE_M_BLOOD_ASEReadCounter.table","NW_015090842.1:9612942",6,7,1
"GALNS","s1319_FAE_M_BLOOD_ASEReadCounter.table","NW_015090842.1:9612987",6,6,0
"GALNS","s1319_FAE_M_BLOOD_ASEReadCounter.table","NW_015090842.1:9613064",4,5,1
"GALNS","s1319_FAE_M_BLOOD_ASEReadCounter.table","NW_015090842.1:9613096",10,14,4
"GALNS","s1319_FAE_M_BLOOD_ASEReadCounter.table","NW_015090842.1:9613123",9,13,4
"GALNS","s1319_FAE_M_BLOOD_ASEReadCounter.table","NW_015090842.1:9613125",9,13,4
"GALNS","s1319_FAE_M_BLOOD_ASEReadCounter.table","NW_015090842.1:9613193",11,14,3
"GALNS","s1319_FAE_M_BLOOD_ASEReadCounter.table","NW_015090842.1:9613226",11,15,4
"GALNS","s1319_FAE_M_BLOOD_ASEReadCounter.table","NW_015090842.1:9613249",12,15,3
"GALNS","s1319_FAE_M_BLOOD_ASEReadCounter.table","NW_015090842.1:9613256",13,17,4
"GALNS","s1319_FAE_M_BLOOD_ASEReadCounter.table","NW_015090842.1:9613317",12,16,4
"GALNS","s1319_FAE_M_BLOOD_ASEReadCounter.table","NW_015090842.1:9613343",8,11,3
"GALNS","s1319_FAE_M_BLOOD_ASEReadCounter.table","NW_015090842.1:9613344",8,11,3
"GALNS","s1319_FAE_M_BLOOD_ASEReadCounter.table","NW_015090842.1:9613371",6,8,2
"GALNS","s1319_FAE_M_BLOOD_ASEReadCounter.table","NW_015090842.1:9613378",5,8,3
"GALNS","s1319_FAE_M_BLOOD_ASEReadCounter.table","NW_015090842.1:9613379",6,9,3
"GALNS","s1319_FAE_M_BLOOD_ASEReadCounter.table","NW_015090842.1:9613516",6,7,1
"GALNS","s1319_FAE_M_BLOOD_ASEReadCounter.table","NW_015090842.1:9613572",6,6,0
"GALNS","s1319_FAE_M_BLOOD_ASEReadCounter.table","NW_015090842.1:9613597",10,10,0
"GALNS","s1319_FAE_M_BLOOD_ASEReadCounter.table","NW_015090842.1:9613627",11,11,0
"GALNS","s1319_FAE_M_BLOOD_ASEReadCounter.table","NW_015090842.1:9613640",13,13,0
"GALNS","s1319_FAE_M_BLOOD_ASEReadCounter.table","NW_015090842.1:9614025",6,10,4
"GALNS","s1319_FAE_M_BLOOD_ASEReadCounter.table","NW_015090842.1:9614169",7,7,0
"GALNS","s1319_FAE_M_BLOOD_ASEReadCounter.table","NW_015090842.1:9614232",5,5,0
"GALNS","s1319_FAE_M_BLOOD_ASEReadCounter.table","NW_015090842.1:9614667",1,4,3
"GALNS","s1319_FAE_M_BLOOD_ASEReadCounter.table","NW_015090842.1:9614709",1,5,4
"GALNS","s1319_FAE_M_BLOOD_ASEReadCounter.table","NW_015090842.1:9614880",5,8,3
"GALNS","s1319_FAE_M_BLOOD_ASEReadCounter.table","NW_015090842.1:9614902",5,8,3
"GALNS","s1319_FAE_M_BLOOD_ASEReadCounter.table","NW_015090842.1:9614960",4,5,1
"GALNS","s1319_FAE_M_BLOOD_ASEReadCounter.table","NW_015090842.1:9615114",9,11,2
"GALNS","s1319_FAE_M_BLOOD_ASEReadCounter.table","NW_015090842.1:9615199",2,5,3
"GALNS","s1319_FAE_M_BLOOD_ASEReadCounter.table","NW_015090842.1:9615217",5,8,3
"GALNS","s1319_FAE_M_BLOOD_ASEReadCounter.table","NW_015090842.1:9615277",4,4,0
"GALNS","s1319_FAE_M_BLOOD_ASEReadCounter.table","NW_015090842.1:9615377",7,12,5
"GALNS","s1319_FAE_M_BLOOD_ASEReadCounter.table","NW_015090842.1:9647858",16,19,3
"GALNS","s1319_FAE_M_BLOOD_ASEReadCounter.table","NW_015090842.1:9649186",15,19,4
"GALNS","s1319_FAE_M_BLOOD_ASEReadCounter.table","NW_015090842.1:9649237",9,15,6
"GALNS","s1319_FAE_M_BLOOD_ASEReadCounter.table","NW_015090842.1:9661193",6,8,2
"TRAPPC2L","s1319_FAE_M_BLOOD_ASEReadCounter.table","NW_015090842.1:9662951",381,586,205
"TRAPPC2L","s1319_FAE_M_BLOOD_ASEReadCounter.table","NW_015090842.1:9663014",407,614,207
"TRAPPC2L","s1319_FAE_M_BLOOD_ASEReadCounter.table","NW_015090842.1:9664305",514,519,5
"TRAPPC2L","s1319_FAE_M_BLOOD_ASEReadCounter.table","NW_015090842.1:9665155",286,422,136
"TRAPPC2L","s1319_FAE_M_BLOOD_ASEReadCounter.table","NW_015090842.1:9665211",74,125,51
"PABPN1L","s1319_FAE_M_BLOOD_ASEReadCounter.table","NW_015090842.1:9669959",0,3,3
"CBFA2T3","s1319_FAE_M_BLOOD_ASEReadCounter.table","NW_015090842.1:9709469",0,41,41
"CBFA2T3","s1319_FAE_M_BLOOD_ASEReadCounter.table","NW_015090842.1:9709475",0,50,50
"CBFA2T3","s1319_FAE_M_BLOOD_ASEReadCounter.table","NW_015090842.1:9711845",0,36,36
"CBFA2T3","s1319_FAE_M_BLOOD_ASEReadCounter.table","NW_015090842.1:9712157",0,41,41
"CBFA2T3","s1319_FAE_M_BLOOD_ASEReadCounter.table","NW_015090842.1:9712160",0,42,42
"CBFA2T3","s1319_FAE_M_BLOOD_ASEReadCounter.table","NW_015090842.1:9712166",0,43,43
"CBFA2T3","s1319_FAE_M_BLOOD_ASEReadCounter.table","NW_015090842.1:9712536",22,66,44
"CBFA2T3","s1319_FAE_M_BLOOD_ASEReadCounter.table","NW_015090842.1:9712673",31,77,46
"CBFA2T3","s1319_FAE_M_BLOOD_ASEReadCounter.table","NW_015090842.1:9712787",31,88,57
"CBFA2T3","s1319_FAE_M_BLOOD_ASEReadCounter.table","NW_015090842.1:9712791",38,79,41
"CBFA2T3","s1319_FAE_M_BLOOD_ASEReadCounter.table","NW_015090842.1:9712805",41,83,42
"CBFA2T3","s1319_FAE_M_BLOOD_ASEReadCounter.table","NW_015090842.1:9712811",42,99,57
"CBFA2T3","s1319_FAE_M_BLOOD_ASEReadCounter.table","NW_015090842.1:9712848",52,130,78
"CBFA2T3","s1319_FAE_M_BLOOD_ASEReadCounter.table","NW_015090842.1:9713088",38,86,48
"CBFA2T3","s1319_FAE_M_BLOOD_ASEReadCounter.table","NW_015090842.1:9713121",35,97,62
"CBFA2T3","s1319_FAE_M_BLOOD_ASEReadCounter.table","NW_015090842.1:9717058",69,156,87
"CBFA2T3","s1319_FAE_M_BLOOD_ASEReadCounter.table","NW_015090842.1:9717093",59,153,94
"CBFA2T3","s1319_FAE_M_BLOOD_ASEReadCounter.table","NW_015090842.1:9717114",51,142,91
"CBFA2T3","s1319_FAE_M_BLOOD_ASEReadCounter.table","NW_015090842.1:9717139",56,153,97
"CBFA2T3","s1319_FAE_M_BLOOD_ASEReadCounter.table","NW_015090842.1:9719788",41,100,59
"CBFA2T3","s1319_FAE_M_BLOOD_ASEReadCounter.table","NW_015090842.1:9728475",7,21,14
"CBFA2T3","s1319_FAE_M_BLOOD_ASEReadCounter.table","NW_015090842.1:9728522",5,18,13
"CBFA2T3","s1319_FAE_M_BLOOD_ASEReadCounter.table","NW_015090842.1:9728525",4,16,12
"CBFA2T3","s1319_FAE_M_BLOOD_ASEReadCounter.table","NW_015090842.1:9728588",7,15,8
"CBFA2T3","s1319_FAE_M_BLOOD_ASEReadCounter.table","NW_015090842.1:9728601",8,20,12
"CBFA2T3","s1319_FAE_M_BLOOD_ASEReadCounter.table","NW_015090842.1:9728611",8,19,11
"CBFA2T3","s1319_FAE_M_BLOOD_ASEReadCounter.table","NW_015090842.1:9728654",5,14,9
"ACSF3","s1319_FAE_M_BLOOD_ASEReadCounter.table","NW_015090842.1:9773379",3,8,5
"ACSF3","s1319_FAE_M_BLOOD_ASEReadCounter.table","NW_015090842.1:9773382",3,8,5
"ACSF3","s1319_FAE_M_BLOOD_ASEReadCounter.table","NW_015090842.1:9773384",4,9,5
"ACSF3","s1319_FAE_M_BLOOD_ASEReadCounter.table","NW_015090842.1:9773388",4,12,8
"ACSF3","s1319_FAE_M_BLOOD_ASEReadCounter.table","NW_015090842.1:9776753",30,58,28
"ACSF3","s1319_FAE_M_BLOOD_ASEReadCounter.table","NW_015090842.1:9776783",27,53,26
"ACSF3","s1319_FAE_M_BLOOD_ASEReadCounter.table","NW_015090842.1:9776879",42,60,18
"ACSF3","s1319_FAE_M_BLOOD_ASEReadCounter.table","NW_015090842.1:9776965",61,91,30
"ACSF3","s1319_FAE_M_BLOOD_ASEReadCounter.table","NW_015090842.1:9777091",49,89,40
"ACSF3","s1319_FAE_M_BLOOD_ASEReadCounter.table","NW_015090842.1:9777206",41,71,30
"ACSF3","s1319_FAE_M_BLOOD_ASEReadCounter.table","NW_015090842.1:9777283",42,73,31
"ACSF3","s1319_FAE_M_BLOOD_ASEReadCounter.table","NW_015090842.1:9778955",55,118,63
"ACSF3","s1319_FAE_M_BLOOD_ASEReadCounter.table","NW_015090842.1:9778997",69,138,69
"ACSF3","s1319_FAE_M_BLOOD_ASEReadCounter.table","NW_015090842.1:9789311",97,193,96
"ACSF3","s1319_FAE_M_BLOOD_ASEReadCounter.table","NW_015090842.1:9789906",15,92,77
"ACSF3","s1319_FAE_M_BLOOD_ASEReadCounter.table","NW_015090842.1:9834743",86,165,79
"ACSF3","s1319_FAE_M_BLOOD_ASEReadCounter.table","NW_015090842.1:9834852",65,144,79
"ACSF3","s1319_FAE_M_BLOOD_ASEReadCounter.table","NW_015090842.1:9834861",59,136,77
"ACSF3","s1319_FAE_M_BLOOD_ASEReadCounter.table","NW_015090842.1:9839359",53,110,57
"ACSF3","s1319_FAE_M_BLOOD_ASEReadCounter.table","NW_015090842.1:9839378",48,98,50
"ACSF3","s1319_FAE_M_BLOOD_ASEReadCounter.table","NW_015090842.1:9839455",41,101,60
"ACSF3","s1319_FAE_M_BLOOD_ASEReadCounter.table","NW_015090842.1:9839457",42,98,56
"ACSF3","s1319_FAE_M_BLOOD_ASEReadCounter.table","NW_015090842.1:9839489",33,75,42
"ACSF3","s1319_FAE_M_BLOOD_ASEReadCounter.table","NW_015090842.1:9839500",28,62,34
"ACSF3","s1319_FAE_M_BLOOD_ASEReadCounter.table","NW_015090842.1:9839501",28,64,36
"ACSF3","s1319_FAE_M_BLOOD_ASEReadCounter.table","NW_015090842.1:9839504",31,67,36
"ACSF3","s1319_FAE_M_BLOOD_ASEReadCounter.table","NW_015090842.1:9839512",24,53,29
"ACSF3","s1319_FAE_M_BLOOD_ASEReadCounter.table","NW_015090842.1:9839527",16,37,21
"ACSF3","s1319_FAE_M_BLOOD_ASEReadCounter.table","NW_015090842.1:9839533",10,29,19
"ACSF3","s1319_FAE_M_BLOOD_ASEReadCounter.table","NW_015090842.1:9839535",9,29,20
"ACSF3","s1319_FAE_M_BLOOD_ASEReadCounter.table","NW_015090842.1:9839545",6,22,16
"ACSF3","s1319_FAE_M_BLOOD_ASEReadCounter.table","NW_015090842.1:9839550",4,18,14
"ACSF3","s1319_FAE_M_BLOOD_ASEReadCounter.table","NW_015090842.1:9839551",4,19,15
"ANKRD11","s1319_FAE_M_BLOOD_ASEReadCounter.table","NW_015090842.1:9858863",7,15,8
"ANKRD11","s1319_FAE_M_BLOOD_ASEReadCounter.table","NW_015090842.1:9859101",101,188,87
"ANKRD11","s1319_FAE_M_BLOOD_ASEReadCounter.table","NW_015090842.1:9859352",140,242,102
"ANKRD11","s1319_FAE_M_BLOOD_ASEReadCounter.table","NW_015090842.1:9859381",99,163,64
"ANKRD11","s1319_FAE_M_BLOOD_ASEReadCounter.table","NW_015090842.1:9859679",98,205,107
"ANKRD11","s1319_FAE_M_BLOOD_ASEReadCounter.table","NW_015090842.1:9861097",124,235,111
"ANKRD11","s1319_FAE_M_BLOOD_ASEReadCounter.table","NW_015090842.1:9862571",90,171,81
"ANKRD11","s1319_FAE_M_BLOOD_ASEReadCounter.table","NW_015090842.1:9862652",74,112,38
"ANKRD11","s1319_FAE_M_BLOOD_ASEReadCounter.table","NW_015090842.1:9866071",0,103,103
"ANKRD11","s1319_FAE_M_BLOOD_ASEReadCounter.table","NW_015090842.1:9866200",0,102,102
"ANKRD11","s1319_FAE_M_BLOOD_ASEReadCounter.table","NW_015090842.1:9867391",72,135,63
"ANKRD11","s1319_FAE_M_BLOOD_ASEReadCounter.table","NW_015090842.1:9867472",108,194,86
"ANKRD11","s1319_FAE_M_BLOOD_ASEReadCounter.table","NW_015090842.1:9867559",90,185,95
"ANKRD11","s1319_FAE_M_BLOOD_ASEReadCounter.table","NW_015090842.1:9867667",106,227,121
"ANKRD11","s1319_FAE_M_BLOOD_ASEReadCounter.table","NW_015090842.1:9867934",91,205,114
"ANKRD11","s1319_FAE_M_BLOOD_ASEReadCounter.table","NW_015090842.1:9868064",95,195,100
"ANKRD11","s1319_FAE_M_BLOOD_ASEReadCounter.table","NW_015090842.1:9868093",104,212,108
"ANKRD11","s1319_FAE_M_BLOOD_ASEReadCounter.table","NW_015090842.1:9868222",124,248,124
"ANKRD11","s1319_FAE_M_BLOOD_ASEReadCounter.table","NW_015090842.1:9868327",98,216,118
"ANKRD11","s1319_FAE_M_BLOOD_ASEReadCounter.table","NW_015090842.1:9868414",109,254,145
"ANKRD11","s1319_FAE_M_BLOOD_ASEReadCounter.table","NW_015090842.1:9868441",106,231,125
"ANKRD11","s1319_FAE_M_BLOOD_ASEReadCounter.table","NW_015090842.1:9868444",106,243,137
"ANKRD11","s1319_FAE_M_BLOOD_ASEReadCounter.table","NW_015090842.1:9868519",141,306,165
"ANKRD11","s1319_FAE_M_BLOOD_ASEReadCounter.table","NW_015090842.1:9868609",133,299,166
"ANKRD11","s1319_FAE_M_BLOOD_ASEReadCounter.table","NW_015090842.1:9868666",150,317,167
"ANKRD11","s1319_FAE_M_BLOOD_ASEReadCounter.table","NW_015090842.1:9868738",382,382,0
"ANKRD11","s1319_FAE_M_BLOOD_ASEReadCounter.table","NW_015090842.1:9869431",127,263,136
"ANKRD11","s1319_FAE_M_BLOOD_ASEReadCounter.table","NW_015090842.1:9869578",181,346,165
"ANKRD11","s1319_FAE_M_BLOOD_ASEReadCounter.table","NW_015090842.1:9869734",175,374,199
"ANKRD11","s1319_FAE_M_BLOOD_ASEReadCounter.table","NW_015090842.1:9870070",160,297,137
"ANKRD11","s1319_FAE_M_BLOOD_ASEReadCounter.table","NW_015090842.1:9870349",139,303,164
"ANKRD11","s1319_FAE_M_BLOOD_ASEReadCounter.table","NW_015090842.1:9870604",157,324,167
"ANKRD11","s1319_FAE_M_BLOOD_ASEReadCounter.table","NW_015090842.1:9870613",164,337,173
"ANKRD11","s1319_FAE_M_BLOOD_ASEReadCounter.table","NW_015090842.1:9870685",166,406,240
"ANKRD11","s1319_FAE_M_BLOOD_ASEReadCounter.table","NW_015090842.1:9870760",174,401,227
"ANKRD11","s1319_FAE_M_BLOOD_ASEReadCounter.table","NW_015090842.1:9870847",142,338,196
"ANKRD11","s1319_FAE_M_BLOOD_ASEReadCounter.table","NW_015090842.1:9871103",156,297,141
"ANKRD11","s1319_FAE_M_BLOOD_ASEReadCounter.table","NW_015090842.1:9871165",163,321,158
"ANKRD11","s1319_FAE_M_BLOOD_ASEReadCounter.table","NW_015090842.1:9871508",326,326,0
"ANKRD11","s1319_FAE_M_BLOOD_ASEReadCounter.table","NW_015090842.1:9871820",103,220,117
"ANKRD11","s1319_FAE_M_BLOOD_ASEReadCounter.table","NW_015090842.1:9872118",145,286,141
"ANKRD11","s1319_FAE_M_BLOOD_ASEReadCounter.table","NW_015090842.1:9877406",98,212,114
"SPG7","s1319_FAE_M_BLOOD_ASEReadCounter.table","NW_015090842.1:10051190",121,193,72
"SPG7","s1319_FAE_M_BLOOD_ASEReadCounter.table","NW_015090842.1:10051218",125,216,91
"SPG7","s1319_FAE_M_BLOOD_ASEReadCounter.table","NW_015090842.1:10052348",112,188,76
"SPG7","s1319_FAE_M_BLOOD_ASEReadCounter.table","NW_015090842.1:10052366",102,183,81
"SPG7","s1319_FAE_M_BLOOD_ASEReadCounter.table","NW_015090842.1:10065173",101,183,82
"SPG7","s1319_FAE_M_BLOOD_ASEReadCounter.table","NW_015090842.1:10065215",112,173,61
"SPG7","s1319_FAE_M_BLOOD_ASEReadCounter.table","NW_015090842.1:10066365",92,149,57
"SPG7","s1319_FAE_M_BLOOD_ASEReadCounter.table","NW_015090842.1:10069752",116,187,71
"SPG7","s1319_FAE_M_BLOOD_ASEReadCounter.table","NW_015090842.1:10069800",104,179,75
"SPG7","s1319_FAE_M_BLOOD_ASEReadCounter.table","NW_015090842.1:10071192",108,190,82
"SPG7","s1319_FAE_M_BLOOD_ASEReadCounter.table","NW_015090842.1:10071219",91,162,71
"SPG7","s1319_FAE_M_BLOOD_ASEReadCounter.table","NW_015090842.1:10071967",99,182,83
"SPG7","s1319_FAE_M_BLOOD_ASEReadCounter.table","NW_015090842.1:10075109",117,185,68
"SPG7","s1319_FAE_M_BLOOD_ASEReadCounter.table","NW_015090842.1:10075114",120,185,65
"SPG7","s1319_FAE_M_BLOOD_ASEReadCounter.table","NW_015090842.1:10075198",93,155,62
"SPG7","s1319_FAE_M_BLOOD_ASEReadCounter.table","NW_015090842.1:10075487",48,87,39
"SPG7","s1319_FAE_M_BLOOD_ASEReadCounter.table","NW_015090842.1:10075488",47,89,42
"SPG7","s1319_FAE_M_BLOOD_ASEReadCounter.table","NW_015090842.1:10075548",40,75,35
"RPL13","s1319_FAE_M_BLOOD_ASEReadCounter.table","NW_015090842.1:10077387",667,1520,853
"RPL13","s1319_FAE_M_BLOOD_ASEReadCounter.table","NW_015090842.1:10077978",1094,2487,1393
"RPL13","s1319_FAE_M_BLOOD_ASEReadCounter.table","NW_015090842.1:10077992",1075,2398,1323
"DPEP1","s1319_FAE_M_BLOOD_ASEReadCounter.table","NW_015090842.1:10100893",1,1,0
"DPEP1","s1319_FAE_M_BLOOD_ASEReadCounter.table","NW_015090842.1:10100902",1,1,0
"CHMP1A","s1319_FAE_M_BLOOD_ASEReadCounter.table","NW_015090842.1:10102901",65,142,77
"CHMP1A","s1319_FAE_M_BLOOD_ASEReadCounter.table","NW_015090842.1:10102961",85,175,90
"CHMP1A","s1319_FAE_M_BLOOD_ASEReadCounter.table","NW_015090842.1:10102996",87,171,84
"CHMP1A","s1319_FAE_M_BLOOD_ASEReadCounter.table","NW_015090842.1:10103004",85,170,85
"CHMP1A","s1319_FAE_M_BLOOD_ASEReadCounter.table","NW_015090842.1:10103006",85,169,84
"CHMP1A","s1319_FAE_M_BLOOD_ASEReadCounter.table","NW_015090842.1:10103052",110,210,100
"CHMP1A","s1319_FAE_M_BLOOD_ASEReadCounter.table","NW_015090842.1:10103095",119,217,98
"CHMP1A","s1319_FAE_M_BLOOD_ASEReadCounter.table","NW_015090842.1:10103096",120,216,96
"CHMP1A","s1319_FAE_M_BLOOD_ASEReadCounter.table","NW_015090842.1:10103152",102,195,93
"CHMP1A","s1319_FAE_M_BLOOD_ASEReadCounter.table","NW_015090842.1:10103173",105,200,95
"CHMP1A","s1319_FAE_M_BLOOD_ASEReadCounter.table","NW_015090842.1:10103334",109,185,76
"CHMP1A","s1319_FAE_M_BLOOD_ASEReadCounter.table","NW_015090842.1:10103373",74,159,85
"CHMP1A","s1319_FAE_M_BLOOD_ASEReadCounter.table","NW_015090842.1:10103408",95,209,114
"CHMP1A","s1319_FAE_M_BLOOD_ASEReadCounter.table","NW_015090842.1:10103412",100,208,108
"CHMP1A","s1319_FAE_M_BLOOD_ASEReadCounter.table","NW_015090842.1:10103512",131,259,128
"CHMP1A","s1319_FAE_M_BLOOD_ASEReadCounter.table","NW_015090842.1:10103513",133,264,131
"CHMP1A","s1319_FAE_M_BLOOD_ASEReadCounter.table","NW_015090842.1:10103583",101,208,107
"CHMP1A","s1319_FAE_M_BLOOD_ASEReadCounter.table","NW_015090842.1:10103614",97,212,115
"CHMP1A","s1319_FAE_M_BLOOD_ASEReadCounter.table","NW_015090842.1:10103657",102,220,118
"CHMP1A","s1319_FAE_M_BLOOD_ASEReadCounter.table","NW_015090842.1:10103669",83,195,112
"CHMP1A","s1319_FAE_M_BLOOD_ASEReadCounter.table","NW_015090842.1:10103674",82,187,105
"CHMP1A","s1319_FAE_M_BLOOD_ASEReadCounter.table","NW_015090842.1:10103677",78,182,104
"CHMP1A","s1319_FAE_M_BLOOD_ASEReadCounter.table","NW_015090842.1:10103729",120,221,101
"CHMP1A","s1319_FAE_M_BLOOD_ASEReadCounter.table","NW_015090842.1:10103758",133,236,103
"CHMP1A","s1319_FAE_M_BLOOD_ASEReadCounter.table","NW_015090842.1:10103761",135,241,106
"CHMP1A","s1319_FAE_M_BLOOD_ASEReadCounter.table","NW_015090842.1:10103788",139,266,127
"CHMP1A","s1319_FAE_M_BLOOD_ASEReadCounter.table","NW_015090842.1:10103789",139,267,128
"CHMP1A","s1319_FAE_M_BLOOD_ASEReadCounter.table","NW_015090842.1:10103790",135,262,127
"CHMP1A","s1319_FAE_M_BLOOD_ASEReadCounter.table","NW_015090842.1:10103950",130,259,129
"CHMP1A","s1319_FAE_M_BLOOD_ASEReadCounter.table","NW_015090842.1:10104335",81,176,95
"CHMP1A","s1319_FAE_M_BLOOD_ASEReadCounter.table","NW_015090842.1:10104429",162,312,150
"CHMP1A","s1319_FAE_M_BLOOD_ASEReadCounter.table","NW_015090842.1:10104532",144,279,135
"CHMP1A","s1319_FAE_M_BLOOD_ASEReadCounter.table","NW_015090842.1:10104633",112,231,119
"CHMP1A","s1319_FAE_M_BLOOD_ASEReadCounter.table","NW_015090842.1:10104759",109,212,103
"CHMP1A","s1319_FAE_M_BLOOD_ASEReadCounter.table","NW_015090842.1:10104794",126,252,126
"CHMP1A","s1319_FAE_M_BLOOD_ASEReadCounter.table","NW_015090842.1:10104841",227,227,0
"CHMP1A","s1319_FAE_M_BLOOD_ASEReadCounter.table","NW_015090842.1:10104844",121,227,106
"CHMP1A","s1319_FAE_M_BLOOD_ASEReadCounter.table","NW_015090842.1:10106242",133,260,127
"CHMP1A","s1319_FAE_M_BLOOD_ASEReadCounter.table","NW_015090842.1:10106290",116,242,126
"CHMP1A","s1319_FAE_M_BLOOD_ASEReadCounter.table","NW_015090842.1:10106335",140,274,134
"CHMP1A","s1319_FAE_M_BLOOD_ASEReadCounter.table","NW_015090842.1:10106383",179,360,181
"CHMP1A","s1319_FAE_M_BLOOD_ASEReadCounter.table","NW_015090842.1:10106747",187,335,148
"CHMP1A","s1319_FAE_M_BLOOD_ASEReadCounter.table","NW_015090842.1:10107404",154,328,174
"CHMP1A","s1319_FAE_M_BLOOD_ASEReadCounter.table","NW_015090842.1:10107876",122,243,121
"CDK10","s1319_FAE_M_BLOOD_ASEReadCounter.table","NW_015090842.1:10109030",37,42,5
"CDK10","s1319_FAE_M_BLOOD_ASEReadCounter.table","NW_015090842.1:10109963",164,331,167
"CDK10","s1319_FAE_M_BLOOD_ASEReadCounter.table","NW_015090842.1:10110887",197,419,222
"CDK10","s1319_FAE_M_BLOOD_ASEReadCounter.table","NW_015090842.1:10111254",163,362,199
"CDK10","s1319_FAE_M_BLOOD_ASEReadCounter.table","NW_015090842.1:10111380",160,396,236
"CDK10","s1319_FAE_M_BLOOD_ASEReadCounter.table","NW_015090842.1:10111395",173,405,232
"CDK10","s1319_FAE_M_BLOOD_ASEReadCounter.table","NW_015090842.1:10111437",178,415,237
"CDK10","s1319_FAE_M_BLOOD_ASEReadCounter.table","NW_015090842.1:10111798",158,350,192
"CDK10","s1319_FAE_M_BLOOD_ASEReadCounter.table","NW_015090842.1:10111840",159,363,204
"CDK10","s1319_FAE_M_BLOOD_ASEReadCounter.table","NW_015090842.1:10112031",180,423,243
"CDK10","s1319_FAE_M_BLOOD_ASEReadCounter.table","NW_015090842.1:10112285",137,341,204
"CDK10","s1319_FAE_M_BLOOD_ASEReadCounter.table","NW_015090842.1:10112398",167,376,209
"CDK10","s1319_FAE_M_BLOOD_ASEReadCounter.table","NW_015090842.1:10112455",138,341,203
"CDK10","s1319_FAE_M_BLOOD_ASEReadCounter.table","NW_015090842.1:10112461",127,305,178
"CDK10","s1319_FAE_M_BLOOD_ASEReadCounter.table","NW_015090842.1:10112497",134,267,133
"CDK10","s1319_FAE_M_BLOOD_ASEReadCounter.table","NW_015090842.1:10112508",139,270,131
"CDK10","s1319_FAE_M_BLOOD_ASEReadCounter.table","NW_015090842.1:10112518",129,235,106
"CDK10","s1319_FAE_M_BLOOD_ASEReadCounter.table","NW_015090842.1:10112540",133,221,88
"CDK10","s1319_FAE_M_BLOOD_ASEReadCounter.table","NW_015090842.1:10112556",126,235,109
"CDK10","s1319_FAE_M_BLOOD_ASEReadCounter.table","NW_015090842.1:10112561",118,253,135
"CDK10","s1319_FAE_M_BLOOD_ASEReadCounter.table","NW_015090842.1:10112596",108,246,138
"CDK10","s1319_FAE_M_BLOOD_ASEReadCounter.table","NW_015090842.1:10112630",91,221,130
"CDK10","s1319_FAE_M_BLOOD_ASEReadCounter.table","NW_015090842.1:10112656",97,208,111
"CDK10","s1319_FAE_M_BLOOD_ASEReadCounter.table","NW_015090842.1:10112665",81,164,83
"CDK10","s1319_FAE_M_BLOOD_ASEReadCounter.table","NW_015090842.1:10112668",77,159,82
"CDK10","s1319_FAE_M_BLOOD_ASEReadCounter.table","NW_015090842.1:10112781",52,87,35
"CDK10","s1319_FAE_M_BLOOD_ASEReadCounter.table","NW_015090842.1:10112782",50,85,35
"CDK10","s1319_FAE_M_BLOOD_ASEReadCounter.table","NW_015090842.1:10112795",47,81,34
"CDK10","s1319_FAE_M_BLOOD_ASEReadCounter.table","NW_015090842.1:10112841",12,20,8
"CDK10","s1319_FAE_M_BLOOD_ASEReadCounter.table","NW_015090842.1:10112861",7,14,7
"SPATA2L","s1319_FAE_M_BLOOD_ASEReadCounter.table","NW_015090842.1:10113212",0,2,2
"SPATA2L","s1319_FAE_M_BLOOD_ASEReadCounter.table","NW_015090842.1:10113280",2,14,12
"SPATA2L","s1319_FAE_M_BLOOD_ASEReadCounter.table","NW_015090842.1:10113296",3,16,13
"SPATA2L","s1319_FAE_M_BLOOD_ASEReadCounter.table","NW_015090842.1:10113321",5,22,17
"SPATA2L","s1319_FAE_M_BLOOD_ASEReadCounter.table","NW_015090842.1:10113332",5,25,20
"SPATA2L","s1319_FAE_M_BLOOD_ASEReadCounter.table","NW_015090842.1:10113380",4,30,26
"SPATA2L","s1319_FAE_M_BLOOD_ASEReadCounter.table","NW_015090842.1:10113381",3,29,26
"SPATA2L","s1319_FAE_M_BLOOD_ASEReadCounter.table","NW_015090842.1:10113412",4,36,32
"SPATA2L","s1319_FAE_M_BLOOD_ASEReadCounter.table","NW_015090842.1:10113421",5,32,27
"SPATA2L","s1319_FAE_M_BLOOD_ASEReadCounter.table","NW_015090842.1:10113465",5,37,32
"SPATA2L","s1319_FAE_M_BLOOD_ASEReadCounter.table","NW_015090842.1:10113535",6,30,24
"SPATA2L","s1319_FAE_M_BLOOD_ASEReadCounter.table","NW_015090842.1:10113645",0,30,30
"SPATA2L","s1319_FAE_M_BLOOD_ASEReadCounter.table","NW_015090842.1:10113682",2,43,41
"SPATA2L","s1319_FAE_M_BLOOD_ASEReadCounter.table","NW_015090842.1:10113696",3,35,32
"SPATA2L","s1319_FAE_M_BLOOD_ASEReadCounter.table","NW_015090842.1:10113727",4,43,39
"SPATA2L","s1319_FAE_M_BLOOD_ASEReadCounter.table","NW_015090842.1:10113799",5,44,39
"SPATA2L","s1319_FAE_M_BLOOD_ASEReadCounter.table","NW_015090842.1:10113809",5,45,40
"SPATA2L","s1319_FAE_M_BLOOD_ASEReadCounter.table","NW_015090842.1:10113827",5,43,38
"SPATA2L","s1319_FAE_M_BLOOD_ASEReadCounter.table","NW_015090842.1:10113831",5,43,38
"SPATA2L","s1319_FAE_M_BLOOD_ASEReadCounter.table","NW_015090842.1:10113894",5,42,37
"SPATA2L","s1319_FAE_M_BLOOD_ASEReadCounter.table","NW_015090842.1:10113905",4,41,37
"SPATA2L","s1319_FAE_M_BLOOD_ASEReadCounter.table","NW_015090842.1:10113914",6,43,37
"SPATA2L","s1319_FAE_M_BLOOD_ASEReadCounter.table","NW_015090842.1:10113920",6,44,38
"SPATA2L","s1319_FAE_M_BLOOD_ASEReadCounter.table","NW_015090842.1:10113937",6,47,41
"SPATA2L","s1319_FAE_M_BLOOD_ASEReadCounter.table","NW_015090842.1:10113971",8,49,41
"SPATA2L","s1319_FAE_M_BLOOD_ASEReadCounter.table","NW_015090842.1:10113976",7,48,41
"SPATA2L","s1319_FAE_M_BLOOD_ASEReadCounter.table","NW_015090842.1:10113985",5,45,40
"SPATA2L","s1319_FAE_M_BLOOD_ASEReadCounter.table","NW_015090842.1:10113994",5,50,45
"SPATA2L","s1319_FAE_M_BLOOD_ASEReadCounter.table","NW_015090842.1:10114063",4,44,40
"SPATA2L","s1319_FAE_M_BLOOD_ASEReadCounter.table","NW_015090842.1:10114066",2,44,42
"SPATA2L","s1319_FAE_M_BLOOD_ASEReadCounter.table","NW_015090842.1:10114069",2,42,40
"SPATA2L","s1319_FAE_M_BLOOD_ASEReadCounter.table","NW_015090842.1:10114121",4,29,25
"SPATA2L","s1319_FAE_M_BLOOD_ASEReadCounter.table","NW_015090842.1:10114159",5,28,23
"SPATA2L","s1319_FAE_M_BLOOD_ASEReadCounter.table","NW_015090842.1:10114282",7,43,36
"SPATA2L","s1319_FAE_M_BLOOD_ASEReadCounter.table","NW_015090842.1:10114470",5,28,23
"SPATA2L","s1319_FAE_M_BLOOD_ASEReadCounter.table","NW_015090842.1:10114524",4,24,20
"VPS9D1","s1319_FAE_M_BLOOD_ASEReadCounter.table","NW_015090842.1:10116415",0,1,1
"VPS9D1","s1319_FAE_M_BLOOD_ASEReadCounter.table","NW_015090842.1:10116607",0,1,1
"VPS9D1","s1319_FAE_M_BLOOD_ASEReadCounter.table","NW_015090842.1:10116933",1,1,0
"VPS9D1","s1319_FAE_M_BLOOD_ASEReadCounter.table","NW_015090842.1:10116942",1,1,0
"VPS9D1","s1319_FAE_M_BLOOD_ASEReadCounter.table","NW_015090842.1:10117152",1,1,0
"VPS9D1","s1319_FAE_M_BLOOD_ASEReadCounter.table","NW_015090842.1:10117396",1,1,0
"VPS9D1","s1319_FAE_M_BLOOD_ASEReadCounter.table","NW_015090842.1:10117405",1,1,0
"VPS9D1","s1319_FAE_M_BLOOD_ASEReadCounter.table","NW_015090842.1:10117678",0,1,1
"VPS9D1","s1319_FAE_M_BLOOD_ASEReadCounter.table","NW_015090842.1:10118414",0,1,1
"VPS9D1","s1319_FAE_M_BLOOD_ASEReadCounter.table","NW_015090842.1:10118973",2,2,0
"VPS9D1","s1319_FAE_M_BLOOD_ASEReadCounter.table","NW_015090842.1:10119500",0,2,2
"ZNF276","s1319_FAE_M_BLOOD_ASEReadCounter.table","NW_015090842.1:10121760",9,16,7
"ZNF276","s1319_FAE_M_BLOOD_ASEReadCounter.table","NW_015090842.1:10121769",9,16,7
"ZNF276","s1319_FAE_M_BLOOD_ASEReadCounter.table","NW_015090842.1:10121802",13,21,8
"ZNF276","s1319_FAE_M_BLOOD_ASEReadCounter.table","NW_015090842.1:10121971",31,50,19
"ZNF276","s1319_FAE_M_BLOOD_ASEReadCounter.table","NW_015090842.1:10122883",29,51,22
"ZNF276","s1319_FAE_M_BLOOD_ASEReadCounter.table","NW_015090842.1:10123069",22,47,25
"ZNF276","s1319_FAE_M_BLOOD_ASEReadCounter.table","NW_015090842.1:10123207",41,74,33
"ZNF276","s1319_FAE_M_BLOOD_ASEReadCounter.table","NW_015090842.1:10125787",41,74,33
"ZNF276","s1319_FAE_M_BLOOD_ASEReadCounter.table","NW_015090842.1:10126309",28,66,38
"ZNF276","s1319_FAE_M_BLOOD_ASEReadCounter.table","NW_015090842.1:10126348",24,61,37
"ZNF276","s1319_FAE_M_BLOOD_ASEReadCounter.table","NW_015090842.1:10126978",43,85,42
"ZNF276","s1319_FAE_M_BLOOD_ASEReadCounter.table","NW_015090842.1:10126991",38,74,36
"ZNF276","s1319_FAE_M_BLOOD_ASEReadCounter.table","NW_015090842.1:10127023",48,90,42
"ZNF276","s1319_FAE_M_BLOOD_ASEReadCounter.table","NW_015090842.1:10127063",49,94,45
"ZNF276","s1319_FAE_M_BLOOD_ASEReadCounter.table","NW_015090842.1:10127373",42,71,29
"ZNF276","s1319_FAE_M_BLOOD_ASEReadCounter.table","NW_015090842.1:10127931",41,79,38
"ZNF276","s1319_FAE_M_BLOOD_ASEReadCounter.table","NW_015090842.1:10128070",51,94,43
"ZNF276","s1319_FAE_M_BLOOD_ASEReadCounter.table","NW_015090842.1:10128102",48,78,30
"ZNF276","s1319_FAE_M_BLOOD_ASEReadCounter.table","NW_015090842.1:10128356",33,60,27
"ZNF276","s1319_FAE_M_BLOOD_ASEReadCounter.table","NW_015090842.1:10128497",15,35,20
"FANCA","s1319_FAE_M_BLOOD_ASEReadCounter.table","NW_015090842.1:10128743",1,4,3
"FANCA","s1319_FAE_M_BLOOD_ASEReadCounter.table","NW_015090842.1:10128822",0,3,3
"FANCA","s1319_FAE_M_BLOOD_ASEReadCounter.table","NW_015090842.1:10129383",2,2,0
"FANCA","s1319_FAE_M_BLOOD_ASEReadCounter.table","NW_015090842.1:10129390",2,2,0
"FANCA","s1319_FAE_M_BLOOD_ASEReadCounter.table","NW_015090842.1:10129969",1,1,0
"FANCA","s1319_FAE_M_BLOOD_ASEReadCounter.table","NW_015090842.1:10130399",0,2,2
"FANCA","s1319_FAE_M_BLOOD_ASEReadCounter.table","NW_015090842.1:10130878",1,1,0
"FANCA","s1319_FAE_M_BLOOD_ASEReadCounter.table","NW_015090842.1:10133530",0,1,1
"FANCA","s1319_FAE_M_BLOOD_ASEReadCounter.table","NW_015090842.1:10133533",0,1,1
"FANCA","s1319_FAE_M_BLOOD_ASEReadCounter.table","NW_015090842.1:10133536",0,1,1
"FANCA","s1319_FAE_M_BLOOD_ASEReadCounter.table","NW_015090842.1:10133601",1,2,1
"FANCA","s1319_FAE_M_BLOOD_ASEReadCounter.table","NW_015090842.1:10140699",0,1,1
"FANCA","s1319_FAE_M_BLOOD_ASEReadCounter.table","NW_015090842.1:10141234",0,1,1
"FANCA","s1319_FAE_M_BLOOD_ASEReadCounter.table","NW_015090842.1:10152863",0,1,1
"FANCA","s1319_FAE_M_BLOOD_ASEReadCounter.table","NW_015090842.1:10154490",0,1,1
"TCF25","s1319_FAE_M_BLOOD_ASEReadCounter.table","NW_015090842.1:10180912",61,104,43
"TCF25","s1319_FAE_M_BLOOD_ASEReadCounter.table","NW_015090842.1:10180924",65,103,38
"TCF25","s1319_FAE_M_BLOOD_ASEReadCounter.table","NW_015090842.1:10180931",70,110,40
"TCF25","s1319_FAE_M_BLOOD_ASEReadCounter.table","NW_015090842.1:10185332",198,349,151
"TCF25","s1319_FAE_M_BLOOD_ASEReadCounter.table","NW_015090842.1:10188816",151,287,136
"MC1R","s1319_FAE_M_BLOOD_ASEReadCounter.table","NW_015090842.1:10202160",1,1,0
"MC1R","s1319_FAE_M_BLOOD_ASEReadCounter.table","NW_015090842.1:10202460",0,1,1
"MC1R","s1319_FAE_M_BLOOD_ASEReadCounter.table","NW_015090842.1:10202465",0,1,1
"DBNDD1","s1319_FAE_M_BLOOD_ASEReadCounter.table","NW_015090842.1:10223105",1,1,0
"GAS8","s1319_FAE_M_BLOOD_ASEReadCounter.table","NW_015090842.1:10228982",2,3,1
"GAS8","s1319_FAE_M_BLOOD_ASEReadCounter.table","NW_015090842.1:10229832",2,2,0
"GAS8","s1319_FAE_M_BLOOD_ASEReadCounter.table","NW_015090842.1:10232375",3,3,0
"GAS8","s1319_FAE_M_BLOOD_ASEReadCounter.table","NW_015090842.1:10232901",1,2,1
"GAS8","s1319_FAE_M_BLOOD_ASEReadCounter.table","NW_015090842.1:10232928",0,2,2
"GAS8","s1319_FAE_M_BLOOD_ASEReadCounter.table","NW_015090842.1:10232967",0,2,2
"LOC106888173","s1319_FAE_M_BLOOD_ASEReadCounter.table","NW_015090842.1:10240557",0,2,2
"LOC106888173","s1319_FAE_M_BLOOD_ASEReadCounter.table","NW_015090842.1:10240690",0,1,1
"LOC106888173","s1319_FAE_M_BLOOD_ASEReadCounter.table","NW_015090842.1:10243566",0,1,1
"LOC106888173","s1319_FAE_M_BLOOD_ASEReadCounter.table","NW_015090842.1:10243605",0,1,1
"LOC106888173","s1319_FAE_M_BLOOD_ASEReadCounter.table","NW_015090842.1:10243614",0,1,1
"LOC106888173","s1319_FAE_M_BLOOD_ASEReadCounter.table","NW_015090842.1:10243615",0,1,1
"LOC106888173","s1319_FAE_M_BLOOD_ASEReadCounter.table","NW_015090842.1:10243640",0,1,1
"LOC106888384","s1319_FAE_M_BLOOD_ASEReadCounter.table","NW_015090842.1:10255531",1,1,0
"LOC106888384","s1319_FAE_M_BLOOD_ASEReadCounter.table","NW_015090842.1:10255608",7,7,0
"LOC106888384","s1319_FAE_M_BLOOD_ASEReadCounter.table","NW_015090842.1:10255704",130,131,1
"LOC106888384","s1319_FAE_M_BLOOD_ASEReadCounter.table","NW_015090842.1:10255731",166,168,2
"LOC106888384","s1319_FAE_M_BLOOD_ASEReadCounter.table","NW_015090842.1:10255771",183,185,2
"TANGO6","s1319_FAE_M_BLOOD_ASEReadCounter.table","NW_015090842.1:10257782",10,21,11
"TANGO6","s1319_FAE_M_BLOOD_ASEReadCounter.table","NW_015090842.1:10258162",11,33,22
"TANGO6","s1319_FAE_M_BLOOD_ASEReadCounter.table","NW_015090842.1:10258185",16,41,25
"TANGO6","s1319_FAE_M_BLOOD_ASEReadCounter.table","NW_015090842.1:10259267",12,32,20
"TANGO6","s1319_FAE_M_BLOOD_ASEReadCounter.table","NW_015090842.1:10260250",43,85,42
"TANGO6","s1319_FAE_M_BLOOD_ASEReadCounter.table","NW_015090842.1:10260289",43,87,44
"TANGO6","s1319_FAE_M_BLOOD_ASEReadCounter.table","NW_015090842.1:10260309",34,73,39
"TANGO6","s1319_FAE_M_BLOOD_ASEReadCounter.table","NW_015090842.1:10260979",31,64,33
"TANGO6","s1319_FAE_M_BLOOD_ASEReadCounter.table","NW_015090842.1:10261599",37,70,33
"TANGO6","s1319_FAE_M_BLOOD_ASEReadCounter.table","NW_015090842.1:10268425",44,95,51
"TANGO6","s1319_FAE_M_BLOOD_ASEReadCounter.table","NW_015090842.1:10269831",31,73,42
"TANGO6","s1319_FAE_M_BLOOD_ASEReadCounter.table","NW_015090842.1:10270813",30,68,38
"TANGO6","s1319_FAE_M_BLOOD_ASEReadCounter.table","NW_015090842.1:10274018",19,43,24
"TANGO6","s1319_FAE_M_BLOOD_ASEReadCounter.table","NW_015090842.1:10275974",29,52,23
"TANGO6","s1319_FAE_M_BLOOD_ASEReadCounter.table","NW_015090842.1:10275976",28,52,24
"TANGO6","s1319_FAE_M_BLOOD_ASEReadCounter.table","NW_015090842.1:10276123",21,41,20
"TANGO6","s1319_FAE_M_BLOOD_ASEReadCounter.table","NW_015090842.1:10276271",30,54,24
"TANGO6","s1319_FAE_M_BLOOD_ASEReadCounter.table","NW_015090842.1:10276272",28,52,24
"TANGO6","s1319_FAE_M_BLOOD_ASEReadCounter.table","NW_015090842.1:10276275",35,58,23
"TANGO6","s1319_FAE_M_BLOOD_ASEReadCounter.table","NW_015090842.1:10276278",33,56,23
"TANGO6","s1319_FAE_M_BLOOD_ASEReadCounter.table","NW_015090842.1:10276368",26,41,15
"TANGO6","s1319_FAE_M_BLOOD_ASEReadCounter.table","NW_015090842.1:10276373",21,36,15
"TANGO6","s1319_FAE_M_BLOOD_ASEReadCounter.table","NW_015090842.1:10276630",22,53,31
"TANGO6","s1319_FAE_M_BLOOD_ASEReadCounter.table","NW_015090842.1:10281498",25,43,18
"TANGO6","s1319_FAE_M_BLOOD_ASEReadCounter.table","NW_015090842.1:10281516",25,48,23
"TANGO6","s1319_FAE_M_BLOOD_ASEReadCounter.table","NW_015090842.1:10282842",17,40,23
"TANGO6","s1319_FAE_M_BLOOD_ASEReadCounter.table","NW_015090842.1:10282863",19,42,23
"TANGO6","s1319_FAE_M_BLOOD_ASEReadCounter.table","NW_015090842.1:10282869",18,36,18
"TANGO6","s1319_FAE_M_BLOOD_ASEReadCounter.table","NW_015090842.1:10282903",16,39,23
"TANGO6","s1319_FAE_M_BLOOD_ASEReadCounter.table","NW_015090842.1:10283757",21,43,22
"TANGO6","s1319_FAE_M_BLOOD_ASEReadCounter.table","NW_015090842.1:10283785",15,32,17
"HAS3","s1319_FAE_M_BLOOD_ASEReadCounter.table","NW_015090842.1:10289269",1,1,0
"HAS3","s1319_FAE_M_BLOOD_ASEReadCounter.table","NW_015090842.1:10289272",1,1,0
"HAS3","s1319_FAE_M_BLOOD_ASEReadCounter.table","NW_015090842.1:10289469",1,1,0
"HAS3","s1319_FAE_M_BLOOD_ASEReadCounter.table","NW_015090842.1:10290375",1,1,0
"HAS3","s1319_FAE_M_BLOOD_ASEReadCounter.table","NW_015090842.1:10290395",1,1,0
"HAS3","s1319_FAE_M_BLOOD_ASEReadCounter.table","NW_015090842.1:10290561",0,1,1
"HAS3","s1319_FAE_M_BLOOD_ASEReadCounter.table","NW_015090842.1:10290927",0,1,1
"HAS3","s1319_FAE_M_BLOOD_ASEReadCounter.table","NW_015090842.1:10291004",0,1,1
"CHTF8","s1319_FAE_M_BLOOD_ASEReadCounter.table","NW_015090842.1:10291319",2,2,0
"CHTF8","s1319_FAE_M_BLOOD_ASEReadCounter.table","NW_015090842.1:10291491",1,3,2
"CHTF8","s1319_FAE_M_BLOOD_ASEReadCounter.table","NW_015090842.1:10291520",1,2,1
"CHTF8","s1319_FAE_M_BLOOD_ASEReadCounter.table","NW_015090842.1:10291593",3,3,0
"CHTF8","s1319_FAE_M_BLOOD_ASEReadCounter.table","NW_015090842.1:10291600",3,3,0
"CHTF8","s1319_FAE_M_BLOOD_ASEReadCounter.table","NW_015090842.1:10291609",3,3,0
"CHTF8","s1319_FAE_M_BLOOD_ASEReadCounter.table","NW_015090842.1:10291639",1,1,0
"CHTF8","s1319_FAE_M_BLOOD_ASEReadCounter.table","NW_015090842.1:10291641",1,1,0
"CHTF8","s1319_FAE_M_BLOOD_ASEReadCounter.table","NW_015090842.1:10291648",2,3,1
"CHTF8","s1319_FAE_M_BLOOD_ASEReadCounter.table","NW_015090842.1:10291656",2,3,1
"CHTF8","s1319_FAE_M_BLOOD_ASEReadCounter.table","NW_015090842.1:10291675",1,2,1
"CHTF8","s1319_FAE_M_BLOOD_ASEReadCounter.table","NW_015090842.1:10291696",1,2,1
"CHTF8","s1319_FAE_M_BLOOD_ASEReadCounter.table","NW_015090842.1:10291714",1,2,1
"CHTF8","s1319_FAE_M_BLOOD_ASEReadCounter.table","NW_015090842.1:10291732",3,4,1
"CHTF8","s1319_FAE_M_BLOOD_ASEReadCounter.table","NW_015090842.1:10291755",3,3,0
"CHTF8","s1319_FAE_M_BLOOD_ASEReadCounter.table","NW_015090842.1:10291756",3,3,0
"CHTF8","s1319_FAE_M_BLOOD_ASEReadCounter.table","NW_015090842.1:10291758",3,3,0
"CHTF8","s1319_FAE_M_BLOOD_ASEReadCounter.table","NW_015090842.1:10291792",4,4,0
"CHTF8","s1319_FAE_M_BLOOD_ASEReadCounter.table","NW_015090842.1:10291895",1,1,0
"CHTF8","s1319_FAE_M_BLOOD_ASEReadCounter.table","NW_015090842.1:10292132",2,2,0
"CHTF8","s1319_FAE_M_BLOOD_ASEReadCounter.table","NW_015090842.1:10292314",5,5,0
"CHTF8","s1319_FAE_M_BLOOD_ASEReadCounter.table","NW_015090842.1:10292317",5,5,0
"CHTF8","s1319_FAE_M_BLOOD_ASEReadCounter.table","NW_015090842.1:10292928",1,1,0
"UTP4","s1319_FAE_M_BLOOD_ASEReadCounter.table","NW_015090842.1:10293146",2,8,6
"UTP4","s1319_FAE_M_BLOOD_ASEReadCounter.table","NW_015090842.1:10293151",2,8,6
"UTP4","s1319_FAE_M_BLOOD_ASEReadCounter.table","NW_015090842.1:10293191",2,9,7
"UTP4","s1319_FAE_M_BLOOD_ASEReadCounter.table","NW_015090842.1:10293362",5,14,9
"UTP4","s1319_FAE_M_BLOOD_ASEReadCounter.table","NW_015090842.1:10293430",5,15,10
"UTP4","s1319_FAE_M_BLOOD_ASEReadCounter.table","NW_015090842.1:10293625",3,8,5
"UTP4","s1319_FAE_M_BLOOD_ASEReadCounter.table","NW_015090842.1:10293684",1,5,4
"UTP4","s1319_FAE_M_BLOOD_ASEReadCounter.table","NW_015090842.1:10294093",3,7,4
"UTP4","s1319_FAE_M_BLOOD_ASEReadCounter.table","NW_015090842.1:10294622",6,15,9
"UTP4","s1319_FAE_M_BLOOD_ASEReadCounter.table","NW_015090842.1:10294632",5,15,10
"UTP4","s1319_FAE_M_BLOOD_ASEReadCounter.table","NW_015090842.1:10295238",3,16,13
"UTP4","s1319_FAE_M_BLOOD_ASEReadCounter.table","NW_015090842.1:10295880",6,21,15
"UTP4","s1319_FAE_M_BLOOD_ASEReadCounter.table","NW_015090842.1:10295884",7,23,16
"UTP4","s1319_FAE_M_BLOOD_ASEReadCounter.table","NW_015090842.1:10295903",6,18,12
"UTP4","s1319_FAE_M_BLOOD_ASEReadCounter.table","NW_015090842.1:10295906",6,17,11
"UTP4","s1319_FAE_M_BLOOD_ASEReadCounter.table","NW_015090842.1:10295915",5,16,11
"UTP4","s1319_FAE_M_BLOOD_ASEReadCounter.table","NW_015090842.1:10295938",5,17,12
"UTP4","s1319_FAE_M_BLOOD_ASEReadCounter.table","NW_015090842.1:10296175",7,16,9
"UTP4","s1319_FAE_M_BLOOD_ASEReadCounter.table","NW_015090842.1:10296660",1,11,10
"UTP4","s1319_FAE_M_BLOOD_ASEReadCounter.table","NW_015090842.1:10296679",3,13,10
"UTP4","s1319_FAE_M_BLOOD_ASEReadCounter.table","NW_015090842.1:10297193",3,11,8
"UTP4","s1319_FAE_M_BLOOD_ASEReadCounter.table","NW_015090842.1:10297220",3,13,10
"UTP4","s1319_FAE_M_BLOOD_ASEReadCounter.table","NW_015090842.1:10297307",6,14,8
"UTP4","s1319_FAE_M_BLOOD_ASEReadCounter.table","NW_015090842.1:10297558",1,10,9
"UTP4","s1319_FAE_M_BLOOD_ASEReadCounter.table","NW_015090842.1:10297943",1,9,8
"UTP4","s1319_FAE_M_BLOOD_ASEReadCounter.table","NW_015090842.1:10297979",0,7,7
"UTP4","s1319_FAE_M_BLOOD_ASEReadCounter.table","NW_015090842.1:10298022",0,6,6
"UTP4","s1319_FAE_M_BLOOD_ASEReadCounter.table","NW_015090842.1:10298079",0,1,1
"UTP4","s1319_FAE_M_BLOOD_ASEReadCounter.table","NW_015090842.1:10298081",0,1,1
"UTP4","s1319_FAE_M_BLOOD_ASEReadCounter.table","NW_015090842.1:10298082",0,1,1
"SNTB2","s1319_FAE_M_BLOOD_ASEReadCounter.table","NW_015090842.1:10303506",2,3,1
"SNTB2","s1319_FAE_M_BLOOD_ASEReadCounter.table","NW_015090842.1:10303524",2,3,1
"SNTB2","s1319_FAE_M_BLOOD_ASEReadCounter.table","NW_015090842.1:10304059",1,1,0
"SNTB2","s1319_FAE_M_BLOOD_ASEReadCounter.table","NW_015090842.1:10304089",1,1,0
"SNTB2","s1319_FAE_M_BLOOD_ASEReadCounter.table","NW_015090842.1:10304167",1,1,0
"SNTB2","s1319_FAE_M_BLOOD_ASEReadCounter.table","NW_015090842.1:10304176",1,1,0
"SNTB2","s1319_FAE_M_BLOOD_ASEReadCounter.table","NW_015090842.1:10305069",2,2,0
"SNTB2","s1319_FAE_M_BLOOD_ASEReadCounter.table","NW_015090842.1:10305099",2,2,0
"SNTB2","s1319_FAE_M_BLOOD_ASEReadCounter.table","NW_015090842.1:10305171",0,1,1
"SNTB2","s1319_FAE_M_BLOOD_ASEReadCounter.table","NW_015090842.1:10305177",0,1,1
"SNTB2","s1319_FAE_M_BLOOD_ASEReadCounter.table","NW_015090842.1:10305451",1,1,0
"SNTB2","s1319_FAE_M_BLOOD_ASEReadCounter.table","NW_015090842.1:10305547",0,1,1
"SNTB2","s1319_FAE_M_BLOOD_ASEReadCounter.table","NW_015090842.1:10305847",0,1,1
"SNTB2","s1319_FAE_M_BLOOD_ASEReadCounter.table","NW_015090842.1:10306173",0,1,1
"SNTB2","s1319_FAE_M_BLOOD_ASEReadCounter.table","NW_015090842.1:10306457",1,2,1
"SNTB2","s1319_FAE_M_BLOOD_ASEReadCounter.table","NW_015090842.1:10306496",1,1,0
"SNTB2","s1319_FAE_M_BLOOD_ASEReadCounter.table","NW_015090842.1:10306499",1,1,0
"VPS4A","s1319_FAE_M_BLOOD_ASEReadCounter.table","NW_015090842.1:10308566",168,393,225
"VPS4A","s1319_FAE_M_BLOOD_ASEReadCounter.table","NW_015090842.1:10308573",171,399,228
"VPS4A","s1319_FAE_M_BLOOD_ASEReadCounter.table","NW_015090842.1:10308856",216,545,329
"VPS4A","s1319_FAE_M_BLOOD_ASEReadCounter.table","NW_015090842.1:10309056",240,568,328
"VPS4A","s1319_FAE_M_BLOOD_ASEReadCounter.table","NW_015090842.1:10309089",277,617,340
"VPS4A","s1319_FAE_M_BLOOD_ASEReadCounter.table","NW_015090842.1:10309392",306,630,324
"VPS4A","s1319_FAE_M_BLOOD_ASEReadCounter.table","NW_015090842.1:10309413",299,599,300
"VPS4A","s1319_FAE_M_BLOOD_ASEReadCounter.table","NW_015090842.1:10309467",265,626,361
"VPS4A","s1319_FAE_M_BLOOD_ASEReadCounter.table","NW_015090842.1:10310230",299,679,380
"VPS4A","s1319_FAE_M_BLOOD_ASEReadCounter.table","NW_015090842.1:10310425",216,485,269
"VPS4A","s1319_FAE_M_BLOOD_ASEReadCounter.table","NW_015090842.1:10310639",266,549,283
"VPS4A","s1319_FAE_M_BLOOD_ASEReadCounter.table","NW_015090842.1:10310734",210,453,243
"VPS4A","s1319_FAE_M_BLOOD_ASEReadCounter.table","NW_015090842.1:10310737",211,458,247
"VPS4A","s1319_FAE_M_BLOOD_ASEReadCounter.table","NW_015090842.1:10310746",211,453,242
"VPS4A","s1319_FAE_M_BLOOD_ASEReadCounter.table","NW_015090842.1:10310767",225,480,255
"VPS4A","s1319_FAE_M_BLOOD_ASEReadCounter.table","NW_015090842.1:10310995",241,495,254
"VPS4A","s1319_FAE_M_BLOOD_ASEReadCounter.table","NW_015090842.1:10311004",237,478,241
"VPS4A","s1319_FAE_M_BLOOD_ASEReadCounter.table","NW_015090842.1:10311007",229,475,246
"VPS4A","s1319_FAE_M_BLOOD_ASEReadCounter.table","NW_015090842.1:10311013",248,494,246
"VPS4A","s1319_FAE_M_BLOOD_ASEReadCounter.table","NW_015090842.1:10311022",218,462,244
"VPS4A","s1319_FAE_M_BLOOD_ASEReadCounter.table","NW_015090842.1:10311023",221,464,243
"VPS4A","s1319_FAE_M_BLOOD_ASEReadCounter.table","NW_015090842.1:10311426",224,509,285
"VPS4A","s1319_FAE_M_BLOOD_ASEReadCounter.table","NW_015090842.1:10311489",3,17,14
"VPS4A","s1319_FAE_M_BLOOD_ASEReadCounter.table","NW_015090842.1:10311490",5,15,10
"VPS4A","s1319_FAE_M_BLOOD_ASEReadCounter.table","NW_015090842.1:10311525",6,12,6
"VPS4A","s1319_FAE_M_BLOOD_ASEReadCounter.table","NW_015090842.1:10311529",6,19,13
"VPS4A","s1319_FAE_M_BLOOD_ASEReadCounter.table","NW_015090842.1:10311530",5,19,14
"VPS4A","s1319_FAE_M_BLOOD_ASEReadCounter.table","NW_015090842.1:10311552",23,43,20
"VPS4A","s1319_FAE_M_BLOOD_ASEReadCounter.table","NW_015090842.1:10311689",22,59,37
"VPS4A","s1319_FAE_M_BLOOD_ASEReadCounter.table","NW_015090842.1:10311700",29,65,36
"VPS4A","s1319_FAE_M_BLOOD_ASEReadCounter.table","NW_015090842.1:10311701",29,66,37
"VPS4A","s1319_FAE_M_BLOOD_ASEReadCounter.table","NW_015090842.1:10311703",29,66,37
"COG8","s1319_FAE_M_BLOOD_ASEReadCounter.table","NW_015090842.1:10313487",2,12,10
"COG8","s1319_FAE_M_BLOOD_ASEReadCounter.table","NW_015090842.1:10313559",9,18,9
"COG8","s1319_FAE_M_BLOOD_ASEReadCounter.table","NW_015090842.1:10313579",11,24,13
"COG8","s1319_FAE_M_BLOOD_ASEReadCounter.table","NW_015090842.1:10313665",8,20,12
"COG8","s1319_FAE_M_BLOOD_ASEReadCounter.table","NW_015090842.1:10313681",11,23,12
"COG8","s1319_FAE_M_BLOOD_ASEReadCounter.table","NW_015090842.1:10313768",18,42,24
"COG8","s1319_FAE_M_BLOOD_ASEReadCounter.table","NW_015090842.1:10313775",16,40,24
"COG8","s1319_FAE_M_BLOOD_ASEReadCounter.table","NW_015090842.1:10313811",14,32,18
"COG8","s1319_FAE_M_BLOOD_ASEReadCounter.table","NW_015090842.1:10313858",10,26,16
"COG8","s1319_FAE_M_BLOOD_ASEReadCounter.table","NW_015090842.1:10314100",15,43,28
"COG8","s1319_FAE_M_BLOOD_ASEReadCounter.table","NW_015090842.1:10314213",18,40,22
"COG8","s1319_FAE_M_BLOOD_ASEReadCounter.table","NW_015090842.1:10315093",14,36,22
"COG8","s1319_FAE_M_BLOOD_ASEReadCounter.table","NW_015090842.1:10315162",19,43,24
"COG8","s1319_FAE_M_BLOOD_ASEReadCounter.table","NW_015090842.1:10315285",21,38,17
"COG8","s1319_FAE_M_BLOOD_ASEReadCounter.table","NW_015090842.1:10315360",14,39,25
"COG8","s1319_FAE_M_BLOOD_ASEReadCounter.table","NW_015090842.1:10315369",17,42,25
"COG8","s1319_FAE_M_BLOOD_ASEReadCounter.table","NW_015090842.1:10315504",9,20,11
"COG8","s1319_FAE_M_BLOOD_ASEReadCounter.table","NW_015090842.1:10315508",10,23,13
"COG8","s1319_FAE_M_BLOOD_ASEReadCounter.table","NW_015090842.1:10315624",9,29,20
"COG8","s1319_FAE_M_BLOOD_ASEReadCounter.table","NW_015090842.1:10315693",11,33,22
"COG8","s1319_FAE_M_BLOOD_ASEReadCounter.table","NW_015090842.1:10315698",10,37,27
"COG8","s1319_FAE_M_BLOOD_ASEReadCounter.table","NW_015090842.1:10315768",8,29,21
"COG8","s1319_FAE_M_BLOOD_ASEReadCounter.table","NW_015090842.1:10315769",8,29,21
"COG8","s1319_FAE_M_BLOOD_ASEReadCounter.table","NW_015090842.1:10315784",9,30,21
"COG8","s1319_FAE_M_BLOOD_ASEReadCounter.table","NW_015090842.1:10316093",9,25,16
"COG8","s1319_FAE_M_BLOOD_ASEReadCounter.table","NW_015090842.1:10316133",6,16,10
"NIP7","s1319_FAE_M_BLOOD_ASEReadCounter.table","NW_015090842.1:10316759",5,12,7
"NIP7","s1319_FAE_M_BLOOD_ASEReadCounter.table","NW_015090842.1:10316967",38,106,68
"NIP7","s1319_FAE_M_BLOOD_ASEReadCounter.table","NW_015090842.1:10316995",52,131,79
"NIP7","s1319_FAE_M_BLOOD_ASEReadCounter.table","NW_015090842.1:10317240",72,178,106
"NIP7","s1319_FAE_M_BLOOD_ASEReadCounter.table","NW_015090842.1:10317247",70,168,98
"NIP7","s1319_FAE_M_BLOOD_ASEReadCounter.table","NW_015090842.1:10317264",78,170,92
"NIP7","s1319_FAE_M_BLOOD_ASEReadCounter.table","NW_015090842.1:10317433",91,198,107
"NIP7","s1319_FAE_M_BLOOD_ASEReadCounter.table","NW_015090842.1:10317738",46,127,81
"NIP7","s1319_FAE_M_BLOOD_ASEReadCounter.table","NW_015090842.1:10317769",44,125,81
"NIP7","s1319_FAE_M_BLOOD_ASEReadCounter.table","NW_015090842.1:10317808",31,84,53
"NIP7","s1319_FAE_M_BLOOD_ASEReadCounter.table","NW_015090842.1:10317870",17,45,28
"NIP7","s1319_FAE_M_BLOOD_ASEReadCounter.table","NW_015090842.1:10317871",17,43,26
"NIP7","s1319_FAE_M_BLOOD_ASEReadCounter.table","NW_015090842.1:10317898",12,29,17
"NIP7","s1319_FAE_M_BLOOD_ASEReadCounter.table","NW_015090842.1:10317911",10,25,15
"TMED6","s1319_FAE_M_BLOOD_ASEReadCounter.table","NW_015090842.1:10318731",6,12,6
"TERF2","s1319_FAE_M_BLOOD_ASEReadCounter.table","NW_015090842.1:10321665",8,19,11
"TERF2","s1319_FAE_M_BLOOD_ASEReadCounter.table","NW_015090842.1:10321768",78,135,57
"TERF2","s1319_FAE_M_BLOOD_ASEReadCounter.table","NW_015090842.1:10321777",72,126,54
"TERF2","s1319_FAE_M_BLOOD_ASEReadCounter.table","NW_015090842.1:10321805",89,139,50
"TERF2","s1319_FAE_M_BLOOD_ASEReadCounter.table","NW_015090842.1:10321878",95,159,64
"TERF2","s1319_FAE_M_BLOOD_ASEReadCounter.table","NW_015090842.1:10321893",94,154,60
"TERF2","s1319_FAE_M_BLOOD_ASEReadCounter.table","NW_015090842.1:10321897",92,145,53
"TERF2","s1319_FAE_M_BLOOD_ASEReadCounter.table","NW_015090842.1:10321908",85,134,49
"TERF2","s1319_FAE_M_BLOOD_ASEReadCounter.table","NW_015090842.1:10322001",127,228,101
"TERF2","s1319_FAE_M_BLOOD_ASEReadCounter.table","NW_015090842.1:10322035",95,187,92
"TERF2","s1319_FAE_M_BLOOD_ASEReadCounter.table","NW_015090842.1:10322051",96,206,110
"TERF2","s1319_FAE_M_BLOOD_ASEReadCounter.table","NW_015090842.1:10322137",89,172,83
"TERF2","s1319_FAE_M_BLOOD_ASEReadCounter.table","NW_015090842.1:10322144",102,177,75
"TERF2","s1319_FAE_M_BLOOD_ASEReadCounter.table","NW_015090842.1:10322388",107,209,102
"TERF2","s1319_FAE_M_BLOOD_ASEReadCounter.table","NW_015090842.1:10322396",100,206,106
"TERF2","s1319_FAE_M_BLOOD_ASEReadCounter.table","NW_015090842.1:10322502",121,263,142
"TERF2","s1319_FAE_M_BLOOD_ASEReadCounter.table","NW_015090842.1:10322504",120,262,142
"TERF2","s1319_FAE_M_BLOOD_ASEReadCounter.table","NW_015090842.1:10322510",117,263,146
"TERF2","s1319_FAE_M_BLOOD_ASEReadCounter.table","NW_015090842.1:10323580",181,322,141
"TERF2","s1319_FAE_M_BLOOD_ASEReadCounter.table","NW_015090842.1:10324314",152,278,126
"TERF2","s1319_FAE_M_BLOOD_ASEReadCounter.table","NW_015090842.1:10326832",128,236,108
"TERF2","s1319_FAE_M_BLOOD_ASEReadCounter.table","NW_015090842.1:10327787",120,212,92
"TERF2","s1319_FAE_M_BLOOD_ASEReadCounter.table","NW_015090842.1:10328588",148,270,122
"TERF2","s1319_FAE_M_BLOOD_ASEReadCounter.table","NW_015090842.1:10328644",104,225,121
"TERF2","s1319_FAE_M_BLOOD_ASEReadCounter.table","NW_015090842.1:10329813",104,210,106
"TERF2","s1319_FAE_M_BLOOD_ASEReadCounter.table","NW_015090842.1:10330749",72,139,67
"TERF2","s1319_FAE_M_BLOOD_ASEReadCounter.table","NW_015090842.1:10330789",74,143,69
"CYB5B","s1319_FAE_M_BLOOD_ASEReadCounter.table","NW_015090842.1:10336595",0,1,1
"CYB5B","s1319_FAE_M_BLOOD_ASEReadCounter.table","NW_015090842.1:10336689",1,2,1
"CYB5B","s1319_FAE_M_BLOOD_ASEReadCounter.table","NW_015090842.1:10336728",1,6,5
"CYB5B","s1319_FAE_M_BLOOD_ASEReadCounter.table","NW_015090842.1:10345068",1,6,5
"CYB5B","s1319_FAE_M_BLOOD_ASEReadCounter.table","NW_015090842.1:10348800",4,14,10
"CYB5B","s1319_FAE_M_BLOOD_ASEReadCounter.table","NW_015090842.1:10348888",6,12,6
"CYB5B","s1319_FAE_M_BLOOD_ASEReadCounter.table","NW_015090842.1:10349046",1,6,5
"CYB5B","s1319_FAE_M_BLOOD_ASEReadCounter.table","NW_015090842.1:10349119",1,10,9
"CYB5B","s1319_FAE_M_BLOOD_ASEReadCounter.table","NW_015090842.1:10349146",2,9,7
"CYB5B","s1319_FAE_M_BLOOD_ASEReadCounter.table","NW_015090842.1:10349157",4,11,7
