"gene","id","snp","ref_count","total_count","alt_count"
"CENPN","s1319_F_GON_01_ASEReadCounter.table","NW_015090842.1:5801612",24,425,401
"CENPN","s1319_F_GON_01_ASEReadCounter.table","NW_015090842.1:5801618",34,446,412
"CENPN","s1319_F_GON_01_ASEReadCounter.table","NW_015090842.1:5801623",52,465,413
"CENPN","s1319_F_GON_01_ASEReadCounter.table","NW_015090842.1:5801631",81,503,422
"CENPN","s1319_F_GON_01_ASEReadCounter.table","NW_015090842.1:5801632",80,505,425
"CENPN","s1319_F_GON_01_ASEReadCounter.table","NW_015090842.1:5801655",106,498,392
"CENPN","s1319_F_GON_01_ASEReadCounter.table","NW_015090842.1:5801662",117,552,435
"CENPN","s1319_F_GON_01_ASEReadCounter.table","NW_015090842.1:5801670",124,577,453
"CENPN","s1319_F_GON_01_ASEReadCounter.table","NW_015090842.1:5801674",126,585,459
"CENPN","s1319_F_GON_01_ASEReadCounter.table","NW_015090842.1:5801692",139,633,494
"CENPN","s1319_F_GON_01_ASEReadCounter.table","NW_015090842.1:5801697",134,613,479
"CENPN","s1319_F_GON_01_ASEReadCounter.table","NW_015090842.1:5802008",187,893,706
"CENPN","s1319_F_GON_01_ASEReadCounter.table","NW_015090842.1:5802012",183,899,716
"CENPN","s1319_F_GON_01_ASEReadCounter.table","NW_015090842.1:5802087",213,1128,915
"CENPN","s1319_F_GON_01_ASEReadCounter.table","NW_015090842.1:5810113",0,17,17
"CENPN","s1319_F_GON_01_ASEReadCounter.table","NW_015090842.1:5810147",24,32,8
"CENPN","s1319_F_GON_01_ASEReadCounter.table","NW_015090842.1:5810148",23,31,8
"ATMIN","s1319_F_GON_01_ASEReadCounter.table","NW_015090842.1:5818789",21,26,5
"ATMIN","s1319_F_GON_01_ASEReadCounter.table","NW_015090842.1:5819958",37,44,7
"ATMIN","s1319_F_GON_01_ASEReadCounter.table","NW_015090842.1:5820004",32,38,6
"ATMIN","s1319_F_GON_01_ASEReadCounter.table","NW_015090842.1:5820217",24,31,7
"ATMIN","s1319_F_GON_01_ASEReadCounter.table","NW_015090842.1:5820250",23,28,5
"ATMIN","s1319_F_GON_01_ASEReadCounter.table","NW_015090842.1:5820298",23,27,4
"ATMIN","s1319_F_GON_01_ASEReadCounter.table","NW_015090842.1:5820417",15,26,11
"ATMIN","s1319_F_GON_01_ASEReadCounter.table","NW_015090842.1:5820421",14,25,11
"ATMIN","s1319_F_GON_01_ASEReadCounter.table","NW_015090842.1:5820448",12,22,10
"ATMIN","s1319_F_GON_01_ASEReadCounter.table","NW_015090842.1:5820457",12,23,11
"ATMIN","s1319_F_GON_01_ASEReadCounter.table","NW_015090842.1:5820510",8,13,5
"ATMIN","s1319_F_GON_01_ASEReadCounter.table","NW_015090842.1:5820673",5,9,4
"ATMIN","s1319_F_GON_01_ASEReadCounter.table","NW_015090842.1:5820754",7,15,8
"ATMIN","s1319_F_GON_01_ASEReadCounter.table","NW_015090842.1:5820820",5,11,6
"ATMIN","s1319_F_GON_01_ASEReadCounter.table","NW_015090842.1:5820865",7,9,2
"ATMIN","s1319_F_GON_01_ASEReadCounter.table","NW_015090842.1:5820889",10,15,5
"ATMIN","s1319_F_GON_01_ASEReadCounter.table","NW_015090842.1:5820891",10,15,5
"ATMIN","s1319_F_GON_01_ASEReadCounter.table","NW_015090842.1:5820997",10,15,5
"ATMIN","s1319_F_GON_01_ASEReadCounter.table","NW_015090842.1:5821063",10,13,3
"ATMIN","s1319_F_GON_01_ASEReadCounter.table","NW_015090842.1:5821132",6,12,6
"ATMIN","s1319_F_GON_01_ASEReadCounter.table","NW_015090842.1:5821645",4,16,12
"ATMIN","s1319_F_GON_01_ASEReadCounter.table","NW_015090842.1:5825066",19,33,14
"ATMIN","s1319_F_GON_01_ASEReadCounter.table","NW_015090842.1:5825106",17,31,14
"ATMIN","s1319_F_GON_01_ASEReadCounter.table","NW_015090842.1:5825122",15,28,13
"ATMIN","s1319_F_GON_01_ASEReadCounter.table","NW_015090842.1:5825178",22,47,25
"ATMIN","s1319_F_GON_01_ASEReadCounter.table","NW_015090842.1:5825194",22,46,24
"ATMIN","s1319_F_GON_01_ASEReadCounter.table","NW_015090842.1:5825195",22,46,24
"ATMIN","s1319_F_GON_01_ASEReadCounter.table","NW_015090842.1:5825220",24,48,24
"ATMIN","s1319_F_GON_01_ASEReadCounter.table","NW_015090842.1:5825240",27,44,17
"ATMIN","s1319_F_GON_01_ASEReadCounter.table","NW_015090842.1:5825303",29,49,20
"ATMIN","s1319_F_GON_01_ASEReadCounter.table","NW_015090842.1:5825304",29,49,20
"ATMIN","s1319_F_GON_01_ASEReadCounter.table","NW_015090842.1:5825310",31,48,17
"ATMIN","s1319_F_GON_01_ASEReadCounter.table","NW_015090842.1:5825406",28,42,14
"ATMIN","s1319_F_GON_01_ASEReadCounter.table","NW_015090842.1:5825415",27,42,15
"ATMIN","s1319_F_GON_01_ASEReadCounter.table","NW_015090842.1:5825438",26,38,12
"ATMIN","s1319_F_GON_01_ASEReadCounter.table","NW_015090842.1:5825485",25,36,11
"ATMIN","s1319_F_GON_01_ASEReadCounter.table","NW_015090842.1:5825524",24,38,14
"ATMIN","s1319_F_GON_01_ASEReadCounter.table","NW_015090842.1:5825557",30,43,13
"ATMIN","s1319_F_GON_01_ASEReadCounter.table","NW_015090842.1:5825571",33,45,12
"ATMIN","s1319_F_GON_01_ASEReadCounter.table","NW_015090842.1:5825579",33,46,13
"ATMIN","s1319_F_GON_01_ASEReadCounter.table","NW_015090842.1:5825590",29,39,10
"ATMIN","s1319_F_GON_01_ASEReadCounter.table","NW_015090842.1:5825689",27,47,20
"ATMIN","s1319_F_GON_01_ASEReadCounter.table","NW_015090842.1:5825703",32,54,22
"ATMIN","s1319_F_GON_01_ASEReadCounter.table","NW_015090842.1:5825787",30,42,12
"ATMIN","s1319_F_GON_01_ASEReadCounter.table","NW_015090842.1:5825833",30,42,12
"ATMIN","s1319_F_GON_01_ASEReadCounter.table","NW_015090842.1:5825841",29,40,11
"ATMIN","s1319_F_GON_01_ASEReadCounter.table","NW_015090842.1:5825895",30,50,20
"ATMIN","s1319_F_GON_01_ASEReadCounter.table","NW_015090842.1:5825984",24,52,28
"ATMIN","s1319_F_GON_01_ASEReadCounter.table","NW_015090842.1:5826162",38,66,28
"ATMIN","s1319_F_GON_01_ASEReadCounter.table","NW_015090842.1:5826194",41,62,21
"ATMIN","s1319_F_GON_01_ASEReadCounter.table","NW_015090842.1:5826235",40,58,18
"ATMIN","s1319_F_GON_01_ASEReadCounter.table","NW_015090842.1:5826245",38,55,17
"ATMIN","s1319_F_GON_01_ASEReadCounter.table","NW_015090842.1:5826335",18,35,17
"ATMIN","s1319_F_GON_01_ASEReadCounter.table","NW_015090842.1:5826417",16,33,17
"ATMIN","s1319_F_GON_01_ASEReadCounter.table","NW_015090842.1:5826431",17,35,18
"ATMIN","s1319_F_GON_01_ASEReadCounter.table","NW_015090842.1:5826438",19,36,17
"ATMIN","s1319_F_GON_01_ASEReadCounter.table","NW_015090842.1:5826463",28,56,28
"ATMIN","s1319_F_GON_01_ASEReadCounter.table","NW_015090842.1:5826502",28,59,31
"ATMIN","s1319_F_GON_01_ASEReadCounter.table","NW_015090842.1:5826511",28,63,35
"ATMIN","s1319_F_GON_01_ASEReadCounter.table","NW_015090842.1:5826659",34,57,23
"ATMIN","s1319_F_GON_01_ASEReadCounter.table","NW_015090842.1:5826701",41,68,27
"ATMIN","s1319_F_GON_01_ASEReadCounter.table","NW_015090842.1:5826702",40,66,26
"ATMIN","s1319_F_GON_01_ASEReadCounter.table","NW_015090842.1:5826732",43,70,27
"ATMIN","s1319_F_GON_01_ASEReadCounter.table","NW_015090842.1:5826745",46,71,25
"ATMIN","s1319_F_GON_01_ASEReadCounter.table","NW_015090842.1:5826835",39,60,21
"ATMIN","s1319_F_GON_01_ASEReadCounter.table","NW_015090842.1:5826942",30,54,24
"ATMIN","s1319_F_GON_01_ASEReadCounter.table","NW_015090842.1:5827193",58,104,46
"ATMIN","s1319_F_GON_01_ASEReadCounter.table","NW_015090842.1:5827196",54,102,48
"ATMIN","s1319_F_GON_01_ASEReadCounter.table","NW_015090842.1:5827269",54,97,43
"ATMIN","s1319_F_GON_01_ASEReadCounter.table","NW_015090842.1:5827315",42,68,26
"ATMIN","s1319_F_GON_01_ASEReadCounter.table","NW_015090842.1:5827316",42,70,28
"ATMIN","s1319_F_GON_01_ASEReadCounter.table","NW_015090842.1:5827333",43,69,26
"PPP1R3E","s1319_F_GON_01_ASEReadCounter.table","NW_015090842.1:5837733",10,20,10
"PPP1R3E","s1319_F_GON_01_ASEReadCounter.table","NW_015090842.1:5837947",4,8,4
"PKD1L2","s1319_F_GON_01_ASEReadCounter.table","NW_015090842.1:5867509",12,33,21
"PKD1L2","s1319_F_GON_01_ASEReadCounter.table","NW_015090842.1:5867597",16,51,35
"PKD1L2","s1319_F_GON_01_ASEReadCounter.table","NW_015090842.1:5867600",18,56,38
"PKD1L2","s1319_F_GON_01_ASEReadCounter.table","NW_015090842.1:5867660",19,46,27
"PKD1L2","s1319_F_GON_01_ASEReadCounter.table","NW_015090842.1:5867675",22,48,26
"PKD1L2","s1319_F_GON_01_ASEReadCounter.table","NW_015090842.1:5867788",13,33,20
"PKD1L2","s1319_F_GON_01_ASEReadCounter.table","NW_015090842.1:5867843",18,40,22
"PKD1L2","s1319_F_GON_01_ASEReadCounter.table","NW_015090842.1:5871422",0,2,2
"PKD1L2","s1319_F_GON_01_ASEReadCounter.table","NW_015090842.1:5872825",1,5,4
"PKD1L2","s1319_F_GON_01_ASEReadCounter.table","NW_015090842.1:5872876",0,2,2
"PKD1L2","s1319_F_GON_01_ASEReadCounter.table","NW_015090842.1:5872924",1,3,2
"PKD1L2","s1319_F_GON_01_ASEReadCounter.table","NW_015090842.1:5872948",1,4,3
"BCO1","s1319_F_GON_01_ASEReadCounter.table","NW_015090842.1:5915610",29,56,27
"BCO1","s1319_F_GON_01_ASEReadCounter.table","NW_015090842.1:5915646",31,56,25
"BCO1","s1319_F_GON_01_ASEReadCounter.table","NW_015090842.1:5917836",26,49,23
"BCO1","s1319_F_GON_01_ASEReadCounter.table","NW_015090842.1:5917912",30,57,27
"BCO1","s1319_F_GON_01_ASEReadCounter.table","NW_015090842.1:5917941",37,67,30
"BCO1","s1319_F_GON_01_ASEReadCounter.table","NW_015090842.1:5917971",38,67,29
"BCO1","s1319_F_GON_01_ASEReadCounter.table","NW_015090842.1:5921679",46,82,36
"BCO1","s1319_F_GON_01_ASEReadCounter.table","NW_015090842.1:5921726",38,66,28
"BCO1","s1319_F_GON_01_ASEReadCounter.table","NW_015090842.1:5925669",23,42,19
"BCO1","s1319_F_GON_01_ASEReadCounter.table","NW_015090842.1:5926937",24,42,18
"BCO1","s1319_F_GON_01_ASEReadCounter.table","NW_015090842.1:5927921",16,36,20
"BCO1","s1319_F_GON_01_ASEReadCounter.table","NW_015090842.1:5927948",15,36,21
"BCO1","s1319_F_GON_01_ASEReadCounter.table","NW_015090842.1:5927968",17,36,19
"BCO1","s1319_F_GON_01_ASEReadCounter.table","NW_015090842.1:5928052",22,38,16
"BCO1","s1319_F_GON_01_ASEReadCounter.table","NW_015090842.1:5932726",37,70,33
"BCO1","s1319_F_GON_01_ASEReadCounter.table","NW_015090842.1:5932801",29,57,28
"BCO1","s1319_F_GON_01_ASEReadCounter.table","NW_015090842.1:5934558",47,76,29
"BCO1","s1319_F_GON_01_ASEReadCounter.table","NW_015090842.1:5934575",46,77,31
"BCO1","s1319_F_GON_01_ASEReadCounter.table","NW_015090842.1:5934608",52,82,30
"BCO1","s1319_F_GON_01_ASEReadCounter.table","NW_015090842.1:5934647",50,81,31
"BCO1","s1319_F_GON_01_ASEReadCounter.table","NW_015090842.1:5934725",48,86,38
"BCO1","s1319_F_GON_01_ASEReadCounter.table","NW_015090842.1:5934726",48,84,36
"BCO1","s1319_F_GON_01_ASEReadCounter.table","NW_015090842.1:5934733",45,76,31
"BCO1","s1319_F_GON_01_ASEReadCounter.table","NW_015090842.1:5934821",38,67,29
"BCO1","s1319_F_GON_01_ASEReadCounter.table","NW_015090842.1:5934826",35,61,26
"BCO1","s1319_F_GON_01_ASEReadCounter.table","NW_015090842.1:5934844",24,44,20
"BCO1","s1319_F_GON_01_ASEReadCounter.table","NW_015090842.1:5934958",49,71,22
"BCO1","s1319_F_GON_01_ASEReadCounter.table","NW_015090842.1:5934976",53,80,27
"GAN","s1319_F_GON_01_ASEReadCounter.table","NW_015090842.1:5939249",0,4,4
"GAN","s1319_F_GON_01_ASEReadCounter.table","NW_015090842.1:5953759",10,30,20
"GAN","s1319_F_GON_01_ASEReadCounter.table","NW_015090842.1:5957502",6,31,25
"GAN","s1319_F_GON_01_ASEReadCounter.table","NW_015090842.1:5957578",9,37,28
"GAN","s1319_F_GON_01_ASEReadCounter.table","NW_015090842.1:5966047",11,29,18
"GAN","s1319_F_GON_01_ASEReadCounter.table","NW_015090842.1:5966126",11,28,17
"GAN","s1319_F_GON_01_ASEReadCounter.table","NW_015090842.1:5966127",10,28,18
"GAN","s1319_F_GON_01_ASEReadCounter.table","NW_015090842.1:5966162",17,38,21
"GAN","s1319_F_GON_01_ASEReadCounter.table","NW_015090842.1:5966483",11,22,11
"CMIP","s1319_F_GON_01_ASEReadCounter.table","NW_015090842.1:6109159",14,20,6
"CMIP","s1319_F_GON_01_ASEReadCounter.table","NW_015090842.1:6109166",12,17,5
"CMIP","s1319_F_GON_01_ASEReadCounter.table","NW_015090842.1:6114641",13,20,7
"CMIP","s1319_F_GON_01_ASEReadCounter.table","NW_015090842.1:6114751",5,10,5
"CMIP","s1319_F_GON_01_ASEReadCounter.table","NW_015090842.1:6114824",9,14,5
"CMIP","s1319_F_GON_01_ASEReadCounter.table","NW_015090842.1:6126295",28,29,1
"CMIP","s1319_F_GON_01_ASEReadCounter.table","NW_015090842.1:6128998",10,23,13
"CMIP","s1319_F_GON_01_ASEReadCounter.table","NW_015090842.1:6130562",20,39,19
"CMIP","s1319_F_GON_01_ASEReadCounter.table","NW_015090842.1:6132522",19,39,20
"CMIP","s1319_F_GON_01_ASEReadCounter.table","NW_015090842.1:6138265",26,52,26
"CMIP","s1319_F_GON_01_ASEReadCounter.table","NW_015090842.1:6138300",27,59,32
"CMIP","s1319_F_GON_01_ASEReadCounter.table","NW_015090842.1:6138342",19,40,21
"CMIP","s1319_F_GON_01_ASEReadCounter.table","NW_015090842.1:6138343",18,41,23
"CMIP","s1319_F_GON_01_ASEReadCounter.table","NW_015090842.1:6138345",19,42,23
"CMIP","s1319_F_GON_01_ASEReadCounter.table","NW_015090842.1:6138647",19,34,15
"CMIP","s1319_F_GON_01_ASEReadCounter.table","NW_015090842.1:6138745",21,44,23
"CMIP","s1319_F_GON_01_ASEReadCounter.table","NW_015090842.1:6138832",4,19,15
"CMIP","s1319_F_GON_01_ASEReadCounter.table","NW_015090842.1:6138967",20,45,25
"CMIP","s1319_F_GON_01_ASEReadCounter.table","NW_015090842.1:6139131",5,15,10
"CMIP","s1319_F_GON_01_ASEReadCounter.table","NW_015090842.1:6139163",2,10,8
"CMIP","s1319_F_GON_01_ASEReadCounter.table","NW_015090842.1:6139212",25,26,1
"CMIP","s1319_F_GON_01_ASEReadCounter.table","NW_015090842.1:6139360",9,16,7
"CMIP","s1319_F_GON_01_ASEReadCounter.table","NW_015090842.1:6139572",4,9,5
"PLCG2","s1319_F_GON_01_ASEReadCounter.table","NW_015090842.1:6179613",1,1,0
"PLCG2","s1319_F_GON_01_ASEReadCounter.table","NW_015090842.1:6179658",6,6,0
"PLCG2","s1319_F_GON_01_ASEReadCounter.table","NW_015090842.1:6203766",8,9,1
"PLCG2","s1319_F_GON_01_ASEReadCounter.table","NW_015090842.1:6203775",9,10,1
"PLCG2","s1319_F_GON_01_ASEReadCounter.table","NW_015090842.1:6203787",9,10,1
"PLCG2","s1319_F_GON_01_ASEReadCounter.table","NW_015090842.1:6209741",7,7,0
"PLCG2","s1319_F_GON_01_ASEReadCounter.table","NW_015090842.1:6209798",2,2,0
"PLCG2","s1319_F_GON_01_ASEReadCounter.table","NW_015090842.1:6209816",5,5,0
"PLCG2","s1319_F_GON_01_ASEReadCounter.table","NW_015090842.1:6217547",10,15,5
"PLCG2","s1319_F_GON_01_ASEReadCounter.table","NW_015090842.1:6218641",8,11,3
"PLCG2","s1319_F_GON_01_ASEReadCounter.table","NW_015090842.1:6220552",10,11,1
"PLCG2","s1319_F_GON_01_ASEReadCounter.table","NW_015090842.1:6221969",15,17,2
"PLCG2","s1319_F_GON_01_ASEReadCounter.table","NW_015090842.1:6228672",14,14,0
"PLCG2","s1319_F_GON_01_ASEReadCounter.table","NW_015090842.1:6228694",16,16,0
"PLCG2","s1319_F_GON_01_ASEReadCounter.table","NW_015090842.1:6228722",17,17,0
"PLCG2","s1319_F_GON_01_ASEReadCounter.table","NW_015090842.1:6228747",13,13,0
"PLCG2","s1319_F_GON_01_ASEReadCounter.table","NW_015090842.1:6228835",6,9,3
"PLCG2","s1319_F_GON_01_ASEReadCounter.table","NW_015090842.1:6228841",7,10,3
"PLCG2","s1319_F_GON_01_ASEReadCounter.table","NW_015090842.1:6228865",14,16,2
"PLCG2","s1319_F_GON_01_ASEReadCounter.table","NW_015090842.1:6228917",22,24,2
"PLCG2","s1319_F_GON_01_ASEReadCounter.table","NW_015090842.1:6228926",22,24,2
"PLCG2","s1319_F_GON_01_ASEReadCounter.table","NW_015090842.1:6228954",15,18,3
"PLCG2","s1319_F_GON_01_ASEReadCounter.table","NW_015090842.1:6229002",15,16,1
"PLCG2","s1319_F_GON_01_ASEReadCounter.table","NW_015090842.1:6229006",15,16,1
"PLCG2","s1319_F_GON_01_ASEReadCounter.table","NW_015090842.1:6229081",12,12,0
"PLCG2","s1319_F_GON_01_ASEReadCounter.table","NW_015090842.1:6229097",5,5,0
"PLCG2","s1319_F_GON_01_ASEReadCounter.table","NW_015090842.1:6229160",8,8,0
"PLCG2","s1319_F_GON_01_ASEReadCounter.table","NW_015090842.1:6229213",9,10,1
"PLCG2","s1319_F_GON_01_ASEReadCounter.table","NW_015090842.1:6229231",12,13,1
"PLCG2","s1319_F_GON_01_ASEReadCounter.table","NW_015090842.1:6229663",10,11,1
"PLCG2","s1319_F_GON_01_ASEReadCounter.table","NW_015090842.1:6229748",17,18,1
"PLCG2","s1319_F_GON_01_ASEReadCounter.table","NW_015090842.1:6229892",9,11,2
"PLCG2","s1319_F_GON_01_ASEReadCounter.table","NW_015090842.1:6230248",9,10,1
"PLCG2","s1319_F_GON_01_ASEReadCounter.table","NW_015090842.1:6230255",9,10,1
"PLCG2","s1319_F_GON_01_ASEReadCounter.table","NW_015090842.1:6230276",6,7,1
"PLCG2","s1319_F_GON_01_ASEReadCounter.table","NW_015090842.1:6230296",5,6,1
"PLCG2","s1319_F_GON_01_ASEReadCounter.table","NW_015090842.1:6230349",9,9,0
"PLCG2","s1319_F_GON_01_ASEReadCounter.table","NW_015090842.1:6230408",7,8,1
"PLCG2","s1319_F_GON_01_ASEReadCounter.table","NW_015090842.1:6230439",5,6,1
"PLCG2","s1319_F_GON_01_ASEReadCounter.table","NW_015090842.1:6230757",1,3,2
"PLCG2","s1319_F_GON_01_ASEReadCounter.table","NW_015090842.1:6230758",1,3,2
"PLCG2","s1319_F_GON_01_ASEReadCounter.table","NW_015090842.1:6230898",17,19,2
"PLCG2","s1319_F_GON_01_ASEReadCounter.table","NW_015090842.1:6230976",23,24,1
"PLCG2","s1319_F_GON_01_ASEReadCounter.table","NW_015090842.1:6231078",16,17,1
"PLCG2","s1319_F_GON_01_ASEReadCounter.table","NW_015090842.1:6231138",19,20,1
"PLCG2","s1319_F_GON_01_ASEReadCounter.table","NW_015090842.1:6231177",26,27,1
"PLCG2","s1319_F_GON_01_ASEReadCounter.table","NW_015090842.1:6231263",22,23,1
"SDR42E1","s1319_F_GON_01_ASEReadCounter.table","NW_015090842.1:6235292",12,39,27
"SDR42E1","s1319_F_GON_01_ASEReadCounter.table","NW_015090842.1:6235315",22,56,34
"SDR42E1","s1319_F_GON_01_ASEReadCounter.table","NW_015090842.1:6235348",41,82,41
"SDR42E1","s1319_F_GON_01_ASEReadCounter.table","NW_015090842.1:6235355",44,88,44
"SDR42E1","s1319_F_GON_01_ASEReadCounter.table","NW_015090842.1:6235417",53,109,56
"SDR42E1","s1319_F_GON_01_ASEReadCounter.table","NW_015090842.1:6235558",40,102,62
"SDR42E1","s1319_F_GON_01_ASEReadCounter.table","NW_015090842.1:6235741",71,146,75
"SDR42E1","s1319_F_GON_01_ASEReadCounter.table","NW_015090842.1:6235777",64,147,83
"SDR42E1","s1319_F_GON_01_ASEReadCounter.table","NW_015090842.1:6235806",67,151,84
"SDR42E1","s1319_F_GON_01_ASEReadCounter.table","NW_015090842.1:6235809",64,151,87
"SDR42E1","s1319_F_GON_01_ASEReadCounter.table","NW_015090842.1:6235816",64,151,87
"SDR42E1","s1319_F_GON_01_ASEReadCounter.table","NW_015090842.1:6235914",54,137,83
"SDR42E1","s1319_F_GON_01_ASEReadCounter.table","NW_015090842.1:6235935",50,135,85
"SDR42E1","s1319_F_GON_01_ASEReadCounter.table","NW_015090842.1:6235957",53,141,88
"SDR42E1","s1319_F_GON_01_ASEReadCounter.table","NW_015090842.1:6236040",34,84,50
"SDR42E1","s1319_F_GON_01_ASEReadCounter.table","NW_015090842.1:6236260",45,97,52
"SDR42E1","s1319_F_GON_01_ASEReadCounter.table","NW_015090842.1:6236281",46,102,56
"SDR42E1","s1319_F_GON_01_ASEReadCounter.table","NW_015090842.1:6236305",47,107,60
"SDR42E1","s1319_F_GON_01_ASEReadCounter.table","NW_015090842.1:6236458",44,109,65
"SDR42E1","s1319_F_GON_01_ASEReadCounter.table","NW_015090842.1:6236476",48,122,74
"SDR42E1","s1319_F_GON_01_ASEReadCounter.table","NW_015090842.1:6236608",44,108,64
"SDR42E1","s1319_F_GON_01_ASEReadCounter.table","NW_015090842.1:6238244",28,72,44
"SDR42E1","s1319_F_GON_01_ASEReadCounter.table","NW_015090842.1:6238829",14,34,20
"HSD17B2","s1319_F_GON_01_ASEReadCounter.table","NW_015090842.1:6257711",2,2,0
"HSD17B2","s1319_F_GON_01_ASEReadCounter.table","NW_015090842.1:6257712",2,2,0
"HSD17B2","s1319_F_GON_01_ASEReadCounter.table","NW_015090842.1:6257737",1,1,0
"HSD17B2","s1319_F_GON_01_ASEReadCounter.table","NW_015090842.1:6257758",1,1,0
"HSD17B2","s1319_F_GON_01_ASEReadCounter.table","NW_015090842.1:6257767",1,1,0
"HSD17B2","s1319_F_GON_01_ASEReadCounter.table","NW_015090842.1:6257829",1,1,0
"HSD17B2","s1319_F_GON_01_ASEReadCounter.table","NW_015090842.1:6257851",1,1,0
"HSD17B2","s1319_F_GON_01_ASEReadCounter.table","NW_015090842.1:6257889",1,1,0
"HSD17B2","s1319_F_GON_01_ASEReadCounter.table","NW_015090842.1:6262951",2,4,2
"HSD17B2","s1319_F_GON_01_ASEReadCounter.table","NW_015090842.1:6262974",2,5,3
"HSD17B2","s1319_F_GON_01_ASEReadCounter.table","NW_015090842.1:6266125",1,2,1
"HSD17B2","s1319_F_GON_01_ASEReadCounter.table","NW_015090842.1:6266135",1,1,0
"HSD17B2","s1319_F_GON_01_ASEReadCounter.table","NW_015090842.1:6266795",3,8,5
"HSD17B2","s1319_F_GON_01_ASEReadCounter.table","NW_015090842.1:6266944",0,4,4
"HSD17B2","s1319_F_GON_01_ASEReadCounter.table","NW_015090842.1:6267053",0,1,1
"HSD17B2","s1319_F_GON_01_ASEReadCounter.table","NW_015090842.1:6267196",0,2,2
"HSD17B2","s1319_F_GON_01_ASEReadCounter.table","NW_015090842.1:6267273",2,6,4
"HSD17B2","s1319_F_GON_01_ASEReadCounter.table","NW_015090842.1:6267674",1,3,2
"HSD17B2","s1319_F_GON_01_ASEReadCounter.table","NW_015090842.1:6267913",1,5,4
"HSD17B2","s1319_F_GON_01_ASEReadCounter.table","NW_015090842.1:6268098",0,2,2
"HSD17B2","s1319_F_GON_01_ASEReadCounter.table","NW_015090842.1:6268203",1,3,2
"ARY2","s1319_F_GON_01_ASEReadCounter.table","NW_015090842.1:6303922",43,43,0
"ARY2","s1319_F_GON_01_ASEReadCounter.table","NW_015090842.1:6303954",40,41,1
"ARY2","s1319_F_GON_01_ASEReadCounter.table","NW_015090842.1:6303979",44,45,1
"ARY2","s1319_F_GON_01_ASEReadCounter.table","NW_015090842.1:6305848",36,39,3
"ARY2","s1319_F_GON_01_ASEReadCounter.table","NW_015090842.1:6305856",33,36,3
"ARY2","s1319_F_GON_01_ASEReadCounter.table","NW_015090842.1:6305857",34,37,3
"ARY2","s1319_F_GON_01_ASEReadCounter.table","NW_015090842.1:6306017",44,48,4
"ARY2","s1319_F_GON_01_ASEReadCounter.table","NW_015090842.1:6306052",47,49,2
"ARY2","s1319_F_GON_01_ASEReadCounter.table","NW_015090842.1:6306094",63,64,1
"ARY2","s1319_F_GON_01_ASEReadCounter.table","NW_015090842.1:6306100",66,67,1
"ARY2","s1319_F_GON_01_ASEReadCounter.table","NW_015090842.1:6306146",48,50,2
"ARY2","s1319_F_GON_01_ASEReadCounter.table","NW_015090842.1:6306147",48,50,2
"ARY2","s1319_F_GON_01_ASEReadCounter.table","NW_015090842.1:6306390",42,43,1
"ARY2","s1319_F_GON_01_ASEReadCounter.table","NW_015090842.1:6306567",20,21,1
"ARY2","s1319_F_GON_01_ASEReadCounter.table","NW_015090842.1:6306705",1,1,0
"ARY2","s1319_F_GON_01_ASEReadCounter.table","NW_015090842.1:6306773",0,1,1
"ARY2","s1319_F_GON_01_ASEReadCounter.table","NW_015090842.1:6307138",2,2,0
"ARY2","s1319_F_GON_01_ASEReadCounter.table","NW_015090842.1:6307157",3,3,0
"ARY2","s1319_F_GON_01_ASEReadCounter.table","NW_015090842.1:6307187",3,3,0
"ARY2","s1319_F_GON_01_ASEReadCounter.table","NW_015090842.1:6307204",2,2,0
"ARY2","s1319_F_GON_01_ASEReadCounter.table","NW_015090842.1:6307305",1,2,1
"ARY2","s1319_F_GON_01_ASEReadCounter.table","NW_015090842.1:6307318",2,4,2
"ARY2","s1319_F_GON_01_ASEReadCounter.table","NW_015090842.1:6307429",4,7,3
"ARYL","s1319_F_GON_01_ASEReadCounter.table","NW_015090842.1:6313360",8,10,2
"ARYL","s1319_F_GON_01_ASEReadCounter.table","NW_015090842.1:6313377",6,7,1
"ARYL","s1319_F_GON_01_ASEReadCounter.table","NW_015090842.1:6313767",7,12,5
"ARY1","s1319_F_GON_01_ASEReadCounter.table","NW_015090842.1:6314296",1,8,7
"ARY1","s1319_F_GON_01_ASEReadCounter.table","NW_015090842.1:6314541",6,12,6
"ARY1","s1319_F_GON_01_ASEReadCounter.table","NW_015090842.1:6314597",5,9,4
"ARY1","s1319_F_GON_01_ASEReadCounter.table","NW_015090842.1:6314750",5,6,1
"ARY1","s1319_F_GON_01_ASEReadCounter.table","NW_015090842.1:6314794",6,6,0
"ARY1","s1319_F_GON_01_ASEReadCounter.table","NW_015090842.1:6314827",4,5,1
"ARY1","s1319_F_GON_01_ASEReadCounter.table","NW_015090842.1:6314859",3,5,2
"ARY1","s1319_F_GON_01_ASEReadCounter.table","NW_015090842.1:6314886",2,5,3
"ARY1","s1319_F_GON_01_ASEReadCounter.table","NW_015090842.1:6315022",2,5,3
"ARY1","s1319_F_GON_01_ASEReadCounter.table","NW_015090842.1:6315026",2,5,3
"ARY1","s1319_F_GON_01_ASEReadCounter.table","NW_015090842.1:6315043",1,4,3
"ARY1","s1319_F_GON_01_ASEReadCounter.table","NW_015090842.1:6315065",2,6,4
"ARY1","s1319_F_GON_01_ASEReadCounter.table","NW_015090842.1:6315409",5,5,0
"ARY1","s1319_F_GON_01_ASEReadCounter.table","NW_015090842.1:6315479",4,5,1
"ARY1","s1319_F_GON_01_ASEReadCounter.table","NW_015090842.1:6318342",2,4,2
"ARY1","s1319_F_GON_01_ASEReadCounter.table","NW_015090842.1:6318427",8,10,2
"ARY1","s1319_F_GON_01_ASEReadCounter.table","NW_015090842.1:6318603",8,9,1
"ARY1","s1319_F_GON_01_ASEReadCounter.table","NW_015090842.1:6318708",4,8,4
"ARY1","s1319_F_GON_01_ASEReadCounter.table","NW_015090842.1:6318858",6,11,5
"ARY1","s1319_F_GON_01_ASEReadCounter.table","NW_015090842.1:6318952",2,6,4
"MPHOSPH6","s1319_F_GON_01_ASEReadCounter.table","NW_015090842.1:6324063",29,56,27
"MPHOSPH6","s1319_F_GON_01_ASEReadCounter.table","NW_015090842.1:6324174",64,124,60
"MPHOSPH6","s1319_F_GON_01_ASEReadCounter.table","NW_015090842.1:6324270",70,149,79
"MPHOSPH6","s1319_F_GON_01_ASEReadCounter.table","NW_015090842.1:6324762",81,170,89
"MPHOSPH6","s1319_F_GON_01_ASEReadCounter.table","NW_015090842.1:6324780",72,153,81
"MPHOSPH6","s1319_F_GON_01_ASEReadCounter.table","NW_015090842.1:6324902",93,189,96
"MPHOSPH6","s1319_F_GON_01_ASEReadCounter.table","NW_015090842.1:6325066",84,197,113
"MPHOSPH6","s1319_F_GON_01_ASEReadCounter.table","NW_015090842.1:6325089",97,218,121
"MPHOSPH6","s1319_F_GON_01_ASEReadCounter.table","NW_015090842.1:6325877",135,269,134
"MPHOSPH6","s1319_F_GON_01_ASEReadCounter.table","NW_015090842.1:6326976",101,214,113
"CDH13","s1319_F_GON_01_ASEReadCounter.table","NW_015090842.1:6662283",1,3,2
"CDH13","s1319_F_GON_01_ASEReadCounter.table","NW_015090842.1:6693665",0,4,4
"CDH13","s1319_F_GON_01_ASEReadCounter.table","NW_015090842.1:6693697",1,5,4
"CDH13","s1319_F_GON_01_ASEReadCounter.table","NW_015090842.1:6693712",0,5,5
"CDH13","s1319_F_GON_01_ASEReadCounter.table","NW_015090842.1:6693723",0,6,6
"CDH13","s1319_F_GON_01_ASEReadCounter.table","NW_015090842.1:6693738",1,6,5
"CDH13","s1319_F_GON_01_ASEReadCounter.table","NW_015090842.1:6823730",4,13,9
"CDH13","s1319_F_GON_01_ASEReadCounter.table","NW_015090842.1:6889713",5,13,8
"CDH13","s1319_F_GON_01_ASEReadCounter.table","NW_015090842.1:6955167",10,14,4
"MLYCD","s1319_F_GON_01_ASEReadCounter.table","NW_015090842.1:7150054",22,38,16
"MLYCD","s1319_F_GON_01_ASEReadCounter.table","NW_015090842.1:7150131",32,58,26
"MLYCD","s1319_F_GON_01_ASEReadCounter.table","NW_015090842.1:7150585",23,49,26
"MLYCD","s1319_F_GON_01_ASEReadCounter.table","NW_015090842.1:7150686",14,39,25
"MLYCD","s1319_F_GON_01_ASEReadCounter.table","NW_015090842.1:7150696",19,43,24
"MLYCD","s1319_F_GON_01_ASEReadCounter.table","NW_015090842.1:7150869",23,56,33
"MLYCD","s1319_F_GON_01_ASEReadCounter.table","NW_015090842.1:7151100",28,62,34
"MLYCD","s1319_F_GON_01_ASEReadCounter.table","NW_015090842.1:7151127",24,55,31
"MLYCD","s1319_F_GON_01_ASEReadCounter.table","NW_015090842.1:7157538",23,55,32
"MLYCD","s1319_F_GON_01_ASEReadCounter.table","NW_015090842.1:7167662",23,44,21
"MLYCD","s1319_F_GON_01_ASEReadCounter.table","NW_015090842.1:7167675",24,44,20
"MLYCD","s1319_F_GON_01_ASEReadCounter.table","NW_015090842.1:7167710",20,42,22
"MLYCD","s1319_F_GON_01_ASEReadCounter.table","NW_015090842.1:7167781",24,39,15
"MLYCD","s1319_F_GON_01_ASEReadCounter.table","NW_015090842.1:7167803",22,28,6
"MLYCD","s1319_F_GON_01_ASEReadCounter.table","NW_015090842.1:7167812",18,25,7
"MLYCD","s1319_F_GON_01_ASEReadCounter.table","NW_015090842.1:7167845",17,28,11
"MLYCD","s1319_F_GON_01_ASEReadCounter.table","NW_015090842.1:7167862",18,28,10
"MLYCD","s1319_F_GON_01_ASEReadCounter.table","NW_015090842.1:7167929",11,23,12
"MLYCD","s1319_F_GON_01_ASEReadCounter.table","NW_015090842.1:7167995",11,19,8
"MLYCD","s1319_F_GON_01_ASEReadCounter.table","NW_015090842.1:7168005",10,17,7
"MLYCD","s1319_F_GON_01_ASEReadCounter.table","NW_015090842.1:7168037",13,19,6
"HSBP1","s1319_F_GON_01_ASEReadCounter.table","NW_015090842.1:7245192",81,156,75
"HSBP1","s1319_F_GON_01_ASEReadCounter.table","NW_015090842.1:7245226",87,169,82
"HSBP1","s1319_F_GON_01_ASEReadCounter.table","NW_015090842.1:7245257",72,148,76
"HSBP1","s1319_F_GON_01_ASEReadCounter.table","NW_015090842.1:7245296",66,152,86
"HSBP1","s1319_F_GON_01_ASEReadCounter.table","NW_015090842.1:7245389",86,188,102
"HSBP1","s1319_F_GON_01_ASEReadCounter.table","NW_015090842.1:7245400",81,166,85
"HSBP1","s1319_F_GON_01_ASEReadCounter.table","NW_015090842.1:7245445",81,170,89
"HSBP1","s1319_F_GON_01_ASEReadCounter.table","NW_015090842.1:7245495",88,176,88
"HSBP1","s1319_F_GON_01_ASEReadCounter.table","NW_015090842.1:7245733",51,125,74
"HSBP1","s1319_F_GON_01_ASEReadCounter.table","NW_015090842.1:7245771",69,143,74
"HSBP1","s1319_F_GON_01_ASEReadCounter.table","NW_015090842.1:7245813",76,151,75
"HSBP1","s1319_F_GON_01_ASEReadCounter.table","NW_015090842.1:7245926",93,175,82
"HSBP1","s1319_F_GON_01_ASEReadCounter.table","NW_015090842.1:7245927",93,176,83
"HSBP1","s1319_F_GON_01_ASEReadCounter.table","NW_015090842.1:7245933",96,166,70
"HSBP1","s1319_F_GON_01_ASEReadCounter.table","NW_015090842.1:7246002",66,138,72
"HSBP1","s1319_F_GON_01_ASEReadCounter.table","NW_015090842.1:7246094",90,158,68
"HSBP1","s1319_F_GON_01_ASEReadCounter.table","NW_015090842.1:7246167",89,172,83
"HSBP1","s1319_F_GON_01_ASEReadCounter.table","NW_015090842.1:7246183",85,172,87
"HSBP1","s1319_F_GON_01_ASEReadCounter.table","NW_015090842.1:7247285",39,65,26
"HSBP1","s1319_F_GON_01_ASEReadCounter.table","NW_015090842.1:7247651",323,801,478
"HSBP1","s1319_F_GON_01_ASEReadCounter.table","NW_015090842.1:7247657",309,793,484
"HSBP1","s1319_F_GON_01_ASEReadCounter.table","NW_015090842.1:7248520",221,565,344
"HSBP1","s1319_F_GON_01_ASEReadCounter.table","NW_015090842.1:7248535",180,472,292
"KCNG4","s1319_F_GON_01_ASEReadCounter.table","NW_015090842.1:7282481",9,25,16
"KCNG4","s1319_F_GON_01_ASEReadCounter.table","NW_015090842.1:7282500",8,18,10
"KCNG4","s1319_F_GON_01_ASEReadCounter.table","NW_015090842.1:7282542",10,22,12
"KCNG4","s1319_F_GON_01_ASEReadCounter.table","NW_015090842.1:7282579",9,25,16
"KCNG4","s1319_F_GON_01_ASEReadCounter.table","NW_015090842.1:7282630",8,29,21
"KCNG4","s1319_F_GON_01_ASEReadCounter.table","NW_015090842.1:7283056",5,15,10
"KCNG4","s1319_F_GON_01_ASEReadCounter.table","NW_015090842.1:7283245",6,21,15
"KCNG4","s1319_F_GON_01_ASEReadCounter.table","NW_015090842.1:7301195",5,15,10
"KCNG4","s1319_F_GON_01_ASEReadCounter.table","NW_015090842.1:7301227",8,18,10
"KCNG4","s1319_F_GON_01_ASEReadCounter.table","NW_015090842.1:7301240",8,15,7
"KCNG4","s1319_F_GON_01_ASEReadCounter.table","NW_015090842.1:7301413",4,11,7
"WFDC1","s1319_F_GON_01_ASEReadCounter.table","NW_015090842.1:7366517",3,4,1
"WFDC1","s1319_F_GON_01_ASEReadCounter.table","NW_015090842.1:7373367",2,3,1
"WFDC1","s1319_F_GON_01_ASEReadCounter.table","NW_015090842.1:7375828",0,1,1
"WFDC1","s1319_F_GON_01_ASEReadCounter.table","NW_015090842.1:7378036",2,4,2
"WFDC1","s1319_F_GON_01_ASEReadCounter.table","NW_015090842.1:7379125",3,7,4
"WFDC1","s1319_F_GON_01_ASEReadCounter.table","NW_015090842.1:7379451",3,6,3
"WFDC1","s1319_F_GON_01_ASEReadCounter.table","NW_015090842.1:7379471",3,6,3
"WFDC1","s1319_F_GON_01_ASEReadCounter.table","NW_015090842.1:7379576",2,7,5
"WFDC1","s1319_F_GON_01_ASEReadCounter.table","NW_015090842.1:7379596",2,6,4
"WFDC1","s1319_F_GON_01_ASEReadCounter.table","NW_015090842.1:7379605",2,6,4
"WFDC1","s1319_F_GON_01_ASEReadCounter.table","NW_015090842.1:7379626",2,6,4
"WFDC1","s1319_F_GON_01_ASEReadCounter.table","NW_015090842.1:7379631",1,6,5
"WFDC1","s1319_F_GON_01_ASEReadCounter.table","NW_015090842.1:7379632",1,7,6
"WFDC1","s1319_F_GON_01_ASEReadCounter.table","NW_015090842.1:7379652",1,5,4
"WFDC1","s1319_F_GON_01_ASEReadCounter.table","NW_015090842.1:7379669",1,4,3
"WFDC1","s1319_F_GON_01_ASEReadCounter.table","NW_015090842.1:7379674",1,4,3
"WFDC1","s1319_F_GON_01_ASEReadCounter.table","NW_015090842.1:7379719",1,5,4
"WFDC1","s1319_F_GON_01_ASEReadCounter.table","NW_015090842.1:7379735",0,1,1
"WFDC1","s1319_F_GON_01_ASEReadCounter.table","NW_015090842.1:7379739",0,1,1
"WFDC1","s1319_F_GON_01_ASEReadCounter.table","NW_015090842.1:7379821",6,8,2
"WFDC1","s1319_F_GON_01_ASEReadCounter.table","NW_015090842.1:7379840",6,8,2
"WFDC1","s1319_F_GON_01_ASEReadCounter.table","NW_015090842.1:7379933",6,9,3
"WFDC1","s1319_F_GON_01_ASEReadCounter.table","NW_015090842.1:7379935",6,9,3
"WFDC1","s1319_F_GON_01_ASEReadCounter.table","NW_015090842.1:7379983",4,7,3
"WFDC1","s1319_F_GON_01_ASEReadCounter.table","NW_015090842.1:7380060",2,6,4
"WFDC1","s1319_F_GON_01_ASEReadCounter.table","NW_015090842.1:7380136",1,4,3
"WFDC1","s1319_F_GON_01_ASEReadCounter.table","NW_015090842.1:7380150",1,3,2
"WFDC1","s1319_F_GON_01_ASEReadCounter.table","NW_015090842.1:7380164",0,2,2
"WFDC1","s1319_F_GON_01_ASEReadCounter.table","NW_015090842.1:7380237",5,8,3
"WFDC1","s1319_F_GON_01_ASEReadCounter.table","NW_015090842.1:7380261",7,12,5
"WFDC1","s1319_F_GON_01_ASEReadCounter.table","NW_015090842.1:7380322",6,10,4
"WFDC1","s1319_F_GON_01_ASEReadCounter.table","NW_015090842.1:7380491",6,9,3
"WFDC1","s1319_F_GON_01_ASEReadCounter.table","NW_015090842.1:7380567",3,5,2
"WFDC1","s1319_F_GON_01_ASEReadCounter.table","NW_015090842.1:7380672",3,5,2
"WFDC1","s1319_F_GON_01_ASEReadCounter.table","NW_015090842.1:7380721",4,8,4
"WFDC1","s1319_F_GON_01_ASEReadCounter.table","NW_015090842.1:7380743",5,10,5
"WFDC1","s1319_F_GON_01_ASEReadCounter.table","NW_015090842.1:7380852",4,8,4
"WFDC1","s1319_F_GON_01_ASEReadCounter.table","NW_015090842.1:7380878",4,11,7
"WFDC1","s1319_F_GON_01_ASEReadCounter.table","NW_015090842.1:7381081",2,9,7
"WFDC1","s1319_F_GON_01_ASEReadCounter.table","NW_015090842.1:7381127",0,5,5
"WFDC1","s1319_F_GON_01_ASEReadCounter.table","NW_015090842.1:7381195",1,4,3
"WFDC1","s1319_F_GON_01_ASEReadCounter.table","NW_015090842.1:7381253",2,8,6
"WFDC1","s1319_F_GON_01_ASEReadCounter.table","NW_015090842.1:7381378",4,8,4
"WFDC1","s1319_F_GON_01_ASEReadCounter.table","NW_015090842.1:7381433",4,7,3
"WFDC1","s1319_F_GON_01_ASEReadCounter.table","NW_015090842.1:7381434",4,7,3
"WFDC1","s1319_F_GON_01_ASEReadCounter.table","NW_015090842.1:7381442",5,9,4
"WFDC1","s1319_F_GON_01_ASEReadCounter.table","NW_015090842.1:7381517",2,7,5
"WFDC1","s1319_F_GON_01_ASEReadCounter.table","NW_015090842.1:7381520",2,7,5
"WFDC1","s1319_F_GON_01_ASEReadCounter.table","NW_015090842.1:7381677",3,7,4
"WFDC1","s1319_F_GON_01_ASEReadCounter.table","NW_015090842.1:7381709",2,6,4
"ATP2C2","s1319_F_GON_01_ASEReadCounter.table","NW_015090842.1:7395366",0,2,2
"ATP2C2","s1319_F_GON_01_ASEReadCounter.table","NW_015090842.1:7396756",0,1,1
"ATP2C2","s1319_F_GON_01_ASEReadCounter.table","NW_015090842.1:7397049",0,3,3
"ATP2C2","s1319_F_GON_01_ASEReadCounter.table","NW_015090842.1:7398395",0,1,1
"ATP2C2","s1319_F_GON_01_ASEReadCounter.table","NW_015090842.1:7399774",0,2,2
"ATP2C2","s1319_F_GON_01_ASEReadCounter.table","NW_015090842.1:7402554",0,2,2
"ATP2C2","s1319_F_GON_01_ASEReadCounter.table","NW_015090842.1:7402578",0,2,2
"ATP2C2","s1319_F_GON_01_ASEReadCounter.table","NW_015090842.1:7405621",0,3,3
"ATP2C2","s1319_F_GON_01_ASEReadCounter.table","NW_015090842.1:7413855",3,4,1
"ATP2C2","s1319_F_GON_01_ASEReadCounter.table","NW_015090842.1:7413869",1,2,1
"ATP2C2","s1319_F_GON_01_ASEReadCounter.table","NW_015090842.1:7413875",1,2,1
"TLDC1","s1319_F_GON_01_ASEReadCounter.table","NW_015090842.1:7421137",20,38,18
"TLDC1","s1319_F_GON_01_ASEReadCounter.table","NW_015090842.1:7421155",21,40,19
"TLDC1","s1319_F_GON_01_ASEReadCounter.table","NW_015090842.1:7421218",19,34,15
"TLDC1","s1319_F_GON_01_ASEReadCounter.table","NW_015090842.1:7421399",26,37,11
"TLDC1","s1319_F_GON_01_ASEReadCounter.table","NW_015090842.1:7421402",29,42,13
"TLDC1","s1319_F_GON_01_ASEReadCounter.table","NW_015090842.1:7421528",23,48,25
"TLDC1","s1319_F_GON_01_ASEReadCounter.table","NW_015090842.1:7421532",20,47,27
"TLDC1","s1319_F_GON_01_ASEReadCounter.table","NW_015090842.1:7421621",30,47,17
"TLDC1","s1319_F_GON_01_ASEReadCounter.table","NW_015090842.1:7421647",29,45,16
"TLDC1","s1319_F_GON_01_ASEReadCounter.table","NW_015090842.1:7421657",28,45,17
"TLDC1","s1319_F_GON_01_ASEReadCounter.table","NW_015090842.1:7421693",28,56,28
"TLDC1","s1319_F_GON_01_ASEReadCounter.table","NW_015090842.1:7421796",22,48,26
"TLDC1","s1319_F_GON_01_ASEReadCounter.table","NW_015090842.1:7421810",22,47,25
"TLDC1","s1319_F_GON_01_ASEReadCounter.table","NW_015090842.1:7421833",16,41,25
"TLDC1","s1319_F_GON_01_ASEReadCounter.table","NW_015090842.1:7421879",21,46,25
"TLDC1","s1319_F_GON_01_ASEReadCounter.table","NW_015090842.1:7421914",22,48,26
"TLDC1","s1319_F_GON_01_ASEReadCounter.table","NW_015090842.1:7421969",19,35,16
"TLDC1","s1319_F_GON_01_ASEReadCounter.table","NW_015090842.1:7422015",17,33,16
"TLDC1","s1319_F_GON_01_ASEReadCounter.table","NW_015090842.1:7422042",30,50,20
"TLDC1","s1319_F_GON_01_ASEReadCounter.table","NW_015090842.1:7422230",33,52,19
"TLDC1","s1319_F_GON_01_ASEReadCounter.table","NW_015090842.1:7423349",28,50,22
"TLDC1","s1319_F_GON_01_ASEReadCounter.table","NW_015090842.1:7423362",27,48,21
"TLDC1","s1319_F_GON_01_ASEReadCounter.table","NW_015090842.1:7426091",17,36,19
"TLDC1","s1319_F_GON_01_ASEReadCounter.table","NW_015090842.1:7426485",22,38,16
"TLDC1","s1319_F_GON_01_ASEReadCounter.table","NW_015090842.1:7427211",28,44,16
"TLDC1","s1319_F_GON_01_ASEReadCounter.table","NW_015090842.1:7428179",22,42,20
"COTL1","s1319_F_GON_01_ASEReadCounter.table","NW_015090842.1:7490744",13,28,15
"COTL1","s1319_F_GON_01_ASEReadCounter.table","NW_015090842.1:7491051",20,40,20
"COTL1","s1319_F_GON_01_ASEReadCounter.table","NW_015090842.1:7491124",17,36,19
"COTL1","s1319_F_GON_01_ASEReadCounter.table","NW_015090842.1:7491418",12,22,10
"COTL1","s1319_F_GON_01_ASEReadCounter.table","NW_015090842.1:7491539",9,26,17
"COTL1","s1319_F_GON_01_ASEReadCounter.table","NW_015090842.1:7491585",12,33,21
"COTL1","s1319_F_GON_01_ASEReadCounter.table","NW_015090842.1:7491586",12,35,23
"COTL1","s1319_F_GON_01_ASEReadCounter.table","NW_015090842.1:7491646",19,38,19
"COTL1","s1319_F_GON_01_ASEReadCounter.table","NW_015090842.1:7491747",14,31,17
"COTL1","s1319_F_GON_01_ASEReadCounter.table","NW_015090842.1:7491803",14,34,20
"COTL1","s1319_F_GON_01_ASEReadCounter.table","NW_015090842.1:7506078",0,1,1
"COTL1","s1319_F_GON_01_ASEReadCounter.table","NW_015090842.1:7507551",6,8,2
"COTL1","s1319_F_GON_01_ASEReadCounter.table","NW_015090842.1:7507563",3,6,3
"COTL1","s1319_F_GON_01_ASEReadCounter.table","NW_015090842.1:7510900",5,8,3
"COTL1","s1319_F_GON_01_ASEReadCounter.table","NW_015090842.1:7513196",7,9,2
"COTL1","s1319_F_GON_01_ASEReadCounter.table","NW_015090842.1:7513223",7,10,3
"COTL1","s1319_F_GON_01_ASEReadCounter.table","NW_015090842.1:7513239",7,11,4
"KLHL36","s1319_F_GON_01_ASEReadCounter.table","NW_015090842.1:7514700",8,11,3
"KLHL36","s1319_F_GON_01_ASEReadCounter.table","NW_015090842.1:7519691",1,2,1
"KLHL36","s1319_F_GON_01_ASEReadCounter.table","NW_015090842.1:7519696",1,2,1
"KLHL36","s1319_F_GON_01_ASEReadCounter.table","NW_015090842.1:7526160",6,15,9
"KLHL36","s1319_F_GON_01_ASEReadCounter.table","NW_015090842.1:7526469",2,8,6
"KLHL36","s1319_F_GON_01_ASEReadCounter.table","NW_015090842.1:7526587",2,6,4
"KLHL36","s1319_F_GON_01_ASEReadCounter.table","NW_015090842.1:7526997",5,10,5
"KLHL36","s1319_F_GON_01_ASEReadCounter.table","NW_015090842.1:7527142",3,4,1
"KLHL36","s1319_F_GON_01_ASEReadCounter.table","NW_015090842.1:7535174",2,7,5
"KLHL36","s1319_F_GON_01_ASEReadCounter.table","NW_015090842.1:7535384",4,8,4
"KLHL36","s1319_F_GON_01_ASEReadCounter.table","NW_015090842.1:7535420",6,12,6
"KLHL36","s1319_F_GON_01_ASEReadCounter.table","NW_015090842.1:7535545",8,13,5
"KLHL36","s1319_F_GON_01_ASEReadCounter.table","NW_015090842.1:7535829",8,15,7
"KLHL36","s1319_F_GON_01_ASEReadCounter.table","NW_015090842.1:7535977",6,8,2
"KLHL36","s1319_F_GON_01_ASEReadCounter.table","NW_015090842.1:7536010",9,11,2
"KLHL36","s1319_F_GON_01_ASEReadCounter.table","NW_015090842.1:7536051",7,10,3
"KLHL36","s1319_F_GON_01_ASEReadCounter.table","NW_015090842.1:7536096",6,9,3
"KLHL36","s1319_F_GON_01_ASEReadCounter.table","NW_015090842.1:7536135",6,10,4
"KLHL36","s1319_F_GON_01_ASEReadCounter.table","NW_015090842.1:7536136",6,10,4
"KLHL36","s1319_F_GON_01_ASEReadCounter.table","NW_015090842.1:7536160",6,11,5
"KLHL36","s1319_F_GON_01_ASEReadCounter.table","NW_015090842.1:7536336",3,10,7
"KLHL36","s1319_F_GON_01_ASEReadCounter.table","NW_015090842.1:7536352",4,11,7
"KLHL36","s1319_F_GON_01_ASEReadCounter.table","NW_015090842.1:7536412",4,12,8
"KLHL36","s1319_F_GON_01_ASEReadCounter.table","NW_015090842.1:7536418",4,12,8
"KLHL36","s1319_F_GON_01_ASEReadCounter.table","NW_015090842.1:7536465",8,15,7
"KLHL36","s1319_F_GON_01_ASEReadCounter.table","NW_015090842.1:7536466",8,16,8
"KLHL36","s1319_F_GON_01_ASEReadCounter.table","NW_015090842.1:7536553",15,22,7
"KLHL36","s1319_F_GON_01_ASEReadCounter.table","NW_015090842.1:7536698",6,15,9
"KLHL36","s1319_F_GON_01_ASEReadCounter.table","NW_015090842.1:7536713",2,12,10
"KLHL36","s1319_F_GON_01_ASEReadCounter.table","NW_015090842.1:7536720",3,10,7
"KLHL36","s1319_F_GON_01_ASEReadCounter.table","NW_015090842.1:7536791",8,18,10
"KLHL36","s1319_F_GON_01_ASEReadCounter.table","NW_015090842.1:7536849",5,13,8
"KLHL36","s1319_F_GON_01_ASEReadCounter.table","NW_015090842.1:7536872",5,12,7
"KLHL36","s1319_F_GON_01_ASEReadCounter.table","NW_015090842.1:7536878",6,11,5
"KLHL36","s1319_F_GON_01_ASEReadCounter.table","NW_015090842.1:7536916",6,11,5
"KLHL36","s1319_F_GON_01_ASEReadCounter.table","NW_015090842.1:7536927",7,16,9
"KLHL36","s1319_F_GON_01_ASEReadCounter.table","NW_015090842.1:7537315",10,22,12
"KLHL36","s1319_F_GON_01_ASEReadCounter.table","NW_015090842.1:7537352",8,19,11
"KLHL36","s1319_F_GON_01_ASEReadCounter.table","NW_015090842.1:7537631",11,25,14
"KLHL36","s1319_F_GON_01_ASEReadCounter.table","NW_015090842.1:7537830",11,24,13
"KLHL36","s1319_F_GON_01_ASEReadCounter.table","NW_015090842.1:7537838",9,20,11
"KLHL36","s1319_F_GON_01_ASEReadCounter.table","NW_015090842.1:7538153",7,18,11
"KLHL36","s1319_F_GON_01_ASEReadCounter.table","NW_015090842.1:7538256",4,15,11
"KLHL36","s1319_F_GON_01_ASEReadCounter.table","NW_015090842.1:7538265",4,13,9
"KLHL36","s1319_F_GON_01_ASEReadCounter.table","NW_015090842.1:7538300",4,11,7
"USP10","s1319_F_GON_01_ASEReadCounter.table","NW_015090842.1:7563972",6,8,2
"USP10","s1319_F_GON_01_ASEReadCounter.table","NW_015090842.1:7571816",8,17,9
"USP10","s1319_F_GON_01_ASEReadCounter.table","NW_015090842.1:7571993",13,22,9
"USP10","s1319_F_GON_01_ASEReadCounter.table","NW_015090842.1:7572580",16,29,13
"USP10","s1319_F_GON_01_ASEReadCounter.table","NW_015090842.1:7587372",17,30,13
"CRISPLD2","s1319_F_GON_01_ASEReadCounter.table","NW_015090842.1:7604605",0,2,2
"CRISPLD2","s1319_F_GON_01_ASEReadCounter.table","NW_015090842.1:7609844",2,2,0
"CRISPLD2","s1319_F_GON_01_ASEReadCounter.table","NW_015090842.1:7609845",2,2,0
"CRISPLD2","s1319_F_GON_01_ASEReadCounter.table","NW_015090842.1:7609883",1,1,0
"CRISPLD2","s1319_F_GON_01_ASEReadCounter.table","NW_015090842.1:7610084",5,7,2
"CRISPLD2","s1319_F_GON_01_ASEReadCounter.table","NW_015090842.1:7617757",3,3,0
"CRISPLD2","s1319_F_GON_01_ASEReadCounter.table","NW_015090842.1:7617781",5,5,0
"CRISPLD2","s1319_F_GON_01_ASEReadCounter.table","NW_015090842.1:7617790",6,6,0
"CRISPLD2","s1319_F_GON_01_ASEReadCounter.table","NW_015090842.1:7621452",5,5,0
"CRISPLD2","s1319_F_GON_01_ASEReadCounter.table","NW_015090842.1:7625451",7,9,2
"CRISPLD2","s1319_F_GON_01_ASEReadCounter.table","NW_015090842.1:7626214",3,4,1
"CRISPLD2","s1319_F_GON_01_ASEReadCounter.table","NW_015090842.1:7630784",6,7,1
"CRISPLD2","s1319_F_GON_01_ASEReadCounter.table","NW_015090842.1:7630823",6,7,1
"CRISPLD2","s1319_F_GON_01_ASEReadCounter.table","NW_015090842.1:7633172",10,11,1
"CRISPLD2","s1319_F_GON_01_ASEReadCounter.table","NW_015090842.1:7633326",4,5,1
"CRISPLD2","s1319_F_GON_01_ASEReadCounter.table","NW_015090842.1:7633336",4,5,1
"CRISPLD2","s1319_F_GON_01_ASEReadCounter.table","NW_015090842.1:7633381",4,7,3
"CRISPLD2","s1319_F_GON_01_ASEReadCounter.table","NW_015090842.1:7633388",4,7,3
"CRISPLD2","s1319_F_GON_01_ASEReadCounter.table","NW_015090842.1:7633400",5,10,5
"CRISPLD2","s1319_F_GON_01_ASEReadCounter.table","NW_015090842.1:7633486",5,9,4
"CRISPLD2","s1319_F_GON_01_ASEReadCounter.table","NW_015090842.1:7633503",6,8,2
"CRISPLD2","s1319_F_GON_01_ASEReadCounter.table","NW_015090842.1:7633504",6,8,2
"CRISPLD2","s1319_F_GON_01_ASEReadCounter.table","NW_015090842.1:7633557",7,11,4
"CRISPLD2","s1319_F_GON_01_ASEReadCounter.table","NW_015090842.1:7633571",10,15,5
"CRISPLD2","s1319_F_GON_01_ASEReadCounter.table","NW_015090842.1:7633588",9,14,5
"CRISPLD2","s1319_F_GON_01_ASEReadCounter.table","NW_015090842.1:7633617",11,16,5
"CRISPLD2","s1319_F_GON_01_ASEReadCounter.table","NW_015090842.1:7633695",6,10,4
"CRISPLD2","s1319_F_GON_01_ASEReadCounter.table","NW_015090842.1:7633721",8,13,5
"CRISPLD2","s1319_F_GON_01_ASEReadCounter.table","NW_015090842.1:7633888",3,5,2
"CRISPLD2","s1319_F_GON_01_ASEReadCounter.table","NW_015090842.1:7633910",3,5,2
"CRISPLD2","s1319_F_GON_01_ASEReadCounter.table","NW_015090842.1:7634142",10,12,2
"CRISPLD2","s1319_F_GON_01_ASEReadCounter.table","NW_015090842.1:7634417",6,10,4
"CRISPLD2","s1319_F_GON_01_ASEReadCounter.table","NW_015090842.1:7634825",11,12,1
"CRISPLD2","s1319_F_GON_01_ASEReadCounter.table","NW_015090842.1:7634852",11,12,1
"CRISPLD2","s1319_F_GON_01_ASEReadCounter.table","NW_015090842.1:7635009",11,12,1
"CRISPLD2","s1319_F_GON_01_ASEReadCounter.table","NW_015090842.1:7635208",10,10,0
"CRISPLD2","s1319_F_GON_01_ASEReadCounter.table","NW_015090842.1:7635373",13,15,2
"CRISPLD2","s1319_F_GON_01_ASEReadCounter.table","NW_015090842.1:7635525",2,4,2
"CRISPLD2","s1319_F_GON_01_ASEReadCounter.table","NW_015090842.1:7635583",6,8,2
"CRISPLD2","s1319_F_GON_01_ASEReadCounter.table","NW_015090842.1:7635924",15,19,4
"LOC106888312","s1319_F_GON_01_ASEReadCounter.table","NW_015090842.1:7713031",1,1,0
"LOC106888312","s1319_F_GON_01_ASEReadCounter.table","NW_015090842.1:7727001",3,7,4
"LOC106888312","s1319_F_GON_01_ASEReadCounter.table","NW_015090842.1:7727036",2,6,4
"LOC106888312","s1319_F_GON_01_ASEReadCounter.table","NW_015090842.1:7727072",1,4,3
"LOC106888312","s1319_F_GON_01_ASEReadCounter.table","NW_015090842.1:7727961",6,9,3
"LOC106888312","s1319_F_GON_01_ASEReadCounter.table","NW_015090842.1:7731961",3,3,0
"LOC106888312","s1319_F_GON_01_ASEReadCounter.table","NW_015090842.1:7732244",3,7,4
"LOC106888312","s1319_F_GON_01_ASEReadCounter.table","NW_015090842.1:7732443",2,3,1
"LOC106888312","s1319_F_GON_01_ASEReadCounter.table","NW_015090842.1:7732444",2,3,1
"LOC106888312","s1319_F_GON_01_ASEReadCounter.table","NW_015090842.1:7732538",0,2,2
"LOC106888312","s1319_F_GON_01_ASEReadCounter.table","NW_015090842.1:7732548",0,2,2
"LOC106888312","s1319_F_GON_01_ASEReadCounter.table","NW_015090842.1:7732576",0,2,2
"LOC106888312","s1319_F_GON_01_ASEReadCounter.table","NW_015090842.1:7732580",0,2,2
"LOC106888312","s1319_F_GON_01_ASEReadCounter.table","NW_015090842.1:7732629",1,1,0
"LOC106888312","s1319_F_GON_01_ASEReadCounter.table","NW_015090842.1:7732630",1,1,0
"LOC106888312","s1319_F_GON_01_ASEReadCounter.table","NW_015090842.1:7732637",1,1,0
"LOC106888312","s1319_F_GON_01_ASEReadCounter.table","NW_015090842.1:7732860",1,1,0
"LOC106888312","s1319_F_GON_01_ASEReadCounter.table","NW_015090842.1:7732861",1,1,0
"LOC106888312","s1319_F_GON_01_ASEReadCounter.table","NW_015090842.1:7733096",0,1,1
"LOC106888312","s1319_F_GON_01_ASEReadCounter.table","NW_015090842.1:7733142",0,1,1
"LOC106888312","s1319_F_GON_01_ASEReadCounter.table","NW_015090842.1:7733299",1,3,2
"LOC106888312","s1319_F_GON_01_ASEReadCounter.table","NW_015090842.1:7733470",0,1,1
"LOC106888312","s1319_F_GON_01_ASEReadCounter.table","NW_015090842.1:7733471",0,1,1
"LOC106888312","s1319_F_GON_01_ASEReadCounter.table","NW_015090842.1:7733472",0,1,1
"LOC106888312","s1319_F_GON_01_ASEReadCounter.table","NW_015090842.1:7733507",0,1,1
"LOC106888312","s1319_F_GON_01_ASEReadCounter.table","NW_015090842.1:7733508",0,1,1
"LOC106888312","s1319_F_GON_01_ASEReadCounter.table","NW_015090842.1:7733518",0,1,1
"LOC106888312","s1319_F_GON_01_ASEReadCounter.table","NW_015090842.1:7733609",0,1,1
"LOC106888312","s1319_F_GON_01_ASEReadCounter.table","NW_015090842.1:7733631",0,1,1
"LOC106888312","s1319_F_GON_01_ASEReadCounter.table","NW_015090842.1:7733674",1,1,0
"ZDHHC7","s1319_F_GON_01_ASEReadCounter.table","NW_015090842.1:7737199",8,23,15
"ZDHHC7","s1319_F_GON_01_ASEReadCounter.table","NW_015090842.1:7737332",5,12,7
"ZDHHC7","s1319_F_GON_01_ASEReadCounter.table","NW_015090842.1:7737553",19,27,8
"ZDHHC7","s1319_F_GON_01_ASEReadCounter.table","NW_015090842.1:7737920",12,20,8
"ZDHHC7","s1319_F_GON_01_ASEReadCounter.table","NW_015090842.1:7737953",9,14,5
"ZDHHC7","s1319_F_GON_01_ASEReadCounter.table","NW_015090842.1:7737987",8,16,8
"ZDHHC7","s1319_F_GON_01_ASEReadCounter.table","NW_015090842.1:7738068",12,18,6
"ZDHHC7","s1319_F_GON_01_ASEReadCounter.table","NW_015090842.1:7738204",6,14,8
"LOC106888097","s1319_F_GON_01_ASEReadCounter.table","NW_015090842.1:7767178",28,34,6
"LOC106888097","s1319_F_GON_01_ASEReadCounter.table","NW_015090842.1:7767187",27,38,11
"LOC106888097","s1319_F_GON_01_ASEReadCounter.table","NW_015090842.1:7768144",35,55,20
"LOC106888097","s1319_F_GON_01_ASEReadCounter.table","NW_015090842.1:7768196",44,66,22
"LOC106888097","s1319_F_GON_01_ASEReadCounter.table","NW_015090842.1:7769884",25,39,14
"LOC106888097","s1319_F_GON_01_ASEReadCounter.table","NW_015090842.1:7769893",24,38,14
"LOC106888097","s1319_F_GON_01_ASEReadCounter.table","NW_015090842.1:7770245",34,50,16
"LOC106888097","s1319_F_GON_01_ASEReadCounter.table","NW_015090842.1:7772402",33,50,17
"LOC106888097","s1319_F_GON_01_ASEReadCounter.table","NW_015090842.1:7772483",30,44,14
"LOC106888097","s1319_F_GON_01_ASEReadCounter.table","NW_015090842.1:7772490",27,40,13
"LOC106888097","s1319_F_GON_01_ASEReadCounter.table","NW_015090842.1:7774281",30,54,24
"LOC106888097","s1319_F_GON_01_ASEReadCounter.table","NW_015090842.1:7774552",34,57,23
"LOC106888097","s1319_F_GON_01_ASEReadCounter.table","NW_015090842.1:7774564",33,56,23
"LOC106888097","s1319_F_GON_01_ASEReadCounter.table","NW_015090842.1:7774611",23,43,20
"LOC106888097","s1319_F_GON_01_ASEReadCounter.table","NW_015090842.1:7774681",28,49,21
"LOC106888097","s1319_F_GON_01_ASEReadCounter.table","NW_015090842.1:7774698",25,43,18
"LOC106888097","s1319_F_GON_01_ASEReadCounter.table","NW_015090842.1:7774730",10,21,11
"LOC106888097","s1319_F_GON_01_ASEReadCounter.table","NW_015090842.1:7774778",2,3,1
"LOC106888097","s1319_F_GON_01_ASEReadCounter.table","NW_015090842.1:7774793",1,2,1
"FOXC2","s1319_F_GON_01_ASEReadCounter.table","NW_015090842.1:8129715",2,2,0
"FOXC2","s1319_F_GON_01_ASEReadCounter.table","NW_015090842.1:8129719",2,2,0
"FOXC2","s1319_F_GON_01_ASEReadCounter.table","NW_015090842.1:8130472",0,2,2
"FOXC2","s1319_F_GON_01_ASEReadCounter.table","NW_015090842.1:8130490",0,2,2
"FOXC2","s1319_F_GON_01_ASEReadCounter.table","NW_015090842.1:8130547",0,2,2
"FOXC2","s1319_F_GON_01_ASEReadCounter.table","NW_015090842.1:8130550",0,2,2
"FOXC2","s1319_F_GON_01_ASEReadCounter.table","NW_015090842.1:8130573",0,1,1
"FOXC2","s1319_F_GON_01_ASEReadCounter.table","NW_015090842.1:8130575",0,1,1
"MTHFSD","s1319_F_GON_01_ASEReadCounter.table","NW_015090842.1:8140051",61,123,62
"MTHFSD","s1319_F_GON_01_ASEReadCounter.table","NW_015090842.1:8142923",115,248,133
"MTHFSD","s1319_F_GON_01_ASEReadCounter.table","NW_015090842.1:8143029",103,220,117
"MTHFSD","s1319_F_GON_01_ASEReadCounter.table","NW_015090842.1:8152035",69,165,96
"MTHFSD","s1319_F_GON_01_ASEReadCounter.table","NW_015090842.1:8152315",68,134,66
"MTHFSD","s1319_F_GON_01_ASEReadCounter.table","NW_015090842.1:8152511",57,122,65
"MTHFSD","s1319_F_GON_01_ASEReadCounter.table","NW_015090842.1:8152518",55,122,67
"MTHFSD","s1319_F_GON_01_ASEReadCounter.table","NW_015090842.1:8152553",48,109,61
"MTHFSD","s1319_F_GON_01_ASEReadCounter.table","NW_015090842.1:8152773",72,149,77
"MTHFSD","s1319_F_GON_01_ASEReadCounter.table","NW_015090842.1:8152805",67,145,78
"IRF8","s1319_F_GON_01_ASEReadCounter.table","NW_015090842.1:8406652",2,6,4
"IRF8","s1319_F_GON_01_ASEReadCounter.table","NW_015090842.1:8406703",1,2,1
"IRF8","s1319_F_GON_01_ASEReadCounter.table","NW_015090842.1:8406704",1,2,1
"IRF8","s1319_F_GON_01_ASEReadCounter.table","NW_015090842.1:8406757",0,1,1
"IRF8","s1319_F_GON_01_ASEReadCounter.table","NW_015090842.1:8406778",1,3,2
"IRF8","s1319_F_GON_01_ASEReadCounter.table","NW_015090842.1:8406819",1,7,6
"IRF8","s1319_F_GON_01_ASEReadCounter.table","NW_015090842.1:8406941",2,7,5
"IRF8","s1319_F_GON_01_ASEReadCounter.table","NW_015090842.1:8407008",0,6,6
"IRF8","s1319_F_GON_01_ASEReadCounter.table","NW_015090842.1:8407057",1,6,5
"IRF8","s1319_F_GON_01_ASEReadCounter.table","NW_015090842.1:8407064",1,6,5
"IRF8","s1319_F_GON_01_ASEReadCounter.table","NW_015090842.1:8407069",1,7,6
"IRF8","s1319_F_GON_01_ASEReadCounter.table","NW_015090842.1:8407120",1,7,6
"IRF8","s1319_F_GON_01_ASEReadCounter.table","NW_015090842.1:8407157",0,2,2
"IRF8","s1319_F_GON_01_ASEReadCounter.table","NW_015090842.1:8407203",0,5,5
"IRF8","s1319_F_GON_01_ASEReadCounter.table","NW_015090842.1:8407272",0,5,5
"IRF8","s1319_F_GON_01_ASEReadCounter.table","NW_015090842.1:8407276",0,5,5
"IRF8","s1319_F_GON_01_ASEReadCounter.table","NW_015090842.1:8407303",0,4,4
"IRF8","s1319_F_GON_01_ASEReadCounter.table","NW_015090842.1:8407451",0,5,5
"IRF8","s1319_F_GON_01_ASEReadCounter.table","NW_015090842.1:8407456",1,6,5
"IRF8","s1319_F_GON_01_ASEReadCounter.table","NW_015090842.1:8408564",1,3,2
"IRF8","s1319_F_GON_01_ASEReadCounter.table","NW_015090842.1:8408585",2,2,0
"IRF8","s1319_F_GON_01_ASEReadCounter.table","NW_015090842.1:8409060",4,7,3
"IRF8","s1319_F_GON_01_ASEReadCounter.table","NW_015090842.1:8409065",4,8,4
"IRF8","s1319_F_GON_01_ASEReadCounter.table","NW_015090842.1:8409254",2,3,1
"IRF8","s1319_F_GON_01_ASEReadCounter.table","NW_015090842.1:8409255",2,3,1
"IRF8","s1319_F_GON_01_ASEReadCounter.table","NW_015090842.1:8409258",2,3,1
"IRF8","s1319_F_GON_01_ASEReadCounter.table","NW_015090842.1:8409312",3,6,3
"IRF8","s1319_F_GON_01_ASEReadCounter.table","NW_015090842.1:8410216",2,5,3
"IRF8","s1319_F_GON_01_ASEReadCounter.table","NW_015090842.1:8410237",0,1,1
"IRF8","s1319_F_GON_01_ASEReadCounter.table","NW_015090842.1:8410276",3,3,0
"IRF8","s1319_F_GON_01_ASEReadCounter.table","NW_015090842.1:8410813",3,5,2
"IRF8","s1319_F_GON_01_ASEReadCounter.table","NW_015090842.1:8410861",3,4,1
"IRF8","s1319_F_GON_01_ASEReadCounter.table","NW_015090842.1:8411940",4,6,2
"IRF8","s1319_F_GON_01_ASEReadCounter.table","NW_015090842.1:8412006",4,5,1
"IRF8","s1319_F_GON_01_ASEReadCounter.table","NW_015090842.1:8412042",1,2,1
"COX4I1","s1319_F_GON_01_ASEReadCounter.table","NW_015090842.1:8442258",1133,2148,1015
"COX4I1","s1319_F_GON_01_ASEReadCounter.table","NW_015090842.1:8442333",998,1901,903
"EMC8","s1319_F_GON_01_ASEReadCounter.table","NW_015090842.1:8444046",182,409,227
"EMC8","s1319_F_GON_01_ASEReadCounter.table","NW_015090842.1:8444064",148,328,180
"EMC8","s1319_F_GON_01_ASEReadCounter.table","NW_015090842.1:8452029",15,46,31
"EMC8","s1319_F_GON_01_ASEReadCounter.table","NW_015090842.1:8452116",17,61,44
"EMC8","s1319_F_GON_01_ASEReadCounter.table","NW_015090842.1:8452121",20,64,44
"EMC8","s1319_F_GON_01_ASEReadCounter.table","NW_015090842.1:8452222",23,64,41
"EMC8","s1319_F_GON_01_ASEReadCounter.table","NW_015090842.1:8452244",27,72,45
"EMC8","s1319_F_GON_01_ASEReadCounter.table","NW_015090842.1:8452477",12,30,18
"EMC8","s1319_F_GON_01_ASEReadCounter.table","NW_015090842.1:8452498",10,25,15
"EMC8","s1319_F_GON_01_ASEReadCounter.table","NW_015090842.1:8452535",6,14,8
"EMC8","s1319_F_GON_01_ASEReadCounter.table","NW_015090842.1:8452575",2,10,8
"EMC8","s1319_F_GON_01_ASEReadCounter.table","NW_015090842.1:8452600",6,13,7
"EMC8","s1319_F_GON_01_ASEReadCounter.table","NW_015090842.1:8452616",6,15,9
"EMC8","s1319_F_GON_01_ASEReadCounter.table","NW_015090842.1:8452630",5,13,8
"EMC8","s1319_F_GON_01_ASEReadCounter.table","NW_015090842.1:8452650",4,11,7
"EMC8","s1319_F_GON_01_ASEReadCounter.table","NW_015090842.1:8452678",6,20,14
"EMC8","s1319_F_GON_01_ASEReadCounter.table","NW_015090842.1:8452724",4,18,14
"EMC8","s1319_F_GON_01_ASEReadCounter.table","NW_015090842.1:8452731",4,18,14
"EMC8","s1319_F_GON_01_ASEReadCounter.table","NW_015090842.1:8452743",4,20,16
"EMC8","s1319_F_GON_01_ASEReadCounter.table","NW_015090842.1:8452750",5,21,16
"EMC8","s1319_F_GON_01_ASEReadCounter.table","NW_015090842.1:8452778",4,19,15
"EMC8","s1319_F_GON_01_ASEReadCounter.table","NW_015090842.1:8452783",5,21,16
"EMC8","s1319_F_GON_01_ASEReadCounter.table","NW_015090842.1:8452800",8,24,16
"EMC8","s1319_F_GON_01_ASEReadCounter.table","NW_015090842.1:8452804",10,26,16
"EMC8","s1319_F_GON_01_ASEReadCounter.table","NW_015090842.1:8452812",9,22,13
"EMC8","s1319_F_GON_01_ASEReadCounter.table","NW_015090842.1:8452858",9,27,18
"EMC8","s1319_F_GON_01_ASEReadCounter.table","NW_015090842.1:8452906",6,23,17
"EMC8","s1319_F_GON_01_ASEReadCounter.table","NW_015090842.1:8452913",6,23,17
"EMC8","s1319_F_GON_01_ASEReadCounter.table","NW_015090842.1:8453000",16,32,16
"EMC8","s1319_F_GON_01_ASEReadCounter.table","NW_015090842.1:8453007",17,34,17
"EMC8","s1319_F_GON_01_ASEReadCounter.table","NW_015090842.1:8453058",18,34,16
"EMC8","s1319_F_GON_01_ASEReadCounter.table","NW_015090842.1:8453106",12,26,14
"GINS2","s1319_F_GON_01_ASEReadCounter.table","NW_015090842.1:8466420",206,251,45
"GINS2","s1319_F_GON_01_ASEReadCounter.table","NW_015090842.1:8466424",209,256,47
"GINS2","s1319_F_GON_01_ASEReadCounter.table","NW_015090842.1:8466518",195,256,61
"GINS2","s1319_F_GON_01_ASEReadCounter.table","NW_015090842.1:8468482",378,506,128
"GINS2","s1319_F_GON_01_ASEReadCounter.table","NW_015090842.1:8470290",334,437,103
"GINS2","s1319_F_GON_01_ASEReadCounter.table","NW_015090842.1:8470305",297,385,88
"GINS2","s1319_F_GON_01_ASEReadCounter.table","NW_015090842.1:8470381",310,384,74
"GINS2","s1319_F_GON_01_ASEReadCounter.table","NW_015090842.1:8470418",280,368,88
"GINS2","s1319_F_GON_01_ASEReadCounter.table","NW_015090842.1:8470421",260,350,90
"GINS2","s1319_F_GON_01_ASEReadCounter.table","NW_015090842.1:8470430",230,317,87
"GINS2","s1319_F_GON_01_ASEReadCounter.table","NW_015090842.1:8470433",234,319,85
"GINS2","s1319_F_GON_01_ASEReadCounter.table","NW_015090842.1:8470457",158,219,61
"GINS2","s1319_F_GON_01_ASEReadCounter.table","NW_015090842.1:8470491",154,222,68
"GINS2","s1319_F_GON_01_ASEReadCounter.table","NW_015090842.1:8470548",168,233,65
"GINS2","s1319_F_GON_01_ASEReadCounter.table","NW_015090842.1:8470649",173,240,67
"GSE1","s1319_F_GON_01_ASEReadCounter.table","NW_015090842.1:8475362",4,5,1
"GSE1","s1319_F_GON_01_ASEReadCounter.table","NW_015090842.1:8475961",2,2,0
"GSE1","s1319_F_GON_01_ASEReadCounter.table","NW_015090842.1:8476027",1,2,1
"GSE1","s1319_F_GON_01_ASEReadCounter.table","NW_015090842.1:8476159",2,2,0
"GSE1","s1319_F_GON_01_ASEReadCounter.table","NW_015090842.1:8477933",2,3,1
"GSE1","s1319_F_GON_01_ASEReadCounter.table","NW_015090842.1:8477945",1,2,1
"GSE1","s1319_F_GON_01_ASEReadCounter.table","NW_015090842.1:8483272",0,1,1
"GSE1","s1319_F_GON_01_ASEReadCounter.table","NW_015090842.1:8483756",0,1,1
"GSE1","s1319_F_GON_01_ASEReadCounter.table","NW_015090842.1:8486867",2,3,1
"GSE1","s1319_F_GON_01_ASEReadCounter.table","NW_015090842.1:8486939",1,2,1
"GSE1","s1319_F_GON_01_ASEReadCounter.table","NW_015090842.1:8486945",1,2,1
"GSE1","s1319_F_GON_01_ASEReadCounter.table","NW_015090842.1:8486993",1,2,1
"GSE1","s1319_F_GON_01_ASEReadCounter.table","NW_015090842.1:8488457",1,1,0
"GSE1","s1319_F_GON_01_ASEReadCounter.table","NW_015090842.1:8488463",1,1,0
"GSE1","s1319_F_GON_01_ASEReadCounter.table","NW_015090842.1:8488490",2,2,0
"GSE1","s1319_F_GON_01_ASEReadCounter.table","NW_015090842.1:8488505",3,3,0
"GSE1","s1319_F_GON_01_ASEReadCounter.table","NW_015090842.1:8490180",0,2,2
"KIAA0513","s1319_F_GON_01_ASEReadCounter.table","NW_015090842.1:8668363",33,56,23
"KIAA0513","s1319_F_GON_01_ASEReadCounter.table","NW_015090842.1:8668387",33,56,23
"KIAA0513","s1319_F_GON_01_ASEReadCounter.table","NW_015090842.1:8668390",32,55,23
"KIAA0513","s1319_F_GON_01_ASEReadCounter.table","NW_015090842.1:8673107",42,84,42
"KIAA0513","s1319_F_GON_01_ASEReadCounter.table","NW_015090842.1:8673147",43,81,38
"KIAA0513","s1319_F_GON_01_ASEReadCounter.table","NW_015090842.1:8674661",27,52,25
"KIAA0513","s1319_F_GON_01_ASEReadCounter.table","NW_015090842.1:8674685",32,54,22
"KIAA0513","s1319_F_GON_01_ASEReadCounter.table","NW_015090842.1:8674730",25,42,17
"KIAA0513","s1319_F_GON_01_ASEReadCounter.table","NW_015090842.1:8675525",33,57,24
"KIAA0513","s1319_F_GON_01_ASEReadCounter.table","NW_015090842.1:8675561",32,60,28
"KIAA0513","s1319_F_GON_01_ASEReadCounter.table","NW_015090842.1:8678608",0,1,1
"KIAA0513","s1319_F_GON_01_ASEReadCounter.table","NW_015090842.1:8686455",0,3,3
"KIAA0513","s1319_F_GON_01_ASEReadCounter.table","NW_015090842.1:8686508",0,3,3
"KIAA0513","s1319_F_GON_01_ASEReadCounter.table","NW_015090842.1:8686521",0,3,3
"KIAA0513","s1319_F_GON_01_ASEReadCounter.table","NW_015090842.1:8693642",21,24,3
"KIAA0513","s1319_F_GON_01_ASEReadCounter.table","NW_015090842.1:8693712",25,31,6
"KIAA0513","s1319_F_GON_01_ASEReadCounter.table","NW_015090842.1:8695794",2,2,0
"FBXO31","s1319_F_GON_01_ASEReadCounter.table","NW_015090842.1:8710240",328,736,408
"FBXO31","s1319_F_GON_01_ASEReadCounter.table","NW_015090842.1:8710372",276,658,382
"FBXO31","s1319_F_GON_01_ASEReadCounter.table","NW_015090842.1:8711239",301,699,398
"FBXO31","s1319_F_GON_01_ASEReadCounter.table","NW_015090842.1:8714565",336,797,461
"FBXO31","s1319_F_GON_01_ASEReadCounter.table","NW_015090842.1:8716001",212,551,339
"FBXO31","s1319_F_GON_01_ASEReadCounter.table","NW_015090842.1:8725050",9,11,2
"FBXO31","s1319_F_GON_01_ASEReadCounter.table","NW_015090842.1:8725057",9,11,2
"FBXO31","s1319_F_GON_01_ASEReadCounter.table","NW_015090842.1:8725162",3,6,3
"FBXO31","s1319_F_GON_01_ASEReadCounter.table","NW_015090842.1:8725163",2,5,3
"FBXO31","s1319_F_GON_01_ASEReadCounter.table","NW_015090842.1:8725170",4,7,3
"FBXO31","s1319_F_GON_01_ASEReadCounter.table","NW_015090842.1:8725187",6,9,3
"FBXO31","s1319_F_GON_01_ASEReadCounter.table","NW_015090842.1:8725188",6,9,3
"FBXO31","s1319_F_GON_01_ASEReadCounter.table","NW_015090842.1:8725190",6,9,3
"FBXO31","s1319_F_GON_01_ASEReadCounter.table","NW_015090842.1:8725370",5,9,4
"ZCCHC14","s1319_F_GON_01_ASEReadCounter.table","NW_015090842.1:8750174",33,39,6
"ZCCHC14","s1319_F_GON_01_ASEReadCounter.table","NW_015090842.1:8750189",37,47,10
"ZCCHC14","s1319_F_GON_01_ASEReadCounter.table","NW_015090842.1:8750365",26,47,21
"ZCCHC14","s1319_F_GON_01_ASEReadCounter.table","NW_015090842.1:8750433",18,39,21
"ZCCHC14","s1319_F_GON_01_ASEReadCounter.table","NW_015090842.1:8750449",18,42,24
"ZCCHC14","s1319_F_GON_01_ASEReadCounter.table","NW_015090842.1:8750456",16,38,22
"ZCCHC14","s1319_F_GON_01_ASEReadCounter.table","NW_015090842.1:8750497",15,41,26
"ZCCHC14","s1319_F_GON_01_ASEReadCounter.table","NW_015090842.1:8750547",17,38,21
"ZCCHC14","s1319_F_GON_01_ASEReadCounter.table","NW_015090842.1:8751100",3,10,7
"ZCCHC14","s1319_F_GON_01_ASEReadCounter.table","NW_015090842.1:8751374",15,24,9
"ZCCHC14","s1319_F_GON_01_ASEReadCounter.table","NW_015090842.1:8751403",14,24,10
"ZCCHC14","s1319_F_GON_01_ASEReadCounter.table","NW_015090842.1:8751517",18,30,12
"ZCCHC14","s1319_F_GON_01_ASEReadCounter.table","NW_015090842.1:8752060",8,14,6
"ZCCHC14","s1319_F_GON_01_ASEReadCounter.table","NW_015090842.1:8752172",11,31,20
"ZCCHC14","s1319_F_GON_01_ASEReadCounter.table","NW_015090842.1:8752183",13,32,19
"ZCCHC14","s1319_F_GON_01_ASEReadCounter.table","NW_015090842.1:8752198",15,36,21
"ZCCHC14","s1319_F_GON_01_ASEReadCounter.table","NW_015090842.1:8752248",13,32,19
"ZCCHC14","s1319_F_GON_01_ASEReadCounter.table","NW_015090842.1:8752326",14,32,18
"ZCCHC14","s1319_F_GON_01_ASEReadCounter.table","NW_015090842.1:8752393",13,27,14
"ZCCHC14","s1319_F_GON_01_ASEReadCounter.table","NW_015090842.1:8752914",7,17,10
"ZCCHC14","s1319_F_GON_01_ASEReadCounter.table","NW_015090842.1:8753528",13,16,3
"ZCCHC14","s1319_F_GON_01_ASEReadCounter.table","NW_015090842.1:8753892",7,18,11
"ZCCHC14","s1319_F_GON_01_ASEReadCounter.table","NW_015090842.1:8753910",7,18,11
"ZCCHC14","s1319_F_GON_01_ASEReadCounter.table","NW_015090842.1:8755096",6,11,5
"ZCCHC14","s1319_F_GON_01_ASEReadCounter.table","NW_015090842.1:8755327",3,9,6
"ZCCHC14","s1319_F_GON_01_ASEReadCounter.table","NW_015090842.1:8755723",6,8,2
"ZCCHC14","s1319_F_GON_01_ASEReadCounter.table","NW_015090842.1:8755739",7,9,2
"ZCCHC14","s1319_F_GON_01_ASEReadCounter.table","NW_015090842.1:8756149",2,6,4
"ZCCHC14","s1319_F_GON_01_ASEReadCounter.table","NW_015090842.1:8756347",3,7,4
"ZCCHC14","s1319_F_GON_01_ASEReadCounter.table","NW_015090842.1:8756361",2,6,4
"ZCCHC14","s1319_F_GON_01_ASEReadCounter.table","NW_015090842.1:8756388",2,8,6
"ZCCHC14","s1319_F_GON_01_ASEReadCounter.table","NW_015090842.1:8756389",2,8,6
"ZCCHC14","s1319_F_GON_01_ASEReadCounter.table","NW_015090842.1:8757160",7,16,9
"ZCCHC14","s1319_F_GON_01_ASEReadCounter.table","NW_015090842.1:8804511",6,13,7
"ZCCHC14","s1319_F_GON_01_ASEReadCounter.table","NW_015090842.1:8804979",5,7,2
"JPH3","s1319_F_GON_01_ASEReadCounter.table","NW_015090842.1:8872730",1,1,0
"JPH3","s1319_F_GON_01_ASEReadCounter.table","NW_015090842.1:8885260",0,1,1
"JPH3","s1319_F_GON_01_ASEReadCounter.table","NW_015090842.1:8885438",2,2,0
"JPH3","s1319_F_GON_01_ASEReadCounter.table","NW_015090842.1:8885525",0,1,1
"KLHDC4","s1319_F_GON_01_ASEReadCounter.table","NW_015090842.1:8890729",80,119,39
"KLHDC4","s1319_F_GON_01_ASEReadCounter.table","NW_015090842.1:8890749",82,119,37
"KLHDC4","s1319_F_GON_01_ASEReadCounter.table","NW_015090842.1:8890761",81,123,42
"KLHDC4","s1319_F_GON_01_ASEReadCounter.table","NW_015090842.1:8891123",118,172,54
"KLHDC4","s1319_F_GON_01_ASEReadCounter.table","NW_015090842.1:8893124",89,131,42
"KLHDC4","s1319_F_GON_01_ASEReadCounter.table","NW_015090842.1:8894542",81,113,32
"KLHDC4","s1319_F_GON_01_ASEReadCounter.table","NW_015090842.1:8896726",65,110,45
"KLHDC4","s1319_F_GON_01_ASEReadCounter.table","NW_015090842.1:8896767",52,102,50
"KLHDC4","s1319_F_GON_01_ASEReadCounter.table","NW_015090842.1:8904174",69,100,31
"KLHDC4","s1319_F_GON_01_ASEReadCounter.table","NW_015090842.1:8904231",64,99,35
"KLHDC4","s1319_F_GON_01_ASEReadCounter.table","NW_015090842.1:8905251",55,85,30
"KLHDC4","s1319_F_GON_01_ASEReadCounter.table","NW_015090842.1:8905263",53,79,26
"KLHDC4","s1319_F_GON_01_ASEReadCounter.table","NW_015090842.1:8919626",16,26,10
"SLC7A5","s1319_F_GON_01_ASEReadCounter.table","NW_015090842.1:8938782",39,65,26
"SLC7A5","s1319_F_GON_01_ASEReadCounter.table","NW_015090842.1:8938943",29,50,21
"SLC7A5","s1319_F_GON_01_ASEReadCounter.table","NW_015090842.1:8939611",23,33,10
"SLC7A5","s1319_F_GON_01_ASEReadCounter.table","NW_015090842.1:8939738",24,41,17
"SLC7A5","s1319_F_GON_01_ASEReadCounter.table","NW_015090842.1:8939739",24,41,17
"SLC7A5","s1319_F_GON_01_ASEReadCounter.table","NW_015090842.1:8939740",24,41,17
"SLC7A5","s1319_F_GON_01_ASEReadCounter.table","NW_015090842.1:8939795",22,35,13
"SLC7A5","s1319_F_GON_01_ASEReadCounter.table","NW_015090842.1:8939815",23,34,11
"SLC7A5","s1319_F_GON_01_ASEReadCounter.table","NW_015090842.1:8939816",24,35,11
"SLC7A5","s1319_F_GON_01_ASEReadCounter.table","NW_015090842.1:8939817",24,37,13
"SLC7A5","s1319_F_GON_01_ASEReadCounter.table","NW_015090842.1:8939845",24,43,19
"SLC7A5","s1319_F_GON_01_ASEReadCounter.table","NW_015090842.1:8939894",24,43,19
"SLC7A5","s1319_F_GON_01_ASEReadCounter.table","NW_015090842.1:8939895",24,40,16
"SLC7A5","s1319_F_GON_01_ASEReadCounter.table","NW_015090842.1:8939997",71,71,0
"SLC7A5","s1319_F_GON_01_ASEReadCounter.table","NW_015090842.1:8940172",38,48,10
"SLC7A5","s1319_F_GON_01_ASEReadCounter.table","NW_015090842.1:8940331",27,35,8
"SLC7A5","s1319_F_GON_01_ASEReadCounter.table","NW_015090842.1:8940696",15,24,9
"SLC7A5","s1319_F_GON_01_ASEReadCounter.table","NW_015090842.1:8940719",9,21,12
"SLC7A5","s1319_F_GON_01_ASEReadCounter.table","NW_015090842.1:8940737",12,21,9
"SLC7A5","s1319_F_GON_01_ASEReadCounter.table","NW_015090842.1:8940743",12,21,9
"SLC7A5","s1319_F_GON_01_ASEReadCounter.table","NW_015090842.1:8940766",17,28,11
"SLC7A5","s1319_F_GON_01_ASEReadCounter.table","NW_015090842.1:8940769",17,28,11
"SLC7A5","s1319_F_GON_01_ASEReadCounter.table","NW_015090842.1:8940861",24,32,8
"SLC7A5","s1319_F_GON_01_ASEReadCounter.table","NW_015090842.1:8941068",27,40,13
"SLC7A5","s1319_F_GON_01_ASEReadCounter.table","NW_015090842.1:8941467",21,28,7
"SLC7A5","s1319_F_GON_01_ASEReadCounter.table","NW_015090842.1:8941531",22,31,9
"SLC7A5","s1319_F_GON_01_ASEReadCounter.table","NW_015090842.1:8941588",24,34,10
"SLC7A5","s1319_F_GON_01_ASEReadCounter.table","NW_015090842.1:8941698",13,25,12
"SLC7A5","s1319_F_GON_01_ASEReadCounter.table","NW_015090842.1:8941717",17,29,12
"SLC7A5","s1319_F_GON_01_ASEReadCounter.table","NW_015090842.1:8941745",20,37,17
"SLC7A5","s1319_F_GON_01_ASEReadCounter.table","NW_015090842.1:8941781",20,41,21
"SLC7A5","s1319_F_GON_01_ASEReadCounter.table","NW_015090842.1:8941887",20,30,10
"SLC7A5","s1319_F_GON_01_ASEReadCounter.table","NW_015090842.1:8941968",8,16,8
"SLC7A5","s1319_F_GON_01_ASEReadCounter.table","NW_015090842.1:8942025",14,22,8
"SLC7A5","s1319_F_GON_01_ASEReadCounter.table","NW_015090842.1:8942069",20,27,7
"SLC7A5","s1319_F_GON_01_ASEReadCounter.table","NW_015090842.1:8942170",27,37,10
"SLC7A5","s1319_F_GON_01_ASEReadCounter.table","NW_015090842.1:8942241",17,28,11
"SLC7A5","s1319_F_GON_01_ASEReadCounter.table","NW_015090842.1:8942283",16,27,11
"SLC7A5","s1319_F_GON_01_ASEReadCounter.table","NW_015090842.1:8942717",22,33,11
"SLC7A5","s1319_F_GON_01_ASEReadCounter.table","NW_015090842.1:8942756",22,34,12
"SLC7A5","s1319_F_GON_01_ASEReadCounter.table","NW_015090842.1:8942766",23,36,13
"SLC7A5","s1319_F_GON_01_ASEReadCounter.table","NW_015090842.1:8943271",24,40,16
"SLC7A5","s1319_F_GON_01_ASEReadCounter.table","NW_015090842.1:8943524",24,39,15
"SLC7A5","s1319_F_GON_01_ASEReadCounter.table","NW_015090842.1:8943530",25,40,15
"SLC7A5","s1319_F_GON_01_ASEReadCounter.table","NW_015090842.1:8943602",23,42,19
"SLC7A5","s1319_F_GON_01_ASEReadCounter.table","NW_015090842.1:8943622",24,45,21
"SLC7A5","s1319_F_GON_01_ASEReadCounter.table","NW_015090842.1:8943661",23,39,16
"SLC7A5","s1319_F_GON_01_ASEReadCounter.table","NW_015090842.1:8943686",21,34,13
"SLC7A5","s1319_F_GON_01_ASEReadCounter.table","NW_015090842.1:8943788",17,26,9
"SLC7A5","s1319_F_GON_01_ASEReadCounter.table","NW_015090842.1:8943814",16,23,7
"SLC7A5","s1319_F_GON_01_ASEReadCounter.table","NW_015090842.1:8943876",16,28,12
"SLC7A5","s1319_F_GON_01_ASEReadCounter.table","NW_015090842.1:8943892",17,30,13
"SLC7A5","s1319_F_GON_01_ASEReadCounter.table","NW_015090842.1:8944097",19,32,13
"SLC7A5","s1319_F_GON_01_ASEReadCounter.table","NW_015090842.1:8944104",18,27,9
"SLC7A5","s1319_F_GON_01_ASEReadCounter.table","NW_015090842.1:8944293",16,26,10
"SLC7A5","s1319_F_GON_01_ASEReadCounter.table","NW_015090842.1:8944297",15,25,10
"SLC7A5","s1319_F_GON_01_ASEReadCounter.table","NW_015090842.1:8944397",12,20,8
"SLC7A5","s1319_F_GON_01_ASEReadCounter.table","NW_015090842.1:8944552",19,30,11
"SLC7A5","s1319_F_GON_01_ASEReadCounter.table","NW_015090842.1:8944629",23,36,13
"CA5A","s1319_F_GON_01_ASEReadCounter.table","NW_015090842.1:8989479",16,32,16
"CA5A","s1319_F_GON_01_ASEReadCounter.table","NW_015090842.1:8989562",13,40,27
"CA5A","s1319_F_GON_01_ASEReadCounter.table","NW_015090842.1:8989609",11,39,28
"CA5A","s1319_F_GON_01_ASEReadCounter.table","NW_015090842.1:8989693",20,58,38
"CA5A","s1319_F_GON_01_ASEReadCounter.table","NW_015090842.1:8989702",23,58,35
"CA5A","s1319_F_GON_01_ASEReadCounter.table","NW_015090842.1:8989746",26,65,39
"CA5A","s1319_F_GON_01_ASEReadCounter.table","NW_015090842.1:8989880",18,47,29
"CA5A","s1319_F_GON_01_ASEReadCounter.table","NW_015090842.1:8989885",20,50,30
"CA5A","s1319_F_GON_01_ASEReadCounter.table","NW_015090842.1:8989929",21,45,24
"CA5A","s1319_F_GON_01_ASEReadCounter.table","NW_015090842.1:8990002",18,47,29
"CA5A","s1319_F_GON_01_ASEReadCounter.table","NW_015090842.1:8990004",17,47,30
"CA5A","s1319_F_GON_01_ASEReadCounter.table","NW_015090842.1:8990005",18,48,30
"CA5A","s1319_F_GON_01_ASEReadCounter.table","NW_015090842.1:8990017",13,41,28
"CA5A","s1319_F_GON_01_ASEReadCounter.table","NW_015090842.1:8990043",6,29,23
"CA5A","s1319_F_GON_01_ASEReadCounter.table","NW_015090842.1:8990060",31,31,0
"CA5A","s1319_F_GON_01_ASEReadCounter.table","NW_015090842.1:8990080",7,32,25
"CA5A","s1319_F_GON_01_ASEReadCounter.table","NW_015090842.1:8990084",9,34,25
"CA5A","s1319_F_GON_01_ASEReadCounter.table","NW_015090842.1:8990090",9,34,25
"CA5A","s1319_F_GON_01_ASEReadCounter.table","NW_015090842.1:8990095",9,37,28
"CA5A","s1319_F_GON_01_ASEReadCounter.table","NW_015090842.1:8990111",12,39,27
"CA5A","s1319_F_GON_01_ASEReadCounter.table","NW_015090842.1:8990112",12,39,27
"CA5A","s1319_F_GON_01_ASEReadCounter.table","NW_015090842.1:8990115",11,39,28
"CA5A","s1319_F_GON_01_ASEReadCounter.table","NW_015090842.1:8990166",10,37,27
"CA5A","s1319_F_GON_01_ASEReadCounter.table","NW_015090842.1:8990169",12,38,26
"CA5A","s1319_F_GON_01_ASEReadCounter.table","NW_015090842.1:8990193",36,36,0
"CA5A","s1319_F_GON_01_ASEReadCounter.table","NW_015090842.1:8990222",8,27,19
"CA5A","s1319_F_GON_01_ASEReadCounter.table","NW_015090842.1:8990289",6,26,20
"CA5A","s1319_F_GON_01_ASEReadCounter.table","NW_015090842.1:8990314",9,28,19
"CA5A","s1319_F_GON_01_ASEReadCounter.table","NW_015090842.1:8990361",15,27,12
"CA5A","s1319_F_GON_01_ASEReadCounter.table","NW_015090842.1:8990368",15,28,13
"CA5A","s1319_F_GON_01_ASEReadCounter.table","NW_015090842.1:8990429",11,21,10
"CA5A","s1319_F_GON_01_ASEReadCounter.table","NW_015090842.1:8990466",9,19,10
"CA5A","s1319_F_GON_01_ASEReadCounter.table","NW_015090842.1:8990663",6,23,17
"CA5A","s1319_F_GON_01_ASEReadCounter.table","NW_015090842.1:8990797",8,22,14
"CA5A","s1319_F_GON_01_ASEReadCounter.table","NW_015090842.1:8990836",7,23,16
"CA5A","s1319_F_GON_01_ASEReadCounter.table","NW_015090842.1:8990842",6,22,16
"CA5A","s1319_F_GON_01_ASEReadCounter.table","NW_015090842.1:8990851",7,23,16
"CA5A","s1319_F_GON_01_ASEReadCounter.table","NW_015090842.1:8990918",8,21,13
"CA5A","s1319_F_GON_01_ASEReadCounter.table","NW_015090842.1:8990921",7,25,18
"CA5A","s1319_F_GON_01_ASEReadCounter.table","NW_015090842.1:8990942",10,25,15
"CA5A","s1319_F_GON_01_ASEReadCounter.table","NW_015090842.1:8991001",13,31,18
"CA5A","s1319_F_GON_01_ASEReadCounter.table","NW_015090842.1:8991038",12,29,17
"CA5A","s1319_F_GON_01_ASEReadCounter.table","NW_015090842.1:8991149",10,28,18
"CA5A","s1319_F_GON_01_ASEReadCounter.table","NW_015090842.1:8991176",10,28,18
"CA5A","s1319_F_GON_01_ASEReadCounter.table","NW_015090842.1:8991241",17,32,15
"CA5A","s1319_F_GON_01_ASEReadCounter.table","NW_015090842.1:8991262",19,30,11
"CA5A","s1319_F_GON_01_ASEReadCounter.table","NW_015090842.1:8991316",16,17,1
"CA5A","s1319_F_GON_01_ASEReadCounter.table","NW_015090842.1:8991319",16,17,1
"CA5A","s1319_F_GON_01_ASEReadCounter.table","NW_015090842.1:8991330",14,14,0
"CA5A","s1319_F_GON_01_ASEReadCounter.table","NW_015090842.1:8991334",13,14,1
"CA5A","s1319_F_GON_01_ASEReadCounter.table","NW_015090842.1:8991362",17,30,13
"CA5A","s1319_F_GON_01_ASEReadCounter.table","NW_015090842.1:8991368",17,30,13
"CA5A","s1319_F_GON_01_ASEReadCounter.table","NW_015090842.1:8991390",16,31,15
"CA5A","s1319_F_GON_01_ASEReadCounter.table","NW_015090842.1:8991395",15,31,16
"CA5A","s1319_F_GON_01_ASEReadCounter.table","NW_015090842.1:8991422",13,30,17
"CA5A","s1319_F_GON_01_ASEReadCounter.table","NW_015090842.1:8991467",8,21,13
"CA5A","s1319_F_GON_01_ASEReadCounter.table","NW_015090842.1:8991576",5,26,21
"CA5A","s1319_F_GON_01_ASEReadCounter.table","NW_015090842.1:8991587",9,29,20
"CA5A","s1319_F_GON_01_ASEReadCounter.table","NW_015090842.1:8991655",17,37,20
"CA5A","s1319_F_GON_01_ASEReadCounter.table","NW_015090842.1:8991717",16,32,16
"CA5A","s1319_F_GON_01_ASEReadCounter.table","NW_015090842.1:8991726",14,34,20
"CA5A","s1319_F_GON_01_ASEReadCounter.table","NW_015090842.1:8991799",8,25,17
"CA5A","s1319_F_GON_01_ASEReadCounter.table","NW_015090842.1:8991809",8,22,14
"CA5A","s1319_F_GON_01_ASEReadCounter.table","NW_015090842.1:8991848",4,19,15
"CA5A","s1319_F_GON_01_ASEReadCounter.table","NW_015090842.1:8991849",4,19,15
"CA5A","s1319_F_GON_01_ASEReadCounter.table","NW_015090842.1:8991927",9,28,19
"CA5A","s1319_F_GON_01_ASEReadCounter.table","NW_015090842.1:8991941",9,23,14
"CA5A","s1319_F_GON_01_ASEReadCounter.table","NW_015090842.1:8992121",5,13,8
"CA5A","s1319_F_GON_01_ASEReadCounter.table","NW_015090842.1:8992224",14,30,16
"CA5A","s1319_F_GON_01_ASEReadCounter.table","NW_015090842.1:9002570",15,40,25
"CA5A","s1319_F_GON_01_ASEReadCounter.table","NW_015090842.1:9002600",15,42,27
"CA5A","s1319_F_GON_01_ASEReadCounter.table","NW_015090842.1:9004312",14,36,22
"CA5A","s1319_F_GON_01_ASEReadCounter.table","NW_015090842.1:9004506",9,18,9
"CA5A","s1319_F_GON_01_ASEReadCounter.table","NW_015090842.1:9004523",14,23,9
"CA5A","s1319_F_GON_01_ASEReadCounter.table","NW_015090842.1:9004530",16,25,9
"CA5A","s1319_F_GON_01_ASEReadCounter.table","NW_015090842.1:9004556",18,27,9
"CA5A","s1319_F_GON_01_ASEReadCounter.table","NW_015090842.1:9005116",26,53,27
"CA5A","s1319_F_GON_01_ASEReadCounter.table","NW_015090842.1:9005120",27,54,27
"CA5A","s1319_F_GON_01_ASEReadCounter.table","NW_015090842.1:9005140",28,62,34
"CA5A","s1319_F_GON_01_ASEReadCounter.table","NW_015090842.1:9005152",28,64,36
"CA5A","s1319_F_GON_01_ASEReadCounter.table","NW_015090842.1:9011011",2,2,0
"CA5A","s1319_F_GON_01_ASEReadCounter.table","NW_015090842.1:9011189",0,1,1
"BANP","s1319_F_GON_01_ASEReadCounter.table","NW_015090842.1:9033407",2,6,4
"BANP","s1319_F_GON_01_ASEReadCounter.table","NW_015090842.1:9033409",2,4,2
"BANP","s1319_F_GON_01_ASEReadCounter.table","NW_015090842.1:9033420",1,6,5
"BANP","s1319_F_GON_01_ASEReadCounter.table","NW_015090842.1:9067974",0,5,5
"BANP","s1319_F_GON_01_ASEReadCounter.table","NW_015090842.1:9102510",13,21,8
"BANP","s1319_F_GON_01_ASEReadCounter.table","NW_015090842.1:9168534",10,24,14
"BANP","s1319_F_GON_01_ASEReadCounter.table","NW_015090842.1:9168818",5,16,11
"ZNF469","s1319_F_GON_01_ASEReadCounter.table","NW_015090842.1:9424301",0,2,2
"ZNF469","s1319_F_GON_01_ASEReadCounter.table","NW_015090842.1:9424333",0,2,2
"ZNF469","s1319_F_GON_01_ASEReadCounter.table","NW_015090842.1:9425089",1,3,2
"ZNF469","s1319_F_GON_01_ASEReadCounter.table","NW_015090842.1:9425108",2,4,2
"ZNF469","s1319_F_GON_01_ASEReadCounter.table","NW_015090842.1:9425182",1,2,1
"ZNF469","s1319_F_GON_01_ASEReadCounter.table","NW_015090842.1:9426420",0,2,2
"ZNF469","s1319_F_GON_01_ASEReadCounter.table","NW_015090842.1:9426585",1,1,0
"ZNF469","s1319_F_GON_01_ASEReadCounter.table","NW_015090842.1:9427067",2,2,0
"ZNF469","s1319_F_GON_01_ASEReadCounter.table","NW_015090842.1:9428122",1,1,0
"ZNF469","s1319_F_GON_01_ASEReadCounter.table","NW_015090842.1:9428419",0,2,2
"ZNF469","s1319_F_GON_01_ASEReadCounter.table","NW_015090842.1:9429633",0,1,1
"ZNF469","s1319_F_GON_01_ASEReadCounter.table","NW_015090842.1:9429758",0,1,1
"ZNF469","s1319_F_GON_01_ASEReadCounter.table","NW_015090842.1:9429759",0,1,1
"ZNF469","s1319_F_GON_01_ASEReadCounter.table","NW_015090842.1:9429794",0,3,3
"ZNF469","s1319_F_GON_01_ASEReadCounter.table","NW_015090842.1:9430668",1,1,0
"ZNF469","s1319_F_GON_01_ASEReadCounter.table","NW_015090842.1:9430700",1,1,0
"ZNF469","s1319_F_GON_01_ASEReadCounter.table","NW_015090842.1:9431700",0,2,2
"ZNF469","s1319_F_GON_01_ASEReadCounter.table","NW_015090842.1:9431901",0,2,2
"ZNF469","s1319_F_GON_01_ASEReadCounter.table","NW_015090842.1:9432110",1,3,2
"ZNF469","s1319_F_GON_01_ASEReadCounter.table","NW_015090842.1:9432302",2,3,1
"ZNF469","s1319_F_GON_01_ASEReadCounter.table","NW_015090842.1:9432481",0,1,1
"ZNF469","s1319_F_GON_01_ASEReadCounter.table","NW_015090842.1:9432498",0,1,1
"ZNF469","s1319_F_GON_01_ASEReadCounter.table","NW_015090842.1:9433268",0,3,3
"ZNF469","s1319_F_GON_01_ASEReadCounter.table","NW_015090842.1:9433678",2,5,3
"ZNF469","s1319_F_GON_01_ASEReadCounter.table","NW_015090842.1:9433980",1,1,0
"ZNF469","s1319_F_GON_01_ASEReadCounter.table","NW_015090842.1:9434259",2,3,1
"ZNF469","s1319_F_GON_01_ASEReadCounter.table","NW_015090842.1:9435221",0,2,2
"ZFPM1","s1319_F_GON_01_ASEReadCounter.table","NW_015090842.1:9458862",6,25,19
"ZFPM1","s1319_F_GON_01_ASEReadCounter.table","NW_015090842.1:9458888",9,30,21
"ZFPM1","s1319_F_GON_01_ASEReadCounter.table","NW_015090842.1:9458904",11,38,27
"ZFPM1","s1319_F_GON_01_ASEReadCounter.table","NW_015090842.1:9458916",11,40,29
"ZFPM1","s1319_F_GON_01_ASEReadCounter.table","NW_015090842.1:9468568",18,44,26
"ZFPM1","s1319_F_GON_01_ASEReadCounter.table","NW_015090842.1:9468593",15,39,24
"ZFPM1","s1319_F_GON_01_ASEReadCounter.table","NW_015090842.1:9471561",10,27,17
"ZFPM1","s1319_F_GON_01_ASEReadCounter.table","NW_015090842.1:9472557",10,29,19
"ZFPM1","s1319_F_GON_01_ASEReadCounter.table","NW_015090842.1:9472565",9,26,17
"ZFPM1","s1319_F_GON_01_ASEReadCounter.table","NW_015090842.1:9472608",12,38,26
"ZFPM1","s1319_F_GON_01_ASEReadCounter.table","NW_015090842.1:9472627",10,38,28
"ZFPM1","s1319_F_GON_01_ASEReadCounter.table","NW_015090842.1:9472668",8,42,34
"ZFPM1","s1319_F_GON_01_ASEReadCounter.table","NW_015090842.1:9473655",8,27,19
"ZFPM1","s1319_F_GON_01_ASEReadCounter.table","NW_015090842.1:9475827",4,18,14
"ZFPM1","s1319_F_GON_01_ASEReadCounter.table","NW_015090842.1:9475842",5,22,17
"ZFPM1","s1319_F_GON_01_ASEReadCounter.table","NW_015090842.1:9476119",4,17,13
"ZFPM1","s1319_F_GON_01_ASEReadCounter.table","NW_015090842.1:9476161",5,18,13
"ZFPM1","s1319_F_GON_01_ASEReadCounter.table","NW_015090842.1:9476219",1,12,11
"ZFPM1","s1319_F_GON_01_ASEReadCounter.table","NW_015090842.1:9476233",1,13,12
"ZFPM1","s1319_F_GON_01_ASEReadCounter.table","NW_015090842.1:9476305",4,17,13
"ZFPM1","s1319_F_GON_01_ASEReadCounter.table","NW_015090842.1:9476395",6,20,14
"ZFPM1","s1319_F_GON_01_ASEReadCounter.table","NW_015090842.1:9476421",8,22,14
"ZFPM1","s1319_F_GON_01_ASEReadCounter.table","NW_015090842.1:9476539",5,17,12
"ZFPM1","s1319_F_GON_01_ASEReadCounter.table","NW_015090842.1:9476576",3,17,14
"ZFPM1","s1319_F_GON_01_ASEReadCounter.table","NW_015090842.1:9476599",16,16,0
"ZFPM1","s1319_F_GON_01_ASEReadCounter.table","NW_015090842.1:9476792",14,33,19
"ZFPM1","s1319_F_GON_01_ASEReadCounter.table","NW_015090842.1:9476803",10,29,19
"ZFPM1","s1319_F_GON_01_ASEReadCounter.table","NW_015090842.1:9477115",5,19,14
"ZFPM1","s1319_F_GON_01_ASEReadCounter.table","NW_015090842.1:9477299",0,21,21
"ZFPM1","s1319_F_GON_01_ASEReadCounter.table","NW_015090842.1:9477398",28,28,0
"ZFPM1","s1319_F_GON_01_ASEReadCounter.table","NW_015090842.1:9477422",12,25,13
"ZFPM1","s1319_F_GON_01_ASEReadCounter.table","NW_015090842.1:9477554",13,33,20
"ZFPM1","s1319_F_GON_01_ASEReadCounter.table","NW_015090842.1:9477575",35,35,0
"ZFPM1","s1319_F_GON_01_ASEReadCounter.table","NW_015090842.1:9477595",14,42,28
"ZFPM1","s1319_F_GON_01_ASEReadCounter.table","NW_015090842.1:9477611",14,39,25
"ZFPM1","s1319_F_GON_01_ASEReadCounter.table","NW_015090842.1:9477659",14,37,23
"ZFPM1","s1319_F_GON_01_ASEReadCounter.table","NW_015090842.1:9477737",9,38,29
"ZFPM1","s1319_F_GON_01_ASEReadCounter.table","NW_015090842.1:9477791",15,32,17
"ZFPM1","s1319_F_GON_01_ASEReadCounter.table","NW_015090842.1:9477844",15,33,18
"ZFPM1","s1319_F_GON_01_ASEReadCounter.table","NW_015090842.1:9477917",15,38,23
"ZFPM1","s1319_F_GON_01_ASEReadCounter.table","NW_015090842.1:9478295",10,33,23
"ZFPM1","s1319_F_GON_01_ASEReadCounter.table","NW_015090842.1:9478349",11,39,28
"ZFPM1","s1319_F_GON_01_ASEReadCounter.table","NW_015090842.1:9478524",4,23,19
"ZFPM1","s1319_F_GON_01_ASEReadCounter.table","NW_015090842.1:9478546",3,28,25
"ZFPM1","s1319_F_GON_01_ASEReadCounter.table","NW_015090842.1:9478573",2,24,22
"ZFPM1","s1319_F_GON_01_ASEReadCounter.table","NW_015090842.1:9478582",1,17,16
"ZFPM1","s1319_F_GON_01_ASEReadCounter.table","NW_015090842.1:9478684",1,10,9
"ZFPM1","s1319_F_GON_01_ASEReadCounter.table","NW_015090842.1:9478711",3,9,6
"ZFPM1","s1319_F_GON_01_ASEReadCounter.table","NW_015090842.1:9478761",5,12,7
"ZFPM1","s1319_F_GON_01_ASEReadCounter.table","NW_015090842.1:9478829",4,5,1
"CIDEC","s1319_F_GON_01_ASEReadCounter.table","NW_015090842.1:9480170",0,2,2
"CIDEC","s1319_F_GON_01_ASEReadCounter.table","NW_015090842.1:9480171",0,2,2
"CIDEC","s1319_F_GON_01_ASEReadCounter.table","NW_015090842.1:9480212",4,6,2
"CIDEC","s1319_F_GON_01_ASEReadCounter.table","NW_015090842.1:9480252",8,11,3
"CIDEC","s1319_F_GON_01_ASEReadCounter.table","NW_015090842.1:9480391",8,15,7
"CIDEC","s1319_F_GON_01_ASEReadCounter.table","NW_015090842.1:9480394",9,16,7
"CIDEC","s1319_F_GON_01_ASEReadCounter.table","NW_015090842.1:9480630",11,17,6
"CIDEC","s1319_F_GON_01_ASEReadCounter.table","NW_015090842.1:9480675",9,13,4
"CIDEC","s1319_F_GON_01_ASEReadCounter.table","NW_015090842.1:9480686",9,13,4
"CIDEC","s1319_F_GON_01_ASEReadCounter.table","NW_015090842.1:9480693",11,15,4
"CIDEC","s1319_F_GON_01_ASEReadCounter.table","NW_015090842.1:9480756",15,21,6
"CIDEC","s1319_F_GON_01_ASEReadCounter.table","NW_015090842.1:9481199",19,19,0
"ZC3H18","s1319_F_GON_01_ASEReadCounter.table","NW_015090842.1:9494271",9,22,13
"ZC3H18","s1319_F_GON_01_ASEReadCounter.table","NW_015090842.1:9501427",23,56,33
"ZC3H18","s1319_F_GON_01_ASEReadCounter.table","NW_015090842.1:9501442",23,53,30
"ZC3H18","s1319_F_GON_01_ASEReadCounter.table","NW_015090842.1:9505538",20,50,30
"ZC3H18","s1319_F_GON_01_ASEReadCounter.table","NW_015090842.1:9506778",20,64,44
"ZC3H18","s1319_F_GON_01_ASEReadCounter.table","NW_015090842.1:9522538",11,30,19
"ZC3H18","s1319_F_GON_01_ASEReadCounter.table","NW_015090842.1:9524350",11,31,20
"ZC3H18","s1319_F_GON_01_ASEReadCounter.table","NW_015090842.1:9524366",12,35,23
"ZC3H18","s1319_F_GON_01_ASEReadCounter.table","NW_015090842.1:9524424",9,29,20
"ZC3H18","s1319_F_GON_01_ASEReadCounter.table","NW_015090842.1:9529649",26,50,24
"ZC3H18","s1319_F_GON_01_ASEReadCounter.table","NW_015090842.1:9529688",18,41,23
"ZC3H18","s1319_F_GON_01_ASEReadCounter.table","NW_015090842.1:9529691",17,40,23
"ZC3H18","s1319_F_GON_01_ASEReadCounter.table","NW_015090842.1:9530977",27,50,23
"ZC3H18","s1319_F_GON_01_ASEReadCounter.table","NW_015090842.1:9536699",0,17,17
"CYBA","s1319_F_GON_01_ASEReadCounter.table","NW_015090842.1:9547281",34,48,14
"CYBA","s1319_F_GON_01_ASEReadCounter.table","NW_015090842.1:9547402",84,139,55
"CYBA","s1319_F_GON_01_ASEReadCounter.table","NW_015090842.1:9547553",57,125,68
"CYBA","s1319_F_GON_01_ASEReadCounter.table","NW_015090842.1:9548052",60,91,31
"CYBA","s1319_F_GON_01_ASEReadCounter.table","NW_015090842.1:9548436",101,170,69
"CYBA","s1319_F_GON_01_ASEReadCounter.table","NW_015090842.1:9548442",110,177,67
"CYBA","s1319_F_GON_01_ASEReadCounter.table","NW_015090842.1:9548478",131,198,67
"CYBA","s1319_F_GON_01_ASEReadCounter.table","NW_015090842.1:9548487",125,188,63
"CYBA","s1319_F_GON_01_ASEReadCounter.table","NW_015090842.1:9548490",125,189,64
"CYBA","s1319_F_GON_01_ASEReadCounter.table","NW_015090842.1:9548717",125,179,54
"CYBA","s1319_F_GON_01_ASEReadCounter.table","NW_015090842.1:9548750",82,126,44
"CYBA","s1319_F_GON_01_ASEReadCounter.table","NW_015090842.1:9548766",55,86,31
"MVD","s1319_F_GON_01_ASEReadCounter.table","NW_015090842.1:9550678",13,29,16
"MVD","s1319_F_GON_01_ASEReadCounter.table","NW_015090842.1:9550690",12,36,24
"MVD","s1319_F_GON_01_ASEReadCounter.table","NW_015090842.1:9550691",13,37,24
"MVD","s1319_F_GON_01_ASEReadCounter.table","NW_015090842.1:9550699",16,50,34
"MVD","s1319_F_GON_01_ASEReadCounter.table","NW_015090842.1:9550719",14,48,34
"MVD","s1319_F_GON_01_ASEReadCounter.table","NW_015090842.1:9551596",39,94,55
"MVD","s1319_F_GON_01_ASEReadCounter.table","NW_015090842.1:9551638",43,127,84
"MVD","s1319_F_GON_01_ASEReadCounter.table","NW_015090842.1:9551899",0,4,4
"MVD","s1319_F_GON_01_ASEReadCounter.table","NW_015090842.1:9552193",28,105,77
"MVD","s1319_F_GON_01_ASEReadCounter.table","NW_015090842.1:9552202",28,105,77
"MVD","s1319_F_GON_01_ASEReadCounter.table","NW_015090842.1:9552208",29,102,73
"MVD","s1319_F_GON_01_ASEReadCounter.table","NW_015090842.1:9552625",24,70,46
"MVD","s1319_F_GON_01_ASEReadCounter.table","NW_015090842.1:9552629",70,70,0
"MVD","s1319_F_GON_01_ASEReadCounter.table","NW_015090842.1:9552644",22,66,44
"MVD","s1319_F_GON_01_ASEReadCounter.table","NW_015090842.1:9553093",26,75,49
"MVD","s1319_F_GON_01_ASEReadCounter.table","NW_015090842.1:9553114",26,73,47
"RNF166","s1319_F_GON_01_ASEReadCounter.table","NW_015090842.1:9557900",26,43,17
"RNF166","s1319_F_GON_01_ASEReadCounter.table","NW_015090842.1:9558048",34,56,22
"RNF166","s1319_F_GON_01_ASEReadCounter.table","NW_015090842.1:9558116",27,50,23
"RNF166","s1319_F_GON_01_ASEReadCounter.table","NW_015090842.1:9558308",27,54,27
"RNF166","s1319_F_GON_01_ASEReadCounter.table","NW_015090842.1:9558405",22,52,30
"RNF166","s1319_F_GON_01_ASEReadCounter.table","NW_015090842.1:9558549",62,103,41
"RNF166","s1319_F_GON_01_ASEReadCounter.table","NW_015090842.1:9558556",60,100,40
"RNF166","s1319_F_GON_01_ASEReadCounter.table","NW_015090842.1:9558579",65,106,41
"RNF166","s1319_F_GON_01_ASEReadCounter.table","NW_015090842.1:9558599",57,98,41
"RNF166","s1319_F_GON_01_ASEReadCounter.table","NW_015090842.1:9558688",45,86,41
"RNF166","s1319_F_GON_01_ASEReadCounter.table","NW_015090842.1:9558711",46,91,45
"RNF166","s1319_F_GON_01_ASEReadCounter.table","NW_015090842.1:9558733",50,90,40
"RNF166","s1319_F_GON_01_ASEReadCounter.table","NW_015090842.1:9558847",56,88,32
"RNF166","s1319_F_GON_01_ASEReadCounter.table","NW_015090842.1:9559798",55,89,34
"RNF166","s1319_F_GON_01_ASEReadCounter.table","NW_015090842.1:9560575",65,103,38
"RNF166","s1319_F_GON_01_ASEReadCounter.table","NW_015090842.1:9561055",77,120,43
"RNF166","s1319_F_GON_01_ASEReadCounter.table","NW_015090842.1:9562458",60,92,32
"RNF166","s1319_F_GON_01_ASEReadCounter.table","NW_015090842.1:9562497",49,75,26
"RNF166","s1319_F_GON_01_ASEReadCounter.table","NW_015090842.1:9562539",48,74,26
"RNF166","s1319_F_GON_01_ASEReadCounter.table","NW_015090842.1:9564056",43,65,22
"CTU2","s1319_F_GON_01_ASEReadCounter.table","NW_015090842.1:9565149",15,37,22
"CTU2","s1319_F_GON_01_ASEReadCounter.table","NW_015090842.1:9565193",12,38,26
"CTU2","s1319_F_GON_01_ASEReadCounter.table","NW_015090842.1:9565300",15,45,30
"CTU2","s1319_F_GON_01_ASEReadCounter.table","NW_015090842.1:9565321",16,48,32
"CTU2","s1319_F_GON_01_ASEReadCounter.table","NW_015090842.1:9565721",19,49,30
"CTU2","s1319_F_GON_01_ASEReadCounter.table","NW_015090842.1:9565739",18,47,29
"CTU2","s1319_F_GON_01_ASEReadCounter.table","NW_015090842.1:9565905",17,45,28
"CTU2","s1319_F_GON_01_ASEReadCounter.table","NW_015090842.1:9566013",22,36,14
"CTU2","s1319_F_GON_01_ASEReadCounter.table","NW_015090842.1:9566055",29,60,31
"CTU2","s1319_F_GON_01_ASEReadCounter.table","NW_015090842.1:9566056",29,60,31
"CTU2","s1319_F_GON_01_ASEReadCounter.table","NW_015090842.1:9566151",18,32,14
"CTU2","s1319_F_GON_01_ASEReadCounter.table","NW_015090842.1:9566300",25,47,22
"CTU2","s1319_F_GON_01_ASEReadCounter.table","NW_015090842.1:9566342",22,43,21
"CTU2","s1319_F_GON_01_ASEReadCounter.table","NW_015090842.1:9566548",23,37,14
"CTU2","s1319_F_GON_01_ASEReadCounter.table","NW_015090842.1:9566625",24,49,25
"CTU2","s1319_F_GON_01_ASEReadCounter.table","NW_015090842.1:9566633",23,46,23
"CTU2","s1319_F_GON_01_ASEReadCounter.table","NW_015090842.1:9566807",22,49,27
"CTU2","s1319_F_GON_01_ASEReadCounter.table","NW_015090842.1:9567139",20,41,21
"CTU2","s1319_F_GON_01_ASEReadCounter.table","NW_015090842.1:9567156",21,42,21
"CTU2","s1319_F_GON_01_ASEReadCounter.table","NW_015090842.1:9567614",27,62,35
"CTU2","s1319_F_GON_01_ASEReadCounter.table","NW_015090842.1:9567677",22,52,30
"CTU2","s1319_F_GON_01_ASEReadCounter.table","NW_015090842.1:9567747",19,44,25
"CTU2","s1319_F_GON_01_ASEReadCounter.table","NW_015090842.1:9567828",14,28,14
"CTU2","s1319_F_GON_01_ASEReadCounter.table","NW_015090842.1:9567829",14,28,14
"CTU2","s1319_F_GON_01_ASEReadCounter.table","NW_015090842.1:9567885",7,22,15
"PIEZO1","s1319_F_GON_01_ASEReadCounter.table","NW_015090842.1:9568093",20,38,18
"PIEZO1","s1319_F_GON_01_ASEReadCounter.table","NW_015090842.1:9568672",19,28,9
"PIEZO1","s1319_F_GON_01_ASEReadCounter.table","NW_015090842.1:9568948",22,34,12
"PIEZO1","s1319_F_GON_01_ASEReadCounter.table","NW_015090842.1:9568987",26,26,0
"PIEZO1","s1319_F_GON_01_ASEReadCounter.table","NW_015090842.1:9569040",16,24,8
"PIEZO1","s1319_F_GON_01_ASEReadCounter.table","NW_015090842.1:9569180",14,20,6
"PIEZO1","s1319_F_GON_01_ASEReadCounter.table","NW_015090842.1:9569192",12,19,7
"PIEZO1","s1319_F_GON_01_ASEReadCounter.table","NW_015090842.1:9570088",14,22,8
"PIEZO1","s1319_F_GON_01_ASEReadCounter.table","NW_015090842.1:9570480",8,9,1
"PIEZO1","s1319_F_GON_01_ASEReadCounter.table","NW_015090842.1:9570639",10,12,2
"PIEZO1","s1319_F_GON_01_ASEReadCounter.table","NW_015090842.1:9571847",3,7,4
"PIEZO1","s1319_F_GON_01_ASEReadCounter.table","NW_015090842.1:9572371",4,6,2
"PIEZO1","s1319_F_GON_01_ASEReadCounter.table","NW_015090842.1:9572638",6,8,2
"PIEZO1","s1319_F_GON_01_ASEReadCounter.table","NW_015090842.1:9573156",9,13,4
"PIEZO1","s1319_F_GON_01_ASEReadCounter.table","NW_015090842.1:9573280",10,16,6
"PIEZO1","s1319_F_GON_01_ASEReadCounter.table","NW_015090842.1:9573566",4,7,3
"PIEZO1","s1319_F_GON_01_ASEReadCounter.table","NW_015090842.1:9575341",6,8,2
"PIEZO1","s1319_F_GON_01_ASEReadCounter.table","NW_015090842.1:9575367",4,5,1
"PIEZO1","s1319_F_GON_01_ASEReadCounter.table","NW_015090842.1:9575645",5,5,0
"PIEZO1","s1319_F_GON_01_ASEReadCounter.table","NW_015090842.1:9575696",4,4,0
"PIEZO1","s1319_F_GON_01_ASEReadCounter.table","NW_015090842.1:9575897",2,5,3
"PIEZO1","s1319_F_GON_01_ASEReadCounter.table","NW_015090842.1:9576060",2,3,1
"PIEZO1","s1319_F_GON_01_ASEReadCounter.table","NW_015090842.1:9576087",3,4,1
"PIEZO1","s1319_F_GON_01_ASEReadCounter.table","NW_015090842.1:9576093",2,5,3
"PIEZO1","s1319_F_GON_01_ASEReadCounter.table","NW_015090842.1:9576120",1,4,3
"PIEZO1","s1319_F_GON_01_ASEReadCounter.table","NW_015090842.1:9576687",4,5,1
"PIEZO1","s1319_F_GON_01_ASEReadCounter.table","NW_015090842.1:9576710",3,4,1
"PIEZO1","s1319_F_GON_01_ASEReadCounter.table","NW_015090842.1:9576723",3,4,1
"PIEZO1","s1319_F_GON_01_ASEReadCounter.table","NW_015090842.1:9578268",9,10,1
"PIEZO1","s1319_F_GON_01_ASEReadCounter.table","NW_015090842.1:9578770",4,6,2
"PIEZO1","s1319_F_GON_01_ASEReadCounter.table","NW_015090842.1:9578806",7,8,1
"PIEZO1","s1319_F_GON_01_ASEReadCounter.table","NW_015090842.1:9579064",1,2,1
"PIEZO1","s1319_F_GON_01_ASEReadCounter.table","NW_015090842.1:9579065",0,1,1
"PIEZO1","s1319_F_GON_01_ASEReadCounter.table","NW_015090842.1:9579347",2,6,4
"PIEZO1","s1319_F_GON_01_ASEReadCounter.table","NW_015090842.1:9580765",3,5,2
"PIEZO1","s1319_F_GON_01_ASEReadCounter.table","NW_015090842.1:9580996",3,5,2
"PIEZO1","s1319_F_GON_01_ASEReadCounter.table","NW_015090842.1:9581101",2,3,1
"PIEZO1","s1319_F_GON_01_ASEReadCounter.table","NW_015090842.1:9581299",0,2,2
"PIEZO1","s1319_F_GON_01_ASEReadCounter.table","NW_015090842.1:9581875",1,2,1
"PIEZO1","s1319_F_GON_01_ASEReadCounter.table","NW_015090842.1:9582046",3,3,0
"PIEZO1","s1319_F_GON_01_ASEReadCounter.table","NW_015090842.1:9582961",2,3,1
"PIEZO1","s1319_F_GON_01_ASEReadCounter.table","NW_015090842.1:9583298",2,2,0
"PIEZO1","s1319_F_GON_01_ASEReadCounter.table","NW_015090842.1:9584337",1,2,1
"PIEZO1","s1319_F_GON_01_ASEReadCounter.table","NW_015090842.1:9584425",2,3,1
"PIEZO1","s1319_F_GON_01_ASEReadCounter.table","NW_015090842.1:9584435",2,3,1
"PIEZO1","s1319_F_GON_01_ASEReadCounter.table","NW_015090842.1:9584438",2,3,1
"PIEZO1","s1319_F_GON_01_ASEReadCounter.table","NW_015090842.1:9584441",2,3,1
"CDT1","s1319_F_GON_01_ASEReadCounter.table","NW_015090842.1:9596596",3,10,7
"CDT1","s1319_F_GON_01_ASEReadCounter.table","NW_015090842.1:9596766",18,31,13
"CDT1","s1319_F_GON_01_ASEReadCounter.table","NW_015090842.1:9597054",30,56,26
"CDT1","s1319_F_GON_01_ASEReadCounter.table","NW_015090842.1:9597074",28,52,24
"CDT1","s1319_F_GON_01_ASEReadCounter.table","NW_015090842.1:9597137",29,64,35
"CDT1","s1319_F_GON_01_ASEReadCounter.table","NW_015090842.1:9597756",25,56,31
"CDT1","s1319_F_GON_01_ASEReadCounter.table","NW_015090842.1:9597766",26,59,33
"CDT1","s1319_F_GON_01_ASEReadCounter.table","NW_015090842.1:9598496",45,94,49
"CDT1","s1319_F_GON_01_ASEReadCounter.table","NW_015090842.1:9598498",45,97,52
"CDT1","s1319_F_GON_01_ASEReadCounter.table","NW_015090842.1:9598816",0,76,76
"CDT1","s1319_F_GON_01_ASEReadCounter.table","NW_015090842.1:9598879",0,93,93
"CDT1","s1319_F_GON_01_ASEReadCounter.table","NW_015090842.1:9598912",0,96,96
"CDT1","s1319_F_GON_01_ASEReadCounter.table","NW_015090842.1:9598959",35,90,55
"CDT1","s1319_F_GON_01_ASEReadCounter.table","NW_015090842.1:9599807",63,98,35
"CDT1","s1319_F_GON_01_ASEReadCounter.table","NW_015090842.1:9599819",63,103,40
"CDT1","s1319_F_GON_01_ASEReadCounter.table","NW_015090842.1:9599845",66,110,44
"CDT1","s1319_F_GON_01_ASEReadCounter.table","NW_015090842.1:9600148",72,123,51
"CDT1","s1319_F_GON_01_ASEReadCounter.table","NW_015090842.1:9600151",75,127,52
"CDT1","s1319_F_GON_01_ASEReadCounter.table","NW_015090842.1:9600217",70,125,55
"CDT1","s1319_F_GON_01_ASEReadCounter.table","NW_015090842.1:9600226",66,113,47
"CDT1","s1319_F_GON_01_ASEReadCounter.table","NW_015090842.1:9600260",55,98,43
"CDT1","s1319_F_GON_01_ASEReadCounter.table","NW_015090842.1:9600268",53,95,42
"CDT1","s1319_F_GON_01_ASEReadCounter.table","NW_015090842.1:9600305",52,93,41
"CDT1","s1319_F_GON_01_ASEReadCounter.table","NW_015090842.1:9600397",38,73,35
"CDT1","s1319_F_GON_01_ASEReadCounter.table","NW_015090842.1:9600447",22,49,27
"CDT1","s1319_F_GON_01_ASEReadCounter.table","NW_015090842.1:9600450",24,47,23
"CDT1","s1319_F_GON_01_ASEReadCounter.table","NW_015090842.1:9600485",37,69,32
"CDT1","s1319_F_GON_01_ASEReadCounter.table","NW_015090842.1:9600579",37,68,31
"APRT","s1319_F_GON_01_ASEReadCounter.table","NW_015090842.1:9602308",28,40,12
"APRT","s1319_F_GON_01_ASEReadCounter.table","NW_015090842.1:9602440",54,82,28
"APRT","s1319_F_GON_01_ASEReadCounter.table","NW_015090842.1:9602449",54,84,30
"APRT","s1319_F_GON_01_ASEReadCounter.table","NW_015090842.1:9602451",55,87,32
"APRT","s1319_F_GON_01_ASEReadCounter.table","NW_015090842.1:9602455",54,89,35
"APRT","s1319_F_GON_01_ASEReadCounter.table","NW_015090842.1:9602462",56,88,32
"APRT","s1319_F_GON_01_ASEReadCounter.table","NW_015090842.1:9602507",52,83,31
"APRT","s1319_F_GON_01_ASEReadCounter.table","NW_015090842.1:9602514",57,89,32
"APRT","s1319_F_GON_01_ASEReadCounter.table","NW_015090842.1:9602530",48,78,30
"APRT","s1319_F_GON_01_ASEReadCounter.table","NW_015090842.1:9602582",49,71,22
"APRT","s1319_F_GON_01_ASEReadCounter.table","NW_015090842.1:9602583",50,72,22
"APRT","s1319_F_GON_01_ASEReadCounter.table","NW_015090842.1:9602650",63,83,20
"APRT","s1319_F_GON_01_ASEReadCounter.table","NW_015090842.1:9602655",63,85,22
"APRT","s1319_F_GON_01_ASEReadCounter.table","NW_015090842.1:9602712",58,90,32
"APRT","s1319_F_GON_01_ASEReadCounter.table","NW_015090842.1:9602764",59,96,37
"APRT","s1319_F_GON_01_ASEReadCounter.table","NW_015090842.1:9602821",49,85,36
"APRT","s1319_F_GON_01_ASEReadCounter.table","NW_015090842.1:9602867",57,89,32
"APRT","s1319_F_GON_01_ASEReadCounter.table","NW_015090842.1:9602883",61,96,35
"APRT","s1319_F_GON_01_ASEReadCounter.table","NW_015090842.1:9602886",65,101,36
"APRT","s1319_F_GON_01_ASEReadCounter.table","NW_015090842.1:9602948",84,123,39
"APRT","s1319_F_GON_01_ASEReadCounter.table","NW_015090842.1:9602958",84,120,36
"APRT","s1319_F_GON_01_ASEReadCounter.table","NW_015090842.1:9603020",75,109,34
"APRT","s1319_F_GON_01_ASEReadCounter.table","NW_015090842.1:9603025",70,105,35
"APRT","s1319_F_GON_01_ASEReadCounter.table","NW_015090842.1:9603154",78,99,21
"APRT","s1319_F_GON_01_ASEReadCounter.table","NW_015090842.1:9603166",95,118,23
"APRT","s1319_F_GON_01_ASEReadCounter.table","NW_015090842.1:9603326",83,108,25
"APRT","s1319_F_GON_01_ASEReadCounter.table","NW_015090842.1:9603419",69,100,31
"APRT","s1319_F_GON_01_ASEReadCounter.table","NW_015090842.1:9603420",70,102,32
"APRT","s1319_F_GON_01_ASEReadCounter.table","NW_015090842.1:9603464",66,102,36
"APRT","s1319_F_GON_01_ASEReadCounter.table","NW_015090842.1:9603528",100,198,98
"APRT","s1319_F_GON_01_ASEReadCounter.table","NW_015090842.1:9603607",116,270,154
"APRT","s1319_F_GON_01_ASEReadCounter.table","NW_015090842.1:9603622",118,266,148
"APRT","s1319_F_GON_01_ASEReadCounter.table","NW_015090842.1:9604361",97,252,155
"APRT","s1319_F_GON_01_ASEReadCounter.table","NW_015090842.1:9605317",94,236,142
"APRT","s1319_F_GON_01_ASEReadCounter.table","NW_015090842.1:9605336",103,251,148
"GALNS","s1319_F_GON_01_ASEReadCounter.table","NW_015090842.1:9612872",25,46,21
"GALNS","s1319_F_GON_01_ASEReadCounter.table","NW_015090842.1:9612873",22,44,22
"GALNS","s1319_F_GON_01_ASEReadCounter.table","NW_015090842.1:9612877",26,47,21
"GALNS","s1319_F_GON_01_ASEReadCounter.table","NW_015090842.1:9612942",78,156,78
"GALNS","s1319_F_GON_01_ASEReadCounter.table","NW_015090842.1:9612987",144,144,0
"GALNS","s1319_F_GON_01_ASEReadCounter.table","NW_015090842.1:9613064",74,140,66
"GALNS","s1319_F_GON_01_ASEReadCounter.table","NW_015090842.1:9613096",117,193,76
"GALNS","s1319_F_GON_01_ASEReadCounter.table","NW_015090842.1:9613123",107,178,71
"GALNS","s1319_F_GON_01_ASEReadCounter.table","NW_015090842.1:9613125",106,176,70
"GALNS","s1319_F_GON_01_ASEReadCounter.table","NW_015090842.1:9613193",98,181,83
"GALNS","s1319_F_GON_01_ASEReadCounter.table","NW_015090842.1:9613226",88,164,76
"GALNS","s1319_F_GON_01_ASEReadCounter.table","NW_015090842.1:9613249",98,183,85
"GALNS","s1319_F_GON_01_ASEReadCounter.table","NW_015090842.1:9613256",108,199,91
"GALNS","s1319_F_GON_01_ASEReadCounter.table","NW_015090842.1:9613317",112,211,99
"GALNS","s1319_F_GON_01_ASEReadCounter.table","NW_015090842.1:9613343",103,193,90
"GALNS","s1319_F_GON_01_ASEReadCounter.table","NW_015090842.1:9613344",102,191,89
"GALNS","s1319_F_GON_01_ASEReadCounter.table","NW_015090842.1:9613371",110,197,87
"GALNS","s1319_F_GON_01_ASEReadCounter.table","NW_015090842.1:9613378",112,201,89
"GALNS","s1319_F_GON_01_ASEReadCounter.table","NW_015090842.1:9613379",114,202,88
"GALNS","s1319_F_GON_01_ASEReadCounter.table","NW_015090842.1:9613516",122,221,99
"GALNS","s1319_F_GON_01_ASEReadCounter.table","NW_015090842.1:9613572",111,229,118
"GALNS","s1319_F_GON_01_ASEReadCounter.table","NW_015090842.1:9613597",91,208,117
"GALNS","s1319_F_GON_01_ASEReadCounter.table","NW_015090842.1:9613627",59,151,92
"GALNS","s1319_F_GON_01_ASEReadCounter.table","NW_015090842.1:9613640",66,162,96
"GALNS","s1319_F_GON_01_ASEReadCounter.table","NW_015090842.1:9614025",107,191,84
"GALNS","s1319_F_GON_01_ASEReadCounter.table","NW_015090842.1:9614169",111,181,70
"GALNS","s1319_F_GON_01_ASEReadCounter.table","NW_015090842.1:9614232",192,192,0
"GALNS","s1319_F_GON_01_ASEReadCounter.table","NW_015090842.1:9614667",112,201,89
"GALNS","s1319_F_GON_01_ASEReadCounter.table","NW_015090842.1:9614709",102,189,87
"GALNS","s1319_F_GON_01_ASEReadCounter.table","NW_015090842.1:9614880",121,191,70
"GALNS","s1319_F_GON_01_ASEReadCounter.table","NW_015090842.1:9614902",112,200,88
"GALNS","s1319_F_GON_01_ASEReadCounter.table","NW_015090842.1:9614960",93,177,84
"GALNS","s1319_F_GON_01_ASEReadCounter.table","NW_015090842.1:9615114",174,296,122
"GALNS","s1319_F_GON_01_ASEReadCounter.table","NW_015090842.1:9615199",154,305,151
"GALNS","s1319_F_GON_01_ASEReadCounter.table","NW_015090842.1:9615217",140,292,152
"GALNS","s1319_F_GON_01_ASEReadCounter.table","NW_015090842.1:9615277",131,325,194
"GALNS","s1319_F_GON_01_ASEReadCounter.table","NW_015090842.1:9615377",160,479,319
"GALNS","s1319_F_GON_01_ASEReadCounter.table","NW_015090842.1:9647858",145,527,382
"GALNS","s1319_F_GON_01_ASEReadCounter.table","NW_015090842.1:9649186",139,515,376
"GALNS","s1319_F_GON_01_ASEReadCounter.table","NW_015090842.1:9649237",125,492,367
"GALNS","s1319_F_GON_01_ASEReadCounter.table","NW_015090842.1:9661193",86,275,189
"TRAPPC2L","s1319_F_GON_01_ASEReadCounter.table","NW_015090842.1:9662951",480,861,381
"TRAPPC2L","s1319_F_GON_01_ASEReadCounter.table","NW_015090842.1:9663014",480,860,380
"TRAPPC2L","s1319_F_GON_01_ASEReadCounter.table","NW_015090842.1:9664305",635,639,4
"TRAPPC2L","s1319_F_GON_01_ASEReadCounter.table","NW_015090842.1:9665155",302,554,252
"TRAPPC2L","s1319_F_GON_01_ASEReadCounter.table","NW_015090842.1:9665211",104,173,69
"PABPN1L","s1319_F_GON_01_ASEReadCounter.table","NW_015090842.1:9669959",4,13,9
"CBFA2T3","s1319_F_GON_01_ASEReadCounter.table","NW_015090842.1:9712787",0,1,1
"CBFA2T3","s1319_F_GON_01_ASEReadCounter.table","NW_015090842.1:9712791",0,1,1
"CBFA2T3","s1319_F_GON_01_ASEReadCounter.table","NW_015090842.1:9712805",0,1,1
"CBFA2T3","s1319_F_GON_01_ASEReadCounter.table","NW_015090842.1:9712811",0,1,1
"CBFA2T3","s1319_F_GON_01_ASEReadCounter.table","NW_015090842.1:9712848",1,2,1
"CBFA2T3","s1319_F_GON_01_ASEReadCounter.table","NW_015090842.1:9713088",0,1,1
"CBFA2T3","s1319_F_GON_01_ASEReadCounter.table","NW_015090842.1:9713121",0,1,1
"CBFA2T3","s1319_F_GON_01_ASEReadCounter.table","NW_015090842.1:9728601",0,1,1
"CBFA2T3","s1319_F_GON_01_ASEReadCounter.table","NW_015090842.1:9728611",0,1,1
"CBFA2T3","s1319_F_GON_01_ASEReadCounter.table","NW_015090842.1:9728654",0,1,1
"ACSF3","s1319_F_GON_01_ASEReadCounter.table","NW_015090842.1:9773379",5,16,11
"ACSF3","s1319_F_GON_01_ASEReadCounter.table","NW_015090842.1:9773382",5,17,12
"ACSF3","s1319_F_GON_01_ASEReadCounter.table","NW_015090842.1:9773384",5,14,9
"ACSF3","s1319_F_GON_01_ASEReadCounter.table","NW_015090842.1:9773388",6,18,12
"ACSF3","s1319_F_GON_01_ASEReadCounter.table","NW_015090842.1:9776753",36,94,58
"ACSF3","s1319_F_GON_01_ASEReadCounter.table","NW_015090842.1:9776783",38,92,54
"ACSF3","s1319_F_GON_01_ASEReadCounter.table","NW_015090842.1:9776879",46,86,40
"ACSF3","s1319_F_GON_01_ASEReadCounter.table","NW_015090842.1:9776965",35,88,53
"ACSF3","s1319_F_GON_01_ASEReadCounter.table","NW_015090842.1:9777091",41,88,47
"ACSF3","s1319_F_GON_01_ASEReadCounter.table","NW_015090842.1:9777206",43,86,43
"ACSF3","s1319_F_GON_01_ASEReadCounter.table","NW_015090842.1:9777283",54,113,59
"ACSF3","s1319_F_GON_01_ASEReadCounter.table","NW_015090842.1:9778955",54,134,80
"ACSF3","s1319_F_GON_01_ASEReadCounter.table","NW_015090842.1:9778997",60,151,91
"ACSF3","s1319_F_GON_01_ASEReadCounter.table","NW_015090842.1:9789311",15,32,17
"ACSF3","s1319_F_GON_01_ASEReadCounter.table","NW_015090842.1:9789906",5,21,16
"ACSF3","s1319_F_GON_01_ASEReadCounter.table","NW_015090842.1:9834743",36,69,33
"ACSF3","s1319_F_GON_01_ASEReadCounter.table","NW_015090842.1:9834852",39,68,29
"ACSF3","s1319_F_GON_01_ASEReadCounter.table","NW_015090842.1:9834861",32,59,27
"ACSF3","s1319_F_GON_01_ASEReadCounter.table","NW_015090842.1:9839359",30,50,20
"ACSF3","s1319_F_GON_01_ASEReadCounter.table","NW_015090842.1:9839378",29,50,21
"ACSF3","s1319_F_GON_01_ASEReadCounter.table","NW_015090842.1:9839455",25,46,21
"ACSF3","s1319_F_GON_01_ASEReadCounter.table","NW_015090842.1:9839457",25,43,18
"ACSF3","s1319_F_GON_01_ASEReadCounter.table","NW_015090842.1:9839489",21,39,18
"ACSF3","s1319_F_GON_01_ASEReadCounter.table","NW_015090842.1:9839500",15,31,16
"ACSF3","s1319_F_GON_01_ASEReadCounter.table","NW_015090842.1:9839501",15,31,16
"ACSF3","s1319_F_GON_01_ASEReadCounter.table","NW_015090842.1:9839504",19,35,16
"ACSF3","s1319_F_GON_01_ASEReadCounter.table","NW_015090842.1:9839512",16,24,8
"ACSF3","s1319_F_GON_01_ASEReadCounter.table","NW_015090842.1:9839527",15,24,9
"ACSF3","s1319_F_GON_01_ASEReadCounter.table","NW_015090842.1:9839533",10,19,9
"ACSF3","s1319_F_GON_01_ASEReadCounter.table","NW_015090842.1:9839535",10,18,8
"ACSF3","s1319_F_GON_01_ASEReadCounter.table","NW_015090842.1:9839545",5,13,8
"ACSF3","s1319_F_GON_01_ASEReadCounter.table","NW_015090842.1:9839550",5,13,8
"ACSF3","s1319_F_GON_01_ASEReadCounter.table","NW_015090842.1:9839551",5,13,8
"CDH15","s1319_F_GON_01_ASEReadCounter.table","NW_015090842.1:9847163",0,2,2
"CDH15","s1319_F_GON_01_ASEReadCounter.table","NW_015090842.1:9847174",0,2,2
"CDH15","s1319_F_GON_01_ASEReadCounter.table","NW_015090842.1:9848004",0,2,2
"CDH15","s1319_F_GON_01_ASEReadCounter.table","NW_015090842.1:9848220",0,1,1
"CDH15","s1319_F_GON_01_ASEReadCounter.table","NW_015090842.1:9848307",0,1,1
"CDH15","s1319_F_GON_01_ASEReadCounter.table","NW_015090842.1:9848310",0,1,1
"CDH15","s1319_F_GON_01_ASEReadCounter.table","NW_015090842.1:9848313",0,1,1
"CDH15","s1319_F_GON_01_ASEReadCounter.table","NW_015090842.1:9848531",0,2,2
"CDH15","s1319_F_GON_01_ASEReadCounter.table","NW_015090842.1:9848552",0,1,1
"CDH15","s1319_F_GON_01_ASEReadCounter.table","NW_015090842.1:9848888",1,1,0
"CDH15","s1319_F_GON_01_ASEReadCounter.table","NW_015090842.1:9848936",1,1,0
"CDH15","s1319_F_GON_01_ASEReadCounter.table","NW_015090842.1:9849119",0,2,2
"CDH15","s1319_F_GON_01_ASEReadCounter.table","NW_015090842.1:9849140",0,2,2
"CDH15","s1319_F_GON_01_ASEReadCounter.table","NW_015090842.1:9850386",2,3,1
"CDH15","s1319_F_GON_01_ASEReadCounter.table","NW_015090842.1:9850432",0,1,1
"CDH15","s1319_F_GON_01_ASEReadCounter.table","NW_015090842.1:9850609",1,1,0
"SLC22A31","s1319_F_GON_01_ASEReadCounter.table","NW_015090842.1:9850797",0,3,3
"SLC22A31","s1319_F_GON_01_ASEReadCounter.table","NW_015090842.1:9850818",0,3,3
"SLC22A31","s1319_F_GON_01_ASEReadCounter.table","NW_015090842.1:9850929",0,3,3
"SLC22A31","s1319_F_GON_01_ASEReadCounter.table","NW_015090842.1:9850936",0,3,3
"SLC22A31","s1319_F_GON_01_ASEReadCounter.table","NW_015090842.1:9850940",0,3,3
"SLC22A31","s1319_F_GON_01_ASEReadCounter.table","NW_015090842.1:9850948",0,3,3
"SLC22A31","s1319_F_GON_01_ASEReadCounter.table","NW_015090842.1:9850961",0,1,1
"SLC22A31","s1319_F_GON_01_ASEReadCounter.table","NW_015090842.1:9850970",0,1,1
"SLC22A31","s1319_F_GON_01_ASEReadCounter.table","NW_015090842.1:9850978",0,1,1
"SLC22A31","s1319_F_GON_01_ASEReadCounter.table","NW_015090842.1:9850981",0,1,1
"SLC22A31","s1319_F_GON_01_ASEReadCounter.table","NW_015090842.1:9851117",29,37,8
"SLC22A31","s1319_F_GON_01_ASEReadCounter.table","NW_015090842.1:9851130",31,39,8
"SLC22A31","s1319_F_GON_01_ASEReadCounter.table","NW_015090842.1:9851139",31,39,8
"SLC22A31","s1319_F_GON_01_ASEReadCounter.table","NW_015090842.1:9851265",51,79,28
"SLC22A31","s1319_F_GON_01_ASEReadCounter.table","NW_015090842.1:9851302",41,68,27
"SLC22A31","s1319_F_GON_01_ASEReadCounter.table","NW_015090842.1:9851303",44,69,25
"SLC22A31","s1319_F_GON_01_ASEReadCounter.table","NW_015090842.1:9851305",44,71,27
"SLC22A31","s1319_F_GON_01_ASEReadCounter.table","NW_015090842.1:9851343",39,55,16
"SLC22A31","s1319_F_GON_01_ASEReadCounter.table","NW_015090842.1:9851344",45,61,16
"SLC22A31","s1319_F_GON_01_ASEReadCounter.table","NW_015090842.1:9851361",59,59,0
"SLC22A31","s1319_F_GON_01_ASEReadCounter.table","NW_015090842.1:9851381",56,78,22
"SLC22A31","s1319_F_GON_01_ASEReadCounter.table","NW_015090842.1:9851421",64,88,24
"SLC22A31","s1319_F_GON_01_ASEReadCounter.table","NW_015090842.1:9851501",52,82,30
"SLC22A31","s1319_F_GON_01_ASEReadCounter.table","NW_015090842.1:9851526",65,109,44
"SLC22A31","s1319_F_GON_01_ASEReadCounter.table","NW_015090842.1:9851589",74,114,40
"SLC22A31","s1319_F_GON_01_ASEReadCounter.table","NW_015090842.1:9851712",85,126,41
"SLC22A31","s1319_F_GON_01_ASEReadCounter.table","NW_015090842.1:9851899",63,102,39
"SLC22A31","s1319_F_GON_01_ASEReadCounter.table","NW_015090842.1:9852139",75,116,41
"SLC22A31","s1319_F_GON_01_ASEReadCounter.table","NW_015090842.1:9852380",82,139,57
"SLC22A31","s1319_F_GON_01_ASEReadCounter.table","NW_015090842.1:9852431",56,85,29
"SLC22A31","s1319_F_GON_01_ASEReadCounter.table","NW_015090842.1:9852630",50,78,28
"SLC22A31","s1319_F_GON_01_ASEReadCounter.table","NW_015090842.1:9852711",31,54,23
"SLC22A31","s1319_F_GON_01_ASEReadCounter.table","NW_015090842.1:9853099",41,65,24
"SLC22A31","s1319_F_GON_01_ASEReadCounter.table","NW_015090842.1:9853102",42,66,24
"SLC22A31","s1319_F_GON_01_ASEReadCounter.table","NW_015090842.1:9853421",55,56,1
"SLC22A31","s1319_F_GON_01_ASEReadCounter.table","NW_015090842.1:9853457",56,57,1
"SLC22A31","s1319_F_GON_01_ASEReadCounter.table","NW_015090842.1:9853502",40,40,0
"ANKRD11","s1319_F_GON_01_ASEReadCounter.table","NW_015090842.1:9858863",3,6,3
"ANKRD11","s1319_F_GON_01_ASEReadCounter.table","NW_015090842.1:9859101",7,23,16
"ANKRD11","s1319_F_GON_01_ASEReadCounter.table","NW_015090842.1:9859352",8,26,18
"ANKRD11","s1319_F_GON_01_ASEReadCounter.table","NW_015090842.1:9859381",5,19,14
"ANKRD11","s1319_F_GON_01_ASEReadCounter.table","NW_015090842.1:9859679",12,23,11
"ANKRD11","s1319_F_GON_01_ASEReadCounter.table","NW_015090842.1:9861097",11,24,13
"ANKRD11","s1319_F_GON_01_ASEReadCounter.table","NW_015090842.1:9862571",6,10,4
"ANKRD11","s1319_F_GON_01_ASEReadCounter.table","NW_015090842.1:9862652",4,9,5
"ANKRD11","s1319_F_GON_01_ASEReadCounter.table","NW_015090842.1:9866071",0,10,10
"ANKRD11","s1319_F_GON_01_ASEReadCounter.table","NW_015090842.1:9866200",0,6,6
"ANKRD11","s1319_F_GON_01_ASEReadCounter.table","NW_015090842.1:9867391",0,6,6
"ANKRD11","s1319_F_GON_01_ASEReadCounter.table","NW_015090842.1:9867472",7,12,5
"ANKRD11","s1319_F_GON_01_ASEReadCounter.table","NW_015090842.1:9867559",12,20,8
"ANKRD11","s1319_F_GON_01_ASEReadCounter.table","NW_015090842.1:9867667",8,17,9
"ANKRD11","s1319_F_GON_01_ASEReadCounter.table","NW_015090842.1:9867934",5,12,7
"ANKRD11","s1319_F_GON_01_ASEReadCounter.table","NW_015090842.1:9868064",5,7,2
"ANKRD11","s1319_F_GON_01_ASEReadCounter.table","NW_015090842.1:9868093",4,6,2
"ANKRD11","s1319_F_GON_01_ASEReadCounter.table","NW_015090842.1:9868222",4,13,9
"ANKRD11","s1319_F_GON_01_ASEReadCounter.table","NW_015090842.1:9868327",6,16,10
"ANKRD11","s1319_F_GON_01_ASEReadCounter.table","NW_015090842.1:9868414",1,9,8
"ANKRD11","s1319_F_GON_01_ASEReadCounter.table","NW_015090842.1:9868441",1,7,6
"ANKRD11","s1319_F_GON_01_ASEReadCounter.table","NW_015090842.1:9868444",1,8,7
"ANKRD11","s1319_F_GON_01_ASEReadCounter.table","NW_015090842.1:9868519",2,12,10
"ANKRD11","s1319_F_GON_01_ASEReadCounter.table","NW_015090842.1:9868609",4,12,8
"ANKRD11","s1319_F_GON_01_ASEReadCounter.table","NW_015090842.1:9868666",3,10,7
"ANKRD11","s1319_F_GON_01_ASEReadCounter.table","NW_015090842.1:9868738",19,19,0
"ANKRD11","s1319_F_GON_01_ASEReadCounter.table","NW_015090842.1:9869431",1,8,7
"ANKRD11","s1319_F_GON_01_ASEReadCounter.table","NW_015090842.1:9869578",5,16,11
"ANKRD11","s1319_F_GON_01_ASEReadCounter.table","NW_015090842.1:9869734",8,23,15
"ANKRD11","s1319_F_GON_01_ASEReadCounter.table","NW_015090842.1:9870070",6,10,4
"ANKRD11","s1319_F_GON_01_ASEReadCounter.table","NW_015090842.1:9870349",3,8,5
"ANKRD11","s1319_F_GON_01_ASEReadCounter.table","NW_015090842.1:9870604",5,9,4
"ANKRD11","s1319_F_GON_01_ASEReadCounter.table","NW_015090842.1:9870613",6,13,7
"ANKRD11","s1319_F_GON_01_ASEReadCounter.table","NW_015090842.1:9870685",5,16,11
"ANKRD11","s1319_F_GON_01_ASEReadCounter.table","NW_015090842.1:9870760",3,8,5
"ANKRD11","s1319_F_GON_01_ASEReadCounter.table","NW_015090842.1:9870847",1,11,10
"ANKRD11","s1319_F_GON_01_ASEReadCounter.table","NW_015090842.1:9871103",3,6,3
"ANKRD11","s1319_F_GON_01_ASEReadCounter.table","NW_015090842.1:9871165",5,9,4
"ANKRD11","s1319_F_GON_01_ASEReadCounter.table","NW_015090842.1:9871508",12,12,0
"ANKRD11","s1319_F_GON_01_ASEReadCounter.table","NW_015090842.1:9871820",2,6,4
"ANKRD11","s1319_F_GON_01_ASEReadCounter.table","NW_015090842.1:9872118",2,3,1
"ANKRD11","s1319_F_GON_01_ASEReadCounter.table","NW_015090842.1:9877406",3,5,2
"SPG7","s1319_F_GON_01_ASEReadCounter.table","NW_015090842.1:10051190",86,206,120
"SPG7","s1319_F_GON_01_ASEReadCounter.table","NW_015090842.1:10051218",102,252,150
"SPG7","s1319_F_GON_01_ASEReadCounter.table","NW_015090842.1:10052348",122,273,151
"SPG7","s1319_F_GON_01_ASEReadCounter.table","NW_015090842.1:10052366",130,278,148
"SPG7","s1319_F_GON_01_ASEReadCounter.table","NW_015090842.1:10065173",117,264,147
"SPG7","s1319_F_GON_01_ASEReadCounter.table","NW_015090842.1:10065215",108,229,121
"SPG7","s1319_F_GON_01_ASEReadCounter.table","NW_015090842.1:10066365",94,205,111
"SPG7","s1319_F_GON_01_ASEReadCounter.table","NW_015090842.1:10069752",116,259,143
"SPG7","s1319_F_GON_01_ASEReadCounter.table","NW_015090842.1:10069800",121,274,153
"SPG7","s1319_F_GON_01_ASEReadCounter.table","NW_015090842.1:10071192",149,332,183
"SPG7","s1319_F_GON_01_ASEReadCounter.table","NW_015090842.1:10071219",135,296,161
"SPG7","s1319_F_GON_01_ASEReadCounter.table","NW_015090842.1:10071967",103,238,135
"SPG7","s1319_F_GON_01_ASEReadCounter.table","NW_015090842.1:10075109",168,343,175
"SPG7","s1319_F_GON_01_ASEReadCounter.table","NW_015090842.1:10075114",172,341,169
"SPG7","s1319_F_GON_01_ASEReadCounter.table","NW_015090842.1:10075198",131,260,129
"SPG7","s1319_F_GON_01_ASEReadCounter.table","NW_015090842.1:10075487",96,234,138
"SPG7","s1319_F_GON_01_ASEReadCounter.table","NW_015090842.1:10075488",95,234,139
"SPG7","s1319_F_GON_01_ASEReadCounter.table","NW_015090842.1:10075548",68,158,90
"RPL13","s1319_F_GON_01_ASEReadCounter.table","NW_015090842.1:10077387",719,1407,688
"RPL13","s1319_F_GON_01_ASEReadCounter.table","NW_015090842.1:10077978",1024,2020,996
"RPL13","s1319_F_GON_01_ASEReadCounter.table","NW_015090842.1:10077992",987,1924,937
"CPNE7","s1319_F_GON_01_ASEReadCounter.table","NW_015090842.1:10084001",2,4,2
"CPNE7","s1319_F_GON_01_ASEReadCounter.table","NW_015090842.1:10084856",2,3,1
"CPNE7","s1319_F_GON_01_ASEReadCounter.table","NW_015090842.1:10084872",2,3,1
"CPNE7","s1319_F_GON_01_ASEReadCounter.table","NW_015090842.1:10084892",4,6,2
"CPNE7","s1319_F_GON_01_ASEReadCounter.table","NW_015090842.1:10084921",4,6,2
"CPNE7","s1319_F_GON_01_ASEReadCounter.table","NW_015090842.1:10084935",3,5,2
"CPNE7","s1319_F_GON_01_ASEReadCounter.table","NW_015090842.1:10085000",2,3,1
"CPNE7","s1319_F_GON_01_ASEReadCounter.table","NW_015090842.1:10085089",2,2,0
"CPNE7","s1319_F_GON_01_ASEReadCounter.table","NW_015090842.1:10085096",2,2,0
"CPNE7","s1319_F_GON_01_ASEReadCounter.table","NW_015090842.1:10085126",2,2,0
"CPNE7","s1319_F_GON_01_ASEReadCounter.table","NW_015090842.1:10085167",2,2,0
"CPNE7","s1319_F_GON_01_ASEReadCounter.table","NW_015090842.1:10085180",1,2,1
"CPNE7","s1319_F_GON_01_ASEReadCounter.table","NW_015090842.1:10085201",2,3,1
"CPNE7","s1319_F_GON_01_ASEReadCounter.table","NW_015090842.1:10088134",2,4,2
"CPNE7","s1319_F_GON_01_ASEReadCounter.table","NW_015090842.1:10088146",2,4,2
"CPNE7","s1319_F_GON_01_ASEReadCounter.table","NW_015090842.1:10088806",4,8,4
"CPNE7","s1319_F_GON_01_ASEReadCounter.table","NW_015090842.1:10088940",3,6,3
"CPNE7","s1319_F_GON_01_ASEReadCounter.table","NW_015090842.1:10088965",4,7,3
"CPNE7","s1319_F_GON_01_ASEReadCounter.table","NW_015090842.1:10088967",4,7,3
"CPNE7","s1319_F_GON_01_ASEReadCounter.table","NW_015090842.1:10088973",5,8,3
"CPNE7","s1319_F_GON_01_ASEReadCounter.table","NW_015090842.1:10090924",9,13,4
"CPNE7","s1319_F_GON_01_ASEReadCounter.table","NW_015090842.1:10090930",9,13,4
"CPNE7","s1319_F_GON_01_ASEReadCounter.table","NW_015090842.1:10091075",6,13,7
"CPNE7","s1319_F_GON_01_ASEReadCounter.table","NW_015090842.1:10091389",7,13,6
"CPNE7","s1319_F_GON_01_ASEReadCounter.table","NW_015090842.1:10091407",5,10,5
"CPNE7","s1319_F_GON_01_ASEReadCounter.table","NW_015090842.1:10091488",13,13,0
"CPNE7","s1319_F_GON_01_ASEReadCounter.table","NW_015090842.1:10091491",14,14,0
"CPNE7","s1319_F_GON_01_ASEReadCounter.table","NW_015090842.1:10091530",7,12,5
"CPNE7","s1319_F_GON_01_ASEReadCounter.table","NW_015090842.1:10091875",5,7,2
"CPNE7","s1319_F_GON_01_ASEReadCounter.table","NW_015090842.1:10091983",3,6,3
"CPNE7","s1319_F_GON_01_ASEReadCounter.table","NW_015090842.1:10091997",3,7,4
"CPNE7","s1319_F_GON_01_ASEReadCounter.table","NW_015090842.1:10092038",0,4,4
"CPNE7","s1319_F_GON_01_ASEReadCounter.table","NW_015090842.1:10092140",1,2,1
"CPNE7","s1319_F_GON_01_ASEReadCounter.table","NW_015090842.1:10092183",1,3,2
"CPNE7","s1319_F_GON_01_ASEReadCounter.table","NW_015090842.1:10092201",1,3,2
"CPNE7","s1319_F_GON_01_ASEReadCounter.table","NW_015090842.1:10092230",0,1,1
"CPNE7","s1319_F_GON_01_ASEReadCounter.table","NW_015090842.1:10092246",0,1,1
"LOC106888185","s1319_F_GON_01_ASEReadCounter.table","NW_015090842.1:10094965",2,9,7
"LOC106888185","s1319_F_GON_01_ASEReadCounter.table","NW_015090842.1:10094966",2,9,7
"LOC106888185","s1319_F_GON_01_ASEReadCounter.table","NW_015090842.1:10094985",2,10,8
"LOC106888185","s1319_F_GON_01_ASEReadCounter.table","NW_015090842.1:10095055",0,5,5
"LOC106888185","s1319_F_GON_01_ASEReadCounter.table","NW_015090842.1:10095062",0,4,4
"LOC106888185","s1319_F_GON_01_ASEReadCounter.table","NW_015090842.1:10095130",2,11,9
"LOC106888185","s1319_F_GON_01_ASEReadCounter.table","NW_015090842.1:10095265",29,52,23
"LOC106888185","s1319_F_GON_01_ASEReadCounter.table","NW_015090842.1:10095586",20,57,37
"LOC106888185","s1319_F_GON_01_ASEReadCounter.table","NW_015090842.1:10095593",23,60,37
"LOC106888185","s1319_F_GON_01_ASEReadCounter.table","NW_015090842.1:10095616",20,52,32
"LOC106888185","s1319_F_GON_01_ASEReadCounter.table","NW_015090842.1:10095662",16,44,28
"LOC106888185","s1319_F_GON_01_ASEReadCounter.table","NW_015090842.1:10095674",12,35,23
"LOC106888185","s1319_F_GON_01_ASEReadCounter.table","NW_015090842.1:10095786",21,42,21
"LOC106888185","s1319_F_GON_01_ASEReadCounter.table","NW_015090842.1:10095831",19,43,24
"LOC106888185","s1319_F_GON_01_ASEReadCounter.table","NW_015090842.1:10096230",18,44,26
"LOC106888185","s1319_F_GON_01_ASEReadCounter.table","NW_015090842.1:10096249",25,53,28
"LOC106888185","s1319_F_GON_01_ASEReadCounter.table","NW_015090842.1:10096272",27,56,29
"LOC106888185","s1319_F_GON_01_ASEReadCounter.table","NW_015090842.1:10096288",27,54,27
"LOC106888185","s1319_F_GON_01_ASEReadCounter.table","NW_015090842.1:10097248",30,59,29
"LOC106888185","s1319_F_GON_01_ASEReadCounter.table","NW_015090842.1:10097265",31,71,40
"LOC106888185","s1319_F_GON_01_ASEReadCounter.table","NW_015090842.1:10097446",5,13,8
"DPEP1","s1319_F_GON_01_ASEReadCounter.table","NW_015090842.1:10098017",2,6,4
"DPEP1","s1319_F_GON_01_ASEReadCounter.table","NW_015090842.1:10098518",0,8,8
"DPEP1","s1319_F_GON_01_ASEReadCounter.table","NW_015090842.1:10098595",2,15,13
"DPEP1","s1319_F_GON_01_ASEReadCounter.table","NW_015090842.1:10098597",2,14,12
"DPEP1","s1319_F_GON_01_ASEReadCounter.table","NW_015090842.1:10098601",2,14,12
"DPEP1","s1319_F_GON_01_ASEReadCounter.table","NW_015090842.1:10098608",2,15,13
"DPEP1","s1319_F_GON_01_ASEReadCounter.table","NW_015090842.1:10098630",2,15,13
"DPEP1","s1319_F_GON_01_ASEReadCounter.table","NW_015090842.1:10098659",3,17,14
"DPEP1","s1319_F_GON_01_ASEReadCounter.table","NW_015090842.1:10099765",8,29,21
"DPEP1","s1319_F_GON_01_ASEReadCounter.table","NW_015090842.1:10099985",5,26,21
"DPEP1","s1319_F_GON_01_ASEReadCounter.table","NW_015090842.1:10099986",5,25,20
"DPEP1","s1319_F_GON_01_ASEReadCounter.table","NW_015090842.1:10099991",5,27,22
"DPEP1","s1319_F_GON_01_ASEReadCounter.table","NW_015090842.1:10100044",4,32,28
"DPEP1","s1319_F_GON_01_ASEReadCounter.table","NW_015090842.1:10100045",4,32,28
"DPEP1","s1319_F_GON_01_ASEReadCounter.table","NW_015090842.1:10100084",7,34,27
"DPEP1","s1319_F_GON_01_ASEReadCounter.table","NW_015090842.1:10100295",4,29,25
"DPEP1","s1319_F_GON_01_ASEReadCounter.table","NW_015090842.1:10100529",8,30,22
"DPEP1","s1319_F_GON_01_ASEReadCounter.table","NW_015090842.1:10100893",8,24,16
"DPEP1","s1319_F_GON_01_ASEReadCounter.table","NW_015090842.1:10100902",8,25,17
"DPEP1","s1319_F_GON_01_ASEReadCounter.table","NW_015090842.1:10101072",3,30,27
"DPEP1","s1319_F_GON_01_ASEReadCounter.table","NW_015090842.1:10101199",2,30,28
"DPEP1","s1319_F_GON_01_ASEReadCounter.table","NW_015090842.1:10101483",4,17,13
"DPEP1","s1319_F_GON_01_ASEReadCounter.table","NW_015090842.1:10101497",5,22,17
"DPEP1","s1319_F_GON_01_ASEReadCounter.table","NW_015090842.1:10101525",6,27,21
"DPEP1","s1319_F_GON_01_ASEReadCounter.table","NW_015090842.1:10101875",2,25,23
"DPEP1","s1319_F_GON_01_ASEReadCounter.table","NW_015090842.1:10101913",2,14,12
"DPEP1","s1319_F_GON_01_ASEReadCounter.table","NW_015090842.1:10101996",7,22,15
"DPEP1","s1319_F_GON_01_ASEReadCounter.table","NW_015090842.1:10102014",6,19,13
"DPEP1","s1319_F_GON_01_ASEReadCounter.table","NW_015090842.1:10102035",5,15,10
"CHMP1A","s1319_F_GON_01_ASEReadCounter.table","NW_015090842.1:10102901",102,262,160
"CHMP1A","s1319_F_GON_01_ASEReadCounter.table","NW_015090842.1:10102961",75,261,186
"CHMP1A","s1319_F_GON_01_ASEReadCounter.table","NW_015090842.1:10102996",67,237,170
"CHMP1A","s1319_F_GON_01_ASEReadCounter.table","NW_015090842.1:10103004",76,245,169
"CHMP1A","s1319_F_GON_01_ASEReadCounter.table","NW_015090842.1:10103006",75,246,171
"CHMP1A","s1319_F_GON_01_ASEReadCounter.table","NW_015090842.1:10103052",117,320,203
"CHMP1A","s1319_F_GON_01_ASEReadCounter.table","NW_015090842.1:10103095",122,318,196
"CHMP1A","s1319_F_GON_01_ASEReadCounter.table","NW_015090842.1:10103096",124,325,201
"CHMP1A","s1319_F_GON_01_ASEReadCounter.table","NW_015090842.1:10103152",111,248,137
"CHMP1A","s1319_F_GON_01_ASEReadCounter.table","NW_015090842.1:10103173",123,257,134
"CHMP1A","s1319_F_GON_01_ASEReadCounter.table","NW_015090842.1:10103334",100,204,104
"CHMP1A","s1319_F_GON_01_ASEReadCounter.table","NW_015090842.1:10103373",61,182,121
"CHMP1A","s1319_F_GON_01_ASEReadCounter.table","NW_015090842.1:10103408",98,253,155
"CHMP1A","s1319_F_GON_01_ASEReadCounter.table","NW_015090842.1:10103412",103,253,150
"CHMP1A","s1319_F_GON_01_ASEReadCounter.table","NW_015090842.1:10103512",142,302,160
"CHMP1A","s1319_F_GON_01_ASEReadCounter.table","NW_015090842.1:10103513",140,303,163
"CHMP1A","s1319_F_GON_01_ASEReadCounter.table","NW_015090842.1:10103583",103,235,132
"CHMP1A","s1319_F_GON_01_ASEReadCounter.table","NW_015090842.1:10103614",112,239,127
"CHMP1A","s1319_F_GON_01_ASEReadCounter.table","NW_015090842.1:10103657",109,237,128
"CHMP1A","s1319_F_GON_01_ASEReadCounter.table","NW_015090842.1:10103669",84,214,130
"CHMP1A","s1319_F_GON_01_ASEReadCounter.table","NW_015090842.1:10103674",91,205,114
"CHMP1A","s1319_F_GON_01_ASEReadCounter.table","NW_015090842.1:10103677",89,204,115
"CHMP1A","s1319_F_GON_01_ASEReadCounter.table","NW_015090842.1:10103729",121,245,124
"CHMP1A","s1319_F_GON_01_ASEReadCounter.table","NW_015090842.1:10103758",117,228,111
"CHMP1A","s1319_F_GON_01_ASEReadCounter.table","NW_015090842.1:10103761",117,229,112
"CHMP1A","s1319_F_GON_01_ASEReadCounter.table","NW_015090842.1:10103788",119,262,143
"CHMP1A","s1319_F_GON_01_ASEReadCounter.table","NW_015090842.1:10103789",119,263,144
"CHMP1A","s1319_F_GON_01_ASEReadCounter.table","NW_015090842.1:10103790",118,260,142
"CHMP1A","s1319_F_GON_01_ASEReadCounter.table","NW_015090842.1:10103950",129,267,138
"CHMP1A","s1319_F_GON_01_ASEReadCounter.table","NW_015090842.1:10104335",108,202,94
"CHMP1A","s1319_F_GON_01_ASEReadCounter.table","NW_015090842.1:10104429",165,297,132
"CHMP1A","s1319_F_GON_01_ASEReadCounter.table","NW_015090842.1:10104532",162,312,150
"CHMP1A","s1319_F_GON_01_ASEReadCounter.table","NW_015090842.1:10104633",128,244,116
"CHMP1A","s1319_F_GON_01_ASEReadCounter.table","NW_015090842.1:10104759",122,262,140
"CHMP1A","s1319_F_GON_01_ASEReadCounter.table","NW_015090842.1:10104794",146,288,142
"CHMP1A","s1319_F_GON_01_ASEReadCounter.table","NW_015090842.1:10104841",234,234,0
"CHMP1A","s1319_F_GON_01_ASEReadCounter.table","NW_015090842.1:10104844",103,224,121
"CHMP1A","s1319_F_GON_01_ASEReadCounter.table","NW_015090842.1:10106242",115,252,137
"CHMP1A","s1319_F_GON_01_ASEReadCounter.table","NW_015090842.1:10106290",125,263,138
"CHMP1A","s1319_F_GON_01_ASEReadCounter.table","NW_015090842.1:10106335",148,284,136
"CHMP1A","s1319_F_GON_01_ASEReadCounter.table","NW_015090842.1:10106383",200,384,184
"CHMP1A","s1319_F_GON_01_ASEReadCounter.table","NW_015090842.1:10106747",200,378,178
"CHMP1A","s1319_F_GON_01_ASEReadCounter.table","NW_015090842.1:10107404",163,346,183
"CHMP1A","s1319_F_GON_01_ASEReadCounter.table","NW_015090842.1:10107876",148,307,159
"CDK10","s1319_F_GON_01_ASEReadCounter.table","NW_015090842.1:10109030",31,36,5
"CDK10","s1319_F_GON_01_ASEReadCounter.table","NW_015090842.1:10109963",114,289,175
"CDK10","s1319_F_GON_01_ASEReadCounter.table","NW_015090842.1:10110887",92,221,129
"CDK10","s1319_F_GON_01_ASEReadCounter.table","NW_015090842.1:10111254",75,200,125
"CDK10","s1319_F_GON_01_ASEReadCounter.table","NW_015090842.1:10111380",78,233,155
"CDK10","s1319_F_GON_01_ASEReadCounter.table","NW_015090842.1:10111395",79,229,150
"CDK10","s1319_F_GON_01_ASEReadCounter.table","NW_015090842.1:10111437",45,194,149
"CDK10","s1319_F_GON_01_ASEReadCounter.table","NW_015090842.1:10111798",88,236,148
"CDK10","s1319_F_GON_01_ASEReadCounter.table","NW_015090842.1:10111840",102,233,131
"CDK10","s1319_F_GON_01_ASEReadCounter.table","NW_015090842.1:10112031",115,271,156
"CDK10","s1319_F_GON_01_ASEReadCounter.table","NW_015090842.1:10112285",102,247,145
"CDK10","s1319_F_GON_01_ASEReadCounter.table","NW_015090842.1:10112398",103,253,150
"CDK10","s1319_F_GON_01_ASEReadCounter.table","NW_015090842.1:10112455",85,208,123
"CDK10","s1319_F_GON_01_ASEReadCounter.table","NW_015090842.1:10112461",76,186,110
"CDK10","s1319_F_GON_01_ASEReadCounter.table","NW_015090842.1:10112497",67,163,96
"CDK10","s1319_F_GON_01_ASEReadCounter.table","NW_015090842.1:10112508",61,163,102
"CDK10","s1319_F_GON_01_ASEReadCounter.table","NW_015090842.1:10112518",51,149,98
"CDK10","s1319_F_GON_01_ASEReadCounter.table","NW_015090842.1:10112540",18,130,112
"CDK10","s1319_F_GON_01_ASEReadCounter.table","NW_015090842.1:10112556",50,163,113
"CDK10","s1319_F_GON_01_ASEReadCounter.table","NW_015090842.1:10112561",52,182,130
"CDK10","s1319_F_GON_01_ASEReadCounter.table","NW_015090842.1:10112596",54,190,136
"CDK10","s1319_F_GON_01_ASEReadCounter.table","NW_015090842.1:10112630",58,159,101
"CDK10","s1319_F_GON_01_ASEReadCounter.table","NW_015090842.1:10112656",56,150,94
"CDK10","s1319_F_GON_01_ASEReadCounter.table","NW_015090842.1:10112665",48,110,62
"CDK10","s1319_F_GON_01_ASEReadCounter.table","NW_015090842.1:10112668",48,105,57
"CDK10","s1319_F_GON_01_ASEReadCounter.table","NW_015090842.1:10112781",27,71,44
"CDK10","s1319_F_GON_01_ASEReadCounter.table","NW_015090842.1:10112782",27,71,44
"CDK10","s1319_F_GON_01_ASEReadCounter.table","NW_015090842.1:10112795",26,68,42
"CDK10","s1319_F_GON_01_ASEReadCounter.table","NW_015090842.1:10112841",12,22,10
"CDK10","s1319_F_GON_01_ASEReadCounter.table","NW_015090842.1:10112861",10,19,9
"SPATA2L","s1319_F_GON_01_ASEReadCounter.table","NW_015090842.1:10113212",6,14,8
"SPATA2L","s1319_F_GON_01_ASEReadCounter.table","NW_015090842.1:10113280",14,30,16
"SPATA2L","s1319_F_GON_01_ASEReadCounter.table","NW_015090842.1:10113296",13,30,17
"SPATA2L","s1319_F_GON_01_ASEReadCounter.table","NW_015090842.1:10113321",12,31,19
"SPATA2L","s1319_F_GON_01_ASEReadCounter.table","NW_015090842.1:10113332",15,35,20
"SPATA2L","s1319_F_GON_01_ASEReadCounter.table","NW_015090842.1:10113380",7,26,19
"SPATA2L","s1319_F_GON_01_ASEReadCounter.table","NW_015090842.1:10113381",7,27,20
"SPATA2L","s1319_F_GON_01_ASEReadCounter.table","NW_015090842.1:10113412",9,31,22
"SPATA2L","s1319_F_GON_01_ASEReadCounter.table","NW_015090842.1:10113421",8,30,22
"SPATA2L","s1319_F_GON_01_ASEReadCounter.table","NW_015090842.1:10113465",6,27,21
"SPATA2L","s1319_F_GON_01_ASEReadCounter.table","NW_015090842.1:10113535",7,30,23
"SPATA2L","s1319_F_GON_01_ASEReadCounter.table","NW_015090842.1:10113645",13,32,19
"SPATA2L","s1319_F_GON_01_ASEReadCounter.table","NW_015090842.1:10113682",15,40,25
"SPATA2L","s1319_F_GON_01_ASEReadCounter.table","NW_015090842.1:10113696",14,40,26
"SPATA2L","s1319_F_GON_01_ASEReadCounter.table","NW_015090842.1:10113727",14,41,27
"SPATA2L","s1319_F_GON_01_ASEReadCounter.table","NW_015090842.1:10113799",14,33,19
"SPATA2L","s1319_F_GON_01_ASEReadCounter.table","NW_015090842.1:10113809",18,39,21
"SPATA2L","s1319_F_GON_01_ASEReadCounter.table","NW_015090842.1:10113827",21,41,20
"SPATA2L","s1319_F_GON_01_ASEReadCounter.table","NW_015090842.1:10113831",21,41,20
"SPATA2L","s1319_F_GON_01_ASEReadCounter.table","NW_015090842.1:10113894",18,36,18
"SPATA2L","s1319_F_GON_01_ASEReadCounter.table","NW_015090842.1:10113905",17,37,20
"SPATA2L","s1319_F_GON_01_ASEReadCounter.table","NW_015090842.1:10113914",14,34,20
"SPATA2L","s1319_F_GON_01_ASEReadCounter.table","NW_015090842.1:10113920",16,38,22
"SPATA2L","s1319_F_GON_01_ASEReadCounter.table","NW_015090842.1:10113937",20,43,23
"SPATA2L","s1319_F_GON_01_ASEReadCounter.table","NW_015090842.1:10113971",14,35,21
"SPATA2L","s1319_F_GON_01_ASEReadCounter.table","NW_015090842.1:10113976",11,35,24
"SPATA2L","s1319_F_GON_01_ASEReadCounter.table","NW_015090842.1:10113985",12,31,19
"SPATA2L","s1319_F_GON_01_ASEReadCounter.table","NW_015090842.1:10113994",15,37,22
"SPATA2L","s1319_F_GON_01_ASEReadCounter.table","NW_015090842.1:10114063",9,26,17
"SPATA2L","s1319_F_GON_01_ASEReadCounter.table","NW_015090842.1:10114066",8,26,18
"SPATA2L","s1319_F_GON_01_ASEReadCounter.table","NW_015090842.1:10114069",9,27,18
"SPATA2L","s1319_F_GON_01_ASEReadCounter.table","NW_015090842.1:10114121",13,24,11
"SPATA2L","s1319_F_GON_01_ASEReadCounter.table","NW_015090842.1:10114159",13,30,17
"SPATA2L","s1319_F_GON_01_ASEReadCounter.table","NW_015090842.1:10114282",14,36,22
"SPATA2L","s1319_F_GON_01_ASEReadCounter.table","NW_015090842.1:10114470",5,24,19
"SPATA2L","s1319_F_GON_01_ASEReadCounter.table","NW_015090842.1:10114524",4,21,17
"VPS9D1","s1319_F_GON_01_ASEReadCounter.table","NW_015090842.1:10116377",11,26,15
"VPS9D1","s1319_F_GON_01_ASEReadCounter.table","NW_015090842.1:10116415",12,31,19
"VPS9D1","s1319_F_GON_01_ASEReadCounter.table","NW_015090842.1:10116607",11,23,12
"VPS9D1","s1319_F_GON_01_ASEReadCounter.table","NW_015090842.1:10116816",11,11,0
"VPS9D1","s1319_F_GON_01_ASEReadCounter.table","NW_015090842.1:10116821",7,11,4
"VPS9D1","s1319_F_GON_01_ASEReadCounter.table","NW_015090842.1:10116825",6,10,4
"VPS9D1","s1319_F_GON_01_ASEReadCounter.table","NW_015090842.1:10116882",4,8,4
"VPS9D1","s1319_F_GON_01_ASEReadCounter.table","NW_015090842.1:10116885",4,8,4
"VPS9D1","s1319_F_GON_01_ASEReadCounter.table","NW_015090842.1:10116933",4,13,9
"VPS9D1","s1319_F_GON_01_ASEReadCounter.table","NW_015090842.1:10116942",4,11,7
"VPS9D1","s1319_F_GON_01_ASEReadCounter.table","NW_015090842.1:10117152",7,14,7
"VPS9D1","s1319_F_GON_01_ASEReadCounter.table","NW_015090842.1:10117396",12,12,0
"VPS9D1","s1319_F_GON_01_ASEReadCounter.table","NW_015090842.1:10117405",11,11,0
"VPS9D1","s1319_F_GON_01_ASEReadCounter.table","NW_015090842.1:10117480",6,7,1
"VPS9D1","s1319_F_GON_01_ASEReadCounter.table","NW_015090842.1:10117497",4,5,1
"VPS9D1","s1319_F_GON_01_ASEReadCounter.table","NW_015090842.1:10117499",3,4,1
"VPS9D1","s1319_F_GON_01_ASEReadCounter.table","NW_015090842.1:10117516",4,5,1
"VPS9D1","s1319_F_GON_01_ASEReadCounter.table","NW_015090842.1:10117525",5,6,1
"VPS9D1","s1319_F_GON_01_ASEReadCounter.table","NW_015090842.1:10117579",1,4,3
"VPS9D1","s1319_F_GON_01_ASEReadCounter.table","NW_015090842.1:10117627",4,9,5
"VPS9D1","s1319_F_GON_01_ASEReadCounter.table","NW_015090842.1:10117678",4,11,7
"VPS9D1","s1319_F_GON_01_ASEReadCounter.table","NW_015090842.1:10117773",7,9,2
"VPS9D1","s1319_F_GON_01_ASEReadCounter.table","NW_015090842.1:10117937",6,18,12
"VPS9D1","s1319_F_GON_01_ASEReadCounter.table","NW_015090842.1:10117961",9,20,11
"VPS9D1","s1319_F_GON_01_ASEReadCounter.table","NW_015090842.1:10118236",8,20,12
"VPS9D1","s1319_F_GON_01_ASEReadCounter.table","NW_015090842.1:10118414",8,16,8
"VPS9D1","s1319_F_GON_01_ASEReadCounter.table","NW_015090842.1:10118973",17,25,8
"VPS9D1","s1319_F_GON_01_ASEReadCounter.table","NW_015090842.1:10119500",5,11,6
"ZNF276","s1319_F_GON_01_ASEReadCounter.table","NW_015090842.1:10121760",3,9,6
"ZNF276","s1319_F_GON_01_ASEReadCounter.table","NW_015090842.1:10121769",3,9,6
"ZNF276","s1319_F_GON_01_ASEReadCounter.table","NW_015090842.1:10121802",7,15,8
"ZNF276","s1319_F_GON_01_ASEReadCounter.table","NW_015090842.1:10121971",8,9,1
"ZNF276","s1319_F_GON_01_ASEReadCounter.table","NW_015090842.1:10122883",5,10,5
"ZNF276","s1319_F_GON_01_ASEReadCounter.table","NW_015090842.1:10123069",11,15,4
"ZNF276","s1319_F_GON_01_ASEReadCounter.table","NW_015090842.1:10123207",7,17,10
"ZNF276","s1319_F_GON_01_ASEReadCounter.table","NW_015090842.1:10125787",7,23,16
"ZNF276","s1319_F_GON_01_ASEReadCounter.table","NW_015090842.1:10126309",14,33,19
"ZNF276","s1319_F_GON_01_ASEReadCounter.table","NW_015090842.1:10126348",11,30,19
"ZNF276","s1319_F_GON_01_ASEReadCounter.table","NW_015090842.1:10126978",13,31,18
"ZNF276","s1319_F_GON_01_ASEReadCounter.table","NW_015090842.1:10126991",14,32,18
"ZNF276","s1319_F_GON_01_ASEReadCounter.table","NW_015090842.1:10127023",15,38,23
"ZNF276","s1319_F_GON_01_ASEReadCounter.table","NW_015090842.1:10127063",15,35,20
"ZNF276","s1319_F_GON_01_ASEReadCounter.table","NW_015090842.1:10127373",13,31,18
"ZNF276","s1319_F_GON_01_ASEReadCounter.table","NW_015090842.1:10127931",12,34,22
"ZNF276","s1319_F_GON_01_ASEReadCounter.table","NW_015090842.1:10128070",13,32,19
"ZNF276","s1319_F_GON_01_ASEReadCounter.table","NW_015090842.1:10128102",9,24,15
"ZNF276","s1319_F_GON_01_ASEReadCounter.table","NW_015090842.1:10128356",17,38,21
"ZNF276","s1319_F_GON_01_ASEReadCounter.table","NW_015090842.1:10128497",10,18,8
"FANCA","s1319_F_GON_01_ASEReadCounter.table","NW_015090842.1:10128743",14,28,14
"FANCA","s1319_F_GON_01_ASEReadCounter.table","NW_015090842.1:10128822",22,38,16
"FANCA","s1319_F_GON_01_ASEReadCounter.table","NW_015090842.1:10129383",20,41,21
"FANCA","s1319_F_GON_01_ASEReadCounter.table","NW_015090842.1:10129390",19,38,19
"FANCA","s1319_F_GON_01_ASEReadCounter.table","NW_015090842.1:10129422",16,34,18
"FANCA","s1319_F_GON_01_ASEReadCounter.table","NW_015090842.1:10129969",10,31,21
"FANCA","s1319_F_GON_01_ASEReadCounter.table","NW_015090842.1:10130399",21,44,23
"FANCA","s1319_F_GON_01_ASEReadCounter.table","NW_015090842.1:10130857",19,35,16
"FANCA","s1319_F_GON_01_ASEReadCounter.table","NW_015090842.1:10130878",11,23,12
"FANCA","s1319_F_GON_01_ASEReadCounter.table","NW_015090842.1:10133530",7,14,7
"FANCA","s1319_F_GON_01_ASEReadCounter.table","NW_015090842.1:10133533",7,13,6
"FANCA","s1319_F_GON_01_ASEReadCounter.table","NW_015090842.1:10133536",7,13,6
"FANCA","s1319_F_GON_01_ASEReadCounter.table","NW_015090842.1:10133601",11,27,16
"FANCA","s1319_F_GON_01_ASEReadCounter.table","NW_015090842.1:10134492",13,20,7
"FANCA","s1319_F_GON_01_ASEReadCounter.table","NW_015090842.1:10134531",10,18,8
"FANCA","s1319_F_GON_01_ASEReadCounter.table","NW_015090842.1:10136957",18,31,13
"FANCA","s1319_F_GON_01_ASEReadCounter.table","NW_015090842.1:10136982",16,26,10
"FANCA","s1319_F_GON_01_ASEReadCounter.table","NW_015090842.1:10136999",11,24,13
"FANCA","s1319_F_GON_01_ASEReadCounter.table","NW_015090842.1:10137019",17,27,10
"FANCA","s1319_F_GON_01_ASEReadCounter.table","NW_015090842.1:10137673",19,28,9
"FANCA","s1319_F_GON_01_ASEReadCounter.table","NW_015090842.1:10138618",6,15,9
"FANCA","s1319_F_GON_01_ASEReadCounter.table","NW_015090842.1:10139140",9,23,14
"FANCA","s1319_F_GON_01_ASEReadCounter.table","NW_015090842.1:10140699",11,16,5
"FANCA","s1319_F_GON_01_ASEReadCounter.table","NW_015090842.1:10141234",11,18,7
"FANCA","s1319_F_GON_01_ASEReadCounter.table","NW_015090842.1:10145030",9,19,10
"FANCA","s1319_F_GON_01_ASEReadCounter.table","NW_015090842.1:10150518",4,8,4
"FANCA","s1319_F_GON_01_ASEReadCounter.table","NW_015090842.1:10152863",11,20,9
"FANCA","s1319_F_GON_01_ASEReadCounter.table","NW_015090842.1:10154490",12,16,4
"FANCA","s1319_F_GON_01_ASEReadCounter.table","NW_015090842.1:10158162",8,16,8
"FANCA","s1319_F_GON_01_ASEReadCounter.table","NW_015090842.1:10158957",5,6,1
"FANCA","s1319_F_GON_01_ASEReadCounter.table","NW_015090842.1:10160177",8,12,4
"FANCA","s1319_F_GON_01_ASEReadCounter.table","NW_015090842.1:10162980",6,7,1
"FANCA","s1319_F_GON_01_ASEReadCounter.table","NW_015090842.1:10163667",6,11,5
"FANCA","s1319_F_GON_01_ASEReadCounter.table","NW_015090842.1:10164257",4,8,4
"FANCA","s1319_F_GON_01_ASEReadCounter.table","NW_015090842.1:10165331",8,12,4
"SPIRE2","s1319_F_GON_01_ASEReadCounter.table","NW_015090842.1:10172284",1,1,0
"SPIRE2","s1319_F_GON_01_ASEReadCounter.table","NW_015090842.1:10175262",2,2,0
"SPIRE2","s1319_F_GON_01_ASEReadCounter.table","NW_015090842.1:10175352",4,5,1
"SPIRE2","s1319_F_GON_01_ASEReadCounter.table","NW_015090842.1:10175400",6,7,1
"SPIRE2","s1319_F_GON_01_ASEReadCounter.table","NW_015090842.1:10175418",6,7,1
"SPIRE2","s1319_F_GON_01_ASEReadCounter.table","NW_015090842.1:10175704",3,3,0
"SPIRE2","s1319_F_GON_01_ASEReadCounter.table","NW_015090842.1:10176115",16,16,0
"SPIRE2","s1319_F_GON_01_ASEReadCounter.table","NW_015090842.1:10176561",11,11,0
"SPIRE2","s1319_F_GON_01_ASEReadCounter.table","NW_015090842.1:10176817",6,6,0
"SPIRE2","s1319_F_GON_01_ASEReadCounter.table","NW_015090842.1:10177084",7,7,0
"SPIRE2","s1319_F_GON_01_ASEReadCounter.table","NW_015090842.1:10177110",8,8,0
"SPIRE2","s1319_F_GON_01_ASEReadCounter.table","NW_015090842.1:10177838",9,11,2
"SPIRE2","s1319_F_GON_01_ASEReadCounter.table","NW_015090842.1:10178000",12,14,2
"SPIRE2","s1319_F_GON_01_ASEReadCounter.table","NW_015090842.1:10178164",7,7,0
"SPIRE2","s1319_F_GON_01_ASEReadCounter.table","NW_015090842.1:10178216",8,9,1
"SPIRE2","s1319_F_GON_01_ASEReadCounter.table","NW_015090842.1:10178403",2,3,1
"SPIRE2","s1319_F_GON_01_ASEReadCounter.table","NW_015090842.1:10178409",2,3,1
"SPIRE2","s1319_F_GON_01_ASEReadCounter.table","NW_015090842.1:10178524",5,6,1
"SPIRE2","s1319_F_GON_01_ASEReadCounter.table","NW_015090842.1:10178526",5,6,1
"SPIRE2","s1319_F_GON_01_ASEReadCounter.table","NW_015090842.1:10178531",5,6,1
"SPIRE2","s1319_F_GON_01_ASEReadCounter.table","NW_015090842.1:10178565",5,6,1
"SPIRE2","s1319_F_GON_01_ASEReadCounter.table","NW_015090842.1:10178587",4,5,1
"SPIRE2","s1319_F_GON_01_ASEReadCounter.table","NW_015090842.1:10178640",4,4,0
"SPIRE2","s1319_F_GON_01_ASEReadCounter.table","NW_015090842.1:10178651",5,5,0
"SPIRE2","s1319_F_GON_01_ASEReadCounter.table","NW_015090842.1:10178682",3,3,0
"TCF25","s1319_F_GON_01_ASEReadCounter.table","NW_015090842.1:10180912",58,128,70
"TCF25","s1319_F_GON_01_ASEReadCounter.table","NW_015090842.1:10180924",59,128,69
"TCF25","s1319_F_GON_01_ASEReadCounter.table","NW_015090842.1:10180931",61,135,74
"TCF25","s1319_F_GON_01_ASEReadCounter.table","NW_015090842.1:10185332",217,446,229
"TCF25","s1319_F_GON_01_ASEReadCounter.table","NW_015090842.1:10188816",211,355,144
"MC1R","s1319_F_GON_01_ASEReadCounter.table","NW_015090842.1:10202160",1,1,0
"DBNDD1","s1319_F_GON_01_ASEReadCounter.table","NW_015090842.1:10223105",139,333,194
"GAS8","s1319_F_GON_01_ASEReadCounter.table","NW_015090842.1:10228982",513,1057,544
"GAS8","s1319_F_GON_01_ASEReadCounter.table","NW_015090842.1:10229832",458,955,497
"GAS8","s1319_F_GON_01_ASEReadCounter.table","NW_015090842.1:10232375",413,883,470
"GAS8","s1319_F_GON_01_ASEReadCounter.table","NW_015090842.1:10232901",393,774,381
"GAS8","s1319_F_GON_01_ASEReadCounter.table","NW_015090842.1:10232928",334,649,315
"GAS8","s1319_F_GON_01_ASEReadCounter.table","NW_015090842.1:10232967",266,563,297
"GAS8","s1319_F_GON_01_ASEReadCounter.table","NW_015090842.1:10233032",145,383,238
"GAS8","s1319_F_GON_01_ASEReadCounter.table","NW_015090842.1:10233057",111,276,165
"GAS8","s1319_F_GON_01_ASEReadCounter.table","NW_015090842.1:10233058",111,285,174
"GAS8","s1319_F_GON_01_ASEReadCounter.table","NW_015090842.1:10233176",108,234,126
"GAS8","s1319_F_GON_01_ASEReadCounter.table","NW_015090842.1:10233196",108,234,126
"GAS8","s1319_F_GON_01_ASEReadCounter.table","NW_015090842.1:10233252",94,181,87
"GAS8","s1319_F_GON_01_ASEReadCounter.table","NW_015090842.1:10233303",32,69,37
"LOC106888094","s1319_F_GON_01_ASEReadCounter.table","NW_015090842.1:10233334",1,4,3
"LOC106888094","s1319_F_GON_01_ASEReadCounter.table","NW_015090842.1:10233362",4,12,8
"LOC106888094","s1319_F_GON_01_ASEReadCounter.table","NW_015090842.1:10233373",3,12,9
"LOC106888094","s1319_F_GON_01_ASEReadCounter.table","NW_015090842.1:10233388",3,13,10
"LOC106888094","s1319_F_GON_01_ASEReadCounter.table","NW_015090842.1:10233402",3,15,12
"LOC106888094","s1319_F_GON_01_ASEReadCounter.table","NW_015090842.1:10233465",4,18,14
"LOC106888094","s1319_F_GON_01_ASEReadCounter.table","NW_015090842.1:10233803",10,38,28
"LOC106888094","s1319_F_GON_01_ASEReadCounter.table","NW_015090842.1:10233815",10,33,23
"LOC106888094","s1319_F_GON_01_ASEReadCounter.table","NW_015090842.1:10235484",10,14,4
"LOC106888094","s1319_F_GON_01_ASEReadCounter.table","NW_015090842.1:10235611",9,20,11
"LOC106888094","s1319_F_GON_01_ASEReadCounter.table","NW_015090842.1:10236098",4,7,3
"LOC106888094","s1319_F_GON_01_ASEReadCounter.table","NW_015090842.1:10236161",3,5,2
"LOC106888094","s1319_F_GON_01_ASEReadCounter.table","NW_015090842.1:10236380",1,2,1
"LOC106888094","s1319_F_GON_01_ASEReadCounter.table","NW_015090842.1:10236388",1,2,1
"LOC106888094","s1319_F_GON_01_ASEReadCounter.table","NW_015090842.1:10236425",1,2,1
"LOC106888094","s1319_F_GON_01_ASEReadCounter.table","NW_015090842.1:10236426",1,2,1
"LOC106888094","s1319_F_GON_01_ASEReadCounter.table","NW_015090842.1:10236603",2,2,0
"LOC106888173","s1319_F_GON_01_ASEReadCounter.table","NW_015090842.1:10239596",1,5,4
"LOC106888173","s1319_F_GON_01_ASEReadCounter.table","NW_015090842.1:10240036",6,17,11
"LOC106888173","s1319_F_GON_01_ASEReadCounter.table","NW_015090842.1:10240095",4,15,11
"LOC106888173","s1319_F_GON_01_ASEReadCounter.table","NW_015090842.1:10240280",6,18,12
"LOC106888173","s1319_F_GON_01_ASEReadCounter.table","NW_015090842.1:10240557",4,10,6
"LOC106888173","s1319_F_GON_01_ASEReadCounter.table","NW_015090842.1:10240603",6,16,10
"LOC106888173","s1319_F_GON_01_ASEReadCounter.table","NW_015090842.1:10240609",6,16,10
"LOC106888173","s1319_F_GON_01_ASEReadCounter.table","NW_015090842.1:10240690",8,18,10
"LOC106888173","s1319_F_GON_01_ASEReadCounter.table","NW_015090842.1:10240924",16,26,10
"LOC106888173","s1319_F_GON_01_ASEReadCounter.table","NW_015090842.1:10241037",9,21,12
"LOC106888173","s1319_F_GON_01_ASEReadCounter.table","NW_015090842.1:10241046",9,17,8
"LOC106888173","s1319_F_GON_01_ASEReadCounter.table","NW_015090842.1:10241058",10,19,9
"LOC106888173","s1319_F_GON_01_ASEReadCounter.table","NW_015090842.1:10241064",15,25,10
"LOC106888173","s1319_F_GON_01_ASEReadCounter.table","NW_015090842.1:10241103",29,29,0
"LOC106888173","s1319_F_GON_01_ASEReadCounter.table","NW_015090842.1:10241163",10,24,14
"LOC106888173","s1319_F_GON_01_ASEReadCounter.table","NW_015090842.1:10241803",9,23,14
"LOC106888173","s1319_F_GON_01_ASEReadCounter.table","NW_015090842.1:10241827",9,26,17
"LOC106888173","s1319_F_GON_01_ASEReadCounter.table","NW_015090842.1:10241869",4,19,15
"LOC106888173","s1319_F_GON_01_ASEReadCounter.table","NW_015090842.1:10242079",12,28,16
"LOC106888173","s1319_F_GON_01_ASEReadCounter.table","NW_015090842.1:10242103",11,26,15
"LOC106888173","s1319_F_GON_01_ASEReadCounter.table","NW_015090842.1:10242157",9,22,13
"LOC106888173","s1319_F_GON_01_ASEReadCounter.table","NW_015090842.1:10242455",8,20,12
"LOC106888173","s1319_F_GON_01_ASEReadCounter.table","NW_015090842.1:10242481",7,19,12
"LOC106888173","s1319_F_GON_01_ASEReadCounter.table","NW_015090842.1:10242590",15,24,9
"LOC106888173","s1319_F_GON_01_ASEReadCounter.table","NW_015090842.1:10242794",8,19,11
"LOC106888173","s1319_F_GON_01_ASEReadCounter.table","NW_015090842.1:10242909",6,11,5
"LOC106888173","s1319_F_GON_01_ASEReadCounter.table","NW_015090842.1:10243094",8,18,10
"LOC106888173","s1319_F_GON_01_ASEReadCounter.table","NW_015090842.1:10243133",6,19,13
"LOC106888173","s1319_F_GON_01_ASEReadCounter.table","NW_015090842.1:10243273",11,27,16
"LOC106888173","s1319_F_GON_01_ASEReadCounter.table","NW_015090842.1:10243278",13,28,15
"LOC106888173","s1319_F_GON_01_ASEReadCounter.table","NW_015090842.1:10243281",13,28,15
"LOC106888173","s1319_F_GON_01_ASEReadCounter.table","NW_015090842.1:10243347",15,15,0
"LOC106888173","s1319_F_GON_01_ASEReadCounter.table","NW_015090842.1:10243353",8,14,6
"LOC106888173","s1319_F_GON_01_ASEReadCounter.table","NW_015090842.1:10243363",6,10,4
"LOC106888173","s1319_F_GON_01_ASEReadCounter.table","NW_015090842.1:10243365",6,10,4
"LOC106888173","s1319_F_GON_01_ASEReadCounter.table","NW_015090842.1:10243566",21,32,11
"LOC106888173","s1319_F_GON_01_ASEReadCounter.table","NW_015090842.1:10243605",13,24,11
"LOC106888173","s1319_F_GON_01_ASEReadCounter.table","NW_015090842.1:10243614",10,22,12
"LOC106888173","s1319_F_GON_01_ASEReadCounter.table","NW_015090842.1:10243615",11,23,12
"LOC106888173","s1319_F_GON_01_ASEReadCounter.table","NW_015090842.1:10243640",9,19,10
"LOC106888173","s1319_F_GON_01_ASEReadCounter.table","NW_015090842.1:10243680",5,11,6
"LOC106888173","s1319_F_GON_01_ASEReadCounter.table","NW_015090842.1:10243742",11,15,4
"LOC106888173","s1319_F_GON_01_ASEReadCounter.table","NW_015090842.1:10243804",7,13,6
"LOC106888173","s1319_F_GON_01_ASEReadCounter.table","NW_015090842.1:10243913",2,7,5
"LOC106888173","s1319_F_GON_01_ASEReadCounter.table","NW_015090842.1:10243921",2,6,4
"LOC106888384","s1319_F_GON_01_ASEReadCounter.table","NW_015090842.1:10244714",1,1,0
"LOC106888384","s1319_F_GON_01_ASEReadCounter.table","NW_015090842.1:10250743",6,8,2
"LOC106888384","s1319_F_GON_01_ASEReadCounter.table","NW_015090842.1:10250771",4,7,3
"LOC106888384","s1319_F_GON_01_ASEReadCounter.table","NW_015090842.1:10251339",2,2,0
"LOC106888384","s1319_F_GON_01_ASEReadCounter.table","NW_015090842.1:10251343",2,2,0
"LOC106888384","s1319_F_GON_01_ASEReadCounter.table","NW_015090842.1:10251344",2,2,0
"LOC106888384","s1319_F_GON_01_ASEReadCounter.table","NW_015090842.1:10251349",2,2,0
"LOC106888384","s1319_F_GON_01_ASEReadCounter.table","NW_015090842.1:10251354",1,4,3
"LOC106888384","s1319_F_GON_01_ASEReadCounter.table","NW_015090842.1:10251358",1,4,3
"LOC106888384","s1319_F_GON_01_ASEReadCounter.table","NW_015090842.1:10251369",0,4,4
"LOC106888384","s1319_F_GON_01_ASEReadCounter.table","NW_015090842.1:10251370",1,4,3
"LOC106888384","s1319_F_GON_01_ASEReadCounter.table","NW_015090842.1:10251375",1,4,3
"LOC106888384","s1319_F_GON_01_ASEReadCounter.table","NW_015090842.1:10251388",1,4,3
"LOC106888384","s1319_F_GON_01_ASEReadCounter.table","NW_015090842.1:10251390",1,4,3
"LOC106888384","s1319_F_GON_01_ASEReadCounter.table","NW_015090842.1:10251393",0,3,3
"LOC106888384","s1319_F_GON_01_ASEReadCounter.table","NW_015090842.1:10251399",0,3,3
"LOC106888384","s1319_F_GON_01_ASEReadCounter.table","NW_015090842.1:10253165",3,5,2
"LOC106888384","s1319_F_GON_01_ASEReadCounter.table","NW_015090842.1:10253284",1,4,3
"LOC106888384","s1319_F_GON_01_ASEReadCounter.table","NW_015090842.1:10254028",1,9,8
"LOC106888384","s1319_F_GON_01_ASEReadCounter.table","NW_015090842.1:10254227",1,6,5
"LOC106888384","s1319_F_GON_01_ASEReadCounter.table","NW_015090842.1:10254233",2,7,5
"LOC106888384","s1319_F_GON_01_ASEReadCounter.table","NW_015090842.1:10254263",2,8,6
"LOC106888384","s1319_F_GON_01_ASEReadCounter.table","NW_015090842.1:10254293",3,9,6
"LOC106888384","s1319_F_GON_01_ASEReadCounter.table","NW_015090842.1:10254570",2,7,5
"LOC106888384","s1319_F_GON_01_ASEReadCounter.table","NW_015090842.1:10254605",4,4,0
"LOC106888384","s1319_F_GON_01_ASEReadCounter.table","NW_015090842.1:10254608",4,4,0
"LOC106888384","s1319_F_GON_01_ASEReadCounter.table","NW_015090842.1:10254618",2,2,0
"LOC106888384","s1319_F_GON_01_ASEReadCounter.table","NW_015090842.1:10254620",1,2,1
"LOC106888384","s1319_F_GON_01_ASEReadCounter.table","NW_015090842.1:10254623",1,1,0
"LOC106888384","s1319_F_GON_01_ASEReadCounter.table","NW_015090842.1:10254627",1,1,0
"LOC106888384","s1319_F_GON_01_ASEReadCounter.table","NW_015090842.1:10254840",0,2,2
"LOC106888384","s1319_F_GON_01_ASEReadCounter.table","NW_015090842.1:10254891",5,5,0
"LOC106888384","s1319_F_GON_01_ASEReadCounter.table","NW_015090842.1:10254900",2,5,3
"LOC106888384","s1319_F_GON_01_ASEReadCounter.table","NW_015090842.1:10254915",2,4,2
"LOC106888384","s1319_F_GON_01_ASEReadCounter.table","NW_015090842.1:10254965",2,2,0
"LOC106888384","s1319_F_GON_01_ASEReadCounter.table","NW_015090842.1:10254975",1,2,1
"LOC106888384","s1319_F_GON_01_ASEReadCounter.table","NW_015090842.1:10255077",1,5,4
"LOC106888384","s1319_F_GON_01_ASEReadCounter.table","NW_015090842.1:10255117",1,5,4
"LOC106888384","s1319_F_GON_01_ASEReadCounter.table","NW_015090842.1:10255138",1,5,4
"LOC106888384","s1319_F_GON_01_ASEReadCounter.table","NW_015090842.1:10255139",1,5,4
"LOC106888384","s1319_F_GON_01_ASEReadCounter.table","NW_015090842.1:10255209",0,3,3
"LOC106888384","s1319_F_GON_01_ASEReadCounter.table","NW_015090842.1:10255211",1,4,3
"LOC106888384","s1319_F_GON_01_ASEReadCounter.table","NW_015090842.1:10255236",2,3,1
"LOC106888384","s1319_F_GON_01_ASEReadCounter.table","NW_015090842.1:10255262",2,2,0
"LOC106888384","s1319_F_GON_01_ASEReadCounter.table","NW_015090842.1:10255264",2,2,0
"LOC106888384","s1319_F_GON_01_ASEReadCounter.table","NW_015090842.1:10255306",2,7,5
"LOC106888384","s1319_F_GON_01_ASEReadCounter.table","NW_015090842.1:10255340",1,7,6
"LOC106888384","s1319_F_GON_01_ASEReadCounter.table","NW_015090842.1:10255410",0,3,3
"LOC106888384","s1319_F_GON_01_ASEReadCounter.table","NW_015090842.1:10255449",1,3,2
"LOC106888384","s1319_F_GON_01_ASEReadCounter.table","NW_015090842.1:10255496",3,7,4
"LOC106888384","s1319_F_GON_01_ASEReadCounter.table","NW_015090842.1:10255505",3,6,3
"LOC106888384","s1319_F_GON_01_ASEReadCounter.table","NW_015090842.1:10255531",4,10,6
"LOC106888384","s1319_F_GON_01_ASEReadCounter.table","NW_015090842.1:10255608",11,18,7
"LOC106888384","s1319_F_GON_01_ASEReadCounter.table","NW_015090842.1:10255704",131,146,15
"LOC106888384","s1319_F_GON_01_ASEReadCounter.table","NW_015090842.1:10255731",147,163,16
"LOC106888384","s1319_F_GON_01_ASEReadCounter.table","NW_015090842.1:10255771",121,134,13
"TANGO6","s1319_F_GON_01_ASEReadCounter.table","NW_015090842.1:10257782",73,103,30
"TANGO6","s1319_F_GON_01_ASEReadCounter.table","NW_015090842.1:10258162",31,64,33
"TANGO6","s1319_F_GON_01_ASEReadCounter.table","NW_015090842.1:10258185",34,75,41
"TANGO6","s1319_F_GON_01_ASEReadCounter.table","NW_015090842.1:10259267",25,70,45
"TANGO6","s1319_F_GON_01_ASEReadCounter.table","NW_015090842.1:10260250",89,180,91
"TANGO6","s1319_F_GON_01_ASEReadCounter.table","NW_015090842.1:10260289",75,164,89
"TANGO6","s1319_F_GON_01_ASEReadCounter.table","NW_015090842.1:10260309",57,136,79
"TANGO6","s1319_F_GON_01_ASEReadCounter.table","NW_015090842.1:10260979",66,119,53
"TANGO6","s1319_F_GON_01_ASEReadCounter.table","NW_015090842.1:10261599",69,132,63
"TANGO6","s1319_F_GON_01_ASEReadCounter.table","NW_015090842.1:10268425",117,188,71
"TANGO6","s1319_F_GON_01_ASEReadCounter.table","NW_015090842.1:10269831",71,152,81
"TANGO6","s1319_F_GON_01_ASEReadCounter.table","NW_015090842.1:10270813",55,128,73
"TANGO6","s1319_F_GON_01_ASEReadCounter.table","NW_015090842.1:10274018",17,29,12
"TANGO6","s1319_F_GON_01_ASEReadCounter.table","NW_015090842.1:10275974",19,33,14
"TANGO6","s1319_F_GON_01_ASEReadCounter.table","NW_015090842.1:10275976",19,34,15
"TANGO6","s1319_F_GON_01_ASEReadCounter.table","NW_015090842.1:10276123",15,26,11
"TANGO6","s1319_F_GON_01_ASEReadCounter.table","NW_015090842.1:10276271",25,41,16
"TANGO6","s1319_F_GON_01_ASEReadCounter.table","NW_015090842.1:10276272",25,41,16
"TANGO6","s1319_F_GON_01_ASEReadCounter.table","NW_015090842.1:10276275",27,43,16
"TANGO6","s1319_F_GON_01_ASEReadCounter.table","NW_015090842.1:10276278",26,40,14
"TANGO6","s1319_F_GON_01_ASEReadCounter.table","NW_015090842.1:10276368",10,20,10
"TANGO6","s1319_F_GON_01_ASEReadCounter.table","NW_015090842.1:10276373",5,16,11
"TANGO6","s1319_F_GON_01_ASEReadCounter.table","NW_015090842.1:10276630",19,34,15
"TANGO6","s1319_F_GON_01_ASEReadCounter.table","NW_015090842.1:10281498",30,46,16
"TANGO6","s1319_F_GON_01_ASEReadCounter.table","NW_015090842.1:10281516",38,56,18
"TANGO6","s1319_F_GON_01_ASEReadCounter.table","NW_015090842.1:10282842",18,33,15
"TANGO6","s1319_F_GON_01_ASEReadCounter.table","NW_015090842.1:10282863",15,27,12
"TANGO6","s1319_F_GON_01_ASEReadCounter.table","NW_015090842.1:10282869",17,28,11
"TANGO6","s1319_F_GON_01_ASEReadCounter.table","NW_015090842.1:10282903",17,30,13
"TANGO6","s1319_F_GON_01_ASEReadCounter.table","NW_015090842.1:10283757",15,29,14
"TANGO6","s1319_F_GON_01_ASEReadCounter.table","NW_015090842.1:10283785",15,30,15
"HAS3","s1319_F_GON_01_ASEReadCounter.table","NW_015090842.1:10288093",1,1,0
"HAS3","s1319_F_GON_01_ASEReadCounter.table","NW_015090842.1:10288364",1,3,2
"HAS3","s1319_F_GON_01_ASEReadCounter.table","NW_015090842.1:10289269",0,2,2
"HAS3","s1319_F_GON_01_ASEReadCounter.table","NW_015090842.1:10289272",0,2,2
"HAS3","s1319_F_GON_01_ASEReadCounter.table","NW_015090842.1:10290375",0,1,1
"HAS3","s1319_F_GON_01_ASEReadCounter.table","NW_015090842.1:10290395",0,2,2
"HAS3","s1319_F_GON_01_ASEReadCounter.table","NW_015090842.1:10290439",0,1,1
"HAS3","s1319_F_GON_01_ASEReadCounter.table","NW_015090842.1:10290561",2,3,1
"HAS3","s1319_F_GON_01_ASEReadCounter.table","NW_015090842.1:10290609",2,3,1
"HAS3","s1319_F_GON_01_ASEReadCounter.table","NW_015090842.1:10290666",2,4,2
"HAS3","s1319_F_GON_01_ASEReadCounter.table","NW_015090842.1:10290723",0,1,1
"HAS3","s1319_F_GON_01_ASEReadCounter.table","NW_015090842.1:10290927",4,4,0
"HAS3","s1319_F_GON_01_ASEReadCounter.table","NW_015090842.1:10291004",3,4,1
"CHTF8","s1319_F_GON_01_ASEReadCounter.table","NW_015090842.1:10291319",20,35,15
"CHTF8","s1319_F_GON_01_ASEReadCounter.table","NW_015090842.1:10291491",72,116,44
"CHTF8","s1319_F_GON_01_ASEReadCounter.table","NW_015090842.1:10291520",74,145,71
"CHTF8","s1319_F_GON_01_ASEReadCounter.table","NW_015090842.1:10291593",111,202,91
"CHTF8","s1319_F_GON_01_ASEReadCounter.table","NW_015090842.1:10291600",105,200,95
"CHTF8","s1319_F_GON_01_ASEReadCounter.table","NW_015090842.1:10291609",106,185,79
"CHTF8","s1319_F_GON_01_ASEReadCounter.table","NW_015090842.1:10291639",112,194,82
"CHTF8","s1319_F_GON_01_ASEReadCounter.table","NW_015090842.1:10291641",107,189,82
"CHTF8","s1319_F_GON_01_ASEReadCounter.table","NW_015090842.1:10291648",121,206,85
"CHTF8","s1319_F_GON_01_ASEReadCounter.table","NW_015090842.1:10291656",122,206,84
"CHTF8","s1319_F_GON_01_ASEReadCounter.table","NW_015090842.1:10291675",124,207,83
"CHTF8","s1319_F_GON_01_ASEReadCounter.table","NW_015090842.1:10291696",115,201,86
"CHTF8","s1319_F_GON_01_ASEReadCounter.table","NW_015090842.1:10291714",126,213,87
"CHTF8","s1319_F_GON_01_ASEReadCounter.table","NW_015090842.1:10291732",121,229,108
"CHTF8","s1319_F_GON_01_ASEReadCounter.table","NW_015090842.1:10291755",97,197,100
"CHTF8","s1319_F_GON_01_ASEReadCounter.table","NW_015090842.1:10291756",96,193,97
"CHTF8","s1319_F_GON_01_ASEReadCounter.table","NW_015090842.1:10291758",93,198,105
"CHTF8","s1319_F_GON_01_ASEReadCounter.table","NW_015090842.1:10291792",124,227,103
"CHTF8","s1319_F_GON_01_ASEReadCounter.table","NW_015090842.1:10291895",139,240,101
"CHTF8","s1319_F_GON_01_ASEReadCounter.table","NW_015090842.1:10292132",126,220,94
"CHTF8","s1319_F_GON_01_ASEReadCounter.table","NW_015090842.1:10292314",130,222,92
"CHTF8","s1319_F_GON_01_ASEReadCounter.table","NW_015090842.1:10292317",134,230,96
"CHTF8","s1319_F_GON_01_ASEReadCounter.table","NW_015090842.1:10292928",26,43,17
"UTP4","s1319_F_GON_01_ASEReadCounter.table","NW_015090842.1:10293146",25,43,18
"UTP4","s1319_F_GON_01_ASEReadCounter.table","NW_015090842.1:10293151",25,43,18
"UTP4","s1319_F_GON_01_ASEReadCounter.table","NW_015090842.1:10293191",19,37,18
"UTP4","s1319_F_GON_01_ASEReadCounter.table","NW_015090842.1:10293362",21,37,16
"UTP4","s1319_F_GON_01_ASEReadCounter.table","NW_015090842.1:10293430",11,29,18
"UTP4","s1319_F_GON_01_ASEReadCounter.table","NW_015090842.1:10293625",15,38,23
"UTP4","s1319_F_GON_01_ASEReadCounter.table","NW_015090842.1:10293684",14,38,24
"UTP4","s1319_F_GON_01_ASEReadCounter.table","NW_015090842.1:10294093",13,31,18
"UTP4","s1319_F_GON_01_ASEReadCounter.table","NW_015090842.1:10294622",9,25,16
"UTP4","s1319_F_GON_01_ASEReadCounter.table","NW_015090842.1:10294632",7,21,14
"UTP4","s1319_F_GON_01_ASEReadCounter.table","NW_015090842.1:10295238",7,23,16
"UTP4","s1319_F_GON_01_ASEReadCounter.table","NW_015090842.1:10295880",15,37,22
"UTP4","s1319_F_GON_01_ASEReadCounter.table","NW_015090842.1:10295884",13,36,23
"UTP4","s1319_F_GON_01_ASEReadCounter.table","NW_015090842.1:10295903",14,37,23
"UTP4","s1319_F_GON_01_ASEReadCounter.table","NW_015090842.1:10295906",15,39,24
"UTP4","s1319_F_GON_01_ASEReadCounter.table","NW_015090842.1:10295915",11,39,28
"UTP4","s1319_F_GON_01_ASEReadCounter.table","NW_015090842.1:10295938",11,40,29
"UTP4","s1319_F_GON_01_ASEReadCounter.table","NW_015090842.1:10296175",15,36,21
"UTP4","s1319_F_GON_01_ASEReadCounter.table","NW_015090842.1:10296660",7,24,17
"UTP4","s1319_F_GON_01_ASEReadCounter.table","NW_015090842.1:10296679",9,23,14
"UTP4","s1319_F_GON_01_ASEReadCounter.table","NW_015090842.1:10297193",15,36,21
"UTP4","s1319_F_GON_01_ASEReadCounter.table","NW_015090842.1:10297220",14,33,19
"UTP4","s1319_F_GON_01_ASEReadCounter.table","NW_015090842.1:10297307",17,35,18
"UTP4","s1319_F_GON_01_ASEReadCounter.table","NW_015090842.1:10297558",20,44,24
"UTP4","s1319_F_GON_01_ASEReadCounter.table","NW_015090842.1:10297943",13,28,15
"UTP4","s1319_F_GON_01_ASEReadCounter.table","NW_015090842.1:10297979",10,31,21
"UTP4","s1319_F_GON_01_ASEReadCounter.table","NW_015090842.1:10298022",7,24,17
"UTP4","s1319_F_GON_01_ASEReadCounter.table","NW_015090842.1:10298079",0,6,6
"UTP4","s1319_F_GON_01_ASEReadCounter.table","NW_015090842.1:10298081",0,6,6
"UTP4","s1319_F_GON_01_ASEReadCounter.table","NW_015090842.1:10298082",0,4,4
"SNTB2","s1319_F_GON_01_ASEReadCounter.table","NW_015090842.1:10298905",2,2,0
"SNTB2","s1319_F_GON_01_ASEReadCounter.table","NW_015090842.1:10298928",3,3,0
"SNTB2","s1319_F_GON_01_ASEReadCounter.table","NW_015090842.1:10303506",10,22,12
"SNTB2","s1319_F_GON_01_ASEReadCounter.table","NW_015090842.1:10303524",10,20,10
"SNTB2","s1319_F_GON_01_ASEReadCounter.table","NW_015090842.1:10304059",16,28,12
"SNTB2","s1319_F_GON_01_ASEReadCounter.table","NW_015090842.1:10304089",19,27,8
"SNTB2","s1319_F_GON_01_ASEReadCounter.table","NW_015090842.1:10304167",11,23,12
"SNTB2","s1319_F_GON_01_ASEReadCounter.table","NW_015090842.1:10304176",9,23,14
"SNTB2","s1319_F_GON_01_ASEReadCounter.table","NW_015090842.1:10305069",15,21,6
"SNTB2","s1319_F_GON_01_ASEReadCounter.table","NW_015090842.1:10305099",15,20,5
"SNTB2","s1319_F_GON_01_ASEReadCounter.table","NW_015090842.1:10305171",8,24,16
"SNTB2","s1319_F_GON_01_ASEReadCounter.table","NW_015090842.1:10305177",8,25,17
"SNTB2","s1319_F_GON_01_ASEReadCounter.table","NW_015090842.1:10305451",4,12,8
"SNTB2","s1319_F_GON_01_ASEReadCounter.table","NW_015090842.1:10305547",8,19,11
"SNTB2","s1319_F_GON_01_ASEReadCounter.table","NW_015090842.1:10305847",5,17,12
"SNTB2","s1319_F_GON_01_ASEReadCounter.table","NW_015090842.1:10306173",14,28,14
"SNTB2","s1319_F_GON_01_ASEReadCounter.table","NW_015090842.1:10306275",8,17,9
"SNTB2","s1319_F_GON_01_ASEReadCounter.table","NW_015090842.1:10306457",4,15,11
"SNTB2","s1319_F_GON_01_ASEReadCounter.table","NW_015090842.1:10306496",3,16,13
"SNTB2","s1319_F_GON_01_ASEReadCounter.table","NW_015090842.1:10306499",3,14,11
"VPS4A","s1319_F_GON_01_ASEReadCounter.table","NW_015090842.1:10308566",79,247,168
"VPS4A","s1319_F_GON_01_ASEReadCounter.table","NW_015090842.1:10308573",89,266,177
"VPS4A","s1319_F_GON_01_ASEReadCounter.table","NW_015090842.1:10308856",153,426,273
"VPS4A","s1319_F_GON_01_ASEReadCounter.table","NW_015090842.1:10309056",166,510,344
"VPS4A","s1319_F_GON_01_ASEReadCounter.table","NW_015090842.1:10309089",203,570,367
"VPS4A","s1319_F_GON_01_ASEReadCounter.table","NW_015090842.1:10309392",185,568,383
"VPS4A","s1319_F_GON_01_ASEReadCounter.table","NW_015090842.1:10309413",185,591,406
"VPS4A","s1319_F_GON_01_ASEReadCounter.table","NW_015090842.1:10309467",172,650,478
"VPS4A","s1319_F_GON_01_ASEReadCounter.table","NW_015090842.1:10310230",201,652,451
"VPS4A","s1319_F_GON_01_ASEReadCounter.table","NW_015090842.1:10310425",177,560,383
"VPS4A","s1319_F_GON_01_ASEReadCounter.table","NW_015090842.1:10310639",186,581,395
"VPS4A","s1319_F_GON_01_ASEReadCounter.table","NW_015090842.1:10310734",164,505,341
"VPS4A","s1319_F_GON_01_ASEReadCounter.table","NW_015090842.1:10310737",164,516,352
"VPS4A","s1319_F_GON_01_ASEReadCounter.table","NW_015090842.1:10310746",168,520,352
"VPS4A","s1319_F_GON_01_ASEReadCounter.table","NW_015090842.1:10310767",169,529,360
"VPS4A","s1319_F_GON_01_ASEReadCounter.table","NW_015090842.1:10310995",167,509,342
"VPS4A","s1319_F_GON_01_ASEReadCounter.table","NW_015090842.1:10311004",175,511,336
"VPS4A","s1319_F_GON_01_ASEReadCounter.table","NW_015090842.1:10311007",175,528,353
"VPS4A","s1319_F_GON_01_ASEReadCounter.table","NW_015090842.1:10311013",183,537,354
"VPS4A","s1319_F_GON_01_ASEReadCounter.table","NW_015090842.1:10311022",173,510,337
"VPS4A","s1319_F_GON_01_ASEReadCounter.table","NW_015090842.1:10311023",171,511,340
"VPS4A","s1319_F_GON_01_ASEReadCounter.table","NW_015090842.1:10311426",174,537,363
"VPS4A","s1319_F_GON_01_ASEReadCounter.table","NW_015090842.1:10311489",0,18,18
"VPS4A","s1319_F_GON_01_ASEReadCounter.table","NW_015090842.1:10311490",0,14,14
"VPS4A","s1319_F_GON_01_ASEReadCounter.table","NW_015090842.1:10311525",8,24,16
"VPS4A","s1319_F_GON_01_ASEReadCounter.table","NW_015090842.1:10311529",9,37,28
"VPS4A","s1319_F_GON_01_ASEReadCounter.table","NW_015090842.1:10311530",9,40,31
"VPS4A","s1319_F_GON_01_ASEReadCounter.table","NW_015090842.1:10311552",24,65,41
"VPS4A","s1319_F_GON_01_ASEReadCounter.table","NW_015090842.1:10311689",19,88,69
"VPS4A","s1319_F_GON_01_ASEReadCounter.table","NW_015090842.1:10311700",22,89,67
"VPS4A","s1319_F_GON_01_ASEReadCounter.table","NW_015090842.1:10311701",22,90,68
"VPS4A","s1319_F_GON_01_ASEReadCounter.table","NW_015090842.1:10311703",22,90,68
"COG8","s1319_F_GON_01_ASEReadCounter.table","NW_015090842.1:10313487",8,25,17
"COG8","s1319_F_GON_01_ASEReadCounter.table","NW_015090842.1:10313559",16,35,19
"COG8","s1319_F_GON_01_ASEReadCounter.table","NW_015090842.1:10313579",17,37,20
"COG8","s1319_F_GON_01_ASEReadCounter.table","NW_015090842.1:10313665",15,36,21
"COG8","s1319_F_GON_01_ASEReadCounter.table","NW_015090842.1:10313681",18,40,22
"COG8","s1319_F_GON_01_ASEReadCounter.table","NW_015090842.1:10313768",17,40,23
"COG8","s1319_F_GON_01_ASEReadCounter.table","NW_015090842.1:10313775",18,40,22
"COG8","s1319_F_GON_01_ASEReadCounter.table","NW_015090842.1:10313811",17,35,18
"COG8","s1319_F_GON_01_ASEReadCounter.table","NW_015090842.1:10313858",9,24,15
"COG8","s1319_F_GON_01_ASEReadCounter.table","NW_015090842.1:10314100",9,34,25
"COG8","s1319_F_GON_01_ASEReadCounter.table","NW_015090842.1:10314213",22,50,28
"COG8","s1319_F_GON_01_ASEReadCounter.table","NW_015090842.1:10315093",16,39,23
"COG8","s1319_F_GON_01_ASEReadCounter.table","NW_015090842.1:10315162",17,48,31
"COG8","s1319_F_GON_01_ASEReadCounter.table","NW_015090842.1:10315285",26,55,29
"COG8","s1319_F_GON_01_ASEReadCounter.table","NW_015090842.1:10315360",21,49,28
"COG8","s1319_F_GON_01_ASEReadCounter.table","NW_015090842.1:10315369",22,50,28
"COG8","s1319_F_GON_01_ASEReadCounter.table","NW_015090842.1:10315504",11,23,12
"COG8","s1319_F_GON_01_ASEReadCounter.table","NW_015090842.1:10315508",10,21,11
"COG8","s1319_F_GON_01_ASEReadCounter.table","NW_015090842.1:10315624",9,31,22
"COG8","s1319_F_GON_01_ASEReadCounter.table","NW_015090842.1:10315693",6,28,22
"COG8","s1319_F_GON_01_ASEReadCounter.table","NW_015090842.1:10315698",9,30,21
"COG8","s1319_F_GON_01_ASEReadCounter.table","NW_015090842.1:10315768",6,22,16
"COG8","s1319_F_GON_01_ASEReadCounter.table","NW_015090842.1:10315769",6,22,16
"COG8","s1319_F_GON_01_ASEReadCounter.table","NW_015090842.1:10315784",4,23,19
"COG8","s1319_F_GON_01_ASEReadCounter.table","NW_015090842.1:10316093",5,26,21
"COG8","s1319_F_GON_01_ASEReadCounter.table","NW_015090842.1:10316133",4,21,17
"NIP7","s1319_F_GON_01_ASEReadCounter.table","NW_015090842.1:10316759",66,113,47
"NIP7","s1319_F_GON_01_ASEReadCounter.table","NW_015090842.1:10316967",409,681,272
"NIP7","s1319_F_GON_01_ASEReadCounter.table","NW_015090842.1:10316995",444,738,294
"NIP7","s1319_F_GON_01_ASEReadCounter.table","NW_015090842.1:10317240",528,858,330
"NIP7","s1319_F_GON_01_ASEReadCounter.table","NW_015090842.1:10317247",517,849,332
"NIP7","s1319_F_GON_01_ASEReadCounter.table","NW_015090842.1:10317264",481,785,304
"NIP7","s1319_F_GON_01_ASEReadCounter.table","NW_015090842.1:10317433",527,886,359
"NIP7","s1319_F_GON_01_ASEReadCounter.table","NW_015090842.1:10317738",404,690,286
"NIP7","s1319_F_GON_01_ASEReadCounter.table","NW_015090842.1:10317769",418,702,284
"NIP7","s1319_F_GON_01_ASEReadCounter.table","NW_015090842.1:10317808",247,432,185
"NIP7","s1319_F_GON_01_ASEReadCounter.table","NW_015090842.1:10317870",164,286,122
"NIP7","s1319_F_GON_01_ASEReadCounter.table","NW_015090842.1:10317871",163,274,111
"NIP7","s1319_F_GON_01_ASEReadCounter.table","NW_015090842.1:10317898",115,196,81
"NIP7","s1319_F_GON_01_ASEReadCounter.table","NW_015090842.1:10317911",103,170,67
"TMED6","s1319_F_GON_01_ASEReadCounter.table","NW_015090842.1:10318731",1,2,1
"TERF2","s1319_F_GON_01_ASEReadCounter.table","NW_015090842.1:10321665",10,16,6
"TERF2","s1319_F_GON_01_ASEReadCounter.table","NW_015090842.1:10321768",36,91,55
"TERF2","s1319_F_GON_01_ASEReadCounter.table","NW_015090842.1:10321777",37,89,52
"TERF2","s1319_F_GON_01_ASEReadCounter.table","NW_015090842.1:10321805",32,95,63
"TERF2","s1319_F_GON_01_ASEReadCounter.table","NW_015090842.1:10321878",52,137,85
"TERF2","s1319_F_GON_01_ASEReadCounter.table","NW_015090842.1:10321893",55,130,75
"TERF2","s1319_F_GON_01_ASEReadCounter.table","NW_015090842.1:10321897",53,125,72
"TERF2","s1319_F_GON_01_ASEReadCounter.table","NW_015090842.1:10321908",51,118,67
"TERF2","s1319_F_GON_01_ASEReadCounter.table","NW_015090842.1:10322001",80,189,109
"TERF2","s1319_F_GON_01_ASEReadCounter.table","NW_015090842.1:10322035",63,154,91
"TERF2","s1319_F_GON_01_ASEReadCounter.table","NW_015090842.1:10322051",61,165,104
"TERF2","s1319_F_GON_01_ASEReadCounter.table","NW_015090842.1:10322137",63,154,91
"TERF2","s1319_F_GON_01_ASEReadCounter.table","NW_015090842.1:10322144",58,146,88
"TERF2","s1319_F_GON_01_ASEReadCounter.table","NW_015090842.1:10322388",40,161,121
"TERF2","s1319_F_GON_01_ASEReadCounter.table","NW_015090842.1:10322396",41,154,113
"TERF2","s1319_F_GON_01_ASEReadCounter.table","NW_015090842.1:10322502",78,207,129
"TERF2","s1319_F_GON_01_ASEReadCounter.table","NW_015090842.1:10322504",77,204,127
"TERF2","s1319_F_GON_01_ASEReadCounter.table","NW_015090842.1:10322510",76,213,137
"TERF2","s1319_F_GON_01_ASEReadCounter.table","NW_015090842.1:10323580",101,242,141
"TERF2","s1319_F_GON_01_ASEReadCounter.table","NW_015090842.1:10324314",89,221,132
"TERF2","s1319_F_GON_01_ASEReadCounter.table","NW_015090842.1:10326832",88,192,104
"TERF2","s1319_F_GON_01_ASEReadCounter.table","NW_015090842.1:10327787",46,120,74
"TERF2","s1319_F_GON_01_ASEReadCounter.table","NW_015090842.1:10328588",69,184,115
"TERF2","s1319_F_GON_01_ASEReadCounter.table","NW_015090842.1:10328644",46,143,97
"TERF2","s1319_F_GON_01_ASEReadCounter.table","NW_015090842.1:10329813",43,129,86
"TERF2","s1319_F_GON_01_ASEReadCounter.table","NW_015090842.1:10330749",34,98,64
"TERF2","s1319_F_GON_01_ASEReadCounter.table","NW_015090842.1:10330789",40,102,62
"CYB5B","s1319_F_GON_01_ASEReadCounter.table","NW_015090842.1:10336595",22,75,53
"CYB5B","s1319_F_GON_01_ASEReadCounter.table","NW_015090842.1:10336667",128,305,177
"CYB5B","s1319_F_GON_01_ASEReadCounter.table","NW_015090842.1:10336689",180,433,253
"CYB5B","s1319_F_GON_01_ASEReadCounter.table","NW_015090842.1:10336728",260,608,348
"CYB5B","s1319_F_GON_01_ASEReadCounter.table","NW_015090842.1:10345068",265,590,325
"CYB5B","s1319_F_GON_01_ASEReadCounter.table","NW_015090842.1:10348800",300,727,427
"CYB5B","s1319_F_GON_01_ASEReadCounter.table","NW_015090842.1:10348888",247,592,345
"CYB5B","s1319_F_GON_01_ASEReadCounter.table","NW_015090842.1:10349046",243,587,344
"CYB5B","s1319_F_GON_01_ASEReadCounter.table","NW_015090842.1:10349119",131,385,254
"CYB5B","s1319_F_GON_01_ASEReadCounter.table","NW_015090842.1:10349146",77,337,260
"CYB5B","s1319_F_GON_01_ASEReadCounter.table","NW_015090842.1:10349157",119,387,268
