"gene","id","snp","ref_count","total_count","alt_count"
"CENPN","s1319_F_PIT_01_ASEReadCounter.table","NW_015090842.1:5801612",0,1,1
"CENPN","s1319_F_PIT_01_ASEReadCounter.table","NW_015090842.1:5801618",1,2,1
"CENPN","s1319_F_PIT_01_ASEReadCounter.table","NW_015090842.1:5801623",1,2,1
"CENPN","s1319_F_PIT_01_ASEReadCounter.table","NW_015090842.1:5801631",1,3,2
"CENPN","s1319_F_PIT_01_ASEReadCounter.table","NW_015090842.1:5801632",1,3,2
"CENPN","s1319_F_PIT_01_ASEReadCounter.table","NW_015090842.1:5801655",2,4,2
"CENPN","s1319_F_PIT_01_ASEReadCounter.table","NW_015090842.1:5801662",2,4,2
"CENPN","s1319_F_PIT_01_ASEReadCounter.table","NW_015090842.1:5801670",2,4,2
"CENPN","s1319_F_PIT_01_ASEReadCounter.table","NW_015090842.1:5801674",2,4,2
"CENPN","s1319_F_PIT_01_ASEReadCounter.table","NW_015090842.1:5801692",3,6,3
"CENPN","s1319_F_PIT_01_ASEReadCounter.table","NW_015090842.1:5801697",3,6,3
"CENPN","s1319_F_PIT_01_ASEReadCounter.table","NW_015090842.1:5802008",0,8,8
"CENPN","s1319_F_PIT_01_ASEReadCounter.table","NW_015090842.1:5802012",0,8,8
"CENPN","s1319_F_PIT_01_ASEReadCounter.table","NW_015090842.1:5802087",4,17,13
"CENPN","s1319_F_PIT_01_ASEReadCounter.table","NW_015090842.1:5810113",0,4,4
"CENPN","s1319_F_PIT_01_ASEReadCounter.table","NW_015090842.1:5810147",6,8,2
"CENPN","s1319_F_PIT_01_ASEReadCounter.table","NW_015090842.1:5810148",6,8,2
"ATMIN","s1319_F_PIT_01_ASEReadCounter.table","NW_015090842.1:5818789",1,4,3
"ATMIN","s1319_F_PIT_01_ASEReadCounter.table","NW_015090842.1:5819958",6,15,9
"ATMIN","s1319_F_PIT_01_ASEReadCounter.table","NW_015090842.1:5820004",8,13,5
"ATMIN","s1319_F_PIT_01_ASEReadCounter.table","NW_015090842.1:5820217",3,8,5
"ATMIN","s1319_F_PIT_01_ASEReadCounter.table","NW_015090842.1:5820250",4,5,1
"ATMIN","s1319_F_PIT_01_ASEReadCounter.table","NW_015090842.1:5820298",4,6,2
"ATMIN","s1319_F_PIT_01_ASEReadCounter.table","NW_015090842.1:5820417",2,4,2
"ATMIN","s1319_F_PIT_01_ASEReadCounter.table","NW_015090842.1:5820421",1,4,3
"ATMIN","s1319_F_PIT_01_ASEReadCounter.table","NW_015090842.1:5820448",4,7,3
"ATMIN","s1319_F_PIT_01_ASEReadCounter.table","NW_015090842.1:5820457",3,6,3
"ATMIN","s1319_F_PIT_01_ASEReadCounter.table","NW_015090842.1:5820510",5,8,3
"ATMIN","s1319_F_PIT_01_ASEReadCounter.table","NW_015090842.1:5820673",3,5,2
"ATMIN","s1319_F_PIT_01_ASEReadCounter.table","NW_015090842.1:5820754",1,3,2
"ATMIN","s1319_F_PIT_01_ASEReadCounter.table","NW_015090842.1:5820820",1,3,2
"ATMIN","s1319_F_PIT_01_ASEReadCounter.table","NW_015090842.1:5820865",2,3,1
"ATMIN","s1319_F_PIT_01_ASEReadCounter.table","NW_015090842.1:5820889",2,3,1
"ATMIN","s1319_F_PIT_01_ASEReadCounter.table","NW_015090842.1:5820891",2,3,1
"ATMIN","s1319_F_PIT_01_ASEReadCounter.table","NW_015090842.1:5820997",5,6,1
"ATMIN","s1319_F_PIT_01_ASEReadCounter.table","NW_015090842.1:5821063",4,8,4
"ATMIN","s1319_F_PIT_01_ASEReadCounter.table","NW_015090842.1:5821132",4,9,5
"ATMIN","s1319_F_PIT_01_ASEReadCounter.table","NW_015090842.1:5821645",10,15,5
"ATMIN","s1319_F_PIT_01_ASEReadCounter.table","NW_015090842.1:5825066",4,9,5
"ATMIN","s1319_F_PIT_01_ASEReadCounter.table","NW_015090842.1:5825106",5,11,6
"ATMIN","s1319_F_PIT_01_ASEReadCounter.table","NW_015090842.1:5825122",4,8,4
"ATMIN","s1319_F_PIT_01_ASEReadCounter.table","NW_015090842.1:5825178",7,11,4
"ATMIN","s1319_F_PIT_01_ASEReadCounter.table","NW_015090842.1:5825194",7,12,5
"ATMIN","s1319_F_PIT_01_ASEReadCounter.table","NW_015090842.1:5825195",7,12,5
"ATMIN","s1319_F_PIT_01_ASEReadCounter.table","NW_015090842.1:5825220",7,12,5
"ATMIN","s1319_F_PIT_01_ASEReadCounter.table","NW_015090842.1:5825240",8,10,2
"ATMIN","s1319_F_PIT_01_ASEReadCounter.table","NW_015090842.1:5825303",13,17,4
"ATMIN","s1319_F_PIT_01_ASEReadCounter.table","NW_015090842.1:5825304",13,17,4
"ATMIN","s1319_F_PIT_01_ASEReadCounter.table","NW_015090842.1:5825310",15,19,4
"ATMIN","s1319_F_PIT_01_ASEReadCounter.table","NW_015090842.1:5825406",9,16,7
"ATMIN","s1319_F_PIT_01_ASEReadCounter.table","NW_015090842.1:5825415",8,16,8
"ATMIN","s1319_F_PIT_01_ASEReadCounter.table","NW_015090842.1:5825438",7,14,7
"ATMIN","s1319_F_PIT_01_ASEReadCounter.table","NW_015090842.1:5825485",6,12,6
"ATMIN","s1319_F_PIT_01_ASEReadCounter.table","NW_015090842.1:5825524",8,14,6
"ATMIN","s1319_F_PIT_01_ASEReadCounter.table","NW_015090842.1:5825557",7,17,10
"ATMIN","s1319_F_PIT_01_ASEReadCounter.table","NW_015090842.1:5825571",8,19,11
"ATMIN","s1319_F_PIT_01_ASEReadCounter.table","NW_015090842.1:5825579",6,17,11
"ATMIN","s1319_F_PIT_01_ASEReadCounter.table","NW_015090842.1:5825590",7,17,10
"ATMIN","s1319_F_PIT_01_ASEReadCounter.table","NW_015090842.1:5825689",3,22,19
"ATMIN","s1319_F_PIT_01_ASEReadCounter.table","NW_015090842.1:5825703",6,23,17
"ATMIN","s1319_F_PIT_01_ASEReadCounter.table","NW_015090842.1:5825787",8,19,11
"ATMIN","s1319_F_PIT_01_ASEReadCounter.table","NW_015090842.1:5825833",9,22,13
"ATMIN","s1319_F_PIT_01_ASEReadCounter.table","NW_015090842.1:5825841",10,21,11
"ATMIN","s1319_F_PIT_01_ASEReadCounter.table","NW_015090842.1:5825895",10,21,11
"ATMIN","s1319_F_PIT_01_ASEReadCounter.table","NW_015090842.1:5825984",11,23,12
"ATMIN","s1319_F_PIT_01_ASEReadCounter.table","NW_015090842.1:5826162",12,24,12
"ATMIN","s1319_F_PIT_01_ASEReadCounter.table","NW_015090842.1:5826194",11,28,17
"ATMIN","s1319_F_PIT_01_ASEReadCounter.table","NW_015090842.1:5826235",13,35,22
"ATMIN","s1319_F_PIT_01_ASEReadCounter.table","NW_015090842.1:5826245",10,28,18
"ATMIN","s1319_F_PIT_01_ASEReadCounter.table","NW_015090842.1:5826335",7,21,14
"ATMIN","s1319_F_PIT_01_ASEReadCounter.table","NW_015090842.1:5826417",7,24,17
"ATMIN","s1319_F_PIT_01_ASEReadCounter.table","NW_015090842.1:5826431",8,30,22
"ATMIN","s1319_F_PIT_01_ASEReadCounter.table","NW_015090842.1:5826438",8,27,19
"ATMIN","s1319_F_PIT_01_ASEReadCounter.table","NW_015090842.1:5826463",16,35,19
"ATMIN","s1319_F_PIT_01_ASEReadCounter.table","NW_015090842.1:5826502",17,36,19
"ATMIN","s1319_F_PIT_01_ASEReadCounter.table","NW_015090842.1:5826511",17,37,20
"ATMIN","s1319_F_PIT_01_ASEReadCounter.table","NW_015090842.1:5826659",14,28,14
"ATMIN","s1319_F_PIT_01_ASEReadCounter.table","NW_015090842.1:5826701",13,30,17
"ATMIN","s1319_F_PIT_01_ASEReadCounter.table","NW_015090842.1:5826702",12,29,17
"ATMIN","s1319_F_PIT_01_ASEReadCounter.table","NW_015090842.1:5826732",12,29,17
"ATMIN","s1319_F_PIT_01_ASEReadCounter.table","NW_015090842.1:5826745",12,27,15
"ATMIN","s1319_F_PIT_01_ASEReadCounter.table","NW_015090842.1:5826835",13,29,16
"ATMIN","s1319_F_PIT_01_ASEReadCounter.table","NW_015090842.1:5826942",4,22,18
"ATMIN","s1319_F_PIT_01_ASEReadCounter.table","NW_015090842.1:5827193",22,43,21
"ATMIN","s1319_F_PIT_01_ASEReadCounter.table","NW_015090842.1:5827196",21,42,21
"ATMIN","s1319_F_PIT_01_ASEReadCounter.table","NW_015090842.1:5827269",22,40,18
"ATMIN","s1319_F_PIT_01_ASEReadCounter.table","NW_015090842.1:5827315",18,34,16
"ATMIN","s1319_F_PIT_01_ASEReadCounter.table","NW_015090842.1:5827316",18,34,16
"ATMIN","s1319_F_PIT_01_ASEReadCounter.table","NW_015090842.1:5827333",19,35,16
"PPP1R3E","s1319_F_PIT_01_ASEReadCounter.table","NW_015090842.1:5837733",8,15,7
"PPP1R3E","s1319_F_PIT_01_ASEReadCounter.table","NW_015090842.1:5837947",8,10,2
"BCO1","s1319_F_PIT_01_ASEReadCounter.table","NW_015090842.1:5917836",1,1,0
"BCO1","s1319_F_PIT_01_ASEReadCounter.table","NW_015090842.1:5917912",4,5,1
"BCO1","s1319_F_PIT_01_ASEReadCounter.table","NW_015090842.1:5917941",6,8,2
"BCO1","s1319_F_PIT_01_ASEReadCounter.table","NW_015090842.1:5917971",14,18,4
"BCO1","s1319_F_PIT_01_ASEReadCounter.table","NW_015090842.1:5921679",14,17,3
"BCO1","s1319_F_PIT_01_ASEReadCounter.table","NW_015090842.1:5921726",15,20,5
"BCO1","s1319_F_PIT_01_ASEReadCounter.table","NW_015090842.1:5925669",6,13,7
"BCO1","s1319_F_PIT_01_ASEReadCounter.table","NW_015090842.1:5926937",8,16,8
"BCO1","s1319_F_PIT_01_ASEReadCounter.table","NW_015090842.1:5927921",12,21,9
"BCO1","s1319_F_PIT_01_ASEReadCounter.table","NW_015090842.1:5927948",12,21,9
"BCO1","s1319_F_PIT_01_ASEReadCounter.table","NW_015090842.1:5927968",8,16,8
"BCO1","s1319_F_PIT_01_ASEReadCounter.table","NW_015090842.1:5928052",12,19,7
"BCO1","s1319_F_PIT_01_ASEReadCounter.table","NW_015090842.1:5932726",14,21,7
"BCO1","s1319_F_PIT_01_ASEReadCounter.table","NW_015090842.1:5932801",10,16,6
"BCO1","s1319_F_PIT_01_ASEReadCounter.table","NW_015090842.1:5934558",19,25,6
"BCO1","s1319_F_PIT_01_ASEReadCounter.table","NW_015090842.1:5934575",19,26,7
"BCO1","s1319_F_PIT_01_ASEReadCounter.table","NW_015090842.1:5934608",19,28,9
"BCO1","s1319_F_PIT_01_ASEReadCounter.table","NW_015090842.1:5934647",19,27,8
"BCO1","s1319_F_PIT_01_ASEReadCounter.table","NW_015090842.1:5934725",9,13,4
"BCO1","s1319_F_PIT_01_ASEReadCounter.table","NW_015090842.1:5934726",9,13,4
"BCO1","s1319_F_PIT_01_ASEReadCounter.table","NW_015090842.1:5934733",5,9,4
"BCO1","s1319_F_PIT_01_ASEReadCounter.table","NW_015090842.1:5934821",9,12,3
"BCO1","s1319_F_PIT_01_ASEReadCounter.table","NW_015090842.1:5934826",10,14,4
"BCO1","s1319_F_PIT_01_ASEReadCounter.table","NW_015090842.1:5934844",11,13,2
"BCO1","s1319_F_PIT_01_ASEReadCounter.table","NW_015090842.1:5934958",15,20,5
"BCO1","s1319_F_PIT_01_ASEReadCounter.table","NW_015090842.1:5934976",18,21,3
"GAN","s1319_F_PIT_01_ASEReadCounter.table","NW_015090842.1:5953759",2,5,3
"GAN","s1319_F_PIT_01_ASEReadCounter.table","NW_015090842.1:5957502",6,15,9
"GAN","s1319_F_PIT_01_ASEReadCounter.table","NW_015090842.1:5957578",5,11,6
"GAN","s1319_F_PIT_01_ASEReadCounter.table","NW_015090842.1:5966047",1,4,3
"GAN","s1319_F_PIT_01_ASEReadCounter.table","NW_015090842.1:5966126",3,5,2
"GAN","s1319_F_PIT_01_ASEReadCounter.table","NW_015090842.1:5966127",3,5,2
"GAN","s1319_F_PIT_01_ASEReadCounter.table","NW_015090842.1:5966162",5,7,2
"GAN","s1319_F_PIT_01_ASEReadCounter.table","NW_015090842.1:5966483",2,7,5
"CMIP","s1319_F_PIT_01_ASEReadCounter.table","NW_015090842.1:6109159",18,23,5
"CMIP","s1319_F_PIT_01_ASEReadCounter.table","NW_015090842.1:6109166",18,23,5
"CMIP","s1319_F_PIT_01_ASEReadCounter.table","NW_015090842.1:6114641",15,31,16
"CMIP","s1319_F_PIT_01_ASEReadCounter.table","NW_015090842.1:6114751",9,20,11
"CMIP","s1319_F_PIT_01_ASEReadCounter.table","NW_015090842.1:6114824",9,20,11
"CMIP","s1319_F_PIT_01_ASEReadCounter.table","NW_015090842.1:6126295",87,92,5
"CMIP","s1319_F_PIT_01_ASEReadCounter.table","NW_015090842.1:6128998",26,102,76
"CMIP","s1319_F_PIT_01_ASEReadCounter.table","NW_015090842.1:6130562",21,142,121
"CMIP","s1319_F_PIT_01_ASEReadCounter.table","NW_015090842.1:6132522",30,79,49
"CMIP","s1319_F_PIT_01_ASEReadCounter.table","NW_015090842.1:6138265",47,224,177
"CMIP","s1319_F_PIT_01_ASEReadCounter.table","NW_015090842.1:6138300",51,241,190
"CMIP","s1319_F_PIT_01_ASEReadCounter.table","NW_015090842.1:6138342",36,205,169
"CMIP","s1319_F_PIT_01_ASEReadCounter.table","NW_015090842.1:6138343",35,206,171
"CMIP","s1319_F_PIT_01_ASEReadCounter.table","NW_015090842.1:6138345",37,214,177
"CMIP","s1319_F_PIT_01_ASEReadCounter.table","NW_015090842.1:6138647",44,155,111
"CMIP","s1319_F_PIT_01_ASEReadCounter.table","NW_015090842.1:6138745",48,170,122
"CMIP","s1319_F_PIT_01_ASEReadCounter.table","NW_015090842.1:6138832",6,56,50
"CMIP","s1319_F_PIT_01_ASEReadCounter.table","NW_015090842.1:6138967",40,140,100
"CMIP","s1319_F_PIT_01_ASEReadCounter.table","NW_015090842.1:6139131",12,82,70
"CMIP","s1319_F_PIT_01_ASEReadCounter.table","NW_015090842.1:6139163",2,71,69
"CMIP","s1319_F_PIT_01_ASEReadCounter.table","NW_015090842.1:6139212",110,136,26
"CMIP","s1319_F_PIT_01_ASEReadCounter.table","NW_015090842.1:6139360",16,66,50
"CMIP","s1319_F_PIT_01_ASEReadCounter.table","NW_015090842.1:6139572",16,53,37
"PLCG2","s1319_F_PIT_01_ASEReadCounter.table","NW_015090842.1:6179613",4,5,1
"PLCG2","s1319_F_PIT_01_ASEReadCounter.table","NW_015090842.1:6179658",9,10,1
"PLCG2","s1319_F_PIT_01_ASEReadCounter.table","NW_015090842.1:6203766",5,8,3
"PLCG2","s1319_F_PIT_01_ASEReadCounter.table","NW_015090842.1:6203775",5,7,2
"PLCG2","s1319_F_PIT_01_ASEReadCounter.table","NW_015090842.1:6203787",4,6,2
"PLCG2","s1319_F_PIT_01_ASEReadCounter.table","NW_015090842.1:6209741",9,10,1
"PLCG2","s1319_F_PIT_01_ASEReadCounter.table","NW_015090842.1:6209798",2,2,0
"PLCG2","s1319_F_PIT_01_ASEReadCounter.table","NW_015090842.1:6209816",4,4,0
"PLCG2","s1319_F_PIT_01_ASEReadCounter.table","NW_015090842.1:6217547",7,17,10
"PLCG2","s1319_F_PIT_01_ASEReadCounter.table","NW_015090842.1:6218641",8,16,8
"PLCG2","s1319_F_PIT_01_ASEReadCounter.table","NW_015090842.1:6220552",13,18,5
"PLCG2","s1319_F_PIT_01_ASEReadCounter.table","NW_015090842.1:6221969",13,16,3
"PLCG2","s1319_F_PIT_01_ASEReadCounter.table","NW_015090842.1:6228672",14,18,4
"PLCG2","s1319_F_PIT_01_ASEReadCounter.table","NW_015090842.1:6228694",17,24,7
"PLCG2","s1319_F_PIT_01_ASEReadCounter.table","NW_015090842.1:6228722",16,25,9
"PLCG2","s1319_F_PIT_01_ASEReadCounter.table","NW_015090842.1:6228747",12,20,8
"PLCG2","s1319_F_PIT_01_ASEReadCounter.table","NW_015090842.1:6228835",19,30,11
"PLCG2","s1319_F_PIT_01_ASEReadCounter.table","NW_015090842.1:6228841",18,29,11
"PLCG2","s1319_F_PIT_01_ASEReadCounter.table","NW_015090842.1:6228865",21,34,13
"PLCG2","s1319_F_PIT_01_ASEReadCounter.table","NW_015090842.1:6228917",25,38,13
"PLCG2","s1319_F_PIT_01_ASEReadCounter.table","NW_015090842.1:6228926",22,34,12
"PLCG2","s1319_F_PIT_01_ASEReadCounter.table","NW_015090842.1:6228954",19,26,7
"PLCG2","s1319_F_PIT_01_ASEReadCounter.table","NW_015090842.1:6229002",24,32,8
"PLCG2","s1319_F_PIT_01_ASEReadCounter.table","NW_015090842.1:6229006",23,30,7
"PLCG2","s1319_F_PIT_01_ASEReadCounter.table","NW_015090842.1:6229081",14,20,6
"PLCG2","s1319_F_PIT_01_ASEReadCounter.table","NW_015090842.1:6229097",11,15,4
"PLCG2","s1319_F_PIT_01_ASEReadCounter.table","NW_015090842.1:6229160",13,17,4
"PLCG2","s1319_F_PIT_01_ASEReadCounter.table","NW_015090842.1:6229213",19,26,7
"PLCG2","s1319_F_PIT_01_ASEReadCounter.table","NW_015090842.1:6229231",24,36,12
"PLCG2","s1319_F_PIT_01_ASEReadCounter.table","NW_015090842.1:6229663",17,18,1
"PLCG2","s1319_F_PIT_01_ASEReadCounter.table","NW_015090842.1:6229748",14,17,3
"PLCG2","s1319_F_PIT_01_ASEReadCounter.table","NW_015090842.1:6229892",21,22,1
"PLCG2","s1319_F_PIT_01_ASEReadCounter.table","NW_015090842.1:6230248",15,20,5
"PLCG2","s1319_F_PIT_01_ASEReadCounter.table","NW_015090842.1:6230255",13,16,3
"PLCG2","s1319_F_PIT_01_ASEReadCounter.table","NW_015090842.1:6230276",13,14,1
"PLCG2","s1319_F_PIT_01_ASEReadCounter.table","NW_015090842.1:6230296",10,11,1
"PLCG2","s1319_F_PIT_01_ASEReadCounter.table","NW_015090842.1:6230349",23,23,0
"PLCG2","s1319_F_PIT_01_ASEReadCounter.table","NW_015090842.1:6230408",31,31,0
"PLCG2","s1319_F_PIT_01_ASEReadCounter.table","NW_015090842.1:6230439",25,26,1
"PLCG2","s1319_F_PIT_01_ASEReadCounter.table","NW_015090842.1:6230757",4,9,5
"PLCG2","s1319_F_PIT_01_ASEReadCounter.table","NW_015090842.1:6230758",6,10,4
"PLCG2","s1319_F_PIT_01_ASEReadCounter.table","NW_015090842.1:6230898",20,23,3
"PLCG2","s1319_F_PIT_01_ASEReadCounter.table","NW_015090842.1:6230976",23,26,3
"PLCG2","s1319_F_PIT_01_ASEReadCounter.table","NW_015090842.1:6231078",27,29,2
"PLCG2","s1319_F_PIT_01_ASEReadCounter.table","NW_015090842.1:6231138",39,40,1
"PLCG2","s1319_F_PIT_01_ASEReadCounter.table","NW_015090842.1:6231177",39,41,2
"PLCG2","s1319_F_PIT_01_ASEReadCounter.table","NW_015090842.1:6231263",24,24,0
"SDR42E1","s1319_F_PIT_01_ASEReadCounter.table","NW_015090842.1:6235292",2,5,3
"SDR42E1","s1319_F_PIT_01_ASEReadCounter.table","NW_015090842.1:6235315",6,14,8
"SDR42E1","s1319_F_PIT_01_ASEReadCounter.table","NW_015090842.1:6235348",10,22,12
"SDR42E1","s1319_F_PIT_01_ASEReadCounter.table","NW_015090842.1:6235355",10,20,10
"SDR42E1","s1319_F_PIT_01_ASEReadCounter.table","NW_015090842.1:6235417",19,34,15
"SDR42E1","s1319_F_PIT_01_ASEReadCounter.table","NW_015090842.1:6235558",13,38,25
"SDR42E1","s1319_F_PIT_01_ASEReadCounter.table","NW_015090842.1:6235741",14,39,25
"SDR42E1","s1319_F_PIT_01_ASEReadCounter.table","NW_015090842.1:6235777",17,44,27
"SDR42E1","s1319_F_PIT_01_ASEReadCounter.table","NW_015090842.1:6235806",18,51,33
"SDR42E1","s1319_F_PIT_01_ASEReadCounter.table","NW_015090842.1:6235809",18,51,33
"SDR42E1","s1319_F_PIT_01_ASEReadCounter.table","NW_015090842.1:6235816",20,54,34
"SDR42E1","s1319_F_PIT_01_ASEReadCounter.table","NW_015090842.1:6235914",24,58,34
"SDR42E1","s1319_F_PIT_01_ASEReadCounter.table","NW_015090842.1:6235935",23,58,35
"SDR42E1","s1319_F_PIT_01_ASEReadCounter.table","NW_015090842.1:6235957",22,57,35
"SDR42E1","s1319_F_PIT_01_ASEReadCounter.table","NW_015090842.1:6236040",14,37,23
"SDR42E1","s1319_F_PIT_01_ASEReadCounter.table","NW_015090842.1:6236260",13,32,19
"SDR42E1","s1319_F_PIT_01_ASEReadCounter.table","NW_015090842.1:6236281",16,35,19
"SDR42E1","s1319_F_PIT_01_ASEReadCounter.table","NW_015090842.1:6236305",22,37,15
"SDR42E1","s1319_F_PIT_01_ASEReadCounter.table","NW_015090842.1:6236458",23,47,24
"SDR42E1","s1319_F_PIT_01_ASEReadCounter.table","NW_015090842.1:6236476",34,62,28
"SDR42E1","s1319_F_PIT_01_ASEReadCounter.table","NW_015090842.1:6236608",20,48,28
"SDR42E1","s1319_F_PIT_01_ASEReadCounter.table","NW_015090842.1:6238244",15,32,17
"SDR42E1","s1319_F_PIT_01_ASEReadCounter.table","NW_015090842.1:6238829",6,15,9
"HSD17B2","s1319_F_PIT_01_ASEReadCounter.table","NW_015090842.1:6262951",0,2,2
"HSD17B2","s1319_F_PIT_01_ASEReadCounter.table","NW_015090842.1:6262974",0,1,1
"HSD17B2","s1319_F_PIT_01_ASEReadCounter.table","NW_015090842.1:6267273",0,2,2
"ARY2","s1319_F_PIT_01_ASEReadCounter.table","NW_015090842.1:6303922",1,5,4
"ARY2","s1319_F_PIT_01_ASEReadCounter.table","NW_015090842.1:6303954",1,5,4
"ARY2","s1319_F_PIT_01_ASEReadCounter.table","NW_015090842.1:6303979",1,6,5
"ARY2","s1319_F_PIT_01_ASEReadCounter.table","NW_015090842.1:6305848",3,6,3
"ARY2","s1319_F_PIT_01_ASEReadCounter.table","NW_015090842.1:6305856",3,6,3
"ARY2","s1319_F_PIT_01_ASEReadCounter.table","NW_015090842.1:6305857",3,6,3
"ARY2","s1319_F_PIT_01_ASEReadCounter.table","NW_015090842.1:6306017",4,6,2
"ARY2","s1319_F_PIT_01_ASEReadCounter.table","NW_015090842.1:6306052",3,6,3
"ARY2","s1319_F_PIT_01_ASEReadCounter.table","NW_015090842.1:6306094",2,6,4
"ARY2","s1319_F_PIT_01_ASEReadCounter.table","NW_015090842.1:6306100",2,6,4
"ARY2","s1319_F_PIT_01_ASEReadCounter.table","NW_015090842.1:6306146",2,7,5
"ARY2","s1319_F_PIT_01_ASEReadCounter.table","NW_015090842.1:6306147",2,7,5
"ARY2","s1319_F_PIT_01_ASEReadCounter.table","NW_015090842.1:6306390",5,8,3
"ARY2","s1319_F_PIT_01_ASEReadCounter.table","NW_015090842.1:6306567",4,4,0
"ARY2","s1319_F_PIT_01_ASEReadCounter.table","NW_015090842.1:6306705",4,7,3
"ARY2","s1319_F_PIT_01_ASEReadCounter.table","NW_015090842.1:6306773",7,11,4
"ARY2","s1319_F_PIT_01_ASEReadCounter.table","NW_015090842.1:6307039",5,7,2
"ARY2","s1319_F_PIT_01_ASEReadCounter.table","NW_015090842.1:6307043",6,8,2
"ARY2","s1319_F_PIT_01_ASEReadCounter.table","NW_015090842.1:6307093",6,9,3
"ARY2","s1319_F_PIT_01_ASEReadCounter.table","NW_015090842.1:6307138",6,9,3
"ARY2","s1319_F_PIT_01_ASEReadCounter.table","NW_015090842.1:6307157",5,7,2
"ARY2","s1319_F_PIT_01_ASEReadCounter.table","NW_015090842.1:6307187",5,9,4
"ARY2","s1319_F_PIT_01_ASEReadCounter.table","NW_015090842.1:6307204",4,7,3
"ARY2","s1319_F_PIT_01_ASEReadCounter.table","NW_015090842.1:6307278",3,8,5
"ARY2","s1319_F_PIT_01_ASEReadCounter.table","NW_015090842.1:6307305",2,9,7
"ARY2","s1319_F_PIT_01_ASEReadCounter.table","NW_015090842.1:6307318",2,9,7
"ARY2","s1319_F_PIT_01_ASEReadCounter.table","NW_015090842.1:6307429",5,7,2
"ARY2","s1319_F_PIT_01_ASEReadCounter.table","NW_015090842.1:6307487",4,4,0
"ARY2","s1319_F_PIT_01_ASEReadCounter.table","NW_015090842.1:6307670",4,5,1
"ARYL","s1319_F_PIT_01_ASEReadCounter.table","NW_015090842.1:6313360",1,1,0
"ARYL","s1319_F_PIT_01_ASEReadCounter.table","NW_015090842.1:6313377",1,1,0
"ARYL","s1319_F_PIT_01_ASEReadCounter.table","NW_015090842.1:6313767",1,1,0
"ARY1","s1319_F_PIT_01_ASEReadCounter.table","NW_015090842.1:6314296",1,2,1
"ARY1","s1319_F_PIT_01_ASEReadCounter.table","NW_015090842.1:6314541",2,2,0
"ARY1","s1319_F_PIT_01_ASEReadCounter.table","NW_015090842.1:6314597",2,3,1
"ARY1","s1319_F_PIT_01_ASEReadCounter.table","NW_015090842.1:6314750",0,1,1
"ARY1","s1319_F_PIT_01_ASEReadCounter.table","NW_015090842.1:6314794",2,2,0
"ARY1","s1319_F_PIT_01_ASEReadCounter.table","NW_015090842.1:6314827",2,2,0
"ARY1","s1319_F_PIT_01_ASEReadCounter.table","NW_015090842.1:6314859",1,1,0
"ARY1","s1319_F_PIT_01_ASEReadCounter.table","NW_015090842.1:6314886",1,2,1
"ARY1","s1319_F_PIT_01_ASEReadCounter.table","NW_015090842.1:6315022",1,3,2
"ARY1","s1319_F_PIT_01_ASEReadCounter.table","NW_015090842.1:6315026",1,3,2
"ARY1","s1319_F_PIT_01_ASEReadCounter.table","NW_015090842.1:6315043",1,1,0
"ARY1","s1319_F_PIT_01_ASEReadCounter.table","NW_015090842.1:6315409",2,3,1
"ARY1","s1319_F_PIT_01_ASEReadCounter.table","NW_015090842.1:6315479",4,6,2
"ARY1","s1319_F_PIT_01_ASEReadCounter.table","NW_015090842.1:6318342",1,6,5
"ARY1","s1319_F_PIT_01_ASEReadCounter.table","NW_015090842.1:6318427",0,3,3
"ARY1","s1319_F_PIT_01_ASEReadCounter.table","NW_015090842.1:6318603",1,3,2
"ARY1","s1319_F_PIT_01_ASEReadCounter.table","NW_015090842.1:6318708",1,3,2
"ARY1","s1319_F_PIT_01_ASEReadCounter.table","NW_015090842.1:6318858",2,3,1
"MPHOSPH6","s1319_F_PIT_01_ASEReadCounter.table","NW_015090842.1:6324063",41,92,51
"MPHOSPH6","s1319_F_PIT_01_ASEReadCounter.table","NW_015090842.1:6324174",76,183,107
"MPHOSPH6","s1319_F_PIT_01_ASEReadCounter.table","NW_015090842.1:6324270",103,256,153
"MPHOSPH6","s1319_F_PIT_01_ASEReadCounter.table","NW_015090842.1:6324762",131,282,151
"MPHOSPH6","s1319_F_PIT_01_ASEReadCounter.table","NW_015090842.1:6324780",117,243,126
"MPHOSPH6","s1319_F_PIT_01_ASEReadCounter.table","NW_015090842.1:6324902",143,281,138
"MPHOSPH6","s1319_F_PIT_01_ASEReadCounter.table","NW_015090842.1:6325066",148,336,188
"MPHOSPH6","s1319_F_PIT_01_ASEReadCounter.table","NW_015090842.1:6325089",180,370,190
"MPHOSPH6","s1319_F_PIT_01_ASEReadCounter.table","NW_015090842.1:6325877",193,406,213
"MPHOSPH6","s1319_F_PIT_01_ASEReadCounter.table","NW_015090842.1:6326976",131,285,154
"CDH13","s1319_F_PIT_01_ASEReadCounter.table","NW_015090842.1:6662283",1,1,0
"CDH13","s1319_F_PIT_01_ASEReadCounter.table","NW_015090842.1:6693665",2,2,0
"CDH13","s1319_F_PIT_01_ASEReadCounter.table","NW_015090842.1:6693697",2,2,0
"CDH13","s1319_F_PIT_01_ASEReadCounter.table","NW_015090842.1:6693712",2,2,0
"CDH13","s1319_F_PIT_01_ASEReadCounter.table","NW_015090842.1:6693723",2,2,0
"CDH13","s1319_F_PIT_01_ASEReadCounter.table","NW_015090842.1:6693738",1,1,0
"CDH13","s1319_F_PIT_01_ASEReadCounter.table","NW_015090842.1:6823730",5,6,1
"CDH13","s1319_F_PIT_01_ASEReadCounter.table","NW_015090842.1:6889713",2,2,0
"CDH13","s1319_F_PIT_01_ASEReadCounter.table","NW_015090842.1:6955167",1,1,0
"MLYCD","s1319_F_PIT_01_ASEReadCounter.table","NW_015090842.1:7150054",39,85,46
"MLYCD","s1319_F_PIT_01_ASEReadCounter.table","NW_015090842.1:7150131",59,141,82
"MLYCD","s1319_F_PIT_01_ASEReadCounter.table","NW_015090842.1:7150585",56,126,70
"MLYCD","s1319_F_PIT_01_ASEReadCounter.table","NW_015090842.1:7150686",40,98,58
"MLYCD","s1319_F_PIT_01_ASEReadCounter.table","NW_015090842.1:7150696",45,107,62
"MLYCD","s1319_F_PIT_01_ASEReadCounter.table","NW_015090842.1:7150869",35,99,64
"MLYCD","s1319_F_PIT_01_ASEReadCounter.table","NW_015090842.1:7151100",51,131,80
"MLYCD","s1319_F_PIT_01_ASEReadCounter.table","NW_015090842.1:7151127",60,139,79
"MLYCD","s1319_F_PIT_01_ASEReadCounter.table","NW_015090842.1:7157538",45,117,72
"MLYCD","s1319_F_PIT_01_ASEReadCounter.table","NW_015090842.1:7167662",21,53,32
"MLYCD","s1319_F_PIT_01_ASEReadCounter.table","NW_015090842.1:7167675",23,54,31
"MLYCD","s1319_F_PIT_01_ASEReadCounter.table","NW_015090842.1:7167710",21,53,32
"MLYCD","s1319_F_PIT_01_ASEReadCounter.table","NW_015090842.1:7167781",16,38,22
"MLYCD","s1319_F_PIT_01_ASEReadCounter.table","NW_015090842.1:7167803",14,33,19
"MLYCD","s1319_F_PIT_01_ASEReadCounter.table","NW_015090842.1:7167812",13,32,19
"MLYCD","s1319_F_PIT_01_ASEReadCounter.table","NW_015090842.1:7167845",16,38,22
"MLYCD","s1319_F_PIT_01_ASEReadCounter.table","NW_015090842.1:7167862",14,35,21
"MLYCD","s1319_F_PIT_01_ASEReadCounter.table","NW_015090842.1:7167929",9,25,16
"MLYCD","s1319_F_PIT_01_ASEReadCounter.table","NW_015090842.1:7167995",11,24,13
"MLYCD","s1319_F_PIT_01_ASEReadCounter.table","NW_015090842.1:7168005",11,25,14
"MLYCD","s1319_F_PIT_01_ASEReadCounter.table","NW_015090842.1:7168037",14,25,11
"HSBP1","s1319_F_PIT_01_ASEReadCounter.table","NW_015090842.1:7245192",309,570,261
"HSBP1","s1319_F_PIT_01_ASEReadCounter.table","NW_015090842.1:7245226",340,682,342
"HSBP1","s1319_F_PIT_01_ASEReadCounter.table","NW_015090842.1:7245257",303,618,315
"HSBP1","s1319_F_PIT_01_ASEReadCounter.table","NW_015090842.1:7245296",310,676,366
"HSBP1","s1319_F_PIT_01_ASEReadCounter.table","NW_015090842.1:7245389",448,819,371
"HSBP1","s1319_F_PIT_01_ASEReadCounter.table","NW_015090842.1:7245400",462,813,351
"HSBP1","s1319_F_PIT_01_ASEReadCounter.table","NW_015090842.1:7245445",417,785,368
"HSBP1","s1319_F_PIT_01_ASEReadCounter.table","NW_015090842.1:7245495",392,717,325
"HSBP1","s1319_F_PIT_01_ASEReadCounter.table","NW_015090842.1:7245733",265,527,262
"HSBP1","s1319_F_PIT_01_ASEReadCounter.table","NW_015090842.1:7245771",302,544,242
"HSBP1","s1319_F_PIT_01_ASEReadCounter.table","NW_015090842.1:7245813",322,587,265
"HSBP1","s1319_F_PIT_01_ASEReadCounter.table","NW_015090842.1:7245926",401,732,331
"HSBP1","s1319_F_PIT_01_ASEReadCounter.table","NW_015090842.1:7245927",402,730,328
"HSBP1","s1319_F_PIT_01_ASEReadCounter.table","NW_015090842.1:7245933",413,724,311
"HSBP1","s1319_F_PIT_01_ASEReadCounter.table","NW_015090842.1:7246002",301,587,286
"HSBP1","s1319_F_PIT_01_ASEReadCounter.table","NW_015090842.1:7246094",390,711,321
"HSBP1","s1319_F_PIT_01_ASEReadCounter.table","NW_015090842.1:7246167",400,722,322
"HSBP1","s1319_F_PIT_01_ASEReadCounter.table","NW_015090842.1:7246183",377,711,334
"HSBP1","s1319_F_PIT_01_ASEReadCounter.table","NW_015090842.1:7247285",86,136,50
"HSBP1","s1319_F_PIT_01_ASEReadCounter.table","NW_015090842.1:7247651",815,1667,852
"HSBP1","s1319_F_PIT_01_ASEReadCounter.table","NW_015090842.1:7247657",821,1709,888
"HSBP1","s1319_F_PIT_01_ASEReadCounter.table","NW_015090842.1:7248520",554,1094,540
"HSBP1","s1319_F_PIT_01_ASEReadCounter.table","NW_015090842.1:7248535",438,878,440
"KCNG4","s1319_F_PIT_01_ASEReadCounter.table","NW_015090842.1:7282481",0,1,1
"KCNG4","s1319_F_PIT_01_ASEReadCounter.table","NW_015090842.1:7282500",0,2,2
"KCNG4","s1319_F_PIT_01_ASEReadCounter.table","NW_015090842.1:7282542",0,2,2
"KCNG4","s1319_F_PIT_01_ASEReadCounter.table","NW_015090842.1:7282579",1,3,2
"KCNG4","s1319_F_PIT_01_ASEReadCounter.table","NW_015090842.1:7282630",1,1,0
"KCNG4","s1319_F_PIT_01_ASEReadCounter.table","NW_015090842.1:7283056",1,1,0
"KCNG4","s1319_F_PIT_01_ASEReadCounter.table","NW_015090842.1:7283245",2,3,1
"KCNG4","s1319_F_PIT_01_ASEReadCounter.table","NW_015090842.1:7301227",0,1,1
"KCNG4","s1319_F_PIT_01_ASEReadCounter.table","NW_015090842.1:7301240",0,1,1
"KCNG4","s1319_F_PIT_01_ASEReadCounter.table","NW_015090842.1:7301413",0,1,1
"WFDC1","s1319_F_PIT_01_ASEReadCounter.table","NW_015090842.1:7375828",0,2,2
"WFDC1","s1319_F_PIT_01_ASEReadCounter.table","NW_015090842.1:7378036",0,2,2
"WFDC1","s1319_F_PIT_01_ASEReadCounter.table","NW_015090842.1:7379125",0,2,2
"WFDC1","s1319_F_PIT_01_ASEReadCounter.table","NW_015090842.1:7379451",0,1,1
"WFDC1","s1319_F_PIT_01_ASEReadCounter.table","NW_015090842.1:7379471",0,1,1
"WFDC1","s1319_F_PIT_01_ASEReadCounter.table","NW_015090842.1:7379933",1,1,0
"WFDC1","s1319_F_PIT_01_ASEReadCounter.table","NW_015090842.1:7379935",1,1,0
"WFDC1","s1319_F_PIT_01_ASEReadCounter.table","NW_015090842.1:7379983",1,1,0
"WFDC1","s1319_F_PIT_01_ASEReadCounter.table","NW_015090842.1:7380322",0,1,1
"WFDC1","s1319_F_PIT_01_ASEReadCounter.table","NW_015090842.1:7380491",1,4,3
"WFDC1","s1319_F_PIT_01_ASEReadCounter.table","NW_015090842.1:7380567",0,1,1
"WFDC1","s1319_F_PIT_01_ASEReadCounter.table","NW_015090842.1:7380672",1,2,1
"WFDC1","s1319_F_PIT_01_ASEReadCounter.table","NW_015090842.1:7380721",0,2,2
"WFDC1","s1319_F_PIT_01_ASEReadCounter.table","NW_015090842.1:7380743",0,2,2
"WFDC1","s1319_F_PIT_01_ASEReadCounter.table","NW_015090842.1:7380878",0,1,1
"WFDC1","s1319_F_PIT_01_ASEReadCounter.table","NW_015090842.1:7381081",0,3,3
"WFDC1","s1319_F_PIT_01_ASEReadCounter.table","NW_015090842.1:7381127",0,2,2
"WFDC1","s1319_F_PIT_01_ASEReadCounter.table","NW_015090842.1:7381253",0,1,1
"WFDC1","s1319_F_PIT_01_ASEReadCounter.table","NW_015090842.1:7381378",0,2,2
"WFDC1","s1319_F_PIT_01_ASEReadCounter.table","NW_015090842.1:7381433",0,2,2
"WFDC1","s1319_F_PIT_01_ASEReadCounter.table","NW_015090842.1:7381434",0,2,2
"WFDC1","s1319_F_PIT_01_ASEReadCounter.table","NW_015090842.1:7381442",0,3,3
"WFDC1","s1319_F_PIT_01_ASEReadCounter.table","NW_015090842.1:7381517",0,1,1
"WFDC1","s1319_F_PIT_01_ASEReadCounter.table","NW_015090842.1:7381520",0,1,1
"WFDC1","s1319_F_PIT_01_ASEReadCounter.table","NW_015090842.1:7381677",0,1,1
"ATP2C2","s1319_F_PIT_01_ASEReadCounter.table","NW_015090842.1:7386804",1,2,1
"ATP2C2","s1319_F_PIT_01_ASEReadCounter.table","NW_015090842.1:7386836",1,3,2
"ATP2C2","s1319_F_PIT_01_ASEReadCounter.table","NW_015090842.1:7392613",6,9,3
"ATP2C2","s1319_F_PIT_01_ASEReadCounter.table","NW_015090842.1:7395230",2,4,2
"ATP2C2","s1319_F_PIT_01_ASEReadCounter.table","NW_015090842.1:7395366",2,5,3
"ATP2C2","s1319_F_PIT_01_ASEReadCounter.table","NW_015090842.1:7396756",0,1,1
"ATP2C2","s1319_F_PIT_01_ASEReadCounter.table","NW_015090842.1:7397049",2,4,2
"ATP2C2","s1319_F_PIT_01_ASEReadCounter.table","NW_015090842.1:7398395",5,9,4
"ATP2C2","s1319_F_PIT_01_ASEReadCounter.table","NW_015090842.1:7399774",2,6,4
"ATP2C2","s1319_F_PIT_01_ASEReadCounter.table","NW_015090842.1:7402554",5,12,7
"ATP2C2","s1319_F_PIT_01_ASEReadCounter.table","NW_015090842.1:7402578",6,13,7
"ATP2C2","s1319_F_PIT_01_ASEReadCounter.table","NW_015090842.1:7405621",3,7,4
"ATP2C2","s1319_F_PIT_01_ASEReadCounter.table","NW_015090842.1:7413855",7,10,3
"ATP2C2","s1319_F_PIT_01_ASEReadCounter.table","NW_015090842.1:7413869",0,3,3
"ATP2C2","s1319_F_PIT_01_ASEReadCounter.table","NW_015090842.1:7413875",1,4,3
"TLDC1","s1319_F_PIT_01_ASEReadCounter.table","NW_015090842.1:7421137",37,77,40
"TLDC1","s1319_F_PIT_01_ASEReadCounter.table","NW_015090842.1:7421155",37,73,36
"TLDC1","s1319_F_PIT_01_ASEReadCounter.table","NW_015090842.1:7421218",32,73,41
"TLDC1","s1319_F_PIT_01_ASEReadCounter.table","NW_015090842.1:7421399",23,58,35
"TLDC1","s1319_F_PIT_01_ASEReadCounter.table","NW_015090842.1:7421402",23,56,33
"TLDC1","s1319_F_PIT_01_ASEReadCounter.table","NW_015090842.1:7421528",43,80,37
"TLDC1","s1319_F_PIT_01_ASEReadCounter.table","NW_015090842.1:7421532",43,81,38
"TLDC1","s1319_F_PIT_01_ASEReadCounter.table","NW_015090842.1:7421621",32,67,35
"TLDC1","s1319_F_PIT_01_ASEReadCounter.table","NW_015090842.1:7421647",31,58,27
"TLDC1","s1319_F_PIT_01_ASEReadCounter.table","NW_015090842.1:7421657",27,53,26
"TLDC1","s1319_F_PIT_01_ASEReadCounter.table","NW_015090842.1:7421693",33,58,25
"TLDC1","s1319_F_PIT_01_ASEReadCounter.table","NW_015090842.1:7421796",29,67,38
"TLDC1","s1319_F_PIT_01_ASEReadCounter.table","NW_015090842.1:7421810",33,73,40
"TLDC1","s1319_F_PIT_01_ASEReadCounter.table","NW_015090842.1:7421833",33,70,37
"TLDC1","s1319_F_PIT_01_ASEReadCounter.table","NW_015090842.1:7421879",39,69,30
"TLDC1","s1319_F_PIT_01_ASEReadCounter.table","NW_015090842.1:7421914",41,77,36
"TLDC1","s1319_F_PIT_01_ASEReadCounter.table","NW_015090842.1:7421969",35,63,28
"TLDC1","s1319_F_PIT_01_ASEReadCounter.table","NW_015090842.1:7422015",32,71,39
"TLDC1","s1319_F_PIT_01_ASEReadCounter.table","NW_015090842.1:7422042",49,94,45
"TLDC1","s1319_F_PIT_01_ASEReadCounter.table","NW_015090842.1:7422230",50,89,39
"TLDC1","s1319_F_PIT_01_ASEReadCounter.table","NW_015090842.1:7423349",43,89,46
"TLDC1","s1319_F_PIT_01_ASEReadCounter.table","NW_015090842.1:7423362",38,85,47
"TLDC1","s1319_F_PIT_01_ASEReadCounter.table","NW_015090842.1:7426091",32,57,25
"TLDC1","s1319_F_PIT_01_ASEReadCounter.table","NW_015090842.1:7426485",46,76,30
"TLDC1","s1319_F_PIT_01_ASEReadCounter.table","NW_015090842.1:7427211",38,79,41
"TLDC1","s1319_F_PIT_01_ASEReadCounter.table","NW_015090842.1:7428179",28,67,39
"COTL1","s1319_F_PIT_01_ASEReadCounter.table","NW_015090842.1:7490744",175,362,187
"COTL1","s1319_F_PIT_01_ASEReadCounter.table","NW_015090842.1:7491051",155,339,184
"COTL1","s1319_F_PIT_01_ASEReadCounter.table","NW_015090842.1:7491124",178,360,182
"COTL1","s1319_F_PIT_01_ASEReadCounter.table","NW_015090842.1:7491418",124,251,127
"COTL1","s1319_F_PIT_01_ASEReadCounter.table","NW_015090842.1:7491539",103,233,130
"COTL1","s1319_F_PIT_01_ASEReadCounter.table","NW_015090842.1:7491585",174,341,167
"COTL1","s1319_F_PIT_01_ASEReadCounter.table","NW_015090842.1:7491586",169,349,180
"COTL1","s1319_F_PIT_01_ASEReadCounter.table","NW_015090842.1:7491646",189,419,230
"COTL1","s1319_F_PIT_01_ASEReadCounter.table","NW_015090842.1:7491747",177,360,183
"COTL1","s1319_F_PIT_01_ASEReadCounter.table","NW_015090842.1:7491803",166,347,181
"COTL1","s1319_F_PIT_01_ASEReadCounter.table","NW_015090842.1:7506078",0,1,1
"COTL1","s1319_F_PIT_01_ASEReadCounter.table","NW_015090842.1:7507551",0,1,1
"COTL1","s1319_F_PIT_01_ASEReadCounter.table","NW_015090842.1:7507563",0,1,1
"COTL1","s1319_F_PIT_01_ASEReadCounter.table","NW_015090842.1:7510900",1,1,0
"COTL1","s1319_F_PIT_01_ASEReadCounter.table","NW_015090842.1:7513196",1,1,0
"COTL1","s1319_F_PIT_01_ASEReadCounter.table","NW_015090842.1:7513223",1,1,0
"KLHL36","s1319_F_PIT_01_ASEReadCounter.table","NW_015090842.1:7514700",24,27,3
"KLHL36","s1319_F_PIT_01_ASEReadCounter.table","NW_015090842.1:7519691",3,12,9
"KLHL36","s1319_F_PIT_01_ASEReadCounter.table","NW_015090842.1:7519696",4,13,9
"KLHL36","s1319_F_PIT_01_ASEReadCounter.table","NW_015090842.1:7526160",16,39,23
"KLHL36","s1319_F_PIT_01_ASEReadCounter.table","NW_015090842.1:7526469",8,19,11
"KLHL36","s1319_F_PIT_01_ASEReadCounter.table","NW_015090842.1:7526587",10,19,9
"KLHL36","s1319_F_PIT_01_ASEReadCounter.table","NW_015090842.1:7526997",16,23,7
"KLHL36","s1319_F_PIT_01_ASEReadCounter.table","NW_015090842.1:7527142",11,27,16
"KLHL36","s1319_F_PIT_01_ASEReadCounter.table","NW_015090842.1:7535174",24,47,23
"KLHL36","s1319_F_PIT_01_ASEReadCounter.table","NW_015090842.1:7535384",15,36,21
"KLHL36","s1319_F_PIT_01_ASEReadCounter.table","NW_015090842.1:7535420",22,49,27
"KLHL36","s1319_F_PIT_01_ASEReadCounter.table","NW_015090842.1:7535545",15,30,15
"KLHL36","s1319_F_PIT_01_ASEReadCounter.table","NW_015090842.1:7535829",13,26,13
"KLHL36","s1319_F_PIT_01_ASEReadCounter.table","NW_015090842.1:7535977",12,26,14
"KLHL36","s1319_F_PIT_01_ASEReadCounter.table","NW_015090842.1:7536010",16,28,12
"KLHL36","s1319_F_PIT_01_ASEReadCounter.table","NW_015090842.1:7536051",18,32,14
"KLHL36","s1319_F_PIT_01_ASEReadCounter.table","NW_015090842.1:7536096",14,38,24
"KLHL36","s1319_F_PIT_01_ASEReadCounter.table","NW_015090842.1:7536135",14,47,33
"KLHL36","s1319_F_PIT_01_ASEReadCounter.table","NW_015090842.1:7536136",14,45,31
"KLHL36","s1319_F_PIT_01_ASEReadCounter.table","NW_015090842.1:7536160",15,49,34
"KLHL36","s1319_F_PIT_01_ASEReadCounter.table","NW_015090842.1:7536336",16,39,23
"KLHL36","s1319_F_PIT_01_ASEReadCounter.table","NW_015090842.1:7536352",18,42,24
"KLHL36","s1319_F_PIT_01_ASEReadCounter.table","NW_015090842.1:7536412",13,35,22
"KLHL36","s1319_F_PIT_01_ASEReadCounter.table","NW_015090842.1:7536418",12,33,21
"KLHL36","s1319_F_PIT_01_ASEReadCounter.table","NW_015090842.1:7536465",13,31,18
"KLHL36","s1319_F_PIT_01_ASEReadCounter.table","NW_015090842.1:7536466",13,31,18
"KLHL36","s1319_F_PIT_01_ASEReadCounter.table","NW_015090842.1:7536553",9,27,18
"KLHL36","s1319_F_PIT_01_ASEReadCounter.table","NW_015090842.1:7536698",19,43,24
"KLHL36","s1319_F_PIT_01_ASEReadCounter.table","NW_015090842.1:7536713",9,37,28
"KLHL36","s1319_F_PIT_01_ASEReadCounter.table","NW_015090842.1:7536720",13,34,21
"KLHL36","s1319_F_PIT_01_ASEReadCounter.table","NW_015090842.1:7536791",15,35,20
"KLHL36","s1319_F_PIT_01_ASEReadCounter.table","NW_015090842.1:7536849",19,33,14
"KLHL36","s1319_F_PIT_01_ASEReadCounter.table","NW_015090842.1:7536872",16,33,17
"KLHL36","s1319_F_PIT_01_ASEReadCounter.table","NW_015090842.1:7536878",19,33,14
"KLHL36","s1319_F_PIT_01_ASEReadCounter.table","NW_015090842.1:7536916",25,43,18
"KLHL36","s1319_F_PIT_01_ASEReadCounter.table","NW_015090842.1:7536927",29,59,30
"KLHL36","s1319_F_PIT_01_ASEReadCounter.table","NW_015090842.1:7537315",29,47,18
"KLHL36","s1319_F_PIT_01_ASEReadCounter.table","NW_015090842.1:7537352",22,43,21
"KLHL36","s1319_F_PIT_01_ASEReadCounter.table","NW_015090842.1:7537631",23,47,24
"KLHL36","s1319_F_PIT_01_ASEReadCounter.table","NW_015090842.1:7537830",28,62,34
"KLHL36","s1319_F_PIT_01_ASEReadCounter.table","NW_015090842.1:7537838",23,59,36
"KLHL36","s1319_F_PIT_01_ASEReadCounter.table","NW_015090842.1:7538153",20,38,18
"KLHL36","s1319_F_PIT_01_ASEReadCounter.table","NW_015090842.1:7538256",12,34,22
"KLHL36","s1319_F_PIT_01_ASEReadCounter.table","NW_015090842.1:7538265",12,31,19
"KLHL36","s1319_F_PIT_01_ASEReadCounter.table","NW_015090842.1:7538300",12,31,19
"USP10","s1319_F_PIT_01_ASEReadCounter.table","NW_015090842.1:7563972",3,13,10
"USP10","s1319_F_PIT_01_ASEReadCounter.table","NW_015090842.1:7571816",25,44,19
"USP10","s1319_F_PIT_01_ASEReadCounter.table","NW_015090842.1:7571993",20,42,22
"USP10","s1319_F_PIT_01_ASEReadCounter.table","NW_015090842.1:7572580",30,61,31
"USP10","s1319_F_PIT_01_ASEReadCounter.table","NW_015090842.1:7587372",40,86,46
"CRISPLD2","s1319_F_PIT_01_ASEReadCounter.table","NW_015090842.1:7609883",1,1,0
"CRISPLD2","s1319_F_PIT_01_ASEReadCounter.table","NW_015090842.1:7610084",2,2,0
"CRISPLD2","s1319_F_PIT_01_ASEReadCounter.table","NW_015090842.1:7621452",2,2,0
"CRISPLD2","s1319_F_PIT_01_ASEReadCounter.table","NW_015090842.1:7625451",3,3,0
"CRISPLD2","s1319_F_PIT_01_ASEReadCounter.table","NW_015090842.1:7626214",3,3,0
"CRISPLD2","s1319_F_PIT_01_ASEReadCounter.table","NW_015090842.1:7633588",0,1,1
"CRISPLD2","s1319_F_PIT_01_ASEReadCounter.table","NW_015090842.1:7633617",0,1,1
"CRISPLD2","s1319_F_PIT_01_ASEReadCounter.table","NW_015090842.1:7633695",0,1,1
"CRISPLD2","s1319_F_PIT_01_ASEReadCounter.table","NW_015090842.1:7633721",0,1,1
"CRISPLD2","s1319_F_PIT_01_ASEReadCounter.table","NW_015090842.1:7633888",2,2,0
"CRISPLD2","s1319_F_PIT_01_ASEReadCounter.table","NW_015090842.1:7633910",2,2,0
"CRISPLD2","s1319_F_PIT_01_ASEReadCounter.table","NW_015090842.1:7634142",4,4,0
"CRISPLD2","s1319_F_PIT_01_ASEReadCounter.table","NW_015090842.1:7634417",1,1,0
"CRISPLD2","s1319_F_PIT_01_ASEReadCounter.table","NW_015090842.1:7634825",1,1,0
"CRISPLD2","s1319_F_PIT_01_ASEReadCounter.table","NW_015090842.1:7634852",1,1,0
"CRISPLD2","s1319_F_PIT_01_ASEReadCounter.table","NW_015090842.1:7635009",2,3,1
"CRISPLD2","s1319_F_PIT_01_ASEReadCounter.table","NW_015090842.1:7635208",3,4,1
"CRISPLD2","s1319_F_PIT_01_ASEReadCounter.table","NW_015090842.1:7635373",8,8,0
"CRISPLD2","s1319_F_PIT_01_ASEReadCounter.table","NW_015090842.1:7635525",4,4,0
"CRISPLD2","s1319_F_PIT_01_ASEReadCounter.table","NW_015090842.1:7635583",3,3,0
"LOC106888312","s1319_F_PIT_01_ASEReadCounter.table","NW_015090842.1:7731961",1,1,0
"LOC106888312","s1319_F_PIT_01_ASEReadCounter.table","NW_015090842.1:7732538",0,1,1
"LOC106888312","s1319_F_PIT_01_ASEReadCounter.table","NW_015090842.1:7732548",0,1,1
"LOC106888312","s1319_F_PIT_01_ASEReadCounter.table","NW_015090842.1:7732576",0,1,1
"LOC106888312","s1319_F_PIT_01_ASEReadCounter.table","NW_015090842.1:7732580",0,1,1
"LOC106888312","s1319_F_PIT_01_ASEReadCounter.table","NW_015090842.1:7732629",0,1,1
"LOC106888312","s1319_F_PIT_01_ASEReadCounter.table","NW_015090842.1:7732630",0,1,1
"LOC106888312","s1319_F_PIT_01_ASEReadCounter.table","NW_015090842.1:7732637",0,1,1
"LOC106888312","s1319_F_PIT_01_ASEReadCounter.table","NW_015090842.1:7733142",1,1,0
"LOC106888312","s1319_F_PIT_01_ASEReadCounter.table","NW_015090842.1:7733196",1,2,1
"LOC106888312","s1319_F_PIT_01_ASEReadCounter.table","NW_015090842.1:7733299",0,1,1
"LOC106888312","s1319_F_PIT_01_ASEReadCounter.table","NW_015090842.1:7733507",1,1,0
"LOC106888312","s1319_F_PIT_01_ASEReadCounter.table","NW_015090842.1:7733508",1,1,0
"LOC106888312","s1319_F_PIT_01_ASEReadCounter.table","NW_015090842.1:7733518",1,1,0
"LOC106888312","s1319_F_PIT_01_ASEReadCounter.table","NW_015090842.1:7733609",1,1,0
"ZDHHC7","s1319_F_PIT_01_ASEReadCounter.table","NW_015090842.1:7737199",17,44,27
"ZDHHC7","s1319_F_PIT_01_ASEReadCounter.table","NW_015090842.1:7737332",12,29,17
"ZDHHC7","s1319_F_PIT_01_ASEReadCounter.table","NW_015090842.1:7737553",21,62,41
"ZDHHC7","s1319_F_PIT_01_ASEReadCounter.table","NW_015090842.1:7737920",19,43,24
"ZDHHC7","s1319_F_PIT_01_ASEReadCounter.table","NW_015090842.1:7737953",18,40,22
"ZDHHC7","s1319_F_PIT_01_ASEReadCounter.table","NW_015090842.1:7737987",21,43,22
"ZDHHC7","s1319_F_PIT_01_ASEReadCounter.table","NW_015090842.1:7738068",14,29,15
"ZDHHC7","s1319_F_PIT_01_ASEReadCounter.table","NW_015090842.1:7738204",20,50,30
"LOC106888097","s1319_F_PIT_01_ASEReadCounter.table","NW_015090842.1:7767178",21,49,28
"LOC106888097","s1319_F_PIT_01_ASEReadCounter.table","NW_015090842.1:7767187",20,47,27
"LOC106888097","s1319_F_PIT_01_ASEReadCounter.table","NW_015090842.1:7768144",23,63,40
"LOC106888097","s1319_F_PIT_01_ASEReadCounter.table","NW_015090842.1:7768196",26,75,49
"LOC106888097","s1319_F_PIT_01_ASEReadCounter.table","NW_015090842.1:7769884",38,79,41
"LOC106888097","s1319_F_PIT_01_ASEReadCounter.table","NW_015090842.1:7769893",35,74,39
"LOC106888097","s1319_F_PIT_01_ASEReadCounter.table","NW_015090842.1:7770245",47,105,58
"LOC106888097","s1319_F_PIT_01_ASEReadCounter.table","NW_015090842.1:7772402",39,88,49
"LOC106888097","s1319_F_PIT_01_ASEReadCounter.table","NW_015090842.1:7772483",42,95,53
"LOC106888097","s1319_F_PIT_01_ASEReadCounter.table","NW_015090842.1:7772490",39,95,56
"LOC106888097","s1319_F_PIT_01_ASEReadCounter.table","NW_015090842.1:7774281",34,110,76
"LOC106888097","s1319_F_PIT_01_ASEReadCounter.table","NW_015090842.1:7774552",50,157,107
"LOC106888097","s1319_F_PIT_01_ASEReadCounter.table","NW_015090842.1:7774564",48,152,104
"LOC106888097","s1319_F_PIT_01_ASEReadCounter.table","NW_015090842.1:7774611",30,130,100
"LOC106888097","s1319_F_PIT_01_ASEReadCounter.table","NW_015090842.1:7774681",40,121,81
"LOC106888097","s1319_F_PIT_01_ASEReadCounter.table","NW_015090842.1:7774698",34,91,57
"LOC106888097","s1319_F_PIT_01_ASEReadCounter.table","NW_015090842.1:7774730",19,46,27
"LOC106888097","s1319_F_PIT_01_ASEReadCounter.table","NW_015090842.1:7774778",3,4,1
"LOC106888097","s1319_F_PIT_01_ASEReadCounter.table","NW_015090842.1:7774793",1,2,1
"FOXL1","s1319_F_PIT_01_ASEReadCounter.table","NW_015090842.1:8113043",2,2,0
"FOXC2","s1319_F_PIT_01_ASEReadCounter.table","NW_015090842.1:8129599",7,16,9
"FOXC2","s1319_F_PIT_01_ASEReadCounter.table","NW_015090842.1:8129616",6,13,7
"FOXC2","s1319_F_PIT_01_ASEReadCounter.table","NW_015090842.1:8129715",11,18,7
"FOXC2","s1319_F_PIT_01_ASEReadCounter.table","NW_015090842.1:8129719",12,19,7
"FOXC2","s1319_F_PIT_01_ASEReadCounter.table","NW_015090842.1:8130244",9,20,11
"FOXC2","s1319_F_PIT_01_ASEReadCounter.table","NW_015090842.1:8130472",7,14,7
"FOXC2","s1319_F_PIT_01_ASEReadCounter.table","NW_015090842.1:8130490",6,15,9
"FOXC2","s1319_F_PIT_01_ASEReadCounter.table","NW_015090842.1:8130547",6,14,8
"FOXC2","s1319_F_PIT_01_ASEReadCounter.table","NW_015090842.1:8130550",6,14,8
"FOXC2","s1319_F_PIT_01_ASEReadCounter.table","NW_015090842.1:8130573",3,10,7
"FOXC2","s1319_F_PIT_01_ASEReadCounter.table","NW_015090842.1:8130575",3,9,6
"MTHFSD","s1319_F_PIT_01_ASEReadCounter.table","NW_015090842.1:8140051",16,41,25
"MTHFSD","s1319_F_PIT_01_ASEReadCounter.table","NW_015090842.1:8142923",28,89,61
"MTHFSD","s1319_F_PIT_01_ASEReadCounter.table","NW_015090842.1:8143029",31,87,56
"MTHFSD","s1319_F_PIT_01_ASEReadCounter.table","NW_015090842.1:8152035",23,50,27
"MTHFSD","s1319_F_PIT_01_ASEReadCounter.table","NW_015090842.1:8152315",13,34,21
"MTHFSD","s1319_F_PIT_01_ASEReadCounter.table","NW_015090842.1:8152511",14,36,22
"MTHFSD","s1319_F_PIT_01_ASEReadCounter.table","NW_015090842.1:8152518",14,35,21
"MTHFSD","s1319_F_PIT_01_ASEReadCounter.table","NW_015090842.1:8152553",13,33,20
"MTHFSD","s1319_F_PIT_01_ASEReadCounter.table","NW_015090842.1:8152773",31,45,14
"MTHFSD","s1319_F_PIT_01_ASEReadCounter.table","NW_015090842.1:8152805",30,45,15
"FOXF1","s1319_F_PIT_01_ASEReadCounter.table","NW_015090842.1:8164789",6,13,7
"FOXF1","s1319_F_PIT_01_ASEReadCounter.table","NW_015090842.1:8166883",4,8,4
"FOXF1","s1319_F_PIT_01_ASEReadCounter.table","NW_015090842.1:8167113",4,8,4
"FOXF1","s1319_F_PIT_01_ASEReadCounter.table","NW_015090842.1:8167588",3,4,1
"IRF8","s1319_F_PIT_01_ASEReadCounter.table","NW_015090842.1:8406652",5,7,2
"IRF8","s1319_F_PIT_01_ASEReadCounter.table","NW_015090842.1:8406703",9,13,4
"IRF8","s1319_F_PIT_01_ASEReadCounter.table","NW_015090842.1:8406704",9,13,4
"IRF8","s1319_F_PIT_01_ASEReadCounter.table","NW_015090842.1:8406757",12,23,11
"IRF8","s1319_F_PIT_01_ASEReadCounter.table","NW_015090842.1:8406778",14,24,10
"IRF8","s1319_F_PIT_01_ASEReadCounter.table","NW_015090842.1:8406819",16,23,7
"IRF8","s1319_F_PIT_01_ASEReadCounter.table","NW_015090842.1:8406941",4,13,9
"IRF8","s1319_F_PIT_01_ASEReadCounter.table","NW_015090842.1:8407008",4,9,5
"IRF8","s1319_F_PIT_01_ASEReadCounter.table","NW_015090842.1:8407057",3,7,4
"IRF8","s1319_F_PIT_01_ASEReadCounter.table","NW_015090842.1:8407064",4,7,3
"IRF8","s1319_F_PIT_01_ASEReadCounter.table","NW_015090842.1:8407069",4,7,3
"IRF8","s1319_F_PIT_01_ASEReadCounter.table","NW_015090842.1:8407120",7,10,3
"IRF8","s1319_F_PIT_01_ASEReadCounter.table","NW_015090842.1:8407157",5,6,1
"IRF8","s1319_F_PIT_01_ASEReadCounter.table","NW_015090842.1:8407203",6,9,3
"IRF8","s1319_F_PIT_01_ASEReadCounter.table","NW_015090842.1:8407272",5,9,4
"IRF8","s1319_F_PIT_01_ASEReadCounter.table","NW_015090842.1:8407276",5,9,4
"IRF8","s1319_F_PIT_01_ASEReadCounter.table","NW_015090842.1:8407303",9,15,6
"IRF8","s1319_F_PIT_01_ASEReadCounter.table","NW_015090842.1:8407451",13,19,6
"IRF8","s1319_F_PIT_01_ASEReadCounter.table","NW_015090842.1:8407456",11,16,5
"IRF8","s1319_F_PIT_01_ASEReadCounter.table","NW_015090842.1:8408564",7,13,6
"IRF8","s1319_F_PIT_01_ASEReadCounter.table","NW_015090842.1:8408585",11,11,0
"IRF8","s1319_F_PIT_01_ASEReadCounter.table","NW_015090842.1:8408973",12,19,7
"IRF8","s1319_F_PIT_01_ASEReadCounter.table","NW_015090842.1:8409060",4,12,8
"IRF8","s1319_F_PIT_01_ASEReadCounter.table","NW_015090842.1:8409065",4,11,7
"IRF8","s1319_F_PIT_01_ASEReadCounter.table","NW_015090842.1:8409254",0,5,5
"IRF8","s1319_F_PIT_01_ASEReadCounter.table","NW_015090842.1:8409255",0,4,4
"IRF8","s1319_F_PIT_01_ASEReadCounter.table","NW_015090842.1:8409258",0,4,4
"IRF8","s1319_F_PIT_01_ASEReadCounter.table","NW_015090842.1:8409312",3,6,3
"IRF8","s1319_F_PIT_01_ASEReadCounter.table","NW_015090842.1:8410216",10,15,5
"IRF8","s1319_F_PIT_01_ASEReadCounter.table","NW_015090842.1:8410237",10,13,3
"IRF8","s1319_F_PIT_01_ASEReadCounter.table","NW_015090842.1:8410276",11,11,0
"IRF8","s1319_F_PIT_01_ASEReadCounter.table","NW_015090842.1:8410813",6,11,5
"IRF8","s1319_F_PIT_01_ASEReadCounter.table","NW_015090842.1:8410861",8,11,3
"IRF8","s1319_F_PIT_01_ASEReadCounter.table","NW_015090842.1:8411940",4,7,3
"IRF8","s1319_F_PIT_01_ASEReadCounter.table","NW_015090842.1:8412006",3,4,1
"IRF8","s1319_F_PIT_01_ASEReadCounter.table","NW_015090842.1:8412042",3,6,3
"DUSP15","s1319_F_PIT_01_ASEReadCounter.table","NW_015090842.1:8422787",1,2,1
"DUSP15","s1319_F_PIT_01_ASEReadCounter.table","NW_015090842.1:8422832",3,3,0
"DUSP15","s1319_F_PIT_01_ASEReadCounter.table","NW_015090842.1:8422898",3,4,1
"DUSP15","s1319_F_PIT_01_ASEReadCounter.table","NW_015090842.1:8422909",4,5,1
"COX4I1","s1319_F_PIT_01_ASEReadCounter.table","NW_015090842.1:8442258",1963,3824,1861
"COX4I1","s1319_F_PIT_01_ASEReadCounter.table","NW_015090842.1:8442333",1716,3331,1615
"EMC8","s1319_F_PIT_01_ASEReadCounter.table","NW_015090842.1:8444046",127,237,110
"EMC8","s1319_F_PIT_01_ASEReadCounter.table","NW_015090842.1:8444064",115,205,90
"EMC8","s1319_F_PIT_01_ASEReadCounter.table","NW_015090842.1:8452029",23,57,34
"EMC8","s1319_F_PIT_01_ASEReadCounter.table","NW_015090842.1:8452116",33,71,38
"EMC8","s1319_F_PIT_01_ASEReadCounter.table","NW_015090842.1:8452121",34,71,37
"EMC8","s1319_F_PIT_01_ASEReadCounter.table","NW_015090842.1:8452222",25,46,21
"EMC8","s1319_F_PIT_01_ASEReadCounter.table","NW_015090842.1:8452244",27,48,21
"EMC8","s1319_F_PIT_01_ASEReadCounter.table","NW_015090842.1:8452477",10,25,15
"EMC8","s1319_F_PIT_01_ASEReadCounter.table","NW_015090842.1:8452498",12,24,12
"EMC8","s1319_F_PIT_01_ASEReadCounter.table","NW_015090842.1:8452535",5,10,5
"EMC8","s1319_F_PIT_01_ASEReadCounter.table","NW_015090842.1:8452575",0,3,3
"EMC8","s1319_F_PIT_01_ASEReadCounter.table","NW_015090842.1:8452600",3,4,1
"EMC8","s1319_F_PIT_01_ASEReadCounter.table","NW_015090842.1:8452616",7,8,1
"EMC8","s1319_F_PIT_01_ASEReadCounter.table","NW_015090842.1:8452630",7,7,0
"EMC8","s1319_F_PIT_01_ASEReadCounter.table","NW_015090842.1:8452650",8,8,0
"EMC8","s1319_F_PIT_01_ASEReadCounter.table","NW_015090842.1:8452678",10,15,5
"EMC8","s1319_F_PIT_01_ASEReadCounter.table","NW_015090842.1:8452724",7,13,6
"EMC8","s1319_F_PIT_01_ASEReadCounter.table","NW_015090842.1:8452731",7,14,7
"EMC8","s1319_F_PIT_01_ASEReadCounter.table","NW_015090842.1:8452743",7,15,8
"EMC8","s1319_F_PIT_01_ASEReadCounter.table","NW_015090842.1:8452750",3,11,8
"EMC8","s1319_F_PIT_01_ASEReadCounter.table","NW_015090842.1:8452778",2,8,6
"EMC8","s1319_F_PIT_01_ASEReadCounter.table","NW_015090842.1:8452783",1,7,6
"EMC8","s1319_F_PIT_01_ASEReadCounter.table","NW_015090842.1:8452800",5,11,6
"EMC8","s1319_F_PIT_01_ASEReadCounter.table","NW_015090842.1:8452804",5,10,5
"EMC8","s1319_F_PIT_01_ASEReadCounter.table","NW_015090842.1:8452812",4,8,4
"EMC8","s1319_F_PIT_01_ASEReadCounter.table","NW_015090842.1:8452858",7,13,6
"EMC8","s1319_F_PIT_01_ASEReadCounter.table","NW_015090842.1:8452906",10,23,13
"EMC8","s1319_F_PIT_01_ASEReadCounter.table","NW_015090842.1:8452913",10,23,13
"EMC8","s1319_F_PIT_01_ASEReadCounter.table","NW_015090842.1:8453000",7,13,6
"EMC8","s1319_F_PIT_01_ASEReadCounter.table","NW_015090842.1:8453007",9,15,6
"EMC8","s1319_F_PIT_01_ASEReadCounter.table","NW_015090842.1:8453058",9,21,12
"EMC8","s1319_F_PIT_01_ASEReadCounter.table","NW_015090842.1:8453106",9,19,10
"GINS2","s1319_F_PIT_01_ASEReadCounter.table","NW_015090842.1:8466420",41,56,15
"GINS2","s1319_F_PIT_01_ASEReadCounter.table","NW_015090842.1:8466424",42,59,17
"GINS2","s1319_F_PIT_01_ASEReadCounter.table","NW_015090842.1:8466518",49,63,14
"GINS2","s1319_F_PIT_01_ASEReadCounter.table","NW_015090842.1:8468482",96,128,32
"GINS2","s1319_F_PIT_01_ASEReadCounter.table","NW_015090842.1:8470290",65,94,29
"GINS2","s1319_F_PIT_01_ASEReadCounter.table","NW_015090842.1:8470305",66,86,20
"GINS2","s1319_F_PIT_01_ASEReadCounter.table","NW_015090842.1:8470381",70,96,26
"GINS2","s1319_F_PIT_01_ASEReadCounter.table","NW_015090842.1:8470418",63,89,26
"GINS2","s1319_F_PIT_01_ASEReadCounter.table","NW_015090842.1:8470421",58,83,25
"GINS2","s1319_F_PIT_01_ASEReadCounter.table","NW_015090842.1:8470430",50,71,21
"GINS2","s1319_F_PIT_01_ASEReadCounter.table","NW_015090842.1:8470433",48,73,25
"GINS2","s1319_F_PIT_01_ASEReadCounter.table","NW_015090842.1:8470457",27,45,18
"GINS2","s1319_F_PIT_01_ASEReadCounter.table","NW_015090842.1:8470491",31,46,15
"GINS2","s1319_F_PIT_01_ASEReadCounter.table","NW_015090842.1:8470548",38,53,15
"GINS2","s1319_F_PIT_01_ASEReadCounter.table","NW_015090842.1:8470649",38,49,11
"GSE1","s1319_F_PIT_01_ASEReadCounter.table","NW_015090842.1:8475362",25,60,35
"GSE1","s1319_F_PIT_01_ASEReadCounter.table","NW_015090842.1:8475961",13,17,4
"GSE1","s1319_F_PIT_01_ASEReadCounter.table","NW_015090842.1:8476027",10,16,6
"GSE1","s1319_F_PIT_01_ASEReadCounter.table","NW_015090842.1:8476159",4,7,3
"GSE1","s1319_F_PIT_01_ASEReadCounter.table","NW_015090842.1:8477662",0,3,3
"GSE1","s1319_F_PIT_01_ASEReadCounter.table","NW_015090842.1:8477933",10,24,14
"GSE1","s1319_F_PIT_01_ASEReadCounter.table","NW_015090842.1:8477945",9,22,13
"GSE1","s1319_F_PIT_01_ASEReadCounter.table","NW_015090842.1:8483272",1,22,21
"GSE1","s1319_F_PIT_01_ASEReadCounter.table","NW_015090842.1:8483367",1,10,9
"GSE1","s1319_F_PIT_01_ASEReadCounter.table","NW_015090842.1:8483411",1,10,9
"GSE1","s1319_F_PIT_01_ASEReadCounter.table","NW_015090842.1:8483756",4,14,10
"GSE1","s1319_F_PIT_01_ASEReadCounter.table","NW_015090842.1:8486867",15,41,26
"GSE1","s1319_F_PIT_01_ASEReadCounter.table","NW_015090842.1:8486939",24,37,13
"GSE1","s1319_F_PIT_01_ASEReadCounter.table","NW_015090842.1:8486945",23,39,16
"GSE1","s1319_F_PIT_01_ASEReadCounter.table","NW_015090842.1:8486993",13,24,11
"GSE1","s1319_F_PIT_01_ASEReadCounter.table","NW_015090842.1:8487062",10,21,11
"GSE1","s1319_F_PIT_01_ASEReadCounter.table","NW_015090842.1:8488065",16,26,10
"GSE1","s1319_F_PIT_01_ASEReadCounter.table","NW_015090842.1:8488457",10,21,11
"GSE1","s1319_F_PIT_01_ASEReadCounter.table","NW_015090842.1:8488463",10,22,12
"GSE1","s1319_F_PIT_01_ASEReadCounter.table","NW_015090842.1:8488490",17,17,0
"GSE1","s1319_F_PIT_01_ASEReadCounter.table","NW_015090842.1:8488505",11,21,10
"GSE1","s1319_F_PIT_01_ASEReadCounter.table","NW_015090842.1:8490180",0,17,17
"KIAA0513","s1319_F_PIT_01_ASEReadCounter.table","NW_015090842.1:8668363",115,197,82
"KIAA0513","s1319_F_PIT_01_ASEReadCounter.table","NW_015090842.1:8668387",120,196,76
"KIAA0513","s1319_F_PIT_01_ASEReadCounter.table","NW_015090842.1:8668390",120,196,76
"KIAA0513","s1319_F_PIT_01_ASEReadCounter.table","NW_015090842.1:8673107",108,205,97
"KIAA0513","s1319_F_PIT_01_ASEReadCounter.table","NW_015090842.1:8673147",112,213,101
"KIAA0513","s1319_F_PIT_01_ASEReadCounter.table","NW_015090842.1:8674661",90,153,63
"KIAA0513","s1319_F_PIT_01_ASEReadCounter.table","NW_015090842.1:8674685",81,140,59
"KIAA0513","s1319_F_PIT_01_ASEReadCounter.table","NW_015090842.1:8674730",80,153,73
"KIAA0513","s1319_F_PIT_01_ASEReadCounter.table","NW_015090842.1:8675525",90,160,70
"KIAA0513","s1319_F_PIT_01_ASEReadCounter.table","NW_015090842.1:8675561",87,163,76
"KIAA0513","s1319_F_PIT_01_ASEReadCounter.table","NW_015090842.1:8678608",4,41,37
"KIAA0513","s1319_F_PIT_01_ASEReadCounter.table","NW_015090842.1:8686455",0,22,22
"KIAA0513","s1319_F_PIT_01_ASEReadCounter.table","NW_015090842.1:8686508",0,28,28
"KIAA0513","s1319_F_PIT_01_ASEReadCounter.table","NW_015090842.1:8686521",0,25,25
"KIAA0513","s1319_F_PIT_01_ASEReadCounter.table","NW_015090842.1:8693642",45,64,19
"KIAA0513","s1319_F_PIT_01_ASEReadCounter.table","NW_015090842.1:8693712",53,75,22
"KIAA0513","s1319_F_PIT_01_ASEReadCounter.table","NW_015090842.1:8695794",3,3,0
"FBXO31","s1319_F_PIT_01_ASEReadCounter.table","NW_015090842.1:8710240",12,31,19
"FBXO31","s1319_F_PIT_01_ASEReadCounter.table","NW_015090842.1:8710372",15,24,9
"FBXO31","s1319_F_PIT_01_ASEReadCounter.table","NW_015090842.1:8711239",23,39,16
"FBXO31","s1319_F_PIT_01_ASEReadCounter.table","NW_015090842.1:8714565",20,40,20
"FBXO31","s1319_F_PIT_01_ASEReadCounter.table","NW_015090842.1:8716001",6,20,14
"FBXO31","s1319_F_PIT_01_ASEReadCounter.table","NW_015090842.1:8725050",3,3,0
"FBXO31","s1319_F_PIT_01_ASEReadCounter.table","NW_015090842.1:8725057",3,3,0
"FBXO31","s1319_F_PIT_01_ASEReadCounter.table","NW_015090842.1:8725162",2,2,0
"FBXO31","s1319_F_PIT_01_ASEReadCounter.table","NW_015090842.1:8725163",2,2,0
"FBXO31","s1319_F_PIT_01_ASEReadCounter.table","NW_015090842.1:8725170",2,2,0
"FBXO31","s1319_F_PIT_01_ASEReadCounter.table","NW_015090842.1:8725187",2,2,0
"FBXO31","s1319_F_PIT_01_ASEReadCounter.table","NW_015090842.1:8725188",2,2,0
"FBXO31","s1319_F_PIT_01_ASEReadCounter.table","NW_015090842.1:8725190",2,2,0
"FBXO31","s1319_F_PIT_01_ASEReadCounter.table","NW_015090842.1:8725370",1,1,0
"ZCCHC14","s1319_F_PIT_01_ASEReadCounter.table","NW_015090842.1:8750174",13,20,7
"ZCCHC14","s1319_F_PIT_01_ASEReadCounter.table","NW_015090842.1:8750189",20,28,8
"ZCCHC14","s1319_F_PIT_01_ASEReadCounter.table","NW_015090842.1:8750365",13,21,8
"ZCCHC14","s1319_F_PIT_01_ASEReadCounter.table","NW_015090842.1:8750433",16,21,5
"ZCCHC14","s1319_F_PIT_01_ASEReadCounter.table","NW_015090842.1:8750449",14,22,8
"ZCCHC14","s1319_F_PIT_01_ASEReadCounter.table","NW_015090842.1:8750456",13,19,6
"ZCCHC14","s1319_F_PIT_01_ASEReadCounter.table","NW_015090842.1:8750497",23,30,7
"ZCCHC14","s1319_F_PIT_01_ASEReadCounter.table","NW_015090842.1:8750547",25,35,10
"ZCCHC14","s1319_F_PIT_01_ASEReadCounter.table","NW_015090842.1:8751100",5,6,1
"ZCCHC14","s1319_F_PIT_01_ASEReadCounter.table","NW_015090842.1:8751374",13,18,5
"ZCCHC14","s1319_F_PIT_01_ASEReadCounter.table","NW_015090842.1:8751403",15,20,5
"ZCCHC14","s1319_F_PIT_01_ASEReadCounter.table","NW_015090842.1:8751517",11,26,15
"ZCCHC14","s1319_F_PIT_01_ASEReadCounter.table","NW_015090842.1:8752060",9,16,7
"ZCCHC14","s1319_F_PIT_01_ASEReadCounter.table","NW_015090842.1:8752172",7,16,9
"ZCCHC14","s1319_F_PIT_01_ASEReadCounter.table","NW_015090842.1:8752183",9,19,10
"ZCCHC14","s1319_F_PIT_01_ASEReadCounter.table","NW_015090842.1:8752198",10,21,11
"ZCCHC14","s1319_F_PIT_01_ASEReadCounter.table","NW_015090842.1:8752248",12,25,13
"ZCCHC14","s1319_F_PIT_01_ASEReadCounter.table","NW_015090842.1:8752326",13,22,9
"ZCCHC14","s1319_F_PIT_01_ASEReadCounter.table","NW_015090842.1:8752393",9,22,13
"ZCCHC14","s1319_F_PIT_01_ASEReadCounter.table","NW_015090842.1:8752914",7,12,5
"ZCCHC14","s1319_F_PIT_01_ASEReadCounter.table","NW_015090842.1:8753528",10,11,1
"ZCCHC14","s1319_F_PIT_01_ASEReadCounter.table","NW_015090842.1:8753892",7,15,8
"ZCCHC14","s1319_F_PIT_01_ASEReadCounter.table","NW_015090842.1:8753910",7,18,11
"ZCCHC14","s1319_F_PIT_01_ASEReadCounter.table","NW_015090842.1:8755096",5,10,5
"ZCCHC14","s1319_F_PIT_01_ASEReadCounter.table","NW_015090842.1:8755327",3,5,2
"ZCCHC14","s1319_F_PIT_01_ASEReadCounter.table","NW_015090842.1:8755723",5,12,7
"ZCCHC14","s1319_F_PIT_01_ASEReadCounter.table","NW_015090842.1:8755739",6,14,8
"ZCCHC14","s1319_F_PIT_01_ASEReadCounter.table","NW_015090842.1:8756149",3,7,4
"ZCCHC14","s1319_F_PIT_01_ASEReadCounter.table","NW_015090842.1:8756347",2,6,4
"ZCCHC14","s1319_F_PIT_01_ASEReadCounter.table","NW_015090842.1:8756361",3,6,3
"ZCCHC14","s1319_F_PIT_01_ASEReadCounter.table","NW_015090842.1:8756388",2,4,2
"ZCCHC14","s1319_F_PIT_01_ASEReadCounter.table","NW_015090842.1:8756389",2,4,2
"ZCCHC14","s1319_F_PIT_01_ASEReadCounter.table","NW_015090842.1:8757160",1,7,6
"ZCCHC14","s1319_F_PIT_01_ASEReadCounter.table","NW_015090842.1:8804511",3,5,2
"ZCCHC14","s1319_F_PIT_01_ASEReadCounter.table","NW_015090842.1:8804979",1,4,3
"JPH3","s1319_F_PIT_01_ASEReadCounter.table","NW_015090842.1:8845375",3,5,2
"JPH3","s1319_F_PIT_01_ASEReadCounter.table","NW_015090842.1:8845640",6,12,6
"JPH3","s1319_F_PIT_01_ASEReadCounter.table","NW_015090842.1:8845654",3,12,9
"JPH3","s1319_F_PIT_01_ASEReadCounter.table","NW_015090842.1:8872283",6,14,8
"JPH3","s1319_F_PIT_01_ASEReadCounter.table","NW_015090842.1:8872294",7,13,6
"JPH3","s1319_F_PIT_01_ASEReadCounter.table","NW_015090842.1:8872730",4,12,8
"JPH3","s1319_F_PIT_01_ASEReadCounter.table","NW_015090842.1:8885260",17,32,15
"JPH3","s1319_F_PIT_01_ASEReadCounter.table","NW_015090842.1:8885315",11,26,15
"JPH3","s1319_F_PIT_01_ASEReadCounter.table","NW_015090842.1:8885328",9,22,13
"JPH3","s1319_F_PIT_01_ASEReadCounter.table","NW_015090842.1:8885438",9,16,7
"JPH3","s1319_F_PIT_01_ASEReadCounter.table","NW_015090842.1:8885525",3,12,9
"KLHDC4","s1319_F_PIT_01_ASEReadCounter.table","NW_015090842.1:8890729",53,80,27
"KLHDC4","s1319_F_PIT_01_ASEReadCounter.table","NW_015090842.1:8890749",54,78,24
"KLHDC4","s1319_F_PIT_01_ASEReadCounter.table","NW_015090842.1:8890761",57,86,29
"KLHDC4","s1319_F_PIT_01_ASEReadCounter.table","NW_015090842.1:8891123",93,141,48
"KLHDC4","s1319_F_PIT_01_ASEReadCounter.table","NW_015090842.1:8893124",86,134,48
"KLHDC4","s1319_F_PIT_01_ASEReadCounter.table","NW_015090842.1:8894542",57,89,32
"KLHDC4","s1319_F_PIT_01_ASEReadCounter.table","NW_015090842.1:8896726",66,96,30
"KLHDC4","s1319_F_PIT_01_ASEReadCounter.table","NW_015090842.1:8896767",61,91,30
"KLHDC4","s1319_F_PIT_01_ASEReadCounter.table","NW_015090842.1:8904174",63,94,31
"KLHDC4","s1319_F_PIT_01_ASEReadCounter.table","NW_015090842.1:8904231",62,89,27
"KLHDC4","s1319_F_PIT_01_ASEReadCounter.table","NW_015090842.1:8905251",54,89,35
"KLHDC4","s1319_F_PIT_01_ASEReadCounter.table","NW_015090842.1:8905263",55,94,39
"KLHDC4","s1319_F_PIT_01_ASEReadCounter.table","NW_015090842.1:8919626",13,20,7
"SLC7A5","s1319_F_PIT_01_ASEReadCounter.table","NW_015090842.1:8938782",93,149,56
"SLC7A5","s1319_F_PIT_01_ASEReadCounter.table","NW_015090842.1:8938943",55,106,51
"SLC7A5","s1319_F_PIT_01_ASEReadCounter.table","NW_015090842.1:8939611",39,50,11
"SLC7A5","s1319_F_PIT_01_ASEReadCounter.table","NW_015090842.1:8939738",43,61,18
"SLC7A5","s1319_F_PIT_01_ASEReadCounter.table","NW_015090842.1:8939739",43,62,19
"SLC7A5","s1319_F_PIT_01_ASEReadCounter.table","NW_015090842.1:8939740",42,61,19
"SLC7A5","s1319_F_PIT_01_ASEReadCounter.table","NW_015090842.1:8939795",49,65,16
"SLC7A5","s1319_F_PIT_01_ASEReadCounter.table","NW_015090842.1:8939815",45,64,19
"SLC7A5","s1319_F_PIT_01_ASEReadCounter.table","NW_015090842.1:8939816",45,64,19
"SLC7A5","s1319_F_PIT_01_ASEReadCounter.table","NW_015090842.1:8939817",45,65,20
"SLC7A5","s1319_F_PIT_01_ASEReadCounter.table","NW_015090842.1:8939845",41,64,23
"SLC7A5","s1319_F_PIT_01_ASEReadCounter.table","NW_015090842.1:8939894",37,56,19
"SLC7A5","s1319_F_PIT_01_ASEReadCounter.table","NW_015090842.1:8939895",37,56,19
"SLC7A5","s1319_F_PIT_01_ASEReadCounter.table","NW_015090842.1:8939997",115,116,1
"SLC7A5","s1319_F_PIT_01_ASEReadCounter.table","NW_015090842.1:8940172",44,79,35
"SLC7A5","s1319_F_PIT_01_ASEReadCounter.table","NW_015090842.1:8940331",23,34,11
"SLC7A5","s1319_F_PIT_01_ASEReadCounter.table","NW_015090842.1:8940696",25,36,11
"SLC7A5","s1319_F_PIT_01_ASEReadCounter.table","NW_015090842.1:8940719",16,31,15
"SLC7A5","s1319_F_PIT_01_ASEReadCounter.table","NW_015090842.1:8940737",18,31,13
"SLC7A5","s1319_F_PIT_01_ASEReadCounter.table","NW_015090842.1:8940743",21,36,15
"SLC7A5","s1319_F_PIT_01_ASEReadCounter.table","NW_015090842.1:8940766",29,48,19
"SLC7A5","s1319_F_PIT_01_ASEReadCounter.table","NW_015090842.1:8940769",28,50,22
"SLC7A5","s1319_F_PIT_01_ASEReadCounter.table","NW_015090842.1:8940861",24,46,22
"SLC7A5","s1319_F_PIT_01_ASEReadCounter.table","NW_015090842.1:8941068",37,62,25
"SLC7A5","s1319_F_PIT_01_ASEReadCounter.table","NW_015090842.1:8941467",23,41,18
"SLC7A5","s1319_F_PIT_01_ASEReadCounter.table","NW_015090842.1:8941531",19,36,17
"SLC7A5","s1319_F_PIT_01_ASEReadCounter.table","NW_015090842.1:8941588",28,52,24
"SLC7A5","s1319_F_PIT_01_ASEReadCounter.table","NW_015090842.1:8941698",12,30,18
"SLC7A5","s1319_F_PIT_01_ASEReadCounter.table","NW_015090842.1:8941717",15,37,22
"SLC7A5","s1319_F_PIT_01_ASEReadCounter.table","NW_015090842.1:8941745",21,41,20
"SLC7A5","s1319_F_PIT_01_ASEReadCounter.table","NW_015090842.1:8941781",26,46,20
"SLC7A5","s1319_F_PIT_01_ASEReadCounter.table","NW_015090842.1:8941887",13,25,12
"SLC7A5","s1319_F_PIT_01_ASEReadCounter.table","NW_015090842.1:8941968",13,26,13
"SLC7A5","s1319_F_PIT_01_ASEReadCounter.table","NW_015090842.1:8942025",16,30,14
"SLC7A5","s1319_F_PIT_01_ASEReadCounter.table","NW_015090842.1:8942069",17,34,17
"SLC7A5","s1319_F_PIT_01_ASEReadCounter.table","NW_015090842.1:8942170",16,31,15
"SLC7A5","s1319_F_PIT_01_ASEReadCounter.table","NW_015090842.1:8942241",19,37,18
"SLC7A5","s1319_F_PIT_01_ASEReadCounter.table","NW_015090842.1:8942283",23,42,19
"SLC7A5","s1319_F_PIT_01_ASEReadCounter.table","NW_015090842.1:8942717",26,42,16
"SLC7A5","s1319_F_PIT_01_ASEReadCounter.table","NW_015090842.1:8942756",32,52,20
"SLC7A5","s1319_F_PIT_01_ASEReadCounter.table","NW_015090842.1:8942766",33,51,18
"SLC7A5","s1319_F_PIT_01_ASEReadCounter.table","NW_015090842.1:8943271",26,41,15
"SLC7A5","s1319_F_PIT_01_ASEReadCounter.table","NW_015090842.1:8943524",21,28,7
"SLC7A5","s1319_F_PIT_01_ASEReadCounter.table","NW_015090842.1:8943530",21,28,7
"SLC7A5","s1319_F_PIT_01_ASEReadCounter.table","NW_015090842.1:8943602",17,24,7
"SLC7A5","s1319_F_PIT_01_ASEReadCounter.table","NW_015090842.1:8943622",13,18,5
"SLC7A5","s1319_F_PIT_01_ASEReadCounter.table","NW_015090842.1:8943661",15,20,5
"SLC7A5","s1319_F_PIT_01_ASEReadCounter.table","NW_015090842.1:8943686",14,18,4
"SLC7A5","s1319_F_PIT_01_ASEReadCounter.table","NW_015090842.1:8943788",13,20,7
"SLC7A5","s1319_F_PIT_01_ASEReadCounter.table","NW_015090842.1:8943814",16,22,6
"SLC7A5","s1319_F_PIT_01_ASEReadCounter.table","NW_015090842.1:8943876",18,27,9
"SLC7A5","s1319_F_PIT_01_ASEReadCounter.table","NW_015090842.1:8943892",18,28,10
"SLC7A5","s1319_F_PIT_01_ASEReadCounter.table","NW_015090842.1:8944097",23,38,15
"SLC7A5","s1319_F_PIT_01_ASEReadCounter.table","NW_015090842.1:8944104",23,36,13
"SLC7A5","s1319_F_PIT_01_ASEReadCounter.table","NW_015090842.1:8944293",8,17,9
"SLC7A5","s1319_F_PIT_01_ASEReadCounter.table","NW_015090842.1:8944297",8,16,8
"SLC7A5","s1319_F_PIT_01_ASEReadCounter.table","NW_015090842.1:8944397",10,19,9
"SLC7A5","s1319_F_PIT_01_ASEReadCounter.table","NW_015090842.1:8944552",15,25,10
"SLC7A5","s1319_F_PIT_01_ASEReadCounter.table","NW_015090842.1:8944629",16,25,9
"CA5A","s1319_F_PIT_01_ASEReadCounter.table","NW_015090842.1:8989479",18,43,25
"CA5A","s1319_F_PIT_01_ASEReadCounter.table","NW_015090842.1:8989562",8,36,28
"CA5A","s1319_F_PIT_01_ASEReadCounter.table","NW_015090842.1:8989609",13,51,38
"CA5A","s1319_F_PIT_01_ASEReadCounter.table","NW_015090842.1:8989693",26,72,46
"CA5A","s1319_F_PIT_01_ASEReadCounter.table","NW_015090842.1:8989702",26,68,42
"CA5A","s1319_F_PIT_01_ASEReadCounter.table","NW_015090842.1:8989746",26,77,51
"CA5A","s1319_F_PIT_01_ASEReadCounter.table","NW_015090842.1:8989880",17,80,63
"CA5A","s1319_F_PIT_01_ASEReadCounter.table","NW_015090842.1:8989885",17,79,62
"CA5A","s1319_F_PIT_01_ASEReadCounter.table","NW_015090842.1:8989929",14,67,53
"CA5A","s1319_F_PIT_01_ASEReadCounter.table","NW_015090842.1:8990002",11,51,40
"CA5A","s1319_F_PIT_01_ASEReadCounter.table","NW_015090842.1:8990004",11,51,40
"CA5A","s1319_F_PIT_01_ASEReadCounter.table","NW_015090842.1:8990005",11,50,39
"CA5A","s1319_F_PIT_01_ASEReadCounter.table","NW_015090842.1:8990017",11,51,40
"CA5A","s1319_F_PIT_01_ASEReadCounter.table","NW_015090842.1:8990043",11,53,42
"CA5A","s1319_F_PIT_01_ASEReadCounter.table","NW_015090842.1:8990060",45,45,0
"CA5A","s1319_F_PIT_01_ASEReadCounter.table","NW_015090842.1:8990080",6,43,37
"CA5A","s1319_F_PIT_01_ASEReadCounter.table","NW_015090842.1:8990084",6,43,37
"CA5A","s1319_F_PIT_01_ASEReadCounter.table","NW_015090842.1:8990090",7,44,37
"CA5A","s1319_F_PIT_01_ASEReadCounter.table","NW_015090842.1:8990095",12,48,36
"CA5A","s1319_F_PIT_01_ASEReadCounter.table","NW_015090842.1:8990111",9,46,37
"CA5A","s1319_F_PIT_01_ASEReadCounter.table","NW_015090842.1:8990112",9,45,36
"CA5A","s1319_F_PIT_01_ASEReadCounter.table","NW_015090842.1:8990115",11,47,36
"CA5A","s1319_F_PIT_01_ASEReadCounter.table","NW_015090842.1:8990166",14,46,32
"CA5A","s1319_F_PIT_01_ASEReadCounter.table","NW_015090842.1:8990169",15,47,32
"CA5A","s1319_F_PIT_01_ASEReadCounter.table","NW_015090842.1:8990193",43,43,0
"CA5A","s1319_F_PIT_01_ASEReadCounter.table","NW_015090842.1:8990222",14,46,32
"CA5A","s1319_F_PIT_01_ASEReadCounter.table","NW_015090842.1:8990289",18,48,30
"CA5A","s1319_F_PIT_01_ASEReadCounter.table","NW_015090842.1:8990314",16,42,26
"CA5A","s1319_F_PIT_01_ASEReadCounter.table","NW_015090842.1:8990361",18,44,26
"CA5A","s1319_F_PIT_01_ASEReadCounter.table","NW_015090842.1:8990368",18,44,26
"CA5A","s1319_F_PIT_01_ASEReadCounter.table","NW_015090842.1:8990429",13,37,24
"CA5A","s1319_F_PIT_01_ASEReadCounter.table","NW_015090842.1:8990466",8,27,19
"CA5A","s1319_F_PIT_01_ASEReadCounter.table","NW_015090842.1:8990663",8,30,22
"CA5A","s1319_F_PIT_01_ASEReadCounter.table","NW_015090842.1:8990797",7,16,9
"CA5A","s1319_F_PIT_01_ASEReadCounter.table","NW_015090842.1:8990836",8,23,15
"CA5A","s1319_F_PIT_01_ASEReadCounter.table","NW_015090842.1:8990842",9,23,14
"CA5A","s1319_F_PIT_01_ASEReadCounter.table","NW_015090842.1:8990851",9,23,14
"CA5A","s1319_F_PIT_01_ASEReadCounter.table","NW_015090842.1:8990918",9,33,24
"CA5A","s1319_F_PIT_01_ASEReadCounter.table","NW_015090842.1:8990921",7,31,24
"CA5A","s1319_F_PIT_01_ASEReadCounter.table","NW_015090842.1:8990942",7,35,28
"CA5A","s1319_F_PIT_01_ASEReadCounter.table","NW_015090842.1:8991001",8,41,33
"CA5A","s1319_F_PIT_01_ASEReadCounter.table","NW_015090842.1:8991038",10,38,28
"CA5A","s1319_F_PIT_01_ASEReadCounter.table","NW_015090842.1:8991149",9,30,21
"CA5A","s1319_F_PIT_01_ASEReadCounter.table","NW_015090842.1:8991176",8,35,27
"CA5A","s1319_F_PIT_01_ASEReadCounter.table","NW_015090842.1:8991241",9,40,31
"CA5A","s1319_F_PIT_01_ASEReadCounter.table","NW_015090842.1:8991262",8,31,23
"CA5A","s1319_F_PIT_01_ASEReadCounter.table","NW_015090842.1:8991316",5,7,2
"CA5A","s1319_F_PIT_01_ASEReadCounter.table","NW_015090842.1:8991319",5,6,1
"CA5A","s1319_F_PIT_01_ASEReadCounter.table","NW_015090842.1:8991330",4,5,1
"CA5A","s1319_F_PIT_01_ASEReadCounter.table","NW_015090842.1:8991334",4,5,1
"CA5A","s1319_F_PIT_01_ASEReadCounter.table","NW_015090842.1:8991362",2,26,24
"CA5A","s1319_F_PIT_01_ASEReadCounter.table","NW_015090842.1:8991368",2,26,24
"CA5A","s1319_F_PIT_01_ASEReadCounter.table","NW_015090842.1:8991390",1,26,25
"CA5A","s1319_F_PIT_01_ASEReadCounter.table","NW_015090842.1:8991395",1,26,25
"CA5A","s1319_F_PIT_01_ASEReadCounter.table","NW_015090842.1:8991422",5,35,30
"CA5A","s1319_F_PIT_01_ASEReadCounter.table","NW_015090842.1:8991467",7,32,25
"CA5A","s1319_F_PIT_01_ASEReadCounter.table","NW_015090842.1:8991576",3,29,26
"CA5A","s1319_F_PIT_01_ASEReadCounter.table","NW_015090842.1:8991587",4,32,28
"CA5A","s1319_F_PIT_01_ASEReadCounter.table","NW_015090842.1:8991655",4,30,26
"CA5A","s1319_F_PIT_01_ASEReadCounter.table","NW_015090842.1:8991717",9,31,22
"CA5A","s1319_F_PIT_01_ASEReadCounter.table","NW_015090842.1:8991726",9,34,25
"CA5A","s1319_F_PIT_01_ASEReadCounter.table","NW_015090842.1:8991799",7,34,27
"CA5A","s1319_F_PIT_01_ASEReadCounter.table","NW_015090842.1:8991809",6,33,27
"CA5A","s1319_F_PIT_01_ASEReadCounter.table","NW_015090842.1:8991848",9,33,24
"CA5A","s1319_F_PIT_01_ASEReadCounter.table","NW_015090842.1:8991849",9,32,23
"CA5A","s1319_F_PIT_01_ASEReadCounter.table","NW_015090842.1:8991927",5,32,27
"CA5A","s1319_F_PIT_01_ASEReadCounter.table","NW_015090842.1:8991941",6,27,21
"CA5A","s1319_F_PIT_01_ASEReadCounter.table","NW_015090842.1:8992121",13,33,20
"CA5A","s1319_F_PIT_01_ASEReadCounter.table","NW_015090842.1:8992224",10,23,13
"CA5A","s1319_F_PIT_01_ASEReadCounter.table","NW_015090842.1:9002570",4,20,16
"CA5A","s1319_F_PIT_01_ASEReadCounter.table","NW_015090842.1:9002600",4,20,16
"CA5A","s1319_F_PIT_01_ASEReadCounter.table","NW_015090842.1:9004312",5,14,9
"CA5A","s1319_F_PIT_01_ASEReadCounter.table","NW_015090842.1:9004506",1,1,0
"CA5A","s1319_F_PIT_01_ASEReadCounter.table","NW_015090842.1:9004523",1,1,0
"CA5A","s1319_F_PIT_01_ASEReadCounter.table","NW_015090842.1:9004530",1,1,0
"CA5A","s1319_F_PIT_01_ASEReadCounter.table","NW_015090842.1:9004556",2,2,0
"CA5A","s1319_F_PIT_01_ASEReadCounter.table","NW_015090842.1:9005116",0,2,2
"CA5A","s1319_F_PIT_01_ASEReadCounter.table","NW_015090842.1:9005120",0,2,2
"CA5A","s1319_F_PIT_01_ASEReadCounter.table","NW_015090842.1:9005140",0,4,4
"CA5A","s1319_F_PIT_01_ASEReadCounter.table","NW_015090842.1:9005152",0,5,5
"BANP","s1319_F_PIT_01_ASEReadCounter.table","NW_015090842.1:9033407",10,27,17
"BANP","s1319_F_PIT_01_ASEReadCounter.table","NW_015090842.1:9033409",10,24,14
"BANP","s1319_F_PIT_01_ASEReadCounter.table","NW_015090842.1:9033420",11,31,20
"BANP","s1319_F_PIT_01_ASEReadCounter.table","NW_015090842.1:9067974",0,27,27
"BANP","s1319_F_PIT_01_ASEReadCounter.table","NW_015090842.1:9102510",21,53,32
"BANP","s1319_F_PIT_01_ASEReadCounter.table","NW_015090842.1:9168534",27,59,32
"BANP","s1319_F_PIT_01_ASEReadCounter.table","NW_015090842.1:9168818",20,48,28
"ZNF469","s1319_F_PIT_01_ASEReadCounter.table","NW_015090842.1:9427614",1,1,0
"ZNF469","s1319_F_PIT_01_ASEReadCounter.table","NW_015090842.1:9429794",1,1,0
"ZNF469","s1319_F_PIT_01_ASEReadCounter.table","NW_015090842.1:9431031",0,1,1
"ZNF469","s1319_F_PIT_01_ASEReadCounter.table","NW_015090842.1:9431073",0,1,1
"ZNF469","s1319_F_PIT_01_ASEReadCounter.table","NW_015090842.1:9431091",0,1,1
"ZNF469","s1319_F_PIT_01_ASEReadCounter.table","NW_015090842.1:9431150",0,1,1
"ZNF469","s1319_F_PIT_01_ASEReadCounter.table","NW_015090842.1:9431317",0,1,1
"ZNF469","s1319_F_PIT_01_ASEReadCounter.table","NW_015090842.1:9431325",0,1,1
"ZNF469","s1319_F_PIT_01_ASEReadCounter.table","NW_015090842.1:9432110",0,1,1
"ZNF469","s1319_F_PIT_01_ASEReadCounter.table","NW_015090842.1:9432302",0,1,1
"ZNF469","s1319_F_PIT_01_ASEReadCounter.table","NW_015090842.1:9432361",0,2,2
"ZNF469","s1319_F_PIT_01_ASEReadCounter.table","NW_015090842.1:9432374",1,3,2
"ZNF469","s1319_F_PIT_01_ASEReadCounter.table","NW_015090842.1:9432382",1,3,2
"ZNF469","s1319_F_PIT_01_ASEReadCounter.table","NW_015090842.1:9433268",0,2,2
"ZNF469","s1319_F_PIT_01_ASEReadCounter.table","NW_015090842.1:9433902",0,1,1
"ZNF469","s1319_F_PIT_01_ASEReadCounter.table","NW_015090842.1:9433980",0,1,1
"ZFPM1","s1319_F_PIT_01_ASEReadCounter.table","NW_015090842.1:9458862",7,11,4
"ZFPM1","s1319_F_PIT_01_ASEReadCounter.table","NW_015090842.1:9458888",7,14,7
"ZFPM1","s1319_F_PIT_01_ASEReadCounter.table","NW_015090842.1:9458904",10,19,9
"ZFPM1","s1319_F_PIT_01_ASEReadCounter.table","NW_015090842.1:9458916",12,18,6
"ZFPM1","s1319_F_PIT_01_ASEReadCounter.table","NW_015090842.1:9468568",13,21,8
"ZFPM1","s1319_F_PIT_01_ASEReadCounter.table","NW_015090842.1:9468593",11,21,10
"ZFPM1","s1319_F_PIT_01_ASEReadCounter.table","NW_015090842.1:9471561",10,19,9
"ZFPM1","s1319_F_PIT_01_ASEReadCounter.table","NW_015090842.1:9472557",10,22,12
"ZFPM1","s1319_F_PIT_01_ASEReadCounter.table","NW_015090842.1:9472565",10,23,13
"ZFPM1","s1319_F_PIT_01_ASEReadCounter.table","NW_015090842.1:9472608",14,25,11
"ZFPM1","s1319_F_PIT_01_ASEReadCounter.table","NW_015090842.1:9472627",14,24,10
"ZFPM1","s1319_F_PIT_01_ASEReadCounter.table","NW_015090842.1:9472668",8,19,11
"ZFPM1","s1319_F_PIT_01_ASEReadCounter.table","NW_015090842.1:9473655",10,22,12
"ZFPM1","s1319_F_PIT_01_ASEReadCounter.table","NW_015090842.1:9475827",9,20,11
"ZFPM1","s1319_F_PIT_01_ASEReadCounter.table","NW_015090842.1:9475842",10,23,13
"ZFPM1","s1319_F_PIT_01_ASEReadCounter.table","NW_015090842.1:9476119",8,18,10
"ZFPM1","s1319_F_PIT_01_ASEReadCounter.table","NW_015090842.1:9476161",8,17,9
"ZFPM1","s1319_F_PIT_01_ASEReadCounter.table","NW_015090842.1:9476219",5,14,9
"ZFPM1","s1319_F_PIT_01_ASEReadCounter.table","NW_015090842.1:9476233",4,12,8
"ZFPM1","s1319_F_PIT_01_ASEReadCounter.table","NW_015090842.1:9476305",5,12,7
"ZFPM1","s1319_F_PIT_01_ASEReadCounter.table","NW_015090842.1:9476395",4,9,5
"ZFPM1","s1319_F_PIT_01_ASEReadCounter.table","NW_015090842.1:9476421",8,16,8
"ZFPM1","s1319_F_PIT_01_ASEReadCounter.table","NW_015090842.1:9476539",7,11,4
"ZFPM1","s1319_F_PIT_01_ASEReadCounter.table","NW_015090842.1:9476576",7,14,7
"ZFPM1","s1319_F_PIT_01_ASEReadCounter.table","NW_015090842.1:9476599",22,22,0
"ZFPM1","s1319_F_PIT_01_ASEReadCounter.table","NW_015090842.1:9476792",7,24,17
"ZFPM1","s1319_F_PIT_01_ASEReadCounter.table","NW_015090842.1:9476803",8,24,16
"ZFPM1","s1319_F_PIT_01_ASEReadCounter.table","NW_015090842.1:9477115",13,17,4
"ZFPM1","s1319_F_PIT_01_ASEReadCounter.table","NW_015090842.1:9477299",0,18,18
"ZFPM1","s1319_F_PIT_01_ASEReadCounter.table","NW_015090842.1:9477398",11,11,0
"ZFPM1","s1319_F_PIT_01_ASEReadCounter.table","NW_015090842.1:9477422",3,11,8
"ZFPM1","s1319_F_PIT_01_ASEReadCounter.table","NW_015090842.1:9477554",11,19,8
"ZFPM1","s1319_F_PIT_01_ASEReadCounter.table","NW_015090842.1:9477575",16,16,0
"ZFPM1","s1319_F_PIT_01_ASEReadCounter.table","NW_015090842.1:9477595",10,18,8
"ZFPM1","s1319_F_PIT_01_ASEReadCounter.table","NW_015090842.1:9477611",11,20,9
"ZFPM1","s1319_F_PIT_01_ASEReadCounter.table","NW_015090842.1:9477659",12,16,4
"ZFPM1","s1319_F_PIT_01_ASEReadCounter.table","NW_015090842.1:9477737",7,10,3
"ZFPM1","s1319_F_PIT_01_ASEReadCounter.table","NW_015090842.1:9477791",10,18,8
"ZFPM1","s1319_F_PIT_01_ASEReadCounter.table","NW_015090842.1:9477844",12,22,10
"ZFPM1","s1319_F_PIT_01_ASEReadCounter.table","NW_015090842.1:9477917",14,26,12
"ZFPM1","s1319_F_PIT_01_ASEReadCounter.table","NW_015090842.1:9478295",12,26,14
"ZFPM1","s1319_F_PIT_01_ASEReadCounter.table","NW_015090842.1:9478349",13,26,13
"ZFPM1","s1319_F_PIT_01_ASEReadCounter.table","NW_015090842.1:9478524",7,15,8
"ZFPM1","s1319_F_PIT_01_ASEReadCounter.table","NW_015090842.1:9478546",7,17,10
"ZFPM1","s1319_F_PIT_01_ASEReadCounter.table","NW_015090842.1:9478573",6,17,11
"ZFPM1","s1319_F_PIT_01_ASEReadCounter.table","NW_015090842.1:9478582",6,14,8
"ZFPM1","s1319_F_PIT_01_ASEReadCounter.table","NW_015090842.1:9478684",0,4,4
"ZFPM1","s1319_F_PIT_01_ASEReadCounter.table","NW_015090842.1:9478711",0,2,2
"ZFPM1","s1319_F_PIT_01_ASEReadCounter.table","NW_015090842.1:9478761",1,6,5
"ZFPM1","s1319_F_PIT_01_ASEReadCounter.table","NW_015090842.1:9478829",5,5,0
"CIDEC","s1319_F_PIT_01_ASEReadCounter.table","NW_015090842.1:9480391",2,2,0
"CIDEC","s1319_F_PIT_01_ASEReadCounter.table","NW_015090842.1:9480394",2,2,0
"CIDEC","s1319_F_PIT_01_ASEReadCounter.table","NW_015090842.1:9480630",4,5,1
"CIDEC","s1319_F_PIT_01_ASEReadCounter.table","NW_015090842.1:9480675",4,5,1
"CIDEC","s1319_F_PIT_01_ASEReadCounter.table","NW_015090842.1:9480686",3,3,0
"CIDEC","s1319_F_PIT_01_ASEReadCounter.table","NW_015090842.1:9480693",4,4,0
"CIDEC","s1319_F_PIT_01_ASEReadCounter.table","NW_015090842.1:9480756",1,1,0
"ZC3H18","s1319_F_PIT_01_ASEReadCounter.table","NW_015090842.1:9494271",6,10,4
"ZC3H18","s1319_F_PIT_01_ASEReadCounter.table","NW_015090842.1:9501427",21,30,9
"ZC3H18","s1319_F_PIT_01_ASEReadCounter.table","NW_015090842.1:9501442",13,22,9
"ZC3H18","s1319_F_PIT_01_ASEReadCounter.table","NW_015090842.1:9505538",13,26,13
"ZC3H18","s1319_F_PIT_01_ASEReadCounter.table","NW_015090842.1:9506778",6,21,15
"ZC3H18","s1319_F_PIT_01_ASEReadCounter.table","NW_015090842.1:9522538",13,26,13
"ZC3H18","s1319_F_PIT_01_ASEReadCounter.table","NW_015090842.1:9524350",11,26,15
"ZC3H18","s1319_F_PIT_01_ASEReadCounter.table","NW_015090842.1:9524366",11,27,16
"ZC3H18","s1319_F_PIT_01_ASEReadCounter.table","NW_015090842.1:9524424",17,32,15
"ZC3H18","s1319_F_PIT_01_ASEReadCounter.table","NW_015090842.1:9529649",14,43,29
"ZC3H18","s1319_F_PIT_01_ASEReadCounter.table","NW_015090842.1:9529688",19,45,26
"ZC3H18","s1319_F_PIT_01_ASEReadCounter.table","NW_015090842.1:9529691",19,42,23
"ZC3H18","s1319_F_PIT_01_ASEReadCounter.table","NW_015090842.1:9530977",21,40,19
"ZC3H18","s1319_F_PIT_01_ASEReadCounter.table","NW_015090842.1:9536699",0,25,25
"CYBA","s1319_F_PIT_01_ASEReadCounter.table","NW_015090842.1:9547281",65,89,24
"CYBA","s1319_F_PIT_01_ASEReadCounter.table","NW_015090842.1:9547402",204,294,90
"CYBA","s1319_F_PIT_01_ASEReadCounter.table","NW_015090842.1:9547553",125,210,85
"CYBA","s1319_F_PIT_01_ASEReadCounter.table","NW_015090842.1:9548052",155,204,49
"CYBA","s1319_F_PIT_01_ASEReadCounter.table","NW_015090842.1:9548436",197,280,83
"CYBA","s1319_F_PIT_01_ASEReadCounter.table","NW_015090842.1:9548442",195,275,80
"CYBA","s1319_F_PIT_01_ASEReadCounter.table","NW_015090842.1:9548478",245,351,106
"CYBA","s1319_F_PIT_01_ASEReadCounter.table","NW_015090842.1:9548487",227,325,98
"CYBA","s1319_F_PIT_01_ASEReadCounter.table","NW_015090842.1:9548490",219,311,92
"CYBA","s1319_F_PIT_01_ASEReadCounter.table","NW_015090842.1:9548717",214,294,80
"CYBA","s1319_F_PIT_01_ASEReadCounter.table","NW_015090842.1:9548750",149,217,68
"CYBA","s1319_F_PIT_01_ASEReadCounter.table","NW_015090842.1:9548766",105,160,55
"MVD","s1319_F_PIT_01_ASEReadCounter.table","NW_015090842.1:9550678",15,30,15
"MVD","s1319_F_PIT_01_ASEReadCounter.table","NW_015090842.1:9550690",17,40,23
"MVD","s1319_F_PIT_01_ASEReadCounter.table","NW_015090842.1:9550691",16,39,23
"MVD","s1319_F_PIT_01_ASEReadCounter.table","NW_015090842.1:9550699",24,56,32
"MVD","s1319_F_PIT_01_ASEReadCounter.table","NW_015090842.1:9550719",25,58,33
"MVD","s1319_F_PIT_01_ASEReadCounter.table","NW_015090842.1:9551596",52,126,74
"MVD","s1319_F_PIT_01_ASEReadCounter.table","NW_015090842.1:9551638",52,139,87
"MVD","s1319_F_PIT_01_ASEReadCounter.table","NW_015090842.1:9551899",0,8,8
"MVD","s1319_F_PIT_01_ASEReadCounter.table","NW_015090842.1:9552193",48,124,76
"MVD","s1319_F_PIT_01_ASEReadCounter.table","NW_015090842.1:9552202",49,134,85
"MVD","s1319_F_PIT_01_ASEReadCounter.table","NW_015090842.1:9552208",48,124,76
"MVD","s1319_F_PIT_01_ASEReadCounter.table","NW_015090842.1:9552625",42,88,46
"MVD","s1319_F_PIT_01_ASEReadCounter.table","NW_015090842.1:9552629",96,96,0
"MVD","s1319_F_PIT_01_ASEReadCounter.table","NW_015090842.1:9552644",49,105,56
"MVD","s1319_F_PIT_01_ASEReadCounter.table","NW_015090842.1:9553093",47,109,62
"MVD","s1319_F_PIT_01_ASEReadCounter.table","NW_015090842.1:9553114",54,111,57
"RNF166","s1319_F_PIT_01_ASEReadCounter.table","NW_015090842.1:9557900",30,87,57
"RNF166","s1319_F_PIT_01_ASEReadCounter.table","NW_015090842.1:9558048",39,71,32
"RNF166","s1319_F_PIT_01_ASEReadCounter.table","NW_015090842.1:9558116",39,77,38
"RNF166","s1319_F_PIT_01_ASEReadCounter.table","NW_015090842.1:9558308",28,72,44
"RNF166","s1319_F_PIT_01_ASEReadCounter.table","NW_015090842.1:9558405",42,80,38
"RNF166","s1319_F_PIT_01_ASEReadCounter.table","NW_015090842.1:9558549",42,107,65
"RNF166","s1319_F_PIT_01_ASEReadCounter.table","NW_015090842.1:9558556",35,100,65
"RNF166","s1319_F_PIT_01_ASEReadCounter.table","NW_015090842.1:9558579",32,83,51
"RNF166","s1319_F_PIT_01_ASEReadCounter.table","NW_015090842.1:9558599",34,85,51
"RNF166","s1319_F_PIT_01_ASEReadCounter.table","NW_015090842.1:9558688",36,88,52
"RNF166","s1319_F_PIT_01_ASEReadCounter.table","NW_015090842.1:9558711",41,102,61
"RNF166","s1319_F_PIT_01_ASEReadCounter.table","NW_015090842.1:9558733",37,97,60
"RNF166","s1319_F_PIT_01_ASEReadCounter.table","NW_015090842.1:9558847",34,77,43
"RNF166","s1319_F_PIT_01_ASEReadCounter.table","NW_015090842.1:9559798",38,78,40
"RNF166","s1319_F_PIT_01_ASEReadCounter.table","NW_015090842.1:9560575",47,105,58
"RNF166","s1319_F_PIT_01_ASEReadCounter.table","NW_015090842.1:9561055",42,110,68
"RNF166","s1319_F_PIT_01_ASEReadCounter.table","NW_015090842.1:9562458",39,87,48
"RNF166","s1319_F_PIT_01_ASEReadCounter.table","NW_015090842.1:9562497",31,77,46
"RNF166","s1319_F_PIT_01_ASEReadCounter.table","NW_015090842.1:9562539",32,69,37
"RNF166","s1319_F_PIT_01_ASEReadCounter.table","NW_015090842.1:9564056",30,49,19
"CTU2","s1319_F_PIT_01_ASEReadCounter.table","NW_015090842.1:9565149",34,58,24
"CTU2","s1319_F_PIT_01_ASEReadCounter.table","NW_015090842.1:9565193",33,55,22
"CTU2","s1319_F_PIT_01_ASEReadCounter.table","NW_015090842.1:9565300",37,65,28
"CTU2","s1319_F_PIT_01_ASEReadCounter.table","NW_015090842.1:9565321",37,69,32
"CTU2","s1319_F_PIT_01_ASEReadCounter.table","NW_015090842.1:9565721",36,71,35
"CTU2","s1319_F_PIT_01_ASEReadCounter.table","NW_015090842.1:9565739",32,66,34
"CTU2","s1319_F_PIT_01_ASEReadCounter.table","NW_015090842.1:9565905",38,83,45
"CTU2","s1319_F_PIT_01_ASEReadCounter.table","NW_015090842.1:9566013",35,76,41
"CTU2","s1319_F_PIT_01_ASEReadCounter.table","NW_015090842.1:9566055",50,93,43
"CTU2","s1319_F_PIT_01_ASEReadCounter.table","NW_015090842.1:9566056",50,90,40
"CTU2","s1319_F_PIT_01_ASEReadCounter.table","NW_015090842.1:9566151",31,59,28
"CTU2","s1319_F_PIT_01_ASEReadCounter.table","NW_015090842.1:9566300",37,72,35
"CTU2","s1319_F_PIT_01_ASEReadCounter.table","NW_015090842.1:9566342",37,83,46
"CTU2","s1319_F_PIT_01_ASEReadCounter.table","NW_015090842.1:9566548",44,88,44
"CTU2","s1319_F_PIT_01_ASEReadCounter.table","NW_015090842.1:9566625",46,95,49
"CTU2","s1319_F_PIT_01_ASEReadCounter.table","NW_015090842.1:9566633",45,96,51
"CTU2","s1319_F_PIT_01_ASEReadCounter.table","NW_015090842.1:9566807",54,98,44
"CTU2","s1319_F_PIT_01_ASEReadCounter.table","NW_015090842.1:9567139",54,105,51
"CTU2","s1319_F_PIT_01_ASEReadCounter.table","NW_015090842.1:9567156",52,100,48
"CTU2","s1319_F_PIT_01_ASEReadCounter.table","NW_015090842.1:9567614",52,95,43
"CTU2","s1319_F_PIT_01_ASEReadCounter.table","NW_015090842.1:9567677",51,78,27
"CTU2","s1319_F_PIT_01_ASEReadCounter.table","NW_015090842.1:9567747",46,75,29
"CTU2","s1319_F_PIT_01_ASEReadCounter.table","NW_015090842.1:9567828",33,60,27
"CTU2","s1319_F_PIT_01_ASEReadCounter.table","NW_015090842.1:9567829",33,60,27
"CTU2","s1319_F_PIT_01_ASEReadCounter.table","NW_015090842.1:9567885",26,46,20
"PIEZO1","s1319_F_PIT_01_ASEReadCounter.table","NW_015090842.1:9568093",19,33,14
"PIEZO1","s1319_F_PIT_01_ASEReadCounter.table","NW_015090842.1:9568672",17,32,15
"PIEZO1","s1319_F_PIT_01_ASEReadCounter.table","NW_015090842.1:9568948",19,32,13
"PIEZO1","s1319_F_PIT_01_ASEReadCounter.table","NW_015090842.1:9568987",21,21,0
"PIEZO1","s1319_F_PIT_01_ASEReadCounter.table","NW_015090842.1:9569040",11,15,4
"PIEZO1","s1319_F_PIT_01_ASEReadCounter.table","NW_015090842.1:9569180",9,16,7
"PIEZO1","s1319_F_PIT_01_ASEReadCounter.table","NW_015090842.1:9569192",8,19,11
"PIEZO1","s1319_F_PIT_01_ASEReadCounter.table","NW_015090842.1:9570088",6,13,7
"PIEZO1","s1319_F_PIT_01_ASEReadCounter.table","NW_015090842.1:9570480",11,18,7
"PIEZO1","s1319_F_PIT_01_ASEReadCounter.table","NW_015090842.1:9570639",9,19,10
"PIEZO1","s1319_F_PIT_01_ASEReadCounter.table","NW_015090842.1:9571847",5,10,5
"PIEZO1","s1319_F_PIT_01_ASEReadCounter.table","NW_015090842.1:9572371",3,8,5
"PIEZO1","s1319_F_PIT_01_ASEReadCounter.table","NW_015090842.1:9572638",4,6,2
"PIEZO1","s1319_F_PIT_01_ASEReadCounter.table","NW_015090842.1:9573156",4,8,4
"PIEZO1","s1319_F_PIT_01_ASEReadCounter.table","NW_015090842.1:9573280",5,6,1
"PIEZO1","s1319_F_PIT_01_ASEReadCounter.table","NW_015090842.1:9573566",1,4,3
"PIEZO1","s1319_F_PIT_01_ASEReadCounter.table","NW_015090842.1:9575341",5,8,3
"PIEZO1","s1319_F_PIT_01_ASEReadCounter.table","NW_015090842.1:9575367",3,5,2
"PIEZO1","s1319_F_PIT_01_ASEReadCounter.table","NW_015090842.1:9575645",2,3,1
"PIEZO1","s1319_F_PIT_01_ASEReadCounter.table","NW_015090842.1:9575696",1,2,1
"PIEZO1","s1319_F_PIT_01_ASEReadCounter.table","NW_015090842.1:9575897",3,4,1
"PIEZO1","s1319_F_PIT_01_ASEReadCounter.table","NW_015090842.1:9576060",3,4,1
"PIEZO1","s1319_F_PIT_01_ASEReadCounter.table","NW_015090842.1:9576087",2,3,1
"PIEZO1","s1319_F_PIT_01_ASEReadCounter.table","NW_015090842.1:9576093",2,4,2
"PIEZO1","s1319_F_PIT_01_ASEReadCounter.table","NW_015090842.1:9576120",1,3,2
"PIEZO1","s1319_F_PIT_01_ASEReadCounter.table","NW_015090842.1:9576687",1,3,2
"PIEZO1","s1319_F_PIT_01_ASEReadCounter.table","NW_015090842.1:9576710",1,4,3
"PIEZO1","s1319_F_PIT_01_ASEReadCounter.table","NW_015090842.1:9576723",1,3,2
"PIEZO1","s1319_F_PIT_01_ASEReadCounter.table","NW_015090842.1:9578268",1,4,3
"PIEZO1","s1319_F_PIT_01_ASEReadCounter.table","NW_015090842.1:9578770",3,6,3
"PIEZO1","s1319_F_PIT_01_ASEReadCounter.table","NW_015090842.1:9578806",3,6,3
"PIEZO1","s1319_F_PIT_01_ASEReadCounter.table","NW_015090842.1:9579064",0,2,2
"PIEZO1","s1319_F_PIT_01_ASEReadCounter.table","NW_015090842.1:9579065",0,2,2
"PIEZO1","s1319_F_PIT_01_ASEReadCounter.table","NW_015090842.1:9579347",3,4,1
"PIEZO1","s1319_F_PIT_01_ASEReadCounter.table","NW_015090842.1:9580765",3,5,2
"PIEZO1","s1319_F_PIT_01_ASEReadCounter.table","NW_015090842.1:9580996",1,7,6
"PIEZO1","s1319_F_PIT_01_ASEReadCounter.table","NW_015090842.1:9581101",1,5,4
"PIEZO1","s1319_F_PIT_01_ASEReadCounter.table","NW_015090842.1:9581299",0,5,5
"PIEZO1","s1319_F_PIT_01_ASEReadCounter.table","NW_015090842.1:9581875",3,3,0
"PIEZO1","s1319_F_PIT_01_ASEReadCounter.table","NW_015090842.1:9582046",0,1,1
"PIEZO1","s1319_F_PIT_01_ASEReadCounter.table","NW_015090842.1:9582961",0,2,2
"PIEZO1","s1319_F_PIT_01_ASEReadCounter.table","NW_015090842.1:9583298",1,1,0
"PIEZO1","s1319_F_PIT_01_ASEReadCounter.table","NW_015090842.1:9584425",2,2,0
"PIEZO1","s1319_F_PIT_01_ASEReadCounter.table","NW_015090842.1:9584435",2,2,0
"PIEZO1","s1319_F_PIT_01_ASEReadCounter.table","NW_015090842.1:9584438",2,2,0
"PIEZO1","s1319_F_PIT_01_ASEReadCounter.table","NW_015090842.1:9584441",2,2,0
"CDT1","s1319_F_PIT_01_ASEReadCounter.table","NW_015090842.1:9596596",0,6,6
"CDT1","s1319_F_PIT_01_ASEReadCounter.table","NW_015090842.1:9596766",2,7,5
"CDT1","s1319_F_PIT_01_ASEReadCounter.table","NW_015090842.1:9597054",5,11,6
"CDT1","s1319_F_PIT_01_ASEReadCounter.table","NW_015090842.1:9597074",5,9,4
"CDT1","s1319_F_PIT_01_ASEReadCounter.table","NW_015090842.1:9597137",5,10,5
"CDT1","s1319_F_PIT_01_ASEReadCounter.table","NW_015090842.1:9597756",5,11,6
"CDT1","s1319_F_PIT_01_ASEReadCounter.table","NW_015090842.1:9597766",6,13,7
"CDT1","s1319_F_PIT_01_ASEReadCounter.table","NW_015090842.1:9598496",11,23,12
"CDT1","s1319_F_PIT_01_ASEReadCounter.table","NW_015090842.1:9598498",11,24,13
"CDT1","s1319_F_PIT_01_ASEReadCounter.table","NW_015090842.1:9598816",0,16,16
"CDT1","s1319_F_PIT_01_ASEReadCounter.table","NW_015090842.1:9598879",0,19,19
"CDT1","s1319_F_PIT_01_ASEReadCounter.table","NW_015090842.1:9598912",0,16,16
"CDT1","s1319_F_PIT_01_ASEReadCounter.table","NW_015090842.1:9598959",13,16,3
"CDT1","s1319_F_PIT_01_ASEReadCounter.table","NW_015090842.1:9599807",8,18,10
"CDT1","s1319_F_PIT_01_ASEReadCounter.table","NW_015090842.1:9599819",7,16,9
"CDT1","s1319_F_PIT_01_ASEReadCounter.table","NW_015090842.1:9599845",8,20,12
"CDT1","s1319_F_PIT_01_ASEReadCounter.table","NW_015090842.1:9600148",19,38,19
"CDT1","s1319_F_PIT_01_ASEReadCounter.table","NW_015090842.1:9600151",18,37,19
"CDT1","s1319_F_PIT_01_ASEReadCounter.table","NW_015090842.1:9600217",16,34,18
"CDT1","s1319_F_PIT_01_ASEReadCounter.table","NW_015090842.1:9600226",15,34,19
"CDT1","s1319_F_PIT_01_ASEReadCounter.table","NW_015090842.1:9600260",13,34,21
"CDT1","s1319_F_PIT_01_ASEReadCounter.table","NW_015090842.1:9600268",16,34,18
"CDT1","s1319_F_PIT_01_ASEReadCounter.table","NW_015090842.1:9600305",14,32,18
"CDT1","s1319_F_PIT_01_ASEReadCounter.table","NW_015090842.1:9600397",12,29,17
"CDT1","s1319_F_PIT_01_ASEReadCounter.table","NW_015090842.1:9600447",6,16,10
"CDT1","s1319_F_PIT_01_ASEReadCounter.table","NW_015090842.1:9600450",5,12,7
"CDT1","s1319_F_PIT_01_ASEReadCounter.table","NW_015090842.1:9600485",4,13,9
"CDT1","s1319_F_PIT_01_ASEReadCounter.table","NW_015090842.1:9600579",4,12,8
"APRT","s1319_F_PIT_01_ASEReadCounter.table","NW_015090842.1:9602308",41,106,65
"APRT","s1319_F_PIT_01_ASEReadCounter.table","NW_015090842.1:9602440",67,227,160
"APRT","s1319_F_PIT_01_ASEReadCounter.table","NW_015090842.1:9602449",63,220,157
"APRT","s1319_F_PIT_01_ASEReadCounter.table","NW_015090842.1:9602451",65,238,173
"APRT","s1319_F_PIT_01_ASEReadCounter.table","NW_015090842.1:9602455",63,235,172
"APRT","s1319_F_PIT_01_ASEReadCounter.table","NW_015090842.1:9602462",65,240,175
"APRT","s1319_F_PIT_01_ASEReadCounter.table","NW_015090842.1:9602507",58,203,145
"APRT","s1319_F_PIT_01_ASEReadCounter.table","NW_015090842.1:9602514",64,197,133
"APRT","s1319_F_PIT_01_ASEReadCounter.table","NW_015090842.1:9602530",60,170,110
"APRT","s1319_F_PIT_01_ASEReadCounter.table","NW_015090842.1:9602582",65,175,110
"APRT","s1319_F_PIT_01_ASEReadCounter.table","NW_015090842.1:9602583",64,175,111
"APRT","s1319_F_PIT_01_ASEReadCounter.table","NW_015090842.1:9602650",62,192,130
"APRT","s1319_F_PIT_01_ASEReadCounter.table","NW_015090842.1:9602655",58,182,124
"APRT","s1319_F_PIT_01_ASEReadCounter.table","NW_015090842.1:9602712",42,178,136
"APRT","s1319_F_PIT_01_ASEReadCounter.table","NW_015090842.1:9602764",60,204,144
"APRT","s1319_F_PIT_01_ASEReadCounter.table","NW_015090842.1:9602821",60,184,124
"APRT","s1319_F_PIT_01_ASEReadCounter.table","NW_015090842.1:9602867",53,176,123
"APRT","s1319_F_PIT_01_ASEReadCounter.table","NW_015090842.1:9602883",51,180,129
"APRT","s1319_F_PIT_01_ASEReadCounter.table","NW_015090842.1:9602886",54,186,132
"APRT","s1319_F_PIT_01_ASEReadCounter.table","NW_015090842.1:9602948",67,228,161
"APRT","s1319_F_PIT_01_ASEReadCounter.table","NW_015090842.1:9602958",73,242,169
"APRT","s1319_F_PIT_01_ASEReadCounter.table","NW_015090842.1:9603020",88,276,188
"APRT","s1319_F_PIT_01_ASEReadCounter.table","NW_015090842.1:9603025",88,273,185
"APRT","s1319_F_PIT_01_ASEReadCounter.table","NW_015090842.1:9603154",70,210,140
"APRT","s1319_F_PIT_01_ASEReadCounter.table","NW_015090842.1:9603166",81,236,155
"APRT","s1319_F_PIT_01_ASEReadCounter.table","NW_015090842.1:9603326",73,213,140
"APRT","s1319_F_PIT_01_ASEReadCounter.table","NW_015090842.1:9603419",65,187,122
"APRT","s1319_F_PIT_01_ASEReadCounter.table","NW_015090842.1:9603420",64,188,124
"APRT","s1319_F_PIT_01_ASEReadCounter.table","NW_015090842.1:9603464",61,157,96
"APRT","s1319_F_PIT_01_ASEReadCounter.table","NW_015090842.1:9603528",70,210,140
"APRT","s1319_F_PIT_01_ASEReadCounter.table","NW_015090842.1:9603607",65,196,131
"APRT","s1319_F_PIT_01_ASEReadCounter.table","NW_015090842.1:9603622",71,184,113
"APRT","s1319_F_PIT_01_ASEReadCounter.table","NW_015090842.1:9604361",54,211,157
"APRT","s1319_F_PIT_01_ASEReadCounter.table","NW_015090842.1:9605317",46,148,102
"APRT","s1319_F_PIT_01_ASEReadCounter.table","NW_015090842.1:9605336",49,157,108
"GALNS","s1319_F_PIT_01_ASEReadCounter.table","NW_015090842.1:9612872",1,4,3
"GALNS","s1319_F_PIT_01_ASEReadCounter.table","NW_015090842.1:9612873",1,4,3
"GALNS","s1319_F_PIT_01_ASEReadCounter.table","NW_015090842.1:9612877",1,3,2
"GALNS","s1319_F_PIT_01_ASEReadCounter.table","NW_015090842.1:9612942",8,15,7
"GALNS","s1319_F_PIT_01_ASEReadCounter.table","NW_015090842.1:9612987",17,17,0
"GALNS","s1319_F_PIT_01_ASEReadCounter.table","NW_015090842.1:9613064",10,22,12
"GALNS","s1319_F_PIT_01_ASEReadCounter.table","NW_015090842.1:9613096",21,33,12
"GALNS","s1319_F_PIT_01_ASEReadCounter.table","NW_015090842.1:9613123",17,25,8
"GALNS","s1319_F_PIT_01_ASEReadCounter.table","NW_015090842.1:9613125",18,24,6
"GALNS","s1319_F_PIT_01_ASEReadCounter.table","NW_015090842.1:9613193",15,35,20
"GALNS","s1319_F_PIT_01_ASEReadCounter.table","NW_015090842.1:9613226",14,35,21
"GALNS","s1319_F_PIT_01_ASEReadCounter.table","NW_015090842.1:9613249",16,40,24
"GALNS","s1319_F_PIT_01_ASEReadCounter.table","NW_015090842.1:9613256",17,42,25
"GALNS","s1319_F_PIT_01_ASEReadCounter.table","NW_015090842.1:9613317",19,40,21
"GALNS","s1319_F_PIT_01_ASEReadCounter.table","NW_015090842.1:9613343",16,32,16
"GALNS","s1319_F_PIT_01_ASEReadCounter.table","NW_015090842.1:9613344",16,33,17
"GALNS","s1319_F_PIT_01_ASEReadCounter.table","NW_015090842.1:9613371",17,36,19
"GALNS","s1319_F_PIT_01_ASEReadCounter.table","NW_015090842.1:9613378",18,38,20
"GALNS","s1319_F_PIT_01_ASEReadCounter.table","NW_015090842.1:9613379",16,36,20
"GALNS","s1319_F_PIT_01_ASEReadCounter.table","NW_015090842.1:9613516",18,45,27
"GALNS","s1319_F_PIT_01_ASEReadCounter.table","NW_015090842.1:9613572",10,34,24
"GALNS","s1319_F_PIT_01_ASEReadCounter.table","NW_015090842.1:9613597",10,29,19
"GALNS","s1319_F_PIT_01_ASEReadCounter.table","NW_015090842.1:9613627",5,19,14
"GALNS","s1319_F_PIT_01_ASEReadCounter.table","NW_015090842.1:9613640",7,22,15
"GALNS","s1319_F_PIT_01_ASEReadCounter.table","NW_015090842.1:9614025",19,41,22
"GALNS","s1319_F_PIT_01_ASEReadCounter.table","NW_015090842.1:9614169",18,31,13
"GALNS","s1319_F_PIT_01_ASEReadCounter.table","NW_015090842.1:9614232",28,28,0
"GALNS","s1319_F_PIT_01_ASEReadCounter.table","NW_015090842.1:9614667",19,35,16
"GALNS","s1319_F_PIT_01_ASEReadCounter.table","NW_015090842.1:9614709",16,27,11
"GALNS","s1319_F_PIT_01_ASEReadCounter.table","NW_015090842.1:9614880",14,25,11
"GALNS","s1319_F_PIT_01_ASEReadCounter.table","NW_015090842.1:9614902",15,28,13
"GALNS","s1319_F_PIT_01_ASEReadCounter.table","NW_015090842.1:9614960",11,26,15
"GALNS","s1319_F_PIT_01_ASEReadCounter.table","NW_015090842.1:9615114",32,48,16
"GALNS","s1319_F_PIT_01_ASEReadCounter.table","NW_015090842.1:9615199",19,32,13
"GALNS","s1319_F_PIT_01_ASEReadCounter.table","NW_015090842.1:9615217",18,29,11
"GALNS","s1319_F_PIT_01_ASEReadCounter.table","NW_015090842.1:9615277",15,23,8
"GALNS","s1319_F_PIT_01_ASEReadCounter.table","NW_015090842.1:9615377",23,38,15
"GALNS","s1319_F_PIT_01_ASEReadCounter.table","NW_015090842.1:9647858",15,27,12
"GALNS","s1319_F_PIT_01_ASEReadCounter.table","NW_015090842.1:9649186",13,27,14
"GALNS","s1319_F_PIT_01_ASEReadCounter.table","NW_015090842.1:9649237",13,27,14
"GALNS","s1319_F_PIT_01_ASEReadCounter.table","NW_015090842.1:9661193",5,8,3
"TRAPPC2L","s1319_F_PIT_01_ASEReadCounter.table","NW_015090842.1:9662951",294,524,230
"TRAPPC2L","s1319_F_PIT_01_ASEReadCounter.table","NW_015090842.1:9663014",261,493,232
"TRAPPC2L","s1319_F_PIT_01_ASEReadCounter.table","NW_015090842.1:9664305",389,390,1
"TRAPPC2L","s1319_F_PIT_01_ASEReadCounter.table","NW_015090842.1:9665155",172,344,172
"TRAPPC2L","s1319_F_PIT_01_ASEReadCounter.table","NW_015090842.1:9665211",48,109,61
"PABPN1L","s1319_F_PIT_01_ASEReadCounter.table","NW_015090842.1:9669959",1,1,0
"CBFA2T3","s1319_F_PIT_01_ASEReadCounter.table","NW_015090842.1:9709469",0,7,7
"CBFA2T3","s1319_F_PIT_01_ASEReadCounter.table","NW_015090842.1:9709475",0,7,7
"CBFA2T3","s1319_F_PIT_01_ASEReadCounter.table","NW_015090842.1:9711845",0,3,3
"CBFA2T3","s1319_F_PIT_01_ASEReadCounter.table","NW_015090842.1:9712157",0,6,6
"CBFA2T3","s1319_F_PIT_01_ASEReadCounter.table","NW_015090842.1:9712160",0,5,5
"CBFA2T3","s1319_F_PIT_01_ASEReadCounter.table","NW_015090842.1:9712166",0,4,4
"CBFA2T3","s1319_F_PIT_01_ASEReadCounter.table","NW_015090842.1:9712536",2,3,1
"CBFA2T3","s1319_F_PIT_01_ASEReadCounter.table","NW_015090842.1:9712673",0,2,2
"CBFA2T3","s1319_F_PIT_01_ASEReadCounter.table","NW_015090842.1:9712787",6,8,2
"CBFA2T3","s1319_F_PIT_01_ASEReadCounter.table","NW_015090842.1:9712791",6,8,2
"CBFA2T3","s1319_F_PIT_01_ASEReadCounter.table","NW_015090842.1:9712805",6,10,4
"CBFA2T3","s1319_F_PIT_01_ASEReadCounter.table","NW_015090842.1:9712811",7,13,6
"CBFA2T3","s1319_F_PIT_01_ASEReadCounter.table","NW_015090842.1:9712848",7,14,7
"CBFA2T3","s1319_F_PIT_01_ASEReadCounter.table","NW_015090842.1:9713088",3,8,5
"CBFA2T3","s1319_F_PIT_01_ASEReadCounter.table","NW_015090842.1:9713121",2,8,6
"CBFA2T3","s1319_F_PIT_01_ASEReadCounter.table","NW_015090842.1:9717058",7,11,4
"CBFA2T3","s1319_F_PIT_01_ASEReadCounter.table","NW_015090842.1:9717093",8,15,7
"CBFA2T3","s1319_F_PIT_01_ASEReadCounter.table","NW_015090842.1:9717114",7,12,5
"CBFA2T3","s1319_F_PIT_01_ASEReadCounter.table","NW_015090842.1:9717139",7,12,5
"CBFA2T3","s1319_F_PIT_01_ASEReadCounter.table","NW_015090842.1:9719788",1,3,2
"CBFA2T3","s1319_F_PIT_01_ASEReadCounter.table","NW_015090842.1:9728475",1,2,1
"CBFA2T3","s1319_F_PIT_01_ASEReadCounter.table","NW_015090842.1:9728522",2,3,1
"CBFA2T3","s1319_F_PIT_01_ASEReadCounter.table","NW_015090842.1:9728525",2,3,1
"ACSF3","s1319_F_PIT_01_ASEReadCounter.table","NW_015090842.1:9773379",2,2,0
"ACSF3","s1319_F_PIT_01_ASEReadCounter.table","NW_015090842.1:9773382",2,2,0
"ACSF3","s1319_F_PIT_01_ASEReadCounter.table","NW_015090842.1:9773384",2,2,0
"ACSF3","s1319_F_PIT_01_ASEReadCounter.table","NW_015090842.1:9773388",2,5,3
"ACSF3","s1319_F_PIT_01_ASEReadCounter.table","NW_015090842.1:9776753",29,51,22
"ACSF3","s1319_F_PIT_01_ASEReadCounter.table","NW_015090842.1:9776783",31,52,21
"ACSF3","s1319_F_PIT_01_ASEReadCounter.table","NW_015090842.1:9776879",21,40,19
"ACSF3","s1319_F_PIT_01_ASEReadCounter.table","NW_015090842.1:9776965",34,57,23
"ACSF3","s1319_F_PIT_01_ASEReadCounter.table","NW_015090842.1:9777091",28,55,27
"ACSF3","s1319_F_PIT_01_ASEReadCounter.table","NW_015090842.1:9777206",29,55,26
"ACSF3","s1319_F_PIT_01_ASEReadCounter.table","NW_015090842.1:9777283",23,58,35
"ACSF3","s1319_F_PIT_01_ASEReadCounter.table","NW_015090842.1:9778955",32,63,31
"ACSF3","s1319_F_PIT_01_ASEReadCounter.table","NW_015090842.1:9778997",50,89,39
"ACSF3","s1319_F_PIT_01_ASEReadCounter.table","NW_015090842.1:9789311",32,68,36
"ACSF3","s1319_F_PIT_01_ASEReadCounter.table","NW_015090842.1:9789906",6,54,48
"ACSF3","s1319_F_PIT_01_ASEReadCounter.table","NW_015090842.1:9834743",103,218,115
"ACSF3","s1319_F_PIT_01_ASEReadCounter.table","NW_015090842.1:9834852",110,220,110
"ACSF3","s1319_F_PIT_01_ASEReadCounter.table","NW_015090842.1:9834861",95,184,89
"ACSF3","s1319_F_PIT_01_ASEReadCounter.table","NW_015090842.1:9839359",63,120,57
"ACSF3","s1319_F_PIT_01_ASEReadCounter.table","NW_015090842.1:9839378",60,120,60
"ACSF3","s1319_F_PIT_01_ASEReadCounter.table","NW_015090842.1:9839455",46,120,74
"ACSF3","s1319_F_PIT_01_ASEReadCounter.table","NW_015090842.1:9839457",46,114,68
"ACSF3","s1319_F_PIT_01_ASEReadCounter.table","NW_015090842.1:9839489",41,100,59
"ACSF3","s1319_F_PIT_01_ASEReadCounter.table","NW_015090842.1:9839500",29,78,49
"ACSF3","s1319_F_PIT_01_ASEReadCounter.table","NW_015090842.1:9839501",29,76,47
"ACSF3","s1319_F_PIT_01_ASEReadCounter.table","NW_015090842.1:9839504",30,78,48
"ACSF3","s1319_F_PIT_01_ASEReadCounter.table","NW_015090842.1:9839512",25,55,30
"ACSF3","s1319_F_PIT_01_ASEReadCounter.table","NW_015090842.1:9839527",20,45,25
"ACSF3","s1319_F_PIT_01_ASEReadCounter.table","NW_015090842.1:9839533",14,33,19
"ACSF3","s1319_F_PIT_01_ASEReadCounter.table","NW_015090842.1:9839535",14,33,19
"ACSF3","s1319_F_PIT_01_ASEReadCounter.table","NW_015090842.1:9839545",4,22,18
"ACSF3","s1319_F_PIT_01_ASEReadCounter.table","NW_015090842.1:9839550",3,18,15
"ACSF3","s1319_F_PIT_01_ASEReadCounter.table","NW_015090842.1:9839551",3,18,15
"CDH15","s1319_F_PIT_01_ASEReadCounter.table","NW_015090842.1:9848552",0,1,1
"CDH15","s1319_F_PIT_01_ASEReadCounter.table","NW_015090842.1:9848888",0,1,1
"CDH15","s1319_F_PIT_01_ASEReadCounter.table","NW_015090842.1:9848936",0,1,1
"SLC22A31","s1319_F_PIT_01_ASEReadCounter.table","NW_015090842.1:9851117",4,9,5
"SLC22A31","s1319_F_PIT_01_ASEReadCounter.table","NW_015090842.1:9851130",4,8,4
"SLC22A31","s1319_F_PIT_01_ASEReadCounter.table","NW_015090842.1:9851139",4,9,5
"SLC22A31","s1319_F_PIT_01_ASEReadCounter.table","NW_015090842.1:9851265",6,16,10
"SLC22A31","s1319_F_PIT_01_ASEReadCounter.table","NW_015090842.1:9851302",8,20,12
"SLC22A31","s1319_F_PIT_01_ASEReadCounter.table","NW_015090842.1:9851303",8,20,12
"SLC22A31","s1319_F_PIT_01_ASEReadCounter.table","NW_015090842.1:9851305",8,19,11
"SLC22A31","s1319_F_PIT_01_ASEReadCounter.table","NW_015090842.1:9851343",6,12,6
"SLC22A31","s1319_F_PIT_01_ASEReadCounter.table","NW_015090842.1:9851344",8,14,6
"SLC22A31","s1319_F_PIT_01_ASEReadCounter.table","NW_015090842.1:9851361",11,11,0
"SLC22A31","s1319_F_PIT_01_ASEReadCounter.table","NW_015090842.1:9851381",8,13,5
"SLC22A31","s1319_F_PIT_01_ASEReadCounter.table","NW_015090842.1:9851421",8,17,9
"SLC22A31","s1319_F_PIT_01_ASEReadCounter.table","NW_015090842.1:9851501",8,21,13
"SLC22A31","s1319_F_PIT_01_ASEReadCounter.table","NW_015090842.1:9851526",10,24,14
"SLC22A31","s1319_F_PIT_01_ASEReadCounter.table","NW_015090842.1:9851589",10,27,17
"SLC22A31","s1319_F_PIT_01_ASEReadCounter.table","NW_015090842.1:9851712",7,27,20
"SLC22A31","s1319_F_PIT_01_ASEReadCounter.table","NW_015090842.1:9851899",12,32,20
"SLC22A31","s1319_F_PIT_01_ASEReadCounter.table","NW_015090842.1:9852139",13,30,17
"SLC22A31","s1319_F_PIT_01_ASEReadCounter.table","NW_015090842.1:9852380",6,29,23
"SLC22A31","s1319_F_PIT_01_ASEReadCounter.table","NW_015090842.1:9852431",5,18,13
"SLC22A31","s1319_F_PIT_01_ASEReadCounter.table","NW_015090842.1:9852630",6,17,11
"SLC22A31","s1319_F_PIT_01_ASEReadCounter.table","NW_015090842.1:9852711",7,23,16
"SLC22A31","s1319_F_PIT_01_ASEReadCounter.table","NW_015090842.1:9853099",13,25,12
"SLC22A31","s1319_F_PIT_01_ASEReadCounter.table","NW_015090842.1:9853102",12,24,12
"SLC22A31","s1319_F_PIT_01_ASEReadCounter.table","NW_015090842.1:9853421",6,8,2
"SLC22A31","s1319_F_PIT_01_ASEReadCounter.table","NW_015090842.1:9853457",7,9,2
"SLC22A31","s1319_F_PIT_01_ASEReadCounter.table","NW_015090842.1:9853502",5,5,0
"ANKRD11","s1319_F_PIT_01_ASEReadCounter.table","NW_015090842.1:9858863",2,4,2
"ANKRD11","s1319_F_PIT_01_ASEReadCounter.table","NW_015090842.1:9859101",47,97,50
"ANKRD11","s1319_F_PIT_01_ASEReadCounter.table","NW_015090842.1:9859352",40,98,58
"ANKRD11","s1319_F_PIT_01_ASEReadCounter.table","NW_015090842.1:9859381",32,69,37
"ANKRD11","s1319_F_PIT_01_ASEReadCounter.table","NW_015090842.1:9859679",36,76,40
"ANKRD11","s1319_F_PIT_01_ASEReadCounter.table","NW_015090842.1:9861097",31,65,34
"ANKRD11","s1319_F_PIT_01_ASEReadCounter.table","NW_015090842.1:9862571",21,34,13
"ANKRD11","s1319_F_PIT_01_ASEReadCounter.table","NW_015090842.1:9862652",19,25,6
"ANKRD11","s1319_F_PIT_01_ASEReadCounter.table","NW_015090842.1:9866071",0,13,13
"ANKRD11","s1319_F_PIT_01_ASEReadCounter.table","NW_015090842.1:9866200",0,15,15
"ANKRD11","s1319_F_PIT_01_ASEReadCounter.table","NW_015090842.1:9867391",9,15,6
"ANKRD11","s1319_F_PIT_01_ASEReadCounter.table","NW_015090842.1:9867472",14,26,12
"ANKRD11","s1319_F_PIT_01_ASEReadCounter.table","NW_015090842.1:9867559",13,26,13
"ANKRD11","s1319_F_PIT_01_ASEReadCounter.table","NW_015090842.1:9867667",13,31,18
"ANKRD11","s1319_F_PIT_01_ASEReadCounter.table","NW_015090842.1:9867934",14,22,8
"ANKRD11","s1319_F_PIT_01_ASEReadCounter.table","NW_015090842.1:9868064",12,22,10
"ANKRD11","s1319_F_PIT_01_ASEReadCounter.table","NW_015090842.1:9868093",13,26,13
"ANKRD11","s1319_F_PIT_01_ASEReadCounter.table","NW_015090842.1:9868222",15,24,9
"ANKRD11","s1319_F_PIT_01_ASEReadCounter.table","NW_015090842.1:9868327",9,18,9
"ANKRD11","s1319_F_PIT_01_ASEReadCounter.table","NW_015090842.1:9868414",6,24,18
"ANKRD11","s1319_F_PIT_01_ASEReadCounter.table","NW_015090842.1:9868441",7,25,18
"ANKRD11","s1319_F_PIT_01_ASEReadCounter.table","NW_015090842.1:9868444",7,26,19
"ANKRD11","s1319_F_PIT_01_ASEReadCounter.table","NW_015090842.1:9868519",11,28,17
"ANKRD11","s1319_F_PIT_01_ASEReadCounter.table","NW_015090842.1:9868609",15,25,10
"ANKRD11","s1319_F_PIT_01_ASEReadCounter.table","NW_015090842.1:9868666",10,24,14
"ANKRD11","s1319_F_PIT_01_ASEReadCounter.table","NW_015090842.1:9868738",28,28,0
"ANKRD11","s1319_F_PIT_01_ASEReadCounter.table","NW_015090842.1:9869431",13,26,13
"ANKRD11","s1319_F_PIT_01_ASEReadCounter.table","NW_015090842.1:9869578",16,33,17
"ANKRD11","s1319_F_PIT_01_ASEReadCounter.table","NW_015090842.1:9869734",20,30,10
"ANKRD11","s1319_F_PIT_01_ASEReadCounter.table","NW_015090842.1:9870070",17,27,10
"ANKRD11","s1319_F_PIT_01_ASEReadCounter.table","NW_015090842.1:9870349",24,42,18
"ANKRD11","s1319_F_PIT_01_ASEReadCounter.table","NW_015090842.1:9870604",18,38,20
"ANKRD11","s1319_F_PIT_01_ASEReadCounter.table","NW_015090842.1:9870613",20,38,18
"ANKRD11","s1319_F_PIT_01_ASEReadCounter.table","NW_015090842.1:9870685",22,50,28
"ANKRD11","s1319_F_PIT_01_ASEReadCounter.table","NW_015090842.1:9870760",19,40,21
"ANKRD11","s1319_F_PIT_01_ASEReadCounter.table","NW_015090842.1:9870847",19,50,31
"ANKRD11","s1319_F_PIT_01_ASEReadCounter.table","NW_015090842.1:9871103",19,33,14
"ANKRD11","s1319_F_PIT_01_ASEReadCounter.table","NW_015090842.1:9871165",11,32,21
"ANKRD11","s1319_F_PIT_01_ASEReadCounter.table","NW_015090842.1:9871508",21,21,0
"ANKRD11","s1319_F_PIT_01_ASEReadCounter.table","NW_015090842.1:9871820",3,9,6
"ANKRD11","s1319_F_PIT_01_ASEReadCounter.table","NW_015090842.1:9872118",7,14,7
"ANKRD11","s1319_F_PIT_01_ASEReadCounter.table","NW_015090842.1:9877406",9,15,6
"SPG7","s1319_F_PIT_01_ASEReadCounter.table","NW_015090842.1:10051190",68,135,67
"SPG7","s1319_F_PIT_01_ASEReadCounter.table","NW_015090842.1:10051218",77,160,83
"SPG7","s1319_F_PIT_01_ASEReadCounter.table","NW_015090842.1:10052348",95,185,90
"SPG7","s1319_F_PIT_01_ASEReadCounter.table","NW_015090842.1:10052366",89,178,89
"SPG7","s1319_F_PIT_01_ASEReadCounter.table","NW_015090842.1:10065173",82,161,79
"SPG7","s1319_F_PIT_01_ASEReadCounter.table","NW_015090842.1:10065215",76,155,79
"SPG7","s1319_F_PIT_01_ASEReadCounter.table","NW_015090842.1:10066365",71,135,64
"SPG7","s1319_F_PIT_01_ASEReadCounter.table","NW_015090842.1:10069752",80,158,78
"SPG7","s1319_F_PIT_01_ASEReadCounter.table","NW_015090842.1:10069800",80,169,89
"SPG7","s1319_F_PIT_01_ASEReadCounter.table","NW_015090842.1:10071192",81,181,100
"SPG7","s1319_F_PIT_01_ASEReadCounter.table","NW_015090842.1:10071219",77,166,89
"SPG7","s1319_F_PIT_01_ASEReadCounter.table","NW_015090842.1:10071967",82,168,86
"SPG7","s1319_F_PIT_01_ASEReadCounter.table","NW_015090842.1:10075109",128,231,103
"SPG7","s1319_F_PIT_01_ASEReadCounter.table","NW_015090842.1:10075114",131,238,107
"SPG7","s1319_F_PIT_01_ASEReadCounter.table","NW_015090842.1:10075198",96,184,88
"SPG7","s1319_F_PIT_01_ASEReadCounter.table","NW_015090842.1:10075487",56,124,68
"SPG7","s1319_F_PIT_01_ASEReadCounter.table","NW_015090842.1:10075488",56,126,70
"SPG7","s1319_F_PIT_01_ASEReadCounter.table","NW_015090842.1:10075548",38,94,56
"RPL13","s1319_F_PIT_01_ASEReadCounter.table","NW_015090842.1:10077387",1818,3753,1935
"RPL13","s1319_F_PIT_01_ASEReadCounter.table","NW_015090842.1:10077978",2684,5672,2988
"RPL13","s1319_F_PIT_01_ASEReadCounter.table","NW_015090842.1:10077992",2661,5498,2837
"CPNE7","s1319_F_PIT_01_ASEReadCounter.table","NW_015090842.1:10084001",4,4,0
"CPNE7","s1319_F_PIT_01_ASEReadCounter.table","NW_015090842.1:10084856",2,2,0
"CPNE7","s1319_F_PIT_01_ASEReadCounter.table","NW_015090842.1:10084921",1,1,0
"CPNE7","s1319_F_PIT_01_ASEReadCounter.table","NW_015090842.1:10084935",1,1,0
"CPNE7","s1319_F_PIT_01_ASEReadCounter.table","NW_015090842.1:10085000",3,3,0
"CPNE7","s1319_F_PIT_01_ASEReadCounter.table","NW_015090842.1:10085089",2,2,0
"CPNE7","s1319_F_PIT_01_ASEReadCounter.table","NW_015090842.1:10085096",2,2,0
"CPNE7","s1319_F_PIT_01_ASEReadCounter.table","NW_015090842.1:10085126",1,1,0
"CPNE7","s1319_F_PIT_01_ASEReadCounter.table","NW_015090842.1:10085167",3,3,0
"CPNE7","s1319_F_PIT_01_ASEReadCounter.table","NW_015090842.1:10085180",3,3,0
"CPNE7","s1319_F_PIT_01_ASEReadCounter.table","NW_015090842.1:10085201",2,2,0
"CPNE7","s1319_F_PIT_01_ASEReadCounter.table","NW_015090842.1:10088134",1,1,0
"CPNE7","s1319_F_PIT_01_ASEReadCounter.table","NW_015090842.1:10088146",2,2,0
"CPNE7","s1319_F_PIT_01_ASEReadCounter.table","NW_015090842.1:10088806",5,5,0
"CPNE7","s1319_F_PIT_01_ASEReadCounter.table","NW_015090842.1:10088940",7,7,0
"CPNE7","s1319_F_PIT_01_ASEReadCounter.table","NW_015090842.1:10088965",5,5,0
"CPNE7","s1319_F_PIT_01_ASEReadCounter.table","NW_015090842.1:10088967",5,5,0
"CPNE7","s1319_F_PIT_01_ASEReadCounter.table","NW_015090842.1:10088973",5,5,0
"CPNE7","s1319_F_PIT_01_ASEReadCounter.table","NW_015090842.1:10090924",9,9,0
"CPNE7","s1319_F_PIT_01_ASEReadCounter.table","NW_015090842.1:10090930",10,10,0
"CPNE7","s1319_F_PIT_01_ASEReadCounter.table","NW_015090842.1:10091075",6,6,0
"CPNE7","s1319_F_PIT_01_ASEReadCounter.table","NW_015090842.1:10091389",4,4,0
"CPNE7","s1319_F_PIT_01_ASEReadCounter.table","NW_015090842.1:10091407",4,4,0
"CPNE7","s1319_F_PIT_01_ASEReadCounter.table","NW_015090842.1:10091488",3,3,0
"CPNE7","s1319_F_PIT_01_ASEReadCounter.table","NW_015090842.1:10091491",4,4,0
"CPNE7","s1319_F_PIT_01_ASEReadCounter.table","NW_015090842.1:10091530",3,3,0
"CPNE7","s1319_F_PIT_01_ASEReadCounter.table","NW_015090842.1:10091875",7,7,0
"CPNE7","s1319_F_PIT_01_ASEReadCounter.table","NW_015090842.1:10091983",3,3,0
"CPNE7","s1319_F_PIT_01_ASEReadCounter.table","NW_015090842.1:10091997",3,3,0
"CPNE7","s1319_F_PIT_01_ASEReadCounter.table","NW_015090842.1:10092038",2,2,0
"CPNE7","s1319_F_PIT_01_ASEReadCounter.table","NW_015090842.1:10092140",3,3,0
"CPNE7","s1319_F_PIT_01_ASEReadCounter.table","NW_015090842.1:10092183",3,3,0
"CPNE7","s1319_F_PIT_01_ASEReadCounter.table","NW_015090842.1:10092201",1,1,0
"LOC106888185","s1319_F_PIT_01_ASEReadCounter.table","NW_015090842.1:10094965",12,29,17
"LOC106888185","s1319_F_PIT_01_ASEReadCounter.table","NW_015090842.1:10094966",11,29,18
"LOC106888185","s1319_F_PIT_01_ASEReadCounter.table","NW_015090842.1:10094985",13,31,18
"LOC106888185","s1319_F_PIT_01_ASEReadCounter.table","NW_015090842.1:10095055",2,25,23
"LOC106888185","s1319_F_PIT_01_ASEReadCounter.table","NW_015090842.1:10095062",2,18,16
"LOC106888185","s1319_F_PIT_01_ASEReadCounter.table","NW_015090842.1:10095130",9,40,31
"LOC106888185","s1319_F_PIT_01_ASEReadCounter.table","NW_015090842.1:10095265",83,170,87
"LOC106888185","s1319_F_PIT_01_ASEReadCounter.table","NW_015090842.1:10095586",87,202,115
"LOC106888185","s1319_F_PIT_01_ASEReadCounter.table","NW_015090842.1:10095593",90,202,112
"LOC106888185","s1319_F_PIT_01_ASEReadCounter.table","NW_015090842.1:10095616",77,173,96
"LOC106888185","s1319_F_PIT_01_ASEReadCounter.table","NW_015090842.1:10095662",51,143,92
"LOC106888185","s1319_F_PIT_01_ASEReadCounter.table","NW_015090842.1:10095674",48,140,92
"LOC106888185","s1319_F_PIT_01_ASEReadCounter.table","NW_015090842.1:10095786",60,155,95
"LOC106888185","s1319_F_PIT_01_ASEReadCounter.table","NW_015090842.1:10095831",69,153,84
"LOC106888185","s1319_F_PIT_01_ASEReadCounter.table","NW_015090842.1:10096230",51,160,109
"LOC106888185","s1319_F_PIT_01_ASEReadCounter.table","NW_015090842.1:10096249",64,182,118
"LOC106888185","s1319_F_PIT_01_ASEReadCounter.table","NW_015090842.1:10096272",78,218,140
"LOC106888185","s1319_F_PIT_01_ASEReadCounter.table","NW_015090842.1:10096288",78,214,136
"LOC106888185","s1319_F_PIT_01_ASEReadCounter.table","NW_015090842.1:10097248",90,218,128
"LOC106888185","s1319_F_PIT_01_ASEReadCounter.table","NW_015090842.1:10097265",100,253,153
"LOC106888185","s1319_F_PIT_01_ASEReadCounter.table","NW_015090842.1:10097446",7,33,26
"DPEP1","s1319_F_PIT_01_ASEReadCounter.table","NW_015090842.1:10098017",0,10,10
"DPEP1","s1319_F_PIT_01_ASEReadCounter.table","NW_015090842.1:10098518",0,8,8
"DPEP1","s1319_F_PIT_01_ASEReadCounter.table","NW_015090842.1:10098595",2,11,9
"DPEP1","s1319_F_PIT_01_ASEReadCounter.table","NW_015090842.1:10098597",2,11,9
"DPEP1","s1319_F_PIT_01_ASEReadCounter.table","NW_015090842.1:10098601",2,12,10
"DPEP1","s1319_F_PIT_01_ASEReadCounter.table","NW_015090842.1:10098608",2,15,13
"DPEP1","s1319_F_PIT_01_ASEReadCounter.table","NW_015090842.1:10098630",2,17,15
"DPEP1","s1319_F_PIT_01_ASEReadCounter.table","NW_015090842.1:10098659",2,17,15
"DPEP1","s1319_F_PIT_01_ASEReadCounter.table","NW_015090842.1:10099765",2,11,9
"DPEP1","s1319_F_PIT_01_ASEReadCounter.table","NW_015090842.1:10099985",1,14,13
"DPEP1","s1319_F_PIT_01_ASEReadCounter.table","NW_015090842.1:10099986",1,14,13
"DPEP1","s1319_F_PIT_01_ASEReadCounter.table","NW_015090842.1:10099991",0,13,13
"DPEP1","s1319_F_PIT_01_ASEReadCounter.table","NW_015090842.1:10100044",2,13,11
"DPEP1","s1319_F_PIT_01_ASEReadCounter.table","NW_015090842.1:10100045",2,13,11
"DPEP1","s1319_F_PIT_01_ASEReadCounter.table","NW_015090842.1:10100084",2,16,14
"DPEP1","s1319_F_PIT_01_ASEReadCounter.table","NW_015090842.1:10100295",1,18,17
"DPEP1","s1319_F_PIT_01_ASEReadCounter.table","NW_015090842.1:10100529",1,20,19
"DPEP1","s1319_F_PIT_01_ASEReadCounter.table","NW_015090842.1:10100893",1,16,15
"DPEP1","s1319_F_PIT_01_ASEReadCounter.table","NW_015090842.1:10100902",0,18,18
"DPEP1","s1319_F_PIT_01_ASEReadCounter.table","NW_015090842.1:10101072",2,15,13
"DPEP1","s1319_F_PIT_01_ASEReadCounter.table","NW_015090842.1:10101199",3,15,12
"DPEP1","s1319_F_PIT_01_ASEReadCounter.table","NW_015090842.1:10101483",2,28,26
"DPEP1","s1319_F_PIT_01_ASEReadCounter.table","NW_015090842.1:10101497",1,26,25
"DPEP1","s1319_F_PIT_01_ASEReadCounter.table","NW_015090842.1:10101525",1,23,22
"DPEP1","s1319_F_PIT_01_ASEReadCounter.table","NW_015090842.1:10101875",0,14,14
"DPEP1","s1319_F_PIT_01_ASEReadCounter.table","NW_015090842.1:10101913",0,12,12
"DPEP1","s1319_F_PIT_01_ASEReadCounter.table","NW_015090842.1:10101996",0,7,7
"DPEP1","s1319_F_PIT_01_ASEReadCounter.table","NW_015090842.1:10102014",0,7,7
"DPEP1","s1319_F_PIT_01_ASEReadCounter.table","NW_015090842.1:10102035",0,7,7
"CHMP1A","s1319_F_PIT_01_ASEReadCounter.table","NW_015090842.1:10102901",49,149,100
"CHMP1A","s1319_F_PIT_01_ASEReadCounter.table","NW_015090842.1:10102961",45,151,106
"CHMP1A","s1319_F_PIT_01_ASEReadCounter.table","NW_015090842.1:10102996",32,138,106
"CHMP1A","s1319_F_PIT_01_ASEReadCounter.table","NW_015090842.1:10103004",40,148,108
"CHMP1A","s1319_F_PIT_01_ASEReadCounter.table","NW_015090842.1:10103006",40,149,109
"CHMP1A","s1319_F_PIT_01_ASEReadCounter.table","NW_015090842.1:10103052",67,194,127
"CHMP1A","s1319_F_PIT_01_ASEReadCounter.table","NW_015090842.1:10103095",74,200,126
"CHMP1A","s1319_F_PIT_01_ASEReadCounter.table","NW_015090842.1:10103096",76,203,127
"CHMP1A","s1319_F_PIT_01_ASEReadCounter.table","NW_015090842.1:10103152",69,151,82
"CHMP1A","s1319_F_PIT_01_ASEReadCounter.table","NW_015090842.1:10103173",71,154,83
"CHMP1A","s1319_F_PIT_01_ASEReadCounter.table","NW_015090842.1:10103334",57,148,91
"CHMP1A","s1319_F_PIT_01_ASEReadCounter.table","NW_015090842.1:10103373",33,126,93
"CHMP1A","s1319_F_PIT_01_ASEReadCounter.table","NW_015090842.1:10103408",39,147,108
"CHMP1A","s1319_F_PIT_01_ASEReadCounter.table","NW_015090842.1:10103412",49,151,102
"CHMP1A","s1319_F_PIT_01_ASEReadCounter.table","NW_015090842.1:10103512",77,166,89
"CHMP1A","s1319_F_PIT_01_ASEReadCounter.table","NW_015090842.1:10103513",79,172,93
"CHMP1A","s1319_F_PIT_01_ASEReadCounter.table","NW_015090842.1:10103583",56,130,74
"CHMP1A","s1319_F_PIT_01_ASEReadCounter.table","NW_015090842.1:10103614",58,130,72
"CHMP1A","s1319_F_PIT_01_ASEReadCounter.table","NW_015090842.1:10103657",67,150,83
"CHMP1A","s1319_F_PIT_01_ASEReadCounter.table","NW_015090842.1:10103669",55,137,82
"CHMP1A","s1319_F_PIT_01_ASEReadCounter.table","NW_015090842.1:10103674",53,129,76
"CHMP1A","s1319_F_PIT_01_ASEReadCounter.table","NW_015090842.1:10103677",55,132,77
"CHMP1A","s1319_F_PIT_01_ASEReadCounter.table","NW_015090842.1:10103729",64,157,93
"CHMP1A","s1319_F_PIT_01_ASEReadCounter.table","NW_015090842.1:10103758",67,160,93
"CHMP1A","s1319_F_PIT_01_ASEReadCounter.table","NW_015090842.1:10103761",67,164,97
"CHMP1A","s1319_F_PIT_01_ASEReadCounter.table","NW_015090842.1:10103788",80,205,125
"CHMP1A","s1319_F_PIT_01_ASEReadCounter.table","NW_015090842.1:10103789",80,205,125
"CHMP1A","s1319_F_PIT_01_ASEReadCounter.table","NW_015090842.1:10103790",78,202,124
"CHMP1A","s1319_F_PIT_01_ASEReadCounter.table","NW_015090842.1:10103950",85,188,103
"CHMP1A","s1319_F_PIT_01_ASEReadCounter.table","NW_015090842.1:10104335",71,152,81
"CHMP1A","s1319_F_PIT_01_ASEReadCounter.table","NW_015090842.1:10104429",68,177,109
"CHMP1A","s1319_F_PIT_01_ASEReadCounter.table","NW_015090842.1:10104532",88,213,125
"CHMP1A","s1319_F_PIT_01_ASEReadCounter.table","NW_015090842.1:10104633",77,167,90
"CHMP1A","s1319_F_PIT_01_ASEReadCounter.table","NW_015090842.1:10104759",83,183,100
"CHMP1A","s1319_F_PIT_01_ASEReadCounter.table","NW_015090842.1:10104794",84,191,107
"CHMP1A","s1319_F_PIT_01_ASEReadCounter.table","NW_015090842.1:10104841",128,128,0
"CHMP1A","s1319_F_PIT_01_ASEReadCounter.table","NW_015090842.1:10104844",59,129,70
"CHMP1A","s1319_F_PIT_01_ASEReadCounter.table","NW_015090842.1:10106242",93,174,81
"CHMP1A","s1319_F_PIT_01_ASEReadCounter.table","NW_015090842.1:10106290",87,167,80
"CHMP1A","s1319_F_PIT_01_ASEReadCounter.table","NW_015090842.1:10106335",93,187,94
"CHMP1A","s1319_F_PIT_01_ASEReadCounter.table","NW_015090842.1:10106383",110,240,130
"CHMP1A","s1319_F_PIT_01_ASEReadCounter.table","NW_015090842.1:10106747",133,252,119
"CHMP1A","s1319_F_PIT_01_ASEReadCounter.table","NW_015090842.1:10107404",101,232,131
"CHMP1A","s1319_F_PIT_01_ASEReadCounter.table","NW_015090842.1:10107876",95,198,103
"CDK10","s1319_F_PIT_01_ASEReadCounter.table","NW_015090842.1:10109030",19,22,3
"CDK10","s1319_F_PIT_01_ASEReadCounter.table","NW_015090842.1:10109963",68,169,101
"CDK10","s1319_F_PIT_01_ASEReadCounter.table","NW_015090842.1:10110887",57,138,81
"CDK10","s1319_F_PIT_01_ASEReadCounter.table","NW_015090842.1:10111254",35,130,95
"CDK10","s1319_F_PIT_01_ASEReadCounter.table","NW_015090842.1:10111380",42,155,113
"CDK10","s1319_F_PIT_01_ASEReadCounter.table","NW_015090842.1:10111395",47,156,109
"CDK10","s1319_F_PIT_01_ASEReadCounter.table","NW_015090842.1:10111437",29,108,79
"CDK10","s1319_F_PIT_01_ASEReadCounter.table","NW_015090842.1:10111798",62,155,93
"CDK10","s1319_F_PIT_01_ASEReadCounter.table","NW_015090842.1:10111840",55,146,91
"CDK10","s1319_F_PIT_01_ASEReadCounter.table","NW_015090842.1:10112031",59,156,97
"CDK10","s1319_F_PIT_01_ASEReadCounter.table","NW_015090842.1:10112285",52,150,98
"CDK10","s1319_F_PIT_01_ASEReadCounter.table","NW_015090842.1:10112398",61,158,97
"CDK10","s1319_F_PIT_01_ASEReadCounter.table","NW_015090842.1:10112455",56,148,92
"CDK10","s1319_F_PIT_01_ASEReadCounter.table","NW_015090842.1:10112461",54,143,89
"CDK10","s1319_F_PIT_01_ASEReadCounter.table","NW_015090842.1:10112497",44,127,83
"CDK10","s1319_F_PIT_01_ASEReadCounter.table","NW_015090842.1:10112508",40,128,88
"CDK10","s1319_F_PIT_01_ASEReadCounter.table","NW_015090842.1:10112518",32,111,79
"CDK10","s1319_F_PIT_01_ASEReadCounter.table","NW_015090842.1:10112540",9,94,85
"CDK10","s1319_F_PIT_01_ASEReadCounter.table","NW_015090842.1:10112556",26,106,80
"CDK10","s1319_F_PIT_01_ASEReadCounter.table","NW_015090842.1:10112561",27,119,92
"CDK10","s1319_F_PIT_01_ASEReadCounter.table","NW_015090842.1:10112596",39,123,84
"CDK10","s1319_F_PIT_01_ASEReadCounter.table","NW_015090842.1:10112630",38,106,68
"CDK10","s1319_F_PIT_01_ASEReadCounter.table","NW_015090842.1:10112656",37,98,61
"CDK10","s1319_F_PIT_01_ASEReadCounter.table","NW_015090842.1:10112665",31,71,40
"CDK10","s1319_F_PIT_01_ASEReadCounter.table","NW_015090842.1:10112668",28,67,39
"CDK10","s1319_F_PIT_01_ASEReadCounter.table","NW_015090842.1:10112781",27,53,26
"CDK10","s1319_F_PIT_01_ASEReadCounter.table","NW_015090842.1:10112782",27,53,26
"CDK10","s1319_F_PIT_01_ASEReadCounter.table","NW_015090842.1:10112795",23,48,25
"CDK10","s1319_F_PIT_01_ASEReadCounter.table","NW_015090842.1:10112841",11,22,11
"CDK10","s1319_F_PIT_01_ASEReadCounter.table","NW_015090842.1:10112861",8,17,9
"SPATA2L","s1319_F_PIT_01_ASEReadCounter.table","NW_015090842.1:10113212",12,33,21
"SPATA2L","s1319_F_PIT_01_ASEReadCounter.table","NW_015090842.1:10113280",18,47,29
"SPATA2L","s1319_F_PIT_01_ASEReadCounter.table","NW_015090842.1:10113296",18,47,29
"SPATA2L","s1319_F_PIT_01_ASEReadCounter.table","NW_015090842.1:10113321",30,69,39
"SPATA2L","s1319_F_PIT_01_ASEReadCounter.table","NW_015090842.1:10113332",32,72,40
"SPATA2L","s1319_F_PIT_01_ASEReadCounter.table","NW_015090842.1:10113380",30,72,42
"SPATA2L","s1319_F_PIT_01_ASEReadCounter.table","NW_015090842.1:10113381",28,71,43
"SPATA2L","s1319_F_PIT_01_ASEReadCounter.table","NW_015090842.1:10113412",27,73,46
"SPATA2L","s1319_F_PIT_01_ASEReadCounter.table","NW_015090842.1:10113421",31,75,44
"SPATA2L","s1319_F_PIT_01_ASEReadCounter.table","NW_015090842.1:10113465",25,64,39
"SPATA2L","s1319_F_PIT_01_ASEReadCounter.table","NW_015090842.1:10113535",36,72,36
"SPATA2L","s1319_F_PIT_01_ASEReadCounter.table","NW_015090842.1:10113645",33,81,48
"SPATA2L","s1319_F_PIT_01_ASEReadCounter.table","NW_015090842.1:10113682",37,91,54
"SPATA2L","s1319_F_PIT_01_ASEReadCounter.table","NW_015090842.1:10113696",35,80,45
"SPATA2L","s1319_F_PIT_01_ASEReadCounter.table","NW_015090842.1:10113727",47,106,59
"SPATA2L","s1319_F_PIT_01_ASEReadCounter.table","NW_015090842.1:10113799",52,115,63
"SPATA2L","s1319_F_PIT_01_ASEReadCounter.table","NW_015090842.1:10113809",58,120,62
"SPATA2L","s1319_F_PIT_01_ASEReadCounter.table","NW_015090842.1:10113827",54,107,53
"SPATA2L","s1319_F_PIT_01_ASEReadCounter.table","NW_015090842.1:10113831",57,112,55
"SPATA2L","s1319_F_PIT_01_ASEReadCounter.table","NW_015090842.1:10113894",48,86,38
"SPATA2L","s1319_F_PIT_01_ASEReadCounter.table","NW_015090842.1:10113905",38,89,51
"SPATA2L","s1319_F_PIT_01_ASEReadCounter.table","NW_015090842.1:10113914",40,86,46
"SPATA2L","s1319_F_PIT_01_ASEReadCounter.table","NW_015090842.1:10113920",46,94,48
"SPATA2L","s1319_F_PIT_01_ASEReadCounter.table","NW_015090842.1:10113937",48,98,50
"SPATA2L","s1319_F_PIT_01_ASEReadCounter.table","NW_015090842.1:10113971",35,92,57
"SPATA2L","s1319_F_PIT_01_ASEReadCounter.table","NW_015090842.1:10113976",32,92,60
"SPATA2L","s1319_F_PIT_01_ASEReadCounter.table","NW_015090842.1:10113985",34,86,52
"SPATA2L","s1319_F_PIT_01_ASEReadCounter.table","NW_015090842.1:10113994",40,93,53
"SPATA2L","s1319_F_PIT_01_ASEReadCounter.table","NW_015090842.1:10114063",41,81,40
"SPATA2L","s1319_F_PIT_01_ASEReadCounter.table","NW_015090842.1:10114066",39,77,38
"SPATA2L","s1319_F_PIT_01_ASEReadCounter.table","NW_015090842.1:10114069",43,80,37
"SPATA2L","s1319_F_PIT_01_ASEReadCounter.table","NW_015090842.1:10114121",25,55,30
"SPATA2L","s1319_F_PIT_01_ASEReadCounter.table","NW_015090842.1:10114159",17,51,34
"SPATA2L","s1319_F_PIT_01_ASEReadCounter.table","NW_015090842.1:10114282",30,70,40
"SPATA2L","s1319_F_PIT_01_ASEReadCounter.table","NW_015090842.1:10114470",24,69,45
"SPATA2L","s1319_F_PIT_01_ASEReadCounter.table","NW_015090842.1:10114524",17,46,29
"VPS9D1","s1319_F_PIT_01_ASEReadCounter.table","NW_015090842.1:10116377",21,43,22
"VPS9D1","s1319_F_PIT_01_ASEReadCounter.table","NW_015090842.1:10116415",17,43,26
"VPS9D1","s1319_F_PIT_01_ASEReadCounter.table","NW_015090842.1:10116607",18,37,19
"VPS9D1","s1319_F_PIT_01_ASEReadCounter.table","NW_015090842.1:10116816",31,31,0
"VPS9D1","s1319_F_PIT_01_ASEReadCounter.table","NW_015090842.1:10116821",16,33,17
"VPS9D1","s1319_F_PIT_01_ASEReadCounter.table","NW_015090842.1:10116825",16,33,17
"VPS9D1","s1319_F_PIT_01_ASEReadCounter.table","NW_015090842.1:10116882",14,32,18
"VPS9D1","s1319_F_PIT_01_ASEReadCounter.table","NW_015090842.1:10116885",14,33,19
"VPS9D1","s1319_F_PIT_01_ASEReadCounter.table","NW_015090842.1:10116933",13,35,22
"VPS9D1","s1319_F_PIT_01_ASEReadCounter.table","NW_015090842.1:10116942",17,36,19
"VPS9D1","s1319_F_PIT_01_ASEReadCounter.table","NW_015090842.1:10117152",16,31,15
"VPS9D1","s1319_F_PIT_01_ASEReadCounter.table","NW_015090842.1:10117396",19,19,0
"VPS9D1","s1319_F_PIT_01_ASEReadCounter.table","NW_015090842.1:10117405",14,14,0
"VPS9D1","s1319_F_PIT_01_ASEReadCounter.table","NW_015090842.1:10117480",9,25,16
"VPS9D1","s1319_F_PIT_01_ASEReadCounter.table","NW_015090842.1:10117497",10,22,12
"VPS9D1","s1319_F_PIT_01_ASEReadCounter.table","NW_015090842.1:10117499",10,22,12
"VPS9D1","s1319_F_PIT_01_ASEReadCounter.table","NW_015090842.1:10117516",10,25,15
"VPS9D1","s1319_F_PIT_01_ASEReadCounter.table","NW_015090842.1:10117525",12,25,13
"VPS9D1","s1319_F_PIT_01_ASEReadCounter.table","NW_015090842.1:10117579",15,25,10
"VPS9D1","s1319_F_PIT_01_ASEReadCounter.table","NW_015090842.1:10117627",15,30,15
"VPS9D1","s1319_F_PIT_01_ASEReadCounter.table","NW_015090842.1:10117678",12,34,22
"VPS9D1","s1319_F_PIT_01_ASEReadCounter.table","NW_015090842.1:10117773",17,35,18
"VPS9D1","s1319_F_PIT_01_ASEReadCounter.table","NW_015090842.1:10117937",22,46,24
"VPS9D1","s1319_F_PIT_01_ASEReadCounter.table","NW_015090842.1:10117961",21,46,25
"VPS9D1","s1319_F_PIT_01_ASEReadCounter.table","NW_015090842.1:10118236",24,45,21
"VPS9D1","s1319_F_PIT_01_ASEReadCounter.table","NW_015090842.1:10118414",19,31,12
"VPS9D1","s1319_F_PIT_01_ASEReadCounter.table","NW_015090842.1:10118973",17,38,21
"VPS9D1","s1319_F_PIT_01_ASEReadCounter.table","NW_015090842.1:10119500",18,34,16
"ZNF276","s1319_F_PIT_01_ASEReadCounter.table","NW_015090842.1:10121760",6,12,6
"ZNF276","s1319_F_PIT_01_ASEReadCounter.table","NW_015090842.1:10121769",5,11,6
"ZNF276","s1319_F_PIT_01_ASEReadCounter.table","NW_015090842.1:10121802",14,24,10
"ZNF276","s1319_F_PIT_01_ASEReadCounter.table","NW_015090842.1:10121971",18,29,11
"ZNF276","s1319_F_PIT_01_ASEReadCounter.table","NW_015090842.1:10122883",16,31,15
"ZNF276","s1319_F_PIT_01_ASEReadCounter.table","NW_015090842.1:10123069",20,35,15
"ZNF276","s1319_F_PIT_01_ASEReadCounter.table","NW_015090842.1:10123207",24,44,20
"ZNF276","s1319_F_PIT_01_ASEReadCounter.table","NW_015090842.1:10125787",25,50,25
"ZNF276","s1319_F_PIT_01_ASEReadCounter.table","NW_015090842.1:10126309",40,74,34
"ZNF276","s1319_F_PIT_01_ASEReadCounter.table","NW_015090842.1:10126348",42,84,42
"ZNF276","s1319_F_PIT_01_ASEReadCounter.table","NW_015090842.1:10126978",37,67,30
"ZNF276","s1319_F_PIT_01_ASEReadCounter.table","NW_015090842.1:10126991",35,68,33
"ZNF276","s1319_F_PIT_01_ASEReadCounter.table","NW_015090842.1:10127023",35,69,34
"ZNF276","s1319_F_PIT_01_ASEReadCounter.table","NW_015090842.1:10127063",38,84,46
"ZNF276","s1319_F_PIT_01_ASEReadCounter.table","NW_015090842.1:10127373",41,83,42
"ZNF276","s1319_F_PIT_01_ASEReadCounter.table","NW_015090842.1:10127931",50,86,36
"ZNF276","s1319_F_PIT_01_ASEReadCounter.table","NW_015090842.1:10128070",42,72,30
"ZNF276","s1319_F_PIT_01_ASEReadCounter.table","NW_015090842.1:10128102",51,80,29
"ZNF276","s1319_F_PIT_01_ASEReadCounter.table","NW_015090842.1:10128356",26,52,26
"ZNF276","s1319_F_PIT_01_ASEReadCounter.table","NW_015090842.1:10128497",29,50,21
"FANCA","s1319_F_PIT_01_ASEReadCounter.table","NW_015090842.1:10128743",1,3,2
"FANCA","s1319_F_PIT_01_ASEReadCounter.table","NW_015090842.1:10128822",3,6,3
"FANCA","s1319_F_PIT_01_ASEReadCounter.table","NW_015090842.1:10129383",2,6,4
"FANCA","s1319_F_PIT_01_ASEReadCounter.table","NW_015090842.1:10129390",2,4,2
"FANCA","s1319_F_PIT_01_ASEReadCounter.table","NW_015090842.1:10129422",2,5,3
"FANCA","s1319_F_PIT_01_ASEReadCounter.table","NW_015090842.1:10129969",2,5,3
"FANCA","s1319_F_PIT_01_ASEReadCounter.table","NW_015090842.1:10130399",2,5,3
"FANCA","s1319_F_PIT_01_ASEReadCounter.table","NW_015090842.1:10130857",0,3,3
"FANCA","s1319_F_PIT_01_ASEReadCounter.table","NW_015090842.1:10130878",0,2,2
"FANCA","s1319_F_PIT_01_ASEReadCounter.table","NW_015090842.1:10133530",1,2,1
"FANCA","s1319_F_PIT_01_ASEReadCounter.table","NW_015090842.1:10133533",1,2,1
"FANCA","s1319_F_PIT_01_ASEReadCounter.table","NW_015090842.1:10133536",1,2,1
"FANCA","s1319_F_PIT_01_ASEReadCounter.table","NW_015090842.1:10133601",0,3,3
"FANCA","s1319_F_PIT_01_ASEReadCounter.table","NW_015090842.1:10134492",2,4,2
"FANCA","s1319_F_PIT_01_ASEReadCounter.table","NW_015090842.1:10134531",2,4,2
"FANCA","s1319_F_PIT_01_ASEReadCounter.table","NW_015090842.1:10136957",2,3,1
"FANCA","s1319_F_PIT_01_ASEReadCounter.table","NW_015090842.1:10136982",2,2,0
"FANCA","s1319_F_PIT_01_ASEReadCounter.table","NW_015090842.1:10136999",1,1,0
"FANCA","s1319_F_PIT_01_ASEReadCounter.table","NW_015090842.1:10137019",2,2,0
"FANCA","s1319_F_PIT_01_ASEReadCounter.table","NW_015090842.1:10137673",1,3,2
"FANCA","s1319_F_PIT_01_ASEReadCounter.table","NW_015090842.1:10138618",1,3,2
"FANCA","s1319_F_PIT_01_ASEReadCounter.table","NW_015090842.1:10139140",2,2,0
"FANCA","s1319_F_PIT_01_ASEReadCounter.table","NW_015090842.1:10140699",1,3,2
"FANCA","s1319_F_PIT_01_ASEReadCounter.table","NW_015090842.1:10141234",2,4,2
"FANCA","s1319_F_PIT_01_ASEReadCounter.table","NW_015090842.1:10145030",1,3,2
"FANCA","s1319_F_PIT_01_ASEReadCounter.table","NW_015090842.1:10152863",3,3,0
"FANCA","s1319_F_PIT_01_ASEReadCounter.table","NW_015090842.1:10154490",1,1,0
"FANCA","s1319_F_PIT_01_ASEReadCounter.table","NW_015090842.1:10158957",1,1,0
"FANCA","s1319_F_PIT_01_ASEReadCounter.table","NW_015090842.1:10160177",1,1,0
"SPIRE2","s1319_F_PIT_01_ASEReadCounter.table","NW_015090842.1:10172284",14,31,17
"SPIRE2","s1319_F_PIT_01_ASEReadCounter.table","NW_015090842.1:10175262",17,36,19
"SPIRE2","s1319_F_PIT_01_ASEReadCounter.table","NW_015090842.1:10175352",8,14,6
"SPIRE2","s1319_F_PIT_01_ASEReadCounter.table","NW_015090842.1:10175400",42,78,36
"SPIRE2","s1319_F_PIT_01_ASEReadCounter.table","NW_015090842.1:10175418",44,80,36
"SPIRE2","s1319_F_PIT_01_ASEReadCounter.table","NW_015090842.1:10175704",48,91,43
"SPIRE2","s1319_F_PIT_01_ASEReadCounter.table","NW_015090842.1:10176115",54,105,51
"SPIRE2","s1319_F_PIT_01_ASEReadCounter.table","NW_015090842.1:10176561",54,104,50
"SPIRE2","s1319_F_PIT_01_ASEReadCounter.table","NW_015090842.1:10176817",53,102,49
"SPIRE2","s1319_F_PIT_01_ASEReadCounter.table","NW_015090842.1:10177084",32,70,38
"SPIRE2","s1319_F_PIT_01_ASEReadCounter.table","NW_015090842.1:10177110",33,72,39
"SPIRE2","s1319_F_PIT_01_ASEReadCounter.table","NW_015090842.1:10177838",39,83,44
"SPIRE2","s1319_F_PIT_01_ASEReadCounter.table","NW_015090842.1:10178000",42,90,48
"SPIRE2","s1319_F_PIT_01_ASEReadCounter.table","NW_015090842.1:10178164",45,86,41
"SPIRE2","s1319_F_PIT_01_ASEReadCounter.table","NW_015090842.1:10178216",44,91,47
"SPIRE2","s1319_F_PIT_01_ASEReadCounter.table","NW_015090842.1:10178403",44,80,36
"SPIRE2","s1319_F_PIT_01_ASEReadCounter.table","NW_015090842.1:10178409",43,77,34
"SPIRE2","s1319_F_PIT_01_ASEReadCounter.table","NW_015090842.1:10178524",33,64,31
"SPIRE2","s1319_F_PIT_01_ASEReadCounter.table","NW_015090842.1:10178526",33,64,31
"SPIRE2","s1319_F_PIT_01_ASEReadCounter.table","NW_015090842.1:10178531",29,59,30
"SPIRE2","s1319_F_PIT_01_ASEReadCounter.table","NW_015090842.1:10178565",24,55,31
"SPIRE2","s1319_F_PIT_01_ASEReadCounter.table","NW_015090842.1:10178587",21,51,30
"SPIRE2","s1319_F_PIT_01_ASEReadCounter.table","NW_015090842.1:10178640",15,34,19
"SPIRE2","s1319_F_PIT_01_ASEReadCounter.table","NW_015090842.1:10178651",17,39,22
"SPIRE2","s1319_F_PIT_01_ASEReadCounter.table","NW_015090842.1:10178682",14,29,15
"TCF25","s1319_F_PIT_01_ASEReadCounter.table","NW_015090842.1:10180912",22,53,31
"TCF25","s1319_F_PIT_01_ASEReadCounter.table","NW_015090842.1:10180924",22,54,32
"TCF25","s1319_F_PIT_01_ASEReadCounter.table","NW_015090842.1:10180931",22,54,32
"TCF25","s1319_F_PIT_01_ASEReadCounter.table","NW_015090842.1:10185332",112,208,96
"TCF25","s1319_F_PIT_01_ASEReadCounter.table","NW_015090842.1:10188816",85,166,81
"DBNDD1","s1319_F_PIT_01_ASEReadCounter.table","NW_015090842.1:10223105",31,64,33
"GAS8","s1319_F_PIT_01_ASEReadCounter.table","NW_015090842.1:10228982",52,106,54
"GAS8","s1319_F_PIT_01_ASEReadCounter.table","NW_015090842.1:10229832",36,87,51
"GAS8","s1319_F_PIT_01_ASEReadCounter.table","NW_015090842.1:10232375",41,84,43
"GAS8","s1319_F_PIT_01_ASEReadCounter.table","NW_015090842.1:10232901",39,77,38
"GAS8","s1319_F_PIT_01_ASEReadCounter.table","NW_015090842.1:10232928",44,92,48
"GAS8","s1319_F_PIT_01_ASEReadCounter.table","NW_015090842.1:10232967",45,91,46
"GAS8","s1319_F_PIT_01_ASEReadCounter.table","NW_015090842.1:10233032",33,69,36
"GAS8","s1319_F_PIT_01_ASEReadCounter.table","NW_015090842.1:10233057",24,50,26
"GAS8","s1319_F_PIT_01_ASEReadCounter.table","NW_015090842.1:10233058",25,51,26
"GAS8","s1319_F_PIT_01_ASEReadCounter.table","NW_015090842.1:10233176",18,44,26
"GAS8","s1319_F_PIT_01_ASEReadCounter.table","NW_015090842.1:10233196",21,41,20
"GAS8","s1319_F_PIT_01_ASEReadCounter.table","NW_015090842.1:10233252",24,39,15
"GAS8","s1319_F_PIT_01_ASEReadCounter.table","NW_015090842.1:10233303",11,17,6
"LOC106888094","s1319_F_PIT_01_ASEReadCounter.table","NW_015090842.1:10233334",4,13,9
"LOC106888094","s1319_F_PIT_01_ASEReadCounter.table","NW_015090842.1:10233362",12,26,14
"LOC106888094","s1319_F_PIT_01_ASEReadCounter.table","NW_015090842.1:10233373",12,29,17
"LOC106888094","s1319_F_PIT_01_ASEReadCounter.table","NW_015090842.1:10233388",14,32,18
"LOC106888094","s1319_F_PIT_01_ASEReadCounter.table","NW_015090842.1:10233402",16,35,19
"LOC106888094","s1319_F_PIT_01_ASEReadCounter.table","NW_015090842.1:10233465",25,60,35
"LOC106888094","s1319_F_PIT_01_ASEReadCounter.table","NW_015090842.1:10233803",22,77,55
"LOC106888094","s1319_F_PIT_01_ASEReadCounter.table","NW_015090842.1:10233815",26,75,49
"LOC106888094","s1319_F_PIT_01_ASEReadCounter.table","NW_015090842.1:10235484",0,3,3
"LOC106888094","s1319_F_PIT_01_ASEReadCounter.table","NW_015090842.1:10235611",0,2,2
"LOC106888094","s1319_F_PIT_01_ASEReadCounter.table","NW_015090842.1:10236098",1,4,3
"LOC106888094","s1319_F_PIT_01_ASEReadCounter.table","NW_015090842.1:10236161",1,3,2
"LOC106888094","s1319_F_PIT_01_ASEReadCounter.table","NW_015090842.1:10236380",0,2,2
"LOC106888094","s1319_F_PIT_01_ASEReadCounter.table","NW_015090842.1:10236388",0,1,1
"LOC106888094","s1319_F_PIT_01_ASEReadCounter.table","NW_015090842.1:10236425",1,2,1
"LOC106888094","s1319_F_PIT_01_ASEReadCounter.table","NW_015090842.1:10236426",1,2,1
"LOC106888094","s1319_F_PIT_01_ASEReadCounter.table","NW_015090842.1:10236603",0,3,3
"LOC106888173","s1319_F_PIT_01_ASEReadCounter.table","NW_015090842.1:10239596",2,11,9
"LOC106888173","s1319_F_PIT_01_ASEReadCounter.table","NW_015090842.1:10240036",15,28,13
"LOC106888173","s1319_F_PIT_01_ASEReadCounter.table","NW_015090842.1:10240095",19,42,23
"LOC106888173","s1319_F_PIT_01_ASEReadCounter.table","NW_015090842.1:10240280",12,34,22
"LOC106888173","s1319_F_PIT_01_ASEReadCounter.table","NW_015090842.1:10240557",36,63,27
"LOC106888173","s1319_F_PIT_01_ASEReadCounter.table","NW_015090842.1:10240603",30,51,21
"LOC106888173","s1319_F_PIT_01_ASEReadCounter.table","NW_015090842.1:10240609",28,49,21
"LOC106888173","s1319_F_PIT_01_ASEReadCounter.table","NW_015090842.1:10240690",26,42,16
"LOC106888173","s1319_F_PIT_01_ASEReadCounter.table","NW_015090842.1:10240924",17,39,22
"LOC106888173","s1319_F_PIT_01_ASEReadCounter.table","NW_015090842.1:10241037",10,33,23
"LOC106888173","s1319_F_PIT_01_ASEReadCounter.table","NW_015090842.1:10241046",14,35,21
"LOC106888173","s1319_F_PIT_01_ASEReadCounter.table","NW_015090842.1:10241058",17,36,19
"LOC106888173","s1319_F_PIT_01_ASEReadCounter.table","NW_015090842.1:10241064",20,42,22
"LOC106888173","s1319_F_PIT_01_ASEReadCounter.table","NW_015090842.1:10241103",57,57,0
"LOC106888173","s1319_F_PIT_01_ASEReadCounter.table","NW_015090842.1:10241163",21,52,31
"LOC106888173","s1319_F_PIT_01_ASEReadCounter.table","NW_015090842.1:10241803",25,55,30
"LOC106888173","s1319_F_PIT_01_ASEReadCounter.table","NW_015090842.1:10241827",23,49,26
"LOC106888173","s1319_F_PIT_01_ASEReadCounter.table","NW_015090842.1:10241869",25,55,30
"LOC106888173","s1319_F_PIT_01_ASEReadCounter.table","NW_015090842.1:10242079",12,40,28
"LOC106888173","s1319_F_PIT_01_ASEReadCounter.table","NW_015090842.1:10242103",14,42,28
"LOC106888173","s1319_F_PIT_01_ASEReadCounter.table","NW_015090842.1:10242157",22,48,26
"LOC106888173","s1319_F_PIT_01_ASEReadCounter.table","NW_015090842.1:10242455",29,57,28
"LOC106888173","s1319_F_PIT_01_ASEReadCounter.table","NW_015090842.1:10242481",23,49,26
"LOC106888173","s1319_F_PIT_01_ASEReadCounter.table","NW_015090842.1:10242590",23,44,21
"LOC106888173","s1319_F_PIT_01_ASEReadCounter.table","NW_015090842.1:10242794",22,57,35
"LOC106888173","s1319_F_PIT_01_ASEReadCounter.table","NW_015090842.1:10242909",24,54,30
"LOC106888173","s1319_F_PIT_01_ASEReadCounter.table","NW_015090842.1:10243094",25,55,30
"LOC106888173","s1319_F_PIT_01_ASEReadCounter.table","NW_015090842.1:10243133",26,44,18
"LOC106888173","s1319_F_PIT_01_ASEReadCounter.table","NW_015090842.1:10243273",26,49,23
"LOC106888173","s1319_F_PIT_01_ASEReadCounter.table","NW_015090842.1:10243278",29,51,22
"LOC106888173","s1319_F_PIT_01_ASEReadCounter.table","NW_015090842.1:10243281",29,50,21
"LOC106888173","s1319_F_PIT_01_ASEReadCounter.table","NW_015090842.1:10243347",25,25,0
"LOC106888173","s1319_F_PIT_01_ASEReadCounter.table","NW_015090842.1:10243353",16,23,7
"LOC106888173","s1319_F_PIT_01_ASEReadCounter.table","NW_015090842.1:10243363",14,19,5
"LOC106888173","s1319_F_PIT_01_ASEReadCounter.table","NW_015090842.1:10243365",15,20,5
"LOC106888173","s1319_F_PIT_01_ASEReadCounter.table","NW_015090842.1:10243566",21,52,31
"LOC106888173","s1319_F_PIT_01_ASEReadCounter.table","NW_015090842.1:10243605",16,46,30
"LOC106888173","s1319_F_PIT_01_ASEReadCounter.table","NW_015090842.1:10243614",16,46,30
"LOC106888173","s1319_F_PIT_01_ASEReadCounter.table","NW_015090842.1:10243615",17,47,30
"LOC106888173","s1319_F_PIT_01_ASEReadCounter.table","NW_015090842.1:10243640",12,43,31
"LOC106888173","s1319_F_PIT_01_ASEReadCounter.table","NW_015090842.1:10243680",14,39,25
"LOC106888173","s1319_F_PIT_01_ASEReadCounter.table","NW_015090842.1:10243742",25,51,26
"LOC106888173","s1319_F_PIT_01_ASEReadCounter.table","NW_015090842.1:10243804",17,35,18
"LOC106888173","s1319_F_PIT_01_ASEReadCounter.table","NW_015090842.1:10243913",8,21,13
"LOC106888173","s1319_F_PIT_01_ASEReadCounter.table","NW_015090842.1:10243921",8,20,12
"LOC106888384","s1319_F_PIT_01_ASEReadCounter.table","NW_015090842.1:10244714",0,1,1
"LOC106888384","s1319_F_PIT_01_ASEReadCounter.table","NW_015090842.1:10244942",0,2,2
"LOC106888384","s1319_F_PIT_01_ASEReadCounter.table","NW_015090842.1:10244998",0,3,3
"LOC106888384","s1319_F_PIT_01_ASEReadCounter.table","NW_015090842.1:10250743",2,4,2
"LOC106888384","s1319_F_PIT_01_ASEReadCounter.table","NW_015090842.1:10250771",2,5,3
"LOC106888384","s1319_F_PIT_01_ASEReadCounter.table","NW_015090842.1:10251339",4,4,0
"LOC106888384","s1319_F_PIT_01_ASEReadCounter.table","NW_015090842.1:10251343",4,4,0
"LOC106888384","s1319_F_PIT_01_ASEReadCounter.table","NW_015090842.1:10251344",4,4,0
"LOC106888384","s1319_F_PIT_01_ASEReadCounter.table","NW_015090842.1:10251349",4,4,0
"LOC106888384","s1319_F_PIT_01_ASEReadCounter.table","NW_015090842.1:10251354",3,8,5
"LOC106888384","s1319_F_PIT_01_ASEReadCounter.table","NW_015090842.1:10251358",2,7,5
"LOC106888384","s1319_F_PIT_01_ASEReadCounter.table","NW_015090842.1:10251369",1,6,5
"LOC106888384","s1319_F_PIT_01_ASEReadCounter.table","NW_015090842.1:10251370",1,6,5
"LOC106888384","s1319_F_PIT_01_ASEReadCounter.table","NW_015090842.1:10251375",1,6,5
"LOC106888384","s1319_F_PIT_01_ASEReadCounter.table","NW_015090842.1:10251388",0,5,5
"LOC106888384","s1319_F_PIT_01_ASEReadCounter.table","NW_015090842.1:10251390",0,4,4
"LOC106888384","s1319_F_PIT_01_ASEReadCounter.table","NW_015090842.1:10251393",0,4,4
"LOC106888384","s1319_F_PIT_01_ASEReadCounter.table","NW_015090842.1:10251399",0,4,4
"LOC106888384","s1319_F_PIT_01_ASEReadCounter.table","NW_015090842.1:10251492",1,1,0
"LOC106888384","s1319_F_PIT_01_ASEReadCounter.table","NW_015090842.1:10253165",2,8,6
"LOC106888384","s1319_F_PIT_01_ASEReadCounter.table","NW_015090842.1:10253284",3,7,4
"LOC106888384","s1319_F_PIT_01_ASEReadCounter.table","NW_015090842.1:10254028",1,6,5
"LOC106888384","s1319_F_PIT_01_ASEReadCounter.table","NW_015090842.1:10254227",3,9,6
"LOC106888384","s1319_F_PIT_01_ASEReadCounter.table","NW_015090842.1:10254233",3,10,7
"LOC106888384","s1319_F_PIT_01_ASEReadCounter.table","NW_015090842.1:10254263",2,8,6
"LOC106888384","s1319_F_PIT_01_ASEReadCounter.table","NW_015090842.1:10254293",1,7,6
"LOC106888384","s1319_F_PIT_01_ASEReadCounter.table","NW_015090842.1:10254570",1,7,6
"LOC106888384","s1319_F_PIT_01_ASEReadCounter.table","NW_015090842.1:10254605",5,5,0
"LOC106888384","s1319_F_PIT_01_ASEReadCounter.table","NW_015090842.1:10254608",5,5,0
"LOC106888384","s1319_F_PIT_01_ASEReadCounter.table","NW_015090842.1:10254618",3,3,0
"LOC106888384","s1319_F_PIT_01_ASEReadCounter.table","NW_015090842.1:10254620",3,3,0
"LOC106888384","s1319_F_PIT_01_ASEReadCounter.table","NW_015090842.1:10254623",3,3,0
"LOC106888384","s1319_F_PIT_01_ASEReadCounter.table","NW_015090842.1:10254624",3,3,0
"LOC106888384","s1319_F_PIT_01_ASEReadCounter.table","NW_015090842.1:10254627",3,3,0
"LOC106888384","s1319_F_PIT_01_ASEReadCounter.table","NW_015090842.1:10254629",2,2,0
"LOC106888384","s1319_F_PIT_01_ASEReadCounter.table","NW_015090842.1:10254647",0,2,2
"LOC106888384","s1319_F_PIT_01_ASEReadCounter.table","NW_015090842.1:10254840",1,5,4
"LOC106888384","s1319_F_PIT_01_ASEReadCounter.table","NW_015090842.1:10254891",9,9,0
"LOC106888384","s1319_F_PIT_01_ASEReadCounter.table","NW_015090842.1:10254900",1,5,4
"LOC106888384","s1319_F_PIT_01_ASEReadCounter.table","NW_015090842.1:10254915",1,6,5
"LOC106888384","s1319_F_PIT_01_ASEReadCounter.table","NW_015090842.1:10254965",5,5,0
"LOC106888384","s1319_F_PIT_01_ASEReadCounter.table","NW_015090842.1:10254975",1,6,5
"LOC106888384","s1319_F_PIT_01_ASEReadCounter.table","NW_015090842.1:10255077",4,7,3
"LOC106888384","s1319_F_PIT_01_ASEReadCounter.table","NW_015090842.1:10255117",3,8,5
"LOC106888384","s1319_F_PIT_01_ASEReadCounter.table","NW_015090842.1:10255138",2,8,6
"LOC106888384","s1319_F_PIT_01_ASEReadCounter.table","NW_015090842.1:10255139",2,8,6
"LOC106888384","s1319_F_PIT_01_ASEReadCounter.table","NW_015090842.1:10255209",3,11,8
"LOC106888384","s1319_F_PIT_01_ASEReadCounter.table","NW_015090842.1:10255211",3,11,8
"LOC106888384","s1319_F_PIT_01_ASEReadCounter.table","NW_015090842.1:10255236",2,9,7
"LOC106888384","s1319_F_PIT_01_ASEReadCounter.table","NW_015090842.1:10255262",2,9,7
"LOC106888384","s1319_F_PIT_01_ASEReadCounter.table","NW_015090842.1:10255264",2,10,8
"LOC106888384","s1319_F_PIT_01_ASEReadCounter.table","NW_015090842.1:10255306",4,13,9
"LOC106888384","s1319_F_PIT_01_ASEReadCounter.table","NW_015090842.1:10255340",4,13,9
"LOC106888384","s1319_F_PIT_01_ASEReadCounter.table","NW_015090842.1:10255410",2,11,9
"LOC106888384","s1319_F_PIT_01_ASEReadCounter.table","NW_015090842.1:10255449",2,9,7
"LOC106888384","s1319_F_PIT_01_ASEReadCounter.table","NW_015090842.1:10255496",3,10,7
"LOC106888384","s1319_F_PIT_01_ASEReadCounter.table","NW_015090842.1:10255505",3,8,5
"LOC106888384","s1319_F_PIT_01_ASEReadCounter.table","NW_015090842.1:10255531",4,13,9
"LOC106888384","s1319_F_PIT_01_ASEReadCounter.table","NW_015090842.1:10255608",5,15,10
"LOC106888384","s1319_F_PIT_01_ASEReadCounter.table","NW_015090842.1:10255704",8,17,9
"LOC106888384","s1319_F_PIT_01_ASEReadCounter.table","NW_015090842.1:10255731",11,18,7
"LOC106888384","s1319_F_PIT_01_ASEReadCounter.table","NW_015090842.1:10255771",8,8,0
"TANGO6","s1319_F_PIT_01_ASEReadCounter.table","NW_015090842.1:10257782",4,12,8
"TANGO6","s1319_F_PIT_01_ASEReadCounter.table","NW_015090842.1:10258162",3,10,7
"TANGO6","s1319_F_PIT_01_ASEReadCounter.table","NW_015090842.1:10258185",4,12,8
"TANGO6","s1319_F_PIT_01_ASEReadCounter.table","NW_015090842.1:10259267",11,19,8
"TANGO6","s1319_F_PIT_01_ASEReadCounter.table","NW_015090842.1:10260250",22,33,11
"TANGO6","s1319_F_PIT_01_ASEReadCounter.table","NW_015090842.1:10260289",19,30,11
"TANGO6","s1319_F_PIT_01_ASEReadCounter.table","NW_015090842.1:10260309",10,20,10
"TANGO6","s1319_F_PIT_01_ASEReadCounter.table","NW_015090842.1:10260979",14,21,7
"TANGO6","s1319_F_PIT_01_ASEReadCounter.table","NW_015090842.1:10261599",15,28,13
"TANGO6","s1319_F_PIT_01_ASEReadCounter.table","NW_015090842.1:10268425",16,42,26
"TANGO6","s1319_F_PIT_01_ASEReadCounter.table","NW_015090842.1:10269831",15,30,15
"TANGO6","s1319_F_PIT_01_ASEReadCounter.table","NW_015090842.1:10270813",21,36,15
"TANGO6","s1319_F_PIT_01_ASEReadCounter.table","NW_015090842.1:10274018",9,21,12
"TANGO6","s1319_F_PIT_01_ASEReadCounter.table","NW_015090842.1:10275974",11,21,10
"TANGO6","s1319_F_PIT_01_ASEReadCounter.table","NW_015090842.1:10275976",11,21,10
"TANGO6","s1319_F_PIT_01_ASEReadCounter.table","NW_015090842.1:10276123",11,19,8
"TANGO6","s1319_F_PIT_01_ASEReadCounter.table","NW_015090842.1:10276271",15,28,13
"TANGO6","s1319_F_PIT_01_ASEReadCounter.table","NW_015090842.1:10276272",15,28,13
"TANGO6","s1319_F_PIT_01_ASEReadCounter.table","NW_015090842.1:10276275",16,29,13
"TANGO6","s1319_F_PIT_01_ASEReadCounter.table","NW_015090842.1:10276278",15,27,12
"TANGO6","s1319_F_PIT_01_ASEReadCounter.table","NW_015090842.1:10276368",8,14,6
"TANGO6","s1319_F_PIT_01_ASEReadCounter.table","NW_015090842.1:10276373",9,17,8
"TANGO6","s1319_F_PIT_01_ASEReadCounter.table","NW_015090842.1:10276630",11,22,11
"TANGO6","s1319_F_PIT_01_ASEReadCounter.table","NW_015090842.1:10281498",10,15,5
"TANGO6","s1319_F_PIT_01_ASEReadCounter.table","NW_015090842.1:10281516",11,16,5
"TANGO6","s1319_F_PIT_01_ASEReadCounter.table","NW_015090842.1:10282842",12,19,7
"TANGO6","s1319_F_PIT_01_ASEReadCounter.table","NW_015090842.1:10282863",7,12,5
"TANGO6","s1319_F_PIT_01_ASEReadCounter.table","NW_015090842.1:10282869",8,14,6
"TANGO6","s1319_F_PIT_01_ASEReadCounter.table","NW_015090842.1:10282903",7,17,10
"TANGO6","s1319_F_PIT_01_ASEReadCounter.table","NW_015090842.1:10283757",11,18,7
"TANGO6","s1319_F_PIT_01_ASEReadCounter.table","NW_015090842.1:10283785",11,19,8
"HAS3","s1319_F_PIT_01_ASEReadCounter.table","NW_015090842.1:10290375",1,1,0
"HAS3","s1319_F_PIT_01_ASEReadCounter.table","NW_015090842.1:10290927",2,2,0
"HAS3","s1319_F_PIT_01_ASEReadCounter.table","NW_015090842.1:10291004",1,1,0
"CHTF8","s1319_F_PIT_01_ASEReadCounter.table","NW_015090842.1:10291319",4,10,6
"CHTF8","s1319_F_PIT_01_ASEReadCounter.table","NW_015090842.1:10291491",43,55,12
"CHTF8","s1319_F_PIT_01_ASEReadCounter.table","NW_015090842.1:10291520",40,62,22
"CHTF8","s1319_F_PIT_01_ASEReadCounter.table","NW_015090842.1:10291593",36,66,30
"CHTF8","s1319_F_PIT_01_ASEReadCounter.table","NW_015090842.1:10291600",36,65,29
"CHTF8","s1319_F_PIT_01_ASEReadCounter.table","NW_015090842.1:10291609",33,65,32
"CHTF8","s1319_F_PIT_01_ASEReadCounter.table","NW_015090842.1:10291639",45,77,32
"CHTF8","s1319_F_PIT_01_ASEReadCounter.table","NW_015090842.1:10291641",44,76,32
"CHTF8","s1319_F_PIT_01_ASEReadCounter.table","NW_015090842.1:10291648",50,83,33
"CHTF8","s1319_F_PIT_01_ASEReadCounter.table","NW_015090842.1:10291656",50,82,32
"CHTF8","s1319_F_PIT_01_ASEReadCounter.table","NW_015090842.1:10291675",52,78,26
"CHTF8","s1319_F_PIT_01_ASEReadCounter.table","NW_015090842.1:10291696",49,77,28
"CHTF8","s1319_F_PIT_01_ASEReadCounter.table","NW_015090842.1:10291714",49,76,27
"CHTF8","s1319_F_PIT_01_ASEReadCounter.table","NW_015090842.1:10291732",51,81,30
"CHTF8","s1319_F_PIT_01_ASEReadCounter.table","NW_015090842.1:10291755",44,79,35
"CHTF8","s1319_F_PIT_01_ASEReadCounter.table","NW_015090842.1:10291756",45,78,33
"CHTF8","s1319_F_PIT_01_ASEReadCounter.table","NW_015090842.1:10291758",45,79,34
"CHTF8","s1319_F_PIT_01_ASEReadCounter.table","NW_015090842.1:10291792",53,88,35
"CHTF8","s1319_F_PIT_01_ASEReadCounter.table","NW_015090842.1:10291895",54,80,26
"CHTF8","s1319_F_PIT_01_ASEReadCounter.table","NW_015090842.1:10292132",48,75,27
"CHTF8","s1319_F_PIT_01_ASEReadCounter.table","NW_015090842.1:10292314",53,79,26
"CHTF8","s1319_F_PIT_01_ASEReadCounter.table","NW_015090842.1:10292317",54,81,27
"CHTF8","s1319_F_PIT_01_ASEReadCounter.table","NW_015090842.1:10292928",9,14,5
"UTP4","s1319_F_PIT_01_ASEReadCounter.table","NW_015090842.1:10293146",30,73,43
"UTP4","s1319_F_PIT_01_ASEReadCounter.table","NW_015090842.1:10293151",29,72,43
"UTP4","s1319_F_PIT_01_ASEReadCounter.table","NW_015090842.1:10293191",18,49,31
"UTP4","s1319_F_PIT_01_ASEReadCounter.table","NW_015090842.1:10293362",26,70,44
"UTP4","s1319_F_PIT_01_ASEReadCounter.table","NW_015090842.1:10293430",22,62,40
"UTP4","s1319_F_PIT_01_ASEReadCounter.table","NW_015090842.1:10293625",24,50,26
"UTP4","s1319_F_PIT_01_ASEReadCounter.table","NW_015090842.1:10293684",33,70,37
"UTP4","s1319_F_PIT_01_ASEReadCounter.table","NW_015090842.1:10294093",36,67,31
"UTP4","s1319_F_PIT_01_ASEReadCounter.table","NW_015090842.1:10294622",32,64,32
"UTP4","s1319_F_PIT_01_ASEReadCounter.table","NW_015090842.1:10294632",32,64,32
"UTP4","s1319_F_PIT_01_ASEReadCounter.table","NW_015090842.1:10295238",27,56,29
"UTP4","s1319_F_PIT_01_ASEReadCounter.table","NW_015090842.1:10295880",28,64,36
"UTP4","s1319_F_PIT_01_ASEReadCounter.table","NW_015090842.1:10295884",28,64,36
"UTP4","s1319_F_PIT_01_ASEReadCounter.table","NW_015090842.1:10295903",23,59,36
"UTP4","s1319_F_PIT_01_ASEReadCounter.table","NW_015090842.1:10295906",24,60,36
"UTP4","s1319_F_PIT_01_ASEReadCounter.table","NW_015090842.1:10295915",24,64,40
"UTP4","s1319_F_PIT_01_ASEReadCounter.table","NW_015090842.1:10295938",21,55,34
"UTP4","s1319_F_PIT_01_ASEReadCounter.table","NW_015090842.1:10296175",30,65,35
"UTP4","s1319_F_PIT_01_ASEReadCounter.table","NW_015090842.1:10296660",25,58,33
"UTP4","s1319_F_PIT_01_ASEReadCounter.table","NW_015090842.1:10296679",26,62,36
"UTP4","s1319_F_PIT_01_ASEReadCounter.table","NW_015090842.1:10297193",29,59,30
"UTP4","s1319_F_PIT_01_ASEReadCounter.table","NW_015090842.1:10297220",23,59,36
"UTP4","s1319_F_PIT_01_ASEReadCounter.table","NW_015090842.1:10297307",40,89,49
"UTP4","s1319_F_PIT_01_ASEReadCounter.table","NW_015090842.1:10297558",35,82,47
"UTP4","s1319_F_PIT_01_ASEReadCounter.table","NW_015090842.1:10297943",24,61,37
"UTP4","s1319_F_PIT_01_ASEReadCounter.table","NW_015090842.1:10297979",20,62,42
"UTP4","s1319_F_PIT_01_ASEReadCounter.table","NW_015090842.1:10298022",10,46,36
"UTP4","s1319_F_PIT_01_ASEReadCounter.table","NW_015090842.1:10298079",2,11,9
"UTP4","s1319_F_PIT_01_ASEReadCounter.table","NW_015090842.1:10298081",2,11,9
"UTP4","s1319_F_PIT_01_ASEReadCounter.table","NW_015090842.1:10298082",2,11,9
"SNTB2","s1319_F_PIT_01_ASEReadCounter.table","NW_015090842.1:10298905",3,8,5
"SNTB2","s1319_F_PIT_01_ASEReadCounter.table","NW_015090842.1:10298928",5,10,5
"SNTB2","s1319_F_PIT_01_ASEReadCounter.table","NW_015090842.1:10303506",17,43,26
"SNTB2","s1319_F_PIT_01_ASEReadCounter.table","NW_015090842.1:10303524",12,33,21
"SNTB2","s1319_F_PIT_01_ASEReadCounter.table","NW_015090842.1:10304059",14,30,16
"SNTB2","s1319_F_PIT_01_ASEReadCounter.table","NW_015090842.1:10304089",15,31,16
"SNTB2","s1319_F_PIT_01_ASEReadCounter.table","NW_015090842.1:10304167",17,32,15
"SNTB2","s1319_F_PIT_01_ASEReadCounter.table","NW_015090842.1:10304176",15,30,15
"SNTB2","s1319_F_PIT_01_ASEReadCounter.table","NW_015090842.1:10305069",12,26,14
"SNTB2","s1319_F_PIT_01_ASEReadCounter.table","NW_015090842.1:10305099",13,28,15
"SNTB2","s1319_F_PIT_01_ASEReadCounter.table","NW_015090842.1:10305171",24,40,16
"SNTB2","s1319_F_PIT_01_ASEReadCounter.table","NW_015090842.1:10305177",24,38,14
"SNTB2","s1319_F_PIT_01_ASEReadCounter.table","NW_015090842.1:10305451",21,34,13
"SNTB2","s1319_F_PIT_01_ASEReadCounter.table","NW_015090842.1:10305547",17,37,20
"SNTB2","s1319_F_PIT_01_ASEReadCounter.table","NW_015090842.1:10305847",15,29,14
"SNTB2","s1319_F_PIT_01_ASEReadCounter.table","NW_015090842.1:10306173",9,19,10
"SNTB2","s1319_F_PIT_01_ASEReadCounter.table","NW_015090842.1:10306275",10,19,9
"SNTB2","s1319_F_PIT_01_ASEReadCounter.table","NW_015090842.1:10306457",16,35,19
"SNTB2","s1319_F_PIT_01_ASEReadCounter.table","NW_015090842.1:10306496",14,29,15
"SNTB2","s1319_F_PIT_01_ASEReadCounter.table","NW_015090842.1:10306499",14,27,13
"VPS4A","s1319_F_PIT_01_ASEReadCounter.table","NW_015090842.1:10308566",127,285,158
"VPS4A","s1319_F_PIT_01_ASEReadCounter.table","NW_015090842.1:10308573",129,290,161
"VPS4A","s1319_F_PIT_01_ASEReadCounter.table","NW_015090842.1:10308856",182,430,248
"VPS4A","s1319_F_PIT_01_ASEReadCounter.table","NW_015090842.1:10309056",209,472,263
"VPS4A","s1319_F_PIT_01_ASEReadCounter.table","NW_015090842.1:10309089",256,520,264
"VPS4A","s1319_F_PIT_01_ASEReadCounter.table","NW_015090842.1:10309392",235,478,243
"VPS4A","s1319_F_PIT_01_ASEReadCounter.table","NW_015090842.1:10309413",241,498,257
"VPS4A","s1319_F_PIT_01_ASEReadCounter.table","NW_015090842.1:10309467",249,576,327
"VPS4A","s1319_F_PIT_01_ASEReadCounter.table","NW_015090842.1:10310230",280,597,317
"VPS4A","s1319_F_PIT_01_ASEReadCounter.table","NW_015090842.1:10310425",224,505,281
"VPS4A","s1319_F_PIT_01_ASEReadCounter.table","NW_015090842.1:10310639",252,556,304
"VPS4A","s1319_F_PIT_01_ASEReadCounter.table","NW_015090842.1:10310734",201,453,252
"VPS4A","s1319_F_PIT_01_ASEReadCounter.table","NW_015090842.1:10310737",207,461,254
"VPS4A","s1319_F_PIT_01_ASEReadCounter.table","NW_015090842.1:10310746",201,467,266
"VPS4A","s1319_F_PIT_01_ASEReadCounter.table","NW_015090842.1:10310767",194,462,268
"VPS4A","s1319_F_PIT_01_ASEReadCounter.table","NW_015090842.1:10310995",207,443,236
"VPS4A","s1319_F_PIT_01_ASEReadCounter.table","NW_015090842.1:10311004",198,427,229
"VPS4A","s1319_F_PIT_01_ASEReadCounter.table","NW_015090842.1:10311007",203,442,239
"VPS4A","s1319_F_PIT_01_ASEReadCounter.table","NW_015090842.1:10311013",217,455,238
"VPS4A","s1319_F_PIT_01_ASEReadCounter.table","NW_015090842.1:10311022",192,424,232
"VPS4A","s1319_F_PIT_01_ASEReadCounter.table","NW_015090842.1:10311023",194,425,231
"VPS4A","s1319_F_PIT_01_ASEReadCounter.table","NW_015090842.1:10311426",204,472,268
"VPS4A","s1319_F_PIT_01_ASEReadCounter.table","NW_015090842.1:10311489",5,14,9
"VPS4A","s1319_F_PIT_01_ASEReadCounter.table","NW_015090842.1:10311490",5,12,7
"VPS4A","s1319_F_PIT_01_ASEReadCounter.table","NW_015090842.1:10311525",11,22,11
"VPS4A","s1319_F_PIT_01_ASEReadCounter.table","NW_015090842.1:10311529",14,38,24
"VPS4A","s1319_F_PIT_01_ASEReadCounter.table","NW_015090842.1:10311530",14,41,27
"VPS4A","s1319_F_PIT_01_ASEReadCounter.table","NW_015090842.1:10311552",51,87,36
"VPS4A","s1319_F_PIT_01_ASEReadCounter.table","NW_015090842.1:10311689",44,85,41
"VPS4A","s1319_F_PIT_01_ASEReadCounter.table","NW_015090842.1:10311700",53,95,42
"VPS4A","s1319_F_PIT_01_ASEReadCounter.table","NW_015090842.1:10311701",53,97,44
"VPS4A","s1319_F_PIT_01_ASEReadCounter.table","NW_015090842.1:10311703",53,95,42
"COG8","s1319_F_PIT_01_ASEReadCounter.table","NW_015090842.1:10313487",19,57,38
"COG8","s1319_F_PIT_01_ASEReadCounter.table","NW_015090842.1:10313559",47,86,39
"COG8","s1319_F_PIT_01_ASEReadCounter.table","NW_015090842.1:10313579",41,72,31
"COG8","s1319_F_PIT_01_ASEReadCounter.table","NW_015090842.1:10313665",31,56,25
"COG8","s1319_F_PIT_01_ASEReadCounter.table","NW_015090842.1:10313681",27,57,30
"COG8","s1319_F_PIT_01_ASEReadCounter.table","NW_015090842.1:10313768",35,67,32
"COG8","s1319_F_PIT_01_ASEReadCounter.table","NW_015090842.1:10313775",37,69,32
"COG8","s1319_F_PIT_01_ASEReadCounter.table","NW_015090842.1:10313811",25,52,27
"COG8","s1319_F_PIT_01_ASEReadCounter.table","NW_015090842.1:10313858",19,50,31
"COG8","s1319_F_PIT_01_ASEReadCounter.table","NW_015090842.1:10314100",37,71,34
"COG8","s1319_F_PIT_01_ASEReadCounter.table","NW_015090842.1:10314213",40,67,27
"COG8","s1319_F_PIT_01_ASEReadCounter.table","NW_015090842.1:10315093",32,57,25
"COG8","s1319_F_PIT_01_ASEReadCounter.table","NW_015090842.1:10315162",31,65,34
"COG8","s1319_F_PIT_01_ASEReadCounter.table","NW_015090842.1:10315285",55,97,42
"COG8","s1319_F_PIT_01_ASEReadCounter.table","NW_015090842.1:10315360",31,59,28
"COG8","s1319_F_PIT_01_ASEReadCounter.table","NW_015090842.1:10315369",32,60,28
"COG8","s1319_F_PIT_01_ASEReadCounter.table","NW_015090842.1:10315504",15,40,25
"COG8","s1319_F_PIT_01_ASEReadCounter.table","NW_015090842.1:10315508",18,43,25
"COG8","s1319_F_PIT_01_ASEReadCounter.table","NW_015090842.1:10315624",27,54,27
"COG8","s1319_F_PIT_01_ASEReadCounter.table","NW_015090842.1:10315693",28,55,27
"COG8","s1319_F_PIT_01_ASEReadCounter.table","NW_015090842.1:10315698",21,49,28
"COG8","s1319_F_PIT_01_ASEReadCounter.table","NW_015090842.1:10315768",17,37,20
"COG8","s1319_F_PIT_01_ASEReadCounter.table","NW_015090842.1:10315769",17,36,19
"COG8","s1319_F_PIT_01_ASEReadCounter.table","NW_015090842.1:10315784",22,41,19
"COG8","s1319_F_PIT_01_ASEReadCounter.table","NW_015090842.1:10316093",27,67,40
"COG8","s1319_F_PIT_01_ASEReadCounter.table","NW_015090842.1:10316133",20,50,30
"NIP7","s1319_F_PIT_01_ASEReadCounter.table","NW_015090842.1:10316759",36,72,36
"NIP7","s1319_F_PIT_01_ASEReadCounter.table","NW_015090842.1:10316967",204,391,187
"NIP7","s1319_F_PIT_01_ASEReadCounter.table","NW_015090842.1:10316995",230,434,204
"NIP7","s1319_F_PIT_01_ASEReadCounter.table","NW_015090842.1:10317240",287,573,286
"NIP7","s1319_F_PIT_01_ASEReadCounter.table","NW_015090842.1:10317247",279,552,273
"NIP7","s1319_F_PIT_01_ASEReadCounter.table","NW_015090842.1:10317264",273,533,260
"NIP7","s1319_F_PIT_01_ASEReadCounter.table","NW_015090842.1:10317433",305,591,286
"NIP7","s1319_F_PIT_01_ASEReadCounter.table","NW_015090842.1:10317738",201,431,230
"NIP7","s1319_F_PIT_01_ASEReadCounter.table","NW_015090842.1:10317769",201,423,222
"NIP7","s1319_F_PIT_01_ASEReadCounter.table","NW_015090842.1:10317808",111,283,172
"NIP7","s1319_F_PIT_01_ASEReadCounter.table","NW_015090842.1:10317870",77,200,123
"NIP7","s1319_F_PIT_01_ASEReadCounter.table","NW_015090842.1:10317871",78,199,121
"NIP7","s1319_F_PIT_01_ASEReadCounter.table","NW_015090842.1:10317898",45,126,81
"NIP7","s1319_F_PIT_01_ASEReadCounter.table","NW_015090842.1:10317911",42,108,66
"TMED6","s1319_F_PIT_01_ASEReadCounter.table","NW_015090842.1:10318731",5,6,1
"TERF2","s1319_F_PIT_01_ASEReadCounter.table","NW_015090842.1:10321665",3,7,4
"TERF2","s1319_F_PIT_01_ASEReadCounter.table","NW_015090842.1:10321768",34,63,29
"TERF2","s1319_F_PIT_01_ASEReadCounter.table","NW_015090842.1:10321777",30,56,26
"TERF2","s1319_F_PIT_01_ASEReadCounter.table","NW_015090842.1:10321805",24,52,28
"TERF2","s1319_F_PIT_01_ASEReadCounter.table","NW_015090842.1:10321878",31,75,44
"TERF2","s1319_F_PIT_01_ASEReadCounter.table","NW_015090842.1:10321893",33,76,43
"TERF2","s1319_F_PIT_01_ASEReadCounter.table","NW_015090842.1:10321897",33,72,39
"TERF2","s1319_F_PIT_01_ASEReadCounter.table","NW_015090842.1:10321908",32,70,38
"TERF2","s1319_F_PIT_01_ASEReadCounter.table","NW_015090842.1:10322001",32,87,55
"TERF2","s1319_F_PIT_01_ASEReadCounter.table","NW_015090842.1:10322035",33,78,45
"TERF2","s1319_F_PIT_01_ASEReadCounter.table","NW_015090842.1:10322051",32,84,52
"TERF2","s1319_F_PIT_01_ASEReadCounter.table","NW_015090842.1:10322137",19,64,45
"TERF2","s1319_F_PIT_01_ASEReadCounter.table","NW_015090842.1:10322144",18,61,43
"TERF2","s1319_F_PIT_01_ASEReadCounter.table","NW_015090842.1:10322388",34,80,46
"TERF2","s1319_F_PIT_01_ASEReadCounter.table","NW_015090842.1:10322396",37,79,42
"TERF2","s1319_F_PIT_01_ASEReadCounter.table","NW_015090842.1:10322502",35,94,59
"TERF2","s1319_F_PIT_01_ASEReadCounter.table","NW_015090842.1:10322504",36,98,62
"TERF2","s1319_F_PIT_01_ASEReadCounter.table","NW_015090842.1:10322510",35,102,67
"TERF2","s1319_F_PIT_01_ASEReadCounter.table","NW_015090842.1:10323580",35,99,64
"TERF2","s1319_F_PIT_01_ASEReadCounter.table","NW_015090842.1:10324314",26,79,53
"TERF2","s1319_F_PIT_01_ASEReadCounter.table","NW_015090842.1:10326832",27,79,52
"TERF2","s1319_F_PIT_01_ASEReadCounter.table","NW_015090842.1:10327787",26,58,32
"TERF2","s1319_F_PIT_01_ASEReadCounter.table","NW_015090842.1:10328588",26,78,52
"TERF2","s1319_F_PIT_01_ASEReadCounter.table","NW_015090842.1:10328644",23,71,48
"TERF2","s1319_F_PIT_01_ASEReadCounter.table","NW_015090842.1:10329813",19,66,47
"TERF2","s1319_F_PIT_01_ASEReadCounter.table","NW_015090842.1:10330749",26,57,31
"TERF2","s1319_F_PIT_01_ASEReadCounter.table","NW_015090842.1:10330789",27,55,28
"CYB5B","s1319_F_PIT_01_ASEReadCounter.table","NW_015090842.1:10336595",4,22,18
"CYB5B","s1319_F_PIT_01_ASEReadCounter.table","NW_015090842.1:10336667",121,264,143
"CYB5B","s1319_F_PIT_01_ASEReadCounter.table","NW_015090842.1:10336689",171,392,221
"CYB5B","s1319_F_PIT_01_ASEReadCounter.table","NW_015090842.1:10336728",237,555,318
"CYB5B","s1319_F_PIT_01_ASEReadCounter.table","NW_015090842.1:10345068",250,576,326
"CYB5B","s1319_F_PIT_01_ASEReadCounter.table","NW_015090842.1:10348800",277,671,394
"CYB5B","s1319_F_PIT_01_ASEReadCounter.table","NW_015090842.1:10348888",230,558,328
"CYB5B","s1319_F_PIT_01_ASEReadCounter.table","NW_015090842.1:10349046",237,499,262
"CYB5B","s1319_F_PIT_01_ASEReadCounter.table","NW_015090842.1:10349119",118,393,275
"CYB5B","s1319_F_PIT_01_ASEReadCounter.table","NW_015090842.1:10349146",63,345,282
"CYB5B","s1319_F_PIT_01_ASEReadCounter.table","NW_015090842.1:10349157",107,401,294
