"gene","id","snp","ref_count","total_count","alt_count"
"CENPN","s1337_F_LS_02_ASEReadCounter.table","NW_015090842.1:5801655",0,3,3
"CENPN","s1337_F_LS_02_ASEReadCounter.table","NW_015090842.1:5801662",1,4,3
"CENPN","s1337_F_LS_02_ASEReadCounter.table","NW_015090842.1:5801670",1,4,3
"CENPN","s1337_F_LS_02_ASEReadCounter.table","NW_015090842.1:5801674",1,4,3
"CENPN","s1337_F_LS_02_ASEReadCounter.table","NW_015090842.1:5801692",1,3,2
"CENPN","s1337_F_LS_02_ASEReadCounter.table","NW_015090842.1:5801697",1,3,2
"CENPN","s1337_F_LS_02_ASEReadCounter.table","NW_015090842.1:5802008",0,1,1
"CENPN","s1337_F_LS_02_ASEReadCounter.table","NW_015090842.1:5802012",0,1,1
"CENPN","s1337_F_LS_02_ASEReadCounter.table","NW_015090842.1:5802087",0,6,6
"CENPN","s1337_F_LS_02_ASEReadCounter.table","NW_015090842.1:5810113",5,5,0
"CENPN","s1337_F_LS_02_ASEReadCounter.table","NW_015090842.1:5810147",14,14,0
"CENPN","s1337_F_LS_02_ASEReadCounter.table","NW_015090842.1:5810148",14,14,0
"ATMIN","s1337_F_LS_02_ASEReadCounter.table","NW_015090842.1:5818789",3,4,1
"ATMIN","s1337_F_LS_02_ASEReadCounter.table","NW_015090842.1:5819958",0,1,1
"ATMIN","s1337_F_LS_02_ASEReadCounter.table","NW_015090842.1:5820004",0,1,1
"ATMIN","s1337_F_LS_02_ASEReadCounter.table","NW_015090842.1:5820217",4,6,2
"ATMIN","s1337_F_LS_02_ASEReadCounter.table","NW_015090842.1:5820250",3,4,1
"ATMIN","s1337_F_LS_02_ASEReadCounter.table","NW_015090842.1:5820298",2,4,2
"ATMIN","s1337_F_LS_02_ASEReadCounter.table","NW_015090842.1:5820417",1,3,2
"ATMIN","s1337_F_LS_02_ASEReadCounter.table","NW_015090842.1:5820421",3,5,2
"ATMIN","s1337_F_LS_02_ASEReadCounter.table","NW_015090842.1:5820448",3,6,3
"ATMIN","s1337_F_LS_02_ASEReadCounter.table","NW_015090842.1:5820457",3,5,2
"ATMIN","s1337_F_LS_02_ASEReadCounter.table","NW_015090842.1:5820510",3,4,1
"ATMIN","s1337_F_LS_02_ASEReadCounter.table","NW_015090842.1:5820673",1,2,1
"ATMIN","s1337_F_LS_02_ASEReadCounter.table","NW_015090842.1:5820754",1,4,3
"ATMIN","s1337_F_LS_02_ASEReadCounter.table","NW_015090842.1:5820820",1,6,5
"ATMIN","s1337_F_LS_02_ASEReadCounter.table","NW_015090842.1:5820865",0,3,3
"ATMIN","s1337_F_LS_02_ASEReadCounter.table","NW_015090842.1:5820889",1,5,4
"ATMIN","s1337_F_LS_02_ASEReadCounter.table","NW_015090842.1:5820891",1,5,4
"ATMIN","s1337_F_LS_02_ASEReadCounter.table","NW_015090842.1:5820997",0,1,1
"ATMIN","s1337_F_LS_02_ASEReadCounter.table","NW_015090842.1:5821063",0,1,1
"ATMIN","s1337_F_LS_02_ASEReadCounter.table","NW_015090842.1:5821132",0,4,4
"ATMIN","s1337_F_LS_02_ASEReadCounter.table","NW_015090842.1:5821645",1,4,3
"ATMIN","s1337_F_LS_02_ASEReadCounter.table","NW_015090842.1:5825066",9,13,4
"ATMIN","s1337_F_LS_02_ASEReadCounter.table","NW_015090842.1:5825106",5,14,9
"ATMIN","s1337_F_LS_02_ASEReadCounter.table","NW_015090842.1:5825122",4,17,13
"ATMIN","s1337_F_LS_02_ASEReadCounter.table","NW_015090842.1:5825178",9,23,14
"ATMIN","s1337_F_LS_02_ASEReadCounter.table","NW_015090842.1:5825194",11,23,12
"ATMIN","s1337_F_LS_02_ASEReadCounter.table","NW_015090842.1:5825195",11,23,12
"ATMIN","s1337_F_LS_02_ASEReadCounter.table","NW_015090842.1:5825220",11,18,7
"ATMIN","s1337_F_LS_02_ASEReadCounter.table","NW_015090842.1:5825240",10,19,9
"ATMIN","s1337_F_LS_02_ASEReadCounter.table","NW_015090842.1:5825303",14,28,14
"ATMIN","s1337_F_LS_02_ASEReadCounter.table","NW_015090842.1:5825304",14,28,14
"ATMIN","s1337_F_LS_02_ASEReadCounter.table","NW_015090842.1:5825310",13,27,14
"ATMIN","s1337_F_LS_02_ASEReadCounter.table","NW_015090842.1:5825406",11,30,19
"ATMIN","s1337_F_LS_02_ASEReadCounter.table","NW_015090842.1:5825415",10,27,17
"ATMIN","s1337_F_LS_02_ASEReadCounter.table","NW_015090842.1:5825438",8,27,19
"ATMIN","s1337_F_LS_02_ASEReadCounter.table","NW_015090842.1:5825485",4,19,15
"ATMIN","s1337_F_LS_02_ASEReadCounter.table","NW_015090842.1:5825524",9,25,16
"ATMIN","s1337_F_LS_02_ASEReadCounter.table","NW_015090842.1:5825557",13,30,17
"ATMIN","s1337_F_LS_02_ASEReadCounter.table","NW_015090842.1:5825571",14,31,17
"ATMIN","s1337_F_LS_02_ASEReadCounter.table","NW_015090842.1:5825579",15,32,17
"ATMIN","s1337_F_LS_02_ASEReadCounter.table","NW_015090842.1:5825590",17,30,13
"ATMIN","s1337_F_LS_02_ASEReadCounter.table","NW_015090842.1:5825689",19,44,25
"ATMIN","s1337_F_LS_02_ASEReadCounter.table","NW_015090842.1:5825703",19,45,26
"ATMIN","s1337_F_LS_02_ASEReadCounter.table","NW_015090842.1:5825787",18,36,18
"ATMIN","s1337_F_LS_02_ASEReadCounter.table","NW_015090842.1:5825833",21,46,25
"ATMIN","s1337_F_LS_02_ASEReadCounter.table","NW_015090842.1:5825841",19,44,25
"ATMIN","s1337_F_LS_02_ASEReadCounter.table","NW_015090842.1:5825895",27,54,27
"ATMIN","s1337_F_LS_02_ASEReadCounter.table","NW_015090842.1:5825984",21,47,26
"ATMIN","s1337_F_LS_02_ASEReadCounter.table","NW_015090842.1:5826162",28,63,35
"ATMIN","s1337_F_LS_02_ASEReadCounter.table","NW_015090842.1:5826194",31,71,40
"ATMIN","s1337_F_LS_02_ASEReadCounter.table","NW_015090842.1:5826235",29,64,35
"ATMIN","s1337_F_LS_02_ASEReadCounter.table","NW_015090842.1:5826245",25,59,34
"ATMIN","s1337_F_LS_02_ASEReadCounter.table","NW_015090842.1:5826335",16,45,29
"ATMIN","s1337_F_LS_02_ASEReadCounter.table","NW_015090842.1:5826417",33,67,34
"ATMIN","s1337_F_LS_02_ASEReadCounter.table","NW_015090842.1:5826431",23,66,43
"ATMIN","s1337_F_LS_02_ASEReadCounter.table","NW_015090842.1:5826438",24,56,32
"ATMIN","s1337_F_LS_02_ASEReadCounter.table","NW_015090842.1:5826463",28,81,53
"ATMIN","s1337_F_LS_02_ASEReadCounter.table","NW_015090842.1:5826502",29,87,58
"ATMIN","s1337_F_LS_02_ASEReadCounter.table","NW_015090842.1:5826511",33,92,59
"ATMIN","s1337_F_LS_02_ASEReadCounter.table","NW_015090842.1:5826659",40,88,48
"ATMIN","s1337_F_LS_02_ASEReadCounter.table","NW_015090842.1:5826701",43,97,54
"ATMIN","s1337_F_LS_02_ASEReadCounter.table","NW_015090842.1:5826702",44,100,56
"ATMIN","s1337_F_LS_02_ASEReadCounter.table","NW_015090842.1:5826732",47,104,57
"ATMIN","s1337_F_LS_02_ASEReadCounter.table","NW_015090842.1:5826745",45,106,61
"ATMIN","s1337_F_LS_02_ASEReadCounter.table","NW_015090842.1:5826835",50,113,63
"ATMIN","s1337_F_LS_02_ASEReadCounter.table","NW_015090842.1:5826942",43,103,60
"ATMIN","s1337_F_LS_02_ASEReadCounter.table","NW_015090842.1:5827193",66,161,95
"ATMIN","s1337_F_LS_02_ASEReadCounter.table","NW_015090842.1:5827196",64,162,98
"ATMIN","s1337_F_LS_02_ASEReadCounter.table","NW_015090842.1:5827269",76,168,92
"ATMIN","s1337_F_LS_02_ASEReadCounter.table","NW_015090842.1:5827315",64,136,72
"ATMIN","s1337_F_LS_02_ASEReadCounter.table","NW_015090842.1:5827316",64,138,74
"ATMIN","s1337_F_LS_02_ASEReadCounter.table","NW_015090842.1:5827333",64,139,75
"PPP1R3E","s1337_F_LS_02_ASEReadCounter.table","NW_015090842.1:5837733",2,5,3
"PPP1R3E","s1337_F_LS_02_ASEReadCounter.table","NW_015090842.1:5837947",1,1,0
"PKD1L2","s1337_F_LS_02_ASEReadCounter.table","NW_015090842.1:5867597",0,1,1
"PKD1L2","s1337_F_LS_02_ASEReadCounter.table","NW_015090842.1:5867600",0,1,1
"PKD1L2","s1337_F_LS_02_ASEReadCounter.table","NW_015090842.1:5867843",1,1,0
"BCO1","s1337_F_LS_02_ASEReadCounter.table","NW_015090842.1:5915610",3,3,0
"BCO1","s1337_F_LS_02_ASEReadCounter.table","NW_015090842.1:5915646",2,2,0
"BCO1","s1337_F_LS_02_ASEReadCounter.table","NW_015090842.1:5917836",1,1,0
"BCO1","s1337_F_LS_02_ASEReadCounter.table","NW_015090842.1:5917912",2,2,0
"BCO1","s1337_F_LS_02_ASEReadCounter.table","NW_015090842.1:5917941",1,1,0
"BCO1","s1337_F_LS_02_ASEReadCounter.table","NW_015090842.1:5917971",1,1,0
"BCO1","s1337_F_LS_02_ASEReadCounter.table","NW_015090842.1:5921679",5,5,0
"BCO1","s1337_F_LS_02_ASEReadCounter.table","NW_015090842.1:5921726",6,6,0
"BCO1","s1337_F_LS_02_ASEReadCounter.table","NW_015090842.1:5925669",2,2,0
"BCO1","s1337_F_LS_02_ASEReadCounter.table","NW_015090842.1:5926937",0,4,4
"BCO1","s1337_F_LS_02_ASEReadCounter.table","NW_015090842.1:5927921",4,5,1
"BCO1","s1337_F_LS_02_ASEReadCounter.table","NW_015090842.1:5927948",4,7,3
"BCO1","s1337_F_LS_02_ASEReadCounter.table","NW_015090842.1:5927968",5,8,3
"BCO1","s1337_F_LS_02_ASEReadCounter.table","NW_015090842.1:5928052",4,4,0
"BCO1","s1337_F_LS_02_ASEReadCounter.table","NW_015090842.1:5932726",4,6,2
"BCO1","s1337_F_LS_02_ASEReadCounter.table","NW_015090842.1:5932801",2,3,1
"BCO1","s1337_F_LS_02_ASEReadCounter.table","NW_015090842.1:5934558",9,12,3
"BCO1","s1337_F_LS_02_ASEReadCounter.table","NW_015090842.1:5934575",9,13,4
"BCO1","s1337_F_LS_02_ASEReadCounter.table","NW_015090842.1:5934608",10,15,5
"BCO1","s1337_F_LS_02_ASEReadCounter.table","NW_015090842.1:5934647",10,14,4
"BCO1","s1337_F_LS_02_ASEReadCounter.table","NW_015090842.1:5934725",7,11,4
"BCO1","s1337_F_LS_02_ASEReadCounter.table","NW_015090842.1:5934726",6,10,4
"BCO1","s1337_F_LS_02_ASEReadCounter.table","NW_015090842.1:5934733",8,13,5
"BCO1","s1337_F_LS_02_ASEReadCounter.table","NW_015090842.1:5934821",15,20,5
"BCO1","s1337_F_LS_02_ASEReadCounter.table","NW_015090842.1:5934826",14,19,5
"BCO1","s1337_F_LS_02_ASEReadCounter.table","NW_015090842.1:5934844",9,13,4
"BCO1","s1337_F_LS_02_ASEReadCounter.table","NW_015090842.1:5934958",14,19,5
"BCO1","s1337_F_LS_02_ASEReadCounter.table","NW_015090842.1:5934976",12,16,4
"GAN","s1337_F_LS_02_ASEReadCounter.table","NW_015090842.1:5939249",0,1,1
"GAN","s1337_F_LS_02_ASEReadCounter.table","NW_015090842.1:5953759",4,17,13
"GAN","s1337_F_LS_02_ASEReadCounter.table","NW_015090842.1:5957502",7,22,15
"GAN","s1337_F_LS_02_ASEReadCounter.table","NW_015090842.1:5957578",11,35,24
"GAN","s1337_F_LS_02_ASEReadCounter.table","NW_015090842.1:5966047",21,60,39
"GAN","s1337_F_LS_02_ASEReadCounter.table","NW_015090842.1:5966126",19,69,50
"GAN","s1337_F_LS_02_ASEReadCounter.table","NW_015090842.1:5966127",19,69,50
"GAN","s1337_F_LS_02_ASEReadCounter.table","NW_015090842.1:5966162",33,90,57
"GAN","s1337_F_LS_02_ASEReadCounter.table","NW_015090842.1:5966483",86,200,114
"CMIP","s1337_F_LS_02_ASEReadCounter.table","NW_015090842.1:6109159",7,15,8
"CMIP","s1337_F_LS_02_ASEReadCounter.table","NW_015090842.1:6109166",11,17,6
"CMIP","s1337_F_LS_02_ASEReadCounter.table","NW_015090842.1:6114641",14,27,13
"CMIP","s1337_F_LS_02_ASEReadCounter.table","NW_015090842.1:6114751",14,24,10
"CMIP","s1337_F_LS_02_ASEReadCounter.table","NW_015090842.1:6114824",6,20,14
"CMIP","s1337_F_LS_02_ASEReadCounter.table","NW_015090842.1:6126295",58,59,1
"CMIP","s1337_F_LS_02_ASEReadCounter.table","NW_015090842.1:6128998",31,65,34
"CMIP","s1337_F_LS_02_ASEReadCounter.table","NW_015090842.1:6130562",39,82,43
"CMIP","s1337_F_LS_02_ASEReadCounter.table","NW_015090842.1:6132522",51,115,64
"CMIP","s1337_F_LS_02_ASEReadCounter.table","NW_015090842.1:6138265",126,434,308
"CMIP","s1337_F_LS_02_ASEReadCounter.table","NW_015090842.1:6138300",116,431,315
"CMIP","s1337_F_LS_02_ASEReadCounter.table","NW_015090842.1:6138342",89,336,247
"CMIP","s1337_F_LS_02_ASEReadCounter.table","NW_015090842.1:6138343",91,340,249
"CMIP","s1337_F_LS_02_ASEReadCounter.table","NW_015090842.1:6138345",90,338,248
"CMIP","s1337_F_LS_02_ASEReadCounter.table","NW_015090842.1:6138647",68,181,113
"CMIP","s1337_F_LS_02_ASEReadCounter.table","NW_015090842.1:6138745",81,187,106
"CMIP","s1337_F_LS_02_ASEReadCounter.table","NW_015090842.1:6138832",16,69,53
"CMIP","s1337_F_LS_02_ASEReadCounter.table","NW_015090842.1:6138967",62,169,107
"CMIP","s1337_F_LS_02_ASEReadCounter.table","NW_015090842.1:6139131",44,103,59
"CMIP","s1337_F_LS_02_ASEReadCounter.table","NW_015090842.1:6139163",5,67,62
"CMIP","s1337_F_LS_02_ASEReadCounter.table","NW_015090842.1:6139212",157,165,8
"CMIP","s1337_F_LS_02_ASEReadCounter.table","NW_015090842.1:6139360",53,98,45
"CMIP","s1337_F_LS_02_ASEReadCounter.table","NW_015090842.1:6139572",34,80,46
"PLCG2","s1337_F_LS_02_ASEReadCounter.table","NW_015090842.1:6179613",2,3,1
"PLCG2","s1337_F_LS_02_ASEReadCounter.table","NW_015090842.1:6179658",3,8,5
"PLCG2","s1337_F_LS_02_ASEReadCounter.table","NW_015090842.1:6203766",0,1,1
"PLCG2","s1337_F_LS_02_ASEReadCounter.table","NW_015090842.1:6203775",0,1,1
"PLCG2","s1337_F_LS_02_ASEReadCounter.table","NW_015090842.1:6203787",1,2,1
"PLCG2","s1337_F_LS_02_ASEReadCounter.table","NW_015090842.1:6209741",1,1,0
"PLCG2","s1337_F_LS_02_ASEReadCounter.table","NW_015090842.1:6209798",2,2,0
"PLCG2","s1337_F_LS_02_ASEReadCounter.table","NW_015090842.1:6209816",2,2,0
"PLCG2","s1337_F_LS_02_ASEReadCounter.table","NW_015090842.1:6217547",0,1,1
"PLCG2","s1337_F_LS_02_ASEReadCounter.table","NW_015090842.1:6218641",0,1,1
"PLCG2","s1337_F_LS_02_ASEReadCounter.table","NW_015090842.1:6220552",0,3,3
"PLCG2","s1337_F_LS_02_ASEReadCounter.table","NW_015090842.1:6221969",0,3,3
"PLCG2","s1337_F_LS_02_ASEReadCounter.table","NW_015090842.1:6228672",1,1,0
"PLCG2","s1337_F_LS_02_ASEReadCounter.table","NW_015090842.1:6228835",1,2,1
"PLCG2","s1337_F_LS_02_ASEReadCounter.table","NW_015090842.1:6228841",1,2,1
"PLCG2","s1337_F_LS_02_ASEReadCounter.table","NW_015090842.1:6228865",1,2,1
"PLCG2","s1337_F_LS_02_ASEReadCounter.table","NW_015090842.1:6228917",0,1,1
"PLCG2","s1337_F_LS_02_ASEReadCounter.table","NW_015090842.1:6228926",0,1,1
"PLCG2","s1337_F_LS_02_ASEReadCounter.table","NW_015090842.1:6228954",0,1,1
"PLCG2","s1337_F_LS_02_ASEReadCounter.table","NW_015090842.1:6229081",0,1,1
"PLCG2","s1337_F_LS_02_ASEReadCounter.table","NW_015090842.1:6229097",0,1,1
"PLCG2","s1337_F_LS_02_ASEReadCounter.table","NW_015090842.1:6229160",1,2,1
"PLCG2","s1337_F_LS_02_ASEReadCounter.table","NW_015090842.1:6229213",2,2,0
"PLCG2","s1337_F_LS_02_ASEReadCounter.table","NW_015090842.1:6229231",2,2,0
"PLCG2","s1337_F_LS_02_ASEReadCounter.table","NW_015090842.1:6230248",2,2,0
"PLCG2","s1337_F_LS_02_ASEReadCounter.table","NW_015090842.1:6230255",1,1,0
"PLCG2","s1337_F_LS_02_ASEReadCounter.table","NW_015090842.1:6230276",2,2,0
"PLCG2","s1337_F_LS_02_ASEReadCounter.table","NW_015090842.1:6230349",3,3,0
"PLCG2","s1337_F_LS_02_ASEReadCounter.table","NW_015090842.1:6230408",4,4,0
"PLCG2","s1337_F_LS_02_ASEReadCounter.table","NW_015090842.1:6230439",2,2,0
"PLCG2","s1337_F_LS_02_ASEReadCounter.table","NW_015090842.1:6230757",1,1,0
"PLCG2","s1337_F_LS_02_ASEReadCounter.table","NW_015090842.1:6230758",1,1,0
"PLCG2","s1337_F_LS_02_ASEReadCounter.table","NW_015090842.1:6230898",1,1,0
"PLCG2","s1337_F_LS_02_ASEReadCounter.table","NW_015090842.1:6230976",4,4,0
"PLCG2","s1337_F_LS_02_ASEReadCounter.table","NW_015090842.1:6231078",3,4,1
"PLCG2","s1337_F_LS_02_ASEReadCounter.table","NW_015090842.1:6231138",5,5,0
"PLCG2","s1337_F_LS_02_ASEReadCounter.table","NW_015090842.1:6231177",4,4,0
"PLCG2","s1337_F_LS_02_ASEReadCounter.table","NW_015090842.1:6231263",3,3,0
"SDR42E1","s1337_F_LS_02_ASEReadCounter.table","NW_015090842.1:6235292",0,5,5
"SDR42E1","s1337_F_LS_02_ASEReadCounter.table","NW_015090842.1:6235315",0,10,10
"SDR42E1","s1337_F_LS_02_ASEReadCounter.table","NW_015090842.1:6235348",1,10,9
"SDR42E1","s1337_F_LS_02_ASEReadCounter.table","NW_015090842.1:6235355",1,10,9
"SDR42E1","s1337_F_LS_02_ASEReadCounter.table","NW_015090842.1:6235417",1,6,5
"SDR42E1","s1337_F_LS_02_ASEReadCounter.table","NW_015090842.1:6235558",4,12,8
"SDR42E1","s1337_F_LS_02_ASEReadCounter.table","NW_015090842.1:6235741",4,8,4
"SDR42E1","s1337_F_LS_02_ASEReadCounter.table","NW_015090842.1:6235777",5,9,4
"SDR42E1","s1337_F_LS_02_ASEReadCounter.table","NW_015090842.1:6235806",6,11,5
"SDR42E1","s1337_F_LS_02_ASEReadCounter.table","NW_015090842.1:6235809",6,12,6
"SDR42E1","s1337_F_LS_02_ASEReadCounter.table","NW_015090842.1:6235816",6,11,5
"SDR42E1","s1337_F_LS_02_ASEReadCounter.table","NW_015090842.1:6235914",1,6,5
"SDR42E1","s1337_F_LS_02_ASEReadCounter.table","NW_015090842.1:6235935",1,5,4
"SDR42E1","s1337_F_LS_02_ASEReadCounter.table","NW_015090842.1:6235957",2,5,3
"SDR42E1","s1337_F_LS_02_ASEReadCounter.table","NW_015090842.1:6236040",0,5,5
"SDR42E1","s1337_F_LS_02_ASEReadCounter.table","NW_015090842.1:6236260",0,3,3
"SDR42E1","s1337_F_LS_02_ASEReadCounter.table","NW_015090842.1:6236281",1,3,2
"SDR42E1","s1337_F_LS_02_ASEReadCounter.table","NW_015090842.1:6236305",3,5,2
"SDR42E1","s1337_F_LS_02_ASEReadCounter.table","NW_015090842.1:6236458",0,1,1
"SDR42E1","s1337_F_LS_02_ASEReadCounter.table","NW_015090842.1:6236476",0,1,1
"SDR42E1","s1337_F_LS_02_ASEReadCounter.table","NW_015090842.1:6236608",0,4,4
"HSD17B2","s1337_F_LS_02_ASEReadCounter.table","NW_015090842.1:6268203",0,1,1
"ARY2","s1337_F_LS_02_ASEReadCounter.table","NW_015090842.1:6303922",9,14,5
"ARY2","s1337_F_LS_02_ASEReadCounter.table","NW_015090842.1:6303954",11,14,3
"ARY2","s1337_F_LS_02_ASEReadCounter.table","NW_015090842.1:6303979",11,16,5
"ARY2","s1337_F_LS_02_ASEReadCounter.table","NW_015090842.1:6305848",11,15,4
"ARY2","s1337_F_LS_02_ASEReadCounter.table","NW_015090842.1:6305856",11,16,5
"ARY2","s1337_F_LS_02_ASEReadCounter.table","NW_015090842.1:6305857",11,15,4
"ARY2","s1337_F_LS_02_ASEReadCounter.table","NW_015090842.1:6306017",6,12,6
"ARY2","s1337_F_LS_02_ASEReadCounter.table","NW_015090842.1:6306052",8,14,6
"ARY2","s1337_F_LS_02_ASEReadCounter.table","NW_015090842.1:6306094",13,23,10
"ARY2","s1337_F_LS_02_ASEReadCounter.table","NW_015090842.1:6306100",14,24,10
"ARY2","s1337_F_LS_02_ASEReadCounter.table","NW_015090842.1:6306146",11,19,8
"ARY2","s1337_F_LS_02_ASEReadCounter.table","NW_015090842.1:6306147",11,19,8
"ARY2","s1337_F_LS_02_ASEReadCounter.table","NW_015090842.1:6306390",12,24,12
"ARY2","s1337_F_LS_02_ASEReadCounter.table","NW_015090842.1:6306567",11,23,12
"ARY2","s1337_F_LS_02_ASEReadCounter.table","NW_015090842.1:6306705",20,24,4
"ARY2","s1337_F_LS_02_ASEReadCounter.table","NW_015090842.1:6306773",17,25,8
"ARY2","s1337_F_LS_02_ASEReadCounter.table","NW_015090842.1:6307039",16,22,6
"ARY2","s1337_F_LS_02_ASEReadCounter.table","NW_015090842.1:6307043",16,22,6
"ARY2","s1337_F_LS_02_ASEReadCounter.table","NW_015090842.1:6307093",21,25,4
"ARY2","s1337_F_LS_02_ASEReadCounter.table","NW_015090842.1:6307138",16,21,5
"ARY2","s1337_F_LS_02_ASEReadCounter.table","NW_015090842.1:6307157",14,20,6
"ARY2","s1337_F_LS_02_ASEReadCounter.table","NW_015090842.1:6307187",20,25,5
"ARY2","s1337_F_LS_02_ASEReadCounter.table","NW_015090842.1:6307204",19,24,5
"ARY2","s1337_F_LS_02_ASEReadCounter.table","NW_015090842.1:6307278",17,27,10
"ARY2","s1337_F_LS_02_ASEReadCounter.table","NW_015090842.1:6307305",23,33,10
"ARY2","s1337_F_LS_02_ASEReadCounter.table","NW_015090842.1:6307318",20,32,12
"ARY2","s1337_F_LS_02_ASEReadCounter.table","NW_015090842.1:6307429",26,32,6
"ARY2","s1337_F_LS_02_ASEReadCounter.table","NW_015090842.1:6307487",27,35,8
"ARY2","s1337_F_LS_02_ASEReadCounter.table","NW_015090842.1:6307670",24,32,8
"ARYL","s1337_F_LS_02_ASEReadCounter.table","NW_015090842.1:6313360",0,1,1
"ARYL","s1337_F_LS_02_ASEReadCounter.table","NW_015090842.1:6313377",1,2,1
"ARYL","s1337_F_LS_02_ASEReadCounter.table","NW_015090842.1:6313767",2,4,2
"ARY1","s1337_F_LS_02_ASEReadCounter.table","NW_015090842.1:6314296",6,7,1
"ARY1","s1337_F_LS_02_ASEReadCounter.table","NW_015090842.1:6314541",1,1,0
"ARY1","s1337_F_LS_02_ASEReadCounter.table","NW_015090842.1:6314597",1,2,1
"ARY1","s1337_F_LS_02_ASEReadCounter.table","NW_015090842.1:6314750",2,3,1
"ARY1","s1337_F_LS_02_ASEReadCounter.table","NW_015090842.1:6314794",2,3,1
"ARY1","s1337_F_LS_02_ASEReadCounter.table","NW_015090842.1:6314827",2,3,1
"ARY1","s1337_F_LS_02_ASEReadCounter.table","NW_015090842.1:6314859",2,3,1
"ARY1","s1337_F_LS_02_ASEReadCounter.table","NW_015090842.1:6314886",3,3,0
"ARY1","s1337_F_LS_02_ASEReadCounter.table","NW_015090842.1:6315022",5,5,0
"ARY1","s1337_F_LS_02_ASEReadCounter.table","NW_015090842.1:6315026",7,7,0
"ARY1","s1337_F_LS_02_ASEReadCounter.table","NW_015090842.1:6315043",7,7,0
"ARY1","s1337_F_LS_02_ASEReadCounter.table","NW_015090842.1:6315065",10,11,1
"ARY1","s1337_F_LS_02_ASEReadCounter.table","NW_015090842.1:6315409",1,3,2
"ARY1","s1337_F_LS_02_ASEReadCounter.table","NW_015090842.1:6315479",4,6,2
"ARY1","s1337_F_LS_02_ASEReadCounter.table","NW_015090842.1:6318342",11,18,7
"ARY1","s1337_F_LS_02_ASEReadCounter.table","NW_015090842.1:6318427",12,18,6
"ARY1","s1337_F_LS_02_ASEReadCounter.table","NW_015090842.1:6318603",12,14,2
"ARY1","s1337_F_LS_02_ASEReadCounter.table","NW_015090842.1:6318708",11,19,8
"ARY1","s1337_F_LS_02_ASEReadCounter.table","NW_015090842.1:6318858",11,22,11
"ARY1","s1337_F_LS_02_ASEReadCounter.table","NW_015090842.1:6318952",12,18,6
"MPHOSPH6","s1337_F_LS_02_ASEReadCounter.table","NW_015090842.1:6324063",78,180,102
"MPHOSPH6","s1337_F_LS_02_ASEReadCounter.table","NW_015090842.1:6324174",126,266,140
"MPHOSPH6","s1337_F_LS_02_ASEReadCounter.table","NW_015090842.1:6324270",161,316,155
"MPHOSPH6","s1337_F_LS_02_ASEReadCounter.table","NW_015090842.1:6324762",104,194,90
"MPHOSPH6","s1337_F_LS_02_ASEReadCounter.table","NW_015090842.1:6324780",102,180,78
"MPHOSPH6","s1337_F_LS_02_ASEReadCounter.table","NW_015090842.1:6324902",85,166,81
"MPHOSPH6","s1337_F_LS_02_ASEReadCounter.table","NW_015090842.1:6325066",73,163,90
"MPHOSPH6","s1337_F_LS_02_ASEReadCounter.table","NW_015090842.1:6325089",81,187,106
"MPHOSPH6","s1337_F_LS_02_ASEReadCounter.table","NW_015090842.1:6325877",50,135,85
"MPHOSPH6","s1337_F_LS_02_ASEReadCounter.table","NW_015090842.1:6326976",36,96,60
"CDH13","s1337_F_LS_02_ASEReadCounter.table","NW_015090842.1:6662283",2,3,1
"CDH13","s1337_F_LS_02_ASEReadCounter.table","NW_015090842.1:6693665",6,11,5
"CDH13","s1337_F_LS_02_ASEReadCounter.table","NW_015090842.1:6693697",6,10,4
"CDH13","s1337_F_LS_02_ASEReadCounter.table","NW_015090842.1:6693712",5,9,4
"CDH13","s1337_F_LS_02_ASEReadCounter.table","NW_015090842.1:6693723",5,9,4
"CDH13","s1337_F_LS_02_ASEReadCounter.table","NW_015090842.1:6693738",3,9,6
"CDH13","s1337_F_LS_02_ASEReadCounter.table","NW_015090842.1:6823730",1,5,4
"CDH13","s1337_F_LS_02_ASEReadCounter.table","NW_015090842.1:6889713",6,7,1
"CDH13","s1337_F_LS_02_ASEReadCounter.table","NW_015090842.1:6955167",4,11,7
"MLYCD","s1337_F_LS_02_ASEReadCounter.table","NW_015090842.1:7150054",81,167,86
"MLYCD","s1337_F_LS_02_ASEReadCounter.table","NW_015090842.1:7150131",109,230,121
"MLYCD","s1337_F_LS_02_ASEReadCounter.table","NW_015090842.1:7150585",66,119,53
"MLYCD","s1337_F_LS_02_ASEReadCounter.table","NW_015090842.1:7150686",46,98,52
"MLYCD","s1337_F_LS_02_ASEReadCounter.table","NW_015090842.1:7150696",56,111,55
"MLYCD","s1337_F_LS_02_ASEReadCounter.table","NW_015090842.1:7150869",38,77,39
"MLYCD","s1337_F_LS_02_ASEReadCounter.table","NW_015090842.1:7151100",50,75,25
"MLYCD","s1337_F_LS_02_ASEReadCounter.table","NW_015090842.1:7151127",45,69,24
"MLYCD","s1337_F_LS_02_ASEReadCounter.table","NW_015090842.1:7157538",18,40,22
"MLYCD","s1337_F_LS_02_ASEReadCounter.table","NW_015090842.1:7167662",12,20,8
"MLYCD","s1337_F_LS_02_ASEReadCounter.table","NW_015090842.1:7167675",12,20,8
"MLYCD","s1337_F_LS_02_ASEReadCounter.table","NW_015090842.1:7167710",9,17,8
"MLYCD","s1337_F_LS_02_ASEReadCounter.table","NW_015090842.1:7167781",8,12,4
"MLYCD","s1337_F_LS_02_ASEReadCounter.table","NW_015090842.1:7167803",8,9,1
"MLYCD","s1337_F_LS_02_ASEReadCounter.table","NW_015090842.1:7167812",9,11,2
"MLYCD","s1337_F_LS_02_ASEReadCounter.table","NW_015090842.1:7167845",5,10,5
"MLYCD","s1337_F_LS_02_ASEReadCounter.table","NW_015090842.1:7167862",8,14,6
"MLYCD","s1337_F_LS_02_ASEReadCounter.table","NW_015090842.1:7167929",8,15,7
"MLYCD","s1337_F_LS_02_ASEReadCounter.table","NW_015090842.1:7167995",2,9,7
"MLYCD","s1337_F_LS_02_ASEReadCounter.table","NW_015090842.1:7168005",3,10,7
"MLYCD","s1337_F_LS_02_ASEReadCounter.table","NW_015090842.1:7168037",4,10,6
"HSBP1","s1337_F_LS_02_ASEReadCounter.table","NW_015090842.1:7245192",611,1082,471
"HSBP1","s1337_F_LS_02_ASEReadCounter.table","NW_015090842.1:7245226",664,1207,543
"HSBP1","s1337_F_LS_02_ASEReadCounter.table","NW_015090842.1:7245257",585,1060,475
"HSBP1","s1337_F_LS_02_ASEReadCounter.table","NW_015090842.1:7245296",512,1006,494
"HSBP1","s1337_F_LS_02_ASEReadCounter.table","NW_015090842.1:7245389",680,1182,502
"HSBP1","s1337_F_LS_02_ASEReadCounter.table","NW_015090842.1:7245400",729,1190,461
"HSBP1","s1337_F_LS_02_ASEReadCounter.table","NW_015090842.1:7245445",716,1193,477
"HSBP1","s1337_F_LS_02_ASEReadCounter.table","NW_015090842.1:7245495",694,1141,447
"HSBP1","s1337_F_LS_02_ASEReadCounter.table","NW_015090842.1:7245733",325,623,298
"HSBP1","s1337_F_LS_02_ASEReadCounter.table","NW_015090842.1:7245771",367,653,286
"HSBP1","s1337_F_LS_02_ASEReadCounter.table","NW_015090842.1:7245813",346,615,269
"HSBP1","s1337_F_LS_02_ASEReadCounter.table","NW_015090842.1:7245926",377,658,281
"HSBP1","s1337_F_LS_02_ASEReadCounter.table","NW_015090842.1:7245927",373,649,276
"HSBP1","s1337_F_LS_02_ASEReadCounter.table","NW_015090842.1:7245933",366,630,264
"HSBP1","s1337_F_LS_02_ASEReadCounter.table","NW_015090842.1:7246002",259,476,217
"HSBP1","s1337_F_LS_02_ASEReadCounter.table","NW_015090842.1:7246094",337,599,262
"HSBP1","s1337_F_LS_02_ASEReadCounter.table","NW_015090842.1:7246167",335,539,204
"HSBP1","s1337_F_LS_02_ASEReadCounter.table","NW_015090842.1:7246183",299,512,213
"HSBP1","s1337_F_LS_02_ASEReadCounter.table","NW_015090842.1:7247285",43,58,15
"HSBP1","s1337_F_LS_02_ASEReadCounter.table","NW_015090842.1:7247651",338,686,348
"HSBP1","s1337_F_LS_02_ASEReadCounter.table","NW_015090842.1:7247657",330,689,359
"HSBP1","s1337_F_LS_02_ASEReadCounter.table","NW_015090842.1:7248520",223,445,222
"HSBP1","s1337_F_LS_02_ASEReadCounter.table","NW_015090842.1:7248535",190,373,183
"WFDC1","s1337_F_LS_02_ASEReadCounter.table","NW_015090842.1:7379719",0,1,1
"WFDC1","s1337_F_LS_02_ASEReadCounter.table","NW_015090842.1:7379735",0,1,1
"WFDC1","s1337_F_LS_02_ASEReadCounter.table","NW_015090842.1:7379739",0,1,1
"WFDC1","s1337_F_LS_02_ASEReadCounter.table","NW_015090842.1:7379933",1,2,1
"WFDC1","s1337_F_LS_02_ASEReadCounter.table","NW_015090842.1:7379935",1,2,1
"WFDC1","s1337_F_LS_02_ASEReadCounter.table","NW_015090842.1:7379983",1,3,2
"WFDC1","s1337_F_LS_02_ASEReadCounter.table","NW_015090842.1:7380060",0,1,1
"WFDC1","s1337_F_LS_02_ASEReadCounter.table","NW_015090842.1:7380136",0,1,1
"WFDC1","s1337_F_LS_02_ASEReadCounter.table","NW_015090842.1:7380150",0,1,1
"WFDC1","s1337_F_LS_02_ASEReadCounter.table","NW_015090842.1:7380164",0,1,1
"WFDC1","s1337_F_LS_02_ASEReadCounter.table","NW_015090842.1:7380237",1,2,1
"WFDC1","s1337_F_LS_02_ASEReadCounter.table","NW_015090842.1:7380261",1,2,1
"WFDC1","s1337_F_LS_02_ASEReadCounter.table","NW_015090842.1:7380322",0,1,1
"WFDC1","s1337_F_LS_02_ASEReadCounter.table","NW_015090842.1:7380491",1,1,0
"WFDC1","s1337_F_LS_02_ASEReadCounter.table","NW_015090842.1:7380567",0,1,1
"WFDC1","s1337_F_LS_02_ASEReadCounter.table","NW_015090842.1:7380672",2,2,0
"WFDC1","s1337_F_LS_02_ASEReadCounter.table","NW_015090842.1:7380721",1,1,0
"WFDC1","s1337_F_LS_02_ASEReadCounter.table","NW_015090842.1:7380743",1,1,0
"WFDC1","s1337_F_LS_02_ASEReadCounter.table","NW_015090842.1:7380852",0,1,1
"WFDC1","s1337_F_LS_02_ASEReadCounter.table","NW_015090842.1:7380878",0,1,1
"WFDC1","s1337_F_LS_02_ASEReadCounter.table","NW_015090842.1:7381081",1,3,2
"WFDC1","s1337_F_LS_02_ASEReadCounter.table","NW_015090842.1:7381195",0,1,1
"WFDC1","s1337_F_LS_02_ASEReadCounter.table","NW_015090842.1:7381253",1,2,1
"WFDC1","s1337_F_LS_02_ASEReadCounter.table","NW_015090842.1:7381378",3,7,4
"WFDC1","s1337_F_LS_02_ASEReadCounter.table","NW_015090842.1:7381433",3,6,3
"WFDC1","s1337_F_LS_02_ASEReadCounter.table","NW_015090842.1:7381434",3,6,3
"WFDC1","s1337_F_LS_02_ASEReadCounter.table","NW_015090842.1:7381442",3,7,4
"WFDC1","s1337_F_LS_02_ASEReadCounter.table","NW_015090842.1:7381517",2,4,2
"WFDC1","s1337_F_LS_02_ASEReadCounter.table","NW_015090842.1:7381520",2,5,3
"WFDC1","s1337_F_LS_02_ASEReadCounter.table","NW_015090842.1:7381677",0,1,1
"WFDC1","s1337_F_LS_02_ASEReadCounter.table","NW_015090842.1:7381709",0,1,1
"ATP2C2","s1337_F_LS_02_ASEReadCounter.table","NW_015090842.1:7399774",0,1,1
"ATP2C2","s1337_F_LS_02_ASEReadCounter.table","NW_015090842.1:7413855",15,27,12
"ATP2C2","s1337_F_LS_02_ASEReadCounter.table","NW_015090842.1:7413869",2,13,11
"ATP2C2","s1337_F_LS_02_ASEReadCounter.table","NW_015090842.1:7413875",4,15,11
"TLDC1","s1337_F_LS_02_ASEReadCounter.table","NW_015090842.1:7421137",26,47,21
"TLDC1","s1337_F_LS_02_ASEReadCounter.table","NW_015090842.1:7421155",25,42,17
"TLDC1","s1337_F_LS_02_ASEReadCounter.table","NW_015090842.1:7421218",14,26,12
"TLDC1","s1337_F_LS_02_ASEReadCounter.table","NW_015090842.1:7421399",20,38,18
"TLDC1","s1337_F_LS_02_ASEReadCounter.table","NW_015090842.1:7421402",19,37,18
"TLDC1","s1337_F_LS_02_ASEReadCounter.table","NW_015090842.1:7421528",26,44,18
"TLDC1","s1337_F_LS_02_ASEReadCounter.table","NW_015090842.1:7421532",26,46,20
"TLDC1","s1337_F_LS_02_ASEReadCounter.table","NW_015090842.1:7421621",23,46,23
"TLDC1","s1337_F_LS_02_ASEReadCounter.table","NW_015090842.1:7421647",21,42,21
"TLDC1","s1337_F_LS_02_ASEReadCounter.table","NW_015090842.1:7421657",20,36,16
"TLDC1","s1337_F_LS_02_ASEReadCounter.table","NW_015090842.1:7421693",17,33,16
"TLDC1","s1337_F_LS_02_ASEReadCounter.table","NW_015090842.1:7421796",20,29,9
"TLDC1","s1337_F_LS_02_ASEReadCounter.table","NW_015090842.1:7421810",18,27,9
"TLDC1","s1337_F_LS_02_ASEReadCounter.table","NW_015090842.1:7421833",20,29,9
"TLDC1","s1337_F_LS_02_ASEReadCounter.table","NW_015090842.1:7421879",20,32,12
"TLDC1","s1337_F_LS_02_ASEReadCounter.table","NW_015090842.1:7421914",20,31,11
"TLDC1","s1337_F_LS_02_ASEReadCounter.table","NW_015090842.1:7421969",17,25,8
"TLDC1","s1337_F_LS_02_ASEReadCounter.table","NW_015090842.1:7422015",7,15,8
"TLDC1","s1337_F_LS_02_ASEReadCounter.table","NW_015090842.1:7422042",9,18,9
"TLDC1","s1337_F_LS_02_ASEReadCounter.table","NW_015090842.1:7422230",12,20,8
"TLDC1","s1337_F_LS_02_ASEReadCounter.table","NW_015090842.1:7423349",14,22,8
"TLDC1","s1337_F_LS_02_ASEReadCounter.table","NW_015090842.1:7423362",17,25,8
"TLDC1","s1337_F_LS_02_ASEReadCounter.table","NW_015090842.1:7426091",10,17,7
"TLDC1","s1337_F_LS_02_ASEReadCounter.table","NW_015090842.1:7426485",6,16,10
"TLDC1","s1337_F_LS_02_ASEReadCounter.table","NW_015090842.1:7427211",9,16,7
"TLDC1","s1337_F_LS_02_ASEReadCounter.table","NW_015090842.1:7428179",8,11,3
"COTL1","s1337_F_LS_02_ASEReadCounter.table","NW_015090842.1:7490744",1003,2496,1493
"COTL1","s1337_F_LS_02_ASEReadCounter.table","NW_015090842.1:7491051",669,1588,919
"COTL1","s1337_F_LS_02_ASEReadCounter.table","NW_015090842.1:7491124",640,1425,785
"COTL1","s1337_F_LS_02_ASEReadCounter.table","NW_015090842.1:7491418",372,825,453
"COTL1","s1337_F_LS_02_ASEReadCounter.table","NW_015090842.1:7491539",284,649,365
"COTL1","s1337_F_LS_02_ASEReadCounter.table","NW_015090842.1:7491585",408,933,525
"COTL1","s1337_F_LS_02_ASEReadCounter.table","NW_015090842.1:7491586",406,983,577
"COTL1","s1337_F_LS_02_ASEReadCounter.table","NW_015090842.1:7491646",493,1137,644
"COTL1","s1337_F_LS_02_ASEReadCounter.table","NW_015090842.1:7491747",337,817,480
"COTL1","s1337_F_LS_02_ASEReadCounter.table","NW_015090842.1:7491803",338,762,424
"COTL1","s1337_F_LS_02_ASEReadCounter.table","NW_015090842.1:7507551",0,1,1
"COTL1","s1337_F_LS_02_ASEReadCounter.table","NW_015090842.1:7507563",0,1,1
"COTL1","s1337_F_LS_02_ASEReadCounter.table","NW_015090842.1:7513196",1,1,0
"COTL1","s1337_F_LS_02_ASEReadCounter.table","NW_015090842.1:7513223",1,1,0
"KLHL36","s1337_F_LS_02_ASEReadCounter.table","NW_015090842.1:7514700",30,46,16
"KLHL36","s1337_F_LS_02_ASEReadCounter.table","NW_015090842.1:7519691",3,5,2
"KLHL36","s1337_F_LS_02_ASEReadCounter.table","NW_015090842.1:7519696",4,6,2
"KLHL36","s1337_F_LS_02_ASEReadCounter.table","NW_015090842.1:7526160",15,38,23
"KLHL36","s1337_F_LS_02_ASEReadCounter.table","NW_015090842.1:7526469",10,27,17
"KLHL36","s1337_F_LS_02_ASEReadCounter.table","NW_015090842.1:7526587",18,35,17
"KLHL36","s1337_F_LS_02_ASEReadCounter.table","NW_015090842.1:7526997",19,35,16
"KLHL36","s1337_F_LS_02_ASEReadCounter.table","NW_015090842.1:7527142",13,29,16
"KLHL36","s1337_F_LS_02_ASEReadCounter.table","NW_015090842.1:7535174",37,69,32
"KLHL36","s1337_F_LS_02_ASEReadCounter.table","NW_015090842.1:7535384",22,53,31
"KLHL36","s1337_F_LS_02_ASEReadCounter.table","NW_015090842.1:7535420",26,64,38
"KLHL36","s1337_F_LS_02_ASEReadCounter.table","NW_015090842.1:7535545",21,33,12
"KLHL36","s1337_F_LS_02_ASEReadCounter.table","NW_015090842.1:7535829",38,65,27
"KLHL36","s1337_F_LS_02_ASEReadCounter.table","NW_015090842.1:7535977",36,54,18
"KLHL36","s1337_F_LS_02_ASEReadCounter.table","NW_015090842.1:7536010",37,59,22
"KLHL36","s1337_F_LS_02_ASEReadCounter.table","NW_015090842.1:7536051",29,53,24
"KLHL36","s1337_F_LS_02_ASEReadCounter.table","NW_015090842.1:7536096",27,56,29
"KLHL36","s1337_F_LS_02_ASEReadCounter.table","NW_015090842.1:7536135",34,65,31
"KLHL36","s1337_F_LS_02_ASEReadCounter.table","NW_015090842.1:7536136",34,64,30
"KLHL36","s1337_F_LS_02_ASEReadCounter.table","NW_015090842.1:7536160",37,66,29
"KLHL36","s1337_F_LS_02_ASEReadCounter.table","NW_015090842.1:7536336",29,63,34
"KLHL36","s1337_F_LS_02_ASEReadCounter.table","NW_015090842.1:7536352",28,64,36
"KLHL36","s1337_F_LS_02_ASEReadCounter.table","NW_015090842.1:7536412",20,48,28
"KLHL36","s1337_F_LS_02_ASEReadCounter.table","NW_015090842.1:7536418",20,47,27
"KLHL36","s1337_F_LS_02_ASEReadCounter.table","NW_015090842.1:7536465",19,45,26
"KLHL36","s1337_F_LS_02_ASEReadCounter.table","NW_015090842.1:7536466",19,45,26
"KLHL36","s1337_F_LS_02_ASEReadCounter.table","NW_015090842.1:7536553",42,69,27
"KLHL36","s1337_F_LS_02_ASEReadCounter.table","NW_015090842.1:7536698",29,63,34
"KLHL36","s1337_F_LS_02_ASEReadCounter.table","NW_015090842.1:7536713",17,56,39
"KLHL36","s1337_F_LS_02_ASEReadCounter.table","NW_015090842.1:7536720",31,61,30
"KLHL36","s1337_F_LS_02_ASEReadCounter.table","NW_015090842.1:7536791",40,86,46
"KLHL36","s1337_F_LS_02_ASEReadCounter.table","NW_015090842.1:7536849",29,71,42
"KLHL36","s1337_F_LS_02_ASEReadCounter.table","NW_015090842.1:7536872",28,80,52
"KLHL36","s1337_F_LS_02_ASEReadCounter.table","NW_015090842.1:7536878",34,80,46
"KLHL36","s1337_F_LS_02_ASEReadCounter.table","NW_015090842.1:7536916",42,85,43
"KLHL36","s1337_F_LS_02_ASEReadCounter.table","NW_015090842.1:7536927",44,102,58
"KLHL36","s1337_F_LS_02_ASEReadCounter.table","NW_015090842.1:7537315",68,135,67
"KLHL36","s1337_F_LS_02_ASEReadCounter.table","NW_015090842.1:7537352",61,108,47
"KLHL36","s1337_F_LS_02_ASEReadCounter.table","NW_015090842.1:7537631",65,146,81
"KLHL36","s1337_F_LS_02_ASEReadCounter.table","NW_015090842.1:7537830",115,219,104
"KLHL36","s1337_F_LS_02_ASEReadCounter.table","NW_015090842.1:7537838",106,212,106
"KLHL36","s1337_F_LS_02_ASEReadCounter.table","NW_015090842.1:7538153",82,179,97
"KLHL36","s1337_F_LS_02_ASEReadCounter.table","NW_015090842.1:7538256",58,161,103
"KLHL36","s1337_F_LS_02_ASEReadCounter.table","NW_015090842.1:7538265",57,160,103
"KLHL36","s1337_F_LS_02_ASEReadCounter.table","NW_015090842.1:7538300",71,184,113
"USP10","s1337_F_LS_02_ASEReadCounter.table","NW_015090842.1:7563972",3,4,1
"USP10","s1337_F_LS_02_ASEReadCounter.table","NW_015090842.1:7571816",4,7,3
"USP10","s1337_F_LS_02_ASEReadCounter.table","NW_015090842.1:7571993",8,21,13
"USP10","s1337_F_LS_02_ASEReadCounter.table","NW_015090842.1:7572580",11,26,15
"USP10","s1337_F_LS_02_ASEReadCounter.table","NW_015090842.1:7587372",65,127,62
"CRISPLD2","s1337_F_LS_02_ASEReadCounter.table","NW_015090842.1:7609883",1,1,0
"CRISPLD2","s1337_F_LS_02_ASEReadCounter.table","NW_015090842.1:7625451",1,1,0
"CRISPLD2","s1337_F_LS_02_ASEReadCounter.table","NW_015090842.1:7626214",4,4,0
"CRISPLD2","s1337_F_LS_02_ASEReadCounter.table","NW_015090842.1:7630784",2,2,0
"CRISPLD2","s1337_F_LS_02_ASEReadCounter.table","NW_015090842.1:7630823",4,4,0
"CRISPLD2","s1337_F_LS_02_ASEReadCounter.table","NW_015090842.1:7633172",8,9,1
"CRISPLD2","s1337_F_LS_02_ASEReadCounter.table","NW_015090842.1:7633326",2,2,0
"CRISPLD2","s1337_F_LS_02_ASEReadCounter.table","NW_015090842.1:7633336",2,2,0
"CRISPLD2","s1337_F_LS_02_ASEReadCounter.table","NW_015090842.1:7633381",1,1,0
"CRISPLD2","s1337_F_LS_02_ASEReadCounter.table","NW_015090842.1:7633388",1,1,0
"CRISPLD2","s1337_F_LS_02_ASEReadCounter.table","NW_015090842.1:7633400",3,3,0
"CRISPLD2","s1337_F_LS_02_ASEReadCounter.table","NW_015090842.1:7633486",4,5,1
"CRISPLD2","s1337_F_LS_02_ASEReadCounter.table","NW_015090842.1:7633503",4,5,1
"CRISPLD2","s1337_F_LS_02_ASEReadCounter.table","NW_015090842.1:7633504",4,5,1
"CRISPLD2","s1337_F_LS_02_ASEReadCounter.table","NW_015090842.1:7633557",4,4,0
"CRISPLD2","s1337_F_LS_02_ASEReadCounter.table","NW_015090842.1:7633571",4,4,0
"CRISPLD2","s1337_F_LS_02_ASEReadCounter.table","NW_015090842.1:7633588",4,4,0
"CRISPLD2","s1337_F_LS_02_ASEReadCounter.table","NW_015090842.1:7633617",4,4,0
"CRISPLD2","s1337_F_LS_02_ASEReadCounter.table","NW_015090842.1:7633695",5,5,0
"CRISPLD2","s1337_F_LS_02_ASEReadCounter.table","NW_015090842.1:7633721",7,7,0
"CRISPLD2","s1337_F_LS_02_ASEReadCounter.table","NW_015090842.1:7633888",1,1,0
"CRISPLD2","s1337_F_LS_02_ASEReadCounter.table","NW_015090842.1:7633910",1,1,0
"CRISPLD2","s1337_F_LS_02_ASEReadCounter.table","NW_015090842.1:7634142",2,2,0
"CRISPLD2","s1337_F_LS_02_ASEReadCounter.table","NW_015090842.1:7634417",3,3,0
"CRISPLD2","s1337_F_LS_02_ASEReadCounter.table","NW_015090842.1:7634825",1,1,0
"CRISPLD2","s1337_F_LS_02_ASEReadCounter.table","NW_015090842.1:7634852",2,2,0
"CRISPLD2","s1337_F_LS_02_ASEReadCounter.table","NW_015090842.1:7635009",0,1,1
"CRISPLD2","s1337_F_LS_02_ASEReadCounter.table","NW_015090842.1:7635208",3,4,1
"CRISPLD2","s1337_F_LS_02_ASEReadCounter.table","NW_015090842.1:7635373",2,3,1
"CRISPLD2","s1337_F_LS_02_ASEReadCounter.table","NW_015090842.1:7635525",3,3,0
"CRISPLD2","s1337_F_LS_02_ASEReadCounter.table","NW_015090842.1:7635583",4,4,0
"CRISPLD2","s1337_F_LS_02_ASEReadCounter.table","NW_015090842.1:7635924",6,6,0
"LOC106888312","s1337_F_LS_02_ASEReadCounter.table","NW_015090842.1:7732997",0,2,2
"LOC106888312","s1337_F_LS_02_ASEReadCounter.table","NW_015090842.1:7733011",0,2,2
"LOC106888312","s1337_F_LS_02_ASEReadCounter.table","NW_015090842.1:7733046",0,1,1
"LOC106888312","s1337_F_LS_02_ASEReadCounter.table","NW_015090842.1:7733068",0,2,2
"LOC106888312","s1337_F_LS_02_ASEReadCounter.table","NW_015090842.1:7733077",0,2,2
"LOC106888312","s1337_F_LS_02_ASEReadCounter.table","NW_015090842.1:7733096",0,2,2
"LOC106888312","s1337_F_LS_02_ASEReadCounter.table","NW_015090842.1:7733142",0,1,1
"LOC106888312","s1337_F_LS_02_ASEReadCounter.table","NW_015090842.1:7733609",0,1,1
"LOC106888312","s1337_F_LS_02_ASEReadCounter.table","NW_015090842.1:7733631",0,1,1
"LOC106888312","s1337_F_LS_02_ASEReadCounter.table","NW_015090842.1:7733674",0,1,1
"ZDHHC7","s1337_F_LS_02_ASEReadCounter.table","NW_015090842.1:7737199",21,43,22
"ZDHHC7","s1337_F_LS_02_ASEReadCounter.table","NW_015090842.1:7737332",21,34,13
"ZDHHC7","s1337_F_LS_02_ASEReadCounter.table","NW_015090842.1:7737553",39,55,16
"ZDHHC7","s1337_F_LS_02_ASEReadCounter.table","NW_015090842.1:7737920",11,23,12
"ZDHHC7","s1337_F_LS_02_ASEReadCounter.table","NW_015090842.1:7737953",8,20,12
"ZDHHC7","s1337_F_LS_02_ASEReadCounter.table","NW_015090842.1:7737987",11,28,17
"ZDHHC7","s1337_F_LS_02_ASEReadCounter.table","NW_015090842.1:7738068",9,26,17
"ZDHHC7","s1337_F_LS_02_ASEReadCounter.table","NW_015090842.1:7738204",11,29,18
"LOC106888097","s1337_F_LS_02_ASEReadCounter.table","NW_015090842.1:7767178",2,3,1
"LOC106888097","s1337_F_LS_02_ASEReadCounter.table","NW_015090842.1:7767187",2,3,1
"LOC106888097","s1337_F_LS_02_ASEReadCounter.table","NW_015090842.1:7768144",3,6,3
"LOC106888097","s1337_F_LS_02_ASEReadCounter.table","NW_015090842.1:7768196",4,7,3
"LOC106888097","s1337_F_LS_02_ASEReadCounter.table","NW_015090842.1:7769884",8,16,8
"LOC106888097","s1337_F_LS_02_ASEReadCounter.table","NW_015090842.1:7769893",8,16,8
"LOC106888097","s1337_F_LS_02_ASEReadCounter.table","NW_015090842.1:7770245",12,19,7
"LOC106888097","s1337_F_LS_02_ASEReadCounter.table","NW_015090842.1:7772402",9,23,14
"LOC106888097","s1337_F_LS_02_ASEReadCounter.table","NW_015090842.1:7772483",10,30,20
"LOC106888097","s1337_F_LS_02_ASEReadCounter.table","NW_015090842.1:7772490",11,30,19
"LOC106888097","s1337_F_LS_02_ASEReadCounter.table","NW_015090842.1:7774281",9,27,18
"LOC106888097","s1337_F_LS_02_ASEReadCounter.table","NW_015090842.1:7774552",15,51,36
"LOC106888097","s1337_F_LS_02_ASEReadCounter.table","NW_015090842.1:7774564",13,46,33
"LOC106888097","s1337_F_LS_02_ASEReadCounter.table","NW_015090842.1:7774611",12,45,33
"LOC106888097","s1337_F_LS_02_ASEReadCounter.table","NW_015090842.1:7774681",22,49,27
"LOC106888097","s1337_F_LS_02_ASEReadCounter.table","NW_015090842.1:7774698",20,45,25
"LOC106888097","s1337_F_LS_02_ASEReadCounter.table","NW_015090842.1:7774730",13,23,10
"LOC106888097","s1337_F_LS_02_ASEReadCounter.table","NW_015090842.1:7774778",3,4,1
"LOC106888097","s1337_F_LS_02_ASEReadCounter.table","NW_015090842.1:7774793",2,3,1
"FOXC2","s1337_F_LS_02_ASEReadCounter.table","NW_015090842.1:8129599",0,3,3
"FOXC2","s1337_F_LS_02_ASEReadCounter.table","NW_015090842.1:8129616",0,3,3
"FOXC2","s1337_F_LS_02_ASEReadCounter.table","NW_015090842.1:8129715",1,5,4
"FOXC2","s1337_F_LS_02_ASEReadCounter.table","NW_015090842.1:8129719",1,5,4
"FOXC2","s1337_F_LS_02_ASEReadCounter.table","NW_015090842.1:8130244",0,1,1
"FOXC2","s1337_F_LS_02_ASEReadCounter.table","NW_015090842.1:8130472",1,1,0
"FOXC2","s1337_F_LS_02_ASEReadCounter.table","NW_015090842.1:8130490",1,1,0
"FOXC2","s1337_F_LS_02_ASEReadCounter.table","NW_015090842.1:8130547",2,2,0
"FOXC2","s1337_F_LS_02_ASEReadCounter.table","NW_015090842.1:8130550",2,2,0
"FOXC2","s1337_F_LS_02_ASEReadCounter.table","NW_015090842.1:8130573",2,3,1
"FOXC2","s1337_F_LS_02_ASEReadCounter.table","NW_015090842.1:8130575",2,3,1
"MTHFSD","s1337_F_LS_02_ASEReadCounter.table","NW_015090842.1:8140051",13,22,9
"MTHFSD","s1337_F_LS_02_ASEReadCounter.table","NW_015090842.1:8142923",21,46,25
"MTHFSD","s1337_F_LS_02_ASEReadCounter.table","NW_015090842.1:8143029",19,37,18
"MTHFSD","s1337_F_LS_02_ASEReadCounter.table","NW_015090842.1:8152035",31,52,21
"MTHFSD","s1337_F_LS_02_ASEReadCounter.table","NW_015090842.1:8152315",15,40,25
"MTHFSD","s1337_F_LS_02_ASEReadCounter.table","NW_015090842.1:8152511",13,34,21
"MTHFSD","s1337_F_LS_02_ASEReadCounter.table","NW_015090842.1:8152518",14,36,22
"MTHFSD","s1337_F_LS_02_ASEReadCounter.table","NW_015090842.1:8152553",12,30,18
"MTHFSD","s1337_F_LS_02_ASEReadCounter.table","NW_015090842.1:8152773",15,36,21
"MTHFSD","s1337_F_LS_02_ASEReadCounter.table","NW_015090842.1:8152805",12,37,25
"IRF8","s1337_F_LS_02_ASEReadCounter.table","NW_015090842.1:8406652",5,10,5
"IRF8","s1337_F_LS_02_ASEReadCounter.table","NW_015090842.1:8406703",7,15,8
"IRF8","s1337_F_LS_02_ASEReadCounter.table","NW_015090842.1:8406704",7,15,8
"IRF8","s1337_F_LS_02_ASEReadCounter.table","NW_015090842.1:8406757",1,16,15
"IRF8","s1337_F_LS_02_ASEReadCounter.table","NW_015090842.1:8406778",6,17,11
"IRF8","s1337_F_LS_02_ASEReadCounter.table","NW_015090842.1:8406819",3,14,11
"IRF8","s1337_F_LS_02_ASEReadCounter.table","NW_015090842.1:8406941",8,21,13
"IRF8","s1337_F_LS_02_ASEReadCounter.table","NW_015090842.1:8407008",6,18,12
"IRF8","s1337_F_LS_02_ASEReadCounter.table","NW_015090842.1:8407057",4,16,12
"IRF8","s1337_F_LS_02_ASEReadCounter.table","NW_015090842.1:8407064",5,14,9
"IRF8","s1337_F_LS_02_ASEReadCounter.table","NW_015090842.1:8407069",4,14,10
"IRF8","s1337_F_LS_02_ASEReadCounter.table","NW_015090842.1:8407120",3,11,8
"IRF8","s1337_F_LS_02_ASEReadCounter.table","NW_015090842.1:8407157",6,11,5
"IRF8","s1337_F_LS_02_ASEReadCounter.table","NW_015090842.1:8407203",7,17,10
"IRF8","s1337_F_LS_02_ASEReadCounter.table","NW_015090842.1:8407272",4,12,8
"IRF8","s1337_F_LS_02_ASEReadCounter.table","NW_015090842.1:8407276",5,11,6
"IRF8","s1337_F_LS_02_ASEReadCounter.table","NW_015090842.1:8407303",9,16,7
"IRF8","s1337_F_LS_02_ASEReadCounter.table","NW_015090842.1:8407451",5,5,0
"IRF8","s1337_F_LS_02_ASEReadCounter.table","NW_015090842.1:8407456",5,5,0
"IRF8","s1337_F_LS_02_ASEReadCounter.table","NW_015090842.1:8408564",6,6,0
"IRF8","s1337_F_LS_02_ASEReadCounter.table","NW_015090842.1:8408585",0,5,5
"IRF8","s1337_F_LS_02_ASEReadCounter.table","NW_015090842.1:8408973",3,4,1
"IRF8","s1337_F_LS_02_ASEReadCounter.table","NW_015090842.1:8409060",0,1,1
"IRF8","s1337_F_LS_02_ASEReadCounter.table","NW_015090842.1:8409065",0,1,1
"IRF8","s1337_F_LS_02_ASEReadCounter.table","NW_015090842.1:8409254",2,5,3
"IRF8","s1337_F_LS_02_ASEReadCounter.table","NW_015090842.1:8409255",2,5,3
"IRF8","s1337_F_LS_02_ASEReadCounter.table","NW_015090842.1:8409258",2,5,3
"IRF8","s1337_F_LS_02_ASEReadCounter.table","NW_015090842.1:8409312",4,9,5
"IRF8","s1337_F_LS_02_ASEReadCounter.table","NW_015090842.1:8410216",0,6,6
"IRF8","s1337_F_LS_02_ASEReadCounter.table","NW_015090842.1:8410237",0,7,7
"IRF8","s1337_F_LS_02_ASEReadCounter.table","NW_015090842.1:8410276",5,8,3
"IRF8","s1337_F_LS_02_ASEReadCounter.table","NW_015090842.1:8410813",7,10,3
"IRF8","s1337_F_LS_02_ASEReadCounter.table","NW_015090842.1:8410861",3,6,3
"IRF8","s1337_F_LS_02_ASEReadCounter.table","NW_015090842.1:8411940",1,3,2
"IRF8","s1337_F_LS_02_ASEReadCounter.table","NW_015090842.1:8412006",0,4,4
"IRF8","s1337_F_LS_02_ASEReadCounter.table","NW_015090842.1:8412042",0,5,5
"DUSP15","s1337_F_LS_02_ASEReadCounter.table","NW_015090842.1:8422787",2,2,0
"DUSP15","s1337_F_LS_02_ASEReadCounter.table","NW_015090842.1:8422898",1,1,0
"DUSP15","s1337_F_LS_02_ASEReadCounter.table","NW_015090842.1:8422909",1,1,0
"COX4I1","s1337_F_LS_02_ASEReadCounter.table","NW_015090842.1:8442258",1174,2315,1141
"COX4I1","s1337_F_LS_02_ASEReadCounter.table","NW_015090842.1:8442333",991,1880,889
"EMC8","s1337_F_LS_02_ASEReadCounter.table","NW_015090842.1:8444046",48,96,48
"EMC8","s1337_F_LS_02_ASEReadCounter.table","NW_015090842.1:8444064",47,84,37
"EMC8","s1337_F_LS_02_ASEReadCounter.table","NW_015090842.1:8452029",42,106,64
"EMC8","s1337_F_LS_02_ASEReadCounter.table","NW_015090842.1:8452116",52,115,63
"EMC8","s1337_F_LS_02_ASEReadCounter.table","NW_015090842.1:8452121",54,120,66
"EMC8","s1337_F_LS_02_ASEReadCounter.table","NW_015090842.1:8452222",53,101,48
"EMC8","s1337_F_LS_02_ASEReadCounter.table","NW_015090842.1:8452244",54,107,53
"EMC8","s1337_F_LS_02_ASEReadCounter.table","NW_015090842.1:8452477",31,48,17
"EMC8","s1337_F_LS_02_ASEReadCounter.table","NW_015090842.1:8452498",29,46,17
"EMC8","s1337_F_LS_02_ASEReadCounter.table","NW_015090842.1:8452535",16,27,11
"EMC8","s1337_F_LS_02_ASEReadCounter.table","NW_015090842.1:8452575",8,15,7
"EMC8","s1337_F_LS_02_ASEReadCounter.table","NW_015090842.1:8452600",12,21,9
"EMC8","s1337_F_LS_02_ASEReadCounter.table","NW_015090842.1:8452616",18,29,11
"EMC8","s1337_F_LS_02_ASEReadCounter.table","NW_015090842.1:8452630",20,29,9
"EMC8","s1337_F_LS_02_ASEReadCounter.table","NW_015090842.1:8452650",19,30,11
"EMC8","s1337_F_LS_02_ASEReadCounter.table","NW_015090842.1:8452678",25,47,22
"EMC8","s1337_F_LS_02_ASEReadCounter.table","NW_015090842.1:8452724",16,33,17
"EMC8","s1337_F_LS_02_ASEReadCounter.table","NW_015090842.1:8452731",16,34,18
"EMC8","s1337_F_LS_02_ASEReadCounter.table","NW_015090842.1:8452743",15,37,22
"EMC8","s1337_F_LS_02_ASEReadCounter.table","NW_015090842.1:8452750",13,34,21
"EMC8","s1337_F_LS_02_ASEReadCounter.table","NW_015090842.1:8452778",13,29,16
"EMC8","s1337_F_LS_02_ASEReadCounter.table","NW_015090842.1:8452783",16,34,18
"EMC8","s1337_F_LS_02_ASEReadCounter.table","NW_015090842.1:8452800",26,48,22
"EMC8","s1337_F_LS_02_ASEReadCounter.table","NW_015090842.1:8452804",28,50,22
"EMC8","s1337_F_LS_02_ASEReadCounter.table","NW_015090842.1:8452812",27,49,22
"EMC8","s1337_F_LS_02_ASEReadCounter.table","NW_015090842.1:8452858",27,50,23
"EMC8","s1337_F_LS_02_ASEReadCounter.table","NW_015090842.1:8452906",40,67,27
"EMC8","s1337_F_LS_02_ASEReadCounter.table","NW_015090842.1:8452913",40,67,27
"EMC8","s1337_F_LS_02_ASEReadCounter.table","NW_015090842.1:8453000",48,86,38
"EMC8","s1337_F_LS_02_ASEReadCounter.table","NW_015090842.1:8453007",52,88,36
"EMC8","s1337_F_LS_02_ASEReadCounter.table","NW_015090842.1:8453058",41,75,34
"EMC8","s1337_F_LS_02_ASEReadCounter.table","NW_015090842.1:8453106",46,78,32
"GINS2","s1337_F_LS_02_ASEReadCounter.table","NW_015090842.1:8466420",6,6,0
"GINS2","s1337_F_LS_02_ASEReadCounter.table","NW_015090842.1:8466424",7,7,0
"GINS2","s1337_F_LS_02_ASEReadCounter.table","NW_015090842.1:8466518",12,13,1
"GINS2","s1337_F_LS_02_ASEReadCounter.table","NW_015090842.1:8468482",18,27,9
"GINS2","s1337_F_LS_02_ASEReadCounter.table","NW_015090842.1:8470290",33,37,4
"GINS2","s1337_F_LS_02_ASEReadCounter.table","NW_015090842.1:8470305",34,38,4
"GINS2","s1337_F_LS_02_ASEReadCounter.table","NW_015090842.1:8470381",34,38,4
"GINS2","s1337_F_LS_02_ASEReadCounter.table","NW_015090842.1:8470418",27,31,4
"GINS2","s1337_F_LS_02_ASEReadCounter.table","NW_015090842.1:8470421",21,25,4
"GINS2","s1337_F_LS_02_ASEReadCounter.table","NW_015090842.1:8470430",20,25,5
"GINS2","s1337_F_LS_02_ASEReadCounter.table","NW_015090842.1:8470433",20,24,4
"GINS2","s1337_F_LS_02_ASEReadCounter.table","NW_015090842.1:8470457",15,19,4
"GINS2","s1337_F_LS_02_ASEReadCounter.table","NW_015090842.1:8470491",22,26,4
"GINS2","s1337_F_LS_02_ASEReadCounter.table","NW_015090842.1:8470548",28,36,8
"GINS2","s1337_F_LS_02_ASEReadCounter.table","NW_015090842.1:8470649",22,23,1
"GSE1","s1337_F_LS_02_ASEReadCounter.table","NW_015090842.1:8475362",90,165,75
"GSE1","s1337_F_LS_02_ASEReadCounter.table","NW_015090842.1:8475961",53,74,21
"GSE1","s1337_F_LS_02_ASEReadCounter.table","NW_015090842.1:8476027",50,66,16
"GSE1","s1337_F_LS_02_ASEReadCounter.table","NW_015090842.1:8476159",12,16,4
"GSE1","s1337_F_LS_02_ASEReadCounter.table","NW_015090842.1:8477442",0,14,14
"GSE1","s1337_F_LS_02_ASEReadCounter.table","NW_015090842.1:8477448",0,12,12
"GSE1","s1337_F_LS_02_ASEReadCounter.table","NW_015090842.1:8477662",2,12,10
"GSE1","s1337_F_LS_02_ASEReadCounter.table","NW_015090842.1:8477933",26,42,16
"GSE1","s1337_F_LS_02_ASEReadCounter.table","NW_015090842.1:8477945",25,41,16
"GSE1","s1337_F_LS_02_ASEReadCounter.table","NW_015090842.1:8483272",1,17,16
"GSE1","s1337_F_LS_02_ASEReadCounter.table","NW_015090842.1:8483367",1,5,4
"GSE1","s1337_F_LS_02_ASEReadCounter.table","NW_015090842.1:8483411",3,6,3
"GSE1","s1337_F_LS_02_ASEReadCounter.table","NW_015090842.1:8483756",9,20,11
"GSE1","s1337_F_LS_02_ASEReadCounter.table","NW_015090842.1:8486867",21,34,13
"GSE1","s1337_F_LS_02_ASEReadCounter.table","NW_015090842.1:8486939",31,52,21
"GSE1","s1337_F_LS_02_ASEReadCounter.table","NW_015090842.1:8486945",29,52,23
"GSE1","s1337_F_LS_02_ASEReadCounter.table","NW_015090842.1:8486993",23,44,21
"GSE1","s1337_F_LS_02_ASEReadCounter.table","NW_015090842.1:8487062",15,30,15
"GSE1","s1337_F_LS_02_ASEReadCounter.table","NW_015090842.1:8488065",8,15,7
"GSE1","s1337_F_LS_02_ASEReadCounter.table","NW_015090842.1:8488457",8,15,7
"GSE1","s1337_F_LS_02_ASEReadCounter.table","NW_015090842.1:8488463",7,14,7
"GSE1","s1337_F_LS_02_ASEReadCounter.table","NW_015090842.1:8488490",3,9,6
"GSE1","s1337_F_LS_02_ASEReadCounter.table","NW_015090842.1:8488505",6,11,5
"GSE1","s1337_F_LS_02_ASEReadCounter.table","NW_015090842.1:8490180",0,9,9
"KIAA0513","s1337_F_LS_02_ASEReadCounter.table","NW_015090842.1:8668363",52,123,71
"KIAA0513","s1337_F_LS_02_ASEReadCounter.table","NW_015090842.1:8668387",41,106,65
"KIAA0513","s1337_F_LS_02_ASEReadCounter.table","NW_015090842.1:8668390",41,106,65
"KIAA0513","s1337_F_LS_02_ASEReadCounter.table","NW_015090842.1:8673107",44,122,78
"KIAA0513","s1337_F_LS_02_ASEReadCounter.table","NW_015090842.1:8673147",40,119,79
"KIAA0513","s1337_F_LS_02_ASEReadCounter.table","NW_015090842.1:8674661",27,63,36
"KIAA0513","s1337_F_LS_02_ASEReadCounter.table","NW_015090842.1:8674685",29,58,29
"KIAA0513","s1337_F_LS_02_ASEReadCounter.table","NW_015090842.1:8674730",27,57,30
"KIAA0513","s1337_F_LS_02_ASEReadCounter.table","NW_015090842.1:8675525",19,61,42
"KIAA0513","s1337_F_LS_02_ASEReadCounter.table","NW_015090842.1:8675561",16,56,40
"KIAA0513","s1337_F_LS_02_ASEReadCounter.table","NW_015090842.1:8678608",0,13,13
"KIAA0513","s1337_F_LS_02_ASEReadCounter.table","NW_015090842.1:8686455",0,9,9
"KIAA0513","s1337_F_LS_02_ASEReadCounter.table","NW_015090842.1:8686508",0,17,17
"KIAA0513","s1337_F_LS_02_ASEReadCounter.table","NW_015090842.1:8686521",0,15,15
"KIAA0513","s1337_F_LS_02_ASEReadCounter.table","NW_015090842.1:8693642",2,2,0
"KIAA0513","s1337_F_LS_02_ASEReadCounter.table","NW_015090842.1:8693712",2,3,1
"FBXO31","s1337_F_LS_02_ASEReadCounter.table","NW_015090842.1:8710240",15,19,4
"FBXO31","s1337_F_LS_02_ASEReadCounter.table","NW_015090842.1:8710372",9,18,9
"FBXO31","s1337_F_LS_02_ASEReadCounter.table","NW_015090842.1:8711239",7,15,8
"FBXO31","s1337_F_LS_02_ASEReadCounter.table","NW_015090842.1:8714565",19,31,12
"FBXO31","s1337_F_LS_02_ASEReadCounter.table","NW_015090842.1:8716001",11,19,8
"FBXO31","s1337_F_LS_02_ASEReadCounter.table","NW_015090842.1:8725050",1,2,1
"FBXO31","s1337_F_LS_02_ASEReadCounter.table","NW_015090842.1:8725057",1,2,1
"ZCCHC14","s1337_F_LS_02_ASEReadCounter.table","NW_015090842.1:8750174",24,53,29
"ZCCHC14","s1337_F_LS_02_ASEReadCounter.table","NW_015090842.1:8750189",22,65,43
"ZCCHC14","s1337_F_LS_02_ASEReadCounter.table","NW_015090842.1:8750365",49,81,32
"ZCCHC14","s1337_F_LS_02_ASEReadCounter.table","NW_015090842.1:8750433",36,56,20
"ZCCHC14","s1337_F_LS_02_ASEReadCounter.table","NW_015090842.1:8750449",35,54,19
"ZCCHC14","s1337_F_LS_02_ASEReadCounter.table","NW_015090842.1:8750456",33,53,20
"ZCCHC14","s1337_F_LS_02_ASEReadCounter.table","NW_015090842.1:8750497",39,68,29
"ZCCHC14","s1337_F_LS_02_ASEReadCounter.table","NW_015090842.1:8750547",30,63,33
"ZCCHC14","s1337_F_LS_02_ASEReadCounter.table","NW_015090842.1:8751100",6,12,6
"ZCCHC14","s1337_F_LS_02_ASEReadCounter.table","NW_015090842.1:8751374",11,24,13
"ZCCHC14","s1337_F_LS_02_ASEReadCounter.table","NW_015090842.1:8751403",11,24,13
"ZCCHC14","s1337_F_LS_02_ASEReadCounter.table","NW_015090842.1:8751517",14,27,13
"ZCCHC14","s1337_F_LS_02_ASEReadCounter.table","NW_015090842.1:8752060",10,20,10
"ZCCHC14","s1337_F_LS_02_ASEReadCounter.table","NW_015090842.1:8752172",21,52,31
"ZCCHC14","s1337_F_LS_02_ASEReadCounter.table","NW_015090842.1:8752183",22,54,32
"ZCCHC14","s1337_F_LS_02_ASEReadCounter.table","NW_015090842.1:8752198",19,54,35
"ZCCHC14","s1337_F_LS_02_ASEReadCounter.table","NW_015090842.1:8752248",25,58,33
"ZCCHC14","s1337_F_LS_02_ASEReadCounter.table","NW_015090842.1:8752326",31,64,33
"ZCCHC14","s1337_F_LS_02_ASEReadCounter.table","NW_015090842.1:8752393",23,46,23
"ZCCHC14","s1337_F_LS_02_ASEReadCounter.table","NW_015090842.1:8752914",43,96,53
"ZCCHC14","s1337_F_LS_02_ASEReadCounter.table","NW_015090842.1:8753528",13,21,8
"ZCCHC14","s1337_F_LS_02_ASEReadCounter.table","NW_015090842.1:8753892",4,8,4
"ZCCHC14","s1337_F_LS_02_ASEReadCounter.table","NW_015090842.1:8753910",4,6,2
"ZCCHC14","s1337_F_LS_02_ASEReadCounter.table","NW_015090842.1:8755096",2,7,5
"ZCCHC14","s1337_F_LS_02_ASEReadCounter.table","NW_015090842.1:8755327",2,4,2
"ZCCHC14","s1337_F_LS_02_ASEReadCounter.table","NW_015090842.1:8755723",5,7,2
"ZCCHC14","s1337_F_LS_02_ASEReadCounter.table","NW_015090842.1:8755739",4,6,2
"ZCCHC14","s1337_F_LS_02_ASEReadCounter.table","NW_015090842.1:8756149",2,5,3
"ZCCHC14","s1337_F_LS_02_ASEReadCounter.table","NW_015090842.1:8756347",3,5,2
"ZCCHC14","s1337_F_LS_02_ASEReadCounter.table","NW_015090842.1:8756361",2,4,2
"ZCCHC14","s1337_F_LS_02_ASEReadCounter.table","NW_015090842.1:8756388",1,2,1
"ZCCHC14","s1337_F_LS_02_ASEReadCounter.table","NW_015090842.1:8756389",1,2,1
"ZCCHC14","s1337_F_LS_02_ASEReadCounter.table","NW_015090842.1:8757160",2,3,1
"ZCCHC14","s1337_F_LS_02_ASEReadCounter.table","NW_015090842.1:8804511",1,2,1
"ZCCHC14","s1337_F_LS_02_ASEReadCounter.table","NW_015090842.1:8804979",0,2,2
"JPH3","s1337_F_LS_02_ASEReadCounter.table","NW_015090842.1:8845375",16,35,19
"JPH3","s1337_F_LS_02_ASEReadCounter.table","NW_015090842.1:8845640",23,49,26
"JPH3","s1337_F_LS_02_ASEReadCounter.table","NW_015090842.1:8845654",22,47,25
"JPH3","s1337_F_LS_02_ASEReadCounter.table","NW_015090842.1:8872283",44,83,39
"JPH3","s1337_F_LS_02_ASEReadCounter.table","NW_015090842.1:8872294",44,81,37
"JPH3","s1337_F_LS_02_ASEReadCounter.table","NW_015090842.1:8872730",64,122,58
"JPH3","s1337_F_LS_02_ASEReadCounter.table","NW_015090842.1:8885260",140,269,129
"JPH3","s1337_F_LS_02_ASEReadCounter.table","NW_015090842.1:8885315",118,246,128
"JPH3","s1337_F_LS_02_ASEReadCounter.table","NW_015090842.1:8885328",109,230,121
"JPH3","s1337_F_LS_02_ASEReadCounter.table","NW_015090842.1:8885438",76,186,110
"JPH3","s1337_F_LS_02_ASEReadCounter.table","NW_015090842.1:8885525",31,119,88
"KLHDC4","s1337_F_LS_02_ASEReadCounter.table","NW_015090842.1:8890729",85,126,41
"KLHDC4","s1337_F_LS_02_ASEReadCounter.table","NW_015090842.1:8890749",92,129,37
"KLHDC4","s1337_F_LS_02_ASEReadCounter.table","NW_015090842.1:8890761",86,125,39
"KLHDC4","s1337_F_LS_02_ASEReadCounter.table","NW_015090842.1:8891123",97,141,44
"KLHDC4","s1337_F_LS_02_ASEReadCounter.table","NW_015090842.1:8893124",60,99,39
"KLHDC4","s1337_F_LS_02_ASEReadCounter.table","NW_015090842.1:8894542",57,85,28
"KLHDC4","s1337_F_LS_02_ASEReadCounter.table","NW_015090842.1:8896726",26,50,24
"KLHDC4","s1337_F_LS_02_ASEReadCounter.table","NW_015090842.1:8896767",24,48,24
"KLHDC4","s1337_F_LS_02_ASEReadCounter.table","NW_015090842.1:8904174",15,32,17
"KLHDC4","s1337_F_LS_02_ASEReadCounter.table","NW_015090842.1:8904231",16,26,10
"KLHDC4","s1337_F_LS_02_ASEReadCounter.table","NW_015090842.1:8905251",21,33,12
"KLHDC4","s1337_F_LS_02_ASEReadCounter.table","NW_015090842.1:8905263",19,33,14
"KLHDC4","s1337_F_LS_02_ASEReadCounter.table","NW_015090842.1:8919626",2,3,1
"SLC7A5","s1337_F_LS_02_ASEReadCounter.table","NW_015090842.1:8938782",277,697,420
"SLC7A5","s1337_F_LS_02_ASEReadCounter.table","NW_015090842.1:8938943",198,519,321
"SLC7A5","s1337_F_LS_02_ASEReadCounter.table","NW_015090842.1:8939611",100,194,94
"SLC7A5","s1337_F_LS_02_ASEReadCounter.table","NW_015090842.1:8939738",106,255,149
"SLC7A5","s1337_F_LS_02_ASEReadCounter.table","NW_015090842.1:8939739",105,248,143
"SLC7A5","s1337_F_LS_02_ASEReadCounter.table","NW_015090842.1:8939740",103,257,154
"SLC7A5","s1337_F_LS_02_ASEReadCounter.table","NW_015090842.1:8939795",136,265,129
"SLC7A5","s1337_F_LS_02_ASEReadCounter.table","NW_015090842.1:8939815",112,269,157
"SLC7A5","s1337_F_LS_02_ASEReadCounter.table","NW_015090842.1:8939816",112,274,162
"SLC7A5","s1337_F_LS_02_ASEReadCounter.table","NW_015090842.1:8939817",111,282,171
"SLC7A5","s1337_F_LS_02_ASEReadCounter.table","NW_015090842.1:8939845",116,294,178
"SLC7A5","s1337_F_LS_02_ASEReadCounter.table","NW_015090842.1:8939894",97,278,181
"SLC7A5","s1337_F_LS_02_ASEReadCounter.table","NW_015090842.1:8939895",98,269,171
"SLC7A5","s1337_F_LS_02_ASEReadCounter.table","NW_015090842.1:8939997",246,430,184
"SLC7A5","s1337_F_LS_02_ASEReadCounter.table","NW_015090842.1:8940172",127,310,183
"SLC7A5","s1337_F_LS_02_ASEReadCounter.table","NW_015090842.1:8940331",53,136,83
"SLC7A5","s1337_F_LS_02_ASEReadCounter.table","NW_015090842.1:8940696",68,151,83
"SLC7A5","s1337_F_LS_02_ASEReadCounter.table","NW_015090842.1:8940719",21,120,99
"SLC7A5","s1337_F_LS_02_ASEReadCounter.table","NW_015090842.1:8940737",24,94,70
"SLC7A5","s1337_F_LS_02_ASEReadCounter.table","NW_015090842.1:8940743",25,95,70
"SLC7A5","s1337_F_LS_02_ASEReadCounter.table","NW_015090842.1:8940766",39,117,78
"SLC7A5","s1337_F_LS_02_ASEReadCounter.table","NW_015090842.1:8940769",39,128,89
"SLC7A5","s1337_F_LS_02_ASEReadCounter.table","NW_015090842.1:8940861",45,107,62
"SLC7A5","s1337_F_LS_02_ASEReadCounter.table","NW_015090842.1:8941068",41,112,71
"SLC7A5","s1337_F_LS_02_ASEReadCounter.table","NW_015090842.1:8941467",27,90,63
"SLC7A5","s1337_F_LS_02_ASEReadCounter.table","NW_015090842.1:8941531",29,89,60
"SLC7A5","s1337_F_LS_02_ASEReadCounter.table","NW_015090842.1:8941588",38,97,59
"SLC7A5","s1337_F_LS_02_ASEReadCounter.table","NW_015090842.1:8941698",24,65,41
"SLC7A5","s1337_F_LS_02_ASEReadCounter.table","NW_015090842.1:8941717",26,67,41
"SLC7A5","s1337_F_LS_02_ASEReadCounter.table","NW_015090842.1:8941745",34,79,45
"SLC7A5","s1337_F_LS_02_ASEReadCounter.table","NW_015090842.1:8941781",38,90,52
"SLC7A5","s1337_F_LS_02_ASEReadCounter.table","NW_015090842.1:8941887",23,60,37
"SLC7A5","s1337_F_LS_02_ASEReadCounter.table","NW_015090842.1:8941968",12,61,49
"SLC7A5","s1337_F_LS_02_ASEReadCounter.table","NW_015090842.1:8942025",22,62,40
"SLC7A5","s1337_F_LS_02_ASEReadCounter.table","NW_015090842.1:8942069",26,58,32
"SLC7A5","s1337_F_LS_02_ASEReadCounter.table","NW_015090842.1:8942170",32,76,44
"SLC7A5","s1337_F_LS_02_ASEReadCounter.table","NW_015090842.1:8942241",32,94,62
"SLC7A5","s1337_F_LS_02_ASEReadCounter.table","NW_015090842.1:8942283",38,122,84
"SLC7A5","s1337_F_LS_02_ASEReadCounter.table","NW_015090842.1:8942717",145,391,246
"SLC7A5","s1337_F_LS_02_ASEReadCounter.table","NW_015090842.1:8942756",201,532,331
"SLC7A5","s1337_F_LS_02_ASEReadCounter.table","NW_015090842.1:8942766",207,545,338
"SLC7A5","s1337_F_LS_02_ASEReadCounter.table","NW_015090842.1:8943271",66,160,94
"SLC7A5","s1337_F_LS_02_ASEReadCounter.table","NW_015090842.1:8943524",24,69,45
"SLC7A5","s1337_F_LS_02_ASEReadCounter.table","NW_015090842.1:8943530",25,69,44
"SLC7A5","s1337_F_LS_02_ASEReadCounter.table","NW_015090842.1:8943602",20,52,32
"SLC7A5","s1337_F_LS_02_ASEReadCounter.table","NW_015090842.1:8943622",21,55,34
"SLC7A5","s1337_F_LS_02_ASEReadCounter.table","NW_015090842.1:8943661",30,62,32
"SLC7A5","s1337_F_LS_02_ASEReadCounter.table","NW_015090842.1:8943686",29,64,35
"SLC7A5","s1337_F_LS_02_ASEReadCounter.table","NW_015090842.1:8943788",16,36,20
"SLC7A5","s1337_F_LS_02_ASEReadCounter.table","NW_015090842.1:8943814",19,41,22
"SLC7A5","s1337_F_LS_02_ASEReadCounter.table","NW_015090842.1:8943876",20,43,23
"SLC7A5","s1337_F_LS_02_ASEReadCounter.table","NW_015090842.1:8943892",20,45,25
"SLC7A5","s1337_F_LS_02_ASEReadCounter.table","NW_015090842.1:8944097",14,40,26
"SLC7A5","s1337_F_LS_02_ASEReadCounter.table","NW_015090842.1:8944104",13,36,23
"SLC7A5","s1337_F_LS_02_ASEReadCounter.table","NW_015090842.1:8944293",9,24,15
"SLC7A5","s1337_F_LS_02_ASEReadCounter.table","NW_015090842.1:8944297",9,22,13
"SLC7A5","s1337_F_LS_02_ASEReadCounter.table","NW_015090842.1:8944397",7,21,14
"SLC7A5","s1337_F_LS_02_ASEReadCounter.table","NW_015090842.1:8944552",7,22,15
"SLC7A5","s1337_F_LS_02_ASEReadCounter.table","NW_015090842.1:8944629",8,26,18
"CA5A","s1337_F_LS_02_ASEReadCounter.table","NW_015090842.1:8989479",63,112,49
"CA5A","s1337_F_LS_02_ASEReadCounter.table","NW_015090842.1:8989562",67,115,48
"CA5A","s1337_F_LS_02_ASEReadCounter.table","NW_015090842.1:8989609",81,144,63
"CA5A","s1337_F_LS_02_ASEReadCounter.table","NW_015090842.1:8989693",77,139,62
"CA5A","s1337_F_LS_02_ASEReadCounter.table","NW_015090842.1:8989702",78,133,55
"CA5A","s1337_F_LS_02_ASEReadCounter.table","NW_015090842.1:8989746",85,153,68
"CA5A","s1337_F_LS_02_ASEReadCounter.table","NW_015090842.1:8989880",61,117,56
"CA5A","s1337_F_LS_02_ASEReadCounter.table","NW_015090842.1:8989885",61,118,57
"CA5A","s1337_F_LS_02_ASEReadCounter.table","NW_015090842.1:8989929",55,100,45
"CA5A","s1337_F_LS_02_ASEReadCounter.table","NW_015090842.1:8990002",50,83,33
"CA5A","s1337_F_LS_02_ASEReadCounter.table","NW_015090842.1:8990004",51,83,32
"CA5A","s1337_F_LS_02_ASEReadCounter.table","NW_015090842.1:8990005",50,84,34
"CA5A","s1337_F_LS_02_ASEReadCounter.table","NW_015090842.1:8990017",52,86,34
"CA5A","s1337_F_LS_02_ASEReadCounter.table","NW_015090842.1:8990043",46,79,33
"CA5A","s1337_F_LS_02_ASEReadCounter.table","NW_015090842.1:8990060",36,88,52
"CA5A","s1337_F_LS_02_ASEReadCounter.table","NW_015090842.1:8990080",43,82,39
"CA5A","s1337_F_LS_02_ASEReadCounter.table","NW_015090842.1:8990084",43,81,38
"CA5A","s1337_F_LS_02_ASEReadCounter.table","NW_015090842.1:8990090",45,83,38
"CA5A","s1337_F_LS_02_ASEReadCounter.table","NW_015090842.1:8990095",46,83,37
"CA5A","s1337_F_LS_02_ASEReadCounter.table","NW_015090842.1:8990111",37,66,29
"CA5A","s1337_F_LS_02_ASEReadCounter.table","NW_015090842.1:8990112",36,64,28
"CA5A","s1337_F_LS_02_ASEReadCounter.table","NW_015090842.1:8990115",44,71,27
"CA5A","s1337_F_LS_02_ASEReadCounter.table","NW_015090842.1:8990166",40,66,26
"CA5A","s1337_F_LS_02_ASEReadCounter.table","NW_015090842.1:8990169",40,64,24
"CA5A","s1337_F_LS_02_ASEReadCounter.table","NW_015090842.1:8990193",26,67,41
"CA5A","s1337_F_LS_02_ASEReadCounter.table","NW_015090842.1:8990222",35,68,33
"CA5A","s1337_F_LS_02_ASEReadCounter.table","NW_015090842.1:8990289",32,59,27
"CA5A","s1337_F_LS_02_ASEReadCounter.table","NW_015090842.1:8990314",28,50,22
"CA5A","s1337_F_LS_02_ASEReadCounter.table","NW_015090842.1:8990361",33,52,19
"CA5A","s1337_F_LS_02_ASEReadCounter.table","NW_015090842.1:8990368",32,51,19
"CA5A","s1337_F_LS_02_ASEReadCounter.table","NW_015090842.1:8990429",31,47,16
"CA5A","s1337_F_LS_02_ASEReadCounter.table","NW_015090842.1:8990466",0,57,57
"CA5A","s1337_F_LS_02_ASEReadCounter.table","NW_015090842.1:8990663",26,42,16
"CA5A","s1337_F_LS_02_ASEReadCounter.table","NW_015090842.1:8990797",28,39,11
"CA5A","s1337_F_LS_02_ASEReadCounter.table","NW_015090842.1:8990836",25,41,16
"CA5A","s1337_F_LS_02_ASEReadCounter.table","NW_015090842.1:8990842",24,39,15
"CA5A","s1337_F_LS_02_ASEReadCounter.table","NW_015090842.1:8990851",24,39,15
"CA5A","s1337_F_LS_02_ASEReadCounter.table","NW_015090842.1:8990918",25,39,14
"CA5A","s1337_F_LS_02_ASEReadCounter.table","NW_015090842.1:8990921",25,39,14
"CA5A","s1337_F_LS_02_ASEReadCounter.table","NW_015090842.1:8990942",26,39,13
"CA5A","s1337_F_LS_02_ASEReadCounter.table","NW_015090842.1:8991001",0,56,56
"CA5A","s1337_F_LS_02_ASEReadCounter.table","NW_015090842.1:8991038",28,48,20
"CA5A","s1337_F_LS_02_ASEReadCounter.table","NW_015090842.1:8991149",23,51,28
"CA5A","s1337_F_LS_02_ASEReadCounter.table","NW_015090842.1:8991176",21,47,26
"CA5A","s1337_F_LS_02_ASEReadCounter.table","NW_015090842.1:8991241",24,56,32
"CA5A","s1337_F_LS_02_ASEReadCounter.table","NW_015090842.1:8991262",22,52,30
"CA5A","s1337_F_LS_02_ASEReadCounter.table","NW_015090842.1:8991316",26,27,1
"CA5A","s1337_F_LS_02_ASEReadCounter.table","NW_015090842.1:8991319",24,24,0
"CA5A","s1337_F_LS_02_ASEReadCounter.table","NW_015090842.1:8991330",20,21,1
"CA5A","s1337_F_LS_02_ASEReadCounter.table","NW_015090842.1:8991334",18,20,2
"CA5A","s1337_F_LS_02_ASEReadCounter.table","NW_015090842.1:8991362",22,34,12
"CA5A","s1337_F_LS_02_ASEReadCounter.table","NW_015090842.1:8991368",20,33,13
"CA5A","s1337_F_LS_02_ASEReadCounter.table","NW_015090842.1:8991390",20,33,13
"CA5A","s1337_F_LS_02_ASEReadCounter.table","NW_015090842.1:8991395",18,31,13
"CA5A","s1337_F_LS_02_ASEReadCounter.table","NW_015090842.1:8991422",17,31,14
"CA5A","s1337_F_LS_02_ASEReadCounter.table","NW_015090842.1:8991467",20,29,9
"CA5A","s1337_F_LS_02_ASEReadCounter.table","NW_015090842.1:8991576",14,24,10
"CA5A","s1337_F_LS_02_ASEReadCounter.table","NW_015090842.1:8991587",20,32,12
"CA5A","s1337_F_LS_02_ASEReadCounter.table","NW_015090842.1:8991655",23,38,15
"CA5A","s1337_F_LS_02_ASEReadCounter.table","NW_015090842.1:8991717",21,39,18
"CA5A","s1337_F_LS_02_ASEReadCounter.table","NW_015090842.1:8991726",21,41,20
"CA5A","s1337_F_LS_02_ASEReadCounter.table","NW_015090842.1:8991799",11,28,17
"CA5A","s1337_F_LS_02_ASEReadCounter.table","NW_015090842.1:8991809",6,23,17
"CA5A","s1337_F_LS_02_ASEReadCounter.table","NW_015090842.1:8991848",4,13,9
"CA5A","s1337_F_LS_02_ASEReadCounter.table","NW_015090842.1:8991849",4,12,8
"CA5A","s1337_F_LS_02_ASEReadCounter.table","NW_015090842.1:8991927",7,18,11
"CA5A","s1337_F_LS_02_ASEReadCounter.table","NW_015090842.1:8991941",6,14,8
"CA5A","s1337_F_LS_02_ASEReadCounter.table","NW_015090842.1:8992121",8,18,10
"CA5A","s1337_F_LS_02_ASEReadCounter.table","NW_015090842.1:8992224",8,16,8
"CA5A","s1337_F_LS_02_ASEReadCounter.table","NW_015090842.1:9002570",4,10,6
"CA5A","s1337_F_LS_02_ASEReadCounter.table","NW_015090842.1:9002600",5,9,4
"CA5A","s1337_F_LS_02_ASEReadCounter.table","NW_015090842.1:9004312",2,6,4
"CA5A","s1337_F_LS_02_ASEReadCounter.table","NW_015090842.1:9004506",0,1,1
"CA5A","s1337_F_LS_02_ASEReadCounter.table","NW_015090842.1:9004523",0,1,1
"CA5A","s1337_F_LS_02_ASEReadCounter.table","NW_015090842.1:9004530",0,1,1
"CA5A","s1337_F_LS_02_ASEReadCounter.table","NW_015090842.1:9004556",1,2,1
"CA5A","s1337_F_LS_02_ASEReadCounter.table","NW_015090842.1:9005116",2,4,2
"CA5A","s1337_F_LS_02_ASEReadCounter.table","NW_015090842.1:9005120",2,4,2
"CA5A","s1337_F_LS_02_ASEReadCounter.table","NW_015090842.1:9005140",2,4,2
"CA5A","s1337_F_LS_02_ASEReadCounter.table","NW_015090842.1:9005152",2,4,2
"BANP","s1337_F_LS_02_ASEReadCounter.table","NW_015090842.1:9033407",1,4,3
"BANP","s1337_F_LS_02_ASEReadCounter.table","NW_015090842.1:9033409",1,5,4
"BANP","s1337_F_LS_02_ASEReadCounter.table","NW_015090842.1:9033420",1,4,3
"BANP","s1337_F_LS_02_ASEReadCounter.table","NW_015090842.1:9067974",0,9,9
"BANP","s1337_F_LS_02_ASEReadCounter.table","NW_015090842.1:9102510",10,25,15
"BANP","s1337_F_LS_02_ASEReadCounter.table","NW_015090842.1:9168534",20,44,24
"BANP","s1337_F_LS_02_ASEReadCounter.table","NW_015090842.1:9168818",24,58,34
"ZNF469","s1337_F_LS_02_ASEReadCounter.table","NW_015090842.1:9425089",0,1,1
"ZNF469","s1337_F_LS_02_ASEReadCounter.table","NW_015090842.1:9425108",0,1,1
"ZNF469","s1337_F_LS_02_ASEReadCounter.table","NW_015090842.1:9425182",0,1,1
"ZNF469","s1337_F_LS_02_ASEReadCounter.table","NW_015090842.1:9430560",1,1,0
"ZNF469","s1337_F_LS_02_ASEReadCounter.table","NW_015090842.1:9430668",1,1,0
"ZNF469","s1337_F_LS_02_ASEReadCounter.table","NW_015090842.1:9430700",1,1,0
"ZNF469","s1337_F_LS_02_ASEReadCounter.table","NW_015090842.1:9431901",1,1,0
"ZNF469","s1337_F_LS_02_ASEReadCounter.table","NW_015090842.1:9432302",1,1,0
"ZNF469","s1337_F_LS_02_ASEReadCounter.table","NW_015090842.1:9432361",1,1,0
"ZNF469","s1337_F_LS_02_ASEReadCounter.table","NW_015090842.1:9432374",1,1,0
"ZNF469","s1337_F_LS_02_ASEReadCounter.table","NW_015090842.1:9432382",1,1,0
"ZNF469","s1337_F_LS_02_ASEReadCounter.table","NW_015090842.1:9433268",1,1,0
"ZNF469","s1337_F_LS_02_ASEReadCounter.table","NW_015090842.1:9433678",1,1,0
"ZNF469","s1337_F_LS_02_ASEReadCounter.table","NW_015090842.1:9433902",1,1,0
"ZNF469","s1337_F_LS_02_ASEReadCounter.table","NW_015090842.1:9433980",1,1,0
"ZNF469","s1337_F_LS_02_ASEReadCounter.table","NW_015090842.1:9435221",1,1,0
"ZFPM1","s1337_F_LS_02_ASEReadCounter.table","NW_015090842.1:9458862",1,2,1
"ZFPM1","s1337_F_LS_02_ASEReadCounter.table","NW_015090842.1:9458888",0,1,1
"ZFPM1","s1337_F_LS_02_ASEReadCounter.table","NW_015090842.1:9458904",0,1,1
"ZFPM1","s1337_F_LS_02_ASEReadCounter.table","NW_015090842.1:9458916",1,1,0
"ZFPM1","s1337_F_LS_02_ASEReadCounter.table","NW_015090842.1:9468568",2,3,1
"ZFPM1","s1337_F_LS_02_ASEReadCounter.table","NW_015090842.1:9468593",3,4,1
"ZFPM1","s1337_F_LS_02_ASEReadCounter.table","NW_015090842.1:9471561",3,4,1
"ZFPM1","s1337_F_LS_02_ASEReadCounter.table","NW_015090842.1:9472557",2,3,1
"ZFPM1","s1337_F_LS_02_ASEReadCounter.table","NW_015090842.1:9472565",2,3,1
"ZFPM1","s1337_F_LS_02_ASEReadCounter.table","NW_015090842.1:9472608",3,4,1
"ZFPM1","s1337_F_LS_02_ASEReadCounter.table","NW_015090842.1:9472627",3,3,0
"ZFPM1","s1337_F_LS_02_ASEReadCounter.table","NW_015090842.1:9472668",3,3,0
"ZFPM1","s1337_F_LS_02_ASEReadCounter.table","NW_015090842.1:9473655",3,4,1
"ZFPM1","s1337_F_LS_02_ASEReadCounter.table","NW_015090842.1:9475827",3,4,1
"ZFPM1","s1337_F_LS_02_ASEReadCounter.table","NW_015090842.1:9475842",2,3,1
"ZFPM1","s1337_F_LS_02_ASEReadCounter.table","NW_015090842.1:9476119",3,6,3
"ZFPM1","s1337_F_LS_02_ASEReadCounter.table","NW_015090842.1:9476161",2,5,3
"ZFPM1","s1337_F_LS_02_ASEReadCounter.table","NW_015090842.1:9476219",1,3,2
"ZFPM1","s1337_F_LS_02_ASEReadCounter.table","NW_015090842.1:9476233",1,3,2
"ZFPM1","s1337_F_LS_02_ASEReadCounter.table","NW_015090842.1:9476305",1,2,1
"ZFPM1","s1337_F_LS_02_ASEReadCounter.table","NW_015090842.1:9476395",4,5,1
"ZFPM1","s1337_F_LS_02_ASEReadCounter.table","NW_015090842.1:9476421",6,9,3
"ZFPM1","s1337_F_LS_02_ASEReadCounter.table","NW_015090842.1:9476539",6,10,4
"ZFPM1","s1337_F_LS_02_ASEReadCounter.table","NW_015090842.1:9476576",3,4,1
"ZFPM1","s1337_F_LS_02_ASEReadCounter.table","NW_015090842.1:9476599",1,4,3
"ZFPM1","s1337_F_LS_02_ASEReadCounter.table","NW_015090842.1:9476792",15,25,10
"ZFPM1","s1337_F_LS_02_ASEReadCounter.table","NW_015090842.1:9476803",13,23,10
"ZFPM1","s1337_F_LS_02_ASEReadCounter.table","NW_015090842.1:9477115",8,14,6
"ZFPM1","s1337_F_LS_02_ASEReadCounter.table","NW_015090842.1:9477299",4,12,8
"ZFPM1","s1337_F_LS_02_ASEReadCounter.table","NW_015090842.1:9477398",7,15,8
"ZFPM1","s1337_F_LS_02_ASEReadCounter.table","NW_015090842.1:9477422",5,12,7
"ZFPM1","s1337_F_LS_02_ASEReadCounter.table","NW_015090842.1:9477554",10,18,8
"ZFPM1","s1337_F_LS_02_ASEReadCounter.table","NW_015090842.1:9477575",12,24,12
"ZFPM1","s1337_F_LS_02_ASEReadCounter.table","NW_015090842.1:9477595",13,24,11
"ZFPM1","s1337_F_LS_02_ASEReadCounter.table","NW_015090842.1:9477611",13,29,16
"ZFPM1","s1337_F_LS_02_ASEReadCounter.table","NW_015090842.1:9477659",11,29,18
"ZFPM1","s1337_F_LS_02_ASEReadCounter.table","NW_015090842.1:9477737",13,35,22
"ZFPM1","s1337_F_LS_02_ASEReadCounter.table","NW_015090842.1:9477791",11,30,19
"ZFPM1","s1337_F_LS_02_ASEReadCounter.table","NW_015090842.1:9477844",18,33,15
"ZFPM1","s1337_F_LS_02_ASEReadCounter.table","NW_015090842.1:9477917",17,23,6
"ZFPM1","s1337_F_LS_02_ASEReadCounter.table","NW_015090842.1:9478295",23,43,20
"ZFPM1","s1337_F_LS_02_ASEReadCounter.table","NW_015090842.1:9478349",29,56,27
"ZFPM1","s1337_F_LS_02_ASEReadCounter.table","NW_015090842.1:9478524",18,42,24
"ZFPM1","s1337_F_LS_02_ASEReadCounter.table","NW_015090842.1:9478546",20,45,25
"ZFPM1","s1337_F_LS_02_ASEReadCounter.table","NW_015090842.1:9478573",22,45,23
"ZFPM1","s1337_F_LS_02_ASEReadCounter.table","NW_015090842.1:9478582",21,37,16
"ZFPM1","s1337_F_LS_02_ASEReadCounter.table","NW_015090842.1:9478684",11,28,17
"ZFPM1","s1337_F_LS_02_ASEReadCounter.table","NW_015090842.1:9478711",11,25,14
"ZFPM1","s1337_F_LS_02_ASEReadCounter.table","NW_015090842.1:9478761",16,31,15
"ZFPM1","s1337_F_LS_02_ASEReadCounter.table","NW_015090842.1:9478829",4,20,16
"CIDEC","s1337_F_LS_02_ASEReadCounter.table","NW_015090842.1:9480756",0,1,1
"ZC3H18","s1337_F_LS_02_ASEReadCounter.table","NW_015090842.1:9494271",5,17,12
"ZC3H18","s1337_F_LS_02_ASEReadCounter.table","NW_015090842.1:9501427",6,18,12
"ZC3H18","s1337_F_LS_02_ASEReadCounter.table","NW_015090842.1:9501442",5,18,13
"ZC3H18","s1337_F_LS_02_ASEReadCounter.table","NW_015090842.1:9505538",10,20,10
"ZC3H18","s1337_F_LS_02_ASEReadCounter.table","NW_015090842.1:9506778",8,30,22
"ZC3H18","s1337_F_LS_02_ASEReadCounter.table","NW_015090842.1:9522538",8,27,19
"ZC3H18","s1337_F_LS_02_ASEReadCounter.table","NW_015090842.1:9524350",9,32,23
"ZC3H18","s1337_F_LS_02_ASEReadCounter.table","NW_015090842.1:9524366",10,38,28
"ZC3H18","s1337_F_LS_02_ASEReadCounter.table","NW_015090842.1:9524424",9,32,23
"ZC3H18","s1337_F_LS_02_ASEReadCounter.table","NW_015090842.1:9529649",37,77,40
"ZC3H18","s1337_F_LS_02_ASEReadCounter.table","NW_015090842.1:9529688",21,60,39
"ZC3H18","s1337_F_LS_02_ASEReadCounter.table","NW_015090842.1:9529691",22,58,36
"ZC3H18","s1337_F_LS_02_ASEReadCounter.table","NW_015090842.1:9530977",32,84,52
"ZC3H18","s1337_F_LS_02_ASEReadCounter.table","NW_015090842.1:9536699",0,85,85
"CYBA","s1337_F_LS_02_ASEReadCounter.table","NW_015090842.1:9547281",45,57,12
"CYBA","s1337_F_LS_02_ASEReadCounter.table","NW_015090842.1:9547402",106,143,37
"CYBA","s1337_F_LS_02_ASEReadCounter.table","NW_015090842.1:9547553",43,66,23
"CYBA","s1337_F_LS_02_ASEReadCounter.table","NW_015090842.1:9548052",35,49,14
"CYBA","s1337_F_LS_02_ASEReadCounter.table","NW_015090842.1:9548436",42,54,12
"CYBA","s1337_F_LS_02_ASEReadCounter.table","NW_015090842.1:9548442",42,55,13
"CYBA","s1337_F_LS_02_ASEReadCounter.table","NW_015090842.1:9548478",43,57,14
"CYBA","s1337_F_LS_02_ASEReadCounter.table","NW_015090842.1:9548487",38,47,9
"CYBA","s1337_F_LS_02_ASEReadCounter.table","NW_015090842.1:9548490",37,46,9
"CYBA","s1337_F_LS_02_ASEReadCounter.table","NW_015090842.1:9548717",33,43,10
"CYBA","s1337_F_LS_02_ASEReadCounter.table","NW_015090842.1:9548750",31,42,11
"CYBA","s1337_F_LS_02_ASEReadCounter.table","NW_015090842.1:9548766",24,34,10
"MVD","s1337_F_LS_02_ASEReadCounter.table","NW_015090842.1:9550678",40,68,28
"MVD","s1337_F_LS_02_ASEReadCounter.table","NW_015090842.1:9550690",46,81,35
"MVD","s1337_F_LS_02_ASEReadCounter.table","NW_015090842.1:9550691",45,80,35
"MVD","s1337_F_LS_02_ASEReadCounter.table","NW_015090842.1:9550699",51,91,40
"MVD","s1337_F_LS_02_ASEReadCounter.table","NW_015090842.1:9550719",49,84,35
"MVD","s1337_F_LS_02_ASEReadCounter.table","NW_015090842.1:9551596",66,112,46
"MVD","s1337_F_LS_02_ASEReadCounter.table","NW_015090842.1:9551638",57,107,50
"MVD","s1337_F_LS_02_ASEReadCounter.table","NW_015090842.1:9551899",0,3,3
"MVD","s1337_F_LS_02_ASEReadCounter.table","NW_015090842.1:9552193",36,74,38
"MVD","s1337_F_LS_02_ASEReadCounter.table","NW_015090842.1:9552202",34,70,36
"MVD","s1337_F_LS_02_ASEReadCounter.table","NW_015090842.1:9552208",33,62,29
"MVD","s1337_F_LS_02_ASEReadCounter.table","NW_015090842.1:9552625",24,42,18
"MVD","s1337_F_LS_02_ASEReadCounter.table","NW_015090842.1:9552629",22,43,21
"MVD","s1337_F_LS_02_ASEReadCounter.table","NW_015090842.1:9552644",27,51,24
"MVD","s1337_F_LS_02_ASEReadCounter.table","NW_015090842.1:9553093",19,44,25
"MVD","s1337_F_LS_02_ASEReadCounter.table","NW_015090842.1:9553114",21,44,23
"RNF166","s1337_F_LS_02_ASEReadCounter.table","NW_015090842.1:9557900",21,41,20
"RNF166","s1337_F_LS_02_ASEReadCounter.table","NW_015090842.1:9558048",23,56,33
"RNF166","s1337_F_LS_02_ASEReadCounter.table","NW_015090842.1:9558116",17,45,28
"RNF166","s1337_F_LS_02_ASEReadCounter.table","NW_015090842.1:9558308",12,34,22
"RNF166","s1337_F_LS_02_ASEReadCounter.table","NW_015090842.1:9558405",12,27,15
"RNF166","s1337_F_LS_02_ASEReadCounter.table","NW_015090842.1:9558549",21,39,18
"RNF166","s1337_F_LS_02_ASEReadCounter.table","NW_015090842.1:9558556",16,34,18
"RNF166","s1337_F_LS_02_ASEReadCounter.table","NW_015090842.1:9558579",13,33,20
"RNF166","s1337_F_LS_02_ASEReadCounter.table","NW_015090842.1:9558599",12,24,12
"RNF166","s1337_F_LS_02_ASEReadCounter.table","NW_015090842.1:9558688",14,34,20
"RNF166","s1337_F_LS_02_ASEReadCounter.table","NW_015090842.1:9558711",19,39,20
"RNF166","s1337_F_LS_02_ASEReadCounter.table","NW_015090842.1:9558733",17,36,19
"RNF166","s1337_F_LS_02_ASEReadCounter.table","NW_015090842.1:9558847",16,38,22
"RNF166","s1337_F_LS_02_ASEReadCounter.table","NW_015090842.1:9559798",16,37,21
"RNF166","s1337_F_LS_02_ASEReadCounter.table","NW_015090842.1:9560575",14,26,12
"RNF166","s1337_F_LS_02_ASEReadCounter.table","NW_015090842.1:9561055",6,19,13
"RNF166","s1337_F_LS_02_ASEReadCounter.table","NW_015090842.1:9562458",9,17,8
"RNF166","s1337_F_LS_02_ASEReadCounter.table","NW_015090842.1:9562497",3,10,7
"RNF166","s1337_F_LS_02_ASEReadCounter.table","NW_015090842.1:9562539",4,7,3
"RNF166","s1337_F_LS_02_ASEReadCounter.table","NW_015090842.1:9564056",4,8,4
"CTU2","s1337_F_LS_02_ASEReadCounter.table","NW_015090842.1:9565149",11,23,12
"CTU2","s1337_F_LS_02_ASEReadCounter.table","NW_015090842.1:9565193",11,19,8
"CTU2","s1337_F_LS_02_ASEReadCounter.table","NW_015090842.1:9565300",12,20,8
"CTU2","s1337_F_LS_02_ASEReadCounter.table","NW_015090842.1:9565321",9,16,7
"CTU2","s1337_F_LS_02_ASEReadCounter.table","NW_015090842.1:9565721",11,24,13
"CTU2","s1337_F_LS_02_ASEReadCounter.table","NW_015090842.1:9565739",12,25,13
"CTU2","s1337_F_LS_02_ASEReadCounter.table","NW_015090842.1:9565905",12,25,13
"CTU2","s1337_F_LS_02_ASEReadCounter.table","NW_015090842.1:9566013",14,27,13
"CTU2","s1337_F_LS_02_ASEReadCounter.table","NW_015090842.1:9566055",18,35,17
"CTU2","s1337_F_LS_02_ASEReadCounter.table","NW_015090842.1:9566056",17,35,18
"CTU2","s1337_F_LS_02_ASEReadCounter.table","NW_015090842.1:9566151",7,30,23
"CTU2","s1337_F_LS_02_ASEReadCounter.table","NW_015090842.1:9566300",22,38,16
"CTU2","s1337_F_LS_02_ASEReadCounter.table","NW_015090842.1:9566342",20,34,14
"CTU2","s1337_F_LS_02_ASEReadCounter.table","NW_015090842.1:9566548",19,37,18
"CTU2","s1337_F_LS_02_ASEReadCounter.table","NW_015090842.1:9566625",10,32,22
"CTU2","s1337_F_LS_02_ASEReadCounter.table","NW_015090842.1:9566633",14,37,23
"CTU2","s1337_F_LS_02_ASEReadCounter.table","NW_015090842.1:9566807",19,46,27
"CTU2","s1337_F_LS_02_ASEReadCounter.table","NW_015090842.1:9567139",20,43,23
"CTU2","s1337_F_LS_02_ASEReadCounter.table","NW_015090842.1:9567156",20,41,21
"CTU2","s1337_F_LS_02_ASEReadCounter.table","NW_015090842.1:9567614",51,76,25
"CTU2","s1337_F_LS_02_ASEReadCounter.table","NW_015090842.1:9567677",38,65,27
"CTU2","s1337_F_LS_02_ASEReadCounter.table","NW_015090842.1:9567747",39,69,30
"CTU2","s1337_F_LS_02_ASEReadCounter.table","NW_015090842.1:9567828",21,38,17
"CTU2","s1337_F_LS_02_ASEReadCounter.table","NW_015090842.1:9567829",21,38,17
"CTU2","s1337_F_LS_02_ASEReadCounter.table","NW_015090842.1:9567885",16,30,14
"PIEZO1","s1337_F_LS_02_ASEReadCounter.table","NW_015090842.1:9568093",28,62,34
"PIEZO1","s1337_F_LS_02_ASEReadCounter.table","NW_015090842.1:9568672",31,63,32
"PIEZO1","s1337_F_LS_02_ASEReadCounter.table","NW_015090842.1:9568948",27,60,33
"PIEZO1","s1337_F_LS_02_ASEReadCounter.table","NW_015090842.1:9568987",22,40,18
"PIEZO1","s1337_F_LS_02_ASEReadCounter.table","NW_015090842.1:9569040",18,36,18
"PIEZO1","s1337_F_LS_02_ASEReadCounter.table","NW_015090842.1:9569180",17,33,16
"PIEZO1","s1337_F_LS_02_ASEReadCounter.table","NW_015090842.1:9569192",19,36,17
"PIEZO1","s1337_F_LS_02_ASEReadCounter.table","NW_015090842.1:9570088",3,12,9
"PIEZO1","s1337_F_LS_02_ASEReadCounter.table","NW_015090842.1:9570480",12,24,12
"PIEZO1","s1337_F_LS_02_ASEReadCounter.table","NW_015090842.1:9570639",7,18,11
"PIEZO1","s1337_F_LS_02_ASEReadCounter.table","NW_015090842.1:9571847",11,21,10
"PIEZO1","s1337_F_LS_02_ASEReadCounter.table","NW_015090842.1:9572371",3,6,3
"PIEZO1","s1337_F_LS_02_ASEReadCounter.table","NW_015090842.1:9572638",5,13,8
"PIEZO1","s1337_F_LS_02_ASEReadCounter.table","NW_015090842.1:9573156",6,12,6
"PIEZO1","s1337_F_LS_02_ASEReadCounter.table","NW_015090842.1:9573280",7,12,5
"PIEZO1","s1337_F_LS_02_ASEReadCounter.table","NW_015090842.1:9573566",2,8,6
"PIEZO1","s1337_F_LS_02_ASEReadCounter.table","NW_015090842.1:9575341",2,6,4
"PIEZO1","s1337_F_LS_02_ASEReadCounter.table","NW_015090842.1:9575367",1,5,4
"PIEZO1","s1337_F_LS_02_ASEReadCounter.table","NW_015090842.1:9575645",4,8,4
"PIEZO1","s1337_F_LS_02_ASEReadCounter.table","NW_015090842.1:9575696",5,9,4
"PIEZO1","s1337_F_LS_02_ASEReadCounter.table","NW_015090842.1:9575897",1,4,3
"PIEZO1","s1337_F_LS_02_ASEReadCounter.table","NW_015090842.1:9576060",1,4,3
"PIEZO1","s1337_F_LS_02_ASEReadCounter.table","NW_015090842.1:9576087",1,5,4
"PIEZO1","s1337_F_LS_02_ASEReadCounter.table","NW_015090842.1:9576093",2,6,4
"PIEZO1","s1337_F_LS_02_ASEReadCounter.table","NW_015090842.1:9576120",3,5,2
"PIEZO1","s1337_F_LS_02_ASEReadCounter.table","NW_015090842.1:9576687",0,2,2
"PIEZO1","s1337_F_LS_02_ASEReadCounter.table","NW_015090842.1:9576710",2,2,0
"PIEZO1","s1337_F_LS_02_ASEReadCounter.table","NW_015090842.1:9576723",0,3,3
"PIEZO1","s1337_F_LS_02_ASEReadCounter.table","NW_015090842.1:9578268",2,9,7
"PIEZO1","s1337_F_LS_02_ASEReadCounter.table","NW_015090842.1:9578770",4,4,0
"PIEZO1","s1337_F_LS_02_ASEReadCounter.table","NW_015090842.1:9578806",4,5,1
"PIEZO1","s1337_F_LS_02_ASEReadCounter.table","NW_015090842.1:9579064",6,7,1
"PIEZO1","s1337_F_LS_02_ASEReadCounter.table","NW_015090842.1:9579065",6,7,1
"PIEZO1","s1337_F_LS_02_ASEReadCounter.table","NW_015090842.1:9579347",1,3,2
"PIEZO1","s1337_F_LS_02_ASEReadCounter.table","NW_015090842.1:9580765",3,5,2
"PIEZO1","s1337_F_LS_02_ASEReadCounter.table","NW_015090842.1:9580996",0,5,5
"PIEZO1","s1337_F_LS_02_ASEReadCounter.table","NW_015090842.1:9581101",1,4,3
"PIEZO1","s1337_F_LS_02_ASEReadCounter.table","NW_015090842.1:9581299",3,6,3
"PIEZO1","s1337_F_LS_02_ASEReadCounter.table","NW_015090842.1:9581875",1,4,3
"PIEZO1","s1337_F_LS_02_ASEReadCounter.table","NW_015090842.1:9582046",2,6,4
"PIEZO1","s1337_F_LS_02_ASEReadCounter.table","NW_015090842.1:9583298",1,4,3
"PIEZO1","s1337_F_LS_02_ASEReadCounter.table","NW_015090842.1:9584337",2,5,3
"PIEZO1","s1337_F_LS_02_ASEReadCounter.table","NW_015090842.1:9584425",2,5,3
"PIEZO1","s1337_F_LS_02_ASEReadCounter.table","NW_015090842.1:9584435",2,5,3
"PIEZO1","s1337_F_LS_02_ASEReadCounter.table","NW_015090842.1:9584438",2,5,3
"PIEZO1","s1337_F_LS_02_ASEReadCounter.table","NW_015090842.1:9584441",1,4,3
"CDT1","s1337_F_LS_02_ASEReadCounter.table","NW_015090842.1:9596596",3,3,0
"CDT1","s1337_F_LS_02_ASEReadCounter.table","NW_015090842.1:9596766",2,3,1
"CDT1","s1337_F_LS_02_ASEReadCounter.table","NW_015090842.1:9597054",3,5,2
"CDT1","s1337_F_LS_02_ASEReadCounter.table","NW_015090842.1:9597074",4,8,4
"CDT1","s1337_F_LS_02_ASEReadCounter.table","NW_015090842.1:9597137",6,11,5
"CDT1","s1337_F_LS_02_ASEReadCounter.table","NW_015090842.1:9597756",3,7,4
"CDT1","s1337_F_LS_02_ASEReadCounter.table","NW_015090842.1:9597766",2,6,4
"CDT1","s1337_F_LS_02_ASEReadCounter.table","NW_015090842.1:9598496",9,10,1
"CDT1","s1337_F_LS_02_ASEReadCounter.table","NW_015090842.1:9598498",9,9,0
"CDT1","s1337_F_LS_02_ASEReadCounter.table","NW_015090842.1:9598816",2,4,2
"CDT1","s1337_F_LS_02_ASEReadCounter.table","NW_015090842.1:9598879",9,12,3
"CDT1","s1337_F_LS_02_ASEReadCounter.table","NW_015090842.1:9598912",13,14,1
"CDT1","s1337_F_LS_02_ASEReadCounter.table","NW_015090842.1:9598959",14,18,4
"CDT1","s1337_F_LS_02_ASEReadCounter.table","NW_015090842.1:9599807",10,16,6
"CDT1","s1337_F_LS_02_ASEReadCounter.table","NW_015090842.1:9599819",8,13,5
"CDT1","s1337_F_LS_02_ASEReadCounter.table","NW_015090842.1:9599845",9,14,5
"CDT1","s1337_F_LS_02_ASEReadCounter.table","NW_015090842.1:9600148",7,12,5
"CDT1","s1337_F_LS_02_ASEReadCounter.table","NW_015090842.1:9600151",8,14,6
"CDT1","s1337_F_LS_02_ASEReadCounter.table","NW_015090842.1:9600217",7,13,6
"CDT1","s1337_F_LS_02_ASEReadCounter.table","NW_015090842.1:9600226",8,12,4
"CDT1","s1337_F_LS_02_ASEReadCounter.table","NW_015090842.1:9600260",8,14,6
"CDT1","s1337_F_LS_02_ASEReadCounter.table","NW_015090842.1:9600268",9,14,5
"CDT1","s1337_F_LS_02_ASEReadCounter.table","NW_015090842.1:9600305",14,24,10
"CDT1","s1337_F_LS_02_ASEReadCounter.table","NW_015090842.1:9600397",12,18,6
"CDT1","s1337_F_LS_02_ASEReadCounter.table","NW_015090842.1:9600447",10,13,3
"CDT1","s1337_F_LS_02_ASEReadCounter.table","NW_015090842.1:9600450",11,13,2
"CDT1","s1337_F_LS_02_ASEReadCounter.table","NW_015090842.1:9600485",15,17,2
"CDT1","s1337_F_LS_02_ASEReadCounter.table","NW_015090842.1:9600579",9,17,8
"APRT","s1337_F_LS_02_ASEReadCounter.table","NW_015090842.1:9602308",43,116,73
"APRT","s1337_F_LS_02_ASEReadCounter.table","NW_015090842.1:9602440",84,218,134
"APRT","s1337_F_LS_02_ASEReadCounter.table","NW_015090842.1:9602449",86,218,132
"APRT","s1337_F_LS_02_ASEReadCounter.table","NW_015090842.1:9602451",86,228,142
"APRT","s1337_F_LS_02_ASEReadCounter.table","NW_015090842.1:9602455",90,231,141
"APRT","s1337_F_LS_02_ASEReadCounter.table","NW_015090842.1:9602462",89,221,132
"APRT","s1337_F_LS_02_ASEReadCounter.table","NW_015090842.1:9602507",70,206,136
"APRT","s1337_F_LS_02_ASEReadCounter.table","NW_015090842.1:9602514",69,207,138
"APRT","s1337_F_LS_02_ASEReadCounter.table","NW_015090842.1:9602530",58,180,122
"APRT","s1337_F_LS_02_ASEReadCounter.table","NW_015090842.1:9602582",38,154,116
"APRT","s1337_F_LS_02_ASEReadCounter.table","NW_015090842.1:9602583",39,154,115
"APRT","s1337_F_LS_02_ASEReadCounter.table","NW_015090842.1:9602650",50,168,118
"APRT","s1337_F_LS_02_ASEReadCounter.table","NW_015090842.1:9602655",50,169,119
"APRT","s1337_F_LS_02_ASEReadCounter.table","NW_015090842.1:9602712",44,168,124
"APRT","s1337_F_LS_02_ASEReadCounter.table","NW_015090842.1:9602764",44,165,121
"APRT","s1337_F_LS_02_ASEReadCounter.table","NW_015090842.1:9602821",53,144,91
"APRT","s1337_F_LS_02_ASEReadCounter.table","NW_015090842.1:9602867",52,128,76
"APRT","s1337_F_LS_02_ASEReadCounter.table","NW_015090842.1:9602883",52,131,79
"APRT","s1337_F_LS_02_ASEReadCounter.table","NW_015090842.1:9602886",54,134,80
"APRT","s1337_F_LS_02_ASEReadCounter.table","NW_015090842.1:9602948",46,140,94
"APRT","s1337_F_LS_02_ASEReadCounter.table","NW_015090842.1:9602958",47,144,97
"APRT","s1337_F_LS_02_ASEReadCounter.table","NW_015090842.1:9603020",47,157,110
"APRT","s1337_F_LS_02_ASEReadCounter.table","NW_015090842.1:9603025",49,158,109
"APRT","s1337_F_LS_02_ASEReadCounter.table","NW_015090842.1:9603154",42,119,77
"APRT","s1337_F_LS_02_ASEReadCounter.table","NW_015090842.1:9603166",41,138,97
"APRT","s1337_F_LS_02_ASEReadCounter.table","NW_015090842.1:9603326",35,122,87
"APRT","s1337_F_LS_02_ASEReadCounter.table","NW_015090842.1:9603419",30,84,54
"APRT","s1337_F_LS_02_ASEReadCounter.table","NW_015090842.1:9603420",30,85,55
"APRT","s1337_F_LS_02_ASEReadCounter.table","NW_015090842.1:9603464",21,68,47
"APRT","s1337_F_LS_02_ASEReadCounter.table","NW_015090842.1:9603528",31,96,65
"APRT","s1337_F_LS_02_ASEReadCounter.table","NW_015090842.1:9603607",24,77,53
"APRT","s1337_F_LS_02_ASEReadCounter.table","NW_015090842.1:9603622",22,71,49
"APRT","s1337_F_LS_02_ASEReadCounter.table","NW_015090842.1:9604361",15,82,67
"APRT","s1337_F_LS_02_ASEReadCounter.table","NW_015090842.1:9605317",11,37,26
"APRT","s1337_F_LS_02_ASEReadCounter.table","NW_015090842.1:9605336",12,43,31
"GALNS","s1337_F_LS_02_ASEReadCounter.table","NW_015090842.1:9612872",6,13,7
"GALNS","s1337_F_LS_02_ASEReadCounter.table","NW_015090842.1:9612873",4,11,7
"GALNS","s1337_F_LS_02_ASEReadCounter.table","NW_015090842.1:9612877",5,8,3
"GALNS","s1337_F_LS_02_ASEReadCounter.table","NW_015090842.1:9612942",9,24,15
"GALNS","s1337_F_LS_02_ASEReadCounter.table","NW_015090842.1:9612987",14,20,6
"GALNS","s1337_F_LS_02_ASEReadCounter.table","NW_015090842.1:9613064",11,22,11
"GALNS","s1337_F_LS_02_ASEReadCounter.table","NW_015090842.1:9613096",17,36,19
"GALNS","s1337_F_LS_02_ASEReadCounter.table","NW_015090842.1:9613123",13,32,19
"GALNS","s1337_F_LS_02_ASEReadCounter.table","NW_015090842.1:9613125",13,31,18
"GALNS","s1337_F_LS_02_ASEReadCounter.table","NW_015090842.1:9613193",18,30,12
"GALNS","s1337_F_LS_02_ASEReadCounter.table","NW_015090842.1:9613226",15,27,12
"GALNS","s1337_F_LS_02_ASEReadCounter.table","NW_015090842.1:9613249",15,31,16
"GALNS","s1337_F_LS_02_ASEReadCounter.table","NW_015090842.1:9613256",17,37,20
"GALNS","s1337_F_LS_02_ASEReadCounter.table","NW_015090842.1:9613317",20,42,22
"GALNS","s1337_F_LS_02_ASEReadCounter.table","NW_015090842.1:9613343",17,35,18
"GALNS","s1337_F_LS_02_ASEReadCounter.table","NW_015090842.1:9613344",17,35,18
"GALNS","s1337_F_LS_02_ASEReadCounter.table","NW_015090842.1:9613371",19,40,21
"GALNS","s1337_F_LS_02_ASEReadCounter.table","NW_015090842.1:9613378",17,38,21
"GALNS","s1337_F_LS_02_ASEReadCounter.table","NW_015090842.1:9613379",17,38,21
"GALNS","s1337_F_LS_02_ASEReadCounter.table","NW_015090842.1:9613516",11,28,17
"GALNS","s1337_F_LS_02_ASEReadCounter.table","NW_015090842.1:9613572",8,24,16
"GALNS","s1337_F_LS_02_ASEReadCounter.table","NW_015090842.1:9613597",7,25,18
"GALNS","s1337_F_LS_02_ASEReadCounter.table","NW_015090842.1:9613627",3,15,12
"GALNS","s1337_F_LS_02_ASEReadCounter.table","NW_015090842.1:9613640",3,14,11
"GALNS","s1337_F_LS_02_ASEReadCounter.table","NW_015090842.1:9614025",7,16,9
"GALNS","s1337_F_LS_02_ASEReadCounter.table","NW_015090842.1:9614169",7,12,5
"GALNS","s1337_F_LS_02_ASEReadCounter.table","NW_015090842.1:9614232",5,14,9
"GALNS","s1337_F_LS_02_ASEReadCounter.table","NW_015090842.1:9614667",6,10,4
"GALNS","s1337_F_LS_02_ASEReadCounter.table","NW_015090842.1:9614709",4,6,2
"GALNS","s1337_F_LS_02_ASEReadCounter.table","NW_015090842.1:9614880",4,9,5
"GALNS","s1337_F_LS_02_ASEReadCounter.table","NW_015090842.1:9614902",4,10,6
"GALNS","s1337_F_LS_02_ASEReadCounter.table","NW_015090842.1:9614960",3,7,4
"GALNS","s1337_F_LS_02_ASEReadCounter.table","NW_015090842.1:9615114",6,15,9
"GALNS","s1337_F_LS_02_ASEReadCounter.table","NW_015090842.1:9615199",4,10,6
"GALNS","s1337_F_LS_02_ASEReadCounter.table","NW_015090842.1:9615217",3,9,6
"GALNS","s1337_F_LS_02_ASEReadCounter.table","NW_015090842.1:9615277",2,6,4
"GALNS","s1337_F_LS_02_ASEReadCounter.table","NW_015090842.1:9615377",6,15,9
"GALNS","s1337_F_LS_02_ASEReadCounter.table","NW_015090842.1:9647858",2,4,2
"GALNS","s1337_F_LS_02_ASEReadCounter.table","NW_015090842.1:9649186",4,6,2
"GALNS","s1337_F_LS_02_ASEReadCounter.table","NW_015090842.1:9649237",4,7,3
"TRAPPC2L","s1337_F_LS_02_ASEReadCounter.table","NW_015090842.1:9662951",123,202,79
"TRAPPC2L","s1337_F_LS_02_ASEReadCounter.table","NW_015090842.1:9663014",147,238,91
"TRAPPC2L","s1337_F_LS_02_ASEReadCounter.table","NW_015090842.1:9664305",112,246,134
"TRAPPC2L","s1337_F_LS_02_ASEReadCounter.table","NW_015090842.1:9665155",131,233,102
"TRAPPC2L","s1337_F_LS_02_ASEReadCounter.table","NW_015090842.1:9665211",40,74,34
"CBFA2T3","s1337_F_LS_02_ASEReadCounter.table","NW_015090842.1:9709469",1,13,12
"CBFA2T3","s1337_F_LS_02_ASEReadCounter.table","NW_015090842.1:9709475",0,14,14
"CBFA2T3","s1337_F_LS_02_ASEReadCounter.table","NW_015090842.1:9711845",0,3,3
"CBFA2T3","s1337_F_LS_02_ASEReadCounter.table","NW_015090842.1:9712157",0,4,4
"CBFA2T3","s1337_F_LS_02_ASEReadCounter.table","NW_015090842.1:9712160",0,4,4
"CBFA2T3","s1337_F_LS_02_ASEReadCounter.table","NW_015090842.1:9712166",0,4,4
"CBFA2T3","s1337_F_LS_02_ASEReadCounter.table","NW_015090842.1:9712536",0,1,1
"CBFA2T3","s1337_F_LS_02_ASEReadCounter.table","NW_015090842.1:9712673",0,1,1
"CBFA2T3","s1337_F_LS_02_ASEReadCounter.table","NW_015090842.1:9712787",1,7,6
"CBFA2T3","s1337_F_LS_02_ASEReadCounter.table","NW_015090842.1:9712791",1,6,5
"CBFA2T3","s1337_F_LS_02_ASEReadCounter.table","NW_015090842.1:9712805",1,6,5
"CBFA2T3","s1337_F_LS_02_ASEReadCounter.table","NW_015090842.1:9712811",1,8,7
"CBFA2T3","s1337_F_LS_02_ASEReadCounter.table","NW_015090842.1:9712848",1,8,7
"CBFA2T3","s1337_F_LS_02_ASEReadCounter.table","NW_015090842.1:9713088",0,3,3
"CBFA2T3","s1337_F_LS_02_ASEReadCounter.table","NW_015090842.1:9713121",0,6,6
"CBFA2T3","s1337_F_LS_02_ASEReadCounter.table","NW_015090842.1:9717058",3,9,6
"CBFA2T3","s1337_F_LS_02_ASEReadCounter.table","NW_015090842.1:9717093",4,8,4
"CBFA2T3","s1337_F_LS_02_ASEReadCounter.table","NW_015090842.1:9717114",4,7,3
"CBFA2T3","s1337_F_LS_02_ASEReadCounter.table","NW_015090842.1:9717139",3,4,1
"CBFA2T3","s1337_F_LS_02_ASEReadCounter.table","NW_015090842.1:9719788",1,4,3
"CBFA2T3","s1337_F_LS_02_ASEReadCounter.table","NW_015090842.1:9728654",1,1,0
"ACSF3","s1337_F_LS_02_ASEReadCounter.table","NW_015090842.1:9773382",1,2,1
"ACSF3","s1337_F_LS_02_ASEReadCounter.table","NW_015090842.1:9773384",1,2,1
"ACSF3","s1337_F_LS_02_ASEReadCounter.table","NW_015090842.1:9773388",2,4,2
"ACSF3","s1337_F_LS_02_ASEReadCounter.table","NW_015090842.1:9776753",6,7,1
"ACSF3","s1337_F_LS_02_ASEReadCounter.table","NW_015090842.1:9776783",8,9,1
"ACSF3","s1337_F_LS_02_ASEReadCounter.table","NW_015090842.1:9776879",7,10,3
"ACSF3","s1337_F_LS_02_ASEReadCounter.table","NW_015090842.1:9776965",6,10,4
"ACSF3","s1337_F_LS_02_ASEReadCounter.table","NW_015090842.1:9777091",5,8,3
"ACSF3","s1337_F_LS_02_ASEReadCounter.table","NW_015090842.1:9777206",5,10,5
"ACSF3","s1337_F_LS_02_ASEReadCounter.table","NW_015090842.1:9777283",8,12,4
"ACSF3","s1337_F_LS_02_ASEReadCounter.table","NW_015090842.1:9778955",14,29,15
"ACSF3","s1337_F_LS_02_ASEReadCounter.table","NW_015090842.1:9778997",22,47,25
"ACSF3","s1337_F_LS_02_ASEReadCounter.table","NW_015090842.1:9789311",21,41,20
"ACSF3","s1337_F_LS_02_ASEReadCounter.table","NW_015090842.1:9789906",1,30,29
"ACSF3","s1337_F_LS_02_ASEReadCounter.table","NW_015090842.1:9834743",47,90,43
"ACSF3","s1337_F_LS_02_ASEReadCounter.table","NW_015090842.1:9834852",56,100,44
"ACSF3","s1337_F_LS_02_ASEReadCounter.table","NW_015090842.1:9834861",50,92,42
"ACSF3","s1337_F_LS_02_ASEReadCounter.table","NW_015090842.1:9839359",36,81,45
"ACSF3","s1337_F_LS_02_ASEReadCounter.table","NW_015090842.1:9839378",33,80,47
"ACSF3","s1337_F_LS_02_ASEReadCounter.table","NW_015090842.1:9839455",29,79,50
"ACSF3","s1337_F_LS_02_ASEReadCounter.table","NW_015090842.1:9839457",28,73,45
"ACSF3","s1337_F_LS_02_ASEReadCounter.table","NW_015090842.1:9839489",27,61,34
"ACSF3","s1337_F_LS_02_ASEReadCounter.table","NW_015090842.1:9839500",20,54,34
"ACSF3","s1337_F_LS_02_ASEReadCounter.table","NW_015090842.1:9839501",20,55,35
"ACSF3","s1337_F_LS_02_ASEReadCounter.table","NW_015090842.1:9839504",23,57,34
"ACSF3","s1337_F_LS_02_ASEReadCounter.table","NW_015090842.1:9839512",21,51,30
"ACSF3","s1337_F_LS_02_ASEReadCounter.table","NW_015090842.1:9839527",21,47,26
"ACSF3","s1337_F_LS_02_ASEReadCounter.table","NW_015090842.1:9839533",14,40,26
"ACSF3","s1337_F_LS_02_ASEReadCounter.table","NW_015090842.1:9839535",14,36,22
"ACSF3","s1337_F_LS_02_ASEReadCounter.table","NW_015090842.1:9839545",8,27,19
"ACSF3","s1337_F_LS_02_ASEReadCounter.table","NW_015090842.1:9839550",4,20,16
"ACSF3","s1337_F_LS_02_ASEReadCounter.table","NW_015090842.1:9839551",4,22,18
"CDH15","s1337_F_LS_02_ASEReadCounter.table","NW_015090842.1:9847163",1,1,0
"CDH15","s1337_F_LS_02_ASEReadCounter.table","NW_015090842.1:9847174",1,1,0
"CDH15","s1337_F_LS_02_ASEReadCounter.table","NW_015090842.1:9848004",2,3,1
"CDH15","s1337_F_LS_02_ASEReadCounter.table","NW_015090842.1:9848888",0,1,1
"CDH15","s1337_F_LS_02_ASEReadCounter.table","NW_015090842.1:9849119",0,1,1
"CDH15","s1337_F_LS_02_ASEReadCounter.table","NW_015090842.1:9849140",0,2,2
"CDH15","s1337_F_LS_02_ASEReadCounter.table","NW_015090842.1:9850141",0,1,1
"SLC22A31","s1337_F_LS_02_ASEReadCounter.table","NW_015090842.1:9850797",2,2,0
"SLC22A31","s1337_F_LS_02_ASEReadCounter.table","NW_015090842.1:9850818",2,2,0
"SLC22A31","s1337_F_LS_02_ASEReadCounter.table","NW_015090842.1:9850929",2,2,0
"SLC22A31","s1337_F_LS_02_ASEReadCounter.table","NW_015090842.1:9850936",2,2,0
"SLC22A31","s1337_F_LS_02_ASEReadCounter.table","NW_015090842.1:9850940",2,2,0
"SLC22A31","s1337_F_LS_02_ASEReadCounter.table","NW_015090842.1:9850948",2,2,0
"SLC22A31","s1337_F_LS_02_ASEReadCounter.table","NW_015090842.1:9850961",1,1,0
"SLC22A31","s1337_F_LS_02_ASEReadCounter.table","NW_015090842.1:9850970",1,1,0
"SLC22A31","s1337_F_LS_02_ASEReadCounter.table","NW_015090842.1:9850978",2,2,0
"SLC22A31","s1337_F_LS_02_ASEReadCounter.table","NW_015090842.1:9850981",2,2,0
"SLC22A31","s1337_F_LS_02_ASEReadCounter.table","NW_015090842.1:9851117",6,16,10
"SLC22A31","s1337_F_LS_02_ASEReadCounter.table","NW_015090842.1:9851130",8,17,9
"SLC22A31","s1337_F_LS_02_ASEReadCounter.table","NW_015090842.1:9851139",8,20,12
"SLC22A31","s1337_F_LS_02_ASEReadCounter.table","NW_015090842.1:9851265",9,33,24
"SLC22A31","s1337_F_LS_02_ASEReadCounter.table","NW_015090842.1:9851302",10,29,19
"SLC22A31","s1337_F_LS_02_ASEReadCounter.table","NW_015090842.1:9851303",10,30,20
"SLC22A31","s1337_F_LS_02_ASEReadCounter.table","NW_015090842.1:9851305",10,30,20
"SLC22A31","s1337_F_LS_02_ASEReadCounter.table","NW_015090842.1:9851343",10,25,15
"SLC22A31","s1337_F_LS_02_ASEReadCounter.table","NW_015090842.1:9851344",13,25,12
"SLC22A31","s1337_F_LS_02_ASEReadCounter.table","NW_015090842.1:9851361",10,27,17
"SLC22A31","s1337_F_LS_02_ASEReadCounter.table","NW_015090842.1:9851381",22,36,14
"SLC22A31","s1337_F_LS_02_ASEReadCounter.table","NW_015090842.1:9851421",21,35,14
"SLC22A31","s1337_F_LS_02_ASEReadCounter.table","NW_015090842.1:9851501",2,9,7
"SLC22A31","s1337_F_LS_02_ASEReadCounter.table","NW_015090842.1:9851526",8,22,14
"SLC22A31","s1337_F_LS_02_ASEReadCounter.table","NW_015090842.1:9851589",9,23,14
"SLC22A31","s1337_F_LS_02_ASEReadCounter.table","NW_015090842.1:9851712",8,29,21
"SLC22A31","s1337_F_LS_02_ASEReadCounter.table","NW_015090842.1:9851899",4,19,15
"SLC22A31","s1337_F_LS_02_ASEReadCounter.table","NW_015090842.1:9852139",9,19,10
"SLC22A31","s1337_F_LS_02_ASEReadCounter.table","NW_015090842.1:9852380",6,20,14
"SLC22A31","s1337_F_LS_02_ASEReadCounter.table","NW_015090842.1:9852431",4,12,8
"SLC22A31","s1337_F_LS_02_ASEReadCounter.table","NW_015090842.1:9852630",4,13,9
"SLC22A31","s1337_F_LS_02_ASEReadCounter.table","NW_015090842.1:9852711",3,12,9
"SLC22A31","s1337_F_LS_02_ASEReadCounter.table","NW_015090842.1:9853099",4,8,4
"SLC22A31","s1337_F_LS_02_ASEReadCounter.table","NW_015090842.1:9853102",4,8,4
"SLC22A31","s1337_F_LS_02_ASEReadCounter.table","NW_015090842.1:9853421",2,2,0
"SLC22A31","s1337_F_LS_02_ASEReadCounter.table","NW_015090842.1:9853457",3,4,1
"SLC22A31","s1337_F_LS_02_ASEReadCounter.table","NW_015090842.1:9853502",2,3,1
"ANKRD11","s1337_F_LS_02_ASEReadCounter.table","NW_015090842.1:9858863",17,59,42
"ANKRD11","s1337_F_LS_02_ASEReadCounter.table","NW_015090842.1:9859101",202,426,224
"ANKRD11","s1337_F_LS_02_ASEReadCounter.table","NW_015090842.1:9859352",242,508,266
"ANKRD11","s1337_F_LS_02_ASEReadCounter.table","NW_015090842.1:9859381",114,321,207
"ANKRD11","s1337_F_LS_02_ASEReadCounter.table","NW_015090842.1:9859679",222,453,231
"ANKRD11","s1337_F_LS_02_ASEReadCounter.table","NW_015090842.1:9861097",108,240,132
"ANKRD11","s1337_F_LS_02_ASEReadCounter.table","NW_015090842.1:9862571",81,160,79
"ANKRD11","s1337_F_LS_02_ASEReadCounter.table","NW_015090842.1:9862652",47,81,34
"ANKRD11","s1337_F_LS_02_ASEReadCounter.table","NW_015090842.1:9866071",0,77,77
"ANKRD11","s1337_F_LS_02_ASEReadCounter.table","NW_015090842.1:9866200",0,65,65
"ANKRD11","s1337_F_LS_02_ASEReadCounter.table","NW_015090842.1:9867391",10,23,13
"ANKRD11","s1337_F_LS_02_ASEReadCounter.table","NW_015090842.1:9867472",16,31,15
"ANKRD11","s1337_F_LS_02_ASEReadCounter.table","NW_015090842.1:9867559",17,41,24
"ANKRD11","s1337_F_LS_02_ASEReadCounter.table","NW_015090842.1:9867667",16,41,25
"ANKRD11","s1337_F_LS_02_ASEReadCounter.table","NW_015090842.1:9867934",15,40,25
"ANKRD11","s1337_F_LS_02_ASEReadCounter.table","NW_015090842.1:9868064",21,43,22
"ANKRD11","s1337_F_LS_02_ASEReadCounter.table","NW_015090842.1:9868093",23,48,25
"ANKRD11","s1337_F_LS_02_ASEReadCounter.table","NW_015090842.1:9868222",29,60,31
"ANKRD11","s1337_F_LS_02_ASEReadCounter.table","NW_015090842.1:9868327",45,84,39
"ANKRD11","s1337_F_LS_02_ASEReadCounter.table","NW_015090842.1:9868414",55,121,66
"ANKRD11","s1337_F_LS_02_ASEReadCounter.table","NW_015090842.1:9868441",54,112,58
"ANKRD11","s1337_F_LS_02_ASEReadCounter.table","NW_015090842.1:9868444",56,118,62
"ANKRD11","s1337_F_LS_02_ASEReadCounter.table","NW_015090842.1:9868519",53,112,59
"ANKRD11","s1337_F_LS_02_ASEReadCounter.table","NW_015090842.1:9868609",77,163,86
"ANKRD11","s1337_F_LS_02_ASEReadCounter.table","NW_015090842.1:9868666",89,194,105
"ANKRD11","s1337_F_LS_02_ASEReadCounter.table","NW_015090842.1:9868738",116,230,114
"ANKRD11","s1337_F_LS_02_ASEReadCounter.table","NW_015090842.1:9869431",218,403,185
"ANKRD11","s1337_F_LS_02_ASEReadCounter.table","NW_015090842.1:9869578",297,555,258
"ANKRD11","s1337_F_LS_02_ASEReadCounter.table","NW_015090842.1:9869734",284,568,284
"ANKRD11","s1337_F_LS_02_ASEReadCounter.table","NW_015090842.1:9870070",263,605,342
"ANKRD11","s1337_F_LS_02_ASEReadCounter.table","NW_015090842.1:9870349",375,760,385
"ANKRD11","s1337_F_LS_02_ASEReadCounter.table","NW_015090842.1:9870604",440,858,418
"ANKRD11","s1337_F_LS_02_ASEReadCounter.table","NW_015090842.1:9870613",484,912,428
"ANKRD11","s1337_F_LS_02_ASEReadCounter.table","NW_015090842.1:9870685",486,1037,551
"ANKRD11","s1337_F_LS_02_ASEReadCounter.table","NW_015090842.1:9870760",440,947,507
"ANKRD11","s1337_F_LS_02_ASEReadCounter.table","NW_015090842.1:9870847",402,863,461
"ANKRD11","s1337_F_LS_02_ASEReadCounter.table","NW_015090842.1:9871103",288,565,277
"ANKRD11","s1337_F_LS_02_ASEReadCounter.table","NW_015090842.1:9871165",266,592,326
"ANKRD11","s1337_F_LS_02_ASEReadCounter.table","NW_015090842.1:9871508",157,315,158
"ANKRD11","s1337_F_LS_02_ASEReadCounter.table","NW_015090842.1:9871820",49,112,63
"ANKRD11","s1337_F_LS_02_ASEReadCounter.table","NW_015090842.1:9872118",45,107,62
"ANKRD11","s1337_F_LS_02_ASEReadCounter.table","NW_015090842.1:9877406",11,28,17
"SPG7","s1337_F_LS_02_ASEReadCounter.table","NW_015090842.1:10051190",56,114,58
"SPG7","s1337_F_LS_02_ASEReadCounter.table","NW_015090842.1:10051218",59,129,70
"SPG7","s1337_F_LS_02_ASEReadCounter.table","NW_015090842.1:10052348",83,145,62
"SPG7","s1337_F_LS_02_ASEReadCounter.table","NW_015090842.1:10052366",84,147,63
"SPG7","s1337_F_LS_02_ASEReadCounter.table","NW_015090842.1:10065173",114,239,125
"SPG7","s1337_F_LS_02_ASEReadCounter.table","NW_015090842.1:10065215",114,236,122
"SPG7","s1337_F_LS_02_ASEReadCounter.table","NW_015090842.1:10066365",115,234,119
"SPG7","s1337_F_LS_02_ASEReadCounter.table","NW_015090842.1:10069752",158,304,146
"SPG7","s1337_F_LS_02_ASEReadCounter.table","NW_015090842.1:10069800",168,328,160
"SPG7","s1337_F_LS_02_ASEReadCounter.table","NW_015090842.1:10071192",187,382,195
"SPG7","s1337_F_LS_02_ASEReadCounter.table","NW_015090842.1:10071219",161,342,181
"SPG7","s1337_F_LS_02_ASEReadCounter.table","NW_015090842.1:10071967",188,359,171
"SPG7","s1337_F_LS_02_ASEReadCounter.table","NW_015090842.1:10075109",407,751,344
"SPG7","s1337_F_LS_02_ASEReadCounter.table","NW_015090842.1:10075114",412,745,333
"SPG7","s1337_F_LS_02_ASEReadCounter.table","NW_015090842.1:10075198",335,575,240
"SPG7","s1337_F_LS_02_ASEReadCounter.table","NW_015090842.1:10075487",279,552,273
"SPG7","s1337_F_LS_02_ASEReadCounter.table","NW_015090842.1:10075488",279,553,274
"SPG7","s1337_F_LS_02_ASEReadCounter.table","NW_015090842.1:10075548",265,493,228
"RPL13","s1337_F_LS_02_ASEReadCounter.table","NW_015090842.1:10077387",456,989,533
"RPL13","s1337_F_LS_02_ASEReadCounter.table","NW_015090842.1:10077978",734,1623,889
"RPL13","s1337_F_LS_02_ASEReadCounter.table","NW_015090842.1:10077992",740,1598,858
"CPNE7","s1337_F_LS_02_ASEReadCounter.table","NW_015090842.1:10084001",8,18,10
"CPNE7","s1337_F_LS_02_ASEReadCounter.table","NW_015090842.1:10084856",6,10,4
"CPNE7","s1337_F_LS_02_ASEReadCounter.table","NW_015090842.1:10084872",5,10,5
"CPNE7","s1337_F_LS_02_ASEReadCounter.table","NW_015090842.1:10084892",5,13,8
"CPNE7","s1337_F_LS_02_ASEReadCounter.table","NW_015090842.1:10084921",8,23,15
"CPNE7","s1337_F_LS_02_ASEReadCounter.table","NW_015090842.1:10084935",9,25,16
"CPNE7","s1337_F_LS_02_ASEReadCounter.table","NW_015090842.1:10085000",12,25,13
"CPNE7","s1337_F_LS_02_ASEReadCounter.table","NW_015090842.1:10085089",10,23,13
"CPNE7","s1337_F_LS_02_ASEReadCounter.table","NW_015090842.1:10085096",10,24,14
"CPNE7","s1337_F_LS_02_ASEReadCounter.table","NW_015090842.1:10085126",13,23,10
"CPNE7","s1337_F_LS_02_ASEReadCounter.table","NW_015090842.1:10085167",10,21,11
"CPNE7","s1337_F_LS_02_ASEReadCounter.table","NW_015090842.1:10085180",11,23,12
"CPNE7","s1337_F_LS_02_ASEReadCounter.table","NW_015090842.1:10085201",10,22,12
"CPNE7","s1337_F_LS_02_ASEReadCounter.table","NW_015090842.1:10088134",16,32,16
"CPNE7","s1337_F_LS_02_ASEReadCounter.table","NW_015090842.1:10088146",15,31,16
"CPNE7","s1337_F_LS_02_ASEReadCounter.table","NW_015090842.1:10088806",18,41,23
"CPNE7","s1337_F_LS_02_ASEReadCounter.table","NW_015090842.1:10088940",25,54,29
"CPNE7","s1337_F_LS_02_ASEReadCounter.table","NW_015090842.1:10088965",24,51,27
"CPNE7","s1337_F_LS_02_ASEReadCounter.table","NW_015090842.1:10088967",23,50,27
"CPNE7","s1337_F_LS_02_ASEReadCounter.table","NW_015090842.1:10088973",26,52,26
"CPNE7","s1337_F_LS_02_ASEReadCounter.table","NW_015090842.1:10090924",48,99,51
"CPNE7","s1337_F_LS_02_ASEReadCounter.table","NW_015090842.1:10090930",48,99,51
"CPNE7","s1337_F_LS_02_ASEReadCounter.table","NW_015090842.1:10091075",55,108,53
"CPNE7","s1337_F_LS_02_ASEReadCounter.table","NW_015090842.1:10091389",71,144,73
"CPNE7","s1337_F_LS_02_ASEReadCounter.table","NW_015090842.1:10091407",73,154,81
"CPNE7","s1337_F_LS_02_ASEReadCounter.table","NW_015090842.1:10091488",95,164,69
"CPNE7","s1337_F_LS_02_ASEReadCounter.table","NW_015090842.1:10091491",94,168,74
"CPNE7","s1337_F_LS_02_ASEReadCounter.table","NW_015090842.1:10091530",78,173,95
"CPNE7","s1337_F_LS_02_ASEReadCounter.table","NW_015090842.1:10091875",91,213,122
"CPNE7","s1337_F_LS_02_ASEReadCounter.table","NW_015090842.1:10091983",93,210,117
"CPNE7","s1337_F_LS_02_ASEReadCounter.table","NW_015090842.1:10091997",98,219,121
"CPNE7","s1337_F_LS_02_ASEReadCounter.table","NW_015090842.1:10092038",47,143,96
"CPNE7","s1337_F_LS_02_ASEReadCounter.table","NW_015090842.1:10092140",86,190,104
"CPNE7","s1337_F_LS_02_ASEReadCounter.table","NW_015090842.1:10092183",63,138,75
"CPNE7","s1337_F_LS_02_ASEReadCounter.table","NW_015090842.1:10092201",55,117,62
"CPNE7","s1337_F_LS_02_ASEReadCounter.table","NW_015090842.1:10092230",36,92,56
"CPNE7","s1337_F_LS_02_ASEReadCounter.table","NW_015090842.1:10092246",19,61,42
"LOC106888185","s1337_F_LS_02_ASEReadCounter.table","NW_015090842.1:10094965",0,4,4
"LOC106888185","s1337_F_LS_02_ASEReadCounter.table","NW_015090842.1:10094966",1,3,2
"LOC106888185","s1337_F_LS_02_ASEReadCounter.table","NW_015090842.1:10094985",1,5,4
"LOC106888185","s1337_F_LS_02_ASEReadCounter.table","NW_015090842.1:10095055",0,6,6
"LOC106888185","s1337_F_LS_02_ASEReadCounter.table","NW_015090842.1:10095062",0,5,5
"LOC106888185","s1337_F_LS_02_ASEReadCounter.table","NW_015090842.1:10095130",1,6,5
"LOC106888185","s1337_F_LS_02_ASEReadCounter.table","NW_015090842.1:10095265",5,15,10
"LOC106888185","s1337_F_LS_02_ASEReadCounter.table","NW_015090842.1:10095586",4,14,10
"LOC106888185","s1337_F_LS_02_ASEReadCounter.table","NW_015090842.1:10095593",4,13,9
"LOC106888185","s1337_F_LS_02_ASEReadCounter.table","NW_015090842.1:10095616",0,10,10
"LOC106888185","s1337_F_LS_02_ASEReadCounter.table","NW_015090842.1:10095662",0,6,6
"LOC106888185","s1337_F_LS_02_ASEReadCounter.table","NW_015090842.1:10095674",0,5,5
"LOC106888185","s1337_F_LS_02_ASEReadCounter.table","NW_015090842.1:10095786",2,5,3
"LOC106888185","s1337_F_LS_02_ASEReadCounter.table","NW_015090842.1:10095831",2,5,3
"LOC106888185","s1337_F_LS_02_ASEReadCounter.table","NW_015090842.1:10096230",1,3,2
"LOC106888185","s1337_F_LS_02_ASEReadCounter.table","NW_015090842.1:10096249",2,3,1
"LOC106888185","s1337_F_LS_02_ASEReadCounter.table","NW_015090842.1:10096272",1,1,0
"LOC106888185","s1337_F_LS_02_ASEReadCounter.table","NW_015090842.1:10096288",1,1,0
"LOC106888185","s1337_F_LS_02_ASEReadCounter.table","NW_015090842.1:10097248",2,4,2
"LOC106888185","s1337_F_LS_02_ASEReadCounter.table","NW_015090842.1:10097265",3,6,3
"LOC106888185","s1337_F_LS_02_ASEReadCounter.table","NW_015090842.1:10097446",0,2,2
"DPEP1","s1337_F_LS_02_ASEReadCounter.table","NW_015090842.1:10099985",0,1,1
"DPEP1","s1337_F_LS_02_ASEReadCounter.table","NW_015090842.1:10099986",0,1,1
"DPEP1","s1337_F_LS_02_ASEReadCounter.table","NW_015090842.1:10099991",0,1,1
"DPEP1","s1337_F_LS_02_ASEReadCounter.table","NW_015090842.1:10100044",0,1,1
"DPEP1","s1337_F_LS_02_ASEReadCounter.table","NW_015090842.1:10100045",0,1,1
"DPEP1","s1337_F_LS_02_ASEReadCounter.table","NW_015090842.1:10100084",0,1,1
"DPEP1","s1337_F_LS_02_ASEReadCounter.table","NW_015090842.1:10100529",1,1,0
"DPEP1","s1337_F_LS_02_ASEReadCounter.table","NW_015090842.1:10100893",1,4,3
"DPEP1","s1337_F_LS_02_ASEReadCounter.table","NW_015090842.1:10100902",0,3,3
"DPEP1","s1337_F_LS_02_ASEReadCounter.table","NW_015090842.1:10101072",0,1,1
"DPEP1","s1337_F_LS_02_ASEReadCounter.table","NW_015090842.1:10101199",0,1,1
"CHMP1A","s1337_F_LS_02_ASEReadCounter.table","NW_015090842.1:10102901",99,238,139
"CHMP1A","s1337_F_LS_02_ASEReadCounter.table","NW_015090842.1:10102961",87,238,151
"CHMP1A","s1337_F_LS_02_ASEReadCounter.table","NW_015090842.1:10102996",56,195,139
"CHMP1A","s1337_F_LS_02_ASEReadCounter.table","NW_015090842.1:10103004",61,198,137
"CHMP1A","s1337_F_LS_02_ASEReadCounter.table","NW_015090842.1:10103006",60,200,140
"CHMP1A","s1337_F_LS_02_ASEReadCounter.table","NW_015090842.1:10103052",119,285,166
"CHMP1A","s1337_F_LS_02_ASEReadCounter.table","NW_015090842.1:10103095",136,318,182
"CHMP1A","s1337_F_LS_02_ASEReadCounter.table","NW_015090842.1:10103096",139,322,183
"CHMP1A","s1337_F_LS_02_ASEReadCounter.table","NW_015090842.1:10103152",105,230,125
"CHMP1A","s1337_F_LS_02_ASEReadCounter.table","NW_015090842.1:10103173",90,207,117
"CHMP1A","s1337_F_LS_02_ASEReadCounter.table","NW_015090842.1:10103334",54,151,97
"CHMP1A","s1337_F_LS_02_ASEReadCounter.table","NW_015090842.1:10103373",26,133,107
"CHMP1A","s1337_F_LS_02_ASEReadCounter.table","NW_015090842.1:10103408",48,148,100
"CHMP1A","s1337_F_LS_02_ASEReadCounter.table","NW_015090842.1:10103412",56,147,91
"CHMP1A","s1337_F_LS_02_ASEReadCounter.table","NW_015090842.1:10103512",70,173,103
"CHMP1A","s1337_F_LS_02_ASEReadCounter.table","NW_015090842.1:10103513",70,173,103
"CHMP1A","s1337_F_LS_02_ASEReadCounter.table","NW_015090842.1:10103583",63,128,65
"CHMP1A","s1337_F_LS_02_ASEReadCounter.table","NW_015090842.1:10103614",53,110,57
"CHMP1A","s1337_F_LS_02_ASEReadCounter.table","NW_015090842.1:10103657",57,121,64
"CHMP1A","s1337_F_LS_02_ASEReadCounter.table","NW_015090842.1:10103669",45,107,62
"CHMP1A","s1337_F_LS_02_ASEReadCounter.table","NW_015090842.1:10103674",47,105,58
"CHMP1A","s1337_F_LS_02_ASEReadCounter.table","NW_015090842.1:10103677",45,103,58
"CHMP1A","s1337_F_LS_02_ASEReadCounter.table","NW_015090842.1:10103729",52,114,62
"CHMP1A","s1337_F_LS_02_ASEReadCounter.table","NW_015090842.1:10103758",53,113,60
"CHMP1A","s1337_F_LS_02_ASEReadCounter.table","NW_015090842.1:10103761",53,116,63
"CHMP1A","s1337_F_LS_02_ASEReadCounter.table","NW_015090842.1:10103788",57,129,72
"CHMP1A","s1337_F_LS_02_ASEReadCounter.table","NW_015090842.1:10103789",56,127,71
"CHMP1A","s1337_F_LS_02_ASEReadCounter.table","NW_015090842.1:10103790",57,129,72
"CHMP1A","s1337_F_LS_02_ASEReadCounter.table","NW_015090842.1:10103950",73,128,55
"CHMP1A","s1337_F_LS_02_ASEReadCounter.table","NW_015090842.1:10104335",32,76,44
"CHMP1A","s1337_F_LS_02_ASEReadCounter.table","NW_015090842.1:10104429",51,93,42
"CHMP1A","s1337_F_LS_02_ASEReadCounter.table","NW_015090842.1:10104532",40,83,43
"CHMP1A","s1337_F_LS_02_ASEReadCounter.table","NW_015090842.1:10104633",37,63,26
"CHMP1A","s1337_F_LS_02_ASEReadCounter.table","NW_015090842.1:10104759",26,57,31
"CHMP1A","s1337_F_LS_02_ASEReadCounter.table","NW_015090842.1:10104794",29,65,36
"CHMP1A","s1337_F_LS_02_ASEReadCounter.table","NW_015090842.1:10104841",31,49,18
"CHMP1A","s1337_F_LS_02_ASEReadCounter.table","NW_015090842.1:10104844",18,48,30
"CHMP1A","s1337_F_LS_02_ASEReadCounter.table","NW_015090842.1:10106242",31,65,34
"CHMP1A","s1337_F_LS_02_ASEReadCounter.table","NW_015090842.1:10106290",29,62,33
"CHMP1A","s1337_F_LS_02_ASEReadCounter.table","NW_015090842.1:10106335",32,62,30
"CHMP1A","s1337_F_LS_02_ASEReadCounter.table","NW_015090842.1:10106383",39,67,28
"CHMP1A","s1337_F_LS_02_ASEReadCounter.table","NW_015090842.1:10106747",28,59,31
"CHMP1A","s1337_F_LS_02_ASEReadCounter.table","NW_015090842.1:10107404",26,58,32
"CHMP1A","s1337_F_LS_02_ASEReadCounter.table","NW_015090842.1:10107876",28,55,27
"CDK10","s1337_F_LS_02_ASEReadCounter.table","NW_015090842.1:10109030",4,6,2
"CDK10","s1337_F_LS_02_ASEReadCounter.table","NW_015090842.1:10109963",24,61,37
"CDK10","s1337_F_LS_02_ASEReadCounter.table","NW_015090842.1:10110887",30,69,39
"CDK10","s1337_F_LS_02_ASEReadCounter.table","NW_015090842.1:10111254",26,72,46
"CDK10","s1337_F_LS_02_ASEReadCounter.table","NW_015090842.1:10111380",27,86,59
"CDK10","s1337_F_LS_02_ASEReadCounter.table","NW_015090842.1:10111395",26,86,60
"CDK10","s1337_F_LS_02_ASEReadCounter.table","NW_015090842.1:10111437",12,79,67
"CDK10","s1337_F_LS_02_ASEReadCounter.table","NW_015090842.1:10111798",30,92,62
"CDK10","s1337_F_LS_02_ASEReadCounter.table","NW_015090842.1:10111840",38,109,71
"CDK10","s1337_F_LS_02_ASEReadCounter.table","NW_015090842.1:10112031",62,159,97
"CDK10","s1337_F_LS_02_ASEReadCounter.table","NW_015090842.1:10112285",48,156,108
"CDK10","s1337_F_LS_02_ASEReadCounter.table","NW_015090842.1:10112398",61,180,119
"CDK10","s1337_F_LS_02_ASEReadCounter.table","NW_015090842.1:10112455",68,195,127
"CDK10","s1337_F_LS_02_ASEReadCounter.table","NW_015090842.1:10112461",62,185,123
"CDK10","s1337_F_LS_02_ASEReadCounter.table","NW_015090842.1:10112497",48,160,112
"CDK10","s1337_F_LS_02_ASEReadCounter.table","NW_015090842.1:10112508",46,163,117
"CDK10","s1337_F_LS_02_ASEReadCounter.table","NW_015090842.1:10112518",33,141,108
"CDK10","s1337_F_LS_02_ASEReadCounter.table","NW_015090842.1:10112540",16,127,111
"CDK10","s1337_F_LS_02_ASEReadCounter.table","NW_015090842.1:10112556",38,136,98
"CDK10","s1337_F_LS_02_ASEReadCounter.table","NW_015090842.1:10112561",46,170,124
"CDK10","s1337_F_LS_02_ASEReadCounter.table","NW_015090842.1:10112596",54,171,117
"CDK10","s1337_F_LS_02_ASEReadCounter.table","NW_015090842.1:10112630",49,154,105
"CDK10","s1337_F_LS_02_ASEReadCounter.table","NW_015090842.1:10112656",47,157,110
"CDK10","s1337_F_LS_02_ASEReadCounter.table","NW_015090842.1:10112665",35,112,77
"CDK10","s1337_F_LS_02_ASEReadCounter.table","NW_015090842.1:10112668",34,115,81
"CDK10","s1337_F_LS_02_ASEReadCounter.table","NW_015090842.1:10112781",23,81,58
"CDK10","s1337_F_LS_02_ASEReadCounter.table","NW_015090842.1:10112782",23,81,58
"CDK10","s1337_F_LS_02_ASEReadCounter.table","NW_015090842.1:10112795",21,79,58
"CDK10","s1337_F_LS_02_ASEReadCounter.table","NW_015090842.1:10112841",7,36,29
"CDK10","s1337_F_LS_02_ASEReadCounter.table","NW_015090842.1:10112861",5,27,22
"SPATA2L","s1337_F_LS_02_ASEReadCounter.table","NW_015090842.1:10113212",32,87,55
"SPATA2L","s1337_F_LS_02_ASEReadCounter.table","NW_015090842.1:10113280",53,146,93
"SPATA2L","s1337_F_LS_02_ASEReadCounter.table","NW_015090842.1:10113296",58,146,88
"SPATA2L","s1337_F_LS_02_ASEReadCounter.table","NW_015090842.1:10113321",64,156,92
"SPATA2L","s1337_F_LS_02_ASEReadCounter.table","NW_015090842.1:10113332",69,171,102
"SPATA2L","s1337_F_LS_02_ASEReadCounter.table","NW_015090842.1:10113380",71,187,116
"SPATA2L","s1337_F_LS_02_ASEReadCounter.table","NW_015090842.1:10113381",71,191,120
"SPATA2L","s1337_F_LS_02_ASEReadCounter.table","NW_015090842.1:10113412",64,204,140
"SPATA2L","s1337_F_LS_02_ASEReadCounter.table","NW_015090842.1:10113421",58,194,136
"SPATA2L","s1337_F_LS_02_ASEReadCounter.table","NW_015090842.1:10113465",64,178,114
"SPATA2L","s1337_F_LS_02_ASEReadCounter.table","NW_015090842.1:10113535",100,194,94
"SPATA2L","s1337_F_LS_02_ASEReadCounter.table","NW_015090842.1:10113645",66,169,103
"SPATA2L","s1337_F_LS_02_ASEReadCounter.table","NW_015090842.1:10113682",82,214,132
"SPATA2L","s1337_F_LS_02_ASEReadCounter.table","NW_015090842.1:10113696",76,198,122
"SPATA2L","s1337_F_LS_02_ASEReadCounter.table","NW_015090842.1:10113727",83,198,115
"SPATA2L","s1337_F_LS_02_ASEReadCounter.table","NW_015090842.1:10113799",123,228,105
"SPATA2L","s1337_F_LS_02_ASEReadCounter.table","NW_015090842.1:10113809",125,249,124
"SPATA2L","s1337_F_LS_02_ASEReadCounter.table","NW_015090842.1:10113827",129,236,107
"SPATA2L","s1337_F_LS_02_ASEReadCounter.table","NW_015090842.1:10113831",126,236,110
"SPATA2L","s1337_F_LS_02_ASEReadCounter.table","NW_015090842.1:10113894",95,180,85
"SPATA2L","s1337_F_LS_02_ASEReadCounter.table","NW_015090842.1:10113905",83,162,79
"SPATA2L","s1337_F_LS_02_ASEReadCounter.table","NW_015090842.1:10113914",77,155,78
"SPATA2L","s1337_F_LS_02_ASEReadCounter.table","NW_015090842.1:10113920",90,173,83
"SPATA2L","s1337_F_LS_02_ASEReadCounter.table","NW_015090842.1:10113937",110,207,97
"SPATA2L","s1337_F_LS_02_ASEReadCounter.table","NW_015090842.1:10113971",75,173,98
"SPATA2L","s1337_F_LS_02_ASEReadCounter.table","NW_015090842.1:10113976",64,175,111
"SPATA2L","s1337_F_LS_02_ASEReadCounter.table","NW_015090842.1:10113985",70,164,94
"SPATA2L","s1337_F_LS_02_ASEReadCounter.table","NW_015090842.1:10113994",84,179,95
"SPATA2L","s1337_F_LS_02_ASEReadCounter.table","NW_015090842.1:10114063",67,150,83
"SPATA2L","s1337_F_LS_02_ASEReadCounter.table","NW_015090842.1:10114066",64,145,81
"SPATA2L","s1337_F_LS_02_ASEReadCounter.table","NW_015090842.1:10114069",65,148,83
"SPATA2L","s1337_F_LS_02_ASEReadCounter.table","NW_015090842.1:10114121",42,106,64
"SPATA2L","s1337_F_LS_02_ASEReadCounter.table","NW_015090842.1:10114159",49,109,60
"SPATA2L","s1337_F_LS_02_ASEReadCounter.table","NW_015090842.1:10114282",123,123,0
"SPATA2L","s1337_F_LS_02_ASEReadCounter.table","NW_015090842.1:10114470",30,88,58
"SPATA2L","s1337_F_LS_02_ASEReadCounter.table","NW_015090842.1:10114524",21,67,46
"VPS9D1","s1337_F_LS_02_ASEReadCounter.table","NW_015090842.1:10116377",34,71,37
"VPS9D1","s1337_F_LS_02_ASEReadCounter.table","NW_015090842.1:10116415",32,70,38
"VPS9D1","s1337_F_LS_02_ASEReadCounter.table","NW_015090842.1:10116607",18,50,32
"VPS9D1","s1337_F_LS_02_ASEReadCounter.table","NW_015090842.1:10116816",32,62,30
"VPS9D1","s1337_F_LS_02_ASEReadCounter.table","NW_015090842.1:10116821",31,62,31
"VPS9D1","s1337_F_LS_02_ASEReadCounter.table","NW_015090842.1:10116825",30,60,30
"VPS9D1","s1337_F_LS_02_ASEReadCounter.table","NW_015090842.1:10116882",28,57,29
"VPS9D1","s1337_F_LS_02_ASEReadCounter.table","NW_015090842.1:10116885",26,55,29
"VPS9D1","s1337_F_LS_02_ASEReadCounter.table","NW_015090842.1:10116933",30,63,33
"VPS9D1","s1337_F_LS_02_ASEReadCounter.table","NW_015090842.1:10116942",27,60,33
"VPS9D1","s1337_F_LS_02_ASEReadCounter.table","NW_015090842.1:10117152",24,51,27
"VPS9D1","s1337_F_LS_02_ASEReadCounter.table","NW_015090842.1:10117396",20,44,24
"VPS9D1","s1337_F_LS_02_ASEReadCounter.table","NW_015090842.1:10117405",17,41,24
"VPS9D1","s1337_F_LS_02_ASEReadCounter.table","NW_015090842.1:10117480",20,44,24
"VPS9D1","s1337_F_LS_02_ASEReadCounter.table","NW_015090842.1:10117497",15,36,21
"VPS9D1","s1337_F_LS_02_ASEReadCounter.table","NW_015090842.1:10117499",14,36,22
"VPS9D1","s1337_F_LS_02_ASEReadCounter.table","NW_015090842.1:10117516",20,43,23
"VPS9D1","s1337_F_LS_02_ASEReadCounter.table","NW_015090842.1:10117525",21,45,24
"VPS9D1","s1337_F_LS_02_ASEReadCounter.table","NW_015090842.1:10117579",18,54,36
"VPS9D1","s1337_F_LS_02_ASEReadCounter.table","NW_015090842.1:10117627",19,45,26
"VPS9D1","s1337_F_LS_02_ASEReadCounter.table","NW_015090842.1:10117678",12,37,25
"VPS9D1","s1337_F_LS_02_ASEReadCounter.table","NW_015090842.1:10117773",23,67,44
"VPS9D1","s1337_F_LS_02_ASEReadCounter.table","NW_015090842.1:10117937",37,78,41
"VPS9D1","s1337_F_LS_02_ASEReadCounter.table","NW_015090842.1:10117961",40,69,29
"VPS9D1","s1337_F_LS_02_ASEReadCounter.table","NW_015090842.1:10118236",31,68,37
"VPS9D1","s1337_F_LS_02_ASEReadCounter.table","NW_015090842.1:10118414",27,65,38
"VPS9D1","s1337_F_LS_02_ASEReadCounter.table","NW_015090842.1:10118973",23,61,38
"VPS9D1","s1337_F_LS_02_ASEReadCounter.table","NW_015090842.1:10119500",17,41,24
"ZNF276","s1337_F_LS_02_ASEReadCounter.table","NW_015090842.1:10121760",4,6,2
"ZNF276","s1337_F_LS_02_ASEReadCounter.table","NW_015090842.1:10121769",4,5,1
"ZNF276","s1337_F_LS_02_ASEReadCounter.table","NW_015090842.1:10121802",6,9,3
"ZNF276","s1337_F_LS_02_ASEReadCounter.table","NW_015090842.1:10121971",5,10,5
"ZNF276","s1337_F_LS_02_ASEReadCounter.table","NW_015090842.1:10122883",6,10,4
"ZNF276","s1337_F_LS_02_ASEReadCounter.table","NW_015090842.1:10123069",5,15,10
"ZNF276","s1337_F_LS_02_ASEReadCounter.table","NW_015090842.1:10123207",12,29,17
"ZNF276","s1337_F_LS_02_ASEReadCounter.table","NW_015090842.1:10125787",11,32,21
"ZNF276","s1337_F_LS_02_ASEReadCounter.table","NW_015090842.1:10126309",24,39,15
"ZNF276","s1337_F_LS_02_ASEReadCounter.table","NW_015090842.1:10126348",23,42,19
"ZNF276","s1337_F_LS_02_ASEReadCounter.table","NW_015090842.1:10126978",29,49,20
"ZNF276","s1337_F_LS_02_ASEReadCounter.table","NW_015090842.1:10126991",28,47,19
"ZNF276","s1337_F_LS_02_ASEReadCounter.table","NW_015090842.1:10127023",35,60,25
"ZNF276","s1337_F_LS_02_ASEReadCounter.table","NW_015090842.1:10127063",29,56,27
"ZNF276","s1337_F_LS_02_ASEReadCounter.table","NW_015090842.1:10127373",26,46,20
"ZNF276","s1337_F_LS_02_ASEReadCounter.table","NW_015090842.1:10127931",40,63,23
"ZNF276","s1337_F_LS_02_ASEReadCounter.table","NW_015090842.1:10128070",22,42,20
"ZNF276","s1337_F_LS_02_ASEReadCounter.table","NW_015090842.1:10128102",24,53,29
"ZNF276","s1337_F_LS_02_ASEReadCounter.table","NW_015090842.1:10128356",29,66,37
"ZNF276","s1337_F_LS_02_ASEReadCounter.table","NW_015090842.1:10128497",36,62,26
"FANCA","s1337_F_LS_02_ASEReadCounter.table","NW_015090842.1:10128743",2,4,2
"FANCA","s1337_F_LS_02_ASEReadCounter.table","NW_015090842.1:10128822",1,6,5
"FANCA","s1337_F_LS_02_ASEReadCounter.table","NW_015090842.1:10129383",3,3,0
"FANCA","s1337_F_LS_02_ASEReadCounter.table","NW_015090842.1:10129390",3,3,0
"FANCA","s1337_F_LS_02_ASEReadCounter.table","NW_015090842.1:10129422",2,3,1
"FANCA","s1337_F_LS_02_ASEReadCounter.table","NW_015090842.1:10129969",1,1,0
"FANCA","s1337_F_LS_02_ASEReadCounter.table","NW_015090842.1:10130399",1,2,1
"FANCA","s1337_F_LS_02_ASEReadCounter.table","NW_015090842.1:10133530",0,2,2
"FANCA","s1337_F_LS_02_ASEReadCounter.table","NW_015090842.1:10133533",0,2,2
"FANCA","s1337_F_LS_02_ASEReadCounter.table","NW_015090842.1:10133536",0,2,2
"FANCA","s1337_F_LS_02_ASEReadCounter.table","NW_015090842.1:10133601",0,3,3
"FANCA","s1337_F_LS_02_ASEReadCounter.table","NW_015090842.1:10134492",0,3,3
"FANCA","s1337_F_LS_02_ASEReadCounter.table","NW_015090842.1:10134531",1,4,3
"FANCA","s1337_F_LS_02_ASEReadCounter.table","NW_015090842.1:10136957",2,2,0
"FANCA","s1337_F_LS_02_ASEReadCounter.table","NW_015090842.1:10145030",0,1,1
"FANCA","s1337_F_LS_02_ASEReadCounter.table","NW_015090842.1:10154490",0,1,1
"FANCA","s1337_F_LS_02_ASEReadCounter.table","NW_015090842.1:10158957",0,1,1
"SPIRE2","s1337_F_LS_02_ASEReadCounter.table","NW_015090842.1:10172284",9,19,10
"SPIRE2","s1337_F_LS_02_ASEReadCounter.table","NW_015090842.1:10175262",17,38,21
"SPIRE2","s1337_F_LS_02_ASEReadCounter.table","NW_015090842.1:10175352",13,20,7
"SPIRE2","s1337_F_LS_02_ASEReadCounter.table","NW_015090842.1:10175400",40,73,33
"SPIRE2","s1337_F_LS_02_ASEReadCounter.table","NW_015090842.1:10175418",46,79,33
"SPIRE2","s1337_F_LS_02_ASEReadCounter.table","NW_015090842.1:10175704",55,93,38
"SPIRE2","s1337_F_LS_02_ASEReadCounter.table","NW_015090842.1:10176115",55,114,59
"SPIRE2","s1337_F_LS_02_ASEReadCounter.table","NW_015090842.1:10176561",55,127,72
"SPIRE2","s1337_F_LS_02_ASEReadCounter.table","NW_015090842.1:10176817",61,131,70
"SPIRE2","s1337_F_LS_02_ASEReadCounter.table","NW_015090842.1:10177084",59,130,71
"SPIRE2","s1337_F_LS_02_ASEReadCounter.table","NW_015090842.1:10177110",53,118,65
"SPIRE2","s1337_F_LS_02_ASEReadCounter.table","NW_015090842.1:10177838",90,171,81
"SPIRE2","s1337_F_LS_02_ASEReadCounter.table","NW_015090842.1:10178000",94,171,77
"SPIRE2","s1337_F_LS_02_ASEReadCounter.table","NW_015090842.1:10178164",102,191,89
"SPIRE2","s1337_F_LS_02_ASEReadCounter.table","NW_015090842.1:10178216",110,199,89
"SPIRE2","s1337_F_LS_02_ASEReadCounter.table","NW_015090842.1:10178403",95,194,99
"SPIRE2","s1337_F_LS_02_ASEReadCounter.table","NW_015090842.1:10178409",90,184,94
"SPIRE2","s1337_F_LS_02_ASEReadCounter.table","NW_015090842.1:10178524",128,237,109
"SPIRE2","s1337_F_LS_02_ASEReadCounter.table","NW_015090842.1:10178526",127,238,111
"SPIRE2","s1337_F_LS_02_ASEReadCounter.table","NW_015090842.1:10178531",129,237,108
"SPIRE2","s1337_F_LS_02_ASEReadCounter.table","NW_015090842.1:10178565",118,231,113
"SPIRE2","s1337_F_LS_02_ASEReadCounter.table","NW_015090842.1:10178587",121,222,101
"SPIRE2","s1337_F_LS_02_ASEReadCounter.table","NW_015090842.1:10178640",99,190,91
"SPIRE2","s1337_F_LS_02_ASEReadCounter.table","NW_015090842.1:10178651",110,208,98
"SPIRE2","s1337_F_LS_02_ASEReadCounter.table","NW_015090842.1:10178682",107,200,93
"TCF25","s1337_F_LS_02_ASEReadCounter.table","NW_015090842.1:10180912",53,82,29
"TCF25","s1337_F_LS_02_ASEReadCounter.table","NW_015090842.1:10180924",55,84,29
"TCF25","s1337_F_LS_02_ASEReadCounter.table","NW_015090842.1:10180931",58,86,28
"TCF25","s1337_F_LS_02_ASEReadCounter.table","NW_015090842.1:10185332",126,227,101
"TCF25","s1337_F_LS_02_ASEReadCounter.table","NW_015090842.1:10188816",77,126,49
"MC1R","s1337_F_LS_02_ASEReadCounter.table","NW_015090842.1:10202460",1,1,0
"MC1R","s1337_F_LS_02_ASEReadCounter.table","NW_015090842.1:10202465",1,1,0
"DBNDD1","s1337_F_LS_02_ASEReadCounter.table","NW_015090842.1:10223105",58,134,76
"GAS8","s1337_F_LS_02_ASEReadCounter.table","NW_015090842.1:10228982",21,38,17
"GAS8","s1337_F_LS_02_ASEReadCounter.table","NW_015090842.1:10229832",20,37,17
"GAS8","s1337_F_LS_02_ASEReadCounter.table","NW_015090842.1:10232375",31,58,27
"GAS8","s1337_F_LS_02_ASEReadCounter.table","NW_015090842.1:10232901",33,61,28
"GAS8","s1337_F_LS_02_ASEReadCounter.table","NW_015090842.1:10232928",32,56,24
"GAS8","s1337_F_LS_02_ASEReadCounter.table","NW_015090842.1:10232967",31,58,27
"GAS8","s1337_F_LS_02_ASEReadCounter.table","NW_015090842.1:10233032",21,44,23
"GAS8","s1337_F_LS_02_ASEReadCounter.table","NW_015090842.1:10233057",15,37,22
"GAS8","s1337_F_LS_02_ASEReadCounter.table","NW_015090842.1:10233058",15,38,23
"GAS8","s1337_F_LS_02_ASEReadCounter.table","NW_015090842.1:10233176",27,44,17
"GAS8","s1337_F_LS_02_ASEReadCounter.table","NW_015090842.1:10233196",24,39,15
"GAS8","s1337_F_LS_02_ASEReadCounter.table","NW_015090842.1:10233252",17,25,8
"GAS8","s1337_F_LS_02_ASEReadCounter.table","NW_015090842.1:10233303",9,17,8
"LOC106888094","s1337_F_LS_02_ASEReadCounter.table","NW_015090842.1:10233334",4,12,8
"LOC106888094","s1337_F_LS_02_ASEReadCounter.table","NW_015090842.1:10233362",6,15,9
"LOC106888094","s1337_F_LS_02_ASEReadCounter.table","NW_015090842.1:10233373",6,15,9
"LOC106888094","s1337_F_LS_02_ASEReadCounter.table","NW_015090842.1:10233388",6,18,12
"LOC106888094","s1337_F_LS_02_ASEReadCounter.table","NW_015090842.1:10233402",6,18,12
"LOC106888094","s1337_F_LS_02_ASEReadCounter.table","NW_015090842.1:10233465",8,21,13
"LOC106888094","s1337_F_LS_02_ASEReadCounter.table","NW_015090842.1:10233803",11,31,20
"LOC106888094","s1337_F_LS_02_ASEReadCounter.table","NW_015090842.1:10233815",7,24,17
"LOC106888094","s1337_F_LS_02_ASEReadCounter.table","NW_015090842.1:10235484",2,2,0
"LOC106888094","s1337_F_LS_02_ASEReadCounter.table","NW_015090842.1:10235611",0,1,1
"LOC106888094","s1337_F_LS_02_ASEReadCounter.table","NW_015090842.1:10236098",0,2,2
"LOC106888094","s1337_F_LS_02_ASEReadCounter.table","NW_015090842.1:10236380",0,1,1
"LOC106888094","s1337_F_LS_02_ASEReadCounter.table","NW_015090842.1:10236388",0,1,1
"LOC106888173","s1337_F_LS_02_ASEReadCounter.table","NW_015090842.1:10239596",0,5,5
"LOC106888173","s1337_F_LS_02_ASEReadCounter.table","NW_015090842.1:10240036",0,16,16
"LOC106888173","s1337_F_LS_02_ASEReadCounter.table","NW_015090842.1:10240095",0,16,16
"LOC106888173","s1337_F_LS_02_ASEReadCounter.table","NW_015090842.1:10240280",0,15,15
"LOC106888173","s1337_F_LS_02_ASEReadCounter.table","NW_015090842.1:10240557",1,25,24
"LOC106888173","s1337_F_LS_02_ASEReadCounter.table","NW_015090842.1:10240603",2,31,29
"LOC106888173","s1337_F_LS_02_ASEReadCounter.table","NW_015090842.1:10240609",2,31,29
"LOC106888173","s1337_F_LS_02_ASEReadCounter.table","NW_015090842.1:10240690",1,24,23
"LOC106888173","s1337_F_LS_02_ASEReadCounter.table","NW_015090842.1:10240924",1,22,21
"LOC106888173","s1337_F_LS_02_ASEReadCounter.table","NW_015090842.1:10241037",1,23,22
"LOC106888173","s1337_F_LS_02_ASEReadCounter.table","NW_015090842.1:10241046",1,28,27
"LOC106888173","s1337_F_LS_02_ASEReadCounter.table","NW_015090842.1:10241058",1,25,24
"LOC106888173","s1337_F_LS_02_ASEReadCounter.table","NW_015090842.1:10241064",1,24,23
"LOC106888173","s1337_F_LS_02_ASEReadCounter.table","NW_015090842.1:10241103",25,29,4
"LOC106888173","s1337_F_LS_02_ASEReadCounter.table","NW_015090842.1:10241163",4,29,25
"LOC106888173","s1337_F_LS_02_ASEReadCounter.table","NW_015090842.1:10241803",4,36,32
"LOC106888173","s1337_F_LS_02_ASEReadCounter.table","NW_015090842.1:10241827",3,38,35
"LOC106888173","s1337_F_LS_02_ASEReadCounter.table","NW_015090842.1:10241869",2,39,37
"LOC106888173","s1337_F_LS_02_ASEReadCounter.table","NW_015090842.1:10242079",0,25,25
"LOC106888173","s1337_F_LS_02_ASEReadCounter.table","NW_015090842.1:10242103",1,26,25
"LOC106888173","s1337_F_LS_02_ASEReadCounter.table","NW_015090842.1:10242157",2,33,31
"LOC106888173","s1337_F_LS_02_ASEReadCounter.table","NW_015090842.1:10242455",1,29,28
"LOC106888173","s1337_F_LS_02_ASEReadCounter.table","NW_015090842.1:10242481",2,30,28
"LOC106888173","s1337_F_LS_02_ASEReadCounter.table","NW_015090842.1:10242590",1,32,31
"LOC106888173","s1337_F_LS_02_ASEReadCounter.table","NW_015090842.1:10242794",1,28,27
"LOC106888173","s1337_F_LS_02_ASEReadCounter.table","NW_015090842.1:10242909",0,27,27
"LOC106888173","s1337_F_LS_02_ASEReadCounter.table","NW_015090842.1:10243094",2,38,36
"LOC106888173","s1337_F_LS_02_ASEReadCounter.table","NW_015090842.1:10243133",2,37,35
"LOC106888173","s1337_F_LS_02_ASEReadCounter.table","NW_015090842.1:10243273",4,57,53
"LOC106888173","s1337_F_LS_02_ASEReadCounter.table","NW_015090842.1:10243278",4,55,51
"LOC106888173","s1337_F_LS_02_ASEReadCounter.table","NW_015090842.1:10243281",3,57,54
"LOC106888173","s1337_F_LS_02_ASEReadCounter.table","NW_015090842.1:10243347",31,31,0
"LOC106888173","s1337_F_LS_02_ASEReadCounter.table","NW_015090842.1:10243353",4,31,27
"LOC106888173","s1337_F_LS_02_ASEReadCounter.table","NW_015090842.1:10243363",4,23,19
"LOC106888173","s1337_F_LS_02_ASEReadCounter.table","NW_015090842.1:10243365",4,25,21
"LOC106888173","s1337_F_LS_02_ASEReadCounter.table","NW_015090842.1:10243566",2,57,55
"LOC106888173","s1337_F_LS_02_ASEReadCounter.table","NW_015090842.1:10243605",2,64,62
"LOC106888173","s1337_F_LS_02_ASEReadCounter.table","NW_015090842.1:10243614",3,60,57
"LOC106888173","s1337_F_LS_02_ASEReadCounter.table","NW_015090842.1:10243615",3,60,57
"LOC106888173","s1337_F_LS_02_ASEReadCounter.table","NW_015090842.1:10243640",2,63,61
"LOC106888173","s1337_F_LS_02_ASEReadCounter.table","NW_015090842.1:10243680",1,51,50
"LOC106888173","s1337_F_LS_02_ASEReadCounter.table","NW_015090842.1:10243742",6,51,45
"LOC106888173","s1337_F_LS_02_ASEReadCounter.table","NW_015090842.1:10243804",6,46,40
"LOC106888173","s1337_F_LS_02_ASEReadCounter.table","NW_015090842.1:10243913",5,43,38
"LOC106888173","s1337_F_LS_02_ASEReadCounter.table","NW_015090842.1:10243921",5,37,32
"LOC106888384","s1337_F_LS_02_ASEReadCounter.table","NW_015090842.1:10244942",1,1,0
"LOC106888384","s1337_F_LS_02_ASEReadCounter.table","NW_015090842.1:10250743",1,1,0
"LOC106888384","s1337_F_LS_02_ASEReadCounter.table","NW_015090842.1:10250771",1,1,0
"LOC106888384","s1337_F_LS_02_ASEReadCounter.table","NW_015090842.1:10251354",0,1,1
"LOC106888384","s1337_F_LS_02_ASEReadCounter.table","NW_015090842.1:10251358",0,1,1
"LOC106888384","s1337_F_LS_02_ASEReadCounter.table","NW_015090842.1:10251369",0,1,1
"LOC106888384","s1337_F_LS_02_ASEReadCounter.table","NW_015090842.1:10251370",0,1,1
"LOC106888384","s1337_F_LS_02_ASEReadCounter.table","NW_015090842.1:10251375",0,1,1
"LOC106888384","s1337_F_LS_02_ASEReadCounter.table","NW_015090842.1:10251388",0,1,1
"LOC106888384","s1337_F_LS_02_ASEReadCounter.table","NW_015090842.1:10251390",0,1,1
"LOC106888384","s1337_F_LS_02_ASEReadCounter.table","NW_015090842.1:10251393",0,1,1
"LOC106888384","s1337_F_LS_02_ASEReadCounter.table","NW_015090842.1:10251399",0,1,1
"LOC106888384","s1337_F_LS_02_ASEReadCounter.table","NW_015090842.1:10251492",1,1,0
"LOC106888384","s1337_F_LS_02_ASEReadCounter.table","NW_015090842.1:10253165",1,1,0
"LOC106888384","s1337_F_LS_02_ASEReadCounter.table","NW_015090842.1:10253284",0,1,1
"LOC106888384","s1337_F_LS_02_ASEReadCounter.table","NW_015090842.1:10254028",2,2,0
"LOC106888384","s1337_F_LS_02_ASEReadCounter.table","NW_015090842.1:10254227",1,1,0
"LOC106888384","s1337_F_LS_02_ASEReadCounter.table","NW_015090842.1:10254233",1,1,0
"LOC106888384","s1337_F_LS_02_ASEReadCounter.table","NW_015090842.1:10254263",2,2,0
"LOC106888384","s1337_F_LS_02_ASEReadCounter.table","NW_015090842.1:10254293",2,2,0
"LOC106888384","s1337_F_LS_02_ASEReadCounter.table","NW_015090842.1:10254570",1,1,0
"LOC106888384","s1337_F_LS_02_ASEReadCounter.table","NW_015090842.1:10254605",1,2,1
"LOC106888384","s1337_F_LS_02_ASEReadCounter.table","NW_015090842.1:10254608",1,2,1
"LOC106888384","s1337_F_LS_02_ASEReadCounter.table","NW_015090842.1:10254618",1,3,2
"LOC106888384","s1337_F_LS_02_ASEReadCounter.table","NW_015090842.1:10254620",1,3,2
"LOC106888384","s1337_F_LS_02_ASEReadCounter.table","NW_015090842.1:10254623",1,2,1
"LOC106888384","s1337_F_LS_02_ASEReadCounter.table","NW_015090842.1:10254624",1,3,2
"LOC106888384","s1337_F_LS_02_ASEReadCounter.table","NW_015090842.1:10254627",1,3,2
"LOC106888384","s1337_F_LS_02_ASEReadCounter.table","NW_015090842.1:10254629",1,3,2
"LOC106888384","s1337_F_LS_02_ASEReadCounter.table","NW_015090842.1:10254647",3,3,0
"LOC106888384","s1337_F_LS_02_ASEReadCounter.table","NW_015090842.1:10254663",0,1,1
"LOC106888384","s1337_F_LS_02_ASEReadCounter.table","NW_015090842.1:10254840",0,1,1
"LOC106888384","s1337_F_LS_02_ASEReadCounter.table","NW_015090842.1:10254891",0,1,1
"LOC106888384","s1337_F_LS_02_ASEReadCounter.table","NW_015090842.1:10254900",1,1,0
"LOC106888384","s1337_F_LS_02_ASEReadCounter.table","NW_015090842.1:10254915",2,2,0
"LOC106888384","s1337_F_LS_02_ASEReadCounter.table","NW_015090842.1:10254965",1,1,0
"LOC106888384","s1337_F_LS_02_ASEReadCounter.table","NW_015090842.1:10254975",1,1,0
"LOC106888384","s1337_F_LS_02_ASEReadCounter.table","NW_015090842.1:10255209",1,1,0
"LOC106888384","s1337_F_LS_02_ASEReadCounter.table","NW_015090842.1:10255211",1,1,0
"LOC106888384","s1337_F_LS_02_ASEReadCounter.table","NW_015090842.1:10255236",1,1,0
"LOC106888384","s1337_F_LS_02_ASEReadCounter.table","NW_015090842.1:10255262",1,1,0
"LOC106888384","s1337_F_LS_02_ASEReadCounter.table","NW_015090842.1:10255264",1,1,0
"LOC106888384","s1337_F_LS_02_ASEReadCounter.table","NW_015090842.1:10255306",1,1,0
"LOC106888384","s1337_F_LS_02_ASEReadCounter.table","NW_015090842.1:10255340",1,1,0
"LOC106888384","s1337_F_LS_02_ASEReadCounter.table","NW_015090842.1:10255410",0,1,1
"LOC106888384","s1337_F_LS_02_ASEReadCounter.table","NW_015090842.1:10255449",1,2,1
"LOC106888384","s1337_F_LS_02_ASEReadCounter.table","NW_015090842.1:10255496",1,2,1
"LOC106888384","s1337_F_LS_02_ASEReadCounter.table","NW_015090842.1:10255505",1,1,0
"LOC106888384","s1337_F_LS_02_ASEReadCounter.table","NW_015090842.1:10255531",1,2,1
"LOC106888384","s1337_F_LS_02_ASEReadCounter.table","NW_015090842.1:10255608",1,3,2
"LOC106888384","s1337_F_LS_02_ASEReadCounter.table","NW_015090842.1:10255704",4,4,0
"LOC106888384","s1337_F_LS_02_ASEReadCounter.table","NW_015090842.1:10255731",4,5,1
"LOC106888384","s1337_F_LS_02_ASEReadCounter.table","NW_015090842.1:10255771",3,4,1
"TANGO6","s1337_F_LS_02_ASEReadCounter.table","NW_015090842.1:10257782",6,8,2
"TANGO6","s1337_F_LS_02_ASEReadCounter.table","NW_015090842.1:10258162",2,11,9
"TANGO6","s1337_F_LS_02_ASEReadCounter.table","NW_015090842.1:10258185",5,17,12
"TANGO6","s1337_F_LS_02_ASEReadCounter.table","NW_015090842.1:10259267",6,13,7
"TANGO6","s1337_F_LS_02_ASEReadCounter.table","NW_015090842.1:10260250",21,37,16
"TANGO6","s1337_F_LS_02_ASEReadCounter.table","NW_015090842.1:10260289",18,35,17
"TANGO6","s1337_F_LS_02_ASEReadCounter.table","NW_015090842.1:10260309",16,29,13
"TANGO6","s1337_F_LS_02_ASEReadCounter.table","NW_015090842.1:10260979",20,34,14
"TANGO6","s1337_F_LS_02_ASEReadCounter.table","NW_015090842.1:10261599",16,28,12
"TANGO6","s1337_F_LS_02_ASEReadCounter.table","NW_015090842.1:10268425",25,46,21
"TANGO6","s1337_F_LS_02_ASEReadCounter.table","NW_015090842.1:10269831",17,36,19
"TANGO6","s1337_F_LS_02_ASEReadCounter.table","NW_015090842.1:10270813",16,28,12
"TANGO6","s1337_F_LS_02_ASEReadCounter.table","NW_015090842.1:10274018",19,33,14
"TANGO6","s1337_F_LS_02_ASEReadCounter.table","NW_015090842.1:10275974",23,49,26
"TANGO6","s1337_F_LS_02_ASEReadCounter.table","NW_015090842.1:10275976",23,48,25
"TANGO6","s1337_F_LS_02_ASEReadCounter.table","NW_015090842.1:10276123",21,52,31
"TANGO6","s1337_F_LS_02_ASEReadCounter.table","NW_015090842.1:10276271",20,45,25
"TANGO6","s1337_F_LS_02_ASEReadCounter.table","NW_015090842.1:10276272",19,43,24
"TANGO6","s1337_F_LS_02_ASEReadCounter.table","NW_015090842.1:10276275",22,46,24
"TANGO6","s1337_F_LS_02_ASEReadCounter.table","NW_015090842.1:10276278",21,46,25
"TANGO6","s1337_F_LS_02_ASEReadCounter.table","NW_015090842.1:10276368",13,26,13
"TANGO6","s1337_F_LS_02_ASEReadCounter.table","NW_015090842.1:10276373",12,25,13
"TANGO6","s1337_F_LS_02_ASEReadCounter.table","NW_015090842.1:10276630",23,47,24
"TANGO6","s1337_F_LS_02_ASEReadCounter.table","NW_015090842.1:10281498",29,58,29
"TANGO6","s1337_F_LS_02_ASEReadCounter.table","NW_015090842.1:10281516",32,67,35
"TANGO6","s1337_F_LS_02_ASEReadCounter.table","NW_015090842.1:10282842",35,71,36
"TANGO6","s1337_F_LS_02_ASEReadCounter.table","NW_015090842.1:10282863",36,67,31
"TANGO6","s1337_F_LS_02_ASEReadCounter.table","NW_015090842.1:10282869",36,68,32
"TANGO6","s1337_F_LS_02_ASEReadCounter.table","NW_015090842.1:10282903",38,92,54
"TANGO6","s1337_F_LS_02_ASEReadCounter.table","NW_015090842.1:10283757",58,119,61
"TANGO6","s1337_F_LS_02_ASEReadCounter.table","NW_015090842.1:10283785",56,113,57
"HAS3","s1337_F_LS_02_ASEReadCounter.table","NW_015090842.1:10288093",1,1,0
"HAS3","s1337_F_LS_02_ASEReadCounter.table","NW_015090842.1:10288364",0,1,1
"HAS3","s1337_F_LS_02_ASEReadCounter.table","NW_015090842.1:10289269",1,1,0
"HAS3","s1337_F_LS_02_ASEReadCounter.table","NW_015090842.1:10289272",1,1,0
"HAS3","s1337_F_LS_02_ASEReadCounter.table","NW_015090842.1:10289469",0,1,1
"HAS3","s1337_F_LS_02_ASEReadCounter.table","NW_015090842.1:10290439",3,3,0
"HAS3","s1337_F_LS_02_ASEReadCounter.table","NW_015090842.1:10290561",0,6,6
"HAS3","s1337_F_LS_02_ASEReadCounter.table","NW_015090842.1:10290609",1,7,6
"HAS3","s1337_F_LS_02_ASEReadCounter.table","NW_015090842.1:10290666",2,5,3
"HAS3","s1337_F_LS_02_ASEReadCounter.table","NW_015090842.1:10290723",3,3,0
"HAS3","s1337_F_LS_02_ASEReadCounter.table","NW_015090842.1:10290927",8,9,1
"HAS3","s1337_F_LS_02_ASEReadCounter.table","NW_015090842.1:10291004",7,8,1
"CHTF8","s1337_F_LS_02_ASEReadCounter.table","NW_015090842.1:10291319",5,8,3
"CHTF8","s1337_F_LS_02_ASEReadCounter.table","NW_015090842.1:10291491",10,15,5
"CHTF8","s1337_F_LS_02_ASEReadCounter.table","NW_015090842.1:10291520",9,21,12
"CHTF8","s1337_F_LS_02_ASEReadCounter.table","NW_015090842.1:10291593",15,27,12
"CHTF8","s1337_F_LS_02_ASEReadCounter.table","NW_015090842.1:10291600",15,25,10
"CHTF8","s1337_F_LS_02_ASEReadCounter.table","NW_015090842.1:10291609",13,22,9
"CHTF8","s1337_F_LS_02_ASEReadCounter.table","NW_015090842.1:10291639",11,18,7
"CHTF8","s1337_F_LS_02_ASEReadCounter.table","NW_015090842.1:10291641",11,18,7
"CHTF8","s1337_F_LS_02_ASEReadCounter.table","NW_015090842.1:10291648",12,19,7
"CHTF8","s1337_F_LS_02_ASEReadCounter.table","NW_015090842.1:10291656",11,19,8
"CHTF8","s1337_F_LS_02_ASEReadCounter.table","NW_015090842.1:10291675",8,20,12
"CHTF8","s1337_F_LS_02_ASEReadCounter.table","NW_015090842.1:10291696",7,17,10
"CHTF8","s1337_F_LS_02_ASEReadCounter.table","NW_015090842.1:10291714",9,20,11
"CHTF8","s1337_F_LS_02_ASEReadCounter.table","NW_015090842.1:10291732",7,19,12
"CHTF8","s1337_F_LS_02_ASEReadCounter.table","NW_015090842.1:10291755",5,15,10
"CHTF8","s1337_F_LS_02_ASEReadCounter.table","NW_015090842.1:10291756",5,13,8
"CHTF8","s1337_F_LS_02_ASEReadCounter.table","NW_015090842.1:10291758",5,12,7
"CHTF8","s1337_F_LS_02_ASEReadCounter.table","NW_015090842.1:10291792",7,15,8
"CHTF8","s1337_F_LS_02_ASEReadCounter.table","NW_015090842.1:10291895",12,21,9
"CHTF8","s1337_F_LS_02_ASEReadCounter.table","NW_015090842.1:10292132",5,15,10
"CHTF8","s1337_F_LS_02_ASEReadCounter.table","NW_015090842.1:10292314",8,16,8
"CHTF8","s1337_F_LS_02_ASEReadCounter.table","NW_015090842.1:10292317",8,17,9
"CHTF8","s1337_F_LS_02_ASEReadCounter.table","NW_015090842.1:10292928",2,2,0
"UTP4","s1337_F_LS_02_ASEReadCounter.table","NW_015090842.1:10293146",17,26,9
"UTP4","s1337_F_LS_02_ASEReadCounter.table","NW_015090842.1:10293151",14,23,9
"UTP4","s1337_F_LS_02_ASEReadCounter.table","NW_015090842.1:10293191",7,13,6
"UTP4","s1337_F_LS_02_ASEReadCounter.table","NW_015090842.1:10293362",7,12,5
"UTP4","s1337_F_LS_02_ASEReadCounter.table","NW_015090842.1:10293430",12,22,10
"UTP4","s1337_F_LS_02_ASEReadCounter.table","NW_015090842.1:10293625",9,19,10
"UTP4","s1337_F_LS_02_ASEReadCounter.table","NW_015090842.1:10293684",11,21,10
"UTP4","s1337_F_LS_02_ASEReadCounter.table","NW_015090842.1:10294093",12,19,7
"UTP4","s1337_F_LS_02_ASEReadCounter.table","NW_015090842.1:10294622",7,17,10
"UTP4","s1337_F_LS_02_ASEReadCounter.table","NW_015090842.1:10294632",7,19,12
"UTP4","s1337_F_LS_02_ASEReadCounter.table","NW_015090842.1:10295238",19,33,14
"UTP4","s1337_F_LS_02_ASEReadCounter.table","NW_015090842.1:10295880",16,30,14
"UTP4","s1337_F_LS_02_ASEReadCounter.table","NW_015090842.1:10295884",17,32,15
"UTP4","s1337_F_LS_02_ASEReadCounter.table","NW_015090842.1:10295903",16,26,10
"UTP4","s1337_F_LS_02_ASEReadCounter.table","NW_015090842.1:10295906",15,27,12
"UTP4","s1337_F_LS_02_ASEReadCounter.table","NW_015090842.1:10295915",14,27,13
"UTP4","s1337_F_LS_02_ASEReadCounter.table","NW_015090842.1:10295938",14,26,12
"UTP4","s1337_F_LS_02_ASEReadCounter.table","NW_015090842.1:10296175",16,35,19
"UTP4","s1337_F_LS_02_ASEReadCounter.table","NW_015090842.1:10296660",18,40,22
"UTP4","s1337_F_LS_02_ASEReadCounter.table","NW_015090842.1:10296679",23,46,23
"UTP4","s1337_F_LS_02_ASEReadCounter.table","NW_015090842.1:10297193",23,44,21
"UTP4","s1337_F_LS_02_ASEReadCounter.table","NW_015090842.1:10297220",30,54,24
"UTP4","s1337_F_LS_02_ASEReadCounter.table","NW_015090842.1:10297307",39,81,42
"UTP4","s1337_F_LS_02_ASEReadCounter.table","NW_015090842.1:10297558",45,101,56
"UTP4","s1337_F_LS_02_ASEReadCounter.table","NW_015090842.1:10297943",39,80,41
"UTP4","s1337_F_LS_02_ASEReadCounter.table","NW_015090842.1:10297979",32,75,43
"UTP4","s1337_F_LS_02_ASEReadCounter.table","NW_015090842.1:10298022",21,56,35
"UTP4","s1337_F_LS_02_ASEReadCounter.table","NW_015090842.1:10298079",6,21,15
"UTP4","s1337_F_LS_02_ASEReadCounter.table","NW_015090842.1:10298081",6,19,13
"UTP4","s1337_F_LS_02_ASEReadCounter.table","NW_015090842.1:10298082",4,17,13
"SNTB2","s1337_F_LS_02_ASEReadCounter.table","NW_015090842.1:10303506",3,6,3
"SNTB2","s1337_F_LS_02_ASEReadCounter.table","NW_015090842.1:10303524",3,7,4
"SNTB2","s1337_F_LS_02_ASEReadCounter.table","NW_015090842.1:10304059",2,3,1
"SNTB2","s1337_F_LS_02_ASEReadCounter.table","NW_015090842.1:10304089",2,4,2
"SNTB2","s1337_F_LS_02_ASEReadCounter.table","NW_015090842.1:10304167",1,3,2
"SNTB2","s1337_F_LS_02_ASEReadCounter.table","NW_015090842.1:10304176",1,2,1
"SNTB2","s1337_F_LS_02_ASEReadCounter.table","NW_015090842.1:10305069",1,4,3
"SNTB2","s1337_F_LS_02_ASEReadCounter.table","NW_015090842.1:10305099",2,5,3
"SNTB2","s1337_F_LS_02_ASEReadCounter.table","NW_015090842.1:10305171",2,3,1
"SNTB2","s1337_F_LS_02_ASEReadCounter.table","NW_015090842.1:10305177",2,4,2
"SNTB2","s1337_F_LS_02_ASEReadCounter.table","NW_015090842.1:10305451",2,3,1
"SNTB2","s1337_F_LS_02_ASEReadCounter.table","NW_015090842.1:10305547",4,7,3
"SNTB2","s1337_F_LS_02_ASEReadCounter.table","NW_015090842.1:10305847",5,9,4
"SNTB2","s1337_F_LS_02_ASEReadCounter.table","NW_015090842.1:10306173",3,6,3
"SNTB2","s1337_F_LS_02_ASEReadCounter.table","NW_015090842.1:10306275",2,2,0
"SNTB2","s1337_F_LS_02_ASEReadCounter.table","NW_015090842.1:10306457",2,5,3
"SNTB2","s1337_F_LS_02_ASEReadCounter.table","NW_015090842.1:10306496",2,6,4
"SNTB2","s1337_F_LS_02_ASEReadCounter.table","NW_015090842.1:10306499",2,6,4
"VPS4A","s1337_F_LS_02_ASEReadCounter.table","NW_015090842.1:10308566",60,117,57
"VPS4A","s1337_F_LS_02_ASEReadCounter.table","NW_015090842.1:10308573",64,124,60
"VPS4A","s1337_F_LS_02_ASEReadCounter.table","NW_015090842.1:10308856",103,189,86
"VPS4A","s1337_F_LS_02_ASEReadCounter.table","NW_015090842.1:10309056",111,220,109
"VPS4A","s1337_F_LS_02_ASEReadCounter.table","NW_015090842.1:10309089",142,263,121
"VPS4A","s1337_F_LS_02_ASEReadCounter.table","NW_015090842.1:10309392",121,218,97
"VPS4A","s1337_F_LS_02_ASEReadCounter.table","NW_015090842.1:10309413",127,232,105
"VPS4A","s1337_F_LS_02_ASEReadCounter.table","NW_015090842.1:10309467",131,249,118
"VPS4A","s1337_F_LS_02_ASEReadCounter.table","NW_015090842.1:10310230",167,339,172
"VPS4A","s1337_F_LS_02_ASEReadCounter.table","NW_015090842.1:10310425",142,307,165
"VPS4A","s1337_F_LS_02_ASEReadCounter.table","NW_015090842.1:10310639",167,363,196
"VPS4A","s1337_F_LS_02_ASEReadCounter.table","NW_015090842.1:10310734",170,330,160
"VPS4A","s1337_F_LS_02_ASEReadCounter.table","NW_015090842.1:10310737",173,333,160
"VPS4A","s1337_F_LS_02_ASEReadCounter.table","NW_015090842.1:10310746",184,353,169
"VPS4A","s1337_F_LS_02_ASEReadCounter.table","NW_015090842.1:10310767",200,381,181
"VPS4A","s1337_F_LS_02_ASEReadCounter.table","NW_015090842.1:10310995",236,422,186
"VPS4A","s1337_F_LS_02_ASEReadCounter.table","NW_015090842.1:10311004",241,427,186
"VPS4A","s1337_F_LS_02_ASEReadCounter.table","NW_015090842.1:10311007",244,441,197
"VPS4A","s1337_F_LS_02_ASEReadCounter.table","NW_015090842.1:10311013",250,453,203
"VPS4A","s1337_F_LS_02_ASEReadCounter.table","NW_015090842.1:10311022",225,427,202
"VPS4A","s1337_F_LS_02_ASEReadCounter.table","NW_015090842.1:10311023",226,426,200
"VPS4A","s1337_F_LS_02_ASEReadCounter.table","NW_015090842.1:10311426",252,487,235
"VPS4A","s1337_F_LS_02_ASEReadCounter.table","NW_015090842.1:10311489",1,14,13
"VPS4A","s1337_F_LS_02_ASEReadCounter.table","NW_015090842.1:10311490",1,12,11
"VPS4A","s1337_F_LS_02_ASEReadCounter.table","NW_015090842.1:10311525",12,31,19
"VPS4A","s1337_F_LS_02_ASEReadCounter.table","NW_015090842.1:10311529",14,47,33
"VPS4A","s1337_F_LS_02_ASEReadCounter.table","NW_015090842.1:10311530",14,49,35
"VPS4A","s1337_F_LS_02_ASEReadCounter.table","NW_015090842.1:10311552",44,97,53
"VPS4A","s1337_F_LS_02_ASEReadCounter.table","NW_015090842.1:10311689",39,111,72
"VPS4A","s1337_F_LS_02_ASEReadCounter.table","NW_015090842.1:10311700",58,133,75
"VPS4A","s1337_F_LS_02_ASEReadCounter.table","NW_015090842.1:10311701",58,135,77
"VPS4A","s1337_F_LS_02_ASEReadCounter.table","NW_015090842.1:10311703",57,140,83
"COG8","s1337_F_LS_02_ASEReadCounter.table","NW_015090842.1:10313487",17,49,32
"COG8","s1337_F_LS_02_ASEReadCounter.table","NW_015090842.1:10313559",30,72,42
"COG8","s1337_F_LS_02_ASEReadCounter.table","NW_015090842.1:10313579",28,72,44
"COG8","s1337_F_LS_02_ASEReadCounter.table","NW_015090842.1:10313665",29,63,34
"COG8","s1337_F_LS_02_ASEReadCounter.table","NW_015090842.1:10313681",29,59,30
"COG8","s1337_F_LS_02_ASEReadCounter.table","NW_015090842.1:10313768",39,74,35
"COG8","s1337_F_LS_02_ASEReadCounter.table","NW_015090842.1:10313775",40,75,35
"COG8","s1337_F_LS_02_ASEReadCounter.table","NW_015090842.1:10313811",29,56,27
"COG8","s1337_F_LS_02_ASEReadCounter.table","NW_015090842.1:10313858",19,45,26
"COG8","s1337_F_LS_02_ASEReadCounter.table","NW_015090842.1:10314100",21,49,28
"COG8","s1337_F_LS_02_ASEReadCounter.table","NW_015090842.1:10314213",27,54,27
"COG8","s1337_F_LS_02_ASEReadCounter.table","NW_015090842.1:10315093",18,31,13
"COG8","s1337_F_LS_02_ASEReadCounter.table","NW_015090842.1:10315162",14,31,17
"COG8","s1337_F_LS_02_ASEReadCounter.table","NW_015090842.1:10315285",16,39,23
"COG8","s1337_F_LS_02_ASEReadCounter.table","NW_015090842.1:10315360",15,26,11
"COG8","s1337_F_LS_02_ASEReadCounter.table","NW_015090842.1:10315369",13,25,12
"COG8","s1337_F_LS_02_ASEReadCounter.table","NW_015090842.1:10315504",11,24,13
"COG8","s1337_F_LS_02_ASEReadCounter.table","NW_015090842.1:10315508",12,23,11
"COG8","s1337_F_LS_02_ASEReadCounter.table","NW_015090842.1:10315624",10,34,24
"COG8","s1337_F_LS_02_ASEReadCounter.table","NW_015090842.1:10315693",7,26,19
"COG8","s1337_F_LS_02_ASEReadCounter.table","NW_015090842.1:10315698",7,26,19
"COG8","s1337_F_LS_02_ASEReadCounter.table","NW_015090842.1:10315768",9,19,10
"COG8","s1337_F_LS_02_ASEReadCounter.table","NW_015090842.1:10315769",9,20,11
"COG8","s1337_F_LS_02_ASEReadCounter.table","NW_015090842.1:10315784",12,24,12
"COG8","s1337_F_LS_02_ASEReadCounter.table","NW_015090842.1:10316093",8,17,9
"COG8","s1337_F_LS_02_ASEReadCounter.table","NW_015090842.1:10316133",4,9,5
"NIP7","s1337_F_LS_02_ASEReadCounter.table","NW_015090842.1:10316759",17,40,23
"NIP7","s1337_F_LS_02_ASEReadCounter.table","NW_015090842.1:10316967",125,243,118
"NIP7","s1337_F_LS_02_ASEReadCounter.table","NW_015090842.1:10316995",144,272,128
"NIP7","s1337_F_LS_02_ASEReadCounter.table","NW_015090842.1:10317240",188,374,186
"NIP7","s1337_F_LS_02_ASEReadCounter.table","NW_015090842.1:10317247",184,368,184
"NIP7","s1337_F_LS_02_ASEReadCounter.table","NW_015090842.1:10317264",186,351,165
"NIP7","s1337_F_LS_02_ASEReadCounter.table","NW_015090842.1:10317433",236,485,249
"NIP7","s1337_F_LS_02_ASEReadCounter.table","NW_015090842.1:10317738",240,493,253
"NIP7","s1337_F_LS_02_ASEReadCounter.table","NW_015090842.1:10317769",256,516,260
"NIP7","s1337_F_LS_02_ASEReadCounter.table","NW_015090842.1:10317808",150,338,188
"NIP7","s1337_F_LS_02_ASEReadCounter.table","NW_015090842.1:10317870",103,260,157
"NIP7","s1337_F_LS_02_ASEReadCounter.table","NW_015090842.1:10317871",103,250,147
"NIP7","s1337_F_LS_02_ASEReadCounter.table","NW_015090842.1:10317898",78,189,111
"NIP7","s1337_F_LS_02_ASEReadCounter.table","NW_015090842.1:10317911",67,164,97
"TMED6","s1337_F_LS_02_ASEReadCounter.table","NW_015090842.1:10318731",1,1,0
"TERF2","s1337_F_LS_02_ASEReadCounter.table","NW_015090842.1:10321665",15,22,7
"TERF2","s1337_F_LS_02_ASEReadCounter.table","NW_015090842.1:10321768",49,91,42
"TERF2","s1337_F_LS_02_ASEReadCounter.table","NW_015090842.1:10321777",42,86,44
"TERF2","s1337_F_LS_02_ASEReadCounter.table","NW_015090842.1:10321805",34,87,53
"TERF2","s1337_F_LS_02_ASEReadCounter.table","NW_015090842.1:10321878",48,115,67
"TERF2","s1337_F_LS_02_ASEReadCounter.table","NW_015090842.1:10321893",49,112,63
"TERF2","s1337_F_LS_02_ASEReadCounter.table","NW_015090842.1:10321897",49,111,62
"TERF2","s1337_F_LS_02_ASEReadCounter.table","NW_015090842.1:10321908",48,108,60
"TERF2","s1337_F_LS_02_ASEReadCounter.table","NW_015090842.1:10322001",72,153,81
"TERF2","s1337_F_LS_02_ASEReadCounter.table","NW_015090842.1:10322035",60,121,61
"TERF2","s1337_F_LS_02_ASEReadCounter.table","NW_015090842.1:10322051",59,123,64
"TERF2","s1337_F_LS_02_ASEReadCounter.table","NW_015090842.1:10322137",45,95,50
"TERF2","s1337_F_LS_02_ASEReadCounter.table","NW_015090842.1:10322144",41,89,48
"TERF2","s1337_F_LS_02_ASEReadCounter.table","NW_015090842.1:10322388",32,105,73
"TERF2","s1337_F_LS_02_ASEReadCounter.table","NW_015090842.1:10322396",33,100,67
"TERF2","s1337_F_LS_02_ASEReadCounter.table","NW_015090842.1:10322502",29,82,53
"TERF2","s1337_F_LS_02_ASEReadCounter.table","NW_015090842.1:10322504",29,83,54
"TERF2","s1337_F_LS_02_ASEReadCounter.table","NW_015090842.1:10322510",29,83,54
"TERF2","s1337_F_LS_02_ASEReadCounter.table","NW_015090842.1:10323580",42,83,41
"TERF2","s1337_F_LS_02_ASEReadCounter.table","NW_015090842.1:10324314",32,72,40
"TERF2","s1337_F_LS_02_ASEReadCounter.table","NW_015090842.1:10326832",19,46,27
"TERF2","s1337_F_LS_02_ASEReadCounter.table","NW_015090842.1:10327787",9,19,10
"TERF2","s1337_F_LS_02_ASEReadCounter.table","NW_015090842.1:10328588",7,27,20
"TERF2","s1337_F_LS_02_ASEReadCounter.table","NW_015090842.1:10328644",7,20,13
"TERF2","s1337_F_LS_02_ASEReadCounter.table","NW_015090842.1:10329813",11,22,11
"TERF2","s1337_F_LS_02_ASEReadCounter.table","NW_015090842.1:10330749",5,14,9
"TERF2","s1337_F_LS_02_ASEReadCounter.table","NW_015090842.1:10330789",6,15,9
"CYB5B","s1337_F_LS_02_ASEReadCounter.table","NW_015090842.1:10336595",4,11,7
"CYB5B","s1337_F_LS_02_ASEReadCounter.table","NW_015090842.1:10336667",41,65,24
"CYB5B","s1337_F_LS_02_ASEReadCounter.table","NW_015090842.1:10336689",51,96,45
"CYB5B","s1337_F_LS_02_ASEReadCounter.table","NW_015090842.1:10336728",78,143,65
"CYB5B","s1337_F_LS_02_ASEReadCounter.table","NW_015090842.1:10345068",54,108,54
"CYB5B","s1337_F_LS_02_ASEReadCounter.table","NW_015090842.1:10348800",103,195,92
"CYB5B","s1337_F_LS_02_ASEReadCounter.table","NW_015090842.1:10348888",93,182,89
"CYB5B","s1337_F_LS_02_ASEReadCounter.table","NW_015090842.1:10349046",123,234,111
"CYB5B","s1337_F_LS_02_ASEReadCounter.table","NW_015090842.1:10349119",70,185,115
"CYB5B","s1337_F_LS_02_ASEReadCounter.table","NW_015090842.1:10349146",40,159,119
"CYB5B","s1337_F_LS_02_ASEReadCounter.table","NW_015090842.1:10349157",63,180,117
