"gene","id","snp","ref_count","total_count","alt_count"
"CENPN","s1337_F_TNA_03_ASEReadCounter.table","NW_015090842.1:5801612",0,2,2
"CENPN","s1337_F_TNA_03_ASEReadCounter.table","NW_015090842.1:5801618",0,2,2
"CENPN","s1337_F_TNA_03_ASEReadCounter.table","NW_015090842.1:5801623",0,2,2
"CENPN","s1337_F_TNA_03_ASEReadCounter.table","NW_015090842.1:5801631",0,2,2
"CENPN","s1337_F_TNA_03_ASEReadCounter.table","NW_015090842.1:5801632",0,2,2
"CENPN","s1337_F_TNA_03_ASEReadCounter.table","NW_015090842.1:5801662",1,1,0
"CENPN","s1337_F_TNA_03_ASEReadCounter.table","NW_015090842.1:5801670",1,1,0
"CENPN","s1337_F_TNA_03_ASEReadCounter.table","NW_015090842.1:5801674",1,1,0
"CENPN","s1337_F_TNA_03_ASEReadCounter.table","NW_015090842.1:5801692",1,1,0
"CENPN","s1337_F_TNA_03_ASEReadCounter.table","NW_015090842.1:5801697",1,1,0
"CENPN","s1337_F_TNA_03_ASEReadCounter.table","NW_015090842.1:5802008",2,3,1
"CENPN","s1337_F_TNA_03_ASEReadCounter.table","NW_015090842.1:5802012",3,4,1
"CENPN","s1337_F_TNA_03_ASEReadCounter.table","NW_015090842.1:5802087",3,4,1
"CENPN","s1337_F_TNA_03_ASEReadCounter.table","NW_015090842.1:5810113",6,6,0
"CENPN","s1337_F_TNA_03_ASEReadCounter.table","NW_015090842.1:5810147",10,10,0
"CENPN","s1337_F_TNA_03_ASEReadCounter.table","NW_015090842.1:5810148",10,10,0
"ATMIN","s1337_F_TNA_03_ASEReadCounter.table","NW_015090842.1:5818789",1,1,0
"ATMIN","s1337_F_TNA_03_ASEReadCounter.table","NW_015090842.1:5819958",0,4,4
"ATMIN","s1337_F_TNA_03_ASEReadCounter.table","NW_015090842.1:5820004",0,4,4
"ATMIN","s1337_F_TNA_03_ASEReadCounter.table","NW_015090842.1:5820217",1,3,2
"ATMIN","s1337_F_TNA_03_ASEReadCounter.table","NW_015090842.1:5820250",2,3,1
"ATMIN","s1337_F_TNA_03_ASEReadCounter.table","NW_015090842.1:5820298",3,4,1
"ATMIN","s1337_F_TNA_03_ASEReadCounter.table","NW_015090842.1:5820417",2,3,1
"ATMIN","s1337_F_TNA_03_ASEReadCounter.table","NW_015090842.1:5820421",2,3,1
"ATMIN","s1337_F_TNA_03_ASEReadCounter.table","NW_015090842.1:5820448",5,6,1
"ATMIN","s1337_F_TNA_03_ASEReadCounter.table","NW_015090842.1:5820457",4,5,1
"ATMIN","s1337_F_TNA_03_ASEReadCounter.table","NW_015090842.1:5820510",3,3,0
"ATMIN","s1337_F_TNA_03_ASEReadCounter.table","NW_015090842.1:5820673",2,4,2
"ATMIN","s1337_F_TNA_03_ASEReadCounter.table","NW_015090842.1:5820754",2,3,1
"ATMIN","s1337_F_TNA_03_ASEReadCounter.table","NW_015090842.1:5820820",3,5,2
"ATMIN","s1337_F_TNA_03_ASEReadCounter.table","NW_015090842.1:5820865",3,7,4
"ATMIN","s1337_F_TNA_03_ASEReadCounter.table","NW_015090842.1:5820889",1,5,4
"ATMIN","s1337_F_TNA_03_ASEReadCounter.table","NW_015090842.1:5820891",1,5,4
"ATMIN","s1337_F_TNA_03_ASEReadCounter.table","NW_015090842.1:5820997",1,3,2
"ATMIN","s1337_F_TNA_03_ASEReadCounter.table","NW_015090842.1:5821063",3,8,5
"ATMIN","s1337_F_TNA_03_ASEReadCounter.table","NW_015090842.1:5821132",4,8,4
"ATMIN","s1337_F_TNA_03_ASEReadCounter.table","NW_015090842.1:5821645",8,15,7
"ATMIN","s1337_F_TNA_03_ASEReadCounter.table","NW_015090842.1:5825066",8,23,15
"ATMIN","s1337_F_TNA_03_ASEReadCounter.table","NW_015090842.1:5825106",10,29,19
"ATMIN","s1337_F_TNA_03_ASEReadCounter.table","NW_015090842.1:5825122",11,30,19
"ATMIN","s1337_F_TNA_03_ASEReadCounter.table","NW_015090842.1:5825178",14,37,23
"ATMIN","s1337_F_TNA_03_ASEReadCounter.table","NW_015090842.1:5825194",13,32,19
"ATMIN","s1337_F_TNA_03_ASEReadCounter.table","NW_015090842.1:5825195",13,30,17
"ATMIN","s1337_F_TNA_03_ASEReadCounter.table","NW_015090842.1:5825220",15,32,17
"ATMIN","s1337_F_TNA_03_ASEReadCounter.table","NW_015090842.1:5825240",14,33,19
"ATMIN","s1337_F_TNA_03_ASEReadCounter.table","NW_015090842.1:5825303",19,36,17
"ATMIN","s1337_F_TNA_03_ASEReadCounter.table","NW_015090842.1:5825304",18,35,17
"ATMIN","s1337_F_TNA_03_ASEReadCounter.table","NW_015090842.1:5825310",18,37,19
"ATMIN","s1337_F_TNA_03_ASEReadCounter.table","NW_015090842.1:5825406",12,30,18
"ATMIN","s1337_F_TNA_03_ASEReadCounter.table","NW_015090842.1:5825415",13,30,17
"ATMIN","s1337_F_TNA_03_ASEReadCounter.table","NW_015090842.1:5825438",14,34,20
"ATMIN","s1337_F_TNA_03_ASEReadCounter.table","NW_015090842.1:5825485",17,39,22
"ATMIN","s1337_F_TNA_03_ASEReadCounter.table","NW_015090842.1:5825524",17,36,19
"ATMIN","s1337_F_TNA_03_ASEReadCounter.table","NW_015090842.1:5825557",18,37,19
"ATMIN","s1337_F_TNA_03_ASEReadCounter.table","NW_015090842.1:5825571",18,38,20
"ATMIN","s1337_F_TNA_03_ASEReadCounter.table","NW_015090842.1:5825579",18,40,22
"ATMIN","s1337_F_TNA_03_ASEReadCounter.table","NW_015090842.1:5825590",20,41,21
"ATMIN","s1337_F_TNA_03_ASEReadCounter.table","NW_015090842.1:5825689",22,46,24
"ATMIN","s1337_F_TNA_03_ASEReadCounter.table","NW_015090842.1:5825703",26,52,26
"ATMIN","s1337_F_TNA_03_ASEReadCounter.table","NW_015090842.1:5825787",28,51,23
"ATMIN","s1337_F_TNA_03_ASEReadCounter.table","NW_015090842.1:5825833",26,53,27
"ATMIN","s1337_F_TNA_03_ASEReadCounter.table","NW_015090842.1:5825841",22,47,25
"ATMIN","s1337_F_TNA_03_ASEReadCounter.table","NW_015090842.1:5825895",19,43,24
"ATMIN","s1337_F_TNA_03_ASEReadCounter.table","NW_015090842.1:5825984",15,38,23
"ATMIN","s1337_F_TNA_03_ASEReadCounter.table","NW_015090842.1:5826162",30,58,28
"ATMIN","s1337_F_TNA_03_ASEReadCounter.table","NW_015090842.1:5826194",27,55,28
"ATMIN","s1337_F_TNA_03_ASEReadCounter.table","NW_015090842.1:5826235",27,61,34
"ATMIN","s1337_F_TNA_03_ASEReadCounter.table","NW_015090842.1:5826245",28,63,35
"ATMIN","s1337_F_TNA_03_ASEReadCounter.table","NW_015090842.1:5826335",13,39,26
"ATMIN","s1337_F_TNA_03_ASEReadCounter.table","NW_015090842.1:5826417",20,52,32
"ATMIN","s1337_F_TNA_03_ASEReadCounter.table","NW_015090842.1:5826431",14,52,38
"ATMIN","s1337_F_TNA_03_ASEReadCounter.table","NW_015090842.1:5826438",20,51,31
"ATMIN","s1337_F_TNA_03_ASEReadCounter.table","NW_015090842.1:5826463",29,75,46
"ATMIN","s1337_F_TNA_03_ASEReadCounter.table","NW_015090842.1:5826502",31,83,52
"ATMIN","s1337_F_TNA_03_ASEReadCounter.table","NW_015090842.1:5826511",32,84,52
"ATMIN","s1337_F_TNA_03_ASEReadCounter.table","NW_015090842.1:5826659",31,66,35
"ATMIN","s1337_F_TNA_03_ASEReadCounter.table","NW_015090842.1:5826701",36,72,36
"ATMIN","s1337_F_TNA_03_ASEReadCounter.table","NW_015090842.1:5826702",35,71,36
"ATMIN","s1337_F_TNA_03_ASEReadCounter.table","NW_015090842.1:5826732",36,77,41
"ATMIN","s1337_F_TNA_03_ASEReadCounter.table","NW_015090842.1:5826745",38,79,41
"ATMIN","s1337_F_TNA_03_ASEReadCounter.table","NW_015090842.1:5826835",49,95,46
"ATMIN","s1337_F_TNA_03_ASEReadCounter.table","NW_015090842.1:5826942",33,87,54
"ATMIN","s1337_F_TNA_03_ASEReadCounter.table","NW_015090842.1:5827193",73,127,54
"ATMIN","s1337_F_TNA_03_ASEReadCounter.table","NW_015090842.1:5827196",70,124,54
"ATMIN","s1337_F_TNA_03_ASEReadCounter.table","NW_015090842.1:5827269",61,120,59
"ATMIN","s1337_F_TNA_03_ASEReadCounter.table","NW_015090842.1:5827315",46,92,46
"ATMIN","s1337_F_TNA_03_ASEReadCounter.table","NW_015090842.1:5827316",44,88,44
"ATMIN","s1337_F_TNA_03_ASEReadCounter.table","NW_015090842.1:5827333",45,85,40
"PPP1R3E","s1337_F_TNA_03_ASEReadCounter.table","NW_015090842.1:5837733",2,3,1
"PPP1R3E","s1337_F_TNA_03_ASEReadCounter.table","NW_015090842.1:5837947",1,5,4
"PKD1L2","s1337_F_TNA_03_ASEReadCounter.table","NW_015090842.1:5867509",1,1,0
"PKD1L2","s1337_F_TNA_03_ASEReadCounter.table","NW_015090842.1:5867597",1,1,0
"PKD1L2","s1337_F_TNA_03_ASEReadCounter.table","NW_015090842.1:5867600",1,1,0
"PKD1L2","s1337_F_TNA_03_ASEReadCounter.table","NW_015090842.1:5867660",2,3,1
"PKD1L2","s1337_F_TNA_03_ASEReadCounter.table","NW_015090842.1:5867675",1,2,1
"PKD1L2","s1337_F_TNA_03_ASEReadCounter.table","NW_015090842.1:5867788",1,1,0
"BCO1","s1337_F_TNA_03_ASEReadCounter.table","NW_015090842.1:5915610",0,2,2
"BCO1","s1337_F_TNA_03_ASEReadCounter.table","NW_015090842.1:5915646",0,2,2
"BCO1","s1337_F_TNA_03_ASEReadCounter.table","NW_015090842.1:5917836",1,3,2
"BCO1","s1337_F_TNA_03_ASEReadCounter.table","NW_015090842.1:5917912",0,2,2
"BCO1","s1337_F_TNA_03_ASEReadCounter.table","NW_015090842.1:5917941",0,1,1
"BCO1","s1337_F_TNA_03_ASEReadCounter.table","NW_015090842.1:5921679",1,2,1
"BCO1","s1337_F_TNA_03_ASEReadCounter.table","NW_015090842.1:5921726",4,5,1
"BCO1","s1337_F_TNA_03_ASEReadCounter.table","NW_015090842.1:5925669",2,3,1
"BCO1","s1337_F_TNA_03_ASEReadCounter.table","NW_015090842.1:5926937",0,1,1
"BCO1","s1337_F_TNA_03_ASEReadCounter.table","NW_015090842.1:5927921",1,1,0
"BCO1","s1337_F_TNA_03_ASEReadCounter.table","NW_015090842.1:5927948",1,1,0
"BCO1","s1337_F_TNA_03_ASEReadCounter.table","NW_015090842.1:5927968",2,2,0
"BCO1","s1337_F_TNA_03_ASEReadCounter.table","NW_015090842.1:5928052",3,4,1
"BCO1","s1337_F_TNA_03_ASEReadCounter.table","NW_015090842.1:5932726",2,4,2
"BCO1","s1337_F_TNA_03_ASEReadCounter.table","NW_015090842.1:5932801",4,6,2
"BCO1","s1337_F_TNA_03_ASEReadCounter.table","NW_015090842.1:5934558",3,6,3
"BCO1","s1337_F_TNA_03_ASEReadCounter.table","NW_015090842.1:5934575",5,8,3
"BCO1","s1337_F_TNA_03_ASEReadCounter.table","NW_015090842.1:5934608",4,7,3
"BCO1","s1337_F_TNA_03_ASEReadCounter.table","NW_015090842.1:5934647",6,9,3
"BCO1","s1337_F_TNA_03_ASEReadCounter.table","NW_015090842.1:5934725",5,8,3
"BCO1","s1337_F_TNA_03_ASEReadCounter.table","NW_015090842.1:5934726",5,8,3
"BCO1","s1337_F_TNA_03_ASEReadCounter.table","NW_015090842.1:5934733",5,7,2
"BCO1","s1337_F_TNA_03_ASEReadCounter.table","NW_015090842.1:5934821",5,5,0
"BCO1","s1337_F_TNA_03_ASEReadCounter.table","NW_015090842.1:5934826",4,4,0
"BCO1","s1337_F_TNA_03_ASEReadCounter.table","NW_015090842.1:5934844",3,3,0
"BCO1","s1337_F_TNA_03_ASEReadCounter.table","NW_015090842.1:5934958",3,3,0
"BCO1","s1337_F_TNA_03_ASEReadCounter.table","NW_015090842.1:5934976",4,4,0
"GAN","s1337_F_TNA_03_ASEReadCounter.table","NW_015090842.1:5939249",0,1,1
"GAN","s1337_F_TNA_03_ASEReadCounter.table","NW_015090842.1:5953759",4,10,6
"GAN","s1337_F_TNA_03_ASEReadCounter.table","NW_015090842.1:5957502",9,23,14
"GAN","s1337_F_TNA_03_ASEReadCounter.table","NW_015090842.1:5957578",11,26,15
"GAN","s1337_F_TNA_03_ASEReadCounter.table","NW_015090842.1:5966047",16,45,29
"GAN","s1337_F_TNA_03_ASEReadCounter.table","NW_015090842.1:5966126",12,52,40
"GAN","s1337_F_TNA_03_ASEReadCounter.table","NW_015090842.1:5966127",12,48,36
"GAN","s1337_F_TNA_03_ASEReadCounter.table","NW_015090842.1:5966162",27,73,46
"GAN","s1337_F_TNA_03_ASEReadCounter.table","NW_015090842.1:5966483",43,108,65
"CMIP","s1337_F_TNA_03_ASEReadCounter.table","NW_015090842.1:6109159",14,27,13
"CMIP","s1337_F_TNA_03_ASEReadCounter.table","NW_015090842.1:6109166",15,29,14
"CMIP","s1337_F_TNA_03_ASEReadCounter.table","NW_015090842.1:6114641",24,52,28
"CMIP","s1337_F_TNA_03_ASEReadCounter.table","NW_015090842.1:6114751",20,38,18
"CMIP","s1337_F_TNA_03_ASEReadCounter.table","NW_015090842.1:6114824",18,37,19
"CMIP","s1337_F_TNA_03_ASEReadCounter.table","NW_015090842.1:6126295",56,56,0
"CMIP","s1337_F_TNA_03_ASEReadCounter.table","NW_015090842.1:6128998",38,81,43
"CMIP","s1337_F_TNA_03_ASEReadCounter.table","NW_015090842.1:6130562",72,148,76
"CMIP","s1337_F_TNA_03_ASEReadCounter.table","NW_015090842.1:6132522",55,120,65
"CMIP","s1337_F_TNA_03_ASEReadCounter.table","NW_015090842.1:6138265",110,289,179
"CMIP","s1337_F_TNA_03_ASEReadCounter.table","NW_015090842.1:6138300",119,301,182
"CMIP","s1337_F_TNA_03_ASEReadCounter.table","NW_015090842.1:6138342",99,249,150
"CMIP","s1337_F_TNA_03_ASEReadCounter.table","NW_015090842.1:6138343",100,248,148
"CMIP","s1337_F_TNA_03_ASEReadCounter.table","NW_015090842.1:6138345",97,239,142
"CMIP","s1337_F_TNA_03_ASEReadCounter.table","NW_015090842.1:6138647",73,161,88
"CMIP","s1337_F_TNA_03_ASEReadCounter.table","NW_015090842.1:6138745",89,202,113
"CMIP","s1337_F_TNA_03_ASEReadCounter.table","NW_015090842.1:6138832",13,74,61
"CMIP","s1337_F_TNA_03_ASEReadCounter.table","NW_015090842.1:6138967",64,153,89
"CMIP","s1337_F_TNA_03_ASEReadCounter.table","NW_015090842.1:6139131",31,83,52
"CMIP","s1337_F_TNA_03_ASEReadCounter.table","NW_015090842.1:6139163",7,58,51
"CMIP","s1337_F_TNA_03_ASEReadCounter.table","NW_015090842.1:6139212",137,147,10
"CMIP","s1337_F_TNA_03_ASEReadCounter.table","NW_015090842.1:6139360",40,74,34
"CMIP","s1337_F_TNA_03_ASEReadCounter.table","NW_015090842.1:6139572",26,48,22
"PLCG2","s1337_F_TNA_03_ASEReadCounter.table","NW_015090842.1:6209741",1,1,0
"PLCG2","s1337_F_TNA_03_ASEReadCounter.table","NW_015090842.1:6209798",1,1,0
"PLCG2","s1337_F_TNA_03_ASEReadCounter.table","NW_015090842.1:6209816",1,1,0
"PLCG2","s1337_F_TNA_03_ASEReadCounter.table","NW_015090842.1:6217547",0,4,4
"PLCG2","s1337_F_TNA_03_ASEReadCounter.table","NW_015090842.1:6218641",0,2,2
"PLCG2","s1337_F_TNA_03_ASEReadCounter.table","NW_015090842.1:6220552",0,3,3
"PLCG2","s1337_F_TNA_03_ASEReadCounter.table","NW_015090842.1:6221969",1,3,2
"PLCG2","s1337_F_TNA_03_ASEReadCounter.table","NW_015090842.1:6228672",1,1,0
"PLCG2","s1337_F_TNA_03_ASEReadCounter.table","NW_015090842.1:6228835",1,2,1
"PLCG2","s1337_F_TNA_03_ASEReadCounter.table","NW_015090842.1:6228841",0,1,1
"PLCG2","s1337_F_TNA_03_ASEReadCounter.table","NW_015090842.1:6228865",0,2,2
"PLCG2","s1337_F_TNA_03_ASEReadCounter.table","NW_015090842.1:6228917",0,3,3
"PLCG2","s1337_F_TNA_03_ASEReadCounter.table","NW_015090842.1:6228926",0,3,3
"PLCG2","s1337_F_TNA_03_ASEReadCounter.table","NW_015090842.1:6228954",0,1,1
"PLCG2","s1337_F_TNA_03_ASEReadCounter.table","NW_015090842.1:6229002",0,2,2
"PLCG2","s1337_F_TNA_03_ASEReadCounter.table","NW_015090842.1:6229006",0,2,2
"PLCG2","s1337_F_TNA_03_ASEReadCounter.table","NW_015090842.1:6229213",1,1,0
"PLCG2","s1337_F_TNA_03_ASEReadCounter.table","NW_015090842.1:6229231",1,1,0
"PLCG2","s1337_F_TNA_03_ASEReadCounter.table","NW_015090842.1:6229663",1,1,0
"PLCG2","s1337_F_TNA_03_ASEReadCounter.table","NW_015090842.1:6230248",1,1,0
"PLCG2","s1337_F_TNA_03_ASEReadCounter.table","NW_015090842.1:6230255",1,1,0
"PLCG2","s1337_F_TNA_03_ASEReadCounter.table","NW_015090842.1:6230276",1,1,0
"PLCG2","s1337_F_TNA_03_ASEReadCounter.table","NW_015090842.1:6230296",1,1,0
"PLCG2","s1337_F_TNA_03_ASEReadCounter.table","NW_015090842.1:6230408",1,1,0
"PLCG2","s1337_F_TNA_03_ASEReadCounter.table","NW_015090842.1:6230439",1,1,0
"PLCG2","s1337_F_TNA_03_ASEReadCounter.table","NW_015090842.1:6230898",1,1,0
"PLCG2","s1337_F_TNA_03_ASEReadCounter.table","NW_015090842.1:6230976",2,3,1
"PLCG2","s1337_F_TNA_03_ASEReadCounter.table","NW_015090842.1:6231177",1,1,0
"PLCG2","s1337_F_TNA_03_ASEReadCounter.table","NW_015090842.1:6231263",1,1,0
"SDR42E1","s1337_F_TNA_03_ASEReadCounter.table","NW_015090842.1:6235292",0,1,1
"SDR42E1","s1337_F_TNA_03_ASEReadCounter.table","NW_015090842.1:6235315",0,4,4
"SDR42E1","s1337_F_TNA_03_ASEReadCounter.table","NW_015090842.1:6235348",0,3,3
"SDR42E1","s1337_F_TNA_03_ASEReadCounter.table","NW_015090842.1:6235355",0,3,3
"SDR42E1","s1337_F_TNA_03_ASEReadCounter.table","NW_015090842.1:6235417",1,4,3
"SDR42E1","s1337_F_TNA_03_ASEReadCounter.table","NW_015090842.1:6235558",0,4,4
"SDR42E1","s1337_F_TNA_03_ASEReadCounter.table","NW_015090842.1:6235741",1,7,6
"SDR42E1","s1337_F_TNA_03_ASEReadCounter.table","NW_015090842.1:6235777",1,5,4
"SDR42E1","s1337_F_TNA_03_ASEReadCounter.table","NW_015090842.1:6235806",2,9,7
"SDR42E1","s1337_F_TNA_03_ASEReadCounter.table","NW_015090842.1:6235809",2,9,7
"SDR42E1","s1337_F_TNA_03_ASEReadCounter.table","NW_015090842.1:6235816",2,8,6
"SDR42E1","s1337_F_TNA_03_ASEReadCounter.table","NW_015090842.1:6235914",1,5,4
"SDR42E1","s1337_F_TNA_03_ASEReadCounter.table","NW_015090842.1:6235935",0,4,4
"SDR42E1","s1337_F_TNA_03_ASEReadCounter.table","NW_015090842.1:6235957",0,3,3
"SDR42E1","s1337_F_TNA_03_ASEReadCounter.table","NW_015090842.1:6236040",1,8,7
"SDR42E1","s1337_F_TNA_03_ASEReadCounter.table","NW_015090842.1:6236260",3,6,3
"SDR42E1","s1337_F_TNA_03_ASEReadCounter.table","NW_015090842.1:6236281",2,5,3
"SDR42E1","s1337_F_TNA_03_ASEReadCounter.table","NW_015090842.1:6236305",2,5,3
"SDR42E1","s1337_F_TNA_03_ASEReadCounter.table","NW_015090842.1:6236458",2,4,2
"SDR42E1","s1337_F_TNA_03_ASEReadCounter.table","NW_015090842.1:6236476",2,4,2
"SDR42E1","s1337_F_TNA_03_ASEReadCounter.table","NW_015090842.1:6236608",0,3,3
"SDR42E1","s1337_F_TNA_03_ASEReadCounter.table","NW_015090842.1:6238244",2,2,0
"HSD17B2","s1337_F_TNA_03_ASEReadCounter.table","NW_015090842.1:6257711",0,2,2
"HSD17B2","s1337_F_TNA_03_ASEReadCounter.table","NW_015090842.1:6257712",0,2,2
"HSD17B2","s1337_F_TNA_03_ASEReadCounter.table","NW_015090842.1:6257737",0,2,2
"HSD17B2","s1337_F_TNA_03_ASEReadCounter.table","NW_015090842.1:6257758",0,2,2
"HSD17B2","s1337_F_TNA_03_ASEReadCounter.table","NW_015090842.1:6257767",0,2,2
"HSD17B2","s1337_F_TNA_03_ASEReadCounter.table","NW_015090842.1:6257851",0,1,1
"HSD17B2","s1337_F_TNA_03_ASEReadCounter.table","NW_015090842.1:6262974",0,1,1
"HSD17B2","s1337_F_TNA_03_ASEReadCounter.table","NW_015090842.1:6266125",0,1,1
"HSD17B2","s1337_F_TNA_03_ASEReadCounter.table","NW_015090842.1:6266135",0,1,1
"HSD17B2","s1337_F_TNA_03_ASEReadCounter.table","NW_015090842.1:6266795",0,1,1
"HSD17B2","s1337_F_TNA_03_ASEReadCounter.table","NW_015090842.1:6266944",0,1,1
"HSD17B2","s1337_F_TNA_03_ASEReadCounter.table","NW_015090842.1:6267196",0,3,3
"HSD17B2","s1337_F_TNA_03_ASEReadCounter.table","NW_015090842.1:6267913",0,1,1
"ARY2","s1337_F_TNA_03_ASEReadCounter.table","NW_015090842.1:6303922",0,5,5
"ARY2","s1337_F_TNA_03_ASEReadCounter.table","NW_015090842.1:6303954",0,4,4
"ARY2","s1337_F_TNA_03_ASEReadCounter.table","NW_015090842.1:6303979",0,2,2
"ARY2","s1337_F_TNA_03_ASEReadCounter.table","NW_015090842.1:6305848",4,9,5
"ARY2","s1337_F_TNA_03_ASEReadCounter.table","NW_015090842.1:6305856",4,9,5
"ARY2","s1337_F_TNA_03_ASEReadCounter.table","NW_015090842.1:6305857",4,9,5
"ARY2","s1337_F_TNA_03_ASEReadCounter.table","NW_015090842.1:6306017",5,8,3
"ARY2","s1337_F_TNA_03_ASEReadCounter.table","NW_015090842.1:6306052",4,7,3
"ARY2","s1337_F_TNA_03_ASEReadCounter.table","NW_015090842.1:6306094",4,10,6
"ARY2","s1337_F_TNA_03_ASEReadCounter.table","NW_015090842.1:6306100",4,11,7
"ARY2","s1337_F_TNA_03_ASEReadCounter.table","NW_015090842.1:6306146",6,12,6
"ARY2","s1337_F_TNA_03_ASEReadCounter.table","NW_015090842.1:6306147",6,12,6
"ARY2","s1337_F_TNA_03_ASEReadCounter.table","NW_015090842.1:6306390",7,9,2
"ARY2","s1337_F_TNA_03_ASEReadCounter.table","NW_015090842.1:6306567",7,10,3
"ARY2","s1337_F_TNA_03_ASEReadCounter.table","NW_015090842.1:6306705",6,8,2
"ARY2","s1337_F_TNA_03_ASEReadCounter.table","NW_015090842.1:6306773",4,8,4
"ARY2","s1337_F_TNA_03_ASEReadCounter.table","NW_015090842.1:6307039",7,13,6
"ARY2","s1337_F_TNA_03_ASEReadCounter.table","NW_015090842.1:6307043",7,12,5
"ARY2","s1337_F_TNA_03_ASEReadCounter.table","NW_015090842.1:6307093",5,10,5
"ARY2","s1337_F_TNA_03_ASEReadCounter.table","NW_015090842.1:6307138",3,6,3
"ARY2","s1337_F_TNA_03_ASEReadCounter.table","NW_015090842.1:6307157",3,8,5
"ARY2","s1337_F_TNA_03_ASEReadCounter.table","NW_015090842.1:6307187",3,8,5
"ARY2","s1337_F_TNA_03_ASEReadCounter.table","NW_015090842.1:6307204",5,11,6
"ARY2","s1337_F_TNA_03_ASEReadCounter.table","NW_015090842.1:6307278",10,17,7
"ARY2","s1337_F_TNA_03_ASEReadCounter.table","NW_015090842.1:6307305",8,13,5
"ARY2","s1337_F_TNA_03_ASEReadCounter.table","NW_015090842.1:6307318",9,11,2
"ARY2","s1337_F_TNA_03_ASEReadCounter.table","NW_015090842.1:6307429",10,12,2
"ARY2","s1337_F_TNA_03_ASEReadCounter.table","NW_015090842.1:6307487",7,13,6
"ARY2","s1337_F_TNA_03_ASEReadCounter.table","NW_015090842.1:6307670",7,10,3
"ARYL","s1337_F_TNA_03_ASEReadCounter.table","NW_015090842.1:6313360",1,4,3
"ARYL","s1337_F_TNA_03_ASEReadCounter.table","NW_015090842.1:6313377",1,4,3
"ARYL","s1337_F_TNA_03_ASEReadCounter.table","NW_015090842.1:6313767",3,3,0
"ARY1","s1337_F_TNA_03_ASEReadCounter.table","NW_015090842.1:6314296",2,3,1
"ARY1","s1337_F_TNA_03_ASEReadCounter.table","NW_015090842.1:6314541",1,5,4
"ARY1","s1337_F_TNA_03_ASEReadCounter.table","NW_015090842.1:6314597",2,7,5
"ARY1","s1337_F_TNA_03_ASEReadCounter.table","NW_015090842.1:6314750",5,9,4
"ARY1","s1337_F_TNA_03_ASEReadCounter.table","NW_015090842.1:6314794",4,5,1
"ARY1","s1337_F_TNA_03_ASEReadCounter.table","NW_015090842.1:6314827",2,2,0
"ARY1","s1337_F_TNA_03_ASEReadCounter.table","NW_015090842.1:6314859",1,2,1
"ARY1","s1337_F_TNA_03_ASEReadCounter.table","NW_015090842.1:6314886",2,3,1
"ARY1","s1337_F_TNA_03_ASEReadCounter.table","NW_015090842.1:6315022",6,9,3
"ARY1","s1337_F_TNA_03_ASEReadCounter.table","NW_015090842.1:6315026",6,9,3
"ARY1","s1337_F_TNA_03_ASEReadCounter.table","NW_015090842.1:6315043",5,8,3
"ARY1","s1337_F_TNA_03_ASEReadCounter.table","NW_015090842.1:6315065",7,9,2
"ARY1","s1337_F_TNA_03_ASEReadCounter.table","NW_015090842.1:6315409",0,3,3
"ARY1","s1337_F_TNA_03_ASEReadCounter.table","NW_015090842.1:6315479",7,10,3
"ARY1","s1337_F_TNA_03_ASEReadCounter.table","NW_015090842.1:6318342",6,7,1
"ARY1","s1337_F_TNA_03_ASEReadCounter.table","NW_015090842.1:6318427",14,20,6
"ARY1","s1337_F_TNA_03_ASEReadCounter.table","NW_015090842.1:6318603",13,16,3
"ARY1","s1337_F_TNA_03_ASEReadCounter.table","NW_015090842.1:6318708",6,11,5
"ARY1","s1337_F_TNA_03_ASEReadCounter.table","NW_015090842.1:6318858",10,15,5
"ARY1","s1337_F_TNA_03_ASEReadCounter.table","NW_015090842.1:6318952",7,11,4
"MPHOSPH6","s1337_F_TNA_03_ASEReadCounter.table","NW_015090842.1:6324063",45,88,43
"MPHOSPH6","s1337_F_TNA_03_ASEReadCounter.table","NW_015090842.1:6324174",83,146,63
"MPHOSPH6","s1337_F_TNA_03_ASEReadCounter.table","NW_015090842.1:6324270",90,203,113
"MPHOSPH6","s1337_F_TNA_03_ASEReadCounter.table","NW_015090842.1:6324762",61,147,86
"MPHOSPH6","s1337_F_TNA_03_ASEReadCounter.table","NW_015090842.1:6324780",53,125,72
"MPHOSPH6","s1337_F_TNA_03_ASEReadCounter.table","NW_015090842.1:6324902",70,144,74
"MPHOSPH6","s1337_F_TNA_03_ASEReadCounter.table","NW_015090842.1:6325066",64,144,80
"MPHOSPH6","s1337_F_TNA_03_ASEReadCounter.table","NW_015090842.1:6325089",68,158,90
"MPHOSPH6","s1337_F_TNA_03_ASEReadCounter.table","NW_015090842.1:6325877",76,149,73
"MPHOSPH6","s1337_F_TNA_03_ASEReadCounter.table","NW_015090842.1:6326976",52,115,63
"CDH13","s1337_F_TNA_03_ASEReadCounter.table","NW_015090842.1:6662283",1,3,2
"CDH13","s1337_F_TNA_03_ASEReadCounter.table","NW_015090842.1:6693665",1,3,2
"CDH13","s1337_F_TNA_03_ASEReadCounter.table","NW_015090842.1:6693697",2,5,3
"CDH13","s1337_F_TNA_03_ASEReadCounter.table","NW_015090842.1:6693712",2,4,2
"CDH13","s1337_F_TNA_03_ASEReadCounter.table","NW_015090842.1:6693723",2,4,2
"CDH13","s1337_F_TNA_03_ASEReadCounter.table","NW_015090842.1:6693738",1,5,4
"CDH13","s1337_F_TNA_03_ASEReadCounter.table","NW_015090842.1:6823730",2,5,3
"CDH13","s1337_F_TNA_03_ASEReadCounter.table","NW_015090842.1:6889713",1,8,7
"CDH13","s1337_F_TNA_03_ASEReadCounter.table","NW_015090842.1:6955167",11,27,16
"MLYCD","s1337_F_TNA_03_ASEReadCounter.table","NW_015090842.1:7150054",60,111,51
"MLYCD","s1337_F_TNA_03_ASEReadCounter.table","NW_015090842.1:7150131",94,185,91
"MLYCD","s1337_F_TNA_03_ASEReadCounter.table","NW_015090842.1:7150585",55,125,70
"MLYCD","s1337_F_TNA_03_ASEReadCounter.table","NW_015090842.1:7150686",51,99,48
"MLYCD","s1337_F_TNA_03_ASEReadCounter.table","NW_015090842.1:7150696",49,103,54
"MLYCD","s1337_F_TNA_03_ASEReadCounter.table","NW_015090842.1:7150869",38,87,49
"MLYCD","s1337_F_TNA_03_ASEReadCounter.table","NW_015090842.1:7151100",47,73,26
"MLYCD","s1337_F_TNA_03_ASEReadCounter.table","NW_015090842.1:7151127",42,73,31
"MLYCD","s1337_F_TNA_03_ASEReadCounter.table","NW_015090842.1:7157538",19,58,39
"MLYCD","s1337_F_TNA_03_ASEReadCounter.table","NW_015090842.1:7167662",10,25,15
"MLYCD","s1337_F_TNA_03_ASEReadCounter.table","NW_015090842.1:7167675",12,26,14
"MLYCD","s1337_F_TNA_03_ASEReadCounter.table","NW_015090842.1:7167710",15,30,15
"MLYCD","s1337_F_TNA_03_ASEReadCounter.table","NW_015090842.1:7167781",9,18,9
"MLYCD","s1337_F_TNA_03_ASEReadCounter.table","NW_015090842.1:7167803",5,10,5
"MLYCD","s1337_F_TNA_03_ASEReadCounter.table","NW_015090842.1:7167812",5,8,3
"MLYCD","s1337_F_TNA_03_ASEReadCounter.table","NW_015090842.1:7167845",5,9,4
"MLYCD","s1337_F_TNA_03_ASEReadCounter.table","NW_015090842.1:7167862",5,10,5
"MLYCD","s1337_F_TNA_03_ASEReadCounter.table","NW_015090842.1:7167929",3,11,8
"MLYCD","s1337_F_TNA_03_ASEReadCounter.table","NW_015090842.1:7167995",3,10,7
"MLYCD","s1337_F_TNA_03_ASEReadCounter.table","NW_015090842.1:7168005",3,10,7
"MLYCD","s1337_F_TNA_03_ASEReadCounter.table","NW_015090842.1:7168037",3,11,8
"HSBP1","s1337_F_TNA_03_ASEReadCounter.table","NW_015090842.1:7245192",417,688,271
"HSBP1","s1337_F_TNA_03_ASEReadCounter.table","NW_015090842.1:7245226",469,800,331
"HSBP1","s1337_F_TNA_03_ASEReadCounter.table","NW_015090842.1:7245257",404,706,302
"HSBP1","s1337_F_TNA_03_ASEReadCounter.table","NW_015090842.1:7245296",349,700,351
"HSBP1","s1337_F_TNA_03_ASEReadCounter.table","NW_015090842.1:7245389",566,963,397
"HSBP1","s1337_F_TNA_03_ASEReadCounter.table","NW_015090842.1:7245400",573,914,341
"HSBP1","s1337_F_TNA_03_ASEReadCounter.table","NW_015090842.1:7245445",519,883,364
"HSBP1","s1337_F_TNA_03_ASEReadCounter.table","NW_015090842.1:7245495",453,829,376
"HSBP1","s1337_F_TNA_03_ASEReadCounter.table","NW_015090842.1:7245733",274,528,254
"HSBP1","s1337_F_TNA_03_ASEReadCounter.table","NW_015090842.1:7245771",301,531,230
"HSBP1","s1337_F_TNA_03_ASEReadCounter.table","NW_015090842.1:7245813",318,534,216
"HSBP1","s1337_F_TNA_03_ASEReadCounter.table","NW_015090842.1:7245926",343,586,243
"HSBP1","s1337_F_TNA_03_ASEReadCounter.table","NW_015090842.1:7245927",344,583,239
"HSBP1","s1337_F_TNA_03_ASEReadCounter.table","NW_015090842.1:7245933",344,573,229
"HSBP1","s1337_F_TNA_03_ASEReadCounter.table","NW_015090842.1:7246002",245,455,210
"HSBP1","s1337_F_TNA_03_ASEReadCounter.table","NW_015090842.1:7246094",308,542,234
"HSBP1","s1337_F_TNA_03_ASEReadCounter.table","NW_015090842.1:7246167",320,533,213
"HSBP1","s1337_F_TNA_03_ASEReadCounter.table","NW_015090842.1:7246183",293,513,220
"HSBP1","s1337_F_TNA_03_ASEReadCounter.table","NW_015090842.1:7247285",25,34,9
"HSBP1","s1337_F_TNA_03_ASEReadCounter.table","NW_015090842.1:7247651",316,625,309
"HSBP1","s1337_F_TNA_03_ASEReadCounter.table","NW_015090842.1:7247657",314,629,315
"HSBP1","s1337_F_TNA_03_ASEReadCounter.table","NW_015090842.1:7248520",205,410,205
"HSBP1","s1337_F_TNA_03_ASEReadCounter.table","NW_015090842.1:7248535",167,337,170
"KCNG4","s1337_F_TNA_03_ASEReadCounter.table","NW_015090842.1:7282481",6,9,3
"KCNG4","s1337_F_TNA_03_ASEReadCounter.table","NW_015090842.1:7282500",5,8,3
"KCNG4","s1337_F_TNA_03_ASEReadCounter.table","NW_015090842.1:7282542",4,7,3
"KCNG4","s1337_F_TNA_03_ASEReadCounter.table","NW_015090842.1:7282579",1,4,3
"KCNG4","s1337_F_TNA_03_ASEReadCounter.table","NW_015090842.1:7282630",3,7,4
"KCNG4","s1337_F_TNA_03_ASEReadCounter.table","NW_015090842.1:7283056",5,5,0
"KCNG4","s1337_F_TNA_03_ASEReadCounter.table","NW_015090842.1:7283245",2,4,2
"KCNG4","s1337_F_TNA_03_ASEReadCounter.table","NW_015090842.1:7301195",1,1,0
"KCNG4","s1337_F_TNA_03_ASEReadCounter.table","NW_015090842.1:7301227",0,1,1
"KCNG4","s1337_F_TNA_03_ASEReadCounter.table","NW_015090842.1:7301240",0,1,1
"KCNG4","s1337_F_TNA_03_ASEReadCounter.table","NW_015090842.1:7301413",1,1,0
"WFDC1","s1337_F_TNA_03_ASEReadCounter.table","NW_015090842.1:7366517",0,1,1
"WFDC1","s1337_F_TNA_03_ASEReadCounter.table","NW_015090842.1:7378036",1,3,2
"WFDC1","s1337_F_TNA_03_ASEReadCounter.table","NW_015090842.1:7379125",1,3,2
"WFDC1","s1337_F_TNA_03_ASEReadCounter.table","NW_015090842.1:7379451",0,2,2
"WFDC1","s1337_F_TNA_03_ASEReadCounter.table","NW_015090842.1:7379471",0,1,1
"WFDC1","s1337_F_TNA_03_ASEReadCounter.table","NW_015090842.1:7379576",0,1,1
"WFDC1","s1337_F_TNA_03_ASEReadCounter.table","NW_015090842.1:7379596",0,1,1
"WFDC1","s1337_F_TNA_03_ASEReadCounter.table","NW_015090842.1:7379605",0,1,1
"WFDC1","s1337_F_TNA_03_ASEReadCounter.table","NW_015090842.1:7379626",0,1,1
"WFDC1","s1337_F_TNA_03_ASEReadCounter.table","NW_015090842.1:7379821",3,3,0
"WFDC1","s1337_F_TNA_03_ASEReadCounter.table","NW_015090842.1:7379840",3,4,1
"WFDC1","s1337_F_TNA_03_ASEReadCounter.table","NW_015090842.1:7379933",1,2,1
"WFDC1","s1337_F_TNA_03_ASEReadCounter.table","NW_015090842.1:7379935",1,2,1
"WFDC1","s1337_F_TNA_03_ASEReadCounter.table","NW_015090842.1:7379983",0,1,1
"WFDC1","s1337_F_TNA_03_ASEReadCounter.table","NW_015090842.1:7380060",1,3,2
"WFDC1","s1337_F_TNA_03_ASEReadCounter.table","NW_015090842.1:7380136",0,1,1
"WFDC1","s1337_F_TNA_03_ASEReadCounter.table","NW_015090842.1:7380150",0,1,1
"WFDC1","s1337_F_TNA_03_ASEReadCounter.table","NW_015090842.1:7380164",0,1,1
"WFDC1","s1337_F_TNA_03_ASEReadCounter.table","NW_015090842.1:7380237",1,2,1
"WFDC1","s1337_F_TNA_03_ASEReadCounter.table","NW_015090842.1:7380261",1,2,1
"WFDC1","s1337_F_TNA_03_ASEReadCounter.table","NW_015090842.1:7380322",0,2,2
"WFDC1","s1337_F_TNA_03_ASEReadCounter.table","NW_015090842.1:7380491",0,3,3
"WFDC1","s1337_F_TNA_03_ASEReadCounter.table","NW_015090842.1:7380567",0,3,3
"WFDC1","s1337_F_TNA_03_ASEReadCounter.table","NW_015090842.1:7380672",1,3,2
"WFDC1","s1337_F_TNA_03_ASEReadCounter.table","NW_015090842.1:7380721",1,5,4
"WFDC1","s1337_F_TNA_03_ASEReadCounter.table","NW_015090842.1:7380743",2,7,5
"WFDC1","s1337_F_TNA_03_ASEReadCounter.table","NW_015090842.1:7380852",0,4,4
"WFDC1","s1337_F_TNA_03_ASEReadCounter.table","NW_015090842.1:7380878",0,5,5
"WFDC1","s1337_F_TNA_03_ASEReadCounter.table","NW_015090842.1:7381081",2,4,2
"WFDC1","s1337_F_TNA_03_ASEReadCounter.table","NW_015090842.1:7381127",1,3,2
"WFDC1","s1337_F_TNA_03_ASEReadCounter.table","NW_015090842.1:7381195",3,6,3
"WFDC1","s1337_F_TNA_03_ASEReadCounter.table","NW_015090842.1:7381253",4,9,5
"WFDC1","s1337_F_TNA_03_ASEReadCounter.table","NW_015090842.1:7381378",0,4,4
"WFDC1","s1337_F_TNA_03_ASEReadCounter.table","NW_015090842.1:7381433",1,7,6
"WFDC1","s1337_F_TNA_03_ASEReadCounter.table","NW_015090842.1:7381434",1,7,6
"WFDC1","s1337_F_TNA_03_ASEReadCounter.table","NW_015090842.1:7381442",2,10,8
"WFDC1","s1337_F_TNA_03_ASEReadCounter.table","NW_015090842.1:7381517",5,9,4
"WFDC1","s1337_F_TNA_03_ASEReadCounter.table","NW_015090842.1:7381520",5,9,4
"WFDC1","s1337_F_TNA_03_ASEReadCounter.table","NW_015090842.1:7381677",2,6,4
"WFDC1","s1337_F_TNA_03_ASEReadCounter.table","NW_015090842.1:7381709",2,5,3
"ATP2C2","s1337_F_TNA_03_ASEReadCounter.table","NW_015090842.1:7392613",2,3,1
"ATP2C2","s1337_F_TNA_03_ASEReadCounter.table","NW_015090842.1:7396756",1,2,1
"ATP2C2","s1337_F_TNA_03_ASEReadCounter.table","NW_015090842.1:7397049",1,3,2
"ATP2C2","s1337_F_TNA_03_ASEReadCounter.table","NW_015090842.1:7398395",0,1,1
"ATP2C2","s1337_F_TNA_03_ASEReadCounter.table","NW_015090842.1:7399774",0,1,1
"ATP2C2","s1337_F_TNA_03_ASEReadCounter.table","NW_015090842.1:7402554",0,1,1
"ATP2C2","s1337_F_TNA_03_ASEReadCounter.table","NW_015090842.1:7402578",0,1,1
"ATP2C2","s1337_F_TNA_03_ASEReadCounter.table","NW_015090842.1:7413855",27,44,17
"ATP2C2","s1337_F_TNA_03_ASEReadCounter.table","NW_015090842.1:7413869",7,22,15
"ATP2C2","s1337_F_TNA_03_ASEReadCounter.table","NW_015090842.1:7413875",7,23,16
"TLDC1","s1337_F_TNA_03_ASEReadCounter.table","NW_015090842.1:7421137",40,80,40
"TLDC1","s1337_F_TNA_03_ASEReadCounter.table","NW_015090842.1:7421155",32,73,41
"TLDC1","s1337_F_TNA_03_ASEReadCounter.table","NW_015090842.1:7421218",16,52,36
"TLDC1","s1337_F_TNA_03_ASEReadCounter.table","NW_015090842.1:7421399",35,63,28
"TLDC1","s1337_F_TNA_03_ASEReadCounter.table","NW_015090842.1:7421402",37,66,29
"TLDC1","s1337_F_TNA_03_ASEReadCounter.table","NW_015090842.1:7421528",37,66,29
"TLDC1","s1337_F_TNA_03_ASEReadCounter.table","NW_015090842.1:7421532",36,66,30
"TLDC1","s1337_F_TNA_03_ASEReadCounter.table","NW_015090842.1:7421621",32,61,29
"TLDC1","s1337_F_TNA_03_ASEReadCounter.table","NW_015090842.1:7421647",36,63,27
"TLDC1","s1337_F_TNA_03_ASEReadCounter.table","NW_015090842.1:7421657",32,59,27
"TLDC1","s1337_F_TNA_03_ASEReadCounter.table","NW_015090842.1:7421693",30,58,28
"TLDC1","s1337_F_TNA_03_ASEReadCounter.table","NW_015090842.1:7421796",33,56,23
"TLDC1","s1337_F_TNA_03_ASEReadCounter.table","NW_015090842.1:7421810",35,64,29
"TLDC1","s1337_F_TNA_03_ASEReadCounter.table","NW_015090842.1:7421833",34,65,31
"TLDC1","s1337_F_TNA_03_ASEReadCounter.table","NW_015090842.1:7421879",34,64,30
"TLDC1","s1337_F_TNA_03_ASEReadCounter.table","NW_015090842.1:7421914",33,57,24
"TLDC1","s1337_F_TNA_03_ASEReadCounter.table","NW_015090842.1:7421969",22,39,17
"TLDC1","s1337_F_TNA_03_ASEReadCounter.table","NW_015090842.1:7422015",24,52,28
"TLDC1","s1337_F_TNA_03_ASEReadCounter.table","NW_015090842.1:7422042",28,61,33
"TLDC1","s1337_F_TNA_03_ASEReadCounter.table","NW_015090842.1:7422230",30,50,20
"TLDC1","s1337_F_TNA_03_ASEReadCounter.table","NW_015090842.1:7423349",27,47,20
"TLDC1","s1337_F_TNA_03_ASEReadCounter.table","NW_015090842.1:7423362",27,48,21
"TLDC1","s1337_F_TNA_03_ASEReadCounter.table","NW_015090842.1:7426091",19,30,11
"TLDC1","s1337_F_TNA_03_ASEReadCounter.table","NW_015090842.1:7426485",19,29,10
"TLDC1","s1337_F_TNA_03_ASEReadCounter.table","NW_015090842.1:7427211",15,30,15
"TLDC1","s1337_F_TNA_03_ASEReadCounter.table","NW_015090842.1:7428179",19,29,10
"COTL1","s1337_F_TNA_03_ASEReadCounter.table","NW_015090842.1:7490744",508,1101,593
"COTL1","s1337_F_TNA_03_ASEReadCounter.table","NW_015090842.1:7491051",365,763,398
"COTL1","s1337_F_TNA_03_ASEReadCounter.table","NW_015090842.1:7491124",369,739,370
"COTL1","s1337_F_TNA_03_ASEReadCounter.table","NW_015090842.1:7491418",204,437,233
"COTL1","s1337_F_TNA_03_ASEReadCounter.table","NW_015090842.1:7491539",132,294,162
"COTL1","s1337_F_TNA_03_ASEReadCounter.table","NW_015090842.1:7491585",243,475,232
"COTL1","s1337_F_TNA_03_ASEReadCounter.table","NW_015090842.1:7491586",239,488,249
"COTL1","s1337_F_TNA_03_ASEReadCounter.table","NW_015090842.1:7491646",322,647,325
"COTL1","s1337_F_TNA_03_ASEReadCounter.table","NW_015090842.1:7491747",228,472,244
"COTL1","s1337_F_TNA_03_ASEReadCounter.table","NW_015090842.1:7491803",215,441,226
"COTL1","s1337_F_TNA_03_ASEReadCounter.table","NW_015090842.1:7506078",0,1,1
"COTL1","s1337_F_TNA_03_ASEReadCounter.table","NW_015090842.1:7507551",0,2,2
"COTL1","s1337_F_TNA_03_ASEReadCounter.table","NW_015090842.1:7507563",0,2,2
"COTL1","s1337_F_TNA_03_ASEReadCounter.table","NW_015090842.1:7510900",1,2,1
"COTL1","s1337_F_TNA_03_ASEReadCounter.table","NW_015090842.1:7513196",2,3,1
"COTL1","s1337_F_TNA_03_ASEReadCounter.table","NW_015090842.1:7513223",0,1,1
"COTL1","s1337_F_TNA_03_ASEReadCounter.table","NW_015090842.1:7513239",0,1,1
"KLHL36","s1337_F_TNA_03_ASEReadCounter.table","NW_015090842.1:7514700",14,30,16
"KLHL36","s1337_F_TNA_03_ASEReadCounter.table","NW_015090842.1:7519691",2,2,0
"KLHL36","s1337_F_TNA_03_ASEReadCounter.table","NW_015090842.1:7519696",2,2,0
"KLHL36","s1337_F_TNA_03_ASEReadCounter.table","NW_015090842.1:7526160",13,31,18
"KLHL36","s1337_F_TNA_03_ASEReadCounter.table","NW_015090842.1:7526469",9,25,16
"KLHL36","s1337_F_TNA_03_ASEReadCounter.table","NW_015090842.1:7526587",15,31,16
"KLHL36","s1337_F_TNA_03_ASEReadCounter.table","NW_015090842.1:7526997",14,25,11
"KLHL36","s1337_F_TNA_03_ASEReadCounter.table","NW_015090842.1:7527142",16,30,14
"KLHL36","s1337_F_TNA_03_ASEReadCounter.table","NW_015090842.1:7535174",45,78,33
"KLHL36","s1337_F_TNA_03_ASEReadCounter.table","NW_015090842.1:7535384",21,51,30
"KLHL36","s1337_F_TNA_03_ASEReadCounter.table","NW_015090842.1:7535420",32,64,32
"KLHL36","s1337_F_TNA_03_ASEReadCounter.table","NW_015090842.1:7535545",18,35,17
"KLHL36","s1337_F_TNA_03_ASEReadCounter.table","NW_015090842.1:7535829",28,54,26
"KLHL36","s1337_F_TNA_03_ASEReadCounter.table","NW_015090842.1:7535977",20,47,27
"KLHL36","s1337_F_TNA_03_ASEReadCounter.table","NW_015090842.1:7536010",30,51,21
"KLHL36","s1337_F_TNA_03_ASEReadCounter.table","NW_015090842.1:7536051",33,65,32
"KLHL36","s1337_F_TNA_03_ASEReadCounter.table","NW_015090842.1:7536096",28,62,34
"KLHL36","s1337_F_TNA_03_ASEReadCounter.table","NW_015090842.1:7536135",45,72,27
"KLHL36","s1337_F_TNA_03_ASEReadCounter.table","NW_015090842.1:7536136",44,69,25
"KLHL36","s1337_F_TNA_03_ASEReadCounter.table","NW_015090842.1:7536160",54,81,27
"KLHL36","s1337_F_TNA_03_ASEReadCounter.table","NW_015090842.1:7536336",31,61,30
"KLHL36","s1337_F_TNA_03_ASEReadCounter.table","NW_015090842.1:7536352",32,61,29
"KLHL36","s1337_F_TNA_03_ASEReadCounter.table","NW_015090842.1:7536412",23,49,26
"KLHL36","s1337_F_TNA_03_ASEReadCounter.table","NW_015090842.1:7536418",21,46,25
"KLHL36","s1337_F_TNA_03_ASEReadCounter.table","NW_015090842.1:7536465",23,49,26
"KLHL36","s1337_F_TNA_03_ASEReadCounter.table","NW_015090842.1:7536466",25,50,25
"KLHL36","s1337_F_TNA_03_ASEReadCounter.table","NW_015090842.1:7536553",52,78,26
"KLHL36","s1337_F_TNA_03_ASEReadCounter.table","NW_015090842.1:7536698",40,84,44
"KLHL36","s1337_F_TNA_03_ASEReadCounter.table","NW_015090842.1:7536713",22,77,55
"KLHL36","s1337_F_TNA_03_ASEReadCounter.table","NW_015090842.1:7536720",31,73,42
"KLHL36","s1337_F_TNA_03_ASEReadCounter.table","NW_015090842.1:7536791",34,76,42
"KLHL36","s1337_F_TNA_03_ASEReadCounter.table","NW_015090842.1:7536849",31,67,36
"KLHL36","s1337_F_TNA_03_ASEReadCounter.table","NW_015090842.1:7536872",32,71,39
"KLHL36","s1337_F_TNA_03_ASEReadCounter.table","NW_015090842.1:7536878",37,70,33
"KLHL36","s1337_F_TNA_03_ASEReadCounter.table","NW_015090842.1:7536916",44,77,33
"KLHL36","s1337_F_TNA_03_ASEReadCounter.table","NW_015090842.1:7536927",44,94,50
"KLHL36","s1337_F_TNA_03_ASEReadCounter.table","NW_015090842.1:7537315",60,110,50
"KLHL36","s1337_F_TNA_03_ASEReadCounter.table","NW_015090842.1:7537352",49,99,50
"KLHL36","s1337_F_TNA_03_ASEReadCounter.table","NW_015090842.1:7537631",65,131,66
"KLHL36","s1337_F_TNA_03_ASEReadCounter.table","NW_015090842.1:7537830",89,155,66
"KLHL36","s1337_F_TNA_03_ASEReadCounter.table","NW_015090842.1:7537838",71,141,70
"KLHL36","s1337_F_TNA_03_ASEReadCounter.table","NW_015090842.1:7538153",42,102,60
"KLHL36","s1337_F_TNA_03_ASEReadCounter.table","NW_015090842.1:7538256",28,87,59
"KLHL36","s1337_F_TNA_03_ASEReadCounter.table","NW_015090842.1:7538265",28,87,59
"KLHL36","s1337_F_TNA_03_ASEReadCounter.table","NW_015090842.1:7538300",35,88,53
"USP10","s1337_F_TNA_03_ASEReadCounter.table","NW_015090842.1:7563972",6,11,5
"USP10","s1337_F_TNA_03_ASEReadCounter.table","NW_015090842.1:7571816",11,20,9
"USP10","s1337_F_TNA_03_ASEReadCounter.table","NW_015090842.1:7571993",21,40,19
"USP10","s1337_F_TNA_03_ASEReadCounter.table","NW_015090842.1:7572580",28,60,32
"USP10","s1337_F_TNA_03_ASEReadCounter.table","NW_015090842.1:7587372",89,203,114
"CRISPLD2","s1337_F_TNA_03_ASEReadCounter.table","NW_015090842.1:7609844",1,1,0
"CRISPLD2","s1337_F_TNA_03_ASEReadCounter.table","NW_015090842.1:7609845",1,1,0
"CRISPLD2","s1337_F_TNA_03_ASEReadCounter.table","NW_015090842.1:7609883",1,2,1
"CRISPLD2","s1337_F_TNA_03_ASEReadCounter.table","NW_015090842.1:7621452",0,1,1
"CRISPLD2","s1337_F_TNA_03_ASEReadCounter.table","NW_015090842.1:7625451",2,2,0
"CRISPLD2","s1337_F_TNA_03_ASEReadCounter.table","NW_015090842.1:7626214",1,1,0
"CRISPLD2","s1337_F_TNA_03_ASEReadCounter.table","NW_015090842.1:7630784",2,2,0
"CRISPLD2","s1337_F_TNA_03_ASEReadCounter.table","NW_015090842.1:7630823",3,3,0
"CRISPLD2","s1337_F_TNA_03_ASEReadCounter.table","NW_015090842.1:7633172",2,3,1
"CRISPLD2","s1337_F_TNA_03_ASEReadCounter.table","NW_015090842.1:7633326",2,2,0
"CRISPLD2","s1337_F_TNA_03_ASEReadCounter.table","NW_015090842.1:7633336",1,1,0
"CRISPLD2","s1337_F_TNA_03_ASEReadCounter.table","NW_015090842.1:7633381",1,1,0
"CRISPLD2","s1337_F_TNA_03_ASEReadCounter.table","NW_015090842.1:7633400",1,1,0
"CRISPLD2","s1337_F_TNA_03_ASEReadCounter.table","NW_015090842.1:7633486",3,3,0
"CRISPLD2","s1337_F_TNA_03_ASEReadCounter.table","NW_015090842.1:7633503",2,2,0
"CRISPLD2","s1337_F_TNA_03_ASEReadCounter.table","NW_015090842.1:7633504",1,1,0
"CRISPLD2","s1337_F_TNA_03_ASEReadCounter.table","NW_015090842.1:7633557",1,2,1
"CRISPLD2","s1337_F_TNA_03_ASEReadCounter.table","NW_015090842.1:7633571",3,4,1
"CRISPLD2","s1337_F_TNA_03_ASEReadCounter.table","NW_015090842.1:7633588",3,4,1
"CRISPLD2","s1337_F_TNA_03_ASEReadCounter.table","NW_015090842.1:7633617",4,5,1
"CRISPLD2","s1337_F_TNA_03_ASEReadCounter.table","NW_015090842.1:7633695",2,2,0
"CRISPLD2","s1337_F_TNA_03_ASEReadCounter.table","NW_015090842.1:7633721",1,1,0
"CRISPLD2","s1337_F_TNA_03_ASEReadCounter.table","NW_015090842.1:7633888",1,2,1
"CRISPLD2","s1337_F_TNA_03_ASEReadCounter.table","NW_015090842.1:7633910",1,2,1
"CRISPLD2","s1337_F_TNA_03_ASEReadCounter.table","NW_015090842.1:7634142",4,4,0
"CRISPLD2","s1337_F_TNA_03_ASEReadCounter.table","NW_015090842.1:7634417",1,1,0
"CRISPLD2","s1337_F_TNA_03_ASEReadCounter.table","NW_015090842.1:7634825",5,5,0
"CRISPLD2","s1337_F_TNA_03_ASEReadCounter.table","NW_015090842.1:7634852",5,5,0
"CRISPLD2","s1337_F_TNA_03_ASEReadCounter.table","NW_015090842.1:7635009",3,3,0
"CRISPLD2","s1337_F_TNA_03_ASEReadCounter.table","NW_015090842.1:7635208",3,3,0
"CRISPLD2","s1337_F_TNA_03_ASEReadCounter.table","NW_015090842.1:7635373",3,3,0
"CRISPLD2","s1337_F_TNA_03_ASEReadCounter.table","NW_015090842.1:7635525",3,3,0
"CRISPLD2","s1337_F_TNA_03_ASEReadCounter.table","NW_015090842.1:7635583",2,2,0
"CRISPLD2","s1337_F_TNA_03_ASEReadCounter.table","NW_015090842.1:7635924",4,4,0
"LOC106888312","s1337_F_TNA_03_ASEReadCounter.table","NW_015090842.1:7727961",0,1,1
"LOC106888312","s1337_F_TNA_03_ASEReadCounter.table","NW_015090842.1:7732244",0,1,1
"LOC106888312","s1337_F_TNA_03_ASEReadCounter.table","NW_015090842.1:7732443",1,1,0
"LOC106888312","s1337_F_TNA_03_ASEReadCounter.table","NW_015090842.1:7732444",1,1,0
"LOC106888312","s1337_F_TNA_03_ASEReadCounter.table","NW_015090842.1:7732997",1,1,0
"LOC106888312","s1337_F_TNA_03_ASEReadCounter.table","NW_015090842.1:7733011",1,1,0
"LOC106888312","s1337_F_TNA_03_ASEReadCounter.table","NW_015090842.1:7733046",0,1,1
"LOC106888312","s1337_F_TNA_03_ASEReadCounter.table","NW_015090842.1:7733077",1,1,0
"LOC106888312","s1337_F_TNA_03_ASEReadCounter.table","NW_015090842.1:7733096",1,1,0
"LOC106888312","s1337_F_TNA_03_ASEReadCounter.table","NW_015090842.1:7733142",1,1,0
"LOC106888312","s1337_F_TNA_03_ASEReadCounter.table","NW_015090842.1:7733196",1,2,1
"LOC106888312","s1337_F_TNA_03_ASEReadCounter.table","NW_015090842.1:7733299",0,1,1
"ZDHHC7","s1337_F_TNA_03_ASEReadCounter.table","NW_015090842.1:7737199",15,40,25
"ZDHHC7","s1337_F_TNA_03_ASEReadCounter.table","NW_015090842.1:7737332",15,27,12
"ZDHHC7","s1337_F_TNA_03_ASEReadCounter.table","NW_015090842.1:7737553",22,59,37
"ZDHHC7","s1337_F_TNA_03_ASEReadCounter.table","NW_015090842.1:7737920",17,42,25
"ZDHHC7","s1337_F_TNA_03_ASEReadCounter.table","NW_015090842.1:7737953",17,41,24
"ZDHHC7","s1337_F_TNA_03_ASEReadCounter.table","NW_015090842.1:7737987",15,40,25
"ZDHHC7","s1337_F_TNA_03_ASEReadCounter.table","NW_015090842.1:7738068",10,26,16
"ZDHHC7","s1337_F_TNA_03_ASEReadCounter.table","NW_015090842.1:7738204",11,27,16
"LOC106888097","s1337_F_TNA_03_ASEReadCounter.table","NW_015090842.1:7767178",2,3,1
"LOC106888097","s1337_F_TNA_03_ASEReadCounter.table","NW_015090842.1:7767187",2,3,1
"LOC106888097","s1337_F_TNA_03_ASEReadCounter.table","NW_015090842.1:7768144",3,4,1
"LOC106888097","s1337_F_TNA_03_ASEReadCounter.table","NW_015090842.1:7768196",6,9,3
"LOC106888097","s1337_F_TNA_03_ASEReadCounter.table","NW_015090842.1:7769884",6,14,8
"LOC106888097","s1337_F_TNA_03_ASEReadCounter.table","NW_015090842.1:7769893",6,13,7
"LOC106888097","s1337_F_TNA_03_ASEReadCounter.table","NW_015090842.1:7770245",9,18,9
"LOC106888097","s1337_F_TNA_03_ASEReadCounter.table","NW_015090842.1:7772402",12,28,16
"LOC106888097","s1337_F_TNA_03_ASEReadCounter.table","NW_015090842.1:7772483",9,22,13
"LOC106888097","s1337_F_TNA_03_ASEReadCounter.table","NW_015090842.1:7772490",9,22,13
"LOC106888097","s1337_F_TNA_03_ASEReadCounter.table","NW_015090842.1:7774281",17,35,18
"LOC106888097","s1337_F_TNA_03_ASEReadCounter.table","NW_015090842.1:7774552",20,55,35
"LOC106888097","s1337_F_TNA_03_ASEReadCounter.table","NW_015090842.1:7774564",18,54,36
"LOC106888097","s1337_F_TNA_03_ASEReadCounter.table","NW_015090842.1:7774611",11,42,31
"LOC106888097","s1337_F_TNA_03_ASEReadCounter.table","NW_015090842.1:7774681",11,36,25
"LOC106888097","s1337_F_TNA_03_ASEReadCounter.table","NW_015090842.1:7774698",14,37,23
"LOC106888097","s1337_F_TNA_03_ASEReadCounter.table","NW_015090842.1:7774730",9,20,11
"LOC106888097","s1337_F_TNA_03_ASEReadCounter.table","NW_015090842.1:7774778",1,3,2
"LOC106888097","s1337_F_TNA_03_ASEReadCounter.table","NW_015090842.1:7774793",2,4,2
"FOXC2","s1337_F_TNA_03_ASEReadCounter.table","NW_015090842.1:8129599",7,18,11
"FOXC2","s1337_F_TNA_03_ASEReadCounter.table","NW_015090842.1:8129616",9,18,9
"FOXC2","s1337_F_TNA_03_ASEReadCounter.table","NW_015090842.1:8129715",11,19,8
"FOXC2","s1337_F_TNA_03_ASEReadCounter.table","NW_015090842.1:8129719",11,19,8
"FOXC2","s1337_F_TNA_03_ASEReadCounter.table","NW_015090842.1:8130244",1,3,2
"FOXC2","s1337_F_TNA_03_ASEReadCounter.table","NW_015090842.1:8130472",4,9,5
"FOXC2","s1337_F_TNA_03_ASEReadCounter.table","NW_015090842.1:8130490",2,7,5
"FOXC2","s1337_F_TNA_03_ASEReadCounter.table","NW_015090842.1:8130547",3,7,4
"FOXC2","s1337_F_TNA_03_ASEReadCounter.table","NW_015090842.1:8130550",3,7,4
"FOXC2","s1337_F_TNA_03_ASEReadCounter.table","NW_015090842.1:8130573",2,6,4
"FOXC2","s1337_F_TNA_03_ASEReadCounter.table","NW_015090842.1:8130575",2,6,4
"MTHFSD","s1337_F_TNA_03_ASEReadCounter.table","NW_015090842.1:8140051",9,26,17
"MTHFSD","s1337_F_TNA_03_ASEReadCounter.table","NW_015090842.1:8142923",17,35,18
"MTHFSD","s1337_F_TNA_03_ASEReadCounter.table","NW_015090842.1:8143029",21,41,20
"MTHFSD","s1337_F_TNA_03_ASEReadCounter.table","NW_015090842.1:8152035",8,22,14
"MTHFSD","s1337_F_TNA_03_ASEReadCounter.table","NW_015090842.1:8152315",18,32,14
"MTHFSD","s1337_F_TNA_03_ASEReadCounter.table","NW_015090842.1:8152511",11,23,12
"MTHFSD","s1337_F_TNA_03_ASEReadCounter.table","NW_015090842.1:8152518",11,22,11
"MTHFSD","s1337_F_TNA_03_ASEReadCounter.table","NW_015090842.1:8152553",15,28,13
"MTHFSD","s1337_F_TNA_03_ASEReadCounter.table","NW_015090842.1:8152773",9,24,15
"MTHFSD","s1337_F_TNA_03_ASEReadCounter.table","NW_015090842.1:8152805",9,25,16
"IRF8","s1337_F_TNA_03_ASEReadCounter.table","NW_015090842.1:8406652",3,13,10
"IRF8","s1337_F_TNA_03_ASEReadCounter.table","NW_015090842.1:8406703",9,16,7
"IRF8","s1337_F_TNA_03_ASEReadCounter.table","NW_015090842.1:8406704",9,16,7
"IRF8","s1337_F_TNA_03_ASEReadCounter.table","NW_015090842.1:8406757",2,17,15
"IRF8","s1337_F_TNA_03_ASEReadCounter.table","NW_015090842.1:8406778",9,14,5
"IRF8","s1337_F_TNA_03_ASEReadCounter.table","NW_015090842.1:8406819",6,13,7
"IRF8","s1337_F_TNA_03_ASEReadCounter.table","NW_015090842.1:8406941",4,13,9
"IRF8","s1337_F_TNA_03_ASEReadCounter.table","NW_015090842.1:8407008",5,12,7
"IRF8","s1337_F_TNA_03_ASEReadCounter.table","NW_015090842.1:8407057",5,10,5
"IRF8","s1337_F_TNA_03_ASEReadCounter.table","NW_015090842.1:8407064",3,7,4
"IRF8","s1337_F_TNA_03_ASEReadCounter.table","NW_015090842.1:8407069",4,8,4
"IRF8","s1337_F_TNA_03_ASEReadCounter.table","NW_015090842.1:8407120",9,13,4
"IRF8","s1337_F_TNA_03_ASEReadCounter.table","NW_015090842.1:8407157",9,15,6
"IRF8","s1337_F_TNA_03_ASEReadCounter.table","NW_015090842.1:8407203",8,16,8
"IRF8","s1337_F_TNA_03_ASEReadCounter.table","NW_015090842.1:8407272",8,14,6
"IRF8","s1337_F_TNA_03_ASEReadCounter.table","NW_015090842.1:8407276",8,14,6
"IRF8","s1337_F_TNA_03_ASEReadCounter.table","NW_015090842.1:8407303",11,18,7
"IRF8","s1337_F_TNA_03_ASEReadCounter.table","NW_015090842.1:8407451",5,8,3
"IRF8","s1337_F_TNA_03_ASEReadCounter.table","NW_015090842.1:8407456",5,8,3
"IRF8","s1337_F_TNA_03_ASEReadCounter.table","NW_015090842.1:8408564",2,5,3
"IRF8","s1337_F_TNA_03_ASEReadCounter.table","NW_015090842.1:8408585",1,7,6
"IRF8","s1337_F_TNA_03_ASEReadCounter.table","NW_015090842.1:8408973",6,8,2
"IRF8","s1337_F_TNA_03_ASEReadCounter.table","NW_015090842.1:8409060",5,8,3
"IRF8","s1337_F_TNA_03_ASEReadCounter.table","NW_015090842.1:8409065",5,9,4
"IRF8","s1337_F_TNA_03_ASEReadCounter.table","NW_015090842.1:8409254",4,6,2
"IRF8","s1337_F_TNA_03_ASEReadCounter.table","NW_015090842.1:8409255",4,6,2
"IRF8","s1337_F_TNA_03_ASEReadCounter.table","NW_015090842.1:8409258",4,6,2
"IRF8","s1337_F_TNA_03_ASEReadCounter.table","NW_015090842.1:8409312",3,7,4
"IRF8","s1337_F_TNA_03_ASEReadCounter.table","NW_015090842.1:8410216",0,6,6
"IRF8","s1337_F_TNA_03_ASEReadCounter.table","NW_015090842.1:8410237",0,8,8
"IRF8","s1337_F_TNA_03_ASEReadCounter.table","NW_015090842.1:8410276",5,7,2
"IRF8","s1337_F_TNA_03_ASEReadCounter.table","NW_015090842.1:8410813",4,9,5
"IRF8","s1337_F_TNA_03_ASEReadCounter.table","NW_015090842.1:8410861",4,10,6
"IRF8","s1337_F_TNA_03_ASEReadCounter.table","NW_015090842.1:8411940",4,10,6
"IRF8","s1337_F_TNA_03_ASEReadCounter.table","NW_015090842.1:8412006",3,5,2
"IRF8","s1337_F_TNA_03_ASEReadCounter.table","NW_015090842.1:8412042",2,3,1
"DUSP15","s1337_F_TNA_03_ASEReadCounter.table","NW_015090842.1:8422909",1,1,0
"COX4I1","s1337_F_TNA_03_ASEReadCounter.table","NW_015090842.1:8442258",1117,2071,954
"COX4I1","s1337_F_TNA_03_ASEReadCounter.table","NW_015090842.1:8442333",935,1685,750
"EMC8","s1337_F_TNA_03_ASEReadCounter.table","NW_015090842.1:8444046",39,92,53
"EMC8","s1337_F_TNA_03_ASEReadCounter.table","NW_015090842.1:8444064",36,73,37
"EMC8","s1337_F_TNA_03_ASEReadCounter.table","NW_015090842.1:8452029",21,80,59
"EMC8","s1337_F_TNA_03_ASEReadCounter.table","NW_015090842.1:8452116",47,102,55
"EMC8","s1337_F_TNA_03_ASEReadCounter.table","NW_015090842.1:8452121",45,102,57
"EMC8","s1337_F_TNA_03_ASEReadCounter.table","NW_015090842.1:8452222",44,82,38
"EMC8","s1337_F_TNA_03_ASEReadCounter.table","NW_015090842.1:8452244",45,89,44
"EMC8","s1337_F_TNA_03_ASEReadCounter.table","NW_015090842.1:8452477",19,30,11
"EMC8","s1337_F_TNA_03_ASEReadCounter.table","NW_015090842.1:8452498",18,29,11
"EMC8","s1337_F_TNA_03_ASEReadCounter.table","NW_015090842.1:8452535",11,23,12
"EMC8","s1337_F_TNA_03_ASEReadCounter.table","NW_015090842.1:8452575",10,16,6
"EMC8","s1337_F_TNA_03_ASEReadCounter.table","NW_015090842.1:8452600",12,19,7
"EMC8","s1337_F_TNA_03_ASEReadCounter.table","NW_015090842.1:8452616",12,20,8
"EMC8","s1337_F_TNA_03_ASEReadCounter.table","NW_015090842.1:8452630",10,16,6
"EMC8","s1337_F_TNA_03_ASEReadCounter.table","NW_015090842.1:8452650",11,18,7
"EMC8","s1337_F_TNA_03_ASEReadCounter.table","NW_015090842.1:8452678",17,33,16
"EMC8","s1337_F_TNA_03_ASEReadCounter.table","NW_015090842.1:8452724",15,35,20
"EMC8","s1337_F_TNA_03_ASEReadCounter.table","NW_015090842.1:8452731",14,36,22
"EMC8","s1337_F_TNA_03_ASEReadCounter.table","NW_015090842.1:8452743",13,38,25
"EMC8","s1337_F_TNA_03_ASEReadCounter.table","NW_015090842.1:8452750",10,38,28
"EMC8","s1337_F_TNA_03_ASEReadCounter.table","NW_015090842.1:8452778",10,30,20
"EMC8","s1337_F_TNA_03_ASEReadCounter.table","NW_015090842.1:8452783",9,32,23
"EMC8","s1337_F_TNA_03_ASEReadCounter.table","NW_015090842.1:8452800",12,32,20
"EMC8","s1337_F_TNA_03_ASEReadCounter.table","NW_015090842.1:8452804",12,33,21
"EMC8","s1337_F_TNA_03_ASEReadCounter.table","NW_015090842.1:8452812",13,34,21
"EMC8","s1337_F_TNA_03_ASEReadCounter.table","NW_015090842.1:8452858",14,36,22
"EMC8","s1337_F_TNA_03_ASEReadCounter.table","NW_015090842.1:8452906",27,49,22
"EMC8","s1337_F_TNA_03_ASEReadCounter.table","NW_015090842.1:8452913",25,49,24
"EMC8","s1337_F_TNA_03_ASEReadCounter.table","NW_015090842.1:8453000",27,46,19
"EMC8","s1337_F_TNA_03_ASEReadCounter.table","NW_015090842.1:8453007",28,50,22
"EMC8","s1337_F_TNA_03_ASEReadCounter.table","NW_015090842.1:8453058",27,53,26
"EMC8","s1337_F_TNA_03_ASEReadCounter.table","NW_015090842.1:8453106",24,42,18
"GINS2","s1337_F_TNA_03_ASEReadCounter.table","NW_015090842.1:8466420",5,5,0
"GINS2","s1337_F_TNA_03_ASEReadCounter.table","NW_015090842.1:8466424",5,5,0
"GINS2","s1337_F_TNA_03_ASEReadCounter.table","NW_015090842.1:8466518",5,5,0
"GINS2","s1337_F_TNA_03_ASEReadCounter.table","NW_015090842.1:8468482",16,16,0
"GINS2","s1337_F_TNA_03_ASEReadCounter.table","NW_015090842.1:8470290",24,27,3
"GINS2","s1337_F_TNA_03_ASEReadCounter.table","NW_015090842.1:8470305",20,22,2
"GINS2","s1337_F_TNA_03_ASEReadCounter.table","NW_015090842.1:8470381",10,12,2
"GINS2","s1337_F_TNA_03_ASEReadCounter.table","NW_015090842.1:8470418",13,17,4
"GINS2","s1337_F_TNA_03_ASEReadCounter.table","NW_015090842.1:8470421",12,16,4
"GINS2","s1337_F_TNA_03_ASEReadCounter.table","NW_015090842.1:8470430",11,15,4
"GINS2","s1337_F_TNA_03_ASEReadCounter.table","NW_015090842.1:8470433",11,15,4
"GINS2","s1337_F_TNA_03_ASEReadCounter.table","NW_015090842.1:8470457",8,12,4
"GINS2","s1337_F_TNA_03_ASEReadCounter.table","NW_015090842.1:8470491",13,17,4
"GINS2","s1337_F_TNA_03_ASEReadCounter.table","NW_015090842.1:8470548",14,17,3
"GINS2","s1337_F_TNA_03_ASEReadCounter.table","NW_015090842.1:8470649",9,12,3
"GSE1","s1337_F_TNA_03_ASEReadCounter.table","NW_015090842.1:8475362",50,105,55
"GSE1","s1337_F_TNA_03_ASEReadCounter.table","NW_015090842.1:8475961",28,36,8
"GSE1","s1337_F_TNA_03_ASEReadCounter.table","NW_015090842.1:8476027",19,33,14
"GSE1","s1337_F_TNA_03_ASEReadCounter.table","NW_015090842.1:8476159",9,14,5
"GSE1","s1337_F_TNA_03_ASEReadCounter.table","NW_015090842.1:8477442",0,15,15
"GSE1","s1337_F_TNA_03_ASEReadCounter.table","NW_015090842.1:8477448",0,14,14
"GSE1","s1337_F_TNA_03_ASEReadCounter.table","NW_015090842.1:8477662",0,15,15
"GSE1","s1337_F_TNA_03_ASEReadCounter.table","NW_015090842.1:8477933",3,17,14
"GSE1","s1337_F_TNA_03_ASEReadCounter.table","NW_015090842.1:8477945",7,21,14
"GSE1","s1337_F_TNA_03_ASEReadCounter.table","NW_015090842.1:8483272",3,22,19
"GSE1","s1337_F_TNA_03_ASEReadCounter.table","NW_015090842.1:8483367",0,2,2
"GSE1","s1337_F_TNA_03_ASEReadCounter.table","NW_015090842.1:8483411",1,7,6
"GSE1","s1337_F_TNA_03_ASEReadCounter.table","NW_015090842.1:8483756",1,14,13
"GSE1","s1337_F_TNA_03_ASEReadCounter.table","NW_015090842.1:8486867",7,19,12
"GSE1","s1337_F_TNA_03_ASEReadCounter.table","NW_015090842.1:8486939",9,27,18
"GSE1","s1337_F_TNA_03_ASEReadCounter.table","NW_015090842.1:8486945",9,27,18
"GSE1","s1337_F_TNA_03_ASEReadCounter.table","NW_015090842.1:8486993",7,18,11
"GSE1","s1337_F_TNA_03_ASEReadCounter.table","NW_015090842.1:8487062",7,21,14
"GSE1","s1337_F_TNA_03_ASEReadCounter.table","NW_015090842.1:8488065",6,12,6
"GSE1","s1337_F_TNA_03_ASEReadCounter.table","NW_015090842.1:8488457",7,13,6
"GSE1","s1337_F_TNA_03_ASEReadCounter.table","NW_015090842.1:8488463",6,12,6
"GSE1","s1337_F_TNA_03_ASEReadCounter.table","NW_015090842.1:8488490",6,13,7
"GSE1","s1337_F_TNA_03_ASEReadCounter.table","NW_015090842.1:8488505",5,13,8
"GSE1","s1337_F_TNA_03_ASEReadCounter.table","NW_015090842.1:8490180",0,12,12
"KIAA0513","s1337_F_TNA_03_ASEReadCounter.table","NW_015090842.1:8668363",63,154,91
"KIAA0513","s1337_F_TNA_03_ASEReadCounter.table","NW_015090842.1:8668387",73,148,75
"KIAA0513","s1337_F_TNA_03_ASEReadCounter.table","NW_015090842.1:8668390",74,150,76
"KIAA0513","s1337_F_TNA_03_ASEReadCounter.table","NW_015090842.1:8673107",75,144,69
"KIAA0513","s1337_F_TNA_03_ASEReadCounter.table","NW_015090842.1:8673147",71,152,81
"KIAA0513","s1337_F_TNA_03_ASEReadCounter.table","NW_015090842.1:8674661",33,79,46
"KIAA0513","s1337_F_TNA_03_ASEReadCounter.table","NW_015090842.1:8674685",38,86,48
"KIAA0513","s1337_F_TNA_03_ASEReadCounter.table","NW_015090842.1:8674730",25,72,47
"KIAA0513","s1337_F_TNA_03_ASEReadCounter.table","NW_015090842.1:8675525",31,72,41
"KIAA0513","s1337_F_TNA_03_ASEReadCounter.table","NW_015090842.1:8675561",26,67,41
"KIAA0513","s1337_F_TNA_03_ASEReadCounter.table","NW_015090842.1:8678608",0,14,14
"KIAA0513","s1337_F_TNA_03_ASEReadCounter.table","NW_015090842.1:8686455",0,12,12
"KIAA0513","s1337_F_TNA_03_ASEReadCounter.table","NW_015090842.1:8686508",0,20,20
"KIAA0513","s1337_F_TNA_03_ASEReadCounter.table","NW_015090842.1:8686521",0,21,21
"FBXO31","s1337_F_TNA_03_ASEReadCounter.table","NW_015090842.1:8710240",19,40,21
"FBXO31","s1337_F_TNA_03_ASEReadCounter.table","NW_015090842.1:8710372",19,38,19
"FBXO31","s1337_F_TNA_03_ASEReadCounter.table","NW_015090842.1:8711239",15,34,19
"FBXO31","s1337_F_TNA_03_ASEReadCounter.table","NW_015090842.1:8714565",23,39,16
"FBXO31","s1337_F_TNA_03_ASEReadCounter.table","NW_015090842.1:8716001",13,23,10
"ZCCHC14","s1337_F_TNA_03_ASEReadCounter.table","NW_015090842.1:8750174",30,53,23
"ZCCHC14","s1337_F_TNA_03_ASEReadCounter.table","NW_015090842.1:8750189",9,49,40
"ZCCHC14","s1337_F_TNA_03_ASEReadCounter.table","NW_015090842.1:8750365",34,73,39
"ZCCHC14","s1337_F_TNA_03_ASEReadCounter.table","NW_015090842.1:8750433",21,47,26
"ZCCHC14","s1337_F_TNA_03_ASEReadCounter.table","NW_015090842.1:8750449",23,55,32
"ZCCHC14","s1337_F_TNA_03_ASEReadCounter.table","NW_015090842.1:8750456",23,56,33
"ZCCHC14","s1337_F_TNA_03_ASEReadCounter.table","NW_015090842.1:8750497",33,64,31
"ZCCHC14","s1337_F_TNA_03_ASEReadCounter.table","NW_015090842.1:8750547",35,61,26
"ZCCHC14","s1337_F_TNA_03_ASEReadCounter.table","NW_015090842.1:8751100",11,16,5
"ZCCHC14","s1337_F_TNA_03_ASEReadCounter.table","NW_015090842.1:8751374",14,27,13
"ZCCHC14","s1337_F_TNA_03_ASEReadCounter.table","NW_015090842.1:8751403",18,38,20
"ZCCHC14","s1337_F_TNA_03_ASEReadCounter.table","NW_015090842.1:8751517",30,43,13
"ZCCHC14","s1337_F_TNA_03_ASEReadCounter.table","NW_015090842.1:8752060",13,23,10
"ZCCHC14","s1337_F_TNA_03_ASEReadCounter.table","NW_015090842.1:8752172",28,52,24
"ZCCHC14","s1337_F_TNA_03_ASEReadCounter.table","NW_015090842.1:8752183",26,51,25
"ZCCHC14","s1337_F_TNA_03_ASEReadCounter.table","NW_015090842.1:8752198",30,54,24
"ZCCHC14","s1337_F_TNA_03_ASEReadCounter.table","NW_015090842.1:8752248",22,49,27
"ZCCHC14","s1337_F_TNA_03_ASEReadCounter.table","NW_015090842.1:8752326",20,48,28
"ZCCHC14","s1337_F_TNA_03_ASEReadCounter.table","NW_015090842.1:8752393",21,44,23
"ZCCHC14","s1337_F_TNA_03_ASEReadCounter.table","NW_015090842.1:8752914",23,55,32
"ZCCHC14","s1337_F_TNA_03_ASEReadCounter.table","NW_015090842.1:8753528",8,11,3
"ZCCHC14","s1337_F_TNA_03_ASEReadCounter.table","NW_015090842.1:8753892",7,14,7
"ZCCHC14","s1337_F_TNA_03_ASEReadCounter.table","NW_015090842.1:8753910",10,21,11
"ZCCHC14","s1337_F_TNA_03_ASEReadCounter.table","NW_015090842.1:8755096",5,10,5
"ZCCHC14","s1337_F_TNA_03_ASEReadCounter.table","NW_015090842.1:8755327",4,6,2
"ZCCHC14","s1337_F_TNA_03_ASEReadCounter.table","NW_015090842.1:8755723",5,10,5
"ZCCHC14","s1337_F_TNA_03_ASEReadCounter.table","NW_015090842.1:8755739",7,12,5
"ZCCHC14","s1337_F_TNA_03_ASEReadCounter.table","NW_015090842.1:8756149",3,7,4
"ZCCHC14","s1337_F_TNA_03_ASEReadCounter.table","NW_015090842.1:8756347",4,6,2
"ZCCHC14","s1337_F_TNA_03_ASEReadCounter.table","NW_015090842.1:8756361",4,6,2
"ZCCHC14","s1337_F_TNA_03_ASEReadCounter.table","NW_015090842.1:8756388",2,2,0
"ZCCHC14","s1337_F_TNA_03_ASEReadCounter.table","NW_015090842.1:8756389",3,3,0
"ZCCHC14","s1337_F_TNA_03_ASEReadCounter.table","NW_015090842.1:8757160",2,4,2
"ZCCHC14","s1337_F_TNA_03_ASEReadCounter.table","NW_015090842.1:8804511",1,2,1
"JPH3","s1337_F_TNA_03_ASEReadCounter.table","NW_015090842.1:8845375",19,54,35
"JPH3","s1337_F_TNA_03_ASEReadCounter.table","NW_015090842.1:8845640",49,95,46
"JPH3","s1337_F_TNA_03_ASEReadCounter.table","NW_015090842.1:8845654",40,95,55
"JPH3","s1337_F_TNA_03_ASEReadCounter.table","NW_015090842.1:8872283",52,128,76
"JPH3","s1337_F_TNA_03_ASEReadCounter.table","NW_015090842.1:8872294",47,118,71
"JPH3","s1337_F_TNA_03_ASEReadCounter.table","NW_015090842.1:8872730",106,203,97
"JPH3","s1337_F_TNA_03_ASEReadCounter.table","NW_015090842.1:8885260",179,335,156
"JPH3","s1337_F_TNA_03_ASEReadCounter.table","NW_015090842.1:8885315",136,298,162
"JPH3","s1337_F_TNA_03_ASEReadCounter.table","NW_015090842.1:8885328",119,264,145
"JPH3","s1337_F_TNA_03_ASEReadCounter.table","NW_015090842.1:8885438",131,270,139
"JPH3","s1337_F_TNA_03_ASEReadCounter.table","NW_015090842.1:8885525",38,146,108
"KLHDC4","s1337_F_TNA_03_ASEReadCounter.table","NW_015090842.1:8890729",60,81,21
"KLHDC4","s1337_F_TNA_03_ASEReadCounter.table","NW_015090842.1:8890749",65,88,23
"KLHDC4","s1337_F_TNA_03_ASEReadCounter.table","NW_015090842.1:8890761",66,92,26
"KLHDC4","s1337_F_TNA_03_ASEReadCounter.table","NW_015090842.1:8891123",89,128,39
"KLHDC4","s1337_F_TNA_03_ASEReadCounter.table","NW_015090842.1:8893124",56,90,34
"KLHDC4","s1337_F_TNA_03_ASEReadCounter.table","NW_015090842.1:8894542",47,74,27
"KLHDC4","s1337_F_TNA_03_ASEReadCounter.table","NW_015090842.1:8896726",44,62,18
"KLHDC4","s1337_F_TNA_03_ASEReadCounter.table","NW_015090842.1:8896767",33,50,17
"KLHDC4","s1337_F_TNA_03_ASEReadCounter.table","NW_015090842.1:8904174",26,42,16
"KLHDC4","s1337_F_TNA_03_ASEReadCounter.table","NW_015090842.1:8904231",31,50,19
"KLHDC4","s1337_F_TNA_03_ASEReadCounter.table","NW_015090842.1:8905251",14,30,16
"KLHDC4","s1337_F_TNA_03_ASEReadCounter.table","NW_015090842.1:8905263",15,30,15
"KLHDC4","s1337_F_TNA_03_ASEReadCounter.table","NW_015090842.1:8919626",3,4,1
"SLC7A5","s1337_F_TNA_03_ASEReadCounter.table","NW_015090842.1:8938782",197,480,283
"SLC7A5","s1337_F_TNA_03_ASEReadCounter.table","NW_015090842.1:8938943",143,345,202
"SLC7A5","s1337_F_TNA_03_ASEReadCounter.table","NW_015090842.1:8939611",87,151,64
"SLC7A5","s1337_F_TNA_03_ASEReadCounter.table","NW_015090842.1:8939738",111,246,135
"SLC7A5","s1337_F_TNA_03_ASEReadCounter.table","NW_015090842.1:8939739",113,248,135
"SLC7A5","s1337_F_TNA_03_ASEReadCounter.table","NW_015090842.1:8939740",111,252,141
"SLC7A5","s1337_F_TNA_03_ASEReadCounter.table","NW_015090842.1:8939795",112,239,127
"SLC7A5","s1337_F_TNA_03_ASEReadCounter.table","NW_015090842.1:8939815",97,231,134
"SLC7A5","s1337_F_TNA_03_ASEReadCounter.table","NW_015090842.1:8939816",99,230,131
"SLC7A5","s1337_F_TNA_03_ASEReadCounter.table","NW_015090842.1:8939817",99,244,145
"SLC7A5","s1337_F_TNA_03_ASEReadCounter.table","NW_015090842.1:8939845",107,250,143
"SLC7A5","s1337_F_TNA_03_ASEReadCounter.table","NW_015090842.1:8939894",99,236,137
"SLC7A5","s1337_F_TNA_03_ASEReadCounter.table","NW_015090842.1:8939895",99,231,132
"SLC7A5","s1337_F_TNA_03_ASEReadCounter.table","NW_015090842.1:8939997",206,370,164
"SLC7A5","s1337_F_TNA_03_ASEReadCounter.table","NW_015090842.1:8940172",101,277,176
"SLC7A5","s1337_F_TNA_03_ASEReadCounter.table","NW_015090842.1:8940331",48,118,70
"SLC7A5","s1337_F_TNA_03_ASEReadCounter.table","NW_015090842.1:8940696",74,128,54
"SLC7A5","s1337_F_TNA_03_ASEReadCounter.table","NW_015090842.1:8940719",39,137,98
"SLC7A5","s1337_F_TNA_03_ASEReadCounter.table","NW_015090842.1:8940737",36,118,82
"SLC7A5","s1337_F_TNA_03_ASEReadCounter.table","NW_015090842.1:8940743",38,122,84
"SLC7A5","s1337_F_TNA_03_ASEReadCounter.table","NW_015090842.1:8940766",49,144,95
"SLC7A5","s1337_F_TNA_03_ASEReadCounter.table","NW_015090842.1:8940769",50,153,103
"SLC7A5","s1337_F_TNA_03_ASEReadCounter.table","NW_015090842.1:8940861",48,123,75
"SLC7A5","s1337_F_TNA_03_ASEReadCounter.table","NW_015090842.1:8941068",75,164,89
"SLC7A5","s1337_F_TNA_03_ASEReadCounter.table","NW_015090842.1:8941467",43,101,58
"SLC7A5","s1337_F_TNA_03_ASEReadCounter.table","NW_015090842.1:8941531",43,88,45
"SLC7A5","s1337_F_TNA_03_ASEReadCounter.table","NW_015090842.1:8941588",41,101,60
"SLC7A5","s1337_F_TNA_03_ASEReadCounter.table","NW_015090842.1:8941698",33,75,42
"SLC7A5","s1337_F_TNA_03_ASEReadCounter.table","NW_015090842.1:8941717",46,89,43
"SLC7A5","s1337_F_TNA_03_ASEReadCounter.table","NW_015090842.1:8941745",46,100,54
"SLC7A5","s1337_F_TNA_03_ASEReadCounter.table","NW_015090842.1:8941781",47,118,71
"SLC7A5","s1337_F_TNA_03_ASEReadCounter.table","NW_015090842.1:8941887",37,77,40
"SLC7A5","s1337_F_TNA_03_ASEReadCounter.table","NW_015090842.1:8941968",17,58,41
"SLC7A5","s1337_F_TNA_03_ASEReadCounter.table","NW_015090842.1:8942025",30,73,43
"SLC7A5","s1337_F_TNA_03_ASEReadCounter.table","NW_015090842.1:8942069",35,74,39
"SLC7A5","s1337_F_TNA_03_ASEReadCounter.table","NW_015090842.1:8942170",39,87,48
"SLC7A5","s1337_F_TNA_03_ASEReadCounter.table","NW_015090842.1:8942241",47,106,59
"SLC7A5","s1337_F_TNA_03_ASEReadCounter.table","NW_015090842.1:8942283",49,112,63
"SLC7A5","s1337_F_TNA_03_ASEReadCounter.table","NW_015090842.1:8942717",90,201,111
"SLC7A5","s1337_F_TNA_03_ASEReadCounter.table","NW_015090842.1:8942756",116,261,145
"SLC7A5","s1337_F_TNA_03_ASEReadCounter.table","NW_015090842.1:8942766",116,262,146
"SLC7A5","s1337_F_TNA_03_ASEReadCounter.table","NW_015090842.1:8943271",46,114,68
"SLC7A5","s1337_F_TNA_03_ASEReadCounter.table","NW_015090842.1:8943524",28,72,44
"SLC7A5","s1337_F_TNA_03_ASEReadCounter.table","NW_015090842.1:8943530",28,76,48
"SLC7A5","s1337_F_TNA_03_ASEReadCounter.table","NW_015090842.1:8943602",24,79,55
"SLC7A5","s1337_F_TNA_03_ASEReadCounter.table","NW_015090842.1:8943622",25,71,46
"SLC7A5","s1337_F_TNA_03_ASEReadCounter.table","NW_015090842.1:8943661",25,67,42
"SLC7A5","s1337_F_TNA_03_ASEReadCounter.table","NW_015090842.1:8943686",27,70,43
"SLC7A5","s1337_F_TNA_03_ASEReadCounter.table","NW_015090842.1:8943788",36,67,31
"SLC7A5","s1337_F_TNA_03_ASEReadCounter.table","NW_015090842.1:8943814",36,65,29
"SLC7A5","s1337_F_TNA_03_ASEReadCounter.table","NW_015090842.1:8943876",33,51,18
"SLC7A5","s1337_F_TNA_03_ASEReadCounter.table","NW_015090842.1:8943892",36,56,20
"SLC7A5","s1337_F_TNA_03_ASEReadCounter.table","NW_015090842.1:8944097",23,52,29
"SLC7A5","s1337_F_TNA_03_ASEReadCounter.table","NW_015090842.1:8944104",24,51,27
"SLC7A5","s1337_F_TNA_03_ASEReadCounter.table","NW_015090842.1:8944293",20,41,21
"SLC7A5","s1337_F_TNA_03_ASEReadCounter.table","NW_015090842.1:8944297",20,40,20
"SLC7A5","s1337_F_TNA_03_ASEReadCounter.table","NW_015090842.1:8944397",16,35,19
"SLC7A5","s1337_F_TNA_03_ASEReadCounter.table","NW_015090842.1:8944552",11,32,21
"SLC7A5","s1337_F_TNA_03_ASEReadCounter.table","NW_015090842.1:8944629",12,36,24
"CA5A","s1337_F_TNA_03_ASEReadCounter.table","NW_015090842.1:8989479",58,80,22
"CA5A","s1337_F_TNA_03_ASEReadCounter.table","NW_015090842.1:8989562",56,95,39
"CA5A","s1337_F_TNA_03_ASEReadCounter.table","NW_015090842.1:8989609",71,118,47
"CA5A","s1337_F_TNA_03_ASEReadCounter.table","NW_015090842.1:8989693",101,152,51
"CA5A","s1337_F_TNA_03_ASEReadCounter.table","NW_015090842.1:8989702",100,153,53
"CA5A","s1337_F_TNA_03_ASEReadCounter.table","NW_015090842.1:8989746",97,159,62
"CA5A","s1337_F_TNA_03_ASEReadCounter.table","NW_015090842.1:8989880",73,133,60
"CA5A","s1337_F_TNA_03_ASEReadCounter.table","NW_015090842.1:8989885",77,136,59
"CA5A","s1337_F_TNA_03_ASEReadCounter.table","NW_015090842.1:8989929",79,128,49
"CA5A","s1337_F_TNA_03_ASEReadCounter.table","NW_015090842.1:8990002",50,88,38
"CA5A","s1337_F_TNA_03_ASEReadCounter.table","NW_015090842.1:8990004",50,90,40
"CA5A","s1337_F_TNA_03_ASEReadCounter.table","NW_015090842.1:8990005",51,90,39
"CA5A","s1337_F_TNA_03_ASEReadCounter.table","NW_015090842.1:8990017",51,90,39
"CA5A","s1337_F_TNA_03_ASEReadCounter.table","NW_015090842.1:8990043",39,69,30
"CA5A","s1337_F_TNA_03_ASEReadCounter.table","NW_015090842.1:8990060",32,78,46
"CA5A","s1337_F_TNA_03_ASEReadCounter.table","NW_015090842.1:8990080",33,65,32
"CA5A","s1337_F_TNA_03_ASEReadCounter.table","NW_015090842.1:8990084",34,64,30
"CA5A","s1337_F_TNA_03_ASEReadCounter.table","NW_015090842.1:8990090",39,70,31
"CA5A","s1337_F_TNA_03_ASEReadCounter.table","NW_015090842.1:8990095",37,70,33
"CA5A","s1337_F_TNA_03_ASEReadCounter.table","NW_015090842.1:8990111",34,68,34
"CA5A","s1337_F_TNA_03_ASEReadCounter.table","NW_015090842.1:8990112",34,67,33
"CA5A","s1337_F_TNA_03_ASEReadCounter.table","NW_015090842.1:8990115",35,69,34
"CA5A","s1337_F_TNA_03_ASEReadCounter.table","NW_015090842.1:8990166",31,66,35
"CA5A","s1337_F_TNA_03_ASEReadCounter.table","NW_015090842.1:8990169",36,68,32
"CA5A","s1337_F_TNA_03_ASEReadCounter.table","NW_015090842.1:8990193",34,74,40
"CA5A","s1337_F_TNA_03_ASEReadCounter.table","NW_015090842.1:8990222",34,62,28
"CA5A","s1337_F_TNA_03_ASEReadCounter.table","NW_015090842.1:8990289",38,61,23
"CA5A","s1337_F_TNA_03_ASEReadCounter.table","NW_015090842.1:8990314",41,72,31
"CA5A","s1337_F_TNA_03_ASEReadCounter.table","NW_015090842.1:8990361",36,67,31
"CA5A","s1337_F_TNA_03_ASEReadCounter.table","NW_015090842.1:8990368",36,67,31
"CA5A","s1337_F_TNA_03_ASEReadCounter.table","NW_015090842.1:8990429",25,51,26
"CA5A","s1337_F_TNA_03_ASEReadCounter.table","NW_015090842.1:8990466",0,33,33
"CA5A","s1337_F_TNA_03_ASEReadCounter.table","NW_015090842.1:8990663",28,48,20
"CA5A","s1337_F_TNA_03_ASEReadCounter.table","NW_015090842.1:8990797",27,43,16
"CA5A","s1337_F_TNA_03_ASEReadCounter.table","NW_015090842.1:8990836",26,40,14
"CA5A","s1337_F_TNA_03_ASEReadCounter.table","NW_015090842.1:8990842",26,41,15
"CA5A","s1337_F_TNA_03_ASEReadCounter.table","NW_015090842.1:8990851",26,41,15
"CA5A","s1337_F_TNA_03_ASEReadCounter.table","NW_015090842.1:8990918",22,32,10
"CA5A","s1337_F_TNA_03_ASEReadCounter.table","NW_015090842.1:8990921",14,26,12
"CA5A","s1337_F_TNA_03_ASEReadCounter.table","NW_015090842.1:8990942",30,43,13
"CA5A","s1337_F_TNA_03_ASEReadCounter.table","NW_015090842.1:8991001",0,67,67
"CA5A","s1337_F_TNA_03_ASEReadCounter.table","NW_015090842.1:8991038",31,54,23
"CA5A","s1337_F_TNA_03_ASEReadCounter.table","NW_015090842.1:8991149",38,56,18
"CA5A","s1337_F_TNA_03_ASEReadCounter.table","NW_015090842.1:8991176",41,60,19
"CA5A","s1337_F_TNA_03_ASEReadCounter.table","NW_015090842.1:8991241",36,60,24
"CA5A","s1337_F_TNA_03_ASEReadCounter.table","NW_015090842.1:8991262",25,48,23
"CA5A","s1337_F_TNA_03_ASEReadCounter.table","NW_015090842.1:8991316",23,27,4
"CA5A","s1337_F_TNA_03_ASEReadCounter.table","NW_015090842.1:8991319",24,28,4
"CA5A","s1337_F_TNA_03_ASEReadCounter.table","NW_015090842.1:8991330",21,23,2
"CA5A","s1337_F_TNA_03_ASEReadCounter.table","NW_015090842.1:8991334",23,25,2
"CA5A","s1337_F_TNA_03_ASEReadCounter.table","NW_015090842.1:8991362",29,40,11
"CA5A","s1337_F_TNA_03_ASEReadCounter.table","NW_015090842.1:8991368",32,43,11
"CA5A","s1337_F_TNA_03_ASEReadCounter.table","NW_015090842.1:8991390",32,43,11
"CA5A","s1337_F_TNA_03_ASEReadCounter.table","NW_015090842.1:8991395",32,45,13
"CA5A","s1337_F_TNA_03_ASEReadCounter.table","NW_015090842.1:8991422",31,47,16
"CA5A","s1337_F_TNA_03_ASEReadCounter.table","NW_015090842.1:8991467",24,35,11
"CA5A","s1337_F_TNA_03_ASEReadCounter.table","NW_015090842.1:8991576",12,24,12
"CA5A","s1337_F_TNA_03_ASEReadCounter.table","NW_015090842.1:8991587",18,31,13
"CA5A","s1337_F_TNA_03_ASEReadCounter.table","NW_015090842.1:8991655",23,40,17
"CA5A","s1337_F_TNA_03_ASEReadCounter.table","NW_015090842.1:8991717",18,33,15
"CA5A","s1337_F_TNA_03_ASEReadCounter.table","NW_015090842.1:8991726",20,34,14
"CA5A","s1337_F_TNA_03_ASEReadCounter.table","NW_015090842.1:8991799",17,32,15
"CA5A","s1337_F_TNA_03_ASEReadCounter.table","NW_015090842.1:8991809",14,30,16
"CA5A","s1337_F_TNA_03_ASEReadCounter.table","NW_015090842.1:8991848",14,21,7
"CA5A","s1337_F_TNA_03_ASEReadCounter.table","NW_015090842.1:8991849",14,22,8
"CA5A","s1337_F_TNA_03_ASEReadCounter.table","NW_015090842.1:8991927",20,30,10
"CA5A","s1337_F_TNA_03_ASEReadCounter.table","NW_015090842.1:8991941",21,31,10
"CA5A","s1337_F_TNA_03_ASEReadCounter.table","NW_015090842.1:8992121",7,18,11
"CA5A","s1337_F_TNA_03_ASEReadCounter.table","NW_015090842.1:8992224",14,22,8
"CA5A","s1337_F_TNA_03_ASEReadCounter.table","NW_015090842.1:9002570",7,12,5
"CA5A","s1337_F_TNA_03_ASEReadCounter.table","NW_015090842.1:9002600",8,12,4
"CA5A","s1337_F_TNA_03_ASEReadCounter.table","NW_015090842.1:9004312",5,8,3
"CA5A","s1337_F_TNA_03_ASEReadCounter.table","NW_015090842.1:9005116",1,1,0
"CA5A","s1337_F_TNA_03_ASEReadCounter.table","NW_015090842.1:9005120",1,1,0
"CA5A","s1337_F_TNA_03_ASEReadCounter.table","NW_015090842.1:9005140",1,1,0
"CA5A","s1337_F_TNA_03_ASEReadCounter.table","NW_015090842.1:9005152",1,2,1
"BANP","s1337_F_TNA_03_ASEReadCounter.table","NW_015090842.1:9033407",4,7,3
"BANP","s1337_F_TNA_03_ASEReadCounter.table","NW_015090842.1:9033409",4,7,3
"BANP","s1337_F_TNA_03_ASEReadCounter.table","NW_015090842.1:9033420",2,7,5
"BANP","s1337_F_TNA_03_ASEReadCounter.table","NW_015090842.1:9067974",0,13,13
"BANP","s1337_F_TNA_03_ASEReadCounter.table","NW_015090842.1:9102510",17,28,11
"BANP","s1337_F_TNA_03_ASEReadCounter.table","NW_015090842.1:9168534",23,35,12
"BANP","s1337_F_TNA_03_ASEReadCounter.table","NW_015090842.1:9168818",10,25,15
"ZNF469","s1337_F_TNA_03_ASEReadCounter.table","NW_015090842.1:9431031",0,2,2
"ZNF469","s1337_F_TNA_03_ASEReadCounter.table","NW_015090842.1:9431073",0,2,2
"ZNF469","s1337_F_TNA_03_ASEReadCounter.table","NW_015090842.1:9431091",0,1,1
"ZNF469","s1337_F_TNA_03_ASEReadCounter.table","NW_015090842.1:9431150",0,1,1
"ZNF469","s1337_F_TNA_03_ASEReadCounter.table","NW_015090842.1:9431162",0,1,1
"ZNF469","s1337_F_TNA_03_ASEReadCounter.table","NW_015090842.1:9431214",0,1,1
"ZNF469","s1337_F_TNA_03_ASEReadCounter.table","NW_015090842.1:9431901",0,1,1
"ZNF469","s1337_F_TNA_03_ASEReadCounter.table","NW_015090842.1:9433268",0,2,2
"ZNF469","s1337_F_TNA_03_ASEReadCounter.table","NW_015090842.1:9433678",0,1,1
"ZNF469","s1337_F_TNA_03_ASEReadCounter.table","NW_015090842.1:9433980",0,1,1
"ZNF469","s1337_F_TNA_03_ASEReadCounter.table","NW_015090842.1:9435221",4,5,1
"ZFPM1","s1337_F_TNA_03_ASEReadCounter.table","NW_015090842.1:9458862",3,5,2
"ZFPM1","s1337_F_TNA_03_ASEReadCounter.table","NW_015090842.1:9458888",7,10,3
"ZFPM1","s1337_F_TNA_03_ASEReadCounter.table","NW_015090842.1:9458904",9,12,3
"ZFPM1","s1337_F_TNA_03_ASEReadCounter.table","NW_015090842.1:9458916",8,10,2
"ZFPM1","s1337_F_TNA_03_ASEReadCounter.table","NW_015090842.1:9468568",9,12,3
"ZFPM1","s1337_F_TNA_03_ASEReadCounter.table","NW_015090842.1:9468593",3,5,2
"ZFPM1","s1337_F_TNA_03_ASEReadCounter.table","NW_015090842.1:9471561",6,7,1
"ZFPM1","s1337_F_TNA_03_ASEReadCounter.table","NW_015090842.1:9472557",5,11,6
"ZFPM1","s1337_F_TNA_03_ASEReadCounter.table","NW_015090842.1:9472565",4,10,6
"ZFPM1","s1337_F_TNA_03_ASEReadCounter.table","NW_015090842.1:9472608",4,10,6
"ZFPM1","s1337_F_TNA_03_ASEReadCounter.table","NW_015090842.1:9472627",5,11,6
"ZFPM1","s1337_F_TNA_03_ASEReadCounter.table","NW_015090842.1:9472668",3,6,3
"ZFPM1","s1337_F_TNA_03_ASEReadCounter.table","NW_015090842.1:9473655",0,1,1
"ZFPM1","s1337_F_TNA_03_ASEReadCounter.table","NW_015090842.1:9475827",7,9,2
"ZFPM1","s1337_F_TNA_03_ASEReadCounter.table","NW_015090842.1:9475842",5,7,2
"ZFPM1","s1337_F_TNA_03_ASEReadCounter.table","NW_015090842.1:9476119",3,4,1
"ZFPM1","s1337_F_TNA_03_ASEReadCounter.table","NW_015090842.1:9476161",4,5,1
"ZFPM1","s1337_F_TNA_03_ASEReadCounter.table","NW_015090842.1:9476219",0,1,1
"ZFPM1","s1337_F_TNA_03_ASEReadCounter.table","NW_015090842.1:9476233",0,1,1
"ZFPM1","s1337_F_TNA_03_ASEReadCounter.table","NW_015090842.1:9476305",5,6,1
"ZFPM1","s1337_F_TNA_03_ASEReadCounter.table","NW_015090842.1:9476395",4,6,2
"ZFPM1","s1337_F_TNA_03_ASEReadCounter.table","NW_015090842.1:9476421",5,8,3
"ZFPM1","s1337_F_TNA_03_ASEReadCounter.table","NW_015090842.1:9476539",4,8,4
"ZFPM1","s1337_F_TNA_03_ASEReadCounter.table","NW_015090842.1:9476576",5,9,4
"ZFPM1","s1337_F_TNA_03_ASEReadCounter.table","NW_015090842.1:9476599",4,9,5
"ZFPM1","s1337_F_TNA_03_ASEReadCounter.table","NW_015090842.1:9476792",10,17,7
"ZFPM1","s1337_F_TNA_03_ASEReadCounter.table","NW_015090842.1:9476803",11,19,8
"ZFPM1","s1337_F_TNA_03_ASEReadCounter.table","NW_015090842.1:9477115",4,10,6
"ZFPM1","s1337_F_TNA_03_ASEReadCounter.table","NW_015090842.1:9477299",3,6,3
"ZFPM1","s1337_F_TNA_03_ASEReadCounter.table","NW_015090842.1:9477398",4,6,2
"ZFPM1","s1337_F_TNA_03_ASEReadCounter.table","NW_015090842.1:9477422",3,6,3
"ZFPM1","s1337_F_TNA_03_ASEReadCounter.table","NW_015090842.1:9477554",5,10,5
"ZFPM1","s1337_F_TNA_03_ASEReadCounter.table","NW_015090842.1:9477575",4,8,4
"ZFPM1","s1337_F_TNA_03_ASEReadCounter.table","NW_015090842.1:9477595",3,12,9
"ZFPM1","s1337_F_TNA_03_ASEReadCounter.table","NW_015090842.1:9477611",4,12,8
"ZFPM1","s1337_F_TNA_03_ASEReadCounter.table","NW_015090842.1:9477659",7,15,8
"ZFPM1","s1337_F_TNA_03_ASEReadCounter.table","NW_015090842.1:9477737",7,15,8
"ZFPM1","s1337_F_TNA_03_ASEReadCounter.table","NW_015090842.1:9477791",3,14,11
"ZFPM1","s1337_F_TNA_03_ASEReadCounter.table","NW_015090842.1:9477844",6,12,6
"ZFPM1","s1337_F_TNA_03_ASEReadCounter.table","NW_015090842.1:9477917",11,15,4
"ZFPM1","s1337_F_TNA_03_ASEReadCounter.table","NW_015090842.1:9478295",14,23,9
"ZFPM1","s1337_F_TNA_03_ASEReadCounter.table","NW_015090842.1:9478349",12,23,11
"ZFPM1","s1337_F_TNA_03_ASEReadCounter.table","NW_015090842.1:9478524",7,15,8
"ZFPM1","s1337_F_TNA_03_ASEReadCounter.table","NW_015090842.1:9478546",7,14,7
"ZFPM1","s1337_F_TNA_03_ASEReadCounter.table","NW_015090842.1:9478573",7,16,9
"ZFPM1","s1337_F_TNA_03_ASEReadCounter.table","NW_015090842.1:9478582",6,12,6
"ZFPM1","s1337_F_TNA_03_ASEReadCounter.table","NW_015090842.1:9478684",5,9,4
"ZFPM1","s1337_F_TNA_03_ASEReadCounter.table","NW_015090842.1:9478711",6,11,5
"ZFPM1","s1337_F_TNA_03_ASEReadCounter.table","NW_015090842.1:9478761",9,12,3
"ZFPM1","s1337_F_TNA_03_ASEReadCounter.table","NW_015090842.1:9478829",1,5,4
"ZC3H18","s1337_F_TNA_03_ASEReadCounter.table","NW_015090842.1:9494271",3,7,4
"ZC3H18","s1337_F_TNA_03_ASEReadCounter.table","NW_015090842.1:9501427",12,23,11
"ZC3H18","s1337_F_TNA_03_ASEReadCounter.table","NW_015090842.1:9501442",7,16,9
"ZC3H18","s1337_F_TNA_03_ASEReadCounter.table","NW_015090842.1:9505538",10,25,15
"ZC3H18","s1337_F_TNA_03_ASEReadCounter.table","NW_015090842.1:9506778",12,31,19
"ZC3H18","s1337_F_TNA_03_ASEReadCounter.table","NW_015090842.1:9522538",13,31,18
"ZC3H18","s1337_F_TNA_03_ASEReadCounter.table","NW_015090842.1:9524350",20,37,17
"ZC3H18","s1337_F_TNA_03_ASEReadCounter.table","NW_015090842.1:9524366",21,43,22
"ZC3H18","s1337_F_TNA_03_ASEReadCounter.table","NW_015090842.1:9524424",18,37,19
"ZC3H18","s1337_F_TNA_03_ASEReadCounter.table","NW_015090842.1:9529649",22,55,33
"ZC3H18","s1337_F_TNA_03_ASEReadCounter.table","NW_015090842.1:9529688",25,59,34
"ZC3H18","s1337_F_TNA_03_ASEReadCounter.table","NW_015090842.1:9529691",22,56,34
"ZC3H18","s1337_F_TNA_03_ASEReadCounter.table","NW_015090842.1:9530977",34,75,41
"ZC3H18","s1337_F_TNA_03_ASEReadCounter.table","NW_015090842.1:9536699",0,65,65
"CYBA","s1337_F_TNA_03_ASEReadCounter.table","NW_015090842.1:9547281",22,26,4
"CYBA","s1337_F_TNA_03_ASEReadCounter.table","NW_015090842.1:9547402",69,85,16
"CYBA","s1337_F_TNA_03_ASEReadCounter.table","NW_015090842.1:9547553",39,50,11
"CYBA","s1337_F_TNA_03_ASEReadCounter.table","NW_015090842.1:9548052",34,44,10
"CYBA","s1337_F_TNA_03_ASEReadCounter.table","NW_015090842.1:9548436",35,39,4
"CYBA","s1337_F_TNA_03_ASEReadCounter.table","NW_015090842.1:9548442",34,38,4
"CYBA","s1337_F_TNA_03_ASEReadCounter.table","NW_015090842.1:9548478",43,46,3
"CYBA","s1337_F_TNA_03_ASEReadCounter.table","NW_015090842.1:9548487",42,45,3
"CYBA","s1337_F_TNA_03_ASEReadCounter.table","NW_015090842.1:9548490",39,42,3
"CYBA","s1337_F_TNA_03_ASEReadCounter.table","NW_015090842.1:9548717",35,38,3
"CYBA","s1337_F_TNA_03_ASEReadCounter.table","NW_015090842.1:9548750",31,35,4
"CYBA","s1337_F_TNA_03_ASEReadCounter.table","NW_015090842.1:9548766",24,28,4
"MVD","s1337_F_TNA_03_ASEReadCounter.table","NW_015090842.1:9550678",29,42,13
"MVD","s1337_F_TNA_03_ASEReadCounter.table","NW_015090842.1:9550690",32,50,18
"MVD","s1337_F_TNA_03_ASEReadCounter.table","NW_015090842.1:9550691",30,48,18
"MVD","s1337_F_TNA_03_ASEReadCounter.table","NW_015090842.1:9550699",35,59,24
"MVD","s1337_F_TNA_03_ASEReadCounter.table","NW_015090842.1:9550719",34,56,22
"MVD","s1337_F_TNA_03_ASEReadCounter.table","NW_015090842.1:9551596",53,84,31
"MVD","s1337_F_TNA_03_ASEReadCounter.table","NW_015090842.1:9551638",62,106,44
"MVD","s1337_F_TNA_03_ASEReadCounter.table","NW_015090842.1:9551899",0,3,3
"MVD","s1337_F_TNA_03_ASEReadCounter.table","NW_015090842.1:9552193",34,61,27
"MVD","s1337_F_TNA_03_ASEReadCounter.table","NW_015090842.1:9552202",32,56,24
"MVD","s1337_F_TNA_03_ASEReadCounter.table","NW_015090842.1:9552208",37,61,24
"MVD","s1337_F_TNA_03_ASEReadCounter.table","NW_015090842.1:9552625",21,40,19
"MVD","s1337_F_TNA_03_ASEReadCounter.table","NW_015090842.1:9552629",17,38,21
"MVD","s1337_F_TNA_03_ASEReadCounter.table","NW_015090842.1:9552644",25,45,20
"MVD","s1337_F_TNA_03_ASEReadCounter.table","NW_015090842.1:9553093",29,49,20
"MVD","s1337_F_TNA_03_ASEReadCounter.table","NW_015090842.1:9553114",35,55,20
"RNF166","s1337_F_TNA_03_ASEReadCounter.table","NW_015090842.1:9557900",30,68,38
"RNF166","s1337_F_TNA_03_ASEReadCounter.table","NW_015090842.1:9558048",22,46,24
"RNF166","s1337_F_TNA_03_ASEReadCounter.table","NW_015090842.1:9558116",15,37,22
"RNF166","s1337_F_TNA_03_ASEReadCounter.table","NW_015090842.1:9558308",22,41,19
"RNF166","s1337_F_TNA_03_ASEReadCounter.table","NW_015090842.1:9558405",16,31,15
"RNF166","s1337_F_TNA_03_ASEReadCounter.table","NW_015090842.1:9558549",22,49,27
"RNF166","s1337_F_TNA_03_ASEReadCounter.table","NW_015090842.1:9558556",21,50,29
"RNF166","s1337_F_TNA_03_ASEReadCounter.table","NW_015090842.1:9558579",22,43,21
"RNF166","s1337_F_TNA_03_ASEReadCounter.table","NW_015090842.1:9558599",19,40,21
"RNF166","s1337_F_TNA_03_ASEReadCounter.table","NW_015090842.1:9558688",19,40,21
"RNF166","s1337_F_TNA_03_ASEReadCounter.table","NW_015090842.1:9558711",14,40,26
"RNF166","s1337_F_TNA_03_ASEReadCounter.table","NW_015090842.1:9558733",15,42,27
"RNF166","s1337_F_TNA_03_ASEReadCounter.table","NW_015090842.1:9558847",14,41,27
"RNF166","s1337_F_TNA_03_ASEReadCounter.table","NW_015090842.1:9559798",13,35,22
"RNF166","s1337_F_TNA_03_ASEReadCounter.table","NW_015090842.1:9560575",18,33,15
"RNF166","s1337_F_TNA_03_ASEReadCounter.table","NW_015090842.1:9561055",18,34,16
"RNF166","s1337_F_TNA_03_ASEReadCounter.table","NW_015090842.1:9562458",15,34,19
"RNF166","s1337_F_TNA_03_ASEReadCounter.table","NW_015090842.1:9562497",11,23,12
"RNF166","s1337_F_TNA_03_ASEReadCounter.table","NW_015090842.1:9562539",5,16,11
"RNF166","s1337_F_TNA_03_ASEReadCounter.table","NW_015090842.1:9564056",6,20,14
"CTU2","s1337_F_TNA_03_ASEReadCounter.table","NW_015090842.1:9565149",15,26,11
"CTU2","s1337_F_TNA_03_ASEReadCounter.table","NW_015090842.1:9565193",12,24,12
"CTU2","s1337_F_TNA_03_ASEReadCounter.table","NW_015090842.1:9565300",13,27,14
"CTU2","s1337_F_TNA_03_ASEReadCounter.table","NW_015090842.1:9565321",9,23,14
"CTU2","s1337_F_TNA_03_ASEReadCounter.table","NW_015090842.1:9565721",7,23,16
"CTU2","s1337_F_TNA_03_ASEReadCounter.table","NW_015090842.1:9565739",8,22,14
"CTU2","s1337_F_TNA_03_ASEReadCounter.table","NW_015090842.1:9565905",10,20,10
"CTU2","s1337_F_TNA_03_ASEReadCounter.table","NW_015090842.1:9566013",13,28,15
"CTU2","s1337_F_TNA_03_ASEReadCounter.table","NW_015090842.1:9566055",20,43,23
"CTU2","s1337_F_TNA_03_ASEReadCounter.table","NW_015090842.1:9566056",21,43,22
"CTU2","s1337_F_TNA_03_ASEReadCounter.table","NW_015090842.1:9566151",19,35,16
"CTU2","s1337_F_TNA_03_ASEReadCounter.table","NW_015090842.1:9566300",17,35,18
"CTU2","s1337_F_TNA_03_ASEReadCounter.table","NW_015090842.1:9566342",20,37,17
"CTU2","s1337_F_TNA_03_ASEReadCounter.table","NW_015090842.1:9566548",14,29,15
"CTU2","s1337_F_TNA_03_ASEReadCounter.table","NW_015090842.1:9566625",20,43,23
"CTU2","s1337_F_TNA_03_ASEReadCounter.table","NW_015090842.1:9566633",22,45,23
"CTU2","s1337_F_TNA_03_ASEReadCounter.table","NW_015090842.1:9566807",28,46,18
"CTU2","s1337_F_TNA_03_ASEReadCounter.table","NW_015090842.1:9567139",33,66,33
"CTU2","s1337_F_TNA_03_ASEReadCounter.table","NW_015090842.1:9567156",27,59,32
"CTU2","s1337_F_TNA_03_ASEReadCounter.table","NW_015090842.1:9567614",30,57,27
"CTU2","s1337_F_TNA_03_ASEReadCounter.table","NW_015090842.1:9567677",38,59,21
"CTU2","s1337_F_TNA_03_ASEReadCounter.table","NW_015090842.1:9567747",25,51,26
"CTU2","s1337_F_TNA_03_ASEReadCounter.table","NW_015090842.1:9567828",15,32,17
"CTU2","s1337_F_TNA_03_ASEReadCounter.table","NW_015090842.1:9567829",15,33,18
"CTU2","s1337_F_TNA_03_ASEReadCounter.table","NW_015090842.1:9567885",19,31,12
"PIEZO1","s1337_F_TNA_03_ASEReadCounter.table","NW_015090842.1:9568093",13,35,22
"PIEZO1","s1337_F_TNA_03_ASEReadCounter.table","NW_015090842.1:9568672",16,30,14
"PIEZO1","s1337_F_TNA_03_ASEReadCounter.table","NW_015090842.1:9568948",12,36,24
"PIEZO1","s1337_F_TNA_03_ASEReadCounter.table","NW_015090842.1:9568987",21,33,12
"PIEZO1","s1337_F_TNA_03_ASEReadCounter.table","NW_015090842.1:9569040",15,36,21
"PIEZO1","s1337_F_TNA_03_ASEReadCounter.table","NW_015090842.1:9569180",12,21,9
"PIEZO1","s1337_F_TNA_03_ASEReadCounter.table","NW_015090842.1:9569192",11,22,11
"PIEZO1","s1337_F_TNA_03_ASEReadCounter.table","NW_015090842.1:9570088",6,12,6
"PIEZO1","s1337_F_TNA_03_ASEReadCounter.table","NW_015090842.1:9570480",7,11,4
"PIEZO1","s1337_F_TNA_03_ASEReadCounter.table","NW_015090842.1:9570639",7,15,8
"PIEZO1","s1337_F_TNA_03_ASEReadCounter.table","NW_015090842.1:9571847",5,11,6
"PIEZO1","s1337_F_TNA_03_ASEReadCounter.table","NW_015090842.1:9572371",5,7,2
"PIEZO1","s1337_F_TNA_03_ASEReadCounter.table","NW_015090842.1:9572638",2,3,1
"PIEZO1","s1337_F_TNA_03_ASEReadCounter.table","NW_015090842.1:9573156",4,13,9
"PIEZO1","s1337_F_TNA_03_ASEReadCounter.table","NW_015090842.1:9573280",5,15,10
"PIEZO1","s1337_F_TNA_03_ASEReadCounter.table","NW_015090842.1:9573566",4,13,9
"PIEZO1","s1337_F_TNA_03_ASEReadCounter.table","NW_015090842.1:9575341",2,5,3
"PIEZO1","s1337_F_TNA_03_ASEReadCounter.table","NW_015090842.1:9575367",2,4,2
"PIEZO1","s1337_F_TNA_03_ASEReadCounter.table","NW_015090842.1:9575645",5,6,1
"PIEZO1","s1337_F_TNA_03_ASEReadCounter.table","NW_015090842.1:9575696",4,8,4
"PIEZO1","s1337_F_TNA_03_ASEReadCounter.table","NW_015090842.1:9575897",2,6,4
"PIEZO1","s1337_F_TNA_03_ASEReadCounter.table","NW_015090842.1:9576060",1,4,3
"PIEZO1","s1337_F_TNA_03_ASEReadCounter.table","NW_015090842.1:9576087",0,4,4
"PIEZO1","s1337_F_TNA_03_ASEReadCounter.table","NW_015090842.1:9576093",1,6,5
"PIEZO1","s1337_F_TNA_03_ASEReadCounter.table","NW_015090842.1:9576120",2,6,4
"PIEZO1","s1337_F_TNA_03_ASEReadCounter.table","NW_015090842.1:9576687",0,2,2
"PIEZO1","s1337_F_TNA_03_ASEReadCounter.table","NW_015090842.1:9576710",2,2,0
"PIEZO1","s1337_F_TNA_03_ASEReadCounter.table","NW_015090842.1:9576723",1,2,1
"PIEZO1","s1337_F_TNA_03_ASEReadCounter.table","NW_015090842.1:9578268",3,11,8
"PIEZO1","s1337_F_TNA_03_ASEReadCounter.table","NW_015090842.1:9578770",2,4,2
"PIEZO1","s1337_F_TNA_03_ASEReadCounter.table","NW_015090842.1:9578806",2,2,0
"PIEZO1","s1337_F_TNA_03_ASEReadCounter.table","NW_015090842.1:9579064",2,4,2
"PIEZO1","s1337_F_TNA_03_ASEReadCounter.table","NW_015090842.1:9579065",2,4,2
"PIEZO1","s1337_F_TNA_03_ASEReadCounter.table","NW_015090842.1:9579347",1,3,2
"PIEZO1","s1337_F_TNA_03_ASEReadCounter.table","NW_015090842.1:9580765",2,2,0
"PIEZO1","s1337_F_TNA_03_ASEReadCounter.table","NW_015090842.1:9580996",4,9,5
"PIEZO1","s1337_F_TNA_03_ASEReadCounter.table","NW_015090842.1:9581101",1,2,1
"PIEZO1","s1337_F_TNA_03_ASEReadCounter.table","NW_015090842.1:9581299",1,1,0
"PIEZO1","s1337_F_TNA_03_ASEReadCounter.table","NW_015090842.1:9581875",1,4,3
"PIEZO1","s1337_F_TNA_03_ASEReadCounter.table","NW_015090842.1:9582046",1,2,1
"PIEZO1","s1337_F_TNA_03_ASEReadCounter.table","NW_015090842.1:9582961",1,1,0
"PIEZO1","s1337_F_TNA_03_ASEReadCounter.table","NW_015090842.1:9583298",2,3,1
"PIEZO1","s1337_F_TNA_03_ASEReadCounter.table","NW_015090842.1:9584337",2,3,1
"PIEZO1","s1337_F_TNA_03_ASEReadCounter.table","NW_015090842.1:9584425",1,1,0
"PIEZO1","s1337_F_TNA_03_ASEReadCounter.table","NW_015090842.1:9584435",1,2,1
"PIEZO1","s1337_F_TNA_03_ASEReadCounter.table","NW_015090842.1:9584438",1,2,1
"PIEZO1","s1337_F_TNA_03_ASEReadCounter.table","NW_015090842.1:9584441",1,2,1
"CDT1","s1337_F_TNA_03_ASEReadCounter.table","NW_015090842.1:9596596",1,1,0
"CDT1","s1337_F_TNA_03_ASEReadCounter.table","NW_015090842.1:9596766",0,2,2
"CDT1","s1337_F_TNA_03_ASEReadCounter.table","NW_015090842.1:9597054",3,7,4
"CDT1","s1337_F_TNA_03_ASEReadCounter.table","NW_015090842.1:9597074",3,6,3
"CDT1","s1337_F_TNA_03_ASEReadCounter.table","NW_015090842.1:9597137",4,8,4
"CDT1","s1337_F_TNA_03_ASEReadCounter.table","NW_015090842.1:9597756",7,9,2
"CDT1","s1337_F_TNA_03_ASEReadCounter.table","NW_015090842.1:9597766",6,9,3
"CDT1","s1337_F_TNA_03_ASEReadCounter.table","NW_015090842.1:9598496",5,8,3
"CDT1","s1337_F_TNA_03_ASEReadCounter.table","NW_015090842.1:9598498",5,8,3
"CDT1","s1337_F_TNA_03_ASEReadCounter.table","NW_015090842.1:9598816",1,3,2
"CDT1","s1337_F_TNA_03_ASEReadCounter.table","NW_015090842.1:9598879",1,5,4
"CDT1","s1337_F_TNA_03_ASEReadCounter.table","NW_015090842.1:9598912",1,4,3
"CDT1","s1337_F_TNA_03_ASEReadCounter.table","NW_015090842.1:9598959",4,7,3
"CDT1","s1337_F_TNA_03_ASEReadCounter.table","NW_015090842.1:9599807",5,11,6
"CDT1","s1337_F_TNA_03_ASEReadCounter.table","NW_015090842.1:9599819",5,9,4
"CDT1","s1337_F_TNA_03_ASEReadCounter.table","NW_015090842.1:9599845",5,9,4
"CDT1","s1337_F_TNA_03_ASEReadCounter.table","NW_015090842.1:9600148",6,13,7
"CDT1","s1337_F_TNA_03_ASEReadCounter.table","NW_015090842.1:9600151",6,12,6
"CDT1","s1337_F_TNA_03_ASEReadCounter.table","NW_015090842.1:9600217",9,16,7
"CDT1","s1337_F_TNA_03_ASEReadCounter.table","NW_015090842.1:9600226",8,14,6
"CDT1","s1337_F_TNA_03_ASEReadCounter.table","NW_015090842.1:9600260",9,13,4
"CDT1","s1337_F_TNA_03_ASEReadCounter.table","NW_015090842.1:9600268",8,12,4
"CDT1","s1337_F_TNA_03_ASEReadCounter.table","NW_015090842.1:9600305",10,15,5
"CDT1","s1337_F_TNA_03_ASEReadCounter.table","NW_015090842.1:9600397",10,15,5
"CDT1","s1337_F_TNA_03_ASEReadCounter.table","NW_015090842.1:9600447",6,11,5
"CDT1","s1337_F_TNA_03_ASEReadCounter.table","NW_015090842.1:9600450",5,10,5
"CDT1","s1337_F_TNA_03_ASEReadCounter.table","NW_015090842.1:9600485",8,13,5
"CDT1","s1337_F_TNA_03_ASEReadCounter.table","NW_015090842.1:9600579",3,9,6
"APRT","s1337_F_TNA_03_ASEReadCounter.table","NW_015090842.1:9602308",18,55,37
"APRT","s1337_F_TNA_03_ASEReadCounter.table","NW_015090842.1:9602440",40,125,85
"APRT","s1337_F_TNA_03_ASEReadCounter.table","NW_015090842.1:9602449",37,118,81
"APRT","s1337_F_TNA_03_ASEReadCounter.table","NW_015090842.1:9602451",37,119,82
"APRT","s1337_F_TNA_03_ASEReadCounter.table","NW_015090842.1:9602455",37,116,79
"APRT","s1337_F_TNA_03_ASEReadCounter.table","NW_015090842.1:9602462",37,114,77
"APRT","s1337_F_TNA_03_ASEReadCounter.table","NW_015090842.1:9602507",35,108,73
"APRT","s1337_F_TNA_03_ASEReadCounter.table","NW_015090842.1:9602514",40,111,71
"APRT","s1337_F_TNA_03_ASEReadCounter.table","NW_015090842.1:9602530",39,104,65
"APRT","s1337_F_TNA_03_ASEReadCounter.table","NW_015090842.1:9602582",37,111,74
"APRT","s1337_F_TNA_03_ASEReadCounter.table","NW_015090842.1:9602583",39,111,72
"APRT","s1337_F_TNA_03_ASEReadCounter.table","NW_015090842.1:9602650",38,112,74
"APRT","s1337_F_TNA_03_ASEReadCounter.table","NW_015090842.1:9602655",38,111,73
"APRT","s1337_F_TNA_03_ASEReadCounter.table","NW_015090842.1:9602712",26,109,83
"APRT","s1337_F_TNA_03_ASEReadCounter.table","NW_015090842.1:9602764",37,114,77
"APRT","s1337_F_TNA_03_ASEReadCounter.table","NW_015090842.1:9602821",38,121,83
"APRT","s1337_F_TNA_03_ASEReadCounter.table","NW_015090842.1:9602867",41,110,69
"APRT","s1337_F_TNA_03_ASEReadCounter.table","NW_015090842.1:9602883",42,116,74
"APRT","s1337_F_TNA_03_ASEReadCounter.table","NW_015090842.1:9602886",44,115,71
"APRT","s1337_F_TNA_03_ASEReadCounter.table","NW_015090842.1:9602948",40,108,68
"APRT","s1337_F_TNA_03_ASEReadCounter.table","NW_015090842.1:9602958",39,106,67
"APRT","s1337_F_TNA_03_ASEReadCounter.table","NW_015090842.1:9603020",52,124,72
"APRT","s1337_F_TNA_03_ASEReadCounter.table","NW_015090842.1:9603025",52,124,72
"APRT","s1337_F_TNA_03_ASEReadCounter.table","NW_015090842.1:9603154",36,90,54
"APRT","s1337_F_TNA_03_ASEReadCounter.table","NW_015090842.1:9603166",37,98,61
"APRT","s1337_F_TNA_03_ASEReadCounter.table","NW_015090842.1:9603326",42,113,71
"APRT","s1337_F_TNA_03_ASEReadCounter.table","NW_015090842.1:9603419",39,88,49
"APRT","s1337_F_TNA_03_ASEReadCounter.table","NW_015090842.1:9603420",40,86,46
"APRT","s1337_F_TNA_03_ASEReadCounter.table","NW_015090842.1:9603464",28,61,33
"APRT","s1337_F_TNA_03_ASEReadCounter.table","NW_015090842.1:9603528",31,86,55
"APRT","s1337_F_TNA_03_ASEReadCounter.table","NW_015090842.1:9603607",29,85,56
"APRT","s1337_F_TNA_03_ASEReadCounter.table","NW_015090842.1:9603622",26,82,56
"APRT","s1337_F_TNA_03_ASEReadCounter.table","NW_015090842.1:9604361",26,86,60
"APRT","s1337_F_TNA_03_ASEReadCounter.table","NW_015090842.1:9605317",16,50,34
"APRT","s1337_F_TNA_03_ASEReadCounter.table","NW_015090842.1:9605336",16,49,33
"GALNS","s1337_F_TNA_03_ASEReadCounter.table","NW_015090842.1:9612872",6,9,3
"GALNS","s1337_F_TNA_03_ASEReadCounter.table","NW_015090842.1:9612873",5,8,3
"GALNS","s1337_F_TNA_03_ASEReadCounter.table","NW_015090842.1:9612877",5,8,3
"GALNS","s1337_F_TNA_03_ASEReadCounter.table","NW_015090842.1:9612942",13,18,5
"GALNS","s1337_F_TNA_03_ASEReadCounter.table","NW_015090842.1:9612987",7,17,10
"GALNS","s1337_F_TNA_03_ASEReadCounter.table","NW_015090842.1:9613064",11,26,15
"GALNS","s1337_F_TNA_03_ASEReadCounter.table","NW_015090842.1:9613096",15,36,21
"GALNS","s1337_F_TNA_03_ASEReadCounter.table","NW_015090842.1:9613123",12,34,22
"GALNS","s1337_F_TNA_03_ASEReadCounter.table","NW_015090842.1:9613125",12,28,16
"GALNS","s1337_F_TNA_03_ASEReadCounter.table","NW_015090842.1:9613193",14,32,18
"GALNS","s1337_F_TNA_03_ASEReadCounter.table","NW_015090842.1:9613226",18,39,21
"GALNS","s1337_F_TNA_03_ASEReadCounter.table","NW_015090842.1:9613249",17,47,30
"GALNS","s1337_F_TNA_03_ASEReadCounter.table","NW_015090842.1:9613256",20,50,30
"GALNS","s1337_F_TNA_03_ASEReadCounter.table","NW_015090842.1:9613317",14,38,24
"GALNS","s1337_F_TNA_03_ASEReadCounter.table","NW_015090842.1:9613343",17,35,18
"GALNS","s1337_F_TNA_03_ASEReadCounter.table","NW_015090842.1:9613344",17,35,18
"GALNS","s1337_F_TNA_03_ASEReadCounter.table","NW_015090842.1:9613371",19,40,21
"GALNS","s1337_F_TNA_03_ASEReadCounter.table","NW_015090842.1:9613378",18,42,24
"GALNS","s1337_F_TNA_03_ASEReadCounter.table","NW_015090842.1:9613379",18,42,24
"GALNS","s1337_F_TNA_03_ASEReadCounter.table","NW_015090842.1:9613516",16,33,17
"GALNS","s1337_F_TNA_03_ASEReadCounter.table","NW_015090842.1:9613572",17,37,20
"GALNS","s1337_F_TNA_03_ASEReadCounter.table","NW_015090842.1:9613597",17,41,24
"GALNS","s1337_F_TNA_03_ASEReadCounter.table","NW_015090842.1:9613627",11,34,23
"GALNS","s1337_F_TNA_03_ASEReadCounter.table","NW_015090842.1:9613640",10,32,22
"GALNS","s1337_F_TNA_03_ASEReadCounter.table","NW_015090842.1:9614025",16,28,12
"GALNS","s1337_F_TNA_03_ASEReadCounter.table","NW_015090842.1:9614169",19,31,12
"GALNS","s1337_F_TNA_03_ASEReadCounter.table","NW_015090842.1:9614232",8,24,16
"GALNS","s1337_F_TNA_03_ASEReadCounter.table","NW_015090842.1:9614667",8,17,9
"GALNS","s1337_F_TNA_03_ASEReadCounter.table","NW_015090842.1:9614709",7,17,10
"GALNS","s1337_F_TNA_03_ASEReadCounter.table","NW_015090842.1:9614880",5,13,8
"GALNS","s1337_F_TNA_03_ASEReadCounter.table","NW_015090842.1:9614902",5,16,11
"GALNS","s1337_F_TNA_03_ASEReadCounter.table","NW_015090842.1:9614960",7,16,9
"GALNS","s1337_F_TNA_03_ASEReadCounter.table","NW_015090842.1:9615114",9,22,13
"GALNS","s1337_F_TNA_03_ASEReadCounter.table","NW_015090842.1:9615199",9,16,7
"GALNS","s1337_F_TNA_03_ASEReadCounter.table","NW_015090842.1:9615217",5,10,5
"GALNS","s1337_F_TNA_03_ASEReadCounter.table","NW_015090842.1:9615277",6,13,7
"GALNS","s1337_F_TNA_03_ASEReadCounter.table","NW_015090842.1:9615377",7,14,7
"GALNS","s1337_F_TNA_03_ASEReadCounter.table","NW_015090842.1:9647858",4,5,1
"GALNS","s1337_F_TNA_03_ASEReadCounter.table","NW_015090842.1:9649186",2,6,4
"GALNS","s1337_F_TNA_03_ASEReadCounter.table","NW_015090842.1:9649237",2,5,3
"GALNS","s1337_F_TNA_03_ASEReadCounter.table","NW_015090842.1:9661193",1,2,1
"TRAPPC2L","s1337_F_TNA_03_ASEReadCounter.table","NW_015090842.1:9662951",103,196,93
"TRAPPC2L","s1337_F_TNA_03_ASEReadCounter.table","NW_015090842.1:9663014",113,209,96
"TRAPPC2L","s1337_F_TNA_03_ASEReadCounter.table","NW_015090842.1:9664305",99,215,116
"TRAPPC2L","s1337_F_TNA_03_ASEReadCounter.table","NW_015090842.1:9665155",115,208,93
"TRAPPC2L","s1337_F_TNA_03_ASEReadCounter.table","NW_015090842.1:9665211",37,68,31
"CBFA2T3","s1337_F_TNA_03_ASEReadCounter.table","NW_015090842.1:9709469",1,40,39
"CBFA2T3","s1337_F_TNA_03_ASEReadCounter.table","NW_015090842.1:9709475",0,42,42
"CBFA2T3","s1337_F_TNA_03_ASEReadCounter.table","NW_015090842.1:9711845",0,7,7
"CBFA2T3","s1337_F_TNA_03_ASEReadCounter.table","NW_015090842.1:9712157",0,6,6
"CBFA2T3","s1337_F_TNA_03_ASEReadCounter.table","NW_015090842.1:9712160",0,6,6
"CBFA2T3","s1337_F_TNA_03_ASEReadCounter.table","NW_015090842.1:9712166",0,5,5
"CBFA2T3","s1337_F_TNA_03_ASEReadCounter.table","NW_015090842.1:9712536",5,10,5
"CBFA2T3","s1337_F_TNA_03_ASEReadCounter.table","NW_015090842.1:9712673",5,12,7
"CBFA2T3","s1337_F_TNA_03_ASEReadCounter.table","NW_015090842.1:9712787",8,20,12
"CBFA2T3","s1337_F_TNA_03_ASEReadCounter.table","NW_015090842.1:9712791",9,18,9
"CBFA2T3","s1337_F_TNA_03_ASEReadCounter.table","NW_015090842.1:9712805",8,15,7
"CBFA2T3","s1337_F_TNA_03_ASEReadCounter.table","NW_015090842.1:9712811",9,22,13
"CBFA2T3","s1337_F_TNA_03_ASEReadCounter.table","NW_015090842.1:9712848",7,26,19
"CBFA2T3","s1337_F_TNA_03_ASEReadCounter.table","NW_015090842.1:9713088",12,22,10
"CBFA2T3","s1337_F_TNA_03_ASEReadCounter.table","NW_015090842.1:9713121",11,25,14
"CBFA2T3","s1337_F_TNA_03_ASEReadCounter.table","NW_015090842.1:9717058",12,17,5
"CBFA2T3","s1337_F_TNA_03_ASEReadCounter.table","NW_015090842.1:9717093",9,17,8
"CBFA2T3","s1337_F_TNA_03_ASEReadCounter.table","NW_015090842.1:9717114",8,15,7
"CBFA2T3","s1337_F_TNA_03_ASEReadCounter.table","NW_015090842.1:9717139",8,16,8
"CBFA2T3","s1337_F_TNA_03_ASEReadCounter.table","NW_015090842.1:9719788",3,7,4
"CBFA2T3","s1337_F_TNA_03_ASEReadCounter.table","NW_015090842.1:9728475",0,1,1
"CBFA2T3","s1337_F_TNA_03_ASEReadCounter.table","NW_015090842.1:9728588",0,1,1
"CBFA2T3","s1337_F_TNA_03_ASEReadCounter.table","NW_015090842.1:9728601",0,1,1
"CBFA2T3","s1337_F_TNA_03_ASEReadCounter.table","NW_015090842.1:9728611",0,1,1
"CBFA2T3","s1337_F_TNA_03_ASEReadCounter.table","NW_015090842.1:9728654",2,3,1
"ACSF3","s1337_F_TNA_03_ASEReadCounter.table","NW_015090842.1:9773379",1,5,4
"ACSF3","s1337_F_TNA_03_ASEReadCounter.table","NW_015090842.1:9773382",1,5,4
"ACSF3","s1337_F_TNA_03_ASEReadCounter.table","NW_015090842.1:9773384",1,5,4
"ACSF3","s1337_F_TNA_03_ASEReadCounter.table","NW_015090842.1:9773388",1,5,4
"ACSF3","s1337_F_TNA_03_ASEReadCounter.table","NW_015090842.1:9776753",5,10,5
"ACSF3","s1337_F_TNA_03_ASEReadCounter.table","NW_015090842.1:9776783",4,9,5
"ACSF3","s1337_F_TNA_03_ASEReadCounter.table","NW_015090842.1:9776879",8,11,3
"ACSF3","s1337_F_TNA_03_ASEReadCounter.table","NW_015090842.1:9776965",5,7,2
"ACSF3","s1337_F_TNA_03_ASEReadCounter.table","NW_015090842.1:9777091",9,12,3
"ACSF3","s1337_F_TNA_03_ASEReadCounter.table","NW_015090842.1:9777206",12,19,7
"ACSF3","s1337_F_TNA_03_ASEReadCounter.table","NW_015090842.1:9777283",16,24,8
"ACSF3","s1337_F_TNA_03_ASEReadCounter.table","NW_015090842.1:9778955",16,35,19
"ACSF3","s1337_F_TNA_03_ASEReadCounter.table","NW_015090842.1:9778997",20,52,32
"ACSF3","s1337_F_TNA_03_ASEReadCounter.table","NW_015090842.1:9789311",28,51,23
"ACSF3","s1337_F_TNA_03_ASEReadCounter.table","NW_015090842.1:9789906",2,37,35
"ACSF3","s1337_F_TNA_03_ASEReadCounter.table","NW_015090842.1:9834743",42,93,51
"ACSF3","s1337_F_TNA_03_ASEReadCounter.table","NW_015090842.1:9834852",50,109,59
"ACSF3","s1337_F_TNA_03_ASEReadCounter.table","NW_015090842.1:9834861",42,98,56
"ACSF3","s1337_F_TNA_03_ASEReadCounter.table","NW_015090842.1:9839359",35,70,35
"ACSF3","s1337_F_TNA_03_ASEReadCounter.table","NW_015090842.1:9839378",36,68,32
"ACSF3","s1337_F_TNA_03_ASEReadCounter.table","NW_015090842.1:9839455",26,65,39
"ACSF3","s1337_F_TNA_03_ASEReadCounter.table","NW_015090842.1:9839457",27,61,34
"ACSF3","s1337_F_TNA_03_ASEReadCounter.table","NW_015090842.1:9839489",27,58,31
"ACSF3","s1337_F_TNA_03_ASEReadCounter.table","NW_015090842.1:9839500",25,53,28
"ACSF3","s1337_F_TNA_03_ASEReadCounter.table","NW_015090842.1:9839501",25,53,28
"ACSF3","s1337_F_TNA_03_ASEReadCounter.table","NW_015090842.1:9839504",29,58,29
"ACSF3","s1337_F_TNA_03_ASEReadCounter.table","NW_015090842.1:9839512",26,54,28
"ACSF3","s1337_F_TNA_03_ASEReadCounter.table","NW_015090842.1:9839527",21,42,21
"ACSF3","s1337_F_TNA_03_ASEReadCounter.table","NW_015090842.1:9839533",10,32,22
"ACSF3","s1337_F_TNA_03_ASEReadCounter.table","NW_015090842.1:9839535",10,30,20
"ACSF3","s1337_F_TNA_03_ASEReadCounter.table","NW_015090842.1:9839545",6,23,17
"ACSF3","s1337_F_TNA_03_ASEReadCounter.table","NW_015090842.1:9839550",4,21,17
"ACSF3","s1337_F_TNA_03_ASEReadCounter.table","NW_015090842.1:9839551",4,20,16
"CDH15","s1337_F_TNA_03_ASEReadCounter.table","NW_015090842.1:9847163",0,1,1
"CDH15","s1337_F_TNA_03_ASEReadCounter.table","NW_015090842.1:9847174",2,3,1
"CDH15","s1337_F_TNA_03_ASEReadCounter.table","NW_015090842.1:9848531",1,2,1
"CDH15","s1337_F_TNA_03_ASEReadCounter.table","NW_015090842.1:9848552",1,1,0
"CDH15","s1337_F_TNA_03_ASEReadCounter.table","NW_015090842.1:9849086",0,1,1
"CDH15","s1337_F_TNA_03_ASEReadCounter.table","NW_015090842.1:9849119",0,1,1
"CDH15","s1337_F_TNA_03_ASEReadCounter.table","NW_015090842.1:9849140",0,1,1
"CDH15","s1337_F_TNA_03_ASEReadCounter.table","NW_015090842.1:9849473",2,2,0
"CDH15","s1337_F_TNA_03_ASEReadCounter.table","NW_015090842.1:9850141",1,1,0
"CDH15","s1337_F_TNA_03_ASEReadCounter.table","NW_015090842.1:9850386",1,4,3
"CDH15","s1337_F_TNA_03_ASEReadCounter.table","NW_015090842.1:9850432",1,3,2
"CDH15","s1337_F_TNA_03_ASEReadCounter.table","NW_015090842.1:9850609",1,1,0
"SLC22A31","s1337_F_TNA_03_ASEReadCounter.table","NW_015090842.1:9850797",1,1,0
"SLC22A31","s1337_F_TNA_03_ASEReadCounter.table","NW_015090842.1:9850818",1,1,0
"SLC22A31","s1337_F_TNA_03_ASEReadCounter.table","NW_015090842.1:9850929",2,2,0
"SLC22A31","s1337_F_TNA_03_ASEReadCounter.table","NW_015090842.1:9850936",2,2,0
"SLC22A31","s1337_F_TNA_03_ASEReadCounter.table","NW_015090842.1:9850940",2,2,0
"SLC22A31","s1337_F_TNA_03_ASEReadCounter.table","NW_015090842.1:9850948",2,2,0
"SLC22A31","s1337_F_TNA_03_ASEReadCounter.table","NW_015090842.1:9850961",3,3,0
"SLC22A31","s1337_F_TNA_03_ASEReadCounter.table","NW_015090842.1:9850970",3,3,0
"SLC22A31","s1337_F_TNA_03_ASEReadCounter.table","NW_015090842.1:9850978",3,3,0
"SLC22A31","s1337_F_TNA_03_ASEReadCounter.table","NW_015090842.1:9850981",3,3,0
"SLC22A31","s1337_F_TNA_03_ASEReadCounter.table","NW_015090842.1:9851117",3,14,11
"SLC22A31","s1337_F_TNA_03_ASEReadCounter.table","NW_015090842.1:9851130",3,13,10
"SLC22A31","s1337_F_TNA_03_ASEReadCounter.table","NW_015090842.1:9851139",3,15,12
"SLC22A31","s1337_F_TNA_03_ASEReadCounter.table","NW_015090842.1:9851265",10,27,17
"SLC22A31","s1337_F_TNA_03_ASEReadCounter.table","NW_015090842.1:9851302",11,29,18
"SLC22A31","s1337_F_TNA_03_ASEReadCounter.table","NW_015090842.1:9851303",11,27,16
"SLC22A31","s1337_F_TNA_03_ASEReadCounter.table","NW_015090842.1:9851305",11,28,17
"SLC22A31","s1337_F_TNA_03_ASEReadCounter.table","NW_015090842.1:9851343",8,22,14
"SLC22A31","s1337_F_TNA_03_ASEReadCounter.table","NW_015090842.1:9851344",9,22,13
"SLC22A31","s1337_F_TNA_03_ASEReadCounter.table","NW_015090842.1:9851361",15,25,10
"SLC22A31","s1337_F_TNA_03_ASEReadCounter.table","NW_015090842.1:9851381",14,32,18
"SLC22A31","s1337_F_TNA_03_ASEReadCounter.table","NW_015090842.1:9851421",12,29,17
"SLC22A31","s1337_F_TNA_03_ASEReadCounter.table","NW_015090842.1:9851501",11,18,7
"SLC22A31","s1337_F_TNA_03_ASEReadCounter.table","NW_015090842.1:9851526",11,27,16
"SLC22A31","s1337_F_TNA_03_ASEReadCounter.table","NW_015090842.1:9851589",7,32,25
"SLC22A31","s1337_F_TNA_03_ASEReadCounter.table","NW_015090842.1:9851712",8,26,18
"SLC22A31","s1337_F_TNA_03_ASEReadCounter.table","NW_015090842.1:9851899",4,13,9
"SLC22A31","s1337_F_TNA_03_ASEReadCounter.table","NW_015090842.1:9852139",15,26,11
"SLC22A31","s1337_F_TNA_03_ASEReadCounter.table","NW_015090842.1:9852380",13,26,13
"SLC22A31","s1337_F_TNA_03_ASEReadCounter.table","NW_015090842.1:9852431",9,16,7
"SLC22A31","s1337_F_TNA_03_ASEReadCounter.table","NW_015090842.1:9852630",4,12,8
"SLC22A31","s1337_F_TNA_03_ASEReadCounter.table","NW_015090842.1:9852711",3,9,6
"SLC22A31","s1337_F_TNA_03_ASEReadCounter.table","NW_015090842.1:9853099",7,11,4
"SLC22A31","s1337_F_TNA_03_ASEReadCounter.table","NW_015090842.1:9853102",7,11,4
"SLC22A31","s1337_F_TNA_03_ASEReadCounter.table","NW_015090842.1:9853421",7,9,2
"SLC22A31","s1337_F_TNA_03_ASEReadCounter.table","NW_015090842.1:9853457",9,12,3
"SLC22A31","s1337_F_TNA_03_ASEReadCounter.table","NW_015090842.1:9853502",5,7,2
"ANKRD11","s1337_F_TNA_03_ASEReadCounter.table","NW_015090842.1:9858863",14,28,14
"ANKRD11","s1337_F_TNA_03_ASEReadCounter.table","NW_015090842.1:9859101",160,334,174
"ANKRD11","s1337_F_TNA_03_ASEReadCounter.table","NW_015090842.1:9859352",199,436,237
"ANKRD11","s1337_F_TNA_03_ASEReadCounter.table","NW_015090842.1:9859381",95,289,194
"ANKRD11","s1337_F_TNA_03_ASEReadCounter.table","NW_015090842.1:9859679",191,378,187
"ANKRD11","s1337_F_TNA_03_ASEReadCounter.table","NW_015090842.1:9861097",136,294,158
"ANKRD11","s1337_F_TNA_03_ASEReadCounter.table","NW_015090842.1:9862571",91,187,96
"ANKRD11","s1337_F_TNA_03_ASEReadCounter.table","NW_015090842.1:9862652",68,109,41
"ANKRD11","s1337_F_TNA_03_ASEReadCounter.table","NW_015090842.1:9866071",0,103,103
"ANKRD11","s1337_F_TNA_03_ASEReadCounter.table","NW_015090842.1:9866200",0,71,71
"ANKRD11","s1337_F_TNA_03_ASEReadCounter.table","NW_015090842.1:9867391",28,44,16
"ANKRD11","s1337_F_TNA_03_ASEReadCounter.table","NW_015090842.1:9867472",37,62,25
"ANKRD11","s1337_F_TNA_03_ASEReadCounter.table","NW_015090842.1:9867559",43,89,46
"ANKRD11","s1337_F_TNA_03_ASEReadCounter.table","NW_015090842.1:9867667",36,67,31
"ANKRD11","s1337_F_TNA_03_ASEReadCounter.table","NW_015090842.1:9867934",42,73,31
"ANKRD11","s1337_F_TNA_03_ASEReadCounter.table","NW_015090842.1:9868064",48,91,43
"ANKRD11","s1337_F_TNA_03_ASEReadCounter.table","NW_015090842.1:9868093",37,77,40
"ANKRD11","s1337_F_TNA_03_ASEReadCounter.table","NW_015090842.1:9868222",46,96,50
"ANKRD11","s1337_F_TNA_03_ASEReadCounter.table","NW_015090842.1:9868327",67,127,60
"ANKRD11","s1337_F_TNA_03_ASEReadCounter.table","NW_015090842.1:9868414",77,154,77
"ANKRD11","s1337_F_TNA_03_ASEReadCounter.table","NW_015090842.1:9868441",79,156,77
"ANKRD11","s1337_F_TNA_03_ASEReadCounter.table","NW_015090842.1:9868444",78,165,87
"ANKRD11","s1337_F_TNA_03_ASEReadCounter.table","NW_015090842.1:9868519",86,170,84
"ANKRD11","s1337_F_TNA_03_ASEReadCounter.table","NW_015090842.1:9868609",116,211,95
"ANKRD11","s1337_F_TNA_03_ASEReadCounter.table","NW_015090842.1:9868666",103,217,114
"ANKRD11","s1337_F_TNA_03_ASEReadCounter.table","NW_015090842.1:9868738",143,286,143
"ANKRD11","s1337_F_TNA_03_ASEReadCounter.table","NW_015090842.1:9869431",201,366,165
"ANKRD11","s1337_F_TNA_03_ASEReadCounter.table","NW_015090842.1:9869578",265,521,256
"ANKRD11","s1337_F_TNA_03_ASEReadCounter.table","NW_015090842.1:9869734",272,571,299
"ANKRD11","s1337_F_TNA_03_ASEReadCounter.table","NW_015090842.1:9870070",241,545,304
"ANKRD11","s1337_F_TNA_03_ASEReadCounter.table","NW_015090842.1:9870349",265,570,305
"ANKRD11","s1337_F_TNA_03_ASEReadCounter.table","NW_015090842.1:9870604",287,559,272
"ANKRD11","s1337_F_TNA_03_ASEReadCounter.table","NW_015090842.1:9870613",317,601,284
"ANKRD11","s1337_F_TNA_03_ASEReadCounter.table","NW_015090842.1:9870685",354,736,382
"ANKRD11","s1337_F_TNA_03_ASEReadCounter.table","NW_015090842.1:9870760",313,663,350
"ANKRD11","s1337_F_TNA_03_ASEReadCounter.table","NW_015090842.1:9870847",296,606,310
"ANKRD11","s1337_F_TNA_03_ASEReadCounter.table","NW_015090842.1:9871103",218,430,212
"ANKRD11","s1337_F_TNA_03_ASEReadCounter.table","NW_015090842.1:9871165",241,505,264
"ANKRD11","s1337_F_TNA_03_ASEReadCounter.table","NW_015090842.1:9871508",180,346,166
"ANKRD11","s1337_F_TNA_03_ASEReadCounter.table","NW_015090842.1:9871820",78,171,93
"ANKRD11","s1337_F_TNA_03_ASEReadCounter.table","NW_015090842.1:9872118",75,162,87
"ANKRD11","s1337_F_TNA_03_ASEReadCounter.table","NW_015090842.1:9877406",29,67,38
"SPG7","s1337_F_TNA_03_ASEReadCounter.table","NW_015090842.1:10051190",67,145,78
"SPG7","s1337_F_TNA_03_ASEReadCounter.table","NW_015090842.1:10051218",78,173,95
"SPG7","s1337_F_TNA_03_ASEReadCounter.table","NW_015090842.1:10052348",97,186,89
"SPG7","s1337_F_TNA_03_ASEReadCounter.table","NW_015090842.1:10052366",95,187,92
"SPG7","s1337_F_TNA_03_ASEReadCounter.table","NW_015090842.1:10065173",149,277,128
"SPG7","s1337_F_TNA_03_ASEReadCounter.table","NW_015090842.1:10065215",127,233,106
"SPG7","s1337_F_TNA_03_ASEReadCounter.table","NW_015090842.1:10066365",120,242,122
"SPG7","s1337_F_TNA_03_ASEReadCounter.table","NW_015090842.1:10069752",151,292,141
"SPG7","s1337_F_TNA_03_ASEReadCounter.table","NW_015090842.1:10069800",157,308,151
"SPG7","s1337_F_TNA_03_ASEReadCounter.table","NW_015090842.1:10071192",180,357,177
"SPG7","s1337_F_TNA_03_ASEReadCounter.table","NW_015090842.1:10071219",152,335,183
"SPG7","s1337_F_TNA_03_ASEReadCounter.table","NW_015090842.1:10071967",166,362,196
"SPG7","s1337_F_TNA_03_ASEReadCounter.table","NW_015090842.1:10075109",313,604,291
"SPG7","s1337_F_TNA_03_ASEReadCounter.table","NW_015090842.1:10075114",311,591,280
"SPG7","s1337_F_TNA_03_ASEReadCounter.table","NW_015090842.1:10075198",245,449,204
"SPG7","s1337_F_TNA_03_ASEReadCounter.table","NW_015090842.1:10075487",181,370,189
"SPG7","s1337_F_TNA_03_ASEReadCounter.table","NW_015090842.1:10075488",180,369,189
"SPG7","s1337_F_TNA_03_ASEReadCounter.table","NW_015090842.1:10075548",136,286,150
"RPL13","s1337_F_TNA_03_ASEReadCounter.table","NW_015090842.1:10077387",391,849,458
"RPL13","s1337_F_TNA_03_ASEReadCounter.table","NW_015090842.1:10077978",562,1156,594
"RPL13","s1337_F_TNA_03_ASEReadCounter.table","NW_015090842.1:10077992",537,1099,562
"CPNE7","s1337_F_TNA_03_ASEReadCounter.table","NW_015090842.1:10084001",71,150,79
"CPNE7","s1337_F_TNA_03_ASEReadCounter.table","NW_015090842.1:10084856",47,107,60
"CPNE7","s1337_F_TNA_03_ASEReadCounter.table","NW_015090842.1:10084872",46,116,70
"CPNE7","s1337_F_TNA_03_ASEReadCounter.table","NW_015090842.1:10084892",59,137,78
"CPNE7","s1337_F_TNA_03_ASEReadCounter.table","NW_015090842.1:10084921",64,146,82
"CPNE7","s1337_F_TNA_03_ASEReadCounter.table","NW_015090842.1:10084935",68,150,82
"CPNE7","s1337_F_TNA_03_ASEReadCounter.table","NW_015090842.1:10085000",64,149,85
"CPNE7","s1337_F_TNA_03_ASEReadCounter.table","NW_015090842.1:10085089",64,142,78
"CPNE7","s1337_F_TNA_03_ASEReadCounter.table","NW_015090842.1:10085096",62,145,83
"CPNE7","s1337_F_TNA_03_ASEReadCounter.table","NW_015090842.1:10085126",58,147,89
"CPNE7","s1337_F_TNA_03_ASEReadCounter.table","NW_015090842.1:10085167",87,150,63
"CPNE7","s1337_F_TNA_03_ASEReadCounter.table","NW_015090842.1:10085180",68,162,94
"CPNE7","s1337_F_TNA_03_ASEReadCounter.table","NW_015090842.1:10085201",56,139,83
"CPNE7","s1337_F_TNA_03_ASEReadCounter.table","NW_015090842.1:10088134",142,331,189
"CPNE7","s1337_F_TNA_03_ASEReadCounter.table","NW_015090842.1:10088146",142,322,180
"CPNE7","s1337_F_TNA_03_ASEReadCounter.table","NW_015090842.1:10088806",194,389,195
"CPNE7","s1337_F_TNA_03_ASEReadCounter.table","NW_015090842.1:10088940",188,431,243
"CPNE7","s1337_F_TNA_03_ASEReadCounter.table","NW_015090842.1:10088965",180,414,234
"CPNE7","s1337_F_TNA_03_ASEReadCounter.table","NW_015090842.1:10088967",179,408,229
"CPNE7","s1337_F_TNA_03_ASEReadCounter.table","NW_015090842.1:10088973",182,412,230
"CPNE7","s1337_F_TNA_03_ASEReadCounter.table","NW_015090842.1:10090924",350,814,464
"CPNE7","s1337_F_TNA_03_ASEReadCounter.table","NW_015090842.1:10090930",348,806,458
"CPNE7","s1337_F_TNA_03_ASEReadCounter.table","NW_015090842.1:10091075",330,760,430
"CPNE7","s1337_F_TNA_03_ASEReadCounter.table","NW_015090842.1:10091389",376,933,557
"CPNE7","s1337_F_TNA_03_ASEReadCounter.table","NW_015090842.1:10091407",395,968,573
"CPNE7","s1337_F_TNA_03_ASEReadCounter.table","NW_015090842.1:10091488",489,860,371
"CPNE7","s1337_F_TNA_03_ASEReadCounter.table","NW_015090842.1:10091491",497,886,389
"CPNE7","s1337_F_TNA_03_ASEReadCounter.table","NW_015090842.1:10091530",382,913,531
"CPNE7","s1337_F_TNA_03_ASEReadCounter.table","NW_015090842.1:10091875",508,1118,610
"CPNE7","s1337_F_TNA_03_ASEReadCounter.table","NW_015090842.1:10091983",434,945,511
"CPNE7","s1337_F_TNA_03_ASEReadCounter.table","NW_015090842.1:10091997",460,995,535
"CPNE7","s1337_F_TNA_03_ASEReadCounter.table","NW_015090842.1:10092038",276,644,368
"CPNE7","s1337_F_TNA_03_ASEReadCounter.table","NW_015090842.1:10092140",341,805,464
"CPNE7","s1337_F_TNA_03_ASEReadCounter.table","NW_015090842.1:10092183",251,573,322
"CPNE7","s1337_F_TNA_03_ASEReadCounter.table","NW_015090842.1:10092201",225,489,264
"CPNE7","s1337_F_TNA_03_ASEReadCounter.table","NW_015090842.1:10092230",155,332,177
"CPNE7","s1337_F_TNA_03_ASEReadCounter.table","NW_015090842.1:10092246",87,228,141
"LOC106888185","s1337_F_TNA_03_ASEReadCounter.table","NW_015090842.1:10094965",1,1,0
"LOC106888185","s1337_F_TNA_03_ASEReadCounter.table","NW_015090842.1:10094966",1,1,0
"LOC106888185","s1337_F_TNA_03_ASEReadCounter.table","NW_015090842.1:10094985",1,1,0
"LOC106888185","s1337_F_TNA_03_ASEReadCounter.table","NW_015090842.1:10095055",1,3,2
"LOC106888185","s1337_F_TNA_03_ASEReadCounter.table","NW_015090842.1:10095062",1,3,2
"LOC106888185","s1337_F_TNA_03_ASEReadCounter.table","NW_015090842.1:10095130",0,2,2
"LOC106888185","s1337_F_TNA_03_ASEReadCounter.table","NW_015090842.1:10095265",0,9,9
"LOC106888185","s1337_F_TNA_03_ASEReadCounter.table","NW_015090842.1:10095586",1,7,6
"LOC106888185","s1337_F_TNA_03_ASEReadCounter.table","NW_015090842.1:10095593",1,7,6
"LOC106888185","s1337_F_TNA_03_ASEReadCounter.table","NW_015090842.1:10095616",1,5,4
"LOC106888185","s1337_F_TNA_03_ASEReadCounter.table","NW_015090842.1:10095662",0,3,3
"LOC106888185","s1337_F_TNA_03_ASEReadCounter.table","NW_015090842.1:10095674",0,2,2
"LOC106888185","s1337_F_TNA_03_ASEReadCounter.table","NW_015090842.1:10095786",1,5,4
"LOC106888185","s1337_F_TNA_03_ASEReadCounter.table","NW_015090842.1:10095831",1,5,4
"LOC106888185","s1337_F_TNA_03_ASEReadCounter.table","NW_015090842.1:10096230",1,3,2
"LOC106888185","s1337_F_TNA_03_ASEReadCounter.table","NW_015090842.1:10096249",1,4,3
"LOC106888185","s1337_F_TNA_03_ASEReadCounter.table","NW_015090842.1:10096272",2,6,4
"LOC106888185","s1337_F_TNA_03_ASEReadCounter.table","NW_015090842.1:10096288",2,6,4
"LOC106888185","s1337_F_TNA_03_ASEReadCounter.table","NW_015090842.1:10097248",0,4,4
"LOC106888185","s1337_F_TNA_03_ASEReadCounter.table","NW_015090842.1:10097265",0,5,5
"LOC106888185","s1337_F_TNA_03_ASEReadCounter.table","NW_015090842.1:10097446",0,1,1
"DPEP1","s1337_F_TNA_03_ASEReadCounter.table","NW_015090842.1:10098017",0,1,1
"DPEP1","s1337_F_TNA_03_ASEReadCounter.table","NW_015090842.1:10099765",0,1,1
"DPEP1","s1337_F_TNA_03_ASEReadCounter.table","NW_015090842.1:10100044",0,1,1
"DPEP1","s1337_F_TNA_03_ASEReadCounter.table","NW_015090842.1:10100045",0,1,1
"DPEP1","s1337_F_TNA_03_ASEReadCounter.table","NW_015090842.1:10100084",0,1,1
"DPEP1","s1337_F_TNA_03_ASEReadCounter.table","NW_015090842.1:10100529",1,2,1
"DPEP1","s1337_F_TNA_03_ASEReadCounter.table","NW_015090842.1:10100893",1,2,1
"DPEP1","s1337_F_TNA_03_ASEReadCounter.table","NW_015090842.1:10100902",1,2,1
"DPEP1","s1337_F_TNA_03_ASEReadCounter.table","NW_015090842.1:10101072",0,2,2
"DPEP1","s1337_F_TNA_03_ASEReadCounter.table","NW_015090842.1:10101199",0,1,1
"DPEP1","s1337_F_TNA_03_ASEReadCounter.table","NW_015090842.1:10101483",0,1,1
"DPEP1","s1337_F_TNA_03_ASEReadCounter.table","NW_015090842.1:10101875",0,2,2
"DPEP1","s1337_F_TNA_03_ASEReadCounter.table","NW_015090842.1:10101913",0,3,3
"DPEP1","s1337_F_TNA_03_ASEReadCounter.table","NW_015090842.1:10101996",0,4,4
"DPEP1","s1337_F_TNA_03_ASEReadCounter.table","NW_015090842.1:10102014",0,2,2
"DPEP1","s1337_F_TNA_03_ASEReadCounter.table","NW_015090842.1:10102035",0,1,1
"CHMP1A","s1337_F_TNA_03_ASEReadCounter.table","NW_015090842.1:10102901",62,159,97
"CHMP1A","s1337_F_TNA_03_ASEReadCounter.table","NW_015090842.1:10102961",51,155,104
"CHMP1A","s1337_F_TNA_03_ASEReadCounter.table","NW_015090842.1:10102996",43,142,99
"CHMP1A","s1337_F_TNA_03_ASEReadCounter.table","NW_015090842.1:10103004",46,148,102
"CHMP1A","s1337_F_TNA_03_ASEReadCounter.table","NW_015090842.1:10103006",47,152,105
"CHMP1A","s1337_F_TNA_03_ASEReadCounter.table","NW_015090842.1:10103052",92,223,131
"CHMP1A","s1337_F_TNA_03_ASEReadCounter.table","NW_015090842.1:10103095",90,214,124
"CHMP1A","s1337_F_TNA_03_ASEReadCounter.table","NW_015090842.1:10103096",92,214,122
"CHMP1A","s1337_F_TNA_03_ASEReadCounter.table","NW_015090842.1:10103152",71,137,66
"CHMP1A","s1337_F_TNA_03_ASEReadCounter.table","NW_015090842.1:10103173",75,151,76
"CHMP1A","s1337_F_TNA_03_ASEReadCounter.table","NW_015090842.1:10103334",41,117,76
"CHMP1A","s1337_F_TNA_03_ASEReadCounter.table","NW_015090842.1:10103373",27,103,76
"CHMP1A","s1337_F_TNA_03_ASEReadCounter.table","NW_015090842.1:10103408",33,112,79
"CHMP1A","s1337_F_TNA_03_ASEReadCounter.table","NW_015090842.1:10103412",39,110,71
"CHMP1A","s1337_F_TNA_03_ASEReadCounter.table","NW_015090842.1:10103512",64,142,78
"CHMP1A","s1337_F_TNA_03_ASEReadCounter.table","NW_015090842.1:10103513",64,141,77
"CHMP1A","s1337_F_TNA_03_ASEReadCounter.table","NW_015090842.1:10103583",40,99,59
"CHMP1A","s1337_F_TNA_03_ASEReadCounter.table","NW_015090842.1:10103614",39,96,57
"CHMP1A","s1337_F_TNA_03_ASEReadCounter.table","NW_015090842.1:10103657",39,103,64
"CHMP1A","s1337_F_TNA_03_ASEReadCounter.table","NW_015090842.1:10103669",34,98,64
"CHMP1A","s1337_F_TNA_03_ASEReadCounter.table","NW_015090842.1:10103674",31,91,60
"CHMP1A","s1337_F_TNA_03_ASEReadCounter.table","NW_015090842.1:10103677",30,91,61
"CHMP1A","s1337_F_TNA_03_ASEReadCounter.table","NW_015090842.1:10103729",37,99,62
"CHMP1A","s1337_F_TNA_03_ASEReadCounter.table","NW_015090842.1:10103758",41,100,59
"CHMP1A","s1337_F_TNA_03_ASEReadCounter.table","NW_015090842.1:10103761",42,101,59
"CHMP1A","s1337_F_TNA_03_ASEReadCounter.table","NW_015090842.1:10103788",59,127,68
"CHMP1A","s1337_F_TNA_03_ASEReadCounter.table","NW_015090842.1:10103789",61,128,67
"CHMP1A","s1337_F_TNA_03_ASEReadCounter.table","NW_015090842.1:10103790",61,129,68
"CHMP1A","s1337_F_TNA_03_ASEReadCounter.table","NW_015090842.1:10103950",58,118,60
"CHMP1A","s1337_F_TNA_03_ASEReadCounter.table","NW_015090842.1:10104335",25,54,29
"CHMP1A","s1337_F_TNA_03_ASEReadCounter.table","NW_015090842.1:10104429",50,100,50
"CHMP1A","s1337_F_TNA_03_ASEReadCounter.table","NW_015090842.1:10104532",48,104,56
"CHMP1A","s1337_F_TNA_03_ASEReadCounter.table","NW_015090842.1:10104633",42,82,40
"CHMP1A","s1337_F_TNA_03_ASEReadCounter.table","NW_015090842.1:10104759",34,76,42
"CHMP1A","s1337_F_TNA_03_ASEReadCounter.table","NW_015090842.1:10104794",36,79,43
"CHMP1A","s1337_F_TNA_03_ASEReadCounter.table","NW_015090842.1:10104841",36,63,27
"CHMP1A","s1337_F_TNA_03_ASEReadCounter.table","NW_015090842.1:10104844",27,63,36
"CHMP1A","s1337_F_TNA_03_ASEReadCounter.table","NW_015090842.1:10106242",32,71,39
"CHMP1A","s1337_F_TNA_03_ASEReadCounter.table","NW_015090842.1:10106290",30,74,44
"CHMP1A","s1337_F_TNA_03_ASEReadCounter.table","NW_015090842.1:10106335",37,77,40
"CHMP1A","s1337_F_TNA_03_ASEReadCounter.table","NW_015090842.1:10106383",42,89,47
"CHMP1A","s1337_F_TNA_03_ASEReadCounter.table","NW_015090842.1:10106747",52,101,49
"CHMP1A","s1337_F_TNA_03_ASEReadCounter.table","NW_015090842.1:10107404",33,71,38
"CHMP1A","s1337_F_TNA_03_ASEReadCounter.table","NW_015090842.1:10107876",34,73,39
"CDK10","s1337_F_TNA_03_ASEReadCounter.table","NW_015090842.1:10109030",7,7,0
"CDK10","s1337_F_TNA_03_ASEReadCounter.table","NW_015090842.1:10109963",35,93,58
"CDK10","s1337_F_TNA_03_ASEReadCounter.table","NW_015090842.1:10110887",37,89,52
"CDK10","s1337_F_TNA_03_ASEReadCounter.table","NW_015090842.1:10111254",19,68,49
"CDK10","s1337_F_TNA_03_ASEReadCounter.table","NW_015090842.1:10111380",20,83,63
"CDK10","s1337_F_TNA_03_ASEReadCounter.table","NW_015090842.1:10111395",26,86,60
"CDK10","s1337_F_TNA_03_ASEReadCounter.table","NW_015090842.1:10111437",20,84,64
"CDK10","s1337_F_TNA_03_ASEReadCounter.table","NW_015090842.1:10111798",33,102,69
"CDK10","s1337_F_TNA_03_ASEReadCounter.table","NW_015090842.1:10111840",37,121,84
"CDK10","s1337_F_TNA_03_ASEReadCounter.table","NW_015090842.1:10112031",38,115,77
"CDK10","s1337_F_TNA_03_ASEReadCounter.table","NW_015090842.1:10112285",54,141,87
"CDK10","s1337_F_TNA_03_ASEReadCounter.table","NW_015090842.1:10112398",65,145,80
"CDK10","s1337_F_TNA_03_ASEReadCounter.table","NW_015090842.1:10112455",65,125,60
"CDK10","s1337_F_TNA_03_ASEReadCounter.table","NW_015090842.1:10112461",59,113,54
"CDK10","s1337_F_TNA_03_ASEReadCounter.table","NW_015090842.1:10112497",48,101,53
"CDK10","s1337_F_TNA_03_ASEReadCounter.table","NW_015090842.1:10112508",42,97,55
"CDK10","s1337_F_TNA_03_ASEReadCounter.table","NW_015090842.1:10112518",36,88,52
"CDK10","s1337_F_TNA_03_ASEReadCounter.table","NW_015090842.1:10112540",14,81,67
"CDK10","s1337_F_TNA_03_ASEReadCounter.table","NW_015090842.1:10112556",29,94,65
"CDK10","s1337_F_TNA_03_ASEReadCounter.table","NW_015090842.1:10112561",36,107,71
"CDK10","s1337_F_TNA_03_ASEReadCounter.table","NW_015090842.1:10112596",47,123,76
"CDK10","s1337_F_TNA_03_ASEReadCounter.table","NW_015090842.1:10112630",42,109,67
"CDK10","s1337_F_TNA_03_ASEReadCounter.table","NW_015090842.1:10112656",47,112,65
"CDK10","s1337_F_TNA_03_ASEReadCounter.table","NW_015090842.1:10112665",31,83,52
"CDK10","s1337_F_TNA_03_ASEReadCounter.table","NW_015090842.1:10112668",30,85,55
"CDK10","s1337_F_TNA_03_ASEReadCounter.table","NW_015090842.1:10112781",19,45,26
"CDK10","s1337_F_TNA_03_ASEReadCounter.table","NW_015090842.1:10112782",19,45,26
"CDK10","s1337_F_TNA_03_ASEReadCounter.table","NW_015090842.1:10112795",17,44,27
"CDK10","s1337_F_TNA_03_ASEReadCounter.table","NW_015090842.1:10112841",9,19,10
"CDK10","s1337_F_TNA_03_ASEReadCounter.table","NW_015090842.1:10112861",5,12,7
"SPATA2L","s1337_F_TNA_03_ASEReadCounter.table","NW_015090842.1:10113212",40,85,45
"SPATA2L","s1337_F_TNA_03_ASEReadCounter.table","NW_015090842.1:10113280",56,139,83
"SPATA2L","s1337_F_TNA_03_ASEReadCounter.table","NW_015090842.1:10113296",64,146,82
"SPATA2L","s1337_F_TNA_03_ASEReadCounter.table","NW_015090842.1:10113321",71,163,92
"SPATA2L","s1337_F_TNA_03_ASEReadCounter.table","NW_015090842.1:10113332",78,183,105
"SPATA2L","s1337_F_TNA_03_ASEReadCounter.table","NW_015090842.1:10113380",75,182,107
"SPATA2L","s1337_F_TNA_03_ASEReadCounter.table","NW_015090842.1:10113381",75,186,111
"SPATA2L","s1337_F_TNA_03_ASEReadCounter.table","NW_015090842.1:10113412",74,187,113
"SPATA2L","s1337_F_TNA_03_ASEReadCounter.table","NW_015090842.1:10113421",79,187,108
"SPATA2L","s1337_F_TNA_03_ASEReadCounter.table","NW_015090842.1:10113465",68,154,86
"SPATA2L","s1337_F_TNA_03_ASEReadCounter.table","NW_015090842.1:10113535",97,197,100
"SPATA2L","s1337_F_TNA_03_ASEReadCounter.table","NW_015090842.1:10113645",81,224,143
"SPATA2L","s1337_F_TNA_03_ASEReadCounter.table","NW_015090842.1:10113682",93,251,158
"SPATA2L","s1337_F_TNA_03_ASEReadCounter.table","NW_015090842.1:10113696",89,227,138
"SPATA2L","s1337_F_TNA_03_ASEReadCounter.table","NW_015090842.1:10113727",102,252,150
"SPATA2L","s1337_F_TNA_03_ASEReadCounter.table","NW_015090842.1:10113799",116,254,138
"SPATA2L","s1337_F_TNA_03_ASEReadCounter.table","NW_015090842.1:10113809",121,268,147
"SPATA2L","s1337_F_TNA_03_ASEReadCounter.table","NW_015090842.1:10113827",115,249,134
"SPATA2L","s1337_F_TNA_03_ASEReadCounter.table","NW_015090842.1:10113831",113,245,132
"SPATA2L","s1337_F_TNA_03_ASEReadCounter.table","NW_015090842.1:10113894",101,217,116
"SPATA2L","s1337_F_TNA_03_ASEReadCounter.table","NW_015090842.1:10113905",85,204,119
"SPATA2L","s1337_F_TNA_03_ASEReadCounter.table","NW_015090842.1:10113914",89,208,119
"SPATA2L","s1337_F_TNA_03_ASEReadCounter.table","NW_015090842.1:10113920",96,210,114
"SPATA2L","s1337_F_TNA_03_ASEReadCounter.table","NW_015090842.1:10113937",102,228,126
"SPATA2L","s1337_F_TNA_03_ASEReadCounter.table","NW_015090842.1:10113971",73,184,111
"SPATA2L","s1337_F_TNA_03_ASEReadCounter.table","NW_015090842.1:10113976",48,183,135
"SPATA2L","s1337_F_TNA_03_ASEReadCounter.table","NW_015090842.1:10113985",52,155,103
"SPATA2L","s1337_F_TNA_03_ASEReadCounter.table","NW_015090842.1:10113994",73,187,114
"SPATA2L","s1337_F_TNA_03_ASEReadCounter.table","NW_015090842.1:10114063",64,169,105
"SPATA2L","s1337_F_TNA_03_ASEReadCounter.table","NW_015090842.1:10114066",64,169,105
"SPATA2L","s1337_F_TNA_03_ASEReadCounter.table","NW_015090842.1:10114069",64,168,104
"SPATA2L","s1337_F_TNA_03_ASEReadCounter.table","NW_015090842.1:10114121",40,106,66
"SPATA2L","s1337_F_TNA_03_ASEReadCounter.table","NW_015090842.1:10114159",46,126,80
"SPATA2L","s1337_F_TNA_03_ASEReadCounter.table","NW_015090842.1:10114282",144,144,0
"SPATA2L","s1337_F_TNA_03_ASEReadCounter.table","NW_015090842.1:10114470",38,113,75
"SPATA2L","s1337_F_TNA_03_ASEReadCounter.table","NW_015090842.1:10114524",26,80,54
"VPS9D1","s1337_F_TNA_03_ASEReadCounter.table","NW_015090842.1:10116377",35,101,66
"VPS9D1","s1337_F_TNA_03_ASEReadCounter.table","NW_015090842.1:10116415",37,101,64
"VPS9D1","s1337_F_TNA_03_ASEReadCounter.table","NW_015090842.1:10116607",48,115,67
"VPS9D1","s1337_F_TNA_03_ASEReadCounter.table","NW_015090842.1:10116816",53,88,35
"VPS9D1","s1337_F_TNA_03_ASEReadCounter.table","NW_015090842.1:10116821",36,88,52
"VPS9D1","s1337_F_TNA_03_ASEReadCounter.table","NW_015090842.1:10116825",33,85,52
"VPS9D1","s1337_F_TNA_03_ASEReadCounter.table","NW_015090842.1:10116882",36,75,39
"VPS9D1","s1337_F_TNA_03_ASEReadCounter.table","NW_015090842.1:10116885",35,71,36
"VPS9D1","s1337_F_TNA_03_ASEReadCounter.table","NW_015090842.1:10116933",47,90,43
"VPS9D1","s1337_F_TNA_03_ASEReadCounter.table","NW_015090842.1:10116942",45,92,47
"VPS9D1","s1337_F_TNA_03_ASEReadCounter.table","NW_015090842.1:10117152",28,84,56
"VPS9D1","s1337_F_TNA_03_ASEReadCounter.table","NW_015090842.1:10117396",35,61,26
"VPS9D1","s1337_F_TNA_03_ASEReadCounter.table","NW_015090842.1:10117405",28,52,24
"VPS9D1","s1337_F_TNA_03_ASEReadCounter.table","NW_015090842.1:10117480",21,64,43
"VPS9D1","s1337_F_TNA_03_ASEReadCounter.table","NW_015090842.1:10117497",20,61,41
"VPS9D1","s1337_F_TNA_03_ASEReadCounter.table","NW_015090842.1:10117499",20,61,41
"VPS9D1","s1337_F_TNA_03_ASEReadCounter.table","NW_015090842.1:10117516",31,74,43
"VPS9D1","s1337_F_TNA_03_ASEReadCounter.table","NW_015090842.1:10117525",30,75,45
"VPS9D1","s1337_F_TNA_03_ASEReadCounter.table","NW_015090842.1:10117579",26,66,40
"VPS9D1","s1337_F_TNA_03_ASEReadCounter.table","NW_015090842.1:10117627",25,55,30
"VPS9D1","s1337_F_TNA_03_ASEReadCounter.table","NW_015090842.1:10117678",15,57,42
"VPS9D1","s1337_F_TNA_03_ASEReadCounter.table","NW_015090842.1:10117773",31,84,53
"VPS9D1","s1337_F_TNA_03_ASEReadCounter.table","NW_015090842.1:10117937",34,93,59
"VPS9D1","s1337_F_TNA_03_ASEReadCounter.table","NW_015090842.1:10117961",27,80,53
"VPS9D1","s1337_F_TNA_03_ASEReadCounter.table","NW_015090842.1:10118236",26,86,60
"VPS9D1","s1337_F_TNA_03_ASEReadCounter.table","NW_015090842.1:10118414",24,90,66
"VPS9D1","s1337_F_TNA_03_ASEReadCounter.table","NW_015090842.1:10118973",34,96,62
"VPS9D1","s1337_F_TNA_03_ASEReadCounter.table","NW_015090842.1:10119500",13,53,40
"ZNF276","s1337_F_TNA_03_ASEReadCounter.table","NW_015090842.1:10121760",1,4,3
"ZNF276","s1337_F_TNA_03_ASEReadCounter.table","NW_015090842.1:10121769",1,4,3
"ZNF276","s1337_F_TNA_03_ASEReadCounter.table","NW_015090842.1:10121802",3,8,5
"ZNF276","s1337_F_TNA_03_ASEReadCounter.table","NW_015090842.1:10121971",11,17,6
"ZNF276","s1337_F_TNA_03_ASEReadCounter.table","NW_015090842.1:10122883",6,17,11
"ZNF276","s1337_F_TNA_03_ASEReadCounter.table","NW_015090842.1:10123069",12,24,12
"ZNF276","s1337_F_TNA_03_ASEReadCounter.table","NW_015090842.1:10123207",12,21,9
"ZNF276","s1337_F_TNA_03_ASEReadCounter.table","NW_015090842.1:10125787",10,23,13
"ZNF276","s1337_F_TNA_03_ASEReadCounter.table","NW_015090842.1:10126309",15,31,16
"ZNF276","s1337_F_TNA_03_ASEReadCounter.table","NW_015090842.1:10126348",14,30,16
"ZNF276","s1337_F_TNA_03_ASEReadCounter.table","NW_015090842.1:10126978",14,35,21
"ZNF276","s1337_F_TNA_03_ASEReadCounter.table","NW_015090842.1:10126991",11,27,16
"ZNF276","s1337_F_TNA_03_ASEReadCounter.table","NW_015090842.1:10127023",20,37,17
"ZNF276","s1337_F_TNA_03_ASEReadCounter.table","NW_015090842.1:10127063",30,50,20
"ZNF276","s1337_F_TNA_03_ASEReadCounter.table","NW_015090842.1:10127373",27,45,18
"ZNF276","s1337_F_TNA_03_ASEReadCounter.table","NW_015090842.1:10127931",21,41,20
"ZNF276","s1337_F_TNA_03_ASEReadCounter.table","NW_015090842.1:10128070",21,43,22
"ZNF276","s1337_F_TNA_03_ASEReadCounter.table","NW_015090842.1:10128102",23,49,26
"ZNF276","s1337_F_TNA_03_ASEReadCounter.table","NW_015090842.1:10128356",17,46,29
"ZNF276","s1337_F_TNA_03_ASEReadCounter.table","NW_015090842.1:10128497",19,37,18
"FANCA","s1337_F_TNA_03_ASEReadCounter.table","NW_015090842.1:10128743",1,3,2
"FANCA","s1337_F_TNA_03_ASEReadCounter.table","NW_015090842.1:10128822",1,2,1
"FANCA","s1337_F_TNA_03_ASEReadCounter.table","NW_015090842.1:10129383",0,1,1
"FANCA","s1337_F_TNA_03_ASEReadCounter.table","NW_015090842.1:10129390",0,1,1
"FANCA","s1337_F_TNA_03_ASEReadCounter.table","NW_015090842.1:10129422",0,1,1
"FANCA","s1337_F_TNA_03_ASEReadCounter.table","NW_015090842.1:10129969",2,2,0
"FANCA","s1337_F_TNA_03_ASEReadCounter.table","NW_015090842.1:10130399",1,1,0
"FANCA","s1337_F_TNA_03_ASEReadCounter.table","NW_015090842.1:10130857",1,2,1
"FANCA","s1337_F_TNA_03_ASEReadCounter.table","NW_015090842.1:10130878",0,1,1
"FANCA","s1337_F_TNA_03_ASEReadCounter.table","NW_015090842.1:10133530",1,2,1
"FANCA","s1337_F_TNA_03_ASEReadCounter.table","NW_015090842.1:10133533",1,2,1
"FANCA","s1337_F_TNA_03_ASEReadCounter.table","NW_015090842.1:10133536",1,2,1
"FANCA","s1337_F_TNA_03_ASEReadCounter.table","NW_015090842.1:10133601",1,1,0
"FANCA","s1337_F_TNA_03_ASEReadCounter.table","NW_015090842.1:10134531",0,2,2
"FANCA","s1337_F_TNA_03_ASEReadCounter.table","NW_015090842.1:10136957",1,1,0
"FANCA","s1337_F_TNA_03_ASEReadCounter.table","NW_015090842.1:10136982",1,1,0
"FANCA","s1337_F_TNA_03_ASEReadCounter.table","NW_015090842.1:10136999",1,1,0
"FANCA","s1337_F_TNA_03_ASEReadCounter.table","NW_015090842.1:10137673",1,1,0
"FANCA","s1337_F_TNA_03_ASEReadCounter.table","NW_015090842.1:10140699",1,1,0
"FANCA","s1337_F_TNA_03_ASEReadCounter.table","NW_015090842.1:10158162",0,1,1
"FANCA","s1337_F_TNA_03_ASEReadCounter.table","NW_015090842.1:10158957",0,2,2
"SPIRE2","s1337_F_TNA_03_ASEReadCounter.table","NW_015090842.1:10172284",18,31,13
"SPIRE2","s1337_F_TNA_03_ASEReadCounter.table","NW_015090842.1:10175262",36,60,24
"SPIRE2","s1337_F_TNA_03_ASEReadCounter.table","NW_015090842.1:10175352",23,32,9
"SPIRE2","s1337_F_TNA_03_ASEReadCounter.table","NW_015090842.1:10175400",89,127,38
"SPIRE2","s1337_F_TNA_03_ASEReadCounter.table","NW_015090842.1:10175418",94,134,40
"SPIRE2","s1337_F_TNA_03_ASEReadCounter.table","NW_015090842.1:10175704",88,150,62
"SPIRE2","s1337_F_TNA_03_ASEReadCounter.table","NW_015090842.1:10176115",116,219,103
"SPIRE2","s1337_F_TNA_03_ASEReadCounter.table","NW_015090842.1:10176561",121,199,78
"SPIRE2","s1337_F_TNA_03_ASEReadCounter.table","NW_015090842.1:10176817",128,208,80
"SPIRE2","s1337_F_TNA_03_ASEReadCounter.table","NW_015090842.1:10177084",72,144,72
"SPIRE2","s1337_F_TNA_03_ASEReadCounter.table","NW_015090842.1:10177110",79,146,67
"SPIRE2","s1337_F_TNA_03_ASEReadCounter.table","NW_015090842.1:10177838",130,247,117
"SPIRE2","s1337_F_TNA_03_ASEReadCounter.table","NW_015090842.1:10178000",142,258,116
"SPIRE2","s1337_F_TNA_03_ASEReadCounter.table","NW_015090842.1:10178164",148,289,141
"SPIRE2","s1337_F_TNA_03_ASEReadCounter.table","NW_015090842.1:10178216",144,313,169
"SPIRE2","s1337_F_TNA_03_ASEReadCounter.table","NW_015090842.1:10178403",114,269,155
"SPIRE2","s1337_F_TNA_03_ASEReadCounter.table","NW_015090842.1:10178409",115,255,140
"SPIRE2","s1337_F_TNA_03_ASEReadCounter.table","NW_015090842.1:10178524",145,252,107
"SPIRE2","s1337_F_TNA_03_ASEReadCounter.table","NW_015090842.1:10178526",146,250,104
"SPIRE2","s1337_F_TNA_03_ASEReadCounter.table","NW_015090842.1:10178531",152,257,105
"SPIRE2","s1337_F_TNA_03_ASEReadCounter.table","NW_015090842.1:10178565",142,250,108
"SPIRE2","s1337_F_TNA_03_ASEReadCounter.table","NW_015090842.1:10178587",130,218,88
"SPIRE2","s1337_F_TNA_03_ASEReadCounter.table","NW_015090842.1:10178640",95,180,85
"SPIRE2","s1337_F_TNA_03_ASEReadCounter.table","NW_015090842.1:10178651",103,199,96
"SPIRE2","s1337_F_TNA_03_ASEReadCounter.table","NW_015090842.1:10178682",93,181,88
"TCF25","s1337_F_TNA_03_ASEReadCounter.table","NW_015090842.1:10180912",27,60,33
"TCF25","s1337_F_TNA_03_ASEReadCounter.table","NW_015090842.1:10180924",28,60,32
"TCF25","s1337_F_TNA_03_ASEReadCounter.table","NW_015090842.1:10180931",28,61,33
"TCF25","s1337_F_TNA_03_ASEReadCounter.table","NW_015090842.1:10185332",98,175,77
"TCF25","s1337_F_TNA_03_ASEReadCounter.table","NW_015090842.1:10188816",59,112,53
"MC1R","s1337_F_TNA_03_ASEReadCounter.table","NW_015090842.1:10202160",2,4,2
"MC1R","s1337_F_TNA_03_ASEReadCounter.table","NW_015090842.1:10202460",0,1,1
"MC1R","s1337_F_TNA_03_ASEReadCounter.table","NW_015090842.1:10202465",1,2,1
"DBNDD1","s1337_F_TNA_03_ASEReadCounter.table","NW_015090842.1:10223105",50,101,51
"GAS8","s1337_F_TNA_03_ASEReadCounter.table","NW_015090842.1:10228982",10,28,18
"GAS8","s1337_F_TNA_03_ASEReadCounter.table","NW_015090842.1:10229832",10,25,15
"GAS8","s1337_F_TNA_03_ASEReadCounter.table","NW_015090842.1:10232375",12,27,15
"GAS8","s1337_F_TNA_03_ASEReadCounter.table","NW_015090842.1:10232901",10,23,13
"GAS8","s1337_F_TNA_03_ASEReadCounter.table","NW_015090842.1:10232928",15,36,21
"GAS8","s1337_F_TNA_03_ASEReadCounter.table","NW_015090842.1:10232967",12,33,21
"GAS8","s1337_F_TNA_03_ASEReadCounter.table","NW_015090842.1:10233032",13,25,12
"GAS8","s1337_F_TNA_03_ASEReadCounter.table","NW_015090842.1:10233057",13,22,9
"GAS8","s1337_F_TNA_03_ASEReadCounter.table","NW_015090842.1:10233058",13,23,10
"GAS8","s1337_F_TNA_03_ASEReadCounter.table","NW_015090842.1:10233176",13,24,11
"GAS8","s1337_F_TNA_03_ASEReadCounter.table","NW_015090842.1:10233196",12,23,11
"GAS8","s1337_F_TNA_03_ASEReadCounter.table","NW_015090842.1:10233252",5,12,7
"GAS8","s1337_F_TNA_03_ASEReadCounter.table","NW_015090842.1:10233303",2,6,4
"LOC106888094","s1337_F_TNA_03_ASEReadCounter.table","NW_015090842.1:10233334",5,10,5
"LOC106888094","s1337_F_TNA_03_ASEReadCounter.table","NW_015090842.1:10233362",6,11,5
"LOC106888094","s1337_F_TNA_03_ASEReadCounter.table","NW_015090842.1:10233373",6,12,6
"LOC106888094","s1337_F_TNA_03_ASEReadCounter.table","NW_015090842.1:10233388",8,15,7
"LOC106888094","s1337_F_TNA_03_ASEReadCounter.table","NW_015090842.1:10233402",9,16,7
"LOC106888094","s1337_F_TNA_03_ASEReadCounter.table","NW_015090842.1:10233465",7,19,12
"LOC106888094","s1337_F_TNA_03_ASEReadCounter.table","NW_015090842.1:10233803",10,24,14
"LOC106888094","s1337_F_TNA_03_ASEReadCounter.table","NW_015090842.1:10233815",10,25,15
"LOC106888094","s1337_F_TNA_03_ASEReadCounter.table","NW_015090842.1:10235484",2,5,3
"LOC106888094","s1337_F_TNA_03_ASEReadCounter.table","NW_015090842.1:10235611",0,2,2
"LOC106888094","s1337_F_TNA_03_ASEReadCounter.table","NW_015090842.1:10236098",1,2,1
"LOC106888094","s1337_F_TNA_03_ASEReadCounter.table","NW_015090842.1:10236161",0,1,1
"LOC106888094","s1337_F_TNA_03_ASEReadCounter.table","NW_015090842.1:10236380",0,1,1
"LOC106888094","s1337_F_TNA_03_ASEReadCounter.table","NW_015090842.1:10236425",0,1,1
"LOC106888094","s1337_F_TNA_03_ASEReadCounter.table","NW_015090842.1:10236426",0,1,1
"LOC106888173","s1337_F_TNA_03_ASEReadCounter.table","NW_015090842.1:10239596",0,5,5
"LOC106888173","s1337_F_TNA_03_ASEReadCounter.table","NW_015090842.1:10240036",1,15,14
"LOC106888173","s1337_F_TNA_03_ASEReadCounter.table","NW_015090842.1:10240095",1,19,18
"LOC106888173","s1337_F_TNA_03_ASEReadCounter.table","NW_015090842.1:10240280",1,18,17
"LOC106888173","s1337_F_TNA_03_ASEReadCounter.table","NW_015090842.1:10240557",0,17,17
"LOC106888173","s1337_F_TNA_03_ASEReadCounter.table","NW_015090842.1:10240603",1,20,19
"LOC106888173","s1337_F_TNA_03_ASEReadCounter.table","NW_015090842.1:10240609",1,21,20
"LOC106888173","s1337_F_TNA_03_ASEReadCounter.table","NW_015090842.1:10240690",0,21,21
"LOC106888173","s1337_F_TNA_03_ASEReadCounter.table","NW_015090842.1:10240924",3,21,18
"LOC106888173","s1337_F_TNA_03_ASEReadCounter.table","NW_015090842.1:10241037",3,23,20
"LOC106888173","s1337_F_TNA_03_ASEReadCounter.table","NW_015090842.1:10241046",3,20,17
"LOC106888173","s1337_F_TNA_03_ASEReadCounter.table","NW_015090842.1:10241058",3,21,18
"LOC106888173","s1337_F_TNA_03_ASEReadCounter.table","NW_015090842.1:10241064",3,23,20
"LOC106888173","s1337_F_TNA_03_ASEReadCounter.table","NW_015090842.1:10241103",27,31,4
"LOC106888173","s1337_F_TNA_03_ASEReadCounter.table","NW_015090842.1:10241163",3,26,23
"LOC106888173","s1337_F_TNA_03_ASEReadCounter.table","NW_015090842.1:10241803",1,22,21
"LOC106888173","s1337_F_TNA_03_ASEReadCounter.table","NW_015090842.1:10241827",1,25,24
"LOC106888173","s1337_F_TNA_03_ASEReadCounter.table","NW_015090842.1:10241869",3,23,20
"LOC106888173","s1337_F_TNA_03_ASEReadCounter.table","NW_015090842.1:10242079",4,22,18
"LOC106888173","s1337_F_TNA_03_ASEReadCounter.table","NW_015090842.1:10242103",4,28,24
"LOC106888173","s1337_F_TNA_03_ASEReadCounter.table","NW_015090842.1:10242157",1,34,33
"LOC106888173","s1337_F_TNA_03_ASEReadCounter.table","NW_015090842.1:10242455",5,27,22
"LOC106888173","s1337_F_TNA_03_ASEReadCounter.table","NW_015090842.1:10242481",5,28,23
"LOC106888173","s1337_F_TNA_03_ASEReadCounter.table","NW_015090842.1:10242590",3,36,33
"LOC106888173","s1337_F_TNA_03_ASEReadCounter.table","NW_015090842.1:10242794",2,20,18
"LOC106888173","s1337_F_TNA_03_ASEReadCounter.table","NW_015090842.1:10242909",3,28,25
"LOC106888173","s1337_F_TNA_03_ASEReadCounter.table","NW_015090842.1:10243094",3,33,30
"LOC106888173","s1337_F_TNA_03_ASEReadCounter.table","NW_015090842.1:10243133",1,25,24
"LOC106888173","s1337_F_TNA_03_ASEReadCounter.table","NW_015090842.1:10243273",2,39,37
"LOC106888173","s1337_F_TNA_03_ASEReadCounter.table","NW_015090842.1:10243278",2,41,39
"LOC106888173","s1337_F_TNA_03_ASEReadCounter.table","NW_015090842.1:10243281",2,40,38
"LOC106888173","s1337_F_TNA_03_ASEReadCounter.table","NW_015090842.1:10243347",19,19,0
"LOC106888173","s1337_F_TNA_03_ASEReadCounter.table","NW_015090842.1:10243353",0,18,18
"LOC106888173","s1337_F_TNA_03_ASEReadCounter.table","NW_015090842.1:10243363",0,12,12
"LOC106888173","s1337_F_TNA_03_ASEReadCounter.table","NW_015090842.1:10243365",0,15,15
"LOC106888173","s1337_F_TNA_03_ASEReadCounter.table","NW_015090842.1:10243566",1,39,38
"LOC106888173","s1337_F_TNA_03_ASEReadCounter.table","NW_015090842.1:10243605",1,41,40
"LOC106888173","s1337_F_TNA_03_ASEReadCounter.table","NW_015090842.1:10243614",1,39,38
"LOC106888173","s1337_F_TNA_03_ASEReadCounter.table","NW_015090842.1:10243615",1,39,38
"LOC106888173","s1337_F_TNA_03_ASEReadCounter.table","NW_015090842.1:10243640",1,38,37
"LOC106888173","s1337_F_TNA_03_ASEReadCounter.table","NW_015090842.1:10243680",2,36,34
"LOC106888173","s1337_F_TNA_03_ASEReadCounter.table","NW_015090842.1:10243742",3,43,40
"LOC106888173","s1337_F_TNA_03_ASEReadCounter.table","NW_015090842.1:10243804",3,32,29
"LOC106888173","s1337_F_TNA_03_ASEReadCounter.table","NW_015090842.1:10243913",0,17,17
"LOC106888173","s1337_F_TNA_03_ASEReadCounter.table","NW_015090842.1:10243921",0,14,14
"LOC106888384","s1337_F_TNA_03_ASEReadCounter.table","NW_015090842.1:10251339",1,1,0
"LOC106888384","s1337_F_TNA_03_ASEReadCounter.table","NW_015090842.1:10251343",1,1,0
"LOC106888384","s1337_F_TNA_03_ASEReadCounter.table","NW_015090842.1:10251344",0,1,1
"LOC106888384","s1337_F_TNA_03_ASEReadCounter.table","NW_015090842.1:10251354",0,3,3
"LOC106888384","s1337_F_TNA_03_ASEReadCounter.table","NW_015090842.1:10251358",0,3,3
"LOC106888384","s1337_F_TNA_03_ASEReadCounter.table","NW_015090842.1:10251369",0,3,3
"LOC106888384","s1337_F_TNA_03_ASEReadCounter.table","NW_015090842.1:10251370",0,3,3
"LOC106888384","s1337_F_TNA_03_ASEReadCounter.table","NW_015090842.1:10251375",0,2,2
"LOC106888384","s1337_F_TNA_03_ASEReadCounter.table","NW_015090842.1:10251388",0,2,2
"LOC106888384","s1337_F_TNA_03_ASEReadCounter.table","NW_015090842.1:10251390",0,2,2
"LOC106888384","s1337_F_TNA_03_ASEReadCounter.table","NW_015090842.1:10251393",0,2,2
"LOC106888384","s1337_F_TNA_03_ASEReadCounter.table","NW_015090842.1:10251399",0,2,2
"LOC106888384","s1337_F_TNA_03_ASEReadCounter.table","NW_015090842.1:10251492",1,1,0
"LOC106888384","s1337_F_TNA_03_ASEReadCounter.table","NW_015090842.1:10254028",2,2,0
"LOC106888384","s1337_F_TNA_03_ASEReadCounter.table","NW_015090842.1:10254227",1,1,0
"LOC106888384","s1337_F_TNA_03_ASEReadCounter.table","NW_015090842.1:10254233",1,1,0
"LOC106888384","s1337_F_TNA_03_ASEReadCounter.table","NW_015090842.1:10254263",1,1,0
"LOC106888384","s1337_F_TNA_03_ASEReadCounter.table","NW_015090842.1:10254293",2,2,0
"LOC106888384","s1337_F_TNA_03_ASEReadCounter.table","NW_015090842.1:10254570",1,1,0
"LOC106888384","s1337_F_TNA_03_ASEReadCounter.table","NW_015090842.1:10254605",1,1,0
"LOC106888384","s1337_F_TNA_03_ASEReadCounter.table","NW_015090842.1:10254608",1,1,0
"LOC106888384","s1337_F_TNA_03_ASEReadCounter.table","NW_015090842.1:10255077",2,2,0
"LOC106888384","s1337_F_TNA_03_ASEReadCounter.table","NW_015090842.1:10255117",2,2,0
"LOC106888384","s1337_F_TNA_03_ASEReadCounter.table","NW_015090842.1:10255138",2,2,0
"LOC106888384","s1337_F_TNA_03_ASEReadCounter.table","NW_015090842.1:10255139",2,2,0
"LOC106888384","s1337_F_TNA_03_ASEReadCounter.table","NW_015090842.1:10255209",1,1,0
"LOC106888384","s1337_F_TNA_03_ASEReadCounter.table","NW_015090842.1:10255211",1,1,0
"LOC106888384","s1337_F_TNA_03_ASEReadCounter.table","NW_015090842.1:10255236",1,1,0
"LOC106888384","s1337_F_TNA_03_ASEReadCounter.table","NW_015090842.1:10255262",1,1,0
"LOC106888384","s1337_F_TNA_03_ASEReadCounter.table","NW_015090842.1:10255264",1,1,0
"LOC106888384","s1337_F_TNA_03_ASEReadCounter.table","NW_015090842.1:10255449",1,1,0
"LOC106888384","s1337_F_TNA_03_ASEReadCounter.table","NW_015090842.1:10255496",1,1,0
"LOC106888384","s1337_F_TNA_03_ASEReadCounter.table","NW_015090842.1:10255505",1,1,0
"LOC106888384","s1337_F_TNA_03_ASEReadCounter.table","NW_015090842.1:10255531",1,1,0
"LOC106888384","s1337_F_TNA_03_ASEReadCounter.table","NW_015090842.1:10255704",0,1,1
"LOC106888384","s1337_F_TNA_03_ASEReadCounter.table","NW_015090842.1:10255731",0,1,1
"LOC106888384","s1337_F_TNA_03_ASEReadCounter.table","NW_015090842.1:10255771",0,1,1
"TANGO6","s1337_F_TNA_03_ASEReadCounter.table","NW_015090842.1:10257782",4,4,0
"TANGO6","s1337_F_TNA_03_ASEReadCounter.table","NW_015090842.1:10258162",6,10,4
"TANGO6","s1337_F_TNA_03_ASEReadCounter.table","NW_015090842.1:10258185",6,11,5
"TANGO6","s1337_F_TNA_03_ASEReadCounter.table","NW_015090842.1:10259267",3,8,5
"TANGO6","s1337_F_TNA_03_ASEReadCounter.table","NW_015090842.1:10260250",16,32,16
"TANGO6","s1337_F_TNA_03_ASEReadCounter.table","NW_015090842.1:10260289",20,35,15
"TANGO6","s1337_F_TNA_03_ASEReadCounter.table","NW_015090842.1:10260309",15,26,11
"TANGO6","s1337_F_TNA_03_ASEReadCounter.table","NW_015090842.1:10260979",13,35,22
"TANGO6","s1337_F_TNA_03_ASEReadCounter.table","NW_015090842.1:10261599",10,28,18
"TANGO6","s1337_F_TNA_03_ASEReadCounter.table","NW_015090842.1:10268425",26,49,23
"TANGO6","s1337_F_TNA_03_ASEReadCounter.table","NW_015090842.1:10269831",21,37,16
"TANGO6","s1337_F_TNA_03_ASEReadCounter.table","NW_015090842.1:10270813",19,35,16
"TANGO6","s1337_F_TNA_03_ASEReadCounter.table","NW_015090842.1:10274018",25,38,13
"TANGO6","s1337_F_TNA_03_ASEReadCounter.table","NW_015090842.1:10275974",17,25,8
"TANGO6","s1337_F_TNA_03_ASEReadCounter.table","NW_015090842.1:10275976",17,25,8
"TANGO6","s1337_F_TNA_03_ASEReadCounter.table","NW_015090842.1:10276123",23,41,18
"TANGO6","s1337_F_TNA_03_ASEReadCounter.table","NW_015090842.1:10276271",25,38,13
"TANGO6","s1337_F_TNA_03_ASEReadCounter.table","NW_015090842.1:10276272",24,38,14
"TANGO6","s1337_F_TNA_03_ASEReadCounter.table","NW_015090842.1:10276275",25,39,14
"TANGO6","s1337_F_TNA_03_ASEReadCounter.table","NW_015090842.1:10276278",25,38,13
"TANGO6","s1337_F_TNA_03_ASEReadCounter.table","NW_015090842.1:10276368",24,33,9
"TANGO6","s1337_F_TNA_03_ASEReadCounter.table","NW_015090842.1:10276373",21,30,9
"TANGO6","s1337_F_TNA_03_ASEReadCounter.table","NW_015090842.1:10276630",28,55,27
"TANGO6","s1337_F_TNA_03_ASEReadCounter.table","NW_015090842.1:10281498",20,48,28
"TANGO6","s1337_F_TNA_03_ASEReadCounter.table","NW_015090842.1:10281516",17,46,29
"TANGO6","s1337_F_TNA_03_ASEReadCounter.table","NW_015090842.1:10282842",21,51,30
"TANGO6","s1337_F_TNA_03_ASEReadCounter.table","NW_015090842.1:10282863",19,41,22
"TANGO6","s1337_F_TNA_03_ASEReadCounter.table","NW_015090842.1:10282869",22,44,22
"TANGO6","s1337_F_TNA_03_ASEReadCounter.table","NW_015090842.1:10282903",25,52,27
"TANGO6","s1337_F_TNA_03_ASEReadCounter.table","NW_015090842.1:10283757",25,53,28
"TANGO6","s1337_F_TNA_03_ASEReadCounter.table","NW_015090842.1:10283785",20,44,24
"HAS3","s1337_F_TNA_03_ASEReadCounter.table","NW_015090842.1:10288093",0,2,2
"HAS3","s1337_F_TNA_03_ASEReadCounter.table","NW_015090842.1:10288266",2,2,0
"HAS3","s1337_F_TNA_03_ASEReadCounter.table","NW_015090842.1:10288274",2,2,0
"HAS3","s1337_F_TNA_03_ASEReadCounter.table","NW_015090842.1:10288364",1,1,0
"HAS3","s1337_F_TNA_03_ASEReadCounter.table","NW_015090842.1:10289269",1,1,0
"HAS3","s1337_F_TNA_03_ASEReadCounter.table","NW_015090842.1:10289272",1,1,0
"HAS3","s1337_F_TNA_03_ASEReadCounter.table","NW_015090842.1:10289469",0,2,2
"HAS3","s1337_F_TNA_03_ASEReadCounter.table","NW_015090842.1:10290375",3,4,1
"HAS3","s1337_F_TNA_03_ASEReadCounter.table","NW_015090842.1:10290395",3,3,0
"HAS3","s1337_F_TNA_03_ASEReadCounter.table","NW_015090842.1:10290439",8,8,0
"HAS3","s1337_F_TNA_03_ASEReadCounter.table","NW_015090842.1:10290561",0,3,3
"HAS3","s1337_F_TNA_03_ASEReadCounter.table","NW_015090842.1:10290609",0,2,2
"HAS3","s1337_F_TNA_03_ASEReadCounter.table","NW_015090842.1:10290666",1,2,1
"HAS3","s1337_F_TNA_03_ASEReadCounter.table","NW_015090842.1:10290723",1,3,2
"HAS3","s1337_F_TNA_03_ASEReadCounter.table","NW_015090842.1:10290927",1,1,0
"HAS3","s1337_F_TNA_03_ASEReadCounter.table","NW_015090842.1:10291004",2,2,0
"CHTF8","s1337_F_TNA_03_ASEReadCounter.table","NW_015090842.1:10291319",3,4,1
"CHTF8","s1337_F_TNA_03_ASEReadCounter.table","NW_015090842.1:10291491",2,3,1
"CHTF8","s1337_F_TNA_03_ASEReadCounter.table","NW_015090842.1:10291520",3,4,1
"CHTF8","s1337_F_TNA_03_ASEReadCounter.table","NW_015090842.1:10291593",1,3,2
"CHTF8","s1337_F_TNA_03_ASEReadCounter.table","NW_015090842.1:10291600",1,2,1
"CHTF8","s1337_F_TNA_03_ASEReadCounter.table","NW_015090842.1:10291609",3,4,1
"CHTF8","s1337_F_TNA_03_ASEReadCounter.table","NW_015090842.1:10291639",4,7,3
"CHTF8","s1337_F_TNA_03_ASEReadCounter.table","NW_015090842.1:10291641",4,8,4
"CHTF8","s1337_F_TNA_03_ASEReadCounter.table","NW_015090842.1:10291648",6,10,4
"CHTF8","s1337_F_TNA_03_ASEReadCounter.table","NW_015090842.1:10291656",6,9,3
"CHTF8","s1337_F_TNA_03_ASEReadCounter.table","NW_015090842.1:10291675",6,10,4
"CHTF8","s1337_F_TNA_03_ASEReadCounter.table","NW_015090842.1:10291696",6,11,5
"CHTF8","s1337_F_TNA_03_ASEReadCounter.table","NW_015090842.1:10291714",7,12,5
"CHTF8","s1337_F_TNA_03_ASEReadCounter.table","NW_015090842.1:10291732",8,12,4
"CHTF8","s1337_F_TNA_03_ASEReadCounter.table","NW_015090842.1:10291755",3,5,2
"CHTF8","s1337_F_TNA_03_ASEReadCounter.table","NW_015090842.1:10291756",3,4,1
"CHTF8","s1337_F_TNA_03_ASEReadCounter.table","NW_015090842.1:10291758",3,5,2
"CHTF8","s1337_F_TNA_03_ASEReadCounter.table","NW_015090842.1:10291792",4,6,2
"CHTF8","s1337_F_TNA_03_ASEReadCounter.table","NW_015090842.1:10291895",7,9,2
"CHTF8","s1337_F_TNA_03_ASEReadCounter.table","NW_015090842.1:10292132",2,3,1
"CHTF8","s1337_F_TNA_03_ASEReadCounter.table","NW_015090842.1:10292314",2,3,1
"CHTF8","s1337_F_TNA_03_ASEReadCounter.table","NW_015090842.1:10292317",2,3,1
"CHTF8","s1337_F_TNA_03_ASEReadCounter.table","NW_015090842.1:10292928",0,2,2
"UTP4","s1337_F_TNA_03_ASEReadCounter.table","NW_015090842.1:10293146",10,21,11
"UTP4","s1337_F_TNA_03_ASEReadCounter.table","NW_015090842.1:10293151",8,19,11
"UTP4","s1337_F_TNA_03_ASEReadCounter.table","NW_015090842.1:10293191",4,10,6
"UTP4","s1337_F_TNA_03_ASEReadCounter.table","NW_015090842.1:10293362",9,17,8
"UTP4","s1337_F_TNA_03_ASEReadCounter.table","NW_015090842.1:10293430",6,19,13
"UTP4","s1337_F_TNA_03_ASEReadCounter.table","NW_015090842.1:10293625",3,13,10
"UTP4","s1337_F_TNA_03_ASEReadCounter.table","NW_015090842.1:10293684",4,11,7
"UTP4","s1337_F_TNA_03_ASEReadCounter.table","NW_015090842.1:10294093",4,14,10
"UTP4","s1337_F_TNA_03_ASEReadCounter.table","NW_015090842.1:10294622",12,22,10
"UTP4","s1337_F_TNA_03_ASEReadCounter.table","NW_015090842.1:10294632",11,20,9
"UTP4","s1337_F_TNA_03_ASEReadCounter.table","NW_015090842.1:10295238",14,28,14
"UTP4","s1337_F_TNA_03_ASEReadCounter.table","NW_015090842.1:10295880",16,30,14
"UTP4","s1337_F_TNA_03_ASEReadCounter.table","NW_015090842.1:10295884",17,32,15
"UTP4","s1337_F_TNA_03_ASEReadCounter.table","NW_015090842.1:10295903",16,31,15
"UTP4","s1337_F_TNA_03_ASEReadCounter.table","NW_015090842.1:10295906",16,31,15
"UTP4","s1337_F_TNA_03_ASEReadCounter.table","NW_015090842.1:10295915",17,32,15
"UTP4","s1337_F_TNA_03_ASEReadCounter.table","NW_015090842.1:10295938",19,28,9
"UTP4","s1337_F_TNA_03_ASEReadCounter.table","NW_015090842.1:10296175",17,30,13
"UTP4","s1337_F_TNA_03_ASEReadCounter.table","NW_015090842.1:10296660",24,38,14
"UTP4","s1337_F_TNA_03_ASEReadCounter.table","NW_015090842.1:10296679",23,42,19
"UTP4","s1337_F_TNA_03_ASEReadCounter.table","NW_015090842.1:10297193",14,47,33
"UTP4","s1337_F_TNA_03_ASEReadCounter.table","NW_015090842.1:10297220",19,58,39
"UTP4","s1337_F_TNA_03_ASEReadCounter.table","NW_015090842.1:10297307",23,76,53
"UTP4","s1337_F_TNA_03_ASEReadCounter.table","NW_015090842.1:10297558",26,81,55
"UTP4","s1337_F_TNA_03_ASEReadCounter.table","NW_015090842.1:10297943",19,51,32
"UTP4","s1337_F_TNA_03_ASEReadCounter.table","NW_015090842.1:10297979",18,49,31
"UTP4","s1337_F_TNA_03_ASEReadCounter.table","NW_015090842.1:10298022",16,39,23
"UTP4","s1337_F_TNA_03_ASEReadCounter.table","NW_015090842.1:10298079",3,11,8
"UTP4","s1337_F_TNA_03_ASEReadCounter.table","NW_015090842.1:10298081",3,11,8
"UTP4","s1337_F_TNA_03_ASEReadCounter.table","NW_015090842.1:10298082",3,11,8
"SNTB2","s1337_F_TNA_03_ASEReadCounter.table","NW_015090842.1:10298905",1,1,0
"SNTB2","s1337_F_TNA_03_ASEReadCounter.table","NW_015090842.1:10298928",1,2,1
"SNTB2","s1337_F_TNA_03_ASEReadCounter.table","NW_015090842.1:10303506",3,9,6
"SNTB2","s1337_F_TNA_03_ASEReadCounter.table","NW_015090842.1:10303524",1,8,7
"SNTB2","s1337_F_TNA_03_ASEReadCounter.table","NW_015090842.1:10304059",5,9,4
"SNTB2","s1337_F_TNA_03_ASEReadCounter.table","NW_015090842.1:10304089",4,7,3
"SNTB2","s1337_F_TNA_03_ASEReadCounter.table","NW_015090842.1:10304167",3,8,5
"SNTB2","s1337_F_TNA_03_ASEReadCounter.table","NW_015090842.1:10304176",3,8,5
"SNTB2","s1337_F_TNA_03_ASEReadCounter.table","NW_015090842.1:10305069",3,4,1
"SNTB2","s1337_F_TNA_03_ASEReadCounter.table","NW_015090842.1:10305099",2,3,1
"SNTB2","s1337_F_TNA_03_ASEReadCounter.table","NW_015090842.1:10305171",3,4,1
"SNTB2","s1337_F_TNA_03_ASEReadCounter.table","NW_015090842.1:10305177",3,4,1
"SNTB2","s1337_F_TNA_03_ASEReadCounter.table","NW_015090842.1:10305451",3,6,3
"SNTB2","s1337_F_TNA_03_ASEReadCounter.table","NW_015090842.1:10305547",3,3,0
"SNTB2","s1337_F_TNA_03_ASEReadCounter.table","NW_015090842.1:10305847",4,6,2
"SNTB2","s1337_F_TNA_03_ASEReadCounter.table","NW_015090842.1:10306173",0,4,4
"SNTB2","s1337_F_TNA_03_ASEReadCounter.table","NW_015090842.1:10306275",5,9,4
"SNTB2","s1337_F_TNA_03_ASEReadCounter.table","NW_015090842.1:10306457",6,12,6
"SNTB2","s1337_F_TNA_03_ASEReadCounter.table","NW_015090842.1:10306496",5,10,5
"SNTB2","s1337_F_TNA_03_ASEReadCounter.table","NW_015090842.1:10306499",5,9,4
"VPS4A","s1337_F_TNA_03_ASEReadCounter.table","NW_015090842.1:10308566",75,144,69
"VPS4A","s1337_F_TNA_03_ASEReadCounter.table","NW_015090842.1:10308573",78,152,74
"VPS4A","s1337_F_TNA_03_ASEReadCounter.table","NW_015090842.1:10308856",101,220,119
"VPS4A","s1337_F_TNA_03_ASEReadCounter.table","NW_015090842.1:10309056",126,268,142
"VPS4A","s1337_F_TNA_03_ASEReadCounter.table","NW_015090842.1:10309089",156,314,158
"VPS4A","s1337_F_TNA_03_ASEReadCounter.table","NW_015090842.1:10309392",155,302,147
"VPS4A","s1337_F_TNA_03_ASEReadCounter.table","NW_015090842.1:10309413",151,313,162
"VPS4A","s1337_F_TNA_03_ASEReadCounter.table","NW_015090842.1:10309467",171,366,195
"VPS4A","s1337_F_TNA_03_ASEReadCounter.table","NW_015090842.1:10310230",187,395,208
"VPS4A","s1337_F_TNA_03_ASEReadCounter.table","NW_015090842.1:10310425",182,359,177
"VPS4A","s1337_F_TNA_03_ASEReadCounter.table","NW_015090842.1:10310639",199,392,193
"VPS4A","s1337_F_TNA_03_ASEReadCounter.table","NW_015090842.1:10310734",158,335,177
"VPS4A","s1337_F_TNA_03_ASEReadCounter.table","NW_015090842.1:10310737",167,353,186
"VPS4A","s1337_F_TNA_03_ASEReadCounter.table","NW_015090842.1:10310746",166,354,188
"VPS4A","s1337_F_TNA_03_ASEReadCounter.table","NW_015090842.1:10310767",165,354,189
"VPS4A","s1337_F_TNA_03_ASEReadCounter.table","NW_015090842.1:10310995",198,390,192
"VPS4A","s1337_F_TNA_03_ASEReadCounter.table","NW_015090842.1:10311004",193,383,190
"VPS4A","s1337_F_TNA_03_ASEReadCounter.table","NW_015090842.1:10311007",193,386,193
"VPS4A","s1337_F_TNA_03_ASEReadCounter.table","NW_015090842.1:10311013",210,402,192
"VPS4A","s1337_F_TNA_03_ASEReadCounter.table","NW_015090842.1:10311022",195,385,190
"VPS4A","s1337_F_TNA_03_ASEReadCounter.table","NW_015090842.1:10311023",192,381,189
"VPS4A","s1337_F_TNA_03_ASEReadCounter.table","NW_015090842.1:10311426",205,422,217
"VPS4A","s1337_F_TNA_03_ASEReadCounter.table","NW_015090842.1:10311489",5,18,13
"VPS4A","s1337_F_TNA_03_ASEReadCounter.table","NW_015090842.1:10311490",5,14,9
"VPS4A","s1337_F_TNA_03_ASEReadCounter.table","NW_015090842.1:10311525",11,19,8
"VPS4A","s1337_F_TNA_03_ASEReadCounter.table","NW_015090842.1:10311529",11,24,13
"VPS4A","s1337_F_TNA_03_ASEReadCounter.table","NW_015090842.1:10311530",11,25,14
"VPS4A","s1337_F_TNA_03_ASEReadCounter.table","NW_015090842.1:10311552",43,64,21
"VPS4A","s1337_F_TNA_03_ASEReadCounter.table","NW_015090842.1:10311689",47,95,48
"VPS4A","s1337_F_TNA_03_ASEReadCounter.table","NW_015090842.1:10311700",60,111,51
"VPS4A","s1337_F_TNA_03_ASEReadCounter.table","NW_015090842.1:10311701",60,114,54
"VPS4A","s1337_F_TNA_03_ASEReadCounter.table","NW_015090842.1:10311703",61,112,51
"COG8","s1337_F_TNA_03_ASEReadCounter.table","NW_015090842.1:10313487",16,33,17
"COG8","s1337_F_TNA_03_ASEReadCounter.table","NW_015090842.1:10313559",24,51,27
"COG8","s1337_F_TNA_03_ASEReadCounter.table","NW_015090842.1:10313579",20,47,27
"COG8","s1337_F_TNA_03_ASEReadCounter.table","NW_015090842.1:10313665",17,37,20
"COG8","s1337_F_TNA_03_ASEReadCounter.table","NW_015090842.1:10313681",14,37,23
"COG8","s1337_F_TNA_03_ASEReadCounter.table","NW_015090842.1:10313768",21,53,32
"COG8","s1337_F_TNA_03_ASEReadCounter.table","NW_015090842.1:10313775",21,49,28
"COG8","s1337_F_TNA_03_ASEReadCounter.table","NW_015090842.1:10313811",18,40,22
"COG8","s1337_F_TNA_03_ASEReadCounter.table","NW_015090842.1:10313858",17,35,18
"COG8","s1337_F_TNA_03_ASEReadCounter.table","NW_015090842.1:10314100",20,47,27
"COG8","s1337_F_TNA_03_ASEReadCounter.table","NW_015090842.1:10314213",18,39,21
"COG8","s1337_F_TNA_03_ASEReadCounter.table","NW_015090842.1:10315093",16,32,16
"COG8","s1337_F_TNA_03_ASEReadCounter.table","NW_015090842.1:10315162",15,32,17
"COG8","s1337_F_TNA_03_ASEReadCounter.table","NW_015090842.1:10315285",17,39,22
"COG8","s1337_F_TNA_03_ASEReadCounter.table","NW_015090842.1:10315360",14,29,15
"COG8","s1337_F_TNA_03_ASEReadCounter.table","NW_015090842.1:10315369",14,29,15
"COG8","s1337_F_TNA_03_ASEReadCounter.table","NW_015090842.1:10315504",7,18,11
"COG8","s1337_F_TNA_03_ASEReadCounter.table","NW_015090842.1:10315508",7,19,12
"COG8","s1337_F_TNA_03_ASEReadCounter.table","NW_015090842.1:10315624",20,37,17
"COG8","s1337_F_TNA_03_ASEReadCounter.table","NW_015090842.1:10315693",12,28,16
"COG8","s1337_F_TNA_03_ASEReadCounter.table","NW_015090842.1:10315698",12,26,14
"COG8","s1337_F_TNA_03_ASEReadCounter.table","NW_015090842.1:10315768",8,21,13
"COG8","s1337_F_TNA_03_ASEReadCounter.table","NW_015090842.1:10315769",8,21,13
"COG8","s1337_F_TNA_03_ASEReadCounter.table","NW_015090842.1:10315784",6,18,12
"COG8","s1337_F_TNA_03_ASEReadCounter.table","NW_015090842.1:10316093",8,17,9
"COG8","s1337_F_TNA_03_ASEReadCounter.table","NW_015090842.1:10316133",6,14,8
"NIP7","s1337_F_TNA_03_ASEReadCounter.table","NW_015090842.1:10316759",12,29,17
"NIP7","s1337_F_TNA_03_ASEReadCounter.table","NW_015090842.1:10316967",83,177,94
"NIP7","s1337_F_TNA_03_ASEReadCounter.table","NW_015090842.1:10316995",96,205,109
"NIP7","s1337_F_TNA_03_ASEReadCounter.table","NW_015090842.1:10317240",142,293,151
"NIP7","s1337_F_TNA_03_ASEReadCounter.table","NW_015090842.1:10317247",145,300,155
"NIP7","s1337_F_TNA_03_ASEReadCounter.table","NW_015090842.1:10317264",146,288,142
"NIP7","s1337_F_TNA_03_ASEReadCounter.table","NW_015090842.1:10317433",162,336,174
"NIP7","s1337_F_TNA_03_ASEReadCounter.table","NW_015090842.1:10317738",134,326,192
"NIP7","s1337_F_TNA_03_ASEReadCounter.table","NW_015090842.1:10317769",152,354,202
"NIP7","s1337_F_TNA_03_ASEReadCounter.table","NW_015090842.1:10317808",97,229,132
"NIP7","s1337_F_TNA_03_ASEReadCounter.table","NW_015090842.1:10317870",68,174,106
"NIP7","s1337_F_TNA_03_ASEReadCounter.table","NW_015090842.1:10317871",68,164,96
"NIP7","s1337_F_TNA_03_ASEReadCounter.table","NW_015090842.1:10317898",46,117,71
"NIP7","s1337_F_TNA_03_ASEReadCounter.table","NW_015090842.1:10317911",41,104,63
"TERF2","s1337_F_TNA_03_ASEReadCounter.table","NW_015090842.1:10321665",6,10,4
"TERF2","s1337_F_TNA_03_ASEReadCounter.table","NW_015090842.1:10321768",21,48,27
"TERF2","s1337_F_TNA_03_ASEReadCounter.table","NW_015090842.1:10321777",19,46,27
"TERF2","s1337_F_TNA_03_ASEReadCounter.table","NW_015090842.1:10321805",20,49,29
"TERF2","s1337_F_TNA_03_ASEReadCounter.table","NW_015090842.1:10321878",34,71,37
"TERF2","s1337_F_TNA_03_ASEReadCounter.table","NW_015090842.1:10321893",31,67,36
"TERF2","s1337_F_TNA_03_ASEReadCounter.table","NW_015090842.1:10321897",31,64,33
"TERF2","s1337_F_TNA_03_ASEReadCounter.table","NW_015090842.1:10321908",22,53,31
"TERF2","s1337_F_TNA_03_ASEReadCounter.table","NW_015090842.1:10322001",36,96,60
"TERF2","s1337_F_TNA_03_ASEReadCounter.table","NW_015090842.1:10322035",32,74,42
"TERF2","s1337_F_TNA_03_ASEReadCounter.table","NW_015090842.1:10322051",37,81,44
"TERF2","s1337_F_TNA_03_ASEReadCounter.table","NW_015090842.1:10322137",40,69,29
"TERF2","s1337_F_TNA_03_ASEReadCounter.table","NW_015090842.1:10322144",41,70,29
"TERF2","s1337_F_TNA_03_ASEReadCounter.table","NW_015090842.1:10322388",22,62,40
"TERF2","s1337_F_TNA_03_ASEReadCounter.table","NW_015090842.1:10322396",22,55,33
"TERF2","s1337_F_TNA_03_ASEReadCounter.table","NW_015090842.1:10322502",30,66,36
"TERF2","s1337_F_TNA_03_ASEReadCounter.table","NW_015090842.1:10322504",30,66,36
"TERF2","s1337_F_TNA_03_ASEReadCounter.table","NW_015090842.1:10322510",27,64,37
"TERF2","s1337_F_TNA_03_ASEReadCounter.table","NW_015090842.1:10323580",31,71,40
"TERF2","s1337_F_TNA_03_ASEReadCounter.table","NW_015090842.1:10324314",25,67,42
"TERF2","s1337_F_TNA_03_ASEReadCounter.table","NW_015090842.1:10326832",27,54,27
"TERF2","s1337_F_TNA_03_ASEReadCounter.table","NW_015090842.1:10327787",11,20,9
"TERF2","s1337_F_TNA_03_ASEReadCounter.table","NW_015090842.1:10328588",8,16,8
"TERF2","s1337_F_TNA_03_ASEReadCounter.table","NW_015090842.1:10328644",10,25,15
"TERF2","s1337_F_TNA_03_ASEReadCounter.table","NW_015090842.1:10329813",7,16,9
"TERF2","s1337_F_TNA_03_ASEReadCounter.table","NW_015090842.1:10330749",11,22,11
"TERF2","s1337_F_TNA_03_ASEReadCounter.table","NW_015090842.1:10330789",10,20,10
"CYB5B","s1337_F_TNA_03_ASEReadCounter.table","NW_015090842.1:10336595",6,12,6
"CYB5B","s1337_F_TNA_03_ASEReadCounter.table","NW_015090842.1:10336667",42,73,31
"CYB5B","s1337_F_TNA_03_ASEReadCounter.table","NW_015090842.1:10336689",63,115,52
"CYB5B","s1337_F_TNA_03_ASEReadCounter.table","NW_015090842.1:10336728",77,162,85
"CYB5B","s1337_F_TNA_03_ASEReadCounter.table","NW_015090842.1:10345068",70,153,83
"CYB5B","s1337_F_TNA_03_ASEReadCounter.table","NW_015090842.1:10348800",110,235,125
"CYB5B","s1337_F_TNA_03_ASEReadCounter.table","NW_015090842.1:10348888",110,224,114
"CYB5B","s1337_F_TNA_03_ASEReadCounter.table","NW_015090842.1:10349046",127,231,104
"CYB5B","s1337_F_TNA_03_ASEReadCounter.table","NW_015090842.1:10349119",63,188,125
"CYB5B","s1337_F_TNA_03_ASEReadCounter.table","NW_015090842.1:10349146",32,173,141
"CYB5B","s1337_F_TNA_03_ASEReadCounter.table","NW_015090842.1:10349157",54,196,142
