"gene","id","snp","ref_count","total_count","alt_count"
"CENPN","s1337_F_POA_03_ASEReadCounter.table","NW_015090842.1:5802008",0,2,2
"CENPN","s1337_F_POA_03_ASEReadCounter.table","NW_015090842.1:5802012",0,3,3
"CENPN","s1337_F_POA_03_ASEReadCounter.table","NW_015090842.1:5802087",0,3,3
"CENPN","s1337_F_POA_03_ASEReadCounter.table","NW_015090842.1:5810113",7,7,0
"CENPN","s1337_F_POA_03_ASEReadCounter.table","NW_015090842.1:5810147",11,11,0
"CENPN","s1337_F_POA_03_ASEReadCounter.table","NW_015090842.1:5810148",11,11,0
"ATMIN","s1337_F_POA_03_ASEReadCounter.table","NW_015090842.1:5818789",0,2,2
"ATMIN","s1337_F_POA_03_ASEReadCounter.table","NW_015090842.1:5819958",0,2,2
"ATMIN","s1337_F_POA_03_ASEReadCounter.table","NW_015090842.1:5820004",0,4,4
"ATMIN","s1337_F_POA_03_ASEReadCounter.table","NW_015090842.1:5820217",3,4,1
"ATMIN","s1337_F_POA_03_ASEReadCounter.table","NW_015090842.1:5820250",2,3,1
"ATMIN","s1337_F_POA_03_ASEReadCounter.table","NW_015090842.1:5820298",1,4,3
"ATMIN","s1337_F_POA_03_ASEReadCounter.table","NW_015090842.1:5820417",1,5,4
"ATMIN","s1337_F_POA_03_ASEReadCounter.table","NW_015090842.1:5820421",2,6,4
"ATMIN","s1337_F_POA_03_ASEReadCounter.table","NW_015090842.1:5820448",2,6,4
"ATMIN","s1337_F_POA_03_ASEReadCounter.table","NW_015090842.1:5820457",2,6,4
"ATMIN","s1337_F_POA_03_ASEReadCounter.table","NW_015090842.1:5820510",3,4,1
"ATMIN","s1337_F_POA_03_ASEReadCounter.table","NW_015090842.1:5820673",4,4,0
"ATMIN","s1337_F_POA_03_ASEReadCounter.table","NW_015090842.1:5820754",2,4,2
"ATMIN","s1337_F_POA_03_ASEReadCounter.table","NW_015090842.1:5820820",0,2,2
"ATMIN","s1337_F_POA_03_ASEReadCounter.table","NW_015090842.1:5820865",0,2,2
"ATMIN","s1337_F_POA_03_ASEReadCounter.table","NW_015090842.1:5820889",0,3,3
"ATMIN","s1337_F_POA_03_ASEReadCounter.table","NW_015090842.1:5820891",0,4,4
"ATMIN","s1337_F_POA_03_ASEReadCounter.table","NW_015090842.1:5820997",4,7,3
"ATMIN","s1337_F_POA_03_ASEReadCounter.table","NW_015090842.1:5821063",5,9,4
"ATMIN","s1337_F_POA_03_ASEReadCounter.table","NW_015090842.1:5821132",4,7,3
"ATMIN","s1337_F_POA_03_ASEReadCounter.table","NW_015090842.1:5821645",4,11,7
"ATMIN","s1337_F_POA_03_ASEReadCounter.table","NW_015090842.1:5825066",8,19,11
"ATMIN","s1337_F_POA_03_ASEReadCounter.table","NW_015090842.1:5825106",7,20,13
"ATMIN","s1337_F_POA_03_ASEReadCounter.table","NW_015090842.1:5825122",7,22,15
"ATMIN","s1337_F_POA_03_ASEReadCounter.table","NW_015090842.1:5825178",7,20,13
"ATMIN","s1337_F_POA_03_ASEReadCounter.table","NW_015090842.1:5825194",8,23,15
"ATMIN","s1337_F_POA_03_ASEReadCounter.table","NW_015090842.1:5825195",8,23,15
"ATMIN","s1337_F_POA_03_ASEReadCounter.table","NW_015090842.1:5825220",6,22,16
"ATMIN","s1337_F_POA_03_ASEReadCounter.table","NW_015090842.1:5825240",11,22,11
"ATMIN","s1337_F_POA_03_ASEReadCounter.table","NW_015090842.1:5825303",12,27,15
"ATMIN","s1337_F_POA_03_ASEReadCounter.table","NW_015090842.1:5825304",12,28,16
"ATMIN","s1337_F_POA_03_ASEReadCounter.table","NW_015090842.1:5825310",12,28,16
"ATMIN","s1337_F_POA_03_ASEReadCounter.table","NW_015090842.1:5825406",12,23,11
"ATMIN","s1337_F_POA_03_ASEReadCounter.table","NW_015090842.1:5825415",14,24,10
"ATMIN","s1337_F_POA_03_ASEReadCounter.table","NW_015090842.1:5825438",13,23,10
"ATMIN","s1337_F_POA_03_ASEReadCounter.table","NW_015090842.1:5825485",15,27,12
"ATMIN","s1337_F_POA_03_ASEReadCounter.table","NW_015090842.1:5825524",11,32,21
"ATMIN","s1337_F_POA_03_ASEReadCounter.table","NW_015090842.1:5825557",10,35,25
"ATMIN","s1337_F_POA_03_ASEReadCounter.table","NW_015090842.1:5825571",7,33,26
"ATMIN","s1337_F_POA_03_ASEReadCounter.table","NW_015090842.1:5825579",10,35,25
"ATMIN","s1337_F_POA_03_ASEReadCounter.table","NW_015090842.1:5825590",10,31,21
"ATMIN","s1337_F_POA_03_ASEReadCounter.table","NW_015090842.1:5825689",19,33,14
"ATMIN","s1337_F_POA_03_ASEReadCounter.table","NW_015090842.1:5825703",26,42,16
"ATMIN","s1337_F_POA_03_ASEReadCounter.table","NW_015090842.1:5825787",20,36,16
"ATMIN","s1337_F_POA_03_ASEReadCounter.table","NW_015090842.1:5825833",16,35,19
"ATMIN","s1337_F_POA_03_ASEReadCounter.table","NW_015090842.1:5825841",14,29,15
"ATMIN","s1337_F_POA_03_ASEReadCounter.table","NW_015090842.1:5825895",29,55,26
"ATMIN","s1337_F_POA_03_ASEReadCounter.table","NW_015090842.1:5825984",22,49,27
"ATMIN","s1337_F_POA_03_ASEReadCounter.table","NW_015090842.1:5826162",22,56,34
"ATMIN","s1337_F_POA_03_ASEReadCounter.table","NW_015090842.1:5826194",33,77,44
"ATMIN","s1337_F_POA_03_ASEReadCounter.table","NW_015090842.1:5826235",32,79,47
"ATMIN","s1337_F_POA_03_ASEReadCounter.table","NW_015090842.1:5826245",29,74,45
"ATMIN","s1337_F_POA_03_ASEReadCounter.table","NW_015090842.1:5826335",23,63,40
"ATMIN","s1337_F_POA_03_ASEReadCounter.table","NW_015090842.1:5826417",37,73,36
"ATMIN","s1337_F_POA_03_ASEReadCounter.table","NW_015090842.1:5826431",32,76,44
"ATMIN","s1337_F_POA_03_ASEReadCounter.table","NW_015090842.1:5826438",42,76,34
"ATMIN","s1337_F_POA_03_ASEReadCounter.table","NW_015090842.1:5826463",39,94,55
"ATMIN","s1337_F_POA_03_ASEReadCounter.table","NW_015090842.1:5826502",39,93,54
"ATMIN","s1337_F_POA_03_ASEReadCounter.table","NW_015090842.1:5826511",40,97,57
"ATMIN","s1337_F_POA_03_ASEReadCounter.table","NW_015090842.1:5826659",44,96,52
"ATMIN","s1337_F_POA_03_ASEReadCounter.table","NW_015090842.1:5826701",48,114,66
"ATMIN","s1337_F_POA_03_ASEReadCounter.table","NW_015090842.1:5826702",48,115,67
"ATMIN","s1337_F_POA_03_ASEReadCounter.table","NW_015090842.1:5826732",51,122,71
"ATMIN","s1337_F_POA_03_ASEReadCounter.table","NW_015090842.1:5826745",55,132,77
"ATMIN","s1337_F_POA_03_ASEReadCounter.table","NW_015090842.1:5826835",58,127,69
"ATMIN","s1337_F_POA_03_ASEReadCounter.table","NW_015090842.1:5826942",49,124,75
"ATMIN","s1337_F_POA_03_ASEReadCounter.table","NW_015090842.1:5827193",74,178,104
"ATMIN","s1337_F_POA_03_ASEReadCounter.table","NW_015090842.1:5827196",75,179,104
"ATMIN","s1337_F_POA_03_ASEReadCounter.table","NW_015090842.1:5827269",82,180,98
"ATMIN","s1337_F_POA_03_ASEReadCounter.table","NW_015090842.1:5827315",75,155,80
"ATMIN","s1337_F_POA_03_ASEReadCounter.table","NW_015090842.1:5827316",75,159,84
"ATMIN","s1337_F_POA_03_ASEReadCounter.table","NW_015090842.1:5827333",74,152,78
"PPP1R3E","s1337_F_POA_03_ASEReadCounter.table","NW_015090842.1:5837733",3,4,1
"PPP1R3E","s1337_F_POA_03_ASEReadCounter.table","NW_015090842.1:5837947",2,3,1
"PKD1L2","s1337_F_POA_03_ASEReadCounter.table","NW_015090842.1:5867660",1,1,0
"PKD1L2","s1337_F_POA_03_ASEReadCounter.table","NW_015090842.1:5867675",1,1,0
"BCO1","s1337_F_POA_03_ASEReadCounter.table","NW_015090842.1:5915610",1,1,0
"BCO1","s1337_F_POA_03_ASEReadCounter.table","NW_015090842.1:5915646",2,2,0
"BCO1","s1337_F_POA_03_ASEReadCounter.table","NW_015090842.1:5917836",1,2,1
"BCO1","s1337_F_POA_03_ASEReadCounter.table","NW_015090842.1:5917912",1,1,0
"BCO1","s1337_F_POA_03_ASEReadCounter.table","NW_015090842.1:5917941",2,2,0
"BCO1","s1337_F_POA_03_ASEReadCounter.table","NW_015090842.1:5917971",3,4,1
"BCO1","s1337_F_POA_03_ASEReadCounter.table","NW_015090842.1:5921679",2,3,1
"BCO1","s1337_F_POA_03_ASEReadCounter.table","NW_015090842.1:5921726",2,4,2
"BCO1","s1337_F_POA_03_ASEReadCounter.table","NW_015090842.1:5925669",2,2,0
"BCO1","s1337_F_POA_03_ASEReadCounter.table","NW_015090842.1:5926937",2,4,2
"BCO1","s1337_F_POA_03_ASEReadCounter.table","NW_015090842.1:5927921",3,4,1
"BCO1","s1337_F_POA_03_ASEReadCounter.table","NW_015090842.1:5927948",2,3,1
"BCO1","s1337_F_POA_03_ASEReadCounter.table","NW_015090842.1:5927968",1,3,2
"BCO1","s1337_F_POA_03_ASEReadCounter.table","NW_015090842.1:5928052",0,1,1
"BCO1","s1337_F_POA_03_ASEReadCounter.table","NW_015090842.1:5932726",9,10,1
"BCO1","s1337_F_POA_03_ASEReadCounter.table","NW_015090842.1:5932801",8,9,1
"BCO1","s1337_F_POA_03_ASEReadCounter.table","NW_015090842.1:5934558",12,16,4
"BCO1","s1337_F_POA_03_ASEReadCounter.table","NW_015090842.1:5934575",10,15,5
"BCO1","s1337_F_POA_03_ASEReadCounter.table","NW_015090842.1:5934608",11,19,8
"BCO1","s1337_F_POA_03_ASEReadCounter.table","NW_015090842.1:5934647",7,15,8
"BCO1","s1337_F_POA_03_ASEReadCounter.table","NW_015090842.1:5934725",6,12,6
"BCO1","s1337_F_POA_03_ASEReadCounter.table","NW_015090842.1:5934726",6,12,6
"BCO1","s1337_F_POA_03_ASEReadCounter.table","NW_015090842.1:5934733",6,13,7
"BCO1","s1337_F_POA_03_ASEReadCounter.table","NW_015090842.1:5934821",6,12,6
"BCO1","s1337_F_POA_03_ASEReadCounter.table","NW_015090842.1:5934826",6,11,5
"BCO1","s1337_F_POA_03_ASEReadCounter.table","NW_015090842.1:5934844",5,9,4
"BCO1","s1337_F_POA_03_ASEReadCounter.table","NW_015090842.1:5934958",11,14,3
"BCO1","s1337_F_POA_03_ASEReadCounter.table","NW_015090842.1:5934976",12,15,3
"GAN","s1337_F_POA_03_ASEReadCounter.table","NW_015090842.1:5939249",1,4,3
"GAN","s1337_F_POA_03_ASEReadCounter.table","NW_015090842.1:5953759",6,13,7
"GAN","s1337_F_POA_03_ASEReadCounter.table","NW_015090842.1:5957502",18,39,21
"GAN","s1337_F_POA_03_ASEReadCounter.table","NW_015090842.1:5957578",20,35,15
"GAN","s1337_F_POA_03_ASEReadCounter.table","NW_015090842.1:5966047",22,64,42
"GAN","s1337_F_POA_03_ASEReadCounter.table","NW_015090842.1:5966126",25,68,43
"GAN","s1337_F_POA_03_ASEReadCounter.table","NW_015090842.1:5966127",25,67,42
"GAN","s1337_F_POA_03_ASEReadCounter.table","NW_015090842.1:5966162",45,105,60
"GAN","s1337_F_POA_03_ASEReadCounter.table","NW_015090842.1:5966483",72,174,102
"CMIP","s1337_F_POA_03_ASEReadCounter.table","NW_015090842.1:6109159",8,12,4
"CMIP","s1337_F_POA_03_ASEReadCounter.table","NW_015090842.1:6109166",7,10,3
"CMIP","s1337_F_POA_03_ASEReadCounter.table","NW_015090842.1:6114641",18,27,9
"CMIP","s1337_F_POA_03_ASEReadCounter.table","NW_015090842.1:6114751",12,27,15
"CMIP","s1337_F_POA_03_ASEReadCounter.table","NW_015090842.1:6114824",19,32,13
"CMIP","s1337_F_POA_03_ASEReadCounter.table","NW_015090842.1:6126295",83,83,0
"CMIP","s1337_F_POA_03_ASEReadCounter.table","NW_015090842.1:6128998",33,81,48
"CMIP","s1337_F_POA_03_ASEReadCounter.table","NW_015090842.1:6130562",63,144,81
"CMIP","s1337_F_POA_03_ASEReadCounter.table","NW_015090842.1:6132522",53,122,69
"CMIP","s1337_F_POA_03_ASEReadCounter.table","NW_015090842.1:6138265",164,437,273
"CMIP","s1337_F_POA_03_ASEReadCounter.table","NW_015090842.1:6138300",170,454,284
"CMIP","s1337_F_POA_03_ASEReadCounter.table","NW_015090842.1:6138342",129,355,226
"CMIP","s1337_F_POA_03_ASEReadCounter.table","NW_015090842.1:6138343",125,348,223
"CMIP","s1337_F_POA_03_ASEReadCounter.table","NW_015090842.1:6138345",128,357,229
"CMIP","s1337_F_POA_03_ASEReadCounter.table","NW_015090842.1:6138647",67,174,107
"CMIP","s1337_F_POA_03_ASEReadCounter.table","NW_015090842.1:6138745",76,187,111
"CMIP","s1337_F_POA_03_ASEReadCounter.table","NW_015090842.1:6138832",11,63,52
"CMIP","s1337_F_POA_03_ASEReadCounter.table","NW_015090842.1:6138967",83,170,87
"CMIP","s1337_F_POA_03_ASEReadCounter.table","NW_015090842.1:6139131",34,89,55
"CMIP","s1337_F_POA_03_ASEReadCounter.table","NW_015090842.1:6139163",14,63,49
"CMIP","s1337_F_POA_03_ASEReadCounter.table","NW_015090842.1:6139212",149,159,10
"CMIP","s1337_F_POA_03_ASEReadCounter.table","NW_015090842.1:6139360",41,90,49
"CMIP","s1337_F_POA_03_ASEReadCounter.table","NW_015090842.1:6139572",30,77,47
"PLCG2","s1337_F_POA_03_ASEReadCounter.table","NW_015090842.1:6179613",4,7,3
"PLCG2","s1337_F_POA_03_ASEReadCounter.table","NW_015090842.1:6179658",4,5,1
"PLCG2","s1337_F_POA_03_ASEReadCounter.table","NW_015090842.1:6203766",0,2,2
"PLCG2","s1337_F_POA_03_ASEReadCounter.table","NW_015090842.1:6203775",0,2,2
"PLCG2","s1337_F_POA_03_ASEReadCounter.table","NW_015090842.1:6203787",0,2,2
"PLCG2","s1337_F_POA_03_ASEReadCounter.table","NW_015090842.1:6217547",3,6,3
"PLCG2","s1337_F_POA_03_ASEReadCounter.table","NW_015090842.1:6218641",1,3,2
"PLCG2","s1337_F_POA_03_ASEReadCounter.table","NW_015090842.1:6220552",1,3,2
"PLCG2","s1337_F_POA_03_ASEReadCounter.table","NW_015090842.1:6221969",0,1,1
"PLCG2","s1337_F_POA_03_ASEReadCounter.table","NW_015090842.1:6228672",1,2,1
"PLCG2","s1337_F_POA_03_ASEReadCounter.table","NW_015090842.1:6228694",1,1,0
"PLCG2","s1337_F_POA_03_ASEReadCounter.table","NW_015090842.1:6228722",1,1,0
"PLCG2","s1337_F_POA_03_ASEReadCounter.table","NW_015090842.1:6228835",4,5,1
"PLCG2","s1337_F_POA_03_ASEReadCounter.table","NW_015090842.1:6228841",4,5,1
"PLCG2","s1337_F_POA_03_ASEReadCounter.table","NW_015090842.1:6228865",6,7,1
"PLCG2","s1337_F_POA_03_ASEReadCounter.table","NW_015090842.1:6228917",4,5,1
"PLCG2","s1337_F_POA_03_ASEReadCounter.table","NW_015090842.1:6228926",3,4,1
"PLCG2","s1337_F_POA_03_ASEReadCounter.table","NW_015090842.1:6228954",1,2,1
"PLCG2","s1337_F_POA_03_ASEReadCounter.table","NW_015090842.1:6229002",2,3,1
"PLCG2","s1337_F_POA_03_ASEReadCounter.table","NW_015090842.1:6229006",2,3,1
"PLCG2","s1337_F_POA_03_ASEReadCounter.table","NW_015090842.1:6229081",1,2,1
"PLCG2","s1337_F_POA_03_ASEReadCounter.table","NW_015090842.1:6229097",0,1,1
"PLCG2","s1337_F_POA_03_ASEReadCounter.table","NW_015090842.1:6229160",0,2,2
"PLCG2","s1337_F_POA_03_ASEReadCounter.table","NW_015090842.1:6229231",1,1,0
"PLCG2","s1337_F_POA_03_ASEReadCounter.table","NW_015090842.1:6229663",2,2,0
"PLCG2","s1337_F_POA_03_ASEReadCounter.table","NW_015090842.1:6229748",1,2,1
"PLCG2","s1337_F_POA_03_ASEReadCounter.table","NW_015090842.1:6229892",2,3,1
"PLCG2","s1337_F_POA_03_ASEReadCounter.table","NW_015090842.1:6230248",4,4,0
"PLCG2","s1337_F_POA_03_ASEReadCounter.table","NW_015090842.1:6230255",4,4,0
"PLCG2","s1337_F_POA_03_ASEReadCounter.table","NW_015090842.1:6230276",3,3,0
"PLCG2","s1337_F_POA_03_ASEReadCounter.table","NW_015090842.1:6230296",3,3,0
"PLCG2","s1337_F_POA_03_ASEReadCounter.table","NW_015090842.1:6230349",4,4,0
"PLCG2","s1337_F_POA_03_ASEReadCounter.table","NW_015090842.1:6230408",3,4,1
"PLCG2","s1337_F_POA_03_ASEReadCounter.table","NW_015090842.1:6230439",2,3,1
"PLCG2","s1337_F_POA_03_ASEReadCounter.table","NW_015090842.1:6230757",3,3,0
"PLCG2","s1337_F_POA_03_ASEReadCounter.table","NW_015090842.1:6230758",4,4,0
"PLCG2","s1337_F_POA_03_ASEReadCounter.table","NW_015090842.1:6230898",5,6,1
"PLCG2","s1337_F_POA_03_ASEReadCounter.table","NW_015090842.1:6230976",6,6,0
"PLCG2","s1337_F_POA_03_ASEReadCounter.table","NW_015090842.1:6231078",11,12,1
"PLCG2","s1337_F_POA_03_ASEReadCounter.table","NW_015090842.1:6231138",13,15,2
"PLCG2","s1337_F_POA_03_ASEReadCounter.table","NW_015090842.1:6231177",9,10,1
"PLCG2","s1337_F_POA_03_ASEReadCounter.table","NW_015090842.1:6231263",6,7,1
"SDR42E1","s1337_F_POA_03_ASEReadCounter.table","NW_015090842.1:6235292",2,4,2
"SDR42E1","s1337_F_POA_03_ASEReadCounter.table","NW_015090842.1:6235315",3,9,6
"SDR42E1","s1337_F_POA_03_ASEReadCounter.table","NW_015090842.1:6235348",6,15,9
"SDR42E1","s1337_F_POA_03_ASEReadCounter.table","NW_015090842.1:6235355",6,14,8
"SDR42E1","s1337_F_POA_03_ASEReadCounter.table","NW_015090842.1:6235417",7,20,13
"SDR42E1","s1337_F_POA_03_ASEReadCounter.table","NW_015090842.1:6235558",6,10,4
"SDR42E1","s1337_F_POA_03_ASEReadCounter.table","NW_015090842.1:6235741",7,13,6
"SDR42E1","s1337_F_POA_03_ASEReadCounter.table","NW_015090842.1:6235777",5,10,5
"SDR42E1","s1337_F_POA_03_ASEReadCounter.table","NW_015090842.1:6235806",5,13,8
"SDR42E1","s1337_F_POA_03_ASEReadCounter.table","NW_015090842.1:6235809",5,14,9
"SDR42E1","s1337_F_POA_03_ASEReadCounter.table","NW_015090842.1:6235816",5,16,11
"SDR42E1","s1337_F_POA_03_ASEReadCounter.table","NW_015090842.1:6235914",5,14,9
"SDR42E1","s1337_F_POA_03_ASEReadCounter.table","NW_015090842.1:6235935",5,13,8
"SDR42E1","s1337_F_POA_03_ASEReadCounter.table","NW_015090842.1:6235957",3,12,9
"SDR42E1","s1337_F_POA_03_ASEReadCounter.table","NW_015090842.1:6236040",5,14,9
"SDR42E1","s1337_F_POA_03_ASEReadCounter.table","NW_015090842.1:6236260",2,11,9
"SDR42E1","s1337_F_POA_03_ASEReadCounter.table","NW_015090842.1:6236281",1,8,7
"SDR42E1","s1337_F_POA_03_ASEReadCounter.table","NW_015090842.1:6236305",0,6,6
"SDR42E1","s1337_F_POA_03_ASEReadCounter.table","NW_015090842.1:6236458",1,5,4
"SDR42E1","s1337_F_POA_03_ASEReadCounter.table","NW_015090842.1:6236476",1,5,4
"SDR42E1","s1337_F_POA_03_ASEReadCounter.table","NW_015090842.1:6236608",1,2,1
"SDR42E1","s1337_F_POA_03_ASEReadCounter.table","NW_015090842.1:6238244",0,4,4
"SDR42E1","s1337_F_POA_03_ASEReadCounter.table","NW_015090842.1:6238829",1,3,2
"HSD17B2","s1337_F_POA_03_ASEReadCounter.table","NW_015090842.1:6266795",0,1,1
"HSD17B2","s1337_F_POA_03_ASEReadCounter.table","NW_015090842.1:6266944",0,3,3
"HSD17B2","s1337_F_POA_03_ASEReadCounter.table","NW_015090842.1:6267053",1,1,0
"HSD17B2","s1337_F_POA_03_ASEReadCounter.table","NW_015090842.1:6267196",0,2,2
"HSD17B2","s1337_F_POA_03_ASEReadCounter.table","NW_015090842.1:6267674",0,1,1
"HSD17B2","s1337_F_POA_03_ASEReadCounter.table","NW_015090842.1:6267913",0,2,2
"HSD17B2","s1337_F_POA_03_ASEReadCounter.table","NW_015090842.1:6268098",0,1,1
"HSD17B2","s1337_F_POA_03_ASEReadCounter.table","NW_015090842.1:6268203",0,1,1
"ARY2","s1337_F_POA_03_ASEReadCounter.table","NW_015090842.1:6303922",9,21,12
"ARY2","s1337_F_POA_03_ASEReadCounter.table","NW_015090842.1:6303954",10,27,17
"ARY2","s1337_F_POA_03_ASEReadCounter.table","NW_015090842.1:6303979",14,29,15
"ARY2","s1337_F_POA_03_ASEReadCounter.table","NW_015090842.1:6305848",18,30,12
"ARY2","s1337_F_POA_03_ASEReadCounter.table","NW_015090842.1:6305856",16,28,12
"ARY2","s1337_F_POA_03_ASEReadCounter.table","NW_015090842.1:6305857",17,29,12
"ARY2","s1337_F_POA_03_ASEReadCounter.table","NW_015090842.1:6306017",16,29,13
"ARY2","s1337_F_POA_03_ASEReadCounter.table","NW_015090842.1:6306052",21,32,11
"ARY2","s1337_F_POA_03_ASEReadCounter.table","NW_015090842.1:6306094",28,43,15
"ARY2","s1337_F_POA_03_ASEReadCounter.table","NW_015090842.1:6306100",28,44,16
"ARY2","s1337_F_POA_03_ASEReadCounter.table","NW_015090842.1:6306146",23,44,21
"ARY2","s1337_F_POA_03_ASEReadCounter.table","NW_015090842.1:6306147",24,45,21
"ARY2","s1337_F_POA_03_ASEReadCounter.table","NW_015090842.1:6306390",22,51,29
"ARY2","s1337_F_POA_03_ASEReadCounter.table","NW_015090842.1:6306567",19,45,26
"ARY2","s1337_F_POA_03_ASEReadCounter.table","NW_015090842.1:6306705",15,22,7
"ARY2","s1337_F_POA_03_ASEReadCounter.table","NW_015090842.1:6306773",16,21,5
"ARY2","s1337_F_POA_03_ASEReadCounter.table","NW_015090842.1:6307039",36,43,7
"ARY2","s1337_F_POA_03_ASEReadCounter.table","NW_015090842.1:6307043",37,46,9
"ARY2","s1337_F_POA_03_ASEReadCounter.table","NW_015090842.1:6307093",34,42,8
"ARY2","s1337_F_POA_03_ASEReadCounter.table","NW_015090842.1:6307138",32,43,11
"ARY2","s1337_F_POA_03_ASEReadCounter.table","NW_015090842.1:6307157",33,45,12
"ARY2","s1337_F_POA_03_ASEReadCounter.table","NW_015090842.1:6307187",34,48,14
"ARY2","s1337_F_POA_03_ASEReadCounter.table","NW_015090842.1:6307204",35,48,13
"ARY2","s1337_F_POA_03_ASEReadCounter.table","NW_015090842.1:6307278",29,38,9
"ARY2","s1337_F_POA_03_ASEReadCounter.table","NW_015090842.1:6307305",37,47,10
"ARY2","s1337_F_POA_03_ASEReadCounter.table","NW_015090842.1:6307318",40,50,10
"ARY2","s1337_F_POA_03_ASEReadCounter.table","NW_015090842.1:6307429",40,55,15
"ARY2","s1337_F_POA_03_ASEReadCounter.table","NW_015090842.1:6307487",45,65,20
"ARY2","s1337_F_POA_03_ASEReadCounter.table","NW_015090842.1:6307670",38,47,9
"ARYL","s1337_F_POA_03_ASEReadCounter.table","NW_015090842.1:6313360",1,1,0
"ARYL","s1337_F_POA_03_ASEReadCounter.table","NW_015090842.1:6313377",1,1,0
"ARYL","s1337_F_POA_03_ASEReadCounter.table","NW_015090842.1:6313767",1,2,1
"ARY1","s1337_F_POA_03_ASEReadCounter.table","NW_015090842.1:6314296",0,1,1
"ARY1","s1337_F_POA_03_ASEReadCounter.table","NW_015090842.1:6314541",3,7,4
"ARY1","s1337_F_POA_03_ASEReadCounter.table","NW_015090842.1:6314597",4,7,3
"ARY1","s1337_F_POA_03_ASEReadCounter.table","NW_015090842.1:6314750",4,5,1
"ARY1","s1337_F_POA_03_ASEReadCounter.table","NW_015090842.1:6314794",2,3,1
"ARY1","s1337_F_POA_03_ASEReadCounter.table","NW_015090842.1:6314827",2,2,0
"ARY1","s1337_F_POA_03_ASEReadCounter.table","NW_015090842.1:6314859",2,2,0
"ARY1","s1337_F_POA_03_ASEReadCounter.table","NW_015090842.1:6314886",1,2,1
"ARY1","s1337_F_POA_03_ASEReadCounter.table","NW_015090842.1:6315022",6,10,4
"ARY1","s1337_F_POA_03_ASEReadCounter.table","NW_015090842.1:6315026",7,11,4
"ARY1","s1337_F_POA_03_ASEReadCounter.table","NW_015090842.1:6315043",6,9,3
"ARY1","s1337_F_POA_03_ASEReadCounter.table","NW_015090842.1:6315065",8,12,4
"ARY1","s1337_F_POA_03_ASEReadCounter.table","NW_015090842.1:6315409",2,4,2
"ARY1","s1337_F_POA_03_ASEReadCounter.table","NW_015090842.1:6315479",2,3,1
"ARY1","s1337_F_POA_03_ASEReadCounter.table","NW_015090842.1:6318342",10,13,3
"ARY1","s1337_F_POA_03_ASEReadCounter.table","NW_015090842.1:6318427",11,19,8
"ARY1","s1337_F_POA_03_ASEReadCounter.table","NW_015090842.1:6318603",6,9,3
"ARY1","s1337_F_POA_03_ASEReadCounter.table","NW_015090842.1:6318708",3,7,4
"ARY1","s1337_F_POA_03_ASEReadCounter.table","NW_015090842.1:6318858",11,17,6
"ARY1","s1337_F_POA_03_ASEReadCounter.table","NW_015090842.1:6318952",13,21,8
"MPHOSPH6","s1337_F_POA_03_ASEReadCounter.table","NW_015090842.1:6324063",50,128,78
"MPHOSPH6","s1337_F_POA_03_ASEReadCounter.table","NW_015090842.1:6324174",127,271,144
"MPHOSPH6","s1337_F_POA_03_ASEReadCounter.table","NW_015090842.1:6324270",146,296,150
"MPHOSPH6","s1337_F_POA_03_ASEReadCounter.table","NW_015090842.1:6324762",97,210,113
"MPHOSPH6","s1337_F_POA_03_ASEReadCounter.table","NW_015090842.1:6324780",97,196,99
"MPHOSPH6","s1337_F_POA_03_ASEReadCounter.table","NW_015090842.1:6324902",99,199,100
"MPHOSPH6","s1337_F_POA_03_ASEReadCounter.table","NW_015090842.1:6325066",74,172,98
"MPHOSPH6","s1337_F_POA_03_ASEReadCounter.table","NW_015090842.1:6325089",80,187,107
"MPHOSPH6","s1337_F_POA_03_ASEReadCounter.table","NW_015090842.1:6325877",67,154,87
"MPHOSPH6","s1337_F_POA_03_ASEReadCounter.table","NW_015090842.1:6326976",42,105,63
"CDH13","s1337_F_POA_03_ASEReadCounter.table","NW_015090842.1:6662283",1,2,1
"CDH13","s1337_F_POA_03_ASEReadCounter.table","NW_015090842.1:6693665",3,5,2
"CDH13","s1337_F_POA_03_ASEReadCounter.table","NW_015090842.1:6693697",5,8,3
"CDH13","s1337_F_POA_03_ASEReadCounter.table","NW_015090842.1:6693712",5,8,3
"CDH13","s1337_F_POA_03_ASEReadCounter.table","NW_015090842.1:6693723",5,8,3
"CDH13","s1337_F_POA_03_ASEReadCounter.table","NW_015090842.1:6693738",4,7,3
"CDH13","s1337_F_POA_03_ASEReadCounter.table","NW_015090842.1:6823730",1,3,2
"CDH13","s1337_F_POA_03_ASEReadCounter.table","NW_015090842.1:6889713",11,13,2
"CDH13","s1337_F_POA_03_ASEReadCounter.table","NW_015090842.1:6955167",12,17,5
"MLYCD","s1337_F_POA_03_ASEReadCounter.table","NW_015090842.1:7150054",69,131,62
"MLYCD","s1337_F_POA_03_ASEReadCounter.table","NW_015090842.1:7150131",114,209,95
"MLYCD","s1337_F_POA_03_ASEReadCounter.table","NW_015090842.1:7150585",63,121,58
"MLYCD","s1337_F_POA_03_ASEReadCounter.table","NW_015090842.1:7150686",38,86,48
"MLYCD","s1337_F_POA_03_ASEReadCounter.table","NW_015090842.1:7150696",37,85,48
"MLYCD","s1337_F_POA_03_ASEReadCounter.table","NW_015090842.1:7150869",47,88,41
"MLYCD","s1337_F_POA_03_ASEReadCounter.table","NW_015090842.1:7151100",37,79,42
"MLYCD","s1337_F_POA_03_ASEReadCounter.table","NW_015090842.1:7151127",39,86,47
"MLYCD","s1337_F_POA_03_ASEReadCounter.table","NW_015090842.1:7157538",17,39,22
"MLYCD","s1337_F_POA_03_ASEReadCounter.table","NW_015090842.1:7167662",5,15,10
"MLYCD","s1337_F_POA_03_ASEReadCounter.table","NW_015090842.1:7167675",5,14,9
"MLYCD","s1337_F_POA_03_ASEReadCounter.table","NW_015090842.1:7167710",9,17,8
"MLYCD","s1337_F_POA_03_ASEReadCounter.table","NW_015090842.1:7167781",8,13,5
"MLYCD","s1337_F_POA_03_ASEReadCounter.table","NW_015090842.1:7167803",6,13,7
"MLYCD","s1337_F_POA_03_ASEReadCounter.table","NW_015090842.1:7167812",5,11,6
"MLYCD","s1337_F_POA_03_ASEReadCounter.table","NW_015090842.1:7167845",7,15,8
"MLYCD","s1337_F_POA_03_ASEReadCounter.table","NW_015090842.1:7167862",7,15,8
"MLYCD","s1337_F_POA_03_ASEReadCounter.table","NW_015090842.1:7167929",3,5,2
"MLYCD","s1337_F_POA_03_ASEReadCounter.table","NW_015090842.1:7167995",2,6,4
"MLYCD","s1337_F_POA_03_ASEReadCounter.table","NW_015090842.1:7168005",2,6,4
"MLYCD","s1337_F_POA_03_ASEReadCounter.table","NW_015090842.1:7168037",3,6,3
"HSBP1","s1337_F_POA_03_ASEReadCounter.table","NW_015090842.1:7245192",669,1129,460
"HSBP1","s1337_F_POA_03_ASEReadCounter.table","NW_015090842.1:7245226",723,1253,530
"HSBP1","s1337_F_POA_03_ASEReadCounter.table","NW_015090842.1:7245257",600,1083,483
"HSBP1","s1337_F_POA_03_ASEReadCounter.table","NW_015090842.1:7245296",506,997,491
"HSBP1","s1337_F_POA_03_ASEReadCounter.table","NW_015090842.1:7245389",709,1263,554
"HSBP1","s1337_F_POA_03_ASEReadCounter.table","NW_015090842.1:7245400",723,1219,496
"HSBP1","s1337_F_POA_03_ASEReadCounter.table","NW_015090842.1:7245445",639,1149,510
"HSBP1","s1337_F_POA_03_ASEReadCounter.table","NW_015090842.1:7245495",594,1081,487
"HSBP1","s1337_F_POA_03_ASEReadCounter.table","NW_015090842.1:7245733",328,640,312
"HSBP1","s1337_F_POA_03_ASEReadCounter.table","NW_015090842.1:7245771",361,653,292
"HSBP1","s1337_F_POA_03_ASEReadCounter.table","NW_015090842.1:7245813",323,584,261
"HSBP1","s1337_F_POA_03_ASEReadCounter.table","NW_015090842.1:7245926",381,656,275
"HSBP1","s1337_F_POA_03_ASEReadCounter.table","NW_015090842.1:7245927",381,654,273
"HSBP1","s1337_F_POA_03_ASEReadCounter.table","NW_015090842.1:7245933",372,640,268
"HSBP1","s1337_F_POA_03_ASEReadCounter.table","NW_015090842.1:7246002",261,516,255
"HSBP1","s1337_F_POA_03_ASEReadCounter.table","NW_015090842.1:7246094",318,563,245
"HSBP1","s1337_F_POA_03_ASEReadCounter.table","NW_015090842.1:7246167",308,527,219
"HSBP1","s1337_F_POA_03_ASEReadCounter.table","NW_015090842.1:7246183",302,528,226
"HSBP1","s1337_F_POA_03_ASEReadCounter.table","NW_015090842.1:7247285",45,54,9
"HSBP1","s1337_F_POA_03_ASEReadCounter.table","NW_015090842.1:7247651",329,719,390
"HSBP1","s1337_F_POA_03_ASEReadCounter.table","NW_015090842.1:7247657",313,694,381
"HSBP1","s1337_F_POA_03_ASEReadCounter.table","NW_015090842.1:7248520",235,483,248
"HSBP1","s1337_F_POA_03_ASEReadCounter.table","NW_015090842.1:7248535",195,397,202
"KCNG4","s1337_F_POA_03_ASEReadCounter.table","NW_015090842.1:7283245",0,1,1
"WFDC1","s1337_F_POA_03_ASEReadCounter.table","NW_015090842.1:7375828",0,2,2
"WFDC1","s1337_F_POA_03_ASEReadCounter.table","NW_015090842.1:7378036",1,2,1
"WFDC1","s1337_F_POA_03_ASEReadCounter.table","NW_015090842.1:7379451",0,2,2
"WFDC1","s1337_F_POA_03_ASEReadCounter.table","NW_015090842.1:7379576",0,1,1
"WFDC1","s1337_F_POA_03_ASEReadCounter.table","NW_015090842.1:7379596",0,1,1
"WFDC1","s1337_F_POA_03_ASEReadCounter.table","NW_015090842.1:7379605",0,1,1
"WFDC1","s1337_F_POA_03_ASEReadCounter.table","NW_015090842.1:7379626",0,1,1
"WFDC1","s1337_F_POA_03_ASEReadCounter.table","NW_015090842.1:7379631",0,1,1
"WFDC1","s1337_F_POA_03_ASEReadCounter.table","NW_015090842.1:7379632",0,1,1
"WFDC1","s1337_F_POA_03_ASEReadCounter.table","NW_015090842.1:7379652",0,1,1
"WFDC1","s1337_F_POA_03_ASEReadCounter.table","NW_015090842.1:7379821",2,2,0
"WFDC1","s1337_F_POA_03_ASEReadCounter.table","NW_015090842.1:7379840",1,2,1
"WFDC1","s1337_F_POA_03_ASEReadCounter.table","NW_015090842.1:7379933",2,4,2
"WFDC1","s1337_F_POA_03_ASEReadCounter.table","NW_015090842.1:7379935",2,4,2
"WFDC1","s1337_F_POA_03_ASEReadCounter.table","NW_015090842.1:7379983",2,2,0
"WFDC1","s1337_F_POA_03_ASEReadCounter.table","NW_015090842.1:7380136",1,1,0
"WFDC1","s1337_F_POA_03_ASEReadCounter.table","NW_015090842.1:7380150",1,1,0
"WFDC1","s1337_F_POA_03_ASEReadCounter.table","NW_015090842.1:7380164",1,1,0
"WFDC1","s1337_F_POA_03_ASEReadCounter.table","NW_015090842.1:7380491",2,3,1
"WFDC1","s1337_F_POA_03_ASEReadCounter.table","NW_015090842.1:7380567",1,2,1
"WFDC1","s1337_F_POA_03_ASEReadCounter.table","NW_015090842.1:7380743",0,1,1
"WFDC1","s1337_F_POA_03_ASEReadCounter.table","NW_015090842.1:7380852",1,4,3
"WFDC1","s1337_F_POA_03_ASEReadCounter.table","NW_015090842.1:7380878",0,2,2
"WFDC1","s1337_F_POA_03_ASEReadCounter.table","NW_015090842.1:7381081",1,2,1
"WFDC1","s1337_F_POA_03_ASEReadCounter.table","NW_015090842.1:7381127",1,1,0
"WFDC1","s1337_F_POA_03_ASEReadCounter.table","NW_015090842.1:7381195",1,1,0
"WFDC1","s1337_F_POA_03_ASEReadCounter.table","NW_015090842.1:7381378",2,6,4
"WFDC1","s1337_F_POA_03_ASEReadCounter.table","NW_015090842.1:7381433",1,7,6
"WFDC1","s1337_F_POA_03_ASEReadCounter.table","NW_015090842.1:7381434",1,7,6
"WFDC1","s1337_F_POA_03_ASEReadCounter.table","NW_015090842.1:7381442",2,7,5
"WFDC1","s1337_F_POA_03_ASEReadCounter.table","NW_015090842.1:7381517",2,8,6
"WFDC1","s1337_F_POA_03_ASEReadCounter.table","NW_015090842.1:7381520",2,8,6
"WFDC1","s1337_F_POA_03_ASEReadCounter.table","NW_015090842.1:7381677",1,1,0
"ATP2C2","s1337_F_POA_03_ASEReadCounter.table","NW_015090842.1:7395230",1,1,0
"ATP2C2","s1337_F_POA_03_ASEReadCounter.table","NW_015090842.1:7395366",1,1,0
"ATP2C2","s1337_F_POA_03_ASEReadCounter.table","NW_015090842.1:7405621",0,1,1
"ATP2C2","s1337_F_POA_03_ASEReadCounter.table","NW_015090842.1:7413855",30,44,14
"ATP2C2","s1337_F_POA_03_ASEReadCounter.table","NW_015090842.1:7413869",2,16,14
"ATP2C2","s1337_F_POA_03_ASEReadCounter.table","NW_015090842.1:7413875",5,20,15
"TLDC1","s1337_F_POA_03_ASEReadCounter.table","NW_015090842.1:7421137",22,53,31
"TLDC1","s1337_F_POA_03_ASEReadCounter.table","NW_015090842.1:7421155",18,46,28
"TLDC1","s1337_F_POA_03_ASEReadCounter.table","NW_015090842.1:7421218",15,37,22
"TLDC1","s1337_F_POA_03_ASEReadCounter.table","NW_015090842.1:7421399",18,33,15
"TLDC1","s1337_F_POA_03_ASEReadCounter.table","NW_015090842.1:7421402",18,32,14
"TLDC1","s1337_F_POA_03_ASEReadCounter.table","NW_015090842.1:7421528",13,27,14
"TLDC1","s1337_F_POA_03_ASEReadCounter.table","NW_015090842.1:7421532",14,30,16
"TLDC1","s1337_F_POA_03_ASEReadCounter.table","NW_015090842.1:7421621",16,27,11
"TLDC1","s1337_F_POA_03_ASEReadCounter.table","NW_015090842.1:7421647",12,22,10
"TLDC1","s1337_F_POA_03_ASEReadCounter.table","NW_015090842.1:7421657",12,27,15
"TLDC1","s1337_F_POA_03_ASEReadCounter.table","NW_015090842.1:7421693",18,33,15
"TLDC1","s1337_F_POA_03_ASEReadCounter.table","NW_015090842.1:7421796",14,33,19
"TLDC1","s1337_F_POA_03_ASEReadCounter.table","NW_015090842.1:7421810",17,40,23
"TLDC1","s1337_F_POA_03_ASEReadCounter.table","NW_015090842.1:7421833",16,44,28
"TLDC1","s1337_F_POA_03_ASEReadCounter.table","NW_015090842.1:7421879",20,44,24
"TLDC1","s1337_F_POA_03_ASEReadCounter.table","NW_015090842.1:7421914",23,41,18
"TLDC1","s1337_F_POA_03_ASEReadCounter.table","NW_015090842.1:7421969",17,28,11
"TLDC1","s1337_F_POA_03_ASEReadCounter.table","NW_015090842.1:7422015",18,30,12
"TLDC1","s1337_F_POA_03_ASEReadCounter.table","NW_015090842.1:7422042",15,27,12
"TLDC1","s1337_F_POA_03_ASEReadCounter.table","NW_015090842.1:7422230",27,37,10
"TLDC1","s1337_F_POA_03_ASEReadCounter.table","NW_015090842.1:7423349",22,31,9
"TLDC1","s1337_F_POA_03_ASEReadCounter.table","NW_015090842.1:7423362",20,29,9
"TLDC1","s1337_F_POA_03_ASEReadCounter.table","NW_015090842.1:7426091",10,14,4
"TLDC1","s1337_F_POA_03_ASEReadCounter.table","NW_015090842.1:7426485",6,12,6
"TLDC1","s1337_F_POA_03_ASEReadCounter.table","NW_015090842.1:7427211",8,13,5
"TLDC1","s1337_F_POA_03_ASEReadCounter.table","NW_015090842.1:7428179",9,17,8
"COTL1","s1337_F_POA_03_ASEReadCounter.table","NW_015090842.1:7490744",661,1551,890
"COTL1","s1337_F_POA_03_ASEReadCounter.table","NW_015090842.1:7491051",446,1015,569
"COTL1","s1337_F_POA_03_ASEReadCounter.table","NW_015090842.1:7491124",437,914,477
"COTL1","s1337_F_POA_03_ASEReadCounter.table","NW_015090842.1:7491418",222,478,256
"COTL1","s1337_F_POA_03_ASEReadCounter.table","NW_015090842.1:7491539",171,383,212
"COTL1","s1337_F_POA_03_ASEReadCounter.table","NW_015090842.1:7491585",246,531,285
"COTL1","s1337_F_POA_03_ASEReadCounter.table","NW_015090842.1:7491586",239,557,318
"COTL1","s1337_F_POA_03_ASEReadCounter.table","NW_015090842.1:7491646",299,693,394
"COTL1","s1337_F_POA_03_ASEReadCounter.table","NW_015090842.1:7491747",220,475,255
"COTL1","s1337_F_POA_03_ASEReadCounter.table","NW_015090842.1:7491803",212,440,228
"COTL1","s1337_F_POA_03_ASEReadCounter.table","NW_015090842.1:7507551",0,1,1
"COTL1","s1337_F_POA_03_ASEReadCounter.table","NW_015090842.1:7507563",0,1,1
"COTL1","s1337_F_POA_03_ASEReadCounter.table","NW_015090842.1:7510900",0,2,2
"KLHL36","s1337_F_POA_03_ASEReadCounter.table","NW_015090842.1:7514700",45,61,16
"KLHL36","s1337_F_POA_03_ASEReadCounter.table","NW_015090842.1:7519691",4,4,0
"KLHL36","s1337_F_POA_03_ASEReadCounter.table","NW_015090842.1:7519696",4,4,0
"KLHL36","s1337_F_POA_03_ASEReadCounter.table","NW_015090842.1:7526160",17,39,22
"KLHL36","s1337_F_POA_03_ASEReadCounter.table","NW_015090842.1:7526469",15,32,17
"KLHL36","s1337_F_POA_03_ASEReadCounter.table","NW_015090842.1:7526587",16,36,20
"KLHL36","s1337_F_POA_03_ASEReadCounter.table","NW_015090842.1:7526997",9,24,15
"KLHL36","s1337_F_POA_03_ASEReadCounter.table","NW_015090842.1:7527142",15,23,8
"KLHL36","s1337_F_POA_03_ASEReadCounter.table","NW_015090842.1:7535174",36,68,32
"KLHL36","s1337_F_POA_03_ASEReadCounter.table","NW_015090842.1:7535384",25,50,25
"KLHL36","s1337_F_POA_03_ASEReadCounter.table","NW_015090842.1:7535420",27,56,29
"KLHL36","s1337_F_POA_03_ASEReadCounter.table","NW_015090842.1:7535545",14,32,18
"KLHL36","s1337_F_POA_03_ASEReadCounter.table","NW_015090842.1:7535829",44,78,34
"KLHL36","s1337_F_POA_03_ASEReadCounter.table","NW_015090842.1:7535977",20,55,35
"KLHL36","s1337_F_POA_03_ASEReadCounter.table","NW_015090842.1:7536010",22,61,39
"KLHL36","s1337_F_POA_03_ASEReadCounter.table","NW_015090842.1:7536051",27,62,35
"KLHL36","s1337_F_POA_03_ASEReadCounter.table","NW_015090842.1:7536096",25,60,35
"KLHL36","s1337_F_POA_03_ASEReadCounter.table","NW_015090842.1:7536135",38,74,36
"KLHL36","s1337_F_POA_03_ASEReadCounter.table","NW_015090842.1:7536136",38,69,31
"KLHL36","s1337_F_POA_03_ASEReadCounter.table","NW_015090842.1:7536160",41,71,30
"KLHL36","s1337_F_POA_03_ASEReadCounter.table","NW_015090842.1:7536336",43,92,49
"KLHL36","s1337_F_POA_03_ASEReadCounter.table","NW_015090842.1:7536352",40,88,48
"KLHL36","s1337_F_POA_03_ASEReadCounter.table","NW_015090842.1:7536412",24,63,39
"KLHL36","s1337_F_POA_03_ASEReadCounter.table","NW_015090842.1:7536418",21,60,39
"KLHL36","s1337_F_POA_03_ASEReadCounter.table","NW_015090842.1:7536465",23,54,31
"KLHL36","s1337_F_POA_03_ASEReadCounter.table","NW_015090842.1:7536466",23,51,28
"KLHL36","s1337_F_POA_03_ASEReadCounter.table","NW_015090842.1:7536553",40,78,38
"KLHL36","s1337_F_POA_03_ASEReadCounter.table","NW_015090842.1:7536698",28,61,33
"KLHL36","s1337_F_POA_03_ASEReadCounter.table","NW_015090842.1:7536713",17,59,42
"KLHL36","s1337_F_POA_03_ASEReadCounter.table","NW_015090842.1:7536720",28,63,35
"KLHL36","s1337_F_POA_03_ASEReadCounter.table","NW_015090842.1:7536791",36,81,45
"KLHL36","s1337_F_POA_03_ASEReadCounter.table","NW_015090842.1:7536849",40,88,48
"KLHL36","s1337_F_POA_03_ASEReadCounter.table","NW_015090842.1:7536872",44,84,40
"KLHL36","s1337_F_POA_03_ASEReadCounter.table","NW_015090842.1:7536878",48,82,34
"KLHL36","s1337_F_POA_03_ASEReadCounter.table","NW_015090842.1:7536916",57,88,31
"KLHL36","s1337_F_POA_03_ASEReadCounter.table","NW_015090842.1:7536927",57,112,55
"KLHL36","s1337_F_POA_03_ASEReadCounter.table","NW_015090842.1:7537315",64,130,66
"KLHL36","s1337_F_POA_03_ASEReadCounter.table","NW_015090842.1:7537352",52,111,59
"KLHL36","s1337_F_POA_03_ASEReadCounter.table","NW_015090842.1:7537631",55,148,93
"KLHL36","s1337_F_POA_03_ASEReadCounter.table","NW_015090842.1:7537830",111,206,95
"KLHL36","s1337_F_POA_03_ASEReadCounter.table","NW_015090842.1:7537838",99,195,96
"KLHL36","s1337_F_POA_03_ASEReadCounter.table","NW_015090842.1:7538153",75,184,109
"KLHL36","s1337_F_POA_03_ASEReadCounter.table","NW_015090842.1:7538256",56,169,113
"KLHL36","s1337_F_POA_03_ASEReadCounter.table","NW_015090842.1:7538265",55,162,107
"KLHL36","s1337_F_POA_03_ASEReadCounter.table","NW_015090842.1:7538300",59,157,98
"USP10","s1337_F_POA_03_ASEReadCounter.table","NW_015090842.1:7563972",2,6,4
"USP10","s1337_F_POA_03_ASEReadCounter.table","NW_015090842.1:7571816",10,21,11
"USP10","s1337_F_POA_03_ASEReadCounter.table","NW_015090842.1:7571993",12,24,12
"USP10","s1337_F_POA_03_ASEReadCounter.table","NW_015090842.1:7572580",22,42,20
"USP10","s1337_F_POA_03_ASEReadCounter.table","NW_015090842.1:7587372",63,168,105
"CRISPLD2","s1337_F_POA_03_ASEReadCounter.table","NW_015090842.1:7609883",1,1,0
"CRISPLD2","s1337_F_POA_03_ASEReadCounter.table","NW_015090842.1:7617757",1,2,1
"CRISPLD2","s1337_F_POA_03_ASEReadCounter.table","NW_015090842.1:7617781",1,2,1
"CRISPLD2","s1337_F_POA_03_ASEReadCounter.table","NW_015090842.1:7617790",1,1,0
"CRISPLD2","s1337_F_POA_03_ASEReadCounter.table","NW_015090842.1:7621452",0,1,1
"CRISPLD2","s1337_F_POA_03_ASEReadCounter.table","NW_015090842.1:7625451",3,3,0
"CRISPLD2","s1337_F_POA_03_ASEReadCounter.table","NW_015090842.1:7626214",4,4,0
"CRISPLD2","s1337_F_POA_03_ASEReadCounter.table","NW_015090842.1:7630784",5,5,0
"CRISPLD2","s1337_F_POA_03_ASEReadCounter.table","NW_015090842.1:7630823",4,4,0
"CRISPLD2","s1337_F_POA_03_ASEReadCounter.table","NW_015090842.1:7633172",6,7,1
"CRISPLD2","s1337_F_POA_03_ASEReadCounter.table","NW_015090842.1:7633326",4,4,0
"CRISPLD2","s1337_F_POA_03_ASEReadCounter.table","NW_015090842.1:7633336",4,4,0
"CRISPLD2","s1337_F_POA_03_ASEReadCounter.table","NW_015090842.1:7633381",5,5,0
"CRISPLD2","s1337_F_POA_03_ASEReadCounter.table","NW_015090842.1:7633388",4,4,0
"CRISPLD2","s1337_F_POA_03_ASEReadCounter.table","NW_015090842.1:7633400",6,7,1
"CRISPLD2","s1337_F_POA_03_ASEReadCounter.table","NW_015090842.1:7633486",6,7,1
"CRISPLD2","s1337_F_POA_03_ASEReadCounter.table","NW_015090842.1:7633503",5,6,1
"CRISPLD2","s1337_F_POA_03_ASEReadCounter.table","NW_015090842.1:7633504",5,6,1
"CRISPLD2","s1337_F_POA_03_ASEReadCounter.table","NW_015090842.1:7633557",5,7,2
"CRISPLD2","s1337_F_POA_03_ASEReadCounter.table","NW_015090842.1:7633571",5,7,2
"CRISPLD2","s1337_F_POA_03_ASEReadCounter.table","NW_015090842.1:7633588",4,6,2
"CRISPLD2","s1337_F_POA_03_ASEReadCounter.table","NW_015090842.1:7633617",4,5,1
"CRISPLD2","s1337_F_POA_03_ASEReadCounter.table","NW_015090842.1:7633695",2,3,1
"CRISPLD2","s1337_F_POA_03_ASEReadCounter.table","NW_015090842.1:7633721",3,3,0
"CRISPLD2","s1337_F_POA_03_ASEReadCounter.table","NW_015090842.1:7633888",2,2,0
"CRISPLD2","s1337_F_POA_03_ASEReadCounter.table","NW_015090842.1:7633910",1,1,0
"CRISPLD2","s1337_F_POA_03_ASEReadCounter.table","NW_015090842.1:7634142",2,2,0
"CRISPLD2","s1337_F_POA_03_ASEReadCounter.table","NW_015090842.1:7634417",2,2,0
"CRISPLD2","s1337_F_POA_03_ASEReadCounter.table","NW_015090842.1:7635009",1,1,0
"CRISPLD2","s1337_F_POA_03_ASEReadCounter.table","NW_015090842.1:7635208",1,1,0
"CRISPLD2","s1337_F_POA_03_ASEReadCounter.table","NW_015090842.1:7635373",3,4,1
"CRISPLD2","s1337_F_POA_03_ASEReadCounter.table","NW_015090842.1:7635525",3,3,0
"CRISPLD2","s1337_F_POA_03_ASEReadCounter.table","NW_015090842.1:7635583",2,2,0
"CRISPLD2","s1337_F_POA_03_ASEReadCounter.table","NW_015090842.1:7635924",2,4,2
"LOC106888312","s1337_F_POA_03_ASEReadCounter.table","NW_015090842.1:7727961",0,1,1
"LOC106888312","s1337_F_POA_03_ASEReadCounter.table","NW_015090842.1:7732682",0,1,1
"LOC106888312","s1337_F_POA_03_ASEReadCounter.table","NW_015090842.1:7732696",0,1,1
"LOC106888312","s1337_F_POA_03_ASEReadCounter.table","NW_015090842.1:7732709",0,1,1
"LOC106888312","s1337_F_POA_03_ASEReadCounter.table","NW_015090842.1:7732718",0,1,1
"LOC106888312","s1337_F_POA_03_ASEReadCounter.table","NW_015090842.1:7732739",0,1,1
"LOC106888312","s1337_F_POA_03_ASEReadCounter.table","NW_015090842.1:7732743",0,1,1
"LOC106888312","s1337_F_POA_03_ASEReadCounter.table","NW_015090842.1:7732744",0,1,1
"LOC106888312","s1337_F_POA_03_ASEReadCounter.table","NW_015090842.1:7732860",1,1,0
"LOC106888312","s1337_F_POA_03_ASEReadCounter.table","NW_015090842.1:7732861",1,1,0
"LOC106888312","s1337_F_POA_03_ASEReadCounter.table","NW_015090842.1:7732918",1,1,0
"LOC106888312","s1337_F_POA_03_ASEReadCounter.table","NW_015090842.1:7732997",1,1,0
"LOC106888312","s1337_F_POA_03_ASEReadCounter.table","NW_015090842.1:7733011",1,1,0
"LOC106888312","s1337_F_POA_03_ASEReadCounter.table","NW_015090842.1:7733046",1,1,0
"LOC106888312","s1337_F_POA_03_ASEReadCounter.table","NW_015090842.1:7733068",0,1,1
"LOC106888312","s1337_F_POA_03_ASEReadCounter.table","NW_015090842.1:7733077",0,1,1
"LOC106888312","s1337_F_POA_03_ASEReadCounter.table","NW_015090842.1:7733096",0,1,1
"LOC106888312","s1337_F_POA_03_ASEReadCounter.table","NW_015090842.1:7733142",0,1,1
"LOC106888312","s1337_F_POA_03_ASEReadCounter.table","NW_015090842.1:7733196",0,1,1
"LOC106888312","s1337_F_POA_03_ASEReadCounter.table","NW_015090842.1:7733299",0,1,1
"LOC106888312","s1337_F_POA_03_ASEReadCounter.table","NW_015090842.1:7733518",0,1,1
"ZDHHC7","s1337_F_POA_03_ASEReadCounter.table","NW_015090842.1:7737199",25,60,35
"ZDHHC7","s1337_F_POA_03_ASEReadCounter.table","NW_015090842.1:7737332",18,50,32
"ZDHHC7","s1337_F_POA_03_ASEReadCounter.table","NW_015090842.1:7737553",30,71,41
"ZDHHC7","s1337_F_POA_03_ASEReadCounter.table","NW_015090842.1:7737920",14,32,18
"ZDHHC7","s1337_F_POA_03_ASEReadCounter.table","NW_015090842.1:7737953",11,32,21
"ZDHHC7","s1337_F_POA_03_ASEReadCounter.table","NW_015090842.1:7737987",12,32,20
"ZDHHC7","s1337_F_POA_03_ASEReadCounter.table","NW_015090842.1:7738068",11,26,15
"ZDHHC7","s1337_F_POA_03_ASEReadCounter.table","NW_015090842.1:7738204",12,30,18
"LOC106888097","s1337_F_POA_03_ASEReadCounter.table","NW_015090842.1:7767178",6,14,8
"LOC106888097","s1337_F_POA_03_ASEReadCounter.table","NW_015090842.1:7767187",6,15,9
"LOC106888097","s1337_F_POA_03_ASEReadCounter.table","NW_015090842.1:7768144",10,25,15
"LOC106888097","s1337_F_POA_03_ASEReadCounter.table","NW_015090842.1:7768196",10,24,14
"LOC106888097","s1337_F_POA_03_ASEReadCounter.table","NW_015090842.1:7769884",11,29,18
"LOC106888097","s1337_F_POA_03_ASEReadCounter.table","NW_015090842.1:7769893",9,24,15
"LOC106888097","s1337_F_POA_03_ASEReadCounter.table","NW_015090842.1:7770245",17,41,24
"LOC106888097","s1337_F_POA_03_ASEReadCounter.table","NW_015090842.1:7772402",22,48,26
"LOC106888097","s1337_F_POA_03_ASEReadCounter.table","NW_015090842.1:7772483",20,53,33
"LOC106888097","s1337_F_POA_03_ASEReadCounter.table","NW_015090842.1:7772490",20,52,32
"LOC106888097","s1337_F_POA_03_ASEReadCounter.table","NW_015090842.1:7774281",32,79,47
"LOC106888097","s1337_F_POA_03_ASEReadCounter.table","NW_015090842.1:7774552",33,129,96
"LOC106888097","s1337_F_POA_03_ASEReadCounter.table","NW_015090842.1:7774564",33,124,91
"LOC106888097","s1337_F_POA_03_ASEReadCounter.table","NW_015090842.1:7774611",31,121,90
"LOC106888097","s1337_F_POA_03_ASEReadCounter.table","NW_015090842.1:7774681",34,108,74
"LOC106888097","s1337_F_POA_03_ASEReadCounter.table","NW_015090842.1:7774698",29,90,61
"LOC106888097","s1337_F_POA_03_ASEReadCounter.table","NW_015090842.1:7774730",22,58,36
"LOC106888097","s1337_F_POA_03_ASEReadCounter.table","NW_015090842.1:7774778",7,9,2
"LOC106888097","s1337_F_POA_03_ASEReadCounter.table","NW_015090842.1:7774793",4,6,2
"FOXL1","s1337_F_POA_03_ASEReadCounter.table","NW_015090842.1:8113043",0,1,1
"FOXC2","s1337_F_POA_03_ASEReadCounter.table","NW_015090842.1:8129599",35,76,41
"FOXC2","s1337_F_POA_03_ASEReadCounter.table","NW_015090842.1:8129616",29,69,40
"FOXC2","s1337_F_POA_03_ASEReadCounter.table","NW_015090842.1:8129715",32,66,34
"FOXC2","s1337_F_POA_03_ASEReadCounter.table","NW_015090842.1:8129719",28,64,36
"FOXC2","s1337_F_POA_03_ASEReadCounter.table","NW_015090842.1:8130244",13,25,12
"FOXC2","s1337_F_POA_03_ASEReadCounter.table","NW_015090842.1:8130472",9,22,13
"FOXC2","s1337_F_POA_03_ASEReadCounter.table","NW_015090842.1:8130490",10,22,12
"FOXC2","s1337_F_POA_03_ASEReadCounter.table","NW_015090842.1:8130547",11,28,17
"FOXC2","s1337_F_POA_03_ASEReadCounter.table","NW_015090842.1:8130550",11,27,16
"FOXC2","s1337_F_POA_03_ASEReadCounter.table","NW_015090842.1:8130573",9,24,15
"FOXC2","s1337_F_POA_03_ASEReadCounter.table","NW_015090842.1:8130575",9,24,15
"MTHFSD","s1337_F_POA_03_ASEReadCounter.table","NW_015090842.1:8140051",17,33,16
"MTHFSD","s1337_F_POA_03_ASEReadCounter.table","NW_015090842.1:8142923",16,46,30
"MTHFSD","s1337_F_POA_03_ASEReadCounter.table","NW_015090842.1:8143029",27,56,29
"MTHFSD","s1337_F_POA_03_ASEReadCounter.table","NW_015090842.1:8152035",16,31,15
"MTHFSD","s1337_F_POA_03_ASEReadCounter.table","NW_015090842.1:8152315",10,31,21
"MTHFSD","s1337_F_POA_03_ASEReadCounter.table","NW_015090842.1:8152511",17,35,18
"MTHFSD","s1337_F_POA_03_ASEReadCounter.table","NW_015090842.1:8152518",16,33,17
"MTHFSD","s1337_F_POA_03_ASEReadCounter.table","NW_015090842.1:8152553",12,21,9
"MTHFSD","s1337_F_POA_03_ASEReadCounter.table","NW_015090842.1:8152773",26,42,16
"MTHFSD","s1337_F_POA_03_ASEReadCounter.table","NW_015090842.1:8152805",22,44,22
"FOXF1","s1337_F_POA_03_ASEReadCounter.table","NW_015090842.1:8164789",3,4,1
"FOXF1","s1337_F_POA_03_ASEReadCounter.table","NW_015090842.1:8167588",1,1,0
"IRF8","s1337_F_POA_03_ASEReadCounter.table","NW_015090842.1:8406652",14,30,16
"IRF8","s1337_F_POA_03_ASEReadCounter.table","NW_015090842.1:8406703",23,33,10
"IRF8","s1337_F_POA_03_ASEReadCounter.table","NW_015090842.1:8406704",23,32,9
"IRF8","s1337_F_POA_03_ASEReadCounter.table","NW_015090842.1:8406757",4,26,22
"IRF8","s1337_F_POA_03_ASEReadCounter.table","NW_015090842.1:8406778",12,22,10
"IRF8","s1337_F_POA_03_ASEReadCounter.table","NW_015090842.1:8406819",15,26,11
"IRF8","s1337_F_POA_03_ASEReadCounter.table","NW_015090842.1:8406941",8,22,14
"IRF8","s1337_F_POA_03_ASEReadCounter.table","NW_015090842.1:8407008",4,16,12
"IRF8","s1337_F_POA_03_ASEReadCounter.table","NW_015090842.1:8407057",1,9,8
"IRF8","s1337_F_POA_03_ASEReadCounter.table","NW_015090842.1:8407064",1,7,6
"IRF8","s1337_F_POA_03_ASEReadCounter.table","NW_015090842.1:8407069",1,9,8
"IRF8","s1337_F_POA_03_ASEReadCounter.table","NW_015090842.1:8407120",5,15,10
"IRF8","s1337_F_POA_03_ASEReadCounter.table","NW_015090842.1:8407157",7,14,7
"IRF8","s1337_F_POA_03_ASEReadCounter.table","NW_015090842.1:8407203",8,17,9
"IRF8","s1337_F_POA_03_ASEReadCounter.table","NW_015090842.1:8407272",8,22,14
"IRF8","s1337_F_POA_03_ASEReadCounter.table","NW_015090842.1:8407276",8,22,14
"IRF8","s1337_F_POA_03_ASEReadCounter.table","NW_015090842.1:8407303",12,26,14
"IRF8","s1337_F_POA_03_ASEReadCounter.table","NW_015090842.1:8407451",8,15,7
"IRF8","s1337_F_POA_03_ASEReadCounter.table","NW_015090842.1:8407456",8,15,7
"IRF8","s1337_F_POA_03_ASEReadCounter.table","NW_015090842.1:8408564",6,16,10
"IRF8","s1337_F_POA_03_ASEReadCounter.table","NW_015090842.1:8408585",9,16,7
"IRF8","s1337_F_POA_03_ASEReadCounter.table","NW_015090842.1:8408973",5,17,12
"IRF8","s1337_F_POA_03_ASEReadCounter.table","NW_015090842.1:8409060",3,5,2
"IRF8","s1337_F_POA_03_ASEReadCounter.table","NW_015090842.1:8409065",3,5,2
"IRF8","s1337_F_POA_03_ASEReadCounter.table","NW_015090842.1:8409254",3,4,1
"IRF8","s1337_F_POA_03_ASEReadCounter.table","NW_015090842.1:8409255",3,4,1
"IRF8","s1337_F_POA_03_ASEReadCounter.table","NW_015090842.1:8409258",4,5,1
"IRF8","s1337_F_POA_03_ASEReadCounter.table","NW_015090842.1:8409312",5,7,2
"IRF8","s1337_F_POA_03_ASEReadCounter.table","NW_015090842.1:8410216",0,5,5
"IRF8","s1337_F_POA_03_ASEReadCounter.table","NW_015090842.1:8410237",0,7,7
"IRF8","s1337_F_POA_03_ASEReadCounter.table","NW_015090842.1:8410276",3,9,6
"IRF8","s1337_F_POA_03_ASEReadCounter.table","NW_015090842.1:8410813",3,7,4
"IRF8","s1337_F_POA_03_ASEReadCounter.table","NW_015090842.1:8410861",3,7,4
"IRF8","s1337_F_POA_03_ASEReadCounter.table","NW_015090842.1:8411940",1,1,0
"IRF8","s1337_F_POA_03_ASEReadCounter.table","NW_015090842.1:8412006",3,4,1
"IRF8","s1337_F_POA_03_ASEReadCounter.table","NW_015090842.1:8412042",5,6,1
"DUSP15","s1337_F_POA_03_ASEReadCounter.table","NW_015090842.1:8422787",1,1,0
"DUSP15","s1337_F_POA_03_ASEReadCounter.table","NW_015090842.1:8422832",1,1,0
"DUSP15","s1337_F_POA_03_ASEReadCounter.table","NW_015090842.1:8422898",1,1,0
"DUSP15","s1337_F_POA_03_ASEReadCounter.table","NW_015090842.1:8422909",1,1,0
"COX4I1","s1337_F_POA_03_ASEReadCounter.table","NW_015090842.1:8442258",1186,2328,1142
"COX4I1","s1337_F_POA_03_ASEReadCounter.table","NW_015090842.1:8442333",965,1864,899
"EMC8","s1337_F_POA_03_ASEReadCounter.table","NW_015090842.1:8444046",42,77,35
"EMC8","s1337_F_POA_03_ASEReadCounter.table","NW_015090842.1:8444064",34,67,33
"EMC8","s1337_F_POA_03_ASEReadCounter.table","NW_015090842.1:8452029",30,82,52
"EMC8","s1337_F_POA_03_ASEReadCounter.table","NW_015090842.1:8452116",45,105,60
"EMC8","s1337_F_POA_03_ASEReadCounter.table","NW_015090842.1:8452121",48,108,60
"EMC8","s1337_F_POA_03_ASEReadCounter.table","NW_015090842.1:8452222",69,106,37
"EMC8","s1337_F_POA_03_ASEReadCounter.table","NW_015090842.1:8452244",62,108,46
"EMC8","s1337_F_POA_03_ASEReadCounter.table","NW_015090842.1:8452477",18,39,21
"EMC8","s1337_F_POA_03_ASEReadCounter.table","NW_015090842.1:8452498",16,35,19
"EMC8","s1337_F_POA_03_ASEReadCounter.table","NW_015090842.1:8452535",15,26,11
"EMC8","s1337_F_POA_03_ASEReadCounter.table","NW_015090842.1:8452575",9,15,6
"EMC8","s1337_F_POA_03_ASEReadCounter.table","NW_015090842.1:8452600",12,24,12
"EMC8","s1337_F_POA_03_ASEReadCounter.table","NW_015090842.1:8452616",13,23,10
"EMC8","s1337_F_POA_03_ASEReadCounter.table","NW_015090842.1:8452630",11,20,9
"EMC8","s1337_F_POA_03_ASEReadCounter.table","NW_015090842.1:8452650",16,25,9
"EMC8","s1337_F_POA_03_ASEReadCounter.table","NW_015090842.1:8452678",28,44,16
"EMC8","s1337_F_POA_03_ASEReadCounter.table","NW_015090842.1:8452724",30,48,18
"EMC8","s1337_F_POA_03_ASEReadCounter.table","NW_015090842.1:8452731",30,48,18
"EMC8","s1337_F_POA_03_ASEReadCounter.table","NW_015090842.1:8452743",27,48,21
"EMC8","s1337_F_POA_03_ASEReadCounter.table","NW_015090842.1:8452750",23,45,22
"EMC8","s1337_F_POA_03_ASEReadCounter.table","NW_015090842.1:8452778",19,36,17
"EMC8","s1337_F_POA_03_ASEReadCounter.table","NW_015090842.1:8452783",14,31,17
"EMC8","s1337_F_POA_03_ASEReadCounter.table","NW_015090842.1:8452800",23,36,13
"EMC8","s1337_F_POA_03_ASEReadCounter.table","NW_015090842.1:8452804",25,39,14
"EMC8","s1337_F_POA_03_ASEReadCounter.table","NW_015090842.1:8452812",24,36,12
"EMC8","s1337_F_POA_03_ASEReadCounter.table","NW_015090842.1:8452858",37,52,15
"EMC8","s1337_F_POA_03_ASEReadCounter.table","NW_015090842.1:8452906",46,67,21
"EMC8","s1337_F_POA_03_ASEReadCounter.table","NW_015090842.1:8452913",45,63,18
"EMC8","s1337_F_POA_03_ASEReadCounter.table","NW_015090842.1:8453000",46,69,23
"EMC8","s1337_F_POA_03_ASEReadCounter.table","NW_015090842.1:8453007",49,74,25
"EMC8","s1337_F_POA_03_ASEReadCounter.table","NW_015090842.1:8453058",43,66,23
"EMC8","s1337_F_POA_03_ASEReadCounter.table","NW_015090842.1:8453106",34,49,15
"GINS2","s1337_F_POA_03_ASEReadCounter.table","NW_015090842.1:8466420",10,10,0
"GINS2","s1337_F_POA_03_ASEReadCounter.table","NW_015090842.1:8466424",11,11,0
"GINS2","s1337_F_POA_03_ASEReadCounter.table","NW_015090842.1:8466518",10,11,1
"GINS2","s1337_F_POA_03_ASEReadCounter.table","NW_015090842.1:8468482",22,25,3
"GINS2","s1337_F_POA_03_ASEReadCounter.table","NW_015090842.1:8470290",32,37,5
"GINS2","s1337_F_POA_03_ASEReadCounter.table","NW_015090842.1:8470305",26,32,6
"GINS2","s1337_F_POA_03_ASEReadCounter.table","NW_015090842.1:8470381",28,34,6
"GINS2","s1337_F_POA_03_ASEReadCounter.table","NW_015090842.1:8470418",27,36,9
"GINS2","s1337_F_POA_03_ASEReadCounter.table","NW_015090842.1:8470421",25,33,8
"GINS2","s1337_F_POA_03_ASEReadCounter.table","NW_015090842.1:8470430",22,32,10
"GINS2","s1337_F_POA_03_ASEReadCounter.table","NW_015090842.1:8470433",22,32,10
"GINS2","s1337_F_POA_03_ASEReadCounter.table","NW_015090842.1:8470457",16,24,8
"GINS2","s1337_F_POA_03_ASEReadCounter.table","NW_015090842.1:8470491",16,26,10
"GINS2","s1337_F_POA_03_ASEReadCounter.table","NW_015090842.1:8470548",18,25,7
"GINS2","s1337_F_POA_03_ASEReadCounter.table","NW_015090842.1:8470649",18,22,4
"GSE1","s1337_F_POA_03_ASEReadCounter.table","NW_015090842.1:8475362",103,208,105
"GSE1","s1337_F_POA_03_ASEReadCounter.table","NW_015090842.1:8475961",55,73,18
"GSE1","s1337_F_POA_03_ASEReadCounter.table","NW_015090842.1:8476027",58,82,24
"GSE1","s1337_F_POA_03_ASEReadCounter.table","NW_015090842.1:8476159",17,25,8
"GSE1","s1337_F_POA_03_ASEReadCounter.table","NW_015090842.1:8477442",0,19,19
"GSE1","s1337_F_POA_03_ASEReadCounter.table","NW_015090842.1:8477448",0,19,19
"GSE1","s1337_F_POA_03_ASEReadCounter.table","NW_015090842.1:8477662",1,14,13
"GSE1","s1337_F_POA_03_ASEReadCounter.table","NW_015090842.1:8477933",19,41,22
"GSE1","s1337_F_POA_03_ASEReadCounter.table","NW_015090842.1:8477945",24,41,17
"GSE1","s1337_F_POA_03_ASEReadCounter.table","NW_015090842.1:8483272",4,30,26
"GSE1","s1337_F_POA_03_ASEReadCounter.table","NW_015090842.1:8483367",2,12,10
"GSE1","s1337_F_POA_03_ASEReadCounter.table","NW_015090842.1:8483411",3,11,8
"GSE1","s1337_F_POA_03_ASEReadCounter.table","NW_015090842.1:8483756",5,20,15
"GSE1","s1337_F_POA_03_ASEReadCounter.table","NW_015090842.1:8486867",15,33,18
"GSE1","s1337_F_POA_03_ASEReadCounter.table","NW_015090842.1:8486939",22,42,20
"GSE1","s1337_F_POA_03_ASEReadCounter.table","NW_015090842.1:8486945",21,43,22
"GSE1","s1337_F_POA_03_ASEReadCounter.table","NW_015090842.1:8486993",16,36,20
"GSE1","s1337_F_POA_03_ASEReadCounter.table","NW_015090842.1:8487062",15,34,19
"GSE1","s1337_F_POA_03_ASEReadCounter.table","NW_015090842.1:8488065",17,23,6
"GSE1","s1337_F_POA_03_ASEReadCounter.table","NW_015090842.1:8488457",5,12,7
"GSE1","s1337_F_POA_03_ASEReadCounter.table","NW_015090842.1:8488463",5,12,7
"GSE1","s1337_F_POA_03_ASEReadCounter.table","NW_015090842.1:8488490",8,12,4
"GSE1","s1337_F_POA_03_ASEReadCounter.table","NW_015090842.1:8488505",4,10,6
"GSE1","s1337_F_POA_03_ASEReadCounter.table","NW_015090842.1:8490180",0,16,16
"KIAA0513","s1337_F_POA_03_ASEReadCounter.table","NW_015090842.1:8668363",57,153,96
"KIAA0513","s1337_F_POA_03_ASEReadCounter.table","NW_015090842.1:8668387",59,144,85
"KIAA0513","s1337_F_POA_03_ASEReadCounter.table","NW_015090842.1:8668390",60,143,83
"KIAA0513","s1337_F_POA_03_ASEReadCounter.table","NW_015090842.1:8673107",57,135,78
"KIAA0513","s1337_F_POA_03_ASEReadCounter.table","NW_015090842.1:8673147",48,109,61
"KIAA0513","s1337_F_POA_03_ASEReadCounter.table","NW_015090842.1:8674661",33,69,36
"KIAA0513","s1337_F_POA_03_ASEReadCounter.table","NW_015090842.1:8674685",30,70,40
"KIAA0513","s1337_F_POA_03_ASEReadCounter.table","NW_015090842.1:8674730",27,59,32
"KIAA0513","s1337_F_POA_03_ASEReadCounter.table","NW_015090842.1:8675525",28,55,27
"KIAA0513","s1337_F_POA_03_ASEReadCounter.table","NW_015090842.1:8675561",33,64,31
"KIAA0513","s1337_F_POA_03_ASEReadCounter.table","NW_015090842.1:8678608",0,10,10
"KIAA0513","s1337_F_POA_03_ASEReadCounter.table","NW_015090842.1:8686455",0,17,17
"KIAA0513","s1337_F_POA_03_ASEReadCounter.table","NW_015090842.1:8686508",0,20,20
"KIAA0513","s1337_F_POA_03_ASEReadCounter.table","NW_015090842.1:8686521",0,21,21
"KIAA0513","s1337_F_POA_03_ASEReadCounter.table","NW_015090842.1:8693642",5,7,2
"KIAA0513","s1337_F_POA_03_ASEReadCounter.table","NW_015090842.1:8693712",3,4,1
"FBXO31","s1337_F_POA_03_ASEReadCounter.table","NW_015090842.1:8710240",12,20,8
"FBXO31","s1337_F_POA_03_ASEReadCounter.table","NW_015090842.1:8710372",12,24,12
"FBXO31","s1337_F_POA_03_ASEReadCounter.table","NW_015090842.1:8711239",17,37,20
"FBXO31","s1337_F_POA_03_ASEReadCounter.table","NW_015090842.1:8714565",19,32,13
"FBXO31","s1337_F_POA_03_ASEReadCounter.table","NW_015090842.1:8716001",11,20,9
"ZCCHC14","s1337_F_POA_03_ASEReadCounter.table","NW_015090842.1:8750174",42,73,31
"ZCCHC14","s1337_F_POA_03_ASEReadCounter.table","NW_015090842.1:8750189",16,86,70
"ZCCHC14","s1337_F_POA_03_ASEReadCounter.table","NW_015090842.1:8750365",43,80,37
"ZCCHC14","s1337_F_POA_03_ASEReadCounter.table","NW_015090842.1:8750433",38,66,28
"ZCCHC14","s1337_F_POA_03_ASEReadCounter.table","NW_015090842.1:8750449",38,67,29
"ZCCHC14","s1337_F_POA_03_ASEReadCounter.table","NW_015090842.1:8750456",37,68,31
"ZCCHC14","s1337_F_POA_03_ASEReadCounter.table","NW_015090842.1:8750497",33,62,29
"ZCCHC14","s1337_F_POA_03_ASEReadCounter.table","NW_015090842.1:8750547",36,62,26
"ZCCHC14","s1337_F_POA_03_ASEReadCounter.table","NW_015090842.1:8751100",8,22,14
"ZCCHC14","s1337_F_POA_03_ASEReadCounter.table","NW_015090842.1:8751374",12,41,29
"ZCCHC14","s1337_F_POA_03_ASEReadCounter.table","NW_015090842.1:8751403",22,55,33
"ZCCHC14","s1337_F_POA_03_ASEReadCounter.table","NW_015090842.1:8751517",30,58,28
"ZCCHC14","s1337_F_POA_03_ASEReadCounter.table","NW_015090842.1:8752060",12,29,17
"ZCCHC14","s1337_F_POA_03_ASEReadCounter.table","NW_015090842.1:8752172",27,60,33
"ZCCHC14","s1337_F_POA_03_ASEReadCounter.table","NW_015090842.1:8752183",32,69,37
"ZCCHC14","s1337_F_POA_03_ASEReadCounter.table","NW_015090842.1:8752198",31,69,38
"ZCCHC14","s1337_F_POA_03_ASEReadCounter.table","NW_015090842.1:8752248",38,83,45
"ZCCHC14","s1337_F_POA_03_ASEReadCounter.table","NW_015090842.1:8752326",46,83,37
"ZCCHC14","s1337_F_POA_03_ASEReadCounter.table","NW_015090842.1:8752393",31,68,37
"ZCCHC14","s1337_F_POA_03_ASEReadCounter.table","NW_015090842.1:8752914",82,154,72
"ZCCHC14","s1337_F_POA_03_ASEReadCounter.table","NW_015090842.1:8753528",7,16,9
"ZCCHC14","s1337_F_POA_03_ASEReadCounter.table","NW_015090842.1:8753892",4,13,9
"ZCCHC14","s1337_F_POA_03_ASEReadCounter.table","NW_015090842.1:8753910",3,10,7
"ZCCHC14","s1337_F_POA_03_ASEReadCounter.table","NW_015090842.1:8755096",2,6,4
"ZCCHC14","s1337_F_POA_03_ASEReadCounter.table","NW_015090842.1:8755327",5,5,0
"ZCCHC14","s1337_F_POA_03_ASEReadCounter.table","NW_015090842.1:8755723",0,2,2
"ZCCHC14","s1337_F_POA_03_ASEReadCounter.table","NW_015090842.1:8755739",0,3,3
"ZCCHC14","s1337_F_POA_03_ASEReadCounter.table","NW_015090842.1:8756149",3,6,3
"ZCCHC14","s1337_F_POA_03_ASEReadCounter.table","NW_015090842.1:8756347",3,5,2
"ZCCHC14","s1337_F_POA_03_ASEReadCounter.table","NW_015090842.1:8756361",3,5,2
"ZCCHC14","s1337_F_POA_03_ASEReadCounter.table","NW_015090842.1:8756388",2,5,3
"ZCCHC14","s1337_F_POA_03_ASEReadCounter.table","NW_015090842.1:8756389",2,5,3
"ZCCHC14","s1337_F_POA_03_ASEReadCounter.table","NW_015090842.1:8757160",4,8,4
"ZCCHC14","s1337_F_POA_03_ASEReadCounter.table","NW_015090842.1:8804511",1,2,1
"ZCCHC14","s1337_F_POA_03_ASEReadCounter.table","NW_015090842.1:8804979",1,2,1
"JPH3","s1337_F_POA_03_ASEReadCounter.table","NW_015090842.1:8845375",29,48,19
"JPH3","s1337_F_POA_03_ASEReadCounter.table","NW_015090842.1:8845640",31,66,35
"JPH3","s1337_F_POA_03_ASEReadCounter.table","NW_015090842.1:8845654",31,67,36
"JPH3","s1337_F_POA_03_ASEReadCounter.table","NW_015090842.1:8872283",48,97,49
"JPH3","s1337_F_POA_03_ASEReadCounter.table","NW_015090842.1:8872294",46,94,48
"JPH3","s1337_F_POA_03_ASEReadCounter.table","NW_015090842.1:8872730",101,171,70
"JPH3","s1337_F_POA_03_ASEReadCounter.table","NW_015090842.1:8885260",140,305,165
"JPH3","s1337_F_POA_03_ASEReadCounter.table","NW_015090842.1:8885315",123,265,142
"JPH3","s1337_F_POA_03_ASEReadCounter.table","NW_015090842.1:8885328",114,243,129
"JPH3","s1337_F_POA_03_ASEReadCounter.table","NW_015090842.1:8885438",104,250,146
"JPH3","s1337_F_POA_03_ASEReadCounter.table","NW_015090842.1:8885525",25,129,104
"KLHDC4","s1337_F_POA_03_ASEReadCounter.table","NW_015090842.1:8890729",71,123,52
"KLHDC4","s1337_F_POA_03_ASEReadCounter.table","NW_015090842.1:8890749",74,117,43
"KLHDC4","s1337_F_POA_03_ASEReadCounter.table","NW_015090842.1:8890761",80,127,47
"KLHDC4","s1337_F_POA_03_ASEReadCounter.table","NW_015090842.1:8891123",140,201,61
"KLHDC4","s1337_F_POA_03_ASEReadCounter.table","NW_015090842.1:8893124",68,106,38
"KLHDC4","s1337_F_POA_03_ASEReadCounter.table","NW_015090842.1:8894542",53,93,40
"KLHDC4","s1337_F_POA_03_ASEReadCounter.table","NW_015090842.1:8896726",42,73,31
"KLHDC4","s1337_F_POA_03_ASEReadCounter.table","NW_015090842.1:8896767",37,67,30
"KLHDC4","s1337_F_POA_03_ASEReadCounter.table","NW_015090842.1:8904174",32,54,22
"KLHDC4","s1337_F_POA_03_ASEReadCounter.table","NW_015090842.1:8904231",24,40,16
"KLHDC4","s1337_F_POA_03_ASEReadCounter.table","NW_015090842.1:8905251",24,40,16
"KLHDC4","s1337_F_POA_03_ASEReadCounter.table","NW_015090842.1:8905263",25,42,17
"KLHDC4","s1337_F_POA_03_ASEReadCounter.table","NW_015090842.1:8919626",6,9,3
"SLC7A5","s1337_F_POA_03_ASEReadCounter.table","NW_015090842.1:8938782",386,915,529
"SLC7A5","s1337_F_POA_03_ASEReadCounter.table","NW_015090842.1:8938943",219,576,357
"SLC7A5","s1337_F_POA_03_ASEReadCounter.table","NW_015090842.1:8939611",162,275,113
"SLC7A5","s1337_F_POA_03_ASEReadCounter.table","NW_015090842.1:8939738",161,384,223
"SLC7A5","s1337_F_POA_03_ASEReadCounter.table","NW_015090842.1:8939739",163,382,219
"SLC7A5","s1337_F_POA_03_ASEReadCounter.table","NW_015090842.1:8939740",154,381,227
"SLC7A5","s1337_F_POA_03_ASEReadCounter.table","NW_015090842.1:8939795",180,377,197
"SLC7A5","s1337_F_POA_03_ASEReadCounter.table","NW_015090842.1:8939815",152,375,223
"SLC7A5","s1337_F_POA_03_ASEReadCounter.table","NW_015090842.1:8939816",152,373,221
"SLC7A5","s1337_F_POA_03_ASEReadCounter.table","NW_015090842.1:8939817",152,384,232
"SLC7A5","s1337_F_POA_03_ASEReadCounter.table","NW_015090842.1:8939845",161,389,228
"SLC7A5","s1337_F_POA_03_ASEReadCounter.table","NW_015090842.1:8939894",135,345,210
"SLC7A5","s1337_F_POA_03_ASEReadCounter.table","NW_015090842.1:8939895",137,342,205
"SLC7A5","s1337_F_POA_03_ASEReadCounter.table","NW_015090842.1:8939997",333,583,250
"SLC7A5","s1337_F_POA_03_ASEReadCounter.table","NW_015090842.1:8940172",172,401,229
"SLC7A5","s1337_F_POA_03_ASEReadCounter.table","NW_015090842.1:8940331",71,184,113
"SLC7A5","s1337_F_POA_03_ASEReadCounter.table","NW_015090842.1:8940696",92,178,86
"SLC7A5","s1337_F_POA_03_ASEReadCounter.table","NW_015090842.1:8940719",61,183,122
"SLC7A5","s1337_F_POA_03_ASEReadCounter.table","NW_015090842.1:8940737",63,170,107
"SLC7A5","s1337_F_POA_03_ASEReadCounter.table","NW_015090842.1:8940743",72,179,107
"SLC7A5","s1337_F_POA_03_ASEReadCounter.table","NW_015090842.1:8940766",82,193,111
"SLC7A5","s1337_F_POA_03_ASEReadCounter.table","NW_015090842.1:8940769",86,207,121
"SLC7A5","s1337_F_POA_03_ASEReadCounter.table","NW_015090842.1:8940861",76,162,86
"SLC7A5","s1337_F_POA_03_ASEReadCounter.table","NW_015090842.1:8941068",82,185,103
"SLC7A5","s1337_F_POA_03_ASEReadCounter.table","NW_015090842.1:8941467",47,116,69
"SLC7A5","s1337_F_POA_03_ASEReadCounter.table","NW_015090842.1:8941531",58,129,71
"SLC7A5","s1337_F_POA_03_ASEReadCounter.table","NW_015090842.1:8941588",74,148,74
"SLC7A5","s1337_F_POA_03_ASEReadCounter.table","NW_015090842.1:8941698",46,81,35
"SLC7A5","s1337_F_POA_03_ASEReadCounter.table","NW_015090842.1:8941717",54,101,47
"SLC7A5","s1337_F_POA_03_ASEReadCounter.table","NW_015090842.1:8941745",53,114,61
"SLC7A5","s1337_F_POA_03_ASEReadCounter.table","NW_015090842.1:8941781",56,134,78
"SLC7A5","s1337_F_POA_03_ASEReadCounter.table","NW_015090842.1:8941887",25,73,48
"SLC7A5","s1337_F_POA_03_ASEReadCounter.table","NW_015090842.1:8941968",17,78,61
"SLC7A5","s1337_F_POA_03_ASEReadCounter.table","NW_015090842.1:8942025",30,90,60
"SLC7A5","s1337_F_POA_03_ASEReadCounter.table","NW_015090842.1:8942069",36,97,61
"SLC7A5","s1337_F_POA_03_ASEReadCounter.table","NW_015090842.1:8942170",52,123,71
"SLC7A5","s1337_F_POA_03_ASEReadCounter.table","NW_015090842.1:8942241",52,148,96
"SLC7A5","s1337_F_POA_03_ASEReadCounter.table","NW_015090842.1:8942283",62,171,109
"SLC7A5","s1337_F_POA_03_ASEReadCounter.table","NW_015090842.1:8942717",185,417,232
"SLC7A5","s1337_F_POA_03_ASEReadCounter.table","NW_015090842.1:8942756",237,566,329
"SLC7A5","s1337_F_POA_03_ASEReadCounter.table","NW_015090842.1:8942766",231,570,339
"SLC7A5","s1337_F_POA_03_ASEReadCounter.table","NW_015090842.1:8943271",119,240,121
"SLC7A5","s1337_F_POA_03_ASEReadCounter.table","NW_015090842.1:8943524",47,125,78
"SLC7A5","s1337_F_POA_03_ASEReadCounter.table","NW_015090842.1:8943530",52,130,78
"SLC7A5","s1337_F_POA_03_ASEReadCounter.table","NW_015090842.1:8943602",48,113,65
"SLC7A5","s1337_F_POA_03_ASEReadCounter.table","NW_015090842.1:8943622",43,111,68
"SLC7A5","s1337_F_POA_03_ASEReadCounter.table","NW_015090842.1:8943661",40,94,54
"SLC7A5","s1337_F_POA_03_ASEReadCounter.table","NW_015090842.1:8943686",36,98,62
"SLC7A5","s1337_F_POA_03_ASEReadCounter.table","NW_015090842.1:8943788",31,82,51
"SLC7A5","s1337_F_POA_03_ASEReadCounter.table","NW_015090842.1:8943814",34,77,43
"SLC7A5","s1337_F_POA_03_ASEReadCounter.table","NW_015090842.1:8943876",41,82,41
"SLC7A5","s1337_F_POA_03_ASEReadCounter.table","NW_015090842.1:8943892",42,81,39
"SLC7A5","s1337_F_POA_03_ASEReadCounter.table","NW_015090842.1:8944097",20,53,33
"SLC7A5","s1337_F_POA_03_ASEReadCounter.table","NW_015090842.1:8944104",20,47,27
"SLC7A5","s1337_F_POA_03_ASEReadCounter.table","NW_015090842.1:8944293",16,38,22
"SLC7A5","s1337_F_POA_03_ASEReadCounter.table","NW_015090842.1:8944297",16,38,22
"SLC7A5","s1337_F_POA_03_ASEReadCounter.table","NW_015090842.1:8944397",15,31,16
"SLC7A5","s1337_F_POA_03_ASEReadCounter.table","NW_015090842.1:8944552",19,55,36
"SLC7A5","s1337_F_POA_03_ASEReadCounter.table","NW_015090842.1:8944629",19,55,36
"CA5A","s1337_F_POA_03_ASEReadCounter.table","NW_015090842.1:8989479",69,130,61
"CA5A","s1337_F_POA_03_ASEReadCounter.table","NW_015090842.1:8989562",87,145,58
"CA5A","s1337_F_POA_03_ASEReadCounter.table","NW_015090842.1:8989609",91,162,71
"CA5A","s1337_F_POA_03_ASEReadCounter.table","NW_015090842.1:8989693",96,170,74
"CA5A","s1337_F_POA_03_ASEReadCounter.table","NW_015090842.1:8989702",107,167,60
"CA5A","s1337_F_POA_03_ASEReadCounter.table","NW_015090842.1:8989746",109,184,75
"CA5A","s1337_F_POA_03_ASEReadCounter.table","NW_015090842.1:8989880",65,147,82
"CA5A","s1337_F_POA_03_ASEReadCounter.table","NW_015090842.1:8989885",69,151,82
"CA5A","s1337_F_POA_03_ASEReadCounter.table","NW_015090842.1:8989929",70,150,80
"CA5A","s1337_F_POA_03_ASEReadCounter.table","NW_015090842.1:8990002",67,125,58
"CA5A","s1337_F_POA_03_ASEReadCounter.table","NW_015090842.1:8990004",66,123,57
"CA5A","s1337_F_POA_03_ASEReadCounter.table","NW_015090842.1:8990005",66,123,57
"CA5A","s1337_F_POA_03_ASEReadCounter.table","NW_015090842.1:8990017",70,118,48
"CA5A","s1337_F_POA_03_ASEReadCounter.table","NW_015090842.1:8990043",64,103,39
"CA5A","s1337_F_POA_03_ASEReadCounter.table","NW_015090842.1:8990060",40,107,67
"CA5A","s1337_F_POA_03_ASEReadCounter.table","NW_015090842.1:8990080",51,88,37
"CA5A","s1337_F_POA_03_ASEReadCounter.table","NW_015090842.1:8990084",48,83,35
"CA5A","s1337_F_POA_03_ASEReadCounter.table","NW_015090842.1:8990090",52,88,36
"CA5A","s1337_F_POA_03_ASEReadCounter.table","NW_015090842.1:8990095",46,82,36
"CA5A","s1337_F_POA_03_ASEReadCounter.table","NW_015090842.1:8990111",41,74,33
"CA5A","s1337_F_POA_03_ASEReadCounter.table","NW_015090842.1:8990112",41,69,28
"CA5A","s1337_F_POA_03_ASEReadCounter.table","NW_015090842.1:8990115",45,74,29
"CA5A","s1337_F_POA_03_ASEReadCounter.table","NW_015090842.1:8990166",34,62,28
"CA5A","s1337_F_POA_03_ASEReadCounter.table","NW_015090842.1:8990169",39,65,26
"CA5A","s1337_F_POA_03_ASEReadCounter.table","NW_015090842.1:8990193",27,69,42
"CA5A","s1337_F_POA_03_ASEReadCounter.table","NW_015090842.1:8990222",31,51,20
"CA5A","s1337_F_POA_03_ASEReadCounter.table","NW_015090842.1:8990289",40,70,30
"CA5A","s1337_F_POA_03_ASEReadCounter.table","NW_015090842.1:8990314",48,73,25
"CA5A","s1337_F_POA_03_ASEReadCounter.table","NW_015090842.1:8990361",44,66,22
"CA5A","s1337_F_POA_03_ASEReadCounter.table","NW_015090842.1:8990368",45,66,21
"CA5A","s1337_F_POA_03_ASEReadCounter.table","NW_015090842.1:8990429",33,54,21
"CA5A","s1337_F_POA_03_ASEReadCounter.table","NW_015090842.1:8990466",0,43,43
"CA5A","s1337_F_POA_03_ASEReadCounter.table","NW_015090842.1:8990663",27,52,25
"CA5A","s1337_F_POA_03_ASEReadCounter.table","NW_015090842.1:8990797",17,28,11
"CA5A","s1337_F_POA_03_ASEReadCounter.table","NW_015090842.1:8990836",18,31,13
"CA5A","s1337_F_POA_03_ASEReadCounter.table","NW_015090842.1:8990842",20,32,12
"CA5A","s1337_F_POA_03_ASEReadCounter.table","NW_015090842.1:8990851",17,29,12
"CA5A","s1337_F_POA_03_ASEReadCounter.table","NW_015090842.1:8990918",18,37,19
"CA5A","s1337_F_POA_03_ASEReadCounter.table","NW_015090842.1:8990921",17,37,20
"CA5A","s1337_F_POA_03_ASEReadCounter.table","NW_015090842.1:8990942",24,48,24
"CA5A","s1337_F_POA_03_ASEReadCounter.table","NW_015090842.1:8991001",0,58,58
"CA5A","s1337_F_POA_03_ASEReadCounter.table","NW_015090842.1:8991038",34,50,16
"CA5A","s1337_F_POA_03_ASEReadCounter.table","NW_015090842.1:8991149",26,43,17
"CA5A","s1337_F_POA_03_ASEReadCounter.table","NW_015090842.1:8991176",33,58,25
"CA5A","s1337_F_POA_03_ASEReadCounter.table","NW_015090842.1:8991241",32,51,19
"CA5A","s1337_F_POA_03_ASEReadCounter.table","NW_015090842.1:8991262",24,39,15
"CA5A","s1337_F_POA_03_ASEReadCounter.table","NW_015090842.1:8991316",15,18,3
"CA5A","s1337_F_POA_03_ASEReadCounter.table","NW_015090842.1:8991319",16,19,3
"CA5A","s1337_F_POA_03_ASEReadCounter.table","NW_015090842.1:8991330",19,21,2
"CA5A","s1337_F_POA_03_ASEReadCounter.table","NW_015090842.1:8991334",18,20,2
"CA5A","s1337_F_POA_03_ASEReadCounter.table","NW_015090842.1:8991362",19,30,11
"CA5A","s1337_F_POA_03_ASEReadCounter.table","NW_015090842.1:8991368",19,30,11
"CA5A","s1337_F_POA_03_ASEReadCounter.table","NW_015090842.1:8991390",18,31,13
"CA5A","s1337_F_POA_03_ASEReadCounter.table","NW_015090842.1:8991395",19,32,13
"CA5A","s1337_F_POA_03_ASEReadCounter.table","NW_015090842.1:8991422",16,30,14
"CA5A","s1337_F_POA_03_ASEReadCounter.table","NW_015090842.1:8991467",16,29,13
"CA5A","s1337_F_POA_03_ASEReadCounter.table","NW_015090842.1:8991576",9,20,11
"CA5A","s1337_F_POA_03_ASEReadCounter.table","NW_015090842.1:8991587",9,20,11
"CA5A","s1337_F_POA_03_ASEReadCounter.table","NW_015090842.1:8991655",13,28,15
"CA5A","s1337_F_POA_03_ASEReadCounter.table","NW_015090842.1:8991717",13,31,18
"CA5A","s1337_F_POA_03_ASEReadCounter.table","NW_015090842.1:8991726",18,36,18
"CA5A","s1337_F_POA_03_ASEReadCounter.table","NW_015090842.1:8991799",18,30,12
"CA5A","s1337_F_POA_03_ASEReadCounter.table","NW_015090842.1:8991809",18,29,11
"CA5A","s1337_F_POA_03_ASEReadCounter.table","NW_015090842.1:8991848",13,19,6
"CA5A","s1337_F_POA_03_ASEReadCounter.table","NW_015090842.1:8991849",13,20,7
"CA5A","s1337_F_POA_03_ASEReadCounter.table","NW_015090842.1:8991927",14,32,18
"CA5A","s1337_F_POA_03_ASEReadCounter.table","NW_015090842.1:8991941",15,33,18
"CA5A","s1337_F_POA_03_ASEReadCounter.table","NW_015090842.1:8992121",8,13,5
"CA5A","s1337_F_POA_03_ASEReadCounter.table","NW_015090842.1:8992224",14,23,9
"CA5A","s1337_F_POA_03_ASEReadCounter.table","NW_015090842.1:9002570",4,7,3
"CA5A","s1337_F_POA_03_ASEReadCounter.table","NW_015090842.1:9002600",4,6,2
"CA5A","s1337_F_POA_03_ASEReadCounter.table","NW_015090842.1:9004312",1,4,3
"CA5A","s1337_F_POA_03_ASEReadCounter.table","NW_015090842.1:9004506",1,1,0
"CA5A","s1337_F_POA_03_ASEReadCounter.table","NW_015090842.1:9004523",1,1,0
"CA5A","s1337_F_POA_03_ASEReadCounter.table","NW_015090842.1:9004530",2,2,0
"CA5A","s1337_F_POA_03_ASEReadCounter.table","NW_015090842.1:9004556",2,2,0
"CA5A","s1337_F_POA_03_ASEReadCounter.table","NW_015090842.1:9005116",2,3,1
"CA5A","s1337_F_POA_03_ASEReadCounter.table","NW_015090842.1:9005120",2,3,1
"CA5A","s1337_F_POA_03_ASEReadCounter.table","NW_015090842.1:9005140",2,4,2
"CA5A","s1337_F_POA_03_ASEReadCounter.table","NW_015090842.1:9005152",2,4,2
"CA5A","s1337_F_POA_03_ASEReadCounter.table","NW_015090842.1:9011189",1,1,0
"CA5A","s1337_F_POA_03_ASEReadCounter.table","NW_015090842.1:9011194",1,1,0
"BANP","s1337_F_POA_03_ASEReadCounter.table","NW_015090842.1:9033407",2,4,2
"BANP","s1337_F_POA_03_ASEReadCounter.table","NW_015090842.1:9033409",2,4,2
"BANP","s1337_F_POA_03_ASEReadCounter.table","NW_015090842.1:9033420",3,5,2
"BANP","s1337_F_POA_03_ASEReadCounter.table","NW_015090842.1:9067974",0,11,11
"BANP","s1337_F_POA_03_ASEReadCounter.table","NW_015090842.1:9102510",12,31,19
"BANP","s1337_F_POA_03_ASEReadCounter.table","NW_015090842.1:9168534",20,53,33
"BANP","s1337_F_POA_03_ASEReadCounter.table","NW_015090842.1:9168818",27,55,28
"ZNF469","s1337_F_POA_03_ASEReadCounter.table","NW_015090842.1:9431700",0,2,2
"ZNF469","s1337_F_POA_03_ASEReadCounter.table","NW_015090842.1:9432302",2,2,0
"ZNF469","s1337_F_POA_03_ASEReadCounter.table","NW_015090842.1:9432361",0,1,1
"ZNF469","s1337_F_POA_03_ASEReadCounter.table","NW_015090842.1:9432374",0,1,1
"ZNF469","s1337_F_POA_03_ASEReadCounter.table","NW_015090842.1:9432382",0,1,1
"ZNF469","s1337_F_POA_03_ASEReadCounter.table","NW_015090842.1:9432481",1,1,0
"ZNF469","s1337_F_POA_03_ASEReadCounter.table","NW_015090842.1:9432498",1,2,1
"ZNF469","s1337_F_POA_03_ASEReadCounter.table","NW_015090842.1:9433268",1,1,0
"ZNF469","s1337_F_POA_03_ASEReadCounter.table","NW_015090842.1:9433980",0,1,1
"ZNF469","s1337_F_POA_03_ASEReadCounter.table","NW_015090842.1:9434259",2,3,1
"ZNF469","s1337_F_POA_03_ASEReadCounter.table","NW_015090842.1:9435221",3,6,3
"ZFPM1","s1337_F_POA_03_ASEReadCounter.table","NW_015090842.1:9458862",3,5,2
"ZFPM1","s1337_F_POA_03_ASEReadCounter.table","NW_015090842.1:9458888",3,5,2
"ZFPM1","s1337_F_POA_03_ASEReadCounter.table","NW_015090842.1:9458904",3,6,3
"ZFPM1","s1337_F_POA_03_ASEReadCounter.table","NW_015090842.1:9458916",4,7,3
"ZFPM1","s1337_F_POA_03_ASEReadCounter.table","NW_015090842.1:9468568",3,7,4
"ZFPM1","s1337_F_POA_03_ASEReadCounter.table","NW_015090842.1:9468593",3,4,1
"ZFPM1","s1337_F_POA_03_ASEReadCounter.table","NW_015090842.1:9471561",1,5,4
"ZFPM1","s1337_F_POA_03_ASEReadCounter.table","NW_015090842.1:9472557",5,9,4
"ZFPM1","s1337_F_POA_03_ASEReadCounter.table","NW_015090842.1:9472565",4,9,5
"ZFPM1","s1337_F_POA_03_ASEReadCounter.table","NW_015090842.1:9472608",4,9,5
"ZFPM1","s1337_F_POA_03_ASEReadCounter.table","NW_015090842.1:9472627",5,10,5
"ZFPM1","s1337_F_POA_03_ASEReadCounter.table","NW_015090842.1:9472668",5,8,3
"ZFPM1","s1337_F_POA_03_ASEReadCounter.table","NW_015090842.1:9473655",7,9,2
"ZFPM1","s1337_F_POA_03_ASEReadCounter.table","NW_015090842.1:9475827",6,11,5
"ZFPM1","s1337_F_POA_03_ASEReadCounter.table","NW_015090842.1:9475842",5,14,9
"ZFPM1","s1337_F_POA_03_ASEReadCounter.table","NW_015090842.1:9476119",4,13,9
"ZFPM1","s1337_F_POA_03_ASEReadCounter.table","NW_015090842.1:9476161",4,9,5
"ZFPM1","s1337_F_POA_03_ASEReadCounter.table","NW_015090842.1:9476219",1,5,4
"ZFPM1","s1337_F_POA_03_ASEReadCounter.table","NW_015090842.1:9476233",0,6,6
"ZFPM1","s1337_F_POA_03_ASEReadCounter.table","NW_015090842.1:9476305",4,10,6
"ZFPM1","s1337_F_POA_03_ASEReadCounter.table","NW_015090842.1:9476395",3,6,3
"ZFPM1","s1337_F_POA_03_ASEReadCounter.table","NW_015090842.1:9476421",5,9,4
"ZFPM1","s1337_F_POA_03_ASEReadCounter.table","NW_015090842.1:9476539",5,6,1
"ZFPM1","s1337_F_POA_03_ASEReadCounter.table","NW_015090842.1:9476576",4,5,1
"ZFPM1","s1337_F_POA_03_ASEReadCounter.table","NW_015090842.1:9476599",0,1,1
"ZFPM1","s1337_F_POA_03_ASEReadCounter.table","NW_015090842.1:9476792",3,9,6
"ZFPM1","s1337_F_POA_03_ASEReadCounter.table","NW_015090842.1:9476803",1,7,6
"ZFPM1","s1337_F_POA_03_ASEReadCounter.table","NW_015090842.1:9477115",5,12,7
"ZFPM1","s1337_F_POA_03_ASEReadCounter.table","NW_015090842.1:9477299",2,8,6
"ZFPM1","s1337_F_POA_03_ASEReadCounter.table","NW_015090842.1:9477398",11,13,2
"ZFPM1","s1337_F_POA_03_ASEReadCounter.table","NW_015090842.1:9477422",1,12,11
"ZFPM1","s1337_F_POA_03_ASEReadCounter.table","NW_015090842.1:9477554",10,17,7
"ZFPM1","s1337_F_POA_03_ASEReadCounter.table","NW_015090842.1:9477575",6,14,8
"ZFPM1","s1337_F_POA_03_ASEReadCounter.table","NW_015090842.1:9477595",10,17,7
"ZFPM1","s1337_F_POA_03_ASEReadCounter.table","NW_015090842.1:9477611",10,20,10
"ZFPM1","s1337_F_POA_03_ASEReadCounter.table","NW_015090842.1:9477659",12,25,13
"ZFPM1","s1337_F_POA_03_ASEReadCounter.table","NW_015090842.1:9477737",12,26,14
"ZFPM1","s1337_F_POA_03_ASEReadCounter.table","NW_015090842.1:9477791",9,19,10
"ZFPM1","s1337_F_POA_03_ASEReadCounter.table","NW_015090842.1:9477844",16,26,10
"ZFPM1","s1337_F_POA_03_ASEReadCounter.table","NW_015090842.1:9477917",25,38,13
"ZFPM1","s1337_F_POA_03_ASEReadCounter.table","NW_015090842.1:9478295",28,57,29
"ZFPM1","s1337_F_POA_03_ASEReadCounter.table","NW_015090842.1:9478349",23,66,43
"ZFPM1","s1337_F_POA_03_ASEReadCounter.table","NW_015090842.1:9478524",22,54,32
"ZFPM1","s1337_F_POA_03_ASEReadCounter.table","NW_015090842.1:9478546",25,61,36
"ZFPM1","s1337_F_POA_03_ASEReadCounter.table","NW_015090842.1:9478573",24,57,33
"ZFPM1","s1337_F_POA_03_ASEReadCounter.table","NW_015090842.1:9478582",21,50,29
"ZFPM1","s1337_F_POA_03_ASEReadCounter.table","NW_015090842.1:9478684",16,35,19
"ZFPM1","s1337_F_POA_03_ASEReadCounter.table","NW_015090842.1:9478711",17,34,17
"ZFPM1","s1337_F_POA_03_ASEReadCounter.table","NW_015090842.1:9478761",13,36,23
"ZFPM1","s1337_F_POA_03_ASEReadCounter.table","NW_015090842.1:9478829",12,16,4
"ZC3H18","s1337_F_POA_03_ASEReadCounter.table","NW_015090842.1:9494271",6,15,9
"ZC3H18","s1337_F_POA_03_ASEReadCounter.table","NW_015090842.1:9501427",10,20,10
"ZC3H18","s1337_F_POA_03_ASEReadCounter.table","NW_015090842.1:9501442",10,22,12
"ZC3H18","s1337_F_POA_03_ASEReadCounter.table","NW_015090842.1:9505538",12,21,9
"ZC3H18","s1337_F_POA_03_ASEReadCounter.table","NW_015090842.1:9506778",11,31,20
"ZC3H18","s1337_F_POA_03_ASEReadCounter.table","NW_015090842.1:9522538",9,30,21
"ZC3H18","s1337_F_POA_03_ASEReadCounter.table","NW_015090842.1:9524350",20,45,25
"ZC3H18","s1337_F_POA_03_ASEReadCounter.table","NW_015090842.1:9524366",22,48,26
"ZC3H18","s1337_F_POA_03_ASEReadCounter.table","NW_015090842.1:9524424",18,40,22
"ZC3H18","s1337_F_POA_03_ASEReadCounter.table","NW_015090842.1:9529649",36,91,55
"ZC3H18","s1337_F_POA_03_ASEReadCounter.table","NW_015090842.1:9529688",36,91,55
"ZC3H18","s1337_F_POA_03_ASEReadCounter.table","NW_015090842.1:9529691",34,88,54
"ZC3H18","s1337_F_POA_03_ASEReadCounter.table","NW_015090842.1:9530977",51,102,51
"ZC3H18","s1337_F_POA_03_ASEReadCounter.table","NW_015090842.1:9536699",0,75,75
"CYBA","s1337_F_POA_03_ASEReadCounter.table","NW_015090842.1:9547281",58,66,8
"CYBA","s1337_F_POA_03_ASEReadCounter.table","NW_015090842.1:9547402",130,168,38
"CYBA","s1337_F_POA_03_ASEReadCounter.table","NW_015090842.1:9547553",75,115,40
"CYBA","s1337_F_POA_03_ASEReadCounter.table","NW_015090842.1:9548052",66,92,26
"CYBA","s1337_F_POA_03_ASEReadCounter.table","NW_015090842.1:9548436",60,81,21
"CYBA","s1337_F_POA_03_ASEReadCounter.table","NW_015090842.1:9548442",63,85,22
"CYBA","s1337_F_POA_03_ASEReadCounter.table","NW_015090842.1:9548478",71,83,12
"CYBA","s1337_F_POA_03_ASEReadCounter.table","NW_015090842.1:9548487",67,76,9
"CYBA","s1337_F_POA_03_ASEReadCounter.table","NW_015090842.1:9548490",69,76,7
"CYBA","s1337_F_POA_03_ASEReadCounter.table","NW_015090842.1:9548717",69,79,10
"CYBA","s1337_F_POA_03_ASEReadCounter.table","NW_015090842.1:9548750",41,57,16
"CYBA","s1337_F_POA_03_ASEReadCounter.table","NW_015090842.1:9548766",26,38,12
"MVD","s1337_F_POA_03_ASEReadCounter.table","NW_015090842.1:9550678",49,75,26
"MVD","s1337_F_POA_03_ASEReadCounter.table","NW_015090842.1:9550690",53,84,31
"MVD","s1337_F_POA_03_ASEReadCounter.table","NW_015090842.1:9550691",53,84,31
"MVD","s1337_F_POA_03_ASEReadCounter.table","NW_015090842.1:9550699",63,105,42
"MVD","s1337_F_POA_03_ASEReadCounter.table","NW_015090842.1:9550719",54,92,38
"MVD","s1337_F_POA_03_ASEReadCounter.table","NW_015090842.1:9551596",75,125,50
"MVD","s1337_F_POA_03_ASEReadCounter.table","NW_015090842.1:9551638",69,123,54
"MVD","s1337_F_POA_03_ASEReadCounter.table","NW_015090842.1:9551899",0,5,5
"MVD","s1337_F_POA_03_ASEReadCounter.table","NW_015090842.1:9552193",37,81,44
"MVD","s1337_F_POA_03_ASEReadCounter.table","NW_015090842.1:9552202",39,83,44
"MVD","s1337_F_POA_03_ASEReadCounter.table","NW_015090842.1:9552208",43,87,44
"MVD","s1337_F_POA_03_ASEReadCounter.table","NW_015090842.1:9552625",25,60,35
"MVD","s1337_F_POA_03_ASEReadCounter.table","NW_015090842.1:9552629",32,57,25
"MVD","s1337_F_POA_03_ASEReadCounter.table","NW_015090842.1:9552644",26,56,30
"MVD","s1337_F_POA_03_ASEReadCounter.table","NW_015090842.1:9553093",15,35,20
"MVD","s1337_F_POA_03_ASEReadCounter.table","NW_015090842.1:9553114",19,39,20
"RNF166","s1337_F_POA_03_ASEReadCounter.table","NW_015090842.1:9557900",28,49,21
"RNF166","s1337_F_POA_03_ASEReadCounter.table","NW_015090842.1:9558048",18,39,21
"RNF166","s1337_F_POA_03_ASEReadCounter.table","NW_015090842.1:9558116",27,60,33
"RNF166","s1337_F_POA_03_ASEReadCounter.table","NW_015090842.1:9558308",21,46,25
"RNF166","s1337_F_POA_03_ASEReadCounter.table","NW_015090842.1:9558405",16,48,32
"RNF166","s1337_F_POA_03_ASEReadCounter.table","NW_015090842.1:9558549",29,52,23
"RNF166","s1337_F_POA_03_ASEReadCounter.table","NW_015090842.1:9558556",28,51,23
"RNF166","s1337_F_POA_03_ASEReadCounter.table","NW_015090842.1:9558579",28,51,23
"RNF166","s1337_F_POA_03_ASEReadCounter.table","NW_015090842.1:9558599",25,42,17
"RNF166","s1337_F_POA_03_ASEReadCounter.table","NW_015090842.1:9558688",19,38,19
"RNF166","s1337_F_POA_03_ASEReadCounter.table","NW_015090842.1:9558711",21,43,22
"RNF166","s1337_F_POA_03_ASEReadCounter.table","NW_015090842.1:9558733",20,44,24
"RNF166","s1337_F_POA_03_ASEReadCounter.table","NW_015090842.1:9558847",26,45,19
"RNF166","s1337_F_POA_03_ASEReadCounter.table","NW_015090842.1:9559798",26,47,21
"RNF166","s1337_F_POA_03_ASEReadCounter.table","NW_015090842.1:9560575",17,32,15
"RNF166","s1337_F_POA_03_ASEReadCounter.table","NW_015090842.1:9561055",13,25,12
"RNF166","s1337_F_POA_03_ASEReadCounter.table","NW_015090842.1:9562458",8,15,7
"RNF166","s1337_F_POA_03_ASEReadCounter.table","NW_015090842.1:9562497",6,11,5
"RNF166","s1337_F_POA_03_ASEReadCounter.table","NW_015090842.1:9562539",1,8,7
"RNF166","s1337_F_POA_03_ASEReadCounter.table","NW_015090842.1:9564056",4,7,3
"CTU2","s1337_F_POA_03_ASEReadCounter.table","NW_015090842.1:9565149",10,16,6
"CTU2","s1337_F_POA_03_ASEReadCounter.table","NW_015090842.1:9565193",6,12,6
"CTU2","s1337_F_POA_03_ASEReadCounter.table","NW_015090842.1:9565300",5,10,5
"CTU2","s1337_F_POA_03_ASEReadCounter.table","NW_015090842.1:9565321",5,12,7
"CTU2","s1337_F_POA_03_ASEReadCounter.table","NW_015090842.1:9565721",13,25,12
"CTU2","s1337_F_POA_03_ASEReadCounter.table","NW_015090842.1:9565739",13,26,13
"CTU2","s1337_F_POA_03_ASEReadCounter.table","NW_015090842.1:9565905",20,30,10
"CTU2","s1337_F_POA_03_ASEReadCounter.table","NW_015090842.1:9566013",14,29,15
"CTU2","s1337_F_POA_03_ASEReadCounter.table","NW_015090842.1:9566055",17,34,17
"CTU2","s1337_F_POA_03_ASEReadCounter.table","NW_015090842.1:9566056",17,32,15
"CTU2","s1337_F_POA_03_ASEReadCounter.table","NW_015090842.1:9566151",17,30,13
"CTU2","s1337_F_POA_03_ASEReadCounter.table","NW_015090842.1:9566300",15,34,19
"CTU2","s1337_F_POA_03_ASEReadCounter.table","NW_015090842.1:9566342",16,35,19
"CTU2","s1337_F_POA_03_ASEReadCounter.table","NW_015090842.1:9566548",15,37,22
"CTU2","s1337_F_POA_03_ASEReadCounter.table","NW_015090842.1:9566625",24,52,28
"CTU2","s1337_F_POA_03_ASEReadCounter.table","NW_015090842.1:9566633",25,52,27
"CTU2","s1337_F_POA_03_ASEReadCounter.table","NW_015090842.1:9566807",29,50,21
"CTU2","s1337_F_POA_03_ASEReadCounter.table","NW_015090842.1:9567139",28,50,22
"CTU2","s1337_F_POA_03_ASEReadCounter.table","NW_015090842.1:9567156",26,43,17
"CTU2","s1337_F_POA_03_ASEReadCounter.table","NW_015090842.1:9567614",41,69,28
"CTU2","s1337_F_POA_03_ASEReadCounter.table","NW_015090842.1:9567677",38,69,31
"CTU2","s1337_F_POA_03_ASEReadCounter.table","NW_015090842.1:9567747",28,55,27
"CTU2","s1337_F_POA_03_ASEReadCounter.table","NW_015090842.1:9567828",29,53,24
"CTU2","s1337_F_POA_03_ASEReadCounter.table","NW_015090842.1:9567829",29,52,23
"CTU2","s1337_F_POA_03_ASEReadCounter.table","NW_015090842.1:9567885",18,36,18
"PIEZO1","s1337_F_POA_03_ASEReadCounter.table","NW_015090842.1:9568093",18,50,32
"PIEZO1","s1337_F_POA_03_ASEReadCounter.table","NW_015090842.1:9568672",32,57,25
"PIEZO1","s1337_F_POA_03_ASEReadCounter.table","NW_015090842.1:9568948",27,50,23
"PIEZO1","s1337_F_POA_03_ASEReadCounter.table","NW_015090842.1:9568987",16,31,15
"PIEZO1","s1337_F_POA_03_ASEReadCounter.table","NW_015090842.1:9569040",13,31,18
"PIEZO1","s1337_F_POA_03_ASEReadCounter.table","NW_015090842.1:9569180",11,32,21
"PIEZO1","s1337_F_POA_03_ASEReadCounter.table","NW_015090842.1:9569192",12,35,23
"PIEZO1","s1337_F_POA_03_ASEReadCounter.table","NW_015090842.1:9570088",10,18,8
"PIEZO1","s1337_F_POA_03_ASEReadCounter.table","NW_015090842.1:9570480",9,19,10
"PIEZO1","s1337_F_POA_03_ASEReadCounter.table","NW_015090842.1:9570639",6,20,14
"PIEZO1","s1337_F_POA_03_ASEReadCounter.table","NW_015090842.1:9571847",4,15,11
"PIEZO1","s1337_F_POA_03_ASEReadCounter.table","NW_015090842.1:9572371",5,15,10
"PIEZO1","s1337_F_POA_03_ASEReadCounter.table","NW_015090842.1:9572638",3,7,4
"PIEZO1","s1337_F_POA_03_ASEReadCounter.table","NW_015090842.1:9573156",6,17,11
"PIEZO1","s1337_F_POA_03_ASEReadCounter.table","NW_015090842.1:9573280",4,13,9
"PIEZO1","s1337_F_POA_03_ASEReadCounter.table","NW_015090842.1:9573566",2,10,8
"PIEZO1","s1337_F_POA_03_ASEReadCounter.table","NW_015090842.1:9575341",6,10,4
"PIEZO1","s1337_F_POA_03_ASEReadCounter.table","NW_015090842.1:9575367",5,9,4
"PIEZO1","s1337_F_POA_03_ASEReadCounter.table","NW_015090842.1:9575645",3,7,4
"PIEZO1","s1337_F_POA_03_ASEReadCounter.table","NW_015090842.1:9575696",3,5,2
"PIEZO1","s1337_F_POA_03_ASEReadCounter.table","NW_015090842.1:9575897",3,6,3
"PIEZO1","s1337_F_POA_03_ASEReadCounter.table","NW_015090842.1:9576060",5,9,4
"PIEZO1","s1337_F_POA_03_ASEReadCounter.table","NW_015090842.1:9576087",4,8,4
"PIEZO1","s1337_F_POA_03_ASEReadCounter.table","NW_015090842.1:9576093",4,8,4
"PIEZO1","s1337_F_POA_03_ASEReadCounter.table","NW_015090842.1:9576120",5,6,1
"PIEZO1","s1337_F_POA_03_ASEReadCounter.table","NW_015090842.1:9576687",4,8,4
"PIEZO1","s1337_F_POA_03_ASEReadCounter.table","NW_015090842.1:9576710",6,6,0
"PIEZO1","s1337_F_POA_03_ASEReadCounter.table","NW_015090842.1:9576723",2,6,4
"PIEZO1","s1337_F_POA_03_ASEReadCounter.table","NW_015090842.1:9578268",2,6,4
"PIEZO1","s1337_F_POA_03_ASEReadCounter.table","NW_015090842.1:9578770",5,7,2
"PIEZO1","s1337_F_POA_03_ASEReadCounter.table","NW_015090842.1:9578806",5,8,3
"PIEZO1","s1337_F_POA_03_ASEReadCounter.table","NW_015090842.1:9579064",4,8,4
"PIEZO1","s1337_F_POA_03_ASEReadCounter.table","NW_015090842.1:9579065",4,8,4
"PIEZO1","s1337_F_POA_03_ASEReadCounter.table","NW_015090842.1:9579347",6,10,4
"PIEZO1","s1337_F_POA_03_ASEReadCounter.table","NW_015090842.1:9580765",3,6,3
"PIEZO1","s1337_F_POA_03_ASEReadCounter.table","NW_015090842.1:9580996",2,5,3
"PIEZO1","s1337_F_POA_03_ASEReadCounter.table","NW_015090842.1:9581101",1,3,2
"PIEZO1","s1337_F_POA_03_ASEReadCounter.table","NW_015090842.1:9581875",0,1,1
"PIEZO1","s1337_F_POA_03_ASEReadCounter.table","NW_015090842.1:9582046",0,1,1
"PIEZO1","s1337_F_POA_03_ASEReadCounter.table","NW_015090842.1:9582961",1,2,1
"PIEZO1","s1337_F_POA_03_ASEReadCounter.table","NW_015090842.1:9583298",2,2,0
"PIEZO1","s1337_F_POA_03_ASEReadCounter.table","NW_015090842.1:9584337",1,1,0
"PIEZO1","s1337_F_POA_03_ASEReadCounter.table","NW_015090842.1:9584425",1,1,0
"PIEZO1","s1337_F_POA_03_ASEReadCounter.table","NW_015090842.1:9584435",1,2,1
"PIEZO1","s1337_F_POA_03_ASEReadCounter.table","NW_015090842.1:9584438",1,2,1
"PIEZO1","s1337_F_POA_03_ASEReadCounter.table","NW_015090842.1:9584441",1,2,1
"CDT1","s1337_F_POA_03_ASEReadCounter.table","NW_015090842.1:9596766",3,6,3
"CDT1","s1337_F_POA_03_ASEReadCounter.table","NW_015090842.1:9597054",2,4,2
"CDT1","s1337_F_POA_03_ASEReadCounter.table","NW_015090842.1:9597074",3,4,1
"CDT1","s1337_F_POA_03_ASEReadCounter.table","NW_015090842.1:9597137",7,9,2
"CDT1","s1337_F_POA_03_ASEReadCounter.table","NW_015090842.1:9597756",9,12,3
"CDT1","s1337_F_POA_03_ASEReadCounter.table","NW_015090842.1:9597766",10,13,3
"CDT1","s1337_F_POA_03_ASEReadCounter.table","NW_015090842.1:9598496",4,8,4
"CDT1","s1337_F_POA_03_ASEReadCounter.table","NW_015090842.1:9598498",5,9,4
"CDT1","s1337_F_POA_03_ASEReadCounter.table","NW_015090842.1:9598816",4,8,4
"CDT1","s1337_F_POA_03_ASEReadCounter.table","NW_015090842.1:9598879",6,9,3
"CDT1","s1337_F_POA_03_ASEReadCounter.table","NW_015090842.1:9598912",9,12,3
"CDT1","s1337_F_POA_03_ASEReadCounter.table","NW_015090842.1:9598959",6,12,6
"CDT1","s1337_F_POA_03_ASEReadCounter.table","NW_015090842.1:9599807",6,10,4
"CDT1","s1337_F_POA_03_ASEReadCounter.table","NW_015090842.1:9599819",6,11,5
"CDT1","s1337_F_POA_03_ASEReadCounter.table","NW_015090842.1:9599845",5,11,6
"CDT1","s1337_F_POA_03_ASEReadCounter.table","NW_015090842.1:9600148",15,21,6
"CDT1","s1337_F_POA_03_ASEReadCounter.table","NW_015090842.1:9600151",14,20,6
"CDT1","s1337_F_POA_03_ASEReadCounter.table","NW_015090842.1:9600217",19,26,7
"CDT1","s1337_F_POA_03_ASEReadCounter.table","NW_015090842.1:9600226",17,22,5
"CDT1","s1337_F_POA_03_ASEReadCounter.table","NW_015090842.1:9600260",14,23,9
"CDT1","s1337_F_POA_03_ASEReadCounter.table","NW_015090842.1:9600268",17,26,9
"CDT1","s1337_F_POA_03_ASEReadCounter.table","NW_015090842.1:9600305",17,27,10
"CDT1","s1337_F_POA_03_ASEReadCounter.table","NW_015090842.1:9600397",16,26,10
"CDT1","s1337_F_POA_03_ASEReadCounter.table","NW_015090842.1:9600447",12,16,4
"CDT1","s1337_F_POA_03_ASEReadCounter.table","NW_015090842.1:9600450",11,15,4
"CDT1","s1337_F_POA_03_ASEReadCounter.table","NW_015090842.1:9600485",9,15,6
"CDT1","s1337_F_POA_03_ASEReadCounter.table","NW_015090842.1:9600579",9,19,10
"APRT","s1337_F_POA_03_ASEReadCounter.table","NW_015090842.1:9602308",40,111,71
"APRT","s1337_F_POA_03_ASEReadCounter.table","NW_015090842.1:9602440",86,248,162
"APRT","s1337_F_POA_03_ASEReadCounter.table","NW_015090842.1:9602449",85,244,159
"APRT","s1337_F_POA_03_ASEReadCounter.table","NW_015090842.1:9602451",84,248,164
"APRT","s1337_F_POA_03_ASEReadCounter.table","NW_015090842.1:9602455",82,243,161
"APRT","s1337_F_POA_03_ASEReadCounter.table","NW_015090842.1:9602462",82,242,160
"APRT","s1337_F_POA_03_ASEReadCounter.table","NW_015090842.1:9602507",72,224,152
"APRT","s1337_F_POA_03_ASEReadCounter.table","NW_015090842.1:9602514",73,235,162
"APRT","s1337_F_POA_03_ASEReadCounter.table","NW_015090842.1:9602530",62,209,147
"APRT","s1337_F_POA_03_ASEReadCounter.table","NW_015090842.1:9602582",64,191,127
"APRT","s1337_F_POA_03_ASEReadCounter.table","NW_015090842.1:9602583",65,188,123
"APRT","s1337_F_POA_03_ASEReadCounter.table","NW_015090842.1:9602650",68,198,130
"APRT","s1337_F_POA_03_ASEReadCounter.table","NW_015090842.1:9602655",68,194,126
"APRT","s1337_F_POA_03_ASEReadCounter.table","NW_015090842.1:9602712",46,175,129
"APRT","s1337_F_POA_03_ASEReadCounter.table","NW_015090842.1:9602764",47,188,141
"APRT","s1337_F_POA_03_ASEReadCounter.table","NW_015090842.1:9602821",56,170,114
"APRT","s1337_F_POA_03_ASEReadCounter.table","NW_015090842.1:9602867",52,129,77
"APRT","s1337_F_POA_03_ASEReadCounter.table","NW_015090842.1:9602883",47,134,87
"APRT","s1337_F_POA_03_ASEReadCounter.table","NW_015090842.1:9602886",47,132,85
"APRT","s1337_F_POA_03_ASEReadCounter.table","NW_015090842.1:9602948",52,148,96
"APRT","s1337_F_POA_03_ASEReadCounter.table","NW_015090842.1:9602958",49,158,109
"APRT","s1337_F_POA_03_ASEReadCounter.table","NW_015090842.1:9603020",55,187,132
"APRT","s1337_F_POA_03_ASEReadCounter.table","NW_015090842.1:9603025",54,185,131
"APRT","s1337_F_POA_03_ASEReadCounter.table","NW_015090842.1:9603154",56,157,101
"APRT","s1337_F_POA_03_ASEReadCounter.table","NW_015090842.1:9603166",63,175,112
"APRT","s1337_F_POA_03_ASEReadCounter.table","NW_015090842.1:9603326",42,135,93
"APRT","s1337_F_POA_03_ASEReadCounter.table","NW_015090842.1:9603419",34,118,84
"APRT","s1337_F_POA_03_ASEReadCounter.table","NW_015090842.1:9603420",34,117,83
"APRT","s1337_F_POA_03_ASEReadCounter.table","NW_015090842.1:9603464",26,67,41
"APRT","s1337_F_POA_03_ASEReadCounter.table","NW_015090842.1:9603528",33,90,57
"APRT","s1337_F_POA_03_ASEReadCounter.table","NW_015090842.1:9603607",35,112,77
"APRT","s1337_F_POA_03_ASEReadCounter.table","NW_015090842.1:9603622",29,98,69
"APRT","s1337_F_POA_03_ASEReadCounter.table","NW_015090842.1:9604361",30,114,84
"APRT","s1337_F_POA_03_ASEReadCounter.table","NW_015090842.1:9605317",27,59,32
"APRT","s1337_F_POA_03_ASEReadCounter.table","NW_015090842.1:9605336",24,60,36
"GALNS","s1337_F_POA_03_ASEReadCounter.table","NW_015090842.1:9612872",12,20,8
"GALNS","s1337_F_POA_03_ASEReadCounter.table","NW_015090842.1:9612873",8,16,8
"GALNS","s1337_F_POA_03_ASEReadCounter.table","NW_015090842.1:9612877",9,16,7
"GALNS","s1337_F_POA_03_ASEReadCounter.table","NW_015090842.1:9612942",28,53,25
"GALNS","s1337_F_POA_03_ASEReadCounter.table","NW_015090842.1:9612987",18,40,22
"GALNS","s1337_F_POA_03_ASEReadCounter.table","NW_015090842.1:9613064",30,60,30
"GALNS","s1337_F_POA_03_ASEReadCounter.table","NW_015090842.1:9613096",44,79,35
"GALNS","s1337_F_POA_03_ASEReadCounter.table","NW_015090842.1:9613123",38,68,30
"GALNS","s1337_F_POA_03_ASEReadCounter.table","NW_015090842.1:9613125",38,68,30
"GALNS","s1337_F_POA_03_ASEReadCounter.table","NW_015090842.1:9613193",31,53,22
"GALNS","s1337_F_POA_03_ASEReadCounter.table","NW_015090842.1:9613226",26,51,25
"GALNS","s1337_F_POA_03_ASEReadCounter.table","NW_015090842.1:9613249",29,58,29
"GALNS","s1337_F_POA_03_ASEReadCounter.table","NW_015090842.1:9613256",29,58,29
"GALNS","s1337_F_POA_03_ASEReadCounter.table","NW_015090842.1:9613317",20,46,26
"GALNS","s1337_F_POA_03_ASEReadCounter.table","NW_015090842.1:9613343",16,36,20
"GALNS","s1337_F_POA_03_ASEReadCounter.table","NW_015090842.1:9613344",16,36,20
"GALNS","s1337_F_POA_03_ASEReadCounter.table","NW_015090842.1:9613371",17,37,20
"GALNS","s1337_F_POA_03_ASEReadCounter.table","NW_015090842.1:9613378",17,40,23
"GALNS","s1337_F_POA_03_ASEReadCounter.table","NW_015090842.1:9613379",17,38,21
"GALNS","s1337_F_POA_03_ASEReadCounter.table","NW_015090842.1:9613516",27,53,26
"GALNS","s1337_F_POA_03_ASEReadCounter.table","NW_015090842.1:9613572",23,46,23
"GALNS","s1337_F_POA_03_ASEReadCounter.table","NW_015090842.1:9613597",19,44,25
"GALNS","s1337_F_POA_03_ASEReadCounter.table","NW_015090842.1:9613627",11,36,25
"GALNS","s1337_F_POA_03_ASEReadCounter.table","NW_015090842.1:9613640",10,37,27
"GALNS","s1337_F_POA_03_ASEReadCounter.table","NW_015090842.1:9614025",12,25,13
"GALNS","s1337_F_POA_03_ASEReadCounter.table","NW_015090842.1:9614169",9,25,16
"GALNS","s1337_F_POA_03_ASEReadCounter.table","NW_015090842.1:9614232",12,22,10
"GALNS","s1337_F_POA_03_ASEReadCounter.table","NW_015090842.1:9614667",7,17,10
"GALNS","s1337_F_POA_03_ASEReadCounter.table","NW_015090842.1:9614709",8,15,7
"GALNS","s1337_F_POA_03_ASEReadCounter.table","NW_015090842.1:9614880",8,16,8
"GALNS","s1337_F_POA_03_ASEReadCounter.table","NW_015090842.1:9614902",6,14,8
"GALNS","s1337_F_POA_03_ASEReadCounter.table","NW_015090842.1:9614960",4,11,7
"GALNS","s1337_F_POA_03_ASEReadCounter.table","NW_015090842.1:9615114",14,21,7
"GALNS","s1337_F_POA_03_ASEReadCounter.table","NW_015090842.1:9615199",8,21,13
"GALNS","s1337_F_POA_03_ASEReadCounter.table","NW_015090842.1:9615217",4,17,13
"GALNS","s1337_F_POA_03_ASEReadCounter.table","NW_015090842.1:9615277",4,16,12
"GALNS","s1337_F_POA_03_ASEReadCounter.table","NW_015090842.1:9615377",8,19,11
"GALNS","s1337_F_POA_03_ASEReadCounter.table","NW_015090842.1:9647858",2,11,9
"GALNS","s1337_F_POA_03_ASEReadCounter.table","NW_015090842.1:9649186",4,14,10
"GALNS","s1337_F_POA_03_ASEReadCounter.table","NW_015090842.1:9649237",5,13,8
"GALNS","s1337_F_POA_03_ASEReadCounter.table","NW_015090842.1:9661193",0,1,1
"TRAPPC2L","s1337_F_POA_03_ASEReadCounter.table","NW_015090842.1:9662951",178,312,134
"TRAPPC2L","s1337_F_POA_03_ASEReadCounter.table","NW_015090842.1:9663014",198,338,140
"TRAPPC2L","s1337_F_POA_03_ASEReadCounter.table","NW_015090842.1:9664305",125,328,203
"TRAPPC2L","s1337_F_POA_03_ASEReadCounter.table","NW_015090842.1:9665155",178,325,147
"TRAPPC2L","s1337_F_POA_03_ASEReadCounter.table","NW_015090842.1:9665211",46,94,48
"CBFA2T3","s1337_F_POA_03_ASEReadCounter.table","NW_015090842.1:9709469",1,47,46
"CBFA2T3","s1337_F_POA_03_ASEReadCounter.table","NW_015090842.1:9709475",1,52,51
"CBFA2T3","s1337_F_POA_03_ASEReadCounter.table","NW_015090842.1:9711845",0,6,6
"CBFA2T3","s1337_F_POA_03_ASEReadCounter.table","NW_015090842.1:9712157",0,14,14
"CBFA2T3","s1337_F_POA_03_ASEReadCounter.table","NW_015090842.1:9712160",0,13,13
"CBFA2T3","s1337_F_POA_03_ASEReadCounter.table","NW_015090842.1:9712166",0,12,12
"CBFA2T3","s1337_F_POA_03_ASEReadCounter.table","NW_015090842.1:9712536",0,9,9
"CBFA2T3","s1337_F_POA_03_ASEReadCounter.table","NW_015090842.1:9712673",0,10,10
"CBFA2T3","s1337_F_POA_03_ASEReadCounter.table","NW_015090842.1:9712787",7,13,6
"CBFA2T3","s1337_F_POA_03_ASEReadCounter.table","NW_015090842.1:9712791",7,13,6
"CBFA2T3","s1337_F_POA_03_ASEReadCounter.table","NW_015090842.1:9712805",6,12,6
"CBFA2T3","s1337_F_POA_03_ASEReadCounter.table","NW_015090842.1:9712811",7,14,7
"CBFA2T3","s1337_F_POA_03_ASEReadCounter.table","NW_015090842.1:9712848",10,22,12
"CBFA2T3","s1337_F_POA_03_ASEReadCounter.table","NW_015090842.1:9713088",8,15,7
"CBFA2T3","s1337_F_POA_03_ASEReadCounter.table","NW_015090842.1:9713121",16,24,8
"CBFA2T3","s1337_F_POA_03_ASEReadCounter.table","NW_015090842.1:9717058",13,28,15
"CBFA2T3","s1337_F_POA_03_ASEReadCounter.table","NW_015090842.1:9717093",11,24,13
"CBFA2T3","s1337_F_POA_03_ASEReadCounter.table","NW_015090842.1:9717114",6,18,12
"CBFA2T3","s1337_F_POA_03_ASEReadCounter.table","NW_015090842.1:9717139",7,17,10
"CBFA2T3","s1337_F_POA_03_ASEReadCounter.table","NW_015090842.1:9719788",10,20,10
"CBFA2T3","s1337_F_POA_03_ASEReadCounter.table","NW_015090842.1:9728475",2,3,1
"CBFA2T3","s1337_F_POA_03_ASEReadCounter.table","NW_015090842.1:9728522",1,1,0
"CBFA2T3","s1337_F_POA_03_ASEReadCounter.table","NW_015090842.1:9728525",1,1,0
"CBFA2T3","s1337_F_POA_03_ASEReadCounter.table","NW_015090842.1:9728588",0,1,1
"CBFA2T3","s1337_F_POA_03_ASEReadCounter.table","NW_015090842.1:9728601",0,1,1
"CBFA2T3","s1337_F_POA_03_ASEReadCounter.table","NW_015090842.1:9728611",0,1,1
"CBFA2T3","s1337_F_POA_03_ASEReadCounter.table","NW_015090842.1:9728654",1,2,1
"ACSF3","s1337_F_POA_03_ASEReadCounter.table","NW_015090842.1:9773379",0,1,1
"ACSF3","s1337_F_POA_03_ASEReadCounter.table","NW_015090842.1:9773382",0,2,2
"ACSF3","s1337_F_POA_03_ASEReadCounter.table","NW_015090842.1:9773384",0,2,2
"ACSF3","s1337_F_POA_03_ASEReadCounter.table","NW_015090842.1:9773388",0,2,2
"ACSF3","s1337_F_POA_03_ASEReadCounter.table","NW_015090842.1:9776753",2,4,2
"ACSF3","s1337_F_POA_03_ASEReadCounter.table","NW_015090842.1:9776783",1,2,1
"ACSF3","s1337_F_POA_03_ASEReadCounter.table","NW_015090842.1:9776879",4,7,3
"ACSF3","s1337_F_POA_03_ASEReadCounter.table","NW_015090842.1:9776965",7,9,2
"ACSF3","s1337_F_POA_03_ASEReadCounter.table","NW_015090842.1:9777091",7,9,2
"ACSF3","s1337_F_POA_03_ASEReadCounter.table","NW_015090842.1:9777206",11,16,5
"ACSF3","s1337_F_POA_03_ASEReadCounter.table","NW_015090842.1:9777283",19,25,6
"ACSF3","s1337_F_POA_03_ASEReadCounter.table","NW_015090842.1:9778955",15,35,20
"ACSF3","s1337_F_POA_03_ASEReadCounter.table","NW_015090842.1:9778997",14,41,27
"ACSF3","s1337_F_POA_03_ASEReadCounter.table","NW_015090842.1:9789311",20,51,31
"ACSF3","s1337_F_POA_03_ASEReadCounter.table","NW_015090842.1:9789906",0,34,34
"ACSF3","s1337_F_POA_03_ASEReadCounter.table","NW_015090842.1:9834743",71,138,67
"ACSF3","s1337_F_POA_03_ASEReadCounter.table","NW_015090842.1:9834852",67,122,55
"ACSF3","s1337_F_POA_03_ASEReadCounter.table","NW_015090842.1:9834861",54,106,52
"ACSF3","s1337_F_POA_03_ASEReadCounter.table","NW_015090842.1:9839359",57,117,60
"ACSF3","s1337_F_POA_03_ASEReadCounter.table","NW_015090842.1:9839378",54,113,59
"ACSF3","s1337_F_POA_03_ASEReadCounter.table","NW_015090842.1:9839455",44,102,58
"ACSF3","s1337_F_POA_03_ASEReadCounter.table","NW_015090842.1:9839457",45,94,49
"ACSF3","s1337_F_POA_03_ASEReadCounter.table","NW_015090842.1:9839489",36,83,47
"ACSF3","s1337_F_POA_03_ASEReadCounter.table","NW_015090842.1:9839500",31,71,40
"ACSF3","s1337_F_POA_03_ASEReadCounter.table","NW_015090842.1:9839501",31,71,40
"ACSF3","s1337_F_POA_03_ASEReadCounter.table","NW_015090842.1:9839504",36,75,39
"ACSF3","s1337_F_POA_03_ASEReadCounter.table","NW_015090842.1:9839512",34,55,21
"ACSF3","s1337_F_POA_03_ASEReadCounter.table","NW_015090842.1:9839527",26,45,19
"ACSF3","s1337_F_POA_03_ASEReadCounter.table","NW_015090842.1:9839533",17,36,19
"ACSF3","s1337_F_POA_03_ASEReadCounter.table","NW_015090842.1:9839535",16,34,18
"ACSF3","s1337_F_POA_03_ASEReadCounter.table","NW_015090842.1:9839545",13,29,16
"ACSF3","s1337_F_POA_03_ASEReadCounter.table","NW_015090842.1:9839550",10,26,16
"ACSF3","s1337_F_POA_03_ASEReadCounter.table","NW_015090842.1:9839551",9,25,16
"CDH15","s1337_F_POA_03_ASEReadCounter.table","NW_015090842.1:9847163",1,1,0
"CDH15","s1337_F_POA_03_ASEReadCounter.table","NW_015090842.1:9847174",1,1,0
"CDH15","s1337_F_POA_03_ASEReadCounter.table","NW_015090842.1:9848004",1,1,0
"CDH15","s1337_F_POA_03_ASEReadCounter.table","NW_015090842.1:9848888",1,1,0
"CDH15","s1337_F_POA_03_ASEReadCounter.table","NW_015090842.1:9848936",1,1,0
"CDH15","s1337_F_POA_03_ASEReadCounter.table","NW_015090842.1:9849086",1,2,1
"CDH15","s1337_F_POA_03_ASEReadCounter.table","NW_015090842.1:9849119",0,1,1
"CDH15","s1337_F_POA_03_ASEReadCounter.table","NW_015090842.1:9850141",3,4,1
"CDH15","s1337_F_POA_03_ASEReadCounter.table","NW_015090842.1:9850386",1,1,0
"CDH15","s1337_F_POA_03_ASEReadCounter.table","NW_015090842.1:9850609",1,2,1
"SLC22A31","s1337_F_POA_03_ASEReadCounter.table","NW_015090842.1:9850797",1,2,1
"SLC22A31","s1337_F_POA_03_ASEReadCounter.table","NW_015090842.1:9850818",1,2,1
"SLC22A31","s1337_F_POA_03_ASEReadCounter.table","NW_015090842.1:9850929",1,2,1
"SLC22A31","s1337_F_POA_03_ASEReadCounter.table","NW_015090842.1:9850936",1,2,1
"SLC22A31","s1337_F_POA_03_ASEReadCounter.table","NW_015090842.1:9850940",1,2,1
"SLC22A31","s1337_F_POA_03_ASEReadCounter.table","NW_015090842.1:9850948",1,2,1
"SLC22A31","s1337_F_POA_03_ASEReadCounter.table","NW_015090842.1:9850961",1,2,1
"SLC22A31","s1337_F_POA_03_ASEReadCounter.table","NW_015090842.1:9850970",1,2,1
"SLC22A31","s1337_F_POA_03_ASEReadCounter.table","NW_015090842.1:9850978",1,2,1
"SLC22A31","s1337_F_POA_03_ASEReadCounter.table","NW_015090842.1:9850981",1,2,1
"SLC22A31","s1337_F_POA_03_ASEReadCounter.table","NW_015090842.1:9851117",8,18,10
"SLC22A31","s1337_F_POA_03_ASEReadCounter.table","NW_015090842.1:9851130",9,18,9
"SLC22A31","s1337_F_POA_03_ASEReadCounter.table","NW_015090842.1:9851139",10,20,10
"SLC22A31","s1337_F_POA_03_ASEReadCounter.table","NW_015090842.1:9851265",13,34,21
"SLC22A31","s1337_F_POA_03_ASEReadCounter.table","NW_015090842.1:9851302",5,24,19
"SLC22A31","s1337_F_POA_03_ASEReadCounter.table","NW_015090842.1:9851303",6,25,19
"SLC22A31","s1337_F_POA_03_ASEReadCounter.table","NW_015090842.1:9851305",6,25,19
"SLC22A31","s1337_F_POA_03_ASEReadCounter.table","NW_015090842.1:9851343",4,17,13
"SLC22A31","s1337_F_POA_03_ASEReadCounter.table","NW_015090842.1:9851344",9,22,13
"SLC22A31","s1337_F_POA_03_ASEReadCounter.table","NW_015090842.1:9851361",12,25,13
"SLC22A31","s1337_F_POA_03_ASEReadCounter.table","NW_015090842.1:9851381",16,31,15
"SLC22A31","s1337_F_POA_03_ASEReadCounter.table","NW_015090842.1:9851421",12,28,16
"SLC22A31","s1337_F_POA_03_ASEReadCounter.table","NW_015090842.1:9851501",11,24,13
"SLC22A31","s1337_F_POA_03_ASEReadCounter.table","NW_015090842.1:9851526",16,33,17
"SLC22A31","s1337_F_POA_03_ASEReadCounter.table","NW_015090842.1:9851589",13,25,12
"SLC22A31","s1337_F_POA_03_ASEReadCounter.table","NW_015090842.1:9851712",9,34,25
"SLC22A31","s1337_F_POA_03_ASEReadCounter.table","NW_015090842.1:9851899",6,28,22
"SLC22A31","s1337_F_POA_03_ASEReadCounter.table","NW_015090842.1:9852139",15,35,20
"SLC22A31","s1337_F_POA_03_ASEReadCounter.table","NW_015090842.1:9852380",9,27,18
"SLC22A31","s1337_F_POA_03_ASEReadCounter.table","NW_015090842.1:9852431",8,14,6
"SLC22A31","s1337_F_POA_03_ASEReadCounter.table","NW_015090842.1:9852630",6,16,10
"SLC22A31","s1337_F_POA_03_ASEReadCounter.table","NW_015090842.1:9852711",5,21,16
"SLC22A31","s1337_F_POA_03_ASEReadCounter.table","NW_015090842.1:9853099",3,11,8
"SLC22A31","s1337_F_POA_03_ASEReadCounter.table","NW_015090842.1:9853102",3,11,8
"SLC22A31","s1337_F_POA_03_ASEReadCounter.table","NW_015090842.1:9853421",4,4,0
"SLC22A31","s1337_F_POA_03_ASEReadCounter.table","NW_015090842.1:9853457",2,4,2
"SLC22A31","s1337_F_POA_03_ASEReadCounter.table","NW_015090842.1:9853502",2,5,3
"ANKRD11","s1337_F_POA_03_ASEReadCounter.table","NW_015090842.1:9858863",26,42,16
"ANKRD11","s1337_F_POA_03_ASEReadCounter.table","NW_015090842.1:9859101",196,395,199
"ANKRD11","s1337_F_POA_03_ASEReadCounter.table","NW_015090842.1:9859352",260,516,256
"ANKRD11","s1337_F_POA_03_ASEReadCounter.table","NW_015090842.1:9859381",126,311,185
"ANKRD11","s1337_F_POA_03_ASEReadCounter.table","NW_015090842.1:9859679",205,450,245
"ANKRD11","s1337_F_POA_03_ASEReadCounter.table","NW_015090842.1:9861097",145,269,124
"ANKRD11","s1337_F_POA_03_ASEReadCounter.table","NW_015090842.1:9862571",64,129,65
"ANKRD11","s1337_F_POA_03_ASEReadCounter.table","NW_015090842.1:9862652",57,92,35
"ANKRD11","s1337_F_POA_03_ASEReadCounter.table","NW_015090842.1:9866071",0,66,66
"ANKRD11","s1337_F_POA_03_ASEReadCounter.table","NW_015090842.1:9866200",0,55,55
"ANKRD11","s1337_F_POA_03_ASEReadCounter.table","NW_015090842.1:9867391",19,36,17
"ANKRD11","s1337_F_POA_03_ASEReadCounter.table","NW_015090842.1:9867472",21,50,29
"ANKRD11","s1337_F_POA_03_ASEReadCounter.table","NW_015090842.1:9867559",27,54,27
"ANKRD11","s1337_F_POA_03_ASEReadCounter.table","NW_015090842.1:9867667",26,48,22
"ANKRD11","s1337_F_POA_03_ASEReadCounter.table","NW_015090842.1:9867934",28,63,35
"ANKRD11","s1337_F_POA_03_ASEReadCounter.table","NW_015090842.1:9868064",32,66,34
"ANKRD11","s1337_F_POA_03_ASEReadCounter.table","NW_015090842.1:9868093",35,66,31
"ANKRD11","s1337_F_POA_03_ASEReadCounter.table","NW_015090842.1:9868222",38,75,37
"ANKRD11","s1337_F_POA_03_ASEReadCounter.table","NW_015090842.1:9868327",40,83,43
"ANKRD11","s1337_F_POA_03_ASEReadCounter.table","NW_015090842.1:9868414",59,116,57
"ANKRD11","s1337_F_POA_03_ASEReadCounter.table","NW_015090842.1:9868441",59,109,50
"ANKRD11","s1337_F_POA_03_ASEReadCounter.table","NW_015090842.1:9868444",61,114,53
"ANKRD11","s1337_F_POA_03_ASEReadCounter.table","NW_015090842.1:9868519",86,155,69
"ANKRD11","s1337_F_POA_03_ASEReadCounter.table","NW_015090842.1:9868609",99,191,92
"ANKRD11","s1337_F_POA_03_ASEReadCounter.table","NW_015090842.1:9868666",105,223,118
"ANKRD11","s1337_F_POA_03_ASEReadCounter.table","NW_015090842.1:9868738",132,274,142
"ANKRD11","s1337_F_POA_03_ASEReadCounter.table","NW_015090842.1:9869431",215,428,213
"ANKRD11","s1337_F_POA_03_ASEReadCounter.table","NW_015090842.1:9869578",315,659,344
"ANKRD11","s1337_F_POA_03_ASEReadCounter.table","NW_015090842.1:9869734",289,646,357
"ANKRD11","s1337_F_POA_03_ASEReadCounter.table","NW_015090842.1:9870070",302,645,343
"ANKRD11","s1337_F_POA_03_ASEReadCounter.table","NW_015090842.1:9870349",383,760,377
"ANKRD11","s1337_F_POA_03_ASEReadCounter.table","NW_015090842.1:9870604",429,833,404
"ANKRD11","s1337_F_POA_03_ASEReadCounter.table","NW_015090842.1:9870613",474,913,439
"ANKRD11","s1337_F_POA_03_ASEReadCounter.table","NW_015090842.1:9870685",533,1091,558
"ANKRD11","s1337_F_POA_03_ASEReadCounter.table","NW_015090842.1:9870760",522,1045,523
"ANKRD11","s1337_F_POA_03_ASEReadCounter.table","NW_015090842.1:9870847",450,923,473
"ANKRD11","s1337_F_POA_03_ASEReadCounter.table","NW_015090842.1:9871103",328,623,295
"ANKRD11","s1337_F_POA_03_ASEReadCounter.table","NW_015090842.1:9871165",334,679,345
"ANKRD11","s1337_F_POA_03_ASEReadCounter.table","NW_015090842.1:9871508",203,395,192
"ANKRD11","s1337_F_POA_03_ASEReadCounter.table","NW_015090842.1:9871820",70,133,63
"ANKRD11","s1337_F_POA_03_ASEReadCounter.table","NW_015090842.1:9872118",61,134,73
"ANKRD11","s1337_F_POA_03_ASEReadCounter.table","NW_015090842.1:9877406",25,39,14
"SPG7","s1337_F_POA_03_ASEReadCounter.table","NW_015090842.1:10051190",60,105,45
"SPG7","s1337_F_POA_03_ASEReadCounter.table","NW_015090842.1:10051218",69,138,69
"SPG7","s1337_F_POA_03_ASEReadCounter.table","NW_015090842.1:10052348",82,157,75
"SPG7","s1337_F_POA_03_ASEReadCounter.table","NW_015090842.1:10052366",89,163,74
"SPG7","s1337_F_POA_03_ASEReadCounter.table","NW_015090842.1:10065173",113,231,118
"SPG7","s1337_F_POA_03_ASEReadCounter.table","NW_015090842.1:10065215",103,213,110
"SPG7","s1337_F_POA_03_ASEReadCounter.table","NW_015090842.1:10066365",115,249,134
"SPG7","s1337_F_POA_03_ASEReadCounter.table","NW_015090842.1:10069752",141,276,135
"SPG7","s1337_F_POA_03_ASEReadCounter.table","NW_015090842.1:10069800",159,321,162
"SPG7","s1337_F_POA_03_ASEReadCounter.table","NW_015090842.1:10071192",199,402,203
"SPG7","s1337_F_POA_03_ASEReadCounter.table","NW_015090842.1:10071219",190,379,189
"SPG7","s1337_F_POA_03_ASEReadCounter.table","NW_015090842.1:10071967",156,345,189
"SPG7","s1337_F_POA_03_ASEReadCounter.table","NW_015090842.1:10075109",363,673,310
"SPG7","s1337_F_POA_03_ASEReadCounter.table","NW_015090842.1:10075114",369,672,303
"SPG7","s1337_F_POA_03_ASEReadCounter.table","NW_015090842.1:10075198",307,540,233
"SPG7","s1337_F_POA_03_ASEReadCounter.table","NW_015090842.1:10075487",238,465,227
"SPG7","s1337_F_POA_03_ASEReadCounter.table","NW_015090842.1:10075488",238,469,231
"SPG7","s1337_F_POA_03_ASEReadCounter.table","NW_015090842.1:10075548",186,369,183
"RPL13","s1337_F_POA_03_ASEReadCounter.table","NW_015090842.1:10077387",476,1018,542
"RPL13","s1337_F_POA_03_ASEReadCounter.table","NW_015090842.1:10077978",748,1636,888
"RPL13","s1337_F_POA_03_ASEReadCounter.table","NW_015090842.1:10077992",768,1593,825
"CPNE7","s1337_F_POA_03_ASEReadCounter.table","NW_015090842.1:10084001",7,15,8
"CPNE7","s1337_F_POA_03_ASEReadCounter.table","NW_015090842.1:10084856",8,13,5
"CPNE7","s1337_F_POA_03_ASEReadCounter.table","NW_015090842.1:10084872",8,12,4
"CPNE7","s1337_F_POA_03_ASEReadCounter.table","NW_015090842.1:10084892",8,11,3
"CPNE7","s1337_F_POA_03_ASEReadCounter.table","NW_015090842.1:10084921",7,11,4
"CPNE7","s1337_F_POA_03_ASEReadCounter.table","NW_015090842.1:10084935",6,10,4
"CPNE7","s1337_F_POA_03_ASEReadCounter.table","NW_015090842.1:10085000",5,9,4
"CPNE7","s1337_F_POA_03_ASEReadCounter.table","NW_015090842.1:10085089",10,11,1
"CPNE7","s1337_F_POA_03_ASEReadCounter.table","NW_015090842.1:10085096",8,9,1
"CPNE7","s1337_F_POA_03_ASEReadCounter.table","NW_015090842.1:10085126",7,10,3
"CPNE7","s1337_F_POA_03_ASEReadCounter.table","NW_015090842.1:10085167",4,9,5
"CPNE7","s1337_F_POA_03_ASEReadCounter.table","NW_015090842.1:10085180",5,8,3
"CPNE7","s1337_F_POA_03_ASEReadCounter.table","NW_015090842.1:10085201",4,7,3
"CPNE7","s1337_F_POA_03_ASEReadCounter.table","NW_015090842.1:10088134",13,25,12
"CPNE7","s1337_F_POA_03_ASEReadCounter.table","NW_015090842.1:10088146",14,25,11
"CPNE7","s1337_F_POA_03_ASEReadCounter.table","NW_015090842.1:10088806",19,34,15
"CPNE7","s1337_F_POA_03_ASEReadCounter.table","NW_015090842.1:10088940",19,41,22
"CPNE7","s1337_F_POA_03_ASEReadCounter.table","NW_015090842.1:10088965",16,33,17
"CPNE7","s1337_F_POA_03_ASEReadCounter.table","NW_015090842.1:10088967",17,33,16
"CPNE7","s1337_F_POA_03_ASEReadCounter.table","NW_015090842.1:10088973",17,31,14
"CPNE7","s1337_F_POA_03_ASEReadCounter.table","NW_015090842.1:10090924",39,82,43
"CPNE7","s1337_F_POA_03_ASEReadCounter.table","NW_015090842.1:10090930",41,82,41
"CPNE7","s1337_F_POA_03_ASEReadCounter.table","NW_015090842.1:10091075",50,95,45
"CPNE7","s1337_F_POA_03_ASEReadCounter.table","NW_015090842.1:10091389",62,103,41
"CPNE7","s1337_F_POA_03_ASEReadCounter.table","NW_015090842.1:10091407",65,108,43
"CPNE7","s1337_F_POA_03_ASEReadCounter.table","NW_015090842.1:10091488",40,95,55
"CPNE7","s1337_F_POA_03_ASEReadCounter.table","NW_015090842.1:10091491",43,104,61
"CPNE7","s1337_F_POA_03_ASEReadCounter.table","NW_015090842.1:10091530",67,114,47
"CPNE7","s1337_F_POA_03_ASEReadCounter.table","NW_015090842.1:10091875",91,166,75
"CPNE7","s1337_F_POA_03_ASEReadCounter.table","NW_015090842.1:10091983",88,154,66
"CPNE7","s1337_F_POA_03_ASEReadCounter.table","NW_015090842.1:10091997",92,155,63
"CPNE7","s1337_F_POA_03_ASEReadCounter.table","NW_015090842.1:10092038",47,85,38
"CPNE7","s1337_F_POA_03_ASEReadCounter.table","NW_015090842.1:10092140",80,136,56
"CPNE7","s1337_F_POA_03_ASEReadCounter.table","NW_015090842.1:10092183",50,91,41
"CPNE7","s1337_F_POA_03_ASEReadCounter.table","NW_015090842.1:10092201",42,76,34
"CPNE7","s1337_F_POA_03_ASEReadCounter.table","NW_015090842.1:10092230",29,56,27
"CPNE7","s1337_F_POA_03_ASEReadCounter.table","NW_015090842.1:10092246",24,47,23
"LOC106888185","s1337_F_POA_03_ASEReadCounter.table","NW_015090842.1:10094965",1,4,3
"LOC106888185","s1337_F_POA_03_ASEReadCounter.table","NW_015090842.1:10094966",1,4,3
"LOC106888185","s1337_F_POA_03_ASEReadCounter.table","NW_015090842.1:10094985",1,4,3
"LOC106888185","s1337_F_POA_03_ASEReadCounter.table","NW_015090842.1:10095055",0,3,3
"LOC106888185","s1337_F_POA_03_ASEReadCounter.table","NW_015090842.1:10095062",0,2,2
"LOC106888185","s1337_F_POA_03_ASEReadCounter.table","NW_015090842.1:10095130",1,5,4
"LOC106888185","s1337_F_POA_03_ASEReadCounter.table","NW_015090842.1:10095265",4,15,11
"LOC106888185","s1337_F_POA_03_ASEReadCounter.table","NW_015090842.1:10095586",5,15,10
"LOC106888185","s1337_F_POA_03_ASEReadCounter.table","NW_015090842.1:10095593",5,14,9
"LOC106888185","s1337_F_POA_03_ASEReadCounter.table","NW_015090842.1:10095616",4,15,11
"LOC106888185","s1337_F_POA_03_ASEReadCounter.table","NW_015090842.1:10095662",3,9,6
"LOC106888185","s1337_F_POA_03_ASEReadCounter.table","NW_015090842.1:10095674",2,7,5
"LOC106888185","s1337_F_POA_03_ASEReadCounter.table","NW_015090842.1:10095786",2,7,5
"LOC106888185","s1337_F_POA_03_ASEReadCounter.table","NW_015090842.1:10095831",2,10,8
"LOC106888185","s1337_F_POA_03_ASEReadCounter.table","NW_015090842.1:10096230",6,8,2
"LOC106888185","s1337_F_POA_03_ASEReadCounter.table","NW_015090842.1:10096249",6,7,1
"LOC106888185","s1337_F_POA_03_ASEReadCounter.table","NW_015090842.1:10096272",5,10,5
"LOC106888185","s1337_F_POA_03_ASEReadCounter.table","NW_015090842.1:10096288",3,8,5
"LOC106888185","s1337_F_POA_03_ASEReadCounter.table","NW_015090842.1:10097248",3,7,4
"LOC106888185","s1337_F_POA_03_ASEReadCounter.table","NW_015090842.1:10097265",3,8,5
"LOC106888185","s1337_F_POA_03_ASEReadCounter.table","NW_015090842.1:10097446",0,1,1
"DPEP1","s1337_F_POA_03_ASEReadCounter.table","NW_015090842.1:10098518",0,1,1
"DPEP1","s1337_F_POA_03_ASEReadCounter.table","NW_015090842.1:10098659",0,1,1
"DPEP1","s1337_F_POA_03_ASEReadCounter.table","NW_015090842.1:10099765",0,1,1
"DPEP1","s1337_F_POA_03_ASEReadCounter.table","NW_015090842.1:10099985",0,2,2
"DPEP1","s1337_F_POA_03_ASEReadCounter.table","NW_015090842.1:10099986",0,2,2
"DPEP1","s1337_F_POA_03_ASEReadCounter.table","NW_015090842.1:10099991",0,2,2
"DPEP1","s1337_F_POA_03_ASEReadCounter.table","NW_015090842.1:10100044",0,1,1
"DPEP1","s1337_F_POA_03_ASEReadCounter.table","NW_015090842.1:10100045",0,1,1
"DPEP1","s1337_F_POA_03_ASEReadCounter.table","NW_015090842.1:10100295",0,1,1
"DPEP1","s1337_F_POA_03_ASEReadCounter.table","NW_015090842.1:10100529",0,3,3
"DPEP1","s1337_F_POA_03_ASEReadCounter.table","NW_015090842.1:10100893",0,4,4
"DPEP1","s1337_F_POA_03_ASEReadCounter.table","NW_015090842.1:10100902",0,4,4
"DPEP1","s1337_F_POA_03_ASEReadCounter.table","NW_015090842.1:10101072",0,1,1
"DPEP1","s1337_F_POA_03_ASEReadCounter.table","NW_015090842.1:10101199",0,3,3
"DPEP1","s1337_F_POA_03_ASEReadCounter.table","NW_015090842.1:10101483",0,3,3
"DPEP1","s1337_F_POA_03_ASEReadCounter.table","NW_015090842.1:10101497",0,3,3
"DPEP1","s1337_F_POA_03_ASEReadCounter.table","NW_015090842.1:10101525",0,1,1
"CHMP1A","s1337_F_POA_03_ASEReadCounter.table","NW_015090842.1:10102901",95,241,146
"CHMP1A","s1337_F_POA_03_ASEReadCounter.table","NW_015090842.1:10102961",73,240,167
"CHMP1A","s1337_F_POA_03_ASEReadCounter.table","NW_015090842.1:10102996",47,222,175
"CHMP1A","s1337_F_POA_03_ASEReadCounter.table","NW_015090842.1:10103004",53,230,177
"CHMP1A","s1337_F_POA_03_ASEReadCounter.table","NW_015090842.1:10103006",53,228,175
"CHMP1A","s1337_F_POA_03_ASEReadCounter.table","NW_015090842.1:10103052",115,307,192
"CHMP1A","s1337_F_POA_03_ASEReadCounter.table","NW_015090842.1:10103095",128,322,194
"CHMP1A","s1337_F_POA_03_ASEReadCounter.table","NW_015090842.1:10103096",129,323,194
"CHMP1A","s1337_F_POA_03_ASEReadCounter.table","NW_015090842.1:10103152",103,223,120
"CHMP1A","s1337_F_POA_03_ASEReadCounter.table","NW_015090842.1:10103173",102,229,127
"CHMP1A","s1337_F_POA_03_ASEReadCounter.table","NW_015090842.1:10103334",51,140,89
"CHMP1A","s1337_F_POA_03_ASEReadCounter.table","NW_015090842.1:10103373",30,128,98
"CHMP1A","s1337_F_POA_03_ASEReadCounter.table","NW_015090842.1:10103408",67,154,87
"CHMP1A","s1337_F_POA_03_ASEReadCounter.table","NW_015090842.1:10103412",74,161,87
"CHMP1A","s1337_F_POA_03_ASEReadCounter.table","NW_015090842.1:10103512",90,200,110
"CHMP1A","s1337_F_POA_03_ASEReadCounter.table","NW_015090842.1:10103513",91,203,112
"CHMP1A","s1337_F_POA_03_ASEReadCounter.table","NW_015090842.1:10103583",60,128,68
"CHMP1A","s1337_F_POA_03_ASEReadCounter.table","NW_015090842.1:10103614",67,147,80
"CHMP1A","s1337_F_POA_03_ASEReadCounter.table","NW_015090842.1:10103657",74,151,77
"CHMP1A","s1337_F_POA_03_ASEReadCounter.table","NW_015090842.1:10103669",71,146,75
"CHMP1A","s1337_F_POA_03_ASEReadCounter.table","NW_015090842.1:10103674",67,136,69
"CHMP1A","s1337_F_POA_03_ASEReadCounter.table","NW_015090842.1:10103677",64,131,67
"CHMP1A","s1337_F_POA_03_ASEReadCounter.table","NW_015090842.1:10103729",73,134,61
"CHMP1A","s1337_F_POA_03_ASEReadCounter.table","NW_015090842.1:10103758",62,123,61
"CHMP1A","s1337_F_POA_03_ASEReadCounter.table","NW_015090842.1:10103761",59,127,68
"CHMP1A","s1337_F_POA_03_ASEReadCounter.table","NW_015090842.1:10103788",68,152,84
"CHMP1A","s1337_F_POA_03_ASEReadCounter.table","NW_015090842.1:10103789",69,154,85
"CHMP1A","s1337_F_POA_03_ASEReadCounter.table","NW_015090842.1:10103790",68,152,84
"CHMP1A","s1337_F_POA_03_ASEReadCounter.table","NW_015090842.1:10103950",45,121,76
"CHMP1A","s1337_F_POA_03_ASEReadCounter.table","NW_015090842.1:10104335",40,87,47
"CHMP1A","s1337_F_POA_03_ASEReadCounter.table","NW_015090842.1:10104429",62,114,52
"CHMP1A","s1337_F_POA_03_ASEReadCounter.table","NW_015090842.1:10104532",75,136,61
"CHMP1A","s1337_F_POA_03_ASEReadCounter.table","NW_015090842.1:10104633",40,89,49
"CHMP1A","s1337_F_POA_03_ASEReadCounter.table","NW_015090842.1:10104759",25,76,51
"CHMP1A","s1337_F_POA_03_ASEReadCounter.table","NW_015090842.1:10104794",29,88,59
"CHMP1A","s1337_F_POA_03_ASEReadCounter.table","NW_015090842.1:10104841",52,71,19
"CHMP1A","s1337_F_POA_03_ASEReadCounter.table","NW_015090842.1:10104844",19,70,51
"CHMP1A","s1337_F_POA_03_ASEReadCounter.table","NW_015090842.1:10106242",24,61,37
"CHMP1A","s1337_F_POA_03_ASEReadCounter.table","NW_015090842.1:10106290",29,67,38
"CHMP1A","s1337_F_POA_03_ASEReadCounter.table","NW_015090842.1:10106335",28,67,39
"CHMP1A","s1337_F_POA_03_ASEReadCounter.table","NW_015090842.1:10106383",32,73,41
"CHMP1A","s1337_F_POA_03_ASEReadCounter.table","NW_015090842.1:10106747",35,71,36
"CHMP1A","s1337_F_POA_03_ASEReadCounter.table","NW_015090842.1:10107404",25,62,37
"CHMP1A","s1337_F_POA_03_ASEReadCounter.table","NW_015090842.1:10107876",31,61,30
"CDK10","s1337_F_POA_03_ASEReadCounter.table","NW_015090842.1:10109030",9,11,2
"CDK10","s1337_F_POA_03_ASEReadCounter.table","NW_015090842.1:10109963",37,88,51
"CDK10","s1337_F_POA_03_ASEReadCounter.table","NW_015090842.1:10110887",33,76,43
"CDK10","s1337_F_POA_03_ASEReadCounter.table","NW_015090842.1:10111254",16,64,48
"CDK10","s1337_F_POA_03_ASEReadCounter.table","NW_015090842.1:10111380",23,85,62
"CDK10","s1337_F_POA_03_ASEReadCounter.table","NW_015090842.1:10111395",28,91,63
"CDK10","s1337_F_POA_03_ASEReadCounter.table","NW_015090842.1:10111437",23,91,68
"CDK10","s1337_F_POA_03_ASEReadCounter.table","NW_015090842.1:10111798",36,101,65
"CDK10","s1337_F_POA_03_ASEReadCounter.table","NW_015090842.1:10111840",44,114,70
"CDK10","s1337_F_POA_03_ASEReadCounter.table","NW_015090842.1:10112031",53,142,89
"CDK10","s1337_F_POA_03_ASEReadCounter.table","NW_015090842.1:10112285",60,184,124
"CDK10","s1337_F_POA_03_ASEReadCounter.table","NW_015090842.1:10112398",66,197,131
"CDK10","s1337_F_POA_03_ASEReadCounter.table","NW_015090842.1:10112455",51,173,122
"CDK10","s1337_F_POA_03_ASEReadCounter.table","NW_015090842.1:10112461",53,166,113
"CDK10","s1337_F_POA_03_ASEReadCounter.table","NW_015090842.1:10112497",44,155,111
"CDK10","s1337_F_POA_03_ASEReadCounter.table","NW_015090842.1:10112508",38,155,117
"CDK10","s1337_F_POA_03_ASEReadCounter.table","NW_015090842.1:10112518",27,141,114
"CDK10","s1337_F_POA_03_ASEReadCounter.table","NW_015090842.1:10112540",12,118,106
"CDK10","s1337_F_POA_03_ASEReadCounter.table","NW_015090842.1:10112556",32,135,103
"CDK10","s1337_F_POA_03_ASEReadCounter.table","NW_015090842.1:10112561",40,154,114
"CDK10","s1337_F_POA_03_ASEReadCounter.table","NW_015090842.1:10112596",48,171,123
"CDK10","s1337_F_POA_03_ASEReadCounter.table","NW_015090842.1:10112630",49,150,101
"CDK10","s1337_F_POA_03_ASEReadCounter.table","NW_015090842.1:10112656",42,138,96
"CDK10","s1337_F_POA_03_ASEReadCounter.table","NW_015090842.1:10112665",36,107,71
"CDK10","s1337_F_POA_03_ASEReadCounter.table","NW_015090842.1:10112668",35,104,69
"CDK10","s1337_F_POA_03_ASEReadCounter.table","NW_015090842.1:10112781",28,76,48
"CDK10","s1337_F_POA_03_ASEReadCounter.table","NW_015090842.1:10112782",28,76,48
"CDK10","s1337_F_POA_03_ASEReadCounter.table","NW_015090842.1:10112795",26,70,44
"CDK10","s1337_F_POA_03_ASEReadCounter.table","NW_015090842.1:10112841",12,31,19
"CDK10","s1337_F_POA_03_ASEReadCounter.table","NW_015090842.1:10112861",9,22,13
"SPATA2L","s1337_F_POA_03_ASEReadCounter.table","NW_015090842.1:10113212",36,89,53
"SPATA2L","s1337_F_POA_03_ASEReadCounter.table","NW_015090842.1:10113280",44,127,83
"SPATA2L","s1337_F_POA_03_ASEReadCounter.table","NW_015090842.1:10113296",47,130,83
"SPATA2L","s1337_F_POA_03_ASEReadCounter.table","NW_015090842.1:10113321",50,139,89
"SPATA2L","s1337_F_POA_03_ASEReadCounter.table","NW_015090842.1:10113332",54,159,105
"SPATA2L","s1337_F_POA_03_ASEReadCounter.table","NW_015090842.1:10113380",60,176,116
"SPATA2L","s1337_F_POA_03_ASEReadCounter.table","NW_015090842.1:10113381",59,177,118
"SPATA2L","s1337_F_POA_03_ASEReadCounter.table","NW_015090842.1:10113412",72,196,124
"SPATA2L","s1337_F_POA_03_ASEReadCounter.table","NW_015090842.1:10113421",71,187,116
"SPATA2L","s1337_F_POA_03_ASEReadCounter.table","NW_015090842.1:10113465",54,153,99
"SPATA2L","s1337_F_POA_03_ASEReadCounter.table","NW_015090842.1:10113535",96,192,96
"SPATA2L","s1337_F_POA_03_ASEReadCounter.table","NW_015090842.1:10113645",75,190,115
"SPATA2L","s1337_F_POA_03_ASEReadCounter.table","NW_015090842.1:10113682",89,230,141
"SPATA2L","s1337_F_POA_03_ASEReadCounter.table","NW_015090842.1:10113696",79,210,131
"SPATA2L","s1337_F_POA_03_ASEReadCounter.table","NW_015090842.1:10113727",93,221,128
"SPATA2L","s1337_F_POA_03_ASEReadCounter.table","NW_015090842.1:10113799",92,207,115
"SPATA2L","s1337_F_POA_03_ASEReadCounter.table","NW_015090842.1:10113809",94,223,129
"SPATA2L","s1337_F_POA_03_ASEReadCounter.table","NW_015090842.1:10113827",94,222,128
"SPATA2L","s1337_F_POA_03_ASEReadCounter.table","NW_015090842.1:10113831",89,218,129
"SPATA2L","s1337_F_POA_03_ASEReadCounter.table","NW_015090842.1:10113894",73,179,106
"SPATA2L","s1337_F_POA_03_ASEReadCounter.table","NW_015090842.1:10113905",67,166,99
"SPATA2L","s1337_F_POA_03_ASEReadCounter.table","NW_015090842.1:10113914",66,160,94
"SPATA2L","s1337_F_POA_03_ASEReadCounter.table","NW_015090842.1:10113920",78,165,87
"SPATA2L","s1337_F_POA_03_ASEReadCounter.table","NW_015090842.1:10113937",85,183,98
"SPATA2L","s1337_F_POA_03_ASEReadCounter.table","NW_015090842.1:10113971",68,166,98
"SPATA2L","s1337_F_POA_03_ASEReadCounter.table","NW_015090842.1:10113976",56,165,109
"SPATA2L","s1337_F_POA_03_ASEReadCounter.table","NW_015090842.1:10113985",60,151,91
"SPATA2L","s1337_F_POA_03_ASEReadCounter.table","NW_015090842.1:10113994",76,174,98
"SPATA2L","s1337_F_POA_03_ASEReadCounter.table","NW_015090842.1:10114063",62,149,87
"SPATA2L","s1337_F_POA_03_ASEReadCounter.table","NW_015090842.1:10114066",60,146,86
"SPATA2L","s1337_F_POA_03_ASEReadCounter.table","NW_015090842.1:10114069",60,144,84
"SPATA2L","s1337_F_POA_03_ASEReadCounter.table","NW_015090842.1:10114121",35,100,65
"SPATA2L","s1337_F_POA_03_ASEReadCounter.table","NW_015090842.1:10114159",32,101,69
"SPATA2L","s1337_F_POA_03_ASEReadCounter.table","NW_015090842.1:10114282",143,143,0
"SPATA2L","s1337_F_POA_03_ASEReadCounter.table","NW_015090842.1:10114470",49,105,56
"SPATA2L","s1337_F_POA_03_ASEReadCounter.table","NW_015090842.1:10114524",36,80,44
"VPS9D1","s1337_F_POA_03_ASEReadCounter.table","NW_015090842.1:10116377",35,86,51
"VPS9D1","s1337_F_POA_03_ASEReadCounter.table","NW_015090842.1:10116415",34,93,59
"VPS9D1","s1337_F_POA_03_ASEReadCounter.table","NW_015090842.1:10116607",31,83,52
"VPS9D1","s1337_F_POA_03_ASEReadCounter.table","NW_015090842.1:10116816",37,61,24
"VPS9D1","s1337_F_POA_03_ASEReadCounter.table","NW_015090842.1:10116821",25,65,40
"VPS9D1","s1337_F_POA_03_ASEReadCounter.table","NW_015090842.1:10116825",22,61,39
"VPS9D1","s1337_F_POA_03_ASEReadCounter.table","NW_015090842.1:10116882",23,56,33
"VPS9D1","s1337_F_POA_03_ASEReadCounter.table","NW_015090842.1:10116885",20,51,31
"VPS9D1","s1337_F_POA_03_ASEReadCounter.table","NW_015090842.1:10116933",21,46,25
"VPS9D1","s1337_F_POA_03_ASEReadCounter.table","NW_015090842.1:10116942",17,45,28
"VPS9D1","s1337_F_POA_03_ASEReadCounter.table","NW_015090842.1:10117152",30,59,29
"VPS9D1","s1337_F_POA_03_ASEReadCounter.table","NW_015090842.1:10117396",30,51,21
"VPS9D1","s1337_F_POA_03_ASEReadCounter.table","NW_015090842.1:10117405",22,42,20
"VPS9D1","s1337_F_POA_03_ASEReadCounter.table","NW_015090842.1:10117480",21,53,32
"VPS9D1","s1337_F_POA_03_ASEReadCounter.table","NW_015090842.1:10117497",23,51,28
"VPS9D1","s1337_F_POA_03_ASEReadCounter.table","NW_015090842.1:10117499",19,51,32
"VPS9D1","s1337_F_POA_03_ASEReadCounter.table","NW_015090842.1:10117516",18,48,30
"VPS9D1","s1337_F_POA_03_ASEReadCounter.table","NW_015090842.1:10117525",18,48,30
"VPS9D1","s1337_F_POA_03_ASEReadCounter.table","NW_015090842.1:10117579",13,45,32
"VPS9D1","s1337_F_POA_03_ASEReadCounter.table","NW_015090842.1:10117627",11,41,30
"VPS9D1","s1337_F_POA_03_ASEReadCounter.table","NW_015090842.1:10117678",10,48,38
"VPS9D1","s1337_F_POA_03_ASEReadCounter.table","NW_015090842.1:10117773",19,61,42
"VPS9D1","s1337_F_POA_03_ASEReadCounter.table","NW_015090842.1:10117937",26,63,37
"VPS9D1","s1337_F_POA_03_ASEReadCounter.table","NW_015090842.1:10117961",23,57,34
"VPS9D1","s1337_F_POA_03_ASEReadCounter.table","NW_015090842.1:10118236",13,59,46
"VPS9D1","s1337_F_POA_03_ASEReadCounter.table","NW_015090842.1:10118414",22,64,42
"VPS9D1","s1337_F_POA_03_ASEReadCounter.table","NW_015090842.1:10118973",33,70,37
"VPS9D1","s1337_F_POA_03_ASEReadCounter.table","NW_015090842.1:10119500",9,32,23
"ZNF276","s1337_F_POA_03_ASEReadCounter.table","NW_015090842.1:10121760",5,8,3
"ZNF276","s1337_F_POA_03_ASEReadCounter.table","NW_015090842.1:10121769",5,8,3
"ZNF276","s1337_F_POA_03_ASEReadCounter.table","NW_015090842.1:10121802",7,10,3
"ZNF276","s1337_F_POA_03_ASEReadCounter.table","NW_015090842.1:10121971",9,15,6
"ZNF276","s1337_F_POA_03_ASEReadCounter.table","NW_015090842.1:10122883",3,10,7
"ZNF276","s1337_F_POA_03_ASEReadCounter.table","NW_015090842.1:10123069",9,19,10
"ZNF276","s1337_F_POA_03_ASEReadCounter.table","NW_015090842.1:10123207",17,27,10
"ZNF276","s1337_F_POA_03_ASEReadCounter.table","NW_015090842.1:10125787",15,33,18
"ZNF276","s1337_F_POA_03_ASEReadCounter.table","NW_015090842.1:10126309",21,41,20
"ZNF276","s1337_F_POA_03_ASEReadCounter.table","NW_015090842.1:10126348",18,43,25
"ZNF276","s1337_F_POA_03_ASEReadCounter.table","NW_015090842.1:10126978",27,51,24
"ZNF276","s1337_F_POA_03_ASEReadCounter.table","NW_015090842.1:10126991",22,44,22
"ZNF276","s1337_F_POA_03_ASEReadCounter.table","NW_015090842.1:10127023",23,47,24
"ZNF276","s1337_F_POA_03_ASEReadCounter.table","NW_015090842.1:10127063",21,38,17
"ZNF276","s1337_F_POA_03_ASEReadCounter.table","NW_015090842.1:10127373",26,41,15
"ZNF276","s1337_F_POA_03_ASEReadCounter.table","NW_015090842.1:10127931",33,66,33
"ZNF276","s1337_F_POA_03_ASEReadCounter.table","NW_015090842.1:10128070",43,86,43
"ZNF276","s1337_F_POA_03_ASEReadCounter.table","NW_015090842.1:10128102",35,76,41
"ZNF276","s1337_F_POA_03_ASEReadCounter.table","NW_015090842.1:10128356",26,71,45
"ZNF276","s1337_F_POA_03_ASEReadCounter.table","NW_015090842.1:10128497",23,54,31
"FANCA","s1337_F_POA_03_ASEReadCounter.table","NW_015090842.1:10128743",0,6,6
"FANCA","s1337_F_POA_03_ASEReadCounter.table","NW_015090842.1:10128822",1,6,5
"FANCA","s1337_F_POA_03_ASEReadCounter.table","NW_015090842.1:10129383",1,3,2
"FANCA","s1337_F_POA_03_ASEReadCounter.table","NW_015090842.1:10129390",1,3,2
"FANCA","s1337_F_POA_03_ASEReadCounter.table","NW_015090842.1:10129422",1,3,2
"FANCA","s1337_F_POA_03_ASEReadCounter.table","NW_015090842.1:10129969",1,2,1
"FANCA","s1337_F_POA_03_ASEReadCounter.table","NW_015090842.1:10130399",1,1,0
"FANCA","s1337_F_POA_03_ASEReadCounter.table","NW_015090842.1:10130857",0,2,2
"FANCA","s1337_F_POA_03_ASEReadCounter.table","NW_015090842.1:10130878",0,3,3
"FANCA","s1337_F_POA_03_ASEReadCounter.table","NW_015090842.1:10133530",0,2,2
"FANCA","s1337_F_POA_03_ASEReadCounter.table","NW_015090842.1:10133533",0,2,2
"FANCA","s1337_F_POA_03_ASEReadCounter.table","NW_015090842.1:10133536",0,2,2
"FANCA","s1337_F_POA_03_ASEReadCounter.table","NW_015090842.1:10133601",1,2,1
"FANCA","s1337_F_POA_03_ASEReadCounter.table","NW_015090842.1:10134492",1,1,0
"FANCA","s1337_F_POA_03_ASEReadCounter.table","NW_015090842.1:10134531",1,1,0
"FANCA","s1337_F_POA_03_ASEReadCounter.table","NW_015090842.1:10136982",0,1,1
"FANCA","s1337_F_POA_03_ASEReadCounter.table","NW_015090842.1:10136999",1,2,1
"FANCA","s1337_F_POA_03_ASEReadCounter.table","NW_015090842.1:10137019",1,2,1
"FANCA","s1337_F_POA_03_ASEReadCounter.table","NW_015090842.1:10137673",1,2,1
"FANCA","s1337_F_POA_03_ASEReadCounter.table","NW_015090842.1:10145030",0,1,1
"FANCA","s1337_F_POA_03_ASEReadCounter.table","NW_015090842.1:10158162",1,1,0
"FANCA","s1337_F_POA_03_ASEReadCounter.table","NW_015090842.1:10164257",0,1,1
"FANCA","s1337_F_POA_03_ASEReadCounter.table","NW_015090842.1:10165331",0,1,1
"SPIRE2","s1337_F_POA_03_ASEReadCounter.table","NW_015090842.1:10172284",17,29,12
"SPIRE2","s1337_F_POA_03_ASEReadCounter.table","NW_015090842.1:10175262",20,37,17
"SPIRE2","s1337_F_POA_03_ASEReadCounter.table","NW_015090842.1:10175352",18,28,10
"SPIRE2","s1337_F_POA_03_ASEReadCounter.table","NW_015090842.1:10175400",40,71,31
"SPIRE2","s1337_F_POA_03_ASEReadCounter.table","NW_015090842.1:10175418",45,78,33
"SPIRE2","s1337_F_POA_03_ASEReadCounter.table","NW_015090842.1:10175704",46,91,45
"SPIRE2","s1337_F_POA_03_ASEReadCounter.table","NW_015090842.1:10176115",55,132,77
"SPIRE2","s1337_F_POA_03_ASEReadCounter.table","NW_015090842.1:10176561",69,142,73
"SPIRE2","s1337_F_POA_03_ASEReadCounter.table","NW_015090842.1:10176817",82,170,88
"SPIRE2","s1337_F_POA_03_ASEReadCounter.table","NW_015090842.1:10177084",43,105,62
"SPIRE2","s1337_F_POA_03_ASEReadCounter.table","NW_015090842.1:10177110",41,95,54
"SPIRE2","s1337_F_POA_03_ASEReadCounter.table","NW_015090842.1:10177838",98,191,93
"SPIRE2","s1337_F_POA_03_ASEReadCounter.table","NW_015090842.1:10178000",84,172,88
"SPIRE2","s1337_F_POA_03_ASEReadCounter.table","NW_015090842.1:10178164",83,179,96
"SPIRE2","s1337_F_POA_03_ASEReadCounter.table","NW_015090842.1:10178216",89,195,106
"SPIRE2","s1337_F_POA_03_ASEReadCounter.table","NW_015090842.1:10178403",95,213,118
"SPIRE2","s1337_F_POA_03_ASEReadCounter.table","NW_015090842.1:10178409",90,200,110
"SPIRE2","s1337_F_POA_03_ASEReadCounter.table","NW_015090842.1:10178524",109,220,111
"SPIRE2","s1337_F_POA_03_ASEReadCounter.table","NW_015090842.1:10178526",109,224,115
"SPIRE2","s1337_F_POA_03_ASEReadCounter.table","NW_015090842.1:10178531",111,223,112
"SPIRE2","s1337_F_POA_03_ASEReadCounter.table","NW_015090842.1:10178565",108,222,114
"SPIRE2","s1337_F_POA_03_ASEReadCounter.table","NW_015090842.1:10178587",108,204,96
"SPIRE2","s1337_F_POA_03_ASEReadCounter.table","NW_015090842.1:10178640",76,169,93
"SPIRE2","s1337_F_POA_03_ASEReadCounter.table","NW_015090842.1:10178651",79,176,97
"SPIRE2","s1337_F_POA_03_ASEReadCounter.table","NW_015090842.1:10178682",63,142,79
"TCF25","s1337_F_POA_03_ASEReadCounter.table","NW_015090842.1:10180912",54,91,37
"TCF25","s1337_F_POA_03_ASEReadCounter.table","NW_015090842.1:10180924",58,97,39
"TCF25","s1337_F_POA_03_ASEReadCounter.table","NW_015090842.1:10180931",59,98,39
"TCF25","s1337_F_POA_03_ASEReadCounter.table","NW_015090842.1:10185332",128,249,121
"TCF25","s1337_F_POA_03_ASEReadCounter.table","NW_015090842.1:10188816",90,154,64
"MC1R","s1337_F_POA_03_ASEReadCounter.table","NW_015090842.1:10202160",0,2,2
"DBNDD1","s1337_F_POA_03_ASEReadCounter.table","NW_015090842.1:10223105",72,143,71
"GAS8","s1337_F_POA_03_ASEReadCounter.table","NW_015090842.1:10228982",19,49,30
"GAS8","s1337_F_POA_03_ASEReadCounter.table","NW_015090842.1:10229832",18,35,17
"GAS8","s1337_F_POA_03_ASEReadCounter.table","NW_015090842.1:10232375",18,43,25
"GAS8","s1337_F_POA_03_ASEReadCounter.table","NW_015090842.1:10232901",32,54,22
"GAS8","s1337_F_POA_03_ASEReadCounter.table","NW_015090842.1:10232928",33,63,30
"GAS8","s1337_F_POA_03_ASEReadCounter.table","NW_015090842.1:10232967",36,74,38
"GAS8","s1337_F_POA_03_ASEReadCounter.table","NW_015090842.1:10233032",21,56,35
"GAS8","s1337_F_POA_03_ASEReadCounter.table","NW_015090842.1:10233057",21,43,22
"GAS8","s1337_F_POA_03_ASEReadCounter.table","NW_015090842.1:10233058",21,44,23
"GAS8","s1337_F_POA_03_ASEReadCounter.table","NW_015090842.1:10233176",31,50,19
"GAS8","s1337_F_POA_03_ASEReadCounter.table","NW_015090842.1:10233196",31,49,18
"GAS8","s1337_F_POA_03_ASEReadCounter.table","NW_015090842.1:10233252",20,33,13
"GAS8","s1337_F_POA_03_ASEReadCounter.table","NW_015090842.1:10233303",9,15,6
"LOC106888094","s1337_F_POA_03_ASEReadCounter.table","NW_015090842.1:10233334",4,8,4
"LOC106888094","s1337_F_POA_03_ASEReadCounter.table","NW_015090842.1:10233362",7,17,10
"LOC106888094","s1337_F_POA_03_ASEReadCounter.table","NW_015090842.1:10233373",7,18,11
"LOC106888094","s1337_F_POA_03_ASEReadCounter.table","NW_015090842.1:10233388",8,19,11
"LOC106888094","s1337_F_POA_03_ASEReadCounter.table","NW_015090842.1:10233402",9,21,12
"LOC106888094","s1337_F_POA_03_ASEReadCounter.table","NW_015090842.1:10233465",13,29,16
"LOC106888094","s1337_F_POA_03_ASEReadCounter.table","NW_015090842.1:10233803",12,36,24
"LOC106888094","s1337_F_POA_03_ASEReadCounter.table","NW_015090842.1:10233815",11,30,19
"LOC106888094","s1337_F_POA_03_ASEReadCounter.table","NW_015090842.1:10235484",1,2,1
"LOC106888094","s1337_F_POA_03_ASEReadCounter.table","NW_015090842.1:10235611",3,4,1
"LOC106888094","s1337_F_POA_03_ASEReadCounter.table","NW_015090842.1:10236098",3,3,0
"LOC106888094","s1337_F_POA_03_ASEReadCounter.table","NW_015090842.1:10236161",0,1,1
"LOC106888094","s1337_F_POA_03_ASEReadCounter.table","NW_015090842.1:10236380",0,1,1
"LOC106888094","s1337_F_POA_03_ASEReadCounter.table","NW_015090842.1:10236388",0,1,1
"LOC106888094","s1337_F_POA_03_ASEReadCounter.table","NW_015090842.1:10236425",0,1,1
"LOC106888094","s1337_F_POA_03_ASEReadCounter.table","NW_015090842.1:10236426",0,1,1
"LOC106888094","s1337_F_POA_03_ASEReadCounter.table","NW_015090842.1:10236603",1,1,0
"LOC106888173","s1337_F_POA_03_ASEReadCounter.table","NW_015090842.1:10239596",1,4,3
"LOC106888173","s1337_F_POA_03_ASEReadCounter.table","NW_015090842.1:10240036",0,15,15
"LOC106888173","s1337_F_POA_03_ASEReadCounter.table","NW_015090842.1:10240095",0,8,8
"LOC106888173","s1337_F_POA_03_ASEReadCounter.table","NW_015090842.1:10240280",1,14,13
"LOC106888173","s1337_F_POA_03_ASEReadCounter.table","NW_015090842.1:10240557",1,25,24
"LOC106888173","s1337_F_POA_03_ASEReadCounter.table","NW_015090842.1:10240603",1,22,21
"LOC106888173","s1337_F_POA_03_ASEReadCounter.table","NW_015090842.1:10240609",1,22,21
"LOC106888173","s1337_F_POA_03_ASEReadCounter.table","NW_015090842.1:10240690",0,23,23
"LOC106888173","s1337_F_POA_03_ASEReadCounter.table","NW_015090842.1:10240924",0,24,24
"LOC106888173","s1337_F_POA_03_ASEReadCounter.table","NW_015090842.1:10241037",0,30,30
"LOC106888173","s1337_F_POA_03_ASEReadCounter.table","NW_015090842.1:10241046",1,26,25
"LOC106888173","s1337_F_POA_03_ASEReadCounter.table","NW_015090842.1:10241058",1,30,29
"LOC106888173","s1337_F_POA_03_ASEReadCounter.table","NW_015090842.1:10241064",1,27,26
"LOC106888173","s1337_F_POA_03_ASEReadCounter.table","NW_015090842.1:10241103",31,32,1
"LOC106888173","s1337_F_POA_03_ASEReadCounter.table","NW_015090842.1:10241163",1,21,20
"LOC106888173","s1337_F_POA_03_ASEReadCounter.table","NW_015090842.1:10241803",0,27,27
"LOC106888173","s1337_F_POA_03_ASEReadCounter.table","NW_015090842.1:10241827",1,34,33
"LOC106888173","s1337_F_POA_03_ASEReadCounter.table","NW_015090842.1:10241869",1,34,33
"LOC106888173","s1337_F_POA_03_ASEReadCounter.table","NW_015090842.1:10242079",2,35,33
"LOC106888173","s1337_F_POA_03_ASEReadCounter.table","NW_015090842.1:10242103",3,34,31
"LOC106888173","s1337_F_POA_03_ASEReadCounter.table","NW_015090842.1:10242157",2,30,28
"LOC106888173","s1337_F_POA_03_ASEReadCounter.table","NW_015090842.1:10242455",5,41,36
"LOC106888173","s1337_F_POA_03_ASEReadCounter.table","NW_015090842.1:10242481",5,44,39
"LOC106888173","s1337_F_POA_03_ASEReadCounter.table","NW_015090842.1:10242590",3,41,38
"LOC106888173","s1337_F_POA_03_ASEReadCounter.table","NW_015090842.1:10242794",3,38,35
"LOC106888173","s1337_F_POA_03_ASEReadCounter.table","NW_015090842.1:10242909",3,33,30
"LOC106888173","s1337_F_POA_03_ASEReadCounter.table","NW_015090842.1:10243094",4,40,36
"LOC106888173","s1337_F_POA_03_ASEReadCounter.table","NW_015090842.1:10243133",1,34,33
"LOC106888173","s1337_F_POA_03_ASEReadCounter.table","NW_015090842.1:10243273",2,46,44
"LOC106888173","s1337_F_POA_03_ASEReadCounter.table","NW_015090842.1:10243278",4,48,44
"LOC106888173","s1337_F_POA_03_ASEReadCounter.table","NW_015090842.1:10243281",4,49,45
"LOC106888173","s1337_F_POA_03_ASEReadCounter.table","NW_015090842.1:10243347",24,24,0
"LOC106888173","s1337_F_POA_03_ASEReadCounter.table","NW_015090842.1:10243353",3,24,21
"LOC106888173","s1337_F_POA_03_ASEReadCounter.table","NW_015090842.1:10243363",2,19,17
"LOC106888173","s1337_F_POA_03_ASEReadCounter.table","NW_015090842.1:10243365",3,20,17
"LOC106888173","s1337_F_POA_03_ASEReadCounter.table","NW_015090842.1:10243566",3,64,61
"LOC106888173","s1337_F_POA_03_ASEReadCounter.table","NW_015090842.1:10243605",2,62,60
"LOC106888173","s1337_F_POA_03_ASEReadCounter.table","NW_015090842.1:10243614",2,61,59
"LOC106888173","s1337_F_POA_03_ASEReadCounter.table","NW_015090842.1:10243615",2,60,58
"LOC106888173","s1337_F_POA_03_ASEReadCounter.table","NW_015090842.1:10243640",2,47,45
"LOC106888173","s1337_F_POA_03_ASEReadCounter.table","NW_015090842.1:10243680",2,37,35
"LOC106888173","s1337_F_POA_03_ASEReadCounter.table","NW_015090842.1:10243742",3,47,44
"LOC106888173","s1337_F_POA_03_ASEReadCounter.table","NW_015090842.1:10243804",2,36,34
"LOC106888173","s1337_F_POA_03_ASEReadCounter.table","NW_015090842.1:10243913",3,32,29
"LOC106888173","s1337_F_POA_03_ASEReadCounter.table","NW_015090842.1:10243921",2,30,28
"LOC106888384","s1337_F_POA_03_ASEReadCounter.table","NW_015090842.1:10251354",0,1,1
"LOC106888384","s1337_F_POA_03_ASEReadCounter.table","NW_015090842.1:10251358",0,1,1
"LOC106888384","s1337_F_POA_03_ASEReadCounter.table","NW_015090842.1:10251369",0,1,1
"LOC106888384","s1337_F_POA_03_ASEReadCounter.table","NW_015090842.1:10251370",0,1,1
"LOC106888384","s1337_F_POA_03_ASEReadCounter.table","NW_015090842.1:10251375",0,1,1
"LOC106888384","s1337_F_POA_03_ASEReadCounter.table","NW_015090842.1:10251388",0,1,1
"LOC106888384","s1337_F_POA_03_ASEReadCounter.table","NW_015090842.1:10251390",0,1,1
"LOC106888384","s1337_F_POA_03_ASEReadCounter.table","NW_015090842.1:10251393",0,1,1
"LOC106888384","s1337_F_POA_03_ASEReadCounter.table","NW_015090842.1:10253165",1,1,0
"LOC106888384","s1337_F_POA_03_ASEReadCounter.table","NW_015090842.1:10253284",3,3,0
"LOC106888384","s1337_F_POA_03_ASEReadCounter.table","NW_015090842.1:10254028",2,2,0
"LOC106888384","s1337_F_POA_03_ASEReadCounter.table","NW_015090842.1:10254227",1,1,0
"LOC106888384","s1337_F_POA_03_ASEReadCounter.table","NW_015090842.1:10254233",1,1,0
"LOC106888384","s1337_F_POA_03_ASEReadCounter.table","NW_015090842.1:10254263",1,1,0
"LOC106888384","s1337_F_POA_03_ASEReadCounter.table","NW_015090842.1:10254293",1,1,0
"LOC106888384","s1337_F_POA_03_ASEReadCounter.table","NW_015090842.1:10254608",0,1,1
"LOC106888384","s1337_F_POA_03_ASEReadCounter.table","NW_015090842.1:10254618",0,1,1
"LOC106888384","s1337_F_POA_03_ASEReadCounter.table","NW_015090842.1:10254620",0,2,2
"LOC106888384","s1337_F_POA_03_ASEReadCounter.table","NW_015090842.1:10254623",0,1,1
"LOC106888384","s1337_F_POA_03_ASEReadCounter.table","NW_015090842.1:10254624",0,2,2
"LOC106888384","s1337_F_POA_03_ASEReadCounter.table","NW_015090842.1:10254627",0,2,2
"LOC106888384","s1337_F_POA_03_ASEReadCounter.table","NW_015090842.1:10254629",0,2,2
"LOC106888384","s1337_F_POA_03_ASEReadCounter.table","NW_015090842.1:10254647",2,2,0
"LOC106888384","s1337_F_POA_03_ASEReadCounter.table","NW_015090842.1:10254891",0,1,1
"LOC106888384","s1337_F_POA_03_ASEReadCounter.table","NW_015090842.1:10254900",1,1,0
"LOC106888384","s1337_F_POA_03_ASEReadCounter.table","NW_015090842.1:10254915",1,1,0
"LOC106888384","s1337_F_POA_03_ASEReadCounter.table","NW_015090842.1:10254965",0,2,2
"LOC106888384","s1337_F_POA_03_ASEReadCounter.table","NW_015090842.1:10254975",0,1,1
"LOC106888384","s1337_F_POA_03_ASEReadCounter.table","NW_015090842.1:10255077",2,2,0
"LOC106888384","s1337_F_POA_03_ASEReadCounter.table","NW_015090842.1:10255117",1,1,0
"LOC106888384","s1337_F_POA_03_ASEReadCounter.table","NW_015090842.1:10255138",1,1,0
"LOC106888384","s1337_F_POA_03_ASEReadCounter.table","NW_015090842.1:10255139",1,1,0
"LOC106888384","s1337_F_POA_03_ASEReadCounter.table","NW_015090842.1:10255209",1,1,0
"LOC106888384","s1337_F_POA_03_ASEReadCounter.table","NW_015090842.1:10255211",1,1,0
"LOC106888384","s1337_F_POA_03_ASEReadCounter.table","NW_015090842.1:10255236",1,1,0
"LOC106888384","s1337_F_POA_03_ASEReadCounter.table","NW_015090842.1:10255262",1,1,0
"LOC106888384","s1337_F_POA_03_ASEReadCounter.table","NW_015090842.1:10255264",1,1,0
"LOC106888384","s1337_F_POA_03_ASEReadCounter.table","NW_015090842.1:10255306",2,2,0
"LOC106888384","s1337_F_POA_03_ASEReadCounter.table","NW_015090842.1:10255340",2,2,0
"LOC106888384","s1337_F_POA_03_ASEReadCounter.table","NW_015090842.1:10255449",1,1,0
"LOC106888384","s1337_F_POA_03_ASEReadCounter.table","NW_015090842.1:10255496",1,1,0
"LOC106888384","s1337_F_POA_03_ASEReadCounter.table","NW_015090842.1:10255531",1,1,0
"LOC106888384","s1337_F_POA_03_ASEReadCounter.table","NW_015090842.1:10255608",3,3,0
"LOC106888384","s1337_F_POA_03_ASEReadCounter.table","NW_015090842.1:10255704",7,7,0
"LOC106888384","s1337_F_POA_03_ASEReadCounter.table","NW_015090842.1:10255731",7,7,0
"LOC106888384","s1337_F_POA_03_ASEReadCounter.table","NW_015090842.1:10255771",4,4,0
"TANGO6","s1337_F_POA_03_ASEReadCounter.table","NW_015090842.1:10257782",3,6,3
"TANGO6","s1337_F_POA_03_ASEReadCounter.table","NW_015090842.1:10258162",3,9,6
"TANGO6","s1337_F_POA_03_ASEReadCounter.table","NW_015090842.1:10258185",3,11,8
"TANGO6","s1337_F_POA_03_ASEReadCounter.table","NW_015090842.1:10259267",3,9,6
"TANGO6","s1337_F_POA_03_ASEReadCounter.table","NW_015090842.1:10260250",18,49,31
"TANGO6","s1337_F_POA_03_ASEReadCounter.table","NW_015090842.1:10260289",13,42,29
"TANGO6","s1337_F_POA_03_ASEReadCounter.table","NW_015090842.1:10260309",6,25,19
"TANGO6","s1337_F_POA_03_ASEReadCounter.table","NW_015090842.1:10260979",16,32,16
"TANGO6","s1337_F_POA_03_ASEReadCounter.table","NW_015090842.1:10261599",16,32,16
"TANGO6","s1337_F_POA_03_ASEReadCounter.table","NW_015090842.1:10268425",31,57,26
"TANGO6","s1337_F_POA_03_ASEReadCounter.table","NW_015090842.1:10269831",29,50,21
"TANGO6","s1337_F_POA_03_ASEReadCounter.table","NW_015090842.1:10270813",19,47,28
"TANGO6","s1337_F_POA_03_ASEReadCounter.table","NW_015090842.1:10274018",12,35,23
"TANGO6","s1337_F_POA_03_ASEReadCounter.table","NW_015090842.1:10275974",17,38,21
"TANGO6","s1337_F_POA_03_ASEReadCounter.table","NW_015090842.1:10275976",17,40,23
"TANGO6","s1337_F_POA_03_ASEReadCounter.table","NW_015090842.1:10276123",24,55,31
"TANGO6","s1337_F_POA_03_ASEReadCounter.table","NW_015090842.1:10276271",27,48,21
"TANGO6","s1337_F_POA_03_ASEReadCounter.table","NW_015090842.1:10276272",27,48,21
"TANGO6","s1337_F_POA_03_ASEReadCounter.table","NW_015090842.1:10276275",29,52,23
"TANGO6","s1337_F_POA_03_ASEReadCounter.table","NW_015090842.1:10276278",30,51,21
"TANGO6","s1337_F_POA_03_ASEReadCounter.table","NW_015090842.1:10276368",19,38,19
"TANGO6","s1337_F_POA_03_ASEReadCounter.table","NW_015090842.1:10276373",18,38,20
"TANGO6","s1337_F_POA_03_ASEReadCounter.table","NW_015090842.1:10276630",25,50,25
"TANGO6","s1337_F_POA_03_ASEReadCounter.table","NW_015090842.1:10281498",30,60,30
"TANGO6","s1337_F_POA_03_ASEReadCounter.table","NW_015090842.1:10281516",36,72,36
"TANGO6","s1337_F_POA_03_ASEReadCounter.table","NW_015090842.1:10282842",45,79,34
"TANGO6","s1337_F_POA_03_ASEReadCounter.table","NW_015090842.1:10282863",33,62,29
"TANGO6","s1337_F_POA_03_ASEReadCounter.table","NW_015090842.1:10282869",35,65,30
"TANGO6","s1337_F_POA_03_ASEReadCounter.table","NW_015090842.1:10282903",33,72,39
"TANGO6","s1337_F_POA_03_ASEReadCounter.table","NW_015090842.1:10283757",41,92,51
"TANGO6","s1337_F_POA_03_ASEReadCounter.table","NW_015090842.1:10283785",49,98,49
"HAS3","s1337_F_POA_03_ASEReadCounter.table","NW_015090842.1:10288093",1,2,1
"HAS3","s1337_F_POA_03_ASEReadCounter.table","NW_015090842.1:10288266",0,1,1
"HAS3","s1337_F_POA_03_ASEReadCounter.table","NW_015090842.1:10288274",0,1,1
"HAS3","s1337_F_POA_03_ASEReadCounter.table","NW_015090842.1:10288364",1,2,1
"HAS3","s1337_F_POA_03_ASEReadCounter.table","NW_015090842.1:10289269",1,4,3
"HAS3","s1337_F_POA_03_ASEReadCounter.table","NW_015090842.1:10289272",1,4,3
"HAS3","s1337_F_POA_03_ASEReadCounter.table","NW_015090842.1:10290375",0,1,1
"HAS3","s1337_F_POA_03_ASEReadCounter.table","NW_015090842.1:10290395",1,3,2
"HAS3","s1337_F_POA_03_ASEReadCounter.table","NW_015090842.1:10290439",7,7,0
"HAS3","s1337_F_POA_03_ASEReadCounter.table","NW_015090842.1:10290561",5,7,2
"HAS3","s1337_F_POA_03_ASEReadCounter.table","NW_015090842.1:10290609",2,4,2
"HAS3","s1337_F_POA_03_ASEReadCounter.table","NW_015090842.1:10290666",3,6,3
"HAS3","s1337_F_POA_03_ASEReadCounter.table","NW_015090842.1:10290723",3,4,1
"HAS3","s1337_F_POA_03_ASEReadCounter.table","NW_015090842.1:10290927",3,9,6
"HAS3","s1337_F_POA_03_ASEReadCounter.table","NW_015090842.1:10291004",1,9,8
"CHTF8","s1337_F_POA_03_ASEReadCounter.table","NW_015090842.1:10291319",8,10,2
"CHTF8","s1337_F_POA_03_ASEReadCounter.table","NW_015090842.1:10291491",11,14,3
"CHTF8","s1337_F_POA_03_ASEReadCounter.table","NW_015090842.1:10291520",9,18,9
"CHTF8","s1337_F_POA_03_ASEReadCounter.table","NW_015090842.1:10291593",13,26,13
"CHTF8","s1337_F_POA_03_ASEReadCounter.table","NW_015090842.1:10291600",13,23,10
"CHTF8","s1337_F_POA_03_ASEReadCounter.table","NW_015090842.1:10291609",11,21,10
"CHTF8","s1337_F_POA_03_ASEReadCounter.table","NW_015090842.1:10291639",11,21,10
"CHTF8","s1337_F_POA_03_ASEReadCounter.table","NW_015090842.1:10291641",9,19,10
"CHTF8","s1337_F_POA_03_ASEReadCounter.table","NW_015090842.1:10291648",14,25,11
"CHTF8","s1337_F_POA_03_ASEReadCounter.table","NW_015090842.1:10291656",13,23,10
"CHTF8","s1337_F_POA_03_ASEReadCounter.table","NW_015090842.1:10291675",13,22,9
"CHTF8","s1337_F_POA_03_ASEReadCounter.table","NW_015090842.1:10291696",12,19,7
"CHTF8","s1337_F_POA_03_ASEReadCounter.table","NW_015090842.1:10291714",12,19,7
"CHTF8","s1337_F_POA_03_ASEReadCounter.table","NW_015090842.1:10291732",11,17,6
"CHTF8","s1337_F_POA_03_ASEReadCounter.table","NW_015090842.1:10291755",9,16,7
"CHTF8","s1337_F_POA_03_ASEReadCounter.table","NW_015090842.1:10291756",10,18,8
"CHTF8","s1337_F_POA_03_ASEReadCounter.table","NW_015090842.1:10291758",10,19,9
"CHTF8","s1337_F_POA_03_ASEReadCounter.table","NW_015090842.1:10291792",13,22,9
"CHTF8","s1337_F_POA_03_ASEReadCounter.table","NW_015090842.1:10291895",9,19,10
"CHTF8","s1337_F_POA_03_ASEReadCounter.table","NW_015090842.1:10292132",12,15,3
"CHTF8","s1337_F_POA_03_ASEReadCounter.table","NW_015090842.1:10292314",9,12,3
"CHTF8","s1337_F_POA_03_ASEReadCounter.table","NW_015090842.1:10292317",9,12,3
"CHTF8","s1337_F_POA_03_ASEReadCounter.table","NW_015090842.1:10292928",1,1,0
"UTP4","s1337_F_POA_03_ASEReadCounter.table","NW_015090842.1:10293146",11,15,4
"UTP4","s1337_F_POA_03_ASEReadCounter.table","NW_015090842.1:10293151",11,15,4
"UTP4","s1337_F_POA_03_ASEReadCounter.table","NW_015090842.1:10293191",7,10,3
"UTP4","s1337_F_POA_03_ASEReadCounter.table","NW_015090842.1:10293362",9,17,8
"UTP4","s1337_F_POA_03_ASEReadCounter.table","NW_015090842.1:10293430",6,12,6
"UTP4","s1337_F_POA_03_ASEReadCounter.table","NW_015090842.1:10293625",3,11,8
"UTP4","s1337_F_POA_03_ASEReadCounter.table","NW_015090842.1:10293684",7,18,11
"UTP4","s1337_F_POA_03_ASEReadCounter.table","NW_015090842.1:10294093",14,26,12
"UTP4","s1337_F_POA_03_ASEReadCounter.table","NW_015090842.1:10294622",16,30,14
"UTP4","s1337_F_POA_03_ASEReadCounter.table","NW_015090842.1:10294632",16,31,15
"UTP4","s1337_F_POA_03_ASEReadCounter.table","NW_015090842.1:10295238",11,23,12
"UTP4","s1337_F_POA_03_ASEReadCounter.table","NW_015090842.1:10295880",11,25,14
"UTP4","s1337_F_POA_03_ASEReadCounter.table","NW_015090842.1:10295884",11,28,17
"UTP4","s1337_F_POA_03_ASEReadCounter.table","NW_015090842.1:10295903",10,24,14
"UTP4","s1337_F_POA_03_ASEReadCounter.table","NW_015090842.1:10295906",10,27,17
"UTP4","s1337_F_POA_03_ASEReadCounter.table","NW_015090842.1:10295915",11,27,16
"UTP4","s1337_F_POA_03_ASEReadCounter.table","NW_015090842.1:10295938",12,28,16
"UTP4","s1337_F_POA_03_ASEReadCounter.table","NW_015090842.1:10296175",13,33,20
"UTP4","s1337_F_POA_03_ASEReadCounter.table","NW_015090842.1:10296660",18,39,21
"UTP4","s1337_F_POA_03_ASEReadCounter.table","NW_015090842.1:10296679",11,34,23
"UTP4","s1337_F_POA_03_ASEReadCounter.table","NW_015090842.1:10297193",24,57,33
"UTP4","s1337_F_POA_03_ASEReadCounter.table","NW_015090842.1:10297220",27,53,26
"UTP4","s1337_F_POA_03_ASEReadCounter.table","NW_015090842.1:10297307",46,80,34
"UTP4","s1337_F_POA_03_ASEReadCounter.table","NW_015090842.1:10297558",47,87,40
"UTP4","s1337_F_POA_03_ASEReadCounter.table","NW_015090842.1:10297943",41,87,46
"UTP4","s1337_F_POA_03_ASEReadCounter.table","NW_015090842.1:10297979",38,75,37
"UTP4","s1337_F_POA_03_ASEReadCounter.table","NW_015090842.1:10298022",32,59,27
"UTP4","s1337_F_POA_03_ASEReadCounter.table","NW_015090842.1:10298079",4,18,14
"UTP4","s1337_F_POA_03_ASEReadCounter.table","NW_015090842.1:10298081",3,16,13
"UTP4","s1337_F_POA_03_ASEReadCounter.table","NW_015090842.1:10298082",4,17,13
"SNTB2","s1337_F_POA_03_ASEReadCounter.table","NW_015090842.1:10298905",2,3,1
"SNTB2","s1337_F_POA_03_ASEReadCounter.table","NW_015090842.1:10298928",2,3,1
"SNTB2","s1337_F_POA_03_ASEReadCounter.table","NW_015090842.1:10303506",3,6,3
"SNTB2","s1337_F_POA_03_ASEReadCounter.table","NW_015090842.1:10303524",4,9,5
"SNTB2","s1337_F_POA_03_ASEReadCounter.table","NW_015090842.1:10304059",2,4,2
"SNTB2","s1337_F_POA_03_ASEReadCounter.table","NW_015090842.1:10304089",3,4,1
"SNTB2","s1337_F_POA_03_ASEReadCounter.table","NW_015090842.1:10304167",2,5,3
"SNTB2","s1337_F_POA_03_ASEReadCounter.table","NW_015090842.1:10304176",3,6,3
"SNTB2","s1337_F_POA_03_ASEReadCounter.table","NW_015090842.1:10305069",5,10,5
"SNTB2","s1337_F_POA_03_ASEReadCounter.table","NW_015090842.1:10305099",4,9,5
"SNTB2","s1337_F_POA_03_ASEReadCounter.table","NW_015090842.1:10305171",3,7,4
"SNTB2","s1337_F_POA_03_ASEReadCounter.table","NW_015090842.1:10305177",3,7,4
"SNTB2","s1337_F_POA_03_ASEReadCounter.table","NW_015090842.1:10305451",1,8,7
"SNTB2","s1337_F_POA_03_ASEReadCounter.table","NW_015090842.1:10305547",5,12,7
"SNTB2","s1337_F_POA_03_ASEReadCounter.table","NW_015090842.1:10305847",7,12,5
"SNTB2","s1337_F_POA_03_ASEReadCounter.table","NW_015090842.1:10306173",7,11,4
"SNTB2","s1337_F_POA_03_ASEReadCounter.table","NW_015090842.1:10306275",4,11,7
"SNTB2","s1337_F_POA_03_ASEReadCounter.table","NW_015090842.1:10306457",4,11,7
"SNTB2","s1337_F_POA_03_ASEReadCounter.table","NW_015090842.1:10306496",5,13,8
"SNTB2","s1337_F_POA_03_ASEReadCounter.table","NW_015090842.1:10306499",5,13,8
"VPS4A","s1337_F_POA_03_ASEReadCounter.table","NW_015090842.1:10308566",67,139,72
"VPS4A","s1337_F_POA_03_ASEReadCounter.table","NW_015090842.1:10308573",69,140,71
"VPS4A","s1337_F_POA_03_ASEReadCounter.table","NW_015090842.1:10308856",88,212,124
"VPS4A","s1337_F_POA_03_ASEReadCounter.table","NW_015090842.1:10309056",124,270,146
"VPS4A","s1337_F_POA_03_ASEReadCounter.table","NW_015090842.1:10309089",165,307,142
"VPS4A","s1337_F_POA_03_ASEReadCounter.table","NW_015090842.1:10309392",159,290,131
"VPS4A","s1337_F_POA_03_ASEReadCounter.table","NW_015090842.1:10309413",153,278,125
"VPS4A","s1337_F_POA_03_ASEReadCounter.table","NW_015090842.1:10309467",155,309,154
"VPS4A","s1337_F_POA_03_ASEReadCounter.table","NW_015090842.1:10310230",192,406,214
"VPS4A","s1337_F_POA_03_ASEReadCounter.table","NW_015090842.1:10310425",154,355,201
"VPS4A","s1337_F_POA_03_ASEReadCounter.table","NW_015090842.1:10310639",184,378,194
"VPS4A","s1337_F_POA_03_ASEReadCounter.table","NW_015090842.1:10310734",172,359,187
"VPS4A","s1337_F_POA_03_ASEReadCounter.table","NW_015090842.1:10310737",171,360,189
"VPS4A","s1337_F_POA_03_ASEReadCounter.table","NW_015090842.1:10310746",178,384,206
"VPS4A","s1337_F_POA_03_ASEReadCounter.table","NW_015090842.1:10310767",195,402,207
"VPS4A","s1337_F_POA_03_ASEReadCounter.table","NW_015090842.1:10310995",241,471,230
"VPS4A","s1337_F_POA_03_ASEReadCounter.table","NW_015090842.1:10311004",238,473,235
"VPS4A","s1337_F_POA_03_ASEReadCounter.table","NW_015090842.1:10311007",238,478,240
"VPS4A","s1337_F_POA_03_ASEReadCounter.table","NW_015090842.1:10311013",258,495,237
"VPS4A","s1337_F_POA_03_ASEReadCounter.table","NW_015090842.1:10311022",235,482,247
"VPS4A","s1337_F_POA_03_ASEReadCounter.table","NW_015090842.1:10311023",233,477,244
"VPS4A","s1337_F_POA_03_ASEReadCounter.table","NW_015090842.1:10311426",232,494,262
"VPS4A","s1337_F_POA_03_ASEReadCounter.table","NW_015090842.1:10311489",2,8,6
"VPS4A","s1337_F_POA_03_ASEReadCounter.table","NW_015090842.1:10311490",2,7,5
"VPS4A","s1337_F_POA_03_ASEReadCounter.table","NW_015090842.1:10311525",11,31,20
"VPS4A","s1337_F_POA_03_ASEReadCounter.table","NW_015090842.1:10311529",16,47,31
"VPS4A","s1337_F_POA_03_ASEReadCounter.table","NW_015090842.1:10311530",16,51,35
"VPS4A","s1337_F_POA_03_ASEReadCounter.table","NW_015090842.1:10311552",63,111,48
"VPS4A","s1337_F_POA_03_ASEReadCounter.table","NW_015090842.1:10311689",48,117,69
"VPS4A","s1337_F_POA_03_ASEReadCounter.table","NW_015090842.1:10311700",71,139,68
"VPS4A","s1337_F_POA_03_ASEReadCounter.table","NW_015090842.1:10311701",67,138,71
"VPS4A","s1337_F_POA_03_ASEReadCounter.table","NW_015090842.1:10311703",71,141,70
"COG8","s1337_F_POA_03_ASEReadCounter.table","NW_015090842.1:10313487",24,59,35
"COG8","s1337_F_POA_03_ASEReadCounter.table","NW_015090842.1:10313559",39,77,38
"COG8","s1337_F_POA_03_ASEReadCounter.table","NW_015090842.1:10313579",32,66,34
"COG8","s1337_F_POA_03_ASEReadCounter.table","NW_015090842.1:10313665",31,54,23
"COG8","s1337_F_POA_03_ASEReadCounter.table","NW_015090842.1:10313681",33,57,24
"COG8","s1337_F_POA_03_ASEReadCounter.table","NW_015090842.1:10313768",34,71,37
"COG8","s1337_F_POA_03_ASEReadCounter.table","NW_015090842.1:10313775",32,69,37
"COG8","s1337_F_POA_03_ASEReadCounter.table","NW_015090842.1:10313811",26,56,30
"COG8","s1337_F_POA_03_ASEReadCounter.table","NW_015090842.1:10313858",20,44,24
"COG8","s1337_F_POA_03_ASEReadCounter.table","NW_015090842.1:10314100",25,51,26
"COG8","s1337_F_POA_03_ASEReadCounter.table","NW_015090842.1:10314213",26,52,26
"COG8","s1337_F_POA_03_ASEReadCounter.table","NW_015090842.1:10315093",12,33,21
"COG8","s1337_F_POA_03_ASEReadCounter.table","NW_015090842.1:10315162",11,30,19
"COG8","s1337_F_POA_03_ASEReadCounter.table","NW_015090842.1:10315285",23,47,24
"COG8","s1337_F_POA_03_ASEReadCounter.table","NW_015090842.1:10315360",9,28,19
"COG8","s1337_F_POA_03_ASEReadCounter.table","NW_015090842.1:10315369",12,35,23
"COG8","s1337_F_POA_03_ASEReadCounter.table","NW_015090842.1:10315504",13,31,18
"COG8","s1337_F_POA_03_ASEReadCounter.table","NW_015090842.1:10315508",13,32,19
"COG8","s1337_F_POA_03_ASEReadCounter.table","NW_015090842.1:10315624",14,34,20
"COG8","s1337_F_POA_03_ASEReadCounter.table","NW_015090842.1:10315693",13,29,16
"COG8","s1337_F_POA_03_ASEReadCounter.table","NW_015090842.1:10315698",12,27,15
"COG8","s1337_F_POA_03_ASEReadCounter.table","NW_015090842.1:10315768",5,19,14
"COG8","s1337_F_POA_03_ASEReadCounter.table","NW_015090842.1:10315769",5,18,13
"COG8","s1337_F_POA_03_ASEReadCounter.table","NW_015090842.1:10315784",5,18,13
"COG8","s1337_F_POA_03_ASEReadCounter.table","NW_015090842.1:10316093",6,13,7
"COG8","s1337_F_POA_03_ASEReadCounter.table","NW_015090842.1:10316133",8,15,7
"NIP7","s1337_F_POA_03_ASEReadCounter.table","NW_015090842.1:10316759",16,38,22
"NIP7","s1337_F_POA_03_ASEReadCounter.table","NW_015090842.1:10316967",109,214,105
"NIP7","s1337_F_POA_03_ASEReadCounter.table","NW_015090842.1:10316995",128,247,119
"NIP7","s1337_F_POA_03_ASEReadCounter.table","NW_015090842.1:10317240",178,342,164
"NIP7","s1337_F_POA_03_ASEReadCounter.table","NW_015090842.1:10317247",173,334,161
"NIP7","s1337_F_POA_03_ASEReadCounter.table","NW_015090842.1:10317264",171,314,143
"NIP7","s1337_F_POA_03_ASEReadCounter.table","NW_015090842.1:10317433",200,426,226
"NIP7","s1337_F_POA_03_ASEReadCounter.table","NW_015090842.1:10317738",204,441,237
"NIP7","s1337_F_POA_03_ASEReadCounter.table","NW_015090842.1:10317769",200,432,232
"NIP7","s1337_F_POA_03_ASEReadCounter.table","NW_015090842.1:10317808",124,302,178
"NIP7","s1337_F_POA_03_ASEReadCounter.table","NW_015090842.1:10317870",93,248,155
"NIP7","s1337_F_POA_03_ASEReadCounter.table","NW_015090842.1:10317871",93,237,144
"NIP7","s1337_F_POA_03_ASEReadCounter.table","NW_015090842.1:10317898",67,174,107
"NIP7","s1337_F_POA_03_ASEReadCounter.table","NW_015090842.1:10317911",64,155,91
"TMED6","s1337_F_POA_03_ASEReadCounter.table","NW_015090842.1:10318731",1,1,0
"TERF2","s1337_F_POA_03_ASEReadCounter.table","NW_015090842.1:10321665",11,20,9
"TERF2","s1337_F_POA_03_ASEReadCounter.table","NW_015090842.1:10321768",50,107,57
"TERF2","s1337_F_POA_03_ASEReadCounter.table","NW_015090842.1:10321777",46,103,57
"TERF2","s1337_F_POA_03_ASEReadCounter.table","NW_015090842.1:10321805",49,108,59
"TERF2","s1337_F_POA_03_ASEReadCounter.table","NW_015090842.1:10321878",62,134,72
"TERF2","s1337_F_POA_03_ASEReadCounter.table","NW_015090842.1:10321893",63,128,65
"TERF2","s1337_F_POA_03_ASEReadCounter.table","NW_015090842.1:10321897",58,115,57
"TERF2","s1337_F_POA_03_ASEReadCounter.table","NW_015090842.1:10321908",51,108,57
"TERF2","s1337_F_POA_03_ASEReadCounter.table","NW_015090842.1:10322001",64,139,75
"TERF2","s1337_F_POA_03_ASEReadCounter.table","NW_015090842.1:10322035",48,108,60
"TERF2","s1337_F_POA_03_ASEReadCounter.table","NW_015090842.1:10322051",51,124,73
"TERF2","s1337_F_POA_03_ASEReadCounter.table","NW_015090842.1:10322137",55,112,57
"TERF2","s1337_F_POA_03_ASEReadCounter.table","NW_015090842.1:10322144",57,117,60
"TERF2","s1337_F_POA_03_ASEReadCounter.table","NW_015090842.1:10322388",34,92,58
"TERF2","s1337_F_POA_03_ASEReadCounter.table","NW_015090842.1:10322396",36,92,56
"TERF2","s1337_F_POA_03_ASEReadCounter.table","NW_015090842.1:10322502",46,103,57
"TERF2","s1337_F_POA_03_ASEReadCounter.table","NW_015090842.1:10322504",43,101,58
"TERF2","s1337_F_POA_03_ASEReadCounter.table","NW_015090842.1:10322510",44,112,68
"TERF2","s1337_F_POA_03_ASEReadCounter.table","NW_015090842.1:10323580",60,126,66
"TERF2","s1337_F_POA_03_ASEReadCounter.table","NW_015090842.1:10324314",43,103,60
"TERF2","s1337_F_POA_03_ASEReadCounter.table","NW_015090842.1:10326832",32,58,26
"TERF2","s1337_F_POA_03_ASEReadCounter.table","NW_015090842.1:10327787",15,35,20
"TERF2","s1337_F_POA_03_ASEReadCounter.table","NW_015090842.1:10328588",7,25,18
"TERF2","s1337_F_POA_03_ASEReadCounter.table","NW_015090842.1:10328644",9,24,15
"TERF2","s1337_F_POA_03_ASEReadCounter.table","NW_015090842.1:10329813",7,17,10
"TERF2","s1337_F_POA_03_ASEReadCounter.table","NW_015090842.1:10330749",4,17,13
"TERF2","s1337_F_POA_03_ASEReadCounter.table","NW_015090842.1:10330789",7,19,12
"CYB5B","s1337_F_POA_03_ASEReadCounter.table","NW_015090842.1:10336595",3,6,3
"CYB5B","s1337_F_POA_03_ASEReadCounter.table","NW_015090842.1:10336667",34,59,25
"CYB5B","s1337_F_POA_03_ASEReadCounter.table","NW_015090842.1:10336689",48,83,35
"CYB5B","s1337_F_POA_03_ASEReadCounter.table","NW_015090842.1:10336728",75,125,50
"CYB5B","s1337_F_POA_03_ASEReadCounter.table","NW_015090842.1:10345068",57,110,53
"CYB5B","s1337_F_POA_03_ASEReadCounter.table","NW_015090842.1:10348800",125,229,104
"CYB5B","s1337_F_POA_03_ASEReadCounter.table","NW_015090842.1:10348888",117,208,91
"CYB5B","s1337_F_POA_03_ASEReadCounter.table","NW_015090842.1:10349046",117,226,109
"CYB5B","s1337_F_POA_03_ASEReadCounter.table","NW_015090842.1:10349119",72,189,117
"CYB5B","s1337_F_POA_03_ASEReadCounter.table","NW_015090842.1:10349146",45,169,124
"CYB5B","s1337_F_POA_03_ASEReadCounter.table","NW_015090842.1:10349157",73,204,131
