"gene","id","snp","ref_count","total_count","alt_count"
"CENPN","s1337_F_GON_01_ASEReadCounter.table","NW_015090842.1:5801612",24,363,339
"CENPN","s1337_F_GON_01_ASEReadCounter.table","NW_015090842.1:5801618",44,397,353
"CENPN","s1337_F_GON_01_ASEReadCounter.table","NW_015090842.1:5801623",66,417,351
"CENPN","s1337_F_GON_01_ASEReadCounter.table","NW_015090842.1:5801631",88,444,356
"CENPN","s1337_F_GON_01_ASEReadCounter.table","NW_015090842.1:5801632",87,443,356
"CENPN","s1337_F_GON_01_ASEReadCounter.table","NW_015090842.1:5801655",104,403,299
"CENPN","s1337_F_GON_01_ASEReadCounter.table","NW_015090842.1:5801662",118,457,339
"CENPN","s1337_F_GON_01_ASEReadCounter.table","NW_015090842.1:5801670",124,477,353
"CENPN","s1337_F_GON_01_ASEReadCounter.table","NW_015090842.1:5801674",125,487,362
"CENPN","s1337_F_GON_01_ASEReadCounter.table","NW_015090842.1:5801692",138,519,381
"CENPN","s1337_F_GON_01_ASEReadCounter.table","NW_015090842.1:5801697",128,501,373
"CENPN","s1337_F_GON_01_ASEReadCounter.table","NW_015090842.1:5802008",165,742,577
"CENPN","s1337_F_GON_01_ASEReadCounter.table","NW_015090842.1:5802012",167,757,590
"CENPN","s1337_F_GON_01_ASEReadCounter.table","NW_015090842.1:5802087",223,1065,842
"CENPN","s1337_F_GON_01_ASEReadCounter.table","NW_015090842.1:5810113",33,47,14
"CENPN","s1337_F_GON_01_ASEReadCounter.table","NW_015090842.1:5810147",53,62,9
"CENPN","s1337_F_GON_01_ASEReadCounter.table","NW_015090842.1:5810148",55,63,8
"ATMIN","s1337_F_GON_01_ASEReadCounter.table","NW_015090842.1:5818789",17,21,4
"ATMIN","s1337_F_GON_01_ASEReadCounter.table","NW_015090842.1:5819958",21,26,5
"ATMIN","s1337_F_GON_01_ASEReadCounter.table","NW_015090842.1:5820004",20,26,6
"ATMIN","s1337_F_GON_01_ASEReadCounter.table","NW_015090842.1:5820217",8,9,1
"ATMIN","s1337_F_GON_01_ASEReadCounter.table","NW_015090842.1:5820250",6,8,2
"ATMIN","s1337_F_GON_01_ASEReadCounter.table","NW_015090842.1:5820298",6,8,2
"ATMIN","s1337_F_GON_01_ASEReadCounter.table","NW_015090842.1:5820417",2,6,4
"ATMIN","s1337_F_GON_01_ASEReadCounter.table","NW_015090842.1:5820421",3,7,4
"ATMIN","s1337_F_GON_01_ASEReadCounter.table","NW_015090842.1:5820448",4,8,4
"ATMIN","s1337_F_GON_01_ASEReadCounter.table","NW_015090842.1:5820457",4,8,4
"ATMIN","s1337_F_GON_01_ASEReadCounter.table","NW_015090842.1:5820510",3,6,3
"ATMIN","s1337_F_GON_01_ASEReadCounter.table","NW_015090842.1:5820673",1,3,2
"ATMIN","s1337_F_GON_01_ASEReadCounter.table","NW_015090842.1:5820754",2,4,2
"ATMIN","s1337_F_GON_01_ASEReadCounter.table","NW_015090842.1:5820820",2,3,1
"ATMIN","s1337_F_GON_01_ASEReadCounter.table","NW_015090842.1:5820865",3,7,4
"ATMIN","s1337_F_GON_01_ASEReadCounter.table","NW_015090842.1:5820889",5,9,4
"ATMIN","s1337_F_GON_01_ASEReadCounter.table","NW_015090842.1:5820891",5,9,4
"ATMIN","s1337_F_GON_01_ASEReadCounter.table","NW_015090842.1:5820997",5,11,6
"ATMIN","s1337_F_GON_01_ASEReadCounter.table","NW_015090842.1:5821063",6,10,4
"ATMIN","s1337_F_GON_01_ASEReadCounter.table","NW_015090842.1:5821132",6,13,7
"ATMIN","s1337_F_GON_01_ASEReadCounter.table","NW_015090842.1:5821645",5,8,3
"ATMIN","s1337_F_GON_01_ASEReadCounter.table","NW_015090842.1:5825066",6,9,3
"ATMIN","s1337_F_GON_01_ASEReadCounter.table","NW_015090842.1:5825106",10,18,8
"ATMIN","s1337_F_GON_01_ASEReadCounter.table","NW_015090842.1:5825122",9,17,8
"ATMIN","s1337_F_GON_01_ASEReadCounter.table","NW_015090842.1:5825178",8,20,12
"ATMIN","s1337_F_GON_01_ASEReadCounter.table","NW_015090842.1:5825194",7,16,9
"ATMIN","s1337_F_GON_01_ASEReadCounter.table","NW_015090842.1:5825195",7,15,8
"ATMIN","s1337_F_GON_01_ASEReadCounter.table","NW_015090842.1:5825220",6,13,7
"ATMIN","s1337_F_GON_01_ASEReadCounter.table","NW_015090842.1:5825240",7,14,7
"ATMIN","s1337_F_GON_01_ASEReadCounter.table","NW_015090842.1:5825303",13,21,8
"ATMIN","s1337_F_GON_01_ASEReadCounter.table","NW_015090842.1:5825304",13,21,8
"ATMIN","s1337_F_GON_01_ASEReadCounter.table","NW_015090842.1:5825310",13,22,9
"ATMIN","s1337_F_GON_01_ASEReadCounter.table","NW_015090842.1:5825406",8,17,9
"ATMIN","s1337_F_GON_01_ASEReadCounter.table","NW_015090842.1:5825415",8,18,10
"ATMIN","s1337_F_GON_01_ASEReadCounter.table","NW_015090842.1:5825438",9,23,14
"ATMIN","s1337_F_GON_01_ASEReadCounter.table","NW_015090842.1:5825485",11,26,15
"ATMIN","s1337_F_GON_01_ASEReadCounter.table","NW_015090842.1:5825524",12,23,11
"ATMIN","s1337_F_GON_01_ASEReadCounter.table","NW_015090842.1:5825557",9,20,11
"ATMIN","s1337_F_GON_01_ASEReadCounter.table","NW_015090842.1:5825571",8,21,13
"ATMIN","s1337_F_GON_01_ASEReadCounter.table","NW_015090842.1:5825579",8,19,11
"ATMIN","s1337_F_GON_01_ASEReadCounter.table","NW_015090842.1:5825590",8,19,11
"ATMIN","s1337_F_GON_01_ASEReadCounter.table","NW_015090842.1:5825689",14,28,14
"ATMIN","s1337_F_GON_01_ASEReadCounter.table","NW_015090842.1:5825703",15,30,15
"ATMIN","s1337_F_GON_01_ASEReadCounter.table","NW_015090842.1:5825787",9,16,7
"ATMIN","s1337_F_GON_01_ASEReadCounter.table","NW_015090842.1:5825833",13,19,6
"ATMIN","s1337_F_GON_01_ASEReadCounter.table","NW_015090842.1:5825841",11,15,4
"ATMIN","s1337_F_GON_01_ASEReadCounter.table","NW_015090842.1:5825895",18,27,9
"ATMIN","s1337_F_GON_01_ASEReadCounter.table","NW_015090842.1:5825984",13,29,16
"ATMIN","s1337_F_GON_01_ASEReadCounter.table","NW_015090842.1:5826162",17,34,17
"ATMIN","s1337_F_GON_01_ASEReadCounter.table","NW_015090842.1:5826194",26,47,21
"ATMIN","s1337_F_GON_01_ASEReadCounter.table","NW_015090842.1:5826235",29,51,22
"ATMIN","s1337_F_GON_01_ASEReadCounter.table","NW_015090842.1:5826245",30,51,21
"ATMIN","s1337_F_GON_01_ASEReadCounter.table","NW_015090842.1:5826335",11,23,12
"ATMIN","s1337_F_GON_01_ASEReadCounter.table","NW_015090842.1:5826417",26,45,19
"ATMIN","s1337_F_GON_01_ASEReadCounter.table","NW_015090842.1:5826431",23,48,25
"ATMIN","s1337_F_GON_01_ASEReadCounter.table","NW_015090842.1:5826438",25,42,17
"ATMIN","s1337_F_GON_01_ASEReadCounter.table","NW_015090842.1:5826463",27,46,19
"ATMIN","s1337_F_GON_01_ASEReadCounter.table","NW_015090842.1:5826502",27,57,30
"ATMIN","s1337_F_GON_01_ASEReadCounter.table","NW_015090842.1:5826511",30,63,33
"ATMIN","s1337_F_GON_01_ASEReadCounter.table","NW_015090842.1:5826659",30,55,25
"ATMIN","s1337_F_GON_01_ASEReadCounter.table","NW_015090842.1:5826701",26,57,31
"ATMIN","s1337_F_GON_01_ASEReadCounter.table","NW_015090842.1:5826702",26,56,30
"ATMIN","s1337_F_GON_01_ASEReadCounter.table","NW_015090842.1:5826732",25,62,37
"ATMIN","s1337_F_GON_01_ASEReadCounter.table","NW_015090842.1:5826745",29,61,32
"ATMIN","s1337_F_GON_01_ASEReadCounter.table","NW_015090842.1:5826835",40,71,31
"ATMIN","s1337_F_GON_01_ASEReadCounter.table","NW_015090842.1:5826942",27,65,38
"ATMIN","s1337_F_GON_01_ASEReadCounter.table","NW_015090842.1:5827193",73,125,52
"ATMIN","s1337_F_GON_01_ASEReadCounter.table","NW_015090842.1:5827196",70,122,52
"ATMIN","s1337_F_GON_01_ASEReadCounter.table","NW_015090842.1:5827269",75,134,59
"ATMIN","s1337_F_GON_01_ASEReadCounter.table","NW_015090842.1:5827315",46,93,47
"ATMIN","s1337_F_GON_01_ASEReadCounter.table","NW_015090842.1:5827316",45,92,47
"ATMIN","s1337_F_GON_01_ASEReadCounter.table","NW_015090842.1:5827333",47,91,44
"PPP1R3E","s1337_F_GON_01_ASEReadCounter.table","NW_015090842.1:5837733",2,6,4
"PPP1R3E","s1337_F_GON_01_ASEReadCounter.table","NW_015090842.1:5837947",0,4,4
"PKD1L2","s1337_F_GON_01_ASEReadCounter.table","NW_015090842.1:5867509",8,33,25
"PKD1L2","s1337_F_GON_01_ASEReadCounter.table","NW_015090842.1:5867597",13,45,32
"PKD1L2","s1337_F_GON_01_ASEReadCounter.table","NW_015090842.1:5867600",14,53,39
"PKD1L2","s1337_F_GON_01_ASEReadCounter.table","NW_015090842.1:5867660",19,59,40
"PKD1L2","s1337_F_GON_01_ASEReadCounter.table","NW_015090842.1:5867675",21,65,44
"PKD1L2","s1337_F_GON_01_ASEReadCounter.table","NW_015090842.1:5867788",14,43,29
"PKD1L2","s1337_F_GON_01_ASEReadCounter.table","NW_015090842.1:5867843",15,52,37
"PKD1L2","s1337_F_GON_01_ASEReadCounter.table","NW_015090842.1:5871422",1,3,2
"PKD1L2","s1337_F_GON_01_ASEReadCounter.table","NW_015090842.1:5872825",2,4,2
"PKD1L2","s1337_F_GON_01_ASEReadCounter.table","NW_015090842.1:5872876",2,3,1
"PKD1L2","s1337_F_GON_01_ASEReadCounter.table","NW_015090842.1:5872924",2,4,2
"PKD1L2","s1337_F_GON_01_ASEReadCounter.table","NW_015090842.1:5872948",3,6,3
"BCO1","s1337_F_GON_01_ASEReadCounter.table","NW_015090842.1:5915610",5,13,8
"BCO1","s1337_F_GON_01_ASEReadCounter.table","NW_015090842.1:5915646",5,13,8
"BCO1","s1337_F_GON_01_ASEReadCounter.table","NW_015090842.1:5917836",10,15,5
"BCO1","s1337_F_GON_01_ASEReadCounter.table","NW_015090842.1:5917912",13,26,13
"BCO1","s1337_F_GON_01_ASEReadCounter.table","NW_015090842.1:5917941",12,26,14
"BCO1","s1337_F_GON_01_ASEReadCounter.table","NW_015090842.1:5917971",12,25,13
"BCO1","s1337_F_GON_01_ASEReadCounter.table","NW_015090842.1:5921679",7,21,14
"BCO1","s1337_F_GON_01_ASEReadCounter.table","NW_015090842.1:5921726",8,22,14
"BCO1","s1337_F_GON_01_ASEReadCounter.table","NW_015090842.1:5925669",3,10,7
"BCO1","s1337_F_GON_01_ASEReadCounter.table","NW_015090842.1:5926937",11,21,10
"BCO1","s1337_F_GON_01_ASEReadCounter.table","NW_015090842.1:5927921",12,32,20
"BCO1","s1337_F_GON_01_ASEReadCounter.table","NW_015090842.1:5927948",13,30,17
"BCO1","s1337_F_GON_01_ASEReadCounter.table","NW_015090842.1:5927968",12,28,16
"BCO1","s1337_F_GON_01_ASEReadCounter.table","NW_015090842.1:5928052",11,30,19
"BCO1","s1337_F_GON_01_ASEReadCounter.table","NW_015090842.1:5932726",34,57,23
"BCO1","s1337_F_GON_01_ASEReadCounter.table","NW_015090842.1:5932801",24,44,20
"BCO1","s1337_F_GON_01_ASEReadCounter.table","NW_015090842.1:5934558",46,75,29
"BCO1","s1337_F_GON_01_ASEReadCounter.table","NW_015090842.1:5934575",48,77,29
"BCO1","s1337_F_GON_01_ASEReadCounter.table","NW_015090842.1:5934608",57,84,27
"BCO1","s1337_F_GON_01_ASEReadCounter.table","NW_015090842.1:5934647",54,76,22
"BCO1","s1337_F_GON_01_ASEReadCounter.table","NW_015090842.1:5934725",47,72,25
"BCO1","s1337_F_GON_01_ASEReadCounter.table","NW_015090842.1:5934726",46,71,25
"BCO1","s1337_F_GON_01_ASEReadCounter.table","NW_015090842.1:5934733",45,71,26
"BCO1","s1337_F_GON_01_ASEReadCounter.table","NW_015090842.1:5934821",30,52,22
"BCO1","s1337_F_GON_01_ASEReadCounter.table","NW_015090842.1:5934826",24,45,21
"BCO1","s1337_F_GON_01_ASEReadCounter.table","NW_015090842.1:5934844",13,30,17
"BCO1","s1337_F_GON_01_ASEReadCounter.table","NW_015090842.1:5934958",37,69,32
"BCO1","s1337_F_GON_01_ASEReadCounter.table","NW_015090842.1:5934976",40,69,29
"GAN","s1337_F_GON_01_ASEReadCounter.table","NW_015090842.1:5953759",6,16,10
"GAN","s1337_F_GON_01_ASEReadCounter.table","NW_015090842.1:5957502",6,27,21
"GAN","s1337_F_GON_01_ASEReadCounter.table","NW_015090842.1:5957578",13,42,29
"GAN","s1337_F_GON_01_ASEReadCounter.table","NW_015090842.1:5966047",25,51,26
"GAN","s1337_F_GON_01_ASEReadCounter.table","NW_015090842.1:5966126",14,34,20
"GAN","s1337_F_GON_01_ASEReadCounter.table","NW_015090842.1:5966127",14,33,19
"GAN","s1337_F_GON_01_ASEReadCounter.table","NW_015090842.1:5966162",27,50,23
"GAN","s1337_F_GON_01_ASEReadCounter.table","NW_015090842.1:5966483",13,31,18
"CMIP","s1337_F_GON_01_ASEReadCounter.table","NW_015090842.1:6109159",19,27,8
"CMIP","s1337_F_GON_01_ASEReadCounter.table","NW_015090842.1:6109166",15,22,7
"CMIP","s1337_F_GON_01_ASEReadCounter.table","NW_015090842.1:6114641",16,26,10
"CMIP","s1337_F_GON_01_ASEReadCounter.table","NW_015090842.1:6114751",15,24,9
"CMIP","s1337_F_GON_01_ASEReadCounter.table","NW_015090842.1:6114824",22,32,10
"CMIP","s1337_F_GON_01_ASEReadCounter.table","NW_015090842.1:6126295",37,38,1
"CMIP","s1337_F_GON_01_ASEReadCounter.table","NW_015090842.1:6128998",16,38,22
"CMIP","s1337_F_GON_01_ASEReadCounter.table","NW_015090842.1:6130562",33,69,36
"CMIP","s1337_F_GON_01_ASEReadCounter.table","NW_015090842.1:6132522",24,48,24
"CMIP","s1337_F_GON_01_ASEReadCounter.table","NW_015090842.1:6138265",40,83,43
"CMIP","s1337_F_GON_01_ASEReadCounter.table","NW_015090842.1:6138300",39,86,47
"CMIP","s1337_F_GON_01_ASEReadCounter.table","NW_015090842.1:6138342",28,78,50
"CMIP","s1337_F_GON_01_ASEReadCounter.table","NW_015090842.1:6138343",28,81,53
"CMIP","s1337_F_GON_01_ASEReadCounter.table","NW_015090842.1:6138345",26,80,54
"CMIP","s1337_F_GON_01_ASEReadCounter.table","NW_015090842.1:6138647",32,73,41
"CMIP","s1337_F_GON_01_ASEReadCounter.table","NW_015090842.1:6138745",34,70,36
"CMIP","s1337_F_GON_01_ASEReadCounter.table","NW_015090842.1:6138832",11,25,14
"CMIP","s1337_F_GON_01_ASEReadCounter.table","NW_015090842.1:6138967",27,61,34
"CMIP","s1337_F_GON_01_ASEReadCounter.table","NW_015090842.1:6139131",10,34,24
"CMIP","s1337_F_GON_01_ASEReadCounter.table","NW_015090842.1:6139163",6,29,23
"CMIP","s1337_F_GON_01_ASEReadCounter.table","NW_015090842.1:6139212",37,37,0
"CMIP","s1337_F_GON_01_ASEReadCounter.table","NW_015090842.1:6139360",15,27,12
"CMIP","s1337_F_GON_01_ASEReadCounter.table","NW_015090842.1:6139572",10,14,4
"PLCG2","s1337_F_GON_01_ASEReadCounter.table","NW_015090842.1:6179613",11,12,1
"PLCG2","s1337_F_GON_01_ASEReadCounter.table","NW_015090842.1:6179658",13,13,0
"PLCG2","s1337_F_GON_01_ASEReadCounter.table","NW_015090842.1:6203766",4,4,0
"PLCG2","s1337_F_GON_01_ASEReadCounter.table","NW_015090842.1:6203775",3,3,0
"PLCG2","s1337_F_GON_01_ASEReadCounter.table","NW_015090842.1:6203787",3,3,0
"PLCG2","s1337_F_GON_01_ASEReadCounter.table","NW_015090842.1:6209741",5,5,0
"PLCG2","s1337_F_GON_01_ASEReadCounter.table","NW_015090842.1:6209798",5,5,0
"PLCG2","s1337_F_GON_01_ASEReadCounter.table","NW_015090842.1:6209816",4,4,0
"PLCG2","s1337_F_GON_01_ASEReadCounter.table","NW_015090842.1:6217547",7,10,3
"PLCG2","s1337_F_GON_01_ASEReadCounter.table","NW_015090842.1:6218641",3,8,5
"PLCG2","s1337_F_GON_01_ASEReadCounter.table","NW_015090842.1:6220552",5,5,0
"PLCG2","s1337_F_GON_01_ASEReadCounter.table","NW_015090842.1:6221969",7,9,2
"PLCG2","s1337_F_GON_01_ASEReadCounter.table","NW_015090842.1:6228672",10,11,1
"PLCG2","s1337_F_GON_01_ASEReadCounter.table","NW_015090842.1:6228694",13,13,0
"PLCG2","s1337_F_GON_01_ASEReadCounter.table","NW_015090842.1:6228722",13,14,1
"PLCG2","s1337_F_GON_01_ASEReadCounter.table","NW_015090842.1:6228747",9,11,2
"PLCG2","s1337_F_GON_01_ASEReadCounter.table","NW_015090842.1:6228835",9,12,3
"PLCG2","s1337_F_GON_01_ASEReadCounter.table","NW_015090842.1:6228841",10,13,3
"PLCG2","s1337_F_GON_01_ASEReadCounter.table","NW_015090842.1:6228865",12,17,5
"PLCG2","s1337_F_GON_01_ASEReadCounter.table","NW_015090842.1:6228917",14,20,6
"PLCG2","s1337_F_GON_01_ASEReadCounter.table","NW_015090842.1:6228926",8,14,6
"PLCG2","s1337_F_GON_01_ASEReadCounter.table","NW_015090842.1:6228954",10,14,4
"PLCG2","s1337_F_GON_01_ASEReadCounter.table","NW_015090842.1:6229002",9,14,5
"PLCG2","s1337_F_GON_01_ASEReadCounter.table","NW_015090842.1:6229006",9,13,4
"PLCG2","s1337_F_GON_01_ASEReadCounter.table","NW_015090842.1:6229081",5,7,2
"PLCG2","s1337_F_GON_01_ASEReadCounter.table","NW_015090842.1:6229097",1,2,1
"PLCG2","s1337_F_GON_01_ASEReadCounter.table","NW_015090842.1:6229160",3,3,0
"PLCG2","s1337_F_GON_01_ASEReadCounter.table","NW_015090842.1:6229213",6,6,0
"PLCG2","s1337_F_GON_01_ASEReadCounter.table","NW_015090842.1:6229231",7,7,0
"PLCG2","s1337_F_GON_01_ASEReadCounter.table","NW_015090842.1:6229663",7,7,0
"PLCG2","s1337_F_GON_01_ASEReadCounter.table","NW_015090842.1:6229748",9,9,0
"PLCG2","s1337_F_GON_01_ASEReadCounter.table","NW_015090842.1:6229892",8,8,0
"PLCG2","s1337_F_GON_01_ASEReadCounter.table","NW_015090842.1:6230248",11,11,0
"PLCG2","s1337_F_GON_01_ASEReadCounter.table","NW_015090842.1:6230255",11,11,0
"PLCG2","s1337_F_GON_01_ASEReadCounter.table","NW_015090842.1:6230276",7,7,0
"PLCG2","s1337_F_GON_01_ASEReadCounter.table","NW_015090842.1:6230296",7,7,0
"PLCG2","s1337_F_GON_01_ASEReadCounter.table","NW_015090842.1:6230349",14,14,0
"PLCG2","s1337_F_GON_01_ASEReadCounter.table","NW_015090842.1:6230408",14,14,0
"PLCG2","s1337_F_GON_01_ASEReadCounter.table","NW_015090842.1:6230439",9,9,0
"PLCG2","s1337_F_GON_01_ASEReadCounter.table","NW_015090842.1:6230757",7,10,3
"PLCG2","s1337_F_GON_01_ASEReadCounter.table","NW_015090842.1:6230758",8,11,3
"PLCG2","s1337_F_GON_01_ASEReadCounter.table","NW_015090842.1:6230898",24,25,1
"PLCG2","s1337_F_GON_01_ASEReadCounter.table","NW_015090842.1:6230976",20,20,0
"PLCG2","s1337_F_GON_01_ASEReadCounter.table","NW_015090842.1:6231078",24,26,2
"PLCG2","s1337_F_GON_01_ASEReadCounter.table","NW_015090842.1:6231138",32,34,2
"PLCG2","s1337_F_GON_01_ASEReadCounter.table","NW_015090842.1:6231177",32,33,1
"PLCG2","s1337_F_GON_01_ASEReadCounter.table","NW_015090842.1:6231263",35,36,1
"SDR42E1","s1337_F_GON_01_ASEReadCounter.table","NW_015090842.1:6235292",9,24,15
"SDR42E1","s1337_F_GON_01_ASEReadCounter.table","NW_015090842.1:6235315",17,47,30
"SDR42E1","s1337_F_GON_01_ASEReadCounter.table","NW_015090842.1:6235348",39,89,50
"SDR42E1","s1337_F_GON_01_ASEReadCounter.table","NW_015090842.1:6235355",39,92,53
"SDR42E1","s1337_F_GON_01_ASEReadCounter.table","NW_015090842.1:6235417",57,113,56
"SDR42E1","s1337_F_GON_01_ASEReadCounter.table","NW_015090842.1:6235558",50,112,62
"SDR42E1","s1337_F_GON_01_ASEReadCounter.table","NW_015090842.1:6235741",63,118,55
"SDR42E1","s1337_F_GON_01_ASEReadCounter.table","NW_015090842.1:6235777",67,131,64
"SDR42E1","s1337_F_GON_01_ASEReadCounter.table","NW_015090842.1:6235806",65,148,83
"SDR42E1","s1337_F_GON_01_ASEReadCounter.table","NW_015090842.1:6235809",61,146,85
"SDR42E1","s1337_F_GON_01_ASEReadCounter.table","NW_015090842.1:6235816",64,147,83
"SDR42E1","s1337_F_GON_01_ASEReadCounter.table","NW_015090842.1:6235914",38,87,49
"SDR42E1","s1337_F_GON_01_ASEReadCounter.table","NW_015090842.1:6235935",35,82,47
"SDR42E1","s1337_F_GON_01_ASEReadCounter.table","NW_015090842.1:6235957",35,79,44
"SDR42E1","s1337_F_GON_01_ASEReadCounter.table","NW_015090842.1:6236040",30,69,39
"SDR42E1","s1337_F_GON_01_ASEReadCounter.table","NW_015090842.1:6236260",30,54,24
"SDR42E1","s1337_F_GON_01_ASEReadCounter.table","NW_015090842.1:6236281",30,55,25
"SDR42E1","s1337_F_GON_01_ASEReadCounter.table","NW_015090842.1:6236305",37,66,29
"SDR42E1","s1337_F_GON_01_ASEReadCounter.table","NW_015090842.1:6236458",29,50,21
"SDR42E1","s1337_F_GON_01_ASEReadCounter.table","NW_015090842.1:6236476",32,61,29
"SDR42E1","s1337_F_GON_01_ASEReadCounter.table","NW_015090842.1:6236608",33,47,14
"SDR42E1","s1337_F_GON_01_ASEReadCounter.table","NW_015090842.1:6238244",17,33,16
"SDR42E1","s1337_F_GON_01_ASEReadCounter.table","NW_015090842.1:6238829",9,16,7
"HSD17B2","s1337_F_GON_01_ASEReadCounter.table","NW_015090842.1:6257616",0,1,1
"HSD17B2","s1337_F_GON_01_ASEReadCounter.table","NW_015090842.1:6257711",0,1,1
"HSD17B2","s1337_F_GON_01_ASEReadCounter.table","NW_015090842.1:6257712",0,1,1
"HSD17B2","s1337_F_GON_01_ASEReadCounter.table","NW_015090842.1:6257737",0,1,1
"HSD17B2","s1337_F_GON_01_ASEReadCounter.table","NW_015090842.1:6257758",0,1,1
"HSD17B2","s1337_F_GON_01_ASEReadCounter.table","NW_015090842.1:6257767",0,1,1
"HSD17B2","s1337_F_GON_01_ASEReadCounter.table","NW_015090842.1:6262974",0,1,1
"HSD17B2","s1337_F_GON_01_ASEReadCounter.table","NW_015090842.1:6266125",1,2,1
"HSD17B2","s1337_F_GON_01_ASEReadCounter.table","NW_015090842.1:6266135",1,1,0
"HSD17B2","s1337_F_GON_01_ASEReadCounter.table","NW_015090842.1:6266795",0,1,1
"HSD17B2","s1337_F_GON_01_ASEReadCounter.table","NW_015090842.1:6266944",0,2,2
"HSD17B2","s1337_F_GON_01_ASEReadCounter.table","NW_015090842.1:6267053",0,1,1
"HSD17B2","s1337_F_GON_01_ASEReadCounter.table","NW_015090842.1:6267273",0,1,1
"HSD17B2","s1337_F_GON_01_ASEReadCounter.table","NW_015090842.1:6267674",1,2,1
"HSD17B2","s1337_F_GON_01_ASEReadCounter.table","NW_015090842.1:6267913",1,2,1
"HSD17B2","s1337_F_GON_01_ASEReadCounter.table","NW_015090842.1:6268098",0,3,3
"HSD17B2","s1337_F_GON_01_ASEReadCounter.table","NW_015090842.1:6268203",0,1,1
"ARY2","s1337_F_GON_01_ASEReadCounter.table","NW_015090842.1:6303922",24,24,0
"ARY2","s1337_F_GON_01_ASEReadCounter.table","NW_015090842.1:6303954",25,26,1
"ARY2","s1337_F_GON_01_ASEReadCounter.table","NW_015090842.1:6303979",23,24,1
"ARY2","s1337_F_GON_01_ASEReadCounter.table","NW_015090842.1:6305848",21,24,3
"ARY2","s1337_F_GON_01_ASEReadCounter.table","NW_015090842.1:6305856",21,25,4
"ARY2","s1337_F_GON_01_ASEReadCounter.table","NW_015090842.1:6305857",21,25,4
"ARY2","s1337_F_GON_01_ASEReadCounter.table","NW_015090842.1:6306017",21,22,1
"ARY2","s1337_F_GON_01_ASEReadCounter.table","NW_015090842.1:6306052",20,24,4
"ARY2","s1337_F_GON_01_ASEReadCounter.table","NW_015090842.1:6306094",24,28,4
"ARY2","s1337_F_GON_01_ASEReadCounter.table","NW_015090842.1:6306100",25,29,4
"ARY2","s1337_F_GON_01_ASEReadCounter.table","NW_015090842.1:6306146",20,23,3
"ARY2","s1337_F_GON_01_ASEReadCounter.table","NW_015090842.1:6306147",20,23,3
"ARY2","s1337_F_GON_01_ASEReadCounter.table","NW_015090842.1:6306390",23,24,1
"ARY2","s1337_F_GON_01_ASEReadCounter.table","NW_015090842.1:6306567",8,12,4
"ARY2","s1337_F_GON_01_ASEReadCounter.table","NW_015090842.1:6306705",1,2,1
"ARY2","s1337_F_GON_01_ASEReadCounter.table","NW_015090842.1:6306773",1,2,1
"ARY2","s1337_F_GON_01_ASEReadCounter.table","NW_015090842.1:6307039",2,2,0
"ARY2","s1337_F_GON_01_ASEReadCounter.table","NW_015090842.1:6307043",2,2,0
"ARY2","s1337_F_GON_01_ASEReadCounter.table","NW_015090842.1:6307093",2,2,0
"ARY2","s1337_F_GON_01_ASEReadCounter.table","NW_015090842.1:6307138",2,2,0
"ARY2","s1337_F_GON_01_ASEReadCounter.table","NW_015090842.1:6307157",1,1,0
"ARY2","s1337_F_GON_01_ASEReadCounter.table","NW_015090842.1:6307187",1,1,0
"ARY2","s1337_F_GON_01_ASEReadCounter.table","NW_015090842.1:6307204",1,1,0
"ARY2","s1337_F_GON_01_ASEReadCounter.table","NW_015090842.1:6307278",2,5,3
"ARY2","s1337_F_GON_01_ASEReadCounter.table","NW_015090842.1:6307305",1,4,3
"ARY2","s1337_F_GON_01_ASEReadCounter.table","NW_015090842.1:6307318",1,4,3
"ARY2","s1337_F_GON_01_ASEReadCounter.table","NW_015090842.1:6307429",5,7,2
"ARY2","s1337_F_GON_01_ASEReadCounter.table","NW_015090842.1:6307487",1,1,0
"ARY2","s1337_F_GON_01_ASEReadCounter.table","NW_015090842.1:6307670",2,2,0
"ARYL","s1337_F_GON_01_ASEReadCounter.table","NW_015090842.1:6313360",4,6,2
"ARYL","s1337_F_GON_01_ASEReadCounter.table","NW_015090842.1:6313377",3,4,1
"ARYL","s1337_F_GON_01_ASEReadCounter.table","NW_015090842.1:6313767",1,2,1
"ARY1","s1337_F_GON_01_ASEReadCounter.table","NW_015090842.1:6314296",3,5,2
"ARY1","s1337_F_GON_01_ASEReadCounter.table","NW_015090842.1:6314541",6,8,2
"ARY1","s1337_F_GON_01_ASEReadCounter.table","NW_015090842.1:6314597",5,7,2
"ARY1","s1337_F_GON_01_ASEReadCounter.table","NW_015090842.1:6314750",4,5,1
"ARY1","s1337_F_GON_01_ASEReadCounter.table","NW_015090842.1:6314794",3,4,1
"ARY1","s1337_F_GON_01_ASEReadCounter.table","NW_015090842.1:6314827",1,3,2
"ARY1","s1337_F_GON_01_ASEReadCounter.table","NW_015090842.1:6314859",3,6,3
"ARY1","s1337_F_GON_01_ASEReadCounter.table","NW_015090842.1:6314886",2,4,2
"ARY1","s1337_F_GON_01_ASEReadCounter.table","NW_015090842.1:6315022",4,8,4
"ARY1","s1337_F_GON_01_ASEReadCounter.table","NW_015090842.1:6315026",5,9,4
"ARY1","s1337_F_GON_01_ASEReadCounter.table","NW_015090842.1:6315043",4,7,3
"ARY1","s1337_F_GON_01_ASEReadCounter.table","NW_015090842.1:6315065",5,7,2
"ARY1","s1337_F_GON_01_ASEReadCounter.table","NW_015090842.1:6315409",3,6,3
"ARY1","s1337_F_GON_01_ASEReadCounter.table","NW_015090842.1:6315479",3,6,3
"ARY1","s1337_F_GON_01_ASEReadCounter.table","NW_015090842.1:6318342",17,20,3
"ARY1","s1337_F_GON_01_ASEReadCounter.table","NW_015090842.1:6318427",12,19,7
"ARY1","s1337_F_GON_01_ASEReadCounter.table","NW_015090842.1:6318603",10,16,6
"ARY1","s1337_F_GON_01_ASEReadCounter.table","NW_015090842.1:6318708",9,16,7
"ARY1","s1337_F_GON_01_ASEReadCounter.table","NW_015090842.1:6318858",14,22,8
"ARY1","s1337_F_GON_01_ASEReadCounter.table","NW_015090842.1:6318952",12,18,6
"MPHOSPH6","s1337_F_GON_01_ASEReadCounter.table","NW_015090842.1:6324063",17,36,19
"MPHOSPH6","s1337_F_GON_01_ASEReadCounter.table","NW_015090842.1:6324174",37,73,36
"MPHOSPH6","s1337_F_GON_01_ASEReadCounter.table","NW_015090842.1:6324270",33,69,36
"MPHOSPH6","s1337_F_GON_01_ASEReadCounter.table","NW_015090842.1:6324762",33,55,22
"MPHOSPH6","s1337_F_GON_01_ASEReadCounter.table","NW_015090842.1:6324780",32,50,18
"MPHOSPH6","s1337_F_GON_01_ASEReadCounter.table","NW_015090842.1:6324902",46,81,35
"MPHOSPH6","s1337_F_GON_01_ASEReadCounter.table","NW_015090842.1:6325066",41,79,38
"MPHOSPH6","s1337_F_GON_01_ASEReadCounter.table","NW_015090842.1:6325089",45,82,37
"MPHOSPH6","s1337_F_GON_01_ASEReadCounter.table","NW_015090842.1:6325877",78,164,86
"MPHOSPH6","s1337_F_GON_01_ASEReadCounter.table","NW_015090842.1:6326976",67,132,65
"CDH13","s1337_F_GON_01_ASEReadCounter.table","NW_015090842.1:6662283",2,3,1
"CDH13","s1337_F_GON_01_ASEReadCounter.table","NW_015090842.1:6693665",1,3,2
"CDH13","s1337_F_GON_01_ASEReadCounter.table","NW_015090842.1:6693697",1,3,2
"CDH13","s1337_F_GON_01_ASEReadCounter.table","NW_015090842.1:6693712",0,2,2
"CDH13","s1337_F_GON_01_ASEReadCounter.table","NW_015090842.1:6693723",0,2,2
"CDH13","s1337_F_GON_01_ASEReadCounter.table","NW_015090842.1:6693738",1,3,2
"CDH13","s1337_F_GON_01_ASEReadCounter.table","NW_015090842.1:6823730",2,4,2
"CDH13","s1337_F_GON_01_ASEReadCounter.table","NW_015090842.1:6889713",5,9,4
"CDH13","s1337_F_GON_01_ASEReadCounter.table","NW_015090842.1:6955167",3,9,6
"MLYCD","s1337_F_GON_01_ASEReadCounter.table","NW_015090842.1:7150054",28,71,43
"MLYCD","s1337_F_GON_01_ASEReadCounter.table","NW_015090842.1:7150131",34,93,59
"MLYCD","s1337_F_GON_01_ASEReadCounter.table","NW_015090842.1:7150585",24,53,29
"MLYCD","s1337_F_GON_01_ASEReadCounter.table","NW_015090842.1:7150686",11,30,19
"MLYCD","s1337_F_GON_01_ASEReadCounter.table","NW_015090842.1:7150696",10,28,18
"MLYCD","s1337_F_GON_01_ASEReadCounter.table","NW_015090842.1:7150869",17,42,25
"MLYCD","s1337_F_GON_01_ASEReadCounter.table","NW_015090842.1:7151100",10,38,28
"MLYCD","s1337_F_GON_01_ASEReadCounter.table","NW_015090842.1:7151127",10,38,28
"MLYCD","s1337_F_GON_01_ASEReadCounter.table","NW_015090842.1:7157538",14,33,19
"MLYCD","s1337_F_GON_01_ASEReadCounter.table","NW_015090842.1:7167662",8,19,11
"MLYCD","s1337_F_GON_01_ASEReadCounter.table","NW_015090842.1:7167675",10,20,10
"MLYCD","s1337_F_GON_01_ASEReadCounter.table","NW_015090842.1:7167710",10,21,11
"MLYCD","s1337_F_GON_01_ASEReadCounter.table","NW_015090842.1:7167781",8,15,7
"MLYCD","s1337_F_GON_01_ASEReadCounter.table","NW_015090842.1:7167803",5,8,3
"MLYCD","s1337_F_GON_01_ASEReadCounter.table","NW_015090842.1:7167812",5,9,4
"MLYCD","s1337_F_GON_01_ASEReadCounter.table","NW_015090842.1:7167845",3,7,4
"MLYCD","s1337_F_GON_01_ASEReadCounter.table","NW_015090842.1:7167862",4,11,7
"MLYCD","s1337_F_GON_01_ASEReadCounter.table","NW_015090842.1:7167929",4,13,9
"MLYCD","s1337_F_GON_01_ASEReadCounter.table","NW_015090842.1:7167995",4,7,3
"MLYCD","s1337_F_GON_01_ASEReadCounter.table","NW_015090842.1:7168005",3,4,1
"MLYCD","s1337_F_GON_01_ASEReadCounter.table","NW_015090842.1:7168037",3,8,5
"HSBP1","s1337_F_GON_01_ASEReadCounter.table","NW_015090842.1:7245192",130,256,126
"HSBP1","s1337_F_GON_01_ASEReadCounter.table","NW_015090842.1:7245226",137,266,129
"HSBP1","s1337_F_GON_01_ASEReadCounter.table","NW_015090842.1:7245257",109,234,125
"HSBP1","s1337_F_GON_01_ASEReadCounter.table","NW_015090842.1:7245296",103,234,131
"HSBP1","s1337_F_GON_01_ASEReadCounter.table","NW_015090842.1:7245389",173,316,143
"HSBP1","s1337_F_GON_01_ASEReadCounter.table","NW_015090842.1:7245400",177,310,133
"HSBP1","s1337_F_GON_01_ASEReadCounter.table","NW_015090842.1:7245445",142,270,128
"HSBP1","s1337_F_GON_01_ASEReadCounter.table","NW_015090842.1:7245495",118,248,130
"HSBP1","s1337_F_GON_01_ASEReadCounter.table","NW_015090842.1:7245733",95,180,85
"HSBP1","s1337_F_GON_01_ASEReadCounter.table","NW_015090842.1:7245771",105,175,70
"HSBP1","s1337_F_GON_01_ASEReadCounter.table","NW_015090842.1:7245813",93,163,70
"HSBP1","s1337_F_GON_01_ASEReadCounter.table","NW_015090842.1:7245926",97,190,93
"HSBP1","s1337_F_GON_01_ASEReadCounter.table","NW_015090842.1:7245927",98,188,90
"HSBP1","s1337_F_GON_01_ASEReadCounter.table","NW_015090842.1:7245933",94,179,85
"HSBP1","s1337_F_GON_01_ASEReadCounter.table","NW_015090842.1:7246002",85,159,74
"HSBP1","s1337_F_GON_01_ASEReadCounter.table","NW_015090842.1:7246094",97,172,75
"HSBP1","s1337_F_GON_01_ASEReadCounter.table","NW_015090842.1:7246167",95,174,79
"HSBP1","s1337_F_GON_01_ASEReadCounter.table","NW_015090842.1:7246183",79,161,82
"HSBP1","s1337_F_GON_01_ASEReadCounter.table","NW_015090842.1:7247285",34,45,11
"HSBP1","s1337_F_GON_01_ASEReadCounter.table","NW_015090842.1:7247651",321,703,382
"HSBP1","s1337_F_GON_01_ASEReadCounter.table","NW_015090842.1:7247657",324,705,381
"HSBP1","s1337_F_GON_01_ASEReadCounter.table","NW_015090842.1:7248520",235,520,285
"HSBP1","s1337_F_GON_01_ASEReadCounter.table","NW_015090842.1:7248535",202,434,232
"KCNG4","s1337_F_GON_01_ASEReadCounter.table","NW_015090842.1:7282481",11,27,16
"KCNG4","s1337_F_GON_01_ASEReadCounter.table","NW_015090842.1:7282500",9,25,16
"KCNG4","s1337_F_GON_01_ASEReadCounter.table","NW_015090842.1:7282542",3,25,22
"KCNG4","s1337_F_GON_01_ASEReadCounter.table","NW_015090842.1:7282579",2,25,23
"KCNG4","s1337_F_GON_01_ASEReadCounter.table","NW_015090842.1:7282630",7,30,23
"KCNG4","s1337_F_GON_01_ASEReadCounter.table","NW_015090842.1:7283056",8,24,16
"KCNG4","s1337_F_GON_01_ASEReadCounter.table","NW_015090842.1:7283245",8,19,11
"KCNG4","s1337_F_GON_01_ASEReadCounter.table","NW_015090842.1:7301195",4,14,10
"KCNG4","s1337_F_GON_01_ASEReadCounter.table","NW_015090842.1:7301227",3,15,12
"KCNG4","s1337_F_GON_01_ASEReadCounter.table","NW_015090842.1:7301240",3,15,12
"KCNG4","s1337_F_GON_01_ASEReadCounter.table","NW_015090842.1:7301413",1,17,16
"WFDC1","s1337_F_GON_01_ASEReadCounter.table","NW_015090842.1:7366517",2,8,6
"WFDC1","s1337_F_GON_01_ASEReadCounter.table","NW_015090842.1:7373367",4,8,4
"WFDC1","s1337_F_GON_01_ASEReadCounter.table","NW_015090842.1:7375828",6,16,10
"WFDC1","s1337_F_GON_01_ASEReadCounter.table","NW_015090842.1:7378036",6,16,10
"WFDC1","s1337_F_GON_01_ASEReadCounter.table","NW_015090842.1:7379125",5,16,11
"WFDC1","s1337_F_GON_01_ASEReadCounter.table","NW_015090842.1:7379451",7,14,7
"WFDC1","s1337_F_GON_01_ASEReadCounter.table","NW_015090842.1:7379471",7,14,7
"WFDC1","s1337_F_GON_01_ASEReadCounter.table","NW_015090842.1:7379576",5,15,10
"WFDC1","s1337_F_GON_01_ASEReadCounter.table","NW_015090842.1:7379596",5,16,11
"WFDC1","s1337_F_GON_01_ASEReadCounter.table","NW_015090842.1:7379605",5,15,10
"WFDC1","s1337_F_GON_01_ASEReadCounter.table","NW_015090842.1:7379626",5,13,8
"WFDC1","s1337_F_GON_01_ASEReadCounter.table","NW_015090842.1:7379631",3,9,6
"WFDC1","s1337_F_GON_01_ASEReadCounter.table","NW_015090842.1:7379632",4,12,8
"WFDC1","s1337_F_GON_01_ASEReadCounter.table","NW_015090842.1:7379652",3,11,8
"WFDC1","s1337_F_GON_01_ASEReadCounter.table","NW_015090842.1:7379669",3,11,8
"WFDC1","s1337_F_GON_01_ASEReadCounter.table","NW_015090842.1:7379674",3,11,8
"WFDC1","s1337_F_GON_01_ASEReadCounter.table","NW_015090842.1:7379719",2,12,10
"WFDC1","s1337_F_GON_01_ASEReadCounter.table","NW_015090842.1:7379735",0,7,7
"WFDC1","s1337_F_GON_01_ASEReadCounter.table","NW_015090842.1:7379739",0,5,5
"WFDC1","s1337_F_GON_01_ASEReadCounter.table","NW_015090842.1:7379821",9,18,9
"WFDC1","s1337_F_GON_01_ASEReadCounter.table","NW_015090842.1:7379840",8,18,10
"WFDC1","s1337_F_GON_01_ASEReadCounter.table","NW_015090842.1:7379933",11,19,8
"WFDC1","s1337_F_GON_01_ASEReadCounter.table","NW_015090842.1:7379935",11,19,8
"WFDC1","s1337_F_GON_01_ASEReadCounter.table","NW_015090842.1:7379983",12,19,7
"WFDC1","s1337_F_GON_01_ASEReadCounter.table","NW_015090842.1:7380060",8,18,10
"WFDC1","s1337_F_GON_01_ASEReadCounter.table","NW_015090842.1:7380136",7,18,11
"WFDC1","s1337_F_GON_01_ASEReadCounter.table","NW_015090842.1:7380150",9,16,7
"WFDC1","s1337_F_GON_01_ASEReadCounter.table","NW_015090842.1:7380164",12,20,8
"WFDC1","s1337_F_GON_01_ASEReadCounter.table","NW_015090842.1:7380237",10,20,10
"WFDC1","s1337_F_GON_01_ASEReadCounter.table","NW_015090842.1:7380261",6,20,14
"WFDC1","s1337_F_GON_01_ASEReadCounter.table","NW_015090842.1:7380322",7,20,13
"WFDC1","s1337_F_GON_01_ASEReadCounter.table","NW_015090842.1:7380491",11,24,13
"WFDC1","s1337_F_GON_01_ASEReadCounter.table","NW_015090842.1:7380567",7,27,20
"WFDC1","s1337_F_GON_01_ASEReadCounter.table","NW_015090842.1:7380672",4,15,11
"WFDC1","s1337_F_GON_01_ASEReadCounter.table","NW_015090842.1:7380721",6,17,11
"WFDC1","s1337_F_GON_01_ASEReadCounter.table","NW_015090842.1:7380743",8,20,12
"WFDC1","s1337_F_GON_01_ASEReadCounter.table","NW_015090842.1:7380852",5,16,11
"WFDC1","s1337_F_GON_01_ASEReadCounter.table","NW_015090842.1:7380878",7,16,9
"WFDC1","s1337_F_GON_01_ASEReadCounter.table","NW_015090842.1:7381081",11,27,16
"WFDC1","s1337_F_GON_01_ASEReadCounter.table","NW_015090842.1:7381127",7,20,13
"WFDC1","s1337_F_GON_01_ASEReadCounter.table","NW_015090842.1:7381195",6,18,12
"WFDC1","s1337_F_GON_01_ASEReadCounter.table","NW_015090842.1:7381253",5,16,11
"WFDC1","s1337_F_GON_01_ASEReadCounter.table","NW_015090842.1:7381378",8,27,19
"WFDC1","s1337_F_GON_01_ASEReadCounter.table","NW_015090842.1:7381433",10,28,18
"WFDC1","s1337_F_GON_01_ASEReadCounter.table","NW_015090842.1:7381434",10,28,18
"WFDC1","s1337_F_GON_01_ASEReadCounter.table","NW_015090842.1:7381442",11,29,18
"WFDC1","s1337_F_GON_01_ASEReadCounter.table","NW_015090842.1:7381517",8,17,9
"WFDC1","s1337_F_GON_01_ASEReadCounter.table","NW_015090842.1:7381520",8,19,11
"WFDC1","s1337_F_GON_01_ASEReadCounter.table","NW_015090842.1:7381677",4,13,9
"WFDC1","s1337_F_GON_01_ASEReadCounter.table","NW_015090842.1:7381709",3,7,4
"ATP2C2","s1337_F_GON_01_ASEReadCounter.table","NW_015090842.1:7395230",0,1,1
"ATP2C2","s1337_F_GON_01_ASEReadCounter.table","NW_015090842.1:7395366",0,2,2
"ATP2C2","s1337_F_GON_01_ASEReadCounter.table","NW_015090842.1:7396756",1,2,1
"ATP2C2","s1337_F_GON_01_ASEReadCounter.table","NW_015090842.1:7397049",0,2,2
"ATP2C2","s1337_F_GON_01_ASEReadCounter.table","NW_015090842.1:7398395",0,1,1
"ATP2C2","s1337_F_GON_01_ASEReadCounter.table","NW_015090842.1:7399774",0,2,2
"ATP2C2","s1337_F_GON_01_ASEReadCounter.table","NW_015090842.1:7402554",0,1,1
"ATP2C2","s1337_F_GON_01_ASEReadCounter.table","NW_015090842.1:7402578",0,2,2
"ATP2C2","s1337_F_GON_01_ASEReadCounter.table","NW_015090842.1:7405621",0,5,5
"ATP2C2","s1337_F_GON_01_ASEReadCounter.table","NW_015090842.1:7413855",5,6,1
"ATP2C2","s1337_F_GON_01_ASEReadCounter.table","NW_015090842.1:7413869",1,2,1
"ATP2C2","s1337_F_GON_01_ASEReadCounter.table","NW_015090842.1:7413875",1,2,1
"TLDC1","s1337_F_GON_01_ASEReadCounter.table","NW_015090842.1:7421137",14,30,16
"TLDC1","s1337_F_GON_01_ASEReadCounter.table","NW_015090842.1:7421155",10,26,16
"TLDC1","s1337_F_GON_01_ASEReadCounter.table","NW_015090842.1:7421218",5,19,14
"TLDC1","s1337_F_GON_01_ASEReadCounter.table","NW_015090842.1:7421399",8,17,9
"TLDC1","s1337_F_GON_01_ASEReadCounter.table","NW_015090842.1:7421402",8,18,10
"TLDC1","s1337_F_GON_01_ASEReadCounter.table","NW_015090842.1:7421528",10,23,13
"TLDC1","s1337_F_GON_01_ASEReadCounter.table","NW_015090842.1:7421532",9,22,13
"TLDC1","s1337_F_GON_01_ASEReadCounter.table","NW_015090842.1:7421621",13,23,10
"TLDC1","s1337_F_GON_01_ASEReadCounter.table","NW_015090842.1:7421647",11,20,9
"TLDC1","s1337_F_GON_01_ASEReadCounter.table","NW_015090842.1:7421657",8,18,10
"TLDC1","s1337_F_GON_01_ASEReadCounter.table","NW_015090842.1:7421693",12,19,7
"TLDC1","s1337_F_GON_01_ASEReadCounter.table","NW_015090842.1:7421796",10,19,9
"TLDC1","s1337_F_GON_01_ASEReadCounter.table","NW_015090842.1:7421810",11,21,10
"TLDC1","s1337_F_GON_01_ASEReadCounter.table","NW_015090842.1:7421833",14,27,13
"TLDC1","s1337_F_GON_01_ASEReadCounter.table","NW_015090842.1:7421879",15,30,15
"TLDC1","s1337_F_GON_01_ASEReadCounter.table","NW_015090842.1:7421914",12,24,12
"TLDC1","s1337_F_GON_01_ASEReadCounter.table","NW_015090842.1:7421969",5,15,10
"TLDC1","s1337_F_GON_01_ASEReadCounter.table","NW_015090842.1:7422015",4,13,9
"TLDC1","s1337_F_GON_01_ASEReadCounter.table","NW_015090842.1:7422042",9,19,10
"TLDC1","s1337_F_GON_01_ASEReadCounter.table","NW_015090842.1:7422230",10,22,12
"TLDC1","s1337_F_GON_01_ASEReadCounter.table","NW_015090842.1:7423349",10,18,8
"TLDC1","s1337_F_GON_01_ASEReadCounter.table","NW_015090842.1:7423362",9,16,7
"TLDC1","s1337_F_GON_01_ASEReadCounter.table","NW_015090842.1:7426091",10,19,9
"TLDC1","s1337_F_GON_01_ASEReadCounter.table","NW_015090842.1:7426485",10,18,8
"TLDC1","s1337_F_GON_01_ASEReadCounter.table","NW_015090842.1:7427211",11,20,9
"TLDC1","s1337_F_GON_01_ASEReadCounter.table","NW_015090842.1:7428179",10,17,7
"COTL1","s1337_F_GON_01_ASEReadCounter.table","NW_015090842.1:7490744",18,43,25
"COTL1","s1337_F_GON_01_ASEReadCounter.table","NW_015090842.1:7491051",20,32,12
"COTL1","s1337_F_GON_01_ASEReadCounter.table","NW_015090842.1:7491124",17,36,19
"COTL1","s1337_F_GON_01_ASEReadCounter.table","NW_015090842.1:7491418",12,28,16
"COTL1","s1337_F_GON_01_ASEReadCounter.table","NW_015090842.1:7491539",4,18,14
"COTL1","s1337_F_GON_01_ASEReadCounter.table","NW_015090842.1:7491585",12,34,22
"COTL1","s1337_F_GON_01_ASEReadCounter.table","NW_015090842.1:7491586",11,36,25
"COTL1","s1337_F_GON_01_ASEReadCounter.table","NW_015090842.1:7491646",11,39,28
"COTL1","s1337_F_GON_01_ASEReadCounter.table","NW_015090842.1:7491747",18,49,31
"COTL1","s1337_F_GON_01_ASEReadCounter.table","NW_015090842.1:7491803",16,40,24
"COTL1","s1337_F_GON_01_ASEReadCounter.table","NW_015090842.1:7507551",0,1,1
"COTL1","s1337_F_GON_01_ASEReadCounter.table","NW_015090842.1:7507563",0,1,1
"COTL1","s1337_F_GON_01_ASEReadCounter.table","NW_015090842.1:7510900",1,1,0
"COTL1","s1337_F_GON_01_ASEReadCounter.table","NW_015090842.1:7513196",2,3,1
"COTL1","s1337_F_GON_01_ASEReadCounter.table","NW_015090842.1:7513223",2,3,1
"COTL1","s1337_F_GON_01_ASEReadCounter.table","NW_015090842.1:7513239",1,2,1
"KLHL36","s1337_F_GON_01_ASEReadCounter.table","NW_015090842.1:7514700",2,2,0
"KLHL36","s1337_F_GON_01_ASEReadCounter.table","NW_015090842.1:7526160",6,9,3
"KLHL36","s1337_F_GON_01_ASEReadCounter.table","NW_015090842.1:7526469",4,7,3
"KLHL36","s1337_F_GON_01_ASEReadCounter.table","NW_015090842.1:7526587",3,6,3
"KLHL36","s1337_F_GON_01_ASEReadCounter.table","NW_015090842.1:7526997",0,5,5
"KLHL36","s1337_F_GON_01_ASEReadCounter.table","NW_015090842.1:7527142",2,6,4
"KLHL36","s1337_F_GON_01_ASEReadCounter.table","NW_015090842.1:7535174",4,10,6
"KLHL36","s1337_F_GON_01_ASEReadCounter.table","NW_015090842.1:7535384",1,8,7
"KLHL36","s1337_F_GON_01_ASEReadCounter.table","NW_015090842.1:7535420",1,6,5
"KLHL36","s1337_F_GON_01_ASEReadCounter.table","NW_015090842.1:7535545",2,6,4
"KLHL36","s1337_F_GON_01_ASEReadCounter.table","NW_015090842.1:7535829",1,4,3
"KLHL36","s1337_F_GON_01_ASEReadCounter.table","NW_015090842.1:7535977",2,7,5
"KLHL36","s1337_F_GON_01_ASEReadCounter.table","NW_015090842.1:7536010",3,7,4
"KLHL36","s1337_F_GON_01_ASEReadCounter.table","NW_015090842.1:7536051",4,8,4
"KLHL36","s1337_F_GON_01_ASEReadCounter.table","NW_015090842.1:7536096",3,6,3
"KLHL36","s1337_F_GON_01_ASEReadCounter.table","NW_015090842.1:7536135",3,7,4
"KLHL36","s1337_F_GON_01_ASEReadCounter.table","NW_015090842.1:7536136",3,6,3
"KLHL36","s1337_F_GON_01_ASEReadCounter.table","NW_015090842.1:7536160",2,5,3
"KLHL36","s1337_F_GON_01_ASEReadCounter.table","NW_015090842.1:7536336",3,3,0
"KLHL36","s1337_F_GON_01_ASEReadCounter.table","NW_015090842.1:7536352",2,2,0
"KLHL36","s1337_F_GON_01_ASEReadCounter.table","NW_015090842.1:7536412",0,3,3
"KLHL36","s1337_F_GON_01_ASEReadCounter.table","NW_015090842.1:7536418",0,3,3
"KLHL36","s1337_F_GON_01_ASEReadCounter.table","NW_015090842.1:7536465",1,4,3
"KLHL36","s1337_F_GON_01_ASEReadCounter.table","NW_015090842.1:7536466",1,4,3
"KLHL36","s1337_F_GON_01_ASEReadCounter.table","NW_015090842.1:7536553",5,9,4
"KLHL36","s1337_F_GON_01_ASEReadCounter.table","NW_015090842.1:7536698",4,6,2
"KLHL36","s1337_F_GON_01_ASEReadCounter.table","NW_015090842.1:7536713",3,6,3
"KLHL36","s1337_F_GON_01_ASEReadCounter.table","NW_015090842.1:7536720",3,5,2
"KLHL36","s1337_F_GON_01_ASEReadCounter.table","NW_015090842.1:7536791",3,4,1
"KLHL36","s1337_F_GON_01_ASEReadCounter.table","NW_015090842.1:7536849",3,6,3
"KLHL36","s1337_F_GON_01_ASEReadCounter.table","NW_015090842.1:7536872",3,7,4
"KLHL36","s1337_F_GON_01_ASEReadCounter.table","NW_015090842.1:7536878",3,6,3
"KLHL36","s1337_F_GON_01_ASEReadCounter.table","NW_015090842.1:7536916",3,6,3
"KLHL36","s1337_F_GON_01_ASEReadCounter.table","NW_015090842.1:7536927",3,7,4
"KLHL36","s1337_F_GON_01_ASEReadCounter.table","NW_015090842.1:7537315",1,6,5
"KLHL36","s1337_F_GON_01_ASEReadCounter.table","NW_015090842.1:7537352",3,6,3
"KLHL36","s1337_F_GON_01_ASEReadCounter.table","NW_015090842.1:7537631",7,13,6
"KLHL36","s1337_F_GON_01_ASEReadCounter.table","NW_015090842.1:7537830",13,25,12
"KLHL36","s1337_F_GON_01_ASEReadCounter.table","NW_015090842.1:7537838",12,24,12
"KLHL36","s1337_F_GON_01_ASEReadCounter.table","NW_015090842.1:7538153",6,20,14
"KLHL36","s1337_F_GON_01_ASEReadCounter.table","NW_015090842.1:7538256",5,14,9
"KLHL36","s1337_F_GON_01_ASEReadCounter.table","NW_015090842.1:7538265",4,13,9
"KLHL36","s1337_F_GON_01_ASEReadCounter.table","NW_015090842.1:7538300",5,14,9
"USP10","s1337_F_GON_01_ASEReadCounter.table","NW_015090842.1:7563972",2,4,2
"USP10","s1337_F_GON_01_ASEReadCounter.table","NW_015090842.1:7571816",5,9,4
"USP10","s1337_F_GON_01_ASEReadCounter.table","NW_015090842.1:7571993",3,8,5
"USP10","s1337_F_GON_01_ASEReadCounter.table","NW_015090842.1:7572580",10,24,14
"USP10","s1337_F_GON_01_ASEReadCounter.table","NW_015090842.1:7587372",22,43,21
"CRISPLD2","s1337_F_GON_01_ASEReadCounter.table","NW_015090842.1:7604605",4,5,1
"CRISPLD2","s1337_F_GON_01_ASEReadCounter.table","NW_015090842.1:7609844",5,7,2
"CRISPLD2","s1337_F_GON_01_ASEReadCounter.table","NW_015090842.1:7609845",5,7,2
"CRISPLD2","s1337_F_GON_01_ASEReadCounter.table","NW_015090842.1:7609883",7,8,1
"CRISPLD2","s1337_F_GON_01_ASEReadCounter.table","NW_015090842.1:7610084",7,7,0
"CRISPLD2","s1337_F_GON_01_ASEReadCounter.table","NW_015090842.1:7617757",5,5,0
"CRISPLD2","s1337_F_GON_01_ASEReadCounter.table","NW_015090842.1:7617781",7,7,0
"CRISPLD2","s1337_F_GON_01_ASEReadCounter.table","NW_015090842.1:7617790",6,6,0
"CRISPLD2","s1337_F_GON_01_ASEReadCounter.table","NW_015090842.1:7621452",14,15,1
"CRISPLD2","s1337_F_GON_01_ASEReadCounter.table","NW_015090842.1:7625451",17,18,1
"CRISPLD2","s1337_F_GON_01_ASEReadCounter.table","NW_015090842.1:7626214",10,10,0
"CRISPLD2","s1337_F_GON_01_ASEReadCounter.table","NW_015090842.1:7630784",11,11,0
"CRISPLD2","s1337_F_GON_01_ASEReadCounter.table","NW_015090842.1:7630823",9,9,0
"CRISPLD2","s1337_F_GON_01_ASEReadCounter.table","NW_015090842.1:7633172",15,16,1
"CRISPLD2","s1337_F_GON_01_ASEReadCounter.table","NW_015090842.1:7633326",14,14,0
"CRISPLD2","s1337_F_GON_01_ASEReadCounter.table","NW_015090842.1:7633336",15,15,0
"CRISPLD2","s1337_F_GON_01_ASEReadCounter.table","NW_015090842.1:7633381",10,10,0
"CRISPLD2","s1337_F_GON_01_ASEReadCounter.table","NW_015090842.1:7633388",12,12,0
"CRISPLD2","s1337_F_GON_01_ASEReadCounter.table","NW_015090842.1:7633400",14,14,0
"CRISPLD2","s1337_F_GON_01_ASEReadCounter.table","NW_015090842.1:7633486",20,20,0
"CRISPLD2","s1337_F_GON_01_ASEReadCounter.table","NW_015090842.1:7633503",18,18,0
"CRISPLD2","s1337_F_GON_01_ASEReadCounter.table","NW_015090842.1:7633504",18,18,0
"CRISPLD2","s1337_F_GON_01_ASEReadCounter.table","NW_015090842.1:7633557",18,19,1
"CRISPLD2","s1337_F_GON_01_ASEReadCounter.table","NW_015090842.1:7633571",19,20,1
"CRISPLD2","s1337_F_GON_01_ASEReadCounter.table","NW_015090842.1:7633588",25,26,1
"CRISPLD2","s1337_F_GON_01_ASEReadCounter.table","NW_015090842.1:7633617",24,25,1
"CRISPLD2","s1337_F_GON_01_ASEReadCounter.table","NW_015090842.1:7633695",24,24,0
"CRISPLD2","s1337_F_GON_01_ASEReadCounter.table","NW_015090842.1:7633721",27,29,2
"CRISPLD2","s1337_F_GON_01_ASEReadCounter.table","NW_015090842.1:7633888",19,20,1
"CRISPLD2","s1337_F_GON_01_ASEReadCounter.table","NW_015090842.1:7633910",11,12,1
"CRISPLD2","s1337_F_GON_01_ASEReadCounter.table","NW_015090842.1:7634142",15,15,0
"CRISPLD2","s1337_F_GON_01_ASEReadCounter.table","NW_015090842.1:7634417",9,10,1
"CRISPLD2","s1337_F_GON_01_ASEReadCounter.table","NW_015090842.1:7634825",13,14,1
"CRISPLD2","s1337_F_GON_01_ASEReadCounter.table","NW_015090842.1:7634852",11,11,0
"CRISPLD2","s1337_F_GON_01_ASEReadCounter.table","NW_015090842.1:7635009",22,24,2
"CRISPLD2","s1337_F_GON_01_ASEReadCounter.table","NW_015090842.1:7635208",23,23,0
"CRISPLD2","s1337_F_GON_01_ASEReadCounter.table","NW_015090842.1:7635373",27,29,2
"CRISPLD2","s1337_F_GON_01_ASEReadCounter.table","NW_015090842.1:7635525",21,22,1
"CRISPLD2","s1337_F_GON_01_ASEReadCounter.table","NW_015090842.1:7635583",19,21,2
"CRISPLD2","s1337_F_GON_01_ASEReadCounter.table","NW_015090842.1:7635924",23,26,3
"LOC106888312","s1337_F_GON_01_ASEReadCounter.table","NW_015090842.1:7713031",2,4,2
"LOC106888312","s1337_F_GON_01_ASEReadCounter.table","NW_015090842.1:7727001",5,8,3
"LOC106888312","s1337_F_GON_01_ASEReadCounter.table","NW_015090842.1:7727036",3,8,5
"LOC106888312","s1337_F_GON_01_ASEReadCounter.table","NW_015090842.1:7727072",5,10,5
"LOC106888312","s1337_F_GON_01_ASEReadCounter.table","NW_015090842.1:7727961",4,10,6
"LOC106888312","s1337_F_GON_01_ASEReadCounter.table","NW_015090842.1:7731961",1,4,3
"LOC106888312","s1337_F_GON_01_ASEReadCounter.table","NW_015090842.1:7732244",5,14,9
"LOC106888312","s1337_F_GON_01_ASEReadCounter.table","NW_015090842.1:7732443",2,7,5
"LOC106888312","s1337_F_GON_01_ASEReadCounter.table","NW_015090842.1:7732444",2,7,5
"LOC106888312","s1337_F_GON_01_ASEReadCounter.table","NW_015090842.1:7732538",0,1,1
"LOC106888312","s1337_F_GON_01_ASEReadCounter.table","NW_015090842.1:7732548",0,1,1
"LOC106888312","s1337_F_GON_01_ASEReadCounter.table","NW_015090842.1:7732576",0,2,2
"LOC106888312","s1337_F_GON_01_ASEReadCounter.table","NW_015090842.1:7732580",0,2,2
"LOC106888312","s1337_F_GON_01_ASEReadCounter.table","NW_015090842.1:7732629",0,2,2
"LOC106888312","s1337_F_GON_01_ASEReadCounter.table","NW_015090842.1:7732630",0,2,2
"LOC106888312","s1337_F_GON_01_ASEReadCounter.table","NW_015090842.1:7732637",0,2,2
"LOC106888312","s1337_F_GON_01_ASEReadCounter.table","NW_015090842.1:7732997",0,1,1
"LOC106888312","s1337_F_GON_01_ASEReadCounter.table","NW_015090842.1:7733011",0,1,1
"LOC106888312","s1337_F_GON_01_ASEReadCounter.table","NW_015090842.1:7733046",2,3,1
"LOC106888312","s1337_F_GON_01_ASEReadCounter.table","NW_015090842.1:7733068",2,3,1
"LOC106888312","s1337_F_GON_01_ASEReadCounter.table","NW_015090842.1:7733077",2,3,1
"LOC106888312","s1337_F_GON_01_ASEReadCounter.table","NW_015090842.1:7733096",1,2,1
"LOC106888312","s1337_F_GON_01_ASEReadCounter.table","NW_015090842.1:7733142",1,2,1
"LOC106888312","s1337_F_GON_01_ASEReadCounter.table","NW_015090842.1:7733196",0,2,2
"LOC106888312","s1337_F_GON_01_ASEReadCounter.table","NW_015090842.1:7733299",1,4,3
"LOC106888312","s1337_F_GON_01_ASEReadCounter.table","NW_015090842.1:7733470",1,6,5
"LOC106888312","s1337_F_GON_01_ASEReadCounter.table","NW_015090842.1:7733471",1,6,5
"LOC106888312","s1337_F_GON_01_ASEReadCounter.table","NW_015090842.1:7733472",1,6,5
"LOC106888312","s1337_F_GON_01_ASEReadCounter.table","NW_015090842.1:7733507",2,6,4
"LOC106888312","s1337_F_GON_01_ASEReadCounter.table","NW_015090842.1:7733508",2,6,4
"LOC106888312","s1337_F_GON_01_ASEReadCounter.table","NW_015090842.1:7733518",1,4,3
"LOC106888312","s1337_F_GON_01_ASEReadCounter.table","NW_015090842.1:7733609",0,2,2
"LOC106888312","s1337_F_GON_01_ASEReadCounter.table","NW_015090842.1:7733631",0,3,3
"LOC106888312","s1337_F_GON_01_ASEReadCounter.table","NW_015090842.1:7733674",1,3,2
"ZDHHC7","s1337_F_GON_01_ASEReadCounter.table","NW_015090842.1:7737199",9,24,15
"ZDHHC7","s1337_F_GON_01_ASEReadCounter.table","NW_015090842.1:7737332",9,15,6
"ZDHHC7","s1337_F_GON_01_ASEReadCounter.table","NW_015090842.1:7737553",11,19,8
"ZDHHC7","s1337_F_GON_01_ASEReadCounter.table","NW_015090842.1:7737920",7,14,7
"ZDHHC7","s1337_F_GON_01_ASEReadCounter.table","NW_015090842.1:7737953",8,12,4
"ZDHHC7","s1337_F_GON_01_ASEReadCounter.table","NW_015090842.1:7737987",7,12,5
"ZDHHC7","s1337_F_GON_01_ASEReadCounter.table","NW_015090842.1:7738068",6,15,9
"ZDHHC7","s1337_F_GON_01_ASEReadCounter.table","NW_015090842.1:7738204",6,12,6
"LOC106888097","s1337_F_GON_01_ASEReadCounter.table","NW_015090842.1:7767178",8,15,7
"LOC106888097","s1337_F_GON_01_ASEReadCounter.table","NW_015090842.1:7767187",8,15,7
"LOC106888097","s1337_F_GON_01_ASEReadCounter.table","NW_015090842.1:7768144",7,18,11
"LOC106888097","s1337_F_GON_01_ASEReadCounter.table","NW_015090842.1:7768196",3,20,17
"LOC106888097","s1337_F_GON_01_ASEReadCounter.table","NW_015090842.1:7769884",15,25,10
"LOC106888097","s1337_F_GON_01_ASEReadCounter.table","NW_015090842.1:7769893",11,20,9
"LOC106888097","s1337_F_GON_01_ASEReadCounter.table","NW_015090842.1:7770245",5,24,19
"LOC106888097","s1337_F_GON_01_ASEReadCounter.table","NW_015090842.1:7772402",13,36,23
"LOC106888097","s1337_F_GON_01_ASEReadCounter.table","NW_015090842.1:7772483",14,35,21
"LOC106888097","s1337_F_GON_01_ASEReadCounter.table","NW_015090842.1:7772490",12,32,20
"LOC106888097","s1337_F_GON_01_ASEReadCounter.table","NW_015090842.1:7774281",16,48,32
"LOC106888097","s1337_F_GON_01_ASEReadCounter.table","NW_015090842.1:7774552",35,76,41
"LOC106888097","s1337_F_GON_01_ASEReadCounter.table","NW_015090842.1:7774564",33,74,41
"LOC106888097","s1337_F_GON_01_ASEReadCounter.table","NW_015090842.1:7774611",18,59,41
"LOC106888097","s1337_F_GON_01_ASEReadCounter.table","NW_015090842.1:7774681",27,56,29
"LOC106888097","s1337_F_GON_01_ASEReadCounter.table","NW_015090842.1:7774698",24,46,22
"LOC106888097","s1337_F_GON_01_ASEReadCounter.table","NW_015090842.1:7774730",13,25,12
"LOC106888097","s1337_F_GON_01_ASEReadCounter.table","NW_015090842.1:7774778",1,2,1
"LOC106888097","s1337_F_GON_01_ASEReadCounter.table","NW_015090842.1:7774793",1,2,1
"FOXC2","s1337_F_GON_01_ASEReadCounter.table","NW_015090842.1:8129599",1,1,0
"FOXC2","s1337_F_GON_01_ASEReadCounter.table","NW_015090842.1:8129616",2,2,0
"FOXC2","s1337_F_GON_01_ASEReadCounter.table","NW_015090842.1:8130244",0,1,1
"FOXC2","s1337_F_GON_01_ASEReadCounter.table","NW_015090842.1:8130472",1,1,0
"FOXC2","s1337_F_GON_01_ASEReadCounter.table","NW_015090842.1:8130490",1,1,0
"FOXC2","s1337_F_GON_01_ASEReadCounter.table","NW_015090842.1:8130547",1,1,0
"FOXC2","s1337_F_GON_01_ASEReadCounter.table","NW_015090842.1:8130550",1,1,0
"MTHFSD","s1337_F_GON_01_ASEReadCounter.table","NW_015090842.1:8140051",30,69,39
"MTHFSD","s1337_F_GON_01_ASEReadCounter.table","NW_015090842.1:8142923",102,169,67
"MTHFSD","s1337_F_GON_01_ASEReadCounter.table","NW_015090842.1:8143029",107,195,88
"MTHFSD","s1337_F_GON_01_ASEReadCounter.table","NW_015090842.1:8152035",63,141,78
"MTHFSD","s1337_F_GON_01_ASEReadCounter.table","NW_015090842.1:8152315",45,81,36
"MTHFSD","s1337_F_GON_01_ASEReadCounter.table","NW_015090842.1:8152511",33,92,59
"MTHFSD","s1337_F_GON_01_ASEReadCounter.table","NW_015090842.1:8152518",35,93,58
"MTHFSD","s1337_F_GON_01_ASEReadCounter.table","NW_015090842.1:8152553",31,79,48
"MTHFSD","s1337_F_GON_01_ASEReadCounter.table","NW_015090842.1:8152773",42,116,74
"MTHFSD","s1337_F_GON_01_ASEReadCounter.table","NW_015090842.1:8152805",43,113,70
"FOXF1","s1337_F_GON_01_ASEReadCounter.table","NW_015090842.1:8167588",1,1,0
"IRF8","s1337_F_GON_01_ASEReadCounter.table","NW_015090842.1:8406652",1,5,4
"IRF8","s1337_F_GON_01_ASEReadCounter.table","NW_015090842.1:8406703",0,3,3
"IRF8","s1337_F_GON_01_ASEReadCounter.table","NW_015090842.1:8406704",0,3,3
"IRF8","s1337_F_GON_01_ASEReadCounter.table","NW_015090842.1:8406757",0,5,5
"IRF8","s1337_F_GON_01_ASEReadCounter.table","NW_015090842.1:8406778",3,6,3
"IRF8","s1337_F_GON_01_ASEReadCounter.table","NW_015090842.1:8406819",3,6,3
"IRF8","s1337_F_GON_01_ASEReadCounter.table","NW_015090842.1:8406941",3,10,7
"IRF8","s1337_F_GON_01_ASEReadCounter.table","NW_015090842.1:8407008",2,6,4
"IRF8","s1337_F_GON_01_ASEReadCounter.table","NW_015090842.1:8407057",2,4,2
"IRF8","s1337_F_GON_01_ASEReadCounter.table","NW_015090842.1:8407064",2,3,1
"IRF8","s1337_F_GON_01_ASEReadCounter.table","NW_015090842.1:8407069",2,5,3
"IRF8","s1337_F_GON_01_ASEReadCounter.table","NW_015090842.1:8407120",1,3,2
"IRF8","s1337_F_GON_01_ASEReadCounter.table","NW_015090842.1:8407157",2,4,2
"IRF8","s1337_F_GON_01_ASEReadCounter.table","NW_015090842.1:8407203",1,5,4
"IRF8","s1337_F_GON_01_ASEReadCounter.table","NW_015090842.1:8407272",3,6,3
"IRF8","s1337_F_GON_01_ASEReadCounter.table","NW_015090842.1:8407276",3,6,3
"IRF8","s1337_F_GON_01_ASEReadCounter.table","NW_015090842.1:8407303",3,6,3
"IRF8","s1337_F_GON_01_ASEReadCounter.table","NW_015090842.1:8407451",4,7,3
"IRF8","s1337_F_GON_01_ASEReadCounter.table","NW_015090842.1:8407456",4,7,3
"IRF8","s1337_F_GON_01_ASEReadCounter.table","NW_015090842.1:8408564",5,8,3
"IRF8","s1337_F_GON_01_ASEReadCounter.table","NW_015090842.1:8408585",3,4,1
"IRF8","s1337_F_GON_01_ASEReadCounter.table","NW_015090842.1:8408973",1,3,2
"IRF8","s1337_F_GON_01_ASEReadCounter.table","NW_015090842.1:8409060",2,4,2
"IRF8","s1337_F_GON_01_ASEReadCounter.table","NW_015090842.1:8409065",2,4,2
"IRF8","s1337_F_GON_01_ASEReadCounter.table","NW_015090842.1:8409254",1,3,2
"IRF8","s1337_F_GON_01_ASEReadCounter.table","NW_015090842.1:8409255",1,3,2
"IRF8","s1337_F_GON_01_ASEReadCounter.table","NW_015090842.1:8409258",2,4,2
"IRF8","s1337_F_GON_01_ASEReadCounter.table","NW_015090842.1:8409312",3,3,0
"IRF8","s1337_F_GON_01_ASEReadCounter.table","NW_015090842.1:8410216",0,3,3
"IRF8","s1337_F_GON_01_ASEReadCounter.table","NW_015090842.1:8410237",0,2,2
"IRF8","s1337_F_GON_01_ASEReadCounter.table","NW_015090842.1:8410276",1,3,2
"IRF8","s1337_F_GON_01_ASEReadCounter.table","NW_015090842.1:8410813",1,5,4
"IRF8","s1337_F_GON_01_ASEReadCounter.table","NW_015090842.1:8410861",1,4,3
"IRF8","s1337_F_GON_01_ASEReadCounter.table","NW_015090842.1:8411940",1,3,2
"IRF8","s1337_F_GON_01_ASEReadCounter.table","NW_015090842.1:8412006",1,2,1
"IRF8","s1337_F_GON_01_ASEReadCounter.table","NW_015090842.1:8412042",1,2,1
"COX4I1","s1337_F_GON_01_ASEReadCounter.table","NW_015090842.1:8442258",1343,2629,1286
"COX4I1","s1337_F_GON_01_ASEReadCounter.table","NW_015090842.1:8442333",1146,2259,1113
"EMC8","s1337_F_GON_01_ASEReadCounter.table","NW_015090842.1:8444046",146,350,204
"EMC8","s1337_F_GON_01_ASEReadCounter.table","NW_015090842.1:8444064",138,299,161
"EMC8","s1337_F_GON_01_ASEReadCounter.table","NW_015090842.1:8452029",26,66,40
"EMC8","s1337_F_GON_01_ASEReadCounter.table","NW_015090842.1:8452116",36,84,48
"EMC8","s1337_F_GON_01_ASEReadCounter.table","NW_015090842.1:8452121",37,87,50
"EMC8","s1337_F_GON_01_ASEReadCounter.table","NW_015090842.1:8452222",34,82,48
"EMC8","s1337_F_GON_01_ASEReadCounter.table","NW_015090842.1:8452244",32,88,56
"EMC8","s1337_F_GON_01_ASEReadCounter.table","NW_015090842.1:8452477",12,24,12
"EMC8","s1337_F_GON_01_ASEReadCounter.table","NW_015090842.1:8452498",14,24,10
"EMC8","s1337_F_GON_01_ASEReadCounter.table","NW_015090842.1:8452535",12,23,11
"EMC8","s1337_F_GON_01_ASEReadCounter.table","NW_015090842.1:8452575",9,20,11
"EMC8","s1337_F_GON_01_ASEReadCounter.table","NW_015090842.1:8452600",9,21,12
"EMC8","s1337_F_GON_01_ASEReadCounter.table","NW_015090842.1:8452616",11,20,9
"EMC8","s1337_F_GON_01_ASEReadCounter.table","NW_015090842.1:8452630",8,13,5
"EMC8","s1337_F_GON_01_ASEReadCounter.table","NW_015090842.1:8452650",9,11,2
"EMC8","s1337_F_GON_01_ASEReadCounter.table","NW_015090842.1:8452678",13,18,5
"EMC8","s1337_F_GON_01_ASEReadCounter.table","NW_015090842.1:8452724",15,24,9
"EMC8","s1337_F_GON_01_ASEReadCounter.table","NW_015090842.1:8452731",15,24,9
"EMC8","s1337_F_GON_01_ASEReadCounter.table","NW_015090842.1:8452743",14,26,12
"EMC8","s1337_F_GON_01_ASEReadCounter.table","NW_015090842.1:8452750",12,23,11
"EMC8","s1337_F_GON_01_ASEReadCounter.table","NW_015090842.1:8452778",11,22,11
"EMC8","s1337_F_GON_01_ASEReadCounter.table","NW_015090842.1:8452783",11,24,13
"EMC8","s1337_F_GON_01_ASEReadCounter.table","NW_015090842.1:8452800",15,30,15
"EMC8","s1337_F_GON_01_ASEReadCounter.table","NW_015090842.1:8452804",17,32,15
"EMC8","s1337_F_GON_01_ASEReadCounter.table","NW_015090842.1:8452812",17,32,15
"EMC8","s1337_F_GON_01_ASEReadCounter.table","NW_015090842.1:8452858",13,31,18
"EMC8","s1337_F_GON_01_ASEReadCounter.table","NW_015090842.1:8452906",13,33,20
"EMC8","s1337_F_GON_01_ASEReadCounter.table","NW_015090842.1:8452913",12,32,20
"EMC8","s1337_F_GON_01_ASEReadCounter.table","NW_015090842.1:8453000",12,30,18
"EMC8","s1337_F_GON_01_ASEReadCounter.table","NW_015090842.1:8453007",13,35,22
"EMC8","s1337_F_GON_01_ASEReadCounter.table","NW_015090842.1:8453058",24,51,27
"EMC8","s1337_F_GON_01_ASEReadCounter.table","NW_015090842.1:8453106",20,50,30
"GINS2","s1337_F_GON_01_ASEReadCounter.table","NW_015090842.1:8466420",70,92,22
"GINS2","s1337_F_GON_01_ASEReadCounter.table","NW_015090842.1:8466424",73,96,23
"GINS2","s1337_F_GON_01_ASEReadCounter.table","NW_015090842.1:8466518",88,114,26
"GINS2","s1337_F_GON_01_ASEReadCounter.table","NW_015090842.1:8468482",178,246,68
"GINS2","s1337_F_GON_01_ASEReadCounter.table","NW_015090842.1:8470290",158,227,69
"GINS2","s1337_F_GON_01_ASEReadCounter.table","NW_015090842.1:8470305",155,222,67
"GINS2","s1337_F_GON_01_ASEReadCounter.table","NW_015090842.1:8470381",178,238,60
"GINS2","s1337_F_GON_01_ASEReadCounter.table","NW_015090842.1:8470418",163,224,61
"GINS2","s1337_F_GON_01_ASEReadCounter.table","NW_015090842.1:8470421",147,206,59
"GINS2","s1337_F_GON_01_ASEReadCounter.table","NW_015090842.1:8470430",136,201,65
"GINS2","s1337_F_GON_01_ASEReadCounter.table","NW_015090842.1:8470433",138,204,66
"GINS2","s1337_F_GON_01_ASEReadCounter.table","NW_015090842.1:8470457",88,145,57
"GINS2","s1337_F_GON_01_ASEReadCounter.table","NW_015090842.1:8470491",88,145,57
"GINS2","s1337_F_GON_01_ASEReadCounter.table","NW_015090842.1:8470548",139,194,55
"GINS2","s1337_F_GON_01_ASEReadCounter.table","NW_015090842.1:8470649",126,169,43
"GSE1","s1337_F_GON_01_ASEReadCounter.table","NW_015090842.1:8475362",6,9,3
"GSE1","s1337_F_GON_01_ASEReadCounter.table","NW_015090842.1:8475961",2,3,1
"GSE1","s1337_F_GON_01_ASEReadCounter.table","NW_015090842.1:8476027",2,2,0
"GSE1","s1337_F_GON_01_ASEReadCounter.table","NW_015090842.1:8477662",1,1,0
"GSE1","s1337_F_GON_01_ASEReadCounter.table","NW_015090842.1:8483272",0,3,3
"GSE1","s1337_F_GON_01_ASEReadCounter.table","NW_015090842.1:8483367",0,2,2
"GSE1","s1337_F_GON_01_ASEReadCounter.table","NW_015090842.1:8483411",0,1,1
"GSE1","s1337_F_GON_01_ASEReadCounter.table","NW_015090842.1:8483756",0,1,1
"GSE1","s1337_F_GON_01_ASEReadCounter.table","NW_015090842.1:8486867",3,3,0
"GSE1","s1337_F_GON_01_ASEReadCounter.table","NW_015090842.1:8486939",3,4,1
"GSE1","s1337_F_GON_01_ASEReadCounter.table","NW_015090842.1:8486945",3,3,0
"GSE1","s1337_F_GON_01_ASEReadCounter.table","NW_015090842.1:8486993",2,2,0
"GSE1","s1337_F_GON_01_ASEReadCounter.table","NW_015090842.1:8487062",1,2,1
"GSE1","s1337_F_GON_01_ASEReadCounter.table","NW_015090842.1:8488065",0,3,3
"GSE1","s1337_F_GON_01_ASEReadCounter.table","NW_015090842.1:8488457",1,2,1
"GSE1","s1337_F_GON_01_ASEReadCounter.table","NW_015090842.1:8488463",1,2,1
"GSE1","s1337_F_GON_01_ASEReadCounter.table","NW_015090842.1:8488490",0,1,1
"GSE1","s1337_F_GON_01_ASEReadCounter.table","NW_015090842.1:8488505",1,2,1
"GSE1","s1337_F_GON_01_ASEReadCounter.table","NW_015090842.1:8490180",0,2,2
"KIAA0513","s1337_F_GON_01_ASEReadCounter.table","NW_015090842.1:8668363",25,39,14
"KIAA0513","s1337_F_GON_01_ASEReadCounter.table","NW_015090842.1:8668387",22,32,10
"KIAA0513","s1337_F_GON_01_ASEReadCounter.table","NW_015090842.1:8668390",23,35,12
"KIAA0513","s1337_F_GON_01_ASEReadCounter.table","NW_015090842.1:8673107",30,48,18
"KIAA0513","s1337_F_GON_01_ASEReadCounter.table","NW_015090842.1:8673147",33,54,21
"KIAA0513","s1337_F_GON_01_ASEReadCounter.table","NW_015090842.1:8674661",11,19,8
"KIAA0513","s1337_F_GON_01_ASEReadCounter.table","NW_015090842.1:8674685",11,18,7
"KIAA0513","s1337_F_GON_01_ASEReadCounter.table","NW_015090842.1:8674730",18,28,10
"KIAA0513","s1337_F_GON_01_ASEReadCounter.table","NW_015090842.1:8675525",15,26,11
"KIAA0513","s1337_F_GON_01_ASEReadCounter.table","NW_015090842.1:8675561",16,26,10
"KIAA0513","s1337_F_GON_01_ASEReadCounter.table","NW_015090842.1:8678608",2,5,3
"KIAA0513","s1337_F_GON_01_ASEReadCounter.table","NW_015090842.1:8686455",0,1,1
"KIAA0513","s1337_F_GON_01_ASEReadCounter.table","NW_015090842.1:8693642",6,7,1
"KIAA0513","s1337_F_GON_01_ASEReadCounter.table","NW_015090842.1:8693712",6,8,2
"FBXO31","s1337_F_GON_01_ASEReadCounter.table","NW_015090842.1:8710240",294,705,411
"FBXO31","s1337_F_GON_01_ASEReadCounter.table","NW_015090842.1:8710372",242,551,309
"FBXO31","s1337_F_GON_01_ASEReadCounter.table","NW_015090842.1:8711239",247,568,321
"FBXO31","s1337_F_GON_01_ASEReadCounter.table","NW_015090842.1:8714565",237,544,307
"FBXO31","s1337_F_GON_01_ASEReadCounter.table","NW_015090842.1:8716001",157,337,180
"FBXO31","s1337_F_GON_01_ASEReadCounter.table","NW_015090842.1:8725050",4,4,0
"FBXO31","s1337_F_GON_01_ASEReadCounter.table","NW_015090842.1:8725057",2,2,0
"FBXO31","s1337_F_GON_01_ASEReadCounter.table","NW_015090842.1:8725162",3,5,2
"FBXO31","s1337_F_GON_01_ASEReadCounter.table","NW_015090842.1:8725163",3,5,2
"FBXO31","s1337_F_GON_01_ASEReadCounter.table","NW_015090842.1:8725170",2,4,2
"FBXO31","s1337_F_GON_01_ASEReadCounter.table","NW_015090842.1:8725187",2,3,1
"FBXO31","s1337_F_GON_01_ASEReadCounter.table","NW_015090842.1:8725188",2,3,1
"FBXO31","s1337_F_GON_01_ASEReadCounter.table","NW_015090842.1:8725190",2,3,1
"FBXO31","s1337_F_GON_01_ASEReadCounter.table","NW_015090842.1:8725370",3,5,2
"ZCCHC14","s1337_F_GON_01_ASEReadCounter.table","NW_015090842.1:8750174",38,64,26
"ZCCHC14","s1337_F_GON_01_ASEReadCounter.table","NW_015090842.1:8750189",10,54,44
"ZCCHC14","s1337_F_GON_01_ASEReadCounter.table","NW_015090842.1:8750365",27,58,31
"ZCCHC14","s1337_F_GON_01_ASEReadCounter.table","NW_015090842.1:8750433",22,51,29
"ZCCHC14","s1337_F_GON_01_ASEReadCounter.table","NW_015090842.1:8750449",29,60,31
"ZCCHC14","s1337_F_GON_01_ASEReadCounter.table","NW_015090842.1:8750456",29,63,34
"ZCCHC14","s1337_F_GON_01_ASEReadCounter.table","NW_015090842.1:8750497",33,62,29
"ZCCHC14","s1337_F_GON_01_ASEReadCounter.table","NW_015090842.1:8750547",32,52,20
"ZCCHC14","s1337_F_GON_01_ASEReadCounter.table","NW_015090842.1:8751100",6,12,6
"ZCCHC14","s1337_F_GON_01_ASEReadCounter.table","NW_015090842.1:8751374",9,14,5
"ZCCHC14","s1337_F_GON_01_ASEReadCounter.table","NW_015090842.1:8751403",12,20,8
"ZCCHC14","s1337_F_GON_01_ASEReadCounter.table","NW_015090842.1:8751517",10,28,18
"ZCCHC14","s1337_F_GON_01_ASEReadCounter.table","NW_015090842.1:8752060",4,15,11
"ZCCHC14","s1337_F_GON_01_ASEReadCounter.table","NW_015090842.1:8752172",13,30,17
"ZCCHC14","s1337_F_GON_01_ASEReadCounter.table","NW_015090842.1:8752183",18,36,18
"ZCCHC14","s1337_F_GON_01_ASEReadCounter.table","NW_015090842.1:8752198",18,37,19
"ZCCHC14","s1337_F_GON_01_ASEReadCounter.table","NW_015090842.1:8752248",16,36,20
"ZCCHC14","s1337_F_GON_01_ASEReadCounter.table","NW_015090842.1:8752326",22,42,20
"ZCCHC14","s1337_F_GON_01_ASEReadCounter.table","NW_015090842.1:8752393",17,38,21
"ZCCHC14","s1337_F_GON_01_ASEReadCounter.table","NW_015090842.1:8752914",29,44,15
"ZCCHC14","s1337_F_GON_01_ASEReadCounter.table","NW_015090842.1:8753528",7,15,8
"ZCCHC14","s1337_F_GON_01_ASEReadCounter.table","NW_015090842.1:8753892",11,16,5
"ZCCHC14","s1337_F_GON_01_ASEReadCounter.table","NW_015090842.1:8753910",9,14,5
"ZCCHC14","s1337_F_GON_01_ASEReadCounter.table","NW_015090842.1:8755096",7,10,3
"ZCCHC14","s1337_F_GON_01_ASEReadCounter.table","NW_015090842.1:8755327",1,4,3
"ZCCHC14","s1337_F_GON_01_ASEReadCounter.table","NW_015090842.1:8755723",4,6,2
"ZCCHC14","s1337_F_GON_01_ASEReadCounter.table","NW_015090842.1:8755739",2,3,1
"ZCCHC14","s1337_F_GON_01_ASEReadCounter.table","NW_015090842.1:8756149",1,5,4
"ZCCHC14","s1337_F_GON_01_ASEReadCounter.table","NW_015090842.1:8756347",2,5,3
"ZCCHC14","s1337_F_GON_01_ASEReadCounter.table","NW_015090842.1:8756361",2,4,2
"ZCCHC14","s1337_F_GON_01_ASEReadCounter.table","NW_015090842.1:8756388",2,2,0
"ZCCHC14","s1337_F_GON_01_ASEReadCounter.table","NW_015090842.1:8756389",2,2,0
"ZCCHC14","s1337_F_GON_01_ASEReadCounter.table","NW_015090842.1:8757160",3,4,1
"ZCCHC14","s1337_F_GON_01_ASEReadCounter.table","NW_015090842.1:8804511",1,5,4
"ZCCHC14","s1337_F_GON_01_ASEReadCounter.table","NW_015090842.1:8804979",2,3,1
"JPH3","s1337_F_GON_01_ASEReadCounter.table","NW_015090842.1:8845654",0,1,1
"JPH3","s1337_F_GON_01_ASEReadCounter.table","NW_015090842.1:8872294",1,1,0
"JPH3","s1337_F_GON_01_ASEReadCounter.table","NW_015090842.1:8885260",2,3,1
"JPH3","s1337_F_GON_01_ASEReadCounter.table","NW_015090842.1:8885315",3,3,0
"JPH3","s1337_F_GON_01_ASEReadCounter.table","NW_015090842.1:8885328",2,2,0
"JPH3","s1337_F_GON_01_ASEReadCounter.table","NW_015090842.1:8885525",0,1,1
"KLHDC4","s1337_F_GON_01_ASEReadCounter.table","NW_015090842.1:8890729",171,235,64
"KLHDC4","s1337_F_GON_01_ASEReadCounter.table","NW_015090842.1:8890749",187,252,65
"KLHDC4","s1337_F_GON_01_ASEReadCounter.table","NW_015090842.1:8890761",187,257,70
"KLHDC4","s1337_F_GON_01_ASEReadCounter.table","NW_015090842.1:8891123",235,306,71
"KLHDC4","s1337_F_GON_01_ASEReadCounter.table","NW_015090842.1:8893124",108,159,51
"KLHDC4","s1337_F_GON_01_ASEReadCounter.table","NW_015090842.1:8894542",92,129,37
"KLHDC4","s1337_F_GON_01_ASEReadCounter.table","NW_015090842.1:8896726",83,104,21
"KLHDC4","s1337_F_GON_01_ASEReadCounter.table","NW_015090842.1:8896767",74,95,21
"KLHDC4","s1337_F_GON_01_ASEReadCounter.table","NW_015090842.1:8904174",60,85,25
"KLHDC4","s1337_F_GON_01_ASEReadCounter.table","NW_015090842.1:8904231",45,61,16
"KLHDC4","s1337_F_GON_01_ASEReadCounter.table","NW_015090842.1:8905251",41,62,21
"KLHDC4","s1337_F_GON_01_ASEReadCounter.table","NW_015090842.1:8905263",43,63,20
"KLHDC4","s1337_F_GON_01_ASEReadCounter.table","NW_015090842.1:8919626",9,13,4
"SLC7A5","s1337_F_GON_01_ASEReadCounter.table","NW_015090842.1:8938782",109,200,91
"SLC7A5","s1337_F_GON_01_ASEReadCounter.table","NW_015090842.1:8938943",68,135,67
"SLC7A5","s1337_F_GON_01_ASEReadCounter.table","NW_015090842.1:8939611",36,62,26
"SLC7A5","s1337_F_GON_01_ASEReadCounter.table","NW_015090842.1:8939738",56,88,32
"SLC7A5","s1337_F_GON_01_ASEReadCounter.table","NW_015090842.1:8939739",56,86,30
"SLC7A5","s1337_F_GON_01_ASEReadCounter.table","NW_015090842.1:8939740",52,83,31
"SLC7A5","s1337_F_GON_01_ASEReadCounter.table","NW_015090842.1:8939795",62,92,30
"SLC7A5","s1337_F_GON_01_ASEReadCounter.table","NW_015090842.1:8939815",47,82,35
"SLC7A5","s1337_F_GON_01_ASEReadCounter.table","NW_015090842.1:8939816",46,80,34
"SLC7A5","s1337_F_GON_01_ASEReadCounter.table","NW_015090842.1:8939817",47,83,36
"SLC7A5","s1337_F_GON_01_ASEReadCounter.table","NW_015090842.1:8939845",52,88,36
"SLC7A5","s1337_F_GON_01_ASEReadCounter.table","NW_015090842.1:8939894",43,81,38
"SLC7A5","s1337_F_GON_01_ASEReadCounter.table","NW_015090842.1:8939895",42,80,38
"SLC7A5","s1337_F_GON_01_ASEReadCounter.table","NW_015090842.1:8939997",51,101,50
"SLC7A5","s1337_F_GON_01_ASEReadCounter.table","NW_015090842.1:8940172",47,79,32
"SLC7A5","s1337_F_GON_01_ASEReadCounter.table","NW_015090842.1:8940331",18,36,18
"SLC7A5","s1337_F_GON_01_ASEReadCounter.table","NW_015090842.1:8940696",17,27,10
"SLC7A5","s1337_F_GON_01_ASEReadCounter.table","NW_015090842.1:8940719",9,27,18
"SLC7A5","s1337_F_GON_01_ASEReadCounter.table","NW_015090842.1:8940737",8,27,19
"SLC7A5","s1337_F_GON_01_ASEReadCounter.table","NW_015090842.1:8940743",14,33,19
"SLC7A5","s1337_F_GON_01_ASEReadCounter.table","NW_015090842.1:8940766",16,35,19
"SLC7A5","s1337_F_GON_01_ASEReadCounter.table","NW_015090842.1:8940769",17,39,22
"SLC7A5","s1337_F_GON_01_ASEReadCounter.table","NW_015090842.1:8940861",15,40,25
"SLC7A5","s1337_F_GON_01_ASEReadCounter.table","NW_015090842.1:8941068",27,45,18
"SLC7A5","s1337_F_GON_01_ASEReadCounter.table","NW_015090842.1:8941467",13,36,23
"SLC7A5","s1337_F_GON_01_ASEReadCounter.table","NW_015090842.1:8941531",15,36,21
"SLC7A5","s1337_F_GON_01_ASEReadCounter.table","NW_015090842.1:8941588",25,43,18
"SLC7A5","s1337_F_GON_01_ASEReadCounter.table","NW_015090842.1:8941698",13,20,7
"SLC7A5","s1337_F_GON_01_ASEReadCounter.table","NW_015090842.1:8941717",21,29,8
"SLC7A5","s1337_F_GON_01_ASEReadCounter.table","NW_015090842.1:8941745",19,31,12
"SLC7A5","s1337_F_GON_01_ASEReadCounter.table","NW_015090842.1:8941781",22,41,19
"SLC7A5","s1337_F_GON_01_ASEReadCounter.table","NW_015090842.1:8941887",13,29,16
"SLC7A5","s1337_F_GON_01_ASEReadCounter.table","NW_015090842.1:8941968",8,17,9
"SLC7A5","s1337_F_GON_01_ASEReadCounter.table","NW_015090842.1:8942025",19,32,13
"SLC7A5","s1337_F_GON_01_ASEReadCounter.table","NW_015090842.1:8942069",29,45,16
"SLC7A5","s1337_F_GON_01_ASEReadCounter.table","NW_015090842.1:8942170",28,42,14
"SLC7A5","s1337_F_GON_01_ASEReadCounter.table","NW_015090842.1:8942241",25,41,16
"SLC7A5","s1337_F_GON_01_ASEReadCounter.table","NW_015090842.1:8942283",17,28,11
"SLC7A5","s1337_F_GON_01_ASEReadCounter.table","NW_015090842.1:8942717",37,57,20
"SLC7A5","s1337_F_GON_01_ASEReadCounter.table","NW_015090842.1:8942756",43,71,28
"SLC7A5","s1337_F_GON_01_ASEReadCounter.table","NW_015090842.1:8942766",41,69,28
"SLC7A5","s1337_F_GON_01_ASEReadCounter.table","NW_015090842.1:8943271",21,40,19
"SLC7A5","s1337_F_GON_01_ASEReadCounter.table","NW_015090842.1:8943524",22,32,10
"SLC7A5","s1337_F_GON_01_ASEReadCounter.table","NW_015090842.1:8943530",23,31,8
"SLC7A5","s1337_F_GON_01_ASEReadCounter.table","NW_015090842.1:8943602",18,29,11
"SLC7A5","s1337_F_GON_01_ASEReadCounter.table","NW_015090842.1:8943622",17,28,11
"SLC7A5","s1337_F_GON_01_ASEReadCounter.table","NW_015090842.1:8943661",17,32,15
"SLC7A5","s1337_F_GON_01_ASEReadCounter.table","NW_015090842.1:8943686",12,25,13
"SLC7A5","s1337_F_GON_01_ASEReadCounter.table","NW_015090842.1:8943788",18,28,10
"SLC7A5","s1337_F_GON_01_ASEReadCounter.table","NW_015090842.1:8943814",17,29,12
"SLC7A5","s1337_F_GON_01_ASEReadCounter.table","NW_015090842.1:8943876",15,28,13
"SLC7A5","s1337_F_GON_01_ASEReadCounter.table","NW_015090842.1:8943892",18,29,11
"SLC7A5","s1337_F_GON_01_ASEReadCounter.table","NW_015090842.1:8944097",13,23,10
"SLC7A5","s1337_F_GON_01_ASEReadCounter.table","NW_015090842.1:8944104",12,21,9
"SLC7A5","s1337_F_GON_01_ASEReadCounter.table","NW_015090842.1:8944293",12,18,6
"SLC7A5","s1337_F_GON_01_ASEReadCounter.table","NW_015090842.1:8944297",10,15,5
"SLC7A5","s1337_F_GON_01_ASEReadCounter.table","NW_015090842.1:8944397",11,16,5
"SLC7A5","s1337_F_GON_01_ASEReadCounter.table","NW_015090842.1:8944552",14,23,9
"SLC7A5","s1337_F_GON_01_ASEReadCounter.table","NW_015090842.1:8944629",10,23,13
"CA5A","s1337_F_GON_01_ASEReadCounter.table","NW_015090842.1:8989479",31,59,28
"CA5A","s1337_F_GON_01_ASEReadCounter.table","NW_015090842.1:8989562",27,66,39
"CA5A","s1337_F_GON_01_ASEReadCounter.table","NW_015090842.1:8989609",29,72,43
"CA5A","s1337_F_GON_01_ASEReadCounter.table","NW_015090842.1:8989693",29,82,53
"CA5A","s1337_F_GON_01_ASEReadCounter.table","NW_015090842.1:8989702",30,76,46
"CA5A","s1337_F_GON_01_ASEReadCounter.table","NW_015090842.1:8989746",39,93,54
"CA5A","s1337_F_GON_01_ASEReadCounter.table","NW_015090842.1:8989880",32,71,39
"CA5A","s1337_F_GON_01_ASEReadCounter.table","NW_015090842.1:8989885",31,71,40
"CA5A","s1337_F_GON_01_ASEReadCounter.table","NW_015090842.1:8989929",32,70,38
"CA5A","s1337_F_GON_01_ASEReadCounter.table","NW_015090842.1:8990002",23,55,32
"CA5A","s1337_F_GON_01_ASEReadCounter.table","NW_015090842.1:8990004",24,58,34
"CA5A","s1337_F_GON_01_ASEReadCounter.table","NW_015090842.1:8990005",24,58,34
"CA5A","s1337_F_GON_01_ASEReadCounter.table","NW_015090842.1:8990017",22,49,27
"CA5A","s1337_F_GON_01_ASEReadCounter.table","NW_015090842.1:8990043",20,50,30
"CA5A","s1337_F_GON_01_ASEReadCounter.table","NW_015090842.1:8990060",26,48,22
"CA5A","s1337_F_GON_01_ASEReadCounter.table","NW_015090842.1:8990080",19,46,27
"CA5A","s1337_F_GON_01_ASEReadCounter.table","NW_015090842.1:8990084",21,48,27
"CA5A","s1337_F_GON_01_ASEReadCounter.table","NW_015090842.1:8990090",19,46,27
"CA5A","s1337_F_GON_01_ASEReadCounter.table","NW_015090842.1:8990095",18,46,28
"CA5A","s1337_F_GON_01_ASEReadCounter.table","NW_015090842.1:8990111",18,45,27
"CA5A","s1337_F_GON_01_ASEReadCounter.table","NW_015090842.1:8990112",19,46,27
"CA5A","s1337_F_GON_01_ASEReadCounter.table","NW_015090842.1:8990115",19,48,29
"CA5A","s1337_F_GON_01_ASEReadCounter.table","NW_015090842.1:8990166",21,43,22
"CA5A","s1337_F_GON_01_ASEReadCounter.table","NW_015090842.1:8990169",20,40,20
"CA5A","s1337_F_GON_01_ASEReadCounter.table","NW_015090842.1:8990193",23,44,21
"CA5A","s1337_F_GON_01_ASEReadCounter.table","NW_015090842.1:8990222",12,29,17
"CA5A","s1337_F_GON_01_ASEReadCounter.table","NW_015090842.1:8990289",15,34,19
"CA5A","s1337_F_GON_01_ASEReadCounter.table","NW_015090842.1:8990314",12,29,17
"CA5A","s1337_F_GON_01_ASEReadCounter.table","NW_015090842.1:8990361",10,35,25
"CA5A","s1337_F_GON_01_ASEReadCounter.table","NW_015090842.1:8990368",10,33,23
"CA5A","s1337_F_GON_01_ASEReadCounter.table","NW_015090842.1:8990429",11,26,15
"CA5A","s1337_F_GON_01_ASEReadCounter.table","NW_015090842.1:8990466",0,28,28
"CA5A","s1337_F_GON_01_ASEReadCounter.table","NW_015090842.1:8990663",10,18,8
"CA5A","s1337_F_GON_01_ASEReadCounter.table","NW_015090842.1:8990797",17,22,5
"CA5A","s1337_F_GON_01_ASEReadCounter.table","NW_015090842.1:8990836",15,22,7
"CA5A","s1337_F_GON_01_ASEReadCounter.table","NW_015090842.1:8990842",15,22,7
"CA5A","s1337_F_GON_01_ASEReadCounter.table","NW_015090842.1:8990851",16,24,8
"CA5A","s1337_F_GON_01_ASEReadCounter.table","NW_015090842.1:8990918",14,26,12
"CA5A","s1337_F_GON_01_ASEReadCounter.table","NW_015090842.1:8990921",12,25,13
"CA5A","s1337_F_GON_01_ASEReadCounter.table","NW_015090842.1:8990942",14,27,13
"CA5A","s1337_F_GON_01_ASEReadCounter.table","NW_015090842.1:8991001",0,29,29
"CA5A","s1337_F_GON_01_ASEReadCounter.table","NW_015090842.1:8991038",9,25,16
"CA5A","s1337_F_GON_01_ASEReadCounter.table","NW_015090842.1:8991149",10,25,15
"CA5A","s1337_F_GON_01_ASEReadCounter.table","NW_015090842.1:8991176",11,21,10
"CA5A","s1337_F_GON_01_ASEReadCounter.table","NW_015090842.1:8991241",9,23,14
"CA5A","s1337_F_GON_01_ASEReadCounter.table","NW_015090842.1:8991262",7,22,15
"CA5A","s1337_F_GON_01_ASEReadCounter.table","NW_015090842.1:8991316",10,14,4
"CA5A","s1337_F_GON_01_ASEReadCounter.table","NW_015090842.1:8991319",10,14,4
"CA5A","s1337_F_GON_01_ASEReadCounter.table","NW_015090842.1:8991330",13,13,0
"CA5A","s1337_F_GON_01_ASEReadCounter.table","NW_015090842.1:8991334",10,14,4
"CA5A","s1337_F_GON_01_ASEReadCounter.table","NW_015090842.1:8991362",11,18,7
"CA5A","s1337_F_GON_01_ASEReadCounter.table","NW_015090842.1:8991368",8,14,6
"CA5A","s1337_F_GON_01_ASEReadCounter.table","NW_015090842.1:8991390",10,15,5
"CA5A","s1337_F_GON_01_ASEReadCounter.table","NW_015090842.1:8991395",10,17,7
"CA5A","s1337_F_GON_01_ASEReadCounter.table","NW_015090842.1:8991422",8,15,7
"CA5A","s1337_F_GON_01_ASEReadCounter.table","NW_015090842.1:8991467",10,20,10
"CA5A","s1337_F_GON_01_ASEReadCounter.table","NW_015090842.1:8991576",2,13,11
"CA5A","s1337_F_GON_01_ASEReadCounter.table","NW_015090842.1:8991587",3,13,10
"CA5A","s1337_F_GON_01_ASEReadCounter.table","NW_015090842.1:8991655",7,15,8
"CA5A","s1337_F_GON_01_ASEReadCounter.table","NW_015090842.1:8991717",7,14,7
"CA5A","s1337_F_GON_01_ASEReadCounter.table","NW_015090842.1:8991726",8,15,7
"CA5A","s1337_F_GON_01_ASEReadCounter.table","NW_015090842.1:8991799",6,16,10
"CA5A","s1337_F_GON_01_ASEReadCounter.table","NW_015090842.1:8991809",4,14,10
"CA5A","s1337_F_GON_01_ASEReadCounter.table","NW_015090842.1:8991848",4,14,10
"CA5A","s1337_F_GON_01_ASEReadCounter.table","NW_015090842.1:8991849",4,15,11
"CA5A","s1337_F_GON_01_ASEReadCounter.table","NW_015090842.1:8991927",5,14,9
"CA5A","s1337_F_GON_01_ASEReadCounter.table","NW_015090842.1:8991941",5,13,8
"CA5A","s1337_F_GON_01_ASEReadCounter.table","NW_015090842.1:8992121",3,13,10
"CA5A","s1337_F_GON_01_ASEReadCounter.table","NW_015090842.1:8992224",10,36,26
"CA5A","s1337_F_GON_01_ASEReadCounter.table","NW_015090842.1:9002570",17,34,17
"CA5A","s1337_F_GON_01_ASEReadCounter.table","NW_015090842.1:9002600",14,31,17
"CA5A","s1337_F_GON_01_ASEReadCounter.table","NW_015090842.1:9004312",14,30,16
"CA5A","s1337_F_GON_01_ASEReadCounter.table","NW_015090842.1:9004506",13,17,4
"CA5A","s1337_F_GON_01_ASEReadCounter.table","NW_015090842.1:9004523",20,23,3
"CA5A","s1337_F_GON_01_ASEReadCounter.table","NW_015090842.1:9004530",28,33,5
"CA5A","s1337_F_GON_01_ASEReadCounter.table","NW_015090842.1:9004556",53,66,13
"CA5A","s1337_F_GON_01_ASEReadCounter.table","NW_015090842.1:9005116",64,103,39
"CA5A","s1337_F_GON_01_ASEReadCounter.table","NW_015090842.1:9005120",67,103,36
"CA5A","s1337_F_GON_01_ASEReadCounter.table","NW_015090842.1:9005140",68,110,42
"CA5A","s1337_F_GON_01_ASEReadCounter.table","NW_015090842.1:9005152",70,117,47
"CA5A","s1337_F_GON_01_ASEReadCounter.table","NW_015090842.1:9011011",1,2,1
"CA5A","s1337_F_GON_01_ASEReadCounter.table","NW_015090842.1:9011189",1,1,0
"CA5A","s1337_F_GON_01_ASEReadCounter.table","NW_015090842.1:9011194",1,1,0
"BANP","s1337_F_GON_01_ASEReadCounter.table","NW_015090842.1:9033407",0,4,4
"BANP","s1337_F_GON_01_ASEReadCounter.table","NW_015090842.1:9033409",0,4,4
"BANP","s1337_F_GON_01_ASEReadCounter.table","NW_015090842.1:9033420",0,4,4
"BANP","s1337_F_GON_01_ASEReadCounter.table","NW_015090842.1:9067974",0,10,10
"BANP","s1337_F_GON_01_ASEReadCounter.table","NW_015090842.1:9102510",17,34,17
"BANP","s1337_F_GON_01_ASEReadCounter.table","NW_015090842.1:9168534",17,38,21
"BANP","s1337_F_GON_01_ASEReadCounter.table","NW_015090842.1:9168818",9,15,6
"ZNF469","s1337_F_GON_01_ASEReadCounter.table","NW_015090842.1:9426585",1,2,1
"ZNF469","s1337_F_GON_01_ASEReadCounter.table","NW_015090842.1:9427614",1,1,0
"ZNF469","s1337_F_GON_01_ASEReadCounter.table","NW_015090842.1:9428122",0,1,1
"ZNF469","s1337_F_GON_01_ASEReadCounter.table","NW_015090842.1:9428178",0,1,1
"ZNF469","s1337_F_GON_01_ASEReadCounter.table","NW_015090842.1:9429633",0,1,1
"ZNF469","s1337_F_GON_01_ASEReadCounter.table","NW_015090842.1:9430560",0,3,3
"ZNF469","s1337_F_GON_01_ASEReadCounter.table","NW_015090842.1:9431031",0,2,2
"ZNF469","s1337_F_GON_01_ASEReadCounter.table","NW_015090842.1:9431073",0,2,2
"ZNF469","s1337_F_GON_01_ASEReadCounter.table","NW_015090842.1:9431091",0,3,3
"ZNF469","s1337_F_GON_01_ASEReadCounter.table","NW_015090842.1:9431150",0,2,2
"ZNF469","s1337_F_GON_01_ASEReadCounter.table","NW_015090842.1:9431162",0,2,2
"ZNF469","s1337_F_GON_01_ASEReadCounter.table","NW_015090842.1:9431317",0,1,1
"ZNF469","s1337_F_GON_01_ASEReadCounter.table","NW_015090842.1:9431325",0,1,1
"ZNF469","s1337_F_GON_01_ASEReadCounter.table","NW_015090842.1:9431700",0,1,1
"ZNF469","s1337_F_GON_01_ASEReadCounter.table","NW_015090842.1:9432110",0,2,2
"ZNF469","s1337_F_GON_01_ASEReadCounter.table","NW_015090842.1:9432302",1,2,1
"ZNF469","s1337_F_GON_01_ASEReadCounter.table","NW_015090842.1:9432481",3,6,3
"ZNF469","s1337_F_GON_01_ASEReadCounter.table","NW_015090842.1:9432498",3,6,3
"ZNF469","s1337_F_GON_01_ASEReadCounter.table","NW_015090842.1:9433268",0,1,1
"ZNF469","s1337_F_GON_01_ASEReadCounter.table","NW_015090842.1:9433678",0,2,2
"ZNF469","s1337_F_GON_01_ASEReadCounter.table","NW_015090842.1:9433902",2,3,1
"ZNF469","s1337_F_GON_01_ASEReadCounter.table","NW_015090842.1:9433980",3,6,3
"ZNF469","s1337_F_GON_01_ASEReadCounter.table","NW_015090842.1:9434259",1,4,3
"ZNF469","s1337_F_GON_01_ASEReadCounter.table","NW_015090842.1:9435221",3,7,4
"ZFPM1","s1337_F_GON_01_ASEReadCounter.table","NW_015090842.1:9458862",10,36,26
"ZFPM1","s1337_F_GON_01_ASEReadCounter.table","NW_015090842.1:9458888",11,40,29
"ZFPM1","s1337_F_GON_01_ASEReadCounter.table","NW_015090842.1:9458904",16,46,30
"ZFPM1","s1337_F_GON_01_ASEReadCounter.table","NW_015090842.1:9458916",18,44,26
"ZFPM1","s1337_F_GON_01_ASEReadCounter.table","NW_015090842.1:9468568",18,49,31
"ZFPM1","s1337_F_GON_01_ASEReadCounter.table","NW_015090842.1:9468593",21,59,38
"ZFPM1","s1337_F_GON_01_ASEReadCounter.table","NW_015090842.1:9471561",18,46,28
"ZFPM1","s1337_F_GON_01_ASEReadCounter.table","NW_015090842.1:9472557",14,41,27
"ZFPM1","s1337_F_GON_01_ASEReadCounter.table","NW_015090842.1:9472565",13,37,24
"ZFPM1","s1337_F_GON_01_ASEReadCounter.table","NW_015090842.1:9472608",14,40,26
"ZFPM1","s1337_F_GON_01_ASEReadCounter.table","NW_015090842.1:9472627",15,37,22
"ZFPM1","s1337_F_GON_01_ASEReadCounter.table","NW_015090842.1:9472668",17,41,24
"ZFPM1","s1337_F_GON_01_ASEReadCounter.table","NW_015090842.1:9473655",24,52,28
"ZFPM1","s1337_F_GON_01_ASEReadCounter.table","NW_015090842.1:9475827",17,46,29
"ZFPM1","s1337_F_GON_01_ASEReadCounter.table","NW_015090842.1:9475842",17,50,33
"ZFPM1","s1337_F_GON_01_ASEReadCounter.table","NW_015090842.1:9476119",20,44,24
"ZFPM1","s1337_F_GON_01_ASEReadCounter.table","NW_015090842.1:9476161",18,35,17
"ZFPM1","s1337_F_GON_01_ASEReadCounter.table","NW_015090842.1:9476219",6,25,19
"ZFPM1","s1337_F_GON_01_ASEReadCounter.table","NW_015090842.1:9476233",5,25,20
"ZFPM1","s1337_F_GON_01_ASEReadCounter.table","NW_015090842.1:9476305",16,43,27
"ZFPM1","s1337_F_GON_01_ASEReadCounter.table","NW_015090842.1:9476395",27,60,33
"ZFPM1","s1337_F_GON_01_ASEReadCounter.table","NW_015090842.1:9476421",34,80,46
"ZFPM1","s1337_F_GON_01_ASEReadCounter.table","NW_015090842.1:9476539",25,67,42
"ZFPM1","s1337_F_GON_01_ASEReadCounter.table","NW_015090842.1:9476576",21,61,40
"ZFPM1","s1337_F_GON_01_ASEReadCounter.table","NW_015090842.1:9476599",39,59,20
"ZFPM1","s1337_F_GON_01_ASEReadCounter.table","NW_015090842.1:9476792",17,67,50
"ZFPM1","s1337_F_GON_01_ASEReadCounter.table","NW_015090842.1:9476803",16,64,48
"ZFPM1","s1337_F_GON_01_ASEReadCounter.table","NW_015090842.1:9477115",18,58,40
"ZFPM1","s1337_F_GON_01_ASEReadCounter.table","NW_015090842.1:9477299",5,41,36
"ZFPM1","s1337_F_GON_01_ASEReadCounter.table","NW_015090842.1:9477398",26,39,13
"ZFPM1","s1337_F_GON_01_ASEReadCounter.table","NW_015090842.1:9477422",10,42,32
"ZFPM1","s1337_F_GON_01_ASEReadCounter.table","NW_015090842.1:9477554",14,46,32
"ZFPM1","s1337_F_GON_01_ASEReadCounter.table","NW_015090842.1:9477575",34,52,18
"ZFPM1","s1337_F_GON_01_ASEReadCounter.table","NW_015090842.1:9477595",17,62,45
"ZFPM1","s1337_F_GON_01_ASEReadCounter.table","NW_015090842.1:9477611",15,60,45
"ZFPM1","s1337_F_GON_01_ASEReadCounter.table","NW_015090842.1:9477659",18,71,53
"ZFPM1","s1337_F_GON_01_ASEReadCounter.table","NW_015090842.1:9477737",23,63,40
"ZFPM1","s1337_F_GON_01_ASEReadCounter.table","NW_015090842.1:9477791",19,61,42
"ZFPM1","s1337_F_GON_01_ASEReadCounter.table","NW_015090842.1:9477844",14,57,43
"ZFPM1","s1337_F_GON_01_ASEReadCounter.table","NW_015090842.1:9477917",27,77,50
"ZFPM1","s1337_F_GON_01_ASEReadCounter.table","NW_015090842.1:9478295",32,64,32
"ZFPM1","s1337_F_GON_01_ASEReadCounter.table","NW_015090842.1:9478349",35,72,37
"ZFPM1","s1337_F_GON_01_ASEReadCounter.table","NW_015090842.1:9478524",26,68,42
"ZFPM1","s1337_F_GON_01_ASEReadCounter.table","NW_015090842.1:9478546",29,74,45
"ZFPM1","s1337_F_GON_01_ASEReadCounter.table","NW_015090842.1:9478573",28,70,42
"ZFPM1","s1337_F_GON_01_ASEReadCounter.table","NW_015090842.1:9478582",21,59,38
"ZFPM1","s1337_F_GON_01_ASEReadCounter.table","NW_015090842.1:9478684",5,28,23
"ZFPM1","s1337_F_GON_01_ASEReadCounter.table","NW_015090842.1:9478711",5,28,23
"ZFPM1","s1337_F_GON_01_ASEReadCounter.table","NW_015090842.1:9478761",12,43,31
"ZFPM1","s1337_F_GON_01_ASEReadCounter.table","NW_015090842.1:9478829",12,19,7
"CIDEC","s1337_F_GON_01_ASEReadCounter.table","NW_015090842.1:9480170",3,8,5
"CIDEC","s1337_F_GON_01_ASEReadCounter.table","NW_015090842.1:9480171",3,8,5
"CIDEC","s1337_F_GON_01_ASEReadCounter.table","NW_015090842.1:9480212",3,7,4
"CIDEC","s1337_F_GON_01_ASEReadCounter.table","NW_015090842.1:9480252",7,10,3
"CIDEC","s1337_F_GON_01_ASEReadCounter.table","NW_015090842.1:9480391",8,10,2
"CIDEC","s1337_F_GON_01_ASEReadCounter.table","NW_015090842.1:9480394",8,9,1
"CIDEC","s1337_F_GON_01_ASEReadCounter.table","NW_015090842.1:9480630",7,14,7
"CIDEC","s1337_F_GON_01_ASEReadCounter.table","NW_015090842.1:9480675",5,14,9
"CIDEC","s1337_F_GON_01_ASEReadCounter.table","NW_015090842.1:9480686",6,15,9
"CIDEC","s1337_F_GON_01_ASEReadCounter.table","NW_015090842.1:9480693",7,16,9
"CIDEC","s1337_F_GON_01_ASEReadCounter.table","NW_015090842.1:9480756",5,8,3
"CIDEC","s1337_F_GON_01_ASEReadCounter.table","NW_015090842.1:9481199",2,5,3
"ZC3H18","s1337_F_GON_01_ASEReadCounter.table","NW_015090842.1:9494271",6,28,22
"ZC3H18","s1337_F_GON_01_ASEReadCounter.table","NW_015090842.1:9501427",18,75,57
"ZC3H18","s1337_F_GON_01_ASEReadCounter.table","NW_015090842.1:9501442",18,74,56
"ZC3H18","s1337_F_GON_01_ASEReadCounter.table","NW_015090842.1:9505538",20,69,49
"ZC3H18","s1337_F_GON_01_ASEReadCounter.table","NW_015090842.1:9506778",22,94,72
"ZC3H18","s1337_F_GON_01_ASEReadCounter.table","NW_015090842.1:9522538",33,77,44
"ZC3H18","s1337_F_GON_01_ASEReadCounter.table","NW_015090842.1:9524350",37,84,47
"ZC3H18","s1337_F_GON_01_ASEReadCounter.table","NW_015090842.1:9524366",36,88,52
"ZC3H18","s1337_F_GON_01_ASEReadCounter.table","NW_015090842.1:9524424",41,88,47
"ZC3H18","s1337_F_GON_01_ASEReadCounter.table","NW_015090842.1:9529649",37,113,76
"ZC3H18","s1337_F_GON_01_ASEReadCounter.table","NW_015090842.1:9529688",31,107,76
"ZC3H18","s1337_F_GON_01_ASEReadCounter.table","NW_015090842.1:9529691",30,104,74
"ZC3H18","s1337_F_GON_01_ASEReadCounter.table","NW_015090842.1:9530977",42,116,74
"ZC3H18","s1337_F_GON_01_ASEReadCounter.table","NW_015090842.1:9536699",0,47,47
"CYBA","s1337_F_GON_01_ASEReadCounter.table","NW_015090842.1:9547281",44,61,17
"CYBA","s1337_F_GON_01_ASEReadCounter.table","NW_015090842.1:9547402",137,188,51
"CYBA","s1337_F_GON_01_ASEReadCounter.table","NW_015090842.1:9547553",77,144,67
"CYBA","s1337_F_GON_01_ASEReadCounter.table","NW_015090842.1:9548052",89,119,30
"CYBA","s1337_F_GON_01_ASEReadCounter.table","NW_015090842.1:9548436",109,153,44
"CYBA","s1337_F_GON_01_ASEReadCounter.table","NW_015090842.1:9548442",117,163,46
"CYBA","s1337_F_GON_01_ASEReadCounter.table","NW_015090842.1:9548478",113,170,57
"CYBA","s1337_F_GON_01_ASEReadCounter.table","NW_015090842.1:9548487",110,166,56
"CYBA","s1337_F_GON_01_ASEReadCounter.table","NW_015090842.1:9548490",105,157,52
"CYBA","s1337_F_GON_01_ASEReadCounter.table","NW_015090842.1:9548717",107,153,46
"CYBA","s1337_F_GON_01_ASEReadCounter.table","NW_015090842.1:9548750",71,108,37
"CYBA","s1337_F_GON_01_ASEReadCounter.table","NW_015090842.1:9548766",53,79,26
"MVD","s1337_F_GON_01_ASEReadCounter.table","NW_015090842.1:9550678",19,27,8
"MVD","s1337_F_GON_01_ASEReadCounter.table","NW_015090842.1:9550690",19,31,12
"MVD","s1337_F_GON_01_ASEReadCounter.table","NW_015090842.1:9550691",19,31,12
"MVD","s1337_F_GON_01_ASEReadCounter.table","NW_015090842.1:9550699",21,38,17
"MVD","s1337_F_GON_01_ASEReadCounter.table","NW_015090842.1:9550719",22,42,20
"MVD","s1337_F_GON_01_ASEReadCounter.table","NW_015090842.1:9551596",45,80,35
"MVD","s1337_F_GON_01_ASEReadCounter.table","NW_015090842.1:9551638",41,80,39
"MVD","s1337_F_GON_01_ASEReadCounter.table","NW_015090842.1:9551899",0,2,2
"MVD","s1337_F_GON_01_ASEReadCounter.table","NW_015090842.1:9552193",23,52,29
"MVD","s1337_F_GON_01_ASEReadCounter.table","NW_015090842.1:9552202",26,58,32
"MVD","s1337_F_GON_01_ASEReadCounter.table","NW_015090842.1:9552208",29,59,30
"MVD","s1337_F_GON_01_ASEReadCounter.table","NW_015090842.1:9552625",17,36,19
"MVD","s1337_F_GON_01_ASEReadCounter.table","NW_015090842.1:9552629",20,37,17
"MVD","s1337_F_GON_01_ASEReadCounter.table","NW_015090842.1:9552644",14,33,19
"MVD","s1337_F_GON_01_ASEReadCounter.table","NW_015090842.1:9553093",21,54,33
"MVD","s1337_F_GON_01_ASEReadCounter.table","NW_015090842.1:9553114",21,53,32
"RNF166","s1337_F_GON_01_ASEReadCounter.table","NW_015090842.1:9557900",18,35,17
"RNF166","s1337_F_GON_01_ASEReadCounter.table","NW_015090842.1:9558048",20,32,12
"RNF166","s1337_F_GON_01_ASEReadCounter.table","NW_015090842.1:9558116",12,31,19
"RNF166","s1337_F_GON_01_ASEReadCounter.table","NW_015090842.1:9558308",10,29,19
"RNF166","s1337_F_GON_01_ASEReadCounter.table","NW_015090842.1:9558405",13,28,15
"RNF166","s1337_F_GON_01_ASEReadCounter.table","NW_015090842.1:9558549",34,69,35
"RNF166","s1337_F_GON_01_ASEReadCounter.table","NW_015090842.1:9558556",35,67,32
"RNF166","s1337_F_GON_01_ASEReadCounter.table","NW_015090842.1:9558579",44,79,35
"RNF166","s1337_F_GON_01_ASEReadCounter.table","NW_015090842.1:9558599",34,66,32
"RNF166","s1337_F_GON_01_ASEReadCounter.table","NW_015090842.1:9558688",51,85,34
"RNF166","s1337_F_GON_01_ASEReadCounter.table","NW_015090842.1:9558711",56,91,35
"RNF166","s1337_F_GON_01_ASEReadCounter.table","NW_015090842.1:9558733",54,86,32
"RNF166","s1337_F_GON_01_ASEReadCounter.table","NW_015090842.1:9558847",53,70,17
"RNF166","s1337_F_GON_01_ASEReadCounter.table","NW_015090842.1:9559798",68,99,31
"RNF166","s1337_F_GON_01_ASEReadCounter.table","NW_015090842.1:9560575",62,105,43
"RNF166","s1337_F_GON_01_ASEReadCounter.table","NW_015090842.1:9561055",57,87,30
"RNF166","s1337_F_GON_01_ASEReadCounter.table","NW_015090842.1:9562458",48,77,29
"RNF166","s1337_F_GON_01_ASEReadCounter.table","NW_015090842.1:9562497",38,70,32
"RNF166","s1337_F_GON_01_ASEReadCounter.table","NW_015090842.1:9562539",35,58,23
"RNF166","s1337_F_GON_01_ASEReadCounter.table","NW_015090842.1:9564056",22,41,19
"CTU2","s1337_F_GON_01_ASEReadCounter.table","NW_015090842.1:9565149",7,8,1
"CTU2","s1337_F_GON_01_ASEReadCounter.table","NW_015090842.1:9565193",2,7,5
"CTU2","s1337_F_GON_01_ASEReadCounter.table","NW_015090842.1:9565300",5,10,5
"CTU2","s1337_F_GON_01_ASEReadCounter.table","NW_015090842.1:9565321",6,13,7
"CTU2","s1337_F_GON_01_ASEReadCounter.table","NW_015090842.1:9565721",5,11,6
"CTU2","s1337_F_GON_01_ASEReadCounter.table","NW_015090842.1:9565739",7,11,4
"CTU2","s1337_F_GON_01_ASEReadCounter.table","NW_015090842.1:9565905",7,13,6
"CTU2","s1337_F_GON_01_ASEReadCounter.table","NW_015090842.1:9566013",6,26,20
"CTU2","s1337_F_GON_01_ASEReadCounter.table","NW_015090842.1:9566055",19,28,9
"CTU2","s1337_F_GON_01_ASEReadCounter.table","NW_015090842.1:9566056",18,26,8
"CTU2","s1337_F_GON_01_ASEReadCounter.table","NW_015090842.1:9566151",12,17,5
"CTU2","s1337_F_GON_01_ASEReadCounter.table","NW_015090842.1:9566300",10,24,14
"CTU2","s1337_F_GON_01_ASEReadCounter.table","NW_015090842.1:9566342",11,22,11
"CTU2","s1337_F_GON_01_ASEReadCounter.table","NW_015090842.1:9566548",19,32,13
"CTU2","s1337_F_GON_01_ASEReadCounter.table","NW_015090842.1:9566625",13,28,15
"CTU2","s1337_F_GON_01_ASEReadCounter.table","NW_015090842.1:9566633",13,27,14
"CTU2","s1337_F_GON_01_ASEReadCounter.table","NW_015090842.1:9566807",13,24,11
"CTU2","s1337_F_GON_01_ASEReadCounter.table","NW_015090842.1:9567139",14,31,17
"CTU2","s1337_F_GON_01_ASEReadCounter.table","NW_015090842.1:9567156",15,30,15
"CTU2","s1337_F_GON_01_ASEReadCounter.table","NW_015090842.1:9567614",21,37,16
"CTU2","s1337_F_GON_01_ASEReadCounter.table","NW_015090842.1:9567677",17,34,17
"CTU2","s1337_F_GON_01_ASEReadCounter.table","NW_015090842.1:9567747",21,45,24
"CTU2","s1337_F_GON_01_ASEReadCounter.table","NW_015090842.1:9567828",18,36,18
"CTU2","s1337_F_GON_01_ASEReadCounter.table","NW_015090842.1:9567829",17,35,18
"CTU2","s1337_F_GON_01_ASEReadCounter.table","NW_015090842.1:9567885",12,25,13
"PIEZO1","s1337_F_GON_01_ASEReadCounter.table","NW_015090842.1:9568093",52,86,34
"PIEZO1","s1337_F_GON_01_ASEReadCounter.table","NW_015090842.1:9568672",29,60,31
"PIEZO1","s1337_F_GON_01_ASEReadCounter.table","NW_015090842.1:9568948",32,53,21
"PIEZO1","s1337_F_GON_01_ASEReadCounter.table","NW_015090842.1:9568987",14,46,32
"PIEZO1","s1337_F_GON_01_ASEReadCounter.table","NW_015090842.1:9569040",35,50,15
"PIEZO1","s1337_F_GON_01_ASEReadCounter.table","NW_015090842.1:9569180",28,43,15
"PIEZO1","s1337_F_GON_01_ASEReadCounter.table","NW_015090842.1:9569192",22,38,16
"PIEZO1","s1337_F_GON_01_ASEReadCounter.table","NW_015090842.1:9570088",26,37,11
"PIEZO1","s1337_F_GON_01_ASEReadCounter.table","NW_015090842.1:9570480",15,18,3
"PIEZO1","s1337_F_GON_01_ASEReadCounter.table","NW_015090842.1:9570639",11,14,3
"PIEZO1","s1337_F_GON_01_ASEReadCounter.table","NW_015090842.1:9571847",14,18,4
"PIEZO1","s1337_F_GON_01_ASEReadCounter.table","NW_015090842.1:9572371",4,8,4
"PIEZO1","s1337_F_GON_01_ASEReadCounter.table","NW_015090842.1:9572638",7,9,2
"PIEZO1","s1337_F_GON_01_ASEReadCounter.table","NW_015090842.1:9573156",10,16,6
"PIEZO1","s1337_F_GON_01_ASEReadCounter.table","NW_015090842.1:9573280",14,20,6
"PIEZO1","s1337_F_GON_01_ASEReadCounter.table","NW_015090842.1:9573566",3,6,3
"PIEZO1","s1337_F_GON_01_ASEReadCounter.table","NW_015090842.1:9575341",3,4,1
"PIEZO1","s1337_F_GON_01_ASEReadCounter.table","NW_015090842.1:9575367",3,4,1
"PIEZO1","s1337_F_GON_01_ASEReadCounter.table","NW_015090842.1:9575645",5,7,2
"PIEZO1","s1337_F_GON_01_ASEReadCounter.table","NW_015090842.1:9575696",5,7,2
"PIEZO1","s1337_F_GON_01_ASEReadCounter.table","NW_015090842.1:9575897",2,3,1
"PIEZO1","s1337_F_GON_01_ASEReadCounter.table","NW_015090842.1:9576060",3,6,3
"PIEZO1","s1337_F_GON_01_ASEReadCounter.table","NW_015090842.1:9576087",3,6,3
"PIEZO1","s1337_F_GON_01_ASEReadCounter.table","NW_015090842.1:9576093",3,6,3
"PIEZO1","s1337_F_GON_01_ASEReadCounter.table","NW_015090842.1:9576120",4,6,2
"PIEZO1","s1337_F_GON_01_ASEReadCounter.table","NW_015090842.1:9576687",4,6,2
"PIEZO1","s1337_F_GON_01_ASEReadCounter.table","NW_015090842.1:9576710",7,7,0
"PIEZO1","s1337_F_GON_01_ASEReadCounter.table","NW_015090842.1:9576723",5,8,3
"PIEZO1","s1337_F_GON_01_ASEReadCounter.table","NW_015090842.1:9578268",5,5,0
"PIEZO1","s1337_F_GON_01_ASEReadCounter.table","NW_015090842.1:9578770",0,2,2
"PIEZO1","s1337_F_GON_01_ASEReadCounter.table","NW_015090842.1:9578806",0,2,2
"PIEZO1","s1337_F_GON_01_ASEReadCounter.table","NW_015090842.1:9579064",3,5,2
"PIEZO1","s1337_F_GON_01_ASEReadCounter.table","NW_015090842.1:9579065",3,5,2
"PIEZO1","s1337_F_GON_01_ASEReadCounter.table","NW_015090842.1:9579347",1,6,5
"PIEZO1","s1337_F_GON_01_ASEReadCounter.table","NW_015090842.1:9580765",0,1,1
"PIEZO1","s1337_F_GON_01_ASEReadCounter.table","NW_015090842.1:9580996",1,1,0
"PIEZO1","s1337_F_GON_01_ASEReadCounter.table","NW_015090842.1:9581101",1,2,1
"PIEZO1","s1337_F_GON_01_ASEReadCounter.table","NW_015090842.1:9581299",2,5,3
"PIEZO1","s1337_F_GON_01_ASEReadCounter.table","NW_015090842.1:9581875",2,4,2
"PIEZO1","s1337_F_GON_01_ASEReadCounter.table","NW_015090842.1:9582046",3,6,3
"PIEZO1","s1337_F_GON_01_ASEReadCounter.table","NW_015090842.1:9583298",2,4,2
"PIEZO1","s1337_F_GON_01_ASEReadCounter.table","NW_015090842.1:9584337",2,3,1
"PIEZO1","s1337_F_GON_01_ASEReadCounter.table","NW_015090842.1:9584425",2,3,1
"PIEZO1","s1337_F_GON_01_ASEReadCounter.table","NW_015090842.1:9584435",2,3,1
"PIEZO1","s1337_F_GON_01_ASEReadCounter.table","NW_015090842.1:9584438",2,3,1
"PIEZO1","s1337_F_GON_01_ASEReadCounter.table","NW_015090842.1:9584441",2,4,2
"CDT1","s1337_F_GON_01_ASEReadCounter.table","NW_015090842.1:9596596",4,7,3
"CDT1","s1337_F_GON_01_ASEReadCounter.table","NW_015090842.1:9596766",3,9,6
"CDT1","s1337_F_GON_01_ASEReadCounter.table","NW_015090842.1:9597054",11,21,10
"CDT1","s1337_F_GON_01_ASEReadCounter.table","NW_015090842.1:9597074",12,22,10
"CDT1","s1337_F_GON_01_ASEReadCounter.table","NW_015090842.1:9597137",14,24,10
"CDT1","s1337_F_GON_01_ASEReadCounter.table","NW_015090842.1:9597756",9,23,14
"CDT1","s1337_F_GON_01_ASEReadCounter.table","NW_015090842.1:9597766",10,24,14
"CDT1","s1337_F_GON_01_ASEReadCounter.table","NW_015090842.1:9598496",17,34,17
"CDT1","s1337_F_GON_01_ASEReadCounter.table","NW_015090842.1:9598498",16,32,16
"CDT1","s1337_F_GON_01_ASEReadCounter.table","NW_015090842.1:9598816",19,30,11
"CDT1","s1337_F_GON_01_ASEReadCounter.table","NW_015090842.1:9598879",20,36,16
"CDT1","s1337_F_GON_01_ASEReadCounter.table","NW_015090842.1:9598912",23,39,16
"CDT1","s1337_F_GON_01_ASEReadCounter.table","NW_015090842.1:9598959",18,37,19
"CDT1","s1337_F_GON_01_ASEReadCounter.table","NW_015090842.1:9599807",37,53,16
"CDT1","s1337_F_GON_01_ASEReadCounter.table","NW_015090842.1:9599819",39,54,15
"CDT1","s1337_F_GON_01_ASEReadCounter.table","NW_015090842.1:9599845",37,58,21
"CDT1","s1337_F_GON_01_ASEReadCounter.table","NW_015090842.1:9600148",64,88,24
"CDT1","s1337_F_GON_01_ASEReadCounter.table","NW_015090842.1:9600151",61,85,24
"CDT1","s1337_F_GON_01_ASEReadCounter.table","NW_015090842.1:9600217",59,88,29
"CDT1","s1337_F_GON_01_ASEReadCounter.table","NW_015090842.1:9600226",59,90,31
"CDT1","s1337_F_GON_01_ASEReadCounter.table","NW_015090842.1:9600260",47,81,34
"CDT1","s1337_F_GON_01_ASEReadCounter.table","NW_015090842.1:9600268",44,77,33
"CDT1","s1337_F_GON_01_ASEReadCounter.table","NW_015090842.1:9600305",33,67,34
"CDT1","s1337_F_GON_01_ASEReadCounter.table","NW_015090842.1:9600397",38,66,28
"CDT1","s1337_F_GON_01_ASEReadCounter.table","NW_015090842.1:9600447",28,57,29
"CDT1","s1337_F_GON_01_ASEReadCounter.table","NW_015090842.1:9600450",30,55,25
"CDT1","s1337_F_GON_01_ASEReadCounter.table","NW_015090842.1:9600485",41,72,31
"CDT1","s1337_F_GON_01_ASEReadCounter.table","NW_015090842.1:9600579",40,75,35
"APRT","s1337_F_GON_01_ASEReadCounter.table","NW_015090842.1:9602308",32,55,23
"APRT","s1337_F_GON_01_ASEReadCounter.table","NW_015090842.1:9602440",55,99,44
"APRT","s1337_F_GON_01_ASEReadCounter.table","NW_015090842.1:9602449",59,100,41
"APRT","s1337_F_GON_01_ASEReadCounter.table","NW_015090842.1:9602451",61,105,44
"APRT","s1337_F_GON_01_ASEReadCounter.table","NW_015090842.1:9602455",60,103,43
"APRT","s1337_F_GON_01_ASEReadCounter.table","NW_015090842.1:9602462",68,111,43
"APRT","s1337_F_GON_01_ASEReadCounter.table","NW_015090842.1:9602507",53,88,35
"APRT","s1337_F_GON_01_ASEReadCounter.table","NW_015090842.1:9602514",55,92,37
"APRT","s1337_F_GON_01_ASEReadCounter.table","NW_015090842.1:9602530",53,84,31
"APRT","s1337_F_GON_01_ASEReadCounter.table","NW_015090842.1:9602582",53,83,30
"APRT","s1337_F_GON_01_ASEReadCounter.table","NW_015090842.1:9602583",54,82,28
"APRT","s1337_F_GON_01_ASEReadCounter.table","NW_015090842.1:9602650",51,90,39
"APRT","s1337_F_GON_01_ASEReadCounter.table","NW_015090842.1:9602655",51,89,38
"APRT","s1337_F_GON_01_ASEReadCounter.table","NW_015090842.1:9602712",43,85,42
"APRT","s1337_F_GON_01_ASEReadCounter.table","NW_015090842.1:9602764",41,73,32
"APRT","s1337_F_GON_01_ASEReadCounter.table","NW_015090842.1:9602821",40,66,26
"APRT","s1337_F_GON_01_ASEReadCounter.table","NW_015090842.1:9602867",36,62,26
"APRT","s1337_F_GON_01_ASEReadCounter.table","NW_015090842.1:9602883",38,62,24
"APRT","s1337_F_GON_01_ASEReadCounter.table","NW_015090842.1:9602886",39,63,24
"APRT","s1337_F_GON_01_ASEReadCounter.table","NW_015090842.1:9602948",44,74,30
"APRT","s1337_F_GON_01_ASEReadCounter.table","NW_015090842.1:9602958",47,78,31
"APRT","s1337_F_GON_01_ASEReadCounter.table","NW_015090842.1:9603020",47,80,33
"APRT","s1337_F_GON_01_ASEReadCounter.table","NW_015090842.1:9603025",45,78,33
"APRT","s1337_F_GON_01_ASEReadCounter.table","NW_015090842.1:9603154",49,73,24
"APRT","s1337_F_GON_01_ASEReadCounter.table","NW_015090842.1:9603166",52,84,32
"APRT","s1337_F_GON_01_ASEReadCounter.table","NW_015090842.1:9603326",37,60,23
"APRT","s1337_F_GON_01_ASEReadCounter.table","NW_015090842.1:9603419",38,70,32
"APRT","s1337_F_GON_01_ASEReadCounter.table","NW_015090842.1:9603420",38,67,29
"APRT","s1337_F_GON_01_ASEReadCounter.table","NW_015090842.1:9603464",40,84,44
"APRT","s1337_F_GON_01_ASEReadCounter.table","NW_015090842.1:9603528",54,146,92
"APRT","s1337_F_GON_01_ASEReadCounter.table","NW_015090842.1:9603607",59,181,122
"APRT","s1337_F_GON_01_ASEReadCounter.table","NW_015090842.1:9603622",69,184,115
"APRT","s1337_F_GON_01_ASEReadCounter.table","NW_015090842.1:9604361",71,207,136
"APRT","s1337_F_GON_01_ASEReadCounter.table","NW_015090842.1:9605317",61,183,122
"APRT","s1337_F_GON_01_ASEReadCounter.table","NW_015090842.1:9605336",63,183,120
"GALNS","s1337_F_GON_01_ASEReadCounter.table","NW_015090842.1:9612872",30,62,32
"GALNS","s1337_F_GON_01_ASEReadCounter.table","NW_015090842.1:9612873",27,59,32
"GALNS","s1337_F_GON_01_ASEReadCounter.table","NW_015090842.1:9612877",31,61,30
"GALNS","s1337_F_GON_01_ASEReadCounter.table","NW_015090842.1:9612942",89,164,75
"GALNS","s1337_F_GON_01_ASEReadCounter.table","NW_015090842.1:9612987",69,154,85
"GALNS","s1337_F_GON_01_ASEReadCounter.table","NW_015090842.1:9613064",79,154,75
"GALNS","s1337_F_GON_01_ASEReadCounter.table","NW_015090842.1:9613096",137,226,89
"GALNS","s1337_F_GON_01_ASEReadCounter.table","NW_015090842.1:9613123",131,225,94
"GALNS","s1337_F_GON_01_ASEReadCounter.table","NW_015090842.1:9613125",130,218,88
"GALNS","s1337_F_GON_01_ASEReadCounter.table","NW_015090842.1:9613193",118,218,100
"GALNS","s1337_F_GON_01_ASEReadCounter.table","NW_015090842.1:9613226",120,222,102
"GALNS","s1337_F_GON_01_ASEReadCounter.table","NW_015090842.1:9613249",122,243,121
"GALNS","s1337_F_GON_01_ASEReadCounter.table","NW_015090842.1:9613256",135,258,123
"GALNS","s1337_F_GON_01_ASEReadCounter.table","NW_015090842.1:9613317",115,232,117
"GALNS","s1337_F_GON_01_ASEReadCounter.table","NW_015090842.1:9613343",111,222,111
"GALNS","s1337_F_GON_01_ASEReadCounter.table","NW_015090842.1:9613344",111,221,110
"GALNS","s1337_F_GON_01_ASEReadCounter.table","NW_015090842.1:9613371",113,225,112
"GALNS","s1337_F_GON_01_ASEReadCounter.table","NW_015090842.1:9613378",116,240,124
"GALNS","s1337_F_GON_01_ASEReadCounter.table","NW_015090842.1:9613379",116,240,124
"GALNS","s1337_F_GON_01_ASEReadCounter.table","NW_015090842.1:9613516",100,222,122
"GALNS","s1337_F_GON_01_ASEReadCounter.table","NW_015090842.1:9613572",98,216,118
"GALNS","s1337_F_GON_01_ASEReadCounter.table","NW_015090842.1:9613597",81,205,124
"GALNS","s1337_F_GON_01_ASEReadCounter.table","NW_015090842.1:9613627",55,157,102
"GALNS","s1337_F_GON_01_ASEReadCounter.table","NW_015090842.1:9613640",50,148,98
"GALNS","s1337_F_GON_01_ASEReadCounter.table","NW_015090842.1:9614025",73,131,58
"GALNS","s1337_F_GON_01_ASEReadCounter.table","NW_015090842.1:9614169",60,103,43
"GALNS","s1337_F_GON_01_ASEReadCounter.table","NW_015090842.1:9614232",46,116,70
"GALNS","s1337_F_GON_01_ASEReadCounter.table","NW_015090842.1:9614667",66,114,48
"GALNS","s1337_F_GON_01_ASEReadCounter.table","NW_015090842.1:9614709",69,112,43
"GALNS","s1337_F_GON_01_ASEReadCounter.table","NW_015090842.1:9614880",85,130,45
"GALNS","s1337_F_GON_01_ASEReadCounter.table","NW_015090842.1:9614902",73,122,49
"GALNS","s1337_F_GON_01_ASEReadCounter.table","NW_015090842.1:9614960",69,125,56
"GALNS","s1337_F_GON_01_ASEReadCounter.table","NW_015090842.1:9615114",81,206,125
"GALNS","s1337_F_GON_01_ASEReadCounter.table","NW_015090842.1:9615199",95,235,140
"GALNS","s1337_F_GON_01_ASEReadCounter.table","NW_015090842.1:9615217",95,241,146
"GALNS","s1337_F_GON_01_ASEReadCounter.table","NW_015090842.1:9615277",79,296,217
"GALNS","s1337_F_GON_01_ASEReadCounter.table","NW_015090842.1:9615377",122,485,363
"GALNS","s1337_F_GON_01_ASEReadCounter.table","NW_015090842.1:9647858",106,480,374
"GALNS","s1337_F_GON_01_ASEReadCounter.table","NW_015090842.1:9649186",75,439,364
"GALNS","s1337_F_GON_01_ASEReadCounter.table","NW_015090842.1:9649237",80,448,368
"GALNS","s1337_F_GON_01_ASEReadCounter.table","NW_015090842.1:9661193",28,141,113
"TRAPPC2L","s1337_F_GON_01_ASEReadCounter.table","NW_015090842.1:9662951",404,671,267
"TRAPPC2L","s1337_F_GON_01_ASEReadCounter.table","NW_015090842.1:9663014",416,688,272
"TRAPPC2L","s1337_F_GON_01_ASEReadCounter.table","NW_015090842.1:9664305",229,609,380
"TRAPPC2L","s1337_F_GON_01_ASEReadCounter.table","NW_015090842.1:9665155",359,572,213
"TRAPPC2L","s1337_F_GON_01_ASEReadCounter.table","NW_015090842.1:9665211",115,198,83
"PABPN1L","s1337_F_GON_01_ASEReadCounter.table","NW_015090842.1:9669959",3,7,4
"CBFA2T3","s1337_F_GON_01_ASEReadCounter.table","NW_015090842.1:9709469",0,1,1
"CBFA2T3","s1337_F_GON_01_ASEReadCounter.table","NW_015090842.1:9709475",0,2,2
"CBFA2T3","s1337_F_GON_01_ASEReadCounter.table","NW_015090842.1:9711845",0,1,1
"CBFA2T3","s1337_F_GON_01_ASEReadCounter.table","NW_015090842.1:9712157",0,1,1
"CBFA2T3","s1337_F_GON_01_ASEReadCounter.table","NW_015090842.1:9712160",0,1,1
"CBFA2T3","s1337_F_GON_01_ASEReadCounter.table","NW_015090842.1:9712166",0,1,1
"CBFA2T3","s1337_F_GON_01_ASEReadCounter.table","NW_015090842.1:9712811",0,1,1
"CBFA2T3","s1337_F_GON_01_ASEReadCounter.table","NW_015090842.1:9712848",1,3,2
"CBFA2T3","s1337_F_GON_01_ASEReadCounter.table","NW_015090842.1:9713121",1,1,0
"CBFA2T3","s1337_F_GON_01_ASEReadCounter.table","NW_015090842.1:9717058",1,1,0
"CBFA2T3","s1337_F_GON_01_ASEReadCounter.table","NW_015090842.1:9717093",1,1,0
"CBFA2T3","s1337_F_GON_01_ASEReadCounter.table","NW_015090842.1:9717114",1,1,0
"CBFA2T3","s1337_F_GON_01_ASEReadCounter.table","NW_015090842.1:9717139",1,2,1
"ACSF3","s1337_F_GON_01_ASEReadCounter.table","NW_015090842.1:9773379",0,5,5
"ACSF3","s1337_F_GON_01_ASEReadCounter.table","NW_015090842.1:9773382",0,5,5
"ACSF3","s1337_F_GON_01_ASEReadCounter.table","NW_015090842.1:9773384",0,6,6
"ACSF3","s1337_F_GON_01_ASEReadCounter.table","NW_015090842.1:9773388",0,5,5
"ACSF3","s1337_F_GON_01_ASEReadCounter.table","NW_015090842.1:9776753",7,28,21
"ACSF3","s1337_F_GON_01_ASEReadCounter.table","NW_015090842.1:9776783",6,25,19
"ACSF3","s1337_F_GON_01_ASEReadCounter.table","NW_015090842.1:9776879",12,27,15
"ACSF3","s1337_F_GON_01_ASEReadCounter.table","NW_015090842.1:9776965",18,44,26
"ACSF3","s1337_F_GON_01_ASEReadCounter.table","NW_015090842.1:9777091",15,39,24
"ACSF3","s1337_F_GON_01_ASEReadCounter.table","NW_015090842.1:9777206",17,39,22
"ACSF3","s1337_F_GON_01_ASEReadCounter.table","NW_015090842.1:9777283",21,58,37
"ACSF3","s1337_F_GON_01_ASEReadCounter.table","NW_015090842.1:9778955",16,63,47
"ACSF3","s1337_F_GON_01_ASEReadCounter.table","NW_015090842.1:9778997",37,105,68
"ACSF3","s1337_F_GON_01_ASEReadCounter.table","NW_015090842.1:9789311",12,21,9
"ACSF3","s1337_F_GON_01_ASEReadCounter.table","NW_015090842.1:9789906",0,8,8
"ACSF3","s1337_F_GON_01_ASEReadCounter.table","NW_015090842.1:9834743",24,55,31
"ACSF3","s1337_F_GON_01_ASEReadCounter.table","NW_015090842.1:9834852",50,77,27
"ACSF3","s1337_F_GON_01_ASEReadCounter.table","NW_015090842.1:9834861",40,66,26
"ACSF3","s1337_F_GON_01_ASEReadCounter.table","NW_015090842.1:9839359",19,38,19
"ACSF3","s1337_F_GON_01_ASEReadCounter.table","NW_015090842.1:9839378",19,36,17
"ACSF3","s1337_F_GON_01_ASEReadCounter.table","NW_015090842.1:9839455",23,44,21
"ACSF3","s1337_F_GON_01_ASEReadCounter.table","NW_015090842.1:9839457",23,43,20
"ACSF3","s1337_F_GON_01_ASEReadCounter.table","NW_015090842.1:9839489",24,38,14
"ACSF3","s1337_F_GON_01_ASEReadCounter.table","NW_015090842.1:9839500",18,31,13
"ACSF3","s1337_F_GON_01_ASEReadCounter.table","NW_015090842.1:9839501",19,32,13
"ACSF3","s1337_F_GON_01_ASEReadCounter.table","NW_015090842.1:9839504",20,33,13
"ACSF3","s1337_F_GON_01_ASEReadCounter.table","NW_015090842.1:9839512",13,25,12
"ACSF3","s1337_F_GON_01_ASEReadCounter.table","NW_015090842.1:9839527",11,20,9
"ACSF3","s1337_F_GON_01_ASEReadCounter.table","NW_015090842.1:9839533",6,15,9
"ACSF3","s1337_F_GON_01_ASEReadCounter.table","NW_015090842.1:9839535",6,15,9
"ACSF3","s1337_F_GON_01_ASEReadCounter.table","NW_015090842.1:9839545",2,9,7
"ACSF3","s1337_F_GON_01_ASEReadCounter.table","NW_015090842.1:9839550",2,8,6
"ACSF3","s1337_F_GON_01_ASEReadCounter.table","NW_015090842.1:9839551",2,8,6
"CDH15","s1337_F_GON_01_ASEReadCounter.table","NW_015090842.1:9848265",0,1,1
"CDH15","s1337_F_GON_01_ASEReadCounter.table","NW_015090842.1:9848307",0,1,1
"CDH15","s1337_F_GON_01_ASEReadCounter.table","NW_015090842.1:9848310",0,1,1
"CDH15","s1337_F_GON_01_ASEReadCounter.table","NW_015090842.1:9848313",0,1,1
"CDH15","s1337_F_GON_01_ASEReadCounter.table","NW_015090842.1:9848531",0,1,1
"CDH15","s1337_F_GON_01_ASEReadCounter.table","NW_015090842.1:9848552",0,1,1
"CDH15","s1337_F_GON_01_ASEReadCounter.table","NW_015090842.1:9849140",0,1,1
"CDH15","s1337_F_GON_01_ASEReadCounter.table","NW_015090842.1:9849473",0,3,3
"CDH15","s1337_F_GON_01_ASEReadCounter.table","NW_015090842.1:9850141",0,1,1
"SLC22A31","s1337_F_GON_01_ASEReadCounter.table","NW_015090842.1:9850797",0,2,2
"SLC22A31","s1337_F_GON_01_ASEReadCounter.table","NW_015090842.1:9850818",2,3,1
"SLC22A31","s1337_F_GON_01_ASEReadCounter.table","NW_015090842.1:9850929",1,1,0
"SLC22A31","s1337_F_GON_01_ASEReadCounter.table","NW_015090842.1:9850936",1,1,0
"SLC22A31","s1337_F_GON_01_ASEReadCounter.table","NW_015090842.1:9850940",1,1,0
"SLC22A31","s1337_F_GON_01_ASEReadCounter.table","NW_015090842.1:9850948",1,1,0
"SLC22A31","s1337_F_GON_01_ASEReadCounter.table","NW_015090842.1:9850961",1,1,0
"SLC22A31","s1337_F_GON_01_ASEReadCounter.table","NW_015090842.1:9850970",1,1,0
"SLC22A31","s1337_F_GON_01_ASEReadCounter.table","NW_015090842.1:9850978",1,1,0
"SLC22A31","s1337_F_GON_01_ASEReadCounter.table","NW_015090842.1:9850981",1,1,0
"SLC22A31","s1337_F_GON_01_ASEReadCounter.table","NW_015090842.1:9851117",8,33,25
"SLC22A31","s1337_F_GON_01_ASEReadCounter.table","NW_015090842.1:9851130",9,31,22
"SLC22A31","s1337_F_GON_01_ASEReadCounter.table","NW_015090842.1:9851139",10,34,24
"SLC22A31","s1337_F_GON_01_ASEReadCounter.table","NW_015090842.1:9851265",30,85,55
"SLC22A31","s1337_F_GON_01_ASEReadCounter.table","NW_015090842.1:9851302",22,75,53
"SLC22A31","s1337_F_GON_01_ASEReadCounter.table","NW_015090842.1:9851303",22,73,51
"SLC22A31","s1337_F_GON_01_ASEReadCounter.table","NW_015090842.1:9851305",21,72,51
"SLC22A31","s1337_F_GON_01_ASEReadCounter.table","NW_015090842.1:9851343",20,51,31
"SLC22A31","s1337_F_GON_01_ASEReadCounter.table","NW_015090842.1:9851344",32,61,29
"SLC22A31","s1337_F_GON_01_ASEReadCounter.table","NW_015090842.1:9851361",31,71,40
"SLC22A31","s1337_F_GON_01_ASEReadCounter.table","NW_015090842.1:9851381",41,88,47
"SLC22A31","s1337_F_GON_01_ASEReadCounter.table","NW_015090842.1:9851421",38,98,60
"SLC22A31","s1337_F_GON_01_ASEReadCounter.table","NW_015090842.1:9851501",23,72,49
"SLC22A31","s1337_F_GON_01_ASEReadCounter.table","NW_015090842.1:9851526",36,103,67
"SLC22A31","s1337_F_GON_01_ASEReadCounter.table","NW_015090842.1:9851589",41,104,63
"SLC22A31","s1337_F_GON_01_ASEReadCounter.table","NW_015090842.1:9851712",46,125,79
"SLC22A31","s1337_F_GON_01_ASEReadCounter.table","NW_015090842.1:9851899",49,109,60
"SLC22A31","s1337_F_GON_01_ASEReadCounter.table","NW_015090842.1:9852139",44,121,77
"SLC22A31","s1337_F_GON_01_ASEReadCounter.table","NW_015090842.1:9852380",54,128,74
"SLC22A31","s1337_F_GON_01_ASEReadCounter.table","NW_015090842.1:9852431",29,80,51
"SLC22A31","s1337_F_GON_01_ASEReadCounter.table","NW_015090842.1:9852630",32,82,50
"SLC22A31","s1337_F_GON_01_ASEReadCounter.table","NW_015090842.1:9852711",18,73,55
"SLC22A31","s1337_F_GON_01_ASEReadCounter.table","NW_015090842.1:9853099",20,71,51
"SLC22A31","s1337_F_GON_01_ASEReadCounter.table","NW_015090842.1:9853102",20,72,52
"SLC22A31","s1337_F_GON_01_ASEReadCounter.table","NW_015090842.1:9853421",21,22,1
"SLC22A31","s1337_F_GON_01_ASEReadCounter.table","NW_015090842.1:9853457",26,27,1
"SLC22A31","s1337_F_GON_01_ASEReadCounter.table","NW_015090842.1:9853502",19,19,0
"ANKRD11","s1337_F_GON_01_ASEReadCounter.table","NW_015090842.1:9858863",3,4,1
"ANKRD11","s1337_F_GON_01_ASEReadCounter.table","NW_015090842.1:9859101",32,65,33
"ANKRD11","s1337_F_GON_01_ASEReadCounter.table","NW_015090842.1:9859352",31,80,49
"ANKRD11","s1337_F_GON_01_ASEReadCounter.table","NW_015090842.1:9859381",14,48,34
"ANKRD11","s1337_F_GON_01_ASEReadCounter.table","NW_015090842.1:9859679",32,55,23
"ANKRD11","s1337_F_GON_01_ASEReadCounter.table","NW_015090842.1:9861097",23,50,27
"ANKRD11","s1337_F_GON_01_ASEReadCounter.table","NW_015090842.1:9862571",12,31,19
"ANKRD11","s1337_F_GON_01_ASEReadCounter.table","NW_015090842.1:9862652",9,13,4
"ANKRD11","s1337_F_GON_01_ASEReadCounter.table","NW_015090842.1:9866071",0,11,11
"ANKRD11","s1337_F_GON_01_ASEReadCounter.table","NW_015090842.1:9866200",0,16,16
"ANKRD11","s1337_F_GON_01_ASEReadCounter.table","NW_015090842.1:9867391",5,10,5
"ANKRD11","s1337_F_GON_01_ASEReadCounter.table","NW_015090842.1:9867472",5,13,8
"ANKRD11","s1337_F_GON_01_ASEReadCounter.table","NW_015090842.1:9867559",11,15,4
"ANKRD11","s1337_F_GON_01_ASEReadCounter.table","NW_015090842.1:9867667",12,21,9
"ANKRD11","s1337_F_GON_01_ASEReadCounter.table","NW_015090842.1:9867934",7,13,6
"ANKRD11","s1337_F_GON_01_ASEReadCounter.table","NW_015090842.1:9868064",10,18,8
"ANKRD11","s1337_F_GON_01_ASEReadCounter.table","NW_015090842.1:9868093",7,15,8
"ANKRD11","s1337_F_GON_01_ASEReadCounter.table","NW_015090842.1:9868222",7,17,10
"ANKRD11","s1337_F_GON_01_ASEReadCounter.table","NW_015090842.1:9868327",16,26,10
"ANKRD11","s1337_F_GON_01_ASEReadCounter.table","NW_015090842.1:9868414",17,25,8
"ANKRD11","s1337_F_GON_01_ASEReadCounter.table","NW_015090842.1:9868441",15,25,10
"ANKRD11","s1337_F_GON_01_ASEReadCounter.table","NW_015090842.1:9868444",16,27,11
"ANKRD11","s1337_F_GON_01_ASEReadCounter.table","NW_015090842.1:9868519",6,19,13
"ANKRD11","s1337_F_GON_01_ASEReadCounter.table","NW_015090842.1:9868609",8,18,10
"ANKRD11","s1337_F_GON_01_ASEReadCounter.table","NW_015090842.1:9868666",0,9,9
"ANKRD11","s1337_F_GON_01_ASEReadCounter.table","NW_015090842.1:9868738",18,22,4
"ANKRD11","s1337_F_GON_01_ASEReadCounter.table","NW_015090842.1:9869431",14,22,8
"ANKRD11","s1337_F_GON_01_ASEReadCounter.table","NW_015090842.1:9869578",20,38,18
"ANKRD11","s1337_F_GON_01_ASEReadCounter.table","NW_015090842.1:9869734",12,35,23
"ANKRD11","s1337_F_GON_01_ASEReadCounter.table","NW_015090842.1:9870070",21,39,18
"ANKRD11","s1337_F_GON_01_ASEReadCounter.table","NW_015090842.1:9870349",13,25,12
"ANKRD11","s1337_F_GON_01_ASEReadCounter.table","NW_015090842.1:9870604",16,26,10
"ANKRD11","s1337_F_GON_01_ASEReadCounter.table","NW_015090842.1:9870613",20,31,11
"ANKRD11","s1337_F_GON_01_ASEReadCounter.table","NW_015090842.1:9870685",23,41,18
"ANKRD11","s1337_F_GON_01_ASEReadCounter.table","NW_015090842.1:9870760",22,45,23
"ANKRD11","s1337_F_GON_01_ASEReadCounter.table","NW_015090842.1:9870847",28,45,17
"ANKRD11","s1337_F_GON_01_ASEReadCounter.table","NW_015090842.1:9871103",20,33,13
"ANKRD11","s1337_F_GON_01_ASEReadCounter.table","NW_015090842.1:9871165",14,29,15
"ANKRD11","s1337_F_GON_01_ASEReadCounter.table","NW_015090842.1:9871508",3,11,8
"ANKRD11","s1337_F_GON_01_ASEReadCounter.table","NW_015090842.1:9871820",6,14,8
"ANKRD11","s1337_F_GON_01_ASEReadCounter.table","NW_015090842.1:9872118",5,12,7
"ANKRD11","s1337_F_GON_01_ASEReadCounter.table","NW_015090842.1:9877406",1,3,2
"SPG7","s1337_F_GON_01_ASEReadCounter.table","NW_015090842.1:10051190",44,130,86
"SPG7","s1337_F_GON_01_ASEReadCounter.table","NW_015090842.1:10051218",50,160,110
"SPG7","s1337_F_GON_01_ASEReadCounter.table","NW_015090842.1:10052348",71,193,122
"SPG7","s1337_F_GON_01_ASEReadCounter.table","NW_015090842.1:10052366",72,203,131
"SPG7","s1337_F_GON_01_ASEReadCounter.table","NW_015090842.1:10065173",150,323,173
"SPG7","s1337_F_GON_01_ASEReadCounter.table","NW_015090842.1:10065215",133,282,149
"SPG7","s1337_F_GON_01_ASEReadCounter.table","NW_015090842.1:10066365",108,251,143
"SPG7","s1337_F_GON_01_ASEReadCounter.table","NW_015090842.1:10069752",127,314,187
"SPG7","s1337_F_GON_01_ASEReadCounter.table","NW_015090842.1:10069800",135,332,197
"SPG7","s1337_F_GON_01_ASEReadCounter.table","NW_015090842.1:10071192",159,413,254
"SPG7","s1337_F_GON_01_ASEReadCounter.table","NW_015090842.1:10071219",148,386,238
"SPG7","s1337_F_GON_01_ASEReadCounter.table","NW_015090842.1:10071967",147,365,218
"SPG7","s1337_F_GON_01_ASEReadCounter.table","NW_015090842.1:10075109",235,546,311
"SPG7","s1337_F_GON_01_ASEReadCounter.table","NW_015090842.1:10075114",242,538,296
"SPG7","s1337_F_GON_01_ASEReadCounter.table","NW_015090842.1:10075198",221,503,282
"SPG7","s1337_F_GON_01_ASEReadCounter.table","NW_015090842.1:10075487",172,452,280
"SPG7","s1337_F_GON_01_ASEReadCounter.table","NW_015090842.1:10075488",172,459,287
"SPG7","s1337_F_GON_01_ASEReadCounter.table","NW_015090842.1:10075548",142,338,196
"RPL13","s1337_F_GON_01_ASEReadCounter.table","NW_015090842.1:10077387",567,1239,672
"RPL13","s1337_F_GON_01_ASEReadCounter.table","NW_015090842.1:10077978",846,1884,1038
"RPL13","s1337_F_GON_01_ASEReadCounter.table","NW_015090842.1:10077992",817,1791,974
"CPNE7","s1337_F_GON_01_ASEReadCounter.table","NW_015090842.1:10084856",1,1,0
"CPNE7","s1337_F_GON_01_ASEReadCounter.table","NW_015090842.1:10084872",1,2,1
"CPNE7","s1337_F_GON_01_ASEReadCounter.table","NW_015090842.1:10084892",1,2,1
"CPNE7","s1337_F_GON_01_ASEReadCounter.table","NW_015090842.1:10084921",2,3,1
"CPNE7","s1337_F_GON_01_ASEReadCounter.table","NW_015090842.1:10084935",2,3,1
"CPNE7","s1337_F_GON_01_ASEReadCounter.table","NW_015090842.1:10085000",3,4,1
"CPNE7","s1337_F_GON_01_ASEReadCounter.table","NW_015090842.1:10085089",1,2,1
"CPNE7","s1337_F_GON_01_ASEReadCounter.table","NW_015090842.1:10085096",1,3,2
"CPNE7","s1337_F_GON_01_ASEReadCounter.table","NW_015090842.1:10085126",1,3,2
"CPNE7","s1337_F_GON_01_ASEReadCounter.table","NW_015090842.1:10085167",1,2,1
"CPNE7","s1337_F_GON_01_ASEReadCounter.table","NW_015090842.1:10085180",1,2,1
"CPNE7","s1337_F_GON_01_ASEReadCounter.table","NW_015090842.1:10085201",1,1,0
"CPNE7","s1337_F_GON_01_ASEReadCounter.table","NW_015090842.1:10088134",2,3,1
"CPNE7","s1337_F_GON_01_ASEReadCounter.table","NW_015090842.1:10088146",2,3,1
"CPNE7","s1337_F_GON_01_ASEReadCounter.table","NW_015090842.1:10088806",3,5,2
"CPNE7","s1337_F_GON_01_ASEReadCounter.table","NW_015090842.1:10088940",4,5,1
"CPNE7","s1337_F_GON_01_ASEReadCounter.table","NW_015090842.1:10088965",5,6,1
"CPNE7","s1337_F_GON_01_ASEReadCounter.table","NW_015090842.1:10088967",5,6,1
"CPNE7","s1337_F_GON_01_ASEReadCounter.table","NW_015090842.1:10088973",5,6,1
"CPNE7","s1337_F_GON_01_ASEReadCounter.table","NW_015090842.1:10090924",3,7,4
"CPNE7","s1337_F_GON_01_ASEReadCounter.table","NW_015090842.1:10090930",3,8,5
"CPNE7","s1337_F_GON_01_ASEReadCounter.table","NW_015090842.1:10091075",6,11,5
"CPNE7","s1337_F_GON_01_ASEReadCounter.table","NW_015090842.1:10091389",1,5,4
"CPNE7","s1337_F_GON_01_ASEReadCounter.table","NW_015090842.1:10091407",3,8,5
"CPNE7","s1337_F_GON_01_ASEReadCounter.table","NW_015090842.1:10091488",5,8,3
"CPNE7","s1337_F_GON_01_ASEReadCounter.table","NW_015090842.1:10091491",5,8,3
"CPNE7","s1337_F_GON_01_ASEReadCounter.table","NW_015090842.1:10091530",3,8,5
"CPNE7","s1337_F_GON_01_ASEReadCounter.table","NW_015090842.1:10091875",4,10,6
"CPNE7","s1337_F_GON_01_ASEReadCounter.table","NW_015090842.1:10091983",5,8,3
"CPNE7","s1337_F_GON_01_ASEReadCounter.table","NW_015090842.1:10091997",4,7,3
"CPNE7","s1337_F_GON_01_ASEReadCounter.table","NW_015090842.1:10092038",3,5,2
"CPNE7","s1337_F_GON_01_ASEReadCounter.table","NW_015090842.1:10092140",2,8,6
"CPNE7","s1337_F_GON_01_ASEReadCounter.table","NW_015090842.1:10092183",3,6,3
"CPNE7","s1337_F_GON_01_ASEReadCounter.table","NW_015090842.1:10092201",2,5,3
"CPNE7","s1337_F_GON_01_ASEReadCounter.table","NW_015090842.1:10092230",2,4,2
"CPNE7","s1337_F_GON_01_ASEReadCounter.table","NW_015090842.1:10092246",0,2,2
"LOC106888185","s1337_F_GON_01_ASEReadCounter.table","NW_015090842.1:10094965",1,12,11
"LOC106888185","s1337_F_GON_01_ASEReadCounter.table","NW_015090842.1:10094966",1,12,11
"LOC106888185","s1337_F_GON_01_ASEReadCounter.table","NW_015090842.1:10094985",1,14,13
"LOC106888185","s1337_F_GON_01_ASEReadCounter.table","NW_015090842.1:10095055",0,13,13
"LOC106888185","s1337_F_GON_01_ASEReadCounter.table","NW_015090842.1:10095062",0,7,7
"LOC106888185","s1337_F_GON_01_ASEReadCounter.table","NW_015090842.1:10095130",3,17,14
"LOC106888185","s1337_F_GON_01_ASEReadCounter.table","NW_015090842.1:10095265",38,77,39
"LOC106888185","s1337_F_GON_01_ASEReadCounter.table","NW_015090842.1:10095586",27,76,49
"LOC106888185","s1337_F_GON_01_ASEReadCounter.table","NW_015090842.1:10095593",26,72,46
"LOC106888185","s1337_F_GON_01_ASEReadCounter.table","NW_015090842.1:10095616",21,62,41
"LOC106888185","s1337_F_GON_01_ASEReadCounter.table","NW_015090842.1:10095662",17,50,33
"LOC106888185","s1337_F_GON_01_ASEReadCounter.table","NW_015090842.1:10095674",15,46,31
"LOC106888185","s1337_F_GON_01_ASEReadCounter.table","NW_015090842.1:10095786",18,50,32
"LOC106888185","s1337_F_GON_01_ASEReadCounter.table","NW_015090842.1:10095831",23,58,35
"LOC106888185","s1337_F_GON_01_ASEReadCounter.table","NW_015090842.1:10096230",23,62,39
"LOC106888185","s1337_F_GON_01_ASEReadCounter.table","NW_015090842.1:10096249",30,64,34
"LOC106888185","s1337_F_GON_01_ASEReadCounter.table","NW_015090842.1:10096272",30,69,39
"LOC106888185","s1337_F_GON_01_ASEReadCounter.table","NW_015090842.1:10096288",30,65,35
"LOC106888185","s1337_F_GON_01_ASEReadCounter.table","NW_015090842.1:10097248",33,68,35
"LOC106888185","s1337_F_GON_01_ASEReadCounter.table","NW_015090842.1:10097265",39,87,48
"LOC106888185","s1337_F_GON_01_ASEReadCounter.table","NW_015090842.1:10097446",1,3,2
"DPEP1","s1337_F_GON_01_ASEReadCounter.table","NW_015090842.1:10098017",1,8,7
"DPEP1","s1337_F_GON_01_ASEReadCounter.table","NW_015090842.1:10098518",0,12,12
"DPEP1","s1337_F_GON_01_ASEReadCounter.table","NW_015090842.1:10098595",1,11,10
"DPEP1","s1337_F_GON_01_ASEReadCounter.table","NW_015090842.1:10098597",1,10,9
"DPEP1","s1337_F_GON_01_ASEReadCounter.table","NW_015090842.1:10098601",1,10,9
"DPEP1","s1337_F_GON_01_ASEReadCounter.table","NW_015090842.1:10098608",1,9,8
"DPEP1","s1337_F_GON_01_ASEReadCounter.table","NW_015090842.1:10098630",1,7,6
"DPEP1","s1337_F_GON_01_ASEReadCounter.table","NW_015090842.1:10098659",1,7,6
"DPEP1","s1337_F_GON_01_ASEReadCounter.table","NW_015090842.1:10099765",4,20,16
"DPEP1","s1337_F_GON_01_ASEReadCounter.table","NW_015090842.1:10099985",5,19,14
"DPEP1","s1337_F_GON_01_ASEReadCounter.table","NW_015090842.1:10099986",5,18,13
"DPEP1","s1337_F_GON_01_ASEReadCounter.table","NW_015090842.1:10099991",5,19,14
"DPEP1","s1337_F_GON_01_ASEReadCounter.table","NW_015090842.1:10100044",7,23,16
"DPEP1","s1337_F_GON_01_ASEReadCounter.table","NW_015090842.1:10100045",7,23,16
"DPEP1","s1337_F_GON_01_ASEReadCounter.table","NW_015090842.1:10100084",6,20,14
"DPEP1","s1337_F_GON_01_ASEReadCounter.table","NW_015090842.1:10100295",6,25,19
"DPEP1","s1337_F_GON_01_ASEReadCounter.table","NW_015090842.1:10100529",6,22,16
"DPEP1","s1337_F_GON_01_ASEReadCounter.table","NW_015090842.1:10100893",8,31,23
"DPEP1","s1337_F_GON_01_ASEReadCounter.table","NW_015090842.1:10100902",8,31,23
"DPEP1","s1337_F_GON_01_ASEReadCounter.table","NW_015090842.1:10101072",7,28,21
"DPEP1","s1337_F_GON_01_ASEReadCounter.table","NW_015090842.1:10101199",5,20,15
"DPEP1","s1337_F_GON_01_ASEReadCounter.table","NW_015090842.1:10101483",7,27,20
"DPEP1","s1337_F_GON_01_ASEReadCounter.table","NW_015090842.1:10101497",7,28,21
"DPEP1","s1337_F_GON_01_ASEReadCounter.table","NW_015090842.1:10101525",6,26,20
"DPEP1","s1337_F_GON_01_ASEReadCounter.table","NW_015090842.1:10101875",7,25,18
"DPEP1","s1337_F_GON_01_ASEReadCounter.table","NW_015090842.1:10101913",6,19,13
"DPEP1","s1337_F_GON_01_ASEReadCounter.table","NW_015090842.1:10101996",5,13,8
"DPEP1","s1337_F_GON_01_ASEReadCounter.table","NW_015090842.1:10102014",3,9,6
"DPEP1","s1337_F_GON_01_ASEReadCounter.table","NW_015090842.1:10102035",3,8,5
"CHMP1A","s1337_F_GON_01_ASEReadCounter.table","NW_015090842.1:10102901",95,243,148
"CHMP1A","s1337_F_GON_01_ASEReadCounter.table","NW_015090842.1:10102961",71,251,180
"CHMP1A","s1337_F_GON_01_ASEReadCounter.table","NW_015090842.1:10102996",68,253,185
"CHMP1A","s1337_F_GON_01_ASEReadCounter.table","NW_015090842.1:10103004",77,262,185
"CHMP1A","s1337_F_GON_01_ASEReadCounter.table","NW_015090842.1:10103006",77,267,190
"CHMP1A","s1337_F_GON_01_ASEReadCounter.table","NW_015090842.1:10103052",125,340,215
"CHMP1A","s1337_F_GON_01_ASEReadCounter.table","NW_015090842.1:10103095",119,329,210
"CHMP1A","s1337_F_GON_01_ASEReadCounter.table","NW_015090842.1:10103096",122,330,208
"CHMP1A","s1337_F_GON_01_ASEReadCounter.table","NW_015090842.1:10103152",87,222,135
"CHMP1A","s1337_F_GON_01_ASEReadCounter.table","NW_015090842.1:10103173",95,223,128
"CHMP1A","s1337_F_GON_01_ASEReadCounter.table","NW_015090842.1:10103334",76,160,84
"CHMP1A","s1337_F_GON_01_ASEReadCounter.table","NW_015090842.1:10103373",36,131,95
"CHMP1A","s1337_F_GON_01_ASEReadCounter.table","NW_015090842.1:10103408",69,179,110
"CHMP1A","s1337_F_GON_01_ASEReadCounter.table","NW_015090842.1:10103412",70,173,103
"CHMP1A","s1337_F_GON_01_ASEReadCounter.table","NW_015090842.1:10103512",87,209,122
"CHMP1A","s1337_F_GON_01_ASEReadCounter.table","NW_015090842.1:10103513",85,204,119
"CHMP1A","s1337_F_GON_01_ASEReadCounter.table","NW_015090842.1:10103583",63,151,88
"CHMP1A","s1337_F_GON_01_ASEReadCounter.table","NW_015090842.1:10103614",76,164,88
"CHMP1A","s1337_F_GON_01_ASEReadCounter.table","NW_015090842.1:10103657",81,172,91
"CHMP1A","s1337_F_GON_01_ASEReadCounter.table","NW_015090842.1:10103669",74,164,90
"CHMP1A","s1337_F_GON_01_ASEReadCounter.table","NW_015090842.1:10103674",71,154,83
"CHMP1A","s1337_F_GON_01_ASEReadCounter.table","NW_015090842.1:10103677",68,149,81
"CHMP1A","s1337_F_GON_01_ASEReadCounter.table","NW_015090842.1:10103729",76,162,86
"CHMP1A","s1337_F_GON_01_ASEReadCounter.table","NW_015090842.1:10103758",58,133,75
"CHMP1A","s1337_F_GON_01_ASEReadCounter.table","NW_015090842.1:10103761",61,140,79
"CHMP1A","s1337_F_GON_01_ASEReadCounter.table","NW_015090842.1:10103788",69,169,100
"CHMP1A","s1337_F_GON_01_ASEReadCounter.table","NW_015090842.1:10103789",70,171,101
"CHMP1A","s1337_F_GON_01_ASEReadCounter.table","NW_015090842.1:10103790",67,168,101
"CHMP1A","s1337_F_GON_01_ASEReadCounter.table","NW_015090842.1:10103950",89,164,75
"CHMP1A","s1337_F_GON_01_ASEReadCounter.table","NW_015090842.1:10104335",42,93,51
"CHMP1A","s1337_F_GON_01_ASEReadCounter.table","NW_015090842.1:10104429",71,137,66
"CHMP1A","s1337_F_GON_01_ASEReadCounter.table","NW_015090842.1:10104532",73,139,66
"CHMP1A","s1337_F_GON_01_ASEReadCounter.table","NW_015090842.1:10104633",48,103,55
"CHMP1A","s1337_F_GON_01_ASEReadCounter.table","NW_015090842.1:10104759",49,103,54
"CHMP1A","s1337_F_GON_01_ASEReadCounter.table","NW_015090842.1:10104794",56,109,53
"CHMP1A","s1337_F_GON_01_ASEReadCounter.table","NW_015090842.1:10104841",47,90,43
"CHMP1A","s1337_F_GON_01_ASEReadCounter.table","NW_015090842.1:10104844",39,85,46
"CHMP1A","s1337_F_GON_01_ASEReadCounter.table","NW_015090842.1:10106242",60,123,63
"CHMP1A","s1337_F_GON_01_ASEReadCounter.table","NW_015090842.1:10106290",52,108,56
"CHMP1A","s1337_F_GON_01_ASEReadCounter.table","NW_015090842.1:10106335",58,117,59
"CHMP1A","s1337_F_GON_01_ASEReadCounter.table","NW_015090842.1:10106383",73,169,96
"CHMP1A","s1337_F_GON_01_ASEReadCounter.table","NW_015090842.1:10106747",60,141,81
"CHMP1A","s1337_F_GON_01_ASEReadCounter.table","NW_015090842.1:10107404",54,124,70
"CHMP1A","s1337_F_GON_01_ASEReadCounter.table","NW_015090842.1:10107876",53,103,50
"CDK10","s1337_F_GON_01_ASEReadCounter.table","NW_015090842.1:10109030",7,9,2
"CDK10","s1337_F_GON_01_ASEReadCounter.table","NW_015090842.1:10109963",57,124,67
"CDK10","s1337_F_GON_01_ASEReadCounter.table","NW_015090842.1:10110887",60,128,68
"CDK10","s1337_F_GON_01_ASEReadCounter.table","NW_015090842.1:10111254",46,107,61
"CDK10","s1337_F_GON_01_ASEReadCounter.table","NW_015090842.1:10111380",54,133,79
"CDK10","s1337_F_GON_01_ASEReadCounter.table","NW_015090842.1:10111395",56,131,75
"CDK10","s1337_F_GON_01_ASEReadCounter.table","NW_015090842.1:10111437",32,108,76
"CDK10","s1337_F_GON_01_ASEReadCounter.table","NW_015090842.1:10111798",61,132,71
"CDK10","s1337_F_GON_01_ASEReadCounter.table","NW_015090842.1:10111840",54,121,67
"CDK10","s1337_F_GON_01_ASEReadCounter.table","NW_015090842.1:10112031",72,151,79
"CDK10","s1337_F_GON_01_ASEReadCounter.table","NW_015090842.1:10112285",75,178,103
"CDK10","s1337_F_GON_01_ASEReadCounter.table","NW_015090842.1:10112398",80,189,109
"CDK10","s1337_F_GON_01_ASEReadCounter.table","NW_015090842.1:10112455",71,174,103
"CDK10","s1337_F_GON_01_ASEReadCounter.table","NW_015090842.1:10112461",64,162,98
"CDK10","s1337_F_GON_01_ASEReadCounter.table","NW_015090842.1:10112497",46,124,78
"CDK10","s1337_F_GON_01_ASEReadCounter.table","NW_015090842.1:10112508",39,118,79
"CDK10","s1337_F_GON_01_ASEReadCounter.table","NW_015090842.1:10112518",29,100,71
"CDK10","s1337_F_GON_01_ASEReadCounter.table","NW_015090842.1:10112540",19,95,76
"CDK10","s1337_F_GON_01_ASEReadCounter.table","NW_015090842.1:10112556",52,124,72
"CDK10","s1337_F_GON_01_ASEReadCounter.table","NW_015090842.1:10112561",52,131,79
"CDK10","s1337_F_GON_01_ASEReadCounter.table","NW_015090842.1:10112596",62,144,82
"CDK10","s1337_F_GON_01_ASEReadCounter.table","NW_015090842.1:10112630",55,134,79
"CDK10","s1337_F_GON_01_ASEReadCounter.table","NW_015090842.1:10112656",55,135,80
"CDK10","s1337_F_GON_01_ASEReadCounter.table","NW_015090842.1:10112665",48,109,61
"CDK10","s1337_F_GON_01_ASEReadCounter.table","NW_015090842.1:10112668",46,104,58
"CDK10","s1337_F_GON_01_ASEReadCounter.table","NW_015090842.1:10112781",28,60,32
"CDK10","s1337_F_GON_01_ASEReadCounter.table","NW_015090842.1:10112782",28,60,32
"CDK10","s1337_F_GON_01_ASEReadCounter.table","NW_015090842.1:10112795",26,55,29
"CDK10","s1337_F_GON_01_ASEReadCounter.table","NW_015090842.1:10112841",12,19,7
"CDK10","s1337_F_GON_01_ASEReadCounter.table","NW_015090842.1:10112861",9,15,6
"SPATA2L","s1337_F_GON_01_ASEReadCounter.table","NW_015090842.1:10113212",16,23,7
"SPATA2L","s1337_F_GON_01_ASEReadCounter.table","NW_015090842.1:10113280",20,37,17
"SPATA2L","s1337_F_GON_01_ASEReadCounter.table","NW_015090842.1:10113296",20,37,17
"SPATA2L","s1337_F_GON_01_ASEReadCounter.table","NW_015090842.1:10113321",15,33,18
"SPATA2L","s1337_F_GON_01_ASEReadCounter.table","NW_015090842.1:10113332",14,34,20
"SPATA2L","s1337_F_GON_01_ASEReadCounter.table","NW_015090842.1:10113380",15,39,24
"SPATA2L","s1337_F_GON_01_ASEReadCounter.table","NW_015090842.1:10113381",15,39,24
"SPATA2L","s1337_F_GON_01_ASEReadCounter.table","NW_015090842.1:10113412",16,41,25
"SPATA2L","s1337_F_GON_01_ASEReadCounter.table","NW_015090842.1:10113421",14,41,27
"SPATA2L","s1337_F_GON_01_ASEReadCounter.table","NW_015090842.1:10113465",17,37,20
"SPATA2L","s1337_F_GON_01_ASEReadCounter.table","NW_015090842.1:10113535",22,32,10
"SPATA2L","s1337_F_GON_01_ASEReadCounter.table","NW_015090842.1:10113645",22,48,26
"SPATA2L","s1337_F_GON_01_ASEReadCounter.table","NW_015090842.1:10113682",24,62,38
"SPATA2L","s1337_F_GON_01_ASEReadCounter.table","NW_015090842.1:10113696",21,55,34
"SPATA2L","s1337_F_GON_01_ASEReadCounter.table","NW_015090842.1:10113727",24,61,37
"SPATA2L","s1337_F_GON_01_ASEReadCounter.table","NW_015090842.1:10113799",23,53,30
"SPATA2L","s1337_F_GON_01_ASEReadCounter.table","NW_015090842.1:10113809",25,54,29
"SPATA2L","s1337_F_GON_01_ASEReadCounter.table","NW_015090842.1:10113827",23,54,31
"SPATA2L","s1337_F_GON_01_ASEReadCounter.table","NW_015090842.1:10113831",23,54,31
"SPATA2L","s1337_F_GON_01_ASEReadCounter.table","NW_015090842.1:10113894",14,38,24
"SPATA2L","s1337_F_GON_01_ASEReadCounter.table","NW_015090842.1:10113905",9,28,19
"SPATA2L","s1337_F_GON_01_ASEReadCounter.table","NW_015090842.1:10113914",9,29,20
"SPATA2L","s1337_F_GON_01_ASEReadCounter.table","NW_015090842.1:10113920",9,29,20
"SPATA2L","s1337_F_GON_01_ASEReadCounter.table","NW_015090842.1:10113937",14,35,21
"SPATA2L","s1337_F_GON_01_ASEReadCounter.table","NW_015090842.1:10113971",13,33,20
"SPATA2L","s1337_F_GON_01_ASEReadCounter.table","NW_015090842.1:10113976",9,32,23
"SPATA2L","s1337_F_GON_01_ASEReadCounter.table","NW_015090842.1:10113985",9,27,18
"SPATA2L","s1337_F_GON_01_ASEReadCounter.table","NW_015090842.1:10113994",10,34,24
"SPATA2L","s1337_F_GON_01_ASEReadCounter.table","NW_015090842.1:10114063",13,34,21
"SPATA2L","s1337_F_GON_01_ASEReadCounter.table","NW_015090842.1:10114066",13,35,22
"SPATA2L","s1337_F_GON_01_ASEReadCounter.table","NW_015090842.1:10114069",13,36,23
"SPATA2L","s1337_F_GON_01_ASEReadCounter.table","NW_015090842.1:10114121",11,22,11
"SPATA2L","s1337_F_GON_01_ASEReadCounter.table","NW_015090842.1:10114159",11,24,13
"SPATA2L","s1337_F_GON_01_ASEReadCounter.table","NW_015090842.1:10114282",30,30,0
"SPATA2L","s1337_F_GON_01_ASEReadCounter.table","NW_015090842.1:10114470",7,16,9
"SPATA2L","s1337_F_GON_01_ASEReadCounter.table","NW_015090842.1:10114524",8,13,5
"VPS9D1","s1337_F_GON_01_ASEReadCounter.table","NW_015090842.1:10116377",3,7,4
"VPS9D1","s1337_F_GON_01_ASEReadCounter.table","NW_015090842.1:10116415",3,7,4
"VPS9D1","s1337_F_GON_01_ASEReadCounter.table","NW_015090842.1:10116607",2,7,5
"VPS9D1","s1337_F_GON_01_ASEReadCounter.table","NW_015090842.1:10116816",6,8,2
"VPS9D1","s1337_F_GON_01_ASEReadCounter.table","NW_015090842.1:10116821",2,7,5
"VPS9D1","s1337_F_GON_01_ASEReadCounter.table","NW_015090842.1:10116825",2,7,5
"VPS9D1","s1337_F_GON_01_ASEReadCounter.table","NW_015090842.1:10116882",3,10,7
"VPS9D1","s1337_F_GON_01_ASEReadCounter.table","NW_015090842.1:10116885",3,10,7
"VPS9D1","s1337_F_GON_01_ASEReadCounter.table","NW_015090842.1:10116933",3,10,7
"VPS9D1","s1337_F_GON_01_ASEReadCounter.table","NW_015090842.1:10116942",4,11,7
"VPS9D1","s1337_F_GON_01_ASEReadCounter.table","NW_015090842.1:10117152",2,11,9
"VPS9D1","s1337_F_GON_01_ASEReadCounter.table","NW_015090842.1:10117396",0,4,4
"VPS9D1","s1337_F_GON_01_ASEReadCounter.table","NW_015090842.1:10117405",0,4,4
"VPS9D1","s1337_F_GON_01_ASEReadCounter.table","NW_015090842.1:10117480",3,4,1
"VPS9D1","s1337_F_GON_01_ASEReadCounter.table","NW_015090842.1:10117497",1,2,1
"VPS9D1","s1337_F_GON_01_ASEReadCounter.table","NW_015090842.1:10117499",1,3,2
"VPS9D1","s1337_F_GON_01_ASEReadCounter.table","NW_015090842.1:10117516",1,7,6
"VPS9D1","s1337_F_GON_01_ASEReadCounter.table","NW_015090842.1:10117525",1,7,6
"VPS9D1","s1337_F_GON_01_ASEReadCounter.table","NW_015090842.1:10117579",2,9,7
"VPS9D1","s1337_F_GON_01_ASEReadCounter.table","NW_015090842.1:10117627",2,5,3
"VPS9D1","s1337_F_GON_01_ASEReadCounter.table","NW_015090842.1:10117678",1,6,5
"VPS9D1","s1337_F_GON_01_ASEReadCounter.table","NW_015090842.1:10117773",5,8,3
"VPS9D1","s1337_F_GON_01_ASEReadCounter.table","NW_015090842.1:10117937",2,5,3
"VPS9D1","s1337_F_GON_01_ASEReadCounter.table","NW_015090842.1:10117961",0,3,3
"VPS9D1","s1337_F_GON_01_ASEReadCounter.table","NW_015090842.1:10118236",0,7,7
"VPS9D1","s1337_F_GON_01_ASEReadCounter.table","NW_015090842.1:10118414",0,5,5
"VPS9D1","s1337_F_GON_01_ASEReadCounter.table","NW_015090842.1:10118973",2,8,6
"VPS9D1","s1337_F_GON_01_ASEReadCounter.table","NW_015090842.1:10119500",4,9,5
"ZNF276","s1337_F_GON_01_ASEReadCounter.table","NW_015090842.1:10121760",3,8,5
"ZNF276","s1337_F_GON_01_ASEReadCounter.table","NW_015090842.1:10121769",3,8,5
"ZNF276","s1337_F_GON_01_ASEReadCounter.table","NW_015090842.1:10121802",4,10,6
"ZNF276","s1337_F_GON_01_ASEReadCounter.table","NW_015090842.1:10121971",6,12,6
"ZNF276","s1337_F_GON_01_ASEReadCounter.table","NW_015090842.1:10122883",9,15,6
"ZNF276","s1337_F_GON_01_ASEReadCounter.table","NW_015090842.1:10123069",4,9,5
"ZNF276","s1337_F_GON_01_ASEReadCounter.table","NW_015090842.1:10123207",5,14,9
"ZNF276","s1337_F_GON_01_ASEReadCounter.table","NW_015090842.1:10125787",13,30,17
"ZNF276","s1337_F_GON_01_ASEReadCounter.table","NW_015090842.1:10126309",6,20,14
"ZNF276","s1337_F_GON_01_ASEReadCounter.table","NW_015090842.1:10126348",9,26,17
"ZNF276","s1337_F_GON_01_ASEReadCounter.table","NW_015090842.1:10126978",9,21,12
"ZNF276","s1337_F_GON_01_ASEReadCounter.table","NW_015090842.1:10126991",7,20,13
"ZNF276","s1337_F_GON_01_ASEReadCounter.table","NW_015090842.1:10127023",10,25,15
"ZNF276","s1337_F_GON_01_ASEReadCounter.table","NW_015090842.1:10127063",10,27,17
"ZNF276","s1337_F_GON_01_ASEReadCounter.table","NW_015090842.1:10127373",7,26,19
"ZNF276","s1337_F_GON_01_ASEReadCounter.table","NW_015090842.1:10127931",23,51,28
"ZNF276","s1337_F_GON_01_ASEReadCounter.table","NW_015090842.1:10128070",19,41,22
"ZNF276","s1337_F_GON_01_ASEReadCounter.table","NW_015090842.1:10128102",15,35,20
"ZNF276","s1337_F_GON_01_ASEReadCounter.table","NW_015090842.1:10128356",21,52,31
"ZNF276","s1337_F_GON_01_ASEReadCounter.table","NW_015090842.1:10128497",19,38,19
"FANCA","s1337_F_GON_01_ASEReadCounter.table","NW_015090842.1:10128743",30,53,23
"FANCA","s1337_F_GON_01_ASEReadCounter.table","NW_015090842.1:10128822",38,63,25
"FANCA","s1337_F_GON_01_ASEReadCounter.table","NW_015090842.1:10129383",56,77,21
"FANCA","s1337_F_GON_01_ASEReadCounter.table","NW_015090842.1:10129390",55,78,23
"FANCA","s1337_F_GON_01_ASEReadCounter.table","NW_015090842.1:10129422",55,74,19
"FANCA","s1337_F_GON_01_ASEReadCounter.table","NW_015090842.1:10129969",26,45,19
"FANCA","s1337_F_GON_01_ASEReadCounter.table","NW_015090842.1:10130399",28,48,20
"FANCA","s1337_F_GON_01_ASEReadCounter.table","NW_015090842.1:10130857",21,37,16
"FANCA","s1337_F_GON_01_ASEReadCounter.table","NW_015090842.1:10130878",17,31,14
"FANCA","s1337_F_GON_01_ASEReadCounter.table","NW_015090842.1:10133530",10,18,8
"FANCA","s1337_F_GON_01_ASEReadCounter.table","NW_015090842.1:10133533",11,19,8
"FANCA","s1337_F_GON_01_ASEReadCounter.table","NW_015090842.1:10133536",11,22,11
"FANCA","s1337_F_GON_01_ASEReadCounter.table","NW_015090842.1:10133601",12,33,21
"FANCA","s1337_F_GON_01_ASEReadCounter.table","NW_015090842.1:10134492",12,27,15
"FANCA","s1337_F_GON_01_ASEReadCounter.table","NW_015090842.1:10134531",12,27,15
"FANCA","s1337_F_GON_01_ASEReadCounter.table","NW_015090842.1:10136957",9,19,10
"FANCA","s1337_F_GON_01_ASEReadCounter.table","NW_015090842.1:10136982",4,14,10
"FANCA","s1337_F_GON_01_ASEReadCounter.table","NW_015090842.1:10136999",3,11,8
"FANCA","s1337_F_GON_01_ASEReadCounter.table","NW_015090842.1:10137019",9,18,9
"FANCA","s1337_F_GON_01_ASEReadCounter.table","NW_015090842.1:10137673",15,28,13
"FANCA","s1337_F_GON_01_ASEReadCounter.table","NW_015090842.1:10138618",11,12,1
"FANCA","s1337_F_GON_01_ASEReadCounter.table","NW_015090842.1:10139140",2,2,0
"FANCA","s1337_F_GON_01_ASEReadCounter.table","NW_015090842.1:10140699",1,6,5
"FANCA","s1337_F_GON_01_ASEReadCounter.table","NW_015090842.1:10141234",1,5,4
"FANCA","s1337_F_GON_01_ASEReadCounter.table","NW_015090842.1:10145030",2,4,2
"FANCA","s1337_F_GON_01_ASEReadCounter.table","NW_015090842.1:10150518",0,2,2
"FANCA","s1337_F_GON_01_ASEReadCounter.table","NW_015090842.1:10152863",5,7,2
"FANCA","s1337_F_GON_01_ASEReadCounter.table","NW_015090842.1:10154490",2,3,1
"FANCA","s1337_F_GON_01_ASEReadCounter.table","NW_015090842.1:10158162",2,3,1
"FANCA","s1337_F_GON_01_ASEReadCounter.table","NW_015090842.1:10158957",0,2,2
"FANCA","s1337_F_GON_01_ASEReadCounter.table","NW_015090842.1:10160177",5,6,1
"FANCA","s1337_F_GON_01_ASEReadCounter.table","NW_015090842.1:10162980",3,6,3
"FANCA","s1337_F_GON_01_ASEReadCounter.table","NW_015090842.1:10163667",2,5,3
"FANCA","s1337_F_GON_01_ASEReadCounter.table","NW_015090842.1:10164257",0,2,2
"FANCA","s1337_F_GON_01_ASEReadCounter.table","NW_015090842.1:10165331",0,1,1
"SPIRE2","s1337_F_GON_01_ASEReadCounter.table","NW_015090842.1:10172284",4,4,0
"SPIRE2","s1337_F_GON_01_ASEReadCounter.table","NW_015090842.1:10175262",9,9,0
"SPIRE2","s1337_F_GON_01_ASEReadCounter.table","NW_015090842.1:10175352",4,4,0
"SPIRE2","s1337_F_GON_01_ASEReadCounter.table","NW_015090842.1:10175400",14,14,0
"SPIRE2","s1337_F_GON_01_ASEReadCounter.table","NW_015090842.1:10175418",17,17,0
"SPIRE2","s1337_F_GON_01_ASEReadCounter.table","NW_015090842.1:10175704",16,17,1
"SPIRE2","s1337_F_GON_01_ASEReadCounter.table","NW_015090842.1:10176115",8,8,0
"SPIRE2","s1337_F_GON_01_ASEReadCounter.table","NW_015090842.1:10176561",14,14,0
"SPIRE2","s1337_F_GON_01_ASEReadCounter.table","NW_015090842.1:10176817",20,22,2
"SPIRE2","s1337_F_GON_01_ASEReadCounter.table","NW_015090842.1:10177084",7,10,3
"SPIRE2","s1337_F_GON_01_ASEReadCounter.table","NW_015090842.1:10177110",10,10,0
"SPIRE2","s1337_F_GON_01_ASEReadCounter.table","NW_015090842.1:10177838",20,23,3
"SPIRE2","s1337_F_GON_01_ASEReadCounter.table","NW_015090842.1:10178000",17,20,3
"SPIRE2","s1337_F_GON_01_ASEReadCounter.table","NW_015090842.1:10178164",11,11,0
"SPIRE2","s1337_F_GON_01_ASEReadCounter.table","NW_015090842.1:10178216",19,20,1
"SPIRE2","s1337_F_GON_01_ASEReadCounter.table","NW_015090842.1:10178403",13,13,0
"SPIRE2","s1337_F_GON_01_ASEReadCounter.table","NW_015090842.1:10178409",13,13,0
"SPIRE2","s1337_F_GON_01_ASEReadCounter.table","NW_015090842.1:10178524",12,13,1
"SPIRE2","s1337_F_GON_01_ASEReadCounter.table","NW_015090842.1:10178526",12,13,1
"SPIRE2","s1337_F_GON_01_ASEReadCounter.table","NW_015090842.1:10178531",12,13,1
"SPIRE2","s1337_F_GON_01_ASEReadCounter.table","NW_015090842.1:10178565",9,10,1
"SPIRE2","s1337_F_GON_01_ASEReadCounter.table","NW_015090842.1:10178587",7,7,0
"SPIRE2","s1337_F_GON_01_ASEReadCounter.table","NW_015090842.1:10178640",3,4,1
"SPIRE2","s1337_F_GON_01_ASEReadCounter.table","NW_015090842.1:10178651",4,5,1
"SPIRE2","s1337_F_GON_01_ASEReadCounter.table","NW_015090842.1:10178682",4,5,1
"TCF25","s1337_F_GON_01_ASEReadCounter.table","NW_015090842.1:10180912",29,78,49
"TCF25","s1337_F_GON_01_ASEReadCounter.table","NW_015090842.1:10180924",30,78,48
"TCF25","s1337_F_GON_01_ASEReadCounter.table","NW_015090842.1:10180931",32,82,50
"TCF25","s1337_F_GON_01_ASEReadCounter.table","NW_015090842.1:10185332",105,212,107
"TCF25","s1337_F_GON_01_ASEReadCounter.table","NW_015090842.1:10188816",75,164,89
"MC1R","s1337_F_GON_01_ASEReadCounter.table","NW_015090842.1:10202160",1,1,0
"MC1R","s1337_F_GON_01_ASEReadCounter.table","NW_015090842.1:10202460",0,1,1
"MC1R","s1337_F_GON_01_ASEReadCounter.table","NW_015090842.1:10202465",0,1,1
"DBNDD1","s1337_F_GON_01_ASEReadCounter.table","NW_015090842.1:10223105",154,276,122
"GAS8","s1337_F_GON_01_ASEReadCounter.table","NW_015090842.1:10228982",627,1289,662
"GAS8","s1337_F_GON_01_ASEReadCounter.table","NW_015090842.1:10229832",607,1210,603
"GAS8","s1337_F_GON_01_ASEReadCounter.table","NW_015090842.1:10232375",594,1269,675
"GAS8","s1337_F_GON_01_ASEReadCounter.table","NW_015090842.1:10232901",484,933,449
"GAS8","s1337_F_GON_01_ASEReadCounter.table","NW_015090842.1:10232928",418,795,377
"GAS8","s1337_F_GON_01_ASEReadCounter.table","NW_015090842.1:10232967",330,646,316
"GAS8","s1337_F_GON_01_ASEReadCounter.table","NW_015090842.1:10233032",192,402,210
"GAS8","s1337_F_GON_01_ASEReadCounter.table","NW_015090842.1:10233057",165,335,170
"GAS8","s1337_F_GON_01_ASEReadCounter.table","NW_015090842.1:10233058",166,339,173
"GAS8","s1337_F_GON_01_ASEReadCounter.table","NW_015090842.1:10233176",128,265,137
"GAS8","s1337_F_GON_01_ASEReadCounter.table","NW_015090842.1:10233196",128,264,136
"GAS8","s1337_F_GON_01_ASEReadCounter.table","NW_015090842.1:10233252",97,197,100
"GAS8","s1337_F_GON_01_ASEReadCounter.table","NW_015090842.1:10233303",37,73,36
"LOC106888094","s1337_F_GON_01_ASEReadCounter.table","NW_015090842.1:10233334",3,12,9
"LOC106888094","s1337_F_GON_01_ASEReadCounter.table","NW_015090842.1:10233362",11,22,11
"LOC106888094","s1337_F_GON_01_ASEReadCounter.table","NW_015090842.1:10233373",12,27,15
"LOC106888094","s1337_F_GON_01_ASEReadCounter.table","NW_015090842.1:10233388",13,30,17
"LOC106888094","s1337_F_GON_01_ASEReadCounter.table","NW_015090842.1:10233402",15,32,17
"LOC106888094","s1337_F_GON_01_ASEReadCounter.table","NW_015090842.1:10233465",16,47,31
"LOC106888094","s1337_F_GON_01_ASEReadCounter.table","NW_015090842.1:10233803",30,65,35
"LOC106888094","s1337_F_GON_01_ASEReadCounter.table","NW_015090842.1:10233815",25,54,29
"LOC106888094","s1337_F_GON_01_ASEReadCounter.table","NW_015090842.1:10235484",17,24,7
"LOC106888094","s1337_F_GON_01_ASEReadCounter.table","NW_015090842.1:10235611",13,26,13
"LOC106888094","s1337_F_GON_01_ASEReadCounter.table","NW_015090842.1:10236098",7,12,5
"LOC106888094","s1337_F_GON_01_ASEReadCounter.table","NW_015090842.1:10236161",3,9,6
"LOC106888094","s1337_F_GON_01_ASEReadCounter.table","NW_015090842.1:10236380",1,5,4
"LOC106888094","s1337_F_GON_01_ASEReadCounter.table","NW_015090842.1:10236388",2,5,3
"LOC106888094","s1337_F_GON_01_ASEReadCounter.table","NW_015090842.1:10236425",2,6,4
"LOC106888094","s1337_F_GON_01_ASEReadCounter.table","NW_015090842.1:10236426",2,6,4
"LOC106888094","s1337_F_GON_01_ASEReadCounter.table","NW_015090842.1:10236603",2,5,3
"LOC106888173","s1337_F_GON_01_ASEReadCounter.table","NW_015090842.1:10239596",2,11,9
"LOC106888173","s1337_F_GON_01_ASEReadCounter.table","NW_015090842.1:10240036",2,12,10
"LOC106888173","s1337_F_GON_01_ASEReadCounter.table","NW_015090842.1:10240095",6,21,15
"LOC106888173","s1337_F_GON_01_ASEReadCounter.table","NW_015090842.1:10240280",7,33,26
"LOC106888173","s1337_F_GON_01_ASEReadCounter.table","NW_015090842.1:10240557",14,43,29
"LOC106888173","s1337_F_GON_01_ASEReadCounter.table","NW_015090842.1:10240603",15,51,36
"LOC106888173","s1337_F_GON_01_ASEReadCounter.table","NW_015090842.1:10240609",15,52,37
"LOC106888173","s1337_F_GON_01_ASEReadCounter.table","NW_015090842.1:10240690",11,37,26
"LOC106888173","s1337_F_GON_01_ASEReadCounter.table","NW_015090842.1:10240924",10,30,20
"LOC106888173","s1337_F_GON_01_ASEReadCounter.table","NW_015090842.1:10241037",3,30,27
"LOC106888173","s1337_F_GON_01_ASEReadCounter.table","NW_015090842.1:10241046",5,33,28
"LOC106888173","s1337_F_GON_01_ASEReadCounter.table","NW_015090842.1:10241058",6,39,33
"LOC106888173","s1337_F_GON_01_ASEReadCounter.table","NW_015090842.1:10241064",9,41,32
"LOC106888173","s1337_F_GON_01_ASEReadCounter.table","NW_015090842.1:10241103",35,52,17
"LOC106888173","s1337_F_GON_01_ASEReadCounter.table","NW_015090842.1:10241163",15,42,27
"LOC106888173","s1337_F_GON_01_ASEReadCounter.table","NW_015090842.1:10241803",17,51,34
"LOC106888173","s1337_F_GON_01_ASEReadCounter.table","NW_015090842.1:10241827",15,47,32
"LOC106888173","s1337_F_GON_01_ASEReadCounter.table","NW_015090842.1:10241869",20,51,31
"LOC106888173","s1337_F_GON_01_ASEReadCounter.table","NW_015090842.1:10242079",18,45,27
"LOC106888173","s1337_F_GON_01_ASEReadCounter.table","NW_015090842.1:10242103",13,38,25
"LOC106888173","s1337_F_GON_01_ASEReadCounter.table","NW_015090842.1:10242157",16,43,27
"LOC106888173","s1337_F_GON_01_ASEReadCounter.table","NW_015090842.1:10242455",23,59,36
"LOC106888173","s1337_F_GON_01_ASEReadCounter.table","NW_015090842.1:10242481",20,59,39
"LOC106888173","s1337_F_GON_01_ASEReadCounter.table","NW_015090842.1:10242590",19,56,37
"LOC106888173","s1337_F_GON_01_ASEReadCounter.table","NW_015090842.1:10242794",21,60,39
"LOC106888173","s1337_F_GON_01_ASEReadCounter.table","NW_015090842.1:10242909",16,54,38
"LOC106888173","s1337_F_GON_01_ASEReadCounter.table","NW_015090842.1:10243094",20,60,40
"LOC106888173","s1337_F_GON_01_ASEReadCounter.table","NW_015090842.1:10243133",17,58,41
"LOC106888173","s1337_F_GON_01_ASEReadCounter.table","NW_015090842.1:10243273",26,86,60
"LOC106888173","s1337_F_GON_01_ASEReadCounter.table","NW_015090842.1:10243278",27,86,59
"LOC106888173","s1337_F_GON_01_ASEReadCounter.table","NW_015090842.1:10243281",30,88,58
"LOC106888173","s1337_F_GON_01_ASEReadCounter.table","NW_015090842.1:10243347",43,44,1
"LOC106888173","s1337_F_GON_01_ASEReadCounter.table","NW_015090842.1:10243353",21,42,21
"LOC106888173","s1337_F_GON_01_ASEReadCounter.table","NW_015090842.1:10243363",18,33,15
"LOC106888173","s1337_F_GON_01_ASEReadCounter.table","NW_015090842.1:10243365",16,32,16
"LOC106888173","s1337_F_GON_01_ASEReadCounter.table","NW_015090842.1:10243566",34,81,47
"LOC106888173","s1337_F_GON_01_ASEReadCounter.table","NW_015090842.1:10243605",30,87,57
"LOC106888173","s1337_F_GON_01_ASEReadCounter.table","NW_015090842.1:10243614",24,80,56
"LOC106888173","s1337_F_GON_01_ASEReadCounter.table","NW_015090842.1:10243615",24,81,57
"LOC106888173","s1337_F_GON_01_ASEReadCounter.table","NW_015090842.1:10243640",20,74,54
"LOC106888173","s1337_F_GON_01_ASEReadCounter.table","NW_015090842.1:10243680",25,69,44
"LOC106888173","s1337_F_GON_01_ASEReadCounter.table","NW_015090842.1:10243742",33,88,55
"LOC106888173","s1337_F_GON_01_ASEReadCounter.table","NW_015090842.1:10243804",24,61,37
"LOC106888173","s1337_F_GON_01_ASEReadCounter.table","NW_015090842.1:10243913",8,23,15
"LOC106888173","s1337_F_GON_01_ASEReadCounter.table","NW_015090842.1:10243921",8,22,14
"LOC106888384","s1337_F_GON_01_ASEReadCounter.table","NW_015090842.1:10244714",2,2,0
"LOC106888384","s1337_F_GON_01_ASEReadCounter.table","NW_015090842.1:10244942",3,5,2
"LOC106888384","s1337_F_GON_01_ASEReadCounter.table","NW_015090842.1:10244998",2,4,2
"LOC106888384","s1337_F_GON_01_ASEReadCounter.table","NW_015090842.1:10250743",3,10,7
"LOC106888384","s1337_F_GON_01_ASEReadCounter.table","NW_015090842.1:10250771",5,14,9
"LOC106888384","s1337_F_GON_01_ASEReadCounter.table","NW_015090842.1:10251339",7,7,0
"LOC106888384","s1337_F_GON_01_ASEReadCounter.table","NW_015090842.1:10251343",6,6,0
"LOC106888384","s1337_F_GON_01_ASEReadCounter.table","NW_015090842.1:10251344",6,6,0
"LOC106888384","s1337_F_GON_01_ASEReadCounter.table","NW_015090842.1:10251349",7,7,0
"LOC106888384","s1337_F_GON_01_ASEReadCounter.table","NW_015090842.1:10251354",6,8,2
"LOC106888384","s1337_F_GON_01_ASEReadCounter.table","NW_015090842.1:10251358",6,8,2
"LOC106888384","s1337_F_GON_01_ASEReadCounter.table","NW_015090842.1:10251369",1,6,5
"LOC106888384","s1337_F_GON_01_ASEReadCounter.table","NW_015090842.1:10251370",5,7,2
"LOC106888384","s1337_F_GON_01_ASEReadCounter.table","NW_015090842.1:10251375",4,6,2
"LOC106888384","s1337_F_GON_01_ASEReadCounter.table","NW_015090842.1:10251388",1,3,2
"LOC106888384","s1337_F_GON_01_ASEReadCounter.table","NW_015090842.1:10251390",1,2,1
"LOC106888384","s1337_F_GON_01_ASEReadCounter.table","NW_015090842.1:10251393",0,1,1
"LOC106888384","s1337_F_GON_01_ASEReadCounter.table","NW_015090842.1:10251399",0,1,1
"LOC106888384","s1337_F_GON_01_ASEReadCounter.table","NW_015090842.1:10253165",6,12,6
"LOC106888384","s1337_F_GON_01_ASEReadCounter.table","NW_015090842.1:10253284",4,12,8
"LOC106888384","s1337_F_GON_01_ASEReadCounter.table","NW_015090842.1:10254028",7,13,6
"LOC106888384","s1337_F_GON_01_ASEReadCounter.table","NW_015090842.1:10254227",6,13,7
"LOC106888384","s1337_F_GON_01_ASEReadCounter.table","NW_015090842.1:10254233",6,13,7
"LOC106888384","s1337_F_GON_01_ASEReadCounter.table","NW_015090842.1:10254263",7,19,12
"LOC106888384","s1337_F_GON_01_ASEReadCounter.table","NW_015090842.1:10254293",9,20,11
"LOC106888384","s1337_F_GON_01_ASEReadCounter.table","NW_015090842.1:10254570",8,21,13
"LOC106888384","s1337_F_GON_01_ASEReadCounter.table","NW_015090842.1:10254605",14,14,0
"LOC106888384","s1337_F_GON_01_ASEReadCounter.table","NW_015090842.1:10254608",14,14,0
"LOC106888384","s1337_F_GON_01_ASEReadCounter.table","NW_015090842.1:10254618",10,10,0
"LOC106888384","s1337_F_GON_01_ASEReadCounter.table","NW_015090842.1:10254620",8,8,0
"LOC106888384","s1337_F_GON_01_ASEReadCounter.table","NW_015090842.1:10254623",8,8,0
"LOC106888384","s1337_F_GON_01_ASEReadCounter.table","NW_015090842.1:10254624",7,7,0
"LOC106888384","s1337_F_GON_01_ASEReadCounter.table","NW_015090842.1:10254627",10,10,0
"LOC106888384","s1337_F_GON_01_ASEReadCounter.table","NW_015090842.1:10254629",10,10,0
"LOC106888384","s1337_F_GON_01_ASEReadCounter.table","NW_015090842.1:10254647",3,6,3
"LOC106888384","s1337_F_GON_01_ASEReadCounter.table","NW_015090842.1:10254663",2,5,3
"LOC106888384","s1337_F_GON_01_ASEReadCounter.table","NW_015090842.1:10254840",1,4,3
"LOC106888384","s1337_F_GON_01_ASEReadCounter.table","NW_015090842.1:10254891",9,9,0
"LOC106888384","s1337_F_GON_01_ASEReadCounter.table","NW_015090842.1:10254900",3,9,6
"LOC106888384","s1337_F_GON_01_ASEReadCounter.table","NW_015090842.1:10254915",2,8,6
"LOC106888384","s1337_F_GON_01_ASEReadCounter.table","NW_015090842.1:10254965",5,5,0
"LOC106888384","s1337_F_GON_01_ASEReadCounter.table","NW_015090842.1:10254975",2,6,4
"LOC106888384","s1337_F_GON_01_ASEReadCounter.table","NW_015090842.1:10255077",6,11,5
"LOC106888384","s1337_F_GON_01_ASEReadCounter.table","NW_015090842.1:10255117",5,9,4
"LOC106888384","s1337_F_GON_01_ASEReadCounter.table","NW_015090842.1:10255138",2,6,4
"LOC106888384","s1337_F_GON_01_ASEReadCounter.table","NW_015090842.1:10255139",2,6,4
"LOC106888384","s1337_F_GON_01_ASEReadCounter.table","NW_015090842.1:10255209",5,11,6
"LOC106888384","s1337_F_GON_01_ASEReadCounter.table","NW_015090842.1:10255211",5,12,7
"LOC106888384","s1337_F_GON_01_ASEReadCounter.table","NW_015090842.1:10255236",5,12,7
"LOC106888384","s1337_F_GON_01_ASEReadCounter.table","NW_015090842.1:10255262",4,13,9
"LOC106888384","s1337_F_GON_01_ASEReadCounter.table","NW_015090842.1:10255264",4,13,9
"LOC106888384","s1337_F_GON_01_ASEReadCounter.table","NW_015090842.1:10255306",3,12,9
"LOC106888384","s1337_F_GON_01_ASEReadCounter.table","NW_015090842.1:10255340",3,16,13
"LOC106888384","s1337_F_GON_01_ASEReadCounter.table","NW_015090842.1:10255410",5,16,11
"LOC106888384","s1337_F_GON_01_ASEReadCounter.table","NW_015090842.1:10255449",6,13,7
"LOC106888384","s1337_F_GON_01_ASEReadCounter.table","NW_015090842.1:10255496",4,9,5
"LOC106888384","s1337_F_GON_01_ASEReadCounter.table","NW_015090842.1:10255505",4,8,4
"LOC106888384","s1337_F_GON_01_ASEReadCounter.table","NW_015090842.1:10255531",5,13,8
"LOC106888384","s1337_F_GON_01_ASEReadCounter.table","NW_015090842.1:10255608",4,20,16
"LOC106888384","s1337_F_GON_01_ASEReadCounter.table","NW_015090842.1:10255704",103,118,15
"LOC106888384","s1337_F_GON_01_ASEReadCounter.table","NW_015090842.1:10255731",116,129,13
"LOC106888384","s1337_F_GON_01_ASEReadCounter.table","NW_015090842.1:10255771",91,107,16
"TANGO6","s1337_F_GON_01_ASEReadCounter.table","NW_015090842.1:10257782",31,41,10
"TANGO6","s1337_F_GON_01_ASEReadCounter.table","NW_015090842.1:10258162",15,25,10
"TANGO6","s1337_F_GON_01_ASEReadCounter.table","NW_015090842.1:10258185",14,30,16
"TANGO6","s1337_F_GON_01_ASEReadCounter.table","NW_015090842.1:10259267",20,38,18
"TANGO6","s1337_F_GON_01_ASEReadCounter.table","NW_015090842.1:10260250",41,79,38
"TANGO6","s1337_F_GON_01_ASEReadCounter.table","NW_015090842.1:10260289",36,78,42
"TANGO6","s1337_F_GON_01_ASEReadCounter.table","NW_015090842.1:10260309",27,61,34
"TANGO6","s1337_F_GON_01_ASEReadCounter.table","NW_015090842.1:10260979",31,65,34
"TANGO6","s1337_F_GON_01_ASEReadCounter.table","NW_015090842.1:10261599",36,68,32
"TANGO6","s1337_F_GON_01_ASEReadCounter.table","NW_015090842.1:10268425",47,101,54
"TANGO6","s1337_F_GON_01_ASEReadCounter.table","NW_015090842.1:10269831",30,79,49
"TANGO6","s1337_F_GON_01_ASEReadCounter.table","NW_015090842.1:10270813",39,83,44
"TANGO6","s1337_F_GON_01_ASEReadCounter.table","NW_015090842.1:10274018",12,19,7
"TANGO6","s1337_F_GON_01_ASEReadCounter.table","NW_015090842.1:10275974",6,11,5
"TANGO6","s1337_F_GON_01_ASEReadCounter.table","NW_015090842.1:10275976",6,11,5
"TANGO6","s1337_F_GON_01_ASEReadCounter.table","NW_015090842.1:10276123",9,16,7
"TANGO6","s1337_F_GON_01_ASEReadCounter.table","NW_015090842.1:10276271",7,16,9
"TANGO6","s1337_F_GON_01_ASEReadCounter.table","NW_015090842.1:10276272",7,16,9
"TANGO6","s1337_F_GON_01_ASEReadCounter.table","NW_015090842.1:10276275",8,17,9
"TANGO6","s1337_F_GON_01_ASEReadCounter.table","NW_015090842.1:10276278",9,18,9
"TANGO6","s1337_F_GON_01_ASEReadCounter.table","NW_015090842.1:10276368",6,10,4
"TANGO6","s1337_F_GON_01_ASEReadCounter.table","NW_015090842.1:10276373",6,10,4
"TANGO6","s1337_F_GON_01_ASEReadCounter.table","NW_015090842.1:10276630",8,22,14
"TANGO6","s1337_F_GON_01_ASEReadCounter.table","NW_015090842.1:10281498",24,41,17
"TANGO6","s1337_F_GON_01_ASEReadCounter.table","NW_015090842.1:10281516",24,44,20
"TANGO6","s1337_F_GON_01_ASEReadCounter.table","NW_015090842.1:10282842",18,28,10
"TANGO6","s1337_F_GON_01_ASEReadCounter.table","NW_015090842.1:10282863",14,24,10
"TANGO6","s1337_F_GON_01_ASEReadCounter.table","NW_015090842.1:10282869",17,28,11
"TANGO6","s1337_F_GON_01_ASEReadCounter.table","NW_015090842.1:10282903",14,28,14
"TANGO6","s1337_F_GON_01_ASEReadCounter.table","NW_015090842.1:10283757",23,37,14
"TANGO6","s1337_F_GON_01_ASEReadCounter.table","NW_015090842.1:10283785",20,32,12
"HAS3","s1337_F_GON_01_ASEReadCounter.table","NW_015090842.1:10288093",0,1,1
"HAS3","s1337_F_GON_01_ASEReadCounter.table","NW_015090842.1:10288266",0,1,1
"HAS3","s1337_F_GON_01_ASEReadCounter.table","NW_015090842.1:10288274",0,1,1
"HAS3","s1337_F_GON_01_ASEReadCounter.table","NW_015090842.1:10288364",1,4,3
"HAS3","s1337_F_GON_01_ASEReadCounter.table","NW_015090842.1:10289269",0,4,4
"HAS3","s1337_F_GON_01_ASEReadCounter.table","NW_015090842.1:10289272",0,4,4
"HAS3","s1337_F_GON_01_ASEReadCounter.table","NW_015090842.1:10289469",0,4,4
"HAS3","s1337_F_GON_01_ASEReadCounter.table","NW_015090842.1:10290375",0,4,4
"HAS3","s1337_F_GON_01_ASEReadCounter.table","NW_015090842.1:10290395",0,4,4
"HAS3","s1337_F_GON_01_ASEReadCounter.table","NW_015090842.1:10290439",7,7,0
"HAS3","s1337_F_GON_01_ASEReadCounter.table","NW_015090842.1:10290561",0,3,3
"HAS3","s1337_F_GON_01_ASEReadCounter.table","NW_015090842.1:10290609",0,9,9
"HAS3","s1337_F_GON_01_ASEReadCounter.table","NW_015090842.1:10290666",1,8,7
"HAS3","s1337_F_GON_01_ASEReadCounter.table","NW_015090842.1:10290723",1,6,5
"HAS3","s1337_F_GON_01_ASEReadCounter.table","NW_015090842.1:10290927",3,8,5
"HAS3","s1337_F_GON_01_ASEReadCounter.table","NW_015090842.1:10291004",1,7,6
"CHTF8","s1337_F_GON_01_ASEReadCounter.table","NW_015090842.1:10291319",10,21,11
"CHTF8","s1337_F_GON_01_ASEReadCounter.table","NW_015090842.1:10291491",48,77,29
"CHTF8","s1337_F_GON_01_ASEReadCounter.table","NW_015090842.1:10291520",52,84,32
"CHTF8","s1337_F_GON_01_ASEReadCounter.table","NW_015090842.1:10291593",68,110,42
"CHTF8","s1337_F_GON_01_ASEReadCounter.table","NW_015090842.1:10291600",63,104,41
"CHTF8","s1337_F_GON_01_ASEReadCounter.table","NW_015090842.1:10291609",63,99,36
"CHTF8","s1337_F_GON_01_ASEReadCounter.table","NW_015090842.1:10291639",71,110,39
"CHTF8","s1337_F_GON_01_ASEReadCounter.table","NW_015090842.1:10291641",68,108,40
"CHTF8","s1337_F_GON_01_ASEReadCounter.table","NW_015090842.1:10291648",77,117,40
"CHTF8","s1337_F_GON_01_ASEReadCounter.table","NW_015090842.1:10291656",81,115,34
"CHTF8","s1337_F_GON_01_ASEReadCounter.table","NW_015090842.1:10291675",77,107,30
"CHTF8","s1337_F_GON_01_ASEReadCounter.table","NW_015090842.1:10291696",73,100,27
"CHTF8","s1337_F_GON_01_ASEReadCounter.table","NW_015090842.1:10291714",69,104,35
"CHTF8","s1337_F_GON_01_ASEReadCounter.table","NW_015090842.1:10291732",76,121,45
"CHTF8","s1337_F_GON_01_ASEReadCounter.table","NW_015090842.1:10291755",57,102,45
"CHTF8","s1337_F_GON_01_ASEReadCounter.table","NW_015090842.1:10291756",59,100,41
"CHTF8","s1337_F_GON_01_ASEReadCounter.table","NW_015090842.1:10291758",58,108,50
"CHTF8","s1337_F_GON_01_ASEReadCounter.table","NW_015090842.1:10291792",69,120,51
"CHTF8","s1337_F_GON_01_ASEReadCounter.table","NW_015090842.1:10291895",63,105,42
"CHTF8","s1337_F_GON_01_ASEReadCounter.table","NW_015090842.1:10292132",57,101,44
"CHTF8","s1337_F_GON_01_ASEReadCounter.table","NW_015090842.1:10292314",64,115,51
"CHTF8","s1337_F_GON_01_ASEReadCounter.table","NW_015090842.1:10292317",64,117,53
"CHTF8","s1337_F_GON_01_ASEReadCounter.table","NW_015090842.1:10292928",12,22,10
"UTP4","s1337_F_GON_01_ASEReadCounter.table","NW_015090842.1:10293146",15,27,12
"UTP4","s1337_F_GON_01_ASEReadCounter.table","NW_015090842.1:10293151",16,28,12
"UTP4","s1337_F_GON_01_ASEReadCounter.table","NW_015090842.1:10293191",10,19,9
"UTP4","s1337_F_GON_01_ASEReadCounter.table","NW_015090842.1:10293362",16,31,15
"UTP4","s1337_F_GON_01_ASEReadCounter.table","NW_015090842.1:10293430",13,30,17
"UTP4","s1337_F_GON_01_ASEReadCounter.table","NW_015090842.1:10293625",12,24,12
"UTP4","s1337_F_GON_01_ASEReadCounter.table","NW_015090842.1:10293684",19,33,14
"UTP4","s1337_F_GON_01_ASEReadCounter.table","NW_015090842.1:10294093",11,29,18
"UTP4","s1337_F_GON_01_ASEReadCounter.table","NW_015090842.1:10294622",15,33,18
"UTP4","s1337_F_GON_01_ASEReadCounter.table","NW_015090842.1:10294632",15,34,19
"UTP4","s1337_F_GON_01_ASEReadCounter.table","NW_015090842.1:10295238",11,31,20
"UTP4","s1337_F_GON_01_ASEReadCounter.table","NW_015090842.1:10295880",8,33,25
"UTP4","s1337_F_GON_01_ASEReadCounter.table","NW_015090842.1:10295884",9,35,26
"UTP4","s1337_F_GON_01_ASEReadCounter.table","NW_015090842.1:10295903",12,34,22
"UTP4","s1337_F_GON_01_ASEReadCounter.table","NW_015090842.1:10295906",12,37,25
"UTP4","s1337_F_GON_01_ASEReadCounter.table","NW_015090842.1:10295915",12,40,28
"UTP4","s1337_F_GON_01_ASEReadCounter.table","NW_015090842.1:10295938",13,41,28
"UTP4","s1337_F_GON_01_ASEReadCounter.table","NW_015090842.1:10296175",15,42,27
"UTP4","s1337_F_GON_01_ASEReadCounter.table","NW_015090842.1:10296660",21,48,27
"UTP4","s1337_F_GON_01_ASEReadCounter.table","NW_015090842.1:10296679",24,53,29
"UTP4","s1337_F_GON_01_ASEReadCounter.table","NW_015090842.1:10297193",38,75,37
"UTP4","s1337_F_GON_01_ASEReadCounter.table","NW_015090842.1:10297220",41,82,41
"UTP4","s1337_F_GON_01_ASEReadCounter.table","NW_015090842.1:10297307",30,80,50
"UTP4","s1337_F_GON_01_ASEReadCounter.table","NW_015090842.1:10297558",41,93,52
"UTP4","s1337_F_GON_01_ASEReadCounter.table","NW_015090842.1:10297943",28,73,45
"UTP4","s1337_F_GON_01_ASEReadCounter.table","NW_015090842.1:10297979",27,69,42
"UTP4","s1337_F_GON_01_ASEReadCounter.table","NW_015090842.1:10298022",19,52,33
"UTP4","s1337_F_GON_01_ASEReadCounter.table","NW_015090842.1:10298079",2,13,11
"UTP4","s1337_F_GON_01_ASEReadCounter.table","NW_015090842.1:10298081",2,12,10
"UTP4","s1337_F_GON_01_ASEReadCounter.table","NW_015090842.1:10298082",1,10,9
"SNTB2","s1337_F_GON_01_ASEReadCounter.table","NW_015090842.1:10298905",3,5,2
"SNTB2","s1337_F_GON_01_ASEReadCounter.table","NW_015090842.1:10298928",3,5,2
"SNTB2","s1337_F_GON_01_ASEReadCounter.table","NW_015090842.1:10303506",6,19,13
"SNTB2","s1337_F_GON_01_ASEReadCounter.table","NW_015090842.1:10303524",6,24,18
"SNTB2","s1337_F_GON_01_ASEReadCounter.table","NW_015090842.1:10304059",8,23,15
"SNTB2","s1337_F_GON_01_ASEReadCounter.table","NW_015090842.1:10304089",10,25,15
"SNTB2","s1337_F_GON_01_ASEReadCounter.table","NW_015090842.1:10304167",13,23,10
"SNTB2","s1337_F_GON_01_ASEReadCounter.table","NW_015090842.1:10304176",13,21,8
"SNTB2","s1337_F_GON_01_ASEReadCounter.table","NW_015090842.1:10305069",10,21,11
"SNTB2","s1337_F_GON_01_ASEReadCounter.table","NW_015090842.1:10305099",8,21,13
"SNTB2","s1337_F_GON_01_ASEReadCounter.table","NW_015090842.1:10305171",14,21,7
"SNTB2","s1337_F_GON_01_ASEReadCounter.table","NW_015090842.1:10305177",13,20,7
"SNTB2","s1337_F_GON_01_ASEReadCounter.table","NW_015090842.1:10305451",8,14,6
"SNTB2","s1337_F_GON_01_ASEReadCounter.table","NW_015090842.1:10305547",8,16,8
"SNTB2","s1337_F_GON_01_ASEReadCounter.table","NW_015090842.1:10305847",6,12,6
"SNTB2","s1337_F_GON_01_ASEReadCounter.table","NW_015090842.1:10306173",10,21,11
"SNTB2","s1337_F_GON_01_ASEReadCounter.table","NW_015090842.1:10306275",14,20,6
"SNTB2","s1337_F_GON_01_ASEReadCounter.table","NW_015090842.1:10306457",11,24,13
"SNTB2","s1337_F_GON_01_ASEReadCounter.table","NW_015090842.1:10306496",15,27,12
"SNTB2","s1337_F_GON_01_ASEReadCounter.table","NW_015090842.1:10306499",13,24,11
"VPS4A","s1337_F_GON_01_ASEReadCounter.table","NW_015090842.1:10308566",63,165,102
"VPS4A","s1337_F_GON_01_ASEReadCounter.table","NW_015090842.1:10308573",68,171,103
"VPS4A","s1337_F_GON_01_ASEReadCounter.table","NW_015090842.1:10308856",85,252,167
"VPS4A","s1337_F_GON_01_ASEReadCounter.table","NW_015090842.1:10309056",112,310,198
"VPS4A","s1337_F_GON_01_ASEReadCounter.table","NW_015090842.1:10309089",130,332,202
"VPS4A","s1337_F_GON_01_ASEReadCounter.table","NW_015090842.1:10309392",125,288,163
"VPS4A","s1337_F_GON_01_ASEReadCounter.table","NW_015090842.1:10309413",143,308,165
"VPS4A","s1337_F_GON_01_ASEReadCounter.table","NW_015090842.1:10309467",135,356,221
"VPS4A","s1337_F_GON_01_ASEReadCounter.table","NW_015090842.1:10310230",142,394,252
"VPS4A","s1337_F_GON_01_ASEReadCounter.table","NW_015090842.1:10310425",152,386,234
"VPS4A","s1337_F_GON_01_ASEReadCounter.table","NW_015090842.1:10310639",176,448,272
"VPS4A","s1337_F_GON_01_ASEReadCounter.table","NW_015090842.1:10310734",165,384,219
"VPS4A","s1337_F_GON_01_ASEReadCounter.table","NW_015090842.1:10310737",163,380,217
"VPS4A","s1337_F_GON_01_ASEReadCounter.table","NW_015090842.1:10310746",168,385,217
"VPS4A","s1337_F_GON_01_ASEReadCounter.table","NW_015090842.1:10310767",174,413,239
"VPS4A","s1337_F_GON_01_ASEReadCounter.table","NW_015090842.1:10310995",219,484,265
"VPS4A","s1337_F_GON_01_ASEReadCounter.table","NW_015090842.1:10311004",221,485,264
"VPS4A","s1337_F_GON_01_ASEReadCounter.table","NW_015090842.1:10311007",211,487,276
"VPS4A","s1337_F_GON_01_ASEReadCounter.table","NW_015090842.1:10311013",235,512,277
"VPS4A","s1337_F_GON_01_ASEReadCounter.table","NW_015090842.1:10311022",204,486,282
"VPS4A","s1337_F_GON_01_ASEReadCounter.table","NW_015090842.1:10311023",203,485,282
"VPS4A","s1337_F_GON_01_ASEReadCounter.table","NW_015090842.1:10311426",220,548,328
"VPS4A","s1337_F_GON_01_ASEReadCounter.table","NW_015090842.1:10311489",3,17,14
"VPS4A","s1337_F_GON_01_ASEReadCounter.table","NW_015090842.1:10311490",4,15,11
"VPS4A","s1337_F_GON_01_ASEReadCounter.table","NW_015090842.1:10311525",10,42,32
"VPS4A","s1337_F_GON_01_ASEReadCounter.table","NW_015090842.1:10311529",11,54,43
"VPS4A","s1337_F_GON_01_ASEReadCounter.table","NW_015090842.1:10311530",11,56,45
"VPS4A","s1337_F_GON_01_ASEReadCounter.table","NW_015090842.1:10311552",35,88,53
"VPS4A","s1337_F_GON_01_ASEReadCounter.table","NW_015090842.1:10311689",29,92,63
"VPS4A","s1337_F_GON_01_ASEReadCounter.table","NW_015090842.1:10311700",37,97,60
"VPS4A","s1337_F_GON_01_ASEReadCounter.table","NW_015090842.1:10311701",36,99,63
"VPS4A","s1337_F_GON_01_ASEReadCounter.table","NW_015090842.1:10311703",36,97,61
"COG8","s1337_F_GON_01_ASEReadCounter.table","NW_015090842.1:10313487",27,58,31
"COG8","s1337_F_GON_01_ASEReadCounter.table","NW_015090842.1:10313559",29,71,42
"COG8","s1337_F_GON_01_ASEReadCounter.table","NW_015090842.1:10313579",26,63,37
"COG8","s1337_F_GON_01_ASEReadCounter.table","NW_015090842.1:10313665",24,68,44
"COG8","s1337_F_GON_01_ASEReadCounter.table","NW_015090842.1:10313681",26,68,42
"COG8","s1337_F_GON_01_ASEReadCounter.table","NW_015090842.1:10313768",21,65,44
"COG8","s1337_F_GON_01_ASEReadCounter.table","NW_015090842.1:10313775",21,67,46
"COG8","s1337_F_GON_01_ASEReadCounter.table","NW_015090842.1:10313811",14,51,37
"COG8","s1337_F_GON_01_ASEReadCounter.table","NW_015090842.1:10313858",17,54,37
"COG8","s1337_F_GON_01_ASEReadCounter.table","NW_015090842.1:10314100",25,78,53
"COG8","s1337_F_GON_01_ASEReadCounter.table","NW_015090842.1:10314213",13,43,30
"COG8","s1337_F_GON_01_ASEReadCounter.table","NW_015090842.1:10315093",10,34,24
"COG8","s1337_F_GON_01_ASEReadCounter.table","NW_015090842.1:10315162",16,40,24
"COG8","s1337_F_GON_01_ASEReadCounter.table","NW_015090842.1:10315285",23,54,31
"COG8","s1337_F_GON_01_ASEReadCounter.table","NW_015090842.1:10315360",13,40,27
"COG8","s1337_F_GON_01_ASEReadCounter.table","NW_015090842.1:10315369",14,39,25
"COG8","s1337_F_GON_01_ASEReadCounter.table","NW_015090842.1:10315504",12,27,15
"COG8","s1337_F_GON_01_ASEReadCounter.table","NW_015090842.1:10315508",12,27,15
"COG8","s1337_F_GON_01_ASEReadCounter.table","NW_015090842.1:10315624",17,39,22
"COG8","s1337_F_GON_01_ASEReadCounter.table","NW_015090842.1:10315693",11,30,19
"COG8","s1337_F_GON_01_ASEReadCounter.table","NW_015090842.1:10315698",6,31,25
"COG8","s1337_F_GON_01_ASEReadCounter.table","NW_015090842.1:10315768",6,20,14
"COG8","s1337_F_GON_01_ASEReadCounter.table","NW_015090842.1:10315769",6,17,11
"COG8","s1337_F_GON_01_ASEReadCounter.table","NW_015090842.1:10315784",3,19,16
"COG8","s1337_F_GON_01_ASEReadCounter.table","NW_015090842.1:10316093",10,28,18
"COG8","s1337_F_GON_01_ASEReadCounter.table","NW_015090842.1:10316133",9,23,14
"NIP7","s1337_F_GON_01_ASEReadCounter.table","NW_015090842.1:10316759",17,32,15
"NIP7","s1337_F_GON_01_ASEReadCounter.table","NW_015090842.1:10316967",116,222,106
"NIP7","s1337_F_GON_01_ASEReadCounter.table","NW_015090842.1:10316995",139,267,128
"NIP7","s1337_F_GON_01_ASEReadCounter.table","NW_015090842.1:10317240",172,338,166
"NIP7","s1337_F_GON_01_ASEReadCounter.table","NW_015090842.1:10317247",170,323,153
"NIP7","s1337_F_GON_01_ASEReadCounter.table","NW_015090842.1:10317264",166,306,140
"NIP7","s1337_F_GON_01_ASEReadCounter.table","NW_015090842.1:10317433",190,387,197
"NIP7","s1337_F_GON_01_ASEReadCounter.table","NW_015090842.1:10317738",153,312,159
"NIP7","s1337_F_GON_01_ASEReadCounter.table","NW_015090842.1:10317769",164,311,147
"NIP7","s1337_F_GON_01_ASEReadCounter.table","NW_015090842.1:10317808",119,225,106
"NIP7","s1337_F_GON_01_ASEReadCounter.table","NW_015090842.1:10317870",87,160,73
"NIP7","s1337_F_GON_01_ASEReadCounter.table","NW_015090842.1:10317871",87,158,71
"NIP7","s1337_F_GON_01_ASEReadCounter.table","NW_015090842.1:10317898",64,115,51
"NIP7","s1337_F_GON_01_ASEReadCounter.table","NW_015090842.1:10317911",57,97,40
"TMED6","s1337_F_GON_01_ASEReadCounter.table","NW_015090842.1:10318731",1,1,0
"TERF2","s1337_F_GON_01_ASEReadCounter.table","NW_015090842.1:10321665",11,20,9
"TERF2","s1337_F_GON_01_ASEReadCounter.table","NW_015090842.1:10321768",66,150,84
"TERF2","s1337_F_GON_01_ASEReadCounter.table","NW_015090842.1:10321777",59,141,82
"TERF2","s1337_F_GON_01_ASEReadCounter.table","NW_015090842.1:10321805",50,159,109
"TERF2","s1337_F_GON_01_ASEReadCounter.table","NW_015090842.1:10321878",63,189,126
"TERF2","s1337_F_GON_01_ASEReadCounter.table","NW_015090842.1:10321893",62,179,117
"TERF2","s1337_F_GON_01_ASEReadCounter.table","NW_015090842.1:10321897",63,165,102
"TERF2","s1337_F_GON_01_ASEReadCounter.table","NW_015090842.1:10321908",53,148,95
"TERF2","s1337_F_GON_01_ASEReadCounter.table","NW_015090842.1:10322001",71,197,126
"TERF2","s1337_F_GON_01_ASEReadCounter.table","NW_015090842.1:10322035",65,166,101
"TERF2","s1337_F_GON_01_ASEReadCounter.table","NW_015090842.1:10322051",64,178,114
"TERF2","s1337_F_GON_01_ASEReadCounter.table","NW_015090842.1:10322137",38,124,86
"TERF2","s1337_F_GON_01_ASEReadCounter.table","NW_015090842.1:10322144",44,124,80
"TERF2","s1337_F_GON_01_ASEReadCounter.table","NW_015090842.1:10322388",34,142,108
"TERF2","s1337_F_GON_01_ASEReadCounter.table","NW_015090842.1:10322396",34,136,102
"TERF2","s1337_F_GON_01_ASEReadCounter.table","NW_015090842.1:10322502",46,137,91
"TERF2","s1337_F_GON_01_ASEReadCounter.table","NW_015090842.1:10322504",49,144,95
"TERF2","s1337_F_GON_01_ASEReadCounter.table","NW_015090842.1:10322510",50,150,100
"TERF2","s1337_F_GON_01_ASEReadCounter.table","NW_015090842.1:10323580",38,108,70
"TERF2","s1337_F_GON_01_ASEReadCounter.table","NW_015090842.1:10324314",33,94,61
"TERF2","s1337_F_GON_01_ASEReadCounter.table","NW_015090842.1:10326832",22,62,40
"TERF2","s1337_F_GON_01_ASEReadCounter.table","NW_015090842.1:10327787",18,46,28
"TERF2","s1337_F_GON_01_ASEReadCounter.table","NW_015090842.1:10328588",26,56,30
"TERF2","s1337_F_GON_01_ASEReadCounter.table","NW_015090842.1:10328644",31,63,32
"TERF2","s1337_F_GON_01_ASEReadCounter.table","NW_015090842.1:10329813",10,29,19
"TERF2","s1337_F_GON_01_ASEReadCounter.table","NW_015090842.1:10330749",8,24,16
"TERF2","s1337_F_GON_01_ASEReadCounter.table","NW_015090842.1:10330789",15,32,17
"CYB5B","s1337_F_GON_01_ASEReadCounter.table","NW_015090842.1:10336595",6,33,27
"CYB5B","s1337_F_GON_01_ASEReadCounter.table","NW_015090842.1:10336667",81,198,117
"CYB5B","s1337_F_GON_01_ASEReadCounter.table","NW_015090842.1:10336689",121,276,155
"CYB5B","s1337_F_GON_01_ASEReadCounter.table","NW_015090842.1:10336728",175,371,196
"CYB5B","s1337_F_GON_01_ASEReadCounter.table","NW_015090842.1:10345068",178,400,222
"CYB5B","s1337_F_GON_01_ASEReadCounter.table","NW_015090842.1:10348800",248,577,329
"CYB5B","s1337_F_GON_01_ASEReadCounter.table","NW_015090842.1:10348888",232,520,288
"CYB5B","s1337_F_GON_01_ASEReadCounter.table","NW_015090842.1:10349046",278,585,307
"CYB5B","s1337_F_GON_01_ASEReadCounter.table","NW_015090842.1:10349119",163,439,276
"CYB5B","s1337_F_GON_01_ASEReadCounter.table","NW_015090842.1:10349146",82,370,288
"CYB5B","s1337_F_GON_01_ASEReadCounter.table","NW_015090842.1:10349157",157,445,288
