"gene","id","snp","ref_count","total_count","alt_count"
"CENPN","s1337_F_RAP_03_ASEReadCounter.table","NW_015090842.1:5801618",1,1,0
"CENPN","s1337_F_RAP_03_ASEReadCounter.table","NW_015090842.1:5801623",1,1,0
"CENPN","s1337_F_RAP_03_ASEReadCounter.table","NW_015090842.1:5801631",1,1,0
"CENPN","s1337_F_RAP_03_ASEReadCounter.table","NW_015090842.1:5801632",1,1,0
"CENPN","s1337_F_RAP_03_ASEReadCounter.table","NW_015090842.1:5801655",1,2,1
"CENPN","s1337_F_RAP_03_ASEReadCounter.table","NW_015090842.1:5801662",1,2,1
"CENPN","s1337_F_RAP_03_ASEReadCounter.table","NW_015090842.1:5801670",1,2,1
"CENPN","s1337_F_RAP_03_ASEReadCounter.table","NW_015090842.1:5801674",1,2,1
"CENPN","s1337_F_RAP_03_ASEReadCounter.table","NW_015090842.1:5801692",1,2,1
"CENPN","s1337_F_RAP_03_ASEReadCounter.table","NW_015090842.1:5801697",1,2,1
"CENPN","s1337_F_RAP_03_ASEReadCounter.table","NW_015090842.1:5802008",5,10,5
"CENPN","s1337_F_RAP_03_ASEReadCounter.table","NW_015090842.1:5802012",5,10,5
"CENPN","s1337_F_RAP_03_ASEReadCounter.table","NW_015090842.1:5802087",6,12,6
"CENPN","s1337_F_RAP_03_ASEReadCounter.table","NW_015090842.1:5810113",14,14,0
"CENPN","s1337_F_RAP_03_ASEReadCounter.table","NW_015090842.1:5810147",25,25,0
"CENPN","s1337_F_RAP_03_ASEReadCounter.table","NW_015090842.1:5810148",24,24,0
"ATMIN","s1337_F_RAP_03_ASEReadCounter.table","NW_015090842.1:5818789",1,5,4
"ATMIN","s1337_F_RAP_03_ASEReadCounter.table","NW_015090842.1:5819958",2,8,6
"ATMIN","s1337_F_RAP_03_ASEReadCounter.table","NW_015090842.1:5820004",2,4,2
"ATMIN","s1337_F_RAP_03_ASEReadCounter.table","NW_015090842.1:5820217",2,9,7
"ATMIN","s1337_F_RAP_03_ASEReadCounter.table","NW_015090842.1:5820250",1,8,7
"ATMIN","s1337_F_RAP_03_ASEReadCounter.table","NW_015090842.1:5820298",2,8,6
"ATMIN","s1337_F_RAP_03_ASEReadCounter.table","NW_015090842.1:5820417",5,10,5
"ATMIN","s1337_F_RAP_03_ASEReadCounter.table","NW_015090842.1:5820421",4,8,4
"ATMIN","s1337_F_RAP_03_ASEReadCounter.table","NW_015090842.1:5820448",4,10,6
"ATMIN","s1337_F_RAP_03_ASEReadCounter.table","NW_015090842.1:5820457",4,11,7
"ATMIN","s1337_F_RAP_03_ASEReadCounter.table","NW_015090842.1:5820510",2,6,4
"ATMIN","s1337_F_RAP_03_ASEReadCounter.table","NW_015090842.1:5820673",6,10,4
"ATMIN","s1337_F_RAP_03_ASEReadCounter.table","NW_015090842.1:5820754",6,8,2
"ATMIN","s1337_F_RAP_03_ASEReadCounter.table","NW_015090842.1:5820820",5,7,2
"ATMIN","s1337_F_RAP_03_ASEReadCounter.table","NW_015090842.1:5820865",5,7,2
"ATMIN","s1337_F_RAP_03_ASEReadCounter.table","NW_015090842.1:5820889",3,6,3
"ATMIN","s1337_F_RAP_03_ASEReadCounter.table","NW_015090842.1:5820891",3,6,3
"ATMIN","s1337_F_RAP_03_ASEReadCounter.table","NW_015090842.1:5820997",4,9,5
"ATMIN","s1337_F_RAP_03_ASEReadCounter.table","NW_015090842.1:5821063",8,14,6
"ATMIN","s1337_F_RAP_03_ASEReadCounter.table","NW_015090842.1:5821132",7,19,12
"ATMIN","s1337_F_RAP_03_ASEReadCounter.table","NW_015090842.1:5821645",15,23,8
"ATMIN","s1337_F_RAP_03_ASEReadCounter.table","NW_015090842.1:5825066",13,26,13
"ATMIN","s1337_F_RAP_03_ASEReadCounter.table","NW_015090842.1:5825106",9,23,14
"ATMIN","s1337_F_RAP_03_ASEReadCounter.table","NW_015090842.1:5825122",8,24,16
"ATMIN","s1337_F_RAP_03_ASEReadCounter.table","NW_015090842.1:5825178",8,25,17
"ATMIN","s1337_F_RAP_03_ASEReadCounter.table","NW_015090842.1:5825194",6,22,16
"ATMIN","s1337_F_RAP_03_ASEReadCounter.table","NW_015090842.1:5825195",5,21,16
"ATMIN","s1337_F_RAP_03_ASEReadCounter.table","NW_015090842.1:5825220",5,18,13
"ATMIN","s1337_F_RAP_03_ASEReadCounter.table","NW_015090842.1:5825240",14,33,19
"ATMIN","s1337_F_RAP_03_ASEReadCounter.table","NW_015090842.1:5825303",25,54,29
"ATMIN","s1337_F_RAP_03_ASEReadCounter.table","NW_015090842.1:5825304",25,54,29
"ATMIN","s1337_F_RAP_03_ASEReadCounter.table","NW_015090842.1:5825310",26,56,30
"ATMIN","s1337_F_RAP_03_ASEReadCounter.table","NW_015090842.1:5825406",20,41,21
"ATMIN","s1337_F_RAP_03_ASEReadCounter.table","NW_015090842.1:5825415",21,41,20
"ATMIN","s1337_F_RAP_03_ASEReadCounter.table","NW_015090842.1:5825438",27,46,19
"ATMIN","s1337_F_RAP_03_ASEReadCounter.table","NW_015090842.1:5825485",17,35,18
"ATMIN","s1337_F_RAP_03_ASEReadCounter.table","NW_015090842.1:5825524",22,44,22
"ATMIN","s1337_F_RAP_03_ASEReadCounter.table","NW_015090842.1:5825557",25,47,22
"ATMIN","s1337_F_RAP_03_ASEReadCounter.table","NW_015090842.1:5825571",26,49,23
"ATMIN","s1337_F_RAP_03_ASEReadCounter.table","NW_015090842.1:5825579",29,50,21
"ATMIN","s1337_F_RAP_03_ASEReadCounter.table","NW_015090842.1:5825590",25,44,19
"ATMIN","s1337_F_RAP_03_ASEReadCounter.table","NW_015090842.1:5825689",22,42,20
"ATMIN","s1337_F_RAP_03_ASEReadCounter.table","NW_015090842.1:5825703",27,53,26
"ATMIN","s1337_F_RAP_03_ASEReadCounter.table","NW_015090842.1:5825787",22,47,25
"ATMIN","s1337_F_RAP_03_ASEReadCounter.table","NW_015090842.1:5825833",20,43,23
"ATMIN","s1337_F_RAP_03_ASEReadCounter.table","NW_015090842.1:5825841",18,39,21
"ATMIN","s1337_F_RAP_03_ASEReadCounter.table","NW_015090842.1:5825895",26,57,31
"ATMIN","s1337_F_RAP_03_ASEReadCounter.table","NW_015090842.1:5825984",18,43,25
"ATMIN","s1337_F_RAP_03_ASEReadCounter.table","NW_015090842.1:5826162",27,67,40
"ATMIN","s1337_F_RAP_03_ASEReadCounter.table","NW_015090842.1:5826194",30,76,46
"ATMIN","s1337_F_RAP_03_ASEReadCounter.table","NW_015090842.1:5826235",33,76,43
"ATMIN","s1337_F_RAP_03_ASEReadCounter.table","NW_015090842.1:5826245",34,76,42
"ATMIN","s1337_F_RAP_03_ASEReadCounter.table","NW_015090842.1:5826335",13,32,19
"ATMIN","s1337_F_RAP_03_ASEReadCounter.table","NW_015090842.1:5826417",20,47,27
"ATMIN","s1337_F_RAP_03_ASEReadCounter.table","NW_015090842.1:5826431",16,57,41
"ATMIN","s1337_F_RAP_03_ASEReadCounter.table","NW_015090842.1:5826438",18,49,31
"ATMIN","s1337_F_RAP_03_ASEReadCounter.table","NW_015090842.1:5826463",23,61,38
"ATMIN","s1337_F_RAP_03_ASEReadCounter.table","NW_015090842.1:5826502",27,71,44
"ATMIN","s1337_F_RAP_03_ASEReadCounter.table","NW_015090842.1:5826511",29,75,46
"ATMIN","s1337_F_RAP_03_ASEReadCounter.table","NW_015090842.1:5826659",33,65,32
"ATMIN","s1337_F_RAP_03_ASEReadCounter.table","NW_015090842.1:5826701",32,77,45
"ATMIN","s1337_F_RAP_03_ASEReadCounter.table","NW_015090842.1:5826702",34,80,46
"ATMIN","s1337_F_RAP_03_ASEReadCounter.table","NW_015090842.1:5826732",41,94,53
"ATMIN","s1337_F_RAP_03_ASEReadCounter.table","NW_015090842.1:5826745",43,91,48
"ATMIN","s1337_F_RAP_03_ASEReadCounter.table","NW_015090842.1:5826835",39,85,46
"ATMIN","s1337_F_RAP_03_ASEReadCounter.table","NW_015090842.1:5826942",20,61,41
"ATMIN","s1337_F_RAP_03_ASEReadCounter.table","NW_015090842.1:5827193",48,109,61
"ATMIN","s1337_F_RAP_03_ASEReadCounter.table","NW_015090842.1:5827196",49,110,61
"ATMIN","s1337_F_RAP_03_ASEReadCounter.table","NW_015090842.1:5827269",55,110,55
"ATMIN","s1337_F_RAP_03_ASEReadCounter.table","NW_015090842.1:5827315",33,75,42
"ATMIN","s1337_F_RAP_03_ASEReadCounter.table","NW_015090842.1:5827316",34,76,42
"ATMIN","s1337_F_RAP_03_ASEReadCounter.table","NW_015090842.1:5827333",36,78,42
"PPP1R3E","s1337_F_RAP_03_ASEReadCounter.table","NW_015090842.1:5837733",4,10,6
"PPP1R3E","s1337_F_RAP_03_ASEReadCounter.table","NW_015090842.1:5837947",2,6,4
"PKD1L2","s1337_F_RAP_03_ASEReadCounter.table","NW_015090842.1:5867509",0,1,1
"PKD1L2","s1337_F_RAP_03_ASEReadCounter.table","NW_015090842.1:5867597",0,4,4
"PKD1L2","s1337_F_RAP_03_ASEReadCounter.table","NW_015090842.1:5867600",0,4,4
"PKD1L2","s1337_F_RAP_03_ASEReadCounter.table","NW_015090842.1:5867660",1,2,1
"PKD1L2","s1337_F_RAP_03_ASEReadCounter.table","NW_015090842.1:5867675",1,3,2
"PKD1L2","s1337_F_RAP_03_ASEReadCounter.table","NW_015090842.1:5867788",3,5,2
"PKD1L2","s1337_F_RAP_03_ASEReadCounter.table","NW_015090842.1:5867843",4,5,1
"PKD1L2","s1337_F_RAP_03_ASEReadCounter.table","NW_015090842.1:5871422",2,2,0
"PKD1L2","s1337_F_RAP_03_ASEReadCounter.table","NW_015090842.1:5872825",2,2,0
"PKD1L2","s1337_F_RAP_03_ASEReadCounter.table","NW_015090842.1:5872876",1,1,0
"BCO1","s1337_F_RAP_03_ASEReadCounter.table","NW_015090842.1:5915610",3,5,2
"BCO1","s1337_F_RAP_03_ASEReadCounter.table","NW_015090842.1:5915646",4,5,1
"BCO1","s1337_F_RAP_03_ASEReadCounter.table","NW_015090842.1:5917836",3,5,2
"BCO1","s1337_F_RAP_03_ASEReadCounter.table","NW_015090842.1:5917912",5,8,3
"BCO1","s1337_F_RAP_03_ASEReadCounter.table","NW_015090842.1:5917941",9,11,2
"BCO1","s1337_F_RAP_03_ASEReadCounter.table","NW_015090842.1:5917971",13,16,3
"BCO1","s1337_F_RAP_03_ASEReadCounter.table","NW_015090842.1:5921679",5,7,2
"BCO1","s1337_F_RAP_03_ASEReadCounter.table","NW_015090842.1:5921726",9,16,7
"BCO1","s1337_F_RAP_03_ASEReadCounter.table","NW_015090842.1:5925669",10,14,4
"BCO1","s1337_F_RAP_03_ASEReadCounter.table","NW_015090842.1:5926937",5,8,3
"BCO1","s1337_F_RAP_03_ASEReadCounter.table","NW_015090842.1:5927921",11,12,1
"BCO1","s1337_F_RAP_03_ASEReadCounter.table","NW_015090842.1:5927948",11,13,2
"BCO1","s1337_F_RAP_03_ASEReadCounter.table","NW_015090842.1:5927968",11,13,2
"BCO1","s1337_F_RAP_03_ASEReadCounter.table","NW_015090842.1:5928052",9,12,3
"BCO1","s1337_F_RAP_03_ASEReadCounter.table","NW_015090842.1:5932726",21,27,6
"BCO1","s1337_F_RAP_03_ASEReadCounter.table","NW_015090842.1:5932801",13,17,4
"BCO1","s1337_F_RAP_03_ASEReadCounter.table","NW_015090842.1:5934558",15,18,3
"BCO1","s1337_F_RAP_03_ASEReadCounter.table","NW_015090842.1:5934575",14,16,2
"BCO1","s1337_F_RAP_03_ASEReadCounter.table","NW_015090842.1:5934608",16,19,3
"BCO1","s1337_F_RAP_03_ASEReadCounter.table","NW_015090842.1:5934647",16,20,4
"BCO1","s1337_F_RAP_03_ASEReadCounter.table","NW_015090842.1:5934725",10,12,2
"BCO1","s1337_F_RAP_03_ASEReadCounter.table","NW_015090842.1:5934726",10,12,2
"BCO1","s1337_F_RAP_03_ASEReadCounter.table","NW_015090842.1:5934733",13,16,3
"BCO1","s1337_F_RAP_03_ASEReadCounter.table","NW_015090842.1:5934821",15,18,3
"BCO1","s1337_F_RAP_03_ASEReadCounter.table","NW_015090842.1:5934826",14,17,3
"BCO1","s1337_F_RAP_03_ASEReadCounter.table","NW_015090842.1:5934844",5,6,1
"BCO1","s1337_F_RAP_03_ASEReadCounter.table","NW_015090842.1:5934958",9,11,2
"BCO1","s1337_F_RAP_03_ASEReadCounter.table","NW_015090842.1:5934976",6,8,2
"GAN","s1337_F_RAP_03_ASEReadCounter.table","NW_015090842.1:5939249",0,9,9
"GAN","s1337_F_RAP_03_ASEReadCounter.table","NW_015090842.1:5953759",12,19,7
"GAN","s1337_F_RAP_03_ASEReadCounter.table","NW_015090842.1:5957502",8,25,17
"GAN","s1337_F_RAP_03_ASEReadCounter.table","NW_015090842.1:5957578",12,28,16
"GAN","s1337_F_RAP_03_ASEReadCounter.table","NW_015090842.1:5966047",8,27,19
"GAN","s1337_F_RAP_03_ASEReadCounter.table","NW_015090842.1:5966126",6,27,21
"GAN","s1337_F_RAP_03_ASEReadCounter.table","NW_015090842.1:5966127",6,28,22
"GAN","s1337_F_RAP_03_ASEReadCounter.table","NW_015090842.1:5966162",21,43,22
"GAN","s1337_F_RAP_03_ASEReadCounter.table","NW_015090842.1:5966483",23,59,36
"CMIP","s1337_F_RAP_03_ASEReadCounter.table","NW_015090842.1:6109159",20,40,20
"CMIP","s1337_F_RAP_03_ASEReadCounter.table","NW_015090842.1:6109166",18,39,21
"CMIP","s1337_F_RAP_03_ASEReadCounter.table","NW_015090842.1:6114641",26,52,26
"CMIP","s1337_F_RAP_03_ASEReadCounter.table","NW_015090842.1:6114751",30,53,23
"CMIP","s1337_F_RAP_03_ASEReadCounter.table","NW_015090842.1:6114824",25,50,25
"CMIP","s1337_F_RAP_03_ASEReadCounter.table","NW_015090842.1:6126295",88,91,3
"CMIP","s1337_F_RAP_03_ASEReadCounter.table","NW_015090842.1:6128998",62,108,46
"CMIP","s1337_F_RAP_03_ASEReadCounter.table","NW_015090842.1:6130562",86,185,99
"CMIP","s1337_F_RAP_03_ASEReadCounter.table","NW_015090842.1:6132522",59,133,74
"CMIP","s1337_F_RAP_03_ASEReadCounter.table","NW_015090842.1:6138265",77,233,156
"CMIP","s1337_F_RAP_03_ASEReadCounter.table","NW_015090842.1:6138300",86,250,164
"CMIP","s1337_F_RAP_03_ASEReadCounter.table","NW_015090842.1:6138342",84,205,121
"CMIP","s1337_F_RAP_03_ASEReadCounter.table","NW_015090842.1:6138343",83,202,119
"CMIP","s1337_F_RAP_03_ASEReadCounter.table","NW_015090842.1:6138345",83,203,120
"CMIP","s1337_F_RAP_03_ASEReadCounter.table","NW_015090842.1:6138647",72,171,99
"CMIP","s1337_F_RAP_03_ASEReadCounter.table","NW_015090842.1:6138745",86,178,92
"CMIP","s1337_F_RAP_03_ASEReadCounter.table","NW_015090842.1:6138832",15,83,68
"CMIP","s1337_F_RAP_03_ASEReadCounter.table","NW_015090842.1:6138967",85,169,84
"CMIP","s1337_F_RAP_03_ASEReadCounter.table","NW_015090842.1:6139131",38,93,55
"CMIP","s1337_F_RAP_03_ASEReadCounter.table","NW_015090842.1:6139163",12,69,57
"CMIP","s1337_F_RAP_03_ASEReadCounter.table","NW_015090842.1:6139212",142,148,6
"CMIP","s1337_F_RAP_03_ASEReadCounter.table","NW_015090842.1:6139360",28,53,25
"CMIP","s1337_F_RAP_03_ASEReadCounter.table","NW_015090842.1:6139572",16,40,24
"PLCG2","s1337_F_RAP_03_ASEReadCounter.table","NW_015090842.1:6179658",1,1,0
"PLCG2","s1337_F_RAP_03_ASEReadCounter.table","NW_015090842.1:6209741",0,1,1
"PLCG2","s1337_F_RAP_03_ASEReadCounter.table","NW_015090842.1:6209798",1,2,1
"PLCG2","s1337_F_RAP_03_ASEReadCounter.table","NW_015090842.1:6209816",1,2,1
"PLCG2","s1337_F_RAP_03_ASEReadCounter.table","NW_015090842.1:6217547",1,6,5
"PLCG2","s1337_F_RAP_03_ASEReadCounter.table","NW_015090842.1:6218641",1,3,2
"PLCG2","s1337_F_RAP_03_ASEReadCounter.table","NW_015090842.1:6220552",0,1,1
"PLCG2","s1337_F_RAP_03_ASEReadCounter.table","NW_015090842.1:6221969",0,1,1
"PLCG2","s1337_F_RAP_03_ASEReadCounter.table","NW_015090842.1:6228672",2,3,1
"PLCG2","s1337_F_RAP_03_ASEReadCounter.table","NW_015090842.1:6228694",2,3,1
"PLCG2","s1337_F_RAP_03_ASEReadCounter.table","NW_015090842.1:6228722",2,3,1
"PLCG2","s1337_F_RAP_03_ASEReadCounter.table","NW_015090842.1:6228747",1,1,0
"PLCG2","s1337_F_RAP_03_ASEReadCounter.table","NW_015090842.1:6228835",3,4,1
"PLCG2","s1337_F_RAP_03_ASEReadCounter.table","NW_015090842.1:6228841",3,4,1
"PLCG2","s1337_F_RAP_03_ASEReadCounter.table","NW_015090842.1:6228865",1,3,2
"PLCG2","s1337_F_RAP_03_ASEReadCounter.table","NW_015090842.1:6228917",3,6,3
"PLCG2","s1337_F_RAP_03_ASEReadCounter.table","NW_015090842.1:6228926",3,6,3
"PLCG2","s1337_F_RAP_03_ASEReadCounter.table","NW_015090842.1:6228954",2,3,1
"PLCG2","s1337_F_RAP_03_ASEReadCounter.table","NW_015090842.1:6229002",2,4,2
"PLCG2","s1337_F_RAP_03_ASEReadCounter.table","NW_015090842.1:6229006",2,4,2
"PLCG2","s1337_F_RAP_03_ASEReadCounter.table","NW_015090842.1:6229081",2,3,1
"PLCG2","s1337_F_RAP_03_ASEReadCounter.table","NW_015090842.1:6229097",2,2,0
"PLCG2","s1337_F_RAP_03_ASEReadCounter.table","NW_015090842.1:6229160",4,5,1
"PLCG2","s1337_F_RAP_03_ASEReadCounter.table","NW_015090842.1:6229213",3,4,1
"PLCG2","s1337_F_RAP_03_ASEReadCounter.table","NW_015090842.1:6229231",3,3,0
"PLCG2","s1337_F_RAP_03_ASEReadCounter.table","NW_015090842.1:6229663",8,8,0
"PLCG2","s1337_F_RAP_03_ASEReadCounter.table","NW_015090842.1:6229748",6,6,0
"PLCG2","s1337_F_RAP_03_ASEReadCounter.table","NW_015090842.1:6229892",3,3,0
"PLCG2","s1337_F_RAP_03_ASEReadCounter.table","NW_015090842.1:6230248",4,4,0
"PLCG2","s1337_F_RAP_03_ASEReadCounter.table","NW_015090842.1:6230255",3,3,0
"PLCG2","s1337_F_RAP_03_ASEReadCounter.table","NW_015090842.1:6230276",1,1,0
"PLCG2","s1337_F_RAP_03_ASEReadCounter.table","NW_015090842.1:6230296",2,2,0
"PLCG2","s1337_F_RAP_03_ASEReadCounter.table","NW_015090842.1:6230349",0,1,1
"PLCG2","s1337_F_RAP_03_ASEReadCounter.table","NW_015090842.1:6230408",1,2,1
"PLCG2","s1337_F_RAP_03_ASEReadCounter.table","NW_015090842.1:6230439",1,2,1
"PLCG2","s1337_F_RAP_03_ASEReadCounter.table","NW_015090842.1:6230757",1,2,1
"PLCG2","s1337_F_RAP_03_ASEReadCounter.table","NW_015090842.1:6230758",1,1,0
"PLCG2","s1337_F_RAP_03_ASEReadCounter.table","NW_015090842.1:6230898",3,4,1
"PLCG2","s1337_F_RAP_03_ASEReadCounter.table","NW_015090842.1:6230976",4,4,0
"PLCG2","s1337_F_RAP_03_ASEReadCounter.table","NW_015090842.1:6231078",5,5,0
"PLCG2","s1337_F_RAP_03_ASEReadCounter.table","NW_015090842.1:6231138",4,4,0
"PLCG2","s1337_F_RAP_03_ASEReadCounter.table","NW_015090842.1:6231177",4,4,0
"PLCG2","s1337_F_RAP_03_ASEReadCounter.table","NW_015090842.1:6231263",5,5,0
"SDR42E1","s1337_F_RAP_03_ASEReadCounter.table","NW_015090842.1:6235292",5,8,3
"SDR42E1","s1337_F_RAP_03_ASEReadCounter.table","NW_015090842.1:6235315",5,7,2
"SDR42E1","s1337_F_RAP_03_ASEReadCounter.table","NW_015090842.1:6235348",4,10,6
"SDR42E1","s1337_F_RAP_03_ASEReadCounter.table","NW_015090842.1:6235355",4,11,7
"SDR42E1","s1337_F_RAP_03_ASEReadCounter.table","NW_015090842.1:6235417",1,12,11
"SDR42E1","s1337_F_RAP_03_ASEReadCounter.table","NW_015090842.1:6235558",1,17,16
"SDR42E1","s1337_F_RAP_03_ASEReadCounter.table","NW_015090842.1:6235741",3,15,12
"SDR42E1","s1337_F_RAP_03_ASEReadCounter.table","NW_015090842.1:6235777",4,16,12
"SDR42E1","s1337_F_RAP_03_ASEReadCounter.table","NW_015090842.1:6235806",6,25,19
"SDR42E1","s1337_F_RAP_03_ASEReadCounter.table","NW_015090842.1:6235809",6,25,19
"SDR42E1","s1337_F_RAP_03_ASEReadCounter.table","NW_015090842.1:6235816",6,24,18
"SDR42E1","s1337_F_RAP_03_ASEReadCounter.table","NW_015090842.1:6235914",6,16,10
"SDR42E1","s1337_F_RAP_03_ASEReadCounter.table","NW_015090842.1:6235935",7,22,15
"SDR42E1","s1337_F_RAP_03_ASEReadCounter.table","NW_015090842.1:6235957",6,21,15
"SDR42E1","s1337_F_RAP_03_ASEReadCounter.table","NW_015090842.1:6236040",4,13,9
"SDR42E1","s1337_F_RAP_03_ASEReadCounter.table","NW_015090842.1:6236260",2,7,5
"SDR42E1","s1337_F_RAP_03_ASEReadCounter.table","NW_015090842.1:6236281",2,6,4
"SDR42E1","s1337_F_RAP_03_ASEReadCounter.table","NW_015090842.1:6236305",5,9,4
"SDR42E1","s1337_F_RAP_03_ASEReadCounter.table","NW_015090842.1:6236458",6,12,6
"SDR42E1","s1337_F_RAP_03_ASEReadCounter.table","NW_015090842.1:6236476",6,11,5
"SDR42E1","s1337_F_RAP_03_ASEReadCounter.table","NW_015090842.1:6236608",1,8,7
"SDR42E1","s1337_F_RAP_03_ASEReadCounter.table","NW_015090842.1:6238244",1,6,5
"SDR42E1","s1337_F_RAP_03_ASEReadCounter.table","NW_015090842.1:6238829",2,7,5
"HSD17B2","s1337_F_RAP_03_ASEReadCounter.table","NW_015090842.1:6257711",0,1,1
"HSD17B2","s1337_F_RAP_03_ASEReadCounter.table","NW_015090842.1:6257712",0,1,1
"HSD17B2","s1337_F_RAP_03_ASEReadCounter.table","NW_015090842.1:6257737",0,1,1
"HSD17B2","s1337_F_RAP_03_ASEReadCounter.table","NW_015090842.1:6257758",0,1,1
"HSD17B2","s1337_F_RAP_03_ASEReadCounter.table","NW_015090842.1:6257767",0,1,1
"HSD17B2","s1337_F_RAP_03_ASEReadCounter.table","NW_015090842.1:6257829",0,2,2
"HSD17B2","s1337_F_RAP_03_ASEReadCounter.table","NW_015090842.1:6257851",0,2,2
"HSD17B2","s1337_F_RAP_03_ASEReadCounter.table","NW_015090842.1:6257889",0,1,1
"HSD17B2","s1337_F_RAP_03_ASEReadCounter.table","NW_015090842.1:6262974",0,2,2
"HSD17B2","s1337_F_RAP_03_ASEReadCounter.table","NW_015090842.1:6266125",0,3,3
"HSD17B2","s1337_F_RAP_03_ASEReadCounter.table","NW_015090842.1:6266135",0,2,2
"HSD17B2","s1337_F_RAP_03_ASEReadCounter.table","NW_015090842.1:6266795",0,1,1
"HSD17B2","s1337_F_RAP_03_ASEReadCounter.table","NW_015090842.1:6266944",0,1,1
"HSD17B2","s1337_F_RAP_03_ASEReadCounter.table","NW_015090842.1:6267053",0,2,2
"HSD17B2","s1337_F_RAP_03_ASEReadCounter.table","NW_015090842.1:6267196",0,1,1
"HSD17B2","s1337_F_RAP_03_ASEReadCounter.table","NW_015090842.1:6267674",0,1,1
"HSD17B2","s1337_F_RAP_03_ASEReadCounter.table","NW_015090842.1:6268098",0,2,2
"HSD17B2","s1337_F_RAP_03_ASEReadCounter.table","NW_015090842.1:6268203",0,2,2
"ARY2","s1337_F_RAP_03_ASEReadCounter.table","NW_015090842.1:6303922",18,31,13
"ARY2","s1337_F_RAP_03_ASEReadCounter.table","NW_015090842.1:6303954",18,31,13
"ARY2","s1337_F_RAP_03_ASEReadCounter.table","NW_015090842.1:6303979",20,31,11
"ARY2","s1337_F_RAP_03_ASEReadCounter.table","NW_015090842.1:6305848",22,31,9
"ARY2","s1337_F_RAP_03_ASEReadCounter.table","NW_015090842.1:6305856",21,30,9
"ARY2","s1337_F_RAP_03_ASEReadCounter.table","NW_015090842.1:6305857",21,30,9
"ARY2","s1337_F_RAP_03_ASEReadCounter.table","NW_015090842.1:6306017",18,29,11
"ARY2","s1337_F_RAP_03_ASEReadCounter.table","NW_015090842.1:6306052",17,30,13
"ARY2","s1337_F_RAP_03_ASEReadCounter.table","NW_015090842.1:6306094",23,35,12
"ARY2","s1337_F_RAP_03_ASEReadCounter.table","NW_015090842.1:6306100",22,35,13
"ARY2","s1337_F_RAP_03_ASEReadCounter.table","NW_015090842.1:6306146",21,34,13
"ARY2","s1337_F_RAP_03_ASEReadCounter.table","NW_015090842.1:6306147",21,34,13
"ARY2","s1337_F_RAP_03_ASEReadCounter.table","NW_015090842.1:6306390",19,33,14
"ARY2","s1337_F_RAP_03_ASEReadCounter.table","NW_015090842.1:6306567",18,24,6
"ARY2","s1337_F_RAP_03_ASEReadCounter.table","NW_015090842.1:6306705",20,25,5
"ARY2","s1337_F_RAP_03_ASEReadCounter.table","NW_015090842.1:6306773",21,25,4
"ARY2","s1337_F_RAP_03_ASEReadCounter.table","NW_015090842.1:6307039",24,29,5
"ARY2","s1337_F_RAP_03_ASEReadCounter.table","NW_015090842.1:6307043",21,26,5
"ARY2","s1337_F_RAP_03_ASEReadCounter.table","NW_015090842.1:6307093",18,22,4
"ARY2","s1337_F_RAP_03_ASEReadCounter.table","NW_015090842.1:6307138",19,26,7
"ARY2","s1337_F_RAP_03_ASEReadCounter.table","NW_015090842.1:6307157",24,32,8
"ARY2","s1337_F_RAP_03_ASEReadCounter.table","NW_015090842.1:6307187",27,38,11
"ARY2","s1337_F_RAP_03_ASEReadCounter.table","NW_015090842.1:6307204",28,37,9
"ARY2","s1337_F_RAP_03_ASEReadCounter.table","NW_015090842.1:6307278",24,30,6
"ARY2","s1337_F_RAP_03_ASEReadCounter.table","NW_015090842.1:6307305",23,28,5
"ARY2","s1337_F_RAP_03_ASEReadCounter.table","NW_015090842.1:6307318",18,22,4
"ARY2","s1337_F_RAP_03_ASEReadCounter.table","NW_015090842.1:6307429",30,36,6
"ARY2","s1337_F_RAP_03_ASEReadCounter.table","NW_015090842.1:6307487",23,31,8
"ARY2","s1337_F_RAP_03_ASEReadCounter.table","NW_015090842.1:6307670",16,22,6
"ARYL","s1337_F_RAP_03_ASEReadCounter.table","NW_015090842.1:6313360",4,5,1
"ARYL","s1337_F_RAP_03_ASEReadCounter.table","NW_015090842.1:6313377",4,5,1
"ARYL","s1337_F_RAP_03_ASEReadCounter.table","NW_015090842.1:6313767",5,15,10
"ARY1","s1337_F_RAP_03_ASEReadCounter.table","NW_015090842.1:6314296",8,13,5
"ARY1","s1337_F_RAP_03_ASEReadCounter.table","NW_015090842.1:6314541",6,10,4
"ARY1","s1337_F_RAP_03_ASEReadCounter.table","NW_015090842.1:6314597",15,19,4
"ARY1","s1337_F_RAP_03_ASEReadCounter.table","NW_015090842.1:6314750",12,17,5
"ARY1","s1337_F_RAP_03_ASEReadCounter.table","NW_015090842.1:6314794",13,15,2
"ARY1","s1337_F_RAP_03_ASEReadCounter.table","NW_015090842.1:6314827",14,18,4
"ARY1","s1337_F_RAP_03_ASEReadCounter.table","NW_015090842.1:6314859",11,15,4
"ARY1","s1337_F_RAP_03_ASEReadCounter.table","NW_015090842.1:6314886",7,13,6
"ARY1","s1337_F_RAP_03_ASEReadCounter.table","NW_015090842.1:6315022",7,15,8
"ARY1","s1337_F_RAP_03_ASEReadCounter.table","NW_015090842.1:6315026",6,14,8
"ARY1","s1337_F_RAP_03_ASEReadCounter.table","NW_015090842.1:6315043",6,13,7
"ARY1","s1337_F_RAP_03_ASEReadCounter.table","NW_015090842.1:6315065",7,15,8
"ARY1","s1337_F_RAP_03_ASEReadCounter.table","NW_015090842.1:6315409",14,21,7
"ARY1","s1337_F_RAP_03_ASEReadCounter.table","NW_015090842.1:6315479",13,22,9
"ARY1","s1337_F_RAP_03_ASEReadCounter.table","NW_015090842.1:6318342",13,23,10
"ARY1","s1337_F_RAP_03_ASEReadCounter.table","NW_015090842.1:6318427",18,26,8
"ARY1","s1337_F_RAP_03_ASEReadCounter.table","NW_015090842.1:6318603",14,21,7
"ARY1","s1337_F_RAP_03_ASEReadCounter.table","NW_015090842.1:6318708",7,18,11
"ARY1","s1337_F_RAP_03_ASEReadCounter.table","NW_015090842.1:6318858",19,33,14
"ARY1","s1337_F_RAP_03_ASEReadCounter.table","NW_015090842.1:6318952",15,26,11
"MPHOSPH6","s1337_F_RAP_03_ASEReadCounter.table","NW_015090842.1:6324063",41,82,41
"MPHOSPH6","s1337_F_RAP_03_ASEReadCounter.table","NW_015090842.1:6324174",79,180,101
"MPHOSPH6","s1337_F_RAP_03_ASEReadCounter.table","NW_015090842.1:6324270",90,178,88
"MPHOSPH6","s1337_F_RAP_03_ASEReadCounter.table","NW_015090842.1:6324762",81,164,83
"MPHOSPH6","s1337_F_RAP_03_ASEReadCounter.table","NW_015090842.1:6324780",76,151,75
"MPHOSPH6","s1337_F_RAP_03_ASEReadCounter.table","NW_015090842.1:6324902",81,172,91
"MPHOSPH6","s1337_F_RAP_03_ASEReadCounter.table","NW_015090842.1:6325066",81,182,101
"MPHOSPH6","s1337_F_RAP_03_ASEReadCounter.table","NW_015090842.1:6325089",102,216,114
"MPHOSPH6","s1337_F_RAP_03_ASEReadCounter.table","NW_015090842.1:6325877",78,171,93
"MPHOSPH6","s1337_F_RAP_03_ASEReadCounter.table","NW_015090842.1:6326976",62,144,82
"CDH13","s1337_F_RAP_03_ASEReadCounter.table","NW_015090842.1:6662283",12,27,15
"CDH13","s1337_F_RAP_03_ASEReadCounter.table","NW_015090842.1:6693665",11,27,16
"CDH13","s1337_F_RAP_03_ASEReadCounter.table","NW_015090842.1:6693697",9,23,14
"CDH13","s1337_F_RAP_03_ASEReadCounter.table","NW_015090842.1:6693712",9,22,13
"CDH13","s1337_F_RAP_03_ASEReadCounter.table","NW_015090842.1:6693723",9,20,11
"CDH13","s1337_F_RAP_03_ASEReadCounter.table","NW_015090842.1:6693738",9,23,14
"CDH13","s1337_F_RAP_03_ASEReadCounter.table","NW_015090842.1:6823730",18,32,14
"CDH13","s1337_F_RAP_03_ASEReadCounter.table","NW_015090842.1:6889713",15,26,11
"CDH13","s1337_F_RAP_03_ASEReadCounter.table","NW_015090842.1:6955167",37,64,27
"MLYCD","s1337_F_RAP_03_ASEReadCounter.table","NW_015090842.1:7150054",45,102,57
"MLYCD","s1337_F_RAP_03_ASEReadCounter.table","NW_015090842.1:7150131",82,172,90
"MLYCD","s1337_F_RAP_03_ASEReadCounter.table","NW_015090842.1:7150585",77,149,72
"MLYCD","s1337_F_RAP_03_ASEReadCounter.table","NW_015090842.1:7150686",49,90,41
"MLYCD","s1337_F_RAP_03_ASEReadCounter.table","NW_015090842.1:7150696",51,93,42
"MLYCD","s1337_F_RAP_03_ASEReadCounter.table","NW_015090842.1:7150869",52,95,43
"MLYCD","s1337_F_RAP_03_ASEReadCounter.table","NW_015090842.1:7151100",58,117,59
"MLYCD","s1337_F_RAP_03_ASEReadCounter.table","NW_015090842.1:7151127",66,134,68
"MLYCD","s1337_F_RAP_03_ASEReadCounter.table","NW_015090842.1:7157538",47,103,56
"MLYCD","s1337_F_RAP_03_ASEReadCounter.table","NW_015090842.1:7167662",15,34,19
"MLYCD","s1337_F_RAP_03_ASEReadCounter.table","NW_015090842.1:7167675",16,36,20
"MLYCD","s1337_F_RAP_03_ASEReadCounter.table","NW_015090842.1:7167710",17,34,17
"MLYCD","s1337_F_RAP_03_ASEReadCounter.table","NW_015090842.1:7167781",23,37,14
"MLYCD","s1337_F_RAP_03_ASEReadCounter.table","NW_015090842.1:7167803",18,28,10
"MLYCD","s1337_F_RAP_03_ASEReadCounter.table","NW_015090842.1:7167812",16,27,11
"MLYCD","s1337_F_RAP_03_ASEReadCounter.table","NW_015090842.1:7167845",17,31,14
"MLYCD","s1337_F_RAP_03_ASEReadCounter.table","NW_015090842.1:7167862",15,26,11
"MLYCD","s1337_F_RAP_03_ASEReadCounter.table","NW_015090842.1:7167929",14,26,12
"MLYCD","s1337_F_RAP_03_ASEReadCounter.table","NW_015090842.1:7167995",10,20,10
"MLYCD","s1337_F_RAP_03_ASEReadCounter.table","NW_015090842.1:7168005",10,18,8
"MLYCD","s1337_F_RAP_03_ASEReadCounter.table","NW_015090842.1:7168037",9,15,6
"HSBP1","s1337_F_RAP_03_ASEReadCounter.table","NW_015090842.1:7245192",288,442,154
"HSBP1","s1337_F_RAP_03_ASEReadCounter.table","NW_015090842.1:7245226",329,542,213
"HSBP1","s1337_F_RAP_03_ASEReadCounter.table","NW_015090842.1:7245257",288,489,201
"HSBP1","s1337_F_RAP_03_ASEReadCounter.table","NW_015090842.1:7245296",261,454,193
"HSBP1","s1337_F_RAP_03_ASEReadCounter.table","NW_015090842.1:7245389",393,628,235
"HSBP1","s1337_F_RAP_03_ASEReadCounter.table","NW_015090842.1:7245400",401,618,217
"HSBP1","s1337_F_RAP_03_ASEReadCounter.table","NW_015090842.1:7245445",375,606,231
"HSBP1","s1337_F_RAP_03_ASEReadCounter.table","NW_015090842.1:7245495",329,554,225
"HSBP1","s1337_F_RAP_03_ASEReadCounter.table","NW_015090842.1:7245733",204,368,164
"HSBP1","s1337_F_RAP_03_ASEReadCounter.table","NW_015090842.1:7245771",233,394,161
"HSBP1","s1337_F_RAP_03_ASEReadCounter.table","NW_015090842.1:7245813",238,395,157
"HSBP1","s1337_F_RAP_03_ASEReadCounter.table","NW_015090842.1:7245926",286,469,183
"HSBP1","s1337_F_RAP_03_ASEReadCounter.table","NW_015090842.1:7245927",287,467,180
"HSBP1","s1337_F_RAP_03_ASEReadCounter.table","NW_015090842.1:7245933",285,455,170
"HSBP1","s1337_F_RAP_03_ASEReadCounter.table","NW_015090842.1:7246002",209,373,164
"HSBP1","s1337_F_RAP_03_ASEReadCounter.table","NW_015090842.1:7246094",237,427,190
"HSBP1","s1337_F_RAP_03_ASEReadCounter.table","NW_015090842.1:7246167",236,425,189
"HSBP1","s1337_F_RAP_03_ASEReadCounter.table","NW_015090842.1:7246183",239,420,181
"HSBP1","s1337_F_RAP_03_ASEReadCounter.table","NW_015090842.1:7247285",38,43,5
"HSBP1","s1337_F_RAP_03_ASEReadCounter.table","NW_015090842.1:7247651",296,624,328
"HSBP1","s1337_F_RAP_03_ASEReadCounter.table","NW_015090842.1:7247657",296,630,334
"HSBP1","s1337_F_RAP_03_ASEReadCounter.table","NW_015090842.1:7248520",213,406,193
"HSBP1","s1337_F_RAP_03_ASEReadCounter.table","NW_015090842.1:7248535",173,323,150
"KCNG4","s1337_F_RAP_03_ASEReadCounter.table","NW_015090842.1:7282481",11,18,7
"KCNG4","s1337_F_RAP_03_ASEReadCounter.table","NW_015090842.1:7282500",9,15,6
"KCNG4","s1337_F_RAP_03_ASEReadCounter.table","NW_015090842.1:7282542",5,12,7
"KCNG4","s1337_F_RAP_03_ASEReadCounter.table","NW_015090842.1:7282579",4,11,7
"KCNG4","s1337_F_RAP_03_ASEReadCounter.table","NW_015090842.1:7282630",4,11,7
"KCNG4","s1337_F_RAP_03_ASEReadCounter.table","NW_015090842.1:7283056",6,11,5
"KCNG4","s1337_F_RAP_03_ASEReadCounter.table","NW_015090842.1:7283245",6,11,5
"KCNG4","s1337_F_RAP_03_ASEReadCounter.table","NW_015090842.1:7301195",1,1,0
"KCNG4","s1337_F_RAP_03_ASEReadCounter.table","NW_015090842.1:7301227",1,2,1
"KCNG4","s1337_F_RAP_03_ASEReadCounter.table","NW_015090842.1:7301240",1,2,1
"KCNG4","s1337_F_RAP_03_ASEReadCounter.table","NW_015090842.1:7301413",1,2,1
"WFDC1","s1337_F_RAP_03_ASEReadCounter.table","NW_015090842.1:7366517",0,3,3
"WFDC1","s1337_F_RAP_03_ASEReadCounter.table","NW_015090842.1:7373367",0,4,4
"WFDC1","s1337_F_RAP_03_ASEReadCounter.table","NW_015090842.1:7375828",2,7,5
"WFDC1","s1337_F_RAP_03_ASEReadCounter.table","NW_015090842.1:7378036",1,8,7
"WFDC1","s1337_F_RAP_03_ASEReadCounter.table","NW_015090842.1:7379125",3,6,3
"WFDC1","s1337_F_RAP_03_ASEReadCounter.table","NW_015090842.1:7379451",1,6,5
"WFDC1","s1337_F_RAP_03_ASEReadCounter.table","NW_015090842.1:7379471",1,5,4
"WFDC1","s1337_F_RAP_03_ASEReadCounter.table","NW_015090842.1:7379576",1,5,4
"WFDC1","s1337_F_RAP_03_ASEReadCounter.table","NW_015090842.1:7379596",1,5,4
"WFDC1","s1337_F_RAP_03_ASEReadCounter.table","NW_015090842.1:7379605",1,4,3
"WFDC1","s1337_F_RAP_03_ASEReadCounter.table","NW_015090842.1:7379626",0,3,3
"WFDC1","s1337_F_RAP_03_ASEReadCounter.table","NW_015090842.1:7379631",0,3,3
"WFDC1","s1337_F_RAP_03_ASEReadCounter.table","NW_015090842.1:7379632",0,3,3
"WFDC1","s1337_F_RAP_03_ASEReadCounter.table","NW_015090842.1:7379652",0,5,5
"WFDC1","s1337_F_RAP_03_ASEReadCounter.table","NW_015090842.1:7379669",0,5,5
"WFDC1","s1337_F_RAP_03_ASEReadCounter.table","NW_015090842.1:7379674",0,5,5
"WFDC1","s1337_F_RAP_03_ASEReadCounter.table","NW_015090842.1:7379719",0,4,4
"WFDC1","s1337_F_RAP_03_ASEReadCounter.table","NW_015090842.1:7379735",0,5,5
"WFDC1","s1337_F_RAP_03_ASEReadCounter.table","NW_015090842.1:7379739",0,5,5
"WFDC1","s1337_F_RAP_03_ASEReadCounter.table","NW_015090842.1:7379821",1,10,9
"WFDC1","s1337_F_RAP_03_ASEReadCounter.table","NW_015090842.1:7379840",0,9,9
"WFDC1","s1337_F_RAP_03_ASEReadCounter.table","NW_015090842.1:7379933",2,10,8
"WFDC1","s1337_F_RAP_03_ASEReadCounter.table","NW_015090842.1:7379935",2,10,8
"WFDC1","s1337_F_RAP_03_ASEReadCounter.table","NW_015090842.1:7379983",2,5,3
"WFDC1","s1337_F_RAP_03_ASEReadCounter.table","NW_015090842.1:7380060",0,5,5
"WFDC1","s1337_F_RAP_03_ASEReadCounter.table","NW_015090842.1:7380136",0,3,3
"WFDC1","s1337_F_RAP_03_ASEReadCounter.table","NW_015090842.1:7380150",0,1,1
"WFDC1","s1337_F_RAP_03_ASEReadCounter.table","NW_015090842.1:7380164",0,3,3
"WFDC1","s1337_F_RAP_03_ASEReadCounter.table","NW_015090842.1:7380237",0,5,5
"WFDC1","s1337_F_RAP_03_ASEReadCounter.table","NW_015090842.1:7380261",1,6,5
"WFDC1","s1337_F_RAP_03_ASEReadCounter.table","NW_015090842.1:7380322",1,7,6
"WFDC1","s1337_F_RAP_03_ASEReadCounter.table","NW_015090842.1:7380491",0,2,2
"WFDC1","s1337_F_RAP_03_ASEReadCounter.table","NW_015090842.1:7380567",2,7,5
"WFDC1","s1337_F_RAP_03_ASEReadCounter.table","NW_015090842.1:7380672",0,7,7
"WFDC1","s1337_F_RAP_03_ASEReadCounter.table","NW_015090842.1:7380721",1,8,7
"WFDC1","s1337_F_RAP_03_ASEReadCounter.table","NW_015090842.1:7380743",1,8,7
"WFDC1","s1337_F_RAP_03_ASEReadCounter.table","NW_015090842.1:7380852",0,7,7
"WFDC1","s1337_F_RAP_03_ASEReadCounter.table","NW_015090842.1:7380878",1,5,4
"WFDC1","s1337_F_RAP_03_ASEReadCounter.table","NW_015090842.1:7381081",3,11,8
"WFDC1","s1337_F_RAP_03_ASEReadCounter.table","NW_015090842.1:7381127",0,4,4
"WFDC1","s1337_F_RAP_03_ASEReadCounter.table","NW_015090842.1:7381195",2,14,12
"WFDC1","s1337_F_RAP_03_ASEReadCounter.table","NW_015090842.1:7381253",2,14,12
"WFDC1","s1337_F_RAP_03_ASEReadCounter.table","NW_015090842.1:7381378",2,15,13
"WFDC1","s1337_F_RAP_03_ASEReadCounter.table","NW_015090842.1:7381433",3,18,15
"WFDC1","s1337_F_RAP_03_ASEReadCounter.table","NW_015090842.1:7381434",3,16,13
"WFDC1","s1337_F_RAP_03_ASEReadCounter.table","NW_015090842.1:7381442",3,17,14
"WFDC1","s1337_F_RAP_03_ASEReadCounter.table","NW_015090842.1:7381517",2,15,13
"WFDC1","s1337_F_RAP_03_ASEReadCounter.table","NW_015090842.1:7381520",2,15,13
"WFDC1","s1337_F_RAP_03_ASEReadCounter.table","NW_015090842.1:7381677",1,6,5
"WFDC1","s1337_F_RAP_03_ASEReadCounter.table","NW_015090842.1:7381709",1,2,1
"ATP2C2","s1337_F_RAP_03_ASEReadCounter.table","NW_015090842.1:7386804",0,1,1
"ATP2C2","s1337_F_RAP_03_ASEReadCounter.table","NW_015090842.1:7386836",0,1,1
"ATP2C2","s1337_F_RAP_03_ASEReadCounter.table","NW_015090842.1:7392613",0,1,1
"ATP2C2","s1337_F_RAP_03_ASEReadCounter.table","NW_015090842.1:7395230",0,1,1
"ATP2C2","s1337_F_RAP_03_ASEReadCounter.table","NW_015090842.1:7395366",0,1,1
"ATP2C2","s1337_F_RAP_03_ASEReadCounter.table","NW_015090842.1:7397049",0,3,3
"ATP2C2","s1337_F_RAP_03_ASEReadCounter.table","NW_015090842.1:7398395",0,2,2
"ATP2C2","s1337_F_RAP_03_ASEReadCounter.table","NW_015090842.1:7399774",0,2,2
"ATP2C2","s1337_F_RAP_03_ASEReadCounter.table","NW_015090842.1:7402554",0,2,2
"ATP2C2","s1337_F_RAP_03_ASEReadCounter.table","NW_015090842.1:7402578",0,1,1
"ATP2C2","s1337_F_RAP_03_ASEReadCounter.table","NW_015090842.1:7405621",0,4,4
"ATP2C2","s1337_F_RAP_03_ASEReadCounter.table","NW_015090842.1:7413855",30,37,7
"ATP2C2","s1337_F_RAP_03_ASEReadCounter.table","NW_015090842.1:7413869",12,16,4
"ATP2C2","s1337_F_RAP_03_ASEReadCounter.table","NW_015090842.1:7413875",11,16,5
"TLDC1","s1337_F_RAP_03_ASEReadCounter.table","NW_015090842.1:7421137",59,114,55
"TLDC1","s1337_F_RAP_03_ASEReadCounter.table","NW_015090842.1:7421155",56,114,58
"TLDC1","s1337_F_RAP_03_ASEReadCounter.table","NW_015090842.1:7421218",31,86,55
"TLDC1","s1337_F_RAP_03_ASEReadCounter.table","NW_015090842.1:7421399",35,72,37
"TLDC1","s1337_F_RAP_03_ASEReadCounter.table","NW_015090842.1:7421402",35,70,35
"TLDC1","s1337_F_RAP_03_ASEReadCounter.table","NW_015090842.1:7421528",52,90,38
"TLDC1","s1337_F_RAP_03_ASEReadCounter.table","NW_015090842.1:7421532",55,96,41
"TLDC1","s1337_F_RAP_03_ASEReadCounter.table","NW_015090842.1:7421621",50,88,38
"TLDC1","s1337_F_RAP_03_ASEReadCounter.table","NW_015090842.1:7421647",55,83,28
"TLDC1","s1337_F_RAP_03_ASEReadCounter.table","NW_015090842.1:7421657",50,76,26
"TLDC1","s1337_F_RAP_03_ASEReadCounter.table","NW_015090842.1:7421693",53,83,30
"TLDC1","s1337_F_RAP_03_ASEReadCounter.table","NW_015090842.1:7421796",53,81,28
"TLDC1","s1337_F_RAP_03_ASEReadCounter.table","NW_015090842.1:7421810",60,90,30
"TLDC1","s1337_F_RAP_03_ASEReadCounter.table","NW_015090842.1:7421833",63,96,33
"TLDC1","s1337_F_RAP_03_ASEReadCounter.table","NW_015090842.1:7421879",46,77,31
"TLDC1","s1337_F_RAP_03_ASEReadCounter.table","NW_015090842.1:7421914",51,81,30
"TLDC1","s1337_F_RAP_03_ASEReadCounter.table","NW_015090842.1:7421969",40,68,28
"TLDC1","s1337_F_RAP_03_ASEReadCounter.table","NW_015090842.1:7422015",32,58,26
"TLDC1","s1337_F_RAP_03_ASEReadCounter.table","NW_015090842.1:7422042",49,77,28
"TLDC1","s1337_F_RAP_03_ASEReadCounter.table","NW_015090842.1:7422230",67,105,38
"TLDC1","s1337_F_RAP_03_ASEReadCounter.table","NW_015090842.1:7423349",59,76,17
"TLDC1","s1337_F_RAP_03_ASEReadCounter.table","NW_015090842.1:7423362",57,75,18
"TLDC1","s1337_F_RAP_03_ASEReadCounter.table","NW_015090842.1:7426091",49,75,26
"TLDC1","s1337_F_RAP_03_ASEReadCounter.table","NW_015090842.1:7426485",55,73,18
"TLDC1","s1337_F_RAP_03_ASEReadCounter.table","NW_015090842.1:7427211",31,58,27
"TLDC1","s1337_F_RAP_03_ASEReadCounter.table","NW_015090842.1:7428179",28,44,16
"COTL1","s1337_F_RAP_03_ASEReadCounter.table","NW_015090842.1:7490744",466,1034,568
"COTL1","s1337_F_RAP_03_ASEReadCounter.table","NW_015090842.1:7491051",362,832,470
"COTL1","s1337_F_RAP_03_ASEReadCounter.table","NW_015090842.1:7491124",393,821,428
"COTL1","s1337_F_RAP_03_ASEReadCounter.table","NW_015090842.1:7491418",288,593,305
"COTL1","s1337_F_RAP_03_ASEReadCounter.table","NW_015090842.1:7491539",210,476,266
"COTL1","s1337_F_RAP_03_ASEReadCounter.table","NW_015090842.1:7491585",335,675,340
"COTL1","s1337_F_RAP_03_ASEReadCounter.table","NW_015090842.1:7491586",326,695,369
"COTL1","s1337_F_RAP_03_ASEReadCounter.table","NW_015090842.1:7491646",390,831,441
"COTL1","s1337_F_RAP_03_ASEReadCounter.table","NW_015090842.1:7491747",314,633,319
"COTL1","s1337_F_RAP_03_ASEReadCounter.table","NW_015090842.1:7491803",299,617,318
"COTL1","s1337_F_RAP_03_ASEReadCounter.table","NW_015090842.1:7506078",2,2,0
"COTL1","s1337_F_RAP_03_ASEReadCounter.table","NW_015090842.1:7513196",1,1,0
"COTL1","s1337_F_RAP_03_ASEReadCounter.table","NW_015090842.1:7513223",1,1,0
"COTL1","s1337_F_RAP_03_ASEReadCounter.table","NW_015090842.1:7513239",1,1,0
"KLHL36","s1337_F_RAP_03_ASEReadCounter.table","NW_015090842.1:7514700",28,38,10
"KLHL36","s1337_F_RAP_03_ASEReadCounter.table","NW_015090842.1:7519691",1,4,3
"KLHL36","s1337_F_RAP_03_ASEReadCounter.table","NW_015090842.1:7519696",2,5,3
"KLHL36","s1337_F_RAP_03_ASEReadCounter.table","NW_015090842.1:7526160",20,45,25
"KLHL36","s1337_F_RAP_03_ASEReadCounter.table","NW_015090842.1:7526469",24,47,23
"KLHL36","s1337_F_RAP_03_ASEReadCounter.table","NW_015090842.1:7526587",22,53,31
"KLHL36","s1337_F_RAP_03_ASEReadCounter.table","NW_015090842.1:7526997",19,43,24
"KLHL36","s1337_F_RAP_03_ASEReadCounter.table","NW_015090842.1:7527142",20,34,14
"KLHL36","s1337_F_RAP_03_ASEReadCounter.table","NW_015090842.1:7535174",47,93,46
"KLHL36","s1337_F_RAP_03_ASEReadCounter.table","NW_015090842.1:7535384",37,68,31
"KLHL36","s1337_F_RAP_03_ASEReadCounter.table","NW_015090842.1:7535420",42,76,34
"KLHL36","s1337_F_RAP_03_ASEReadCounter.table","NW_015090842.1:7535545",21,49,28
"KLHL36","s1337_F_RAP_03_ASEReadCounter.table","NW_015090842.1:7535829",39,79,40
"KLHL36","s1337_F_RAP_03_ASEReadCounter.table","NW_015090842.1:7535977",34,68,34
"KLHL36","s1337_F_RAP_03_ASEReadCounter.table","NW_015090842.1:7536010",29,60,31
"KLHL36","s1337_F_RAP_03_ASEReadCounter.table","NW_015090842.1:7536051",26,58,32
"KLHL36","s1337_F_RAP_03_ASEReadCounter.table","NW_015090842.1:7536096",22,62,40
"KLHL36","s1337_F_RAP_03_ASEReadCounter.table","NW_015090842.1:7536135",40,89,49
"KLHL36","s1337_F_RAP_03_ASEReadCounter.table","NW_015090842.1:7536136",40,87,47
"KLHL36","s1337_F_RAP_03_ASEReadCounter.table","NW_015090842.1:7536160",44,93,49
"KLHL36","s1337_F_RAP_03_ASEReadCounter.table","NW_015090842.1:7536336",42,84,42
"KLHL36","s1337_F_RAP_03_ASEReadCounter.table","NW_015090842.1:7536352",36,78,42
"KLHL36","s1337_F_RAP_03_ASEReadCounter.table","NW_015090842.1:7536412",21,68,47
"KLHL36","s1337_F_RAP_03_ASEReadCounter.table","NW_015090842.1:7536418",20,65,45
"KLHL36","s1337_F_RAP_03_ASEReadCounter.table","NW_015090842.1:7536465",27,72,45
"KLHL36","s1337_F_RAP_03_ASEReadCounter.table","NW_015090842.1:7536466",27,71,44
"KLHL36","s1337_F_RAP_03_ASEReadCounter.table","NW_015090842.1:7536553",40,81,41
"KLHL36","s1337_F_RAP_03_ASEReadCounter.table","NW_015090842.1:7536698",26,82,56
"KLHL36","s1337_F_RAP_03_ASEReadCounter.table","NW_015090842.1:7536713",17,73,56
"KLHL36","s1337_F_RAP_03_ASEReadCounter.table","NW_015090842.1:7536720",25,70,45
"KLHL36","s1337_F_RAP_03_ASEReadCounter.table","NW_015090842.1:7536791",29,70,41
"KLHL36","s1337_F_RAP_03_ASEReadCounter.table","NW_015090842.1:7536849",32,75,43
"KLHL36","s1337_F_RAP_03_ASEReadCounter.table","NW_015090842.1:7536872",34,77,43
"KLHL36","s1337_F_RAP_03_ASEReadCounter.table","NW_015090842.1:7536878",42,79,37
"KLHL36","s1337_F_RAP_03_ASEReadCounter.table","NW_015090842.1:7536916",53,90,37
"KLHL36","s1337_F_RAP_03_ASEReadCounter.table","NW_015090842.1:7536927",50,112,62
"KLHL36","s1337_F_RAP_03_ASEReadCounter.table","NW_015090842.1:7537315",53,110,57
"KLHL36","s1337_F_RAP_03_ASEReadCounter.table","NW_015090842.1:7537352",42,85,43
"KLHL36","s1337_F_RAP_03_ASEReadCounter.table","NW_015090842.1:7537631",60,129,69
"KLHL36","s1337_F_RAP_03_ASEReadCounter.table","NW_015090842.1:7537830",75,140,65
"KLHL36","s1337_F_RAP_03_ASEReadCounter.table","NW_015090842.1:7537838",67,134,67
"KLHL36","s1337_F_RAP_03_ASEReadCounter.table","NW_015090842.1:7538153",34,85,51
"KLHL36","s1337_F_RAP_03_ASEReadCounter.table","NW_015090842.1:7538256",20,72,52
"KLHL36","s1337_F_RAP_03_ASEReadCounter.table","NW_015090842.1:7538265",17,64,47
"KLHL36","s1337_F_RAP_03_ASEReadCounter.table","NW_015090842.1:7538300",24,73,49
"USP10","s1337_F_RAP_03_ASEReadCounter.table","NW_015090842.1:7563972",13,28,15
"USP10","s1337_F_RAP_03_ASEReadCounter.table","NW_015090842.1:7571816",29,57,28
"USP10","s1337_F_RAP_03_ASEReadCounter.table","NW_015090842.1:7571993",25,63,38
"USP10","s1337_F_RAP_03_ASEReadCounter.table","NW_015090842.1:7572580",41,93,52
"USP10","s1337_F_RAP_03_ASEReadCounter.table","NW_015090842.1:7587372",88,201,113
"CRISPLD2","s1337_F_RAP_03_ASEReadCounter.table","NW_015090842.1:7609883",2,2,0
"CRISPLD2","s1337_F_RAP_03_ASEReadCounter.table","NW_015090842.1:7610084",1,1,0
"CRISPLD2","s1337_F_RAP_03_ASEReadCounter.table","NW_015090842.1:7617781",1,1,0
"CRISPLD2","s1337_F_RAP_03_ASEReadCounter.table","NW_015090842.1:7617790",1,1,0
"CRISPLD2","s1337_F_RAP_03_ASEReadCounter.table","NW_015090842.1:7621452",2,2,0
"CRISPLD2","s1337_F_RAP_03_ASEReadCounter.table","NW_015090842.1:7625451",4,4,0
"CRISPLD2","s1337_F_RAP_03_ASEReadCounter.table","NW_015090842.1:7626214",3,3,0
"CRISPLD2","s1337_F_RAP_03_ASEReadCounter.table","NW_015090842.1:7630784",3,3,0
"CRISPLD2","s1337_F_RAP_03_ASEReadCounter.table","NW_015090842.1:7630823",5,5,0
"CRISPLD2","s1337_F_RAP_03_ASEReadCounter.table","NW_015090842.1:7633172",3,5,2
"CRISPLD2","s1337_F_RAP_03_ASEReadCounter.table","NW_015090842.1:7633326",2,3,1
"CRISPLD2","s1337_F_RAP_03_ASEReadCounter.table","NW_015090842.1:7633336",2,2,0
"CRISPLD2","s1337_F_RAP_03_ASEReadCounter.table","NW_015090842.1:7633381",1,1,0
"CRISPLD2","s1337_F_RAP_03_ASEReadCounter.table","NW_015090842.1:7633400",1,1,0
"CRISPLD2","s1337_F_RAP_03_ASEReadCounter.table","NW_015090842.1:7633486",2,2,0
"CRISPLD2","s1337_F_RAP_03_ASEReadCounter.table","NW_015090842.1:7633503",2,2,0
"CRISPLD2","s1337_F_RAP_03_ASEReadCounter.table","NW_015090842.1:7633504",2,2,0
"CRISPLD2","s1337_F_RAP_03_ASEReadCounter.table","NW_015090842.1:7633557",3,3,0
"CRISPLD2","s1337_F_RAP_03_ASEReadCounter.table","NW_015090842.1:7633571",4,4,0
"CRISPLD2","s1337_F_RAP_03_ASEReadCounter.table","NW_015090842.1:7633588",4,4,0
"CRISPLD2","s1337_F_RAP_03_ASEReadCounter.table","NW_015090842.1:7633617",4,4,0
"CRISPLD2","s1337_F_RAP_03_ASEReadCounter.table","NW_015090842.1:7633695",4,4,0
"CRISPLD2","s1337_F_RAP_03_ASEReadCounter.table","NW_015090842.1:7633721",3,3,0
"CRISPLD2","s1337_F_RAP_03_ASEReadCounter.table","NW_015090842.1:7633910",1,1,0
"CRISPLD2","s1337_F_RAP_03_ASEReadCounter.table","NW_015090842.1:7634142",3,4,1
"CRISPLD2","s1337_F_RAP_03_ASEReadCounter.table","NW_015090842.1:7634417",6,7,1
"CRISPLD2","s1337_F_RAP_03_ASEReadCounter.table","NW_015090842.1:7634825",1,1,0
"CRISPLD2","s1337_F_RAP_03_ASEReadCounter.table","NW_015090842.1:7634852",2,3,1
"CRISPLD2","s1337_F_RAP_03_ASEReadCounter.table","NW_015090842.1:7635009",5,5,0
"CRISPLD2","s1337_F_RAP_03_ASEReadCounter.table","NW_015090842.1:7635208",6,6,0
"CRISPLD2","s1337_F_RAP_03_ASEReadCounter.table","NW_015090842.1:7635373",6,6,0
"CRISPLD2","s1337_F_RAP_03_ASEReadCounter.table","NW_015090842.1:7635525",5,5,0
"CRISPLD2","s1337_F_RAP_03_ASEReadCounter.table","NW_015090842.1:7635583",3,4,1
"CRISPLD2","s1337_F_RAP_03_ASEReadCounter.table","NW_015090842.1:7635924",6,7,1
"LOC106888312","s1337_F_RAP_03_ASEReadCounter.table","NW_015090842.1:7727036",0,1,1
"LOC106888312","s1337_F_RAP_03_ASEReadCounter.table","NW_015090842.1:7727072",0,1,1
"LOC106888312","s1337_F_RAP_03_ASEReadCounter.table","NW_015090842.1:7731961",0,1,1
"ZDHHC7","s1337_F_RAP_03_ASEReadCounter.table","NW_015090842.1:7737199",52,105,53
"ZDHHC7","s1337_F_RAP_03_ASEReadCounter.table","NW_015090842.1:7737332",40,74,34
"ZDHHC7","s1337_F_RAP_03_ASEReadCounter.table","NW_015090842.1:7737553",62,147,85
"ZDHHC7","s1337_F_RAP_03_ASEReadCounter.table","NW_015090842.1:7737920",37,79,42
"ZDHHC7","s1337_F_RAP_03_ASEReadCounter.table","NW_015090842.1:7737953",31,75,44
"ZDHHC7","s1337_F_RAP_03_ASEReadCounter.table","NW_015090842.1:7737987",30,73,43
"ZDHHC7","s1337_F_RAP_03_ASEReadCounter.table","NW_015090842.1:7738068",19,54,35
"ZDHHC7","s1337_F_RAP_03_ASEReadCounter.table","NW_015090842.1:7738204",25,57,32
"LOC106888097","s1337_F_RAP_03_ASEReadCounter.table","NW_015090842.1:7767178",5,16,11
"LOC106888097","s1337_F_RAP_03_ASEReadCounter.table","NW_015090842.1:7767187",5,16,11
"LOC106888097","s1337_F_RAP_03_ASEReadCounter.table","NW_015090842.1:7768144",6,24,18
"LOC106888097","s1337_F_RAP_03_ASEReadCounter.table","NW_015090842.1:7768196",10,40,30
"LOC106888097","s1337_F_RAP_03_ASEReadCounter.table","NW_015090842.1:7769884",10,20,10
"LOC106888097","s1337_F_RAP_03_ASEReadCounter.table","NW_015090842.1:7769893",10,18,8
"LOC106888097","s1337_F_RAP_03_ASEReadCounter.table","NW_015090842.1:7770245",13,32,19
"LOC106888097","s1337_F_RAP_03_ASEReadCounter.table","NW_015090842.1:7772402",16,33,17
"LOC106888097","s1337_F_RAP_03_ASEReadCounter.table","NW_015090842.1:7772483",22,47,25
"LOC106888097","s1337_F_RAP_03_ASEReadCounter.table","NW_015090842.1:7772490",21,48,27
"LOC106888097","s1337_F_RAP_03_ASEReadCounter.table","NW_015090842.1:7774281",17,48,31
"LOC106888097","s1337_F_RAP_03_ASEReadCounter.table","NW_015090842.1:7774552",31,88,57
"LOC106888097","s1337_F_RAP_03_ASEReadCounter.table","NW_015090842.1:7774564",30,89,59
"LOC106888097","s1337_F_RAP_03_ASEReadCounter.table","NW_015090842.1:7774611",18,72,54
"LOC106888097","s1337_F_RAP_03_ASEReadCounter.table","NW_015090842.1:7774681",28,70,42
"LOC106888097","s1337_F_RAP_03_ASEReadCounter.table","NW_015090842.1:7774698",23,52,29
"LOC106888097","s1337_F_RAP_03_ASEReadCounter.table","NW_015090842.1:7774730",11,26,15
"LOC106888097","s1337_F_RAP_03_ASEReadCounter.table","NW_015090842.1:7774778",2,2,0
"LOC106888097","s1337_F_RAP_03_ASEReadCounter.table","NW_015090842.1:7774793",2,2,0
"FOXL1","s1337_F_RAP_03_ASEReadCounter.table","NW_015090842.1:8113043",1,2,1
"FOXC2","s1337_F_RAP_03_ASEReadCounter.table","NW_015090842.1:8129599",2,3,1
"FOXC2","s1337_F_RAP_03_ASEReadCounter.table","NW_015090842.1:8129616",4,7,3
"FOXC2","s1337_F_RAP_03_ASEReadCounter.table","NW_015090842.1:8129715",2,6,4
"FOXC2","s1337_F_RAP_03_ASEReadCounter.table","NW_015090842.1:8129719",2,6,4
"FOXC2","s1337_F_RAP_03_ASEReadCounter.table","NW_015090842.1:8130244",1,6,5
"FOXC2","s1337_F_RAP_03_ASEReadCounter.table","NW_015090842.1:8130472",2,6,4
"FOXC2","s1337_F_RAP_03_ASEReadCounter.table","NW_015090842.1:8130490",3,7,4
"FOXC2","s1337_F_RAP_03_ASEReadCounter.table","NW_015090842.1:8130547",4,7,3
"FOXC2","s1337_F_RAP_03_ASEReadCounter.table","NW_015090842.1:8130550",4,7,3
"FOXC2","s1337_F_RAP_03_ASEReadCounter.table","NW_015090842.1:8130573",4,5,1
"FOXC2","s1337_F_RAP_03_ASEReadCounter.table","NW_015090842.1:8130575",4,5,1
"MTHFSD","s1337_F_RAP_03_ASEReadCounter.table","NW_015090842.1:8140051",11,26,15
"MTHFSD","s1337_F_RAP_03_ASEReadCounter.table","NW_015090842.1:8142923",28,55,27
"MTHFSD","s1337_F_RAP_03_ASEReadCounter.table","NW_015090842.1:8143029",28,55,27
"MTHFSD","s1337_F_RAP_03_ASEReadCounter.table","NW_015090842.1:8152035",16,32,16
"MTHFSD","s1337_F_RAP_03_ASEReadCounter.table","NW_015090842.1:8152315",14,33,19
"MTHFSD","s1337_F_RAP_03_ASEReadCounter.table","NW_015090842.1:8152511",16,31,15
"MTHFSD","s1337_F_RAP_03_ASEReadCounter.table","NW_015090842.1:8152518",16,29,13
"MTHFSD","s1337_F_RAP_03_ASEReadCounter.table","NW_015090842.1:8152553",12,23,11
"MTHFSD","s1337_F_RAP_03_ASEReadCounter.table","NW_015090842.1:8152773",21,43,22
"MTHFSD","s1337_F_RAP_03_ASEReadCounter.table","NW_015090842.1:8152805",19,42,23
"IRF8","s1337_F_RAP_03_ASEReadCounter.table","NW_015090842.1:8406652",12,28,16
"IRF8","s1337_F_RAP_03_ASEReadCounter.table","NW_015090842.1:8406703",13,29,16
"IRF8","s1337_F_RAP_03_ASEReadCounter.table","NW_015090842.1:8406704",15,30,15
"IRF8","s1337_F_RAP_03_ASEReadCounter.table","NW_015090842.1:8406757",5,28,23
"IRF8","s1337_F_RAP_03_ASEReadCounter.table","NW_015090842.1:8406778",13,24,11
"IRF8","s1337_F_RAP_03_ASEReadCounter.table","NW_015090842.1:8406819",10,23,13
"IRF8","s1337_F_RAP_03_ASEReadCounter.table","NW_015090842.1:8406941",10,25,15
"IRF8","s1337_F_RAP_03_ASEReadCounter.table","NW_015090842.1:8407008",10,22,12
"IRF8","s1337_F_RAP_03_ASEReadCounter.table","NW_015090842.1:8407057",5,11,6
"IRF8","s1337_F_RAP_03_ASEReadCounter.table","NW_015090842.1:8407064",4,10,6
"IRF8","s1337_F_RAP_03_ASEReadCounter.table","NW_015090842.1:8407069",6,12,6
"IRF8","s1337_F_RAP_03_ASEReadCounter.table","NW_015090842.1:8407120",6,12,6
"IRF8","s1337_F_RAP_03_ASEReadCounter.table","NW_015090842.1:8407157",8,12,4
"IRF8","s1337_F_RAP_03_ASEReadCounter.table","NW_015090842.1:8407203",8,19,11
"IRF8","s1337_F_RAP_03_ASEReadCounter.table","NW_015090842.1:8407272",10,26,16
"IRF8","s1337_F_RAP_03_ASEReadCounter.table","NW_015090842.1:8407276",10,25,15
"IRF8","s1337_F_RAP_03_ASEReadCounter.table","NW_015090842.1:8407303",13,35,22
"IRF8","s1337_F_RAP_03_ASEReadCounter.table","NW_015090842.1:8407451",10,24,14
"IRF8","s1337_F_RAP_03_ASEReadCounter.table","NW_015090842.1:8407456",11,24,13
"IRF8","s1337_F_RAP_03_ASEReadCounter.table","NW_015090842.1:8408564",8,14,6
"IRF8","s1337_F_RAP_03_ASEReadCounter.table","NW_015090842.1:8408585",2,7,5
"IRF8","s1337_F_RAP_03_ASEReadCounter.table","NW_015090842.1:8408973",11,16,5
"IRF8","s1337_F_RAP_03_ASEReadCounter.table","NW_015090842.1:8409060",8,15,7
"IRF8","s1337_F_RAP_03_ASEReadCounter.table","NW_015090842.1:8409065",8,15,7
"IRF8","s1337_F_RAP_03_ASEReadCounter.table","NW_015090842.1:8409254",6,12,6
"IRF8","s1337_F_RAP_03_ASEReadCounter.table","NW_015090842.1:8409255",6,12,6
"IRF8","s1337_F_RAP_03_ASEReadCounter.table","NW_015090842.1:8409258",6,12,6
"IRF8","s1337_F_RAP_03_ASEReadCounter.table","NW_015090842.1:8409312",10,18,8
"IRF8","s1337_F_RAP_03_ASEReadCounter.table","NW_015090842.1:8410216",0,17,17
"IRF8","s1337_F_RAP_03_ASEReadCounter.table","NW_015090842.1:8410237",0,20,20
"IRF8","s1337_F_RAP_03_ASEReadCounter.table","NW_015090842.1:8410276",7,16,9
"IRF8","s1337_F_RAP_03_ASEReadCounter.table","NW_015090842.1:8410813",9,18,9
"IRF8","s1337_F_RAP_03_ASEReadCounter.table","NW_015090842.1:8410861",13,21,8
"IRF8","s1337_F_RAP_03_ASEReadCounter.table","NW_015090842.1:8411940",10,15,5
"IRF8","s1337_F_RAP_03_ASEReadCounter.table","NW_015090842.1:8412006",5,11,6
"IRF8","s1337_F_RAP_03_ASEReadCounter.table","NW_015090842.1:8412042",6,13,7
"DUSP15","s1337_F_RAP_03_ASEReadCounter.table","NW_015090842.1:8422787",3,3,0
"DUSP15","s1337_F_RAP_03_ASEReadCounter.table","NW_015090842.1:8422832",2,3,1
"DUSP15","s1337_F_RAP_03_ASEReadCounter.table","NW_015090842.1:8422898",2,3,1
"DUSP15","s1337_F_RAP_03_ASEReadCounter.table","NW_015090842.1:8422909",2,3,1
"COX4I1","s1337_F_RAP_03_ASEReadCounter.table","NW_015090842.1:8442258",1415,2820,1405
"COX4I1","s1337_F_RAP_03_ASEReadCounter.table","NW_015090842.1:8442333",1207,2399,1192
"EMC8","s1337_F_RAP_03_ASEReadCounter.table","NW_015090842.1:8444046",53,124,71
"EMC8","s1337_F_RAP_03_ASEReadCounter.table","NW_015090842.1:8444064",52,112,60
"EMC8","s1337_F_RAP_03_ASEReadCounter.table","NW_015090842.1:8452029",29,74,45
"EMC8","s1337_F_RAP_03_ASEReadCounter.table","NW_015090842.1:8452116",27,75,48
"EMC8","s1337_F_RAP_03_ASEReadCounter.table","NW_015090842.1:8452121",27,77,50
"EMC8","s1337_F_RAP_03_ASEReadCounter.table","NW_015090842.1:8452222",34,67,33
"EMC8","s1337_F_RAP_03_ASEReadCounter.table","NW_015090842.1:8452244",32,72,40
"EMC8","s1337_F_RAP_03_ASEReadCounter.table","NW_015090842.1:8452477",17,30,13
"EMC8","s1337_F_RAP_03_ASEReadCounter.table","NW_015090842.1:8452498",10,26,16
"EMC8","s1337_F_RAP_03_ASEReadCounter.table","NW_015090842.1:8452535",7,21,14
"EMC8","s1337_F_RAP_03_ASEReadCounter.table","NW_015090842.1:8452575",3,12,9
"EMC8","s1337_F_RAP_03_ASEReadCounter.table","NW_015090842.1:8452600",7,15,8
"EMC8","s1337_F_RAP_03_ASEReadCounter.table","NW_015090842.1:8452616",8,14,6
"EMC8","s1337_F_RAP_03_ASEReadCounter.table","NW_015090842.1:8452630",8,13,5
"EMC8","s1337_F_RAP_03_ASEReadCounter.table","NW_015090842.1:8452650",9,16,7
"EMC8","s1337_F_RAP_03_ASEReadCounter.table","NW_015090842.1:8452678",13,24,11
"EMC8","s1337_F_RAP_03_ASEReadCounter.table","NW_015090842.1:8452724",11,22,11
"EMC8","s1337_F_RAP_03_ASEReadCounter.table","NW_015090842.1:8452731",12,23,11
"EMC8","s1337_F_RAP_03_ASEReadCounter.table","NW_015090842.1:8452743",11,24,13
"EMC8","s1337_F_RAP_03_ASEReadCounter.table","NW_015090842.1:8452750",6,20,14
"EMC8","s1337_F_RAP_03_ASEReadCounter.table","NW_015090842.1:8452778",9,25,16
"EMC8","s1337_F_RAP_03_ASEReadCounter.table","NW_015090842.1:8452783",8,26,18
"EMC8","s1337_F_RAP_03_ASEReadCounter.table","NW_015090842.1:8452800",9,29,20
"EMC8","s1337_F_RAP_03_ASEReadCounter.table","NW_015090842.1:8452804",9,27,18
"EMC8","s1337_F_RAP_03_ASEReadCounter.table","NW_015090842.1:8452812",9,25,16
"EMC8","s1337_F_RAP_03_ASEReadCounter.table","NW_015090842.1:8452858",8,26,18
"EMC8","s1337_F_RAP_03_ASEReadCounter.table","NW_015090842.1:8452906",13,38,25
"EMC8","s1337_F_RAP_03_ASEReadCounter.table","NW_015090842.1:8452913",12,39,27
"EMC8","s1337_F_RAP_03_ASEReadCounter.table","NW_015090842.1:8453000",21,32,11
"EMC8","s1337_F_RAP_03_ASEReadCounter.table","NW_015090842.1:8453007",21,35,14
"EMC8","s1337_F_RAP_03_ASEReadCounter.table","NW_015090842.1:8453058",22,40,18
"EMC8","s1337_F_RAP_03_ASEReadCounter.table","NW_015090842.1:8453106",13,33,20
"GINS2","s1337_F_RAP_03_ASEReadCounter.table","NW_015090842.1:8466420",14,16,2
"GINS2","s1337_F_RAP_03_ASEReadCounter.table","NW_015090842.1:8466424",14,18,4
"GINS2","s1337_F_RAP_03_ASEReadCounter.table","NW_015090842.1:8466518",8,9,1
"GINS2","s1337_F_RAP_03_ASEReadCounter.table","NW_015090842.1:8468482",31,36,5
"GINS2","s1337_F_RAP_03_ASEReadCounter.table","NW_015090842.1:8470290",24,32,8
"GINS2","s1337_F_RAP_03_ASEReadCounter.table","NW_015090842.1:8470305",27,37,10
"GINS2","s1337_F_RAP_03_ASEReadCounter.table","NW_015090842.1:8470381",32,36,4
"GINS2","s1337_F_RAP_03_ASEReadCounter.table","NW_015090842.1:8470418",31,36,5
"GINS2","s1337_F_RAP_03_ASEReadCounter.table","NW_015090842.1:8470421",30,36,6
"GINS2","s1337_F_RAP_03_ASEReadCounter.table","NW_015090842.1:8470430",27,33,6
"GINS2","s1337_F_RAP_03_ASEReadCounter.table","NW_015090842.1:8470433",28,34,6
"GINS2","s1337_F_RAP_03_ASEReadCounter.table","NW_015090842.1:8470457",15,20,5
"GINS2","s1337_F_RAP_03_ASEReadCounter.table","NW_015090842.1:8470491",13,18,5
"GINS2","s1337_F_RAP_03_ASEReadCounter.table","NW_015090842.1:8470548",20,24,4
"GINS2","s1337_F_RAP_03_ASEReadCounter.table","NW_015090842.1:8470649",16,20,4
"GSE1","s1337_F_RAP_03_ASEReadCounter.table","NW_015090842.1:8475362",29,66,37
"GSE1","s1337_F_RAP_03_ASEReadCounter.table","NW_015090842.1:8475961",20,29,9
"GSE1","s1337_F_RAP_03_ASEReadCounter.table","NW_015090842.1:8476027",22,33,11
"GSE1","s1337_F_RAP_03_ASEReadCounter.table","NW_015090842.1:8476159",7,9,2
"GSE1","s1337_F_RAP_03_ASEReadCounter.table","NW_015090842.1:8477442",0,15,15
"GSE1","s1337_F_RAP_03_ASEReadCounter.table","NW_015090842.1:8477448",0,16,16
"GSE1","s1337_F_RAP_03_ASEReadCounter.table","NW_015090842.1:8477662",1,9,8
"GSE1","s1337_F_RAP_03_ASEReadCounter.table","NW_015090842.1:8477933",6,18,12
"GSE1","s1337_F_RAP_03_ASEReadCounter.table","NW_015090842.1:8477945",5,15,10
"GSE1","s1337_F_RAP_03_ASEReadCounter.table","NW_015090842.1:8483272",4,21,17
"GSE1","s1337_F_RAP_03_ASEReadCounter.table","NW_015090842.1:8483367",1,6,5
"GSE1","s1337_F_RAP_03_ASEReadCounter.table","NW_015090842.1:8483411",2,6,4
"GSE1","s1337_F_RAP_03_ASEReadCounter.table","NW_015090842.1:8483756",3,13,10
"GSE1","s1337_F_RAP_03_ASEReadCounter.table","NW_015090842.1:8486867",20,28,8
"GSE1","s1337_F_RAP_03_ASEReadCounter.table","NW_015090842.1:8486939",25,39,14
"GSE1","s1337_F_RAP_03_ASEReadCounter.table","NW_015090842.1:8486945",24,39,15
"GSE1","s1337_F_RAP_03_ASEReadCounter.table","NW_015090842.1:8486993",21,31,10
"GSE1","s1337_F_RAP_03_ASEReadCounter.table","NW_015090842.1:8487062",23,33,10
"GSE1","s1337_F_RAP_03_ASEReadCounter.table","NW_015090842.1:8488065",17,25,8
"GSE1","s1337_F_RAP_03_ASEReadCounter.table","NW_015090842.1:8488457",12,18,6
"GSE1","s1337_F_RAP_03_ASEReadCounter.table","NW_015090842.1:8488463",13,18,5
"GSE1","s1337_F_RAP_03_ASEReadCounter.table","NW_015090842.1:8488490",9,22,13
"GSE1","s1337_F_RAP_03_ASEReadCounter.table","NW_015090842.1:8488505",12,23,11
"GSE1","s1337_F_RAP_03_ASEReadCounter.table","NW_015090842.1:8490180",0,23,23
"KIAA0513","s1337_F_RAP_03_ASEReadCounter.table","NW_015090842.1:8668363",150,299,149
"KIAA0513","s1337_F_RAP_03_ASEReadCounter.table","NW_015090842.1:8668387",139,283,144
"KIAA0513","s1337_F_RAP_03_ASEReadCounter.table","NW_015090842.1:8668390",140,285,145
"KIAA0513","s1337_F_RAP_03_ASEReadCounter.table","NW_015090842.1:8673107",153,298,145
"KIAA0513","s1337_F_RAP_03_ASEReadCounter.table","NW_015090842.1:8673147",135,294,159
"KIAA0513","s1337_F_RAP_03_ASEReadCounter.table","NW_015090842.1:8674661",105,217,112
"KIAA0513","s1337_F_RAP_03_ASEReadCounter.table","NW_015090842.1:8674685",114,220,106
"KIAA0513","s1337_F_RAP_03_ASEReadCounter.table","NW_015090842.1:8674730",89,178,89
"KIAA0513","s1337_F_RAP_03_ASEReadCounter.table","NW_015090842.1:8675525",91,206,115
"KIAA0513","s1337_F_RAP_03_ASEReadCounter.table","NW_015090842.1:8675561",80,188,108
"KIAA0513","s1337_F_RAP_03_ASEReadCounter.table","NW_015090842.1:8678608",0,38,38
"KIAA0513","s1337_F_RAP_03_ASEReadCounter.table","NW_015090842.1:8686455",0,30,30
"KIAA0513","s1337_F_RAP_03_ASEReadCounter.table","NW_015090842.1:8686508",0,38,38
"KIAA0513","s1337_F_RAP_03_ASEReadCounter.table","NW_015090842.1:8686521",0,39,39
"KIAA0513","s1337_F_RAP_03_ASEReadCounter.table","NW_015090842.1:8693642",5,9,4
"KIAA0513","s1337_F_RAP_03_ASEReadCounter.table","NW_015090842.1:8693712",5,13,8
"KIAA0513","s1337_F_RAP_03_ASEReadCounter.table","NW_015090842.1:8695794",0,1,1
"FBXO31","s1337_F_RAP_03_ASEReadCounter.table","NW_015090842.1:8710240",47,80,33
"FBXO31","s1337_F_RAP_03_ASEReadCounter.table","NW_015090842.1:8710372",35,75,40
"FBXO31","s1337_F_RAP_03_ASEReadCounter.table","NW_015090842.1:8711239",49,81,32
"FBXO31","s1337_F_RAP_03_ASEReadCounter.table","NW_015090842.1:8714565",52,96,44
"FBXO31","s1337_F_RAP_03_ASEReadCounter.table","NW_015090842.1:8716001",37,64,27
"FBXO31","s1337_F_RAP_03_ASEReadCounter.table","NW_015090842.1:8725050",1,1,0
"FBXO31","s1337_F_RAP_03_ASEReadCounter.table","NW_015090842.1:8725057",1,1,0
"FBXO31","s1337_F_RAP_03_ASEReadCounter.table","NW_015090842.1:8725370",1,1,0
"ZCCHC14","s1337_F_RAP_03_ASEReadCounter.table","NW_015090842.1:8750174",13,23,10
"ZCCHC14","s1337_F_RAP_03_ASEReadCounter.table","NW_015090842.1:8750189",4,28,24
"ZCCHC14","s1337_F_RAP_03_ASEReadCounter.table","NW_015090842.1:8750365",26,47,21
"ZCCHC14","s1337_F_RAP_03_ASEReadCounter.table","NW_015090842.1:8750433",32,51,19
"ZCCHC14","s1337_F_RAP_03_ASEReadCounter.table","NW_015090842.1:8750449",28,47,19
"ZCCHC14","s1337_F_RAP_03_ASEReadCounter.table","NW_015090842.1:8750456",30,49,19
"ZCCHC14","s1337_F_RAP_03_ASEReadCounter.table","NW_015090842.1:8750497",33,48,15
"ZCCHC14","s1337_F_RAP_03_ASEReadCounter.table","NW_015090842.1:8750547",32,45,13
"ZCCHC14","s1337_F_RAP_03_ASEReadCounter.table","NW_015090842.1:8751100",11,18,7
"ZCCHC14","s1337_F_RAP_03_ASEReadCounter.table","NW_015090842.1:8751374",20,42,22
"ZCCHC14","s1337_F_RAP_03_ASEReadCounter.table","NW_015090842.1:8751403",23,45,22
"ZCCHC14","s1337_F_RAP_03_ASEReadCounter.table","NW_015090842.1:8751517",31,53,22
"ZCCHC14","s1337_F_RAP_03_ASEReadCounter.table","NW_015090842.1:8752060",10,19,9
"ZCCHC14","s1337_F_RAP_03_ASEReadCounter.table","NW_015090842.1:8752172",17,31,14
"ZCCHC14","s1337_F_RAP_03_ASEReadCounter.table","NW_015090842.1:8752183",15,30,15
"ZCCHC14","s1337_F_RAP_03_ASEReadCounter.table","NW_015090842.1:8752198",17,33,16
"ZCCHC14","s1337_F_RAP_03_ASEReadCounter.table","NW_015090842.1:8752248",23,39,16
"ZCCHC14","s1337_F_RAP_03_ASEReadCounter.table","NW_015090842.1:8752326",14,31,17
"ZCCHC14","s1337_F_RAP_03_ASEReadCounter.table","NW_015090842.1:8752393",19,36,17
"ZCCHC14","s1337_F_RAP_03_ASEReadCounter.table","NW_015090842.1:8752914",22,33,11
"ZCCHC14","s1337_F_RAP_03_ASEReadCounter.table","NW_015090842.1:8753528",12,23,11
"ZCCHC14","s1337_F_RAP_03_ASEReadCounter.table","NW_015090842.1:8753892",9,18,9
"ZCCHC14","s1337_F_RAP_03_ASEReadCounter.table","NW_015090842.1:8753910",10,16,6
"ZCCHC14","s1337_F_RAP_03_ASEReadCounter.table","NW_015090842.1:8755096",6,16,10
"ZCCHC14","s1337_F_RAP_03_ASEReadCounter.table","NW_015090842.1:8755327",6,12,6
"ZCCHC14","s1337_F_RAP_03_ASEReadCounter.table","NW_015090842.1:8755723",3,11,8
"ZCCHC14","s1337_F_RAP_03_ASEReadCounter.table","NW_015090842.1:8755739",3,9,6
"ZCCHC14","s1337_F_RAP_03_ASEReadCounter.table","NW_015090842.1:8756149",4,8,4
"ZCCHC14","s1337_F_RAP_03_ASEReadCounter.table","NW_015090842.1:8756347",10,14,4
"ZCCHC14","s1337_F_RAP_03_ASEReadCounter.table","NW_015090842.1:8756361",10,14,4
"ZCCHC14","s1337_F_RAP_03_ASEReadCounter.table","NW_015090842.1:8756388",5,8,3
"ZCCHC14","s1337_F_RAP_03_ASEReadCounter.table","NW_015090842.1:8756389",5,8,3
"ZCCHC14","s1337_F_RAP_03_ASEReadCounter.table","NW_015090842.1:8757160",3,8,5
"ZCCHC14","s1337_F_RAP_03_ASEReadCounter.table","NW_015090842.1:8804511",2,5,3
"ZCCHC14","s1337_F_RAP_03_ASEReadCounter.table","NW_015090842.1:8804979",0,2,2
"JPH3","s1337_F_RAP_03_ASEReadCounter.table","NW_015090842.1:8845375",20,42,22
"JPH3","s1337_F_RAP_03_ASEReadCounter.table","NW_015090842.1:8845640",41,77,36
"JPH3","s1337_F_RAP_03_ASEReadCounter.table","NW_015090842.1:8845654",44,88,44
"JPH3","s1337_F_RAP_03_ASEReadCounter.table","NW_015090842.1:8872283",54,109,55
"JPH3","s1337_F_RAP_03_ASEReadCounter.table","NW_015090842.1:8872294",55,113,58
"JPH3","s1337_F_RAP_03_ASEReadCounter.table","NW_015090842.1:8872730",54,113,59
"JPH3","s1337_F_RAP_03_ASEReadCounter.table","NW_015090842.1:8885260",103,203,100
"JPH3","s1337_F_RAP_03_ASEReadCounter.table","NW_015090842.1:8885315",85,178,93
"JPH3","s1337_F_RAP_03_ASEReadCounter.table","NW_015090842.1:8885328",65,146,81
"JPH3","s1337_F_RAP_03_ASEReadCounter.table","NW_015090842.1:8885438",68,144,76
"JPH3","s1337_F_RAP_03_ASEReadCounter.table","NW_015090842.1:8885525",20,80,60
"KLHDC4","s1337_F_RAP_03_ASEReadCounter.table","NW_015090842.1:8890729",40,65,25
"KLHDC4","s1337_F_RAP_03_ASEReadCounter.table","NW_015090842.1:8890749",47,68,21
"KLHDC4","s1337_F_RAP_03_ASEReadCounter.table","NW_015090842.1:8890761",46,68,22
"KLHDC4","s1337_F_RAP_03_ASEReadCounter.table","NW_015090842.1:8891123",77,115,38
"KLHDC4","s1337_F_RAP_03_ASEReadCounter.table","NW_015090842.1:8893124",62,102,40
"KLHDC4","s1337_F_RAP_03_ASEReadCounter.table","NW_015090842.1:8894542",51,81,30
"KLHDC4","s1337_F_RAP_03_ASEReadCounter.table","NW_015090842.1:8896726",45,66,21
"KLHDC4","s1337_F_RAP_03_ASEReadCounter.table","NW_015090842.1:8896767",36,55,19
"KLHDC4","s1337_F_RAP_03_ASEReadCounter.table","NW_015090842.1:8904174",31,52,21
"KLHDC4","s1337_F_RAP_03_ASEReadCounter.table","NW_015090842.1:8904231",38,55,17
"KLHDC4","s1337_F_RAP_03_ASEReadCounter.table","NW_015090842.1:8905251",35,51,16
"KLHDC4","s1337_F_RAP_03_ASEReadCounter.table","NW_015090842.1:8905263",32,46,14
"KLHDC4","s1337_F_RAP_03_ASEReadCounter.table","NW_015090842.1:8919626",4,7,3
"SLC7A5","s1337_F_RAP_03_ASEReadCounter.table","NW_015090842.1:8938782",199,460,261
"SLC7A5","s1337_F_RAP_03_ASEReadCounter.table","NW_015090842.1:8938943",152,358,206
"SLC7A5","s1337_F_RAP_03_ASEReadCounter.table","NW_015090842.1:8939611",113,184,71
"SLC7A5","s1337_F_RAP_03_ASEReadCounter.table","NW_015090842.1:8939738",127,301,174
"SLC7A5","s1337_F_RAP_03_ASEReadCounter.table","NW_015090842.1:8939739",128,300,172
"SLC7A5","s1337_F_RAP_03_ASEReadCounter.table","NW_015090842.1:8939740",122,305,183
"SLC7A5","s1337_F_RAP_03_ASEReadCounter.table","NW_015090842.1:8939795",135,285,150
"SLC7A5","s1337_F_RAP_03_ASEReadCounter.table","NW_015090842.1:8939815",117,300,183
"SLC7A5","s1337_F_RAP_03_ASEReadCounter.table","NW_015090842.1:8939816",117,299,182
"SLC7A5","s1337_F_RAP_03_ASEReadCounter.table","NW_015090842.1:8939817",114,304,190
"SLC7A5","s1337_F_RAP_03_ASEReadCounter.table","NW_015090842.1:8939845",119,302,183
"SLC7A5","s1337_F_RAP_03_ASEReadCounter.table","NW_015090842.1:8939894",113,295,182
"SLC7A5","s1337_F_RAP_03_ASEReadCounter.table","NW_015090842.1:8939895",116,294,178
"SLC7A5","s1337_F_RAP_03_ASEReadCounter.table","NW_015090842.1:8939997",273,467,194
"SLC7A5","s1337_F_RAP_03_ASEReadCounter.table","NW_015090842.1:8940172",162,365,203
"SLC7A5","s1337_F_RAP_03_ASEReadCounter.table","NW_015090842.1:8940331",74,166,92
"SLC7A5","s1337_F_RAP_03_ASEReadCounter.table","NW_015090842.1:8940696",109,205,96
"SLC7A5","s1337_F_RAP_03_ASEReadCounter.table","NW_015090842.1:8940719",57,191,134
"SLC7A5","s1337_F_RAP_03_ASEReadCounter.table","NW_015090842.1:8940737",61,180,119
"SLC7A5","s1337_F_RAP_03_ASEReadCounter.table","NW_015090842.1:8940743",62,183,121
"SLC7A5","s1337_F_RAP_03_ASEReadCounter.table","NW_015090842.1:8940766",81,208,127
"SLC7A5","s1337_F_RAP_03_ASEReadCounter.table","NW_015090842.1:8940769",81,231,150
"SLC7A5","s1337_F_RAP_03_ASEReadCounter.table","NW_015090842.1:8940861",87,217,130
"SLC7A5","s1337_F_RAP_03_ASEReadCounter.table","NW_015090842.1:8941068",109,266,157
"SLC7A5","s1337_F_RAP_03_ASEReadCounter.table","NW_015090842.1:8941467",73,201,128
"SLC7A5","s1337_F_RAP_03_ASEReadCounter.table","NW_015090842.1:8941531",71,187,116
"SLC7A5","s1337_F_RAP_03_ASEReadCounter.table","NW_015090842.1:8941588",100,224,124
"SLC7A5","s1337_F_RAP_03_ASEReadCounter.table","NW_015090842.1:8941698",61,143,82
"SLC7A5","s1337_F_RAP_03_ASEReadCounter.table","NW_015090842.1:8941717",68,152,84
"SLC7A5","s1337_F_RAP_03_ASEReadCounter.table","NW_015090842.1:8941745",60,149,89
"SLC7A5","s1337_F_RAP_03_ASEReadCounter.table","NW_015090842.1:8941781",64,176,112
"SLC7A5","s1337_F_RAP_03_ASEReadCounter.table","NW_015090842.1:8941887",46,118,72
"SLC7A5","s1337_F_RAP_03_ASEReadCounter.table","NW_015090842.1:8941968",44,140,96
"SLC7A5","s1337_F_RAP_03_ASEReadCounter.table","NW_015090842.1:8942025",55,161,106
"SLC7A5","s1337_F_RAP_03_ASEReadCounter.table","NW_015090842.1:8942069",65,168,103
"SLC7A5","s1337_F_RAP_03_ASEReadCounter.table","NW_015090842.1:8942170",73,184,111
"SLC7A5","s1337_F_RAP_03_ASEReadCounter.table","NW_015090842.1:8942241",71,190,119
"SLC7A5","s1337_F_RAP_03_ASEReadCounter.table","NW_015090842.1:8942283",63,175,112
"SLC7A5","s1337_F_RAP_03_ASEReadCounter.table","NW_015090842.1:8942717",97,237,140
"SLC7A5","s1337_F_RAP_03_ASEReadCounter.table","NW_015090842.1:8942756",117,276,159
"SLC7A5","s1337_F_RAP_03_ASEReadCounter.table","NW_015090842.1:8942766",116,279,163
"SLC7A5","s1337_F_RAP_03_ASEReadCounter.table","NW_015090842.1:8943271",76,171,95
"SLC7A5","s1337_F_RAP_03_ASEReadCounter.table","NW_015090842.1:8943524",53,113,60
"SLC7A5","s1337_F_RAP_03_ASEReadCounter.table","NW_015090842.1:8943530",59,121,62
"SLC7A5","s1337_F_RAP_03_ASEReadCounter.table","NW_015090842.1:8943602",51,135,84
"SLC7A5","s1337_F_RAP_03_ASEReadCounter.table","NW_015090842.1:8943622",43,130,87
"SLC7A5","s1337_F_RAP_03_ASEReadCounter.table","NW_015090842.1:8943661",51,134,83
"SLC7A5","s1337_F_RAP_03_ASEReadCounter.table","NW_015090842.1:8943686",49,121,72
"SLC7A5","s1337_F_RAP_03_ASEReadCounter.table","NW_015090842.1:8943788",47,126,79
"SLC7A5","s1337_F_RAP_03_ASEReadCounter.table","NW_015090842.1:8943814",39,114,75
"SLC7A5","s1337_F_RAP_03_ASEReadCounter.table","NW_015090842.1:8943876",41,117,76
"SLC7A5","s1337_F_RAP_03_ASEReadCounter.table","NW_015090842.1:8943892",43,123,80
"SLC7A5","s1337_F_RAP_03_ASEReadCounter.table","NW_015090842.1:8944097",49,118,69
"SLC7A5","s1337_F_RAP_03_ASEReadCounter.table","NW_015090842.1:8944104",54,125,71
"SLC7A5","s1337_F_RAP_03_ASEReadCounter.table","NW_015090842.1:8944293",31,73,42
"SLC7A5","s1337_F_RAP_03_ASEReadCounter.table","NW_015090842.1:8944297",30,70,40
"SLC7A5","s1337_F_RAP_03_ASEReadCounter.table","NW_015090842.1:8944397",44,92,48
"SLC7A5","s1337_F_RAP_03_ASEReadCounter.table","NW_015090842.1:8944552",49,114,65
"SLC7A5","s1337_F_RAP_03_ASEReadCounter.table","NW_015090842.1:8944629",54,125,71
"CA5A","s1337_F_RAP_03_ASEReadCounter.table","NW_015090842.1:8989479",110,208,98
"CA5A","s1337_F_RAP_03_ASEReadCounter.table","NW_015090842.1:8989562",145,244,99
"CA5A","s1337_F_RAP_03_ASEReadCounter.table","NW_015090842.1:8989609",172,290,118
"CA5A","s1337_F_RAP_03_ASEReadCounter.table","NW_015090842.1:8989693",170,320,150
"CA5A","s1337_F_RAP_03_ASEReadCounter.table","NW_015090842.1:8989702",179,315,136
"CA5A","s1337_F_RAP_03_ASEReadCounter.table","NW_015090842.1:8989746",185,334,149
"CA5A","s1337_F_RAP_03_ASEReadCounter.table","NW_015090842.1:8989880",153,304,151
"CA5A","s1337_F_RAP_03_ASEReadCounter.table","NW_015090842.1:8989885",157,310,153
"CA5A","s1337_F_RAP_03_ASEReadCounter.table","NW_015090842.1:8989929",171,317,146
"CA5A","s1337_F_RAP_03_ASEReadCounter.table","NW_015090842.1:8990002",155,287,132
"CA5A","s1337_F_RAP_03_ASEReadCounter.table","NW_015090842.1:8990004",156,291,135
"CA5A","s1337_F_RAP_03_ASEReadCounter.table","NW_015090842.1:8990005",154,289,135
"CA5A","s1337_F_RAP_03_ASEReadCounter.table","NW_015090842.1:8990017",133,250,117
"CA5A","s1337_F_RAP_03_ASEReadCounter.table","NW_015090842.1:8990043",101,189,88
"CA5A","s1337_F_RAP_03_ASEReadCounter.table","NW_015090842.1:8990060",90,198,108
"CA5A","s1337_F_RAP_03_ASEReadCounter.table","NW_015090842.1:8990080",86,170,84
"CA5A","s1337_F_RAP_03_ASEReadCounter.table","NW_015090842.1:8990084",91,171,80
"CA5A","s1337_F_RAP_03_ASEReadCounter.table","NW_015090842.1:8990090",104,185,81
"CA5A","s1337_F_RAP_03_ASEReadCounter.table","NW_015090842.1:8990095",96,180,84
"CA5A","s1337_F_RAP_03_ASEReadCounter.table","NW_015090842.1:8990111",84,163,79
"CA5A","s1337_F_RAP_03_ASEReadCounter.table","NW_015090842.1:8990112",84,160,76
"CA5A","s1337_F_RAP_03_ASEReadCounter.table","NW_015090842.1:8990115",99,174,75
"CA5A","s1337_F_RAP_03_ASEReadCounter.table","NW_015090842.1:8990166",97,160,63
"CA5A","s1337_F_RAP_03_ASEReadCounter.table","NW_015090842.1:8990169",102,165,63
"CA5A","s1337_F_RAP_03_ASEReadCounter.table","NW_015090842.1:8990193",68,167,99
"CA5A","s1337_F_RAP_03_ASEReadCounter.table","NW_015090842.1:8990222",72,145,73
"CA5A","s1337_F_RAP_03_ASEReadCounter.table","NW_015090842.1:8990289",98,174,76
"CA5A","s1337_F_RAP_03_ASEReadCounter.table","NW_015090842.1:8990314",96,179,83
"CA5A","s1337_F_RAP_03_ASEReadCounter.table","NW_015090842.1:8990361",76,161,85
"CA5A","s1337_F_RAP_03_ASEReadCounter.table","NW_015090842.1:8990368",77,163,86
"CA5A","s1337_F_RAP_03_ASEReadCounter.table","NW_015090842.1:8990429",74,163,89
"CA5A","s1337_F_RAP_03_ASEReadCounter.table","NW_015090842.1:8990466",0,143,143
"CA5A","s1337_F_RAP_03_ASEReadCounter.table","NW_015090842.1:8990663",97,182,85
"CA5A","s1337_F_RAP_03_ASEReadCounter.table","NW_015090842.1:8990797",77,135,58
"CA5A","s1337_F_RAP_03_ASEReadCounter.table","NW_015090842.1:8990836",81,134,53
"CA5A","s1337_F_RAP_03_ASEReadCounter.table","NW_015090842.1:8990842",80,133,53
"CA5A","s1337_F_RAP_03_ASEReadCounter.table","NW_015090842.1:8990851",83,133,50
"CA5A","s1337_F_RAP_03_ASEReadCounter.table","NW_015090842.1:8990918",90,137,47
"CA5A","s1337_F_RAP_03_ASEReadCounter.table","NW_015090842.1:8990921",86,144,58
"CA5A","s1337_F_RAP_03_ASEReadCounter.table","NW_015090842.1:8990942",103,169,66
"CA5A","s1337_F_RAP_03_ASEReadCounter.table","NW_015090842.1:8991001",0,203,203
"CA5A","s1337_F_RAP_03_ASEReadCounter.table","NW_015090842.1:8991038",113,175,62
"CA5A","s1337_F_RAP_03_ASEReadCounter.table","NW_015090842.1:8991149",106,162,56
"CA5A","s1337_F_RAP_03_ASEReadCounter.table","NW_015090842.1:8991176",113,180,67
"CA5A","s1337_F_RAP_03_ASEReadCounter.table","NW_015090842.1:8991241",107,176,69
"CA5A","s1337_F_RAP_03_ASEReadCounter.table","NW_015090842.1:8991262",101,166,65
"CA5A","s1337_F_RAP_03_ASEReadCounter.table","NW_015090842.1:8991316",103,110,7
"CA5A","s1337_F_RAP_03_ASEReadCounter.table","NW_015090842.1:8991319",107,114,7
"CA5A","s1337_F_RAP_03_ASEReadCounter.table","NW_015090842.1:8991330",102,105,3
"CA5A","s1337_F_RAP_03_ASEReadCounter.table","NW_015090842.1:8991334",99,105,6
"CA5A","s1337_F_RAP_03_ASEReadCounter.table","NW_015090842.1:8991362",107,143,36
"CA5A","s1337_F_RAP_03_ASEReadCounter.table","NW_015090842.1:8991368",101,139,38
"CA5A","s1337_F_RAP_03_ASEReadCounter.table","NW_015090842.1:8991390",106,152,46
"CA5A","s1337_F_RAP_03_ASEReadCounter.table","NW_015090842.1:8991395",103,154,51
"CA5A","s1337_F_RAP_03_ASEReadCounter.table","NW_015090842.1:8991422",92,156,64
"CA5A","s1337_F_RAP_03_ASEReadCounter.table","NW_015090842.1:8991467",90,146,56
"CA5A","s1337_F_RAP_03_ASEReadCounter.table","NW_015090842.1:8991576",62,110,48
"CA5A","s1337_F_RAP_03_ASEReadCounter.table","NW_015090842.1:8991587",77,130,53
"CA5A","s1337_F_RAP_03_ASEReadCounter.table","NW_015090842.1:8991655",92,165,73
"CA5A","s1337_F_RAP_03_ASEReadCounter.table","NW_015090842.1:8991717",80,148,68
"CA5A","s1337_F_RAP_03_ASEReadCounter.table","NW_015090842.1:8991726",78,141,63
"CA5A","s1337_F_RAP_03_ASEReadCounter.table","NW_015090842.1:8991799",59,120,61
"CA5A","s1337_F_RAP_03_ASEReadCounter.table","NW_015090842.1:8991809",50,110,60
"CA5A","s1337_F_RAP_03_ASEReadCounter.table","NW_015090842.1:8991848",42,101,59
"CA5A","s1337_F_RAP_03_ASEReadCounter.table","NW_015090842.1:8991849",42,101,59
"CA5A","s1337_F_RAP_03_ASEReadCounter.table","NW_015090842.1:8991927",66,121,55
"CA5A","s1337_F_RAP_03_ASEReadCounter.table","NW_015090842.1:8991941",60,118,58
"CA5A","s1337_F_RAP_03_ASEReadCounter.table","NW_015090842.1:8992121",31,86,55
"CA5A","s1337_F_RAP_03_ASEReadCounter.table","NW_015090842.1:8992224",48,97,49
"CA5A","s1337_F_RAP_03_ASEReadCounter.table","NW_015090842.1:9002570",28,54,26
"CA5A","s1337_F_RAP_03_ASEReadCounter.table","NW_015090842.1:9002600",29,56,27
"CA5A","s1337_F_RAP_03_ASEReadCounter.table","NW_015090842.1:9004312",18,36,18
"CA5A","s1337_F_RAP_03_ASEReadCounter.table","NW_015090842.1:9004506",0,1,1
"CA5A","s1337_F_RAP_03_ASEReadCounter.table","NW_015090842.1:9004523",0,1,1
"CA5A","s1337_F_RAP_03_ASEReadCounter.table","NW_015090842.1:9004530",0,1,1
"CA5A","s1337_F_RAP_03_ASEReadCounter.table","NW_015090842.1:9004556",0,1,1
"CA5A","s1337_F_RAP_03_ASEReadCounter.table","NW_015090842.1:9005116",1,2,1
"CA5A","s1337_F_RAP_03_ASEReadCounter.table","NW_015090842.1:9005120",1,2,1
"CA5A","s1337_F_RAP_03_ASEReadCounter.table","NW_015090842.1:9005140",1,3,2
"CA5A","s1337_F_RAP_03_ASEReadCounter.table","NW_015090842.1:9005152",1,3,2
"CA5A","s1337_F_RAP_03_ASEReadCounter.table","NW_015090842.1:9011011",1,1,0
"CA5A","s1337_F_RAP_03_ASEReadCounter.table","NW_015090842.1:9011189",1,1,0
"CA5A","s1337_F_RAP_03_ASEReadCounter.table","NW_015090842.1:9011194",1,1,0
"BANP","s1337_F_RAP_03_ASEReadCounter.table","NW_015090842.1:9033407",3,8,5
"BANP","s1337_F_RAP_03_ASEReadCounter.table","NW_015090842.1:9033409",3,8,5
"BANP","s1337_F_RAP_03_ASEReadCounter.table","NW_015090842.1:9033420",3,8,5
"BANP","s1337_F_RAP_03_ASEReadCounter.table","NW_015090842.1:9067974",0,12,12
"BANP","s1337_F_RAP_03_ASEReadCounter.table","NW_015090842.1:9102510",12,25,13
"BANP","s1337_F_RAP_03_ASEReadCounter.table","NW_015090842.1:9168534",17,47,30
"BANP","s1337_F_RAP_03_ASEReadCounter.table","NW_015090842.1:9168818",20,49,29
"ZNF469","s1337_F_RAP_03_ASEReadCounter.table","NW_015090842.1:9428122",0,1,1
"ZNF469","s1337_F_RAP_03_ASEReadCounter.table","NW_015090842.1:9428178",1,3,2
"ZNF469","s1337_F_RAP_03_ASEReadCounter.table","NW_015090842.1:9428419",0,1,1
"ZNF469","s1337_F_RAP_03_ASEReadCounter.table","NW_015090842.1:9429633",0,1,1
"ZNF469","s1337_F_RAP_03_ASEReadCounter.table","NW_015090842.1:9429794",1,1,0
"ZNF469","s1337_F_RAP_03_ASEReadCounter.table","NW_015090842.1:9430560",1,1,0
"ZNF469","s1337_F_RAP_03_ASEReadCounter.table","NW_015090842.1:9430668",1,1,0
"ZNF469","s1337_F_RAP_03_ASEReadCounter.table","NW_015090842.1:9430700",2,4,2
"ZNF469","s1337_F_RAP_03_ASEReadCounter.table","NW_015090842.1:9431031",0,1,1
"ZNF469","s1337_F_RAP_03_ASEReadCounter.table","NW_015090842.1:9431073",0,1,1
"ZNF469","s1337_F_RAP_03_ASEReadCounter.table","NW_015090842.1:9431091",0,1,1
"ZNF469","s1337_F_RAP_03_ASEReadCounter.table","NW_015090842.1:9431700",0,1,1
"ZNF469","s1337_F_RAP_03_ASEReadCounter.table","NW_015090842.1:9431901",0,1,1
"ZNF469","s1337_F_RAP_03_ASEReadCounter.table","NW_015090842.1:9432110",1,2,1
"ZNF469","s1337_F_RAP_03_ASEReadCounter.table","NW_015090842.1:9432302",2,2,0
"ZNF469","s1337_F_RAP_03_ASEReadCounter.table","NW_015090842.1:9432361",2,2,0
"ZNF469","s1337_F_RAP_03_ASEReadCounter.table","NW_015090842.1:9432374",2,2,0
"ZNF469","s1337_F_RAP_03_ASEReadCounter.table","NW_015090842.1:9432382",2,2,0
"ZNF469","s1337_F_RAP_03_ASEReadCounter.table","NW_015090842.1:9433268",0,2,2
"ZNF469","s1337_F_RAP_03_ASEReadCounter.table","NW_015090842.1:9433902",1,3,2
"ZNF469","s1337_F_RAP_03_ASEReadCounter.table","NW_015090842.1:9433980",1,1,0
"ZNF469","s1337_F_RAP_03_ASEReadCounter.table","NW_015090842.1:9435221",3,5,2
"ZFPM1","s1337_F_RAP_03_ASEReadCounter.table","NW_015090842.1:9458862",5,15,10
"ZFPM1","s1337_F_RAP_03_ASEReadCounter.table","NW_015090842.1:9458888",4,18,14
"ZFPM1","s1337_F_RAP_03_ASEReadCounter.table","NW_015090842.1:9458904",5,17,12
"ZFPM1","s1337_F_RAP_03_ASEReadCounter.table","NW_015090842.1:9458916",6,18,12
"ZFPM1","s1337_F_RAP_03_ASEReadCounter.table","NW_015090842.1:9468568",9,20,11
"ZFPM1","s1337_F_RAP_03_ASEReadCounter.table","NW_015090842.1:9468593",10,20,10
"ZFPM1","s1337_F_RAP_03_ASEReadCounter.table","NW_015090842.1:9471561",5,8,3
"ZFPM1","s1337_F_RAP_03_ASEReadCounter.table","NW_015090842.1:9472557",12,17,5
"ZFPM1","s1337_F_RAP_03_ASEReadCounter.table","NW_015090842.1:9472565",11,15,4
"ZFPM1","s1337_F_RAP_03_ASEReadCounter.table","NW_015090842.1:9472608",13,22,9
"ZFPM1","s1337_F_RAP_03_ASEReadCounter.table","NW_015090842.1:9472627",10,20,10
"ZFPM1","s1337_F_RAP_03_ASEReadCounter.table","NW_015090842.1:9472668",11,20,9
"ZFPM1","s1337_F_RAP_03_ASEReadCounter.table","NW_015090842.1:9473655",10,22,12
"ZFPM1","s1337_F_RAP_03_ASEReadCounter.table","NW_015090842.1:9475827",8,19,11
"ZFPM1","s1337_F_RAP_03_ASEReadCounter.table","NW_015090842.1:9475842",8,21,13
"ZFPM1","s1337_F_RAP_03_ASEReadCounter.table","NW_015090842.1:9476119",6,19,13
"ZFPM1","s1337_F_RAP_03_ASEReadCounter.table","NW_015090842.1:9476161",4,17,13
"ZFPM1","s1337_F_RAP_03_ASEReadCounter.table","NW_015090842.1:9476219",4,10,6
"ZFPM1","s1337_F_RAP_03_ASEReadCounter.table","NW_015090842.1:9476233",5,16,11
"ZFPM1","s1337_F_RAP_03_ASEReadCounter.table","NW_015090842.1:9476305",10,20,10
"ZFPM1","s1337_F_RAP_03_ASEReadCounter.table","NW_015090842.1:9476395",10,17,7
"ZFPM1","s1337_F_RAP_03_ASEReadCounter.table","NW_015090842.1:9476421",12,24,12
"ZFPM1","s1337_F_RAP_03_ASEReadCounter.table","NW_015090842.1:9476539",9,21,12
"ZFPM1","s1337_F_RAP_03_ASEReadCounter.table","NW_015090842.1:9476576",10,21,11
"ZFPM1","s1337_F_RAP_03_ASEReadCounter.table","NW_015090842.1:9476599",9,13,4
"ZFPM1","s1337_F_RAP_03_ASEReadCounter.table","NW_015090842.1:9476792",13,28,15
"ZFPM1","s1337_F_RAP_03_ASEReadCounter.table","NW_015090842.1:9476803",13,28,15
"ZFPM1","s1337_F_RAP_03_ASEReadCounter.table","NW_015090842.1:9477115",9,19,10
"ZFPM1","s1337_F_RAP_03_ASEReadCounter.table","NW_015090842.1:9477299",9,17,8
"ZFPM1","s1337_F_RAP_03_ASEReadCounter.table","NW_015090842.1:9477398",14,22,8
"ZFPM1","s1337_F_RAP_03_ASEReadCounter.table","NW_015090842.1:9477422",8,19,11
"ZFPM1","s1337_F_RAP_03_ASEReadCounter.table","NW_015090842.1:9477554",11,35,24
"ZFPM1","s1337_F_RAP_03_ASEReadCounter.table","NW_015090842.1:9477575",23,32,9
"ZFPM1","s1337_F_RAP_03_ASEReadCounter.table","NW_015090842.1:9477595",10,32,22
"ZFPM1","s1337_F_RAP_03_ASEReadCounter.table","NW_015090842.1:9477611",13,39,26
"ZFPM1","s1337_F_RAP_03_ASEReadCounter.table","NW_015090842.1:9477659",17,45,28
"ZFPM1","s1337_F_RAP_03_ASEReadCounter.table","NW_015090842.1:9477737",13,31,18
"ZFPM1","s1337_F_RAP_03_ASEReadCounter.table","NW_015090842.1:9477791",4,29,25
"ZFPM1","s1337_F_RAP_03_ASEReadCounter.table","NW_015090842.1:9477844",11,36,25
"ZFPM1","s1337_F_RAP_03_ASEReadCounter.table","NW_015090842.1:9477917",17,40,23
"ZFPM1","s1337_F_RAP_03_ASEReadCounter.table","NW_015090842.1:9478295",17,45,28
"ZFPM1","s1337_F_RAP_03_ASEReadCounter.table","NW_015090842.1:9478349",23,51,28
"ZFPM1","s1337_F_RAP_03_ASEReadCounter.table","NW_015090842.1:9478524",17,37,20
"ZFPM1","s1337_F_RAP_03_ASEReadCounter.table","NW_015090842.1:9478546",16,37,21
"ZFPM1","s1337_F_RAP_03_ASEReadCounter.table","NW_015090842.1:9478573",15,37,22
"ZFPM1","s1337_F_RAP_03_ASEReadCounter.table","NW_015090842.1:9478582",14,32,18
"ZFPM1","s1337_F_RAP_03_ASEReadCounter.table","NW_015090842.1:9478684",4,12,8
"ZFPM1","s1337_F_RAP_03_ASEReadCounter.table","NW_015090842.1:9478711",4,12,8
"ZFPM1","s1337_F_RAP_03_ASEReadCounter.table","NW_015090842.1:9478761",7,17,10
"ZFPM1","s1337_F_RAP_03_ASEReadCounter.table","NW_015090842.1:9478829",3,10,7
"CIDEC","s1337_F_RAP_03_ASEReadCounter.table","NW_015090842.1:9480252",0,1,1
"CIDEC","s1337_F_RAP_03_ASEReadCounter.table","NW_015090842.1:9480391",0,1,1
"CIDEC","s1337_F_RAP_03_ASEReadCounter.table","NW_015090842.1:9480394",0,1,1
"CIDEC","s1337_F_RAP_03_ASEReadCounter.table","NW_015090842.1:9480630",0,1,1
"CIDEC","s1337_F_RAP_03_ASEReadCounter.table","NW_015090842.1:9480756",0,1,1
"ZC3H18","s1337_F_RAP_03_ASEReadCounter.table","NW_015090842.1:9494271",4,17,13
"ZC3H18","s1337_F_RAP_03_ASEReadCounter.table","NW_015090842.1:9501427",19,41,22
"ZC3H18","s1337_F_RAP_03_ASEReadCounter.table","NW_015090842.1:9501442",19,43,24
"ZC3H18","s1337_F_RAP_03_ASEReadCounter.table","NW_015090842.1:9505538",15,36,21
"ZC3H18","s1337_F_RAP_03_ASEReadCounter.table","NW_015090842.1:9506778",17,51,34
"ZC3H18","s1337_F_RAP_03_ASEReadCounter.table","NW_015090842.1:9522538",30,47,17
"ZC3H18","s1337_F_RAP_03_ASEReadCounter.table","NW_015090842.1:9524350",27,55,28
"ZC3H18","s1337_F_RAP_03_ASEReadCounter.table","NW_015090842.1:9524366",29,63,34
"ZC3H18","s1337_F_RAP_03_ASEReadCounter.table","NW_015090842.1:9524424",31,51,20
"ZC3H18","s1337_F_RAP_03_ASEReadCounter.table","NW_015090842.1:9529649",29,73,44
"ZC3H18","s1337_F_RAP_03_ASEReadCounter.table","NW_015090842.1:9529688",28,62,34
"ZC3H18","s1337_F_RAP_03_ASEReadCounter.table","NW_015090842.1:9529691",23,57,34
"ZC3H18","s1337_F_RAP_03_ASEReadCounter.table","NW_015090842.1:9530977",33,77,44
"ZC3H18","s1337_F_RAP_03_ASEReadCounter.table","NW_015090842.1:9536699",0,31,31
"CYBA","s1337_F_RAP_03_ASEReadCounter.table","NW_015090842.1:9547281",17,24,7
"CYBA","s1337_F_RAP_03_ASEReadCounter.table","NW_015090842.1:9547402",63,82,19
"CYBA","s1337_F_RAP_03_ASEReadCounter.table","NW_015090842.1:9547553",27,56,29
"CYBA","s1337_F_RAP_03_ASEReadCounter.table","NW_015090842.1:9548052",32,42,10
"CYBA","s1337_F_RAP_03_ASEReadCounter.table","NW_015090842.1:9548436",37,57,20
"CYBA","s1337_F_RAP_03_ASEReadCounter.table","NW_015090842.1:9548442",36,56,20
"CYBA","s1337_F_RAP_03_ASEReadCounter.table","NW_015090842.1:9548478",47,71,24
"CYBA","s1337_F_RAP_03_ASEReadCounter.table","NW_015090842.1:9548487",46,69,23
"CYBA","s1337_F_RAP_03_ASEReadCounter.table","NW_015090842.1:9548490",45,67,22
"CYBA","s1337_F_RAP_03_ASEReadCounter.table","NW_015090842.1:9548717",43,62,19
"CYBA","s1337_F_RAP_03_ASEReadCounter.table","NW_015090842.1:9548750",34,49,15
"CYBA","s1337_F_RAP_03_ASEReadCounter.table","NW_015090842.1:9548766",26,37,11
"MVD","s1337_F_RAP_03_ASEReadCounter.table","NW_015090842.1:9550678",22,42,20
"MVD","s1337_F_RAP_03_ASEReadCounter.table","NW_015090842.1:9550690",25,52,27
"MVD","s1337_F_RAP_03_ASEReadCounter.table","NW_015090842.1:9550691",25,52,27
"MVD","s1337_F_RAP_03_ASEReadCounter.table","NW_015090842.1:9550699",29,58,29
"MVD","s1337_F_RAP_03_ASEReadCounter.table","NW_015090842.1:9550719",29,59,30
"MVD","s1337_F_RAP_03_ASEReadCounter.table","NW_015090842.1:9551596",59,107,48
"MVD","s1337_F_RAP_03_ASEReadCounter.table","NW_015090842.1:9551638",57,114,57
"MVD","s1337_F_RAP_03_ASEReadCounter.table","NW_015090842.1:9551899",0,12,12
"MVD","s1337_F_RAP_03_ASEReadCounter.table","NW_015090842.1:9551930",0,1,1
"MVD","s1337_F_RAP_03_ASEReadCounter.table","NW_015090842.1:9552193",41,98,57
"MVD","s1337_F_RAP_03_ASEReadCounter.table","NW_015090842.1:9552202",43,100,57
"MVD","s1337_F_RAP_03_ASEReadCounter.table","NW_015090842.1:9552208",40,98,58
"MVD","s1337_F_RAP_03_ASEReadCounter.table","NW_015090842.1:9552625",25,51,26
"MVD","s1337_F_RAP_03_ASEReadCounter.table","NW_015090842.1:9552629",24,50,26
"MVD","s1337_F_RAP_03_ASEReadCounter.table","NW_015090842.1:9552644",26,51,25
"MVD","s1337_F_RAP_03_ASEReadCounter.table","NW_015090842.1:9553093",32,81,49
"MVD","s1337_F_RAP_03_ASEReadCounter.table","NW_015090842.1:9553114",40,82,42
"RNF166","s1337_F_RAP_03_ASEReadCounter.table","NW_015090842.1:9557900",20,51,31
"RNF166","s1337_F_RAP_03_ASEReadCounter.table","NW_015090842.1:9558048",27,67,40
"RNF166","s1337_F_RAP_03_ASEReadCounter.table","NW_015090842.1:9558116",19,54,35
"RNF166","s1337_F_RAP_03_ASEReadCounter.table","NW_015090842.1:9558308",23,56,33
"RNF166","s1337_F_RAP_03_ASEReadCounter.table","NW_015090842.1:9558405",26,45,19
"RNF166","s1337_F_RAP_03_ASEReadCounter.table","NW_015090842.1:9558549",29,56,27
"RNF166","s1337_F_RAP_03_ASEReadCounter.table","NW_015090842.1:9558556",29,61,32
"RNF166","s1337_F_RAP_03_ASEReadCounter.table","NW_015090842.1:9558579",28,53,25
"RNF166","s1337_F_RAP_03_ASEReadCounter.table","NW_015090842.1:9558599",30,56,26
"RNF166","s1337_F_RAP_03_ASEReadCounter.table","NW_015090842.1:9558688",30,59,29
"RNF166","s1337_F_RAP_03_ASEReadCounter.table","NW_015090842.1:9558711",23,57,34
"RNF166","s1337_F_RAP_03_ASEReadCounter.table","NW_015090842.1:9558733",26,55,29
"RNF166","s1337_F_RAP_03_ASEReadCounter.table","NW_015090842.1:9558847",23,47,24
"RNF166","s1337_F_RAP_03_ASEReadCounter.table","NW_015090842.1:9559798",22,47,25
"RNF166","s1337_F_RAP_03_ASEReadCounter.table","NW_015090842.1:9560575",25,55,30
"RNF166","s1337_F_RAP_03_ASEReadCounter.table","NW_015090842.1:9561055",25,41,16
"RNF166","s1337_F_RAP_03_ASEReadCounter.table","NW_015090842.1:9562458",25,48,23
"RNF166","s1337_F_RAP_03_ASEReadCounter.table","NW_015090842.1:9562497",20,42,22
"RNF166","s1337_F_RAP_03_ASEReadCounter.table","NW_015090842.1:9562539",19,37,18
"RNF166","s1337_F_RAP_03_ASEReadCounter.table","NW_015090842.1:9564056",19,30,11
"CTU2","s1337_F_RAP_03_ASEReadCounter.table","NW_015090842.1:9565149",20,32,12
"CTU2","s1337_F_RAP_03_ASEReadCounter.table","NW_015090842.1:9565193",19,31,12
"CTU2","s1337_F_RAP_03_ASEReadCounter.table","NW_015090842.1:9565300",17,37,20
"CTU2","s1337_F_RAP_03_ASEReadCounter.table","NW_015090842.1:9565321",15,39,24
"CTU2","s1337_F_RAP_03_ASEReadCounter.table","NW_015090842.1:9565721",19,32,13
"CTU2","s1337_F_RAP_03_ASEReadCounter.table","NW_015090842.1:9565739",19,32,13
"CTU2","s1337_F_RAP_03_ASEReadCounter.table","NW_015090842.1:9565905",18,38,20
"CTU2","s1337_F_RAP_03_ASEReadCounter.table","NW_015090842.1:9566013",15,29,14
"CTU2","s1337_F_RAP_03_ASEReadCounter.table","NW_015090842.1:9566055",29,49,20
"CTU2","s1337_F_RAP_03_ASEReadCounter.table","NW_015090842.1:9566056",29,49,20
"CTU2","s1337_F_RAP_03_ASEReadCounter.table","NW_015090842.1:9566151",24,46,22
"CTU2","s1337_F_RAP_03_ASEReadCounter.table","NW_015090842.1:9566300",25,55,30
"CTU2","s1337_F_RAP_03_ASEReadCounter.table","NW_015090842.1:9566342",21,51,30
"CTU2","s1337_F_RAP_03_ASEReadCounter.table","NW_015090842.1:9566548",23,51,28
"CTU2","s1337_F_RAP_03_ASEReadCounter.table","NW_015090842.1:9566625",20,52,32
"CTU2","s1337_F_RAP_03_ASEReadCounter.table","NW_015090842.1:9566633",22,53,31
"CTU2","s1337_F_RAP_03_ASEReadCounter.table","NW_015090842.1:9566807",27,64,37
"CTU2","s1337_F_RAP_03_ASEReadCounter.table","NW_015090842.1:9567139",31,54,23
"CTU2","s1337_F_RAP_03_ASEReadCounter.table","NW_015090842.1:9567156",28,62,34
"CTU2","s1337_F_RAP_03_ASEReadCounter.table","NW_015090842.1:9567614",33,67,34
"CTU2","s1337_F_RAP_03_ASEReadCounter.table","NW_015090842.1:9567677",28,56,28
"CTU2","s1337_F_RAP_03_ASEReadCounter.table","NW_015090842.1:9567747",28,49,21
"CTU2","s1337_F_RAP_03_ASEReadCounter.table","NW_015090842.1:9567828",15,35,20
"CTU2","s1337_F_RAP_03_ASEReadCounter.table","NW_015090842.1:9567829",15,36,21
"CTU2","s1337_F_RAP_03_ASEReadCounter.table","NW_015090842.1:9567885",9,21,12
"PIEZO1","s1337_F_RAP_03_ASEReadCounter.table","NW_015090842.1:9568093",27,77,50
"PIEZO1","s1337_F_RAP_03_ASEReadCounter.table","NW_015090842.1:9568672",48,105,57
"PIEZO1","s1337_F_RAP_03_ASEReadCounter.table","NW_015090842.1:9568948",25,72,47
"PIEZO1","s1337_F_RAP_03_ASEReadCounter.table","NW_015090842.1:9568987",39,59,20
"PIEZO1","s1337_F_RAP_03_ASEReadCounter.table","NW_015090842.1:9569040",23,66,43
"PIEZO1","s1337_F_RAP_03_ASEReadCounter.table","NW_015090842.1:9569180",22,68,46
"PIEZO1","s1337_F_RAP_03_ASEReadCounter.table","NW_015090842.1:9569192",26,73,47
"PIEZO1","s1337_F_RAP_03_ASEReadCounter.table","NW_015090842.1:9570088",28,57,29
"PIEZO1","s1337_F_RAP_03_ASEReadCounter.table","NW_015090842.1:9570480",21,46,25
"PIEZO1","s1337_F_RAP_03_ASEReadCounter.table","NW_015090842.1:9570639",21,44,23
"PIEZO1","s1337_F_RAP_03_ASEReadCounter.table","NW_015090842.1:9571847",30,67,37
"PIEZO1","s1337_F_RAP_03_ASEReadCounter.table","NW_015090842.1:9572371",14,37,23
"PIEZO1","s1337_F_RAP_03_ASEReadCounter.table","NW_015090842.1:9572638",12,27,15
"PIEZO1","s1337_F_RAP_03_ASEReadCounter.table","NW_015090842.1:9573156",24,60,36
"PIEZO1","s1337_F_RAP_03_ASEReadCounter.table","NW_015090842.1:9573280",23,50,27
"PIEZO1","s1337_F_RAP_03_ASEReadCounter.table","NW_015090842.1:9573566",24,49,25
"PIEZO1","s1337_F_RAP_03_ASEReadCounter.table","NW_015090842.1:9575341",12,26,14
"PIEZO1","s1337_F_RAP_03_ASEReadCounter.table","NW_015090842.1:9575367",9,28,19
"PIEZO1","s1337_F_RAP_03_ASEReadCounter.table","NW_015090842.1:9575645",11,25,14
"PIEZO1","s1337_F_RAP_03_ASEReadCounter.table","NW_015090842.1:9575696",14,28,14
"PIEZO1","s1337_F_RAP_03_ASEReadCounter.table","NW_015090842.1:9575897",9,21,12
"PIEZO1","s1337_F_RAP_03_ASEReadCounter.table","NW_015090842.1:9576060",10,25,15
"PIEZO1","s1337_F_RAP_03_ASEReadCounter.table","NW_015090842.1:9576087",6,16,10
"PIEZO1","s1337_F_RAP_03_ASEReadCounter.table","NW_015090842.1:9576093",7,15,8
"PIEZO1","s1337_F_RAP_03_ASEReadCounter.table","NW_015090842.1:9576120",5,15,10
"PIEZO1","s1337_F_RAP_03_ASEReadCounter.table","NW_015090842.1:9576687",3,15,12
"PIEZO1","s1337_F_RAP_03_ASEReadCounter.table","NW_015090842.1:9576710",17,17,0
"PIEZO1","s1337_F_RAP_03_ASEReadCounter.table","NW_015090842.1:9576723",3,18,15
"PIEZO1","s1337_F_RAP_03_ASEReadCounter.table","NW_015090842.1:9578268",13,31,18
"PIEZO1","s1337_F_RAP_03_ASEReadCounter.table","NW_015090842.1:9578770",7,13,6
"PIEZO1","s1337_F_RAP_03_ASEReadCounter.table","NW_015090842.1:9578806",8,17,9
"PIEZO1","s1337_F_RAP_03_ASEReadCounter.table","NW_015090842.1:9579064",10,26,16
"PIEZO1","s1337_F_RAP_03_ASEReadCounter.table","NW_015090842.1:9579065",9,25,16
"PIEZO1","s1337_F_RAP_03_ASEReadCounter.table","NW_015090842.1:9579347",10,27,17
"PIEZO1","s1337_F_RAP_03_ASEReadCounter.table","NW_015090842.1:9580765",9,16,7
"PIEZO1","s1337_F_RAP_03_ASEReadCounter.table","NW_015090842.1:9580996",6,15,9
"PIEZO1","s1337_F_RAP_03_ASEReadCounter.table","NW_015090842.1:9581101",5,9,4
"PIEZO1","s1337_F_RAP_03_ASEReadCounter.table","NW_015090842.1:9581299",3,9,6
"PIEZO1","s1337_F_RAP_03_ASEReadCounter.table","NW_015090842.1:9581875",6,13,7
"PIEZO1","s1337_F_RAP_03_ASEReadCounter.table","NW_015090842.1:9582046",3,8,5
"PIEZO1","s1337_F_RAP_03_ASEReadCounter.table","NW_015090842.1:9582961",3,8,5
"PIEZO1","s1337_F_RAP_03_ASEReadCounter.table","NW_015090842.1:9583298",2,6,4
"PIEZO1","s1337_F_RAP_03_ASEReadCounter.table","NW_015090842.1:9584337",5,13,8
"PIEZO1","s1337_F_RAP_03_ASEReadCounter.table","NW_015090842.1:9584425",6,16,10
"PIEZO1","s1337_F_RAP_03_ASEReadCounter.table","NW_015090842.1:9584435",8,18,10
"PIEZO1","s1337_F_RAP_03_ASEReadCounter.table","NW_015090842.1:9584438",6,15,9
"PIEZO1","s1337_F_RAP_03_ASEReadCounter.table","NW_015090842.1:9584441",7,17,10
"CDT1","s1337_F_RAP_03_ASEReadCounter.table","NW_015090842.1:9596596",2,3,1
"CDT1","s1337_F_RAP_03_ASEReadCounter.table","NW_015090842.1:9596766",2,2,0
"CDT1","s1337_F_RAP_03_ASEReadCounter.table","NW_015090842.1:9597054",5,9,4
"CDT1","s1337_F_RAP_03_ASEReadCounter.table","NW_015090842.1:9597074",3,8,5
"CDT1","s1337_F_RAP_03_ASEReadCounter.table","NW_015090842.1:9597137",9,16,7
"CDT1","s1337_F_RAP_03_ASEReadCounter.table","NW_015090842.1:9597756",9,17,8
"CDT1","s1337_F_RAP_03_ASEReadCounter.table","NW_015090842.1:9597766",8,15,7
"CDT1","s1337_F_RAP_03_ASEReadCounter.table","NW_015090842.1:9598496",12,20,8
"CDT1","s1337_F_RAP_03_ASEReadCounter.table","NW_015090842.1:9598498",12,19,7
"CDT1","s1337_F_RAP_03_ASEReadCounter.table","NW_015090842.1:9598816",7,16,9
"CDT1","s1337_F_RAP_03_ASEReadCounter.table","NW_015090842.1:9598879",4,18,14
"CDT1","s1337_F_RAP_03_ASEReadCounter.table","NW_015090842.1:9598912",5,15,10
"CDT1","s1337_F_RAP_03_ASEReadCounter.table","NW_015090842.1:9598959",9,19,10
"CDT1","s1337_F_RAP_03_ASEReadCounter.table","NW_015090842.1:9599807",9,13,4
"CDT1","s1337_F_RAP_03_ASEReadCounter.table","NW_015090842.1:9599819",7,12,5
"CDT1","s1337_F_RAP_03_ASEReadCounter.table","NW_015090842.1:9599845",8,13,5
"CDT1","s1337_F_RAP_03_ASEReadCounter.table","NW_015090842.1:9600148",13,25,12
"CDT1","s1337_F_RAP_03_ASEReadCounter.table","NW_015090842.1:9600151",13,25,12
"CDT1","s1337_F_RAP_03_ASEReadCounter.table","NW_015090842.1:9600217",8,20,12
"CDT1","s1337_F_RAP_03_ASEReadCounter.table","NW_015090842.1:9600226",10,22,12
"CDT1","s1337_F_RAP_03_ASEReadCounter.table","NW_015090842.1:9600260",9,20,11
"CDT1","s1337_F_RAP_03_ASEReadCounter.table","NW_015090842.1:9600268",9,20,11
"CDT1","s1337_F_RAP_03_ASEReadCounter.table","NW_015090842.1:9600305",10,21,11
"CDT1","s1337_F_RAP_03_ASEReadCounter.table","NW_015090842.1:9600397",4,13,9
"CDT1","s1337_F_RAP_03_ASEReadCounter.table","NW_015090842.1:9600447",4,9,5
"CDT1","s1337_F_RAP_03_ASEReadCounter.table","NW_015090842.1:9600450",4,8,4
"CDT1","s1337_F_RAP_03_ASEReadCounter.table","NW_015090842.1:9600485",6,9,3
"CDT1","s1337_F_RAP_03_ASEReadCounter.table","NW_015090842.1:9600579",7,14,7
"APRT","s1337_F_RAP_03_ASEReadCounter.table","NW_015090842.1:9602308",26,66,40
"APRT","s1337_F_RAP_03_ASEReadCounter.table","NW_015090842.1:9602440",51,127,76
"APRT","s1337_F_RAP_03_ASEReadCounter.table","NW_015090842.1:9602449",52,123,71
"APRT","s1337_F_RAP_03_ASEReadCounter.table","NW_015090842.1:9602451",49,124,75
"APRT","s1337_F_RAP_03_ASEReadCounter.table","NW_015090842.1:9602455",54,128,74
"APRT","s1337_F_RAP_03_ASEReadCounter.table","NW_015090842.1:9602462",56,127,71
"APRT","s1337_F_RAP_03_ASEReadCounter.table","NW_015090842.1:9602507",48,114,66
"APRT","s1337_F_RAP_03_ASEReadCounter.table","NW_015090842.1:9602514",46,116,70
"APRT","s1337_F_RAP_03_ASEReadCounter.table","NW_015090842.1:9602530",44,106,62
"APRT","s1337_F_RAP_03_ASEReadCounter.table","NW_015090842.1:9602582",33,102,69
"APRT","s1337_F_RAP_03_ASEReadCounter.table","NW_015090842.1:9602583",33,104,71
"APRT","s1337_F_RAP_03_ASEReadCounter.table","NW_015090842.1:9602650",38,99,61
"APRT","s1337_F_RAP_03_ASEReadCounter.table","NW_015090842.1:9602655",37,95,58
"APRT","s1337_F_RAP_03_ASEReadCounter.table","NW_015090842.1:9602712",41,115,74
"APRT","s1337_F_RAP_03_ASEReadCounter.table","NW_015090842.1:9602764",51,134,83
"APRT","s1337_F_RAP_03_ASEReadCounter.table","NW_015090842.1:9602821",48,125,77
"APRT","s1337_F_RAP_03_ASEReadCounter.table","NW_015090842.1:9602867",45,112,67
"APRT","s1337_F_RAP_03_ASEReadCounter.table","NW_015090842.1:9602883",50,115,65
"APRT","s1337_F_RAP_03_ASEReadCounter.table","NW_015090842.1:9602886",49,115,66
"APRT","s1337_F_RAP_03_ASEReadCounter.table","NW_015090842.1:9602948",63,129,66
"APRT","s1337_F_RAP_03_ASEReadCounter.table","NW_015090842.1:9602958",65,139,74
"APRT","s1337_F_RAP_03_ASEReadCounter.table","NW_015090842.1:9603020",70,161,91
"APRT","s1337_F_RAP_03_ASEReadCounter.table","NW_015090842.1:9603025",68,158,90
"APRT","s1337_F_RAP_03_ASEReadCounter.table","NW_015090842.1:9603154",57,127,70
"APRT","s1337_F_RAP_03_ASEReadCounter.table","NW_015090842.1:9603166",56,132,76
"APRT","s1337_F_RAP_03_ASEReadCounter.table","NW_015090842.1:9603326",42,102,60
"APRT","s1337_F_RAP_03_ASEReadCounter.table","NW_015090842.1:9603419",35,88,53
"APRT","s1337_F_RAP_03_ASEReadCounter.table","NW_015090842.1:9603420",37,89,52
"APRT","s1337_F_RAP_03_ASEReadCounter.table","NW_015090842.1:9603464",23,68,45
"APRT","s1337_F_RAP_03_ASEReadCounter.table","NW_015090842.1:9603528",37,103,66
"APRT","s1337_F_RAP_03_ASEReadCounter.table","NW_015090842.1:9603607",25,78,53
"APRT","s1337_F_RAP_03_ASEReadCounter.table","NW_015090842.1:9603622",26,69,43
"APRT","s1337_F_RAP_03_ASEReadCounter.table","NW_015090842.1:9604361",17,66,49
"APRT","s1337_F_RAP_03_ASEReadCounter.table","NW_015090842.1:9605317",26,59,33
"APRT","s1337_F_RAP_03_ASEReadCounter.table","NW_015090842.1:9605336",26,59,33
"GALNS","s1337_F_RAP_03_ASEReadCounter.table","NW_015090842.1:9612872",6,12,6
"GALNS","s1337_F_RAP_03_ASEReadCounter.table","NW_015090842.1:9612873",6,13,7
"GALNS","s1337_F_RAP_03_ASEReadCounter.table","NW_015090842.1:9612877",6,13,7
"GALNS","s1337_F_RAP_03_ASEReadCounter.table","NW_015090842.1:9612942",18,41,23
"GALNS","s1337_F_RAP_03_ASEReadCounter.table","NW_015090842.1:9612987",20,40,20
"GALNS","s1337_F_RAP_03_ASEReadCounter.table","NW_015090842.1:9613064",23,42,19
"GALNS","s1337_F_RAP_03_ASEReadCounter.table","NW_015090842.1:9613096",28,52,24
"GALNS","s1337_F_RAP_03_ASEReadCounter.table","NW_015090842.1:9613123",29,52,23
"GALNS","s1337_F_RAP_03_ASEReadCounter.table","NW_015090842.1:9613125",29,51,22
"GALNS","s1337_F_RAP_03_ASEReadCounter.table","NW_015090842.1:9613193",33,55,22
"GALNS","s1337_F_RAP_03_ASEReadCounter.table","NW_015090842.1:9613226",31,54,23
"GALNS","s1337_F_RAP_03_ASEReadCounter.table","NW_015090842.1:9613249",30,65,35
"GALNS","s1337_F_RAP_03_ASEReadCounter.table","NW_015090842.1:9613256",33,69,36
"GALNS","s1337_F_RAP_03_ASEReadCounter.table","NW_015090842.1:9613317",27,62,35
"GALNS","s1337_F_RAP_03_ASEReadCounter.table","NW_015090842.1:9613343",25,53,28
"GALNS","s1337_F_RAP_03_ASEReadCounter.table","NW_015090842.1:9613344",24,52,28
"GALNS","s1337_F_RAP_03_ASEReadCounter.table","NW_015090842.1:9613371",27,60,33
"GALNS","s1337_F_RAP_03_ASEReadCounter.table","NW_015090842.1:9613378",27,62,35
"GALNS","s1337_F_RAP_03_ASEReadCounter.table","NW_015090842.1:9613379",26,62,36
"GALNS","s1337_F_RAP_03_ASEReadCounter.table","NW_015090842.1:9613516",33,71,38
"GALNS","s1337_F_RAP_03_ASEReadCounter.table","NW_015090842.1:9613572",24,58,34
"GALNS","s1337_F_RAP_03_ASEReadCounter.table","NW_015090842.1:9613597",18,48,30
"GALNS","s1337_F_RAP_03_ASEReadCounter.table","NW_015090842.1:9613627",15,44,29
"GALNS","s1337_F_RAP_03_ASEReadCounter.table","NW_015090842.1:9613640",16,49,33
"GALNS","s1337_F_RAP_03_ASEReadCounter.table","NW_015090842.1:9614025",26,58,32
"GALNS","s1337_F_RAP_03_ASEReadCounter.table","NW_015090842.1:9614169",25,58,33
"GALNS","s1337_F_RAP_03_ASEReadCounter.table","NW_015090842.1:9614232",30,55,25
"GALNS","s1337_F_RAP_03_ASEReadCounter.table","NW_015090842.1:9614667",28,62,34
"GALNS","s1337_F_RAP_03_ASEReadCounter.table","NW_015090842.1:9614709",19,58,39
"GALNS","s1337_F_RAP_03_ASEReadCounter.table","NW_015090842.1:9614880",23,51,28
"GALNS","s1337_F_RAP_03_ASEReadCounter.table","NW_015090842.1:9614902",23,50,27
"GALNS","s1337_F_RAP_03_ASEReadCounter.table","NW_015090842.1:9614960",16,32,16
"GALNS","s1337_F_RAP_03_ASEReadCounter.table","NW_015090842.1:9615114",24,46,22
"GALNS","s1337_F_RAP_03_ASEReadCounter.table","NW_015090842.1:9615199",20,38,18
"GALNS","s1337_F_RAP_03_ASEReadCounter.table","NW_015090842.1:9615217",19,38,19
"GALNS","s1337_F_RAP_03_ASEReadCounter.table","NW_015090842.1:9615277",19,33,14
"GALNS","s1337_F_RAP_03_ASEReadCounter.table","NW_015090842.1:9615377",22,45,23
"GALNS","s1337_F_RAP_03_ASEReadCounter.table","NW_015090842.1:9647858",16,36,20
"GALNS","s1337_F_RAP_03_ASEReadCounter.table","NW_015090842.1:9649186",12,23,11
"GALNS","s1337_F_RAP_03_ASEReadCounter.table","NW_015090842.1:9649237",11,26,15
"GALNS","s1337_F_RAP_03_ASEReadCounter.table","NW_015090842.1:9661193",6,13,7
"TRAPPC2L","s1337_F_RAP_03_ASEReadCounter.table","NW_015090842.1:9662951",167,288,121
"TRAPPC2L","s1337_F_RAP_03_ASEReadCounter.table","NW_015090842.1:9663014",188,326,138
"TRAPPC2L","s1337_F_RAP_03_ASEReadCounter.table","NW_015090842.1:9664305",112,272,160
"TRAPPC2L","s1337_F_RAP_03_ASEReadCounter.table","NW_015090842.1:9665155",161,273,112
"TRAPPC2L","s1337_F_RAP_03_ASEReadCounter.table","NW_015090842.1:9665211",48,92,44
"PABPN1L","s1337_F_RAP_03_ASEReadCounter.table","NW_015090842.1:9669959",0,1,1
"CBFA2T3","s1337_F_RAP_03_ASEReadCounter.table","NW_015090842.1:9709469",0,24,24
"CBFA2T3","s1337_F_RAP_03_ASEReadCounter.table","NW_015090842.1:9709475",0,26,26
"CBFA2T3","s1337_F_RAP_03_ASEReadCounter.table","NW_015090842.1:9711845",0,13,13
"CBFA2T3","s1337_F_RAP_03_ASEReadCounter.table","NW_015090842.1:9712157",0,13,13
"CBFA2T3","s1337_F_RAP_03_ASEReadCounter.table","NW_015090842.1:9712160",0,13,13
"CBFA2T3","s1337_F_RAP_03_ASEReadCounter.table","NW_015090842.1:9712166",0,13,13
"CBFA2T3","s1337_F_RAP_03_ASEReadCounter.table","NW_015090842.1:9712536",5,14,9
"CBFA2T3","s1337_F_RAP_03_ASEReadCounter.table","NW_015090842.1:9712673",8,21,13
"CBFA2T3","s1337_F_RAP_03_ASEReadCounter.table","NW_015090842.1:9712787",8,32,24
"CBFA2T3","s1337_F_RAP_03_ASEReadCounter.table","NW_015090842.1:9712791",10,32,22
"CBFA2T3","s1337_F_RAP_03_ASEReadCounter.table","NW_015090842.1:9712805",10,29,19
"CBFA2T3","s1337_F_RAP_03_ASEReadCounter.table","NW_015090842.1:9712811",14,38,24
"CBFA2T3","s1337_F_RAP_03_ASEReadCounter.table","NW_015090842.1:9712848",14,37,23
"CBFA2T3","s1337_F_RAP_03_ASEReadCounter.table","NW_015090842.1:9713088",13,31,18
"CBFA2T3","s1337_F_RAP_03_ASEReadCounter.table","NW_015090842.1:9713121",15,35,20
"CBFA2T3","s1337_F_RAP_03_ASEReadCounter.table","NW_015090842.1:9717058",13,30,17
"CBFA2T3","s1337_F_RAP_03_ASEReadCounter.table","NW_015090842.1:9717093",13,31,18
"CBFA2T3","s1337_F_RAP_03_ASEReadCounter.table","NW_015090842.1:9717114",12,26,14
"CBFA2T3","s1337_F_RAP_03_ASEReadCounter.table","NW_015090842.1:9717139",15,25,10
"CBFA2T3","s1337_F_RAP_03_ASEReadCounter.table","NW_015090842.1:9719788",14,23,9
"CBFA2T3","s1337_F_RAP_03_ASEReadCounter.table","NW_015090842.1:9728475",3,6,3
"CBFA2T3","s1337_F_RAP_03_ASEReadCounter.table","NW_015090842.1:9728522",2,4,2
"CBFA2T3","s1337_F_RAP_03_ASEReadCounter.table","NW_015090842.1:9728525",2,4,2
"CBFA2T3","s1337_F_RAP_03_ASEReadCounter.table","NW_015090842.1:9728588",0,2,2
"CBFA2T3","s1337_F_RAP_03_ASEReadCounter.table","NW_015090842.1:9728601",0,1,1
"CBFA2T3","s1337_F_RAP_03_ASEReadCounter.table","NW_015090842.1:9728611",0,1,1
"CBFA2T3","s1337_F_RAP_03_ASEReadCounter.table","NW_015090842.1:9728654",1,3,2
"ACSF3","s1337_F_RAP_03_ASEReadCounter.table","NW_015090842.1:9773379",1,6,5
"ACSF3","s1337_F_RAP_03_ASEReadCounter.table","NW_015090842.1:9773382",1,7,6
"ACSF3","s1337_F_RAP_03_ASEReadCounter.table","NW_015090842.1:9773384",1,6,5
"ACSF3","s1337_F_RAP_03_ASEReadCounter.table","NW_015090842.1:9773388",1,7,6
"ACSF3","s1337_F_RAP_03_ASEReadCounter.table","NW_015090842.1:9776753",10,19,9
"ACSF3","s1337_F_RAP_03_ASEReadCounter.table","NW_015090842.1:9776783",10,19,9
"ACSF3","s1337_F_RAP_03_ASEReadCounter.table","NW_015090842.1:9776879",11,23,12
"ACSF3","s1337_F_RAP_03_ASEReadCounter.table","NW_015090842.1:9776965",17,28,11
"ACSF3","s1337_F_RAP_03_ASEReadCounter.table","NW_015090842.1:9777091",22,34,12
"ACSF3","s1337_F_RAP_03_ASEReadCounter.table","NW_015090842.1:9777206",16,32,16
"ACSF3","s1337_F_RAP_03_ASEReadCounter.table","NW_015090842.1:9777283",32,46,14
"ACSF3","s1337_F_RAP_03_ASEReadCounter.table","NW_015090842.1:9778955",26,63,37
"ACSF3","s1337_F_RAP_03_ASEReadCounter.table","NW_015090842.1:9778997",31,74,43
"ACSF3","s1337_F_RAP_03_ASEReadCounter.table","NW_015090842.1:9789311",37,67,30
"ACSF3","s1337_F_RAP_03_ASEReadCounter.table","NW_015090842.1:9789906",4,38,34
"ACSF3","s1337_F_RAP_03_ASEReadCounter.table","NW_015090842.1:9834743",63,114,51
"ACSF3","s1337_F_RAP_03_ASEReadCounter.table","NW_015090842.1:9834852",59,115,56
"ACSF3","s1337_F_RAP_03_ASEReadCounter.table","NW_015090842.1:9834861",51,95,44
"ACSF3","s1337_F_RAP_03_ASEReadCounter.table","NW_015090842.1:9839359",41,76,35
"ACSF3","s1337_F_RAP_03_ASEReadCounter.table","NW_015090842.1:9839378",37,65,28
"ACSF3","s1337_F_RAP_03_ASEReadCounter.table","NW_015090842.1:9839455",38,66,28
"ACSF3","s1337_F_RAP_03_ASEReadCounter.table","NW_015090842.1:9839457",38,63,25
"ACSF3","s1337_F_RAP_03_ASEReadCounter.table","NW_015090842.1:9839489",28,50,22
"ACSF3","s1337_F_RAP_03_ASEReadCounter.table","NW_015090842.1:9839500",22,41,19
"ACSF3","s1337_F_RAP_03_ASEReadCounter.table","NW_015090842.1:9839501",22,42,20
"ACSF3","s1337_F_RAP_03_ASEReadCounter.table","NW_015090842.1:9839504",28,47,19
"ACSF3","s1337_F_RAP_03_ASEReadCounter.table","NW_015090842.1:9839512",22,39,17
"ACSF3","s1337_F_RAP_03_ASEReadCounter.table","NW_015090842.1:9839527",20,36,16
"ACSF3","s1337_F_RAP_03_ASEReadCounter.table","NW_015090842.1:9839533",14,28,14
"ACSF3","s1337_F_RAP_03_ASEReadCounter.table","NW_015090842.1:9839535",14,28,14
"ACSF3","s1337_F_RAP_03_ASEReadCounter.table","NW_015090842.1:9839545",9,20,11
"ACSF3","s1337_F_RAP_03_ASEReadCounter.table","NW_015090842.1:9839550",7,18,11
"ACSF3","s1337_F_RAP_03_ASEReadCounter.table","NW_015090842.1:9839551",7,18,11
"CDH15","s1337_F_RAP_03_ASEReadCounter.table","NW_015090842.1:9847163",1,1,0
"CDH15","s1337_F_RAP_03_ASEReadCounter.table","NW_015090842.1:9847174",1,1,0
"CDH15","s1337_F_RAP_03_ASEReadCounter.table","NW_015090842.1:9848004",1,1,0
"CDH15","s1337_F_RAP_03_ASEReadCounter.table","NW_015090842.1:9848220",1,1,0
"CDH15","s1337_F_RAP_03_ASEReadCounter.table","NW_015090842.1:9848265",1,2,1
"CDH15","s1337_F_RAP_03_ASEReadCounter.table","NW_015090842.1:9848307",0,1,1
"CDH15","s1337_F_RAP_03_ASEReadCounter.table","NW_015090842.1:9848310",0,1,1
"CDH15","s1337_F_RAP_03_ASEReadCounter.table","NW_015090842.1:9848313",0,1,1
"CDH15","s1337_F_RAP_03_ASEReadCounter.table","NW_015090842.1:9848531",1,2,1
"CDH15","s1337_F_RAP_03_ASEReadCounter.table","NW_015090842.1:9848552",1,2,1
"CDH15","s1337_F_RAP_03_ASEReadCounter.table","NW_015090842.1:9848888",4,5,1
"CDH15","s1337_F_RAP_03_ASEReadCounter.table","NW_015090842.1:9848936",2,4,2
"CDH15","s1337_F_RAP_03_ASEReadCounter.table","NW_015090842.1:9849086",1,2,1
"CDH15","s1337_F_RAP_03_ASEReadCounter.table","NW_015090842.1:9849119",1,1,0
"CDH15","s1337_F_RAP_03_ASEReadCounter.table","NW_015090842.1:9849140",1,2,1
"CDH15","s1337_F_RAP_03_ASEReadCounter.table","NW_015090842.1:9849473",2,4,2
"CDH15","s1337_F_RAP_03_ASEReadCounter.table","NW_015090842.1:9850141",4,6,2
"CDH15","s1337_F_RAP_03_ASEReadCounter.table","NW_015090842.1:9850386",4,5,1
"CDH15","s1337_F_RAP_03_ASEReadCounter.table","NW_015090842.1:9850432",3,4,1
"CDH15","s1337_F_RAP_03_ASEReadCounter.table","NW_015090842.1:9850609",1,4,3
"SLC22A31","s1337_F_RAP_03_ASEReadCounter.table","NW_015090842.1:9850797",1,1,0
"SLC22A31","s1337_F_RAP_03_ASEReadCounter.table","NW_015090842.1:9850818",1,1,0
"SLC22A31","s1337_F_RAP_03_ASEReadCounter.table","NW_015090842.1:9850929",1,1,0
"SLC22A31","s1337_F_RAP_03_ASEReadCounter.table","NW_015090842.1:9850936",1,1,0
"SLC22A31","s1337_F_RAP_03_ASEReadCounter.table","NW_015090842.1:9850940",1,1,0
"SLC22A31","s1337_F_RAP_03_ASEReadCounter.table","NW_015090842.1:9850948",1,1,0
"SLC22A31","s1337_F_RAP_03_ASEReadCounter.table","NW_015090842.1:9850961",1,1,0
"SLC22A31","s1337_F_RAP_03_ASEReadCounter.table","NW_015090842.1:9851117",1,3,2
"SLC22A31","s1337_F_RAP_03_ASEReadCounter.table","NW_015090842.1:9851130",1,3,2
"SLC22A31","s1337_F_RAP_03_ASEReadCounter.table","NW_015090842.1:9851139",1,3,2
"SLC22A31","s1337_F_RAP_03_ASEReadCounter.table","NW_015090842.1:9851265",2,6,4
"SLC22A31","s1337_F_RAP_03_ASEReadCounter.table","NW_015090842.1:9851302",5,10,5
"SLC22A31","s1337_F_RAP_03_ASEReadCounter.table","NW_015090842.1:9851303",5,10,5
"SLC22A31","s1337_F_RAP_03_ASEReadCounter.table","NW_015090842.1:9851305",5,10,5
"SLC22A31","s1337_F_RAP_03_ASEReadCounter.table","NW_015090842.1:9851343",2,7,5
"SLC22A31","s1337_F_RAP_03_ASEReadCounter.table","NW_015090842.1:9851344",4,9,5
"SLC22A31","s1337_F_RAP_03_ASEReadCounter.table","NW_015090842.1:9851361",6,10,4
"SLC22A31","s1337_F_RAP_03_ASEReadCounter.table","NW_015090842.1:9851381",5,14,9
"SLC22A31","s1337_F_RAP_03_ASEReadCounter.table","NW_015090842.1:9851421",6,13,7
"SLC22A31","s1337_F_RAP_03_ASEReadCounter.table","NW_015090842.1:9851501",4,10,6
"SLC22A31","s1337_F_RAP_03_ASEReadCounter.table","NW_015090842.1:9851526",6,17,11
"SLC22A31","s1337_F_RAP_03_ASEReadCounter.table","NW_015090842.1:9851589",6,15,9
"SLC22A31","s1337_F_RAP_03_ASEReadCounter.table","NW_015090842.1:9851712",5,14,9
"SLC22A31","s1337_F_RAP_03_ASEReadCounter.table","NW_015090842.1:9851899",5,11,6
"SLC22A31","s1337_F_RAP_03_ASEReadCounter.table","NW_015090842.1:9852139",10,18,8
"SLC22A31","s1337_F_RAP_03_ASEReadCounter.table","NW_015090842.1:9852380",7,12,5
"SLC22A31","s1337_F_RAP_03_ASEReadCounter.table","NW_015090842.1:9852431",4,9,5
"SLC22A31","s1337_F_RAP_03_ASEReadCounter.table","NW_015090842.1:9852630",6,11,5
"SLC22A31","s1337_F_RAP_03_ASEReadCounter.table","NW_015090842.1:9852711",6,10,4
"SLC22A31","s1337_F_RAP_03_ASEReadCounter.table","NW_015090842.1:9853099",5,6,1
"SLC22A31","s1337_F_RAP_03_ASEReadCounter.table","NW_015090842.1:9853102",5,6,1
"SLC22A31","s1337_F_RAP_03_ASEReadCounter.table","NW_015090842.1:9853421",1,1,0
"SLC22A31","s1337_F_RAP_03_ASEReadCounter.table","NW_015090842.1:9853457",3,4,1
"SLC22A31","s1337_F_RAP_03_ASEReadCounter.table","NW_015090842.1:9853502",3,4,1
"ANKRD11","s1337_F_RAP_03_ASEReadCounter.table","NW_015090842.1:9858863",13,22,9
"ANKRD11","s1337_F_RAP_03_ASEReadCounter.table","NW_015090842.1:9859101",109,216,107
"ANKRD11","s1337_F_RAP_03_ASEReadCounter.table","NW_015090842.1:9859352",121,301,180
"ANKRD11","s1337_F_RAP_03_ASEReadCounter.table","NW_015090842.1:9859381",61,202,141
"ANKRD11","s1337_F_RAP_03_ASEReadCounter.table","NW_015090842.1:9859679",124,265,141
"ANKRD11","s1337_F_RAP_03_ASEReadCounter.table","NW_015090842.1:9861097",105,230,125
"ANKRD11","s1337_F_RAP_03_ASEReadCounter.table","NW_015090842.1:9862571",80,165,85
"ANKRD11","s1337_F_RAP_03_ASEReadCounter.table","NW_015090842.1:9862652",59,100,41
"ANKRD11","s1337_F_RAP_03_ASEReadCounter.table","NW_015090842.1:9866071",0,102,102
"ANKRD11","s1337_F_RAP_03_ASEReadCounter.table","NW_015090842.1:9866200",0,76,76
"ANKRD11","s1337_F_RAP_03_ASEReadCounter.table","NW_015090842.1:9867391",28,58,30
"ANKRD11","s1337_F_RAP_03_ASEReadCounter.table","NW_015090842.1:9867472",49,97,48
"ANKRD11","s1337_F_RAP_03_ASEReadCounter.table","NW_015090842.1:9867559",58,109,51
"ANKRD11","s1337_F_RAP_03_ASEReadCounter.table","NW_015090842.1:9867667",64,123,59
"ANKRD11","s1337_F_RAP_03_ASEReadCounter.table","NW_015090842.1:9867934",57,119,62
"ANKRD11","s1337_F_RAP_03_ASEReadCounter.table","NW_015090842.1:9868064",64,112,48
"ANKRD11","s1337_F_RAP_03_ASEReadCounter.table","NW_015090842.1:9868093",57,115,58
"ANKRD11","s1337_F_RAP_03_ASEReadCounter.table","NW_015090842.1:9868222",74,136,62
"ANKRD11","s1337_F_RAP_03_ASEReadCounter.table","NW_015090842.1:9868327",63,130,67
"ANKRD11","s1337_F_RAP_03_ASEReadCounter.table","NW_015090842.1:9868414",66,166,100
"ANKRD11","s1337_F_RAP_03_ASEReadCounter.table","NW_015090842.1:9868441",66,160,94
"ANKRD11","s1337_F_RAP_03_ASEReadCounter.table","NW_015090842.1:9868444",70,167,97
"ANKRD11","s1337_F_RAP_03_ASEReadCounter.table","NW_015090842.1:9868519",76,188,112
"ANKRD11","s1337_F_RAP_03_ASEReadCounter.table","NW_015090842.1:9868609",96,200,104
"ANKRD11","s1337_F_RAP_03_ASEReadCounter.table","NW_015090842.1:9868666",89,192,103
"ANKRD11","s1337_F_RAP_03_ASEReadCounter.table","NW_015090842.1:9868738",118,226,108
"ANKRD11","s1337_F_RAP_03_ASEReadCounter.table","NW_015090842.1:9869431",116,221,105
"ANKRD11","s1337_F_RAP_03_ASEReadCounter.table","NW_015090842.1:9869578",161,348,187
"ANKRD11","s1337_F_RAP_03_ASEReadCounter.table","NW_015090842.1:9869734",156,374,218
"ANKRD11","s1337_F_RAP_03_ASEReadCounter.table","NW_015090842.1:9870070",170,354,184
"ANKRD11","s1337_F_RAP_03_ASEReadCounter.table","NW_015090842.1:9870349",154,365,211
"ANKRD11","s1337_F_RAP_03_ASEReadCounter.table","NW_015090842.1:9870604",158,337,179
"ANKRD11","s1337_F_RAP_03_ASEReadCounter.table","NW_015090842.1:9870613",174,371,197
"ANKRD11","s1337_F_RAP_03_ASEReadCounter.table","NW_015090842.1:9870685",208,462,254
"ANKRD11","s1337_F_RAP_03_ASEReadCounter.table","NW_015090842.1:9870760",177,405,228
"ANKRD11","s1337_F_RAP_03_ASEReadCounter.table","NW_015090842.1:9870847",170,356,186
"ANKRD11","s1337_F_RAP_03_ASEReadCounter.table","NW_015090842.1:9871103",144,285,141
"ANKRD11","s1337_F_RAP_03_ASEReadCounter.table","NW_015090842.1:9871165",156,322,166
"ANKRD11","s1337_F_RAP_03_ASEReadCounter.table","NW_015090842.1:9871508",135,255,120
"ANKRD11","s1337_F_RAP_03_ASEReadCounter.table","NW_015090842.1:9871820",48,119,71
"ANKRD11","s1337_F_RAP_03_ASEReadCounter.table","NW_015090842.1:9872118",58,140,82
"ANKRD11","s1337_F_RAP_03_ASEReadCounter.table","NW_015090842.1:9877406",35,76,41
"SPG7","s1337_F_RAP_03_ASEReadCounter.table","NW_015090842.1:10051190",109,229,120
"SPG7","s1337_F_RAP_03_ASEReadCounter.table","NW_015090842.1:10051218",120,261,141
"SPG7","s1337_F_RAP_03_ASEReadCounter.table","NW_015090842.1:10052348",154,275,121
"SPG7","s1337_F_RAP_03_ASEReadCounter.table","NW_015090842.1:10052366",151,277,126
"SPG7","s1337_F_RAP_03_ASEReadCounter.table","NW_015090842.1:10065173",162,362,200
"SPG7","s1337_F_RAP_03_ASEReadCounter.table","NW_015090842.1:10065215",142,329,187
"SPG7","s1337_F_RAP_03_ASEReadCounter.table","NW_015090842.1:10066365",128,274,146
"SPG7","s1337_F_RAP_03_ASEReadCounter.table","NW_015090842.1:10069752",166,359,193
"SPG7","s1337_F_RAP_03_ASEReadCounter.table","NW_015090842.1:10069800",177,387,210
"SPG7","s1337_F_RAP_03_ASEReadCounter.table","NW_015090842.1:10071192",175,419,244
"SPG7","s1337_F_RAP_03_ASEReadCounter.table","NW_015090842.1:10071219",151,368,217
"SPG7","s1337_F_RAP_03_ASEReadCounter.table","NW_015090842.1:10071967",161,310,149
"SPG7","s1337_F_RAP_03_ASEReadCounter.table","NW_015090842.1:10075109",264,502,238
"SPG7","s1337_F_RAP_03_ASEReadCounter.table","NW_015090842.1:10075114",267,497,230
"SPG7","s1337_F_RAP_03_ASEReadCounter.table","NW_015090842.1:10075198",200,390,190
"SPG7","s1337_F_RAP_03_ASEReadCounter.table","NW_015090842.1:10075487",138,293,155
"SPG7","s1337_F_RAP_03_ASEReadCounter.table","NW_015090842.1:10075488",139,296,157
"SPG7","s1337_F_RAP_03_ASEReadCounter.table","NW_015090842.1:10075548",137,241,104
"RPL13","s1337_F_RAP_03_ASEReadCounter.table","NW_015090842.1:10077387",435,962,527
"RPL13","s1337_F_RAP_03_ASEReadCounter.table","NW_015090842.1:10077978",671,1487,816
"RPL13","s1337_F_RAP_03_ASEReadCounter.table","NW_015090842.1:10077992",647,1401,754
"CPNE7","s1337_F_RAP_03_ASEReadCounter.table","NW_015090842.1:10084001",5,6,1
"CPNE7","s1337_F_RAP_03_ASEReadCounter.table","NW_015090842.1:10084856",2,3,1
"CPNE7","s1337_F_RAP_03_ASEReadCounter.table","NW_015090842.1:10084872",3,4,1
"CPNE7","s1337_F_RAP_03_ASEReadCounter.table","NW_015090842.1:10084892",4,5,1
"CPNE7","s1337_F_RAP_03_ASEReadCounter.table","NW_015090842.1:10084921",4,7,3
"CPNE7","s1337_F_RAP_03_ASEReadCounter.table","NW_015090842.1:10084935",4,7,3
"CPNE7","s1337_F_RAP_03_ASEReadCounter.table","NW_015090842.1:10085000",3,6,3
"CPNE7","s1337_F_RAP_03_ASEReadCounter.table","NW_015090842.1:10085089",4,9,5
"CPNE7","s1337_F_RAP_03_ASEReadCounter.table","NW_015090842.1:10085096",3,8,5
"CPNE7","s1337_F_RAP_03_ASEReadCounter.table","NW_015090842.1:10085126",4,9,5
"CPNE7","s1337_F_RAP_03_ASEReadCounter.table","NW_015090842.1:10085167",3,7,4
"CPNE7","s1337_F_RAP_03_ASEReadCounter.table","NW_015090842.1:10085180",5,8,3
"CPNE7","s1337_F_RAP_03_ASEReadCounter.table","NW_015090842.1:10085201",5,6,1
"CPNE7","s1337_F_RAP_03_ASEReadCounter.table","NW_015090842.1:10088134",1,3,2
"CPNE7","s1337_F_RAP_03_ASEReadCounter.table","NW_015090842.1:10088146",1,3,2
"CPNE7","s1337_F_RAP_03_ASEReadCounter.table","NW_015090842.1:10088806",7,9,2
"CPNE7","s1337_F_RAP_03_ASEReadCounter.table","NW_015090842.1:10088940",10,14,4
"CPNE7","s1337_F_RAP_03_ASEReadCounter.table","NW_015090842.1:10088965",8,13,5
"CPNE7","s1337_F_RAP_03_ASEReadCounter.table","NW_015090842.1:10088967",8,13,5
"CPNE7","s1337_F_RAP_03_ASEReadCounter.table","NW_015090842.1:10088973",7,12,5
"CPNE7","s1337_F_RAP_03_ASEReadCounter.table","NW_015090842.1:10090924",5,9,4
"CPNE7","s1337_F_RAP_03_ASEReadCounter.table","NW_015090842.1:10090930",6,10,4
"CPNE7","s1337_F_RAP_03_ASEReadCounter.table","NW_015090842.1:10091075",6,10,4
"CPNE7","s1337_F_RAP_03_ASEReadCounter.table","NW_015090842.1:10091389",11,16,5
"CPNE7","s1337_F_RAP_03_ASEReadCounter.table","NW_015090842.1:10091407",14,19,5
"CPNE7","s1337_F_RAP_03_ASEReadCounter.table","NW_015090842.1:10091488",8,19,11
"CPNE7","s1337_F_RAP_03_ASEReadCounter.table","NW_015090842.1:10091491",8,19,11
"CPNE7","s1337_F_RAP_03_ASEReadCounter.table","NW_015090842.1:10091530",11,17,6
"CPNE7","s1337_F_RAP_03_ASEReadCounter.table","NW_015090842.1:10091875",10,15,5
"CPNE7","s1337_F_RAP_03_ASEReadCounter.table","NW_015090842.1:10091983",7,13,6
"CPNE7","s1337_F_RAP_03_ASEReadCounter.table","NW_015090842.1:10091997",9,15,6
"CPNE7","s1337_F_RAP_03_ASEReadCounter.table","NW_015090842.1:10092038",3,5,2
"CPNE7","s1337_F_RAP_03_ASEReadCounter.table","NW_015090842.1:10092140",5,5,0
"CPNE7","s1337_F_RAP_03_ASEReadCounter.table","NW_015090842.1:10092183",7,10,3
"CPNE7","s1337_F_RAP_03_ASEReadCounter.table","NW_015090842.1:10092201",6,8,2
"CPNE7","s1337_F_RAP_03_ASEReadCounter.table","NW_015090842.1:10092230",4,6,2
"CPNE7","s1337_F_RAP_03_ASEReadCounter.table","NW_015090842.1:10092246",1,3,2
"LOC106888185","s1337_F_RAP_03_ASEReadCounter.table","NW_015090842.1:10094965",0,2,2
"LOC106888185","s1337_F_RAP_03_ASEReadCounter.table","NW_015090842.1:10094966",0,1,1
"LOC106888185","s1337_F_RAP_03_ASEReadCounter.table","NW_015090842.1:10094985",0,2,2
"LOC106888185","s1337_F_RAP_03_ASEReadCounter.table","NW_015090842.1:10095055",0,2,2
"LOC106888185","s1337_F_RAP_03_ASEReadCounter.table","NW_015090842.1:10095062",0,2,2
"LOC106888185","s1337_F_RAP_03_ASEReadCounter.table","NW_015090842.1:10095130",0,3,3
"LOC106888185","s1337_F_RAP_03_ASEReadCounter.table","NW_015090842.1:10095265",4,9,5
"LOC106888185","s1337_F_RAP_03_ASEReadCounter.table","NW_015090842.1:10095586",2,10,8
"LOC106888185","s1337_F_RAP_03_ASEReadCounter.table","NW_015090842.1:10095593",2,9,7
"LOC106888185","s1337_F_RAP_03_ASEReadCounter.table","NW_015090842.1:10095616",3,10,7
"LOC106888185","s1337_F_RAP_03_ASEReadCounter.table","NW_015090842.1:10095662",4,11,7
"LOC106888185","s1337_F_RAP_03_ASEReadCounter.table","NW_015090842.1:10095674",3,9,6
"LOC106888185","s1337_F_RAP_03_ASEReadCounter.table","NW_015090842.1:10095786",4,10,6
"LOC106888185","s1337_F_RAP_03_ASEReadCounter.table","NW_015090842.1:10095831",4,10,6
"LOC106888185","s1337_F_RAP_03_ASEReadCounter.table","NW_015090842.1:10096230",5,14,9
"LOC106888185","s1337_F_RAP_03_ASEReadCounter.table","NW_015090842.1:10096249",4,13,9
"LOC106888185","s1337_F_RAP_03_ASEReadCounter.table","NW_015090842.1:10096272",5,16,11
"LOC106888185","s1337_F_RAP_03_ASEReadCounter.table","NW_015090842.1:10096288",5,14,9
"LOC106888185","s1337_F_RAP_03_ASEReadCounter.table","NW_015090842.1:10097248",4,9,5
"LOC106888185","s1337_F_RAP_03_ASEReadCounter.table","NW_015090842.1:10097265",5,10,5
"LOC106888185","s1337_F_RAP_03_ASEReadCounter.table","NW_015090842.1:10097446",0,6,6
"DPEP1","s1337_F_RAP_03_ASEReadCounter.table","NW_015090842.1:10098017",0,2,2
"DPEP1","s1337_F_RAP_03_ASEReadCounter.table","NW_015090842.1:10098518",0,1,1
"DPEP1","s1337_F_RAP_03_ASEReadCounter.table","NW_015090842.1:10098595",0,2,2
"DPEP1","s1337_F_RAP_03_ASEReadCounter.table","NW_015090842.1:10098597",0,2,2
"DPEP1","s1337_F_RAP_03_ASEReadCounter.table","NW_015090842.1:10098601",0,2,2
"DPEP1","s1337_F_RAP_03_ASEReadCounter.table","NW_015090842.1:10098608",0,2,2
"DPEP1","s1337_F_RAP_03_ASEReadCounter.table","NW_015090842.1:10098630",0,2,2
"DPEP1","s1337_F_RAP_03_ASEReadCounter.table","NW_015090842.1:10098659",0,1,1
"DPEP1","s1337_F_RAP_03_ASEReadCounter.table","NW_015090842.1:10100044",0,1,1
"DPEP1","s1337_F_RAP_03_ASEReadCounter.table","NW_015090842.1:10100045",0,1,1
"DPEP1","s1337_F_RAP_03_ASEReadCounter.table","NW_015090842.1:10100084",0,1,1
"DPEP1","s1337_F_RAP_03_ASEReadCounter.table","NW_015090842.1:10100295",0,1,1
"DPEP1","s1337_F_RAP_03_ASEReadCounter.table","NW_015090842.1:10100529",0,1,1
"DPEP1","s1337_F_RAP_03_ASEReadCounter.table","NW_015090842.1:10101072",0,1,1
"DPEP1","s1337_F_RAP_03_ASEReadCounter.table","NW_015090842.1:10101483",0,1,1
"DPEP1","s1337_F_RAP_03_ASEReadCounter.table","NW_015090842.1:10101497",0,1,1
"DPEP1","s1337_F_RAP_03_ASEReadCounter.table","NW_015090842.1:10101525",0,1,1
"DPEP1","s1337_F_RAP_03_ASEReadCounter.table","NW_015090842.1:10101913",0,1,1
"DPEP1","s1337_F_RAP_03_ASEReadCounter.table","NW_015090842.1:10101996",0,1,1
"DPEP1","s1337_F_RAP_03_ASEReadCounter.table","NW_015090842.1:10102014",0,1,1
"DPEP1","s1337_F_RAP_03_ASEReadCounter.table","NW_015090842.1:10102035",0,1,1
"CHMP1A","s1337_F_RAP_03_ASEReadCounter.table","NW_015090842.1:10102901",43,120,77
"CHMP1A","s1337_F_RAP_03_ASEReadCounter.table","NW_015090842.1:10102961",43,140,97
"CHMP1A","s1337_F_RAP_03_ASEReadCounter.table","NW_015090842.1:10102996",35,134,99
"CHMP1A","s1337_F_RAP_03_ASEReadCounter.table","NW_015090842.1:10103004",41,142,101
"CHMP1A","s1337_F_RAP_03_ASEReadCounter.table","NW_015090842.1:10103006",41,142,101
"CHMP1A","s1337_F_RAP_03_ASEReadCounter.table","NW_015090842.1:10103052",72,186,114
"CHMP1A","s1337_F_RAP_03_ASEReadCounter.table","NW_015090842.1:10103095",90,201,111
"CHMP1A","s1337_F_RAP_03_ASEReadCounter.table","NW_015090842.1:10103096",90,202,112
"CHMP1A","s1337_F_RAP_03_ASEReadCounter.table","NW_015090842.1:10103152",70,138,68
"CHMP1A","s1337_F_RAP_03_ASEReadCounter.table","NW_015090842.1:10103173",66,152,86
"CHMP1A","s1337_F_RAP_03_ASEReadCounter.table","NW_015090842.1:10103334",40,113,73
"CHMP1A","s1337_F_RAP_03_ASEReadCounter.table","NW_015090842.1:10103373",14,110,96
"CHMP1A","s1337_F_RAP_03_ASEReadCounter.table","NW_015090842.1:10103408",39,145,106
"CHMP1A","s1337_F_RAP_03_ASEReadCounter.table","NW_015090842.1:10103412",49,159,110
"CHMP1A","s1337_F_RAP_03_ASEReadCounter.table","NW_015090842.1:10103512",77,183,106
"CHMP1A","s1337_F_RAP_03_ASEReadCounter.table","NW_015090842.1:10103513",76,186,110
"CHMP1A","s1337_F_RAP_03_ASEReadCounter.table","NW_015090842.1:10103583",50,124,74
"CHMP1A","s1337_F_RAP_03_ASEReadCounter.table","NW_015090842.1:10103614",52,125,73
"CHMP1A","s1337_F_RAP_03_ASEReadCounter.table","NW_015090842.1:10103657",64,135,71
"CHMP1A","s1337_F_RAP_03_ASEReadCounter.table","NW_015090842.1:10103669",63,126,63
"CHMP1A","s1337_F_RAP_03_ASEReadCounter.table","NW_015090842.1:10103674",63,122,59
"CHMP1A","s1337_F_RAP_03_ASEReadCounter.table","NW_015090842.1:10103677",62,118,56
"CHMP1A","s1337_F_RAP_03_ASEReadCounter.table","NW_015090842.1:10103729",76,138,62
"CHMP1A","s1337_F_RAP_03_ASEReadCounter.table","NW_015090842.1:10103758",80,145,65
"CHMP1A","s1337_F_RAP_03_ASEReadCounter.table","NW_015090842.1:10103761",79,144,65
"CHMP1A","s1337_F_RAP_03_ASEReadCounter.table","NW_015090842.1:10103788",84,177,93
"CHMP1A","s1337_F_RAP_03_ASEReadCounter.table","NW_015090842.1:10103789",85,179,94
"CHMP1A","s1337_F_RAP_03_ASEReadCounter.table","NW_015090842.1:10103790",80,173,93
"CHMP1A","s1337_F_RAP_03_ASEReadCounter.table","NW_015090842.1:10103950",83,176,93
"CHMP1A","s1337_F_RAP_03_ASEReadCounter.table","NW_015090842.1:10104335",50,114,64
"CHMP1A","s1337_F_RAP_03_ASEReadCounter.table","NW_015090842.1:10104429",66,146,80
"CHMP1A","s1337_F_RAP_03_ASEReadCounter.table","NW_015090842.1:10104532",62,145,83
"CHMP1A","s1337_F_RAP_03_ASEReadCounter.table","NW_015090842.1:10104633",51,116,65
"CHMP1A","s1337_F_RAP_03_ASEReadCounter.table","NW_015090842.1:10104759",53,124,71
"CHMP1A","s1337_F_RAP_03_ASEReadCounter.table","NW_015090842.1:10104794",59,144,85
"CHMP1A","s1337_F_RAP_03_ASEReadCounter.table","NW_015090842.1:10104841",68,110,42
"CHMP1A","s1337_F_RAP_03_ASEReadCounter.table","NW_015090842.1:10104844",43,113,70
"CHMP1A","s1337_F_RAP_03_ASEReadCounter.table","NW_015090842.1:10106242",61,123,62
"CHMP1A","s1337_F_RAP_03_ASEReadCounter.table","NW_015090842.1:10106290",52,114,62
"CHMP1A","s1337_F_RAP_03_ASEReadCounter.table","NW_015090842.1:10106335",55,124,69
"CHMP1A","s1337_F_RAP_03_ASEReadCounter.table","NW_015090842.1:10106383",73,161,88
"CHMP1A","s1337_F_RAP_03_ASEReadCounter.table","NW_015090842.1:10106747",71,154,83
"CHMP1A","s1337_F_RAP_03_ASEReadCounter.table","NW_015090842.1:10107404",71,170,99
"CHMP1A","s1337_F_RAP_03_ASEReadCounter.table","NW_015090842.1:10107876",51,129,78
"CDK10","s1337_F_RAP_03_ASEReadCounter.table","NW_015090842.1:10109030",14,15,1
"CDK10","s1337_F_RAP_03_ASEReadCounter.table","NW_015090842.1:10109963",45,133,88
"CDK10","s1337_F_RAP_03_ASEReadCounter.table","NW_015090842.1:10110887",31,103,72
"CDK10","s1337_F_RAP_03_ASEReadCounter.table","NW_015090842.1:10111254",25,94,69
"CDK10","s1337_F_RAP_03_ASEReadCounter.table","NW_015090842.1:10111380",29,113,84
"CDK10","s1337_F_RAP_03_ASEReadCounter.table","NW_015090842.1:10111395",33,112,79
"CDK10","s1337_F_RAP_03_ASEReadCounter.table","NW_015090842.1:10111437",19,94,75
"CDK10","s1337_F_RAP_03_ASEReadCounter.table","NW_015090842.1:10111798",25,105,80
"CDK10","s1337_F_RAP_03_ASEReadCounter.table","NW_015090842.1:10111840",38,113,75
"CDK10","s1337_F_RAP_03_ASEReadCounter.table","NW_015090842.1:10112031",45,136,91
"CDK10","s1337_F_RAP_03_ASEReadCounter.table","NW_015090842.1:10112285",47,153,106
"CDK10","s1337_F_RAP_03_ASEReadCounter.table","NW_015090842.1:10112398",49,156,107
"CDK10","s1337_F_RAP_03_ASEReadCounter.table","NW_015090842.1:10112455",39,159,120
"CDK10","s1337_F_RAP_03_ASEReadCounter.table","NW_015090842.1:10112461",36,144,108
"CDK10","s1337_F_RAP_03_ASEReadCounter.table","NW_015090842.1:10112497",32,123,91
"CDK10","s1337_F_RAP_03_ASEReadCounter.table","NW_015090842.1:10112508",31,120,89
"CDK10","s1337_F_RAP_03_ASEReadCounter.table","NW_015090842.1:10112518",21,101,80
"CDK10","s1337_F_RAP_03_ASEReadCounter.table","NW_015090842.1:10112540",23,100,77
"CDK10","s1337_F_RAP_03_ASEReadCounter.table","NW_015090842.1:10112556",39,121,82
"CDK10","s1337_F_RAP_03_ASEReadCounter.table","NW_015090842.1:10112561",40,134,94
"CDK10","s1337_F_RAP_03_ASEReadCounter.table","NW_015090842.1:10112596",45,137,92
"CDK10","s1337_F_RAP_03_ASEReadCounter.table","NW_015090842.1:10112630",38,119,81
"CDK10","s1337_F_RAP_03_ASEReadCounter.table","NW_015090842.1:10112656",39,112,73
"CDK10","s1337_F_RAP_03_ASEReadCounter.table","NW_015090842.1:10112665",34,86,52
"CDK10","s1337_F_RAP_03_ASEReadCounter.table","NW_015090842.1:10112668",34,87,53
"CDK10","s1337_F_RAP_03_ASEReadCounter.table","NW_015090842.1:10112781",15,43,28
"CDK10","s1337_F_RAP_03_ASEReadCounter.table","NW_015090842.1:10112782",15,42,27
"CDK10","s1337_F_RAP_03_ASEReadCounter.table","NW_015090842.1:10112795",12,39,27
"CDK10","s1337_F_RAP_03_ASEReadCounter.table","NW_015090842.1:10112841",4,11,7
"CDK10","s1337_F_RAP_03_ASEReadCounter.table","NW_015090842.1:10112861",2,7,5
"SPATA2L","s1337_F_RAP_03_ASEReadCounter.table","NW_015090842.1:10113212",22,57,35
"SPATA2L","s1337_F_RAP_03_ASEReadCounter.table","NW_015090842.1:10113280",36,104,68
"SPATA2L","s1337_F_RAP_03_ASEReadCounter.table","NW_015090842.1:10113296",40,109,69
"SPATA2L","s1337_F_RAP_03_ASEReadCounter.table","NW_015090842.1:10113321",47,126,79
"SPATA2L","s1337_F_RAP_03_ASEReadCounter.table","NW_015090842.1:10113332",50,138,88
"SPATA2L","s1337_F_RAP_03_ASEReadCounter.table","NW_015090842.1:10113380",57,157,100
"SPATA2L","s1337_F_RAP_03_ASEReadCounter.table","NW_015090842.1:10113381",57,158,101
"SPATA2L","s1337_F_RAP_03_ASEReadCounter.table","NW_015090842.1:10113412",55,157,102
"SPATA2L","s1337_F_RAP_03_ASEReadCounter.table","NW_015090842.1:10113421",57,156,99
"SPATA2L","s1337_F_RAP_03_ASEReadCounter.table","NW_015090842.1:10113465",54,128,74
"SPATA2L","s1337_F_RAP_03_ASEReadCounter.table","NW_015090842.1:10113535",82,153,71
"SPATA2L","s1337_F_RAP_03_ASEReadCounter.table","NW_015090842.1:10113645",56,150,94
"SPATA2L","s1337_F_RAP_03_ASEReadCounter.table","NW_015090842.1:10113682",63,189,126
"SPATA2L","s1337_F_RAP_03_ASEReadCounter.table","NW_015090842.1:10113696",59,163,104
"SPATA2L","s1337_F_RAP_03_ASEReadCounter.table","NW_015090842.1:10113727",76,181,105
"SPATA2L","s1337_F_RAP_03_ASEReadCounter.table","NW_015090842.1:10113799",83,177,94
"SPATA2L","s1337_F_RAP_03_ASEReadCounter.table","NW_015090842.1:10113809",85,183,98
"SPATA2L","s1337_F_RAP_03_ASEReadCounter.table","NW_015090842.1:10113827",86,195,109
"SPATA2L","s1337_F_RAP_03_ASEReadCounter.table","NW_015090842.1:10113831",85,197,112
"SPATA2L","s1337_F_RAP_03_ASEReadCounter.table","NW_015090842.1:10113894",77,176,99
"SPATA2L","s1337_F_RAP_03_ASEReadCounter.table","NW_015090842.1:10113905",71,167,96
"SPATA2L","s1337_F_RAP_03_ASEReadCounter.table","NW_015090842.1:10113914",67,164,97
"SPATA2L","s1337_F_RAP_03_ASEReadCounter.table","NW_015090842.1:10113920",73,172,99
"SPATA2L","s1337_F_RAP_03_ASEReadCounter.table","NW_015090842.1:10113937",90,197,107
"SPATA2L","s1337_F_RAP_03_ASEReadCounter.table","NW_015090842.1:10113971",69,171,102
"SPATA2L","s1337_F_RAP_03_ASEReadCounter.table","NW_015090842.1:10113976",64,181,117
"SPATA2L","s1337_F_RAP_03_ASEReadCounter.table","NW_015090842.1:10113985",65,164,99
"SPATA2L","s1337_F_RAP_03_ASEReadCounter.table","NW_015090842.1:10113994",76,183,107
"SPATA2L","s1337_F_RAP_03_ASEReadCounter.table","NW_015090842.1:10114063",50,132,82
"SPATA2L","s1337_F_RAP_03_ASEReadCounter.table","NW_015090842.1:10114066",48,133,85
"SPATA2L","s1337_F_RAP_03_ASEReadCounter.table","NW_015090842.1:10114069",49,136,87
"SPATA2L","s1337_F_RAP_03_ASEReadCounter.table","NW_015090842.1:10114121",36,101,65
"SPATA2L","s1337_F_RAP_03_ASEReadCounter.table","NW_015090842.1:10114159",38,111,73
"SPATA2L","s1337_F_RAP_03_ASEReadCounter.table","NW_015090842.1:10114282",122,122,0
"SPATA2L","s1337_F_RAP_03_ASEReadCounter.table","NW_015090842.1:10114470",36,106,70
"SPATA2L","s1337_F_RAP_03_ASEReadCounter.table","NW_015090842.1:10114524",23,70,47
"VPS9D1","s1337_F_RAP_03_ASEReadCounter.table","NW_015090842.1:10116377",38,113,75
"VPS9D1","s1337_F_RAP_03_ASEReadCounter.table","NW_015090842.1:10116415",38,136,98
"VPS9D1","s1337_F_RAP_03_ASEReadCounter.table","NW_015090842.1:10116607",27,110,83
"VPS9D1","s1337_F_RAP_03_ASEReadCounter.table","NW_015090842.1:10116816",62,93,31
"VPS9D1","s1337_F_RAP_03_ASEReadCounter.table","NW_015090842.1:10116821",31,94,63
"VPS9D1","s1337_F_RAP_03_ASEReadCounter.table","NW_015090842.1:10116825",33,93,60
"VPS9D1","s1337_F_RAP_03_ASEReadCounter.table","NW_015090842.1:10116882",35,85,50
"VPS9D1","s1337_F_RAP_03_ASEReadCounter.table","NW_015090842.1:10116885",34,80,46
"VPS9D1","s1337_F_RAP_03_ASEReadCounter.table","NW_015090842.1:10116933",31,79,48
"VPS9D1","s1337_F_RAP_03_ASEReadCounter.table","NW_015090842.1:10116942",32,81,49
"VPS9D1","s1337_F_RAP_03_ASEReadCounter.table","NW_015090842.1:10117152",22,76,54
"VPS9D1","s1337_F_RAP_03_ASEReadCounter.table","NW_015090842.1:10117396",36,56,20
"VPS9D1","s1337_F_RAP_03_ASEReadCounter.table","NW_015090842.1:10117405",22,42,20
"VPS9D1","s1337_F_RAP_03_ASEReadCounter.table","NW_015090842.1:10117480",26,76,50
"VPS9D1","s1337_F_RAP_03_ASEReadCounter.table","NW_015090842.1:10117497",25,71,46
"VPS9D1","s1337_F_RAP_03_ASEReadCounter.table","NW_015090842.1:10117499",25,72,47
"VPS9D1","s1337_F_RAP_03_ASEReadCounter.table","NW_015090842.1:10117516",28,74,46
"VPS9D1","s1337_F_RAP_03_ASEReadCounter.table","NW_015090842.1:10117525",33,77,44
"VPS9D1","s1337_F_RAP_03_ASEReadCounter.table","NW_015090842.1:10117579",33,78,45
"VPS9D1","s1337_F_RAP_03_ASEReadCounter.table","NW_015090842.1:10117627",31,84,53
"VPS9D1","s1337_F_RAP_03_ASEReadCounter.table","NW_015090842.1:10117678",21,81,60
"VPS9D1","s1337_F_RAP_03_ASEReadCounter.table","NW_015090842.1:10117773",44,107,63
"VPS9D1","s1337_F_RAP_03_ASEReadCounter.table","NW_015090842.1:10117937",44,121,77
"VPS9D1","s1337_F_RAP_03_ASEReadCounter.table","NW_015090842.1:10117961",28,104,76
"VPS9D1","s1337_F_RAP_03_ASEReadCounter.table","NW_015090842.1:10118236",27,110,83
"VPS9D1","s1337_F_RAP_03_ASEReadCounter.table","NW_015090842.1:10118414",43,122,79
"VPS9D1","s1337_F_RAP_03_ASEReadCounter.table","NW_015090842.1:10118973",43,118,75
"VPS9D1","s1337_F_RAP_03_ASEReadCounter.table","NW_015090842.1:10119500",20,64,44
"ZNF276","s1337_F_RAP_03_ASEReadCounter.table","NW_015090842.1:10121760",4,7,3
"ZNF276","s1337_F_RAP_03_ASEReadCounter.table","NW_015090842.1:10121769",3,5,2
"ZNF276","s1337_F_RAP_03_ASEReadCounter.table","NW_015090842.1:10121802",7,10,3
"ZNF276","s1337_F_RAP_03_ASEReadCounter.table","NW_015090842.1:10121971",10,14,4
"ZNF276","s1337_F_RAP_03_ASEReadCounter.table","NW_015090842.1:10122883",10,29,19
"ZNF276","s1337_F_RAP_03_ASEReadCounter.table","NW_015090842.1:10123069",15,32,17
"ZNF276","s1337_F_RAP_03_ASEReadCounter.table","NW_015090842.1:10123207",20,55,35
"ZNF276","s1337_F_RAP_03_ASEReadCounter.table","NW_015090842.1:10125787",24,57,33
"ZNF276","s1337_F_RAP_03_ASEReadCounter.table","NW_015090842.1:10126309",26,67,41
"ZNF276","s1337_F_RAP_03_ASEReadCounter.table","NW_015090842.1:10126348",30,70,40
"ZNF276","s1337_F_RAP_03_ASEReadCounter.table","NW_015090842.1:10126978",43,81,38
"ZNF276","s1337_F_RAP_03_ASEReadCounter.table","NW_015090842.1:10126991",37,70,33
"ZNF276","s1337_F_RAP_03_ASEReadCounter.table","NW_015090842.1:10127023",38,70,32
"ZNF276","s1337_F_RAP_03_ASEReadCounter.table","NW_015090842.1:10127063",36,69,33
"ZNF276","s1337_F_RAP_03_ASEReadCounter.table","NW_015090842.1:10127373",33,66,33
"ZNF276","s1337_F_RAP_03_ASEReadCounter.table","NW_015090842.1:10127931",45,87,42
"ZNF276","s1337_F_RAP_03_ASEReadCounter.table","NW_015090842.1:10128070",49,87,38
"ZNF276","s1337_F_RAP_03_ASEReadCounter.table","NW_015090842.1:10128102",50,83,33
"ZNF276","s1337_F_RAP_03_ASEReadCounter.table","NW_015090842.1:10128356",27,68,41
"ZNF276","s1337_F_RAP_03_ASEReadCounter.table","NW_015090842.1:10128497",23,37,14
"FANCA","s1337_F_RAP_03_ASEReadCounter.table","NW_015090842.1:10128743",2,5,3
"FANCA","s1337_F_RAP_03_ASEReadCounter.table","NW_015090842.1:10128822",0,3,3
"FANCA","s1337_F_RAP_03_ASEReadCounter.table","NW_015090842.1:10129383",2,6,4
"FANCA","s1337_F_RAP_03_ASEReadCounter.table","NW_015090842.1:10129390",2,5,3
"FANCA","s1337_F_RAP_03_ASEReadCounter.table","NW_015090842.1:10129422",1,6,5
"FANCA","s1337_F_RAP_03_ASEReadCounter.table","NW_015090842.1:10129969",1,3,2
"FANCA","s1337_F_RAP_03_ASEReadCounter.table","NW_015090842.1:10130399",1,6,5
"FANCA","s1337_F_RAP_03_ASEReadCounter.table","NW_015090842.1:10130857",0,2,2
"FANCA","s1337_F_RAP_03_ASEReadCounter.table","NW_015090842.1:10130878",0,2,2
"FANCA","s1337_F_RAP_03_ASEReadCounter.table","NW_015090842.1:10133530",0,2,2
"FANCA","s1337_F_RAP_03_ASEReadCounter.table","NW_015090842.1:10133533",0,1,1
"FANCA","s1337_F_RAP_03_ASEReadCounter.table","NW_015090842.1:10133536",0,3,3
"FANCA","s1337_F_RAP_03_ASEReadCounter.table","NW_015090842.1:10133601",0,4,4
"FANCA","s1337_F_RAP_03_ASEReadCounter.table","NW_015090842.1:10134492",1,4,3
"FANCA","s1337_F_RAP_03_ASEReadCounter.table","NW_015090842.1:10134531",1,4,3
"FANCA","s1337_F_RAP_03_ASEReadCounter.table","NW_015090842.1:10136957",0,3,3
"FANCA","s1337_F_RAP_03_ASEReadCounter.table","NW_015090842.1:10136982",0,2,2
"FANCA","s1337_F_RAP_03_ASEReadCounter.table","NW_015090842.1:10136999",0,1,1
"FANCA","s1337_F_RAP_03_ASEReadCounter.table","NW_015090842.1:10137019",0,1,1
"FANCA","s1337_F_RAP_03_ASEReadCounter.table","NW_015090842.1:10137673",1,2,1
"FANCA","s1337_F_RAP_03_ASEReadCounter.table","NW_015090842.1:10138618",0,1,1
"FANCA","s1337_F_RAP_03_ASEReadCounter.table","NW_015090842.1:10139140",2,4,2
"FANCA","s1337_F_RAP_03_ASEReadCounter.table","NW_015090842.1:10140699",0,1,1
"FANCA","s1337_F_RAP_03_ASEReadCounter.table","NW_015090842.1:10141234",1,1,0
"FANCA","s1337_F_RAP_03_ASEReadCounter.table","NW_015090842.1:10145030",1,1,0
"FANCA","s1337_F_RAP_03_ASEReadCounter.table","NW_015090842.1:10150518",0,1,1
"FANCA","s1337_F_RAP_03_ASEReadCounter.table","NW_015090842.1:10152863",1,3,2
"SPIRE2","s1337_F_RAP_03_ASEReadCounter.table","NW_015090842.1:10172284",31,49,18
"SPIRE2","s1337_F_RAP_03_ASEReadCounter.table","NW_015090842.1:10175262",59,83,24
"SPIRE2","s1337_F_RAP_03_ASEReadCounter.table","NW_015090842.1:10175352",23,35,12
"SPIRE2","s1337_F_RAP_03_ASEReadCounter.table","NW_015090842.1:10175400",76,124,48
"SPIRE2","s1337_F_RAP_03_ASEReadCounter.table","NW_015090842.1:10175418",86,136,50
"SPIRE2","s1337_F_RAP_03_ASEReadCounter.table","NW_015090842.1:10175704",84,148,64
"SPIRE2","s1337_F_RAP_03_ASEReadCounter.table","NW_015090842.1:10176115",109,223,114
"SPIRE2","s1337_F_RAP_03_ASEReadCounter.table","NW_015090842.1:10176561",123,230,107
"SPIRE2","s1337_F_RAP_03_ASEReadCounter.table","NW_015090842.1:10176817",131,252,121
"SPIRE2","s1337_F_RAP_03_ASEReadCounter.table","NW_015090842.1:10177084",85,164,79
"SPIRE2","s1337_F_RAP_03_ASEReadCounter.table","NW_015090842.1:10177110",92,162,70
"SPIRE2","s1337_F_RAP_03_ASEReadCounter.table","NW_015090842.1:10177838",136,237,101
"SPIRE2","s1337_F_RAP_03_ASEReadCounter.table","NW_015090842.1:10178000",134,256,122
"SPIRE2","s1337_F_RAP_03_ASEReadCounter.table","NW_015090842.1:10178164",130,252,122
"SPIRE2","s1337_F_RAP_03_ASEReadCounter.table","NW_015090842.1:10178216",140,281,141
"SPIRE2","s1337_F_RAP_03_ASEReadCounter.table","NW_015090842.1:10178403",140,245,105
"SPIRE2","s1337_F_RAP_03_ASEReadCounter.table","NW_015090842.1:10178409",141,247,106
"SPIRE2","s1337_F_RAP_03_ASEReadCounter.table","NW_015090842.1:10178524",124,233,109
"SPIRE2","s1337_F_RAP_03_ASEReadCounter.table","NW_015090842.1:10178526",123,232,109
"SPIRE2","s1337_F_RAP_03_ASEReadCounter.table","NW_015090842.1:10178531",126,233,107
"SPIRE2","s1337_F_RAP_03_ASEReadCounter.table","NW_015090842.1:10178565",110,228,118
"SPIRE2","s1337_F_RAP_03_ASEReadCounter.table","NW_015090842.1:10178587",96,194,98
"SPIRE2","s1337_F_RAP_03_ASEReadCounter.table","NW_015090842.1:10178640",80,163,83
"SPIRE2","s1337_F_RAP_03_ASEReadCounter.table","NW_015090842.1:10178651",87,179,92
"SPIRE2","s1337_F_RAP_03_ASEReadCounter.table","NW_015090842.1:10178682",80,158,78
"TCF25","s1337_F_RAP_03_ASEReadCounter.table","NW_015090842.1:10180912",48,87,39
"TCF25","s1337_F_RAP_03_ASEReadCounter.table","NW_015090842.1:10180924",47,86,39
"TCF25","s1337_F_RAP_03_ASEReadCounter.table","NW_015090842.1:10180931",50,91,41
"TCF25","s1337_F_RAP_03_ASEReadCounter.table","NW_015090842.1:10185332",144,266,122
"TCF25","s1337_F_RAP_03_ASEReadCounter.table","NW_015090842.1:10188816",110,183,73
"MC1R","s1337_F_RAP_03_ASEReadCounter.table","NW_015090842.1:10202160",0,2,2
"MC1R","s1337_F_RAP_03_ASEReadCounter.table","NW_015090842.1:10202460",0,1,1
"MC1R","s1337_F_RAP_03_ASEReadCounter.table","NW_015090842.1:10202465",2,3,1
"DBNDD1","s1337_F_RAP_03_ASEReadCounter.table","NW_015090842.1:10223105",96,226,130
"GAS8","s1337_F_RAP_03_ASEReadCounter.table","NW_015090842.1:10228982",15,30,15
"GAS8","s1337_F_RAP_03_ASEReadCounter.table","NW_015090842.1:10229832",9,21,12
"GAS8","s1337_F_RAP_03_ASEReadCounter.table","NW_015090842.1:10232375",42,69,27
"GAS8","s1337_F_RAP_03_ASEReadCounter.table","NW_015090842.1:10232901",35,70,35
"GAS8","s1337_F_RAP_03_ASEReadCounter.table","NW_015090842.1:10232928",42,74,32
"GAS8","s1337_F_RAP_03_ASEReadCounter.table","NW_015090842.1:10232967",41,71,30
"GAS8","s1337_F_RAP_03_ASEReadCounter.table","NW_015090842.1:10233032",33,55,22
"GAS8","s1337_F_RAP_03_ASEReadCounter.table","NW_015090842.1:10233057",29,47,18
"GAS8","s1337_F_RAP_03_ASEReadCounter.table","NW_015090842.1:10233058",29,46,17
"GAS8","s1337_F_RAP_03_ASEReadCounter.table","NW_015090842.1:10233176",18,30,12
"GAS8","s1337_F_RAP_03_ASEReadCounter.table","NW_015090842.1:10233196",18,28,10
"GAS8","s1337_F_RAP_03_ASEReadCounter.table","NW_015090842.1:10233252",13,20,7
"GAS8","s1337_F_RAP_03_ASEReadCounter.table","NW_015090842.1:10233303",6,8,2
"LOC106888094","s1337_F_RAP_03_ASEReadCounter.table","NW_015090842.1:10233334",1,11,10
"LOC106888094","s1337_F_RAP_03_ASEReadCounter.table","NW_015090842.1:10233362",7,31,24
"LOC106888094","s1337_F_RAP_03_ASEReadCounter.table","NW_015090842.1:10233373",9,35,26
"LOC106888094","s1337_F_RAP_03_ASEReadCounter.table","NW_015090842.1:10233388",14,46,32
"LOC106888094","s1337_F_RAP_03_ASEReadCounter.table","NW_015090842.1:10233402",16,47,31
"LOC106888094","s1337_F_RAP_03_ASEReadCounter.table","NW_015090842.1:10233465",27,70,43
"LOC106888094","s1337_F_RAP_03_ASEReadCounter.table","NW_015090842.1:10233803",29,81,52
"LOC106888094","s1337_F_RAP_03_ASEReadCounter.table","NW_015090842.1:10233815",26,74,48
"LOC106888094","s1337_F_RAP_03_ASEReadCounter.table","NW_015090842.1:10235484",6,10,4
"LOC106888094","s1337_F_RAP_03_ASEReadCounter.table","NW_015090842.1:10235611",1,9,8
"LOC106888094","s1337_F_RAP_03_ASEReadCounter.table","NW_015090842.1:10236098",4,7,3
"LOC106888094","s1337_F_RAP_03_ASEReadCounter.table","NW_015090842.1:10236161",2,7,5
"LOC106888094","s1337_F_RAP_03_ASEReadCounter.table","NW_015090842.1:10236380",1,3,2
"LOC106888094","s1337_F_RAP_03_ASEReadCounter.table","NW_015090842.1:10236388",1,3,2
"LOC106888094","s1337_F_RAP_03_ASEReadCounter.table","NW_015090842.1:10236425",1,2,1
"LOC106888094","s1337_F_RAP_03_ASEReadCounter.table","NW_015090842.1:10236426",1,2,1
"LOC106888094","s1337_F_RAP_03_ASEReadCounter.table","NW_015090842.1:10236603",0,3,3
"LOC106888173","s1337_F_RAP_03_ASEReadCounter.table","NW_015090842.1:10239596",4,28,24
"LOC106888173","s1337_F_RAP_03_ASEReadCounter.table","NW_015090842.1:10240036",6,76,70
"LOC106888173","s1337_F_RAP_03_ASEReadCounter.table","NW_015090842.1:10240095",9,85,76
"LOC106888173","s1337_F_RAP_03_ASEReadCounter.table","NW_015090842.1:10240280",19,106,87
"LOC106888173","s1337_F_RAP_03_ASEReadCounter.table","NW_015090842.1:10240557",19,120,101
"LOC106888173","s1337_F_RAP_03_ASEReadCounter.table","NW_015090842.1:10240603",21,128,107
"LOC106888173","s1337_F_RAP_03_ASEReadCounter.table","NW_015090842.1:10240609",21,131,110
"LOC106888173","s1337_F_RAP_03_ASEReadCounter.table","NW_015090842.1:10240690",21,130,109
"LOC106888173","s1337_F_RAP_03_ASEReadCounter.table","NW_015090842.1:10240924",18,114,96
"LOC106888173","s1337_F_RAP_03_ASEReadCounter.table","NW_015090842.1:10241037",10,114,104
"LOC106888173","s1337_F_RAP_03_ASEReadCounter.table","NW_015090842.1:10241046",10,106,96
"LOC106888173","s1337_F_RAP_03_ASEReadCounter.table","NW_015090842.1:10241058",10,105,95
"LOC106888173","s1337_F_RAP_03_ASEReadCounter.table","NW_015090842.1:10241064",13,100,87
"LOC106888173","s1337_F_RAP_03_ASEReadCounter.table","NW_015090842.1:10241103",95,105,10
"LOC106888173","s1337_F_RAP_03_ASEReadCounter.table","NW_015090842.1:10241163",7,96,89
"LOC106888173","s1337_F_RAP_03_ASEReadCounter.table","NW_015090842.1:10241803",17,137,120
"LOC106888173","s1337_F_RAP_03_ASEReadCounter.table","NW_015090842.1:10241827",21,148,127
"LOC106888173","s1337_F_RAP_03_ASEReadCounter.table","NW_015090842.1:10241869",16,147,131
"LOC106888173","s1337_F_RAP_03_ASEReadCounter.table","NW_015090842.1:10242079",14,108,94
"LOC106888173","s1337_F_RAP_03_ASEReadCounter.table","NW_015090842.1:10242103",13,110,97
"LOC106888173","s1337_F_RAP_03_ASEReadCounter.table","NW_015090842.1:10242157",11,120,109
"LOC106888173","s1337_F_RAP_03_ASEReadCounter.table","NW_015090842.1:10242455",14,128,114
"LOC106888173","s1337_F_RAP_03_ASEReadCounter.table","NW_015090842.1:10242481",18,138,120
"LOC106888173","s1337_F_RAP_03_ASEReadCounter.table","NW_015090842.1:10242590",11,115,104
"LOC106888173","s1337_F_RAP_03_ASEReadCounter.table","NW_015090842.1:10242794",9,105,96
"LOC106888173","s1337_F_RAP_03_ASEReadCounter.table","NW_015090842.1:10242909",13,111,98
"LOC106888173","s1337_F_RAP_03_ASEReadCounter.table","NW_015090842.1:10243094",19,144,125
"LOC106888173","s1337_F_RAP_03_ASEReadCounter.table","NW_015090842.1:10243133",19,130,111
"LOC106888173","s1337_F_RAP_03_ASEReadCounter.table","NW_015090842.1:10243273",27,169,142
"LOC106888173","s1337_F_RAP_03_ASEReadCounter.table","NW_015090842.1:10243278",26,170,144
"LOC106888173","s1337_F_RAP_03_ASEReadCounter.table","NW_015090842.1:10243281",24,171,147
"LOC106888173","s1337_F_RAP_03_ASEReadCounter.table","NW_015090842.1:10243347",84,84,0
"LOC106888173","s1337_F_RAP_03_ASEReadCounter.table","NW_015090842.1:10243353",18,74,56
"LOC106888173","s1337_F_RAP_03_ASEReadCounter.table","NW_015090842.1:10243363",19,61,42
"LOC106888173","s1337_F_RAP_03_ASEReadCounter.table","NW_015090842.1:10243365",19,60,41
"LOC106888173","s1337_F_RAP_03_ASEReadCounter.table","NW_015090842.1:10243566",18,154,136
"LOC106888173","s1337_F_RAP_03_ASEReadCounter.table","NW_015090842.1:10243605",17,158,141
"LOC106888173","s1337_F_RAP_03_ASEReadCounter.table","NW_015090842.1:10243614",17,150,133
"LOC106888173","s1337_F_RAP_03_ASEReadCounter.table","NW_015090842.1:10243615",17,155,138
"LOC106888173","s1337_F_RAP_03_ASEReadCounter.table","NW_015090842.1:10243640",14,152,138
"LOC106888173","s1337_F_RAP_03_ASEReadCounter.table","NW_015090842.1:10243680",14,109,95
"LOC106888173","s1337_F_RAP_03_ASEReadCounter.table","NW_015090842.1:10243742",25,139,114
"LOC106888173","s1337_F_RAP_03_ASEReadCounter.table","NW_015090842.1:10243804",10,92,82
"LOC106888173","s1337_F_RAP_03_ASEReadCounter.table","NW_015090842.1:10243913",9,55,46
"LOC106888173","s1337_F_RAP_03_ASEReadCounter.table","NW_015090842.1:10243921",8,53,45
"LOC106888384","s1337_F_RAP_03_ASEReadCounter.table","NW_015090842.1:10244714",1,1,0
"LOC106888384","s1337_F_RAP_03_ASEReadCounter.table","NW_015090842.1:10250743",2,2,0
"LOC106888384","s1337_F_RAP_03_ASEReadCounter.table","NW_015090842.1:10250771",2,2,0
"LOC106888384","s1337_F_RAP_03_ASEReadCounter.table","NW_015090842.1:10251339",1,1,0
"LOC106888384","s1337_F_RAP_03_ASEReadCounter.table","NW_015090842.1:10251343",1,1,0
"LOC106888384","s1337_F_RAP_03_ASEReadCounter.table","NW_015090842.1:10251344",1,1,0
"LOC106888384","s1337_F_RAP_03_ASEReadCounter.table","NW_015090842.1:10251349",1,1,0
"LOC106888384","s1337_F_RAP_03_ASEReadCounter.table","NW_015090842.1:10251354",1,7,6
"LOC106888384","s1337_F_RAP_03_ASEReadCounter.table","NW_015090842.1:10251358",1,7,6
"LOC106888384","s1337_F_RAP_03_ASEReadCounter.table","NW_015090842.1:10251369",0,6,6
"LOC106888384","s1337_F_RAP_03_ASEReadCounter.table","NW_015090842.1:10251370",0,6,6
"LOC106888384","s1337_F_RAP_03_ASEReadCounter.table","NW_015090842.1:10251375",0,5,5
"LOC106888384","s1337_F_RAP_03_ASEReadCounter.table","NW_015090842.1:10251388",0,4,4
"LOC106888384","s1337_F_RAP_03_ASEReadCounter.table","NW_015090842.1:10251390",0,3,3
"LOC106888384","s1337_F_RAP_03_ASEReadCounter.table","NW_015090842.1:10251393",0,3,3
"LOC106888384","s1337_F_RAP_03_ASEReadCounter.table","NW_015090842.1:10251399",0,3,3
"LOC106888384","s1337_F_RAP_03_ASEReadCounter.table","NW_015090842.1:10253165",2,3,1
"LOC106888384","s1337_F_RAP_03_ASEReadCounter.table","NW_015090842.1:10253284",1,2,1
"LOC106888384","s1337_F_RAP_03_ASEReadCounter.table","NW_015090842.1:10254028",10,10,0
"LOC106888384","s1337_F_RAP_03_ASEReadCounter.table","NW_015090842.1:10254227",5,6,1
"LOC106888384","s1337_F_RAP_03_ASEReadCounter.table","NW_015090842.1:10254233",5,6,1
"LOC106888384","s1337_F_RAP_03_ASEReadCounter.table","NW_015090842.1:10254263",3,4,1
"LOC106888384","s1337_F_RAP_03_ASEReadCounter.table","NW_015090842.1:10254293",6,7,1
"LOC106888384","s1337_F_RAP_03_ASEReadCounter.table","NW_015090842.1:10254570",4,4,0
"LOC106888384","s1337_F_RAP_03_ASEReadCounter.table","NW_015090842.1:10254605",3,3,0
"LOC106888384","s1337_F_RAP_03_ASEReadCounter.table","NW_015090842.1:10254608",3,3,0
"LOC106888384","s1337_F_RAP_03_ASEReadCounter.table","NW_015090842.1:10254618",2,2,0
"LOC106888384","s1337_F_RAP_03_ASEReadCounter.table","NW_015090842.1:10254620",2,2,0
"LOC106888384","s1337_F_RAP_03_ASEReadCounter.table","NW_015090842.1:10254623",1,1,0
"LOC106888384","s1337_F_RAP_03_ASEReadCounter.table","NW_015090842.1:10254624",1,1,0
"LOC106888384","s1337_F_RAP_03_ASEReadCounter.table","NW_015090842.1:10254627",1,1,0
"LOC106888384","s1337_F_RAP_03_ASEReadCounter.table","NW_015090842.1:10254629",1,1,0
"LOC106888384","s1337_F_RAP_03_ASEReadCounter.table","NW_015090842.1:10254891",1,1,0
"LOC106888384","s1337_F_RAP_03_ASEReadCounter.table","NW_015090842.1:10254900",1,1,0
"LOC106888384","s1337_F_RAP_03_ASEReadCounter.table","NW_015090842.1:10254915",1,1,0
"LOC106888384","s1337_F_RAP_03_ASEReadCounter.table","NW_015090842.1:10254965",1,1,0
"LOC106888384","s1337_F_RAP_03_ASEReadCounter.table","NW_015090842.1:10255077",4,4,0
"LOC106888384","s1337_F_RAP_03_ASEReadCounter.table","NW_015090842.1:10255117",3,3,0
"LOC106888384","s1337_F_RAP_03_ASEReadCounter.table","NW_015090842.1:10255138",2,2,0
"LOC106888384","s1337_F_RAP_03_ASEReadCounter.table","NW_015090842.1:10255139",2,2,0
"LOC106888384","s1337_F_RAP_03_ASEReadCounter.table","NW_015090842.1:10255209",3,3,0
"LOC106888384","s1337_F_RAP_03_ASEReadCounter.table","NW_015090842.1:10255211",3,3,0
"LOC106888384","s1337_F_RAP_03_ASEReadCounter.table","NW_015090842.1:10255236",3,3,0
"LOC106888384","s1337_F_RAP_03_ASEReadCounter.table","NW_015090842.1:10255262",3,3,0
"LOC106888384","s1337_F_RAP_03_ASEReadCounter.table","NW_015090842.1:10255264",3,3,0
"LOC106888384","s1337_F_RAP_03_ASEReadCounter.table","NW_015090842.1:10255306",2,2,0
"LOC106888384","s1337_F_RAP_03_ASEReadCounter.table","NW_015090842.1:10255340",2,2,0
"LOC106888384","s1337_F_RAP_03_ASEReadCounter.table","NW_015090842.1:10255410",3,3,0
"LOC106888384","s1337_F_RAP_03_ASEReadCounter.table","NW_015090842.1:10255449",4,4,0
"LOC106888384","s1337_F_RAP_03_ASEReadCounter.table","NW_015090842.1:10255496",3,3,0
"LOC106888384","s1337_F_RAP_03_ASEReadCounter.table","NW_015090842.1:10255505",3,4,1
"LOC106888384","s1337_F_RAP_03_ASEReadCounter.table","NW_015090842.1:10255531",3,5,2
"LOC106888384","s1337_F_RAP_03_ASEReadCounter.table","NW_015090842.1:10255608",6,8,2
"LOC106888384","s1337_F_RAP_03_ASEReadCounter.table","NW_015090842.1:10255704",12,14,2
"LOC106888384","s1337_F_RAP_03_ASEReadCounter.table","NW_015090842.1:10255731",11,13,2
"LOC106888384","s1337_F_RAP_03_ASEReadCounter.table","NW_015090842.1:10255771",6,6,0
"TANGO6","s1337_F_RAP_03_ASEReadCounter.table","NW_015090842.1:10257782",13,25,12
"TANGO6","s1337_F_RAP_03_ASEReadCounter.table","NW_015090842.1:10258162",9,29,20
"TANGO6","s1337_F_RAP_03_ASEReadCounter.table","NW_015090842.1:10258185",11,29,18
"TANGO6","s1337_F_RAP_03_ASEReadCounter.table","NW_015090842.1:10259267",11,23,12
"TANGO6","s1337_F_RAP_03_ASEReadCounter.table","NW_015090842.1:10260250",42,74,32
"TANGO6","s1337_F_RAP_03_ASEReadCounter.table","NW_015090842.1:10260289",35,67,32
"TANGO6","s1337_F_RAP_03_ASEReadCounter.table","NW_015090842.1:10260309",29,61,32
"TANGO6","s1337_F_RAP_03_ASEReadCounter.table","NW_015090842.1:10260979",29,57,28
"TANGO6","s1337_F_RAP_03_ASEReadCounter.table","NW_015090842.1:10261599",33,57,24
"TANGO6","s1337_F_RAP_03_ASEReadCounter.table","NW_015090842.1:10268425",44,78,34
"TANGO6","s1337_F_RAP_03_ASEReadCounter.table","NW_015090842.1:10269831",36,73,37
"TANGO6","s1337_F_RAP_03_ASEReadCounter.table","NW_015090842.1:10270813",26,65,39
"TANGO6","s1337_F_RAP_03_ASEReadCounter.table","NW_015090842.1:10274018",24,57,33
"TANGO6","s1337_F_RAP_03_ASEReadCounter.table","NW_015090842.1:10275974",22,60,38
"TANGO6","s1337_F_RAP_03_ASEReadCounter.table","NW_015090842.1:10275976",23,58,35
"TANGO6","s1337_F_RAP_03_ASEReadCounter.table","NW_015090842.1:10276123",37,68,31
"TANGO6","s1337_F_RAP_03_ASEReadCounter.table","NW_015090842.1:10276271",24,54,30
"TANGO6","s1337_F_RAP_03_ASEReadCounter.table","NW_015090842.1:10276272",24,54,30
"TANGO6","s1337_F_RAP_03_ASEReadCounter.table","NW_015090842.1:10276275",26,54,28
"TANGO6","s1337_F_RAP_03_ASEReadCounter.table","NW_015090842.1:10276278",27,56,29
"TANGO6","s1337_F_RAP_03_ASEReadCounter.table","NW_015090842.1:10276368",18,29,11
"TANGO6","s1337_F_RAP_03_ASEReadCounter.table","NW_015090842.1:10276373",17,28,11
"TANGO6","s1337_F_RAP_03_ASEReadCounter.table","NW_015090842.1:10276630",23,46,23
"TANGO6","s1337_F_RAP_03_ASEReadCounter.table","NW_015090842.1:10281498",29,61,32
"TANGO6","s1337_F_RAP_03_ASEReadCounter.table","NW_015090842.1:10281516",32,69,37
"TANGO6","s1337_F_RAP_03_ASEReadCounter.table","NW_015090842.1:10282842",33,77,44
"TANGO6","s1337_F_RAP_03_ASEReadCounter.table","NW_015090842.1:10282863",26,56,30
"TANGO6","s1337_F_RAP_03_ASEReadCounter.table","NW_015090842.1:10282869",26,54,28
"TANGO6","s1337_F_RAP_03_ASEReadCounter.table","NW_015090842.1:10282903",24,64,40
"TANGO6","s1337_F_RAP_03_ASEReadCounter.table","NW_015090842.1:10283757",28,61,33
"TANGO6","s1337_F_RAP_03_ASEReadCounter.table","NW_015090842.1:10283785",33,68,35
"HAS3","s1337_F_RAP_03_ASEReadCounter.table","NW_015090842.1:10288093",2,5,3
"HAS3","s1337_F_RAP_03_ASEReadCounter.table","NW_015090842.1:10288266",2,5,3
"HAS3","s1337_F_RAP_03_ASEReadCounter.table","NW_015090842.1:10288274",1,4,3
"HAS3","s1337_F_RAP_03_ASEReadCounter.table","NW_015090842.1:10288364",1,4,3
"HAS3","s1337_F_RAP_03_ASEReadCounter.table","NW_015090842.1:10289269",2,7,5
"HAS3","s1337_F_RAP_03_ASEReadCounter.table","NW_015090842.1:10289272",2,7,5
"HAS3","s1337_F_RAP_03_ASEReadCounter.table","NW_015090842.1:10289469",3,5,2
"HAS3","s1337_F_RAP_03_ASEReadCounter.table","NW_015090842.1:10290375",1,2,1
"HAS3","s1337_F_RAP_03_ASEReadCounter.table","NW_015090842.1:10290395",0,1,1
"HAS3","s1337_F_RAP_03_ASEReadCounter.table","NW_015090842.1:10290439",3,3,0
"HAS3","s1337_F_RAP_03_ASEReadCounter.table","NW_015090842.1:10290561",0,4,4
"HAS3","s1337_F_RAP_03_ASEReadCounter.table","NW_015090842.1:10290609",0,3,3
"HAS3","s1337_F_RAP_03_ASEReadCounter.table","NW_015090842.1:10290666",0,3,3
"HAS3","s1337_F_RAP_03_ASEReadCounter.table","NW_015090842.1:10290723",0,3,3
"HAS3","s1337_F_RAP_03_ASEReadCounter.table","NW_015090842.1:10290927",1,1,0
"HAS3","s1337_F_RAP_03_ASEReadCounter.table","NW_015090842.1:10291004",1,3,2
"CHTF8","s1337_F_RAP_03_ASEReadCounter.table","NW_015090842.1:10291319",5,6,1
"CHTF8","s1337_F_RAP_03_ASEReadCounter.table","NW_015090842.1:10291491",4,11,7
"CHTF8","s1337_F_RAP_03_ASEReadCounter.table","NW_015090842.1:10291520",8,18,10
"CHTF8","s1337_F_RAP_03_ASEReadCounter.table","NW_015090842.1:10291593",12,21,9
"CHTF8","s1337_F_RAP_03_ASEReadCounter.table","NW_015090842.1:10291600",11,21,10
"CHTF8","s1337_F_RAP_03_ASEReadCounter.table","NW_015090842.1:10291609",9,19,10
"CHTF8","s1337_F_RAP_03_ASEReadCounter.table","NW_015090842.1:10291639",11,19,8
"CHTF8","s1337_F_RAP_03_ASEReadCounter.table","NW_015090842.1:10291641",11,19,8
"CHTF8","s1337_F_RAP_03_ASEReadCounter.table","NW_015090842.1:10291648",11,21,10
"CHTF8","s1337_F_RAP_03_ASEReadCounter.table","NW_015090842.1:10291656",10,20,10
"CHTF8","s1337_F_RAP_03_ASEReadCounter.table","NW_015090842.1:10291675",12,22,10
"CHTF8","s1337_F_RAP_03_ASEReadCounter.table","NW_015090842.1:10291696",14,26,12
"CHTF8","s1337_F_RAP_03_ASEReadCounter.table","NW_015090842.1:10291714",15,28,13
"CHTF8","s1337_F_RAP_03_ASEReadCounter.table","NW_015090842.1:10291732",12,24,12
"CHTF8","s1337_F_RAP_03_ASEReadCounter.table","NW_015090842.1:10291755",10,21,11
"CHTF8","s1337_F_RAP_03_ASEReadCounter.table","NW_015090842.1:10291756",10,21,11
"CHTF8","s1337_F_RAP_03_ASEReadCounter.table","NW_015090842.1:10291758",10,21,11
"CHTF8","s1337_F_RAP_03_ASEReadCounter.table","NW_015090842.1:10291792",12,25,13
"CHTF8","s1337_F_RAP_03_ASEReadCounter.table","NW_015090842.1:10291895",10,14,4
"CHTF8","s1337_F_RAP_03_ASEReadCounter.table","NW_015090842.1:10292132",7,15,8
"CHTF8","s1337_F_RAP_03_ASEReadCounter.table","NW_015090842.1:10292314",9,18,9
"CHTF8","s1337_F_RAP_03_ASEReadCounter.table","NW_015090842.1:10292317",8,17,9
"CHTF8","s1337_F_RAP_03_ASEReadCounter.table","NW_015090842.1:10292928",1,4,3
"UTP4","s1337_F_RAP_03_ASEReadCounter.table","NW_015090842.1:10293146",9,23,14
"UTP4","s1337_F_RAP_03_ASEReadCounter.table","NW_015090842.1:10293151",9,24,15
"UTP4","s1337_F_RAP_03_ASEReadCounter.table","NW_015090842.1:10293191",8,19,11
"UTP4","s1337_F_RAP_03_ASEReadCounter.table","NW_015090842.1:10293362",10,26,16
"UTP4","s1337_F_RAP_03_ASEReadCounter.table","NW_015090842.1:10293430",8,19,11
"UTP4","s1337_F_RAP_03_ASEReadCounter.table","NW_015090842.1:10293625",7,16,9
"UTP4","s1337_F_RAP_03_ASEReadCounter.table","NW_015090842.1:10293684",6,28,22
"UTP4","s1337_F_RAP_03_ASEReadCounter.table","NW_015090842.1:10294093",12,23,11
"UTP4","s1337_F_RAP_03_ASEReadCounter.table","NW_015090842.1:10294622",13,24,11
"UTP4","s1337_F_RAP_03_ASEReadCounter.table","NW_015090842.1:10294632",16,29,13
"UTP4","s1337_F_RAP_03_ASEReadCounter.table","NW_015090842.1:10295238",13,28,15
"UTP4","s1337_F_RAP_03_ASEReadCounter.table","NW_015090842.1:10295880",18,35,17
"UTP4","s1337_F_RAP_03_ASEReadCounter.table","NW_015090842.1:10295884",18,35,17
"UTP4","s1337_F_RAP_03_ASEReadCounter.table","NW_015090842.1:10295903",16,32,16
"UTP4","s1337_F_RAP_03_ASEReadCounter.table","NW_015090842.1:10295906",14,30,16
"UTP4","s1337_F_RAP_03_ASEReadCounter.table","NW_015090842.1:10295915",13,30,17
"UTP4","s1337_F_RAP_03_ASEReadCounter.table","NW_015090842.1:10295938",12,29,17
"UTP4","s1337_F_RAP_03_ASEReadCounter.table","NW_015090842.1:10296175",10,26,16
"UTP4","s1337_F_RAP_03_ASEReadCounter.table","NW_015090842.1:10296660",9,21,12
"UTP4","s1337_F_RAP_03_ASEReadCounter.table","NW_015090842.1:10296679",11,25,14
"UTP4","s1337_F_RAP_03_ASEReadCounter.table","NW_015090842.1:10297193",27,50,23
"UTP4","s1337_F_RAP_03_ASEReadCounter.table","NW_015090842.1:10297220",25,45,20
"UTP4","s1337_F_RAP_03_ASEReadCounter.table","NW_015090842.1:10297307",20,41,21
"UTP4","s1337_F_RAP_03_ASEReadCounter.table","NW_015090842.1:10297558",19,39,20
"UTP4","s1337_F_RAP_03_ASEReadCounter.table","NW_015090842.1:10297943",14,42,28
"UTP4","s1337_F_RAP_03_ASEReadCounter.table","NW_015090842.1:10297979",11,37,26
"UTP4","s1337_F_RAP_03_ASEReadCounter.table","NW_015090842.1:10298022",10,24,14
"UTP4","s1337_F_RAP_03_ASEReadCounter.table","NW_015090842.1:10298079",2,4,2
"UTP4","s1337_F_RAP_03_ASEReadCounter.table","NW_015090842.1:10298081",2,4,2
"UTP4","s1337_F_RAP_03_ASEReadCounter.table","NW_015090842.1:10298082",2,4,2
"SNTB2","s1337_F_RAP_03_ASEReadCounter.table","NW_015090842.1:10298905",2,2,0
"SNTB2","s1337_F_RAP_03_ASEReadCounter.table","NW_015090842.1:10298928",3,3,0
"SNTB2","s1337_F_RAP_03_ASEReadCounter.table","NW_015090842.1:10303506",3,5,2
"SNTB2","s1337_F_RAP_03_ASEReadCounter.table","NW_015090842.1:10303524",2,4,2
"SNTB2","s1337_F_RAP_03_ASEReadCounter.table","NW_015090842.1:10304059",2,4,2
"SNTB2","s1337_F_RAP_03_ASEReadCounter.table","NW_015090842.1:10304089",1,3,2
"SNTB2","s1337_F_RAP_03_ASEReadCounter.table","NW_015090842.1:10304167",5,6,1
"SNTB2","s1337_F_RAP_03_ASEReadCounter.table","NW_015090842.1:10304176",4,6,2
"SNTB2","s1337_F_RAP_03_ASEReadCounter.table","NW_015090842.1:10305069",1,2,1
"SNTB2","s1337_F_RAP_03_ASEReadCounter.table","NW_015090842.1:10305171",2,5,3
"SNTB2","s1337_F_RAP_03_ASEReadCounter.table","NW_015090842.1:10305177",2,5,3
"SNTB2","s1337_F_RAP_03_ASEReadCounter.table","NW_015090842.1:10305451",0,1,1
"SNTB2","s1337_F_RAP_03_ASEReadCounter.table","NW_015090842.1:10305547",0,2,2
"SNTB2","s1337_F_RAP_03_ASEReadCounter.table","NW_015090842.1:10305847",2,3,1
"SNTB2","s1337_F_RAP_03_ASEReadCounter.table","NW_015090842.1:10306173",3,8,5
"SNTB2","s1337_F_RAP_03_ASEReadCounter.table","NW_015090842.1:10306275",2,3,1
"SNTB2","s1337_F_RAP_03_ASEReadCounter.table","NW_015090842.1:10306457",2,4,2
"SNTB2","s1337_F_RAP_03_ASEReadCounter.table","NW_015090842.1:10306496",2,5,3
"SNTB2","s1337_F_RAP_03_ASEReadCounter.table","NW_015090842.1:10306499",2,5,3
"VPS4A","s1337_F_RAP_03_ASEReadCounter.table","NW_015090842.1:10308566",91,188,97
"VPS4A","s1337_F_RAP_03_ASEReadCounter.table","NW_015090842.1:10308573",99,201,102
"VPS4A","s1337_F_RAP_03_ASEReadCounter.table","NW_015090842.1:10308856",133,296,163
"VPS4A","s1337_F_RAP_03_ASEReadCounter.table","NW_015090842.1:10309056",189,392,203
"VPS4A","s1337_F_RAP_03_ASEReadCounter.table","NW_015090842.1:10309089",200,412,212
"VPS4A","s1337_F_RAP_03_ASEReadCounter.table","NW_015090842.1:10309392",208,390,182
"VPS4A","s1337_F_RAP_03_ASEReadCounter.table","NW_015090842.1:10309413",200,386,186
"VPS4A","s1337_F_RAP_03_ASEReadCounter.table","NW_015090842.1:10309467",186,412,226
"VPS4A","s1337_F_RAP_03_ASEReadCounter.table","NW_015090842.1:10310230",219,469,250
"VPS4A","s1337_F_RAP_03_ASEReadCounter.table","NW_015090842.1:10310425",170,400,230
"VPS4A","s1337_F_RAP_03_ASEReadCounter.table","NW_015090842.1:10310639",227,448,221
"VPS4A","s1337_F_RAP_03_ASEReadCounter.table","NW_015090842.1:10310734",172,407,235
"VPS4A","s1337_F_RAP_03_ASEReadCounter.table","NW_015090842.1:10310737",173,406,233
"VPS4A","s1337_F_RAP_03_ASEReadCounter.table","NW_015090842.1:10310746",159,401,242
"VPS4A","s1337_F_RAP_03_ASEReadCounter.table","NW_015090842.1:10310767",176,400,224
"VPS4A","s1337_F_RAP_03_ASEReadCounter.table","NW_015090842.1:10310995",201,419,218
"VPS4A","s1337_F_RAP_03_ASEReadCounter.table","NW_015090842.1:10311004",209,422,213
"VPS4A","s1337_F_RAP_03_ASEReadCounter.table","NW_015090842.1:10311007",205,424,219
"VPS4A","s1337_F_RAP_03_ASEReadCounter.table","NW_015090842.1:10311013",214,423,209
"VPS4A","s1337_F_RAP_03_ASEReadCounter.table","NW_015090842.1:10311022",205,411,206
"VPS4A","s1337_F_RAP_03_ASEReadCounter.table","NW_015090842.1:10311023",204,408,204
"VPS4A","s1337_F_RAP_03_ASEReadCounter.table","NW_015090842.1:10311426",203,415,212
"VPS4A","s1337_F_RAP_03_ASEReadCounter.table","NW_015090842.1:10311489",2,5,3
"VPS4A","s1337_F_RAP_03_ASEReadCounter.table","NW_015090842.1:10311490",2,4,2
"VPS4A","s1337_F_RAP_03_ASEReadCounter.table","NW_015090842.1:10311525",5,15,10
"VPS4A","s1337_F_RAP_03_ASEReadCounter.table","NW_015090842.1:10311529",5,23,18
"VPS4A","s1337_F_RAP_03_ASEReadCounter.table","NW_015090842.1:10311530",6,27,21
"VPS4A","s1337_F_RAP_03_ASEReadCounter.table","NW_015090842.1:10311552",23,50,27
"VPS4A","s1337_F_RAP_03_ASEReadCounter.table","NW_015090842.1:10311689",20,72,52
"VPS4A","s1337_F_RAP_03_ASEReadCounter.table","NW_015090842.1:10311700",36,84,48
"VPS4A","s1337_F_RAP_03_ASEReadCounter.table","NW_015090842.1:10311701",36,85,49
"VPS4A","s1337_F_RAP_03_ASEReadCounter.table","NW_015090842.1:10311703",36,88,52
"COG8","s1337_F_RAP_03_ASEReadCounter.table","NW_015090842.1:10313487",19,58,39
"COG8","s1337_F_RAP_03_ASEReadCounter.table","NW_015090842.1:10313559",36,84,48
"COG8","s1337_F_RAP_03_ASEReadCounter.table","NW_015090842.1:10313579",31,86,55
"COG8","s1337_F_RAP_03_ASEReadCounter.table","NW_015090842.1:10313665",25,69,44
"COG8","s1337_F_RAP_03_ASEReadCounter.table","NW_015090842.1:10313681",29,77,48
"COG8","s1337_F_RAP_03_ASEReadCounter.table","NW_015090842.1:10313768",40,106,66
"COG8","s1337_F_RAP_03_ASEReadCounter.table","NW_015090842.1:10313775",36,101,65
"COG8","s1337_F_RAP_03_ASEReadCounter.table","NW_015090842.1:10313811",29,77,48
"COG8","s1337_F_RAP_03_ASEReadCounter.table","NW_015090842.1:10313858",22,57,35
"COG8","s1337_F_RAP_03_ASEReadCounter.table","NW_015090842.1:10314100",31,55,24
"COG8","s1337_F_RAP_03_ASEReadCounter.table","NW_015090842.1:10314213",32,65,33
"COG8","s1337_F_RAP_03_ASEReadCounter.table","NW_015090842.1:10315093",24,44,20
"COG8","s1337_F_RAP_03_ASEReadCounter.table","NW_015090842.1:10315162",18,51,33
"COG8","s1337_F_RAP_03_ASEReadCounter.table","NW_015090842.1:10315285",30,67,37
"COG8","s1337_F_RAP_03_ASEReadCounter.table","NW_015090842.1:10315360",22,46,24
"COG8","s1337_F_RAP_03_ASEReadCounter.table","NW_015090842.1:10315369",22,48,26
"COG8","s1337_F_RAP_03_ASEReadCounter.table","NW_015090842.1:10315504",16,30,14
"COG8","s1337_F_RAP_03_ASEReadCounter.table","NW_015090842.1:10315508",15,32,17
"COG8","s1337_F_RAP_03_ASEReadCounter.table","NW_015090842.1:10315624",20,50,30
"COG8","s1337_F_RAP_03_ASEReadCounter.table","NW_015090842.1:10315693",20,46,26
"COG8","s1337_F_RAP_03_ASEReadCounter.table","NW_015090842.1:10315698",23,50,27
"COG8","s1337_F_RAP_03_ASEReadCounter.table","NW_015090842.1:10315768",14,45,31
"COG8","s1337_F_RAP_03_ASEReadCounter.table","NW_015090842.1:10315769",14,44,30
"COG8","s1337_F_RAP_03_ASEReadCounter.table","NW_015090842.1:10315784",17,43,26
"COG8","s1337_F_RAP_03_ASEReadCounter.table","NW_015090842.1:10316093",28,48,20
"COG8","s1337_F_RAP_03_ASEReadCounter.table","NW_015090842.1:10316133",17,36,19
"NIP7","s1337_F_RAP_03_ASEReadCounter.table","NW_015090842.1:10316759",19,40,21
"NIP7","s1337_F_RAP_03_ASEReadCounter.table","NW_015090842.1:10316967",103,214,111
"NIP7","s1337_F_RAP_03_ASEReadCounter.table","NW_015090842.1:10316995",121,242,121
"NIP7","s1337_F_RAP_03_ASEReadCounter.table","NW_015090842.1:10317240",157,314,157
"NIP7","s1337_F_RAP_03_ASEReadCounter.table","NW_015090842.1:10317247",151,310,159
"NIP7","s1337_F_RAP_03_ASEReadCounter.table","NW_015090842.1:10317264",144,281,137
"NIP7","s1337_F_RAP_03_ASEReadCounter.table","NW_015090842.1:10317433",183,351,168
"NIP7","s1337_F_RAP_03_ASEReadCounter.table","NW_015090842.1:10317738",144,288,144
"NIP7","s1337_F_RAP_03_ASEReadCounter.table","NW_015090842.1:10317769",152,305,153
"NIP7","s1337_F_RAP_03_ASEReadCounter.table","NW_015090842.1:10317808",92,208,116
"NIP7","s1337_F_RAP_03_ASEReadCounter.table","NW_015090842.1:10317870",62,134,72
"NIP7","s1337_F_RAP_03_ASEReadCounter.table","NW_015090842.1:10317871",63,133,70
"NIP7","s1337_F_RAP_03_ASEReadCounter.table","NW_015090842.1:10317898",40,90,50
"NIP7","s1337_F_RAP_03_ASEReadCounter.table","NW_015090842.1:10317911",36,77,41
"TERF2","s1337_F_RAP_03_ASEReadCounter.table","NW_015090842.1:10321665",6,14,8
"TERF2","s1337_F_RAP_03_ASEReadCounter.table","NW_015090842.1:10321768",30,62,32
"TERF2","s1337_F_RAP_03_ASEReadCounter.table","NW_015090842.1:10321777",28,60,32
"TERF2","s1337_F_RAP_03_ASEReadCounter.table","NW_015090842.1:10321805",24,68,44
"TERF2","s1337_F_RAP_03_ASEReadCounter.table","NW_015090842.1:10321878",40,97,57
"TERF2","s1337_F_RAP_03_ASEReadCounter.table","NW_015090842.1:10321893",33,89,56
"TERF2","s1337_F_RAP_03_ASEReadCounter.table","NW_015090842.1:10321897",37,78,41
"TERF2","s1337_F_RAP_03_ASEReadCounter.table","NW_015090842.1:10321908",33,74,41
"TERF2","s1337_F_RAP_03_ASEReadCounter.table","NW_015090842.1:10322001",47,95,48
"TERF2","s1337_F_RAP_03_ASEReadCounter.table","NW_015090842.1:10322035",35,79,44
"TERF2","s1337_F_RAP_03_ASEReadCounter.table","NW_015090842.1:10322051",36,91,55
"TERF2","s1337_F_RAP_03_ASEReadCounter.table","NW_015090842.1:10322137",46,100,54
"TERF2","s1337_F_RAP_03_ASEReadCounter.table","NW_015090842.1:10322144",45,95,50
"TERF2","s1337_F_RAP_03_ASEReadCounter.table","NW_015090842.1:10322388",32,82,50
"TERF2","s1337_F_RAP_03_ASEReadCounter.table","NW_015090842.1:10322396",31,79,48
"TERF2","s1337_F_RAP_03_ASEReadCounter.table","NW_015090842.1:10322502",49,88,39
"TERF2","s1337_F_RAP_03_ASEReadCounter.table","NW_015090842.1:10322504",53,95,42
"TERF2","s1337_F_RAP_03_ASEReadCounter.table","NW_015090842.1:10322510",52,100,48
"TERF2","s1337_F_RAP_03_ASEReadCounter.table","NW_015090842.1:10323580",50,101,51
"TERF2","s1337_F_RAP_03_ASEReadCounter.table","NW_015090842.1:10324314",49,101,52
"TERF2","s1337_F_RAP_03_ASEReadCounter.table","NW_015090842.1:10326832",43,83,40
"TERF2","s1337_F_RAP_03_ASEReadCounter.table","NW_015090842.1:10327787",30,46,16
"TERF2","s1337_F_RAP_03_ASEReadCounter.table","NW_015090842.1:10328588",30,56,26
"TERF2","s1337_F_RAP_03_ASEReadCounter.table","NW_015090842.1:10328644",20,48,28
"TERF2","s1337_F_RAP_03_ASEReadCounter.table","NW_015090842.1:10329813",9,38,29
"TERF2","s1337_F_RAP_03_ASEReadCounter.table","NW_015090842.1:10330749",17,33,16
"TERF2","s1337_F_RAP_03_ASEReadCounter.table","NW_015090842.1:10330789",17,35,18
"CYB5B","s1337_F_RAP_03_ASEReadCounter.table","NW_015090842.1:10336595",3,5,2
"CYB5B","s1337_F_RAP_03_ASEReadCounter.table","NW_015090842.1:10336667",52,96,44
"CYB5B","s1337_F_RAP_03_ASEReadCounter.table","NW_015090842.1:10336689",82,156,74
"CYB5B","s1337_F_RAP_03_ASEReadCounter.table","NW_015090842.1:10336728",116,219,103
"CYB5B","s1337_F_RAP_03_ASEReadCounter.table","NW_015090842.1:10345068",109,220,111
"CYB5B","s1337_F_RAP_03_ASEReadCounter.table","NW_015090842.1:10348800",146,276,130
"CYB5B","s1337_F_RAP_03_ASEReadCounter.table","NW_015090842.1:10348888",125,264,139
"CYB5B","s1337_F_RAP_03_ASEReadCounter.table","NW_015090842.1:10349046",128,273,145
"CYB5B","s1337_F_RAP_03_ASEReadCounter.table","NW_015090842.1:10349119",53,201,148
"CYB5B","s1337_F_RAP_03_ASEReadCounter.table","NW_015090842.1:10349146",32,179,147
"CYB5B","s1337_F_RAP_03_ASEReadCounter.table","NW_015090842.1:10349157",64,208,144
