"gene","id","snp","ref_count","total_count","alt_count"
"CENPN","s1337_F_ADR_01_ASEReadCounter.table","NW_015090842.1:5801612",0,1,1
"CENPN","s1337_F_ADR_01_ASEReadCounter.table","NW_015090842.1:5801618",0,1,1
"CENPN","s1337_F_ADR_01_ASEReadCounter.table","NW_015090842.1:5801623",1,2,1
"CENPN","s1337_F_ADR_01_ASEReadCounter.table","NW_015090842.1:5801631",2,3,1
"CENPN","s1337_F_ADR_01_ASEReadCounter.table","NW_015090842.1:5801632",2,3,1
"CENPN","s1337_F_ADR_01_ASEReadCounter.table","NW_015090842.1:5801655",2,6,4
"CENPN","s1337_F_ADR_01_ASEReadCounter.table","NW_015090842.1:5801662",3,7,4
"CENPN","s1337_F_ADR_01_ASEReadCounter.table","NW_015090842.1:5801670",3,7,4
"CENPN","s1337_F_ADR_01_ASEReadCounter.table","NW_015090842.1:5801674",3,7,4
"CENPN","s1337_F_ADR_01_ASEReadCounter.table","NW_015090842.1:5801692",4,8,4
"CENPN","s1337_F_ADR_01_ASEReadCounter.table","NW_015090842.1:5801697",4,9,5
"CENPN","s1337_F_ADR_01_ASEReadCounter.table","NW_015090842.1:5802008",2,9,7
"CENPN","s1337_F_ADR_01_ASEReadCounter.table","NW_015090842.1:5802012",2,8,6
"CENPN","s1337_F_ADR_01_ASEReadCounter.table","NW_015090842.1:5802087",4,11,7
"CENPN","s1337_F_ADR_01_ASEReadCounter.table","NW_015090842.1:5810113",2,2,0
"CENPN","s1337_F_ADR_01_ASEReadCounter.table","NW_015090842.1:5810147",5,5,0
"CENPN","s1337_F_ADR_01_ASEReadCounter.table","NW_015090842.1:5810148",5,5,0
"ATMIN","s1337_F_ADR_01_ASEReadCounter.table","NW_015090842.1:5818789",11,17,6
"ATMIN","s1337_F_ADR_01_ASEReadCounter.table","NW_015090842.1:5819958",12,18,6
"ATMIN","s1337_F_ADR_01_ASEReadCounter.table","NW_015090842.1:5820004",14,20,6
"ATMIN","s1337_F_ADR_01_ASEReadCounter.table","NW_015090842.1:5820217",8,16,8
"ATMIN","s1337_F_ADR_01_ASEReadCounter.table","NW_015090842.1:5820250",13,22,9
"ATMIN","s1337_F_ADR_01_ASEReadCounter.table","NW_015090842.1:5820298",13,23,10
"ATMIN","s1337_F_ADR_01_ASEReadCounter.table","NW_015090842.1:5820417",8,15,7
"ATMIN","s1337_F_ADR_01_ASEReadCounter.table","NW_015090842.1:5820421",8,15,7
"ATMIN","s1337_F_ADR_01_ASEReadCounter.table","NW_015090842.1:5820448",8,15,7
"ATMIN","s1337_F_ADR_01_ASEReadCounter.table","NW_015090842.1:5820457",5,12,7
"ATMIN","s1337_F_ADR_01_ASEReadCounter.table","NW_015090842.1:5820510",5,10,5
"ATMIN","s1337_F_ADR_01_ASEReadCounter.table","NW_015090842.1:5820673",11,15,4
"ATMIN","s1337_F_ADR_01_ASEReadCounter.table","NW_015090842.1:5820754",10,16,6
"ATMIN","s1337_F_ADR_01_ASEReadCounter.table","NW_015090842.1:5820820",8,13,5
"ATMIN","s1337_F_ADR_01_ASEReadCounter.table","NW_015090842.1:5820865",7,15,8
"ATMIN","s1337_F_ADR_01_ASEReadCounter.table","NW_015090842.1:5820889",9,21,12
"ATMIN","s1337_F_ADR_01_ASEReadCounter.table","NW_015090842.1:5820891",9,21,12
"ATMIN","s1337_F_ADR_01_ASEReadCounter.table","NW_015090842.1:5820997",10,22,12
"ATMIN","s1337_F_ADR_01_ASEReadCounter.table","NW_015090842.1:5821063",12,22,10
"ATMIN","s1337_F_ADR_01_ASEReadCounter.table","NW_015090842.1:5821132",14,25,11
"ATMIN","s1337_F_ADR_01_ASEReadCounter.table","NW_015090842.1:5821645",19,30,11
"ATMIN","s1337_F_ADR_01_ASEReadCounter.table","NW_015090842.1:5825066",12,27,15
"ATMIN","s1337_F_ADR_01_ASEReadCounter.table","NW_015090842.1:5825106",15,31,16
"ATMIN","s1337_F_ADR_01_ASEReadCounter.table","NW_015090842.1:5825122",14,26,12
"ATMIN","s1337_F_ADR_01_ASEReadCounter.table","NW_015090842.1:5825178",13,23,10
"ATMIN","s1337_F_ADR_01_ASEReadCounter.table","NW_015090842.1:5825194",12,21,9
"ATMIN","s1337_F_ADR_01_ASEReadCounter.table","NW_015090842.1:5825195",11,20,9
"ATMIN","s1337_F_ADR_01_ASEReadCounter.table","NW_015090842.1:5825220",9,23,14
"ATMIN","s1337_F_ADR_01_ASEReadCounter.table","NW_015090842.1:5825240",9,26,17
"ATMIN","s1337_F_ADR_01_ASEReadCounter.table","NW_015090842.1:5825303",19,36,17
"ATMIN","s1337_F_ADR_01_ASEReadCounter.table","NW_015090842.1:5825304",19,38,19
"ATMIN","s1337_F_ADR_01_ASEReadCounter.table","NW_015090842.1:5825310",16,32,16
"ATMIN","s1337_F_ADR_01_ASEReadCounter.table","NW_015090842.1:5825406",17,36,19
"ATMIN","s1337_F_ADR_01_ASEReadCounter.table","NW_015090842.1:5825415",14,31,17
"ATMIN","s1337_F_ADR_01_ASEReadCounter.table","NW_015090842.1:5825438",14,31,17
"ATMIN","s1337_F_ADR_01_ASEReadCounter.table","NW_015090842.1:5825485",17,34,17
"ATMIN","s1337_F_ADR_01_ASEReadCounter.table","NW_015090842.1:5825524",19,40,21
"ATMIN","s1337_F_ADR_01_ASEReadCounter.table","NW_015090842.1:5825557",11,31,20
"ATMIN","s1337_F_ADR_01_ASEReadCounter.table","NW_015090842.1:5825571",11,32,21
"ATMIN","s1337_F_ADR_01_ASEReadCounter.table","NW_015090842.1:5825579",11,33,22
"ATMIN","s1337_F_ADR_01_ASEReadCounter.table","NW_015090842.1:5825590",7,25,18
"ATMIN","s1337_F_ADR_01_ASEReadCounter.table","NW_015090842.1:5825689",23,37,14
"ATMIN","s1337_F_ADR_01_ASEReadCounter.table","NW_015090842.1:5825703",25,39,14
"ATMIN","s1337_F_ADR_01_ASEReadCounter.table","NW_015090842.1:5825787",17,29,12
"ATMIN","s1337_F_ADR_01_ASEReadCounter.table","NW_015090842.1:5825833",13,30,17
"ATMIN","s1337_F_ADR_01_ASEReadCounter.table","NW_015090842.1:5825841",14,32,18
"ATMIN","s1337_F_ADR_01_ASEReadCounter.table","NW_015090842.1:5825895",21,43,22
"ATMIN","s1337_F_ADR_01_ASEReadCounter.table","NW_015090842.1:5825984",20,34,14
"ATMIN","s1337_F_ADR_01_ASEReadCounter.table","NW_015090842.1:5826162",15,30,15
"ATMIN","s1337_F_ADR_01_ASEReadCounter.table","NW_015090842.1:5826194",19,37,18
"ATMIN","s1337_F_ADR_01_ASEReadCounter.table","NW_015090842.1:5826235",22,39,17
"ATMIN","s1337_F_ADR_01_ASEReadCounter.table","NW_015090842.1:5826245",23,42,19
"ATMIN","s1337_F_ADR_01_ASEReadCounter.table","NW_015090842.1:5826335",11,26,15
"ATMIN","s1337_F_ADR_01_ASEReadCounter.table","NW_015090842.1:5826417",19,33,14
"ATMIN","s1337_F_ADR_01_ASEReadCounter.table","NW_015090842.1:5826431",12,42,30
"ATMIN","s1337_F_ADR_01_ASEReadCounter.table","NW_015090842.1:5826438",13,34,21
"ATMIN","s1337_F_ADR_01_ASEReadCounter.table","NW_015090842.1:5826463",21,48,27
"ATMIN","s1337_F_ADR_01_ASEReadCounter.table","NW_015090842.1:5826502",20,50,30
"ATMIN","s1337_F_ADR_01_ASEReadCounter.table","NW_015090842.1:5826511",27,57,30
"ATMIN","s1337_F_ADR_01_ASEReadCounter.table","NW_015090842.1:5826659",11,28,17
"ATMIN","s1337_F_ADR_01_ASEReadCounter.table","NW_015090842.1:5826701",16,43,27
"ATMIN","s1337_F_ADR_01_ASEReadCounter.table","NW_015090842.1:5826702",17,43,26
"ATMIN","s1337_F_ADR_01_ASEReadCounter.table","NW_015090842.1:5826732",17,45,28
"ATMIN","s1337_F_ADR_01_ASEReadCounter.table","NW_015090842.1:5826745",19,46,27
"ATMIN","s1337_F_ADR_01_ASEReadCounter.table","NW_015090842.1:5826835",22,43,21
"ATMIN","s1337_F_ADR_01_ASEReadCounter.table","NW_015090842.1:5826942",15,41,26
"ATMIN","s1337_F_ADR_01_ASEReadCounter.table","NW_015090842.1:5827193",23,52,29
"ATMIN","s1337_F_ADR_01_ASEReadCounter.table","NW_015090842.1:5827196",22,52,30
"ATMIN","s1337_F_ADR_01_ASEReadCounter.table","NW_015090842.1:5827269",32,53,21
"ATMIN","s1337_F_ADR_01_ASEReadCounter.table","NW_015090842.1:5827315",16,38,22
"ATMIN","s1337_F_ADR_01_ASEReadCounter.table","NW_015090842.1:5827316",16,39,23
"ATMIN","s1337_F_ADR_01_ASEReadCounter.table","NW_015090842.1:5827333",16,39,23
"PPP1R3E","s1337_F_ADR_01_ASEReadCounter.table","NW_015090842.1:5837733",18,23,5
"PPP1R3E","s1337_F_ADR_01_ASEReadCounter.table","NW_015090842.1:5837947",7,14,7
"PKD1L2","s1337_F_ADR_01_ASEReadCounter.table","NW_015090842.1:5867597",1,2,1
"PKD1L2","s1337_F_ADR_01_ASEReadCounter.table","NW_015090842.1:5867600",1,2,1
"PKD1L2","s1337_F_ADR_01_ASEReadCounter.table","NW_015090842.1:5867660",1,1,0
"PKD1L2","s1337_F_ADR_01_ASEReadCounter.table","NW_015090842.1:5867675",3,3,0
"PKD1L2","s1337_F_ADR_01_ASEReadCounter.table","NW_015090842.1:5867788",1,1,0
"PKD1L2","s1337_F_ADR_01_ASEReadCounter.table","NW_015090842.1:5871422",1,1,0
"PKD1L2","s1337_F_ADR_01_ASEReadCounter.table","NW_015090842.1:5872825",1,1,0
"BCO1","s1337_F_ADR_01_ASEReadCounter.table","NW_015090842.1:5917912",28,39,11
"BCO1","s1337_F_ADR_01_ASEReadCounter.table","NW_015090842.1:5917941",49,65,16
"BCO1","s1337_F_ADR_01_ASEReadCounter.table","NW_015090842.1:5917971",51,69,18
"BCO1","s1337_F_ADR_01_ASEReadCounter.table","NW_015090842.1:5921679",45,69,24
"BCO1","s1337_F_ADR_01_ASEReadCounter.table","NW_015090842.1:5921726",45,67,22
"BCO1","s1337_F_ADR_01_ASEReadCounter.table","NW_015090842.1:5925669",28,46,18
"BCO1","s1337_F_ADR_01_ASEReadCounter.table","NW_015090842.1:5926937",41,58,17
"BCO1","s1337_F_ADR_01_ASEReadCounter.table","NW_015090842.1:5927921",31,54,23
"BCO1","s1337_F_ADR_01_ASEReadCounter.table","NW_015090842.1:5927948",33,57,24
"BCO1","s1337_F_ADR_01_ASEReadCounter.table","NW_015090842.1:5927968",36,54,18
"BCO1","s1337_F_ADR_01_ASEReadCounter.table","NW_015090842.1:5928052",38,59,21
"BCO1","s1337_F_ADR_01_ASEReadCounter.table","NW_015090842.1:5932726",63,92,29
"BCO1","s1337_F_ADR_01_ASEReadCounter.table","NW_015090842.1:5932801",47,72,25
"BCO1","s1337_F_ADR_01_ASEReadCounter.table","NW_015090842.1:5934558",37,56,19
"BCO1","s1337_F_ADR_01_ASEReadCounter.table","NW_015090842.1:5934575",36,58,22
"BCO1","s1337_F_ADR_01_ASEReadCounter.table","NW_015090842.1:5934608",38,61,23
"BCO1","s1337_F_ADR_01_ASEReadCounter.table","NW_015090842.1:5934647",43,60,17
"BCO1","s1337_F_ADR_01_ASEReadCounter.table","NW_015090842.1:5934725",33,43,10
"BCO1","s1337_F_ADR_01_ASEReadCounter.table","NW_015090842.1:5934726",34,45,11
"BCO1","s1337_F_ADR_01_ASEReadCounter.table","NW_015090842.1:5934733",36,50,14
"BCO1","s1337_F_ADR_01_ASEReadCounter.table","NW_015090842.1:5934821",28,45,17
"BCO1","s1337_F_ADR_01_ASEReadCounter.table","NW_015090842.1:5934826",25,43,18
"BCO1","s1337_F_ADR_01_ASEReadCounter.table","NW_015090842.1:5934844",16,26,10
"BCO1","s1337_F_ADR_01_ASEReadCounter.table","NW_015090842.1:5934958",44,53,9
"BCO1","s1337_F_ADR_01_ASEReadCounter.table","NW_015090842.1:5934976",45,57,12
"GAN","s1337_F_ADR_01_ASEReadCounter.table","NW_015090842.1:5939249",2,3,1
"GAN","s1337_F_ADR_01_ASEReadCounter.table","NW_015090842.1:5953759",5,8,3
"GAN","s1337_F_ADR_01_ASEReadCounter.table","NW_015090842.1:5957502",12,23,11
"GAN","s1337_F_ADR_01_ASEReadCounter.table","NW_015090842.1:5957578",10,19,9
"GAN","s1337_F_ADR_01_ASEReadCounter.table","NW_015090842.1:5966047",9,21,12
"GAN","s1337_F_ADR_01_ASEReadCounter.table","NW_015090842.1:5966126",4,17,13
"GAN","s1337_F_ADR_01_ASEReadCounter.table","NW_015090842.1:5966127",4,17,13
"GAN","s1337_F_ADR_01_ASEReadCounter.table","NW_015090842.1:5966162",8,19,11
"GAN","s1337_F_ADR_01_ASEReadCounter.table","NW_015090842.1:5966483",4,10,6
"CMIP","s1337_F_ADR_01_ASEReadCounter.table","NW_015090842.1:6109159",4,7,3
"CMIP","s1337_F_ADR_01_ASEReadCounter.table","NW_015090842.1:6109166",3,6,3
"CMIP","s1337_F_ADR_01_ASEReadCounter.table","NW_015090842.1:6114641",13,22,9
"CMIP","s1337_F_ADR_01_ASEReadCounter.table","NW_015090842.1:6114751",5,13,8
"CMIP","s1337_F_ADR_01_ASEReadCounter.table","NW_015090842.1:6114824",3,13,10
"CMIP","s1337_F_ADR_01_ASEReadCounter.table","NW_015090842.1:6126295",29,29,0
"CMIP","s1337_F_ADR_01_ASEReadCounter.table","NW_015090842.1:6128998",7,28,21
"CMIP","s1337_F_ADR_01_ASEReadCounter.table","NW_015090842.1:6130562",11,52,41
"CMIP","s1337_F_ADR_01_ASEReadCounter.table","NW_015090842.1:6132522",8,48,40
"CMIP","s1337_F_ADR_01_ASEReadCounter.table","NW_015090842.1:6138265",10,59,49
"CMIP","s1337_F_ADR_01_ASEReadCounter.table","NW_015090842.1:6138300",12,59,47
"CMIP","s1337_F_ADR_01_ASEReadCounter.table","NW_015090842.1:6138342",8,58,50
"CMIP","s1337_F_ADR_01_ASEReadCounter.table","NW_015090842.1:6138343",8,58,50
"CMIP","s1337_F_ADR_01_ASEReadCounter.table","NW_015090842.1:6138345",8,58,50
"CMIP","s1337_F_ADR_01_ASEReadCounter.table","NW_015090842.1:6138647",8,40,32
"CMIP","s1337_F_ADR_01_ASEReadCounter.table","NW_015090842.1:6138745",6,48,42
"CMIP","s1337_F_ADR_01_ASEReadCounter.table","NW_015090842.1:6138832",1,22,21
"CMIP","s1337_F_ADR_01_ASEReadCounter.table","NW_015090842.1:6138967",14,39,25
"CMIP","s1337_F_ADR_01_ASEReadCounter.table","NW_015090842.1:6139131",7,34,27
"CMIP","s1337_F_ADR_01_ASEReadCounter.table","NW_015090842.1:6139163",0,23,23
"CMIP","s1337_F_ADR_01_ASEReadCounter.table","NW_015090842.1:6139212",23,30,7
"CMIP","s1337_F_ADR_01_ASEReadCounter.table","NW_015090842.1:6139360",8,17,9
"CMIP","s1337_F_ADR_01_ASEReadCounter.table","NW_015090842.1:6139572",1,9,8
"PLCG2","s1337_F_ADR_01_ASEReadCounter.table","NW_015090842.1:6179613",3,4,1
"PLCG2","s1337_F_ADR_01_ASEReadCounter.table","NW_015090842.1:6179658",5,7,2
"PLCG2","s1337_F_ADR_01_ASEReadCounter.table","NW_015090842.1:6203766",4,8,4
"PLCG2","s1337_F_ADR_01_ASEReadCounter.table","NW_015090842.1:6203775",5,9,4
"PLCG2","s1337_F_ADR_01_ASEReadCounter.table","NW_015090842.1:6203787",5,8,3
"PLCG2","s1337_F_ADR_01_ASEReadCounter.table","NW_015090842.1:6209741",3,6,3
"PLCG2","s1337_F_ADR_01_ASEReadCounter.table","NW_015090842.1:6209798",6,9,3
"PLCG2","s1337_F_ADR_01_ASEReadCounter.table","NW_015090842.1:6209816",6,10,4
"PLCG2","s1337_F_ADR_01_ASEReadCounter.table","NW_015090842.1:6217547",5,16,11
"PLCG2","s1337_F_ADR_01_ASEReadCounter.table","NW_015090842.1:6218641",6,16,10
"PLCG2","s1337_F_ADR_01_ASEReadCounter.table","NW_015090842.1:6220552",5,16,11
"PLCG2","s1337_F_ADR_01_ASEReadCounter.table","NW_015090842.1:6221969",7,22,15
"PLCG2","s1337_F_ADR_01_ASEReadCounter.table","NW_015090842.1:6228672",8,9,1
"PLCG2","s1337_F_ADR_01_ASEReadCounter.table","NW_015090842.1:6228694",5,6,1
"PLCG2","s1337_F_ADR_01_ASEReadCounter.table","NW_015090842.1:6228722",4,7,3
"PLCG2","s1337_F_ADR_01_ASEReadCounter.table","NW_015090842.1:6228747",3,7,4
"PLCG2","s1337_F_ADR_01_ASEReadCounter.table","NW_015090842.1:6228835",9,15,6
"PLCG2","s1337_F_ADR_01_ASEReadCounter.table","NW_015090842.1:6228841",8,14,6
"PLCG2","s1337_F_ADR_01_ASEReadCounter.table","NW_015090842.1:6228865",10,16,6
"PLCG2","s1337_F_ADR_01_ASEReadCounter.table","NW_015090842.1:6228917",11,17,6
"PLCG2","s1337_F_ADR_01_ASEReadCounter.table","NW_015090842.1:6228926",9,14,5
"PLCG2","s1337_F_ADR_01_ASEReadCounter.table","NW_015090842.1:6228954",7,11,4
"PLCG2","s1337_F_ADR_01_ASEReadCounter.table","NW_015090842.1:6229002",8,13,5
"PLCG2","s1337_F_ADR_01_ASEReadCounter.table","NW_015090842.1:6229006",8,14,6
"PLCG2","s1337_F_ADR_01_ASEReadCounter.table","NW_015090842.1:6229081",5,9,4
"PLCG2","s1337_F_ADR_01_ASEReadCounter.table","NW_015090842.1:6229097",6,8,2
"PLCG2","s1337_F_ADR_01_ASEReadCounter.table","NW_015090842.1:6229160",6,8,2
"PLCG2","s1337_F_ADR_01_ASEReadCounter.table","NW_015090842.1:6229213",7,9,2
"PLCG2","s1337_F_ADR_01_ASEReadCounter.table","NW_015090842.1:6229231",6,8,2
"PLCG2","s1337_F_ADR_01_ASEReadCounter.table","NW_015090842.1:6229663",11,14,3
"PLCG2","s1337_F_ADR_01_ASEReadCounter.table","NW_015090842.1:6229748",9,11,2
"PLCG2","s1337_F_ADR_01_ASEReadCounter.table","NW_015090842.1:6229892",5,8,3
"PLCG2","s1337_F_ADR_01_ASEReadCounter.table","NW_015090842.1:6230248",4,7,3
"PLCG2","s1337_F_ADR_01_ASEReadCounter.table","NW_015090842.1:6230255",4,6,2
"PLCG2","s1337_F_ADR_01_ASEReadCounter.table","NW_015090842.1:6230276",5,9,4
"PLCG2","s1337_F_ADR_01_ASEReadCounter.table","NW_015090842.1:6230296",4,6,2
"PLCG2","s1337_F_ADR_01_ASEReadCounter.table","NW_015090842.1:6230349",14,16,2
"PLCG2","s1337_F_ADR_01_ASEReadCounter.table","NW_015090842.1:6230408",15,16,1
"PLCG2","s1337_F_ADR_01_ASEReadCounter.table","NW_015090842.1:6230439",9,12,3
"PLCG2","s1337_F_ADR_01_ASEReadCounter.table","NW_015090842.1:6230757",2,2,0
"PLCG2","s1337_F_ADR_01_ASEReadCounter.table","NW_015090842.1:6230758",3,3,0
"PLCG2","s1337_F_ADR_01_ASEReadCounter.table","NW_015090842.1:6230898",7,9,2
"PLCG2","s1337_F_ADR_01_ASEReadCounter.table","NW_015090842.1:6230976",4,7,3
"PLCG2","s1337_F_ADR_01_ASEReadCounter.table","NW_015090842.1:6231078",9,12,3
"PLCG2","s1337_F_ADR_01_ASEReadCounter.table","NW_015090842.1:6231138",11,14,3
"PLCG2","s1337_F_ADR_01_ASEReadCounter.table","NW_015090842.1:6231177",8,9,1
"PLCG2","s1337_F_ADR_01_ASEReadCounter.table","NW_015090842.1:6231263",9,9,0
"SDR42E1","s1337_F_ADR_01_ASEReadCounter.table","NW_015090842.1:6235292",0,4,4
"SDR42E1","s1337_F_ADR_01_ASEReadCounter.table","NW_015090842.1:6235315",0,5,5
"SDR42E1","s1337_F_ADR_01_ASEReadCounter.table","NW_015090842.1:6235348",3,12,9
"SDR42E1","s1337_F_ADR_01_ASEReadCounter.table","NW_015090842.1:6235355",3,16,13
"SDR42E1","s1337_F_ADR_01_ASEReadCounter.table","NW_015090842.1:6235417",5,17,12
"SDR42E1","s1337_F_ADR_01_ASEReadCounter.table","NW_015090842.1:6235558",5,19,14
"SDR42E1","s1337_F_ADR_01_ASEReadCounter.table","NW_015090842.1:6235741",9,32,23
"SDR42E1","s1337_F_ADR_01_ASEReadCounter.table","NW_015090842.1:6235777",5,24,19
"SDR42E1","s1337_F_ADR_01_ASEReadCounter.table","NW_015090842.1:6235806",8,30,22
"SDR42E1","s1337_F_ADR_01_ASEReadCounter.table","NW_015090842.1:6235809",8,31,23
"SDR42E1","s1337_F_ADR_01_ASEReadCounter.table","NW_015090842.1:6235816",8,32,24
"SDR42E1","s1337_F_ADR_01_ASEReadCounter.table","NW_015090842.1:6235914",5,28,23
"SDR42E1","s1337_F_ADR_01_ASEReadCounter.table","NW_015090842.1:6235935",4,25,21
"SDR42E1","s1337_F_ADR_01_ASEReadCounter.table","NW_015090842.1:6235957",3,25,22
"SDR42E1","s1337_F_ADR_01_ASEReadCounter.table","NW_015090842.1:6236040",2,15,13
"SDR42E1","s1337_F_ADR_01_ASEReadCounter.table","NW_015090842.1:6236260",5,20,15
"SDR42E1","s1337_F_ADR_01_ASEReadCounter.table","NW_015090842.1:6236281",4,19,15
"SDR42E1","s1337_F_ADR_01_ASEReadCounter.table","NW_015090842.1:6236305",3,18,15
"SDR42E1","s1337_F_ADR_01_ASEReadCounter.table","NW_015090842.1:6236458",6,25,19
"SDR42E1","s1337_F_ADR_01_ASEReadCounter.table","NW_015090842.1:6236476",4,24,20
"SDR42E1","s1337_F_ADR_01_ASEReadCounter.table","NW_015090842.1:6236608",8,22,14
"SDR42E1","s1337_F_ADR_01_ASEReadCounter.table","NW_015090842.1:6238244",6,18,12
"SDR42E1","s1337_F_ADR_01_ASEReadCounter.table","NW_015090842.1:6238829",2,10,8
"HSD17B2","s1337_F_ADR_01_ASEReadCounter.table","NW_015090842.1:6257616",1,5,4
"HSD17B2","s1337_F_ADR_01_ASEReadCounter.table","NW_015090842.1:6257711",1,4,3
"HSD17B2","s1337_F_ADR_01_ASEReadCounter.table","NW_015090842.1:6257712",1,4,3
"HSD17B2","s1337_F_ADR_01_ASEReadCounter.table","NW_015090842.1:6257737",1,4,3
"HSD17B2","s1337_F_ADR_01_ASEReadCounter.table","NW_015090842.1:6257758",0,4,4
"HSD17B2","s1337_F_ADR_01_ASEReadCounter.table","NW_015090842.1:6257767",0,4,4
"HSD17B2","s1337_F_ADR_01_ASEReadCounter.table","NW_015090842.1:6257829",0,3,3
"HSD17B2","s1337_F_ADR_01_ASEReadCounter.table","NW_015090842.1:6257851",0,3,3
"HSD17B2","s1337_F_ADR_01_ASEReadCounter.table","NW_015090842.1:6257889",0,3,3
"HSD17B2","s1337_F_ADR_01_ASEReadCounter.table","NW_015090842.1:6262951",0,7,7
"HSD17B2","s1337_F_ADR_01_ASEReadCounter.table","NW_015090842.1:6262974",0,5,5
"HSD17B2","s1337_F_ADR_01_ASEReadCounter.table","NW_015090842.1:6266125",0,6,6
"HSD17B2","s1337_F_ADR_01_ASEReadCounter.table","NW_015090842.1:6266135",0,6,6
"HSD17B2","s1337_F_ADR_01_ASEReadCounter.table","NW_015090842.1:6266795",0,8,8
"HSD17B2","s1337_F_ADR_01_ASEReadCounter.table","NW_015090842.1:6266944",0,12,12
"HSD17B2","s1337_F_ADR_01_ASEReadCounter.table","NW_015090842.1:6267053",0,5,5
"HSD17B2","s1337_F_ADR_01_ASEReadCounter.table","NW_015090842.1:6267196",0,3,3
"HSD17B2","s1337_F_ADR_01_ASEReadCounter.table","NW_015090842.1:6267273",0,5,5
"HSD17B2","s1337_F_ADR_01_ASEReadCounter.table","NW_015090842.1:6267674",0,4,4
"HSD17B2","s1337_F_ADR_01_ASEReadCounter.table","NW_015090842.1:6267913",0,2,2
"HSD17B2","s1337_F_ADR_01_ASEReadCounter.table","NW_015090842.1:6268098",0,5,5
"HSD17B2","s1337_F_ADR_01_ASEReadCounter.table","NW_015090842.1:6268203",0,6,6
"ARY2","s1337_F_ADR_01_ASEReadCounter.table","NW_015090842.1:6303922",24,39,15
"ARY2","s1337_F_ADR_01_ASEReadCounter.table","NW_015090842.1:6303954",34,57,23
"ARY2","s1337_F_ADR_01_ASEReadCounter.table","NW_015090842.1:6303979",40,67,27
"ARY2","s1337_F_ADR_01_ASEReadCounter.table","NW_015090842.1:6305848",30,64,34
"ARY2","s1337_F_ADR_01_ASEReadCounter.table","NW_015090842.1:6305856",30,67,37
"ARY2","s1337_F_ADR_01_ASEReadCounter.table","NW_015090842.1:6305857",30,67,37
"ARY2","s1337_F_ADR_01_ASEReadCounter.table","NW_015090842.1:6306017",24,57,33
"ARY2","s1337_F_ADR_01_ASEReadCounter.table","NW_015090842.1:6306052",23,60,37
"ARY2","s1337_F_ADR_01_ASEReadCounter.table","NW_015090842.1:6306094",33,78,45
"ARY2","s1337_F_ADR_01_ASEReadCounter.table","NW_015090842.1:6306100",35,80,45
"ARY2","s1337_F_ADR_01_ASEReadCounter.table","NW_015090842.1:6306146",25,73,48
"ARY2","s1337_F_ADR_01_ASEReadCounter.table","NW_015090842.1:6306147",25,70,45
"ARY2","s1337_F_ADR_01_ASEReadCounter.table","NW_015090842.1:6306390",35,93,58
"ARY2","s1337_F_ADR_01_ASEReadCounter.table","NW_015090842.1:6306567",19,68,49
"ARY2","s1337_F_ADR_01_ASEReadCounter.table","NW_015090842.1:6306705",37,73,36
"ARY2","s1337_F_ADR_01_ASEReadCounter.table","NW_015090842.1:6306773",19,52,33
"ARY2","s1337_F_ADR_01_ASEReadCounter.table","NW_015090842.1:6307039",38,69,31
"ARY2","s1337_F_ADR_01_ASEReadCounter.table","NW_015090842.1:6307043",39,70,31
"ARY2","s1337_F_ADR_01_ASEReadCounter.table","NW_015090842.1:6307093",22,50,28
"ARY2","s1337_F_ADR_01_ASEReadCounter.table","NW_015090842.1:6307138",23,49,26
"ARY2","s1337_F_ADR_01_ASEReadCounter.table","NW_015090842.1:6307157",32,61,29
"ARY2","s1337_F_ADR_01_ASEReadCounter.table","NW_015090842.1:6307187",37,63,26
"ARY2","s1337_F_ADR_01_ASEReadCounter.table","NW_015090842.1:6307204",33,58,25
"ARY2","s1337_F_ADR_01_ASEReadCounter.table","NW_015090842.1:6307278",19,52,33
"ARY2","s1337_F_ADR_01_ASEReadCounter.table","NW_015090842.1:6307305",28,59,31
"ARY2","s1337_F_ADR_01_ASEReadCounter.table","NW_015090842.1:6307318",26,58,32
"ARY2","s1337_F_ADR_01_ASEReadCounter.table","NW_015090842.1:6307429",13,41,28
"ARY2","s1337_F_ADR_01_ASEReadCounter.table","NW_015090842.1:6307487",12,35,23
"ARY2","s1337_F_ADR_01_ASEReadCounter.table","NW_015090842.1:6307670",17,31,14
"ARYL","s1337_F_ADR_01_ASEReadCounter.table","NW_015090842.1:6313360",2,3,1
"ARYL","s1337_F_ADR_01_ASEReadCounter.table","NW_015090842.1:6313377",2,3,1
"ARYL","s1337_F_ADR_01_ASEReadCounter.table","NW_015090842.1:6313767",1,1,0
"ARY1","s1337_F_ADR_01_ASEReadCounter.table","NW_015090842.1:6314541",1,1,0
"ARY1","s1337_F_ADR_01_ASEReadCounter.table","NW_015090842.1:6314597",0,1,1
"ARY1","s1337_F_ADR_01_ASEReadCounter.table","NW_015090842.1:6314794",1,1,0
"ARY1","s1337_F_ADR_01_ASEReadCounter.table","NW_015090842.1:6314827",1,1,0
"ARY1","s1337_F_ADR_01_ASEReadCounter.table","NW_015090842.1:6314859",1,2,1
"ARY1","s1337_F_ADR_01_ASEReadCounter.table","NW_015090842.1:6314886",1,2,1
"ARY1","s1337_F_ADR_01_ASEReadCounter.table","NW_015090842.1:6315022",0,1,1
"ARY1","s1337_F_ADR_01_ASEReadCounter.table","NW_015090842.1:6315026",0,1,1
"ARY1","s1337_F_ADR_01_ASEReadCounter.table","NW_015090842.1:6315043",0,1,1
"ARY1","s1337_F_ADR_01_ASEReadCounter.table","NW_015090842.1:6315065",0,1,1
"ARY1","s1337_F_ADR_01_ASEReadCounter.table","NW_015090842.1:6315479",1,2,1
"ARY1","s1337_F_ADR_01_ASEReadCounter.table","NW_015090842.1:6318342",2,4,2
"ARY1","s1337_F_ADR_01_ASEReadCounter.table","NW_015090842.1:6318603",1,1,0
"ARY1","s1337_F_ADR_01_ASEReadCounter.table","NW_015090842.1:6318708",1,1,0
"ARY1","s1337_F_ADR_01_ASEReadCounter.table","NW_015090842.1:6318858",2,2,0
"ARY1","s1337_F_ADR_01_ASEReadCounter.table","NW_015090842.1:6318952",0,1,1
"MPHOSPH6","s1337_F_ADR_01_ASEReadCounter.table","NW_015090842.1:6324063",46,89,43
"MPHOSPH6","s1337_F_ADR_01_ASEReadCounter.table","NW_015090842.1:6324174",79,152,73
"MPHOSPH6","s1337_F_ADR_01_ASEReadCounter.table","NW_015090842.1:6324270",91,178,87
"MPHOSPH6","s1337_F_ADR_01_ASEReadCounter.table","NW_015090842.1:6324762",108,222,114
"MPHOSPH6","s1337_F_ADR_01_ASEReadCounter.table","NW_015090842.1:6324780",97,199,102
"MPHOSPH6","s1337_F_ADR_01_ASEReadCounter.table","NW_015090842.1:6324902",154,282,128
"MPHOSPH6","s1337_F_ADR_01_ASEReadCounter.table","NW_015090842.1:6325066",128,241,113
"MPHOSPH6","s1337_F_ADR_01_ASEReadCounter.table","NW_015090842.1:6325089",153,286,133
"MPHOSPH6","s1337_F_ADR_01_ASEReadCounter.table","NW_015090842.1:6325877",165,313,148
"MPHOSPH6","s1337_F_ADR_01_ASEReadCounter.table","NW_015090842.1:6326976",121,246,125
"CDH13","s1337_F_ADR_01_ASEReadCounter.table","NW_015090842.1:6662283",31,40,9
"CDH13","s1337_F_ADR_01_ASEReadCounter.table","NW_015090842.1:6693665",42,53,11
"CDH13","s1337_F_ADR_01_ASEReadCounter.table","NW_015090842.1:6693697",37,48,11
"CDH13","s1337_F_ADR_01_ASEReadCounter.table","NW_015090842.1:6693712",33,43,10
"CDH13","s1337_F_ADR_01_ASEReadCounter.table","NW_015090842.1:6693723",26,39,13
"CDH13","s1337_F_ADR_01_ASEReadCounter.table","NW_015090842.1:6693738",28,39,11
"CDH13","s1337_F_ADR_01_ASEReadCounter.table","NW_015090842.1:6823730",34,43,9
"CDH13","s1337_F_ADR_01_ASEReadCounter.table","NW_015090842.1:6889713",33,50,17
"CDH13","s1337_F_ADR_01_ASEReadCounter.table","NW_015090842.1:6955167",37,51,14
"MLYCD","s1337_F_ADR_01_ASEReadCounter.table","NW_015090842.1:7150054",40,70,30
"MLYCD","s1337_F_ADR_01_ASEReadCounter.table","NW_015090842.1:7150131",72,136,64
"MLYCD","s1337_F_ADR_01_ASEReadCounter.table","NW_015090842.1:7150585",48,103,55
"MLYCD","s1337_F_ADR_01_ASEReadCounter.table","NW_015090842.1:7150686",34,103,69
"MLYCD","s1337_F_ADR_01_ASEReadCounter.table","NW_015090842.1:7150696",36,108,72
"MLYCD","s1337_F_ADR_01_ASEReadCounter.table","NW_015090842.1:7150869",47,102,55
"MLYCD","s1337_F_ADR_01_ASEReadCounter.table","NW_015090842.1:7151100",49,131,82
"MLYCD","s1337_F_ADR_01_ASEReadCounter.table","NW_015090842.1:7151127",47,135,88
"MLYCD","s1337_F_ADR_01_ASEReadCounter.table","NW_015090842.1:7157538",43,113,70
"MLYCD","s1337_F_ADR_01_ASEReadCounter.table","NW_015090842.1:7167662",25,54,29
"MLYCD","s1337_F_ADR_01_ASEReadCounter.table","NW_015090842.1:7167675",27,59,32
"MLYCD","s1337_F_ADR_01_ASEReadCounter.table","NW_015090842.1:7167710",26,53,27
"MLYCD","s1337_F_ADR_01_ASEReadCounter.table","NW_015090842.1:7167781",21,39,18
"MLYCD","s1337_F_ADR_01_ASEReadCounter.table","NW_015090842.1:7167803",20,32,12
"MLYCD","s1337_F_ADR_01_ASEReadCounter.table","NW_015090842.1:7167812",21,33,12
"MLYCD","s1337_F_ADR_01_ASEReadCounter.table","NW_015090842.1:7167845",18,37,19
"MLYCD","s1337_F_ADR_01_ASEReadCounter.table","NW_015090842.1:7167862",17,35,18
"MLYCD","s1337_F_ADR_01_ASEReadCounter.table","NW_015090842.1:7167929",17,32,15
"MLYCD","s1337_F_ADR_01_ASEReadCounter.table","NW_015090842.1:7167995",19,36,17
"MLYCD","s1337_F_ADR_01_ASEReadCounter.table","NW_015090842.1:7168005",20,37,17
"MLYCD","s1337_F_ADR_01_ASEReadCounter.table","NW_015090842.1:7168037",17,31,14
"HSBP1","s1337_F_ADR_01_ASEReadCounter.table","NW_015090842.1:7245192",181,322,141
"HSBP1","s1337_F_ADR_01_ASEReadCounter.table","NW_015090842.1:7245226",207,411,204
"HSBP1","s1337_F_ADR_01_ASEReadCounter.table","NW_015090842.1:7245257",182,363,181
"HSBP1","s1337_F_ADR_01_ASEReadCounter.table","NW_015090842.1:7245296",150,346,196
"HSBP1","s1337_F_ADR_01_ASEReadCounter.table","NW_015090842.1:7245389",237,478,241
"HSBP1","s1337_F_ADR_01_ASEReadCounter.table","NW_015090842.1:7245400",244,479,235
"HSBP1","s1337_F_ADR_01_ASEReadCounter.table","NW_015090842.1:7245445",237,489,252
"HSBP1","s1337_F_ADR_01_ASEReadCounter.table","NW_015090842.1:7245495",231,455,224
"HSBP1","s1337_F_ADR_01_ASEReadCounter.table","NW_015090842.1:7245733",150,319,169
"HSBP1","s1337_F_ADR_01_ASEReadCounter.table","NW_015090842.1:7245771",158,335,177
"HSBP1","s1337_F_ADR_01_ASEReadCounter.table","NW_015090842.1:7245813",182,374,192
"HSBP1","s1337_F_ADR_01_ASEReadCounter.table","NW_015090842.1:7245926",198,418,220
"HSBP1","s1337_F_ADR_01_ASEReadCounter.table","NW_015090842.1:7245927",202,420,218
"HSBP1","s1337_F_ADR_01_ASEReadCounter.table","NW_015090842.1:7245933",204,414,210
"HSBP1","s1337_F_ADR_01_ASEReadCounter.table","NW_015090842.1:7246002",178,355,177
"HSBP1","s1337_F_ADR_01_ASEReadCounter.table","NW_015090842.1:7246094",216,430,214
"HSBP1","s1337_F_ADR_01_ASEReadCounter.table","NW_015090842.1:7246167",213,420,207
"HSBP1","s1337_F_ADR_01_ASEReadCounter.table","NW_015090842.1:7246183",208,406,198
"HSBP1","s1337_F_ADR_01_ASEReadCounter.table","NW_015090842.1:7247285",49,64,15
"HSBP1","s1337_F_ADR_01_ASEReadCounter.table","NW_015090842.1:7247651",411,901,490
"HSBP1","s1337_F_ADR_01_ASEReadCounter.table","NW_015090842.1:7247657",418,914,496
"HSBP1","s1337_F_ADR_01_ASEReadCounter.table","NW_015090842.1:7248520",275,585,310
"HSBP1","s1337_F_ADR_01_ASEReadCounter.table","NW_015090842.1:7248535",217,470,253
"KCNG4","s1337_F_ADR_01_ASEReadCounter.table","NW_015090842.1:7282481",2,2,0
"KCNG4","s1337_F_ADR_01_ASEReadCounter.table","NW_015090842.1:7282500",1,1,0
"KCNG4","s1337_F_ADR_01_ASEReadCounter.table","NW_015090842.1:7282542",1,1,0
"KCNG4","s1337_F_ADR_01_ASEReadCounter.table","NW_015090842.1:7282579",1,2,1
"KCNG4","s1337_F_ADR_01_ASEReadCounter.table","NW_015090842.1:7282630",0,1,1
"KCNG4","s1337_F_ADR_01_ASEReadCounter.table","NW_015090842.1:7283245",0,1,1
"WFDC1","s1337_F_ADR_01_ASEReadCounter.table","NW_015090842.1:7366517",18,47,29
"WFDC1","s1337_F_ADR_01_ASEReadCounter.table","NW_015090842.1:7373367",6,32,26
"WFDC1","s1337_F_ADR_01_ASEReadCounter.table","NW_015090842.1:7375828",16,60,44
"WFDC1","s1337_F_ADR_01_ASEReadCounter.table","NW_015090842.1:7378036",23,71,48
"WFDC1","s1337_F_ADR_01_ASEReadCounter.table","NW_015090842.1:7379125",25,72,47
"WFDC1","s1337_F_ADR_01_ASEReadCounter.table","NW_015090842.1:7379451",20,66,46
"WFDC1","s1337_F_ADR_01_ASEReadCounter.table","NW_015090842.1:7379471",17,56,39
"WFDC1","s1337_F_ADR_01_ASEReadCounter.table","NW_015090842.1:7379576",15,68,53
"WFDC1","s1337_F_ADR_01_ASEReadCounter.table","NW_015090842.1:7379596",14,61,47
"WFDC1","s1337_F_ADR_01_ASEReadCounter.table","NW_015090842.1:7379605",14,57,43
"WFDC1","s1337_F_ADR_01_ASEReadCounter.table","NW_015090842.1:7379626",13,57,44
"WFDC1","s1337_F_ADR_01_ASEReadCounter.table","NW_015090842.1:7379631",10,53,43
"WFDC1","s1337_F_ADR_01_ASEReadCounter.table","NW_015090842.1:7379632",10,56,46
"WFDC1","s1337_F_ADR_01_ASEReadCounter.table","NW_015090842.1:7379652",12,59,47
"WFDC1","s1337_F_ADR_01_ASEReadCounter.table","NW_015090842.1:7379669",11,52,41
"WFDC1","s1337_F_ADR_01_ASEReadCounter.table","NW_015090842.1:7379674",11,54,43
"WFDC1","s1337_F_ADR_01_ASEReadCounter.table","NW_015090842.1:7379719",11,56,45
"WFDC1","s1337_F_ADR_01_ASEReadCounter.table","NW_015090842.1:7379735",1,36,35
"WFDC1","s1337_F_ADR_01_ASEReadCounter.table","NW_015090842.1:7379739",1,26,25
"WFDC1","s1337_F_ADR_01_ASEReadCounter.table","NW_015090842.1:7379821",23,57,34
"WFDC1","s1337_F_ADR_01_ASEReadCounter.table","NW_015090842.1:7379840",24,62,38
"WFDC1","s1337_F_ADR_01_ASEReadCounter.table","NW_015090842.1:7379933",21,70,49
"WFDC1","s1337_F_ADR_01_ASEReadCounter.table","NW_015090842.1:7379935",20,68,48
"WFDC1","s1337_F_ADR_01_ASEReadCounter.table","NW_015090842.1:7379983",19,64,45
"WFDC1","s1337_F_ADR_01_ASEReadCounter.table","NW_015090842.1:7380060",14,59,45
"WFDC1","s1337_F_ADR_01_ASEReadCounter.table","NW_015090842.1:7380136",17,54,37
"WFDC1","s1337_F_ADR_01_ASEReadCounter.table","NW_015090842.1:7380150",20,63,43
"WFDC1","s1337_F_ADR_01_ASEReadCounter.table","NW_015090842.1:7380164",19,66,47
"WFDC1","s1337_F_ADR_01_ASEReadCounter.table","NW_015090842.1:7380237",22,71,49
"WFDC1","s1337_F_ADR_01_ASEReadCounter.table","NW_015090842.1:7380261",20,57,37
"WFDC1","s1337_F_ADR_01_ASEReadCounter.table","NW_015090842.1:7380322",20,61,41
"WFDC1","s1337_F_ADR_01_ASEReadCounter.table","NW_015090842.1:7380491",25,77,52
"WFDC1","s1337_F_ADR_01_ASEReadCounter.table","NW_015090842.1:7380567",22,66,44
"WFDC1","s1337_F_ADR_01_ASEReadCounter.table","NW_015090842.1:7380672",18,64,46
"WFDC1","s1337_F_ADR_01_ASEReadCounter.table","NW_015090842.1:7380721",22,67,45
"WFDC1","s1337_F_ADR_01_ASEReadCounter.table","NW_015090842.1:7380743",30,78,48
"WFDC1","s1337_F_ADR_01_ASEReadCounter.table","NW_015090842.1:7380852",26,72,46
"WFDC1","s1337_F_ADR_01_ASEReadCounter.table","NW_015090842.1:7380878",26,74,48
"WFDC1","s1337_F_ADR_01_ASEReadCounter.table","NW_015090842.1:7381081",26,90,64
"WFDC1","s1337_F_ADR_01_ASEReadCounter.table","NW_015090842.1:7381127",14,74,60
"WFDC1","s1337_F_ADR_01_ASEReadCounter.table","NW_015090842.1:7381195",21,67,46
"WFDC1","s1337_F_ADR_01_ASEReadCounter.table","NW_015090842.1:7381253",22,70,48
"WFDC1","s1337_F_ADR_01_ASEReadCounter.table","NW_015090842.1:7381378",22,81,59
"WFDC1","s1337_F_ADR_01_ASEReadCounter.table","NW_015090842.1:7381433",22,80,58
"WFDC1","s1337_F_ADR_01_ASEReadCounter.table","NW_015090842.1:7381434",22,83,61
"WFDC1","s1337_F_ADR_01_ASEReadCounter.table","NW_015090842.1:7381442",26,88,62
"WFDC1","s1337_F_ADR_01_ASEReadCounter.table","NW_015090842.1:7381517",23,66,43
"WFDC1","s1337_F_ADR_01_ASEReadCounter.table","NW_015090842.1:7381520",26,71,45
"WFDC1","s1337_F_ADR_01_ASEReadCounter.table","NW_015090842.1:7381677",17,53,36
"WFDC1","s1337_F_ADR_01_ASEReadCounter.table","NW_015090842.1:7381709",8,33,25
"ATP2C2","s1337_F_ADR_01_ASEReadCounter.table","NW_015090842.1:7386804",0,1,1
"ATP2C2","s1337_F_ADR_01_ASEReadCounter.table","NW_015090842.1:7386836",0,1,1
"ATP2C2","s1337_F_ADR_01_ASEReadCounter.table","NW_015090842.1:7392613",0,2,2
"ATP2C2","s1337_F_ADR_01_ASEReadCounter.table","NW_015090842.1:7396756",1,1,0
"ATP2C2","s1337_F_ADR_01_ASEReadCounter.table","NW_015090842.1:7397049",0,2,2
"ATP2C2","s1337_F_ADR_01_ASEReadCounter.table","NW_015090842.1:7398395",0,5,5
"ATP2C2","s1337_F_ADR_01_ASEReadCounter.table","NW_015090842.1:7399774",3,3,0
"ATP2C2","s1337_F_ADR_01_ASEReadCounter.table","NW_015090842.1:7402554",2,3,1
"ATP2C2","s1337_F_ADR_01_ASEReadCounter.table","NW_015090842.1:7402578",2,3,1
"ATP2C2","s1337_F_ADR_01_ASEReadCounter.table","NW_015090842.1:7405621",0,4,4
"ATP2C2","s1337_F_ADR_01_ASEReadCounter.table","NW_015090842.1:7413855",24,30,6
"ATP2C2","s1337_F_ADR_01_ASEReadCounter.table","NW_015090842.1:7413869",5,12,7
"ATP2C2","s1337_F_ADR_01_ASEReadCounter.table","NW_015090842.1:7413875",8,15,7
"TLDC1","s1337_F_ADR_01_ASEReadCounter.table","NW_015090842.1:7421137",109,214,105
"TLDC1","s1337_F_ADR_01_ASEReadCounter.table","NW_015090842.1:7421155",94,204,110
"TLDC1","s1337_F_ADR_01_ASEReadCounter.table","NW_015090842.1:7421218",63,167,104
"TLDC1","s1337_F_ADR_01_ASEReadCounter.table","NW_015090842.1:7421399",93,165,72
"TLDC1","s1337_F_ADR_01_ASEReadCounter.table","NW_015090842.1:7421402",95,166,71
"TLDC1","s1337_F_ADR_01_ASEReadCounter.table","NW_015090842.1:7421528",101,190,89
"TLDC1","s1337_F_ADR_01_ASEReadCounter.table","NW_015090842.1:7421532",104,191,87
"TLDC1","s1337_F_ADR_01_ASEReadCounter.table","NW_015090842.1:7421621",107,222,115
"TLDC1","s1337_F_ADR_01_ASEReadCounter.table","NW_015090842.1:7421647",95,201,106
"TLDC1","s1337_F_ADR_01_ASEReadCounter.table","NW_015090842.1:7421657",82,179,97
"TLDC1","s1337_F_ADR_01_ASEReadCounter.table","NW_015090842.1:7421693",105,215,110
"TLDC1","s1337_F_ADR_01_ASEReadCounter.table","NW_015090842.1:7421796",90,181,91
"TLDC1","s1337_F_ADR_01_ASEReadCounter.table","NW_015090842.1:7421810",109,205,96
"TLDC1","s1337_F_ADR_01_ASEReadCounter.table","NW_015090842.1:7421833",117,226,109
"TLDC1","s1337_F_ADR_01_ASEReadCounter.table","NW_015090842.1:7421879",119,219,100
"TLDC1","s1337_F_ADR_01_ASEReadCounter.table","NW_015090842.1:7421914",108,206,98
"TLDC1","s1337_F_ADR_01_ASEReadCounter.table","NW_015090842.1:7421969",97,174,77
"TLDC1","s1337_F_ADR_01_ASEReadCounter.table","NW_015090842.1:7422015",85,172,87
"TLDC1","s1337_F_ADR_01_ASEReadCounter.table","NW_015090842.1:7422042",104,209,105
"TLDC1","s1337_F_ADR_01_ASEReadCounter.table","NW_015090842.1:7422230",130,226,96
"TLDC1","s1337_F_ADR_01_ASEReadCounter.table","NW_015090842.1:7423349",153,234,81
"TLDC1","s1337_F_ADR_01_ASEReadCounter.table","NW_015090842.1:7423362",140,229,89
"TLDC1","s1337_F_ADR_01_ASEReadCounter.table","NW_015090842.1:7426091",96,159,63
"TLDC1","s1337_F_ADR_01_ASEReadCounter.table","NW_015090842.1:7426485",104,191,87
"TLDC1","s1337_F_ADR_01_ASEReadCounter.table","NW_015090842.1:7427211",127,225,98
"TLDC1","s1337_F_ADR_01_ASEReadCounter.table","NW_015090842.1:7428179",97,172,75
"COTL1","s1337_F_ADR_01_ASEReadCounter.table","NW_015090842.1:7490744",189,395,206
"COTL1","s1337_F_ADR_01_ASEReadCounter.table","NW_015090842.1:7491051",207,379,172
"COTL1","s1337_F_ADR_01_ASEReadCounter.table","NW_015090842.1:7491124",212,365,153
"COTL1","s1337_F_ADR_01_ASEReadCounter.table","NW_015090842.1:7491418",128,231,103
"COTL1","s1337_F_ADR_01_ASEReadCounter.table","NW_015090842.1:7491539",93,214,121
"COTL1","s1337_F_ADR_01_ASEReadCounter.table","NW_015090842.1:7491585",160,310,150
"COTL1","s1337_F_ADR_01_ASEReadCounter.table","NW_015090842.1:7491586",155,317,162
"COTL1","s1337_F_ADR_01_ASEReadCounter.table","NW_015090842.1:7491646",207,432,225
"COTL1","s1337_F_ADR_01_ASEReadCounter.table","NW_015090842.1:7491747",180,359,179
"COTL1","s1337_F_ADR_01_ASEReadCounter.table","NW_015090842.1:7491803",171,354,183
"COTL1","s1337_F_ADR_01_ASEReadCounter.table","NW_015090842.1:7506078",1,1,0
"COTL1","s1337_F_ADR_01_ASEReadCounter.table","NW_015090842.1:7510900",0,1,1
"KLHL36","s1337_F_ADR_01_ASEReadCounter.table","NW_015090842.1:7514700",8,11,3
"KLHL36","s1337_F_ADR_01_ASEReadCounter.table","NW_015090842.1:7519691",8,19,11
"KLHL36","s1337_F_ADR_01_ASEReadCounter.table","NW_015090842.1:7519696",9,19,10
"KLHL36","s1337_F_ADR_01_ASEReadCounter.table","NW_015090842.1:7526160",17,42,25
"KLHL36","s1337_F_ADR_01_ASEReadCounter.table","NW_015090842.1:7526469",26,60,34
"KLHL36","s1337_F_ADR_01_ASEReadCounter.table","NW_015090842.1:7526587",28,59,31
"KLHL36","s1337_F_ADR_01_ASEReadCounter.table","NW_015090842.1:7526997",22,44,22
"KLHL36","s1337_F_ADR_01_ASEReadCounter.table","NW_015090842.1:7527142",15,38,23
"KLHL36","s1337_F_ADR_01_ASEReadCounter.table","NW_015090842.1:7535174",37,75,38
"KLHL36","s1337_F_ADR_01_ASEReadCounter.table","NW_015090842.1:7535384",31,53,22
"KLHL36","s1337_F_ADR_01_ASEReadCounter.table","NW_015090842.1:7535420",36,62,26
"KLHL36","s1337_F_ADR_01_ASEReadCounter.table","NW_015090842.1:7535545",21,37,16
"KLHL36","s1337_F_ADR_01_ASEReadCounter.table","NW_015090842.1:7535829",21,43,22
"KLHL36","s1337_F_ADR_01_ASEReadCounter.table","NW_015090842.1:7535977",17,37,20
"KLHL36","s1337_F_ADR_01_ASEReadCounter.table","NW_015090842.1:7536010",18,40,22
"KLHL36","s1337_F_ADR_01_ASEReadCounter.table","NW_015090842.1:7536051",23,46,23
"KLHL36","s1337_F_ADR_01_ASEReadCounter.table","NW_015090842.1:7536096",24,55,31
"KLHL36","s1337_F_ADR_01_ASEReadCounter.table","NW_015090842.1:7536135",28,63,35
"KLHL36","s1337_F_ADR_01_ASEReadCounter.table","NW_015090842.1:7536136",28,62,34
"KLHL36","s1337_F_ADR_01_ASEReadCounter.table","NW_015090842.1:7536160",24,58,34
"KLHL36","s1337_F_ADR_01_ASEReadCounter.table","NW_015090842.1:7536336",18,36,18
"KLHL36","s1337_F_ADR_01_ASEReadCounter.table","NW_015090842.1:7536352",18,38,20
"KLHL36","s1337_F_ADR_01_ASEReadCounter.table","NW_015090842.1:7536412",9,29,20
"KLHL36","s1337_F_ADR_01_ASEReadCounter.table","NW_015090842.1:7536418",8,30,22
"KLHL36","s1337_F_ADR_01_ASEReadCounter.table","NW_015090842.1:7536465",13,31,18
"KLHL36","s1337_F_ADR_01_ASEReadCounter.table","NW_015090842.1:7536466",13,31,18
"KLHL36","s1337_F_ADR_01_ASEReadCounter.table","NW_015090842.1:7536553",28,52,24
"KLHL36","s1337_F_ADR_01_ASEReadCounter.table","NW_015090842.1:7536698",16,45,29
"KLHL36","s1337_F_ADR_01_ASEReadCounter.table","NW_015090842.1:7536713",8,43,35
"KLHL36","s1337_F_ADR_01_ASEReadCounter.table","NW_015090842.1:7536720",18,45,27
"KLHL36","s1337_F_ADR_01_ASEReadCounter.table","NW_015090842.1:7536791",24,47,23
"KLHL36","s1337_F_ADR_01_ASEReadCounter.table","NW_015090842.1:7536849",19,41,22
"KLHL36","s1337_F_ADR_01_ASEReadCounter.table","NW_015090842.1:7536872",23,46,23
"KLHL36","s1337_F_ADR_01_ASEReadCounter.table","NW_015090842.1:7536878",27,49,22
"KLHL36","s1337_F_ADR_01_ASEReadCounter.table","NW_015090842.1:7536916",27,48,21
"KLHL36","s1337_F_ADR_01_ASEReadCounter.table","NW_015090842.1:7536927",31,65,34
"KLHL36","s1337_F_ADR_01_ASEReadCounter.table","NW_015090842.1:7537315",28,71,43
"KLHL36","s1337_F_ADR_01_ASEReadCounter.table","NW_015090842.1:7537352",22,56,34
"KLHL36","s1337_F_ADR_01_ASEReadCounter.table","NW_015090842.1:7537631",35,62,27
"KLHL36","s1337_F_ADR_01_ASEReadCounter.table","NW_015090842.1:7537830",39,70,31
"KLHL36","s1337_F_ADR_01_ASEReadCounter.table","NW_015090842.1:7537838",36,64,28
"KLHL36","s1337_F_ADR_01_ASEReadCounter.table","NW_015090842.1:7538153",22,63,41
"KLHL36","s1337_F_ADR_01_ASEReadCounter.table","NW_015090842.1:7538256",14,45,31
"KLHL36","s1337_F_ADR_01_ASEReadCounter.table","NW_015090842.1:7538265",12,38,26
"KLHL36","s1337_F_ADR_01_ASEReadCounter.table","NW_015090842.1:7538300",13,36,23
"USP10","s1337_F_ADR_01_ASEReadCounter.table","NW_015090842.1:7563972",26,45,19
"USP10","s1337_F_ADR_01_ASEReadCounter.table","NW_015090842.1:7571816",48,111,63
"USP10","s1337_F_ADR_01_ASEReadCounter.table","NW_015090842.1:7571993",56,133,77
"USP10","s1337_F_ADR_01_ASEReadCounter.table","NW_015090842.1:7572580",70,151,81
"USP10","s1337_F_ADR_01_ASEReadCounter.table","NW_015090842.1:7587372",96,205,109
"CRISPLD2","s1337_F_ADR_01_ASEReadCounter.table","NW_015090842.1:7604605",11,20,9
"CRISPLD2","s1337_F_ADR_01_ASEReadCounter.table","NW_015090842.1:7609844",11,27,16
"CRISPLD2","s1337_F_ADR_01_ASEReadCounter.table","NW_015090842.1:7609845",11,27,16
"CRISPLD2","s1337_F_ADR_01_ASEReadCounter.table","NW_015090842.1:7609883",11,33,22
"CRISPLD2","s1337_F_ADR_01_ASEReadCounter.table","NW_015090842.1:7610084",28,42,14
"CRISPLD2","s1337_F_ADR_01_ASEReadCounter.table","NW_015090842.1:7617757",14,19,5
"CRISPLD2","s1337_F_ADR_01_ASEReadCounter.table","NW_015090842.1:7617781",18,22,4
"CRISPLD2","s1337_F_ADR_01_ASEReadCounter.table","NW_015090842.1:7617790",17,21,4
"CRISPLD2","s1337_F_ADR_01_ASEReadCounter.table","NW_015090842.1:7621452",22,31,9
"CRISPLD2","s1337_F_ADR_01_ASEReadCounter.table","NW_015090842.1:7625451",44,63,19
"CRISPLD2","s1337_F_ADR_01_ASEReadCounter.table","NW_015090842.1:7626214",38,50,12
"CRISPLD2","s1337_F_ADR_01_ASEReadCounter.table","NW_015090842.1:7630784",34,39,5
"CRISPLD2","s1337_F_ADR_01_ASEReadCounter.table","NW_015090842.1:7630823",24,33,9
"CRISPLD2","s1337_F_ADR_01_ASEReadCounter.table","NW_015090842.1:7633172",27,37,10
"CRISPLD2","s1337_F_ADR_01_ASEReadCounter.table","NW_015090842.1:7633326",24,30,6
"CRISPLD2","s1337_F_ADR_01_ASEReadCounter.table","NW_015090842.1:7633336",26,32,6
"CRISPLD2","s1337_F_ADR_01_ASEReadCounter.table","NW_015090842.1:7633381",24,34,10
"CRISPLD2","s1337_F_ADR_01_ASEReadCounter.table","NW_015090842.1:7633388",24,33,9
"CRISPLD2","s1337_F_ADR_01_ASEReadCounter.table","NW_015090842.1:7633400",28,36,8
"CRISPLD2","s1337_F_ADR_01_ASEReadCounter.table","NW_015090842.1:7633486",37,45,8
"CRISPLD2","s1337_F_ADR_01_ASEReadCounter.table","NW_015090842.1:7633503",29,38,9
"CRISPLD2","s1337_F_ADR_01_ASEReadCounter.table","NW_015090842.1:7633504",29,38,9
"CRISPLD2","s1337_F_ADR_01_ASEReadCounter.table","NW_015090842.1:7633557",38,52,14
"CRISPLD2","s1337_F_ADR_01_ASEReadCounter.table","NW_015090842.1:7633571",34,46,12
"CRISPLD2","s1337_F_ADR_01_ASEReadCounter.table","NW_015090842.1:7633588",31,41,10
"CRISPLD2","s1337_F_ADR_01_ASEReadCounter.table","NW_015090842.1:7633617",36,44,8
"CRISPLD2","s1337_F_ADR_01_ASEReadCounter.table","NW_015090842.1:7633695",45,61,16
"CRISPLD2","s1337_F_ADR_01_ASEReadCounter.table","NW_015090842.1:7633721",51,68,17
"CRISPLD2","s1337_F_ADR_01_ASEReadCounter.table","NW_015090842.1:7633888",25,35,10
"CRISPLD2","s1337_F_ADR_01_ASEReadCounter.table","NW_015090842.1:7633910",23,30,7
"CRISPLD2","s1337_F_ADR_01_ASEReadCounter.table","NW_015090842.1:7634142",21,27,6
"CRISPLD2","s1337_F_ADR_01_ASEReadCounter.table","NW_015090842.1:7634417",32,40,8
"CRISPLD2","s1337_F_ADR_01_ASEReadCounter.table","NW_015090842.1:7634825",23,29,6
"CRISPLD2","s1337_F_ADR_01_ASEReadCounter.table","NW_015090842.1:7634852",26,36,10
"CRISPLD2","s1337_F_ADR_01_ASEReadCounter.table","NW_015090842.1:7635009",34,45,11
"CRISPLD2","s1337_F_ADR_01_ASEReadCounter.table","NW_015090842.1:7635208",51,62,11
"CRISPLD2","s1337_F_ADR_01_ASEReadCounter.table","NW_015090842.1:7635373",45,57,12
"CRISPLD2","s1337_F_ADR_01_ASEReadCounter.table","NW_015090842.1:7635525",32,43,11
"CRISPLD2","s1337_F_ADR_01_ASEReadCounter.table","NW_015090842.1:7635583",29,44,15
"CRISPLD2","s1337_F_ADR_01_ASEReadCounter.table","NW_015090842.1:7635924",38,48,10
"LOC106888312","s1337_F_ADR_01_ASEReadCounter.table","NW_015090842.1:7727001",0,2,2
"LOC106888312","s1337_F_ADR_01_ASEReadCounter.table","NW_015090842.1:7727036",0,1,1
"LOC106888312","s1337_F_ADR_01_ASEReadCounter.table","NW_015090842.1:7727072",1,2,1
"LOC106888312","s1337_F_ADR_01_ASEReadCounter.table","NW_015090842.1:7727961",1,2,1
"LOC106888312","s1337_F_ADR_01_ASEReadCounter.table","NW_015090842.1:7732244",0,1,1
"LOC106888312","s1337_F_ADR_01_ASEReadCounter.table","NW_015090842.1:7732443",0,1,1
"LOC106888312","s1337_F_ADR_01_ASEReadCounter.table","NW_015090842.1:7732444",0,1,1
"LOC106888312","s1337_F_ADR_01_ASEReadCounter.table","NW_015090842.1:7732538",0,1,1
"LOC106888312","s1337_F_ADR_01_ASEReadCounter.table","NW_015090842.1:7732548",0,2,2
"LOC106888312","s1337_F_ADR_01_ASEReadCounter.table","NW_015090842.1:7732576",0,2,2
"LOC106888312","s1337_F_ADR_01_ASEReadCounter.table","NW_015090842.1:7732580",0,2,2
"LOC106888312","s1337_F_ADR_01_ASEReadCounter.table","NW_015090842.1:7732629",0,1,1
"LOC106888312","s1337_F_ADR_01_ASEReadCounter.table","NW_015090842.1:7732630",0,1,1
"LOC106888312","s1337_F_ADR_01_ASEReadCounter.table","NW_015090842.1:7732637",0,1,1
"LOC106888312","s1337_F_ADR_01_ASEReadCounter.table","NW_015090842.1:7732682",0,1,1
"LOC106888312","s1337_F_ADR_01_ASEReadCounter.table","NW_015090842.1:7732696",0,1,1
"LOC106888312","s1337_F_ADR_01_ASEReadCounter.table","NW_015090842.1:7732709",0,1,1
"LOC106888312","s1337_F_ADR_01_ASEReadCounter.table","NW_015090842.1:7732718",0,1,1
"LOC106888312","s1337_F_ADR_01_ASEReadCounter.table","NW_015090842.1:7732739",0,1,1
"LOC106888312","s1337_F_ADR_01_ASEReadCounter.table","NW_015090842.1:7732743",0,1,1
"LOC106888312","s1337_F_ADR_01_ASEReadCounter.table","NW_015090842.1:7732744",0,1,1
"LOC106888312","s1337_F_ADR_01_ASEReadCounter.table","NW_015090842.1:7732756",0,1,1
"LOC106888312","s1337_F_ADR_01_ASEReadCounter.table","NW_015090842.1:7732757",0,1,1
"LOC106888312","s1337_F_ADR_01_ASEReadCounter.table","NW_015090842.1:7732782",0,1,1
"LOC106888312","s1337_F_ADR_01_ASEReadCounter.table","NW_015090842.1:7732796",0,1,1
"LOC106888312","s1337_F_ADR_01_ASEReadCounter.table","NW_015090842.1:7732918",1,1,0
"LOC106888312","s1337_F_ADR_01_ASEReadCounter.table","NW_015090842.1:7732997",1,2,1
"LOC106888312","s1337_F_ADR_01_ASEReadCounter.table","NW_015090842.1:7733011",0,2,2
"LOC106888312","s1337_F_ADR_01_ASEReadCounter.table","NW_015090842.1:7733046",0,1,1
"LOC106888312","s1337_F_ADR_01_ASEReadCounter.table","NW_015090842.1:7733068",0,1,1
"LOC106888312","s1337_F_ADR_01_ASEReadCounter.table","NW_015090842.1:7733077",0,1,1
"LOC106888312","s1337_F_ADR_01_ASEReadCounter.table","NW_015090842.1:7733096",0,1,1
"LOC106888312","s1337_F_ADR_01_ASEReadCounter.table","NW_015090842.1:7733142",1,2,1
"LOC106888312","s1337_F_ADR_01_ASEReadCounter.table","NW_015090842.1:7733196",1,3,2
"LOC106888312","s1337_F_ADR_01_ASEReadCounter.table","NW_015090842.1:7733470",0,1,1
"LOC106888312","s1337_F_ADR_01_ASEReadCounter.table","NW_015090842.1:7733471",0,1,1
"LOC106888312","s1337_F_ADR_01_ASEReadCounter.table","NW_015090842.1:7733472",0,1,1
"LOC106888312","s1337_F_ADR_01_ASEReadCounter.table","NW_015090842.1:7733507",0,1,1
"LOC106888312","s1337_F_ADR_01_ASEReadCounter.table","NW_015090842.1:7733508",0,1,1
"LOC106888312","s1337_F_ADR_01_ASEReadCounter.table","NW_015090842.1:7733518",0,1,1
"LOC106888312","s1337_F_ADR_01_ASEReadCounter.table","NW_015090842.1:7733609",0,1,1
"LOC106888312","s1337_F_ADR_01_ASEReadCounter.table","NW_015090842.1:7733631",0,3,3
"LOC106888312","s1337_F_ADR_01_ASEReadCounter.table","NW_015090842.1:7733674",0,3,3
"LOC106888312","s1337_F_ADR_01_ASEReadCounter.table","NW_015090842.1:7733979",0,1,1
"LOC106888312","s1337_F_ADR_01_ASEReadCounter.table","NW_015090842.1:7733981",0,1,1
"ZDHHC7","s1337_F_ADR_01_ASEReadCounter.table","NW_015090842.1:7737199",53,116,63
"ZDHHC7","s1337_F_ADR_01_ASEReadCounter.table","NW_015090842.1:7737332",50,98,48
"ZDHHC7","s1337_F_ADR_01_ASEReadCounter.table","NW_015090842.1:7737553",63,153,90
"ZDHHC7","s1337_F_ADR_01_ASEReadCounter.table","NW_015090842.1:7737920",47,98,51
"ZDHHC7","s1337_F_ADR_01_ASEReadCounter.table","NW_015090842.1:7737953",39,94,55
"ZDHHC7","s1337_F_ADR_01_ASEReadCounter.table","NW_015090842.1:7737987",49,110,61
"ZDHHC7","s1337_F_ADR_01_ASEReadCounter.table","NW_015090842.1:7738068",45,93,48
"ZDHHC7","s1337_F_ADR_01_ASEReadCounter.table","NW_015090842.1:7738204",53,97,44
"LOC106888097","s1337_F_ADR_01_ASEReadCounter.table","NW_015090842.1:7767178",25,68,43
"LOC106888097","s1337_F_ADR_01_ASEReadCounter.table","NW_015090842.1:7767187",25,69,44
"LOC106888097","s1337_F_ADR_01_ASEReadCounter.table","NW_015090842.1:7768144",43,116,73
"LOC106888097","s1337_F_ADR_01_ASEReadCounter.table","NW_015090842.1:7768196",44,119,75
"LOC106888097","s1337_F_ADR_01_ASEReadCounter.table","NW_015090842.1:7769884",47,101,54
"LOC106888097","s1337_F_ADR_01_ASEReadCounter.table","NW_015090842.1:7769893",47,98,51
"LOC106888097","s1337_F_ADR_01_ASEReadCounter.table","NW_015090842.1:7770245",45,118,73
"LOC106888097","s1337_F_ADR_01_ASEReadCounter.table","NW_015090842.1:7772402",39,114,75
"LOC106888097","s1337_F_ADR_01_ASEReadCounter.table","NW_015090842.1:7772483",37,112,75
"LOC106888097","s1337_F_ADR_01_ASEReadCounter.table","NW_015090842.1:7772490",35,110,75
"LOC106888097","s1337_F_ADR_01_ASEReadCounter.table","NW_015090842.1:7774281",46,126,80
"LOC106888097","s1337_F_ADR_01_ASEReadCounter.table","NW_015090842.1:7774552",48,155,107
"LOC106888097","s1337_F_ADR_01_ASEReadCounter.table","NW_015090842.1:7774564",51,158,107
"LOC106888097","s1337_F_ADR_01_ASEReadCounter.table","NW_015090842.1:7774611",32,145,113
"LOC106888097","s1337_F_ADR_01_ASEReadCounter.table","NW_015090842.1:7774681",47,141,94
"LOC106888097","s1337_F_ADR_01_ASEReadCounter.table","NW_015090842.1:7774698",40,119,79
"LOC106888097","s1337_F_ADR_01_ASEReadCounter.table","NW_015090842.1:7774730",16,56,40
"LOC106888097","s1337_F_ADR_01_ASEReadCounter.table","NW_015090842.1:7774778",5,7,2
"LOC106888097","s1337_F_ADR_01_ASEReadCounter.table","NW_015090842.1:7774793",2,4,2
"FOXL1","s1337_F_ADR_01_ASEReadCounter.table","NW_015090842.1:8113043",2,2,0
"FOXC2","s1337_F_ADR_01_ASEReadCounter.table","NW_015090842.1:8129599",21,46,25
"FOXC2","s1337_F_ADR_01_ASEReadCounter.table","NW_015090842.1:8129616",19,44,25
"FOXC2","s1337_F_ADR_01_ASEReadCounter.table","NW_015090842.1:8129715",26,54,28
"FOXC2","s1337_F_ADR_01_ASEReadCounter.table","NW_015090842.1:8129719",24,54,30
"FOXC2","s1337_F_ADR_01_ASEReadCounter.table","NW_015090842.1:8130244",21,41,20
"FOXC2","s1337_F_ADR_01_ASEReadCounter.table","NW_015090842.1:8130472",19,30,11
"FOXC2","s1337_F_ADR_01_ASEReadCounter.table","NW_015090842.1:8130490",17,28,11
"FOXC2","s1337_F_ADR_01_ASEReadCounter.table","NW_015090842.1:8130547",11,22,11
"FOXC2","s1337_F_ADR_01_ASEReadCounter.table","NW_015090842.1:8130550",10,23,13
"FOXC2","s1337_F_ADR_01_ASEReadCounter.table","NW_015090842.1:8130573",10,23,13
"FOXC2","s1337_F_ADR_01_ASEReadCounter.table","NW_015090842.1:8130575",10,19,9
"MTHFSD","s1337_F_ADR_01_ASEReadCounter.table","NW_015090842.1:8140051",23,59,36
"MTHFSD","s1337_F_ADR_01_ASEReadCounter.table","NW_015090842.1:8142923",32,92,60
"MTHFSD","s1337_F_ADR_01_ASEReadCounter.table","NW_015090842.1:8143029",30,76,46
"MTHFSD","s1337_F_ADR_01_ASEReadCounter.table","NW_015090842.1:8152035",26,69,43
"MTHFSD","s1337_F_ADR_01_ASEReadCounter.table","NW_015090842.1:8152315",15,46,31
"MTHFSD","s1337_F_ADR_01_ASEReadCounter.table","NW_015090842.1:8152511",23,62,39
"MTHFSD","s1337_F_ADR_01_ASEReadCounter.table","NW_015090842.1:8152518",25,62,37
"MTHFSD","s1337_F_ADR_01_ASEReadCounter.table","NW_015090842.1:8152553",18,43,25
"MTHFSD","s1337_F_ADR_01_ASEReadCounter.table","NW_015090842.1:8152773",22,49,27
"MTHFSD","s1337_F_ADR_01_ASEReadCounter.table","NW_015090842.1:8152805",21,55,34
"FOXF1","s1337_F_ADR_01_ASEReadCounter.table","NW_015090842.1:8164789",0,8,8
"FOXF1","s1337_F_ADR_01_ASEReadCounter.table","NW_015090842.1:8166883",0,5,5
"FOXF1","s1337_F_ADR_01_ASEReadCounter.table","NW_015090842.1:8167113",1,14,13
"FOXF1","s1337_F_ADR_01_ASEReadCounter.table","NW_015090842.1:8167588",1,10,9
"IRF8","s1337_F_ADR_01_ASEReadCounter.table","NW_015090842.1:8406652",15,44,29
"IRF8","s1337_F_ADR_01_ASEReadCounter.table","NW_015090842.1:8406703",22,45,23
"IRF8","s1337_F_ADR_01_ASEReadCounter.table","NW_015090842.1:8406704",23,46,23
"IRF8","s1337_F_ADR_01_ASEReadCounter.table","NW_015090842.1:8406757",7,57,50
"IRF8","s1337_F_ADR_01_ASEReadCounter.table","NW_015090842.1:8406778",25,52,27
"IRF8","s1337_F_ADR_01_ASEReadCounter.table","NW_015090842.1:8406819",27,48,21
"IRF8","s1337_F_ADR_01_ASEReadCounter.table","NW_015090842.1:8406941",12,60,48
"IRF8","s1337_F_ADR_01_ASEReadCounter.table","NW_015090842.1:8407008",16,48,32
"IRF8","s1337_F_ADR_01_ASEReadCounter.table","NW_015090842.1:8407057",19,35,16
"IRF8","s1337_F_ADR_01_ASEReadCounter.table","NW_015090842.1:8407064",20,36,16
"IRF8","s1337_F_ADR_01_ASEReadCounter.table","NW_015090842.1:8407069",22,44,22
"IRF8","s1337_F_ADR_01_ASEReadCounter.table","NW_015090842.1:8407120",26,52,26
"IRF8","s1337_F_ADR_01_ASEReadCounter.table","NW_015090842.1:8407157",30,52,22
"IRF8","s1337_F_ADR_01_ASEReadCounter.table","NW_015090842.1:8407203",30,53,23
"IRF8","s1337_F_ADR_01_ASEReadCounter.table","NW_015090842.1:8407272",36,67,31
"IRF8","s1337_F_ADR_01_ASEReadCounter.table","NW_015090842.1:8407276",31,64,33
"IRF8","s1337_F_ADR_01_ASEReadCounter.table","NW_015090842.1:8407303",43,82,39
"IRF8","s1337_F_ADR_01_ASEReadCounter.table","NW_015090842.1:8407451",27,52,25
"IRF8","s1337_F_ADR_01_ASEReadCounter.table","NW_015090842.1:8407456",28,52,24
"IRF8","s1337_F_ADR_01_ASEReadCounter.table","NW_015090842.1:8408564",18,44,26
"IRF8","s1337_F_ADR_01_ASEReadCounter.table","NW_015090842.1:8408585",30,53,23
"IRF8","s1337_F_ADR_01_ASEReadCounter.table","NW_015090842.1:8408973",27,54,27
"IRF8","s1337_F_ADR_01_ASEReadCounter.table","NW_015090842.1:8409060",22,47,25
"IRF8","s1337_F_ADR_01_ASEReadCounter.table","NW_015090842.1:8409065",24,48,24
"IRF8","s1337_F_ADR_01_ASEReadCounter.table","NW_015090842.1:8409254",17,34,17
"IRF8","s1337_F_ADR_01_ASEReadCounter.table","NW_015090842.1:8409255",17,33,16
"IRF8","s1337_F_ADR_01_ASEReadCounter.table","NW_015090842.1:8409258",17,31,14
"IRF8","s1337_F_ADR_01_ASEReadCounter.table","NW_015090842.1:8409312",19,41,22
"IRF8","s1337_F_ADR_01_ASEReadCounter.table","NW_015090842.1:8410216",0,40,40
"IRF8","s1337_F_ADR_01_ASEReadCounter.table","NW_015090842.1:8410237",0,38,38
"IRF8","s1337_F_ADR_01_ASEReadCounter.table","NW_015090842.1:8410276",24,50,26
"IRF8","s1337_F_ADR_01_ASEReadCounter.table","NW_015090842.1:8410813",37,63,26
"IRF8","s1337_F_ADR_01_ASEReadCounter.table","NW_015090842.1:8410861",36,56,20
"IRF8","s1337_F_ADR_01_ASEReadCounter.table","NW_015090842.1:8411940",21,40,19
"IRF8","s1337_F_ADR_01_ASEReadCounter.table","NW_015090842.1:8412006",20,39,19
"IRF8","s1337_F_ADR_01_ASEReadCounter.table","NW_015090842.1:8412042",17,36,19
"DUSP15","s1337_F_ADR_01_ASEReadCounter.table","NW_015090842.1:8422787",3,3,0
"DUSP15","s1337_F_ADR_01_ASEReadCounter.table","NW_015090842.1:8422832",2,2,0
"DUSP15","s1337_F_ADR_01_ASEReadCounter.table","NW_015090842.1:8422898",1,1,0
"DUSP15","s1337_F_ADR_01_ASEReadCounter.table","NW_015090842.1:8422909",2,2,0
"COX4I1","s1337_F_ADR_01_ASEReadCounter.table","NW_015090842.1:8442258",1198,2505,1307
"COX4I1","s1337_F_ADR_01_ASEReadCounter.table","NW_015090842.1:8442333",1025,2149,1124
"EMC8","s1337_F_ADR_01_ASEReadCounter.table","NW_015090842.1:8444046",92,241,149
"EMC8","s1337_F_ADR_01_ASEReadCounter.table","NW_015090842.1:8444064",81,198,117
"EMC8","s1337_F_ADR_01_ASEReadCounter.table","NW_015090842.1:8452029",29,84,55
"EMC8","s1337_F_ADR_01_ASEReadCounter.table","NW_015090842.1:8452116",33,88,55
"EMC8","s1337_F_ADR_01_ASEReadCounter.table","NW_015090842.1:8452121",34,87,53
"EMC8","s1337_F_ADR_01_ASEReadCounter.table","NW_015090842.1:8452222",33,74,41
"EMC8","s1337_F_ADR_01_ASEReadCounter.table","NW_015090842.1:8452244",33,78,45
"EMC8","s1337_F_ADR_01_ASEReadCounter.table","NW_015090842.1:8452477",16,26,10
"EMC8","s1337_F_ADR_01_ASEReadCounter.table","NW_015090842.1:8452498",12,22,10
"EMC8","s1337_F_ADR_01_ASEReadCounter.table","NW_015090842.1:8452535",5,17,12
"EMC8","s1337_F_ADR_01_ASEReadCounter.table","NW_015090842.1:8452575",0,11,11
"EMC8","s1337_F_ADR_01_ASEReadCounter.table","NW_015090842.1:8452600",3,11,8
"EMC8","s1337_F_ADR_01_ASEReadCounter.table","NW_015090842.1:8452616",5,12,7
"EMC8","s1337_F_ADR_01_ASEReadCounter.table","NW_015090842.1:8452630",5,9,4
"EMC8","s1337_F_ADR_01_ASEReadCounter.table","NW_015090842.1:8452650",5,10,5
"EMC8","s1337_F_ADR_01_ASEReadCounter.table","NW_015090842.1:8452678",4,12,8
"EMC8","s1337_F_ADR_01_ASEReadCounter.table","NW_015090842.1:8452724",4,12,8
"EMC8","s1337_F_ADR_01_ASEReadCounter.table","NW_015090842.1:8452731",4,12,8
"EMC8","s1337_F_ADR_01_ASEReadCounter.table","NW_015090842.1:8452743",4,12,8
"EMC8","s1337_F_ADR_01_ASEReadCounter.table","NW_015090842.1:8452750",4,14,10
"EMC8","s1337_F_ADR_01_ASEReadCounter.table","NW_015090842.1:8452778",3,9,6
"EMC8","s1337_F_ADR_01_ASEReadCounter.table","NW_015090842.1:8452783",3,10,7
"EMC8","s1337_F_ADR_01_ASEReadCounter.table","NW_015090842.1:8452800",6,16,10
"EMC8","s1337_F_ADR_01_ASEReadCounter.table","NW_015090842.1:8452804",6,16,10
"EMC8","s1337_F_ADR_01_ASEReadCounter.table","NW_015090842.1:8452812",6,18,12
"EMC8","s1337_F_ADR_01_ASEReadCounter.table","NW_015090842.1:8452858",9,22,13
"EMC8","s1337_F_ADR_01_ASEReadCounter.table","NW_015090842.1:8452906",10,29,19
"EMC8","s1337_F_ADR_01_ASEReadCounter.table","NW_015090842.1:8452913",10,26,16
"EMC8","s1337_F_ADR_01_ASEReadCounter.table","NW_015090842.1:8453000",13,18,5
"EMC8","s1337_F_ADR_01_ASEReadCounter.table","NW_015090842.1:8453007",14,20,6
"EMC8","s1337_F_ADR_01_ASEReadCounter.table","NW_015090842.1:8453058",13,19,6
"EMC8","s1337_F_ADR_01_ASEReadCounter.table","NW_015090842.1:8453106",13,27,14
"GINS2","s1337_F_ADR_01_ASEReadCounter.table","NW_015090842.1:8466420",17,18,1
"GINS2","s1337_F_ADR_01_ASEReadCounter.table","NW_015090842.1:8466424",20,21,1
"GINS2","s1337_F_ADR_01_ASEReadCounter.table","NW_015090842.1:8466518",18,19,1
"GINS2","s1337_F_ADR_01_ASEReadCounter.table","NW_015090842.1:8468482",37,42,5
"GINS2","s1337_F_ADR_01_ASEReadCounter.table","NW_015090842.1:8470290",36,43,7
"GINS2","s1337_F_ADR_01_ASEReadCounter.table","NW_015090842.1:8470305",36,39,3
"GINS2","s1337_F_ADR_01_ASEReadCounter.table","NW_015090842.1:8470381",29,32,3
"GINS2","s1337_F_ADR_01_ASEReadCounter.table","NW_015090842.1:8470418",27,30,3
"GINS2","s1337_F_ADR_01_ASEReadCounter.table","NW_015090842.1:8470421",23,25,2
"GINS2","s1337_F_ADR_01_ASEReadCounter.table","NW_015090842.1:8470430",20,22,2
"GINS2","s1337_F_ADR_01_ASEReadCounter.table","NW_015090842.1:8470433",17,20,3
"GINS2","s1337_F_ADR_01_ASEReadCounter.table","NW_015090842.1:8470457",8,11,3
"GINS2","s1337_F_ADR_01_ASEReadCounter.table","NW_015090842.1:8470491",14,17,3
"GINS2","s1337_F_ADR_01_ASEReadCounter.table","NW_015090842.1:8470548",18,18,0
"GINS2","s1337_F_ADR_01_ASEReadCounter.table","NW_015090842.1:8470649",19,25,6
"GSE1","s1337_F_ADR_01_ASEReadCounter.table","NW_015090842.1:8475362",34,60,26
"GSE1","s1337_F_ADR_01_ASEReadCounter.table","NW_015090842.1:8475961",14,25,11
"GSE1","s1337_F_ADR_01_ASEReadCounter.table","NW_015090842.1:8476027",8,16,8
"GSE1","s1337_F_ADR_01_ASEReadCounter.table","NW_015090842.1:8476159",9,14,5
"GSE1","s1337_F_ADR_01_ASEReadCounter.table","NW_015090842.1:8477442",0,11,11
"GSE1","s1337_F_ADR_01_ASEReadCounter.table","NW_015090842.1:8477448",0,10,10
"GSE1","s1337_F_ADR_01_ASEReadCounter.table","NW_015090842.1:8477662",1,8,7
"GSE1","s1337_F_ADR_01_ASEReadCounter.table","NW_015090842.1:8477933",15,30,15
"GSE1","s1337_F_ADR_01_ASEReadCounter.table","NW_015090842.1:8477945",17,31,14
"GSE1","s1337_F_ADR_01_ASEReadCounter.table","NW_015090842.1:8483272",2,13,11
"GSE1","s1337_F_ADR_01_ASEReadCounter.table","NW_015090842.1:8483367",2,6,4
"GSE1","s1337_F_ADR_01_ASEReadCounter.table","NW_015090842.1:8483411",2,6,4
"GSE1","s1337_F_ADR_01_ASEReadCounter.table","NW_015090842.1:8483756",4,17,13
"GSE1","s1337_F_ADR_01_ASEReadCounter.table","NW_015090842.1:8486867",20,39,19
"GSE1","s1337_F_ADR_01_ASEReadCounter.table","NW_015090842.1:8486939",21,43,22
"GSE1","s1337_F_ADR_01_ASEReadCounter.table","NW_015090842.1:8486945",19,40,21
"GSE1","s1337_F_ADR_01_ASEReadCounter.table","NW_015090842.1:8486993",24,40,16
"GSE1","s1337_F_ADR_01_ASEReadCounter.table","NW_015090842.1:8487062",18,38,20
"GSE1","s1337_F_ADR_01_ASEReadCounter.table","NW_015090842.1:8488065",18,27,9
"GSE1","s1337_F_ADR_01_ASEReadCounter.table","NW_015090842.1:8488457",11,23,12
"GSE1","s1337_F_ADR_01_ASEReadCounter.table","NW_015090842.1:8488463",9,23,14
"GSE1","s1337_F_ADR_01_ASEReadCounter.table","NW_015090842.1:8488490",13,29,16
"GSE1","s1337_F_ADR_01_ASEReadCounter.table","NW_015090842.1:8488505",17,33,16
"GSE1","s1337_F_ADR_01_ASEReadCounter.table","NW_015090842.1:8490180",0,39,39
"KIAA0513","s1337_F_ADR_01_ASEReadCounter.table","NW_015090842.1:8668363",166,289,123
"KIAA0513","s1337_F_ADR_01_ASEReadCounter.table","NW_015090842.1:8668387",163,272,109
"KIAA0513","s1337_F_ADR_01_ASEReadCounter.table","NW_015090842.1:8668390",166,271,105
"KIAA0513","s1337_F_ADR_01_ASEReadCounter.table","NW_015090842.1:8673107",148,265,117
"KIAA0513","s1337_F_ADR_01_ASEReadCounter.table","NW_015090842.1:8673147",182,316,134
"KIAA0513","s1337_F_ADR_01_ASEReadCounter.table","NW_015090842.1:8674661",137,253,116
"KIAA0513","s1337_F_ADR_01_ASEReadCounter.table","NW_015090842.1:8674685",138,255,117
"KIAA0513","s1337_F_ADR_01_ASEReadCounter.table","NW_015090842.1:8674730",117,225,108
"KIAA0513","s1337_F_ADR_01_ASEReadCounter.table","NW_015090842.1:8675525",103,209,106
"KIAA0513","s1337_F_ADR_01_ASEReadCounter.table","NW_015090842.1:8675561",105,217,112
"KIAA0513","s1337_F_ADR_01_ASEReadCounter.table","NW_015090842.1:8678608",1,47,46
"KIAA0513","s1337_F_ADR_01_ASEReadCounter.table","NW_015090842.1:8686455",0,19,19
"KIAA0513","s1337_F_ADR_01_ASEReadCounter.table","NW_015090842.1:8686508",0,20,20
"KIAA0513","s1337_F_ADR_01_ASEReadCounter.table","NW_015090842.1:8686521",0,19,19
"KIAA0513","s1337_F_ADR_01_ASEReadCounter.table","NW_015090842.1:8693642",37,56,19
"KIAA0513","s1337_F_ADR_01_ASEReadCounter.table","NW_015090842.1:8693712",41,63,22
"KIAA0513","s1337_F_ADR_01_ASEReadCounter.table","NW_015090842.1:8695794",2,3,1
"FBXO31","s1337_F_ADR_01_ASEReadCounter.table","NW_015090842.1:8710240",34,90,56
"FBXO31","s1337_F_ADR_01_ASEReadCounter.table","NW_015090842.1:8710372",32,68,36
"FBXO31","s1337_F_ADR_01_ASEReadCounter.table","NW_015090842.1:8711239",42,107,65
"FBXO31","s1337_F_ADR_01_ASEReadCounter.table","NW_015090842.1:8714565",44,122,78
"FBXO31","s1337_F_ADR_01_ASEReadCounter.table","NW_015090842.1:8716001",23,69,46
"FBXO31","s1337_F_ADR_01_ASEReadCounter.table","NW_015090842.1:8725050",2,2,0
"FBXO31","s1337_F_ADR_01_ASEReadCounter.table","NW_015090842.1:8725057",3,3,0
"FBXO31","s1337_F_ADR_01_ASEReadCounter.table","NW_015090842.1:8725162",4,4,0
"FBXO31","s1337_F_ADR_01_ASEReadCounter.table","NW_015090842.1:8725163",4,4,0
"FBXO31","s1337_F_ADR_01_ASEReadCounter.table","NW_015090842.1:8725170",4,4,0
"FBXO31","s1337_F_ADR_01_ASEReadCounter.table","NW_015090842.1:8725187",6,6,0
"FBXO31","s1337_F_ADR_01_ASEReadCounter.table","NW_015090842.1:8725188",6,6,0
"FBXO31","s1337_F_ADR_01_ASEReadCounter.table","NW_015090842.1:8725190",6,6,0
"FBXO31","s1337_F_ADR_01_ASEReadCounter.table","NW_015090842.1:8725370",3,6,3
"ZCCHC14","s1337_F_ADR_01_ASEReadCounter.table","NW_015090842.1:8750174",19,27,8
"ZCCHC14","s1337_F_ADR_01_ASEReadCounter.table","NW_015090842.1:8750189",2,22,20
"ZCCHC14","s1337_F_ADR_01_ASEReadCounter.table","NW_015090842.1:8750365",17,29,12
"ZCCHC14","s1337_F_ADR_01_ASEReadCounter.table","NW_015090842.1:8750433",18,37,19
"ZCCHC14","s1337_F_ADR_01_ASEReadCounter.table","NW_015090842.1:8750449",20,39,19
"ZCCHC14","s1337_F_ADR_01_ASEReadCounter.table","NW_015090842.1:8750456",18,37,19
"ZCCHC14","s1337_F_ADR_01_ASEReadCounter.table","NW_015090842.1:8750497",18,38,20
"ZCCHC14","s1337_F_ADR_01_ASEReadCounter.table","NW_015090842.1:8750547",15,30,15
"ZCCHC14","s1337_F_ADR_01_ASEReadCounter.table","NW_015090842.1:8751100",4,8,4
"ZCCHC14","s1337_F_ADR_01_ASEReadCounter.table","NW_015090842.1:8751374",14,22,8
"ZCCHC14","s1337_F_ADR_01_ASEReadCounter.table","NW_015090842.1:8751403",17,27,10
"ZCCHC14","s1337_F_ADR_01_ASEReadCounter.table","NW_015090842.1:8751517",15,28,13
"ZCCHC14","s1337_F_ADR_01_ASEReadCounter.table","NW_015090842.1:8752060",8,14,6
"ZCCHC14","s1337_F_ADR_01_ASEReadCounter.table","NW_015090842.1:8752172",20,29,9
"ZCCHC14","s1337_F_ADR_01_ASEReadCounter.table","NW_015090842.1:8752183",20,30,10
"ZCCHC14","s1337_F_ADR_01_ASEReadCounter.table","NW_015090842.1:8752198",20,33,13
"ZCCHC14","s1337_F_ADR_01_ASEReadCounter.table","NW_015090842.1:8752248",14,37,23
"ZCCHC14","s1337_F_ADR_01_ASEReadCounter.table","NW_015090842.1:8752326",12,33,21
"ZCCHC14","s1337_F_ADR_01_ASEReadCounter.table","NW_015090842.1:8752393",13,25,12
"ZCCHC14","s1337_F_ADR_01_ASEReadCounter.table","NW_015090842.1:8752914",17,30,13
"ZCCHC14","s1337_F_ADR_01_ASEReadCounter.table","NW_015090842.1:8753528",8,15,7
"ZCCHC14","s1337_F_ADR_01_ASEReadCounter.table","NW_015090842.1:8753892",7,18,11
"ZCCHC14","s1337_F_ADR_01_ASEReadCounter.table","NW_015090842.1:8753910",8,21,13
"ZCCHC14","s1337_F_ADR_01_ASEReadCounter.table","NW_015090842.1:8755096",7,18,11
"ZCCHC14","s1337_F_ADR_01_ASEReadCounter.table","NW_015090842.1:8755327",7,13,6
"ZCCHC14","s1337_F_ADR_01_ASEReadCounter.table","NW_015090842.1:8755723",7,11,4
"ZCCHC14","s1337_F_ADR_01_ASEReadCounter.table","NW_015090842.1:8755739",8,12,4
"ZCCHC14","s1337_F_ADR_01_ASEReadCounter.table","NW_015090842.1:8756149",10,19,9
"ZCCHC14","s1337_F_ADR_01_ASEReadCounter.table","NW_015090842.1:8756347",15,27,12
"ZCCHC14","s1337_F_ADR_01_ASEReadCounter.table","NW_015090842.1:8756361",16,28,12
"ZCCHC14","s1337_F_ADR_01_ASEReadCounter.table","NW_015090842.1:8756388",12,21,9
"ZCCHC14","s1337_F_ADR_01_ASEReadCounter.table","NW_015090842.1:8756389",12,21,9
"ZCCHC14","s1337_F_ADR_01_ASEReadCounter.table","NW_015090842.1:8757160",19,29,10
"ZCCHC14","s1337_F_ADR_01_ASEReadCounter.table","NW_015090842.1:8804511",10,21,11
"ZCCHC14","s1337_F_ADR_01_ASEReadCounter.table","NW_015090842.1:8804979",6,7,1
"JPH3","s1337_F_ADR_01_ASEReadCounter.table","NW_015090842.1:8845375",7,21,14
"JPH3","s1337_F_ADR_01_ASEReadCounter.table","NW_015090842.1:8845640",19,32,13
"JPH3","s1337_F_ADR_01_ASEReadCounter.table","NW_015090842.1:8845654",15,30,15
"JPH3","s1337_F_ADR_01_ASEReadCounter.table","NW_015090842.1:8872283",10,27,17
"JPH3","s1337_F_ADR_01_ASEReadCounter.table","NW_015090842.1:8872294",9,24,15
"JPH3","s1337_F_ADR_01_ASEReadCounter.table","NW_015090842.1:8872730",18,36,18
"JPH3","s1337_F_ADR_01_ASEReadCounter.table","NW_015090842.1:8885260",12,26,14
"JPH3","s1337_F_ADR_01_ASEReadCounter.table","NW_015090842.1:8885315",9,32,23
"JPH3","s1337_F_ADR_01_ASEReadCounter.table","NW_015090842.1:8885328",10,31,21
"JPH3","s1337_F_ADR_01_ASEReadCounter.table","NW_015090842.1:8885438",13,30,17
"JPH3","s1337_F_ADR_01_ASEReadCounter.table","NW_015090842.1:8885525",2,15,13
"KLHDC4","s1337_F_ADR_01_ASEReadCounter.table","NW_015090842.1:8890729",39,56,17
"KLHDC4","s1337_F_ADR_01_ASEReadCounter.table","NW_015090842.1:8890749",45,62,17
"KLHDC4","s1337_F_ADR_01_ASEReadCounter.table","NW_015090842.1:8890761",44,61,17
"KLHDC4","s1337_F_ADR_01_ASEReadCounter.table","NW_015090842.1:8891123",88,120,32
"KLHDC4","s1337_F_ADR_01_ASEReadCounter.table","NW_015090842.1:8893124",69,110,41
"KLHDC4","s1337_F_ADR_01_ASEReadCounter.table","NW_015090842.1:8894542",83,104,21
"KLHDC4","s1337_F_ADR_01_ASEReadCounter.table","NW_015090842.1:8896726",68,99,31
"KLHDC4","s1337_F_ADR_01_ASEReadCounter.table","NW_015090842.1:8896767",62,97,35
"KLHDC4","s1337_F_ADR_01_ASEReadCounter.table","NW_015090842.1:8904174",52,72,20
"KLHDC4","s1337_F_ADR_01_ASEReadCounter.table","NW_015090842.1:8904231",66,92,26
"KLHDC4","s1337_F_ADR_01_ASEReadCounter.table","NW_015090842.1:8905251",48,60,12
"KLHDC4","s1337_F_ADR_01_ASEReadCounter.table","NW_015090842.1:8905263",42,58,16
"KLHDC4","s1337_F_ADR_01_ASEReadCounter.table","NW_015090842.1:8919626",10,15,5
"SLC7A5","s1337_F_ADR_01_ASEReadCounter.table","NW_015090842.1:8938782",40,97,57
"SLC7A5","s1337_F_ADR_01_ASEReadCounter.table","NW_015090842.1:8938943",28,79,51
"SLC7A5","s1337_F_ADR_01_ASEReadCounter.table","NW_015090842.1:8939611",24,50,26
"SLC7A5","s1337_F_ADR_01_ASEReadCounter.table","NW_015090842.1:8939738",37,84,47
"SLC7A5","s1337_F_ADR_01_ASEReadCounter.table","NW_015090842.1:8939739",38,86,48
"SLC7A5","s1337_F_ADR_01_ASEReadCounter.table","NW_015090842.1:8939740",37,89,52
"SLC7A5","s1337_F_ADR_01_ASEReadCounter.table","NW_015090842.1:8939795",37,88,51
"SLC7A5","s1337_F_ADR_01_ASEReadCounter.table","NW_015090842.1:8939815",35,93,58
"SLC7A5","s1337_F_ADR_01_ASEReadCounter.table","NW_015090842.1:8939816",35,91,56
"SLC7A5","s1337_F_ADR_01_ASEReadCounter.table","NW_015090842.1:8939817",35,91,56
"SLC7A5","s1337_F_ADR_01_ASEReadCounter.table","NW_015090842.1:8939845",38,88,50
"SLC7A5","s1337_F_ADR_01_ASEReadCounter.table","NW_015090842.1:8939894",27,73,46
"SLC7A5","s1337_F_ADR_01_ASEReadCounter.table","NW_015090842.1:8939895",27,72,45
"SLC7A5","s1337_F_ADR_01_ASEReadCounter.table","NW_015090842.1:8939997",65,117,52
"SLC7A5","s1337_F_ADR_01_ASEReadCounter.table","NW_015090842.1:8940172",33,77,44
"SLC7A5","s1337_F_ADR_01_ASEReadCounter.table","NW_015090842.1:8940331",22,49,27
"SLC7A5","s1337_F_ADR_01_ASEReadCounter.table","NW_015090842.1:8940696",22,52,30
"SLC7A5","s1337_F_ADR_01_ASEReadCounter.table","NW_015090842.1:8940719",10,48,38
"SLC7A5","s1337_F_ADR_01_ASEReadCounter.table","NW_015090842.1:8940737",9,40,31
"SLC7A5","s1337_F_ADR_01_ASEReadCounter.table","NW_015090842.1:8940743",8,39,31
"SLC7A5","s1337_F_ADR_01_ASEReadCounter.table","NW_015090842.1:8940766",15,52,37
"SLC7A5","s1337_F_ADR_01_ASEReadCounter.table","NW_015090842.1:8940769",16,53,37
"SLC7A5","s1337_F_ADR_01_ASEReadCounter.table","NW_015090842.1:8940861",20,55,35
"SLC7A5","s1337_F_ADR_01_ASEReadCounter.table","NW_015090842.1:8941068",31,85,54
"SLC7A5","s1337_F_ADR_01_ASEReadCounter.table","NW_015090842.1:8941467",35,89,54
"SLC7A5","s1337_F_ADR_01_ASEReadCounter.table","NW_015090842.1:8941531",41,96,55
"SLC7A5","s1337_F_ADR_01_ASEReadCounter.table","NW_015090842.1:8941588",39,100,61
"SLC7A5","s1337_F_ADR_01_ASEReadCounter.table","NW_015090842.1:8941698",29,60,31
"SLC7A5","s1337_F_ADR_01_ASEReadCounter.table","NW_015090842.1:8941717",41,75,34
"SLC7A5","s1337_F_ADR_01_ASEReadCounter.table","NW_015090842.1:8941745",34,77,43
"SLC7A5","s1337_F_ADR_01_ASEReadCounter.table","NW_015090842.1:8941781",38,93,55
"SLC7A5","s1337_F_ADR_01_ASEReadCounter.table","NW_015090842.1:8941887",20,56,36
"SLC7A5","s1337_F_ADR_01_ASEReadCounter.table","NW_015090842.1:8941968",17,59,42
"SLC7A5","s1337_F_ADR_01_ASEReadCounter.table","NW_015090842.1:8942025",25,60,35
"SLC7A5","s1337_F_ADR_01_ASEReadCounter.table","NW_015090842.1:8942069",30,62,32
"SLC7A5","s1337_F_ADR_01_ASEReadCounter.table","NW_015090842.1:8942170",24,69,45
"SLC7A5","s1337_F_ADR_01_ASEReadCounter.table","NW_015090842.1:8942241",32,78,46
"SLC7A5","s1337_F_ADR_01_ASEReadCounter.table","NW_015090842.1:8942283",32,71,39
"SLC7A5","s1337_F_ADR_01_ASEReadCounter.table","NW_015090842.1:8942717",34,72,38
"SLC7A5","s1337_F_ADR_01_ASEReadCounter.table","NW_015090842.1:8942756",42,92,50
"SLC7A5","s1337_F_ADR_01_ASEReadCounter.table","NW_015090842.1:8942766",38,89,51
"SLC7A5","s1337_F_ADR_01_ASEReadCounter.table","NW_015090842.1:8943271",35,79,44
"SLC7A5","s1337_F_ADR_01_ASEReadCounter.table","NW_015090842.1:8943524",23,55,32
"SLC7A5","s1337_F_ADR_01_ASEReadCounter.table","NW_015090842.1:8943530",29,58,29
"SLC7A5","s1337_F_ADR_01_ASEReadCounter.table","NW_015090842.1:8943602",28,64,36
"SLC7A5","s1337_F_ADR_01_ASEReadCounter.table","NW_015090842.1:8943622",25,63,38
"SLC7A5","s1337_F_ADR_01_ASEReadCounter.table","NW_015090842.1:8943661",28,64,36
"SLC7A5","s1337_F_ADR_01_ASEReadCounter.table","NW_015090842.1:8943686",30,60,30
"SLC7A5","s1337_F_ADR_01_ASEReadCounter.table","NW_015090842.1:8943788",28,58,30
"SLC7A5","s1337_F_ADR_01_ASEReadCounter.table","NW_015090842.1:8943814",28,57,29
"SLC7A5","s1337_F_ADR_01_ASEReadCounter.table","NW_015090842.1:8943876",19,46,27
"SLC7A5","s1337_F_ADR_01_ASEReadCounter.table","NW_015090842.1:8943892",20,52,32
"SLC7A5","s1337_F_ADR_01_ASEReadCounter.table","NW_015090842.1:8944097",37,61,24
"SLC7A5","s1337_F_ADR_01_ASEReadCounter.table","NW_015090842.1:8944104",36,58,22
"SLC7A5","s1337_F_ADR_01_ASEReadCounter.table","NW_015090842.1:8944293",17,36,19
"SLC7A5","s1337_F_ADR_01_ASEReadCounter.table","NW_015090842.1:8944297",16,33,17
"SLC7A5","s1337_F_ADR_01_ASEReadCounter.table","NW_015090842.1:8944397",27,51,24
"SLC7A5","s1337_F_ADR_01_ASEReadCounter.table","NW_015090842.1:8944552",27,66,39
"SLC7A5","s1337_F_ADR_01_ASEReadCounter.table","NW_015090842.1:8944629",35,72,37
"CA5A","s1337_F_ADR_01_ASEReadCounter.table","NW_015090842.1:8989479",76,134,58
"CA5A","s1337_F_ADR_01_ASEReadCounter.table","NW_015090842.1:8989562",77,117,40
"CA5A","s1337_F_ADR_01_ASEReadCounter.table","NW_015090842.1:8989609",102,159,57
"CA5A","s1337_F_ADR_01_ASEReadCounter.table","NW_015090842.1:8989693",112,201,89
"CA5A","s1337_F_ADR_01_ASEReadCounter.table","NW_015090842.1:8989702",114,209,95
"CA5A","s1337_F_ADR_01_ASEReadCounter.table","NW_015090842.1:8989746",104,206,102
"CA5A","s1337_F_ADR_01_ASEReadCounter.table","NW_015090842.1:8989880",83,161,78
"CA5A","s1337_F_ADR_01_ASEReadCounter.table","NW_015090842.1:8989885",88,167,79
"CA5A","s1337_F_ADR_01_ASEReadCounter.table","NW_015090842.1:8989929",102,197,95
"CA5A","s1337_F_ADR_01_ASEReadCounter.table","NW_015090842.1:8990002",87,169,82
"CA5A","s1337_F_ADR_01_ASEReadCounter.table","NW_015090842.1:8990004",86,176,90
"CA5A","s1337_F_ADR_01_ASEReadCounter.table","NW_015090842.1:8990005",87,176,89
"CA5A","s1337_F_ADR_01_ASEReadCounter.table","NW_015090842.1:8990017",85,167,82
"CA5A","s1337_F_ADR_01_ASEReadCounter.table","NW_015090842.1:8990043",83,159,76
"CA5A","s1337_F_ADR_01_ASEReadCounter.table","NW_015090842.1:8990060",84,175,91
"CA5A","s1337_F_ADR_01_ASEReadCounter.table","NW_015090842.1:8990080",78,160,82
"CA5A","s1337_F_ADR_01_ASEReadCounter.table","NW_015090842.1:8990084",74,155,81
"CA5A","s1337_F_ADR_01_ASEReadCounter.table","NW_015090842.1:8990090",79,165,86
"CA5A","s1337_F_ADR_01_ASEReadCounter.table","NW_015090842.1:8990095",79,163,84
"CA5A","s1337_F_ADR_01_ASEReadCounter.table","NW_015090842.1:8990111",67,148,81
"CA5A","s1337_F_ADR_01_ASEReadCounter.table","NW_015090842.1:8990112",67,147,80
"CA5A","s1337_F_ADR_01_ASEReadCounter.table","NW_015090842.1:8990115",70,149,79
"CA5A","s1337_F_ADR_01_ASEReadCounter.table","NW_015090842.1:8990166",74,128,54
"CA5A","s1337_F_ADR_01_ASEReadCounter.table","NW_015090842.1:8990169",79,129,50
"CA5A","s1337_F_ADR_01_ASEReadCounter.table","NW_015090842.1:8990193",55,138,83
"CA5A","s1337_F_ADR_01_ASEReadCounter.table","NW_015090842.1:8990222",67,123,56
"CA5A","s1337_F_ADR_01_ASEReadCounter.table","NW_015090842.1:8990289",65,140,75
"CA5A","s1337_F_ADR_01_ASEReadCounter.table","NW_015090842.1:8990314",71,143,72
"CA5A","s1337_F_ADR_01_ASEReadCounter.table","NW_015090842.1:8990361",74,135,61
"CA5A","s1337_F_ADR_01_ASEReadCounter.table","NW_015090842.1:8990368",76,138,62
"CA5A","s1337_F_ADR_01_ASEReadCounter.table","NW_015090842.1:8990429",72,122,50
"CA5A","s1337_F_ADR_01_ASEReadCounter.table","NW_015090842.1:8990466",0,106,106
"CA5A","s1337_F_ADR_01_ASEReadCounter.table","NW_015090842.1:8990663",63,123,60
"CA5A","s1337_F_ADR_01_ASEReadCounter.table","NW_015090842.1:8990797",57,108,51
"CA5A","s1337_F_ADR_01_ASEReadCounter.table","NW_015090842.1:8990836",58,101,43
"CA5A","s1337_F_ADR_01_ASEReadCounter.table","NW_015090842.1:8990842",54,94,40
"CA5A","s1337_F_ADR_01_ASEReadCounter.table","NW_015090842.1:8990851",60,91,31
"CA5A","s1337_F_ADR_01_ASEReadCounter.table","NW_015090842.1:8990918",63,101,38
"CA5A","s1337_F_ADR_01_ASEReadCounter.table","NW_015090842.1:8990921",59,100,41
"CA5A","s1337_F_ADR_01_ASEReadCounter.table","NW_015090842.1:8990942",86,136,50
"CA5A","s1337_F_ADR_01_ASEReadCounter.table","NW_015090842.1:8991001",0,164,164
"CA5A","s1337_F_ADR_01_ASEReadCounter.table","NW_015090842.1:8991038",95,149,54
"CA5A","s1337_F_ADR_01_ASEReadCounter.table","NW_015090842.1:8991149",87,156,69
"CA5A","s1337_F_ADR_01_ASEReadCounter.table","NW_015090842.1:8991176",87,163,76
"CA5A","s1337_F_ADR_01_ASEReadCounter.table","NW_015090842.1:8991241",83,156,73
"CA5A","s1337_F_ADR_01_ASEReadCounter.table","NW_015090842.1:8991262",76,134,58
"CA5A","s1337_F_ADR_01_ASEReadCounter.table","NW_015090842.1:8991316",71,81,10
"CA5A","s1337_F_ADR_01_ASEReadCounter.table","NW_015090842.1:8991319",71,81,10
"CA5A","s1337_F_ADR_01_ASEReadCounter.table","NW_015090842.1:8991330",68,71,3
"CA5A","s1337_F_ADR_01_ASEReadCounter.table","NW_015090842.1:8991334",64,70,6
"CA5A","s1337_F_ADR_01_ASEReadCounter.table","NW_015090842.1:8991362",77,127,50
"CA5A","s1337_F_ADR_01_ASEReadCounter.table","NW_015090842.1:8991368",75,127,52
"CA5A","s1337_F_ADR_01_ASEReadCounter.table","NW_015090842.1:8991390",77,136,59
"CA5A","s1337_F_ADR_01_ASEReadCounter.table","NW_015090842.1:8991395",80,141,61
"CA5A","s1337_F_ADR_01_ASEReadCounter.table","NW_015090842.1:8991422",80,152,72
"CA5A","s1337_F_ADR_01_ASEReadCounter.table","NW_015090842.1:8991467",86,137,51
"CA5A","s1337_F_ADR_01_ASEReadCounter.table","NW_015090842.1:8991576",59,110,51
"CA5A","s1337_F_ADR_01_ASEReadCounter.table","NW_015090842.1:8991587",74,133,59
"CA5A","s1337_F_ADR_01_ASEReadCounter.table","NW_015090842.1:8991655",84,148,64
"CA5A","s1337_F_ADR_01_ASEReadCounter.table","NW_015090842.1:8991717",77,128,51
"CA5A","s1337_F_ADR_01_ASEReadCounter.table","NW_015090842.1:8991726",81,129,48
"CA5A","s1337_F_ADR_01_ASEReadCounter.table","NW_015090842.1:8991799",59,121,62
"CA5A","s1337_F_ADR_01_ASEReadCounter.table","NW_015090842.1:8991809",52,115,63
"CA5A","s1337_F_ADR_01_ASEReadCounter.table","NW_015090842.1:8991848",52,109,57
"CA5A","s1337_F_ADR_01_ASEReadCounter.table","NW_015090842.1:8991849",52,108,56
"CA5A","s1337_F_ADR_01_ASEReadCounter.table","NW_015090842.1:8991927",79,138,59
"CA5A","s1337_F_ADR_01_ASEReadCounter.table","NW_015090842.1:8991941",74,125,51
"CA5A","s1337_F_ADR_01_ASEReadCounter.table","NW_015090842.1:8992121",45,94,49
"CA5A","s1337_F_ADR_01_ASEReadCounter.table","NW_015090842.1:8992224",57,95,38
"CA5A","s1337_F_ADR_01_ASEReadCounter.table","NW_015090842.1:9002570",49,90,41
"CA5A","s1337_F_ADR_01_ASEReadCounter.table","NW_015090842.1:9002600",47,85,38
"CA5A","s1337_F_ADR_01_ASEReadCounter.table","NW_015090842.1:9004312",32,58,26
"CA5A","s1337_F_ADR_01_ASEReadCounter.table","NW_015090842.1:9004506",2,2,0
"CA5A","s1337_F_ADR_01_ASEReadCounter.table","NW_015090842.1:9004523",4,5,1
"CA5A","s1337_F_ADR_01_ASEReadCounter.table","NW_015090842.1:9004530",4,5,1
"CA5A","s1337_F_ADR_01_ASEReadCounter.table","NW_015090842.1:9004556",3,4,1
"CA5A","s1337_F_ADR_01_ASEReadCounter.table","NW_015090842.1:9005116",2,2,0
"CA5A","s1337_F_ADR_01_ASEReadCounter.table","NW_015090842.1:9005120",2,2,0
"CA5A","s1337_F_ADR_01_ASEReadCounter.table","NW_015090842.1:9005152",1,1,0
"BANP","s1337_F_ADR_01_ASEReadCounter.table","NW_015090842.1:9033407",8,24,16
"BANP","s1337_F_ADR_01_ASEReadCounter.table","NW_015090842.1:9033409",8,25,17
"BANP","s1337_F_ADR_01_ASEReadCounter.table","NW_015090842.1:9033420",15,33,18
"BANP","s1337_F_ADR_01_ASEReadCounter.table","NW_015090842.1:9067974",0,27,27
"BANP","s1337_F_ADR_01_ASEReadCounter.table","NW_015090842.1:9102510",28,58,30
"BANP","s1337_F_ADR_01_ASEReadCounter.table","NW_015090842.1:9168534",20,59,39
"BANP","s1337_F_ADR_01_ASEReadCounter.table","NW_015090842.1:9168818",18,48,30
"ZNF469","s1337_F_ADR_01_ASEReadCounter.table","NW_015090842.1:9424301",1,2,1
"ZNF469","s1337_F_ADR_01_ASEReadCounter.table","NW_015090842.1:9424333",1,1,0
"ZNF469","s1337_F_ADR_01_ASEReadCounter.table","NW_015090842.1:9425089",2,4,2
"ZNF469","s1337_F_ADR_01_ASEReadCounter.table","NW_015090842.1:9425108",1,3,2
"ZNF469","s1337_F_ADR_01_ASEReadCounter.table","NW_015090842.1:9425182",0,2,2
"ZNF469","s1337_F_ADR_01_ASEReadCounter.table","NW_015090842.1:9426367",2,2,0
"ZNF469","s1337_F_ADR_01_ASEReadCounter.table","NW_015090842.1:9426420",3,4,1
"ZNF469","s1337_F_ADR_01_ASEReadCounter.table","NW_015090842.1:9426585",4,4,0
"ZNF469","s1337_F_ADR_01_ASEReadCounter.table","NW_015090842.1:9427067",2,2,0
"ZNF469","s1337_F_ADR_01_ASEReadCounter.table","NW_015090842.1:9427614",1,4,3
"ZNF469","s1337_F_ADR_01_ASEReadCounter.table","NW_015090842.1:9428122",2,3,1
"ZNF469","s1337_F_ADR_01_ASEReadCounter.table","NW_015090842.1:9428178",3,4,1
"ZNF469","s1337_F_ADR_01_ASEReadCounter.table","NW_015090842.1:9428419",2,4,2
"ZNF469","s1337_F_ADR_01_ASEReadCounter.table","NW_015090842.1:9429633",2,6,4
"ZNF469","s1337_F_ADR_01_ASEReadCounter.table","NW_015090842.1:9429758",0,5,5
"ZNF469","s1337_F_ADR_01_ASEReadCounter.table","NW_015090842.1:9429759",0,5,5
"ZNF469","s1337_F_ADR_01_ASEReadCounter.table","NW_015090842.1:9429794",2,5,3
"ZNF469","s1337_F_ADR_01_ASEReadCounter.table","NW_015090842.1:9430560",4,4,0
"ZNF469","s1337_F_ADR_01_ASEReadCounter.table","NW_015090842.1:9430668",2,3,1
"ZNF469","s1337_F_ADR_01_ASEReadCounter.table","NW_015090842.1:9430700",5,5,0
"ZNF469","s1337_F_ADR_01_ASEReadCounter.table","NW_015090842.1:9431031",2,2,0
"ZNF469","s1337_F_ADR_01_ASEReadCounter.table","NW_015090842.1:9431073",2,3,1
"ZNF469","s1337_F_ADR_01_ASEReadCounter.table","NW_015090842.1:9431091",2,3,1
"ZNF469","s1337_F_ADR_01_ASEReadCounter.table","NW_015090842.1:9431150",1,1,0
"ZNF469","s1337_F_ADR_01_ASEReadCounter.table","NW_015090842.1:9431317",1,1,0
"ZNF469","s1337_F_ADR_01_ASEReadCounter.table","NW_015090842.1:9431325",1,1,0
"ZNF469","s1337_F_ADR_01_ASEReadCounter.table","NW_015090842.1:9431700",3,5,2
"ZNF469","s1337_F_ADR_01_ASEReadCounter.table","NW_015090842.1:9431901",4,5,1
"ZNF469","s1337_F_ADR_01_ASEReadCounter.table","NW_015090842.1:9432110",4,4,0
"ZNF469","s1337_F_ADR_01_ASEReadCounter.table","NW_015090842.1:9432302",3,5,2
"ZNF469","s1337_F_ADR_01_ASEReadCounter.table","NW_015090842.1:9432361",3,5,2
"ZNF469","s1337_F_ADR_01_ASEReadCounter.table","NW_015090842.1:9432374",2,3,1
"ZNF469","s1337_F_ADR_01_ASEReadCounter.table","NW_015090842.1:9432382",3,4,1
"ZNF469","s1337_F_ADR_01_ASEReadCounter.table","NW_015090842.1:9432481",1,1,0
"ZNF469","s1337_F_ADR_01_ASEReadCounter.table","NW_015090842.1:9432498",1,1,0
"ZNF469","s1337_F_ADR_01_ASEReadCounter.table","NW_015090842.1:9433268",2,5,3
"ZNF469","s1337_F_ADR_01_ASEReadCounter.table","NW_015090842.1:9433678",4,6,2
"ZNF469","s1337_F_ADR_01_ASEReadCounter.table","NW_015090842.1:9433902",5,8,3
"ZNF469","s1337_F_ADR_01_ASEReadCounter.table","NW_015090842.1:9433980",4,6,2
"ZNF469","s1337_F_ADR_01_ASEReadCounter.table","NW_015090842.1:9434259",4,6,2
"ZNF469","s1337_F_ADR_01_ASEReadCounter.table","NW_015090842.1:9435221",8,12,4
"ZFPM1","s1337_F_ADR_01_ASEReadCounter.table","NW_015090842.1:9458862",23,44,21
"ZFPM1","s1337_F_ADR_01_ASEReadCounter.table","NW_015090842.1:9458888",34,63,29
"ZFPM1","s1337_F_ADR_01_ASEReadCounter.table","NW_015090842.1:9458904",36,64,28
"ZFPM1","s1337_F_ADR_01_ASEReadCounter.table","NW_015090842.1:9458916",33,59,26
"ZFPM1","s1337_F_ADR_01_ASEReadCounter.table","NW_015090842.1:9468568",40,71,31
"ZFPM1","s1337_F_ADR_01_ASEReadCounter.table","NW_015090842.1:9468593",44,71,27
"ZFPM1","s1337_F_ADR_01_ASEReadCounter.table","NW_015090842.1:9471561",39,66,27
"ZFPM1","s1337_F_ADR_01_ASEReadCounter.table","NW_015090842.1:9472557",25,54,29
"ZFPM1","s1337_F_ADR_01_ASEReadCounter.table","NW_015090842.1:9472565",26,56,30
"ZFPM1","s1337_F_ADR_01_ASEReadCounter.table","NW_015090842.1:9472608",35,65,30
"ZFPM1","s1337_F_ADR_01_ASEReadCounter.table","NW_015090842.1:9472627",39,71,32
"ZFPM1","s1337_F_ADR_01_ASEReadCounter.table","NW_015090842.1:9472668",36,64,28
"ZFPM1","s1337_F_ADR_01_ASEReadCounter.table","NW_015090842.1:9473655",31,63,32
"ZFPM1","s1337_F_ADR_01_ASEReadCounter.table","NW_015090842.1:9475827",34,59,25
"ZFPM1","s1337_F_ADR_01_ASEReadCounter.table","NW_015090842.1:9475842",42,70,28
"ZFPM1","s1337_F_ADR_01_ASEReadCounter.table","NW_015090842.1:9476119",20,37,17
"ZFPM1","s1337_F_ADR_01_ASEReadCounter.table","NW_015090842.1:9476161",17,34,17
"ZFPM1","s1337_F_ADR_01_ASEReadCounter.table","NW_015090842.1:9476219",14,26,12
"ZFPM1","s1337_F_ADR_01_ASEReadCounter.table","NW_015090842.1:9476233",11,26,15
"ZFPM1","s1337_F_ADR_01_ASEReadCounter.table","NW_015090842.1:9476305",15,40,25
"ZFPM1","s1337_F_ADR_01_ASEReadCounter.table","NW_015090842.1:9476395",14,36,22
"ZFPM1","s1337_F_ADR_01_ASEReadCounter.table","NW_015090842.1:9476421",18,46,28
"ZFPM1","s1337_F_ADR_01_ASEReadCounter.table","NW_015090842.1:9476539",16,40,24
"ZFPM1","s1337_F_ADR_01_ASEReadCounter.table","NW_015090842.1:9476576",14,39,25
"ZFPM1","s1337_F_ADR_01_ASEReadCounter.table","NW_015090842.1:9476599",25,44,19
"ZFPM1","s1337_F_ADR_01_ASEReadCounter.table","NW_015090842.1:9476792",30,68,38
"ZFPM1","s1337_F_ADR_01_ASEReadCounter.table","NW_015090842.1:9476803",33,72,39
"ZFPM1","s1337_F_ADR_01_ASEReadCounter.table","NW_015090842.1:9477115",19,44,25
"ZFPM1","s1337_F_ADR_01_ASEReadCounter.table","NW_015090842.1:9477299",18,37,19
"ZFPM1","s1337_F_ADR_01_ASEReadCounter.table","NW_015090842.1:9477398",30,55,25
"ZFPM1","s1337_F_ADR_01_ASEReadCounter.table","NW_015090842.1:9477422",22,44,22
"ZFPM1","s1337_F_ADR_01_ASEReadCounter.table","NW_015090842.1:9477554",21,51,30
"ZFPM1","s1337_F_ADR_01_ASEReadCounter.table","NW_015090842.1:9477575",31,57,26
"ZFPM1","s1337_F_ADR_01_ASEReadCounter.table","NW_015090842.1:9477595",29,66,37
"ZFPM1","s1337_F_ADR_01_ASEReadCounter.table","NW_015090842.1:9477611",29,64,35
"ZFPM1","s1337_F_ADR_01_ASEReadCounter.table","NW_015090842.1:9477659",33,65,32
"ZFPM1","s1337_F_ADR_01_ASEReadCounter.table","NW_015090842.1:9477737",25,52,27
"ZFPM1","s1337_F_ADR_01_ASEReadCounter.table","NW_015090842.1:9477791",21,54,33
"ZFPM1","s1337_F_ADR_01_ASEReadCounter.table","NW_015090842.1:9477844",24,49,25
"ZFPM1","s1337_F_ADR_01_ASEReadCounter.table","NW_015090842.1:9477917",28,51,23
"ZFPM1","s1337_F_ADR_01_ASEReadCounter.table","NW_015090842.1:9478295",21,59,38
"ZFPM1","s1337_F_ADR_01_ASEReadCounter.table","NW_015090842.1:9478349",18,60,42
"ZFPM1","s1337_F_ADR_01_ASEReadCounter.table","NW_015090842.1:9478524",19,46,27
"ZFPM1","s1337_F_ADR_01_ASEReadCounter.table","NW_015090842.1:9478546",19,47,28
"ZFPM1","s1337_F_ADR_01_ASEReadCounter.table","NW_015090842.1:9478573",20,46,26
"ZFPM1","s1337_F_ADR_01_ASEReadCounter.table","NW_015090842.1:9478582",18,39,21
"ZFPM1","s1337_F_ADR_01_ASEReadCounter.table","NW_015090842.1:9478684",8,22,14
"ZFPM1","s1337_F_ADR_01_ASEReadCounter.table","NW_015090842.1:9478711",8,18,10
"ZFPM1","s1337_F_ADR_01_ASEReadCounter.table","NW_015090842.1:9478761",9,21,12
"ZFPM1","s1337_F_ADR_01_ASEReadCounter.table","NW_015090842.1:9478829",5,9,4
"CIDEC","s1337_F_ADR_01_ASEReadCounter.table","NW_015090842.1:9480170",1,1,0
"CIDEC","s1337_F_ADR_01_ASEReadCounter.table","NW_015090842.1:9480171",1,1,0
"CIDEC","s1337_F_ADR_01_ASEReadCounter.table","NW_015090842.1:9480212",3,4,1
"CIDEC","s1337_F_ADR_01_ASEReadCounter.table","NW_015090842.1:9480252",3,6,3
"CIDEC","s1337_F_ADR_01_ASEReadCounter.table","NW_015090842.1:9480391",2,3,1
"CIDEC","s1337_F_ADR_01_ASEReadCounter.table","NW_015090842.1:9480394",2,3,1
"CIDEC","s1337_F_ADR_01_ASEReadCounter.table","NW_015090842.1:9480630",3,5,2
"CIDEC","s1337_F_ADR_01_ASEReadCounter.table","NW_015090842.1:9480675",4,7,3
"CIDEC","s1337_F_ADR_01_ASEReadCounter.table","NW_015090842.1:9480686",5,8,3
"CIDEC","s1337_F_ADR_01_ASEReadCounter.table","NW_015090842.1:9480693",3,5,2
"CIDEC","s1337_F_ADR_01_ASEReadCounter.table","NW_015090842.1:9480756",4,6,2
"CIDEC","s1337_F_ADR_01_ASEReadCounter.table","NW_015090842.1:9481199",1,3,2
"CIDEC","s1337_F_ADR_01_ASEReadCounter.table","NW_015090842.1:9481604",1,1,0
"ZC3H18","s1337_F_ADR_01_ASEReadCounter.table","NW_015090842.1:9494271",15,29,14
"ZC3H18","s1337_F_ADR_01_ASEReadCounter.table","NW_015090842.1:9501427",25,64,39
"ZC3H18","s1337_F_ADR_01_ASEReadCounter.table","NW_015090842.1:9501442",25,69,44
"ZC3H18","s1337_F_ADR_01_ASEReadCounter.table","NW_015090842.1:9505538",20,59,39
"ZC3H18","s1337_F_ADR_01_ASEReadCounter.table","NW_015090842.1:9506778",37,85,48
"ZC3H18","s1337_F_ADR_01_ASEReadCounter.table","NW_015090842.1:9522538",29,69,40
"ZC3H18","s1337_F_ADR_01_ASEReadCounter.table","NW_015090842.1:9524350",28,73,45
"ZC3H18","s1337_F_ADR_01_ASEReadCounter.table","NW_015090842.1:9524366",29,82,53
"ZC3H18","s1337_F_ADR_01_ASEReadCounter.table","NW_015090842.1:9524424",26,59,33
"ZC3H18","s1337_F_ADR_01_ASEReadCounter.table","NW_015090842.1:9529649",42,86,44
"ZC3H18","s1337_F_ADR_01_ASEReadCounter.table","NW_015090842.1:9529688",37,77,40
"ZC3H18","s1337_F_ADR_01_ASEReadCounter.table","NW_015090842.1:9529691",34,74,40
"ZC3H18","s1337_F_ADR_01_ASEReadCounter.table","NW_015090842.1:9530977",40,76,36
"ZC3H18","s1337_F_ADR_01_ASEReadCounter.table","NW_015090842.1:9536699",0,28,28
"CYBA","s1337_F_ADR_01_ASEReadCounter.table","NW_015090842.1:9547281",103,203,100
"CYBA","s1337_F_ADR_01_ASEReadCounter.table","NW_015090842.1:9547402",352,729,377
"CYBA","s1337_F_ADR_01_ASEReadCounter.table","NW_015090842.1:9547553",194,544,350
"CYBA","s1337_F_ADR_01_ASEReadCounter.table","NW_015090842.1:9548052",238,450,212
"CYBA","s1337_F_ADR_01_ASEReadCounter.table","NW_015090842.1:9548436",338,653,315
"CYBA","s1337_F_ADR_01_ASEReadCounter.table","NW_015090842.1:9548442",340,660,320
"CYBA","s1337_F_ADR_01_ASEReadCounter.table","NW_015090842.1:9548478",398,725,327
"CYBA","s1337_F_ADR_01_ASEReadCounter.table","NW_015090842.1:9548487",393,693,300
"CYBA","s1337_F_ADR_01_ASEReadCounter.table","NW_015090842.1:9548490",390,675,285
"CYBA","s1337_F_ADR_01_ASEReadCounter.table","NW_015090842.1:9548717",371,624,253
"CYBA","s1337_F_ADR_01_ASEReadCounter.table","NW_015090842.1:9548750",259,479,220
"CYBA","s1337_F_ADR_01_ASEReadCounter.table","NW_015090842.1:9548766",171,345,174
"MVD","s1337_F_ADR_01_ASEReadCounter.table","NW_015090842.1:9550678",264,441,177
"MVD","s1337_F_ADR_01_ASEReadCounter.table","NW_015090842.1:9550690",290,530,240
"MVD","s1337_F_ADR_01_ASEReadCounter.table","NW_015090842.1:9550691",290,532,242
"MVD","s1337_F_ADR_01_ASEReadCounter.table","NW_015090842.1:9550699",345,641,296
"MVD","s1337_F_ADR_01_ASEReadCounter.table","NW_015090842.1:9550719",359,628,269
"MVD","s1337_F_ADR_01_ASEReadCounter.table","NW_015090842.1:9551596",624,1250,626
"MVD","s1337_F_ADR_01_ASEReadCounter.table","NW_015090842.1:9551638",649,1396,747
"MVD","s1337_F_ADR_01_ASEReadCounter.table","NW_015090842.1:9551899",1,51,50
"MVD","s1337_F_ADR_01_ASEReadCounter.table","NW_015090842.1:9552193",541,1127,586
"MVD","s1337_F_ADR_01_ASEReadCounter.table","NW_015090842.1:9552202",539,1147,608
"MVD","s1337_F_ADR_01_ASEReadCounter.table","NW_015090842.1:9552208",566,1153,587
"MVD","s1337_F_ADR_01_ASEReadCounter.table","NW_015090842.1:9552625",465,851,386
"MVD","s1337_F_ADR_01_ASEReadCounter.table","NW_015090842.1:9552629",399,863,464
"MVD","s1337_F_ADR_01_ASEReadCounter.table","NW_015090842.1:9552644",456,869,413
"MVD","s1337_F_ADR_01_ASEReadCounter.table","NW_015090842.1:9553093",474,930,456
"MVD","s1337_F_ADR_01_ASEReadCounter.table","NW_015090842.1:9553114",523,998,475
"RNF166","s1337_F_ADR_01_ASEReadCounter.table","NW_015090842.1:9557900",61,133,72
"RNF166","s1337_F_ADR_01_ASEReadCounter.table","NW_015090842.1:9558048",71,159,88
"RNF166","s1337_F_ADR_01_ASEReadCounter.table","NW_015090842.1:9558116",78,160,82
"RNF166","s1337_F_ADR_01_ASEReadCounter.table","NW_015090842.1:9558308",75,173,98
"RNF166","s1337_F_ADR_01_ASEReadCounter.table","NW_015090842.1:9558405",60,127,67
"RNF166","s1337_F_ADR_01_ASEReadCounter.table","NW_015090842.1:9558549",77,176,99
"RNF166","s1337_F_ADR_01_ASEReadCounter.table","NW_015090842.1:9558556",67,167,100
"RNF166","s1337_F_ADR_01_ASEReadCounter.table","NW_015090842.1:9558579",73,174,101
"RNF166","s1337_F_ADR_01_ASEReadCounter.table","NW_015090842.1:9558599",75,163,88
"RNF166","s1337_F_ADR_01_ASEReadCounter.table","NW_015090842.1:9558688",70,149,79
"RNF166","s1337_F_ADR_01_ASEReadCounter.table","NW_015090842.1:9558711",68,152,84
"RNF166","s1337_F_ADR_01_ASEReadCounter.table","NW_015090842.1:9558733",67,149,82
"RNF166","s1337_F_ADR_01_ASEReadCounter.table","NW_015090842.1:9558847",82,159,77
"RNF166","s1337_F_ADR_01_ASEReadCounter.table","NW_015090842.1:9559798",87,180,93
"RNF166","s1337_F_ADR_01_ASEReadCounter.table","NW_015090842.1:9560575",82,200,118
"RNF166","s1337_F_ADR_01_ASEReadCounter.table","NW_015090842.1:9561055",83,185,102
"RNF166","s1337_F_ADR_01_ASEReadCounter.table","NW_015090842.1:9562458",84,164,80
"RNF166","s1337_F_ADR_01_ASEReadCounter.table","NW_015090842.1:9562497",62,127,65
"RNF166","s1337_F_ADR_01_ASEReadCounter.table","NW_015090842.1:9562539",54,117,63
"RNF166","s1337_F_ADR_01_ASEReadCounter.table","NW_015090842.1:9564056",46,91,45
"CTU2","s1337_F_ADR_01_ASEReadCounter.table","NW_015090842.1:9565149",30,54,24
"CTU2","s1337_F_ADR_01_ASEReadCounter.table","NW_015090842.1:9565193",34,56,22
"CTU2","s1337_F_ADR_01_ASEReadCounter.table","NW_015090842.1:9565300",36,66,30
"CTU2","s1337_F_ADR_01_ASEReadCounter.table","NW_015090842.1:9565321",34,63,29
"CTU2","s1337_F_ADR_01_ASEReadCounter.table","NW_015090842.1:9565721",28,61,33
"CTU2","s1337_F_ADR_01_ASEReadCounter.table","NW_015090842.1:9565739",22,56,34
"CTU2","s1337_F_ADR_01_ASEReadCounter.table","NW_015090842.1:9565905",31,61,30
"CTU2","s1337_F_ADR_01_ASEReadCounter.table","NW_015090842.1:9566013",42,73,31
"CTU2","s1337_F_ADR_01_ASEReadCounter.table","NW_015090842.1:9566055",39,88,49
"CTU2","s1337_F_ADR_01_ASEReadCounter.table","NW_015090842.1:9566056",40,86,46
"CTU2","s1337_F_ADR_01_ASEReadCounter.table","NW_015090842.1:9566151",15,42,27
"CTU2","s1337_F_ADR_01_ASEReadCounter.table","NW_015090842.1:9566300",27,56,29
"CTU2","s1337_F_ADR_01_ASEReadCounter.table","NW_015090842.1:9566342",26,56,30
"CTU2","s1337_F_ADR_01_ASEReadCounter.table","NW_015090842.1:9566548",41,74,33
"CTU2","s1337_F_ADR_01_ASEReadCounter.table","NW_015090842.1:9566625",39,72,33
"CTU2","s1337_F_ADR_01_ASEReadCounter.table","NW_015090842.1:9566633",46,81,35
"CTU2","s1337_F_ADR_01_ASEReadCounter.table","NW_015090842.1:9566807",43,88,45
"CTU2","s1337_F_ADR_01_ASEReadCounter.table","NW_015090842.1:9567139",47,93,46
"CTU2","s1337_F_ADR_01_ASEReadCounter.table","NW_015090842.1:9567156",49,84,35
"CTU2","s1337_F_ADR_01_ASEReadCounter.table","NW_015090842.1:9567614",49,82,33
"CTU2","s1337_F_ADR_01_ASEReadCounter.table","NW_015090842.1:9567677",38,75,37
"CTU2","s1337_F_ADR_01_ASEReadCounter.table","NW_015090842.1:9567747",34,65,31
"CTU2","s1337_F_ADR_01_ASEReadCounter.table","NW_015090842.1:9567828",25,55,30
"CTU2","s1337_F_ADR_01_ASEReadCounter.table","NW_015090842.1:9567829",24,56,32
"CTU2","s1337_F_ADR_01_ASEReadCounter.table","NW_015090842.1:9567885",13,37,24
"PIEZO1","s1337_F_ADR_01_ASEReadCounter.table","NW_015090842.1:9568093",14,37,23
"PIEZO1","s1337_F_ADR_01_ASEReadCounter.table","NW_015090842.1:9568672",28,63,35
"PIEZO1","s1337_F_ADR_01_ASEReadCounter.table","NW_015090842.1:9568948",24,63,39
"PIEZO1","s1337_F_ADR_01_ASEReadCounter.table","NW_015090842.1:9568987",27,46,19
"PIEZO1","s1337_F_ADR_01_ASEReadCounter.table","NW_015090842.1:9569040",19,41,22
"PIEZO1","s1337_F_ADR_01_ASEReadCounter.table","NW_015090842.1:9569180",20,42,22
"PIEZO1","s1337_F_ADR_01_ASEReadCounter.table","NW_015090842.1:9569192",23,44,21
"PIEZO1","s1337_F_ADR_01_ASEReadCounter.table","NW_015090842.1:9570088",18,38,20
"PIEZO1","s1337_F_ADR_01_ASEReadCounter.table","NW_015090842.1:9570480",18,29,11
"PIEZO1","s1337_F_ADR_01_ASEReadCounter.table","NW_015090842.1:9570639",22,38,16
"PIEZO1","s1337_F_ADR_01_ASEReadCounter.table","NW_015090842.1:9571847",13,31,18
"PIEZO1","s1337_F_ADR_01_ASEReadCounter.table","NW_015090842.1:9572371",10,28,18
"PIEZO1","s1337_F_ADR_01_ASEReadCounter.table","NW_015090842.1:9572638",14,29,15
"PIEZO1","s1337_F_ADR_01_ASEReadCounter.table","NW_015090842.1:9573156",16,47,31
"PIEZO1","s1337_F_ADR_01_ASEReadCounter.table","NW_015090842.1:9573280",18,38,20
"PIEZO1","s1337_F_ADR_01_ASEReadCounter.table","NW_015090842.1:9573566",15,33,18
"PIEZO1","s1337_F_ADR_01_ASEReadCounter.table","NW_015090842.1:9575341",11,22,11
"PIEZO1","s1337_F_ADR_01_ASEReadCounter.table","NW_015090842.1:9575367",12,23,11
"PIEZO1","s1337_F_ADR_01_ASEReadCounter.table","NW_015090842.1:9575645",13,26,13
"PIEZO1","s1337_F_ADR_01_ASEReadCounter.table","NW_015090842.1:9575696",10,26,16
"PIEZO1","s1337_F_ADR_01_ASEReadCounter.table","NW_015090842.1:9575897",4,13,9
"PIEZO1","s1337_F_ADR_01_ASEReadCounter.table","NW_015090842.1:9576060",5,11,6
"PIEZO1","s1337_F_ADR_01_ASEReadCounter.table","NW_015090842.1:9576087",8,15,7
"PIEZO1","s1337_F_ADR_01_ASEReadCounter.table","NW_015090842.1:9576093",10,18,8
"PIEZO1","s1337_F_ADR_01_ASEReadCounter.table","NW_015090842.1:9576120",13,19,6
"PIEZO1","s1337_F_ADR_01_ASEReadCounter.table","NW_015090842.1:9576687",7,12,5
"PIEZO1","s1337_F_ADR_01_ASEReadCounter.table","NW_015090842.1:9576710",15,15,0
"PIEZO1","s1337_F_ADR_01_ASEReadCounter.table","NW_015090842.1:9576723",8,17,9
"PIEZO1","s1337_F_ADR_01_ASEReadCounter.table","NW_015090842.1:9578268",13,23,10
"PIEZO1","s1337_F_ADR_01_ASEReadCounter.table","NW_015090842.1:9578770",8,25,17
"PIEZO1","s1337_F_ADR_01_ASEReadCounter.table","NW_015090842.1:9578806",11,26,15
"PIEZO1","s1337_F_ADR_01_ASEReadCounter.table","NW_015090842.1:9579064",6,25,19
"PIEZO1","s1337_F_ADR_01_ASEReadCounter.table","NW_015090842.1:9579065",6,24,18
"PIEZO1","s1337_F_ADR_01_ASEReadCounter.table","NW_015090842.1:9579347",7,18,11
"PIEZO1","s1337_F_ADR_01_ASEReadCounter.table","NW_015090842.1:9580765",11,23,12
"PIEZO1","s1337_F_ADR_01_ASEReadCounter.table","NW_015090842.1:9580996",15,25,10
"PIEZO1","s1337_F_ADR_01_ASEReadCounter.table","NW_015090842.1:9581101",11,15,4
"PIEZO1","s1337_F_ADR_01_ASEReadCounter.table","NW_015090842.1:9581299",11,16,5
"PIEZO1","s1337_F_ADR_01_ASEReadCounter.table","NW_015090842.1:9581875",6,12,6
"PIEZO1","s1337_F_ADR_01_ASEReadCounter.table","NW_015090842.1:9582046",4,15,11
"PIEZO1","s1337_F_ADR_01_ASEReadCounter.table","NW_015090842.1:9582961",5,14,9
"PIEZO1","s1337_F_ADR_01_ASEReadCounter.table","NW_015090842.1:9583298",5,12,7
"PIEZO1","s1337_F_ADR_01_ASEReadCounter.table","NW_015090842.1:9584337",4,8,4
"PIEZO1","s1337_F_ADR_01_ASEReadCounter.table","NW_015090842.1:9584425",4,10,6
"PIEZO1","s1337_F_ADR_01_ASEReadCounter.table","NW_015090842.1:9584435",4,10,6
"PIEZO1","s1337_F_ADR_01_ASEReadCounter.table","NW_015090842.1:9584438",3,9,6
"PIEZO1","s1337_F_ADR_01_ASEReadCounter.table","NW_015090842.1:9584441",3,8,5
"CDT1","s1337_F_ADR_01_ASEReadCounter.table","NW_015090842.1:9596596",5,12,7
"CDT1","s1337_F_ADR_01_ASEReadCounter.table","NW_015090842.1:9596766",5,8,3
"CDT1","s1337_F_ADR_01_ASEReadCounter.table","NW_015090842.1:9597054",11,20,9
"CDT1","s1337_F_ADR_01_ASEReadCounter.table","NW_015090842.1:9597074",10,18,8
"CDT1","s1337_F_ADR_01_ASEReadCounter.table","NW_015090842.1:9597137",10,20,10
"CDT1","s1337_F_ADR_01_ASEReadCounter.table","NW_015090842.1:9597756",12,19,7
"CDT1","s1337_F_ADR_01_ASEReadCounter.table","NW_015090842.1:9597766",13,21,8
"CDT1","s1337_F_ADR_01_ASEReadCounter.table","NW_015090842.1:9598496",14,35,21
"CDT1","s1337_F_ADR_01_ASEReadCounter.table","NW_015090842.1:9598498",14,35,21
"CDT1","s1337_F_ADR_01_ASEReadCounter.table","NW_015090842.1:9598816",12,31,19
"CDT1","s1337_F_ADR_01_ASEReadCounter.table","NW_015090842.1:9598879",14,28,14
"CDT1","s1337_F_ADR_01_ASEReadCounter.table","NW_015090842.1:9598912",15,29,14
"CDT1","s1337_F_ADR_01_ASEReadCounter.table","NW_015090842.1:9598959",15,30,15
"CDT1","s1337_F_ADR_01_ASEReadCounter.table","NW_015090842.1:9599807",10,15,5
"CDT1","s1337_F_ADR_01_ASEReadCounter.table","NW_015090842.1:9599819",11,16,5
"CDT1","s1337_F_ADR_01_ASEReadCounter.table","NW_015090842.1:9599845",11,20,9
"CDT1","s1337_F_ADR_01_ASEReadCounter.table","NW_015090842.1:9600148",12,28,16
"CDT1","s1337_F_ADR_01_ASEReadCounter.table","NW_015090842.1:9600151",12,30,18
"CDT1","s1337_F_ADR_01_ASEReadCounter.table","NW_015090842.1:9600217",14,34,20
"CDT1","s1337_F_ADR_01_ASEReadCounter.table","NW_015090842.1:9600226",16,36,20
"CDT1","s1337_F_ADR_01_ASEReadCounter.table","NW_015090842.1:9600260",19,38,19
"CDT1","s1337_F_ADR_01_ASEReadCounter.table","NW_015090842.1:9600268",18,37,19
"CDT1","s1337_F_ADR_01_ASEReadCounter.table","NW_015090842.1:9600305",15,34,19
"CDT1","s1337_F_ADR_01_ASEReadCounter.table","NW_015090842.1:9600397",7,22,15
"CDT1","s1337_F_ADR_01_ASEReadCounter.table","NW_015090842.1:9600447",5,18,13
"CDT1","s1337_F_ADR_01_ASEReadCounter.table","NW_015090842.1:9600450",5,17,12
"CDT1","s1337_F_ADR_01_ASEReadCounter.table","NW_015090842.1:9600485",13,26,13
"CDT1","s1337_F_ADR_01_ASEReadCounter.table","NW_015090842.1:9600579",9,18,9
"APRT","s1337_F_ADR_01_ASEReadCounter.table","NW_015090842.1:9602308",25,74,49
"APRT","s1337_F_ADR_01_ASEReadCounter.table","NW_015090842.1:9602440",64,166,102
"APRT","s1337_F_ADR_01_ASEReadCounter.table","NW_015090842.1:9602449",65,162,97
"APRT","s1337_F_ADR_01_ASEReadCounter.table","NW_015090842.1:9602451",65,167,102
"APRT","s1337_F_ADR_01_ASEReadCounter.table","NW_015090842.1:9602455",62,169,107
"APRT","s1337_F_ADR_01_ASEReadCounter.table","NW_015090842.1:9602462",61,165,104
"APRT","s1337_F_ADR_01_ASEReadCounter.table","NW_015090842.1:9602507",47,142,95
"APRT","s1337_F_ADR_01_ASEReadCounter.table","NW_015090842.1:9602514",50,150,100
"APRT","s1337_F_ADR_01_ASEReadCounter.table","NW_015090842.1:9602530",46,136,90
"APRT","s1337_F_ADR_01_ASEReadCounter.table","NW_015090842.1:9602582",43,137,94
"APRT","s1337_F_ADR_01_ASEReadCounter.table","NW_015090842.1:9602583",42,134,92
"APRT","s1337_F_ADR_01_ASEReadCounter.table","NW_015090842.1:9602650",52,143,91
"APRT","s1337_F_ADR_01_ASEReadCounter.table","NW_015090842.1:9602655",53,145,92
"APRT","s1337_F_ADR_01_ASEReadCounter.table","NW_015090842.1:9602712",53,163,110
"APRT","s1337_F_ADR_01_ASEReadCounter.table","NW_015090842.1:9602764",61,180,119
"APRT","s1337_F_ADR_01_ASEReadCounter.table","NW_015090842.1:9602821",50,152,102
"APRT","s1337_F_ADR_01_ASEReadCounter.table","NW_015090842.1:9602867",48,136,88
"APRT","s1337_F_ADR_01_ASEReadCounter.table","NW_015090842.1:9602883",49,141,92
"APRT","s1337_F_ADR_01_ASEReadCounter.table","NW_015090842.1:9602886",53,147,94
"APRT","s1337_F_ADR_01_ASEReadCounter.table","NW_015090842.1:9602948",62,156,94
"APRT","s1337_F_ADR_01_ASEReadCounter.table","NW_015090842.1:9602958",63,155,92
"APRT","s1337_F_ADR_01_ASEReadCounter.table","NW_015090842.1:9603020",69,188,119
"APRT","s1337_F_ADR_01_ASEReadCounter.table","NW_015090842.1:9603025",67,180,113
"APRT","s1337_F_ADR_01_ASEReadCounter.table","NW_015090842.1:9603154",68,170,102
"APRT","s1337_F_ADR_01_ASEReadCounter.table","NW_015090842.1:9603166",82,191,109
"APRT","s1337_F_ADR_01_ASEReadCounter.table","NW_015090842.1:9603326",79,200,121
"APRT","s1337_F_ADR_01_ASEReadCounter.table","NW_015090842.1:9603419",55,152,97
"APRT","s1337_F_ADR_01_ASEReadCounter.table","NW_015090842.1:9603420",57,153,96
"APRT","s1337_F_ADR_01_ASEReadCounter.table","NW_015090842.1:9603464",45,117,72
"APRT","s1337_F_ADR_01_ASEReadCounter.table","NW_015090842.1:9603528",67,168,101
"APRT","s1337_F_ADR_01_ASEReadCounter.table","NW_015090842.1:9603607",60,156,96
"APRT","s1337_F_ADR_01_ASEReadCounter.table","NW_015090842.1:9603622",66,152,86
"APRT","s1337_F_ADR_01_ASEReadCounter.table","NW_015090842.1:9604361",46,145,99
"APRT","s1337_F_ADR_01_ASEReadCounter.table","NW_015090842.1:9605317",47,127,80
"APRT","s1337_F_ADR_01_ASEReadCounter.table","NW_015090842.1:9605336",51,141,90
"GALNS","s1337_F_ADR_01_ASEReadCounter.table","NW_015090842.1:9612872",3,9,6
"GALNS","s1337_F_ADR_01_ASEReadCounter.table","NW_015090842.1:9612873",3,9,6
"GALNS","s1337_F_ADR_01_ASEReadCounter.table","NW_015090842.1:9612877",4,9,5
"GALNS","s1337_F_ADR_01_ASEReadCounter.table","NW_015090842.1:9612942",21,37,16
"GALNS","s1337_F_ADR_01_ASEReadCounter.table","NW_015090842.1:9612987",11,31,20
"GALNS","s1337_F_ADR_01_ASEReadCounter.table","NW_015090842.1:9613064",20,41,21
"GALNS","s1337_F_ADR_01_ASEReadCounter.table","NW_015090842.1:9613096",37,67,30
"GALNS","s1337_F_ADR_01_ASEReadCounter.table","NW_015090842.1:9613123",30,60,30
"GALNS","s1337_F_ADR_01_ASEReadCounter.table","NW_015090842.1:9613125",30,56,26
"GALNS","s1337_F_ADR_01_ASEReadCounter.table","NW_015090842.1:9613193",26,50,24
"GALNS","s1337_F_ADR_01_ASEReadCounter.table","NW_015090842.1:9613226",29,51,22
"GALNS","s1337_F_ADR_01_ASEReadCounter.table","NW_015090842.1:9613249",24,52,28
"GALNS","s1337_F_ADR_01_ASEReadCounter.table","NW_015090842.1:9613256",31,59,28
"GALNS","s1337_F_ADR_01_ASEReadCounter.table","NW_015090842.1:9613317",30,64,34
"GALNS","s1337_F_ADR_01_ASEReadCounter.table","NW_015090842.1:9613343",37,65,28
"GALNS","s1337_F_ADR_01_ASEReadCounter.table","NW_015090842.1:9613344",37,67,30
"GALNS","s1337_F_ADR_01_ASEReadCounter.table","NW_015090842.1:9613371",31,64,33
"GALNS","s1337_F_ADR_01_ASEReadCounter.table","NW_015090842.1:9613378",32,69,37
"GALNS","s1337_F_ADR_01_ASEReadCounter.table","NW_015090842.1:9613379",31,68,37
"GALNS","s1337_F_ADR_01_ASEReadCounter.table","NW_015090842.1:9613516",28,60,32
"GALNS","s1337_F_ADR_01_ASEReadCounter.table","NW_015090842.1:9613572",36,78,42
"GALNS","s1337_F_ADR_01_ASEReadCounter.table","NW_015090842.1:9613597",27,64,37
"GALNS","s1337_F_ADR_01_ASEReadCounter.table","NW_015090842.1:9613627",19,50,31
"GALNS","s1337_F_ADR_01_ASEReadCounter.table","NW_015090842.1:9613640",12,42,30
"GALNS","s1337_F_ADR_01_ASEReadCounter.table","NW_015090842.1:9614025",25,61,36
"GALNS","s1337_F_ADR_01_ASEReadCounter.table","NW_015090842.1:9614169",31,65,34
"GALNS","s1337_F_ADR_01_ASEReadCounter.table","NW_015090842.1:9614232",35,68,33
"GALNS","s1337_F_ADR_01_ASEReadCounter.table","NW_015090842.1:9614667",24,43,19
"GALNS","s1337_F_ADR_01_ASEReadCounter.table","NW_015090842.1:9614709",25,52,27
"GALNS","s1337_F_ADR_01_ASEReadCounter.table","NW_015090842.1:9614880",27,59,32
"GALNS","s1337_F_ADR_01_ASEReadCounter.table","NW_015090842.1:9614902",27,60,33
"GALNS","s1337_F_ADR_01_ASEReadCounter.table","NW_015090842.1:9614960",18,47,29
"GALNS","s1337_F_ADR_01_ASEReadCounter.table","NW_015090842.1:9615114",32,75,43
"GALNS","s1337_F_ADR_01_ASEReadCounter.table","NW_015090842.1:9615199",22,62,40
"GALNS","s1337_F_ADR_01_ASEReadCounter.table","NW_015090842.1:9615217",21,54,33
"GALNS","s1337_F_ADR_01_ASEReadCounter.table","NW_015090842.1:9615277",25,53,28
"GALNS","s1337_F_ADR_01_ASEReadCounter.table","NW_015090842.1:9615377",30,77,47
"GALNS","s1337_F_ADR_01_ASEReadCounter.table","NW_015090842.1:9647858",30,63,33
"GALNS","s1337_F_ADR_01_ASEReadCounter.table","NW_015090842.1:9649186",22,58,36
"GALNS","s1337_F_ADR_01_ASEReadCounter.table","NW_015090842.1:9649237",21,53,32
"GALNS","s1337_F_ADR_01_ASEReadCounter.table","NW_015090842.1:9661193",13,36,23
"TRAPPC2L","s1337_F_ADR_01_ASEReadCounter.table","NW_015090842.1:9662951",129,258,129
"TRAPPC2L","s1337_F_ADR_01_ASEReadCounter.table","NW_015090842.1:9663014",141,265,124
"TRAPPC2L","s1337_F_ADR_01_ASEReadCounter.table","NW_015090842.1:9664305",85,181,96
"TRAPPC2L","s1337_F_ADR_01_ASEReadCounter.table","NW_015090842.1:9665155",79,164,85
"TRAPPC2L","s1337_F_ADR_01_ASEReadCounter.table","NW_015090842.1:9665211",29,56,27
"PABPN1L","s1337_F_ADR_01_ASEReadCounter.table","NW_015090842.1:9669959",0,1,1
"CBFA2T3","s1337_F_ADR_01_ASEReadCounter.table","NW_015090842.1:9709469",0,25,25
"CBFA2T3","s1337_F_ADR_01_ASEReadCounter.table","NW_015090842.1:9709475",0,27,27
"CBFA2T3","s1337_F_ADR_01_ASEReadCounter.table","NW_015090842.1:9711845",0,7,7
"CBFA2T3","s1337_F_ADR_01_ASEReadCounter.table","NW_015090842.1:9712157",0,9,9
"CBFA2T3","s1337_F_ADR_01_ASEReadCounter.table","NW_015090842.1:9712160",0,11,11
"CBFA2T3","s1337_F_ADR_01_ASEReadCounter.table","NW_015090842.1:9712166",0,12,12
"CBFA2T3","s1337_F_ADR_01_ASEReadCounter.table","NW_015090842.1:9712536",3,10,7
"CBFA2T3","s1337_F_ADR_01_ASEReadCounter.table","NW_015090842.1:9712673",7,11,4
"CBFA2T3","s1337_F_ADR_01_ASEReadCounter.table","NW_015090842.1:9712787",12,29,17
"CBFA2T3","s1337_F_ADR_01_ASEReadCounter.table","NW_015090842.1:9712791",13,28,15
"CBFA2T3","s1337_F_ADR_01_ASEReadCounter.table","NW_015090842.1:9712805",13,31,18
"CBFA2T3","s1337_F_ADR_01_ASEReadCounter.table","NW_015090842.1:9712811",14,32,18
"CBFA2T3","s1337_F_ADR_01_ASEReadCounter.table","NW_015090842.1:9712848",19,37,18
"CBFA2T3","s1337_F_ADR_01_ASEReadCounter.table","NW_015090842.1:9713088",9,19,10
"CBFA2T3","s1337_F_ADR_01_ASEReadCounter.table","NW_015090842.1:9713121",8,23,15
"CBFA2T3","s1337_F_ADR_01_ASEReadCounter.table","NW_015090842.1:9717058",13,30,17
"CBFA2T3","s1337_F_ADR_01_ASEReadCounter.table","NW_015090842.1:9717093",11,30,19
"CBFA2T3","s1337_F_ADR_01_ASEReadCounter.table","NW_015090842.1:9717114",10,29,19
"CBFA2T3","s1337_F_ADR_01_ASEReadCounter.table","NW_015090842.1:9717139",10,30,20
"CBFA2T3","s1337_F_ADR_01_ASEReadCounter.table","NW_015090842.1:9719788",12,29,17
"CBFA2T3","s1337_F_ADR_01_ASEReadCounter.table","NW_015090842.1:9728475",2,4,2
"CBFA2T3","s1337_F_ADR_01_ASEReadCounter.table","NW_015090842.1:9728522",3,3,0
"CBFA2T3","s1337_F_ADR_01_ASEReadCounter.table","NW_015090842.1:9728525",2,2,0
"CBFA2T3","s1337_F_ADR_01_ASEReadCounter.table","NW_015090842.1:9728588",0,2,2
"CBFA2T3","s1337_F_ADR_01_ASEReadCounter.table","NW_015090842.1:9728601",0,2,2
"CBFA2T3","s1337_F_ADR_01_ASEReadCounter.table","NW_015090842.1:9728611",0,2,2
"CBFA2T3","s1337_F_ADR_01_ASEReadCounter.table","NW_015090842.1:9728654",1,5,4
"ACSF3","s1337_F_ADR_01_ASEReadCounter.table","NW_015090842.1:9773379",2,6,4
"ACSF3","s1337_F_ADR_01_ASEReadCounter.table","NW_015090842.1:9773382",3,8,5
"ACSF3","s1337_F_ADR_01_ASEReadCounter.table","NW_015090842.1:9773384",3,8,5
"ACSF3","s1337_F_ADR_01_ASEReadCounter.table","NW_015090842.1:9773388",2,7,5
"ACSF3","s1337_F_ADR_01_ASEReadCounter.table","NW_015090842.1:9776753",31,53,22
"ACSF3","s1337_F_ADR_01_ASEReadCounter.table","NW_015090842.1:9776783",34,57,23
"ACSF3","s1337_F_ADR_01_ASEReadCounter.table","NW_015090842.1:9776879",45,66,21
"ACSF3","s1337_F_ADR_01_ASEReadCounter.table","NW_015090842.1:9776965",49,81,32
"ACSF3","s1337_F_ADR_01_ASEReadCounter.table","NW_015090842.1:9777091",37,72,35
"ACSF3","s1337_F_ADR_01_ASEReadCounter.table","NW_015090842.1:9777206",58,91,33
"ACSF3","s1337_F_ADR_01_ASEReadCounter.table","NW_015090842.1:9777283",57,99,42
"ACSF3","s1337_F_ADR_01_ASEReadCounter.table","NW_015090842.1:9778955",68,127,59
"ACSF3","s1337_F_ADR_01_ASEReadCounter.table","NW_015090842.1:9778997",76,153,77
"ACSF3","s1337_F_ADR_01_ASEReadCounter.table","NW_015090842.1:9789311",78,143,65
"ACSF3","s1337_F_ADR_01_ASEReadCounter.table","NW_015090842.1:9789906",6,50,44
"ACSF3","s1337_F_ADR_01_ASEReadCounter.table","NW_015090842.1:9834743",103,182,79
"ACSF3","s1337_F_ADR_01_ASEReadCounter.table","NW_015090842.1:9834852",71,131,60
"ACSF3","s1337_F_ADR_01_ASEReadCounter.table","NW_015090842.1:9834861",65,118,53
"ACSF3","s1337_F_ADR_01_ASEReadCounter.table","NW_015090842.1:9839359",55,95,40
"ACSF3","s1337_F_ADR_01_ASEReadCounter.table","NW_015090842.1:9839378",57,96,39
"ACSF3","s1337_F_ADR_01_ASEReadCounter.table","NW_015090842.1:9839455",54,94,40
"ACSF3","s1337_F_ADR_01_ASEReadCounter.table","NW_015090842.1:9839457",55,90,35
"ACSF3","s1337_F_ADR_01_ASEReadCounter.table","NW_015090842.1:9839489",41,74,33
"ACSF3","s1337_F_ADR_01_ASEReadCounter.table","NW_015090842.1:9839500",25,51,26
"ACSF3","s1337_F_ADR_01_ASEReadCounter.table","NW_015090842.1:9839501",25,50,25
"ACSF3","s1337_F_ADR_01_ASEReadCounter.table","NW_015090842.1:9839504",29,53,24
"ACSF3","s1337_F_ADR_01_ASEReadCounter.table","NW_015090842.1:9839512",26,42,16
"ACSF3","s1337_F_ADR_01_ASEReadCounter.table","NW_015090842.1:9839527",19,31,12
"ACSF3","s1337_F_ADR_01_ASEReadCounter.table","NW_015090842.1:9839533",14,25,11
"ACSF3","s1337_F_ADR_01_ASEReadCounter.table","NW_015090842.1:9839535",14,26,12
"ACSF3","s1337_F_ADR_01_ASEReadCounter.table","NW_015090842.1:9839545",9,20,11
"ACSF3","s1337_F_ADR_01_ASEReadCounter.table","NW_015090842.1:9839550",7,18,11
"ACSF3","s1337_F_ADR_01_ASEReadCounter.table","NW_015090842.1:9839551",7,18,11
"CDH15","s1337_F_ADR_01_ASEReadCounter.table","NW_015090842.1:9849086",0,1,1
"CDH15","s1337_F_ADR_01_ASEReadCounter.table","NW_015090842.1:9849119",0,1,1
"CDH15","s1337_F_ADR_01_ASEReadCounter.table","NW_015090842.1:9849140",0,1,1
"SLC22A31","s1337_F_ADR_01_ASEReadCounter.table","NW_015090842.1:9851117",4,7,3
"SLC22A31","s1337_F_ADR_01_ASEReadCounter.table","NW_015090842.1:9851130",6,9,3
"SLC22A31","s1337_F_ADR_01_ASEReadCounter.table","NW_015090842.1:9851139",7,10,3
"SLC22A31","s1337_F_ADR_01_ASEReadCounter.table","NW_015090842.1:9851265",5,9,4
"SLC22A31","s1337_F_ADR_01_ASEReadCounter.table","NW_015090842.1:9851302",5,10,5
"SLC22A31","s1337_F_ADR_01_ASEReadCounter.table","NW_015090842.1:9851303",5,10,5
"SLC22A31","s1337_F_ADR_01_ASEReadCounter.table","NW_015090842.1:9851305",4,9,5
"SLC22A31","s1337_F_ADR_01_ASEReadCounter.table","NW_015090842.1:9851343",3,6,3
"SLC22A31","s1337_F_ADR_01_ASEReadCounter.table","NW_015090842.1:9851344",3,6,3
"SLC22A31","s1337_F_ADR_01_ASEReadCounter.table","NW_015090842.1:9851361",1,5,4
"SLC22A31","s1337_F_ADR_01_ASEReadCounter.table","NW_015090842.1:9851381",6,11,5
"SLC22A31","s1337_F_ADR_01_ASEReadCounter.table","NW_015090842.1:9851421",12,18,6
"SLC22A31","s1337_F_ADR_01_ASEReadCounter.table","NW_015090842.1:9851501",7,9,2
"SLC22A31","s1337_F_ADR_01_ASEReadCounter.table","NW_015090842.1:9851526",10,12,2
"SLC22A31","s1337_F_ADR_01_ASEReadCounter.table","NW_015090842.1:9851589",12,17,5
"SLC22A31","s1337_F_ADR_01_ASEReadCounter.table","NW_015090842.1:9851712",7,10,3
"SLC22A31","s1337_F_ADR_01_ASEReadCounter.table","NW_015090842.1:9851899",3,12,9
"SLC22A31","s1337_F_ADR_01_ASEReadCounter.table","NW_015090842.1:9852139",11,15,4
"SLC22A31","s1337_F_ADR_01_ASEReadCounter.table","NW_015090842.1:9852380",15,23,8
"SLC22A31","s1337_F_ADR_01_ASEReadCounter.table","NW_015090842.1:9852431",12,16,4
"SLC22A31","s1337_F_ADR_01_ASEReadCounter.table","NW_015090842.1:9852630",5,8,3
"SLC22A31","s1337_F_ADR_01_ASEReadCounter.table","NW_015090842.1:9852711",5,9,4
"SLC22A31","s1337_F_ADR_01_ASEReadCounter.table","NW_015090842.1:9853099",6,10,4
"SLC22A31","s1337_F_ADR_01_ASEReadCounter.table","NW_015090842.1:9853102",5,9,4
"SLC22A31","s1337_F_ADR_01_ASEReadCounter.table","NW_015090842.1:9853421",6,6,0
"SLC22A31","s1337_F_ADR_01_ASEReadCounter.table","NW_015090842.1:9853457",6,6,0
"SLC22A31","s1337_F_ADR_01_ASEReadCounter.table","NW_015090842.1:9853502",4,4,0
"ANKRD11","s1337_F_ADR_01_ASEReadCounter.table","NW_015090842.1:9858863",9,16,7
"ANKRD11","s1337_F_ADR_01_ASEReadCounter.table","NW_015090842.1:9859101",74,161,87
"ANKRD11","s1337_F_ADR_01_ASEReadCounter.table","NW_015090842.1:9859352",95,215,120
"ANKRD11","s1337_F_ADR_01_ASEReadCounter.table","NW_015090842.1:9859381",57,148,91
"ANKRD11","s1337_F_ADR_01_ASEReadCounter.table","NW_015090842.1:9859679",76,155,79
"ANKRD11","s1337_F_ADR_01_ASEReadCounter.table","NW_015090842.1:9861097",102,208,106
"ANKRD11","s1337_F_ADR_01_ASEReadCounter.table","NW_015090842.1:9862571",71,125,54
"ANKRD11","s1337_F_ADR_01_ASEReadCounter.table","NW_015090842.1:9862652",57,89,32
"ANKRD11","s1337_F_ADR_01_ASEReadCounter.table","NW_015090842.1:9866071",0,92,92
"ANKRD11","s1337_F_ADR_01_ASEReadCounter.table","NW_015090842.1:9866200",0,80,80
"ANKRD11","s1337_F_ADR_01_ASEReadCounter.table","NW_015090842.1:9867391",35,66,31
"ANKRD11","s1337_F_ADR_01_ASEReadCounter.table","NW_015090842.1:9867472",56,103,47
"ANKRD11","s1337_F_ADR_01_ASEReadCounter.table","NW_015090842.1:9867559",71,121,50
"ANKRD11","s1337_F_ADR_01_ASEReadCounter.table","NW_015090842.1:9867667",62,124,62
"ANKRD11","s1337_F_ADR_01_ASEReadCounter.table","NW_015090842.1:9867934",64,113,49
"ANKRD11","s1337_F_ADR_01_ASEReadCounter.table","NW_015090842.1:9868064",51,110,59
"ANKRD11","s1337_F_ADR_01_ASEReadCounter.table","NW_015090842.1:9868093",54,124,70
"ANKRD11","s1337_F_ADR_01_ASEReadCounter.table","NW_015090842.1:9868222",61,117,56
"ANKRD11","s1337_F_ADR_01_ASEReadCounter.table","NW_015090842.1:9868327",51,120,69
"ANKRD11","s1337_F_ADR_01_ASEReadCounter.table","NW_015090842.1:9868414",61,147,86
"ANKRD11","s1337_F_ADR_01_ASEReadCounter.table","NW_015090842.1:9868441",64,138,74
"ANKRD11","s1337_F_ADR_01_ASEReadCounter.table","NW_015090842.1:9868444",59,137,78
"ANKRD11","s1337_F_ADR_01_ASEReadCounter.table","NW_015090842.1:9868519",52,131,79
"ANKRD11","s1337_F_ADR_01_ASEReadCounter.table","NW_015090842.1:9868609",64,148,84
"ANKRD11","s1337_F_ADR_01_ASEReadCounter.table","NW_015090842.1:9868666",71,163,92
"ANKRD11","s1337_F_ADR_01_ASEReadCounter.table","NW_015090842.1:9868738",83,163,80
"ANKRD11","s1337_F_ADR_01_ASEReadCounter.table","NW_015090842.1:9869431",64,133,69
"ANKRD11","s1337_F_ADR_01_ASEReadCounter.table","NW_015090842.1:9869578",98,196,98
"ANKRD11","s1337_F_ADR_01_ASEReadCounter.table","NW_015090842.1:9869734",86,181,95
"ANKRD11","s1337_F_ADR_01_ASEReadCounter.table","NW_015090842.1:9870070",73,140,67
"ANKRD11","s1337_F_ADR_01_ASEReadCounter.table","NW_015090842.1:9870349",65,148,83
"ANKRD11","s1337_F_ADR_01_ASEReadCounter.table","NW_015090842.1:9870604",64,138,74
"ANKRD11","s1337_F_ADR_01_ASEReadCounter.table","NW_015090842.1:9870613",73,149,76
"ANKRD11","s1337_F_ADR_01_ASEReadCounter.table","NW_015090842.1:9870685",99,200,101
"ANKRD11","s1337_F_ADR_01_ASEReadCounter.table","NW_015090842.1:9870760",95,180,85
"ANKRD11","s1337_F_ADR_01_ASEReadCounter.table","NW_015090842.1:9870847",86,168,82
"ANKRD11","s1337_F_ADR_01_ASEReadCounter.table","NW_015090842.1:9871103",69,142,73
"ANKRD11","s1337_F_ADR_01_ASEReadCounter.table","NW_015090842.1:9871165",68,150,82
"ANKRD11","s1337_F_ADR_01_ASEReadCounter.table","NW_015090842.1:9871508",58,105,47
"ANKRD11","s1337_F_ADR_01_ASEReadCounter.table","NW_015090842.1:9871820",25,65,40
"ANKRD11","s1337_F_ADR_01_ASEReadCounter.table","NW_015090842.1:9872118",48,89,41
"ANKRD11","s1337_F_ADR_01_ASEReadCounter.table","NW_015090842.1:9877406",36,78,42
"SPG7","s1337_F_ADR_01_ASEReadCounter.table","NW_015090842.1:10051190",208,459,251
"SPG7","s1337_F_ADR_01_ASEReadCounter.table","NW_015090842.1:10051218",228,526,298
"SPG7","s1337_F_ADR_01_ASEReadCounter.table","NW_015090842.1:10052348",255,527,272
"SPG7","s1337_F_ADR_01_ASEReadCounter.table","NW_015090842.1:10052366",242,530,288
"SPG7","s1337_F_ADR_01_ASEReadCounter.table","NW_015090842.1:10065173",253,533,280
"SPG7","s1337_F_ADR_01_ASEReadCounter.table","NW_015090842.1:10065215",226,474,248
"SPG7","s1337_F_ADR_01_ASEReadCounter.table","NW_015090842.1:10066365",180,399,219
"SPG7","s1337_F_ADR_01_ASEReadCounter.table","NW_015090842.1:10069752",225,499,274
"SPG7","s1337_F_ADR_01_ASEReadCounter.table","NW_015090842.1:10069800",228,507,279
"SPG7","s1337_F_ADR_01_ASEReadCounter.table","NW_015090842.1:10071192",250,556,306
"SPG7","s1337_F_ADR_01_ASEReadCounter.table","NW_015090842.1:10071219",228,515,287
"SPG7","s1337_F_ADR_01_ASEReadCounter.table","NW_015090842.1:10071967",189,450,261
"SPG7","s1337_F_ADR_01_ASEReadCounter.table","NW_015090842.1:10075109",293,577,284
"SPG7","s1337_F_ADR_01_ASEReadCounter.table","NW_015090842.1:10075114",304,578,274
"SPG7","s1337_F_ADR_01_ASEReadCounter.table","NW_015090842.1:10075198",240,452,212
"SPG7","s1337_F_ADR_01_ASEReadCounter.table","NW_015090842.1:10075487",178,347,169
"SPG7","s1337_F_ADR_01_ASEReadCounter.table","NW_015090842.1:10075488",179,350,171
"SPG7","s1337_F_ADR_01_ASEReadCounter.table","NW_015090842.1:10075548",149,279,130
"RPL13","s1337_F_ADR_01_ASEReadCounter.table","NW_015090842.1:10077387",856,1894,1038
"RPL13","s1337_F_ADR_01_ASEReadCounter.table","NW_015090842.1:10077978",1286,2816,1530
"RPL13","s1337_F_ADR_01_ASEReadCounter.table","NW_015090842.1:10077992",1283,2719,1436
"CPNE7","s1337_F_ADR_01_ASEReadCounter.table","NW_015090842.1:10090924",1,1,0
"CPNE7","s1337_F_ADR_01_ASEReadCounter.table","NW_015090842.1:10091075",1,1,0
"LOC106888185","s1337_F_ADR_01_ASEReadCounter.table","NW_015090842.1:10094965",4,15,11
"LOC106888185","s1337_F_ADR_01_ASEReadCounter.table","NW_015090842.1:10094966",4,15,11
"LOC106888185","s1337_F_ADR_01_ASEReadCounter.table","NW_015090842.1:10094985",4,15,11
"LOC106888185","s1337_F_ADR_01_ASEReadCounter.table","NW_015090842.1:10095055",1,15,14
"LOC106888185","s1337_F_ADR_01_ASEReadCounter.table","NW_015090842.1:10095062",1,13,12
"LOC106888185","s1337_F_ADR_01_ASEReadCounter.table","NW_015090842.1:10095130",1,24,23
"LOC106888185","s1337_F_ADR_01_ASEReadCounter.table","NW_015090842.1:10095265",27,71,44
"LOC106888185","s1337_F_ADR_01_ASEReadCounter.table","NW_015090842.1:10095586",22,90,68
"LOC106888185","s1337_F_ADR_01_ASEReadCounter.table","NW_015090842.1:10095593",25,93,68
"LOC106888185","s1337_F_ADR_01_ASEReadCounter.table","NW_015090842.1:10095616",22,91,69
"LOC106888185","s1337_F_ADR_01_ASEReadCounter.table","NW_015090842.1:10095662",19,74,55
"LOC106888185","s1337_F_ADR_01_ASEReadCounter.table","NW_015090842.1:10095674",18,76,58
"LOC106888185","s1337_F_ADR_01_ASEReadCounter.table","NW_015090842.1:10095786",19,72,53
"LOC106888185","s1337_F_ADR_01_ASEReadCounter.table","NW_015090842.1:10095831",20,68,48
"LOC106888185","s1337_F_ADR_01_ASEReadCounter.table","NW_015090842.1:10096230",28,92,64
"LOC106888185","s1337_F_ADR_01_ASEReadCounter.table","NW_015090842.1:10096249",31,99,68
"LOC106888185","s1337_F_ADR_01_ASEReadCounter.table","NW_015090842.1:10096272",31,95,64
"LOC106888185","s1337_F_ADR_01_ASEReadCounter.table","NW_015090842.1:10096288",29,89,60
"LOC106888185","s1337_F_ADR_01_ASEReadCounter.table","NW_015090842.1:10097248",41,105,64
"LOC106888185","s1337_F_ADR_01_ASEReadCounter.table","NW_015090842.1:10097265",42,116,74
"LOC106888185","s1337_F_ADR_01_ASEReadCounter.table","NW_015090842.1:10097446",2,27,25
"DPEP1","s1337_F_ADR_01_ASEReadCounter.table","NW_015090842.1:10098017",0,5,5
"DPEP1","s1337_F_ADR_01_ASEReadCounter.table","NW_015090842.1:10098518",0,2,2
"DPEP1","s1337_F_ADR_01_ASEReadCounter.table","NW_015090842.1:10098595",0,6,6
"DPEP1","s1337_F_ADR_01_ASEReadCounter.table","NW_015090842.1:10098597",0,5,5
"DPEP1","s1337_F_ADR_01_ASEReadCounter.table","NW_015090842.1:10098601",0,7,7
"DPEP1","s1337_F_ADR_01_ASEReadCounter.table","NW_015090842.1:10098608",0,7,7
"DPEP1","s1337_F_ADR_01_ASEReadCounter.table","NW_015090842.1:10098630",0,6,6
"DPEP1","s1337_F_ADR_01_ASEReadCounter.table","NW_015090842.1:10098659",0,5,5
"DPEP1","s1337_F_ADR_01_ASEReadCounter.table","NW_015090842.1:10099765",0,5,5
"DPEP1","s1337_F_ADR_01_ASEReadCounter.table","NW_015090842.1:10099985",0,3,3
"DPEP1","s1337_F_ADR_01_ASEReadCounter.table","NW_015090842.1:10099986",0,3,3
"DPEP1","s1337_F_ADR_01_ASEReadCounter.table","NW_015090842.1:10099991",0,3,3
"DPEP1","s1337_F_ADR_01_ASEReadCounter.table","NW_015090842.1:10100044",0,3,3
"DPEP1","s1337_F_ADR_01_ASEReadCounter.table","NW_015090842.1:10100045",0,3,3
"DPEP1","s1337_F_ADR_01_ASEReadCounter.table","NW_015090842.1:10100084",0,3,3
"DPEP1","s1337_F_ADR_01_ASEReadCounter.table","NW_015090842.1:10100295",0,4,4
"DPEP1","s1337_F_ADR_01_ASEReadCounter.table","NW_015090842.1:10100529",0,10,10
"DPEP1","s1337_F_ADR_01_ASEReadCounter.table","NW_015090842.1:10100893",1,9,8
"DPEP1","s1337_F_ADR_01_ASEReadCounter.table","NW_015090842.1:10100902",1,9,8
"DPEP1","s1337_F_ADR_01_ASEReadCounter.table","NW_015090842.1:10101072",0,6,6
"DPEP1","s1337_F_ADR_01_ASEReadCounter.table","NW_015090842.1:10101199",0,6,6
"DPEP1","s1337_F_ADR_01_ASEReadCounter.table","NW_015090842.1:10101483",1,8,7
"DPEP1","s1337_F_ADR_01_ASEReadCounter.table","NW_015090842.1:10101497",1,9,8
"DPEP1","s1337_F_ADR_01_ASEReadCounter.table","NW_015090842.1:10101525",1,7,6
"DPEP1","s1337_F_ADR_01_ASEReadCounter.table","NW_015090842.1:10101875",0,8,8
"DPEP1","s1337_F_ADR_01_ASEReadCounter.table","NW_015090842.1:10101913",0,4,4
"DPEP1","s1337_F_ADR_01_ASEReadCounter.table","NW_015090842.1:10101996",2,9,7
"DPEP1","s1337_F_ADR_01_ASEReadCounter.table","NW_015090842.1:10102014",2,9,7
"DPEP1","s1337_F_ADR_01_ASEReadCounter.table","NW_015090842.1:10102035",1,4,3
"CHMP1A","s1337_F_ADR_01_ASEReadCounter.table","NW_015090842.1:10102901",59,149,90
"CHMP1A","s1337_F_ADR_01_ASEReadCounter.table","NW_015090842.1:10102961",44,152,108
"CHMP1A","s1337_F_ADR_01_ASEReadCounter.table","NW_015090842.1:10102996",40,147,107
"CHMP1A","s1337_F_ADR_01_ASEReadCounter.table","NW_015090842.1:10103004",45,159,114
"CHMP1A","s1337_F_ADR_01_ASEReadCounter.table","NW_015090842.1:10103006",45,159,114
"CHMP1A","s1337_F_ADR_01_ASEReadCounter.table","NW_015090842.1:10103052",73,191,118
"CHMP1A","s1337_F_ADR_01_ASEReadCounter.table","NW_015090842.1:10103095",76,180,104
"CHMP1A","s1337_F_ADR_01_ASEReadCounter.table","NW_015090842.1:10103096",75,180,105
"CHMP1A","s1337_F_ADR_01_ASEReadCounter.table","NW_015090842.1:10103152",76,150,74
"CHMP1A","s1337_F_ADR_01_ASEReadCounter.table","NW_015090842.1:10103173",77,167,90
"CHMP1A","s1337_F_ADR_01_ASEReadCounter.table","NW_015090842.1:10103334",43,124,81
"CHMP1A","s1337_F_ADR_01_ASEReadCounter.table","NW_015090842.1:10103373",27,127,100
"CHMP1A","s1337_F_ADR_01_ASEReadCounter.table","NW_015090842.1:10103408",46,142,96
"CHMP1A","s1337_F_ADR_01_ASEReadCounter.table","NW_015090842.1:10103412",51,145,94
"CHMP1A","s1337_F_ADR_01_ASEReadCounter.table","NW_015090842.1:10103512",90,196,106
"CHMP1A","s1337_F_ADR_01_ASEReadCounter.table","NW_015090842.1:10103513",87,195,108
"CHMP1A","s1337_F_ADR_01_ASEReadCounter.table","NW_015090842.1:10103583",56,120,64
"CHMP1A","s1337_F_ADR_01_ASEReadCounter.table","NW_015090842.1:10103614",55,125,70
"CHMP1A","s1337_F_ADR_01_ASEReadCounter.table","NW_015090842.1:10103657",71,142,71
"CHMP1A","s1337_F_ADR_01_ASEReadCounter.table","NW_015090842.1:10103669",63,134,71
"CHMP1A","s1337_F_ADR_01_ASEReadCounter.table","NW_015090842.1:10103674",62,132,70
"CHMP1A","s1337_F_ADR_01_ASEReadCounter.table","NW_015090842.1:10103677",62,132,70
"CHMP1A","s1337_F_ADR_01_ASEReadCounter.table","NW_015090842.1:10103729",77,141,64
"CHMP1A","s1337_F_ADR_01_ASEReadCounter.table","NW_015090842.1:10103758",76,140,64
"CHMP1A","s1337_F_ADR_01_ASEReadCounter.table","NW_015090842.1:10103761",78,144,66
"CHMP1A","s1337_F_ADR_01_ASEReadCounter.table","NW_015090842.1:10103788",77,157,80
"CHMP1A","s1337_F_ADR_01_ASEReadCounter.table","NW_015090842.1:10103789",78,156,78
"CHMP1A","s1337_F_ADR_01_ASEReadCounter.table","NW_015090842.1:10103790",75,156,81
"CHMP1A","s1337_F_ADR_01_ASEReadCounter.table","NW_015090842.1:10103950",86,175,89
"CHMP1A","s1337_F_ADR_01_ASEReadCounter.table","NW_015090842.1:10104335",73,147,74
"CHMP1A","s1337_F_ADR_01_ASEReadCounter.table","NW_015090842.1:10104429",92,189,97
"CHMP1A","s1337_F_ADR_01_ASEReadCounter.table","NW_015090842.1:10104532",93,194,101
"CHMP1A","s1337_F_ADR_01_ASEReadCounter.table","NW_015090842.1:10104633",64,153,89
"CHMP1A","s1337_F_ADR_01_ASEReadCounter.table","NW_015090842.1:10104759",51,143,92
"CHMP1A","s1337_F_ADR_01_ASEReadCounter.table","NW_015090842.1:10104794",53,156,103
"CHMP1A","s1337_F_ADR_01_ASEReadCounter.table","NW_015090842.1:10104841",79,119,40
"CHMP1A","s1337_F_ADR_01_ASEReadCounter.table","NW_015090842.1:10104844",40,122,82
"CHMP1A","s1337_F_ADR_01_ASEReadCounter.table","NW_015090842.1:10106242",78,165,87
"CHMP1A","s1337_F_ADR_01_ASEReadCounter.table","NW_015090842.1:10106290",68,154,86
"CHMP1A","s1337_F_ADR_01_ASEReadCounter.table","NW_015090842.1:10106335",92,183,91
"CHMP1A","s1337_F_ADR_01_ASEReadCounter.table","NW_015090842.1:10106383",91,217,126
"CHMP1A","s1337_F_ADR_01_ASEReadCounter.table","NW_015090842.1:10106747",107,217,110
"CHMP1A","s1337_F_ADR_01_ASEReadCounter.table","NW_015090842.1:10107404",101,214,113
"CHMP1A","s1337_F_ADR_01_ASEReadCounter.table","NW_015090842.1:10107876",106,198,92
"CDK10","s1337_F_ADR_01_ASEReadCounter.table","NW_015090842.1:10109030",13,16,3
"CDK10","s1337_F_ADR_01_ASEReadCounter.table","NW_015090842.1:10109963",39,114,75
"CDK10","s1337_F_ADR_01_ASEReadCounter.table","NW_015090842.1:10110887",39,105,66
"CDK10","s1337_F_ADR_01_ASEReadCounter.table","NW_015090842.1:10111254",38,91,53
"CDK10","s1337_F_ADR_01_ASEReadCounter.table","NW_015090842.1:10111380",42,105,63
"CDK10","s1337_F_ADR_01_ASEReadCounter.table","NW_015090842.1:10111395",42,102,60
"CDK10","s1337_F_ADR_01_ASEReadCounter.table","NW_015090842.1:10111437",32,101,69
"CDK10","s1337_F_ADR_01_ASEReadCounter.table","NW_015090842.1:10111798",40,102,62
"CDK10","s1337_F_ADR_01_ASEReadCounter.table","NW_015090842.1:10111840",40,110,70
"CDK10","s1337_F_ADR_01_ASEReadCounter.table","NW_015090842.1:10112031",25,101,76
"CDK10","s1337_F_ADR_01_ASEReadCounter.table","NW_015090842.1:10112285",38,105,67
"CDK10","s1337_F_ADR_01_ASEReadCounter.table","NW_015090842.1:10112398",43,120,77
"CDK10","s1337_F_ADR_01_ASEReadCounter.table","NW_015090842.1:10112455",35,111,76
"CDK10","s1337_F_ADR_01_ASEReadCounter.table","NW_015090842.1:10112461",31,98,67
"CDK10","s1337_F_ADR_01_ASEReadCounter.table","NW_015090842.1:10112497",26,82,56
"CDK10","s1337_F_ADR_01_ASEReadCounter.table","NW_015090842.1:10112508",20,80,60
"CDK10","s1337_F_ADR_01_ASEReadCounter.table","NW_015090842.1:10112518",15,71,56
"CDK10","s1337_F_ADR_01_ASEReadCounter.table","NW_015090842.1:10112540",9,65,56
"CDK10","s1337_F_ADR_01_ASEReadCounter.table","NW_015090842.1:10112556",22,73,51
"CDK10","s1337_F_ADR_01_ASEReadCounter.table","NW_015090842.1:10112561",25,90,65
"CDK10","s1337_F_ADR_01_ASEReadCounter.table","NW_015090842.1:10112596",31,93,62
"CDK10","s1337_F_ADR_01_ASEReadCounter.table","NW_015090842.1:10112630",25,77,52
"CDK10","s1337_F_ADR_01_ASEReadCounter.table","NW_015090842.1:10112656",23,80,57
"CDK10","s1337_F_ADR_01_ASEReadCounter.table","NW_015090842.1:10112665",17,54,37
"CDK10","s1337_F_ADR_01_ASEReadCounter.table","NW_015090842.1:10112668",17,52,35
"CDK10","s1337_F_ADR_01_ASEReadCounter.table","NW_015090842.1:10112781",18,39,21
"CDK10","s1337_F_ADR_01_ASEReadCounter.table","NW_015090842.1:10112782",19,40,21
"CDK10","s1337_F_ADR_01_ASEReadCounter.table","NW_015090842.1:10112795",17,35,18
"CDK10","s1337_F_ADR_01_ASEReadCounter.table","NW_015090842.1:10112841",5,13,8
"CDK10","s1337_F_ADR_01_ASEReadCounter.table","NW_015090842.1:10112861",5,13,8
"SPATA2L","s1337_F_ADR_01_ASEReadCounter.table","NW_015090842.1:10113212",21,35,14
"SPATA2L","s1337_F_ADR_01_ASEReadCounter.table","NW_015090842.1:10113280",33,54,21
"SPATA2L","s1337_F_ADR_01_ASEReadCounter.table","NW_015090842.1:10113296",34,56,22
"SPATA2L","s1337_F_ADR_01_ASEReadCounter.table","NW_015090842.1:10113321",30,51,21
"SPATA2L","s1337_F_ADR_01_ASEReadCounter.table","NW_015090842.1:10113332",32,55,23
"SPATA2L","s1337_F_ADR_01_ASEReadCounter.table","NW_015090842.1:10113380",30,58,28
"SPATA2L","s1337_F_ADR_01_ASEReadCounter.table","NW_015090842.1:10113381",31,60,29
"SPATA2L","s1337_F_ADR_01_ASEReadCounter.table","NW_015090842.1:10113412",38,66,28
"SPATA2L","s1337_F_ADR_01_ASEReadCounter.table","NW_015090842.1:10113421",40,68,28
"SPATA2L","s1337_F_ADR_01_ASEReadCounter.table","NW_015090842.1:10113465",25,59,34
"SPATA2L","s1337_F_ADR_01_ASEReadCounter.table","NW_015090842.1:10113535",37,66,29
"SPATA2L","s1337_F_ADR_01_ASEReadCounter.table","NW_015090842.1:10113645",42,81,39
"SPATA2L","s1337_F_ADR_01_ASEReadCounter.table","NW_015090842.1:10113682",44,91,47
"SPATA2L","s1337_F_ADR_01_ASEReadCounter.table","NW_015090842.1:10113696",43,96,53
"SPATA2L","s1337_F_ADR_01_ASEReadCounter.table","NW_015090842.1:10113727",56,110,54
"SPATA2L","s1337_F_ADR_01_ASEReadCounter.table","NW_015090842.1:10113799",60,117,57
"SPATA2L","s1337_F_ADR_01_ASEReadCounter.table","NW_015090842.1:10113809",62,125,63
"SPATA2L","s1337_F_ADR_01_ASEReadCounter.table","NW_015090842.1:10113827",66,118,52
"SPATA2L","s1337_F_ADR_01_ASEReadCounter.table","NW_015090842.1:10113831",66,119,53
"SPATA2L","s1337_F_ADR_01_ASEReadCounter.table","NW_015090842.1:10113894",50,91,41
"SPATA2L","s1337_F_ADR_01_ASEReadCounter.table","NW_015090842.1:10113905",35,77,42
"SPATA2L","s1337_F_ADR_01_ASEReadCounter.table","NW_015090842.1:10113914",37,72,35
"SPATA2L","s1337_F_ADR_01_ASEReadCounter.table","NW_015090842.1:10113920",35,76,41
"SPATA2L","s1337_F_ADR_01_ASEReadCounter.table","NW_015090842.1:10113937",41,87,46
"SPATA2L","s1337_F_ADR_01_ASEReadCounter.table","NW_015090842.1:10113971",32,78,46
"SPATA2L","s1337_F_ADR_01_ASEReadCounter.table","NW_015090842.1:10113976",27,77,50
"SPATA2L","s1337_F_ADR_01_ASEReadCounter.table","NW_015090842.1:10113985",32,71,39
"SPATA2L","s1337_F_ADR_01_ASEReadCounter.table","NW_015090842.1:10113994",38,83,45
"SPATA2L","s1337_F_ADR_01_ASEReadCounter.table","NW_015090842.1:10114063",29,60,31
"SPATA2L","s1337_F_ADR_01_ASEReadCounter.table","NW_015090842.1:10114066",27,59,32
"SPATA2L","s1337_F_ADR_01_ASEReadCounter.table","NW_015090842.1:10114069",28,61,33
"SPATA2L","s1337_F_ADR_01_ASEReadCounter.table","NW_015090842.1:10114121",26,56,30
"SPATA2L","s1337_F_ADR_01_ASEReadCounter.table","NW_015090842.1:10114159",27,65,38
"SPATA2L","s1337_F_ADR_01_ASEReadCounter.table","NW_015090842.1:10114282",65,65,0
"SPATA2L","s1337_F_ADR_01_ASEReadCounter.table","NW_015090842.1:10114470",27,51,24
"SPATA2L","s1337_F_ADR_01_ASEReadCounter.table","NW_015090842.1:10114524",20,41,21
"VPS9D1","s1337_F_ADR_01_ASEReadCounter.table","NW_015090842.1:10116377",32,53,21
"VPS9D1","s1337_F_ADR_01_ASEReadCounter.table","NW_015090842.1:10116415",31,54,23
"VPS9D1","s1337_F_ADR_01_ASEReadCounter.table","NW_015090842.1:10116607",26,56,30
"VPS9D1","s1337_F_ADR_01_ASEReadCounter.table","NW_015090842.1:10116816",20,40,20
"VPS9D1","s1337_F_ADR_01_ASEReadCounter.table","NW_015090842.1:10116821",20,40,20
"VPS9D1","s1337_F_ADR_01_ASEReadCounter.table","NW_015090842.1:10116825",22,39,17
"VPS9D1","s1337_F_ADR_01_ASEReadCounter.table","NW_015090842.1:10116882",28,46,18
"VPS9D1","s1337_F_ADR_01_ASEReadCounter.table","NW_015090842.1:10116885",31,49,18
"VPS9D1","s1337_F_ADR_01_ASEReadCounter.table","NW_015090842.1:10116933",34,53,19
"VPS9D1","s1337_F_ADR_01_ASEReadCounter.table","NW_015090842.1:10116942",30,50,20
"VPS9D1","s1337_F_ADR_01_ASEReadCounter.table","NW_015090842.1:10117152",24,41,17
"VPS9D1","s1337_F_ADR_01_ASEReadCounter.table","NW_015090842.1:10117396",9,26,17
"VPS9D1","s1337_F_ADR_01_ASEReadCounter.table","NW_015090842.1:10117405",7,22,15
"VPS9D1","s1337_F_ADR_01_ASEReadCounter.table","NW_015090842.1:10117480",21,28,7
"VPS9D1","s1337_F_ADR_01_ASEReadCounter.table","NW_015090842.1:10117497",20,27,7
"VPS9D1","s1337_F_ADR_01_ASEReadCounter.table","NW_015090842.1:10117499",17,25,8
"VPS9D1","s1337_F_ADR_01_ASEReadCounter.table","NW_015090842.1:10117516",27,35,8
"VPS9D1","s1337_F_ADR_01_ASEReadCounter.table","NW_015090842.1:10117525",28,37,9
"VPS9D1","s1337_F_ADR_01_ASEReadCounter.table","NW_015090842.1:10117579",27,41,14
"VPS9D1","s1337_F_ADR_01_ASEReadCounter.table","NW_015090842.1:10117627",24,45,21
"VPS9D1","s1337_F_ADR_01_ASEReadCounter.table","NW_015090842.1:10117678",14,35,21
"VPS9D1","s1337_F_ADR_01_ASEReadCounter.table","NW_015090842.1:10117773",31,54,23
"VPS9D1","s1337_F_ADR_01_ASEReadCounter.table","NW_015090842.1:10117937",31,56,25
"VPS9D1","s1337_F_ADR_01_ASEReadCounter.table","NW_015090842.1:10117961",30,48,18
"VPS9D1","s1337_F_ADR_01_ASEReadCounter.table","NW_015090842.1:10118236",37,63,26
"VPS9D1","s1337_F_ADR_01_ASEReadCounter.table","NW_015090842.1:10118414",27,56,29
"VPS9D1","s1337_F_ADR_01_ASEReadCounter.table","NW_015090842.1:10118973",31,51,20
"VPS9D1","s1337_F_ADR_01_ASEReadCounter.table","NW_015090842.1:10119500",22,41,19
"ZNF276","s1337_F_ADR_01_ASEReadCounter.table","NW_015090842.1:10121760",8,16,8
"ZNF276","s1337_F_ADR_01_ASEReadCounter.table","NW_015090842.1:10121769",7,15,8
"ZNF276","s1337_F_ADR_01_ASEReadCounter.table","NW_015090842.1:10121802",10,19,9
"ZNF276","s1337_F_ADR_01_ASEReadCounter.table","NW_015090842.1:10121971",21,33,12
"ZNF276","s1337_F_ADR_01_ASEReadCounter.table","NW_015090842.1:10122883",17,20,3
"ZNF276","s1337_F_ADR_01_ASEReadCounter.table","NW_015090842.1:10123069",22,37,15
"ZNF276","s1337_F_ADR_01_ASEReadCounter.table","NW_015090842.1:10123207",26,49,23
"ZNF276","s1337_F_ADR_01_ASEReadCounter.table","NW_015090842.1:10125787",28,53,25
"ZNF276","s1337_F_ADR_01_ASEReadCounter.table","NW_015090842.1:10126309",27,45,18
"ZNF276","s1337_F_ADR_01_ASEReadCounter.table","NW_015090842.1:10126348",21,46,25
"ZNF276","s1337_F_ADR_01_ASEReadCounter.table","NW_015090842.1:10126978",22,44,22
"ZNF276","s1337_F_ADR_01_ASEReadCounter.table","NW_015090842.1:10126991",25,48,23
"ZNF276","s1337_F_ADR_01_ASEReadCounter.table","NW_015090842.1:10127023",20,42,22
"ZNF276","s1337_F_ADR_01_ASEReadCounter.table","NW_015090842.1:10127063",29,46,17
"ZNF276","s1337_F_ADR_01_ASEReadCounter.table","NW_015090842.1:10127373",29,47,18
"ZNF276","s1337_F_ADR_01_ASEReadCounter.table","NW_015090842.1:10127931",35,55,20
"ZNF276","s1337_F_ADR_01_ASEReadCounter.table","NW_015090842.1:10128070",28,50,22
"ZNF276","s1337_F_ADR_01_ASEReadCounter.table","NW_015090842.1:10128102",27,47,20
"ZNF276","s1337_F_ADR_01_ASEReadCounter.table","NW_015090842.1:10128356",19,50,31
"ZNF276","s1337_F_ADR_01_ASEReadCounter.table","NW_015090842.1:10128497",20,36,16
"FANCA","s1337_F_ADR_01_ASEReadCounter.table","NW_015090842.1:10128743",2,2,0
"FANCA","s1337_F_ADR_01_ASEReadCounter.table","NW_015090842.1:10128822",1,1,0
"FANCA","s1337_F_ADR_01_ASEReadCounter.table","NW_015090842.1:10129383",1,2,1
"FANCA","s1337_F_ADR_01_ASEReadCounter.table","NW_015090842.1:10129390",1,2,1
"FANCA","s1337_F_ADR_01_ASEReadCounter.table","NW_015090842.1:10129422",1,1,0
"FANCA","s1337_F_ADR_01_ASEReadCounter.table","NW_015090842.1:10129969",0,1,1
"FANCA","s1337_F_ADR_01_ASEReadCounter.table","NW_015090842.1:10130399",0,3,3
"FANCA","s1337_F_ADR_01_ASEReadCounter.table","NW_015090842.1:10133601",0,2,2
"FANCA","s1337_F_ADR_01_ASEReadCounter.table","NW_015090842.1:10134492",1,3,2
"FANCA","s1337_F_ADR_01_ASEReadCounter.table","NW_015090842.1:10134531",1,2,1
"FANCA","s1337_F_ADR_01_ASEReadCounter.table","NW_015090842.1:10136957",0,1,1
"FANCA","s1337_F_ADR_01_ASEReadCounter.table","NW_015090842.1:10136982",1,3,2
"FANCA","s1337_F_ADR_01_ASEReadCounter.table","NW_015090842.1:10136999",1,3,2
"FANCA","s1337_F_ADR_01_ASEReadCounter.table","NW_015090842.1:10137019",1,3,2
"FANCA","s1337_F_ADR_01_ASEReadCounter.table","NW_015090842.1:10137673",2,4,2
"FANCA","s1337_F_ADR_01_ASEReadCounter.table","NW_015090842.1:10138618",1,1,0
"FANCA","s1337_F_ADR_01_ASEReadCounter.table","NW_015090842.1:10139140",1,1,0
"FANCA","s1337_F_ADR_01_ASEReadCounter.table","NW_015090842.1:10154490",2,4,2
"FANCA","s1337_F_ADR_01_ASEReadCounter.table","NW_015090842.1:10158162",0,1,1
"FANCA","s1337_F_ADR_01_ASEReadCounter.table","NW_015090842.1:10158957",0,2,2
"FANCA","s1337_F_ADR_01_ASEReadCounter.table","NW_015090842.1:10160177",1,1,0
"FANCA","s1337_F_ADR_01_ASEReadCounter.table","NW_015090842.1:10162980",2,2,0
"FANCA","s1337_F_ADR_01_ASEReadCounter.table","NW_015090842.1:10163667",1,1,0
"SPIRE2","s1337_F_ADR_01_ASEReadCounter.table","NW_015090842.1:10172284",6,14,8
"SPIRE2","s1337_F_ADR_01_ASEReadCounter.table","NW_015090842.1:10175262",9,19,10
"SPIRE2","s1337_F_ADR_01_ASEReadCounter.table","NW_015090842.1:10175352",3,6,3
"SPIRE2","s1337_F_ADR_01_ASEReadCounter.table","NW_015090842.1:10175400",11,30,19
"SPIRE2","s1337_F_ADR_01_ASEReadCounter.table","NW_015090842.1:10175418",15,35,20
"SPIRE2","s1337_F_ADR_01_ASEReadCounter.table","NW_015090842.1:10175704",17,39,22
"SPIRE2","s1337_F_ADR_01_ASEReadCounter.table","NW_015090842.1:10176115",24,48,24
"SPIRE2","s1337_F_ADR_01_ASEReadCounter.table","NW_015090842.1:10176561",24,43,19
"SPIRE2","s1337_F_ADR_01_ASEReadCounter.table","NW_015090842.1:10176817",25,47,22
"SPIRE2","s1337_F_ADR_01_ASEReadCounter.table","NW_015090842.1:10177084",9,27,18
"SPIRE2","s1337_F_ADR_01_ASEReadCounter.table","NW_015090842.1:10177110",14,30,16
"SPIRE2","s1337_F_ADR_01_ASEReadCounter.table","NW_015090842.1:10177838",24,43,19
"SPIRE2","s1337_F_ADR_01_ASEReadCounter.table","NW_015090842.1:10178000",22,50,28
"SPIRE2","s1337_F_ADR_01_ASEReadCounter.table","NW_015090842.1:10178164",23,45,22
"SPIRE2","s1337_F_ADR_01_ASEReadCounter.table","NW_015090842.1:10178216",24,46,22
"SPIRE2","s1337_F_ADR_01_ASEReadCounter.table","NW_015090842.1:10178403",14,31,17
"SPIRE2","s1337_F_ADR_01_ASEReadCounter.table","NW_015090842.1:10178409",12,29,17
"SPIRE2","s1337_F_ADR_01_ASEReadCounter.table","NW_015090842.1:10178524",13,27,14
"SPIRE2","s1337_F_ADR_01_ASEReadCounter.table","NW_015090842.1:10178526",13,26,13
"SPIRE2","s1337_F_ADR_01_ASEReadCounter.table","NW_015090842.1:10178531",15,28,13
"SPIRE2","s1337_F_ADR_01_ASEReadCounter.table","NW_015090842.1:10178565",15,28,13
"SPIRE2","s1337_F_ADR_01_ASEReadCounter.table","NW_015090842.1:10178587",15,28,13
"SPIRE2","s1337_F_ADR_01_ASEReadCounter.table","NW_015090842.1:10178640",9,18,9
"SPIRE2","s1337_F_ADR_01_ASEReadCounter.table","NW_015090842.1:10178651",11,20,9
"SPIRE2","s1337_F_ADR_01_ASEReadCounter.table","NW_015090842.1:10178682",8,13,5
"TCF25","s1337_F_ADR_01_ASEReadCounter.table","NW_015090842.1:10180912",46,94,48
"TCF25","s1337_F_ADR_01_ASEReadCounter.table","NW_015090842.1:10180924",46,95,49
"TCF25","s1337_F_ADR_01_ASEReadCounter.table","NW_015090842.1:10180931",51,99,48
"TCF25","s1337_F_ADR_01_ASEReadCounter.table","NW_015090842.1:10185332",112,222,110
"TCF25","s1337_F_ADR_01_ASEReadCounter.table","NW_015090842.1:10188816",104,192,88
"MC1R","s1337_F_ADR_01_ASEReadCounter.table","NW_015090842.1:10202160",1,1,0
"DBNDD1","s1337_F_ADR_01_ASEReadCounter.table","NW_015090842.1:10223105",26,55,29
"GAS8","s1337_F_ADR_01_ASEReadCounter.table","NW_015090842.1:10228982",22,51,29
"GAS8","s1337_F_ADR_01_ASEReadCounter.table","NW_015090842.1:10229832",14,35,21
"GAS8","s1337_F_ADR_01_ASEReadCounter.table","NW_015090842.1:10232375",14,28,14
"GAS8","s1337_F_ADR_01_ASEReadCounter.table","NW_015090842.1:10232901",21,51,30
"GAS8","s1337_F_ADR_01_ASEReadCounter.table","NW_015090842.1:10232928",24,47,23
"GAS8","s1337_F_ADR_01_ASEReadCounter.table","NW_015090842.1:10232967",21,41,20
"GAS8","s1337_F_ADR_01_ASEReadCounter.table","NW_015090842.1:10233032",15,31,16
"GAS8","s1337_F_ADR_01_ASEReadCounter.table","NW_015090842.1:10233057",9,19,10
"GAS8","s1337_F_ADR_01_ASEReadCounter.table","NW_015090842.1:10233058",9,19,10
"GAS8","s1337_F_ADR_01_ASEReadCounter.table","NW_015090842.1:10233176",9,18,9
"GAS8","s1337_F_ADR_01_ASEReadCounter.table","NW_015090842.1:10233196",8,17,9
"GAS8","s1337_F_ADR_01_ASEReadCounter.table","NW_015090842.1:10233252",5,11,6
"GAS8","s1337_F_ADR_01_ASEReadCounter.table","NW_015090842.1:10233303",2,5,3
"LOC106888094","s1337_F_ADR_01_ASEReadCounter.table","NW_015090842.1:10233334",7,44,37
"LOC106888094","s1337_F_ADR_01_ASEReadCounter.table","NW_015090842.1:10233362",20,108,88
"LOC106888094","s1337_F_ADR_01_ASEReadCounter.table","NW_015090842.1:10233373",21,125,104
"LOC106888094","s1337_F_ADR_01_ASEReadCounter.table","NW_015090842.1:10233388",30,142,112
"LOC106888094","s1337_F_ADR_01_ASEReadCounter.table","NW_015090842.1:10233402",33,141,108
"LOC106888094","s1337_F_ADR_01_ASEReadCounter.table","NW_015090842.1:10233465",44,208,164
"LOC106888094","s1337_F_ADR_01_ASEReadCounter.table","NW_015090842.1:10233803",70,292,222
"LOC106888094","s1337_F_ADR_01_ASEReadCounter.table","NW_015090842.1:10233815",67,270,203
"LOC106888094","s1337_F_ADR_01_ASEReadCounter.table","NW_015090842.1:10235484",5,14,9
"LOC106888094","s1337_F_ADR_01_ASEReadCounter.table","NW_015090842.1:10235611",6,17,11
"LOC106888094","s1337_F_ADR_01_ASEReadCounter.table","NW_015090842.1:10236098",1,7,6
"LOC106888094","s1337_F_ADR_01_ASEReadCounter.table","NW_015090842.1:10236161",3,9,6
"LOC106888094","s1337_F_ADR_01_ASEReadCounter.table","NW_015090842.1:10236380",2,13,11
"LOC106888094","s1337_F_ADR_01_ASEReadCounter.table","NW_015090842.1:10236388",2,14,12
"LOC106888094","s1337_F_ADR_01_ASEReadCounter.table","NW_015090842.1:10236425",2,11,9
"LOC106888094","s1337_F_ADR_01_ASEReadCounter.table","NW_015090842.1:10236426",2,11,9
"LOC106888094","s1337_F_ADR_01_ASEReadCounter.table","NW_015090842.1:10236603",2,8,6
"LOC106888173","s1337_F_ADR_01_ASEReadCounter.table","NW_015090842.1:10239596",0,15,15
"LOC106888173","s1337_F_ADR_01_ASEReadCounter.table","NW_015090842.1:10240036",0,33,33
"LOC106888173","s1337_F_ADR_01_ASEReadCounter.table","NW_015090842.1:10240095",0,43,43
"LOC106888173","s1337_F_ADR_01_ASEReadCounter.table","NW_015090842.1:10240280",0,43,43
"LOC106888173","s1337_F_ADR_01_ASEReadCounter.table","NW_015090842.1:10240557",0,47,47
"LOC106888173","s1337_F_ADR_01_ASEReadCounter.table","NW_015090842.1:10240603",0,49,49
"LOC106888173","s1337_F_ADR_01_ASEReadCounter.table","NW_015090842.1:10240609",0,53,53
"LOC106888173","s1337_F_ADR_01_ASEReadCounter.table","NW_015090842.1:10240690",0,48,48
"LOC106888173","s1337_F_ADR_01_ASEReadCounter.table","NW_015090842.1:10240924",2,37,35
"LOC106888173","s1337_F_ADR_01_ASEReadCounter.table","NW_015090842.1:10241037",1,44,43
"LOC106888173","s1337_F_ADR_01_ASEReadCounter.table","NW_015090842.1:10241046",1,45,44
"LOC106888173","s1337_F_ADR_01_ASEReadCounter.table","NW_015090842.1:10241058",2,48,46
"LOC106888173","s1337_F_ADR_01_ASEReadCounter.table","NW_015090842.1:10241064",2,47,45
"LOC106888173","s1337_F_ADR_01_ASEReadCounter.table","NW_015090842.1:10241103",60,62,2
"LOC106888173","s1337_F_ADR_01_ASEReadCounter.table","NW_015090842.1:10241163",1,43,42
"LOC106888173","s1337_F_ADR_01_ASEReadCounter.table","NW_015090842.1:10241803",0,53,53
"LOC106888173","s1337_F_ADR_01_ASEReadCounter.table","NW_015090842.1:10241827",1,44,43
"LOC106888173","s1337_F_ADR_01_ASEReadCounter.table","NW_015090842.1:10241869",1,45,44
"LOC106888173","s1337_F_ADR_01_ASEReadCounter.table","NW_015090842.1:10242079",1,52,51
"LOC106888173","s1337_F_ADR_01_ASEReadCounter.table","NW_015090842.1:10242103",1,55,54
"LOC106888173","s1337_F_ADR_01_ASEReadCounter.table","NW_015090842.1:10242157",2,60,58
"LOC106888173","s1337_F_ADR_01_ASEReadCounter.table","NW_015090842.1:10242455",0,50,50
"LOC106888173","s1337_F_ADR_01_ASEReadCounter.table","NW_015090842.1:10242481",0,54,54
"LOC106888173","s1337_F_ADR_01_ASEReadCounter.table","NW_015090842.1:10242590",1,45,44
"LOC106888173","s1337_F_ADR_01_ASEReadCounter.table","NW_015090842.1:10242794",0,40,40
"LOC106888173","s1337_F_ADR_01_ASEReadCounter.table","NW_015090842.1:10242909",1,32,31
"LOC106888173","s1337_F_ADR_01_ASEReadCounter.table","NW_015090842.1:10243094",1,32,31
"LOC106888173","s1337_F_ADR_01_ASEReadCounter.table","NW_015090842.1:10243133",0,23,23
"LOC106888173","s1337_F_ADR_01_ASEReadCounter.table","NW_015090842.1:10243273",0,54,54
"LOC106888173","s1337_F_ADR_01_ASEReadCounter.table","NW_015090842.1:10243278",0,51,51
"LOC106888173","s1337_F_ADR_01_ASEReadCounter.table","NW_015090842.1:10243281",0,52,52
"LOC106888173","s1337_F_ADR_01_ASEReadCounter.table","NW_015090842.1:10243347",31,31,0
"LOC106888173","s1337_F_ADR_01_ASEReadCounter.table","NW_015090842.1:10243353",1,29,28
"LOC106888173","s1337_F_ADR_01_ASEReadCounter.table","NW_015090842.1:10243363",1,22,21
"LOC106888173","s1337_F_ADR_01_ASEReadCounter.table","NW_015090842.1:10243365",1,25,24
"LOC106888173","s1337_F_ADR_01_ASEReadCounter.table","NW_015090842.1:10243566",1,37,36
"LOC106888173","s1337_F_ADR_01_ASEReadCounter.table","NW_015090842.1:10243605",1,34,33
"LOC106888173","s1337_F_ADR_01_ASEReadCounter.table","NW_015090842.1:10243614",1,35,34
"LOC106888173","s1337_F_ADR_01_ASEReadCounter.table","NW_015090842.1:10243615",1,34,33
"LOC106888173","s1337_F_ADR_01_ASEReadCounter.table","NW_015090842.1:10243640",1,27,26
"LOC106888173","s1337_F_ADR_01_ASEReadCounter.table","NW_015090842.1:10243680",0,27,27
"LOC106888173","s1337_F_ADR_01_ASEReadCounter.table","NW_015090842.1:10243742",1,42,41
"LOC106888173","s1337_F_ADR_01_ASEReadCounter.table","NW_015090842.1:10243804",0,31,31
"LOC106888173","s1337_F_ADR_01_ASEReadCounter.table","NW_015090842.1:10243913",0,11,11
"LOC106888173","s1337_F_ADR_01_ASEReadCounter.table","NW_015090842.1:10243921",0,10,10
"LOC106888384","s1337_F_ADR_01_ASEReadCounter.table","NW_015090842.1:10244714",1,2,1
"LOC106888384","s1337_F_ADR_01_ASEReadCounter.table","NW_015090842.1:10244942",2,5,3
"LOC106888384","s1337_F_ADR_01_ASEReadCounter.table","NW_015090842.1:10244998",1,5,4
"LOC106888384","s1337_F_ADR_01_ASEReadCounter.table","NW_015090842.1:10250743",3,7,4
"LOC106888384","s1337_F_ADR_01_ASEReadCounter.table","NW_015090842.1:10250771",2,6,4
"LOC106888384","s1337_F_ADR_01_ASEReadCounter.table","NW_015090842.1:10251339",4,4,0
"LOC106888384","s1337_F_ADR_01_ASEReadCounter.table","NW_015090842.1:10251343",3,3,0
"LOC106888384","s1337_F_ADR_01_ASEReadCounter.table","NW_015090842.1:10251344",3,3,0
"LOC106888384","s1337_F_ADR_01_ASEReadCounter.table","NW_015090842.1:10251349",3,3,0
"LOC106888384","s1337_F_ADR_01_ASEReadCounter.table","NW_015090842.1:10251354",3,7,4
"LOC106888384","s1337_F_ADR_01_ASEReadCounter.table","NW_015090842.1:10251358",2,6,4
"LOC106888384","s1337_F_ADR_01_ASEReadCounter.table","NW_015090842.1:10251369",1,5,4
"LOC106888384","s1337_F_ADR_01_ASEReadCounter.table","NW_015090842.1:10251370",1,5,4
"LOC106888384","s1337_F_ADR_01_ASEReadCounter.table","NW_015090842.1:10251375",1,5,4
"LOC106888384","s1337_F_ADR_01_ASEReadCounter.table","NW_015090842.1:10251388",1,4,3
"LOC106888384","s1337_F_ADR_01_ASEReadCounter.table","NW_015090842.1:10251390",1,4,3
"LOC106888384","s1337_F_ADR_01_ASEReadCounter.table","NW_015090842.1:10251393",0,3,3
"LOC106888384","s1337_F_ADR_01_ASEReadCounter.table","NW_015090842.1:10251399",0,3,3
"LOC106888384","s1337_F_ADR_01_ASEReadCounter.table","NW_015090842.1:10253165",1,4,3
"LOC106888384","s1337_F_ADR_01_ASEReadCounter.table","NW_015090842.1:10253284",0,2,2
"LOC106888384","s1337_F_ADR_01_ASEReadCounter.table","NW_015090842.1:10254028",7,10,3
"LOC106888384","s1337_F_ADR_01_ASEReadCounter.table","NW_015090842.1:10254227",4,4,0
"LOC106888384","s1337_F_ADR_01_ASEReadCounter.table","NW_015090842.1:10254233",3,3,0
"LOC106888384","s1337_F_ADR_01_ASEReadCounter.table","NW_015090842.1:10254263",3,4,1
"LOC106888384","s1337_F_ADR_01_ASEReadCounter.table","NW_015090842.1:10254293",2,4,2
"LOC106888384","s1337_F_ADR_01_ASEReadCounter.table","NW_015090842.1:10254570",2,7,5
"LOC106888384","s1337_F_ADR_01_ASEReadCounter.table","NW_015090842.1:10254605",8,8,0
"LOC106888384","s1337_F_ADR_01_ASEReadCounter.table","NW_015090842.1:10254608",8,8,0
"LOC106888384","s1337_F_ADR_01_ASEReadCounter.table","NW_015090842.1:10254618",7,7,0
"LOC106888384","s1337_F_ADR_01_ASEReadCounter.table","NW_015090842.1:10254620",6,6,0
"LOC106888384","s1337_F_ADR_01_ASEReadCounter.table","NW_015090842.1:10254623",6,6,0
"LOC106888384","s1337_F_ADR_01_ASEReadCounter.table","NW_015090842.1:10254624",4,4,0
"LOC106888384","s1337_F_ADR_01_ASEReadCounter.table","NW_015090842.1:10254627",7,7,0
"LOC106888384","s1337_F_ADR_01_ASEReadCounter.table","NW_015090842.1:10254629",7,7,0
"LOC106888384","s1337_F_ADR_01_ASEReadCounter.table","NW_015090842.1:10254647",1,4,3
"LOC106888384","s1337_F_ADR_01_ASEReadCounter.table","NW_015090842.1:10254663",1,3,2
"LOC106888384","s1337_F_ADR_01_ASEReadCounter.table","NW_015090842.1:10254840",1,5,4
"LOC106888384","s1337_F_ADR_01_ASEReadCounter.table","NW_015090842.1:10254891",9,9,0
"LOC106888384","s1337_F_ADR_01_ASEReadCounter.table","NW_015090842.1:10254900",2,9,7
"LOC106888384","s1337_F_ADR_01_ASEReadCounter.table","NW_015090842.1:10254915",1,8,7
"LOC106888384","s1337_F_ADR_01_ASEReadCounter.table","NW_015090842.1:10254965",5,5,0
"LOC106888384","s1337_F_ADR_01_ASEReadCounter.table","NW_015090842.1:10254975",1,2,1
"LOC106888384","s1337_F_ADR_01_ASEReadCounter.table","NW_015090842.1:10255077",3,5,2
"LOC106888384","s1337_F_ADR_01_ASEReadCounter.table","NW_015090842.1:10255117",1,3,2
"LOC106888384","s1337_F_ADR_01_ASEReadCounter.table","NW_015090842.1:10255138",1,3,2
"LOC106888384","s1337_F_ADR_01_ASEReadCounter.table","NW_015090842.1:10255139",1,3,2
"LOC106888384","s1337_F_ADR_01_ASEReadCounter.table","NW_015090842.1:10255209",1,3,2
"LOC106888384","s1337_F_ADR_01_ASEReadCounter.table","NW_015090842.1:10255211",1,3,2
"LOC106888384","s1337_F_ADR_01_ASEReadCounter.table","NW_015090842.1:10255236",1,4,3
"LOC106888384","s1337_F_ADR_01_ASEReadCounter.table","NW_015090842.1:10255262",2,5,3
"LOC106888384","s1337_F_ADR_01_ASEReadCounter.table","NW_015090842.1:10255264",2,5,3
"LOC106888384","s1337_F_ADR_01_ASEReadCounter.table","NW_015090842.1:10255306",2,4,2
"LOC106888384","s1337_F_ADR_01_ASEReadCounter.table","NW_015090842.1:10255340",2,3,1
"LOC106888384","s1337_F_ADR_01_ASEReadCounter.table","NW_015090842.1:10255410",1,6,5
"LOC106888384","s1337_F_ADR_01_ASEReadCounter.table","NW_015090842.1:10255449",2,8,6
"LOC106888384","s1337_F_ADR_01_ASEReadCounter.table","NW_015090842.1:10255496",1,7,6
"LOC106888384","s1337_F_ADR_01_ASEReadCounter.table","NW_015090842.1:10255505",1,4,3
"LOC106888384","s1337_F_ADR_01_ASEReadCounter.table","NW_015090842.1:10255531",2,5,3
"LOC106888384","s1337_F_ADR_01_ASEReadCounter.table","NW_015090842.1:10255608",5,8,3
"LOC106888384","s1337_F_ADR_01_ASEReadCounter.table","NW_015090842.1:10255704",7,10,3
"LOC106888384","s1337_F_ADR_01_ASEReadCounter.table","NW_015090842.1:10255731",7,9,2
"LOC106888384","s1337_F_ADR_01_ASEReadCounter.table","NW_015090842.1:10255771",4,5,1
"TANGO6","s1337_F_ADR_01_ASEReadCounter.table","NW_015090842.1:10257782",7,17,10
"TANGO6","s1337_F_ADR_01_ASEReadCounter.table","NW_015090842.1:10258162",7,16,9
"TANGO6","s1337_F_ADR_01_ASEReadCounter.table","NW_015090842.1:10258185",9,20,11
"TANGO6","s1337_F_ADR_01_ASEReadCounter.table","NW_015090842.1:10259267",8,28,20
"TANGO6","s1337_F_ADR_01_ASEReadCounter.table","NW_015090842.1:10260250",47,83,36
"TANGO6","s1337_F_ADR_01_ASEReadCounter.table","NW_015090842.1:10260289",36,75,39
"TANGO6","s1337_F_ADR_01_ASEReadCounter.table","NW_015090842.1:10260309",27,61,34
"TANGO6","s1337_F_ADR_01_ASEReadCounter.table","NW_015090842.1:10260979",25,47,22
"TANGO6","s1337_F_ADR_01_ASEReadCounter.table","NW_015090842.1:10261599",25,52,27
"TANGO6","s1337_F_ADR_01_ASEReadCounter.table","NW_015090842.1:10268425",40,81,41
"TANGO6","s1337_F_ADR_01_ASEReadCounter.table","NW_015090842.1:10269831",31,64,33
"TANGO6","s1337_F_ADR_01_ASEReadCounter.table","NW_015090842.1:10270813",31,54,23
"TANGO6","s1337_F_ADR_01_ASEReadCounter.table","NW_015090842.1:10274018",19,52,33
"TANGO6","s1337_F_ADR_01_ASEReadCounter.table","NW_015090842.1:10275974",15,38,23
"TANGO6","s1337_F_ADR_01_ASEReadCounter.table","NW_015090842.1:10275976",15,38,23
"TANGO6","s1337_F_ADR_01_ASEReadCounter.table","NW_015090842.1:10276123",24,44,20
"TANGO6","s1337_F_ADR_01_ASEReadCounter.table","NW_015090842.1:10276271",22,45,23
"TANGO6","s1337_F_ADR_01_ASEReadCounter.table","NW_015090842.1:10276272",21,44,23
"TANGO6","s1337_F_ADR_01_ASEReadCounter.table","NW_015090842.1:10276275",26,50,24
"TANGO6","s1337_F_ADR_01_ASEReadCounter.table","NW_015090842.1:10276278",26,48,22
"TANGO6","s1337_F_ADR_01_ASEReadCounter.table","NW_015090842.1:10276368",16,35,19
"TANGO6","s1337_F_ADR_01_ASEReadCounter.table","NW_015090842.1:10276373",13,35,22
"TANGO6","s1337_F_ADR_01_ASEReadCounter.table","NW_015090842.1:10276630",13,23,10
"TANGO6","s1337_F_ADR_01_ASEReadCounter.table","NW_015090842.1:10281498",17,48,31
"TANGO6","s1337_F_ADR_01_ASEReadCounter.table","NW_015090842.1:10281516",22,56,34
"TANGO6","s1337_F_ADR_01_ASEReadCounter.table","NW_015090842.1:10282842",18,44,26
"TANGO6","s1337_F_ADR_01_ASEReadCounter.table","NW_015090842.1:10282863",17,39,22
"TANGO6","s1337_F_ADR_01_ASEReadCounter.table","NW_015090842.1:10282869",18,40,22
"TANGO6","s1337_F_ADR_01_ASEReadCounter.table","NW_015090842.1:10282903",18,47,29
"TANGO6","s1337_F_ADR_01_ASEReadCounter.table","NW_015090842.1:10283757",23,51,28
"TANGO6","s1337_F_ADR_01_ASEReadCounter.table","NW_015090842.1:10283785",26,53,27
"HAS3","s1337_F_ADR_01_ASEReadCounter.table","NW_015090842.1:10288364",1,1,0
"HAS3","s1337_F_ADR_01_ASEReadCounter.table","NW_015090842.1:10290375",0,1,1
"HAS3","s1337_F_ADR_01_ASEReadCounter.table","NW_015090842.1:10290395",0,1,1
"HAS3","s1337_F_ADR_01_ASEReadCounter.table","NW_015090842.1:10290439",1,1,0
"HAS3","s1337_F_ADR_01_ASEReadCounter.table","NW_015090842.1:10291004",0,1,1
"CHTF8","s1337_F_ADR_01_ASEReadCounter.table","NW_015090842.1:10291319",4,5,1
"CHTF8","s1337_F_ADR_01_ASEReadCounter.table","NW_015090842.1:10291491",19,26,7
"CHTF8","s1337_F_ADR_01_ASEReadCounter.table","NW_015090842.1:10291520",14,22,8
"CHTF8","s1337_F_ADR_01_ASEReadCounter.table","NW_015090842.1:10291593",14,25,11
"CHTF8","s1337_F_ADR_01_ASEReadCounter.table","NW_015090842.1:10291600",15,26,11
"CHTF8","s1337_F_ADR_01_ASEReadCounter.table","NW_015090842.1:10291609",17,29,12
"CHTF8","s1337_F_ADR_01_ASEReadCounter.table","NW_015090842.1:10291639",18,26,8
"CHTF8","s1337_F_ADR_01_ASEReadCounter.table","NW_015090842.1:10291641",18,25,7
"CHTF8","s1337_F_ADR_01_ASEReadCounter.table","NW_015090842.1:10291648",25,32,7
"CHTF8","s1337_F_ADR_01_ASEReadCounter.table","NW_015090842.1:10291656",26,34,8
"CHTF8","s1337_F_ADR_01_ASEReadCounter.table","NW_015090842.1:10291675",22,33,11
"CHTF8","s1337_F_ADR_01_ASEReadCounter.table","NW_015090842.1:10291696",23,31,8
"CHTF8","s1337_F_ADR_01_ASEReadCounter.table","NW_015090842.1:10291714",17,25,8
"CHTF8","s1337_F_ADR_01_ASEReadCounter.table","NW_015090842.1:10291732",17,26,9
"CHTF8","s1337_F_ADR_01_ASEReadCounter.table","NW_015090842.1:10291755",14,24,10
"CHTF8","s1337_F_ADR_01_ASEReadCounter.table","NW_015090842.1:10291756",14,23,9
"CHTF8","s1337_F_ADR_01_ASEReadCounter.table","NW_015090842.1:10291758",13,21,8
"CHTF8","s1337_F_ADR_01_ASEReadCounter.table","NW_015090842.1:10291792",13,22,9
"CHTF8","s1337_F_ADR_01_ASEReadCounter.table","NW_015090842.1:10291895",15,25,10
"CHTF8","s1337_F_ADR_01_ASEReadCounter.table","NW_015090842.1:10292132",21,32,11
"CHTF8","s1337_F_ADR_01_ASEReadCounter.table","NW_015090842.1:10292314",16,30,14
"CHTF8","s1337_F_ADR_01_ASEReadCounter.table","NW_015090842.1:10292317",17,32,15
"CHTF8","s1337_F_ADR_01_ASEReadCounter.table","NW_015090842.1:10292928",4,6,2
"UTP4","s1337_F_ADR_01_ASEReadCounter.table","NW_015090842.1:10293146",38,77,39
"UTP4","s1337_F_ADR_01_ASEReadCounter.table","NW_015090842.1:10293151",41,78,37
"UTP4","s1337_F_ADR_01_ASEReadCounter.table","NW_015090842.1:10293191",30,60,30
"UTP4","s1337_F_ADR_01_ASEReadCounter.table","NW_015090842.1:10293362",31,74,43
"UTP4","s1337_F_ADR_01_ASEReadCounter.table","NW_015090842.1:10293430",33,66,33
"UTP4","s1337_F_ADR_01_ASEReadCounter.table","NW_015090842.1:10293625",33,62,29
"UTP4","s1337_F_ADR_01_ASEReadCounter.table","NW_015090842.1:10293684",34,68,34
"UTP4","s1337_F_ADR_01_ASEReadCounter.table","NW_015090842.1:10294093",33,68,35
"UTP4","s1337_F_ADR_01_ASEReadCounter.table","NW_015090842.1:10294622",25,59,34
"UTP4","s1337_F_ADR_01_ASEReadCounter.table","NW_015090842.1:10294632",26,58,32
"UTP4","s1337_F_ADR_01_ASEReadCounter.table","NW_015090842.1:10295238",29,70,41
"UTP4","s1337_F_ADR_01_ASEReadCounter.table","NW_015090842.1:10295880",38,81,43
"UTP4","s1337_F_ADR_01_ASEReadCounter.table","NW_015090842.1:10295884",38,83,45
"UTP4","s1337_F_ADR_01_ASEReadCounter.table","NW_015090842.1:10295903",33,70,37
"UTP4","s1337_F_ADR_01_ASEReadCounter.table","NW_015090842.1:10295906",33,67,34
"UTP4","s1337_F_ADR_01_ASEReadCounter.table","NW_015090842.1:10295915",33,76,43
"UTP4","s1337_F_ADR_01_ASEReadCounter.table","NW_015090842.1:10295938",34,73,39
"UTP4","s1337_F_ADR_01_ASEReadCounter.table","NW_015090842.1:10296175",31,78,47
"UTP4","s1337_F_ADR_01_ASEReadCounter.table","NW_015090842.1:10296660",24,56,32
"UTP4","s1337_F_ADR_01_ASEReadCounter.table","NW_015090842.1:10296679",25,60,35
"UTP4","s1337_F_ADR_01_ASEReadCounter.table","NW_015090842.1:10297193",34,78,44
"UTP4","s1337_F_ADR_01_ASEReadCounter.table","NW_015090842.1:10297220",39,81,42
"UTP4","s1337_F_ADR_01_ASEReadCounter.table","NW_015090842.1:10297307",38,87,49
"UTP4","s1337_F_ADR_01_ASEReadCounter.table","NW_015090842.1:10297558",32,75,43
"UTP4","s1337_F_ADR_01_ASEReadCounter.table","NW_015090842.1:10297943",31,65,34
"UTP4","s1337_F_ADR_01_ASEReadCounter.table","NW_015090842.1:10297979",27,56,29
"UTP4","s1337_F_ADR_01_ASEReadCounter.table","NW_015090842.1:10298022",21,38,17
"UTP4","s1337_F_ADR_01_ASEReadCounter.table","NW_015090842.1:10298079",2,8,6
"UTP4","s1337_F_ADR_01_ASEReadCounter.table","NW_015090842.1:10298081",2,8,6
"UTP4","s1337_F_ADR_01_ASEReadCounter.table","NW_015090842.1:10298082",2,8,6
"SNTB2","s1337_F_ADR_01_ASEReadCounter.table","NW_015090842.1:10298905",3,6,3
"SNTB2","s1337_F_ADR_01_ASEReadCounter.table","NW_015090842.1:10298928",3,6,3
"SNTB2","s1337_F_ADR_01_ASEReadCounter.table","NW_015090842.1:10303506",12,28,16
"SNTB2","s1337_F_ADR_01_ASEReadCounter.table","NW_015090842.1:10303524",11,24,13
"SNTB2","s1337_F_ADR_01_ASEReadCounter.table","NW_015090842.1:10304059",17,25,8
"SNTB2","s1337_F_ADR_01_ASEReadCounter.table","NW_015090842.1:10304089",19,29,10
"SNTB2","s1337_F_ADR_01_ASEReadCounter.table","NW_015090842.1:10304167",12,28,16
"SNTB2","s1337_F_ADR_01_ASEReadCounter.table","NW_015090842.1:10304176",10,23,13
"SNTB2","s1337_F_ADR_01_ASEReadCounter.table","NW_015090842.1:10305069",13,20,7
"SNTB2","s1337_F_ADR_01_ASEReadCounter.table","NW_015090842.1:10305099",15,20,5
"SNTB2","s1337_F_ADR_01_ASEReadCounter.table","NW_015090842.1:10305171",16,25,9
"SNTB2","s1337_F_ADR_01_ASEReadCounter.table","NW_015090842.1:10305177",15,24,9
"SNTB2","s1337_F_ADR_01_ASEReadCounter.table","NW_015090842.1:10305451",10,20,10
"SNTB2","s1337_F_ADR_01_ASEReadCounter.table","NW_015090842.1:10305547",13,28,15
"SNTB2","s1337_F_ADR_01_ASEReadCounter.table","NW_015090842.1:10305847",12,27,15
"SNTB2","s1337_F_ADR_01_ASEReadCounter.table","NW_015090842.1:10306173",20,33,13
"SNTB2","s1337_F_ADR_01_ASEReadCounter.table","NW_015090842.1:10306275",9,17,8
"SNTB2","s1337_F_ADR_01_ASEReadCounter.table","NW_015090842.1:10306457",14,23,9
"SNTB2","s1337_F_ADR_01_ASEReadCounter.table","NW_015090842.1:10306496",10,20,10
"SNTB2","s1337_F_ADR_01_ASEReadCounter.table","NW_015090842.1:10306499",10,19,9
"VPS4A","s1337_F_ADR_01_ASEReadCounter.table","NW_015090842.1:10308566",141,297,156
"VPS4A","s1337_F_ADR_01_ASEReadCounter.table","NW_015090842.1:10308573",148,305,157
"VPS4A","s1337_F_ADR_01_ASEReadCounter.table","NW_015090842.1:10308856",180,448,268
"VPS4A","s1337_F_ADR_01_ASEReadCounter.table","NW_015090842.1:10309056",223,502,279
"VPS4A","s1337_F_ADR_01_ASEReadCounter.table","NW_015090842.1:10309089",252,573,321
"VPS4A","s1337_F_ADR_01_ASEReadCounter.table","NW_015090842.1:10309392",263,535,272
"VPS4A","s1337_F_ADR_01_ASEReadCounter.table","NW_015090842.1:10309413",282,593,311
"VPS4A","s1337_F_ADR_01_ASEReadCounter.table","NW_015090842.1:10309467",267,627,360
"VPS4A","s1337_F_ADR_01_ASEReadCounter.table","NW_015090842.1:10310230",280,630,350
"VPS4A","s1337_F_ADR_01_ASEReadCounter.table","NW_015090842.1:10310425",248,535,287
"VPS4A","s1337_F_ADR_01_ASEReadCounter.table","NW_015090842.1:10310639",304,608,304
"VPS4A","s1337_F_ADR_01_ASEReadCounter.table","NW_015090842.1:10310734",214,469,255
"VPS4A","s1337_F_ADR_01_ASEReadCounter.table","NW_015090842.1:10310737",209,479,270
"VPS4A","s1337_F_ADR_01_ASEReadCounter.table","NW_015090842.1:10310746",206,481,275
"VPS4A","s1337_F_ADR_01_ASEReadCounter.table","NW_015090842.1:10310767",217,483,266
"VPS4A","s1337_F_ADR_01_ASEReadCounter.table","NW_015090842.1:10310995",243,489,246
"VPS4A","s1337_F_ADR_01_ASEReadCounter.table","NW_015090842.1:10311004",264,510,246
"VPS4A","s1337_F_ADR_01_ASEReadCounter.table","NW_015090842.1:10311007",263,520,257
"VPS4A","s1337_F_ADR_01_ASEReadCounter.table","NW_015090842.1:10311013",269,516,247
"VPS4A","s1337_F_ADR_01_ASEReadCounter.table","NW_015090842.1:10311022",252,506,254
"VPS4A","s1337_F_ADR_01_ASEReadCounter.table","NW_015090842.1:10311023",245,499,254
"VPS4A","s1337_F_ADR_01_ASEReadCounter.table","NW_015090842.1:10311426",227,495,268
"VPS4A","s1337_F_ADR_01_ASEReadCounter.table","NW_015090842.1:10311489",4,19,15
"VPS4A","s1337_F_ADR_01_ASEReadCounter.table","NW_015090842.1:10311490",4,16,12
"VPS4A","s1337_F_ADR_01_ASEReadCounter.table","NW_015090842.1:10311525",11,33,22
"VPS4A","s1337_F_ADR_01_ASEReadCounter.table","NW_015090842.1:10311529",14,39,25
"VPS4A","s1337_F_ADR_01_ASEReadCounter.table","NW_015090842.1:10311530",14,44,30
"VPS4A","s1337_F_ADR_01_ASEReadCounter.table","NW_015090842.1:10311552",44,85,41
"VPS4A","s1337_F_ADR_01_ASEReadCounter.table","NW_015090842.1:10311689",32,60,28
"VPS4A","s1337_F_ADR_01_ASEReadCounter.table","NW_015090842.1:10311700",44,75,31
"VPS4A","s1337_F_ADR_01_ASEReadCounter.table","NW_015090842.1:10311701",41,73,32
"VPS4A","s1337_F_ADR_01_ASEReadCounter.table","NW_015090842.1:10311703",43,76,33
"COG8","s1337_F_ADR_01_ASEReadCounter.table","NW_015090842.1:10313487",18,53,35
"COG8","s1337_F_ADR_01_ASEReadCounter.table","NW_015090842.1:10313559",34,77,43
"COG8","s1337_F_ADR_01_ASEReadCounter.table","NW_015090842.1:10313579",39,83,44
"COG8","s1337_F_ADR_01_ASEReadCounter.table","NW_015090842.1:10313665",34,70,36
"COG8","s1337_F_ADR_01_ASEReadCounter.table","NW_015090842.1:10313681",31,73,42
"COG8","s1337_F_ADR_01_ASEReadCounter.table","NW_015090842.1:10313768",29,67,38
"COG8","s1337_F_ADR_01_ASEReadCounter.table","NW_015090842.1:10313775",29,67,38
"COG8","s1337_F_ADR_01_ASEReadCounter.table","NW_015090842.1:10313811",21,55,34
"COG8","s1337_F_ADR_01_ASEReadCounter.table","NW_015090842.1:10313858",20,47,27
"COG8","s1337_F_ADR_01_ASEReadCounter.table","NW_015090842.1:10314100",32,81,49
"COG8","s1337_F_ADR_01_ASEReadCounter.table","NW_015090842.1:10314213",33,73,40
"COG8","s1337_F_ADR_01_ASEReadCounter.table","NW_015090842.1:10315093",25,55,30
"COG8","s1337_F_ADR_01_ASEReadCounter.table","NW_015090842.1:10315162",27,63,36
"COG8","s1337_F_ADR_01_ASEReadCounter.table","NW_015090842.1:10315285",33,88,55
"COG8","s1337_F_ADR_01_ASEReadCounter.table","NW_015090842.1:10315360",30,71,41
"COG8","s1337_F_ADR_01_ASEReadCounter.table","NW_015090842.1:10315369",30,73,43
"COG8","s1337_F_ADR_01_ASEReadCounter.table","NW_015090842.1:10315504",15,37,22
"COG8","s1337_F_ADR_01_ASEReadCounter.table","NW_015090842.1:10315508",15,37,22
"COG8","s1337_F_ADR_01_ASEReadCounter.table","NW_015090842.1:10315624",34,87,53
"COG8","s1337_F_ADR_01_ASEReadCounter.table","NW_015090842.1:10315693",32,73,41
"COG8","s1337_F_ADR_01_ASEReadCounter.table","NW_015090842.1:10315698",34,74,40
"COG8","s1337_F_ADR_01_ASEReadCounter.table","NW_015090842.1:10315768",28,63,35
"COG8","s1337_F_ADR_01_ASEReadCounter.table","NW_015090842.1:10315769",28,63,35
"COG8","s1337_F_ADR_01_ASEReadCounter.table","NW_015090842.1:10315784",28,55,27
"COG8","s1337_F_ADR_01_ASEReadCounter.table","NW_015090842.1:10316093",27,54,27
"COG8","s1337_F_ADR_01_ASEReadCounter.table","NW_015090842.1:10316133",21,48,27
"NIP7","s1337_F_ADR_01_ASEReadCounter.table","NW_015090842.1:10316759",25,51,26
"NIP7","s1337_F_ADR_01_ASEReadCounter.table","NW_015090842.1:10316967",135,275,140
"NIP7","s1337_F_ADR_01_ASEReadCounter.table","NW_015090842.1:10316995",155,300,145
"NIP7","s1337_F_ADR_01_ASEReadCounter.table","NW_015090842.1:10317240",209,383,174
"NIP7","s1337_F_ADR_01_ASEReadCounter.table","NW_015090842.1:10317247",199,354,155
"NIP7","s1337_F_ADR_01_ASEReadCounter.table","NW_015090842.1:10317264",182,324,142
"NIP7","s1337_F_ADR_01_ASEReadCounter.table","NW_015090842.1:10317433",204,411,207
"NIP7","s1337_F_ADR_01_ASEReadCounter.table","NW_015090842.1:10317738",159,313,154
"NIP7","s1337_F_ADR_01_ASEReadCounter.table","NW_015090842.1:10317769",176,318,142
"NIP7","s1337_F_ADR_01_ASEReadCounter.table","NW_015090842.1:10317808",111,223,112
"NIP7","s1337_F_ADR_01_ASEReadCounter.table","NW_015090842.1:10317870",71,145,74
"NIP7","s1337_F_ADR_01_ASEReadCounter.table","NW_015090842.1:10317871",71,139,68
"NIP7","s1337_F_ADR_01_ASEReadCounter.table","NW_015090842.1:10317898",50,91,41
"NIP7","s1337_F_ADR_01_ASEReadCounter.table","NW_015090842.1:10317911",45,81,36
"TMED6","s1337_F_ADR_01_ASEReadCounter.table","NW_015090842.1:10318731",0,1,1
"TERF2","s1337_F_ADR_01_ASEReadCounter.table","NW_015090842.1:10321665",4,9,5
"TERF2","s1337_F_ADR_01_ASEReadCounter.table","NW_015090842.1:10321768",31,60,29
"TERF2","s1337_F_ADR_01_ASEReadCounter.table","NW_015090842.1:10321777",31,60,29
"TERF2","s1337_F_ADR_01_ASEReadCounter.table","NW_015090842.1:10321805",26,58,32
"TERF2","s1337_F_ADR_01_ASEReadCounter.table","NW_015090842.1:10321878",47,82,35
"TERF2","s1337_F_ADR_01_ASEReadCounter.table","NW_015090842.1:10321893",41,72,31
"TERF2","s1337_F_ADR_01_ASEReadCounter.table","NW_015090842.1:10321897",39,68,29
"TERF2","s1337_F_ADR_01_ASEReadCounter.table","NW_015090842.1:10321908",36,64,28
"TERF2","s1337_F_ADR_01_ASEReadCounter.table","NW_015090842.1:10322001",71,118,47
"TERF2","s1337_F_ADR_01_ASEReadCounter.table","NW_015090842.1:10322035",53,98,45
"TERF2","s1337_F_ADR_01_ASEReadCounter.table","NW_015090842.1:10322051",54,99,45
"TERF2","s1337_F_ADR_01_ASEReadCounter.table","NW_015090842.1:10322137",39,70,31
"TERF2","s1337_F_ADR_01_ASEReadCounter.table","NW_015090842.1:10322144",39,70,31
"TERF2","s1337_F_ADR_01_ASEReadCounter.table","NW_015090842.1:10322388",30,76,46
"TERF2","s1337_F_ADR_01_ASEReadCounter.table","NW_015090842.1:10322396",31,74,43
"TERF2","s1337_F_ADR_01_ASEReadCounter.table","NW_015090842.1:10322502",51,104,53
"TERF2","s1337_F_ADR_01_ASEReadCounter.table","NW_015090842.1:10322504",51,106,55
"TERF2","s1337_F_ADR_01_ASEReadCounter.table","NW_015090842.1:10322510",50,107,57
"TERF2","s1337_F_ADR_01_ASEReadCounter.table","NW_015090842.1:10323580",67,141,74
"TERF2","s1337_F_ADR_01_ASEReadCounter.table","NW_015090842.1:10324314",52,120,68
"TERF2","s1337_F_ADR_01_ASEReadCounter.table","NW_015090842.1:10326832",44,93,49
"TERF2","s1337_F_ADR_01_ASEReadCounter.table","NW_015090842.1:10327787",31,57,26
"TERF2","s1337_F_ADR_01_ASEReadCounter.table","NW_015090842.1:10328588",62,110,48
"TERF2","s1337_F_ADR_01_ASEReadCounter.table","NW_015090842.1:10328644",53,98,45
"TERF2","s1337_F_ADR_01_ASEReadCounter.table","NW_015090842.1:10329813",42,79,37
"TERF2","s1337_F_ADR_01_ASEReadCounter.table","NW_015090842.1:10330749",34,68,34
"TERF2","s1337_F_ADR_01_ASEReadCounter.table","NW_015090842.1:10330789",40,77,37
"CYB5B","s1337_F_ADR_01_ASEReadCounter.table","NW_015090842.1:10336595",15,38,23
"CYB5B","s1337_F_ADR_01_ASEReadCounter.table","NW_015090842.1:10336667",143,269,126
"CYB5B","s1337_F_ADR_01_ASEReadCounter.table","NW_015090842.1:10336689",201,371,170
"CYB5B","s1337_F_ADR_01_ASEReadCounter.table","NW_015090842.1:10336728",277,520,243
"CYB5B","s1337_F_ADR_01_ASEReadCounter.table","NW_015090842.1:10345068",271,539,268
"CYB5B","s1337_F_ADR_01_ASEReadCounter.table","NW_015090842.1:10348800",344,680,336
"CYB5B","s1337_F_ADR_01_ASEReadCounter.table","NW_015090842.1:10348888",273,533,260
"CYB5B","s1337_F_ADR_01_ASEReadCounter.table","NW_015090842.1:10349046",285,512,227
"CYB5B","s1337_F_ADR_01_ASEReadCounter.table","NW_015090842.1:10349119",143,353,210
"CYB5B","s1337_F_ADR_01_ASEReadCounter.table","NW_015090842.1:10349146",71,279,208
"CYB5B","s1337_F_ADR_01_ASEReadCounter.table","NW_015090842.1:10349157",131,343,212
