"gene","id","snp","ref_count","total_count","alt_count"
"CENPN","s1639_F_HYP_02_ASEReadCounter.table","NW_015090842.1:5801612",0,1,1
"CENPN","s1639_F_HYP_02_ASEReadCounter.table","NW_015090842.1:5801618",0,1,1
"CENPN","s1639_F_HYP_02_ASEReadCounter.table","NW_015090842.1:5801623",0,1,1
"CENPN","s1639_F_HYP_02_ASEReadCounter.table","NW_015090842.1:5801631",0,1,1
"CENPN","s1639_F_HYP_02_ASEReadCounter.table","NW_015090842.1:5801632",0,1,1
"CENPN","s1639_F_HYP_02_ASEReadCounter.table","NW_015090842.1:5801655",0,1,1
"CENPN","s1639_F_HYP_02_ASEReadCounter.table","NW_015090842.1:5801662",0,1,1
"CENPN","s1639_F_HYP_02_ASEReadCounter.table","NW_015090842.1:5801670",0,1,1
"CENPN","s1639_F_HYP_02_ASEReadCounter.table","NW_015090842.1:5801674",0,1,1
"CENPN","s1639_F_HYP_02_ASEReadCounter.table","NW_015090842.1:5801692",0,1,1
"CENPN","s1639_F_HYP_02_ASEReadCounter.table","NW_015090842.1:5801697",0,1,1
"CENPN","s1639_F_HYP_02_ASEReadCounter.table","NW_015090842.1:5802008",0,1,1
"CENPN","s1639_F_HYP_02_ASEReadCounter.table","NW_015090842.1:5802012",0,1,1
"CENPN","s1639_F_HYP_02_ASEReadCounter.table","NW_015090842.1:5802087",0,2,2
"CENPN","s1639_F_HYP_02_ASEReadCounter.table","NW_015090842.1:5810113",10,10,0
"CENPN","s1639_F_HYP_02_ASEReadCounter.table","NW_015090842.1:5810147",9,9,0
"CENPN","s1639_F_HYP_02_ASEReadCounter.table","NW_015090842.1:5810148",9,9,0
"ATMIN","s1639_F_HYP_02_ASEReadCounter.table","NW_015090842.1:5818789",1,5,4
"ATMIN","s1639_F_HYP_02_ASEReadCounter.table","NW_015090842.1:5819958",0,1,1
"ATMIN","s1639_F_HYP_02_ASEReadCounter.table","NW_015090842.1:5820004",1,2,1
"ATMIN","s1639_F_HYP_02_ASEReadCounter.table","NW_015090842.1:5820217",4,4,0
"ATMIN","s1639_F_HYP_02_ASEReadCounter.table","NW_015090842.1:5820250",4,5,1
"ATMIN","s1639_F_HYP_02_ASEReadCounter.table","NW_015090842.1:5820298",3,4,1
"ATMIN","s1639_F_HYP_02_ASEReadCounter.table","NW_015090842.1:5820417",2,3,1
"ATMIN","s1639_F_HYP_02_ASEReadCounter.table","NW_015090842.1:5820421",2,3,1
"ATMIN","s1639_F_HYP_02_ASEReadCounter.table","NW_015090842.1:5820448",2,5,3
"ATMIN","s1639_F_HYP_02_ASEReadCounter.table","NW_015090842.1:5820457",2,5,3
"ATMIN","s1639_F_HYP_02_ASEReadCounter.table","NW_015090842.1:5820510",0,2,2
"ATMIN","s1639_F_HYP_02_ASEReadCounter.table","NW_015090842.1:5820673",2,3,1
"ATMIN","s1639_F_HYP_02_ASEReadCounter.table","NW_015090842.1:5820754",3,6,3
"ATMIN","s1639_F_HYP_02_ASEReadCounter.table","NW_015090842.1:5820820",4,7,3
"ATMIN","s1639_F_HYP_02_ASEReadCounter.table","NW_015090842.1:5820865",5,8,3
"ATMIN","s1639_F_HYP_02_ASEReadCounter.table","NW_015090842.1:5820889",2,4,2
"ATMIN","s1639_F_HYP_02_ASEReadCounter.table","NW_015090842.1:5820891",2,4,2
"ATMIN","s1639_F_HYP_02_ASEReadCounter.table","NW_015090842.1:5820997",2,6,4
"ATMIN","s1639_F_HYP_02_ASEReadCounter.table","NW_015090842.1:5821063",2,6,4
"ATMIN","s1639_F_HYP_02_ASEReadCounter.table","NW_015090842.1:5821132",1,3,2
"ATMIN","s1639_F_HYP_02_ASEReadCounter.table","NW_015090842.1:5821645",2,9,7
"ATMIN","s1639_F_HYP_02_ASEReadCounter.table","NW_015090842.1:5825066",7,17,10
"ATMIN","s1639_F_HYP_02_ASEReadCounter.table","NW_015090842.1:5825106",8,20,12
"ATMIN","s1639_F_HYP_02_ASEReadCounter.table","NW_015090842.1:5825122",7,19,12
"ATMIN","s1639_F_HYP_02_ASEReadCounter.table","NW_015090842.1:5825178",7,21,14
"ATMIN","s1639_F_HYP_02_ASEReadCounter.table","NW_015090842.1:5825194",8,21,13
"ATMIN","s1639_F_HYP_02_ASEReadCounter.table","NW_015090842.1:5825195",9,21,12
"ATMIN","s1639_F_HYP_02_ASEReadCounter.table","NW_015090842.1:5825220",5,19,14
"ATMIN","s1639_F_HYP_02_ASEReadCounter.table","NW_015090842.1:5825240",11,28,17
"ATMIN","s1639_F_HYP_02_ASEReadCounter.table","NW_015090842.1:5825303",17,31,14
"ATMIN","s1639_F_HYP_02_ASEReadCounter.table","NW_015090842.1:5825304",17,32,15
"ATMIN","s1639_F_HYP_02_ASEReadCounter.table","NW_015090842.1:5825310",18,32,14
"ATMIN","s1639_F_HYP_02_ASEReadCounter.table","NW_015090842.1:5825406",13,22,9
"ATMIN","s1639_F_HYP_02_ASEReadCounter.table","NW_015090842.1:5825415",13,21,8
"ATMIN","s1639_F_HYP_02_ASEReadCounter.table","NW_015090842.1:5825438",13,23,10
"ATMIN","s1639_F_HYP_02_ASEReadCounter.table","NW_015090842.1:5825485",13,25,12
"ATMIN","s1639_F_HYP_02_ASEReadCounter.table","NW_015090842.1:5825524",15,28,13
"ATMIN","s1639_F_HYP_02_ASEReadCounter.table","NW_015090842.1:5825557",8,21,13
"ATMIN","s1639_F_HYP_02_ASEReadCounter.table","NW_015090842.1:5825571",8,22,14
"ATMIN","s1639_F_HYP_02_ASEReadCounter.table","NW_015090842.1:5825579",7,22,15
"ATMIN","s1639_F_HYP_02_ASEReadCounter.table","NW_015090842.1:5825590",6,19,13
"ATMIN","s1639_F_HYP_02_ASEReadCounter.table","NW_015090842.1:5825689",19,37,18
"ATMIN","s1639_F_HYP_02_ASEReadCounter.table","NW_015090842.1:5825703",21,42,21
"ATMIN","s1639_F_HYP_02_ASEReadCounter.table","NW_015090842.1:5825787",17,32,15
"ATMIN","s1639_F_HYP_02_ASEReadCounter.table","NW_015090842.1:5825833",21,41,20
"ATMIN","s1639_F_HYP_02_ASEReadCounter.table","NW_015090842.1:5825841",20,38,18
"ATMIN","s1639_F_HYP_02_ASEReadCounter.table","NW_015090842.1:5825895",16,34,18
"ATMIN","s1639_F_HYP_02_ASEReadCounter.table","NW_015090842.1:5825984",15,34,19
"ATMIN","s1639_F_HYP_02_ASEReadCounter.table","NW_015090842.1:5826162",28,70,42
"ATMIN","s1639_F_HYP_02_ASEReadCounter.table","NW_015090842.1:5826194",32,73,41
"ATMIN","s1639_F_HYP_02_ASEReadCounter.table","NW_015090842.1:5826235",30,79,49
"ATMIN","s1639_F_HYP_02_ASEReadCounter.table","NW_015090842.1:5826245",29,76,47
"ATMIN","s1639_F_HYP_02_ASEReadCounter.table","NW_015090842.1:5826335",14,44,30
"ATMIN","s1639_F_HYP_02_ASEReadCounter.table","NW_015090842.1:5826417",30,56,26
"ATMIN","s1639_F_HYP_02_ASEReadCounter.table","NW_015090842.1:5826431",30,67,37
"ATMIN","s1639_F_HYP_02_ASEReadCounter.table","NW_015090842.1:5826438",30,65,35
"ATMIN","s1639_F_HYP_02_ASEReadCounter.table","NW_015090842.1:5826463",33,81,48
"ATMIN","s1639_F_HYP_02_ASEReadCounter.table","NW_015090842.1:5826502",27,81,54
"ATMIN","s1639_F_HYP_02_ASEReadCounter.table","NW_015090842.1:5826511",29,85,56
"ATMIN","s1639_F_HYP_02_ASEReadCounter.table","NW_015090842.1:5826659",30,75,45
"ATMIN","s1639_F_HYP_02_ASEReadCounter.table","NW_015090842.1:5826701",33,85,52
"ATMIN","s1639_F_HYP_02_ASEReadCounter.table","NW_015090842.1:5826702",34,84,50
"ATMIN","s1639_F_HYP_02_ASEReadCounter.table","NW_015090842.1:5826732",39,92,53
"ATMIN","s1639_F_HYP_02_ASEReadCounter.table","NW_015090842.1:5826745",43,95,52
"ATMIN","s1639_F_HYP_02_ASEReadCounter.table","NW_015090842.1:5826835",39,86,47
"ATMIN","s1639_F_HYP_02_ASEReadCounter.table","NW_015090842.1:5826942",32,94,62
"ATMIN","s1639_F_HYP_02_ASEReadCounter.table","NW_015090842.1:5827193",76,168,92
"ATMIN","s1639_F_HYP_02_ASEReadCounter.table","NW_015090842.1:5827196",77,170,93
"ATMIN","s1639_F_HYP_02_ASEReadCounter.table","NW_015090842.1:5827269",73,159,86
"ATMIN","s1639_F_HYP_02_ASEReadCounter.table","NW_015090842.1:5827315",60,131,71
"ATMIN","s1639_F_HYP_02_ASEReadCounter.table","NW_015090842.1:5827316",59,130,71
"ATMIN","s1639_F_HYP_02_ASEReadCounter.table","NW_015090842.1:5827333",62,133,71
"PPP1R3E","s1639_F_HYP_02_ASEReadCounter.table","NW_015090842.1:5837733",3,3,0
"PPP1R3E","s1639_F_HYP_02_ASEReadCounter.table","NW_015090842.1:5837947",5,5,0
"PKD1L2","s1639_F_HYP_02_ASEReadCounter.table","NW_015090842.1:5867597",1,1,0
"PKD1L2","s1639_F_HYP_02_ASEReadCounter.table","NW_015090842.1:5867600",1,1,0
"PKD1L2","s1639_F_HYP_02_ASEReadCounter.table","NW_015090842.1:5867660",2,2,0
"PKD1L2","s1639_F_HYP_02_ASEReadCounter.table","NW_015090842.1:5867675",1,1,0
"PKD1L2","s1639_F_HYP_02_ASEReadCounter.table","NW_015090842.1:5867843",1,1,0
"PKD1L2","s1639_F_HYP_02_ASEReadCounter.table","NW_015090842.1:5871422",1,2,1
"PKD1L2","s1639_F_HYP_02_ASEReadCounter.table","NW_015090842.1:5872825",0,1,1
"BCO1","s1639_F_HYP_02_ASEReadCounter.table","NW_015090842.1:5915610",1,1,0
"BCO1","s1639_F_HYP_02_ASEReadCounter.table","NW_015090842.1:5915646",1,1,0
"BCO1","s1639_F_HYP_02_ASEReadCounter.table","NW_015090842.1:5917836",0,1,1
"BCO1","s1639_F_HYP_02_ASEReadCounter.table","NW_015090842.1:5917912",3,4,1
"BCO1","s1639_F_HYP_02_ASEReadCounter.table","NW_015090842.1:5917941",2,3,1
"BCO1","s1639_F_HYP_02_ASEReadCounter.table","NW_015090842.1:5917971",3,4,1
"BCO1","s1639_F_HYP_02_ASEReadCounter.table","NW_015090842.1:5921679",3,5,2
"BCO1","s1639_F_HYP_02_ASEReadCounter.table","NW_015090842.1:5921726",3,4,1
"BCO1","s1639_F_HYP_02_ASEReadCounter.table","NW_015090842.1:5925669",7,8,1
"BCO1","s1639_F_HYP_02_ASEReadCounter.table","NW_015090842.1:5926937",3,3,0
"BCO1","s1639_F_HYP_02_ASEReadCounter.table","NW_015090842.1:5927921",7,9,2
"BCO1","s1639_F_HYP_02_ASEReadCounter.table","NW_015090842.1:5927948",9,9,0
"BCO1","s1639_F_HYP_02_ASEReadCounter.table","NW_015090842.1:5927968",5,6,1
"BCO1","s1639_F_HYP_02_ASEReadCounter.table","NW_015090842.1:5928052",6,6,0
"BCO1","s1639_F_HYP_02_ASEReadCounter.table","NW_015090842.1:5932726",13,16,3
"BCO1","s1639_F_HYP_02_ASEReadCounter.table","NW_015090842.1:5932801",7,9,2
"BCO1","s1639_F_HYP_02_ASEReadCounter.table","NW_015090842.1:5934558",7,12,5
"BCO1","s1639_F_HYP_02_ASEReadCounter.table","NW_015090842.1:5934575",8,14,6
"BCO1","s1639_F_HYP_02_ASEReadCounter.table","NW_015090842.1:5934608",9,13,4
"BCO1","s1639_F_HYP_02_ASEReadCounter.table","NW_015090842.1:5934647",7,10,3
"BCO1","s1639_F_HYP_02_ASEReadCounter.table","NW_015090842.1:5934725",11,17,6
"BCO1","s1639_F_HYP_02_ASEReadCounter.table","NW_015090842.1:5934726",11,17,6
"BCO1","s1639_F_HYP_02_ASEReadCounter.table","NW_015090842.1:5934733",11,17,6
"BCO1","s1639_F_HYP_02_ASEReadCounter.table","NW_015090842.1:5934821",13,16,3
"BCO1","s1639_F_HYP_02_ASEReadCounter.table","NW_015090842.1:5934826",14,19,5
"BCO1","s1639_F_HYP_02_ASEReadCounter.table","NW_015090842.1:5934844",9,11,2
"BCO1","s1639_F_HYP_02_ASEReadCounter.table","NW_015090842.1:5934958",15,21,6
"BCO1","s1639_F_HYP_02_ASEReadCounter.table","NW_015090842.1:5934976",14,20,6
"GAN","s1639_F_HYP_02_ASEReadCounter.table","NW_015090842.1:5939249",0,2,2
"GAN","s1639_F_HYP_02_ASEReadCounter.table","NW_015090842.1:5953759",4,9,5
"GAN","s1639_F_HYP_02_ASEReadCounter.table","NW_015090842.1:5957502",12,23,11
"GAN","s1639_F_HYP_02_ASEReadCounter.table","NW_015090842.1:5957578",12,30,18
"GAN","s1639_F_HYP_02_ASEReadCounter.table","NW_015090842.1:5966047",11,37,26
"GAN","s1639_F_HYP_02_ASEReadCounter.table","NW_015090842.1:5966126",18,46,28
"GAN","s1639_F_HYP_02_ASEReadCounter.table","NW_015090842.1:5966127",17,47,30
"GAN","s1639_F_HYP_02_ASEReadCounter.table","NW_015090842.1:5966162",29,64,35
"GAN","s1639_F_HYP_02_ASEReadCounter.table","NW_015090842.1:5966483",46,109,63
"CMIP","s1639_F_HYP_02_ASEReadCounter.table","NW_015090842.1:6109159",21,35,14
"CMIP","s1639_F_HYP_02_ASEReadCounter.table","NW_015090842.1:6109166",21,29,8
"CMIP","s1639_F_HYP_02_ASEReadCounter.table","NW_015090842.1:6114641",11,27,16
"CMIP","s1639_F_HYP_02_ASEReadCounter.table","NW_015090842.1:6114751",12,31,19
"CMIP","s1639_F_HYP_02_ASEReadCounter.table","NW_015090842.1:6114824",18,38,20
"CMIP","s1639_F_HYP_02_ASEReadCounter.table","NW_015090842.1:6126295",55,57,2
"CMIP","s1639_F_HYP_02_ASEReadCounter.table","NW_015090842.1:6128998",34,75,41
"CMIP","s1639_F_HYP_02_ASEReadCounter.table","NW_015090842.1:6130562",55,127,72
"CMIP","s1639_F_HYP_02_ASEReadCounter.table","NW_015090842.1:6132522",45,121,76
"CMIP","s1639_F_HYP_02_ASEReadCounter.table","NW_015090842.1:6138265",114,333,219
"CMIP","s1639_F_HYP_02_ASEReadCounter.table","NW_015090842.1:6138300",115,339,224
"CMIP","s1639_F_HYP_02_ASEReadCounter.table","NW_015090842.1:6138342",105,296,191
"CMIP","s1639_F_HYP_02_ASEReadCounter.table","NW_015090842.1:6138343",107,300,193
"CMIP","s1639_F_HYP_02_ASEReadCounter.table","NW_015090842.1:6138345",106,295,189
"CMIP","s1639_F_HYP_02_ASEReadCounter.table","NW_015090842.1:6138647",94,192,98
"CMIP","s1639_F_HYP_02_ASEReadCounter.table","NW_015090842.1:6138745",83,183,100
"CMIP","s1639_F_HYP_02_ASEReadCounter.table","NW_015090842.1:6138832",16,88,72
"CMIP","s1639_F_HYP_02_ASEReadCounter.table","NW_015090842.1:6138967",85,200,115
"CMIP","s1639_F_HYP_02_ASEReadCounter.table","NW_015090842.1:6139131",37,103,66
"CMIP","s1639_F_HYP_02_ASEReadCounter.table","NW_015090842.1:6139163",9,77,68
"CMIP","s1639_F_HYP_02_ASEReadCounter.table","NW_015090842.1:6139212",151,161,10
"CMIP","s1639_F_HYP_02_ASEReadCounter.table","NW_015090842.1:6139360",33,81,48
"CMIP","s1639_F_HYP_02_ASEReadCounter.table","NW_015090842.1:6139572",29,76,47
"PLCG2","s1639_F_HYP_02_ASEReadCounter.table","NW_015090842.1:6179613",2,4,2
"PLCG2","s1639_F_HYP_02_ASEReadCounter.table","NW_015090842.1:6179658",4,7,3
"PLCG2","s1639_F_HYP_02_ASEReadCounter.table","NW_015090842.1:6203766",1,3,2
"PLCG2","s1639_F_HYP_02_ASEReadCounter.table","NW_015090842.1:6203775",1,3,2
"PLCG2","s1639_F_HYP_02_ASEReadCounter.table","NW_015090842.1:6203787",1,3,2
"PLCG2","s1639_F_HYP_02_ASEReadCounter.table","NW_015090842.1:6217547",2,6,4
"PLCG2","s1639_F_HYP_02_ASEReadCounter.table","NW_015090842.1:6218641",1,1,0
"PLCG2","s1639_F_HYP_02_ASEReadCounter.table","NW_015090842.1:6220552",1,6,5
"PLCG2","s1639_F_HYP_02_ASEReadCounter.table","NW_015090842.1:6221969",1,3,2
"PLCG2","s1639_F_HYP_02_ASEReadCounter.table","NW_015090842.1:6228672",1,2,1
"PLCG2","s1639_F_HYP_02_ASEReadCounter.table","NW_015090842.1:6228694",1,2,1
"PLCG2","s1639_F_HYP_02_ASEReadCounter.table","NW_015090842.1:6228722",0,1,1
"PLCG2","s1639_F_HYP_02_ASEReadCounter.table","NW_015090842.1:6228835",0,1,1
"PLCG2","s1639_F_HYP_02_ASEReadCounter.table","NW_015090842.1:6228841",0,1,1
"PLCG2","s1639_F_HYP_02_ASEReadCounter.table","NW_015090842.1:6228865",0,1,1
"PLCG2","s1639_F_HYP_02_ASEReadCounter.table","NW_015090842.1:6229002",0,1,1
"PLCG2","s1639_F_HYP_02_ASEReadCounter.table","NW_015090842.1:6229006",0,1,1
"PLCG2","s1639_F_HYP_02_ASEReadCounter.table","NW_015090842.1:6229081",0,3,3
"PLCG2","s1639_F_HYP_02_ASEReadCounter.table","NW_015090842.1:6229097",0,3,3
"PLCG2","s1639_F_HYP_02_ASEReadCounter.table","NW_015090842.1:6229160",1,3,2
"PLCG2","s1639_F_HYP_02_ASEReadCounter.table","NW_015090842.1:6229213",0,1,1
"PLCG2","s1639_F_HYP_02_ASEReadCounter.table","NW_015090842.1:6229231",1,2,1
"PLCG2","s1639_F_HYP_02_ASEReadCounter.table","NW_015090842.1:6229663",4,4,0
"PLCG2","s1639_F_HYP_02_ASEReadCounter.table","NW_015090842.1:6229748",2,3,1
"PLCG2","s1639_F_HYP_02_ASEReadCounter.table","NW_015090842.1:6229892",2,2,0
"PLCG2","s1639_F_HYP_02_ASEReadCounter.table","NW_015090842.1:6230248",2,2,0
"PLCG2","s1639_F_HYP_02_ASEReadCounter.table","NW_015090842.1:6230255",2,2,0
"PLCG2","s1639_F_HYP_02_ASEReadCounter.table","NW_015090842.1:6230276",1,1,0
"PLCG2","s1639_F_HYP_02_ASEReadCounter.table","NW_015090842.1:6230296",1,1,0
"PLCG2","s1639_F_HYP_02_ASEReadCounter.table","NW_015090842.1:6230349",1,1,0
"PLCG2","s1639_F_HYP_02_ASEReadCounter.table","NW_015090842.1:6230757",2,2,0
"PLCG2","s1639_F_HYP_02_ASEReadCounter.table","NW_015090842.1:6230758",2,2,0
"PLCG2","s1639_F_HYP_02_ASEReadCounter.table","NW_015090842.1:6230898",3,3,0
"PLCG2","s1639_F_HYP_02_ASEReadCounter.table","NW_015090842.1:6230976",2,2,0
"PLCG2","s1639_F_HYP_02_ASEReadCounter.table","NW_015090842.1:6231078",3,3,0
"PLCG2","s1639_F_HYP_02_ASEReadCounter.table","NW_015090842.1:6231138",5,6,1
"PLCG2","s1639_F_HYP_02_ASEReadCounter.table","NW_015090842.1:6231177",4,5,1
"PLCG2","s1639_F_HYP_02_ASEReadCounter.table","NW_015090842.1:6231263",5,5,0
"SDR42E1","s1639_F_HYP_02_ASEReadCounter.table","NW_015090842.1:6235292",0,6,6
"SDR42E1","s1639_F_HYP_02_ASEReadCounter.table","NW_015090842.1:6235315",1,8,7
"SDR42E1","s1639_F_HYP_02_ASEReadCounter.table","NW_015090842.1:6235348",5,19,14
"SDR42E1","s1639_F_HYP_02_ASEReadCounter.table","NW_015090842.1:6235355",6,20,14
"SDR42E1","s1639_F_HYP_02_ASEReadCounter.table","NW_015090842.1:6235417",7,20,13
"SDR42E1","s1639_F_HYP_02_ASEReadCounter.table","NW_015090842.1:6235558",3,11,8
"SDR42E1","s1639_F_HYP_02_ASEReadCounter.table","NW_015090842.1:6235741",12,27,15
"SDR42E1","s1639_F_HYP_02_ASEReadCounter.table","NW_015090842.1:6235777",15,30,15
"SDR42E1","s1639_F_HYP_02_ASEReadCounter.table","NW_015090842.1:6235806",14,31,17
"SDR42E1","s1639_F_HYP_02_ASEReadCounter.table","NW_015090842.1:6235809",14,32,18
"SDR42E1","s1639_F_HYP_02_ASEReadCounter.table","NW_015090842.1:6235816",14,32,18
"SDR42E1","s1639_F_HYP_02_ASEReadCounter.table","NW_015090842.1:6235914",1,11,10
"SDR42E1","s1639_F_HYP_02_ASEReadCounter.table","NW_015090842.1:6235935",4,15,11
"SDR42E1","s1639_F_HYP_02_ASEReadCounter.table","NW_015090842.1:6235957",5,16,11
"SDR42E1","s1639_F_HYP_02_ASEReadCounter.table","NW_015090842.1:6236040",1,6,5
"SDR42E1","s1639_F_HYP_02_ASEReadCounter.table","NW_015090842.1:6236260",2,7,5
"SDR42E1","s1639_F_HYP_02_ASEReadCounter.table","NW_015090842.1:6236281",3,7,4
"SDR42E1","s1639_F_HYP_02_ASEReadCounter.table","NW_015090842.1:6236305",5,8,3
"SDR42E1","s1639_F_HYP_02_ASEReadCounter.table","NW_015090842.1:6236458",2,8,6
"SDR42E1","s1639_F_HYP_02_ASEReadCounter.table","NW_015090842.1:6236476",1,7,6
"SDR42E1","s1639_F_HYP_02_ASEReadCounter.table","NW_015090842.1:6236608",6,10,4
"SDR42E1","s1639_F_HYP_02_ASEReadCounter.table","NW_015090842.1:6238244",1,5,4
"SDR42E1","s1639_F_HYP_02_ASEReadCounter.table","NW_015090842.1:6238829",1,3,2
"HSD17B2","s1639_F_HYP_02_ASEReadCounter.table","NW_015090842.1:6257616",0,1,1
"HSD17B2","s1639_F_HYP_02_ASEReadCounter.table","NW_015090842.1:6257711",0,1,1
"HSD17B2","s1639_F_HYP_02_ASEReadCounter.table","NW_015090842.1:6257712",0,1,1
"HSD17B2","s1639_F_HYP_02_ASEReadCounter.table","NW_015090842.1:6257737",0,2,2
"HSD17B2","s1639_F_HYP_02_ASEReadCounter.table","NW_015090842.1:6257758",0,3,3
"HSD17B2","s1639_F_HYP_02_ASEReadCounter.table","NW_015090842.1:6257767",0,3,3
"HSD17B2","s1639_F_HYP_02_ASEReadCounter.table","NW_015090842.1:6257829",0,2,2
"HSD17B2","s1639_F_HYP_02_ASEReadCounter.table","NW_015090842.1:6257851",0,2,2
"HSD17B2","s1639_F_HYP_02_ASEReadCounter.table","NW_015090842.1:6257889",0,1,1
"HSD17B2","s1639_F_HYP_02_ASEReadCounter.table","NW_015090842.1:6262951",0,3,3
"HSD17B2","s1639_F_HYP_02_ASEReadCounter.table","NW_015090842.1:6262974",0,3,3
"HSD17B2","s1639_F_HYP_02_ASEReadCounter.table","NW_015090842.1:6266125",0,5,5
"HSD17B2","s1639_F_HYP_02_ASEReadCounter.table","NW_015090842.1:6266135",0,4,4
"HSD17B2","s1639_F_HYP_02_ASEReadCounter.table","NW_015090842.1:6266795",0,7,7
"HSD17B2","s1639_F_HYP_02_ASEReadCounter.table","NW_015090842.1:6266944",0,10,10
"HSD17B2","s1639_F_HYP_02_ASEReadCounter.table","NW_015090842.1:6267053",0,4,4
"HSD17B2","s1639_F_HYP_02_ASEReadCounter.table","NW_015090842.1:6267196",0,1,1
"HSD17B2","s1639_F_HYP_02_ASEReadCounter.table","NW_015090842.1:6267273",0,6,6
"HSD17B2","s1639_F_HYP_02_ASEReadCounter.table","NW_015090842.1:6267674",0,4,4
"HSD17B2","s1639_F_HYP_02_ASEReadCounter.table","NW_015090842.1:6267913",0,4,4
"HSD17B2","s1639_F_HYP_02_ASEReadCounter.table","NW_015090842.1:6268098",0,5,5
"HSD17B2","s1639_F_HYP_02_ASEReadCounter.table","NW_015090842.1:6268203",0,4,4
"ARY2","s1639_F_HYP_02_ASEReadCounter.table","NW_015090842.1:6303922",16,30,14
"ARY2","s1639_F_HYP_02_ASEReadCounter.table","NW_015090842.1:6303954",20,33,13
"ARY2","s1639_F_HYP_02_ASEReadCounter.table","NW_015090842.1:6303979",21,37,16
"ARY2","s1639_F_HYP_02_ASEReadCounter.table","NW_015090842.1:6305848",20,35,15
"ARY2","s1639_F_HYP_02_ASEReadCounter.table","NW_015090842.1:6305856",18,32,14
"ARY2","s1639_F_HYP_02_ASEReadCounter.table","NW_015090842.1:6305857",17,31,14
"ARY2","s1639_F_HYP_02_ASEReadCounter.table","NW_015090842.1:6306017",14,39,25
"ARY2","s1639_F_HYP_02_ASEReadCounter.table","NW_015090842.1:6306052",14,32,18
"ARY2","s1639_F_HYP_02_ASEReadCounter.table","NW_015090842.1:6306094",22,51,29
"ARY2","s1639_F_HYP_02_ASEReadCounter.table","NW_015090842.1:6306100",24,54,30
"ARY2","s1639_F_HYP_02_ASEReadCounter.table","NW_015090842.1:6306146",21,49,28
"ARY2","s1639_F_HYP_02_ASEReadCounter.table","NW_015090842.1:6306147",22,50,28
"ARY2","s1639_F_HYP_02_ASEReadCounter.table","NW_015090842.1:6306390",25,52,27
"ARY2","s1639_F_HYP_02_ASEReadCounter.table","NW_015090842.1:6306567",20,41,21
"ARY2","s1639_F_HYP_02_ASEReadCounter.table","NW_015090842.1:6306705",27,32,5
"ARY2","s1639_F_HYP_02_ASEReadCounter.table","NW_015090842.1:6306773",24,36,12
"ARY2","s1639_F_HYP_02_ASEReadCounter.table","NW_015090842.1:6307039",30,45,15
"ARY2","s1639_F_HYP_02_ASEReadCounter.table","NW_015090842.1:6307043",33,50,17
"ARY2","s1639_F_HYP_02_ASEReadCounter.table","NW_015090842.1:6307093",31,41,10
"ARY2","s1639_F_HYP_02_ASEReadCounter.table","NW_015090842.1:6307138",28,38,10
"ARY2","s1639_F_HYP_02_ASEReadCounter.table","NW_015090842.1:6307157",30,38,8
"ARY2","s1639_F_HYP_02_ASEReadCounter.table","NW_015090842.1:6307187",39,54,15
"ARY2","s1639_F_HYP_02_ASEReadCounter.table","NW_015090842.1:6307204",45,61,16
"ARY2","s1639_F_HYP_02_ASEReadCounter.table","NW_015090842.1:6307278",44,58,14
"ARY2","s1639_F_HYP_02_ASEReadCounter.table","NW_015090842.1:6307305",47,64,17
"ARY2","s1639_F_HYP_02_ASEReadCounter.table","NW_015090842.1:6307318",47,66,19
"ARY2","s1639_F_HYP_02_ASEReadCounter.table","NW_015090842.1:6307429",41,63,22
"ARY2","s1639_F_HYP_02_ASEReadCounter.table","NW_015090842.1:6307487",38,58,20
"ARY2","s1639_F_HYP_02_ASEReadCounter.table","NW_015090842.1:6307670",50,60,10
"ARYL","s1639_F_HYP_02_ASEReadCounter.table","NW_015090842.1:6313360",1,3,2
"ARYL","s1639_F_HYP_02_ASEReadCounter.table","NW_015090842.1:6313377",0,2,2
"ARYL","s1639_F_HYP_02_ASEReadCounter.table","NW_015090842.1:6313767",1,4,3
"ARY1","s1639_F_HYP_02_ASEReadCounter.table","NW_015090842.1:6314296",4,7,3
"ARY1","s1639_F_HYP_02_ASEReadCounter.table","NW_015090842.1:6314541",1,2,1
"ARY1","s1639_F_HYP_02_ASEReadCounter.table","NW_015090842.1:6314597",5,10,5
"ARY1","s1639_F_HYP_02_ASEReadCounter.table","NW_015090842.1:6314750",2,7,5
"ARY1","s1639_F_HYP_02_ASEReadCounter.table","NW_015090842.1:6314794",5,8,3
"ARY1","s1639_F_HYP_02_ASEReadCounter.table","NW_015090842.1:6314827",7,8,1
"ARY1","s1639_F_HYP_02_ASEReadCounter.table","NW_015090842.1:6314859",6,7,1
"ARY1","s1639_F_HYP_02_ASEReadCounter.table","NW_015090842.1:6314886",5,6,1
"ARY1","s1639_F_HYP_02_ASEReadCounter.table","NW_015090842.1:6315022",8,10,2
"ARY1","s1639_F_HYP_02_ASEReadCounter.table","NW_015090842.1:6315026",7,9,2
"ARY1","s1639_F_HYP_02_ASEReadCounter.table","NW_015090842.1:6315043",7,9,2
"ARY1","s1639_F_HYP_02_ASEReadCounter.table","NW_015090842.1:6315065",6,7,1
"ARY1","s1639_F_HYP_02_ASEReadCounter.table","NW_015090842.1:6315409",6,8,2
"ARY1","s1639_F_HYP_02_ASEReadCounter.table","NW_015090842.1:6315479",3,6,3
"ARY1","s1639_F_HYP_02_ASEReadCounter.table","NW_015090842.1:6318342",5,10,5
"ARY1","s1639_F_HYP_02_ASEReadCounter.table","NW_015090842.1:6318427",15,21,6
"ARY1","s1639_F_HYP_02_ASEReadCounter.table","NW_015090842.1:6318603",15,18,3
"ARY1","s1639_F_HYP_02_ASEReadCounter.table","NW_015090842.1:6318708",7,10,3
"ARY1","s1639_F_HYP_02_ASEReadCounter.table","NW_015090842.1:6318858",14,17,3
"ARY1","s1639_F_HYP_02_ASEReadCounter.table","NW_015090842.1:6318952",14,21,7
"MPHOSPH6","s1639_F_HYP_02_ASEReadCounter.table","NW_015090842.1:6324063",60,112,52
"MPHOSPH6","s1639_F_HYP_02_ASEReadCounter.table","NW_015090842.1:6324174",96,219,123
"MPHOSPH6","s1639_F_HYP_02_ASEReadCounter.table","NW_015090842.1:6324270",138,292,154
"MPHOSPH6","s1639_F_HYP_02_ASEReadCounter.table","NW_015090842.1:6324762",80,173,93
"MPHOSPH6","s1639_F_HYP_02_ASEReadCounter.table","NW_015090842.1:6324780",80,168,88
"MPHOSPH6","s1639_F_HYP_02_ASEReadCounter.table","NW_015090842.1:6324902",68,157,89
"MPHOSPH6","s1639_F_HYP_02_ASEReadCounter.table","NW_015090842.1:6325066",84,162,78
"MPHOSPH6","s1639_F_HYP_02_ASEReadCounter.table","NW_015090842.1:6325089",95,199,104
"MPHOSPH6","s1639_F_HYP_02_ASEReadCounter.table","NW_015090842.1:6325877",69,152,83
"MPHOSPH6","s1639_F_HYP_02_ASEReadCounter.table","NW_015090842.1:6326976",46,104,58
"CDH13","s1639_F_HYP_02_ASEReadCounter.table","NW_015090842.1:6662283",4,5,1
"CDH13","s1639_F_HYP_02_ASEReadCounter.table","NW_015090842.1:6693665",2,11,9
"CDH13","s1639_F_HYP_02_ASEReadCounter.table","NW_015090842.1:6693697",1,8,7
"CDH13","s1639_F_HYP_02_ASEReadCounter.table","NW_015090842.1:6693712",1,10,9
"CDH13","s1639_F_HYP_02_ASEReadCounter.table","NW_015090842.1:6693723",1,11,10
"CDH13","s1639_F_HYP_02_ASEReadCounter.table","NW_015090842.1:6693738",1,11,10
"CDH13","s1639_F_HYP_02_ASEReadCounter.table","NW_015090842.1:6823730",1,7,6
"CDH13","s1639_F_HYP_02_ASEReadCounter.table","NW_015090842.1:6889713",7,14,7
"CDH13","s1639_F_HYP_02_ASEReadCounter.table","NW_015090842.1:6955167",11,30,19
"MLYCD","s1639_F_HYP_02_ASEReadCounter.table","NW_015090842.1:7150054",61,134,73
"MLYCD","s1639_F_HYP_02_ASEReadCounter.table","NW_015090842.1:7150131",98,213,115
"MLYCD","s1639_F_HYP_02_ASEReadCounter.table","NW_015090842.1:7150585",51,110,59
"MLYCD","s1639_F_HYP_02_ASEReadCounter.table","NW_015090842.1:7150686",40,82,42
"MLYCD","s1639_F_HYP_02_ASEReadCounter.table","NW_015090842.1:7150696",49,92,43
"MLYCD","s1639_F_HYP_02_ASEReadCounter.table","NW_015090842.1:7150869",46,87,41
"MLYCD","s1639_F_HYP_02_ASEReadCounter.table","NW_015090842.1:7151100",42,83,41
"MLYCD","s1639_F_HYP_02_ASEReadCounter.table","NW_015090842.1:7151127",44,81,37
"MLYCD","s1639_F_HYP_02_ASEReadCounter.table","NW_015090842.1:7157538",28,63,35
"MLYCD","s1639_F_HYP_02_ASEReadCounter.table","NW_015090842.1:7167662",9,21,12
"MLYCD","s1639_F_HYP_02_ASEReadCounter.table","NW_015090842.1:7167675",7,17,10
"MLYCD","s1639_F_HYP_02_ASEReadCounter.table","NW_015090842.1:7167710",5,15,10
"MLYCD","s1639_F_HYP_02_ASEReadCounter.table","NW_015090842.1:7167781",6,15,9
"MLYCD","s1639_F_HYP_02_ASEReadCounter.table","NW_015090842.1:7167803",7,14,7
"MLYCD","s1639_F_HYP_02_ASEReadCounter.table","NW_015090842.1:7167812",7,13,6
"MLYCD","s1639_F_HYP_02_ASEReadCounter.table","NW_015090842.1:7167845",5,11,6
"MLYCD","s1639_F_HYP_02_ASEReadCounter.table","NW_015090842.1:7167862",5,11,6
"MLYCD","s1639_F_HYP_02_ASEReadCounter.table","NW_015090842.1:7167929",3,8,5
"MLYCD","s1639_F_HYP_02_ASEReadCounter.table","NW_015090842.1:7167995",6,12,6
"MLYCD","s1639_F_HYP_02_ASEReadCounter.table","NW_015090842.1:7168005",7,13,6
"MLYCD","s1639_F_HYP_02_ASEReadCounter.table","NW_015090842.1:7168037",7,11,4
"HSBP1","s1639_F_HYP_02_ASEReadCounter.table","NW_015090842.1:7245192",477,854,377
"HSBP1","s1639_F_HYP_02_ASEReadCounter.table","NW_015090842.1:7245226",533,953,420
"HSBP1","s1639_F_HYP_02_ASEReadCounter.table","NW_015090842.1:7245257",476,862,386
"HSBP1","s1639_F_HYP_02_ASEReadCounter.table","NW_015090842.1:7245296",431,847,416
"HSBP1","s1639_F_HYP_02_ASEReadCounter.table","NW_015090842.1:7245389",572,1045,473
"HSBP1","s1639_F_HYP_02_ASEReadCounter.table","NW_015090842.1:7245400",588,1023,435
"HSBP1","s1639_F_HYP_02_ASEReadCounter.table","NW_015090842.1:7245445",553,986,433
"HSBP1","s1639_F_HYP_02_ASEReadCounter.table","NW_015090842.1:7245495",508,891,383
"HSBP1","s1639_F_HYP_02_ASEReadCounter.table","NW_015090842.1:7245733",293,547,254
"HSBP1","s1639_F_HYP_02_ASEReadCounter.table","NW_015090842.1:7245771",360,613,253
"HSBP1","s1639_F_HYP_02_ASEReadCounter.table","NW_015090842.1:7245813",331,541,210
"HSBP1","s1639_F_HYP_02_ASEReadCounter.table","NW_015090842.1:7245926",385,655,270
"HSBP1","s1639_F_HYP_02_ASEReadCounter.table","NW_015090842.1:7245927",387,648,261
"HSBP1","s1639_F_HYP_02_ASEReadCounter.table","NW_015090842.1:7245933",375,628,253
"HSBP1","s1639_F_HYP_02_ASEReadCounter.table","NW_015090842.1:7246002",255,499,244
"HSBP1","s1639_F_HYP_02_ASEReadCounter.table","NW_015090842.1:7246094",305,508,203
"HSBP1","s1639_F_HYP_02_ASEReadCounter.table","NW_015090842.1:7246167",285,499,214
"HSBP1","s1639_F_HYP_02_ASEReadCounter.table","NW_015090842.1:7246183",286,503,217
"HSBP1","s1639_F_HYP_02_ASEReadCounter.table","NW_015090842.1:7247285",37,48,11
"HSBP1","s1639_F_HYP_02_ASEReadCounter.table","NW_015090842.1:7247651",344,676,332
"HSBP1","s1639_F_HYP_02_ASEReadCounter.table","NW_015090842.1:7247657",332,668,336
"HSBP1","s1639_F_HYP_02_ASEReadCounter.table","NW_015090842.1:7248520",257,481,224
"HSBP1","s1639_F_HYP_02_ASEReadCounter.table","NW_015090842.1:7248535",218,393,175
"KCNG4","s1639_F_HYP_02_ASEReadCounter.table","NW_015090842.1:7282481",1,4,3
"KCNG4","s1639_F_HYP_02_ASEReadCounter.table","NW_015090842.1:7282500",1,5,4
"KCNG4","s1639_F_HYP_02_ASEReadCounter.table","NW_015090842.1:7282542",2,6,4
"KCNG4","s1639_F_HYP_02_ASEReadCounter.table","NW_015090842.1:7282579",1,5,4
"KCNG4","s1639_F_HYP_02_ASEReadCounter.table","NW_015090842.1:7282630",2,7,5
"KCNG4","s1639_F_HYP_02_ASEReadCounter.table","NW_015090842.1:7283056",0,2,2
"KCNG4","s1639_F_HYP_02_ASEReadCounter.table","NW_015090842.1:7283245",1,1,0
"KCNG4","s1639_F_HYP_02_ASEReadCounter.table","NW_015090842.1:7301227",0,1,1
"KCNG4","s1639_F_HYP_02_ASEReadCounter.table","NW_015090842.1:7301240",0,1,1
"WFDC1","s1639_F_HYP_02_ASEReadCounter.table","NW_015090842.1:7366517",1,1,0
"WFDC1","s1639_F_HYP_02_ASEReadCounter.table","NW_015090842.1:7373367",1,2,1
"WFDC1","s1639_F_HYP_02_ASEReadCounter.table","NW_015090842.1:7375828",0,2,2
"WFDC1","s1639_F_HYP_02_ASEReadCounter.table","NW_015090842.1:7378036",0,4,4
"WFDC1","s1639_F_HYP_02_ASEReadCounter.table","NW_015090842.1:7379125",1,3,2
"WFDC1","s1639_F_HYP_02_ASEReadCounter.table","NW_015090842.1:7379451",0,1,1
"WFDC1","s1639_F_HYP_02_ASEReadCounter.table","NW_015090842.1:7379471",0,1,1
"WFDC1","s1639_F_HYP_02_ASEReadCounter.table","NW_015090842.1:7379576",0,1,1
"WFDC1","s1639_F_HYP_02_ASEReadCounter.table","NW_015090842.1:7379596",0,2,2
"WFDC1","s1639_F_HYP_02_ASEReadCounter.table","NW_015090842.1:7379605",0,2,2
"WFDC1","s1639_F_HYP_02_ASEReadCounter.table","NW_015090842.1:7379626",0,1,1
"WFDC1","s1639_F_HYP_02_ASEReadCounter.table","NW_015090842.1:7379631",0,1,1
"WFDC1","s1639_F_HYP_02_ASEReadCounter.table","NW_015090842.1:7379632",0,1,1
"WFDC1","s1639_F_HYP_02_ASEReadCounter.table","NW_015090842.1:7379652",0,3,3
"WFDC1","s1639_F_HYP_02_ASEReadCounter.table","NW_015090842.1:7379669",0,3,3
"WFDC1","s1639_F_HYP_02_ASEReadCounter.table","NW_015090842.1:7379674",0,3,3
"WFDC1","s1639_F_HYP_02_ASEReadCounter.table","NW_015090842.1:7379719",0,3,3
"WFDC1","s1639_F_HYP_02_ASEReadCounter.table","NW_015090842.1:7379735",0,2,2
"WFDC1","s1639_F_HYP_02_ASEReadCounter.table","NW_015090842.1:7379821",1,1,0
"WFDC1","s1639_F_HYP_02_ASEReadCounter.table","NW_015090842.1:7379840",1,1,0
"WFDC1","s1639_F_HYP_02_ASEReadCounter.table","NW_015090842.1:7379933",1,2,1
"WFDC1","s1639_F_HYP_02_ASEReadCounter.table","NW_015090842.1:7379935",1,2,1
"WFDC1","s1639_F_HYP_02_ASEReadCounter.table","NW_015090842.1:7379983",0,1,1
"WFDC1","s1639_F_HYP_02_ASEReadCounter.table","NW_015090842.1:7380060",0,2,2
"WFDC1","s1639_F_HYP_02_ASEReadCounter.table","NW_015090842.1:7380136",0,2,2
"WFDC1","s1639_F_HYP_02_ASEReadCounter.table","NW_015090842.1:7380150",0,2,2
"WFDC1","s1639_F_HYP_02_ASEReadCounter.table","NW_015090842.1:7380164",0,2,2
"WFDC1","s1639_F_HYP_02_ASEReadCounter.table","NW_015090842.1:7380237",1,3,2
"WFDC1","s1639_F_HYP_02_ASEReadCounter.table","NW_015090842.1:7380261",0,1,1
"WFDC1","s1639_F_HYP_02_ASEReadCounter.table","NW_015090842.1:7380567",0,2,2
"WFDC1","s1639_F_HYP_02_ASEReadCounter.table","NW_015090842.1:7380672",0,1,1
"WFDC1","s1639_F_HYP_02_ASEReadCounter.table","NW_015090842.1:7380721",1,2,1
"WFDC1","s1639_F_HYP_02_ASEReadCounter.table","NW_015090842.1:7380743",1,2,1
"WFDC1","s1639_F_HYP_02_ASEReadCounter.table","NW_015090842.1:7380852",0,1,1
"WFDC1","s1639_F_HYP_02_ASEReadCounter.table","NW_015090842.1:7380878",0,2,2
"WFDC1","s1639_F_HYP_02_ASEReadCounter.table","NW_015090842.1:7381081",1,7,6
"WFDC1","s1639_F_HYP_02_ASEReadCounter.table","NW_015090842.1:7381127",0,6,6
"WFDC1","s1639_F_HYP_02_ASEReadCounter.table","NW_015090842.1:7381195",1,1,0
"WFDC1","s1639_F_HYP_02_ASEReadCounter.table","NW_015090842.1:7381253",1,3,2
"WFDC1","s1639_F_HYP_02_ASEReadCounter.table","NW_015090842.1:7381378",0,2,2
"WFDC1","s1639_F_HYP_02_ASEReadCounter.table","NW_015090842.1:7381433",0,3,3
"WFDC1","s1639_F_HYP_02_ASEReadCounter.table","NW_015090842.1:7381434",0,3,3
"WFDC1","s1639_F_HYP_02_ASEReadCounter.table","NW_015090842.1:7381442",1,3,2
"WFDC1","s1639_F_HYP_02_ASEReadCounter.table","NW_015090842.1:7381517",1,4,3
"WFDC1","s1639_F_HYP_02_ASEReadCounter.table","NW_015090842.1:7381520",1,4,3
"WFDC1","s1639_F_HYP_02_ASEReadCounter.table","NW_015090842.1:7381677",0,1,1
"WFDC1","s1639_F_HYP_02_ASEReadCounter.table","NW_015090842.1:7381709",0,1,1
"ATP2C2","s1639_F_HYP_02_ASEReadCounter.table","NW_015090842.1:7397049",4,5,1
"ATP2C2","s1639_F_HYP_02_ASEReadCounter.table","NW_015090842.1:7398395",1,1,0
"ATP2C2","s1639_F_HYP_02_ASEReadCounter.table","NW_015090842.1:7402554",1,2,1
"ATP2C2","s1639_F_HYP_02_ASEReadCounter.table","NW_015090842.1:7402578",1,1,0
"ATP2C2","s1639_F_HYP_02_ASEReadCounter.table","NW_015090842.1:7405621",0,2,2
"ATP2C2","s1639_F_HYP_02_ASEReadCounter.table","NW_015090842.1:7413855",19,32,13
"ATP2C2","s1639_F_HYP_02_ASEReadCounter.table","NW_015090842.1:7413869",5,16,11
"ATP2C2","s1639_F_HYP_02_ASEReadCounter.table","NW_015090842.1:7413875",5,17,12
"TLDC1","s1639_F_HYP_02_ASEReadCounter.table","NW_015090842.1:7421137",22,50,28
"TLDC1","s1639_F_HYP_02_ASEReadCounter.table","NW_015090842.1:7421155",24,56,32
"TLDC1","s1639_F_HYP_02_ASEReadCounter.table","NW_015090842.1:7421218",21,49,28
"TLDC1","s1639_F_HYP_02_ASEReadCounter.table","NW_015090842.1:7421399",12,36,24
"TLDC1","s1639_F_HYP_02_ASEReadCounter.table","NW_015090842.1:7421402",12,34,22
"TLDC1","s1639_F_HYP_02_ASEReadCounter.table","NW_015090842.1:7421528",19,47,28
"TLDC1","s1639_F_HYP_02_ASEReadCounter.table","NW_015090842.1:7421532",19,48,29
"TLDC1","s1639_F_HYP_02_ASEReadCounter.table","NW_015090842.1:7421621",20,39,19
"TLDC1","s1639_F_HYP_02_ASEReadCounter.table","NW_015090842.1:7421647",19,37,18
"TLDC1","s1639_F_HYP_02_ASEReadCounter.table","NW_015090842.1:7421657",19,35,16
"TLDC1","s1639_F_HYP_02_ASEReadCounter.table","NW_015090842.1:7421693",26,45,19
"TLDC1","s1639_F_HYP_02_ASEReadCounter.table","NW_015090842.1:7421796",18,37,19
"TLDC1","s1639_F_HYP_02_ASEReadCounter.table","NW_015090842.1:7421810",21,41,20
"TLDC1","s1639_F_HYP_02_ASEReadCounter.table","NW_015090842.1:7421833",20,35,15
"TLDC1","s1639_F_HYP_02_ASEReadCounter.table","NW_015090842.1:7421879",23,40,17
"TLDC1","s1639_F_HYP_02_ASEReadCounter.table","NW_015090842.1:7421914",19,33,14
"TLDC1","s1639_F_HYP_02_ASEReadCounter.table","NW_015090842.1:7421969",16,25,9
"TLDC1","s1639_F_HYP_02_ASEReadCounter.table","NW_015090842.1:7422015",14,28,14
"TLDC1","s1639_F_HYP_02_ASEReadCounter.table","NW_015090842.1:7422042",21,36,15
"TLDC1","s1639_F_HYP_02_ASEReadCounter.table","NW_015090842.1:7422230",27,45,18
"TLDC1","s1639_F_HYP_02_ASEReadCounter.table","NW_015090842.1:7423349",24,46,22
"TLDC1","s1639_F_HYP_02_ASEReadCounter.table","NW_015090842.1:7423362",22,46,24
"TLDC1","s1639_F_HYP_02_ASEReadCounter.table","NW_015090842.1:7426091",10,19,9
"TLDC1","s1639_F_HYP_02_ASEReadCounter.table","NW_015090842.1:7426485",10,25,15
"TLDC1","s1639_F_HYP_02_ASEReadCounter.table","NW_015090842.1:7427211",14,26,12
"TLDC1","s1639_F_HYP_02_ASEReadCounter.table","NW_015090842.1:7428179",4,11,7
"COTL1","s1639_F_HYP_02_ASEReadCounter.table","NW_015090842.1:7490744",579,1286,707
"COTL1","s1639_F_HYP_02_ASEReadCounter.table","NW_015090842.1:7491051",368,805,437
"COTL1","s1639_F_HYP_02_ASEReadCounter.table","NW_015090842.1:7491124",355,771,416
"COTL1","s1639_F_HYP_02_ASEReadCounter.table","NW_015090842.1:7491418",180,416,236
"COTL1","s1639_F_HYP_02_ASEReadCounter.table","NW_015090842.1:7491539",144,323,179
"COTL1","s1639_F_HYP_02_ASEReadCounter.table","NW_015090842.1:7491585",207,472,265
"COTL1","s1639_F_HYP_02_ASEReadCounter.table","NW_015090842.1:7491586",201,483,282
"COTL1","s1639_F_HYP_02_ASEReadCounter.table","NW_015090842.1:7491646",301,666,365
"COTL1","s1639_F_HYP_02_ASEReadCounter.table","NW_015090842.1:7491747",232,517,285
"COTL1","s1639_F_HYP_02_ASEReadCounter.table","NW_015090842.1:7491803",196,456,260
"COTL1","s1639_F_HYP_02_ASEReadCounter.table","NW_015090842.1:7513196",0,1,1
"COTL1","s1639_F_HYP_02_ASEReadCounter.table","NW_015090842.1:7513223",0,1,1
"COTL1","s1639_F_HYP_02_ASEReadCounter.table","NW_015090842.1:7513239",0,1,1
"KLHL36","s1639_F_HYP_02_ASEReadCounter.table","NW_015090842.1:7514700",34,42,8
"KLHL36","s1639_F_HYP_02_ASEReadCounter.table","NW_015090842.1:7519691",1,4,3
"KLHL36","s1639_F_HYP_02_ASEReadCounter.table","NW_015090842.1:7519696",1,4,3
"KLHL36","s1639_F_HYP_02_ASEReadCounter.table","NW_015090842.1:7526160",11,31,20
"KLHL36","s1639_F_HYP_02_ASEReadCounter.table","NW_015090842.1:7526469",10,24,14
"KLHL36","s1639_F_HYP_02_ASEReadCounter.table","NW_015090842.1:7526587",7,21,14
"KLHL36","s1639_F_HYP_02_ASEReadCounter.table","NW_015090842.1:7526997",10,21,11
"KLHL36","s1639_F_HYP_02_ASEReadCounter.table","NW_015090842.1:7527142",8,21,13
"KLHL36","s1639_F_HYP_02_ASEReadCounter.table","NW_015090842.1:7535174",27,55,28
"KLHL36","s1639_F_HYP_02_ASEReadCounter.table","NW_015090842.1:7535384",23,47,24
"KLHL36","s1639_F_HYP_02_ASEReadCounter.table","NW_015090842.1:7535420",24,49,25
"KLHL36","s1639_F_HYP_02_ASEReadCounter.table","NW_015090842.1:7535545",12,23,11
"KLHL36","s1639_F_HYP_02_ASEReadCounter.table","NW_015090842.1:7535829",18,29,11
"KLHL36","s1639_F_HYP_02_ASEReadCounter.table","NW_015090842.1:7535977",17,37,20
"KLHL36","s1639_F_HYP_02_ASEReadCounter.table","NW_015090842.1:7536010",15,31,16
"KLHL36","s1639_F_HYP_02_ASEReadCounter.table","NW_015090842.1:7536051",18,39,21
"KLHL36","s1639_F_HYP_02_ASEReadCounter.table","NW_015090842.1:7536096",27,58,31
"KLHL36","s1639_F_HYP_02_ASEReadCounter.table","NW_015090842.1:7536135",23,48,25
"KLHL36","s1639_F_HYP_02_ASEReadCounter.table","NW_015090842.1:7536136",23,47,24
"KLHL36","s1639_F_HYP_02_ASEReadCounter.table","NW_015090842.1:7536160",20,44,24
"KLHL36","s1639_F_HYP_02_ASEReadCounter.table","NW_015090842.1:7536336",27,51,24
"KLHL36","s1639_F_HYP_02_ASEReadCounter.table","NW_015090842.1:7536352",18,45,27
"KLHL36","s1639_F_HYP_02_ASEReadCounter.table","NW_015090842.1:7536412",13,42,29
"KLHL36","s1639_F_HYP_02_ASEReadCounter.table","NW_015090842.1:7536418",12,42,30
"KLHL36","s1639_F_HYP_02_ASEReadCounter.table","NW_015090842.1:7536465",19,40,21
"KLHL36","s1639_F_HYP_02_ASEReadCounter.table","NW_015090842.1:7536466",20,39,19
"KLHL36","s1639_F_HYP_02_ASEReadCounter.table","NW_015090842.1:7536553",28,54,26
"KLHL36","s1639_F_HYP_02_ASEReadCounter.table","NW_015090842.1:7536698",24,58,34
"KLHL36","s1639_F_HYP_02_ASEReadCounter.table","NW_015090842.1:7536713",11,56,45
"KLHL36","s1639_F_HYP_02_ASEReadCounter.table","NW_015090842.1:7536720",21,55,34
"KLHL36","s1639_F_HYP_02_ASEReadCounter.table","NW_015090842.1:7536791",29,60,31
"KLHL36","s1639_F_HYP_02_ASEReadCounter.table","NW_015090842.1:7536849",34,61,27
"KLHL36","s1639_F_HYP_02_ASEReadCounter.table","NW_015090842.1:7536872",36,75,39
"KLHL36","s1639_F_HYP_02_ASEReadCounter.table","NW_015090842.1:7536878",39,73,34
"KLHL36","s1639_F_HYP_02_ASEReadCounter.table","NW_015090842.1:7536916",45,79,34
"KLHL36","s1639_F_HYP_02_ASEReadCounter.table","NW_015090842.1:7536927",39,84,45
"KLHL36","s1639_F_HYP_02_ASEReadCounter.table","NW_015090842.1:7537315",44,84,40
"KLHL36","s1639_F_HYP_02_ASEReadCounter.table","NW_015090842.1:7537352",30,68,38
"KLHL36","s1639_F_HYP_02_ASEReadCounter.table","NW_015090842.1:7537631",62,111,49
"KLHL36","s1639_F_HYP_02_ASEReadCounter.table","NW_015090842.1:7537830",84,148,64
"KLHL36","s1639_F_HYP_02_ASEReadCounter.table","NW_015090842.1:7537838",80,143,63
"KLHL36","s1639_F_HYP_02_ASEReadCounter.table","NW_015090842.1:7538153",67,141,74
"KLHL36","s1639_F_HYP_02_ASEReadCounter.table","NW_015090842.1:7538256",42,105,63
"KLHL36","s1639_F_HYP_02_ASEReadCounter.table","NW_015090842.1:7538265",42,104,62
"KLHL36","s1639_F_HYP_02_ASEReadCounter.table","NW_015090842.1:7538300",42,106,64
"USP10","s1639_F_HYP_02_ASEReadCounter.table","NW_015090842.1:7563972",5,7,2
"USP10","s1639_F_HYP_02_ASEReadCounter.table","NW_015090842.1:7571816",8,22,14
"USP10","s1639_F_HYP_02_ASEReadCounter.table","NW_015090842.1:7571993",12,25,13
"USP10","s1639_F_HYP_02_ASEReadCounter.table","NW_015090842.1:7572580",20,43,23
"USP10","s1639_F_HYP_02_ASEReadCounter.table","NW_015090842.1:7587372",68,160,92
"CRISPLD2","s1639_F_HYP_02_ASEReadCounter.table","NW_015090842.1:7604605",1,1,0
"CRISPLD2","s1639_F_HYP_02_ASEReadCounter.table","NW_015090842.1:7617757",1,1,0
"CRISPLD2","s1639_F_HYP_02_ASEReadCounter.table","NW_015090842.1:7625451",1,1,0
"CRISPLD2","s1639_F_HYP_02_ASEReadCounter.table","NW_015090842.1:7626214",1,1,0
"CRISPLD2","s1639_F_HYP_02_ASEReadCounter.table","NW_015090842.1:7630784",1,1,0
"CRISPLD2","s1639_F_HYP_02_ASEReadCounter.table","NW_015090842.1:7630823",1,1,0
"CRISPLD2","s1639_F_HYP_02_ASEReadCounter.table","NW_015090842.1:7633172",4,4,0
"CRISPLD2","s1639_F_HYP_02_ASEReadCounter.table","NW_015090842.1:7633326",3,4,1
"CRISPLD2","s1639_F_HYP_02_ASEReadCounter.table","NW_015090842.1:7633336",3,4,1
"CRISPLD2","s1639_F_HYP_02_ASEReadCounter.table","NW_015090842.1:7633381",2,3,1
"CRISPLD2","s1639_F_HYP_02_ASEReadCounter.table","NW_015090842.1:7633388",3,4,1
"CRISPLD2","s1639_F_HYP_02_ASEReadCounter.table","NW_015090842.1:7633400",3,4,1
"CRISPLD2","s1639_F_HYP_02_ASEReadCounter.table","NW_015090842.1:7633486",1,1,0
"CRISPLD2","s1639_F_HYP_02_ASEReadCounter.table","NW_015090842.1:7633503",1,2,1
"CRISPLD2","s1639_F_HYP_02_ASEReadCounter.table","NW_015090842.1:7633504",1,2,1
"CRISPLD2","s1639_F_HYP_02_ASEReadCounter.table","NW_015090842.1:7633557",1,2,1
"CRISPLD2","s1639_F_HYP_02_ASEReadCounter.table","NW_015090842.1:7633571",2,3,1
"CRISPLD2","s1639_F_HYP_02_ASEReadCounter.table","NW_015090842.1:7633588",2,3,1
"CRISPLD2","s1639_F_HYP_02_ASEReadCounter.table","NW_015090842.1:7633617",2,2,0
"CRISPLD2","s1639_F_HYP_02_ASEReadCounter.table","NW_015090842.1:7633695",3,3,0
"CRISPLD2","s1639_F_HYP_02_ASEReadCounter.table","NW_015090842.1:7633721",4,4,0
"CRISPLD2","s1639_F_HYP_02_ASEReadCounter.table","NW_015090842.1:7633888",1,1,0
"CRISPLD2","s1639_F_HYP_02_ASEReadCounter.table","NW_015090842.1:7633910",1,1,0
"CRISPLD2","s1639_F_HYP_02_ASEReadCounter.table","NW_015090842.1:7634142",0,1,1
"CRISPLD2","s1639_F_HYP_02_ASEReadCounter.table","NW_015090842.1:7634417",3,3,0
"CRISPLD2","s1639_F_HYP_02_ASEReadCounter.table","NW_015090842.1:7634825",0,1,1
"CRISPLD2","s1639_F_HYP_02_ASEReadCounter.table","NW_015090842.1:7634852",0,2,2
"CRISPLD2","s1639_F_HYP_02_ASEReadCounter.table","NW_015090842.1:7635009",3,3,0
"CRISPLD2","s1639_F_HYP_02_ASEReadCounter.table","NW_015090842.1:7635208",1,1,0
"CRISPLD2","s1639_F_HYP_02_ASEReadCounter.table","NW_015090842.1:7635373",3,4,1
"CRISPLD2","s1639_F_HYP_02_ASEReadCounter.table","NW_015090842.1:7635525",3,4,1
"CRISPLD2","s1639_F_HYP_02_ASEReadCounter.table","NW_015090842.1:7635583",2,3,1
"CRISPLD2","s1639_F_HYP_02_ASEReadCounter.table","NW_015090842.1:7635924",4,5,1
"LOC106888312","s1639_F_HYP_02_ASEReadCounter.table","NW_015090842.1:7713031",1,1,0
"LOC106888312","s1639_F_HYP_02_ASEReadCounter.table","NW_015090842.1:7727036",1,1,0
"LOC106888312","s1639_F_HYP_02_ASEReadCounter.table","NW_015090842.1:7727072",1,1,0
"LOC106888312","s1639_F_HYP_02_ASEReadCounter.table","NW_015090842.1:7732244",1,1,0
"LOC106888312","s1639_F_HYP_02_ASEReadCounter.table","NW_015090842.1:7732443",1,3,2
"LOC106888312","s1639_F_HYP_02_ASEReadCounter.table","NW_015090842.1:7732444",1,3,2
"LOC106888312","s1639_F_HYP_02_ASEReadCounter.table","NW_015090842.1:7732538",2,2,0
"LOC106888312","s1639_F_HYP_02_ASEReadCounter.table","NW_015090842.1:7732548",2,2,0
"LOC106888312","s1639_F_HYP_02_ASEReadCounter.table","NW_015090842.1:7732576",1,1,0
"LOC106888312","s1639_F_HYP_02_ASEReadCounter.table","NW_015090842.1:7732580",1,1,0
"LOC106888312","s1639_F_HYP_02_ASEReadCounter.table","NW_015090842.1:7733470",2,2,0
"LOC106888312","s1639_F_HYP_02_ASEReadCounter.table","NW_015090842.1:7733471",2,2,0
"LOC106888312","s1639_F_HYP_02_ASEReadCounter.table","NW_015090842.1:7733472",2,2,0
"LOC106888312","s1639_F_HYP_02_ASEReadCounter.table","NW_015090842.1:7733507",2,2,0
"LOC106888312","s1639_F_HYP_02_ASEReadCounter.table","NW_015090842.1:7733508",2,2,0
"LOC106888312","s1639_F_HYP_02_ASEReadCounter.table","NW_015090842.1:7733518",1,1,0
"LOC106888312","s1639_F_HYP_02_ASEReadCounter.table","NW_015090842.1:7733609",1,2,1
"LOC106888312","s1639_F_HYP_02_ASEReadCounter.table","NW_015090842.1:7733631",1,2,1
"ZDHHC7","s1639_F_HYP_02_ASEReadCounter.table","NW_015090842.1:7737199",34,68,34
"ZDHHC7","s1639_F_HYP_02_ASEReadCounter.table","NW_015090842.1:7737332",21,47,26
"ZDHHC7","s1639_F_HYP_02_ASEReadCounter.table","NW_015090842.1:7737553",31,69,38
"ZDHHC7","s1639_F_HYP_02_ASEReadCounter.table","NW_015090842.1:7737920",21,36,15
"ZDHHC7","s1639_F_HYP_02_ASEReadCounter.table","NW_015090842.1:7737953",22,37,15
"ZDHHC7","s1639_F_HYP_02_ASEReadCounter.table","NW_015090842.1:7737987",19,36,17
"ZDHHC7","s1639_F_HYP_02_ASEReadCounter.table","NW_015090842.1:7738068",10,24,14
"ZDHHC7","s1639_F_HYP_02_ASEReadCounter.table","NW_015090842.1:7738204",12,28,16
"LOC106888097","s1639_F_HYP_02_ASEReadCounter.table","NW_015090842.1:7767178",4,5,1
"LOC106888097","s1639_F_HYP_02_ASEReadCounter.table","NW_015090842.1:7767187",5,9,4
"LOC106888097","s1639_F_HYP_02_ASEReadCounter.table","NW_015090842.1:7768144",9,19,10
"LOC106888097","s1639_F_HYP_02_ASEReadCounter.table","NW_015090842.1:7768196",6,16,10
"LOC106888097","s1639_F_HYP_02_ASEReadCounter.table","NW_015090842.1:7769884",10,25,15
"LOC106888097","s1639_F_HYP_02_ASEReadCounter.table","NW_015090842.1:7769893",9,20,11
"LOC106888097","s1639_F_HYP_02_ASEReadCounter.table","NW_015090842.1:7770245",13,35,22
"LOC106888097","s1639_F_HYP_02_ASEReadCounter.table","NW_015090842.1:7772402",15,37,22
"LOC106888097","s1639_F_HYP_02_ASEReadCounter.table","NW_015090842.1:7772483",27,50,23
"LOC106888097","s1639_F_HYP_02_ASEReadCounter.table","NW_015090842.1:7772490",26,48,22
"LOC106888097","s1639_F_HYP_02_ASEReadCounter.table","NW_015090842.1:7774281",14,35,21
"LOC106888097","s1639_F_HYP_02_ASEReadCounter.table","NW_015090842.1:7774552",35,78,43
"LOC106888097","s1639_F_HYP_02_ASEReadCounter.table","NW_015090842.1:7774564",32,74,42
"LOC106888097","s1639_F_HYP_02_ASEReadCounter.table","NW_015090842.1:7774611",28,68,40
"LOC106888097","s1639_F_HYP_02_ASEReadCounter.table","NW_015090842.1:7774681",33,63,30
"LOC106888097","s1639_F_HYP_02_ASEReadCounter.table","NW_015090842.1:7774698",25,52,27
"LOC106888097","s1639_F_HYP_02_ASEReadCounter.table","NW_015090842.1:7774730",17,30,13
"LOC106888097","s1639_F_HYP_02_ASEReadCounter.table","NW_015090842.1:7774778",5,9,4
"LOC106888097","s1639_F_HYP_02_ASEReadCounter.table","NW_015090842.1:7774793",5,9,4
"FOXC2","s1639_F_HYP_02_ASEReadCounter.table","NW_015090842.1:8129599",2,8,6
"FOXC2","s1639_F_HYP_02_ASEReadCounter.table","NW_015090842.1:8129616",4,7,3
"FOXC2","s1639_F_HYP_02_ASEReadCounter.table","NW_015090842.1:8129715",2,4,2
"FOXC2","s1639_F_HYP_02_ASEReadCounter.table","NW_015090842.1:8129719",2,5,3
"FOXC2","s1639_F_HYP_02_ASEReadCounter.table","NW_015090842.1:8130244",0,1,1
"FOXC2","s1639_F_HYP_02_ASEReadCounter.table","NW_015090842.1:8130472",0,2,2
"FOXC2","s1639_F_HYP_02_ASEReadCounter.table","NW_015090842.1:8130490",0,2,2
"MTHFSD","s1639_F_HYP_02_ASEReadCounter.table","NW_015090842.1:8140051",7,16,9
"MTHFSD","s1639_F_HYP_02_ASEReadCounter.table","NW_015090842.1:8142923",14,32,18
"MTHFSD","s1639_F_HYP_02_ASEReadCounter.table","NW_015090842.1:8143029",12,29,17
"MTHFSD","s1639_F_HYP_02_ASEReadCounter.table","NW_015090842.1:8152035",26,48,22
"MTHFSD","s1639_F_HYP_02_ASEReadCounter.table","NW_015090842.1:8152315",13,28,15
"MTHFSD","s1639_F_HYP_02_ASEReadCounter.table","NW_015090842.1:8152511",12,34,22
"MTHFSD","s1639_F_HYP_02_ASEReadCounter.table","NW_015090842.1:8152518",11,31,20
"MTHFSD","s1639_F_HYP_02_ASEReadCounter.table","NW_015090842.1:8152553",8,26,18
"MTHFSD","s1639_F_HYP_02_ASEReadCounter.table","NW_015090842.1:8152773",18,41,23
"MTHFSD","s1639_F_HYP_02_ASEReadCounter.table","NW_015090842.1:8152805",18,42,24
"FOXF1","s1639_F_HYP_02_ASEReadCounter.table","NW_015090842.1:8164789",1,1,0
"FOXF1","s1639_F_HYP_02_ASEReadCounter.table","NW_015090842.1:8167113",1,1,0
"IRF8","s1639_F_HYP_02_ASEReadCounter.table","NW_015090842.1:8406652",8,22,14
"IRF8","s1639_F_HYP_02_ASEReadCounter.table","NW_015090842.1:8406703",9,21,12
"IRF8","s1639_F_HYP_02_ASEReadCounter.table","NW_015090842.1:8406704",9,21,12
"IRF8","s1639_F_HYP_02_ASEReadCounter.table","NW_015090842.1:8406757",18,36,18
"IRF8","s1639_F_HYP_02_ASEReadCounter.table","NW_015090842.1:8406778",18,36,18
"IRF8","s1639_F_HYP_02_ASEReadCounter.table","NW_015090842.1:8406819",16,35,19
"IRF8","s1639_F_HYP_02_ASEReadCounter.table","NW_015090842.1:8406941",9,20,11
"IRF8","s1639_F_HYP_02_ASEReadCounter.table","NW_015090842.1:8407008",9,21,12
"IRF8","s1639_F_HYP_02_ASEReadCounter.table","NW_015090842.1:8407057",12,23,11
"IRF8","s1639_F_HYP_02_ASEReadCounter.table","NW_015090842.1:8407064",11,21,10
"IRF8","s1639_F_HYP_02_ASEReadCounter.table","NW_015090842.1:8407069",11,22,11
"IRF8","s1639_F_HYP_02_ASEReadCounter.table","NW_015090842.1:8407120",11,19,8
"IRF8","s1639_F_HYP_02_ASEReadCounter.table","NW_015090842.1:8407157",10,20,10
"IRF8","s1639_F_HYP_02_ASEReadCounter.table","NW_015090842.1:8407203",10,19,9
"IRF8","s1639_F_HYP_02_ASEReadCounter.table","NW_015090842.1:8407272",22,32,10
"IRF8","s1639_F_HYP_02_ASEReadCounter.table","NW_015090842.1:8407276",23,33,10
"IRF8","s1639_F_HYP_02_ASEReadCounter.table","NW_015090842.1:8407303",25,38,13
"IRF8","s1639_F_HYP_02_ASEReadCounter.table","NW_015090842.1:8407451",12,18,6
"IRF8","s1639_F_HYP_02_ASEReadCounter.table","NW_015090842.1:8407456",12,18,6
"IRF8","s1639_F_HYP_02_ASEReadCounter.table","NW_015090842.1:8408564",11,17,6
"IRF8","s1639_F_HYP_02_ASEReadCounter.table","NW_015090842.1:8408585",19,19,0
"IRF8","s1639_F_HYP_02_ASEReadCounter.table","NW_015090842.1:8408973",14,21,7
"IRF8","s1639_F_HYP_02_ASEReadCounter.table","NW_015090842.1:8409060",5,13,8
"IRF8","s1639_F_HYP_02_ASEReadCounter.table","NW_015090842.1:8409065",5,13,8
"IRF8","s1639_F_HYP_02_ASEReadCounter.table","NW_015090842.1:8409254",6,13,7
"IRF8","s1639_F_HYP_02_ASEReadCounter.table","NW_015090842.1:8409255",6,13,7
"IRF8","s1639_F_HYP_02_ASEReadCounter.table","NW_015090842.1:8409258",6,13,7
"IRF8","s1639_F_HYP_02_ASEReadCounter.table","NW_015090842.1:8409312",8,18,10
"IRF8","s1639_F_HYP_02_ASEReadCounter.table","NW_015090842.1:8410216",7,16,9
"IRF8","s1639_F_HYP_02_ASEReadCounter.table","NW_015090842.1:8410237",7,16,9
"IRF8","s1639_F_HYP_02_ASEReadCounter.table","NW_015090842.1:8410276",21,21,0
"IRF8","s1639_F_HYP_02_ASEReadCounter.table","NW_015090842.1:8410813",14,26,12
"IRF8","s1639_F_HYP_02_ASEReadCounter.table","NW_015090842.1:8410861",13,27,14
"IRF8","s1639_F_HYP_02_ASEReadCounter.table","NW_015090842.1:8411940",10,19,9
"IRF8","s1639_F_HYP_02_ASEReadCounter.table","NW_015090842.1:8412006",7,13,6
"IRF8","s1639_F_HYP_02_ASEReadCounter.table","NW_015090842.1:8412042",5,8,3
"DUSP15","s1639_F_HYP_02_ASEReadCounter.table","NW_015090842.1:8422832",2,2,0
"DUSP15","s1639_F_HYP_02_ASEReadCounter.table","NW_015090842.1:8422898",1,1,0
"DUSP15","s1639_F_HYP_02_ASEReadCounter.table","NW_015090842.1:8422909",1,1,0
"COX4I1","s1639_F_HYP_02_ASEReadCounter.table","NW_015090842.1:8442258",1243,2474,1231
"COX4I1","s1639_F_HYP_02_ASEReadCounter.table","NW_015090842.1:8442333",1071,1990,919
"EMC8","s1639_F_HYP_02_ASEReadCounter.table","NW_015090842.1:8444046",42,93,51
"EMC8","s1639_F_HYP_02_ASEReadCounter.table","NW_015090842.1:8444064",36,79,43
"EMC8","s1639_F_HYP_02_ASEReadCounter.table","NW_015090842.1:8452029",22,65,43
"EMC8","s1639_F_HYP_02_ASEReadCounter.table","NW_015090842.1:8452116",26,75,49
"EMC8","s1639_F_HYP_02_ASEReadCounter.table","NW_015090842.1:8452121",24,73,49
"EMC8","s1639_F_HYP_02_ASEReadCounter.table","NW_015090842.1:8452222",32,60,28
"EMC8","s1639_F_HYP_02_ASEReadCounter.table","NW_015090842.1:8452244",35,76,41
"EMC8","s1639_F_HYP_02_ASEReadCounter.table","NW_015090842.1:8452477",19,35,16
"EMC8","s1639_F_HYP_02_ASEReadCounter.table","NW_015090842.1:8452498",14,33,19
"EMC8","s1639_F_HYP_02_ASEReadCounter.table","NW_015090842.1:8452535",8,18,10
"EMC8","s1639_F_HYP_02_ASEReadCounter.table","NW_015090842.1:8452575",8,18,10
"EMC8","s1639_F_HYP_02_ASEReadCounter.table","NW_015090842.1:8452600",11,21,10
"EMC8","s1639_F_HYP_02_ASEReadCounter.table","NW_015090842.1:8452616",12,23,11
"EMC8","s1639_F_HYP_02_ASEReadCounter.table","NW_015090842.1:8452630",13,20,7
"EMC8","s1639_F_HYP_02_ASEReadCounter.table","NW_015090842.1:8452650",12,20,8
"EMC8","s1639_F_HYP_02_ASEReadCounter.table","NW_015090842.1:8452678",15,28,13
"EMC8","s1639_F_HYP_02_ASEReadCounter.table","NW_015090842.1:8452724",12,27,15
"EMC8","s1639_F_HYP_02_ASEReadCounter.table","NW_015090842.1:8452731",12,27,15
"EMC8","s1639_F_HYP_02_ASEReadCounter.table","NW_015090842.1:8452743",10,26,16
"EMC8","s1639_F_HYP_02_ASEReadCounter.table","NW_015090842.1:8452750",10,26,16
"EMC8","s1639_F_HYP_02_ASEReadCounter.table","NW_015090842.1:8452778",6,16,10
"EMC8","s1639_F_HYP_02_ASEReadCounter.table","NW_015090842.1:8452783",7,19,12
"EMC8","s1639_F_HYP_02_ASEReadCounter.table","NW_015090842.1:8452800",13,23,10
"EMC8","s1639_F_HYP_02_ASEReadCounter.table","NW_015090842.1:8452804",12,23,11
"EMC8","s1639_F_HYP_02_ASEReadCounter.table","NW_015090842.1:8452812",14,26,12
"EMC8","s1639_F_HYP_02_ASEReadCounter.table","NW_015090842.1:8452858",21,40,19
"EMC8","s1639_F_HYP_02_ASEReadCounter.table","NW_015090842.1:8452906",22,45,23
"EMC8","s1639_F_HYP_02_ASEReadCounter.table","NW_015090842.1:8452913",23,44,21
"EMC8","s1639_F_HYP_02_ASEReadCounter.table","NW_015090842.1:8453000",21,34,13
"EMC8","s1639_F_HYP_02_ASEReadCounter.table","NW_015090842.1:8453007",25,41,16
"EMC8","s1639_F_HYP_02_ASEReadCounter.table","NW_015090842.1:8453058",17,36,19
"EMC8","s1639_F_HYP_02_ASEReadCounter.table","NW_015090842.1:8453106",11,30,19
"GINS2","s1639_F_HYP_02_ASEReadCounter.table","NW_015090842.1:8466420",7,10,3
"GINS2","s1639_F_HYP_02_ASEReadCounter.table","NW_015090842.1:8466424",7,10,3
"GINS2","s1639_F_HYP_02_ASEReadCounter.table","NW_015090842.1:8466518",5,8,3
"GINS2","s1639_F_HYP_02_ASEReadCounter.table","NW_015090842.1:8468482",15,19,4
"GINS2","s1639_F_HYP_02_ASEReadCounter.table","NW_015090842.1:8470290",34,36,2
"GINS2","s1639_F_HYP_02_ASEReadCounter.table","NW_015090842.1:8470305",32,35,3
"GINS2","s1639_F_HYP_02_ASEReadCounter.table","NW_015090842.1:8470381",24,27,3
"GINS2","s1639_F_HYP_02_ASEReadCounter.table","NW_015090842.1:8470418",21,25,4
"GINS2","s1639_F_HYP_02_ASEReadCounter.table","NW_015090842.1:8470421",18,22,4
"GINS2","s1639_F_HYP_02_ASEReadCounter.table","NW_015090842.1:8470430",13,17,4
"GINS2","s1639_F_HYP_02_ASEReadCounter.table","NW_015090842.1:8470433",14,18,4
"GINS2","s1639_F_HYP_02_ASEReadCounter.table","NW_015090842.1:8470457",8,11,3
"GINS2","s1639_F_HYP_02_ASEReadCounter.table","NW_015090842.1:8470491",20,25,5
"GINS2","s1639_F_HYP_02_ASEReadCounter.table","NW_015090842.1:8470548",30,37,7
"GINS2","s1639_F_HYP_02_ASEReadCounter.table","NW_015090842.1:8470649",23,28,5
"GSE1","s1639_F_HYP_02_ASEReadCounter.table","NW_015090842.1:8475362",52,107,55
"GSE1","s1639_F_HYP_02_ASEReadCounter.table","NW_015090842.1:8475961",25,36,11
"GSE1","s1639_F_HYP_02_ASEReadCounter.table","NW_015090842.1:8476027",17,35,18
"GSE1","s1639_F_HYP_02_ASEReadCounter.table","NW_015090842.1:8476159",5,11,6
"GSE1","s1639_F_HYP_02_ASEReadCounter.table","NW_015090842.1:8477442",0,16,16
"GSE1","s1639_F_HYP_02_ASEReadCounter.table","NW_015090842.1:8477448",0,19,19
"GSE1","s1639_F_HYP_02_ASEReadCounter.table","NW_015090842.1:8477662",1,10,9
"GSE1","s1639_F_HYP_02_ASEReadCounter.table","NW_015090842.1:8477933",9,18,9
"GSE1","s1639_F_HYP_02_ASEReadCounter.table","NW_015090842.1:8477945",9,18,9
"GSE1","s1639_F_HYP_02_ASEReadCounter.table","NW_015090842.1:8483272",3,17,14
"GSE1","s1639_F_HYP_02_ASEReadCounter.table","NW_015090842.1:8483367",2,6,4
"GSE1","s1639_F_HYP_02_ASEReadCounter.table","NW_015090842.1:8483411",1,3,2
"GSE1","s1639_F_HYP_02_ASEReadCounter.table","NW_015090842.1:8483756",2,13,11
"GSE1","s1639_F_HYP_02_ASEReadCounter.table","NW_015090842.1:8486867",12,24,12
"GSE1","s1639_F_HYP_02_ASEReadCounter.table","NW_015090842.1:8486939",16,33,17
"GSE1","s1639_F_HYP_02_ASEReadCounter.table","NW_015090842.1:8486945",17,34,17
"GSE1","s1639_F_HYP_02_ASEReadCounter.table","NW_015090842.1:8486993",13,29,16
"GSE1","s1639_F_HYP_02_ASEReadCounter.table","NW_015090842.1:8487062",11,25,14
"GSE1","s1639_F_HYP_02_ASEReadCounter.table","NW_015090842.1:8488065",9,17,8
"GSE1","s1639_F_HYP_02_ASEReadCounter.table","NW_015090842.1:8488457",4,5,1
"GSE1","s1639_F_HYP_02_ASEReadCounter.table","NW_015090842.1:8488463",4,5,1
"GSE1","s1639_F_HYP_02_ASEReadCounter.table","NW_015090842.1:8488490",6,6,0
"GSE1","s1639_F_HYP_02_ASEReadCounter.table","NW_015090842.1:8488505",5,9,4
"GSE1","s1639_F_HYP_02_ASEReadCounter.table","NW_015090842.1:8490180",0,9,9
"KIAA0513","s1639_F_HYP_02_ASEReadCounter.table","NW_015090842.1:8668363",58,135,77
"KIAA0513","s1639_F_HYP_02_ASEReadCounter.table","NW_015090842.1:8668387",54,126,72
"KIAA0513","s1639_F_HYP_02_ASEReadCounter.table","NW_015090842.1:8668390",54,127,73
"KIAA0513","s1639_F_HYP_02_ASEReadCounter.table","NW_015090842.1:8673107",43,95,52
"KIAA0513","s1639_F_HYP_02_ASEReadCounter.table","NW_015090842.1:8673147",55,115,60
"KIAA0513","s1639_F_HYP_02_ASEReadCounter.table","NW_015090842.1:8674661",36,69,33
"KIAA0513","s1639_F_HYP_02_ASEReadCounter.table","NW_015090842.1:8674685",36,72,36
"KIAA0513","s1639_F_HYP_02_ASEReadCounter.table","NW_015090842.1:8674730",22,54,32
"KIAA0513","s1639_F_HYP_02_ASEReadCounter.table","NW_015090842.1:8675525",21,63,42
"KIAA0513","s1639_F_HYP_02_ASEReadCounter.table","NW_015090842.1:8675561",22,70,48
"KIAA0513","s1639_F_HYP_02_ASEReadCounter.table","NW_015090842.1:8678608",0,10,10
"KIAA0513","s1639_F_HYP_02_ASEReadCounter.table","NW_015090842.1:8686455",0,10,10
"KIAA0513","s1639_F_HYP_02_ASEReadCounter.table","NW_015090842.1:8686508",0,12,12
"KIAA0513","s1639_F_HYP_02_ASEReadCounter.table","NW_015090842.1:8686521",0,12,12
"KIAA0513","s1639_F_HYP_02_ASEReadCounter.table","NW_015090842.1:8693642",2,3,1
"KIAA0513","s1639_F_HYP_02_ASEReadCounter.table","NW_015090842.1:8693712",1,4,3
"FBXO31","s1639_F_HYP_02_ASEReadCounter.table","NW_015090842.1:8710240",28,40,12
"FBXO31","s1639_F_HYP_02_ASEReadCounter.table","NW_015090842.1:8710372",18,28,10
"FBXO31","s1639_F_HYP_02_ASEReadCounter.table","NW_015090842.1:8711239",21,36,15
"FBXO31","s1639_F_HYP_02_ASEReadCounter.table","NW_015090842.1:8714565",26,49,23
"FBXO31","s1639_F_HYP_02_ASEReadCounter.table","NW_015090842.1:8716001",16,33,17
"ZCCHC14","s1639_F_HYP_02_ASEReadCounter.table","NW_015090842.1:8750174",47,62,15
"ZCCHC14","s1639_F_HYP_02_ASEReadCounter.table","NW_015090842.1:8750189",57,68,11
"ZCCHC14","s1639_F_HYP_02_ASEReadCounter.table","NW_015090842.1:8750365",38,67,29
"ZCCHC14","s1639_F_HYP_02_ASEReadCounter.table","NW_015090842.1:8750433",27,54,27
"ZCCHC14","s1639_F_HYP_02_ASEReadCounter.table","NW_015090842.1:8750449",27,53,26
"ZCCHC14","s1639_F_HYP_02_ASEReadCounter.table","NW_015090842.1:8750456",26,53,27
"ZCCHC14","s1639_F_HYP_02_ASEReadCounter.table","NW_015090842.1:8750497",37,69,32
"ZCCHC14","s1639_F_HYP_02_ASEReadCounter.table","NW_015090842.1:8750547",40,66,26
"ZCCHC14","s1639_F_HYP_02_ASEReadCounter.table","NW_015090842.1:8751100",9,16,7
"ZCCHC14","s1639_F_HYP_02_ASEReadCounter.table","NW_015090842.1:8751374",12,25,13
"ZCCHC14","s1639_F_HYP_02_ASEReadCounter.table","NW_015090842.1:8751403",12,25,13
"ZCCHC14","s1639_F_HYP_02_ASEReadCounter.table","NW_015090842.1:8751517",9,29,20
"ZCCHC14","s1639_F_HYP_02_ASEReadCounter.table","NW_015090842.1:8752060",17,32,15
"ZCCHC14","s1639_F_HYP_02_ASEReadCounter.table","NW_015090842.1:8752172",19,33,14
"ZCCHC14","s1639_F_HYP_02_ASEReadCounter.table","NW_015090842.1:8752183",21,34,13
"ZCCHC14","s1639_F_HYP_02_ASEReadCounter.table","NW_015090842.1:8752198",21,37,16
"ZCCHC14","s1639_F_HYP_02_ASEReadCounter.table","NW_015090842.1:8752248",20,38,18
"ZCCHC14","s1639_F_HYP_02_ASEReadCounter.table","NW_015090842.1:8752326",24,35,11
"ZCCHC14","s1639_F_HYP_02_ASEReadCounter.table","NW_015090842.1:8752393",14,32,18
"ZCCHC14","s1639_F_HYP_02_ASEReadCounter.table","NW_015090842.1:8752914",24,55,31
"ZCCHC14","s1639_F_HYP_02_ASEReadCounter.table","NW_015090842.1:8753528",10,16,6
"ZCCHC14","s1639_F_HYP_02_ASEReadCounter.table","NW_015090842.1:8753892",6,9,3
"ZCCHC14","s1639_F_HYP_02_ASEReadCounter.table","NW_015090842.1:8753910",6,9,3
"ZCCHC14","s1639_F_HYP_02_ASEReadCounter.table","NW_015090842.1:8755096",5,9,4
"ZCCHC14","s1639_F_HYP_02_ASEReadCounter.table","NW_015090842.1:8755327",2,5,3
"ZCCHC14","s1639_F_HYP_02_ASEReadCounter.table","NW_015090842.1:8755723",3,5,2
"ZCCHC14","s1639_F_HYP_02_ASEReadCounter.table","NW_015090842.1:8755739",4,5,1
"ZCCHC14","s1639_F_HYP_02_ASEReadCounter.table","NW_015090842.1:8756149",1,2,1
"ZCCHC14","s1639_F_HYP_02_ASEReadCounter.table","NW_015090842.1:8756347",3,5,2
"ZCCHC14","s1639_F_HYP_02_ASEReadCounter.table","NW_015090842.1:8756361",4,6,2
"ZCCHC14","s1639_F_HYP_02_ASEReadCounter.table","NW_015090842.1:8756388",5,6,1
"ZCCHC14","s1639_F_HYP_02_ASEReadCounter.table","NW_015090842.1:8756389",5,6,1
"ZCCHC14","s1639_F_HYP_02_ASEReadCounter.table","NW_015090842.1:8757160",4,7,3
"ZCCHC14","s1639_F_HYP_02_ASEReadCounter.table","NW_015090842.1:8804511",0,1,1
"ZCCHC14","s1639_F_HYP_02_ASEReadCounter.table","NW_015090842.1:8804979",1,1,0
"JPH3","s1639_F_HYP_02_ASEReadCounter.table","NW_015090842.1:8845375",13,26,13
"JPH3","s1639_F_HYP_02_ASEReadCounter.table","NW_015090842.1:8845640",19,48,29
"JPH3","s1639_F_HYP_02_ASEReadCounter.table","NW_015090842.1:8845654",19,50,31
"JPH3","s1639_F_HYP_02_ASEReadCounter.table","NW_015090842.1:8872283",34,61,27
"JPH3","s1639_F_HYP_02_ASEReadCounter.table","NW_015090842.1:8872294",33,65,32
"JPH3","s1639_F_HYP_02_ASEReadCounter.table","NW_015090842.1:8872730",51,109,58
"JPH3","s1639_F_HYP_02_ASEReadCounter.table","NW_015090842.1:8885260",118,214,96
"JPH3","s1639_F_HYP_02_ASEReadCounter.table","NW_015090842.1:8885315",76,170,94
"JPH3","s1639_F_HYP_02_ASEReadCounter.table","NW_015090842.1:8885328",68,160,92
"JPH3","s1639_F_HYP_02_ASEReadCounter.table","NW_015090842.1:8885438",74,186,112
"JPH3","s1639_F_HYP_02_ASEReadCounter.table","NW_015090842.1:8885525",27,94,67
"KLHDC4","s1639_F_HYP_02_ASEReadCounter.table","NW_015090842.1:8890729",41,79,38
"KLHDC4","s1639_F_HYP_02_ASEReadCounter.table","NW_015090842.1:8890749",48,86,38
"KLHDC4","s1639_F_HYP_02_ASEReadCounter.table","NW_015090842.1:8890761",48,93,45
"KLHDC4","s1639_F_HYP_02_ASEReadCounter.table","NW_015090842.1:8891123",93,141,48
"KLHDC4","s1639_F_HYP_02_ASEReadCounter.table","NW_015090842.1:8893124",38,77,39
"KLHDC4","s1639_F_HYP_02_ASEReadCounter.table","NW_015090842.1:8894542",36,69,33
"KLHDC4","s1639_F_HYP_02_ASEReadCounter.table","NW_015090842.1:8896726",42,61,19
"KLHDC4","s1639_F_HYP_02_ASEReadCounter.table","NW_015090842.1:8896767",34,58,24
"KLHDC4","s1639_F_HYP_02_ASEReadCounter.table","NW_015090842.1:8904174",17,30,13
"KLHDC4","s1639_F_HYP_02_ASEReadCounter.table","NW_015090842.1:8904231",15,30,15
"KLHDC4","s1639_F_HYP_02_ASEReadCounter.table","NW_015090842.1:8905251",14,28,14
"KLHDC4","s1639_F_HYP_02_ASEReadCounter.table","NW_015090842.1:8905263",13,26,13
"KLHDC4","s1639_F_HYP_02_ASEReadCounter.table","NW_015090842.1:8919626",2,4,2
"SLC7A5","s1639_F_HYP_02_ASEReadCounter.table","NW_015090842.1:8938782",358,843,485
"SLC7A5","s1639_F_HYP_02_ASEReadCounter.table","NW_015090842.1:8938943",266,634,368
"SLC7A5","s1639_F_HYP_02_ASEReadCounter.table","NW_015090842.1:8939611",109,234,125
"SLC7A5","s1639_F_HYP_02_ASEReadCounter.table","NW_015090842.1:8939738",151,329,178
"SLC7A5","s1639_F_HYP_02_ASEReadCounter.table","NW_015090842.1:8939739",149,323,174
"SLC7A5","s1639_F_HYP_02_ASEReadCounter.table","NW_015090842.1:8939740",148,338,190
"SLC7A5","s1639_F_HYP_02_ASEReadCounter.table","NW_015090842.1:8939795",164,336,172
"SLC7A5","s1639_F_HYP_02_ASEReadCounter.table","NW_015090842.1:8939815",124,328,204
"SLC7A5","s1639_F_HYP_02_ASEReadCounter.table","NW_015090842.1:8939816",125,328,203
"SLC7A5","s1639_F_HYP_02_ASEReadCounter.table","NW_015090842.1:8939817",125,334,209
"SLC7A5","s1639_F_HYP_02_ASEReadCounter.table","NW_015090842.1:8939845",133,342,209
"SLC7A5","s1639_F_HYP_02_ASEReadCounter.table","NW_015090842.1:8939894",108,301,193
"SLC7A5","s1639_F_HYP_02_ASEReadCounter.table","NW_015090842.1:8939895",108,299,191
"SLC7A5","s1639_F_HYP_02_ASEReadCounter.table","NW_015090842.1:8939997",453,454,1
"SLC7A5","s1639_F_HYP_02_ASEReadCounter.table","NW_015090842.1:8940172",116,323,207
"SLC7A5","s1639_F_HYP_02_ASEReadCounter.table","NW_015090842.1:8940331",64,157,93
"SLC7A5","s1639_F_HYP_02_ASEReadCounter.table","NW_015090842.1:8940696",84,161,77
"SLC7A5","s1639_F_HYP_02_ASEReadCounter.table","NW_015090842.1:8940719",38,131,93
"SLC7A5","s1639_F_HYP_02_ASEReadCounter.table","NW_015090842.1:8940737",36,116,80
"SLC7A5","s1639_F_HYP_02_ASEReadCounter.table","NW_015090842.1:8940743",40,117,77
"SLC7A5","s1639_F_HYP_02_ASEReadCounter.table","NW_015090842.1:8940766",52,134,82
"SLC7A5","s1639_F_HYP_02_ASEReadCounter.table","NW_015090842.1:8940769",54,144,90
"SLC7A5","s1639_F_HYP_02_ASEReadCounter.table","NW_015090842.1:8940861",49,122,73
"SLC7A5","s1639_F_HYP_02_ASEReadCounter.table","NW_015090842.1:8941068",73,175,102
"SLC7A5","s1639_F_HYP_02_ASEReadCounter.table","NW_015090842.1:8941467",43,123,80
"SLC7A5","s1639_F_HYP_02_ASEReadCounter.table","NW_015090842.1:8941531",52,134,82
"SLC7A5","s1639_F_HYP_02_ASEReadCounter.table","NW_015090842.1:8941588",59,140,81
"SLC7A5","s1639_F_HYP_02_ASEReadCounter.table","NW_015090842.1:8941698",37,77,40
"SLC7A5","s1639_F_HYP_02_ASEReadCounter.table","NW_015090842.1:8941717",38,82,44
"SLC7A5","s1639_F_HYP_02_ASEReadCounter.table","NW_015090842.1:8941745",32,88,56
"SLC7A5","s1639_F_HYP_02_ASEReadCounter.table","NW_015090842.1:8941781",39,113,74
"SLC7A5","s1639_F_HYP_02_ASEReadCounter.table","NW_015090842.1:8941887",27,68,41
"SLC7A5","s1639_F_HYP_02_ASEReadCounter.table","NW_015090842.1:8941968",15,66,51
"SLC7A5","s1639_F_HYP_02_ASEReadCounter.table","NW_015090842.1:8942025",30,90,60
"SLC7A5","s1639_F_HYP_02_ASEReadCounter.table","NW_015090842.1:8942069",39,110,71
"SLC7A5","s1639_F_HYP_02_ASEReadCounter.table","NW_015090842.1:8942170",41,113,72
"SLC7A5","s1639_F_HYP_02_ASEReadCounter.table","NW_015090842.1:8942241",47,140,93
"SLC7A5","s1639_F_HYP_02_ASEReadCounter.table","NW_015090842.1:8942283",59,154,95
"SLC7A5","s1639_F_HYP_02_ASEReadCounter.table","NW_015090842.1:8942717",139,373,234
"SLC7A5","s1639_F_HYP_02_ASEReadCounter.table","NW_015090842.1:8942756",181,470,289
"SLC7A5","s1639_F_HYP_02_ASEReadCounter.table","NW_015090842.1:8942766",177,469,292
"SLC7A5","s1639_F_HYP_02_ASEReadCounter.table","NW_015090842.1:8943271",77,194,117
"SLC7A5","s1639_F_HYP_02_ASEReadCounter.table","NW_015090842.1:8943524",41,101,60
"SLC7A5","s1639_F_HYP_02_ASEReadCounter.table","NW_015090842.1:8943530",46,106,60
"SLC7A5","s1639_F_HYP_02_ASEReadCounter.table","NW_015090842.1:8943602",43,96,53
"SLC7A5","s1639_F_HYP_02_ASEReadCounter.table","NW_015090842.1:8943622",34,85,51
"SLC7A5","s1639_F_HYP_02_ASEReadCounter.table","NW_015090842.1:8943661",31,85,54
"SLC7A5","s1639_F_HYP_02_ASEReadCounter.table","NW_015090842.1:8943686",28,84,56
"SLC7A5","s1639_F_HYP_02_ASEReadCounter.table","NW_015090842.1:8943788",30,66,36
"SLC7A5","s1639_F_HYP_02_ASEReadCounter.table","NW_015090842.1:8943814",28,67,39
"SLC7A5","s1639_F_HYP_02_ASEReadCounter.table","NW_015090842.1:8943876",24,62,38
"SLC7A5","s1639_F_HYP_02_ASEReadCounter.table","NW_015090842.1:8943892",29,65,36
"SLC7A5","s1639_F_HYP_02_ASEReadCounter.table","NW_015090842.1:8944097",27,69,42
"SLC7A5","s1639_F_HYP_02_ASEReadCounter.table","NW_015090842.1:8944104",28,65,37
"SLC7A5","s1639_F_HYP_02_ASEReadCounter.table","NW_015090842.1:8944293",13,36,23
"SLC7A5","s1639_F_HYP_02_ASEReadCounter.table","NW_015090842.1:8944297",13,36,23
"SLC7A5","s1639_F_HYP_02_ASEReadCounter.table","NW_015090842.1:8944397",24,45,21
"SLC7A5","s1639_F_HYP_02_ASEReadCounter.table","NW_015090842.1:8944552",16,47,31
"SLC7A5","s1639_F_HYP_02_ASEReadCounter.table","NW_015090842.1:8944629",24,68,44
"CA5A","s1639_F_HYP_02_ASEReadCounter.table","NW_015090842.1:8989479",78,144,66
"CA5A","s1639_F_HYP_02_ASEReadCounter.table","NW_015090842.1:8989562",102,166,64
"CA5A","s1639_F_HYP_02_ASEReadCounter.table","NW_015090842.1:8989609",114,185,71
"CA5A","s1639_F_HYP_02_ASEReadCounter.table","NW_015090842.1:8989693",132,244,112
"CA5A","s1639_F_HYP_02_ASEReadCounter.table","NW_015090842.1:8989702",136,243,107
"CA5A","s1639_F_HYP_02_ASEReadCounter.table","NW_015090842.1:8989746",127,236,109
"CA5A","s1639_F_HYP_02_ASEReadCounter.table","NW_015090842.1:8989880",93,185,92
"CA5A","s1639_F_HYP_02_ASEReadCounter.table","NW_015090842.1:8989885",101,195,94
"CA5A","s1639_F_HYP_02_ASEReadCounter.table","NW_015090842.1:8989929",98,192,94
"CA5A","s1639_F_HYP_02_ASEReadCounter.table","NW_015090842.1:8990002",94,171,77
"CA5A","s1639_F_HYP_02_ASEReadCounter.table","NW_015090842.1:8990004",94,170,76
"CA5A","s1639_F_HYP_02_ASEReadCounter.table","NW_015090842.1:8990005",95,173,78
"CA5A","s1639_F_HYP_02_ASEReadCounter.table","NW_015090842.1:8990017",98,166,68
"CA5A","s1639_F_HYP_02_ASEReadCounter.table","NW_015090842.1:8990043",78,133,55
"CA5A","s1639_F_HYP_02_ASEReadCounter.table","NW_015090842.1:8990060",140,140,0
"CA5A","s1639_F_HYP_02_ASEReadCounter.table","NW_015090842.1:8990080",64,111,47
"CA5A","s1639_F_HYP_02_ASEReadCounter.table","NW_015090842.1:8990084",60,108,48
"CA5A","s1639_F_HYP_02_ASEReadCounter.table","NW_015090842.1:8990090",59,107,48
"CA5A","s1639_F_HYP_02_ASEReadCounter.table","NW_015090842.1:8990095",69,119,50
"CA5A","s1639_F_HYP_02_ASEReadCounter.table","NW_015090842.1:8990111",61,111,50
"CA5A","s1639_F_HYP_02_ASEReadCounter.table","NW_015090842.1:8990112",61,110,49
"CA5A","s1639_F_HYP_02_ASEReadCounter.table","NW_015090842.1:8990115",67,117,50
"CA5A","s1639_F_HYP_02_ASEReadCounter.table","NW_015090842.1:8990166",59,107,48
"CA5A","s1639_F_HYP_02_ASEReadCounter.table","NW_015090842.1:8990169",63,113,50
"CA5A","s1639_F_HYP_02_ASEReadCounter.table","NW_015090842.1:8990193",123,123,0
"CA5A","s1639_F_HYP_02_ASEReadCounter.table","NW_015090842.1:8990222",50,94,44
"CA5A","s1639_F_HYP_02_ASEReadCounter.table","NW_015090842.1:8990289",57,105,48
"CA5A","s1639_F_HYP_02_ASEReadCounter.table","NW_015090842.1:8990314",58,112,54
"CA5A","s1639_F_HYP_02_ASEReadCounter.table","NW_015090842.1:8990361",56,106,50
"CA5A","s1639_F_HYP_02_ASEReadCounter.table","NW_015090842.1:8990368",59,112,53
"CA5A","s1639_F_HYP_02_ASEReadCounter.table","NW_015090842.1:8990429",58,101,43
"CA5A","s1639_F_HYP_02_ASEReadCounter.table","NW_015090842.1:8990466",51,88,37
"CA5A","s1639_F_HYP_02_ASEReadCounter.table","NW_015090842.1:8990663",48,86,38
"CA5A","s1639_F_HYP_02_ASEReadCounter.table","NW_015090842.1:8990797",38,69,31
"CA5A","s1639_F_HYP_02_ASEReadCounter.table","NW_015090842.1:8990836",35,65,30
"CA5A","s1639_F_HYP_02_ASEReadCounter.table","NW_015090842.1:8990842",31,63,32
"CA5A","s1639_F_HYP_02_ASEReadCounter.table","NW_015090842.1:8990851",32,63,31
"CA5A","s1639_F_HYP_02_ASEReadCounter.table","NW_015090842.1:8990918",28,68,40
"CA5A","s1639_F_HYP_02_ASEReadCounter.table","NW_015090842.1:8990921",27,69,42
"CA5A","s1639_F_HYP_02_ASEReadCounter.table","NW_015090842.1:8990942",41,80,39
"CA5A","s1639_F_HYP_02_ASEReadCounter.table","NW_015090842.1:8991001",49,107,58
"CA5A","s1639_F_HYP_02_ASEReadCounter.table","NW_015090842.1:8991038",38,87,49
"CA5A","s1639_F_HYP_02_ASEReadCounter.table","NW_015090842.1:8991149",41,92,51
"CA5A","s1639_F_HYP_02_ASEReadCounter.table","NW_015090842.1:8991176",62,109,47
"CA5A","s1639_F_HYP_02_ASEReadCounter.table","NW_015090842.1:8991241",51,104,53
"CA5A","s1639_F_HYP_02_ASEReadCounter.table","NW_015090842.1:8991262",35,85,50
"CA5A","s1639_F_HYP_02_ASEReadCounter.table","NW_015090842.1:8991316",45,53,8
"CA5A","s1639_F_HYP_02_ASEReadCounter.table","NW_015090842.1:8991319",44,52,8
"CA5A","s1639_F_HYP_02_ASEReadCounter.table","NW_015090842.1:8991330",43,47,4
"CA5A","s1639_F_HYP_02_ASEReadCounter.table","NW_015090842.1:8991334",41,50,9
"CA5A","s1639_F_HYP_02_ASEReadCounter.table","NW_015090842.1:8991362",52,84,32
"CA5A","s1639_F_HYP_02_ASEReadCounter.table","NW_015090842.1:8991368",52,83,31
"CA5A","s1639_F_HYP_02_ASEReadCounter.table","NW_015090842.1:8991390",53,85,32
"CA5A","s1639_F_HYP_02_ASEReadCounter.table","NW_015090842.1:8991395",53,86,33
"CA5A","s1639_F_HYP_02_ASEReadCounter.table","NW_015090842.1:8991422",44,79,35
"CA5A","s1639_F_HYP_02_ASEReadCounter.table","NW_015090842.1:8991467",37,71,34
"CA5A","s1639_F_HYP_02_ASEReadCounter.table","NW_015090842.1:8991576",43,65,22
"CA5A","s1639_F_HYP_02_ASEReadCounter.table","NW_015090842.1:8991587",45,64,19
"CA5A","s1639_F_HYP_02_ASEReadCounter.table","NW_015090842.1:8991655",43,65,22
"CA5A","s1639_F_HYP_02_ASEReadCounter.table","NW_015090842.1:8991717",41,71,30
"CA5A","s1639_F_HYP_02_ASEReadCounter.table","NW_015090842.1:8991726",37,67,30
"CA5A","s1639_F_HYP_02_ASEReadCounter.table","NW_015090842.1:8991799",31,59,28
"CA5A","s1639_F_HYP_02_ASEReadCounter.table","NW_015090842.1:8991809",28,56,28
"CA5A","s1639_F_HYP_02_ASEReadCounter.table","NW_015090842.1:8991848",26,49,23
"CA5A","s1639_F_HYP_02_ASEReadCounter.table","NW_015090842.1:8991849",28,51,23
"CA5A","s1639_F_HYP_02_ASEReadCounter.table","NW_015090842.1:8991927",42,61,19
"CA5A","s1639_F_HYP_02_ASEReadCounter.table","NW_015090842.1:8991941",37,58,21
"CA5A","s1639_F_HYP_02_ASEReadCounter.table","NW_015090842.1:8992121",18,48,30
"CA5A","s1639_F_HYP_02_ASEReadCounter.table","NW_015090842.1:8992224",26,59,33
"CA5A","s1639_F_HYP_02_ASEReadCounter.table","NW_015090842.1:9002570",14,22,8
"CA5A","s1639_F_HYP_02_ASEReadCounter.table","NW_015090842.1:9002600",15,24,9
"CA5A","s1639_F_HYP_02_ASEReadCounter.table","NW_015090842.1:9004312",8,19,11
"CA5A","s1639_F_HYP_02_ASEReadCounter.table","NW_015090842.1:9004506",3,4,1
"CA5A","s1639_F_HYP_02_ASEReadCounter.table","NW_015090842.1:9004523",3,4,1
"CA5A","s1639_F_HYP_02_ASEReadCounter.table","NW_015090842.1:9004530",3,3,0
"CA5A","s1639_F_HYP_02_ASEReadCounter.table","NW_015090842.1:9004556",4,4,0
"CA5A","s1639_F_HYP_02_ASEReadCounter.table","NW_015090842.1:9005116",1,2,1
"CA5A","s1639_F_HYP_02_ASEReadCounter.table","NW_015090842.1:9005120",1,2,1
"CA5A","s1639_F_HYP_02_ASEReadCounter.table","NW_015090842.1:9005140",1,3,2
"CA5A","s1639_F_HYP_02_ASEReadCounter.table","NW_015090842.1:9005152",2,4,2
"BANP","s1639_F_HYP_02_ASEReadCounter.table","NW_015090842.1:9033407",1,7,6
"BANP","s1639_F_HYP_02_ASEReadCounter.table","NW_015090842.1:9033409",1,8,7
"BANP","s1639_F_HYP_02_ASEReadCounter.table","NW_015090842.1:9033420",1,9,8
"BANP","s1639_F_HYP_02_ASEReadCounter.table","NW_015090842.1:9067974",0,12,12
"BANP","s1639_F_HYP_02_ASEReadCounter.table","NW_015090842.1:9102510",12,27,15
"BANP","s1639_F_HYP_02_ASEReadCounter.table","NW_015090842.1:9168534",19,48,29
"BANP","s1639_F_HYP_02_ASEReadCounter.table","NW_015090842.1:9168818",18,44,26
"ZNF469","s1639_F_HYP_02_ASEReadCounter.table","NW_015090842.1:9427067",0,1,1
"ZNF469","s1639_F_HYP_02_ASEReadCounter.table","NW_015090842.1:9427614",0,2,2
"ZNF469","s1639_F_HYP_02_ASEReadCounter.table","NW_015090842.1:9428419",0,1,1
"ZNF469","s1639_F_HYP_02_ASEReadCounter.table","NW_015090842.1:9431317",0,1,1
"ZNF469","s1639_F_HYP_02_ASEReadCounter.table","NW_015090842.1:9431325",0,1,1
"ZNF469","s1639_F_HYP_02_ASEReadCounter.table","NW_015090842.1:9431901",0,1,1
"ZNF469","s1639_F_HYP_02_ASEReadCounter.table","NW_015090842.1:9432110",1,1,0
"ZNF469","s1639_F_HYP_02_ASEReadCounter.table","NW_015090842.1:9432361",0,1,1
"ZNF469","s1639_F_HYP_02_ASEReadCounter.table","NW_015090842.1:9432374",0,1,1
"ZNF469","s1639_F_HYP_02_ASEReadCounter.table","NW_015090842.1:9432382",0,1,1
"ZNF469","s1639_F_HYP_02_ASEReadCounter.table","NW_015090842.1:9432481",0,1,1
"ZNF469","s1639_F_HYP_02_ASEReadCounter.table","NW_015090842.1:9432498",0,1,1
"ZNF469","s1639_F_HYP_02_ASEReadCounter.table","NW_015090842.1:9433268",0,1,1
"ZNF469","s1639_F_HYP_02_ASEReadCounter.table","NW_015090842.1:9433902",2,4,2
"ZNF469","s1639_F_HYP_02_ASEReadCounter.table","NW_015090842.1:9433980",1,1,0
"ZNF469","s1639_F_HYP_02_ASEReadCounter.table","NW_015090842.1:9434259",0,2,2
"ZNF469","s1639_F_HYP_02_ASEReadCounter.table","NW_015090842.1:9435221",3,4,1
"ZFPM1","s1639_F_HYP_02_ASEReadCounter.table","NW_015090842.1:9458862",3,5,2
"ZFPM1","s1639_F_HYP_02_ASEReadCounter.table","NW_015090842.1:9458888",4,5,1
"ZFPM1","s1639_F_HYP_02_ASEReadCounter.table","NW_015090842.1:9458904",4,6,2
"ZFPM1","s1639_F_HYP_02_ASEReadCounter.table","NW_015090842.1:9458916",4,6,2
"ZFPM1","s1639_F_HYP_02_ASEReadCounter.table","NW_015090842.1:9468568",3,6,3
"ZFPM1","s1639_F_HYP_02_ASEReadCounter.table","NW_015090842.1:9468593",2,6,4
"ZFPM1","s1639_F_HYP_02_ASEReadCounter.table","NW_015090842.1:9471561",0,4,4
"ZFPM1","s1639_F_HYP_02_ASEReadCounter.table","NW_015090842.1:9472557",1,1,0
"ZFPM1","s1639_F_HYP_02_ASEReadCounter.table","NW_015090842.1:9472565",1,1,0
"ZFPM1","s1639_F_HYP_02_ASEReadCounter.table","NW_015090842.1:9472608",4,8,4
"ZFPM1","s1639_F_HYP_02_ASEReadCounter.table","NW_015090842.1:9472627",4,8,4
"ZFPM1","s1639_F_HYP_02_ASEReadCounter.table","NW_015090842.1:9472668",4,9,5
"ZFPM1","s1639_F_HYP_02_ASEReadCounter.table","NW_015090842.1:9473655",3,8,5
"ZFPM1","s1639_F_HYP_02_ASEReadCounter.table","NW_015090842.1:9475827",3,5,2
"ZFPM1","s1639_F_HYP_02_ASEReadCounter.table","NW_015090842.1:9475842",3,6,3
"ZFPM1","s1639_F_HYP_02_ASEReadCounter.table","NW_015090842.1:9476119",5,7,2
"ZFPM1","s1639_F_HYP_02_ASEReadCounter.table","NW_015090842.1:9476161",4,5,1
"ZFPM1","s1639_F_HYP_02_ASEReadCounter.table","NW_015090842.1:9476219",1,2,1
"ZFPM1","s1639_F_HYP_02_ASEReadCounter.table","NW_015090842.1:9476233",1,4,3
"ZFPM1","s1639_F_HYP_02_ASEReadCounter.table","NW_015090842.1:9476305",2,8,6
"ZFPM1","s1639_F_HYP_02_ASEReadCounter.table","NW_015090842.1:9476395",3,8,5
"ZFPM1","s1639_F_HYP_02_ASEReadCounter.table","NW_015090842.1:9476421",3,7,4
"ZFPM1","s1639_F_HYP_02_ASEReadCounter.table","NW_015090842.1:9476539",3,10,7
"ZFPM1","s1639_F_HYP_02_ASEReadCounter.table","NW_015090842.1:9476576",2,6,4
"ZFPM1","s1639_F_HYP_02_ASEReadCounter.table","NW_015090842.1:9476599",7,7,0
"ZFPM1","s1639_F_HYP_02_ASEReadCounter.table","NW_015090842.1:9476792",4,15,11
"ZFPM1","s1639_F_HYP_02_ASEReadCounter.table","NW_015090842.1:9476803",4,14,10
"ZFPM1","s1639_F_HYP_02_ASEReadCounter.table","NW_015090842.1:9477115",4,19,15
"ZFPM1","s1639_F_HYP_02_ASEReadCounter.table","NW_015090842.1:9477299",2,16,14
"ZFPM1","s1639_F_HYP_02_ASEReadCounter.table","NW_015090842.1:9477398",19,19,0
"ZFPM1","s1639_F_HYP_02_ASEReadCounter.table","NW_015090842.1:9477422",7,16,9
"ZFPM1","s1639_F_HYP_02_ASEReadCounter.table","NW_015090842.1:9477554",10,23,13
"ZFPM1","s1639_F_HYP_02_ASEReadCounter.table","NW_015090842.1:9477575",21,21,0
"ZFPM1","s1639_F_HYP_02_ASEReadCounter.table","NW_015090842.1:9477595",9,24,15
"ZFPM1","s1639_F_HYP_02_ASEReadCounter.table","NW_015090842.1:9477611",8,27,19
"ZFPM1","s1639_F_HYP_02_ASEReadCounter.table","NW_015090842.1:9477659",10,29,19
"ZFPM1","s1639_F_HYP_02_ASEReadCounter.table","NW_015090842.1:9477737",5,11,6
"ZFPM1","s1639_F_HYP_02_ASEReadCounter.table","NW_015090842.1:9477791",7,17,10
"ZFPM1","s1639_F_HYP_02_ASEReadCounter.table","NW_015090842.1:9477844",4,16,12
"ZFPM1","s1639_F_HYP_02_ASEReadCounter.table","NW_015090842.1:9477917",15,27,12
"ZFPM1","s1639_F_HYP_02_ASEReadCounter.table","NW_015090842.1:9478295",23,46,23
"ZFPM1","s1639_F_HYP_02_ASEReadCounter.table","NW_015090842.1:9478349",26,65,39
"ZFPM1","s1639_F_HYP_02_ASEReadCounter.table","NW_015090842.1:9478524",10,43,33
"ZFPM1","s1639_F_HYP_02_ASEReadCounter.table","NW_015090842.1:9478546",15,47,32
"ZFPM1","s1639_F_HYP_02_ASEReadCounter.table","NW_015090842.1:9478573",15,44,29
"ZFPM1","s1639_F_HYP_02_ASEReadCounter.table","NW_015090842.1:9478582",14,36,22
"ZFPM1","s1639_F_HYP_02_ASEReadCounter.table","NW_015090842.1:9478684",10,19,9
"ZFPM1","s1639_F_HYP_02_ASEReadCounter.table","NW_015090842.1:9478711",9,20,11
"ZFPM1","s1639_F_HYP_02_ASEReadCounter.table","NW_015090842.1:9478761",15,28,13
"ZFPM1","s1639_F_HYP_02_ASEReadCounter.table","NW_015090842.1:9478829",21,22,1
"ZC3H18","s1639_F_HYP_02_ASEReadCounter.table","NW_015090842.1:9494271",6,11,5
"ZC3H18","s1639_F_HYP_02_ASEReadCounter.table","NW_015090842.1:9501427",10,23,13
"ZC3H18","s1639_F_HYP_02_ASEReadCounter.table","NW_015090842.1:9501442",9,22,13
"ZC3H18","s1639_F_HYP_02_ASEReadCounter.table","NW_015090842.1:9505538",10,20,10
"ZC3H18","s1639_F_HYP_02_ASEReadCounter.table","NW_015090842.1:9506778",14,31,17
"ZC3H18","s1639_F_HYP_02_ASEReadCounter.table","NW_015090842.1:9522538",14,32,18
"ZC3H18","s1639_F_HYP_02_ASEReadCounter.table","NW_015090842.1:9524350",12,32,20
"ZC3H18","s1639_F_HYP_02_ASEReadCounter.table","NW_015090842.1:9524366",10,31,21
"ZC3H18","s1639_F_HYP_02_ASEReadCounter.table","NW_015090842.1:9524424",12,29,17
"ZC3H18","s1639_F_HYP_02_ASEReadCounter.table","NW_015090842.1:9529649",29,71,42
"ZC3H18","s1639_F_HYP_02_ASEReadCounter.table","NW_015090842.1:9529688",27,63,36
"ZC3H18","s1639_F_HYP_02_ASEReadCounter.table","NW_015090842.1:9529691",21,56,35
"ZC3H18","s1639_F_HYP_02_ASEReadCounter.table","NW_015090842.1:9530977",34,81,47
"ZC3H18","s1639_F_HYP_02_ASEReadCounter.table","NW_015090842.1:9536699",0,50,50
"CYBA","s1639_F_HYP_02_ASEReadCounter.table","NW_015090842.1:9547281",42,50,8
"CYBA","s1639_F_HYP_02_ASEReadCounter.table","NW_015090842.1:9547402",109,138,29
"CYBA","s1639_F_HYP_02_ASEReadCounter.table","NW_015090842.1:9547553",66,96,30
"CYBA","s1639_F_HYP_02_ASEReadCounter.table","NW_015090842.1:9548052",57,70,13
"CYBA","s1639_F_HYP_02_ASEReadCounter.table","NW_015090842.1:9548436",49,64,15
"CYBA","s1639_F_HYP_02_ASEReadCounter.table","NW_015090842.1:9548442",52,68,16
"CYBA","s1639_F_HYP_02_ASEReadCounter.table","NW_015090842.1:9548478",61,83,22
"CYBA","s1639_F_HYP_02_ASEReadCounter.table","NW_015090842.1:9548487",57,78,21
"CYBA","s1639_F_HYP_02_ASEReadCounter.table","NW_015090842.1:9548490",56,75,19
"CYBA","s1639_F_HYP_02_ASEReadCounter.table","NW_015090842.1:9548717",51,67,16
"CYBA","s1639_F_HYP_02_ASEReadCounter.table","NW_015090842.1:9548750",46,62,16
"CYBA","s1639_F_HYP_02_ASEReadCounter.table","NW_015090842.1:9548766",38,51,13
"MVD","s1639_F_HYP_02_ASEReadCounter.table","NW_015090842.1:9550678",30,49,19
"MVD","s1639_F_HYP_02_ASEReadCounter.table","NW_015090842.1:9550690",32,59,27
"MVD","s1639_F_HYP_02_ASEReadCounter.table","NW_015090842.1:9550691",32,59,27
"MVD","s1639_F_HYP_02_ASEReadCounter.table","NW_015090842.1:9550699",36,69,33
"MVD","s1639_F_HYP_02_ASEReadCounter.table","NW_015090842.1:9550719",29,62,33
"MVD","s1639_F_HYP_02_ASEReadCounter.table","NW_015090842.1:9551596",55,118,63
"MVD","s1639_F_HYP_02_ASEReadCounter.table","NW_015090842.1:9551638",62,139,77
"MVD","s1639_F_HYP_02_ASEReadCounter.table","NW_015090842.1:9551899",0,5,5
"MVD","s1639_F_HYP_02_ASEReadCounter.table","NW_015090842.1:9552193",42,90,48
"MVD","s1639_F_HYP_02_ASEReadCounter.table","NW_015090842.1:9552202",48,98,50
"MVD","s1639_F_HYP_02_ASEReadCounter.table","NW_015090842.1:9552208",48,98,50
"MVD","s1639_F_HYP_02_ASEReadCounter.table","NW_015090842.1:9552625",25,63,38
"MVD","s1639_F_HYP_02_ASEReadCounter.table","NW_015090842.1:9552629",60,60,0
"MVD","s1639_F_HYP_02_ASEReadCounter.table","NW_015090842.1:9552644",23,51,28
"MVD","s1639_F_HYP_02_ASEReadCounter.table","NW_015090842.1:9553093",26,51,25
"MVD","s1639_F_HYP_02_ASEReadCounter.table","NW_015090842.1:9553114",29,60,31
"RNF166","s1639_F_HYP_02_ASEReadCounter.table","NW_015090842.1:9557900",17,37,20
"RNF166","s1639_F_HYP_02_ASEReadCounter.table","NW_015090842.1:9558048",11,40,29
"RNF166","s1639_F_HYP_02_ASEReadCounter.table","NW_015090842.1:9558116",18,33,15
"RNF166","s1639_F_HYP_02_ASEReadCounter.table","NW_015090842.1:9558308",10,26,16
"RNF166","s1639_F_HYP_02_ASEReadCounter.table","NW_015090842.1:9558405",10,23,13
"RNF166","s1639_F_HYP_02_ASEReadCounter.table","NW_015090842.1:9558549",14,38,24
"RNF166","s1639_F_HYP_02_ASEReadCounter.table","NW_015090842.1:9558556",13,36,23
"RNF166","s1639_F_HYP_02_ASEReadCounter.table","NW_015090842.1:9558579",14,35,21
"RNF166","s1639_F_HYP_02_ASEReadCounter.table","NW_015090842.1:9558599",14,28,14
"RNF166","s1639_F_HYP_02_ASEReadCounter.table","NW_015090842.1:9558688",14,37,23
"RNF166","s1639_F_HYP_02_ASEReadCounter.table","NW_015090842.1:9558711",14,37,23
"RNF166","s1639_F_HYP_02_ASEReadCounter.table","NW_015090842.1:9558733",14,33,19
"RNF166","s1639_F_HYP_02_ASEReadCounter.table","NW_015090842.1:9558847",16,36,20
"RNF166","s1639_F_HYP_02_ASEReadCounter.table","NW_015090842.1:9559798",16,34,18
"RNF166","s1639_F_HYP_02_ASEReadCounter.table","NW_015090842.1:9560575",11,27,16
"RNF166","s1639_F_HYP_02_ASEReadCounter.table","NW_015090842.1:9561055",11,29,18
"RNF166","s1639_F_HYP_02_ASEReadCounter.table","NW_015090842.1:9562458",14,28,14
"RNF166","s1639_F_HYP_02_ASEReadCounter.table","NW_015090842.1:9562497",13,24,11
"RNF166","s1639_F_HYP_02_ASEReadCounter.table","NW_015090842.1:9562539",11,23,12
"RNF166","s1639_F_HYP_02_ASEReadCounter.table","NW_015090842.1:9564056",8,13,5
"CTU2","s1639_F_HYP_02_ASEReadCounter.table","NW_015090842.1:9565149",14,22,8
"CTU2","s1639_F_HYP_02_ASEReadCounter.table","NW_015090842.1:9565193",9,23,14
"CTU2","s1639_F_HYP_02_ASEReadCounter.table","NW_015090842.1:9565300",13,24,11
"CTU2","s1639_F_HYP_02_ASEReadCounter.table","NW_015090842.1:9565321",13,25,12
"CTU2","s1639_F_HYP_02_ASEReadCounter.table","NW_015090842.1:9565721",12,23,11
"CTU2","s1639_F_HYP_02_ASEReadCounter.table","NW_015090842.1:9565739",12,23,11
"CTU2","s1639_F_HYP_02_ASEReadCounter.table","NW_015090842.1:9565905",20,36,16
"CTU2","s1639_F_HYP_02_ASEReadCounter.table","NW_015090842.1:9566013",27,27,0
"CTU2","s1639_F_HYP_02_ASEReadCounter.table","NW_015090842.1:9566055",19,39,20
"CTU2","s1639_F_HYP_02_ASEReadCounter.table","NW_015090842.1:9566056",19,40,21
"CTU2","s1639_F_HYP_02_ASEReadCounter.table","NW_015090842.1:9566151",13,36,23
"CTU2","s1639_F_HYP_02_ASEReadCounter.table","NW_015090842.1:9566300",24,47,23
"CTU2","s1639_F_HYP_02_ASEReadCounter.table","NW_015090842.1:9566342",19,41,22
"CTU2","s1639_F_HYP_02_ASEReadCounter.table","NW_015090842.1:9566548",30,47,17
"CTU2","s1639_F_HYP_02_ASEReadCounter.table","NW_015090842.1:9566625",32,63,31
"CTU2","s1639_F_HYP_02_ASEReadCounter.table","NW_015090842.1:9566633",32,64,32
"CTU2","s1639_F_HYP_02_ASEReadCounter.table","NW_015090842.1:9566807",32,60,28
"CTU2","s1639_F_HYP_02_ASEReadCounter.table","NW_015090842.1:9567139",34,72,38
"CTU2","s1639_F_HYP_02_ASEReadCounter.table","NW_015090842.1:9567156",30,66,36
"CTU2","s1639_F_HYP_02_ASEReadCounter.table","NW_015090842.1:9567614",43,72,29
"CTU2","s1639_F_HYP_02_ASEReadCounter.table","NW_015090842.1:9567677",35,61,26
"CTU2","s1639_F_HYP_02_ASEReadCounter.table","NW_015090842.1:9567747",31,53,22
"CTU2","s1639_F_HYP_02_ASEReadCounter.table","NW_015090842.1:9567828",18,40,22
"CTU2","s1639_F_HYP_02_ASEReadCounter.table","NW_015090842.1:9567829",20,42,22
"CTU2","s1639_F_HYP_02_ASEReadCounter.table","NW_015090842.1:9567885",15,29,14
"PIEZO1","s1639_F_HYP_02_ASEReadCounter.table","NW_015090842.1:9568093",28,79,51
"PIEZO1","s1639_F_HYP_02_ASEReadCounter.table","NW_015090842.1:9568672",32,87,55
"PIEZO1","s1639_F_HYP_02_ASEReadCounter.table","NW_015090842.1:9568948",46,88,42
"PIEZO1","s1639_F_HYP_02_ASEReadCounter.table","NW_015090842.1:9568987",75,75,0
"PIEZO1","s1639_F_HYP_02_ASEReadCounter.table","NW_015090842.1:9569040",23,57,34
"PIEZO1","s1639_F_HYP_02_ASEReadCounter.table","NW_015090842.1:9569180",24,57,33
"PIEZO1","s1639_F_HYP_02_ASEReadCounter.table","NW_015090842.1:9569192",28,56,28
"PIEZO1","s1639_F_HYP_02_ASEReadCounter.table","NW_015090842.1:9570088",16,45,29
"PIEZO1","s1639_F_HYP_02_ASEReadCounter.table","NW_015090842.1:9570480",13,30,17
"PIEZO1","s1639_F_HYP_02_ASEReadCounter.table","NW_015090842.1:9570639",12,39,27
"PIEZO1","s1639_F_HYP_02_ASEReadCounter.table","NW_015090842.1:9571847",12,37,25
"PIEZO1","s1639_F_HYP_02_ASEReadCounter.table","NW_015090842.1:9572371",6,23,17
"PIEZO1","s1639_F_HYP_02_ASEReadCounter.table","NW_015090842.1:9572638",9,24,15
"PIEZO1","s1639_F_HYP_02_ASEReadCounter.table","NW_015090842.1:9573156",13,35,22
"PIEZO1","s1639_F_HYP_02_ASEReadCounter.table","NW_015090842.1:9573280",14,33,19
"PIEZO1","s1639_F_HYP_02_ASEReadCounter.table","NW_015090842.1:9573566",10,21,11
"PIEZO1","s1639_F_HYP_02_ASEReadCounter.table","NW_015090842.1:9575341",11,19,8
"PIEZO1","s1639_F_HYP_02_ASEReadCounter.table","NW_015090842.1:9575367",11,19,8
"PIEZO1","s1639_F_HYP_02_ASEReadCounter.table","NW_015090842.1:9575645",11,21,10
"PIEZO1","s1639_F_HYP_02_ASEReadCounter.table","NW_015090842.1:9575696",6,15,9
"PIEZO1","s1639_F_HYP_02_ASEReadCounter.table","NW_015090842.1:9575897",4,12,8
"PIEZO1","s1639_F_HYP_02_ASEReadCounter.table","NW_015090842.1:9576060",5,12,7
"PIEZO1","s1639_F_HYP_02_ASEReadCounter.table","NW_015090842.1:9576087",6,13,7
"PIEZO1","s1639_F_HYP_02_ASEReadCounter.table","NW_015090842.1:9576093",6,15,9
"PIEZO1","s1639_F_HYP_02_ASEReadCounter.table","NW_015090842.1:9576120",9,17,8
"PIEZO1","s1639_F_HYP_02_ASEReadCounter.table","NW_015090842.1:9576687",10,16,6
"PIEZO1","s1639_F_HYP_02_ASEReadCounter.table","NW_015090842.1:9576710",16,16,0
"PIEZO1","s1639_F_HYP_02_ASEReadCounter.table","NW_015090842.1:9576723",10,18,8
"PIEZO1","s1639_F_HYP_02_ASEReadCounter.table","NW_015090842.1:9578268",2,8,6
"PIEZO1","s1639_F_HYP_02_ASEReadCounter.table","NW_015090842.1:9578770",4,14,10
"PIEZO1","s1639_F_HYP_02_ASEReadCounter.table","NW_015090842.1:9578806",4,15,11
"PIEZO1","s1639_F_HYP_02_ASEReadCounter.table","NW_015090842.1:9579064",4,8,4
"PIEZO1","s1639_F_HYP_02_ASEReadCounter.table","NW_015090842.1:9579065",4,8,4
"PIEZO1","s1639_F_HYP_02_ASEReadCounter.table","NW_015090842.1:9579347",3,7,4
"PIEZO1","s1639_F_HYP_02_ASEReadCounter.table","NW_015090842.1:9580765",1,9,8
"PIEZO1","s1639_F_HYP_02_ASEReadCounter.table","NW_015090842.1:9580996",3,6,3
"PIEZO1","s1639_F_HYP_02_ASEReadCounter.table","NW_015090842.1:9581101",2,10,8
"PIEZO1","s1639_F_HYP_02_ASEReadCounter.table","NW_015090842.1:9581299",2,8,6
"PIEZO1","s1639_F_HYP_02_ASEReadCounter.table","NW_015090842.1:9581875",5,11,6
"PIEZO1","s1639_F_HYP_02_ASEReadCounter.table","NW_015090842.1:9582046",2,6,4
"PIEZO1","s1639_F_HYP_02_ASEReadCounter.table","NW_015090842.1:9582961",2,7,5
"PIEZO1","s1639_F_HYP_02_ASEReadCounter.table","NW_015090842.1:9583298",3,6,3
"PIEZO1","s1639_F_HYP_02_ASEReadCounter.table","NW_015090842.1:9584337",1,5,4
"PIEZO1","s1639_F_HYP_02_ASEReadCounter.table","NW_015090842.1:9584425",4,8,4
"PIEZO1","s1639_F_HYP_02_ASEReadCounter.table","NW_015090842.1:9584435",4,8,4
"PIEZO1","s1639_F_HYP_02_ASEReadCounter.table","NW_015090842.1:9584438",4,8,4
"PIEZO1","s1639_F_HYP_02_ASEReadCounter.table","NW_015090842.1:9584441",4,8,4
"CDT1","s1639_F_HYP_02_ASEReadCounter.table","NW_015090842.1:9596596",0,1,1
"CDT1","s1639_F_HYP_02_ASEReadCounter.table","NW_015090842.1:9596766",4,6,2
"CDT1","s1639_F_HYP_02_ASEReadCounter.table","NW_015090842.1:9597054",7,11,4
"CDT1","s1639_F_HYP_02_ASEReadCounter.table","NW_015090842.1:9597074",7,11,4
"CDT1","s1639_F_HYP_02_ASEReadCounter.table","NW_015090842.1:9597137",9,14,5
"CDT1","s1639_F_HYP_02_ASEReadCounter.table","NW_015090842.1:9597756",3,7,4
"CDT1","s1639_F_HYP_02_ASEReadCounter.table","NW_015090842.1:9597766",4,8,4
"CDT1","s1639_F_HYP_02_ASEReadCounter.table","NW_015090842.1:9598496",7,11,4
"CDT1","s1639_F_HYP_02_ASEReadCounter.table","NW_015090842.1:9598498",8,11,3
"CDT1","s1639_F_HYP_02_ASEReadCounter.table","NW_015090842.1:9598816",5,10,5
"CDT1","s1639_F_HYP_02_ASEReadCounter.table","NW_015090842.1:9598879",4,8,4
"CDT1","s1639_F_HYP_02_ASEReadCounter.table","NW_015090842.1:9598912",4,9,5
"CDT1","s1639_F_HYP_02_ASEReadCounter.table","NW_015090842.1:9598959",9,16,7
"CDT1","s1639_F_HYP_02_ASEReadCounter.table","NW_015090842.1:9599807",9,15,6
"CDT1","s1639_F_HYP_02_ASEReadCounter.table","NW_015090842.1:9599819",9,12,3
"CDT1","s1639_F_HYP_02_ASEReadCounter.table","NW_015090842.1:9599845",13,21,8
"CDT1","s1639_F_HYP_02_ASEReadCounter.table","NW_015090842.1:9600148",22,32,10
"CDT1","s1639_F_HYP_02_ASEReadCounter.table","NW_015090842.1:9600151",21,31,10
"CDT1","s1639_F_HYP_02_ASEReadCounter.table","NW_015090842.1:9600217",17,36,19
"CDT1","s1639_F_HYP_02_ASEReadCounter.table","NW_015090842.1:9600226",15,34,19
"CDT1","s1639_F_HYP_02_ASEReadCounter.table","NW_015090842.1:9600260",17,37,20
"CDT1","s1639_F_HYP_02_ASEReadCounter.table","NW_015090842.1:9600268",15,32,17
"CDT1","s1639_F_HYP_02_ASEReadCounter.table","NW_015090842.1:9600305",14,31,17
"CDT1","s1639_F_HYP_02_ASEReadCounter.table","NW_015090842.1:9600397",18,32,14
"CDT1","s1639_F_HYP_02_ASEReadCounter.table","NW_015090842.1:9600447",8,17,9
"CDT1","s1639_F_HYP_02_ASEReadCounter.table","NW_015090842.1:9600450",7,16,9
"CDT1","s1639_F_HYP_02_ASEReadCounter.table","NW_015090842.1:9600485",11,22,11
"CDT1","s1639_F_HYP_02_ASEReadCounter.table","NW_015090842.1:9600579",8,17,9
"APRT","s1639_F_HYP_02_ASEReadCounter.table","NW_015090842.1:9602308",34,92,58
"APRT","s1639_F_HYP_02_ASEReadCounter.table","NW_015090842.1:9602440",62,164,102
"APRT","s1639_F_HYP_02_ASEReadCounter.table","NW_015090842.1:9602449",63,162,99
"APRT","s1639_F_HYP_02_ASEReadCounter.table","NW_015090842.1:9602451",62,167,105
"APRT","s1639_F_HYP_02_ASEReadCounter.table","NW_015090842.1:9602455",62,170,108
"APRT","s1639_F_HYP_02_ASEReadCounter.table","NW_015090842.1:9602462",60,167,107
"APRT","s1639_F_HYP_02_ASEReadCounter.table","NW_015090842.1:9602507",49,153,104
"APRT","s1639_F_HYP_02_ASEReadCounter.table","NW_015090842.1:9602514",51,155,104
"APRT","s1639_F_HYP_02_ASEReadCounter.table","NW_015090842.1:9602530",42,135,93
"APRT","s1639_F_HYP_02_ASEReadCounter.table","NW_015090842.1:9602582",41,136,95
"APRT","s1639_F_HYP_02_ASEReadCounter.table","NW_015090842.1:9602583",40,133,93
"APRT","s1639_F_HYP_02_ASEReadCounter.table","NW_015090842.1:9602650",45,140,95
"APRT","s1639_F_HYP_02_ASEReadCounter.table","NW_015090842.1:9602655",45,130,85
"APRT","s1639_F_HYP_02_ASEReadCounter.table","NW_015090842.1:9602712",35,135,100
"APRT","s1639_F_HYP_02_ASEReadCounter.table","NW_015090842.1:9602764",53,167,114
"APRT","s1639_F_HYP_02_ASEReadCounter.table","NW_015090842.1:9602821",63,155,92
"APRT","s1639_F_HYP_02_ASEReadCounter.table","NW_015090842.1:9602867",56,124,68
"APRT","s1639_F_HYP_02_ASEReadCounter.table","NW_015090842.1:9602883",53,118,65
"APRT","s1639_F_HYP_02_ASEReadCounter.table","NW_015090842.1:9602886",53,120,67
"APRT","s1639_F_HYP_02_ASEReadCounter.table","NW_015090842.1:9602948",57,134,77
"APRT","s1639_F_HYP_02_ASEReadCounter.table","NW_015090842.1:9602958",64,146,82
"APRT","s1639_F_HYP_02_ASEReadCounter.table","NW_015090842.1:9603020",81,170,89
"APRT","s1639_F_HYP_02_ASEReadCounter.table","NW_015090842.1:9603025",78,167,89
"APRT","s1639_F_HYP_02_ASEReadCounter.table","NW_015090842.1:9603154",46,99,53
"APRT","s1639_F_HYP_02_ASEReadCounter.table","NW_015090842.1:9603166",50,120,70
"APRT","s1639_F_HYP_02_ASEReadCounter.table","NW_015090842.1:9603326",39,113,74
"APRT","s1639_F_HYP_02_ASEReadCounter.table","NW_015090842.1:9603419",27,85,58
"APRT","s1639_F_HYP_02_ASEReadCounter.table","NW_015090842.1:9603420",27,84,57
"APRT","s1639_F_HYP_02_ASEReadCounter.table","NW_015090842.1:9603464",27,66,39
"APRT","s1639_F_HYP_02_ASEReadCounter.table","NW_015090842.1:9603528",30,78,48
"APRT","s1639_F_HYP_02_ASEReadCounter.table","NW_015090842.1:9603607",27,79,52
"APRT","s1639_F_HYP_02_ASEReadCounter.table","NW_015090842.1:9603622",28,76,48
"APRT","s1639_F_HYP_02_ASEReadCounter.table","NW_015090842.1:9604361",25,82,57
"APRT","s1639_F_HYP_02_ASEReadCounter.table","NW_015090842.1:9605317",20,58,38
"APRT","s1639_F_HYP_02_ASEReadCounter.table","NW_015090842.1:9605336",19,58,39
"GALNS","s1639_F_HYP_02_ASEReadCounter.table","NW_015090842.1:9612872",8,12,4
"GALNS","s1639_F_HYP_02_ASEReadCounter.table","NW_015090842.1:9612873",6,10,4
"GALNS","s1639_F_HYP_02_ASEReadCounter.table","NW_015090842.1:9612877",9,12,3
"GALNS","s1639_F_HYP_02_ASEReadCounter.table","NW_015090842.1:9612942",21,43,22
"GALNS","s1639_F_HYP_02_ASEReadCounter.table","NW_015090842.1:9612987",44,44,0
"GALNS","s1639_F_HYP_02_ASEReadCounter.table","NW_015090842.1:9613064",26,49,23
"GALNS","s1639_F_HYP_02_ASEReadCounter.table","NW_015090842.1:9613096",36,66,30
"GALNS","s1639_F_HYP_02_ASEReadCounter.table","NW_015090842.1:9613123",27,50,23
"GALNS","s1639_F_HYP_02_ASEReadCounter.table","NW_015090842.1:9613125",26,49,23
"GALNS","s1639_F_HYP_02_ASEReadCounter.table","NW_015090842.1:9613193",32,60,28
"GALNS","s1639_F_HYP_02_ASEReadCounter.table","NW_015090842.1:9613226",35,59,24
"GALNS","s1639_F_HYP_02_ASEReadCounter.table","NW_015090842.1:9613249",32,59,27
"GALNS","s1639_F_HYP_02_ASEReadCounter.table","NW_015090842.1:9613256",33,60,27
"GALNS","s1639_F_HYP_02_ASEReadCounter.table","NW_015090842.1:9613317",22,55,33
"GALNS","s1639_F_HYP_02_ASEReadCounter.table","NW_015090842.1:9613343",24,51,27
"GALNS","s1639_F_HYP_02_ASEReadCounter.table","NW_015090842.1:9613344",23,50,27
"GALNS","s1639_F_HYP_02_ASEReadCounter.table","NW_015090842.1:9613371",22,56,34
"GALNS","s1639_F_HYP_02_ASEReadCounter.table","NW_015090842.1:9613378",21,56,35
"GALNS","s1639_F_HYP_02_ASEReadCounter.table","NW_015090842.1:9613379",21,55,34
"GALNS","s1639_F_HYP_02_ASEReadCounter.table","NW_015090842.1:9613516",23,55,32
"GALNS","s1639_F_HYP_02_ASEReadCounter.table","NW_015090842.1:9613572",18,52,34
"GALNS","s1639_F_HYP_02_ASEReadCounter.table","NW_015090842.1:9613597",13,44,31
"GALNS","s1639_F_HYP_02_ASEReadCounter.table","NW_015090842.1:9613627",12,38,26
"GALNS","s1639_F_HYP_02_ASEReadCounter.table","NW_015090842.1:9613640",12,41,29
"GALNS","s1639_F_HYP_02_ASEReadCounter.table","NW_015090842.1:9614025",15,36,21
"GALNS","s1639_F_HYP_02_ASEReadCounter.table","NW_015090842.1:9614169",15,34,19
"GALNS","s1639_F_HYP_02_ASEReadCounter.table","NW_015090842.1:9614232",36,36,0
"GALNS","s1639_F_HYP_02_ASEReadCounter.table","NW_015090842.1:9614667",16,24,8
"GALNS","s1639_F_HYP_02_ASEReadCounter.table","NW_015090842.1:9614709",15,28,13
"GALNS","s1639_F_HYP_02_ASEReadCounter.table","NW_015090842.1:9614880",11,19,8
"GALNS","s1639_F_HYP_02_ASEReadCounter.table","NW_015090842.1:9614902",11,21,10
"GALNS","s1639_F_HYP_02_ASEReadCounter.table","NW_015090842.1:9614960",12,20,8
"GALNS","s1639_F_HYP_02_ASEReadCounter.table","NW_015090842.1:9615114",16,22,6
"GALNS","s1639_F_HYP_02_ASEReadCounter.table","NW_015090842.1:9615199",6,22,16
"GALNS","s1639_F_HYP_02_ASEReadCounter.table","NW_015090842.1:9615217",5,19,14
"GALNS","s1639_F_HYP_02_ASEReadCounter.table","NW_015090842.1:9615277",7,19,12
"GALNS","s1639_F_HYP_02_ASEReadCounter.table","NW_015090842.1:9615377",11,22,11
"GALNS","s1639_F_HYP_02_ASEReadCounter.table","NW_015090842.1:9647858",12,20,8
"GALNS","s1639_F_HYP_02_ASEReadCounter.table","NW_015090842.1:9649186",5,11,6
"GALNS","s1639_F_HYP_02_ASEReadCounter.table","NW_015090842.1:9649237",6,9,3
"GALNS","s1639_F_HYP_02_ASEReadCounter.table","NW_015090842.1:9661193",4,5,1
"TRAPPC2L","s1639_F_HYP_02_ASEReadCounter.table","NW_015090842.1:9662951",184,347,163
"TRAPPC2L","s1639_F_HYP_02_ASEReadCounter.table","NW_015090842.1:9663014",192,358,166
"TRAPPC2L","s1639_F_HYP_02_ASEReadCounter.table","NW_015090842.1:9664305",338,340,2
"TRAPPC2L","s1639_F_HYP_02_ASEReadCounter.table","NW_015090842.1:9665155",193,331,138
"TRAPPC2L","s1639_F_HYP_02_ASEReadCounter.table","NW_015090842.1:9665211",50,95,45
"PABPN1L","s1639_F_HYP_02_ASEReadCounter.table","NW_015090842.1:9669959",0,1,1
"CBFA2T3","s1639_F_HYP_02_ASEReadCounter.table","NW_015090842.1:9709469",0,24,24
"CBFA2T3","s1639_F_HYP_02_ASEReadCounter.table","NW_015090842.1:9709475",0,28,28
"CBFA2T3","s1639_F_HYP_02_ASEReadCounter.table","NW_015090842.1:9711845",0,1,1
"CBFA2T3","s1639_F_HYP_02_ASEReadCounter.table","NW_015090842.1:9712157",0,1,1
"CBFA2T3","s1639_F_HYP_02_ASEReadCounter.table","NW_015090842.1:9712160",0,1,1
"CBFA2T3","s1639_F_HYP_02_ASEReadCounter.table","NW_015090842.1:9712166",0,1,1
"CBFA2T3","s1639_F_HYP_02_ASEReadCounter.table","NW_015090842.1:9712536",2,2,0
"CBFA2T3","s1639_F_HYP_02_ASEReadCounter.table","NW_015090842.1:9712673",1,5,4
"CBFA2T3","s1639_F_HYP_02_ASEReadCounter.table","NW_015090842.1:9712787",4,10,6
"CBFA2T3","s1639_F_HYP_02_ASEReadCounter.table","NW_015090842.1:9712791",5,10,5
"CBFA2T3","s1639_F_HYP_02_ASEReadCounter.table","NW_015090842.1:9712805",4,10,6
"CBFA2T3","s1639_F_HYP_02_ASEReadCounter.table","NW_015090842.1:9712811",3,9,6
"CBFA2T3","s1639_F_HYP_02_ASEReadCounter.table","NW_015090842.1:9712848",4,11,7
"CBFA2T3","s1639_F_HYP_02_ASEReadCounter.table","NW_015090842.1:9713088",3,12,9
"CBFA2T3","s1639_F_HYP_02_ASEReadCounter.table","NW_015090842.1:9713121",6,14,8
"CBFA2T3","s1639_F_HYP_02_ASEReadCounter.table","NW_015090842.1:9717058",13,20,7
"CBFA2T3","s1639_F_HYP_02_ASEReadCounter.table","NW_015090842.1:9717093",14,18,4
"CBFA2T3","s1639_F_HYP_02_ASEReadCounter.table","NW_015090842.1:9717114",11,17,6
"CBFA2T3","s1639_F_HYP_02_ASEReadCounter.table","NW_015090842.1:9717139",12,16,4
"CBFA2T3","s1639_F_HYP_02_ASEReadCounter.table","NW_015090842.1:9719788",4,10,6
"CBFA2T3","s1639_F_HYP_02_ASEReadCounter.table","NW_015090842.1:9728475",0,2,2
"CBFA2T3","s1639_F_HYP_02_ASEReadCounter.table","NW_015090842.1:9728522",0,1,1
"CBFA2T3","s1639_F_HYP_02_ASEReadCounter.table","NW_015090842.1:9728654",1,1,0
"ACSF3","s1639_F_HYP_02_ASEReadCounter.table","NW_015090842.1:9773379",0,1,1
"ACSF3","s1639_F_HYP_02_ASEReadCounter.table","NW_015090842.1:9773382",0,1,1
"ACSF3","s1639_F_HYP_02_ASEReadCounter.table","NW_015090842.1:9773384",0,1,1
"ACSF3","s1639_F_HYP_02_ASEReadCounter.table","NW_015090842.1:9773388",0,1,1
"ACSF3","s1639_F_HYP_02_ASEReadCounter.table","NW_015090842.1:9776753",4,6,2
"ACSF3","s1639_F_HYP_02_ASEReadCounter.table","NW_015090842.1:9776783",4,8,4
"ACSF3","s1639_F_HYP_02_ASEReadCounter.table","NW_015090842.1:9776879",5,8,3
"ACSF3","s1639_F_HYP_02_ASEReadCounter.table","NW_015090842.1:9776965",6,9,3
"ACSF3","s1639_F_HYP_02_ASEReadCounter.table","NW_015090842.1:9777091",10,18,8
"ACSF3","s1639_F_HYP_02_ASEReadCounter.table","NW_015090842.1:9777206",14,26,12
"ACSF3","s1639_F_HYP_02_ASEReadCounter.table","NW_015090842.1:9777283",14,28,14
"ACSF3","s1639_F_HYP_02_ASEReadCounter.table","NW_015090842.1:9778955",15,31,16
"ACSF3","s1639_F_HYP_02_ASEReadCounter.table","NW_015090842.1:9778997",26,50,24
"ACSF3","s1639_F_HYP_02_ASEReadCounter.table","NW_015090842.1:9789311",19,47,28
"ACSF3","s1639_F_HYP_02_ASEReadCounter.table","NW_015090842.1:9789906",0,32,32
"ACSF3","s1639_F_HYP_02_ASEReadCounter.table","NW_015090842.1:9834743",49,104,55
"ACSF3","s1639_F_HYP_02_ASEReadCounter.table","NW_015090842.1:9834852",48,98,50
"ACSF3","s1639_F_HYP_02_ASEReadCounter.table","NW_015090842.1:9834861",45,89,44
"ACSF3","s1639_F_HYP_02_ASEReadCounter.table","NW_015090842.1:9839359",46,93,47
"ACSF3","s1639_F_HYP_02_ASEReadCounter.table","NW_015090842.1:9839378",48,94,46
"ACSF3","s1639_F_HYP_02_ASEReadCounter.table","NW_015090842.1:9839455",50,94,44
"ACSF3","s1639_F_HYP_02_ASEReadCounter.table","NW_015090842.1:9839457",51,93,42
"ACSF3","s1639_F_HYP_02_ASEReadCounter.table","NW_015090842.1:9839489",36,73,37
"ACSF3","s1639_F_HYP_02_ASEReadCounter.table","NW_015090842.1:9839500",32,68,36
"ACSF3","s1639_F_HYP_02_ASEReadCounter.table","NW_015090842.1:9839501",32,68,36
"ACSF3","s1639_F_HYP_02_ASEReadCounter.table","NW_015090842.1:9839504",38,74,36
"ACSF3","s1639_F_HYP_02_ASEReadCounter.table","NW_015090842.1:9839512",32,63,31
"ACSF3","s1639_F_HYP_02_ASEReadCounter.table","NW_015090842.1:9839527",25,52,27
"ACSF3","s1639_F_HYP_02_ASEReadCounter.table","NW_015090842.1:9839533",12,39,27
"ACSF3","s1639_F_HYP_02_ASEReadCounter.table","NW_015090842.1:9839535",12,35,23
"ACSF3","s1639_F_HYP_02_ASEReadCounter.table","NW_015090842.1:9839545",6,29,23
"ACSF3","s1639_F_HYP_02_ASEReadCounter.table","NW_015090842.1:9839550",6,27,21
"ACSF3","s1639_F_HYP_02_ASEReadCounter.table","NW_015090842.1:9839551",6,26,20
"CDH15","s1639_F_HYP_02_ASEReadCounter.table","NW_015090842.1:9848220",0,1,1
"CDH15","s1639_F_HYP_02_ASEReadCounter.table","NW_015090842.1:9848265",0,1,1
"CDH15","s1639_F_HYP_02_ASEReadCounter.table","NW_015090842.1:9848307",0,1,1
"CDH15","s1639_F_HYP_02_ASEReadCounter.table","NW_015090842.1:9848310",0,1,1
"CDH15","s1639_F_HYP_02_ASEReadCounter.table","NW_015090842.1:9848313",0,1,1
"CDH15","s1639_F_HYP_02_ASEReadCounter.table","NW_015090842.1:9848888",1,2,1
"CDH15","s1639_F_HYP_02_ASEReadCounter.table","NW_015090842.1:9848936",1,2,1
"CDH15","s1639_F_HYP_02_ASEReadCounter.table","NW_015090842.1:9849119",0,1,1
"CDH15","s1639_F_HYP_02_ASEReadCounter.table","NW_015090842.1:9849140",1,2,1
"CDH15","s1639_F_HYP_02_ASEReadCounter.table","NW_015090842.1:9849473",1,1,0
"CDH15","s1639_F_HYP_02_ASEReadCounter.table","NW_015090842.1:9850141",1,2,1
"CDH15","s1639_F_HYP_02_ASEReadCounter.table","NW_015090842.1:9850386",0,3,3
"CDH15","s1639_F_HYP_02_ASEReadCounter.table","NW_015090842.1:9850432",0,2,2
"CDH15","s1639_F_HYP_02_ASEReadCounter.table","NW_015090842.1:9850609",2,3,1
"SLC22A31","s1639_F_HYP_02_ASEReadCounter.table","NW_015090842.1:9850797",1,2,1
"SLC22A31","s1639_F_HYP_02_ASEReadCounter.table","NW_015090842.1:9850818",1,3,2
"SLC22A31","s1639_F_HYP_02_ASEReadCounter.table","NW_015090842.1:9850929",1,3,2
"SLC22A31","s1639_F_HYP_02_ASEReadCounter.table","NW_015090842.1:9850936",1,3,2
"SLC22A31","s1639_F_HYP_02_ASEReadCounter.table","NW_015090842.1:9850940",1,2,1
"SLC22A31","s1639_F_HYP_02_ASEReadCounter.table","NW_015090842.1:9850948",1,3,2
"SLC22A31","s1639_F_HYP_02_ASEReadCounter.table","NW_015090842.1:9850961",1,2,1
"SLC22A31","s1639_F_HYP_02_ASEReadCounter.table","NW_015090842.1:9850970",1,2,1
"SLC22A31","s1639_F_HYP_02_ASEReadCounter.table","NW_015090842.1:9850978",1,2,1
"SLC22A31","s1639_F_HYP_02_ASEReadCounter.table","NW_015090842.1:9850981",1,2,1
"SLC22A31","s1639_F_HYP_02_ASEReadCounter.table","NW_015090842.1:9851117",12,19,7
"SLC22A31","s1639_F_HYP_02_ASEReadCounter.table","NW_015090842.1:9851130",12,19,7
"SLC22A31","s1639_F_HYP_02_ASEReadCounter.table","NW_015090842.1:9851139",13,21,8
"SLC22A31","s1639_F_HYP_02_ASEReadCounter.table","NW_015090842.1:9851265",11,27,16
"SLC22A31","s1639_F_HYP_02_ASEReadCounter.table","NW_015090842.1:9851302",14,25,11
"SLC22A31","s1639_F_HYP_02_ASEReadCounter.table","NW_015090842.1:9851303",14,25,11
"SLC22A31","s1639_F_HYP_02_ASEReadCounter.table","NW_015090842.1:9851305",14,25,11
"SLC22A31","s1639_F_HYP_02_ASEReadCounter.table","NW_015090842.1:9851343",9,17,8
"SLC22A31","s1639_F_HYP_02_ASEReadCounter.table","NW_015090842.1:9851344",11,17,6
"SLC22A31","s1639_F_HYP_02_ASEReadCounter.table","NW_015090842.1:9851361",17,17,0
"SLC22A31","s1639_F_HYP_02_ASEReadCounter.table","NW_015090842.1:9851381",12,25,13
"SLC22A31","s1639_F_HYP_02_ASEReadCounter.table","NW_015090842.1:9851421",14,34,20
"SLC22A31","s1639_F_HYP_02_ASEReadCounter.table","NW_015090842.1:9851501",11,22,11
"SLC22A31","s1639_F_HYP_02_ASEReadCounter.table","NW_015090842.1:9851526",13,34,21
"SLC22A31","s1639_F_HYP_02_ASEReadCounter.table","NW_015090842.1:9851589",13,36,23
"SLC22A31","s1639_F_HYP_02_ASEReadCounter.table","NW_015090842.1:9851712",8,30,22
"SLC22A31","s1639_F_HYP_02_ASEReadCounter.table","NW_015090842.1:9851899",9,28,19
"SLC22A31","s1639_F_HYP_02_ASEReadCounter.table","NW_015090842.1:9852139",14,32,18
"SLC22A31","s1639_F_HYP_02_ASEReadCounter.table","NW_015090842.1:9852380",12,31,19
"SLC22A31","s1639_F_HYP_02_ASEReadCounter.table","NW_015090842.1:9852431",5,17,12
"SLC22A31","s1639_F_HYP_02_ASEReadCounter.table","NW_015090842.1:9852630",6,7,1
"SLC22A31","s1639_F_HYP_02_ASEReadCounter.table","NW_015090842.1:9852711",5,12,7
"SLC22A31","s1639_F_HYP_02_ASEReadCounter.table","NW_015090842.1:9853099",5,11,6
"SLC22A31","s1639_F_HYP_02_ASEReadCounter.table","NW_015090842.1:9853102",6,13,7
"SLC22A31","s1639_F_HYP_02_ASEReadCounter.table","NW_015090842.1:9853421",0,1,1
"SLC22A31","s1639_F_HYP_02_ASEReadCounter.table","NW_015090842.1:9853457",4,4,0
"SLC22A31","s1639_F_HYP_02_ASEReadCounter.table","NW_015090842.1:9853502",5,5,0
"ANKRD11","s1639_F_HYP_02_ASEReadCounter.table","NW_015090842.1:9858863",8,23,15
"ANKRD11","s1639_F_HYP_02_ASEReadCounter.table","NW_015090842.1:9859101",164,345,181
"ANKRD11","s1639_F_HYP_02_ASEReadCounter.table","NW_015090842.1:9859352",166,375,209
"ANKRD11","s1639_F_HYP_02_ASEReadCounter.table","NW_015090842.1:9859381",93,257,164
"ANKRD11","s1639_F_HYP_02_ASEReadCounter.table","NW_015090842.1:9859679",180,373,193
"ANKRD11","s1639_F_HYP_02_ASEReadCounter.table","NW_015090842.1:9861097",115,244,129
"ANKRD11","s1639_F_HYP_02_ASEReadCounter.table","NW_015090842.1:9862571",62,134,72
"ANKRD11","s1639_F_HYP_02_ASEReadCounter.table","NW_015090842.1:9862652",52,89,37
"ANKRD11","s1639_F_HYP_02_ASEReadCounter.table","NW_015090842.1:9866071",0,71,71
"ANKRD11","s1639_F_HYP_02_ASEReadCounter.table","NW_015090842.1:9866200",0,56,56
"ANKRD11","s1639_F_HYP_02_ASEReadCounter.table","NW_015090842.1:9867391",9,26,17
"ANKRD11","s1639_F_HYP_02_ASEReadCounter.table","NW_015090842.1:9867472",16,46,30
"ANKRD11","s1639_F_HYP_02_ASEReadCounter.table","NW_015090842.1:9867559",31,65,34
"ANKRD11","s1639_F_HYP_02_ASEReadCounter.table","NW_015090842.1:9867667",31,62,31
"ANKRD11","s1639_F_HYP_02_ASEReadCounter.table","NW_015090842.1:9867934",26,62,36
"ANKRD11","s1639_F_HYP_02_ASEReadCounter.table","NW_015090842.1:9868064",30,60,30
"ANKRD11","s1639_F_HYP_02_ASEReadCounter.table","NW_015090842.1:9868093",25,56,31
"ANKRD11","s1639_F_HYP_02_ASEReadCounter.table","NW_015090842.1:9868222",26,53,27
"ANKRD11","s1639_F_HYP_02_ASEReadCounter.table","NW_015090842.1:9868327",27,66,39
"ANKRD11","s1639_F_HYP_02_ASEReadCounter.table","NW_015090842.1:9868414",45,82,37
"ANKRD11","s1639_F_HYP_02_ASEReadCounter.table","NW_015090842.1:9868441",41,71,30
"ANKRD11","s1639_F_HYP_02_ASEReadCounter.table","NW_015090842.1:9868444",40,74,34
"ANKRD11","s1639_F_HYP_02_ASEReadCounter.table","NW_015090842.1:9868519",51,107,56
"ANKRD11","s1639_F_HYP_02_ASEReadCounter.table","NW_015090842.1:9868609",51,104,53
"ANKRD11","s1639_F_HYP_02_ASEReadCounter.table","NW_015090842.1:9868666",59,133,74
"ANKRD11","s1639_F_HYP_02_ASEReadCounter.table","NW_015090842.1:9868738",184,184,0
"ANKRD11","s1639_F_HYP_02_ASEReadCounter.table","NW_015090842.1:9869431",152,283,131
"ANKRD11","s1639_F_HYP_02_ASEReadCounter.table","NW_015090842.1:9869578",220,399,179
"ANKRD11","s1639_F_HYP_02_ASEReadCounter.table","NW_015090842.1:9869734",228,456,228
"ANKRD11","s1639_F_HYP_02_ASEReadCounter.table","NW_015090842.1:9870070",221,486,265
"ANKRD11","s1639_F_HYP_02_ASEReadCounter.table","NW_015090842.1:9870349",230,507,277
"ANKRD11","s1639_F_HYP_02_ASEReadCounter.table","NW_015090842.1:9870604",285,580,295
"ANKRD11","s1639_F_HYP_02_ASEReadCounter.table","NW_015090842.1:9870613",307,608,301
"ANKRD11","s1639_F_HYP_02_ASEReadCounter.table","NW_015090842.1:9870685",345,719,374
"ANKRD11","s1639_F_HYP_02_ASEReadCounter.table","NW_015090842.1:9870760",318,668,350
"ANKRD11","s1639_F_HYP_02_ASEReadCounter.table","NW_015090842.1:9870847",309,610,301
"ANKRD11","s1639_F_HYP_02_ASEReadCounter.table","NW_015090842.1:9871103",234,435,201
"ANKRD11","s1639_F_HYP_02_ASEReadCounter.table","NW_015090842.1:9871165",214,450,236
"ANKRD11","s1639_F_HYP_02_ASEReadCounter.table","NW_015090842.1:9871508",278,278,0
"ANKRD11","s1639_F_HYP_02_ASEReadCounter.table","NW_015090842.1:9871820",36,84,48
"ANKRD11","s1639_F_HYP_02_ASEReadCounter.table","NW_015090842.1:9872118",42,99,57
"ANKRD11","s1639_F_HYP_02_ASEReadCounter.table","NW_015090842.1:9877406",15,33,18
"SPG7","s1639_F_HYP_02_ASEReadCounter.table","NW_015090842.1:10051190",55,107,52
"SPG7","s1639_F_HYP_02_ASEReadCounter.table","NW_015090842.1:10051218",58,127,69
"SPG7","s1639_F_HYP_02_ASEReadCounter.table","NW_015090842.1:10052348",78,157,79
"SPG7","s1639_F_HYP_02_ASEReadCounter.table","NW_015090842.1:10052366",81,161,80
"SPG7","s1639_F_HYP_02_ASEReadCounter.table","NW_015090842.1:10065173",112,229,117
"SPG7","s1639_F_HYP_02_ASEReadCounter.table","NW_015090842.1:10065215",98,211,113
"SPG7","s1639_F_HYP_02_ASEReadCounter.table","NW_015090842.1:10066365",104,211,107
"SPG7","s1639_F_HYP_02_ASEReadCounter.table","NW_015090842.1:10069752",122,250,128
"SPG7","s1639_F_HYP_02_ASEReadCounter.table","NW_015090842.1:10069800",115,264,149
"SPG7","s1639_F_HYP_02_ASEReadCounter.table","NW_015090842.1:10071192",131,299,168
"SPG7","s1639_F_HYP_02_ASEReadCounter.table","NW_015090842.1:10071219",131,290,159
"SPG7","s1639_F_HYP_02_ASEReadCounter.table","NW_015090842.1:10071967",145,300,155
"SPG7","s1639_F_HYP_02_ASEReadCounter.table","NW_015090842.1:10075109",307,569,262
"SPG7","s1639_F_HYP_02_ASEReadCounter.table","NW_015090842.1:10075114",319,579,260
"SPG7","s1639_F_HYP_02_ASEReadCounter.table","NW_015090842.1:10075198",257,466,209
"SPG7","s1639_F_HYP_02_ASEReadCounter.table","NW_015090842.1:10075487",239,446,207
"SPG7","s1639_F_HYP_02_ASEReadCounter.table","NW_015090842.1:10075488",237,445,208
"SPG7","s1639_F_HYP_02_ASEReadCounter.table","NW_015090842.1:10075548",163,324,161
"RPL13","s1639_F_HYP_02_ASEReadCounter.table","NW_015090842.1:10077387",493,1024,531
"RPL13","s1639_F_HYP_02_ASEReadCounter.table","NW_015090842.1:10077978",772,1611,839
"RPL13","s1639_F_HYP_02_ASEReadCounter.table","NW_015090842.1:10077992",746,1544,798
"CPNE7","s1639_F_HYP_02_ASEReadCounter.table","NW_015090842.1:10084001",6,7,1
"CPNE7","s1639_F_HYP_02_ASEReadCounter.table","NW_015090842.1:10084856",5,6,1
"CPNE7","s1639_F_HYP_02_ASEReadCounter.table","NW_015090842.1:10084872",5,7,2
"CPNE7","s1639_F_HYP_02_ASEReadCounter.table","NW_015090842.1:10084892",5,7,2
"CPNE7","s1639_F_HYP_02_ASEReadCounter.table","NW_015090842.1:10084921",4,5,1
"CPNE7","s1639_F_HYP_02_ASEReadCounter.table","NW_015090842.1:10084935",4,5,1
"CPNE7","s1639_F_HYP_02_ASEReadCounter.table","NW_015090842.1:10085000",9,13,4
"CPNE7","s1639_F_HYP_02_ASEReadCounter.table","NW_015090842.1:10085089",9,10,1
"CPNE7","s1639_F_HYP_02_ASEReadCounter.table","NW_015090842.1:10085096",8,8,0
"CPNE7","s1639_F_HYP_02_ASEReadCounter.table","NW_015090842.1:10085126",9,9,0
"CPNE7","s1639_F_HYP_02_ASEReadCounter.table","NW_015090842.1:10085167",9,9,0
"CPNE7","s1639_F_HYP_02_ASEReadCounter.table","NW_015090842.1:10085180",11,13,2
"CPNE7","s1639_F_HYP_02_ASEReadCounter.table","NW_015090842.1:10085201",11,13,2
"CPNE7","s1639_F_HYP_02_ASEReadCounter.table","NW_015090842.1:10088134",21,28,7
"CPNE7","s1639_F_HYP_02_ASEReadCounter.table","NW_015090842.1:10088146",21,29,8
"CPNE7","s1639_F_HYP_02_ASEReadCounter.table","NW_015090842.1:10088806",16,32,16
"CPNE7","s1639_F_HYP_02_ASEReadCounter.table","NW_015090842.1:10088940",15,37,22
"CPNE7","s1639_F_HYP_02_ASEReadCounter.table","NW_015090842.1:10088965",17,35,18
"CPNE7","s1639_F_HYP_02_ASEReadCounter.table","NW_015090842.1:10088967",17,35,18
"CPNE7","s1639_F_HYP_02_ASEReadCounter.table","NW_015090842.1:10088973",18,35,17
"CPNE7","s1639_F_HYP_02_ASEReadCounter.table","NW_015090842.1:10090924",36,72,36
"CPNE7","s1639_F_HYP_02_ASEReadCounter.table","NW_015090842.1:10090930",35,71,36
"CPNE7","s1639_F_HYP_02_ASEReadCounter.table","NW_015090842.1:10091075",37,65,28
"CPNE7","s1639_F_HYP_02_ASEReadCounter.table","NW_015090842.1:10091389",53,98,45
"CPNE7","s1639_F_HYP_02_ASEReadCounter.table","NW_015090842.1:10091407",59,106,47
"CPNE7","s1639_F_HYP_02_ASEReadCounter.table","NW_015090842.1:10091488",99,99,0
"CPNE7","s1639_F_HYP_02_ASEReadCounter.table","NW_015090842.1:10091491",103,103,0
"CPNE7","s1639_F_HYP_02_ASEReadCounter.table","NW_015090842.1:10091530",61,116,55
"CPNE7","s1639_F_HYP_02_ASEReadCounter.table","NW_015090842.1:10091875",92,146,54
"CPNE7","s1639_F_HYP_02_ASEReadCounter.table","NW_015090842.1:10091983",79,132,53
"CPNE7","s1639_F_HYP_02_ASEReadCounter.table","NW_015090842.1:10091997",86,142,56
"CPNE7","s1639_F_HYP_02_ASEReadCounter.table","NW_015090842.1:10092038",50,86,36
"CPNE7","s1639_F_HYP_02_ASEReadCounter.table","NW_015090842.1:10092140",61,104,43
"CPNE7","s1639_F_HYP_02_ASEReadCounter.table","NW_015090842.1:10092183",48,84,36
"CPNE7","s1639_F_HYP_02_ASEReadCounter.table","NW_015090842.1:10092201",42,72,30
"CPNE7","s1639_F_HYP_02_ASEReadCounter.table","NW_015090842.1:10092230",34,53,19
"CPNE7","s1639_F_HYP_02_ASEReadCounter.table","NW_015090842.1:10092246",22,39,17
"LOC106888185","s1639_F_HYP_02_ASEReadCounter.table","NW_015090842.1:10094965",0,3,3
"LOC106888185","s1639_F_HYP_02_ASEReadCounter.table","NW_015090842.1:10094966",0,3,3
"LOC106888185","s1639_F_HYP_02_ASEReadCounter.table","NW_015090842.1:10094985",0,3,3
"LOC106888185","s1639_F_HYP_02_ASEReadCounter.table","NW_015090842.1:10095055",0,4,4
"LOC106888185","s1639_F_HYP_02_ASEReadCounter.table","NW_015090842.1:10095062",0,3,3
"LOC106888185","s1639_F_HYP_02_ASEReadCounter.table","NW_015090842.1:10095130",0,5,5
"LOC106888185","s1639_F_HYP_02_ASEReadCounter.table","NW_015090842.1:10095265",6,10,4
"LOC106888185","s1639_F_HYP_02_ASEReadCounter.table","NW_015090842.1:10095586",4,10,6
"LOC106888185","s1639_F_HYP_02_ASEReadCounter.table","NW_015090842.1:10095593",5,12,7
"LOC106888185","s1639_F_HYP_02_ASEReadCounter.table","NW_015090842.1:10095616",5,11,6
"LOC106888185","s1639_F_HYP_02_ASEReadCounter.table","NW_015090842.1:10095662",4,8,4
"LOC106888185","s1639_F_HYP_02_ASEReadCounter.table","NW_015090842.1:10095674",3,6,3
"LOC106888185","s1639_F_HYP_02_ASEReadCounter.table","NW_015090842.1:10095786",2,7,5
"LOC106888185","s1639_F_HYP_02_ASEReadCounter.table","NW_015090842.1:10095831",3,11,8
"LOC106888185","s1639_F_HYP_02_ASEReadCounter.table","NW_015090842.1:10096230",2,6,4
"LOC106888185","s1639_F_HYP_02_ASEReadCounter.table","NW_015090842.1:10096249",3,6,3
"LOC106888185","s1639_F_HYP_02_ASEReadCounter.table","NW_015090842.1:10096272",2,5,3
"LOC106888185","s1639_F_HYP_02_ASEReadCounter.table","NW_015090842.1:10096288",2,5,3
"LOC106888185","s1639_F_HYP_02_ASEReadCounter.table","NW_015090842.1:10097248",4,6,2
"LOC106888185","s1639_F_HYP_02_ASEReadCounter.table","NW_015090842.1:10097265",3,7,4
"LOC106888185","s1639_F_HYP_02_ASEReadCounter.table","NW_015090842.1:10097446",0,4,4
"DPEP1","s1639_F_HYP_02_ASEReadCounter.table","NW_015090842.1:10098518",0,2,2
"DPEP1","s1639_F_HYP_02_ASEReadCounter.table","NW_015090842.1:10098659",0,1,1
"DPEP1","s1639_F_HYP_02_ASEReadCounter.table","NW_015090842.1:10099765",0,2,2
"DPEP1","s1639_F_HYP_02_ASEReadCounter.table","NW_015090842.1:10099985",1,2,1
"DPEP1","s1639_F_HYP_02_ASEReadCounter.table","NW_015090842.1:10099986",1,2,1
"DPEP1","s1639_F_HYP_02_ASEReadCounter.table","NW_015090842.1:10099991",1,2,1
"DPEP1","s1639_F_HYP_02_ASEReadCounter.table","NW_015090842.1:10100044",0,1,1
"DPEP1","s1639_F_HYP_02_ASEReadCounter.table","NW_015090842.1:10100045",0,1,1
"DPEP1","s1639_F_HYP_02_ASEReadCounter.table","NW_015090842.1:10100084",0,1,1
"DPEP1","s1639_F_HYP_02_ASEReadCounter.table","NW_015090842.1:10100529",0,1,1
"DPEP1","s1639_F_HYP_02_ASEReadCounter.table","NW_015090842.1:10101072",0,2,2
"DPEP1","s1639_F_HYP_02_ASEReadCounter.table","NW_015090842.1:10101199",0,2,2
"DPEP1","s1639_F_HYP_02_ASEReadCounter.table","NW_015090842.1:10101497",0,1,1
"DPEP1","s1639_F_HYP_02_ASEReadCounter.table","NW_015090842.1:10101525",0,1,1
"DPEP1","s1639_F_HYP_02_ASEReadCounter.table","NW_015090842.1:10101996",0,1,1
"DPEP1","s1639_F_HYP_02_ASEReadCounter.table","NW_015090842.1:10102014",0,1,1
"CHMP1A","s1639_F_HYP_02_ASEReadCounter.table","NW_015090842.1:10102901",93,225,132
"CHMP1A","s1639_F_HYP_02_ASEReadCounter.table","NW_015090842.1:10102961",74,226,152
"CHMP1A","s1639_F_HYP_02_ASEReadCounter.table","NW_015090842.1:10102996",67,221,154
"CHMP1A","s1639_F_HYP_02_ASEReadCounter.table","NW_015090842.1:10103004",77,241,164
"CHMP1A","s1639_F_HYP_02_ASEReadCounter.table","NW_015090842.1:10103006",77,241,164
"CHMP1A","s1639_F_HYP_02_ASEReadCounter.table","NW_015090842.1:10103052",133,334,201
"CHMP1A","s1639_F_HYP_02_ASEReadCounter.table","NW_015090842.1:10103095",134,316,182
"CHMP1A","s1639_F_HYP_02_ASEReadCounter.table","NW_015090842.1:10103096",132,316,184
"CHMP1A","s1639_F_HYP_02_ASEReadCounter.table","NW_015090842.1:10103152",90,207,117
"CHMP1A","s1639_F_HYP_02_ASEReadCounter.table","NW_015090842.1:10103173",90,234,144
"CHMP1A","s1639_F_HYP_02_ASEReadCounter.table","NW_015090842.1:10103334",60,160,100
"CHMP1A","s1639_F_HYP_02_ASEReadCounter.table","NW_015090842.1:10103373",34,137,103
"CHMP1A","s1639_F_HYP_02_ASEReadCounter.table","NW_015090842.1:10103408",66,171,105
"CHMP1A","s1639_F_HYP_02_ASEReadCounter.table","NW_015090842.1:10103412",71,170,99
"CHMP1A","s1639_F_HYP_02_ASEReadCounter.table","NW_015090842.1:10103512",107,206,99
"CHMP1A","s1639_F_HYP_02_ASEReadCounter.table","NW_015090842.1:10103513",108,206,98
"CHMP1A","s1639_F_HYP_02_ASEReadCounter.table","NW_015090842.1:10103583",65,139,74
"CHMP1A","s1639_F_HYP_02_ASEReadCounter.table","NW_015090842.1:10103614",69,146,77
"CHMP1A","s1639_F_HYP_02_ASEReadCounter.table","NW_015090842.1:10103657",78,153,75
"CHMP1A","s1639_F_HYP_02_ASEReadCounter.table","NW_015090842.1:10103669",70,140,70
"CHMP1A","s1639_F_HYP_02_ASEReadCounter.table","NW_015090842.1:10103674",77,138,61
"CHMP1A","s1639_F_HYP_02_ASEReadCounter.table","NW_015090842.1:10103677",77,139,62
"CHMP1A","s1639_F_HYP_02_ASEReadCounter.table","NW_015090842.1:10103729",78,127,49
"CHMP1A","s1639_F_HYP_02_ASEReadCounter.table","NW_015090842.1:10103758",78,125,47
"CHMP1A","s1639_F_HYP_02_ASEReadCounter.table","NW_015090842.1:10103761",75,125,50
"CHMP1A","s1639_F_HYP_02_ASEReadCounter.table","NW_015090842.1:10103788",78,155,77
"CHMP1A","s1639_F_HYP_02_ASEReadCounter.table","NW_015090842.1:10103789",79,153,74
"CHMP1A","s1639_F_HYP_02_ASEReadCounter.table","NW_015090842.1:10103790",76,154,78
"CHMP1A","s1639_F_HYP_02_ASEReadCounter.table","NW_015090842.1:10103950",78,153,75
"CHMP1A","s1639_F_HYP_02_ASEReadCounter.table","NW_015090842.1:10104335",37,86,49
"CHMP1A","s1639_F_HYP_02_ASEReadCounter.table","NW_015090842.1:10104429",58,118,60
"CHMP1A","s1639_F_HYP_02_ASEReadCounter.table","NW_015090842.1:10104532",55,124,69
"CHMP1A","s1639_F_HYP_02_ASEReadCounter.table","NW_015090842.1:10104633",37,86,49
"CHMP1A","s1639_F_HYP_02_ASEReadCounter.table","NW_015090842.1:10104759",38,80,42
"CHMP1A","s1639_F_HYP_02_ASEReadCounter.table","NW_015090842.1:10104794",40,76,36
"CHMP1A","s1639_F_HYP_02_ASEReadCounter.table","NW_015090842.1:10104841",47,47,0
"CHMP1A","s1639_F_HYP_02_ASEReadCounter.table","NW_015090842.1:10104844",21,47,26
"CHMP1A","s1639_F_HYP_02_ASEReadCounter.table","NW_015090842.1:10106242",26,68,42
"CHMP1A","s1639_F_HYP_02_ASEReadCounter.table","NW_015090842.1:10106290",24,67,43
"CHMP1A","s1639_F_HYP_02_ASEReadCounter.table","NW_015090842.1:10106335",30,68,38
"CHMP1A","s1639_F_HYP_02_ASEReadCounter.table","NW_015090842.1:10106383",40,77,37
"CHMP1A","s1639_F_HYP_02_ASEReadCounter.table","NW_015090842.1:10106747",41,78,37
"CHMP1A","s1639_F_HYP_02_ASEReadCounter.table","NW_015090842.1:10107404",37,77,40
"CHMP1A","s1639_F_HYP_02_ASEReadCounter.table","NW_015090842.1:10107876",30,59,29
"CDK10","s1639_F_HYP_02_ASEReadCounter.table","NW_015090842.1:10109030",9,11,2
"CDK10","s1639_F_HYP_02_ASEReadCounter.table","NW_015090842.1:10109963",27,76,49
"CDK10","s1639_F_HYP_02_ASEReadCounter.table","NW_015090842.1:10110887",35,85,50
"CDK10","s1639_F_HYP_02_ASEReadCounter.table","NW_015090842.1:10111254",29,83,54
"CDK10","s1639_F_HYP_02_ASEReadCounter.table","NW_015090842.1:10111380",28,97,69
"CDK10","s1639_F_HYP_02_ASEReadCounter.table","NW_015090842.1:10111395",29,92,63
"CDK10","s1639_F_HYP_02_ASEReadCounter.table","NW_015090842.1:10111437",18,81,63
"CDK10","s1639_F_HYP_02_ASEReadCounter.table","NW_015090842.1:10111798",46,117,71
"CDK10","s1639_F_HYP_02_ASEReadCounter.table","NW_015090842.1:10111840",52,122,70
"CDK10","s1639_F_HYP_02_ASEReadCounter.table","NW_015090842.1:10112031",51,155,104
"CDK10","s1639_F_HYP_02_ASEReadCounter.table","NW_015090842.1:10112285",52,153,101
"CDK10","s1639_F_HYP_02_ASEReadCounter.table","NW_015090842.1:10112398",55,161,106
"CDK10","s1639_F_HYP_02_ASEReadCounter.table","NW_015090842.1:10112455",63,160,97
"CDK10","s1639_F_HYP_02_ASEReadCounter.table","NW_015090842.1:10112461",61,150,89
"CDK10","s1639_F_HYP_02_ASEReadCounter.table","NW_015090842.1:10112497",46,128,82
"CDK10","s1639_F_HYP_02_ASEReadCounter.table","NW_015090842.1:10112508",40,130,90
"CDK10","s1639_F_HYP_02_ASEReadCounter.table","NW_015090842.1:10112518",28,118,90
"CDK10","s1639_F_HYP_02_ASEReadCounter.table","NW_015090842.1:10112540",12,98,86
"CDK10","s1639_F_HYP_02_ASEReadCounter.table","NW_015090842.1:10112556",33,121,88
"CDK10","s1639_F_HYP_02_ASEReadCounter.table","NW_015090842.1:10112561",39,136,97
"CDK10","s1639_F_HYP_02_ASEReadCounter.table","NW_015090842.1:10112596",45,140,95
"CDK10","s1639_F_HYP_02_ASEReadCounter.table","NW_015090842.1:10112630",45,125,80
"CDK10","s1639_F_HYP_02_ASEReadCounter.table","NW_015090842.1:10112656",45,126,81
"CDK10","s1639_F_HYP_02_ASEReadCounter.table","NW_015090842.1:10112665",36,94,58
"CDK10","s1639_F_HYP_02_ASEReadCounter.table","NW_015090842.1:10112668",36,95,59
"CDK10","s1639_F_HYP_02_ASEReadCounter.table","NW_015090842.1:10112781",20,57,37
"CDK10","s1639_F_HYP_02_ASEReadCounter.table","NW_015090842.1:10112782",20,57,37
"CDK10","s1639_F_HYP_02_ASEReadCounter.table","NW_015090842.1:10112795",21,56,35
"CDK10","s1639_F_HYP_02_ASEReadCounter.table","NW_015090842.1:10112841",9,26,17
"CDK10","s1639_F_HYP_02_ASEReadCounter.table","NW_015090842.1:10112861",5,20,15
"SPATA2L","s1639_F_HYP_02_ASEReadCounter.table","NW_015090842.1:10113212",38,76,38
"SPATA2L","s1639_F_HYP_02_ASEReadCounter.table","NW_015090842.1:10113280",52,130,78
"SPATA2L","s1639_F_HYP_02_ASEReadCounter.table","NW_015090842.1:10113296",60,139,79
"SPATA2L","s1639_F_HYP_02_ASEReadCounter.table","NW_015090842.1:10113321",68,152,84
"SPATA2L","s1639_F_HYP_02_ASEReadCounter.table","NW_015090842.1:10113332",72,170,98
"SPATA2L","s1639_F_HYP_02_ASEReadCounter.table","NW_015090842.1:10113380",74,169,95
"SPATA2L","s1639_F_HYP_02_ASEReadCounter.table","NW_015090842.1:10113381",75,177,102
"SPATA2L","s1639_F_HYP_02_ASEReadCounter.table","NW_015090842.1:10113412",71,188,117
"SPATA2L","s1639_F_HYP_02_ASEReadCounter.table","NW_015090842.1:10113421",71,194,123
"SPATA2L","s1639_F_HYP_02_ASEReadCounter.table","NW_015090842.1:10113465",55,170,115
"SPATA2L","s1639_F_HYP_02_ASEReadCounter.table","NW_015090842.1:10113535",58,151,93
"SPATA2L","s1639_F_HYP_02_ASEReadCounter.table","NW_015090842.1:10113645",60,159,99
"SPATA2L","s1639_F_HYP_02_ASEReadCounter.table","NW_015090842.1:10113682",77,220,143
"SPATA2L","s1639_F_HYP_02_ASEReadCounter.table","NW_015090842.1:10113696",64,189,125
"SPATA2L","s1639_F_HYP_02_ASEReadCounter.table","NW_015090842.1:10113727",73,193,120
"SPATA2L","s1639_F_HYP_02_ASEReadCounter.table","NW_015090842.1:10113799",77,178,101
"SPATA2L","s1639_F_HYP_02_ASEReadCounter.table","NW_015090842.1:10113809",84,203,119
"SPATA2L","s1639_F_HYP_02_ASEReadCounter.table","NW_015090842.1:10113827",78,191,113
"SPATA2L","s1639_F_HYP_02_ASEReadCounter.table","NW_015090842.1:10113831",80,198,118
"SPATA2L","s1639_F_HYP_02_ASEReadCounter.table","NW_015090842.1:10113894",71,175,104
"SPATA2L","s1639_F_HYP_02_ASEReadCounter.table","NW_015090842.1:10113905",59,151,92
"SPATA2L","s1639_F_HYP_02_ASEReadCounter.table","NW_015090842.1:10113914",65,149,84
"SPATA2L","s1639_F_HYP_02_ASEReadCounter.table","NW_015090842.1:10113920",66,159,93
"SPATA2L","s1639_F_HYP_02_ASEReadCounter.table","NW_015090842.1:10113937",73,174,101
"SPATA2L","s1639_F_HYP_02_ASEReadCounter.table","NW_015090842.1:10113971",52,146,94
"SPATA2L","s1639_F_HYP_02_ASEReadCounter.table","NW_015090842.1:10113976",39,148,109
"SPATA2L","s1639_F_HYP_02_ASEReadCounter.table","NW_015090842.1:10113985",48,132,84
"SPATA2L","s1639_F_HYP_02_ASEReadCounter.table","NW_015090842.1:10113994",56,139,83
"SPATA2L","s1639_F_HYP_02_ASEReadCounter.table","NW_015090842.1:10114063",41,110,69
"SPATA2L","s1639_F_HYP_02_ASEReadCounter.table","NW_015090842.1:10114066",40,111,71
"SPATA2L","s1639_F_HYP_02_ASEReadCounter.table","NW_015090842.1:10114069",41,114,73
"SPATA2L","s1639_F_HYP_02_ASEReadCounter.table","NW_015090842.1:10114121",30,89,59
"SPATA2L","s1639_F_HYP_02_ASEReadCounter.table","NW_015090842.1:10114159",35,101,66
"SPATA2L","s1639_F_HYP_02_ASEReadCounter.table","NW_015090842.1:10114282",91,91,0
"SPATA2L","s1639_F_HYP_02_ASEReadCounter.table","NW_015090842.1:10114470",28,80,52
"SPATA2L","s1639_F_HYP_02_ASEReadCounter.table","NW_015090842.1:10114524",20,55,35
"VPS9D1","s1639_F_HYP_02_ASEReadCounter.table","NW_015090842.1:10116377",28,75,47
"VPS9D1","s1639_F_HYP_02_ASEReadCounter.table","NW_015090842.1:10116415",28,82,54
"VPS9D1","s1639_F_HYP_02_ASEReadCounter.table","NW_015090842.1:10116607",28,79,51
"VPS9D1","s1639_F_HYP_02_ASEReadCounter.table","NW_015090842.1:10116816",36,36,0
"VPS9D1","s1639_F_HYP_02_ASEReadCounter.table","NW_015090842.1:10116821",15,37,22
"VPS9D1","s1639_F_HYP_02_ASEReadCounter.table","NW_015090842.1:10116825",15,33,18
"VPS9D1","s1639_F_HYP_02_ASEReadCounter.table","NW_015090842.1:10116882",17,42,25
"VPS9D1","s1639_F_HYP_02_ASEReadCounter.table","NW_015090842.1:10116885",18,43,25
"VPS9D1","s1639_F_HYP_02_ASEReadCounter.table","NW_015090842.1:10116933",21,47,26
"VPS9D1","s1639_F_HYP_02_ASEReadCounter.table","NW_015090842.1:10116942",24,51,27
"VPS9D1","s1639_F_HYP_02_ASEReadCounter.table","NW_015090842.1:10117152",25,51,26
"VPS9D1","s1639_F_HYP_02_ASEReadCounter.table","NW_015090842.1:10117396",30,30,0
"VPS9D1","s1639_F_HYP_02_ASEReadCounter.table","NW_015090842.1:10117405",23,23,0
"VPS9D1","s1639_F_HYP_02_ASEReadCounter.table","NW_015090842.1:10117480",13,34,21
"VPS9D1","s1639_F_HYP_02_ASEReadCounter.table","NW_015090842.1:10117497",12,24,12
"VPS9D1","s1639_F_HYP_02_ASEReadCounter.table","NW_015090842.1:10117499",11,24,13
"VPS9D1","s1639_F_HYP_02_ASEReadCounter.table","NW_015090842.1:10117516",15,33,18
"VPS9D1","s1639_F_HYP_02_ASEReadCounter.table","NW_015090842.1:10117525",18,39,21
"VPS9D1","s1639_F_HYP_02_ASEReadCounter.table","NW_015090842.1:10117579",18,41,23
"VPS9D1","s1639_F_HYP_02_ASEReadCounter.table","NW_015090842.1:10117627",14,32,18
"VPS9D1","s1639_F_HYP_02_ASEReadCounter.table","NW_015090842.1:10117678",10,28,18
"VPS9D1","s1639_F_HYP_02_ASEReadCounter.table","NW_015090842.1:10117773",22,58,36
"VPS9D1","s1639_F_HYP_02_ASEReadCounter.table","NW_015090842.1:10117937",26,59,33
"VPS9D1","s1639_F_HYP_02_ASEReadCounter.table","NW_015090842.1:10117961",20,56,36
"VPS9D1","s1639_F_HYP_02_ASEReadCounter.table","NW_015090842.1:10118236",18,62,44
"VPS9D1","s1639_F_HYP_02_ASEReadCounter.table","NW_015090842.1:10118414",21,48,27
"VPS9D1","s1639_F_HYP_02_ASEReadCounter.table","NW_015090842.1:10118973",20,62,42
"VPS9D1","s1639_F_HYP_02_ASEReadCounter.table","NW_015090842.1:10119500",16,39,23
"ZNF276","s1639_F_HYP_02_ASEReadCounter.table","NW_015090842.1:10121760",4,10,6
"ZNF276","s1639_F_HYP_02_ASEReadCounter.table","NW_015090842.1:10121769",4,8,4
"ZNF276","s1639_F_HYP_02_ASEReadCounter.table","NW_015090842.1:10121802",7,13,6
"ZNF276","s1639_F_HYP_02_ASEReadCounter.table","NW_015090842.1:10121971",7,12,5
"ZNF276","s1639_F_HYP_02_ASEReadCounter.table","NW_015090842.1:10122883",7,11,4
"ZNF276","s1639_F_HYP_02_ASEReadCounter.table","NW_015090842.1:10123069",11,25,14
"ZNF276","s1639_F_HYP_02_ASEReadCounter.table","NW_015090842.1:10123207",23,38,15
"ZNF276","s1639_F_HYP_02_ASEReadCounter.table","NW_015090842.1:10125787",17,43,26
"ZNF276","s1639_F_HYP_02_ASEReadCounter.table","NW_015090842.1:10126309",30,55,25
"ZNF276","s1639_F_HYP_02_ASEReadCounter.table","NW_015090842.1:10126348",29,50,21
"ZNF276","s1639_F_HYP_02_ASEReadCounter.table","NW_015090842.1:10126978",28,56,28
"ZNF276","s1639_F_HYP_02_ASEReadCounter.table","NW_015090842.1:10126991",27,54,27
"ZNF276","s1639_F_HYP_02_ASEReadCounter.table","NW_015090842.1:10127023",33,63,30
"ZNF276","s1639_F_HYP_02_ASEReadCounter.table","NW_015090842.1:10127063",27,59,32
"ZNF276","s1639_F_HYP_02_ASEReadCounter.table","NW_015090842.1:10127373",21,52,31
"ZNF276","s1639_F_HYP_02_ASEReadCounter.table","NW_015090842.1:10127931",35,68,33
"ZNF276","s1639_F_HYP_02_ASEReadCounter.table","NW_015090842.1:10128070",29,64,35
"ZNF276","s1639_F_HYP_02_ASEReadCounter.table","NW_015090842.1:10128102",30,66,36
"ZNF276","s1639_F_HYP_02_ASEReadCounter.table","NW_015090842.1:10128356",26,62,36
"ZNF276","s1639_F_HYP_02_ASEReadCounter.table","NW_015090842.1:10128497",27,52,25
"FANCA","s1639_F_HYP_02_ASEReadCounter.table","NW_015090842.1:10128743",3,3,0
"FANCA","s1639_F_HYP_02_ASEReadCounter.table","NW_015090842.1:10128822",2,5,3
"FANCA","s1639_F_HYP_02_ASEReadCounter.table","NW_015090842.1:10129383",1,2,1
"FANCA","s1639_F_HYP_02_ASEReadCounter.table","NW_015090842.1:10129390",1,2,1
"FANCA","s1639_F_HYP_02_ASEReadCounter.table","NW_015090842.1:10129422",0,3,3
"FANCA","s1639_F_HYP_02_ASEReadCounter.table","NW_015090842.1:10129969",0,2,2
"FANCA","s1639_F_HYP_02_ASEReadCounter.table","NW_015090842.1:10130399",0,2,2
"FANCA","s1639_F_HYP_02_ASEReadCounter.table","NW_015090842.1:10130857",0,1,1
"FANCA","s1639_F_HYP_02_ASEReadCounter.table","NW_015090842.1:10130878",0,1,1
"FANCA","s1639_F_HYP_02_ASEReadCounter.table","NW_015090842.1:10133530",0,3,3
"FANCA","s1639_F_HYP_02_ASEReadCounter.table","NW_015090842.1:10133533",0,4,4
"FANCA","s1639_F_HYP_02_ASEReadCounter.table","NW_015090842.1:10133536",0,4,4
"FANCA","s1639_F_HYP_02_ASEReadCounter.table","NW_015090842.1:10133601",0,1,1
"FANCA","s1639_F_HYP_02_ASEReadCounter.table","NW_015090842.1:10134492",0,1,1
"FANCA","s1639_F_HYP_02_ASEReadCounter.table","NW_015090842.1:10136957",0,1,1
"FANCA","s1639_F_HYP_02_ASEReadCounter.table","NW_015090842.1:10137673",1,2,1
"FANCA","s1639_F_HYP_02_ASEReadCounter.table","NW_015090842.1:10138618",0,1,1
"FANCA","s1639_F_HYP_02_ASEReadCounter.table","NW_015090842.1:10140699",0,1,1
"FANCA","s1639_F_HYP_02_ASEReadCounter.table","NW_015090842.1:10145030",2,2,0
"FANCA","s1639_F_HYP_02_ASEReadCounter.table","NW_015090842.1:10152863",1,2,1
"FANCA","s1639_F_HYP_02_ASEReadCounter.table","NW_015090842.1:10154490",0,1,1
"SPIRE2","s1639_F_HYP_02_ASEReadCounter.table","NW_015090842.1:10172284",10,16,6
"SPIRE2","s1639_F_HYP_02_ASEReadCounter.table","NW_015090842.1:10175262",25,33,8
"SPIRE2","s1639_F_HYP_02_ASEReadCounter.table","NW_015090842.1:10175352",4,11,7
"SPIRE2","s1639_F_HYP_02_ASEReadCounter.table","NW_015090842.1:10175400",24,64,40
"SPIRE2","s1639_F_HYP_02_ASEReadCounter.table","NW_015090842.1:10175418",26,71,45
"SPIRE2","s1639_F_HYP_02_ASEReadCounter.table","NW_015090842.1:10175704",43,95,52
"SPIRE2","s1639_F_HYP_02_ASEReadCounter.table","NW_015090842.1:10176115",47,114,67
"SPIRE2","s1639_F_HYP_02_ASEReadCounter.table","NW_015090842.1:10176561",66,124,58
"SPIRE2","s1639_F_HYP_02_ASEReadCounter.table","NW_015090842.1:10176817",82,144,62
"SPIRE2","s1639_F_HYP_02_ASEReadCounter.table","NW_015090842.1:10177084",50,102,52
"SPIRE2","s1639_F_HYP_02_ASEReadCounter.table","NW_015090842.1:10177110",51,108,57
"SPIRE2","s1639_F_HYP_02_ASEReadCounter.table","NW_015090842.1:10177838",92,192,100
"SPIRE2","s1639_F_HYP_02_ASEReadCounter.table","NW_015090842.1:10178000",100,194,94
"SPIRE2","s1639_F_HYP_02_ASEReadCounter.table","NW_015090842.1:10178164",116,206,90
"SPIRE2","s1639_F_HYP_02_ASEReadCounter.table","NW_015090842.1:10178216",113,221,108
"SPIRE2","s1639_F_HYP_02_ASEReadCounter.table","NW_015090842.1:10178403",128,233,105
"SPIRE2","s1639_F_HYP_02_ASEReadCounter.table","NW_015090842.1:10178409",121,226,105
"SPIRE2","s1639_F_HYP_02_ASEReadCounter.table","NW_015090842.1:10178524",128,233,105
"SPIRE2","s1639_F_HYP_02_ASEReadCounter.table","NW_015090842.1:10178526",130,239,109
"SPIRE2","s1639_F_HYP_02_ASEReadCounter.table","NW_015090842.1:10178531",128,233,105
"SPIRE2","s1639_F_HYP_02_ASEReadCounter.table","NW_015090842.1:10178565",118,231,113
"SPIRE2","s1639_F_HYP_02_ASEReadCounter.table","NW_015090842.1:10178587",117,217,100
"SPIRE2","s1639_F_HYP_02_ASEReadCounter.table","NW_015090842.1:10178640",78,150,72
"SPIRE2","s1639_F_HYP_02_ASEReadCounter.table","NW_015090842.1:10178651",92,173,81
"SPIRE2","s1639_F_HYP_02_ASEReadCounter.table","NW_015090842.1:10178682",95,160,65
"TCF25","s1639_F_HYP_02_ASEReadCounter.table","NW_015090842.1:10180912",50,79,29
"TCF25","s1639_F_HYP_02_ASEReadCounter.table","NW_015090842.1:10180924",53,86,33
"TCF25","s1639_F_HYP_02_ASEReadCounter.table","NW_015090842.1:10180931",55,88,33
"TCF25","s1639_F_HYP_02_ASEReadCounter.table","NW_015090842.1:10185332",113,216,103
"TCF25","s1639_F_HYP_02_ASEReadCounter.table","NW_015090842.1:10188816",85,141,56
"MC1R","s1639_F_HYP_02_ASEReadCounter.table","NW_015090842.1:10202160",3,3,0
"DBNDD1","s1639_F_HYP_02_ASEReadCounter.table","NW_015090842.1:10223105",92,201,109
"GAS8","s1639_F_HYP_02_ASEReadCounter.table","NW_015090842.1:10228982",19,37,18
"GAS8","s1639_F_HYP_02_ASEReadCounter.table","NW_015090842.1:10229832",18,40,22
"GAS8","s1639_F_HYP_02_ASEReadCounter.table","NW_015090842.1:10232375",44,70,26
"GAS8","s1639_F_HYP_02_ASEReadCounter.table","NW_015090842.1:10232901",41,80,39
"GAS8","s1639_F_HYP_02_ASEReadCounter.table","NW_015090842.1:10232928",50,96,46
"GAS8","s1639_F_HYP_02_ASEReadCounter.table","NW_015090842.1:10232967",49,105,56
"GAS8","s1639_F_HYP_02_ASEReadCounter.table","NW_015090842.1:10233032",38,77,39
"GAS8","s1639_F_HYP_02_ASEReadCounter.table","NW_015090842.1:10233057",36,61,25
"GAS8","s1639_F_HYP_02_ASEReadCounter.table","NW_015090842.1:10233058",36,62,26
"GAS8","s1639_F_HYP_02_ASEReadCounter.table","NW_015090842.1:10233176",42,60,18
"GAS8","s1639_F_HYP_02_ASEReadCounter.table","NW_015090842.1:10233196",41,61,20
"GAS8","s1639_F_HYP_02_ASEReadCounter.table","NW_015090842.1:10233252",38,52,14
"GAS8","s1639_F_HYP_02_ASEReadCounter.table","NW_015090842.1:10233303",15,24,9
"LOC106888094","s1639_F_HYP_02_ASEReadCounter.table","NW_015090842.1:10233334",3,16,13
"LOC106888094","s1639_F_HYP_02_ASEReadCounter.table","NW_015090842.1:10233362",9,29,20
"LOC106888094","s1639_F_HYP_02_ASEReadCounter.table","NW_015090842.1:10233373",11,33,22
"LOC106888094","s1639_F_HYP_02_ASEReadCounter.table","NW_015090842.1:10233388",13,36,23
"LOC106888094","s1639_F_HYP_02_ASEReadCounter.table","NW_015090842.1:10233402",11,31,20
"LOC106888094","s1639_F_HYP_02_ASEReadCounter.table","NW_015090842.1:10233465",11,39,28
"LOC106888094","s1639_F_HYP_02_ASEReadCounter.table","NW_015090842.1:10233803",19,59,40
"LOC106888094","s1639_F_HYP_02_ASEReadCounter.table","NW_015090842.1:10233815",17,52,35
"LOC106888094","s1639_F_HYP_02_ASEReadCounter.table","NW_015090842.1:10235484",4,4,0
"LOC106888094","s1639_F_HYP_02_ASEReadCounter.table","NW_015090842.1:10235611",2,5,3
"LOC106888094","s1639_F_HYP_02_ASEReadCounter.table","NW_015090842.1:10236098",3,4,1
"LOC106888094","s1639_F_HYP_02_ASEReadCounter.table","NW_015090842.1:10236161",3,4,1
"LOC106888094","s1639_F_HYP_02_ASEReadCounter.table","NW_015090842.1:10236380",0,3,3
"LOC106888094","s1639_F_HYP_02_ASEReadCounter.table","NW_015090842.1:10236388",1,4,3
"LOC106888094","s1639_F_HYP_02_ASEReadCounter.table","NW_015090842.1:10236425",1,1,0
"LOC106888094","s1639_F_HYP_02_ASEReadCounter.table","NW_015090842.1:10236426",1,1,0
"LOC106888094","s1639_F_HYP_02_ASEReadCounter.table","NW_015090842.1:10236603",1,3,2
"LOC106888173","s1639_F_HYP_02_ASEReadCounter.table","NW_015090842.1:10239596",1,25,24
"LOC106888173","s1639_F_HYP_02_ASEReadCounter.table","NW_015090842.1:10240036",4,42,38
"LOC106888173","s1639_F_HYP_02_ASEReadCounter.table","NW_015090842.1:10240095",7,34,27
"LOC106888173","s1639_F_HYP_02_ASEReadCounter.table","NW_015090842.1:10240280",6,56,50
"LOC106888173","s1639_F_HYP_02_ASEReadCounter.table","NW_015090842.1:10240557",7,64,57
"LOC106888173","s1639_F_HYP_02_ASEReadCounter.table","NW_015090842.1:10240603",6,64,58
"LOC106888173","s1639_F_HYP_02_ASEReadCounter.table","NW_015090842.1:10240609",5,59,54
"LOC106888173","s1639_F_HYP_02_ASEReadCounter.table","NW_015090842.1:10240690",6,56,50
"LOC106888173","s1639_F_HYP_02_ASEReadCounter.table","NW_015090842.1:10240924",9,60,51
"LOC106888173","s1639_F_HYP_02_ASEReadCounter.table","NW_015090842.1:10241037",7,58,51
"LOC106888173","s1639_F_HYP_02_ASEReadCounter.table","NW_015090842.1:10241046",9,50,41
"LOC106888173","s1639_F_HYP_02_ASEReadCounter.table","NW_015090842.1:10241058",10,58,48
"LOC106888173","s1639_F_HYP_02_ASEReadCounter.table","NW_015090842.1:10241064",10,57,47
"LOC106888173","s1639_F_HYP_02_ASEReadCounter.table","NW_015090842.1:10241103",71,71,0
"LOC106888173","s1639_F_HYP_02_ASEReadCounter.table","NW_015090842.1:10241163",6,61,55
"LOC106888173","s1639_F_HYP_02_ASEReadCounter.table","NW_015090842.1:10241803",8,87,79
"LOC106888173","s1639_F_HYP_02_ASEReadCounter.table","NW_015090842.1:10241827",13,82,69
"LOC106888173","s1639_F_HYP_02_ASEReadCounter.table","NW_015090842.1:10241869",11,84,73
"LOC106888173","s1639_F_HYP_02_ASEReadCounter.table","NW_015090842.1:10242079",17,96,79
"LOC106888173","s1639_F_HYP_02_ASEReadCounter.table","NW_015090842.1:10242103",19,95,76
"LOC106888173","s1639_F_HYP_02_ASEReadCounter.table","NW_015090842.1:10242157",15,84,69
"LOC106888173","s1639_F_HYP_02_ASEReadCounter.table","NW_015090842.1:10242455",8,99,91
"LOC106888173","s1639_F_HYP_02_ASEReadCounter.table","NW_015090842.1:10242481",11,103,92
"LOC106888173","s1639_F_HYP_02_ASEReadCounter.table","NW_015090842.1:10242590",14,103,89
"LOC106888173","s1639_F_HYP_02_ASEReadCounter.table","NW_015090842.1:10242794",19,109,90
"LOC106888173","s1639_F_HYP_02_ASEReadCounter.table","NW_015090842.1:10242909",14,100,86
"LOC106888173","s1639_F_HYP_02_ASEReadCounter.table","NW_015090842.1:10243094",24,122,98
"LOC106888173","s1639_F_HYP_02_ASEReadCounter.table","NW_015090842.1:10243133",19,105,86
"LOC106888173","s1639_F_HYP_02_ASEReadCounter.table","NW_015090842.1:10243273",17,124,107
"LOC106888173","s1639_F_HYP_02_ASEReadCounter.table","NW_015090842.1:10243278",21,129,108
"LOC106888173","s1639_F_HYP_02_ASEReadCounter.table","NW_015090842.1:10243281",22,133,111
"LOC106888173","s1639_F_HYP_02_ASEReadCounter.table","NW_015090842.1:10243347",70,71,1
"LOC106888173","s1639_F_HYP_02_ASEReadCounter.table","NW_015090842.1:10243353",16,70,54
"LOC106888173","s1639_F_HYP_02_ASEReadCounter.table","NW_015090842.1:10243363",17,59,42
"LOC106888173","s1639_F_HYP_02_ASEReadCounter.table","NW_015090842.1:10243365",17,60,43
"LOC106888173","s1639_F_HYP_02_ASEReadCounter.table","NW_015090842.1:10243566",10,126,116
"LOC106888173","s1639_F_HYP_02_ASEReadCounter.table","NW_015090842.1:10243605",13,145,132
"LOC106888173","s1639_F_HYP_02_ASEReadCounter.table","NW_015090842.1:10243614",14,144,130
"LOC106888173","s1639_F_HYP_02_ASEReadCounter.table","NW_015090842.1:10243615",14,148,134
"LOC106888173","s1639_F_HYP_02_ASEReadCounter.table","NW_015090842.1:10243640",13,136,123
"LOC106888173","s1639_F_HYP_02_ASEReadCounter.table","NW_015090842.1:10243680",13,116,103
"LOC106888173","s1639_F_HYP_02_ASEReadCounter.table","NW_015090842.1:10243742",20,129,109
"LOC106888173","s1639_F_HYP_02_ASEReadCounter.table","NW_015090842.1:10243804",13,110,97
"LOC106888173","s1639_F_HYP_02_ASEReadCounter.table","NW_015090842.1:10243913",8,50,42
"LOC106888173","s1639_F_HYP_02_ASEReadCounter.table","NW_015090842.1:10243921",8,44,36
"LOC106888384","s1639_F_HYP_02_ASEReadCounter.table","NW_015090842.1:10244942",2,2,0
"LOC106888384","s1639_F_HYP_02_ASEReadCounter.table","NW_015090842.1:10244998",1,1,0
"LOC106888384","s1639_F_HYP_02_ASEReadCounter.table","NW_015090842.1:10250743",1,2,1
"LOC106888384","s1639_F_HYP_02_ASEReadCounter.table","NW_015090842.1:10250771",0,1,1
"LOC106888384","s1639_F_HYP_02_ASEReadCounter.table","NW_015090842.1:10251339",1,1,0
"LOC106888384","s1639_F_HYP_02_ASEReadCounter.table","NW_015090842.1:10251343",1,1,0
"LOC106888384","s1639_F_HYP_02_ASEReadCounter.table","NW_015090842.1:10251344",1,1,0
"LOC106888384","s1639_F_HYP_02_ASEReadCounter.table","NW_015090842.1:10251349",1,1,0
"LOC106888384","s1639_F_HYP_02_ASEReadCounter.table","NW_015090842.1:10251354",1,4,3
"LOC106888384","s1639_F_HYP_02_ASEReadCounter.table","NW_015090842.1:10251358",1,4,3
"LOC106888384","s1639_F_HYP_02_ASEReadCounter.table","NW_015090842.1:10251369",1,4,3
"LOC106888384","s1639_F_HYP_02_ASEReadCounter.table","NW_015090842.1:10251370",1,4,3
"LOC106888384","s1639_F_HYP_02_ASEReadCounter.table","NW_015090842.1:10251375",1,4,3
"LOC106888384","s1639_F_HYP_02_ASEReadCounter.table","NW_015090842.1:10251388",0,3,3
"LOC106888384","s1639_F_HYP_02_ASEReadCounter.table","NW_015090842.1:10251390",0,3,3
"LOC106888384","s1639_F_HYP_02_ASEReadCounter.table","NW_015090842.1:10251393",0,3,3
"LOC106888384","s1639_F_HYP_02_ASEReadCounter.table","NW_015090842.1:10251399",0,3,3
"LOC106888384","s1639_F_HYP_02_ASEReadCounter.table","NW_015090842.1:10251492",1,1,0
"LOC106888384","s1639_F_HYP_02_ASEReadCounter.table","NW_015090842.1:10253165",1,3,2
"LOC106888384","s1639_F_HYP_02_ASEReadCounter.table","NW_015090842.1:10253284",1,1,0
"LOC106888384","s1639_F_HYP_02_ASEReadCounter.table","NW_015090842.1:10254028",3,3,0
"LOC106888384","s1639_F_HYP_02_ASEReadCounter.table","NW_015090842.1:10254227",2,2,0
"LOC106888384","s1639_F_HYP_02_ASEReadCounter.table","NW_015090842.1:10254233",2,2,0
"LOC106888384","s1639_F_HYP_02_ASEReadCounter.table","NW_015090842.1:10254263",4,4,0
"LOC106888384","s1639_F_HYP_02_ASEReadCounter.table","NW_015090842.1:10254293",1,2,1
"LOC106888384","s1639_F_HYP_02_ASEReadCounter.table","NW_015090842.1:10254570",1,2,1
"LOC106888384","s1639_F_HYP_02_ASEReadCounter.table","NW_015090842.1:10254605",3,3,0
"LOC106888384","s1639_F_HYP_02_ASEReadCounter.table","NW_015090842.1:10254608",3,3,0
"LOC106888384","s1639_F_HYP_02_ASEReadCounter.table","NW_015090842.1:10254618",2,4,2
"LOC106888384","s1639_F_HYP_02_ASEReadCounter.table","NW_015090842.1:10254620",2,4,2
"LOC106888384","s1639_F_HYP_02_ASEReadCounter.table","NW_015090842.1:10254623",2,5,3
"LOC106888384","s1639_F_HYP_02_ASEReadCounter.table","NW_015090842.1:10254624",2,5,3
"LOC106888384","s1639_F_HYP_02_ASEReadCounter.table","NW_015090842.1:10254627",2,5,3
"LOC106888384","s1639_F_HYP_02_ASEReadCounter.table","NW_015090842.1:10254629",2,2,0
"LOC106888384","s1639_F_HYP_02_ASEReadCounter.table","NW_015090842.1:10254647",3,4,1
"LOC106888384","s1639_F_HYP_02_ASEReadCounter.table","NW_015090842.1:10254840",2,4,2
"LOC106888384","s1639_F_HYP_02_ASEReadCounter.table","NW_015090842.1:10254891",3,6,3
"LOC106888384","s1639_F_HYP_02_ASEReadCounter.table","NW_015090842.1:10254900",5,6,1
"LOC106888384","s1639_F_HYP_02_ASEReadCounter.table","NW_015090842.1:10254915",4,5,1
"LOC106888384","s1639_F_HYP_02_ASEReadCounter.table","NW_015090842.1:10254965",1,2,1
"LOC106888384","s1639_F_HYP_02_ASEReadCounter.table","NW_015090842.1:10254975",1,1,0
"LOC106888384","s1639_F_HYP_02_ASEReadCounter.table","NW_015090842.1:10255077",2,3,1
"LOC106888384","s1639_F_HYP_02_ASEReadCounter.table","NW_015090842.1:10255117",3,4,1
"LOC106888384","s1639_F_HYP_02_ASEReadCounter.table","NW_015090842.1:10255138",1,2,1
"LOC106888384","s1639_F_HYP_02_ASEReadCounter.table","NW_015090842.1:10255139",1,2,1
"LOC106888384","s1639_F_HYP_02_ASEReadCounter.table","NW_015090842.1:10255209",3,4,1
"LOC106888384","s1639_F_HYP_02_ASEReadCounter.table","NW_015090842.1:10255211",3,4,1
"LOC106888384","s1639_F_HYP_02_ASEReadCounter.table","NW_015090842.1:10255236",3,3,0
"LOC106888384","s1639_F_HYP_02_ASEReadCounter.table","NW_015090842.1:10255262",1,1,0
"LOC106888384","s1639_F_HYP_02_ASEReadCounter.table","NW_015090842.1:10255264",1,1,0
"LOC106888384","s1639_F_HYP_02_ASEReadCounter.table","NW_015090842.1:10255306",1,1,0
"LOC106888384","s1639_F_HYP_02_ASEReadCounter.table","NW_015090842.1:10255340",3,3,0
"LOC106888384","s1639_F_HYP_02_ASEReadCounter.table","NW_015090842.1:10255410",4,4,0
"LOC106888384","s1639_F_HYP_02_ASEReadCounter.table","NW_015090842.1:10255449",4,4,0
"LOC106888384","s1639_F_HYP_02_ASEReadCounter.table","NW_015090842.1:10255496",2,2,0
"LOC106888384","s1639_F_HYP_02_ASEReadCounter.table","NW_015090842.1:10255505",3,3,0
"LOC106888384","s1639_F_HYP_02_ASEReadCounter.table","NW_015090842.1:10255531",3,3,0
"LOC106888384","s1639_F_HYP_02_ASEReadCounter.table","NW_015090842.1:10255608",4,4,0
"LOC106888384","s1639_F_HYP_02_ASEReadCounter.table","NW_015090842.1:10255704",6,6,0
"LOC106888384","s1639_F_HYP_02_ASEReadCounter.table","NW_015090842.1:10255731",7,7,0
"LOC106888384","s1639_F_HYP_02_ASEReadCounter.table","NW_015090842.1:10255771",6,6,0
"TANGO6","s1639_F_HYP_02_ASEReadCounter.table","NW_015090842.1:10257782",8,15,7
"TANGO6","s1639_F_HYP_02_ASEReadCounter.table","NW_015090842.1:10258162",8,14,6
"TANGO6","s1639_F_HYP_02_ASEReadCounter.table","NW_015090842.1:10258185",12,16,4
"TANGO6","s1639_F_HYP_02_ASEReadCounter.table","NW_015090842.1:10259267",7,10,3
"TANGO6","s1639_F_HYP_02_ASEReadCounter.table","NW_015090842.1:10260250",27,45,18
"TANGO6","s1639_F_HYP_02_ASEReadCounter.table","NW_015090842.1:10260289",29,51,22
"TANGO6","s1639_F_HYP_02_ASEReadCounter.table","NW_015090842.1:10260309",22,41,19
"TANGO6","s1639_F_HYP_02_ASEReadCounter.table","NW_015090842.1:10260979",11,25,14
"TANGO6","s1639_F_HYP_02_ASEReadCounter.table","NW_015090842.1:10261599",20,38,18
"TANGO6","s1639_F_HYP_02_ASEReadCounter.table","NW_015090842.1:10268425",31,57,26
"TANGO6","s1639_F_HYP_02_ASEReadCounter.table","NW_015090842.1:10269831",23,55,32
"TANGO6","s1639_F_HYP_02_ASEReadCounter.table","NW_015090842.1:10270813",40,74,34
"TANGO6","s1639_F_HYP_02_ASEReadCounter.table","NW_015090842.1:10274018",19,42,23
"TANGO6","s1639_F_HYP_02_ASEReadCounter.table","NW_015090842.1:10275974",29,53,24
"TANGO6","s1639_F_HYP_02_ASEReadCounter.table","NW_015090842.1:10275976",29,52,23
"TANGO6","s1639_F_HYP_02_ASEReadCounter.table","NW_015090842.1:10276123",27,52,25
"TANGO6","s1639_F_HYP_02_ASEReadCounter.table","NW_015090842.1:10276271",34,63,29
"TANGO6","s1639_F_HYP_02_ASEReadCounter.table","NW_015090842.1:10276272",32,64,32
"TANGO6","s1639_F_HYP_02_ASEReadCounter.table","NW_015090842.1:10276275",37,69,32
"TANGO6","s1639_F_HYP_02_ASEReadCounter.table","NW_015090842.1:10276278",38,70,32
"TANGO6","s1639_F_HYP_02_ASEReadCounter.table","NW_015090842.1:10276368",31,55,24
"TANGO6","s1639_F_HYP_02_ASEReadCounter.table","NW_015090842.1:10276373",30,54,24
"TANGO6","s1639_F_HYP_02_ASEReadCounter.table","NW_015090842.1:10276630",33,60,27
"TANGO6","s1639_F_HYP_02_ASEReadCounter.table","NW_015090842.1:10281498",44,72,28
"TANGO6","s1639_F_HYP_02_ASEReadCounter.table","NW_015090842.1:10281516",53,90,37
"TANGO6","s1639_F_HYP_02_ASEReadCounter.table","NW_015090842.1:10282842",58,93,35
"TANGO6","s1639_F_HYP_02_ASEReadCounter.table","NW_015090842.1:10282863",42,73,31
"TANGO6","s1639_F_HYP_02_ASEReadCounter.table","NW_015090842.1:10282869",47,74,27
"TANGO6","s1639_F_HYP_02_ASEReadCounter.table","NW_015090842.1:10282903",42,84,42
"TANGO6","s1639_F_HYP_02_ASEReadCounter.table","NW_015090842.1:10283757",56,110,54
"TANGO6","s1639_F_HYP_02_ASEReadCounter.table","NW_015090842.1:10283785",71,121,50
"HAS3","s1639_F_HYP_02_ASEReadCounter.table","NW_015090842.1:10288093",1,4,3
"HAS3","s1639_F_HYP_02_ASEReadCounter.table","NW_015090842.1:10288266",2,3,1
"HAS3","s1639_F_HYP_02_ASEReadCounter.table","NW_015090842.1:10288274",2,3,1
"HAS3","s1639_F_HYP_02_ASEReadCounter.table","NW_015090842.1:10288364",1,1,0
"HAS3","s1639_F_HYP_02_ASEReadCounter.table","NW_015090842.1:10289269",0,1,1
"HAS3","s1639_F_HYP_02_ASEReadCounter.table","NW_015090842.1:10289272",0,1,1
"HAS3","s1639_F_HYP_02_ASEReadCounter.table","NW_015090842.1:10289469",1,1,0
"HAS3","s1639_F_HYP_02_ASEReadCounter.table","NW_015090842.1:10290375",0,1,1
"HAS3","s1639_F_HYP_02_ASEReadCounter.table","NW_015090842.1:10290395",0,1,1
"HAS3","s1639_F_HYP_02_ASEReadCounter.table","NW_015090842.1:10290439",1,1,0
"HAS3","s1639_F_HYP_02_ASEReadCounter.table","NW_015090842.1:10290609",0,2,2
"HAS3","s1639_F_HYP_02_ASEReadCounter.table","NW_015090842.1:10290666",0,2,2
"HAS3","s1639_F_HYP_02_ASEReadCounter.table","NW_015090842.1:10290723",0,1,1
"HAS3","s1639_F_HYP_02_ASEReadCounter.table","NW_015090842.1:10290927",3,5,2
"HAS3","s1639_F_HYP_02_ASEReadCounter.table","NW_015090842.1:10291004",0,1,1
"CHTF8","s1639_F_HYP_02_ASEReadCounter.table","NW_015090842.1:10291319",3,5,2
"CHTF8","s1639_F_HYP_02_ASEReadCounter.table","NW_015090842.1:10291491",11,16,5
"CHTF8","s1639_F_HYP_02_ASEReadCounter.table","NW_015090842.1:10291520",11,19,8
"CHTF8","s1639_F_HYP_02_ASEReadCounter.table","NW_015090842.1:10291593",9,23,14
"CHTF8","s1639_F_HYP_02_ASEReadCounter.table","NW_015090842.1:10291600",9,23,14
"CHTF8","s1639_F_HYP_02_ASEReadCounter.table","NW_015090842.1:10291609",8,22,14
"CHTF8","s1639_F_HYP_02_ASEReadCounter.table","NW_015090842.1:10291639",9,23,14
"CHTF8","s1639_F_HYP_02_ASEReadCounter.table","NW_015090842.1:10291641",9,23,14
"CHTF8","s1639_F_HYP_02_ASEReadCounter.table","NW_015090842.1:10291648",13,26,13
"CHTF8","s1639_F_HYP_02_ASEReadCounter.table","NW_015090842.1:10291656",13,28,15
"CHTF8","s1639_F_HYP_02_ASEReadCounter.table","NW_015090842.1:10291675",14,29,15
"CHTF8","s1639_F_HYP_02_ASEReadCounter.table","NW_015090842.1:10291696",12,23,11
"CHTF8","s1639_F_HYP_02_ASEReadCounter.table","NW_015090842.1:10291714",11,20,9
"CHTF8","s1639_F_HYP_02_ASEReadCounter.table","NW_015090842.1:10291732",11,21,10
"CHTF8","s1639_F_HYP_02_ASEReadCounter.table","NW_015090842.1:10291755",10,20,10
"CHTF8","s1639_F_HYP_02_ASEReadCounter.table","NW_015090842.1:10291756",10,20,10
"CHTF8","s1639_F_HYP_02_ASEReadCounter.table","NW_015090842.1:10291758",10,22,12
"CHTF8","s1639_F_HYP_02_ASEReadCounter.table","NW_015090842.1:10291792",8,21,13
"CHTF8","s1639_F_HYP_02_ASEReadCounter.table","NW_015090842.1:10291895",14,21,7
"CHTF8","s1639_F_HYP_02_ASEReadCounter.table","NW_015090842.1:10292132",14,20,6
"CHTF8","s1639_F_HYP_02_ASEReadCounter.table","NW_015090842.1:10292314",13,17,4
"CHTF8","s1639_F_HYP_02_ASEReadCounter.table","NW_015090842.1:10292317",14,17,3
"CHTF8","s1639_F_HYP_02_ASEReadCounter.table","NW_015090842.1:10292928",3,3,0
"UTP4","s1639_F_HYP_02_ASEReadCounter.table","NW_015090842.1:10293146",5,14,9
"UTP4","s1639_F_HYP_02_ASEReadCounter.table","NW_015090842.1:10293151",6,15,9
"UTP4","s1639_F_HYP_02_ASEReadCounter.table","NW_015090842.1:10293191",4,14,10
"UTP4","s1639_F_HYP_02_ASEReadCounter.table","NW_015090842.1:10293362",8,16,8
"UTP4","s1639_F_HYP_02_ASEReadCounter.table","NW_015090842.1:10293430",5,12,7
"UTP4","s1639_F_HYP_02_ASEReadCounter.table","NW_015090842.1:10293625",6,13,7
"UTP4","s1639_F_HYP_02_ASEReadCounter.table","NW_015090842.1:10293684",6,18,12
"UTP4","s1639_F_HYP_02_ASEReadCounter.table","NW_015090842.1:10294093",7,14,7
"UTP4","s1639_F_HYP_02_ASEReadCounter.table","NW_015090842.1:10294622",7,20,13
"UTP4","s1639_F_HYP_02_ASEReadCounter.table","NW_015090842.1:10294632",7,19,12
"UTP4","s1639_F_HYP_02_ASEReadCounter.table","NW_015090842.1:10295238",7,22,15
"UTP4","s1639_F_HYP_02_ASEReadCounter.table","NW_015090842.1:10295880",12,27,15
"UTP4","s1639_F_HYP_02_ASEReadCounter.table","NW_015090842.1:10295884",12,27,15
"UTP4","s1639_F_HYP_02_ASEReadCounter.table","NW_015090842.1:10295903",11,22,11
"UTP4","s1639_F_HYP_02_ASEReadCounter.table","NW_015090842.1:10295906",10,21,11
"UTP4","s1639_F_HYP_02_ASEReadCounter.table","NW_015090842.1:10295915",9,21,12
"UTP4","s1639_F_HYP_02_ASEReadCounter.table","NW_015090842.1:10295938",8,23,15
"UTP4","s1639_F_HYP_02_ASEReadCounter.table","NW_015090842.1:10296175",13,34,21
"UTP4","s1639_F_HYP_02_ASEReadCounter.table","NW_015090842.1:10296660",15,27,12
"UTP4","s1639_F_HYP_02_ASEReadCounter.table","NW_015090842.1:10296679",13,22,9
"UTP4","s1639_F_HYP_02_ASEReadCounter.table","NW_015090842.1:10297193",23,54,31
"UTP4","s1639_F_HYP_02_ASEReadCounter.table","NW_015090842.1:10297220",29,61,32
"UTP4","s1639_F_HYP_02_ASEReadCounter.table","NW_015090842.1:10297307",35,69,34
"UTP4","s1639_F_HYP_02_ASEReadCounter.table","NW_015090842.1:10297558",36,79,43
"UTP4","s1639_F_HYP_02_ASEReadCounter.table","NW_015090842.1:10297943",31,68,37
"UTP4","s1639_F_HYP_02_ASEReadCounter.table","NW_015090842.1:10297979",26,62,36
"UTP4","s1639_F_HYP_02_ASEReadCounter.table","NW_015090842.1:10298022",19,44,25
"UTP4","s1639_F_HYP_02_ASEReadCounter.table","NW_015090842.1:10298079",3,18,15
"UTP4","s1639_F_HYP_02_ASEReadCounter.table","NW_015090842.1:10298081",3,18,15
"UTP4","s1639_F_HYP_02_ASEReadCounter.table","NW_015090842.1:10298082",2,17,15
"SNTB2","s1639_F_HYP_02_ASEReadCounter.table","NW_015090842.1:10303506",1,2,1
"SNTB2","s1639_F_HYP_02_ASEReadCounter.table","NW_015090842.1:10303524",2,3,1
"SNTB2","s1639_F_HYP_02_ASEReadCounter.table","NW_015090842.1:10304059",4,5,1
"SNTB2","s1639_F_HYP_02_ASEReadCounter.table","NW_015090842.1:10304089",4,6,2
"SNTB2","s1639_F_HYP_02_ASEReadCounter.table","NW_015090842.1:10304167",2,4,2
"SNTB2","s1639_F_HYP_02_ASEReadCounter.table","NW_015090842.1:10304176",1,2,1
"SNTB2","s1639_F_HYP_02_ASEReadCounter.table","NW_015090842.1:10305069",1,4,3
"SNTB2","s1639_F_HYP_02_ASEReadCounter.table","NW_015090842.1:10305099",3,7,4
"SNTB2","s1639_F_HYP_02_ASEReadCounter.table","NW_015090842.1:10305171",4,9,5
"SNTB2","s1639_F_HYP_02_ASEReadCounter.table","NW_015090842.1:10305177",3,8,5
"SNTB2","s1639_F_HYP_02_ASEReadCounter.table","NW_015090842.1:10305451",3,6,3
"SNTB2","s1639_F_HYP_02_ASEReadCounter.table","NW_015090842.1:10305547",3,6,3
"SNTB2","s1639_F_HYP_02_ASEReadCounter.table","NW_015090842.1:10305847",2,4,2
"SNTB2","s1639_F_HYP_02_ASEReadCounter.table","NW_015090842.1:10306173",2,4,2
"SNTB2","s1639_F_HYP_02_ASEReadCounter.table","NW_015090842.1:10306275",6,8,2
"SNTB2","s1639_F_HYP_02_ASEReadCounter.table","NW_015090842.1:10306457",5,8,3
"SNTB2","s1639_F_HYP_02_ASEReadCounter.table","NW_015090842.1:10306496",3,6,3
"SNTB2","s1639_F_HYP_02_ASEReadCounter.table","NW_015090842.1:10306499",3,5,2
"VPS4A","s1639_F_HYP_02_ASEReadCounter.table","NW_015090842.1:10308566",38,111,73
"VPS4A","s1639_F_HYP_02_ASEReadCounter.table","NW_015090842.1:10308573",39,111,72
"VPS4A","s1639_F_HYP_02_ASEReadCounter.table","NW_015090842.1:10308856",82,197,115
"VPS4A","s1639_F_HYP_02_ASEReadCounter.table","NW_015090842.1:10309056",102,247,145
"VPS4A","s1639_F_HYP_02_ASEReadCounter.table","NW_015090842.1:10309089",129,266,137
"VPS4A","s1639_F_HYP_02_ASEReadCounter.table","NW_015090842.1:10309392",117,241,124
"VPS4A","s1639_F_HYP_02_ASEReadCounter.table","NW_015090842.1:10309413",145,283,138
"VPS4A","s1639_F_HYP_02_ASEReadCounter.table","NW_015090842.1:10309467",155,330,175
"VPS4A","s1639_F_HYP_02_ASEReadCounter.table","NW_015090842.1:10310230",163,361,198
"VPS4A","s1639_F_HYP_02_ASEReadCounter.table","NW_015090842.1:10310425",174,346,172
"VPS4A","s1639_F_HYP_02_ASEReadCounter.table","NW_015090842.1:10310639",189,383,194
"VPS4A","s1639_F_HYP_02_ASEReadCounter.table","NW_015090842.1:10310734",166,344,178
"VPS4A","s1639_F_HYP_02_ASEReadCounter.table","NW_015090842.1:10310737",171,352,181
"VPS4A","s1639_F_HYP_02_ASEReadCounter.table","NW_015090842.1:10310746",185,376,191
"VPS4A","s1639_F_HYP_02_ASEReadCounter.table","NW_015090842.1:10310767",194,401,207
"VPS4A","s1639_F_HYP_02_ASEReadCounter.table","NW_015090842.1:10310995",197,380,183
"VPS4A","s1639_F_HYP_02_ASEReadCounter.table","NW_015090842.1:10311004",192,365,173
"VPS4A","s1639_F_HYP_02_ASEReadCounter.table","NW_015090842.1:10311007",188,371,183
"VPS4A","s1639_F_HYP_02_ASEReadCounter.table","NW_015090842.1:10311013",200,393,193
"VPS4A","s1639_F_HYP_02_ASEReadCounter.table","NW_015090842.1:10311022",180,373,193
"VPS4A","s1639_F_HYP_02_ASEReadCounter.table","NW_015090842.1:10311023",180,370,190
"VPS4A","s1639_F_HYP_02_ASEReadCounter.table","NW_015090842.1:10311426",204,451,247
"VPS4A","s1639_F_HYP_02_ASEReadCounter.table","NW_015090842.1:10311489",0,7,7
"VPS4A","s1639_F_HYP_02_ASEReadCounter.table","NW_015090842.1:10311490",0,6,6
"VPS4A","s1639_F_HYP_02_ASEReadCounter.table","NW_015090842.1:10311525",6,25,19
"VPS4A","s1639_F_HYP_02_ASEReadCounter.table","NW_015090842.1:10311529",6,27,21
"VPS4A","s1639_F_HYP_02_ASEReadCounter.table","NW_015090842.1:10311530",6,29,23
"VPS4A","s1639_F_HYP_02_ASEReadCounter.table","NW_015090842.1:10311552",38,71,33
"VPS4A","s1639_F_HYP_02_ASEReadCounter.table","NW_015090842.1:10311689",49,110,61
"VPS4A","s1639_F_HYP_02_ASEReadCounter.table","NW_015090842.1:10311700",61,120,59
"VPS4A","s1639_F_HYP_02_ASEReadCounter.table","NW_015090842.1:10311701",56,118,62
"VPS4A","s1639_F_HYP_02_ASEReadCounter.table","NW_015090842.1:10311703",62,124,62
"COG8","s1639_F_HYP_02_ASEReadCounter.table","NW_015090842.1:10313487",27,60,33
"COG8","s1639_F_HYP_02_ASEReadCounter.table","NW_015090842.1:10313559",35,70,35
"COG8","s1639_F_HYP_02_ASEReadCounter.table","NW_015090842.1:10313579",28,63,35
"COG8","s1639_F_HYP_02_ASEReadCounter.table","NW_015090842.1:10313665",36,61,25
"COG8","s1639_F_HYP_02_ASEReadCounter.table","NW_015090842.1:10313681",31,55,24
"COG8","s1639_F_HYP_02_ASEReadCounter.table","NW_015090842.1:10313768",44,73,29
"COG8","s1639_F_HYP_02_ASEReadCounter.table","NW_015090842.1:10313775",39,70,31
"COG8","s1639_F_HYP_02_ASEReadCounter.table","NW_015090842.1:10313811",30,52,22
"COG8","s1639_F_HYP_02_ASEReadCounter.table","NW_015090842.1:10313858",30,43,13
"COG8","s1639_F_HYP_02_ASEReadCounter.table","NW_015090842.1:10314100",26,55,29
"COG8","s1639_F_HYP_02_ASEReadCounter.table","NW_015090842.1:10314213",22,46,24
"COG8","s1639_F_HYP_02_ASEReadCounter.table","NW_015090842.1:10315093",14,31,17
"COG8","s1639_F_HYP_02_ASEReadCounter.table","NW_015090842.1:10315162",12,41,29
"COG8","s1639_F_HYP_02_ASEReadCounter.table","NW_015090842.1:10315285",25,47,22
"COG8","s1639_F_HYP_02_ASEReadCounter.table","NW_015090842.1:10315360",10,28,18
"COG8","s1639_F_HYP_02_ASEReadCounter.table","NW_015090842.1:10315369",11,31,20
"COG8","s1639_F_HYP_02_ASEReadCounter.table","NW_015090842.1:10315504",5,12,7
"COG8","s1639_F_HYP_02_ASEReadCounter.table","NW_015090842.1:10315508",5,13,8
"COG8","s1639_F_HYP_02_ASEReadCounter.table","NW_015090842.1:10315624",8,26,18
"COG8","s1639_F_HYP_02_ASEReadCounter.table","NW_015090842.1:10315693",16,31,15
"COG8","s1639_F_HYP_02_ASEReadCounter.table","NW_015090842.1:10315698",15,31,16
"COG8","s1639_F_HYP_02_ASEReadCounter.table","NW_015090842.1:10315768",8,21,13
"COG8","s1639_F_HYP_02_ASEReadCounter.table","NW_015090842.1:10315769",8,21,13
"COG8","s1639_F_HYP_02_ASEReadCounter.table","NW_015090842.1:10315784",9,19,10
"COG8","s1639_F_HYP_02_ASEReadCounter.table","NW_015090842.1:10316093",12,26,14
"COG8","s1639_F_HYP_02_ASEReadCounter.table","NW_015090842.1:10316133",7,23,16
"NIP7","s1639_F_HYP_02_ASEReadCounter.table","NW_015090842.1:10316759",18,35,17
"NIP7","s1639_F_HYP_02_ASEReadCounter.table","NW_015090842.1:10316967",99,221,122
"NIP7","s1639_F_HYP_02_ASEReadCounter.table","NW_015090842.1:10316995",106,246,140
"NIP7","s1639_F_HYP_02_ASEReadCounter.table","NW_015090842.1:10317240",173,337,164
"NIP7","s1639_F_HYP_02_ASEReadCounter.table","NW_015090842.1:10317247",169,324,155
"NIP7","s1639_F_HYP_02_ASEReadCounter.table","NW_015090842.1:10317264",168,313,145
"NIP7","s1639_F_HYP_02_ASEReadCounter.table","NW_015090842.1:10317433",230,450,220
"NIP7","s1639_F_HYP_02_ASEReadCounter.table","NW_015090842.1:10317738",193,415,222
"NIP7","s1639_F_HYP_02_ASEReadCounter.table","NW_015090842.1:10317769",226,455,229
"NIP7","s1639_F_HYP_02_ASEReadCounter.table","NW_015090842.1:10317808",151,314,163
"NIP7","s1639_F_HYP_02_ASEReadCounter.table","NW_015090842.1:10317870",107,233,126
"NIP7","s1639_F_HYP_02_ASEReadCounter.table","NW_015090842.1:10317871",107,226,119
"NIP7","s1639_F_HYP_02_ASEReadCounter.table","NW_015090842.1:10317898",78,177,99
"NIP7","s1639_F_HYP_02_ASEReadCounter.table","NW_015090842.1:10317911",72,157,85
"TMED6","s1639_F_HYP_02_ASEReadCounter.table","NW_015090842.1:10318731",0,2,2
"TERF2","s1639_F_HYP_02_ASEReadCounter.table","NW_015090842.1:10321665",18,18,0
"TERF2","s1639_F_HYP_02_ASEReadCounter.table","NW_015090842.1:10321768",29,72,43
"TERF2","s1639_F_HYP_02_ASEReadCounter.table","NW_015090842.1:10321777",30,76,46
"TERF2","s1639_F_HYP_02_ASEReadCounter.table","NW_015090842.1:10321805",25,81,56
"TERF2","s1639_F_HYP_02_ASEReadCounter.table","NW_015090842.1:10321878",51,114,63
"TERF2","s1639_F_HYP_02_ASEReadCounter.table","NW_015090842.1:10321893",6,112,106
"TERF2","s1639_F_HYP_02_ASEReadCounter.table","NW_015090842.1:10321897",39,103,64
"TERF2","s1639_F_HYP_02_ASEReadCounter.table","NW_015090842.1:10321908",36,96,60
"TERF2","s1639_F_HYP_02_ASEReadCounter.table","NW_015090842.1:10322001",57,133,76
"TERF2","s1639_F_HYP_02_ASEReadCounter.table","NW_015090842.1:10322035",41,99,58
"TERF2","s1639_F_HYP_02_ASEReadCounter.table","NW_015090842.1:10322051",36,97,61
"TERF2","s1639_F_HYP_02_ASEReadCounter.table","NW_015090842.1:10322137",34,97,63
"TERF2","s1639_F_HYP_02_ASEReadCounter.table","NW_015090842.1:10322144",35,90,55
"TERF2","s1639_F_HYP_02_ASEReadCounter.table","NW_015090842.1:10322388",19,97,78
"TERF2","s1639_F_HYP_02_ASEReadCounter.table","NW_015090842.1:10322396",20,95,75
"TERF2","s1639_F_HYP_02_ASEReadCounter.table","NW_015090842.1:10322502",40,96,56
"TERF2","s1639_F_HYP_02_ASEReadCounter.table","NW_015090842.1:10322504",39,92,53
"TERF2","s1639_F_HYP_02_ASEReadCounter.table","NW_015090842.1:10322510",39,93,54
"TERF2","s1639_F_HYP_02_ASEReadCounter.table","NW_015090842.1:10323580",30,78,48
"TERF2","s1639_F_HYP_02_ASEReadCounter.table","NW_015090842.1:10324314",34,79,45
"TERF2","s1639_F_HYP_02_ASEReadCounter.table","NW_015090842.1:10326832",29,58,29
"TERF2","s1639_F_HYP_02_ASEReadCounter.table","NW_015090842.1:10327787",10,35,25
"TERF2","s1639_F_HYP_02_ASEReadCounter.table","NW_015090842.1:10328588",11,29,18
"TERF2","s1639_F_HYP_02_ASEReadCounter.table","NW_015090842.1:10328644",8,18,10
"TERF2","s1639_F_HYP_02_ASEReadCounter.table","NW_015090842.1:10329813",7,20,13
"TERF2","s1639_F_HYP_02_ASEReadCounter.table","NW_015090842.1:10330749",10,19,9
"TERF2","s1639_F_HYP_02_ASEReadCounter.table","NW_015090842.1:10330789",14,24,10
"CYB5B","s1639_F_HYP_02_ASEReadCounter.table","NW_015090842.1:10336595",5,8,3
"CYB5B","s1639_F_HYP_02_ASEReadCounter.table","NW_015090842.1:10336667",42,85,43
"CYB5B","s1639_F_HYP_02_ASEReadCounter.table","NW_015090842.1:10336689",60,117,57
"CYB5B","s1639_F_HYP_02_ASEReadCounter.table","NW_015090842.1:10336728",92,166,74
"CYB5B","s1639_F_HYP_02_ASEReadCounter.table","NW_015090842.1:10345068",90,164,74
"CYB5B","s1639_F_HYP_02_ASEReadCounter.table","NW_015090842.1:10348800",145,244,99
"CYB5B","s1639_F_HYP_02_ASEReadCounter.table","NW_015090842.1:10348888",110,209,99
"CYB5B","s1639_F_HYP_02_ASEReadCounter.table","NW_015090842.1:10349046",124,235,111
"CYB5B","s1639_F_HYP_02_ASEReadCounter.table","NW_015090842.1:10349119",101,215,114
"CYB5B","s1639_F_HYP_02_ASEReadCounter.table","NW_015090842.1:10349146",67,189,122
"CYB5B","s1639_F_HYP_02_ASEReadCounter.table","NW_015090842.1:10349157",97,217,120
