"gene","id","snp","ref_count","total_count","alt_count"
"CENPN","s1639_F_NC_02_ASEReadCounter.table","NW_015090842.1:5801655",0,1,1
"CENPN","s1639_F_NC_02_ASEReadCounter.table","NW_015090842.1:5801662",0,1,1
"CENPN","s1639_F_NC_02_ASEReadCounter.table","NW_015090842.1:5801670",0,1,1
"CENPN","s1639_F_NC_02_ASEReadCounter.table","NW_015090842.1:5801674",0,1,1
"CENPN","s1639_F_NC_02_ASEReadCounter.table","NW_015090842.1:5801692",0,1,1
"CENPN","s1639_F_NC_02_ASEReadCounter.table","NW_015090842.1:5801697",0,1,1
"CENPN","s1639_F_NC_02_ASEReadCounter.table","NW_015090842.1:5802008",0,2,2
"CENPN","s1639_F_NC_02_ASEReadCounter.table","NW_015090842.1:5802012",0,2,2
"CENPN","s1639_F_NC_02_ASEReadCounter.table","NW_015090842.1:5810113",4,4,0
"CENPN","s1639_F_NC_02_ASEReadCounter.table","NW_015090842.1:5810147",6,6,0
"CENPN","s1639_F_NC_02_ASEReadCounter.table","NW_015090842.1:5810148",7,7,0
"ATMIN","s1639_F_NC_02_ASEReadCounter.table","NW_015090842.1:5818789",1,2,1
"ATMIN","s1639_F_NC_02_ASEReadCounter.table","NW_015090842.1:5819958",0,3,3
"ATMIN","s1639_F_NC_02_ASEReadCounter.table","NW_015090842.1:5820004",0,1,1
"ATMIN","s1639_F_NC_02_ASEReadCounter.table","NW_015090842.1:5820217",1,1,0
"ATMIN","s1639_F_NC_02_ASEReadCounter.table","NW_015090842.1:5820250",1,1,0
"ATMIN","s1639_F_NC_02_ASEReadCounter.table","NW_015090842.1:5820510",1,1,0
"ATMIN","s1639_F_NC_02_ASEReadCounter.table","NW_015090842.1:5820673",0,1,1
"ATMIN","s1639_F_NC_02_ASEReadCounter.table","NW_015090842.1:5820889",0,1,1
"ATMIN","s1639_F_NC_02_ASEReadCounter.table","NW_015090842.1:5820891",0,1,1
"ATMIN","s1639_F_NC_02_ASEReadCounter.table","NW_015090842.1:5820997",1,2,1
"ATMIN","s1639_F_NC_02_ASEReadCounter.table","NW_015090842.1:5821063",2,4,2
"ATMIN","s1639_F_NC_02_ASEReadCounter.table","NW_015090842.1:5821132",1,2,1
"ATMIN","s1639_F_NC_02_ASEReadCounter.table","NW_015090842.1:5821645",5,7,2
"ATMIN","s1639_F_NC_02_ASEReadCounter.table","NW_015090842.1:5825066",3,13,10
"ATMIN","s1639_F_NC_02_ASEReadCounter.table","NW_015090842.1:5825106",3,13,10
"ATMIN","s1639_F_NC_02_ASEReadCounter.table","NW_015090842.1:5825122",2,11,9
"ATMIN","s1639_F_NC_02_ASEReadCounter.table","NW_015090842.1:5825178",2,3,1
"ATMIN","s1639_F_NC_02_ASEReadCounter.table","NW_015090842.1:5825194",2,4,2
"ATMIN","s1639_F_NC_02_ASEReadCounter.table","NW_015090842.1:5825195",2,4,2
"ATMIN","s1639_F_NC_02_ASEReadCounter.table","NW_015090842.1:5825220",1,5,4
"ATMIN","s1639_F_NC_02_ASEReadCounter.table","NW_015090842.1:5825240",1,9,8
"ATMIN","s1639_F_NC_02_ASEReadCounter.table","NW_015090842.1:5825303",4,13,9
"ATMIN","s1639_F_NC_02_ASEReadCounter.table","NW_015090842.1:5825304",4,13,9
"ATMIN","s1639_F_NC_02_ASEReadCounter.table","NW_015090842.1:5825310",4,14,10
"ATMIN","s1639_F_NC_02_ASEReadCounter.table","NW_015090842.1:5825406",4,12,8
"ATMIN","s1639_F_NC_02_ASEReadCounter.table","NW_015090842.1:5825415",4,12,8
"ATMIN","s1639_F_NC_02_ASEReadCounter.table","NW_015090842.1:5825438",5,13,8
"ATMIN","s1639_F_NC_02_ASEReadCounter.table","NW_015090842.1:5825485",7,15,8
"ATMIN","s1639_F_NC_02_ASEReadCounter.table","NW_015090842.1:5825524",7,16,9
"ATMIN","s1639_F_NC_02_ASEReadCounter.table","NW_015090842.1:5825557",8,19,11
"ATMIN","s1639_F_NC_02_ASEReadCounter.table","NW_015090842.1:5825571",8,20,12
"ATMIN","s1639_F_NC_02_ASEReadCounter.table","NW_015090842.1:5825579",6,17,11
"ATMIN","s1639_F_NC_02_ASEReadCounter.table","NW_015090842.1:5825590",9,16,7
"ATMIN","s1639_F_NC_02_ASEReadCounter.table","NW_015090842.1:5825689",8,19,11
"ATMIN","s1639_F_NC_02_ASEReadCounter.table","NW_015090842.1:5825703",10,22,12
"ATMIN","s1639_F_NC_02_ASEReadCounter.table","NW_015090842.1:5825787",6,12,6
"ATMIN","s1639_F_NC_02_ASEReadCounter.table","NW_015090842.1:5825833",6,15,9
"ATMIN","s1639_F_NC_02_ASEReadCounter.table","NW_015090842.1:5825841",6,15,9
"ATMIN","s1639_F_NC_02_ASEReadCounter.table","NW_015090842.1:5825895",10,18,8
"ATMIN","s1639_F_NC_02_ASEReadCounter.table","NW_015090842.1:5825984",6,19,13
"ATMIN","s1639_F_NC_02_ASEReadCounter.table","NW_015090842.1:5826162",21,38,17
"ATMIN","s1639_F_NC_02_ASEReadCounter.table","NW_015090842.1:5826194",18,37,19
"ATMIN","s1639_F_NC_02_ASEReadCounter.table","NW_015090842.1:5826235",16,43,27
"ATMIN","s1639_F_NC_02_ASEReadCounter.table","NW_015090842.1:5826245",19,42,23
"ATMIN","s1639_F_NC_02_ASEReadCounter.table","NW_015090842.1:5826335",13,31,18
"ATMIN","s1639_F_NC_02_ASEReadCounter.table","NW_015090842.1:5826417",23,47,24
"ATMIN","s1639_F_NC_02_ASEReadCounter.table","NW_015090842.1:5826431",24,51,27
"ATMIN","s1639_F_NC_02_ASEReadCounter.table","NW_015090842.1:5826438",28,57,29
"ATMIN","s1639_F_NC_02_ASEReadCounter.table","NW_015090842.1:5826463",31,67,36
"ATMIN","s1639_F_NC_02_ASEReadCounter.table","NW_015090842.1:5826502",27,68,41
"ATMIN","s1639_F_NC_02_ASEReadCounter.table","NW_015090842.1:5826511",28,72,44
"ATMIN","s1639_F_NC_02_ASEReadCounter.table","NW_015090842.1:5826659",27,61,34
"ATMIN","s1639_F_NC_02_ASEReadCounter.table","NW_015090842.1:5826701",30,60,30
"ATMIN","s1639_F_NC_02_ASEReadCounter.table","NW_015090842.1:5826702",27,57,30
"ATMIN","s1639_F_NC_02_ASEReadCounter.table","NW_015090842.1:5826732",37,67,30
"ATMIN","s1639_F_NC_02_ASEReadCounter.table","NW_015090842.1:5826745",37,69,32
"ATMIN","s1639_F_NC_02_ASEReadCounter.table","NW_015090842.1:5826835",50,93,43
"ATMIN","s1639_F_NC_02_ASEReadCounter.table","NW_015090842.1:5826942",30,74,44
"ATMIN","s1639_F_NC_02_ASEReadCounter.table","NW_015090842.1:5827193",80,157,77
"ATMIN","s1639_F_NC_02_ASEReadCounter.table","NW_015090842.1:5827196",75,153,78
"ATMIN","s1639_F_NC_02_ASEReadCounter.table","NW_015090842.1:5827269",67,154,87
"ATMIN","s1639_F_NC_02_ASEReadCounter.table","NW_015090842.1:5827315",59,139,80
"ATMIN","s1639_F_NC_02_ASEReadCounter.table","NW_015090842.1:5827316",59,141,82
"ATMIN","s1639_F_NC_02_ASEReadCounter.table","NW_015090842.1:5827333",54,132,78
"PPP1R3E","s1639_F_NC_02_ASEReadCounter.table","NW_015090842.1:5837733",2,5,3
"PPP1R3E","s1639_F_NC_02_ASEReadCounter.table","NW_015090842.1:5837947",4,4,0
"PKD1L2","s1639_F_NC_02_ASEReadCounter.table","NW_015090842.1:5867597",1,1,0
"PKD1L2","s1639_F_NC_02_ASEReadCounter.table","NW_015090842.1:5867600",1,1,0
"PKD1L2","s1639_F_NC_02_ASEReadCounter.table","NW_015090842.1:5867660",1,1,0
"PKD1L2","s1639_F_NC_02_ASEReadCounter.table","NW_015090842.1:5867675",1,1,0
"PKD1L2","s1639_F_NC_02_ASEReadCounter.table","NW_015090842.1:5867788",1,2,1
"PKD1L2","s1639_F_NC_02_ASEReadCounter.table","NW_015090842.1:5867843",1,2,1
"BCO1","s1639_F_NC_02_ASEReadCounter.table","NW_015090842.1:5917912",1,1,0
"BCO1","s1639_F_NC_02_ASEReadCounter.table","NW_015090842.1:5917941",1,1,0
"BCO1","s1639_F_NC_02_ASEReadCounter.table","NW_015090842.1:5917971",1,1,0
"BCO1","s1639_F_NC_02_ASEReadCounter.table","NW_015090842.1:5921679",1,1,0
"BCO1","s1639_F_NC_02_ASEReadCounter.table","NW_015090842.1:5921726",1,1,0
"BCO1","s1639_F_NC_02_ASEReadCounter.table","NW_015090842.1:5925669",1,1,0
"BCO1","s1639_F_NC_02_ASEReadCounter.table","NW_015090842.1:5927921",2,2,0
"BCO1","s1639_F_NC_02_ASEReadCounter.table","NW_015090842.1:5927948",2,2,0
"BCO1","s1639_F_NC_02_ASEReadCounter.table","NW_015090842.1:5927968",2,2,0
"BCO1","s1639_F_NC_02_ASEReadCounter.table","NW_015090842.1:5928052",1,1,0
"BCO1","s1639_F_NC_02_ASEReadCounter.table","NW_015090842.1:5932726",2,3,1
"BCO1","s1639_F_NC_02_ASEReadCounter.table","NW_015090842.1:5932801",0,1,1
"BCO1","s1639_F_NC_02_ASEReadCounter.table","NW_015090842.1:5934558",0,2,2
"BCO1","s1639_F_NC_02_ASEReadCounter.table","NW_015090842.1:5934575",2,4,2
"BCO1","s1639_F_NC_02_ASEReadCounter.table","NW_015090842.1:5934608",2,3,1
"BCO1","s1639_F_NC_02_ASEReadCounter.table","NW_015090842.1:5934647",4,5,1
"BCO1","s1639_F_NC_02_ASEReadCounter.table","NW_015090842.1:5934725",2,4,2
"BCO1","s1639_F_NC_02_ASEReadCounter.table","NW_015090842.1:5934726",2,4,2
"BCO1","s1639_F_NC_02_ASEReadCounter.table","NW_015090842.1:5934733",3,6,3
"BCO1","s1639_F_NC_02_ASEReadCounter.table","NW_015090842.1:5934821",3,5,2
"BCO1","s1639_F_NC_02_ASEReadCounter.table","NW_015090842.1:5934826",2,4,2
"BCO1","s1639_F_NC_02_ASEReadCounter.table","NW_015090842.1:5934844",1,2,1
"BCO1","s1639_F_NC_02_ASEReadCounter.table","NW_015090842.1:5934958",4,4,0
"BCO1","s1639_F_NC_02_ASEReadCounter.table","NW_015090842.1:5934976",4,5,1
"GAN","s1639_F_NC_02_ASEReadCounter.table","NW_015090842.1:5939249",0,1,1
"GAN","s1639_F_NC_02_ASEReadCounter.table","NW_015090842.1:5953759",2,7,5
"GAN","s1639_F_NC_02_ASEReadCounter.table","NW_015090842.1:5957502",5,15,10
"GAN","s1639_F_NC_02_ASEReadCounter.table","NW_015090842.1:5957578",7,19,12
"GAN","s1639_F_NC_02_ASEReadCounter.table","NW_015090842.1:5966047",20,39,19
"GAN","s1639_F_NC_02_ASEReadCounter.table","NW_015090842.1:5966126",10,35,25
"GAN","s1639_F_NC_02_ASEReadCounter.table","NW_015090842.1:5966127",9,35,26
"GAN","s1639_F_NC_02_ASEReadCounter.table","NW_015090842.1:5966162",20,49,29
"GAN","s1639_F_NC_02_ASEReadCounter.table","NW_015090842.1:5966483",86,163,77
"CMIP","s1639_F_NC_02_ASEReadCounter.table","NW_015090842.1:6109159",3,8,5
"CMIP","s1639_F_NC_02_ASEReadCounter.table","NW_015090842.1:6109166",3,8,5
"CMIP","s1639_F_NC_02_ASEReadCounter.table","NW_015090842.1:6114641",6,14,8
"CMIP","s1639_F_NC_02_ASEReadCounter.table","NW_015090842.1:6114751",2,8,6
"CMIP","s1639_F_NC_02_ASEReadCounter.table","NW_015090842.1:6114824",3,7,4
"CMIP","s1639_F_NC_02_ASEReadCounter.table","NW_015090842.1:6126295",12,12,0
"CMIP","s1639_F_NC_02_ASEReadCounter.table","NW_015090842.1:6128998",10,16,6
"CMIP","s1639_F_NC_02_ASEReadCounter.table","NW_015090842.1:6130562",18,50,32
"CMIP","s1639_F_NC_02_ASEReadCounter.table","NW_015090842.1:6132522",15,30,15
"CMIP","s1639_F_NC_02_ASEReadCounter.table","NW_015090842.1:6138265",125,291,166
"CMIP","s1639_F_NC_02_ASEReadCounter.table","NW_015090842.1:6138300",125,284,159
"CMIP","s1639_F_NC_02_ASEReadCounter.table","NW_015090842.1:6138342",100,231,131
"CMIP","s1639_F_NC_02_ASEReadCounter.table","NW_015090842.1:6138343",100,233,133
"CMIP","s1639_F_NC_02_ASEReadCounter.table","NW_015090842.1:6138345",98,229,131
"CMIP","s1639_F_NC_02_ASEReadCounter.table","NW_015090842.1:6138647",33,75,42
"CMIP","s1639_F_NC_02_ASEReadCounter.table","NW_015090842.1:6138745",31,72,41
"CMIP","s1639_F_NC_02_ASEReadCounter.table","NW_015090842.1:6138832",15,47,32
"CMIP","s1639_F_NC_02_ASEReadCounter.table","NW_015090842.1:6138967",53,102,49
"CMIP","s1639_F_NC_02_ASEReadCounter.table","NW_015090842.1:6139131",16,46,30
"CMIP","s1639_F_NC_02_ASEReadCounter.table","NW_015090842.1:6139163",2,41,39
"CMIP","s1639_F_NC_02_ASEReadCounter.table","NW_015090842.1:6139212",92,96,4
"CMIP","s1639_F_NC_02_ASEReadCounter.table","NW_015090842.1:6139360",33,52,19
"CMIP","s1639_F_NC_02_ASEReadCounter.table","NW_015090842.1:6139572",11,28,17
"PLCG2","s1639_F_NC_02_ASEReadCounter.table","NW_015090842.1:6179658",1,1,0
"PLCG2","s1639_F_NC_02_ASEReadCounter.table","NW_015090842.1:6203766",1,1,0
"PLCG2","s1639_F_NC_02_ASEReadCounter.table","NW_015090842.1:6203775",1,1,0
"PLCG2","s1639_F_NC_02_ASEReadCounter.table","NW_015090842.1:6203787",1,1,0
"PLCG2","s1639_F_NC_02_ASEReadCounter.table","NW_015090842.1:6217547",0,1,1
"PLCG2","s1639_F_NC_02_ASEReadCounter.table","NW_015090842.1:6228672",0,1,1
"PLCG2","s1639_F_NC_02_ASEReadCounter.table","NW_015090842.1:6228694",0,1,1
"PLCG2","s1639_F_NC_02_ASEReadCounter.table","NW_015090842.1:6229081",0,1,1
"PLCG2","s1639_F_NC_02_ASEReadCounter.table","NW_015090842.1:6229097",0,1,1
"PLCG2","s1639_F_NC_02_ASEReadCounter.table","NW_015090842.1:6229160",0,1,1
"PLCG2","s1639_F_NC_02_ASEReadCounter.table","NW_015090842.1:6229231",0,1,1
"PLCG2","s1639_F_NC_02_ASEReadCounter.table","NW_015090842.1:6229663",1,1,0
"PLCG2","s1639_F_NC_02_ASEReadCounter.table","NW_015090842.1:6229892",1,1,0
"PLCG2","s1639_F_NC_02_ASEReadCounter.table","NW_015090842.1:6230296",2,2,0
"PLCG2","s1639_F_NC_02_ASEReadCounter.table","NW_015090842.1:6230349",2,2,0
"PLCG2","s1639_F_NC_02_ASEReadCounter.table","NW_015090842.1:6230439",1,1,0
"PLCG2","s1639_F_NC_02_ASEReadCounter.table","NW_015090842.1:6230898",2,2,0
"PLCG2","s1639_F_NC_02_ASEReadCounter.table","NW_015090842.1:6230976",2,2,0
"PLCG2","s1639_F_NC_02_ASEReadCounter.table","NW_015090842.1:6231078",2,2,0
"PLCG2","s1639_F_NC_02_ASEReadCounter.table","NW_015090842.1:6231138",2,2,0
"PLCG2","s1639_F_NC_02_ASEReadCounter.table","NW_015090842.1:6231177",1,1,0
"PLCG2","s1639_F_NC_02_ASEReadCounter.table","NW_015090842.1:6231263",1,1,0
"SDR42E1","s1639_F_NC_02_ASEReadCounter.table","NW_015090842.1:6235315",1,1,0
"SDR42E1","s1639_F_NC_02_ASEReadCounter.table","NW_015090842.1:6235348",1,2,1
"SDR42E1","s1639_F_NC_02_ASEReadCounter.table","NW_015090842.1:6235355",1,2,1
"SDR42E1","s1639_F_NC_02_ASEReadCounter.table","NW_015090842.1:6235417",1,3,2
"SDR42E1","s1639_F_NC_02_ASEReadCounter.table","NW_015090842.1:6235558",1,4,3
"SDR42E1","s1639_F_NC_02_ASEReadCounter.table","NW_015090842.1:6235741",2,4,2
"SDR42E1","s1639_F_NC_02_ASEReadCounter.table","NW_015090842.1:6235777",1,5,4
"SDR42E1","s1639_F_NC_02_ASEReadCounter.table","NW_015090842.1:6235806",2,7,5
"SDR42E1","s1639_F_NC_02_ASEReadCounter.table","NW_015090842.1:6235809",2,7,5
"SDR42E1","s1639_F_NC_02_ASEReadCounter.table","NW_015090842.1:6235816",2,9,7
"SDR42E1","s1639_F_NC_02_ASEReadCounter.table","NW_015090842.1:6235914",0,3,3
"SDR42E1","s1639_F_NC_02_ASEReadCounter.table","NW_015090842.1:6235935",1,3,2
"SDR42E1","s1639_F_NC_02_ASEReadCounter.table","NW_015090842.1:6235957",2,4,2
"SDR42E1","s1639_F_NC_02_ASEReadCounter.table","NW_015090842.1:6236040",2,4,2
"SDR42E1","s1639_F_NC_02_ASEReadCounter.table","NW_015090842.1:6236260",0,2,2
"SDR42E1","s1639_F_NC_02_ASEReadCounter.table","NW_015090842.1:6236281",0,2,2
"SDR42E1","s1639_F_NC_02_ASEReadCounter.table","NW_015090842.1:6236305",0,3,3
"SDR42E1","s1639_F_NC_02_ASEReadCounter.table","NW_015090842.1:6236458",1,1,0
"SDR42E1","s1639_F_NC_02_ASEReadCounter.table","NW_015090842.1:6236476",1,1,0
"SDR42E1","s1639_F_NC_02_ASEReadCounter.table","NW_015090842.1:6236608",1,5,4
"HSD17B2","s1639_F_NC_02_ASEReadCounter.table","NW_015090842.1:6262951",0,1,1
"HSD17B2","s1639_F_NC_02_ASEReadCounter.table","NW_015090842.1:6262974",0,1,1
"HSD17B2","s1639_F_NC_02_ASEReadCounter.table","NW_015090842.1:6266125",0,3,3
"HSD17B2","s1639_F_NC_02_ASEReadCounter.table","NW_015090842.1:6266135",0,3,3
"HSD17B2","s1639_F_NC_02_ASEReadCounter.table","NW_015090842.1:6266795",0,4,4
"HSD17B2","s1639_F_NC_02_ASEReadCounter.table","NW_015090842.1:6266944",0,3,3
"HSD17B2","s1639_F_NC_02_ASEReadCounter.table","NW_015090842.1:6267053",0,3,3
"HSD17B2","s1639_F_NC_02_ASEReadCounter.table","NW_015090842.1:6267196",0,1,1
"HSD17B2","s1639_F_NC_02_ASEReadCounter.table","NW_015090842.1:6267273",0,2,2
"HSD17B2","s1639_F_NC_02_ASEReadCounter.table","NW_015090842.1:6267674",0,2,2
"HSD17B2","s1639_F_NC_02_ASEReadCounter.table","NW_015090842.1:6268098",0,2,2
"HSD17B2","s1639_F_NC_02_ASEReadCounter.table","NW_015090842.1:6268203",0,1,1
"ARY2","s1639_F_NC_02_ASEReadCounter.table","NW_015090842.1:6303922",2,4,2
"ARY2","s1639_F_NC_02_ASEReadCounter.table","NW_015090842.1:6303954",2,4,2
"ARY2","s1639_F_NC_02_ASEReadCounter.table","NW_015090842.1:6303979",2,2,0
"ARY2","s1639_F_NC_02_ASEReadCounter.table","NW_015090842.1:6305848",1,2,1
"ARY2","s1639_F_NC_02_ASEReadCounter.table","NW_015090842.1:6305856",2,3,1
"ARY2","s1639_F_NC_02_ASEReadCounter.table","NW_015090842.1:6305857",2,3,1
"ARY2","s1639_F_NC_02_ASEReadCounter.table","NW_015090842.1:6306017",1,2,1
"ARY2","s1639_F_NC_02_ASEReadCounter.table","NW_015090842.1:6306052",0,2,2
"ARY2","s1639_F_NC_02_ASEReadCounter.table","NW_015090842.1:6306094",3,8,5
"ARY2","s1639_F_NC_02_ASEReadCounter.table","NW_015090842.1:6306100",3,8,5
"ARY2","s1639_F_NC_02_ASEReadCounter.table","NW_015090842.1:6306146",2,6,4
"ARY2","s1639_F_NC_02_ASEReadCounter.table","NW_015090842.1:6306147",3,7,4
"ARY2","s1639_F_NC_02_ASEReadCounter.table","NW_015090842.1:6306390",2,4,2
"ARY2","s1639_F_NC_02_ASEReadCounter.table","NW_015090842.1:6306567",3,3,0
"ARY2","s1639_F_NC_02_ASEReadCounter.table","NW_015090842.1:6306705",1,2,1
"ARY2","s1639_F_NC_02_ASEReadCounter.table","NW_015090842.1:6306773",1,2,1
"ARY2","s1639_F_NC_02_ASEReadCounter.table","NW_015090842.1:6307039",0,2,2
"ARY2","s1639_F_NC_02_ASEReadCounter.table","NW_015090842.1:6307043",0,2,2
"ARY2","s1639_F_NC_02_ASEReadCounter.table","NW_015090842.1:6307093",1,3,2
"ARY2","s1639_F_NC_02_ASEReadCounter.table","NW_015090842.1:6307138",2,4,2
"ARY2","s1639_F_NC_02_ASEReadCounter.table","NW_015090842.1:6307157",2,4,2
"ARY2","s1639_F_NC_02_ASEReadCounter.table","NW_015090842.1:6307187",2,3,1
"ARY2","s1639_F_NC_02_ASEReadCounter.table","NW_015090842.1:6307204",2,2,0
"ARY2","s1639_F_NC_02_ASEReadCounter.table","NW_015090842.1:6307278",3,4,1
"ARY2","s1639_F_NC_02_ASEReadCounter.table","NW_015090842.1:6307305",5,7,2
"ARY2","s1639_F_NC_02_ASEReadCounter.table","NW_015090842.1:6307318",5,7,2
"ARY2","s1639_F_NC_02_ASEReadCounter.table","NW_015090842.1:6307429",3,6,3
"ARY2","s1639_F_NC_02_ASEReadCounter.table","NW_015090842.1:6307487",6,11,5
"ARY2","s1639_F_NC_02_ASEReadCounter.table","NW_015090842.1:6307670",3,3,0
"ARYL","s1639_F_NC_02_ASEReadCounter.table","NW_015090842.1:6313360",0,1,1
"ARYL","s1639_F_NC_02_ASEReadCounter.table","NW_015090842.1:6313377",0,1,1
"ARY1","s1639_F_NC_02_ASEReadCounter.table","NW_015090842.1:6314296",0,1,1
"ARY1","s1639_F_NC_02_ASEReadCounter.table","NW_015090842.1:6314541",1,1,0
"ARY1","s1639_F_NC_02_ASEReadCounter.table","NW_015090842.1:6314597",1,2,1
"ARY1","s1639_F_NC_02_ASEReadCounter.table","NW_015090842.1:6314750",1,1,0
"ARY1","s1639_F_NC_02_ASEReadCounter.table","NW_015090842.1:6314794",2,3,1
"ARY1","s1639_F_NC_02_ASEReadCounter.table","NW_015090842.1:6314827",1,3,2
"ARY1","s1639_F_NC_02_ASEReadCounter.table","NW_015090842.1:6314859",1,2,1
"ARY1","s1639_F_NC_02_ASEReadCounter.table","NW_015090842.1:6314886",0,1,1
"ARY1","s1639_F_NC_02_ASEReadCounter.table","NW_015090842.1:6315022",3,5,2
"ARY1","s1639_F_NC_02_ASEReadCounter.table","NW_015090842.1:6315026",2,4,2
"ARY1","s1639_F_NC_02_ASEReadCounter.table","NW_015090842.1:6315043",2,3,1
"ARY1","s1639_F_NC_02_ASEReadCounter.table","NW_015090842.1:6315065",1,2,1
"ARY1","s1639_F_NC_02_ASEReadCounter.table","NW_015090842.1:6315409",4,6,2
"ARY1","s1639_F_NC_02_ASEReadCounter.table","NW_015090842.1:6315479",2,3,1
"ARY1","s1639_F_NC_02_ASEReadCounter.table","NW_015090842.1:6318342",3,7,4
"ARY1","s1639_F_NC_02_ASEReadCounter.table","NW_015090842.1:6318427",6,10,4
"ARY1","s1639_F_NC_02_ASEReadCounter.table","NW_015090842.1:6318603",4,6,2
"ARY1","s1639_F_NC_02_ASEReadCounter.table","NW_015090842.1:6318708",6,8,2
"ARY1","s1639_F_NC_02_ASEReadCounter.table","NW_015090842.1:6318858",10,11,1
"ARY1","s1639_F_NC_02_ASEReadCounter.table","NW_015090842.1:6318952",7,12,5
"MPHOSPH6","s1639_F_NC_02_ASEReadCounter.table","NW_015090842.1:6324063",47,95,48
"MPHOSPH6","s1639_F_NC_02_ASEReadCounter.table","NW_015090842.1:6324174",74,163,89
"MPHOSPH6","s1639_F_NC_02_ASEReadCounter.table","NW_015090842.1:6324270",85,182,97
"MPHOSPH6","s1639_F_NC_02_ASEReadCounter.table","NW_015090842.1:6324762",54,110,56
"MPHOSPH6","s1639_F_NC_02_ASEReadCounter.table","NW_015090842.1:6324780",52,98,46
"MPHOSPH6","s1639_F_NC_02_ASEReadCounter.table","NW_015090842.1:6324902",55,118,63
"MPHOSPH6","s1639_F_NC_02_ASEReadCounter.table","NW_015090842.1:6325066",39,84,45
"MPHOSPH6","s1639_F_NC_02_ASEReadCounter.table","NW_015090842.1:6325089",48,102,54
"MPHOSPH6","s1639_F_NC_02_ASEReadCounter.table","NW_015090842.1:6325877",30,62,32
"MPHOSPH6","s1639_F_NC_02_ASEReadCounter.table","NW_015090842.1:6326976",21,50,29
"CDH13","s1639_F_NC_02_ASEReadCounter.table","NW_015090842.1:6662283",0,2,2
"CDH13","s1639_F_NC_02_ASEReadCounter.table","NW_015090842.1:6693665",1,1,0
"CDH13","s1639_F_NC_02_ASEReadCounter.table","NW_015090842.1:6693697",1,2,1
"CDH13","s1639_F_NC_02_ASEReadCounter.table","NW_015090842.1:6693712",1,2,1
"CDH13","s1639_F_NC_02_ASEReadCounter.table","NW_015090842.1:6693723",0,1,1
"CDH13","s1639_F_NC_02_ASEReadCounter.table","NW_015090842.1:6693738",1,2,1
"CDH13","s1639_F_NC_02_ASEReadCounter.table","NW_015090842.1:6823730",2,3,1
"CDH13","s1639_F_NC_02_ASEReadCounter.table","NW_015090842.1:6889713",2,4,2
"CDH13","s1639_F_NC_02_ASEReadCounter.table","NW_015090842.1:6955167",3,5,2
"MLYCD","s1639_F_NC_02_ASEReadCounter.table","NW_015090842.1:7150054",50,100,50
"MLYCD","s1639_F_NC_02_ASEReadCounter.table","NW_015090842.1:7150131",63,134,71
"MLYCD","s1639_F_NC_02_ASEReadCounter.table","NW_015090842.1:7150585",32,64,32
"MLYCD","s1639_F_NC_02_ASEReadCounter.table","NW_015090842.1:7150686",18,47,29
"MLYCD","s1639_F_NC_02_ASEReadCounter.table","NW_015090842.1:7150696",22,54,32
"MLYCD","s1639_F_NC_02_ASEReadCounter.table","NW_015090842.1:7150869",19,48,29
"MLYCD","s1639_F_NC_02_ASEReadCounter.table","NW_015090842.1:7151100",18,39,21
"MLYCD","s1639_F_NC_02_ASEReadCounter.table","NW_015090842.1:7151127",16,33,17
"MLYCD","s1639_F_NC_02_ASEReadCounter.table","NW_015090842.1:7157538",13,20,7
"MLYCD","s1639_F_NC_02_ASEReadCounter.table","NW_015090842.1:7167662",7,8,1
"MLYCD","s1639_F_NC_02_ASEReadCounter.table","NW_015090842.1:7167675",8,10,2
"MLYCD","s1639_F_NC_02_ASEReadCounter.table","NW_015090842.1:7167710",7,8,1
"MLYCD","s1639_F_NC_02_ASEReadCounter.table","NW_015090842.1:7167781",3,4,1
"MLYCD","s1639_F_NC_02_ASEReadCounter.table","NW_015090842.1:7167803",2,3,1
"MLYCD","s1639_F_NC_02_ASEReadCounter.table","NW_015090842.1:7167812",3,5,2
"MLYCD","s1639_F_NC_02_ASEReadCounter.table","NW_015090842.1:7167845",3,5,2
"MLYCD","s1639_F_NC_02_ASEReadCounter.table","NW_015090842.1:7167862",3,5,2
"MLYCD","s1639_F_NC_02_ASEReadCounter.table","NW_015090842.1:7167929",2,2,0
"MLYCD","s1639_F_NC_02_ASEReadCounter.table","NW_015090842.1:7167995",2,3,1
"MLYCD","s1639_F_NC_02_ASEReadCounter.table","NW_015090842.1:7168005",2,3,1
"MLYCD","s1639_F_NC_02_ASEReadCounter.table","NW_015090842.1:7168037",1,2,1
"HSBP1","s1639_F_NC_02_ASEReadCounter.table","NW_015090842.1:7245192",394,676,282
"HSBP1","s1639_F_NC_02_ASEReadCounter.table","NW_015090842.1:7245226",423,779,356
"HSBP1","s1639_F_NC_02_ASEReadCounter.table","NW_015090842.1:7245257",360,658,298
"HSBP1","s1639_F_NC_02_ASEReadCounter.table","NW_015090842.1:7245296",318,661,343
"HSBP1","s1639_F_NC_02_ASEReadCounter.table","NW_015090842.1:7245389",433,766,333
"HSBP1","s1639_F_NC_02_ASEReadCounter.table","NW_015090842.1:7245400",442,742,300
"HSBP1","s1639_F_NC_02_ASEReadCounter.table","NW_015090842.1:7245445",407,726,319
"HSBP1","s1639_F_NC_02_ASEReadCounter.table","NW_015090842.1:7245495",327,656,329
"HSBP1","s1639_F_NC_02_ASEReadCounter.table","NW_015090842.1:7245733",177,364,187
"HSBP1","s1639_F_NC_02_ASEReadCounter.table","NW_015090842.1:7245771",197,383,186
"HSBP1","s1639_F_NC_02_ASEReadCounter.table","NW_015090842.1:7245813",211,375,164
"HSBP1","s1639_F_NC_02_ASEReadCounter.table","NW_015090842.1:7245926",212,403,191
"HSBP1","s1639_F_NC_02_ASEReadCounter.table","NW_015090842.1:7245927",211,399,188
"HSBP1","s1639_F_NC_02_ASEReadCounter.table","NW_015090842.1:7245933",212,381,169
"HSBP1","s1639_F_NC_02_ASEReadCounter.table","NW_015090842.1:7246002",146,292,146
"HSBP1","s1639_F_NC_02_ASEReadCounter.table","NW_015090842.1:7246094",157,284,127
"HSBP1","s1639_F_NC_02_ASEReadCounter.table","NW_015090842.1:7246167",153,282,129
"HSBP1","s1639_F_NC_02_ASEReadCounter.table","NW_015090842.1:7246183",144,274,130
"HSBP1","s1639_F_NC_02_ASEReadCounter.table","NW_015090842.1:7247285",12,15,3
"HSBP1","s1639_F_NC_02_ASEReadCounter.table","NW_015090842.1:7247651",185,398,213
"HSBP1","s1639_F_NC_02_ASEReadCounter.table","NW_015090842.1:7247657",180,391,211
"HSBP1","s1639_F_NC_02_ASEReadCounter.table","NW_015090842.1:7248520",119,247,128
"HSBP1","s1639_F_NC_02_ASEReadCounter.table","NW_015090842.1:7248535",101,201,100
"KCNG4","s1639_F_NC_02_ASEReadCounter.table","NW_015090842.1:7282500",1,1,0
"KCNG4","s1639_F_NC_02_ASEReadCounter.table","NW_015090842.1:7282542",2,2,0
"KCNG4","s1639_F_NC_02_ASEReadCounter.table","NW_015090842.1:7282579",2,2,0
"KCNG4","s1639_F_NC_02_ASEReadCounter.table","NW_015090842.1:7283056",0,1,1
"KCNG4","s1639_F_NC_02_ASEReadCounter.table","NW_015090842.1:7301195",0,1,1
"KCNG4","s1639_F_NC_02_ASEReadCounter.table","NW_015090842.1:7301227",0,1,1
"KCNG4","s1639_F_NC_02_ASEReadCounter.table","NW_015090842.1:7301413",0,1,1
"WFDC1","s1639_F_NC_02_ASEReadCounter.table","NW_015090842.1:7366517",0,1,1
"WFDC1","s1639_F_NC_02_ASEReadCounter.table","NW_015090842.1:7373367",0,1,1
"WFDC1","s1639_F_NC_02_ASEReadCounter.table","NW_015090842.1:7375828",1,3,2
"WFDC1","s1639_F_NC_02_ASEReadCounter.table","NW_015090842.1:7378036",1,3,2
"WFDC1","s1639_F_NC_02_ASEReadCounter.table","NW_015090842.1:7379125",0,1,1
"WFDC1","s1639_F_NC_02_ASEReadCounter.table","NW_015090842.1:7379933",1,1,0
"WFDC1","s1639_F_NC_02_ASEReadCounter.table","NW_015090842.1:7379935",1,1,0
"WFDC1","s1639_F_NC_02_ASEReadCounter.table","NW_015090842.1:7380060",1,2,1
"WFDC1","s1639_F_NC_02_ASEReadCounter.table","NW_015090842.1:7380136",0,1,1
"WFDC1","s1639_F_NC_02_ASEReadCounter.table","NW_015090842.1:7380150",0,1,1
"WFDC1","s1639_F_NC_02_ASEReadCounter.table","NW_015090842.1:7380164",0,1,1
"WFDC1","s1639_F_NC_02_ASEReadCounter.table","NW_015090842.1:7380322",0,2,2
"WFDC1","s1639_F_NC_02_ASEReadCounter.table","NW_015090842.1:7380491",1,1,0
"WFDC1","s1639_F_NC_02_ASEReadCounter.table","NW_015090842.1:7380567",1,2,1
"WFDC1","s1639_F_NC_02_ASEReadCounter.table","NW_015090842.1:7381195",1,2,1
"WFDC1","s1639_F_NC_02_ASEReadCounter.table","NW_015090842.1:7381253",1,3,2
"WFDC1","s1639_F_NC_02_ASEReadCounter.table","NW_015090842.1:7381378",1,4,3
"WFDC1","s1639_F_NC_02_ASEReadCounter.table","NW_015090842.1:7381433",1,4,3
"WFDC1","s1639_F_NC_02_ASEReadCounter.table","NW_015090842.1:7381434",1,4,3
"WFDC1","s1639_F_NC_02_ASEReadCounter.table","NW_015090842.1:7381442",3,6,3
"WFDC1","s1639_F_NC_02_ASEReadCounter.table","NW_015090842.1:7381517",4,6,2
"WFDC1","s1639_F_NC_02_ASEReadCounter.table","NW_015090842.1:7381520",4,5,1
"WFDC1","s1639_F_NC_02_ASEReadCounter.table","NW_015090842.1:7381677",1,2,1
"WFDC1","s1639_F_NC_02_ASEReadCounter.table","NW_015090842.1:7381709",1,1,0
"ATP2C2","s1639_F_NC_02_ASEReadCounter.table","NW_015090842.1:7395366",0,1,1
"ATP2C2","s1639_F_NC_02_ASEReadCounter.table","NW_015090842.1:7405621",1,2,1
"ATP2C2","s1639_F_NC_02_ASEReadCounter.table","NW_015090842.1:7413855",23,39,16
"ATP2C2","s1639_F_NC_02_ASEReadCounter.table","NW_015090842.1:7413869",4,19,15
"ATP2C2","s1639_F_NC_02_ASEReadCounter.table","NW_015090842.1:7413875",6,24,18
"TLDC1","s1639_F_NC_02_ASEReadCounter.table","NW_015090842.1:7421137",23,46,23
"TLDC1","s1639_F_NC_02_ASEReadCounter.table","NW_015090842.1:7421155",18,40,22
"TLDC1","s1639_F_NC_02_ASEReadCounter.table","NW_015090842.1:7421218",16,30,14
"TLDC1","s1639_F_NC_02_ASEReadCounter.table","NW_015090842.1:7421399",11,21,10
"TLDC1","s1639_F_NC_02_ASEReadCounter.table","NW_015090842.1:7421402",12,24,12
"TLDC1","s1639_F_NC_02_ASEReadCounter.table","NW_015090842.1:7421528",7,19,12
"TLDC1","s1639_F_NC_02_ASEReadCounter.table","NW_015090842.1:7421532",7,18,11
"TLDC1","s1639_F_NC_02_ASEReadCounter.table","NW_015090842.1:7421621",10,19,9
"TLDC1","s1639_F_NC_02_ASEReadCounter.table","NW_015090842.1:7421647",12,22,10
"TLDC1","s1639_F_NC_02_ASEReadCounter.table","NW_015090842.1:7421657",11,20,9
"TLDC1","s1639_F_NC_02_ASEReadCounter.table","NW_015090842.1:7421693",12,23,11
"TLDC1","s1639_F_NC_02_ASEReadCounter.table","NW_015090842.1:7421796",9,17,8
"TLDC1","s1639_F_NC_02_ASEReadCounter.table","NW_015090842.1:7421810",11,20,9
"TLDC1","s1639_F_NC_02_ASEReadCounter.table","NW_015090842.1:7421833",10,19,9
"TLDC1","s1639_F_NC_02_ASEReadCounter.table","NW_015090842.1:7421879",12,19,7
"TLDC1","s1639_F_NC_02_ASEReadCounter.table","NW_015090842.1:7421914",10,17,7
"TLDC1","s1639_F_NC_02_ASEReadCounter.table","NW_015090842.1:7421969",9,17,8
"TLDC1","s1639_F_NC_02_ASEReadCounter.table","NW_015090842.1:7422015",6,14,8
"TLDC1","s1639_F_NC_02_ASEReadCounter.table","NW_015090842.1:7422042",7,14,7
"TLDC1","s1639_F_NC_02_ASEReadCounter.table","NW_015090842.1:7422230",8,18,10
"TLDC1","s1639_F_NC_02_ASEReadCounter.table","NW_015090842.1:7423349",8,23,15
"TLDC1","s1639_F_NC_02_ASEReadCounter.table","NW_015090842.1:7423362",7,22,15
"TLDC1","s1639_F_NC_02_ASEReadCounter.table","NW_015090842.1:7426091",9,12,3
"TLDC1","s1639_F_NC_02_ASEReadCounter.table","NW_015090842.1:7426485",5,8,3
"TLDC1","s1639_F_NC_02_ASEReadCounter.table","NW_015090842.1:7427211",7,13,6
"TLDC1","s1639_F_NC_02_ASEReadCounter.table","NW_015090842.1:7428179",8,10,2
"COTL1","s1639_F_NC_02_ASEReadCounter.table","NW_015090842.1:7490744",347,761,414
"COTL1","s1639_F_NC_02_ASEReadCounter.table","NW_015090842.1:7491051",193,376,183
"COTL1","s1639_F_NC_02_ASEReadCounter.table","NW_015090842.1:7491124",168,345,177
"COTL1","s1639_F_NC_02_ASEReadCounter.table","NW_015090842.1:7491418",83,167,84
"COTL1","s1639_F_NC_02_ASEReadCounter.table","NW_015090842.1:7491539",69,132,63
"COTL1","s1639_F_NC_02_ASEReadCounter.table","NW_015090842.1:7491585",91,169,78
"COTL1","s1639_F_NC_02_ASEReadCounter.table","NW_015090842.1:7491586",91,180,89
"COTL1","s1639_F_NC_02_ASEReadCounter.table","NW_015090842.1:7491646",103,234,131
"COTL1","s1639_F_NC_02_ASEReadCounter.table","NW_015090842.1:7491747",78,168,90
"COTL1","s1639_F_NC_02_ASEReadCounter.table","NW_015090842.1:7491803",63,136,73
"COTL1","s1639_F_NC_02_ASEReadCounter.table","NW_015090842.1:7507551",1,1,0
"COTL1","s1639_F_NC_02_ASEReadCounter.table","NW_015090842.1:7507563",1,1,0
"KLHL36","s1639_F_NC_02_ASEReadCounter.table","NW_015090842.1:7514700",18,27,9
"KLHL36","s1639_F_NC_02_ASEReadCounter.table","NW_015090842.1:7519691",1,2,1
"KLHL36","s1639_F_NC_02_ASEReadCounter.table","NW_015090842.1:7519696",0,1,1
"KLHL36","s1639_F_NC_02_ASEReadCounter.table","NW_015090842.1:7526160",8,20,12
"KLHL36","s1639_F_NC_02_ASEReadCounter.table","NW_015090842.1:7526469",6,10,4
"KLHL36","s1639_F_NC_02_ASEReadCounter.table","NW_015090842.1:7526587",2,10,8
"KLHL36","s1639_F_NC_02_ASEReadCounter.table","NW_015090842.1:7526997",6,19,13
"KLHL36","s1639_F_NC_02_ASEReadCounter.table","NW_015090842.1:7527142",8,17,9
"KLHL36","s1639_F_NC_02_ASEReadCounter.table","NW_015090842.1:7535174",13,48,35
"KLHL36","s1639_F_NC_02_ASEReadCounter.table","NW_015090842.1:7535384",13,32,19
"KLHL36","s1639_F_NC_02_ASEReadCounter.table","NW_015090842.1:7535420",18,38,20
"KLHL36","s1639_F_NC_02_ASEReadCounter.table","NW_015090842.1:7535545",7,19,12
"KLHL36","s1639_F_NC_02_ASEReadCounter.table","NW_015090842.1:7535829",12,23,11
"KLHL36","s1639_F_NC_02_ASEReadCounter.table","NW_015090842.1:7535977",14,31,17
"KLHL36","s1639_F_NC_02_ASEReadCounter.table","NW_015090842.1:7536010",12,28,16
"KLHL36","s1639_F_NC_02_ASEReadCounter.table","NW_015090842.1:7536051",15,29,14
"KLHL36","s1639_F_NC_02_ASEReadCounter.table","NW_015090842.1:7536096",17,30,13
"KLHL36","s1639_F_NC_02_ASEReadCounter.table","NW_015090842.1:7536135",17,34,17
"KLHL36","s1639_F_NC_02_ASEReadCounter.table","NW_015090842.1:7536136",17,33,16
"KLHL36","s1639_F_NC_02_ASEReadCounter.table","NW_015090842.1:7536160",18,34,16
"KLHL36","s1639_F_NC_02_ASEReadCounter.table","NW_015090842.1:7536336",19,37,18
"KLHL36","s1639_F_NC_02_ASEReadCounter.table","NW_015090842.1:7536352",22,39,17
"KLHL36","s1639_F_NC_02_ASEReadCounter.table","NW_015090842.1:7536412",14,31,17
"KLHL36","s1639_F_NC_02_ASEReadCounter.table","NW_015090842.1:7536418",13,30,17
"KLHL36","s1639_F_NC_02_ASEReadCounter.table","NW_015090842.1:7536465",12,30,18
"KLHL36","s1639_F_NC_02_ASEReadCounter.table","NW_015090842.1:7536466",12,30,18
"KLHL36","s1639_F_NC_02_ASEReadCounter.table","NW_015090842.1:7536553",22,42,20
"KLHL36","s1639_F_NC_02_ASEReadCounter.table","NW_015090842.1:7536698",16,32,16
"KLHL36","s1639_F_NC_02_ASEReadCounter.table","NW_015090842.1:7536713",10,33,23
"KLHL36","s1639_F_NC_02_ASEReadCounter.table","NW_015090842.1:7536720",13,30,17
"KLHL36","s1639_F_NC_02_ASEReadCounter.table","NW_015090842.1:7536791",17,38,21
"KLHL36","s1639_F_NC_02_ASEReadCounter.table","NW_015090842.1:7536849",17,37,20
"KLHL36","s1639_F_NC_02_ASEReadCounter.table","NW_015090842.1:7536872",20,50,30
"KLHL36","s1639_F_NC_02_ASEReadCounter.table","NW_015090842.1:7536878",22,46,24
"KLHL36","s1639_F_NC_02_ASEReadCounter.table","NW_015090842.1:7536916",17,41,24
"KLHL36","s1639_F_NC_02_ASEReadCounter.table","NW_015090842.1:7536927",18,53,35
"KLHL36","s1639_F_NC_02_ASEReadCounter.table","NW_015090842.1:7537315",39,73,34
"KLHL36","s1639_F_NC_02_ASEReadCounter.table","NW_015090842.1:7537352",32,59,27
"KLHL36","s1639_F_NC_02_ASEReadCounter.table","NW_015090842.1:7537631",53,97,44
"KLHL36","s1639_F_NC_02_ASEReadCounter.table","NW_015090842.1:7537830",88,136,48
"KLHL36","s1639_F_NC_02_ASEReadCounter.table","NW_015090842.1:7537838",79,129,50
"KLHL36","s1639_F_NC_02_ASEReadCounter.table","NW_015090842.1:7538153",61,125,64
"KLHL36","s1639_F_NC_02_ASEReadCounter.table","NW_015090842.1:7538256",50,131,81
"KLHL36","s1639_F_NC_02_ASEReadCounter.table","NW_015090842.1:7538265",49,123,74
"KLHL36","s1639_F_NC_02_ASEReadCounter.table","NW_015090842.1:7538300",64,140,76
"USP10","s1639_F_NC_02_ASEReadCounter.table","NW_015090842.1:7563972",1,2,1
"USP10","s1639_F_NC_02_ASEReadCounter.table","NW_015090842.1:7571816",4,12,8
"USP10","s1639_F_NC_02_ASEReadCounter.table","NW_015090842.1:7571993",2,8,6
"USP10","s1639_F_NC_02_ASEReadCounter.table","NW_015090842.1:7572580",8,18,10
"USP10","s1639_F_NC_02_ASEReadCounter.table","NW_015090842.1:7587372",38,88,50
"CRISPLD2","s1639_F_NC_02_ASEReadCounter.table","NW_015090842.1:7625451",5,5,0
"CRISPLD2","s1639_F_NC_02_ASEReadCounter.table","NW_015090842.1:7626214",4,4,0
"CRISPLD2","s1639_F_NC_02_ASEReadCounter.table","NW_015090842.1:7630784",3,3,0
"CRISPLD2","s1639_F_NC_02_ASEReadCounter.table","NW_015090842.1:7630823",1,1,0
"CRISPLD2","s1639_F_NC_02_ASEReadCounter.table","NW_015090842.1:7633172",13,13,0
"CRISPLD2","s1639_F_NC_02_ASEReadCounter.table","NW_015090842.1:7633326",5,6,1
"CRISPLD2","s1639_F_NC_02_ASEReadCounter.table","NW_015090842.1:7633336",4,5,1
"CRISPLD2","s1639_F_NC_02_ASEReadCounter.table","NW_015090842.1:7633381",3,4,1
"CRISPLD2","s1639_F_NC_02_ASEReadCounter.table","NW_015090842.1:7633388",4,5,1
"CRISPLD2","s1639_F_NC_02_ASEReadCounter.table","NW_015090842.1:7633400",5,5,0
"CRISPLD2","s1639_F_NC_02_ASEReadCounter.table","NW_015090842.1:7633486",4,6,2
"CRISPLD2","s1639_F_NC_02_ASEReadCounter.table","NW_015090842.1:7633503",4,6,2
"CRISPLD2","s1639_F_NC_02_ASEReadCounter.table","NW_015090842.1:7633504",4,6,2
"CRISPLD2","s1639_F_NC_02_ASEReadCounter.table","NW_015090842.1:7633557",3,4,1
"CRISPLD2","s1639_F_NC_02_ASEReadCounter.table","NW_015090842.1:7633571",2,2,0
"CRISPLD2","s1639_F_NC_02_ASEReadCounter.table","NW_015090842.1:7633588",2,2,0
"CRISPLD2","s1639_F_NC_02_ASEReadCounter.table","NW_015090842.1:7633617",3,4,1
"CRISPLD2","s1639_F_NC_02_ASEReadCounter.table","NW_015090842.1:7633695",3,4,1
"CRISPLD2","s1639_F_NC_02_ASEReadCounter.table","NW_015090842.1:7633721",4,4,0
"CRISPLD2","s1639_F_NC_02_ASEReadCounter.table","NW_015090842.1:7633888",3,3,0
"CRISPLD2","s1639_F_NC_02_ASEReadCounter.table","NW_015090842.1:7633910",3,3,0
"CRISPLD2","s1639_F_NC_02_ASEReadCounter.table","NW_015090842.1:7634142",2,2,0
"CRISPLD2","s1639_F_NC_02_ASEReadCounter.table","NW_015090842.1:7634417",3,3,0
"CRISPLD2","s1639_F_NC_02_ASEReadCounter.table","NW_015090842.1:7634825",2,2,0
"CRISPLD2","s1639_F_NC_02_ASEReadCounter.table","NW_015090842.1:7634852",3,3,0
"CRISPLD2","s1639_F_NC_02_ASEReadCounter.table","NW_015090842.1:7635009",1,2,1
"CRISPLD2","s1639_F_NC_02_ASEReadCounter.table","NW_015090842.1:7635208",3,5,2
"CRISPLD2","s1639_F_NC_02_ASEReadCounter.table","NW_015090842.1:7635373",1,1,0
"CRISPLD2","s1639_F_NC_02_ASEReadCounter.table","NW_015090842.1:7635525",4,4,0
"CRISPLD2","s1639_F_NC_02_ASEReadCounter.table","NW_015090842.1:7635583",6,7,1
"CRISPLD2","s1639_F_NC_02_ASEReadCounter.table","NW_015090842.1:7635924",6,6,0
"LOC106888312","s1639_F_NC_02_ASEReadCounter.table","NW_015090842.1:7727036",1,1,0
"LOC106888312","s1639_F_NC_02_ASEReadCounter.table","NW_015090842.1:7727072",1,1,0
"LOC106888312","s1639_F_NC_02_ASEReadCounter.table","NW_015090842.1:7731961",0,1,1
"LOC106888312","s1639_F_NC_02_ASEReadCounter.table","NW_015090842.1:7733196",0,1,1
"LOC106888312","s1639_F_NC_02_ASEReadCounter.table","NW_015090842.1:7733299",1,1,0
"LOC106888312","s1639_F_NC_02_ASEReadCounter.table","NW_015090842.1:7733470",0,1,1
"LOC106888312","s1639_F_NC_02_ASEReadCounter.table","NW_015090842.1:7733472",0,1,1
"LOC106888312","s1639_F_NC_02_ASEReadCounter.table","NW_015090842.1:7733507",0,2,2
"LOC106888312","s1639_F_NC_02_ASEReadCounter.table","NW_015090842.1:7733508",0,2,2
"LOC106888312","s1639_F_NC_02_ASEReadCounter.table","NW_015090842.1:7733518",0,2,2
"LOC106888312","s1639_F_NC_02_ASEReadCounter.table","NW_015090842.1:7733609",1,2,1
"LOC106888312","s1639_F_NC_02_ASEReadCounter.table","NW_015090842.1:7733631",1,2,1
"LOC106888312","s1639_F_NC_02_ASEReadCounter.table","NW_015090842.1:7733674",3,3,0
"LOC106888312","s1639_F_NC_02_ASEReadCounter.table","NW_015090842.1:7733979",0,1,1
"ZDHHC7","s1639_F_NC_02_ASEReadCounter.table","NW_015090842.1:7737199",16,30,14
"ZDHHC7","s1639_F_NC_02_ASEReadCounter.table","NW_015090842.1:7737332",14,23,9
"ZDHHC7","s1639_F_NC_02_ASEReadCounter.table","NW_015090842.1:7737553",15,23,8
"ZDHHC7","s1639_F_NC_02_ASEReadCounter.table","NW_015090842.1:7737920",9,14,5
"ZDHHC7","s1639_F_NC_02_ASEReadCounter.table","NW_015090842.1:7737953",9,11,2
"ZDHHC7","s1639_F_NC_02_ASEReadCounter.table","NW_015090842.1:7737987",6,8,2
"ZDHHC7","s1639_F_NC_02_ASEReadCounter.table","NW_015090842.1:7738068",9,13,4
"ZDHHC7","s1639_F_NC_02_ASEReadCounter.table","NW_015090842.1:7738204",7,13,6
"LOC106888097","s1639_F_NC_02_ASEReadCounter.table","NW_015090842.1:7767178",2,4,2
"LOC106888097","s1639_F_NC_02_ASEReadCounter.table","NW_015090842.1:7767187",2,4,2
"LOC106888097","s1639_F_NC_02_ASEReadCounter.table","NW_015090842.1:7768144",2,4,2
"LOC106888097","s1639_F_NC_02_ASEReadCounter.table","NW_015090842.1:7768196",3,5,2
"LOC106888097","s1639_F_NC_02_ASEReadCounter.table","NW_015090842.1:7769884",2,4,2
"LOC106888097","s1639_F_NC_02_ASEReadCounter.table","NW_015090842.1:7769893",2,4,2
"LOC106888097","s1639_F_NC_02_ASEReadCounter.table","NW_015090842.1:7770245",9,15,6
"LOC106888097","s1639_F_NC_02_ASEReadCounter.table","NW_015090842.1:7772402",16,24,8
"LOC106888097","s1639_F_NC_02_ASEReadCounter.table","NW_015090842.1:7772483",15,28,13
"LOC106888097","s1639_F_NC_02_ASEReadCounter.table","NW_015090842.1:7772490",16,27,11
"LOC106888097","s1639_F_NC_02_ASEReadCounter.table","NW_015090842.1:7774281",9,24,15
"LOC106888097","s1639_F_NC_02_ASEReadCounter.table","NW_015090842.1:7774552",22,53,31
"LOC106888097","s1639_F_NC_02_ASEReadCounter.table","NW_015090842.1:7774564",25,54,29
"LOC106888097","s1639_F_NC_02_ASEReadCounter.table","NW_015090842.1:7774611",14,39,25
"LOC106888097","s1639_F_NC_02_ASEReadCounter.table","NW_015090842.1:7774681",24,48,24
"LOC106888097","s1639_F_NC_02_ASEReadCounter.table","NW_015090842.1:7774698",21,42,21
"LOC106888097","s1639_F_NC_02_ASEReadCounter.table","NW_015090842.1:7774730",13,24,11
"LOC106888097","s1639_F_NC_02_ASEReadCounter.table","NW_015090842.1:7774778",0,1,1
"LOC106888097","s1639_F_NC_02_ASEReadCounter.table","NW_015090842.1:7774793",0,1,1
"FOXC2","s1639_F_NC_02_ASEReadCounter.table","NW_015090842.1:8129599",2,3,1
"FOXC2","s1639_F_NC_02_ASEReadCounter.table","NW_015090842.1:8129616",3,5,2
"FOXC2","s1639_F_NC_02_ASEReadCounter.table","NW_015090842.1:8129715",0,2,2
"FOXC2","s1639_F_NC_02_ASEReadCounter.table","NW_015090842.1:8129719",0,2,2
"FOXC2","s1639_F_NC_02_ASEReadCounter.table","NW_015090842.1:8130244",2,3,1
"FOXC2","s1639_F_NC_02_ASEReadCounter.table","NW_015090842.1:8130472",2,2,0
"FOXC2","s1639_F_NC_02_ASEReadCounter.table","NW_015090842.1:8130490",2,2,0
"FOXC2","s1639_F_NC_02_ASEReadCounter.table","NW_015090842.1:8130547",1,1,0
"FOXC2","s1639_F_NC_02_ASEReadCounter.table","NW_015090842.1:8130573",1,1,0
"FOXC2","s1639_F_NC_02_ASEReadCounter.table","NW_015090842.1:8130575",1,1,0
"MTHFSD","s1639_F_NC_02_ASEReadCounter.table","NW_015090842.1:8140051",3,5,2
"MTHFSD","s1639_F_NC_02_ASEReadCounter.table","NW_015090842.1:8142923",5,14,9
"MTHFSD","s1639_F_NC_02_ASEReadCounter.table","NW_015090842.1:8143029",10,19,9
"MTHFSD","s1639_F_NC_02_ASEReadCounter.table","NW_015090842.1:8152035",14,34,20
"MTHFSD","s1639_F_NC_02_ASEReadCounter.table","NW_015090842.1:8152315",7,23,16
"MTHFSD","s1639_F_NC_02_ASEReadCounter.table","NW_015090842.1:8152511",6,22,16
"MTHFSD","s1639_F_NC_02_ASEReadCounter.table","NW_015090842.1:8152518",6,21,15
"MTHFSD","s1639_F_NC_02_ASEReadCounter.table","NW_015090842.1:8152553",2,13,11
"MTHFSD","s1639_F_NC_02_ASEReadCounter.table","NW_015090842.1:8152773",4,24,20
"MTHFSD","s1639_F_NC_02_ASEReadCounter.table","NW_015090842.1:8152805",5,19,14
"IRF8","s1639_F_NC_02_ASEReadCounter.table","NW_015090842.1:8406652",3,10,7
"IRF8","s1639_F_NC_02_ASEReadCounter.table","NW_015090842.1:8406703",8,16,8
"IRF8","s1639_F_NC_02_ASEReadCounter.table","NW_015090842.1:8406704",7,15,8
"IRF8","s1639_F_NC_02_ASEReadCounter.table","NW_015090842.1:8406757",7,14,7
"IRF8","s1639_F_NC_02_ASEReadCounter.table","NW_015090842.1:8406778",8,16,8
"IRF8","s1639_F_NC_02_ASEReadCounter.table","NW_015090842.1:8406819",6,13,7
"IRF8","s1639_F_NC_02_ASEReadCounter.table","NW_015090842.1:8406941",6,12,6
"IRF8","s1639_F_NC_02_ASEReadCounter.table","NW_015090842.1:8407008",6,10,4
"IRF8","s1639_F_NC_02_ASEReadCounter.table","NW_015090842.1:8407057",5,7,2
"IRF8","s1639_F_NC_02_ASEReadCounter.table","NW_015090842.1:8407064",7,8,1
"IRF8","s1639_F_NC_02_ASEReadCounter.table","NW_015090842.1:8407069",6,8,2
"IRF8","s1639_F_NC_02_ASEReadCounter.table","NW_015090842.1:8407120",6,8,2
"IRF8","s1639_F_NC_02_ASEReadCounter.table","NW_015090842.1:8407157",4,7,3
"IRF8","s1639_F_NC_02_ASEReadCounter.table","NW_015090842.1:8407203",2,6,4
"IRF8","s1639_F_NC_02_ASEReadCounter.table","NW_015090842.1:8407272",3,7,4
"IRF8","s1639_F_NC_02_ASEReadCounter.table","NW_015090842.1:8407276",4,7,3
"IRF8","s1639_F_NC_02_ASEReadCounter.table","NW_015090842.1:8407303",3,7,4
"IRF8","s1639_F_NC_02_ASEReadCounter.table","NW_015090842.1:8407451",6,10,4
"IRF8","s1639_F_NC_02_ASEReadCounter.table","NW_015090842.1:8407456",5,9,4
"IRF8","s1639_F_NC_02_ASEReadCounter.table","NW_015090842.1:8408564",3,8,5
"IRF8","s1639_F_NC_02_ASEReadCounter.table","NW_015090842.1:8408585",5,5,0
"IRF8","s1639_F_NC_02_ASEReadCounter.table","NW_015090842.1:8408973",2,6,4
"IRF8","s1639_F_NC_02_ASEReadCounter.table","NW_015090842.1:8409060",3,6,3
"IRF8","s1639_F_NC_02_ASEReadCounter.table","NW_015090842.1:8409065",3,5,2
"IRF8","s1639_F_NC_02_ASEReadCounter.table","NW_015090842.1:8409254",1,2,1
"IRF8","s1639_F_NC_02_ASEReadCounter.table","NW_015090842.1:8409255",1,2,1
"IRF8","s1639_F_NC_02_ASEReadCounter.table","NW_015090842.1:8409258",1,2,1
"IRF8","s1639_F_NC_02_ASEReadCounter.table","NW_015090842.1:8409312",2,3,1
"IRF8","s1639_F_NC_02_ASEReadCounter.table","NW_015090842.1:8410216",0,1,1
"IRF8","s1639_F_NC_02_ASEReadCounter.table","NW_015090842.1:8410237",1,2,1
"IRF8","s1639_F_NC_02_ASEReadCounter.table","NW_015090842.1:8410276",3,3,0
"IRF8","s1639_F_NC_02_ASEReadCounter.table","NW_015090842.1:8410813",1,2,1
"IRF8","s1639_F_NC_02_ASEReadCounter.table","NW_015090842.1:8410861",3,5,2
"IRF8","s1639_F_NC_02_ASEReadCounter.table","NW_015090842.1:8411940",3,6,3
"IRF8","s1639_F_NC_02_ASEReadCounter.table","NW_015090842.1:8412006",1,2,1
"IRF8","s1639_F_NC_02_ASEReadCounter.table","NW_015090842.1:8412042",1,2,1
"DUSP15","s1639_F_NC_02_ASEReadCounter.table","NW_015090842.1:8422787",1,1,0
"COX4I1","s1639_F_NC_02_ASEReadCounter.table","NW_015090842.1:8442258",842,1622,780
"COX4I1","s1639_F_NC_02_ASEReadCounter.table","NW_015090842.1:8442333",649,1228,579
"EMC8","s1639_F_NC_02_ASEReadCounter.table","NW_015090842.1:8444046",24,58,34
"EMC8","s1639_F_NC_02_ASEReadCounter.table","NW_015090842.1:8444064",25,59,34
"EMC8","s1639_F_NC_02_ASEReadCounter.table","NW_015090842.1:8452029",20,58,38
"EMC8","s1639_F_NC_02_ASEReadCounter.table","NW_015090842.1:8452116",39,86,47
"EMC8","s1639_F_NC_02_ASEReadCounter.table","NW_015090842.1:8452121",42,90,48
"EMC8","s1639_F_NC_02_ASEReadCounter.table","NW_015090842.1:8452222",38,70,32
"EMC8","s1639_F_NC_02_ASEReadCounter.table","NW_015090842.1:8452244",38,73,35
"EMC8","s1639_F_NC_02_ASEReadCounter.table","NW_015090842.1:8452477",6,18,12
"EMC8","s1639_F_NC_02_ASEReadCounter.table","NW_015090842.1:8452498",7,19,12
"EMC8","s1639_F_NC_02_ASEReadCounter.table","NW_015090842.1:8452535",5,13,8
"EMC8","s1639_F_NC_02_ASEReadCounter.table","NW_015090842.1:8452575",6,11,5
"EMC8","s1639_F_NC_02_ASEReadCounter.table","NW_015090842.1:8452600",7,13,6
"EMC8","s1639_F_NC_02_ASEReadCounter.table","NW_015090842.1:8452616",7,12,5
"EMC8","s1639_F_NC_02_ASEReadCounter.table","NW_015090842.1:8452630",6,10,4
"EMC8","s1639_F_NC_02_ASEReadCounter.table","NW_015090842.1:8452650",6,8,2
"EMC8","s1639_F_NC_02_ASEReadCounter.table","NW_015090842.1:8452678",6,16,10
"EMC8","s1639_F_NC_02_ASEReadCounter.table","NW_015090842.1:8452724",9,21,12
"EMC8","s1639_F_NC_02_ASEReadCounter.table","NW_015090842.1:8452731",9,21,12
"EMC8","s1639_F_NC_02_ASEReadCounter.table","NW_015090842.1:8452743",9,25,16
"EMC8","s1639_F_NC_02_ASEReadCounter.table","NW_015090842.1:8452750",8,25,17
"EMC8","s1639_F_NC_02_ASEReadCounter.table","NW_015090842.1:8452778",10,21,11
"EMC8","s1639_F_NC_02_ASEReadCounter.table","NW_015090842.1:8452783",9,23,14
"EMC8","s1639_F_NC_02_ASEReadCounter.table","NW_015090842.1:8452800",11,25,14
"EMC8","s1639_F_NC_02_ASEReadCounter.table","NW_015090842.1:8452804",10,24,14
"EMC8","s1639_F_NC_02_ASEReadCounter.table","NW_015090842.1:8452812",11,23,12
"EMC8","s1639_F_NC_02_ASEReadCounter.table","NW_015090842.1:8452858",11,28,17
"EMC8","s1639_F_NC_02_ASEReadCounter.table","NW_015090842.1:8452906",16,41,25
"EMC8","s1639_F_NC_02_ASEReadCounter.table","NW_015090842.1:8452913",15,41,26
"EMC8","s1639_F_NC_02_ASEReadCounter.table","NW_015090842.1:8453000",26,49,23
"EMC8","s1639_F_NC_02_ASEReadCounter.table","NW_015090842.1:8453007",29,53,24
"EMC8","s1639_F_NC_02_ASEReadCounter.table","NW_015090842.1:8453058",28,55,27
"EMC8","s1639_F_NC_02_ASEReadCounter.table","NW_015090842.1:8453106",22,44,22
"GINS2","s1639_F_NC_02_ASEReadCounter.table","NW_015090842.1:8466420",2,2,0
"GINS2","s1639_F_NC_02_ASEReadCounter.table","NW_015090842.1:8466424",2,2,0
"GINS2","s1639_F_NC_02_ASEReadCounter.table","NW_015090842.1:8466518",4,5,1
"GINS2","s1639_F_NC_02_ASEReadCounter.table","NW_015090842.1:8468482",12,14,2
"GINS2","s1639_F_NC_02_ASEReadCounter.table","NW_015090842.1:8470290",22,26,4
"GINS2","s1639_F_NC_02_ASEReadCounter.table","NW_015090842.1:8470305",22,24,2
"GINS2","s1639_F_NC_02_ASEReadCounter.table","NW_015090842.1:8470381",23,27,4
"GINS2","s1639_F_NC_02_ASEReadCounter.table","NW_015090842.1:8470418",17,21,4
"GINS2","s1639_F_NC_02_ASEReadCounter.table","NW_015090842.1:8470421",15,19,4
"GINS2","s1639_F_NC_02_ASEReadCounter.table","NW_015090842.1:8470430",12,16,4
"GINS2","s1639_F_NC_02_ASEReadCounter.table","NW_015090842.1:8470433",11,15,4
"GINS2","s1639_F_NC_02_ASEReadCounter.table","NW_015090842.1:8470457",6,11,5
"GINS2","s1639_F_NC_02_ASEReadCounter.table","NW_015090842.1:8470491",15,19,4
"GINS2","s1639_F_NC_02_ASEReadCounter.table","NW_015090842.1:8470548",16,23,7
"GINS2","s1639_F_NC_02_ASEReadCounter.table","NW_015090842.1:8470649",15,20,5
"GSE1","s1639_F_NC_02_ASEReadCounter.table","NW_015090842.1:8475362",61,116,55
"GSE1","s1639_F_NC_02_ASEReadCounter.table","NW_015090842.1:8475961",23,38,15
"GSE1","s1639_F_NC_02_ASEReadCounter.table","NW_015090842.1:8476027",23,34,11
"GSE1","s1639_F_NC_02_ASEReadCounter.table","NW_015090842.1:8476159",10,14,4
"GSE1","s1639_F_NC_02_ASEReadCounter.table","NW_015090842.1:8477442",0,12,12
"GSE1","s1639_F_NC_02_ASEReadCounter.table","NW_015090842.1:8477448",0,11,11
"GSE1","s1639_F_NC_02_ASEReadCounter.table","NW_015090842.1:8477662",0,11,11
"GSE1","s1639_F_NC_02_ASEReadCounter.table","NW_015090842.1:8477933",12,21,9
"GSE1","s1639_F_NC_02_ASEReadCounter.table","NW_015090842.1:8477945",11,21,10
"GSE1","s1639_F_NC_02_ASEReadCounter.table","NW_015090842.1:8483272",0,13,13
"GSE1","s1639_F_NC_02_ASEReadCounter.table","NW_015090842.1:8483367",1,3,2
"GSE1","s1639_F_NC_02_ASEReadCounter.table","NW_015090842.1:8483411",1,1,0
"GSE1","s1639_F_NC_02_ASEReadCounter.table","NW_015090842.1:8483756",2,6,4
"GSE1","s1639_F_NC_02_ASEReadCounter.table","NW_015090842.1:8486867",13,28,15
"GSE1","s1639_F_NC_02_ASEReadCounter.table","NW_015090842.1:8486939",16,31,15
"GSE1","s1639_F_NC_02_ASEReadCounter.table","NW_015090842.1:8486945",15,28,13
"GSE1","s1639_F_NC_02_ASEReadCounter.table","NW_015090842.1:8486993",11,21,10
"GSE1","s1639_F_NC_02_ASEReadCounter.table","NW_015090842.1:8487062",6,11,5
"GSE1","s1639_F_NC_02_ASEReadCounter.table","NW_015090842.1:8488065",4,11,7
"GSE1","s1639_F_NC_02_ASEReadCounter.table","NW_015090842.1:8488457",4,10,6
"GSE1","s1639_F_NC_02_ASEReadCounter.table","NW_015090842.1:8488463",5,11,6
"GSE1","s1639_F_NC_02_ASEReadCounter.table","NW_015090842.1:8488490",13,13,0
"GSE1","s1639_F_NC_02_ASEReadCounter.table","NW_015090842.1:8488505",7,14,7
"GSE1","s1639_F_NC_02_ASEReadCounter.table","NW_015090842.1:8490180",0,13,13
"KIAA0513","s1639_F_NC_02_ASEReadCounter.table","NW_015090842.1:8668363",24,69,45
"KIAA0513","s1639_F_NC_02_ASEReadCounter.table","NW_015090842.1:8668387",25,67,42
"KIAA0513","s1639_F_NC_02_ASEReadCounter.table","NW_015090842.1:8668390",24,64,40
"KIAA0513","s1639_F_NC_02_ASEReadCounter.table","NW_015090842.1:8673107",16,51,35
"KIAA0513","s1639_F_NC_02_ASEReadCounter.table","NW_015090842.1:8673147",14,46,32
"KIAA0513","s1639_F_NC_02_ASEReadCounter.table","NW_015090842.1:8674661",9,25,16
"KIAA0513","s1639_F_NC_02_ASEReadCounter.table","NW_015090842.1:8674685",6,24,18
"KIAA0513","s1639_F_NC_02_ASEReadCounter.table","NW_015090842.1:8674730",7,22,15
"KIAA0513","s1639_F_NC_02_ASEReadCounter.table","NW_015090842.1:8675525",12,28,16
"KIAA0513","s1639_F_NC_02_ASEReadCounter.table","NW_015090842.1:8675561",12,27,15
"KIAA0513","s1639_F_NC_02_ASEReadCounter.table","NW_015090842.1:8678608",0,9,9
"KIAA0513","s1639_F_NC_02_ASEReadCounter.table","NW_015090842.1:8686455",0,6,6
"KIAA0513","s1639_F_NC_02_ASEReadCounter.table","NW_015090842.1:8686508",0,13,13
"KIAA0513","s1639_F_NC_02_ASEReadCounter.table","NW_015090842.1:8686521",0,12,12
"KIAA0513","s1639_F_NC_02_ASEReadCounter.table","NW_015090842.1:8693642",0,1,1
"KIAA0513","s1639_F_NC_02_ASEReadCounter.table","NW_015090842.1:8693712",0,1,1
"FBXO31","s1639_F_NC_02_ASEReadCounter.table","NW_015090842.1:8710240",6,12,6
"FBXO31","s1639_F_NC_02_ASEReadCounter.table","NW_015090842.1:8710372",9,21,12
"FBXO31","s1639_F_NC_02_ASEReadCounter.table","NW_015090842.1:8711239",12,19,7
"FBXO31","s1639_F_NC_02_ASEReadCounter.table","NW_015090842.1:8714565",11,19,8
"FBXO31","s1639_F_NC_02_ASEReadCounter.table","NW_015090842.1:8716001",5,14,9
"FBXO31","s1639_F_NC_02_ASEReadCounter.table","NW_015090842.1:8725162",1,1,0
"FBXO31","s1639_F_NC_02_ASEReadCounter.table","NW_015090842.1:8725163",1,1,0
"FBXO31","s1639_F_NC_02_ASEReadCounter.table","NW_015090842.1:8725170",1,1,0
"FBXO31","s1639_F_NC_02_ASEReadCounter.table","NW_015090842.1:8725187",1,1,0
"FBXO31","s1639_F_NC_02_ASEReadCounter.table","NW_015090842.1:8725188",1,1,0
"FBXO31","s1639_F_NC_02_ASEReadCounter.table","NW_015090842.1:8725190",1,1,0
"ZCCHC14","s1639_F_NC_02_ASEReadCounter.table","NW_015090842.1:8750174",43,69,26
"ZCCHC14","s1639_F_NC_02_ASEReadCounter.table","NW_015090842.1:8750189",56,69,13
"ZCCHC14","s1639_F_NC_02_ASEReadCounter.table","NW_015090842.1:8750365",25,50,25
"ZCCHC14","s1639_F_NC_02_ASEReadCounter.table","NW_015090842.1:8750433",26,41,15
"ZCCHC14","s1639_F_NC_02_ASEReadCounter.table","NW_015090842.1:8750449",24,39,15
"ZCCHC14","s1639_F_NC_02_ASEReadCounter.table","NW_015090842.1:8750456",22,37,15
"ZCCHC14","s1639_F_NC_02_ASEReadCounter.table","NW_015090842.1:8750497",21,39,18
"ZCCHC14","s1639_F_NC_02_ASEReadCounter.table","NW_015090842.1:8750547",18,32,14
"ZCCHC14","s1639_F_NC_02_ASEReadCounter.table","NW_015090842.1:8751100",5,10,5
"ZCCHC14","s1639_F_NC_02_ASEReadCounter.table","NW_015090842.1:8751374",5,14,9
"ZCCHC14","s1639_F_NC_02_ASEReadCounter.table","NW_015090842.1:8751403",13,22,9
"ZCCHC14","s1639_F_NC_02_ASEReadCounter.table","NW_015090842.1:8751517",9,20,11
"ZCCHC14","s1639_F_NC_02_ASEReadCounter.table","NW_015090842.1:8752060",9,16,7
"ZCCHC14","s1639_F_NC_02_ASEReadCounter.table","NW_015090842.1:8752172",10,32,22
"ZCCHC14","s1639_F_NC_02_ASEReadCounter.table","NW_015090842.1:8752183",10,31,21
"ZCCHC14","s1639_F_NC_02_ASEReadCounter.table","NW_015090842.1:8752198",10,32,22
"ZCCHC14","s1639_F_NC_02_ASEReadCounter.table","NW_015090842.1:8752248",15,37,22
"ZCCHC14","s1639_F_NC_02_ASEReadCounter.table","NW_015090842.1:8752326",18,45,27
"ZCCHC14","s1639_F_NC_02_ASEReadCounter.table","NW_015090842.1:8752393",14,41,27
"ZCCHC14","s1639_F_NC_02_ASEReadCounter.table","NW_015090842.1:8752914",52,96,44
"ZCCHC14","s1639_F_NC_02_ASEReadCounter.table","NW_015090842.1:8753528",4,4,0
"ZCCHC14","s1639_F_NC_02_ASEReadCounter.table","NW_015090842.1:8753892",3,6,3
"ZCCHC14","s1639_F_NC_02_ASEReadCounter.table","NW_015090842.1:8753910",3,6,3
"ZCCHC14","s1639_F_NC_02_ASEReadCounter.table","NW_015090842.1:8755096",3,4,1
"ZCCHC14","s1639_F_NC_02_ASEReadCounter.table","NW_015090842.1:8755327",2,3,1
"ZCCHC14","s1639_F_NC_02_ASEReadCounter.table","NW_015090842.1:8755723",0,1,1
"ZCCHC14","s1639_F_NC_02_ASEReadCounter.table","NW_015090842.1:8755739",1,1,0
"ZCCHC14","s1639_F_NC_02_ASEReadCounter.table","NW_015090842.1:8756149",2,3,1
"ZCCHC14","s1639_F_NC_02_ASEReadCounter.table","NW_015090842.1:8756347",2,3,1
"ZCCHC14","s1639_F_NC_02_ASEReadCounter.table","NW_015090842.1:8756361",2,4,2
"ZCCHC14","s1639_F_NC_02_ASEReadCounter.table","NW_015090842.1:8756388",2,4,2
"ZCCHC14","s1639_F_NC_02_ASEReadCounter.table","NW_015090842.1:8756389",2,4,2
"ZCCHC14","s1639_F_NC_02_ASEReadCounter.table","NW_015090842.1:8757160",2,3,1
"ZCCHC14","s1639_F_NC_02_ASEReadCounter.table","NW_015090842.1:8804511",1,2,1
"JPH3","s1639_F_NC_02_ASEReadCounter.table","NW_015090842.1:8845375",19,32,13
"JPH3","s1639_F_NC_02_ASEReadCounter.table","NW_015090842.1:8845640",31,57,26
"JPH3","s1639_F_NC_02_ASEReadCounter.table","NW_015090842.1:8845654",26,57,31
"JPH3","s1639_F_NC_02_ASEReadCounter.table","NW_015090842.1:8872283",41,67,26
"JPH3","s1639_F_NC_02_ASEReadCounter.table","NW_015090842.1:8872294",47,74,27
"JPH3","s1639_F_NC_02_ASEReadCounter.table","NW_015090842.1:8872730",86,157,71
"JPH3","s1639_F_NC_02_ASEReadCounter.table","NW_015090842.1:8885260",145,304,159
"JPH3","s1639_F_NC_02_ASEReadCounter.table","NW_015090842.1:8885315",92,256,164
"JPH3","s1639_F_NC_02_ASEReadCounter.table","NW_015090842.1:8885328",78,231,153
"JPH3","s1639_F_NC_02_ASEReadCounter.table","NW_015090842.1:8885438",109,262,153
"JPH3","s1639_F_NC_02_ASEReadCounter.table","NW_015090842.1:8885525",47,160,113
"KLHDC4","s1639_F_NC_02_ASEReadCounter.table","NW_015090842.1:8890729",47,64,17
"KLHDC4","s1639_F_NC_02_ASEReadCounter.table","NW_015090842.1:8890749",45,61,16
"KLHDC4","s1639_F_NC_02_ASEReadCounter.table","NW_015090842.1:8890761",49,67,18
"KLHDC4","s1639_F_NC_02_ASEReadCounter.table","NW_015090842.1:8891123",52,77,25
"KLHDC4","s1639_F_NC_02_ASEReadCounter.table","NW_015090842.1:8893124",19,39,20
"KLHDC4","s1639_F_NC_02_ASEReadCounter.table","NW_015090842.1:8894542",17,33,16
"KLHDC4","s1639_F_NC_02_ASEReadCounter.table","NW_015090842.1:8896726",18,30,12
"KLHDC4","s1639_F_NC_02_ASEReadCounter.table","NW_015090842.1:8896767",19,33,14
"KLHDC4","s1639_F_NC_02_ASEReadCounter.table","NW_015090842.1:8904174",11,19,8
"KLHDC4","s1639_F_NC_02_ASEReadCounter.table","NW_015090842.1:8904231",12,20,8
"KLHDC4","s1639_F_NC_02_ASEReadCounter.table","NW_015090842.1:8905251",11,17,6
"KLHDC4","s1639_F_NC_02_ASEReadCounter.table","NW_015090842.1:8905263",10,15,5
"KLHDC4","s1639_F_NC_02_ASEReadCounter.table","NW_015090842.1:8919626",3,3,0
"SLC7A5","s1639_F_NC_02_ASEReadCounter.table","NW_015090842.1:8938782",234,520,286
"SLC7A5","s1639_F_NC_02_ASEReadCounter.table","NW_015090842.1:8938943",130,304,174
"SLC7A5","s1639_F_NC_02_ASEReadCounter.table","NW_015090842.1:8939611",46,95,49
"SLC7A5","s1639_F_NC_02_ASEReadCounter.table","NW_015090842.1:8939738",41,117,76
"SLC7A5","s1639_F_NC_02_ASEReadCounter.table","NW_015090842.1:8939739",40,110,70
"SLC7A5","s1639_F_NC_02_ASEReadCounter.table","NW_015090842.1:8939740",41,124,83
"SLC7A5","s1639_F_NC_02_ASEReadCounter.table","NW_015090842.1:8939795",47,120,73
"SLC7A5","s1639_F_NC_02_ASEReadCounter.table","NW_015090842.1:8939815",41,132,91
"SLC7A5","s1639_F_NC_02_ASEReadCounter.table","NW_015090842.1:8939816",40,131,91
"SLC7A5","s1639_F_NC_02_ASEReadCounter.table","NW_015090842.1:8939817",41,135,94
"SLC7A5","s1639_F_NC_02_ASEReadCounter.table","NW_015090842.1:8939845",55,148,93
"SLC7A5","s1639_F_NC_02_ASEReadCounter.table","NW_015090842.1:8939894",46,136,90
"SLC7A5","s1639_F_NC_02_ASEReadCounter.table","NW_015090842.1:8939895",46,132,86
"SLC7A5","s1639_F_NC_02_ASEReadCounter.table","NW_015090842.1:8939997",240,241,1
"SLC7A5","s1639_F_NC_02_ASEReadCounter.table","NW_015090842.1:8940172",85,200,115
"SLC7A5","s1639_F_NC_02_ASEReadCounter.table","NW_015090842.1:8940331",31,89,58
"SLC7A5","s1639_F_NC_02_ASEReadCounter.table","NW_015090842.1:8940696",25,50,25
"SLC7A5","s1639_F_NC_02_ASEReadCounter.table","NW_015090842.1:8940719",12,37,25
"SLC7A5","s1639_F_NC_02_ASEReadCounter.table","NW_015090842.1:8940737",10,29,19
"SLC7A5","s1639_F_NC_02_ASEReadCounter.table","NW_015090842.1:8940743",12,33,21
"SLC7A5","s1639_F_NC_02_ASEReadCounter.table","NW_015090842.1:8940766",14,38,24
"SLC7A5","s1639_F_NC_02_ASEReadCounter.table","NW_015090842.1:8940769",14,44,30
"SLC7A5","s1639_F_NC_02_ASEReadCounter.table","NW_015090842.1:8940861",20,50,30
"SLC7A5","s1639_F_NC_02_ASEReadCounter.table","NW_015090842.1:8941068",18,56,38
"SLC7A5","s1639_F_NC_02_ASEReadCounter.table","NW_015090842.1:8941467",16,34,18
"SLC7A5","s1639_F_NC_02_ASEReadCounter.table","NW_015090842.1:8941531",19,40,21
"SLC7A5","s1639_F_NC_02_ASEReadCounter.table","NW_015090842.1:8941588",25,52,27
"SLC7A5","s1639_F_NC_02_ASEReadCounter.table","NW_015090842.1:8941698",12,25,13
"SLC7A5","s1639_F_NC_02_ASEReadCounter.table","NW_015090842.1:8941717",15,32,17
"SLC7A5","s1639_F_NC_02_ASEReadCounter.table","NW_015090842.1:8941745",11,27,16
"SLC7A5","s1639_F_NC_02_ASEReadCounter.table","NW_015090842.1:8941781",16,37,21
"SLC7A5","s1639_F_NC_02_ASEReadCounter.table","NW_015090842.1:8941887",10,20,10
"SLC7A5","s1639_F_NC_02_ASEReadCounter.table","NW_015090842.1:8941968",3,17,14
"SLC7A5","s1639_F_NC_02_ASEReadCounter.table","NW_015090842.1:8942025",11,30,19
"SLC7A5","s1639_F_NC_02_ASEReadCounter.table","NW_015090842.1:8942069",9,40,31
"SLC7A5","s1639_F_NC_02_ASEReadCounter.table","NW_015090842.1:8942170",16,46,30
"SLC7A5","s1639_F_NC_02_ASEReadCounter.table","NW_015090842.1:8942241",25,68,43
"SLC7A5","s1639_F_NC_02_ASEReadCounter.table","NW_015090842.1:8942283",24,78,54
"SLC7A5","s1639_F_NC_02_ASEReadCounter.table","NW_015090842.1:8942717",113,334,221
"SLC7A5","s1639_F_NC_02_ASEReadCounter.table","NW_015090842.1:8942756",146,429,283
"SLC7A5","s1639_F_NC_02_ASEReadCounter.table","NW_015090842.1:8942766",144,432,288
"SLC7A5","s1639_F_NC_02_ASEReadCounter.table","NW_015090842.1:8943271",63,131,68
"SLC7A5","s1639_F_NC_02_ASEReadCounter.table","NW_015090842.1:8943524",22,54,32
"SLC7A5","s1639_F_NC_02_ASEReadCounter.table","NW_015090842.1:8943530",23,55,32
"SLC7A5","s1639_F_NC_02_ASEReadCounter.table","NW_015090842.1:8943602",20,50,30
"SLC7A5","s1639_F_NC_02_ASEReadCounter.table","NW_015090842.1:8943622",22,52,30
"SLC7A5","s1639_F_NC_02_ASEReadCounter.table","NW_015090842.1:8943661",27,50,23
"SLC7A5","s1639_F_NC_02_ASEReadCounter.table","NW_015090842.1:8943686",28,48,20
"SLC7A5","s1639_F_NC_02_ASEReadCounter.table","NW_015090842.1:8943788",16,31,15
"SLC7A5","s1639_F_NC_02_ASEReadCounter.table","NW_015090842.1:8943814",18,34,16
"SLC7A5","s1639_F_NC_02_ASEReadCounter.table","NW_015090842.1:8943876",8,22,14
"SLC7A5","s1639_F_NC_02_ASEReadCounter.table","NW_015090842.1:8943892",9,23,14
"SLC7A5","s1639_F_NC_02_ASEReadCounter.table","NW_015090842.1:8944097",11,19,8
"SLC7A5","s1639_F_NC_02_ASEReadCounter.table","NW_015090842.1:8944104",12,21,9
"SLC7A5","s1639_F_NC_02_ASEReadCounter.table","NW_015090842.1:8944293",7,14,7
"SLC7A5","s1639_F_NC_02_ASEReadCounter.table","NW_015090842.1:8944297",5,12,7
"SLC7A5","s1639_F_NC_02_ASEReadCounter.table","NW_015090842.1:8944397",4,8,4
"SLC7A5","s1639_F_NC_02_ASEReadCounter.table","NW_015090842.1:8944552",12,27,15
"SLC7A5","s1639_F_NC_02_ASEReadCounter.table","NW_015090842.1:8944629",5,17,12
"CA5A","s1639_F_NC_02_ASEReadCounter.table","NW_015090842.1:8989479",30,52,22
"CA5A","s1639_F_NC_02_ASEReadCounter.table","NW_015090842.1:8989562",43,59,16
"CA5A","s1639_F_NC_02_ASEReadCounter.table","NW_015090842.1:8989609",41,72,31
"CA5A","s1639_F_NC_02_ASEReadCounter.table","NW_015090842.1:8989693",43,86,43
"CA5A","s1639_F_NC_02_ASEReadCounter.table","NW_015090842.1:8989702",41,74,33
"CA5A","s1639_F_NC_02_ASEReadCounter.table","NW_015090842.1:8989746",43,81,38
"CA5A","s1639_F_NC_02_ASEReadCounter.table","NW_015090842.1:8989880",36,57,21
"CA5A","s1639_F_NC_02_ASEReadCounter.table","NW_015090842.1:8989885",42,62,20
"CA5A","s1639_F_NC_02_ASEReadCounter.table","NW_015090842.1:8989929",40,55,15
"CA5A","s1639_F_NC_02_ASEReadCounter.table","NW_015090842.1:8990002",29,46,17
"CA5A","s1639_F_NC_02_ASEReadCounter.table","NW_015090842.1:8990004",31,49,18
"CA5A","s1639_F_NC_02_ASEReadCounter.table","NW_015090842.1:8990005",29,47,18
"CA5A","s1639_F_NC_02_ASEReadCounter.table","NW_015090842.1:8990017",28,47,19
"CA5A","s1639_F_NC_02_ASEReadCounter.table","NW_015090842.1:8990043",24,41,17
"CA5A","s1639_F_NC_02_ASEReadCounter.table","NW_015090842.1:8990060",42,42,0
"CA5A","s1639_F_NC_02_ASEReadCounter.table","NW_015090842.1:8990080",18,34,16
"CA5A","s1639_F_NC_02_ASEReadCounter.table","NW_015090842.1:8990084",20,34,14
"CA5A","s1639_F_NC_02_ASEReadCounter.table","NW_015090842.1:8990090",21,38,17
"CA5A","s1639_F_NC_02_ASEReadCounter.table","NW_015090842.1:8990095",22,40,18
"CA5A","s1639_F_NC_02_ASEReadCounter.table","NW_015090842.1:8990111",18,37,19
"CA5A","s1639_F_NC_02_ASEReadCounter.table","NW_015090842.1:8990112",18,36,18
"CA5A","s1639_F_NC_02_ASEReadCounter.table","NW_015090842.1:8990115",18,35,17
"CA5A","s1639_F_NC_02_ASEReadCounter.table","NW_015090842.1:8990166",20,42,22
"CA5A","s1639_F_NC_02_ASEReadCounter.table","NW_015090842.1:8990169",22,42,20
"CA5A","s1639_F_NC_02_ASEReadCounter.table","NW_015090842.1:8990193",43,43,0
"CA5A","s1639_F_NC_02_ASEReadCounter.table","NW_015090842.1:8990222",15,31,16
"CA5A","s1639_F_NC_02_ASEReadCounter.table","NW_015090842.1:8990289",20,37,17
"CA5A","s1639_F_NC_02_ASEReadCounter.table","NW_015090842.1:8990314",20,37,17
"CA5A","s1639_F_NC_02_ASEReadCounter.table","NW_015090842.1:8990361",21,33,12
"CA5A","s1639_F_NC_02_ASEReadCounter.table","NW_015090842.1:8990368",19,31,12
"CA5A","s1639_F_NC_02_ASEReadCounter.table","NW_015090842.1:8990429",16,31,15
"CA5A","s1639_F_NC_02_ASEReadCounter.table","NW_015090842.1:8990466",14,34,20
"CA5A","s1639_F_NC_02_ASEReadCounter.table","NW_015090842.1:8990663",15,30,15
"CA5A","s1639_F_NC_02_ASEReadCounter.table","NW_015090842.1:8990797",17,25,8
"CA5A","s1639_F_NC_02_ASEReadCounter.table","NW_015090842.1:8990836",17,24,7
"CA5A","s1639_F_NC_02_ASEReadCounter.table","NW_015090842.1:8990842",12,18,6
"CA5A","s1639_F_NC_02_ASEReadCounter.table","NW_015090842.1:8990851",12,17,5
"CA5A","s1639_F_NC_02_ASEReadCounter.table","NW_015090842.1:8990918",11,16,5
"CA5A","s1639_F_NC_02_ASEReadCounter.table","NW_015090842.1:8990921",11,17,6
"CA5A","s1639_F_NC_02_ASEReadCounter.table","NW_015090842.1:8990942",11,17,6
"CA5A","s1639_F_NC_02_ASEReadCounter.table","NW_015090842.1:8991001",10,18,8
"CA5A","s1639_F_NC_02_ASEReadCounter.table","NW_015090842.1:8991038",11,18,7
"CA5A","s1639_F_NC_02_ASEReadCounter.table","NW_015090842.1:8991149",17,28,11
"CA5A","s1639_F_NC_02_ASEReadCounter.table","NW_015090842.1:8991176",20,29,9
"CA5A","s1639_F_NC_02_ASEReadCounter.table","NW_015090842.1:8991241",19,27,8
"CA5A","s1639_F_NC_02_ASEReadCounter.table","NW_015090842.1:8991262",17,24,7
"CA5A","s1639_F_NC_02_ASEReadCounter.table","NW_015090842.1:8991316",13,13,0
"CA5A","s1639_F_NC_02_ASEReadCounter.table","NW_015090842.1:8991319",13,13,0
"CA5A","s1639_F_NC_02_ASEReadCounter.table","NW_015090842.1:8991330",13,13,0
"CA5A","s1639_F_NC_02_ASEReadCounter.table","NW_015090842.1:8991334",14,14,0
"CA5A","s1639_F_NC_02_ASEReadCounter.table","NW_015090842.1:8991362",13,20,7
"CA5A","s1639_F_NC_02_ASEReadCounter.table","NW_015090842.1:8991368",14,21,7
"CA5A","s1639_F_NC_02_ASEReadCounter.table","NW_015090842.1:8991390",11,20,9
"CA5A","s1639_F_NC_02_ASEReadCounter.table","NW_015090842.1:8991395",11,21,10
"CA5A","s1639_F_NC_02_ASEReadCounter.table","NW_015090842.1:8991422",12,23,11
"CA5A","s1639_F_NC_02_ASEReadCounter.table","NW_015090842.1:8991467",14,23,9
"CA5A","s1639_F_NC_02_ASEReadCounter.table","NW_015090842.1:8991576",8,18,10
"CA5A","s1639_F_NC_02_ASEReadCounter.table","NW_015090842.1:8991587",8,21,13
"CA5A","s1639_F_NC_02_ASEReadCounter.table","NW_015090842.1:8991655",12,26,14
"CA5A","s1639_F_NC_02_ASEReadCounter.table","NW_015090842.1:8991717",8,20,12
"CA5A","s1639_F_NC_02_ASEReadCounter.table","NW_015090842.1:8991726",8,20,12
"CA5A","s1639_F_NC_02_ASEReadCounter.table","NW_015090842.1:8991799",11,19,8
"CA5A","s1639_F_NC_02_ASEReadCounter.table","NW_015090842.1:8991809",11,19,8
"CA5A","s1639_F_NC_02_ASEReadCounter.table","NW_015090842.1:8991848",7,14,7
"CA5A","s1639_F_NC_02_ASEReadCounter.table","NW_015090842.1:8991849",7,13,6
"CA5A","s1639_F_NC_02_ASEReadCounter.table","NW_015090842.1:8991927",6,15,9
"CA5A","s1639_F_NC_02_ASEReadCounter.table","NW_015090842.1:8991941",9,16,7
"CA5A","s1639_F_NC_02_ASEReadCounter.table","NW_015090842.1:8992121",6,8,2
"CA5A","s1639_F_NC_02_ASEReadCounter.table","NW_015090842.1:8992224",8,9,1
"CA5A","s1639_F_NC_02_ASEReadCounter.table","NW_015090842.1:9002570",2,5,3
"CA5A","s1639_F_NC_02_ASEReadCounter.table","NW_015090842.1:9002600",1,4,3
"CA5A","s1639_F_NC_02_ASEReadCounter.table","NW_015090842.1:9004312",2,4,2
"CA5A","s1639_F_NC_02_ASEReadCounter.table","NW_015090842.1:9005116",1,1,0
"CA5A","s1639_F_NC_02_ASEReadCounter.table","NW_015090842.1:9005120",1,1,0
"BANP","s1639_F_NC_02_ASEReadCounter.table","NW_015090842.1:9033407",1,4,3
"BANP","s1639_F_NC_02_ASEReadCounter.table","NW_015090842.1:9033409",1,4,3
"BANP","s1639_F_NC_02_ASEReadCounter.table","NW_015090842.1:9033420",2,5,3
"BANP","s1639_F_NC_02_ASEReadCounter.table","NW_015090842.1:9067974",0,7,7
"BANP","s1639_F_NC_02_ASEReadCounter.table","NW_015090842.1:9102510",4,10,6
"BANP","s1639_F_NC_02_ASEReadCounter.table","NW_015090842.1:9168534",13,27,14
"BANP","s1639_F_NC_02_ASEReadCounter.table","NW_015090842.1:9168818",20,45,25
"ZNF469","s1639_F_NC_02_ASEReadCounter.table","NW_015090842.1:9432302",2,2,0
"ZNF469","s1639_F_NC_02_ASEReadCounter.table","NW_015090842.1:9432361",2,2,0
"ZNF469","s1639_F_NC_02_ASEReadCounter.table","NW_015090842.1:9432374",1,1,0
"ZNF469","s1639_F_NC_02_ASEReadCounter.table","NW_015090842.1:9432382",1,1,0
"ZNF469","s1639_F_NC_02_ASEReadCounter.table","NW_015090842.1:9434259",0,1,1
"ZNF469","s1639_F_NC_02_ASEReadCounter.table","NW_015090842.1:9435221",0,2,2
"ZFPM1","s1639_F_NC_02_ASEReadCounter.table","NW_015090842.1:9458862",1,1,0
"ZFPM1","s1639_F_NC_02_ASEReadCounter.table","NW_015090842.1:9458888",1,1,0
"ZFPM1","s1639_F_NC_02_ASEReadCounter.table","NW_015090842.1:9458904",1,1,0
"ZFPM1","s1639_F_NC_02_ASEReadCounter.table","NW_015090842.1:9458916",1,1,0
"ZFPM1","s1639_F_NC_02_ASEReadCounter.table","NW_015090842.1:9468568",1,2,1
"ZFPM1","s1639_F_NC_02_ASEReadCounter.table","NW_015090842.1:9468593",2,3,1
"ZFPM1","s1639_F_NC_02_ASEReadCounter.table","NW_015090842.1:9471561",2,2,0
"ZFPM1","s1639_F_NC_02_ASEReadCounter.table","NW_015090842.1:9472557",0,1,1
"ZFPM1","s1639_F_NC_02_ASEReadCounter.table","NW_015090842.1:9472565",1,2,1
"ZFPM1","s1639_F_NC_02_ASEReadCounter.table","NW_015090842.1:9472608",1,3,2
"ZFPM1","s1639_F_NC_02_ASEReadCounter.table","NW_015090842.1:9472627",1,3,2
"ZFPM1","s1639_F_NC_02_ASEReadCounter.table","NW_015090842.1:9472668",0,2,2
"ZFPM1","s1639_F_NC_02_ASEReadCounter.table","NW_015090842.1:9473655",0,1,1
"ZFPM1","s1639_F_NC_02_ASEReadCounter.table","NW_015090842.1:9475827",1,1,0
"ZFPM1","s1639_F_NC_02_ASEReadCounter.table","NW_015090842.1:9475842",1,1,0
"ZFPM1","s1639_F_NC_02_ASEReadCounter.table","NW_015090842.1:9476119",1,1,0
"ZFPM1","s1639_F_NC_02_ASEReadCounter.table","NW_015090842.1:9476305",1,1,0
"ZFPM1","s1639_F_NC_02_ASEReadCounter.table","NW_015090842.1:9476395",0,2,2
"ZFPM1","s1639_F_NC_02_ASEReadCounter.table","NW_015090842.1:9476421",0,2,2
"ZFPM1","s1639_F_NC_02_ASEReadCounter.table","NW_015090842.1:9476539",1,3,2
"ZFPM1","s1639_F_NC_02_ASEReadCounter.table","NW_015090842.1:9476576",1,3,2
"ZFPM1","s1639_F_NC_02_ASEReadCounter.table","NW_015090842.1:9476599",2,2,0
"ZFPM1","s1639_F_NC_02_ASEReadCounter.table","NW_015090842.1:9476792",0,3,3
"ZFPM1","s1639_F_NC_02_ASEReadCounter.table","NW_015090842.1:9476803",1,4,3
"ZFPM1","s1639_F_NC_02_ASEReadCounter.table","NW_015090842.1:9477115",1,3,2
"ZFPM1","s1639_F_NC_02_ASEReadCounter.table","NW_015090842.1:9477299",2,4,2
"ZFPM1","s1639_F_NC_02_ASEReadCounter.table","NW_015090842.1:9477398",7,7,0
"ZFPM1","s1639_F_NC_02_ASEReadCounter.table","NW_015090842.1:9477422",4,4,0
"ZFPM1","s1639_F_NC_02_ASEReadCounter.table","NW_015090842.1:9477554",8,11,3
"ZFPM1","s1639_F_NC_02_ASEReadCounter.table","NW_015090842.1:9477575",11,11,0
"ZFPM1","s1639_F_NC_02_ASEReadCounter.table","NW_015090842.1:9477595",6,9,3
"ZFPM1","s1639_F_NC_02_ASEReadCounter.table","NW_015090842.1:9477611",7,12,5
"ZFPM1","s1639_F_NC_02_ASEReadCounter.table","NW_015090842.1:9477659",7,10,3
"ZFPM1","s1639_F_NC_02_ASEReadCounter.table","NW_015090842.1:9477737",3,8,5
"ZFPM1","s1639_F_NC_02_ASEReadCounter.table","NW_015090842.1:9477791",6,13,7
"ZFPM1","s1639_F_NC_02_ASEReadCounter.table","NW_015090842.1:9477844",8,13,5
"ZFPM1","s1639_F_NC_02_ASEReadCounter.table","NW_015090842.1:9477917",5,10,5
"ZFPM1","s1639_F_NC_02_ASEReadCounter.table","NW_015090842.1:9478295",18,32,14
"ZFPM1","s1639_F_NC_02_ASEReadCounter.table","NW_015090842.1:9478349",14,24,10
"ZFPM1","s1639_F_NC_02_ASEReadCounter.table","NW_015090842.1:9478524",18,31,13
"ZFPM1","s1639_F_NC_02_ASEReadCounter.table","NW_015090842.1:9478546",22,34,12
"ZFPM1","s1639_F_NC_02_ASEReadCounter.table","NW_015090842.1:9478573",23,38,15
"ZFPM1","s1639_F_NC_02_ASEReadCounter.table","NW_015090842.1:9478582",22,33,11
"ZFPM1","s1639_F_NC_02_ASEReadCounter.table","NW_015090842.1:9478684",19,22,3
"ZFPM1","s1639_F_NC_02_ASEReadCounter.table","NW_015090842.1:9478711",17,23,6
"ZFPM1","s1639_F_NC_02_ASEReadCounter.table","NW_015090842.1:9478761",18,30,12
"ZFPM1","s1639_F_NC_02_ASEReadCounter.table","NW_015090842.1:9478829",15,15,0
"ZC3H18","s1639_F_NC_02_ASEReadCounter.table","NW_015090842.1:9494271",3,6,3
"ZC3H18","s1639_F_NC_02_ASEReadCounter.table","NW_015090842.1:9501427",6,11,5
"ZC3H18","s1639_F_NC_02_ASEReadCounter.table","NW_015090842.1:9501442",5,11,6
"ZC3H18","s1639_F_NC_02_ASEReadCounter.table","NW_015090842.1:9505538",1,5,4
"ZC3H18","s1639_F_NC_02_ASEReadCounter.table","NW_015090842.1:9506778",2,8,6
"ZC3H18","s1639_F_NC_02_ASEReadCounter.table","NW_015090842.1:9522538",5,11,6
"ZC3H18","s1639_F_NC_02_ASEReadCounter.table","NW_015090842.1:9524350",8,13,5
"ZC3H18","s1639_F_NC_02_ASEReadCounter.table","NW_015090842.1:9524366",10,18,8
"ZC3H18","s1639_F_NC_02_ASEReadCounter.table","NW_015090842.1:9524424",6,12,6
"ZC3H18","s1639_F_NC_02_ASEReadCounter.table","NW_015090842.1:9529649",5,35,30
"ZC3H18","s1639_F_NC_02_ASEReadCounter.table","NW_015090842.1:9529688",6,32,26
"ZC3H18","s1639_F_NC_02_ASEReadCounter.table","NW_015090842.1:9529691",6,30,24
"ZC3H18","s1639_F_NC_02_ASEReadCounter.table","NW_015090842.1:9530977",13,42,29
"ZC3H18","s1639_F_NC_02_ASEReadCounter.table","NW_015090842.1:9536699",0,60,60
"CYBA","s1639_F_NC_02_ASEReadCounter.table","NW_015090842.1:9547281",28,36,8
"CYBA","s1639_F_NC_02_ASEReadCounter.table","NW_015090842.1:9547402",72,99,27
"CYBA","s1639_F_NC_02_ASEReadCounter.table","NW_015090842.1:9547553",41,59,18
"CYBA","s1639_F_NC_02_ASEReadCounter.table","NW_015090842.1:9548052",27,33,6
"CYBA","s1639_F_NC_02_ASEReadCounter.table","NW_015090842.1:9548436",20,30,10
"CYBA","s1639_F_NC_02_ASEReadCounter.table","NW_015090842.1:9548442",17,28,11
"CYBA","s1639_F_NC_02_ASEReadCounter.table","NW_015090842.1:9548478",25,39,14
"CYBA","s1639_F_NC_02_ASEReadCounter.table","NW_015090842.1:9548487",24,39,15
"CYBA","s1639_F_NC_02_ASEReadCounter.table","NW_015090842.1:9548490",24,39,15
"CYBA","s1639_F_NC_02_ASEReadCounter.table","NW_015090842.1:9548717",23,32,9
"CYBA","s1639_F_NC_02_ASEReadCounter.table","NW_015090842.1:9548750",16,25,9
"CYBA","s1639_F_NC_02_ASEReadCounter.table","NW_015090842.1:9548766",10,15,5
"MVD","s1639_F_NC_02_ASEReadCounter.table","NW_015090842.1:9550678",38,48,10
"MVD","s1639_F_NC_02_ASEReadCounter.table","NW_015090842.1:9550690",39,59,20
"MVD","s1639_F_NC_02_ASEReadCounter.table","NW_015090842.1:9550691",39,59,20
"MVD","s1639_F_NC_02_ASEReadCounter.table","NW_015090842.1:9550699",46,71,25
"MVD","s1639_F_NC_02_ASEReadCounter.table","NW_015090842.1:9550719",44,70,26
"MVD","s1639_F_NC_02_ASEReadCounter.table","NW_015090842.1:9551596",54,100,46
"MVD","s1639_F_NC_02_ASEReadCounter.table","NW_015090842.1:9551638",41,87,46
"MVD","s1639_F_NC_02_ASEReadCounter.table","NW_015090842.1:9551899",0,7,7
"MVD","s1639_F_NC_02_ASEReadCounter.table","NW_015090842.1:9552193",30,54,24
"MVD","s1639_F_NC_02_ASEReadCounter.table","NW_015090842.1:9552202",30,57,27
"MVD","s1639_F_NC_02_ASEReadCounter.table","NW_015090842.1:9552208",32,55,23
"MVD","s1639_F_NC_02_ASEReadCounter.table","NW_015090842.1:9552625",17,27,10
"MVD","s1639_F_NC_02_ASEReadCounter.table","NW_015090842.1:9552629",27,27,0
"MVD","s1639_F_NC_02_ASEReadCounter.table","NW_015090842.1:9552644",16,25,9
"MVD","s1639_F_NC_02_ASEReadCounter.table","NW_015090842.1:9553093",19,33,14
"MVD","s1639_F_NC_02_ASEReadCounter.table","NW_015090842.1:9553114",17,28,11
"RNF166","s1639_F_NC_02_ASEReadCounter.table","NW_015090842.1:9557900",17,30,13
"RNF166","s1639_F_NC_02_ASEReadCounter.table","NW_015090842.1:9558048",11,29,18
"RNF166","s1639_F_NC_02_ASEReadCounter.table","NW_015090842.1:9558116",13,26,13
"RNF166","s1639_F_NC_02_ASEReadCounter.table","NW_015090842.1:9558308",13,34,21
"RNF166","s1639_F_NC_02_ASEReadCounter.table","NW_015090842.1:9558405",7,21,14
"RNF166","s1639_F_NC_02_ASEReadCounter.table","NW_015090842.1:9558549",10,26,16
"RNF166","s1639_F_NC_02_ASEReadCounter.table","NW_015090842.1:9558556",9,25,16
"RNF166","s1639_F_NC_02_ASEReadCounter.table","NW_015090842.1:9558579",10,21,11
"RNF166","s1639_F_NC_02_ASEReadCounter.table","NW_015090842.1:9558599",7,20,13
"RNF166","s1639_F_NC_02_ASEReadCounter.table","NW_015090842.1:9558688",16,26,10
"RNF166","s1639_F_NC_02_ASEReadCounter.table","NW_015090842.1:9558711",16,28,12
"RNF166","s1639_F_NC_02_ASEReadCounter.table","NW_015090842.1:9558733",15,26,11
"RNF166","s1639_F_NC_02_ASEReadCounter.table","NW_015090842.1:9558847",12,22,10
"RNF166","s1639_F_NC_02_ASEReadCounter.table","NW_015090842.1:9559798",13,23,10
"RNF166","s1639_F_NC_02_ASEReadCounter.table","NW_015090842.1:9560575",15,21,6
"RNF166","s1639_F_NC_02_ASEReadCounter.table","NW_015090842.1:9561055",12,20,8
"RNF166","s1639_F_NC_02_ASEReadCounter.table","NW_015090842.1:9562458",8,18,10
"RNF166","s1639_F_NC_02_ASEReadCounter.table","NW_015090842.1:9562497",5,11,6
"RNF166","s1639_F_NC_02_ASEReadCounter.table","NW_015090842.1:9562539",4,6,2
"RNF166","s1639_F_NC_02_ASEReadCounter.table","NW_015090842.1:9564056",5,6,1
"CTU2","s1639_F_NC_02_ASEReadCounter.table","NW_015090842.1:9565149",7,11,4
"CTU2","s1639_F_NC_02_ASEReadCounter.table","NW_015090842.1:9565193",8,14,6
"CTU2","s1639_F_NC_02_ASEReadCounter.table","NW_015090842.1:9565300",7,15,8
"CTU2","s1639_F_NC_02_ASEReadCounter.table","NW_015090842.1:9565321",8,15,7
"CTU2","s1639_F_NC_02_ASEReadCounter.table","NW_015090842.1:9565721",9,16,7
"CTU2","s1639_F_NC_02_ASEReadCounter.table","NW_015090842.1:9565739",7,14,7
"CTU2","s1639_F_NC_02_ASEReadCounter.table","NW_015090842.1:9565905",5,14,9
"CTU2","s1639_F_NC_02_ASEReadCounter.table","NW_015090842.1:9566013",26,26,0
"CTU2","s1639_F_NC_02_ASEReadCounter.table","NW_015090842.1:9566055",15,32,17
"CTU2","s1639_F_NC_02_ASEReadCounter.table","NW_015090842.1:9566056",16,32,16
"CTU2","s1639_F_NC_02_ASEReadCounter.table","NW_015090842.1:9566151",11,27,16
"CTU2","s1639_F_NC_02_ASEReadCounter.table","NW_015090842.1:9566300",11,23,12
"CTU2","s1639_F_NC_02_ASEReadCounter.table","NW_015090842.1:9566342",9,18,9
"CTU2","s1639_F_NC_02_ASEReadCounter.table","NW_015090842.1:9566548",11,23,12
"CTU2","s1639_F_NC_02_ASEReadCounter.table","NW_015090842.1:9566625",19,32,13
"CTU2","s1639_F_NC_02_ASEReadCounter.table","NW_015090842.1:9566633",19,32,13
"CTU2","s1639_F_NC_02_ASEReadCounter.table","NW_015090842.1:9566807",22,36,14
"CTU2","s1639_F_NC_02_ASEReadCounter.table","NW_015090842.1:9567139",18,35,17
"CTU2","s1639_F_NC_02_ASEReadCounter.table","NW_015090842.1:9567156",17,33,16
"CTU2","s1639_F_NC_02_ASEReadCounter.table","NW_015090842.1:9567614",21,46,25
"CTU2","s1639_F_NC_02_ASEReadCounter.table","NW_015090842.1:9567677",23,36,13
"CTU2","s1639_F_NC_02_ASEReadCounter.table","NW_015090842.1:9567747",17,33,16
"CTU2","s1639_F_NC_02_ASEReadCounter.table","NW_015090842.1:9567828",22,39,17
"CTU2","s1639_F_NC_02_ASEReadCounter.table","NW_015090842.1:9567829",20,38,18
"CTU2","s1639_F_NC_02_ASEReadCounter.table","NW_015090842.1:9567885",10,23,13
"PIEZO1","s1639_F_NC_02_ASEReadCounter.table","NW_015090842.1:9568093",30,59,29
"PIEZO1","s1639_F_NC_02_ASEReadCounter.table","NW_015090842.1:9568672",27,55,28
"PIEZO1","s1639_F_NC_02_ASEReadCounter.table","NW_015090842.1:9568948",20,41,21
"PIEZO1","s1639_F_NC_02_ASEReadCounter.table","NW_015090842.1:9568987",35,35,0
"PIEZO1","s1639_F_NC_02_ASEReadCounter.table","NW_015090842.1:9569040",10,21,11
"PIEZO1","s1639_F_NC_02_ASEReadCounter.table","NW_015090842.1:9569180",7,20,13
"PIEZO1","s1639_F_NC_02_ASEReadCounter.table","NW_015090842.1:9569192",10,22,12
"PIEZO1","s1639_F_NC_02_ASEReadCounter.table","NW_015090842.1:9570088",5,20,15
"PIEZO1","s1639_F_NC_02_ASEReadCounter.table","NW_015090842.1:9570480",5,8,3
"PIEZO1","s1639_F_NC_02_ASEReadCounter.table","NW_015090842.1:9570639",8,19,11
"PIEZO1","s1639_F_NC_02_ASEReadCounter.table","NW_015090842.1:9571847",7,25,18
"PIEZO1","s1639_F_NC_02_ASEReadCounter.table","NW_015090842.1:9572371",2,8,6
"PIEZO1","s1639_F_NC_02_ASEReadCounter.table","NW_015090842.1:9572638",0,2,2
"PIEZO1","s1639_F_NC_02_ASEReadCounter.table","NW_015090842.1:9573156",7,14,7
"PIEZO1","s1639_F_NC_02_ASEReadCounter.table","NW_015090842.1:9573280",5,13,8
"PIEZO1","s1639_F_NC_02_ASEReadCounter.table","NW_015090842.1:9573566",9,10,1
"PIEZO1","s1639_F_NC_02_ASEReadCounter.table","NW_015090842.1:9575341",3,6,3
"PIEZO1","s1639_F_NC_02_ASEReadCounter.table","NW_015090842.1:9575367",5,6,1
"PIEZO1","s1639_F_NC_02_ASEReadCounter.table","NW_015090842.1:9575645",5,9,4
"PIEZO1","s1639_F_NC_02_ASEReadCounter.table","NW_015090842.1:9575696",7,11,4
"PIEZO1","s1639_F_NC_02_ASEReadCounter.table","NW_015090842.1:9575897",7,12,5
"PIEZO1","s1639_F_NC_02_ASEReadCounter.table","NW_015090842.1:9576060",2,5,3
"PIEZO1","s1639_F_NC_02_ASEReadCounter.table","NW_015090842.1:9576087",3,5,2
"PIEZO1","s1639_F_NC_02_ASEReadCounter.table","NW_015090842.1:9576093",3,5,2
"PIEZO1","s1639_F_NC_02_ASEReadCounter.table","NW_015090842.1:9576120",5,11,6
"PIEZO1","s1639_F_NC_02_ASEReadCounter.table","NW_015090842.1:9576687",2,6,4
"PIEZO1","s1639_F_NC_02_ASEReadCounter.table","NW_015090842.1:9576710",8,8,0
"PIEZO1","s1639_F_NC_02_ASEReadCounter.table","NW_015090842.1:9576723",3,7,4
"PIEZO1","s1639_F_NC_02_ASEReadCounter.table","NW_015090842.1:9578268",1,4,3
"PIEZO1","s1639_F_NC_02_ASEReadCounter.table","NW_015090842.1:9578770",1,3,2
"PIEZO1","s1639_F_NC_02_ASEReadCounter.table","NW_015090842.1:9578806",0,3,3
"PIEZO1","s1639_F_NC_02_ASEReadCounter.table","NW_015090842.1:9579064",0,6,6
"PIEZO1","s1639_F_NC_02_ASEReadCounter.table","NW_015090842.1:9579065",0,6,6
"PIEZO1","s1639_F_NC_02_ASEReadCounter.table","NW_015090842.1:9579347",2,5,3
"PIEZO1","s1639_F_NC_02_ASEReadCounter.table","NW_015090842.1:9580765",3,5,2
"PIEZO1","s1639_F_NC_02_ASEReadCounter.table","NW_015090842.1:9580996",1,2,1
"PIEZO1","s1639_F_NC_02_ASEReadCounter.table","NW_015090842.1:9581101",3,3,0
"PIEZO1","s1639_F_NC_02_ASEReadCounter.table","NW_015090842.1:9581299",5,5,0
"PIEZO1","s1639_F_NC_02_ASEReadCounter.table","NW_015090842.1:9581875",2,5,3
"PIEZO1","s1639_F_NC_02_ASEReadCounter.table","NW_015090842.1:9582046",1,2,1
"PIEZO1","s1639_F_NC_02_ASEReadCounter.table","NW_015090842.1:9582961",2,2,0
"PIEZO1","s1639_F_NC_02_ASEReadCounter.table","NW_015090842.1:9583298",3,4,1
"PIEZO1","s1639_F_NC_02_ASEReadCounter.table","NW_015090842.1:9584337",2,3,1
"PIEZO1","s1639_F_NC_02_ASEReadCounter.table","NW_015090842.1:9584425",2,3,1
"PIEZO1","s1639_F_NC_02_ASEReadCounter.table","NW_015090842.1:9584435",1,2,1
"PIEZO1","s1639_F_NC_02_ASEReadCounter.table","NW_015090842.1:9584438",1,2,1
"PIEZO1","s1639_F_NC_02_ASEReadCounter.table","NW_015090842.1:9584441",1,2,1
"CDT1","s1639_F_NC_02_ASEReadCounter.table","NW_015090842.1:9597054",0,3,3
"CDT1","s1639_F_NC_02_ASEReadCounter.table","NW_015090842.1:9597074",0,3,3
"CDT1","s1639_F_NC_02_ASEReadCounter.table","NW_015090842.1:9597137",1,2,1
"CDT1","s1639_F_NC_02_ASEReadCounter.table","NW_015090842.1:9597756",1,2,1
"CDT1","s1639_F_NC_02_ASEReadCounter.table","NW_015090842.1:9597766",2,2,0
"CDT1","s1639_F_NC_02_ASEReadCounter.table","NW_015090842.1:9598496",5,6,1
"CDT1","s1639_F_NC_02_ASEReadCounter.table","NW_015090842.1:9598498",5,6,1
"CDT1","s1639_F_NC_02_ASEReadCounter.table","NW_015090842.1:9598816",2,2,0
"CDT1","s1639_F_NC_02_ASEReadCounter.table","NW_015090842.1:9598879",5,6,1
"CDT1","s1639_F_NC_02_ASEReadCounter.table","NW_015090842.1:9598912",5,8,3
"CDT1","s1639_F_NC_02_ASEReadCounter.table","NW_015090842.1:9598959",3,7,4
"CDT1","s1639_F_NC_02_ASEReadCounter.table","NW_015090842.1:9599807",6,7,1
"CDT1","s1639_F_NC_02_ASEReadCounter.table","NW_015090842.1:9599819",6,8,2
"CDT1","s1639_F_NC_02_ASEReadCounter.table","NW_015090842.1:9599845",9,10,1
"CDT1","s1639_F_NC_02_ASEReadCounter.table","NW_015090842.1:9600148",6,12,6
"CDT1","s1639_F_NC_02_ASEReadCounter.table","NW_015090842.1:9600151",6,13,7
"CDT1","s1639_F_NC_02_ASEReadCounter.table","NW_015090842.1:9600217",7,14,7
"CDT1","s1639_F_NC_02_ASEReadCounter.table","NW_015090842.1:9600226",7,13,6
"CDT1","s1639_F_NC_02_ASEReadCounter.table","NW_015090842.1:9600260",7,17,10
"CDT1","s1639_F_NC_02_ASEReadCounter.table","NW_015090842.1:9600268",8,18,10
"CDT1","s1639_F_NC_02_ASEReadCounter.table","NW_015090842.1:9600305",7,17,10
"CDT1","s1639_F_NC_02_ASEReadCounter.table","NW_015090842.1:9600397",11,15,4
"CDT1","s1639_F_NC_02_ASEReadCounter.table","NW_015090842.1:9600447",10,15,5
"CDT1","s1639_F_NC_02_ASEReadCounter.table","NW_015090842.1:9600450",12,17,5
"CDT1","s1639_F_NC_02_ASEReadCounter.table","NW_015090842.1:9600485",11,15,4
"CDT1","s1639_F_NC_02_ASEReadCounter.table","NW_015090842.1:9600579",11,19,8
"APRT","s1639_F_NC_02_ASEReadCounter.table","NW_015090842.1:9602308",25,73,48
"APRT","s1639_F_NC_02_ASEReadCounter.table","NW_015090842.1:9602440",45,167,122
"APRT","s1639_F_NC_02_ASEReadCounter.table","NW_015090842.1:9602449",46,167,121
"APRT","s1639_F_NC_02_ASEReadCounter.table","NW_015090842.1:9602451",46,168,122
"APRT","s1639_F_NC_02_ASEReadCounter.table","NW_015090842.1:9602455",45,170,125
"APRT","s1639_F_NC_02_ASEReadCounter.table","NW_015090842.1:9602462",47,172,125
"APRT","s1639_F_NC_02_ASEReadCounter.table","NW_015090842.1:9602507",46,166,120
"APRT","s1639_F_NC_02_ASEReadCounter.table","NW_015090842.1:9602514",46,171,125
"APRT","s1639_F_NC_02_ASEReadCounter.table","NW_015090842.1:9602530",46,157,111
"APRT","s1639_F_NC_02_ASEReadCounter.table","NW_015090842.1:9602582",40,138,98
"APRT","s1639_F_NC_02_ASEReadCounter.table","NW_015090842.1:9602583",40,137,97
"APRT","s1639_F_NC_02_ASEReadCounter.table","NW_015090842.1:9602650",36,133,97
"APRT","s1639_F_NC_02_ASEReadCounter.table","NW_015090842.1:9602655",33,123,90
"APRT","s1639_F_NC_02_ASEReadCounter.table","NW_015090842.1:9602712",22,116,94
"APRT","s1639_F_NC_02_ASEReadCounter.table","NW_015090842.1:9602764",28,121,93
"APRT","s1639_F_NC_02_ASEReadCounter.table","NW_015090842.1:9602821",28,102,74
"APRT","s1639_F_NC_02_ASEReadCounter.table","NW_015090842.1:9602867",29,84,55
"APRT","s1639_F_NC_02_ASEReadCounter.table","NW_015090842.1:9602883",28,83,55
"APRT","s1639_F_NC_02_ASEReadCounter.table","NW_015090842.1:9602886",29,83,54
"APRT","s1639_F_NC_02_ASEReadCounter.table","NW_015090842.1:9602948",32,103,71
"APRT","s1639_F_NC_02_ASEReadCounter.table","NW_015090842.1:9602958",31,103,72
"APRT","s1639_F_NC_02_ASEReadCounter.table","NW_015090842.1:9603020",23,104,81
"APRT","s1639_F_NC_02_ASEReadCounter.table","NW_015090842.1:9603025",25,105,80
"APRT","s1639_F_NC_02_ASEReadCounter.table","NW_015090842.1:9603154",32,97,65
"APRT","s1639_F_NC_02_ASEReadCounter.table","NW_015090842.1:9603166",30,101,71
"APRT","s1639_F_NC_02_ASEReadCounter.table","NW_015090842.1:9603326",19,82,63
"APRT","s1639_F_NC_02_ASEReadCounter.table","NW_015090842.1:9603419",16,72,56
"APRT","s1639_F_NC_02_ASEReadCounter.table","NW_015090842.1:9603420",17,72,55
"APRT","s1639_F_NC_02_ASEReadCounter.table","NW_015090842.1:9603464",14,47,33
"APRT","s1639_F_NC_02_ASEReadCounter.table","NW_015090842.1:9603528",16,59,43
"APRT","s1639_F_NC_02_ASEReadCounter.table","NW_015090842.1:9603607",14,57,43
"APRT","s1639_F_NC_02_ASEReadCounter.table","NW_015090842.1:9603622",12,48,36
"APRT","s1639_F_NC_02_ASEReadCounter.table","NW_015090842.1:9604361",11,55,44
"APRT","s1639_F_NC_02_ASEReadCounter.table","NW_015090842.1:9605317",10,29,19
"APRT","s1639_F_NC_02_ASEReadCounter.table","NW_015090842.1:9605336",9,32,23
"GALNS","s1639_F_NC_02_ASEReadCounter.table","NW_015090842.1:9612872",8,11,3
"GALNS","s1639_F_NC_02_ASEReadCounter.table","NW_015090842.1:9612873",8,11,3
"GALNS","s1639_F_NC_02_ASEReadCounter.table","NW_015090842.1:9612877",8,11,3
"GALNS","s1639_F_NC_02_ASEReadCounter.table","NW_015090842.1:9612942",10,24,14
"GALNS","s1639_F_NC_02_ASEReadCounter.table","NW_015090842.1:9612987",19,19,0
"GALNS","s1639_F_NC_02_ASEReadCounter.table","NW_015090842.1:9613064",8,25,17
"GALNS","s1639_F_NC_02_ASEReadCounter.table","NW_015090842.1:9613096",20,36,16
"GALNS","s1639_F_NC_02_ASEReadCounter.table","NW_015090842.1:9613123",18,38,20
"GALNS","s1639_F_NC_02_ASEReadCounter.table","NW_015090842.1:9613125",18,35,17
"GALNS","s1639_F_NC_02_ASEReadCounter.table","NW_015090842.1:9613193",15,30,15
"GALNS","s1639_F_NC_02_ASEReadCounter.table","NW_015090842.1:9613226",13,24,11
"GALNS","s1639_F_NC_02_ASEReadCounter.table","NW_015090842.1:9613249",11,26,15
"GALNS","s1639_F_NC_02_ASEReadCounter.table","NW_015090842.1:9613256",14,30,16
"GALNS","s1639_F_NC_02_ASEReadCounter.table","NW_015090842.1:9613317",15,30,15
"GALNS","s1639_F_NC_02_ASEReadCounter.table","NW_015090842.1:9613343",12,22,10
"GALNS","s1639_F_NC_02_ASEReadCounter.table","NW_015090842.1:9613344",12,21,9
"GALNS","s1639_F_NC_02_ASEReadCounter.table","NW_015090842.1:9613371",13,20,7
"GALNS","s1639_F_NC_02_ASEReadCounter.table","NW_015090842.1:9613378",11,18,7
"GALNS","s1639_F_NC_02_ASEReadCounter.table","NW_015090842.1:9613379",11,16,5
"GALNS","s1639_F_NC_02_ASEReadCounter.table","NW_015090842.1:9613516",14,24,10
"GALNS","s1639_F_NC_02_ASEReadCounter.table","NW_015090842.1:9613572",10,18,8
"GALNS","s1639_F_NC_02_ASEReadCounter.table","NW_015090842.1:9613597",8,17,9
"GALNS","s1639_F_NC_02_ASEReadCounter.table","NW_015090842.1:9613627",7,15,8
"GALNS","s1639_F_NC_02_ASEReadCounter.table","NW_015090842.1:9613640",8,14,6
"GALNS","s1639_F_NC_02_ASEReadCounter.table","NW_015090842.1:9614025",12,12,0
"GALNS","s1639_F_NC_02_ASEReadCounter.table","NW_015090842.1:9614169",8,10,2
"GALNS","s1639_F_NC_02_ASEReadCounter.table","NW_015090842.1:9614232",8,8,0
"GALNS","s1639_F_NC_02_ASEReadCounter.table","NW_015090842.1:9614667",3,5,2
"GALNS","s1639_F_NC_02_ASEReadCounter.table","NW_015090842.1:9614709",7,9,2
"GALNS","s1639_F_NC_02_ASEReadCounter.table","NW_015090842.1:9614880",4,7,3
"GALNS","s1639_F_NC_02_ASEReadCounter.table","NW_015090842.1:9614902",4,7,3
"GALNS","s1639_F_NC_02_ASEReadCounter.table","NW_015090842.1:9614960",2,3,1
"GALNS","s1639_F_NC_02_ASEReadCounter.table","NW_015090842.1:9615114",3,5,2
"GALNS","s1639_F_NC_02_ASEReadCounter.table","NW_015090842.1:9615199",2,5,3
"GALNS","s1639_F_NC_02_ASEReadCounter.table","NW_015090842.1:9615217",1,4,3
"GALNS","s1639_F_NC_02_ASEReadCounter.table","NW_015090842.1:9615277",2,5,3
"GALNS","s1639_F_NC_02_ASEReadCounter.table","NW_015090842.1:9615377",5,15,10
"GALNS","s1639_F_NC_02_ASEReadCounter.table","NW_015090842.1:9647858",1,1,0
"GALNS","s1639_F_NC_02_ASEReadCounter.table","NW_015090842.1:9649186",0,3,3
"GALNS","s1639_F_NC_02_ASEReadCounter.table","NW_015090842.1:9649237",1,4,3
"GALNS","s1639_F_NC_02_ASEReadCounter.table","NW_015090842.1:9661193",0,1,1
"TRAPPC2L","s1639_F_NC_02_ASEReadCounter.table","NW_015090842.1:9662951",78,143,65
"TRAPPC2L","s1639_F_NC_02_ASEReadCounter.table","NW_015090842.1:9663014",92,164,72
"TRAPPC2L","s1639_F_NC_02_ASEReadCounter.table","NW_015090842.1:9664305",189,189,0
"TRAPPC2L","s1639_F_NC_02_ASEReadCounter.table","NW_015090842.1:9665155",127,223,96
"TRAPPC2L","s1639_F_NC_02_ASEReadCounter.table","NW_015090842.1:9665211",31,59,28
"CBFA2T3","s1639_F_NC_02_ASEReadCounter.table","NW_015090842.1:9709469",0,30,30
"CBFA2T3","s1639_F_NC_02_ASEReadCounter.table","NW_015090842.1:9709475",0,28,28
"CBFA2T3","s1639_F_NC_02_ASEReadCounter.table","NW_015090842.1:9711845",0,8,8
"CBFA2T3","s1639_F_NC_02_ASEReadCounter.table","NW_015090842.1:9712157",0,4,4
"CBFA2T3","s1639_F_NC_02_ASEReadCounter.table","NW_015090842.1:9712160",0,4,4
"CBFA2T3","s1639_F_NC_02_ASEReadCounter.table","NW_015090842.1:9712166",0,5,5
"CBFA2T3","s1639_F_NC_02_ASEReadCounter.table","NW_015090842.1:9712536",0,1,1
"CBFA2T3","s1639_F_NC_02_ASEReadCounter.table","NW_015090842.1:9712673",1,4,3
"CBFA2T3","s1639_F_NC_02_ASEReadCounter.table","NW_015090842.1:9712787",3,6,3
"CBFA2T3","s1639_F_NC_02_ASEReadCounter.table","NW_015090842.1:9712791",3,4,1
"CBFA2T3","s1639_F_NC_02_ASEReadCounter.table","NW_015090842.1:9712805",3,6,3
"CBFA2T3","s1639_F_NC_02_ASEReadCounter.table","NW_015090842.1:9712811",4,7,3
"CBFA2T3","s1639_F_NC_02_ASEReadCounter.table","NW_015090842.1:9712848",4,7,3
"CBFA2T3","s1639_F_NC_02_ASEReadCounter.table","NW_015090842.1:9713088",4,9,5
"CBFA2T3","s1639_F_NC_02_ASEReadCounter.table","NW_015090842.1:9713121",5,9,4
"CBFA2T3","s1639_F_NC_02_ASEReadCounter.table","NW_015090842.1:9717058",5,11,6
"CBFA2T3","s1639_F_NC_02_ASEReadCounter.table","NW_015090842.1:9717093",6,14,8
"CBFA2T3","s1639_F_NC_02_ASEReadCounter.table","NW_015090842.1:9717114",6,14,8
"CBFA2T3","s1639_F_NC_02_ASEReadCounter.table","NW_015090842.1:9717139",6,15,9
"CBFA2T3","s1639_F_NC_02_ASEReadCounter.table","NW_015090842.1:9719788",3,8,5
"CBFA2T3","s1639_F_NC_02_ASEReadCounter.table","NW_015090842.1:9728475",0,2,2
"CBFA2T3","s1639_F_NC_02_ASEReadCounter.table","NW_015090842.1:9728522",0,1,1
"CBFA2T3","s1639_F_NC_02_ASEReadCounter.table","NW_015090842.1:9728525",0,1,1
"ACSF3","s1639_F_NC_02_ASEReadCounter.table","NW_015090842.1:9776753",2,3,1
"ACSF3","s1639_F_NC_02_ASEReadCounter.table","NW_015090842.1:9776783",2,3,1
"ACSF3","s1639_F_NC_02_ASEReadCounter.table","NW_015090842.1:9776879",2,2,0
"ACSF3","s1639_F_NC_02_ASEReadCounter.table","NW_015090842.1:9776965",3,5,2
"ACSF3","s1639_F_NC_02_ASEReadCounter.table","NW_015090842.1:9777091",5,6,1
"ACSF3","s1639_F_NC_02_ASEReadCounter.table","NW_015090842.1:9777206",4,9,5
"ACSF3","s1639_F_NC_02_ASEReadCounter.table","NW_015090842.1:9777283",8,11,3
"ACSF3","s1639_F_NC_02_ASEReadCounter.table","NW_015090842.1:9778955",4,14,10
"ACSF3","s1639_F_NC_02_ASEReadCounter.table","NW_015090842.1:9778997",7,24,17
"ACSF3","s1639_F_NC_02_ASEReadCounter.table","NW_015090842.1:9789311",9,28,19
"ACSF3","s1639_F_NC_02_ASEReadCounter.table","NW_015090842.1:9789906",0,22,22
"ACSF3","s1639_F_NC_02_ASEReadCounter.table","NW_015090842.1:9834743",27,65,38
"ACSF3","s1639_F_NC_02_ASEReadCounter.table","NW_015090842.1:9834852",44,85,41
"ACSF3","s1639_F_NC_02_ASEReadCounter.table","NW_015090842.1:9834861",41,81,40
"ACSF3","s1639_F_NC_02_ASEReadCounter.table","NW_015090842.1:9839359",33,55,22
"ACSF3","s1639_F_NC_02_ASEReadCounter.table","NW_015090842.1:9839378",28,60,32
"ACSF3","s1639_F_NC_02_ASEReadCounter.table","NW_015090842.1:9839455",25,71,46
"ACSF3","s1639_F_NC_02_ASEReadCounter.table","NW_015090842.1:9839457",25,70,45
"ACSF3","s1639_F_NC_02_ASEReadCounter.table","NW_015090842.1:9839489",19,62,43
"ACSF3","s1639_F_NC_02_ASEReadCounter.table","NW_015090842.1:9839500",16,53,37
"ACSF3","s1639_F_NC_02_ASEReadCounter.table","NW_015090842.1:9839501",16,49,33
"ACSF3","s1639_F_NC_02_ASEReadCounter.table","NW_015090842.1:9839504",16,50,34
"ACSF3","s1639_F_NC_02_ASEReadCounter.table","NW_015090842.1:9839512",12,39,27
"ACSF3","s1639_F_NC_02_ASEReadCounter.table","NW_015090842.1:9839527",10,33,23
"ACSF3","s1639_F_NC_02_ASEReadCounter.table","NW_015090842.1:9839533",3,27,24
"ACSF3","s1639_F_NC_02_ASEReadCounter.table","NW_015090842.1:9839535",3,25,22
"ACSF3","s1639_F_NC_02_ASEReadCounter.table","NW_015090842.1:9839545",0,20,20
"ACSF3","s1639_F_NC_02_ASEReadCounter.table","NW_015090842.1:9839550",0,18,18
"ACSF3","s1639_F_NC_02_ASEReadCounter.table","NW_015090842.1:9839551",0,18,18
"CDH15","s1639_F_NC_02_ASEReadCounter.table","NW_015090842.1:9847163",1,1,0
"CDH15","s1639_F_NC_02_ASEReadCounter.table","NW_015090842.1:9847174",1,1,0
"CDH15","s1639_F_NC_02_ASEReadCounter.table","NW_015090842.1:9848220",1,1,0
"CDH15","s1639_F_NC_02_ASEReadCounter.table","NW_015090842.1:9848307",0,1,1
"CDH15","s1639_F_NC_02_ASEReadCounter.table","NW_015090842.1:9848310",0,1,1
"CDH15","s1639_F_NC_02_ASEReadCounter.table","NW_015090842.1:9848313",0,1,1
"CDH15","s1639_F_NC_02_ASEReadCounter.table","NW_015090842.1:9848531",0,1,1
"CDH15","s1639_F_NC_02_ASEReadCounter.table","NW_015090842.1:9848552",0,1,1
"CDH15","s1639_F_NC_02_ASEReadCounter.table","NW_015090842.1:9849119",0,1,1
"CDH15","s1639_F_NC_02_ASEReadCounter.table","NW_015090842.1:9849140",0,1,1
"CDH15","s1639_F_NC_02_ASEReadCounter.table","NW_015090842.1:9849473",1,2,1
"SLC22A31","s1639_F_NC_02_ASEReadCounter.table","NW_015090842.1:9850818",1,2,1
"SLC22A31","s1639_F_NC_02_ASEReadCounter.table","NW_015090842.1:9850929",2,2,0
"SLC22A31","s1639_F_NC_02_ASEReadCounter.table","NW_015090842.1:9850936",2,3,1
"SLC22A31","s1639_F_NC_02_ASEReadCounter.table","NW_015090842.1:9850940",2,3,1
"SLC22A31","s1639_F_NC_02_ASEReadCounter.table","NW_015090842.1:9850948",2,3,1
"SLC22A31","s1639_F_NC_02_ASEReadCounter.table","NW_015090842.1:9850961",2,3,1
"SLC22A31","s1639_F_NC_02_ASEReadCounter.table","NW_015090842.1:9850970",2,3,1
"SLC22A31","s1639_F_NC_02_ASEReadCounter.table","NW_015090842.1:9850978",2,3,1
"SLC22A31","s1639_F_NC_02_ASEReadCounter.table","NW_015090842.1:9850981",2,3,1
"SLC22A31","s1639_F_NC_02_ASEReadCounter.table","NW_015090842.1:9851117",2,12,10
"SLC22A31","s1639_F_NC_02_ASEReadCounter.table","NW_015090842.1:9851130",2,13,11
"SLC22A31","s1639_F_NC_02_ASEReadCounter.table","NW_015090842.1:9851139",3,15,12
"SLC22A31","s1639_F_NC_02_ASEReadCounter.table","NW_015090842.1:9851265",3,23,20
"SLC22A31","s1639_F_NC_02_ASEReadCounter.table","NW_015090842.1:9851302",4,22,18
"SLC22A31","s1639_F_NC_02_ASEReadCounter.table","NW_015090842.1:9851303",4,22,18
"SLC22A31","s1639_F_NC_02_ASEReadCounter.table","NW_015090842.1:9851305",4,21,17
"SLC22A31","s1639_F_NC_02_ASEReadCounter.table","NW_015090842.1:9851343",4,19,15
"SLC22A31","s1639_F_NC_02_ASEReadCounter.table","NW_015090842.1:9851344",4,19,15
"SLC22A31","s1639_F_NC_02_ASEReadCounter.table","NW_015090842.1:9851361",18,18,0
"SLC22A31","s1639_F_NC_02_ASEReadCounter.table","NW_015090842.1:9851381",6,25,19
"SLC22A31","s1639_F_NC_02_ASEReadCounter.table","NW_015090842.1:9851421",8,31,23
"SLC22A31","s1639_F_NC_02_ASEReadCounter.table","NW_015090842.1:9851501",5,14,9
"SLC22A31","s1639_F_NC_02_ASEReadCounter.table","NW_015090842.1:9851526",8,27,19
"SLC22A31","s1639_F_NC_02_ASEReadCounter.table","NW_015090842.1:9851589",9,30,21
"SLC22A31","s1639_F_NC_02_ASEReadCounter.table","NW_015090842.1:9851712",5,18,13
"SLC22A31","s1639_F_NC_02_ASEReadCounter.table","NW_015090842.1:9851899",4,17,13
"SLC22A31","s1639_F_NC_02_ASEReadCounter.table","NW_015090842.1:9852139",4,13,9
"SLC22A31","s1639_F_NC_02_ASEReadCounter.table","NW_015090842.1:9852380",5,11,6
"SLC22A31","s1639_F_NC_02_ASEReadCounter.table","NW_015090842.1:9852431",3,12,9
"SLC22A31","s1639_F_NC_02_ASEReadCounter.table","NW_015090842.1:9852630",4,13,9
"SLC22A31","s1639_F_NC_02_ASEReadCounter.table","NW_015090842.1:9852711",2,9,7
"SLC22A31","s1639_F_NC_02_ASEReadCounter.table","NW_015090842.1:9853099",2,5,3
"SLC22A31","s1639_F_NC_02_ASEReadCounter.table","NW_015090842.1:9853102",2,5,3
"SLC22A31","s1639_F_NC_02_ASEReadCounter.table","NW_015090842.1:9853421",1,1,0
"SLC22A31","s1639_F_NC_02_ASEReadCounter.table","NW_015090842.1:9853457",3,3,0
"SLC22A31","s1639_F_NC_02_ASEReadCounter.table","NW_015090842.1:9853502",3,3,0
"ANKRD11","s1639_F_NC_02_ASEReadCounter.table","NW_015090842.1:9858863",6,22,16
"ANKRD11","s1639_F_NC_02_ASEReadCounter.table","NW_015090842.1:9859101",186,377,191
"ANKRD11","s1639_F_NC_02_ASEReadCounter.table","NW_015090842.1:9859352",257,472,215
"ANKRD11","s1639_F_NC_02_ASEReadCounter.table","NW_015090842.1:9859381",121,285,164
"ANKRD11","s1639_F_NC_02_ASEReadCounter.table","NW_015090842.1:9859679",222,412,190
"ANKRD11","s1639_F_NC_02_ASEReadCounter.table","NW_015090842.1:9861097",101,195,94
"ANKRD11","s1639_F_NC_02_ASEReadCounter.table","NW_015090842.1:9862571",60,110,50
"ANKRD11","s1639_F_NC_02_ASEReadCounter.table","NW_015090842.1:9862652",55,81,26
"ANKRD11","s1639_F_NC_02_ASEReadCounter.table","NW_015090842.1:9866071",0,46,46
"ANKRD11","s1639_F_NC_02_ASEReadCounter.table","NW_015090842.1:9866200",0,39,39
"ANKRD11","s1639_F_NC_02_ASEReadCounter.table","NW_015090842.1:9867391",7,19,12
"ANKRD11","s1639_F_NC_02_ASEReadCounter.table","NW_015090842.1:9867472",8,16,8
"ANKRD11","s1639_F_NC_02_ASEReadCounter.table","NW_015090842.1:9867559",10,23,13
"ANKRD11","s1639_F_NC_02_ASEReadCounter.table","NW_015090842.1:9867667",16,27,11
"ANKRD11","s1639_F_NC_02_ASEReadCounter.table","NW_015090842.1:9867934",24,41,17
"ANKRD11","s1639_F_NC_02_ASEReadCounter.table","NW_015090842.1:9868064",18,36,18
"ANKRD11","s1639_F_NC_02_ASEReadCounter.table","NW_015090842.1:9868093",21,41,20
"ANKRD11","s1639_F_NC_02_ASEReadCounter.table","NW_015090842.1:9868222",25,50,25
"ANKRD11","s1639_F_NC_02_ASEReadCounter.table","NW_015090842.1:9868327",32,57,25
"ANKRD11","s1639_F_NC_02_ASEReadCounter.table","NW_015090842.1:9868414",37,66,29
"ANKRD11","s1639_F_NC_02_ASEReadCounter.table","NW_015090842.1:9868441",30,58,28
"ANKRD11","s1639_F_NC_02_ASEReadCounter.table","NW_015090842.1:9868444",30,64,34
"ANKRD11","s1639_F_NC_02_ASEReadCounter.table","NW_015090842.1:9868519",49,97,48
"ANKRD11","s1639_F_NC_02_ASEReadCounter.table","NW_015090842.1:9868609",53,99,46
"ANKRD11","s1639_F_NC_02_ASEReadCounter.table","NW_015090842.1:9868666",63,128,65
"ANKRD11","s1639_F_NC_02_ASEReadCounter.table","NW_015090842.1:9868738",181,181,0
"ANKRD11","s1639_F_NC_02_ASEReadCounter.table","NW_015090842.1:9869431",217,382,165
"ANKRD11","s1639_F_NC_02_ASEReadCounter.table","NW_015090842.1:9869578",295,503,208
"ANKRD11","s1639_F_NC_02_ASEReadCounter.table","NW_015090842.1:9869734",293,528,235
"ANKRD11","s1639_F_NC_02_ASEReadCounter.table","NW_015090842.1:9870070",310,665,355
"ANKRD11","s1639_F_NC_02_ASEReadCounter.table","NW_015090842.1:9870349",404,803,399
"ANKRD11","s1639_F_NC_02_ASEReadCounter.table","NW_015090842.1:9870604",481,913,432
"ANKRD11","s1639_F_NC_02_ASEReadCounter.table","NW_015090842.1:9870613",509,969,460
"ANKRD11","s1639_F_NC_02_ASEReadCounter.table","NW_015090842.1:9870685",532,1111,579
"ANKRD11","s1639_F_NC_02_ASEReadCounter.table","NW_015090842.1:9870760",475,1048,573
"ANKRD11","s1639_F_NC_02_ASEReadCounter.table","NW_015090842.1:9870847",469,1016,547
"ANKRD11","s1639_F_NC_02_ASEReadCounter.table","NW_015090842.1:9871103",284,609,325
"ANKRD11","s1639_F_NC_02_ASEReadCounter.table","NW_015090842.1:9871165",294,649,355
"ANKRD11","s1639_F_NC_02_ASEReadCounter.table","NW_015090842.1:9871508",293,293,0
"ANKRD11","s1639_F_NC_02_ASEReadCounter.table","NW_015090842.1:9871820",37,89,52
"ANKRD11","s1639_F_NC_02_ASEReadCounter.table","NW_015090842.1:9872118",33,76,43
"ANKRD11","s1639_F_NC_02_ASEReadCounter.table","NW_015090842.1:9877406",7,17,10
"SPG7","s1639_F_NC_02_ASEReadCounter.table","NW_015090842.1:10051190",26,42,16
"SPG7","s1639_F_NC_02_ASEReadCounter.table","NW_015090842.1:10051218",34,61,27
"SPG7","s1639_F_NC_02_ASEReadCounter.table","NW_015090842.1:10052348",38,61,23
"SPG7","s1639_F_NC_02_ASEReadCounter.table","NW_015090842.1:10052366",36,57,21
"SPG7","s1639_F_NC_02_ASEReadCounter.table","NW_015090842.1:10065173",54,109,55
"SPG7","s1639_F_NC_02_ASEReadCounter.table","NW_015090842.1:10065215",55,102,47
"SPG7","s1639_F_NC_02_ASEReadCounter.table","NW_015090842.1:10066365",61,105,44
"SPG7","s1639_F_NC_02_ASEReadCounter.table","NW_015090842.1:10069752",71,138,67
"SPG7","s1639_F_NC_02_ASEReadCounter.table","NW_015090842.1:10069800",92,183,91
"SPG7","s1639_F_NC_02_ASEReadCounter.table","NW_015090842.1:10071192",113,214,101
"SPG7","s1639_F_NC_02_ASEReadCounter.table","NW_015090842.1:10071219",94,178,84
"SPG7","s1639_F_NC_02_ASEReadCounter.table","NW_015090842.1:10071967",102,208,106
"SPG7","s1639_F_NC_02_ASEReadCounter.table","NW_015090842.1:10075109",266,453,187
"SPG7","s1639_F_NC_02_ASEReadCounter.table","NW_015090842.1:10075114",270,455,185
"SPG7","s1639_F_NC_02_ASEReadCounter.table","NW_015090842.1:10075198",198,349,151
"SPG7","s1639_F_NC_02_ASEReadCounter.table","NW_015090842.1:10075487",185,363,178
"SPG7","s1639_F_NC_02_ASEReadCounter.table","NW_015090842.1:10075488",186,365,179
"SPG7","s1639_F_NC_02_ASEReadCounter.table","NW_015090842.1:10075548",156,290,134
"RPL13","s1639_F_NC_02_ASEReadCounter.table","NW_015090842.1:10077387",298,574,276
"RPL13","s1639_F_NC_02_ASEReadCounter.table","NW_015090842.1:10077978",484,996,512
"RPL13","s1639_F_NC_02_ASEReadCounter.table","NW_015090842.1:10077992",480,948,468
"CPNE7","s1639_F_NC_02_ASEReadCounter.table","NW_015090842.1:10084001",6,13,7
"CPNE7","s1639_F_NC_02_ASEReadCounter.table","NW_015090842.1:10084856",5,13,8
"CPNE7","s1639_F_NC_02_ASEReadCounter.table","NW_015090842.1:10084872",5,13,8
"CPNE7","s1639_F_NC_02_ASEReadCounter.table","NW_015090842.1:10084892",7,15,8
"CPNE7","s1639_F_NC_02_ASEReadCounter.table","NW_015090842.1:10084921",12,17,5
"CPNE7","s1639_F_NC_02_ASEReadCounter.table","NW_015090842.1:10084935",12,17,5
"CPNE7","s1639_F_NC_02_ASEReadCounter.table","NW_015090842.1:10085000",10,14,4
"CPNE7","s1639_F_NC_02_ASEReadCounter.table","NW_015090842.1:10085089",12,18,6
"CPNE7","s1639_F_NC_02_ASEReadCounter.table","NW_015090842.1:10085096",12,19,7
"CPNE7","s1639_F_NC_02_ASEReadCounter.table","NW_015090842.1:10085126",13,21,8
"CPNE7","s1639_F_NC_02_ASEReadCounter.table","NW_015090842.1:10085167",16,16,0
"CPNE7","s1639_F_NC_02_ASEReadCounter.table","NW_015090842.1:10085180",12,21,9
"CPNE7","s1639_F_NC_02_ASEReadCounter.table","NW_015090842.1:10085201",13,22,9
"CPNE7","s1639_F_NC_02_ASEReadCounter.table","NW_015090842.1:10088134",26,46,20
"CPNE7","s1639_F_NC_02_ASEReadCounter.table","NW_015090842.1:10088146",26,46,20
"CPNE7","s1639_F_NC_02_ASEReadCounter.table","NW_015090842.1:10088806",28,50,22
"CPNE7","s1639_F_NC_02_ASEReadCounter.table","NW_015090842.1:10088940",41,70,29
"CPNE7","s1639_F_NC_02_ASEReadCounter.table","NW_015090842.1:10088965",34,62,28
"CPNE7","s1639_F_NC_02_ASEReadCounter.table","NW_015090842.1:10088967",33,61,28
"CPNE7","s1639_F_NC_02_ASEReadCounter.table","NW_015090842.1:10088973",34,59,25
"CPNE7","s1639_F_NC_02_ASEReadCounter.table","NW_015090842.1:10090924",54,107,53
"CPNE7","s1639_F_NC_02_ASEReadCounter.table","NW_015090842.1:10090930",53,104,51
"CPNE7","s1639_F_NC_02_ASEReadCounter.table","NW_015090842.1:10091075",56,106,50
"CPNE7","s1639_F_NC_02_ASEReadCounter.table","NW_015090842.1:10091389",70,114,44
"CPNE7","s1639_F_NC_02_ASEReadCounter.table","NW_015090842.1:10091407",75,127,52
"CPNE7","s1639_F_NC_02_ASEReadCounter.table","NW_015090842.1:10091488",116,116,0
"CPNE7","s1639_F_NC_02_ASEReadCounter.table","NW_015090842.1:10091491",118,118,0
"CPNE7","s1639_F_NC_02_ASEReadCounter.table","NW_015090842.1:10091530",63,115,52
"CPNE7","s1639_F_NC_02_ASEReadCounter.table","NW_015090842.1:10091875",106,183,77
"CPNE7","s1639_F_NC_02_ASEReadCounter.table","NW_015090842.1:10091983",116,204,88
"CPNE7","s1639_F_NC_02_ASEReadCounter.table","NW_015090842.1:10091997",118,216,98
"CPNE7","s1639_F_NC_02_ASEReadCounter.table","NW_015090842.1:10092038",68,122,54
"CPNE7","s1639_F_NC_02_ASEReadCounter.table","NW_015090842.1:10092140",74,147,73
"CPNE7","s1639_F_NC_02_ASEReadCounter.table","NW_015090842.1:10092183",44,96,52
"CPNE7","s1639_F_NC_02_ASEReadCounter.table","NW_015090842.1:10092201",42,89,47
"CPNE7","s1639_F_NC_02_ASEReadCounter.table","NW_015090842.1:10092230",25,56,31
"CPNE7","s1639_F_NC_02_ASEReadCounter.table","NW_015090842.1:10092246",20,44,24
"LOC106888185","s1639_F_NC_02_ASEReadCounter.table","NW_015090842.1:10094965",1,3,2
"LOC106888185","s1639_F_NC_02_ASEReadCounter.table","NW_015090842.1:10094966",1,3,2
"LOC106888185","s1639_F_NC_02_ASEReadCounter.table","NW_015090842.1:10094985",1,4,3
"LOC106888185","s1639_F_NC_02_ASEReadCounter.table","NW_015090842.1:10095055",0,3,3
"LOC106888185","s1639_F_NC_02_ASEReadCounter.table","NW_015090842.1:10095062",0,2,2
"LOC106888185","s1639_F_NC_02_ASEReadCounter.table","NW_015090842.1:10095130",0,2,2
"LOC106888185","s1639_F_NC_02_ASEReadCounter.table","NW_015090842.1:10095265",4,13,9
"LOC106888185","s1639_F_NC_02_ASEReadCounter.table","NW_015090842.1:10095586",1,5,4
"LOC106888185","s1639_F_NC_02_ASEReadCounter.table","NW_015090842.1:10095593",0,3,3
"LOC106888185","s1639_F_NC_02_ASEReadCounter.table","NW_015090842.1:10095616",0,3,3
"LOC106888185","s1639_F_NC_02_ASEReadCounter.table","NW_015090842.1:10095662",1,4,3
"LOC106888185","s1639_F_NC_02_ASEReadCounter.table","NW_015090842.1:10095674",1,4,3
"LOC106888185","s1639_F_NC_02_ASEReadCounter.table","NW_015090842.1:10095786",2,4,2
"LOC106888185","s1639_F_NC_02_ASEReadCounter.table","NW_015090842.1:10095831",1,4,3
"LOC106888185","s1639_F_NC_02_ASEReadCounter.table","NW_015090842.1:10096230",2,3,1
"LOC106888185","s1639_F_NC_02_ASEReadCounter.table","NW_015090842.1:10096249",2,3,1
"LOC106888185","s1639_F_NC_02_ASEReadCounter.table","NW_015090842.1:10096272",2,5,3
"LOC106888185","s1639_F_NC_02_ASEReadCounter.table","NW_015090842.1:10096288",1,3,2
"LOC106888185","s1639_F_NC_02_ASEReadCounter.table","NW_015090842.1:10097248",2,3,1
"LOC106888185","s1639_F_NC_02_ASEReadCounter.table","NW_015090842.1:10097265",2,4,2
"DPEP1","s1639_F_NC_02_ASEReadCounter.table","NW_015090842.1:10098017",1,2,1
"DPEP1","s1639_F_NC_02_ASEReadCounter.table","NW_015090842.1:10098518",0,1,1
"DPEP1","s1639_F_NC_02_ASEReadCounter.table","NW_015090842.1:10099985",1,1,0
"DPEP1","s1639_F_NC_02_ASEReadCounter.table","NW_015090842.1:10099986",1,1,0
"DPEP1","s1639_F_NC_02_ASEReadCounter.table","NW_015090842.1:10099991",1,1,0
"DPEP1","s1639_F_NC_02_ASEReadCounter.table","NW_015090842.1:10100044",1,1,0
"DPEP1","s1639_F_NC_02_ASEReadCounter.table","NW_015090842.1:10100045",1,1,0
"DPEP1","s1639_F_NC_02_ASEReadCounter.table","NW_015090842.1:10100084",1,1,0
"DPEP1","s1639_F_NC_02_ASEReadCounter.table","NW_015090842.1:10100902",0,1,1
"CHMP1A","s1639_F_NC_02_ASEReadCounter.table","NW_015090842.1:10102901",83,211,128
"CHMP1A","s1639_F_NC_02_ASEReadCounter.table","NW_015090842.1:10102961",50,193,143
"CHMP1A","s1639_F_NC_02_ASEReadCounter.table","NW_015090842.1:10102996",58,195,137
"CHMP1A","s1639_F_NC_02_ASEReadCounter.table","NW_015090842.1:10103004",68,196,128
"CHMP1A","s1639_F_NC_02_ASEReadCounter.table","NW_015090842.1:10103006",68,194,126
"CHMP1A","s1639_F_NC_02_ASEReadCounter.table","NW_015090842.1:10103052",104,247,143
"CHMP1A","s1639_F_NC_02_ASEReadCounter.table","NW_015090842.1:10103095",96,250,154
"CHMP1A","s1639_F_NC_02_ASEReadCounter.table","NW_015090842.1:10103096",97,252,155
"CHMP1A","s1639_F_NC_02_ASEReadCounter.table","NW_015090842.1:10103152",65,169,104
"CHMP1A","s1639_F_NC_02_ASEReadCounter.table","NW_015090842.1:10103173",54,152,98
"CHMP1A","s1639_F_NC_02_ASEReadCounter.table","NW_015090842.1:10103334",33,95,62
"CHMP1A","s1639_F_NC_02_ASEReadCounter.table","NW_015090842.1:10103373",29,100,71
"CHMP1A","s1639_F_NC_02_ASEReadCounter.table","NW_015090842.1:10103408",44,122,78
"CHMP1A","s1639_F_NC_02_ASEReadCounter.table","NW_015090842.1:10103412",49,121,72
"CHMP1A","s1639_F_NC_02_ASEReadCounter.table","NW_015090842.1:10103512",65,125,60
"CHMP1A","s1639_F_NC_02_ASEReadCounter.table","NW_015090842.1:10103513",64,125,61
"CHMP1A","s1639_F_NC_02_ASEReadCounter.table","NW_015090842.1:10103583",37,79,42
"CHMP1A","s1639_F_NC_02_ASEReadCounter.table","NW_015090842.1:10103614",35,74,39
"CHMP1A","s1639_F_NC_02_ASEReadCounter.table","NW_015090842.1:10103657",32,74,42
"CHMP1A","s1639_F_NC_02_ASEReadCounter.table","NW_015090842.1:10103669",30,67,37
"CHMP1A","s1639_F_NC_02_ASEReadCounter.table","NW_015090842.1:10103674",28,63,35
"CHMP1A","s1639_F_NC_02_ASEReadCounter.table","NW_015090842.1:10103677",25,60,35
"CHMP1A","s1639_F_NC_02_ASEReadCounter.table","NW_015090842.1:10103729",38,70,32
"CHMP1A","s1639_F_NC_02_ASEReadCounter.table","NW_015090842.1:10103758",32,65,33
"CHMP1A","s1639_F_NC_02_ASEReadCounter.table","NW_015090842.1:10103761",34,68,34
"CHMP1A","s1639_F_NC_02_ASEReadCounter.table","NW_015090842.1:10103788",32,71,39
"CHMP1A","s1639_F_NC_02_ASEReadCounter.table","NW_015090842.1:10103789",32,71,39
"CHMP1A","s1639_F_NC_02_ASEReadCounter.table","NW_015090842.1:10103790",32,69,37
"CHMP1A","s1639_F_NC_02_ASEReadCounter.table","NW_015090842.1:10103950",21,52,31
"CHMP1A","s1639_F_NC_02_ASEReadCounter.table","NW_015090842.1:10104335",17,36,19
"CHMP1A","s1639_F_NC_02_ASEReadCounter.table","NW_015090842.1:10104429",20,37,17
"CHMP1A","s1639_F_NC_02_ASEReadCounter.table","NW_015090842.1:10104532",21,41,20
"CHMP1A","s1639_F_NC_02_ASEReadCounter.table","NW_015090842.1:10104633",22,34,12
"CHMP1A","s1639_F_NC_02_ASEReadCounter.table","NW_015090842.1:10104759",21,37,16
"CHMP1A","s1639_F_NC_02_ASEReadCounter.table","NW_015090842.1:10104794",17,39,22
"CHMP1A","s1639_F_NC_02_ASEReadCounter.table","NW_015090842.1:10104841",29,29,0
"CHMP1A","s1639_F_NC_02_ASEReadCounter.table","NW_015090842.1:10104844",11,30,19
"CHMP1A","s1639_F_NC_02_ASEReadCounter.table","NW_015090842.1:10106242",17,33,16
"CHMP1A","s1639_F_NC_02_ASEReadCounter.table","NW_015090842.1:10106290",18,33,15
"CHMP1A","s1639_F_NC_02_ASEReadCounter.table","NW_015090842.1:10106335",17,37,20
"CHMP1A","s1639_F_NC_02_ASEReadCounter.table","NW_015090842.1:10106383",14,36,22
"CHMP1A","s1639_F_NC_02_ASEReadCounter.table","NW_015090842.1:10106747",14,43,29
"CHMP1A","s1639_F_NC_02_ASEReadCounter.table","NW_015090842.1:10107404",15,37,22
"CHMP1A","s1639_F_NC_02_ASEReadCounter.table","NW_015090842.1:10107876",9,26,17
"CDK10","s1639_F_NC_02_ASEReadCounter.table","NW_015090842.1:10109030",6,7,1
"CDK10","s1639_F_NC_02_ASEReadCounter.table","NW_015090842.1:10109963",12,35,23
"CDK10","s1639_F_NC_02_ASEReadCounter.table","NW_015090842.1:10110887",14,43,29
"CDK10","s1639_F_NC_02_ASEReadCounter.table","NW_015090842.1:10111254",13,35,22
"CDK10","s1639_F_NC_02_ASEReadCounter.table","NW_015090842.1:10111380",15,46,31
"CDK10","s1639_F_NC_02_ASEReadCounter.table","NW_015090842.1:10111395",17,52,35
"CDK10","s1639_F_NC_02_ASEReadCounter.table","NW_015090842.1:10111437",11,47,36
"CDK10","s1639_F_NC_02_ASEReadCounter.table","NW_015090842.1:10111798",18,61,43
"CDK10","s1639_F_NC_02_ASEReadCounter.table","NW_015090842.1:10111840",19,60,41
"CDK10","s1639_F_NC_02_ASEReadCounter.table","NW_015090842.1:10112031",32,103,71
"CDK10","s1639_F_NC_02_ASEReadCounter.table","NW_015090842.1:10112285",45,118,73
"CDK10","s1639_F_NC_02_ASEReadCounter.table","NW_015090842.1:10112398",44,120,76
"CDK10","s1639_F_NC_02_ASEReadCounter.table","NW_015090842.1:10112455",36,121,85
"CDK10","s1639_F_NC_02_ASEReadCounter.table","NW_015090842.1:10112461",39,119,80
"CDK10","s1639_F_NC_02_ASEReadCounter.table","NW_015090842.1:10112497",36,125,89
"CDK10","s1639_F_NC_02_ASEReadCounter.table","NW_015090842.1:10112508",30,127,97
"CDK10","s1639_F_NC_02_ASEReadCounter.table","NW_015090842.1:10112518",23,116,93
"CDK10","s1639_F_NC_02_ASEReadCounter.table","NW_015090842.1:10112540",20,110,90
"CDK10","s1639_F_NC_02_ASEReadCounter.table","NW_015090842.1:10112556",37,119,82
"CDK10","s1639_F_NC_02_ASEReadCounter.table","NW_015090842.1:10112561",41,138,97
"CDK10","s1639_F_NC_02_ASEReadCounter.table","NW_015090842.1:10112596",46,133,87
"CDK10","s1639_F_NC_02_ASEReadCounter.table","NW_015090842.1:10112630",44,123,79
"CDK10","s1639_F_NC_02_ASEReadCounter.table","NW_015090842.1:10112656",49,131,82
"CDK10","s1639_F_NC_02_ASEReadCounter.table","NW_015090842.1:10112665",39,99,60
"CDK10","s1639_F_NC_02_ASEReadCounter.table","NW_015090842.1:10112668",37,96,59
"CDK10","s1639_F_NC_02_ASEReadCounter.table","NW_015090842.1:10112781",22,58,36
"CDK10","s1639_F_NC_02_ASEReadCounter.table","NW_015090842.1:10112782",22,58,36
"CDK10","s1639_F_NC_02_ASEReadCounter.table","NW_015090842.1:10112795",18,51,33
"CDK10","s1639_F_NC_02_ASEReadCounter.table","NW_015090842.1:10112841",9,19,10
"CDK10","s1639_F_NC_02_ASEReadCounter.table","NW_015090842.1:10112861",6,13,7
"SPATA2L","s1639_F_NC_02_ASEReadCounter.table","NW_015090842.1:10113212",44,106,62
"SPATA2L","s1639_F_NC_02_ASEReadCounter.table","NW_015090842.1:10113280",68,181,113
"SPATA2L","s1639_F_NC_02_ASEReadCounter.table","NW_015090842.1:10113296",73,187,114
"SPATA2L","s1639_F_NC_02_ASEReadCounter.table","NW_015090842.1:10113321",87,206,119
"SPATA2L","s1639_F_NC_02_ASEReadCounter.table","NW_015090842.1:10113332",93,222,129
"SPATA2L","s1639_F_NC_02_ASEReadCounter.table","NW_015090842.1:10113380",83,200,117
"SPATA2L","s1639_F_NC_02_ASEReadCounter.table","NW_015090842.1:10113381",83,204,121
"SPATA2L","s1639_F_NC_02_ASEReadCounter.table","NW_015090842.1:10113412",81,218,137
"SPATA2L","s1639_F_NC_02_ASEReadCounter.table","NW_015090842.1:10113421",85,216,131
"SPATA2L","s1639_F_NC_02_ASEReadCounter.table","NW_015090842.1:10113465",85,207,122
"SPATA2L","s1639_F_NC_02_ASEReadCounter.table","NW_015090842.1:10113535",96,206,110
"SPATA2L","s1639_F_NC_02_ASEReadCounter.table","NW_015090842.1:10113645",86,203,117
"SPATA2L","s1639_F_NC_02_ASEReadCounter.table","NW_015090842.1:10113682",105,236,131
"SPATA2L","s1639_F_NC_02_ASEReadCounter.table","NW_015090842.1:10113696",95,221,126
"SPATA2L","s1639_F_NC_02_ASEReadCounter.table","NW_015090842.1:10113727",83,204,121
"SPATA2L","s1639_F_NC_02_ASEReadCounter.table","NW_015090842.1:10113799",89,187,98
"SPATA2L","s1639_F_NC_02_ASEReadCounter.table","NW_015090842.1:10113809",96,208,112
"SPATA2L","s1639_F_NC_02_ASEReadCounter.table","NW_015090842.1:10113827",100,205,105
"SPATA2L","s1639_F_NC_02_ASEReadCounter.table","NW_015090842.1:10113831",101,215,114
"SPATA2L","s1639_F_NC_02_ASEReadCounter.table","NW_015090842.1:10113894",77,172,95
"SPATA2L","s1639_F_NC_02_ASEReadCounter.table","NW_015090842.1:10113905",65,153,88
"SPATA2L","s1639_F_NC_02_ASEReadCounter.table","NW_015090842.1:10113914",66,144,78
"SPATA2L","s1639_F_NC_02_ASEReadCounter.table","NW_015090842.1:10113920",70,153,83
"SPATA2L","s1639_F_NC_02_ASEReadCounter.table","NW_015090842.1:10113937",74,165,91
"SPATA2L","s1639_F_NC_02_ASEReadCounter.table","NW_015090842.1:10113971",51,138,87
"SPATA2L","s1639_F_NC_02_ASEReadCounter.table","NW_015090842.1:10113976",50,144,94
"SPATA2L","s1639_F_NC_02_ASEReadCounter.table","NW_015090842.1:10113985",55,140,85
"SPATA2L","s1639_F_NC_02_ASEReadCounter.table","NW_015090842.1:10113994",69,169,100
"SPATA2L","s1639_F_NC_02_ASEReadCounter.table","NW_015090842.1:10114063",62,155,93
"SPATA2L","s1639_F_NC_02_ASEReadCounter.table","NW_015090842.1:10114066",61,154,93
"SPATA2L","s1639_F_NC_02_ASEReadCounter.table","NW_015090842.1:10114069",63,156,93
"SPATA2L","s1639_F_NC_02_ASEReadCounter.table","NW_015090842.1:10114121",55,122,67
"SPATA2L","s1639_F_NC_02_ASEReadCounter.table","NW_015090842.1:10114159",47,109,62
"SPATA2L","s1639_F_NC_02_ASEReadCounter.table","NW_015090842.1:10114282",103,103,0
"SPATA2L","s1639_F_NC_02_ASEReadCounter.table","NW_015090842.1:10114470",32,91,59
"SPATA2L","s1639_F_NC_02_ASEReadCounter.table","NW_015090842.1:10114524",23,57,34
"VPS9D1","s1639_F_NC_02_ASEReadCounter.table","NW_015090842.1:10116377",29,60,31
"VPS9D1","s1639_F_NC_02_ASEReadCounter.table","NW_015090842.1:10116415",24,64,40
"VPS9D1","s1639_F_NC_02_ASEReadCounter.table","NW_015090842.1:10116607",24,65,41
"VPS9D1","s1639_F_NC_02_ASEReadCounter.table","NW_015090842.1:10116816",49,49,0
"VPS9D1","s1639_F_NC_02_ASEReadCounter.table","NW_015090842.1:10116821",21,51,30
"VPS9D1","s1639_F_NC_02_ASEReadCounter.table","NW_015090842.1:10116825",24,52,28
"VPS9D1","s1639_F_NC_02_ASEReadCounter.table","NW_015090842.1:10116882",22,44,22
"VPS9D1","s1639_F_NC_02_ASEReadCounter.table","NW_015090842.1:10116885",24,44,20
"VPS9D1","s1639_F_NC_02_ASEReadCounter.table","NW_015090842.1:10116933",24,47,23
"VPS9D1","s1639_F_NC_02_ASEReadCounter.table","NW_015090842.1:10116942",22,44,22
"VPS9D1","s1639_F_NC_02_ASEReadCounter.table","NW_015090842.1:10117152",12,32,20
"VPS9D1","s1639_F_NC_02_ASEReadCounter.table","NW_015090842.1:10117396",22,22,0
"VPS9D1","s1639_F_NC_02_ASEReadCounter.table","NW_015090842.1:10117405",12,12,0
"VPS9D1","s1639_F_NC_02_ASEReadCounter.table","NW_015090842.1:10117480",5,21,16
"VPS9D1","s1639_F_NC_02_ASEReadCounter.table","NW_015090842.1:10117497",5,18,13
"VPS9D1","s1639_F_NC_02_ASEReadCounter.table","NW_015090842.1:10117499",5,18,13
"VPS9D1","s1639_F_NC_02_ASEReadCounter.table","NW_015090842.1:10117516",9,26,17
"VPS9D1","s1639_F_NC_02_ASEReadCounter.table","NW_015090842.1:10117525",11,28,17
"VPS9D1","s1639_F_NC_02_ASEReadCounter.table","NW_015090842.1:10117579",10,34,24
"VPS9D1","s1639_F_NC_02_ASEReadCounter.table","NW_015090842.1:10117627",7,26,19
"VPS9D1","s1639_F_NC_02_ASEReadCounter.table","NW_015090842.1:10117678",5,26,21
"VPS9D1","s1639_F_NC_02_ASEReadCounter.table","NW_015090842.1:10117773",12,35,23
"VPS9D1","s1639_F_NC_02_ASEReadCounter.table","NW_015090842.1:10117937",14,38,24
"VPS9D1","s1639_F_NC_02_ASEReadCounter.table","NW_015090842.1:10117961",13,37,24
"VPS9D1","s1639_F_NC_02_ASEReadCounter.table","NW_015090842.1:10118236",11,43,32
"VPS9D1","s1639_F_NC_02_ASEReadCounter.table","NW_015090842.1:10118414",10,33,23
"VPS9D1","s1639_F_NC_02_ASEReadCounter.table","NW_015090842.1:10118973",10,36,26
"VPS9D1","s1639_F_NC_02_ASEReadCounter.table","NW_015090842.1:10119500",12,26,14
"ZNF276","s1639_F_NC_02_ASEReadCounter.table","NW_015090842.1:10121760",0,6,6
"ZNF276","s1639_F_NC_02_ASEReadCounter.table","NW_015090842.1:10121769",1,7,6
"ZNF276","s1639_F_NC_02_ASEReadCounter.table","NW_015090842.1:10121802",2,7,5
"ZNF276","s1639_F_NC_02_ASEReadCounter.table","NW_015090842.1:10121971",4,6,2
"ZNF276","s1639_F_NC_02_ASEReadCounter.table","NW_015090842.1:10122883",1,3,2
"ZNF276","s1639_F_NC_02_ASEReadCounter.table","NW_015090842.1:10123069",6,10,4
"ZNF276","s1639_F_NC_02_ASEReadCounter.table","NW_015090842.1:10123207",4,14,10
"ZNF276","s1639_F_NC_02_ASEReadCounter.table","NW_015090842.1:10125787",6,16,10
"ZNF276","s1639_F_NC_02_ASEReadCounter.table","NW_015090842.1:10126309",11,29,18
"ZNF276","s1639_F_NC_02_ASEReadCounter.table","NW_015090842.1:10126348",16,30,14
"ZNF276","s1639_F_NC_02_ASEReadCounter.table","NW_015090842.1:10126978",18,25,7
"ZNF276","s1639_F_NC_02_ASEReadCounter.table","NW_015090842.1:10126991",18,25,7
"ZNF276","s1639_F_NC_02_ASEReadCounter.table","NW_015090842.1:10127023",21,33,12
"ZNF276","s1639_F_NC_02_ASEReadCounter.table","NW_015090842.1:10127063",22,41,19
"ZNF276","s1639_F_NC_02_ASEReadCounter.table","NW_015090842.1:10127373",18,33,15
"ZNF276","s1639_F_NC_02_ASEReadCounter.table","NW_015090842.1:10127931",33,58,25
"ZNF276","s1639_F_NC_02_ASEReadCounter.table","NW_015090842.1:10128070",30,58,28
"ZNF276","s1639_F_NC_02_ASEReadCounter.table","NW_015090842.1:10128102",31,57,26
"ZNF276","s1639_F_NC_02_ASEReadCounter.table","NW_015090842.1:10128356",28,50,22
"ZNF276","s1639_F_NC_02_ASEReadCounter.table","NW_015090842.1:10128497",22,46,24
"FANCA","s1639_F_NC_02_ASEReadCounter.table","NW_015090842.1:10128743",1,2,1
"FANCA","s1639_F_NC_02_ASEReadCounter.table","NW_015090842.1:10128822",1,3,2
"FANCA","s1639_F_NC_02_ASEReadCounter.table","NW_015090842.1:10129383",1,1,0
"FANCA","s1639_F_NC_02_ASEReadCounter.table","NW_015090842.1:10129390",1,1,0
"FANCA","s1639_F_NC_02_ASEReadCounter.table","NW_015090842.1:10129969",0,2,2
"FANCA","s1639_F_NC_02_ASEReadCounter.table","NW_015090842.1:10130399",1,3,2
"FANCA","s1639_F_NC_02_ASEReadCounter.table","NW_015090842.1:10133530",1,1,0
"FANCA","s1639_F_NC_02_ASEReadCounter.table","NW_015090842.1:10133533",1,1,0
"FANCA","s1639_F_NC_02_ASEReadCounter.table","NW_015090842.1:10133536",1,1,0
"FANCA","s1639_F_NC_02_ASEReadCounter.table","NW_015090842.1:10133601",1,2,1
"FANCA","s1639_F_NC_02_ASEReadCounter.table","NW_015090842.1:10150518",1,1,0
"FANCA","s1639_F_NC_02_ASEReadCounter.table","NW_015090842.1:10165331",0,1,1
"SPIRE2","s1639_F_NC_02_ASEReadCounter.table","NW_015090842.1:10172284",11,20,9
"SPIRE2","s1639_F_NC_02_ASEReadCounter.table","NW_015090842.1:10175262",19,30,11
"SPIRE2","s1639_F_NC_02_ASEReadCounter.table","NW_015090842.1:10175352",16,22,6
"SPIRE2","s1639_F_NC_02_ASEReadCounter.table","NW_015090842.1:10175400",29,48,19
"SPIRE2","s1639_F_NC_02_ASEReadCounter.table","NW_015090842.1:10175418",33,53,20
"SPIRE2","s1639_F_NC_02_ASEReadCounter.table","NW_015090842.1:10175704",43,78,35
"SPIRE2","s1639_F_NC_02_ASEReadCounter.table","NW_015090842.1:10176115",62,114,52
"SPIRE2","s1639_F_NC_02_ASEReadCounter.table","NW_015090842.1:10176561",46,119,73
"SPIRE2","s1639_F_NC_02_ASEReadCounter.table","NW_015090842.1:10176817",73,144,71
"SPIRE2","s1639_F_NC_02_ASEReadCounter.table","NW_015090842.1:10177084",46,99,53
"SPIRE2","s1639_F_NC_02_ASEReadCounter.table","NW_015090842.1:10177110",51,110,59
"SPIRE2","s1639_F_NC_02_ASEReadCounter.table","NW_015090842.1:10177838",120,237,117
"SPIRE2","s1639_F_NC_02_ASEReadCounter.table","NW_015090842.1:10178000",122,219,97
"SPIRE2","s1639_F_NC_02_ASEReadCounter.table","NW_015090842.1:10178164",143,281,138
"SPIRE2","s1639_F_NC_02_ASEReadCounter.table","NW_015090842.1:10178216",169,325,156
"SPIRE2","s1639_F_NC_02_ASEReadCounter.table","NW_015090842.1:10178403",178,335,157
"SPIRE2","s1639_F_NC_02_ASEReadCounter.table","NW_015090842.1:10178409",171,326,155
"SPIRE2","s1639_F_NC_02_ASEReadCounter.table","NW_015090842.1:10178524",182,332,150
"SPIRE2","s1639_F_NC_02_ASEReadCounter.table","NW_015090842.1:10178526",181,334,153
"SPIRE2","s1639_F_NC_02_ASEReadCounter.table","NW_015090842.1:10178531",188,343,155
"SPIRE2","s1639_F_NC_02_ASEReadCounter.table","NW_015090842.1:10178565",165,316,151
"SPIRE2","s1639_F_NC_02_ASEReadCounter.table","NW_015090842.1:10178587",157,306,149
"SPIRE2","s1639_F_NC_02_ASEReadCounter.table","NW_015090842.1:10178640",122,249,127
"SPIRE2","s1639_F_NC_02_ASEReadCounter.table","NW_015090842.1:10178651",137,275,138
"SPIRE2","s1639_F_NC_02_ASEReadCounter.table","NW_015090842.1:10178682",130,234,104
"TCF25","s1639_F_NC_02_ASEReadCounter.table","NW_015090842.1:10180912",44,78,34
"TCF25","s1639_F_NC_02_ASEReadCounter.table","NW_015090842.1:10180924",45,79,34
"TCF25","s1639_F_NC_02_ASEReadCounter.table","NW_015090842.1:10180931",45,79,34
"TCF25","s1639_F_NC_02_ASEReadCounter.table","NW_015090842.1:10185332",95,184,89
"TCF25","s1639_F_NC_02_ASEReadCounter.table","NW_015090842.1:10188816",44,70,26
"MC1R","s1639_F_NC_02_ASEReadCounter.table","NW_015090842.1:10202460",1,2,1
"MC1R","s1639_F_NC_02_ASEReadCounter.table","NW_015090842.1:10202465",1,2,1
"DBNDD1","s1639_F_NC_02_ASEReadCounter.table","NW_015090842.1:10223105",27,64,37
"GAS8","s1639_F_NC_02_ASEReadCounter.table","NW_015090842.1:10228982",14,20,6
"GAS8","s1639_F_NC_02_ASEReadCounter.table","NW_015090842.1:10229832",2,14,12
"GAS8","s1639_F_NC_02_ASEReadCounter.table","NW_015090842.1:10232375",11,20,9
"GAS8","s1639_F_NC_02_ASEReadCounter.table","NW_015090842.1:10232901",17,36,19
"GAS8","s1639_F_NC_02_ASEReadCounter.table","NW_015090842.1:10232928",14,31,17
"GAS8","s1639_F_NC_02_ASEReadCounter.table","NW_015090842.1:10232967",18,33,15
"GAS8","s1639_F_NC_02_ASEReadCounter.table","NW_015090842.1:10233032",18,32,14
"GAS8","s1639_F_NC_02_ASEReadCounter.table","NW_015090842.1:10233057",22,34,12
"GAS8","s1639_F_NC_02_ASEReadCounter.table","NW_015090842.1:10233058",22,33,11
"GAS8","s1639_F_NC_02_ASEReadCounter.table","NW_015090842.1:10233176",10,24,14
"GAS8","s1639_F_NC_02_ASEReadCounter.table","NW_015090842.1:10233196",16,31,15
"GAS8","s1639_F_NC_02_ASEReadCounter.table","NW_015090842.1:10233252",13,25,12
"GAS8","s1639_F_NC_02_ASEReadCounter.table","NW_015090842.1:10233303",5,11,6
"LOC106888094","s1639_F_NC_02_ASEReadCounter.table","NW_015090842.1:10233334",2,6,4
"LOC106888094","s1639_F_NC_02_ASEReadCounter.table","NW_015090842.1:10233362",4,11,7
"LOC106888094","s1639_F_NC_02_ASEReadCounter.table","NW_015090842.1:10233373",4,11,7
"LOC106888094","s1639_F_NC_02_ASEReadCounter.table","NW_015090842.1:10233388",6,14,8
"LOC106888094","s1639_F_NC_02_ASEReadCounter.table","NW_015090842.1:10233402",6,15,9
"LOC106888094","s1639_F_NC_02_ASEReadCounter.table","NW_015090842.1:10233465",12,23,11
"LOC106888094","s1639_F_NC_02_ASEReadCounter.table","NW_015090842.1:10233803",12,28,16
"LOC106888094","s1639_F_NC_02_ASEReadCounter.table","NW_015090842.1:10233815",10,24,14
"LOC106888094","s1639_F_NC_02_ASEReadCounter.table","NW_015090842.1:10235611",1,1,0
"LOC106888094","s1639_F_NC_02_ASEReadCounter.table","NW_015090842.1:10236098",2,2,0
"LOC106888094","s1639_F_NC_02_ASEReadCounter.table","NW_015090842.1:10236161",2,2,0
"LOC106888094","s1639_F_NC_02_ASEReadCounter.table","NW_015090842.1:10236380",0,1,1
"LOC106888094","s1639_F_NC_02_ASEReadCounter.table","NW_015090842.1:10236388",0,1,1
"LOC106888094","s1639_F_NC_02_ASEReadCounter.table","NW_015090842.1:10236425",0,1,1
"LOC106888094","s1639_F_NC_02_ASEReadCounter.table","NW_015090842.1:10236426",0,1,1
"LOC106888094","s1639_F_NC_02_ASEReadCounter.table","NW_015090842.1:10236603",0,1,1
"LOC106888173","s1639_F_NC_02_ASEReadCounter.table","NW_015090842.1:10240036",0,3,3
"LOC106888173","s1639_F_NC_02_ASEReadCounter.table","NW_015090842.1:10240095",1,5,4
"LOC106888173","s1639_F_NC_02_ASEReadCounter.table","NW_015090842.1:10240280",0,8,8
"LOC106888173","s1639_F_NC_02_ASEReadCounter.table","NW_015090842.1:10240557",0,7,7
"LOC106888173","s1639_F_NC_02_ASEReadCounter.table","NW_015090842.1:10240603",1,9,8
"LOC106888173","s1639_F_NC_02_ASEReadCounter.table","NW_015090842.1:10240609",1,9,8
"LOC106888173","s1639_F_NC_02_ASEReadCounter.table","NW_015090842.1:10240690",0,7,7
"LOC106888173","s1639_F_NC_02_ASEReadCounter.table","NW_015090842.1:10240924",0,12,12
"LOC106888173","s1639_F_NC_02_ASEReadCounter.table","NW_015090842.1:10241037",0,15,15
"LOC106888173","s1639_F_NC_02_ASEReadCounter.table","NW_015090842.1:10241046",0,13,13
"LOC106888173","s1639_F_NC_02_ASEReadCounter.table","NW_015090842.1:10241058",0,15,15
"LOC106888173","s1639_F_NC_02_ASEReadCounter.table","NW_015090842.1:10241064",0,11,11
"LOC106888173","s1639_F_NC_02_ASEReadCounter.table","NW_015090842.1:10241103",14,14,0
"LOC106888173","s1639_F_NC_02_ASEReadCounter.table","NW_015090842.1:10241163",0,11,11
"LOC106888173","s1639_F_NC_02_ASEReadCounter.table","NW_015090842.1:10241803",4,19,15
"LOC106888173","s1639_F_NC_02_ASEReadCounter.table","NW_015090842.1:10241827",3,19,16
"LOC106888173","s1639_F_NC_02_ASEReadCounter.table","NW_015090842.1:10241869",1,14,13
"LOC106888173","s1639_F_NC_02_ASEReadCounter.table","NW_015090842.1:10242079",2,9,7
"LOC106888173","s1639_F_NC_02_ASEReadCounter.table","NW_015090842.1:10242103",2,8,6
"LOC106888173","s1639_F_NC_02_ASEReadCounter.table","NW_015090842.1:10242157",0,7,7
"LOC106888173","s1639_F_NC_02_ASEReadCounter.table","NW_015090842.1:10242455",0,6,6
"LOC106888173","s1639_F_NC_02_ASEReadCounter.table","NW_015090842.1:10242481",0,8,8
"LOC106888173","s1639_F_NC_02_ASEReadCounter.table","NW_015090842.1:10242590",0,14,14
"LOC106888173","s1639_F_NC_02_ASEReadCounter.table","NW_015090842.1:10242794",1,12,11
"LOC106888173","s1639_F_NC_02_ASEReadCounter.table","NW_015090842.1:10242909",0,13,13
"LOC106888173","s1639_F_NC_02_ASEReadCounter.table","NW_015090842.1:10243094",0,16,16
"LOC106888173","s1639_F_NC_02_ASEReadCounter.table","NW_015090842.1:10243133",1,20,19
"LOC106888173","s1639_F_NC_02_ASEReadCounter.table","NW_015090842.1:10243273",1,20,19
"LOC106888173","s1639_F_NC_02_ASEReadCounter.table","NW_015090842.1:10243278",1,22,21
"LOC106888173","s1639_F_NC_02_ASEReadCounter.table","NW_015090842.1:10243281",1,22,21
"LOC106888173","s1639_F_NC_02_ASEReadCounter.table","NW_015090842.1:10243347",16,16,0
"LOC106888173","s1639_F_NC_02_ASEReadCounter.table","NW_015090842.1:10243353",1,14,13
"LOC106888173","s1639_F_NC_02_ASEReadCounter.table","NW_015090842.1:10243363",1,12,11
"LOC106888173","s1639_F_NC_02_ASEReadCounter.table","NW_015090842.1:10243365",1,13,12
"LOC106888173","s1639_F_NC_02_ASEReadCounter.table","NW_015090842.1:10243566",2,36,34
"LOC106888173","s1639_F_NC_02_ASEReadCounter.table","NW_015090842.1:10243605",2,42,40
"LOC106888173","s1639_F_NC_02_ASEReadCounter.table","NW_015090842.1:10243614",2,42,40
"LOC106888173","s1639_F_NC_02_ASEReadCounter.table","NW_015090842.1:10243615",2,43,41
"LOC106888173","s1639_F_NC_02_ASEReadCounter.table","NW_015090842.1:10243640",0,41,41
"LOC106888173","s1639_F_NC_02_ASEReadCounter.table","NW_015090842.1:10243680",0,32,32
"LOC106888173","s1639_F_NC_02_ASEReadCounter.table","NW_015090842.1:10243742",0,35,35
"LOC106888173","s1639_F_NC_02_ASEReadCounter.table","NW_015090842.1:10243804",1,30,29
"LOC106888173","s1639_F_NC_02_ASEReadCounter.table","NW_015090842.1:10243913",1,19,18
"LOC106888173","s1639_F_NC_02_ASEReadCounter.table","NW_015090842.1:10243921",1,18,17
"LOC106888384","s1639_F_NC_02_ASEReadCounter.table","NW_015090842.1:10251354",0,1,1
"LOC106888384","s1639_F_NC_02_ASEReadCounter.table","NW_015090842.1:10251358",0,1,1
"LOC106888384","s1639_F_NC_02_ASEReadCounter.table","NW_015090842.1:10251369",0,1,1
"LOC106888384","s1639_F_NC_02_ASEReadCounter.table","NW_015090842.1:10251370",0,1,1
"LOC106888384","s1639_F_NC_02_ASEReadCounter.table","NW_015090842.1:10251375",0,1,1
"LOC106888384","s1639_F_NC_02_ASEReadCounter.table","NW_015090842.1:10251388",0,1,1
"LOC106888384","s1639_F_NC_02_ASEReadCounter.table","NW_015090842.1:10251390",0,1,1
"LOC106888384","s1639_F_NC_02_ASEReadCounter.table","NW_015090842.1:10251393",0,1,1
"LOC106888384","s1639_F_NC_02_ASEReadCounter.table","NW_015090842.1:10251399",0,1,1
"LOC106888384","s1639_F_NC_02_ASEReadCounter.table","NW_015090842.1:10254227",1,1,0
"LOC106888384","s1639_F_NC_02_ASEReadCounter.table","NW_015090842.1:10254233",1,1,0
"LOC106888384","s1639_F_NC_02_ASEReadCounter.table","NW_015090842.1:10254263",1,1,0
"LOC106888384","s1639_F_NC_02_ASEReadCounter.table","NW_015090842.1:10254293",1,1,0
"LOC106888384","s1639_F_NC_02_ASEReadCounter.table","NW_015090842.1:10255306",0,1,1
"LOC106888384","s1639_F_NC_02_ASEReadCounter.table","NW_015090842.1:10255340",0,1,1
"LOC106888384","s1639_F_NC_02_ASEReadCounter.table","NW_015090842.1:10255410",0,1,1
"LOC106888384","s1639_F_NC_02_ASEReadCounter.table","NW_015090842.1:10255704",1,1,0
"LOC106888384","s1639_F_NC_02_ASEReadCounter.table","NW_015090842.1:10255731",1,1,0
"TANGO6","s1639_F_NC_02_ASEReadCounter.table","NW_015090842.1:10257782",0,2,2
"TANGO6","s1639_F_NC_02_ASEReadCounter.table","NW_015090842.1:10258162",3,6,3
"TANGO6","s1639_F_NC_02_ASEReadCounter.table","NW_015090842.1:10258185",3,5,2
"TANGO6","s1639_F_NC_02_ASEReadCounter.table","NW_015090842.1:10259267",2,5,3
"TANGO6","s1639_F_NC_02_ASEReadCounter.table","NW_015090842.1:10260250",5,8,3
"TANGO6","s1639_F_NC_02_ASEReadCounter.table","NW_015090842.1:10260289",6,10,4
"TANGO6","s1639_F_NC_02_ASEReadCounter.table","NW_015090842.1:10260309",4,7,3
"TANGO6","s1639_F_NC_02_ASEReadCounter.table","NW_015090842.1:10260979",4,9,5
"TANGO6","s1639_F_NC_02_ASEReadCounter.table","NW_015090842.1:10261599",4,11,7
"TANGO6","s1639_F_NC_02_ASEReadCounter.table","NW_015090842.1:10268425",10,17,7
"TANGO6","s1639_F_NC_02_ASEReadCounter.table","NW_015090842.1:10269831",12,22,10
"TANGO6","s1639_F_NC_02_ASEReadCounter.table","NW_015090842.1:10270813",15,25,10
"TANGO6","s1639_F_NC_02_ASEReadCounter.table","NW_015090842.1:10274018",12,20,8
"TANGO6","s1639_F_NC_02_ASEReadCounter.table","NW_015090842.1:10275974",5,15,10
"TANGO6","s1639_F_NC_02_ASEReadCounter.table","NW_015090842.1:10275976",5,15,10
"TANGO6","s1639_F_NC_02_ASEReadCounter.table","NW_015090842.1:10276123",9,24,15
"TANGO6","s1639_F_NC_02_ASEReadCounter.table","NW_015090842.1:10276271",14,27,13
"TANGO6","s1639_F_NC_02_ASEReadCounter.table","NW_015090842.1:10276272",14,26,12
"TANGO6","s1639_F_NC_02_ASEReadCounter.table","NW_015090842.1:10276275",15,29,14
"TANGO6","s1639_F_NC_02_ASEReadCounter.table","NW_015090842.1:10276278",16,30,14
"TANGO6","s1639_F_NC_02_ASEReadCounter.table","NW_015090842.1:10276368",17,28,11
"TANGO6","s1639_F_NC_02_ASEReadCounter.table","NW_015090842.1:10276373",14,25,11
"TANGO6","s1639_F_NC_02_ASEReadCounter.table","NW_015090842.1:10276630",15,32,17
"TANGO6","s1639_F_NC_02_ASEReadCounter.table","NW_015090842.1:10281498",27,47,20
"TANGO6","s1639_F_NC_02_ASEReadCounter.table","NW_015090842.1:10281516",33,58,25
"TANGO6","s1639_F_NC_02_ASEReadCounter.table","NW_015090842.1:10282842",31,59,28
"TANGO6","s1639_F_NC_02_ASEReadCounter.table","NW_015090842.1:10282863",19,40,21
"TANGO6","s1639_F_NC_02_ASEReadCounter.table","NW_015090842.1:10282869",20,39,19
"TANGO6","s1639_F_NC_02_ASEReadCounter.table","NW_015090842.1:10282903",26,55,29
"TANGO6","s1639_F_NC_02_ASEReadCounter.table","NW_015090842.1:10283757",53,82,29
"TANGO6","s1639_F_NC_02_ASEReadCounter.table","NW_015090842.1:10283785",46,77,31
"HAS3","s1639_F_NC_02_ASEReadCounter.table","NW_015090842.1:10288093",0,1,1
"HAS3","s1639_F_NC_02_ASEReadCounter.table","NW_015090842.1:10288266",0,1,1
"HAS3","s1639_F_NC_02_ASEReadCounter.table","NW_015090842.1:10288274",0,1,1
"HAS3","s1639_F_NC_02_ASEReadCounter.table","NW_015090842.1:10288364",0,1,1
"HAS3","s1639_F_NC_02_ASEReadCounter.table","NW_015090842.1:10289269",0,1,1
"HAS3","s1639_F_NC_02_ASEReadCounter.table","NW_015090842.1:10289272",0,1,1
"HAS3","s1639_F_NC_02_ASEReadCounter.table","NW_015090842.1:10289469",0,3,3
"HAS3","s1639_F_NC_02_ASEReadCounter.table","NW_015090842.1:10290375",0,2,2
"HAS3","s1639_F_NC_02_ASEReadCounter.table","NW_015090842.1:10290395",0,1,1
"HAS3","s1639_F_NC_02_ASEReadCounter.table","NW_015090842.1:10290561",1,2,1
"HAS3","s1639_F_NC_02_ASEReadCounter.table","NW_015090842.1:10290609",1,2,1
"HAS3","s1639_F_NC_02_ASEReadCounter.table","NW_015090842.1:10290666",0,1,1
"HAS3","s1639_F_NC_02_ASEReadCounter.table","NW_015090842.1:10290723",0,1,1
"HAS3","s1639_F_NC_02_ASEReadCounter.table","NW_015090842.1:10290927",2,2,0
"HAS3","s1639_F_NC_02_ASEReadCounter.table","NW_015090842.1:10291004",0,1,1
"CHTF8","s1639_F_NC_02_ASEReadCounter.table","NW_015090842.1:10291319",4,5,1
"CHTF8","s1639_F_NC_02_ASEReadCounter.table","NW_015090842.1:10291491",1,3,2
"CHTF8","s1639_F_NC_02_ASEReadCounter.table","NW_015090842.1:10291520",2,3,1
"CHTF8","s1639_F_NC_02_ASEReadCounter.table","NW_015090842.1:10291593",2,3,1
"CHTF8","s1639_F_NC_02_ASEReadCounter.table","NW_015090842.1:10291600",3,4,1
"CHTF8","s1639_F_NC_02_ASEReadCounter.table","NW_015090842.1:10291609",2,2,0
"CHTF8","s1639_F_NC_02_ASEReadCounter.table","NW_015090842.1:10291639",5,5,0
"CHTF8","s1639_F_NC_02_ASEReadCounter.table","NW_015090842.1:10291641",5,6,1
"CHTF8","s1639_F_NC_02_ASEReadCounter.table","NW_015090842.1:10291648",6,7,1
"CHTF8","s1639_F_NC_02_ASEReadCounter.table","NW_015090842.1:10291656",6,7,1
"CHTF8","s1639_F_NC_02_ASEReadCounter.table","NW_015090842.1:10291675",5,6,1
"CHTF8","s1639_F_NC_02_ASEReadCounter.table","NW_015090842.1:10291696",4,5,1
"CHTF8","s1639_F_NC_02_ASEReadCounter.table","NW_015090842.1:10291714",5,6,1
"CHTF8","s1639_F_NC_02_ASEReadCounter.table","NW_015090842.1:10291732",2,3,1
"CHTF8","s1639_F_NC_02_ASEReadCounter.table","NW_015090842.1:10291755",1,1,0
"CHTF8","s1639_F_NC_02_ASEReadCounter.table","NW_015090842.1:10291756",1,1,0
"CHTF8","s1639_F_NC_02_ASEReadCounter.table","NW_015090842.1:10291758",1,1,0
"CHTF8","s1639_F_NC_02_ASEReadCounter.table","NW_015090842.1:10291792",3,4,1
"CHTF8","s1639_F_NC_02_ASEReadCounter.table","NW_015090842.1:10291895",3,6,3
"CHTF8","s1639_F_NC_02_ASEReadCounter.table","NW_015090842.1:10292132",4,5,1
"CHTF8","s1639_F_NC_02_ASEReadCounter.table","NW_015090842.1:10292314",7,7,0
"CHTF8","s1639_F_NC_02_ASEReadCounter.table","NW_015090842.1:10292317",7,7,0
"CHTF8","s1639_F_NC_02_ASEReadCounter.table","NW_015090842.1:10292928",1,1,0
"UTP4","s1639_F_NC_02_ASEReadCounter.table","NW_015090842.1:10293146",3,10,7
"UTP4","s1639_F_NC_02_ASEReadCounter.table","NW_015090842.1:10293151",6,12,6
"UTP4","s1639_F_NC_02_ASEReadCounter.table","NW_015090842.1:10293191",4,11,7
"UTP4","s1639_F_NC_02_ASEReadCounter.table","NW_015090842.1:10293362",5,11,6
"UTP4","s1639_F_NC_02_ASEReadCounter.table","NW_015090842.1:10293430",8,11,3
"UTP4","s1639_F_NC_02_ASEReadCounter.table","NW_015090842.1:10293625",2,7,5
"UTP4","s1639_F_NC_02_ASEReadCounter.table","NW_015090842.1:10293684",3,9,6
"UTP4","s1639_F_NC_02_ASEReadCounter.table","NW_015090842.1:10294093",1,4,3
"UTP4","s1639_F_NC_02_ASEReadCounter.table","NW_015090842.1:10294622",6,15,9
"UTP4","s1639_F_NC_02_ASEReadCounter.table","NW_015090842.1:10294632",5,12,7
"UTP4","s1639_F_NC_02_ASEReadCounter.table","NW_015090842.1:10295238",5,15,10
"UTP4","s1639_F_NC_02_ASEReadCounter.table","NW_015090842.1:10295880",8,18,10
"UTP4","s1639_F_NC_02_ASEReadCounter.table","NW_015090842.1:10295884",8,18,10
"UTP4","s1639_F_NC_02_ASEReadCounter.table","NW_015090842.1:10295903",8,14,6
"UTP4","s1639_F_NC_02_ASEReadCounter.table","NW_015090842.1:10295906",9,14,5
"UTP4","s1639_F_NC_02_ASEReadCounter.table","NW_015090842.1:10295915",10,15,5
"UTP4","s1639_F_NC_02_ASEReadCounter.table","NW_015090842.1:10295938",12,19,7
"UTP4","s1639_F_NC_02_ASEReadCounter.table","NW_015090842.1:10296175",10,18,8
"UTP4","s1639_F_NC_02_ASEReadCounter.table","NW_015090842.1:10296660",13,29,16
"UTP4","s1639_F_NC_02_ASEReadCounter.table","NW_015090842.1:10296679",17,35,18
"UTP4","s1639_F_NC_02_ASEReadCounter.table","NW_015090842.1:10297193",21,50,29
"UTP4","s1639_F_NC_02_ASEReadCounter.table","NW_015090842.1:10297220",19,51,32
"UTP4","s1639_F_NC_02_ASEReadCounter.table","NW_015090842.1:10297307",26,67,41
"UTP4","s1639_F_NC_02_ASEReadCounter.table","NW_015090842.1:10297558",39,90,51
"UTP4","s1639_F_NC_02_ASEReadCounter.table","NW_015090842.1:10297943",34,82,48
"UTP4","s1639_F_NC_02_ASEReadCounter.table","NW_015090842.1:10297979",32,71,39
"UTP4","s1639_F_NC_02_ASEReadCounter.table","NW_015090842.1:10298022",23,53,30
"UTP4","s1639_F_NC_02_ASEReadCounter.table","NW_015090842.1:10298079",5,16,11
"UTP4","s1639_F_NC_02_ASEReadCounter.table","NW_015090842.1:10298081",5,16,11
"UTP4","s1639_F_NC_02_ASEReadCounter.table","NW_015090842.1:10298082",4,15,11
"SNTB2","s1639_F_NC_02_ASEReadCounter.table","NW_015090842.1:10298905",1,2,1
"SNTB2","s1639_F_NC_02_ASEReadCounter.table","NW_015090842.1:10298928",1,1,0
"SNTB2","s1639_F_NC_02_ASEReadCounter.table","NW_015090842.1:10303506",2,4,2
"SNTB2","s1639_F_NC_02_ASEReadCounter.table","NW_015090842.1:10303524",2,4,2
"SNTB2","s1639_F_NC_02_ASEReadCounter.table","NW_015090842.1:10304059",3,4,1
"SNTB2","s1639_F_NC_02_ASEReadCounter.table","NW_015090842.1:10304089",3,5,2
"SNTB2","s1639_F_NC_02_ASEReadCounter.table","NW_015090842.1:10304167",1,4,3
"SNTB2","s1639_F_NC_02_ASEReadCounter.table","NW_015090842.1:10304176",1,4,3
"SNTB2","s1639_F_NC_02_ASEReadCounter.table","NW_015090842.1:10305069",1,2,1
"SNTB2","s1639_F_NC_02_ASEReadCounter.table","NW_015090842.1:10305099",0,1,1
"SNTB2","s1639_F_NC_02_ASEReadCounter.table","NW_015090842.1:10305171",3,5,2
"SNTB2","s1639_F_NC_02_ASEReadCounter.table","NW_015090842.1:10305177",3,5,2
"SNTB2","s1639_F_NC_02_ASEReadCounter.table","NW_015090842.1:10305451",1,3,2
"SNTB2","s1639_F_NC_02_ASEReadCounter.table","NW_015090842.1:10305547",1,3,2
"SNTB2","s1639_F_NC_02_ASEReadCounter.table","NW_015090842.1:10305847",3,7,4
"SNTB2","s1639_F_NC_02_ASEReadCounter.table","NW_015090842.1:10306173",1,6,5
"SNTB2","s1639_F_NC_02_ASEReadCounter.table","NW_015090842.1:10306275",0,2,2
"SNTB2","s1639_F_NC_02_ASEReadCounter.table","NW_015090842.1:10306457",3,8,5
"SNTB2","s1639_F_NC_02_ASEReadCounter.table","NW_015090842.1:10306496",4,7,3
"SNTB2","s1639_F_NC_02_ASEReadCounter.table","NW_015090842.1:10306499",5,8,3
"VPS4A","s1639_F_NC_02_ASEReadCounter.table","NW_015090842.1:10308566",29,62,33
"VPS4A","s1639_F_NC_02_ASEReadCounter.table","NW_015090842.1:10308573",28,63,35
"VPS4A","s1639_F_NC_02_ASEReadCounter.table","NW_015090842.1:10308856",46,110,64
"VPS4A","s1639_F_NC_02_ASEReadCounter.table","NW_015090842.1:10309056",74,152,78
"VPS4A","s1639_F_NC_02_ASEReadCounter.table","NW_015090842.1:10309089",86,167,81
"VPS4A","s1639_F_NC_02_ASEReadCounter.table","NW_015090842.1:10309392",82,166,84
"VPS4A","s1639_F_NC_02_ASEReadCounter.table","NW_015090842.1:10309413",87,169,82
"VPS4A","s1639_F_NC_02_ASEReadCounter.table","NW_015090842.1:10309467",92,179,87
"VPS4A","s1639_F_NC_02_ASEReadCounter.table","NW_015090842.1:10310230",115,235,120
"VPS4A","s1639_F_NC_02_ASEReadCounter.table","NW_015090842.1:10310425",114,239,125
"VPS4A","s1639_F_NC_02_ASEReadCounter.table","NW_015090842.1:10310639",132,286,154
"VPS4A","s1639_F_NC_02_ASEReadCounter.table","NW_015090842.1:10310734",122,248,126
"VPS4A","s1639_F_NC_02_ASEReadCounter.table","NW_015090842.1:10310737",119,249,130
"VPS4A","s1639_F_NC_02_ASEReadCounter.table","NW_015090842.1:10310746",124,255,131
"VPS4A","s1639_F_NC_02_ASEReadCounter.table","NW_015090842.1:10310767",144,279,135
"VPS4A","s1639_F_NC_02_ASEReadCounter.table","NW_015090842.1:10310995",180,354,174
"VPS4A","s1639_F_NC_02_ASEReadCounter.table","NW_015090842.1:10311004",181,352,171
"VPS4A","s1639_F_NC_02_ASEReadCounter.table","NW_015090842.1:10311007",186,364,178
"VPS4A","s1639_F_NC_02_ASEReadCounter.table","NW_015090842.1:10311013",202,380,178
"VPS4A","s1639_F_NC_02_ASEReadCounter.table","NW_015090842.1:10311022",180,349,169
"VPS4A","s1639_F_NC_02_ASEReadCounter.table","NW_015090842.1:10311023",178,346,168
"VPS4A","s1639_F_NC_02_ASEReadCounter.table","NW_015090842.1:10311426",186,372,186
"VPS4A","s1639_F_NC_02_ASEReadCounter.table","NW_015090842.1:10311489",4,15,11
"VPS4A","s1639_F_NC_02_ASEReadCounter.table","NW_015090842.1:10311490",4,12,8
"VPS4A","s1639_F_NC_02_ASEReadCounter.table","NW_015090842.1:10311525",11,26,15
"VPS4A","s1639_F_NC_02_ASEReadCounter.table","NW_015090842.1:10311529",12,41,29
"VPS4A","s1639_F_NC_02_ASEReadCounter.table","NW_015090842.1:10311530",12,40,28
"VPS4A","s1639_F_NC_02_ASEReadCounter.table","NW_015090842.1:10311552",37,74,37
"VPS4A","s1639_F_NC_02_ASEReadCounter.table","NW_015090842.1:10311689",34,84,50
"VPS4A","s1639_F_NC_02_ASEReadCounter.table","NW_015090842.1:10311700",42,91,49
"VPS4A","s1639_F_NC_02_ASEReadCounter.table","NW_015090842.1:10311701",42,93,51
"VPS4A","s1639_F_NC_02_ASEReadCounter.table","NW_015090842.1:10311703",42,95,53
"COG8","s1639_F_NC_02_ASEReadCounter.table","NW_015090842.1:10313487",19,40,21
"COG8","s1639_F_NC_02_ASEReadCounter.table","NW_015090842.1:10313559",25,46,21
"COG8","s1639_F_NC_02_ASEReadCounter.table","NW_015090842.1:10313579",22,40,18
"COG8","s1639_F_NC_02_ASEReadCounter.table","NW_015090842.1:10313665",18,31,13
"COG8","s1639_F_NC_02_ASEReadCounter.table","NW_015090842.1:10313681",17,30,13
"COG8","s1639_F_NC_02_ASEReadCounter.table","NW_015090842.1:10313768",16,28,12
"COG8","s1639_F_NC_02_ASEReadCounter.table","NW_015090842.1:10313775",20,33,13
"COG8","s1639_F_NC_02_ASEReadCounter.table","NW_015090842.1:10313811",15,28,13
"COG8","s1639_F_NC_02_ASEReadCounter.table","NW_015090842.1:10313858",11,23,12
"COG8","s1639_F_NC_02_ASEReadCounter.table","NW_015090842.1:10314100",17,28,11
"COG8","s1639_F_NC_02_ASEReadCounter.table","NW_015090842.1:10314213",12,21,9
"COG8","s1639_F_NC_02_ASEReadCounter.table","NW_015090842.1:10315093",10,17,7
"COG8","s1639_F_NC_02_ASEReadCounter.table","NW_015090842.1:10315162",12,29,17
"COG8","s1639_F_NC_02_ASEReadCounter.table","NW_015090842.1:10315285",11,23,12
"COG8","s1639_F_NC_02_ASEReadCounter.table","NW_015090842.1:10315360",11,22,11
"COG8","s1639_F_NC_02_ASEReadCounter.table","NW_015090842.1:10315369",11,23,12
"COG8","s1639_F_NC_02_ASEReadCounter.table","NW_015090842.1:10315504",4,10,6
"COG8","s1639_F_NC_02_ASEReadCounter.table","NW_015090842.1:10315508",4,10,6
"COG8","s1639_F_NC_02_ASEReadCounter.table","NW_015090842.1:10315624",4,10,6
"COG8","s1639_F_NC_02_ASEReadCounter.table","NW_015090842.1:10315693",3,12,9
"COG8","s1639_F_NC_02_ASEReadCounter.table","NW_015090842.1:10315698",3,13,10
"COG8","s1639_F_NC_02_ASEReadCounter.table","NW_015090842.1:10315768",1,4,3
"COG8","s1639_F_NC_02_ASEReadCounter.table","NW_015090842.1:10315769",1,4,3
"COG8","s1639_F_NC_02_ASEReadCounter.table","NW_015090842.1:10315784",1,3,2
"COG8","s1639_F_NC_02_ASEReadCounter.table","NW_015090842.1:10316093",7,12,5
"COG8","s1639_F_NC_02_ASEReadCounter.table","NW_015090842.1:10316133",6,9,3
"NIP7","s1639_F_NC_02_ASEReadCounter.table","NW_015090842.1:10316759",7,21,14
"NIP7","s1639_F_NC_02_ASEReadCounter.table","NW_015090842.1:10316967",52,123,71
"NIP7","s1639_F_NC_02_ASEReadCounter.table","NW_015090842.1:10316995",73,155,82
"NIP7","s1639_F_NC_02_ASEReadCounter.table","NW_015090842.1:10317240",142,273,131
"NIP7","s1639_F_NC_02_ASEReadCounter.table","NW_015090842.1:10317247",148,283,135
"NIP7","s1639_F_NC_02_ASEReadCounter.table","NW_015090842.1:10317264",143,267,124
"NIP7","s1639_F_NC_02_ASEReadCounter.table","NW_015090842.1:10317433",164,350,186
"NIP7","s1639_F_NC_02_ASEReadCounter.table","NW_015090842.1:10317738",176,433,257
"NIP7","s1639_F_NC_02_ASEReadCounter.table","NW_015090842.1:10317769",188,439,251
"NIP7","s1639_F_NC_02_ASEReadCounter.table","NW_015090842.1:10317808",131,288,157
"NIP7","s1639_F_NC_02_ASEReadCounter.table","NW_015090842.1:10317870",88,217,129
"NIP7","s1639_F_NC_02_ASEReadCounter.table","NW_015090842.1:10317871",87,213,126
"NIP7","s1639_F_NC_02_ASEReadCounter.table","NW_015090842.1:10317898",54,150,96
"NIP7","s1639_F_NC_02_ASEReadCounter.table","NW_015090842.1:10317911",50,126,76
"TMED6","s1639_F_NC_02_ASEReadCounter.table","NW_015090842.1:10318731",0,1,1
"TERF2","s1639_F_NC_02_ASEReadCounter.table","NW_015090842.1:10321665",13,13,0
"TERF2","s1639_F_NC_02_ASEReadCounter.table","NW_015090842.1:10321768",33,64,31
"TERF2","s1639_F_NC_02_ASEReadCounter.table","NW_015090842.1:10321777",31,61,30
"TERF2","s1639_F_NC_02_ASEReadCounter.table","NW_015090842.1:10321805",27,65,38
"TERF2","s1639_F_NC_02_ASEReadCounter.table","NW_015090842.1:10321878",31,74,43
"TERF2","s1639_F_NC_02_ASEReadCounter.table","NW_015090842.1:10321893",5,72,67
"TERF2","s1639_F_NC_02_ASEReadCounter.table","NW_015090842.1:10321897",28,65,37
"TERF2","s1639_F_NC_02_ASEReadCounter.table","NW_015090842.1:10321908",28,64,36
"TERF2","s1639_F_NC_02_ASEReadCounter.table","NW_015090842.1:10322001",50,101,51
"TERF2","s1639_F_NC_02_ASEReadCounter.table","NW_015090842.1:10322035",31,69,38
"TERF2","s1639_F_NC_02_ASEReadCounter.table","NW_015090842.1:10322051",35,75,40
"TERF2","s1639_F_NC_02_ASEReadCounter.table","NW_015090842.1:10322137",33,66,33
"TERF2","s1639_F_NC_02_ASEReadCounter.table","NW_015090842.1:10322144",34,64,30
"TERF2","s1639_F_NC_02_ASEReadCounter.table","NW_015090842.1:10322388",15,49,34
"TERF2","s1639_F_NC_02_ASEReadCounter.table","NW_015090842.1:10322396",15,48,33
"TERF2","s1639_F_NC_02_ASEReadCounter.table","NW_015090842.1:10322502",24,57,33
"TERF2","s1639_F_NC_02_ASEReadCounter.table","NW_015090842.1:10322504",24,56,32
"TERF2","s1639_F_NC_02_ASEReadCounter.table","NW_015090842.1:10322510",23,59,36
"TERF2","s1639_F_NC_02_ASEReadCounter.table","NW_015090842.1:10323580",21,47,26
"TERF2","s1639_F_NC_02_ASEReadCounter.table","NW_015090842.1:10324314",24,47,23
"TERF2","s1639_F_NC_02_ASEReadCounter.table","NW_015090842.1:10326832",12,30,18
"TERF2","s1639_F_NC_02_ASEReadCounter.table","NW_015090842.1:10327787",4,11,7
"TERF2","s1639_F_NC_02_ASEReadCounter.table","NW_015090842.1:10328588",8,22,14
"TERF2","s1639_F_NC_02_ASEReadCounter.table","NW_015090842.1:10328644",5,13,8
"TERF2","s1639_F_NC_02_ASEReadCounter.table","NW_015090842.1:10329813",6,9,3
"TERF2","s1639_F_NC_02_ASEReadCounter.table","NW_015090842.1:10330749",0,4,4
"TERF2","s1639_F_NC_02_ASEReadCounter.table","NW_015090842.1:10330789",2,6,4
"CYB5B","s1639_F_NC_02_ASEReadCounter.table","NW_015090842.1:10336595",0,5,5
"CYB5B","s1639_F_NC_02_ASEReadCounter.table","NW_015090842.1:10336667",11,33,22
"CYB5B","s1639_F_NC_02_ASEReadCounter.table","NW_015090842.1:10336689",14,40,26
"CYB5B","s1639_F_NC_02_ASEReadCounter.table","NW_015090842.1:10336728",27,58,31
"CYB5B","s1639_F_NC_02_ASEReadCounter.table","NW_015090842.1:10345068",26,70,44
"CYB5B","s1639_F_NC_02_ASEReadCounter.table","NW_015090842.1:10348800",67,122,55
"CYB5B","s1639_F_NC_02_ASEReadCounter.table","NW_015090842.1:10348888",47,102,55
"CYB5B","s1639_F_NC_02_ASEReadCounter.table","NW_015090842.1:10349046",63,142,79
"CYB5B","s1639_F_NC_02_ASEReadCounter.table","NW_015090842.1:10349119",48,137,89
"CYB5B","s1639_F_NC_02_ASEReadCounter.table","NW_015090842.1:10349146",35,136,101
"CYB5B","s1639_F_NC_02_ASEReadCounter.table","NW_015090842.1:10349157",55,162,107
