"gene","id","snp","ref_count","total_count","alt_count"
"CENPN","s1639_F_PIT_01_ASEReadCounter.table","NW_015090842.1:5801612",1,1,0
"CENPN","s1639_F_PIT_01_ASEReadCounter.table","NW_015090842.1:5801618",1,1,0
"CENPN","s1639_F_PIT_01_ASEReadCounter.table","NW_015090842.1:5801623",3,3,0
"CENPN","s1639_F_PIT_01_ASEReadCounter.table","NW_015090842.1:5801631",3,3,0
"CENPN","s1639_F_PIT_01_ASEReadCounter.table","NW_015090842.1:5801632",2,2,0
"CENPN","s1639_F_PIT_01_ASEReadCounter.table","NW_015090842.1:5801655",2,4,2
"CENPN","s1639_F_PIT_01_ASEReadCounter.table","NW_015090842.1:5801662",3,5,2
"CENPN","s1639_F_PIT_01_ASEReadCounter.table","NW_015090842.1:5801670",3,5,2
"CENPN","s1639_F_PIT_01_ASEReadCounter.table","NW_015090842.1:5801674",3,5,2
"CENPN","s1639_F_PIT_01_ASEReadCounter.table","NW_015090842.1:5801692",5,7,2
"CENPN","s1639_F_PIT_01_ASEReadCounter.table","NW_015090842.1:5801697",5,7,2
"CENPN","s1639_F_PIT_01_ASEReadCounter.table","NW_015090842.1:5802008",5,9,4
"CENPN","s1639_F_PIT_01_ASEReadCounter.table","NW_015090842.1:5802012",5,9,4
"CENPN","s1639_F_PIT_01_ASEReadCounter.table","NW_015090842.1:5802087",4,10,6
"CENPN","s1639_F_PIT_01_ASEReadCounter.table","NW_015090842.1:5810113",6,6,0
"CENPN","s1639_F_PIT_01_ASEReadCounter.table","NW_015090842.1:5810147",5,5,0
"CENPN","s1639_F_PIT_01_ASEReadCounter.table","NW_015090842.1:5810148",5,5,0
"ATMIN","s1639_F_PIT_01_ASEReadCounter.table","NW_015090842.1:5818789",10,16,6
"ATMIN","s1639_F_PIT_01_ASEReadCounter.table","NW_015090842.1:5819958",18,28,10
"ATMIN","s1639_F_PIT_01_ASEReadCounter.table","NW_015090842.1:5820004",9,21,12
"ATMIN","s1639_F_PIT_01_ASEReadCounter.table","NW_015090842.1:5820217",10,26,16
"ATMIN","s1639_F_PIT_01_ASEReadCounter.table","NW_015090842.1:5820250",14,28,14
"ATMIN","s1639_F_PIT_01_ASEReadCounter.table","NW_015090842.1:5820298",15,29,14
"ATMIN","s1639_F_PIT_01_ASEReadCounter.table","NW_015090842.1:5820417",16,28,12
"ATMIN","s1639_F_PIT_01_ASEReadCounter.table","NW_015090842.1:5820421",16,28,12
"ATMIN","s1639_F_PIT_01_ASEReadCounter.table","NW_015090842.1:5820448",13,28,15
"ATMIN","s1639_F_PIT_01_ASEReadCounter.table","NW_015090842.1:5820457",11,24,13
"ATMIN","s1639_F_PIT_01_ASEReadCounter.table","NW_015090842.1:5820510",18,29,11
"ATMIN","s1639_F_PIT_01_ASEReadCounter.table","NW_015090842.1:5820673",8,18,10
"ATMIN","s1639_F_PIT_01_ASEReadCounter.table","NW_015090842.1:5820754",13,29,16
"ATMIN","s1639_F_PIT_01_ASEReadCounter.table","NW_015090842.1:5820820",11,31,20
"ATMIN","s1639_F_PIT_01_ASEReadCounter.table","NW_015090842.1:5820865",10,26,16
"ATMIN","s1639_F_PIT_01_ASEReadCounter.table","NW_015090842.1:5820889",11,26,15
"ATMIN","s1639_F_PIT_01_ASEReadCounter.table","NW_015090842.1:5820891",11,26,15
"ATMIN","s1639_F_PIT_01_ASEReadCounter.table","NW_015090842.1:5820997",17,28,11
"ATMIN","s1639_F_PIT_01_ASEReadCounter.table","NW_015090842.1:5821063",17,25,8
"ATMIN","s1639_F_PIT_01_ASEReadCounter.table","NW_015090842.1:5821132",15,27,12
"ATMIN","s1639_F_PIT_01_ASEReadCounter.table","NW_015090842.1:5821645",18,31,13
"ATMIN","s1639_F_PIT_01_ASEReadCounter.table","NW_015090842.1:5825066",19,35,16
"ATMIN","s1639_F_PIT_01_ASEReadCounter.table","NW_015090842.1:5825106",18,33,15
"ATMIN","s1639_F_PIT_01_ASEReadCounter.table","NW_015090842.1:5825122",9,23,14
"ATMIN","s1639_F_PIT_01_ASEReadCounter.table","NW_015090842.1:5825178",18,33,15
"ATMIN","s1639_F_PIT_01_ASEReadCounter.table","NW_015090842.1:5825194",20,34,14
"ATMIN","s1639_F_PIT_01_ASEReadCounter.table","NW_015090842.1:5825195",19,33,14
"ATMIN","s1639_F_PIT_01_ASEReadCounter.table","NW_015090842.1:5825220",15,31,16
"ATMIN","s1639_F_PIT_01_ASEReadCounter.table","NW_015090842.1:5825240",23,35,12
"ATMIN","s1639_F_PIT_01_ASEReadCounter.table","NW_015090842.1:5825303",26,43,17
"ATMIN","s1639_F_PIT_01_ASEReadCounter.table","NW_015090842.1:5825304",25,42,17
"ATMIN","s1639_F_PIT_01_ASEReadCounter.table","NW_015090842.1:5825310",24,40,16
"ATMIN","s1639_F_PIT_01_ASEReadCounter.table","NW_015090842.1:5825406",12,24,12
"ATMIN","s1639_F_PIT_01_ASEReadCounter.table","NW_015090842.1:5825415",12,21,9
"ATMIN","s1639_F_PIT_01_ASEReadCounter.table","NW_015090842.1:5825438",12,23,11
"ATMIN","s1639_F_PIT_01_ASEReadCounter.table","NW_015090842.1:5825485",20,32,12
"ATMIN","s1639_F_PIT_01_ASEReadCounter.table","NW_015090842.1:5825524",26,45,19
"ATMIN","s1639_F_PIT_01_ASEReadCounter.table","NW_015090842.1:5825557",24,41,17
"ATMIN","s1639_F_PIT_01_ASEReadCounter.table","NW_015090842.1:5825571",25,46,21
"ATMIN","s1639_F_PIT_01_ASEReadCounter.table","NW_015090842.1:5825579",22,42,20
"ATMIN","s1639_F_PIT_01_ASEReadCounter.table","NW_015090842.1:5825590",20,39,19
"ATMIN","s1639_F_PIT_01_ASEReadCounter.table","NW_015090842.1:5825689",19,36,17
"ATMIN","s1639_F_PIT_01_ASEReadCounter.table","NW_015090842.1:5825703",25,43,18
"ATMIN","s1639_F_PIT_01_ASEReadCounter.table","NW_015090842.1:5825787",23,40,17
"ATMIN","s1639_F_PIT_01_ASEReadCounter.table","NW_015090842.1:5825833",20,39,19
"ATMIN","s1639_F_PIT_01_ASEReadCounter.table","NW_015090842.1:5825841",16,36,20
"ATMIN","s1639_F_PIT_01_ASEReadCounter.table","NW_015090842.1:5825895",19,38,19
"ATMIN","s1639_F_PIT_01_ASEReadCounter.table","NW_015090842.1:5825984",20,37,17
"ATMIN","s1639_F_PIT_01_ASEReadCounter.table","NW_015090842.1:5826162",28,42,14
"ATMIN","s1639_F_PIT_01_ASEReadCounter.table","NW_015090842.1:5826194",29,45,16
"ATMIN","s1639_F_PIT_01_ASEReadCounter.table","NW_015090842.1:5826235",23,40,17
"ATMIN","s1639_F_PIT_01_ASEReadCounter.table","NW_015090842.1:5826245",25,41,16
"ATMIN","s1639_F_PIT_01_ASEReadCounter.table","NW_015090842.1:5826335",15,28,13
"ATMIN","s1639_F_PIT_01_ASEReadCounter.table","NW_015090842.1:5826417",13,17,4
"ATMIN","s1639_F_PIT_01_ASEReadCounter.table","NW_015090842.1:5826431",15,28,13
"ATMIN","s1639_F_PIT_01_ASEReadCounter.table","NW_015090842.1:5826438",15,27,12
"ATMIN","s1639_F_PIT_01_ASEReadCounter.table","NW_015090842.1:5826463",18,33,15
"ATMIN","s1639_F_PIT_01_ASEReadCounter.table","NW_015090842.1:5826502",23,43,20
"ATMIN","s1639_F_PIT_01_ASEReadCounter.table","NW_015090842.1:5826511",23,43,20
"ATMIN","s1639_F_PIT_01_ASEReadCounter.table","NW_015090842.1:5826659",22,38,16
"ATMIN","s1639_F_PIT_01_ASEReadCounter.table","NW_015090842.1:5826701",24,41,17
"ATMIN","s1639_F_PIT_01_ASEReadCounter.table","NW_015090842.1:5826702",24,41,17
"ATMIN","s1639_F_PIT_01_ASEReadCounter.table","NW_015090842.1:5826732",29,49,20
"ATMIN","s1639_F_PIT_01_ASEReadCounter.table","NW_015090842.1:5826745",31,52,21
"ATMIN","s1639_F_PIT_01_ASEReadCounter.table","NW_015090842.1:5826835",22,42,20
"ATMIN","s1639_F_PIT_01_ASEReadCounter.table","NW_015090842.1:5826942",17,44,27
"ATMIN","s1639_F_PIT_01_ASEReadCounter.table","NW_015090842.1:5827193",28,56,28
"ATMIN","s1639_F_PIT_01_ASEReadCounter.table","NW_015090842.1:5827196",25,53,28
"ATMIN","s1639_F_PIT_01_ASEReadCounter.table","NW_015090842.1:5827269",25,47,22
"ATMIN","s1639_F_PIT_01_ASEReadCounter.table","NW_015090842.1:5827315",18,36,18
"ATMIN","s1639_F_PIT_01_ASEReadCounter.table","NW_015090842.1:5827316",18,36,18
"ATMIN","s1639_F_PIT_01_ASEReadCounter.table","NW_015090842.1:5827333",20,38,18
"PPP1R3E","s1639_F_PIT_01_ASEReadCounter.table","NW_015090842.1:5837733",10,17,7
"PPP1R3E","s1639_F_PIT_01_ASEReadCounter.table","NW_015090842.1:5837947",6,14,8
"PKD1L2","s1639_F_PIT_01_ASEReadCounter.table","NW_015090842.1:5867509",1,2,1
"PKD1L2","s1639_F_PIT_01_ASEReadCounter.table","NW_015090842.1:5867597",2,5,3
"PKD1L2","s1639_F_PIT_01_ASEReadCounter.table","NW_015090842.1:5867600",3,6,3
"PKD1L2","s1639_F_PIT_01_ASEReadCounter.table","NW_015090842.1:5867660",5,8,3
"PKD1L2","s1639_F_PIT_01_ASEReadCounter.table","NW_015090842.1:5867675",4,6,2
"PKD1L2","s1639_F_PIT_01_ASEReadCounter.table","NW_015090842.1:5867788",6,8,2
"PKD1L2","s1639_F_PIT_01_ASEReadCounter.table","NW_015090842.1:5867843",2,4,2
"BCO1","s1639_F_PIT_01_ASEReadCounter.table","NW_015090842.1:5915610",1,3,2
"BCO1","s1639_F_PIT_01_ASEReadCounter.table","NW_015090842.1:5917836",1,2,1
"BCO1","s1639_F_PIT_01_ASEReadCounter.table","NW_015090842.1:5917912",16,23,7
"BCO1","s1639_F_PIT_01_ASEReadCounter.table","NW_015090842.1:5917941",26,36,10
"BCO1","s1639_F_PIT_01_ASEReadCounter.table","NW_015090842.1:5917971",30,39,9
"BCO1","s1639_F_PIT_01_ASEReadCounter.table","NW_015090842.1:5921679",44,52,8
"BCO1","s1639_F_PIT_01_ASEReadCounter.table","NW_015090842.1:5921726",41,49,8
"BCO1","s1639_F_PIT_01_ASEReadCounter.table","NW_015090842.1:5925669",18,27,9
"BCO1","s1639_F_PIT_01_ASEReadCounter.table","NW_015090842.1:5926937",19,26,7
"BCO1","s1639_F_PIT_01_ASEReadCounter.table","NW_015090842.1:5927921",22,28,6
"BCO1","s1639_F_PIT_01_ASEReadCounter.table","NW_015090842.1:5927948",21,30,9
"BCO1","s1639_F_PIT_01_ASEReadCounter.table","NW_015090842.1:5927968",17,29,12
"BCO1","s1639_F_PIT_01_ASEReadCounter.table","NW_015090842.1:5928052",14,20,6
"BCO1","s1639_F_PIT_01_ASEReadCounter.table","NW_015090842.1:5932726",39,50,11
"BCO1","s1639_F_PIT_01_ASEReadCounter.table","NW_015090842.1:5932801",30,44,14
"BCO1","s1639_F_PIT_01_ASEReadCounter.table","NW_015090842.1:5934558",27,33,6
"BCO1","s1639_F_PIT_01_ASEReadCounter.table","NW_015090842.1:5934575",30,36,6
"BCO1","s1639_F_PIT_01_ASEReadCounter.table","NW_015090842.1:5934608",29,39,10
"BCO1","s1639_F_PIT_01_ASEReadCounter.table","NW_015090842.1:5934647",30,45,15
"BCO1","s1639_F_PIT_01_ASEReadCounter.table","NW_015090842.1:5934725",29,41,12
"BCO1","s1639_F_PIT_01_ASEReadCounter.table","NW_015090842.1:5934726",29,41,12
"BCO1","s1639_F_PIT_01_ASEReadCounter.table","NW_015090842.1:5934733",26,35,9
"BCO1","s1639_F_PIT_01_ASEReadCounter.table","NW_015090842.1:5934821",18,26,8
"BCO1","s1639_F_PIT_01_ASEReadCounter.table","NW_015090842.1:5934826",16,23,7
"BCO1","s1639_F_PIT_01_ASEReadCounter.table","NW_015090842.1:5934844",9,15,6
"BCO1","s1639_F_PIT_01_ASEReadCounter.table","NW_015090842.1:5934958",18,30,12
"BCO1","s1639_F_PIT_01_ASEReadCounter.table","NW_015090842.1:5934976",19,31,12
"GAN","s1639_F_PIT_01_ASEReadCounter.table","NW_015090842.1:5939249",0,2,2
"GAN","s1639_F_PIT_01_ASEReadCounter.table","NW_015090842.1:5953759",5,10,5
"GAN","s1639_F_PIT_01_ASEReadCounter.table","NW_015090842.1:5957502",6,7,1
"GAN","s1639_F_PIT_01_ASEReadCounter.table","NW_015090842.1:5957578",4,4,0
"GAN","s1639_F_PIT_01_ASEReadCounter.table","NW_015090842.1:5966047",5,9,4
"GAN","s1639_F_PIT_01_ASEReadCounter.table","NW_015090842.1:5966126",4,4,0
"GAN","s1639_F_PIT_01_ASEReadCounter.table","NW_015090842.1:5966127",4,5,1
"GAN","s1639_F_PIT_01_ASEReadCounter.table","NW_015090842.1:5966162",5,8,3
"GAN","s1639_F_PIT_01_ASEReadCounter.table","NW_015090842.1:5966483",6,15,9
"CMIP","s1639_F_PIT_01_ASEReadCounter.table","NW_015090842.1:6109159",18,35,17
"CMIP","s1639_F_PIT_01_ASEReadCounter.table","NW_015090842.1:6109166",15,32,17
"CMIP","s1639_F_PIT_01_ASEReadCounter.table","NW_015090842.1:6114641",18,33,15
"CMIP","s1639_F_PIT_01_ASEReadCounter.table","NW_015090842.1:6114751",18,29,11
"CMIP","s1639_F_PIT_01_ASEReadCounter.table","NW_015090842.1:6114824",8,24,16
"CMIP","s1639_F_PIT_01_ASEReadCounter.table","NW_015090842.1:6126295",58,59,1
"CMIP","s1639_F_PIT_01_ASEReadCounter.table","NW_015090842.1:6128998",20,55,35
"CMIP","s1639_F_PIT_01_ASEReadCounter.table","NW_015090842.1:6130562",36,103,67
"CMIP","s1639_F_PIT_01_ASEReadCounter.table","NW_015090842.1:6132522",31,68,37
"CMIP","s1639_F_PIT_01_ASEReadCounter.table","NW_015090842.1:6138265",30,101,71
"CMIP","s1639_F_PIT_01_ASEReadCounter.table","NW_015090842.1:6138300",36,117,81
"CMIP","s1639_F_PIT_01_ASEReadCounter.table","NW_015090842.1:6138342",42,116,74
"CMIP","s1639_F_PIT_01_ASEReadCounter.table","NW_015090842.1:6138343",42,118,76
"CMIP","s1639_F_PIT_01_ASEReadCounter.table","NW_015090842.1:6138345",42,117,75
"CMIP","s1639_F_PIT_01_ASEReadCounter.table","NW_015090842.1:6138647",27,88,61
"CMIP","s1639_F_PIT_01_ASEReadCounter.table","NW_015090842.1:6138745",24,82,58
"CMIP","s1639_F_PIT_01_ASEReadCounter.table","NW_015090842.1:6138832",2,36,34
"CMIP","s1639_F_PIT_01_ASEReadCounter.table","NW_015090842.1:6138967",33,89,56
"CMIP","s1639_F_PIT_01_ASEReadCounter.table","NW_015090842.1:6139131",7,41,34
"CMIP","s1639_F_PIT_01_ASEReadCounter.table","NW_015090842.1:6139163",0,34,34
"CMIP","s1639_F_PIT_01_ASEReadCounter.table","NW_015090842.1:6139212",44,48,4
"CMIP","s1639_F_PIT_01_ASEReadCounter.table","NW_015090842.1:6139360",9,22,13
"CMIP","s1639_F_PIT_01_ASEReadCounter.table","NW_015090842.1:6139572",2,14,12
"PLCG2","s1639_F_PIT_01_ASEReadCounter.table","NW_015090842.1:6179613",3,4,1
"PLCG2","s1639_F_PIT_01_ASEReadCounter.table","NW_015090842.1:6179658",7,9,2
"PLCG2","s1639_F_PIT_01_ASEReadCounter.table","NW_015090842.1:6203766",9,19,10
"PLCG2","s1639_F_PIT_01_ASEReadCounter.table","NW_015090842.1:6203775",8,18,10
"PLCG2","s1639_F_PIT_01_ASEReadCounter.table","NW_015090842.1:6203787",7,19,12
"PLCG2","s1639_F_PIT_01_ASEReadCounter.table","NW_015090842.1:6209741",12,24,12
"PLCG2","s1639_F_PIT_01_ASEReadCounter.table","NW_015090842.1:6209798",17,32,15
"PLCG2","s1639_F_PIT_01_ASEReadCounter.table","NW_015090842.1:6209816",21,36,15
"PLCG2","s1639_F_PIT_01_ASEReadCounter.table","NW_015090842.1:6217547",28,83,55
"PLCG2","s1639_F_PIT_01_ASEReadCounter.table","NW_015090842.1:6218641",20,62,42
"PLCG2","s1639_F_PIT_01_ASEReadCounter.table","NW_015090842.1:6220552",22,44,22
"PLCG2","s1639_F_PIT_01_ASEReadCounter.table","NW_015090842.1:6221969",23,36,13
"PLCG2","s1639_F_PIT_01_ASEReadCounter.table","NW_015090842.1:6228672",19,27,8
"PLCG2","s1639_F_PIT_01_ASEReadCounter.table","NW_015090842.1:6228694",20,27,7
"PLCG2","s1639_F_PIT_01_ASEReadCounter.table","NW_015090842.1:6228722",22,31,9
"PLCG2","s1639_F_PIT_01_ASEReadCounter.table","NW_015090842.1:6228747",16,25,9
"PLCG2","s1639_F_PIT_01_ASEReadCounter.table","NW_015090842.1:6228835",21,31,10
"PLCG2","s1639_F_PIT_01_ASEReadCounter.table","NW_015090842.1:6228841",20,34,14
"PLCG2","s1639_F_PIT_01_ASEReadCounter.table","NW_015090842.1:6228865",18,33,15
"PLCG2","s1639_F_PIT_01_ASEReadCounter.table","NW_015090842.1:6228917",29,46,17
"PLCG2","s1639_F_PIT_01_ASEReadCounter.table","NW_015090842.1:6228926",25,41,16
"PLCG2","s1639_F_PIT_01_ASEReadCounter.table","NW_015090842.1:6228954",22,30,8
"PLCG2","s1639_F_PIT_01_ASEReadCounter.table","NW_015090842.1:6229002",21,31,10
"PLCG2","s1639_F_PIT_01_ASEReadCounter.table","NW_015090842.1:6229006",20,30,10
"PLCG2","s1639_F_PIT_01_ASEReadCounter.table","NW_015090842.1:6229081",25,36,11
"PLCG2","s1639_F_PIT_01_ASEReadCounter.table","NW_015090842.1:6229097",22,29,7
"PLCG2","s1639_F_PIT_01_ASEReadCounter.table","NW_015090842.1:6229160",15,17,2
"PLCG2","s1639_F_PIT_01_ASEReadCounter.table","NW_015090842.1:6229213",18,21,3
"PLCG2","s1639_F_PIT_01_ASEReadCounter.table","NW_015090842.1:6229231",18,22,4
"PLCG2","s1639_F_PIT_01_ASEReadCounter.table","NW_015090842.1:6229663",25,31,6
"PLCG2","s1639_F_PIT_01_ASEReadCounter.table","NW_015090842.1:6229748",20,25,5
"PLCG2","s1639_F_PIT_01_ASEReadCounter.table","NW_015090842.1:6229892",18,23,5
"PLCG2","s1639_F_PIT_01_ASEReadCounter.table","NW_015090842.1:6230248",17,25,8
"PLCG2","s1639_F_PIT_01_ASEReadCounter.table","NW_015090842.1:6230255",17,25,8
"PLCG2","s1639_F_PIT_01_ASEReadCounter.table","NW_015090842.1:6230276",13,21,8
"PLCG2","s1639_F_PIT_01_ASEReadCounter.table","NW_015090842.1:6230296",12,19,7
"PLCG2","s1639_F_PIT_01_ASEReadCounter.table","NW_015090842.1:6230349",20,23,3
"PLCG2","s1639_F_PIT_01_ASEReadCounter.table","NW_015090842.1:6230408",26,31,5
"PLCG2","s1639_F_PIT_01_ASEReadCounter.table","NW_015090842.1:6230439",22,28,6
"PLCG2","s1639_F_PIT_01_ASEReadCounter.table","NW_015090842.1:6230757",9,13,4
"PLCG2","s1639_F_PIT_01_ASEReadCounter.table","NW_015090842.1:6230758",9,12,3
"PLCG2","s1639_F_PIT_01_ASEReadCounter.table","NW_015090842.1:6230898",23,30,7
"PLCG2","s1639_F_PIT_01_ASEReadCounter.table","NW_015090842.1:6230976",27,34,7
"PLCG2","s1639_F_PIT_01_ASEReadCounter.table","NW_015090842.1:6231078",23,32,9
"PLCG2","s1639_F_PIT_01_ASEReadCounter.table","NW_015090842.1:6231138",29,37,8
"PLCG2","s1639_F_PIT_01_ASEReadCounter.table","NW_015090842.1:6231177",25,32,7
"PLCG2","s1639_F_PIT_01_ASEReadCounter.table","NW_015090842.1:6231263",20,23,3
"SDR42E1","s1639_F_PIT_01_ASEReadCounter.table","NW_015090842.1:6235292",1,5,4
"SDR42E1","s1639_F_PIT_01_ASEReadCounter.table","NW_015090842.1:6235315",3,10,7
"SDR42E1","s1639_F_PIT_01_ASEReadCounter.table","NW_015090842.1:6235348",6,20,14
"SDR42E1","s1639_F_PIT_01_ASEReadCounter.table","NW_015090842.1:6235355",6,21,15
"SDR42E1","s1639_F_PIT_01_ASEReadCounter.table","NW_015090842.1:6235417",9,26,17
"SDR42E1","s1639_F_PIT_01_ASEReadCounter.table","NW_015090842.1:6235558",12,36,24
"SDR42E1","s1639_F_PIT_01_ASEReadCounter.table","NW_015090842.1:6235741",26,50,24
"SDR42E1","s1639_F_PIT_01_ASEReadCounter.table","NW_015090842.1:6235777",21,43,22
"SDR42E1","s1639_F_PIT_01_ASEReadCounter.table","NW_015090842.1:6235806",18,52,34
"SDR42E1","s1639_F_PIT_01_ASEReadCounter.table","NW_015090842.1:6235809",18,51,33
"SDR42E1","s1639_F_PIT_01_ASEReadCounter.table","NW_015090842.1:6235816",17,47,30
"SDR42E1","s1639_F_PIT_01_ASEReadCounter.table","NW_015090842.1:6235914",17,38,21
"SDR42E1","s1639_F_PIT_01_ASEReadCounter.table","NW_015090842.1:6235935",17,35,18
"SDR42E1","s1639_F_PIT_01_ASEReadCounter.table","NW_015090842.1:6235957",13,32,19
"SDR42E1","s1639_F_PIT_01_ASEReadCounter.table","NW_015090842.1:6236040",4,30,26
"SDR42E1","s1639_F_PIT_01_ASEReadCounter.table","NW_015090842.1:6236260",14,38,24
"SDR42E1","s1639_F_PIT_01_ASEReadCounter.table","NW_015090842.1:6236281",16,41,25
"SDR42E1","s1639_F_PIT_01_ASEReadCounter.table","NW_015090842.1:6236305",15,49,34
"SDR42E1","s1639_F_PIT_01_ASEReadCounter.table","NW_015090842.1:6236458",21,51,30
"SDR42E1","s1639_F_PIT_01_ASEReadCounter.table","NW_015090842.1:6236476",21,55,34
"SDR42E1","s1639_F_PIT_01_ASEReadCounter.table","NW_015090842.1:6236608",12,41,29
"SDR42E1","s1639_F_PIT_01_ASEReadCounter.table","NW_015090842.1:6238244",17,32,15
"SDR42E1","s1639_F_PIT_01_ASEReadCounter.table","NW_015090842.1:6238829",5,12,7
"HSD17B2","s1639_F_PIT_01_ASEReadCounter.table","NW_015090842.1:6257616",0,2,2
"HSD17B2","s1639_F_PIT_01_ASEReadCounter.table","NW_015090842.1:6257711",0,3,3
"HSD17B2","s1639_F_PIT_01_ASEReadCounter.table","NW_015090842.1:6257712",0,2,2
"HSD17B2","s1639_F_PIT_01_ASEReadCounter.table","NW_015090842.1:6257737",0,2,2
"HSD17B2","s1639_F_PIT_01_ASEReadCounter.table","NW_015090842.1:6257758",0,2,2
"HSD17B2","s1639_F_PIT_01_ASEReadCounter.table","NW_015090842.1:6257767",0,1,1
"HSD17B2","s1639_F_PIT_01_ASEReadCounter.table","NW_015090842.1:6257829",0,1,1
"HSD17B2","s1639_F_PIT_01_ASEReadCounter.table","NW_015090842.1:6257851",0,1,1
"HSD17B2","s1639_F_PIT_01_ASEReadCounter.table","NW_015090842.1:6262951",0,1,1
"HSD17B2","s1639_F_PIT_01_ASEReadCounter.table","NW_015090842.1:6262974",0,1,1
"HSD17B2","s1639_F_PIT_01_ASEReadCounter.table","NW_015090842.1:6266795",0,2,2
"HSD17B2","s1639_F_PIT_01_ASEReadCounter.table","NW_015090842.1:6266944",0,1,1
"HSD17B2","s1639_F_PIT_01_ASEReadCounter.table","NW_015090842.1:6267053",0,1,1
"HSD17B2","s1639_F_PIT_01_ASEReadCounter.table","NW_015090842.1:6267674",0,1,1
"HSD17B2","s1639_F_PIT_01_ASEReadCounter.table","NW_015090842.1:6267913",0,1,1
"HSD17B2","s1639_F_PIT_01_ASEReadCounter.table","NW_015090842.1:6268098",0,1,1
"ARY2","s1639_F_PIT_01_ASEReadCounter.table","NW_015090842.1:6303922",2,3,1
"ARY2","s1639_F_PIT_01_ASEReadCounter.table","NW_015090842.1:6303954",2,5,3
"ARY2","s1639_F_PIT_01_ASEReadCounter.table","NW_015090842.1:6303979",2,6,4
"ARY2","s1639_F_PIT_01_ASEReadCounter.table","NW_015090842.1:6305848",2,5,3
"ARY2","s1639_F_PIT_01_ASEReadCounter.table","NW_015090842.1:6305856",2,5,3
"ARY2","s1639_F_PIT_01_ASEReadCounter.table","NW_015090842.1:6305857",2,5,3
"ARY2","s1639_F_PIT_01_ASEReadCounter.table","NW_015090842.1:6306017",1,4,3
"ARY2","s1639_F_PIT_01_ASEReadCounter.table","NW_015090842.1:6306052",2,5,3
"ARY2","s1639_F_PIT_01_ASEReadCounter.table","NW_015090842.1:6306094",3,9,6
"ARY2","s1639_F_PIT_01_ASEReadCounter.table","NW_015090842.1:6306100",3,9,6
"ARY2","s1639_F_PIT_01_ASEReadCounter.table","NW_015090842.1:6306146",1,6,5
"ARY2","s1639_F_PIT_01_ASEReadCounter.table","NW_015090842.1:6306147",1,7,6
"ARY2","s1639_F_PIT_01_ASEReadCounter.table","NW_015090842.1:6306390",2,6,4
"ARY2","s1639_F_PIT_01_ASEReadCounter.table","NW_015090842.1:6306567",3,3,0
"ARY2","s1639_F_PIT_01_ASEReadCounter.table","NW_015090842.1:6306705",1,2,1
"ARY2","s1639_F_PIT_01_ASEReadCounter.table","NW_015090842.1:6306773",1,1,0
"ARY2","s1639_F_PIT_01_ASEReadCounter.table","NW_015090842.1:6307039",5,10,5
"ARY2","s1639_F_PIT_01_ASEReadCounter.table","NW_015090842.1:6307043",5,10,5
"ARY2","s1639_F_PIT_01_ASEReadCounter.table","NW_015090842.1:6307093",2,6,4
"ARY2","s1639_F_PIT_01_ASEReadCounter.table","NW_015090842.1:6307138",0,3,3
"ARY2","s1639_F_PIT_01_ASEReadCounter.table","NW_015090842.1:6307157",0,3,3
"ARY2","s1639_F_PIT_01_ASEReadCounter.table","NW_015090842.1:6307187",0,3,3
"ARY2","s1639_F_PIT_01_ASEReadCounter.table","NW_015090842.1:6307204",0,3,3
"ARY2","s1639_F_PIT_01_ASEReadCounter.table","NW_015090842.1:6307429",4,4,0
"ARY2","s1639_F_PIT_01_ASEReadCounter.table","NW_015090842.1:6307487",3,3,0
"ARY2","s1639_F_PIT_01_ASEReadCounter.table","NW_015090842.1:6307670",2,2,0
"ARYL","s1639_F_PIT_01_ASEReadCounter.table","NW_015090842.1:6313360",1,4,3
"ARYL","s1639_F_PIT_01_ASEReadCounter.table","NW_015090842.1:6313377",1,3,2
"ARYL","s1639_F_PIT_01_ASEReadCounter.table","NW_015090842.1:6313767",2,3,1
"ARY1","s1639_F_PIT_01_ASEReadCounter.table","NW_015090842.1:6314296",0,6,6
"ARY1","s1639_F_PIT_01_ASEReadCounter.table","NW_015090842.1:6314541",0,1,1
"ARY1","s1639_F_PIT_01_ASEReadCounter.table","NW_015090842.1:6314597",1,2,1
"ARY1","s1639_F_PIT_01_ASEReadCounter.table","NW_015090842.1:6314750",2,4,2
"ARY1","s1639_F_PIT_01_ASEReadCounter.table","NW_015090842.1:6314794",1,2,1
"ARY1","s1639_F_PIT_01_ASEReadCounter.table","NW_015090842.1:6314827",1,3,2
"ARY1","s1639_F_PIT_01_ASEReadCounter.table","NW_015090842.1:6314859",2,5,3
"ARY1","s1639_F_PIT_01_ASEReadCounter.table","NW_015090842.1:6314886",2,6,4
"ARY1","s1639_F_PIT_01_ASEReadCounter.table","NW_015090842.1:6315022",2,4,2
"ARY1","s1639_F_PIT_01_ASEReadCounter.table","NW_015090842.1:6315026",2,4,2
"ARY1","s1639_F_PIT_01_ASEReadCounter.table","NW_015090842.1:6315043",3,5,2
"ARY1","s1639_F_PIT_01_ASEReadCounter.table","NW_015090842.1:6315065",2,5,3
"ARY1","s1639_F_PIT_01_ASEReadCounter.table","NW_015090842.1:6315409",2,4,2
"ARY1","s1639_F_PIT_01_ASEReadCounter.table","NW_015090842.1:6315479",3,6,3
"ARY1","s1639_F_PIT_01_ASEReadCounter.table","NW_015090842.1:6318342",4,5,1
"ARY1","s1639_F_PIT_01_ASEReadCounter.table","NW_015090842.1:6318427",2,5,3
"ARY1","s1639_F_PIT_01_ASEReadCounter.table","NW_015090842.1:6318603",5,8,3
"ARY1","s1639_F_PIT_01_ASEReadCounter.table","NW_015090842.1:6318708",4,6,2
"ARY1","s1639_F_PIT_01_ASEReadCounter.table","NW_015090842.1:6318858",2,4,2
"ARY1","s1639_F_PIT_01_ASEReadCounter.table","NW_015090842.1:6318952",4,8,4
"MPHOSPH6","s1639_F_PIT_01_ASEReadCounter.table","NW_015090842.1:6324063",26,67,41
"MPHOSPH6","s1639_F_PIT_01_ASEReadCounter.table","NW_015090842.1:6324174",73,162,89
"MPHOSPH6","s1639_F_PIT_01_ASEReadCounter.table","NW_015090842.1:6324270",90,193,103
"MPHOSPH6","s1639_F_PIT_01_ASEReadCounter.table","NW_015090842.1:6324762",74,163,89
"MPHOSPH6","s1639_F_PIT_01_ASEReadCounter.table","NW_015090842.1:6324780",77,153,76
"MPHOSPH6","s1639_F_PIT_01_ASEReadCounter.table","NW_015090842.1:6324902",84,183,99
"MPHOSPH6","s1639_F_PIT_01_ASEReadCounter.table","NW_015090842.1:6325066",80,200,120
"MPHOSPH6","s1639_F_PIT_01_ASEReadCounter.table","NW_015090842.1:6325089",91,216,125
"MPHOSPH6","s1639_F_PIT_01_ASEReadCounter.table","NW_015090842.1:6325877",101,243,142
"MPHOSPH6","s1639_F_PIT_01_ASEReadCounter.table","NW_015090842.1:6326976",73,177,104
"CDH13","s1639_F_PIT_01_ASEReadCounter.table","NW_015090842.1:6662283",5,7,2
"CDH13","s1639_F_PIT_01_ASEReadCounter.table","NW_015090842.1:6693665",2,3,1
"CDH13","s1639_F_PIT_01_ASEReadCounter.table","NW_015090842.1:6693697",1,1,0
"CDH13","s1639_F_PIT_01_ASEReadCounter.table","NW_015090842.1:6693712",1,1,0
"CDH13","s1639_F_PIT_01_ASEReadCounter.table","NW_015090842.1:6693723",3,3,0
"CDH13","s1639_F_PIT_01_ASEReadCounter.table","NW_015090842.1:6693738",2,3,1
"CDH13","s1639_F_PIT_01_ASEReadCounter.table","NW_015090842.1:6823730",5,6,1
"CDH13","s1639_F_PIT_01_ASEReadCounter.table","NW_015090842.1:6889713",3,3,0
"CDH13","s1639_F_PIT_01_ASEReadCounter.table","NW_015090842.1:6955167",1,4,3
"MLYCD","s1639_F_PIT_01_ASEReadCounter.table","NW_015090842.1:7150054",29,64,35
"MLYCD","s1639_F_PIT_01_ASEReadCounter.table","NW_015090842.1:7150131",46,98,52
"MLYCD","s1639_F_PIT_01_ASEReadCounter.table","NW_015090842.1:7150585",46,96,50
"MLYCD","s1639_F_PIT_01_ASEReadCounter.table","NW_015090842.1:7150686",33,78,45
"MLYCD","s1639_F_PIT_01_ASEReadCounter.table","NW_015090842.1:7150696",35,83,48
"MLYCD","s1639_F_PIT_01_ASEReadCounter.table","NW_015090842.1:7150869",39,78,39
"MLYCD","s1639_F_PIT_01_ASEReadCounter.table","NW_015090842.1:7151100",50,106,56
"MLYCD","s1639_F_PIT_01_ASEReadCounter.table","NW_015090842.1:7151127",44,104,60
"MLYCD","s1639_F_PIT_01_ASEReadCounter.table","NW_015090842.1:7157538",55,111,56
"MLYCD","s1639_F_PIT_01_ASEReadCounter.table","NW_015090842.1:7167662",24,50,26
"MLYCD","s1639_F_PIT_01_ASEReadCounter.table","NW_015090842.1:7167675",25,47,22
"MLYCD","s1639_F_PIT_01_ASEReadCounter.table","NW_015090842.1:7167710",23,48,25
"MLYCD","s1639_F_PIT_01_ASEReadCounter.table","NW_015090842.1:7167781",13,33,20
"MLYCD","s1639_F_PIT_01_ASEReadCounter.table","NW_015090842.1:7167803",11,25,14
"MLYCD","s1639_F_PIT_01_ASEReadCounter.table","NW_015090842.1:7167812",12,24,12
"MLYCD","s1639_F_PIT_01_ASEReadCounter.table","NW_015090842.1:7167845",20,41,21
"MLYCD","s1639_F_PIT_01_ASEReadCounter.table","NW_015090842.1:7167862",23,43,20
"MLYCD","s1639_F_PIT_01_ASEReadCounter.table","NW_015090842.1:7167929",22,41,19
"MLYCD","s1639_F_PIT_01_ASEReadCounter.table","NW_015090842.1:7167995",18,34,16
"MLYCD","s1639_F_PIT_01_ASEReadCounter.table","NW_015090842.1:7168005",15,30,15
"MLYCD","s1639_F_PIT_01_ASEReadCounter.table","NW_015090842.1:7168037",14,30,16
"HSBP1","s1639_F_PIT_01_ASEReadCounter.table","NW_015090842.1:7245192",263,448,185
"HSBP1","s1639_F_PIT_01_ASEReadCounter.table","NW_015090842.1:7245226",284,517,233
"HSBP1","s1639_F_PIT_01_ASEReadCounter.table","NW_015090842.1:7245257",245,452,207
"HSBP1","s1639_F_PIT_01_ASEReadCounter.table","NW_015090842.1:7245296",206,432,226
"HSBP1","s1639_F_PIT_01_ASEReadCounter.table","NW_015090842.1:7245389",329,596,267
"HSBP1","s1639_F_PIT_01_ASEReadCounter.table","NW_015090842.1:7245400",340,584,244
"HSBP1","s1639_F_PIT_01_ASEReadCounter.table","NW_015090842.1:7245445",329,589,260
"HSBP1","s1639_F_PIT_01_ASEReadCounter.table","NW_015090842.1:7245495",301,535,234
"HSBP1","s1639_F_PIT_01_ASEReadCounter.table","NW_015090842.1:7245733",204,392,188
"HSBP1","s1639_F_PIT_01_ASEReadCounter.table","NW_015090842.1:7245771",211,403,192
"HSBP1","s1639_F_PIT_01_ASEReadCounter.table","NW_015090842.1:7245813",248,431,183
"HSBP1","s1639_F_PIT_01_ASEReadCounter.table","NW_015090842.1:7245926",276,507,231
"HSBP1","s1639_F_PIT_01_ASEReadCounter.table","NW_015090842.1:7245927",279,508,229
"HSBP1","s1639_F_PIT_01_ASEReadCounter.table","NW_015090842.1:7245933",275,497,222
"HSBP1","s1639_F_PIT_01_ASEReadCounter.table","NW_015090842.1:7246002",206,398,192
"HSBP1","s1639_F_PIT_01_ASEReadCounter.table","NW_015090842.1:7246094",320,554,234
"HSBP1","s1639_F_PIT_01_ASEReadCounter.table","NW_015090842.1:7246167",305,553,248
"HSBP1","s1639_F_PIT_01_ASEReadCounter.table","NW_015090842.1:7246183",298,538,240
"HSBP1","s1639_F_PIT_01_ASEReadCounter.table","NW_015090842.1:7247285",52,78,26
"HSBP1","s1639_F_PIT_01_ASEReadCounter.table","NW_015090842.1:7247651",449,877,428
"HSBP1","s1639_F_PIT_01_ASEReadCounter.table","NW_015090842.1:7247657",449,877,428
"HSBP1","s1639_F_PIT_01_ASEReadCounter.table","NW_015090842.1:7248520",315,580,265
"HSBP1","s1639_F_PIT_01_ASEReadCounter.table","NW_015090842.1:7248535",264,462,198
"KCNG4","s1639_F_PIT_01_ASEReadCounter.table","NW_015090842.1:7282481",0,1,1
"KCNG4","s1639_F_PIT_01_ASEReadCounter.table","NW_015090842.1:7282500",1,2,1
"KCNG4","s1639_F_PIT_01_ASEReadCounter.table","NW_015090842.1:7282542",1,1,0
"KCNG4","s1639_F_PIT_01_ASEReadCounter.table","NW_015090842.1:7282579",2,2,0
"KCNG4","s1639_F_PIT_01_ASEReadCounter.table","NW_015090842.1:7282630",1,2,1
"KCNG4","s1639_F_PIT_01_ASEReadCounter.table","NW_015090842.1:7283056",1,3,2
"KCNG4","s1639_F_PIT_01_ASEReadCounter.table","NW_015090842.1:7283245",1,1,0
"KCNG4","s1639_F_PIT_01_ASEReadCounter.table","NW_015090842.1:7301195",1,2,1
"KCNG4","s1639_F_PIT_01_ASEReadCounter.table","NW_015090842.1:7301227",1,2,1
"KCNG4","s1639_F_PIT_01_ASEReadCounter.table","NW_015090842.1:7301240",1,2,1
"KCNG4","s1639_F_PIT_01_ASEReadCounter.table","NW_015090842.1:7301413",1,2,1
"WFDC1","s1639_F_PIT_01_ASEReadCounter.table","NW_015090842.1:7366517",2,3,1
"WFDC1","s1639_F_PIT_01_ASEReadCounter.table","NW_015090842.1:7373367",0,1,1
"WFDC1","s1639_F_PIT_01_ASEReadCounter.table","NW_015090842.1:7375828",1,2,1
"WFDC1","s1639_F_PIT_01_ASEReadCounter.table","NW_015090842.1:7378036",2,2,0
"WFDC1","s1639_F_PIT_01_ASEReadCounter.table","NW_015090842.1:7379125",2,3,1
"WFDC1","s1639_F_PIT_01_ASEReadCounter.table","NW_015090842.1:7379576",5,7,2
"WFDC1","s1639_F_PIT_01_ASEReadCounter.table","NW_015090842.1:7379596",5,6,1
"WFDC1","s1639_F_PIT_01_ASEReadCounter.table","NW_015090842.1:7379605",3,4,1
"WFDC1","s1639_F_PIT_01_ASEReadCounter.table","NW_015090842.1:7379626",4,5,1
"WFDC1","s1639_F_PIT_01_ASEReadCounter.table","NW_015090842.1:7379631",1,2,1
"WFDC1","s1639_F_PIT_01_ASEReadCounter.table","NW_015090842.1:7379632",1,2,1
"WFDC1","s1639_F_PIT_01_ASEReadCounter.table","NW_015090842.1:7379652",4,4,0
"WFDC1","s1639_F_PIT_01_ASEReadCounter.table","NW_015090842.1:7379669",4,4,0
"WFDC1","s1639_F_PIT_01_ASEReadCounter.table","NW_015090842.1:7379674",4,5,1
"WFDC1","s1639_F_PIT_01_ASEReadCounter.table","NW_015090842.1:7379719",4,6,2
"WFDC1","s1639_F_PIT_01_ASEReadCounter.table","NW_015090842.1:7379735",2,4,2
"WFDC1","s1639_F_PIT_01_ASEReadCounter.table","NW_015090842.1:7379739",1,3,2
"WFDC1","s1639_F_PIT_01_ASEReadCounter.table","NW_015090842.1:7379821",1,5,4
"WFDC1","s1639_F_PIT_01_ASEReadCounter.table","NW_015090842.1:7379840",1,4,3
"WFDC1","s1639_F_PIT_01_ASEReadCounter.table","NW_015090842.1:7379933",2,4,2
"WFDC1","s1639_F_PIT_01_ASEReadCounter.table","NW_015090842.1:7379935",2,4,2
"WFDC1","s1639_F_PIT_01_ASEReadCounter.table","NW_015090842.1:7379983",1,4,3
"WFDC1","s1639_F_PIT_01_ASEReadCounter.table","NW_015090842.1:7380060",1,1,0
"WFDC1","s1639_F_PIT_01_ASEReadCounter.table","NW_015090842.1:7380136",0,2,2
"WFDC1","s1639_F_PIT_01_ASEReadCounter.table","NW_015090842.1:7380150",0,3,3
"WFDC1","s1639_F_PIT_01_ASEReadCounter.table","NW_015090842.1:7380164",0,3,3
"WFDC1","s1639_F_PIT_01_ASEReadCounter.table","NW_015090842.1:7380237",0,2,2
"WFDC1","s1639_F_PIT_01_ASEReadCounter.table","NW_015090842.1:7380261",0,1,1
"WFDC1","s1639_F_PIT_01_ASEReadCounter.table","NW_015090842.1:7380322",0,1,1
"WFDC1","s1639_F_PIT_01_ASEReadCounter.table","NW_015090842.1:7380491",2,2,0
"WFDC1","s1639_F_PIT_01_ASEReadCounter.table","NW_015090842.1:7380567",2,2,0
"WFDC1","s1639_F_PIT_01_ASEReadCounter.table","NW_015090842.1:7380672",1,1,0
"WFDC1","s1639_F_PIT_01_ASEReadCounter.table","NW_015090842.1:7380852",0,1,1
"WFDC1","s1639_F_PIT_01_ASEReadCounter.table","NW_015090842.1:7380878",0,1,1
"WFDC1","s1639_F_PIT_01_ASEReadCounter.table","NW_015090842.1:7381081",1,2,1
"WFDC1","s1639_F_PIT_01_ASEReadCounter.table","NW_015090842.1:7381127",1,2,1
"WFDC1","s1639_F_PIT_01_ASEReadCounter.table","NW_015090842.1:7381195",2,2,0
"WFDC1","s1639_F_PIT_01_ASEReadCounter.table","NW_015090842.1:7381378",0,1,1
"WFDC1","s1639_F_PIT_01_ASEReadCounter.table","NW_015090842.1:7381433",0,1,1
"WFDC1","s1639_F_PIT_01_ASEReadCounter.table","NW_015090842.1:7381434",0,1,1
"WFDC1","s1639_F_PIT_01_ASEReadCounter.table","NW_015090842.1:7381442",0,2,2
"WFDC1","s1639_F_PIT_01_ASEReadCounter.table","NW_015090842.1:7381517",1,3,2
"WFDC1","s1639_F_PIT_01_ASEReadCounter.table","NW_015090842.1:7381520",2,4,2
"WFDC1","s1639_F_PIT_01_ASEReadCounter.table","NW_015090842.1:7381677",0,1,1
"ATP2C2","s1639_F_PIT_01_ASEReadCounter.table","NW_015090842.1:7386804",1,3,2
"ATP2C2","s1639_F_PIT_01_ASEReadCounter.table","NW_015090842.1:7386836",1,2,1
"ATP2C2","s1639_F_PIT_01_ASEReadCounter.table","NW_015090842.1:7392613",7,12,5
"ATP2C2","s1639_F_PIT_01_ASEReadCounter.table","NW_015090842.1:7395230",3,7,4
"ATP2C2","s1639_F_PIT_01_ASEReadCounter.table","NW_015090842.1:7395366",5,10,5
"ATP2C2","s1639_F_PIT_01_ASEReadCounter.table","NW_015090842.1:7396756",2,9,7
"ATP2C2","s1639_F_PIT_01_ASEReadCounter.table","NW_015090842.1:7397049",9,14,5
"ATP2C2","s1639_F_PIT_01_ASEReadCounter.table","NW_015090842.1:7398395",8,15,7
"ATP2C2","s1639_F_PIT_01_ASEReadCounter.table","NW_015090842.1:7399774",7,13,6
"ATP2C2","s1639_F_PIT_01_ASEReadCounter.table","NW_015090842.1:7402554",6,13,7
"ATP2C2","s1639_F_PIT_01_ASEReadCounter.table","NW_015090842.1:7402578",10,19,9
"ATP2C2","s1639_F_PIT_01_ASEReadCounter.table","NW_015090842.1:7405621",11,16,5
"ATP2C2","s1639_F_PIT_01_ASEReadCounter.table","NW_015090842.1:7413855",12,15,3
"ATP2C2","s1639_F_PIT_01_ASEReadCounter.table","NW_015090842.1:7413869",4,7,3
"ATP2C2","s1639_F_PIT_01_ASEReadCounter.table","NW_015090842.1:7413875",5,8,3
"TLDC1","s1639_F_PIT_01_ASEReadCounter.table","NW_015090842.1:7421137",30,67,37
"TLDC1","s1639_F_PIT_01_ASEReadCounter.table","NW_015090842.1:7421155",23,61,38
"TLDC1","s1639_F_PIT_01_ASEReadCounter.table","NW_015090842.1:7421218",31,63,32
"TLDC1","s1639_F_PIT_01_ASEReadCounter.table","NW_015090842.1:7421399",31,66,35
"TLDC1","s1639_F_PIT_01_ASEReadCounter.table","NW_015090842.1:7421402",30,67,37
"TLDC1","s1639_F_PIT_01_ASEReadCounter.table","NW_015090842.1:7421528",43,85,42
"TLDC1","s1639_F_PIT_01_ASEReadCounter.table","NW_015090842.1:7421532",41,81,40
"TLDC1","s1639_F_PIT_01_ASEReadCounter.table","NW_015090842.1:7421621",36,81,45
"TLDC1","s1639_F_PIT_01_ASEReadCounter.table","NW_015090842.1:7421647",34,74,40
"TLDC1","s1639_F_PIT_01_ASEReadCounter.table","NW_015090842.1:7421657",34,74,40
"TLDC1","s1639_F_PIT_01_ASEReadCounter.table","NW_015090842.1:7421693",46,83,37
"TLDC1","s1639_F_PIT_01_ASEReadCounter.table","NW_015090842.1:7421796",36,70,34
"TLDC1","s1639_F_PIT_01_ASEReadCounter.table","NW_015090842.1:7421810",42,78,36
"TLDC1","s1639_F_PIT_01_ASEReadCounter.table","NW_015090842.1:7421833",44,80,36
"TLDC1","s1639_F_PIT_01_ASEReadCounter.table","NW_015090842.1:7421879",45,76,31
"TLDC1","s1639_F_PIT_01_ASEReadCounter.table","NW_015090842.1:7421914",46,83,37
"TLDC1","s1639_F_PIT_01_ASEReadCounter.table","NW_015090842.1:7421969",40,73,33
"TLDC1","s1639_F_PIT_01_ASEReadCounter.table","NW_015090842.1:7422015",34,69,35
"TLDC1","s1639_F_PIT_01_ASEReadCounter.table","NW_015090842.1:7422042",42,79,37
"TLDC1","s1639_F_PIT_01_ASEReadCounter.table","NW_015090842.1:7422230",55,88,33
"TLDC1","s1639_F_PIT_01_ASEReadCounter.table","NW_015090842.1:7423349",53,91,38
"TLDC1","s1639_F_PIT_01_ASEReadCounter.table","NW_015090842.1:7423362",47,86,39
"TLDC1","s1639_F_PIT_01_ASEReadCounter.table","NW_015090842.1:7426091",21,50,29
"TLDC1","s1639_F_PIT_01_ASEReadCounter.table","NW_015090842.1:7426485",36,74,38
"TLDC1","s1639_F_PIT_01_ASEReadCounter.table","NW_015090842.1:7427211",43,89,46
"TLDC1","s1639_F_PIT_01_ASEReadCounter.table","NW_015090842.1:7428179",35,73,38
"COTL1","s1639_F_PIT_01_ASEReadCounter.table","NW_015090842.1:7490744",113,265,152
"COTL1","s1639_F_PIT_01_ASEReadCounter.table","NW_015090842.1:7491051",126,276,150
"COTL1","s1639_F_PIT_01_ASEReadCounter.table","NW_015090842.1:7491124",140,276,136
"COTL1","s1639_F_PIT_01_ASEReadCounter.table","NW_015090842.1:7491418",87,171,84
"COTL1","s1639_F_PIT_01_ASEReadCounter.table","NW_015090842.1:7491539",70,164,94
"COTL1","s1639_F_PIT_01_ASEReadCounter.table","NW_015090842.1:7491585",111,221,110
"COTL1","s1639_F_PIT_01_ASEReadCounter.table","NW_015090842.1:7491586",110,231,121
"COTL1","s1639_F_PIT_01_ASEReadCounter.table","NW_015090842.1:7491646",128,286,158
"COTL1","s1639_F_PIT_01_ASEReadCounter.table","NW_015090842.1:7491747",125,256,131
"COTL1","s1639_F_PIT_01_ASEReadCounter.table","NW_015090842.1:7491803",123,229,106
"COTL1","s1639_F_PIT_01_ASEReadCounter.table","NW_015090842.1:7507551",1,1,0
"COTL1","s1639_F_PIT_01_ASEReadCounter.table","NW_015090842.1:7507563",1,1,0
"COTL1","s1639_F_PIT_01_ASEReadCounter.table","NW_015090842.1:7510900",3,4,1
"COTL1","s1639_F_PIT_01_ASEReadCounter.table","NW_015090842.1:7513223",0,1,1
"COTL1","s1639_F_PIT_01_ASEReadCounter.table","NW_015090842.1:7513239",0,1,1
"KLHL36","s1639_F_PIT_01_ASEReadCounter.table","NW_015090842.1:7514700",21,33,12
"KLHL36","s1639_F_PIT_01_ASEReadCounter.table","NW_015090842.1:7519691",1,14,13
"KLHL36","s1639_F_PIT_01_ASEReadCounter.table","NW_015090842.1:7519696",2,17,15
"KLHL36","s1639_F_PIT_01_ASEReadCounter.table","NW_015090842.1:7526160",19,53,34
"KLHL36","s1639_F_PIT_01_ASEReadCounter.table","NW_015090842.1:7526469",16,44,28
"KLHL36","s1639_F_PIT_01_ASEReadCounter.table","NW_015090842.1:7526587",12,48,36
"KLHL36","s1639_F_PIT_01_ASEReadCounter.table","NW_015090842.1:7526997",20,41,21
"KLHL36","s1639_F_PIT_01_ASEReadCounter.table","NW_015090842.1:7527142",8,39,31
"KLHL36","s1639_F_PIT_01_ASEReadCounter.table","NW_015090842.1:7535174",28,78,50
"KLHL36","s1639_F_PIT_01_ASEReadCounter.table","NW_015090842.1:7535384",28,63,35
"KLHL36","s1639_F_PIT_01_ASEReadCounter.table","NW_015090842.1:7535420",35,76,41
"KLHL36","s1639_F_PIT_01_ASEReadCounter.table","NW_015090842.1:7535545",17,33,16
"KLHL36","s1639_F_PIT_01_ASEReadCounter.table","NW_015090842.1:7535829",32,57,25
"KLHL36","s1639_F_PIT_01_ASEReadCounter.table","NW_015090842.1:7535977",13,52,39
"KLHL36","s1639_F_PIT_01_ASEReadCounter.table","NW_015090842.1:7536010",15,48,33
"KLHL36","s1639_F_PIT_01_ASEReadCounter.table","NW_015090842.1:7536051",18,46,28
"KLHL36","s1639_F_PIT_01_ASEReadCounter.table","NW_015090842.1:7536096",19,56,37
"KLHL36","s1639_F_PIT_01_ASEReadCounter.table","NW_015090842.1:7536135",25,65,40
"KLHL36","s1639_F_PIT_01_ASEReadCounter.table","NW_015090842.1:7536136",24,61,37
"KLHL36","s1639_F_PIT_01_ASEReadCounter.table","NW_015090842.1:7536160",26,62,36
"KLHL36","s1639_F_PIT_01_ASEReadCounter.table","NW_015090842.1:7536336",15,52,37
"KLHL36","s1639_F_PIT_01_ASEReadCounter.table","NW_015090842.1:7536352",16,59,43
"KLHL36","s1639_F_PIT_01_ASEReadCounter.table","NW_015090842.1:7536412",12,51,39
"KLHL36","s1639_F_PIT_01_ASEReadCounter.table","NW_015090842.1:7536418",12,47,35
"KLHL36","s1639_F_PIT_01_ASEReadCounter.table","NW_015090842.1:7536465",10,38,28
"KLHL36","s1639_F_PIT_01_ASEReadCounter.table","NW_015090842.1:7536466",11,38,27
"KLHL36","s1639_F_PIT_01_ASEReadCounter.table","NW_015090842.1:7536553",21,47,26
"KLHL36","s1639_F_PIT_01_ASEReadCounter.table","NW_015090842.1:7536698",16,47,31
"KLHL36","s1639_F_PIT_01_ASEReadCounter.table","NW_015090842.1:7536713",10,43,33
"KLHL36","s1639_F_PIT_01_ASEReadCounter.table","NW_015090842.1:7536720",19,45,26
"KLHL36","s1639_F_PIT_01_ASEReadCounter.table","NW_015090842.1:7536791",23,52,29
"KLHL36","s1639_F_PIT_01_ASEReadCounter.table","NW_015090842.1:7536849",18,48,30
"KLHL36","s1639_F_PIT_01_ASEReadCounter.table","NW_015090842.1:7536872",19,47,28
"KLHL36","s1639_F_PIT_01_ASEReadCounter.table","NW_015090842.1:7536878",21,44,23
"KLHL36","s1639_F_PIT_01_ASEReadCounter.table","NW_015090842.1:7536916",24,44,20
"KLHL36","s1639_F_PIT_01_ASEReadCounter.table","NW_015090842.1:7536927",25,64,39
"KLHL36","s1639_F_PIT_01_ASEReadCounter.table","NW_015090842.1:7537315",18,54,36
"KLHL36","s1639_F_PIT_01_ASEReadCounter.table","NW_015090842.1:7537352",19,52,33
"KLHL36","s1639_F_PIT_01_ASEReadCounter.table","NW_015090842.1:7537631",23,46,23
"KLHL36","s1639_F_PIT_01_ASEReadCounter.table","NW_015090842.1:7537830",33,60,27
"KLHL36","s1639_F_PIT_01_ASEReadCounter.table","NW_015090842.1:7537838",27,54,27
"KLHL36","s1639_F_PIT_01_ASEReadCounter.table","NW_015090842.1:7538153",16,36,20
"KLHL36","s1639_F_PIT_01_ASEReadCounter.table","NW_015090842.1:7538256",13,38,25
"KLHL36","s1639_F_PIT_01_ASEReadCounter.table","NW_015090842.1:7538265",12,36,24
"KLHL36","s1639_F_PIT_01_ASEReadCounter.table","NW_015090842.1:7538300",14,37,23
"USP10","s1639_F_PIT_01_ASEReadCounter.table","NW_015090842.1:7563972",11,27,16
"USP10","s1639_F_PIT_01_ASEReadCounter.table","NW_015090842.1:7571816",27,60,33
"USP10","s1639_F_PIT_01_ASEReadCounter.table","NW_015090842.1:7571993",33,73,40
"USP10","s1639_F_PIT_01_ASEReadCounter.table","NW_015090842.1:7572580",35,83,48
"USP10","s1639_F_PIT_01_ASEReadCounter.table","NW_015090842.1:7587372",50,117,67
"CRISPLD2","s1639_F_PIT_01_ASEReadCounter.table","NW_015090842.1:7617781",1,1,0
"CRISPLD2","s1639_F_PIT_01_ASEReadCounter.table","NW_015090842.1:7617790",1,1,0
"CRISPLD2","s1639_F_PIT_01_ASEReadCounter.table","NW_015090842.1:7625451",1,1,0
"CRISPLD2","s1639_F_PIT_01_ASEReadCounter.table","NW_015090842.1:7633326",1,1,0
"CRISPLD2","s1639_F_PIT_01_ASEReadCounter.table","NW_015090842.1:7633336",1,1,0
"CRISPLD2","s1639_F_PIT_01_ASEReadCounter.table","NW_015090842.1:7633381",1,1,0
"CRISPLD2","s1639_F_PIT_01_ASEReadCounter.table","NW_015090842.1:7633388",1,1,0
"CRISPLD2","s1639_F_PIT_01_ASEReadCounter.table","NW_015090842.1:7633400",1,1,0
"CRISPLD2","s1639_F_PIT_01_ASEReadCounter.table","NW_015090842.1:7633486",1,1,0
"CRISPLD2","s1639_F_PIT_01_ASEReadCounter.table","NW_015090842.1:7633503",2,2,0
"CRISPLD2","s1639_F_PIT_01_ASEReadCounter.table","NW_015090842.1:7633504",2,2,0
"CRISPLD2","s1639_F_PIT_01_ASEReadCounter.table","NW_015090842.1:7633557",2,2,0
"CRISPLD2","s1639_F_PIT_01_ASEReadCounter.table","NW_015090842.1:7633571",1,1,0
"CRISPLD2","s1639_F_PIT_01_ASEReadCounter.table","NW_015090842.1:7633588",3,3,0
"CRISPLD2","s1639_F_PIT_01_ASEReadCounter.table","NW_015090842.1:7633617",3,3,0
"CRISPLD2","s1639_F_PIT_01_ASEReadCounter.table","NW_015090842.1:7633695",1,1,0
"CRISPLD2","s1639_F_PIT_01_ASEReadCounter.table","NW_015090842.1:7633721",1,1,0
"CRISPLD2","s1639_F_PIT_01_ASEReadCounter.table","NW_015090842.1:7633888",1,1,0
"CRISPLD2","s1639_F_PIT_01_ASEReadCounter.table","NW_015090842.1:7633910",1,1,0
"CRISPLD2","s1639_F_PIT_01_ASEReadCounter.table","NW_015090842.1:7634142",1,1,0
"CRISPLD2","s1639_F_PIT_01_ASEReadCounter.table","NW_015090842.1:7634417",1,1,0
"CRISPLD2","s1639_F_PIT_01_ASEReadCounter.table","NW_015090842.1:7634825",3,3,0
"CRISPLD2","s1639_F_PIT_01_ASEReadCounter.table","NW_015090842.1:7634852",1,1,0
"CRISPLD2","s1639_F_PIT_01_ASEReadCounter.table","NW_015090842.1:7635009",2,2,0
"CRISPLD2","s1639_F_PIT_01_ASEReadCounter.table","NW_015090842.1:7635208",1,2,1
"CRISPLD2","s1639_F_PIT_01_ASEReadCounter.table","NW_015090842.1:7635373",3,3,0
"CRISPLD2","s1639_F_PIT_01_ASEReadCounter.table","NW_015090842.1:7635525",2,2,0
"CRISPLD2","s1639_F_PIT_01_ASEReadCounter.table","NW_015090842.1:7635924",2,2,0
"LOC106888312","s1639_F_PIT_01_ASEReadCounter.table","NW_015090842.1:7727001",1,1,0
"LOC106888312","s1639_F_PIT_01_ASEReadCounter.table","NW_015090842.1:7727036",1,1,0
"LOC106888312","s1639_F_PIT_01_ASEReadCounter.table","NW_015090842.1:7727961",1,1,0
"LOC106888312","s1639_F_PIT_01_ASEReadCounter.table","NW_015090842.1:7732443",0,1,1
"LOC106888312","s1639_F_PIT_01_ASEReadCounter.table","NW_015090842.1:7732444",0,1,1
"LOC106888312","s1639_F_PIT_01_ASEReadCounter.table","NW_015090842.1:7732538",0,1,1
"LOC106888312","s1639_F_PIT_01_ASEReadCounter.table","NW_015090842.1:7732548",0,1,1
"LOC106888312","s1639_F_PIT_01_ASEReadCounter.table","NW_015090842.1:7732576",0,1,1
"LOC106888312","s1639_F_PIT_01_ASEReadCounter.table","NW_015090842.1:7732580",0,1,1
"LOC106888312","s1639_F_PIT_01_ASEReadCounter.table","NW_015090842.1:7732629",0,1,1
"LOC106888312","s1639_F_PIT_01_ASEReadCounter.table","NW_015090842.1:7732630",0,1,1
"LOC106888312","s1639_F_PIT_01_ASEReadCounter.table","NW_015090842.1:7733068",0,1,1
"LOC106888312","s1639_F_PIT_01_ASEReadCounter.table","NW_015090842.1:7733077",0,1,1
"LOC106888312","s1639_F_PIT_01_ASEReadCounter.table","NW_015090842.1:7733096",0,1,1
"LOC106888312","s1639_F_PIT_01_ASEReadCounter.table","NW_015090842.1:7733142",0,1,1
"LOC106888312","s1639_F_PIT_01_ASEReadCounter.table","NW_015090842.1:7733196",0,1,1
"LOC106888312","s1639_F_PIT_01_ASEReadCounter.table","NW_015090842.1:7733470",1,1,0
"LOC106888312","s1639_F_PIT_01_ASEReadCounter.table","NW_015090842.1:7733471",1,1,0
"LOC106888312","s1639_F_PIT_01_ASEReadCounter.table","NW_015090842.1:7733472",1,1,0
"LOC106888312","s1639_F_PIT_01_ASEReadCounter.table","NW_015090842.1:7733507",1,1,0
"LOC106888312","s1639_F_PIT_01_ASEReadCounter.table","NW_015090842.1:7733508",1,1,0
"LOC106888312","s1639_F_PIT_01_ASEReadCounter.table","NW_015090842.1:7733518",1,1,0
"LOC106888312","s1639_F_PIT_01_ASEReadCounter.table","NW_015090842.1:7733609",1,1,0
"LOC106888312","s1639_F_PIT_01_ASEReadCounter.table","NW_015090842.1:7733631",1,1,0
"LOC106888312","s1639_F_PIT_01_ASEReadCounter.table","NW_015090842.1:7733674",1,1,0
"ZDHHC7","s1639_F_PIT_01_ASEReadCounter.table","NW_015090842.1:7737199",28,62,34
"ZDHHC7","s1639_F_PIT_01_ASEReadCounter.table","NW_015090842.1:7737332",17,47,30
"ZDHHC7","s1639_F_PIT_01_ASEReadCounter.table","NW_015090842.1:7737553",43,91,48
"ZDHHC7","s1639_F_PIT_01_ASEReadCounter.table","NW_015090842.1:7737920",35,78,43
"ZDHHC7","s1639_F_PIT_01_ASEReadCounter.table","NW_015090842.1:7737953",29,72,43
"ZDHHC7","s1639_F_PIT_01_ASEReadCounter.table","NW_015090842.1:7737987",29,72,43
"ZDHHC7","s1639_F_PIT_01_ASEReadCounter.table","NW_015090842.1:7738068",29,62,33
"ZDHHC7","s1639_F_PIT_01_ASEReadCounter.table","NW_015090842.1:7738204",15,50,35
"LOC106888097","s1639_F_PIT_01_ASEReadCounter.table","NW_015090842.1:7767178",14,36,22
"LOC106888097","s1639_F_PIT_01_ASEReadCounter.table","NW_015090842.1:7767187",13,38,25
"LOC106888097","s1639_F_PIT_01_ASEReadCounter.table","NW_015090842.1:7768144",33,80,47
"LOC106888097","s1639_F_PIT_01_ASEReadCounter.table","NW_015090842.1:7768196",41,95,54
"LOC106888097","s1639_F_PIT_01_ASEReadCounter.table","NW_015090842.1:7769884",38,82,44
"LOC106888097","s1639_F_PIT_01_ASEReadCounter.table","NW_015090842.1:7769893",40,81,41
"LOC106888097","s1639_F_PIT_01_ASEReadCounter.table","NW_015090842.1:7770245",32,79,47
"LOC106888097","s1639_F_PIT_01_ASEReadCounter.table","NW_015090842.1:7772402",31,81,50
"LOC106888097","s1639_F_PIT_01_ASEReadCounter.table","NW_015090842.1:7772483",28,74,46
"LOC106888097","s1639_F_PIT_01_ASEReadCounter.table","NW_015090842.1:7772490",30,77,47
"LOC106888097","s1639_F_PIT_01_ASEReadCounter.table","NW_015090842.1:7774281",37,78,41
"LOC106888097","s1639_F_PIT_01_ASEReadCounter.table","NW_015090842.1:7774552",28,118,90
"LOC106888097","s1639_F_PIT_01_ASEReadCounter.table","NW_015090842.1:7774564",30,119,89
"LOC106888097","s1639_F_PIT_01_ASEReadCounter.table","NW_015090842.1:7774611",17,99,82
"LOC106888097","s1639_F_PIT_01_ASEReadCounter.table","NW_015090842.1:7774681",30,87,57
"LOC106888097","s1639_F_PIT_01_ASEReadCounter.table","NW_015090842.1:7774698",24,66,42
"LOC106888097","s1639_F_PIT_01_ASEReadCounter.table","NW_015090842.1:7774730",12,39,27
"LOC106888097","s1639_F_PIT_01_ASEReadCounter.table","NW_015090842.1:7774778",4,5,1
"LOC106888097","s1639_F_PIT_01_ASEReadCounter.table","NW_015090842.1:7774793",3,4,1
"FOXC2","s1639_F_PIT_01_ASEReadCounter.table","NW_015090842.1:8129599",5,12,7
"FOXC2","s1639_F_PIT_01_ASEReadCounter.table","NW_015090842.1:8129616",3,9,6
"FOXC2","s1639_F_PIT_01_ASEReadCounter.table","NW_015090842.1:8129715",7,15,8
"FOXC2","s1639_F_PIT_01_ASEReadCounter.table","NW_015090842.1:8129719",7,16,9
"FOXC2","s1639_F_PIT_01_ASEReadCounter.table","NW_015090842.1:8130244",1,8,7
"FOXC2","s1639_F_PIT_01_ASEReadCounter.table","NW_015090842.1:8130472",3,7,4
"FOXC2","s1639_F_PIT_01_ASEReadCounter.table","NW_015090842.1:8130490",3,8,5
"FOXC2","s1639_F_PIT_01_ASEReadCounter.table","NW_015090842.1:8130547",2,3,1
"FOXC2","s1639_F_PIT_01_ASEReadCounter.table","NW_015090842.1:8130550",2,3,1
"FOXC2","s1639_F_PIT_01_ASEReadCounter.table","NW_015090842.1:8130573",2,3,1
"FOXC2","s1639_F_PIT_01_ASEReadCounter.table","NW_015090842.1:8130575",2,3,1
"MTHFSD","s1639_F_PIT_01_ASEReadCounter.table","NW_015090842.1:8140051",13,27,14
"MTHFSD","s1639_F_PIT_01_ASEReadCounter.table","NW_015090842.1:8142923",26,53,27
"MTHFSD","s1639_F_PIT_01_ASEReadCounter.table","NW_015090842.1:8143029",22,50,28
"MTHFSD","s1639_F_PIT_01_ASEReadCounter.table","NW_015090842.1:8152035",15,40,25
"MTHFSD","s1639_F_PIT_01_ASEReadCounter.table","NW_015090842.1:8152315",17,27,10
"MTHFSD","s1639_F_PIT_01_ASEReadCounter.table","NW_015090842.1:8152511",11,19,8
"MTHFSD","s1639_F_PIT_01_ASEReadCounter.table","NW_015090842.1:8152518",10,18,8
"MTHFSD","s1639_F_PIT_01_ASEReadCounter.table","NW_015090842.1:8152553",11,27,16
"MTHFSD","s1639_F_PIT_01_ASEReadCounter.table","NW_015090842.1:8152773",15,30,15
"MTHFSD","s1639_F_PIT_01_ASEReadCounter.table","NW_015090842.1:8152805",18,34,16
"FOXF1","s1639_F_PIT_01_ASEReadCounter.table","NW_015090842.1:8164789",1,2,1
"FOXF1","s1639_F_PIT_01_ASEReadCounter.table","NW_015090842.1:8166883",2,3,1
"FOXF1","s1639_F_PIT_01_ASEReadCounter.table","NW_015090842.1:8167113",1,5,4
"FOXF1","s1639_F_PIT_01_ASEReadCounter.table","NW_015090842.1:8167588",2,5,3
"IRF8","s1639_F_PIT_01_ASEReadCounter.table","NW_015090842.1:8406652",2,3,1
"IRF8","s1639_F_PIT_01_ASEReadCounter.table","NW_015090842.1:8406703",5,5,0
"IRF8","s1639_F_PIT_01_ASEReadCounter.table","NW_015090842.1:8406704",5,5,0
"IRF8","s1639_F_PIT_01_ASEReadCounter.table","NW_015090842.1:8406757",2,6,4
"IRF8","s1639_F_PIT_01_ASEReadCounter.table","NW_015090842.1:8406778",5,10,5
"IRF8","s1639_F_PIT_01_ASEReadCounter.table","NW_015090842.1:8406819",5,10,5
"IRF8","s1639_F_PIT_01_ASEReadCounter.table","NW_015090842.1:8406941",6,9,3
"IRF8","s1639_F_PIT_01_ASEReadCounter.table","NW_015090842.1:8407008",7,11,4
"IRF8","s1639_F_PIT_01_ASEReadCounter.table","NW_015090842.1:8407057",5,7,2
"IRF8","s1639_F_PIT_01_ASEReadCounter.table","NW_015090842.1:8407064",5,7,2
"IRF8","s1639_F_PIT_01_ASEReadCounter.table","NW_015090842.1:8407069",5,9,4
"IRF8","s1639_F_PIT_01_ASEReadCounter.table","NW_015090842.1:8407120",3,7,4
"IRF8","s1639_F_PIT_01_ASEReadCounter.table","NW_015090842.1:8407157",5,9,4
"IRF8","s1639_F_PIT_01_ASEReadCounter.table","NW_015090842.1:8407203",4,9,5
"IRF8","s1639_F_PIT_01_ASEReadCounter.table","NW_015090842.1:8407272",3,11,8
"IRF8","s1639_F_PIT_01_ASEReadCounter.table","NW_015090842.1:8407276",3,12,9
"IRF8","s1639_F_PIT_01_ASEReadCounter.table","NW_015090842.1:8407303",4,14,10
"IRF8","s1639_F_PIT_01_ASEReadCounter.table","NW_015090842.1:8407451",2,6,4
"IRF8","s1639_F_PIT_01_ASEReadCounter.table","NW_015090842.1:8407456",1,7,6
"IRF8","s1639_F_PIT_01_ASEReadCounter.table","NW_015090842.1:8408564",1,3,2
"IRF8","s1639_F_PIT_01_ASEReadCounter.table","NW_015090842.1:8408585",4,4,0
"IRF8","s1639_F_PIT_01_ASEReadCounter.table","NW_015090842.1:8408973",1,3,2
"IRF8","s1639_F_PIT_01_ASEReadCounter.table","NW_015090842.1:8409060",3,6,3
"IRF8","s1639_F_PIT_01_ASEReadCounter.table","NW_015090842.1:8409065",4,8,4
"IRF8","s1639_F_PIT_01_ASEReadCounter.table","NW_015090842.1:8409254",2,3,1
"IRF8","s1639_F_PIT_01_ASEReadCounter.table","NW_015090842.1:8409255",2,3,1
"IRF8","s1639_F_PIT_01_ASEReadCounter.table","NW_015090842.1:8409258",2,4,2
"IRF8","s1639_F_PIT_01_ASEReadCounter.table","NW_015090842.1:8409312",5,6,1
"IRF8","s1639_F_PIT_01_ASEReadCounter.table","NW_015090842.1:8410216",3,6,3
"IRF8","s1639_F_PIT_01_ASEReadCounter.table","NW_015090842.1:8410237",5,7,2
"IRF8","s1639_F_PIT_01_ASEReadCounter.table","NW_015090842.1:8410276",6,6,0
"IRF8","s1639_F_PIT_01_ASEReadCounter.table","NW_015090842.1:8410813",3,5,2
"IRF8","s1639_F_PIT_01_ASEReadCounter.table","NW_015090842.1:8410861",4,5,1
"IRF8","s1639_F_PIT_01_ASEReadCounter.table","NW_015090842.1:8411940",3,6,3
"IRF8","s1639_F_PIT_01_ASEReadCounter.table","NW_015090842.1:8412006",2,5,3
"IRF8","s1639_F_PIT_01_ASEReadCounter.table","NW_015090842.1:8412042",2,3,1
"DUSP15","s1639_F_PIT_01_ASEReadCounter.table","NW_015090842.1:8422787",6,6,0
"DUSP15","s1639_F_PIT_01_ASEReadCounter.table","NW_015090842.1:8422832",6,6,0
"DUSP15","s1639_F_PIT_01_ASEReadCounter.table","NW_015090842.1:8422898",1,2,1
"DUSP15","s1639_F_PIT_01_ASEReadCounter.table","NW_015090842.1:8422909",1,2,1
"COX4I1","s1639_F_PIT_01_ASEReadCounter.table","NW_015090842.1:8442258",798,1571,773
"COX4I1","s1639_F_PIT_01_ASEReadCounter.table","NW_015090842.1:8442333",719,1375,656
"EMC8","s1639_F_PIT_01_ASEReadCounter.table","NW_015090842.1:8444046",57,147,90
"EMC8","s1639_F_PIT_01_ASEReadCounter.table","NW_015090842.1:8444064",54,121,67
"EMC8","s1639_F_PIT_01_ASEReadCounter.table","NW_015090842.1:8452029",11,30,19
"EMC8","s1639_F_PIT_01_ASEReadCounter.table","NW_015090842.1:8452116",22,50,28
"EMC8","s1639_F_PIT_01_ASEReadCounter.table","NW_015090842.1:8452121",23,51,28
"EMC8","s1639_F_PIT_01_ASEReadCounter.table","NW_015090842.1:8452222",11,31,20
"EMC8","s1639_F_PIT_01_ASEReadCounter.table","NW_015090842.1:8452244",16,43,27
"EMC8","s1639_F_PIT_01_ASEReadCounter.table","NW_015090842.1:8452477",10,14,4
"EMC8","s1639_F_PIT_01_ASEReadCounter.table","NW_015090842.1:8452498",10,15,5
"EMC8","s1639_F_PIT_01_ASEReadCounter.table","NW_015090842.1:8452535",5,9,4
"EMC8","s1639_F_PIT_01_ASEReadCounter.table","NW_015090842.1:8452575",2,8,6
"EMC8","s1639_F_PIT_01_ASEReadCounter.table","NW_015090842.1:8452600",2,9,7
"EMC8","s1639_F_PIT_01_ASEReadCounter.table","NW_015090842.1:8452616",3,10,7
"EMC8","s1639_F_PIT_01_ASEReadCounter.table","NW_015090842.1:8452630",2,8,6
"EMC8","s1639_F_PIT_01_ASEReadCounter.table","NW_015090842.1:8452650",3,9,6
"EMC8","s1639_F_PIT_01_ASEReadCounter.table","NW_015090842.1:8452678",7,15,8
"EMC8","s1639_F_PIT_01_ASEReadCounter.table","NW_015090842.1:8452724",9,16,7
"EMC8","s1639_F_PIT_01_ASEReadCounter.table","NW_015090842.1:8452731",8,15,7
"EMC8","s1639_F_PIT_01_ASEReadCounter.table","NW_015090842.1:8452743",7,14,7
"EMC8","s1639_F_PIT_01_ASEReadCounter.table","NW_015090842.1:8452750",6,13,7
"EMC8","s1639_F_PIT_01_ASEReadCounter.table","NW_015090842.1:8452778",3,6,3
"EMC8","s1639_F_PIT_01_ASEReadCounter.table","NW_015090842.1:8452783",5,8,3
"EMC8","s1639_F_PIT_01_ASEReadCounter.table","NW_015090842.1:8452800",10,15,5
"EMC8","s1639_F_PIT_01_ASEReadCounter.table","NW_015090842.1:8452804",10,14,4
"EMC8","s1639_F_PIT_01_ASEReadCounter.table","NW_015090842.1:8452812",9,14,5
"EMC8","s1639_F_PIT_01_ASEReadCounter.table","NW_015090842.1:8452858",8,12,4
"EMC8","s1639_F_PIT_01_ASEReadCounter.table","NW_015090842.1:8452906",9,20,11
"EMC8","s1639_F_PIT_01_ASEReadCounter.table","NW_015090842.1:8452913",9,19,10
"EMC8","s1639_F_PIT_01_ASEReadCounter.table","NW_015090842.1:8453000",7,16,9
"EMC8","s1639_F_PIT_01_ASEReadCounter.table","NW_015090842.1:8453007",8,17,9
"EMC8","s1639_F_PIT_01_ASEReadCounter.table","NW_015090842.1:8453058",7,19,12
"EMC8","s1639_F_PIT_01_ASEReadCounter.table","NW_015090842.1:8453106",7,18,11
"GINS2","s1639_F_PIT_01_ASEReadCounter.table","NW_015090842.1:8466420",14,21,7
"GINS2","s1639_F_PIT_01_ASEReadCounter.table","NW_015090842.1:8466424",14,22,8
"GINS2","s1639_F_PIT_01_ASEReadCounter.table","NW_015090842.1:8466518",15,20,5
"GINS2","s1639_F_PIT_01_ASEReadCounter.table","NW_015090842.1:8468482",35,52,17
"GINS2","s1639_F_PIT_01_ASEReadCounter.table","NW_015090842.1:8470290",43,60,17
"GINS2","s1639_F_PIT_01_ASEReadCounter.table","NW_015090842.1:8470305",43,63,20
"GINS2","s1639_F_PIT_01_ASEReadCounter.table","NW_015090842.1:8470381",32,43,11
"GINS2","s1639_F_PIT_01_ASEReadCounter.table","NW_015090842.1:8470418",26,42,16
"GINS2","s1639_F_PIT_01_ASEReadCounter.table","NW_015090842.1:8470421",22,38,16
"GINS2","s1639_F_PIT_01_ASEReadCounter.table","NW_015090842.1:8470430",17,32,15
"GINS2","s1639_F_PIT_01_ASEReadCounter.table","NW_015090842.1:8470433",16,32,16
"GINS2","s1639_F_PIT_01_ASEReadCounter.table","NW_015090842.1:8470457",7,19,12
"GINS2","s1639_F_PIT_01_ASEReadCounter.table","NW_015090842.1:8470491",24,32,8
"GINS2","s1639_F_PIT_01_ASEReadCounter.table","NW_015090842.1:8470548",22,29,7
"GINS2","s1639_F_PIT_01_ASEReadCounter.table","NW_015090842.1:8470649",20,28,8
"GSE1","s1639_F_PIT_01_ASEReadCounter.table","NW_015090842.1:8475362",39,86,47
"GSE1","s1639_F_PIT_01_ASEReadCounter.table","NW_015090842.1:8475961",28,42,14
"GSE1","s1639_F_PIT_01_ASEReadCounter.table","NW_015090842.1:8476027",32,50,18
"GSE1","s1639_F_PIT_01_ASEReadCounter.table","NW_015090842.1:8476159",8,15,7
"GSE1","s1639_F_PIT_01_ASEReadCounter.table","NW_015090842.1:8477442",0,35,35
"GSE1","s1639_F_PIT_01_ASEReadCounter.table","NW_015090842.1:8477448",0,33,33
"GSE1","s1639_F_PIT_01_ASEReadCounter.table","NW_015090842.1:8477662",3,33,30
"GSE1","s1639_F_PIT_01_ASEReadCounter.table","NW_015090842.1:8477933",27,55,28
"GSE1","s1639_F_PIT_01_ASEReadCounter.table","NW_015090842.1:8477945",28,57,29
"GSE1","s1639_F_PIT_01_ASEReadCounter.table","NW_015090842.1:8483272",0,40,40
"GSE1","s1639_F_PIT_01_ASEReadCounter.table","NW_015090842.1:8483367",0,7,7
"GSE1","s1639_F_PIT_01_ASEReadCounter.table","NW_015090842.1:8483411",2,11,9
"GSE1","s1639_F_PIT_01_ASEReadCounter.table","NW_015090842.1:8483756",9,34,25
"GSE1","s1639_F_PIT_01_ASEReadCounter.table","NW_015090842.1:8486867",42,90,48
"GSE1","s1639_F_PIT_01_ASEReadCounter.table","NW_015090842.1:8486939",46,106,60
"GSE1","s1639_F_PIT_01_ASEReadCounter.table","NW_015090842.1:8486945",44,109,65
"GSE1","s1639_F_PIT_01_ASEReadCounter.table","NW_015090842.1:8486993",50,96,46
"GSE1","s1639_F_PIT_01_ASEReadCounter.table","NW_015090842.1:8487062",36,67,31
"GSE1","s1639_F_PIT_01_ASEReadCounter.table","NW_015090842.1:8488065",24,52,28
"GSE1","s1639_F_PIT_01_ASEReadCounter.table","NW_015090842.1:8488457",22,56,34
"GSE1","s1639_F_PIT_01_ASEReadCounter.table","NW_015090842.1:8488463",23,57,34
"GSE1","s1639_F_PIT_01_ASEReadCounter.table","NW_015090842.1:8488490",58,58,0
"GSE1","s1639_F_PIT_01_ASEReadCounter.table","NW_015090842.1:8488505",31,67,36
"GSE1","s1639_F_PIT_01_ASEReadCounter.table","NW_015090842.1:8490180",0,51,51
"KIAA0513","s1639_F_PIT_01_ASEReadCounter.table","NW_015090842.1:8668363",87,186,99
"KIAA0513","s1639_F_PIT_01_ASEReadCounter.table","NW_015090842.1:8668387",97,194,97
"KIAA0513","s1639_F_PIT_01_ASEReadCounter.table","NW_015090842.1:8668390",98,195,97
"KIAA0513","s1639_F_PIT_01_ASEReadCounter.table","NW_015090842.1:8673107",80,202,122
"KIAA0513","s1639_F_PIT_01_ASEReadCounter.table","NW_015090842.1:8673147",89,213,124
"KIAA0513","s1639_F_PIT_01_ASEReadCounter.table","NW_015090842.1:8674661",65,170,105
"KIAA0513","s1639_F_PIT_01_ASEReadCounter.table","NW_015090842.1:8674685",63,161,98
"KIAA0513","s1639_F_PIT_01_ASEReadCounter.table","NW_015090842.1:8674730",67,150,83
"KIAA0513","s1639_F_PIT_01_ASEReadCounter.table","NW_015090842.1:8675525",73,179,106
"KIAA0513","s1639_F_PIT_01_ASEReadCounter.table","NW_015090842.1:8675561",68,176,108
"KIAA0513","s1639_F_PIT_01_ASEReadCounter.table","NW_015090842.1:8678608",3,41,38
"KIAA0513","s1639_F_PIT_01_ASEReadCounter.table","NW_015090842.1:8686455",0,26,26
"KIAA0513","s1639_F_PIT_01_ASEReadCounter.table","NW_015090842.1:8686508",0,34,34
"KIAA0513","s1639_F_PIT_01_ASEReadCounter.table","NW_015090842.1:8686521",0,29,29
"KIAA0513","s1639_F_PIT_01_ASEReadCounter.table","NW_015090842.1:8693642",44,72,28
"KIAA0513","s1639_F_PIT_01_ASEReadCounter.table","NW_015090842.1:8693712",57,91,34
"KIAA0513","s1639_F_PIT_01_ASEReadCounter.table","NW_015090842.1:8695794",0,2,2
"FBXO31","s1639_F_PIT_01_ASEReadCounter.table","NW_015090842.1:8710240",43,109,66
"FBXO31","s1639_F_PIT_01_ASEReadCounter.table","NW_015090842.1:8710372",37,79,42
"FBXO31","s1639_F_PIT_01_ASEReadCounter.table","NW_015090842.1:8711239",62,135,73
"FBXO31","s1639_F_PIT_01_ASEReadCounter.table","NW_015090842.1:8714565",54,143,89
"FBXO31","s1639_F_PIT_01_ASEReadCounter.table","NW_015090842.1:8716001",48,96,48
"FBXO31","s1639_F_PIT_01_ASEReadCounter.table","NW_015090842.1:8725050",2,5,3
"FBXO31","s1639_F_PIT_01_ASEReadCounter.table","NW_015090842.1:8725057",2,5,3
"FBXO31","s1639_F_PIT_01_ASEReadCounter.table","NW_015090842.1:8725162",2,4,2
"FBXO31","s1639_F_PIT_01_ASEReadCounter.table","NW_015090842.1:8725163",2,4,2
"FBXO31","s1639_F_PIT_01_ASEReadCounter.table","NW_015090842.1:8725170",2,4,2
"FBXO31","s1639_F_PIT_01_ASEReadCounter.table","NW_015090842.1:8725187",3,5,2
"FBXO31","s1639_F_PIT_01_ASEReadCounter.table","NW_015090842.1:8725188",3,5,2
"FBXO31","s1639_F_PIT_01_ASEReadCounter.table","NW_015090842.1:8725190",3,5,2
"FBXO31","s1639_F_PIT_01_ASEReadCounter.table","NW_015090842.1:8725370",2,2,0
"ZCCHC14","s1639_F_PIT_01_ASEReadCounter.table","NW_015090842.1:8750174",31,45,14
"ZCCHC14","s1639_F_PIT_01_ASEReadCounter.table","NW_015090842.1:8750189",40,46,6
"ZCCHC14","s1639_F_PIT_01_ASEReadCounter.table","NW_015090842.1:8750365",27,47,20
"ZCCHC14","s1639_F_PIT_01_ASEReadCounter.table","NW_015090842.1:8750433",16,32,16
"ZCCHC14","s1639_F_PIT_01_ASEReadCounter.table","NW_015090842.1:8750449",13,29,16
"ZCCHC14","s1639_F_PIT_01_ASEReadCounter.table","NW_015090842.1:8750456",9,25,16
"ZCCHC14","s1639_F_PIT_01_ASEReadCounter.table","NW_015090842.1:8750497",19,34,15
"ZCCHC14","s1639_F_PIT_01_ASEReadCounter.table","NW_015090842.1:8750547",18,30,12
"ZCCHC14","s1639_F_PIT_01_ASEReadCounter.table","NW_015090842.1:8751100",8,15,7
"ZCCHC14","s1639_F_PIT_01_ASEReadCounter.table","NW_015090842.1:8751374",15,35,20
"ZCCHC14","s1639_F_PIT_01_ASEReadCounter.table","NW_015090842.1:8751403",15,38,23
"ZCCHC14","s1639_F_PIT_01_ASEReadCounter.table","NW_015090842.1:8751517",14,29,15
"ZCCHC14","s1639_F_PIT_01_ASEReadCounter.table","NW_015090842.1:8752060",5,15,10
"ZCCHC14","s1639_F_PIT_01_ASEReadCounter.table","NW_015090842.1:8752172",14,30,16
"ZCCHC14","s1639_F_PIT_01_ASEReadCounter.table","NW_015090842.1:8752183",14,32,18
"ZCCHC14","s1639_F_PIT_01_ASEReadCounter.table","NW_015090842.1:8752198",18,33,15
"ZCCHC14","s1639_F_PIT_01_ASEReadCounter.table","NW_015090842.1:8752248",22,36,14
"ZCCHC14","s1639_F_PIT_01_ASEReadCounter.table","NW_015090842.1:8752326",19,35,16
"ZCCHC14","s1639_F_PIT_01_ASEReadCounter.table","NW_015090842.1:8752393",18,32,14
"ZCCHC14","s1639_F_PIT_01_ASEReadCounter.table","NW_015090842.1:8752914",14,20,6
"ZCCHC14","s1639_F_PIT_01_ASEReadCounter.table","NW_015090842.1:8753528",7,14,7
"ZCCHC14","s1639_F_PIT_01_ASEReadCounter.table","NW_015090842.1:8753892",12,29,17
"ZCCHC14","s1639_F_PIT_01_ASEReadCounter.table","NW_015090842.1:8753910",13,31,18
"ZCCHC14","s1639_F_PIT_01_ASEReadCounter.table","NW_015090842.1:8755096",16,30,14
"ZCCHC14","s1639_F_PIT_01_ASEReadCounter.table","NW_015090842.1:8755327",10,17,7
"ZCCHC14","s1639_F_PIT_01_ASEReadCounter.table","NW_015090842.1:8755723",15,26,11
"ZCCHC14","s1639_F_PIT_01_ASEReadCounter.table","NW_015090842.1:8755739",12,23,11
"ZCCHC14","s1639_F_PIT_01_ASEReadCounter.table","NW_015090842.1:8756149",7,15,8
"ZCCHC14","s1639_F_PIT_01_ASEReadCounter.table","NW_015090842.1:8756347",14,31,17
"ZCCHC14","s1639_F_PIT_01_ASEReadCounter.table","NW_015090842.1:8756361",14,30,16
"ZCCHC14","s1639_F_PIT_01_ASEReadCounter.table","NW_015090842.1:8756388",12,26,14
"ZCCHC14","s1639_F_PIT_01_ASEReadCounter.table","NW_015090842.1:8756389",11,25,14
"ZCCHC14","s1639_F_PIT_01_ASEReadCounter.table","NW_015090842.1:8757160",13,23,10
"ZCCHC14","s1639_F_PIT_01_ASEReadCounter.table","NW_015090842.1:8804511",11,16,5
"ZCCHC14","s1639_F_PIT_01_ASEReadCounter.table","NW_015090842.1:8804979",2,5,3
"JPH3","s1639_F_PIT_01_ASEReadCounter.table","NW_015090842.1:8845375",11,18,7
"JPH3","s1639_F_PIT_01_ASEReadCounter.table","NW_015090842.1:8845640",14,33,19
"JPH3","s1639_F_PIT_01_ASEReadCounter.table","NW_015090842.1:8845654",15,32,17
"JPH3","s1639_F_PIT_01_ASEReadCounter.table","NW_015090842.1:8872283",14,25,11
"JPH3","s1639_F_PIT_01_ASEReadCounter.table","NW_015090842.1:8872294",15,32,17
"JPH3","s1639_F_PIT_01_ASEReadCounter.table","NW_015090842.1:8872730",12,29,17
"JPH3","s1639_F_PIT_01_ASEReadCounter.table","NW_015090842.1:8885260",16,37,21
"JPH3","s1639_F_PIT_01_ASEReadCounter.table","NW_015090842.1:8885315",10,24,14
"JPH3","s1639_F_PIT_01_ASEReadCounter.table","NW_015090842.1:8885328",10,26,16
"JPH3","s1639_F_PIT_01_ASEReadCounter.table","NW_015090842.1:8885438",21,31,10
"JPH3","s1639_F_PIT_01_ASEReadCounter.table","NW_015090842.1:8885525",4,12,8
"KLHDC4","s1639_F_PIT_01_ASEReadCounter.table","NW_015090842.1:8890729",32,62,30
"KLHDC4","s1639_F_PIT_01_ASEReadCounter.table","NW_015090842.1:8890749",37,66,29
"KLHDC4","s1639_F_PIT_01_ASEReadCounter.table","NW_015090842.1:8890761",36,68,32
"KLHDC4","s1639_F_PIT_01_ASEReadCounter.table","NW_015090842.1:8891123",67,118,51
"KLHDC4","s1639_F_PIT_01_ASEReadCounter.table","NW_015090842.1:8893124",57,105,48
"KLHDC4","s1639_F_PIT_01_ASEReadCounter.table","NW_015090842.1:8894542",63,90,27
"KLHDC4","s1639_F_PIT_01_ASEReadCounter.table","NW_015090842.1:8896726",54,88,34
"KLHDC4","s1639_F_PIT_01_ASEReadCounter.table","NW_015090842.1:8896767",54,91,37
"KLHDC4","s1639_F_PIT_01_ASEReadCounter.table","NW_015090842.1:8904174",42,67,25
"KLHDC4","s1639_F_PIT_01_ASEReadCounter.table","NW_015090842.1:8904231",47,67,20
"KLHDC4","s1639_F_PIT_01_ASEReadCounter.table","NW_015090842.1:8905251",46,60,14
"KLHDC4","s1639_F_PIT_01_ASEReadCounter.table","NW_015090842.1:8905263",45,67,22
"KLHDC4","s1639_F_PIT_01_ASEReadCounter.table","NW_015090842.1:8919626",14,19,5
"SLC7A5","s1639_F_PIT_01_ASEReadCounter.table","NW_015090842.1:8938782",125,220,95
"SLC7A5","s1639_F_PIT_01_ASEReadCounter.table","NW_015090842.1:8938943",121,197,76
"SLC7A5","s1639_F_PIT_01_ASEReadCounter.table","NW_015090842.1:8939611",110,154,44
"SLC7A5","s1639_F_PIT_01_ASEReadCounter.table","NW_015090842.1:8939738",107,186,79
"SLC7A5","s1639_F_PIT_01_ASEReadCounter.table","NW_015090842.1:8939739",108,187,79
"SLC7A5","s1639_F_PIT_01_ASEReadCounter.table","NW_015090842.1:8939740",102,186,84
"SLC7A5","s1639_F_PIT_01_ASEReadCounter.table","NW_015090842.1:8939795",121,196,75
"SLC7A5","s1639_F_PIT_01_ASEReadCounter.table","NW_015090842.1:8939815",109,190,81
"SLC7A5","s1639_F_PIT_01_ASEReadCounter.table","NW_015090842.1:8939816",108,182,74
"SLC7A5","s1639_F_PIT_01_ASEReadCounter.table","NW_015090842.1:8939817",109,193,84
"SLC7A5","s1639_F_PIT_01_ASEReadCounter.table","NW_015090842.1:8939845",113,200,87
"SLC7A5","s1639_F_PIT_01_ASEReadCounter.table","NW_015090842.1:8939894",94,169,75
"SLC7A5","s1639_F_PIT_01_ASEReadCounter.table","NW_015090842.1:8939895",95,172,77
"SLC7A5","s1639_F_PIT_01_ASEReadCounter.table","NW_015090842.1:8939997",262,262,0
"SLC7A5","s1639_F_PIT_01_ASEReadCounter.table","NW_015090842.1:8940172",144,238,94
"SLC7A5","s1639_F_PIT_01_ASEReadCounter.table","NW_015090842.1:8940331",69,109,40
"SLC7A5","s1639_F_PIT_01_ASEReadCounter.table","NW_015090842.1:8940696",66,138,72
"SLC7A5","s1639_F_PIT_01_ASEReadCounter.table","NW_015090842.1:8940719",44,135,91
"SLC7A5","s1639_F_PIT_01_ASEReadCounter.table","NW_015090842.1:8940737",51,132,81
"SLC7A5","s1639_F_PIT_01_ASEReadCounter.table","NW_015090842.1:8940743",56,132,76
"SLC7A5","s1639_F_PIT_01_ASEReadCounter.table","NW_015090842.1:8940766",76,153,77
"SLC7A5","s1639_F_PIT_01_ASEReadCounter.table","NW_015090842.1:8940769",80,159,79
"SLC7A5","s1639_F_PIT_01_ASEReadCounter.table","NW_015090842.1:8940861",101,173,72
"SLC7A5","s1639_F_PIT_01_ASEReadCounter.table","NW_015090842.1:8941068",155,257,102
"SLC7A5","s1639_F_PIT_01_ASEReadCounter.table","NW_015090842.1:8941467",101,184,83
"SLC7A5","s1639_F_PIT_01_ASEReadCounter.table","NW_015090842.1:8941531",110,193,83
"SLC7A5","s1639_F_PIT_01_ASEReadCounter.table","NW_015090842.1:8941588",134,228,94
"SLC7A5","s1639_F_PIT_01_ASEReadCounter.table","NW_015090842.1:8941698",84,132,48
"SLC7A5","s1639_F_PIT_01_ASEReadCounter.table","NW_015090842.1:8941717",98,157,59
"SLC7A5","s1639_F_PIT_01_ASEReadCounter.table","NW_015090842.1:8941745",92,164,72
"SLC7A5","s1639_F_PIT_01_ASEReadCounter.table","NW_015090842.1:8941781",101,186,85
"SLC7A5","s1639_F_PIT_01_ASEReadCounter.table","NW_015090842.1:8941887",88,138,50
"SLC7A5","s1639_F_PIT_01_ASEReadCounter.table","NW_015090842.1:8941968",58,120,62
"SLC7A5","s1639_F_PIT_01_ASEReadCounter.table","NW_015090842.1:8942025",87,135,48
"SLC7A5","s1639_F_PIT_01_ASEReadCounter.table","NW_015090842.1:8942069",99,163,64
"SLC7A5","s1639_F_PIT_01_ASEReadCounter.table","NW_015090842.1:8942170",111,180,69
"SLC7A5","s1639_F_PIT_01_ASEReadCounter.table","NW_015090842.1:8942241",100,177,77
"SLC7A5","s1639_F_PIT_01_ASEReadCounter.table","NW_015090842.1:8942283",86,166,80
"SLC7A5","s1639_F_PIT_01_ASEReadCounter.table","NW_015090842.1:8942717",104,171,67
"SLC7A5","s1639_F_PIT_01_ASEReadCounter.table","NW_015090842.1:8942756",133,212,79
"SLC7A5","s1639_F_PIT_01_ASEReadCounter.table","NW_015090842.1:8942766",128,210,82
"SLC7A5","s1639_F_PIT_01_ASEReadCounter.table","NW_015090842.1:8943271",105,173,68
"SLC7A5","s1639_F_PIT_01_ASEReadCounter.table","NW_015090842.1:8943524",93,156,63
"SLC7A5","s1639_F_PIT_01_ASEReadCounter.table","NW_015090842.1:8943530",99,161,62
"SLC7A5","s1639_F_PIT_01_ASEReadCounter.table","NW_015090842.1:8943602",106,163,57
"SLC7A5","s1639_F_PIT_01_ASEReadCounter.table","NW_015090842.1:8943622",92,144,52
"SLC7A5","s1639_F_PIT_01_ASEReadCounter.table","NW_015090842.1:8943661",99,151,52
"SLC7A5","s1639_F_PIT_01_ASEReadCounter.table","NW_015090842.1:8943686",99,155,56
"SLC7A5","s1639_F_PIT_01_ASEReadCounter.table","NW_015090842.1:8943788",96,157,61
"SLC7A5","s1639_F_PIT_01_ASEReadCounter.table","NW_015090842.1:8943814",104,154,50
"SLC7A5","s1639_F_PIT_01_ASEReadCounter.table","NW_015090842.1:8943876",102,158,56
"SLC7A5","s1639_F_PIT_01_ASEReadCounter.table","NW_015090842.1:8943892",107,167,60
"SLC7A5","s1639_F_PIT_01_ASEReadCounter.table","NW_015090842.1:8944097",93,168,75
"SLC7A5","s1639_F_PIT_01_ASEReadCounter.table","NW_015090842.1:8944104",92,162,70
"SLC7A5","s1639_F_PIT_01_ASEReadCounter.table","NW_015090842.1:8944293",66,112,46
"SLC7A5","s1639_F_PIT_01_ASEReadCounter.table","NW_015090842.1:8944297",64,106,42
"SLC7A5","s1639_F_PIT_01_ASEReadCounter.table","NW_015090842.1:8944397",77,121,44
"SLC7A5","s1639_F_PIT_01_ASEReadCounter.table","NW_015090842.1:8944552",91,136,45
"SLC7A5","s1639_F_PIT_01_ASEReadCounter.table","NW_015090842.1:8944629",101,179,78
"CA5A","s1639_F_PIT_01_ASEReadCounter.table","NW_015090842.1:8989479",37,89,52
"CA5A","s1639_F_PIT_01_ASEReadCounter.table","NW_015090842.1:8989562",39,93,54
"CA5A","s1639_F_PIT_01_ASEReadCounter.table","NW_015090842.1:8989609",46,108,62
"CA5A","s1639_F_PIT_01_ASEReadCounter.table","NW_015090842.1:8989693",64,154,90
"CA5A","s1639_F_PIT_01_ASEReadCounter.table","NW_015090842.1:8989702",69,150,81
"CA5A","s1639_F_PIT_01_ASEReadCounter.table","NW_015090842.1:8989746",74,154,80
"CA5A","s1639_F_PIT_01_ASEReadCounter.table","NW_015090842.1:8989880",59,129,70
"CA5A","s1639_F_PIT_01_ASEReadCounter.table","NW_015090842.1:8989885",62,134,72
"CA5A","s1639_F_PIT_01_ASEReadCounter.table","NW_015090842.1:8989929",55,141,86
"CA5A","s1639_F_PIT_01_ASEReadCounter.table","NW_015090842.1:8990002",48,126,78
"CA5A","s1639_F_PIT_01_ASEReadCounter.table","NW_015090842.1:8990004",48,129,81
"CA5A","s1639_F_PIT_01_ASEReadCounter.table","NW_015090842.1:8990005",48,126,78
"CA5A","s1639_F_PIT_01_ASEReadCounter.table","NW_015090842.1:8990017",46,116,70
"CA5A","s1639_F_PIT_01_ASEReadCounter.table","NW_015090842.1:8990043",37,99,62
"CA5A","s1639_F_PIT_01_ASEReadCounter.table","NW_015090842.1:8990060",114,114,0
"CA5A","s1639_F_PIT_01_ASEReadCounter.table","NW_015090842.1:8990080",41,107,66
"CA5A","s1639_F_PIT_01_ASEReadCounter.table","NW_015090842.1:8990084",45,112,67
"CA5A","s1639_F_PIT_01_ASEReadCounter.table","NW_015090842.1:8990090",48,113,65
"CA5A","s1639_F_PIT_01_ASEReadCounter.table","NW_015090842.1:8990095",52,112,60
"CA5A","s1639_F_PIT_01_ASEReadCounter.table","NW_015090842.1:8990111",49,107,58
"CA5A","s1639_F_PIT_01_ASEReadCounter.table","NW_015090842.1:8990112",50,107,57
"CA5A","s1639_F_PIT_01_ASEReadCounter.table","NW_015090842.1:8990115",52,109,57
"CA5A","s1639_F_PIT_01_ASEReadCounter.table","NW_015090842.1:8990166",54,98,44
"CA5A","s1639_F_PIT_01_ASEReadCounter.table","NW_015090842.1:8990169",60,104,44
"CA5A","s1639_F_PIT_01_ASEReadCounter.table","NW_015090842.1:8990193",104,104,0
"CA5A","s1639_F_PIT_01_ASEReadCounter.table","NW_015090842.1:8990222",40,79,39
"CA5A","s1639_F_PIT_01_ASEReadCounter.table","NW_015090842.1:8990289",50,108,58
"CA5A","s1639_F_PIT_01_ASEReadCounter.table","NW_015090842.1:8990314",45,106,61
"CA5A","s1639_F_PIT_01_ASEReadCounter.table","NW_015090842.1:8990361",51,116,65
"CA5A","s1639_F_PIT_01_ASEReadCounter.table","NW_015090842.1:8990368",49,113,64
"CA5A","s1639_F_PIT_01_ASEReadCounter.table","NW_015090842.1:8990429",53,100,47
"CA5A","s1639_F_PIT_01_ASEReadCounter.table","NW_015090842.1:8990466",40,77,37
"CA5A","s1639_F_PIT_01_ASEReadCounter.table","NW_015090842.1:8990663",48,103,55
"CA5A","s1639_F_PIT_01_ASEReadCounter.table","NW_015090842.1:8990797",42,86,44
"CA5A","s1639_F_PIT_01_ASEReadCounter.table","NW_015090842.1:8990836",57,110,53
"CA5A","s1639_F_PIT_01_ASEReadCounter.table","NW_015090842.1:8990842",56,108,52
"CA5A","s1639_F_PIT_01_ASEReadCounter.table","NW_015090842.1:8990851",53,102,49
"CA5A","s1639_F_PIT_01_ASEReadCounter.table","NW_015090842.1:8990918",48,104,56
"CA5A","s1639_F_PIT_01_ASEReadCounter.table","NW_015090842.1:8990921",45,105,60
"CA5A","s1639_F_PIT_01_ASEReadCounter.table","NW_015090842.1:8990942",57,120,63
"CA5A","s1639_F_PIT_01_ASEReadCounter.table","NW_015090842.1:8991001",76,156,80
"CA5A","s1639_F_PIT_01_ASEReadCounter.table","NW_015090842.1:8991038",62,126,64
"CA5A","s1639_F_PIT_01_ASEReadCounter.table","NW_015090842.1:8991149",61,124,63
"CA5A","s1639_F_PIT_01_ASEReadCounter.table","NW_015090842.1:8991176",69,134,65
"CA5A","s1639_F_PIT_01_ASEReadCounter.table","NW_015090842.1:8991241",56,120,64
"CA5A","s1639_F_PIT_01_ASEReadCounter.table","NW_015090842.1:8991262",51,106,55
"CA5A","s1639_F_PIT_01_ASEReadCounter.table","NW_015090842.1:8991316",58,64,6
"CA5A","s1639_F_PIT_01_ASEReadCounter.table","NW_015090842.1:8991319",56,61,5
"CA5A","s1639_F_PIT_01_ASEReadCounter.table","NW_015090842.1:8991330",52,54,2
"CA5A","s1639_F_PIT_01_ASEReadCounter.table","NW_015090842.1:8991334",52,56,4
"CA5A","s1639_F_PIT_01_ASEReadCounter.table","NW_015090842.1:8991362",56,94,38
"CA5A","s1639_F_PIT_01_ASEReadCounter.table","NW_015090842.1:8991368",57,96,39
"CA5A","s1639_F_PIT_01_ASEReadCounter.table","NW_015090842.1:8991390",60,101,41
"CA5A","s1639_F_PIT_01_ASEReadCounter.table","NW_015090842.1:8991395",59,103,44
"CA5A","s1639_F_PIT_01_ASEReadCounter.table","NW_015090842.1:8991422",64,119,55
"CA5A","s1639_F_PIT_01_ASEReadCounter.table","NW_015090842.1:8991467",58,111,53
"CA5A","s1639_F_PIT_01_ASEReadCounter.table","NW_015090842.1:8991576",40,103,63
"CA5A","s1639_F_PIT_01_ASEReadCounter.table","NW_015090842.1:8991587",49,110,61
"CA5A","s1639_F_PIT_01_ASEReadCounter.table","NW_015090842.1:8991655",63,116,53
"CA5A","s1639_F_PIT_01_ASEReadCounter.table","NW_015090842.1:8991717",53,117,64
"CA5A","s1639_F_PIT_01_ASEReadCounter.table","NW_015090842.1:8991726",56,119,63
"CA5A","s1639_F_PIT_01_ASEReadCounter.table","NW_015090842.1:8991799",60,117,57
"CA5A","s1639_F_PIT_01_ASEReadCounter.table","NW_015090842.1:8991809",52,102,50
"CA5A","s1639_F_PIT_01_ASEReadCounter.table","NW_015090842.1:8991848",46,100,54
"CA5A","s1639_F_PIT_01_ASEReadCounter.table","NW_015090842.1:8991849",47,100,53
"CA5A","s1639_F_PIT_01_ASEReadCounter.table","NW_015090842.1:8991927",58,114,56
"CA5A","s1639_F_PIT_01_ASEReadCounter.table","NW_015090842.1:8991941",59,115,56
"CA5A","s1639_F_PIT_01_ASEReadCounter.table","NW_015090842.1:8992121",29,86,57
"CA5A","s1639_F_PIT_01_ASEReadCounter.table","NW_015090842.1:8992224",40,97,57
"CA5A","s1639_F_PIT_01_ASEReadCounter.table","NW_015090842.1:9002570",41,77,36
"CA5A","s1639_F_PIT_01_ASEReadCounter.table","NW_015090842.1:9002600",38,75,37
"CA5A","s1639_F_PIT_01_ASEReadCounter.table","NW_015090842.1:9004312",24,50,26
"CA5A","s1639_F_PIT_01_ASEReadCounter.table","NW_015090842.1:9004506",0,1,1
"CA5A","s1639_F_PIT_01_ASEReadCounter.table","NW_015090842.1:9004523",0,1,1
"CA5A","s1639_F_PIT_01_ASEReadCounter.table","NW_015090842.1:9004530",0,1,1
"CA5A","s1639_F_PIT_01_ASEReadCounter.table","NW_015090842.1:9004556",0,2,2
"CA5A","s1639_F_PIT_01_ASEReadCounter.table","NW_015090842.1:9005116",3,5,2
"CA5A","s1639_F_PIT_01_ASEReadCounter.table","NW_015090842.1:9005120",3,5,2
"CA5A","s1639_F_PIT_01_ASEReadCounter.table","NW_015090842.1:9005140",3,5,2
"CA5A","s1639_F_PIT_01_ASEReadCounter.table","NW_015090842.1:9005152",3,4,1
"BANP","s1639_F_PIT_01_ASEReadCounter.table","NW_015090842.1:9033407",12,34,22
"BANP","s1639_F_PIT_01_ASEReadCounter.table","NW_015090842.1:9033409",12,32,20
"BANP","s1639_F_PIT_01_ASEReadCounter.table","NW_015090842.1:9033420",12,36,24
"BANP","s1639_F_PIT_01_ASEReadCounter.table","NW_015090842.1:9067974",0,31,31
"BANP","s1639_F_PIT_01_ASEReadCounter.table","NW_015090842.1:9102510",20,44,24
"BANP","s1639_F_PIT_01_ASEReadCounter.table","NW_015090842.1:9168534",19,40,21
"BANP","s1639_F_PIT_01_ASEReadCounter.table","NW_015090842.1:9168818",22,45,23
"ZNF469","s1639_F_PIT_01_ASEReadCounter.table","NW_015090842.1:9424301",0,2,2
"ZNF469","s1639_F_PIT_01_ASEReadCounter.table","NW_015090842.1:9424333",0,1,1
"ZNF469","s1639_F_PIT_01_ASEReadCounter.table","NW_015090842.1:9425089",1,1,0
"ZNF469","s1639_F_PIT_01_ASEReadCounter.table","NW_015090842.1:9425108",1,1,0
"ZNF469","s1639_F_PIT_01_ASEReadCounter.table","NW_015090842.1:9425182",1,1,0
"ZNF469","s1639_F_PIT_01_ASEReadCounter.table","NW_015090842.1:9426420",0,1,1
"ZNF469","s1639_F_PIT_01_ASEReadCounter.table","NW_015090842.1:9426585",0,2,2
"ZNF469","s1639_F_PIT_01_ASEReadCounter.table","NW_015090842.1:9427067",0,1,1
"ZNF469","s1639_F_PIT_01_ASEReadCounter.table","NW_015090842.1:9427614",1,1,0
"ZNF469","s1639_F_PIT_01_ASEReadCounter.table","NW_015090842.1:9428178",1,2,1
"ZNF469","s1639_F_PIT_01_ASEReadCounter.table","NW_015090842.1:9429758",0,1,1
"ZNF469","s1639_F_PIT_01_ASEReadCounter.table","NW_015090842.1:9429759",0,1,1
"ZNF469","s1639_F_PIT_01_ASEReadCounter.table","NW_015090842.1:9429794",0,1,1
"ZNF469","s1639_F_PIT_01_ASEReadCounter.table","NW_015090842.1:9430560",0,1,1
"ZNF469","s1639_F_PIT_01_ASEReadCounter.table","NW_015090842.1:9430668",0,2,2
"ZNF469","s1639_F_PIT_01_ASEReadCounter.table","NW_015090842.1:9430700",0,2,2
"ZNF469","s1639_F_PIT_01_ASEReadCounter.table","NW_015090842.1:9431031",4,4,0
"ZNF469","s1639_F_PIT_01_ASEReadCounter.table","NW_015090842.1:9431073",5,5,0
"ZNF469","s1639_F_PIT_01_ASEReadCounter.table","NW_015090842.1:9431091",5,5,0
"ZNF469","s1639_F_PIT_01_ASEReadCounter.table","NW_015090842.1:9431150",3,3,0
"ZNF469","s1639_F_PIT_01_ASEReadCounter.table","NW_015090842.1:9431162",3,3,0
"ZNF469","s1639_F_PIT_01_ASEReadCounter.table","NW_015090842.1:9431214",2,2,0
"ZNF469","s1639_F_PIT_01_ASEReadCounter.table","NW_015090842.1:9431317",0,1,1
"ZNF469","s1639_F_PIT_01_ASEReadCounter.table","NW_015090842.1:9431325",0,1,1
"ZNF469","s1639_F_PIT_01_ASEReadCounter.table","NW_015090842.1:9431700",0,1,1
"ZNF469","s1639_F_PIT_01_ASEReadCounter.table","NW_015090842.1:9431901",1,1,0
"ZNF469","s1639_F_PIT_01_ASEReadCounter.table","NW_015090842.1:9432110",0,1,1
"ZNF469","s1639_F_PIT_01_ASEReadCounter.table","NW_015090842.1:9432302",2,2,0
"ZNF469","s1639_F_PIT_01_ASEReadCounter.table","NW_015090842.1:9432361",1,2,1
"ZNF469","s1639_F_PIT_01_ASEReadCounter.table","NW_015090842.1:9432374",1,2,1
"ZNF469","s1639_F_PIT_01_ASEReadCounter.table","NW_015090842.1:9432382",1,2,1
"ZNF469","s1639_F_PIT_01_ASEReadCounter.table","NW_015090842.1:9432481",2,3,1
"ZNF469","s1639_F_PIT_01_ASEReadCounter.table","NW_015090842.1:9432498",1,2,1
"ZNF469","s1639_F_PIT_01_ASEReadCounter.table","NW_015090842.1:9433268",2,3,1
"ZNF469","s1639_F_PIT_01_ASEReadCounter.table","NW_015090842.1:9433678",1,2,1
"ZNF469","s1639_F_PIT_01_ASEReadCounter.table","NW_015090842.1:9433902",1,1,0
"ZNF469","s1639_F_PIT_01_ASEReadCounter.table","NW_015090842.1:9433980",1,2,1
"ZNF469","s1639_F_PIT_01_ASEReadCounter.table","NW_015090842.1:9434259",0,2,2
"ZNF469","s1639_F_PIT_01_ASEReadCounter.table","NW_015090842.1:9435221",4,4,0
"ZFPM1","s1639_F_PIT_01_ASEReadCounter.table","NW_015090842.1:9458862",7,17,10
"ZFPM1","s1639_F_PIT_01_ASEReadCounter.table","NW_015090842.1:9458888",7,23,16
"ZFPM1","s1639_F_PIT_01_ASEReadCounter.table","NW_015090842.1:9458904",11,34,23
"ZFPM1","s1639_F_PIT_01_ASEReadCounter.table","NW_015090842.1:9458916",13,35,22
"ZFPM1","s1639_F_PIT_01_ASEReadCounter.table","NW_015090842.1:9468568",12,33,21
"ZFPM1","s1639_F_PIT_01_ASEReadCounter.table","NW_015090842.1:9468593",12,27,15
"ZFPM1","s1639_F_PIT_01_ASEReadCounter.table","NW_015090842.1:9471561",7,19,12
"ZFPM1","s1639_F_PIT_01_ASEReadCounter.table","NW_015090842.1:9472557",19,35,16
"ZFPM1","s1639_F_PIT_01_ASEReadCounter.table","NW_015090842.1:9472565",19,34,15
"ZFPM1","s1639_F_PIT_01_ASEReadCounter.table","NW_015090842.1:9472608",20,37,17
"ZFPM1","s1639_F_PIT_01_ASEReadCounter.table","NW_015090842.1:9472627",21,39,18
"ZFPM1","s1639_F_PIT_01_ASEReadCounter.table","NW_015090842.1:9472668",13,26,13
"ZFPM1","s1639_F_PIT_01_ASEReadCounter.table","NW_015090842.1:9473655",21,34,13
"ZFPM1","s1639_F_PIT_01_ASEReadCounter.table","NW_015090842.1:9475827",19,41,22
"ZFPM1","s1639_F_PIT_01_ASEReadCounter.table","NW_015090842.1:9475842",20,45,25
"ZFPM1","s1639_F_PIT_01_ASEReadCounter.table","NW_015090842.1:9476119",15,29,14
"ZFPM1","s1639_F_PIT_01_ASEReadCounter.table","NW_015090842.1:9476161",17,32,15
"ZFPM1","s1639_F_PIT_01_ASEReadCounter.table","NW_015090842.1:9476219",6,16,10
"ZFPM1","s1639_F_PIT_01_ASEReadCounter.table","NW_015090842.1:9476233",6,18,12
"ZFPM1","s1639_F_PIT_01_ASEReadCounter.table","NW_015090842.1:9476305",11,26,15
"ZFPM1","s1639_F_PIT_01_ASEReadCounter.table","NW_015090842.1:9476395",9,21,12
"ZFPM1","s1639_F_PIT_01_ASEReadCounter.table","NW_015090842.1:9476421",12,29,17
"ZFPM1","s1639_F_PIT_01_ASEReadCounter.table","NW_015090842.1:9476539",17,29,12
"ZFPM1","s1639_F_PIT_01_ASEReadCounter.table","NW_015090842.1:9476576",12,29,17
"ZFPM1","s1639_F_PIT_01_ASEReadCounter.table","NW_015090842.1:9476599",30,30,0
"ZFPM1","s1639_F_PIT_01_ASEReadCounter.table","NW_015090842.1:9476792",24,46,22
"ZFPM1","s1639_F_PIT_01_ASEReadCounter.table","NW_015090842.1:9476803",23,43,20
"ZFPM1","s1639_F_PIT_01_ASEReadCounter.table","NW_015090842.1:9477115",15,27,12
"ZFPM1","s1639_F_PIT_01_ASEReadCounter.table","NW_015090842.1:9477299",5,22,17
"ZFPM1","s1639_F_PIT_01_ASEReadCounter.table","NW_015090842.1:9477398",32,32,0
"ZFPM1","s1639_F_PIT_01_ASEReadCounter.table","NW_015090842.1:9477422",13,28,15
"ZFPM1","s1639_F_PIT_01_ASEReadCounter.table","NW_015090842.1:9477554",11,31,20
"ZFPM1","s1639_F_PIT_01_ASEReadCounter.table","NW_015090842.1:9477575",33,33,0
"ZFPM1","s1639_F_PIT_01_ASEReadCounter.table","NW_015090842.1:9477595",11,34,23
"ZFPM1","s1639_F_PIT_01_ASEReadCounter.table","NW_015090842.1:9477611",15,37,22
"ZFPM1","s1639_F_PIT_01_ASEReadCounter.table","NW_015090842.1:9477659",17,45,28
"ZFPM1","s1639_F_PIT_01_ASEReadCounter.table","NW_015090842.1:9477737",9,31,22
"ZFPM1","s1639_F_PIT_01_ASEReadCounter.table","NW_015090842.1:9477791",6,23,17
"ZFPM1","s1639_F_PIT_01_ASEReadCounter.table","NW_015090842.1:9477844",12,31,19
"ZFPM1","s1639_F_PIT_01_ASEReadCounter.table","NW_015090842.1:9477917",12,27,15
"ZFPM1","s1639_F_PIT_01_ASEReadCounter.table","NW_015090842.1:9478295",16,37,21
"ZFPM1","s1639_F_PIT_01_ASEReadCounter.table","NW_015090842.1:9478349",9,31,22
"ZFPM1","s1639_F_PIT_01_ASEReadCounter.table","NW_015090842.1:9478524",4,19,15
"ZFPM1","s1639_F_PIT_01_ASEReadCounter.table","NW_015090842.1:9478546",6,21,15
"ZFPM1","s1639_F_PIT_01_ASEReadCounter.table","NW_015090842.1:9478573",9,25,16
"ZFPM1","s1639_F_PIT_01_ASEReadCounter.table","NW_015090842.1:9478582",10,22,12
"ZFPM1","s1639_F_PIT_01_ASEReadCounter.table","NW_015090842.1:9478684",5,8,3
"ZFPM1","s1639_F_PIT_01_ASEReadCounter.table","NW_015090842.1:9478711",5,10,5
"ZFPM1","s1639_F_PIT_01_ASEReadCounter.table","NW_015090842.1:9478761",8,14,6
"ZFPM1","s1639_F_PIT_01_ASEReadCounter.table","NW_015090842.1:9478829",3,3,0
"CIDEC","s1639_F_PIT_01_ASEReadCounter.table","NW_015090842.1:9480212",1,1,0
"CIDEC","s1639_F_PIT_01_ASEReadCounter.table","NW_015090842.1:9480252",1,1,0
"CIDEC","s1639_F_PIT_01_ASEReadCounter.table","NW_015090842.1:9480391",1,1,0
"CIDEC","s1639_F_PIT_01_ASEReadCounter.table","NW_015090842.1:9480394",1,1,0
"CIDEC","s1639_F_PIT_01_ASEReadCounter.table","NW_015090842.1:9480675",1,1,0
"CIDEC","s1639_F_PIT_01_ASEReadCounter.table","NW_015090842.1:9480686",2,2,0
"CIDEC","s1639_F_PIT_01_ASEReadCounter.table","NW_015090842.1:9480693",2,2,0
"CIDEC","s1639_F_PIT_01_ASEReadCounter.table","NW_015090842.1:9480756",1,1,0
"ZC3H18","s1639_F_PIT_01_ASEReadCounter.table","NW_015090842.1:9494271",6,14,8
"ZC3H18","s1639_F_PIT_01_ASEReadCounter.table","NW_015090842.1:9501427",33,49,16
"ZC3H18","s1639_F_PIT_01_ASEReadCounter.table","NW_015090842.1:9501442",28,44,16
"ZC3H18","s1639_F_PIT_01_ASEReadCounter.table","NW_015090842.1:9505538",24,50,26
"ZC3H18","s1639_F_PIT_01_ASEReadCounter.table","NW_015090842.1:9506778",33,69,36
"ZC3H18","s1639_F_PIT_01_ASEReadCounter.table","NW_015090842.1:9522538",35,66,31
"ZC3H18","s1639_F_PIT_01_ASEReadCounter.table","NW_015090842.1:9524350",31,53,22
"ZC3H18","s1639_F_PIT_01_ASEReadCounter.table","NW_015090842.1:9524366",32,57,25
"ZC3H18","s1639_F_PIT_01_ASEReadCounter.table","NW_015090842.1:9524424",27,51,24
"ZC3H18","s1639_F_PIT_01_ASEReadCounter.table","NW_015090842.1:9529649",38,79,41
"ZC3H18","s1639_F_PIT_01_ASEReadCounter.table","NW_015090842.1:9529688",23,59,36
"ZC3H18","s1639_F_PIT_01_ASEReadCounter.table","NW_015090842.1:9529691",20,56,36
"ZC3H18","s1639_F_PIT_01_ASEReadCounter.table","NW_015090842.1:9530977",33,63,30
"ZC3H18","s1639_F_PIT_01_ASEReadCounter.table","NW_015090842.1:9536699",0,27,27
"CYBA","s1639_F_PIT_01_ASEReadCounter.table","NW_015090842.1:9547281",50,64,14
"CYBA","s1639_F_PIT_01_ASEReadCounter.table","NW_015090842.1:9547402",176,240,64
"CYBA","s1639_F_PIT_01_ASEReadCounter.table","NW_015090842.1:9547553",90,152,62
"CYBA","s1639_F_PIT_01_ASEReadCounter.table","NW_015090842.1:9548052",126,163,37
"CYBA","s1639_F_PIT_01_ASEReadCounter.table","NW_015090842.1:9548436",164,216,52
"CYBA","s1639_F_PIT_01_ASEReadCounter.table","NW_015090842.1:9548442",162,219,57
"CYBA","s1639_F_PIT_01_ASEReadCounter.table","NW_015090842.1:9548478",193,255,62
"CYBA","s1639_F_PIT_01_ASEReadCounter.table","NW_015090842.1:9548487",185,242,57
"CYBA","s1639_F_PIT_01_ASEReadCounter.table","NW_015090842.1:9548490",185,242,57
"CYBA","s1639_F_PIT_01_ASEReadCounter.table","NW_015090842.1:9548717",183,232,49
"CYBA","s1639_F_PIT_01_ASEReadCounter.table","NW_015090842.1:9548750",139,181,42
"CYBA","s1639_F_PIT_01_ASEReadCounter.table","NW_015090842.1:9548766",102,138,36
"MVD","s1639_F_PIT_01_ASEReadCounter.table","NW_015090842.1:9550678",11,26,15
"MVD","s1639_F_PIT_01_ASEReadCounter.table","NW_015090842.1:9550690",12,37,25
"MVD","s1639_F_PIT_01_ASEReadCounter.table","NW_015090842.1:9550691",12,37,25
"MVD","s1639_F_PIT_01_ASEReadCounter.table","NW_015090842.1:9550699",16,43,27
"MVD","s1639_F_PIT_01_ASEReadCounter.table","NW_015090842.1:9550719",18,45,27
"MVD","s1639_F_PIT_01_ASEReadCounter.table","NW_015090842.1:9551596",26,61,35
"MVD","s1639_F_PIT_01_ASEReadCounter.table","NW_015090842.1:9551638",26,67,41
"MVD","s1639_F_PIT_01_ASEReadCounter.table","NW_015090842.1:9551899",0,1,1
"MVD","s1639_F_PIT_01_ASEReadCounter.table","NW_015090842.1:9552193",25,60,35
"MVD","s1639_F_PIT_01_ASEReadCounter.table","NW_015090842.1:9552202",27,58,31
"MVD","s1639_F_PIT_01_ASEReadCounter.table","NW_015090842.1:9552208",27,57,30
"MVD","s1639_F_PIT_01_ASEReadCounter.table","NW_015090842.1:9552625",17,43,26
"MVD","s1639_F_PIT_01_ASEReadCounter.table","NW_015090842.1:9552629",38,38,0
"MVD","s1639_F_PIT_01_ASEReadCounter.table","NW_015090842.1:9552644",17,38,21
"MVD","s1639_F_PIT_01_ASEReadCounter.table","NW_015090842.1:9553093",25,57,32
"MVD","s1639_F_PIT_01_ASEReadCounter.table","NW_015090842.1:9553114",28,52,24
"RNF166","s1639_F_PIT_01_ASEReadCounter.table","NW_015090842.1:9557900",46,89,43
"RNF166","s1639_F_PIT_01_ASEReadCounter.table","NW_015090842.1:9558048",44,96,52
"RNF166","s1639_F_PIT_01_ASEReadCounter.table","NW_015090842.1:9558116",49,101,52
"RNF166","s1639_F_PIT_01_ASEReadCounter.table","NW_015090842.1:9558308",52,99,47
"RNF166","s1639_F_PIT_01_ASEReadCounter.table","NW_015090842.1:9558405",37,78,41
"RNF166","s1639_F_PIT_01_ASEReadCounter.table","NW_015090842.1:9558549",53,114,61
"RNF166","s1639_F_PIT_01_ASEReadCounter.table","NW_015090842.1:9558556",55,112,57
"RNF166","s1639_F_PIT_01_ASEReadCounter.table","NW_015090842.1:9558579",61,107,46
"RNF166","s1639_F_PIT_01_ASEReadCounter.table","NW_015090842.1:9558599",53,92,39
"RNF166","s1639_F_PIT_01_ASEReadCounter.table","NW_015090842.1:9558688",42,91,49
"RNF166","s1639_F_PIT_01_ASEReadCounter.table","NW_015090842.1:9558711",44,94,50
"RNF166","s1639_F_PIT_01_ASEReadCounter.table","NW_015090842.1:9558733",41,89,48
"RNF166","s1639_F_PIT_01_ASEReadCounter.table","NW_015090842.1:9558847",45,100,55
"RNF166","s1639_F_PIT_01_ASEReadCounter.table","NW_015090842.1:9559798",51,109,58
"RNF166","s1639_F_PIT_01_ASEReadCounter.table","NW_015090842.1:9560575",76,152,76
"RNF166","s1639_F_PIT_01_ASEReadCounter.table","NW_015090842.1:9561055",47,102,55
"RNF166","s1639_F_PIT_01_ASEReadCounter.table","NW_015090842.1:9562458",46,90,44
"RNF166","s1639_F_PIT_01_ASEReadCounter.table","NW_015090842.1:9562497",45,83,38
"RNF166","s1639_F_PIT_01_ASEReadCounter.table","NW_015090842.1:9562539",28,60,32
"RNF166","s1639_F_PIT_01_ASEReadCounter.table","NW_015090842.1:9564056",26,53,27
"CTU2","s1639_F_PIT_01_ASEReadCounter.table","NW_015090842.1:9565149",27,44,17
"CTU2","s1639_F_PIT_01_ASEReadCounter.table","NW_015090842.1:9565193",22,44,22
"CTU2","s1639_F_PIT_01_ASEReadCounter.table","NW_015090842.1:9565300",18,49,31
"CTU2","s1639_F_PIT_01_ASEReadCounter.table","NW_015090842.1:9565321",13,41,28
"CTU2","s1639_F_PIT_01_ASEReadCounter.table","NW_015090842.1:9565721",22,47,25
"CTU2","s1639_F_PIT_01_ASEReadCounter.table","NW_015090842.1:9565739",19,45,26
"CTU2","s1639_F_PIT_01_ASEReadCounter.table","NW_015090842.1:9565905",23,43,20
"CTU2","s1639_F_PIT_01_ASEReadCounter.table","NW_015090842.1:9566013",35,35,0
"CTU2","s1639_F_PIT_01_ASEReadCounter.table","NW_015090842.1:9566055",31,58,27
"CTU2","s1639_F_PIT_01_ASEReadCounter.table","NW_015090842.1:9566056",31,57,26
"CTU2","s1639_F_PIT_01_ASEReadCounter.table","NW_015090842.1:9566151",29,48,19
"CTU2","s1639_F_PIT_01_ASEReadCounter.table","NW_015090842.1:9566300",26,43,17
"CTU2","s1639_F_PIT_01_ASEReadCounter.table","NW_015090842.1:9566342",33,57,24
"CTU2","s1639_F_PIT_01_ASEReadCounter.table","NW_015090842.1:9566548",37,57,20
"CTU2","s1639_F_PIT_01_ASEReadCounter.table","NW_015090842.1:9566625",27,52,25
"CTU2","s1639_F_PIT_01_ASEReadCounter.table","NW_015090842.1:9566633",28,54,26
"CTU2","s1639_F_PIT_01_ASEReadCounter.table","NW_015090842.1:9566807",26,53,27
"CTU2","s1639_F_PIT_01_ASEReadCounter.table","NW_015090842.1:9567139",32,64,32
"CTU2","s1639_F_PIT_01_ASEReadCounter.table","NW_015090842.1:9567156",31,62,31
"CTU2","s1639_F_PIT_01_ASEReadCounter.table","NW_015090842.1:9567614",27,63,36
"CTU2","s1639_F_PIT_01_ASEReadCounter.table","NW_015090842.1:9567677",20,40,20
"CTU2","s1639_F_PIT_01_ASEReadCounter.table","NW_015090842.1:9567747",25,44,19
"CTU2","s1639_F_PIT_01_ASEReadCounter.table","NW_015090842.1:9567828",18,26,8
"CTU2","s1639_F_PIT_01_ASEReadCounter.table","NW_015090842.1:9567829",18,27,9
"CTU2","s1639_F_PIT_01_ASEReadCounter.table","NW_015090842.1:9567885",16,25,9
"PIEZO1","s1639_F_PIT_01_ASEReadCounter.table","NW_015090842.1:9568093",14,29,15
"PIEZO1","s1639_F_PIT_01_ASEReadCounter.table","NW_015090842.1:9568672",23,40,17
"PIEZO1","s1639_F_PIT_01_ASEReadCounter.table","NW_015090842.1:9568948",18,36,18
"PIEZO1","s1639_F_PIT_01_ASEReadCounter.table","NW_015090842.1:9568987",21,21,0
"PIEZO1","s1639_F_PIT_01_ASEReadCounter.table","NW_015090842.1:9569040",16,34,18
"PIEZO1","s1639_F_PIT_01_ASEReadCounter.table","NW_015090842.1:9569180",21,39,18
"PIEZO1","s1639_F_PIT_01_ASEReadCounter.table","NW_015090842.1:9569192",21,40,19
"PIEZO1","s1639_F_PIT_01_ASEReadCounter.table","NW_015090842.1:9570088",15,32,17
"PIEZO1","s1639_F_PIT_01_ASEReadCounter.table","NW_015090842.1:9570480",9,21,12
"PIEZO1","s1639_F_PIT_01_ASEReadCounter.table","NW_015090842.1:9570639",10,21,11
"PIEZO1","s1639_F_PIT_01_ASEReadCounter.table","NW_015090842.1:9571847",14,29,15
"PIEZO1","s1639_F_PIT_01_ASEReadCounter.table","NW_015090842.1:9572371",9,19,10
"PIEZO1","s1639_F_PIT_01_ASEReadCounter.table","NW_015090842.1:9572638",9,16,7
"PIEZO1","s1639_F_PIT_01_ASEReadCounter.table","NW_015090842.1:9573156",25,37,12
"PIEZO1","s1639_F_PIT_01_ASEReadCounter.table","NW_015090842.1:9573280",24,36,12
"PIEZO1","s1639_F_PIT_01_ASEReadCounter.table","NW_015090842.1:9573566",12,30,18
"PIEZO1","s1639_F_PIT_01_ASEReadCounter.table","NW_015090842.1:9575341",9,21,12
"PIEZO1","s1639_F_PIT_01_ASEReadCounter.table","NW_015090842.1:9575367",6,18,12
"PIEZO1","s1639_F_PIT_01_ASEReadCounter.table","NW_015090842.1:9575645",11,21,10
"PIEZO1","s1639_F_PIT_01_ASEReadCounter.table","NW_015090842.1:9575696",13,24,11
"PIEZO1","s1639_F_PIT_01_ASEReadCounter.table","NW_015090842.1:9575897",6,13,7
"PIEZO1","s1639_F_PIT_01_ASEReadCounter.table","NW_015090842.1:9576060",4,11,7
"PIEZO1","s1639_F_PIT_01_ASEReadCounter.table","NW_015090842.1:9576087",4,16,12
"PIEZO1","s1639_F_PIT_01_ASEReadCounter.table","NW_015090842.1:9576093",4,17,13
"PIEZO1","s1639_F_PIT_01_ASEReadCounter.table","NW_015090842.1:9576120",8,18,10
"PIEZO1","s1639_F_PIT_01_ASEReadCounter.table","NW_015090842.1:9576687",8,14,6
"PIEZO1","s1639_F_PIT_01_ASEReadCounter.table","NW_015090842.1:9576710",12,12,0
"PIEZO1","s1639_F_PIT_01_ASEReadCounter.table","NW_015090842.1:9576723",4,11,7
"PIEZO1","s1639_F_PIT_01_ASEReadCounter.table","NW_015090842.1:9578268",7,20,13
"PIEZO1","s1639_F_PIT_01_ASEReadCounter.table","NW_015090842.1:9578770",6,13,7
"PIEZO1","s1639_F_PIT_01_ASEReadCounter.table","NW_015090842.1:9578806",4,12,8
"PIEZO1","s1639_F_PIT_01_ASEReadCounter.table","NW_015090842.1:9579064",7,9,2
"PIEZO1","s1639_F_PIT_01_ASEReadCounter.table","NW_015090842.1:9579065",7,10,3
"PIEZO1","s1639_F_PIT_01_ASEReadCounter.table","NW_015090842.1:9579347",8,19,11
"PIEZO1","s1639_F_PIT_01_ASEReadCounter.table","NW_015090842.1:9580765",12,20,8
"PIEZO1","s1639_F_PIT_01_ASEReadCounter.table","NW_015090842.1:9580996",6,11,5
"PIEZO1","s1639_F_PIT_01_ASEReadCounter.table","NW_015090842.1:9581101",6,12,6
"PIEZO1","s1639_F_PIT_01_ASEReadCounter.table","NW_015090842.1:9581299",9,17,8
"PIEZO1","s1639_F_PIT_01_ASEReadCounter.table","NW_015090842.1:9581875",2,10,8
"PIEZO1","s1639_F_PIT_01_ASEReadCounter.table","NW_015090842.1:9582046",7,13,6
"PIEZO1","s1639_F_PIT_01_ASEReadCounter.table","NW_015090842.1:9582961",3,7,4
"PIEZO1","s1639_F_PIT_01_ASEReadCounter.table","NW_015090842.1:9583298",5,11,6
"PIEZO1","s1639_F_PIT_01_ASEReadCounter.table","NW_015090842.1:9584337",7,11,4
"PIEZO1","s1639_F_PIT_01_ASEReadCounter.table","NW_015090842.1:9584425",11,16,5
"PIEZO1","s1639_F_PIT_01_ASEReadCounter.table","NW_015090842.1:9584435",12,16,4
"PIEZO1","s1639_F_PIT_01_ASEReadCounter.table","NW_015090842.1:9584438",12,16,4
"PIEZO1","s1639_F_PIT_01_ASEReadCounter.table","NW_015090842.1:9584441",12,16,4
"CDT1","s1639_F_PIT_01_ASEReadCounter.table","NW_015090842.1:9596596",6,10,4
"CDT1","s1639_F_PIT_01_ASEReadCounter.table","NW_015090842.1:9596766",10,14,4
"CDT1","s1639_F_PIT_01_ASEReadCounter.table","NW_015090842.1:9597054",8,19,11
"CDT1","s1639_F_PIT_01_ASEReadCounter.table","NW_015090842.1:9597074",10,19,9
"CDT1","s1639_F_PIT_01_ASEReadCounter.table","NW_015090842.1:9597137",16,27,11
"CDT1","s1639_F_PIT_01_ASEReadCounter.table","NW_015090842.1:9597756",13,27,14
"CDT1","s1639_F_PIT_01_ASEReadCounter.table","NW_015090842.1:9597766",16,31,15
"CDT1","s1639_F_PIT_01_ASEReadCounter.table","NW_015090842.1:9598496",15,29,14
"CDT1","s1639_F_PIT_01_ASEReadCounter.table","NW_015090842.1:9598498",15,29,14
"CDT1","s1639_F_PIT_01_ASEReadCounter.table","NW_015090842.1:9598816",18,27,9
"CDT1","s1639_F_PIT_01_ASEReadCounter.table","NW_015090842.1:9598879",12,24,12
"CDT1","s1639_F_PIT_01_ASEReadCounter.table","NW_015090842.1:9598912",15,27,12
"CDT1","s1639_F_PIT_01_ASEReadCounter.table","NW_015090842.1:9598959",18,28,10
"CDT1","s1639_F_PIT_01_ASEReadCounter.table","NW_015090842.1:9599807",11,22,11
"CDT1","s1639_F_PIT_01_ASEReadCounter.table","NW_015090842.1:9599819",11,21,10
"CDT1","s1639_F_PIT_01_ASEReadCounter.table","NW_015090842.1:9599845",14,22,8
"CDT1","s1639_F_PIT_01_ASEReadCounter.table","NW_015090842.1:9600148",18,36,18
"CDT1","s1639_F_PIT_01_ASEReadCounter.table","NW_015090842.1:9600151",17,35,18
"CDT1","s1639_F_PIT_01_ASEReadCounter.table","NW_015090842.1:9600217",17,28,11
"CDT1","s1639_F_PIT_01_ASEReadCounter.table","NW_015090842.1:9600226",17,29,12
"CDT1","s1639_F_PIT_01_ASEReadCounter.table","NW_015090842.1:9600260",16,32,16
"CDT1","s1639_F_PIT_01_ASEReadCounter.table","NW_015090842.1:9600268",16,32,16
"CDT1","s1639_F_PIT_01_ASEReadCounter.table","NW_015090842.1:9600305",12,25,13
"CDT1","s1639_F_PIT_01_ASEReadCounter.table","NW_015090842.1:9600397",13,21,8
"CDT1","s1639_F_PIT_01_ASEReadCounter.table","NW_015090842.1:9600447",10,20,10
"CDT1","s1639_F_PIT_01_ASEReadCounter.table","NW_015090842.1:9600450",9,19,10
"CDT1","s1639_F_PIT_01_ASEReadCounter.table","NW_015090842.1:9600485",8,18,10
"CDT1","s1639_F_PIT_01_ASEReadCounter.table","NW_015090842.1:9600579",11,20,9
"APRT","s1639_F_PIT_01_ASEReadCounter.table","NW_015090842.1:9602308",24,65,41
"APRT","s1639_F_PIT_01_ASEReadCounter.table","NW_015090842.1:9602440",39,141,102
"APRT","s1639_F_PIT_01_ASEReadCounter.table","NW_015090842.1:9602449",38,138,100
"APRT","s1639_F_PIT_01_ASEReadCounter.table","NW_015090842.1:9602451",39,140,101
"APRT","s1639_F_PIT_01_ASEReadCounter.table","NW_015090842.1:9602455",36,140,104
"APRT","s1639_F_PIT_01_ASEReadCounter.table","NW_015090842.1:9602462",39,137,98
"APRT","s1639_F_PIT_01_ASEReadCounter.table","NW_015090842.1:9602507",38,146,108
"APRT","s1639_F_PIT_01_ASEReadCounter.table","NW_015090842.1:9602514",39,144,105
"APRT","s1639_F_PIT_01_ASEReadCounter.table","NW_015090842.1:9602530",36,123,87
"APRT","s1639_F_PIT_01_ASEReadCounter.table","NW_015090842.1:9602582",37,121,84
"APRT","s1639_F_PIT_01_ASEReadCounter.table","NW_015090842.1:9602583",38,119,81
"APRT","s1639_F_PIT_01_ASEReadCounter.table","NW_015090842.1:9602650",40,135,95
"APRT","s1639_F_PIT_01_ASEReadCounter.table","NW_015090842.1:9602655",37,129,92
"APRT","s1639_F_PIT_01_ASEReadCounter.table","NW_015090842.1:9602712",38,137,99
"APRT","s1639_F_PIT_01_ASEReadCounter.table","NW_015090842.1:9602764",56,164,108
"APRT","s1639_F_PIT_01_ASEReadCounter.table","NW_015090842.1:9602821",47,145,98
"APRT","s1639_F_PIT_01_ASEReadCounter.table","NW_015090842.1:9602867",38,135,97
"APRT","s1639_F_PIT_01_ASEReadCounter.table","NW_015090842.1:9602883",41,141,100
"APRT","s1639_F_PIT_01_ASEReadCounter.table","NW_015090842.1:9602886",43,144,101
"APRT","s1639_F_PIT_01_ASEReadCounter.table","NW_015090842.1:9602948",49,139,90
"APRT","s1639_F_PIT_01_ASEReadCounter.table","NW_015090842.1:9602958",53,141,88
"APRT","s1639_F_PIT_01_ASEReadCounter.table","NW_015090842.1:9603020",60,182,122
"APRT","s1639_F_PIT_01_ASEReadCounter.table","NW_015090842.1:9603025",59,183,124
"APRT","s1639_F_PIT_01_ASEReadCounter.table","NW_015090842.1:9603154",35,138,103
"APRT","s1639_F_PIT_01_ASEReadCounter.table","NW_015090842.1:9603166",46,158,112
"APRT","s1639_F_PIT_01_ASEReadCounter.table","NW_015090842.1:9603326",59,165,106
"APRT","s1639_F_PIT_01_ASEReadCounter.table","NW_015090842.1:9603419",45,122,77
"APRT","s1639_F_PIT_01_ASEReadCounter.table","NW_015090842.1:9603420",44,121,77
"APRT","s1639_F_PIT_01_ASEReadCounter.table","NW_015090842.1:9603464",41,89,48
"APRT","s1639_F_PIT_01_ASEReadCounter.table","NW_015090842.1:9603528",55,152,97
"APRT","s1639_F_PIT_01_ASEReadCounter.table","NW_015090842.1:9603607",50,146,96
"APRT","s1639_F_PIT_01_ASEReadCounter.table","NW_015090842.1:9603622",49,131,82
"APRT","s1639_F_PIT_01_ASEReadCounter.table","NW_015090842.1:9604361",40,149,109
"APRT","s1639_F_PIT_01_ASEReadCounter.table","NW_015090842.1:9605317",38,110,72
"APRT","s1639_F_PIT_01_ASEReadCounter.table","NW_015090842.1:9605336",41,120,79
"GALNS","s1639_F_PIT_01_ASEReadCounter.table","NW_015090842.1:9612872",7,11,4
"GALNS","s1639_F_PIT_01_ASEReadCounter.table","NW_015090842.1:9612873",6,10,4
"GALNS","s1639_F_PIT_01_ASEReadCounter.table","NW_015090842.1:9612877",6,11,5
"GALNS","s1639_F_PIT_01_ASEReadCounter.table","NW_015090842.1:9612942",10,27,17
"GALNS","s1639_F_PIT_01_ASEReadCounter.table","NW_015090842.1:9612987",20,20,0
"GALNS","s1639_F_PIT_01_ASEReadCounter.table","NW_015090842.1:9613064",8,25,17
"GALNS","s1639_F_PIT_01_ASEReadCounter.table","NW_015090842.1:9613096",22,44,22
"GALNS","s1639_F_PIT_01_ASEReadCounter.table","NW_015090842.1:9613123",17,37,20
"GALNS","s1639_F_PIT_01_ASEReadCounter.table","NW_015090842.1:9613125",17,35,18
"GALNS","s1639_F_PIT_01_ASEReadCounter.table","NW_015090842.1:9613193",21,42,21
"GALNS","s1639_F_PIT_01_ASEReadCounter.table","NW_015090842.1:9613226",20,44,24
"GALNS","s1639_F_PIT_01_ASEReadCounter.table","NW_015090842.1:9613249",20,49,29
"GALNS","s1639_F_PIT_01_ASEReadCounter.table","NW_015090842.1:9613256",21,50,29
"GALNS","s1639_F_PIT_01_ASEReadCounter.table","NW_015090842.1:9613317",22,44,22
"GALNS","s1639_F_PIT_01_ASEReadCounter.table","NW_015090842.1:9613343",20,37,17
"GALNS","s1639_F_PIT_01_ASEReadCounter.table","NW_015090842.1:9613344",20,37,17
"GALNS","s1639_F_PIT_01_ASEReadCounter.table","NW_015090842.1:9613371",24,45,21
"GALNS","s1639_F_PIT_01_ASEReadCounter.table","NW_015090842.1:9613378",25,49,24
"GALNS","s1639_F_PIT_01_ASEReadCounter.table","NW_015090842.1:9613379",25,48,23
"GALNS","s1639_F_PIT_01_ASEReadCounter.table","NW_015090842.1:9613516",19,47,28
"GALNS","s1639_F_PIT_01_ASEReadCounter.table","NW_015090842.1:9613572",20,39,19
"GALNS","s1639_F_PIT_01_ASEReadCounter.table","NW_015090842.1:9613597",16,41,25
"GALNS","s1639_F_PIT_01_ASEReadCounter.table","NW_015090842.1:9613627",11,33,22
"GALNS","s1639_F_PIT_01_ASEReadCounter.table","NW_015090842.1:9613640",13,36,23
"GALNS","s1639_F_PIT_01_ASEReadCounter.table","NW_015090842.1:9614025",27,48,21
"GALNS","s1639_F_PIT_01_ASEReadCounter.table","NW_015090842.1:9614169",22,47,25
"GALNS","s1639_F_PIT_01_ASEReadCounter.table","NW_015090842.1:9614232",64,64,0
"GALNS","s1639_F_PIT_01_ASEReadCounter.table","NW_015090842.1:9614667",28,41,13
"GALNS","s1639_F_PIT_01_ASEReadCounter.table","NW_015090842.1:9614709",27,46,19
"GALNS","s1639_F_PIT_01_ASEReadCounter.table","NW_015090842.1:9614880",30,44,14
"GALNS","s1639_F_PIT_01_ASEReadCounter.table","NW_015090842.1:9614902",27,42,15
"GALNS","s1639_F_PIT_01_ASEReadCounter.table","NW_015090842.1:9614960",28,35,7
"GALNS","s1639_F_PIT_01_ASEReadCounter.table","NW_015090842.1:9615114",29,50,21
"GALNS","s1639_F_PIT_01_ASEReadCounter.table","NW_015090842.1:9615199",28,52,24
"GALNS","s1639_F_PIT_01_ASEReadCounter.table","NW_015090842.1:9615217",23,48,25
"GALNS","s1639_F_PIT_01_ASEReadCounter.table","NW_015090842.1:9615277",15,35,20
"GALNS","s1639_F_PIT_01_ASEReadCounter.table","NW_015090842.1:9615377",28,58,30
"GALNS","s1639_F_PIT_01_ASEReadCounter.table","NW_015090842.1:9647858",15,31,16
"GALNS","s1639_F_PIT_01_ASEReadCounter.table","NW_015090842.1:9649186",19,35,16
"GALNS","s1639_F_PIT_01_ASEReadCounter.table","NW_015090842.1:9649237",20,36,16
"GALNS","s1639_F_PIT_01_ASEReadCounter.table","NW_015090842.1:9661193",9,17,8
"TRAPPC2L","s1639_F_PIT_01_ASEReadCounter.table","NW_015090842.1:9662951",89,172,83
"TRAPPC2L","s1639_F_PIT_01_ASEReadCounter.table","NW_015090842.1:9663014",83,156,73
"TRAPPC2L","s1639_F_PIT_01_ASEReadCounter.table","NW_015090842.1:9664305",116,116,0
"TRAPPC2L","s1639_F_PIT_01_ASEReadCounter.table","NW_015090842.1:9665155",63,111,48
"TRAPPC2L","s1639_F_PIT_01_ASEReadCounter.table","NW_015090842.1:9665211",21,32,11
"PABPN1L","s1639_F_PIT_01_ASEReadCounter.table","NW_015090842.1:9669959",0,1,1
"CBFA2T3","s1639_F_PIT_01_ASEReadCounter.table","NW_015090842.1:9709469",4,12,8
"CBFA2T3","s1639_F_PIT_01_ASEReadCounter.table","NW_015090842.1:9709475",2,12,10
"CBFA2T3","s1639_F_PIT_01_ASEReadCounter.table","NW_015090842.1:9711845",0,3,3
"CBFA2T3","s1639_F_PIT_01_ASEReadCounter.table","NW_015090842.1:9712157",0,7,7
"CBFA2T3","s1639_F_PIT_01_ASEReadCounter.table","NW_015090842.1:9712160",0,8,8
"CBFA2T3","s1639_F_PIT_01_ASEReadCounter.table","NW_015090842.1:9712166",0,7,7
"CBFA2T3","s1639_F_PIT_01_ASEReadCounter.table","NW_015090842.1:9712536",2,5,3
"CBFA2T3","s1639_F_PIT_01_ASEReadCounter.table","NW_015090842.1:9712673",4,11,7
"CBFA2T3","s1639_F_PIT_01_ASEReadCounter.table","NW_015090842.1:9712787",2,5,3
"CBFA2T3","s1639_F_PIT_01_ASEReadCounter.table","NW_015090842.1:9712791",3,5,2
"CBFA2T3","s1639_F_PIT_01_ASEReadCounter.table","NW_015090842.1:9712805",3,6,3
"CBFA2T3","s1639_F_PIT_01_ASEReadCounter.table","NW_015090842.1:9712811",3,6,3
"CBFA2T3","s1639_F_PIT_01_ASEReadCounter.table","NW_015090842.1:9712848",5,9,4
"CBFA2T3","s1639_F_PIT_01_ASEReadCounter.table","NW_015090842.1:9713088",4,11,7
"CBFA2T3","s1639_F_PIT_01_ASEReadCounter.table","NW_015090842.1:9713121",7,18,11
"CBFA2T3","s1639_F_PIT_01_ASEReadCounter.table","NW_015090842.1:9717058",7,16,9
"CBFA2T3","s1639_F_PIT_01_ASEReadCounter.table","NW_015090842.1:9717093",11,22,11
"CBFA2T3","s1639_F_PIT_01_ASEReadCounter.table","NW_015090842.1:9717114",9,20,11
"CBFA2T3","s1639_F_PIT_01_ASEReadCounter.table","NW_015090842.1:9717139",9,19,10
"CBFA2T3","s1639_F_PIT_01_ASEReadCounter.table","NW_015090842.1:9719788",6,14,8
"CBFA2T3","s1639_F_PIT_01_ASEReadCounter.table","NW_015090842.1:9728475",0,1,1
"CBFA2T3","s1639_F_PIT_01_ASEReadCounter.table","NW_015090842.1:9728522",0,1,1
"CBFA2T3","s1639_F_PIT_01_ASEReadCounter.table","NW_015090842.1:9728525",0,1,1
"CBFA2T3","s1639_F_PIT_01_ASEReadCounter.table","NW_015090842.1:9728588",0,2,2
"CBFA2T3","s1639_F_PIT_01_ASEReadCounter.table","NW_015090842.1:9728601",0,2,2
"CBFA2T3","s1639_F_PIT_01_ASEReadCounter.table","NW_015090842.1:9728611",0,2,2
"CBFA2T3","s1639_F_PIT_01_ASEReadCounter.table","NW_015090842.1:9728654",0,1,1
"ACSF3","s1639_F_PIT_01_ASEReadCounter.table","NW_015090842.1:9773379",1,1,0
"ACSF3","s1639_F_PIT_01_ASEReadCounter.table","NW_015090842.1:9773382",1,1,0
"ACSF3","s1639_F_PIT_01_ASEReadCounter.table","NW_015090842.1:9773384",1,1,0
"ACSF3","s1639_F_PIT_01_ASEReadCounter.table","NW_015090842.1:9773388",1,2,1
"ACSF3","s1639_F_PIT_01_ASEReadCounter.table","NW_015090842.1:9776753",8,13,5
"ACSF3","s1639_F_PIT_01_ASEReadCounter.table","NW_015090842.1:9776783",15,21,6
"ACSF3","s1639_F_PIT_01_ASEReadCounter.table","NW_015090842.1:9776879",16,28,12
"ACSF3","s1639_F_PIT_01_ASEReadCounter.table","NW_015090842.1:9776965",10,24,14
"ACSF3","s1639_F_PIT_01_ASEReadCounter.table","NW_015090842.1:9777091",20,31,11
"ACSF3","s1639_F_PIT_01_ASEReadCounter.table","NW_015090842.1:9777206",25,37,12
"ACSF3","s1639_F_PIT_01_ASEReadCounter.table","NW_015090842.1:9777283",24,44,20
"ACSF3","s1639_F_PIT_01_ASEReadCounter.table","NW_015090842.1:9778955",32,53,21
"ACSF3","s1639_F_PIT_01_ASEReadCounter.table","NW_015090842.1:9778997",31,62,31
"ACSF3","s1639_F_PIT_01_ASEReadCounter.table","NW_015090842.1:9789311",25,44,19
"ACSF3","s1639_F_PIT_01_ASEReadCounter.table","NW_015090842.1:9789906",1,29,28
"ACSF3","s1639_F_PIT_01_ASEReadCounter.table","NW_015090842.1:9834743",45,103,58
"ACSF3","s1639_F_PIT_01_ASEReadCounter.table","NW_015090842.1:9834852",46,109,63
"ACSF3","s1639_F_PIT_01_ASEReadCounter.table","NW_015090842.1:9834861",43,96,53
"ACSF3","s1639_F_PIT_01_ASEReadCounter.table","NW_015090842.1:9839359",38,75,37
"ACSF3","s1639_F_PIT_01_ASEReadCounter.table","NW_015090842.1:9839378",40,75,35
"ACSF3","s1639_F_PIT_01_ASEReadCounter.table","NW_015090842.1:9839455",33,67,34
"ACSF3","s1639_F_PIT_01_ASEReadCounter.table","NW_015090842.1:9839457",33,60,27
"ACSF3","s1639_F_PIT_01_ASEReadCounter.table","NW_015090842.1:9839489",27,49,22
"ACSF3","s1639_F_PIT_01_ASEReadCounter.table","NW_015090842.1:9839500",23,41,18
"ACSF3","s1639_F_PIT_01_ASEReadCounter.table","NW_015090842.1:9839501",23,41,18
"ACSF3","s1639_F_PIT_01_ASEReadCounter.table","NW_015090842.1:9839504",23,41,18
"ACSF3","s1639_F_PIT_01_ASEReadCounter.table","NW_015090842.1:9839512",20,36,16
"ACSF3","s1639_F_PIT_01_ASEReadCounter.table","NW_015090842.1:9839527",17,32,15
"ACSF3","s1639_F_PIT_01_ASEReadCounter.table","NW_015090842.1:9839533",8,23,15
"ACSF3","s1639_F_PIT_01_ASEReadCounter.table","NW_015090842.1:9839535",7,21,14
"ACSF3","s1639_F_PIT_01_ASEReadCounter.table","NW_015090842.1:9839545",3,17,14
"ACSF3","s1639_F_PIT_01_ASEReadCounter.table","NW_015090842.1:9839550",3,16,13
"ACSF3","s1639_F_PIT_01_ASEReadCounter.table","NW_015090842.1:9839551",3,15,12
"SLC22A31","s1639_F_PIT_01_ASEReadCounter.table","NW_015090842.1:9851117",1,6,5
"SLC22A31","s1639_F_PIT_01_ASEReadCounter.table","NW_015090842.1:9851130",1,6,5
"SLC22A31","s1639_F_PIT_01_ASEReadCounter.table","NW_015090842.1:9851139",1,6,5
"SLC22A31","s1639_F_PIT_01_ASEReadCounter.table","NW_015090842.1:9851265",3,15,12
"SLC22A31","s1639_F_PIT_01_ASEReadCounter.table","NW_015090842.1:9851302",5,16,11
"SLC22A31","s1639_F_PIT_01_ASEReadCounter.table","NW_015090842.1:9851303",5,14,9
"SLC22A31","s1639_F_PIT_01_ASEReadCounter.table","NW_015090842.1:9851305",5,16,11
"SLC22A31","s1639_F_PIT_01_ASEReadCounter.table","NW_015090842.1:9851343",5,15,10
"SLC22A31","s1639_F_PIT_01_ASEReadCounter.table","NW_015090842.1:9851344",8,18,10
"SLC22A31","s1639_F_PIT_01_ASEReadCounter.table","NW_015090842.1:9851361",17,17,0
"SLC22A31","s1639_F_PIT_01_ASEReadCounter.table","NW_015090842.1:9851381",9,19,10
"SLC22A31","s1639_F_PIT_01_ASEReadCounter.table","NW_015090842.1:9851421",5,17,12
"SLC22A31","s1639_F_PIT_01_ASEReadCounter.table","NW_015090842.1:9851501",6,10,4
"SLC22A31","s1639_F_PIT_01_ASEReadCounter.table","NW_015090842.1:9851526",5,10,5
"SLC22A31","s1639_F_PIT_01_ASEReadCounter.table","NW_015090842.1:9851589",10,23,13
"SLC22A31","s1639_F_PIT_01_ASEReadCounter.table","NW_015090842.1:9851712",14,30,16
"SLC22A31","s1639_F_PIT_01_ASEReadCounter.table","NW_015090842.1:9851899",13,27,14
"SLC22A31","s1639_F_PIT_01_ASEReadCounter.table","NW_015090842.1:9852139",14,31,17
"SLC22A31","s1639_F_PIT_01_ASEReadCounter.table","NW_015090842.1:9852380",21,42,21
"SLC22A31","s1639_F_PIT_01_ASEReadCounter.table","NW_015090842.1:9852431",10,19,9
"SLC22A31","s1639_F_PIT_01_ASEReadCounter.table","NW_015090842.1:9852630",9,23,14
"SLC22A31","s1639_F_PIT_01_ASEReadCounter.table","NW_015090842.1:9852711",4,16,12
"SLC22A31","s1639_F_PIT_01_ASEReadCounter.table","NW_015090842.1:9853099",10,20,10
"SLC22A31","s1639_F_PIT_01_ASEReadCounter.table","NW_015090842.1:9853102",12,23,11
"SLC22A31","s1639_F_PIT_01_ASEReadCounter.table","NW_015090842.1:9853421",7,10,3
"SLC22A31","s1639_F_PIT_01_ASEReadCounter.table","NW_015090842.1:9853457",5,8,3
"SLC22A31","s1639_F_PIT_01_ASEReadCounter.table","NW_015090842.1:9853502",4,7,3
"ANKRD11","s1639_F_PIT_01_ASEReadCounter.table","NW_015090842.1:9858863",1,4,3
"ANKRD11","s1639_F_PIT_01_ASEReadCounter.table","NW_015090842.1:9859101",61,137,76
"ANKRD11","s1639_F_PIT_01_ASEReadCounter.table","NW_015090842.1:9859352",61,148,87
"ANKRD11","s1639_F_PIT_01_ASEReadCounter.table","NW_015090842.1:9859381",33,105,72
"ANKRD11","s1639_F_PIT_01_ASEReadCounter.table","NW_015090842.1:9859679",78,150,72
"ANKRD11","s1639_F_PIT_01_ASEReadCounter.table","NW_015090842.1:9861097",73,147,74
"ANKRD11","s1639_F_PIT_01_ASEReadCounter.table","NW_015090842.1:9862571",58,102,44
"ANKRD11","s1639_F_PIT_01_ASEReadCounter.table","NW_015090842.1:9862652",45,78,33
"ANKRD11","s1639_F_PIT_01_ASEReadCounter.table","NW_015090842.1:9866071",0,54,54
"ANKRD11","s1639_F_PIT_01_ASEReadCounter.table","NW_015090842.1:9866200",0,52,52
"ANKRD11","s1639_F_PIT_01_ASEReadCounter.table","NW_015090842.1:9867391",29,54,25
"ANKRD11","s1639_F_PIT_01_ASEReadCounter.table","NW_015090842.1:9867472",44,95,51
"ANKRD11","s1639_F_PIT_01_ASEReadCounter.table","NW_015090842.1:9867559",47,101,54
"ANKRD11","s1639_F_PIT_01_ASEReadCounter.table","NW_015090842.1:9867667",45,105,60
"ANKRD11","s1639_F_PIT_01_ASEReadCounter.table","NW_015090842.1:9867934",67,124,57
"ANKRD11","s1639_F_PIT_01_ASEReadCounter.table","NW_015090842.1:9868064",75,131,56
"ANKRD11","s1639_F_PIT_01_ASEReadCounter.table","NW_015090842.1:9868093",71,121,50
"ANKRD11","s1639_F_PIT_01_ASEReadCounter.table","NW_015090842.1:9868222",50,109,59
"ANKRD11","s1639_F_PIT_01_ASEReadCounter.table","NW_015090842.1:9868327",50,103,53
"ANKRD11","s1639_F_PIT_01_ASEReadCounter.table","NW_015090842.1:9868414",54,109,55
"ANKRD11","s1639_F_PIT_01_ASEReadCounter.table","NW_015090842.1:9868441",56,112,56
"ANKRD11","s1639_F_PIT_01_ASEReadCounter.table","NW_015090842.1:9868444",56,117,61
"ANKRD11","s1639_F_PIT_01_ASEReadCounter.table","NW_015090842.1:9868519",62,136,74
"ANKRD11","s1639_F_PIT_01_ASEReadCounter.table","NW_015090842.1:9868609",75,140,65
"ANKRD11","s1639_F_PIT_01_ASEReadCounter.table","NW_015090842.1:9868666",84,151,67
"ANKRD11","s1639_F_PIT_01_ASEReadCounter.table","NW_015090842.1:9868738",155,155,0
"ANKRD11","s1639_F_PIT_01_ASEReadCounter.table","NW_015090842.1:9869431",51,89,38
"ANKRD11","s1639_F_PIT_01_ASEReadCounter.table","NW_015090842.1:9869578",85,178,93
"ANKRD11","s1639_F_PIT_01_ASEReadCounter.table","NW_015090842.1:9869734",78,157,79
"ANKRD11","s1639_F_PIT_01_ASEReadCounter.table","NW_015090842.1:9870070",62,131,69
"ANKRD11","s1639_F_PIT_01_ASEReadCounter.table","NW_015090842.1:9870349",67,122,55
"ANKRD11","s1639_F_PIT_01_ASEReadCounter.table","NW_015090842.1:9870604",63,117,54
"ANKRD11","s1639_F_PIT_01_ASEReadCounter.table","NW_015090842.1:9870613",68,121,53
"ANKRD11","s1639_F_PIT_01_ASEReadCounter.table","NW_015090842.1:9870685",75,150,75
"ANKRD11","s1639_F_PIT_01_ASEReadCounter.table","NW_015090842.1:9870760",75,134,59
"ANKRD11","s1639_F_PIT_01_ASEReadCounter.table","NW_015090842.1:9870847",65,121,56
"ANKRD11","s1639_F_PIT_01_ASEReadCounter.table","NW_015090842.1:9871103",61,107,46
"ANKRD11","s1639_F_PIT_01_ASEReadCounter.table","NW_015090842.1:9871165",59,117,58
"ANKRD11","s1639_F_PIT_01_ASEReadCounter.table","NW_015090842.1:9871508",103,103,0
"ANKRD11","s1639_F_PIT_01_ASEReadCounter.table","NW_015090842.1:9871820",30,60,30
"ANKRD11","s1639_F_PIT_01_ASEReadCounter.table","NW_015090842.1:9872118",36,82,46
"ANKRD11","s1639_F_PIT_01_ASEReadCounter.table","NW_015090842.1:9877406",22,44,22
"SPG7","s1639_F_PIT_01_ASEReadCounter.table","NW_015090842.1:10051190",103,177,74
"SPG7","s1639_F_PIT_01_ASEReadCounter.table","NW_015090842.1:10051218",118,214,96
"SPG7","s1639_F_PIT_01_ASEReadCounter.table","NW_015090842.1:10052348",140,235,95
"SPG7","s1639_F_PIT_01_ASEReadCounter.table","NW_015090842.1:10052366",133,227,94
"SPG7","s1639_F_PIT_01_ASEReadCounter.table","NW_015090842.1:10065173",122,234,112
"SPG7","s1639_F_PIT_01_ASEReadCounter.table","NW_015090842.1:10065215",123,221,98
"SPG7","s1639_F_PIT_01_ASEReadCounter.table","NW_015090842.1:10066365",101,185,84
"SPG7","s1639_F_PIT_01_ASEReadCounter.table","NW_015090842.1:10069752",111,218,107
"SPG7","s1639_F_PIT_01_ASEReadCounter.table","NW_015090842.1:10069800",120,256,136
"SPG7","s1639_F_PIT_01_ASEReadCounter.table","NW_015090842.1:10071192",122,251,129
"SPG7","s1639_F_PIT_01_ASEReadCounter.table","NW_015090842.1:10071219",102,217,115
"SPG7","s1639_F_PIT_01_ASEReadCounter.table","NW_015090842.1:10071967",92,188,96
"SPG7","s1639_F_PIT_01_ASEReadCounter.table","NW_015090842.1:10075109",119,252,133
"SPG7","s1639_F_PIT_01_ASEReadCounter.table","NW_015090842.1:10075114",120,254,134
"SPG7","s1639_F_PIT_01_ASEReadCounter.table","NW_015090842.1:10075198",105,201,96
"SPG7","s1639_F_PIT_01_ASEReadCounter.table","NW_015090842.1:10075487",63,138,75
"SPG7","s1639_F_PIT_01_ASEReadCounter.table","NW_015090842.1:10075488",62,137,75
"SPG7","s1639_F_PIT_01_ASEReadCounter.table","NW_015090842.1:10075548",48,98,50
"RPL13","s1639_F_PIT_01_ASEReadCounter.table","NW_015090842.1:10077387",682,1469,787
"RPL13","s1639_F_PIT_01_ASEReadCounter.table","NW_015090842.1:10077978",1002,2136,1134
"RPL13","s1639_F_PIT_01_ASEReadCounter.table","NW_015090842.1:10077992",994,2043,1049
"CPNE7","s1639_F_PIT_01_ASEReadCounter.table","NW_015090842.1:10084001",7,8,1
"CPNE7","s1639_F_PIT_01_ASEReadCounter.table","NW_015090842.1:10084856",3,3,0
"CPNE7","s1639_F_PIT_01_ASEReadCounter.table","NW_015090842.1:10084872",3,3,0
"CPNE7","s1639_F_PIT_01_ASEReadCounter.table","NW_015090842.1:10084892",6,6,0
"CPNE7","s1639_F_PIT_01_ASEReadCounter.table","NW_015090842.1:10084921",9,9,0
"CPNE7","s1639_F_PIT_01_ASEReadCounter.table","NW_015090842.1:10084935",11,11,0
"CPNE7","s1639_F_PIT_01_ASEReadCounter.table","NW_015090842.1:10085000",6,8,2
"CPNE7","s1639_F_PIT_01_ASEReadCounter.table","NW_015090842.1:10085089",5,5,0
"CPNE7","s1639_F_PIT_01_ASEReadCounter.table","NW_015090842.1:10085096",5,5,0
"CPNE7","s1639_F_PIT_01_ASEReadCounter.table","NW_015090842.1:10085126",6,6,0
"CPNE7","s1639_F_PIT_01_ASEReadCounter.table","NW_015090842.1:10085167",5,5,0
"CPNE7","s1639_F_PIT_01_ASEReadCounter.table","NW_015090842.1:10085180",4,4,0
"CPNE7","s1639_F_PIT_01_ASEReadCounter.table","NW_015090842.1:10085201",2,2,0
"CPNE7","s1639_F_PIT_01_ASEReadCounter.table","NW_015090842.1:10088134",8,8,0
"CPNE7","s1639_F_PIT_01_ASEReadCounter.table","NW_015090842.1:10088146",8,8,0
"CPNE7","s1639_F_PIT_01_ASEReadCounter.table","NW_015090842.1:10088806",8,8,0
"CPNE7","s1639_F_PIT_01_ASEReadCounter.table","NW_015090842.1:10088940",9,9,0
"CPNE7","s1639_F_PIT_01_ASEReadCounter.table","NW_015090842.1:10088965",7,7,0
"CPNE7","s1639_F_PIT_01_ASEReadCounter.table","NW_015090842.1:10088967",7,7,0
"CPNE7","s1639_F_PIT_01_ASEReadCounter.table","NW_015090842.1:10088973",8,8,0
"CPNE7","s1639_F_PIT_01_ASEReadCounter.table","NW_015090842.1:10090924",4,4,0
"CPNE7","s1639_F_PIT_01_ASEReadCounter.table","NW_015090842.1:10090930",4,4,0
"CPNE7","s1639_F_PIT_01_ASEReadCounter.table","NW_015090842.1:10091075",3,3,0
"CPNE7","s1639_F_PIT_01_ASEReadCounter.table","NW_015090842.1:10091389",4,5,1
"CPNE7","s1639_F_PIT_01_ASEReadCounter.table","NW_015090842.1:10091407",4,5,1
"CPNE7","s1639_F_PIT_01_ASEReadCounter.table","NW_015090842.1:10091488",5,5,0
"CPNE7","s1639_F_PIT_01_ASEReadCounter.table","NW_015090842.1:10091491",6,6,0
"CPNE7","s1639_F_PIT_01_ASEReadCounter.table","NW_015090842.1:10091530",5,6,1
"CPNE7","s1639_F_PIT_01_ASEReadCounter.table","NW_015090842.1:10091875",6,6,0
"CPNE7","s1639_F_PIT_01_ASEReadCounter.table","NW_015090842.1:10091983",6,6,0
"CPNE7","s1639_F_PIT_01_ASEReadCounter.table","NW_015090842.1:10091997",5,5,0
"CPNE7","s1639_F_PIT_01_ASEReadCounter.table","NW_015090842.1:10092038",2,2,0
"CPNE7","s1639_F_PIT_01_ASEReadCounter.table","NW_015090842.1:10092140",6,6,0
"CPNE7","s1639_F_PIT_01_ASEReadCounter.table","NW_015090842.1:10092183",6,6,0
"CPNE7","s1639_F_PIT_01_ASEReadCounter.table","NW_015090842.1:10092201",5,5,0
"CPNE7","s1639_F_PIT_01_ASEReadCounter.table","NW_015090842.1:10092230",4,4,0
"CPNE7","s1639_F_PIT_01_ASEReadCounter.table","NW_015090842.1:10092246",3,3,0
"LOC106888185","s1639_F_PIT_01_ASEReadCounter.table","NW_015090842.1:10094965",3,15,12
"LOC106888185","s1639_F_PIT_01_ASEReadCounter.table","NW_015090842.1:10094966",3,15,12
"LOC106888185","s1639_F_PIT_01_ASEReadCounter.table","NW_015090842.1:10094985",3,15,12
"LOC106888185","s1639_F_PIT_01_ASEReadCounter.table","NW_015090842.1:10095055",0,18,18
"LOC106888185","s1639_F_PIT_01_ASEReadCounter.table","NW_015090842.1:10095062",0,18,18
"LOC106888185","s1639_F_PIT_01_ASEReadCounter.table","NW_015090842.1:10095130",0,23,23
"LOC106888185","s1639_F_PIT_01_ASEReadCounter.table","NW_015090842.1:10095265",40,77,37
"LOC106888185","s1639_F_PIT_01_ASEReadCounter.table","NW_015090842.1:10095586",37,107,70
"LOC106888185","s1639_F_PIT_01_ASEReadCounter.table","NW_015090842.1:10095593",40,105,65
"LOC106888185","s1639_F_PIT_01_ASEReadCounter.table","NW_015090842.1:10095616",36,94,58
"LOC106888185","s1639_F_PIT_01_ASEReadCounter.table","NW_015090842.1:10095662",22,67,45
"LOC106888185","s1639_F_PIT_01_ASEReadCounter.table","NW_015090842.1:10095674",18,59,41
"LOC106888185","s1639_F_PIT_01_ASEReadCounter.table","NW_015090842.1:10095786",30,74,44
"LOC106888185","s1639_F_PIT_01_ASEReadCounter.table","NW_015090842.1:10095831",29,70,41
"LOC106888185","s1639_F_PIT_01_ASEReadCounter.table","NW_015090842.1:10096230",37,73,36
"LOC106888185","s1639_F_PIT_01_ASEReadCounter.table","NW_015090842.1:10096249",35,70,35
"LOC106888185","s1639_F_PIT_01_ASEReadCounter.table","NW_015090842.1:10096272",37,75,38
"LOC106888185","s1639_F_PIT_01_ASEReadCounter.table","NW_015090842.1:10096288",36,77,41
"LOC106888185","s1639_F_PIT_01_ASEReadCounter.table","NW_015090842.1:10097248",42,93,51
"LOC106888185","s1639_F_PIT_01_ASEReadCounter.table","NW_015090842.1:10097265",51,109,58
"LOC106888185","s1639_F_PIT_01_ASEReadCounter.table","NW_015090842.1:10097446",3,13,10
"DPEP1","s1639_F_PIT_01_ASEReadCounter.table","NW_015090842.1:10098017",0,9,9
"DPEP1","s1639_F_PIT_01_ASEReadCounter.table","NW_015090842.1:10098518",0,12,12
"DPEP1","s1639_F_PIT_01_ASEReadCounter.table","NW_015090842.1:10098595",1,14,13
"DPEP1","s1639_F_PIT_01_ASEReadCounter.table","NW_015090842.1:10098597",1,12,11
"DPEP1","s1639_F_PIT_01_ASEReadCounter.table","NW_015090842.1:10098601",1,13,12
"DPEP1","s1639_F_PIT_01_ASEReadCounter.table","NW_015090842.1:10098608",1,13,12
"DPEP1","s1639_F_PIT_01_ASEReadCounter.table","NW_015090842.1:10098630",1,14,13
"DPEP1","s1639_F_PIT_01_ASEReadCounter.table","NW_015090842.1:10098659",1,11,10
"DPEP1","s1639_F_PIT_01_ASEReadCounter.table","NW_015090842.1:10099765",1,15,14
"DPEP1","s1639_F_PIT_01_ASEReadCounter.table","NW_015090842.1:10099985",1,9,8
"DPEP1","s1639_F_PIT_01_ASEReadCounter.table","NW_015090842.1:10099986",1,9,8
"DPEP1","s1639_F_PIT_01_ASEReadCounter.table","NW_015090842.1:10099991",1,9,8
"DPEP1","s1639_F_PIT_01_ASEReadCounter.table","NW_015090842.1:10100044",1,13,12
"DPEP1","s1639_F_PIT_01_ASEReadCounter.table","NW_015090842.1:10100045",1,13,12
"DPEP1","s1639_F_PIT_01_ASEReadCounter.table","NW_015090842.1:10100084",1,15,14
"DPEP1","s1639_F_PIT_01_ASEReadCounter.table","NW_015090842.1:10100295",0,8,8
"DPEP1","s1639_F_PIT_01_ASEReadCounter.table","NW_015090842.1:10100529",0,8,8
"DPEP1","s1639_F_PIT_01_ASEReadCounter.table","NW_015090842.1:10100893",0,14,14
"DPEP1","s1639_F_PIT_01_ASEReadCounter.table","NW_015090842.1:10100902",0,15,15
"DPEP1","s1639_F_PIT_01_ASEReadCounter.table","NW_015090842.1:10101072",0,13,13
"DPEP1","s1639_F_PIT_01_ASEReadCounter.table","NW_015090842.1:10101199",2,14,12
"DPEP1","s1639_F_PIT_01_ASEReadCounter.table","NW_015090842.1:10101483",0,10,10
"DPEP1","s1639_F_PIT_01_ASEReadCounter.table","NW_015090842.1:10101497",0,10,10
"DPEP1","s1639_F_PIT_01_ASEReadCounter.table","NW_015090842.1:10101525",0,7,7
"DPEP1","s1639_F_PIT_01_ASEReadCounter.table","NW_015090842.1:10101875",1,9,8
"DPEP1","s1639_F_PIT_01_ASEReadCounter.table","NW_015090842.1:10101913",1,10,9
"DPEP1","s1639_F_PIT_01_ASEReadCounter.table","NW_015090842.1:10101996",0,7,7
"DPEP1","s1639_F_PIT_01_ASEReadCounter.table","NW_015090842.1:10102014",0,7,7
"DPEP1","s1639_F_PIT_01_ASEReadCounter.table","NW_015090842.1:10102035",0,5,5
"CHMP1A","s1639_F_PIT_01_ASEReadCounter.table","NW_015090842.1:10102901",64,165,101
"CHMP1A","s1639_F_PIT_01_ASEReadCounter.table","NW_015090842.1:10102961",54,165,111
"CHMP1A","s1639_F_PIT_01_ASEReadCounter.table","NW_015090842.1:10102996",48,164,116
"CHMP1A","s1639_F_PIT_01_ASEReadCounter.table","NW_015090842.1:10103004",53,170,117
"CHMP1A","s1639_F_PIT_01_ASEReadCounter.table","NW_015090842.1:10103006",54,174,120
"CHMP1A","s1639_F_PIT_01_ASEReadCounter.table","NW_015090842.1:10103052",79,223,144
"CHMP1A","s1639_F_PIT_01_ASEReadCounter.table","NW_015090842.1:10103095",89,226,137
"CHMP1A","s1639_F_PIT_01_ASEReadCounter.table","NW_015090842.1:10103096",89,225,136
"CHMP1A","s1639_F_PIT_01_ASEReadCounter.table","NW_015090842.1:10103152",92,172,80
"CHMP1A","s1639_F_PIT_01_ASEReadCounter.table","NW_015090842.1:10103173",79,171,92
"CHMP1A","s1639_F_PIT_01_ASEReadCounter.table","NW_015090842.1:10103334",74,186,112
"CHMP1A","s1639_F_PIT_01_ASEReadCounter.table","NW_015090842.1:10103373",45,152,107
"CHMP1A","s1639_F_PIT_01_ASEReadCounter.table","NW_015090842.1:10103408",74,184,110
"CHMP1A","s1639_F_PIT_01_ASEReadCounter.table","NW_015090842.1:10103412",78,187,109
"CHMP1A","s1639_F_PIT_01_ASEReadCounter.table","NW_015090842.1:10103512",89,225,136
"CHMP1A","s1639_F_PIT_01_ASEReadCounter.table","NW_015090842.1:10103513",88,226,138
"CHMP1A","s1639_F_PIT_01_ASEReadCounter.table","NW_015090842.1:10103583",74,177,103
"CHMP1A","s1639_F_PIT_01_ASEReadCounter.table","NW_015090842.1:10103614",82,173,91
"CHMP1A","s1639_F_PIT_01_ASEReadCounter.table","NW_015090842.1:10103657",87,180,93
"CHMP1A","s1639_F_PIT_01_ASEReadCounter.table","NW_015090842.1:10103669",76,165,89
"CHMP1A","s1639_F_PIT_01_ASEReadCounter.table","NW_015090842.1:10103674",77,152,75
"CHMP1A","s1639_F_PIT_01_ASEReadCounter.table","NW_015090842.1:10103677",75,149,74
"CHMP1A","s1639_F_PIT_01_ASEReadCounter.table","NW_015090842.1:10103729",86,170,84
"CHMP1A","s1639_F_PIT_01_ASEReadCounter.table","NW_015090842.1:10103758",96,176,80
"CHMP1A","s1639_F_PIT_01_ASEReadCounter.table","NW_015090842.1:10103761",95,177,82
"CHMP1A","s1639_F_PIT_01_ASEReadCounter.table","NW_015090842.1:10103788",104,211,107
"CHMP1A","s1639_F_PIT_01_ASEReadCounter.table","NW_015090842.1:10103789",102,208,106
"CHMP1A","s1639_F_PIT_01_ASEReadCounter.table","NW_015090842.1:10103790",104,211,107
"CHMP1A","s1639_F_PIT_01_ASEReadCounter.table","NW_015090842.1:10103950",99,202,103
"CHMP1A","s1639_F_PIT_01_ASEReadCounter.table","NW_015090842.1:10104335",96,200,104
"CHMP1A","s1639_F_PIT_01_ASEReadCounter.table","NW_015090842.1:10104429",116,257,141
"CHMP1A","s1639_F_PIT_01_ASEReadCounter.table","NW_015090842.1:10104532",124,275,151
"CHMP1A","s1639_F_PIT_01_ASEReadCounter.table","NW_015090842.1:10104633",95,203,108
"CHMP1A","s1639_F_PIT_01_ASEReadCounter.table","NW_015090842.1:10104759",108,221,113
"CHMP1A","s1639_F_PIT_01_ASEReadCounter.table","NW_015090842.1:10104794",130,258,128
"CHMP1A","s1639_F_PIT_01_ASEReadCounter.table","NW_015090842.1:10104841",200,201,1
"CHMP1A","s1639_F_PIT_01_ASEReadCounter.table","NW_015090842.1:10104844",82,195,113
"CHMP1A","s1639_F_PIT_01_ASEReadCounter.table","NW_015090842.1:10106242",101,217,116
"CHMP1A","s1639_F_PIT_01_ASEReadCounter.table","NW_015090842.1:10106290",78,194,116
"CHMP1A","s1639_F_PIT_01_ASEReadCounter.table","NW_015090842.1:10106335",103,223,120
"CHMP1A","s1639_F_PIT_01_ASEReadCounter.table","NW_015090842.1:10106383",148,295,147
"CHMP1A","s1639_F_PIT_01_ASEReadCounter.table","NW_015090842.1:10106747",141,297,156
"CHMP1A","s1639_F_PIT_01_ASEReadCounter.table","NW_015090842.1:10107404",133,288,155
"CHMP1A","s1639_F_PIT_01_ASEReadCounter.table","NW_015090842.1:10107876",115,253,138
"CDK10","s1639_F_PIT_01_ASEReadCounter.table","NW_015090842.1:10109030",4,6,2
"CDK10","s1639_F_PIT_01_ASEReadCounter.table","NW_015090842.1:10109963",44,103,59
"CDK10","s1639_F_PIT_01_ASEReadCounter.table","NW_015090842.1:10110887",41,96,55
"CDK10","s1639_F_PIT_01_ASEReadCounter.table","NW_015090842.1:10111254",19,59,40
"CDK10","s1639_F_PIT_01_ASEReadCounter.table","NW_015090842.1:10111380",20,73,53
"CDK10","s1639_F_PIT_01_ASEReadCounter.table","NW_015090842.1:10111395",24,74,50
"CDK10","s1639_F_PIT_01_ASEReadCounter.table","NW_015090842.1:10111437",14,63,49
"CDK10","s1639_F_PIT_01_ASEReadCounter.table","NW_015090842.1:10111798",18,68,50
"CDK10","s1639_F_PIT_01_ASEReadCounter.table","NW_015090842.1:10111840",25,80,55
"CDK10","s1639_F_PIT_01_ASEReadCounter.table","NW_015090842.1:10112031",37,91,54
"CDK10","s1639_F_PIT_01_ASEReadCounter.table","NW_015090842.1:10112285",30,81,51
"CDK10","s1639_F_PIT_01_ASEReadCounter.table","NW_015090842.1:10112398",30,84,54
"CDK10","s1639_F_PIT_01_ASEReadCounter.table","NW_015090842.1:10112455",22,60,38
"CDK10","s1639_F_PIT_01_ASEReadCounter.table","NW_015090842.1:10112461",19,52,33
"CDK10","s1639_F_PIT_01_ASEReadCounter.table","NW_015090842.1:10112497",15,52,37
"CDK10","s1639_F_PIT_01_ASEReadCounter.table","NW_015090842.1:10112508",12,50,38
"CDK10","s1639_F_PIT_01_ASEReadCounter.table","NW_015090842.1:10112518",9,45,36
"CDK10","s1639_F_PIT_01_ASEReadCounter.table","NW_015090842.1:10112540",3,43,40
"CDK10","s1639_F_PIT_01_ASEReadCounter.table","NW_015090842.1:10112556",12,55,43
"CDK10","s1639_F_PIT_01_ASEReadCounter.table","NW_015090842.1:10112561",14,62,48
"CDK10","s1639_F_PIT_01_ASEReadCounter.table","NW_015090842.1:10112596",15,58,43
"CDK10","s1639_F_PIT_01_ASEReadCounter.table","NW_015090842.1:10112630",9,48,39
"CDK10","s1639_F_PIT_01_ASEReadCounter.table","NW_015090842.1:10112656",16,47,31
"CDK10","s1639_F_PIT_01_ASEReadCounter.table","NW_015090842.1:10112665",13,37,24
"CDK10","s1639_F_PIT_01_ASEReadCounter.table","NW_015090842.1:10112668",14,37,23
"CDK10","s1639_F_PIT_01_ASEReadCounter.table","NW_015090842.1:10112781",7,22,15
"CDK10","s1639_F_PIT_01_ASEReadCounter.table","NW_015090842.1:10112782",7,22,15
"CDK10","s1639_F_PIT_01_ASEReadCounter.table","NW_015090842.1:10112795",5,19,14
"CDK10","s1639_F_PIT_01_ASEReadCounter.table","NW_015090842.1:10112841",3,9,6
"CDK10","s1639_F_PIT_01_ASEReadCounter.table","NW_015090842.1:10112861",4,10,6
"SPATA2L","s1639_F_PIT_01_ASEReadCounter.table","NW_015090842.1:10113212",13,20,7
"SPATA2L","s1639_F_PIT_01_ASEReadCounter.table","NW_015090842.1:10113280",20,39,19
"SPATA2L","s1639_F_PIT_01_ASEReadCounter.table","NW_015090842.1:10113296",22,41,19
"SPATA2L","s1639_F_PIT_01_ASEReadCounter.table","NW_015090842.1:10113321",22,40,18
"SPATA2L","s1639_F_PIT_01_ASEReadCounter.table","NW_015090842.1:10113332",23,45,22
"SPATA2L","s1639_F_PIT_01_ASEReadCounter.table","NW_015090842.1:10113380",30,64,34
"SPATA2L","s1639_F_PIT_01_ASEReadCounter.table","NW_015090842.1:10113381",30,64,34
"SPATA2L","s1639_F_PIT_01_ASEReadCounter.table","NW_015090842.1:10113412",36,76,40
"SPATA2L","s1639_F_PIT_01_ASEReadCounter.table","NW_015090842.1:10113421",40,81,41
"SPATA2L","s1639_F_PIT_01_ASEReadCounter.table","NW_015090842.1:10113465",34,68,34
"SPATA2L","s1639_F_PIT_01_ASEReadCounter.table","NW_015090842.1:10113535",26,51,25
"SPATA2L","s1639_F_PIT_01_ASEReadCounter.table","NW_015090842.1:10113645",41,78,37
"SPATA2L","s1639_F_PIT_01_ASEReadCounter.table","NW_015090842.1:10113682",41,86,45
"SPATA2L","s1639_F_PIT_01_ASEReadCounter.table","NW_015090842.1:10113696",39,81,42
"SPATA2L","s1639_F_PIT_01_ASEReadCounter.table","NW_015090842.1:10113727",38,78,40
"SPATA2L","s1639_F_PIT_01_ASEReadCounter.table","NW_015090842.1:10113799",53,96,43
"SPATA2L","s1639_F_PIT_01_ASEReadCounter.table","NW_015090842.1:10113809",53,99,46
"SPATA2L","s1639_F_PIT_01_ASEReadCounter.table","NW_015090842.1:10113827",62,105,43
"SPATA2L","s1639_F_PIT_01_ASEReadCounter.table","NW_015090842.1:10113831",56,97,41
"SPATA2L","s1639_F_PIT_01_ASEReadCounter.table","NW_015090842.1:10113894",42,83,41
"SPATA2L","s1639_F_PIT_01_ASEReadCounter.table","NW_015090842.1:10113905",36,79,43
"SPATA2L","s1639_F_PIT_01_ASEReadCounter.table","NW_015090842.1:10113914",31,73,42
"SPATA2L","s1639_F_PIT_01_ASEReadCounter.table","NW_015090842.1:10113920",36,77,41
"SPATA2L","s1639_F_PIT_01_ASEReadCounter.table","NW_015090842.1:10113937",36,83,47
"SPATA2L","s1639_F_PIT_01_ASEReadCounter.table","NW_015090842.1:10113971",32,78,46
"SPATA2L","s1639_F_PIT_01_ASEReadCounter.table","NW_015090842.1:10113976",30,80,50
"SPATA2L","s1639_F_PIT_01_ASEReadCounter.table","NW_015090842.1:10113985",31,71,40
"SPATA2L","s1639_F_PIT_01_ASEReadCounter.table","NW_015090842.1:10113994",40,83,43
"SPATA2L","s1639_F_PIT_01_ASEReadCounter.table","NW_015090842.1:10114063",34,72,38
"SPATA2L","s1639_F_PIT_01_ASEReadCounter.table","NW_015090842.1:10114066",33,70,37
"SPATA2L","s1639_F_PIT_01_ASEReadCounter.table","NW_015090842.1:10114069",31,66,35
"SPATA2L","s1639_F_PIT_01_ASEReadCounter.table","NW_015090842.1:10114121",23,47,24
"SPATA2L","s1639_F_PIT_01_ASEReadCounter.table","NW_015090842.1:10114159",24,49,25
"SPATA2L","s1639_F_PIT_01_ASEReadCounter.table","NW_015090842.1:10114282",53,53,0
"SPATA2L","s1639_F_PIT_01_ASEReadCounter.table","NW_015090842.1:10114470",25,51,26
"SPATA2L","s1639_F_PIT_01_ASEReadCounter.table","NW_015090842.1:10114524",19,43,24
"VPS9D1","s1639_F_PIT_01_ASEReadCounter.table","NW_015090842.1:10116377",22,39,17
"VPS9D1","s1639_F_PIT_01_ASEReadCounter.table","NW_015090842.1:10116415",22,44,22
"VPS9D1","s1639_F_PIT_01_ASEReadCounter.table","NW_015090842.1:10116607",19,34,15
"VPS9D1","s1639_F_PIT_01_ASEReadCounter.table","NW_015090842.1:10116816",35,35,0
"VPS9D1","s1639_F_PIT_01_ASEReadCounter.table","NW_015090842.1:10116821",21,38,17
"VPS9D1","s1639_F_PIT_01_ASEReadCounter.table","NW_015090842.1:10116825",20,40,20
"VPS9D1","s1639_F_PIT_01_ASEReadCounter.table","NW_015090842.1:10116882",20,40,20
"VPS9D1","s1639_F_PIT_01_ASEReadCounter.table","NW_015090842.1:10116885",20,41,21
"VPS9D1","s1639_F_PIT_01_ASEReadCounter.table","NW_015090842.1:10116933",17,38,21
"VPS9D1","s1639_F_PIT_01_ASEReadCounter.table","NW_015090842.1:10116942",18,39,21
"VPS9D1","s1639_F_PIT_01_ASEReadCounter.table","NW_015090842.1:10117152",13,42,29
"VPS9D1","s1639_F_PIT_01_ASEReadCounter.table","NW_015090842.1:10117396",30,30,0
"VPS9D1","s1639_F_PIT_01_ASEReadCounter.table","NW_015090842.1:10117405",18,18,0
"VPS9D1","s1639_F_PIT_01_ASEReadCounter.table","NW_015090842.1:10117480",10,30,20
"VPS9D1","s1639_F_PIT_01_ASEReadCounter.table","NW_015090842.1:10117497",10,27,17
"VPS9D1","s1639_F_PIT_01_ASEReadCounter.table","NW_015090842.1:10117499",9,26,17
"VPS9D1","s1639_F_PIT_01_ASEReadCounter.table","NW_015090842.1:10117516",12,33,21
"VPS9D1","s1639_F_PIT_01_ASEReadCounter.table","NW_015090842.1:10117525",14,37,23
"VPS9D1","s1639_F_PIT_01_ASEReadCounter.table","NW_015090842.1:10117579",12,37,25
"VPS9D1","s1639_F_PIT_01_ASEReadCounter.table","NW_015090842.1:10117627",14,35,21
"VPS9D1","s1639_F_PIT_01_ASEReadCounter.table","NW_015090842.1:10117678",12,34,22
"VPS9D1","s1639_F_PIT_01_ASEReadCounter.table","NW_015090842.1:10117773",19,46,27
"VPS9D1","s1639_F_PIT_01_ASEReadCounter.table","NW_015090842.1:10117937",27,59,32
"VPS9D1","s1639_F_PIT_01_ASEReadCounter.table","NW_015090842.1:10117961",25,52,27
"VPS9D1","s1639_F_PIT_01_ASEReadCounter.table","NW_015090842.1:10118236",23,53,30
"VPS9D1","s1639_F_PIT_01_ASEReadCounter.table","NW_015090842.1:10118414",27,54,27
"VPS9D1","s1639_F_PIT_01_ASEReadCounter.table","NW_015090842.1:10118973",29,54,25
"VPS9D1","s1639_F_PIT_01_ASEReadCounter.table","NW_015090842.1:10119500",19,33,14
"ZNF276","s1639_F_PIT_01_ASEReadCounter.table","NW_015090842.1:10121760",7,12,5
"ZNF276","s1639_F_PIT_01_ASEReadCounter.table","NW_015090842.1:10121769",7,12,5
"ZNF276","s1639_F_PIT_01_ASEReadCounter.table","NW_015090842.1:10121802",13,19,6
"ZNF276","s1639_F_PIT_01_ASEReadCounter.table","NW_015090842.1:10121971",14,28,14
"ZNF276","s1639_F_PIT_01_ASEReadCounter.table","NW_015090842.1:10122883",27,47,20
"ZNF276","s1639_F_PIT_01_ASEReadCounter.table","NW_015090842.1:10123069",18,35,17
"ZNF276","s1639_F_PIT_01_ASEReadCounter.table","NW_015090842.1:10123207",28,52,24
"ZNF276","s1639_F_PIT_01_ASEReadCounter.table","NW_015090842.1:10125787",25,54,29
"ZNF276","s1639_F_PIT_01_ASEReadCounter.table","NW_015090842.1:10126309",30,67,37
"ZNF276","s1639_F_PIT_01_ASEReadCounter.table","NW_015090842.1:10126348",23,57,34
"ZNF276","s1639_F_PIT_01_ASEReadCounter.table","NW_015090842.1:10126978",42,74,32
"ZNF276","s1639_F_PIT_01_ASEReadCounter.table","NW_015090842.1:10126991",39,70,31
"ZNF276","s1639_F_PIT_01_ASEReadCounter.table","NW_015090842.1:10127023",40,75,35
"ZNF276","s1639_F_PIT_01_ASEReadCounter.table","NW_015090842.1:10127063",29,66,37
"ZNF276","s1639_F_PIT_01_ASEReadCounter.table","NW_015090842.1:10127373",28,56,28
"ZNF276","s1639_F_PIT_01_ASEReadCounter.table","NW_015090842.1:10127931",40,66,26
"ZNF276","s1639_F_PIT_01_ASEReadCounter.table","NW_015090842.1:10128070",29,64,35
"ZNF276","s1639_F_PIT_01_ASEReadCounter.table","NW_015090842.1:10128102",32,72,40
"ZNF276","s1639_F_PIT_01_ASEReadCounter.table","NW_015090842.1:10128356",21,52,31
"ZNF276","s1639_F_PIT_01_ASEReadCounter.table","NW_015090842.1:10128497",14,28,14
"FANCA","s1639_F_PIT_01_ASEReadCounter.table","NW_015090842.1:10128743",1,2,1
"FANCA","s1639_F_PIT_01_ASEReadCounter.table","NW_015090842.1:10128822",2,4,2
"FANCA","s1639_F_PIT_01_ASEReadCounter.table","NW_015090842.1:10129383",1,3,2
"FANCA","s1639_F_PIT_01_ASEReadCounter.table","NW_015090842.1:10129390",1,3,2
"FANCA","s1639_F_PIT_01_ASEReadCounter.table","NW_015090842.1:10129422",1,4,3
"FANCA","s1639_F_PIT_01_ASEReadCounter.table","NW_015090842.1:10129969",3,7,4
"FANCA","s1639_F_PIT_01_ASEReadCounter.table","NW_015090842.1:10130399",3,7,4
"FANCA","s1639_F_PIT_01_ASEReadCounter.table","NW_015090842.1:10130857",3,4,1
"FANCA","s1639_F_PIT_01_ASEReadCounter.table","NW_015090842.1:10130878",3,4,1
"FANCA","s1639_F_PIT_01_ASEReadCounter.table","NW_015090842.1:10133530",1,3,2
"FANCA","s1639_F_PIT_01_ASEReadCounter.table","NW_015090842.1:10133533",1,3,2
"FANCA","s1639_F_PIT_01_ASEReadCounter.table","NW_015090842.1:10133536",1,3,2
"FANCA","s1639_F_PIT_01_ASEReadCounter.table","NW_015090842.1:10133601",2,4,2
"FANCA","s1639_F_PIT_01_ASEReadCounter.table","NW_015090842.1:10134492",3,4,1
"FANCA","s1639_F_PIT_01_ASEReadCounter.table","NW_015090842.1:10134531",3,4,1
"FANCA","s1639_F_PIT_01_ASEReadCounter.table","NW_015090842.1:10136957",3,5,2
"FANCA","s1639_F_PIT_01_ASEReadCounter.table","NW_015090842.1:10136982",3,9,6
"FANCA","s1639_F_PIT_01_ASEReadCounter.table","NW_015090842.1:10136999",0,6,6
"FANCA","s1639_F_PIT_01_ASEReadCounter.table","NW_015090842.1:10137019",1,10,9
"FANCA","s1639_F_PIT_01_ASEReadCounter.table","NW_015090842.1:10137673",3,7,4
"FANCA","s1639_F_PIT_01_ASEReadCounter.table","NW_015090842.1:10138618",5,8,3
"FANCA","s1639_F_PIT_01_ASEReadCounter.table","NW_015090842.1:10139140",1,1,0
"FANCA","s1639_F_PIT_01_ASEReadCounter.table","NW_015090842.1:10140699",2,3,1
"FANCA","s1639_F_PIT_01_ASEReadCounter.table","NW_015090842.1:10141234",3,5,2
"FANCA","s1639_F_PIT_01_ASEReadCounter.table","NW_015090842.1:10145030",2,4,2
"FANCA","s1639_F_PIT_01_ASEReadCounter.table","NW_015090842.1:10150518",1,2,1
"FANCA","s1639_F_PIT_01_ASEReadCounter.table","NW_015090842.1:10152863",3,4,1
"FANCA","s1639_F_PIT_01_ASEReadCounter.table","NW_015090842.1:10154490",1,3,2
"FANCA","s1639_F_PIT_01_ASEReadCounter.table","NW_015090842.1:10158162",1,3,2
"FANCA","s1639_F_PIT_01_ASEReadCounter.table","NW_015090842.1:10158957",0,2,2
"FANCA","s1639_F_PIT_01_ASEReadCounter.table","NW_015090842.1:10162980",1,1,0
"FANCA","s1639_F_PIT_01_ASEReadCounter.table","NW_015090842.1:10164257",0,1,1
"SPIRE2","s1639_F_PIT_01_ASEReadCounter.table","NW_015090842.1:10172284",10,18,8
"SPIRE2","s1639_F_PIT_01_ASEReadCounter.table","NW_015090842.1:10175262",13,28,15
"SPIRE2","s1639_F_PIT_01_ASEReadCounter.table","NW_015090842.1:10175352",16,19,3
"SPIRE2","s1639_F_PIT_01_ASEReadCounter.table","NW_015090842.1:10175400",33,57,24
"SPIRE2","s1639_F_PIT_01_ASEReadCounter.table","NW_015090842.1:10175418",32,60,28
"SPIRE2","s1639_F_PIT_01_ASEReadCounter.table","NW_015090842.1:10175704",42,70,28
"SPIRE2","s1639_F_PIT_01_ASEReadCounter.table","NW_015090842.1:10176115",39,84,45
"SPIRE2","s1639_F_PIT_01_ASEReadCounter.table","NW_015090842.1:10176561",44,89,45
"SPIRE2","s1639_F_PIT_01_ASEReadCounter.table","NW_015090842.1:10176817",40,68,28
"SPIRE2","s1639_F_PIT_01_ASEReadCounter.table","NW_015090842.1:10177084",25,44,19
"SPIRE2","s1639_F_PIT_01_ASEReadCounter.table","NW_015090842.1:10177110",24,40,16
"SPIRE2","s1639_F_PIT_01_ASEReadCounter.table","NW_015090842.1:10177838",25,65,40
"SPIRE2","s1639_F_PIT_01_ASEReadCounter.table","NW_015090842.1:10178000",37,74,37
"SPIRE2","s1639_F_PIT_01_ASEReadCounter.table","NW_015090842.1:10178164",31,65,34
"SPIRE2","s1639_F_PIT_01_ASEReadCounter.table","NW_015090842.1:10178216",33,73,40
"SPIRE2","s1639_F_PIT_01_ASEReadCounter.table","NW_015090842.1:10178403",33,60,27
"SPIRE2","s1639_F_PIT_01_ASEReadCounter.table","NW_015090842.1:10178409",28,54,26
"SPIRE2","s1639_F_PIT_01_ASEReadCounter.table","NW_015090842.1:10178524",29,55,26
"SPIRE2","s1639_F_PIT_01_ASEReadCounter.table","NW_015090842.1:10178526",29,55,26
"SPIRE2","s1639_F_PIT_01_ASEReadCounter.table","NW_015090842.1:10178531",28,54,26
"SPIRE2","s1639_F_PIT_01_ASEReadCounter.table","NW_015090842.1:10178565",20,48,28
"SPIRE2","s1639_F_PIT_01_ASEReadCounter.table","NW_015090842.1:10178587",18,41,23
"SPIRE2","s1639_F_PIT_01_ASEReadCounter.table","NW_015090842.1:10178640",11,35,24
"SPIRE2","s1639_F_PIT_01_ASEReadCounter.table","NW_015090842.1:10178651",13,40,27
"SPIRE2","s1639_F_PIT_01_ASEReadCounter.table","NW_015090842.1:10178682",13,31,18
"TCF25","s1639_F_PIT_01_ASEReadCounter.table","NW_015090842.1:10180912",30,56,26
"TCF25","s1639_F_PIT_01_ASEReadCounter.table","NW_015090842.1:10180924",31,56,25
"TCF25","s1639_F_PIT_01_ASEReadCounter.table","NW_015090842.1:10180931",33,57,24
"TCF25","s1639_F_PIT_01_ASEReadCounter.table","NW_015090842.1:10185332",89,166,77
"TCF25","s1639_F_PIT_01_ASEReadCounter.table","NW_015090842.1:10188816",73,129,56
"DBNDD1","s1639_F_PIT_01_ASEReadCounter.table","NW_015090842.1:10223105",11,41,30
"GAS8","s1639_F_PIT_01_ASEReadCounter.table","NW_015090842.1:10228982",32,77,45
"GAS8","s1639_F_PIT_01_ASEReadCounter.table","NW_015090842.1:10229832",38,77,39
"GAS8","s1639_F_PIT_01_ASEReadCounter.table","NW_015090842.1:10232375",42,69,27
"GAS8","s1639_F_PIT_01_ASEReadCounter.table","NW_015090842.1:10232901",39,77,38
"GAS8","s1639_F_PIT_01_ASEReadCounter.table","NW_015090842.1:10232928",51,88,37
"GAS8","s1639_F_PIT_01_ASEReadCounter.table","NW_015090842.1:10232967",40,74,34
"GAS8","s1639_F_PIT_01_ASEReadCounter.table","NW_015090842.1:10233032",29,49,20
"GAS8","s1639_F_PIT_01_ASEReadCounter.table","NW_015090842.1:10233057",25,36,11
"GAS8","s1639_F_PIT_01_ASEReadCounter.table","NW_015090842.1:10233058",25,36,11
"GAS8","s1639_F_PIT_01_ASEReadCounter.table","NW_015090842.1:10233176",19,41,22
"GAS8","s1639_F_PIT_01_ASEReadCounter.table","NW_015090842.1:10233196",20,43,23
"GAS8","s1639_F_PIT_01_ASEReadCounter.table","NW_015090842.1:10233252",14,29,15
"GAS8","s1639_F_PIT_01_ASEReadCounter.table","NW_015090842.1:10233303",5,10,5
"LOC106888094","s1639_F_PIT_01_ASEReadCounter.table","NW_015090842.1:10233334",2,4,2
"LOC106888094","s1639_F_PIT_01_ASEReadCounter.table","NW_015090842.1:10233362",5,12,7
"LOC106888094","s1639_F_PIT_01_ASEReadCounter.table","NW_015090842.1:10233373",7,14,7
"LOC106888094","s1639_F_PIT_01_ASEReadCounter.table","NW_015090842.1:10233388",7,18,11
"LOC106888094","s1639_F_PIT_01_ASEReadCounter.table","NW_015090842.1:10233402",7,17,10
"LOC106888094","s1639_F_PIT_01_ASEReadCounter.table","NW_015090842.1:10233465",5,28,23
"LOC106888094","s1639_F_PIT_01_ASEReadCounter.table","NW_015090842.1:10233803",6,28,22
"LOC106888094","s1639_F_PIT_01_ASEReadCounter.table","NW_015090842.1:10233815",6,30,24
"LOC106888094","s1639_F_PIT_01_ASEReadCounter.table","NW_015090842.1:10235484",0,1,1
"LOC106888094","s1639_F_PIT_01_ASEReadCounter.table","NW_015090842.1:10235611",0,2,2
"LOC106888094","s1639_F_PIT_01_ASEReadCounter.table","NW_015090842.1:10236098",0,5,5
"LOC106888094","s1639_F_PIT_01_ASEReadCounter.table","NW_015090842.1:10236161",0,4,4
"LOC106888094","s1639_F_PIT_01_ASEReadCounter.table","NW_015090842.1:10236425",0,1,1
"LOC106888094","s1639_F_PIT_01_ASEReadCounter.table","NW_015090842.1:10236426",0,1,1
"LOC106888094","s1639_F_PIT_01_ASEReadCounter.table","NW_015090842.1:10236603",0,1,1
"LOC106888173","s1639_F_PIT_01_ASEReadCounter.table","NW_015090842.1:10239596",5,20,15
"LOC106888173","s1639_F_PIT_01_ASEReadCounter.table","NW_015090842.1:10240036",27,68,41
"LOC106888173","s1639_F_PIT_01_ASEReadCounter.table","NW_015090842.1:10240095",33,71,38
"LOC106888173","s1639_F_PIT_01_ASEReadCounter.table","NW_015090842.1:10240280",32,73,41
"LOC106888173","s1639_F_PIT_01_ASEReadCounter.table","NW_015090842.1:10240557",33,66,33
"LOC106888173","s1639_F_PIT_01_ASEReadCounter.table","NW_015090842.1:10240603",37,65,28
"LOC106888173","s1639_F_PIT_01_ASEReadCounter.table","NW_015090842.1:10240609",38,64,26
"LOC106888173","s1639_F_PIT_01_ASEReadCounter.table","NW_015090842.1:10240690",29,70,41
"LOC106888173","s1639_F_PIT_01_ASEReadCounter.table","NW_015090842.1:10240924",34,67,33
"LOC106888173","s1639_F_PIT_01_ASEReadCounter.table","NW_015090842.1:10241037",24,59,35
"LOC106888173","s1639_F_PIT_01_ASEReadCounter.table","NW_015090842.1:10241046",26,61,35
"LOC106888173","s1639_F_PIT_01_ASEReadCounter.table","NW_015090842.1:10241058",31,69,38
"LOC106888173","s1639_F_PIT_01_ASEReadCounter.table","NW_015090842.1:10241064",40,77,37
"LOC106888173","s1639_F_PIT_01_ASEReadCounter.table","NW_015090842.1:10241103",87,87,0
"LOC106888173","s1639_F_PIT_01_ASEReadCounter.table","NW_015090842.1:10241163",38,78,40
"LOC106888173","s1639_F_PIT_01_ASEReadCounter.table","NW_015090842.1:10241803",32,67,35
"LOC106888173","s1639_F_PIT_01_ASEReadCounter.table","NW_015090842.1:10241827",30,68,38
"LOC106888173","s1639_F_PIT_01_ASEReadCounter.table","NW_015090842.1:10241869",38,78,40
"LOC106888173","s1639_F_PIT_01_ASEReadCounter.table","NW_015090842.1:10242079",40,78,38
"LOC106888173","s1639_F_PIT_01_ASEReadCounter.table","NW_015090842.1:10242103",43,86,43
"LOC106888173","s1639_F_PIT_01_ASEReadCounter.table","NW_015090842.1:10242157",48,98,50
"LOC106888173","s1639_F_PIT_01_ASEReadCounter.table","NW_015090842.1:10242455",48,92,44
"LOC106888173","s1639_F_PIT_01_ASEReadCounter.table","NW_015090842.1:10242481",47,91,44
"LOC106888173","s1639_F_PIT_01_ASEReadCounter.table","NW_015090842.1:10242590",42,66,24
"LOC106888173","s1639_F_PIT_01_ASEReadCounter.table","NW_015090842.1:10242794",28,63,35
"LOC106888173","s1639_F_PIT_01_ASEReadCounter.table","NW_015090842.1:10242909",35,76,41
"LOC106888173","s1639_F_PIT_01_ASEReadCounter.table","NW_015090842.1:10243094",31,68,37
"LOC106888173","s1639_F_PIT_01_ASEReadCounter.table","NW_015090842.1:10243133",24,54,30
"LOC106888173","s1639_F_PIT_01_ASEReadCounter.table","NW_015090842.1:10243273",35,72,37
"LOC106888173","s1639_F_PIT_01_ASEReadCounter.table","NW_015090842.1:10243278",42,78,36
"LOC106888173","s1639_F_PIT_01_ASEReadCounter.table","NW_015090842.1:10243281",42,81,39
"LOC106888173","s1639_F_PIT_01_ASEReadCounter.table","NW_015090842.1:10243347",47,50,3
"LOC106888173","s1639_F_PIT_01_ASEReadCounter.table","NW_015090842.1:10243353",27,45,18
"LOC106888173","s1639_F_PIT_01_ASEReadCounter.table","NW_015090842.1:10243363",25,42,17
"LOC106888173","s1639_F_PIT_01_ASEReadCounter.table","NW_015090842.1:10243365",27,45,18
"LOC106888173","s1639_F_PIT_01_ASEReadCounter.table","NW_015090842.1:10243566",44,83,39
"LOC106888173","s1639_F_PIT_01_ASEReadCounter.table","NW_015090842.1:10243605",41,78,37
"LOC106888173","s1639_F_PIT_01_ASEReadCounter.table","NW_015090842.1:10243614",37,76,39
"LOC106888173","s1639_F_PIT_01_ASEReadCounter.table","NW_015090842.1:10243615",37,77,40
"LOC106888173","s1639_F_PIT_01_ASEReadCounter.table","NW_015090842.1:10243640",27,56,29
"LOC106888173","s1639_F_PIT_01_ASEReadCounter.table","NW_015090842.1:10243680",28,58,30
"LOC106888173","s1639_F_PIT_01_ASEReadCounter.table","NW_015090842.1:10243742",37,78,41
"LOC106888173","s1639_F_PIT_01_ASEReadCounter.table","NW_015090842.1:10243804",23,55,32
"LOC106888173","s1639_F_PIT_01_ASEReadCounter.table","NW_015090842.1:10243913",14,31,17
"LOC106888173","s1639_F_PIT_01_ASEReadCounter.table","NW_015090842.1:10243921",13,29,16
"LOC106888384","s1639_F_PIT_01_ASEReadCounter.table","NW_015090842.1:10244714",3,4,1
"LOC106888384","s1639_F_PIT_01_ASEReadCounter.table","NW_015090842.1:10244942",5,9,4
"LOC106888384","s1639_F_PIT_01_ASEReadCounter.table","NW_015090842.1:10244998",2,8,6
"LOC106888384","s1639_F_PIT_01_ASEReadCounter.table","NW_015090842.1:10250743",2,6,4
"LOC106888384","s1639_F_PIT_01_ASEReadCounter.table","NW_015090842.1:10250771",2,5,3
"LOC106888384","s1639_F_PIT_01_ASEReadCounter.table","NW_015090842.1:10251339",8,8,0
"LOC106888384","s1639_F_PIT_01_ASEReadCounter.table","NW_015090842.1:10251343",8,8,0
"LOC106888384","s1639_F_PIT_01_ASEReadCounter.table","NW_015090842.1:10251344",8,8,0
"LOC106888384","s1639_F_PIT_01_ASEReadCounter.table","NW_015090842.1:10251349",8,8,0
"LOC106888384","s1639_F_PIT_01_ASEReadCounter.table","NW_015090842.1:10251354",8,20,12
"LOC106888384","s1639_F_PIT_01_ASEReadCounter.table","NW_015090842.1:10251358",7,19,12
"LOC106888384","s1639_F_PIT_01_ASEReadCounter.table","NW_015090842.1:10251369",2,18,16
"LOC106888384","s1639_F_PIT_01_ASEReadCounter.table","NW_015090842.1:10251370",5,17,12
"LOC106888384","s1639_F_PIT_01_ASEReadCounter.table","NW_015090842.1:10251375",4,15,11
"LOC106888384","s1639_F_PIT_01_ASEReadCounter.table","NW_015090842.1:10251388",2,10,8
"LOC106888384","s1639_F_PIT_01_ASEReadCounter.table","NW_015090842.1:10251390",2,10,8
"LOC106888384","s1639_F_PIT_01_ASEReadCounter.table","NW_015090842.1:10251393",0,9,9
"LOC106888384","s1639_F_PIT_01_ASEReadCounter.table","NW_015090842.1:10251399",0,9,9
"LOC106888384","s1639_F_PIT_01_ASEReadCounter.table","NW_015090842.1:10251492",1,1,0
"LOC106888384","s1639_F_PIT_01_ASEReadCounter.table","NW_015090842.1:10253165",7,24,17
"LOC106888384","s1639_F_PIT_01_ASEReadCounter.table","NW_015090842.1:10253284",8,20,12
"LOC106888384","s1639_F_PIT_01_ASEReadCounter.table","NW_015090842.1:10254028",3,23,20
"LOC106888384","s1639_F_PIT_01_ASEReadCounter.table","NW_015090842.1:10254227",1,14,13
"LOC106888384","s1639_F_PIT_01_ASEReadCounter.table","NW_015090842.1:10254233",2,17,15
"LOC106888384","s1639_F_PIT_01_ASEReadCounter.table","NW_015090842.1:10254263",2,20,18
"LOC106888384","s1639_F_PIT_01_ASEReadCounter.table","NW_015090842.1:10254293",5,23,18
"LOC106888384","s1639_F_PIT_01_ASEReadCounter.table","NW_015090842.1:10254570",4,27,23
"LOC106888384","s1639_F_PIT_01_ASEReadCounter.table","NW_015090842.1:10254605",24,24,0
"LOC106888384","s1639_F_PIT_01_ASEReadCounter.table","NW_015090842.1:10254608",24,24,0
"LOC106888384","s1639_F_PIT_01_ASEReadCounter.table","NW_015090842.1:10254618",19,19,0
"LOC106888384","s1639_F_PIT_01_ASEReadCounter.table","NW_015090842.1:10254620",16,16,0
"LOC106888384","s1639_F_PIT_01_ASEReadCounter.table","NW_015090842.1:10254623",16,16,0
"LOC106888384","s1639_F_PIT_01_ASEReadCounter.table","NW_015090842.1:10254624",13,13,0
"LOC106888384","s1639_F_PIT_01_ASEReadCounter.table","NW_015090842.1:10254627",19,19,0
"LOC106888384","s1639_F_PIT_01_ASEReadCounter.table","NW_015090842.1:10254629",17,17,0
"LOC106888384","s1639_F_PIT_01_ASEReadCounter.table","NW_015090842.1:10254647",2,13,11
"LOC106888384","s1639_F_PIT_01_ASEReadCounter.table","NW_015090842.1:10254663",2,7,5
"LOC106888384","s1639_F_PIT_01_ASEReadCounter.table","NW_015090842.1:10254840",2,6,4
"LOC106888384","s1639_F_PIT_01_ASEReadCounter.table","NW_015090842.1:10254891",18,18,0
"LOC106888384","s1639_F_PIT_01_ASEReadCounter.table","NW_015090842.1:10254900",0,17,17
"LOC106888384","s1639_F_PIT_01_ASEReadCounter.table","NW_015090842.1:10254915",0,22,22
"LOC106888384","s1639_F_PIT_01_ASEReadCounter.table","NW_015090842.1:10254965",19,19,0
"LOC106888384","s1639_F_PIT_01_ASEReadCounter.table","NW_015090842.1:10254975",0,17,17
"LOC106888384","s1639_F_PIT_01_ASEReadCounter.table","NW_015090842.1:10255077",2,9,7
"LOC106888384","s1639_F_PIT_01_ASEReadCounter.table","NW_015090842.1:10255117",1,7,6
"LOC106888384","s1639_F_PIT_01_ASEReadCounter.table","NW_015090842.1:10255138",1,9,8
"LOC106888384","s1639_F_PIT_01_ASEReadCounter.table","NW_015090842.1:10255139",1,9,8
"LOC106888384","s1639_F_PIT_01_ASEReadCounter.table","NW_015090842.1:10255209",1,11,10
"LOC106888384","s1639_F_PIT_01_ASEReadCounter.table","NW_015090842.1:10255211",1,10,9
"LOC106888384","s1639_F_PIT_01_ASEReadCounter.table","NW_015090842.1:10255236",2,14,12
"LOC106888384","s1639_F_PIT_01_ASEReadCounter.table","NW_015090842.1:10255262",1,12,11
"LOC106888384","s1639_F_PIT_01_ASEReadCounter.table","NW_015090842.1:10255264",1,11,10
"LOC106888384","s1639_F_PIT_01_ASEReadCounter.table","NW_015090842.1:10255306",5,20,15
"LOC106888384","s1639_F_PIT_01_ASEReadCounter.table","NW_015090842.1:10255340",5,22,17
"LOC106888384","s1639_F_PIT_01_ASEReadCounter.table","NW_015090842.1:10255410",7,19,12
"LOC106888384","s1639_F_PIT_01_ASEReadCounter.table","NW_015090842.1:10255449",6,15,9
"LOC106888384","s1639_F_PIT_01_ASEReadCounter.table","NW_015090842.1:10255496",3,14,11
"LOC106888384","s1639_F_PIT_01_ASEReadCounter.table","NW_015090842.1:10255505",3,8,5
"LOC106888384","s1639_F_PIT_01_ASEReadCounter.table","NW_015090842.1:10255531",5,13,8
"LOC106888384","s1639_F_PIT_01_ASEReadCounter.table","NW_015090842.1:10255608",3,17,14
"LOC106888384","s1639_F_PIT_01_ASEReadCounter.table","NW_015090842.1:10255704",6,19,13
"LOC106888384","s1639_F_PIT_01_ASEReadCounter.table","NW_015090842.1:10255731",7,20,13
"LOC106888384","s1639_F_PIT_01_ASEReadCounter.table","NW_015090842.1:10255771",7,15,8
"TANGO6","s1639_F_PIT_01_ASEReadCounter.table","NW_015090842.1:10257782",9,17,8
"TANGO6","s1639_F_PIT_01_ASEReadCounter.table","NW_015090842.1:10258162",17,30,13
"TANGO6","s1639_F_PIT_01_ASEReadCounter.table","NW_015090842.1:10258185",22,35,13
"TANGO6","s1639_F_PIT_01_ASEReadCounter.table","NW_015090842.1:10259267",15,25,10
"TANGO6","s1639_F_PIT_01_ASEReadCounter.table","NW_015090842.1:10260250",38,73,35
"TANGO6","s1639_F_PIT_01_ASEReadCounter.table","NW_015090842.1:10260289",43,87,44
"TANGO6","s1639_F_PIT_01_ASEReadCounter.table","NW_015090842.1:10260309",39,72,33
"TANGO6","s1639_F_PIT_01_ASEReadCounter.table","NW_015090842.1:10260979",23,44,21
"TANGO6","s1639_F_PIT_01_ASEReadCounter.table","NW_015090842.1:10261599",31,56,25
"TANGO6","s1639_F_PIT_01_ASEReadCounter.table","NW_015090842.1:10268425",34,61,27
"TANGO6","s1639_F_PIT_01_ASEReadCounter.table","NW_015090842.1:10269831",31,64,33
"TANGO6","s1639_F_PIT_01_ASEReadCounter.table","NW_015090842.1:10270813",38,61,23
"TANGO6","s1639_F_PIT_01_ASEReadCounter.table","NW_015090842.1:10274018",29,42,13
"TANGO6","s1639_F_PIT_01_ASEReadCounter.table","NW_015090842.1:10275974",23,47,24
"TANGO6","s1639_F_PIT_01_ASEReadCounter.table","NW_015090842.1:10275976",23,47,24
"TANGO6","s1639_F_PIT_01_ASEReadCounter.table","NW_015090842.1:10276123",19,41,22
"TANGO6","s1639_F_PIT_01_ASEReadCounter.table","NW_015090842.1:10276271",19,43,24
"TANGO6","s1639_F_PIT_01_ASEReadCounter.table","NW_015090842.1:10276272",18,43,25
"TANGO6","s1639_F_PIT_01_ASEReadCounter.table","NW_015090842.1:10276275",24,49,25
"TANGO6","s1639_F_PIT_01_ASEReadCounter.table","NW_015090842.1:10276278",23,48,25
"TANGO6","s1639_F_PIT_01_ASEReadCounter.table","NW_015090842.1:10276368",14,31,17
"TANGO6","s1639_F_PIT_01_ASEReadCounter.table","NW_015090842.1:10276373",12,27,15
"TANGO6","s1639_F_PIT_01_ASEReadCounter.table","NW_015090842.1:10276630",17,40,23
"TANGO6","s1639_F_PIT_01_ASEReadCounter.table","NW_015090842.1:10281498",19,27,8
"TANGO6","s1639_F_PIT_01_ASEReadCounter.table","NW_015090842.1:10281516",19,29,10
"TANGO6","s1639_F_PIT_01_ASEReadCounter.table","NW_015090842.1:10282842",22,36,14
"TANGO6","s1639_F_PIT_01_ASEReadCounter.table","NW_015090842.1:10282863",18,28,10
"TANGO6","s1639_F_PIT_01_ASEReadCounter.table","NW_015090842.1:10282869",19,31,12
"TANGO6","s1639_F_PIT_01_ASEReadCounter.table","NW_015090842.1:10282903",17,34,17
"TANGO6","s1639_F_PIT_01_ASEReadCounter.table","NW_015090842.1:10283757",15,27,12
"TANGO6","s1639_F_PIT_01_ASEReadCounter.table","NW_015090842.1:10283785",15,32,17
"HAS3","s1639_F_PIT_01_ASEReadCounter.table","NW_015090842.1:10290561",1,1,0
"HAS3","s1639_F_PIT_01_ASEReadCounter.table","NW_015090842.1:10290609",1,1,0
"HAS3","s1639_F_PIT_01_ASEReadCounter.table","NW_015090842.1:10290666",1,1,0
"HAS3","s1639_F_PIT_01_ASEReadCounter.table","NW_015090842.1:10290723",1,1,0
"HAS3","s1639_F_PIT_01_ASEReadCounter.table","NW_015090842.1:10291004",0,1,1
"CHTF8","s1639_F_PIT_01_ASEReadCounter.table","NW_015090842.1:10291319",3,5,2
"CHTF8","s1639_F_PIT_01_ASEReadCounter.table","NW_015090842.1:10291491",18,28,10
"CHTF8","s1639_F_PIT_01_ASEReadCounter.table","NW_015090842.1:10291520",15,32,17
"CHTF8","s1639_F_PIT_01_ASEReadCounter.table","NW_015090842.1:10291593",21,44,23
"CHTF8","s1639_F_PIT_01_ASEReadCounter.table","NW_015090842.1:10291600",20,43,23
"CHTF8","s1639_F_PIT_01_ASEReadCounter.table","NW_015090842.1:10291609",22,43,21
"CHTF8","s1639_F_PIT_01_ASEReadCounter.table","NW_015090842.1:10291639",16,40,24
"CHTF8","s1639_F_PIT_01_ASEReadCounter.table","NW_015090842.1:10291641",16,40,24
"CHTF8","s1639_F_PIT_01_ASEReadCounter.table","NW_015090842.1:10291648",21,42,21
"CHTF8","s1639_F_PIT_01_ASEReadCounter.table","NW_015090842.1:10291656",21,41,20
"CHTF8","s1639_F_PIT_01_ASEReadCounter.table","NW_015090842.1:10291675",20,40,20
"CHTF8","s1639_F_PIT_01_ASEReadCounter.table","NW_015090842.1:10291696",24,40,16
"CHTF8","s1639_F_PIT_01_ASEReadCounter.table","NW_015090842.1:10291714",28,43,15
"CHTF8","s1639_F_PIT_01_ASEReadCounter.table","NW_015090842.1:10291732",26,46,20
"CHTF8","s1639_F_PIT_01_ASEReadCounter.table","NW_015090842.1:10291755",20,43,23
"CHTF8","s1639_F_PIT_01_ASEReadCounter.table","NW_015090842.1:10291756",20,41,21
"CHTF8","s1639_F_PIT_01_ASEReadCounter.table","NW_015090842.1:10291758",20,43,23
"CHTF8","s1639_F_PIT_01_ASEReadCounter.table","NW_015090842.1:10291792",20,44,24
"CHTF8","s1639_F_PIT_01_ASEReadCounter.table","NW_015090842.1:10291895",19,36,17
"CHTF8","s1639_F_PIT_01_ASEReadCounter.table","NW_015090842.1:10292132",24,40,16
"CHTF8","s1639_F_PIT_01_ASEReadCounter.table","NW_015090842.1:10292314",25,43,18
"CHTF8","s1639_F_PIT_01_ASEReadCounter.table","NW_015090842.1:10292317",25,43,18
"CHTF8","s1639_F_PIT_01_ASEReadCounter.table","NW_015090842.1:10292928",7,10,3
"UTP4","s1639_F_PIT_01_ASEReadCounter.table","NW_015090842.1:10293146",28,56,28
"UTP4","s1639_F_PIT_01_ASEReadCounter.table","NW_015090842.1:10293151",24,49,25
"UTP4","s1639_F_PIT_01_ASEReadCounter.table","NW_015090842.1:10293191",11,29,18
"UTP4","s1639_F_PIT_01_ASEReadCounter.table","NW_015090842.1:10293362",24,55,31
"UTP4","s1639_F_PIT_01_ASEReadCounter.table","NW_015090842.1:10293430",32,65,33
"UTP4","s1639_F_PIT_01_ASEReadCounter.table","NW_015090842.1:10293625",25,48,23
"UTP4","s1639_F_PIT_01_ASEReadCounter.table","NW_015090842.1:10293684",28,51,23
"UTP4","s1639_F_PIT_01_ASEReadCounter.table","NW_015090842.1:10294093",24,57,33
"UTP4","s1639_F_PIT_01_ASEReadCounter.table","NW_015090842.1:10294622",17,43,26
"UTP4","s1639_F_PIT_01_ASEReadCounter.table","NW_015090842.1:10294632",17,43,26
"UTP4","s1639_F_PIT_01_ASEReadCounter.table","NW_015090842.1:10295238",18,52,34
"UTP4","s1639_F_PIT_01_ASEReadCounter.table","NW_015090842.1:10295880",32,63,31
"UTP4","s1639_F_PIT_01_ASEReadCounter.table","NW_015090842.1:10295884",32,63,31
"UTP4","s1639_F_PIT_01_ASEReadCounter.table","NW_015090842.1:10295903",33,60,27
"UTP4","s1639_F_PIT_01_ASEReadCounter.table","NW_015090842.1:10295906",28,54,26
"UTP4","s1639_F_PIT_01_ASEReadCounter.table","NW_015090842.1:10295915",31,60,29
"UTP4","s1639_F_PIT_01_ASEReadCounter.table","NW_015090842.1:10295938",25,54,29
"UTP4","s1639_F_PIT_01_ASEReadCounter.table","NW_015090842.1:10296175",26,58,32
"UTP4","s1639_F_PIT_01_ASEReadCounter.table","NW_015090842.1:10296660",24,56,32
"UTP4","s1639_F_PIT_01_ASEReadCounter.table","NW_015090842.1:10296679",20,45,25
"UTP4","s1639_F_PIT_01_ASEReadCounter.table","NW_015090842.1:10297193",23,46,23
"UTP4","s1639_F_PIT_01_ASEReadCounter.table","NW_015090842.1:10297220",22,44,22
"UTP4","s1639_F_PIT_01_ASEReadCounter.table","NW_015090842.1:10297307",21,64,43
"UTP4","s1639_F_PIT_01_ASEReadCounter.table","NW_015090842.1:10297558",28,73,45
"UTP4","s1639_F_PIT_01_ASEReadCounter.table","NW_015090842.1:10297943",14,37,23
"UTP4","s1639_F_PIT_01_ASEReadCounter.table","NW_015090842.1:10297979",14,31,17
"UTP4","s1639_F_PIT_01_ASEReadCounter.table","NW_015090842.1:10298022",12,31,19
"UTP4","s1639_F_PIT_01_ASEReadCounter.table","NW_015090842.1:10298079",2,12,10
"UTP4","s1639_F_PIT_01_ASEReadCounter.table","NW_015090842.1:10298081",2,12,10
"UTP4","s1639_F_PIT_01_ASEReadCounter.table","NW_015090842.1:10298082",1,11,10
"SNTB2","s1639_F_PIT_01_ASEReadCounter.table","NW_015090842.1:10298905",3,4,1
"SNTB2","s1639_F_PIT_01_ASEReadCounter.table","NW_015090842.1:10298928",4,7,3
"SNTB2","s1639_F_PIT_01_ASEReadCounter.table","NW_015090842.1:10303506",14,34,20
"SNTB2","s1639_F_PIT_01_ASEReadCounter.table","NW_015090842.1:10303524",17,37,20
"SNTB2","s1639_F_PIT_01_ASEReadCounter.table","NW_015090842.1:10304059",15,32,17
"SNTB2","s1639_F_PIT_01_ASEReadCounter.table","NW_015090842.1:10304089",13,31,18
"SNTB2","s1639_F_PIT_01_ASEReadCounter.table","NW_015090842.1:10304167",13,27,14
"SNTB2","s1639_F_PIT_01_ASEReadCounter.table","NW_015090842.1:10304176",11,24,13
"SNTB2","s1639_F_PIT_01_ASEReadCounter.table","NW_015090842.1:10305069",11,26,15
"SNTB2","s1639_F_PIT_01_ASEReadCounter.table","NW_015090842.1:10305099",10,26,16
"SNTB2","s1639_F_PIT_01_ASEReadCounter.table","NW_015090842.1:10305171",11,28,17
"SNTB2","s1639_F_PIT_01_ASEReadCounter.table","NW_015090842.1:10305177",10,27,17
"SNTB2","s1639_F_PIT_01_ASEReadCounter.table","NW_015090842.1:10305451",8,17,9
"SNTB2","s1639_F_PIT_01_ASEReadCounter.table","NW_015090842.1:10305547",9,29,20
"SNTB2","s1639_F_PIT_01_ASEReadCounter.table","NW_015090842.1:10305847",12,26,14
"SNTB2","s1639_F_PIT_01_ASEReadCounter.table","NW_015090842.1:10306173",5,20,15
"SNTB2","s1639_F_PIT_01_ASEReadCounter.table","NW_015090842.1:10306275",14,25,11
"SNTB2","s1639_F_PIT_01_ASEReadCounter.table","NW_015090842.1:10306457",14,28,14
"SNTB2","s1639_F_PIT_01_ASEReadCounter.table","NW_015090842.1:10306496",14,31,17
"SNTB2","s1639_F_PIT_01_ASEReadCounter.table","NW_015090842.1:10306499",13,30,17
"VPS4A","s1639_F_PIT_01_ASEReadCounter.table","NW_015090842.1:10308566",83,191,108
"VPS4A","s1639_F_PIT_01_ASEReadCounter.table","NW_015090842.1:10308573",85,193,108
"VPS4A","s1639_F_PIT_01_ASEReadCounter.table","NW_015090842.1:10308856",116,281,165
"VPS4A","s1639_F_PIT_01_ASEReadCounter.table","NW_015090842.1:10309056",136,291,155
"VPS4A","s1639_F_PIT_01_ASEReadCounter.table","NW_015090842.1:10309089",182,347,165
"VPS4A","s1639_F_PIT_01_ASEReadCounter.table","NW_015090842.1:10309392",182,350,168
"VPS4A","s1639_F_PIT_01_ASEReadCounter.table","NW_015090842.1:10309413",165,324,159
"VPS4A","s1639_F_PIT_01_ASEReadCounter.table","NW_015090842.1:10309467",144,351,207
"VPS4A","s1639_F_PIT_01_ASEReadCounter.table","NW_015090842.1:10310230",173,371,198
"VPS4A","s1639_F_PIT_01_ASEReadCounter.table","NW_015090842.1:10310425",170,330,160
"VPS4A","s1639_F_PIT_01_ASEReadCounter.table","NW_015090842.1:10310639",181,379,198
"VPS4A","s1639_F_PIT_01_ASEReadCounter.table","NW_015090842.1:10310734",148,305,157
"VPS4A","s1639_F_PIT_01_ASEReadCounter.table","NW_015090842.1:10310737",147,309,162
"VPS4A","s1639_F_PIT_01_ASEReadCounter.table","NW_015090842.1:10310746",143,306,163
"VPS4A","s1639_F_PIT_01_ASEReadCounter.table","NW_015090842.1:10310767",152,295,143
"VPS4A","s1639_F_PIT_01_ASEReadCounter.table","NW_015090842.1:10310995",145,315,170
"VPS4A","s1639_F_PIT_01_ASEReadCounter.table","NW_015090842.1:10311004",152,310,158
"VPS4A","s1639_F_PIT_01_ASEReadCounter.table","NW_015090842.1:10311007",148,315,167
"VPS4A","s1639_F_PIT_01_ASEReadCounter.table","NW_015090842.1:10311013",157,320,163
"VPS4A","s1639_F_PIT_01_ASEReadCounter.table","NW_015090842.1:10311022",145,304,159
"VPS4A","s1639_F_PIT_01_ASEReadCounter.table","NW_015090842.1:10311023",145,306,161
"VPS4A","s1639_F_PIT_01_ASEReadCounter.table","NW_015090842.1:10311426",144,317,173
"VPS4A","s1639_F_PIT_01_ASEReadCounter.table","NW_015090842.1:10311489",2,5,3
"VPS4A","s1639_F_PIT_01_ASEReadCounter.table","NW_015090842.1:10311490",2,5,3
"VPS4A","s1639_F_PIT_01_ASEReadCounter.table","NW_015090842.1:10311525",6,12,6
"VPS4A","s1639_F_PIT_01_ASEReadCounter.table","NW_015090842.1:10311529",6,19,13
"VPS4A","s1639_F_PIT_01_ASEReadCounter.table","NW_015090842.1:10311530",6,20,14
"VPS4A","s1639_F_PIT_01_ASEReadCounter.table","NW_015090842.1:10311552",21,42,21
"VPS4A","s1639_F_PIT_01_ASEReadCounter.table","NW_015090842.1:10311689",17,41,24
"VPS4A","s1639_F_PIT_01_ASEReadCounter.table","NW_015090842.1:10311700",23,46,23
"VPS4A","s1639_F_PIT_01_ASEReadCounter.table","NW_015090842.1:10311701",23,47,24
"VPS4A","s1639_F_PIT_01_ASEReadCounter.table","NW_015090842.1:10311703",22,44,22
"COG8","s1639_F_PIT_01_ASEReadCounter.table","NW_015090842.1:10313487",16,50,34
"COG8","s1639_F_PIT_01_ASEReadCounter.table","NW_015090842.1:10313559",37,80,43
"COG8","s1639_F_PIT_01_ASEReadCounter.table","NW_015090842.1:10313579",34,81,47
"COG8","s1639_F_PIT_01_ASEReadCounter.table","NW_015090842.1:10313665",40,72,32
"COG8","s1639_F_PIT_01_ASEReadCounter.table","NW_015090842.1:10313681",39,73,34
"COG8","s1639_F_PIT_01_ASEReadCounter.table","NW_015090842.1:10313768",46,90,44
"COG8","s1639_F_PIT_01_ASEReadCounter.table","NW_015090842.1:10313775",49,94,45
"COG8","s1639_F_PIT_01_ASEReadCounter.table","NW_015090842.1:10313811",34,68,34
"COG8","s1639_F_PIT_01_ASEReadCounter.table","NW_015090842.1:10313858",40,80,40
"COG8","s1639_F_PIT_01_ASEReadCounter.table","NW_015090842.1:10314100",46,90,44
"COG8","s1639_F_PIT_01_ASEReadCounter.table","NW_015090842.1:10314213",35,73,38
"COG8","s1639_F_PIT_01_ASEReadCounter.table","NW_015090842.1:10315093",31,64,33
"COG8","s1639_F_PIT_01_ASEReadCounter.table","NW_015090842.1:10315162",28,64,36
"COG8","s1639_F_PIT_01_ASEReadCounter.table","NW_015090842.1:10315285",38,88,50
"COG8","s1639_F_PIT_01_ASEReadCounter.table","NW_015090842.1:10315360",31,63,32
"COG8","s1639_F_PIT_01_ASEReadCounter.table","NW_015090842.1:10315369",34,70,36
"COG8","s1639_F_PIT_01_ASEReadCounter.table","NW_015090842.1:10315504",24,54,30
"COG8","s1639_F_PIT_01_ASEReadCounter.table","NW_015090842.1:10315508",24,54,30
"COG8","s1639_F_PIT_01_ASEReadCounter.table","NW_015090842.1:10315624",41,76,35
"COG8","s1639_F_PIT_01_ASEReadCounter.table","NW_015090842.1:10315693",45,93,48
"COG8","s1639_F_PIT_01_ASEReadCounter.table","NW_015090842.1:10315698",44,88,44
"COG8","s1639_F_PIT_01_ASEReadCounter.table","NW_015090842.1:10315768",22,48,26
"COG8","s1639_F_PIT_01_ASEReadCounter.table","NW_015090842.1:10315769",22,49,27
"COG8","s1639_F_PIT_01_ASEReadCounter.table","NW_015090842.1:10315784",29,56,27
"COG8","s1639_F_PIT_01_ASEReadCounter.table","NW_015090842.1:10316093",29,65,36
"COG8","s1639_F_PIT_01_ASEReadCounter.table","NW_015090842.1:10316133",24,53,29
"NIP7","s1639_F_PIT_01_ASEReadCounter.table","NW_015090842.1:10316759",17,46,29
"NIP7","s1639_F_PIT_01_ASEReadCounter.table","NW_015090842.1:10316967",67,148,81
"NIP7","s1639_F_PIT_01_ASEReadCounter.table","NW_015090842.1:10316995",77,159,82
"NIP7","s1639_F_PIT_01_ASEReadCounter.table","NW_015090842.1:10317240",114,224,110
"NIP7","s1639_F_PIT_01_ASEReadCounter.table","NW_015090842.1:10317247",117,224,107
"NIP7","s1639_F_PIT_01_ASEReadCounter.table","NW_015090842.1:10317264",116,213,97
"NIP7","s1639_F_PIT_01_ASEReadCounter.table","NW_015090842.1:10317433",117,225,108
"NIP7","s1639_F_PIT_01_ASEReadCounter.table","NW_015090842.1:10317738",79,143,64
"NIP7","s1639_F_PIT_01_ASEReadCounter.table","NW_015090842.1:10317769",75,139,64
"NIP7","s1639_F_PIT_01_ASEReadCounter.table","NW_015090842.1:10317808",45,87,42
"NIP7","s1639_F_PIT_01_ASEReadCounter.table","NW_015090842.1:10317870",38,79,41
"NIP7","s1639_F_PIT_01_ASEReadCounter.table","NW_015090842.1:10317871",39,79,40
"NIP7","s1639_F_PIT_01_ASEReadCounter.table","NW_015090842.1:10317898",29,59,30
"NIP7","s1639_F_PIT_01_ASEReadCounter.table","NW_015090842.1:10317911",24,54,30
"TMED6","s1639_F_PIT_01_ASEReadCounter.table","NW_015090842.1:10318731",1,1,0
"TERF2","s1639_F_PIT_01_ASEReadCounter.table","NW_015090842.1:10321665",8,8,0
"TERF2","s1639_F_PIT_01_ASEReadCounter.table","NW_015090842.1:10321768",20,45,25
"TERF2","s1639_F_PIT_01_ASEReadCounter.table","NW_015090842.1:10321777",21,43,22
"TERF2","s1639_F_PIT_01_ASEReadCounter.table","NW_015090842.1:10321805",24,57,33
"TERF2","s1639_F_PIT_01_ASEReadCounter.table","NW_015090842.1:10321878",35,74,39
"TERF2","s1639_F_PIT_01_ASEReadCounter.table","NW_015090842.1:10321893",3,73,70
"TERF2","s1639_F_PIT_01_ASEReadCounter.table","NW_015090842.1:10321897",28,65,37
"TERF2","s1639_F_PIT_01_ASEReadCounter.table","NW_015090842.1:10321908",29,61,32
"TERF2","s1639_F_PIT_01_ASEReadCounter.table","NW_015090842.1:10322001",39,98,59
"TERF2","s1639_F_PIT_01_ASEReadCounter.table","NW_015090842.1:10322035",37,89,52
"TERF2","s1639_F_PIT_01_ASEReadCounter.table","NW_015090842.1:10322051",38,89,51
"TERF2","s1639_F_PIT_01_ASEReadCounter.table","NW_015090842.1:10322137",28,63,35
"TERF2","s1639_F_PIT_01_ASEReadCounter.table","NW_015090842.1:10322144",29,63,34
"TERF2","s1639_F_PIT_01_ASEReadCounter.table","NW_015090842.1:10322388",36,97,61
"TERF2","s1639_F_PIT_01_ASEReadCounter.table","NW_015090842.1:10322396",36,95,59
"TERF2","s1639_F_PIT_01_ASEReadCounter.table","NW_015090842.1:10322502",42,99,57
"TERF2","s1639_F_PIT_01_ASEReadCounter.table","NW_015090842.1:10322504",40,99,59
"TERF2","s1639_F_PIT_01_ASEReadCounter.table","NW_015090842.1:10322510",43,106,63
"TERF2","s1639_F_PIT_01_ASEReadCounter.table","NW_015090842.1:10323580",49,117,68
"TERF2","s1639_F_PIT_01_ASEReadCounter.table","NW_015090842.1:10324314",34,101,67
"TERF2","s1639_F_PIT_01_ASEReadCounter.table","NW_015090842.1:10326832",34,79,45
"TERF2","s1639_F_PIT_01_ASEReadCounter.table","NW_015090842.1:10327787",28,70,42
"TERF2","s1639_F_PIT_01_ASEReadCounter.table","NW_015090842.1:10328588",49,102,53
"TERF2","s1639_F_PIT_01_ASEReadCounter.table","NW_015090842.1:10328644",35,91,56
"TERF2","s1639_F_PIT_01_ASEReadCounter.table","NW_015090842.1:10329813",33,76,43
"TERF2","s1639_F_PIT_01_ASEReadCounter.table","NW_015090842.1:10330749",35,69,34
"TERF2","s1639_F_PIT_01_ASEReadCounter.table","NW_015090842.1:10330789",38,71,33
"CYB5B","s1639_F_PIT_01_ASEReadCounter.table","NW_015090842.1:10336595",3,11,8
"CYB5B","s1639_F_PIT_01_ASEReadCounter.table","NW_015090842.1:10336667",65,169,104
"CYB5B","s1639_F_PIT_01_ASEReadCounter.table","NW_015090842.1:10336689",104,255,151
"CYB5B","s1639_F_PIT_01_ASEReadCounter.table","NW_015090842.1:10336728",152,360,208
"CYB5B","s1639_F_PIT_01_ASEReadCounter.table","NW_015090842.1:10345068",146,347,201
"CYB5B","s1639_F_PIT_01_ASEReadCounter.table","NW_015090842.1:10348800",178,379,201
"CYB5B","s1639_F_PIT_01_ASEReadCounter.table","NW_015090842.1:10348888",153,343,190
"CYB5B","s1639_F_PIT_01_ASEReadCounter.table","NW_015090842.1:10349046",140,296,156
"CYB5B","s1639_F_PIT_01_ASEReadCounter.table","NW_015090842.1:10349119",76,245,169
"CYB5B","s1639_F_PIT_01_ASEReadCounter.table","NW_015090842.1:10349146",41,205,164
"CYB5B","s1639_F_PIT_01_ASEReadCounter.table","NW_015090842.1:10349157",67,236,169
