"gene","id","snp","ref_count","total_count","alt_count"
"CENPN","s1639_F_LS_02_ASEReadCounter.table","NW_015090842.1:5801612",0,2,2
"CENPN","s1639_F_LS_02_ASEReadCounter.table","NW_015090842.1:5801618",0,2,2
"CENPN","s1639_F_LS_02_ASEReadCounter.table","NW_015090842.1:5801623",0,2,2
"CENPN","s1639_F_LS_02_ASEReadCounter.table","NW_015090842.1:5801631",1,3,2
"CENPN","s1639_F_LS_02_ASEReadCounter.table","NW_015090842.1:5801632",1,3,2
"CENPN","s1639_F_LS_02_ASEReadCounter.table","NW_015090842.1:5801655",2,4,2
"CENPN","s1639_F_LS_02_ASEReadCounter.table","NW_015090842.1:5801662",2,4,2
"CENPN","s1639_F_LS_02_ASEReadCounter.table","NW_015090842.1:5801670",2,4,2
"CENPN","s1639_F_LS_02_ASEReadCounter.table","NW_015090842.1:5801674",2,4,2
"CENPN","s1639_F_LS_02_ASEReadCounter.table","NW_015090842.1:5801692",2,4,2
"CENPN","s1639_F_LS_02_ASEReadCounter.table","NW_015090842.1:5801697",2,4,2
"CENPN","s1639_F_LS_02_ASEReadCounter.table","NW_015090842.1:5802008",1,1,0
"CENPN","s1639_F_LS_02_ASEReadCounter.table","NW_015090842.1:5802012",1,1,0
"CENPN","s1639_F_LS_02_ASEReadCounter.table","NW_015090842.1:5802087",2,5,3
"CENPN","s1639_F_LS_02_ASEReadCounter.table","NW_015090842.1:5810113",5,5,0
"CENPN","s1639_F_LS_02_ASEReadCounter.table","NW_015090842.1:5810147",11,11,0
"CENPN","s1639_F_LS_02_ASEReadCounter.table","NW_015090842.1:5810148",11,11,0
"ATMIN","s1639_F_LS_02_ASEReadCounter.table","NW_015090842.1:5818789",2,4,2
"ATMIN","s1639_F_LS_02_ASEReadCounter.table","NW_015090842.1:5819958",1,6,5
"ATMIN","s1639_F_LS_02_ASEReadCounter.table","NW_015090842.1:5820004",1,4,3
"ATMIN","s1639_F_LS_02_ASEReadCounter.table","NW_015090842.1:5820217",1,4,3
"ATMIN","s1639_F_LS_02_ASEReadCounter.table","NW_015090842.1:5820250",2,5,3
"ATMIN","s1639_F_LS_02_ASEReadCounter.table","NW_015090842.1:5820298",2,2,0
"ATMIN","s1639_F_LS_02_ASEReadCounter.table","NW_015090842.1:5820417",3,3,0
"ATMIN","s1639_F_LS_02_ASEReadCounter.table","NW_015090842.1:5820421",2,2,0
"ATMIN","s1639_F_LS_02_ASEReadCounter.table","NW_015090842.1:5820448",1,1,0
"ATMIN","s1639_F_LS_02_ASEReadCounter.table","NW_015090842.1:5820457",1,1,0
"ATMIN","s1639_F_LS_02_ASEReadCounter.table","NW_015090842.1:5820510",2,2,0
"ATMIN","s1639_F_LS_02_ASEReadCounter.table","NW_015090842.1:5820673",0,1,1
"ATMIN","s1639_F_LS_02_ASEReadCounter.table","NW_015090842.1:5820754",0,1,1
"ATMIN","s1639_F_LS_02_ASEReadCounter.table","NW_015090842.1:5820820",0,2,2
"ATMIN","s1639_F_LS_02_ASEReadCounter.table","NW_015090842.1:5820865",1,5,4
"ATMIN","s1639_F_LS_02_ASEReadCounter.table","NW_015090842.1:5820889",1,5,4
"ATMIN","s1639_F_LS_02_ASEReadCounter.table","NW_015090842.1:5820891",1,5,4
"ATMIN","s1639_F_LS_02_ASEReadCounter.table","NW_015090842.1:5820997",3,6,3
"ATMIN","s1639_F_LS_02_ASEReadCounter.table","NW_015090842.1:5821063",4,7,3
"ATMIN","s1639_F_LS_02_ASEReadCounter.table","NW_015090842.1:5821132",2,5,3
"ATMIN","s1639_F_LS_02_ASEReadCounter.table","NW_015090842.1:5821645",9,12,3
"ATMIN","s1639_F_LS_02_ASEReadCounter.table","NW_015090842.1:5825066",6,15,9
"ATMIN","s1639_F_LS_02_ASEReadCounter.table","NW_015090842.1:5825106",9,20,11
"ATMIN","s1639_F_LS_02_ASEReadCounter.table","NW_015090842.1:5825122",9,18,9
"ATMIN","s1639_F_LS_02_ASEReadCounter.table","NW_015090842.1:5825178",11,17,6
"ATMIN","s1639_F_LS_02_ASEReadCounter.table","NW_015090842.1:5825194",12,17,5
"ATMIN","s1639_F_LS_02_ASEReadCounter.table","NW_015090842.1:5825195",12,17,5
"ATMIN","s1639_F_LS_02_ASEReadCounter.table","NW_015090842.1:5825220",11,16,5
"ATMIN","s1639_F_LS_02_ASEReadCounter.table","NW_015090842.1:5825240",13,19,6
"ATMIN","s1639_F_LS_02_ASEReadCounter.table","NW_015090842.1:5825303",16,26,10
"ATMIN","s1639_F_LS_02_ASEReadCounter.table","NW_015090842.1:5825304",17,30,13
"ATMIN","s1639_F_LS_02_ASEReadCounter.table","NW_015090842.1:5825310",17,31,14
"ATMIN","s1639_F_LS_02_ASEReadCounter.table","NW_015090842.1:5825406",14,28,14
"ATMIN","s1639_F_LS_02_ASEReadCounter.table","NW_015090842.1:5825415",13,27,14
"ATMIN","s1639_F_LS_02_ASEReadCounter.table","NW_015090842.1:5825438",14,27,13
"ATMIN","s1639_F_LS_02_ASEReadCounter.table","NW_015090842.1:5825485",12,24,12
"ATMIN","s1639_F_LS_02_ASEReadCounter.table","NW_015090842.1:5825524",14,25,11
"ATMIN","s1639_F_LS_02_ASEReadCounter.table","NW_015090842.1:5825557",11,26,15
"ATMIN","s1639_F_LS_02_ASEReadCounter.table","NW_015090842.1:5825571",9,23,14
"ATMIN","s1639_F_LS_02_ASEReadCounter.table","NW_015090842.1:5825579",10,24,14
"ATMIN","s1639_F_LS_02_ASEReadCounter.table","NW_015090842.1:5825590",7,18,11
"ATMIN","s1639_F_LS_02_ASEReadCounter.table","NW_015090842.1:5825689",9,21,12
"ATMIN","s1639_F_LS_02_ASEReadCounter.table","NW_015090842.1:5825703",10,24,14
"ATMIN","s1639_F_LS_02_ASEReadCounter.table","NW_015090842.1:5825787",11,23,12
"ATMIN","s1639_F_LS_02_ASEReadCounter.table","NW_015090842.1:5825833",14,25,11
"ATMIN","s1639_F_LS_02_ASEReadCounter.table","NW_015090842.1:5825841",13,25,12
"ATMIN","s1639_F_LS_02_ASEReadCounter.table","NW_015090842.1:5825895",16,35,19
"ATMIN","s1639_F_LS_02_ASEReadCounter.table","NW_015090842.1:5825984",15,43,28
"ATMIN","s1639_F_LS_02_ASEReadCounter.table","NW_015090842.1:5826162",26,45,19
"ATMIN","s1639_F_LS_02_ASEReadCounter.table","NW_015090842.1:5826194",23,43,20
"ATMIN","s1639_F_LS_02_ASEReadCounter.table","NW_015090842.1:5826235",25,50,25
"ATMIN","s1639_F_LS_02_ASEReadCounter.table","NW_015090842.1:5826245",25,50,25
"ATMIN","s1639_F_LS_02_ASEReadCounter.table","NW_015090842.1:5826335",12,26,14
"ATMIN","s1639_F_LS_02_ASEReadCounter.table","NW_015090842.1:5826417",25,43,18
"ATMIN","s1639_F_LS_02_ASEReadCounter.table","NW_015090842.1:5826431",19,42,23
"ATMIN","s1639_F_LS_02_ASEReadCounter.table","NW_015090842.1:5826438",21,40,19
"ATMIN","s1639_F_LS_02_ASEReadCounter.table","NW_015090842.1:5826463",19,49,30
"ATMIN","s1639_F_LS_02_ASEReadCounter.table","NW_015090842.1:5826502",21,58,37
"ATMIN","s1639_F_LS_02_ASEReadCounter.table","NW_015090842.1:5826511",24,66,42
"ATMIN","s1639_F_LS_02_ASEReadCounter.table","NW_015090842.1:5826659",31,66,35
"ATMIN","s1639_F_LS_02_ASEReadCounter.table","NW_015090842.1:5826701",30,68,38
"ATMIN","s1639_F_LS_02_ASEReadCounter.table","NW_015090842.1:5826702",29,65,36
"ATMIN","s1639_F_LS_02_ASEReadCounter.table","NW_015090842.1:5826732",29,70,41
"ATMIN","s1639_F_LS_02_ASEReadCounter.table","NW_015090842.1:5826745",25,70,45
"ATMIN","s1639_F_LS_02_ASEReadCounter.table","NW_015090842.1:5826835",35,83,48
"ATMIN","s1639_F_LS_02_ASEReadCounter.table","NW_015090842.1:5826942",21,69,48
"ATMIN","s1639_F_LS_02_ASEReadCounter.table","NW_015090842.1:5827193",54,139,85
"ATMIN","s1639_F_LS_02_ASEReadCounter.table","NW_015090842.1:5827196",53,140,87
"ATMIN","s1639_F_LS_02_ASEReadCounter.table","NW_015090842.1:5827269",56,126,70
"ATMIN","s1639_F_LS_02_ASEReadCounter.table","NW_015090842.1:5827315",39,101,62
"ATMIN","s1639_F_LS_02_ASEReadCounter.table","NW_015090842.1:5827316",40,104,64
"ATMIN","s1639_F_LS_02_ASEReadCounter.table","NW_015090842.1:5827333",41,103,62
"PPP1R3E","s1639_F_LS_02_ASEReadCounter.table","NW_015090842.1:5837733",4,6,2
"PPP1R3E","s1639_F_LS_02_ASEReadCounter.table","NW_015090842.1:5837947",0,2,2
"PKD1L2","s1639_F_LS_02_ASEReadCounter.table","NW_015090842.1:5867509",1,1,0
"PKD1L2","s1639_F_LS_02_ASEReadCounter.table","NW_015090842.1:5867597",1,1,0
"PKD1L2","s1639_F_LS_02_ASEReadCounter.table","NW_015090842.1:5867600",1,1,0
"PKD1L2","s1639_F_LS_02_ASEReadCounter.table","NW_015090842.1:5867788",1,1,0
"PKD1L2","s1639_F_LS_02_ASEReadCounter.table","NW_015090842.1:5867843",1,1,0
"BCO1","s1639_F_LS_02_ASEReadCounter.table","NW_015090842.1:5915610",1,1,0
"BCO1","s1639_F_LS_02_ASEReadCounter.table","NW_015090842.1:5915646",1,1,0
"BCO1","s1639_F_LS_02_ASEReadCounter.table","NW_015090842.1:5917836",1,1,0
"BCO1","s1639_F_LS_02_ASEReadCounter.table","NW_015090842.1:5917912",1,1,0
"BCO1","s1639_F_LS_02_ASEReadCounter.table","NW_015090842.1:5917941",1,1,0
"BCO1","s1639_F_LS_02_ASEReadCounter.table","NW_015090842.1:5921679",1,1,0
"BCO1","s1639_F_LS_02_ASEReadCounter.table","NW_015090842.1:5925669",1,1,0
"BCO1","s1639_F_LS_02_ASEReadCounter.table","NW_015090842.1:5926937",0,1,1
"BCO1","s1639_F_LS_02_ASEReadCounter.table","NW_015090842.1:5927921",4,5,1
"BCO1","s1639_F_LS_02_ASEReadCounter.table","NW_015090842.1:5927948",4,4,0
"BCO1","s1639_F_LS_02_ASEReadCounter.table","NW_015090842.1:5927968",5,5,0
"BCO1","s1639_F_LS_02_ASEReadCounter.table","NW_015090842.1:5928052",2,2,0
"BCO1","s1639_F_LS_02_ASEReadCounter.table","NW_015090842.1:5932726",7,7,0
"BCO1","s1639_F_LS_02_ASEReadCounter.table","NW_015090842.1:5932801",3,4,1
"BCO1","s1639_F_LS_02_ASEReadCounter.table","NW_015090842.1:5934558",8,11,3
"BCO1","s1639_F_LS_02_ASEReadCounter.table","NW_015090842.1:5934575",8,12,4
"BCO1","s1639_F_LS_02_ASEReadCounter.table","NW_015090842.1:5934608",9,12,3
"BCO1","s1639_F_LS_02_ASEReadCounter.table","NW_015090842.1:5934647",13,16,3
"BCO1","s1639_F_LS_02_ASEReadCounter.table","NW_015090842.1:5934725",9,13,4
"BCO1","s1639_F_LS_02_ASEReadCounter.table","NW_015090842.1:5934726",9,13,4
"BCO1","s1639_F_LS_02_ASEReadCounter.table","NW_015090842.1:5934733",8,12,4
"BCO1","s1639_F_LS_02_ASEReadCounter.table","NW_015090842.1:5934821",10,12,2
"BCO1","s1639_F_LS_02_ASEReadCounter.table","NW_015090842.1:5934826",9,11,2
"BCO1","s1639_F_LS_02_ASEReadCounter.table","NW_015090842.1:5934844",7,8,1
"BCO1","s1639_F_LS_02_ASEReadCounter.table","NW_015090842.1:5934958",7,11,4
"BCO1","s1639_F_LS_02_ASEReadCounter.table","NW_015090842.1:5934976",6,9,3
"GAN","s1639_F_LS_02_ASEReadCounter.table","NW_015090842.1:5939249",0,1,1
"GAN","s1639_F_LS_02_ASEReadCounter.table","NW_015090842.1:5953759",7,8,1
"GAN","s1639_F_LS_02_ASEReadCounter.table","NW_015090842.1:5957502",2,13,11
"GAN","s1639_F_LS_02_ASEReadCounter.table","NW_015090842.1:5957578",8,24,16
"GAN","s1639_F_LS_02_ASEReadCounter.table","NW_015090842.1:5966047",20,46,26
"GAN","s1639_F_LS_02_ASEReadCounter.table","NW_015090842.1:5966126",17,38,21
"GAN","s1639_F_LS_02_ASEReadCounter.table","NW_015090842.1:5966127",18,40,22
"GAN","s1639_F_LS_02_ASEReadCounter.table","NW_015090842.1:5966162",30,60,30
"GAN","s1639_F_LS_02_ASEReadCounter.table","NW_015090842.1:5966483",59,137,78
"CMIP","s1639_F_LS_02_ASEReadCounter.table","NW_015090842.1:6109159",6,13,7
"CMIP","s1639_F_LS_02_ASEReadCounter.table","NW_015090842.1:6109166",5,12,7
"CMIP","s1639_F_LS_02_ASEReadCounter.table","NW_015090842.1:6114641",14,23,9
"CMIP","s1639_F_LS_02_ASEReadCounter.table","NW_015090842.1:6114751",11,24,13
"CMIP","s1639_F_LS_02_ASEReadCounter.table","NW_015090842.1:6114824",11,21,10
"CMIP","s1639_F_LS_02_ASEReadCounter.table","NW_015090842.1:6126295",43,43,0
"CMIP","s1639_F_LS_02_ASEReadCounter.table","NW_015090842.1:6128998",17,40,23
"CMIP","s1639_F_LS_02_ASEReadCounter.table","NW_015090842.1:6130562",26,59,33
"CMIP","s1639_F_LS_02_ASEReadCounter.table","NW_015090842.1:6132522",27,64,37
"CMIP","s1639_F_LS_02_ASEReadCounter.table","NW_015090842.1:6138265",119,357,238
"CMIP","s1639_F_LS_02_ASEReadCounter.table","NW_015090842.1:6138300",125,370,245
"CMIP","s1639_F_LS_02_ASEReadCounter.table","NW_015090842.1:6138342",92,279,187
"CMIP","s1639_F_LS_02_ASEReadCounter.table","NW_015090842.1:6138343",88,270,182
"CMIP","s1639_F_LS_02_ASEReadCounter.table","NW_015090842.1:6138345",92,280,188
"CMIP","s1639_F_LS_02_ASEReadCounter.table","NW_015090842.1:6138647",55,129,74
"CMIP","s1639_F_LS_02_ASEReadCounter.table","NW_015090842.1:6138745",56,137,81
"CMIP","s1639_F_LS_02_ASEReadCounter.table","NW_015090842.1:6138832",10,59,49
"CMIP","s1639_F_LS_02_ASEReadCounter.table","NW_015090842.1:6138967",58,140,82
"CMIP","s1639_F_LS_02_ASEReadCounter.table","NW_015090842.1:6139131",19,79,60
"CMIP","s1639_F_LS_02_ASEReadCounter.table","NW_015090842.1:6139163",4,64,60
"CMIP","s1639_F_LS_02_ASEReadCounter.table","NW_015090842.1:6139212",96,100,4
"CMIP","s1639_F_LS_02_ASEReadCounter.table","NW_015090842.1:6139360",21,43,22
"CMIP","s1639_F_LS_02_ASEReadCounter.table","NW_015090842.1:6139572",17,40,23
"PLCG2","s1639_F_LS_02_ASEReadCounter.table","NW_015090842.1:6179613",1,3,2
"PLCG2","s1639_F_LS_02_ASEReadCounter.table","NW_015090842.1:6179658",2,3,1
"PLCG2","s1639_F_LS_02_ASEReadCounter.table","NW_015090842.1:6209741",1,1,0
"PLCG2","s1639_F_LS_02_ASEReadCounter.table","NW_015090842.1:6217547",1,4,3
"PLCG2","s1639_F_LS_02_ASEReadCounter.table","NW_015090842.1:6218641",1,2,1
"PLCG2","s1639_F_LS_02_ASEReadCounter.table","NW_015090842.1:6220552",2,3,1
"PLCG2","s1639_F_LS_02_ASEReadCounter.table","NW_015090842.1:6221969",0,1,1
"PLCG2","s1639_F_LS_02_ASEReadCounter.table","NW_015090842.1:6228672",0,1,1
"PLCG2","s1639_F_LS_02_ASEReadCounter.table","NW_015090842.1:6228694",0,1,1
"PLCG2","s1639_F_LS_02_ASEReadCounter.table","NW_015090842.1:6228722",0,1,1
"PLCG2","s1639_F_LS_02_ASEReadCounter.table","NW_015090842.1:6228747",0,1,1
"PLCG2","s1639_F_LS_02_ASEReadCounter.table","NW_015090842.1:6228835",1,2,1
"PLCG2","s1639_F_LS_02_ASEReadCounter.table","NW_015090842.1:6228841",0,1,1
"PLCG2","s1639_F_LS_02_ASEReadCounter.table","NW_015090842.1:6228865",0,2,2
"PLCG2","s1639_F_LS_02_ASEReadCounter.table","NW_015090842.1:6228917",0,3,3
"PLCG2","s1639_F_LS_02_ASEReadCounter.table","NW_015090842.1:6228926",0,2,2
"PLCG2","s1639_F_LS_02_ASEReadCounter.table","NW_015090842.1:6228954",0,2,2
"PLCG2","s1639_F_LS_02_ASEReadCounter.table","NW_015090842.1:6229002",1,2,1
"PLCG2","s1639_F_LS_02_ASEReadCounter.table","NW_015090842.1:6229006",1,2,1
"PLCG2","s1639_F_LS_02_ASEReadCounter.table","NW_015090842.1:6229081",1,1,0
"PLCG2","s1639_F_LS_02_ASEReadCounter.table","NW_015090842.1:6229160",2,3,1
"PLCG2","s1639_F_LS_02_ASEReadCounter.table","NW_015090842.1:6229213",2,3,1
"PLCG2","s1639_F_LS_02_ASEReadCounter.table","NW_015090842.1:6229231",2,3,1
"PLCG2","s1639_F_LS_02_ASEReadCounter.table","NW_015090842.1:6229663",1,1,0
"PLCG2","s1639_F_LS_02_ASEReadCounter.table","NW_015090842.1:6229748",1,1,0
"PLCG2","s1639_F_LS_02_ASEReadCounter.table","NW_015090842.1:6230898",1,1,0
"PLCG2","s1639_F_LS_02_ASEReadCounter.table","NW_015090842.1:6230976",1,1,0
"PLCG2","s1639_F_LS_02_ASEReadCounter.table","NW_015090842.1:6231078",1,1,0
"SDR42E1","s1639_F_LS_02_ASEReadCounter.table","NW_015090842.1:6235292",1,7,6
"SDR42E1","s1639_F_LS_02_ASEReadCounter.table","NW_015090842.1:6235315",1,5,4
"SDR42E1","s1639_F_LS_02_ASEReadCounter.table","NW_015090842.1:6235348",2,11,9
"SDR42E1","s1639_F_LS_02_ASEReadCounter.table","NW_015090842.1:6235355",2,10,8
"SDR42E1","s1639_F_LS_02_ASEReadCounter.table","NW_015090842.1:6235417",4,15,11
"SDR42E1","s1639_F_LS_02_ASEReadCounter.table","NW_015090842.1:6235558",1,6,5
"SDR42E1","s1639_F_LS_02_ASEReadCounter.table","NW_015090842.1:6235741",6,12,6
"SDR42E1","s1639_F_LS_02_ASEReadCounter.table","NW_015090842.1:6235777",6,13,7
"SDR42E1","s1639_F_LS_02_ASEReadCounter.table","NW_015090842.1:6235806",8,16,8
"SDR42E1","s1639_F_LS_02_ASEReadCounter.table","NW_015090842.1:6235809",8,16,8
"SDR42E1","s1639_F_LS_02_ASEReadCounter.table","NW_015090842.1:6235816",8,15,7
"SDR42E1","s1639_F_LS_02_ASEReadCounter.table","NW_015090842.1:6235914",4,11,7
"SDR42E1","s1639_F_LS_02_ASEReadCounter.table","NW_015090842.1:6235935",4,10,6
"SDR42E1","s1639_F_LS_02_ASEReadCounter.table","NW_015090842.1:6235957",2,8,6
"SDR42E1","s1639_F_LS_02_ASEReadCounter.table","NW_015090842.1:6236040",2,7,5
"SDR42E1","s1639_F_LS_02_ASEReadCounter.table","NW_015090842.1:6236260",2,3,1
"SDR42E1","s1639_F_LS_02_ASEReadCounter.table","NW_015090842.1:6236281",3,5,2
"SDR42E1","s1639_F_LS_02_ASEReadCounter.table","NW_015090842.1:6236305",2,6,4
"SDR42E1","s1639_F_LS_02_ASEReadCounter.table","NW_015090842.1:6236458",1,4,3
"SDR42E1","s1639_F_LS_02_ASEReadCounter.table","NW_015090842.1:6236476",2,8,6
"SDR42E1","s1639_F_LS_02_ASEReadCounter.table","NW_015090842.1:6236608",1,9,8
"SDR42E1","s1639_F_LS_02_ASEReadCounter.table","NW_015090842.1:6238244",1,5,4
"SDR42E1","s1639_F_LS_02_ASEReadCounter.table","NW_015090842.1:6238829",0,1,1
"ARY2","s1639_F_LS_02_ASEReadCounter.table","NW_015090842.1:6303922",10,18,8
"ARY2","s1639_F_LS_02_ASEReadCounter.table","NW_015090842.1:6303954",10,18,8
"ARY2","s1639_F_LS_02_ASEReadCounter.table","NW_015090842.1:6303979",12,19,7
"ARY2","s1639_F_LS_02_ASEReadCounter.table","NW_015090842.1:6305848",10,15,5
"ARY2","s1639_F_LS_02_ASEReadCounter.table","NW_015090842.1:6305856",11,16,5
"ARY2","s1639_F_LS_02_ASEReadCounter.table","NW_015090842.1:6305857",11,16,5
"ARY2","s1639_F_LS_02_ASEReadCounter.table","NW_015090842.1:6306017",9,20,11
"ARY2","s1639_F_LS_02_ASEReadCounter.table","NW_015090842.1:6306052",7,16,9
"ARY2","s1639_F_LS_02_ASEReadCounter.table","NW_015090842.1:6306094",11,20,9
"ARY2","s1639_F_LS_02_ASEReadCounter.table","NW_015090842.1:6306100",10,20,10
"ARY2","s1639_F_LS_02_ASEReadCounter.table","NW_015090842.1:6306146",11,22,11
"ARY2","s1639_F_LS_02_ASEReadCounter.table","NW_015090842.1:6306147",11,22,11
"ARY2","s1639_F_LS_02_ASEReadCounter.table","NW_015090842.1:6306390",12,25,13
"ARY2","s1639_F_LS_02_ASEReadCounter.table","NW_015090842.1:6306567",11,24,13
"ARY2","s1639_F_LS_02_ASEReadCounter.table","NW_015090842.1:6306705",11,17,6
"ARY2","s1639_F_LS_02_ASEReadCounter.table","NW_015090842.1:6306773",9,13,4
"ARY2","s1639_F_LS_02_ASEReadCounter.table","NW_015090842.1:6307039",17,18,1
"ARY2","s1639_F_LS_02_ASEReadCounter.table","NW_015090842.1:6307043",15,16,1
"ARY2","s1639_F_LS_02_ASEReadCounter.table","NW_015090842.1:6307093",10,13,3
"ARY2","s1639_F_LS_02_ASEReadCounter.table","NW_015090842.1:6307138",11,19,8
"ARY2","s1639_F_LS_02_ASEReadCounter.table","NW_015090842.1:6307157",16,26,10
"ARY2","s1639_F_LS_02_ASEReadCounter.table","NW_015090842.1:6307187",17,25,8
"ARY2","s1639_F_LS_02_ASEReadCounter.table","NW_015090842.1:6307204",21,28,7
"ARY2","s1639_F_LS_02_ASEReadCounter.table","NW_015090842.1:6307278",17,27,10
"ARY2","s1639_F_LS_02_ASEReadCounter.table","NW_015090842.1:6307305",24,34,10
"ARY2","s1639_F_LS_02_ASEReadCounter.table","NW_015090842.1:6307318",22,32,10
"ARY2","s1639_F_LS_02_ASEReadCounter.table","NW_015090842.1:6307429",22,33,11
"ARY2","s1639_F_LS_02_ASEReadCounter.table","NW_015090842.1:6307487",24,36,12
"ARY2","s1639_F_LS_02_ASEReadCounter.table","NW_015090842.1:6307670",17,23,6
"ARYL","s1639_F_LS_02_ASEReadCounter.table","NW_015090842.1:6313360",4,4,0
"ARYL","s1639_F_LS_02_ASEReadCounter.table","NW_015090842.1:6313377",4,4,0
"ARYL","s1639_F_LS_02_ASEReadCounter.table","NW_015090842.1:6313767",0,1,1
"ARY1","s1639_F_LS_02_ASEReadCounter.table","NW_015090842.1:6314296",1,3,2
"ARY1","s1639_F_LS_02_ASEReadCounter.table","NW_015090842.1:6314541",2,3,1
"ARY1","s1639_F_LS_02_ASEReadCounter.table","NW_015090842.1:6314597",2,2,0
"ARY1","s1639_F_LS_02_ASEReadCounter.table","NW_015090842.1:6314750",1,3,2
"ARY1","s1639_F_LS_02_ASEReadCounter.table","NW_015090842.1:6314794",3,4,1
"ARY1","s1639_F_LS_02_ASEReadCounter.table","NW_015090842.1:6314827",4,5,1
"ARY1","s1639_F_LS_02_ASEReadCounter.table","NW_015090842.1:6314859",5,7,2
"ARY1","s1639_F_LS_02_ASEReadCounter.table","NW_015090842.1:6314886",5,6,1
"ARY1","s1639_F_LS_02_ASEReadCounter.table","NW_015090842.1:6315022",3,4,1
"ARY1","s1639_F_LS_02_ASEReadCounter.table","NW_015090842.1:6315026",2,3,1
"ARY1","s1639_F_LS_02_ASEReadCounter.table","NW_015090842.1:6315043",2,3,1
"ARY1","s1639_F_LS_02_ASEReadCounter.table","NW_015090842.1:6315065",2,3,1
"ARY1","s1639_F_LS_02_ASEReadCounter.table","NW_015090842.1:6315409",0,3,3
"ARY1","s1639_F_LS_02_ASEReadCounter.table","NW_015090842.1:6315479",2,5,3
"ARY1","s1639_F_LS_02_ASEReadCounter.table","NW_015090842.1:6318342",11,12,1
"ARY1","s1639_F_LS_02_ASEReadCounter.table","NW_015090842.1:6318427",13,15,2
"ARY1","s1639_F_LS_02_ASEReadCounter.table","NW_015090842.1:6318603",12,14,2
"ARY1","s1639_F_LS_02_ASEReadCounter.table","NW_015090842.1:6318708",4,9,5
"ARY1","s1639_F_LS_02_ASEReadCounter.table","NW_015090842.1:6318858",10,15,5
"ARY1","s1639_F_LS_02_ASEReadCounter.table","NW_015090842.1:6318952",8,16,8
"MPHOSPH6","s1639_F_LS_02_ASEReadCounter.table","NW_015090842.1:6324063",59,100,41
"MPHOSPH6","s1639_F_LS_02_ASEReadCounter.table","NW_015090842.1:6324174",92,174,82
"MPHOSPH6","s1639_F_LS_02_ASEReadCounter.table","NW_015090842.1:6324270",95,214,119
"MPHOSPH6","s1639_F_LS_02_ASEReadCounter.table","NW_015090842.1:6324762",75,138,63
"MPHOSPH6","s1639_F_LS_02_ASEReadCounter.table","NW_015090842.1:6324780",63,121,58
"MPHOSPH6","s1639_F_LS_02_ASEReadCounter.table","NW_015090842.1:6324902",85,147,62
"MPHOSPH6","s1639_F_LS_02_ASEReadCounter.table","NW_015090842.1:6325066",63,116,53
"MPHOSPH6","s1639_F_LS_02_ASEReadCounter.table","NW_015090842.1:6325089",67,135,68
"MPHOSPH6","s1639_F_LS_02_ASEReadCounter.table","NW_015090842.1:6325877",44,103,59
"MPHOSPH6","s1639_F_LS_02_ASEReadCounter.table","NW_015090842.1:6326976",31,78,47
"CDH13","s1639_F_LS_02_ASEReadCounter.table","NW_015090842.1:6662283",3,8,5
"CDH13","s1639_F_LS_02_ASEReadCounter.table","NW_015090842.1:6693665",4,6,2
"CDH13","s1639_F_LS_02_ASEReadCounter.table","NW_015090842.1:6693697",4,5,1
"CDH13","s1639_F_LS_02_ASEReadCounter.table","NW_015090842.1:6693712",4,4,0
"CDH13","s1639_F_LS_02_ASEReadCounter.table","NW_015090842.1:6693723",4,4,0
"CDH13","s1639_F_LS_02_ASEReadCounter.table","NW_015090842.1:6693738",3,3,0
"CDH13","s1639_F_LS_02_ASEReadCounter.table","NW_015090842.1:6823730",2,7,5
"CDH13","s1639_F_LS_02_ASEReadCounter.table","NW_015090842.1:6889713",5,13,8
"CDH13","s1639_F_LS_02_ASEReadCounter.table","NW_015090842.1:6955167",7,10,3
"MLYCD","s1639_F_LS_02_ASEReadCounter.table","NW_015090842.1:7150054",51,90,39
"MLYCD","s1639_F_LS_02_ASEReadCounter.table","NW_015090842.1:7150131",83,154,71
"MLYCD","s1639_F_LS_02_ASEReadCounter.table","NW_015090842.1:7150585",61,117,56
"MLYCD","s1639_F_LS_02_ASEReadCounter.table","NW_015090842.1:7150686",45,77,32
"MLYCD","s1639_F_LS_02_ASEReadCounter.table","NW_015090842.1:7150696",49,84,35
"MLYCD","s1639_F_LS_02_ASEReadCounter.table","NW_015090842.1:7150869",31,64,33
"MLYCD","s1639_F_LS_02_ASEReadCounter.table","NW_015090842.1:7151100",32,75,43
"MLYCD","s1639_F_LS_02_ASEReadCounter.table","NW_015090842.1:7151127",38,80,42
"MLYCD","s1639_F_LS_02_ASEReadCounter.table","NW_015090842.1:7157538",22,42,20
"MLYCD","s1639_F_LS_02_ASEReadCounter.table","NW_015090842.1:7167662",9,16,7
"MLYCD","s1639_F_LS_02_ASEReadCounter.table","NW_015090842.1:7167675",9,16,7
"MLYCD","s1639_F_LS_02_ASEReadCounter.table","NW_015090842.1:7167710",9,16,7
"MLYCD","s1639_F_LS_02_ASEReadCounter.table","NW_015090842.1:7167781",8,15,7
"MLYCD","s1639_F_LS_02_ASEReadCounter.table","NW_015090842.1:7167803",6,12,6
"MLYCD","s1639_F_LS_02_ASEReadCounter.table","NW_015090842.1:7167812",5,12,7
"MLYCD","s1639_F_LS_02_ASEReadCounter.table","NW_015090842.1:7167845",7,16,9
"MLYCD","s1639_F_LS_02_ASEReadCounter.table","NW_015090842.1:7167862",5,12,7
"MLYCD","s1639_F_LS_02_ASEReadCounter.table","NW_015090842.1:7167929",3,9,6
"MLYCD","s1639_F_LS_02_ASEReadCounter.table","NW_015090842.1:7167995",2,6,4
"MLYCD","s1639_F_LS_02_ASEReadCounter.table","NW_015090842.1:7168005",1,5,4
"MLYCD","s1639_F_LS_02_ASEReadCounter.table","NW_015090842.1:7168037",3,6,3
"HSBP1","s1639_F_LS_02_ASEReadCounter.table","NW_015090842.1:7245192",458,785,327
"HSBP1","s1639_F_LS_02_ASEReadCounter.table","NW_015090842.1:7245226",520,912,392
"HSBP1","s1639_F_LS_02_ASEReadCounter.table","NW_015090842.1:7245257",461,795,334
"HSBP1","s1639_F_LS_02_ASEReadCounter.table","NW_015090842.1:7245296",403,746,343
"HSBP1","s1639_F_LS_02_ASEReadCounter.table","NW_015090842.1:7245389",564,965,401
"HSBP1","s1639_F_LS_02_ASEReadCounter.table","NW_015090842.1:7245400",592,942,350
"HSBP1","s1639_F_LS_02_ASEReadCounter.table","NW_015090842.1:7245445",510,897,387
"HSBP1","s1639_F_LS_02_ASEReadCounter.table","NW_015090842.1:7245495",441,808,367
"HSBP1","s1639_F_LS_02_ASEReadCounter.table","NW_015090842.1:7245733",229,462,233
"HSBP1","s1639_F_LS_02_ASEReadCounter.table","NW_015090842.1:7245771",274,510,236
"HSBP1","s1639_F_LS_02_ASEReadCounter.table","NW_015090842.1:7245813",252,478,226
"HSBP1","s1639_F_LS_02_ASEReadCounter.table","NW_015090842.1:7245926",311,565,254
"HSBP1","s1639_F_LS_02_ASEReadCounter.table","NW_015090842.1:7245927",313,565,252
"HSBP1","s1639_F_LS_02_ASEReadCounter.table","NW_015090842.1:7245933",300,542,242
"HSBP1","s1639_F_LS_02_ASEReadCounter.table","NW_015090842.1:7246002",200,403,203
"HSBP1","s1639_F_LS_02_ASEReadCounter.table","NW_015090842.1:7246094",284,493,209
"HSBP1","s1639_F_LS_02_ASEReadCounter.table","NW_015090842.1:7246167",268,447,179
"HSBP1","s1639_F_LS_02_ASEReadCounter.table","NW_015090842.1:7246183",260,449,189
"HSBP1","s1639_F_LS_02_ASEReadCounter.table","NW_015090842.1:7247285",29,38,9
"HSBP1","s1639_F_LS_02_ASEReadCounter.table","NW_015090842.1:7247651",276,557,281
"HSBP1","s1639_F_LS_02_ASEReadCounter.table","NW_015090842.1:7247657",284,576,292
"HSBP1","s1639_F_LS_02_ASEReadCounter.table","NW_015090842.1:7248520",183,376,193
"HSBP1","s1639_F_LS_02_ASEReadCounter.table","NW_015090842.1:7248535",150,319,169
"WFDC1","s1639_F_LS_02_ASEReadCounter.table","NW_015090842.1:7375828",0,1,1
"WFDC1","s1639_F_LS_02_ASEReadCounter.table","NW_015090842.1:7378036",1,1,0
"WFDC1","s1639_F_LS_02_ASEReadCounter.table","NW_015090842.1:7379125",1,1,0
"WFDC1","s1639_F_LS_02_ASEReadCounter.table","NW_015090842.1:7379576",1,1,0
"WFDC1","s1639_F_LS_02_ASEReadCounter.table","NW_015090842.1:7379596",1,1,0
"WFDC1","s1639_F_LS_02_ASEReadCounter.table","NW_015090842.1:7379626",0,1,1
"WFDC1","s1639_F_LS_02_ASEReadCounter.table","NW_015090842.1:7379631",0,1,1
"WFDC1","s1639_F_LS_02_ASEReadCounter.table","NW_015090842.1:7379632",0,1,1
"WFDC1","s1639_F_LS_02_ASEReadCounter.table","NW_015090842.1:7379652",0,1,1
"WFDC1","s1639_F_LS_02_ASEReadCounter.table","NW_015090842.1:7379669",0,1,1
"WFDC1","s1639_F_LS_02_ASEReadCounter.table","NW_015090842.1:7379674",0,1,1
"WFDC1","s1639_F_LS_02_ASEReadCounter.table","NW_015090842.1:7379821",1,1,0
"WFDC1","s1639_F_LS_02_ASEReadCounter.table","NW_015090842.1:7379840",1,1,0
"WFDC1","s1639_F_LS_02_ASEReadCounter.table","NW_015090842.1:7380060",2,3,1
"WFDC1","s1639_F_LS_02_ASEReadCounter.table","NW_015090842.1:7380136",1,1,0
"WFDC1","s1639_F_LS_02_ASEReadCounter.table","NW_015090842.1:7380150",1,1,0
"WFDC1","s1639_F_LS_02_ASEReadCounter.table","NW_015090842.1:7380237",1,1,0
"WFDC1","s1639_F_LS_02_ASEReadCounter.table","NW_015090842.1:7380261",1,1,0
"WFDC1","s1639_F_LS_02_ASEReadCounter.table","NW_015090842.1:7380491",1,2,1
"WFDC1","s1639_F_LS_02_ASEReadCounter.table","NW_015090842.1:7380567",1,3,2
"WFDC1","s1639_F_LS_02_ASEReadCounter.table","NW_015090842.1:7380672",0,1,1
"WFDC1","s1639_F_LS_02_ASEReadCounter.table","NW_015090842.1:7380721",1,2,1
"WFDC1","s1639_F_LS_02_ASEReadCounter.table","NW_015090842.1:7380743",1,3,2
"WFDC1","s1639_F_LS_02_ASEReadCounter.table","NW_015090842.1:7380878",1,1,0
"WFDC1","s1639_F_LS_02_ASEReadCounter.table","NW_015090842.1:7381127",2,2,0
"WFDC1","s1639_F_LS_02_ASEReadCounter.table","NW_015090842.1:7381195",3,3,0
"WFDC1","s1639_F_LS_02_ASEReadCounter.table","NW_015090842.1:7381253",2,2,0
"WFDC1","s1639_F_LS_02_ASEReadCounter.table","NW_015090842.1:7381378",0,1,1
"WFDC1","s1639_F_LS_02_ASEReadCounter.table","NW_015090842.1:7381433",1,3,2
"WFDC1","s1639_F_LS_02_ASEReadCounter.table","NW_015090842.1:7381434",1,3,2
"WFDC1","s1639_F_LS_02_ASEReadCounter.table","NW_015090842.1:7381442",1,3,2
"WFDC1","s1639_F_LS_02_ASEReadCounter.table","NW_015090842.1:7381517",0,1,1
"WFDC1","s1639_F_LS_02_ASEReadCounter.table","NW_015090842.1:7381520",0,1,1
"ATP2C2","s1639_F_LS_02_ASEReadCounter.table","NW_015090842.1:7392613",0,1,1
"ATP2C2","s1639_F_LS_02_ASEReadCounter.table","NW_015090842.1:7395230",0,1,1
"ATP2C2","s1639_F_LS_02_ASEReadCounter.table","NW_015090842.1:7395366",0,1,1
"ATP2C2","s1639_F_LS_02_ASEReadCounter.table","NW_015090842.1:7397049",0,1,1
"ATP2C2","s1639_F_LS_02_ASEReadCounter.table","NW_015090842.1:7413855",12,21,9
"ATP2C2","s1639_F_LS_02_ASEReadCounter.table","NW_015090842.1:7413869",1,9,8
"ATP2C2","s1639_F_LS_02_ASEReadCounter.table","NW_015090842.1:7413875",1,9,8
"TLDC1","s1639_F_LS_02_ASEReadCounter.table","NW_015090842.1:7421137",10,23,13
"TLDC1","s1639_F_LS_02_ASEReadCounter.table","NW_015090842.1:7421155",9,25,16
"TLDC1","s1639_F_LS_02_ASEReadCounter.table","NW_015090842.1:7421218",13,26,13
"TLDC1","s1639_F_LS_02_ASEReadCounter.table","NW_015090842.1:7421399",10,23,13
"TLDC1","s1639_F_LS_02_ASEReadCounter.table","NW_015090842.1:7421402",10,23,13
"TLDC1","s1639_F_LS_02_ASEReadCounter.table","NW_015090842.1:7421528",11,23,12
"TLDC1","s1639_F_LS_02_ASEReadCounter.table","NW_015090842.1:7421532",10,23,13
"TLDC1","s1639_F_LS_02_ASEReadCounter.table","NW_015090842.1:7421621",12,26,14
"TLDC1","s1639_F_LS_02_ASEReadCounter.table","NW_015090842.1:7421647",14,27,13
"TLDC1","s1639_F_LS_02_ASEReadCounter.table","NW_015090842.1:7421657",13,24,11
"TLDC1","s1639_F_LS_02_ASEReadCounter.table","NW_015090842.1:7421693",15,26,11
"TLDC1","s1639_F_LS_02_ASEReadCounter.table","NW_015090842.1:7421796",11,24,13
"TLDC1","s1639_F_LS_02_ASEReadCounter.table","NW_015090842.1:7421810",13,28,15
"TLDC1","s1639_F_LS_02_ASEReadCounter.table","NW_015090842.1:7421833",15,29,14
"TLDC1","s1639_F_LS_02_ASEReadCounter.table","NW_015090842.1:7421879",22,35,13
"TLDC1","s1639_F_LS_02_ASEReadCounter.table","NW_015090842.1:7421914",20,37,17
"TLDC1","s1639_F_LS_02_ASEReadCounter.table","NW_015090842.1:7421969",11,27,16
"TLDC1","s1639_F_LS_02_ASEReadCounter.table","NW_015090842.1:7422015",7,20,13
"TLDC1","s1639_F_LS_02_ASEReadCounter.table","NW_015090842.1:7422042",11,29,18
"TLDC1","s1639_F_LS_02_ASEReadCounter.table","NW_015090842.1:7422230",13,22,9
"TLDC1","s1639_F_LS_02_ASEReadCounter.table","NW_015090842.1:7423349",15,27,12
"TLDC1","s1639_F_LS_02_ASEReadCounter.table","NW_015090842.1:7423362",15,28,13
"TLDC1","s1639_F_LS_02_ASEReadCounter.table","NW_015090842.1:7426091",10,18,8
"TLDC1","s1639_F_LS_02_ASEReadCounter.table","NW_015090842.1:7426485",6,13,7
"TLDC1","s1639_F_LS_02_ASEReadCounter.table","NW_015090842.1:7427211",9,17,8
"TLDC1","s1639_F_LS_02_ASEReadCounter.table","NW_015090842.1:7428179",6,11,5
"COTL1","s1639_F_LS_02_ASEReadCounter.table","NW_015090842.1:7490744",703,1781,1078
"COTL1","s1639_F_LS_02_ASEReadCounter.table","NW_015090842.1:7491051",438,1087,649
"COTL1","s1639_F_LS_02_ASEReadCounter.table","NW_015090842.1:7491124",437,976,539
"COTL1","s1639_F_LS_02_ASEReadCounter.table","NW_015090842.1:7491418",240,538,298
"COTL1","s1639_F_LS_02_ASEReadCounter.table","NW_015090842.1:7491539",190,430,240
"COTL1","s1639_F_LS_02_ASEReadCounter.table","NW_015090842.1:7491585",333,681,348
"COTL1","s1639_F_LS_02_ASEReadCounter.table","NW_015090842.1:7491586",329,709,380
"COTL1","s1639_F_LS_02_ASEReadCounter.table","NW_015090842.1:7491646",357,805,448
"COTL1","s1639_F_LS_02_ASEReadCounter.table","NW_015090842.1:7491747",258,577,319
"COTL1","s1639_F_LS_02_ASEReadCounter.table","NW_015090842.1:7491803",217,522,305
"COTL1","s1639_F_LS_02_ASEReadCounter.table","NW_015090842.1:7506078",1,1,0
"KLHL36","s1639_F_LS_02_ASEReadCounter.table","NW_015090842.1:7514700",25,40,15
"KLHL36","s1639_F_LS_02_ASEReadCounter.table","NW_015090842.1:7519691",2,4,2
"KLHL36","s1639_F_LS_02_ASEReadCounter.table","NW_015090842.1:7519696",2,4,2
"KLHL36","s1639_F_LS_02_ASEReadCounter.table","NW_015090842.1:7526160",19,36,17
"KLHL36","s1639_F_LS_02_ASEReadCounter.table","NW_015090842.1:7526469",11,31,20
"KLHL36","s1639_F_LS_02_ASEReadCounter.table","NW_015090842.1:7526587",9,27,18
"KLHL36","s1639_F_LS_02_ASEReadCounter.table","NW_015090842.1:7526997",15,28,13
"KLHL36","s1639_F_LS_02_ASEReadCounter.table","NW_015090842.1:7527142",14,26,12
"KLHL36","s1639_F_LS_02_ASEReadCounter.table","NW_015090842.1:7535174",28,60,32
"KLHL36","s1639_F_LS_02_ASEReadCounter.table","NW_015090842.1:7535384",28,53,25
"KLHL36","s1639_F_LS_02_ASEReadCounter.table","NW_015090842.1:7535420",29,57,28
"KLHL36","s1639_F_LS_02_ASEReadCounter.table","NW_015090842.1:7535545",17,37,20
"KLHL36","s1639_F_LS_02_ASEReadCounter.table","NW_015090842.1:7535829",21,35,14
"KLHL36","s1639_F_LS_02_ASEReadCounter.table","NW_015090842.1:7535977",25,43,18
"KLHL36","s1639_F_LS_02_ASEReadCounter.table","NW_015090842.1:7536010",24,37,13
"KLHL36","s1639_F_LS_02_ASEReadCounter.table","NW_015090842.1:7536051",25,37,12
"KLHL36","s1639_F_LS_02_ASEReadCounter.table","NW_015090842.1:7536096",22,37,15
"KLHL36","s1639_F_LS_02_ASEReadCounter.table","NW_015090842.1:7536135",27,48,21
"KLHL36","s1639_F_LS_02_ASEReadCounter.table","NW_015090842.1:7536136",27,48,21
"KLHL36","s1639_F_LS_02_ASEReadCounter.table","NW_015090842.1:7536160",33,59,26
"KLHL36","s1639_F_LS_02_ASEReadCounter.table","NW_015090842.1:7536336",30,51,21
"KLHL36","s1639_F_LS_02_ASEReadCounter.table","NW_015090842.1:7536352",29,53,24
"KLHL36","s1639_F_LS_02_ASEReadCounter.table","NW_015090842.1:7536412",15,43,28
"KLHL36","s1639_F_LS_02_ASEReadCounter.table","NW_015090842.1:7536418",16,44,28
"KLHL36","s1639_F_LS_02_ASEReadCounter.table","NW_015090842.1:7536465",20,49,29
"KLHL36","s1639_F_LS_02_ASEReadCounter.table","NW_015090842.1:7536466",20,50,30
"KLHL36","s1639_F_LS_02_ASEReadCounter.table","NW_015090842.1:7536553",30,53,23
"KLHL36","s1639_F_LS_02_ASEReadCounter.table","NW_015090842.1:7536698",24,52,28
"KLHL36","s1639_F_LS_02_ASEReadCounter.table","NW_015090842.1:7536713",14,41,27
"KLHL36","s1639_F_LS_02_ASEReadCounter.table","NW_015090842.1:7536720",25,41,16
"KLHL36","s1639_F_LS_02_ASEReadCounter.table","NW_015090842.1:7536791",30,44,14
"KLHL36","s1639_F_LS_02_ASEReadCounter.table","NW_015090842.1:7536849",28,49,21
"KLHL36","s1639_F_LS_02_ASEReadCounter.table","NW_015090842.1:7536872",31,57,26
"KLHL36","s1639_F_LS_02_ASEReadCounter.table","NW_015090842.1:7536878",34,55,21
"KLHL36","s1639_F_LS_02_ASEReadCounter.table","NW_015090842.1:7536916",27,48,21
"KLHL36","s1639_F_LS_02_ASEReadCounter.table","NW_015090842.1:7536927",30,60,30
"KLHL36","s1639_F_LS_02_ASEReadCounter.table","NW_015090842.1:7537315",52,100,48
"KLHL36","s1639_F_LS_02_ASEReadCounter.table","NW_015090842.1:7537352",49,90,41
"KLHL36","s1639_F_LS_02_ASEReadCounter.table","NW_015090842.1:7537631",40,85,45
"KLHL36","s1639_F_LS_02_ASEReadCounter.table","NW_015090842.1:7537830",80,144,64
"KLHL36","s1639_F_LS_02_ASEReadCounter.table","NW_015090842.1:7537838",69,140,71
"KLHL36","s1639_F_LS_02_ASEReadCounter.table","NW_015090842.1:7538153",62,133,71
"KLHL36","s1639_F_LS_02_ASEReadCounter.table","NW_015090842.1:7538256",40,110,70
"KLHL36","s1639_F_LS_02_ASEReadCounter.table","NW_015090842.1:7538265",41,103,62
"KLHL36","s1639_F_LS_02_ASEReadCounter.table","NW_015090842.1:7538300",51,126,75
"USP10","s1639_F_LS_02_ASEReadCounter.table","NW_015090842.1:7563972",1,4,3
"USP10","s1639_F_LS_02_ASEReadCounter.table","NW_015090842.1:7571816",9,19,10
"USP10","s1639_F_LS_02_ASEReadCounter.table","NW_015090842.1:7571993",14,20,6
"USP10","s1639_F_LS_02_ASEReadCounter.table","NW_015090842.1:7572580",16,28,12
"USP10","s1639_F_LS_02_ASEReadCounter.table","NW_015090842.1:7587372",60,117,57
"CRISPLD2","s1639_F_LS_02_ASEReadCounter.table","NW_015090842.1:7604605",2,2,0
"CRISPLD2","s1639_F_LS_02_ASEReadCounter.table","NW_015090842.1:7609844",2,2,0
"CRISPLD2","s1639_F_LS_02_ASEReadCounter.table","NW_015090842.1:7609845",2,2,0
"CRISPLD2","s1639_F_LS_02_ASEReadCounter.table","NW_015090842.1:7617757",1,1,0
"CRISPLD2","s1639_F_LS_02_ASEReadCounter.table","NW_015090842.1:7617781",1,1,0
"CRISPLD2","s1639_F_LS_02_ASEReadCounter.table","NW_015090842.1:7617790",1,1,0
"CRISPLD2","s1639_F_LS_02_ASEReadCounter.table","NW_015090842.1:7625451",1,2,1
"CRISPLD2","s1639_F_LS_02_ASEReadCounter.table","NW_015090842.1:7626214",2,3,1
"CRISPLD2","s1639_F_LS_02_ASEReadCounter.table","NW_015090842.1:7630784",2,2,0
"CRISPLD2","s1639_F_LS_02_ASEReadCounter.table","NW_015090842.1:7630823",1,2,1
"CRISPLD2","s1639_F_LS_02_ASEReadCounter.table","NW_015090842.1:7633172",4,5,1
"CRISPLD2","s1639_F_LS_02_ASEReadCounter.table","NW_015090842.1:7633326",5,7,2
"CRISPLD2","s1639_F_LS_02_ASEReadCounter.table","NW_015090842.1:7633336",5,7,2
"CRISPLD2","s1639_F_LS_02_ASEReadCounter.table","NW_015090842.1:7633381",3,3,0
"CRISPLD2","s1639_F_LS_02_ASEReadCounter.table","NW_015090842.1:7633388",3,3,0
"CRISPLD2","s1639_F_LS_02_ASEReadCounter.table","NW_015090842.1:7633400",3,4,1
"CRISPLD2","s1639_F_LS_02_ASEReadCounter.table","NW_015090842.1:7633486",5,6,1
"CRISPLD2","s1639_F_LS_02_ASEReadCounter.table","NW_015090842.1:7633503",4,4,0
"CRISPLD2","s1639_F_LS_02_ASEReadCounter.table","NW_015090842.1:7633504",4,4,0
"CRISPLD2","s1639_F_LS_02_ASEReadCounter.table","NW_015090842.1:7633557",4,6,2
"CRISPLD2","s1639_F_LS_02_ASEReadCounter.table","NW_015090842.1:7633571",2,4,2
"CRISPLD2","s1639_F_LS_02_ASEReadCounter.table","NW_015090842.1:7633588",2,4,2
"CRISPLD2","s1639_F_LS_02_ASEReadCounter.table","NW_015090842.1:7633617",3,4,1
"CRISPLD2","s1639_F_LS_02_ASEReadCounter.table","NW_015090842.1:7633695",4,5,1
"CRISPLD2","s1639_F_LS_02_ASEReadCounter.table","NW_015090842.1:7633721",2,3,1
"CRISPLD2","s1639_F_LS_02_ASEReadCounter.table","NW_015090842.1:7633910",1,1,0
"CRISPLD2","s1639_F_LS_02_ASEReadCounter.table","NW_015090842.1:7634142",1,1,0
"CRISPLD2","s1639_F_LS_02_ASEReadCounter.table","NW_015090842.1:7634417",1,1,0
"CRISPLD2","s1639_F_LS_02_ASEReadCounter.table","NW_015090842.1:7634852",1,1,0
"CRISPLD2","s1639_F_LS_02_ASEReadCounter.table","NW_015090842.1:7635009",4,4,0
"CRISPLD2","s1639_F_LS_02_ASEReadCounter.table","NW_015090842.1:7635208",7,7,0
"CRISPLD2","s1639_F_LS_02_ASEReadCounter.table","NW_015090842.1:7635373",6,8,2
"CRISPLD2","s1639_F_LS_02_ASEReadCounter.table","NW_015090842.1:7635525",4,5,1
"CRISPLD2","s1639_F_LS_02_ASEReadCounter.table","NW_015090842.1:7635583",1,2,1
"CRISPLD2","s1639_F_LS_02_ASEReadCounter.table","NW_015090842.1:7635924",3,3,0
"LOC106888312","s1639_F_LS_02_ASEReadCounter.table","NW_015090842.1:7727001",0,1,1
"LOC106888312","s1639_F_LS_02_ASEReadCounter.table","NW_015090842.1:7727961",0,1,1
"LOC106888312","s1639_F_LS_02_ASEReadCounter.table","NW_015090842.1:7732538",1,1,0
"LOC106888312","s1639_F_LS_02_ASEReadCounter.table","NW_015090842.1:7732548",1,1,0
"LOC106888312","s1639_F_LS_02_ASEReadCounter.table","NW_015090842.1:7732576",1,1,0
"LOC106888312","s1639_F_LS_02_ASEReadCounter.table","NW_015090842.1:7732580",1,1,0
"LOC106888312","s1639_F_LS_02_ASEReadCounter.table","NW_015090842.1:7732860",1,1,0
"LOC106888312","s1639_F_LS_02_ASEReadCounter.table","NW_015090842.1:7732861",1,1,0
"LOC106888312","s1639_F_LS_02_ASEReadCounter.table","NW_015090842.1:7732918",1,1,0
"LOC106888312","s1639_F_LS_02_ASEReadCounter.table","NW_015090842.1:7733299",1,2,1
"LOC106888312","s1639_F_LS_02_ASEReadCounter.table","NW_015090842.1:7733674",1,1,0
"ZDHHC7","s1639_F_LS_02_ASEReadCounter.table","NW_015090842.1:7737199",21,41,20
"ZDHHC7","s1639_F_LS_02_ASEReadCounter.table","NW_015090842.1:7737332",17,34,17
"ZDHHC7","s1639_F_LS_02_ASEReadCounter.table","NW_015090842.1:7737553",21,50,29
"ZDHHC7","s1639_F_LS_02_ASEReadCounter.table","NW_015090842.1:7737920",14,27,13
"ZDHHC7","s1639_F_LS_02_ASEReadCounter.table","NW_015090842.1:7737953",15,26,11
"ZDHHC7","s1639_F_LS_02_ASEReadCounter.table","NW_015090842.1:7737987",15,27,12
"ZDHHC7","s1639_F_LS_02_ASEReadCounter.table","NW_015090842.1:7738068",13,21,8
"ZDHHC7","s1639_F_LS_02_ASEReadCounter.table","NW_015090842.1:7738204",10,15,5
"LOC106888097","s1639_F_LS_02_ASEReadCounter.table","NW_015090842.1:7767178",1,3,2
"LOC106888097","s1639_F_LS_02_ASEReadCounter.table","NW_015090842.1:7767187",1,3,2
"LOC106888097","s1639_F_LS_02_ASEReadCounter.table","NW_015090842.1:7768144",1,5,4
"LOC106888097","s1639_F_LS_02_ASEReadCounter.table","NW_015090842.1:7768196",1,3,2
"LOC106888097","s1639_F_LS_02_ASEReadCounter.table","NW_015090842.1:7769884",5,10,5
"LOC106888097","s1639_F_LS_02_ASEReadCounter.table","NW_015090842.1:7769893",5,10,5
"LOC106888097","s1639_F_LS_02_ASEReadCounter.table","NW_015090842.1:7770245",8,13,5
"LOC106888097","s1639_F_LS_02_ASEReadCounter.table","NW_015090842.1:7772402",8,19,11
"LOC106888097","s1639_F_LS_02_ASEReadCounter.table","NW_015090842.1:7772483",12,23,11
"LOC106888097","s1639_F_LS_02_ASEReadCounter.table","NW_015090842.1:7772490",12,24,12
"LOC106888097","s1639_F_LS_02_ASEReadCounter.table","NW_015090842.1:7774281",11,29,18
"LOC106888097","s1639_F_LS_02_ASEReadCounter.table","NW_015090842.1:7774552",25,68,43
"LOC106888097","s1639_F_LS_02_ASEReadCounter.table","NW_015090842.1:7774564",23,67,44
"LOC106888097","s1639_F_LS_02_ASEReadCounter.table","NW_015090842.1:7774611",14,53,39
"LOC106888097","s1639_F_LS_02_ASEReadCounter.table","NW_015090842.1:7774681",27,67,40
"LOC106888097","s1639_F_LS_02_ASEReadCounter.table","NW_015090842.1:7774698",24,61,37
"LOC106888097","s1639_F_LS_02_ASEReadCounter.table","NW_015090842.1:7774730",11,37,26
"LOC106888097","s1639_F_LS_02_ASEReadCounter.table","NW_015090842.1:7774778",1,3,2
"LOC106888097","s1639_F_LS_02_ASEReadCounter.table","NW_015090842.1:7774793",1,3,2
"FOXL1","s1639_F_LS_02_ASEReadCounter.table","NW_015090842.1:8113043",0,1,1
"FOXC2","s1639_F_LS_02_ASEReadCounter.table","NW_015090842.1:8129599",1,3,2
"FOXC2","s1639_F_LS_02_ASEReadCounter.table","NW_015090842.1:8129616",2,5,3
"FOXC2","s1639_F_LS_02_ASEReadCounter.table","NW_015090842.1:8129715",2,2,0
"FOXC2","s1639_F_LS_02_ASEReadCounter.table","NW_015090842.1:8129719",2,2,0
"FOXC2","s1639_F_LS_02_ASEReadCounter.table","NW_015090842.1:8130244",1,2,1
"FOXC2","s1639_F_LS_02_ASEReadCounter.table","NW_015090842.1:8130547",0,1,1
"FOXC2","s1639_F_LS_02_ASEReadCounter.table","NW_015090842.1:8130550",0,1,1
"FOXC2","s1639_F_LS_02_ASEReadCounter.table","NW_015090842.1:8130573",0,1,1
"FOXC2","s1639_F_LS_02_ASEReadCounter.table","NW_015090842.1:8130575",0,1,1
"MTHFSD","s1639_F_LS_02_ASEReadCounter.table","NW_015090842.1:8140051",6,14,8
"MTHFSD","s1639_F_LS_02_ASEReadCounter.table","NW_015090842.1:8142923",12,34,22
"MTHFSD","s1639_F_LS_02_ASEReadCounter.table","NW_015090842.1:8143029",12,34,22
"MTHFSD","s1639_F_LS_02_ASEReadCounter.table","NW_015090842.1:8152035",13,34,21
"MTHFSD","s1639_F_LS_02_ASEReadCounter.table","NW_015090842.1:8152315",8,25,17
"MTHFSD","s1639_F_LS_02_ASEReadCounter.table","NW_015090842.1:8152511",15,28,13
"MTHFSD","s1639_F_LS_02_ASEReadCounter.table","NW_015090842.1:8152518",14,28,14
"MTHFSD","s1639_F_LS_02_ASEReadCounter.table","NW_015090842.1:8152553",12,22,10
"MTHFSD","s1639_F_LS_02_ASEReadCounter.table","NW_015090842.1:8152773",12,27,15
"MTHFSD","s1639_F_LS_02_ASEReadCounter.table","NW_015090842.1:8152805",9,22,13
"IRF8","s1639_F_LS_02_ASEReadCounter.table","NW_015090842.1:8406652",6,16,10
"IRF8","s1639_F_LS_02_ASEReadCounter.table","NW_015090842.1:8406703",8,13,5
"IRF8","s1639_F_LS_02_ASEReadCounter.table","NW_015090842.1:8406704",8,13,5
"IRF8","s1639_F_LS_02_ASEReadCounter.table","NW_015090842.1:8406757",12,21,9
"IRF8","s1639_F_LS_02_ASEReadCounter.table","NW_015090842.1:8406778",12,22,10
"IRF8","s1639_F_LS_02_ASEReadCounter.table","NW_015090842.1:8406819",9,20,11
"IRF8","s1639_F_LS_02_ASEReadCounter.table","NW_015090842.1:8406941",8,17,9
"IRF8","s1639_F_LS_02_ASEReadCounter.table","NW_015090842.1:8407008",6,13,7
"IRF8","s1639_F_LS_02_ASEReadCounter.table","NW_015090842.1:8407057",6,14,8
"IRF8","s1639_F_LS_02_ASEReadCounter.table","NW_015090842.1:8407064",6,13,7
"IRF8","s1639_F_LS_02_ASEReadCounter.table","NW_015090842.1:8407069",6,14,8
"IRF8","s1639_F_LS_02_ASEReadCounter.table","NW_015090842.1:8407120",7,11,4
"IRF8","s1639_F_LS_02_ASEReadCounter.table","NW_015090842.1:8407157",8,12,4
"IRF8","s1639_F_LS_02_ASEReadCounter.table","NW_015090842.1:8407203",7,11,4
"IRF8","s1639_F_LS_02_ASEReadCounter.table","NW_015090842.1:8407272",6,13,7
"IRF8","s1639_F_LS_02_ASEReadCounter.table","NW_015090842.1:8407276",6,13,7
"IRF8","s1639_F_LS_02_ASEReadCounter.table","NW_015090842.1:8407303",8,16,8
"IRF8","s1639_F_LS_02_ASEReadCounter.table","NW_015090842.1:8407451",3,8,5
"IRF8","s1639_F_LS_02_ASEReadCounter.table","NW_015090842.1:8407456",2,6,4
"IRF8","s1639_F_LS_02_ASEReadCounter.table","NW_015090842.1:8408564",5,10,5
"IRF8","s1639_F_LS_02_ASEReadCounter.table","NW_015090842.1:8408585",9,9,0
"IRF8","s1639_F_LS_02_ASEReadCounter.table","NW_015090842.1:8408973",3,7,4
"IRF8","s1639_F_LS_02_ASEReadCounter.table","NW_015090842.1:8409060",3,5,2
"IRF8","s1639_F_LS_02_ASEReadCounter.table","NW_015090842.1:8409065",2,4,2
"IRF8","s1639_F_LS_02_ASEReadCounter.table","NW_015090842.1:8409254",1,4,3
"IRF8","s1639_F_LS_02_ASEReadCounter.table","NW_015090842.1:8409255",1,4,3
"IRF8","s1639_F_LS_02_ASEReadCounter.table","NW_015090842.1:8409258",1,4,3
"IRF8","s1639_F_LS_02_ASEReadCounter.table","NW_015090842.1:8409312",2,3,1
"IRF8","s1639_F_LS_02_ASEReadCounter.table","NW_015090842.1:8410216",1,3,2
"IRF8","s1639_F_LS_02_ASEReadCounter.table","NW_015090842.1:8410237",1,2,1
"IRF8","s1639_F_LS_02_ASEReadCounter.table","NW_015090842.1:8410276",2,2,0
"IRF8","s1639_F_LS_02_ASEReadCounter.table","NW_015090842.1:8410813",4,4,0
"IRF8","s1639_F_LS_02_ASEReadCounter.table","NW_015090842.1:8410861",4,6,2
"IRF8","s1639_F_LS_02_ASEReadCounter.table","NW_015090842.1:8411940",3,4,1
"IRF8","s1639_F_LS_02_ASEReadCounter.table","NW_015090842.1:8412006",4,4,0
"IRF8","s1639_F_LS_02_ASEReadCounter.table","NW_015090842.1:8412042",4,4,0
"DUSP15","s1639_F_LS_02_ASEReadCounter.table","NW_015090842.1:8422787",0,1,1
"DUSP15","s1639_F_LS_02_ASEReadCounter.table","NW_015090842.1:8422832",0,1,1
"COX4I1","s1639_F_LS_02_ASEReadCounter.table","NW_015090842.1:8442258",922,1792,870
"COX4I1","s1639_F_LS_02_ASEReadCounter.table","NW_015090842.1:8442333",705,1373,668
"EMC8","s1639_F_LS_02_ASEReadCounter.table","NW_015090842.1:8444046",31,70,39
"EMC8","s1639_F_LS_02_ASEReadCounter.table","NW_015090842.1:8444064",27,55,28
"EMC8","s1639_F_LS_02_ASEReadCounter.table","NW_015090842.1:8452029",29,75,46
"EMC8","s1639_F_LS_02_ASEReadCounter.table","NW_015090842.1:8452116",32,75,43
"EMC8","s1639_F_LS_02_ASEReadCounter.table","NW_015090842.1:8452121",33,79,46
"EMC8","s1639_F_LS_02_ASEReadCounter.table","NW_015090842.1:8452222",25,53,28
"EMC8","s1639_F_LS_02_ASEReadCounter.table","NW_015090842.1:8452244",35,64,29
"EMC8","s1639_F_LS_02_ASEReadCounter.table","NW_015090842.1:8452477",17,29,12
"EMC8","s1639_F_LS_02_ASEReadCounter.table","NW_015090842.1:8452498",14,26,12
"EMC8","s1639_F_LS_02_ASEReadCounter.table","NW_015090842.1:8452535",8,12,4
"EMC8","s1639_F_LS_02_ASEReadCounter.table","NW_015090842.1:8452575",7,13,6
"EMC8","s1639_F_LS_02_ASEReadCounter.table","NW_015090842.1:8452600",11,19,8
"EMC8","s1639_F_LS_02_ASEReadCounter.table","NW_015090842.1:8452616",15,24,9
"EMC8","s1639_F_LS_02_ASEReadCounter.table","NW_015090842.1:8452630",12,19,7
"EMC8","s1639_F_LS_02_ASEReadCounter.table","NW_015090842.1:8452650",12,21,9
"EMC8","s1639_F_LS_02_ASEReadCounter.table","NW_015090842.1:8452678",12,26,14
"EMC8","s1639_F_LS_02_ASEReadCounter.table","NW_015090842.1:8452724",7,18,11
"EMC8","s1639_F_LS_02_ASEReadCounter.table","NW_015090842.1:8452731",7,18,11
"EMC8","s1639_F_LS_02_ASEReadCounter.table","NW_015090842.1:8452743",8,20,12
"EMC8","s1639_F_LS_02_ASEReadCounter.table","NW_015090842.1:8452750",5,21,16
"EMC8","s1639_F_LS_02_ASEReadCounter.table","NW_015090842.1:8452778",10,23,13
"EMC8","s1639_F_LS_02_ASEReadCounter.table","NW_015090842.1:8452783",9,23,14
"EMC8","s1639_F_LS_02_ASEReadCounter.table","NW_015090842.1:8452800",17,29,12
"EMC8","s1639_F_LS_02_ASEReadCounter.table","NW_015090842.1:8452804",17,31,14
"EMC8","s1639_F_LS_02_ASEReadCounter.table","NW_015090842.1:8452812",13,28,15
"EMC8","s1639_F_LS_02_ASEReadCounter.table","NW_015090842.1:8452858",16,29,13
"EMC8","s1639_F_LS_02_ASEReadCounter.table","NW_015090842.1:8452906",26,40,14
"EMC8","s1639_F_LS_02_ASEReadCounter.table","NW_015090842.1:8452913",27,44,17
"EMC8","s1639_F_LS_02_ASEReadCounter.table","NW_015090842.1:8453000",32,56,24
"EMC8","s1639_F_LS_02_ASEReadCounter.table","NW_015090842.1:8453007",31,56,25
"EMC8","s1639_F_LS_02_ASEReadCounter.table","NW_015090842.1:8453058",26,52,26
"EMC8","s1639_F_LS_02_ASEReadCounter.table","NW_015090842.1:8453106",23,50,27
"GINS2","s1639_F_LS_02_ASEReadCounter.table","NW_015090842.1:8466420",7,7,0
"GINS2","s1639_F_LS_02_ASEReadCounter.table","NW_015090842.1:8466424",8,8,0
"GINS2","s1639_F_LS_02_ASEReadCounter.table","NW_015090842.1:8466518",5,6,1
"GINS2","s1639_F_LS_02_ASEReadCounter.table","NW_015090842.1:8468482",17,21,4
"GINS2","s1639_F_LS_02_ASEReadCounter.table","NW_015090842.1:8470290",15,18,3
"GINS2","s1639_F_LS_02_ASEReadCounter.table","NW_015090842.1:8470305",19,23,4
"GINS2","s1639_F_LS_02_ASEReadCounter.table","NW_015090842.1:8470381",18,21,3
"GINS2","s1639_F_LS_02_ASEReadCounter.table","NW_015090842.1:8470418",18,22,4
"GINS2","s1639_F_LS_02_ASEReadCounter.table","NW_015090842.1:8470421",17,21,4
"GINS2","s1639_F_LS_02_ASEReadCounter.table","NW_015090842.1:8470430",14,17,3
"GINS2","s1639_F_LS_02_ASEReadCounter.table","NW_015090842.1:8470433",14,17,3
"GINS2","s1639_F_LS_02_ASEReadCounter.table","NW_015090842.1:8470457",7,9,2
"GINS2","s1639_F_LS_02_ASEReadCounter.table","NW_015090842.1:8470491",7,9,2
"GINS2","s1639_F_LS_02_ASEReadCounter.table","NW_015090842.1:8470548",17,20,3
"GINS2","s1639_F_LS_02_ASEReadCounter.table","NW_015090842.1:8470649",13,15,2
"GSE1","s1639_F_LS_02_ASEReadCounter.table","NW_015090842.1:8475362",56,104,48
"GSE1","s1639_F_LS_02_ASEReadCounter.table","NW_015090842.1:8475961",29,37,8
"GSE1","s1639_F_LS_02_ASEReadCounter.table","NW_015090842.1:8476027",24,38,14
"GSE1","s1639_F_LS_02_ASEReadCounter.table","NW_015090842.1:8476159",11,14,3
"GSE1","s1639_F_LS_02_ASEReadCounter.table","NW_015090842.1:8477442",0,15,15
"GSE1","s1639_F_LS_02_ASEReadCounter.table","NW_015090842.1:8477448",0,15,15
"GSE1","s1639_F_LS_02_ASEReadCounter.table","NW_015090842.1:8477662",1,3,2
"GSE1","s1639_F_LS_02_ASEReadCounter.table","NW_015090842.1:8477933",10,24,14
"GSE1","s1639_F_LS_02_ASEReadCounter.table","NW_015090842.1:8477945",10,23,13
"GSE1","s1639_F_LS_02_ASEReadCounter.table","NW_015090842.1:8483272",1,10,9
"GSE1","s1639_F_LS_02_ASEReadCounter.table","NW_015090842.1:8483367",1,3,2
"GSE1","s1639_F_LS_02_ASEReadCounter.table","NW_015090842.1:8483411",3,5,2
"GSE1","s1639_F_LS_02_ASEReadCounter.table","NW_015090842.1:8483756",1,8,7
"GSE1","s1639_F_LS_02_ASEReadCounter.table","NW_015090842.1:8486867",10,24,14
"GSE1","s1639_F_LS_02_ASEReadCounter.table","NW_015090842.1:8486939",11,24,13
"GSE1","s1639_F_LS_02_ASEReadCounter.table","NW_015090842.1:8486945",10,25,15
"GSE1","s1639_F_LS_02_ASEReadCounter.table","NW_015090842.1:8486993",6,19,13
"GSE1","s1639_F_LS_02_ASEReadCounter.table","NW_015090842.1:8487062",12,22,10
"GSE1","s1639_F_LS_02_ASEReadCounter.table","NW_015090842.1:8488065",8,14,6
"GSE1","s1639_F_LS_02_ASEReadCounter.table","NW_015090842.1:8488457",8,9,1
"GSE1","s1639_F_LS_02_ASEReadCounter.table","NW_015090842.1:8488463",9,11,2
"GSE1","s1639_F_LS_02_ASEReadCounter.table","NW_015090842.1:8488490",10,10,0
"GSE1","s1639_F_LS_02_ASEReadCounter.table","NW_015090842.1:8488505",9,14,5
"GSE1","s1639_F_LS_02_ASEReadCounter.table","NW_015090842.1:8490180",0,14,14
"KIAA0513","s1639_F_LS_02_ASEReadCounter.table","NW_015090842.1:8668363",35,98,63
"KIAA0513","s1639_F_LS_02_ASEReadCounter.table","NW_015090842.1:8668387",35,91,56
"KIAA0513","s1639_F_LS_02_ASEReadCounter.table","NW_015090842.1:8668390",35,91,56
"KIAA0513","s1639_F_LS_02_ASEReadCounter.table","NW_015090842.1:8673107",33,86,53
"KIAA0513","s1639_F_LS_02_ASEReadCounter.table","NW_015090842.1:8673147",44,97,53
"KIAA0513","s1639_F_LS_02_ASEReadCounter.table","NW_015090842.1:8674661",23,56,33
"KIAA0513","s1639_F_LS_02_ASEReadCounter.table","NW_015090842.1:8674685",23,54,31
"KIAA0513","s1639_F_LS_02_ASEReadCounter.table","NW_015090842.1:8674730",27,52,25
"KIAA0513","s1639_F_LS_02_ASEReadCounter.table","NW_015090842.1:8675525",30,61,31
"KIAA0513","s1639_F_LS_02_ASEReadCounter.table","NW_015090842.1:8675561",27,56,29
"KIAA0513","s1639_F_LS_02_ASEReadCounter.table","NW_015090842.1:8678608",0,15,15
"KIAA0513","s1639_F_LS_02_ASEReadCounter.table","NW_015090842.1:8686455",0,11,11
"KIAA0513","s1639_F_LS_02_ASEReadCounter.table","NW_015090842.1:8686508",0,14,14
"KIAA0513","s1639_F_LS_02_ASEReadCounter.table","NW_015090842.1:8686521",0,16,16
"KIAA0513","s1639_F_LS_02_ASEReadCounter.table","NW_015090842.1:8693642",2,2,0
"KIAA0513","s1639_F_LS_02_ASEReadCounter.table","NW_015090842.1:8693712",2,2,0
"FBXO31","s1639_F_LS_02_ASEReadCounter.table","NW_015090842.1:8710240",17,35,18
"FBXO31","s1639_F_LS_02_ASEReadCounter.table","NW_015090842.1:8710372",17,31,14
"FBXO31","s1639_F_LS_02_ASEReadCounter.table","NW_015090842.1:8711239",13,22,9
"FBXO31","s1639_F_LS_02_ASEReadCounter.table","NW_015090842.1:8714565",13,26,13
"FBXO31","s1639_F_LS_02_ASEReadCounter.table","NW_015090842.1:8716001",5,11,6
"ZCCHC14","s1639_F_LS_02_ASEReadCounter.table","NW_015090842.1:8750174",51,68,17
"ZCCHC14","s1639_F_LS_02_ASEReadCounter.table","NW_015090842.1:8750189",61,71,10
"ZCCHC14","s1639_F_LS_02_ASEReadCounter.table","NW_015090842.1:8750365",41,66,25
"ZCCHC14","s1639_F_LS_02_ASEReadCounter.table","NW_015090842.1:8750433",31,55,24
"ZCCHC14","s1639_F_LS_02_ASEReadCounter.table","NW_015090842.1:8750449",24,50,26
"ZCCHC14","s1639_F_LS_02_ASEReadCounter.table","NW_015090842.1:8750456",21,49,28
"ZCCHC14","s1639_F_LS_02_ASEReadCounter.table","NW_015090842.1:8750497",30,50,20
"ZCCHC14","s1639_F_LS_02_ASEReadCounter.table","NW_015090842.1:8750547",23,48,25
"ZCCHC14","s1639_F_LS_02_ASEReadCounter.table","NW_015090842.1:8751100",8,11,3
"ZCCHC14","s1639_F_LS_02_ASEReadCounter.table","NW_015090842.1:8751374",13,24,11
"ZCCHC14","s1639_F_LS_02_ASEReadCounter.table","NW_015090842.1:8751403",13,26,13
"ZCCHC14","s1639_F_LS_02_ASEReadCounter.table","NW_015090842.1:8751517",7,18,11
"ZCCHC14","s1639_F_LS_02_ASEReadCounter.table","NW_015090842.1:8752060",17,29,12
"ZCCHC14","s1639_F_LS_02_ASEReadCounter.table","NW_015090842.1:8752172",22,41,19
"ZCCHC14","s1639_F_LS_02_ASEReadCounter.table","NW_015090842.1:8752183",24,43,19
"ZCCHC14","s1639_F_LS_02_ASEReadCounter.table","NW_015090842.1:8752198",24,44,20
"ZCCHC14","s1639_F_LS_02_ASEReadCounter.table","NW_015090842.1:8752248",23,43,20
"ZCCHC14","s1639_F_LS_02_ASEReadCounter.table","NW_015090842.1:8752326",18,30,12
"ZCCHC14","s1639_F_LS_02_ASEReadCounter.table","NW_015090842.1:8752393",25,39,14
"ZCCHC14","s1639_F_LS_02_ASEReadCounter.table","NW_015090842.1:8752914",43,87,44
"ZCCHC14","s1639_F_LS_02_ASEReadCounter.table","NW_015090842.1:8753528",13,15,2
"ZCCHC14","s1639_F_LS_02_ASEReadCounter.table","NW_015090842.1:8753892",4,7,3
"ZCCHC14","s1639_F_LS_02_ASEReadCounter.table","NW_015090842.1:8753910",7,9,2
"ZCCHC14","s1639_F_LS_02_ASEReadCounter.table","NW_015090842.1:8755096",2,6,4
"ZCCHC14","s1639_F_LS_02_ASEReadCounter.table","NW_015090842.1:8755327",4,5,1
"ZCCHC14","s1639_F_LS_02_ASEReadCounter.table","NW_015090842.1:8755723",2,5,3
"ZCCHC14","s1639_F_LS_02_ASEReadCounter.table","NW_015090842.1:8755739",2,4,2
"ZCCHC14","s1639_F_LS_02_ASEReadCounter.table","NW_015090842.1:8756149",1,2,1
"ZCCHC14","s1639_F_LS_02_ASEReadCounter.table","NW_015090842.1:8756347",1,6,5
"ZCCHC14","s1639_F_LS_02_ASEReadCounter.table","NW_015090842.1:8756361",1,5,4
"ZCCHC14","s1639_F_LS_02_ASEReadCounter.table","NW_015090842.1:8756388",1,5,4
"ZCCHC14","s1639_F_LS_02_ASEReadCounter.table","NW_015090842.1:8756389",1,5,4
"ZCCHC14","s1639_F_LS_02_ASEReadCounter.table","NW_015090842.1:8757160",1,5,4
"ZCCHC14","s1639_F_LS_02_ASEReadCounter.table","NW_015090842.1:8804511",1,2,1
"ZCCHC14","s1639_F_LS_02_ASEReadCounter.table","NW_015090842.1:8804979",1,2,1
"JPH3","s1639_F_LS_02_ASEReadCounter.table","NW_015090842.1:8845375",14,27,13
"JPH3","s1639_F_LS_02_ASEReadCounter.table","NW_015090842.1:8845640",21,47,26
"JPH3","s1639_F_LS_02_ASEReadCounter.table","NW_015090842.1:8845654",19,49,30
"JPH3","s1639_F_LS_02_ASEReadCounter.table","NW_015090842.1:8872283",33,68,35
"JPH3","s1639_F_LS_02_ASEReadCounter.table","NW_015090842.1:8872294",33,66,33
"JPH3","s1639_F_LS_02_ASEReadCounter.table","NW_015090842.1:8872730",54,116,62
"JPH3","s1639_F_LS_02_ASEReadCounter.table","NW_015090842.1:8885260",92,203,111
"JPH3","s1639_F_LS_02_ASEReadCounter.table","NW_015090842.1:8885315",55,163,108
"JPH3","s1639_F_LS_02_ASEReadCounter.table","NW_015090842.1:8885328",47,153,106
"JPH3","s1639_F_LS_02_ASEReadCounter.table","NW_015090842.1:8885438",61,162,101
"JPH3","s1639_F_LS_02_ASEReadCounter.table","NW_015090842.1:8885525",31,104,73
"KLHDC4","s1639_F_LS_02_ASEReadCounter.table","NW_015090842.1:8890729",35,62,27
"KLHDC4","s1639_F_LS_02_ASEReadCounter.table","NW_015090842.1:8890749",47,75,28
"KLHDC4","s1639_F_LS_02_ASEReadCounter.table","NW_015090842.1:8890761",51,82,31
"KLHDC4","s1639_F_LS_02_ASEReadCounter.table","NW_015090842.1:8891123",67,107,40
"KLHDC4","s1639_F_LS_02_ASEReadCounter.table","NW_015090842.1:8893124",32,62,30
"KLHDC4","s1639_F_LS_02_ASEReadCounter.table","NW_015090842.1:8894542",28,50,22
"KLHDC4","s1639_F_LS_02_ASEReadCounter.table","NW_015090842.1:8896726",18,30,12
"KLHDC4","s1639_F_LS_02_ASEReadCounter.table","NW_015090842.1:8896767",16,28,12
"KLHDC4","s1639_F_LS_02_ASEReadCounter.table","NW_015090842.1:8904174",15,22,7
"KLHDC4","s1639_F_LS_02_ASEReadCounter.table","NW_015090842.1:8904231",11,21,10
"KLHDC4","s1639_F_LS_02_ASEReadCounter.table","NW_015090842.1:8905251",14,19,5
"KLHDC4","s1639_F_LS_02_ASEReadCounter.table","NW_015090842.1:8905263",13,21,8
"KLHDC4","s1639_F_LS_02_ASEReadCounter.table","NW_015090842.1:8919626",1,3,2
"SLC7A5","s1639_F_LS_02_ASEReadCounter.table","NW_015090842.1:8938782",211,507,296
"SLC7A5","s1639_F_LS_02_ASEReadCounter.table","NW_015090842.1:8938943",125,365,240
"SLC7A5","s1639_F_LS_02_ASEReadCounter.table","NW_015090842.1:8939611",67,117,50
"SLC7A5","s1639_F_LS_02_ASEReadCounter.table","NW_015090842.1:8939738",77,179,102
"SLC7A5","s1639_F_LS_02_ASEReadCounter.table","NW_015090842.1:8939739",76,177,101
"SLC7A5","s1639_F_LS_02_ASEReadCounter.table","NW_015090842.1:8939740",71,180,109
"SLC7A5","s1639_F_LS_02_ASEReadCounter.table","NW_015090842.1:8939795",85,179,94
"SLC7A5","s1639_F_LS_02_ASEReadCounter.table","NW_015090842.1:8939815",78,194,116
"SLC7A5","s1639_F_LS_02_ASEReadCounter.table","NW_015090842.1:8939816",78,198,120
"SLC7A5","s1639_F_LS_02_ASEReadCounter.table","NW_015090842.1:8939817",78,208,130
"SLC7A5","s1639_F_LS_02_ASEReadCounter.table","NW_015090842.1:8939845",88,229,141
"SLC7A5","s1639_F_LS_02_ASEReadCounter.table","NW_015090842.1:8939894",75,216,141
"SLC7A5","s1639_F_LS_02_ASEReadCounter.table","NW_015090842.1:8939895",75,209,134
"SLC7A5","s1639_F_LS_02_ASEReadCounter.table","NW_015090842.1:8939997",326,326,0
"SLC7A5","s1639_F_LS_02_ASEReadCounter.table","NW_015090842.1:8940172",103,246,143
"SLC7A5","s1639_F_LS_02_ASEReadCounter.table","NW_015090842.1:8940331",51,119,68
"SLC7A5","s1639_F_LS_02_ASEReadCounter.table","NW_015090842.1:8940696",70,116,46
"SLC7A5","s1639_F_LS_02_ASEReadCounter.table","NW_015090842.1:8940719",25,85,60
"SLC7A5","s1639_F_LS_02_ASEReadCounter.table","NW_015090842.1:8940737",22,71,49
"SLC7A5","s1639_F_LS_02_ASEReadCounter.table","NW_015090842.1:8940743",25,72,47
"SLC7A5","s1639_F_LS_02_ASEReadCounter.table","NW_015090842.1:8940766",34,79,45
"SLC7A5","s1639_F_LS_02_ASEReadCounter.table","NW_015090842.1:8940769",35,85,50
"SLC7A5","s1639_F_LS_02_ASEReadCounter.table","NW_015090842.1:8940861",33,76,43
"SLC7A5","s1639_F_LS_02_ASEReadCounter.table","NW_015090842.1:8941068",36,104,68
"SLC7A5","s1639_F_LS_02_ASEReadCounter.table","NW_015090842.1:8941467",28,74,46
"SLC7A5","s1639_F_LS_02_ASEReadCounter.table","NW_015090842.1:8941531",18,58,40
"SLC7A5","s1639_F_LS_02_ASEReadCounter.table","NW_015090842.1:8941588",32,78,46
"SLC7A5","s1639_F_LS_02_ASEReadCounter.table","NW_015090842.1:8941698",17,46,29
"SLC7A5","s1639_F_LS_02_ASEReadCounter.table","NW_015090842.1:8941717",17,48,31
"SLC7A5","s1639_F_LS_02_ASEReadCounter.table","NW_015090842.1:8941745",18,51,33
"SLC7A5","s1639_F_LS_02_ASEReadCounter.table","NW_015090842.1:8941781",18,52,34
"SLC7A5","s1639_F_LS_02_ASEReadCounter.table","NW_015090842.1:8941887",21,54,33
"SLC7A5","s1639_F_LS_02_ASEReadCounter.table","NW_015090842.1:8941968",19,50,31
"SLC7A5","s1639_F_LS_02_ASEReadCounter.table","NW_015090842.1:8942025",25,51,26
"SLC7A5","s1639_F_LS_02_ASEReadCounter.table","NW_015090842.1:8942069",18,56,38
"SLC7A5","s1639_F_LS_02_ASEReadCounter.table","NW_015090842.1:8942170",24,74,50
"SLC7A5","s1639_F_LS_02_ASEReadCounter.table","NW_015090842.1:8942241",34,82,48
"SLC7A5","s1639_F_LS_02_ASEReadCounter.table","NW_015090842.1:8942283",43,90,47
"SLC7A5","s1639_F_LS_02_ASEReadCounter.table","NW_015090842.1:8942717",110,279,169
"SLC7A5","s1639_F_LS_02_ASEReadCounter.table","NW_015090842.1:8942756",152,365,213
"SLC7A5","s1639_F_LS_02_ASEReadCounter.table","NW_015090842.1:8942766",152,374,222
"SLC7A5","s1639_F_LS_02_ASEReadCounter.table","NW_015090842.1:8943271",50,128,78
"SLC7A5","s1639_F_LS_02_ASEReadCounter.table","NW_015090842.1:8943524",23,67,44
"SLC7A5","s1639_F_LS_02_ASEReadCounter.table","NW_015090842.1:8943530",24,69,45
"SLC7A5","s1639_F_LS_02_ASEReadCounter.table","NW_015090842.1:8943602",22,57,35
"SLC7A5","s1639_F_LS_02_ASEReadCounter.table","NW_015090842.1:8943622",21,52,31
"SLC7A5","s1639_F_LS_02_ASEReadCounter.table","NW_015090842.1:8943661",26,70,44
"SLC7A5","s1639_F_LS_02_ASEReadCounter.table","NW_015090842.1:8943686",22,69,47
"SLC7A5","s1639_F_LS_02_ASEReadCounter.table","NW_015090842.1:8943788",19,57,38
"SLC7A5","s1639_F_LS_02_ASEReadCounter.table","NW_015090842.1:8943814",17,51,34
"SLC7A5","s1639_F_LS_02_ASEReadCounter.table","NW_015090842.1:8943876",15,52,37
"SLC7A5","s1639_F_LS_02_ASEReadCounter.table","NW_015090842.1:8943892",16,51,35
"SLC7A5","s1639_F_LS_02_ASEReadCounter.table","NW_015090842.1:8944097",13,42,29
"SLC7A5","s1639_F_LS_02_ASEReadCounter.table","NW_015090842.1:8944104",14,40,26
"SLC7A5","s1639_F_LS_02_ASEReadCounter.table","NW_015090842.1:8944293",9,22,13
"SLC7A5","s1639_F_LS_02_ASEReadCounter.table","NW_015090842.1:8944297",9,21,12
"SLC7A5","s1639_F_LS_02_ASEReadCounter.table","NW_015090842.1:8944397",5,16,11
"SLC7A5","s1639_F_LS_02_ASEReadCounter.table","NW_015090842.1:8944552",9,31,22
"SLC7A5","s1639_F_LS_02_ASEReadCounter.table","NW_015090842.1:8944629",9,23,14
"CA5A","s1639_F_LS_02_ASEReadCounter.table","NW_015090842.1:8989479",46,79,33
"CA5A","s1639_F_LS_02_ASEReadCounter.table","NW_015090842.1:8989562",56,103,47
"CA5A","s1639_F_LS_02_ASEReadCounter.table","NW_015090842.1:8989609",56,96,40
"CA5A","s1639_F_LS_02_ASEReadCounter.table","NW_015090842.1:8989693",56,118,62
"CA5A","s1639_F_LS_02_ASEReadCounter.table","NW_015090842.1:8989702",54,110,56
"CA5A","s1639_F_LS_02_ASEReadCounter.table","NW_015090842.1:8989746",59,124,65
"CA5A","s1639_F_LS_02_ASEReadCounter.table","NW_015090842.1:8989880",37,82,45
"CA5A","s1639_F_LS_02_ASEReadCounter.table","NW_015090842.1:8989885",35,80,45
"CA5A","s1639_F_LS_02_ASEReadCounter.table","NW_015090842.1:8989929",39,73,34
"CA5A","s1639_F_LS_02_ASEReadCounter.table","NW_015090842.1:8990002",35,68,33
"CA5A","s1639_F_LS_02_ASEReadCounter.table","NW_015090842.1:8990004",35,68,33
"CA5A","s1639_F_LS_02_ASEReadCounter.table","NW_015090842.1:8990005",35,69,34
"CA5A","s1639_F_LS_02_ASEReadCounter.table","NW_015090842.1:8990017",31,59,28
"CA5A","s1639_F_LS_02_ASEReadCounter.table","NW_015090842.1:8990043",31,57,26
"CA5A","s1639_F_LS_02_ASEReadCounter.table","NW_015090842.1:8990060",57,57,0
"CA5A","s1639_F_LS_02_ASEReadCounter.table","NW_015090842.1:8990080",25,52,27
"CA5A","s1639_F_LS_02_ASEReadCounter.table","NW_015090842.1:8990084",24,50,26
"CA5A","s1639_F_LS_02_ASEReadCounter.table","NW_015090842.1:8990090",21,50,29
"CA5A","s1639_F_LS_02_ASEReadCounter.table","NW_015090842.1:8990095",22,51,29
"CA5A","s1639_F_LS_02_ASEReadCounter.table","NW_015090842.1:8990111",14,51,37
"CA5A","s1639_F_LS_02_ASEReadCounter.table","NW_015090842.1:8990112",14,47,33
"CA5A","s1639_F_LS_02_ASEReadCounter.table","NW_015090842.1:8990115",16,48,32
"CA5A","s1639_F_LS_02_ASEReadCounter.table","NW_015090842.1:8990166",26,51,25
"CA5A","s1639_F_LS_02_ASEReadCounter.table","NW_015090842.1:8990169",30,54,24
"CA5A","s1639_F_LS_02_ASEReadCounter.table","NW_015090842.1:8990193",54,54,0
"CA5A","s1639_F_LS_02_ASEReadCounter.table","NW_015090842.1:8990222",25,41,16
"CA5A","s1639_F_LS_02_ASEReadCounter.table","NW_015090842.1:8990289",29,53,24
"CA5A","s1639_F_LS_02_ASEReadCounter.table","NW_015090842.1:8990314",32,53,21
"CA5A","s1639_F_LS_02_ASEReadCounter.table","NW_015090842.1:8990361",24,45,21
"CA5A","s1639_F_LS_02_ASEReadCounter.table","NW_015090842.1:8990368",25,45,20
"CA5A","s1639_F_LS_02_ASEReadCounter.table","NW_015090842.1:8990429",27,43,16
"CA5A","s1639_F_LS_02_ASEReadCounter.table","NW_015090842.1:8990466",20,32,12
"CA5A","s1639_F_LS_02_ASEReadCounter.table","NW_015090842.1:8990663",12,24,12
"CA5A","s1639_F_LS_02_ASEReadCounter.table","NW_015090842.1:8990797",18,29,11
"CA5A","s1639_F_LS_02_ASEReadCounter.table","NW_015090842.1:8990836",15,27,12
"CA5A","s1639_F_LS_02_ASEReadCounter.table","NW_015090842.1:8990842",14,24,10
"CA5A","s1639_F_LS_02_ASEReadCounter.table","NW_015090842.1:8990851",17,28,11
"CA5A","s1639_F_LS_02_ASEReadCounter.table","NW_015090842.1:8990918",16,27,11
"CA5A","s1639_F_LS_02_ASEReadCounter.table","NW_015090842.1:8990921",16,29,13
"CA5A","s1639_F_LS_02_ASEReadCounter.table","NW_015090842.1:8990942",17,29,12
"CA5A","s1639_F_LS_02_ASEReadCounter.table","NW_015090842.1:8991001",25,43,18
"CA5A","s1639_F_LS_02_ASEReadCounter.table","NW_015090842.1:8991038",22,40,18
"CA5A","s1639_F_LS_02_ASEReadCounter.table","NW_015090842.1:8991149",32,53,21
"CA5A","s1639_F_LS_02_ASEReadCounter.table","NW_015090842.1:8991176",33,57,24
"CA5A","s1639_F_LS_02_ASEReadCounter.table","NW_015090842.1:8991241",29,52,23
"CA5A","s1639_F_LS_02_ASEReadCounter.table","NW_015090842.1:8991262",32,55,23
"CA5A","s1639_F_LS_02_ASEReadCounter.table","NW_015090842.1:8991316",28,32,4
"CA5A","s1639_F_LS_02_ASEReadCounter.table","NW_015090842.1:8991319",24,28,4
"CA5A","s1639_F_LS_02_ASEReadCounter.table","NW_015090842.1:8991330",23,25,2
"CA5A","s1639_F_LS_02_ASEReadCounter.table","NW_015090842.1:8991334",25,29,4
"CA5A","s1639_F_LS_02_ASEReadCounter.table","NW_015090842.1:8991362",24,39,15
"CA5A","s1639_F_LS_02_ASEReadCounter.table","NW_015090842.1:8991368",27,41,14
"CA5A","s1639_F_LS_02_ASEReadCounter.table","NW_015090842.1:8991390",22,37,15
"CA5A","s1639_F_LS_02_ASEReadCounter.table","NW_015090842.1:8991395",23,39,16
"CA5A","s1639_F_LS_02_ASEReadCounter.table","NW_015090842.1:8991422",21,36,15
"CA5A","s1639_F_LS_02_ASEReadCounter.table","NW_015090842.1:8991467",11,20,9
"CA5A","s1639_F_LS_02_ASEReadCounter.table","NW_015090842.1:8991576",12,21,9
"CA5A","s1639_F_LS_02_ASEReadCounter.table","NW_015090842.1:8991587",15,26,11
"CA5A","s1639_F_LS_02_ASEReadCounter.table","NW_015090842.1:8991655",23,34,11
"CA5A","s1639_F_LS_02_ASEReadCounter.table","NW_015090842.1:8991717",11,23,12
"CA5A","s1639_F_LS_02_ASEReadCounter.table","NW_015090842.1:8991726",11,24,13
"CA5A","s1639_F_LS_02_ASEReadCounter.table","NW_015090842.1:8991799",18,31,13
"CA5A","s1639_F_LS_02_ASEReadCounter.table","NW_015090842.1:8991809",18,30,12
"CA5A","s1639_F_LS_02_ASEReadCounter.table","NW_015090842.1:8991848",15,28,13
"CA5A","s1639_F_LS_02_ASEReadCounter.table","NW_015090842.1:8991849",15,28,13
"CA5A","s1639_F_LS_02_ASEReadCounter.table","NW_015090842.1:8991927",15,22,7
"CA5A","s1639_F_LS_02_ASEReadCounter.table","NW_015090842.1:8991941",17,23,6
"CA5A","s1639_F_LS_02_ASEReadCounter.table","NW_015090842.1:8992121",4,14,10
"CA5A","s1639_F_LS_02_ASEReadCounter.table","NW_015090842.1:8992224",10,22,12
"CA5A","s1639_F_LS_02_ASEReadCounter.table","NW_015090842.1:9002570",7,11,4
"CA5A","s1639_F_LS_02_ASEReadCounter.table","NW_015090842.1:9002600",7,11,4
"CA5A","s1639_F_LS_02_ASEReadCounter.table","NW_015090842.1:9004312",5,7,2
"CA5A","s1639_F_LS_02_ASEReadCounter.table","NW_015090842.1:9004556",1,1,0
"CA5A","s1639_F_LS_02_ASEReadCounter.table","NW_015090842.1:9005140",2,2,0
"CA5A","s1639_F_LS_02_ASEReadCounter.table","NW_015090842.1:9005152",2,2,0
"BANP","s1639_F_LS_02_ASEReadCounter.table","NW_015090842.1:9033407",1,6,5
"BANP","s1639_F_LS_02_ASEReadCounter.table","NW_015090842.1:9033409",1,5,4
"BANP","s1639_F_LS_02_ASEReadCounter.table","NW_015090842.1:9033420",1,6,5
"BANP","s1639_F_LS_02_ASEReadCounter.table","NW_015090842.1:9067974",0,9,9
"BANP","s1639_F_LS_02_ASEReadCounter.table","NW_015090842.1:9102510",10,19,9
"BANP","s1639_F_LS_02_ASEReadCounter.table","NW_015090842.1:9168534",17,33,16
"BANP","s1639_F_LS_02_ASEReadCounter.table","NW_015090842.1:9168818",21,44,23
"ZNF469","s1639_F_LS_02_ASEReadCounter.table","NW_015090842.1:9429633",0,1,1
"ZNF469","s1639_F_LS_02_ASEReadCounter.table","NW_015090842.1:9431214",0,1,1
"ZNF469","s1639_F_LS_02_ASEReadCounter.table","NW_015090842.1:9432110",1,1,0
"ZNF469","s1639_F_LS_02_ASEReadCounter.table","NW_015090842.1:9432302",1,1,0
"ZNF469","s1639_F_LS_02_ASEReadCounter.table","NW_015090842.1:9432361",1,2,1
"ZNF469","s1639_F_LS_02_ASEReadCounter.table","NW_015090842.1:9432374",0,1,1
"ZNF469","s1639_F_LS_02_ASEReadCounter.table","NW_015090842.1:9432382",0,1,1
"ZNF469","s1639_F_LS_02_ASEReadCounter.table","NW_015090842.1:9433902",0,1,1
"ZNF469","s1639_F_LS_02_ASEReadCounter.table","NW_015090842.1:9433980",0,1,1
"ZNF469","s1639_F_LS_02_ASEReadCounter.table","NW_015090842.1:9434259",1,1,0
"ZNF469","s1639_F_LS_02_ASEReadCounter.table","NW_015090842.1:9435221",3,7,4
"ZFPM1","s1639_F_LS_02_ASEReadCounter.table","NW_015090842.1:9458862",1,3,2
"ZFPM1","s1639_F_LS_02_ASEReadCounter.table","NW_015090842.1:9458888",1,3,2
"ZFPM1","s1639_F_LS_02_ASEReadCounter.table","NW_015090842.1:9458904",1,4,3
"ZFPM1","s1639_F_LS_02_ASEReadCounter.table","NW_015090842.1:9458916",1,4,3
"ZFPM1","s1639_F_LS_02_ASEReadCounter.table","NW_015090842.1:9468568",3,5,2
"ZFPM1","s1639_F_LS_02_ASEReadCounter.table","NW_015090842.1:9468593",2,5,3
"ZFPM1","s1639_F_LS_02_ASEReadCounter.table","NW_015090842.1:9472557",1,2,1
"ZFPM1","s1639_F_LS_02_ASEReadCounter.table","NW_015090842.1:9472565",1,2,1
"ZFPM1","s1639_F_LS_02_ASEReadCounter.table","NW_015090842.1:9472608",1,2,1
"ZFPM1","s1639_F_LS_02_ASEReadCounter.table","NW_015090842.1:9472627",1,3,2
"ZFPM1","s1639_F_LS_02_ASEReadCounter.table","NW_015090842.1:9472668",0,2,2
"ZFPM1","s1639_F_LS_02_ASEReadCounter.table","NW_015090842.1:9473655",1,2,1
"ZFPM1","s1639_F_LS_02_ASEReadCounter.table","NW_015090842.1:9475827",2,4,2
"ZFPM1","s1639_F_LS_02_ASEReadCounter.table","NW_015090842.1:9475842",4,6,2
"ZFPM1","s1639_F_LS_02_ASEReadCounter.table","NW_015090842.1:9476119",3,4,1
"ZFPM1","s1639_F_LS_02_ASEReadCounter.table","NW_015090842.1:9476161",2,4,2
"ZFPM1","s1639_F_LS_02_ASEReadCounter.table","NW_015090842.1:9476219",3,5,2
"ZFPM1","s1639_F_LS_02_ASEReadCounter.table","NW_015090842.1:9476233",3,5,2
"ZFPM1","s1639_F_LS_02_ASEReadCounter.table","NW_015090842.1:9476305",5,8,3
"ZFPM1","s1639_F_LS_02_ASEReadCounter.table","NW_015090842.1:9476395",2,5,3
"ZFPM1","s1639_F_LS_02_ASEReadCounter.table","NW_015090842.1:9476421",3,6,3
"ZFPM1","s1639_F_LS_02_ASEReadCounter.table","NW_015090842.1:9476539",4,6,2
"ZFPM1","s1639_F_LS_02_ASEReadCounter.table","NW_015090842.1:9476576",2,5,3
"ZFPM1","s1639_F_LS_02_ASEReadCounter.table","NW_015090842.1:9476599",6,6,0
"ZFPM1","s1639_F_LS_02_ASEReadCounter.table","NW_015090842.1:9476792",5,11,6
"ZFPM1","s1639_F_LS_02_ASEReadCounter.table","NW_015090842.1:9476803",6,12,6
"ZFPM1","s1639_F_LS_02_ASEReadCounter.table","NW_015090842.1:9477115",4,7,3
"ZFPM1","s1639_F_LS_02_ASEReadCounter.table","NW_015090842.1:9477299",2,8,6
"ZFPM1","s1639_F_LS_02_ASEReadCounter.table","NW_015090842.1:9477398",10,10,0
"ZFPM1","s1639_F_LS_02_ASEReadCounter.table","NW_015090842.1:9477422",4,8,4
"ZFPM1","s1639_F_LS_02_ASEReadCounter.table","NW_015090842.1:9477554",5,17,12
"ZFPM1","s1639_F_LS_02_ASEReadCounter.table","NW_015090842.1:9477575",18,18,0
"ZFPM1","s1639_F_LS_02_ASEReadCounter.table","NW_015090842.1:9477595",10,23,13
"ZFPM1","s1639_F_LS_02_ASEReadCounter.table","NW_015090842.1:9477611",10,21,11
"ZFPM1","s1639_F_LS_02_ASEReadCounter.table","NW_015090842.1:9477659",13,26,13
"ZFPM1","s1639_F_LS_02_ASEReadCounter.table","NW_015090842.1:9477737",5,15,10
"ZFPM1","s1639_F_LS_02_ASEReadCounter.table","NW_015090842.1:9477791",3,13,10
"ZFPM1","s1639_F_LS_02_ASEReadCounter.table","NW_015090842.1:9477844",6,12,6
"ZFPM1","s1639_F_LS_02_ASEReadCounter.table","NW_015090842.1:9477917",8,15,7
"ZFPM1","s1639_F_LS_02_ASEReadCounter.table","NW_015090842.1:9478295",15,32,17
"ZFPM1","s1639_F_LS_02_ASEReadCounter.table","NW_015090842.1:9478349",11,27,16
"ZFPM1","s1639_F_LS_02_ASEReadCounter.table","NW_015090842.1:9478524",10,25,15
"ZFPM1","s1639_F_LS_02_ASEReadCounter.table","NW_015090842.1:9478546",10,35,25
"ZFPM1","s1639_F_LS_02_ASEReadCounter.table","NW_015090842.1:9478573",13,36,23
"ZFPM1","s1639_F_LS_02_ASEReadCounter.table","NW_015090842.1:9478582",10,31,21
"ZFPM1","s1639_F_LS_02_ASEReadCounter.table","NW_015090842.1:9478684",9,23,14
"ZFPM1","s1639_F_LS_02_ASEReadCounter.table","NW_015090842.1:9478711",8,20,12
"ZFPM1","s1639_F_LS_02_ASEReadCounter.table","NW_015090842.1:9478761",10,21,11
"ZFPM1","s1639_F_LS_02_ASEReadCounter.table","NW_015090842.1:9478829",7,7,0
"ZC3H18","s1639_F_LS_02_ASEReadCounter.table","NW_015090842.1:9494271",0,7,7
"ZC3H18","s1639_F_LS_02_ASEReadCounter.table","NW_015090842.1:9501427",10,18,8
"ZC3H18","s1639_F_LS_02_ASEReadCounter.table","NW_015090842.1:9501442",8,15,7
"ZC3H18","s1639_F_LS_02_ASEReadCounter.table","NW_015090842.1:9505538",12,22,10
"ZC3H18","s1639_F_LS_02_ASEReadCounter.table","NW_015090842.1:9506778",10,22,12
"ZC3H18","s1639_F_LS_02_ASEReadCounter.table","NW_015090842.1:9522538",12,22,10
"ZC3H18","s1639_F_LS_02_ASEReadCounter.table","NW_015090842.1:9524350",12,28,16
"ZC3H18","s1639_F_LS_02_ASEReadCounter.table","NW_015090842.1:9524366",11,27,16
"ZC3H18","s1639_F_LS_02_ASEReadCounter.table","NW_015090842.1:9524424",12,24,12
"ZC3H18","s1639_F_LS_02_ASEReadCounter.table","NW_015090842.1:9529649",24,68,44
"ZC3H18","s1639_F_LS_02_ASEReadCounter.table","NW_015090842.1:9529688",21,65,44
"ZC3H18","s1639_F_LS_02_ASEReadCounter.table","NW_015090842.1:9529691",24,62,38
"ZC3H18","s1639_F_LS_02_ASEReadCounter.table","NW_015090842.1:9530977",23,72,49
"ZC3H18","s1639_F_LS_02_ASEReadCounter.table","NW_015090842.1:9536699",0,50,50
"CYBA","s1639_F_LS_02_ASEReadCounter.table","NW_015090842.1:9547281",37,46,9
"CYBA","s1639_F_LS_02_ASEReadCounter.table","NW_015090842.1:9547402",102,125,23
"CYBA","s1639_F_LS_02_ASEReadCounter.table","NW_015090842.1:9547553",64,88,24
"CYBA","s1639_F_LS_02_ASEReadCounter.table","NW_015090842.1:9548052",41,50,9
"CYBA","s1639_F_LS_02_ASEReadCounter.table","NW_015090842.1:9548436",34,46,12
"CYBA","s1639_F_LS_02_ASEReadCounter.table","NW_015090842.1:9548442",37,49,12
"CYBA","s1639_F_LS_02_ASEReadCounter.table","NW_015090842.1:9548478",34,45,11
"CYBA","s1639_F_LS_02_ASEReadCounter.table","NW_015090842.1:9548487",31,41,10
"CYBA","s1639_F_LS_02_ASEReadCounter.table","NW_015090842.1:9548490",32,42,10
"CYBA","s1639_F_LS_02_ASEReadCounter.table","NW_015090842.1:9548717",30,35,5
"CYBA","s1639_F_LS_02_ASEReadCounter.table","NW_015090842.1:9548750",25,35,10
"CYBA","s1639_F_LS_02_ASEReadCounter.table","NW_015090842.1:9548766",19,28,9
"MVD","s1639_F_LS_02_ASEReadCounter.table","NW_015090842.1:9550678",23,50,27
"MVD","s1639_F_LS_02_ASEReadCounter.table","NW_015090842.1:9550690",24,54,30
"MVD","s1639_F_LS_02_ASEReadCounter.table","NW_015090842.1:9550691",24,55,31
"MVD","s1639_F_LS_02_ASEReadCounter.table","NW_015090842.1:9550699",28,66,38
"MVD","s1639_F_LS_02_ASEReadCounter.table","NW_015090842.1:9550719",28,61,33
"MVD","s1639_F_LS_02_ASEReadCounter.table","NW_015090842.1:9551596",47,83,36
"MVD","s1639_F_LS_02_ASEReadCounter.table","NW_015090842.1:9551638",42,88,46
"MVD","s1639_F_LS_02_ASEReadCounter.table","NW_015090842.1:9551899",0,7,7
"MVD","s1639_F_LS_02_ASEReadCounter.table","NW_015090842.1:9552193",27,53,26
"MVD","s1639_F_LS_02_ASEReadCounter.table","NW_015090842.1:9552202",31,59,28
"MVD","s1639_F_LS_02_ASEReadCounter.table","NW_015090842.1:9552208",29,53,24
"MVD","s1639_F_LS_02_ASEReadCounter.table","NW_015090842.1:9552625",20,32,12
"MVD","s1639_F_LS_02_ASEReadCounter.table","NW_015090842.1:9552629",32,32,0
"MVD","s1639_F_LS_02_ASEReadCounter.table","NW_015090842.1:9552644",18,29,11
"MVD","s1639_F_LS_02_ASEReadCounter.table","NW_015090842.1:9553093",18,26,8
"MVD","s1639_F_LS_02_ASEReadCounter.table","NW_015090842.1:9553114",15,22,7
"RNF166","s1639_F_LS_02_ASEReadCounter.table","NW_015090842.1:9557900",16,36,20
"RNF166","s1639_F_LS_02_ASEReadCounter.table","NW_015090842.1:9558048",12,35,23
"RNF166","s1639_F_LS_02_ASEReadCounter.table","NW_015090842.1:9558116",14,33,19
"RNF166","s1639_F_LS_02_ASEReadCounter.table","NW_015090842.1:9558308",7,31,24
"RNF166","s1639_F_LS_02_ASEReadCounter.table","NW_015090842.1:9558405",16,37,21
"RNF166","s1639_F_LS_02_ASEReadCounter.table","NW_015090842.1:9558549",26,57,31
"RNF166","s1639_F_LS_02_ASEReadCounter.table","NW_015090842.1:9558556",24,54,30
"RNF166","s1639_F_LS_02_ASEReadCounter.table","NW_015090842.1:9558579",23,49,26
"RNF166","s1639_F_LS_02_ASEReadCounter.table","NW_015090842.1:9558599",18,40,22
"RNF166","s1639_F_LS_02_ASEReadCounter.table","NW_015090842.1:9558688",15,28,13
"RNF166","s1639_F_LS_02_ASEReadCounter.table","NW_015090842.1:9558711",16,33,17
"RNF166","s1639_F_LS_02_ASEReadCounter.table","NW_015090842.1:9558733",13,31,18
"RNF166","s1639_F_LS_02_ASEReadCounter.table","NW_015090842.1:9558847",15,29,14
"RNF166","s1639_F_LS_02_ASEReadCounter.table","NW_015090842.1:9559798",19,31,12
"RNF166","s1639_F_LS_02_ASEReadCounter.table","NW_015090842.1:9560575",18,32,14
"RNF166","s1639_F_LS_02_ASEReadCounter.table","NW_015090842.1:9561055",14,24,10
"RNF166","s1639_F_LS_02_ASEReadCounter.table","NW_015090842.1:9562458",9,16,7
"RNF166","s1639_F_LS_02_ASEReadCounter.table","NW_015090842.1:9562497",7,19,12
"RNF166","s1639_F_LS_02_ASEReadCounter.table","NW_015090842.1:9562539",5,18,13
"RNF166","s1639_F_LS_02_ASEReadCounter.table","NW_015090842.1:9564056",5,13,8
"CTU2","s1639_F_LS_02_ASEReadCounter.table","NW_015090842.1:9565149",8,14,6
"CTU2","s1639_F_LS_02_ASEReadCounter.table","NW_015090842.1:9565193",9,15,6
"CTU2","s1639_F_LS_02_ASEReadCounter.table","NW_015090842.1:9565300",7,15,8
"CTU2","s1639_F_LS_02_ASEReadCounter.table","NW_015090842.1:9565321",8,17,9
"CTU2","s1639_F_LS_02_ASEReadCounter.table","NW_015090842.1:9565721",12,22,10
"CTU2","s1639_F_LS_02_ASEReadCounter.table","NW_015090842.1:9565739",8,15,7
"CTU2","s1639_F_LS_02_ASEReadCounter.table","NW_015090842.1:9565905",10,21,11
"CTU2","s1639_F_LS_02_ASEReadCounter.table","NW_015090842.1:9566013",16,16,0
"CTU2","s1639_F_LS_02_ASEReadCounter.table","NW_015090842.1:9566055",8,19,11
"CTU2","s1639_F_LS_02_ASEReadCounter.table","NW_015090842.1:9566056",8,18,10
"CTU2","s1639_F_LS_02_ASEReadCounter.table","NW_015090842.1:9566151",9,21,12
"CTU2","s1639_F_LS_02_ASEReadCounter.table","NW_015090842.1:9566300",11,23,12
"CTU2","s1639_F_LS_02_ASEReadCounter.table","NW_015090842.1:9566342",11,23,12
"CTU2","s1639_F_LS_02_ASEReadCounter.table","NW_015090842.1:9566548",18,39,21
"CTU2","s1639_F_LS_02_ASEReadCounter.table","NW_015090842.1:9566625",27,48,21
"CTU2","s1639_F_LS_02_ASEReadCounter.table","NW_015090842.1:9566633",29,52,23
"CTU2","s1639_F_LS_02_ASEReadCounter.table","NW_015090842.1:9566807",26,41,15
"CTU2","s1639_F_LS_02_ASEReadCounter.table","NW_015090842.1:9567139",20,45,25
"CTU2","s1639_F_LS_02_ASEReadCounter.table","NW_015090842.1:9567156",24,47,23
"CTU2","s1639_F_LS_02_ASEReadCounter.table","NW_015090842.1:9567614",32,57,25
"CTU2","s1639_F_LS_02_ASEReadCounter.table","NW_015090842.1:9567677",26,59,33
"CTU2","s1639_F_LS_02_ASEReadCounter.table","NW_015090842.1:9567747",28,51,23
"CTU2","s1639_F_LS_02_ASEReadCounter.table","NW_015090842.1:9567828",21,38,17
"CTU2","s1639_F_LS_02_ASEReadCounter.table","NW_015090842.1:9567829",22,39,17
"CTU2","s1639_F_LS_02_ASEReadCounter.table","NW_015090842.1:9567885",18,37,19
"PIEZO1","s1639_F_LS_02_ASEReadCounter.table","NW_015090842.1:9568093",25,60,35
"PIEZO1","s1639_F_LS_02_ASEReadCounter.table","NW_015090842.1:9568672",13,44,31
"PIEZO1","s1639_F_LS_02_ASEReadCounter.table","NW_015090842.1:9568948",16,42,26
"PIEZO1","s1639_F_LS_02_ASEReadCounter.table","NW_015090842.1:9568987",28,28,0
"PIEZO1","s1639_F_LS_02_ASEReadCounter.table","NW_015090842.1:9569040",10,30,20
"PIEZO1","s1639_F_LS_02_ASEReadCounter.table","NW_015090842.1:9569180",9,26,17
"PIEZO1","s1639_F_LS_02_ASEReadCounter.table","NW_015090842.1:9569192",10,28,18
"PIEZO1","s1639_F_LS_02_ASEReadCounter.table","NW_015090842.1:9570088",8,21,13
"PIEZO1","s1639_F_LS_02_ASEReadCounter.table","NW_015090842.1:9570480",8,17,9
"PIEZO1","s1639_F_LS_02_ASEReadCounter.table","NW_015090842.1:9570639",10,17,7
"PIEZO1","s1639_F_LS_02_ASEReadCounter.table","NW_015090842.1:9571847",6,18,12
"PIEZO1","s1639_F_LS_02_ASEReadCounter.table","NW_015090842.1:9572371",6,11,5
"PIEZO1","s1639_F_LS_02_ASEReadCounter.table","NW_015090842.1:9572638",1,6,5
"PIEZO1","s1639_F_LS_02_ASEReadCounter.table","NW_015090842.1:9573156",3,11,8
"PIEZO1","s1639_F_LS_02_ASEReadCounter.table","NW_015090842.1:9573280",3,10,7
"PIEZO1","s1639_F_LS_02_ASEReadCounter.table","NW_015090842.1:9573566",4,8,4
"PIEZO1","s1639_F_LS_02_ASEReadCounter.table","NW_015090842.1:9575341",3,7,4
"PIEZO1","s1639_F_LS_02_ASEReadCounter.table","NW_015090842.1:9575367",2,5,3
"PIEZO1","s1639_F_LS_02_ASEReadCounter.table","NW_015090842.1:9575645",1,6,5
"PIEZO1","s1639_F_LS_02_ASEReadCounter.table","NW_015090842.1:9575696",2,12,10
"PIEZO1","s1639_F_LS_02_ASEReadCounter.table","NW_015090842.1:9575897",1,6,5
"PIEZO1","s1639_F_LS_02_ASEReadCounter.table","NW_015090842.1:9576060",2,5,3
"PIEZO1","s1639_F_LS_02_ASEReadCounter.table","NW_015090842.1:9576087",1,5,4
"PIEZO1","s1639_F_LS_02_ASEReadCounter.table","NW_015090842.1:9576093",2,6,4
"PIEZO1","s1639_F_LS_02_ASEReadCounter.table","NW_015090842.1:9576120",2,7,5
"PIEZO1","s1639_F_LS_02_ASEReadCounter.table","NW_015090842.1:9576687",2,6,4
"PIEZO1","s1639_F_LS_02_ASEReadCounter.table","NW_015090842.1:9576710",6,7,1
"PIEZO1","s1639_F_LS_02_ASEReadCounter.table","NW_015090842.1:9576723",1,7,6
"PIEZO1","s1639_F_LS_02_ASEReadCounter.table","NW_015090842.1:9578268",4,7,3
"PIEZO1","s1639_F_LS_02_ASEReadCounter.table","NW_015090842.1:9578770",3,5,2
"PIEZO1","s1639_F_LS_02_ASEReadCounter.table","NW_015090842.1:9578806",3,7,4
"PIEZO1","s1639_F_LS_02_ASEReadCounter.table","NW_015090842.1:9579064",3,4,1
"PIEZO1","s1639_F_LS_02_ASEReadCounter.table","NW_015090842.1:9579065",3,4,1
"PIEZO1","s1639_F_LS_02_ASEReadCounter.table","NW_015090842.1:9579347",1,1,0
"PIEZO1","s1639_F_LS_02_ASEReadCounter.table","NW_015090842.1:9580765",3,6,3
"PIEZO1","s1639_F_LS_02_ASEReadCounter.table","NW_015090842.1:9580996",4,4,0
"PIEZO1","s1639_F_LS_02_ASEReadCounter.table","NW_015090842.1:9581101",2,4,2
"PIEZO1","s1639_F_LS_02_ASEReadCounter.table","NW_015090842.1:9581299",1,4,3
"PIEZO1","s1639_F_LS_02_ASEReadCounter.table","NW_015090842.1:9581875",1,1,0
"PIEZO1","s1639_F_LS_02_ASEReadCounter.table","NW_015090842.1:9582046",1,2,1
"PIEZO1","s1639_F_LS_02_ASEReadCounter.table","NW_015090842.1:9582961",0,1,1
"PIEZO1","s1639_F_LS_02_ASEReadCounter.table","NW_015090842.1:9583298",0,3,3
"PIEZO1","s1639_F_LS_02_ASEReadCounter.table","NW_015090842.1:9584337",1,3,2
"PIEZO1","s1639_F_LS_02_ASEReadCounter.table","NW_015090842.1:9584425",3,8,5
"PIEZO1","s1639_F_LS_02_ASEReadCounter.table","NW_015090842.1:9584435",3,7,4
"PIEZO1","s1639_F_LS_02_ASEReadCounter.table","NW_015090842.1:9584438",3,7,4
"PIEZO1","s1639_F_LS_02_ASEReadCounter.table","NW_015090842.1:9584441",3,6,3
"CDT1","s1639_F_LS_02_ASEReadCounter.table","NW_015090842.1:9596596",2,3,1
"CDT1","s1639_F_LS_02_ASEReadCounter.table","NW_015090842.1:9596766",3,5,2
"CDT1","s1639_F_LS_02_ASEReadCounter.table","NW_015090842.1:9597054",4,10,6
"CDT1","s1639_F_LS_02_ASEReadCounter.table","NW_015090842.1:9597074",3,8,5
"CDT1","s1639_F_LS_02_ASEReadCounter.table","NW_015090842.1:9597137",2,4,2
"CDT1","s1639_F_LS_02_ASEReadCounter.table","NW_015090842.1:9597756",3,5,2
"CDT1","s1639_F_LS_02_ASEReadCounter.table","NW_015090842.1:9597766",3,5,2
"CDT1","s1639_F_LS_02_ASEReadCounter.table","NW_015090842.1:9598496",5,7,2
"CDT1","s1639_F_LS_02_ASEReadCounter.table","NW_015090842.1:9598498",5,7,2
"CDT1","s1639_F_LS_02_ASEReadCounter.table","NW_015090842.1:9598816",3,4,1
"CDT1","s1639_F_LS_02_ASEReadCounter.table","NW_015090842.1:9598879",7,9,2
"CDT1","s1639_F_LS_02_ASEReadCounter.table","NW_015090842.1:9598912",13,14,1
"CDT1","s1639_F_LS_02_ASEReadCounter.table","NW_015090842.1:9598959",9,11,2
"CDT1","s1639_F_LS_02_ASEReadCounter.table","NW_015090842.1:9599807",4,8,4
"CDT1","s1639_F_LS_02_ASEReadCounter.table","NW_015090842.1:9599819",5,9,4
"CDT1","s1639_F_LS_02_ASEReadCounter.table","NW_015090842.1:9599845",7,12,5
"CDT1","s1639_F_LS_02_ASEReadCounter.table","NW_015090842.1:9600148",9,14,5
"CDT1","s1639_F_LS_02_ASEReadCounter.table","NW_015090842.1:9600151",8,13,5
"CDT1","s1639_F_LS_02_ASEReadCounter.table","NW_015090842.1:9600217",10,15,5
"CDT1","s1639_F_LS_02_ASEReadCounter.table","NW_015090842.1:9600226",9,13,4
"CDT1","s1639_F_LS_02_ASEReadCounter.table","NW_015090842.1:9600260",9,13,4
"CDT1","s1639_F_LS_02_ASEReadCounter.table","NW_015090842.1:9600268",8,12,4
"CDT1","s1639_F_LS_02_ASEReadCounter.table","NW_015090842.1:9600305",9,13,4
"CDT1","s1639_F_LS_02_ASEReadCounter.table","NW_015090842.1:9600397",8,12,4
"CDT1","s1639_F_LS_02_ASEReadCounter.table","NW_015090842.1:9600447",4,6,2
"CDT1","s1639_F_LS_02_ASEReadCounter.table","NW_015090842.1:9600450",5,7,2
"CDT1","s1639_F_LS_02_ASEReadCounter.table","NW_015090842.1:9600485",8,13,5
"CDT1","s1639_F_LS_02_ASEReadCounter.table","NW_015090842.1:9600579",13,18,5
"APRT","s1639_F_LS_02_ASEReadCounter.table","NW_015090842.1:9602308",34,94,60
"APRT","s1639_F_LS_02_ASEReadCounter.table","NW_015090842.1:9602440",48,148,100
"APRT","s1639_F_LS_02_ASEReadCounter.table","NW_015090842.1:9602449",52,154,102
"APRT","s1639_F_LS_02_ASEReadCounter.table","NW_015090842.1:9602451",51,154,103
"APRT","s1639_F_LS_02_ASEReadCounter.table","NW_015090842.1:9602455",53,154,101
"APRT","s1639_F_LS_02_ASEReadCounter.table","NW_015090842.1:9602462",51,146,95
"APRT","s1639_F_LS_02_ASEReadCounter.table","NW_015090842.1:9602507",46,126,80
"APRT","s1639_F_LS_02_ASEReadCounter.table","NW_015090842.1:9602514",48,129,81
"APRT","s1639_F_LS_02_ASEReadCounter.table","NW_015090842.1:9602530",43,115,72
"APRT","s1639_F_LS_02_ASEReadCounter.table","NW_015090842.1:9602582",26,106,80
"APRT","s1639_F_LS_02_ASEReadCounter.table","NW_015090842.1:9602583",28,110,82
"APRT","s1639_F_LS_02_ASEReadCounter.table","NW_015090842.1:9602650",44,135,91
"APRT","s1639_F_LS_02_ASEReadCounter.table","NW_015090842.1:9602655",44,122,78
"APRT","s1639_F_LS_02_ASEReadCounter.table","NW_015090842.1:9602712",35,138,103
"APRT","s1639_F_LS_02_ASEReadCounter.table","NW_015090842.1:9602764",24,113,89
"APRT","s1639_F_LS_02_ASEReadCounter.table","NW_015090842.1:9602821",25,88,63
"APRT","s1639_F_LS_02_ASEReadCounter.table","NW_015090842.1:9602867",44,94,50
"APRT","s1639_F_LS_02_ASEReadCounter.table","NW_015090842.1:9602883",43,97,54
"APRT","s1639_F_LS_02_ASEReadCounter.table","NW_015090842.1:9602886",43,98,55
"APRT","s1639_F_LS_02_ASEReadCounter.table","NW_015090842.1:9602948",36,96,60
"APRT","s1639_F_LS_02_ASEReadCounter.table","NW_015090842.1:9602958",32,98,66
"APRT","s1639_F_LS_02_ASEReadCounter.table","NW_015090842.1:9603020",45,128,83
"APRT","s1639_F_LS_02_ASEReadCounter.table","NW_015090842.1:9603025",49,133,84
"APRT","s1639_F_LS_02_ASEReadCounter.table","NW_015090842.1:9603154",32,97,65
"APRT","s1639_F_LS_02_ASEReadCounter.table","NW_015090842.1:9603166",38,111,73
"APRT","s1639_F_LS_02_ASEReadCounter.table","NW_015090842.1:9603326",25,81,56
"APRT","s1639_F_LS_02_ASEReadCounter.table","NW_015090842.1:9603419",27,73,46
"APRT","s1639_F_LS_02_ASEReadCounter.table","NW_015090842.1:9603420",27,72,45
"APRT","s1639_F_LS_02_ASEReadCounter.table","NW_015090842.1:9603464",21,59,38
"APRT","s1639_F_LS_02_ASEReadCounter.table","NW_015090842.1:9603528",25,85,60
"APRT","s1639_F_LS_02_ASEReadCounter.table","NW_015090842.1:9603607",18,70,52
"APRT","s1639_F_LS_02_ASEReadCounter.table","NW_015090842.1:9603622",18,56,38
"APRT","s1639_F_LS_02_ASEReadCounter.table","NW_015090842.1:9604361",14,53,39
"APRT","s1639_F_LS_02_ASEReadCounter.table","NW_015090842.1:9605317",8,30,22
"APRT","s1639_F_LS_02_ASEReadCounter.table","NW_015090842.1:9605336",7,30,23
"GALNS","s1639_F_LS_02_ASEReadCounter.table","NW_015090842.1:9612872",2,5,3
"GALNS","s1639_F_LS_02_ASEReadCounter.table","NW_015090842.1:9612873",2,5,3
"GALNS","s1639_F_LS_02_ASEReadCounter.table","NW_015090842.1:9612877",2,5,3
"GALNS","s1639_F_LS_02_ASEReadCounter.table","NW_015090842.1:9612942",8,27,19
"GALNS","s1639_F_LS_02_ASEReadCounter.table","NW_015090842.1:9612987",24,24,0
"GALNS","s1639_F_LS_02_ASEReadCounter.table","NW_015090842.1:9613064",14,30,16
"GALNS","s1639_F_LS_02_ASEReadCounter.table","NW_015090842.1:9613096",20,38,18
"GALNS","s1639_F_LS_02_ASEReadCounter.table","NW_015090842.1:9613123",16,32,16
"GALNS","s1639_F_LS_02_ASEReadCounter.table","NW_015090842.1:9613125",15,29,14
"GALNS","s1639_F_LS_02_ASEReadCounter.table","NW_015090842.1:9613193",14,30,16
"GALNS","s1639_F_LS_02_ASEReadCounter.table","NW_015090842.1:9613226",17,35,18
"GALNS","s1639_F_LS_02_ASEReadCounter.table","NW_015090842.1:9613249",13,30,17
"GALNS","s1639_F_LS_02_ASEReadCounter.table","NW_015090842.1:9613256",15,35,20
"GALNS","s1639_F_LS_02_ASEReadCounter.table","NW_015090842.1:9613317",12,30,18
"GALNS","s1639_F_LS_02_ASEReadCounter.table","NW_015090842.1:9613343",17,27,10
"GALNS","s1639_F_LS_02_ASEReadCounter.table","NW_015090842.1:9613344",17,27,10
"GALNS","s1639_F_LS_02_ASEReadCounter.table","NW_015090842.1:9613371",16,27,11
"GALNS","s1639_F_LS_02_ASEReadCounter.table","NW_015090842.1:9613378",16,29,13
"GALNS","s1639_F_LS_02_ASEReadCounter.table","NW_015090842.1:9613379",16,29,13
"GALNS","s1639_F_LS_02_ASEReadCounter.table","NW_015090842.1:9613516",5,16,11
"GALNS","s1639_F_LS_02_ASEReadCounter.table","NW_015090842.1:9613572",8,17,9
"GALNS","s1639_F_LS_02_ASEReadCounter.table","NW_015090842.1:9613597",7,19,12
"GALNS","s1639_F_LS_02_ASEReadCounter.table","NW_015090842.1:9613627",7,20,13
"GALNS","s1639_F_LS_02_ASEReadCounter.table","NW_015090842.1:9613640",9,23,14
"GALNS","s1639_F_LS_02_ASEReadCounter.table","NW_015090842.1:9614025",5,13,8
"GALNS","s1639_F_LS_02_ASEReadCounter.table","NW_015090842.1:9614169",8,18,10
"GALNS","s1639_F_LS_02_ASEReadCounter.table","NW_015090842.1:9614232",17,17,0
"GALNS","s1639_F_LS_02_ASEReadCounter.table","NW_015090842.1:9614667",4,9,5
"GALNS","s1639_F_LS_02_ASEReadCounter.table","NW_015090842.1:9614709",5,11,6
"GALNS","s1639_F_LS_02_ASEReadCounter.table","NW_015090842.1:9614880",7,16,9
"GALNS","s1639_F_LS_02_ASEReadCounter.table","NW_015090842.1:9614902",4,13,9
"GALNS","s1639_F_LS_02_ASEReadCounter.table","NW_015090842.1:9614960",6,8,2
"GALNS","s1639_F_LS_02_ASEReadCounter.table","NW_015090842.1:9615114",9,14,5
"GALNS","s1639_F_LS_02_ASEReadCounter.table","NW_015090842.1:9615199",9,10,1
"GALNS","s1639_F_LS_02_ASEReadCounter.table","NW_015090842.1:9615217",6,6,0
"GALNS","s1639_F_LS_02_ASEReadCounter.table","NW_015090842.1:9615277",1,2,1
"GALNS","s1639_F_LS_02_ASEReadCounter.table","NW_015090842.1:9615377",5,12,7
"GALNS","s1639_F_LS_02_ASEReadCounter.table","NW_015090842.1:9647858",2,4,2
"GALNS","s1639_F_LS_02_ASEReadCounter.table","NW_015090842.1:9649186",1,5,4
"GALNS","s1639_F_LS_02_ASEReadCounter.table","NW_015090842.1:9649237",1,5,4
"GALNS","s1639_F_LS_02_ASEReadCounter.table","NW_015090842.1:9661193",1,2,1
"TRAPPC2L","s1639_F_LS_02_ASEReadCounter.table","NW_015090842.1:9662951",90,172,82
"TRAPPC2L","s1639_F_LS_02_ASEReadCounter.table","NW_015090842.1:9663014",84,168,84
"TRAPPC2L","s1639_F_LS_02_ASEReadCounter.table","NW_015090842.1:9664305",152,152,0
"TRAPPC2L","s1639_F_LS_02_ASEReadCounter.table","NW_015090842.1:9665155",94,163,69
"TRAPPC2L","s1639_F_LS_02_ASEReadCounter.table","NW_015090842.1:9665211",37,66,29
"CBFA2T3","s1639_F_LS_02_ASEReadCounter.table","NW_015090842.1:9709469",0,15,15
"CBFA2T3","s1639_F_LS_02_ASEReadCounter.table","NW_015090842.1:9709475",0,15,15
"CBFA2T3","s1639_F_LS_02_ASEReadCounter.table","NW_015090842.1:9712157",0,2,2
"CBFA2T3","s1639_F_LS_02_ASEReadCounter.table","NW_015090842.1:9712160",0,2,2
"CBFA2T3","s1639_F_LS_02_ASEReadCounter.table","NW_015090842.1:9712166",0,3,3
"CBFA2T3","s1639_F_LS_02_ASEReadCounter.table","NW_015090842.1:9712536",1,3,2
"CBFA2T3","s1639_F_LS_02_ASEReadCounter.table","NW_015090842.1:9712673",0,4,4
"CBFA2T3","s1639_F_LS_02_ASEReadCounter.table","NW_015090842.1:9712787",0,3,3
"CBFA2T3","s1639_F_LS_02_ASEReadCounter.table","NW_015090842.1:9712791",0,3,3
"CBFA2T3","s1639_F_LS_02_ASEReadCounter.table","NW_015090842.1:9712805",1,3,2
"CBFA2T3","s1639_F_LS_02_ASEReadCounter.table","NW_015090842.1:9712811",1,5,4
"CBFA2T3","s1639_F_LS_02_ASEReadCounter.table","NW_015090842.1:9712848",3,8,5
"CBFA2T3","s1639_F_LS_02_ASEReadCounter.table","NW_015090842.1:9713088",1,3,2
"CBFA2T3","s1639_F_LS_02_ASEReadCounter.table","NW_015090842.1:9713121",3,4,1
"CBFA2T3","s1639_F_LS_02_ASEReadCounter.table","NW_015090842.1:9717058",2,5,3
"CBFA2T3","s1639_F_LS_02_ASEReadCounter.table","NW_015090842.1:9717093",2,6,4
"CBFA2T3","s1639_F_LS_02_ASEReadCounter.table","NW_015090842.1:9717114",3,5,2
"CBFA2T3","s1639_F_LS_02_ASEReadCounter.table","NW_015090842.1:9717139",4,5,1
"CBFA2T3","s1639_F_LS_02_ASEReadCounter.table","NW_015090842.1:9719788",2,4,2
"CBFA2T3","s1639_F_LS_02_ASEReadCounter.table","NW_015090842.1:9728475",0,2,2
"CBFA2T3","s1639_F_LS_02_ASEReadCounter.table","NW_015090842.1:9728522",0,1,1
"CBFA2T3","s1639_F_LS_02_ASEReadCounter.table","NW_015090842.1:9728525",0,1,1
"CBFA2T3","s1639_F_LS_02_ASEReadCounter.table","NW_015090842.1:9728588",0,1,1
"CBFA2T3","s1639_F_LS_02_ASEReadCounter.table","NW_015090842.1:9728601",0,1,1
"CBFA2T3","s1639_F_LS_02_ASEReadCounter.table","NW_015090842.1:9728611",0,1,1
"ACSF3","s1639_F_LS_02_ASEReadCounter.table","NW_015090842.1:9773379",1,1,0
"ACSF3","s1639_F_LS_02_ASEReadCounter.table","NW_015090842.1:9773382",1,1,0
"ACSF3","s1639_F_LS_02_ASEReadCounter.table","NW_015090842.1:9773384",1,1,0
"ACSF3","s1639_F_LS_02_ASEReadCounter.table","NW_015090842.1:9773388",1,1,0
"ACSF3","s1639_F_LS_02_ASEReadCounter.table","NW_015090842.1:9776753",7,9,2
"ACSF3","s1639_F_LS_02_ASEReadCounter.table","NW_015090842.1:9776783",7,9,2
"ACSF3","s1639_F_LS_02_ASEReadCounter.table","NW_015090842.1:9776879",3,6,3
"ACSF3","s1639_F_LS_02_ASEReadCounter.table","NW_015090842.1:9776965",6,10,4
"ACSF3","s1639_F_LS_02_ASEReadCounter.table","NW_015090842.1:9777091",4,10,6
"ACSF3","s1639_F_LS_02_ASEReadCounter.table","NW_015090842.1:9777206",2,8,6
"ACSF3","s1639_F_LS_02_ASEReadCounter.table","NW_015090842.1:9777283",7,15,8
"ACSF3","s1639_F_LS_02_ASEReadCounter.table","NW_015090842.1:9778955",12,26,14
"ACSF3","s1639_F_LS_02_ASEReadCounter.table","NW_015090842.1:9778997",14,32,18
"ACSF3","s1639_F_LS_02_ASEReadCounter.table","NW_015090842.1:9789311",9,23,14
"ACSF3","s1639_F_LS_02_ASEReadCounter.table","NW_015090842.1:9789906",0,23,23
"ACSF3","s1639_F_LS_02_ASEReadCounter.table","NW_015090842.1:9834743",27,62,35
"ACSF3","s1639_F_LS_02_ASEReadCounter.table","NW_015090842.1:9834852",38,81,43
"ACSF3","s1639_F_LS_02_ASEReadCounter.table","NW_015090842.1:9834861",34,74,40
"ACSF3","s1639_F_LS_02_ASEReadCounter.table","NW_015090842.1:9839359",16,54,38
"ACSF3","s1639_F_LS_02_ASEReadCounter.table","NW_015090842.1:9839378",18,56,38
"ACSF3","s1639_F_LS_02_ASEReadCounter.table","NW_015090842.1:9839455",26,60,34
"ACSF3","s1639_F_LS_02_ASEReadCounter.table","NW_015090842.1:9839457",26,56,30
"ACSF3","s1639_F_LS_02_ASEReadCounter.table","NW_015090842.1:9839489",17,55,38
"ACSF3","s1639_F_LS_02_ASEReadCounter.table","NW_015090842.1:9839500",15,50,35
"ACSF3","s1639_F_LS_02_ASEReadCounter.table","NW_015090842.1:9839501",15,50,35
"ACSF3","s1639_F_LS_02_ASEReadCounter.table","NW_015090842.1:9839504",17,52,35
"ACSF3","s1639_F_LS_02_ASEReadCounter.table","NW_015090842.1:9839512",16,44,28
"ACSF3","s1639_F_LS_02_ASEReadCounter.table","NW_015090842.1:9839527",12,39,27
"ACSF3","s1639_F_LS_02_ASEReadCounter.table","NW_015090842.1:9839533",4,28,24
"ACSF3","s1639_F_LS_02_ASEReadCounter.table","NW_015090842.1:9839535",4,26,22
"ACSF3","s1639_F_LS_02_ASEReadCounter.table","NW_015090842.1:9839545",4,25,21
"ACSF3","s1639_F_LS_02_ASEReadCounter.table","NW_015090842.1:9839550",4,24,20
"ACSF3","s1639_F_LS_02_ASEReadCounter.table","NW_015090842.1:9839551",4,24,20
"CDH15","s1639_F_LS_02_ASEReadCounter.table","NW_015090842.1:9847163",1,1,0
"CDH15","s1639_F_LS_02_ASEReadCounter.table","NW_015090842.1:9847174",1,1,0
"CDH15","s1639_F_LS_02_ASEReadCounter.table","NW_015090842.1:9848552",1,1,0
"CDH15","s1639_F_LS_02_ASEReadCounter.table","NW_015090842.1:9849086",0,1,1
"CDH15","s1639_F_LS_02_ASEReadCounter.table","NW_015090842.1:9849119",0,1,1
"CDH15","s1639_F_LS_02_ASEReadCounter.table","NW_015090842.1:9849140",0,1,1
"CDH15","s1639_F_LS_02_ASEReadCounter.table","NW_015090842.1:9849473",1,1,0
"CDH15","s1639_F_LS_02_ASEReadCounter.table","NW_015090842.1:9850141",1,2,1
"SLC22A31","s1639_F_LS_02_ASEReadCounter.table","NW_015090842.1:9850797",0,2,2
"SLC22A31","s1639_F_LS_02_ASEReadCounter.table","NW_015090842.1:9850818",0,3,3
"SLC22A31","s1639_F_LS_02_ASEReadCounter.table","NW_015090842.1:9850929",0,2,2
"SLC22A31","s1639_F_LS_02_ASEReadCounter.table","NW_015090842.1:9850936",0,3,3
"SLC22A31","s1639_F_LS_02_ASEReadCounter.table","NW_015090842.1:9850940",0,3,3
"SLC22A31","s1639_F_LS_02_ASEReadCounter.table","NW_015090842.1:9850948",0,3,3
"SLC22A31","s1639_F_LS_02_ASEReadCounter.table","NW_015090842.1:9850961",0,3,3
"SLC22A31","s1639_F_LS_02_ASEReadCounter.table","NW_015090842.1:9850970",0,2,2
"SLC22A31","s1639_F_LS_02_ASEReadCounter.table","NW_015090842.1:9851117",7,17,10
"SLC22A31","s1639_F_LS_02_ASEReadCounter.table","NW_015090842.1:9851130",7,17,10
"SLC22A31","s1639_F_LS_02_ASEReadCounter.table","NW_015090842.1:9851139",7,17,10
"SLC22A31","s1639_F_LS_02_ASEReadCounter.table","NW_015090842.1:9851265",5,19,14
"SLC22A31","s1639_F_LS_02_ASEReadCounter.table","NW_015090842.1:9851302",4,21,17
"SLC22A31","s1639_F_LS_02_ASEReadCounter.table","NW_015090842.1:9851303",4,23,19
"SLC22A31","s1639_F_LS_02_ASEReadCounter.table","NW_015090842.1:9851305",4,23,19
"SLC22A31","s1639_F_LS_02_ASEReadCounter.table","NW_015090842.1:9851343",5,21,16
"SLC22A31","s1639_F_LS_02_ASEReadCounter.table","NW_015090842.1:9851344",8,23,15
"SLC22A31","s1639_F_LS_02_ASEReadCounter.table","NW_015090842.1:9851361",22,22,0
"SLC22A31","s1639_F_LS_02_ASEReadCounter.table","NW_015090842.1:9851381",10,26,16
"SLC22A31","s1639_F_LS_02_ASEReadCounter.table","NW_015090842.1:9851421",8,23,15
"SLC22A31","s1639_F_LS_02_ASEReadCounter.table","NW_015090842.1:9851501",3,10,7
"SLC22A31","s1639_F_LS_02_ASEReadCounter.table","NW_015090842.1:9851526",4,15,11
"SLC22A31","s1639_F_LS_02_ASEReadCounter.table","NW_015090842.1:9851589",6,21,15
"SLC22A31","s1639_F_LS_02_ASEReadCounter.table","NW_015090842.1:9851712",7,14,7
"SLC22A31","s1639_F_LS_02_ASEReadCounter.table","NW_015090842.1:9851899",7,15,8
"SLC22A31","s1639_F_LS_02_ASEReadCounter.table","NW_015090842.1:9852139",7,14,7
"SLC22A31","s1639_F_LS_02_ASEReadCounter.table","NW_015090842.1:9852380",9,17,8
"SLC22A31","s1639_F_LS_02_ASEReadCounter.table","NW_015090842.1:9852431",6,15,9
"SLC22A31","s1639_F_LS_02_ASEReadCounter.table","NW_015090842.1:9852630",2,9,7
"SLC22A31","s1639_F_LS_02_ASEReadCounter.table","NW_015090842.1:9852711",3,9,6
"SLC22A31","s1639_F_LS_02_ASEReadCounter.table","NW_015090842.1:9853099",1,5,4
"SLC22A31","s1639_F_LS_02_ASEReadCounter.table","NW_015090842.1:9853102",1,6,5
"SLC22A31","s1639_F_LS_02_ASEReadCounter.table","NW_015090842.1:9853421",2,3,1
"SLC22A31","s1639_F_LS_02_ASEReadCounter.table","NW_015090842.1:9853457",1,3,2
"SLC22A31","s1639_F_LS_02_ASEReadCounter.table","NW_015090842.1:9853502",1,3,2
"ANKRD11","s1639_F_LS_02_ASEReadCounter.table","NW_015090842.1:9858863",10,21,11
"ANKRD11","s1639_F_LS_02_ASEReadCounter.table","NW_015090842.1:9859101",155,313,158
"ANKRD11","s1639_F_LS_02_ASEReadCounter.table","NW_015090842.1:9859352",203,421,218
"ANKRD11","s1639_F_LS_02_ASEReadCounter.table","NW_015090842.1:9859381",93,277,184
"ANKRD11","s1639_F_LS_02_ASEReadCounter.table","NW_015090842.1:9859679",167,332,165
"ANKRD11","s1639_F_LS_02_ASEReadCounter.table","NW_015090842.1:9861097",90,210,120
"ANKRD11","s1639_F_LS_02_ASEReadCounter.table","NW_015090842.1:9862571",53,112,59
"ANKRD11","s1639_F_LS_02_ASEReadCounter.table","NW_015090842.1:9862652",39,67,28
"ANKRD11","s1639_F_LS_02_ASEReadCounter.table","NW_015090842.1:9866071",0,62,62
"ANKRD11","s1639_F_LS_02_ASEReadCounter.table","NW_015090842.1:9866200",0,59,59
"ANKRD11","s1639_F_LS_02_ASEReadCounter.table","NW_015090842.1:9867391",9,24,15
"ANKRD11","s1639_F_LS_02_ASEReadCounter.table","NW_015090842.1:9867472",15,38,23
"ANKRD11","s1639_F_LS_02_ASEReadCounter.table","NW_015090842.1:9867559",14,37,23
"ANKRD11","s1639_F_LS_02_ASEReadCounter.table","NW_015090842.1:9867667",19,41,22
"ANKRD11","s1639_F_LS_02_ASEReadCounter.table","NW_015090842.1:9867934",20,41,21
"ANKRD11","s1639_F_LS_02_ASEReadCounter.table","NW_015090842.1:9868064",15,28,13
"ANKRD11","s1639_F_LS_02_ASEReadCounter.table","NW_015090842.1:9868093",17,33,16
"ANKRD11","s1639_F_LS_02_ASEReadCounter.table","NW_015090842.1:9868222",34,53,19
"ANKRD11","s1639_F_LS_02_ASEReadCounter.table","NW_015090842.1:9868327",29,51,22
"ANKRD11","s1639_F_LS_02_ASEReadCounter.table","NW_015090842.1:9868414",38,69,31
"ANKRD11","s1639_F_LS_02_ASEReadCounter.table","NW_015090842.1:9868441",34,65,31
"ANKRD11","s1639_F_LS_02_ASEReadCounter.table","NW_015090842.1:9868444",33,65,32
"ANKRD11","s1639_F_LS_02_ASEReadCounter.table","NW_015090842.1:9868519",48,83,35
"ANKRD11","s1639_F_LS_02_ASEReadCounter.table","NW_015090842.1:9868609",57,125,68
"ANKRD11","s1639_F_LS_02_ASEReadCounter.table","NW_015090842.1:9868666",64,138,74
"ANKRD11","s1639_F_LS_02_ASEReadCounter.table","NW_015090842.1:9868738",168,168,0
"ANKRD11","s1639_F_LS_02_ASEReadCounter.table","NW_015090842.1:9869431",156,296,140
"ANKRD11","s1639_F_LS_02_ASEReadCounter.table","NW_015090842.1:9869578",241,467,226
"ANKRD11","s1639_F_LS_02_ASEReadCounter.table","NW_015090842.1:9869734",228,455,227
"ANKRD11","s1639_F_LS_02_ASEReadCounter.table","NW_015090842.1:9870070",229,471,242
"ANKRD11","s1639_F_LS_02_ASEReadCounter.table","NW_015090842.1:9870349",273,559,286
"ANKRD11","s1639_F_LS_02_ASEReadCounter.table","NW_015090842.1:9870604",333,660,327
"ANKRD11","s1639_F_LS_02_ASEReadCounter.table","NW_015090842.1:9870613",367,684,317
"ANKRD11","s1639_F_LS_02_ASEReadCounter.table","NW_015090842.1:9870685",382,769,387
"ANKRD11","s1639_F_LS_02_ASEReadCounter.table","NW_015090842.1:9870760",347,759,412
"ANKRD11","s1639_F_LS_02_ASEReadCounter.table","NW_015090842.1:9870847",317,669,352
"ANKRD11","s1639_F_LS_02_ASEReadCounter.table","NW_015090842.1:9871103",226,455,229
"ANKRD11","s1639_F_LS_02_ASEReadCounter.table","NW_015090842.1:9871165",224,480,256
"ANKRD11","s1639_F_LS_02_ASEReadCounter.table","NW_015090842.1:9871508",245,245,0
"ANKRD11","s1639_F_LS_02_ASEReadCounter.table","NW_015090842.1:9871820",35,86,51
"ANKRD11","s1639_F_LS_02_ASEReadCounter.table","NW_015090842.1:9872118",47,86,39
"ANKRD11","s1639_F_LS_02_ASEReadCounter.table","NW_015090842.1:9877406",10,26,16
"SPG7","s1639_F_LS_02_ASEReadCounter.table","NW_015090842.1:10051190",48,90,42
"SPG7","s1639_F_LS_02_ASEReadCounter.table","NW_015090842.1:10051218",57,110,53
"SPG7","s1639_F_LS_02_ASEReadCounter.table","NW_015090842.1:10052348",56,110,54
"SPG7","s1639_F_LS_02_ASEReadCounter.table","NW_015090842.1:10052366",54,101,47
"SPG7","s1639_F_LS_02_ASEReadCounter.table","NW_015090842.1:10065173",97,183,86
"SPG7","s1639_F_LS_02_ASEReadCounter.table","NW_015090842.1:10065215",87,165,78
"SPG7","s1639_F_LS_02_ASEReadCounter.table","NW_015090842.1:10066365",77,158,81
"SPG7","s1639_F_LS_02_ASEReadCounter.table","NW_015090842.1:10069752",93,183,90
"SPG7","s1639_F_LS_02_ASEReadCounter.table","NW_015090842.1:10069800",109,240,131
"SPG7","s1639_F_LS_02_ASEReadCounter.table","NW_015090842.1:10071192",141,299,158
"SPG7","s1639_F_LS_02_ASEReadCounter.table","NW_015090842.1:10071219",133,280,147
"SPG7","s1639_F_LS_02_ASEReadCounter.table","NW_015090842.1:10071967",147,273,126
"SPG7","s1639_F_LS_02_ASEReadCounter.table","NW_015090842.1:10075109",274,499,225
"SPG7","s1639_F_LS_02_ASEReadCounter.table","NW_015090842.1:10075114",288,514,226
"SPG7","s1639_F_LS_02_ASEReadCounter.table","NW_015090842.1:10075198",257,435,178
"SPG7","s1639_F_LS_02_ASEReadCounter.table","NW_015090842.1:10075487",226,409,183
"SPG7","s1639_F_LS_02_ASEReadCounter.table","NW_015090842.1:10075488",226,412,186
"SPG7","s1639_F_LS_02_ASEReadCounter.table","NW_015090842.1:10075548",163,299,136
"RPL13","s1639_F_LS_02_ASEReadCounter.table","NW_015090842.1:10077387",395,825,430
"RPL13","s1639_F_LS_02_ASEReadCounter.table","NW_015090842.1:10077978",639,1320,681
"RPL13","s1639_F_LS_02_ASEReadCounter.table","NW_015090842.1:10077992",642,1295,653
"CPNE7","s1639_F_LS_02_ASEReadCounter.table","NW_015090842.1:10084001",6,15,9
"CPNE7","s1639_F_LS_02_ASEReadCounter.table","NW_015090842.1:10084856",4,10,6
"CPNE7","s1639_F_LS_02_ASEReadCounter.table","NW_015090842.1:10084872",5,11,6
"CPNE7","s1639_F_LS_02_ASEReadCounter.table","NW_015090842.1:10084892",6,15,9
"CPNE7","s1639_F_LS_02_ASEReadCounter.table","NW_015090842.1:10084921",7,19,12
"CPNE7","s1639_F_LS_02_ASEReadCounter.table","NW_015090842.1:10084935",4,16,12
"CPNE7","s1639_F_LS_02_ASEReadCounter.table","NW_015090842.1:10085000",5,11,6
"CPNE7","s1639_F_LS_02_ASEReadCounter.table","NW_015090842.1:10085089",5,13,8
"CPNE7","s1639_F_LS_02_ASEReadCounter.table","NW_015090842.1:10085096",6,15,9
"CPNE7","s1639_F_LS_02_ASEReadCounter.table","NW_015090842.1:10085126",10,22,12
"CPNE7","s1639_F_LS_02_ASEReadCounter.table","NW_015090842.1:10085167",22,22,0
"CPNE7","s1639_F_LS_02_ASEReadCounter.table","NW_015090842.1:10085180",13,22,9
"CPNE7","s1639_F_LS_02_ASEReadCounter.table","NW_015090842.1:10085201",9,17,8
"CPNE7","s1639_F_LS_02_ASEReadCounter.table","NW_015090842.1:10088134",17,42,25
"CPNE7","s1639_F_LS_02_ASEReadCounter.table","NW_015090842.1:10088146",18,42,24
"CPNE7","s1639_F_LS_02_ASEReadCounter.table","NW_015090842.1:10088806",34,46,12
"CPNE7","s1639_F_LS_02_ASEReadCounter.table","NW_015090842.1:10088940",38,61,23
"CPNE7","s1639_F_LS_02_ASEReadCounter.table","NW_015090842.1:10088965",26,45,19
"CPNE7","s1639_F_LS_02_ASEReadCounter.table","NW_015090842.1:10088967",25,43,18
"CPNE7","s1639_F_LS_02_ASEReadCounter.table","NW_015090842.1:10088973",26,46,20
"CPNE7","s1639_F_LS_02_ASEReadCounter.table","NW_015090842.1:10090924",56,97,41
"CPNE7","s1639_F_LS_02_ASEReadCounter.table","NW_015090842.1:10090930",54,95,41
"CPNE7","s1639_F_LS_02_ASEReadCounter.table","NW_015090842.1:10091075",51,101,50
"CPNE7","s1639_F_LS_02_ASEReadCounter.table","NW_015090842.1:10091389",68,140,72
"CPNE7","s1639_F_LS_02_ASEReadCounter.table","NW_015090842.1:10091407",70,145,75
"CPNE7","s1639_F_LS_02_ASEReadCounter.table","NW_015090842.1:10091488",117,117,0
"CPNE7","s1639_F_LS_02_ASEReadCounter.table","NW_015090842.1:10091491",124,124,0
"CPNE7","s1639_F_LS_02_ASEReadCounter.table","NW_015090842.1:10091530",59,134,75
"CPNE7","s1639_F_LS_02_ASEReadCounter.table","NW_015090842.1:10091875",87,183,96
"CPNE7","s1639_F_LS_02_ASEReadCounter.table","NW_015090842.1:10091983",99,174,75
"CPNE7","s1639_F_LS_02_ASEReadCounter.table","NW_015090842.1:10091997",98,173,75
"CPNE7","s1639_F_LS_02_ASEReadCounter.table","NW_015090842.1:10092038",58,101,43
"CPNE7","s1639_F_LS_02_ASEReadCounter.table","NW_015090842.1:10092140",54,123,69
"CPNE7","s1639_F_LS_02_ASEReadCounter.table","NW_015090842.1:10092183",45,95,50
"CPNE7","s1639_F_LS_02_ASEReadCounter.table","NW_015090842.1:10092201",39,78,39
"CPNE7","s1639_F_LS_02_ASEReadCounter.table","NW_015090842.1:10092230",34,58,24
"CPNE7","s1639_F_LS_02_ASEReadCounter.table","NW_015090842.1:10092246",23,39,16
"LOC106888185","s1639_F_LS_02_ASEReadCounter.table","NW_015090842.1:10094965",0,1,1
"LOC106888185","s1639_F_LS_02_ASEReadCounter.table","NW_015090842.1:10094966",0,1,1
"LOC106888185","s1639_F_LS_02_ASEReadCounter.table","NW_015090842.1:10094985",0,2,2
"LOC106888185","s1639_F_LS_02_ASEReadCounter.table","NW_015090842.1:10095055",0,3,3
"LOC106888185","s1639_F_LS_02_ASEReadCounter.table","NW_015090842.1:10095062",0,3,3
"LOC106888185","s1639_F_LS_02_ASEReadCounter.table","NW_015090842.1:10095130",0,1,1
"LOC106888185","s1639_F_LS_02_ASEReadCounter.table","NW_015090842.1:10095265",6,11,5
"LOC106888185","s1639_F_LS_02_ASEReadCounter.table","NW_015090842.1:10095586",6,16,10
"LOC106888185","s1639_F_LS_02_ASEReadCounter.table","NW_015090842.1:10095593",6,15,9
"LOC106888185","s1639_F_LS_02_ASEReadCounter.table","NW_015090842.1:10095616",5,12,7
"LOC106888185","s1639_F_LS_02_ASEReadCounter.table","NW_015090842.1:10095662",2,9,7
"LOC106888185","s1639_F_LS_02_ASEReadCounter.table","NW_015090842.1:10095674",1,7,6
"LOC106888185","s1639_F_LS_02_ASEReadCounter.table","NW_015090842.1:10095786",2,8,6
"LOC106888185","s1639_F_LS_02_ASEReadCounter.table","NW_015090842.1:10095831",1,7,6
"LOC106888185","s1639_F_LS_02_ASEReadCounter.table","NW_015090842.1:10096230",1,4,3
"LOC106888185","s1639_F_LS_02_ASEReadCounter.table","NW_015090842.1:10096249",1,3,2
"LOC106888185","s1639_F_LS_02_ASEReadCounter.table","NW_015090842.1:10096272",1,4,3
"LOC106888185","s1639_F_LS_02_ASEReadCounter.table","NW_015090842.1:10096288",1,5,4
"LOC106888185","s1639_F_LS_02_ASEReadCounter.table","NW_015090842.1:10097248",1,3,2
"LOC106888185","s1639_F_LS_02_ASEReadCounter.table","NW_015090842.1:10097265",1,6,5
"DPEP1","s1639_F_LS_02_ASEReadCounter.table","NW_015090842.1:10100529",0,1,1
"DPEP1","s1639_F_LS_02_ASEReadCounter.table","NW_015090842.1:10100893",0,1,1
"DPEP1","s1639_F_LS_02_ASEReadCounter.table","NW_015090842.1:10100902",0,1,1
"DPEP1","s1639_F_LS_02_ASEReadCounter.table","NW_015090842.1:10101072",0,1,1
"DPEP1","s1639_F_LS_02_ASEReadCounter.table","NW_015090842.1:10101199",0,1,1
"DPEP1","s1639_F_LS_02_ASEReadCounter.table","NW_015090842.1:10101497",0,1,1
"DPEP1","s1639_F_LS_02_ASEReadCounter.table","NW_015090842.1:10101525",0,2,2
"DPEP1","s1639_F_LS_02_ASEReadCounter.table","NW_015090842.1:10101875",0,1,1
"CHMP1A","s1639_F_LS_02_ASEReadCounter.table","NW_015090842.1:10102901",91,236,145
"CHMP1A","s1639_F_LS_02_ASEReadCounter.table","NW_015090842.1:10102961",62,205,143
"CHMP1A","s1639_F_LS_02_ASEReadCounter.table","NW_015090842.1:10102996",44,180,136
"CHMP1A","s1639_F_LS_02_ASEReadCounter.table","NW_015090842.1:10103004",50,185,135
"CHMP1A","s1639_F_LS_02_ASEReadCounter.table","NW_015090842.1:10103006",51,190,139
"CHMP1A","s1639_F_LS_02_ASEReadCounter.table","NW_015090842.1:10103052",88,236,148
"CHMP1A","s1639_F_LS_02_ASEReadCounter.table","NW_015090842.1:10103095",108,242,134
"CHMP1A","s1639_F_LS_02_ASEReadCounter.table","NW_015090842.1:10103096",112,249,137
"CHMP1A","s1639_F_LS_02_ASEReadCounter.table","NW_015090842.1:10103152",77,155,78
"CHMP1A","s1639_F_LS_02_ASEReadCounter.table","NW_015090842.1:10103173",65,157,92
"CHMP1A","s1639_F_LS_02_ASEReadCounter.table","NW_015090842.1:10103334",38,115,77
"CHMP1A","s1639_F_LS_02_ASEReadCounter.table","NW_015090842.1:10103373",22,92,70
"CHMP1A","s1639_F_LS_02_ASEReadCounter.table","NW_015090842.1:10103408",34,107,73
"CHMP1A","s1639_F_LS_02_ASEReadCounter.table","NW_015090842.1:10103412",40,103,63
"CHMP1A","s1639_F_LS_02_ASEReadCounter.table","NW_015090842.1:10103512",67,147,80
"CHMP1A","s1639_F_LS_02_ASEReadCounter.table","NW_015090842.1:10103513",66,145,79
"CHMP1A","s1639_F_LS_02_ASEReadCounter.table","NW_015090842.1:10103583",34,87,53
"CHMP1A","s1639_F_LS_02_ASEReadCounter.table","NW_015090842.1:10103614",31,86,55
"CHMP1A","s1639_F_LS_02_ASEReadCounter.table","NW_015090842.1:10103657",32,82,50
"CHMP1A","s1639_F_LS_02_ASEReadCounter.table","NW_015090842.1:10103669",28,78,50
"CHMP1A","s1639_F_LS_02_ASEReadCounter.table","NW_015090842.1:10103674",27,74,47
"CHMP1A","s1639_F_LS_02_ASEReadCounter.table","NW_015090842.1:10103677",28,74,46
"CHMP1A","s1639_F_LS_02_ASEReadCounter.table","NW_015090842.1:10103729",47,102,55
"CHMP1A","s1639_F_LS_02_ASEReadCounter.table","NW_015090842.1:10103758",48,99,51
"CHMP1A","s1639_F_LS_02_ASEReadCounter.table","NW_015090842.1:10103761",49,102,53
"CHMP1A","s1639_F_LS_02_ASEReadCounter.table","NW_015090842.1:10103788",50,120,70
"CHMP1A","s1639_F_LS_02_ASEReadCounter.table","NW_015090842.1:10103789",50,120,70
"CHMP1A","s1639_F_LS_02_ASEReadCounter.table","NW_015090842.1:10103790",49,120,71
"CHMP1A","s1639_F_LS_02_ASEReadCounter.table","NW_015090842.1:10103950",55,97,42
"CHMP1A","s1639_F_LS_02_ASEReadCounter.table","NW_015090842.1:10104335",30,58,28
"CHMP1A","s1639_F_LS_02_ASEReadCounter.table","NW_015090842.1:10104429",42,74,32
"CHMP1A","s1639_F_LS_02_ASEReadCounter.table","NW_015090842.1:10104532",42,79,37
"CHMP1A","s1639_F_LS_02_ASEReadCounter.table","NW_015090842.1:10104633",38,67,29
"CHMP1A","s1639_F_LS_02_ASEReadCounter.table","NW_015090842.1:10104759",31,66,35
"CHMP1A","s1639_F_LS_02_ASEReadCounter.table","NW_015090842.1:10104794",35,70,35
"CHMP1A","s1639_F_LS_02_ASEReadCounter.table","NW_015090842.1:10104841",53,53,0
"CHMP1A","s1639_F_LS_02_ASEReadCounter.table","NW_015090842.1:10104844",24,55,31
"CHMP1A","s1639_F_LS_02_ASEReadCounter.table","NW_015090842.1:10106242",31,62,31
"CHMP1A","s1639_F_LS_02_ASEReadCounter.table","NW_015090842.1:10106290",29,53,24
"CHMP1A","s1639_F_LS_02_ASEReadCounter.table","NW_015090842.1:10106335",29,52,23
"CHMP1A","s1639_F_LS_02_ASEReadCounter.table","NW_015090842.1:10106383",36,71,35
"CHMP1A","s1639_F_LS_02_ASEReadCounter.table","NW_015090842.1:10106747",29,56,27
"CHMP1A","s1639_F_LS_02_ASEReadCounter.table","NW_015090842.1:10107404",20,50,30
"CHMP1A","s1639_F_LS_02_ASEReadCounter.table","NW_015090842.1:10107876",22,39,17
"CDK10","s1639_F_LS_02_ASEReadCounter.table","NW_015090842.1:10109030",5,5,0
"CDK10","s1639_F_LS_02_ASEReadCounter.table","NW_015090842.1:10109963",21,47,26
"CDK10","s1639_F_LS_02_ASEReadCounter.table","NW_015090842.1:10110887",29,55,26
"CDK10","s1639_F_LS_02_ASEReadCounter.table","NW_015090842.1:10111254",17,41,24
"CDK10","s1639_F_LS_02_ASEReadCounter.table","NW_015090842.1:10111380",20,55,35
"CDK10","s1639_F_LS_02_ASEReadCounter.table","NW_015090842.1:10111395",21,55,34
"CDK10","s1639_F_LS_02_ASEReadCounter.table","NW_015090842.1:10111437",12,42,30
"CDK10","s1639_F_LS_02_ASEReadCounter.table","NW_015090842.1:10111798",23,55,32
"CDK10","s1639_F_LS_02_ASEReadCounter.table","NW_015090842.1:10111840",22,66,44
"CDK10","s1639_F_LS_02_ASEReadCounter.table","NW_015090842.1:10112031",34,103,69
"CDK10","s1639_F_LS_02_ASEReadCounter.table","NW_015090842.1:10112285",55,129,74
"CDK10","s1639_F_LS_02_ASEReadCounter.table","NW_015090842.1:10112398",54,140,86
"CDK10","s1639_F_LS_02_ASEReadCounter.table","NW_015090842.1:10112455",58,153,95
"CDK10","s1639_F_LS_02_ASEReadCounter.table","NW_015090842.1:10112461",53,136,83
"CDK10","s1639_F_LS_02_ASEReadCounter.table","NW_015090842.1:10112497",55,131,76
"CDK10","s1639_F_LS_02_ASEReadCounter.table","NW_015090842.1:10112508",49,135,86
"CDK10","s1639_F_LS_02_ASEReadCounter.table","NW_015090842.1:10112518",43,126,83
"CDK10","s1639_F_LS_02_ASEReadCounter.table","NW_015090842.1:10112540",12,95,83
"CDK10","s1639_F_LS_02_ASEReadCounter.table","NW_015090842.1:10112556",25,105,80
"CDK10","s1639_F_LS_02_ASEReadCounter.table","NW_015090842.1:10112561",32,131,99
"CDK10","s1639_F_LS_02_ASEReadCounter.table","NW_015090842.1:10112596",43,132,89
"CDK10","s1639_F_LS_02_ASEReadCounter.table","NW_015090842.1:10112630",40,115,75
"CDK10","s1639_F_LS_02_ASEReadCounter.table","NW_015090842.1:10112656",44,119,75
"CDK10","s1639_F_LS_02_ASEReadCounter.table","NW_015090842.1:10112665",38,94,56
"CDK10","s1639_F_LS_02_ASEReadCounter.table","NW_015090842.1:10112668",36,90,54
"CDK10","s1639_F_LS_02_ASEReadCounter.table","NW_015090842.1:10112781",27,66,39
"CDK10","s1639_F_LS_02_ASEReadCounter.table","NW_015090842.1:10112782",27,66,39
"CDK10","s1639_F_LS_02_ASEReadCounter.table","NW_015090842.1:10112795",22,59,37
"CDK10","s1639_F_LS_02_ASEReadCounter.table","NW_015090842.1:10112841",11,22,11
"CDK10","s1639_F_LS_02_ASEReadCounter.table","NW_015090842.1:10112861",10,16,6
"SPATA2L","s1639_F_LS_02_ASEReadCounter.table","NW_015090842.1:10113212",32,64,32
"SPATA2L","s1639_F_LS_02_ASEReadCounter.table","NW_015090842.1:10113280",45,93,48
"SPATA2L","s1639_F_LS_02_ASEReadCounter.table","NW_015090842.1:10113296",43,94,51
"SPATA2L","s1639_F_LS_02_ASEReadCounter.table","NW_015090842.1:10113321",45,102,57
"SPATA2L","s1639_F_LS_02_ASEReadCounter.table","NW_015090842.1:10113332",49,117,68
"SPATA2L","s1639_F_LS_02_ASEReadCounter.table","NW_015090842.1:10113380",44,113,69
"SPATA2L","s1639_F_LS_02_ASEReadCounter.table","NW_015090842.1:10113381",45,117,72
"SPATA2L","s1639_F_LS_02_ASEReadCounter.table","NW_015090842.1:10113412",52,134,82
"SPATA2L","s1639_F_LS_02_ASEReadCounter.table","NW_015090842.1:10113421",53,128,75
"SPATA2L","s1639_F_LS_02_ASEReadCounter.table","NW_015090842.1:10113465",54,127,73
"SPATA2L","s1639_F_LS_02_ASEReadCounter.table","NW_015090842.1:10113535",72,141,69
"SPATA2L","s1639_F_LS_02_ASEReadCounter.table","NW_015090842.1:10113645",55,132,77
"SPATA2L","s1639_F_LS_02_ASEReadCounter.table","NW_015090842.1:10113682",69,156,87
"SPATA2L","s1639_F_LS_02_ASEReadCounter.table","NW_015090842.1:10113696",66,134,68
"SPATA2L","s1639_F_LS_02_ASEReadCounter.table","NW_015090842.1:10113727",69,137,68
"SPATA2L","s1639_F_LS_02_ASEReadCounter.table","NW_015090842.1:10113799",69,164,95
"SPATA2L","s1639_F_LS_02_ASEReadCounter.table","NW_015090842.1:10113809",69,169,100
"SPATA2L","s1639_F_LS_02_ASEReadCounter.table","NW_015090842.1:10113827",68,170,102
"SPATA2L","s1639_F_LS_02_ASEReadCounter.table","NW_015090842.1:10113831",69,168,99
"SPATA2L","s1639_F_LS_02_ASEReadCounter.table","NW_015090842.1:10113894",65,145,80
"SPATA2L","s1639_F_LS_02_ASEReadCounter.table","NW_015090842.1:10113905",61,140,79
"SPATA2L","s1639_F_LS_02_ASEReadCounter.table","NW_015090842.1:10113914",65,137,72
"SPATA2L","s1639_F_LS_02_ASEReadCounter.table","NW_015090842.1:10113920",72,141,69
"SPATA2L","s1639_F_LS_02_ASEReadCounter.table","NW_015090842.1:10113937",76,150,74
"SPATA2L","s1639_F_LS_02_ASEReadCounter.table","NW_015090842.1:10113971",58,129,71
"SPATA2L","s1639_F_LS_02_ASEReadCounter.table","NW_015090842.1:10113976",40,124,84
"SPATA2L","s1639_F_LS_02_ASEReadCounter.table","NW_015090842.1:10113985",44,105,61
"SPATA2L","s1639_F_LS_02_ASEReadCounter.table","NW_015090842.1:10113994",53,118,65
"SPATA2L","s1639_F_LS_02_ASEReadCounter.table","NW_015090842.1:10114063",42,98,56
"SPATA2L","s1639_F_LS_02_ASEReadCounter.table","NW_015090842.1:10114066",39,96,57
"SPATA2L","s1639_F_LS_02_ASEReadCounter.table","NW_015090842.1:10114069",41,98,57
"SPATA2L","s1639_F_LS_02_ASEReadCounter.table","NW_015090842.1:10114121",23,62,39
"SPATA2L","s1639_F_LS_02_ASEReadCounter.table","NW_015090842.1:10114159",22,62,40
"SPATA2L","s1639_F_LS_02_ASEReadCounter.table","NW_015090842.1:10114282",85,85,0
"SPATA2L","s1639_F_LS_02_ASEReadCounter.table","NW_015090842.1:10114470",27,66,39
"SPATA2L","s1639_F_LS_02_ASEReadCounter.table","NW_015090842.1:10114524",19,53,34
"VPS9D1","s1639_F_LS_02_ASEReadCounter.table","NW_015090842.1:10116377",25,68,43
"VPS9D1","s1639_F_LS_02_ASEReadCounter.table","NW_015090842.1:10116415",21,76,55
"VPS9D1","s1639_F_LS_02_ASEReadCounter.table","NW_015090842.1:10116607",27,67,40
"VPS9D1","s1639_F_LS_02_ASEReadCounter.table","NW_015090842.1:10116816",52,52,0
"VPS9D1","s1639_F_LS_02_ASEReadCounter.table","NW_015090842.1:10116821",15,53,38
"VPS9D1","s1639_F_LS_02_ASEReadCounter.table","NW_015090842.1:10116825",15,51,36
"VPS9D1","s1639_F_LS_02_ASEReadCounter.table","NW_015090842.1:10116882",18,43,25
"VPS9D1","s1639_F_LS_02_ASEReadCounter.table","NW_015090842.1:10116885",18,42,24
"VPS9D1","s1639_F_LS_02_ASEReadCounter.table","NW_015090842.1:10116933",19,42,23
"VPS9D1","s1639_F_LS_02_ASEReadCounter.table","NW_015090842.1:10116942",18,44,26
"VPS9D1","s1639_F_LS_02_ASEReadCounter.table","NW_015090842.1:10117152",19,43,24
"VPS9D1","s1639_F_LS_02_ASEReadCounter.table","NW_015090842.1:10117396",30,30,0
"VPS9D1","s1639_F_LS_02_ASEReadCounter.table","NW_015090842.1:10117405",13,13,0
"VPS9D1","s1639_F_LS_02_ASEReadCounter.table","NW_015090842.1:10117480",16,27,11
"VPS9D1","s1639_F_LS_02_ASEReadCounter.table","NW_015090842.1:10117497",14,26,12
"VPS9D1","s1639_F_LS_02_ASEReadCounter.table","NW_015090842.1:10117499",13,27,14
"VPS9D1","s1639_F_LS_02_ASEReadCounter.table","NW_015090842.1:10117516",16,32,16
"VPS9D1","s1639_F_LS_02_ASEReadCounter.table","NW_015090842.1:10117525",17,37,20
"VPS9D1","s1639_F_LS_02_ASEReadCounter.table","NW_015090842.1:10117579",10,36,26
"VPS9D1","s1639_F_LS_02_ASEReadCounter.table","NW_015090842.1:10117627",8,25,17
"VPS9D1","s1639_F_LS_02_ASEReadCounter.table","NW_015090842.1:10117678",7,24,17
"VPS9D1","s1639_F_LS_02_ASEReadCounter.table","NW_015090842.1:10117773",18,42,24
"VPS9D1","s1639_F_LS_02_ASEReadCounter.table","NW_015090842.1:10117937",18,38,20
"VPS9D1","s1639_F_LS_02_ASEReadCounter.table","NW_015090842.1:10117961",16,35,19
"VPS9D1","s1639_F_LS_02_ASEReadCounter.table","NW_015090842.1:10118236",15,37,22
"VPS9D1","s1639_F_LS_02_ASEReadCounter.table","NW_015090842.1:10118414",17,37,20
"VPS9D1","s1639_F_LS_02_ASEReadCounter.table","NW_015090842.1:10118973",19,41,22
"VPS9D1","s1639_F_LS_02_ASEReadCounter.table","NW_015090842.1:10119500",10,21,11
"ZNF276","s1639_F_LS_02_ASEReadCounter.table","NW_015090842.1:10121802",0,1,1
"ZNF276","s1639_F_LS_02_ASEReadCounter.table","NW_015090842.1:10121971",4,6,2
"ZNF276","s1639_F_LS_02_ASEReadCounter.table","NW_015090842.1:10122883",4,6,2
"ZNF276","s1639_F_LS_02_ASEReadCounter.table","NW_015090842.1:10123069",3,5,2
"ZNF276","s1639_F_LS_02_ASEReadCounter.table","NW_015090842.1:10123207",17,29,12
"ZNF276","s1639_F_LS_02_ASEReadCounter.table","NW_015090842.1:10125787",22,38,16
"ZNF276","s1639_F_LS_02_ASEReadCounter.table","NW_015090842.1:10126309",20,39,19
"ZNF276","s1639_F_LS_02_ASEReadCounter.table","NW_015090842.1:10126348",14,30,16
"ZNF276","s1639_F_LS_02_ASEReadCounter.table","NW_015090842.1:10126978",23,44,21
"ZNF276","s1639_F_LS_02_ASEReadCounter.table","NW_015090842.1:10126991",23,41,18
"ZNF276","s1639_F_LS_02_ASEReadCounter.table","NW_015090842.1:10127023",24,41,17
"ZNF276","s1639_F_LS_02_ASEReadCounter.table","NW_015090842.1:10127063",18,35,17
"ZNF276","s1639_F_LS_02_ASEReadCounter.table","NW_015090842.1:10127373",13,30,17
"ZNF276","s1639_F_LS_02_ASEReadCounter.table","NW_015090842.1:10127931",25,46,21
"ZNF276","s1639_F_LS_02_ASEReadCounter.table","NW_015090842.1:10128070",25,44,19
"ZNF276","s1639_F_LS_02_ASEReadCounter.table","NW_015090842.1:10128102",27,48,21
"ZNF276","s1639_F_LS_02_ASEReadCounter.table","NW_015090842.1:10128356",18,52,34
"ZNF276","s1639_F_LS_02_ASEReadCounter.table","NW_015090842.1:10128497",27,41,14
"FANCA","s1639_F_LS_02_ASEReadCounter.table","NW_015090842.1:10128743",1,1,0
"FANCA","s1639_F_LS_02_ASEReadCounter.table","NW_015090842.1:10128822",0,1,1
"FANCA","s1639_F_LS_02_ASEReadCounter.table","NW_015090842.1:10129969",1,2,1
"FANCA","s1639_F_LS_02_ASEReadCounter.table","NW_015090842.1:10130399",2,3,1
"FANCA","s1639_F_LS_02_ASEReadCounter.table","NW_015090842.1:10130857",1,1,0
"FANCA","s1639_F_LS_02_ASEReadCounter.table","NW_015090842.1:10133530",0,1,1
"FANCA","s1639_F_LS_02_ASEReadCounter.table","NW_015090842.1:10133533",0,1,1
"FANCA","s1639_F_LS_02_ASEReadCounter.table","NW_015090842.1:10133536",0,1,1
"FANCA","s1639_F_LS_02_ASEReadCounter.table","NW_015090842.1:10134531",0,1,1
"SPIRE2","s1639_F_LS_02_ASEReadCounter.table","NW_015090842.1:10172284",3,13,10
"SPIRE2","s1639_F_LS_02_ASEReadCounter.table","NW_015090842.1:10175262",15,29,14
"SPIRE2","s1639_F_LS_02_ASEReadCounter.table","NW_015090842.1:10175352",9,16,7
"SPIRE2","s1639_F_LS_02_ASEReadCounter.table","NW_015090842.1:10175400",21,43,22
"SPIRE2","s1639_F_LS_02_ASEReadCounter.table","NW_015090842.1:10175418",24,49,25
"SPIRE2","s1639_F_LS_02_ASEReadCounter.table","NW_015090842.1:10175704",43,71,28
"SPIRE2","s1639_F_LS_02_ASEReadCounter.table","NW_015090842.1:10176115",43,84,41
"SPIRE2","s1639_F_LS_02_ASEReadCounter.table","NW_015090842.1:10176561",56,101,45
"SPIRE2","s1639_F_LS_02_ASEReadCounter.table","NW_015090842.1:10176817",60,113,53
"SPIRE2","s1639_F_LS_02_ASEReadCounter.table","NW_015090842.1:10177084",39,81,42
"SPIRE2","s1639_F_LS_02_ASEReadCounter.table","NW_015090842.1:10177110",36,70,34
"SPIRE2","s1639_F_LS_02_ASEReadCounter.table","NW_015090842.1:10177838",54,104,50
"SPIRE2","s1639_F_LS_02_ASEReadCounter.table","NW_015090842.1:10178000",66,123,57
"SPIRE2","s1639_F_LS_02_ASEReadCounter.table","NW_015090842.1:10178164",80,135,55
"SPIRE2","s1639_F_LS_02_ASEReadCounter.table","NW_015090842.1:10178216",79,155,76
"SPIRE2","s1639_F_LS_02_ASEReadCounter.table","NW_015090842.1:10178403",77,152,75
"SPIRE2","s1639_F_LS_02_ASEReadCounter.table","NW_015090842.1:10178409",74,149,75
"SPIRE2","s1639_F_LS_02_ASEReadCounter.table","NW_015090842.1:10178524",96,182,86
"SPIRE2","s1639_F_LS_02_ASEReadCounter.table","NW_015090842.1:10178526",95,182,87
"SPIRE2","s1639_F_LS_02_ASEReadCounter.table","NW_015090842.1:10178531",92,177,85
"SPIRE2","s1639_F_LS_02_ASEReadCounter.table","NW_015090842.1:10178565",82,173,91
"SPIRE2","s1639_F_LS_02_ASEReadCounter.table","NW_015090842.1:10178587",77,156,79
"SPIRE2","s1639_F_LS_02_ASEReadCounter.table","NW_015090842.1:10178640",59,121,62
"SPIRE2","s1639_F_LS_02_ASEReadCounter.table","NW_015090842.1:10178651",67,133,66
"SPIRE2","s1639_F_LS_02_ASEReadCounter.table","NW_015090842.1:10178682",64,112,48
"TCF25","s1639_F_LS_02_ASEReadCounter.table","NW_015090842.1:10180912",37,62,25
"TCF25","s1639_F_LS_02_ASEReadCounter.table","NW_015090842.1:10180924",37,62,25
"TCF25","s1639_F_LS_02_ASEReadCounter.table","NW_015090842.1:10180931",37,63,26
"TCF25","s1639_F_LS_02_ASEReadCounter.table","NW_015090842.1:10185332",127,201,74
"TCF25","s1639_F_LS_02_ASEReadCounter.table","NW_015090842.1:10188816",60,102,42
"DBNDD1","s1639_F_LS_02_ASEReadCounter.table","NW_015090842.1:10223105",58,128,70
"GAS8","s1639_F_LS_02_ASEReadCounter.table","NW_015090842.1:10228982",21,37,16
"GAS8","s1639_F_LS_02_ASEReadCounter.table","NW_015090842.1:10229832",19,37,18
"GAS8","s1639_F_LS_02_ASEReadCounter.table","NW_015090842.1:10232375",28,49,21
"GAS8","s1639_F_LS_02_ASEReadCounter.table","NW_015090842.1:10232901",33,55,22
"GAS8","s1639_F_LS_02_ASEReadCounter.table","NW_015090842.1:10232928",35,57,22
"GAS8","s1639_F_LS_02_ASEReadCounter.table","NW_015090842.1:10232967",29,57,28
"GAS8","s1639_F_LS_02_ASEReadCounter.table","NW_015090842.1:10233032",23,45,22
"GAS8","s1639_F_LS_02_ASEReadCounter.table","NW_015090842.1:10233057",24,41,17
"GAS8","s1639_F_LS_02_ASEReadCounter.table","NW_015090842.1:10233058",24,42,18
"GAS8","s1639_F_LS_02_ASEReadCounter.table","NW_015090842.1:10233176",30,48,18
"GAS8","s1639_F_LS_02_ASEReadCounter.table","NW_015090842.1:10233196",23,38,15
"GAS8","s1639_F_LS_02_ASEReadCounter.table","NW_015090842.1:10233252",17,28,11
"GAS8","s1639_F_LS_02_ASEReadCounter.table","NW_015090842.1:10233303",4,9,5
"LOC106888094","s1639_F_LS_02_ASEReadCounter.table","NW_015090842.1:10233334",2,12,10
"LOC106888094","s1639_F_LS_02_ASEReadCounter.table","NW_015090842.1:10233362",6,22,16
"LOC106888094","s1639_F_LS_02_ASEReadCounter.table","NW_015090842.1:10233373",8,27,19
"LOC106888094","s1639_F_LS_02_ASEReadCounter.table","NW_015090842.1:10233388",9,29,20
"LOC106888094","s1639_F_LS_02_ASEReadCounter.table","NW_015090842.1:10233402",10,31,21
"LOC106888094","s1639_F_LS_02_ASEReadCounter.table","NW_015090842.1:10233465",10,28,18
"LOC106888094","s1639_F_LS_02_ASEReadCounter.table","NW_015090842.1:10233803",9,28,19
"LOC106888094","s1639_F_LS_02_ASEReadCounter.table","NW_015090842.1:10233815",9,26,17
"LOC106888094","s1639_F_LS_02_ASEReadCounter.table","NW_015090842.1:10235484",3,5,2
"LOC106888094","s1639_F_LS_02_ASEReadCounter.table","NW_015090842.1:10235611",3,5,2
"LOC106888094","s1639_F_LS_02_ASEReadCounter.table","NW_015090842.1:10236098",1,3,2
"LOC106888094","s1639_F_LS_02_ASEReadCounter.table","NW_015090842.1:10236161",1,1,0
"LOC106888094","s1639_F_LS_02_ASEReadCounter.table","NW_015090842.1:10236425",0,1,1
"LOC106888094","s1639_F_LS_02_ASEReadCounter.table","NW_015090842.1:10236426",0,1,1
"LOC106888094","s1639_F_LS_02_ASEReadCounter.table","NW_015090842.1:10236603",0,2,2
"LOC106888173","s1639_F_LS_02_ASEReadCounter.table","NW_015090842.1:10239596",0,8,8
"LOC106888173","s1639_F_LS_02_ASEReadCounter.table","NW_015090842.1:10240036",1,17,16
"LOC106888173","s1639_F_LS_02_ASEReadCounter.table","NW_015090842.1:10240095",2,15,13
"LOC106888173","s1639_F_LS_02_ASEReadCounter.table","NW_015090842.1:10240280",2,20,18
"LOC106888173","s1639_F_LS_02_ASEReadCounter.table","NW_015090842.1:10240557",4,25,21
"LOC106888173","s1639_F_LS_02_ASEReadCounter.table","NW_015090842.1:10240603",4,23,19
"LOC106888173","s1639_F_LS_02_ASEReadCounter.table","NW_015090842.1:10240609",3,22,19
"LOC106888173","s1639_F_LS_02_ASEReadCounter.table","NW_015090842.1:10240690",7,31,24
"LOC106888173","s1639_F_LS_02_ASEReadCounter.table","NW_015090842.1:10240924",4,16,12
"LOC106888173","s1639_F_LS_02_ASEReadCounter.table","NW_015090842.1:10241037",2,20,18
"LOC106888173","s1639_F_LS_02_ASEReadCounter.table","NW_015090842.1:10241046",2,22,20
"LOC106888173","s1639_F_LS_02_ASEReadCounter.table","NW_015090842.1:10241058",2,23,21
"LOC106888173","s1639_F_LS_02_ASEReadCounter.table","NW_015090842.1:10241064",2,29,27
"LOC106888173","s1639_F_LS_02_ASEReadCounter.table","NW_015090842.1:10241103",34,34,0
"LOC106888173","s1639_F_LS_02_ASEReadCounter.table","NW_015090842.1:10241163",2,18,16
"LOC106888173","s1639_F_LS_02_ASEReadCounter.table","NW_015090842.1:10241803",7,36,29
"LOC106888173","s1639_F_LS_02_ASEReadCounter.table","NW_015090842.1:10241827",7,31,24
"LOC106888173","s1639_F_LS_02_ASEReadCounter.table","NW_015090842.1:10241869",7,30,23
"LOC106888173","s1639_F_LS_02_ASEReadCounter.table","NW_015090842.1:10242079",6,24,18
"LOC106888173","s1639_F_LS_02_ASEReadCounter.table","NW_015090842.1:10242103",6,26,20
"LOC106888173","s1639_F_LS_02_ASEReadCounter.table","NW_015090842.1:10242157",4,36,32
"LOC106888173","s1639_F_LS_02_ASEReadCounter.table","NW_015090842.1:10242455",2,28,26
"LOC106888173","s1639_F_LS_02_ASEReadCounter.table","NW_015090842.1:10242481",3,32,29
"LOC106888173","s1639_F_LS_02_ASEReadCounter.table","NW_015090842.1:10242590",3,34,31
"LOC106888173","s1639_F_LS_02_ASEReadCounter.table","NW_015090842.1:10242794",1,40,39
"LOC106888173","s1639_F_LS_02_ASEReadCounter.table","NW_015090842.1:10242909",2,35,33
"LOC106888173","s1639_F_LS_02_ASEReadCounter.table","NW_015090842.1:10243094",5,43,38
"LOC106888173","s1639_F_LS_02_ASEReadCounter.table","NW_015090842.1:10243133",3,32,29
"LOC106888173","s1639_F_LS_02_ASEReadCounter.table","NW_015090842.1:10243273",9,55,46
"LOC106888173","s1639_F_LS_02_ASEReadCounter.table","NW_015090842.1:10243278",9,55,46
"LOC106888173","s1639_F_LS_02_ASEReadCounter.table","NW_015090842.1:10243281",9,54,45
"LOC106888173","s1639_F_LS_02_ASEReadCounter.table","NW_015090842.1:10243347",23,23,0
"LOC106888173","s1639_F_LS_02_ASEReadCounter.table","NW_015090842.1:10243353",4,22,18
"LOC106888173","s1639_F_LS_02_ASEReadCounter.table","NW_015090842.1:10243363",4,19,15
"LOC106888173","s1639_F_LS_02_ASEReadCounter.table","NW_015090842.1:10243365",3,19,16
"LOC106888173","s1639_F_LS_02_ASEReadCounter.table","NW_015090842.1:10243566",7,68,61
"LOC106888173","s1639_F_LS_02_ASEReadCounter.table","NW_015090842.1:10243605",6,57,51
"LOC106888173","s1639_F_LS_02_ASEReadCounter.table","NW_015090842.1:10243614",7,51,44
"LOC106888173","s1639_F_LS_02_ASEReadCounter.table","NW_015090842.1:10243615",6,49,43
"LOC106888173","s1639_F_LS_02_ASEReadCounter.table","NW_015090842.1:10243640",4,44,40
"LOC106888173","s1639_F_LS_02_ASEReadCounter.table","NW_015090842.1:10243680",4,44,40
"LOC106888173","s1639_F_LS_02_ASEReadCounter.table","NW_015090842.1:10243742",6,61,55
"LOC106888173","s1639_F_LS_02_ASEReadCounter.table","NW_015090842.1:10243804",4,52,48
"LOC106888173","s1639_F_LS_02_ASEReadCounter.table","NW_015090842.1:10243913",2,30,28
"LOC106888173","s1639_F_LS_02_ASEReadCounter.table","NW_015090842.1:10243921",2,28,26
"LOC106888384","s1639_F_LS_02_ASEReadCounter.table","NW_015090842.1:10255262",0,1,1
"LOC106888384","s1639_F_LS_02_ASEReadCounter.table","NW_015090842.1:10255264",0,1,1
"LOC106888384","s1639_F_LS_02_ASEReadCounter.table","NW_015090842.1:10255306",0,1,1
"LOC106888384","s1639_F_LS_02_ASEReadCounter.table","NW_015090842.1:10255340",0,1,1
"LOC106888384","s1639_F_LS_02_ASEReadCounter.table","NW_015090842.1:10255496",2,2,0
"LOC106888384","s1639_F_LS_02_ASEReadCounter.table","NW_015090842.1:10255505",2,2,0
"LOC106888384","s1639_F_LS_02_ASEReadCounter.table","NW_015090842.1:10255531",4,4,0
"LOC106888384","s1639_F_LS_02_ASEReadCounter.table","NW_015090842.1:10255608",4,5,1
"LOC106888384","s1639_F_LS_02_ASEReadCounter.table","NW_015090842.1:10255704",3,4,1
"LOC106888384","s1639_F_LS_02_ASEReadCounter.table","NW_015090842.1:10255731",2,2,0
"LOC106888384","s1639_F_LS_02_ASEReadCounter.table","NW_015090842.1:10255771",0,1,1
"TANGO6","s1639_F_LS_02_ASEReadCounter.table","NW_015090842.1:10257782",6,7,1
"TANGO6","s1639_F_LS_02_ASEReadCounter.table","NW_015090842.1:10258162",12,14,2
"TANGO6","s1639_F_LS_02_ASEReadCounter.table","NW_015090842.1:10258185",11,14,3
"TANGO6","s1639_F_LS_02_ASEReadCounter.table","NW_015090842.1:10259267",7,13,6
"TANGO6","s1639_F_LS_02_ASEReadCounter.table","NW_015090842.1:10260250",17,23,6
"TANGO6","s1639_F_LS_02_ASEReadCounter.table","NW_015090842.1:10260289",17,24,7
"TANGO6","s1639_F_LS_02_ASEReadCounter.table","NW_015090842.1:10260309",14,21,7
"TANGO6","s1639_F_LS_02_ASEReadCounter.table","NW_015090842.1:10260979",10,21,11
"TANGO6","s1639_F_LS_02_ASEReadCounter.table","NW_015090842.1:10261599",10,19,9
"TANGO6","s1639_F_LS_02_ASEReadCounter.table","NW_015090842.1:10268425",23,32,9
"TANGO6","s1639_F_LS_02_ASEReadCounter.table","NW_015090842.1:10269831",17,25,8
"TANGO6","s1639_F_LS_02_ASEReadCounter.table","NW_015090842.1:10270813",25,34,9
"TANGO6","s1639_F_LS_02_ASEReadCounter.table","NW_015090842.1:10274018",22,36,14
"TANGO6","s1639_F_LS_02_ASEReadCounter.table","NW_015090842.1:10275974",15,32,17
"TANGO6","s1639_F_LS_02_ASEReadCounter.table","NW_015090842.1:10275976",14,33,19
"TANGO6","s1639_F_LS_02_ASEReadCounter.table","NW_015090842.1:10276123",25,45,20
"TANGO6","s1639_F_LS_02_ASEReadCounter.table","NW_015090842.1:10276271",22,44,22
"TANGO6","s1639_F_LS_02_ASEReadCounter.table","NW_015090842.1:10276272",22,44,22
"TANGO6","s1639_F_LS_02_ASEReadCounter.table","NW_015090842.1:10276275",24,48,24
"TANGO6","s1639_F_LS_02_ASEReadCounter.table","NW_015090842.1:10276278",25,48,23
"TANGO6","s1639_F_LS_02_ASEReadCounter.table","NW_015090842.1:10276368",28,39,11
"TANGO6","s1639_F_LS_02_ASEReadCounter.table","NW_015090842.1:10276373",27,38,11
"TANGO6","s1639_F_LS_02_ASEReadCounter.table","NW_015090842.1:10276630",21,38,17
"TANGO6","s1639_F_LS_02_ASEReadCounter.table","NW_015090842.1:10281498",33,63,30
"TANGO6","s1639_F_LS_02_ASEReadCounter.table","NW_015090842.1:10281516",39,71,32
"TANGO6","s1639_F_LS_02_ASEReadCounter.table","NW_015090842.1:10282842",35,60,25
"TANGO6","s1639_F_LS_02_ASEReadCounter.table","NW_015090842.1:10282863",27,47,20
"TANGO6","s1639_F_LS_02_ASEReadCounter.table","NW_015090842.1:10282869",23,42,19
"TANGO6","s1639_F_LS_02_ASEReadCounter.table","NW_015090842.1:10282903",33,61,28
"TANGO6","s1639_F_LS_02_ASEReadCounter.table","NW_015090842.1:10283757",48,85,37
"TANGO6","s1639_F_LS_02_ASEReadCounter.table","NW_015090842.1:10283785",48,81,33
"HAS3","s1639_F_LS_02_ASEReadCounter.table","NW_015090842.1:10288093",1,1,0
"HAS3","s1639_F_LS_02_ASEReadCounter.table","NW_015090842.1:10289269",1,2,1
"HAS3","s1639_F_LS_02_ASEReadCounter.table","NW_015090842.1:10289272",1,2,1
"HAS3","s1639_F_LS_02_ASEReadCounter.table","NW_015090842.1:10289469",2,2,0
"HAS3","s1639_F_LS_02_ASEReadCounter.table","NW_015090842.1:10290375",2,4,2
"HAS3","s1639_F_LS_02_ASEReadCounter.table","NW_015090842.1:10290395",1,3,2
"HAS3","s1639_F_LS_02_ASEReadCounter.table","NW_015090842.1:10290439",3,3,0
"HAS3","s1639_F_LS_02_ASEReadCounter.table","NW_015090842.1:10290561",0,4,4
"HAS3","s1639_F_LS_02_ASEReadCounter.table","NW_015090842.1:10290609",1,4,3
"HAS3","s1639_F_LS_02_ASEReadCounter.table","NW_015090842.1:10290666",1,5,4
"HAS3","s1639_F_LS_02_ASEReadCounter.table","NW_015090842.1:10290723",0,2,2
"HAS3","s1639_F_LS_02_ASEReadCounter.table","NW_015090842.1:10290927",4,8,4
"HAS3","s1639_F_LS_02_ASEReadCounter.table","NW_015090842.1:10291004",2,8,6
"CHTF8","s1639_F_LS_02_ASEReadCounter.table","NW_015090842.1:10291319",1,3,2
"CHTF8","s1639_F_LS_02_ASEReadCounter.table","NW_015090842.1:10291491",10,14,4
"CHTF8","s1639_F_LS_02_ASEReadCounter.table","NW_015090842.1:10291520",9,16,7
"CHTF8","s1639_F_LS_02_ASEReadCounter.table","NW_015090842.1:10291593",11,21,10
"CHTF8","s1639_F_LS_02_ASEReadCounter.table","NW_015090842.1:10291600",12,23,11
"CHTF8","s1639_F_LS_02_ASEReadCounter.table","NW_015090842.1:10291609",10,21,11
"CHTF8","s1639_F_LS_02_ASEReadCounter.table","NW_015090842.1:10291639",14,24,10
"CHTF8","s1639_F_LS_02_ASEReadCounter.table","NW_015090842.1:10291641",14,24,10
"CHTF8","s1639_F_LS_02_ASEReadCounter.table","NW_015090842.1:10291648",14,25,11
"CHTF8","s1639_F_LS_02_ASEReadCounter.table","NW_015090842.1:10291656",14,25,11
"CHTF8","s1639_F_LS_02_ASEReadCounter.table","NW_015090842.1:10291675",16,29,13
"CHTF8","s1639_F_LS_02_ASEReadCounter.table","NW_015090842.1:10291696",14,28,14
"CHTF8","s1639_F_LS_02_ASEReadCounter.table","NW_015090842.1:10291714",14,27,13
"CHTF8","s1639_F_LS_02_ASEReadCounter.table","NW_015090842.1:10291732",16,31,15
"CHTF8","s1639_F_LS_02_ASEReadCounter.table","NW_015090842.1:10291755",12,21,9
"CHTF8","s1639_F_LS_02_ASEReadCounter.table","NW_015090842.1:10291756",12,21,9
"CHTF8","s1639_F_LS_02_ASEReadCounter.table","NW_015090842.1:10291758",12,21,9
"CHTF8","s1639_F_LS_02_ASEReadCounter.table","NW_015090842.1:10291792",14,21,7
"CHTF8","s1639_F_LS_02_ASEReadCounter.table","NW_015090842.1:10291895",15,21,6
"CHTF8","s1639_F_LS_02_ASEReadCounter.table","NW_015090842.1:10292132",3,8,5
"CHTF8","s1639_F_LS_02_ASEReadCounter.table","NW_015090842.1:10292314",7,20,13
"CHTF8","s1639_F_LS_02_ASEReadCounter.table","NW_015090842.1:10292317",7,20,13
"CHTF8","s1639_F_LS_02_ASEReadCounter.table","NW_015090842.1:10292928",2,3,1
"UTP4","s1639_F_LS_02_ASEReadCounter.table","NW_015090842.1:10293146",13,24,11
"UTP4","s1639_F_LS_02_ASEReadCounter.table","NW_015090842.1:10293151",14,24,10
"UTP4","s1639_F_LS_02_ASEReadCounter.table","NW_015090842.1:10293191",7,15,8
"UTP4","s1639_F_LS_02_ASEReadCounter.table","NW_015090842.1:10293362",10,17,7
"UTP4","s1639_F_LS_02_ASEReadCounter.table","NW_015090842.1:10293430",11,21,10
"UTP4","s1639_F_LS_02_ASEReadCounter.table","NW_015090842.1:10293625",8,13,5
"UTP4","s1639_F_LS_02_ASEReadCounter.table","NW_015090842.1:10293684",4,12,8
"UTP4","s1639_F_LS_02_ASEReadCounter.table","NW_015090842.1:10294093",4,11,7
"UTP4","s1639_F_LS_02_ASEReadCounter.table","NW_015090842.1:10294622",6,18,12
"UTP4","s1639_F_LS_02_ASEReadCounter.table","NW_015090842.1:10294632",6,18,12
"UTP4","s1639_F_LS_02_ASEReadCounter.table","NW_015090842.1:10295238",4,19,15
"UTP4","s1639_F_LS_02_ASEReadCounter.table","NW_015090842.1:10295880",8,22,14
"UTP4","s1639_F_LS_02_ASEReadCounter.table","NW_015090842.1:10295884",9,24,15
"UTP4","s1639_F_LS_02_ASEReadCounter.table","NW_015090842.1:10295903",7,21,14
"UTP4","s1639_F_LS_02_ASEReadCounter.table","NW_015090842.1:10295906",7,21,14
"UTP4","s1639_F_LS_02_ASEReadCounter.table","NW_015090842.1:10295915",7,21,14
"UTP4","s1639_F_LS_02_ASEReadCounter.table","NW_015090842.1:10295938",6,18,12
"UTP4","s1639_F_LS_02_ASEReadCounter.table","NW_015090842.1:10296175",10,30,20
"UTP4","s1639_F_LS_02_ASEReadCounter.table","NW_015090842.1:10296660",18,36,18
"UTP4","s1639_F_LS_02_ASEReadCounter.table","NW_015090842.1:10296679",17,37,20
"UTP4","s1639_F_LS_02_ASEReadCounter.table","NW_015090842.1:10297193",25,46,21
"UTP4","s1639_F_LS_02_ASEReadCounter.table","NW_015090842.1:10297220",22,47,25
"UTP4","s1639_F_LS_02_ASEReadCounter.table","NW_015090842.1:10297307",22,55,33
"UTP4","s1639_F_LS_02_ASEReadCounter.table","NW_015090842.1:10297558",28,70,42
"UTP4","s1639_F_LS_02_ASEReadCounter.table","NW_015090842.1:10297943",19,60,41
"UTP4","s1639_F_LS_02_ASEReadCounter.table","NW_015090842.1:10297979",18,58,40
"UTP4","s1639_F_LS_02_ASEReadCounter.table","NW_015090842.1:10298022",19,52,33
"UTP4","s1639_F_LS_02_ASEReadCounter.table","NW_015090842.1:10298079",4,19,15
"UTP4","s1639_F_LS_02_ASEReadCounter.table","NW_015090842.1:10298081",4,21,17
"UTP4","s1639_F_LS_02_ASEReadCounter.table","NW_015090842.1:10298082",3,19,16
"SNTB2","s1639_F_LS_02_ASEReadCounter.table","NW_015090842.1:10303506",0,3,3
"SNTB2","s1639_F_LS_02_ASEReadCounter.table","NW_015090842.1:10303524",1,4,3
"SNTB2","s1639_F_LS_02_ASEReadCounter.table","NW_015090842.1:10304059",0,4,4
"SNTB2","s1639_F_LS_02_ASEReadCounter.table","NW_015090842.1:10304089",0,2,2
"SNTB2","s1639_F_LS_02_ASEReadCounter.table","NW_015090842.1:10304167",2,4,2
"SNTB2","s1639_F_LS_02_ASEReadCounter.table","NW_015090842.1:10304176",2,4,2
"SNTB2","s1639_F_LS_02_ASEReadCounter.table","NW_015090842.1:10305069",3,5,2
"SNTB2","s1639_F_LS_02_ASEReadCounter.table","NW_015090842.1:10305099",3,5,2
"SNTB2","s1639_F_LS_02_ASEReadCounter.table","NW_015090842.1:10305171",0,2,2
"SNTB2","s1639_F_LS_02_ASEReadCounter.table","NW_015090842.1:10305177",0,1,1
"SNTB2","s1639_F_LS_02_ASEReadCounter.table","NW_015090842.1:10305451",3,4,1
"SNTB2","s1639_F_LS_02_ASEReadCounter.table","NW_015090842.1:10305547",1,2,1
"SNTB2","s1639_F_LS_02_ASEReadCounter.table","NW_015090842.1:10305847",2,4,2
"SNTB2","s1639_F_LS_02_ASEReadCounter.table","NW_015090842.1:10306173",2,4,2
"SNTB2","s1639_F_LS_02_ASEReadCounter.table","NW_015090842.1:10306275",4,5,1
"SNTB2","s1639_F_LS_02_ASEReadCounter.table","NW_015090842.1:10306457",3,5,2
"SNTB2","s1639_F_LS_02_ASEReadCounter.table","NW_015090842.1:10306496",4,6,2
"SNTB2","s1639_F_LS_02_ASEReadCounter.table","NW_015090842.1:10306499",4,5,1
"VPS4A","s1639_F_LS_02_ASEReadCounter.table","NW_015090842.1:10308566",55,107,52
"VPS4A","s1639_F_LS_02_ASEReadCounter.table","NW_015090842.1:10308573",54,107,53
"VPS4A","s1639_F_LS_02_ASEReadCounter.table","NW_015090842.1:10308856",64,139,75
"VPS4A","s1639_F_LS_02_ASEReadCounter.table","NW_015090842.1:10309056",91,194,103
"VPS4A","s1639_F_LS_02_ASEReadCounter.table","NW_015090842.1:10309089",120,205,85
"VPS4A","s1639_F_LS_02_ASEReadCounter.table","NW_015090842.1:10309392",124,197,73
"VPS4A","s1639_F_LS_02_ASEReadCounter.table","NW_015090842.1:10309413",120,214,94
"VPS4A","s1639_F_LS_02_ASEReadCounter.table","NW_015090842.1:10309467",108,228,120
"VPS4A","s1639_F_LS_02_ASEReadCounter.table","NW_015090842.1:10310230",148,280,132
"VPS4A","s1639_F_LS_02_ASEReadCounter.table","NW_015090842.1:10310425",142,272,130
"VPS4A","s1639_F_LS_02_ASEReadCounter.table","NW_015090842.1:10310639",174,330,156
"VPS4A","s1639_F_LS_02_ASEReadCounter.table","NW_015090842.1:10310734",139,273,134
"VPS4A","s1639_F_LS_02_ASEReadCounter.table","NW_015090842.1:10310737",145,285,140
"VPS4A","s1639_F_LS_02_ASEReadCounter.table","NW_015090842.1:10310746",145,281,136
"VPS4A","s1639_F_LS_02_ASEReadCounter.table","NW_015090842.1:10310767",165,306,141
"VPS4A","s1639_F_LS_02_ASEReadCounter.table","NW_015090842.1:10310995",164,324,160
"VPS4A","s1639_F_LS_02_ASEReadCounter.table","NW_015090842.1:10311004",163,317,154
"VPS4A","s1639_F_LS_02_ASEReadCounter.table","NW_015090842.1:10311007",167,322,155
"VPS4A","s1639_F_LS_02_ASEReadCounter.table","NW_015090842.1:10311013",174,321,147
"VPS4A","s1639_F_LS_02_ASEReadCounter.table","NW_015090842.1:10311022",175,324,149
"VPS4A","s1639_F_LS_02_ASEReadCounter.table","NW_015090842.1:10311023",177,326,149
"VPS4A","s1639_F_LS_02_ASEReadCounter.table","NW_015090842.1:10311426",174,335,161
"VPS4A","s1639_F_LS_02_ASEReadCounter.table","NW_015090842.1:10311489",0,8,8
"VPS4A","s1639_F_LS_02_ASEReadCounter.table","NW_015090842.1:10311490",0,7,7
"VPS4A","s1639_F_LS_02_ASEReadCounter.table","NW_015090842.1:10311525",5,20,15
"VPS4A","s1639_F_LS_02_ASEReadCounter.table","NW_015090842.1:10311529",7,35,28
"VPS4A","s1639_F_LS_02_ASEReadCounter.table","NW_015090842.1:10311530",7,37,30
"VPS4A","s1639_F_LS_02_ASEReadCounter.table","NW_015090842.1:10311552",26,64,38
"VPS4A","s1639_F_LS_02_ASEReadCounter.table","NW_015090842.1:10311689",42,99,57
"VPS4A","s1639_F_LS_02_ASEReadCounter.table","NW_015090842.1:10311700",54,113,59
"VPS4A","s1639_F_LS_02_ASEReadCounter.table","NW_015090842.1:10311701",53,115,62
"VPS4A","s1639_F_LS_02_ASEReadCounter.table","NW_015090842.1:10311703",53,113,60
"COG8","s1639_F_LS_02_ASEReadCounter.table","NW_015090842.1:10313487",17,43,26
"COG8","s1639_F_LS_02_ASEReadCounter.table","NW_015090842.1:10313559",27,52,25
"COG8","s1639_F_LS_02_ASEReadCounter.table","NW_015090842.1:10313579",26,49,23
"COG8","s1639_F_LS_02_ASEReadCounter.table","NW_015090842.1:10313665",24,39,15
"COG8","s1639_F_LS_02_ASEReadCounter.table","NW_015090842.1:10313681",23,38,15
"COG8","s1639_F_LS_02_ASEReadCounter.table","NW_015090842.1:10313768",31,58,27
"COG8","s1639_F_LS_02_ASEReadCounter.table","NW_015090842.1:10313775",33,61,28
"COG8","s1639_F_LS_02_ASEReadCounter.table","NW_015090842.1:10313811",23,45,22
"COG8","s1639_F_LS_02_ASEReadCounter.table","NW_015090842.1:10313858",18,38,20
"COG8","s1639_F_LS_02_ASEReadCounter.table","NW_015090842.1:10314100",16,44,28
"COG8","s1639_F_LS_02_ASEReadCounter.table","NW_015090842.1:10314213",19,39,20
"COG8","s1639_F_LS_02_ASEReadCounter.table","NW_015090842.1:10315093",9,26,17
"COG8","s1639_F_LS_02_ASEReadCounter.table","NW_015090842.1:10315162",16,37,21
"COG8","s1639_F_LS_02_ASEReadCounter.table","NW_015090842.1:10315285",13,38,25
"COG8","s1639_F_LS_02_ASEReadCounter.table","NW_015090842.1:10315360",11,25,14
"COG8","s1639_F_LS_02_ASEReadCounter.table","NW_015090842.1:10315369",11,25,14
"COG8","s1639_F_LS_02_ASEReadCounter.table","NW_015090842.1:10315504",8,14,6
"COG8","s1639_F_LS_02_ASEReadCounter.table","NW_015090842.1:10315508",8,15,7
"COG8","s1639_F_LS_02_ASEReadCounter.table","NW_015090842.1:10315624",7,16,9
"COG8","s1639_F_LS_02_ASEReadCounter.table","NW_015090842.1:10315693",8,20,12
"COG8","s1639_F_LS_02_ASEReadCounter.table","NW_015090842.1:10315698",9,23,14
"COG8","s1639_F_LS_02_ASEReadCounter.table","NW_015090842.1:10315768",9,27,18
"COG8","s1639_F_LS_02_ASEReadCounter.table","NW_015090842.1:10315769",11,29,18
"COG8","s1639_F_LS_02_ASEReadCounter.table","NW_015090842.1:10315784",9,25,16
"COG8","s1639_F_LS_02_ASEReadCounter.table","NW_015090842.1:10316093",4,11,7
"COG8","s1639_F_LS_02_ASEReadCounter.table","NW_015090842.1:10316133",3,12,9
"NIP7","s1639_F_LS_02_ASEReadCounter.table","NW_015090842.1:10316759",11,17,6
"NIP7","s1639_F_LS_02_ASEReadCounter.table","NW_015090842.1:10316967",80,138,58
"NIP7","s1639_F_LS_02_ASEReadCounter.table","NW_015090842.1:10316995",91,167,76
"NIP7","s1639_F_LS_02_ASEReadCounter.table","NW_015090842.1:10317240",142,269,127
"NIP7","s1639_F_LS_02_ASEReadCounter.table","NW_015090842.1:10317247",144,271,127
"NIP7","s1639_F_LS_02_ASEReadCounter.table","NW_015090842.1:10317264",141,272,131
"NIP7","s1639_F_LS_02_ASEReadCounter.table","NW_015090842.1:10317433",174,376,202
"NIP7","s1639_F_LS_02_ASEReadCounter.table","NW_015090842.1:10317738",192,384,192
"NIP7","s1639_F_LS_02_ASEReadCounter.table","NW_015090842.1:10317769",201,393,192
"NIP7","s1639_F_LS_02_ASEReadCounter.table","NW_015090842.1:10317808",126,281,155
"NIP7","s1639_F_LS_02_ASEReadCounter.table","NW_015090842.1:10317870",82,200,118
"NIP7","s1639_F_LS_02_ASEReadCounter.table","NW_015090842.1:10317871",84,191,107
"NIP7","s1639_F_LS_02_ASEReadCounter.table","NW_015090842.1:10317898",68,143,75
"NIP7","s1639_F_LS_02_ASEReadCounter.table","NW_015090842.1:10317911",62,128,66
"TERF2","s1639_F_LS_02_ASEReadCounter.table","NW_015090842.1:10321665",11,11,0
"TERF2","s1639_F_LS_02_ASEReadCounter.table","NW_015090842.1:10321768",25,65,40
"TERF2","s1639_F_LS_02_ASEReadCounter.table","NW_015090842.1:10321777",24,67,43
"TERF2","s1639_F_LS_02_ASEReadCounter.table","NW_015090842.1:10321805",25,79,54
"TERF2","s1639_F_LS_02_ASEReadCounter.table","NW_015090842.1:10321878",32,80,48
"TERF2","s1639_F_LS_02_ASEReadCounter.table","NW_015090842.1:10321893",1,74,73
"TERF2","s1639_F_LS_02_ASEReadCounter.table","NW_015090842.1:10321897",23,65,42
"TERF2","s1639_F_LS_02_ASEReadCounter.table","NW_015090842.1:10321908",21,60,39
"TERF2","s1639_F_LS_02_ASEReadCounter.table","NW_015090842.1:10322001",30,78,48
"TERF2","s1639_F_LS_02_ASEReadCounter.table","NW_015090842.1:10322035",21,64,43
"TERF2","s1639_F_LS_02_ASEReadCounter.table","NW_015090842.1:10322051",28,83,55
"TERF2","s1639_F_LS_02_ASEReadCounter.table","NW_015090842.1:10322137",30,85,55
"TERF2","s1639_F_LS_02_ASEReadCounter.table","NW_015090842.1:10322144",34,89,55
"TERF2","s1639_F_LS_02_ASEReadCounter.table","NW_015090842.1:10322388",23,79,56
"TERF2","s1639_F_LS_02_ASEReadCounter.table","NW_015090842.1:10322396",23,77,54
"TERF2","s1639_F_LS_02_ASEReadCounter.table","NW_015090842.1:10322502",38,90,52
"TERF2","s1639_F_LS_02_ASEReadCounter.table","NW_015090842.1:10322504",38,90,52
"TERF2","s1639_F_LS_02_ASEReadCounter.table","NW_015090842.1:10322510",39,88,49
"TERF2","s1639_F_LS_02_ASEReadCounter.table","NW_015090842.1:10323580",23,75,52
"TERF2","s1639_F_LS_02_ASEReadCounter.table","NW_015090842.1:10324314",18,63,45
"TERF2","s1639_F_LS_02_ASEReadCounter.table","NW_015090842.1:10326832",22,49,27
"TERF2","s1639_F_LS_02_ASEReadCounter.table","NW_015090842.1:10327787",9,31,22
"TERF2","s1639_F_LS_02_ASEReadCounter.table","NW_015090842.1:10328588",11,19,8
"TERF2","s1639_F_LS_02_ASEReadCounter.table","NW_015090842.1:10328644",5,17,12
"TERF2","s1639_F_LS_02_ASEReadCounter.table","NW_015090842.1:10329813",3,8,5
"TERF2","s1639_F_LS_02_ASEReadCounter.table","NW_015090842.1:10330749",8,14,6
"TERF2","s1639_F_LS_02_ASEReadCounter.table","NW_015090842.1:10330789",9,14,5
"CYB5B","s1639_F_LS_02_ASEReadCounter.table","NW_015090842.1:10336595",3,5,2
"CYB5B","s1639_F_LS_02_ASEReadCounter.table","NW_015090842.1:10336667",24,44,20
"CYB5B","s1639_F_LS_02_ASEReadCounter.table","NW_015090842.1:10336689",33,69,36
"CYB5B","s1639_F_LS_02_ASEReadCounter.table","NW_015090842.1:10336728",54,107,53
"CYB5B","s1639_F_LS_02_ASEReadCounter.table","NW_015090842.1:10345068",40,90,50
"CYB5B","s1639_F_LS_02_ASEReadCounter.table","NW_015090842.1:10348800",98,169,71
"CYB5B","s1639_F_LS_02_ASEReadCounter.table","NW_015090842.1:10348888",79,137,58
"CYB5B","s1639_F_LS_02_ASEReadCounter.table","NW_015090842.1:10349046",82,148,66
"CYB5B","s1639_F_LS_02_ASEReadCounter.table","NW_015090842.1:10349119",71,142,71
"CYB5B","s1639_F_LS_02_ASEReadCounter.table","NW_015090842.1:10349146",44,121,77
"CYB5B","s1639_F_LS_02_ASEReadCounter.table","NW_015090842.1:10349157",72,149,77
