"gene","id","snp","ref_count","total_count","alt_count"
"CENPN","s1639_F_ADR_02_ASEReadCounter.table","NW_015090842.1:5801612",0,2,2
"CENPN","s1639_F_ADR_02_ASEReadCounter.table","NW_015090842.1:5801618",0,2,2
"CENPN","s1639_F_ADR_02_ASEReadCounter.table","NW_015090842.1:5801623",1,3,2
"CENPN","s1639_F_ADR_02_ASEReadCounter.table","NW_015090842.1:5801631",1,3,2
"CENPN","s1639_F_ADR_02_ASEReadCounter.table","NW_015090842.1:5801632",1,3,2
"CENPN","s1639_F_ADR_02_ASEReadCounter.table","NW_015090842.1:5801655",1,6,5
"CENPN","s1639_F_ADR_02_ASEReadCounter.table","NW_015090842.1:5801662",2,7,5
"CENPN","s1639_F_ADR_02_ASEReadCounter.table","NW_015090842.1:5801670",2,7,5
"CENPN","s1639_F_ADR_02_ASEReadCounter.table","NW_015090842.1:5801674",3,8,5
"CENPN","s1639_F_ADR_02_ASEReadCounter.table","NW_015090842.1:5801692",3,8,5
"CENPN","s1639_F_ADR_02_ASEReadCounter.table","NW_015090842.1:5801697",3,8,5
"CENPN","s1639_F_ADR_02_ASEReadCounter.table","NW_015090842.1:5802008",2,5,3
"CENPN","s1639_F_ADR_02_ASEReadCounter.table","NW_015090842.1:5802012",2,5,3
"CENPN","s1639_F_ADR_02_ASEReadCounter.table","NW_015090842.1:5802087",7,17,10
"CENPN","s1639_F_ADR_02_ASEReadCounter.table","NW_015090842.1:5810113",3,4,1
"CENPN","s1639_F_ADR_02_ASEReadCounter.table","NW_015090842.1:5810147",5,6,1
"CENPN","s1639_F_ADR_02_ASEReadCounter.table","NW_015090842.1:5810148",5,6,1
"ATMIN","s1639_F_ADR_02_ASEReadCounter.table","NW_015090842.1:5818789",9,17,8
"ATMIN","s1639_F_ADR_02_ASEReadCounter.table","NW_015090842.1:5819958",10,20,10
"ATMIN","s1639_F_ADR_02_ASEReadCounter.table","NW_015090842.1:5820004",7,16,9
"ATMIN","s1639_F_ADR_02_ASEReadCounter.table","NW_015090842.1:5820217",6,11,5
"ATMIN","s1639_F_ADR_02_ASEReadCounter.table","NW_015090842.1:5820250",8,17,9
"ATMIN","s1639_F_ADR_02_ASEReadCounter.table","NW_015090842.1:5820298",9,17,8
"ATMIN","s1639_F_ADR_02_ASEReadCounter.table","NW_015090842.1:5820417",12,21,9
"ATMIN","s1639_F_ADR_02_ASEReadCounter.table","NW_015090842.1:5820421",13,22,9
"ATMIN","s1639_F_ADR_02_ASEReadCounter.table","NW_015090842.1:5820448",17,25,8
"ATMIN","s1639_F_ADR_02_ASEReadCounter.table","NW_015090842.1:5820457",16,22,6
"ATMIN","s1639_F_ADR_02_ASEReadCounter.table","NW_015090842.1:5820510",13,21,8
"ATMIN","s1639_F_ADR_02_ASEReadCounter.table","NW_015090842.1:5820673",5,9,4
"ATMIN","s1639_F_ADR_02_ASEReadCounter.table","NW_015090842.1:5820754",10,19,9
"ATMIN","s1639_F_ADR_02_ASEReadCounter.table","NW_015090842.1:5820820",13,24,11
"ATMIN","s1639_F_ADR_02_ASEReadCounter.table","NW_015090842.1:5820865",17,21,4
"ATMIN","s1639_F_ADR_02_ASEReadCounter.table","NW_015090842.1:5820889",15,20,5
"ATMIN","s1639_F_ADR_02_ASEReadCounter.table","NW_015090842.1:5820891",14,19,5
"ATMIN","s1639_F_ADR_02_ASEReadCounter.table","NW_015090842.1:5820997",15,21,6
"ATMIN","s1639_F_ADR_02_ASEReadCounter.table","NW_015090842.1:5821063",15,24,9
"ATMIN","s1639_F_ADR_02_ASEReadCounter.table","NW_015090842.1:5821132",14,22,8
"ATMIN","s1639_F_ADR_02_ASEReadCounter.table","NW_015090842.1:5821645",17,30,13
"ATMIN","s1639_F_ADR_02_ASEReadCounter.table","NW_015090842.1:5825066",14,22,8
"ATMIN","s1639_F_ADR_02_ASEReadCounter.table","NW_015090842.1:5825106",15,28,13
"ATMIN","s1639_F_ADR_02_ASEReadCounter.table","NW_015090842.1:5825122",8,18,10
"ATMIN","s1639_F_ADR_02_ASEReadCounter.table","NW_015090842.1:5825178",16,31,15
"ATMIN","s1639_F_ADR_02_ASEReadCounter.table","NW_015090842.1:5825194",14,26,12
"ATMIN","s1639_F_ADR_02_ASEReadCounter.table","NW_015090842.1:5825195",13,25,12
"ATMIN","s1639_F_ADR_02_ASEReadCounter.table","NW_015090842.1:5825220",10,27,17
"ATMIN","s1639_F_ADR_02_ASEReadCounter.table","NW_015090842.1:5825240",9,25,16
"ATMIN","s1639_F_ADR_02_ASEReadCounter.table","NW_015090842.1:5825303",13,27,14
"ATMIN","s1639_F_ADR_02_ASEReadCounter.table","NW_015090842.1:5825304",13,25,12
"ATMIN","s1639_F_ADR_02_ASEReadCounter.table","NW_015090842.1:5825310",13,27,14
"ATMIN","s1639_F_ADR_02_ASEReadCounter.table","NW_015090842.1:5825406",17,24,7
"ATMIN","s1639_F_ADR_02_ASEReadCounter.table","NW_015090842.1:5825415",15,23,8
"ATMIN","s1639_F_ADR_02_ASEReadCounter.table","NW_015090842.1:5825438",12,20,8
"ATMIN","s1639_F_ADR_02_ASEReadCounter.table","NW_015090842.1:5825485",12,22,10
"ATMIN","s1639_F_ADR_02_ASEReadCounter.table","NW_015090842.1:5825524",10,21,11
"ATMIN","s1639_F_ADR_02_ASEReadCounter.table","NW_015090842.1:5825557",11,24,13
"ATMIN","s1639_F_ADR_02_ASEReadCounter.table","NW_015090842.1:5825571",11,24,13
"ATMIN","s1639_F_ADR_02_ASEReadCounter.table","NW_015090842.1:5825579",12,24,12
"ATMIN","s1639_F_ADR_02_ASEReadCounter.table","NW_015090842.1:5825590",12,21,9
"ATMIN","s1639_F_ADR_02_ASEReadCounter.table","NW_015090842.1:5825689",13,23,10
"ATMIN","s1639_F_ADR_02_ASEReadCounter.table","NW_015090842.1:5825703",13,23,10
"ATMIN","s1639_F_ADR_02_ASEReadCounter.table","NW_015090842.1:5825787",13,20,7
"ATMIN","s1639_F_ADR_02_ASEReadCounter.table","NW_015090842.1:5825833",11,20,9
"ATMIN","s1639_F_ADR_02_ASEReadCounter.table","NW_015090842.1:5825841",8,16,8
"ATMIN","s1639_F_ADR_02_ASEReadCounter.table","NW_015090842.1:5825895",14,24,10
"ATMIN","s1639_F_ADR_02_ASEReadCounter.table","NW_015090842.1:5825984",19,26,7
"ATMIN","s1639_F_ADR_02_ASEReadCounter.table","NW_015090842.1:5826162",20,30,10
"ATMIN","s1639_F_ADR_02_ASEReadCounter.table","NW_015090842.1:5826194",20,31,11
"ATMIN","s1639_F_ADR_02_ASEReadCounter.table","NW_015090842.1:5826235",19,35,16
"ATMIN","s1639_F_ADR_02_ASEReadCounter.table","NW_015090842.1:5826245",19,35,16
"ATMIN","s1639_F_ADR_02_ASEReadCounter.table","NW_015090842.1:5826335",8,13,5
"ATMIN","s1639_F_ADR_02_ASEReadCounter.table","NW_015090842.1:5826417",17,28,11
"ATMIN","s1639_F_ADR_02_ASEReadCounter.table","NW_015090842.1:5826431",15,31,16
"ATMIN","s1639_F_ADR_02_ASEReadCounter.table","NW_015090842.1:5826438",17,30,13
"ATMIN","s1639_F_ADR_02_ASEReadCounter.table","NW_015090842.1:5826463",22,42,20
"ATMIN","s1639_F_ADR_02_ASEReadCounter.table","NW_015090842.1:5826502",20,37,17
"ATMIN","s1639_F_ADR_02_ASEReadCounter.table","NW_015090842.1:5826511",22,39,17
"ATMIN","s1639_F_ADR_02_ASEReadCounter.table","NW_015090842.1:5826659",21,37,16
"ATMIN","s1639_F_ADR_02_ASEReadCounter.table","NW_015090842.1:5826701",21,42,21
"ATMIN","s1639_F_ADR_02_ASEReadCounter.table","NW_015090842.1:5826702",21,42,21
"ATMIN","s1639_F_ADR_02_ASEReadCounter.table","NW_015090842.1:5826732",24,46,22
"ATMIN","s1639_F_ADR_02_ASEReadCounter.table","NW_015090842.1:5826745",20,41,21
"ATMIN","s1639_F_ADR_02_ASEReadCounter.table","NW_015090842.1:5826835",25,39,14
"ATMIN","s1639_F_ADR_02_ASEReadCounter.table","NW_015090842.1:5826942",12,27,15
"ATMIN","s1639_F_ADR_02_ASEReadCounter.table","NW_015090842.1:5827193",30,53,23
"ATMIN","s1639_F_ADR_02_ASEReadCounter.table","NW_015090842.1:5827196",27,49,22
"ATMIN","s1639_F_ADR_02_ASEReadCounter.table","NW_015090842.1:5827269",29,54,25
"ATMIN","s1639_F_ADR_02_ASEReadCounter.table","NW_015090842.1:5827315",25,39,14
"ATMIN","s1639_F_ADR_02_ASEReadCounter.table","NW_015090842.1:5827316",25,40,15
"ATMIN","s1639_F_ADR_02_ASEReadCounter.table","NW_015090842.1:5827333",24,39,15
"PPP1R3E","s1639_F_ADR_02_ASEReadCounter.table","NW_015090842.1:5837733",5,12,7
"PPP1R3E","s1639_F_ADR_02_ASEReadCounter.table","NW_015090842.1:5837947",8,13,5
"PKD1L2","s1639_F_ADR_02_ASEReadCounter.table","NW_015090842.1:5867509",0,1,1
"PKD1L2","s1639_F_ADR_02_ASEReadCounter.table","NW_015090842.1:5867597",2,2,0
"PKD1L2","s1639_F_ADR_02_ASEReadCounter.table","NW_015090842.1:5867600",2,2,0
"PKD1L2","s1639_F_ADR_02_ASEReadCounter.table","NW_015090842.1:5867660",2,2,0
"PKD1L2","s1639_F_ADR_02_ASEReadCounter.table","NW_015090842.1:5867675",2,2,0
"PKD1L2","s1639_F_ADR_02_ASEReadCounter.table","NW_015090842.1:5867788",3,3,0
"BCO1","s1639_F_ADR_02_ASEReadCounter.table","NW_015090842.1:5915610",4,4,0
"BCO1","s1639_F_ADR_02_ASEReadCounter.table","NW_015090842.1:5915646",4,4,0
"BCO1","s1639_F_ADR_02_ASEReadCounter.table","NW_015090842.1:5917836",2,2,0
"BCO1","s1639_F_ADR_02_ASEReadCounter.table","NW_015090842.1:5917912",21,28,7
"BCO1","s1639_F_ADR_02_ASEReadCounter.table","NW_015090842.1:5917941",27,36,9
"BCO1","s1639_F_ADR_02_ASEReadCounter.table","NW_015090842.1:5917971",25,35,10
"BCO1","s1639_F_ADR_02_ASEReadCounter.table","NW_015090842.1:5921679",34,41,7
"BCO1","s1639_F_ADR_02_ASEReadCounter.table","NW_015090842.1:5921726",31,44,13
"BCO1","s1639_F_ADR_02_ASEReadCounter.table","NW_015090842.1:5925669",18,27,9
"BCO1","s1639_F_ADR_02_ASEReadCounter.table","NW_015090842.1:5926937",14,26,12
"BCO1","s1639_F_ADR_02_ASEReadCounter.table","NW_015090842.1:5927921",27,40,13
"BCO1","s1639_F_ADR_02_ASEReadCounter.table","NW_015090842.1:5927948",27,41,14
"BCO1","s1639_F_ADR_02_ASEReadCounter.table","NW_015090842.1:5927968",24,40,16
"BCO1","s1639_F_ADR_02_ASEReadCounter.table","NW_015090842.1:5928052",22,34,12
"BCO1","s1639_F_ADR_02_ASEReadCounter.table","NW_015090842.1:5932726",31,46,15
"BCO1","s1639_F_ADR_02_ASEReadCounter.table","NW_015090842.1:5932801",30,44,14
"BCO1","s1639_F_ADR_02_ASEReadCounter.table","NW_015090842.1:5934558",38,53,15
"BCO1","s1639_F_ADR_02_ASEReadCounter.table","NW_015090842.1:5934575",40,54,14
"BCO1","s1639_F_ADR_02_ASEReadCounter.table","NW_015090842.1:5934608",46,63,17
"BCO1","s1639_F_ADR_02_ASEReadCounter.table","NW_015090842.1:5934647",42,62,20
"BCO1","s1639_F_ADR_02_ASEReadCounter.table","NW_015090842.1:5934725",20,35,15
"BCO1","s1639_F_ADR_02_ASEReadCounter.table","NW_015090842.1:5934726",20,34,14
"BCO1","s1639_F_ADR_02_ASEReadCounter.table","NW_015090842.1:5934733",17,28,11
"BCO1","s1639_F_ADR_02_ASEReadCounter.table","NW_015090842.1:5934821",23,37,14
"BCO1","s1639_F_ADR_02_ASEReadCounter.table","NW_015090842.1:5934826",22,35,13
"BCO1","s1639_F_ADR_02_ASEReadCounter.table","NW_015090842.1:5934844",13,21,8
"BCO1","s1639_F_ADR_02_ASEReadCounter.table","NW_015090842.1:5934958",30,41,11
"BCO1","s1639_F_ADR_02_ASEReadCounter.table","NW_015090842.1:5934976",30,41,11
"GAN","s1639_F_ADR_02_ASEReadCounter.table","NW_015090842.1:5939249",0,2,2
"GAN","s1639_F_ADR_02_ASEReadCounter.table","NW_015090842.1:5953759",6,8,2
"GAN","s1639_F_ADR_02_ASEReadCounter.table","NW_015090842.1:5957502",5,7,2
"GAN","s1639_F_ADR_02_ASEReadCounter.table","NW_015090842.1:5957578",9,16,7
"GAN","s1639_F_ADR_02_ASEReadCounter.table","NW_015090842.1:5966047",4,16,12
"GAN","s1639_F_ADR_02_ASEReadCounter.table","NW_015090842.1:5966126",5,19,14
"GAN","s1639_F_ADR_02_ASEReadCounter.table","NW_015090842.1:5966127",5,19,14
"GAN","s1639_F_ADR_02_ASEReadCounter.table","NW_015090842.1:5966162",10,22,12
"GAN","s1639_F_ADR_02_ASEReadCounter.table","NW_015090842.1:5966483",4,13,9
"CMIP","s1639_F_ADR_02_ASEReadCounter.table","NW_015090842.1:6109159",11,18,7
"CMIP","s1639_F_ADR_02_ASEReadCounter.table","NW_015090842.1:6109166",11,18,7
"CMIP","s1639_F_ADR_02_ASEReadCounter.table","NW_015090842.1:6114641",8,15,7
"CMIP","s1639_F_ADR_02_ASEReadCounter.table","NW_015090842.1:6114751",8,17,9
"CMIP","s1639_F_ADR_02_ASEReadCounter.table","NW_015090842.1:6114824",9,23,14
"CMIP","s1639_F_ADR_02_ASEReadCounter.table","NW_015090842.1:6126295",43,43,0
"CMIP","s1639_F_ADR_02_ASEReadCounter.table","NW_015090842.1:6128998",8,52,44
"CMIP","s1639_F_ADR_02_ASEReadCounter.table","NW_015090842.1:6130562",15,84,69
"CMIP","s1639_F_ADR_02_ASEReadCounter.table","NW_015090842.1:6132522",13,80,67
"CMIP","s1639_F_ADR_02_ASEReadCounter.table","NW_015090842.1:6138265",20,149,129
"CMIP","s1639_F_ADR_02_ASEReadCounter.table","NW_015090842.1:6138300",17,148,131
"CMIP","s1639_F_ADR_02_ASEReadCounter.table","NW_015090842.1:6138342",11,125,114
"CMIP","s1639_F_ADR_02_ASEReadCounter.table","NW_015090842.1:6138343",11,123,112
"CMIP","s1639_F_ADR_02_ASEReadCounter.table","NW_015090842.1:6138345",11,125,114
"CMIP","s1639_F_ADR_02_ASEReadCounter.table","NW_015090842.1:6138647",11,101,90
"CMIP","s1639_F_ADR_02_ASEReadCounter.table","NW_015090842.1:6138745",12,108,96
"CMIP","s1639_F_ADR_02_ASEReadCounter.table","NW_015090842.1:6138832",2,43,41
"CMIP","s1639_F_ADR_02_ASEReadCounter.table","NW_015090842.1:6138967",6,81,75
"CMIP","s1639_F_ADR_02_ASEReadCounter.table","NW_015090842.1:6139131",3,47,44
"CMIP","s1639_F_ADR_02_ASEReadCounter.table","NW_015090842.1:6139163",0,42,42
"CMIP","s1639_F_ADR_02_ASEReadCounter.table","NW_015090842.1:6139212",32,51,19
"CMIP","s1639_F_ADR_02_ASEReadCounter.table","NW_015090842.1:6139360",4,23,19
"CMIP","s1639_F_ADR_02_ASEReadCounter.table","NW_015090842.1:6139572",4,20,16
"PLCG2","s1639_F_ADR_02_ASEReadCounter.table","NW_015090842.1:6179613",4,7,3
"PLCG2","s1639_F_ADR_02_ASEReadCounter.table","NW_015090842.1:6179658",9,11,2
"PLCG2","s1639_F_ADR_02_ASEReadCounter.table","NW_015090842.1:6203766",5,10,5
"PLCG2","s1639_F_ADR_02_ASEReadCounter.table","NW_015090842.1:6203775",4,8,4
"PLCG2","s1639_F_ADR_02_ASEReadCounter.table","NW_015090842.1:6203787",4,9,5
"PLCG2","s1639_F_ADR_02_ASEReadCounter.table","NW_015090842.1:6209741",9,13,4
"PLCG2","s1639_F_ADR_02_ASEReadCounter.table","NW_015090842.1:6209798",6,8,2
"PLCG2","s1639_F_ADR_02_ASEReadCounter.table","NW_015090842.1:6209816",6,9,3
"PLCG2","s1639_F_ADR_02_ASEReadCounter.table","NW_015090842.1:6217547",7,23,16
"PLCG2","s1639_F_ADR_02_ASEReadCounter.table","NW_015090842.1:6218641",6,16,10
"PLCG2","s1639_F_ADR_02_ASEReadCounter.table","NW_015090842.1:6220552",12,20,8
"PLCG2","s1639_F_ADR_02_ASEReadCounter.table","NW_015090842.1:6221969",6,13,7
"PLCG2","s1639_F_ADR_02_ASEReadCounter.table","NW_015090842.1:6228672",9,13,4
"PLCG2","s1639_F_ADR_02_ASEReadCounter.table","NW_015090842.1:6228694",9,13,4
"PLCG2","s1639_F_ADR_02_ASEReadCounter.table","NW_015090842.1:6228722",9,14,5
"PLCG2","s1639_F_ADR_02_ASEReadCounter.table","NW_015090842.1:6228747",4,7,3
"PLCG2","s1639_F_ADR_02_ASEReadCounter.table","NW_015090842.1:6228835",4,6,2
"PLCG2","s1639_F_ADR_02_ASEReadCounter.table","NW_015090842.1:6228841",5,7,2
"PLCG2","s1639_F_ADR_02_ASEReadCounter.table","NW_015090842.1:6228865",8,11,3
"PLCG2","s1639_F_ADR_02_ASEReadCounter.table","NW_015090842.1:6228917",11,13,2
"PLCG2","s1639_F_ADR_02_ASEReadCounter.table","NW_015090842.1:6228926",11,13,2
"PLCG2","s1639_F_ADR_02_ASEReadCounter.table","NW_015090842.1:6228954",8,9,1
"PLCG2","s1639_F_ADR_02_ASEReadCounter.table","NW_015090842.1:6229002",8,11,3
"PLCG2","s1639_F_ADR_02_ASEReadCounter.table","NW_015090842.1:6229006",8,11,3
"PLCG2","s1639_F_ADR_02_ASEReadCounter.table","NW_015090842.1:6229081",9,10,1
"PLCG2","s1639_F_ADR_02_ASEReadCounter.table","NW_015090842.1:6229097",6,6,0
"PLCG2","s1639_F_ADR_02_ASEReadCounter.table","NW_015090842.1:6229160",8,9,1
"PLCG2","s1639_F_ADR_02_ASEReadCounter.table","NW_015090842.1:6229213",8,10,2
"PLCG2","s1639_F_ADR_02_ASEReadCounter.table","NW_015090842.1:6229231",8,12,4
"PLCG2","s1639_F_ADR_02_ASEReadCounter.table","NW_015090842.1:6229663",6,9,3
"PLCG2","s1639_F_ADR_02_ASEReadCounter.table","NW_015090842.1:6229748",14,17,3
"PLCG2","s1639_F_ADR_02_ASEReadCounter.table","NW_015090842.1:6229892",14,19,5
"PLCG2","s1639_F_ADR_02_ASEReadCounter.table","NW_015090842.1:6230248",11,14,3
"PLCG2","s1639_F_ADR_02_ASEReadCounter.table","NW_015090842.1:6230255",11,14,3
"PLCG2","s1639_F_ADR_02_ASEReadCounter.table","NW_015090842.1:6230276",7,11,4
"PLCG2","s1639_F_ADR_02_ASEReadCounter.table","NW_015090842.1:6230296",7,9,2
"PLCG2","s1639_F_ADR_02_ASEReadCounter.table","NW_015090842.1:6230349",7,11,4
"PLCG2","s1639_F_ADR_02_ASEReadCounter.table","NW_015090842.1:6230408",13,17,4
"PLCG2","s1639_F_ADR_02_ASEReadCounter.table","NW_015090842.1:6230439",10,10,0
"PLCG2","s1639_F_ADR_02_ASEReadCounter.table","NW_015090842.1:6230757",3,5,2
"PLCG2","s1639_F_ADR_02_ASEReadCounter.table","NW_015090842.1:6230758",4,4,0
"PLCG2","s1639_F_ADR_02_ASEReadCounter.table","NW_015090842.1:6230898",6,7,1
"PLCG2","s1639_F_ADR_02_ASEReadCounter.table","NW_015090842.1:6230976",5,9,4
"PLCG2","s1639_F_ADR_02_ASEReadCounter.table","NW_015090842.1:6231078",5,7,2
"PLCG2","s1639_F_ADR_02_ASEReadCounter.table","NW_015090842.1:6231138",12,16,4
"PLCG2","s1639_F_ADR_02_ASEReadCounter.table","NW_015090842.1:6231177",14,18,4
"PLCG2","s1639_F_ADR_02_ASEReadCounter.table","NW_015090842.1:6231263",17,21,4
"SDR42E1","s1639_F_ADR_02_ASEReadCounter.table","NW_015090842.1:6235292",0,1,1
"SDR42E1","s1639_F_ADR_02_ASEReadCounter.table","NW_015090842.1:6235315",1,5,4
"SDR42E1","s1639_F_ADR_02_ASEReadCounter.table","NW_015090842.1:6235348",1,7,6
"SDR42E1","s1639_F_ADR_02_ASEReadCounter.table","NW_015090842.1:6235355",1,8,7
"SDR42E1","s1639_F_ADR_02_ASEReadCounter.table","NW_015090842.1:6235417",1,13,12
"SDR42E1","s1639_F_ADR_02_ASEReadCounter.table","NW_015090842.1:6235558",1,13,12
"SDR42E1","s1639_F_ADR_02_ASEReadCounter.table","NW_015090842.1:6235741",5,20,15
"SDR42E1","s1639_F_ADR_02_ASEReadCounter.table","NW_015090842.1:6235777",6,18,12
"SDR42E1","s1639_F_ADR_02_ASEReadCounter.table","NW_015090842.1:6235806",8,24,16
"SDR42E1","s1639_F_ADR_02_ASEReadCounter.table","NW_015090842.1:6235809",7,24,17
"SDR42E1","s1639_F_ADR_02_ASEReadCounter.table","NW_015090842.1:6235816",7,22,15
"SDR42E1","s1639_F_ADR_02_ASEReadCounter.table","NW_015090842.1:6235914",8,25,17
"SDR42E1","s1639_F_ADR_02_ASEReadCounter.table","NW_015090842.1:6235935",6,22,16
"SDR42E1","s1639_F_ADR_02_ASEReadCounter.table","NW_015090842.1:6235957",8,21,13
"SDR42E1","s1639_F_ADR_02_ASEReadCounter.table","NW_015090842.1:6236040",3,10,7
"SDR42E1","s1639_F_ADR_02_ASEReadCounter.table","NW_015090842.1:6236260",4,10,6
"SDR42E1","s1639_F_ADR_02_ASEReadCounter.table","NW_015090842.1:6236281",5,9,4
"SDR42E1","s1639_F_ADR_02_ASEReadCounter.table","NW_015090842.1:6236305",4,13,9
"SDR42E1","s1639_F_ADR_02_ASEReadCounter.table","NW_015090842.1:6236458",1,12,11
"SDR42E1","s1639_F_ADR_02_ASEReadCounter.table","NW_015090842.1:6236476",2,11,9
"SDR42E1","s1639_F_ADR_02_ASEReadCounter.table","NW_015090842.1:6236608",3,9,6
"SDR42E1","s1639_F_ADR_02_ASEReadCounter.table","NW_015090842.1:6238244",1,8,7
"SDR42E1","s1639_F_ADR_02_ASEReadCounter.table","NW_015090842.1:6238829",0,8,8
"HSD17B2","s1639_F_ADR_02_ASEReadCounter.table","NW_015090842.1:6257737",0,1,1
"HSD17B2","s1639_F_ADR_02_ASEReadCounter.table","NW_015090842.1:6257758",0,1,1
"HSD17B2","s1639_F_ADR_02_ASEReadCounter.table","NW_015090842.1:6257767",0,1,1
"HSD17B2","s1639_F_ADR_02_ASEReadCounter.table","NW_015090842.1:6257829",0,1,1
"HSD17B2","s1639_F_ADR_02_ASEReadCounter.table","NW_015090842.1:6257851",0,1,1
"HSD17B2","s1639_F_ADR_02_ASEReadCounter.table","NW_015090842.1:6257889",0,1,1
"HSD17B2","s1639_F_ADR_02_ASEReadCounter.table","NW_015090842.1:6267196",0,1,1
"HSD17B2","s1639_F_ADR_02_ASEReadCounter.table","NW_015090842.1:6267273",0,1,1
"HSD17B2","s1639_F_ADR_02_ASEReadCounter.table","NW_015090842.1:6268098",0,2,2
"HSD17B2","s1639_F_ADR_02_ASEReadCounter.table","NW_015090842.1:6268203",0,1,1
"ARY2","s1639_F_ADR_02_ASEReadCounter.table","NW_015090842.1:6303922",16,33,17
"ARY2","s1639_F_ADR_02_ASEReadCounter.table","NW_015090842.1:6303954",26,59,33
"ARY2","s1639_F_ADR_02_ASEReadCounter.table","NW_015090842.1:6303979",25,64,39
"ARY2","s1639_F_ADR_02_ASEReadCounter.table","NW_015090842.1:6305848",21,58,37
"ARY2","s1639_F_ADR_02_ASEReadCounter.table","NW_015090842.1:6305856",21,58,37
"ARY2","s1639_F_ADR_02_ASEReadCounter.table","NW_015090842.1:6305857",21,57,36
"ARY2","s1639_F_ADR_02_ASEReadCounter.table","NW_015090842.1:6306017",16,58,42
"ARY2","s1639_F_ADR_02_ASEReadCounter.table","NW_015090842.1:6306052",19,55,36
"ARY2","s1639_F_ADR_02_ASEReadCounter.table","NW_015090842.1:6306094",22,60,38
"ARY2","s1639_F_ADR_02_ASEReadCounter.table","NW_015090842.1:6306100",22,65,43
"ARY2","s1639_F_ADR_02_ASEReadCounter.table","NW_015090842.1:6306146",23,73,50
"ARY2","s1639_F_ADR_02_ASEReadCounter.table","NW_015090842.1:6306147",23,72,49
"ARY2","s1639_F_ADR_02_ASEReadCounter.table","NW_015090842.1:6306390",14,54,40
"ARY2","s1639_F_ADR_02_ASEReadCounter.table","NW_015090842.1:6306567",16,41,25
"ARY2","s1639_F_ADR_02_ASEReadCounter.table","NW_015090842.1:6306705",18,47,29
"ARY2","s1639_F_ADR_02_ASEReadCounter.table","NW_015090842.1:6306773",14,43,29
"ARY2","s1639_F_ADR_02_ASEReadCounter.table","NW_015090842.1:6307039",19,46,27
"ARY2","s1639_F_ADR_02_ASEReadCounter.table","NW_015090842.1:6307043",18,45,27
"ARY2","s1639_F_ADR_02_ASEReadCounter.table","NW_015090842.1:6307093",14,34,20
"ARY2","s1639_F_ADR_02_ASEReadCounter.table","NW_015090842.1:6307138",14,40,26
"ARY2","s1639_F_ADR_02_ASEReadCounter.table","NW_015090842.1:6307157",16,41,25
"ARY2","s1639_F_ADR_02_ASEReadCounter.table","NW_015090842.1:6307187",20,42,22
"ARY2","s1639_F_ADR_02_ASEReadCounter.table","NW_015090842.1:6307204",21,38,17
"ARY2","s1639_F_ADR_02_ASEReadCounter.table","NW_015090842.1:6307278",16,35,19
"ARY2","s1639_F_ADR_02_ASEReadCounter.table","NW_015090842.1:6307305",15,39,24
"ARY2","s1639_F_ADR_02_ASEReadCounter.table","NW_015090842.1:6307318",15,43,28
"ARY2","s1639_F_ADR_02_ASEReadCounter.table","NW_015090842.1:6307429",17,43,26
"ARY2","s1639_F_ADR_02_ASEReadCounter.table","NW_015090842.1:6307487",11,48,37
"ARY2","s1639_F_ADR_02_ASEReadCounter.table","NW_015090842.1:6307670",5,15,10
"ARYL","s1639_F_ADR_02_ASEReadCounter.table","NW_015090842.1:6313767",0,1,1
"ARY1","s1639_F_ADR_02_ASEReadCounter.table","NW_015090842.1:6314296",4,5,1
"ARY1","s1639_F_ADR_02_ASEReadCounter.table","NW_015090842.1:6314541",3,4,1
"ARY1","s1639_F_ADR_02_ASEReadCounter.table","NW_015090842.1:6314597",4,5,1
"ARY1","s1639_F_ADR_02_ASEReadCounter.table","NW_015090842.1:6314827",1,1,0
"ARY1","s1639_F_ADR_02_ASEReadCounter.table","NW_015090842.1:6314859",1,1,0
"ARY1","s1639_F_ADR_02_ASEReadCounter.table","NW_015090842.1:6314886",1,1,0
"ARY1","s1639_F_ADR_02_ASEReadCounter.table","NW_015090842.1:6315065",1,1,0
"ARY1","s1639_F_ADR_02_ASEReadCounter.table","NW_015090842.1:6315409",1,2,1
"ARY1","s1639_F_ADR_02_ASEReadCounter.table","NW_015090842.1:6315479",0,2,2
"ARY1","s1639_F_ADR_02_ASEReadCounter.table","NW_015090842.1:6318342",1,1,0
"ARY1","s1639_F_ADR_02_ASEReadCounter.table","NW_015090842.1:6318427",3,4,1
"ARY1","s1639_F_ADR_02_ASEReadCounter.table","NW_015090842.1:6318603",2,3,1
"ARY1","s1639_F_ADR_02_ASEReadCounter.table","NW_015090842.1:6318708",3,4,1
"ARY1","s1639_F_ADR_02_ASEReadCounter.table","NW_015090842.1:6318858",3,5,2
"ARY1","s1639_F_ADR_02_ASEReadCounter.table","NW_015090842.1:6318952",2,3,1
"MPHOSPH6","s1639_F_ADR_02_ASEReadCounter.table","NW_015090842.1:6324063",24,46,22
"MPHOSPH6","s1639_F_ADR_02_ASEReadCounter.table","NW_015090842.1:6324174",46,90,44
"MPHOSPH6","s1639_F_ADR_02_ASEReadCounter.table","NW_015090842.1:6324270",73,132,59
"MPHOSPH6","s1639_F_ADR_02_ASEReadCounter.table","NW_015090842.1:6324762",75,167,92
"MPHOSPH6","s1639_F_ADR_02_ASEReadCounter.table","NW_015090842.1:6324780",81,165,84
"MPHOSPH6","s1639_F_ADR_02_ASEReadCounter.table","NW_015090842.1:6324902",101,191,90
"MPHOSPH6","s1639_F_ADR_02_ASEReadCounter.table","NW_015090842.1:6325066",78,171,93
"MPHOSPH6","s1639_F_ADR_02_ASEReadCounter.table","NW_015090842.1:6325089",101,212,111
"MPHOSPH6","s1639_F_ADR_02_ASEReadCounter.table","NW_015090842.1:6325877",111,232,121
"MPHOSPH6","s1639_F_ADR_02_ASEReadCounter.table","NW_015090842.1:6326976",87,192,105
"CDH13","s1639_F_ADR_02_ASEReadCounter.table","NW_015090842.1:6662283",30,54,24
"CDH13","s1639_F_ADR_02_ASEReadCounter.table","NW_015090842.1:6693665",28,56,28
"CDH13","s1639_F_ADR_02_ASEReadCounter.table","NW_015090842.1:6693697",24,43,19
"CDH13","s1639_F_ADR_02_ASEReadCounter.table","NW_015090842.1:6693712",27,46,19
"CDH13","s1639_F_ADR_02_ASEReadCounter.table","NW_015090842.1:6693723",23,41,18
"CDH13","s1639_F_ADR_02_ASEReadCounter.table","NW_015090842.1:6693738",23,37,14
"CDH13","s1639_F_ADR_02_ASEReadCounter.table","NW_015090842.1:6823730",36,64,28
"CDH13","s1639_F_ADR_02_ASEReadCounter.table","NW_015090842.1:6889713",22,43,21
"CDH13","s1639_F_ADR_02_ASEReadCounter.table","NW_015090842.1:6955167",33,56,23
"MLYCD","s1639_F_ADR_02_ASEReadCounter.table","NW_015090842.1:7150054",24,47,23
"MLYCD","s1639_F_ADR_02_ASEReadCounter.table","NW_015090842.1:7150131",51,110,59
"MLYCD","s1639_F_ADR_02_ASEReadCounter.table","NW_015090842.1:7150585",61,108,47
"MLYCD","s1639_F_ADR_02_ASEReadCounter.table","NW_015090842.1:7150686",45,80,35
"MLYCD","s1639_F_ADR_02_ASEReadCounter.table","NW_015090842.1:7150696",51,87,36
"MLYCD","s1639_F_ADR_02_ASEReadCounter.table","NW_015090842.1:7150869",48,100,52
"MLYCD","s1639_F_ADR_02_ASEReadCounter.table","NW_015090842.1:7151100",57,101,44
"MLYCD","s1639_F_ADR_02_ASEReadCounter.table","NW_015090842.1:7151127",54,100,46
"MLYCD","s1639_F_ADR_02_ASEReadCounter.table","NW_015090842.1:7157538",31,79,48
"MLYCD","s1639_F_ADR_02_ASEReadCounter.table","NW_015090842.1:7167662",19,41,22
"MLYCD","s1639_F_ADR_02_ASEReadCounter.table","NW_015090842.1:7167675",21,41,20
"MLYCD","s1639_F_ADR_02_ASEReadCounter.table","NW_015090842.1:7167710",22,41,19
"MLYCD","s1639_F_ADR_02_ASEReadCounter.table","NW_015090842.1:7167781",20,42,22
"MLYCD","s1639_F_ADR_02_ASEReadCounter.table","NW_015090842.1:7167803",17,33,16
"MLYCD","s1639_F_ADR_02_ASEReadCounter.table","NW_015090842.1:7167812",17,31,14
"MLYCD","s1639_F_ADR_02_ASEReadCounter.table","NW_015090842.1:7167845",16,36,20
"MLYCD","s1639_F_ADR_02_ASEReadCounter.table","NW_015090842.1:7167862",15,32,17
"MLYCD","s1639_F_ADR_02_ASEReadCounter.table","NW_015090842.1:7167929",8,27,19
"MLYCD","s1639_F_ADR_02_ASEReadCounter.table","NW_015090842.1:7167995",10,24,14
"MLYCD","s1639_F_ADR_02_ASEReadCounter.table","NW_015090842.1:7168005",9,25,16
"MLYCD","s1639_F_ADR_02_ASEReadCounter.table","NW_015090842.1:7168037",7,19,12
"HSBP1","s1639_F_ADR_02_ASEReadCounter.table","NW_015090842.1:7245192",140,288,148
"HSBP1","s1639_F_ADR_02_ASEReadCounter.table","NW_015090842.1:7245226",170,357,187
"HSBP1","s1639_F_ADR_02_ASEReadCounter.table","NW_015090842.1:7245257",152,299,147
"HSBP1","s1639_F_ADR_02_ASEReadCounter.table","NW_015090842.1:7245296",147,316,169
"HSBP1","s1639_F_ADR_02_ASEReadCounter.table","NW_015090842.1:7245389",212,413,201
"HSBP1","s1639_F_ADR_02_ASEReadCounter.table","NW_015090842.1:7245400",207,377,170
"HSBP1","s1639_F_ADR_02_ASEReadCounter.table","NW_015090842.1:7245445",206,384,178
"HSBP1","s1639_F_ADR_02_ASEReadCounter.table","NW_015090842.1:7245495",191,379,188
"HSBP1","s1639_F_ADR_02_ASEReadCounter.table","NW_015090842.1:7245733",139,296,157
"HSBP1","s1639_F_ADR_02_ASEReadCounter.table","NW_015090842.1:7245771",136,273,137
"HSBP1","s1639_F_ADR_02_ASEReadCounter.table","NW_015090842.1:7245813",140,267,127
"HSBP1","s1639_F_ADR_02_ASEReadCounter.table","NW_015090842.1:7245926",177,348,171
"HSBP1","s1639_F_ADR_02_ASEReadCounter.table","NW_015090842.1:7245927",175,345,170
"HSBP1","s1639_F_ADR_02_ASEReadCounter.table","NW_015090842.1:7245933",172,339,167
"HSBP1","s1639_F_ADR_02_ASEReadCounter.table","NW_015090842.1:7246002",123,282,159
"HSBP1","s1639_F_ADR_02_ASEReadCounter.table","NW_015090842.1:7246094",180,376,196
"HSBP1","s1639_F_ADR_02_ASEReadCounter.table","NW_015090842.1:7246167",156,348,192
"HSBP1","s1639_F_ADR_02_ASEReadCounter.table","NW_015090842.1:7246183",147,338,191
"HSBP1","s1639_F_ADR_02_ASEReadCounter.table","NW_015090842.1:7247285",25,32,7
"HSBP1","s1639_F_ADR_02_ASEReadCounter.table","NW_015090842.1:7247651",256,572,316
"HSBP1","s1639_F_ADR_02_ASEReadCounter.table","NW_015090842.1:7247657",272,602,330
"HSBP1","s1639_F_ADR_02_ASEReadCounter.table","NW_015090842.1:7248520",216,442,226
"HSBP1","s1639_F_ADR_02_ASEReadCounter.table","NW_015090842.1:7248535",183,368,185
"KCNG4","s1639_F_ADR_02_ASEReadCounter.table","NW_015090842.1:7282481",2,4,2
"KCNG4","s1639_F_ADR_02_ASEReadCounter.table","NW_015090842.1:7282500",3,4,1
"KCNG4","s1639_F_ADR_02_ASEReadCounter.table","NW_015090842.1:7282542",2,3,1
"KCNG4","s1639_F_ADR_02_ASEReadCounter.table","NW_015090842.1:7282579",4,5,1
"KCNG4","s1639_F_ADR_02_ASEReadCounter.table","NW_015090842.1:7282630",3,3,0
"KCNG4","s1639_F_ADR_02_ASEReadCounter.table","NW_015090842.1:7283056",1,1,0
"KCNG4","s1639_F_ADR_02_ASEReadCounter.table","NW_015090842.1:7283245",0,1,1
"KCNG4","s1639_F_ADR_02_ASEReadCounter.table","NW_015090842.1:7301195",1,1,0
"KCNG4","s1639_F_ADR_02_ASEReadCounter.table","NW_015090842.1:7301227",1,1,0
"KCNG4","s1639_F_ADR_02_ASEReadCounter.table","NW_015090842.1:7301240",1,1,0
"KCNG4","s1639_F_ADR_02_ASEReadCounter.table","NW_015090842.1:7301413",1,1,0
"WFDC1","s1639_F_ADR_02_ASEReadCounter.table","NW_015090842.1:7366517",20,59,39
"WFDC1","s1639_F_ADR_02_ASEReadCounter.table","NW_015090842.1:7373367",23,62,39
"WFDC1","s1639_F_ADR_02_ASEReadCounter.table","NW_015090842.1:7375828",26,82,56
"WFDC1","s1639_F_ADR_02_ASEReadCounter.table","NW_015090842.1:7378036",14,60,46
"WFDC1","s1639_F_ADR_02_ASEReadCounter.table","NW_015090842.1:7379125",27,70,43
"WFDC1","s1639_F_ADR_02_ASEReadCounter.table","NW_015090842.1:7379451",25,74,49
"WFDC1","s1639_F_ADR_02_ASEReadCounter.table","NW_015090842.1:7379471",22,73,51
"WFDC1","s1639_F_ADR_02_ASEReadCounter.table","NW_015090842.1:7379576",23,76,53
"WFDC1","s1639_F_ADR_02_ASEReadCounter.table","NW_015090842.1:7379596",23,76,53
"WFDC1","s1639_F_ADR_02_ASEReadCounter.table","NW_015090842.1:7379605",27,77,50
"WFDC1","s1639_F_ADR_02_ASEReadCounter.table","NW_015090842.1:7379626",26,68,42
"WFDC1","s1639_F_ADR_02_ASEReadCounter.table","NW_015090842.1:7379631",22,62,40
"WFDC1","s1639_F_ADR_02_ASEReadCounter.table","NW_015090842.1:7379632",21,61,40
"WFDC1","s1639_F_ADR_02_ASEReadCounter.table","NW_015090842.1:7379652",25,67,42
"WFDC1","s1639_F_ADR_02_ASEReadCounter.table","NW_015090842.1:7379669",29,62,33
"WFDC1","s1639_F_ADR_02_ASEReadCounter.table","NW_015090842.1:7379674",29,60,31
"WFDC1","s1639_F_ADR_02_ASEReadCounter.table","NW_015090842.1:7379719",21,53,32
"WFDC1","s1639_F_ADR_02_ASEReadCounter.table","NW_015090842.1:7379735",11,42,31
"WFDC1","s1639_F_ADR_02_ASEReadCounter.table","NW_015090842.1:7379739",10,41,31
"WFDC1","s1639_F_ADR_02_ASEReadCounter.table","NW_015090842.1:7379821",23,55,32
"WFDC1","s1639_F_ADR_02_ASEReadCounter.table","NW_015090842.1:7379840",18,48,30
"WFDC1","s1639_F_ADR_02_ASEReadCounter.table","NW_015090842.1:7379933",22,75,53
"WFDC1","s1639_F_ADR_02_ASEReadCounter.table","NW_015090842.1:7379935",23,75,52
"WFDC1","s1639_F_ADR_02_ASEReadCounter.table","NW_015090842.1:7379983",32,74,42
"WFDC1","s1639_F_ADR_02_ASEReadCounter.table","NW_015090842.1:7380060",26,61,35
"WFDC1","s1639_F_ADR_02_ASEReadCounter.table","NW_015090842.1:7380136",22,54,32
"WFDC1","s1639_F_ADR_02_ASEReadCounter.table","NW_015090842.1:7380150",23,57,34
"WFDC1","s1639_F_ADR_02_ASEReadCounter.table","NW_015090842.1:7380164",24,66,42
"WFDC1","s1639_F_ADR_02_ASEReadCounter.table","NW_015090842.1:7380237",27,70,43
"WFDC1","s1639_F_ADR_02_ASEReadCounter.table","NW_015090842.1:7380261",27,67,40
"WFDC1","s1639_F_ADR_02_ASEReadCounter.table","NW_015090842.1:7380322",23,60,37
"WFDC1","s1639_F_ADR_02_ASEReadCounter.table","NW_015090842.1:7380491",34,75,41
"WFDC1","s1639_F_ADR_02_ASEReadCounter.table","NW_015090842.1:7380567",25,58,33
"WFDC1","s1639_F_ADR_02_ASEReadCounter.table","NW_015090842.1:7380672",20,55,35
"WFDC1","s1639_F_ADR_02_ASEReadCounter.table","NW_015090842.1:7380721",28,71,43
"WFDC1","s1639_F_ADR_02_ASEReadCounter.table","NW_015090842.1:7380743",27,81,54
"WFDC1","s1639_F_ADR_02_ASEReadCounter.table","NW_015090842.1:7380852",29,74,45
"WFDC1","s1639_F_ADR_02_ASEReadCounter.table","NW_015090842.1:7380878",32,77,45
"WFDC1","s1639_F_ADR_02_ASEReadCounter.table","NW_015090842.1:7381081",25,92,67
"WFDC1","s1639_F_ADR_02_ASEReadCounter.table","NW_015090842.1:7381127",20,81,61
"WFDC1","s1639_F_ADR_02_ASEReadCounter.table","NW_015090842.1:7381195",19,72,53
"WFDC1","s1639_F_ADR_02_ASEReadCounter.table","NW_015090842.1:7381253",29,87,58
"WFDC1","s1639_F_ADR_02_ASEReadCounter.table","NW_015090842.1:7381378",31,87,56
"WFDC1","s1639_F_ADR_02_ASEReadCounter.table","NW_015090842.1:7381433",37,89,52
"WFDC1","s1639_F_ADR_02_ASEReadCounter.table","NW_015090842.1:7381434",37,88,51
"WFDC1","s1639_F_ADR_02_ASEReadCounter.table","NW_015090842.1:7381442",39,92,53
"WFDC1","s1639_F_ADR_02_ASEReadCounter.table","NW_015090842.1:7381517",22,61,39
"WFDC1","s1639_F_ADR_02_ASEReadCounter.table","NW_015090842.1:7381520",23,65,42
"WFDC1","s1639_F_ADR_02_ASEReadCounter.table","NW_015090842.1:7381677",11,38,27
"WFDC1","s1639_F_ADR_02_ASEReadCounter.table","NW_015090842.1:7381709",5,23,18
"ATP2C2","s1639_F_ADR_02_ASEReadCounter.table","NW_015090842.1:7386804",2,2,0
"ATP2C2","s1639_F_ADR_02_ASEReadCounter.table","NW_015090842.1:7386836",1,1,0
"ATP2C2","s1639_F_ADR_02_ASEReadCounter.table","NW_015090842.1:7392613",0,3,3
"ATP2C2","s1639_F_ADR_02_ASEReadCounter.table","NW_015090842.1:7395230",3,5,2
"ATP2C2","s1639_F_ADR_02_ASEReadCounter.table","NW_015090842.1:7395366",2,4,2
"ATP2C2","s1639_F_ADR_02_ASEReadCounter.table","NW_015090842.1:7396756",2,2,0
"ATP2C2","s1639_F_ADR_02_ASEReadCounter.table","NW_015090842.1:7397049",2,4,2
"ATP2C2","s1639_F_ADR_02_ASEReadCounter.table","NW_015090842.1:7398395",4,8,4
"ATP2C2","s1639_F_ADR_02_ASEReadCounter.table","NW_015090842.1:7399774",1,7,6
"ATP2C2","s1639_F_ADR_02_ASEReadCounter.table","NW_015090842.1:7402554",1,6,5
"ATP2C2","s1639_F_ADR_02_ASEReadCounter.table","NW_015090842.1:7402578",1,6,5
"ATP2C2","s1639_F_ADR_02_ASEReadCounter.table","NW_015090842.1:7405621",2,6,4
"ATP2C2","s1639_F_ADR_02_ASEReadCounter.table","NW_015090842.1:7413855",20,23,3
"ATP2C2","s1639_F_ADR_02_ASEReadCounter.table","NW_015090842.1:7413869",5,7,2
"ATP2C2","s1639_F_ADR_02_ASEReadCounter.table","NW_015090842.1:7413875",5,8,3
"TLDC1","s1639_F_ADR_02_ASEReadCounter.table","NW_015090842.1:7421137",67,145,78
"TLDC1","s1639_F_ADR_02_ASEReadCounter.table","NW_015090842.1:7421155",57,125,68
"TLDC1","s1639_F_ADR_02_ASEReadCounter.table","NW_015090842.1:7421218",54,115,61
"TLDC1","s1639_F_ADR_02_ASEReadCounter.table","NW_015090842.1:7421399",52,103,51
"TLDC1","s1639_F_ADR_02_ASEReadCounter.table","NW_015090842.1:7421402",53,103,50
"TLDC1","s1639_F_ADR_02_ASEReadCounter.table","NW_015090842.1:7421528",68,127,59
"TLDC1","s1639_F_ADR_02_ASEReadCounter.table","NW_015090842.1:7421532",70,126,56
"TLDC1","s1639_F_ADR_02_ASEReadCounter.table","NW_015090842.1:7421621",76,147,71
"TLDC1","s1639_F_ADR_02_ASEReadCounter.table","NW_015090842.1:7421647",68,127,59
"TLDC1","s1639_F_ADR_02_ASEReadCounter.table","NW_015090842.1:7421657",60,118,58
"TLDC1","s1639_F_ADR_02_ASEReadCounter.table","NW_015090842.1:7421693",67,132,65
"TLDC1","s1639_F_ADR_02_ASEReadCounter.table","NW_015090842.1:7421796",51,127,76
"TLDC1","s1639_F_ADR_02_ASEReadCounter.table","NW_015090842.1:7421810",58,137,79
"TLDC1","s1639_F_ADR_02_ASEReadCounter.table","NW_015090842.1:7421833",60,139,79
"TLDC1","s1639_F_ADR_02_ASEReadCounter.table","NW_015090842.1:7421879",63,131,68
"TLDC1","s1639_F_ADR_02_ASEReadCounter.table","NW_015090842.1:7421914",62,137,75
"TLDC1","s1639_F_ADR_02_ASEReadCounter.table","NW_015090842.1:7421969",54,131,77
"TLDC1","s1639_F_ADR_02_ASEReadCounter.table","NW_015090842.1:7422015",46,127,81
"TLDC1","s1639_F_ADR_02_ASEReadCounter.table","NW_015090842.1:7422042",63,155,92
"TLDC1","s1639_F_ADR_02_ASEReadCounter.table","NW_015090842.1:7422230",79,150,71
"TLDC1","s1639_F_ADR_02_ASEReadCounter.table","NW_015090842.1:7423349",77,153,76
"TLDC1","s1639_F_ADR_02_ASEReadCounter.table","NW_015090842.1:7423362",66,139,73
"TLDC1","s1639_F_ADR_02_ASEReadCounter.table","NW_015090842.1:7426091",56,114,58
"TLDC1","s1639_F_ADR_02_ASEReadCounter.table","NW_015090842.1:7426485",57,115,58
"TLDC1","s1639_F_ADR_02_ASEReadCounter.table","NW_015090842.1:7427211",75,152,77
"TLDC1","s1639_F_ADR_02_ASEReadCounter.table","NW_015090842.1:7428179",43,112,69
"COTL1","s1639_F_ADR_02_ASEReadCounter.table","NW_015090842.1:7490744",278,450,172
"COTL1","s1639_F_ADR_02_ASEReadCounter.table","NW_015090842.1:7491051",239,368,129
"COTL1","s1639_F_ADR_02_ASEReadCounter.table","NW_015090842.1:7491124",241,367,126
"COTL1","s1639_F_ADR_02_ASEReadCounter.table","NW_015090842.1:7491418",183,289,106
"COTL1","s1639_F_ADR_02_ASEReadCounter.table","NW_015090842.1:7491539",105,215,110
"COTL1","s1639_F_ADR_02_ASEReadCounter.table","NW_015090842.1:7491585",195,312,117
"COTL1","s1639_F_ADR_02_ASEReadCounter.table","NW_015090842.1:7491586",194,324,130
"COTL1","s1639_F_ADR_02_ASEReadCounter.table","NW_015090842.1:7491646",212,368,156
"COTL1","s1639_F_ADR_02_ASEReadCounter.table","NW_015090842.1:7491747",217,374,157
"COTL1","s1639_F_ADR_02_ASEReadCounter.table","NW_015090842.1:7491803",234,387,153
"COTL1","s1639_F_ADR_02_ASEReadCounter.table","NW_015090842.1:7510900",0,1,1
"KLHL36","s1639_F_ADR_02_ASEReadCounter.table","NW_015090842.1:7514700",6,8,2
"KLHL36","s1639_F_ADR_02_ASEReadCounter.table","NW_015090842.1:7519691",6,18,12
"KLHL36","s1639_F_ADR_02_ASEReadCounter.table","NW_015090842.1:7519696",6,20,14
"KLHL36","s1639_F_ADR_02_ASEReadCounter.table","NW_015090842.1:7526160",24,50,26
"KLHL36","s1639_F_ADR_02_ASEReadCounter.table","NW_015090842.1:7526469",20,40,20
"KLHL36","s1639_F_ADR_02_ASEReadCounter.table","NW_015090842.1:7526587",15,30,15
"KLHL36","s1639_F_ADR_02_ASEReadCounter.table","NW_015090842.1:7526997",14,32,18
"KLHL36","s1639_F_ADR_02_ASEReadCounter.table","NW_015090842.1:7527142",17,31,14
"KLHL36","s1639_F_ADR_02_ASEReadCounter.table","NW_015090842.1:7535174",32,67,35
"KLHL36","s1639_F_ADR_02_ASEReadCounter.table","NW_015090842.1:7535384",26,55,29
"KLHL36","s1639_F_ADR_02_ASEReadCounter.table","NW_015090842.1:7535420",25,59,34
"KLHL36","s1639_F_ADR_02_ASEReadCounter.table","NW_015090842.1:7535545",20,39,19
"KLHL36","s1639_F_ADR_02_ASEReadCounter.table","NW_015090842.1:7535829",29,60,31
"KLHL36","s1639_F_ADR_02_ASEReadCounter.table","NW_015090842.1:7535977",27,50,23
"KLHL36","s1639_F_ADR_02_ASEReadCounter.table","NW_015090842.1:7536010",30,47,17
"KLHL36","s1639_F_ADR_02_ASEReadCounter.table","NW_015090842.1:7536051",23,43,20
"KLHL36","s1639_F_ADR_02_ASEReadCounter.table","NW_015090842.1:7536096",19,44,25
"KLHL36","s1639_F_ADR_02_ASEReadCounter.table","NW_015090842.1:7536135",35,61,26
"KLHL36","s1639_F_ADR_02_ASEReadCounter.table","NW_015090842.1:7536136",35,60,25
"KLHL36","s1639_F_ADR_02_ASEReadCounter.table","NW_015090842.1:7536160",39,64,25
"KLHL36","s1639_F_ADR_02_ASEReadCounter.table","NW_015090842.1:7536336",24,44,20
"KLHL36","s1639_F_ADR_02_ASEReadCounter.table","NW_015090842.1:7536352",20,44,24
"KLHL36","s1639_F_ADR_02_ASEReadCounter.table","NW_015090842.1:7536412",15,42,27
"KLHL36","s1639_F_ADR_02_ASEReadCounter.table","NW_015090842.1:7536418",14,39,25
"KLHL36","s1639_F_ADR_02_ASEReadCounter.table","NW_015090842.1:7536465",23,51,28
"KLHL36","s1639_F_ADR_02_ASEReadCounter.table","NW_015090842.1:7536466",23,48,25
"KLHL36","s1639_F_ADR_02_ASEReadCounter.table","NW_015090842.1:7536553",18,35,17
"KLHL36","s1639_F_ADR_02_ASEReadCounter.table","NW_015090842.1:7536698",19,39,20
"KLHL36","s1639_F_ADR_02_ASEReadCounter.table","NW_015090842.1:7536713",9,38,29
"KLHL36","s1639_F_ADR_02_ASEReadCounter.table","NW_015090842.1:7536720",18,44,26
"KLHL36","s1639_F_ADR_02_ASEReadCounter.table","NW_015090842.1:7536791",31,52,21
"KLHL36","s1639_F_ADR_02_ASEReadCounter.table","NW_015090842.1:7536849",27,46,19
"KLHL36","s1639_F_ADR_02_ASEReadCounter.table","NW_015090842.1:7536872",28,46,18
"KLHL36","s1639_F_ADR_02_ASEReadCounter.table","NW_015090842.1:7536878",31,48,17
"KLHL36","s1639_F_ADR_02_ASEReadCounter.table","NW_015090842.1:7536916",31,43,12
"KLHL36","s1639_F_ADR_02_ASEReadCounter.table","NW_015090842.1:7536927",28,55,27
"KLHL36","s1639_F_ADR_02_ASEReadCounter.table","NW_015090842.1:7537315",27,55,28
"KLHL36","s1639_F_ADR_02_ASEReadCounter.table","NW_015090842.1:7537352",26,56,30
"KLHL36","s1639_F_ADR_02_ASEReadCounter.table","NW_015090842.1:7537631",28,55,27
"KLHL36","s1639_F_ADR_02_ASEReadCounter.table","NW_015090842.1:7537830",50,90,40
"KLHL36","s1639_F_ADR_02_ASEReadCounter.table","NW_015090842.1:7537838",44,84,40
"KLHL36","s1639_F_ADR_02_ASEReadCounter.table","NW_015090842.1:7538153",28,53,25
"KLHL36","s1639_F_ADR_02_ASEReadCounter.table","NW_015090842.1:7538256",11,31,20
"KLHL36","s1639_F_ADR_02_ASEReadCounter.table","NW_015090842.1:7538265",13,31,18
"KLHL36","s1639_F_ADR_02_ASEReadCounter.table","NW_015090842.1:7538300",14,30,16
"USP10","s1639_F_ADR_02_ASEReadCounter.table","NW_015090842.1:7563972",22,41,19
"USP10","s1639_F_ADR_02_ASEReadCounter.table","NW_015090842.1:7571816",41,88,47
"USP10","s1639_F_ADR_02_ASEReadCounter.table","NW_015090842.1:7571993",35,80,45
"USP10","s1639_F_ADR_02_ASEReadCounter.table","NW_015090842.1:7572580",37,93,56
"USP10","s1639_F_ADR_02_ASEReadCounter.table","NW_015090842.1:7587372",92,166,74
"CRISPLD2","s1639_F_ADR_02_ASEReadCounter.table","NW_015090842.1:7604605",15,31,16
"CRISPLD2","s1639_F_ADR_02_ASEReadCounter.table","NW_015090842.1:7609844",36,47,11
"CRISPLD2","s1639_F_ADR_02_ASEReadCounter.table","NW_015090842.1:7609845",36,49,13
"CRISPLD2","s1639_F_ADR_02_ASEReadCounter.table","NW_015090842.1:7609883",39,57,18
"CRISPLD2","s1639_F_ADR_02_ASEReadCounter.table","NW_015090842.1:7610084",53,69,16
"CRISPLD2","s1639_F_ADR_02_ASEReadCounter.table","NW_015090842.1:7617757",27,48,21
"CRISPLD2","s1639_F_ADR_02_ASEReadCounter.table","NW_015090842.1:7617781",28,54,26
"CRISPLD2","s1639_F_ADR_02_ASEReadCounter.table","NW_015090842.1:7617790",25,49,24
"CRISPLD2","s1639_F_ADR_02_ASEReadCounter.table","NW_015090842.1:7621452",38,52,14
"CRISPLD2","s1639_F_ADR_02_ASEReadCounter.table","NW_015090842.1:7625451",49,73,24
"CRISPLD2","s1639_F_ADR_02_ASEReadCounter.table","NW_015090842.1:7626214",32,59,27
"CRISPLD2","s1639_F_ADR_02_ASEReadCounter.table","NW_015090842.1:7630784",42,55,13
"CRISPLD2","s1639_F_ADR_02_ASEReadCounter.table","NW_015090842.1:7630823",33,43,10
"CRISPLD2","s1639_F_ADR_02_ASEReadCounter.table","NW_015090842.1:7633172",55,66,11
"CRISPLD2","s1639_F_ADR_02_ASEReadCounter.table","NW_015090842.1:7633326",43,54,11
"CRISPLD2","s1639_F_ADR_02_ASEReadCounter.table","NW_015090842.1:7633336",51,64,13
"CRISPLD2","s1639_F_ADR_02_ASEReadCounter.table","NW_015090842.1:7633381",46,63,17
"CRISPLD2","s1639_F_ADR_02_ASEReadCounter.table","NW_015090842.1:7633388",45,61,16
"CRISPLD2","s1639_F_ADR_02_ASEReadCounter.table","NW_015090842.1:7633400",51,72,21
"CRISPLD2","s1639_F_ADR_02_ASEReadCounter.table","NW_015090842.1:7633486",59,78,19
"CRISPLD2","s1639_F_ADR_02_ASEReadCounter.table","NW_015090842.1:7633503",55,71,16
"CRISPLD2","s1639_F_ADR_02_ASEReadCounter.table","NW_015090842.1:7633504",54,70,16
"CRISPLD2","s1639_F_ADR_02_ASEReadCounter.table","NW_015090842.1:7633557",66,85,19
"CRISPLD2","s1639_F_ADR_02_ASEReadCounter.table","NW_015090842.1:7633571",62,81,19
"CRISPLD2","s1639_F_ADR_02_ASEReadCounter.table","NW_015090842.1:7633588",60,80,20
"CRISPLD2","s1639_F_ADR_02_ASEReadCounter.table","NW_015090842.1:7633617",61,79,18
"CRISPLD2","s1639_F_ADR_02_ASEReadCounter.table","NW_015090842.1:7633695",66,82,16
"CRISPLD2","s1639_F_ADR_02_ASEReadCounter.table","NW_015090842.1:7633721",66,78,12
"CRISPLD2","s1639_F_ADR_02_ASEReadCounter.table","NW_015090842.1:7633888",43,59,16
"CRISPLD2","s1639_F_ADR_02_ASEReadCounter.table","NW_015090842.1:7633910",40,54,14
"CRISPLD2","s1639_F_ADR_02_ASEReadCounter.table","NW_015090842.1:7634142",43,61,18
"CRISPLD2","s1639_F_ADR_02_ASEReadCounter.table","NW_015090842.1:7634417",41,57,16
"CRISPLD2","s1639_F_ADR_02_ASEReadCounter.table","NW_015090842.1:7634825",42,56,14
"CRISPLD2","s1639_F_ADR_02_ASEReadCounter.table","NW_015090842.1:7634852",39,48,9
"CRISPLD2","s1639_F_ADR_02_ASEReadCounter.table","NW_015090842.1:7635009",51,59,8
"CRISPLD2","s1639_F_ADR_02_ASEReadCounter.table","NW_015090842.1:7635208",63,86,23
"CRISPLD2","s1639_F_ADR_02_ASEReadCounter.table","NW_015090842.1:7635373",59,81,22
"CRISPLD2","s1639_F_ADR_02_ASEReadCounter.table","NW_015090842.1:7635525",51,71,20
"CRISPLD2","s1639_F_ADR_02_ASEReadCounter.table","NW_015090842.1:7635583",33,45,12
"CRISPLD2","s1639_F_ADR_02_ASEReadCounter.table","NW_015090842.1:7635924",48,62,14
"LOC106888312","s1639_F_ADR_02_ASEReadCounter.table","NW_015090842.1:7713031",0,3,3
"LOC106888312","s1639_F_ADR_02_ASEReadCounter.table","NW_015090842.1:7727001",0,1,1
"LOC106888312","s1639_F_ADR_02_ASEReadCounter.table","NW_015090842.1:7727961",0,2,2
"LOC106888312","s1639_F_ADR_02_ASEReadCounter.table","NW_015090842.1:7731961",0,3,3
"LOC106888312","s1639_F_ADR_02_ASEReadCounter.table","NW_015090842.1:7732244",0,2,2
"LOC106888312","s1639_F_ADR_02_ASEReadCounter.table","NW_015090842.1:7732443",0,1,1
"LOC106888312","s1639_F_ADR_02_ASEReadCounter.table","NW_015090842.1:7732444",0,1,1
"LOC106888312","s1639_F_ADR_02_ASEReadCounter.table","NW_015090842.1:7732538",2,4,2
"LOC106888312","s1639_F_ADR_02_ASEReadCounter.table","NW_015090842.1:7732548",2,4,2
"LOC106888312","s1639_F_ADR_02_ASEReadCounter.table","NW_015090842.1:7732576",1,2,1
"LOC106888312","s1639_F_ADR_02_ASEReadCounter.table","NW_015090842.1:7732580",1,2,1
"LOC106888312","s1639_F_ADR_02_ASEReadCounter.table","NW_015090842.1:7732629",0,1,1
"LOC106888312","s1639_F_ADR_02_ASEReadCounter.table","NW_015090842.1:7732630",0,1,1
"LOC106888312","s1639_F_ADR_02_ASEReadCounter.table","NW_015090842.1:7732637",0,1,1
"LOC106888312","s1639_F_ADR_02_ASEReadCounter.table","NW_015090842.1:7732682",0,1,1
"LOC106888312","s1639_F_ADR_02_ASEReadCounter.table","NW_015090842.1:7732696",0,1,1
"LOC106888312","s1639_F_ADR_02_ASEReadCounter.table","NW_015090842.1:7732782",0,2,2
"LOC106888312","s1639_F_ADR_02_ASEReadCounter.table","NW_015090842.1:7732796",1,3,2
"LOC106888312","s1639_F_ADR_02_ASEReadCounter.table","NW_015090842.1:7732860",1,3,2
"LOC106888312","s1639_F_ADR_02_ASEReadCounter.table","NW_015090842.1:7732861",1,2,1
"LOC106888312","s1639_F_ADR_02_ASEReadCounter.table","NW_015090842.1:7732918",0,2,2
"LOC106888312","s1639_F_ADR_02_ASEReadCounter.table","NW_015090842.1:7732997",1,6,5
"LOC106888312","s1639_F_ADR_02_ASEReadCounter.table","NW_015090842.1:7733011",1,4,3
"LOC106888312","s1639_F_ADR_02_ASEReadCounter.table","NW_015090842.1:7733046",0,7,7
"LOC106888312","s1639_F_ADR_02_ASEReadCounter.table","NW_015090842.1:7733068",0,4,4
"LOC106888312","s1639_F_ADR_02_ASEReadCounter.table","NW_015090842.1:7733077",0,5,5
"LOC106888312","s1639_F_ADR_02_ASEReadCounter.table","NW_015090842.1:7733096",0,3,3
"LOC106888312","s1639_F_ADR_02_ASEReadCounter.table","NW_015090842.1:7733142",0,2,2
"LOC106888312","s1639_F_ADR_02_ASEReadCounter.table","NW_015090842.1:7733196",0,5,5
"LOC106888312","s1639_F_ADR_02_ASEReadCounter.table","NW_015090842.1:7733299",1,4,3
"LOC106888312","s1639_F_ADR_02_ASEReadCounter.table","NW_015090842.1:7733470",0,4,4
"LOC106888312","s1639_F_ADR_02_ASEReadCounter.table","NW_015090842.1:7733471",0,3,3
"LOC106888312","s1639_F_ADR_02_ASEReadCounter.table","NW_015090842.1:7733472",0,4,4
"LOC106888312","s1639_F_ADR_02_ASEReadCounter.table","NW_015090842.1:7733507",0,6,6
"LOC106888312","s1639_F_ADR_02_ASEReadCounter.table","NW_015090842.1:7733508",0,6,6
"LOC106888312","s1639_F_ADR_02_ASEReadCounter.table","NW_015090842.1:7733518",0,6,6
"LOC106888312","s1639_F_ADR_02_ASEReadCounter.table","NW_015090842.1:7733609",1,4,3
"LOC106888312","s1639_F_ADR_02_ASEReadCounter.table","NW_015090842.1:7733631",1,5,4
"LOC106888312","s1639_F_ADR_02_ASEReadCounter.table","NW_015090842.1:7733674",0,5,5
"ZDHHC7","s1639_F_ADR_02_ASEReadCounter.table","NW_015090842.1:7737199",37,78,41
"ZDHHC7","s1639_F_ADR_02_ASEReadCounter.table","NW_015090842.1:7737332",33,70,37
"ZDHHC7","s1639_F_ADR_02_ASEReadCounter.table","NW_015090842.1:7737553",51,105,54
"ZDHHC7","s1639_F_ADR_02_ASEReadCounter.table","NW_015090842.1:7737920",50,88,38
"ZDHHC7","s1639_F_ADR_02_ASEReadCounter.table","NW_015090842.1:7737953",43,82,39
"ZDHHC7","s1639_F_ADR_02_ASEReadCounter.table","NW_015090842.1:7737987",55,98,43
"ZDHHC7","s1639_F_ADR_02_ASEReadCounter.table","NW_015090842.1:7738068",28,61,33
"ZDHHC7","s1639_F_ADR_02_ASEReadCounter.table","NW_015090842.1:7738204",30,65,35
"LOC106888097","s1639_F_ADR_02_ASEReadCounter.table","NW_015090842.1:7767178",22,69,47
"LOC106888097","s1639_F_ADR_02_ASEReadCounter.table","NW_015090842.1:7767187",21,65,44
"LOC106888097","s1639_F_ADR_02_ASEReadCounter.table","NW_015090842.1:7768144",37,118,81
"LOC106888097","s1639_F_ADR_02_ASEReadCounter.table","NW_015090842.1:7768196",50,141,91
"LOC106888097","s1639_F_ADR_02_ASEReadCounter.table","NW_015090842.1:7769884",41,113,72
"LOC106888097","s1639_F_ADR_02_ASEReadCounter.table","NW_015090842.1:7769893",37,103,66
"LOC106888097","s1639_F_ADR_02_ASEReadCounter.table","NW_015090842.1:7770245",59,154,95
"LOC106888097","s1639_F_ADR_02_ASEReadCounter.table","NW_015090842.1:7772402",59,161,102
"LOC106888097","s1639_F_ADR_02_ASEReadCounter.table","NW_015090842.1:7772483",51,167,116
"LOC106888097","s1639_F_ADR_02_ASEReadCounter.table","NW_015090842.1:7772490",50,162,112
"LOC106888097","s1639_F_ADR_02_ASEReadCounter.table","NW_015090842.1:7774281",57,163,106
"LOC106888097","s1639_F_ADR_02_ASEReadCounter.table","NW_015090842.1:7774552",49,187,138
"LOC106888097","s1639_F_ADR_02_ASEReadCounter.table","NW_015090842.1:7774564",50,188,138
"LOC106888097","s1639_F_ADR_02_ASEReadCounter.table","NW_015090842.1:7774611",37,151,114
"LOC106888097","s1639_F_ADR_02_ASEReadCounter.table","NW_015090842.1:7774681",48,154,106
"LOC106888097","s1639_F_ADR_02_ASEReadCounter.table","NW_015090842.1:7774698",45,129,84
"LOC106888097","s1639_F_ADR_02_ASEReadCounter.table","NW_015090842.1:7774730",26,77,51
"LOC106888097","s1639_F_ADR_02_ASEReadCounter.table","NW_015090842.1:7774778",4,5,1
"LOC106888097","s1639_F_ADR_02_ASEReadCounter.table","NW_015090842.1:7774793",3,4,1
"FOXL1","s1639_F_ADR_02_ASEReadCounter.table","NW_015090842.1:8113043",3,3,0
"FOXC2","s1639_F_ADR_02_ASEReadCounter.table","NW_015090842.1:8129599",14,40,26
"FOXC2","s1639_F_ADR_02_ASEReadCounter.table","NW_015090842.1:8129616",17,34,17
"FOXC2","s1639_F_ADR_02_ASEReadCounter.table","NW_015090842.1:8129715",19,36,17
"FOXC2","s1639_F_ADR_02_ASEReadCounter.table","NW_015090842.1:8129719",19,36,17
"FOXC2","s1639_F_ADR_02_ASEReadCounter.table","NW_015090842.1:8130244",21,38,17
"FOXC2","s1639_F_ADR_02_ASEReadCounter.table","NW_015090842.1:8130472",17,33,16
"FOXC2","s1639_F_ADR_02_ASEReadCounter.table","NW_015090842.1:8130490",20,39,19
"FOXC2","s1639_F_ADR_02_ASEReadCounter.table","NW_015090842.1:8130547",22,42,20
"FOXC2","s1639_F_ADR_02_ASEReadCounter.table","NW_015090842.1:8130550",23,43,20
"FOXC2","s1639_F_ADR_02_ASEReadCounter.table","NW_015090842.1:8130573",21,39,18
"FOXC2","s1639_F_ADR_02_ASEReadCounter.table","NW_015090842.1:8130575",22,37,15
"MTHFSD","s1639_F_ADR_02_ASEReadCounter.table","NW_015090842.1:8140051",15,43,28
"MTHFSD","s1639_F_ADR_02_ASEReadCounter.table","NW_015090842.1:8142923",20,62,42
"MTHFSD","s1639_F_ADR_02_ASEReadCounter.table","NW_015090842.1:8143029",33,90,57
"MTHFSD","s1639_F_ADR_02_ASEReadCounter.table","NW_015090842.1:8152035",10,41,31
"MTHFSD","s1639_F_ADR_02_ASEReadCounter.table","NW_015090842.1:8152315",14,40,26
"MTHFSD","s1639_F_ADR_02_ASEReadCounter.table","NW_015090842.1:8152511",18,44,26
"MTHFSD","s1639_F_ADR_02_ASEReadCounter.table","NW_015090842.1:8152518",19,45,26
"MTHFSD","s1639_F_ADR_02_ASEReadCounter.table","NW_015090842.1:8152553",13,35,22
"MTHFSD","s1639_F_ADR_02_ASEReadCounter.table","NW_015090842.1:8152773",15,38,23
"MTHFSD","s1639_F_ADR_02_ASEReadCounter.table","NW_015090842.1:8152805",15,41,26
"FOXF1","s1639_F_ADR_02_ASEReadCounter.table","NW_015090842.1:8164789",0,5,5
"FOXF1","s1639_F_ADR_02_ASEReadCounter.table","NW_015090842.1:8166883",1,10,9
"FOXF1","s1639_F_ADR_02_ASEReadCounter.table","NW_015090842.1:8167113",1,5,4
"FOXF1","s1639_F_ADR_02_ASEReadCounter.table","NW_015090842.1:8167588",2,6,4
"IRF8","s1639_F_ADR_02_ASEReadCounter.table","NW_015090842.1:8406652",11,26,15
"IRF8","s1639_F_ADR_02_ASEReadCounter.table","NW_015090842.1:8406703",19,40,21
"IRF8","s1639_F_ADR_02_ASEReadCounter.table","NW_015090842.1:8406704",18,38,20
"IRF8","s1639_F_ADR_02_ASEReadCounter.table","NW_015090842.1:8406757",23,42,19
"IRF8","s1639_F_ADR_02_ASEReadCounter.table","NW_015090842.1:8406778",22,42,20
"IRF8","s1639_F_ADR_02_ASEReadCounter.table","NW_015090842.1:8406819",19,42,23
"IRF8","s1639_F_ADR_02_ASEReadCounter.table","NW_015090842.1:8406941",12,34,22
"IRF8","s1639_F_ADR_02_ASEReadCounter.table","NW_015090842.1:8407008",19,38,19
"IRF8","s1639_F_ADR_02_ASEReadCounter.table","NW_015090842.1:8407057",19,38,19
"IRF8","s1639_F_ADR_02_ASEReadCounter.table","NW_015090842.1:8407064",19,35,16
"IRF8","s1639_F_ADR_02_ASEReadCounter.table","NW_015090842.1:8407069",19,36,17
"IRF8","s1639_F_ADR_02_ASEReadCounter.table","NW_015090842.1:8407120",16,31,15
"IRF8","s1639_F_ADR_02_ASEReadCounter.table","NW_015090842.1:8407157",23,40,17
"IRF8","s1639_F_ADR_02_ASEReadCounter.table","NW_015090842.1:8407203",26,49,23
"IRF8","s1639_F_ADR_02_ASEReadCounter.table","NW_015090842.1:8407272",23,46,23
"IRF8","s1639_F_ADR_02_ASEReadCounter.table","NW_015090842.1:8407276",23,44,21
"IRF8","s1639_F_ADR_02_ASEReadCounter.table","NW_015090842.1:8407303",19,46,27
"IRF8","s1639_F_ADR_02_ASEReadCounter.table","NW_015090842.1:8407451",29,42,13
"IRF8","s1639_F_ADR_02_ASEReadCounter.table","NW_015090842.1:8407456",28,41,13
"IRF8","s1639_F_ADR_02_ASEReadCounter.table","NW_015090842.1:8408564",22,43,21
"IRF8","s1639_F_ADR_02_ASEReadCounter.table","NW_015090842.1:8408585",46,46,0
"IRF8","s1639_F_ADR_02_ASEReadCounter.table","NW_015090842.1:8408973",22,42,20
"IRF8","s1639_F_ADR_02_ASEReadCounter.table","NW_015090842.1:8409060",16,30,14
"IRF8","s1639_F_ADR_02_ASEReadCounter.table","NW_015090842.1:8409065",17,31,14
"IRF8","s1639_F_ADR_02_ASEReadCounter.table","NW_015090842.1:8409254",8,26,18
"IRF8","s1639_F_ADR_02_ASEReadCounter.table","NW_015090842.1:8409255",7,25,18
"IRF8","s1639_F_ADR_02_ASEReadCounter.table","NW_015090842.1:8409258",9,25,16
"IRF8","s1639_F_ADR_02_ASEReadCounter.table","NW_015090842.1:8409312",16,37,21
"IRF8","s1639_F_ADR_02_ASEReadCounter.table","NW_015090842.1:8410216",12,32,20
"IRF8","s1639_F_ADR_02_ASEReadCounter.table","NW_015090842.1:8410237",13,28,15
"IRF8","s1639_F_ADR_02_ASEReadCounter.table","NW_015090842.1:8410276",37,37,0
"IRF8","s1639_F_ADR_02_ASEReadCounter.table","NW_015090842.1:8410813",15,37,22
"IRF8","s1639_F_ADR_02_ASEReadCounter.table","NW_015090842.1:8410861",15,42,27
"IRF8","s1639_F_ADR_02_ASEReadCounter.table","NW_015090842.1:8411940",13,33,20
"IRF8","s1639_F_ADR_02_ASEReadCounter.table","NW_015090842.1:8412006",8,25,17
"IRF8","s1639_F_ADR_02_ASEReadCounter.table","NW_015090842.1:8412042",8,26,18
"DUSP15","s1639_F_ADR_02_ASEReadCounter.table","NW_015090842.1:8422787",2,4,2
"DUSP15","s1639_F_ADR_02_ASEReadCounter.table","NW_015090842.1:8422832",1,3,2
"DUSP15","s1639_F_ADR_02_ASEReadCounter.table","NW_015090842.1:8422898",1,4,3
"DUSP15","s1639_F_ADR_02_ASEReadCounter.table","NW_015090842.1:8422909",1,4,3
"COX4I1","s1639_F_ADR_02_ASEReadCounter.table","NW_015090842.1:8442258",851,1722,871
"COX4I1","s1639_F_ADR_02_ASEReadCounter.table","NW_015090842.1:8442333",720,1439,719
"EMC8","s1639_F_ADR_02_ASEReadCounter.table","NW_015090842.1:8444046",65,137,72
"EMC8","s1639_F_ADR_02_ASEReadCounter.table","NW_015090842.1:8444064",60,115,55
"EMC8","s1639_F_ADR_02_ASEReadCounter.table","NW_015090842.1:8452029",12,45,33
"EMC8","s1639_F_ADR_02_ASEReadCounter.table","NW_015090842.1:8452116",26,65,39
"EMC8","s1639_F_ADR_02_ASEReadCounter.table","NW_015090842.1:8452121",27,64,37
"EMC8","s1639_F_ADR_02_ASEReadCounter.table","NW_015090842.1:8452222",20,51,31
"EMC8","s1639_F_ADR_02_ASEReadCounter.table","NW_015090842.1:8452244",23,58,35
"EMC8","s1639_F_ADR_02_ASEReadCounter.table","NW_015090842.1:8452477",19,26,7
"EMC8","s1639_F_ADR_02_ASEReadCounter.table","NW_015090842.1:8452498",13,20,7
"EMC8","s1639_F_ADR_02_ASEReadCounter.table","NW_015090842.1:8452535",7,15,8
"EMC8","s1639_F_ADR_02_ASEReadCounter.table","NW_015090842.1:8452575",4,12,8
"EMC8","s1639_F_ADR_02_ASEReadCounter.table","NW_015090842.1:8452600",3,9,6
"EMC8","s1639_F_ADR_02_ASEReadCounter.table","NW_015090842.1:8452616",4,8,4
"EMC8","s1639_F_ADR_02_ASEReadCounter.table","NW_015090842.1:8452630",4,7,3
"EMC8","s1639_F_ADR_02_ASEReadCounter.table","NW_015090842.1:8452650",5,7,2
"EMC8","s1639_F_ADR_02_ASEReadCounter.table","NW_015090842.1:8452678",14,20,6
"EMC8","s1639_F_ADR_02_ASEReadCounter.table","NW_015090842.1:8452724",12,20,8
"EMC8","s1639_F_ADR_02_ASEReadCounter.table","NW_015090842.1:8452731",12,20,8
"EMC8","s1639_F_ADR_02_ASEReadCounter.table","NW_015090842.1:8452743",12,21,9
"EMC8","s1639_F_ADR_02_ASEReadCounter.table","NW_015090842.1:8452750",9,18,9
"EMC8","s1639_F_ADR_02_ASEReadCounter.table","NW_015090842.1:8452778",7,12,5
"EMC8","s1639_F_ADR_02_ASEReadCounter.table","NW_015090842.1:8452783",8,14,6
"EMC8","s1639_F_ADR_02_ASEReadCounter.table","NW_015090842.1:8452800",13,21,8
"EMC8","s1639_F_ADR_02_ASEReadCounter.table","NW_015090842.1:8452804",12,20,8
"EMC8","s1639_F_ADR_02_ASEReadCounter.table","NW_015090842.1:8452812",12,18,6
"EMC8","s1639_F_ADR_02_ASEReadCounter.table","NW_015090842.1:8452858",9,15,6
"EMC8","s1639_F_ADR_02_ASEReadCounter.table","NW_015090842.1:8452906",9,17,8
"EMC8","s1639_F_ADR_02_ASEReadCounter.table","NW_015090842.1:8452913",11,19,8
"EMC8","s1639_F_ADR_02_ASEReadCounter.table","NW_015090842.1:8453000",12,22,10
"EMC8","s1639_F_ADR_02_ASEReadCounter.table","NW_015090842.1:8453007",12,24,12
"EMC8","s1639_F_ADR_02_ASEReadCounter.table","NW_015090842.1:8453058",12,24,12
"EMC8","s1639_F_ADR_02_ASEReadCounter.table","NW_015090842.1:8453106",5,12,7
"GINS2","s1639_F_ADR_02_ASEReadCounter.table","NW_015090842.1:8466420",12,12,0
"GINS2","s1639_F_ADR_02_ASEReadCounter.table","NW_015090842.1:8466424",13,13,0
"GINS2","s1639_F_ADR_02_ASEReadCounter.table","NW_015090842.1:8466518",6,6,0
"GINS2","s1639_F_ADR_02_ASEReadCounter.table","NW_015090842.1:8468482",18,19,1
"GINS2","s1639_F_ADR_02_ASEReadCounter.table","NW_015090842.1:8470290",27,36,9
"GINS2","s1639_F_ADR_02_ASEReadCounter.table","NW_015090842.1:8470305",28,36,8
"GINS2","s1639_F_ADR_02_ASEReadCounter.table","NW_015090842.1:8470381",23,27,4
"GINS2","s1639_F_ADR_02_ASEReadCounter.table","NW_015090842.1:8470418",22,28,6
"GINS2","s1639_F_ADR_02_ASEReadCounter.table","NW_015090842.1:8470421",20,26,6
"GINS2","s1639_F_ADR_02_ASEReadCounter.table","NW_015090842.1:8470430",14,21,7
"GINS2","s1639_F_ADR_02_ASEReadCounter.table","NW_015090842.1:8470433",12,19,7
"GINS2","s1639_F_ADR_02_ASEReadCounter.table","NW_015090842.1:8470457",8,12,4
"GINS2","s1639_F_ADR_02_ASEReadCounter.table","NW_015090842.1:8470491",18,21,3
"GINS2","s1639_F_ADR_02_ASEReadCounter.table","NW_015090842.1:8470548",17,20,3
"GINS2","s1639_F_ADR_02_ASEReadCounter.table","NW_015090842.1:8470649",11,12,1
"GSE1","s1639_F_ADR_02_ASEReadCounter.table","NW_015090842.1:8475362",17,52,35
"GSE1","s1639_F_ADR_02_ASEReadCounter.table","NW_015090842.1:8475961",15,19,4
"GSE1","s1639_F_ADR_02_ASEReadCounter.table","NW_015090842.1:8476027",14,20,6
"GSE1","s1639_F_ADR_02_ASEReadCounter.table","NW_015090842.1:8476159",8,8,0
"GSE1","s1639_F_ADR_02_ASEReadCounter.table","NW_015090842.1:8477442",0,14,14
"GSE1","s1639_F_ADR_02_ASEReadCounter.table","NW_015090842.1:8477448",0,15,15
"GSE1","s1639_F_ADR_02_ASEReadCounter.table","NW_015090842.1:8477662",0,15,15
"GSE1","s1639_F_ADR_02_ASEReadCounter.table","NW_015090842.1:8477933",7,16,9
"GSE1","s1639_F_ADR_02_ASEReadCounter.table","NW_015090842.1:8477945",6,15,9
"GSE1","s1639_F_ADR_02_ASEReadCounter.table","NW_015090842.1:8483272",1,16,15
"GSE1","s1639_F_ADR_02_ASEReadCounter.table","NW_015090842.1:8483367",1,7,6
"GSE1","s1639_F_ADR_02_ASEReadCounter.table","NW_015090842.1:8483411",1,3,2
"GSE1","s1639_F_ADR_02_ASEReadCounter.table","NW_015090842.1:8483756",7,27,20
"GSE1","s1639_F_ADR_02_ASEReadCounter.table","NW_015090842.1:8486867",11,32,21
"GSE1","s1639_F_ADR_02_ASEReadCounter.table","NW_015090842.1:8486939",20,44,24
"GSE1","s1639_F_ADR_02_ASEReadCounter.table","NW_015090842.1:8486945",16,38,22
"GSE1","s1639_F_ADR_02_ASEReadCounter.table","NW_015090842.1:8486993",16,28,12
"GSE1","s1639_F_ADR_02_ASEReadCounter.table","NW_015090842.1:8487062",20,37,17
"GSE1","s1639_F_ADR_02_ASEReadCounter.table","NW_015090842.1:8488065",19,32,13
"GSE1","s1639_F_ADR_02_ASEReadCounter.table","NW_015090842.1:8488457",11,26,15
"GSE1","s1639_F_ADR_02_ASEReadCounter.table","NW_015090842.1:8488463",11,28,17
"GSE1","s1639_F_ADR_02_ASEReadCounter.table","NW_015090842.1:8488490",36,36,0
"GSE1","s1639_F_ADR_02_ASEReadCounter.table","NW_015090842.1:8488505",16,39,23
"GSE1","s1639_F_ADR_02_ASEReadCounter.table","NW_015090842.1:8490180",0,37,37
"KIAA0513","s1639_F_ADR_02_ASEReadCounter.table","NW_015090842.1:8668363",110,240,130
"KIAA0513","s1639_F_ADR_02_ASEReadCounter.table","NW_015090842.1:8668387",119,228,109
"KIAA0513","s1639_F_ADR_02_ASEReadCounter.table","NW_015090842.1:8668390",118,225,107
"KIAA0513","s1639_F_ADR_02_ASEReadCounter.table","NW_015090842.1:8673107",105,219,114
"KIAA0513","s1639_F_ADR_02_ASEReadCounter.table","NW_015090842.1:8673147",98,202,104
"KIAA0513","s1639_F_ADR_02_ASEReadCounter.table","NW_015090842.1:8674661",76,171,95
"KIAA0513","s1639_F_ADR_02_ASEReadCounter.table","NW_015090842.1:8674685",72,158,86
"KIAA0513","s1639_F_ADR_02_ASEReadCounter.table","NW_015090842.1:8674730",60,133,73
"KIAA0513","s1639_F_ADR_02_ASEReadCounter.table","NW_015090842.1:8675525",75,165,90
"KIAA0513","s1639_F_ADR_02_ASEReadCounter.table","NW_015090842.1:8675561",72,166,94
"KIAA0513","s1639_F_ADR_02_ASEReadCounter.table","NW_015090842.1:8678608",1,38,37
"KIAA0513","s1639_F_ADR_02_ASEReadCounter.table","NW_015090842.1:8686455",0,18,18
"KIAA0513","s1639_F_ADR_02_ASEReadCounter.table","NW_015090842.1:8686508",0,19,19
"KIAA0513","s1639_F_ADR_02_ASEReadCounter.table","NW_015090842.1:8686521",0,20,20
"KIAA0513","s1639_F_ADR_02_ASEReadCounter.table","NW_015090842.1:8693642",30,49,19
"KIAA0513","s1639_F_ADR_02_ASEReadCounter.table","NW_015090842.1:8693712",21,44,23
"KIAA0513","s1639_F_ADR_02_ASEReadCounter.table","NW_015090842.1:8695794",1,5,4
"FBXO31","s1639_F_ADR_02_ASEReadCounter.table","NW_015090842.1:8710240",30,57,27
"FBXO31","s1639_F_ADR_02_ASEReadCounter.table","NW_015090842.1:8710372",32,63,31
"FBXO31","s1639_F_ADR_02_ASEReadCounter.table","NW_015090842.1:8711239",32,77,45
"FBXO31","s1639_F_ADR_02_ASEReadCounter.table","NW_015090842.1:8714565",30,82,52
"FBXO31","s1639_F_ADR_02_ASEReadCounter.table","NW_015090842.1:8716001",26,62,36
"FBXO31","s1639_F_ADR_02_ASEReadCounter.table","NW_015090842.1:8725050",1,2,1
"FBXO31","s1639_F_ADR_02_ASEReadCounter.table","NW_015090842.1:8725057",2,3,1
"FBXO31","s1639_F_ADR_02_ASEReadCounter.table","NW_015090842.1:8725370",1,2,1
"ZCCHC14","s1639_F_ADR_02_ASEReadCounter.table","NW_015090842.1:8750174",28,39,11
"ZCCHC14","s1639_F_ADR_02_ASEReadCounter.table","NW_015090842.1:8750189",35,41,6
"ZCCHC14","s1639_F_ADR_02_ASEReadCounter.table","NW_015090842.1:8750365",23,50,27
"ZCCHC14","s1639_F_ADR_02_ASEReadCounter.table","NW_015090842.1:8750433",19,38,19
"ZCCHC14","s1639_F_ADR_02_ASEReadCounter.table","NW_015090842.1:8750449",19,39,20
"ZCCHC14","s1639_F_ADR_02_ASEReadCounter.table","NW_015090842.1:8750456",19,42,23
"ZCCHC14","s1639_F_ADR_02_ASEReadCounter.table","NW_015090842.1:8750497",19,33,14
"ZCCHC14","s1639_F_ADR_02_ASEReadCounter.table","NW_015090842.1:8750547",21,35,14
"ZCCHC14","s1639_F_ADR_02_ASEReadCounter.table","NW_015090842.1:8751100",6,10,4
"ZCCHC14","s1639_F_ADR_02_ASEReadCounter.table","NW_015090842.1:8751374",12,21,9
"ZCCHC14","s1639_F_ADR_02_ASEReadCounter.table","NW_015090842.1:8751403",13,23,10
"ZCCHC14","s1639_F_ADR_02_ASEReadCounter.table","NW_015090842.1:8751517",9,19,10
"ZCCHC14","s1639_F_ADR_02_ASEReadCounter.table","NW_015090842.1:8752060",9,14,5
"ZCCHC14","s1639_F_ADR_02_ASEReadCounter.table","NW_015090842.1:8752172",15,25,10
"ZCCHC14","s1639_F_ADR_02_ASEReadCounter.table","NW_015090842.1:8752183",17,26,9
"ZCCHC14","s1639_F_ADR_02_ASEReadCounter.table","NW_015090842.1:8752198",20,35,15
"ZCCHC14","s1639_F_ADR_02_ASEReadCounter.table","NW_015090842.1:8752248",17,31,14
"ZCCHC14","s1639_F_ADR_02_ASEReadCounter.table","NW_015090842.1:8752326",15,28,13
"ZCCHC14","s1639_F_ADR_02_ASEReadCounter.table","NW_015090842.1:8752393",8,28,20
"ZCCHC14","s1639_F_ADR_02_ASEReadCounter.table","NW_015090842.1:8752914",14,26,12
"ZCCHC14","s1639_F_ADR_02_ASEReadCounter.table","NW_015090842.1:8753528",2,7,5
"ZCCHC14","s1639_F_ADR_02_ASEReadCounter.table","NW_015090842.1:8753892",3,9,6
"ZCCHC14","s1639_F_ADR_02_ASEReadCounter.table","NW_015090842.1:8753910",4,11,7
"ZCCHC14","s1639_F_ADR_02_ASEReadCounter.table","NW_015090842.1:8755096",9,20,11
"ZCCHC14","s1639_F_ADR_02_ASEReadCounter.table","NW_015090842.1:8755327",9,13,4
"ZCCHC14","s1639_F_ADR_02_ASEReadCounter.table","NW_015090842.1:8755723",3,9,6
"ZCCHC14","s1639_F_ADR_02_ASEReadCounter.table","NW_015090842.1:8755739",3,10,7
"ZCCHC14","s1639_F_ADR_02_ASEReadCounter.table","NW_015090842.1:8756149",8,16,8
"ZCCHC14","s1639_F_ADR_02_ASEReadCounter.table","NW_015090842.1:8756347",13,23,10
"ZCCHC14","s1639_F_ADR_02_ASEReadCounter.table","NW_015090842.1:8756361",12,22,10
"ZCCHC14","s1639_F_ADR_02_ASEReadCounter.table","NW_015090842.1:8756388",8,18,10
"ZCCHC14","s1639_F_ADR_02_ASEReadCounter.table","NW_015090842.1:8756389",9,20,11
"ZCCHC14","s1639_F_ADR_02_ASEReadCounter.table","NW_015090842.1:8757160",9,14,5
"ZCCHC14","s1639_F_ADR_02_ASEReadCounter.table","NW_015090842.1:8804511",8,21,13
"ZCCHC14","s1639_F_ADR_02_ASEReadCounter.table","NW_015090842.1:8804979",4,7,3
"JPH3","s1639_F_ADR_02_ASEReadCounter.table","NW_015090842.1:8845375",10,17,7
"JPH3","s1639_F_ADR_02_ASEReadCounter.table","NW_015090842.1:8845640",8,24,16
"JPH3","s1639_F_ADR_02_ASEReadCounter.table","NW_015090842.1:8845654",9,23,14
"JPH3","s1639_F_ADR_02_ASEReadCounter.table","NW_015090842.1:8872283",7,25,18
"JPH3","s1639_F_ADR_02_ASEReadCounter.table","NW_015090842.1:8872294",8,25,17
"JPH3","s1639_F_ADR_02_ASEReadCounter.table","NW_015090842.1:8872730",10,28,18
"JPH3","s1639_F_ADR_02_ASEReadCounter.table","NW_015090842.1:8885260",12,24,12
"JPH3","s1639_F_ADR_02_ASEReadCounter.table","NW_015090842.1:8885315",12,31,19
"JPH3","s1639_F_ADR_02_ASEReadCounter.table","NW_015090842.1:8885328",9,26,17
"JPH3","s1639_F_ADR_02_ASEReadCounter.table","NW_015090842.1:8885438",13,27,14
"JPH3","s1639_F_ADR_02_ASEReadCounter.table","NW_015090842.1:8885525",5,16,11
"KLHDC4","s1639_F_ADR_02_ASEReadCounter.table","NW_015090842.1:8890729",25,40,15
"KLHDC4","s1639_F_ADR_02_ASEReadCounter.table","NW_015090842.1:8890749",25,41,16
"KLHDC4","s1639_F_ADR_02_ASEReadCounter.table","NW_015090842.1:8890761",26,44,18
"KLHDC4","s1639_F_ADR_02_ASEReadCounter.table","NW_015090842.1:8891123",50,87,37
"KLHDC4","s1639_F_ADR_02_ASEReadCounter.table","NW_015090842.1:8893124",56,93,37
"KLHDC4","s1639_F_ADR_02_ASEReadCounter.table","NW_015090842.1:8894542",48,74,26
"KLHDC4","s1639_F_ADR_02_ASEReadCounter.table","NW_015090842.1:8896726",33,56,23
"KLHDC4","s1639_F_ADR_02_ASEReadCounter.table","NW_015090842.1:8896767",38,64,26
"KLHDC4","s1639_F_ADR_02_ASEReadCounter.table","NW_015090842.1:8904174",34,52,18
"KLHDC4","s1639_F_ADR_02_ASEReadCounter.table","NW_015090842.1:8904231",25,44,19
"KLHDC4","s1639_F_ADR_02_ASEReadCounter.table","NW_015090842.1:8905251",26,40,14
"KLHDC4","s1639_F_ADR_02_ASEReadCounter.table","NW_015090842.1:8905263",27,46,19
"KLHDC4","s1639_F_ADR_02_ASEReadCounter.table","NW_015090842.1:8919626",4,8,4
"SLC7A5","s1639_F_ADR_02_ASEReadCounter.table","NW_015090842.1:8938782",64,134,70
"SLC7A5","s1639_F_ADR_02_ASEReadCounter.table","NW_015090842.1:8938943",31,93,62
"SLC7A5","s1639_F_ADR_02_ASEReadCounter.table","NW_015090842.1:8939611",28,51,23
"SLC7A5","s1639_F_ADR_02_ASEReadCounter.table","NW_015090842.1:8939738",34,95,61
"SLC7A5","s1639_F_ADR_02_ASEReadCounter.table","NW_015090842.1:8939739",35,95,60
"SLC7A5","s1639_F_ADR_02_ASEReadCounter.table","NW_015090842.1:8939740",35,102,67
"SLC7A5","s1639_F_ADR_02_ASEReadCounter.table","NW_015090842.1:8939795",41,90,49
"SLC7A5","s1639_F_ADR_02_ASEReadCounter.table","NW_015090842.1:8939815",30,79,49
"SLC7A5","s1639_F_ADR_02_ASEReadCounter.table","NW_015090842.1:8939816",30,80,50
"SLC7A5","s1639_F_ADR_02_ASEReadCounter.table","NW_015090842.1:8939817",30,87,57
"SLC7A5","s1639_F_ADR_02_ASEReadCounter.table","NW_015090842.1:8939845",30,90,60
"SLC7A5","s1639_F_ADR_02_ASEReadCounter.table","NW_015090842.1:8939894",32,98,66
"SLC7A5","s1639_F_ADR_02_ASEReadCounter.table","NW_015090842.1:8939895",32,97,65
"SLC7A5","s1639_F_ADR_02_ASEReadCounter.table","NW_015090842.1:8939997",127,127,0
"SLC7A5","s1639_F_ADR_02_ASEReadCounter.table","NW_015090842.1:8940172",35,96,61
"SLC7A5","s1639_F_ADR_02_ASEReadCounter.table","NW_015090842.1:8940331",23,60,37
"SLC7A5","s1639_F_ADR_02_ASEReadCounter.table","NW_015090842.1:8940696",25,45,20
"SLC7A5","s1639_F_ADR_02_ASEReadCounter.table","NW_015090842.1:8940719",13,45,32
"SLC7A5","s1639_F_ADR_02_ASEReadCounter.table","NW_015090842.1:8940737",16,51,35
"SLC7A5","s1639_F_ADR_02_ASEReadCounter.table","NW_015090842.1:8940743",19,56,37
"SLC7A5","s1639_F_ADR_02_ASEReadCounter.table","NW_015090842.1:8940766",24,63,39
"SLC7A5","s1639_F_ADR_02_ASEReadCounter.table","NW_015090842.1:8940769",24,69,45
"SLC7A5","s1639_F_ADR_02_ASEReadCounter.table","NW_015090842.1:8940861",26,79,53
"SLC7A5","s1639_F_ADR_02_ASEReadCounter.table","NW_015090842.1:8941068",36,98,62
"SLC7A5","s1639_F_ADR_02_ASEReadCounter.table","NW_015090842.1:8941467",19,60,41
"SLC7A5","s1639_F_ADR_02_ASEReadCounter.table","NW_015090842.1:8941531",22,68,46
"SLC7A5","s1639_F_ADR_02_ASEReadCounter.table","NW_015090842.1:8941588",23,78,55
"SLC7A5","s1639_F_ADR_02_ASEReadCounter.table","NW_015090842.1:8941698",15,49,34
"SLC7A5","s1639_F_ADR_02_ASEReadCounter.table","NW_015090842.1:8941717",18,59,41
"SLC7A5","s1639_F_ADR_02_ASEReadCounter.table","NW_015090842.1:8941745",18,63,45
"SLC7A5","s1639_F_ADR_02_ASEReadCounter.table","NW_015090842.1:8941781",22,72,50
"SLC7A5","s1639_F_ADR_02_ASEReadCounter.table","NW_015090842.1:8941887",23,52,29
"SLC7A5","s1639_F_ADR_02_ASEReadCounter.table","NW_015090842.1:8941968",7,56,49
"SLC7A5","s1639_F_ADR_02_ASEReadCounter.table","NW_015090842.1:8942025",15,63,48
"SLC7A5","s1639_F_ADR_02_ASEReadCounter.table","NW_015090842.1:8942069",20,58,38
"SLC7A5","s1639_F_ADR_02_ASEReadCounter.table","NW_015090842.1:8942170",20,65,45
"SLC7A5","s1639_F_ADR_02_ASEReadCounter.table","NW_015090842.1:8942241",29,67,38
"SLC7A5","s1639_F_ADR_02_ASEReadCounter.table","NW_015090842.1:8942283",31,72,41
"SLC7A5","s1639_F_ADR_02_ASEReadCounter.table","NW_015090842.1:8942717",28,74,46
"SLC7A5","s1639_F_ADR_02_ASEReadCounter.table","NW_015090842.1:8942756",40,93,53
"SLC7A5","s1639_F_ADR_02_ASEReadCounter.table","NW_015090842.1:8942766",40,94,54
"SLC7A5","s1639_F_ADR_02_ASEReadCounter.table","NW_015090842.1:8943271",23,54,31
"SLC7A5","s1639_F_ADR_02_ASEReadCounter.table","NW_015090842.1:8943524",19,60,41
"SLC7A5","s1639_F_ADR_02_ASEReadCounter.table","NW_015090842.1:8943530",21,60,39
"SLC7A5","s1639_F_ADR_02_ASEReadCounter.table","NW_015090842.1:8943602",21,61,40
"SLC7A5","s1639_F_ADR_02_ASEReadCounter.table","NW_015090842.1:8943622",17,55,38
"SLC7A5","s1639_F_ADR_02_ASEReadCounter.table","NW_015090842.1:8943661",19,54,35
"SLC7A5","s1639_F_ADR_02_ASEReadCounter.table","NW_015090842.1:8943686",19,57,38
"SLC7A5","s1639_F_ADR_02_ASEReadCounter.table","NW_015090842.1:8943788",23,56,33
"SLC7A5","s1639_F_ADR_02_ASEReadCounter.table","NW_015090842.1:8943814",18,44,26
"SLC7A5","s1639_F_ADR_02_ASEReadCounter.table","NW_015090842.1:8943876",14,49,35
"SLC7A5","s1639_F_ADR_02_ASEReadCounter.table","NW_015090842.1:8943892",16,52,36
"SLC7A5","s1639_F_ADR_02_ASEReadCounter.table","NW_015090842.1:8944097",17,59,42
"SLC7A5","s1639_F_ADR_02_ASEReadCounter.table","NW_015090842.1:8944104",16,52,36
"SLC7A5","s1639_F_ADR_02_ASEReadCounter.table","NW_015090842.1:8944293",16,41,25
"SLC7A5","s1639_F_ADR_02_ASEReadCounter.table","NW_015090842.1:8944297",16,39,23
"SLC7A5","s1639_F_ADR_02_ASEReadCounter.table","NW_015090842.1:8944397",20,39,19
"SLC7A5","s1639_F_ADR_02_ASEReadCounter.table","NW_015090842.1:8944552",25,64,39
"SLC7A5","s1639_F_ADR_02_ASEReadCounter.table","NW_015090842.1:8944629",22,66,44
"CA5A","s1639_F_ADR_02_ASEReadCounter.table","NW_015090842.1:8989479",62,103,41
"CA5A","s1639_F_ADR_02_ASEReadCounter.table","NW_015090842.1:8989562",85,138,53
"CA5A","s1639_F_ADR_02_ASEReadCounter.table","NW_015090842.1:8989609",105,166,61
"CA5A","s1639_F_ADR_02_ASEReadCounter.table","NW_015090842.1:8989693",82,155,73
"CA5A","s1639_F_ADR_02_ASEReadCounter.table","NW_015090842.1:8989702",91,165,74
"CA5A","s1639_F_ADR_02_ASEReadCounter.table","NW_015090842.1:8989746",98,182,84
"CA5A","s1639_F_ADR_02_ASEReadCounter.table","NW_015090842.1:8989880",101,168,67
"CA5A","s1639_F_ADR_02_ASEReadCounter.table","NW_015090842.1:8989885",103,171,68
"CA5A","s1639_F_ADR_02_ASEReadCounter.table","NW_015090842.1:8989929",98,170,72
"CA5A","s1639_F_ADR_02_ASEReadCounter.table","NW_015090842.1:8990002",104,184,80
"CA5A","s1639_F_ADR_02_ASEReadCounter.table","NW_015090842.1:8990004",102,183,81
"CA5A","s1639_F_ADR_02_ASEReadCounter.table","NW_015090842.1:8990005",102,182,80
"CA5A","s1639_F_ADR_02_ASEReadCounter.table","NW_015090842.1:8990017",104,177,73
"CA5A","s1639_F_ADR_02_ASEReadCounter.table","NW_015090842.1:8990043",81,149,68
"CA5A","s1639_F_ADR_02_ASEReadCounter.table","NW_015090842.1:8990060",165,165,0
"CA5A","s1639_F_ADR_02_ASEReadCounter.table","NW_015090842.1:8990080",78,147,69
"CA5A","s1639_F_ADR_02_ASEReadCounter.table","NW_015090842.1:8990084",76,146,70
"CA5A","s1639_F_ADR_02_ASEReadCounter.table","NW_015090842.1:8990090",79,151,72
"CA5A","s1639_F_ADR_02_ASEReadCounter.table","NW_015090842.1:8990095",85,156,71
"CA5A","s1639_F_ADR_02_ASEReadCounter.table","NW_015090842.1:8990111",76,143,67
"CA5A","s1639_F_ADR_02_ASEReadCounter.table","NW_015090842.1:8990112",76,142,66
"CA5A","s1639_F_ADR_02_ASEReadCounter.table","NW_015090842.1:8990115",84,148,64
"CA5A","s1639_F_ADR_02_ASEReadCounter.table","NW_015090842.1:8990166",73,134,61
"CA5A","s1639_F_ADR_02_ASEReadCounter.table","NW_015090842.1:8990169",79,139,60
"CA5A","s1639_F_ADR_02_ASEReadCounter.table","NW_015090842.1:8990193",148,148,0
"CA5A","s1639_F_ADR_02_ASEReadCounter.table","NW_015090842.1:8990222",82,130,48
"CA5A","s1639_F_ADR_02_ASEReadCounter.table","NW_015090842.1:8990289",85,154,69
"CA5A","s1639_F_ADR_02_ASEReadCounter.table","NW_015090842.1:8990314",87,155,68
"CA5A","s1639_F_ADR_02_ASEReadCounter.table","NW_015090842.1:8990361",76,143,67
"CA5A","s1639_F_ADR_02_ASEReadCounter.table","NW_015090842.1:8990368",77,144,67
"CA5A","s1639_F_ADR_02_ASEReadCounter.table","NW_015090842.1:8990429",66,122,56
"CA5A","s1639_F_ADR_02_ASEReadCounter.table","NW_015090842.1:8990466",62,107,45
"CA5A","s1639_F_ADR_02_ASEReadCounter.table","NW_015090842.1:8990663",72,121,49
"CA5A","s1639_F_ADR_02_ASEReadCounter.table","NW_015090842.1:8990797",72,117,45
"CA5A","s1639_F_ADR_02_ASEReadCounter.table","NW_015090842.1:8990836",91,129,38
"CA5A","s1639_F_ADR_02_ASEReadCounter.table","NW_015090842.1:8990842",89,130,41
"CA5A","s1639_F_ADR_02_ASEReadCounter.table","NW_015090842.1:8990851",88,125,37
"CA5A","s1639_F_ADR_02_ASEReadCounter.table","NW_015090842.1:8990918",72,120,48
"CA5A","s1639_F_ADR_02_ASEReadCounter.table","NW_015090842.1:8990921",60,112,52
"CA5A","s1639_F_ADR_02_ASEReadCounter.table","NW_015090842.1:8990942",82,131,49
"CA5A","s1639_F_ADR_02_ASEReadCounter.table","NW_015090842.1:8991001",92,148,56
"CA5A","s1639_F_ADR_02_ASEReadCounter.table","NW_015090842.1:8991038",75,128,53
"CA5A","s1639_F_ADR_02_ASEReadCounter.table","NW_015090842.1:8991149",87,138,51
"CA5A","s1639_F_ADR_02_ASEReadCounter.table","NW_015090842.1:8991176",88,143,55
"CA5A","s1639_F_ADR_02_ASEReadCounter.table","NW_015090842.1:8991241",74,134,60
"CA5A","s1639_F_ADR_02_ASEReadCounter.table","NW_015090842.1:8991262",69,115,46
"CA5A","s1639_F_ADR_02_ASEReadCounter.table","NW_015090842.1:8991316",74,81,7
"CA5A","s1639_F_ADR_02_ASEReadCounter.table","NW_015090842.1:8991319",75,81,6
"CA5A","s1639_F_ADR_02_ASEReadCounter.table","NW_015090842.1:8991330",78,79,1
"CA5A","s1639_F_ADR_02_ASEReadCounter.table","NW_015090842.1:8991334",72,78,6
"CA5A","s1639_F_ADR_02_ASEReadCounter.table","NW_015090842.1:8991362",85,110,25
"CA5A","s1639_F_ADR_02_ASEReadCounter.table","NW_015090842.1:8991368",87,112,25
"CA5A","s1639_F_ADR_02_ASEReadCounter.table","NW_015090842.1:8991390",83,114,31
"CA5A","s1639_F_ADR_02_ASEReadCounter.table","NW_015090842.1:8991395",83,120,37
"CA5A","s1639_F_ADR_02_ASEReadCounter.table","NW_015090842.1:8991422",81,124,43
"CA5A","s1639_F_ADR_02_ASEReadCounter.table","NW_015090842.1:8991467",78,120,42
"CA5A","s1639_F_ADR_02_ASEReadCounter.table","NW_015090842.1:8991576",42,78,36
"CA5A","s1639_F_ADR_02_ASEReadCounter.table","NW_015090842.1:8991587",56,97,41
"CA5A","s1639_F_ADR_02_ASEReadCounter.table","NW_015090842.1:8991655",67,105,38
"CA5A","s1639_F_ADR_02_ASEReadCounter.table","NW_015090842.1:8991717",56,94,38
"CA5A","s1639_F_ADR_02_ASEReadCounter.table","NW_015090842.1:8991726",52,93,41
"CA5A","s1639_F_ADR_02_ASEReadCounter.table","NW_015090842.1:8991799",65,115,50
"CA5A","s1639_F_ADR_02_ASEReadCounter.table","NW_015090842.1:8991809",61,111,50
"CA5A","s1639_F_ADR_02_ASEReadCounter.table","NW_015090842.1:8991848",49,100,51
"CA5A","s1639_F_ADR_02_ASEReadCounter.table","NW_015090842.1:8991849",50,100,50
"CA5A","s1639_F_ADR_02_ASEReadCounter.table","NW_015090842.1:8991927",54,91,37
"CA5A","s1639_F_ADR_02_ASEReadCounter.table","NW_015090842.1:8991941",53,90,37
"CA5A","s1639_F_ADR_02_ASEReadCounter.table","NW_015090842.1:8992121",45,96,51
"CA5A","s1639_F_ADR_02_ASEReadCounter.table","NW_015090842.1:8992224",58,113,55
"CA5A","s1639_F_ADR_02_ASEReadCounter.table","NW_015090842.1:9002570",39,72,33
"CA5A","s1639_F_ADR_02_ASEReadCounter.table","NW_015090842.1:9002600",35,71,36
"CA5A","s1639_F_ADR_02_ASEReadCounter.table","NW_015090842.1:9004312",20,45,25
"CA5A","s1639_F_ADR_02_ASEReadCounter.table","NW_015090842.1:9004506",2,4,2
"CA5A","s1639_F_ADR_02_ASEReadCounter.table","NW_015090842.1:9004523",2,4,2
"CA5A","s1639_F_ADR_02_ASEReadCounter.table","NW_015090842.1:9004530",2,4,2
"CA5A","s1639_F_ADR_02_ASEReadCounter.table","NW_015090842.1:9004556",2,4,2
"CA5A","s1639_F_ADR_02_ASEReadCounter.table","NW_015090842.1:9005116",0,1,1
"CA5A","s1639_F_ADR_02_ASEReadCounter.table","NW_015090842.1:9005120",0,1,1
"CA5A","s1639_F_ADR_02_ASEReadCounter.table","NW_015090842.1:9005140",0,1,1
"CA5A","s1639_F_ADR_02_ASEReadCounter.table","NW_015090842.1:9005152",0,1,1
"CA5A","s1639_F_ADR_02_ASEReadCounter.table","NW_015090842.1:9011011",0,1,1
"BANP","s1639_F_ADR_02_ASEReadCounter.table","NW_015090842.1:9033407",10,25,15
"BANP","s1639_F_ADR_02_ASEReadCounter.table","NW_015090842.1:9033409",10,26,16
"BANP","s1639_F_ADR_02_ASEReadCounter.table","NW_015090842.1:9033420",13,30,17
"BANP","s1639_F_ADR_02_ASEReadCounter.table","NW_015090842.1:9067974",0,15,15
"BANP","s1639_F_ADR_02_ASEReadCounter.table","NW_015090842.1:9102510",22,51,29
"BANP","s1639_F_ADR_02_ASEReadCounter.table","NW_015090842.1:9168534",21,56,35
"BANP","s1639_F_ADR_02_ASEReadCounter.table","NW_015090842.1:9168818",29,61,32
"ZNF469","s1639_F_ADR_02_ASEReadCounter.table","NW_015090842.1:9424301",1,3,2
"ZNF469","s1639_F_ADR_02_ASEReadCounter.table","NW_015090842.1:9424333",0,2,2
"ZNF469","s1639_F_ADR_02_ASEReadCounter.table","NW_015090842.1:9425089",6,7,1
"ZNF469","s1639_F_ADR_02_ASEReadCounter.table","NW_015090842.1:9425108",5,6,1
"ZNF469","s1639_F_ADR_02_ASEReadCounter.table","NW_015090842.1:9425182",2,2,0
"ZNF469","s1639_F_ADR_02_ASEReadCounter.table","NW_015090842.1:9426367",5,8,3
"ZNF469","s1639_F_ADR_02_ASEReadCounter.table","NW_015090842.1:9426420",5,8,3
"ZNF469","s1639_F_ADR_02_ASEReadCounter.table","NW_015090842.1:9426585",3,3,0
"ZNF469","s1639_F_ADR_02_ASEReadCounter.table","NW_015090842.1:9427067",4,5,1
"ZNF469","s1639_F_ADR_02_ASEReadCounter.table","NW_015090842.1:9427614",2,6,4
"ZNF469","s1639_F_ADR_02_ASEReadCounter.table","NW_015090842.1:9428122",1,1,0
"ZNF469","s1639_F_ADR_02_ASEReadCounter.table","NW_015090842.1:9428178",4,6,2
"ZNF469","s1639_F_ADR_02_ASEReadCounter.table","NW_015090842.1:9428419",5,6,1
"ZNF469","s1639_F_ADR_02_ASEReadCounter.table","NW_015090842.1:9429633",2,4,2
"ZNF469","s1639_F_ADR_02_ASEReadCounter.table","NW_015090842.1:9429758",0,3,3
"ZNF469","s1639_F_ADR_02_ASEReadCounter.table","NW_015090842.1:9429759",0,3,3
"ZNF469","s1639_F_ADR_02_ASEReadCounter.table","NW_015090842.1:9429794",3,6,3
"ZNF469","s1639_F_ADR_02_ASEReadCounter.table","NW_015090842.1:9430560",5,7,2
"ZNF469","s1639_F_ADR_02_ASEReadCounter.table","NW_015090842.1:9430668",5,8,3
"ZNF469","s1639_F_ADR_02_ASEReadCounter.table","NW_015090842.1:9430700",4,8,4
"ZNF469","s1639_F_ADR_02_ASEReadCounter.table","NW_015090842.1:9431031",3,3,0
"ZNF469","s1639_F_ADR_02_ASEReadCounter.table","NW_015090842.1:9431073",3,4,1
"ZNF469","s1639_F_ADR_02_ASEReadCounter.table","NW_015090842.1:9431091",2,3,1
"ZNF469","s1639_F_ADR_02_ASEReadCounter.table","NW_015090842.1:9431150",5,6,1
"ZNF469","s1639_F_ADR_02_ASEReadCounter.table","NW_015090842.1:9431162",4,5,1
"ZNF469","s1639_F_ADR_02_ASEReadCounter.table","NW_015090842.1:9431214",1,2,1
"ZNF469","s1639_F_ADR_02_ASEReadCounter.table","NW_015090842.1:9431317",5,8,3
"ZNF469","s1639_F_ADR_02_ASEReadCounter.table","NW_015090842.1:9431325",5,8,3
"ZNF469","s1639_F_ADR_02_ASEReadCounter.table","NW_015090842.1:9431700",5,5,0
"ZNF469","s1639_F_ADR_02_ASEReadCounter.table","NW_015090842.1:9431901",5,5,0
"ZNF469","s1639_F_ADR_02_ASEReadCounter.table","NW_015090842.1:9432110",4,4,0
"ZNF469","s1639_F_ADR_02_ASEReadCounter.table","NW_015090842.1:9432302",4,6,2
"ZNF469","s1639_F_ADR_02_ASEReadCounter.table","NW_015090842.1:9432361",3,5,2
"ZNF469","s1639_F_ADR_02_ASEReadCounter.table","NW_015090842.1:9432374",4,6,2
"ZNF469","s1639_F_ADR_02_ASEReadCounter.table","NW_015090842.1:9432382",4,5,1
"ZNF469","s1639_F_ADR_02_ASEReadCounter.table","NW_015090842.1:9432481",6,10,4
"ZNF469","s1639_F_ADR_02_ASEReadCounter.table","NW_015090842.1:9432498",6,8,2
"ZNF469","s1639_F_ADR_02_ASEReadCounter.table","NW_015090842.1:9433268",6,6,0
"ZNF469","s1639_F_ADR_02_ASEReadCounter.table","NW_015090842.1:9433678",3,7,4
"ZNF469","s1639_F_ADR_02_ASEReadCounter.table","NW_015090842.1:9433902",4,4,0
"ZNF469","s1639_F_ADR_02_ASEReadCounter.table","NW_015090842.1:9433980",3,5,2
"ZNF469","s1639_F_ADR_02_ASEReadCounter.table","NW_015090842.1:9434259",6,10,4
"ZNF469","s1639_F_ADR_02_ASEReadCounter.table","NW_015090842.1:9435221",11,15,4
"ZFPM1","s1639_F_ADR_02_ASEReadCounter.table","NW_015090842.1:9458862",6,30,24
"ZFPM1","s1639_F_ADR_02_ASEReadCounter.table","NW_015090842.1:9458888",9,34,25
"ZFPM1","s1639_F_ADR_02_ASEReadCounter.table","NW_015090842.1:9458904",11,41,30
"ZFPM1","s1639_F_ADR_02_ASEReadCounter.table","NW_015090842.1:9458916",14,43,29
"ZFPM1","s1639_F_ADR_02_ASEReadCounter.table","NW_015090842.1:9468568",15,39,24
"ZFPM1","s1639_F_ADR_02_ASEReadCounter.table","NW_015090842.1:9468593",17,44,27
"ZFPM1","s1639_F_ADR_02_ASEReadCounter.table","NW_015090842.1:9471561",18,38,20
"ZFPM1","s1639_F_ADR_02_ASEReadCounter.table","NW_015090842.1:9472557",14,32,18
"ZFPM1","s1639_F_ADR_02_ASEReadCounter.table","NW_015090842.1:9472565",14,32,18
"ZFPM1","s1639_F_ADR_02_ASEReadCounter.table","NW_015090842.1:9472608",13,32,19
"ZFPM1","s1639_F_ADR_02_ASEReadCounter.table","NW_015090842.1:9472627",18,34,16
"ZFPM1","s1639_F_ADR_02_ASEReadCounter.table","NW_015090842.1:9472668",14,33,19
"ZFPM1","s1639_F_ADR_02_ASEReadCounter.table","NW_015090842.1:9473655",21,40,19
"ZFPM1","s1639_F_ADR_02_ASEReadCounter.table","NW_015090842.1:9475827",20,34,14
"ZFPM1","s1639_F_ADR_02_ASEReadCounter.table","NW_015090842.1:9475842",23,41,18
"ZFPM1","s1639_F_ADR_02_ASEReadCounter.table","NW_015090842.1:9476119",24,37,13
"ZFPM1","s1639_F_ADR_02_ASEReadCounter.table","NW_015090842.1:9476161",24,33,9
"ZFPM1","s1639_F_ADR_02_ASEReadCounter.table","NW_015090842.1:9476219",15,20,5
"ZFPM1","s1639_F_ADR_02_ASEReadCounter.table","NW_015090842.1:9476233",11,20,9
"ZFPM1","s1639_F_ADR_02_ASEReadCounter.table","NW_015090842.1:9476305",20,38,18
"ZFPM1","s1639_F_ADR_02_ASEReadCounter.table","NW_015090842.1:9476395",25,35,10
"ZFPM1","s1639_F_ADR_02_ASEReadCounter.table","NW_015090842.1:9476421",29,40,11
"ZFPM1","s1639_F_ADR_02_ASEReadCounter.table","NW_015090842.1:9476539",18,37,19
"ZFPM1","s1639_F_ADR_02_ASEReadCounter.table","NW_015090842.1:9476576",13,35,22
"ZFPM1","s1639_F_ADR_02_ASEReadCounter.table","NW_015090842.1:9476599",31,31,0
"ZFPM1","s1639_F_ADR_02_ASEReadCounter.table","NW_015090842.1:9476792",21,43,22
"ZFPM1","s1639_F_ADR_02_ASEReadCounter.table","NW_015090842.1:9476803",20,41,21
"ZFPM1","s1639_F_ADR_02_ASEReadCounter.table","NW_015090842.1:9477115",7,24,17
"ZFPM1","s1639_F_ADR_02_ASEReadCounter.table","NW_015090842.1:9477299",7,24,17
"ZFPM1","s1639_F_ADR_02_ASEReadCounter.table","NW_015090842.1:9477398",16,16,0
"ZFPM1","s1639_F_ADR_02_ASEReadCounter.table","NW_015090842.1:9477422",6,17,11
"ZFPM1","s1639_F_ADR_02_ASEReadCounter.table","NW_015090842.1:9477554",13,31,18
"ZFPM1","s1639_F_ADR_02_ASEReadCounter.table","NW_015090842.1:9477575",30,30,0
"ZFPM1","s1639_F_ADR_02_ASEReadCounter.table","NW_015090842.1:9477595",16,34,18
"ZFPM1","s1639_F_ADR_02_ASEReadCounter.table","NW_015090842.1:9477611",19,41,22
"ZFPM1","s1639_F_ADR_02_ASEReadCounter.table","NW_015090842.1:9477659",24,51,27
"ZFPM1","s1639_F_ADR_02_ASEReadCounter.table","NW_015090842.1:9477737",19,39,20
"ZFPM1","s1639_F_ADR_02_ASEReadCounter.table","NW_015090842.1:9477791",10,24,14
"ZFPM1","s1639_F_ADR_02_ASEReadCounter.table","NW_015090842.1:9477844",13,28,15
"ZFPM1","s1639_F_ADR_02_ASEReadCounter.table","NW_015090842.1:9477917",15,34,19
"ZFPM1","s1639_F_ADR_02_ASEReadCounter.table","NW_015090842.1:9478295",16,34,18
"ZFPM1","s1639_F_ADR_02_ASEReadCounter.table","NW_015090842.1:9478349",17,40,23
"ZFPM1","s1639_F_ADR_02_ASEReadCounter.table","NW_015090842.1:9478524",7,26,19
"ZFPM1","s1639_F_ADR_02_ASEReadCounter.table","NW_015090842.1:9478546",8,25,17
"ZFPM1","s1639_F_ADR_02_ASEReadCounter.table","NW_015090842.1:9478573",7,20,13
"ZFPM1","s1639_F_ADR_02_ASEReadCounter.table","NW_015090842.1:9478582",5,17,12
"ZFPM1","s1639_F_ADR_02_ASEReadCounter.table","NW_015090842.1:9478684",9,18,9
"ZFPM1","s1639_F_ADR_02_ASEReadCounter.table","NW_015090842.1:9478711",5,11,6
"ZFPM1","s1639_F_ADR_02_ASEReadCounter.table","NW_015090842.1:9478761",3,8,5
"ZFPM1","s1639_F_ADR_02_ASEReadCounter.table","NW_015090842.1:9478829",9,9,0
"CIDEC","s1639_F_ADR_02_ASEReadCounter.table","NW_015090842.1:9480171",1,1,0
"CIDEC","s1639_F_ADR_02_ASEReadCounter.table","NW_015090842.1:9480212",1,1,0
"CIDEC","s1639_F_ADR_02_ASEReadCounter.table","NW_015090842.1:9480252",2,2,0
"CIDEC","s1639_F_ADR_02_ASEReadCounter.table","NW_015090842.1:9480391",1,2,1
"CIDEC","s1639_F_ADR_02_ASEReadCounter.table","NW_015090842.1:9480394",1,2,1
"CIDEC","s1639_F_ADR_02_ASEReadCounter.table","NW_015090842.1:9480630",1,3,2
"CIDEC","s1639_F_ADR_02_ASEReadCounter.table","NW_015090842.1:9480675",2,3,1
"CIDEC","s1639_F_ADR_02_ASEReadCounter.table","NW_015090842.1:9480686",2,3,1
"CIDEC","s1639_F_ADR_02_ASEReadCounter.table","NW_015090842.1:9480693",1,1,0
"CIDEC","s1639_F_ADR_02_ASEReadCounter.table","NW_015090842.1:9480756",2,2,0
"CIDEC","s1639_F_ADR_02_ASEReadCounter.table","NW_015090842.1:9481199",5,5,0
"CIDEC","s1639_F_ADR_02_ASEReadCounter.table","NW_015090842.1:9481604",0,1,1
"ZC3H18","s1639_F_ADR_02_ASEReadCounter.table","NW_015090842.1:9494271",15,20,5
"ZC3H18","s1639_F_ADR_02_ASEReadCounter.table","NW_015090842.1:9501427",27,54,27
"ZC3H18","s1639_F_ADR_02_ASEReadCounter.table","NW_015090842.1:9501442",21,48,27
"ZC3H18","s1639_F_ADR_02_ASEReadCounter.table","NW_015090842.1:9505538",20,43,23
"ZC3H18","s1639_F_ADR_02_ASEReadCounter.table","NW_015090842.1:9506778",23,53,30
"ZC3H18","s1639_F_ADR_02_ASEReadCounter.table","NW_015090842.1:9522538",29,56,27
"ZC3H18","s1639_F_ADR_02_ASEReadCounter.table","NW_015090842.1:9524350",19,48,29
"ZC3H18","s1639_F_ADR_02_ASEReadCounter.table","NW_015090842.1:9524366",24,54,30
"ZC3H18","s1639_F_ADR_02_ASEReadCounter.table","NW_015090842.1:9524424",24,46,22
"ZC3H18","s1639_F_ADR_02_ASEReadCounter.table","NW_015090842.1:9529649",26,54,28
"ZC3H18","s1639_F_ADR_02_ASEReadCounter.table","NW_015090842.1:9529688",19,44,25
"ZC3H18","s1639_F_ADR_02_ASEReadCounter.table","NW_015090842.1:9529691",18,42,24
"ZC3H18","s1639_F_ADR_02_ASEReadCounter.table","NW_015090842.1:9530977",38,74,36
"ZC3H18","s1639_F_ADR_02_ASEReadCounter.table","NW_015090842.1:9536699",0,34,34
"CYBA","s1639_F_ADR_02_ASEReadCounter.table","NW_015090842.1:9547281",84,134,50
"CYBA","s1639_F_ADR_02_ASEReadCounter.table","NW_015090842.1:9547402",183,373,190
"CYBA","s1639_F_ADR_02_ASEReadCounter.table","NW_015090842.1:9547553",132,347,215
"CYBA","s1639_F_ADR_02_ASEReadCounter.table","NW_015090842.1:9548052",129,258,129
"CYBA","s1639_F_ADR_02_ASEReadCounter.table","NW_015090842.1:9548436",160,315,155
"CYBA","s1639_F_ADR_02_ASEReadCounter.table","NW_015090842.1:9548442",164,324,160
"CYBA","s1639_F_ADR_02_ASEReadCounter.table","NW_015090842.1:9548478",193,354,161
"CYBA","s1639_F_ADR_02_ASEReadCounter.table","NW_015090842.1:9548487",183,334,151
"CYBA","s1639_F_ADR_02_ASEReadCounter.table","NW_015090842.1:9548490",178,323,145
"CYBA","s1639_F_ADR_02_ASEReadCounter.table","NW_015090842.1:9548717",188,326,138
"CYBA","s1639_F_ADR_02_ASEReadCounter.table","NW_015090842.1:9548750",143,284,141
"CYBA","s1639_F_ADR_02_ASEReadCounter.table","NW_015090842.1:9548766",105,215,110
"MVD","s1639_F_ADR_02_ASEReadCounter.table","NW_015090842.1:9550678",163,265,102
"MVD","s1639_F_ADR_02_ASEReadCounter.table","NW_015090842.1:9550690",179,314,135
"MVD","s1639_F_ADR_02_ASEReadCounter.table","NW_015090842.1:9550691",179,310,131
"MVD","s1639_F_ADR_02_ASEReadCounter.table","NW_015090842.1:9550699",204,355,151
"MVD","s1639_F_ADR_02_ASEReadCounter.table","NW_015090842.1:9550719",209,344,135
"MVD","s1639_F_ADR_02_ASEReadCounter.table","NW_015090842.1:9551596",315,685,370
"MVD","s1639_F_ADR_02_ASEReadCounter.table","NW_015090842.1:9551638",333,751,418
"MVD","s1639_F_ADR_02_ASEReadCounter.table","NW_015090842.1:9551899",0,26,26
"MVD","s1639_F_ADR_02_ASEReadCounter.table","NW_015090842.1:9551927",0,1,1
"MVD","s1639_F_ADR_02_ASEReadCounter.table","NW_015090842.1:9551930",0,1,1
"MVD","s1639_F_ADR_02_ASEReadCounter.table","NW_015090842.1:9551942",1,1,0
"MVD","s1639_F_ADR_02_ASEReadCounter.table","NW_015090842.1:9552193",302,619,317
"MVD","s1639_F_ADR_02_ASEReadCounter.table","NW_015090842.1:9552202",290,603,313
"MVD","s1639_F_ADR_02_ASEReadCounter.table","NW_015090842.1:9552208",291,600,309
"MVD","s1639_F_ADR_02_ASEReadCounter.table","NW_015090842.1:9552625",215,456,241
"MVD","s1639_F_ADR_02_ASEReadCounter.table","NW_015090842.1:9552629",462,463,1
"MVD","s1639_F_ADR_02_ASEReadCounter.table","NW_015090842.1:9552644",204,449,245
"MVD","s1639_F_ADR_02_ASEReadCounter.table","NW_015090842.1:9553093",218,435,217
"MVD","s1639_F_ADR_02_ASEReadCounter.table","NW_015090842.1:9553114",231,438,207
"RNF166","s1639_F_ADR_02_ASEReadCounter.table","NW_015090842.1:9557900",42,98,56
"RNF166","s1639_F_ADR_02_ASEReadCounter.table","NW_015090842.1:9558048",53,112,59
"RNF166","s1639_F_ADR_02_ASEReadCounter.table","NW_015090842.1:9558116",58,113,55
"RNF166","s1639_F_ADR_02_ASEReadCounter.table","NW_015090842.1:9558308",60,112,52
"RNF166","s1639_F_ADR_02_ASEReadCounter.table","NW_015090842.1:9558405",60,123,63
"RNF166","s1639_F_ADR_02_ASEReadCounter.table","NW_015090842.1:9558549",78,150,72
"RNF166","s1639_F_ADR_02_ASEReadCounter.table","NW_015090842.1:9558556",80,152,72
"RNF166","s1639_F_ADR_02_ASEReadCounter.table","NW_015090842.1:9558579",82,150,68
"RNF166","s1639_F_ADR_02_ASEReadCounter.table","NW_015090842.1:9558599",76,138,62
"RNF166","s1639_F_ADR_02_ASEReadCounter.table","NW_015090842.1:9558688",48,100,52
"RNF166","s1639_F_ADR_02_ASEReadCounter.table","NW_015090842.1:9558711",54,108,54
"RNF166","s1639_F_ADR_02_ASEReadCounter.table","NW_015090842.1:9558733",57,109,52
"RNF166","s1639_F_ADR_02_ASEReadCounter.table","NW_015090842.1:9558847",38,79,41
"RNF166","s1639_F_ADR_02_ASEReadCounter.table","NW_015090842.1:9559798",47,86,39
"RNF166","s1639_F_ADR_02_ASEReadCounter.table","NW_015090842.1:9560575",67,124,57
"RNF166","s1639_F_ADR_02_ASEReadCounter.table","NW_015090842.1:9561055",50,101,51
"RNF166","s1639_F_ADR_02_ASEReadCounter.table","NW_015090842.1:9562458",53,111,58
"RNF166","s1639_F_ADR_02_ASEReadCounter.table","NW_015090842.1:9562497",39,86,47
"RNF166","s1639_F_ADR_02_ASEReadCounter.table","NW_015090842.1:9562539",24,71,47
"RNF166","s1639_F_ADR_02_ASEReadCounter.table","NW_015090842.1:9564056",22,62,40
"CTU2","s1639_F_ADR_02_ASEReadCounter.table","NW_015090842.1:9565149",22,45,23
"CTU2","s1639_F_ADR_02_ASEReadCounter.table","NW_015090842.1:9565193",21,44,23
"CTU2","s1639_F_ADR_02_ASEReadCounter.table","NW_015090842.1:9565300",20,49,29
"CTU2","s1639_F_ADR_02_ASEReadCounter.table","NW_015090842.1:9565321",18,44,26
"CTU2","s1639_F_ADR_02_ASEReadCounter.table","NW_015090842.1:9565721",22,41,19
"CTU2","s1639_F_ADR_02_ASEReadCounter.table","NW_015090842.1:9565739",17,36,19
"CTU2","s1639_F_ADR_02_ASEReadCounter.table","NW_015090842.1:9565905",25,45,20
"CTU2","s1639_F_ADR_02_ASEReadCounter.table","NW_015090842.1:9566013",49,49,0
"CTU2","s1639_F_ADR_02_ASEReadCounter.table","NW_015090842.1:9566055",42,68,26
"CTU2","s1639_F_ADR_02_ASEReadCounter.table","NW_015090842.1:9566056",43,69,26
"CTU2","s1639_F_ADR_02_ASEReadCounter.table","NW_015090842.1:9566151",23,50,27
"CTU2","s1639_F_ADR_02_ASEReadCounter.table","NW_015090842.1:9566300",34,61,27
"CTU2","s1639_F_ADR_02_ASEReadCounter.table","NW_015090842.1:9566342",38,67,29
"CTU2","s1639_F_ADR_02_ASEReadCounter.table","NW_015090842.1:9566548",34,60,26
"CTU2","s1639_F_ADR_02_ASEReadCounter.table","NW_015090842.1:9566625",29,58,29
"CTU2","s1639_F_ADR_02_ASEReadCounter.table","NW_015090842.1:9566633",34,64,30
"CTU2","s1639_F_ADR_02_ASEReadCounter.table","NW_015090842.1:9566807",39,70,31
"CTU2","s1639_F_ADR_02_ASEReadCounter.table","NW_015090842.1:9567139",29,63,34
"CTU2","s1639_F_ADR_02_ASEReadCounter.table","NW_015090842.1:9567156",33,69,36
"CTU2","s1639_F_ADR_02_ASEReadCounter.table","NW_015090842.1:9567614",16,57,41
"CTU2","s1639_F_ADR_02_ASEReadCounter.table","NW_015090842.1:9567677",21,49,28
"CTU2","s1639_F_ADR_02_ASEReadCounter.table","NW_015090842.1:9567747",21,50,29
"CTU2","s1639_F_ADR_02_ASEReadCounter.table","NW_015090842.1:9567828",24,43,19
"CTU2","s1639_F_ADR_02_ASEReadCounter.table","NW_015090842.1:9567829",25,44,19
"CTU2","s1639_F_ADR_02_ASEReadCounter.table","NW_015090842.1:9567885",15,31,16
"PIEZO1","s1639_F_ADR_02_ASEReadCounter.table","NW_015090842.1:9568093",17,43,26
"PIEZO1","s1639_F_ADR_02_ASEReadCounter.table","NW_015090842.1:9568672",28,54,26
"PIEZO1","s1639_F_ADR_02_ASEReadCounter.table","NW_015090842.1:9568948",30,50,20
"PIEZO1","s1639_F_ADR_02_ASEReadCounter.table","NW_015090842.1:9568987",39,39,0
"PIEZO1","s1639_F_ADR_02_ASEReadCounter.table","NW_015090842.1:9569040",16,33,17
"PIEZO1","s1639_F_ADR_02_ASEReadCounter.table","NW_015090842.1:9569180",14,30,16
"PIEZO1","s1639_F_ADR_02_ASEReadCounter.table","NW_015090842.1:9569192",18,37,19
"PIEZO1","s1639_F_ADR_02_ASEReadCounter.table","NW_015090842.1:9570088",22,38,16
"PIEZO1","s1639_F_ADR_02_ASEReadCounter.table","NW_015090842.1:9570480",16,27,11
"PIEZO1","s1639_F_ADR_02_ASEReadCounter.table","NW_015090842.1:9570639",13,33,20
"PIEZO1","s1639_F_ADR_02_ASEReadCounter.table","NW_015090842.1:9571847",32,50,18
"PIEZO1","s1639_F_ADR_02_ASEReadCounter.table","NW_015090842.1:9572371",18,31,13
"PIEZO1","s1639_F_ADR_02_ASEReadCounter.table","NW_015090842.1:9572638",14,22,8
"PIEZO1","s1639_F_ADR_02_ASEReadCounter.table","NW_015090842.1:9573156",13,42,29
"PIEZO1","s1639_F_ADR_02_ASEReadCounter.table","NW_015090842.1:9573280",12,34,22
"PIEZO1","s1639_F_ADR_02_ASEReadCounter.table","NW_015090842.1:9573566",12,23,11
"PIEZO1","s1639_F_ADR_02_ASEReadCounter.table","NW_015090842.1:9575341",10,20,10
"PIEZO1","s1639_F_ADR_02_ASEReadCounter.table","NW_015090842.1:9575367",10,22,12
"PIEZO1","s1639_F_ADR_02_ASEReadCounter.table","NW_015090842.1:9575645",10,22,12
"PIEZO1","s1639_F_ADR_02_ASEReadCounter.table","NW_015090842.1:9575696",13,26,13
"PIEZO1","s1639_F_ADR_02_ASEReadCounter.table","NW_015090842.1:9575897",13,23,10
"PIEZO1","s1639_F_ADR_02_ASEReadCounter.table","NW_015090842.1:9576060",4,16,12
"PIEZO1","s1639_F_ADR_02_ASEReadCounter.table","NW_015090842.1:9576087",3,15,12
"PIEZO1","s1639_F_ADR_02_ASEReadCounter.table","NW_015090842.1:9576093",3,16,13
"PIEZO1","s1639_F_ADR_02_ASEReadCounter.table","NW_015090842.1:9576120",8,17,9
"PIEZO1","s1639_F_ADR_02_ASEReadCounter.table","NW_015090842.1:9576687",14,26,12
"PIEZO1","s1639_F_ADR_02_ASEReadCounter.table","NW_015090842.1:9576710",21,21,0
"PIEZO1","s1639_F_ADR_02_ASEReadCounter.table","NW_015090842.1:9576723",13,23,10
"PIEZO1","s1639_F_ADR_02_ASEReadCounter.table","NW_015090842.1:9578268",11,21,10
"PIEZO1","s1639_F_ADR_02_ASEReadCounter.table","NW_015090842.1:9578770",8,21,13
"PIEZO1","s1639_F_ADR_02_ASEReadCounter.table","NW_015090842.1:9578806",9,22,13
"PIEZO1","s1639_F_ADR_02_ASEReadCounter.table","NW_015090842.1:9579064",9,23,14
"PIEZO1","s1639_F_ADR_02_ASEReadCounter.table","NW_015090842.1:9579065",10,26,16
"PIEZO1","s1639_F_ADR_02_ASEReadCounter.table","NW_015090842.1:9579347",5,10,5
"PIEZO1","s1639_F_ADR_02_ASEReadCounter.table","NW_015090842.1:9580765",11,18,7
"PIEZO1","s1639_F_ADR_02_ASEReadCounter.table","NW_015090842.1:9580996",8,12,4
"PIEZO1","s1639_F_ADR_02_ASEReadCounter.table","NW_015090842.1:9581101",8,12,4
"PIEZO1","s1639_F_ADR_02_ASEReadCounter.table","NW_015090842.1:9581299",8,10,2
"PIEZO1","s1639_F_ADR_02_ASEReadCounter.table","NW_015090842.1:9581875",5,10,5
"PIEZO1","s1639_F_ADR_02_ASEReadCounter.table","NW_015090842.1:9582046",10,16,6
"PIEZO1","s1639_F_ADR_02_ASEReadCounter.table","NW_015090842.1:9582961",8,19,11
"PIEZO1","s1639_F_ADR_02_ASEReadCounter.table","NW_015090842.1:9583298",10,16,6
"PIEZO1","s1639_F_ADR_02_ASEReadCounter.table","NW_015090842.1:9584337",5,14,9
"PIEZO1","s1639_F_ADR_02_ASEReadCounter.table","NW_015090842.1:9584425",8,18,10
"PIEZO1","s1639_F_ADR_02_ASEReadCounter.table","NW_015090842.1:9584435",9,19,10
"PIEZO1","s1639_F_ADR_02_ASEReadCounter.table","NW_015090842.1:9584438",9,19,10
"PIEZO1","s1639_F_ADR_02_ASEReadCounter.table","NW_015090842.1:9584441",9,17,8
"CDT1","s1639_F_ADR_02_ASEReadCounter.table","NW_015090842.1:9596596",3,4,1
"CDT1","s1639_F_ADR_02_ASEReadCounter.table","NW_015090842.1:9596766",4,6,2
"CDT1","s1639_F_ADR_02_ASEReadCounter.table","NW_015090842.1:9597054",7,10,3
"CDT1","s1639_F_ADR_02_ASEReadCounter.table","NW_015090842.1:9597074",6,9,3
"CDT1","s1639_F_ADR_02_ASEReadCounter.table","NW_015090842.1:9597137",9,11,2
"CDT1","s1639_F_ADR_02_ASEReadCounter.table","NW_015090842.1:9597756",13,14,1
"CDT1","s1639_F_ADR_02_ASEReadCounter.table","NW_015090842.1:9597766",15,16,1
"CDT1","s1639_F_ADR_02_ASEReadCounter.table","NW_015090842.1:9598496",11,22,11
"CDT1","s1639_F_ADR_02_ASEReadCounter.table","NW_015090842.1:9598498",11,21,10
"CDT1","s1639_F_ADR_02_ASEReadCounter.table","NW_015090842.1:9598816",10,16,6
"CDT1","s1639_F_ADR_02_ASEReadCounter.table","NW_015090842.1:9598879",10,18,8
"CDT1","s1639_F_ADR_02_ASEReadCounter.table","NW_015090842.1:9598912",12,21,9
"CDT1","s1639_F_ADR_02_ASEReadCounter.table","NW_015090842.1:9598959",11,22,11
"CDT1","s1639_F_ADR_02_ASEReadCounter.table","NW_015090842.1:9599807",4,15,11
"CDT1","s1639_F_ADR_02_ASEReadCounter.table","NW_015090842.1:9599819",5,16,11
"CDT1","s1639_F_ADR_02_ASEReadCounter.table","NW_015090842.1:9599845",5,21,16
"CDT1","s1639_F_ADR_02_ASEReadCounter.table","NW_015090842.1:9600148",13,30,17
"CDT1","s1639_F_ADR_02_ASEReadCounter.table","NW_015090842.1:9600151",11,28,17
"CDT1","s1639_F_ADR_02_ASEReadCounter.table","NW_015090842.1:9600217",11,27,16
"CDT1","s1639_F_ADR_02_ASEReadCounter.table","NW_015090842.1:9600226",9,23,14
"CDT1","s1639_F_ADR_02_ASEReadCounter.table","NW_015090842.1:9600260",12,19,7
"CDT1","s1639_F_ADR_02_ASEReadCounter.table","NW_015090842.1:9600268",12,19,7
"CDT1","s1639_F_ADR_02_ASEReadCounter.table","NW_015090842.1:9600305",18,28,10
"CDT1","s1639_F_ADR_02_ASEReadCounter.table","NW_015090842.1:9600397",16,27,11
"CDT1","s1639_F_ADR_02_ASEReadCounter.table","NW_015090842.1:9600447",16,24,8
"CDT1","s1639_F_ADR_02_ASEReadCounter.table","NW_015090842.1:9600450",17,25,8
"CDT1","s1639_F_ADR_02_ASEReadCounter.table","NW_015090842.1:9600485",26,34,8
"CDT1","s1639_F_ADR_02_ASEReadCounter.table","NW_015090842.1:9600579",14,19,5
"APRT","s1639_F_ADR_02_ASEReadCounter.table","NW_015090842.1:9602308",20,47,27
"APRT","s1639_F_ADR_02_ASEReadCounter.table","NW_015090842.1:9602440",32,101,69
"APRT","s1639_F_ADR_02_ASEReadCounter.table","NW_015090842.1:9602449",34,107,73
"APRT","s1639_F_ADR_02_ASEReadCounter.table","NW_015090842.1:9602451",34,113,79
"APRT","s1639_F_ADR_02_ASEReadCounter.table","NW_015090842.1:9602455",32,109,77
"APRT","s1639_F_ADR_02_ASEReadCounter.table","NW_015090842.1:9602462",36,107,71
"APRT","s1639_F_ADR_02_ASEReadCounter.table","NW_015090842.1:9602507",38,138,100
"APRT","s1639_F_ADR_02_ASEReadCounter.table","NW_015090842.1:9602514",41,138,97
"APRT","s1639_F_ADR_02_ASEReadCounter.table","NW_015090842.1:9602530",36,121,85
"APRT","s1639_F_ADR_02_ASEReadCounter.table","NW_015090842.1:9602582",31,108,77
"APRT","s1639_F_ADR_02_ASEReadCounter.table","NW_015090842.1:9602583",32,108,76
"APRT","s1639_F_ADR_02_ASEReadCounter.table","NW_015090842.1:9602650",40,114,74
"APRT","s1639_F_ADR_02_ASEReadCounter.table","NW_015090842.1:9602655",39,110,71
"APRT","s1639_F_ADR_02_ASEReadCounter.table","NW_015090842.1:9602712",31,107,76
"APRT","s1639_F_ADR_02_ASEReadCounter.table","NW_015090842.1:9602764",41,134,93
"APRT","s1639_F_ADR_02_ASEReadCounter.table","NW_015090842.1:9602821",42,115,73
"APRT","s1639_F_ADR_02_ASEReadCounter.table","NW_015090842.1:9602867",41,92,51
"APRT","s1639_F_ADR_02_ASEReadCounter.table","NW_015090842.1:9602883",47,109,62
"APRT","s1639_F_ADR_02_ASEReadCounter.table","NW_015090842.1:9602886",48,114,66
"APRT","s1639_F_ADR_02_ASEReadCounter.table","NW_015090842.1:9602948",60,135,75
"APRT","s1639_F_ADR_02_ASEReadCounter.table","NW_015090842.1:9602958",57,129,72
"APRT","s1639_F_ADR_02_ASEReadCounter.table","NW_015090842.1:9603020",64,138,74
"APRT","s1639_F_ADR_02_ASEReadCounter.table","NW_015090842.1:9603025",63,135,72
"APRT","s1639_F_ADR_02_ASEReadCounter.table","NW_015090842.1:9603154",65,135,70
"APRT","s1639_F_ADR_02_ASEReadCounter.table","NW_015090842.1:9603166",69,142,73
"APRT","s1639_F_ADR_02_ASEReadCounter.table","NW_015090842.1:9603326",46,116,70
"APRT","s1639_F_ADR_02_ASEReadCounter.table","NW_015090842.1:9603419",40,106,66
"APRT","s1639_F_ADR_02_ASEReadCounter.table","NW_015090842.1:9603420",40,105,65
"APRT","s1639_F_ADR_02_ASEReadCounter.table","NW_015090842.1:9603464",40,86,46
"APRT","s1639_F_ADR_02_ASEReadCounter.table","NW_015090842.1:9603528",50,128,78
"APRT","s1639_F_ADR_02_ASEReadCounter.table","NW_015090842.1:9603607",43,112,69
"APRT","s1639_F_ADR_02_ASEReadCounter.table","NW_015090842.1:9603622",44,100,56
"APRT","s1639_F_ADR_02_ASEReadCounter.table","NW_015090842.1:9604361",37,99,62
"APRT","s1639_F_ADR_02_ASEReadCounter.table","NW_015090842.1:9605317",41,98,57
"APRT","s1639_F_ADR_02_ASEReadCounter.table","NW_015090842.1:9605336",41,105,64
"GALNS","s1639_F_ADR_02_ASEReadCounter.table","NW_015090842.1:9612872",7,14,7
"GALNS","s1639_F_ADR_02_ASEReadCounter.table","NW_015090842.1:9612873",6,14,8
"GALNS","s1639_F_ADR_02_ASEReadCounter.table","NW_015090842.1:9612877",5,10,5
"GALNS","s1639_F_ADR_02_ASEReadCounter.table","NW_015090842.1:9612942",11,31,20
"GALNS","s1639_F_ADR_02_ASEReadCounter.table","NW_015090842.1:9612987",31,31,0
"GALNS","s1639_F_ADR_02_ASEReadCounter.table","NW_015090842.1:9613064",11,37,26
"GALNS","s1639_F_ADR_02_ASEReadCounter.table","NW_015090842.1:9613096",31,61,30
"GALNS","s1639_F_ADR_02_ASEReadCounter.table","NW_015090842.1:9613123",31,57,26
"GALNS","s1639_F_ADR_02_ASEReadCounter.table","NW_015090842.1:9613125",30,51,21
"GALNS","s1639_F_ADR_02_ASEReadCounter.table","NW_015090842.1:9613193",21,45,24
"GALNS","s1639_F_ADR_02_ASEReadCounter.table","NW_015090842.1:9613226",22,45,23
"GALNS","s1639_F_ADR_02_ASEReadCounter.table","NW_015090842.1:9613249",22,54,32
"GALNS","s1639_F_ADR_02_ASEReadCounter.table","NW_015090842.1:9613256",28,59,31
"GALNS","s1639_F_ADR_02_ASEReadCounter.table","NW_015090842.1:9613317",34,61,27
"GALNS","s1639_F_ADR_02_ASEReadCounter.table","NW_015090842.1:9613343",37,62,25
"GALNS","s1639_F_ADR_02_ASEReadCounter.table","NW_015090842.1:9613344",37,63,26
"GALNS","s1639_F_ADR_02_ASEReadCounter.table","NW_015090842.1:9613371",37,72,35
"GALNS","s1639_F_ADR_02_ASEReadCounter.table","NW_015090842.1:9613378",35,68,33
"GALNS","s1639_F_ADR_02_ASEReadCounter.table","NW_015090842.1:9613379",33,67,34
"GALNS","s1639_F_ADR_02_ASEReadCounter.table","NW_015090842.1:9613516",29,70,41
"GALNS","s1639_F_ADR_02_ASEReadCounter.table","NW_015090842.1:9613572",26,53,27
"GALNS","s1639_F_ADR_02_ASEReadCounter.table","NW_015090842.1:9613597",20,45,25
"GALNS","s1639_F_ADR_02_ASEReadCounter.table","NW_015090842.1:9613627",20,40,20
"GALNS","s1639_F_ADR_02_ASEReadCounter.table","NW_015090842.1:9613640",18,42,24
"GALNS","s1639_F_ADR_02_ASEReadCounter.table","NW_015090842.1:9614025",26,47,21
"GALNS","s1639_F_ADR_02_ASEReadCounter.table","NW_015090842.1:9614169",25,41,16
"GALNS","s1639_F_ADR_02_ASEReadCounter.table","NW_015090842.1:9614232",62,62,0
"GALNS","s1639_F_ADR_02_ASEReadCounter.table","NW_015090842.1:9614667",21,38,17
"GALNS","s1639_F_ADR_02_ASEReadCounter.table","NW_015090842.1:9614709",19,38,19
"GALNS","s1639_F_ADR_02_ASEReadCounter.table","NW_015090842.1:9614880",21,35,14
"GALNS","s1639_F_ADR_02_ASEReadCounter.table","NW_015090842.1:9614902",21,38,17
"GALNS","s1639_F_ADR_02_ASEReadCounter.table","NW_015090842.1:9614960",16,32,16
"GALNS","s1639_F_ADR_02_ASEReadCounter.table","NW_015090842.1:9615114",34,53,19
"GALNS","s1639_F_ADR_02_ASEReadCounter.table","NW_015090842.1:9615199",29,51,22
"GALNS","s1639_F_ADR_02_ASEReadCounter.table","NW_015090842.1:9615217",25,46,21
"GALNS","s1639_F_ADR_02_ASEReadCounter.table","NW_015090842.1:9615277",14,30,16
"GALNS","s1639_F_ADR_02_ASEReadCounter.table","NW_015090842.1:9615377",24,44,20
"GALNS","s1639_F_ADR_02_ASEReadCounter.table","NW_015090842.1:9647858",8,23,15
"GALNS","s1639_F_ADR_02_ASEReadCounter.table","NW_015090842.1:9649186",20,35,15
"GALNS","s1639_F_ADR_02_ASEReadCounter.table","NW_015090842.1:9649237",19,30,11
"GALNS","s1639_F_ADR_02_ASEReadCounter.table","NW_015090842.1:9661193",10,27,17
"TRAPPC2L","s1639_F_ADR_02_ASEReadCounter.table","NW_015090842.1:9662951",68,133,65
"TRAPPC2L","s1639_F_ADR_02_ASEReadCounter.table","NW_015090842.1:9663014",72,140,68
"TRAPPC2L","s1639_F_ADR_02_ASEReadCounter.table","NW_015090842.1:9664305",97,98,1
"TRAPPC2L","s1639_F_ADR_02_ASEReadCounter.table","NW_015090842.1:9665155",45,100,55
"TRAPPC2L","s1639_F_ADR_02_ASEReadCounter.table","NW_015090842.1:9665211",13,32,19
"PABPN1L","s1639_F_ADR_02_ASEReadCounter.table","NW_015090842.1:9669959",1,1,0
"CBFA2T3","s1639_F_ADR_02_ASEReadCounter.table","NW_015090842.1:9709469",1,6,5
"CBFA2T3","s1639_F_ADR_02_ASEReadCounter.table","NW_015090842.1:9709475",1,7,6
"CBFA2T3","s1639_F_ADR_02_ASEReadCounter.table","NW_015090842.1:9711845",0,8,8
"CBFA2T3","s1639_F_ADR_02_ASEReadCounter.table","NW_015090842.1:9712157",0,11,11
"CBFA2T3","s1639_F_ADR_02_ASEReadCounter.table","NW_015090842.1:9712160",0,11,11
"CBFA2T3","s1639_F_ADR_02_ASEReadCounter.table","NW_015090842.1:9712166",0,11,11
"CBFA2T3","s1639_F_ADR_02_ASEReadCounter.table","NW_015090842.1:9712536",1,8,7
"CBFA2T3","s1639_F_ADR_02_ASEReadCounter.table","NW_015090842.1:9712673",1,6,5
"CBFA2T3","s1639_F_ADR_02_ASEReadCounter.table","NW_015090842.1:9712787",2,11,9
"CBFA2T3","s1639_F_ADR_02_ASEReadCounter.table","NW_015090842.1:9712791",2,8,6
"CBFA2T3","s1639_F_ADR_02_ASEReadCounter.table","NW_015090842.1:9712805",2,9,7
"CBFA2T3","s1639_F_ADR_02_ASEReadCounter.table","NW_015090842.1:9712811",3,11,8
"CBFA2T3","s1639_F_ADR_02_ASEReadCounter.table","NW_015090842.1:9712848",4,14,10
"CBFA2T3","s1639_F_ADR_02_ASEReadCounter.table","NW_015090842.1:9713088",7,16,9
"CBFA2T3","s1639_F_ADR_02_ASEReadCounter.table","NW_015090842.1:9713121",8,16,8
"CBFA2T3","s1639_F_ADR_02_ASEReadCounter.table","NW_015090842.1:9717058",11,24,13
"CBFA2T3","s1639_F_ADR_02_ASEReadCounter.table","NW_015090842.1:9717093",11,24,13
"CBFA2T3","s1639_F_ADR_02_ASEReadCounter.table","NW_015090842.1:9717114",10,21,11
"CBFA2T3","s1639_F_ADR_02_ASEReadCounter.table","NW_015090842.1:9717139",10,18,8
"CBFA2T3","s1639_F_ADR_02_ASEReadCounter.table","NW_015090842.1:9719788",3,13,10
"CBFA2T3","s1639_F_ADR_02_ASEReadCounter.table","NW_015090842.1:9728475",1,2,1
"ACSF3","s1639_F_ADR_02_ASEReadCounter.table","NW_015090842.1:9773382",1,2,1
"ACSF3","s1639_F_ADR_02_ASEReadCounter.table","NW_015090842.1:9773384",2,2,0
"ACSF3","s1639_F_ADR_02_ASEReadCounter.table","NW_015090842.1:9773388",3,7,4
"ACSF3","s1639_F_ADR_02_ASEReadCounter.table","NW_015090842.1:9776753",26,42,16
"ACSF3","s1639_F_ADR_02_ASEReadCounter.table","NW_015090842.1:9776783",31,48,17
"ACSF3","s1639_F_ADR_02_ASEReadCounter.table","NW_015090842.1:9776879",26,44,18
"ACSF3","s1639_F_ADR_02_ASEReadCounter.table","NW_015090842.1:9776965",38,57,19
"ACSF3","s1639_F_ADR_02_ASEReadCounter.table","NW_015090842.1:9777091",44,70,26
"ACSF3","s1639_F_ADR_02_ASEReadCounter.table","NW_015090842.1:9777206",36,60,24
"ACSF3","s1639_F_ADR_02_ASEReadCounter.table","NW_015090842.1:9777283",51,83,32
"ACSF3","s1639_F_ADR_02_ASEReadCounter.table","NW_015090842.1:9778955",31,73,42
"ACSF3","s1639_F_ADR_02_ASEReadCounter.table","NW_015090842.1:9778997",35,77,42
"ACSF3","s1639_F_ADR_02_ASEReadCounter.table","NW_015090842.1:9789311",29,67,38
"ACSF3","s1639_F_ADR_02_ASEReadCounter.table","NW_015090842.1:9789906",2,45,43
"ACSF3","s1639_F_ADR_02_ASEReadCounter.table","NW_015090842.1:9834743",66,109,43
"ACSF3","s1639_F_ADR_02_ASEReadCounter.table","NW_015090842.1:9834852",67,107,40
"ACSF3","s1639_F_ADR_02_ASEReadCounter.table","NW_015090842.1:9834861",64,101,37
"ACSF3","s1639_F_ADR_02_ASEReadCounter.table","NW_015090842.1:9839359",39,73,34
"ACSF3","s1639_F_ADR_02_ASEReadCounter.table","NW_015090842.1:9839378",35,74,39
"ACSF3","s1639_F_ADR_02_ASEReadCounter.table","NW_015090842.1:9839455",31,64,33
"ACSF3","s1639_F_ADR_02_ASEReadCounter.table","NW_015090842.1:9839457",34,64,30
"ACSF3","s1639_F_ADR_02_ASEReadCounter.table","NW_015090842.1:9839489",27,53,26
"ACSF3","s1639_F_ADR_02_ASEReadCounter.table","NW_015090842.1:9839500",22,43,21
"ACSF3","s1639_F_ADR_02_ASEReadCounter.table","NW_015090842.1:9839501",22,44,22
"ACSF3","s1639_F_ADR_02_ASEReadCounter.table","NW_015090842.1:9839504",24,45,21
"ACSF3","s1639_F_ADR_02_ASEReadCounter.table","NW_015090842.1:9839512",21,37,16
"ACSF3","s1639_F_ADR_02_ASEReadCounter.table","NW_015090842.1:9839527",16,31,15
"ACSF3","s1639_F_ADR_02_ASEReadCounter.table","NW_015090842.1:9839533",8,22,14
"ACSF3","s1639_F_ADR_02_ASEReadCounter.table","NW_015090842.1:9839535",8,21,13
"ACSF3","s1639_F_ADR_02_ASEReadCounter.table","NW_015090842.1:9839545",5,16,11
"ACSF3","s1639_F_ADR_02_ASEReadCounter.table","NW_015090842.1:9839550",4,15,11
"ACSF3","s1639_F_ADR_02_ASEReadCounter.table","NW_015090842.1:9839551",4,14,10
"CDH15","s1639_F_ADR_02_ASEReadCounter.table","NW_015090842.1:9848220",1,3,2
"CDH15","s1639_F_ADR_02_ASEReadCounter.table","NW_015090842.1:9848265",0,2,2
"CDH15","s1639_F_ADR_02_ASEReadCounter.table","NW_015090842.1:9848307",0,2,2
"CDH15","s1639_F_ADR_02_ASEReadCounter.table","NW_015090842.1:9848310",0,2,2
"CDH15","s1639_F_ADR_02_ASEReadCounter.table","NW_015090842.1:9848313",0,2,2
"CDH15","s1639_F_ADR_02_ASEReadCounter.table","NW_015090842.1:9848531",0,2,2
"CDH15","s1639_F_ADR_02_ASEReadCounter.table","NW_015090842.1:9848552",0,2,2
"CDH15","s1639_F_ADR_02_ASEReadCounter.table","NW_015090842.1:9848888",0,1,1
"CDH15","s1639_F_ADR_02_ASEReadCounter.table","NW_015090842.1:9848936",0,2,2
"CDH15","s1639_F_ADR_02_ASEReadCounter.table","NW_015090842.1:9849119",1,2,1
"CDH15","s1639_F_ADR_02_ASEReadCounter.table","NW_015090842.1:9849140",1,2,1
"CDH15","s1639_F_ADR_02_ASEReadCounter.table","NW_015090842.1:9849473",1,4,3
"CDH15","s1639_F_ADR_02_ASEReadCounter.table","NW_015090842.1:9850141",0,1,1
"SLC22A31","s1639_F_ADR_02_ASEReadCounter.table","NW_015090842.1:9850797",0,1,1
"SLC22A31","s1639_F_ADR_02_ASEReadCounter.table","NW_015090842.1:9850818",0,1,1
"SLC22A31","s1639_F_ADR_02_ASEReadCounter.table","NW_015090842.1:9850929",0,1,1
"SLC22A31","s1639_F_ADR_02_ASEReadCounter.table","NW_015090842.1:9850936",0,1,1
"SLC22A31","s1639_F_ADR_02_ASEReadCounter.table","NW_015090842.1:9850940",0,1,1
"SLC22A31","s1639_F_ADR_02_ASEReadCounter.table","NW_015090842.1:9850948",0,1,1
"SLC22A31","s1639_F_ADR_02_ASEReadCounter.table","NW_015090842.1:9850961",0,1,1
"SLC22A31","s1639_F_ADR_02_ASEReadCounter.table","NW_015090842.1:9851117",7,9,2
"SLC22A31","s1639_F_ADR_02_ASEReadCounter.table","NW_015090842.1:9851130",7,9,2
"SLC22A31","s1639_F_ADR_02_ASEReadCounter.table","NW_015090842.1:9851139",7,9,2
"SLC22A31","s1639_F_ADR_02_ASEReadCounter.table","NW_015090842.1:9851265",15,24,9
"SLC22A31","s1639_F_ADR_02_ASEReadCounter.table","NW_015090842.1:9851302",21,34,13
"SLC22A31","s1639_F_ADR_02_ASEReadCounter.table","NW_015090842.1:9851303",21,34,13
"SLC22A31","s1639_F_ADR_02_ASEReadCounter.table","NW_015090842.1:9851305",20,33,13
"SLC22A31","s1639_F_ADR_02_ASEReadCounter.table","NW_015090842.1:9851343",17,25,8
"SLC22A31","s1639_F_ADR_02_ASEReadCounter.table","NW_015090842.1:9851344",23,30,7
"SLC22A31","s1639_F_ADR_02_ASEReadCounter.table","NW_015090842.1:9851361",25,25,0
"SLC22A31","s1639_F_ADR_02_ASEReadCounter.table","NW_015090842.1:9851381",22,33,11
"SLC22A31","s1639_F_ADR_02_ASEReadCounter.table","NW_015090842.1:9851421",31,48,17
"SLC22A31","s1639_F_ADR_02_ASEReadCounter.table","NW_015090842.1:9851501",13,26,13
"SLC22A31","s1639_F_ADR_02_ASEReadCounter.table","NW_015090842.1:9851526",17,34,17
"SLC22A31","s1639_F_ADR_02_ASEReadCounter.table","NW_015090842.1:9851589",27,57,30
"SLC22A31","s1639_F_ADR_02_ASEReadCounter.table","NW_015090842.1:9851712",28,52,24
"SLC22A31","s1639_F_ADR_02_ASEReadCounter.table","NW_015090842.1:9851899",27,47,20
"SLC22A31","s1639_F_ADR_02_ASEReadCounter.table","NW_015090842.1:9852139",32,53,21
"SLC22A31","s1639_F_ADR_02_ASEReadCounter.table","NW_015090842.1:9852380",43,60,17
"SLC22A31","s1639_F_ADR_02_ASEReadCounter.table","NW_015090842.1:9852431",26,42,16
"SLC22A31","s1639_F_ADR_02_ASEReadCounter.table","NW_015090842.1:9852630",19,33,14
"SLC22A31","s1639_F_ADR_02_ASEReadCounter.table","NW_015090842.1:9852711",20,31,11
"SLC22A31","s1639_F_ADR_02_ASEReadCounter.table","NW_015090842.1:9853099",26,31,5
"SLC22A31","s1639_F_ADR_02_ASEReadCounter.table","NW_015090842.1:9853102",26,31,5
"SLC22A31","s1639_F_ADR_02_ASEReadCounter.table","NW_015090842.1:9853421",21,23,2
"SLC22A31","s1639_F_ADR_02_ASEReadCounter.table","NW_015090842.1:9853457",24,25,1
"SLC22A31","s1639_F_ADR_02_ASEReadCounter.table","NW_015090842.1:9853502",20,21,1
"ANKRD11","s1639_F_ADR_02_ASEReadCounter.table","NW_015090842.1:9858863",4,8,4
"ANKRD11","s1639_F_ADR_02_ASEReadCounter.table","NW_015090842.1:9859101",82,172,90
"ANKRD11","s1639_F_ADR_02_ASEReadCounter.table","NW_015090842.1:9859352",48,162,114
"ANKRD11","s1639_F_ADR_02_ASEReadCounter.table","NW_015090842.1:9859381",35,119,84
"ANKRD11","s1639_F_ADR_02_ASEReadCounter.table","NW_015090842.1:9859679",58,147,89
"ANKRD11","s1639_F_ADR_02_ASEReadCounter.table","NW_015090842.1:9861097",73,135,62
"ANKRD11","s1639_F_ADR_02_ASEReadCounter.table","NW_015090842.1:9862571",40,76,36
"ANKRD11","s1639_F_ADR_02_ASEReadCounter.table","NW_015090842.1:9862652",34,59,25
"ANKRD11","s1639_F_ADR_02_ASEReadCounter.table","NW_015090842.1:9866071",0,48,48
"ANKRD11","s1639_F_ADR_02_ASEReadCounter.table","NW_015090842.1:9866200",0,35,35
"ANKRD11","s1639_F_ADR_02_ASEReadCounter.table","NW_015090842.1:9867391",21,48,27
"ANKRD11","s1639_F_ADR_02_ASEReadCounter.table","NW_015090842.1:9867472",30,63,33
"ANKRD11","s1639_F_ADR_02_ASEReadCounter.table","NW_015090842.1:9867559",48,93,45
"ANKRD11","s1639_F_ADR_02_ASEReadCounter.table","NW_015090842.1:9867667",43,84,41
"ANKRD11","s1639_F_ADR_02_ASEReadCounter.table","NW_015090842.1:9867934",34,74,40
"ANKRD11","s1639_F_ADR_02_ASEReadCounter.table","NW_015090842.1:9868064",35,76,41
"ANKRD11","s1639_F_ADR_02_ASEReadCounter.table","NW_015090842.1:9868093",40,82,42
"ANKRD11","s1639_F_ADR_02_ASEReadCounter.table","NW_015090842.1:9868222",42,84,42
"ANKRD11","s1639_F_ADR_02_ASEReadCounter.table","NW_015090842.1:9868327",37,73,36
"ANKRD11","s1639_F_ADR_02_ASEReadCounter.table","NW_015090842.1:9868414",41,90,49
"ANKRD11","s1639_F_ADR_02_ASEReadCounter.table","NW_015090842.1:9868441",38,84,46
"ANKRD11","s1639_F_ADR_02_ASEReadCounter.table","NW_015090842.1:9868444",37,88,51
"ANKRD11","s1639_F_ADR_02_ASEReadCounter.table","NW_015090842.1:9868519",43,106,63
"ANKRD11","s1639_F_ADR_02_ASEReadCounter.table","NW_015090842.1:9868609",54,107,53
"ANKRD11","s1639_F_ADR_02_ASEReadCounter.table","NW_015090842.1:9868666",51,123,72
"ANKRD11","s1639_F_ADR_02_ASEReadCounter.table","NW_015090842.1:9868738",131,131,0
"ANKRD11","s1639_F_ADR_02_ASEReadCounter.table","NW_015090842.1:9869431",43,93,50
"ANKRD11","s1639_F_ADR_02_ASEReadCounter.table","NW_015090842.1:9869578",53,111,58
"ANKRD11","s1639_F_ADR_02_ASEReadCounter.table","NW_015090842.1:9869734",79,164,85
"ANKRD11","s1639_F_ADR_02_ASEReadCounter.table","NW_015090842.1:9870070",44,119,75
"ANKRD11","s1639_F_ADR_02_ASEReadCounter.table","NW_015090842.1:9870349",73,149,76
"ANKRD11","s1639_F_ADR_02_ASEReadCounter.table","NW_015090842.1:9870604",76,140,64
"ANKRD11","s1639_F_ADR_02_ASEReadCounter.table","NW_015090842.1:9870613",80,146,66
"ANKRD11","s1639_F_ADR_02_ASEReadCounter.table","NW_015090842.1:9870685",78,180,102
"ANKRD11","s1639_F_ADR_02_ASEReadCounter.table","NW_015090842.1:9870760",77,168,91
"ANKRD11","s1639_F_ADR_02_ASEReadCounter.table","NW_015090842.1:9870847",67,149,82
"ANKRD11","s1639_F_ADR_02_ASEReadCounter.table","NW_015090842.1:9871103",70,125,55
"ANKRD11","s1639_F_ADR_02_ASEReadCounter.table","NW_015090842.1:9871165",77,157,80
"ANKRD11","s1639_F_ADR_02_ASEReadCounter.table","NW_015090842.1:9871508",107,107,0
"ANKRD11","s1639_F_ADR_02_ASEReadCounter.table","NW_015090842.1:9871820",24,57,33
"ANKRD11","s1639_F_ADR_02_ASEReadCounter.table","NW_015090842.1:9872118",38,65,27
"ANKRD11","s1639_F_ADR_02_ASEReadCounter.table","NW_015090842.1:9877406",30,51,21
"SPG7","s1639_F_ADR_02_ASEReadCounter.table","NW_015090842.1:10051190",159,323,164
"SPG7","s1639_F_ADR_02_ASEReadCounter.table","NW_015090842.1:10051218",177,364,187
"SPG7","s1639_F_ADR_02_ASEReadCounter.table","NW_015090842.1:10052348",195,389,194
"SPG7","s1639_F_ADR_02_ASEReadCounter.table","NW_015090842.1:10052366",203,380,177
"SPG7","s1639_F_ADR_02_ASEReadCounter.table","NW_015090842.1:10065173",159,328,169
"SPG7","s1639_F_ADR_02_ASEReadCounter.table","NW_015090842.1:10065215",152,318,166
"SPG7","s1639_F_ADR_02_ASEReadCounter.table","NW_015090842.1:10066365",128,280,152
"SPG7","s1639_F_ADR_02_ASEReadCounter.table","NW_015090842.1:10069752",191,377,186
"SPG7","s1639_F_ADR_02_ASEReadCounter.table","NW_015090842.1:10069800",190,390,200
"SPG7","s1639_F_ADR_02_ASEReadCounter.table","NW_015090842.1:10071192",201,402,201
"SPG7","s1639_F_ADR_02_ASEReadCounter.table","NW_015090842.1:10071219",194,383,189
"SPG7","s1639_F_ADR_02_ASEReadCounter.table","NW_015090842.1:10071967",150,320,170
"SPG7","s1639_F_ADR_02_ASEReadCounter.table","NW_015090842.1:10075109",235,480,245
"SPG7","s1639_F_ADR_02_ASEReadCounter.table","NW_015090842.1:10075114",240,478,238
"SPG7","s1639_F_ADR_02_ASEReadCounter.table","NW_015090842.1:10075198",211,382,171
"SPG7","s1639_F_ADR_02_ASEReadCounter.table","NW_015090842.1:10075487",135,282,147
"SPG7","s1639_F_ADR_02_ASEReadCounter.table","NW_015090842.1:10075488",135,284,149
"SPG7","s1639_F_ADR_02_ASEReadCounter.table","NW_015090842.1:10075548",97,201,104
"RPL13","s1639_F_ADR_02_ASEReadCounter.table","NW_015090842.1:10077387",617,1302,685
"RPL13","s1639_F_ADR_02_ASEReadCounter.table","NW_015090842.1:10077978",967,2072,1105
"RPL13","s1639_F_ADR_02_ASEReadCounter.table","NW_015090842.1:10077992",933,1998,1065
"CPNE7","s1639_F_ADR_02_ASEReadCounter.table","NW_015090842.1:10084001",1,1,0
"CPNE7","s1639_F_ADR_02_ASEReadCounter.table","NW_015090842.1:10084856",1,2,1
"CPNE7","s1639_F_ADR_02_ASEReadCounter.table","NW_015090842.1:10084872",1,2,1
"CPNE7","s1639_F_ADR_02_ASEReadCounter.table","NW_015090842.1:10084892",2,3,1
"CPNE7","s1639_F_ADR_02_ASEReadCounter.table","NW_015090842.1:10084921",2,3,1
"CPNE7","s1639_F_ADR_02_ASEReadCounter.table","NW_015090842.1:10084935",2,3,1
"CPNE7","s1639_F_ADR_02_ASEReadCounter.table","NW_015090842.1:10091875",1,1,0
"CPNE7","s1639_F_ADR_02_ASEReadCounter.table","NW_015090842.1:10092140",1,1,0
"LOC106888185","s1639_F_ADR_02_ASEReadCounter.table","NW_015090842.1:10094965",3,6,3
"LOC106888185","s1639_F_ADR_02_ASEReadCounter.table","NW_015090842.1:10094966",2,5,3
"LOC106888185","s1639_F_ADR_02_ASEReadCounter.table","NW_015090842.1:10094985",2,5,3
"LOC106888185","s1639_F_ADR_02_ASEReadCounter.table","NW_015090842.1:10095055",0,8,8
"LOC106888185","s1639_F_ADR_02_ASEReadCounter.table","NW_015090842.1:10095062",0,7,7
"LOC106888185","s1639_F_ADR_02_ASEReadCounter.table","NW_015090842.1:10095130",2,19,17
"LOC106888185","s1639_F_ADR_02_ASEReadCounter.table","NW_015090842.1:10095265",29,74,45
"LOC106888185","s1639_F_ADR_02_ASEReadCounter.table","NW_015090842.1:10095586",44,128,84
"LOC106888185","s1639_F_ADR_02_ASEReadCounter.table","NW_015090842.1:10095593",43,123,80
"LOC106888185","s1639_F_ADR_02_ASEReadCounter.table","NW_015090842.1:10095616",44,125,81
"LOC106888185","s1639_F_ADR_02_ASEReadCounter.table","NW_015090842.1:10095662",38,94,56
"LOC106888185","s1639_F_ADR_02_ASEReadCounter.table","NW_015090842.1:10095674",34,83,49
"LOC106888185","s1639_F_ADR_02_ASEReadCounter.table","NW_015090842.1:10095786",27,81,54
"LOC106888185","s1639_F_ADR_02_ASEReadCounter.table","NW_015090842.1:10095831",35,101,66
"LOC106888185","s1639_F_ADR_02_ASEReadCounter.table","NW_015090842.1:10096230",42,101,59
"LOC106888185","s1639_F_ADR_02_ASEReadCounter.table","NW_015090842.1:10096249",55,121,66
"LOC106888185","s1639_F_ADR_02_ASEReadCounter.table","NW_015090842.1:10096272",58,141,83
"LOC106888185","s1639_F_ADR_02_ASEReadCounter.table","NW_015090842.1:10096288",56,139,83
"LOC106888185","s1639_F_ADR_02_ASEReadCounter.table","NW_015090842.1:10097248",44,128,84
"LOC106888185","s1639_F_ADR_02_ASEReadCounter.table","NW_015090842.1:10097265",46,149,103
"LOC106888185","s1639_F_ADR_02_ASEReadCounter.table","NW_015090842.1:10097446",5,37,32
"DPEP1","s1639_F_ADR_02_ASEReadCounter.table","NW_015090842.1:10098017",0,6,6
"DPEP1","s1639_F_ADR_02_ASEReadCounter.table","NW_015090842.1:10098518",0,10,10
"DPEP1","s1639_F_ADR_02_ASEReadCounter.table","NW_015090842.1:10098595",1,12,11
"DPEP1","s1639_F_ADR_02_ASEReadCounter.table","NW_015090842.1:10098597",1,13,12
"DPEP1","s1639_F_ADR_02_ASEReadCounter.table","NW_015090842.1:10098601",1,13,12
"DPEP1","s1639_F_ADR_02_ASEReadCounter.table","NW_015090842.1:10098608",1,11,10
"DPEP1","s1639_F_ADR_02_ASEReadCounter.table","NW_015090842.1:10098630",1,10,9
"DPEP1","s1639_F_ADR_02_ASEReadCounter.table","NW_015090842.1:10098659",1,10,9
"DPEP1","s1639_F_ADR_02_ASEReadCounter.table","NW_015090842.1:10099765",2,14,12
"DPEP1","s1639_F_ADR_02_ASEReadCounter.table","NW_015090842.1:10099985",1,6,5
"DPEP1","s1639_F_ADR_02_ASEReadCounter.table","NW_015090842.1:10099986",1,6,5
"DPEP1","s1639_F_ADR_02_ASEReadCounter.table","NW_015090842.1:10099991",1,7,6
"DPEP1","s1639_F_ADR_02_ASEReadCounter.table","NW_015090842.1:10100044",2,12,10
"DPEP1","s1639_F_ADR_02_ASEReadCounter.table","NW_015090842.1:10100045",2,12,10
"DPEP1","s1639_F_ADR_02_ASEReadCounter.table","NW_015090842.1:10100084",1,10,9
"DPEP1","s1639_F_ADR_02_ASEReadCounter.table","NW_015090842.1:10100295",2,17,15
"DPEP1","s1639_F_ADR_02_ASEReadCounter.table","NW_015090842.1:10100529",0,14,14
"DPEP1","s1639_F_ADR_02_ASEReadCounter.table","NW_015090842.1:10100893",2,18,16
"DPEP1","s1639_F_ADR_02_ASEReadCounter.table","NW_015090842.1:10100902",2,18,16
"DPEP1","s1639_F_ADR_02_ASEReadCounter.table","NW_015090842.1:10101072",2,13,11
"DPEP1","s1639_F_ADR_02_ASEReadCounter.table","NW_015090842.1:10101199",3,14,11
"DPEP1","s1639_F_ADR_02_ASEReadCounter.table","NW_015090842.1:10101483",3,19,16
"DPEP1","s1639_F_ADR_02_ASEReadCounter.table","NW_015090842.1:10101497",4,21,17
"DPEP1","s1639_F_ADR_02_ASEReadCounter.table","NW_015090842.1:10101525",2,21,19
"DPEP1","s1639_F_ADR_02_ASEReadCounter.table","NW_015090842.1:10101875",2,19,17
"DPEP1","s1639_F_ADR_02_ASEReadCounter.table","NW_015090842.1:10101913",2,16,14
"DPEP1","s1639_F_ADR_02_ASEReadCounter.table","NW_015090842.1:10101996",3,12,9
"DPEP1","s1639_F_ADR_02_ASEReadCounter.table","NW_015090842.1:10102014",3,11,8
"DPEP1","s1639_F_ADR_02_ASEReadCounter.table","NW_015090842.1:10102035",2,8,6
"CHMP1A","s1639_F_ADR_02_ASEReadCounter.table","NW_015090842.1:10102901",52,132,80
"CHMP1A","s1639_F_ADR_02_ASEReadCounter.table","NW_015090842.1:10102961",36,123,87
"CHMP1A","s1639_F_ADR_02_ASEReadCounter.table","NW_015090842.1:10102996",33,119,86
"CHMP1A","s1639_F_ADR_02_ASEReadCounter.table","NW_015090842.1:10103004",34,117,83
"CHMP1A","s1639_F_ADR_02_ASEReadCounter.table","NW_015090842.1:10103006",34,116,82
"CHMP1A","s1639_F_ADR_02_ASEReadCounter.table","NW_015090842.1:10103052",70,172,102
"CHMP1A","s1639_F_ADR_02_ASEReadCounter.table","NW_015090842.1:10103095",71,173,102
"CHMP1A","s1639_F_ADR_02_ASEReadCounter.table","NW_015090842.1:10103096",73,175,102
"CHMP1A","s1639_F_ADR_02_ASEReadCounter.table","NW_015090842.1:10103152",56,127,71
"CHMP1A","s1639_F_ADR_02_ASEReadCounter.table","NW_015090842.1:10103173",56,121,65
"CHMP1A","s1639_F_ADR_02_ASEReadCounter.table","NW_015090842.1:10103334",51,121,70
"CHMP1A","s1639_F_ADR_02_ASEReadCounter.table","NW_015090842.1:10103373",27,91,64
"CHMP1A","s1639_F_ADR_02_ASEReadCounter.table","NW_015090842.1:10103408",58,124,66
"CHMP1A","s1639_F_ADR_02_ASEReadCounter.table","NW_015090842.1:10103412",64,129,65
"CHMP1A","s1639_F_ADR_02_ASEReadCounter.table","NW_015090842.1:10103512",69,158,89
"CHMP1A","s1639_F_ADR_02_ASEReadCounter.table","NW_015090842.1:10103513",71,160,89
"CHMP1A","s1639_F_ADR_02_ASEReadCounter.table","NW_015090842.1:10103583",57,124,67
"CHMP1A","s1639_F_ADR_02_ASEReadCounter.table","NW_015090842.1:10103614",62,143,81
"CHMP1A","s1639_F_ADR_02_ASEReadCounter.table","NW_015090842.1:10103657",51,135,84
"CHMP1A","s1639_F_ADR_02_ASEReadCounter.table","NW_015090842.1:10103669",35,115,80
"CHMP1A","s1639_F_ADR_02_ASEReadCounter.table","NW_015090842.1:10103674",34,110,76
"CHMP1A","s1639_F_ADR_02_ASEReadCounter.table","NW_015090842.1:10103677",31,104,73
"CHMP1A","s1639_F_ADR_02_ASEReadCounter.table","NW_015090842.1:10103729",56,124,68
"CHMP1A","s1639_F_ADR_02_ASEReadCounter.table","NW_015090842.1:10103758",56,124,68
"CHMP1A","s1639_F_ADR_02_ASEReadCounter.table","NW_015090842.1:10103761",57,127,70
"CHMP1A","s1639_F_ADR_02_ASEReadCounter.table","NW_015090842.1:10103788",63,153,90
"CHMP1A","s1639_F_ADR_02_ASEReadCounter.table","NW_015090842.1:10103789",66,154,88
"CHMP1A","s1639_F_ADR_02_ASEReadCounter.table","NW_015090842.1:10103790",64,151,87
"CHMP1A","s1639_F_ADR_02_ASEReadCounter.table","NW_015090842.1:10103950",81,162,81
"CHMP1A","s1639_F_ADR_02_ASEReadCounter.table","NW_015090842.1:10104335",45,105,60
"CHMP1A","s1639_F_ADR_02_ASEReadCounter.table","NW_015090842.1:10104429",79,161,82
"CHMP1A","s1639_F_ADR_02_ASEReadCounter.table","NW_015090842.1:10104532",65,153,88
"CHMP1A","s1639_F_ADR_02_ASEReadCounter.table","NW_015090842.1:10104633",48,115,67
"CHMP1A","s1639_F_ADR_02_ASEReadCounter.table","NW_015090842.1:10104759",66,126,60
"CHMP1A","s1639_F_ADR_02_ASEReadCounter.table","NW_015090842.1:10104794",72,131,59
"CHMP1A","s1639_F_ADR_02_ASEReadCounter.table","NW_015090842.1:10104841",103,103,0
"CHMP1A","s1639_F_ADR_02_ASEReadCounter.table","NW_015090842.1:10104844",40,97,57
"CHMP1A","s1639_F_ADR_02_ASEReadCounter.table","NW_015090842.1:10106242",55,138,83
"CHMP1A","s1639_F_ADR_02_ASEReadCounter.table","NW_015090842.1:10106290",51,126,75
"CHMP1A","s1639_F_ADR_02_ASEReadCounter.table","NW_015090842.1:10106335",62,148,86
"CHMP1A","s1639_F_ADR_02_ASEReadCounter.table","NW_015090842.1:10106383",74,185,111
"CHMP1A","s1639_F_ADR_02_ASEReadCounter.table","NW_015090842.1:10106747",88,200,112
"CHMP1A","s1639_F_ADR_02_ASEReadCounter.table","NW_015090842.1:10107404",78,162,84
"CHMP1A","s1639_F_ADR_02_ASEReadCounter.table","NW_015090842.1:10107876",68,147,79
"CDK10","s1639_F_ADR_02_ASEReadCounter.table","NW_015090842.1:10109030",9,9,0
"CDK10","s1639_F_ADR_02_ASEReadCounter.table","NW_015090842.1:10109963",28,80,52
"CDK10","s1639_F_ADR_02_ASEReadCounter.table","NW_015090842.1:10110887",37,86,49
"CDK10","s1639_F_ADR_02_ASEReadCounter.table","NW_015090842.1:10111254",24,73,49
"CDK10","s1639_F_ADR_02_ASEReadCounter.table","NW_015090842.1:10111380",29,79,50
"CDK10","s1639_F_ADR_02_ASEReadCounter.table","NW_015090842.1:10111395",28,72,44
"CDK10","s1639_F_ADR_02_ASEReadCounter.table","NW_015090842.1:10111437",15,58,43
"CDK10","s1639_F_ADR_02_ASEReadCounter.table","NW_015090842.1:10111798",33,80,47
"CDK10","s1639_F_ADR_02_ASEReadCounter.table","NW_015090842.1:10111840",30,83,53
"CDK10","s1639_F_ADR_02_ASEReadCounter.table","NW_015090842.1:10112031",34,99,65
"CDK10","s1639_F_ADR_02_ASEReadCounter.table","NW_015090842.1:10112285",36,96,60
"CDK10","s1639_F_ADR_02_ASEReadCounter.table","NW_015090842.1:10112398",43,97,54
"CDK10","s1639_F_ADR_02_ASEReadCounter.table","NW_015090842.1:10112455",31,90,59
"CDK10","s1639_F_ADR_02_ASEReadCounter.table","NW_015090842.1:10112461",29,79,50
"CDK10","s1639_F_ADR_02_ASEReadCounter.table","NW_015090842.1:10112497",25,72,47
"CDK10","s1639_F_ADR_02_ASEReadCounter.table","NW_015090842.1:10112508",18,69,51
"CDK10","s1639_F_ADR_02_ASEReadCounter.table","NW_015090842.1:10112518",15,59,44
"CDK10","s1639_F_ADR_02_ASEReadCounter.table","NW_015090842.1:10112540",7,60,53
"CDK10","s1639_F_ADR_02_ASEReadCounter.table","NW_015090842.1:10112556",24,73,49
"CDK10","s1639_F_ADR_02_ASEReadCounter.table","NW_015090842.1:10112561",26,79,53
"CDK10","s1639_F_ADR_02_ASEReadCounter.table","NW_015090842.1:10112596",27,71,44
"CDK10","s1639_F_ADR_02_ASEReadCounter.table","NW_015090842.1:10112630",19,61,42
"CDK10","s1639_F_ADR_02_ASEReadCounter.table","NW_015090842.1:10112656",15,58,43
"CDK10","s1639_F_ADR_02_ASEReadCounter.table","NW_015090842.1:10112665",11,49,38
"CDK10","s1639_F_ADR_02_ASEReadCounter.table","NW_015090842.1:10112668",10,47,37
"CDK10","s1639_F_ADR_02_ASEReadCounter.table","NW_015090842.1:10112781",12,28,16
"CDK10","s1639_F_ADR_02_ASEReadCounter.table","NW_015090842.1:10112782",12,28,16
"CDK10","s1639_F_ADR_02_ASEReadCounter.table","NW_015090842.1:10112795",9,26,17
"CDK10","s1639_F_ADR_02_ASEReadCounter.table","NW_015090842.1:10112841",2,4,2
"CDK10","s1639_F_ADR_02_ASEReadCounter.table","NW_015090842.1:10112861",2,3,1
"SPATA2L","s1639_F_ADR_02_ASEReadCounter.table","NW_015090842.1:10113212",4,9,5
"SPATA2L","s1639_F_ADR_02_ASEReadCounter.table","NW_015090842.1:10113280",10,25,15
"SPATA2L","s1639_F_ADR_02_ASEReadCounter.table","NW_015090842.1:10113296",9,28,19
"SPATA2L","s1639_F_ADR_02_ASEReadCounter.table","NW_015090842.1:10113321",14,35,21
"SPATA2L","s1639_F_ADR_02_ASEReadCounter.table","NW_015090842.1:10113332",15,38,23
"SPATA2L","s1639_F_ADR_02_ASEReadCounter.table","NW_015090842.1:10113380",18,48,30
"SPATA2L","s1639_F_ADR_02_ASEReadCounter.table","NW_015090842.1:10113381",18,50,32
"SPATA2L","s1639_F_ADR_02_ASEReadCounter.table","NW_015090842.1:10113412",19,55,36
"SPATA2L","s1639_F_ADR_02_ASEReadCounter.table","NW_015090842.1:10113421",17,53,36
"SPATA2L","s1639_F_ADR_02_ASEReadCounter.table","NW_015090842.1:10113465",20,50,30
"SPATA2L","s1639_F_ADR_02_ASEReadCounter.table","NW_015090842.1:10113535",29,70,41
"SPATA2L","s1639_F_ADR_02_ASEReadCounter.table","NW_015090842.1:10113645",28,58,30
"SPATA2L","s1639_F_ADR_02_ASEReadCounter.table","NW_015090842.1:10113682",32,66,34
"SPATA2L","s1639_F_ADR_02_ASEReadCounter.table","NW_015090842.1:10113696",34,66,32
"SPATA2L","s1639_F_ADR_02_ASEReadCounter.table","NW_015090842.1:10113727",35,85,50
"SPATA2L","s1639_F_ADR_02_ASEReadCounter.table","NW_015090842.1:10113799",38,80,42
"SPATA2L","s1639_F_ADR_02_ASEReadCounter.table","NW_015090842.1:10113809",40,79,39
"SPATA2L","s1639_F_ADR_02_ASEReadCounter.table","NW_015090842.1:10113827",50,91,41
"SPATA2L","s1639_F_ADR_02_ASEReadCounter.table","NW_015090842.1:10113831",51,92,41
"SPATA2L","s1639_F_ADR_02_ASEReadCounter.table","NW_015090842.1:10113894",42,84,42
"SPATA2L","s1639_F_ADR_02_ASEReadCounter.table","NW_015090842.1:10113905",36,78,42
"SPATA2L","s1639_F_ADR_02_ASEReadCounter.table","NW_015090842.1:10113914",39,80,41
"SPATA2L","s1639_F_ADR_02_ASEReadCounter.table","NW_015090842.1:10113920",39,75,36
"SPATA2L","s1639_F_ADR_02_ASEReadCounter.table","NW_015090842.1:10113937",37,81,44
"SPATA2L","s1639_F_ADR_02_ASEReadCounter.table","NW_015090842.1:10113971",33,70,37
"SPATA2L","s1639_F_ADR_02_ASEReadCounter.table","NW_015090842.1:10113976",23,65,42
"SPATA2L","s1639_F_ADR_02_ASEReadCounter.table","NW_015090842.1:10113985",22,55,33
"SPATA2L","s1639_F_ADR_02_ASEReadCounter.table","NW_015090842.1:10113994",27,63,36
"SPATA2L","s1639_F_ADR_02_ASEReadCounter.table","NW_015090842.1:10114063",27,59,32
"SPATA2L","s1639_F_ADR_02_ASEReadCounter.table","NW_015090842.1:10114066",27,59,32
"SPATA2L","s1639_F_ADR_02_ASEReadCounter.table","NW_015090842.1:10114069",28,62,34
"SPATA2L","s1639_F_ADR_02_ASEReadCounter.table","NW_015090842.1:10114121",18,54,36
"SPATA2L","s1639_F_ADR_02_ASEReadCounter.table","NW_015090842.1:10114159",19,56,37
"SPATA2L","s1639_F_ADR_02_ASEReadCounter.table","NW_015090842.1:10114282",63,63,0
"SPATA2L","s1639_F_ADR_02_ASEReadCounter.table","NW_015090842.1:10114470",16,52,36
"SPATA2L","s1639_F_ADR_02_ASEReadCounter.table","NW_015090842.1:10114524",13,41,28
"VPS9D1","s1639_F_ADR_02_ASEReadCounter.table","NW_015090842.1:10116377",18,36,18
"VPS9D1","s1639_F_ADR_02_ASEReadCounter.table","NW_015090842.1:10116415",21,39,18
"VPS9D1","s1639_F_ADR_02_ASEReadCounter.table","NW_015090842.1:10116607",14,33,19
"VPS9D1","s1639_F_ADR_02_ASEReadCounter.table","NW_015090842.1:10116816",34,34,0
"VPS9D1","s1639_F_ADR_02_ASEReadCounter.table","NW_015090842.1:10116821",16,33,17
"VPS9D1","s1639_F_ADR_02_ASEReadCounter.table","NW_015090842.1:10116825",18,33,15
"VPS9D1","s1639_F_ADR_02_ASEReadCounter.table","NW_015090842.1:10116882",15,32,17
"VPS9D1","s1639_F_ADR_02_ASEReadCounter.table","NW_015090842.1:10116885",13,30,17
"VPS9D1","s1639_F_ADR_02_ASEReadCounter.table","NW_015090842.1:10116933",11,29,18
"VPS9D1","s1639_F_ADR_02_ASEReadCounter.table","NW_015090842.1:10116942",11,28,17
"VPS9D1","s1639_F_ADR_02_ASEReadCounter.table","NW_015090842.1:10117152",16,32,16
"VPS9D1","s1639_F_ADR_02_ASEReadCounter.table","NW_015090842.1:10117396",28,28,0
"VPS9D1","s1639_F_ADR_02_ASEReadCounter.table","NW_015090842.1:10117405",20,20,0
"VPS9D1","s1639_F_ADR_02_ASEReadCounter.table","NW_015090842.1:10117480",13,25,12
"VPS9D1","s1639_F_ADR_02_ASEReadCounter.table","NW_015090842.1:10117497",12,19,7
"VPS9D1","s1639_F_ADR_02_ASEReadCounter.table","NW_015090842.1:10117499",12,22,10
"VPS9D1","s1639_F_ADR_02_ASEReadCounter.table","NW_015090842.1:10117516",17,28,11
"VPS9D1","s1639_F_ADR_02_ASEReadCounter.table","NW_015090842.1:10117525",19,30,11
"VPS9D1","s1639_F_ADR_02_ASEReadCounter.table","NW_015090842.1:10117579",18,35,17
"VPS9D1","s1639_F_ADR_02_ASEReadCounter.table","NW_015090842.1:10117627",19,34,15
"VPS9D1","s1639_F_ADR_02_ASEReadCounter.table","NW_015090842.1:10117678",15,29,14
"VPS9D1","s1639_F_ADR_02_ASEReadCounter.table","NW_015090842.1:10117773",20,43,23
"VPS9D1","s1639_F_ADR_02_ASEReadCounter.table","NW_015090842.1:10117937",25,45,20
"VPS9D1","s1639_F_ADR_02_ASEReadCounter.table","NW_015090842.1:10117961",22,41,19
"VPS9D1","s1639_F_ADR_02_ASEReadCounter.table","NW_015090842.1:10118236",21,39,18
"VPS9D1","s1639_F_ADR_02_ASEReadCounter.table","NW_015090842.1:10118414",28,42,14
"VPS9D1","s1639_F_ADR_02_ASEReadCounter.table","NW_015090842.1:10118973",33,57,24
"VPS9D1","s1639_F_ADR_02_ASEReadCounter.table","NW_015090842.1:10119500",12,18,6
"ZNF276","s1639_F_ADR_02_ASEReadCounter.table","NW_015090842.1:10121760",5,9,4
"ZNF276","s1639_F_ADR_02_ASEReadCounter.table","NW_015090842.1:10121769",5,9,4
"ZNF276","s1639_F_ADR_02_ASEReadCounter.table","NW_015090842.1:10121802",9,14,5
"ZNF276","s1639_F_ADR_02_ASEReadCounter.table","NW_015090842.1:10121971",14,26,12
"ZNF276","s1639_F_ADR_02_ASEReadCounter.table","NW_015090842.1:10122883",13,24,11
"ZNF276","s1639_F_ADR_02_ASEReadCounter.table","NW_015090842.1:10123069",11,21,10
"ZNF276","s1639_F_ADR_02_ASEReadCounter.table","NW_015090842.1:10123207",23,35,12
"ZNF276","s1639_F_ADR_02_ASEReadCounter.table","NW_015090842.1:10125787",20,35,15
"ZNF276","s1639_F_ADR_02_ASEReadCounter.table","NW_015090842.1:10126309",22,38,16
"ZNF276","s1639_F_ADR_02_ASEReadCounter.table","NW_015090842.1:10126348",25,41,16
"ZNF276","s1639_F_ADR_02_ASEReadCounter.table","NW_015090842.1:10126978",19,45,26
"ZNF276","s1639_F_ADR_02_ASEReadCounter.table","NW_015090842.1:10126991",20,41,21
"ZNF276","s1639_F_ADR_02_ASEReadCounter.table","NW_015090842.1:10127023",27,45,18
"ZNF276","s1639_F_ADR_02_ASEReadCounter.table","NW_015090842.1:10127063",22,39,17
"ZNF276","s1639_F_ADR_02_ASEReadCounter.table","NW_015090842.1:10127373",14,30,16
"ZNF276","s1639_F_ADR_02_ASEReadCounter.table","NW_015090842.1:10127931",22,38,16
"ZNF276","s1639_F_ADR_02_ASEReadCounter.table","NW_015090842.1:10128070",28,40,12
"ZNF276","s1639_F_ADR_02_ASEReadCounter.table","NW_015090842.1:10128102",24,40,16
"ZNF276","s1639_F_ADR_02_ASEReadCounter.table","NW_015090842.1:10128356",10,27,17
"ZNF276","s1639_F_ADR_02_ASEReadCounter.table","NW_015090842.1:10128497",12,26,14
"FANCA","s1639_F_ADR_02_ASEReadCounter.table","NW_015090842.1:10128743",2,2,0
"FANCA","s1639_F_ADR_02_ASEReadCounter.table","NW_015090842.1:10128822",1,1,0
"FANCA","s1639_F_ADR_02_ASEReadCounter.table","NW_015090842.1:10129383",0,2,2
"FANCA","s1639_F_ADR_02_ASEReadCounter.table","NW_015090842.1:10129390",0,2,2
"FANCA","s1639_F_ADR_02_ASEReadCounter.table","NW_015090842.1:10129422",0,2,2
"FANCA","s1639_F_ADR_02_ASEReadCounter.table","NW_015090842.1:10129969",4,6,2
"FANCA","s1639_F_ADR_02_ASEReadCounter.table","NW_015090842.1:10130399",3,5,2
"FANCA","s1639_F_ADR_02_ASEReadCounter.table","NW_015090842.1:10130857",4,5,1
"FANCA","s1639_F_ADR_02_ASEReadCounter.table","NW_015090842.1:10130878",3,3,0
"FANCA","s1639_F_ADR_02_ASEReadCounter.table","NW_015090842.1:10133530",0,3,3
"FANCA","s1639_F_ADR_02_ASEReadCounter.table","NW_015090842.1:10133533",0,2,2
"FANCA","s1639_F_ADR_02_ASEReadCounter.table","NW_015090842.1:10133536",0,2,2
"FANCA","s1639_F_ADR_02_ASEReadCounter.table","NW_015090842.1:10133601",1,3,2
"FANCA","s1639_F_ADR_02_ASEReadCounter.table","NW_015090842.1:10134492",1,2,1
"FANCA","s1639_F_ADR_02_ASEReadCounter.table","NW_015090842.1:10134531",0,2,2
"FANCA","s1639_F_ADR_02_ASEReadCounter.table","NW_015090842.1:10136957",1,2,1
"FANCA","s1639_F_ADR_02_ASEReadCounter.table","NW_015090842.1:10136982",1,2,1
"FANCA","s1639_F_ADR_02_ASEReadCounter.table","NW_015090842.1:10136999",2,3,1
"FANCA","s1639_F_ADR_02_ASEReadCounter.table","NW_015090842.1:10137019",3,4,1
"FANCA","s1639_F_ADR_02_ASEReadCounter.table","NW_015090842.1:10137673",2,2,0
"FANCA","s1639_F_ADR_02_ASEReadCounter.table","NW_015090842.1:10139140",0,1,1
"FANCA","s1639_F_ADR_02_ASEReadCounter.table","NW_015090842.1:10140699",0,1,1
"FANCA","s1639_F_ADR_02_ASEReadCounter.table","NW_015090842.1:10141234",0,2,2
"FANCA","s1639_F_ADR_02_ASEReadCounter.table","NW_015090842.1:10145030",3,4,1
"FANCA","s1639_F_ADR_02_ASEReadCounter.table","NW_015090842.1:10150518",0,1,1
"FANCA","s1639_F_ADR_02_ASEReadCounter.table","NW_015090842.1:10152863",1,3,2
"FANCA","s1639_F_ADR_02_ASEReadCounter.table","NW_015090842.1:10154490",1,1,0
"FANCA","s1639_F_ADR_02_ASEReadCounter.table","NW_015090842.1:10158162",3,4,1
"FANCA","s1639_F_ADR_02_ASEReadCounter.table","NW_015090842.1:10158957",2,3,1
"FANCA","s1639_F_ADR_02_ASEReadCounter.table","NW_015090842.1:10160177",1,3,2
"FANCA","s1639_F_ADR_02_ASEReadCounter.table","NW_015090842.1:10162980",1,2,1
"FANCA","s1639_F_ADR_02_ASEReadCounter.table","NW_015090842.1:10163667",3,3,0
"FANCA","s1639_F_ADR_02_ASEReadCounter.table","NW_015090842.1:10164257",1,1,0
"FANCA","s1639_F_ADR_02_ASEReadCounter.table","NW_015090842.1:10165331",1,1,0
"SPIRE2","s1639_F_ADR_02_ASEReadCounter.table","NW_015090842.1:10172284",4,7,3
"SPIRE2","s1639_F_ADR_02_ASEReadCounter.table","NW_015090842.1:10175262",8,12,4
"SPIRE2","s1639_F_ADR_02_ASEReadCounter.table","NW_015090842.1:10175352",3,7,4
"SPIRE2","s1639_F_ADR_02_ASEReadCounter.table","NW_015090842.1:10175400",11,24,13
"SPIRE2","s1639_F_ADR_02_ASEReadCounter.table","NW_015090842.1:10175418",13,26,13
"SPIRE2","s1639_F_ADR_02_ASEReadCounter.table","NW_015090842.1:10175704",9,18,9
"SPIRE2","s1639_F_ADR_02_ASEReadCounter.table","NW_015090842.1:10176115",18,41,23
"SPIRE2","s1639_F_ADR_02_ASEReadCounter.table","NW_015090842.1:10176561",21,45,24
"SPIRE2","s1639_F_ADR_02_ASEReadCounter.table","NW_015090842.1:10176817",14,33,19
"SPIRE2","s1639_F_ADR_02_ASEReadCounter.table","NW_015090842.1:10177084",5,21,16
"SPIRE2","s1639_F_ADR_02_ASEReadCounter.table","NW_015090842.1:10177110",5,19,14
"SPIRE2","s1639_F_ADR_02_ASEReadCounter.table","NW_015090842.1:10177838",14,23,9
"SPIRE2","s1639_F_ADR_02_ASEReadCounter.table","NW_015090842.1:10178000",8,19,11
"SPIRE2","s1639_F_ADR_02_ASEReadCounter.table","NW_015090842.1:10178164",8,22,14
"SPIRE2","s1639_F_ADR_02_ASEReadCounter.table","NW_015090842.1:10178216",14,26,12
"SPIRE2","s1639_F_ADR_02_ASEReadCounter.table","NW_015090842.1:10178403",19,34,15
"SPIRE2","s1639_F_ADR_02_ASEReadCounter.table","NW_015090842.1:10178409",17,33,16
"SPIRE2","s1639_F_ADR_02_ASEReadCounter.table","NW_015090842.1:10178524",13,28,15
"SPIRE2","s1639_F_ADR_02_ASEReadCounter.table","NW_015090842.1:10178526",14,29,15
"SPIRE2","s1639_F_ADR_02_ASEReadCounter.table","NW_015090842.1:10178531",14,28,14
"SPIRE2","s1639_F_ADR_02_ASEReadCounter.table","NW_015090842.1:10178565",9,23,14
"SPIRE2","s1639_F_ADR_02_ASEReadCounter.table","NW_015090842.1:10178587",8,16,8
"SPIRE2","s1639_F_ADR_02_ASEReadCounter.table","NW_015090842.1:10178640",6,14,8
"SPIRE2","s1639_F_ADR_02_ASEReadCounter.table","NW_015090842.1:10178651",8,16,8
"SPIRE2","s1639_F_ADR_02_ASEReadCounter.table","NW_015090842.1:10178682",9,15,6
"TCF25","s1639_F_ADR_02_ASEReadCounter.table","NW_015090842.1:10180912",30,58,28
"TCF25","s1639_F_ADR_02_ASEReadCounter.table","NW_015090842.1:10180924",32,59,27
"TCF25","s1639_F_ADR_02_ASEReadCounter.table","NW_015090842.1:10180931",31,58,27
"TCF25","s1639_F_ADR_02_ASEReadCounter.table","NW_015090842.1:10185332",92,174,82
"TCF25","s1639_F_ADR_02_ASEReadCounter.table","NW_015090842.1:10188816",75,129,54
"MC1R","s1639_F_ADR_02_ASEReadCounter.table","NW_015090842.1:10202160",0,1,1
"DBNDD1","s1639_F_ADR_02_ASEReadCounter.table","NW_015090842.1:10223105",30,63,33
"GAS8","s1639_F_ADR_02_ASEReadCounter.table","NW_015090842.1:10228982",19,50,31
"GAS8","s1639_F_ADR_02_ASEReadCounter.table","NW_015090842.1:10229832",15,37,22
"GAS8","s1639_F_ADR_02_ASEReadCounter.table","NW_015090842.1:10232375",11,30,19
"GAS8","s1639_F_ADR_02_ASEReadCounter.table","NW_015090842.1:10232901",11,24,13
"GAS8","s1639_F_ADR_02_ASEReadCounter.table","NW_015090842.1:10232928",11,32,21
"GAS8","s1639_F_ADR_02_ASEReadCounter.table","NW_015090842.1:10232967",14,34,20
"GAS8","s1639_F_ADR_02_ASEReadCounter.table","NW_015090842.1:10233032",12,24,12
"GAS8","s1639_F_ADR_02_ASEReadCounter.table","NW_015090842.1:10233057",11,22,11
"GAS8","s1639_F_ADR_02_ASEReadCounter.table","NW_015090842.1:10233058",11,23,12
"GAS8","s1639_F_ADR_02_ASEReadCounter.table","NW_015090842.1:10233176",7,12,5
"GAS8","s1639_F_ADR_02_ASEReadCounter.table","NW_015090842.1:10233196",9,15,6
"GAS8","s1639_F_ADR_02_ASEReadCounter.table","NW_015090842.1:10233252",8,12,4
"GAS8","s1639_F_ADR_02_ASEReadCounter.table","NW_015090842.1:10233303",1,3,2
"LOC106888094","s1639_F_ADR_02_ASEReadCounter.table","NW_015090842.1:10233334",5,34,29
"LOC106888094","s1639_F_ADR_02_ASEReadCounter.table","NW_015090842.1:10233362",14,84,70
"LOC106888094","s1639_F_ADR_02_ASEReadCounter.table","NW_015090842.1:10233373",11,90,79
"LOC106888094","s1639_F_ADR_02_ASEReadCounter.table","NW_015090842.1:10233388",20,108,88
"LOC106888094","s1639_F_ADR_02_ASEReadCounter.table","NW_015090842.1:10233402",22,110,88
"LOC106888094","s1639_F_ADR_02_ASEReadCounter.table","NW_015090842.1:10233465",26,141,115
"LOC106888094","s1639_F_ADR_02_ASEReadCounter.table","NW_015090842.1:10233803",32,179,147
"LOC106888094","s1639_F_ADR_02_ASEReadCounter.table","NW_015090842.1:10233815",28,159,131
"LOC106888094","s1639_F_ADR_02_ASEReadCounter.table","NW_015090842.1:10235484",6,14,8
"LOC106888094","s1639_F_ADR_02_ASEReadCounter.table","NW_015090842.1:10235611",5,12,7
"LOC106888094","s1639_F_ADR_02_ASEReadCounter.table","NW_015090842.1:10236098",4,11,7
"LOC106888094","s1639_F_ADR_02_ASEReadCounter.table","NW_015090842.1:10236161",7,15,8
"LOC106888094","s1639_F_ADR_02_ASEReadCounter.table","NW_015090842.1:10236380",2,5,3
"LOC106888094","s1639_F_ADR_02_ASEReadCounter.table","NW_015090842.1:10236388",2,6,4
"LOC106888094","s1639_F_ADR_02_ASEReadCounter.table","NW_015090842.1:10236425",1,6,5
"LOC106888094","s1639_F_ADR_02_ASEReadCounter.table","NW_015090842.1:10236426",1,6,5
"LOC106888094","s1639_F_ADR_02_ASEReadCounter.table","NW_015090842.1:10236603",1,9,8
"LOC106888173","s1639_F_ADR_02_ASEReadCounter.table","NW_015090842.1:10239596",0,15,15
"LOC106888173","s1639_F_ADR_02_ASEReadCounter.table","NW_015090842.1:10240036",1,35,34
"LOC106888173","s1639_F_ADR_02_ASEReadCounter.table","NW_015090842.1:10240095",2,48,46
"LOC106888173","s1639_F_ADR_02_ASEReadCounter.table","NW_015090842.1:10240280",2,56,54
"LOC106888173","s1639_F_ADR_02_ASEReadCounter.table","NW_015090842.1:10240557",2,53,51
"LOC106888173","s1639_F_ADR_02_ASEReadCounter.table","NW_015090842.1:10240603",1,50,49
"LOC106888173","s1639_F_ADR_02_ASEReadCounter.table","NW_015090842.1:10240609",2,51,49
"LOC106888173","s1639_F_ADR_02_ASEReadCounter.table","NW_015090842.1:10240690",5,60,55
"LOC106888173","s1639_F_ADR_02_ASEReadCounter.table","NW_015090842.1:10240924",3,52,49
"LOC106888173","s1639_F_ADR_02_ASEReadCounter.table","NW_015090842.1:10241037",1,55,54
"LOC106888173","s1639_F_ADR_02_ASEReadCounter.table","NW_015090842.1:10241046",1,53,52
"LOC106888173","s1639_F_ADR_02_ASEReadCounter.table","NW_015090842.1:10241058",2,56,54
"LOC106888173","s1639_F_ADR_02_ASEReadCounter.table","NW_015090842.1:10241064",2,55,53
"LOC106888173","s1639_F_ADR_02_ASEReadCounter.table","NW_015090842.1:10241103",58,58,0
"LOC106888173","s1639_F_ADR_02_ASEReadCounter.table","NW_015090842.1:10241163",3,52,49
"LOC106888173","s1639_F_ADR_02_ASEReadCounter.table","NW_015090842.1:10241803",3,52,49
"LOC106888173","s1639_F_ADR_02_ASEReadCounter.table","NW_015090842.1:10241827",2,57,55
"LOC106888173","s1639_F_ADR_02_ASEReadCounter.table","NW_015090842.1:10241869",2,50,48
"LOC106888173","s1639_F_ADR_02_ASEReadCounter.table","NW_015090842.1:10242079",3,40,37
"LOC106888173","s1639_F_ADR_02_ASEReadCounter.table","NW_015090842.1:10242103",2,41,39
"LOC106888173","s1639_F_ADR_02_ASEReadCounter.table","NW_015090842.1:10242157",2,51,49
"LOC106888173","s1639_F_ADR_02_ASEReadCounter.table","NW_015090842.1:10242455",3,57,54
"LOC106888173","s1639_F_ADR_02_ASEReadCounter.table","NW_015090842.1:10242481",3,58,55
"LOC106888173","s1639_F_ADR_02_ASEReadCounter.table","NW_015090842.1:10242590",4,52,48
"LOC106888173","s1639_F_ADR_02_ASEReadCounter.table","NW_015090842.1:10242794",1,38,37
"LOC106888173","s1639_F_ADR_02_ASEReadCounter.table","NW_015090842.1:10242909",4,40,36
"LOC106888173","s1639_F_ADR_02_ASEReadCounter.table","NW_015090842.1:10243094",1,48,47
"LOC106888173","s1639_F_ADR_02_ASEReadCounter.table","NW_015090842.1:10243133",3,46,43
"LOC106888173","s1639_F_ADR_02_ASEReadCounter.table","NW_015090842.1:10243273",3,52,49
"LOC106888173","s1639_F_ADR_02_ASEReadCounter.table","NW_015090842.1:10243278",3,52,49
"LOC106888173","s1639_F_ADR_02_ASEReadCounter.table","NW_015090842.1:10243281",3,56,53
"LOC106888173","s1639_F_ADR_02_ASEReadCounter.table","NW_015090842.1:10243347",22,22,0
"LOC106888173","s1639_F_ADR_02_ASEReadCounter.table","NW_015090842.1:10243353",2,21,19
"LOC106888173","s1639_F_ADR_02_ASEReadCounter.table","NW_015090842.1:10243363",2,15,13
"LOC106888173","s1639_F_ADR_02_ASEReadCounter.table","NW_015090842.1:10243365",2,16,14
"LOC106888173","s1639_F_ADR_02_ASEReadCounter.table","NW_015090842.1:10243566",3,51,48
"LOC106888173","s1639_F_ADR_02_ASEReadCounter.table","NW_015090842.1:10243605",4,59,55
"LOC106888173","s1639_F_ADR_02_ASEReadCounter.table","NW_015090842.1:10243614",4,58,54
"LOC106888173","s1639_F_ADR_02_ASEReadCounter.table","NW_015090842.1:10243615",4,57,53
"LOC106888173","s1639_F_ADR_02_ASEReadCounter.table","NW_015090842.1:10243640",1,49,48
"LOC106888173","s1639_F_ADR_02_ASEReadCounter.table","NW_015090842.1:10243680",1,41,40
"LOC106888173","s1639_F_ADR_02_ASEReadCounter.table","NW_015090842.1:10243742",4,47,43
"LOC106888173","s1639_F_ADR_02_ASEReadCounter.table","NW_015090842.1:10243804",2,36,34
"LOC106888173","s1639_F_ADR_02_ASEReadCounter.table","NW_015090842.1:10243913",0,17,17
"LOC106888173","s1639_F_ADR_02_ASEReadCounter.table","NW_015090842.1:10243921",0,13,13
"LOC106888384","s1639_F_ADR_02_ASEReadCounter.table","NW_015090842.1:10244714",1,2,1
"LOC106888384","s1639_F_ADR_02_ASEReadCounter.table","NW_015090842.1:10244942",7,9,2
"LOC106888384","s1639_F_ADR_02_ASEReadCounter.table","NW_015090842.1:10244998",6,9,3
"LOC106888384","s1639_F_ADR_02_ASEReadCounter.table","NW_015090842.1:10250743",3,8,5
"LOC106888384","s1639_F_ADR_02_ASEReadCounter.table","NW_015090842.1:10250771",1,5,4
"LOC106888384","s1639_F_ADR_02_ASEReadCounter.table","NW_015090842.1:10251339",11,11,0
"LOC106888384","s1639_F_ADR_02_ASEReadCounter.table","NW_015090842.1:10251343",12,12,0
"LOC106888384","s1639_F_ADR_02_ASEReadCounter.table","NW_015090842.1:10251344",12,12,0
"LOC106888384","s1639_F_ADR_02_ASEReadCounter.table","NW_015090842.1:10251349",10,10,0
"LOC106888384","s1639_F_ADR_02_ASEReadCounter.table","NW_015090842.1:10251354",9,12,3
"LOC106888384","s1639_F_ADR_02_ASEReadCounter.table","NW_015090842.1:10251358",9,12,3
"LOC106888384","s1639_F_ADR_02_ASEReadCounter.table","NW_015090842.1:10251369",2,12,10
"LOC106888384","s1639_F_ADR_02_ASEReadCounter.table","NW_015090842.1:10251370",7,10,3
"LOC106888384","s1639_F_ADR_02_ASEReadCounter.table","NW_015090842.1:10251375",5,8,3
"LOC106888384","s1639_F_ADR_02_ASEReadCounter.table","NW_015090842.1:10251388",1,3,2
"LOC106888384","s1639_F_ADR_02_ASEReadCounter.table","NW_015090842.1:10251390",1,3,2
"LOC106888384","s1639_F_ADR_02_ASEReadCounter.table","NW_015090842.1:10251393",0,2,2
"LOC106888384","s1639_F_ADR_02_ASEReadCounter.table","NW_015090842.1:10251399",0,2,2
"LOC106888384","s1639_F_ADR_02_ASEReadCounter.table","NW_015090842.1:10251492",1,1,0
"LOC106888384","s1639_F_ADR_02_ASEReadCounter.table","NW_015090842.1:10253165",8,13,5
"LOC106888384","s1639_F_ADR_02_ASEReadCounter.table","NW_015090842.1:10253284",6,9,3
"LOC106888384","s1639_F_ADR_02_ASEReadCounter.table","NW_015090842.1:10254028",2,9,7
"LOC106888384","s1639_F_ADR_02_ASEReadCounter.table","NW_015090842.1:10254227",5,11,6
"LOC106888384","s1639_F_ADR_02_ASEReadCounter.table","NW_015090842.1:10254233",4,9,5
"LOC106888384","s1639_F_ADR_02_ASEReadCounter.table","NW_015090842.1:10254263",4,11,7
"LOC106888384","s1639_F_ADR_02_ASEReadCounter.table","NW_015090842.1:10254293",7,13,6
"LOC106888384","s1639_F_ADR_02_ASEReadCounter.table","NW_015090842.1:10254570",9,16,7
"LOC106888384","s1639_F_ADR_02_ASEReadCounter.table","NW_015090842.1:10254605",14,15,1
"LOC106888384","s1639_F_ADR_02_ASEReadCounter.table","NW_015090842.1:10254608",13,14,1
"LOC106888384","s1639_F_ADR_02_ASEReadCounter.table","NW_015090842.1:10254618",6,7,1
"LOC106888384","s1639_F_ADR_02_ASEReadCounter.table","NW_015090842.1:10254620",4,5,1
"LOC106888384","s1639_F_ADR_02_ASEReadCounter.table","NW_015090842.1:10254623",4,4,0
"LOC106888384","s1639_F_ADR_02_ASEReadCounter.table","NW_015090842.1:10254624",4,5,1
"LOC106888384","s1639_F_ADR_02_ASEReadCounter.table","NW_015090842.1:10254627",4,4,0
"LOC106888384","s1639_F_ADR_02_ASEReadCounter.table","NW_015090842.1:10254629",4,4,0
"LOC106888384","s1639_F_ADR_02_ASEReadCounter.table","NW_015090842.1:10254647",2,4,2
"LOC106888384","s1639_F_ADR_02_ASEReadCounter.table","NW_015090842.1:10254663",1,3,2
"LOC106888384","s1639_F_ADR_02_ASEReadCounter.table","NW_015090842.1:10254840",2,5,3
"LOC106888384","s1639_F_ADR_02_ASEReadCounter.table","NW_015090842.1:10254891",9,9,0
"LOC106888384","s1639_F_ADR_02_ASEReadCounter.table","NW_015090842.1:10254900",6,9,3
"LOC106888384","s1639_F_ADR_02_ASEReadCounter.table","NW_015090842.1:10254915",6,8,2
"LOC106888384","s1639_F_ADR_02_ASEReadCounter.table","NW_015090842.1:10254965",5,6,1
"LOC106888384","s1639_F_ADR_02_ASEReadCounter.table","NW_015090842.1:10254975",2,5,3
"LOC106888384","s1639_F_ADR_02_ASEReadCounter.table","NW_015090842.1:10255077",5,9,4
"LOC106888384","s1639_F_ADR_02_ASEReadCounter.table","NW_015090842.1:10255117",7,12,5
"LOC106888384","s1639_F_ADR_02_ASEReadCounter.table","NW_015090842.1:10255138",4,11,7
"LOC106888384","s1639_F_ADR_02_ASEReadCounter.table","NW_015090842.1:10255139",4,11,7
"LOC106888384","s1639_F_ADR_02_ASEReadCounter.table","NW_015090842.1:10255209",2,9,7
"LOC106888384","s1639_F_ADR_02_ASEReadCounter.table","NW_015090842.1:10255211",2,8,6
"LOC106888384","s1639_F_ADR_02_ASEReadCounter.table","NW_015090842.1:10255236",3,6,3
"LOC106888384","s1639_F_ADR_02_ASEReadCounter.table","NW_015090842.1:10255262",6,9,3
"LOC106888384","s1639_F_ADR_02_ASEReadCounter.table","NW_015090842.1:10255264",6,10,4
"LOC106888384","s1639_F_ADR_02_ASEReadCounter.table","NW_015090842.1:10255306",9,13,4
"LOC106888384","s1639_F_ADR_02_ASEReadCounter.table","NW_015090842.1:10255340",10,21,11
"LOC106888384","s1639_F_ADR_02_ASEReadCounter.table","NW_015090842.1:10255410",7,15,8
"LOC106888384","s1639_F_ADR_02_ASEReadCounter.table","NW_015090842.1:10255449",4,8,4
"LOC106888384","s1639_F_ADR_02_ASEReadCounter.table","NW_015090842.1:10255496",5,12,7
"LOC106888384","s1639_F_ADR_02_ASEReadCounter.table","NW_015090842.1:10255505",5,12,7
"LOC106888384","s1639_F_ADR_02_ASEReadCounter.table","NW_015090842.1:10255531",5,11,6
"LOC106888384","s1639_F_ADR_02_ASEReadCounter.table","NW_015090842.1:10255608",10,16,6
"LOC106888384","s1639_F_ADR_02_ASEReadCounter.table","NW_015090842.1:10255704",11,18,7
"LOC106888384","s1639_F_ADR_02_ASEReadCounter.table","NW_015090842.1:10255731",9,15,6
"LOC106888384","s1639_F_ADR_02_ASEReadCounter.table","NW_015090842.1:10255771",9,12,3
"TANGO6","s1639_F_ADR_02_ASEReadCounter.table","NW_015090842.1:10257782",8,15,7
"TANGO6","s1639_F_ADR_02_ASEReadCounter.table","NW_015090842.1:10258162",8,15,7
"TANGO6","s1639_F_ADR_02_ASEReadCounter.table","NW_015090842.1:10258185",7,15,8
"TANGO6","s1639_F_ADR_02_ASEReadCounter.table","NW_015090842.1:10259267",10,23,13
"TANGO6","s1639_F_ADR_02_ASEReadCounter.table","NW_015090842.1:10260250",24,46,22
"TANGO6","s1639_F_ADR_02_ASEReadCounter.table","NW_015090842.1:10260289",26,49,23
"TANGO6","s1639_F_ADR_02_ASEReadCounter.table","NW_015090842.1:10260309",24,44,20
"TANGO6","s1639_F_ADR_02_ASEReadCounter.table","NW_015090842.1:10260979",18,33,15
"TANGO6","s1639_F_ADR_02_ASEReadCounter.table","NW_015090842.1:10261599",21,36,15
"TANGO6","s1639_F_ADR_02_ASEReadCounter.table","NW_015090842.1:10268425",39,64,25
"TANGO6","s1639_F_ADR_02_ASEReadCounter.table","NW_015090842.1:10269831",33,54,21
"TANGO6","s1639_F_ADR_02_ASEReadCounter.table","NW_015090842.1:10270813",27,52,25
"TANGO6","s1639_F_ADR_02_ASEReadCounter.table","NW_015090842.1:10274018",20,39,19
"TANGO6","s1639_F_ADR_02_ASEReadCounter.table","NW_015090842.1:10275974",13,24,11
"TANGO6","s1639_F_ADR_02_ASEReadCounter.table","NW_015090842.1:10275976",15,26,11
"TANGO6","s1639_F_ADR_02_ASEReadCounter.table","NW_015090842.1:10276123",22,41,19
"TANGO6","s1639_F_ADR_02_ASEReadCounter.table","NW_015090842.1:10276271",34,55,21
"TANGO6","s1639_F_ADR_02_ASEReadCounter.table","NW_015090842.1:10276272",34,56,22
"TANGO6","s1639_F_ADR_02_ASEReadCounter.table","NW_015090842.1:10276275",33,55,22
"TANGO6","s1639_F_ADR_02_ASEReadCounter.table","NW_015090842.1:10276278",32,54,22
"TANGO6","s1639_F_ADR_02_ASEReadCounter.table","NW_015090842.1:10276368",24,42,18
"TANGO6","s1639_F_ADR_02_ASEReadCounter.table","NW_015090842.1:10276373",23,39,16
"TANGO6","s1639_F_ADR_02_ASEReadCounter.table","NW_015090842.1:10276630",20,41,21
"TANGO6","s1639_F_ADR_02_ASEReadCounter.table","NW_015090842.1:10281498",17,38,21
"TANGO6","s1639_F_ADR_02_ASEReadCounter.table","NW_015090842.1:10281516",17,39,22
"TANGO6","s1639_F_ADR_02_ASEReadCounter.table","NW_015090842.1:10282842",20,39,19
"TANGO6","s1639_F_ADR_02_ASEReadCounter.table","NW_015090842.1:10282863",15,29,14
"TANGO6","s1639_F_ADR_02_ASEReadCounter.table","NW_015090842.1:10282869",14,29,15
"TANGO6","s1639_F_ADR_02_ASEReadCounter.table","NW_015090842.1:10282903",16,30,14
"TANGO6","s1639_F_ADR_02_ASEReadCounter.table","NW_015090842.1:10283757",19,41,22
"TANGO6","s1639_F_ADR_02_ASEReadCounter.table","NW_015090842.1:10283785",19,39,20
"HAS3","s1639_F_ADR_02_ASEReadCounter.table","NW_015090842.1:10290927",3,3,0
"HAS3","s1639_F_ADR_02_ASEReadCounter.table","NW_015090842.1:10291004",1,1,0
"CHTF8","s1639_F_ADR_02_ASEReadCounter.table","NW_015090842.1:10291319",1,5,4
"CHTF8","s1639_F_ADR_02_ASEReadCounter.table","NW_015090842.1:10291491",10,14,4
"CHTF8","s1639_F_ADR_02_ASEReadCounter.table","NW_015090842.1:10291520",15,23,8
"CHTF8","s1639_F_ADR_02_ASEReadCounter.table","NW_015090842.1:10291593",10,18,8
"CHTF8","s1639_F_ADR_02_ASEReadCounter.table","NW_015090842.1:10291600",8,16,8
"CHTF8","s1639_F_ADR_02_ASEReadCounter.table","NW_015090842.1:10291609",7,15,8
"CHTF8","s1639_F_ADR_02_ASEReadCounter.table","NW_015090842.1:10291639",13,19,6
"CHTF8","s1639_F_ADR_02_ASEReadCounter.table","NW_015090842.1:10291641",12,18,6
"CHTF8","s1639_F_ADR_02_ASEReadCounter.table","NW_015090842.1:10291648",17,23,6
"CHTF8","s1639_F_ADR_02_ASEReadCounter.table","NW_015090842.1:10291656",16,23,7
"CHTF8","s1639_F_ADR_02_ASEReadCounter.table","NW_015090842.1:10291675",21,28,7
"CHTF8","s1639_F_ADR_02_ASEReadCounter.table","NW_015090842.1:10291696",19,25,6
"CHTF8","s1639_F_ADR_02_ASEReadCounter.table","NW_015090842.1:10291714",17,24,7
"CHTF8","s1639_F_ADR_02_ASEReadCounter.table","NW_015090842.1:10291732",18,23,5
"CHTF8","s1639_F_ADR_02_ASEReadCounter.table","NW_015090842.1:10291755",14,20,6
"CHTF8","s1639_F_ADR_02_ASEReadCounter.table","NW_015090842.1:10291756",14,20,6
"CHTF8","s1639_F_ADR_02_ASEReadCounter.table","NW_015090842.1:10291758",14,20,6
"CHTF8","s1639_F_ADR_02_ASEReadCounter.table","NW_015090842.1:10291792",12,17,5
"CHTF8","s1639_F_ADR_02_ASEReadCounter.table","NW_015090842.1:10291895",12,16,4
"CHTF8","s1639_F_ADR_02_ASEReadCounter.table","NW_015090842.1:10292132",8,15,7
"CHTF8","s1639_F_ADR_02_ASEReadCounter.table","NW_015090842.1:10292314",8,16,8
"CHTF8","s1639_F_ADR_02_ASEReadCounter.table","NW_015090842.1:10292317",10,18,8
"CHTF8","s1639_F_ADR_02_ASEReadCounter.table","NW_015090842.1:10292928",1,2,1
"UTP4","s1639_F_ADR_02_ASEReadCounter.table","NW_015090842.1:10293146",22,61,39
"UTP4","s1639_F_ADR_02_ASEReadCounter.table","NW_015090842.1:10293151",23,62,39
"UTP4","s1639_F_ADR_02_ASEReadCounter.table","NW_015090842.1:10293191",19,43,24
"UTP4","s1639_F_ADR_02_ASEReadCounter.table","NW_015090842.1:10293362",24,55,31
"UTP4","s1639_F_ADR_02_ASEReadCounter.table","NW_015090842.1:10293430",20,52,32
"UTP4","s1639_F_ADR_02_ASEReadCounter.table","NW_015090842.1:10293625",24,51,27
"UTP4","s1639_F_ADR_02_ASEReadCounter.table","NW_015090842.1:10293684",24,50,26
"UTP4","s1639_F_ADR_02_ASEReadCounter.table","NW_015090842.1:10294093",24,41,17
"UTP4","s1639_F_ADR_02_ASEReadCounter.table","NW_015090842.1:10294622",17,41,24
"UTP4","s1639_F_ADR_02_ASEReadCounter.table","NW_015090842.1:10294632",15,36,21
"UTP4","s1639_F_ADR_02_ASEReadCounter.table","NW_015090842.1:10295238",17,48,31
"UTP4","s1639_F_ADR_02_ASEReadCounter.table","NW_015090842.1:10295880",22,48,26
"UTP4","s1639_F_ADR_02_ASEReadCounter.table","NW_015090842.1:10295884",19,47,28
"UTP4","s1639_F_ADR_02_ASEReadCounter.table","NW_015090842.1:10295903",19,45,26
"UTP4","s1639_F_ADR_02_ASEReadCounter.table","NW_015090842.1:10295906",19,45,26
"UTP4","s1639_F_ADR_02_ASEReadCounter.table","NW_015090842.1:10295915",18,45,27
"UTP4","s1639_F_ADR_02_ASEReadCounter.table","NW_015090842.1:10295938",21,50,29
"UTP4","s1639_F_ADR_02_ASEReadCounter.table","NW_015090842.1:10296175",20,49,29
"UTP4","s1639_F_ADR_02_ASEReadCounter.table","NW_015090842.1:10296660",27,53,26
"UTP4","s1639_F_ADR_02_ASEReadCounter.table","NW_015090842.1:10296679",25,51,26
"UTP4","s1639_F_ADR_02_ASEReadCounter.table","NW_015090842.1:10297193",31,76,45
"UTP4","s1639_F_ADR_02_ASEReadCounter.table","NW_015090842.1:10297220",35,70,35
"UTP4","s1639_F_ADR_02_ASEReadCounter.table","NW_015090842.1:10297307",46,96,50
"UTP4","s1639_F_ADR_02_ASEReadCounter.table","NW_015090842.1:10297558",46,83,37
"UTP4","s1639_F_ADR_02_ASEReadCounter.table","NW_015090842.1:10297943",30,63,33
"UTP4","s1639_F_ADR_02_ASEReadCounter.table","NW_015090842.1:10297979",21,51,30
"UTP4","s1639_F_ADR_02_ASEReadCounter.table","NW_015090842.1:10298022",13,38,25
"UTP4","s1639_F_ADR_02_ASEReadCounter.table","NW_015090842.1:10298079",4,14,10
"UTP4","s1639_F_ADR_02_ASEReadCounter.table","NW_015090842.1:10298081",4,14,10
"UTP4","s1639_F_ADR_02_ASEReadCounter.table","NW_015090842.1:10298082",3,12,9
"SNTB2","s1639_F_ADR_02_ASEReadCounter.table","NW_015090842.1:10298905",0,2,2
"SNTB2","s1639_F_ADR_02_ASEReadCounter.table","NW_015090842.1:10298928",0,2,2
"SNTB2","s1639_F_ADR_02_ASEReadCounter.table","NW_015090842.1:10303506",11,26,15
"SNTB2","s1639_F_ADR_02_ASEReadCounter.table","NW_015090842.1:10303524",12,25,13
"SNTB2","s1639_F_ADR_02_ASEReadCounter.table","NW_015090842.1:10304059",15,25,10
"SNTB2","s1639_F_ADR_02_ASEReadCounter.table","NW_015090842.1:10304089",15,23,8
"SNTB2","s1639_F_ADR_02_ASEReadCounter.table","NW_015090842.1:10304167",16,25,9
"SNTB2","s1639_F_ADR_02_ASEReadCounter.table","NW_015090842.1:10304176",13,21,8
"SNTB2","s1639_F_ADR_02_ASEReadCounter.table","NW_015090842.1:10305069",16,31,15
"SNTB2","s1639_F_ADR_02_ASEReadCounter.table","NW_015090842.1:10305099",16,30,14
"SNTB2","s1639_F_ADR_02_ASEReadCounter.table","NW_015090842.1:10305171",15,27,12
"SNTB2","s1639_F_ADR_02_ASEReadCounter.table","NW_015090842.1:10305177",14,29,15
"SNTB2","s1639_F_ADR_02_ASEReadCounter.table","NW_015090842.1:10305451",11,23,12
"SNTB2","s1639_F_ADR_02_ASEReadCounter.table","NW_015090842.1:10305547",15,21,6
"SNTB2","s1639_F_ADR_02_ASEReadCounter.table","NW_015090842.1:10305847",16,23,7
"SNTB2","s1639_F_ADR_02_ASEReadCounter.table","NW_015090842.1:10306173",13,24,11
"SNTB2","s1639_F_ADR_02_ASEReadCounter.table","NW_015090842.1:10306275",16,33,17
"SNTB2","s1639_F_ADR_02_ASEReadCounter.table","NW_015090842.1:10306457",16,26,10
"SNTB2","s1639_F_ADR_02_ASEReadCounter.table","NW_015090842.1:10306496",17,29,12
"SNTB2","s1639_F_ADR_02_ASEReadCounter.table","NW_015090842.1:10306499",17,27,10
"VPS4A","s1639_F_ADR_02_ASEReadCounter.table","NW_015090842.1:10308566",112,217,105
"VPS4A","s1639_F_ADR_02_ASEReadCounter.table","NW_015090842.1:10308573",109,214,105
"VPS4A","s1639_F_ADR_02_ASEReadCounter.table","NW_015090842.1:10308856",137,292,155
"VPS4A","s1639_F_ADR_02_ASEReadCounter.table","NW_015090842.1:10309056",176,383,207
"VPS4A","s1639_F_ADR_02_ASEReadCounter.table","NW_015090842.1:10309089",217,426,209
"VPS4A","s1639_F_ADR_02_ASEReadCounter.table","NW_015090842.1:10309392",215,411,196
"VPS4A","s1639_F_ADR_02_ASEReadCounter.table","NW_015090842.1:10309413",221,421,200
"VPS4A","s1639_F_ADR_02_ASEReadCounter.table","NW_015090842.1:10309467",205,475,270
"VPS4A","s1639_F_ADR_02_ASEReadCounter.table","NW_015090842.1:10310230",200,460,260
"VPS4A","s1639_F_ADR_02_ASEReadCounter.table","NW_015090842.1:10310425",190,413,223
"VPS4A","s1639_F_ADR_02_ASEReadCounter.table","NW_015090842.1:10310639",211,461,250
"VPS4A","s1639_F_ADR_02_ASEReadCounter.table","NW_015090842.1:10310734",176,403,227
"VPS4A","s1639_F_ADR_02_ASEReadCounter.table","NW_015090842.1:10310737",181,407,226
"VPS4A","s1639_F_ADR_02_ASEReadCounter.table","NW_015090842.1:10310746",180,403,223
"VPS4A","s1639_F_ADR_02_ASEReadCounter.table","NW_015090842.1:10310767",179,403,224
"VPS4A","s1639_F_ADR_02_ASEReadCounter.table","NW_015090842.1:10310995",178,406,228
"VPS4A","s1639_F_ADR_02_ASEReadCounter.table","NW_015090842.1:10311004",177,391,214
"VPS4A","s1639_F_ADR_02_ASEReadCounter.table","NW_015090842.1:10311007",175,391,216
"VPS4A","s1639_F_ADR_02_ASEReadCounter.table","NW_015090842.1:10311013",192,400,208
"VPS4A","s1639_F_ADR_02_ASEReadCounter.table","NW_015090842.1:10311022",164,363,199
"VPS4A","s1639_F_ADR_02_ASEReadCounter.table","NW_015090842.1:10311023",163,360,197
"VPS4A","s1639_F_ADR_02_ASEReadCounter.table","NW_015090842.1:10311426",205,440,235
"VPS4A","s1639_F_ADR_02_ASEReadCounter.table","NW_015090842.1:10311489",1,12,11
"VPS4A","s1639_F_ADR_02_ASEReadCounter.table","NW_015090842.1:10311490",1,6,5
"VPS4A","s1639_F_ADR_02_ASEReadCounter.table","NW_015090842.1:10311525",12,23,11
"VPS4A","s1639_F_ADR_02_ASEReadCounter.table","NW_015090842.1:10311529",12,26,14
"VPS4A","s1639_F_ADR_02_ASEReadCounter.table","NW_015090842.1:10311530",12,26,14
"VPS4A","s1639_F_ADR_02_ASEReadCounter.table","NW_015090842.1:10311552",30,53,23
"VPS4A","s1639_F_ADR_02_ASEReadCounter.table","NW_015090842.1:10311689",24,58,34
"VPS4A","s1639_F_ADR_02_ASEReadCounter.table","NW_015090842.1:10311700",28,57,29
"VPS4A","s1639_F_ADR_02_ASEReadCounter.table","NW_015090842.1:10311701",28,58,30
"VPS4A","s1639_F_ADR_02_ASEReadCounter.table","NW_015090842.1:10311703",28,55,27
"COG8","s1639_F_ADR_02_ASEReadCounter.table","NW_015090842.1:10313487",14,36,22
"COG8","s1639_F_ADR_02_ASEReadCounter.table","NW_015090842.1:10313559",24,49,25
"COG8","s1639_F_ADR_02_ASEReadCounter.table","NW_015090842.1:10313579",28,56,28
"COG8","s1639_F_ADR_02_ASEReadCounter.table","NW_015090842.1:10313665",28,48,20
"COG8","s1639_F_ADR_02_ASEReadCounter.table","NW_015090842.1:10313681",26,48,22
"COG8","s1639_F_ADR_02_ASEReadCounter.table","NW_015090842.1:10313768",35,83,48
"COG8","s1639_F_ADR_02_ASEReadCounter.table","NW_015090842.1:10313775",31,80,49
"COG8","s1639_F_ADR_02_ASEReadCounter.table","NW_015090842.1:10313811",22,61,39
"COG8","s1639_F_ADR_02_ASEReadCounter.table","NW_015090842.1:10313858",13,32,19
"COG8","s1639_F_ADR_02_ASEReadCounter.table","NW_015090842.1:10314100",23,59,36
"COG8","s1639_F_ADR_02_ASEReadCounter.table","NW_015090842.1:10314213",22,57,35
"COG8","s1639_F_ADR_02_ASEReadCounter.table","NW_015090842.1:10315093",18,46,28
"COG8","s1639_F_ADR_02_ASEReadCounter.table","NW_015090842.1:10315162",17,52,35
"COG8","s1639_F_ADR_02_ASEReadCounter.table","NW_015090842.1:10315285",24,65,41
"COG8","s1639_F_ADR_02_ASEReadCounter.table","NW_015090842.1:10315360",20,53,33
"COG8","s1639_F_ADR_02_ASEReadCounter.table","NW_015090842.1:10315369",21,54,33
"COG8","s1639_F_ADR_02_ASEReadCounter.table","NW_015090842.1:10315504",14,40,26
"COG8","s1639_F_ADR_02_ASEReadCounter.table","NW_015090842.1:10315508",14,40,26
"COG8","s1639_F_ADR_02_ASEReadCounter.table","NW_015090842.1:10315624",23,52,29
"COG8","s1639_F_ADR_02_ASEReadCounter.table","NW_015090842.1:10315693",20,42,22
"COG8","s1639_F_ADR_02_ASEReadCounter.table","NW_015090842.1:10315698",19,43,24
"COG8","s1639_F_ADR_02_ASEReadCounter.table","NW_015090842.1:10315768",18,47,29
"COG8","s1639_F_ADR_02_ASEReadCounter.table","NW_015090842.1:10315769",18,47,29
"COG8","s1639_F_ADR_02_ASEReadCounter.table","NW_015090842.1:10315784",17,43,26
"COG8","s1639_F_ADR_02_ASEReadCounter.table","NW_015090842.1:10316093",9,31,22
"COG8","s1639_F_ADR_02_ASEReadCounter.table","NW_015090842.1:10316133",9,29,20
"NIP7","s1639_F_ADR_02_ASEReadCounter.table","NW_015090842.1:10316759",23,45,22
"NIP7","s1639_F_ADR_02_ASEReadCounter.table","NW_015090842.1:10316967",120,223,103
"NIP7","s1639_F_ADR_02_ASEReadCounter.table","NW_015090842.1:10316995",118,231,113
"NIP7","s1639_F_ADR_02_ASEReadCounter.table","NW_015090842.1:10317240",173,323,150
"NIP7","s1639_F_ADR_02_ASEReadCounter.table","NW_015090842.1:10317247",163,314,151
"NIP7","s1639_F_ADR_02_ASEReadCounter.table","NW_015090842.1:10317264",154,290,136
"NIP7","s1639_F_ADR_02_ASEReadCounter.table","NW_015090842.1:10317433",197,364,167
"NIP7","s1639_F_ADR_02_ASEReadCounter.table","NW_015090842.1:10317738",131,272,141
"NIP7","s1639_F_ADR_02_ASEReadCounter.table","NW_015090842.1:10317769",143,290,147
"NIP7","s1639_F_ADR_02_ASEReadCounter.table","NW_015090842.1:10317808",93,187,94
"NIP7","s1639_F_ADR_02_ASEReadCounter.table","NW_015090842.1:10317870",60,117,57
"NIP7","s1639_F_ADR_02_ASEReadCounter.table","NW_015090842.1:10317871",59,112,53
"NIP7","s1639_F_ADR_02_ASEReadCounter.table","NW_015090842.1:10317898",34,71,37
"NIP7","s1639_F_ADR_02_ASEReadCounter.table","NW_015090842.1:10317911",33,67,34
"TMED6","s1639_F_ADR_02_ASEReadCounter.table","NW_015090842.1:10318731",1,1,0
"TERF2","s1639_F_ADR_02_ASEReadCounter.table","NW_015090842.1:10321665",3,3,0
"TERF2","s1639_F_ADR_02_ASEReadCounter.table","NW_015090842.1:10321768",16,48,32
"TERF2","s1639_F_ADR_02_ASEReadCounter.table","NW_015090842.1:10321777",18,48,30
"TERF2","s1639_F_ADR_02_ASEReadCounter.table","NW_015090842.1:10321805",17,44,27
"TERF2","s1639_F_ADR_02_ASEReadCounter.table","NW_015090842.1:10321878",25,64,39
"TERF2","s1639_F_ADR_02_ASEReadCounter.table","NW_015090842.1:10321893",3,62,59
"TERF2","s1639_F_ADR_02_ASEReadCounter.table","NW_015090842.1:10321897",16,51,35
"TERF2","s1639_F_ADR_02_ASEReadCounter.table","NW_015090842.1:10321908",19,51,32
"TERF2","s1639_F_ADR_02_ASEReadCounter.table","NW_015090842.1:10322001",21,72,51
"TERF2","s1639_F_ADR_02_ASEReadCounter.table","NW_015090842.1:10322035",24,66,42
"TERF2","s1639_F_ADR_02_ASEReadCounter.table","NW_015090842.1:10322051",27,73,46
"TERF2","s1639_F_ADR_02_ASEReadCounter.table","NW_015090842.1:10322137",18,59,41
"TERF2","s1639_F_ADR_02_ASEReadCounter.table","NW_015090842.1:10322144",19,57,38
"TERF2","s1639_F_ADR_02_ASEReadCounter.table","NW_015090842.1:10322388",29,71,42
"TERF2","s1639_F_ADR_02_ASEReadCounter.table","NW_015090842.1:10322396",30,71,41
"TERF2","s1639_F_ADR_02_ASEReadCounter.table","NW_015090842.1:10322502",45,92,47
"TERF2","s1639_F_ADR_02_ASEReadCounter.table","NW_015090842.1:10322504",45,92,47
"TERF2","s1639_F_ADR_02_ASEReadCounter.table","NW_015090842.1:10322510",43,95,52
"TERF2","s1639_F_ADR_02_ASEReadCounter.table","NW_015090842.1:10323580",38,104,66
"TERF2","s1639_F_ADR_02_ASEReadCounter.table","NW_015090842.1:10324314",32,94,62
"TERF2","s1639_F_ADR_02_ASEReadCounter.table","NW_015090842.1:10326832",29,64,35
"TERF2","s1639_F_ADR_02_ASEReadCounter.table","NW_015090842.1:10327787",31,58,27
"TERF2","s1639_F_ADR_02_ASEReadCounter.table","NW_015090842.1:10328588",34,69,35
"TERF2","s1639_F_ADR_02_ASEReadCounter.table","NW_015090842.1:10328644",23,53,30
"TERF2","s1639_F_ADR_02_ASEReadCounter.table","NW_015090842.1:10329813",25,54,29
"TERF2","s1639_F_ADR_02_ASEReadCounter.table","NW_015090842.1:10330749",28,50,22
"TERF2","s1639_F_ADR_02_ASEReadCounter.table","NW_015090842.1:10330789",26,53,27
"CYB5B","s1639_F_ADR_02_ASEReadCounter.table","NW_015090842.1:10336595",13,29,16
"CYB5B","s1639_F_ADR_02_ASEReadCounter.table","NW_015090842.1:10336667",88,171,83
"CYB5B","s1639_F_ADR_02_ASEReadCounter.table","NW_015090842.1:10336689",126,242,116
"CYB5B","s1639_F_ADR_02_ASEReadCounter.table","NW_015090842.1:10336728",169,347,178
"CYB5B","s1639_F_ADR_02_ASEReadCounter.table","NW_015090842.1:10345068",168,339,171
"CYB5B","s1639_F_ADR_02_ASEReadCounter.table","NW_015090842.1:10348800",265,498,233
"CYB5B","s1639_F_ADR_02_ASEReadCounter.table","NW_015090842.1:10348888",236,441,205
"CYB5B","s1639_F_ADR_02_ASEReadCounter.table","NW_015090842.1:10349046",217,412,195
"CYB5B","s1639_F_ADR_02_ASEReadCounter.table","NW_015090842.1:10349119",129,329,200
"CYB5B","s1639_F_ADR_02_ASEReadCounter.table","NW_015090842.1:10349146",78,276,198
"CYB5B","s1639_F_ADR_02_ASEReadCounter.table","NW_015090842.1:10349157",126,321,195
