"gene","id","snp","ref_count","total_count","alt_count"
"CENPN","s1639_F_RAP_03_ASEReadCounter.table","NW_015090842.1:5801612",0,1,1
"CENPN","s1639_F_RAP_03_ASEReadCounter.table","NW_015090842.1:5801618",0,1,1
"CENPN","s1639_F_RAP_03_ASEReadCounter.table","NW_015090842.1:5801623",0,1,1
"CENPN","s1639_F_RAP_03_ASEReadCounter.table","NW_015090842.1:5801631",0,1,1
"CENPN","s1639_F_RAP_03_ASEReadCounter.table","NW_015090842.1:5801632",0,1,1
"CENPN","s1639_F_RAP_03_ASEReadCounter.table","NW_015090842.1:5801655",1,2,1
"CENPN","s1639_F_RAP_03_ASEReadCounter.table","NW_015090842.1:5801662",1,2,1
"CENPN","s1639_F_RAP_03_ASEReadCounter.table","NW_015090842.1:5801670",1,2,1
"CENPN","s1639_F_RAP_03_ASEReadCounter.table","NW_015090842.1:5801674",1,2,1
"CENPN","s1639_F_RAP_03_ASEReadCounter.table","NW_015090842.1:5801692",1,2,1
"CENPN","s1639_F_RAP_03_ASEReadCounter.table","NW_015090842.1:5801697",1,2,1
"CENPN","s1639_F_RAP_03_ASEReadCounter.table","NW_015090842.1:5802008",2,6,4
"CENPN","s1639_F_RAP_03_ASEReadCounter.table","NW_015090842.1:5802012",2,6,4
"CENPN","s1639_F_RAP_03_ASEReadCounter.table","NW_015090842.1:5802087",2,14,12
"CENPN","s1639_F_RAP_03_ASEReadCounter.table","NW_015090842.1:5810113",8,8,0
"CENPN","s1639_F_RAP_03_ASEReadCounter.table","NW_015090842.1:5810147",20,20,0
"CENPN","s1639_F_RAP_03_ASEReadCounter.table","NW_015090842.1:5810148",20,20,0
"ATMIN","s1639_F_RAP_03_ASEReadCounter.table","NW_015090842.1:5818789",2,4,2
"ATMIN","s1639_F_RAP_03_ASEReadCounter.table","NW_015090842.1:5819958",0,1,1
"ATMIN","s1639_F_RAP_03_ASEReadCounter.table","NW_015090842.1:5820004",1,2,1
"ATMIN","s1639_F_RAP_03_ASEReadCounter.table","NW_015090842.1:5820217",3,3,0
"ATMIN","s1639_F_RAP_03_ASEReadCounter.table","NW_015090842.1:5820250",2,2,0
"ATMIN","s1639_F_RAP_03_ASEReadCounter.table","NW_015090842.1:5820298",3,4,1
"ATMIN","s1639_F_RAP_03_ASEReadCounter.table","NW_015090842.1:5820417",1,1,0
"ATMIN","s1639_F_RAP_03_ASEReadCounter.table","NW_015090842.1:5820421",1,1,0
"ATMIN","s1639_F_RAP_03_ASEReadCounter.table","NW_015090842.1:5820673",2,2,0
"ATMIN","s1639_F_RAP_03_ASEReadCounter.table","NW_015090842.1:5820820",2,3,1
"ATMIN","s1639_F_RAP_03_ASEReadCounter.table","NW_015090842.1:5820865",2,3,1
"ATMIN","s1639_F_RAP_03_ASEReadCounter.table","NW_015090842.1:5820889",4,8,4
"ATMIN","s1639_F_RAP_03_ASEReadCounter.table","NW_015090842.1:5820891",4,8,4
"ATMIN","s1639_F_RAP_03_ASEReadCounter.table","NW_015090842.1:5820997",3,5,2
"ATMIN","s1639_F_RAP_03_ASEReadCounter.table","NW_015090842.1:5821063",4,9,5
"ATMIN","s1639_F_RAP_03_ASEReadCounter.table","NW_015090842.1:5821132",5,6,1
"ATMIN","s1639_F_RAP_03_ASEReadCounter.table","NW_015090842.1:5821645",7,12,5
"ATMIN","s1639_F_RAP_03_ASEReadCounter.table","NW_015090842.1:5825066",7,14,7
"ATMIN","s1639_F_RAP_03_ASEReadCounter.table","NW_015090842.1:5825106",9,16,7
"ATMIN","s1639_F_RAP_03_ASEReadCounter.table","NW_015090842.1:5825122",7,14,7
"ATMIN","s1639_F_RAP_03_ASEReadCounter.table","NW_015090842.1:5825178",10,14,4
"ATMIN","s1639_F_RAP_03_ASEReadCounter.table","NW_015090842.1:5825194",8,15,7
"ATMIN","s1639_F_RAP_03_ASEReadCounter.table","NW_015090842.1:5825195",8,14,6
"ATMIN","s1639_F_RAP_03_ASEReadCounter.table","NW_015090842.1:5825220",10,17,7
"ATMIN","s1639_F_RAP_03_ASEReadCounter.table","NW_015090842.1:5825240",5,11,6
"ATMIN","s1639_F_RAP_03_ASEReadCounter.table","NW_015090842.1:5825303",7,16,9
"ATMIN","s1639_F_RAP_03_ASEReadCounter.table","NW_015090842.1:5825304",7,16,9
"ATMIN","s1639_F_RAP_03_ASEReadCounter.table","NW_015090842.1:5825310",8,17,9
"ATMIN","s1639_F_RAP_03_ASEReadCounter.table","NW_015090842.1:5825406",12,20,8
"ATMIN","s1639_F_RAP_03_ASEReadCounter.table","NW_015090842.1:5825415",12,21,9
"ATMIN","s1639_F_RAP_03_ASEReadCounter.table","NW_015090842.1:5825438",10,22,12
"ATMIN","s1639_F_RAP_03_ASEReadCounter.table","NW_015090842.1:5825485",15,29,14
"ATMIN","s1639_F_RAP_03_ASEReadCounter.table","NW_015090842.1:5825524",12,25,13
"ATMIN","s1639_F_RAP_03_ASEReadCounter.table","NW_015090842.1:5825557",14,35,21
"ATMIN","s1639_F_RAP_03_ASEReadCounter.table","NW_015090842.1:5825571",16,38,22
"ATMIN","s1639_F_RAP_03_ASEReadCounter.table","NW_015090842.1:5825579",15,35,20
"ATMIN","s1639_F_RAP_03_ASEReadCounter.table","NW_015090842.1:5825590",14,32,18
"ATMIN","s1639_F_RAP_03_ASEReadCounter.table","NW_015090842.1:5825689",14,32,18
"ATMIN","s1639_F_RAP_03_ASEReadCounter.table","NW_015090842.1:5825703",22,42,20
"ATMIN","s1639_F_RAP_03_ASEReadCounter.table","NW_015090842.1:5825787",18,38,20
"ATMIN","s1639_F_RAP_03_ASEReadCounter.table","NW_015090842.1:5825833",14,36,22
"ATMIN","s1639_F_RAP_03_ASEReadCounter.table","NW_015090842.1:5825841",14,32,18
"ATMIN","s1639_F_RAP_03_ASEReadCounter.table","NW_015090842.1:5825895",20,39,19
"ATMIN","s1639_F_RAP_03_ASEReadCounter.table","NW_015090842.1:5825984",20,42,22
"ATMIN","s1639_F_RAP_03_ASEReadCounter.table","NW_015090842.1:5826162",19,41,22
"ATMIN","s1639_F_RAP_03_ASEReadCounter.table","NW_015090842.1:5826194",23,48,25
"ATMIN","s1639_F_RAP_03_ASEReadCounter.table","NW_015090842.1:5826235",25,57,32
"ATMIN","s1639_F_RAP_03_ASEReadCounter.table","NW_015090842.1:5826245",24,55,31
"ATMIN","s1639_F_RAP_03_ASEReadCounter.table","NW_015090842.1:5826335",16,34,18
"ATMIN","s1639_F_RAP_03_ASEReadCounter.table","NW_015090842.1:5826417",19,43,24
"ATMIN","s1639_F_RAP_03_ASEReadCounter.table","NW_015090842.1:5826431",16,47,31
"ATMIN","s1639_F_RAP_03_ASEReadCounter.table","NW_015090842.1:5826438",20,52,32
"ATMIN","s1639_F_RAP_03_ASEReadCounter.table","NW_015090842.1:5826463",26,59,33
"ATMIN","s1639_F_RAP_03_ASEReadCounter.table","NW_015090842.1:5826502",27,66,39
"ATMIN","s1639_F_RAP_03_ASEReadCounter.table","NW_015090842.1:5826511",28,70,42
"ATMIN","s1639_F_RAP_03_ASEReadCounter.table","NW_015090842.1:5826659",23,56,33
"ATMIN","s1639_F_RAP_03_ASEReadCounter.table","NW_015090842.1:5826701",27,74,47
"ATMIN","s1639_F_RAP_03_ASEReadCounter.table","NW_015090842.1:5826702",26,73,47
"ATMIN","s1639_F_RAP_03_ASEReadCounter.table","NW_015090842.1:5826732",29,77,48
"ATMIN","s1639_F_RAP_03_ASEReadCounter.table","NW_015090842.1:5826745",32,82,50
"ATMIN","s1639_F_RAP_03_ASEReadCounter.table","NW_015090842.1:5826835",37,95,58
"ATMIN","s1639_F_RAP_03_ASEReadCounter.table","NW_015090842.1:5826942",36,86,50
"ATMIN","s1639_F_RAP_03_ASEReadCounter.table","NW_015090842.1:5827193",67,136,69
"ATMIN","s1639_F_RAP_03_ASEReadCounter.table","NW_015090842.1:5827196",67,137,70
"ATMIN","s1639_F_RAP_03_ASEReadCounter.table","NW_015090842.1:5827269",79,145,66
"ATMIN","s1639_F_RAP_03_ASEReadCounter.table","NW_015090842.1:5827315",55,109,54
"ATMIN","s1639_F_RAP_03_ASEReadCounter.table","NW_015090842.1:5827316",55,111,56
"ATMIN","s1639_F_RAP_03_ASEReadCounter.table","NW_015090842.1:5827333",57,108,51
"PPP1R3E","s1639_F_RAP_03_ASEReadCounter.table","NW_015090842.1:5837733",1,2,1
"PPP1R3E","s1639_F_RAP_03_ASEReadCounter.table","NW_015090842.1:5837947",2,2,0
"PKD1L2","s1639_F_RAP_03_ASEReadCounter.table","NW_015090842.1:5867509",0,1,1
"PKD1L2","s1639_F_RAP_03_ASEReadCounter.table","NW_015090842.1:5867597",0,1,1
"PKD1L2","s1639_F_RAP_03_ASEReadCounter.table","NW_015090842.1:5867600",0,1,1
"PKD1L2","s1639_F_RAP_03_ASEReadCounter.table","NW_015090842.1:5867660",0,1,1
"PKD1L2","s1639_F_RAP_03_ASEReadCounter.table","NW_015090842.1:5867675",0,1,1
"PKD1L2","s1639_F_RAP_03_ASEReadCounter.table","NW_015090842.1:5872876",0,1,1
"PKD1L2","s1639_F_RAP_03_ASEReadCounter.table","NW_015090842.1:5872924",0,1,1
"PKD1L2","s1639_F_RAP_03_ASEReadCounter.table","NW_015090842.1:5872948",0,1,1
"BCO1","s1639_F_RAP_03_ASEReadCounter.table","NW_015090842.1:5915610",1,2,1
"BCO1","s1639_F_RAP_03_ASEReadCounter.table","NW_015090842.1:5915646",1,2,1
"BCO1","s1639_F_RAP_03_ASEReadCounter.table","NW_015090842.1:5917836",1,3,2
"BCO1","s1639_F_RAP_03_ASEReadCounter.table","NW_015090842.1:5917912",2,6,4
"BCO1","s1639_F_RAP_03_ASEReadCounter.table","NW_015090842.1:5917941",3,5,2
"BCO1","s1639_F_RAP_03_ASEReadCounter.table","NW_015090842.1:5917971",3,4,1
"BCO1","s1639_F_RAP_03_ASEReadCounter.table","NW_015090842.1:5921679",4,8,4
"BCO1","s1639_F_RAP_03_ASEReadCounter.table","NW_015090842.1:5921726",2,4,2
"BCO1","s1639_F_RAP_03_ASEReadCounter.table","NW_015090842.1:5925669",3,4,1
"BCO1","s1639_F_RAP_03_ASEReadCounter.table","NW_015090842.1:5926937",3,4,1
"BCO1","s1639_F_RAP_03_ASEReadCounter.table","NW_015090842.1:5927921",4,7,3
"BCO1","s1639_F_RAP_03_ASEReadCounter.table","NW_015090842.1:5927948",6,10,4
"BCO1","s1639_F_RAP_03_ASEReadCounter.table","NW_015090842.1:5927968",5,8,3
"BCO1","s1639_F_RAP_03_ASEReadCounter.table","NW_015090842.1:5928052",4,6,2
"BCO1","s1639_F_RAP_03_ASEReadCounter.table","NW_015090842.1:5932726",12,15,3
"BCO1","s1639_F_RAP_03_ASEReadCounter.table","NW_015090842.1:5932801",13,18,5
"BCO1","s1639_F_RAP_03_ASEReadCounter.table","NW_015090842.1:5934558",12,19,7
"BCO1","s1639_F_RAP_03_ASEReadCounter.table","NW_015090842.1:5934575",16,23,7
"BCO1","s1639_F_RAP_03_ASEReadCounter.table","NW_015090842.1:5934608",14,21,7
"BCO1","s1639_F_RAP_03_ASEReadCounter.table","NW_015090842.1:5934647",15,22,7
"BCO1","s1639_F_RAP_03_ASEReadCounter.table","NW_015090842.1:5934725",9,15,6
"BCO1","s1639_F_RAP_03_ASEReadCounter.table","NW_015090842.1:5934726",9,15,6
"BCO1","s1639_F_RAP_03_ASEReadCounter.table","NW_015090842.1:5934733",9,17,8
"BCO1","s1639_F_RAP_03_ASEReadCounter.table","NW_015090842.1:5934821",13,22,9
"BCO1","s1639_F_RAP_03_ASEReadCounter.table","NW_015090842.1:5934826",10,19,9
"BCO1","s1639_F_RAP_03_ASEReadCounter.table","NW_015090842.1:5934844",6,9,3
"BCO1","s1639_F_RAP_03_ASEReadCounter.table","NW_015090842.1:5934958",13,24,11
"BCO1","s1639_F_RAP_03_ASEReadCounter.table","NW_015090842.1:5934976",14,25,11
"GAN","s1639_F_RAP_03_ASEReadCounter.table","NW_015090842.1:5939249",0,2,2
"GAN","s1639_F_RAP_03_ASEReadCounter.table","NW_015090842.1:5953759",6,22,16
"GAN","s1639_F_RAP_03_ASEReadCounter.table","NW_015090842.1:5957502",11,21,10
"GAN","s1639_F_RAP_03_ASEReadCounter.table","NW_015090842.1:5957578",14,30,16
"GAN","s1639_F_RAP_03_ASEReadCounter.table","NW_015090842.1:5966047",18,48,30
"GAN","s1639_F_RAP_03_ASEReadCounter.table","NW_015090842.1:5966126",12,43,31
"GAN","s1639_F_RAP_03_ASEReadCounter.table","NW_015090842.1:5966127",13,45,32
"GAN","s1639_F_RAP_03_ASEReadCounter.table","NW_015090842.1:5966162",27,69,42
"GAN","s1639_F_RAP_03_ASEReadCounter.table","NW_015090842.1:5966483",64,125,61
"CMIP","s1639_F_RAP_03_ASEReadCounter.table","NW_015090842.1:6109159",17,20,3
"CMIP","s1639_F_RAP_03_ASEReadCounter.table","NW_015090842.1:6109166",11,14,3
"CMIP","s1639_F_RAP_03_ASEReadCounter.table","NW_015090842.1:6114641",24,32,8
"CMIP","s1639_F_RAP_03_ASEReadCounter.table","NW_015090842.1:6114751",15,32,17
"CMIP","s1639_F_RAP_03_ASEReadCounter.table","NW_015090842.1:6114824",12,29,17
"CMIP","s1639_F_RAP_03_ASEReadCounter.table","NW_015090842.1:6126295",56,57,1
"CMIP","s1639_F_RAP_03_ASEReadCounter.table","NW_015090842.1:6128998",26,63,37
"CMIP","s1639_F_RAP_03_ASEReadCounter.table","NW_015090842.1:6130562",45,131,86
"CMIP","s1639_F_RAP_03_ASEReadCounter.table","NW_015090842.1:6132522",67,141,74
"CMIP","s1639_F_RAP_03_ASEReadCounter.table","NW_015090842.1:6138265",145,399,254
"CMIP","s1639_F_RAP_03_ASEReadCounter.table","NW_015090842.1:6138300",154,400,246
"CMIP","s1639_F_RAP_03_ASEReadCounter.table","NW_015090842.1:6138342",130,347,217
"CMIP","s1639_F_RAP_03_ASEReadCounter.table","NW_015090842.1:6138343",131,345,214
"CMIP","s1639_F_RAP_03_ASEReadCounter.table","NW_015090842.1:6138345",131,339,208
"CMIP","s1639_F_RAP_03_ASEReadCounter.table","NW_015090842.1:6138647",96,219,123
"CMIP","s1639_F_RAP_03_ASEReadCounter.table","NW_015090842.1:6138745",108,243,135
"CMIP","s1639_F_RAP_03_ASEReadCounter.table","NW_015090842.1:6138832",21,94,73
"CMIP","s1639_F_RAP_03_ASEReadCounter.table","NW_015090842.1:6138967",90,213,123
"CMIP","s1639_F_RAP_03_ASEReadCounter.table","NW_015090842.1:6139131",28,86,58
"CMIP","s1639_F_RAP_03_ASEReadCounter.table","NW_015090842.1:6139163",4,65,61
"CMIP","s1639_F_RAP_03_ASEReadCounter.table","NW_015090842.1:6139212",173,180,7
"CMIP","s1639_F_RAP_03_ASEReadCounter.table","NW_015090842.1:6139360",43,70,27
"CMIP","s1639_F_RAP_03_ASEReadCounter.table","NW_015090842.1:6139572",29,46,17
"PLCG2","s1639_F_RAP_03_ASEReadCounter.table","NW_015090842.1:6179613",4,8,4
"PLCG2","s1639_F_RAP_03_ASEReadCounter.table","NW_015090842.1:6179658",7,11,4
"PLCG2","s1639_F_RAP_03_ASEReadCounter.table","NW_015090842.1:6203766",0,2,2
"PLCG2","s1639_F_RAP_03_ASEReadCounter.table","NW_015090842.1:6203775",0,2,2
"PLCG2","s1639_F_RAP_03_ASEReadCounter.table","NW_015090842.1:6203787",0,2,2
"PLCG2","s1639_F_RAP_03_ASEReadCounter.table","NW_015090842.1:6217547",1,4,3
"PLCG2","s1639_F_RAP_03_ASEReadCounter.table","NW_015090842.1:6218641",1,7,6
"PLCG2","s1639_F_RAP_03_ASEReadCounter.table","NW_015090842.1:6220552",1,4,3
"PLCG2","s1639_F_RAP_03_ASEReadCounter.table","NW_015090842.1:6221969",1,3,2
"PLCG2","s1639_F_RAP_03_ASEReadCounter.table","NW_015090842.1:6228672",1,1,0
"PLCG2","s1639_F_RAP_03_ASEReadCounter.table","NW_015090842.1:6228694",1,2,1
"PLCG2","s1639_F_RAP_03_ASEReadCounter.table","NW_015090842.1:6228722",0,2,2
"PLCG2","s1639_F_RAP_03_ASEReadCounter.table","NW_015090842.1:6228747",0,2,2
"PLCG2","s1639_F_RAP_03_ASEReadCounter.table","NW_015090842.1:6228865",0,1,1
"PLCG2","s1639_F_RAP_03_ASEReadCounter.table","NW_015090842.1:6228917",3,4,1
"PLCG2","s1639_F_RAP_03_ASEReadCounter.table","NW_015090842.1:6228926",3,4,1
"PLCG2","s1639_F_RAP_03_ASEReadCounter.table","NW_015090842.1:6228954",3,3,0
"PLCG2","s1639_F_RAP_03_ASEReadCounter.table","NW_015090842.1:6229002",2,2,0
"PLCG2","s1639_F_RAP_03_ASEReadCounter.table","NW_015090842.1:6229006",2,2,0
"PLCG2","s1639_F_RAP_03_ASEReadCounter.table","NW_015090842.1:6229081",1,1,0
"PLCG2","s1639_F_RAP_03_ASEReadCounter.table","NW_015090842.1:6229097",1,2,1
"PLCG2","s1639_F_RAP_03_ASEReadCounter.table","NW_015090842.1:6229160",0,2,2
"PLCG2","s1639_F_RAP_03_ASEReadCounter.table","NW_015090842.1:6229213",0,2,2
"PLCG2","s1639_F_RAP_03_ASEReadCounter.table","NW_015090842.1:6229231",0,2,2
"PLCG2","s1639_F_RAP_03_ASEReadCounter.table","NW_015090842.1:6229663",1,2,1
"PLCG2","s1639_F_RAP_03_ASEReadCounter.table","NW_015090842.1:6229748",5,5,0
"PLCG2","s1639_F_RAP_03_ASEReadCounter.table","NW_015090842.1:6229892",4,4,0
"PLCG2","s1639_F_RAP_03_ASEReadCounter.table","NW_015090842.1:6230248",2,2,0
"PLCG2","s1639_F_RAP_03_ASEReadCounter.table","NW_015090842.1:6230255",2,2,0
"PLCG2","s1639_F_RAP_03_ASEReadCounter.table","NW_015090842.1:6230349",5,5,0
"PLCG2","s1639_F_RAP_03_ASEReadCounter.table","NW_015090842.1:6230408",5,5,0
"PLCG2","s1639_F_RAP_03_ASEReadCounter.table","NW_015090842.1:6230439",7,8,1
"PLCG2","s1639_F_RAP_03_ASEReadCounter.table","NW_015090842.1:6230898",5,7,2
"PLCG2","s1639_F_RAP_03_ASEReadCounter.table","NW_015090842.1:6230976",4,5,1
"PLCG2","s1639_F_RAP_03_ASEReadCounter.table","NW_015090842.1:6231078",5,6,1
"PLCG2","s1639_F_RAP_03_ASEReadCounter.table","NW_015090842.1:6231138",6,7,1
"PLCG2","s1639_F_RAP_03_ASEReadCounter.table","NW_015090842.1:6231177",7,8,1
"PLCG2","s1639_F_RAP_03_ASEReadCounter.table","NW_015090842.1:6231263",10,11,1
"SDR42E1","s1639_F_RAP_03_ASEReadCounter.table","NW_015090842.1:6235292",1,11,10
"SDR42E1","s1639_F_RAP_03_ASEReadCounter.table","NW_015090842.1:6235315",4,19,15
"SDR42E1","s1639_F_RAP_03_ASEReadCounter.table","NW_015090842.1:6235348",3,23,20
"SDR42E1","s1639_F_RAP_03_ASEReadCounter.table","NW_015090842.1:6235355",3,23,20
"SDR42E1","s1639_F_RAP_03_ASEReadCounter.table","NW_015090842.1:6235417",1,15,14
"SDR42E1","s1639_F_RAP_03_ASEReadCounter.table","NW_015090842.1:6235558",4,19,15
"SDR42E1","s1639_F_RAP_03_ASEReadCounter.table","NW_015090842.1:6235741",10,23,13
"SDR42E1","s1639_F_RAP_03_ASEReadCounter.table","NW_015090842.1:6235777",12,19,7
"SDR42E1","s1639_F_RAP_03_ASEReadCounter.table","NW_015090842.1:6235806",11,24,13
"SDR42E1","s1639_F_RAP_03_ASEReadCounter.table","NW_015090842.1:6235809",11,24,13
"SDR42E1","s1639_F_RAP_03_ASEReadCounter.table","NW_015090842.1:6235816",9,22,13
"SDR42E1","s1639_F_RAP_03_ASEReadCounter.table","NW_015090842.1:6235914",6,11,5
"SDR42E1","s1639_F_RAP_03_ASEReadCounter.table","NW_015090842.1:6235935",4,10,6
"SDR42E1","s1639_F_RAP_03_ASEReadCounter.table","NW_015090842.1:6235957",3,9,6
"SDR42E1","s1639_F_RAP_03_ASEReadCounter.table","NW_015090842.1:6236040",6,9,3
"SDR42E1","s1639_F_RAP_03_ASEReadCounter.table","NW_015090842.1:6236260",3,5,2
"SDR42E1","s1639_F_RAP_03_ASEReadCounter.table","NW_015090842.1:6236281",3,6,3
"SDR42E1","s1639_F_RAP_03_ASEReadCounter.table","NW_015090842.1:6236305",3,6,3
"SDR42E1","s1639_F_RAP_03_ASEReadCounter.table","NW_015090842.1:6236458",5,6,1
"SDR42E1","s1639_F_RAP_03_ASEReadCounter.table","NW_015090842.1:6236476",5,6,1
"SDR42E1","s1639_F_RAP_03_ASEReadCounter.table","NW_015090842.1:6236608",7,11,4
"SDR42E1","s1639_F_RAP_03_ASEReadCounter.table","NW_015090842.1:6238244",1,4,3
"SDR42E1","s1639_F_RAP_03_ASEReadCounter.table","NW_015090842.1:6238829",1,2,1
"HSD17B2","s1639_F_RAP_03_ASEReadCounter.table","NW_015090842.1:6257711",0,1,1
"HSD17B2","s1639_F_RAP_03_ASEReadCounter.table","NW_015090842.1:6266795",0,1,1
"HSD17B2","s1639_F_RAP_03_ASEReadCounter.table","NW_015090842.1:6266944",0,1,1
"HSD17B2","s1639_F_RAP_03_ASEReadCounter.table","NW_015090842.1:6267053",0,1,1
"HSD17B2","s1639_F_RAP_03_ASEReadCounter.table","NW_015090842.1:6267196",0,2,2
"HSD17B2","s1639_F_RAP_03_ASEReadCounter.table","NW_015090842.1:6267273",0,2,2
"HSD17B2","s1639_F_RAP_03_ASEReadCounter.table","NW_015090842.1:6267674",0,1,1
"HSD17B2","s1639_F_RAP_03_ASEReadCounter.table","NW_015090842.1:6267913",0,1,1
"HSD17B2","s1639_F_RAP_03_ASEReadCounter.table","NW_015090842.1:6268098",0,1,1
"HSD17B2","s1639_F_RAP_03_ASEReadCounter.table","NW_015090842.1:6268203",0,1,1
"ARY2","s1639_F_RAP_03_ASEReadCounter.table","NW_015090842.1:6303922",14,20,6
"ARY2","s1639_F_RAP_03_ASEReadCounter.table","NW_015090842.1:6303954",13,21,8
"ARY2","s1639_F_RAP_03_ASEReadCounter.table","NW_015090842.1:6303979",13,19,6
"ARY2","s1639_F_RAP_03_ASEReadCounter.table","NW_015090842.1:6305848",15,19,4
"ARY2","s1639_F_RAP_03_ASEReadCounter.table","NW_015090842.1:6305856",16,20,4
"ARY2","s1639_F_RAP_03_ASEReadCounter.table","NW_015090842.1:6305857",16,20,4
"ARY2","s1639_F_RAP_03_ASEReadCounter.table","NW_015090842.1:6306017",17,24,7
"ARY2","s1639_F_RAP_03_ASEReadCounter.table","NW_015090842.1:6306052",12,17,5
"ARY2","s1639_F_RAP_03_ASEReadCounter.table","NW_015090842.1:6306094",14,23,9
"ARY2","s1639_F_RAP_03_ASEReadCounter.table","NW_015090842.1:6306100",15,24,9
"ARY2","s1639_F_RAP_03_ASEReadCounter.table","NW_015090842.1:6306146",14,24,10
"ARY2","s1639_F_RAP_03_ASEReadCounter.table","NW_015090842.1:6306147",15,24,9
"ARY2","s1639_F_RAP_03_ASEReadCounter.table","NW_015090842.1:6306390",20,37,17
"ARY2","s1639_F_RAP_03_ASEReadCounter.table","NW_015090842.1:6306567",20,29,9
"ARY2","s1639_F_RAP_03_ASEReadCounter.table","NW_015090842.1:6306705",18,22,4
"ARY2","s1639_F_RAP_03_ASEReadCounter.table","NW_015090842.1:6306773",24,30,6
"ARY2","s1639_F_RAP_03_ASEReadCounter.table","NW_015090842.1:6307039",28,34,6
"ARY2","s1639_F_RAP_03_ASEReadCounter.table","NW_015090842.1:6307043",26,32,6
"ARY2","s1639_F_RAP_03_ASEReadCounter.table","NW_015090842.1:6307093",30,36,6
"ARY2","s1639_F_RAP_03_ASEReadCounter.table","NW_015090842.1:6307138",21,29,8
"ARY2","s1639_F_RAP_03_ASEReadCounter.table","NW_015090842.1:6307157",28,35,7
"ARY2","s1639_F_RAP_03_ASEReadCounter.table","NW_015090842.1:6307187",34,40,6
"ARY2","s1639_F_RAP_03_ASEReadCounter.table","NW_015090842.1:6307204",34,39,5
"ARY2","s1639_F_RAP_03_ASEReadCounter.table","NW_015090842.1:6307278",30,34,4
"ARY2","s1639_F_RAP_03_ASEReadCounter.table","NW_015090842.1:6307305",28,36,8
"ARY2","s1639_F_RAP_03_ASEReadCounter.table","NW_015090842.1:6307318",25,35,10
"ARY2","s1639_F_RAP_03_ASEReadCounter.table","NW_015090842.1:6307429",38,44,6
"ARY2","s1639_F_RAP_03_ASEReadCounter.table","NW_015090842.1:6307487",35,45,10
"ARY2","s1639_F_RAP_03_ASEReadCounter.table","NW_015090842.1:6307670",23,29,6
"ARYL","s1639_F_RAP_03_ASEReadCounter.table","NW_015090842.1:6313360",3,7,4
"ARYL","s1639_F_RAP_03_ASEReadCounter.table","NW_015090842.1:6313377",2,5,3
"ARYL","s1639_F_RAP_03_ASEReadCounter.table","NW_015090842.1:6313767",3,6,3
"ARY1","s1639_F_RAP_03_ASEReadCounter.table","NW_015090842.1:6314296",3,6,3
"ARY1","s1639_F_RAP_03_ASEReadCounter.table","NW_015090842.1:6314541",4,8,4
"ARY1","s1639_F_RAP_03_ASEReadCounter.table","NW_015090842.1:6314597",3,9,6
"ARY1","s1639_F_RAP_03_ASEReadCounter.table","NW_015090842.1:6314750",3,9,6
"ARY1","s1639_F_RAP_03_ASEReadCounter.table","NW_015090842.1:6314794",3,7,4
"ARY1","s1639_F_RAP_03_ASEReadCounter.table","NW_015090842.1:6314827",5,8,3
"ARY1","s1639_F_RAP_03_ASEReadCounter.table","NW_015090842.1:6314859",5,9,4
"ARY1","s1639_F_RAP_03_ASEReadCounter.table","NW_015090842.1:6314886",6,10,4
"ARY1","s1639_F_RAP_03_ASEReadCounter.table","NW_015090842.1:6315022",3,5,2
"ARY1","s1639_F_RAP_03_ASEReadCounter.table","NW_015090842.1:6315026",2,4,2
"ARY1","s1639_F_RAP_03_ASEReadCounter.table","NW_015090842.1:6315043",3,5,2
"ARY1","s1639_F_RAP_03_ASEReadCounter.table","NW_015090842.1:6315065",3,6,3
"ARY1","s1639_F_RAP_03_ASEReadCounter.table","NW_015090842.1:6315409",7,10,3
"ARY1","s1639_F_RAP_03_ASEReadCounter.table","NW_015090842.1:6315479",4,7,3
"ARY1","s1639_F_RAP_03_ASEReadCounter.table","NW_015090842.1:6318342",11,16,5
"ARY1","s1639_F_RAP_03_ASEReadCounter.table","NW_015090842.1:6318427",15,19,4
"ARY1","s1639_F_RAP_03_ASEReadCounter.table","NW_015090842.1:6318603",11,14,3
"ARY1","s1639_F_RAP_03_ASEReadCounter.table","NW_015090842.1:6318708",10,14,4
"ARY1","s1639_F_RAP_03_ASEReadCounter.table","NW_015090842.1:6318858",11,15,4
"ARY1","s1639_F_RAP_03_ASEReadCounter.table","NW_015090842.1:6318952",14,19,5
"MPHOSPH6","s1639_F_RAP_03_ASEReadCounter.table","NW_015090842.1:6324063",39,80,41
"MPHOSPH6","s1639_F_RAP_03_ASEReadCounter.table","NW_015090842.1:6324174",67,176,109
"MPHOSPH6","s1639_F_RAP_03_ASEReadCounter.table","NW_015090842.1:6324270",82,192,110
"MPHOSPH6","s1639_F_RAP_03_ASEReadCounter.table","NW_015090842.1:6324762",73,168,95
"MPHOSPH6","s1639_F_RAP_03_ASEReadCounter.table","NW_015090842.1:6324780",70,145,75
"MPHOSPH6","s1639_F_RAP_03_ASEReadCounter.table","NW_015090842.1:6324902",77,147,70
"MPHOSPH6","s1639_F_RAP_03_ASEReadCounter.table","NW_015090842.1:6325066",64,145,81
"MPHOSPH6","s1639_F_RAP_03_ASEReadCounter.table","NW_015090842.1:6325089",71,162,91
"MPHOSPH6","s1639_F_RAP_03_ASEReadCounter.table","NW_015090842.1:6325877",61,137,76
"MPHOSPH6","s1639_F_RAP_03_ASEReadCounter.table","NW_015090842.1:6326976",49,102,53
"CDH13","s1639_F_RAP_03_ASEReadCounter.table","NW_015090842.1:6662283",5,7,2
"CDH13","s1639_F_RAP_03_ASEReadCounter.table","NW_015090842.1:6693665",3,6,3
"CDH13","s1639_F_RAP_03_ASEReadCounter.table","NW_015090842.1:6693697",3,7,4
"CDH13","s1639_F_RAP_03_ASEReadCounter.table","NW_015090842.1:6693712",3,7,4
"CDH13","s1639_F_RAP_03_ASEReadCounter.table","NW_015090842.1:6693723",3,9,6
"CDH13","s1639_F_RAP_03_ASEReadCounter.table","NW_015090842.1:6693738",2,7,5
"CDH13","s1639_F_RAP_03_ASEReadCounter.table","NW_015090842.1:6823730",2,7,5
"CDH13","s1639_F_RAP_03_ASEReadCounter.table","NW_015090842.1:6889713",1,6,5
"CDH13","s1639_F_RAP_03_ASEReadCounter.table","NW_015090842.1:6955167",12,21,9
"MLYCD","s1639_F_RAP_03_ASEReadCounter.table","NW_015090842.1:7150054",60,136,76
"MLYCD","s1639_F_RAP_03_ASEReadCounter.table","NW_015090842.1:7150131",103,229,126
"MLYCD","s1639_F_RAP_03_ASEReadCounter.table","NW_015090842.1:7150585",75,143,68
"MLYCD","s1639_F_RAP_03_ASEReadCounter.table","NW_015090842.1:7150686",51,115,64
"MLYCD","s1639_F_RAP_03_ASEReadCounter.table","NW_015090842.1:7150696",50,118,68
"MLYCD","s1639_F_RAP_03_ASEReadCounter.table","NW_015090842.1:7150869",44,96,52
"MLYCD","s1639_F_RAP_03_ASEReadCounter.table","NW_015090842.1:7151100",44,84,40
"MLYCD","s1639_F_RAP_03_ASEReadCounter.table","NW_015090842.1:7151127",45,87,42
"MLYCD","s1639_F_RAP_03_ASEReadCounter.table","NW_015090842.1:7157538",24,51,27
"MLYCD","s1639_F_RAP_03_ASEReadCounter.table","NW_015090842.1:7167662",12,20,8
"MLYCD","s1639_F_RAP_03_ASEReadCounter.table","NW_015090842.1:7167675",12,19,7
"MLYCD","s1639_F_RAP_03_ASEReadCounter.table","NW_015090842.1:7167710",6,12,6
"MLYCD","s1639_F_RAP_03_ASEReadCounter.table","NW_015090842.1:7167781",5,12,7
"MLYCD","s1639_F_RAP_03_ASEReadCounter.table","NW_015090842.1:7167803",7,10,3
"MLYCD","s1639_F_RAP_03_ASEReadCounter.table","NW_015090842.1:7167812",6,9,3
"MLYCD","s1639_F_RAP_03_ASEReadCounter.table","NW_015090842.1:7167845",8,12,4
"MLYCD","s1639_F_RAP_03_ASEReadCounter.table","NW_015090842.1:7167862",7,11,4
"MLYCD","s1639_F_RAP_03_ASEReadCounter.table","NW_015090842.1:7167929",2,6,4
"MLYCD","s1639_F_RAP_03_ASEReadCounter.table","NW_015090842.1:7167995",2,3,1
"MLYCD","s1639_F_RAP_03_ASEReadCounter.table","NW_015090842.1:7168005",2,3,1
"MLYCD","s1639_F_RAP_03_ASEReadCounter.table","NW_015090842.1:7168037",2,3,1
"HSBP1","s1639_F_RAP_03_ASEReadCounter.table","NW_015090842.1:7245192",333,574,241
"HSBP1","s1639_F_RAP_03_ASEReadCounter.table","NW_015090842.1:7245226",366,666,300
"HSBP1","s1639_F_RAP_03_ASEReadCounter.table","NW_015090842.1:7245257",307,570,263
"HSBP1","s1639_F_RAP_03_ASEReadCounter.table","NW_015090842.1:7245296",275,536,261
"HSBP1","s1639_F_RAP_03_ASEReadCounter.table","NW_015090842.1:7245389",406,709,303
"HSBP1","s1639_F_RAP_03_ASEReadCounter.table","NW_015090842.1:7245400",425,708,283
"HSBP1","s1639_F_RAP_03_ASEReadCounter.table","NW_015090842.1:7245445",389,667,278
"HSBP1","s1639_F_RAP_03_ASEReadCounter.table","NW_015090842.1:7245495",315,568,253
"HSBP1","s1639_F_RAP_03_ASEReadCounter.table","NW_015090842.1:7245733",203,381,178
"HSBP1","s1639_F_RAP_03_ASEReadCounter.table","NW_015090842.1:7245771",238,407,169
"HSBP1","s1639_F_RAP_03_ASEReadCounter.table","NW_015090842.1:7245813",228,396,168
"HSBP1","s1639_F_RAP_03_ASEReadCounter.table","NW_015090842.1:7245926",257,415,158
"HSBP1","s1639_F_RAP_03_ASEReadCounter.table","NW_015090842.1:7245927",257,417,160
"HSBP1","s1639_F_RAP_03_ASEReadCounter.table","NW_015090842.1:7245933",257,411,154
"HSBP1","s1639_F_RAP_03_ASEReadCounter.table","NW_015090842.1:7246002",171,319,148
"HSBP1","s1639_F_RAP_03_ASEReadCounter.table","NW_015090842.1:7246094",232,401,169
"HSBP1","s1639_F_RAP_03_ASEReadCounter.table","NW_015090842.1:7246167",209,373,164
"HSBP1","s1639_F_RAP_03_ASEReadCounter.table","NW_015090842.1:7246183",205,377,172
"HSBP1","s1639_F_RAP_03_ASEReadCounter.table","NW_015090842.1:7247285",48,56,8
"HSBP1","s1639_F_RAP_03_ASEReadCounter.table","NW_015090842.1:7247651",257,517,260
"HSBP1","s1639_F_RAP_03_ASEReadCounter.table","NW_015090842.1:7247657",259,527,268
"HSBP1","s1639_F_RAP_03_ASEReadCounter.table","NW_015090842.1:7248520",207,378,171
"HSBP1","s1639_F_RAP_03_ASEReadCounter.table","NW_015090842.1:7248535",172,301,129
"KCNG4","s1639_F_RAP_03_ASEReadCounter.table","NW_015090842.1:7282481",3,7,4
"KCNG4","s1639_F_RAP_03_ASEReadCounter.table","NW_015090842.1:7282500",2,8,6
"KCNG4","s1639_F_RAP_03_ASEReadCounter.table","NW_015090842.1:7282542",3,8,5
"KCNG4","s1639_F_RAP_03_ASEReadCounter.table","NW_015090842.1:7282579",3,7,4
"KCNG4","s1639_F_RAP_03_ASEReadCounter.table","NW_015090842.1:7282630",1,4,3
"KCNG4","s1639_F_RAP_03_ASEReadCounter.table","NW_015090842.1:7283056",1,1,0
"KCNG4","s1639_F_RAP_03_ASEReadCounter.table","NW_015090842.1:7283245",1,1,0
"WFDC1","s1639_F_RAP_03_ASEReadCounter.table","NW_015090842.1:7366517",1,2,1
"WFDC1","s1639_F_RAP_03_ASEReadCounter.table","NW_015090842.1:7373367",0,3,3
"WFDC1","s1639_F_RAP_03_ASEReadCounter.table","NW_015090842.1:7375828",1,5,4
"WFDC1","s1639_F_RAP_03_ASEReadCounter.table","NW_015090842.1:7378036",0,2,2
"WFDC1","s1639_F_RAP_03_ASEReadCounter.table","NW_015090842.1:7379451",0,3,3
"WFDC1","s1639_F_RAP_03_ASEReadCounter.table","NW_015090842.1:7379471",0,3,3
"WFDC1","s1639_F_RAP_03_ASEReadCounter.table","NW_015090842.1:7379576",0,2,2
"WFDC1","s1639_F_RAP_03_ASEReadCounter.table","NW_015090842.1:7379596",0,3,3
"WFDC1","s1639_F_RAP_03_ASEReadCounter.table","NW_015090842.1:7379605",0,4,4
"WFDC1","s1639_F_RAP_03_ASEReadCounter.table","NW_015090842.1:7379626",0,4,4
"WFDC1","s1639_F_RAP_03_ASEReadCounter.table","NW_015090842.1:7379631",0,4,4
"WFDC1","s1639_F_RAP_03_ASEReadCounter.table","NW_015090842.1:7379632",0,4,4
"WFDC1","s1639_F_RAP_03_ASEReadCounter.table","NW_015090842.1:7379652",0,2,2
"WFDC1","s1639_F_RAP_03_ASEReadCounter.table","NW_015090842.1:7379669",0,2,2
"WFDC1","s1639_F_RAP_03_ASEReadCounter.table","NW_015090842.1:7379674",0,2,2
"WFDC1","s1639_F_RAP_03_ASEReadCounter.table","NW_015090842.1:7379719",0,3,3
"WFDC1","s1639_F_RAP_03_ASEReadCounter.table","NW_015090842.1:7379735",0,2,2
"WFDC1","s1639_F_RAP_03_ASEReadCounter.table","NW_015090842.1:7379739",0,3,3
"WFDC1","s1639_F_RAP_03_ASEReadCounter.table","NW_015090842.1:7379821",0,3,3
"WFDC1","s1639_F_RAP_03_ASEReadCounter.table","NW_015090842.1:7379840",0,2,2
"WFDC1","s1639_F_RAP_03_ASEReadCounter.table","NW_015090842.1:7379933",1,2,1
"WFDC1","s1639_F_RAP_03_ASEReadCounter.table","NW_015090842.1:7379935",1,2,1
"WFDC1","s1639_F_RAP_03_ASEReadCounter.table","NW_015090842.1:7379983",0,1,1
"WFDC1","s1639_F_RAP_03_ASEReadCounter.table","NW_015090842.1:7380060",1,1,0
"WFDC1","s1639_F_RAP_03_ASEReadCounter.table","NW_015090842.1:7380136",0,4,4
"WFDC1","s1639_F_RAP_03_ASEReadCounter.table","NW_015090842.1:7380150",0,4,4
"WFDC1","s1639_F_RAP_03_ASEReadCounter.table","NW_015090842.1:7380164",0,4,4
"WFDC1","s1639_F_RAP_03_ASEReadCounter.table","NW_015090842.1:7380237",1,3,2
"WFDC1","s1639_F_RAP_03_ASEReadCounter.table","NW_015090842.1:7380261",1,3,2
"WFDC1","s1639_F_RAP_03_ASEReadCounter.table","NW_015090842.1:7380322",0,1,1
"WFDC1","s1639_F_RAP_03_ASEReadCounter.table","NW_015090842.1:7380491",0,2,2
"WFDC1","s1639_F_RAP_03_ASEReadCounter.table","NW_015090842.1:7380567",0,2,2
"WFDC1","s1639_F_RAP_03_ASEReadCounter.table","NW_015090842.1:7380672",0,2,2
"WFDC1","s1639_F_RAP_03_ASEReadCounter.table","NW_015090842.1:7380721",0,2,2
"WFDC1","s1639_F_RAP_03_ASEReadCounter.table","NW_015090842.1:7380743",0,4,4
"WFDC1","s1639_F_RAP_03_ASEReadCounter.table","NW_015090842.1:7380852",0,4,4
"WFDC1","s1639_F_RAP_03_ASEReadCounter.table","NW_015090842.1:7380878",1,5,4
"WFDC1","s1639_F_RAP_03_ASEReadCounter.table","NW_015090842.1:7381081",1,7,6
"WFDC1","s1639_F_RAP_03_ASEReadCounter.table","NW_015090842.1:7381127",1,6,5
"WFDC1","s1639_F_RAP_03_ASEReadCounter.table","NW_015090842.1:7381195",1,9,8
"WFDC1","s1639_F_RAP_03_ASEReadCounter.table","NW_015090842.1:7381253",1,9,8
"WFDC1","s1639_F_RAP_03_ASEReadCounter.table","NW_015090842.1:7381378",0,8,8
"WFDC1","s1639_F_RAP_03_ASEReadCounter.table","NW_015090842.1:7381433",1,8,7
"WFDC1","s1639_F_RAP_03_ASEReadCounter.table","NW_015090842.1:7381434",1,8,7
"WFDC1","s1639_F_RAP_03_ASEReadCounter.table","NW_015090842.1:7381442",1,10,9
"WFDC1","s1639_F_RAP_03_ASEReadCounter.table","NW_015090842.1:7381517",0,8,8
"WFDC1","s1639_F_RAP_03_ASEReadCounter.table","NW_015090842.1:7381520",0,9,9
"WFDC1","s1639_F_RAP_03_ASEReadCounter.table","NW_015090842.1:7381677",1,5,4
"WFDC1","s1639_F_RAP_03_ASEReadCounter.table","NW_015090842.1:7381709",0,3,3
"ATP2C2","s1639_F_RAP_03_ASEReadCounter.table","NW_015090842.1:7386804",1,1,0
"ATP2C2","s1639_F_RAP_03_ASEReadCounter.table","NW_015090842.1:7392613",1,1,0
"ATP2C2","s1639_F_RAP_03_ASEReadCounter.table","NW_015090842.1:7395230",0,1,1
"ATP2C2","s1639_F_RAP_03_ASEReadCounter.table","NW_015090842.1:7396756",0,1,1
"ATP2C2","s1639_F_RAP_03_ASEReadCounter.table","NW_015090842.1:7397049",1,2,1
"ATP2C2","s1639_F_RAP_03_ASEReadCounter.table","NW_015090842.1:7398395",0,2,2
"ATP2C2","s1639_F_RAP_03_ASEReadCounter.table","NW_015090842.1:7399774",1,3,2
"ATP2C2","s1639_F_RAP_03_ASEReadCounter.table","NW_015090842.1:7402554",1,2,1
"ATP2C2","s1639_F_RAP_03_ASEReadCounter.table","NW_015090842.1:7402578",1,1,0
"ATP2C2","s1639_F_RAP_03_ASEReadCounter.table","NW_015090842.1:7405621",1,3,2
"ATP2C2","s1639_F_RAP_03_ASEReadCounter.table","NW_015090842.1:7413855",19,31,12
"ATP2C2","s1639_F_RAP_03_ASEReadCounter.table","NW_015090842.1:7413869",2,15,13
"ATP2C2","s1639_F_RAP_03_ASEReadCounter.table","NW_015090842.1:7413875",3,16,13
"TLDC1","s1639_F_RAP_03_ASEReadCounter.table","NW_015090842.1:7421137",50,82,32
"TLDC1","s1639_F_RAP_03_ASEReadCounter.table","NW_015090842.1:7421155",44,76,32
"TLDC1","s1639_F_RAP_03_ASEReadCounter.table","NW_015090842.1:7421218",29,61,32
"TLDC1","s1639_F_RAP_03_ASEReadCounter.table","NW_015090842.1:7421399",22,43,21
"TLDC1","s1639_F_RAP_03_ASEReadCounter.table","NW_015090842.1:7421402",23,44,21
"TLDC1","s1639_F_RAP_03_ASEReadCounter.table","NW_015090842.1:7421528",28,59,31
"TLDC1","s1639_F_RAP_03_ASEReadCounter.table","NW_015090842.1:7421532",29,59,30
"TLDC1","s1639_F_RAP_03_ASEReadCounter.table","NW_015090842.1:7421621",32,57,25
"TLDC1","s1639_F_RAP_03_ASEReadCounter.table","NW_015090842.1:7421647",27,48,21
"TLDC1","s1639_F_RAP_03_ASEReadCounter.table","NW_015090842.1:7421657",24,45,21
"TLDC1","s1639_F_RAP_03_ASEReadCounter.table","NW_015090842.1:7421693",24,52,28
"TLDC1","s1639_F_RAP_03_ASEReadCounter.table","NW_015090842.1:7421796",17,34,17
"TLDC1","s1639_F_RAP_03_ASEReadCounter.table","NW_015090842.1:7421810",20,37,17
"TLDC1","s1639_F_RAP_03_ASEReadCounter.table","NW_015090842.1:7421833",22,46,24
"TLDC1","s1639_F_RAP_03_ASEReadCounter.table","NW_015090842.1:7421879",27,49,22
"TLDC1","s1639_F_RAP_03_ASEReadCounter.table","NW_015090842.1:7421914",26,52,26
"TLDC1","s1639_F_RAP_03_ASEReadCounter.table","NW_015090842.1:7421969",22,39,17
"TLDC1","s1639_F_RAP_03_ASEReadCounter.table","NW_015090842.1:7422015",22,40,18
"TLDC1","s1639_F_RAP_03_ASEReadCounter.table","NW_015090842.1:7422042",26,43,17
"TLDC1","s1639_F_RAP_03_ASEReadCounter.table","NW_015090842.1:7422230",35,60,25
"TLDC1","s1639_F_RAP_03_ASEReadCounter.table","NW_015090842.1:7423349",29,54,25
"TLDC1","s1639_F_RAP_03_ASEReadCounter.table","NW_015090842.1:7423362",25,46,21
"TLDC1","s1639_F_RAP_03_ASEReadCounter.table","NW_015090842.1:7426091",11,21,10
"TLDC1","s1639_F_RAP_03_ASEReadCounter.table","NW_015090842.1:7426485",11,28,17
"TLDC1","s1639_F_RAP_03_ASEReadCounter.table","NW_015090842.1:7427211",13,21,8
"TLDC1","s1639_F_RAP_03_ASEReadCounter.table","NW_015090842.1:7428179",8,20,12
"COTL1","s1639_F_RAP_03_ASEReadCounter.table","NW_015090842.1:7490744",543,1219,676
"COTL1","s1639_F_RAP_03_ASEReadCounter.table","NW_015090842.1:7491051",360,809,449
"COTL1","s1639_F_RAP_03_ASEReadCounter.table","NW_015090842.1:7491124",351,777,426
"COTL1","s1639_F_RAP_03_ASEReadCounter.table","NW_015090842.1:7491418",191,408,217
"COTL1","s1639_F_RAP_03_ASEReadCounter.table","NW_015090842.1:7491539",157,335,178
"COTL1","s1639_F_RAP_03_ASEReadCounter.table","NW_015090842.1:7491585",230,483,253
"COTL1","s1639_F_RAP_03_ASEReadCounter.table","NW_015090842.1:7491586",226,503,277
"COTL1","s1639_F_RAP_03_ASEReadCounter.table","NW_015090842.1:7491646",264,617,353
"COTL1","s1639_F_RAP_03_ASEReadCounter.table","NW_015090842.1:7491747",197,457,260
"COTL1","s1639_F_RAP_03_ASEReadCounter.table","NW_015090842.1:7491803",184,417,233
"COTL1","s1639_F_RAP_03_ASEReadCounter.table","NW_015090842.1:7506078",0,1,1
"COTL1","s1639_F_RAP_03_ASEReadCounter.table","NW_015090842.1:7513223",0,1,1
"COTL1","s1639_F_RAP_03_ASEReadCounter.table","NW_015090842.1:7513239",0,1,1
"KLHL36","s1639_F_RAP_03_ASEReadCounter.table","NW_015090842.1:7514700",19,29,10
"KLHL36","s1639_F_RAP_03_ASEReadCounter.table","NW_015090842.1:7519691",2,4,2
"KLHL36","s1639_F_RAP_03_ASEReadCounter.table","NW_015090842.1:7519696",2,4,2
"KLHL36","s1639_F_RAP_03_ASEReadCounter.table","NW_015090842.1:7526160",14,33,19
"KLHL36","s1639_F_RAP_03_ASEReadCounter.table","NW_015090842.1:7526469",14,22,8
"KLHL36","s1639_F_RAP_03_ASEReadCounter.table","NW_015090842.1:7526587",10,20,10
"KLHL36","s1639_F_RAP_03_ASEReadCounter.table","NW_015090842.1:7526997",16,26,10
"KLHL36","s1639_F_RAP_03_ASEReadCounter.table","NW_015090842.1:7527142",15,23,8
"KLHL36","s1639_F_RAP_03_ASEReadCounter.table","NW_015090842.1:7535174",28,71,43
"KLHL36","s1639_F_RAP_03_ASEReadCounter.table","NW_015090842.1:7535384",18,35,17
"KLHL36","s1639_F_RAP_03_ASEReadCounter.table","NW_015090842.1:7535420",20,47,27
"KLHL36","s1639_F_RAP_03_ASEReadCounter.table","NW_015090842.1:7535545",10,26,16
"KLHL36","s1639_F_RAP_03_ASEReadCounter.table","NW_015090842.1:7535829",15,41,26
"KLHL36","s1639_F_RAP_03_ASEReadCounter.table","NW_015090842.1:7535977",15,43,28
"KLHL36","s1639_F_RAP_03_ASEReadCounter.table","NW_015090842.1:7536010",15,40,25
"KLHL36","s1639_F_RAP_03_ASEReadCounter.table","NW_015090842.1:7536051",12,33,21
"KLHL36","s1639_F_RAP_03_ASEReadCounter.table","NW_015090842.1:7536096",12,38,26
"KLHL36","s1639_F_RAP_03_ASEReadCounter.table","NW_015090842.1:7536135",15,43,28
"KLHL36","s1639_F_RAP_03_ASEReadCounter.table","NW_015090842.1:7536136",15,41,26
"KLHL36","s1639_F_RAP_03_ASEReadCounter.table","NW_015090842.1:7536160",14,38,24
"KLHL36","s1639_F_RAP_03_ASEReadCounter.table","NW_015090842.1:7536336",19,41,22
"KLHL36","s1639_F_RAP_03_ASEReadCounter.table","NW_015090842.1:7536352",18,43,25
"KLHL36","s1639_F_RAP_03_ASEReadCounter.table","NW_015090842.1:7536412",14,41,27
"KLHL36","s1639_F_RAP_03_ASEReadCounter.table","NW_015090842.1:7536418",14,41,27
"KLHL36","s1639_F_RAP_03_ASEReadCounter.table","NW_015090842.1:7536465",18,39,21
"KLHL36","s1639_F_RAP_03_ASEReadCounter.table","NW_015090842.1:7536466",17,37,20
"KLHL36","s1639_F_RAP_03_ASEReadCounter.table","NW_015090842.1:7536553",27,47,20
"KLHL36","s1639_F_RAP_03_ASEReadCounter.table","NW_015090842.1:7536698",19,53,34
"KLHL36","s1639_F_RAP_03_ASEReadCounter.table","NW_015090842.1:7536713",11,40,29
"KLHL36","s1639_F_RAP_03_ASEReadCounter.table","NW_015090842.1:7536720",23,47,24
"KLHL36","s1639_F_RAP_03_ASEReadCounter.table","NW_015090842.1:7536791",31,60,29
"KLHL36","s1639_F_RAP_03_ASEReadCounter.table","NW_015090842.1:7536849",22,46,24
"KLHL36","s1639_F_RAP_03_ASEReadCounter.table","NW_015090842.1:7536872",29,57,28
"KLHL36","s1639_F_RAP_03_ASEReadCounter.table","NW_015090842.1:7536878",31,57,26
"KLHL36","s1639_F_RAP_03_ASEReadCounter.table","NW_015090842.1:7536916",42,65,23
"KLHL36","s1639_F_RAP_03_ASEReadCounter.table","NW_015090842.1:7536927",41,84,43
"KLHL36","s1639_F_RAP_03_ASEReadCounter.table","NW_015090842.1:7537315",45,97,52
"KLHL36","s1639_F_RAP_03_ASEReadCounter.table","NW_015090842.1:7537352",43,88,45
"KLHL36","s1639_F_RAP_03_ASEReadCounter.table","NW_015090842.1:7537631",50,112,62
"KLHL36","s1639_F_RAP_03_ASEReadCounter.table","NW_015090842.1:7537830",69,125,56
"KLHL36","s1639_F_RAP_03_ASEReadCounter.table","NW_015090842.1:7537838",65,124,59
"KLHL36","s1639_F_RAP_03_ASEReadCounter.table","NW_015090842.1:7538153",38,96,58
"KLHL36","s1639_F_RAP_03_ASEReadCounter.table","NW_015090842.1:7538256",32,92,60
"KLHL36","s1639_F_RAP_03_ASEReadCounter.table","NW_015090842.1:7538265",31,86,55
"KLHL36","s1639_F_RAP_03_ASEReadCounter.table","NW_015090842.1:7538300",36,95,59
"USP10","s1639_F_RAP_03_ASEReadCounter.table","NW_015090842.1:7563972",2,6,4
"USP10","s1639_F_RAP_03_ASEReadCounter.table","NW_015090842.1:7571816",9,21,12
"USP10","s1639_F_RAP_03_ASEReadCounter.table","NW_015090842.1:7571993",13,24,11
"USP10","s1639_F_RAP_03_ASEReadCounter.table","NW_015090842.1:7572580",16,37,21
"USP10","s1639_F_RAP_03_ASEReadCounter.table","NW_015090842.1:7587372",76,166,90
"CRISPLD2","s1639_F_RAP_03_ASEReadCounter.table","NW_015090842.1:7609844",0,1,1
"CRISPLD2","s1639_F_RAP_03_ASEReadCounter.table","NW_015090842.1:7609845",0,1,1
"CRISPLD2","s1639_F_RAP_03_ASEReadCounter.table","NW_015090842.1:7610084",0,1,1
"CRISPLD2","s1639_F_RAP_03_ASEReadCounter.table","NW_015090842.1:7617757",0,1,1
"CRISPLD2","s1639_F_RAP_03_ASEReadCounter.table","NW_015090842.1:7617781",0,1,1
"CRISPLD2","s1639_F_RAP_03_ASEReadCounter.table","NW_015090842.1:7625451",4,5,1
"CRISPLD2","s1639_F_RAP_03_ASEReadCounter.table","NW_015090842.1:7626214",4,4,0
"CRISPLD2","s1639_F_RAP_03_ASEReadCounter.table","NW_015090842.1:7630784",3,4,1
"CRISPLD2","s1639_F_RAP_03_ASEReadCounter.table","NW_015090842.1:7630823",4,5,1
"CRISPLD2","s1639_F_RAP_03_ASEReadCounter.table","NW_015090842.1:7633172",8,10,2
"CRISPLD2","s1639_F_RAP_03_ASEReadCounter.table","NW_015090842.1:7633326",3,3,0
"CRISPLD2","s1639_F_RAP_03_ASEReadCounter.table","NW_015090842.1:7633336",4,4,0
"CRISPLD2","s1639_F_RAP_03_ASEReadCounter.table","NW_015090842.1:7633381",7,7,0
"CRISPLD2","s1639_F_RAP_03_ASEReadCounter.table","NW_015090842.1:7633388",7,7,0
"CRISPLD2","s1639_F_RAP_03_ASEReadCounter.table","NW_015090842.1:7633400",8,8,0
"CRISPLD2","s1639_F_RAP_03_ASEReadCounter.table","NW_015090842.1:7633486",4,4,0
"CRISPLD2","s1639_F_RAP_03_ASEReadCounter.table","NW_015090842.1:7633503",5,5,0
"CRISPLD2","s1639_F_RAP_03_ASEReadCounter.table","NW_015090842.1:7633504",5,5,0
"CRISPLD2","s1639_F_RAP_03_ASEReadCounter.table","NW_015090842.1:7633557",4,4,0
"CRISPLD2","s1639_F_RAP_03_ASEReadCounter.table","NW_015090842.1:7633571",3,3,0
"CRISPLD2","s1639_F_RAP_03_ASEReadCounter.table","NW_015090842.1:7633588",2,2,0
"CRISPLD2","s1639_F_RAP_03_ASEReadCounter.table","NW_015090842.1:7633617",1,2,1
"CRISPLD2","s1639_F_RAP_03_ASEReadCounter.table","NW_015090842.1:7633695",2,2,0
"CRISPLD2","s1639_F_RAP_03_ASEReadCounter.table","NW_015090842.1:7633721",3,3,0
"CRISPLD2","s1639_F_RAP_03_ASEReadCounter.table","NW_015090842.1:7634142",2,4,2
"CRISPLD2","s1639_F_RAP_03_ASEReadCounter.table","NW_015090842.1:7634852",1,1,0
"CRISPLD2","s1639_F_RAP_03_ASEReadCounter.table","NW_015090842.1:7635009",3,3,0
"CRISPLD2","s1639_F_RAP_03_ASEReadCounter.table","NW_015090842.1:7635208",4,6,2
"CRISPLD2","s1639_F_RAP_03_ASEReadCounter.table","NW_015090842.1:7635373",4,4,0
"CRISPLD2","s1639_F_RAP_03_ASEReadCounter.table","NW_015090842.1:7635525",6,6,0
"CRISPLD2","s1639_F_RAP_03_ASEReadCounter.table","NW_015090842.1:7635583",4,4,0
"CRISPLD2","s1639_F_RAP_03_ASEReadCounter.table","NW_015090842.1:7635924",4,4,0
"LOC106888312","s1639_F_RAP_03_ASEReadCounter.table","NW_015090842.1:7713031",0,1,1
"LOC106888312","s1639_F_RAP_03_ASEReadCounter.table","NW_015090842.1:7727961",1,1,0
"LOC106888312","s1639_F_RAP_03_ASEReadCounter.table","NW_015090842.1:7731961",1,1,0
"LOC106888312","s1639_F_RAP_03_ASEReadCounter.table","NW_015090842.1:7732244",2,2,0
"LOC106888312","s1639_F_RAP_03_ASEReadCounter.table","NW_015090842.1:7732997",0,1,1
"LOC106888312","s1639_F_RAP_03_ASEReadCounter.table","NW_015090842.1:7733011",0,1,1
"LOC106888312","s1639_F_RAP_03_ASEReadCounter.table","NW_015090842.1:7733046",0,2,2
"LOC106888312","s1639_F_RAP_03_ASEReadCounter.table","NW_015090842.1:7733068",0,2,2
"LOC106888312","s1639_F_RAP_03_ASEReadCounter.table","NW_015090842.1:7733077",0,2,2
"LOC106888312","s1639_F_RAP_03_ASEReadCounter.table","NW_015090842.1:7733096",0,2,2
"LOC106888312","s1639_F_RAP_03_ASEReadCounter.table","NW_015090842.1:7733142",0,1,1
"LOC106888312","s1639_F_RAP_03_ASEReadCounter.table","NW_015090842.1:7733196",1,3,2
"LOC106888312","s1639_F_RAP_03_ASEReadCounter.table","NW_015090842.1:7733299",1,2,1
"LOC106888312","s1639_F_RAP_03_ASEReadCounter.table","NW_015090842.1:7733470",1,1,0
"LOC106888312","s1639_F_RAP_03_ASEReadCounter.table","NW_015090842.1:7733471",1,1,0
"LOC106888312","s1639_F_RAP_03_ASEReadCounter.table","NW_015090842.1:7733472",1,1,0
"ZDHHC7","s1639_F_RAP_03_ASEReadCounter.table","NW_015090842.1:7737199",42,87,45
"ZDHHC7","s1639_F_RAP_03_ASEReadCounter.table","NW_015090842.1:7737332",25,59,34
"ZDHHC7","s1639_F_RAP_03_ASEReadCounter.table","NW_015090842.1:7737553",48,90,42
"ZDHHC7","s1639_F_RAP_03_ASEReadCounter.table","NW_015090842.1:7737920",27,47,20
"ZDHHC7","s1639_F_RAP_03_ASEReadCounter.table","NW_015090842.1:7737953",29,49,20
"ZDHHC7","s1639_F_RAP_03_ASEReadCounter.table","NW_015090842.1:7737987",32,60,28
"ZDHHC7","s1639_F_RAP_03_ASEReadCounter.table","NW_015090842.1:7738068",21,43,22
"ZDHHC7","s1639_F_RAP_03_ASEReadCounter.table","NW_015090842.1:7738204",18,35,17
"LOC106888097","s1639_F_RAP_03_ASEReadCounter.table","NW_015090842.1:7767178",3,7,4
"LOC106888097","s1639_F_RAP_03_ASEReadCounter.table","NW_015090842.1:7767187",2,6,4
"LOC106888097","s1639_F_RAP_03_ASEReadCounter.table","NW_015090842.1:7768144",5,14,9
"LOC106888097","s1639_F_RAP_03_ASEReadCounter.table","NW_015090842.1:7768196",6,17,11
"LOC106888097","s1639_F_RAP_03_ASEReadCounter.table","NW_015090842.1:7769884",11,28,17
"LOC106888097","s1639_F_RAP_03_ASEReadCounter.table","NW_015090842.1:7769893",10,25,15
"LOC106888097","s1639_F_RAP_03_ASEReadCounter.table","NW_015090842.1:7770245",11,30,19
"LOC106888097","s1639_F_RAP_03_ASEReadCounter.table","NW_015090842.1:7772402",22,40,18
"LOC106888097","s1639_F_RAP_03_ASEReadCounter.table","NW_015090842.1:7772483",25,53,28
"LOC106888097","s1639_F_RAP_03_ASEReadCounter.table","NW_015090842.1:7772490",25,55,30
"LOC106888097","s1639_F_RAP_03_ASEReadCounter.table","NW_015090842.1:7774281",19,52,33
"LOC106888097","s1639_F_RAP_03_ASEReadCounter.table","NW_015090842.1:7774552",40,96,56
"LOC106888097","s1639_F_RAP_03_ASEReadCounter.table","NW_015090842.1:7774564",38,94,56
"LOC106888097","s1639_F_RAP_03_ASEReadCounter.table","NW_015090842.1:7774611",22,68,46
"LOC106888097","s1639_F_RAP_03_ASEReadCounter.table","NW_015090842.1:7774681",33,88,55
"LOC106888097","s1639_F_RAP_03_ASEReadCounter.table","NW_015090842.1:7774698",31,78,47
"LOC106888097","s1639_F_RAP_03_ASEReadCounter.table","NW_015090842.1:7774730",19,54,35
"LOC106888097","s1639_F_RAP_03_ASEReadCounter.table","NW_015090842.1:7774778",3,3,0
"LOC106888097","s1639_F_RAP_03_ASEReadCounter.table","NW_015090842.1:7774793",2,2,0
"FOXL1","s1639_F_RAP_03_ASEReadCounter.table","NW_015090842.1:8113043",0,1,1
"FOXC2","s1639_F_RAP_03_ASEReadCounter.table","NW_015090842.1:8129599",5,9,4
"FOXC2","s1639_F_RAP_03_ASEReadCounter.table","NW_015090842.1:8129616",4,9,5
"FOXC2","s1639_F_RAP_03_ASEReadCounter.table","NW_015090842.1:8129715",1,5,4
"FOXC2","s1639_F_RAP_03_ASEReadCounter.table","NW_015090842.1:8129719",2,5,3
"FOXC2","s1639_F_RAP_03_ASEReadCounter.table","NW_015090842.1:8130244",3,4,1
"FOXC2","s1639_F_RAP_03_ASEReadCounter.table","NW_015090842.1:8130472",2,4,2
"FOXC2","s1639_F_RAP_03_ASEReadCounter.table","NW_015090842.1:8130490",2,5,3
"FOXC2","s1639_F_RAP_03_ASEReadCounter.table","NW_015090842.1:8130547",0,2,2
"FOXC2","s1639_F_RAP_03_ASEReadCounter.table","NW_015090842.1:8130550",0,2,2
"FOXC2","s1639_F_RAP_03_ASEReadCounter.table","NW_015090842.1:8130573",0,2,2
"FOXC2","s1639_F_RAP_03_ASEReadCounter.table","NW_015090842.1:8130575",0,2,2
"MTHFSD","s1639_F_RAP_03_ASEReadCounter.table","NW_015090842.1:8140051",11,24,13
"MTHFSD","s1639_F_RAP_03_ASEReadCounter.table","NW_015090842.1:8142923",16,41,25
"MTHFSD","s1639_F_RAP_03_ASEReadCounter.table","NW_015090842.1:8143029",23,53,30
"MTHFSD","s1639_F_RAP_03_ASEReadCounter.table","NW_015090842.1:8152035",18,41,23
"MTHFSD","s1639_F_RAP_03_ASEReadCounter.table","NW_015090842.1:8152315",9,33,24
"MTHFSD","s1639_F_RAP_03_ASEReadCounter.table","NW_015090842.1:8152511",12,37,25
"MTHFSD","s1639_F_RAP_03_ASEReadCounter.table","NW_015090842.1:8152518",12,39,27
"MTHFSD","s1639_F_RAP_03_ASEReadCounter.table","NW_015090842.1:8152553",10,30,20
"MTHFSD","s1639_F_RAP_03_ASEReadCounter.table","NW_015090842.1:8152773",13,35,22
"MTHFSD","s1639_F_RAP_03_ASEReadCounter.table","NW_015090842.1:8152805",14,40,26
"IRF8","s1639_F_RAP_03_ASEReadCounter.table","NW_015090842.1:8406652",16,35,19
"IRF8","s1639_F_RAP_03_ASEReadCounter.table","NW_015090842.1:8406703",13,35,22
"IRF8","s1639_F_RAP_03_ASEReadCounter.table","NW_015090842.1:8406704",13,34,21
"IRF8","s1639_F_RAP_03_ASEReadCounter.table","NW_015090842.1:8406757",19,36,17
"IRF8","s1639_F_RAP_03_ASEReadCounter.table","NW_015090842.1:8406778",17,32,15
"IRF8","s1639_F_RAP_03_ASEReadCounter.table","NW_015090842.1:8406819",15,33,18
"IRF8","s1639_F_RAP_03_ASEReadCounter.table","NW_015090842.1:8406941",20,50,30
"IRF8","s1639_F_RAP_03_ASEReadCounter.table","NW_015090842.1:8407008",11,24,13
"IRF8","s1639_F_RAP_03_ASEReadCounter.table","NW_015090842.1:8407057",6,15,9
"IRF8","s1639_F_RAP_03_ASEReadCounter.table","NW_015090842.1:8407064",7,16,9
"IRF8","s1639_F_RAP_03_ASEReadCounter.table","NW_015090842.1:8407069",9,20,11
"IRF8","s1639_F_RAP_03_ASEReadCounter.table","NW_015090842.1:8407120",8,19,11
"IRF8","s1639_F_RAP_03_ASEReadCounter.table","NW_015090842.1:8407157",11,23,12
"IRF8","s1639_F_RAP_03_ASEReadCounter.table","NW_015090842.1:8407203",16,29,13
"IRF8","s1639_F_RAP_03_ASEReadCounter.table","NW_015090842.1:8407272",19,33,14
"IRF8","s1639_F_RAP_03_ASEReadCounter.table","NW_015090842.1:8407276",17,30,13
"IRF8","s1639_F_RAP_03_ASEReadCounter.table","NW_015090842.1:8407303",16,33,17
"IRF8","s1639_F_RAP_03_ASEReadCounter.table","NW_015090842.1:8407451",14,26,12
"IRF8","s1639_F_RAP_03_ASEReadCounter.table","NW_015090842.1:8407456",13,24,11
"IRF8","s1639_F_RAP_03_ASEReadCounter.table","NW_015090842.1:8408564",7,14,7
"IRF8","s1639_F_RAP_03_ASEReadCounter.table","NW_015090842.1:8408585",15,15,0
"IRF8","s1639_F_RAP_03_ASEReadCounter.table","NW_015090842.1:8408973",11,18,7
"IRF8","s1639_F_RAP_03_ASEReadCounter.table","NW_015090842.1:8409060",13,19,6
"IRF8","s1639_F_RAP_03_ASEReadCounter.table","NW_015090842.1:8409065",13,19,6
"IRF8","s1639_F_RAP_03_ASEReadCounter.table","NW_015090842.1:8409254",4,9,5
"IRF8","s1639_F_RAP_03_ASEReadCounter.table","NW_015090842.1:8409255",4,9,5
"IRF8","s1639_F_RAP_03_ASEReadCounter.table","NW_015090842.1:8409258",4,9,5
"IRF8","s1639_F_RAP_03_ASEReadCounter.table","NW_015090842.1:8409312",7,10,3
"IRF8","s1639_F_RAP_03_ASEReadCounter.table","NW_015090842.1:8410216",2,8,6
"IRF8","s1639_F_RAP_03_ASEReadCounter.table","NW_015090842.1:8410237",2,9,7
"IRF8","s1639_F_RAP_03_ASEReadCounter.table","NW_015090842.1:8410276",9,9,0
"IRF8","s1639_F_RAP_03_ASEReadCounter.table","NW_015090842.1:8410813",5,10,5
"IRF8","s1639_F_RAP_03_ASEReadCounter.table","NW_015090842.1:8410861",6,13,7
"IRF8","s1639_F_RAP_03_ASEReadCounter.table","NW_015090842.1:8411940",6,11,5
"IRF8","s1639_F_RAP_03_ASEReadCounter.table","NW_015090842.1:8412006",2,5,3
"IRF8","s1639_F_RAP_03_ASEReadCounter.table","NW_015090842.1:8412042",2,2,0
"COX4I1","s1639_F_RAP_03_ASEReadCounter.table","NW_015090842.1:8442258",1360,2602,1242
"COX4I1","s1639_F_RAP_03_ASEReadCounter.table","NW_015090842.1:8442333",1116,2111,995
"EMC8","s1639_F_RAP_03_ASEReadCounter.table","NW_015090842.1:8444046",37,84,47
"EMC8","s1639_F_RAP_03_ASEReadCounter.table","NW_015090842.1:8444064",34,68,34
"EMC8","s1639_F_RAP_03_ASEReadCounter.table","NW_015090842.1:8452029",20,63,43
"EMC8","s1639_F_RAP_03_ASEReadCounter.table","NW_015090842.1:8452116",33,90,57
"EMC8","s1639_F_RAP_03_ASEReadCounter.table","NW_015090842.1:8452121",32,89,57
"EMC8","s1639_F_RAP_03_ASEReadCounter.table","NW_015090842.1:8452222",37,65,28
"EMC8","s1639_F_RAP_03_ASEReadCounter.table","NW_015090842.1:8452244",34,72,38
"EMC8","s1639_F_RAP_03_ASEReadCounter.table","NW_015090842.1:8452477",11,16,5
"EMC8","s1639_F_RAP_03_ASEReadCounter.table","NW_015090842.1:8452498",13,17,4
"EMC8","s1639_F_RAP_03_ASEReadCounter.table","NW_015090842.1:8452535",11,12,1
"EMC8","s1639_F_RAP_03_ASEReadCounter.table","NW_015090842.1:8452575",3,4,1
"EMC8","s1639_F_RAP_03_ASEReadCounter.table","NW_015090842.1:8452600",4,7,3
"EMC8","s1639_F_RAP_03_ASEReadCounter.table","NW_015090842.1:8452616",6,10,4
"EMC8","s1639_F_RAP_03_ASEReadCounter.table","NW_015090842.1:8452630",4,8,4
"EMC8","s1639_F_RAP_03_ASEReadCounter.table","NW_015090842.1:8452650",5,10,5
"EMC8","s1639_F_RAP_03_ASEReadCounter.table","NW_015090842.1:8452678",12,23,11
"EMC8","s1639_F_RAP_03_ASEReadCounter.table","NW_015090842.1:8452724",12,21,9
"EMC8","s1639_F_RAP_03_ASEReadCounter.table","NW_015090842.1:8452731",12,21,9
"EMC8","s1639_F_RAP_03_ASEReadCounter.table","NW_015090842.1:8452743",8,20,12
"EMC8","s1639_F_RAP_03_ASEReadCounter.table","NW_015090842.1:8452750",8,19,11
"EMC8","s1639_F_RAP_03_ASEReadCounter.table","NW_015090842.1:8452778",3,12,9
"EMC8","s1639_F_RAP_03_ASEReadCounter.table","NW_015090842.1:8452783",2,12,10
"EMC8","s1639_F_RAP_03_ASEReadCounter.table","NW_015090842.1:8452800",5,15,10
"EMC8","s1639_F_RAP_03_ASEReadCounter.table","NW_015090842.1:8452804",6,16,10
"EMC8","s1639_F_RAP_03_ASEReadCounter.table","NW_015090842.1:8452812",8,19,11
"EMC8","s1639_F_RAP_03_ASEReadCounter.table","NW_015090842.1:8452858",10,21,11
"EMC8","s1639_F_RAP_03_ASEReadCounter.table","NW_015090842.1:8452906",11,32,21
"EMC8","s1639_F_RAP_03_ASEReadCounter.table","NW_015090842.1:8452913",13,33,20
"EMC8","s1639_F_RAP_03_ASEReadCounter.table","NW_015090842.1:8453000",23,46,23
"EMC8","s1639_F_RAP_03_ASEReadCounter.table","NW_015090842.1:8453007",23,49,26
"EMC8","s1639_F_RAP_03_ASEReadCounter.table","NW_015090842.1:8453058",20,41,21
"EMC8","s1639_F_RAP_03_ASEReadCounter.table","NW_015090842.1:8453106",14,29,15
"GINS2","s1639_F_RAP_03_ASEReadCounter.table","NW_015090842.1:8466420",13,14,1
"GINS2","s1639_F_RAP_03_ASEReadCounter.table","NW_015090842.1:8466424",14,16,2
"GINS2","s1639_F_RAP_03_ASEReadCounter.table","NW_015090842.1:8466518",10,12,2
"GINS2","s1639_F_RAP_03_ASEReadCounter.table","NW_015090842.1:8468482",29,42,13
"GINS2","s1639_F_RAP_03_ASEReadCounter.table","NW_015090842.1:8470290",33,45,12
"GINS2","s1639_F_RAP_03_ASEReadCounter.table","NW_015090842.1:8470305",35,46,11
"GINS2","s1639_F_RAP_03_ASEReadCounter.table","NW_015090842.1:8470381",33,42,9
"GINS2","s1639_F_RAP_03_ASEReadCounter.table","NW_015090842.1:8470418",29,35,6
"GINS2","s1639_F_RAP_03_ASEReadCounter.table","NW_015090842.1:8470421",25,31,6
"GINS2","s1639_F_RAP_03_ASEReadCounter.table","NW_015090842.1:8470430",19,25,6
"GINS2","s1639_F_RAP_03_ASEReadCounter.table","NW_015090842.1:8470433",20,26,6
"GINS2","s1639_F_RAP_03_ASEReadCounter.table","NW_015090842.1:8470457",11,17,6
"GINS2","s1639_F_RAP_03_ASEReadCounter.table","NW_015090842.1:8470491",21,27,6
"GINS2","s1639_F_RAP_03_ASEReadCounter.table","NW_015090842.1:8470548",22,30,8
"GINS2","s1639_F_RAP_03_ASEReadCounter.table","NW_015090842.1:8470649",23,34,11
"GSE1","s1639_F_RAP_03_ASEReadCounter.table","NW_015090842.1:8475362",46,80,34
"GSE1","s1639_F_RAP_03_ASEReadCounter.table","NW_015090842.1:8475961",23,29,6
"GSE1","s1639_F_RAP_03_ASEReadCounter.table","NW_015090842.1:8476027",28,40,12
"GSE1","s1639_F_RAP_03_ASEReadCounter.table","NW_015090842.1:8476159",11,14,3
"GSE1","s1639_F_RAP_03_ASEReadCounter.table","NW_015090842.1:8477442",0,9,9
"GSE1","s1639_F_RAP_03_ASEReadCounter.table","NW_015090842.1:8477448",0,9,9
"GSE1","s1639_F_RAP_03_ASEReadCounter.table","NW_015090842.1:8477662",0,7,7
"GSE1","s1639_F_RAP_03_ASEReadCounter.table","NW_015090842.1:8477933",14,27,13
"GSE1","s1639_F_RAP_03_ASEReadCounter.table","NW_015090842.1:8477945",11,23,12
"GSE1","s1639_F_RAP_03_ASEReadCounter.table","NW_015090842.1:8483272",1,23,22
"GSE1","s1639_F_RAP_03_ASEReadCounter.table","NW_015090842.1:8483367",1,7,6
"GSE1","s1639_F_RAP_03_ASEReadCounter.table","NW_015090842.1:8483411",0,2,2
"GSE1","s1639_F_RAP_03_ASEReadCounter.table","NW_015090842.1:8483756",3,12,9
"GSE1","s1639_F_RAP_03_ASEReadCounter.table","NW_015090842.1:8486867",10,22,12
"GSE1","s1639_F_RAP_03_ASEReadCounter.table","NW_015090842.1:8486939",14,39,25
"GSE1","s1639_F_RAP_03_ASEReadCounter.table","NW_015090842.1:8486945",10,34,24
"GSE1","s1639_F_RAP_03_ASEReadCounter.table","NW_015090842.1:8486993",13,30,17
"GSE1","s1639_F_RAP_03_ASEReadCounter.table","NW_015090842.1:8487062",11,24,13
"GSE1","s1639_F_RAP_03_ASEReadCounter.table","NW_015090842.1:8488065",7,15,8
"GSE1","s1639_F_RAP_03_ASEReadCounter.table","NW_015090842.1:8488457",7,16,9
"GSE1","s1639_F_RAP_03_ASEReadCounter.table","NW_015090842.1:8488463",6,13,7
"GSE1","s1639_F_RAP_03_ASEReadCounter.table","NW_015090842.1:8488490",17,17,0
"GSE1","s1639_F_RAP_03_ASEReadCounter.table","NW_015090842.1:8488505",6,18,12
"GSE1","s1639_F_RAP_03_ASEReadCounter.table","NW_015090842.1:8490180",0,16,16
"KIAA0513","s1639_F_RAP_03_ASEReadCounter.table","NW_015090842.1:8668363",60,153,93
"KIAA0513","s1639_F_RAP_03_ASEReadCounter.table","NW_015090842.1:8668387",66,148,82
"KIAA0513","s1639_F_RAP_03_ASEReadCounter.table","NW_015090842.1:8668390",67,148,81
"KIAA0513","s1639_F_RAP_03_ASEReadCounter.table","NW_015090842.1:8673107",56,135,79
"KIAA0513","s1639_F_RAP_03_ASEReadCounter.table","NW_015090842.1:8673147",59,139,80
"KIAA0513","s1639_F_RAP_03_ASEReadCounter.table","NW_015090842.1:8674661",40,86,46
"KIAA0513","s1639_F_RAP_03_ASEReadCounter.table","NW_015090842.1:8674685",39,86,47
"KIAA0513","s1639_F_RAP_03_ASEReadCounter.table","NW_015090842.1:8674730",32,65,33
"KIAA0513","s1639_F_RAP_03_ASEReadCounter.table","NW_015090842.1:8675525",23,53,30
"KIAA0513","s1639_F_RAP_03_ASEReadCounter.table","NW_015090842.1:8675561",27,58,31
"KIAA0513","s1639_F_RAP_03_ASEReadCounter.table","NW_015090842.1:8678608",0,7,7
"KIAA0513","s1639_F_RAP_03_ASEReadCounter.table","NW_015090842.1:8686455",0,7,7
"KIAA0513","s1639_F_RAP_03_ASEReadCounter.table","NW_015090842.1:8686508",0,11,11
"KIAA0513","s1639_F_RAP_03_ASEReadCounter.table","NW_015090842.1:8686521",0,10,10
"KIAA0513","s1639_F_RAP_03_ASEReadCounter.table","NW_015090842.1:8693642",2,3,1
"KIAA0513","s1639_F_RAP_03_ASEReadCounter.table","NW_015090842.1:8693712",1,4,3
"FBXO31","s1639_F_RAP_03_ASEReadCounter.table","NW_015090842.1:8710240",17,27,10
"FBXO31","s1639_F_RAP_03_ASEReadCounter.table","NW_015090842.1:8710372",13,20,7
"FBXO31","s1639_F_RAP_03_ASEReadCounter.table","NW_015090842.1:8711239",14,22,8
"FBXO31","s1639_F_RAP_03_ASEReadCounter.table","NW_015090842.1:8714565",22,34,12
"FBXO31","s1639_F_RAP_03_ASEReadCounter.table","NW_015090842.1:8716001",7,19,12
"FBXO31","s1639_F_RAP_03_ASEReadCounter.table","NW_015090842.1:8725050",0,1,1
"FBXO31","s1639_F_RAP_03_ASEReadCounter.table","NW_015090842.1:8725057",0,1,1
"ZCCHC14","s1639_F_RAP_03_ASEReadCounter.table","NW_015090842.1:8750174",40,57,17
"ZCCHC14","s1639_F_RAP_03_ASEReadCounter.table","NW_015090842.1:8750189",47,55,8
"ZCCHC14","s1639_F_RAP_03_ASEReadCounter.table","NW_015090842.1:8750365",32,59,27
"ZCCHC14","s1639_F_RAP_03_ASEReadCounter.table","NW_015090842.1:8750433",28,52,24
"ZCCHC14","s1639_F_RAP_03_ASEReadCounter.table","NW_015090842.1:8750449",24,50,26
"ZCCHC14","s1639_F_RAP_03_ASEReadCounter.table","NW_015090842.1:8750456",22,47,25
"ZCCHC14","s1639_F_RAP_03_ASEReadCounter.table","NW_015090842.1:8750497",34,64,30
"ZCCHC14","s1639_F_RAP_03_ASEReadCounter.table","NW_015090842.1:8750547",25,55,30
"ZCCHC14","s1639_F_RAP_03_ASEReadCounter.table","NW_015090842.1:8751100",5,13,8
"ZCCHC14","s1639_F_RAP_03_ASEReadCounter.table","NW_015090842.1:8751374",15,36,21
"ZCCHC14","s1639_F_RAP_03_ASEReadCounter.table","NW_015090842.1:8751403",14,32,18
"ZCCHC14","s1639_F_RAP_03_ASEReadCounter.table","NW_015090842.1:8751517",14,30,16
"ZCCHC14","s1639_F_RAP_03_ASEReadCounter.table","NW_015090842.1:8752060",9,19,10
"ZCCHC14","s1639_F_RAP_03_ASEReadCounter.table","NW_015090842.1:8752172",12,23,11
"ZCCHC14","s1639_F_RAP_03_ASEReadCounter.table","NW_015090842.1:8752183",15,25,10
"ZCCHC14","s1639_F_RAP_03_ASEReadCounter.table","NW_015090842.1:8752198",18,30,12
"ZCCHC14","s1639_F_RAP_03_ASEReadCounter.table","NW_015090842.1:8752248",19,42,23
"ZCCHC14","s1639_F_RAP_03_ASEReadCounter.table","NW_015090842.1:8752326",16,28,12
"ZCCHC14","s1639_F_RAP_03_ASEReadCounter.table","NW_015090842.1:8752393",13,29,16
"ZCCHC14","s1639_F_RAP_03_ASEReadCounter.table","NW_015090842.1:8752914",28,42,14
"ZCCHC14","s1639_F_RAP_03_ASEReadCounter.table","NW_015090842.1:8753528",10,18,8
"ZCCHC14","s1639_F_RAP_03_ASEReadCounter.table","NW_015090842.1:8753892",3,14,11
"ZCCHC14","s1639_F_RAP_03_ASEReadCounter.table","NW_015090842.1:8753910",5,15,10
"ZCCHC14","s1639_F_RAP_03_ASEReadCounter.table","NW_015090842.1:8755096",6,10,4
"ZCCHC14","s1639_F_RAP_03_ASEReadCounter.table","NW_015090842.1:8755327",2,4,2
"ZCCHC14","s1639_F_RAP_03_ASEReadCounter.table","NW_015090842.1:8755723",0,1,1
"ZCCHC14","s1639_F_RAP_03_ASEReadCounter.table","NW_015090842.1:8755739",0,2,2
"ZCCHC14","s1639_F_RAP_03_ASEReadCounter.table","NW_015090842.1:8756149",0,2,2
"ZCCHC14","s1639_F_RAP_03_ASEReadCounter.table","NW_015090842.1:8756347",4,4,0
"ZCCHC14","s1639_F_RAP_03_ASEReadCounter.table","NW_015090842.1:8756361",2,2,0
"ZCCHC14","s1639_F_RAP_03_ASEReadCounter.table","NW_015090842.1:8756388",1,2,1
"ZCCHC14","s1639_F_RAP_03_ASEReadCounter.table","NW_015090842.1:8756389",1,2,1
"ZCCHC14","s1639_F_RAP_03_ASEReadCounter.table","NW_015090842.1:8757160",6,9,3
"ZCCHC14","s1639_F_RAP_03_ASEReadCounter.table","NW_015090842.1:8804511",2,4,2
"ZCCHC14","s1639_F_RAP_03_ASEReadCounter.table","NW_015090842.1:8804979",2,2,0
"JPH3","s1639_F_RAP_03_ASEReadCounter.table","NW_015090842.1:8845375",18,37,19
"JPH3","s1639_F_RAP_03_ASEReadCounter.table","NW_015090842.1:8845640",27,47,20
"JPH3","s1639_F_RAP_03_ASEReadCounter.table","NW_015090842.1:8845654",27,47,20
"JPH3","s1639_F_RAP_03_ASEReadCounter.table","NW_015090842.1:8872283",36,73,37
"JPH3","s1639_F_RAP_03_ASEReadCounter.table","NW_015090842.1:8872294",31,61,30
"JPH3","s1639_F_RAP_03_ASEReadCounter.table","NW_015090842.1:8872730",54,111,57
"JPH3","s1639_F_RAP_03_ASEReadCounter.table","NW_015090842.1:8885260",105,216,111
"JPH3","s1639_F_RAP_03_ASEReadCounter.table","NW_015090842.1:8885315",85,182,97
"JPH3","s1639_F_RAP_03_ASEReadCounter.table","NW_015090842.1:8885328",74,164,90
"JPH3","s1639_F_RAP_03_ASEReadCounter.table","NW_015090842.1:8885438",78,168,90
"JPH3","s1639_F_RAP_03_ASEReadCounter.table","NW_015090842.1:8885525",28,112,84
"KLHDC4","s1639_F_RAP_03_ASEReadCounter.table","NW_015090842.1:8890729",42,78,36
"KLHDC4","s1639_F_RAP_03_ASEReadCounter.table","NW_015090842.1:8890749",40,76,36
"KLHDC4","s1639_F_RAP_03_ASEReadCounter.table","NW_015090842.1:8890761",40,79,39
"KLHDC4","s1639_F_RAP_03_ASEReadCounter.table","NW_015090842.1:8891123",73,114,41
"KLHDC4","s1639_F_RAP_03_ASEReadCounter.table","NW_015090842.1:8893124",38,82,44
"KLHDC4","s1639_F_RAP_03_ASEReadCounter.table","NW_015090842.1:8894542",40,73,33
"KLHDC4","s1639_F_RAP_03_ASEReadCounter.table","NW_015090842.1:8896726",24,48,24
"KLHDC4","s1639_F_RAP_03_ASEReadCounter.table","NW_015090842.1:8896767",17,39,22
"KLHDC4","s1639_F_RAP_03_ASEReadCounter.table","NW_015090842.1:8904174",20,32,12
"KLHDC4","s1639_F_RAP_03_ASEReadCounter.table","NW_015090842.1:8904231",22,38,16
"KLHDC4","s1639_F_RAP_03_ASEReadCounter.table","NW_015090842.1:8905251",23,31,8
"KLHDC4","s1639_F_RAP_03_ASEReadCounter.table","NW_015090842.1:8905263",22,33,11
"KLHDC4","s1639_F_RAP_03_ASEReadCounter.table","NW_015090842.1:8919626",1,3,2
"SLC7A5","s1639_F_RAP_03_ASEReadCounter.table","NW_015090842.1:8938782",300,673,373
"SLC7A5","s1639_F_RAP_03_ASEReadCounter.table","NW_015090842.1:8938943",201,489,288
"SLC7A5","s1639_F_RAP_03_ASEReadCounter.table","NW_015090842.1:8939611",101,171,70
"SLC7A5","s1639_F_RAP_03_ASEReadCounter.table","NW_015090842.1:8939738",118,264,146
"SLC7A5","s1639_F_RAP_03_ASEReadCounter.table","NW_015090842.1:8939739",119,262,143
"SLC7A5","s1639_F_RAP_03_ASEReadCounter.table","NW_015090842.1:8939740",114,264,150
"SLC7A5","s1639_F_RAP_03_ASEReadCounter.table","NW_015090842.1:8939795",141,262,121
"SLC7A5","s1639_F_RAP_03_ASEReadCounter.table","NW_015090842.1:8939815",115,274,159
"SLC7A5","s1639_F_RAP_03_ASEReadCounter.table","NW_015090842.1:8939816",117,272,155
"SLC7A5","s1639_F_RAP_03_ASEReadCounter.table","NW_015090842.1:8939817",116,283,167
"SLC7A5","s1639_F_RAP_03_ASEReadCounter.table","NW_015090842.1:8939845",118,300,182
"SLC7A5","s1639_F_RAP_03_ASEReadCounter.table","NW_015090842.1:8939894",96,276,180
"SLC7A5","s1639_F_RAP_03_ASEReadCounter.table","NW_015090842.1:8939895",97,271,174
"SLC7A5","s1639_F_RAP_03_ASEReadCounter.table","NW_015090842.1:8939997",431,431,0
"SLC7A5","s1639_F_RAP_03_ASEReadCounter.table","NW_015090842.1:8940172",118,318,200
"SLC7A5","s1639_F_RAP_03_ASEReadCounter.table","NW_015090842.1:8940331",58,148,90
"SLC7A5","s1639_F_RAP_03_ASEReadCounter.table","NW_015090842.1:8940696",64,124,60
"SLC7A5","s1639_F_RAP_03_ASEReadCounter.table","NW_015090842.1:8940719",41,126,85
"SLC7A5","s1639_F_RAP_03_ASEReadCounter.table","NW_015090842.1:8940737",46,123,77
"SLC7A5","s1639_F_RAP_03_ASEReadCounter.table","NW_015090842.1:8940743",49,126,77
"SLC7A5","s1639_F_RAP_03_ASEReadCounter.table","NW_015090842.1:8940766",59,139,80
"SLC7A5","s1639_F_RAP_03_ASEReadCounter.table","NW_015090842.1:8940769",63,146,83
"SLC7A5","s1639_F_RAP_03_ASEReadCounter.table","NW_015090842.1:8940861",47,102,55
"SLC7A5","s1639_F_RAP_03_ASEReadCounter.table","NW_015090842.1:8941068",62,145,83
"SLC7A5","s1639_F_RAP_03_ASEReadCounter.table","NW_015090842.1:8941467",47,116,69
"SLC7A5","s1639_F_RAP_03_ASEReadCounter.table","NW_015090842.1:8941531",52,120,68
"SLC7A5","s1639_F_RAP_03_ASEReadCounter.table","NW_015090842.1:8941588",56,129,73
"SLC7A5","s1639_F_RAP_03_ASEReadCounter.table","NW_015090842.1:8941698",34,68,34
"SLC7A5","s1639_F_RAP_03_ASEReadCounter.table","NW_015090842.1:8941717",47,84,37
"SLC7A5","s1639_F_RAP_03_ASEReadCounter.table","NW_015090842.1:8941745",49,94,45
"SLC7A5","s1639_F_RAP_03_ASEReadCounter.table","NW_015090842.1:8941781",48,101,53
"SLC7A5","s1639_F_RAP_03_ASEReadCounter.table","NW_015090842.1:8941887",21,53,32
"SLC7A5","s1639_F_RAP_03_ASEReadCounter.table","NW_015090842.1:8941968",11,52,41
"SLC7A5","s1639_F_RAP_03_ASEReadCounter.table","NW_015090842.1:8942025",31,78,47
"SLC7A5","s1639_F_RAP_03_ASEReadCounter.table","NW_015090842.1:8942069",35,90,55
"SLC7A5","s1639_F_RAP_03_ASEReadCounter.table","NW_015090842.1:8942170",42,100,58
"SLC7A5","s1639_F_RAP_03_ASEReadCounter.table","NW_015090842.1:8942241",52,137,85
"SLC7A5","s1639_F_RAP_03_ASEReadCounter.table","NW_015090842.1:8942283",45,142,97
"SLC7A5","s1639_F_RAP_03_ASEReadCounter.table","NW_015090842.1:8942717",106,290,184
"SLC7A5","s1639_F_RAP_03_ASEReadCounter.table","NW_015090842.1:8942756",147,406,259
"SLC7A5","s1639_F_RAP_03_ASEReadCounter.table","NW_015090842.1:8942766",143,408,265
"SLC7A5","s1639_F_RAP_03_ASEReadCounter.table","NW_015090842.1:8943271",77,178,101
"SLC7A5","s1639_F_RAP_03_ASEReadCounter.table","NW_015090842.1:8943524",41,94,53
"SLC7A5","s1639_F_RAP_03_ASEReadCounter.table","NW_015090842.1:8943530",43,95,52
"SLC7A5","s1639_F_RAP_03_ASEReadCounter.table","NW_015090842.1:8943602",37,118,81
"SLC7A5","s1639_F_RAP_03_ASEReadCounter.table","NW_015090842.1:8943622",27,102,75
"SLC7A5","s1639_F_RAP_03_ASEReadCounter.table","NW_015090842.1:8943661",34,86,52
"SLC7A5","s1639_F_RAP_03_ASEReadCounter.table","NW_015090842.1:8943686",32,80,48
"SLC7A5","s1639_F_RAP_03_ASEReadCounter.table","NW_015090842.1:8943788",28,62,34
"SLC7A5","s1639_F_RAP_03_ASEReadCounter.table","NW_015090842.1:8943814",30,66,36
"SLC7A5","s1639_F_RAP_03_ASEReadCounter.table","NW_015090842.1:8943876",24,51,27
"SLC7A5","s1639_F_RAP_03_ASEReadCounter.table","NW_015090842.1:8943892",25,56,31
"SLC7A5","s1639_F_RAP_03_ASEReadCounter.table","NW_015090842.1:8944097",20,58,38
"SLC7A5","s1639_F_RAP_03_ASEReadCounter.table","NW_015090842.1:8944104",20,54,34
"SLC7A5","s1639_F_RAP_03_ASEReadCounter.table","NW_015090842.1:8944293",19,32,13
"SLC7A5","s1639_F_RAP_03_ASEReadCounter.table","NW_015090842.1:8944297",17,29,12
"SLC7A5","s1639_F_RAP_03_ASEReadCounter.table","NW_015090842.1:8944397",16,40,24
"SLC7A5","s1639_F_RAP_03_ASEReadCounter.table","NW_015090842.1:8944552",15,44,29
"SLC7A5","s1639_F_RAP_03_ASEReadCounter.table","NW_015090842.1:8944629",21,47,26
"CA5A","s1639_F_RAP_03_ASEReadCounter.table","NW_015090842.1:8989479",81,155,74
"CA5A","s1639_F_RAP_03_ASEReadCounter.table","NW_015090842.1:8989562",125,205,80
"CA5A","s1639_F_RAP_03_ASEReadCounter.table","NW_015090842.1:8989609",135,226,91
"CA5A","s1639_F_RAP_03_ASEReadCounter.table","NW_015090842.1:8989693",119,248,129
"CA5A","s1639_F_RAP_03_ASEReadCounter.table","NW_015090842.1:8989702",124,242,118
"CA5A","s1639_F_RAP_03_ASEReadCounter.table","NW_015090842.1:8989746",125,244,119
"CA5A","s1639_F_RAP_03_ASEReadCounter.table","NW_015090842.1:8989880",106,209,103
"CA5A","s1639_F_RAP_03_ASEReadCounter.table","NW_015090842.1:8989885",114,220,106
"CA5A","s1639_F_RAP_03_ASEReadCounter.table","NW_015090842.1:8989929",113,225,112
"CA5A","s1639_F_RAP_03_ASEReadCounter.table","NW_015090842.1:8990002",97,181,84
"CA5A","s1639_F_RAP_03_ASEReadCounter.table","NW_015090842.1:8990004",99,186,87
"CA5A","s1639_F_RAP_03_ASEReadCounter.table","NW_015090842.1:8990005",99,188,89
"CA5A","s1639_F_RAP_03_ASEReadCounter.table","NW_015090842.1:8990017",98,179,81
"CA5A","s1639_F_RAP_03_ASEReadCounter.table","NW_015090842.1:8990043",71,137,66
"CA5A","s1639_F_RAP_03_ASEReadCounter.table","NW_015090842.1:8990060",137,137,0
"CA5A","s1639_F_RAP_03_ASEReadCounter.table","NW_015090842.1:8990080",57,116,59
"CA5A","s1639_F_RAP_03_ASEReadCounter.table","NW_015090842.1:8990084",53,112,59
"CA5A","s1639_F_RAP_03_ASEReadCounter.table","NW_015090842.1:8990090",57,115,58
"CA5A","s1639_F_RAP_03_ASEReadCounter.table","NW_015090842.1:8990095",58,111,53
"CA5A","s1639_F_RAP_03_ASEReadCounter.table","NW_015090842.1:8990111",54,110,56
"CA5A","s1639_F_RAP_03_ASEReadCounter.table","NW_015090842.1:8990112",53,106,53
"CA5A","s1639_F_RAP_03_ASEReadCounter.table","NW_015090842.1:8990115",62,118,56
"CA5A","s1639_F_RAP_03_ASEReadCounter.table","NW_015090842.1:8990166",62,108,46
"CA5A","s1639_F_RAP_03_ASEReadCounter.table","NW_015090842.1:8990169",67,114,47
"CA5A","s1639_F_RAP_03_ASEReadCounter.table","NW_015090842.1:8990193",135,135,0
"CA5A","s1639_F_RAP_03_ASEReadCounter.table","NW_015090842.1:8990222",71,120,49
"CA5A","s1639_F_RAP_03_ASEReadCounter.table","NW_015090842.1:8990289",85,142,57
"CA5A","s1639_F_RAP_03_ASEReadCounter.table","NW_015090842.1:8990314",83,134,51
"CA5A","s1639_F_RAP_03_ASEReadCounter.table","NW_015090842.1:8990361",72,130,58
"CA5A","s1639_F_RAP_03_ASEReadCounter.table","NW_015090842.1:8990368",70,123,53
"CA5A","s1639_F_RAP_03_ASEReadCounter.table","NW_015090842.1:8990429",59,108,49
"CA5A","s1639_F_RAP_03_ASEReadCounter.table","NW_015090842.1:8990466",57,98,41
"CA5A","s1639_F_RAP_03_ASEReadCounter.table","NW_015090842.1:8990663",53,102,49
"CA5A","s1639_F_RAP_03_ASEReadCounter.table","NW_015090842.1:8990797",43,81,38
"CA5A","s1639_F_RAP_03_ASEReadCounter.table","NW_015090842.1:8990836",47,78,31
"CA5A","s1639_F_RAP_03_ASEReadCounter.table","NW_015090842.1:8990842",45,77,32
"CA5A","s1639_F_RAP_03_ASEReadCounter.table","NW_015090842.1:8990851",50,77,27
"CA5A","s1639_F_RAP_03_ASEReadCounter.table","NW_015090842.1:8990918",46,76,30
"CA5A","s1639_F_RAP_03_ASEReadCounter.table","NW_015090842.1:8990921",42,78,36
"CA5A","s1639_F_RAP_03_ASEReadCounter.table","NW_015090842.1:8990942",56,88,32
"CA5A","s1639_F_RAP_03_ASEReadCounter.table","NW_015090842.1:8991001",67,106,39
"CA5A","s1639_F_RAP_03_ASEReadCounter.table","NW_015090842.1:8991038",55,95,40
"CA5A","s1639_F_RAP_03_ASEReadCounter.table","NW_015090842.1:8991149",54,85,31
"CA5A","s1639_F_RAP_03_ASEReadCounter.table","NW_015090842.1:8991176",62,102,40
"CA5A","s1639_F_RAP_03_ASEReadCounter.table","NW_015090842.1:8991241",48,93,45
"CA5A","s1639_F_RAP_03_ASEReadCounter.table","NW_015090842.1:8991262",45,85,40
"CA5A","s1639_F_RAP_03_ASEReadCounter.table","NW_015090842.1:8991316",45,52,7
"CA5A","s1639_F_RAP_03_ASEReadCounter.table","NW_015090842.1:8991319",45,51,6
"CA5A","s1639_F_RAP_03_ASEReadCounter.table","NW_015090842.1:8991330",46,49,3
"CA5A","s1639_F_RAP_03_ASEReadCounter.table","NW_015090842.1:8991334",39,44,5
"CA5A","s1639_F_RAP_03_ASEReadCounter.table","NW_015090842.1:8991362",44,67,23
"CA5A","s1639_F_RAP_03_ASEReadCounter.table","NW_015090842.1:8991368",40,63,23
"CA5A","s1639_F_RAP_03_ASEReadCounter.table","NW_015090842.1:8991390",43,67,24
"CA5A","s1639_F_RAP_03_ASEReadCounter.table","NW_015090842.1:8991395",42,67,25
"CA5A","s1639_F_RAP_03_ASEReadCounter.table","NW_015090842.1:8991422",38,67,29
"CA5A","s1639_F_RAP_03_ASEReadCounter.table","NW_015090842.1:8991467",38,59,21
"CA5A","s1639_F_RAP_03_ASEReadCounter.table","NW_015090842.1:8991576",30,63,33
"CA5A","s1639_F_RAP_03_ASEReadCounter.table","NW_015090842.1:8991587",40,73,33
"CA5A","s1639_F_RAP_03_ASEReadCounter.table","NW_015090842.1:8991655",37,75,38
"CA5A","s1639_F_RAP_03_ASEReadCounter.table","NW_015090842.1:8991717",29,62,33
"CA5A","s1639_F_RAP_03_ASEReadCounter.table","NW_015090842.1:8991726",29,58,29
"CA5A","s1639_F_RAP_03_ASEReadCounter.table","NW_015090842.1:8991799",33,57,24
"CA5A","s1639_F_RAP_03_ASEReadCounter.table","NW_015090842.1:8991809",27,48,21
"CA5A","s1639_F_RAP_03_ASEReadCounter.table","NW_015090842.1:8991848",18,39,21
"CA5A","s1639_F_RAP_03_ASEReadCounter.table","NW_015090842.1:8991849",19,40,21
"CA5A","s1639_F_RAP_03_ASEReadCounter.table","NW_015090842.1:8991927",32,54,22
"CA5A","s1639_F_RAP_03_ASEReadCounter.table","NW_015090842.1:8991941",30,53,23
"CA5A","s1639_F_RAP_03_ASEReadCounter.table","NW_015090842.1:8992121",10,32,22
"CA5A","s1639_F_RAP_03_ASEReadCounter.table","NW_015090842.1:8992224",24,47,23
"CA5A","s1639_F_RAP_03_ASEReadCounter.table","NW_015090842.1:9002570",12,21,9
"CA5A","s1639_F_RAP_03_ASEReadCounter.table","NW_015090842.1:9002600",10,19,9
"CA5A","s1639_F_RAP_03_ASEReadCounter.table","NW_015090842.1:9004312",11,18,7
"CA5A","s1639_F_RAP_03_ASEReadCounter.table","NW_015090842.1:9004523",1,1,0
"CA5A","s1639_F_RAP_03_ASEReadCounter.table","NW_015090842.1:9004530",1,1,0
"CA5A","s1639_F_RAP_03_ASEReadCounter.table","NW_015090842.1:9004556",2,2,0
"CA5A","s1639_F_RAP_03_ASEReadCounter.table","NW_015090842.1:9005116",2,5,3
"CA5A","s1639_F_RAP_03_ASEReadCounter.table","NW_015090842.1:9005120",2,5,3
"CA5A","s1639_F_RAP_03_ASEReadCounter.table","NW_015090842.1:9005140",3,6,3
"CA5A","s1639_F_RAP_03_ASEReadCounter.table","NW_015090842.1:9005152",4,5,1
"BANP","s1639_F_RAP_03_ASEReadCounter.table","NW_015090842.1:9033407",6,10,4
"BANP","s1639_F_RAP_03_ASEReadCounter.table","NW_015090842.1:9033409",6,11,5
"BANP","s1639_F_RAP_03_ASEReadCounter.table","NW_015090842.1:9033420",7,13,6
"BANP","s1639_F_RAP_03_ASEReadCounter.table","NW_015090842.1:9067974",0,10,10
"BANP","s1639_F_RAP_03_ASEReadCounter.table","NW_015090842.1:9102510",17,31,14
"BANP","s1639_F_RAP_03_ASEReadCounter.table","NW_015090842.1:9168534",23,55,32
"BANP","s1639_F_RAP_03_ASEReadCounter.table","NW_015090842.1:9168818",27,68,41
"ZNF469","s1639_F_RAP_03_ASEReadCounter.table","NW_015090842.1:9424301",0,1,1
"ZNF469","s1639_F_RAP_03_ASEReadCounter.table","NW_015090842.1:9424333",0,1,1
"ZNF469","s1639_F_RAP_03_ASEReadCounter.table","NW_015090842.1:9426367",0,1,1
"ZNF469","s1639_F_RAP_03_ASEReadCounter.table","NW_015090842.1:9426585",0,1,1
"ZNF469","s1639_F_RAP_03_ASEReadCounter.table","NW_015090842.1:9428419",1,1,0
"ZNF469","s1639_F_RAP_03_ASEReadCounter.table","NW_015090842.1:9429633",1,1,0
"ZNF469","s1639_F_RAP_03_ASEReadCounter.table","NW_015090842.1:9430668",0,2,2
"ZNF469","s1639_F_RAP_03_ASEReadCounter.table","NW_015090842.1:9430700",0,1,1
"ZNF469","s1639_F_RAP_03_ASEReadCounter.table","NW_015090842.1:9431031",0,1,1
"ZNF469","s1639_F_RAP_03_ASEReadCounter.table","NW_015090842.1:9431073",0,1,1
"ZNF469","s1639_F_RAP_03_ASEReadCounter.table","NW_015090842.1:9431214",0,1,1
"ZNF469","s1639_F_RAP_03_ASEReadCounter.table","NW_015090842.1:9432110",1,1,0
"ZNF469","s1639_F_RAP_03_ASEReadCounter.table","NW_015090842.1:9432302",1,2,1
"ZNF469","s1639_F_RAP_03_ASEReadCounter.table","NW_015090842.1:9432361",1,2,1
"ZNF469","s1639_F_RAP_03_ASEReadCounter.table","NW_015090842.1:9432374",2,3,1
"ZNF469","s1639_F_RAP_03_ASEReadCounter.table","NW_015090842.1:9432382",2,3,1
"ZNF469","s1639_F_RAP_03_ASEReadCounter.table","NW_015090842.1:9432481",2,3,1
"ZNF469","s1639_F_RAP_03_ASEReadCounter.table","NW_015090842.1:9432498",2,3,1
"ZNF469","s1639_F_RAP_03_ASEReadCounter.table","NW_015090842.1:9433678",0,1,1
"ZNF469","s1639_F_RAP_03_ASEReadCounter.table","NW_015090842.1:9433902",0,2,2
"ZNF469","s1639_F_RAP_03_ASEReadCounter.table","NW_015090842.1:9433980",0,1,1
"ZNF469","s1639_F_RAP_03_ASEReadCounter.table","NW_015090842.1:9434259",0,2,2
"ZNF469","s1639_F_RAP_03_ASEReadCounter.table","NW_015090842.1:9435221",2,5,3
"ZFPM1","s1639_F_RAP_03_ASEReadCounter.table","NW_015090842.1:9458862",6,9,3
"ZFPM1","s1639_F_RAP_03_ASEReadCounter.table","NW_015090842.1:9458888",6,12,6
"ZFPM1","s1639_F_RAP_03_ASEReadCounter.table","NW_015090842.1:9458904",8,14,6
"ZFPM1","s1639_F_RAP_03_ASEReadCounter.table","NW_015090842.1:9458916",5,10,5
"ZFPM1","s1639_F_RAP_03_ASEReadCounter.table","NW_015090842.1:9468568",6,12,6
"ZFPM1","s1639_F_RAP_03_ASEReadCounter.table","NW_015090842.1:9468593",9,13,4
"ZFPM1","s1639_F_RAP_03_ASEReadCounter.table","NW_015090842.1:9471561",6,7,1
"ZFPM1","s1639_F_RAP_03_ASEReadCounter.table","NW_015090842.1:9472557",8,10,2
"ZFPM1","s1639_F_RAP_03_ASEReadCounter.table","NW_015090842.1:9472565",6,8,2
"ZFPM1","s1639_F_RAP_03_ASEReadCounter.table","NW_015090842.1:9472608",5,11,6
"ZFPM1","s1639_F_RAP_03_ASEReadCounter.table","NW_015090842.1:9472627",2,10,8
"ZFPM1","s1639_F_RAP_03_ASEReadCounter.table","NW_015090842.1:9472668",3,12,9
"ZFPM1","s1639_F_RAP_03_ASEReadCounter.table","NW_015090842.1:9473655",5,14,9
"ZFPM1","s1639_F_RAP_03_ASEReadCounter.table","NW_015090842.1:9475827",2,6,4
"ZFPM1","s1639_F_RAP_03_ASEReadCounter.table","NW_015090842.1:9475842",1,5,4
"ZFPM1","s1639_F_RAP_03_ASEReadCounter.table","NW_015090842.1:9476119",5,8,3
"ZFPM1","s1639_F_RAP_03_ASEReadCounter.table","NW_015090842.1:9476161",4,7,3
"ZFPM1","s1639_F_RAP_03_ASEReadCounter.table","NW_015090842.1:9476219",2,4,2
"ZFPM1","s1639_F_RAP_03_ASEReadCounter.table","NW_015090842.1:9476233",2,4,2
"ZFPM1","s1639_F_RAP_03_ASEReadCounter.table","NW_015090842.1:9476305",8,11,3
"ZFPM1","s1639_F_RAP_03_ASEReadCounter.table","NW_015090842.1:9476395",2,5,3
"ZFPM1","s1639_F_RAP_03_ASEReadCounter.table","NW_015090842.1:9476421",2,6,4
"ZFPM1","s1639_F_RAP_03_ASEReadCounter.table","NW_015090842.1:9476539",10,12,2
"ZFPM1","s1639_F_RAP_03_ASEReadCounter.table","NW_015090842.1:9476576",6,9,3
"ZFPM1","s1639_F_RAP_03_ASEReadCounter.table","NW_015090842.1:9476599",7,7,0
"ZFPM1","s1639_F_RAP_03_ASEReadCounter.table","NW_015090842.1:9476792",10,23,13
"ZFPM1","s1639_F_RAP_03_ASEReadCounter.table","NW_015090842.1:9476803",10,22,12
"ZFPM1","s1639_F_RAP_03_ASEReadCounter.table","NW_015090842.1:9477115",6,23,17
"ZFPM1","s1639_F_RAP_03_ASEReadCounter.table","NW_015090842.1:9477299",4,20,16
"ZFPM1","s1639_F_RAP_03_ASEReadCounter.table","NW_015090842.1:9477398",24,24,0
"ZFPM1","s1639_F_RAP_03_ASEReadCounter.table","NW_015090842.1:9477422",5,20,15
"ZFPM1","s1639_F_RAP_03_ASEReadCounter.table","NW_015090842.1:9477554",9,30,21
"ZFPM1","s1639_F_RAP_03_ASEReadCounter.table","NW_015090842.1:9477575",31,31,0
"ZFPM1","s1639_F_RAP_03_ASEReadCounter.table","NW_015090842.1:9477595",12,34,22
"ZFPM1","s1639_F_RAP_03_ASEReadCounter.table","NW_015090842.1:9477611",11,37,26
"ZFPM1","s1639_F_RAP_03_ASEReadCounter.table","NW_015090842.1:9477659",14,44,30
"ZFPM1","s1639_F_RAP_03_ASEReadCounter.table","NW_015090842.1:9477737",9,28,19
"ZFPM1","s1639_F_RAP_03_ASEReadCounter.table","NW_015090842.1:9477791",11,27,16
"ZFPM1","s1639_F_RAP_03_ASEReadCounter.table","NW_015090842.1:9477844",7,21,14
"ZFPM1","s1639_F_RAP_03_ASEReadCounter.table","NW_015090842.1:9477917",13,32,19
"ZFPM1","s1639_F_RAP_03_ASEReadCounter.table","NW_015090842.1:9478295",29,63,34
"ZFPM1","s1639_F_RAP_03_ASEReadCounter.table","NW_015090842.1:9478349",24,57,33
"ZFPM1","s1639_F_RAP_03_ASEReadCounter.table","NW_015090842.1:9478524",20,47,27
"ZFPM1","s1639_F_RAP_03_ASEReadCounter.table","NW_015090842.1:9478546",22,55,33
"ZFPM1","s1639_F_RAP_03_ASEReadCounter.table","NW_015090842.1:9478573",24,55,31
"ZFPM1","s1639_F_RAP_03_ASEReadCounter.table","NW_015090842.1:9478582",24,45,21
"ZFPM1","s1639_F_RAP_03_ASEReadCounter.table","NW_015090842.1:9478684",9,19,10
"ZFPM1","s1639_F_RAP_03_ASEReadCounter.table","NW_015090842.1:9478711",9,15,6
"ZFPM1","s1639_F_RAP_03_ASEReadCounter.table","NW_015090842.1:9478761",7,21,14
"ZFPM1","s1639_F_RAP_03_ASEReadCounter.table","NW_015090842.1:9478829",8,8,0
"ZC3H18","s1639_F_RAP_03_ASEReadCounter.table","NW_015090842.1:9494271",6,11,5
"ZC3H18","s1639_F_RAP_03_ASEReadCounter.table","NW_015090842.1:9501427",5,15,10
"ZC3H18","s1639_F_RAP_03_ASEReadCounter.table","NW_015090842.1:9501442",7,16,9
"ZC3H18","s1639_F_RAP_03_ASEReadCounter.table","NW_015090842.1:9505538",8,27,19
"ZC3H18","s1639_F_RAP_03_ASEReadCounter.table","NW_015090842.1:9506778",13,28,15
"ZC3H18","s1639_F_RAP_03_ASEReadCounter.table","NW_015090842.1:9522538",11,41,30
"ZC3H18","s1639_F_RAP_03_ASEReadCounter.table","NW_015090842.1:9524350",16,35,19
"ZC3H18","s1639_F_RAP_03_ASEReadCounter.table","NW_015090842.1:9524366",17,40,23
"ZC3H18","s1639_F_RAP_03_ASEReadCounter.table","NW_015090842.1:9524424",7,31,24
"ZC3H18","s1639_F_RAP_03_ASEReadCounter.table","NW_015090842.1:9529649",30,73,43
"ZC3H18","s1639_F_RAP_03_ASEReadCounter.table","NW_015090842.1:9529688",30,67,37
"ZC3H18","s1639_F_RAP_03_ASEReadCounter.table","NW_015090842.1:9529691",32,71,39
"ZC3H18","s1639_F_RAP_03_ASEReadCounter.table","NW_015090842.1:9530977",46,90,44
"ZC3H18","s1639_F_RAP_03_ASEReadCounter.table","NW_015090842.1:9536699",0,62,62
"CYBA","s1639_F_RAP_03_ASEReadCounter.table","NW_015090842.1:9547281",37,44,7
"CYBA","s1639_F_RAP_03_ASEReadCounter.table","NW_015090842.1:9547402",112,141,29
"CYBA","s1639_F_RAP_03_ASEReadCounter.table","NW_015090842.1:9547553",63,92,29
"CYBA","s1639_F_RAP_03_ASEReadCounter.table","NW_015090842.1:9548052",50,68,18
"CYBA","s1639_F_RAP_03_ASEReadCounter.table","NW_015090842.1:9548436",43,56,13
"CYBA","s1639_F_RAP_03_ASEReadCounter.table","NW_015090842.1:9548442",42,55,13
"CYBA","s1639_F_RAP_03_ASEReadCounter.table","NW_015090842.1:9548478",52,64,12
"CYBA","s1639_F_RAP_03_ASEReadCounter.table","NW_015090842.1:9548487",50,62,12
"CYBA","s1639_F_RAP_03_ASEReadCounter.table","NW_015090842.1:9548490",51,62,11
"CYBA","s1639_F_RAP_03_ASEReadCounter.table","NW_015090842.1:9548717",48,56,8
"CYBA","s1639_F_RAP_03_ASEReadCounter.table","NW_015090842.1:9548750",36,39,3
"CYBA","s1639_F_RAP_03_ASEReadCounter.table","NW_015090842.1:9548766",18,22,4
"MVD","s1639_F_RAP_03_ASEReadCounter.table","NW_015090842.1:9550678",26,58,32
"MVD","s1639_F_RAP_03_ASEReadCounter.table","NW_015090842.1:9550690",28,64,36
"MVD","s1639_F_RAP_03_ASEReadCounter.table","NW_015090842.1:9550691",28,63,35
"MVD","s1639_F_RAP_03_ASEReadCounter.table","NW_015090842.1:9550699",33,74,41
"MVD","s1639_F_RAP_03_ASEReadCounter.table","NW_015090842.1:9550719",28,64,36
"MVD","s1639_F_RAP_03_ASEReadCounter.table","NW_015090842.1:9551596",54,109,55
"MVD","s1639_F_RAP_03_ASEReadCounter.table","NW_015090842.1:9551638",56,123,67
"MVD","s1639_F_RAP_03_ASEReadCounter.table","NW_015090842.1:9551899",0,5,5
"MVD","s1639_F_RAP_03_ASEReadCounter.table","NW_015090842.1:9552193",40,81,41
"MVD","s1639_F_RAP_03_ASEReadCounter.table","NW_015090842.1:9552202",43,90,47
"MVD","s1639_F_RAP_03_ASEReadCounter.table","NW_015090842.1:9552208",43,89,46
"MVD","s1639_F_RAP_03_ASEReadCounter.table","NW_015090842.1:9552625",25,44,19
"MVD","s1639_F_RAP_03_ASEReadCounter.table","NW_015090842.1:9552629",49,49,0
"MVD","s1639_F_RAP_03_ASEReadCounter.table","NW_015090842.1:9552644",29,53,24
"MVD","s1639_F_RAP_03_ASEReadCounter.table","NW_015090842.1:9553093",15,33,18
"MVD","s1639_F_RAP_03_ASEReadCounter.table","NW_015090842.1:9553114",20,42,22
"RNF166","s1639_F_RAP_03_ASEReadCounter.table","NW_015090842.1:9557900",14,39,25
"RNF166","s1639_F_RAP_03_ASEReadCounter.table","NW_015090842.1:9558048",16,36,20
"RNF166","s1639_F_RAP_03_ASEReadCounter.table","NW_015090842.1:9558116",15,40,25
"RNF166","s1639_F_RAP_03_ASEReadCounter.table","NW_015090842.1:9558308",22,51,29
"RNF166","s1639_F_RAP_03_ASEReadCounter.table","NW_015090842.1:9558405",16,30,14
"RNF166","s1639_F_RAP_03_ASEReadCounter.table","NW_015090842.1:9558549",21,40,19
"RNF166","s1639_F_RAP_03_ASEReadCounter.table","NW_015090842.1:9558556",19,38,19
"RNF166","s1639_F_RAP_03_ASEReadCounter.table","NW_015090842.1:9558579",24,44,20
"RNF166","s1639_F_RAP_03_ASEReadCounter.table","NW_015090842.1:9558599",21,39,18
"RNF166","s1639_F_RAP_03_ASEReadCounter.table","NW_015090842.1:9558688",13,40,27
"RNF166","s1639_F_RAP_03_ASEReadCounter.table","NW_015090842.1:9558711",16,50,34
"RNF166","s1639_F_RAP_03_ASEReadCounter.table","NW_015090842.1:9558733",17,45,28
"RNF166","s1639_F_RAP_03_ASEReadCounter.table","NW_015090842.1:9558847",16,37,21
"RNF166","s1639_F_RAP_03_ASEReadCounter.table","NW_015090842.1:9559798",14,40,26
"RNF166","s1639_F_RAP_03_ASEReadCounter.table","NW_015090842.1:9560575",25,46,21
"RNF166","s1639_F_RAP_03_ASEReadCounter.table","NW_015090842.1:9561055",8,18,10
"RNF166","s1639_F_RAP_03_ASEReadCounter.table","NW_015090842.1:9562458",10,23,13
"RNF166","s1639_F_RAP_03_ASEReadCounter.table","NW_015090842.1:9562497",8,21,13
"RNF166","s1639_F_RAP_03_ASEReadCounter.table","NW_015090842.1:9562539",13,25,12
"RNF166","s1639_F_RAP_03_ASEReadCounter.table","NW_015090842.1:9564056",6,14,8
"CTU2","s1639_F_RAP_03_ASEReadCounter.table","NW_015090842.1:9565149",7,19,12
"CTU2","s1639_F_RAP_03_ASEReadCounter.table","NW_015090842.1:9565193",8,20,12
"CTU2","s1639_F_RAP_03_ASEReadCounter.table","NW_015090842.1:9565300",4,21,17
"CTU2","s1639_F_RAP_03_ASEReadCounter.table","NW_015090842.1:9565321",8,29,21
"CTU2","s1639_F_RAP_03_ASEReadCounter.table","NW_015090842.1:9565721",11,24,13
"CTU2","s1639_F_RAP_03_ASEReadCounter.table","NW_015090842.1:9565739",9,25,16
"CTU2","s1639_F_RAP_03_ASEReadCounter.table","NW_015090842.1:9565905",13,27,14
"CTU2","s1639_F_RAP_03_ASEReadCounter.table","NW_015090842.1:9566013",30,30,0
"CTU2","s1639_F_RAP_03_ASEReadCounter.table","NW_015090842.1:9566055",26,45,19
"CTU2","s1639_F_RAP_03_ASEReadCounter.table","NW_015090842.1:9566056",26,45,19
"CTU2","s1639_F_RAP_03_ASEReadCounter.table","NW_015090842.1:9566151",9,24,15
"CTU2","s1639_F_RAP_03_ASEReadCounter.table","NW_015090842.1:9566300",17,37,20
"CTU2","s1639_F_RAP_03_ASEReadCounter.table","NW_015090842.1:9566342",12,32,20
"CTU2","s1639_F_RAP_03_ASEReadCounter.table","NW_015090842.1:9566548",11,30,19
"CTU2","s1639_F_RAP_03_ASEReadCounter.table","NW_015090842.1:9566625",22,48,26
"CTU2","s1639_F_RAP_03_ASEReadCounter.table","NW_015090842.1:9566633",22,49,27
"CTU2","s1639_F_RAP_03_ASEReadCounter.table","NW_015090842.1:9566807",21,41,20
"CTU2","s1639_F_RAP_03_ASEReadCounter.table","NW_015090842.1:9567139",18,46,28
"CTU2","s1639_F_RAP_03_ASEReadCounter.table","NW_015090842.1:9567156",21,48,27
"CTU2","s1639_F_RAP_03_ASEReadCounter.table","NW_015090842.1:9567614",27,62,35
"CTU2","s1639_F_RAP_03_ASEReadCounter.table","NW_015090842.1:9567677",21,53,32
"CTU2","s1639_F_RAP_03_ASEReadCounter.table","NW_015090842.1:9567747",25,51,26
"CTU2","s1639_F_RAP_03_ASEReadCounter.table","NW_015090842.1:9567828",20,48,28
"CTU2","s1639_F_RAP_03_ASEReadCounter.table","NW_015090842.1:9567829",20,48,28
"CTU2","s1639_F_RAP_03_ASEReadCounter.table","NW_015090842.1:9567885",9,31,22
"PIEZO1","s1639_F_RAP_03_ASEReadCounter.table","NW_015090842.1:9568093",51,120,69
"PIEZO1","s1639_F_RAP_03_ASEReadCounter.table","NW_015090842.1:9568672",39,106,67
"PIEZO1","s1639_F_RAP_03_ASEReadCounter.table","NW_015090842.1:9568948",31,94,63
"PIEZO1","s1639_F_RAP_03_ASEReadCounter.table","NW_015090842.1:9568987",72,72,0
"PIEZO1","s1639_F_RAP_03_ASEReadCounter.table","NW_015090842.1:9569040",33,79,46
"PIEZO1","s1639_F_RAP_03_ASEReadCounter.table","NW_015090842.1:9569180",25,66,41
"PIEZO1","s1639_F_RAP_03_ASEReadCounter.table","NW_015090842.1:9569192",27,66,39
"PIEZO1","s1639_F_RAP_03_ASEReadCounter.table","NW_015090842.1:9570088",29,58,29
"PIEZO1","s1639_F_RAP_03_ASEReadCounter.table","NW_015090842.1:9570480",24,59,35
"PIEZO1","s1639_F_RAP_03_ASEReadCounter.table","NW_015090842.1:9570639",18,52,34
"PIEZO1","s1639_F_RAP_03_ASEReadCounter.table","NW_015090842.1:9571847",19,44,25
"PIEZO1","s1639_F_RAP_03_ASEReadCounter.table","NW_015090842.1:9572371",11,37,26
"PIEZO1","s1639_F_RAP_03_ASEReadCounter.table","NW_015090842.1:9572638",17,28,11
"PIEZO1","s1639_F_RAP_03_ASEReadCounter.table","NW_015090842.1:9573156",20,59,39
"PIEZO1","s1639_F_RAP_03_ASEReadCounter.table","NW_015090842.1:9573280",18,45,27
"PIEZO1","s1639_F_RAP_03_ASEReadCounter.table","NW_015090842.1:9573566",12,35,23
"PIEZO1","s1639_F_RAP_03_ASEReadCounter.table","NW_015090842.1:9575341",12,25,13
"PIEZO1","s1639_F_RAP_03_ASEReadCounter.table","NW_015090842.1:9575367",12,24,12
"PIEZO1","s1639_F_RAP_03_ASEReadCounter.table","NW_015090842.1:9575645",10,24,14
"PIEZO1","s1639_F_RAP_03_ASEReadCounter.table","NW_015090842.1:9575696",10,25,15
"PIEZO1","s1639_F_RAP_03_ASEReadCounter.table","NW_015090842.1:9575897",7,22,15
"PIEZO1","s1639_F_RAP_03_ASEReadCounter.table","NW_015090842.1:9576060",6,17,11
"PIEZO1","s1639_F_RAP_03_ASEReadCounter.table","NW_015090842.1:9576087",7,20,13
"PIEZO1","s1639_F_RAP_03_ASEReadCounter.table","NW_015090842.1:9576093",7,22,15
"PIEZO1","s1639_F_RAP_03_ASEReadCounter.table","NW_015090842.1:9576120",4,21,17
"PIEZO1","s1639_F_RAP_03_ASEReadCounter.table","NW_015090842.1:9576687",6,15,9
"PIEZO1","s1639_F_RAP_03_ASEReadCounter.table","NW_015090842.1:9576710",17,17,0
"PIEZO1","s1639_F_RAP_03_ASEReadCounter.table","NW_015090842.1:9576723",4,19,15
"PIEZO1","s1639_F_RAP_03_ASEReadCounter.table","NW_015090842.1:9578268",3,15,12
"PIEZO1","s1639_F_RAP_03_ASEReadCounter.table","NW_015090842.1:9578770",13,18,5
"PIEZO1","s1639_F_RAP_03_ASEReadCounter.table","NW_015090842.1:9578806",15,20,5
"PIEZO1","s1639_F_RAP_03_ASEReadCounter.table","NW_015090842.1:9579064",7,16,9
"PIEZO1","s1639_F_RAP_03_ASEReadCounter.table","NW_015090842.1:9579065",7,15,8
"PIEZO1","s1639_F_RAP_03_ASEReadCounter.table","NW_015090842.1:9579347",8,15,7
"PIEZO1","s1639_F_RAP_03_ASEReadCounter.table","NW_015090842.1:9580765",4,11,7
"PIEZO1","s1639_F_RAP_03_ASEReadCounter.table","NW_015090842.1:9580996",6,11,5
"PIEZO1","s1639_F_RAP_03_ASEReadCounter.table","NW_015090842.1:9581101",6,8,2
"PIEZO1","s1639_F_RAP_03_ASEReadCounter.table","NW_015090842.1:9581299",4,7,3
"PIEZO1","s1639_F_RAP_03_ASEReadCounter.table","NW_015090842.1:9581875",7,15,8
"PIEZO1","s1639_F_RAP_03_ASEReadCounter.table","NW_015090842.1:9582046",3,9,6
"PIEZO1","s1639_F_RAP_03_ASEReadCounter.table","NW_015090842.1:9582961",2,8,6
"PIEZO1","s1639_F_RAP_03_ASEReadCounter.table","NW_015090842.1:9583298",3,8,5
"PIEZO1","s1639_F_RAP_03_ASEReadCounter.table","NW_015090842.1:9584337",5,12,7
"PIEZO1","s1639_F_RAP_03_ASEReadCounter.table","NW_015090842.1:9584425",4,12,8
"PIEZO1","s1639_F_RAP_03_ASEReadCounter.table","NW_015090842.1:9584435",4,12,8
"PIEZO1","s1639_F_RAP_03_ASEReadCounter.table","NW_015090842.1:9584438",4,12,8
"PIEZO1","s1639_F_RAP_03_ASEReadCounter.table","NW_015090842.1:9584441",4,10,6
"CDT1","s1639_F_RAP_03_ASEReadCounter.table","NW_015090842.1:9596596",0,1,1
"CDT1","s1639_F_RAP_03_ASEReadCounter.table","NW_015090842.1:9596766",1,2,1
"CDT1","s1639_F_RAP_03_ASEReadCounter.table","NW_015090842.1:9597054",5,6,1
"CDT1","s1639_F_RAP_03_ASEReadCounter.table","NW_015090842.1:9597074",6,6,0
"CDT1","s1639_F_RAP_03_ASEReadCounter.table","NW_015090842.1:9597137",7,9,2
"CDT1","s1639_F_RAP_03_ASEReadCounter.table","NW_015090842.1:9597756",5,8,3
"CDT1","s1639_F_RAP_03_ASEReadCounter.table","NW_015090842.1:9597766",5,8,3
"CDT1","s1639_F_RAP_03_ASEReadCounter.table","NW_015090842.1:9598496",9,13,4
"CDT1","s1639_F_RAP_03_ASEReadCounter.table","NW_015090842.1:9598498",9,12,3
"CDT1","s1639_F_RAP_03_ASEReadCounter.table","NW_015090842.1:9598816",5,8,3
"CDT1","s1639_F_RAP_03_ASEReadCounter.table","NW_015090842.1:9598879",5,10,5
"CDT1","s1639_F_RAP_03_ASEReadCounter.table","NW_015090842.1:9598912",5,11,6
"CDT1","s1639_F_RAP_03_ASEReadCounter.table","NW_015090842.1:9598959",8,14,6
"CDT1","s1639_F_RAP_03_ASEReadCounter.table","NW_015090842.1:9599807",6,12,6
"CDT1","s1639_F_RAP_03_ASEReadCounter.table","NW_015090842.1:9599819",4,11,7
"CDT1","s1639_F_RAP_03_ASEReadCounter.table","NW_015090842.1:9599845",4,15,11
"CDT1","s1639_F_RAP_03_ASEReadCounter.table","NW_015090842.1:9600148",6,16,10
"CDT1","s1639_F_RAP_03_ASEReadCounter.table","NW_015090842.1:9600151",8,18,10
"CDT1","s1639_F_RAP_03_ASEReadCounter.table","NW_015090842.1:9600217",14,26,12
"CDT1","s1639_F_RAP_03_ASEReadCounter.table","NW_015090842.1:9600226",14,28,14
"CDT1","s1639_F_RAP_03_ASEReadCounter.table","NW_015090842.1:9600260",17,34,17
"CDT1","s1639_F_RAP_03_ASEReadCounter.table","NW_015090842.1:9600268",18,33,15
"CDT1","s1639_F_RAP_03_ASEReadCounter.table","NW_015090842.1:9600305",15,26,11
"CDT1","s1639_F_RAP_03_ASEReadCounter.table","NW_015090842.1:9600397",11,23,12
"CDT1","s1639_F_RAP_03_ASEReadCounter.table","NW_015090842.1:9600447",6,12,6
"CDT1","s1639_F_RAP_03_ASEReadCounter.table","NW_015090842.1:9600450",6,11,5
"CDT1","s1639_F_RAP_03_ASEReadCounter.table","NW_015090842.1:9600485",8,13,5
"CDT1","s1639_F_RAP_03_ASEReadCounter.table","NW_015090842.1:9600579",11,22,11
"APRT","s1639_F_RAP_03_ASEReadCounter.table","NW_015090842.1:9602308",33,87,54
"APRT","s1639_F_RAP_03_ASEReadCounter.table","NW_015090842.1:9602440",84,202,118
"APRT","s1639_F_RAP_03_ASEReadCounter.table","NW_015090842.1:9602449",91,208,117
"APRT","s1639_F_RAP_03_ASEReadCounter.table","NW_015090842.1:9602451",92,210,118
"APRT","s1639_F_RAP_03_ASEReadCounter.table","NW_015090842.1:9602455",93,205,112
"APRT","s1639_F_RAP_03_ASEReadCounter.table","NW_015090842.1:9602462",93,206,113
"APRT","s1639_F_RAP_03_ASEReadCounter.table","NW_015090842.1:9602507",74,190,116
"APRT","s1639_F_RAP_03_ASEReadCounter.table","NW_015090842.1:9602514",75,194,119
"APRT","s1639_F_RAP_03_ASEReadCounter.table","NW_015090842.1:9602530",66,171,105
"APRT","s1639_F_RAP_03_ASEReadCounter.table","NW_015090842.1:9602582",43,139,96
"APRT","s1639_F_RAP_03_ASEReadCounter.table","NW_015090842.1:9602583",43,138,95
"APRT","s1639_F_RAP_03_ASEReadCounter.table","NW_015090842.1:9602650",61,159,98
"APRT","s1639_F_RAP_03_ASEReadCounter.table","NW_015090842.1:9602655",58,158,100
"APRT","s1639_F_RAP_03_ASEReadCounter.table","NW_015090842.1:9602712",41,144,103
"APRT","s1639_F_RAP_03_ASEReadCounter.table","NW_015090842.1:9602764",52,147,95
"APRT","s1639_F_RAP_03_ASEReadCounter.table","NW_015090842.1:9602821",38,113,75
"APRT","s1639_F_RAP_03_ASEReadCounter.table","NW_015090842.1:9602867",40,114,74
"APRT","s1639_F_RAP_03_ASEReadCounter.table","NW_015090842.1:9602883",38,119,81
"APRT","s1639_F_RAP_03_ASEReadCounter.table","NW_015090842.1:9602886",42,123,81
"APRT","s1639_F_RAP_03_ASEReadCounter.table","NW_015090842.1:9602948",47,136,89
"APRT","s1639_F_RAP_03_ASEReadCounter.table","NW_015090842.1:9602958",47,143,96
"APRT","s1639_F_RAP_03_ASEReadCounter.table","NW_015090842.1:9603020",53,161,108
"APRT","s1639_F_RAP_03_ASEReadCounter.table","NW_015090842.1:9603025",52,160,108
"APRT","s1639_F_RAP_03_ASEReadCounter.table","NW_015090842.1:9603154",38,113,75
"APRT","s1639_F_RAP_03_ASEReadCounter.table","NW_015090842.1:9603166",42,120,78
"APRT","s1639_F_RAP_03_ASEReadCounter.table","NW_015090842.1:9603326",56,132,76
"APRT","s1639_F_RAP_03_ASEReadCounter.table","NW_015090842.1:9603419",39,99,60
"APRT","s1639_F_RAP_03_ASEReadCounter.table","NW_015090842.1:9603420",38,94,56
"APRT","s1639_F_RAP_03_ASEReadCounter.table","NW_015090842.1:9603464",41,86,45
"APRT","s1639_F_RAP_03_ASEReadCounter.table","NW_015090842.1:9603528",39,97,58
"APRT","s1639_F_RAP_03_ASEReadCounter.table","NW_015090842.1:9603607",26,87,61
"APRT","s1639_F_RAP_03_ASEReadCounter.table","NW_015090842.1:9603622",20,75,55
"APRT","s1639_F_RAP_03_ASEReadCounter.table","NW_015090842.1:9604361",21,58,37
"APRT","s1639_F_RAP_03_ASEReadCounter.table","NW_015090842.1:9605317",19,50,31
"APRT","s1639_F_RAP_03_ASEReadCounter.table","NW_015090842.1:9605336",20,49,29
"GALNS","s1639_F_RAP_03_ASEReadCounter.table","NW_015090842.1:9612872",3,10,7
"GALNS","s1639_F_RAP_03_ASEReadCounter.table","NW_015090842.1:9612873",2,9,7
"GALNS","s1639_F_RAP_03_ASEReadCounter.table","NW_015090842.1:9612877",2,9,7
"GALNS","s1639_F_RAP_03_ASEReadCounter.table","NW_015090842.1:9612942",17,34,17
"GALNS","s1639_F_RAP_03_ASEReadCounter.table","NW_015090842.1:9612987",31,31,0
"GALNS","s1639_F_RAP_03_ASEReadCounter.table","NW_015090842.1:9613064",21,45,24
"GALNS","s1639_F_RAP_03_ASEReadCounter.table","NW_015090842.1:9613096",34,68,34
"GALNS","s1639_F_RAP_03_ASEReadCounter.table","NW_015090842.1:9613123",26,62,36
"GALNS","s1639_F_RAP_03_ASEReadCounter.table","NW_015090842.1:9613125",27,63,36
"GALNS","s1639_F_RAP_03_ASEReadCounter.table","NW_015090842.1:9613193",26,63,37
"GALNS","s1639_F_RAP_03_ASEReadCounter.table","NW_015090842.1:9613226",27,55,28
"GALNS","s1639_F_RAP_03_ASEReadCounter.table","NW_015090842.1:9613249",35,68,33
"GALNS","s1639_F_RAP_03_ASEReadCounter.table","NW_015090842.1:9613256",40,76,36
"GALNS","s1639_F_RAP_03_ASEReadCounter.table","NW_015090842.1:9613317",31,68,37
"GALNS","s1639_F_RAP_03_ASEReadCounter.table","NW_015090842.1:9613343",25,60,35
"GALNS","s1639_F_RAP_03_ASEReadCounter.table","NW_015090842.1:9613344",24,59,35
"GALNS","s1639_F_RAP_03_ASEReadCounter.table","NW_015090842.1:9613371",31,64,33
"GALNS","s1639_F_RAP_03_ASEReadCounter.table","NW_015090842.1:9613378",27,62,35
"GALNS","s1639_F_RAP_03_ASEReadCounter.table","NW_015090842.1:9613379",28,62,34
"GALNS","s1639_F_RAP_03_ASEReadCounter.table","NW_015090842.1:9613516",27,71,44
"GALNS","s1639_F_RAP_03_ASEReadCounter.table","NW_015090842.1:9613572",25,65,40
"GALNS","s1639_F_RAP_03_ASEReadCounter.table","NW_015090842.1:9613597",23,66,43
"GALNS","s1639_F_RAP_03_ASEReadCounter.table","NW_015090842.1:9613627",18,51,33
"GALNS","s1639_F_RAP_03_ASEReadCounter.table","NW_015090842.1:9613640",18,50,32
"GALNS","s1639_F_RAP_03_ASEReadCounter.table","NW_015090842.1:9614025",21,47,26
"GALNS","s1639_F_RAP_03_ASEReadCounter.table","NW_015090842.1:9614169",21,36,15
"GALNS","s1639_F_RAP_03_ASEReadCounter.table","NW_015090842.1:9614232",35,35,0
"GALNS","s1639_F_RAP_03_ASEReadCounter.table","NW_015090842.1:9614667",15,28,13
"GALNS","s1639_F_RAP_03_ASEReadCounter.table","NW_015090842.1:9614709",14,28,14
"GALNS","s1639_F_RAP_03_ASEReadCounter.table","NW_015090842.1:9614880",17,29,12
"GALNS","s1639_F_RAP_03_ASEReadCounter.table","NW_015090842.1:9614902",15,28,13
"GALNS","s1639_F_RAP_03_ASEReadCounter.table","NW_015090842.1:9614960",10,24,14
"GALNS","s1639_F_RAP_03_ASEReadCounter.table","NW_015090842.1:9615114",16,28,12
"GALNS","s1639_F_RAP_03_ASEReadCounter.table","NW_015090842.1:9615199",16,24,8
"GALNS","s1639_F_RAP_03_ASEReadCounter.table","NW_015090842.1:9615217",13,21,8
"GALNS","s1639_F_RAP_03_ASEReadCounter.table","NW_015090842.1:9615277",9,20,11
"GALNS","s1639_F_RAP_03_ASEReadCounter.table","NW_015090842.1:9615377",18,33,15
"GALNS","s1639_F_RAP_03_ASEReadCounter.table","NW_015090842.1:9647858",3,6,3
"GALNS","s1639_F_RAP_03_ASEReadCounter.table","NW_015090842.1:9649186",11,16,5
"GALNS","s1639_F_RAP_03_ASEReadCounter.table","NW_015090842.1:9649237",9,14,5
"GALNS","s1639_F_RAP_03_ASEReadCounter.table","NW_015090842.1:9661193",2,2,0
"TRAPPC2L","s1639_F_RAP_03_ASEReadCounter.table","NW_015090842.1:9662951",149,282,133
"TRAPPC2L","s1639_F_RAP_03_ASEReadCounter.table","NW_015090842.1:9663014",163,297,134
"TRAPPC2L","s1639_F_RAP_03_ASEReadCounter.table","NW_015090842.1:9664305",309,310,1
"TRAPPC2L","s1639_F_RAP_03_ASEReadCounter.table","NW_015090842.1:9665155",173,307,134
"TRAPPC2L","s1639_F_RAP_03_ASEReadCounter.table","NW_015090842.1:9665211",41,83,42
"CBFA2T3","s1639_F_RAP_03_ASEReadCounter.table","NW_015090842.1:9709469",1,36,35
"CBFA2T3","s1639_F_RAP_03_ASEReadCounter.table","NW_015090842.1:9709475",0,37,37
"CBFA2T3","s1639_F_RAP_03_ASEReadCounter.table","NW_015090842.1:9711845",0,8,8
"CBFA2T3","s1639_F_RAP_03_ASEReadCounter.table","NW_015090842.1:9712157",0,18,18
"CBFA2T3","s1639_F_RAP_03_ASEReadCounter.table","NW_015090842.1:9712160",0,17,17
"CBFA2T3","s1639_F_RAP_03_ASEReadCounter.table","NW_015090842.1:9712166",0,19,19
"CBFA2T3","s1639_F_RAP_03_ASEReadCounter.table","NW_015090842.1:9712536",3,5,2
"CBFA2T3","s1639_F_RAP_03_ASEReadCounter.table","NW_015090842.1:9712673",4,9,5
"CBFA2T3","s1639_F_RAP_03_ASEReadCounter.table","NW_015090842.1:9712787",6,16,10
"CBFA2T3","s1639_F_RAP_03_ASEReadCounter.table","NW_015090842.1:9712791",8,18,10
"CBFA2T3","s1639_F_RAP_03_ASEReadCounter.table","NW_015090842.1:9712805",7,18,11
"CBFA2T3","s1639_F_RAP_03_ASEReadCounter.table","NW_015090842.1:9712811",7,20,13
"CBFA2T3","s1639_F_RAP_03_ASEReadCounter.table","NW_015090842.1:9712848",10,24,14
"CBFA2T3","s1639_F_RAP_03_ASEReadCounter.table","NW_015090842.1:9713088",8,15,7
"CBFA2T3","s1639_F_RAP_03_ASEReadCounter.table","NW_015090842.1:9713121",6,10,4
"CBFA2T3","s1639_F_RAP_03_ASEReadCounter.table","NW_015090842.1:9717058",11,19,8
"CBFA2T3","s1639_F_RAP_03_ASEReadCounter.table","NW_015090842.1:9717093",7,16,9
"CBFA2T3","s1639_F_RAP_03_ASEReadCounter.table","NW_015090842.1:9717114",7,17,10
"CBFA2T3","s1639_F_RAP_03_ASEReadCounter.table","NW_015090842.1:9717139",7,17,10
"CBFA2T3","s1639_F_RAP_03_ASEReadCounter.table","NW_015090842.1:9719788",8,17,9
"CBFA2T3","s1639_F_RAP_03_ASEReadCounter.table","NW_015090842.1:9728475",0,3,3
"CBFA2T3","s1639_F_RAP_03_ASEReadCounter.table","NW_015090842.1:9728522",0,1,1
"CBFA2T3","s1639_F_RAP_03_ASEReadCounter.table","NW_015090842.1:9728525",0,1,1
"CBFA2T3","s1639_F_RAP_03_ASEReadCounter.table","NW_015090842.1:9728588",0,2,2
"CBFA2T3","s1639_F_RAP_03_ASEReadCounter.table","NW_015090842.1:9728601",0,2,2
"CBFA2T3","s1639_F_RAP_03_ASEReadCounter.table","NW_015090842.1:9728611",0,2,2
"CBFA2T3","s1639_F_RAP_03_ASEReadCounter.table","NW_015090842.1:9728654",1,2,1
"ACSF3","s1639_F_RAP_03_ASEReadCounter.table","NW_015090842.1:9773379",2,4,2
"ACSF3","s1639_F_RAP_03_ASEReadCounter.table","NW_015090842.1:9773382",2,5,3
"ACSF3","s1639_F_RAP_03_ASEReadCounter.table","NW_015090842.1:9773384",2,5,3
"ACSF3","s1639_F_RAP_03_ASEReadCounter.table","NW_015090842.1:9773388",2,6,4
"ACSF3","s1639_F_RAP_03_ASEReadCounter.table","NW_015090842.1:9776753",3,7,4
"ACSF3","s1639_F_RAP_03_ASEReadCounter.table","NW_015090842.1:9776783",6,10,4
"ACSF3","s1639_F_RAP_03_ASEReadCounter.table","NW_015090842.1:9776879",4,7,3
"ACSF3","s1639_F_RAP_03_ASEReadCounter.table","NW_015090842.1:9776965",9,13,4
"ACSF3","s1639_F_RAP_03_ASEReadCounter.table","NW_015090842.1:9777091",5,8,3
"ACSF3","s1639_F_RAP_03_ASEReadCounter.table","NW_015090842.1:9777206",12,19,7
"ACSF3","s1639_F_RAP_03_ASEReadCounter.table","NW_015090842.1:9777283",14,21,7
"ACSF3","s1639_F_RAP_03_ASEReadCounter.table","NW_015090842.1:9778955",12,23,11
"ACSF3","s1639_F_RAP_03_ASEReadCounter.table","NW_015090842.1:9778997",21,45,24
"ACSF3","s1639_F_RAP_03_ASEReadCounter.table","NW_015090842.1:9789311",16,46,30
"ACSF3","s1639_F_RAP_03_ASEReadCounter.table","NW_015090842.1:9789906",1,33,32
"ACSF3","s1639_F_RAP_03_ASEReadCounter.table","NW_015090842.1:9834743",43,105,62
"ACSF3","s1639_F_RAP_03_ASEReadCounter.table","NW_015090842.1:9834852",49,100,51
"ACSF3","s1639_F_RAP_03_ASEReadCounter.table","NW_015090842.1:9834861",42,92,50
"ACSF3","s1639_F_RAP_03_ASEReadCounter.table","NW_015090842.1:9839359",42,79,37
"ACSF3","s1639_F_RAP_03_ASEReadCounter.table","NW_015090842.1:9839378",42,76,34
"ACSF3","s1639_F_RAP_03_ASEReadCounter.table","NW_015090842.1:9839455",34,83,49
"ACSF3","s1639_F_RAP_03_ASEReadCounter.table","NW_015090842.1:9839457",34,79,45
"ACSF3","s1639_F_RAP_03_ASEReadCounter.table","NW_015090842.1:9839489",33,68,35
"ACSF3","s1639_F_RAP_03_ASEReadCounter.table","NW_015090842.1:9839500",32,62,30
"ACSF3","s1639_F_RAP_03_ASEReadCounter.table","NW_015090842.1:9839501",32,62,30
"ACSF3","s1639_F_RAP_03_ASEReadCounter.table","NW_015090842.1:9839504",36,66,30
"ACSF3","s1639_F_RAP_03_ASEReadCounter.table","NW_015090842.1:9839512",31,55,24
"ACSF3","s1639_F_RAP_03_ASEReadCounter.table","NW_015090842.1:9839527",24,43,19
"ACSF3","s1639_F_RAP_03_ASEReadCounter.table","NW_015090842.1:9839533",16,34,18
"ACSF3","s1639_F_RAP_03_ASEReadCounter.table","NW_015090842.1:9839535",16,30,14
"ACSF3","s1639_F_RAP_03_ASEReadCounter.table","NW_015090842.1:9839545",7,18,11
"ACSF3","s1639_F_RAP_03_ASEReadCounter.table","NW_015090842.1:9839550",6,16,10
"ACSF3","s1639_F_RAP_03_ASEReadCounter.table","NW_015090842.1:9839551",6,16,10
"CDH15","s1639_F_RAP_03_ASEReadCounter.table","NW_015090842.1:9848004",1,2,1
"CDH15","s1639_F_RAP_03_ASEReadCounter.table","NW_015090842.1:9848220",0,2,2
"CDH15","s1639_F_RAP_03_ASEReadCounter.table","NW_015090842.1:9848265",1,3,2
"CDH15","s1639_F_RAP_03_ASEReadCounter.table","NW_015090842.1:9848307",1,2,1
"CDH15","s1639_F_RAP_03_ASEReadCounter.table","NW_015090842.1:9848310",1,2,1
"CDH15","s1639_F_RAP_03_ASEReadCounter.table","NW_015090842.1:9848313",1,2,1
"CDH15","s1639_F_RAP_03_ASEReadCounter.table","NW_015090842.1:9848531",1,1,0
"CDH15","s1639_F_RAP_03_ASEReadCounter.table","NW_015090842.1:9848552",0,1,1
"CDH15","s1639_F_RAP_03_ASEReadCounter.table","NW_015090842.1:9848888",0,1,1
"CDH15","s1639_F_RAP_03_ASEReadCounter.table","NW_015090842.1:9848936",0,1,1
"CDH15","s1639_F_RAP_03_ASEReadCounter.table","NW_015090842.1:9849086",3,4,1
"CDH15","s1639_F_RAP_03_ASEReadCounter.table","NW_015090842.1:9849119",2,3,1
"CDH15","s1639_F_RAP_03_ASEReadCounter.table","NW_015090842.1:9849140",3,5,2
"CDH15","s1639_F_RAP_03_ASEReadCounter.table","NW_015090842.1:9849473",2,5,3
"CDH15","s1639_F_RAP_03_ASEReadCounter.table","NW_015090842.1:9850141",0,1,1
"CDH15","s1639_F_RAP_03_ASEReadCounter.table","NW_015090842.1:9850386",2,5,3
"CDH15","s1639_F_RAP_03_ASEReadCounter.table","NW_015090842.1:9850432",1,4,3
"CDH15","s1639_F_RAP_03_ASEReadCounter.table","NW_015090842.1:9850609",0,2,2
"SLC22A31","s1639_F_RAP_03_ASEReadCounter.table","NW_015090842.1:9850797",0,2,2
"SLC22A31","s1639_F_RAP_03_ASEReadCounter.table","NW_015090842.1:9850818",0,2,2
"SLC22A31","s1639_F_RAP_03_ASEReadCounter.table","NW_015090842.1:9850929",0,1,1
"SLC22A31","s1639_F_RAP_03_ASEReadCounter.table","NW_015090842.1:9850936",0,2,2
"SLC22A31","s1639_F_RAP_03_ASEReadCounter.table","NW_015090842.1:9850940",0,1,1
"SLC22A31","s1639_F_RAP_03_ASEReadCounter.table","NW_015090842.1:9850948",0,2,2
"SLC22A31","s1639_F_RAP_03_ASEReadCounter.table","NW_015090842.1:9850961",0,2,2
"SLC22A31","s1639_F_RAP_03_ASEReadCounter.table","NW_015090842.1:9850970",0,2,2
"SLC22A31","s1639_F_RAP_03_ASEReadCounter.table","NW_015090842.1:9850978",0,2,2
"SLC22A31","s1639_F_RAP_03_ASEReadCounter.table","NW_015090842.1:9850981",0,2,2
"SLC22A31","s1639_F_RAP_03_ASEReadCounter.table","NW_015090842.1:9851117",5,14,9
"SLC22A31","s1639_F_RAP_03_ASEReadCounter.table","NW_015090842.1:9851130",5,14,9
"SLC22A31","s1639_F_RAP_03_ASEReadCounter.table","NW_015090842.1:9851139",5,14,9
"SLC22A31","s1639_F_RAP_03_ASEReadCounter.table","NW_015090842.1:9851265",5,22,17
"SLC22A31","s1639_F_RAP_03_ASEReadCounter.table","NW_015090842.1:9851302",4,19,15
"SLC22A31","s1639_F_RAP_03_ASEReadCounter.table","NW_015090842.1:9851303",6,21,15
"SLC22A31","s1639_F_RAP_03_ASEReadCounter.table","NW_015090842.1:9851305",6,21,15
"SLC22A31","s1639_F_RAP_03_ASEReadCounter.table","NW_015090842.1:9851343",4,14,10
"SLC22A31","s1639_F_RAP_03_ASEReadCounter.table","NW_015090842.1:9851344",6,14,8
"SLC22A31","s1639_F_RAP_03_ASEReadCounter.table","NW_015090842.1:9851361",13,13,0
"SLC22A31","s1639_F_RAP_03_ASEReadCounter.table","NW_015090842.1:9851381",9,21,12
"SLC22A31","s1639_F_RAP_03_ASEReadCounter.table","NW_015090842.1:9851421",12,26,14
"SLC22A31","s1639_F_RAP_03_ASEReadCounter.table","NW_015090842.1:9851501",12,21,9
"SLC22A31","s1639_F_RAP_03_ASEReadCounter.table","NW_015090842.1:9851526",10,23,13
"SLC22A31","s1639_F_RAP_03_ASEReadCounter.table","NW_015090842.1:9851589",13,27,14
"SLC22A31","s1639_F_RAP_03_ASEReadCounter.table","NW_015090842.1:9851712",8,24,16
"SLC22A31","s1639_F_RAP_03_ASEReadCounter.table","NW_015090842.1:9851899",9,21,12
"SLC22A31","s1639_F_RAP_03_ASEReadCounter.table","NW_015090842.1:9852139",5,12,7
"SLC22A31","s1639_F_RAP_03_ASEReadCounter.table","NW_015090842.1:9852380",10,22,12
"SLC22A31","s1639_F_RAP_03_ASEReadCounter.table","NW_015090842.1:9852431",6,17,11
"SLC22A31","s1639_F_RAP_03_ASEReadCounter.table","NW_015090842.1:9852630",6,14,8
"SLC22A31","s1639_F_RAP_03_ASEReadCounter.table","NW_015090842.1:9852711",3,11,8
"SLC22A31","s1639_F_RAP_03_ASEReadCounter.table","NW_015090842.1:9853099",1,5,4
"SLC22A31","s1639_F_RAP_03_ASEReadCounter.table","NW_015090842.1:9853102",1,5,4
"SLC22A31","s1639_F_RAP_03_ASEReadCounter.table","NW_015090842.1:9853421",3,3,0
"SLC22A31","s1639_F_RAP_03_ASEReadCounter.table","NW_015090842.1:9853457",2,2,0
"SLC22A31","s1639_F_RAP_03_ASEReadCounter.table","NW_015090842.1:9853502",1,2,1
"ANKRD11","s1639_F_RAP_03_ASEReadCounter.table","NW_015090842.1:9858863",3,10,7
"ANKRD11","s1639_F_RAP_03_ASEReadCounter.table","NW_015090842.1:9859101",160,328,168
"ANKRD11","s1639_F_RAP_03_ASEReadCounter.table","NW_015090842.1:9859352",187,386,199
"ANKRD11","s1639_F_RAP_03_ASEReadCounter.table","NW_015090842.1:9859381",95,267,172
"ANKRD11","s1639_F_RAP_03_ASEReadCounter.table","NW_015090842.1:9859679",158,320,162
"ANKRD11","s1639_F_RAP_03_ASEReadCounter.table","NW_015090842.1:9861097",116,252,136
"ANKRD11","s1639_F_RAP_03_ASEReadCounter.table","NW_015090842.1:9862571",65,145,80
"ANKRD11","s1639_F_RAP_03_ASEReadCounter.table","NW_015090842.1:9862652",47,88,41
"ANKRD11","s1639_F_RAP_03_ASEReadCounter.table","NW_015090842.1:9866071",0,71,71
"ANKRD11","s1639_F_RAP_03_ASEReadCounter.table","NW_015090842.1:9866200",0,64,64
"ANKRD11","s1639_F_RAP_03_ASEReadCounter.table","NW_015090842.1:9867391",19,36,17
"ANKRD11","s1639_F_RAP_03_ASEReadCounter.table","NW_015090842.1:9867472",23,39,16
"ANKRD11","s1639_F_RAP_03_ASEReadCounter.table","NW_015090842.1:9867559",36,66,30
"ANKRD11","s1639_F_RAP_03_ASEReadCounter.table","NW_015090842.1:9867667",28,59,31
"ANKRD11","s1639_F_RAP_03_ASEReadCounter.table","NW_015090842.1:9867934",32,67,35
"ANKRD11","s1639_F_RAP_03_ASEReadCounter.table","NW_015090842.1:9868064",30,63,33
"ANKRD11","s1639_F_RAP_03_ASEReadCounter.table","NW_015090842.1:9868093",25,60,35
"ANKRD11","s1639_F_RAP_03_ASEReadCounter.table","NW_015090842.1:9868222",25,64,39
"ANKRD11","s1639_F_RAP_03_ASEReadCounter.table","NW_015090842.1:9868327",40,100,60
"ANKRD11","s1639_F_RAP_03_ASEReadCounter.table","NW_015090842.1:9868414",52,133,81
"ANKRD11","s1639_F_RAP_03_ASEReadCounter.table","NW_015090842.1:9868441",55,117,62
"ANKRD11","s1639_F_RAP_03_ASEReadCounter.table","NW_015090842.1:9868444",53,119,66
"ANKRD11","s1639_F_RAP_03_ASEReadCounter.table","NW_015090842.1:9868519",70,136,66
"ANKRD11","s1639_F_RAP_03_ASEReadCounter.table","NW_015090842.1:9868609",65,156,91
"ANKRD11","s1639_F_RAP_03_ASEReadCounter.table","NW_015090842.1:9868666",82,194,112
"ANKRD11","s1639_F_RAP_03_ASEReadCounter.table","NW_015090842.1:9868738",232,232,0
"ANKRD11","s1639_F_RAP_03_ASEReadCounter.table","NW_015090842.1:9869431",130,305,175
"ANKRD11","s1639_F_RAP_03_ASEReadCounter.table","NW_015090842.1:9869578",248,490,242
"ANKRD11","s1639_F_RAP_03_ASEReadCounter.table","NW_015090842.1:9869734",248,528,280
"ANKRD11","s1639_F_RAP_03_ASEReadCounter.table","NW_015090842.1:9870070",213,511,298
"ANKRD11","s1639_F_RAP_03_ASEReadCounter.table","NW_015090842.1:9870349",262,512,250
"ANKRD11","s1639_F_RAP_03_ASEReadCounter.table","NW_015090842.1:9870604",287,593,306
"ANKRD11","s1639_F_RAP_03_ASEReadCounter.table","NW_015090842.1:9870613",312,631,319
"ANKRD11","s1639_F_RAP_03_ASEReadCounter.table","NW_015090842.1:9870685",344,716,372
"ANKRD11","s1639_F_RAP_03_ASEReadCounter.table","NW_015090842.1:9870760",352,715,363
"ANKRD11","s1639_F_RAP_03_ASEReadCounter.table","NW_015090842.1:9870847",284,636,352
"ANKRD11","s1639_F_RAP_03_ASEReadCounter.table","NW_015090842.1:9871103",220,443,223
"ANKRD11","s1639_F_RAP_03_ASEReadCounter.table","NW_015090842.1:9871165",218,481,263
"ANKRD11","s1639_F_RAP_03_ASEReadCounter.table","NW_015090842.1:9871508",277,277,0
"ANKRD11","s1639_F_RAP_03_ASEReadCounter.table","NW_015090842.1:9871820",62,131,69
"ANKRD11","s1639_F_RAP_03_ASEReadCounter.table","NW_015090842.1:9872118",46,105,59
"ANKRD11","s1639_F_RAP_03_ASEReadCounter.table","NW_015090842.1:9877406",23,49,26
"SPG7","s1639_F_RAP_03_ASEReadCounter.table","NW_015090842.1:10051190",58,124,66
"SPG7","s1639_F_RAP_03_ASEReadCounter.table","NW_015090842.1:10051218",74,148,74
"SPG7","s1639_F_RAP_03_ASEReadCounter.table","NW_015090842.1:10052348",83,156,73
"SPG7","s1639_F_RAP_03_ASEReadCounter.table","NW_015090842.1:10052366",85,160,75
"SPG7","s1639_F_RAP_03_ASEReadCounter.table","NW_015090842.1:10065173",103,251,148
"SPG7","s1639_F_RAP_03_ASEReadCounter.table","NW_015090842.1:10065215",90,215,125
"SPG7","s1639_F_RAP_03_ASEReadCounter.table","NW_015090842.1:10066365",109,239,130
"SPG7","s1639_F_RAP_03_ASEReadCounter.table","NW_015090842.1:10069752",126,288,162
"SPG7","s1639_F_RAP_03_ASEReadCounter.table","NW_015090842.1:10069800",152,322,170
"SPG7","s1639_F_RAP_03_ASEReadCounter.table","NW_015090842.1:10071192",153,323,170
"SPG7","s1639_F_RAP_03_ASEReadCounter.table","NW_015090842.1:10071219",134,294,160
"SPG7","s1639_F_RAP_03_ASEReadCounter.table","NW_015090842.1:10071967",129,292,163
"SPG7","s1639_F_RAP_03_ASEReadCounter.table","NW_015090842.1:10075109",296,525,229
"SPG7","s1639_F_RAP_03_ASEReadCounter.table","NW_015090842.1:10075114",309,539,230
"SPG7","s1639_F_RAP_03_ASEReadCounter.table","NW_015090842.1:10075198",268,476,208
"SPG7","s1639_F_RAP_03_ASEReadCounter.table","NW_015090842.1:10075487",198,390,192
"SPG7","s1639_F_RAP_03_ASEReadCounter.table","NW_015090842.1:10075488",198,392,194
"SPG7","s1639_F_RAP_03_ASEReadCounter.table","NW_015090842.1:10075548",135,281,146
"RPL13","s1639_F_RAP_03_ASEReadCounter.table","NW_015090842.1:10077387",445,1003,558
"RPL13","s1639_F_RAP_03_ASEReadCounter.table","NW_015090842.1:10077978",741,1530,789
"RPL13","s1639_F_RAP_03_ASEReadCounter.table","NW_015090842.1:10077992",737,1478,741
"CPNE7","s1639_F_RAP_03_ASEReadCounter.table","NW_015090842.1:10084001",2,2,0
"CPNE7","s1639_F_RAP_03_ASEReadCounter.table","NW_015090842.1:10084856",1,1,0
"CPNE7","s1639_F_RAP_03_ASEReadCounter.table","NW_015090842.1:10084872",2,2,0
"CPNE7","s1639_F_RAP_03_ASEReadCounter.table","NW_015090842.1:10084892",1,2,1
"CPNE7","s1639_F_RAP_03_ASEReadCounter.table","NW_015090842.1:10084921",1,2,1
"CPNE7","s1639_F_RAP_03_ASEReadCounter.table","NW_015090842.1:10084935",1,2,1
"CPNE7","s1639_F_RAP_03_ASEReadCounter.table","NW_015090842.1:10085000",2,3,1
"CPNE7","s1639_F_RAP_03_ASEReadCounter.table","NW_015090842.1:10085089",1,3,2
"CPNE7","s1639_F_RAP_03_ASEReadCounter.table","NW_015090842.1:10085096",1,3,2
"CPNE7","s1639_F_RAP_03_ASEReadCounter.table","NW_015090842.1:10085126",1,2,1
"CPNE7","s1639_F_RAP_03_ASEReadCounter.table","NW_015090842.1:10085167",3,3,0
"CPNE7","s1639_F_RAP_03_ASEReadCounter.table","NW_015090842.1:10085180",2,3,1
"CPNE7","s1639_F_RAP_03_ASEReadCounter.table","NW_015090842.1:10085201",3,4,1
"CPNE7","s1639_F_RAP_03_ASEReadCounter.table","NW_015090842.1:10088134",3,4,1
"CPNE7","s1639_F_RAP_03_ASEReadCounter.table","NW_015090842.1:10088146",3,4,1
"CPNE7","s1639_F_RAP_03_ASEReadCounter.table","NW_015090842.1:10088806",3,4,1
"CPNE7","s1639_F_RAP_03_ASEReadCounter.table","NW_015090842.1:10088940",3,3,0
"CPNE7","s1639_F_RAP_03_ASEReadCounter.table","NW_015090842.1:10088965",3,3,0
"CPNE7","s1639_F_RAP_03_ASEReadCounter.table","NW_015090842.1:10088967",2,2,0
"CPNE7","s1639_F_RAP_03_ASEReadCounter.table","NW_015090842.1:10088973",3,3,0
"CPNE7","s1639_F_RAP_03_ASEReadCounter.table","NW_015090842.1:10090924",5,7,2
"CPNE7","s1639_F_RAP_03_ASEReadCounter.table","NW_015090842.1:10090930",6,8,2
"CPNE7","s1639_F_RAP_03_ASEReadCounter.table","NW_015090842.1:10091075",6,7,1
"CPNE7","s1639_F_RAP_03_ASEReadCounter.table","NW_015090842.1:10091389",4,10,6
"CPNE7","s1639_F_RAP_03_ASEReadCounter.table","NW_015090842.1:10091407",5,13,8
"CPNE7","s1639_F_RAP_03_ASEReadCounter.table","NW_015090842.1:10091488",15,15,0
"CPNE7","s1639_F_RAP_03_ASEReadCounter.table","NW_015090842.1:10091491",17,17,0
"CPNE7","s1639_F_RAP_03_ASEReadCounter.table","NW_015090842.1:10091530",12,16,4
"CPNE7","s1639_F_RAP_03_ASEReadCounter.table","NW_015090842.1:10091875",13,21,8
"CPNE7","s1639_F_RAP_03_ASEReadCounter.table","NW_015090842.1:10091983",11,18,7
"CPNE7","s1639_F_RAP_03_ASEReadCounter.table","NW_015090842.1:10091997",11,19,8
"CPNE7","s1639_F_RAP_03_ASEReadCounter.table","NW_015090842.1:10092038",7,12,5
"CPNE7","s1639_F_RAP_03_ASEReadCounter.table","NW_015090842.1:10092140",7,14,7
"CPNE7","s1639_F_RAP_03_ASEReadCounter.table","NW_015090842.1:10092183",6,10,4
"CPNE7","s1639_F_RAP_03_ASEReadCounter.table","NW_015090842.1:10092201",7,12,5
"CPNE7","s1639_F_RAP_03_ASEReadCounter.table","NW_015090842.1:10092230",9,14,5
"CPNE7","s1639_F_RAP_03_ASEReadCounter.table","NW_015090842.1:10092246",7,12,5
"LOC106888185","s1639_F_RAP_03_ASEReadCounter.table","NW_015090842.1:10094965",1,3,2
"LOC106888185","s1639_F_RAP_03_ASEReadCounter.table","NW_015090842.1:10094966",1,3,2
"LOC106888185","s1639_F_RAP_03_ASEReadCounter.table","NW_015090842.1:10094985",1,3,2
"LOC106888185","s1639_F_RAP_03_ASEReadCounter.table","NW_015090842.1:10095055",0,4,4
"LOC106888185","s1639_F_RAP_03_ASEReadCounter.table","NW_015090842.1:10095062",0,3,3
"LOC106888185","s1639_F_RAP_03_ASEReadCounter.table","NW_015090842.1:10095130",0,8,8
"LOC106888185","s1639_F_RAP_03_ASEReadCounter.table","NW_015090842.1:10095265",5,14,9
"LOC106888185","s1639_F_RAP_03_ASEReadCounter.table","NW_015090842.1:10095586",5,20,15
"LOC106888185","s1639_F_RAP_03_ASEReadCounter.table","NW_015090842.1:10095593",7,20,13
"LOC106888185","s1639_F_RAP_03_ASEReadCounter.table","NW_015090842.1:10095616",5,14,9
"LOC106888185","s1639_F_RAP_03_ASEReadCounter.table","NW_015090842.1:10095662",5,10,5
"LOC106888185","s1639_F_RAP_03_ASEReadCounter.table","NW_015090842.1:10095674",4,8,4
"LOC106888185","s1639_F_RAP_03_ASEReadCounter.table","NW_015090842.1:10095786",6,10,4
"LOC106888185","s1639_F_RAP_03_ASEReadCounter.table","NW_015090842.1:10095831",8,14,6
"LOC106888185","s1639_F_RAP_03_ASEReadCounter.table","NW_015090842.1:10096230",2,7,5
"LOC106888185","s1639_F_RAP_03_ASEReadCounter.table","NW_015090842.1:10096249",3,6,3
"LOC106888185","s1639_F_RAP_03_ASEReadCounter.table","NW_015090842.1:10096272",3,8,5
"LOC106888185","s1639_F_RAP_03_ASEReadCounter.table","NW_015090842.1:10096288",2,7,5
"LOC106888185","s1639_F_RAP_03_ASEReadCounter.table","NW_015090842.1:10097248",2,11,9
"LOC106888185","s1639_F_RAP_03_ASEReadCounter.table","NW_015090842.1:10097265",3,12,9
"LOC106888185","s1639_F_RAP_03_ASEReadCounter.table","NW_015090842.1:10097446",0,3,3
"DPEP1","s1639_F_RAP_03_ASEReadCounter.table","NW_015090842.1:10098595",0,1,1
"DPEP1","s1639_F_RAP_03_ASEReadCounter.table","NW_015090842.1:10098597",0,1,1
"DPEP1","s1639_F_RAP_03_ASEReadCounter.table","NW_015090842.1:10098601",0,1,1
"DPEP1","s1639_F_RAP_03_ASEReadCounter.table","NW_015090842.1:10098608",0,1,1
"DPEP1","s1639_F_RAP_03_ASEReadCounter.table","NW_015090842.1:10098659",0,2,2
"DPEP1","s1639_F_RAP_03_ASEReadCounter.table","NW_015090842.1:10099765",0,2,2
"DPEP1","s1639_F_RAP_03_ASEReadCounter.table","NW_015090842.1:10099985",0,1,1
"DPEP1","s1639_F_RAP_03_ASEReadCounter.table","NW_015090842.1:10099986",0,1,1
"DPEP1","s1639_F_RAP_03_ASEReadCounter.table","NW_015090842.1:10099991",0,1,1
"DPEP1","s1639_F_RAP_03_ASEReadCounter.table","NW_015090842.1:10100044",0,2,2
"DPEP1","s1639_F_RAP_03_ASEReadCounter.table","NW_015090842.1:10100045",0,2,2
"DPEP1","s1639_F_RAP_03_ASEReadCounter.table","NW_015090842.1:10100084",1,4,3
"DPEP1","s1639_F_RAP_03_ASEReadCounter.table","NW_015090842.1:10100295",0,3,3
"DPEP1","s1639_F_RAP_03_ASEReadCounter.table","NW_015090842.1:10100529",0,1,1
"DPEP1","s1639_F_RAP_03_ASEReadCounter.table","NW_015090842.1:10100893",1,4,3
"DPEP1","s1639_F_RAP_03_ASEReadCounter.table","NW_015090842.1:10100902",1,4,3
"DPEP1","s1639_F_RAP_03_ASEReadCounter.table","NW_015090842.1:10101072",0,3,3
"DPEP1","s1639_F_RAP_03_ASEReadCounter.table","NW_015090842.1:10101199",0,3,3
"DPEP1","s1639_F_RAP_03_ASEReadCounter.table","NW_015090842.1:10101483",0,2,2
"DPEP1","s1639_F_RAP_03_ASEReadCounter.table","NW_015090842.1:10101497",0,2,2
"DPEP1","s1639_F_RAP_03_ASEReadCounter.table","NW_015090842.1:10101525",0,1,1
"DPEP1","s1639_F_RAP_03_ASEReadCounter.table","NW_015090842.1:10101875",0,1,1
"DPEP1","s1639_F_RAP_03_ASEReadCounter.table","NW_015090842.1:10101913",0,1,1
"DPEP1","s1639_F_RAP_03_ASEReadCounter.table","NW_015090842.1:10101996",0,1,1
"DPEP1","s1639_F_RAP_03_ASEReadCounter.table","NW_015090842.1:10102014",0,1,1
"DPEP1","s1639_F_RAP_03_ASEReadCounter.table","NW_015090842.1:10102035",0,1,1
"CHMP1A","s1639_F_RAP_03_ASEReadCounter.table","NW_015090842.1:10102901",66,187,121
"CHMP1A","s1639_F_RAP_03_ASEReadCounter.table","NW_015090842.1:10102961",43,186,143
"CHMP1A","s1639_F_RAP_03_ASEReadCounter.table","NW_015090842.1:10102996",51,196,145
"CHMP1A","s1639_F_RAP_03_ASEReadCounter.table","NW_015090842.1:10103004",60,215,155
"CHMP1A","s1639_F_RAP_03_ASEReadCounter.table","NW_015090842.1:10103006",60,219,159
"CHMP1A","s1639_F_RAP_03_ASEReadCounter.table","NW_015090842.1:10103052",110,270,160
"CHMP1A","s1639_F_RAP_03_ASEReadCounter.table","NW_015090842.1:10103095",109,270,161
"CHMP1A","s1639_F_RAP_03_ASEReadCounter.table","NW_015090842.1:10103096",110,272,162
"CHMP1A","s1639_F_RAP_03_ASEReadCounter.table","NW_015090842.1:10103152",93,198,105
"CHMP1A","s1639_F_RAP_03_ASEReadCounter.table","NW_015090842.1:10103173",88,199,111
"CHMP1A","s1639_F_RAP_03_ASEReadCounter.table","NW_015090842.1:10103334",62,162,100
"CHMP1A","s1639_F_RAP_03_ASEReadCounter.table","NW_015090842.1:10103373",31,129,98
"CHMP1A","s1639_F_RAP_03_ASEReadCounter.table","NW_015090842.1:10103408",67,165,98
"CHMP1A","s1639_F_RAP_03_ASEReadCounter.table","NW_015090842.1:10103412",70,165,95
"CHMP1A","s1639_F_RAP_03_ASEReadCounter.table","NW_015090842.1:10103512",89,183,94
"CHMP1A","s1639_F_RAP_03_ASEReadCounter.table","NW_015090842.1:10103513",89,184,95
"CHMP1A","s1639_F_RAP_03_ASEReadCounter.table","NW_015090842.1:10103583",49,113,64
"CHMP1A","s1639_F_RAP_03_ASEReadCounter.table","NW_015090842.1:10103614",55,121,66
"CHMP1A","s1639_F_RAP_03_ASEReadCounter.table","NW_015090842.1:10103657",66,133,67
"CHMP1A","s1639_F_RAP_03_ASEReadCounter.table","NW_015090842.1:10103669",56,123,67
"CHMP1A","s1639_F_RAP_03_ASEReadCounter.table","NW_015090842.1:10103674",60,122,62
"CHMP1A","s1639_F_RAP_03_ASEReadCounter.table","NW_015090842.1:10103677",58,119,61
"CHMP1A","s1639_F_RAP_03_ASEReadCounter.table","NW_015090842.1:10103729",66,117,51
"CHMP1A","s1639_F_RAP_03_ASEReadCounter.table","NW_015090842.1:10103758",66,115,49
"CHMP1A","s1639_F_RAP_03_ASEReadCounter.table","NW_015090842.1:10103761",65,118,53
"CHMP1A","s1639_F_RAP_03_ASEReadCounter.table","NW_015090842.1:10103788",75,145,70
"CHMP1A","s1639_F_RAP_03_ASEReadCounter.table","NW_015090842.1:10103789",77,148,71
"CHMP1A","s1639_F_RAP_03_ASEReadCounter.table","NW_015090842.1:10103790",73,144,71
"CHMP1A","s1639_F_RAP_03_ASEReadCounter.table","NW_015090842.1:10103950",64,137,73
"CHMP1A","s1639_F_RAP_03_ASEReadCounter.table","NW_015090842.1:10104335",39,81,42
"CHMP1A","s1639_F_RAP_03_ASEReadCounter.table","NW_015090842.1:10104429",58,110,52
"CHMP1A","s1639_F_RAP_03_ASEReadCounter.table","NW_015090842.1:10104532",61,125,64
"CHMP1A","s1639_F_RAP_03_ASEReadCounter.table","NW_015090842.1:10104633",44,92,48
"CHMP1A","s1639_F_RAP_03_ASEReadCounter.table","NW_015090842.1:10104759",33,79,46
"CHMP1A","s1639_F_RAP_03_ASEReadCounter.table","NW_015090842.1:10104794",46,86,40
"CHMP1A","s1639_F_RAP_03_ASEReadCounter.table","NW_015090842.1:10104841",76,76,0
"CHMP1A","s1639_F_RAP_03_ASEReadCounter.table","NW_015090842.1:10104844",31,71,40
"CHMP1A","s1639_F_RAP_03_ASEReadCounter.table","NW_015090842.1:10106242",46,91,45
"CHMP1A","s1639_F_RAP_03_ASEReadCounter.table","NW_015090842.1:10106290",32,70,38
"CHMP1A","s1639_F_RAP_03_ASEReadCounter.table","NW_015090842.1:10106335",38,74,36
"CHMP1A","s1639_F_RAP_03_ASEReadCounter.table","NW_015090842.1:10106383",50,96,46
"CHMP1A","s1639_F_RAP_03_ASEReadCounter.table","NW_015090842.1:10106747",33,79,46
"CHMP1A","s1639_F_RAP_03_ASEReadCounter.table","NW_015090842.1:10107404",26,72,46
"CHMP1A","s1639_F_RAP_03_ASEReadCounter.table","NW_015090842.1:10107876",22,56,34
"CDK10","s1639_F_RAP_03_ASEReadCounter.table","NW_015090842.1:10109030",6,8,2
"CDK10","s1639_F_RAP_03_ASEReadCounter.table","NW_015090842.1:10109963",37,98,61
"CDK10","s1639_F_RAP_03_ASEReadCounter.table","NW_015090842.1:10110887",24,76,52
"CDK10","s1639_F_RAP_03_ASEReadCounter.table","NW_015090842.1:10111254",27,80,53
"CDK10","s1639_F_RAP_03_ASEReadCounter.table","NW_015090842.1:10111380",25,96,71
"CDK10","s1639_F_RAP_03_ASEReadCounter.table","NW_015090842.1:10111395",24,93,69
"CDK10","s1639_F_RAP_03_ASEReadCounter.table","NW_015090842.1:10111437",13,78,65
"CDK10","s1639_F_RAP_03_ASEReadCounter.table","NW_015090842.1:10111798",28,108,80
"CDK10","s1639_F_RAP_03_ASEReadCounter.table","NW_015090842.1:10111840",37,114,77
"CDK10","s1639_F_RAP_03_ASEReadCounter.table","NW_015090842.1:10112031",47,150,103
"CDK10","s1639_F_RAP_03_ASEReadCounter.table","NW_015090842.1:10112285",53,163,110
"CDK10","s1639_F_RAP_03_ASEReadCounter.table","NW_015090842.1:10112398",60,186,126
"CDK10","s1639_F_RAP_03_ASEReadCounter.table","NW_015090842.1:10112455",45,176,131
"CDK10","s1639_F_RAP_03_ASEReadCounter.table","NW_015090842.1:10112461",46,165,119
"CDK10","s1639_F_RAP_03_ASEReadCounter.table","NW_015090842.1:10112497",40,141,101
"CDK10","s1639_F_RAP_03_ASEReadCounter.table","NW_015090842.1:10112508",33,142,109
"CDK10","s1639_F_RAP_03_ASEReadCounter.table","NW_015090842.1:10112518",26,127,101
"CDK10","s1639_F_RAP_03_ASEReadCounter.table","NW_015090842.1:10112540",13,114,101
"CDK10","s1639_F_RAP_03_ASEReadCounter.table","NW_015090842.1:10112556",31,139,108
"CDK10","s1639_F_RAP_03_ASEReadCounter.table","NW_015090842.1:10112561",31,154,123
"CDK10","s1639_F_RAP_03_ASEReadCounter.table","NW_015090842.1:10112596",40,154,114
"CDK10","s1639_F_RAP_03_ASEReadCounter.table","NW_015090842.1:10112630",40,137,97
"CDK10","s1639_F_RAP_03_ASEReadCounter.table","NW_015090842.1:10112656",40,130,90
"CDK10","s1639_F_RAP_03_ASEReadCounter.table","NW_015090842.1:10112665",35,101,66
"CDK10","s1639_F_RAP_03_ASEReadCounter.table","NW_015090842.1:10112668",34,101,67
"CDK10","s1639_F_RAP_03_ASEReadCounter.table","NW_015090842.1:10112781",18,44,26
"CDK10","s1639_F_RAP_03_ASEReadCounter.table","NW_015090842.1:10112782",18,44,26
"CDK10","s1639_F_RAP_03_ASEReadCounter.table","NW_015090842.1:10112795",16,41,25
"CDK10","s1639_F_RAP_03_ASEReadCounter.table","NW_015090842.1:10112841",7,14,7
"CDK10","s1639_F_RAP_03_ASEReadCounter.table","NW_015090842.1:10112861",6,11,5
"SPATA2L","s1639_F_RAP_03_ASEReadCounter.table","NW_015090842.1:10113212",24,70,46
"SPATA2L","s1639_F_RAP_03_ASEReadCounter.table","NW_015090842.1:10113280",46,117,71
"SPATA2L","s1639_F_RAP_03_ASEReadCounter.table","NW_015090842.1:10113296",50,127,77
"SPATA2L","s1639_F_RAP_03_ASEReadCounter.table","NW_015090842.1:10113321",54,139,85
"SPATA2L","s1639_F_RAP_03_ASEReadCounter.table","NW_015090842.1:10113332",60,158,98
"SPATA2L","s1639_F_RAP_03_ASEReadCounter.table","NW_015090842.1:10113380",60,164,104
"SPATA2L","s1639_F_RAP_03_ASEReadCounter.table","NW_015090842.1:10113381",59,169,110
"SPATA2L","s1639_F_RAP_03_ASEReadCounter.table","NW_015090842.1:10113412",60,172,112
"SPATA2L","s1639_F_RAP_03_ASEReadCounter.table","NW_015090842.1:10113421",64,179,115
"SPATA2L","s1639_F_RAP_03_ASEReadCounter.table","NW_015090842.1:10113465",65,157,92
"SPATA2L","s1639_F_RAP_03_ASEReadCounter.table","NW_015090842.1:10113535",80,166,86
"SPATA2L","s1639_F_RAP_03_ASEReadCounter.table","NW_015090842.1:10113645",66,168,102
"SPATA2L","s1639_F_RAP_03_ASEReadCounter.table","NW_015090842.1:10113682",83,211,128
"SPATA2L","s1639_F_RAP_03_ASEReadCounter.table","NW_015090842.1:10113696",82,203,121
"SPATA2L","s1639_F_RAP_03_ASEReadCounter.table","NW_015090842.1:10113727",74,199,125
"SPATA2L","s1639_F_RAP_03_ASEReadCounter.table","NW_015090842.1:10113799",77,203,126
"SPATA2L","s1639_F_RAP_03_ASEReadCounter.table","NW_015090842.1:10113809",92,230,138
"SPATA2L","s1639_F_RAP_03_ASEReadCounter.table","NW_015090842.1:10113827",96,226,130
"SPATA2L","s1639_F_RAP_03_ASEReadCounter.table","NW_015090842.1:10113831",96,230,134
"SPATA2L","s1639_F_RAP_03_ASEReadCounter.table","NW_015090842.1:10113894",86,183,97
"SPATA2L","s1639_F_RAP_03_ASEReadCounter.table","NW_015090842.1:10113905",69,166,97
"SPATA2L","s1639_F_RAP_03_ASEReadCounter.table","NW_015090842.1:10113914",69,154,85
"SPATA2L","s1639_F_RAP_03_ASEReadCounter.table","NW_015090842.1:10113920",70,156,86
"SPATA2L","s1639_F_RAP_03_ASEReadCounter.table","NW_015090842.1:10113937",80,182,102
"SPATA2L","s1639_F_RAP_03_ASEReadCounter.table","NW_015090842.1:10113971",51,148,97
"SPATA2L","s1639_F_RAP_03_ASEReadCounter.table","NW_015090842.1:10113976",47,153,106
"SPATA2L","s1639_F_RAP_03_ASEReadCounter.table","NW_015090842.1:10113985",51,143,92
"SPATA2L","s1639_F_RAP_03_ASEReadCounter.table","NW_015090842.1:10113994",65,161,96
"SPATA2L","s1639_F_RAP_03_ASEReadCounter.table","NW_015090842.1:10114063",69,139,70
"SPATA2L","s1639_F_RAP_03_ASEReadCounter.table","NW_015090842.1:10114066",66,136,70
"SPATA2L","s1639_F_RAP_03_ASEReadCounter.table","NW_015090842.1:10114069",65,135,70
"SPATA2L","s1639_F_RAP_03_ASEReadCounter.table","NW_015090842.1:10114121",33,89,56
"SPATA2L","s1639_F_RAP_03_ASEReadCounter.table","NW_015090842.1:10114159",30,98,68
"SPATA2L","s1639_F_RAP_03_ASEReadCounter.table","NW_015090842.1:10114282",106,106,0
"SPATA2L","s1639_F_RAP_03_ASEReadCounter.table","NW_015090842.1:10114470",35,100,65
"SPATA2L","s1639_F_RAP_03_ASEReadCounter.table","NW_015090842.1:10114524",20,61,41
"VPS9D1","s1639_F_RAP_03_ASEReadCounter.table","NW_015090842.1:10116377",27,88,61
"VPS9D1","s1639_F_RAP_03_ASEReadCounter.table","NW_015090842.1:10116415",26,88,62
"VPS9D1","s1639_F_RAP_03_ASEReadCounter.table","NW_015090842.1:10116607",21,77,56
"VPS9D1","s1639_F_RAP_03_ASEReadCounter.table","NW_015090842.1:10116816",65,65,0
"VPS9D1","s1639_F_RAP_03_ASEReadCounter.table","NW_015090842.1:10116821",25,69,44
"VPS9D1","s1639_F_RAP_03_ASEReadCounter.table","NW_015090842.1:10116825",26,62,36
"VPS9D1","s1639_F_RAP_03_ASEReadCounter.table","NW_015090842.1:10116882",24,51,27
"VPS9D1","s1639_F_RAP_03_ASEReadCounter.table","NW_015090842.1:10116885",21,48,27
"VPS9D1","s1639_F_RAP_03_ASEReadCounter.table","NW_015090842.1:10116933",17,42,25
"VPS9D1","s1639_F_RAP_03_ASEReadCounter.table","NW_015090842.1:10116942",15,45,30
"VPS9D1","s1639_F_RAP_03_ASEReadCounter.table","NW_015090842.1:10117152",20,51,31
"VPS9D1","s1639_F_RAP_03_ASEReadCounter.table","NW_015090842.1:10117396",47,47,0
"VPS9D1","s1639_F_RAP_03_ASEReadCounter.table","NW_015090842.1:10117405",32,32,0
"VPS9D1","s1639_F_RAP_03_ASEReadCounter.table","NW_015090842.1:10117480",25,54,29
"VPS9D1","s1639_F_RAP_03_ASEReadCounter.table","NW_015090842.1:10117497",21,43,22
"VPS9D1","s1639_F_RAP_03_ASEReadCounter.table","NW_015090842.1:10117499",20,43,23
"VPS9D1","s1639_F_RAP_03_ASEReadCounter.table","NW_015090842.1:10117516",27,62,35
"VPS9D1","s1639_F_RAP_03_ASEReadCounter.table","NW_015090842.1:10117525",27,65,38
"VPS9D1","s1639_F_RAP_03_ASEReadCounter.table","NW_015090842.1:10117579",20,56,36
"VPS9D1","s1639_F_RAP_03_ASEReadCounter.table","NW_015090842.1:10117627",16,46,30
"VPS9D1","s1639_F_RAP_03_ASEReadCounter.table","NW_015090842.1:10117678",13,52,39
"VPS9D1","s1639_F_RAP_03_ASEReadCounter.table","NW_015090842.1:10117773",24,68,44
"VPS9D1","s1639_F_RAP_03_ASEReadCounter.table","NW_015090842.1:10117937",18,71,53
"VPS9D1","s1639_F_RAP_03_ASEReadCounter.table","NW_015090842.1:10117961",21,63,42
"VPS9D1","s1639_F_RAP_03_ASEReadCounter.table","NW_015090842.1:10118236",23,75,52
"VPS9D1","s1639_F_RAP_03_ASEReadCounter.table","NW_015090842.1:10118414",21,75,54
"VPS9D1","s1639_F_RAP_03_ASEReadCounter.table","NW_015090842.1:10118973",25,74,49
"VPS9D1","s1639_F_RAP_03_ASEReadCounter.table","NW_015090842.1:10119500",20,45,25
"ZNF276","s1639_F_RAP_03_ASEReadCounter.table","NW_015090842.1:10121760",5,8,3
"ZNF276","s1639_F_RAP_03_ASEReadCounter.table","NW_015090842.1:10121769",5,8,3
"ZNF276","s1639_F_RAP_03_ASEReadCounter.table","NW_015090842.1:10121802",8,14,6
"ZNF276","s1639_F_RAP_03_ASEReadCounter.table","NW_015090842.1:10121971",10,18,8
"ZNF276","s1639_F_RAP_03_ASEReadCounter.table","NW_015090842.1:10122883",12,24,12
"ZNF276","s1639_F_RAP_03_ASEReadCounter.table","NW_015090842.1:10123069",13,22,9
"ZNF276","s1639_F_RAP_03_ASEReadCounter.table","NW_015090842.1:10123207",16,44,28
"ZNF276","s1639_F_RAP_03_ASEReadCounter.table","NW_015090842.1:10125787",12,31,19
"ZNF276","s1639_F_RAP_03_ASEReadCounter.table","NW_015090842.1:10126309",18,38,20
"ZNF276","s1639_F_RAP_03_ASEReadCounter.table","NW_015090842.1:10126348",16,31,15
"ZNF276","s1639_F_RAP_03_ASEReadCounter.table","NW_015090842.1:10126978",31,56,25
"ZNF276","s1639_F_RAP_03_ASEReadCounter.table","NW_015090842.1:10126991",30,52,22
"ZNF276","s1639_F_RAP_03_ASEReadCounter.table","NW_015090842.1:10127023",27,52,25
"ZNF276","s1639_F_RAP_03_ASEReadCounter.table","NW_015090842.1:10127063",26,49,23
"ZNF276","s1639_F_RAP_03_ASEReadCounter.table","NW_015090842.1:10127373",35,59,24
"ZNF276","s1639_F_RAP_03_ASEReadCounter.table","NW_015090842.1:10127931",42,71,29
"ZNF276","s1639_F_RAP_03_ASEReadCounter.table","NW_015090842.1:10128070",34,71,37
"ZNF276","s1639_F_RAP_03_ASEReadCounter.table","NW_015090842.1:10128102",40,76,36
"ZNF276","s1639_F_RAP_03_ASEReadCounter.table","NW_015090842.1:10128356",29,77,48
"ZNF276","s1639_F_RAP_03_ASEReadCounter.table","NW_015090842.1:10128497",25,48,23
"FANCA","s1639_F_RAP_03_ASEReadCounter.table","NW_015090842.1:10128743",1,3,2
"FANCA","s1639_F_RAP_03_ASEReadCounter.table","NW_015090842.1:10128822",3,7,4
"FANCA","s1639_F_RAP_03_ASEReadCounter.table","NW_015090842.1:10129383",3,8,5
"FANCA","s1639_F_RAP_03_ASEReadCounter.table","NW_015090842.1:10129390",2,7,5
"FANCA","s1639_F_RAP_03_ASEReadCounter.table","NW_015090842.1:10129422",3,5,2
"FANCA","s1639_F_RAP_03_ASEReadCounter.table","NW_015090842.1:10129969",2,4,2
"FANCA","s1639_F_RAP_03_ASEReadCounter.table","NW_015090842.1:10130399",0,1,1
"FANCA","s1639_F_RAP_03_ASEReadCounter.table","NW_015090842.1:10130857",0,1,1
"FANCA","s1639_F_RAP_03_ASEReadCounter.table","NW_015090842.1:10133530",1,2,1
"FANCA","s1639_F_RAP_03_ASEReadCounter.table","NW_015090842.1:10133533",1,2,1
"FANCA","s1639_F_RAP_03_ASEReadCounter.table","NW_015090842.1:10133536",1,2,1
"FANCA","s1639_F_RAP_03_ASEReadCounter.table","NW_015090842.1:10133601",1,1,0
"FANCA","s1639_F_RAP_03_ASEReadCounter.table","NW_015090842.1:10134492",0,1,1
"FANCA","s1639_F_RAP_03_ASEReadCounter.table","NW_015090842.1:10134531",0,1,1
"FANCA","s1639_F_RAP_03_ASEReadCounter.table","NW_015090842.1:10136957",2,4,2
"FANCA","s1639_F_RAP_03_ASEReadCounter.table","NW_015090842.1:10136982",1,2,1
"FANCA","s1639_F_RAP_03_ASEReadCounter.table","NW_015090842.1:10136999",1,2,1
"FANCA","s1639_F_RAP_03_ASEReadCounter.table","NW_015090842.1:10137019",1,2,1
"FANCA","s1639_F_RAP_03_ASEReadCounter.table","NW_015090842.1:10137673",1,3,2
"FANCA","s1639_F_RAP_03_ASEReadCounter.table","NW_015090842.1:10138618",0,3,3
"FANCA","s1639_F_RAP_03_ASEReadCounter.table","NW_015090842.1:10139140",0,1,1
"FANCA","s1639_F_RAP_03_ASEReadCounter.table","NW_015090842.1:10140699",0,1,1
"FANCA","s1639_F_RAP_03_ASEReadCounter.table","NW_015090842.1:10145030",2,2,0
"FANCA","s1639_F_RAP_03_ASEReadCounter.table","NW_015090842.1:10150518",0,1,1
"FANCA","s1639_F_RAP_03_ASEReadCounter.table","NW_015090842.1:10152863",1,3,2
"FANCA","s1639_F_RAP_03_ASEReadCounter.table","NW_015090842.1:10158162",0,1,1
"FANCA","s1639_F_RAP_03_ASEReadCounter.table","NW_015090842.1:10158957",1,1,0
"FANCA","s1639_F_RAP_03_ASEReadCounter.table","NW_015090842.1:10160177",1,2,1
"FANCA","s1639_F_RAP_03_ASEReadCounter.table","NW_015090842.1:10163667",0,1,1
"FANCA","s1639_F_RAP_03_ASEReadCounter.table","NW_015090842.1:10165331",0,1,1
"SPIRE2","s1639_F_RAP_03_ASEReadCounter.table","NW_015090842.1:10172284",19,28,9
"SPIRE2","s1639_F_RAP_03_ASEReadCounter.table","NW_015090842.1:10175262",29,43,14
"SPIRE2","s1639_F_RAP_03_ASEReadCounter.table","NW_015090842.1:10175352",8,9,1
"SPIRE2","s1639_F_RAP_03_ASEReadCounter.table","NW_015090842.1:10175400",30,66,36
"SPIRE2","s1639_F_RAP_03_ASEReadCounter.table","NW_015090842.1:10175418",33,70,37
"SPIRE2","s1639_F_RAP_03_ASEReadCounter.table","NW_015090842.1:10175704",40,76,36
"SPIRE2","s1639_F_RAP_03_ASEReadCounter.table","NW_015090842.1:10176115",62,130,68
"SPIRE2","s1639_F_RAP_03_ASEReadCounter.table","NW_015090842.1:10176561",76,137,61
"SPIRE2","s1639_F_RAP_03_ASEReadCounter.table","NW_015090842.1:10176817",85,151,66
"SPIRE2","s1639_F_RAP_03_ASEReadCounter.table","NW_015090842.1:10177084",39,85,46
"SPIRE2","s1639_F_RAP_03_ASEReadCounter.table","NW_015090842.1:10177110",44,90,46
"SPIRE2","s1639_F_RAP_03_ASEReadCounter.table","NW_015090842.1:10177838",85,168,83
"SPIRE2","s1639_F_RAP_03_ASEReadCounter.table","NW_015090842.1:10178000",94,197,103
"SPIRE2","s1639_F_RAP_03_ASEReadCounter.table","NW_015090842.1:10178164",106,201,95
"SPIRE2","s1639_F_RAP_03_ASEReadCounter.table","NW_015090842.1:10178216",117,236,119
"SPIRE2","s1639_F_RAP_03_ASEReadCounter.table","NW_015090842.1:10178403",118,242,124
"SPIRE2","s1639_F_RAP_03_ASEReadCounter.table","NW_015090842.1:10178409",113,236,123
"SPIRE2","s1639_F_RAP_03_ASEReadCounter.table","NW_015090842.1:10178524",124,236,112
"SPIRE2","s1639_F_RAP_03_ASEReadCounter.table","NW_015090842.1:10178526",124,238,114
"SPIRE2","s1639_F_RAP_03_ASEReadCounter.table","NW_015090842.1:10178531",124,238,114
"SPIRE2","s1639_F_RAP_03_ASEReadCounter.table","NW_015090842.1:10178565",111,222,111
"SPIRE2","s1639_F_RAP_03_ASEReadCounter.table","NW_015090842.1:10178587",96,190,94
"SPIRE2","s1639_F_RAP_03_ASEReadCounter.table","NW_015090842.1:10178640",73,151,78
"SPIRE2","s1639_F_RAP_03_ASEReadCounter.table","NW_015090842.1:10178651",87,169,82
"SPIRE2","s1639_F_RAP_03_ASEReadCounter.table","NW_015090842.1:10178682",84,156,72
"TCF25","s1639_F_RAP_03_ASEReadCounter.table","NW_015090842.1:10180912",48,86,38
"TCF25","s1639_F_RAP_03_ASEReadCounter.table","NW_015090842.1:10180924",47,85,38
"TCF25","s1639_F_RAP_03_ASEReadCounter.table","NW_015090842.1:10180931",51,91,40
"TCF25","s1639_F_RAP_03_ASEReadCounter.table","NW_015090842.1:10185332",120,206,86
"TCF25","s1639_F_RAP_03_ASEReadCounter.table","NW_015090842.1:10188816",83,160,77
"MC1R","s1639_F_RAP_03_ASEReadCounter.table","NW_015090842.1:10202160",1,2,1
"MC1R","s1639_F_RAP_03_ASEReadCounter.table","NW_015090842.1:10202460",1,3,2
"MC1R","s1639_F_RAP_03_ASEReadCounter.table","NW_015090842.1:10202465",1,4,3
"DBNDD1","s1639_F_RAP_03_ASEReadCounter.table","NW_015090842.1:10223105",101,224,123
"GAS8","s1639_F_RAP_03_ASEReadCounter.table","NW_015090842.1:10228982",18,41,23
"GAS8","s1639_F_RAP_03_ASEReadCounter.table","NW_015090842.1:10229832",18,32,14
"GAS8","s1639_F_RAP_03_ASEReadCounter.table","NW_015090842.1:10232375",50,75,25
"GAS8","s1639_F_RAP_03_ASEReadCounter.table","NW_015090842.1:10232901",41,82,41
"GAS8","s1639_F_RAP_03_ASEReadCounter.table","NW_015090842.1:10232928",44,82,38
"GAS8","s1639_F_RAP_03_ASEReadCounter.table","NW_015090842.1:10232967",50,91,41
"GAS8","s1639_F_RAP_03_ASEReadCounter.table","NW_015090842.1:10233032",32,72,40
"GAS8","s1639_F_RAP_03_ASEReadCounter.table","NW_015090842.1:10233057",22,59,37
"GAS8","s1639_F_RAP_03_ASEReadCounter.table","NW_015090842.1:10233058",22,58,36
"GAS8","s1639_F_RAP_03_ASEReadCounter.table","NW_015090842.1:10233176",19,45,26
"GAS8","s1639_F_RAP_03_ASEReadCounter.table","NW_015090842.1:10233196",17,44,27
"GAS8","s1639_F_RAP_03_ASEReadCounter.table","NW_015090842.1:10233252",19,36,17
"GAS8","s1639_F_RAP_03_ASEReadCounter.table","NW_015090842.1:10233303",10,24,14
"LOC106888094","s1639_F_RAP_03_ASEReadCounter.table","NW_015090842.1:10233334",6,19,13
"LOC106888094","s1639_F_RAP_03_ASEReadCounter.table","NW_015090842.1:10233362",11,35,24
"LOC106888094","s1639_F_RAP_03_ASEReadCounter.table","NW_015090842.1:10233373",11,39,28
"LOC106888094","s1639_F_RAP_03_ASEReadCounter.table","NW_015090842.1:10233388",13,42,29
"LOC106888094","s1639_F_RAP_03_ASEReadCounter.table","NW_015090842.1:10233402",16,42,26
"LOC106888094","s1639_F_RAP_03_ASEReadCounter.table","NW_015090842.1:10233465",10,48,38
"LOC106888094","s1639_F_RAP_03_ASEReadCounter.table","NW_015090842.1:10233803",24,62,38
"LOC106888094","s1639_F_RAP_03_ASEReadCounter.table","NW_015090842.1:10233815",23,56,33
"LOC106888094","s1639_F_RAP_03_ASEReadCounter.table","NW_015090842.1:10235484",6,10,4
"LOC106888094","s1639_F_RAP_03_ASEReadCounter.table","NW_015090842.1:10235611",4,12,8
"LOC106888094","s1639_F_RAP_03_ASEReadCounter.table","NW_015090842.1:10236098",12,18,6
"LOC106888094","s1639_F_RAP_03_ASEReadCounter.table","NW_015090842.1:10236161",4,10,6
"LOC106888094","s1639_F_RAP_03_ASEReadCounter.table","NW_015090842.1:10236425",1,2,1
"LOC106888094","s1639_F_RAP_03_ASEReadCounter.table","NW_015090842.1:10236426",1,2,1
"LOC106888094","s1639_F_RAP_03_ASEReadCounter.table","NW_015090842.1:10236603",2,3,1
"LOC106888173","s1639_F_RAP_03_ASEReadCounter.table","NW_015090842.1:10239596",5,18,13
"LOC106888173","s1639_F_RAP_03_ASEReadCounter.table","NW_015090842.1:10240036",5,46,41
"LOC106888173","s1639_F_RAP_03_ASEReadCounter.table","NW_015090842.1:10240095",17,62,45
"LOC106888173","s1639_F_RAP_03_ASEReadCounter.table","NW_015090842.1:10240280",9,66,57
"LOC106888173","s1639_F_RAP_03_ASEReadCounter.table","NW_015090842.1:10240557",19,82,63
"LOC106888173","s1639_F_RAP_03_ASEReadCounter.table","NW_015090842.1:10240603",22,89,67
"LOC106888173","s1639_F_RAP_03_ASEReadCounter.table","NW_015090842.1:10240609",25,94,69
"LOC106888173","s1639_F_RAP_03_ASEReadCounter.table","NW_015090842.1:10240690",25,86,61
"LOC106888173","s1639_F_RAP_03_ASEReadCounter.table","NW_015090842.1:10240924",14,82,68
"LOC106888173","s1639_F_RAP_03_ASEReadCounter.table","NW_015090842.1:10241037",14,81,67
"LOC106888173","s1639_F_RAP_03_ASEReadCounter.table","NW_015090842.1:10241046",16,79,63
"LOC106888173","s1639_F_RAP_03_ASEReadCounter.table","NW_015090842.1:10241058",19,86,67
"LOC106888173","s1639_F_RAP_03_ASEReadCounter.table","NW_015090842.1:10241064",19,89,70
"LOC106888173","s1639_F_RAP_03_ASEReadCounter.table","NW_015090842.1:10241103",114,115,1
"LOC106888173","s1639_F_RAP_03_ASEReadCounter.table","NW_015090842.1:10241163",20,100,80
"LOC106888173","s1639_F_RAP_03_ASEReadCounter.table","NW_015090842.1:10241803",22,118,96
"LOC106888173","s1639_F_RAP_03_ASEReadCounter.table","NW_015090842.1:10241827",22,117,95
"LOC106888173","s1639_F_RAP_03_ASEReadCounter.table","NW_015090842.1:10241869",25,106,81
"LOC106888173","s1639_F_RAP_03_ASEReadCounter.table","NW_015090842.1:10242079",15,84,69
"LOC106888173","s1639_F_RAP_03_ASEReadCounter.table","NW_015090842.1:10242103",12,94,82
"LOC106888173","s1639_F_RAP_03_ASEReadCounter.table","NW_015090842.1:10242157",17,106,89
"LOC106888173","s1639_F_RAP_03_ASEReadCounter.table","NW_015090842.1:10242455",20,118,98
"LOC106888173","s1639_F_RAP_03_ASEReadCounter.table","NW_015090842.1:10242481",21,125,104
"LOC106888173","s1639_F_RAP_03_ASEReadCounter.table","NW_015090842.1:10242590",28,146,118
"LOC106888173","s1639_F_RAP_03_ASEReadCounter.table","NW_015090842.1:10242794",26,111,85
"LOC106888173","s1639_F_RAP_03_ASEReadCounter.table","NW_015090842.1:10242909",34,120,86
"LOC106888173","s1639_F_RAP_03_ASEReadCounter.table","NW_015090842.1:10243094",34,141,107
"LOC106888173","s1639_F_RAP_03_ASEReadCounter.table","NW_015090842.1:10243133",27,133,106
"LOC106888173","s1639_F_RAP_03_ASEReadCounter.table","NW_015090842.1:10243273",32,192,160
"LOC106888173","s1639_F_RAP_03_ASEReadCounter.table","NW_015090842.1:10243278",36,194,158
"LOC106888173","s1639_F_RAP_03_ASEReadCounter.table","NW_015090842.1:10243281",36,194,158
"LOC106888173","s1639_F_RAP_03_ASEReadCounter.table","NW_015090842.1:10243347",86,86,0
"LOC106888173","s1639_F_RAP_03_ASEReadCounter.table","NW_015090842.1:10243353",20,80,60
"LOC106888173","s1639_F_RAP_03_ASEReadCounter.table","NW_015090842.1:10243363",14,59,45
"LOC106888173","s1639_F_RAP_03_ASEReadCounter.table","NW_015090842.1:10243365",14,57,43
"LOC106888173","s1639_F_RAP_03_ASEReadCounter.table","NW_015090842.1:10243566",34,192,158
"LOC106888173","s1639_F_RAP_03_ASEReadCounter.table","NW_015090842.1:10243605",34,194,160
"LOC106888173","s1639_F_RAP_03_ASEReadCounter.table","NW_015090842.1:10243614",33,181,148
"LOC106888173","s1639_F_RAP_03_ASEReadCounter.table","NW_015090842.1:10243615",32,189,157
"LOC106888173","s1639_F_RAP_03_ASEReadCounter.table","NW_015090842.1:10243640",30,185,155
"LOC106888173","s1639_F_RAP_03_ASEReadCounter.table","NW_015090842.1:10243680",34,158,124
"LOC106888173","s1639_F_RAP_03_ASEReadCounter.table","NW_015090842.1:10243742",54,188,134
"LOC106888173","s1639_F_RAP_03_ASEReadCounter.table","NW_015090842.1:10243804",30,125,95
"LOC106888173","s1639_F_RAP_03_ASEReadCounter.table","NW_015090842.1:10243913",10,65,55
"LOC106888173","s1639_F_RAP_03_ASEReadCounter.table","NW_015090842.1:10243921",12,58,46
"LOC106888384","s1639_F_RAP_03_ASEReadCounter.table","NW_015090842.1:10251339",1,1,0
"LOC106888384","s1639_F_RAP_03_ASEReadCounter.table","NW_015090842.1:10251343",1,1,0
"LOC106888384","s1639_F_RAP_03_ASEReadCounter.table","NW_015090842.1:10251344",1,1,0
"LOC106888384","s1639_F_RAP_03_ASEReadCounter.table","NW_015090842.1:10251349",1,1,0
"LOC106888384","s1639_F_RAP_03_ASEReadCounter.table","NW_015090842.1:10251354",1,13,12
"LOC106888384","s1639_F_RAP_03_ASEReadCounter.table","NW_015090842.1:10251358",1,13,12
"LOC106888384","s1639_F_RAP_03_ASEReadCounter.table","NW_015090842.1:10251369",1,12,11
"LOC106888384","s1639_F_RAP_03_ASEReadCounter.table","NW_015090842.1:10251370",1,12,11
"LOC106888384","s1639_F_RAP_03_ASEReadCounter.table","NW_015090842.1:10251375",1,12,11
"LOC106888384","s1639_F_RAP_03_ASEReadCounter.table","NW_015090842.1:10251388",0,7,7
"LOC106888384","s1639_F_RAP_03_ASEReadCounter.table","NW_015090842.1:10251390",0,8,8
"LOC106888384","s1639_F_RAP_03_ASEReadCounter.table","NW_015090842.1:10251393",0,8,8
"LOC106888384","s1639_F_RAP_03_ASEReadCounter.table","NW_015090842.1:10251399",0,6,6
"LOC106888384","s1639_F_RAP_03_ASEReadCounter.table","NW_015090842.1:10251492",2,2,0
"LOC106888384","s1639_F_RAP_03_ASEReadCounter.table","NW_015090842.1:10253165",4,4,0
"LOC106888384","s1639_F_RAP_03_ASEReadCounter.table","NW_015090842.1:10253284",3,3,0
"LOC106888384","s1639_F_RAP_03_ASEReadCounter.table","NW_015090842.1:10254028",3,3,0
"LOC106888384","s1639_F_RAP_03_ASEReadCounter.table","NW_015090842.1:10254227",2,2,0
"LOC106888384","s1639_F_RAP_03_ASEReadCounter.table","NW_015090842.1:10254233",2,2,0
"LOC106888384","s1639_F_RAP_03_ASEReadCounter.table","NW_015090842.1:10254263",3,3,0
"LOC106888384","s1639_F_RAP_03_ASEReadCounter.table","NW_015090842.1:10254293",6,6,0
"LOC106888384","s1639_F_RAP_03_ASEReadCounter.table","NW_015090842.1:10254570",4,6,2
"LOC106888384","s1639_F_RAP_03_ASEReadCounter.table","NW_015090842.1:10254605",2,2,0
"LOC106888384","s1639_F_RAP_03_ASEReadCounter.table","NW_015090842.1:10254608",2,2,0
"LOC106888384","s1639_F_RAP_03_ASEReadCounter.table","NW_015090842.1:10254618",2,2,0
"LOC106888384","s1639_F_RAP_03_ASEReadCounter.table","NW_015090842.1:10254620",1,1,0
"LOC106888384","s1639_F_RAP_03_ASEReadCounter.table","NW_015090842.1:10254623",1,1,0
"LOC106888384","s1639_F_RAP_03_ASEReadCounter.table","NW_015090842.1:10254627",1,1,0
"LOC106888384","s1639_F_RAP_03_ASEReadCounter.table","NW_015090842.1:10254840",2,3,1
"LOC106888384","s1639_F_RAP_03_ASEReadCounter.table","NW_015090842.1:10254891",2,3,1
"LOC106888384","s1639_F_RAP_03_ASEReadCounter.table","NW_015090842.1:10254900",2,3,1
"LOC106888384","s1639_F_RAP_03_ASEReadCounter.table","NW_015090842.1:10254915",1,2,1
"LOC106888384","s1639_F_RAP_03_ASEReadCounter.table","NW_015090842.1:10254965",0,1,1
"LOC106888384","s1639_F_RAP_03_ASEReadCounter.table","NW_015090842.1:10254975",2,3,1
"LOC106888384","s1639_F_RAP_03_ASEReadCounter.table","NW_015090842.1:10255077",2,2,0
"LOC106888384","s1639_F_RAP_03_ASEReadCounter.table","NW_015090842.1:10255117",5,5,0
"LOC106888384","s1639_F_RAP_03_ASEReadCounter.table","NW_015090842.1:10255138",5,5,0
"LOC106888384","s1639_F_RAP_03_ASEReadCounter.table","NW_015090842.1:10255139",5,5,0
"LOC106888384","s1639_F_RAP_03_ASEReadCounter.table","NW_015090842.1:10255209",3,3,0
"LOC106888384","s1639_F_RAP_03_ASEReadCounter.table","NW_015090842.1:10255211",4,4,0
"LOC106888384","s1639_F_RAP_03_ASEReadCounter.table","NW_015090842.1:10255236",6,6,0
"LOC106888384","s1639_F_RAP_03_ASEReadCounter.table","NW_015090842.1:10255262",6,7,1
"LOC106888384","s1639_F_RAP_03_ASEReadCounter.table","NW_015090842.1:10255264",5,6,1
"LOC106888384","s1639_F_RAP_03_ASEReadCounter.table","NW_015090842.1:10255306",6,8,2
"LOC106888384","s1639_F_RAP_03_ASEReadCounter.table","NW_015090842.1:10255340",3,6,3
"LOC106888384","s1639_F_RAP_03_ASEReadCounter.table","NW_015090842.1:10255410",6,9,3
"LOC106888384","s1639_F_RAP_03_ASEReadCounter.table","NW_015090842.1:10255449",9,11,2
"LOC106888384","s1639_F_RAP_03_ASEReadCounter.table","NW_015090842.1:10255496",9,9,0
"LOC106888384","s1639_F_RAP_03_ASEReadCounter.table","NW_015090842.1:10255505",5,5,0
"LOC106888384","s1639_F_RAP_03_ASEReadCounter.table","NW_015090842.1:10255531",5,5,0
"LOC106888384","s1639_F_RAP_03_ASEReadCounter.table","NW_015090842.1:10255608",5,5,0
"LOC106888384","s1639_F_RAP_03_ASEReadCounter.table","NW_015090842.1:10255704",4,4,0
"LOC106888384","s1639_F_RAP_03_ASEReadCounter.table","NW_015090842.1:10255731",4,4,0
"LOC106888384","s1639_F_RAP_03_ASEReadCounter.table","NW_015090842.1:10255771",1,1,0
"TANGO6","s1639_F_RAP_03_ASEReadCounter.table","NW_015090842.1:10257782",6,9,3
"TANGO6","s1639_F_RAP_03_ASEReadCounter.table","NW_015090842.1:10258162",7,14,7
"TANGO6","s1639_F_RAP_03_ASEReadCounter.table","NW_015090842.1:10258185",9,18,9
"TANGO6","s1639_F_RAP_03_ASEReadCounter.table","NW_015090842.1:10259267",5,9,4
"TANGO6","s1639_F_RAP_03_ASEReadCounter.table","NW_015090842.1:10260250",27,48,21
"TANGO6","s1639_F_RAP_03_ASEReadCounter.table","NW_015090842.1:10260289",31,52,21
"TANGO6","s1639_F_RAP_03_ASEReadCounter.table","NW_015090842.1:10260309",27,42,15
"TANGO6","s1639_F_RAP_03_ASEReadCounter.table","NW_015090842.1:10260979",19,32,13
"TANGO6","s1639_F_RAP_03_ASEReadCounter.table","NW_015090842.1:10261599",18,29,11
"TANGO6","s1639_F_RAP_03_ASEReadCounter.table","NW_015090842.1:10268425",37,74,37
"TANGO6","s1639_F_RAP_03_ASEReadCounter.table","NW_015090842.1:10269831",25,47,22
"TANGO6","s1639_F_RAP_03_ASEReadCounter.table","NW_015090842.1:10270813",21,44,23
"TANGO6","s1639_F_RAP_03_ASEReadCounter.table","NW_015090842.1:10274018",31,59,28
"TANGO6","s1639_F_RAP_03_ASEReadCounter.table","NW_015090842.1:10275974",36,70,34
"TANGO6","s1639_F_RAP_03_ASEReadCounter.table","NW_015090842.1:10275976",36,67,31
"TANGO6","s1639_F_RAP_03_ASEReadCounter.table","NW_015090842.1:10276123",36,59,23
"TANGO6","s1639_F_RAP_03_ASEReadCounter.table","NW_015090842.1:10276271",33,57,24
"TANGO6","s1639_F_RAP_03_ASEReadCounter.table","NW_015090842.1:10276272",32,58,26
"TANGO6","s1639_F_RAP_03_ASEReadCounter.table","NW_015090842.1:10276275",38,62,24
"TANGO6","s1639_F_RAP_03_ASEReadCounter.table","NW_015090842.1:10276278",37,62,25
"TANGO6","s1639_F_RAP_03_ASEReadCounter.table","NW_015090842.1:10276368",31,48,17
"TANGO6","s1639_F_RAP_03_ASEReadCounter.table","NW_015090842.1:10276373",29,45,16
"TANGO6","s1639_F_RAP_03_ASEReadCounter.table","NW_015090842.1:10276630",27,53,26
"TANGO6","s1639_F_RAP_03_ASEReadCounter.table","NW_015090842.1:10281498",39,83,44
"TANGO6","s1639_F_RAP_03_ASEReadCounter.table","NW_015090842.1:10281516",46,92,46
"TANGO6","s1639_F_RAP_03_ASEReadCounter.table","NW_015090842.1:10282842",52,102,50
"TANGO6","s1639_F_RAP_03_ASEReadCounter.table","NW_015090842.1:10282863",34,74,40
"TANGO6","s1639_F_RAP_03_ASEReadCounter.table","NW_015090842.1:10282869",35,74,39
"TANGO6","s1639_F_RAP_03_ASEReadCounter.table","NW_015090842.1:10282903",47,95,48
"TANGO6","s1639_F_RAP_03_ASEReadCounter.table","NW_015090842.1:10283757",71,125,54
"TANGO6","s1639_F_RAP_03_ASEReadCounter.table","NW_015090842.1:10283785",84,139,55
"HAS3","s1639_F_RAP_03_ASEReadCounter.table","NW_015090842.1:10288093",1,1,0
"HAS3","s1639_F_RAP_03_ASEReadCounter.table","NW_015090842.1:10288266",1,3,2
"HAS3","s1639_F_RAP_03_ASEReadCounter.table","NW_015090842.1:10288274",1,3,2
"HAS3","s1639_F_RAP_03_ASEReadCounter.table","NW_015090842.1:10288364",1,1,0
"HAS3","s1639_F_RAP_03_ASEReadCounter.table","NW_015090842.1:10289269",2,2,0
"HAS3","s1639_F_RAP_03_ASEReadCounter.table","NW_015090842.1:10289272",2,2,0
"HAS3","s1639_F_RAP_03_ASEReadCounter.table","NW_015090842.1:10289469",2,4,2
"HAS3","s1639_F_RAP_03_ASEReadCounter.table","NW_015090842.1:10290375",2,5,3
"HAS3","s1639_F_RAP_03_ASEReadCounter.table","NW_015090842.1:10290395",1,5,4
"HAS3","s1639_F_RAP_03_ASEReadCounter.table","NW_015090842.1:10290439",3,3,0
"HAS3","s1639_F_RAP_03_ASEReadCounter.table","NW_015090842.1:10290561",0,2,2
"HAS3","s1639_F_RAP_03_ASEReadCounter.table","NW_015090842.1:10290609",1,3,2
"HAS3","s1639_F_RAP_03_ASEReadCounter.table","NW_015090842.1:10290666",2,4,2
"HAS3","s1639_F_RAP_03_ASEReadCounter.table","NW_015090842.1:10290723",2,3,1
"HAS3","s1639_F_RAP_03_ASEReadCounter.table","NW_015090842.1:10290927",3,5,2
"HAS3","s1639_F_RAP_03_ASEReadCounter.table","NW_015090842.1:10291004",3,6,3
"CHTF8","s1639_F_RAP_03_ASEReadCounter.table","NW_015090842.1:10291319",5,9,4
"CHTF8","s1639_F_RAP_03_ASEReadCounter.table","NW_015090842.1:10291491",11,16,5
"CHTF8","s1639_F_RAP_03_ASEReadCounter.table","NW_015090842.1:10291520",10,16,6
"CHTF8","s1639_F_RAP_03_ASEReadCounter.table","NW_015090842.1:10291593",10,22,12
"CHTF8","s1639_F_RAP_03_ASEReadCounter.table","NW_015090842.1:10291600",9,20,11
"CHTF8","s1639_F_RAP_03_ASEReadCounter.table","NW_015090842.1:10291609",8,18,10
"CHTF8","s1639_F_RAP_03_ASEReadCounter.table","NW_015090842.1:10291639",7,16,9
"CHTF8","s1639_F_RAP_03_ASEReadCounter.table","NW_015090842.1:10291641",7,17,10
"CHTF8","s1639_F_RAP_03_ASEReadCounter.table","NW_015090842.1:10291648",8,19,11
"CHTF8","s1639_F_RAP_03_ASEReadCounter.table","NW_015090842.1:10291656",7,16,9
"CHTF8","s1639_F_RAP_03_ASEReadCounter.table","NW_015090842.1:10291675",3,13,10
"CHTF8","s1639_F_RAP_03_ASEReadCounter.table","NW_015090842.1:10291696",4,10,6
"CHTF8","s1639_F_RAP_03_ASEReadCounter.table","NW_015090842.1:10291714",6,11,5
"CHTF8","s1639_F_RAP_03_ASEReadCounter.table","NW_015090842.1:10291732",8,16,8
"CHTF8","s1639_F_RAP_03_ASEReadCounter.table","NW_015090842.1:10291755",8,17,9
"CHTF8","s1639_F_RAP_03_ASEReadCounter.table","NW_015090842.1:10291756",8,16,8
"CHTF8","s1639_F_RAP_03_ASEReadCounter.table","NW_015090842.1:10291758",7,18,11
"CHTF8","s1639_F_RAP_03_ASEReadCounter.table","NW_015090842.1:10291792",8,20,12
"CHTF8","s1639_F_RAP_03_ASEReadCounter.table","NW_015090842.1:10291895",13,23,10
"CHTF8","s1639_F_RAP_03_ASEReadCounter.table","NW_015090842.1:10292132",4,8,4
"CHTF8","s1639_F_RAP_03_ASEReadCounter.table","NW_015090842.1:10292314",6,11,5
"CHTF8","s1639_F_RAP_03_ASEReadCounter.table","NW_015090842.1:10292317",6,11,5
"CHTF8","s1639_F_RAP_03_ASEReadCounter.table","NW_015090842.1:10292928",5,5,0
"UTP4","s1639_F_RAP_03_ASEReadCounter.table","NW_015090842.1:10293146",7,24,17
"UTP4","s1639_F_RAP_03_ASEReadCounter.table","NW_015090842.1:10293151",8,25,17
"UTP4","s1639_F_RAP_03_ASEReadCounter.table","NW_015090842.1:10293191",2,12,10
"UTP4","s1639_F_RAP_03_ASEReadCounter.table","NW_015090842.1:10293362",3,13,10
"UTP4","s1639_F_RAP_03_ASEReadCounter.table","NW_015090842.1:10293430",6,17,11
"UTP4","s1639_F_RAP_03_ASEReadCounter.table","NW_015090842.1:10293625",7,13,6
"UTP4","s1639_F_RAP_03_ASEReadCounter.table","NW_015090842.1:10293684",10,20,10
"UTP4","s1639_F_RAP_03_ASEReadCounter.table","NW_015090842.1:10294093",8,13,5
"UTP4","s1639_F_RAP_03_ASEReadCounter.table","NW_015090842.1:10294622",8,18,10
"UTP4","s1639_F_RAP_03_ASEReadCounter.table","NW_015090842.1:10294632",8,18,10
"UTP4","s1639_F_RAP_03_ASEReadCounter.table","NW_015090842.1:10295238",9,18,9
"UTP4","s1639_F_RAP_03_ASEReadCounter.table","NW_015090842.1:10295880",8,24,16
"UTP4","s1639_F_RAP_03_ASEReadCounter.table","NW_015090842.1:10295884",9,27,18
"UTP4","s1639_F_RAP_03_ASEReadCounter.table","NW_015090842.1:10295903",8,21,13
"UTP4","s1639_F_RAP_03_ASEReadCounter.table","NW_015090842.1:10295906",9,23,14
"UTP4","s1639_F_RAP_03_ASEReadCounter.table","NW_015090842.1:10295915",12,26,14
"UTP4","s1639_F_RAP_03_ASEReadCounter.table","NW_015090842.1:10295938",13,25,12
"UTP4","s1639_F_RAP_03_ASEReadCounter.table","NW_015090842.1:10296175",12,28,16
"UTP4","s1639_F_RAP_03_ASEReadCounter.table","NW_015090842.1:10296660",12,23,11
"UTP4","s1639_F_RAP_03_ASEReadCounter.table","NW_015090842.1:10296679",16,29,13
"UTP4","s1639_F_RAP_03_ASEReadCounter.table","NW_015090842.1:10297193",23,52,29
"UTP4","s1639_F_RAP_03_ASEReadCounter.table","NW_015090842.1:10297220",28,56,28
"UTP4","s1639_F_RAP_03_ASEReadCounter.table","NW_015090842.1:10297307",32,66,34
"UTP4","s1639_F_RAP_03_ASEReadCounter.table","NW_015090842.1:10297558",38,68,30
"UTP4","s1639_F_RAP_03_ASEReadCounter.table","NW_015090842.1:10297943",18,45,27
"UTP4","s1639_F_RAP_03_ASEReadCounter.table","NW_015090842.1:10297979",19,44,25
"UTP4","s1639_F_RAP_03_ASEReadCounter.table","NW_015090842.1:10298022",14,32,18
"UTP4","s1639_F_RAP_03_ASEReadCounter.table","NW_015090842.1:10298079",3,9,6
"UTP4","s1639_F_RAP_03_ASEReadCounter.table","NW_015090842.1:10298081",1,5,4
"UTP4","s1639_F_RAP_03_ASEReadCounter.table","NW_015090842.1:10298082",1,6,5
"SNTB2","s1639_F_RAP_03_ASEReadCounter.table","NW_015090842.1:10298928",0,1,1
"SNTB2","s1639_F_RAP_03_ASEReadCounter.table","NW_015090842.1:10303506",2,4,2
"SNTB2","s1639_F_RAP_03_ASEReadCounter.table","NW_015090842.1:10303524",2,5,3
"SNTB2","s1639_F_RAP_03_ASEReadCounter.table","NW_015090842.1:10304059",1,3,2
"SNTB2","s1639_F_RAP_03_ASEReadCounter.table","NW_015090842.1:10304089",0,1,1
"SNTB2","s1639_F_RAP_03_ASEReadCounter.table","NW_015090842.1:10304167",2,3,1
"SNTB2","s1639_F_RAP_03_ASEReadCounter.table","NW_015090842.1:10304176",2,3,1
"SNTB2","s1639_F_RAP_03_ASEReadCounter.table","NW_015090842.1:10305069",0,1,1
"SNTB2","s1639_F_RAP_03_ASEReadCounter.table","NW_015090842.1:10305099",1,1,0
"SNTB2","s1639_F_RAP_03_ASEReadCounter.table","NW_015090842.1:10305171",2,2,0
"SNTB2","s1639_F_RAP_03_ASEReadCounter.table","NW_015090842.1:10305177",1,1,0
"SNTB2","s1639_F_RAP_03_ASEReadCounter.table","NW_015090842.1:10305451",2,3,1
"SNTB2","s1639_F_RAP_03_ASEReadCounter.table","NW_015090842.1:10305547",1,2,1
"SNTB2","s1639_F_RAP_03_ASEReadCounter.table","NW_015090842.1:10305847",2,4,2
"SNTB2","s1639_F_RAP_03_ASEReadCounter.table","NW_015090842.1:10306173",2,3,1
"SNTB2","s1639_F_RAP_03_ASEReadCounter.table","NW_015090842.1:10306275",1,2,1
"SNTB2","s1639_F_RAP_03_ASEReadCounter.table","NW_015090842.1:10306457",5,7,2
"SNTB2","s1639_F_RAP_03_ASEReadCounter.table","NW_015090842.1:10306496",2,3,1
"SNTB2","s1639_F_RAP_03_ASEReadCounter.table","NW_015090842.1:10306499",2,3,1
"VPS4A","s1639_F_RAP_03_ASEReadCounter.table","NW_015090842.1:10308566",66,137,71
"VPS4A","s1639_F_RAP_03_ASEReadCounter.table","NW_015090842.1:10308573",68,137,69
"VPS4A","s1639_F_RAP_03_ASEReadCounter.table","NW_015090842.1:10308856",92,206,114
"VPS4A","s1639_F_RAP_03_ASEReadCounter.table","NW_015090842.1:10309056",126,255,129
"VPS4A","s1639_F_RAP_03_ASEReadCounter.table","NW_015090842.1:10309089",135,269,134
"VPS4A","s1639_F_RAP_03_ASEReadCounter.table","NW_015090842.1:10309392",139,279,140
"VPS4A","s1639_F_RAP_03_ASEReadCounter.table","NW_015090842.1:10309413",146,293,147
"VPS4A","s1639_F_RAP_03_ASEReadCounter.table","NW_015090842.1:10309467",148,330,182
"VPS4A","s1639_F_RAP_03_ASEReadCounter.table","NW_015090842.1:10310230",183,387,204
"VPS4A","s1639_F_RAP_03_ASEReadCounter.table","NW_015090842.1:10310425",169,364,195
"VPS4A","s1639_F_RAP_03_ASEReadCounter.table","NW_015090842.1:10310639",174,376,202
"VPS4A","s1639_F_RAP_03_ASEReadCounter.table","NW_015090842.1:10310734",177,364,187
"VPS4A","s1639_F_RAP_03_ASEReadCounter.table","NW_015090842.1:10310737",178,365,187
"VPS4A","s1639_F_RAP_03_ASEReadCounter.table","NW_015090842.1:10310746",176,367,191
"VPS4A","s1639_F_RAP_03_ASEReadCounter.table","NW_015090842.1:10310767",185,379,194
"VPS4A","s1639_F_RAP_03_ASEReadCounter.table","NW_015090842.1:10310995",190,421,231
"VPS4A","s1639_F_RAP_03_ASEReadCounter.table","NW_015090842.1:10311004",188,401,213
"VPS4A","s1639_F_RAP_03_ASEReadCounter.table","NW_015090842.1:10311007",189,416,227
"VPS4A","s1639_F_RAP_03_ASEReadCounter.table","NW_015090842.1:10311013",206,431,225
"VPS4A","s1639_F_RAP_03_ASEReadCounter.table","NW_015090842.1:10311022",189,408,219
"VPS4A","s1639_F_RAP_03_ASEReadCounter.table","NW_015090842.1:10311023",190,408,218
"VPS4A","s1639_F_RAP_03_ASEReadCounter.table","NW_015090842.1:10311426",217,467,250
"VPS4A","s1639_F_RAP_03_ASEReadCounter.table","NW_015090842.1:10311489",1,10,9
"VPS4A","s1639_F_RAP_03_ASEReadCounter.table","NW_015090842.1:10311490",2,7,5
"VPS4A","s1639_F_RAP_03_ASEReadCounter.table","NW_015090842.1:10311525",11,22,11
"VPS4A","s1639_F_RAP_03_ASEReadCounter.table","NW_015090842.1:10311529",12,32,20
"VPS4A","s1639_F_RAP_03_ASEReadCounter.table","NW_015090842.1:10311530",12,36,24
"VPS4A","s1639_F_RAP_03_ASEReadCounter.table","NW_015090842.1:10311552",43,79,36
"VPS4A","s1639_F_RAP_03_ASEReadCounter.table","NW_015090842.1:10311689",38,92,54
"VPS4A","s1639_F_RAP_03_ASEReadCounter.table","NW_015090842.1:10311700",52,107,55
"VPS4A","s1639_F_RAP_03_ASEReadCounter.table","NW_015090842.1:10311701",51,106,55
"VPS4A","s1639_F_RAP_03_ASEReadCounter.table","NW_015090842.1:10311703",50,105,55
"COG8","s1639_F_RAP_03_ASEReadCounter.table","NW_015090842.1:10313487",23,48,25
"COG8","s1639_F_RAP_03_ASEReadCounter.table","NW_015090842.1:10313559",23,59,36
"COG8","s1639_F_RAP_03_ASEReadCounter.table","NW_015090842.1:10313579",22,55,33
"COG8","s1639_F_RAP_03_ASEReadCounter.table","NW_015090842.1:10313665",24,57,33
"COG8","s1639_F_RAP_03_ASEReadCounter.table","NW_015090842.1:10313681",20,54,34
"COG8","s1639_F_RAP_03_ASEReadCounter.table","NW_015090842.1:10313768",34,63,29
"COG8","s1639_F_RAP_03_ASEReadCounter.table","NW_015090842.1:10313775",33,60,27
"COG8","s1639_F_RAP_03_ASEReadCounter.table","NW_015090842.1:10313811",18,36,18
"COG8","s1639_F_RAP_03_ASEReadCounter.table","NW_015090842.1:10313858",16,29,13
"COG8","s1639_F_RAP_03_ASEReadCounter.table","NW_015090842.1:10314100",22,49,27
"COG8","s1639_F_RAP_03_ASEReadCounter.table","NW_015090842.1:10314213",18,41,23
"COG8","s1639_F_RAP_03_ASEReadCounter.table","NW_015090842.1:10315093",12,23,11
"COG8","s1639_F_RAP_03_ASEReadCounter.table","NW_015090842.1:10315162",18,36,18
"COG8","s1639_F_RAP_03_ASEReadCounter.table","NW_015090842.1:10315285",17,47,30
"COG8","s1639_F_RAP_03_ASEReadCounter.table","NW_015090842.1:10315360",11,31,20
"COG8","s1639_F_RAP_03_ASEReadCounter.table","NW_015090842.1:10315369",10,29,19
"COG8","s1639_F_RAP_03_ASEReadCounter.table","NW_015090842.1:10315504",3,12,9
"COG8","s1639_F_RAP_03_ASEReadCounter.table","NW_015090842.1:10315508",3,13,10
"COG8","s1639_F_RAP_03_ASEReadCounter.table","NW_015090842.1:10315624",9,25,16
"COG8","s1639_F_RAP_03_ASEReadCounter.table","NW_015090842.1:10315693",4,15,11
"COG8","s1639_F_RAP_03_ASEReadCounter.table","NW_015090842.1:10315698",5,15,10
"COG8","s1639_F_RAP_03_ASEReadCounter.table","NW_015090842.1:10315768",7,16,9
"COG8","s1639_F_RAP_03_ASEReadCounter.table","NW_015090842.1:10315769",7,16,9
"COG8","s1639_F_RAP_03_ASEReadCounter.table","NW_015090842.1:10315784",8,17,9
"COG8","s1639_F_RAP_03_ASEReadCounter.table","NW_015090842.1:10316093",8,20,12
"COG8","s1639_F_RAP_03_ASEReadCounter.table","NW_015090842.1:10316133",7,19,12
"NIP7","s1639_F_RAP_03_ASEReadCounter.table","NW_015090842.1:10316759",19,36,17
"NIP7","s1639_F_RAP_03_ASEReadCounter.table","NW_015090842.1:10316967",97,198,101
"NIP7","s1639_F_RAP_03_ASEReadCounter.table","NW_015090842.1:10316995",106,215,109
"NIP7","s1639_F_RAP_03_ASEReadCounter.table","NW_015090842.1:10317240",203,390,187
"NIP7","s1639_F_RAP_03_ASEReadCounter.table","NW_015090842.1:10317247",204,389,185
"NIP7","s1639_F_RAP_03_ASEReadCounter.table","NW_015090842.1:10317264",198,361,163
"NIP7","s1639_F_RAP_03_ASEReadCounter.table","NW_015090842.1:10317433",207,414,207
"NIP7","s1639_F_RAP_03_ASEReadCounter.table","NW_015090842.1:10317738",185,406,221
"NIP7","s1639_F_RAP_03_ASEReadCounter.table","NW_015090842.1:10317769",200,406,206
"NIP7","s1639_F_RAP_03_ASEReadCounter.table","NW_015090842.1:10317808",129,265,136
"NIP7","s1639_F_RAP_03_ASEReadCounter.table","NW_015090842.1:10317870",78,206,128
"NIP7","s1639_F_RAP_03_ASEReadCounter.table","NW_015090842.1:10317871",78,198,120
"NIP7","s1639_F_RAP_03_ASEReadCounter.table","NW_015090842.1:10317898",53,143,90
"NIP7","s1639_F_RAP_03_ASEReadCounter.table","NW_015090842.1:10317911",47,133,86
"TMED6","s1639_F_RAP_03_ASEReadCounter.table","NW_015090842.1:10318731",1,2,1
"TERF2","s1639_F_RAP_03_ASEReadCounter.table","NW_015090842.1:10321665",16,16,0
"TERF2","s1639_F_RAP_03_ASEReadCounter.table","NW_015090842.1:10321768",40,81,41
"TERF2","s1639_F_RAP_03_ASEReadCounter.table","NW_015090842.1:10321777",37,77,40
"TERF2","s1639_F_RAP_03_ASEReadCounter.table","NW_015090842.1:10321805",37,87,50
"TERF2","s1639_F_RAP_03_ASEReadCounter.table","NW_015090842.1:10321878",55,120,65
"TERF2","s1639_F_RAP_03_ASEReadCounter.table","NW_015090842.1:10321893",8,115,107
"TERF2","s1639_F_RAP_03_ASEReadCounter.table","NW_015090842.1:10321897",38,96,58
"TERF2","s1639_F_RAP_03_ASEReadCounter.table","NW_015090842.1:10321908",39,91,52
"TERF2","s1639_F_RAP_03_ASEReadCounter.table","NW_015090842.1:10322001",47,133,86
"TERF2","s1639_F_RAP_03_ASEReadCounter.table","NW_015090842.1:10322035",39,118,79
"TERF2","s1639_F_RAP_03_ASEReadCounter.table","NW_015090842.1:10322051",43,128,85
"TERF2","s1639_F_RAP_03_ASEReadCounter.table","NW_015090842.1:10322137",36,98,62
"TERF2","s1639_F_RAP_03_ASEReadCounter.table","NW_015090842.1:10322144",34,95,61
"TERF2","s1639_F_RAP_03_ASEReadCounter.table","NW_015090842.1:10322388",20,102,82
"TERF2","s1639_F_RAP_03_ASEReadCounter.table","NW_015090842.1:10322396",22,92,70
"TERF2","s1639_F_RAP_03_ASEReadCounter.table","NW_015090842.1:10322502",46,117,71
"TERF2","s1639_F_RAP_03_ASEReadCounter.table","NW_015090842.1:10322504",47,117,70
"TERF2","s1639_F_RAP_03_ASEReadCounter.table","NW_015090842.1:10322510",43,119,76
"TERF2","s1639_F_RAP_03_ASEReadCounter.table","NW_015090842.1:10323580",38,94,56
"TERF2","s1639_F_RAP_03_ASEReadCounter.table","NW_015090842.1:10324314",29,80,51
"TERF2","s1639_F_RAP_03_ASEReadCounter.table","NW_015090842.1:10326832",19,64,45
"TERF2","s1639_F_RAP_03_ASEReadCounter.table","NW_015090842.1:10327787",17,42,25
"TERF2","s1639_F_RAP_03_ASEReadCounter.table","NW_015090842.1:10328588",17,36,19
"TERF2","s1639_F_RAP_03_ASEReadCounter.table","NW_015090842.1:10328644",17,29,12
"TERF2","s1639_F_RAP_03_ASEReadCounter.table","NW_015090842.1:10329813",16,30,14
"TERF2","s1639_F_RAP_03_ASEReadCounter.table","NW_015090842.1:10330749",8,16,8
"TERF2","s1639_F_RAP_03_ASEReadCounter.table","NW_015090842.1:10330789",10,20,10
"CYB5B","s1639_F_RAP_03_ASEReadCounter.table","NW_015090842.1:10336595",3,10,7
"CYB5B","s1639_F_RAP_03_ASEReadCounter.table","NW_015090842.1:10336667",27,69,42
"CYB5B","s1639_F_RAP_03_ASEReadCounter.table","NW_015090842.1:10336689",43,101,58
"CYB5B","s1639_F_RAP_03_ASEReadCounter.table","NW_015090842.1:10336728",62,138,76
"CYB5B","s1639_F_RAP_03_ASEReadCounter.table","NW_015090842.1:10345068",78,150,72
"CYB5B","s1639_F_RAP_03_ASEReadCounter.table","NW_015090842.1:10348800",124,240,116
"CYB5B","s1639_F_RAP_03_ASEReadCounter.table","NW_015090842.1:10348888",105,205,100
"CYB5B","s1639_F_RAP_03_ASEReadCounter.table","NW_015090842.1:10349046",133,269,136
"CYB5B","s1639_F_RAP_03_ASEReadCounter.table","NW_015090842.1:10349119",79,207,128
"CYB5B","s1639_F_RAP_03_ASEReadCounter.table","NW_015090842.1:10349146",58,194,136
"CYB5B","s1639_F_RAP_03_ASEReadCounter.table","NW_015090842.1:10349157",77,208,131
