"gene","id","snp","ref_count","total_count","alt_count"
"CENPN","s1639_F_LIV_01_ASEReadCounter.table","NW_015090842.1:5801618",0,1,1
"CENPN","s1639_F_LIV_01_ASEReadCounter.table","NW_015090842.1:5801623",0,1,1
"CENPN","s1639_F_LIV_01_ASEReadCounter.table","NW_015090842.1:5801631",0,1,1
"CENPN","s1639_F_LIV_01_ASEReadCounter.table","NW_015090842.1:5801632",0,1,1
"CENPN","s1639_F_LIV_01_ASEReadCounter.table","NW_015090842.1:5802008",0,1,1
"CENPN","s1639_F_LIV_01_ASEReadCounter.table","NW_015090842.1:5802012",0,1,1
"CENPN","s1639_F_LIV_01_ASEReadCounter.table","NW_015090842.1:5802087",0,4,4
"CENPN","s1639_F_LIV_01_ASEReadCounter.table","NW_015090842.1:5810113",1,1,0
"CENPN","s1639_F_LIV_01_ASEReadCounter.table","NW_015090842.1:5810147",2,2,0
"CENPN","s1639_F_LIV_01_ASEReadCounter.table","NW_015090842.1:5810148",2,2,0
"ATMIN","s1639_F_LIV_01_ASEReadCounter.table","NW_015090842.1:5818789",1,3,2
"ATMIN","s1639_F_LIV_01_ASEReadCounter.table","NW_015090842.1:5819958",7,9,2
"ATMIN","s1639_F_LIV_01_ASEReadCounter.table","NW_015090842.1:5820004",6,8,2
"ATMIN","s1639_F_LIV_01_ASEReadCounter.table","NW_015090842.1:5820217",4,6,2
"ATMIN","s1639_F_LIV_01_ASEReadCounter.table","NW_015090842.1:5820250",3,5,2
"ATMIN","s1639_F_LIV_01_ASEReadCounter.table","NW_015090842.1:5820298",3,6,3
"ATMIN","s1639_F_LIV_01_ASEReadCounter.table","NW_015090842.1:5820417",2,3,1
"ATMIN","s1639_F_LIV_01_ASEReadCounter.table","NW_015090842.1:5820421",2,3,1
"ATMIN","s1639_F_LIV_01_ASEReadCounter.table","NW_015090842.1:5820448",3,4,1
"ATMIN","s1639_F_LIV_01_ASEReadCounter.table","NW_015090842.1:5820457",2,4,2
"ATMIN","s1639_F_LIV_01_ASEReadCounter.table","NW_015090842.1:5820510",2,3,1
"ATMIN","s1639_F_LIV_01_ASEReadCounter.table","NW_015090842.1:5820673",8,10,2
"ATMIN","s1639_F_LIV_01_ASEReadCounter.table","NW_015090842.1:5820754",2,4,2
"ATMIN","s1639_F_LIV_01_ASEReadCounter.table","NW_015090842.1:5820820",4,7,3
"ATMIN","s1639_F_LIV_01_ASEReadCounter.table","NW_015090842.1:5820865",5,8,3
"ATMIN","s1639_F_LIV_01_ASEReadCounter.table","NW_015090842.1:5820889",5,7,2
"ATMIN","s1639_F_LIV_01_ASEReadCounter.table","NW_015090842.1:5820891",5,7,2
"ATMIN","s1639_F_LIV_01_ASEReadCounter.table","NW_015090842.1:5820997",3,8,5
"ATMIN","s1639_F_LIV_01_ASEReadCounter.table","NW_015090842.1:5821063",3,5,2
"ATMIN","s1639_F_LIV_01_ASEReadCounter.table","NW_015090842.1:5821132",3,4,1
"ATMIN","s1639_F_LIV_01_ASEReadCounter.table","NW_015090842.1:5821645",13,19,6
"ATMIN","s1639_F_LIV_01_ASEReadCounter.table","NW_015090842.1:5825066",7,13,6
"ATMIN","s1639_F_LIV_01_ASEReadCounter.table","NW_015090842.1:5825106",8,14,6
"ATMIN","s1639_F_LIV_01_ASEReadCounter.table","NW_015090842.1:5825122",7,12,5
"ATMIN","s1639_F_LIV_01_ASEReadCounter.table","NW_015090842.1:5825178",9,20,11
"ATMIN","s1639_F_LIV_01_ASEReadCounter.table","NW_015090842.1:5825194",9,18,9
"ATMIN","s1639_F_LIV_01_ASEReadCounter.table","NW_015090842.1:5825195",9,18,9
"ATMIN","s1639_F_LIV_01_ASEReadCounter.table","NW_015090842.1:5825220",8,18,10
"ATMIN","s1639_F_LIV_01_ASEReadCounter.table","NW_015090842.1:5825240",11,18,7
"ATMIN","s1639_F_LIV_01_ASEReadCounter.table","NW_015090842.1:5825303",15,22,7
"ATMIN","s1639_F_LIV_01_ASEReadCounter.table","NW_015090842.1:5825304",16,23,7
"ATMIN","s1639_F_LIV_01_ASEReadCounter.table","NW_015090842.1:5825310",15,22,7
"ATMIN","s1639_F_LIV_01_ASEReadCounter.table","NW_015090842.1:5825406",9,13,4
"ATMIN","s1639_F_LIV_01_ASEReadCounter.table","NW_015090842.1:5825415",11,14,3
"ATMIN","s1639_F_LIV_01_ASEReadCounter.table","NW_015090842.1:5825438",14,19,5
"ATMIN","s1639_F_LIV_01_ASEReadCounter.table","NW_015090842.1:5825485",15,19,4
"ATMIN","s1639_F_LIV_01_ASEReadCounter.table","NW_015090842.1:5825524",13,17,4
"ATMIN","s1639_F_LIV_01_ASEReadCounter.table","NW_015090842.1:5825557",12,19,7
"ATMIN","s1639_F_LIV_01_ASEReadCounter.table","NW_015090842.1:5825571",11,19,8
"ATMIN","s1639_F_LIV_01_ASEReadCounter.table","NW_015090842.1:5825579",12,20,8
"ATMIN","s1639_F_LIV_01_ASEReadCounter.table","NW_015090842.1:5825590",10,17,7
"ATMIN","s1639_F_LIV_01_ASEReadCounter.table","NW_015090842.1:5825689",12,18,6
"ATMIN","s1639_F_LIV_01_ASEReadCounter.table","NW_015090842.1:5825703",15,24,9
"ATMIN","s1639_F_LIV_01_ASEReadCounter.table","NW_015090842.1:5825787",7,16,9
"ATMIN","s1639_F_LIV_01_ASEReadCounter.table","NW_015090842.1:5825833",6,12,6
"ATMIN","s1639_F_LIV_01_ASEReadCounter.table","NW_015090842.1:5825841",6,11,5
"ATMIN","s1639_F_LIV_01_ASEReadCounter.table","NW_015090842.1:5825895",13,22,9
"ATMIN","s1639_F_LIV_01_ASEReadCounter.table","NW_015090842.1:5825984",9,18,9
"ATMIN","s1639_F_LIV_01_ASEReadCounter.table","NW_015090842.1:5826162",17,25,8
"ATMIN","s1639_F_LIV_01_ASEReadCounter.table","NW_015090842.1:5826194",21,31,10
"ATMIN","s1639_F_LIV_01_ASEReadCounter.table","NW_015090842.1:5826235",17,30,13
"ATMIN","s1639_F_LIV_01_ASEReadCounter.table","NW_015090842.1:5826245",19,30,11
"ATMIN","s1639_F_LIV_01_ASEReadCounter.table","NW_015090842.1:5826335",11,21,10
"ATMIN","s1639_F_LIV_01_ASEReadCounter.table","NW_015090842.1:5826417",15,28,13
"ATMIN","s1639_F_LIV_01_ASEReadCounter.table","NW_015090842.1:5826431",10,31,21
"ATMIN","s1639_F_LIV_01_ASEReadCounter.table","NW_015090842.1:5826438",12,27,15
"ATMIN","s1639_F_LIV_01_ASEReadCounter.table","NW_015090842.1:5826463",15,32,17
"ATMIN","s1639_F_LIV_01_ASEReadCounter.table","NW_015090842.1:5826502",16,37,21
"ATMIN","s1639_F_LIV_01_ASEReadCounter.table","NW_015090842.1:5826511",17,39,22
"ATMIN","s1639_F_LIV_01_ASEReadCounter.table","NW_015090842.1:5826659",20,32,12
"ATMIN","s1639_F_LIV_01_ASEReadCounter.table","NW_015090842.1:5826701",21,33,12
"ATMIN","s1639_F_LIV_01_ASEReadCounter.table","NW_015090842.1:5826702",21,33,12
"ATMIN","s1639_F_LIV_01_ASEReadCounter.table","NW_015090842.1:5826732",21,35,14
"ATMIN","s1639_F_LIV_01_ASEReadCounter.table","NW_015090842.1:5826745",18,32,14
"ATMIN","s1639_F_LIV_01_ASEReadCounter.table","NW_015090842.1:5826835",24,36,12
"ATMIN","s1639_F_LIV_01_ASEReadCounter.table","NW_015090842.1:5826942",15,33,18
"ATMIN","s1639_F_LIV_01_ASEReadCounter.table","NW_015090842.1:5827193",25,37,12
"ATMIN","s1639_F_LIV_01_ASEReadCounter.table","NW_015090842.1:5827196",25,36,11
"ATMIN","s1639_F_LIV_01_ASEReadCounter.table","NW_015090842.1:5827269",21,32,11
"ATMIN","s1639_F_LIV_01_ASEReadCounter.table","NW_015090842.1:5827315",18,32,14
"ATMIN","s1639_F_LIV_01_ASEReadCounter.table","NW_015090842.1:5827316",18,33,15
"ATMIN","s1639_F_LIV_01_ASEReadCounter.table","NW_015090842.1:5827333",21,36,15
"PPP1R3E","s1639_F_LIV_01_ASEReadCounter.table","NW_015090842.1:5837733",8,11,3
"PPP1R3E","s1639_F_LIV_01_ASEReadCounter.table","NW_015090842.1:5837947",5,9,4
"PKD1L2","s1639_F_LIV_01_ASEReadCounter.table","NW_015090842.1:5867509",0,2,2
"PKD1L2","s1639_F_LIV_01_ASEReadCounter.table","NW_015090842.1:5867597",0,2,2
"PKD1L2","s1639_F_LIV_01_ASEReadCounter.table","NW_015090842.1:5867600",0,2,2
"PKD1L2","s1639_F_LIV_01_ASEReadCounter.table","NW_015090842.1:5867660",2,2,0
"PKD1L2","s1639_F_LIV_01_ASEReadCounter.table","NW_015090842.1:5867675",2,3,1
"PKD1L2","s1639_F_LIV_01_ASEReadCounter.table","NW_015090842.1:5867788",1,1,0
"PKD1L2","s1639_F_LIV_01_ASEReadCounter.table","NW_015090842.1:5867843",3,3,0
"PKD1L2","s1639_F_LIV_01_ASEReadCounter.table","NW_015090842.1:5871422",1,1,0
"PKD1L2","s1639_F_LIV_01_ASEReadCounter.table","NW_015090842.1:5872825",1,1,0
"PKD1L2","s1639_F_LIV_01_ASEReadCounter.table","NW_015090842.1:5872876",1,1,0
"BCO1","s1639_F_LIV_01_ASEReadCounter.table","NW_015090842.1:5915610",5,69,64
"BCO1","s1639_F_LIV_01_ASEReadCounter.table","NW_015090842.1:5915646",4,68,64
"BCO1","s1639_F_LIV_01_ASEReadCounter.table","NW_015090842.1:5917836",9,113,104
"BCO1","s1639_F_LIV_01_ASEReadCounter.table","NW_015090842.1:5917912",154,617,463
"BCO1","s1639_F_LIV_01_ASEReadCounter.table","NW_015090842.1:5917941",208,796,588
"BCO1","s1639_F_LIV_01_ASEReadCounter.table","NW_015090842.1:5917971",215,909,694
"BCO1","s1639_F_LIV_01_ASEReadCounter.table","NW_015090842.1:5921679",213,932,719
"BCO1","s1639_F_LIV_01_ASEReadCounter.table","NW_015090842.1:5921726",243,925,682
"BCO1","s1639_F_LIV_01_ASEReadCounter.table","NW_015090842.1:5925669",166,754,588
"BCO1","s1639_F_LIV_01_ASEReadCounter.table","NW_015090842.1:5926937",167,749,582
"BCO1","s1639_F_LIV_01_ASEReadCounter.table","NW_015090842.1:5927921",215,907,692
"BCO1","s1639_F_LIV_01_ASEReadCounter.table","NW_015090842.1:5927948",211,914,703
"BCO1","s1639_F_LIV_01_ASEReadCounter.table","NW_015090842.1:5927968",221,942,721
"BCO1","s1639_F_LIV_01_ASEReadCounter.table","NW_015090842.1:5928052",220,883,663
"BCO1","s1639_F_LIV_01_ASEReadCounter.table","NW_015090842.1:5932726",364,1378,1014
"BCO1","s1639_F_LIV_01_ASEReadCounter.table","NW_015090842.1:5932801",264,1108,844
"BCO1","s1639_F_LIV_01_ASEReadCounter.table","NW_015090842.1:5934558",294,1149,855
"BCO1","s1639_F_LIV_01_ASEReadCounter.table","NW_015090842.1:5934575",298,1202,904
"BCO1","s1639_F_LIV_01_ASEReadCounter.table","NW_015090842.1:5934608",317,1268,951
"BCO1","s1639_F_LIV_01_ASEReadCounter.table","NW_015090842.1:5934647",287,1166,879
"BCO1","s1639_F_LIV_01_ASEReadCounter.table","NW_015090842.1:5934725",273,1043,770
"BCO1","s1639_F_LIV_01_ASEReadCounter.table","NW_015090842.1:5934726",272,1021,749
"BCO1","s1639_F_LIV_01_ASEReadCounter.table","NW_015090842.1:5934733",256,952,696
"BCO1","s1639_F_LIV_01_ASEReadCounter.table","NW_015090842.1:5934821",219,916,697
"BCO1","s1639_F_LIV_01_ASEReadCounter.table","NW_015090842.1:5934826",189,923,734
"BCO1","s1639_F_LIV_01_ASEReadCounter.table","NW_015090842.1:5934844",122,662,540
"BCO1","s1639_F_LIV_01_ASEReadCounter.table","NW_015090842.1:5934958",249,868,619
"BCO1","s1639_F_LIV_01_ASEReadCounter.table","NW_015090842.1:5934976",253,923,670
"GAN","s1639_F_LIV_01_ASEReadCounter.table","NW_015090842.1:5939249",1,3,2
"GAN","s1639_F_LIV_01_ASEReadCounter.table","NW_015090842.1:5953759",2,11,9
"GAN","s1639_F_LIV_01_ASEReadCounter.table","NW_015090842.1:5957502",4,10,6
"GAN","s1639_F_LIV_01_ASEReadCounter.table","NW_015090842.1:5957578",3,12,9
"GAN","s1639_F_LIV_01_ASEReadCounter.table","NW_015090842.1:5966047",1,16,15
"GAN","s1639_F_LIV_01_ASEReadCounter.table","NW_015090842.1:5966126",2,16,14
"GAN","s1639_F_LIV_01_ASEReadCounter.table","NW_015090842.1:5966127",2,15,13
"GAN","s1639_F_LIV_01_ASEReadCounter.table","NW_015090842.1:5966162",2,19,17
"GAN","s1639_F_LIV_01_ASEReadCounter.table","NW_015090842.1:5966483",8,14,6
"CMIP","s1639_F_LIV_01_ASEReadCounter.table","NW_015090842.1:6109159",9,15,6
"CMIP","s1639_F_LIV_01_ASEReadCounter.table","NW_015090842.1:6109166",8,14,6
"CMIP","s1639_F_LIV_01_ASEReadCounter.table","NW_015090842.1:6114641",17,30,13
"CMIP","s1639_F_LIV_01_ASEReadCounter.table","NW_015090842.1:6114751",11,20,9
"CMIP","s1639_F_LIV_01_ASEReadCounter.table","NW_015090842.1:6114824",10,22,12
"CMIP","s1639_F_LIV_01_ASEReadCounter.table","NW_015090842.1:6126295",31,33,2
"CMIP","s1639_F_LIV_01_ASEReadCounter.table","NW_015090842.1:6128998",16,33,17
"CMIP","s1639_F_LIV_01_ASEReadCounter.table","NW_015090842.1:6130562",22,51,29
"CMIP","s1639_F_LIV_01_ASEReadCounter.table","NW_015090842.1:6132522",17,114,97
"CMIP","s1639_F_LIV_01_ASEReadCounter.table","NW_015090842.1:6138265",26,168,142
"CMIP","s1639_F_LIV_01_ASEReadCounter.table","NW_015090842.1:6138300",30,171,141
"CMIP","s1639_F_LIV_01_ASEReadCounter.table","NW_015090842.1:6138342",22,145,123
"CMIP","s1639_F_LIV_01_ASEReadCounter.table","NW_015090842.1:6138343",20,149,129
"CMIP","s1639_F_LIV_01_ASEReadCounter.table","NW_015090842.1:6138345",22,146,124
"CMIP","s1639_F_LIV_01_ASEReadCounter.table","NW_015090842.1:6138647",23,119,96
"CMIP","s1639_F_LIV_01_ASEReadCounter.table","NW_015090842.1:6138745",18,101,83
"CMIP","s1639_F_LIV_01_ASEReadCounter.table","NW_015090842.1:6138832",3,41,38
"CMIP","s1639_F_LIV_01_ASEReadCounter.table","NW_015090842.1:6138967",19,83,64
"CMIP","s1639_F_LIV_01_ASEReadCounter.table","NW_015090842.1:6139131",7,41,34
"CMIP","s1639_F_LIV_01_ASEReadCounter.table","NW_015090842.1:6139163",0,36,36
"CMIP","s1639_F_LIV_01_ASEReadCounter.table","NW_015090842.1:6139212",36,51,15
"CMIP","s1639_F_LIV_01_ASEReadCounter.table","NW_015090842.1:6139360",6,15,9
"CMIP","s1639_F_LIV_01_ASEReadCounter.table","NW_015090842.1:6139572",2,8,6
"PLCG2","s1639_F_LIV_01_ASEReadCounter.table","NW_015090842.1:6179613",8,12,4
"PLCG2","s1639_F_LIV_01_ASEReadCounter.table","NW_015090842.1:6179658",10,12,2
"PLCG2","s1639_F_LIV_01_ASEReadCounter.table","NW_015090842.1:6203766",14,17,3
"PLCG2","s1639_F_LIV_01_ASEReadCounter.table","NW_015090842.1:6203775",13,16,3
"PLCG2","s1639_F_LIV_01_ASEReadCounter.table","NW_015090842.1:6203787",11,14,3
"PLCG2","s1639_F_LIV_01_ASEReadCounter.table","NW_015090842.1:6209741",9,9,0
"PLCG2","s1639_F_LIV_01_ASEReadCounter.table","NW_015090842.1:6209798",11,12,1
"PLCG2","s1639_F_LIV_01_ASEReadCounter.table","NW_015090842.1:6209816",8,9,1
"PLCG2","s1639_F_LIV_01_ASEReadCounter.table","NW_015090842.1:6217547",19,26,7
"PLCG2","s1639_F_LIV_01_ASEReadCounter.table","NW_015090842.1:6218641",16,19,3
"PLCG2","s1639_F_LIV_01_ASEReadCounter.table","NW_015090842.1:6220552",11,14,3
"PLCG2","s1639_F_LIV_01_ASEReadCounter.table","NW_015090842.1:6221969",13,16,3
"PLCG2","s1639_F_LIV_01_ASEReadCounter.table","NW_015090842.1:6228672",16,19,3
"PLCG2","s1639_F_LIV_01_ASEReadCounter.table","NW_015090842.1:6228694",17,21,4
"PLCG2","s1639_F_LIV_01_ASEReadCounter.table","NW_015090842.1:6228722",17,20,3
"PLCG2","s1639_F_LIV_01_ASEReadCounter.table","NW_015090842.1:6228747",14,17,3
"PLCG2","s1639_F_LIV_01_ASEReadCounter.table","NW_015090842.1:6228835",10,14,4
"PLCG2","s1639_F_LIV_01_ASEReadCounter.table","NW_015090842.1:6228841",12,16,4
"PLCG2","s1639_F_LIV_01_ASEReadCounter.table","NW_015090842.1:6228865",15,19,4
"PLCG2","s1639_F_LIV_01_ASEReadCounter.table","NW_015090842.1:6228917",18,22,4
"PLCG2","s1639_F_LIV_01_ASEReadCounter.table","NW_015090842.1:6228926",17,20,3
"PLCG2","s1639_F_LIV_01_ASEReadCounter.table","NW_015090842.1:6228954",16,19,3
"PLCG2","s1639_F_LIV_01_ASEReadCounter.table","NW_015090842.1:6229002",19,23,4
"PLCG2","s1639_F_LIV_01_ASEReadCounter.table","NW_015090842.1:6229006",19,23,4
"PLCG2","s1639_F_LIV_01_ASEReadCounter.table","NW_015090842.1:6229081",13,17,4
"PLCG2","s1639_F_LIV_01_ASEReadCounter.table","NW_015090842.1:6229097",11,15,4
"PLCG2","s1639_F_LIV_01_ASEReadCounter.table","NW_015090842.1:6229160",16,19,3
"PLCG2","s1639_F_LIV_01_ASEReadCounter.table","NW_015090842.1:6229213",11,11,0
"PLCG2","s1639_F_LIV_01_ASEReadCounter.table","NW_015090842.1:6229231",14,16,2
"PLCG2","s1639_F_LIV_01_ASEReadCounter.table","NW_015090842.1:6229663",23,27,4
"PLCG2","s1639_F_LIV_01_ASEReadCounter.table","NW_015090842.1:6229748",21,26,5
"PLCG2","s1639_F_LIV_01_ASEReadCounter.table","NW_015090842.1:6229892",30,31,1
"PLCG2","s1639_F_LIV_01_ASEReadCounter.table","NW_015090842.1:6230248",20,21,1
"PLCG2","s1639_F_LIV_01_ASEReadCounter.table","NW_015090842.1:6230255",19,20,1
"PLCG2","s1639_F_LIV_01_ASEReadCounter.table","NW_015090842.1:6230276",11,13,2
"PLCG2","s1639_F_LIV_01_ASEReadCounter.table","NW_015090842.1:6230296",8,9,1
"PLCG2","s1639_F_LIV_01_ASEReadCounter.table","NW_015090842.1:6230349",19,20,1
"PLCG2","s1639_F_LIV_01_ASEReadCounter.table","NW_015090842.1:6230408",26,28,2
"PLCG2","s1639_F_LIV_01_ASEReadCounter.table","NW_015090842.1:6230439",25,26,1
"PLCG2","s1639_F_LIV_01_ASEReadCounter.table","NW_015090842.1:6230757",6,8,2
"PLCG2","s1639_F_LIV_01_ASEReadCounter.table","NW_015090842.1:6230758",6,7,1
"PLCG2","s1639_F_LIV_01_ASEReadCounter.table","NW_015090842.1:6230898",31,32,1
"PLCG2","s1639_F_LIV_01_ASEReadCounter.table","NW_015090842.1:6230976",26,26,0
"PLCG2","s1639_F_LIV_01_ASEReadCounter.table","NW_015090842.1:6231078",37,38,1
"PLCG2","s1639_F_LIV_01_ASEReadCounter.table","NW_015090842.1:6231138",52,53,1
"PLCG2","s1639_F_LIV_01_ASEReadCounter.table","NW_015090842.1:6231177",57,57,0
"PLCG2","s1639_F_LIV_01_ASEReadCounter.table","NW_015090842.1:6231263",47,48,1
"SDR42E1","s1639_F_LIV_01_ASEReadCounter.table","NW_015090842.1:6235292",1,1,0
"SDR42E1","s1639_F_LIV_01_ASEReadCounter.table","NW_015090842.1:6235315",2,4,2
"SDR42E1","s1639_F_LIV_01_ASEReadCounter.table","NW_015090842.1:6235348",9,18,9
"SDR42E1","s1639_F_LIV_01_ASEReadCounter.table","NW_015090842.1:6235355",9,18,9
"SDR42E1","s1639_F_LIV_01_ASEReadCounter.table","NW_015090842.1:6235417",12,22,10
"SDR42E1","s1639_F_LIV_01_ASEReadCounter.table","NW_015090842.1:6235558",10,21,11
"SDR42E1","s1639_F_LIV_01_ASEReadCounter.table","NW_015090842.1:6235741",22,30,8
"SDR42E1","s1639_F_LIV_01_ASEReadCounter.table","NW_015090842.1:6235777",23,37,14
"SDR42E1","s1639_F_LIV_01_ASEReadCounter.table","NW_015090842.1:6235806",22,39,17
"SDR42E1","s1639_F_LIV_01_ASEReadCounter.table","NW_015090842.1:6235809",20,38,18
"SDR42E1","s1639_F_LIV_01_ASEReadCounter.table","NW_015090842.1:6235816",20,37,17
"SDR42E1","s1639_F_LIV_01_ASEReadCounter.table","NW_015090842.1:6235914",21,31,10
"SDR42E1","s1639_F_LIV_01_ASEReadCounter.table","NW_015090842.1:6235935",25,34,9
"SDR42E1","s1639_F_LIV_01_ASEReadCounter.table","NW_015090842.1:6235957",25,32,7
"SDR42E1","s1639_F_LIV_01_ASEReadCounter.table","NW_015090842.1:6236040",9,13,4
"SDR42E1","s1639_F_LIV_01_ASEReadCounter.table","NW_015090842.1:6236260",13,19,6
"SDR42E1","s1639_F_LIV_01_ASEReadCounter.table","NW_015090842.1:6236281",13,21,8
"SDR42E1","s1639_F_LIV_01_ASEReadCounter.table","NW_015090842.1:6236305",17,26,9
"SDR42E1","s1639_F_LIV_01_ASEReadCounter.table","NW_015090842.1:6236458",15,24,9
"SDR42E1","s1639_F_LIV_01_ASEReadCounter.table","NW_015090842.1:6236476",20,32,12
"SDR42E1","s1639_F_LIV_01_ASEReadCounter.table","NW_015090842.1:6236608",17,28,11
"SDR42E1","s1639_F_LIV_01_ASEReadCounter.table","NW_015090842.1:6238244",11,15,4
"SDR42E1","s1639_F_LIV_01_ASEReadCounter.table","NW_015090842.1:6238829",4,5,1
"HSD17B2","s1639_F_LIV_01_ASEReadCounter.table","NW_015090842.1:6257616",1,1,0
"HSD17B2","s1639_F_LIV_01_ASEReadCounter.table","NW_015090842.1:6257758",1,1,0
"HSD17B2","s1639_F_LIV_01_ASEReadCounter.table","NW_015090842.1:6257767",1,1,0
"HSD17B2","s1639_F_LIV_01_ASEReadCounter.table","NW_015090842.1:6257829",1,1,0
"HSD17B2","s1639_F_LIV_01_ASEReadCounter.table","NW_015090842.1:6262951",0,1,1
"HSD17B2","s1639_F_LIV_01_ASEReadCounter.table","NW_015090842.1:6262974",0,1,1
"HSD17B2","s1639_F_LIV_01_ASEReadCounter.table","NW_015090842.1:6266795",0,1,1
"HSD17B2","s1639_F_LIV_01_ASEReadCounter.table","NW_015090842.1:6266944",1,1,0
"HSD17B2","s1639_F_LIV_01_ASEReadCounter.table","NW_015090842.1:6267053",0,1,1
"HSD17B2","s1639_F_LIV_01_ASEReadCounter.table","NW_015090842.1:6267196",0,3,3
"HSD17B2","s1639_F_LIV_01_ASEReadCounter.table","NW_015090842.1:6267273",3,4,1
"HSD17B2","s1639_F_LIV_01_ASEReadCounter.table","NW_015090842.1:6267674",2,2,0
"HSD17B2","s1639_F_LIV_01_ASEReadCounter.table","NW_015090842.1:6267913",2,3,1
"HSD17B2","s1639_F_LIV_01_ASEReadCounter.table","NW_015090842.1:6268098",0,3,3
"HSD17B2","s1639_F_LIV_01_ASEReadCounter.table","NW_015090842.1:6268203",3,3,0
"ARY2","s1639_F_LIV_01_ASEReadCounter.table","NW_015090842.1:6303922",5,8,3
"ARY2","s1639_F_LIV_01_ASEReadCounter.table","NW_015090842.1:6303954",10,15,5
"ARY2","s1639_F_LIV_01_ASEReadCounter.table","NW_015090842.1:6303979",10,15,5
"ARY2","s1639_F_LIV_01_ASEReadCounter.table","NW_015090842.1:6305848",10,14,4
"ARY2","s1639_F_LIV_01_ASEReadCounter.table","NW_015090842.1:6305856",9,13,4
"ARY2","s1639_F_LIV_01_ASEReadCounter.table","NW_015090842.1:6305857",9,13,4
"ARY2","s1639_F_LIV_01_ASEReadCounter.table","NW_015090842.1:6306017",6,15,9
"ARY2","s1639_F_LIV_01_ASEReadCounter.table","NW_015090842.1:6306052",5,14,9
"ARY2","s1639_F_LIV_01_ASEReadCounter.table","NW_015090842.1:6306094",10,18,8
"ARY2","s1639_F_LIV_01_ASEReadCounter.table","NW_015090842.1:6306100",9,17,8
"ARY2","s1639_F_LIV_01_ASEReadCounter.table","NW_015090842.1:6306146",10,18,8
"ARY2","s1639_F_LIV_01_ASEReadCounter.table","NW_015090842.1:6306147",8,17,9
"ARY2","s1639_F_LIV_01_ASEReadCounter.table","NW_015090842.1:6306390",7,20,13
"ARY2","s1639_F_LIV_01_ASEReadCounter.table","NW_015090842.1:6306567",8,16,8
"ARY2","s1639_F_LIV_01_ASEReadCounter.table","NW_015090842.1:6306705",6,9,3
"ARY2","s1639_F_LIV_01_ASEReadCounter.table","NW_015090842.1:6306773",3,5,2
"ARY2","s1639_F_LIV_01_ASEReadCounter.table","NW_015090842.1:6307039",4,6,2
"ARY2","s1639_F_LIV_01_ASEReadCounter.table","NW_015090842.1:6307043",4,6,2
"ARY2","s1639_F_LIV_01_ASEReadCounter.table","NW_015090842.1:6307093",3,5,2
"ARY2","s1639_F_LIV_01_ASEReadCounter.table","NW_015090842.1:6307138",4,4,0
"ARY2","s1639_F_LIV_01_ASEReadCounter.table","NW_015090842.1:6307157",6,9,3
"ARY2","s1639_F_LIV_01_ASEReadCounter.table","NW_015090842.1:6307187",7,12,5
"ARY2","s1639_F_LIV_01_ASEReadCounter.table","NW_015090842.1:6307204",6,11,5
"ARY2","s1639_F_LIV_01_ASEReadCounter.table","NW_015090842.1:6307278",5,7,2
"ARY2","s1639_F_LIV_01_ASEReadCounter.table","NW_015090842.1:6307305",4,6,2
"ARY2","s1639_F_LIV_01_ASEReadCounter.table","NW_015090842.1:6307318",2,5,3
"ARY2","s1639_F_LIV_01_ASEReadCounter.table","NW_015090842.1:6307429",7,11,4
"ARY2","s1639_F_LIV_01_ASEReadCounter.table","NW_015090842.1:6307487",5,7,2
"ARY2","s1639_F_LIV_01_ASEReadCounter.table","NW_015090842.1:6307670",4,6,2
"ARYL","s1639_F_LIV_01_ASEReadCounter.table","NW_015090842.1:6313360",15,48,33
"ARYL","s1639_F_LIV_01_ASEReadCounter.table","NW_015090842.1:6313377",14,46,32
"ARYL","s1639_F_LIV_01_ASEReadCounter.table","NW_015090842.1:6313767",18,38,20
"ARY1","s1639_F_LIV_01_ASEReadCounter.table","NW_015090842.1:6314296",19,41,22
"ARY1","s1639_F_LIV_01_ASEReadCounter.table","NW_015090842.1:6314541",12,28,16
"ARY1","s1639_F_LIV_01_ASEReadCounter.table","NW_015090842.1:6314597",22,43,21
"ARY1","s1639_F_LIV_01_ASEReadCounter.table","NW_015090842.1:6314750",19,41,22
"ARY1","s1639_F_LIV_01_ASEReadCounter.table","NW_015090842.1:6314794",15,37,22
"ARY1","s1639_F_LIV_01_ASEReadCounter.table","NW_015090842.1:6314827",17,40,23
"ARY1","s1639_F_LIV_01_ASEReadCounter.table","NW_015090842.1:6314859",23,51,28
"ARY1","s1639_F_LIV_01_ASEReadCounter.table","NW_015090842.1:6314886",23,56,33
"ARY1","s1639_F_LIV_01_ASEReadCounter.table","NW_015090842.1:6315022",35,74,39
"ARY1","s1639_F_LIV_01_ASEReadCounter.table","NW_015090842.1:6315026",35,75,40
"ARY1","s1639_F_LIV_01_ASEReadCounter.table","NW_015090842.1:6315043",29,65,36
"ARY1","s1639_F_LIV_01_ASEReadCounter.table","NW_015090842.1:6315065",30,73,43
"ARY1","s1639_F_LIV_01_ASEReadCounter.table","NW_015090842.1:6315409",18,42,24
"ARY1","s1639_F_LIV_01_ASEReadCounter.table","NW_015090842.1:6315479",24,58,34
"ARY1","s1639_F_LIV_01_ASEReadCounter.table","NW_015090842.1:6318342",36,82,46
"ARY1","s1639_F_LIV_01_ASEReadCounter.table","NW_015090842.1:6318427",33,88,55
"ARY1","s1639_F_LIV_01_ASEReadCounter.table","NW_015090842.1:6318603",40,89,49
"ARY1","s1639_F_LIV_01_ASEReadCounter.table","NW_015090842.1:6318708",32,71,39
"ARY1","s1639_F_LIV_01_ASEReadCounter.table","NW_015090842.1:6318858",44,94,50
"ARY1","s1639_F_LIV_01_ASEReadCounter.table","NW_015090842.1:6318952",38,105,67
"MPHOSPH6","s1639_F_LIV_01_ASEReadCounter.table","NW_015090842.1:6324063",27,68,41
"MPHOSPH6","s1639_F_LIV_01_ASEReadCounter.table","NW_015090842.1:6324174",53,124,71
"MPHOSPH6","s1639_F_LIV_01_ASEReadCounter.table","NW_015090842.1:6324270",67,135,68
"MPHOSPH6","s1639_F_LIV_01_ASEReadCounter.table","NW_015090842.1:6324762",69,154,85
"MPHOSPH6","s1639_F_LIV_01_ASEReadCounter.table","NW_015090842.1:6324780",62,129,67
"MPHOSPH6","s1639_F_LIV_01_ASEReadCounter.table","NW_015090842.1:6324902",95,199,104
"MPHOSPH6","s1639_F_LIV_01_ASEReadCounter.table","NW_015090842.1:6325066",87,193,106
"MPHOSPH6","s1639_F_LIV_01_ASEReadCounter.table","NW_015090842.1:6325089",98,214,116
"MPHOSPH6","s1639_F_LIV_01_ASEReadCounter.table","NW_015090842.1:6325877",82,188,106
"MPHOSPH6","s1639_F_LIV_01_ASEReadCounter.table","NW_015090842.1:6326976",71,164,93
"CDH13","s1639_F_LIV_01_ASEReadCounter.table","NW_015090842.1:6693665",4,4,0
"CDH13","s1639_F_LIV_01_ASEReadCounter.table","NW_015090842.1:6693697",3,3,0
"CDH13","s1639_F_LIV_01_ASEReadCounter.table","NW_015090842.1:6693712",3,3,0
"CDH13","s1639_F_LIV_01_ASEReadCounter.table","NW_015090842.1:6693723",3,3,0
"CDH13","s1639_F_LIV_01_ASEReadCounter.table","NW_015090842.1:6693738",2,2,0
"CDH13","s1639_F_LIV_01_ASEReadCounter.table","NW_015090842.1:6823730",1,2,1
"CDH13","s1639_F_LIV_01_ASEReadCounter.table","NW_015090842.1:6955167",2,2,0
"MLYCD","s1639_F_LIV_01_ASEReadCounter.table","NW_015090842.1:7150054",26,60,34
"MLYCD","s1639_F_LIV_01_ASEReadCounter.table","NW_015090842.1:7150131",39,102,63
"MLYCD","s1639_F_LIV_01_ASEReadCounter.table","NW_015090842.1:7150585",17,58,41
"MLYCD","s1639_F_LIV_01_ASEReadCounter.table","NW_015090842.1:7150686",20,49,29
"MLYCD","s1639_F_LIV_01_ASEReadCounter.table","NW_015090842.1:7150696",24,58,34
"MLYCD","s1639_F_LIV_01_ASEReadCounter.table","NW_015090842.1:7150869",19,58,39
"MLYCD","s1639_F_LIV_01_ASEReadCounter.table","NW_015090842.1:7151100",26,70,44
"MLYCD","s1639_F_LIV_01_ASEReadCounter.table","NW_015090842.1:7151127",26,72,46
"MLYCD","s1639_F_LIV_01_ASEReadCounter.table","NW_015090842.1:7157538",21,53,32
"MLYCD","s1639_F_LIV_01_ASEReadCounter.table","NW_015090842.1:7167662",4,19,15
"MLYCD","s1639_F_LIV_01_ASEReadCounter.table","NW_015090842.1:7167675",3,20,17
"MLYCD","s1639_F_LIV_01_ASEReadCounter.table","NW_015090842.1:7167710",2,20,18
"MLYCD","s1639_F_LIV_01_ASEReadCounter.table","NW_015090842.1:7167781",6,21,15
"MLYCD","s1639_F_LIV_01_ASEReadCounter.table","NW_015090842.1:7167803",5,16,11
"MLYCD","s1639_F_LIV_01_ASEReadCounter.table","NW_015090842.1:7167812",5,14,9
"MLYCD","s1639_F_LIV_01_ASEReadCounter.table","NW_015090842.1:7167845",5,17,12
"MLYCD","s1639_F_LIV_01_ASEReadCounter.table","NW_015090842.1:7167862",4,12,8
"MLYCD","s1639_F_LIV_01_ASEReadCounter.table","NW_015090842.1:7167929",5,15,10
"MLYCD","s1639_F_LIV_01_ASEReadCounter.table","NW_015090842.1:7167995",6,14,8
"MLYCD","s1639_F_LIV_01_ASEReadCounter.table","NW_015090842.1:7168005",6,13,7
"MLYCD","s1639_F_LIV_01_ASEReadCounter.table","NW_015090842.1:7168037",9,17,8
"HSBP1","s1639_F_LIV_01_ASEReadCounter.table","NW_015090842.1:7245192",66,135,69
"HSBP1","s1639_F_LIV_01_ASEReadCounter.table","NW_015090842.1:7245226",65,147,82
"HSBP1","s1639_F_LIV_01_ASEReadCounter.table","NW_015090842.1:7245257",64,137,73
"HSBP1","s1639_F_LIV_01_ASEReadCounter.table","NW_015090842.1:7245296",50,122,72
"HSBP1","s1639_F_LIV_01_ASEReadCounter.table","NW_015090842.1:7245389",91,173,82
"HSBP1","s1639_F_LIV_01_ASEReadCounter.table","NW_015090842.1:7245400",98,166,68
"HSBP1","s1639_F_LIV_01_ASEReadCounter.table","NW_015090842.1:7245445",81,151,70
"HSBP1","s1639_F_LIV_01_ASEReadCounter.table","NW_015090842.1:7245495",79,159,80
"HSBP1","s1639_F_LIV_01_ASEReadCounter.table","NW_015090842.1:7245733",46,105,59
"HSBP1","s1639_F_LIV_01_ASEReadCounter.table","NW_015090842.1:7245771",57,106,49
"HSBP1","s1639_F_LIV_01_ASEReadCounter.table","NW_015090842.1:7245813",52,102,50
"HSBP1","s1639_F_LIV_01_ASEReadCounter.table","NW_015090842.1:7245926",63,123,60
"HSBP1","s1639_F_LIV_01_ASEReadCounter.table","NW_015090842.1:7245927",64,124,60
"HSBP1","s1639_F_LIV_01_ASEReadCounter.table","NW_015090842.1:7245933",57,114,57
"HSBP1","s1639_F_LIV_01_ASEReadCounter.table","NW_015090842.1:7246002",47,99,52
"HSBP1","s1639_F_LIV_01_ASEReadCounter.table","NW_015090842.1:7246094",74,130,56
"HSBP1","s1639_F_LIV_01_ASEReadCounter.table","NW_015090842.1:7246167",61,123,62
"HSBP1","s1639_F_LIV_01_ASEReadCounter.table","NW_015090842.1:7246183",60,115,55
"HSBP1","s1639_F_LIV_01_ASEReadCounter.table","NW_015090842.1:7247285",16,19,3
"HSBP1","s1639_F_LIV_01_ASEReadCounter.table","NW_015090842.1:7247651",162,385,223
"HSBP1","s1639_F_LIV_01_ASEReadCounter.table","NW_015090842.1:7247657",169,393,224
"HSBP1","s1639_F_LIV_01_ASEReadCounter.table","NW_015090842.1:7248520",144,283,139
"HSBP1","s1639_F_LIV_01_ASEReadCounter.table","NW_015090842.1:7248535",120,225,105
"WFDC1","s1639_F_LIV_01_ASEReadCounter.table","NW_015090842.1:7379451",2,2,0
"WFDC1","s1639_F_LIV_01_ASEReadCounter.table","NW_015090842.1:7379471",2,2,0
"WFDC1","s1639_F_LIV_01_ASEReadCounter.table","NW_015090842.1:7380261",0,1,1
"WFDC1","s1639_F_LIV_01_ASEReadCounter.table","NW_015090842.1:7380322",0,1,1
"WFDC1","s1639_F_LIV_01_ASEReadCounter.table","NW_015090842.1:7380852",0,1,1
"WFDC1","s1639_F_LIV_01_ASEReadCounter.table","NW_015090842.1:7380878",0,1,1
"WFDC1","s1639_F_LIV_01_ASEReadCounter.table","NW_015090842.1:7381195",1,1,0
"WFDC1","s1639_F_LIV_01_ASEReadCounter.table","NW_015090842.1:7381253",1,1,0
"WFDC1","s1639_F_LIV_01_ASEReadCounter.table","NW_015090842.1:7381442",0,1,1
"WFDC1","s1639_F_LIV_01_ASEReadCounter.table","NW_015090842.1:7381517",0,1,1
"WFDC1","s1639_F_LIV_01_ASEReadCounter.table","NW_015090842.1:7381520",0,1,1
"WFDC1","s1639_F_LIV_01_ASEReadCounter.table","NW_015090842.1:7381677",1,2,1
"WFDC1","s1639_F_LIV_01_ASEReadCounter.table","NW_015090842.1:7381709",1,1,0
"ATP2C2","s1639_F_LIV_01_ASEReadCounter.table","NW_015090842.1:7413855",15,23,8
"ATP2C2","s1639_F_LIV_01_ASEReadCounter.table","NW_015090842.1:7413869",5,14,9
"ATP2C2","s1639_F_LIV_01_ASEReadCounter.table","NW_015090842.1:7413875",5,14,9
"TLDC1","s1639_F_LIV_01_ASEReadCounter.table","NW_015090842.1:7421137",48,118,70
"TLDC1","s1639_F_LIV_01_ASEReadCounter.table","NW_015090842.1:7421155",39,102,63
"TLDC1","s1639_F_LIV_01_ASEReadCounter.table","NW_015090842.1:7421218",42,101,59
"TLDC1","s1639_F_LIV_01_ASEReadCounter.table","NW_015090842.1:7421399",32,81,49
"TLDC1","s1639_F_LIV_01_ASEReadCounter.table","NW_015090842.1:7421402",30,79,49
"TLDC1","s1639_F_LIV_01_ASEReadCounter.table","NW_015090842.1:7421528",31,79,48
"TLDC1","s1639_F_LIV_01_ASEReadCounter.table","NW_015090842.1:7421532",32,81,49
"TLDC1","s1639_F_LIV_01_ASEReadCounter.table","NW_015090842.1:7421621",42,101,59
"TLDC1","s1639_F_LIV_01_ASEReadCounter.table","NW_015090842.1:7421647",33,84,51
"TLDC1","s1639_F_LIV_01_ASEReadCounter.table","NW_015090842.1:7421657",26,75,49
"TLDC1","s1639_F_LIV_01_ASEReadCounter.table","NW_015090842.1:7421693",26,83,57
"TLDC1","s1639_F_LIV_01_ASEReadCounter.table","NW_015090842.1:7421796",34,69,35
"TLDC1","s1639_F_LIV_01_ASEReadCounter.table","NW_015090842.1:7421810",36,72,36
"TLDC1","s1639_F_LIV_01_ASEReadCounter.table","NW_015090842.1:7421833",41,81,40
"TLDC1","s1639_F_LIV_01_ASEReadCounter.table","NW_015090842.1:7421879",38,89,51
"TLDC1","s1639_F_LIV_01_ASEReadCounter.table","NW_015090842.1:7421914",40,105,65
"TLDC1","s1639_F_LIV_01_ASEReadCounter.table","NW_015090842.1:7421969",31,79,48
"TLDC1","s1639_F_LIV_01_ASEReadCounter.table","NW_015090842.1:7422015",21,66,45
"TLDC1","s1639_F_LIV_01_ASEReadCounter.table","NW_015090842.1:7422042",27,82,55
"TLDC1","s1639_F_LIV_01_ASEReadCounter.table","NW_015090842.1:7422230",55,114,59
"TLDC1","s1639_F_LIV_01_ASEReadCounter.table","NW_015090842.1:7423349",58,117,59
"TLDC1","s1639_F_LIV_01_ASEReadCounter.table","NW_015090842.1:7423362",48,105,57
"TLDC1","s1639_F_LIV_01_ASEReadCounter.table","NW_015090842.1:7426091",30,68,38
"TLDC1","s1639_F_LIV_01_ASEReadCounter.table","NW_015090842.1:7426485",42,80,38
"TLDC1","s1639_F_LIV_01_ASEReadCounter.table","NW_015090842.1:7427211",44,99,55
"TLDC1","s1639_F_LIV_01_ASEReadCounter.table","NW_015090842.1:7428179",23,73,50
"COTL1","s1639_F_LIV_01_ASEReadCounter.table","NW_015090842.1:7490744",80,182,102
"COTL1","s1639_F_LIV_01_ASEReadCounter.table","NW_015090842.1:7491051",63,120,57
"COTL1","s1639_F_LIV_01_ASEReadCounter.table","NW_015090842.1:7491124",68,122,54
"COTL1","s1639_F_LIV_01_ASEReadCounter.table","NW_015090842.1:7491418",43,94,51
"COTL1","s1639_F_LIV_01_ASEReadCounter.table","NW_015090842.1:7491539",34,87,53
"COTL1","s1639_F_LIV_01_ASEReadCounter.table","NW_015090842.1:7491585",73,139,66
"COTL1","s1639_F_LIV_01_ASEReadCounter.table","NW_015090842.1:7491586",72,146,74
"COTL1","s1639_F_LIV_01_ASEReadCounter.table","NW_015090842.1:7491646",81,163,82
"COTL1","s1639_F_LIV_01_ASEReadCounter.table","NW_015090842.1:7491747",59,131,72
"COTL1","s1639_F_LIV_01_ASEReadCounter.table","NW_015090842.1:7491803",48,116,68
"COTL1","s1639_F_LIV_01_ASEReadCounter.table","NW_015090842.1:7510900",1,1,0
"COTL1","s1639_F_LIV_01_ASEReadCounter.table","NW_015090842.1:7513239",1,1,0
"KLHL36","s1639_F_LIV_01_ASEReadCounter.table","NW_015090842.1:7519691",2,2,0
"KLHL36","s1639_F_LIV_01_ASEReadCounter.table","NW_015090842.1:7519696",2,2,0
"KLHL36","s1639_F_LIV_01_ASEReadCounter.table","NW_015090842.1:7526160",2,6,4
"KLHL36","s1639_F_LIV_01_ASEReadCounter.table","NW_015090842.1:7526469",1,2,1
"KLHL36","s1639_F_LIV_01_ASEReadCounter.table","NW_015090842.1:7526587",4,4,0
"KLHL36","s1639_F_LIV_01_ASEReadCounter.table","NW_015090842.1:7526997",0,2,2
"KLHL36","s1639_F_LIV_01_ASEReadCounter.table","NW_015090842.1:7527142",1,1,0
"KLHL36","s1639_F_LIV_01_ASEReadCounter.table","NW_015090842.1:7535174",5,10,5
"KLHL36","s1639_F_LIV_01_ASEReadCounter.table","NW_015090842.1:7535384",3,4,1
"KLHL36","s1639_F_LIV_01_ASEReadCounter.table","NW_015090842.1:7535420",4,6,2
"KLHL36","s1639_F_LIV_01_ASEReadCounter.table","NW_015090842.1:7535545",4,6,2
"KLHL36","s1639_F_LIV_01_ASEReadCounter.table","NW_015090842.1:7535829",4,7,3
"KLHL36","s1639_F_LIV_01_ASEReadCounter.table","NW_015090842.1:7535977",0,1,1
"KLHL36","s1639_F_LIV_01_ASEReadCounter.table","NW_015090842.1:7536010",2,3,1
"KLHL36","s1639_F_LIV_01_ASEReadCounter.table","NW_015090842.1:7536051",2,3,1
"KLHL36","s1639_F_LIV_01_ASEReadCounter.table","NW_015090842.1:7536096",2,4,2
"KLHL36","s1639_F_LIV_01_ASEReadCounter.table","NW_015090842.1:7536135",3,5,2
"KLHL36","s1639_F_LIV_01_ASEReadCounter.table","NW_015090842.1:7536136",3,5,2
"KLHL36","s1639_F_LIV_01_ASEReadCounter.table","NW_015090842.1:7536160",4,5,1
"KLHL36","s1639_F_LIV_01_ASEReadCounter.table","NW_015090842.1:7536336",3,4,1
"KLHL36","s1639_F_LIV_01_ASEReadCounter.table","NW_015090842.1:7536352",2,3,1
"KLHL36","s1639_F_LIV_01_ASEReadCounter.table","NW_015090842.1:7536412",1,5,4
"KLHL36","s1639_F_LIV_01_ASEReadCounter.table","NW_015090842.1:7536418",1,5,4
"KLHL36","s1639_F_LIV_01_ASEReadCounter.table","NW_015090842.1:7536465",2,4,2
"KLHL36","s1639_F_LIV_01_ASEReadCounter.table","NW_015090842.1:7536466",2,4,2
"KLHL36","s1639_F_LIV_01_ASEReadCounter.table","NW_015090842.1:7536553",5,7,2
"KLHL36","s1639_F_LIV_01_ASEReadCounter.table","NW_015090842.1:7536698",1,4,3
"KLHL36","s1639_F_LIV_01_ASEReadCounter.table","NW_015090842.1:7536713",1,3,2
"KLHL36","s1639_F_LIV_01_ASEReadCounter.table","NW_015090842.1:7536720",2,3,1
"KLHL36","s1639_F_LIV_01_ASEReadCounter.table","NW_015090842.1:7536791",2,3,1
"KLHL36","s1639_F_LIV_01_ASEReadCounter.table","NW_015090842.1:7536849",3,5,2
"KLHL36","s1639_F_LIV_01_ASEReadCounter.table","NW_015090842.1:7536872",4,7,3
"KLHL36","s1639_F_LIV_01_ASEReadCounter.table","NW_015090842.1:7536878",4,7,3
"KLHL36","s1639_F_LIV_01_ASEReadCounter.table","NW_015090842.1:7536916",5,8,3
"KLHL36","s1639_F_LIV_01_ASEReadCounter.table","NW_015090842.1:7536927",6,9,3
"KLHL36","s1639_F_LIV_01_ASEReadCounter.table","NW_015090842.1:7537315",7,8,1
"KLHL36","s1639_F_LIV_01_ASEReadCounter.table","NW_015090842.1:7537352",5,6,1
"KLHL36","s1639_F_LIV_01_ASEReadCounter.table","NW_015090842.1:7537631",4,10,6
"KLHL36","s1639_F_LIV_01_ASEReadCounter.table","NW_015090842.1:7537830",6,9,3
"KLHL36","s1639_F_LIV_01_ASEReadCounter.table","NW_015090842.1:7537838",5,7,2
"KLHL36","s1639_F_LIV_01_ASEReadCounter.table","NW_015090842.1:7538153",6,13,7
"KLHL36","s1639_F_LIV_01_ASEReadCounter.table","NW_015090842.1:7538256",1,6,5
"KLHL36","s1639_F_LIV_01_ASEReadCounter.table","NW_015090842.1:7538265",1,5,4
"KLHL36","s1639_F_LIV_01_ASEReadCounter.table","NW_015090842.1:7538300",1,6,5
"USP10","s1639_F_LIV_01_ASEReadCounter.table","NW_015090842.1:7563972",5,16,11
"USP10","s1639_F_LIV_01_ASEReadCounter.table","NW_015090842.1:7571816",21,45,24
"USP10","s1639_F_LIV_01_ASEReadCounter.table","NW_015090842.1:7571993",19,42,23
"USP10","s1639_F_LIV_01_ASEReadCounter.table","NW_015090842.1:7572580",18,55,37
"USP10","s1639_F_LIV_01_ASEReadCounter.table","NW_015090842.1:7587372",41,97,56
"CRISPLD2","s1639_F_LIV_01_ASEReadCounter.table","NW_015090842.1:7610084",0,1,1
"CRISPLD2","s1639_F_LIV_01_ASEReadCounter.table","NW_015090842.1:7617757",0,1,1
"CRISPLD2","s1639_F_LIV_01_ASEReadCounter.table","NW_015090842.1:7617781",0,1,1
"CRISPLD2","s1639_F_LIV_01_ASEReadCounter.table","NW_015090842.1:7617790",0,1,1
"CRISPLD2","s1639_F_LIV_01_ASEReadCounter.table","NW_015090842.1:7621452",1,1,0
"CRISPLD2","s1639_F_LIV_01_ASEReadCounter.table","NW_015090842.1:7625451",2,4,2
"CRISPLD2","s1639_F_LIV_01_ASEReadCounter.table","NW_015090842.1:7626214",1,3,2
"CRISPLD2","s1639_F_LIV_01_ASEReadCounter.table","NW_015090842.1:7630784",1,1,0
"CRISPLD2","s1639_F_LIV_01_ASEReadCounter.table","NW_015090842.1:7630823",1,1,0
"CRISPLD2","s1639_F_LIV_01_ASEReadCounter.table","NW_015090842.1:7633172",0,1,1
"CRISPLD2","s1639_F_LIV_01_ASEReadCounter.table","NW_015090842.1:7633326",0,1,1
"CRISPLD2","s1639_F_LIV_01_ASEReadCounter.table","NW_015090842.1:7633336",0,1,1
"CRISPLD2","s1639_F_LIV_01_ASEReadCounter.table","NW_015090842.1:7633381",0,1,1
"CRISPLD2","s1639_F_LIV_01_ASEReadCounter.table","NW_015090842.1:7633388",0,1,1
"CRISPLD2","s1639_F_LIV_01_ASEReadCounter.table","NW_015090842.1:7633486",1,1,0
"CRISPLD2","s1639_F_LIV_01_ASEReadCounter.table","NW_015090842.1:7633571",2,2,0
"CRISPLD2","s1639_F_LIV_01_ASEReadCounter.table","NW_015090842.1:7633588",2,2,0
"CRISPLD2","s1639_F_LIV_01_ASEReadCounter.table","NW_015090842.1:7633617",2,2,0
"CRISPLD2","s1639_F_LIV_01_ASEReadCounter.table","NW_015090842.1:7633695",5,5,0
"CRISPLD2","s1639_F_LIV_01_ASEReadCounter.table","NW_015090842.1:7633721",6,7,1
"CRISPLD2","s1639_F_LIV_01_ASEReadCounter.table","NW_015090842.1:7633888",1,1,0
"CRISPLD2","s1639_F_LIV_01_ASEReadCounter.table","NW_015090842.1:7633910",3,3,0
"CRISPLD2","s1639_F_LIV_01_ASEReadCounter.table","NW_015090842.1:7634142",2,2,0
"CRISPLD2","s1639_F_LIV_01_ASEReadCounter.table","NW_015090842.1:7634417",2,2,0
"CRISPLD2","s1639_F_LIV_01_ASEReadCounter.table","NW_015090842.1:7634825",3,3,0
"CRISPLD2","s1639_F_LIV_01_ASEReadCounter.table","NW_015090842.1:7634852",1,1,0
"CRISPLD2","s1639_F_LIV_01_ASEReadCounter.table","NW_015090842.1:7635009",0,2,2
"CRISPLD2","s1639_F_LIV_01_ASEReadCounter.table","NW_015090842.1:7635208",2,3,1
"CRISPLD2","s1639_F_LIV_01_ASEReadCounter.table","NW_015090842.1:7635373",1,1,0
"CRISPLD2","s1639_F_LIV_01_ASEReadCounter.table","NW_015090842.1:7635525",1,1,0
"CRISPLD2","s1639_F_LIV_01_ASEReadCounter.table","NW_015090842.1:7635924",3,3,0
"LOC106888312","s1639_F_LIV_01_ASEReadCounter.table","NW_015090842.1:7713031",91,133,42
"LOC106888312","s1639_F_LIV_01_ASEReadCounter.table","NW_015090842.1:7727001",115,173,58
"LOC106888312","s1639_F_LIV_01_ASEReadCounter.table","NW_015090842.1:7727036",110,157,47
"LOC106888312","s1639_F_LIV_01_ASEReadCounter.table","NW_015090842.1:7727072",110,159,49
"LOC106888312","s1639_F_LIV_01_ASEReadCounter.table","NW_015090842.1:7727961",110,163,53
"LOC106888312","s1639_F_LIV_01_ASEReadCounter.table","NW_015090842.1:7731961",58,95,37
"LOC106888312","s1639_F_LIV_01_ASEReadCounter.table","NW_015090842.1:7732244",150,220,70
"LOC106888312","s1639_F_LIV_01_ASEReadCounter.table","NW_015090842.1:7732443",114,172,58
"LOC106888312","s1639_F_LIV_01_ASEReadCounter.table","NW_015090842.1:7732444",109,168,59
"LOC106888312","s1639_F_LIV_01_ASEReadCounter.table","NW_015090842.1:7732538",81,149,68
"LOC106888312","s1639_F_LIV_01_ASEReadCounter.table","NW_015090842.1:7732548",78,147,69
"LOC106888312","s1639_F_LIV_01_ASEReadCounter.table","NW_015090842.1:7732576",72,144,72
"LOC106888312","s1639_F_LIV_01_ASEReadCounter.table","NW_015090842.1:7732580",75,146,71
"LOC106888312","s1639_F_LIV_01_ASEReadCounter.table","NW_015090842.1:7732629",64,143,79
"LOC106888312","s1639_F_LIV_01_ASEReadCounter.table","NW_015090842.1:7732630",65,148,83
"LOC106888312","s1639_F_LIV_01_ASEReadCounter.table","NW_015090842.1:7732637",68,153,85
"LOC106888312","s1639_F_LIV_01_ASEReadCounter.table","NW_015090842.1:7732682",61,131,70
"LOC106888312","s1639_F_LIV_01_ASEReadCounter.table","NW_015090842.1:7732696",57,133,76
"LOC106888312","s1639_F_LIV_01_ASEReadCounter.table","NW_015090842.1:7732709",50,122,72
"LOC106888312","s1639_F_LIV_01_ASEReadCounter.table","NW_015090842.1:7732718",46,116,70
"LOC106888312","s1639_F_LIV_01_ASEReadCounter.table","NW_015090842.1:7732739",34,98,64
"LOC106888312","s1639_F_LIV_01_ASEReadCounter.table","NW_015090842.1:7732743",24,95,71
"LOC106888312","s1639_F_LIV_01_ASEReadCounter.table","NW_015090842.1:7732744",24,95,71
"LOC106888312","s1639_F_LIV_01_ASEReadCounter.table","NW_015090842.1:7732756",23,91,68
"LOC106888312","s1639_F_LIV_01_ASEReadCounter.table","NW_015090842.1:7732757",23,90,67
"LOC106888312","s1639_F_LIV_01_ASEReadCounter.table","NW_015090842.1:7732782",48,116,68
"LOC106888312","s1639_F_LIV_01_ASEReadCounter.table","NW_015090842.1:7732796",58,121,63
"LOC106888312","s1639_F_LIV_01_ASEReadCounter.table","NW_015090842.1:7732860",70,140,70
"LOC106888312","s1639_F_LIV_01_ASEReadCounter.table","NW_015090842.1:7732861",71,142,71
"LOC106888312","s1639_F_LIV_01_ASEReadCounter.table","NW_015090842.1:7732918",80,156,76
"LOC106888312","s1639_F_LIV_01_ASEReadCounter.table","NW_015090842.1:7732997",88,158,70
"LOC106888312","s1639_F_LIV_01_ASEReadCounter.table","NW_015090842.1:7733011",74,135,61
"LOC106888312","s1639_F_LIV_01_ASEReadCounter.table","NW_015090842.1:7733046",83,163,80
"LOC106888312","s1639_F_LIV_01_ASEReadCounter.table","NW_015090842.1:7733068",108,184,76
"LOC106888312","s1639_F_LIV_01_ASEReadCounter.table","NW_015090842.1:7733077",132,206,74
"LOC106888312","s1639_F_LIV_01_ASEReadCounter.table","NW_015090842.1:7733096",148,250,102
"LOC106888312","s1639_F_LIV_01_ASEReadCounter.table","NW_015090842.1:7733142",149,252,103
"LOC106888312","s1639_F_LIV_01_ASEReadCounter.table","NW_015090842.1:7733196",114,214,100
"LOC106888312","s1639_F_LIV_01_ASEReadCounter.table","NW_015090842.1:7733299",180,280,100
"LOC106888312","s1639_F_LIV_01_ASEReadCounter.table","NW_015090842.1:7733470",146,245,99
"LOC106888312","s1639_F_LIV_01_ASEReadCounter.table","NW_015090842.1:7733471",149,240,91
"LOC106888312","s1639_F_LIV_01_ASEReadCounter.table","NW_015090842.1:7733472",138,229,91
"LOC106888312","s1639_F_LIV_01_ASEReadCounter.table","NW_015090842.1:7733507",154,241,87
"LOC106888312","s1639_F_LIV_01_ASEReadCounter.table","NW_015090842.1:7733508",155,239,84
"LOC106888312","s1639_F_LIV_01_ASEReadCounter.table","NW_015090842.1:7733518",159,249,90
"LOC106888312","s1639_F_LIV_01_ASEReadCounter.table","NW_015090842.1:7733609",184,319,135
"LOC106888312","s1639_F_LIV_01_ASEReadCounter.table","NW_015090842.1:7733631",159,287,128
"LOC106888312","s1639_F_LIV_01_ASEReadCounter.table","NW_015090842.1:7733674",157,291,134
"LOC106888312","s1639_F_LIV_01_ASEReadCounter.table","NW_015090842.1:7733979",16,28,12
"LOC106888312","s1639_F_LIV_01_ASEReadCounter.table","NW_015090842.1:7733981",16,24,8
"ZDHHC7","s1639_F_LIV_01_ASEReadCounter.table","NW_015090842.1:7737199",41,86,45
"ZDHHC7","s1639_F_LIV_01_ASEReadCounter.table","NW_015090842.1:7737332",30,62,32
"ZDHHC7","s1639_F_LIV_01_ASEReadCounter.table","NW_015090842.1:7737553",61,112,51
"ZDHHC7","s1639_F_LIV_01_ASEReadCounter.table","NW_015090842.1:7737920",42,79,37
"ZDHHC7","s1639_F_LIV_01_ASEReadCounter.table","NW_015090842.1:7737953",40,71,31
"ZDHHC7","s1639_F_LIV_01_ASEReadCounter.table","NW_015090842.1:7737987",44,73,29
"ZDHHC7","s1639_F_LIV_01_ASEReadCounter.table","NW_015090842.1:7738068",33,61,28
"ZDHHC7","s1639_F_LIV_01_ASEReadCounter.table","NW_015090842.1:7738204",28,57,29
"LOC106888097","s1639_F_LIV_01_ASEReadCounter.table","NW_015090842.1:7767178",26,73,47
"LOC106888097","s1639_F_LIV_01_ASEReadCounter.table","NW_015090842.1:7767187",26,74,48
"LOC106888097","s1639_F_LIV_01_ASEReadCounter.table","NW_015090842.1:7768144",41,111,70
"LOC106888097","s1639_F_LIV_01_ASEReadCounter.table","NW_015090842.1:7768196",57,124,67
"LOC106888097","s1639_F_LIV_01_ASEReadCounter.table","NW_015090842.1:7769884",56,112,56
"LOC106888097","s1639_F_LIV_01_ASEReadCounter.table","NW_015090842.1:7769893",51,101,50
"LOC106888097","s1639_F_LIV_01_ASEReadCounter.table","NW_015090842.1:7770245",61,132,71
"LOC106888097","s1639_F_LIV_01_ASEReadCounter.table","NW_015090842.1:7772402",45,127,82
"LOC106888097","s1639_F_LIV_01_ASEReadCounter.table","NW_015090842.1:7772483",65,151,86
"LOC106888097","s1639_F_LIV_01_ASEReadCounter.table","NW_015090842.1:7772490",67,155,88
"LOC106888097","s1639_F_LIV_01_ASEReadCounter.table","NW_015090842.1:7774281",73,170,97
"LOC106888097","s1639_F_LIV_01_ASEReadCounter.table","NW_015090842.1:7774552",96,255,159
"LOC106888097","s1639_F_LIV_01_ASEReadCounter.table","NW_015090842.1:7774564",93,253,160
"LOC106888097","s1639_F_LIV_01_ASEReadCounter.table","NW_015090842.1:7774611",57,197,140
"LOC106888097","s1639_F_LIV_01_ASEReadCounter.table","NW_015090842.1:7774681",66,205,139
"LOC106888097","s1639_F_LIV_01_ASEReadCounter.table","NW_015090842.1:7774698",57,172,115
"LOC106888097","s1639_F_LIV_01_ASEReadCounter.table","NW_015090842.1:7774730",28,95,67
"LOC106888097","s1639_F_LIV_01_ASEReadCounter.table","NW_015090842.1:7774778",10,17,7
"LOC106888097","s1639_F_LIV_01_ASEReadCounter.table","NW_015090842.1:7774793",8,14,6
"FOXC2","s1639_F_LIV_01_ASEReadCounter.table","NW_015090842.1:8129616",1,1,0
"FOXC2","s1639_F_LIV_01_ASEReadCounter.table","NW_015090842.1:8129715",1,3,2
"FOXC2","s1639_F_LIV_01_ASEReadCounter.table","NW_015090842.1:8129719",1,2,1
"MTHFSD","s1639_F_LIV_01_ASEReadCounter.table","NW_015090842.1:8140051",34,69,35
"MTHFSD","s1639_F_LIV_01_ASEReadCounter.table","NW_015090842.1:8142923",53,100,47
"MTHFSD","s1639_F_LIV_01_ASEReadCounter.table","NW_015090842.1:8143029",46,83,37
"MTHFSD","s1639_F_LIV_01_ASEReadCounter.table","NW_015090842.1:8152035",29,78,49
"MTHFSD","s1639_F_LIV_01_ASEReadCounter.table","NW_015090842.1:8152315",26,57,31
"MTHFSD","s1639_F_LIV_01_ASEReadCounter.table","NW_015090842.1:8152511",20,35,15
"MTHFSD","s1639_F_LIV_01_ASEReadCounter.table","NW_015090842.1:8152518",20,36,16
"MTHFSD","s1639_F_LIV_01_ASEReadCounter.table","NW_015090842.1:8152553",14,31,17
"MTHFSD","s1639_F_LIV_01_ASEReadCounter.table","NW_015090842.1:8152773",35,73,38
"MTHFSD","s1639_F_LIV_01_ASEReadCounter.table","NW_015090842.1:8152805",33,72,39
"FOXF1","s1639_F_LIV_01_ASEReadCounter.table","NW_015090842.1:8166883",2,2,0
"FOXF1","s1639_F_LIV_01_ASEReadCounter.table","NW_015090842.1:8167113",1,1,0
"FOXF1","s1639_F_LIV_01_ASEReadCounter.table","NW_015090842.1:8167588",2,4,2
"IRF8","s1639_F_LIV_01_ASEReadCounter.table","NW_015090842.1:8406652",13,37,24
"IRF8","s1639_F_LIV_01_ASEReadCounter.table","NW_015090842.1:8406703",24,46,22
"IRF8","s1639_F_LIV_01_ASEReadCounter.table","NW_015090842.1:8406704",25,47,22
"IRF8","s1639_F_LIV_01_ASEReadCounter.table","NW_015090842.1:8406757",27,41,14
"IRF8","s1639_F_LIV_01_ASEReadCounter.table","NW_015090842.1:8406778",20,34,14
"IRF8","s1639_F_LIV_01_ASEReadCounter.table","NW_015090842.1:8406819",9,30,21
"IRF8","s1639_F_LIV_01_ASEReadCounter.table","NW_015090842.1:8406941",12,37,25
"IRF8","s1639_F_LIV_01_ASEReadCounter.table","NW_015090842.1:8407008",13,27,14
"IRF8","s1639_F_LIV_01_ASEReadCounter.table","NW_015090842.1:8407057",14,24,10
"IRF8","s1639_F_LIV_01_ASEReadCounter.table","NW_015090842.1:8407064",15,26,11
"IRF8","s1639_F_LIV_01_ASEReadCounter.table","NW_015090842.1:8407069",17,28,11
"IRF8","s1639_F_LIV_01_ASEReadCounter.table","NW_015090842.1:8407120",10,25,15
"IRF8","s1639_F_LIV_01_ASEReadCounter.table","NW_015090842.1:8407157",13,25,12
"IRF8","s1639_F_LIV_01_ASEReadCounter.table","NW_015090842.1:8407203",8,18,10
"IRF8","s1639_F_LIV_01_ASEReadCounter.table","NW_015090842.1:8407272",16,30,14
"IRF8","s1639_F_LIV_01_ASEReadCounter.table","NW_015090842.1:8407276",15,30,15
"IRF8","s1639_F_LIV_01_ASEReadCounter.table","NW_015090842.1:8407303",19,36,17
"IRF8","s1639_F_LIV_01_ASEReadCounter.table","NW_015090842.1:8407451",20,36,16
"IRF8","s1639_F_LIV_01_ASEReadCounter.table","NW_015090842.1:8407456",18,34,16
"IRF8","s1639_F_LIV_01_ASEReadCounter.table","NW_015090842.1:8408564",10,23,13
"IRF8","s1639_F_LIV_01_ASEReadCounter.table","NW_015090842.1:8408585",20,20,0
"IRF8","s1639_F_LIV_01_ASEReadCounter.table","NW_015090842.1:8408973",12,20,8
"IRF8","s1639_F_LIV_01_ASEReadCounter.table","NW_015090842.1:8409060",14,21,7
"IRF8","s1639_F_LIV_01_ASEReadCounter.table","NW_015090842.1:8409065",14,21,7
"IRF8","s1639_F_LIV_01_ASEReadCounter.table","NW_015090842.1:8409254",7,16,9
"IRF8","s1639_F_LIV_01_ASEReadCounter.table","NW_015090842.1:8409255",7,16,9
"IRF8","s1639_F_LIV_01_ASEReadCounter.table","NW_015090842.1:8409258",10,19,9
"IRF8","s1639_F_LIV_01_ASEReadCounter.table","NW_015090842.1:8409312",10,20,10
"IRF8","s1639_F_LIV_01_ASEReadCounter.table","NW_015090842.1:8410216",10,20,10
"IRF8","s1639_F_LIV_01_ASEReadCounter.table","NW_015090842.1:8410237",11,24,13
"IRF8","s1639_F_LIV_01_ASEReadCounter.table","NW_015090842.1:8410276",26,26,0
"IRF8","s1639_F_LIV_01_ASEReadCounter.table","NW_015090842.1:8410813",17,26,9
"IRF8","s1639_F_LIV_01_ASEReadCounter.table","NW_015090842.1:8410861",15,25,10
"IRF8","s1639_F_LIV_01_ASEReadCounter.table","NW_015090842.1:8411940",16,25,9
"IRF8","s1639_F_LIV_01_ASEReadCounter.table","NW_015090842.1:8412006",9,20,11
"IRF8","s1639_F_LIV_01_ASEReadCounter.table","NW_015090842.1:8412042",6,14,8
"DUSP15","s1639_F_LIV_01_ASEReadCounter.table","NW_015090842.1:8422787",2,2,0
"COX4I1","s1639_F_LIV_01_ASEReadCounter.table","NW_015090842.1:8442258",2306,4824,2518
"COX4I1","s1639_F_LIV_01_ASEReadCounter.table","NW_015090842.1:8442333",2009,4082,2073
"EMC8","s1639_F_LIV_01_ASEReadCounter.table","NW_015090842.1:8444046",106,230,124
"EMC8","s1639_F_LIV_01_ASEReadCounter.table","NW_015090842.1:8444064",86,170,84
"EMC8","s1639_F_LIV_01_ASEReadCounter.table","NW_015090842.1:8452029",20,48,28
"EMC8","s1639_F_LIV_01_ASEReadCounter.table","NW_015090842.1:8452116",19,49,30
"EMC8","s1639_F_LIV_01_ASEReadCounter.table","NW_015090842.1:8452121",16,48,32
"EMC8","s1639_F_LIV_01_ASEReadCounter.table","NW_015090842.1:8452222",18,40,22
"EMC8","s1639_F_LIV_01_ASEReadCounter.table","NW_015090842.1:8452244",17,39,22
"EMC8","s1639_F_LIV_01_ASEReadCounter.table","NW_015090842.1:8452477",4,14,10
"EMC8","s1639_F_LIV_01_ASEReadCounter.table","NW_015090842.1:8452498",4,16,12
"EMC8","s1639_F_LIV_01_ASEReadCounter.table","NW_015090842.1:8452535",1,5,4
"EMC8","s1639_F_LIV_01_ASEReadCounter.table","NW_015090842.1:8452575",0,3,3
"EMC8","s1639_F_LIV_01_ASEReadCounter.table","NW_015090842.1:8452600",1,4,3
"EMC8","s1639_F_LIV_01_ASEReadCounter.table","NW_015090842.1:8452616",1,5,4
"EMC8","s1639_F_LIV_01_ASEReadCounter.table","NW_015090842.1:8452630",2,6,4
"EMC8","s1639_F_LIV_01_ASEReadCounter.table","NW_015090842.1:8452650",3,8,5
"EMC8","s1639_F_LIV_01_ASEReadCounter.table","NW_015090842.1:8452678",4,14,10
"EMC8","s1639_F_LIV_01_ASEReadCounter.table","NW_015090842.1:8452724",2,14,12
"EMC8","s1639_F_LIV_01_ASEReadCounter.table","NW_015090842.1:8452731",2,14,12
"EMC8","s1639_F_LIV_01_ASEReadCounter.table","NW_015090842.1:8452743",2,13,11
"EMC8","s1639_F_LIV_01_ASEReadCounter.table","NW_015090842.1:8452750",0,11,11
"EMC8","s1639_F_LIV_01_ASEReadCounter.table","NW_015090842.1:8452778",2,8,6
"EMC8","s1639_F_LIV_01_ASEReadCounter.table","NW_015090842.1:8452783",3,9,6
"EMC8","s1639_F_LIV_01_ASEReadCounter.table","NW_015090842.1:8452800",5,9,4
"EMC8","s1639_F_LIV_01_ASEReadCounter.table","NW_015090842.1:8452804",5,9,4
"EMC8","s1639_F_LIV_01_ASEReadCounter.table","NW_015090842.1:8452812",5,9,4
"EMC8","s1639_F_LIV_01_ASEReadCounter.table","NW_015090842.1:8452858",3,8,5
"EMC8","s1639_F_LIV_01_ASEReadCounter.table","NW_015090842.1:8452906",7,11,4
"EMC8","s1639_F_LIV_01_ASEReadCounter.table","NW_015090842.1:8452913",8,12,4
"EMC8","s1639_F_LIV_01_ASEReadCounter.table","NW_015090842.1:8453000",6,13,7
"EMC8","s1639_F_LIV_01_ASEReadCounter.table","NW_015090842.1:8453007",6,13,7
"EMC8","s1639_F_LIV_01_ASEReadCounter.table","NW_015090842.1:8453058",5,12,7
"EMC8","s1639_F_LIV_01_ASEReadCounter.table","NW_015090842.1:8453106",8,16,8
"GINS2","s1639_F_LIV_01_ASEReadCounter.table","NW_015090842.1:8466420",11,12,1
"GINS2","s1639_F_LIV_01_ASEReadCounter.table","NW_015090842.1:8466424",11,12,1
"GINS2","s1639_F_LIV_01_ASEReadCounter.table","NW_015090842.1:8466518",7,8,1
"GINS2","s1639_F_LIV_01_ASEReadCounter.table","NW_015090842.1:8468482",12,12,0
"GINS2","s1639_F_LIV_01_ASEReadCounter.table","NW_015090842.1:8470290",18,18,0
"GINS2","s1639_F_LIV_01_ASEReadCounter.table","NW_015090842.1:8470305",16,16,0
"GINS2","s1639_F_LIV_01_ASEReadCounter.table","NW_015090842.1:8470381",11,12,1
"GINS2","s1639_F_LIV_01_ASEReadCounter.table","NW_015090842.1:8470418",7,8,1
"GINS2","s1639_F_LIV_01_ASEReadCounter.table","NW_015090842.1:8470421",5,6,1
"GINS2","s1639_F_LIV_01_ASEReadCounter.table","NW_015090842.1:8470430",4,5,1
"GINS2","s1639_F_LIV_01_ASEReadCounter.table","NW_015090842.1:8470433",4,5,1
"GINS2","s1639_F_LIV_01_ASEReadCounter.table","NW_015090842.1:8470457",1,2,1
"GINS2","s1639_F_LIV_01_ASEReadCounter.table","NW_015090842.1:8470491",9,9,0
"GINS2","s1639_F_LIV_01_ASEReadCounter.table","NW_015090842.1:8470548",8,9,1
"GINS2","s1639_F_LIV_01_ASEReadCounter.table","NW_015090842.1:8470649",11,11,0
"GSE1","s1639_F_LIV_01_ASEReadCounter.table","NW_015090842.1:8475362",7,12,5
"GSE1","s1639_F_LIV_01_ASEReadCounter.table","NW_015090842.1:8475961",5,7,2
"GSE1","s1639_F_LIV_01_ASEReadCounter.table","NW_015090842.1:8476027",3,4,1
"GSE1","s1639_F_LIV_01_ASEReadCounter.table","NW_015090842.1:8476159",3,3,0
"GSE1","s1639_F_LIV_01_ASEReadCounter.table","NW_015090842.1:8477442",0,2,2
"GSE1","s1639_F_LIV_01_ASEReadCounter.table","NW_015090842.1:8477448",0,2,2
"GSE1","s1639_F_LIV_01_ASEReadCounter.table","NW_015090842.1:8477662",0,1,1
"GSE1","s1639_F_LIV_01_ASEReadCounter.table","NW_015090842.1:8477933",0,6,6
"GSE1","s1639_F_LIV_01_ASEReadCounter.table","NW_015090842.1:8477945",0,5,5
"GSE1","s1639_F_LIV_01_ASEReadCounter.table","NW_015090842.1:8483272",0,2,2
"GSE1","s1639_F_LIV_01_ASEReadCounter.table","NW_015090842.1:8483756",1,1,0
"GSE1","s1639_F_LIV_01_ASEReadCounter.table","NW_015090842.1:8486867",4,4,0
"GSE1","s1639_F_LIV_01_ASEReadCounter.table","NW_015090842.1:8486939",5,7,2
"GSE1","s1639_F_LIV_01_ASEReadCounter.table","NW_015090842.1:8486945",5,8,3
"GSE1","s1639_F_LIV_01_ASEReadCounter.table","NW_015090842.1:8486993",3,4,1
"GSE1","s1639_F_LIV_01_ASEReadCounter.table","NW_015090842.1:8487062",1,5,4
"GSE1","s1639_F_LIV_01_ASEReadCounter.table","NW_015090842.1:8488065",2,2,0
"GSE1","s1639_F_LIV_01_ASEReadCounter.table","NW_015090842.1:8488457",2,2,0
"GSE1","s1639_F_LIV_01_ASEReadCounter.table","NW_015090842.1:8488463",2,2,0
"GSE1","s1639_F_LIV_01_ASEReadCounter.table","NW_015090842.1:8488490",2,2,0
"GSE1","s1639_F_LIV_01_ASEReadCounter.table","NW_015090842.1:8488505",2,2,0
"GSE1","s1639_F_LIV_01_ASEReadCounter.table","NW_015090842.1:8490180",0,1,1
"KIAA0513","s1639_F_LIV_01_ASEReadCounter.table","NW_015090842.1:8668363",3,5,2
"KIAA0513","s1639_F_LIV_01_ASEReadCounter.table","NW_015090842.1:8668387",2,5,3
"KIAA0513","s1639_F_LIV_01_ASEReadCounter.table","NW_015090842.1:8668390",2,5,3
"KIAA0513","s1639_F_LIV_01_ASEReadCounter.table","NW_015090842.1:8673107",2,7,5
"KIAA0513","s1639_F_LIV_01_ASEReadCounter.table","NW_015090842.1:8673147",2,6,4
"KIAA0513","s1639_F_LIV_01_ASEReadCounter.table","NW_015090842.1:8674661",3,8,5
"KIAA0513","s1639_F_LIV_01_ASEReadCounter.table","NW_015090842.1:8674685",3,7,4
"KIAA0513","s1639_F_LIV_01_ASEReadCounter.table","NW_015090842.1:8674730",0,2,2
"KIAA0513","s1639_F_LIV_01_ASEReadCounter.table","NW_015090842.1:8675525",1,3,2
"KIAA0513","s1639_F_LIV_01_ASEReadCounter.table","NW_015090842.1:8675561",2,5,3
"KIAA0513","s1639_F_LIV_01_ASEReadCounter.table","NW_015090842.1:8678608",0,2,2
"KIAA0513","s1639_F_LIV_01_ASEReadCounter.table","NW_015090842.1:8693642",3,4,1
"KIAA0513","s1639_F_LIV_01_ASEReadCounter.table","NW_015090842.1:8693712",2,5,3
"FBXO31","s1639_F_LIV_01_ASEReadCounter.table","NW_015090842.1:8710240",92,189,97
"FBXO31","s1639_F_LIV_01_ASEReadCounter.table","NW_015090842.1:8710372",71,153,82
"FBXO31","s1639_F_LIV_01_ASEReadCounter.table","NW_015090842.1:8711239",78,184,106
"FBXO31","s1639_F_LIV_01_ASEReadCounter.table","NW_015090842.1:8714565",89,206,117
"FBXO31","s1639_F_LIV_01_ASEReadCounter.table","NW_015090842.1:8716001",58,124,66
"FBXO31","s1639_F_LIV_01_ASEReadCounter.table","NW_015090842.1:8725050",3,5,2
"FBXO31","s1639_F_LIV_01_ASEReadCounter.table","NW_015090842.1:8725057",3,5,2
"FBXO31","s1639_F_LIV_01_ASEReadCounter.table","NW_015090842.1:8725162",1,3,2
"FBXO31","s1639_F_LIV_01_ASEReadCounter.table","NW_015090842.1:8725163",1,3,2
"FBXO31","s1639_F_LIV_01_ASEReadCounter.table","NW_015090842.1:8725170",1,3,2
"FBXO31","s1639_F_LIV_01_ASEReadCounter.table","NW_015090842.1:8725187",1,2,1
"FBXO31","s1639_F_LIV_01_ASEReadCounter.table","NW_015090842.1:8725188",1,2,1
"FBXO31","s1639_F_LIV_01_ASEReadCounter.table","NW_015090842.1:8725190",1,2,1
"FBXO31","s1639_F_LIV_01_ASEReadCounter.table","NW_015090842.1:8725370",4,5,1
"ZCCHC14","s1639_F_LIV_01_ASEReadCounter.table","NW_015090842.1:8750174",19,29,10
"ZCCHC14","s1639_F_LIV_01_ASEReadCounter.table","NW_015090842.1:8750189",24,30,6
"ZCCHC14","s1639_F_LIV_01_ASEReadCounter.table","NW_015090842.1:8750365",19,35,16
"ZCCHC14","s1639_F_LIV_01_ASEReadCounter.table","NW_015090842.1:8750433",11,19,8
"ZCCHC14","s1639_F_LIV_01_ASEReadCounter.table","NW_015090842.1:8750449",10,19,9
"ZCCHC14","s1639_F_LIV_01_ASEReadCounter.table","NW_015090842.1:8750456",5,14,9
"ZCCHC14","s1639_F_LIV_01_ASEReadCounter.table","NW_015090842.1:8750497",16,34,18
"ZCCHC14","s1639_F_LIV_01_ASEReadCounter.table","NW_015090842.1:8750547",16,31,15
"ZCCHC14","s1639_F_LIV_01_ASEReadCounter.table","NW_015090842.1:8751100",2,5,3
"ZCCHC14","s1639_F_LIV_01_ASEReadCounter.table","NW_015090842.1:8751374",12,22,10
"ZCCHC14","s1639_F_LIV_01_ASEReadCounter.table","NW_015090842.1:8751403",12,23,11
"ZCCHC14","s1639_F_LIV_01_ASEReadCounter.table","NW_015090842.1:8751517",6,17,11
"ZCCHC14","s1639_F_LIV_01_ASEReadCounter.table","NW_015090842.1:8752060",0,3,3
"ZCCHC14","s1639_F_LIV_01_ASEReadCounter.table","NW_015090842.1:8752172",2,14,12
"ZCCHC14","s1639_F_LIV_01_ASEReadCounter.table","NW_015090842.1:8752183",1,13,12
"ZCCHC14","s1639_F_LIV_01_ASEReadCounter.table","NW_015090842.1:8752198",1,15,14
"ZCCHC14","s1639_F_LIV_01_ASEReadCounter.table","NW_015090842.1:8752248",4,16,12
"ZCCHC14","s1639_F_LIV_01_ASEReadCounter.table","NW_015090842.1:8752326",6,18,12
"ZCCHC14","s1639_F_LIV_01_ASEReadCounter.table","NW_015090842.1:8752393",3,15,12
"ZCCHC14","s1639_F_LIV_01_ASEReadCounter.table","NW_015090842.1:8752914",5,13,8
"ZCCHC14","s1639_F_LIV_01_ASEReadCounter.table","NW_015090842.1:8753528",2,3,1
"ZCCHC14","s1639_F_LIV_01_ASEReadCounter.table","NW_015090842.1:8753892",7,11,4
"ZCCHC14","s1639_F_LIV_01_ASEReadCounter.table","NW_015090842.1:8753910",6,10,4
"ZCCHC14","s1639_F_LIV_01_ASEReadCounter.table","NW_015090842.1:8755096",5,6,1
"ZCCHC14","s1639_F_LIV_01_ASEReadCounter.table","NW_015090842.1:8755327",2,11,9
"ZCCHC14","s1639_F_LIV_01_ASEReadCounter.table","NW_015090842.1:8755723",3,5,2
"ZCCHC14","s1639_F_LIV_01_ASEReadCounter.table","NW_015090842.1:8755739",3,4,1
"ZCCHC14","s1639_F_LIV_01_ASEReadCounter.table","NW_015090842.1:8756149",4,7,3
"ZCCHC14","s1639_F_LIV_01_ASEReadCounter.table","NW_015090842.1:8756347",1,2,1
"ZCCHC14","s1639_F_LIV_01_ASEReadCounter.table","NW_015090842.1:8756361",2,3,1
"ZCCHC14","s1639_F_LIV_01_ASEReadCounter.table","NW_015090842.1:8756388",3,5,2
"ZCCHC14","s1639_F_LIV_01_ASEReadCounter.table","NW_015090842.1:8756389",3,5,2
"ZCCHC14","s1639_F_LIV_01_ASEReadCounter.table","NW_015090842.1:8757160",0,3,3
"ZCCHC14","s1639_F_LIV_01_ASEReadCounter.table","NW_015090842.1:8804511",2,3,1
"ZCCHC14","s1639_F_LIV_01_ASEReadCounter.table","NW_015090842.1:8804979",1,2,1
"JPH3","s1639_F_LIV_01_ASEReadCounter.table","NW_015090842.1:8885260",0,3,3
"JPH3","s1639_F_LIV_01_ASEReadCounter.table","NW_015090842.1:8885315",0,2,2
"JPH3","s1639_F_LIV_01_ASEReadCounter.table","NW_015090842.1:8885328",0,2,2
"JPH3","s1639_F_LIV_01_ASEReadCounter.table","NW_015090842.1:8885438",0,3,3
"KLHDC4","s1639_F_LIV_01_ASEReadCounter.table","NW_015090842.1:8890729",45,65,20
"KLHDC4","s1639_F_LIV_01_ASEReadCounter.table","NW_015090842.1:8890749",44,62,18
"KLHDC4","s1639_F_LIV_01_ASEReadCounter.table","NW_015090842.1:8890761",43,63,20
"KLHDC4","s1639_F_LIV_01_ASEReadCounter.table","NW_015090842.1:8891123",60,94,34
"KLHDC4","s1639_F_LIV_01_ASEReadCounter.table","NW_015090842.1:8893124",32,56,24
"KLHDC4","s1639_F_LIV_01_ASEReadCounter.table","NW_015090842.1:8894542",32,53,21
"KLHDC4","s1639_F_LIV_01_ASEReadCounter.table","NW_015090842.1:8896726",22,34,12
"KLHDC4","s1639_F_LIV_01_ASEReadCounter.table","NW_015090842.1:8896767",22,38,16
"KLHDC4","s1639_F_LIV_01_ASEReadCounter.table","NW_015090842.1:8904174",24,44,20
"KLHDC4","s1639_F_LIV_01_ASEReadCounter.table","NW_015090842.1:8904231",30,45,15
"KLHDC4","s1639_F_LIV_01_ASEReadCounter.table","NW_015090842.1:8905251",28,42,14
"KLHDC4","s1639_F_LIV_01_ASEReadCounter.table","NW_015090842.1:8905263",29,44,15
"KLHDC4","s1639_F_LIV_01_ASEReadCounter.table","NW_015090842.1:8919626",5,6,1
"SLC7A5","s1639_F_LIV_01_ASEReadCounter.table","NW_015090842.1:8938782",36,94,58
"SLC7A5","s1639_F_LIV_01_ASEReadCounter.table","NW_015090842.1:8938943",29,73,44
"SLC7A5","s1639_F_LIV_01_ASEReadCounter.table","NW_015090842.1:8939611",12,30,18
"SLC7A5","s1639_F_LIV_01_ASEReadCounter.table","NW_015090842.1:8939738",12,41,29
"SLC7A5","s1639_F_LIV_01_ASEReadCounter.table","NW_015090842.1:8939739",11,39,28
"SLC7A5","s1639_F_LIV_01_ASEReadCounter.table","NW_015090842.1:8939740",12,39,27
"SLC7A5","s1639_F_LIV_01_ASEReadCounter.table","NW_015090842.1:8939795",19,40,21
"SLC7A5","s1639_F_LIV_01_ASEReadCounter.table","NW_015090842.1:8939815",18,41,23
"SLC7A5","s1639_F_LIV_01_ASEReadCounter.table","NW_015090842.1:8939816",18,42,24
"SLC7A5","s1639_F_LIV_01_ASEReadCounter.table","NW_015090842.1:8939817",18,41,23
"SLC7A5","s1639_F_LIV_01_ASEReadCounter.table","NW_015090842.1:8939845",20,39,19
"SLC7A5","s1639_F_LIV_01_ASEReadCounter.table","NW_015090842.1:8939894",18,41,23
"SLC7A5","s1639_F_LIV_01_ASEReadCounter.table","NW_015090842.1:8939895",18,41,23
"SLC7A5","s1639_F_LIV_01_ASEReadCounter.table","NW_015090842.1:8939997",58,58,0
"SLC7A5","s1639_F_LIV_01_ASEReadCounter.table","NW_015090842.1:8940172",22,52,30
"SLC7A5","s1639_F_LIV_01_ASEReadCounter.table","NW_015090842.1:8940331",9,25,16
"SLC7A5","s1639_F_LIV_01_ASEReadCounter.table","NW_015090842.1:8940696",10,22,12
"SLC7A5","s1639_F_LIV_01_ASEReadCounter.table","NW_015090842.1:8940719",5,22,17
"SLC7A5","s1639_F_LIV_01_ASEReadCounter.table","NW_015090842.1:8940737",6,20,14
"SLC7A5","s1639_F_LIV_01_ASEReadCounter.table","NW_015090842.1:8940743",8,22,14
"SLC7A5","s1639_F_LIV_01_ASEReadCounter.table","NW_015090842.1:8940766",8,21,13
"SLC7A5","s1639_F_LIV_01_ASEReadCounter.table","NW_015090842.1:8940769",9,22,13
"SLC7A5","s1639_F_LIV_01_ASEReadCounter.table","NW_015090842.1:8940861",12,19,7
"SLC7A5","s1639_F_LIV_01_ASEReadCounter.table","NW_015090842.1:8941068",16,34,18
"SLC7A5","s1639_F_LIV_01_ASEReadCounter.table","NW_015090842.1:8941467",9,30,21
"SLC7A5","s1639_F_LIV_01_ASEReadCounter.table","NW_015090842.1:8941531",7,24,17
"SLC7A5","s1639_F_LIV_01_ASEReadCounter.table","NW_015090842.1:8941588",11,30,19
"SLC7A5","s1639_F_LIV_01_ASEReadCounter.table","NW_015090842.1:8941698",9,18,9
"SLC7A5","s1639_F_LIV_01_ASEReadCounter.table","NW_015090842.1:8941717",11,21,10
"SLC7A5","s1639_F_LIV_01_ASEReadCounter.table","NW_015090842.1:8941745",11,23,12
"SLC7A5","s1639_F_LIV_01_ASEReadCounter.table","NW_015090842.1:8941781",11,22,11
"SLC7A5","s1639_F_LIV_01_ASEReadCounter.table","NW_015090842.1:8941887",13,25,12
"SLC7A5","s1639_F_LIV_01_ASEReadCounter.table","NW_015090842.1:8941968",9,18,9
"SLC7A5","s1639_F_LIV_01_ASEReadCounter.table","NW_015090842.1:8942025",8,17,9
"SLC7A5","s1639_F_LIV_01_ASEReadCounter.table","NW_015090842.1:8942069",11,26,15
"SLC7A5","s1639_F_LIV_01_ASEReadCounter.table","NW_015090842.1:8942170",12,27,15
"SLC7A5","s1639_F_LIV_01_ASEReadCounter.table","NW_015090842.1:8942241",10,34,24
"SLC7A5","s1639_F_LIV_01_ASEReadCounter.table","NW_015090842.1:8942283",7,22,15
"SLC7A5","s1639_F_LIV_01_ASEReadCounter.table","NW_015090842.1:8942717",15,34,19
"SLC7A5","s1639_F_LIV_01_ASEReadCounter.table","NW_015090842.1:8942756",20,41,21
"SLC7A5","s1639_F_LIV_01_ASEReadCounter.table","NW_015090842.1:8942766",20,41,21
"SLC7A5","s1639_F_LIV_01_ASEReadCounter.table","NW_015090842.1:8943271",10,24,14
"SLC7A5","s1639_F_LIV_01_ASEReadCounter.table","NW_015090842.1:8943524",15,23,8
"SLC7A5","s1639_F_LIV_01_ASEReadCounter.table","NW_015090842.1:8943530",15,25,10
"SLC7A5","s1639_F_LIV_01_ASEReadCounter.table","NW_015090842.1:8943602",8,20,12
"SLC7A5","s1639_F_LIV_01_ASEReadCounter.table","NW_015090842.1:8943622",6,21,15
"SLC7A5","s1639_F_LIV_01_ASEReadCounter.table","NW_015090842.1:8943661",11,26,15
"SLC7A5","s1639_F_LIV_01_ASEReadCounter.table","NW_015090842.1:8943686",12,24,12
"SLC7A5","s1639_F_LIV_01_ASEReadCounter.table","NW_015090842.1:8943788",10,20,10
"SLC7A5","s1639_F_LIV_01_ASEReadCounter.table","NW_015090842.1:8943814",8,18,10
"SLC7A5","s1639_F_LIV_01_ASEReadCounter.table","NW_015090842.1:8943876",8,19,11
"SLC7A5","s1639_F_LIV_01_ASEReadCounter.table","NW_015090842.1:8943892",9,20,11
"SLC7A5","s1639_F_LIV_01_ASEReadCounter.table","NW_015090842.1:8944097",12,23,11
"SLC7A5","s1639_F_LIV_01_ASEReadCounter.table","NW_015090842.1:8944104",12,23,11
"SLC7A5","s1639_F_LIV_01_ASEReadCounter.table","NW_015090842.1:8944293",8,14,6
"SLC7A5","s1639_F_LIV_01_ASEReadCounter.table","NW_015090842.1:8944297",8,13,5
"SLC7A5","s1639_F_LIV_01_ASEReadCounter.table","NW_015090842.1:8944397",5,13,8
"SLC7A5","s1639_F_LIV_01_ASEReadCounter.table","NW_015090842.1:8944552",7,15,8
"SLC7A5","s1639_F_LIV_01_ASEReadCounter.table","NW_015090842.1:8944629",3,8,5
"CA5A","s1639_F_LIV_01_ASEReadCounter.table","NW_015090842.1:8989479",169,322,153
"CA5A","s1639_F_LIV_01_ASEReadCounter.table","NW_015090842.1:8989562",214,408,194
"CA5A","s1639_F_LIV_01_ASEReadCounter.table","NW_015090842.1:8989609",229,435,206
"CA5A","s1639_F_LIV_01_ASEReadCounter.table","NW_015090842.1:8989693",227,487,260
"CA5A","s1639_F_LIV_01_ASEReadCounter.table","NW_015090842.1:8989702",234,482,248
"CA5A","s1639_F_LIV_01_ASEReadCounter.table","NW_015090842.1:8989746",244,504,260
"CA5A","s1639_F_LIV_01_ASEReadCounter.table","NW_015090842.1:8989880",202,480,278
"CA5A","s1639_F_LIV_01_ASEReadCounter.table","NW_015090842.1:8989885",219,502,283
"CA5A","s1639_F_LIV_01_ASEReadCounter.table","NW_015090842.1:8989929",228,499,271
"CA5A","s1639_F_LIV_01_ASEReadCounter.table","NW_015090842.1:8990002",188,431,243
"CA5A","s1639_F_LIV_01_ASEReadCounter.table","NW_015090842.1:8990004",187,436,249
"CA5A","s1639_F_LIV_01_ASEReadCounter.table","NW_015090842.1:8990005",189,444,255
"CA5A","s1639_F_LIV_01_ASEReadCounter.table","NW_015090842.1:8990017",178,407,229
"CA5A","s1639_F_LIV_01_ASEReadCounter.table","NW_015090842.1:8990043",130,316,186
"CA5A","s1639_F_LIV_01_ASEReadCounter.table","NW_015090842.1:8990060",348,348,0
"CA5A","s1639_F_LIV_01_ASEReadCounter.table","NW_015090842.1:8990080",117,318,201
"CA5A","s1639_F_LIV_01_ASEReadCounter.table","NW_015090842.1:8990084",115,316,201
"CA5A","s1639_F_LIV_01_ASEReadCounter.table","NW_015090842.1:8990090",120,314,194
"CA5A","s1639_F_LIV_01_ASEReadCounter.table","NW_015090842.1:8990095",132,323,191
"CA5A","s1639_F_LIV_01_ASEReadCounter.table","NW_015090842.1:8990111",116,317,201
"CA5A","s1639_F_LIV_01_ASEReadCounter.table","NW_015090842.1:8990112",116,313,197
"CA5A","s1639_F_LIV_01_ASEReadCounter.table","NW_015090842.1:8990115",129,331,202
"CA5A","s1639_F_LIV_01_ASEReadCounter.table","NW_015090842.1:8990166",136,285,149
"CA5A","s1639_F_LIV_01_ASEReadCounter.table","NW_015090842.1:8990169",160,305,145
"CA5A","s1639_F_LIV_01_ASEReadCounter.table","NW_015090842.1:8990193",303,303,0
"CA5A","s1639_F_LIV_01_ASEReadCounter.table","NW_015090842.1:8990222",131,259,128
"CA5A","s1639_F_LIV_01_ASEReadCounter.table","NW_015090842.1:8990289",137,276,139
"CA5A","s1639_F_LIV_01_ASEReadCounter.table","NW_015090842.1:8990314",137,293,156
"CA5A","s1639_F_LIV_01_ASEReadCounter.table","NW_015090842.1:8990361",142,290,148
"CA5A","s1639_F_LIV_01_ASEReadCounter.table","NW_015090842.1:8990368",145,292,147
"CA5A","s1639_F_LIV_01_ASEReadCounter.table","NW_015090842.1:8990429",146,291,145
"CA5A","s1639_F_LIV_01_ASEReadCounter.table","NW_015090842.1:8990466",117,240,123
"CA5A","s1639_F_LIV_01_ASEReadCounter.table","NW_015090842.1:8990663",143,248,105
"CA5A","s1639_F_LIV_01_ASEReadCounter.table","NW_015090842.1:8990797",130,234,104
"CA5A","s1639_F_LIV_01_ASEReadCounter.table","NW_015090842.1:8990836",122,227,105
"CA5A","s1639_F_LIV_01_ASEReadCounter.table","NW_015090842.1:8990842",121,229,108
"CA5A","s1639_F_LIV_01_ASEReadCounter.table","NW_015090842.1:8990851",125,231,106
"CA5A","s1639_F_LIV_01_ASEReadCounter.table","NW_015090842.1:8990918",97,201,104
"CA5A","s1639_F_LIV_01_ASEReadCounter.table","NW_015090842.1:8990921",86,195,109
"CA5A","s1639_F_LIV_01_ASEReadCounter.table","NW_015090842.1:8990942",128,231,103
"CA5A","s1639_F_LIV_01_ASEReadCounter.table","NW_015090842.1:8991001",167,307,140
"CA5A","s1639_F_LIV_01_ASEReadCounter.table","NW_015090842.1:8991038",135,272,137
"CA5A","s1639_F_LIV_01_ASEReadCounter.table","NW_015090842.1:8991149",153,298,145
"CA5A","s1639_F_LIV_01_ASEReadCounter.table","NW_015090842.1:8991176",170,320,150
"CA5A","s1639_F_LIV_01_ASEReadCounter.table","NW_015090842.1:8991241",153,309,156
"CA5A","s1639_F_LIV_01_ASEReadCounter.table","NW_015090842.1:8991262",148,287,139
"CA5A","s1639_F_LIV_01_ASEReadCounter.table","NW_015090842.1:8991316",155,169,14
"CA5A","s1639_F_LIV_01_ASEReadCounter.table","NW_015090842.1:8991319",154,165,11
"CA5A","s1639_F_LIV_01_ASEReadCounter.table","NW_015090842.1:8991330",140,144,4
"CA5A","s1639_F_LIV_01_ASEReadCounter.table","NW_015090842.1:8991334",130,138,8
"CA5A","s1639_F_LIV_01_ASEReadCounter.table","NW_015090842.1:8991362",130,214,84
"CA5A","s1639_F_LIV_01_ASEReadCounter.table","NW_015090842.1:8991368",131,219,88
"CA5A","s1639_F_LIV_01_ASEReadCounter.table","NW_015090842.1:8991390",147,241,94
"CA5A","s1639_F_LIV_01_ASEReadCounter.table","NW_015090842.1:8991395",150,250,100
"CA5A","s1639_F_LIV_01_ASEReadCounter.table","NW_015090842.1:8991422",145,265,120
"CA5A","s1639_F_LIV_01_ASEReadCounter.table","NW_015090842.1:8991467",140,249,109
"CA5A","s1639_F_LIV_01_ASEReadCounter.table","NW_015090842.1:8991576",97,196,99
"CA5A","s1639_F_LIV_01_ASEReadCounter.table","NW_015090842.1:8991587",107,217,110
"CA5A","s1639_F_LIV_01_ASEReadCounter.table","NW_015090842.1:8991655",98,220,122
"CA5A","s1639_F_LIV_01_ASEReadCounter.table","NW_015090842.1:8991717",103,223,120
"CA5A","s1639_F_LIV_01_ASEReadCounter.table","NW_015090842.1:8991726",104,229,125
"CA5A","s1639_F_LIV_01_ASEReadCounter.table","NW_015090842.1:8991799",93,205,112
"CA5A","s1639_F_LIV_01_ASEReadCounter.table","NW_015090842.1:8991809",89,195,106
"CA5A","s1639_F_LIV_01_ASEReadCounter.table","NW_015090842.1:8991848",79,183,104
"CA5A","s1639_F_LIV_01_ASEReadCounter.table","NW_015090842.1:8991849",79,183,104
"CA5A","s1639_F_LIV_01_ASEReadCounter.table","NW_015090842.1:8991927",118,233,115
"CA5A","s1639_F_LIV_01_ASEReadCounter.table","NW_015090842.1:8991941",111,214,103
"CA5A","s1639_F_LIV_01_ASEReadCounter.table","NW_015090842.1:8992121",56,154,98
"CA5A","s1639_F_LIV_01_ASEReadCounter.table","NW_015090842.1:8992224",97,188,91
"CA5A","s1639_F_LIV_01_ASEReadCounter.table","NW_015090842.1:9002570",80,160,80
"CA5A","s1639_F_LIV_01_ASEReadCounter.table","NW_015090842.1:9002600",93,166,73
"CA5A","s1639_F_LIV_01_ASEReadCounter.table","NW_015090842.1:9004312",3,3,0
"CA5A","s1639_F_LIV_01_ASEReadCounter.table","NW_015090842.1:9004506",1,1,0
"CA5A","s1639_F_LIV_01_ASEReadCounter.table","NW_015090842.1:9004523",1,1,0
"CA5A","s1639_F_LIV_01_ASEReadCounter.table","NW_015090842.1:9004530",1,1,0
"CA5A","s1639_F_LIV_01_ASEReadCounter.table","NW_015090842.1:9011011",93,226,133
"CA5A","s1639_F_LIV_01_ASEReadCounter.table","NW_015090842.1:9011189",56,142,86
"CA5A","s1639_F_LIV_01_ASEReadCounter.table","NW_015090842.1:9011194",54,140,86
"BANP","s1639_F_LIV_01_ASEReadCounter.table","NW_015090842.1:9033407",5,11,6
"BANP","s1639_F_LIV_01_ASEReadCounter.table","NW_015090842.1:9033409",5,11,6
"BANP","s1639_F_LIV_01_ASEReadCounter.table","NW_015090842.1:9033420",6,13,7
"BANP","s1639_F_LIV_01_ASEReadCounter.table","NW_015090842.1:9067974",0,11,11
"BANP","s1639_F_LIV_01_ASEReadCounter.table","NW_015090842.1:9102510",10,26,16
"BANP","s1639_F_LIV_01_ASEReadCounter.table","NW_015090842.1:9168534",11,31,20
"BANP","s1639_F_LIV_01_ASEReadCounter.table","NW_015090842.1:9168818",6,20,14
"ZNF469","s1639_F_LIV_01_ASEReadCounter.table","NW_015090842.1:9431317",0,2,2
"ZNF469","s1639_F_LIV_01_ASEReadCounter.table","NW_015090842.1:9432110",0,1,1
"ZNF469","s1639_F_LIV_01_ASEReadCounter.table","NW_015090842.1:9432302",0,1,1
"ZNF469","s1639_F_LIV_01_ASEReadCounter.table","NW_015090842.1:9432481",0,1,1
"ZNF469","s1639_F_LIV_01_ASEReadCounter.table","NW_015090842.1:9433268",1,1,0
"ZNF469","s1639_F_LIV_01_ASEReadCounter.table","NW_015090842.1:9433902",1,2,1
"ZNF469","s1639_F_LIV_01_ASEReadCounter.table","NW_015090842.1:9433980",1,3,2
"ZNF469","s1639_F_LIV_01_ASEReadCounter.table","NW_015090842.1:9435221",2,4,2
"ZFPM1","s1639_F_LIV_01_ASEReadCounter.table","NW_015090842.1:9458862",9,14,5
"ZFPM1","s1639_F_LIV_01_ASEReadCounter.table","NW_015090842.1:9458888",11,17,6
"ZFPM1","s1639_F_LIV_01_ASEReadCounter.table","NW_015090842.1:9458904",18,26,8
"ZFPM1","s1639_F_LIV_01_ASEReadCounter.table","NW_015090842.1:9458916",19,25,6
"ZFPM1","s1639_F_LIV_01_ASEReadCounter.table","NW_015090842.1:9468568",19,27,8
"ZFPM1","s1639_F_LIV_01_ASEReadCounter.table","NW_015090842.1:9468593",20,28,8
"ZFPM1","s1639_F_LIV_01_ASEReadCounter.table","NW_015090842.1:9471561",18,22,4
"ZFPM1","s1639_F_LIV_01_ASEReadCounter.table","NW_015090842.1:9472557",22,26,4
"ZFPM1","s1639_F_LIV_01_ASEReadCounter.table","NW_015090842.1:9472565",21,25,4
"ZFPM1","s1639_F_LIV_01_ASEReadCounter.table","NW_015090842.1:9472608",16,24,8
"ZFPM1","s1639_F_LIV_01_ASEReadCounter.table","NW_015090842.1:9472627",23,31,8
"ZFPM1","s1639_F_LIV_01_ASEReadCounter.table","NW_015090842.1:9472668",23,31,8
"ZFPM1","s1639_F_LIV_01_ASEReadCounter.table","NW_015090842.1:9473655",17,23,6
"ZFPM1","s1639_F_LIV_01_ASEReadCounter.table","NW_015090842.1:9475827",21,26,5
"ZFPM1","s1639_F_LIV_01_ASEReadCounter.table","NW_015090842.1:9475842",22,26,4
"ZFPM1","s1639_F_LIV_01_ASEReadCounter.table","NW_015090842.1:9476119",21,23,2
"ZFPM1","s1639_F_LIV_01_ASEReadCounter.table","NW_015090842.1:9476161",16,19,3
"ZFPM1","s1639_F_LIV_01_ASEReadCounter.table","NW_015090842.1:9476219",8,10,2
"ZFPM1","s1639_F_LIV_01_ASEReadCounter.table","NW_015090842.1:9476233",7,8,1
"ZFPM1","s1639_F_LIV_01_ASEReadCounter.table","NW_015090842.1:9476305",16,19,3
"ZFPM1","s1639_F_LIV_01_ASEReadCounter.table","NW_015090842.1:9476395",28,32,4
"ZFPM1","s1639_F_LIV_01_ASEReadCounter.table","NW_015090842.1:9476421",30,35,5
"ZFPM1","s1639_F_LIV_01_ASEReadCounter.table","NW_015090842.1:9476539",24,28,4
"ZFPM1","s1639_F_LIV_01_ASEReadCounter.table","NW_015090842.1:9476576",23,28,5
"ZFPM1","s1639_F_LIV_01_ASEReadCounter.table","NW_015090842.1:9476599",28,28,0
"ZFPM1","s1639_F_LIV_01_ASEReadCounter.table","NW_015090842.1:9476792",28,35,7
"ZFPM1","s1639_F_LIV_01_ASEReadCounter.table","NW_015090842.1:9476803",28,35,7
"ZFPM1","s1639_F_LIV_01_ASEReadCounter.table","NW_015090842.1:9477115",21,30,9
"ZFPM1","s1639_F_LIV_01_ASEReadCounter.table","NW_015090842.1:9477299",8,16,8
"ZFPM1","s1639_F_LIV_01_ASEReadCounter.table","NW_015090842.1:9477398",24,24,0
"ZFPM1","s1639_F_LIV_01_ASEReadCounter.table","NW_015090842.1:9477422",8,14,6
"ZFPM1","s1639_F_LIV_01_ASEReadCounter.table","NW_015090842.1:9477554",19,27,8
"ZFPM1","s1639_F_LIV_01_ASEReadCounter.table","NW_015090842.1:9477575",26,26,0
"ZFPM1","s1639_F_LIV_01_ASEReadCounter.table","NW_015090842.1:9477595",22,30,8
"ZFPM1","s1639_F_LIV_01_ASEReadCounter.table","NW_015090842.1:9477611",18,23,5
"ZFPM1","s1639_F_LIV_01_ASEReadCounter.table","NW_015090842.1:9477659",23,27,4
"ZFPM1","s1639_F_LIV_01_ASEReadCounter.table","NW_015090842.1:9477737",14,19,5
"ZFPM1","s1639_F_LIV_01_ASEReadCounter.table","NW_015090842.1:9477791",5,14,9
"ZFPM1","s1639_F_LIV_01_ASEReadCounter.table","NW_015090842.1:9477844",15,22,7
"ZFPM1","s1639_F_LIV_01_ASEReadCounter.table","NW_015090842.1:9477917",27,31,4
"ZFPM1","s1639_F_LIV_01_ASEReadCounter.table","NW_015090842.1:9478295",29,43,14
"ZFPM1","s1639_F_LIV_01_ASEReadCounter.table","NW_015090842.1:9478349",33,46,13
"ZFPM1","s1639_F_LIV_01_ASEReadCounter.table","NW_015090842.1:9478524",25,36,11
"ZFPM1","s1639_F_LIV_01_ASEReadCounter.table","NW_015090842.1:9478546",27,38,11
"ZFPM1","s1639_F_LIV_01_ASEReadCounter.table","NW_015090842.1:9478573",34,46,12
"ZFPM1","s1639_F_LIV_01_ASEReadCounter.table","NW_015090842.1:9478582",32,41,9
"ZFPM1","s1639_F_LIV_01_ASEReadCounter.table","NW_015090842.1:9478684",16,21,5
"ZFPM1","s1639_F_LIV_01_ASEReadCounter.table","NW_015090842.1:9478711",12,17,5
"ZFPM1","s1639_F_LIV_01_ASEReadCounter.table","NW_015090842.1:9478761",12,15,3
"ZFPM1","s1639_F_LIV_01_ASEReadCounter.table","NW_015090842.1:9478829",7,7,0
"CIDEC","s1639_F_LIV_01_ASEReadCounter.table","NW_015090842.1:9480170",247,420,173
"CIDEC","s1639_F_LIV_01_ASEReadCounter.table","NW_015090842.1:9480171",257,428,171
"CIDEC","s1639_F_LIV_01_ASEReadCounter.table","NW_015090842.1:9480212",448,665,217
"CIDEC","s1639_F_LIV_01_ASEReadCounter.table","NW_015090842.1:9480252",617,1073,456
"CIDEC","s1639_F_LIV_01_ASEReadCounter.table","NW_015090842.1:9480391",1018,1601,583
"CIDEC","s1639_F_LIV_01_ASEReadCounter.table","NW_015090842.1:9480394",1011,1620,609
"CIDEC","s1639_F_LIV_01_ASEReadCounter.table","NW_015090842.1:9480630",1279,2015,736
"CIDEC","s1639_F_LIV_01_ASEReadCounter.table","NW_015090842.1:9480675",1205,1938,733
"CIDEC","s1639_F_LIV_01_ASEReadCounter.table","NW_015090842.1:9480686",1314,2044,730
"CIDEC","s1639_F_LIV_01_ASEReadCounter.table","NW_015090842.1:9480693",1344,2060,716
"CIDEC","s1639_F_LIV_01_ASEReadCounter.table","NW_015090842.1:9480756",1323,2041,718
"CIDEC","s1639_F_LIV_01_ASEReadCounter.table","NW_015090842.1:9481199",1650,1650,0
"CIDEC","s1639_F_LIV_01_ASEReadCounter.table","NW_015090842.1:9481604",1293,2053,760
"ZC3H18","s1639_F_LIV_01_ASEReadCounter.table","NW_015090842.1:9494271",6,11,5
"ZC3H18","s1639_F_LIV_01_ASEReadCounter.table","NW_015090842.1:9501427",7,14,7
"ZC3H18","s1639_F_LIV_01_ASEReadCounter.table","NW_015090842.1:9501442",10,18,8
"ZC3H18","s1639_F_LIV_01_ASEReadCounter.table","NW_015090842.1:9505538",12,17,5
"ZC3H18","s1639_F_LIV_01_ASEReadCounter.table","NW_015090842.1:9506778",12,26,14
"ZC3H18","s1639_F_LIV_01_ASEReadCounter.table","NW_015090842.1:9522538",11,29,18
"ZC3H18","s1639_F_LIV_01_ASEReadCounter.table","NW_015090842.1:9524350",24,41,17
"ZC3H18","s1639_F_LIV_01_ASEReadCounter.table","NW_015090842.1:9524366",24,43,19
"ZC3H18","s1639_F_LIV_01_ASEReadCounter.table","NW_015090842.1:9524424",15,27,12
"ZC3H18","s1639_F_LIV_01_ASEReadCounter.table","NW_015090842.1:9529649",20,44,24
"ZC3H18","s1639_F_LIV_01_ASEReadCounter.table","NW_015090842.1:9529688",19,38,19
"ZC3H18","s1639_F_LIV_01_ASEReadCounter.table","NW_015090842.1:9529691",17,35,18
"ZC3H18","s1639_F_LIV_01_ASEReadCounter.table","NW_015090842.1:9530977",17,45,28
"ZC3H18","s1639_F_LIV_01_ASEReadCounter.table","NW_015090842.1:9536699",0,16,16
"CYBA","s1639_F_LIV_01_ASEReadCounter.table","NW_015090842.1:9547281",64,103,39
"CYBA","s1639_F_LIV_01_ASEReadCounter.table","NW_015090842.1:9547402",165,292,127
"CYBA","s1639_F_LIV_01_ASEReadCounter.table","NW_015090842.1:9547553",124,249,125
"CYBA","s1639_F_LIV_01_ASEReadCounter.table","NW_015090842.1:9548052",99,154,55
"CYBA","s1639_F_LIV_01_ASEReadCounter.table","NW_015090842.1:9548436",131,230,99
"CYBA","s1639_F_LIV_01_ASEReadCounter.table","NW_015090842.1:9548442",141,245,104
"CYBA","s1639_F_LIV_01_ASEReadCounter.table","NW_015090842.1:9548478",181,285,104
"CYBA","s1639_F_LIV_01_ASEReadCounter.table","NW_015090842.1:9548487",174,267,93
"CYBA","s1639_F_LIV_01_ASEReadCounter.table","NW_015090842.1:9548490",172,262,90
"CYBA","s1639_F_LIV_01_ASEReadCounter.table","NW_015090842.1:9548717",170,260,90
"CYBA","s1639_F_LIV_01_ASEReadCounter.table","NW_015090842.1:9548750",133,221,88
"CYBA","s1639_F_LIV_01_ASEReadCounter.table","NW_015090842.1:9548766",97,169,72
"MVD","s1639_F_LIV_01_ASEReadCounter.table","NW_015090842.1:9550678",43,64,21
"MVD","s1639_F_LIV_01_ASEReadCounter.table","NW_015090842.1:9550690",43,72,29
"MVD","s1639_F_LIV_01_ASEReadCounter.table","NW_015090842.1:9550691",45,73,28
"MVD","s1639_F_LIV_01_ASEReadCounter.table","NW_015090842.1:9550699",52,84,32
"MVD","s1639_F_LIV_01_ASEReadCounter.table","NW_015090842.1:9550719",55,82,27
"MVD","s1639_F_LIV_01_ASEReadCounter.table","NW_015090842.1:9551596",110,178,68
"MVD","s1639_F_LIV_01_ASEReadCounter.table","NW_015090842.1:9551638",104,189,85
"MVD","s1639_F_LIV_01_ASEReadCounter.table","NW_015090842.1:9551899",0,6,6
"MVD","s1639_F_LIV_01_ASEReadCounter.table","NW_015090842.1:9552193",116,177,61
"MVD","s1639_F_LIV_01_ASEReadCounter.table","NW_015090842.1:9552202",112,175,63
"MVD","s1639_F_LIV_01_ASEReadCounter.table","NW_015090842.1:9552208",115,170,55
"MVD","s1639_F_LIV_01_ASEReadCounter.table","NW_015090842.1:9552625",58,111,53
"MVD","s1639_F_LIV_01_ASEReadCounter.table","NW_015090842.1:9552629",114,114,0
"MVD","s1639_F_LIV_01_ASEReadCounter.table","NW_015090842.1:9552644",60,110,50
"MVD","s1639_F_LIV_01_ASEReadCounter.table","NW_015090842.1:9553093",70,116,46
"MVD","s1639_F_LIV_01_ASEReadCounter.table","NW_015090842.1:9553114",84,136,52
"RNF166","s1639_F_LIV_01_ASEReadCounter.table","NW_015090842.1:9557900",20,49,29
"RNF166","s1639_F_LIV_01_ASEReadCounter.table","NW_015090842.1:9558048",26,67,41
"RNF166","s1639_F_LIV_01_ASEReadCounter.table","NW_015090842.1:9558116",35,59,24
"RNF166","s1639_F_LIV_01_ASEReadCounter.table","NW_015090842.1:9558308",28,55,27
"RNF166","s1639_F_LIV_01_ASEReadCounter.table","NW_015090842.1:9558405",23,53,30
"RNF166","s1639_F_LIV_01_ASEReadCounter.table","NW_015090842.1:9558549",34,81,47
"RNF166","s1639_F_LIV_01_ASEReadCounter.table","NW_015090842.1:9558556",35,84,49
"RNF166","s1639_F_LIV_01_ASEReadCounter.table","NW_015090842.1:9558579",36,87,51
"RNF166","s1639_F_LIV_01_ASEReadCounter.table","NW_015090842.1:9558599",36,81,45
"RNF166","s1639_F_LIV_01_ASEReadCounter.table","NW_015090842.1:9558688",33,74,41
"RNF166","s1639_F_LIV_01_ASEReadCounter.table","NW_015090842.1:9558711",45,86,41
"RNF166","s1639_F_LIV_01_ASEReadCounter.table","NW_015090842.1:9558733",45,83,38
"RNF166","s1639_F_LIV_01_ASEReadCounter.table","NW_015090842.1:9558847",41,77,36
"RNF166","s1639_F_LIV_01_ASEReadCounter.table","NW_015090842.1:9559798",44,83,39
"RNF166","s1639_F_LIV_01_ASEReadCounter.table","NW_015090842.1:9560575",38,101,63
"RNF166","s1639_F_LIV_01_ASEReadCounter.table","NW_015090842.1:9561055",41,87,46
"RNF166","s1639_F_LIV_01_ASEReadCounter.table","NW_015090842.1:9562458",36,75,39
"RNF166","s1639_F_LIV_01_ASEReadCounter.table","NW_015090842.1:9562497",29,62,33
"RNF166","s1639_F_LIV_01_ASEReadCounter.table","NW_015090842.1:9562539",23,53,30
"RNF166","s1639_F_LIV_01_ASEReadCounter.table","NW_015090842.1:9564056",18,41,23
"CTU2","s1639_F_LIV_01_ASEReadCounter.table","NW_015090842.1:9565149",14,32,18
"CTU2","s1639_F_LIV_01_ASEReadCounter.table","NW_015090842.1:9565193",13,28,15
"CTU2","s1639_F_LIV_01_ASEReadCounter.table","NW_015090842.1:9565300",16,32,16
"CTU2","s1639_F_LIV_01_ASEReadCounter.table","NW_015090842.1:9565321",17,36,19
"CTU2","s1639_F_LIV_01_ASEReadCounter.table","NW_015090842.1:9565721",27,42,15
"CTU2","s1639_F_LIV_01_ASEReadCounter.table","NW_015090842.1:9565739",21,36,15
"CTU2","s1639_F_LIV_01_ASEReadCounter.table","NW_015090842.1:9565905",21,42,21
"CTU2","s1639_F_LIV_01_ASEReadCounter.table","NW_015090842.1:9566013",39,39,0
"CTU2","s1639_F_LIV_01_ASEReadCounter.table","NW_015090842.1:9566055",32,52,20
"CTU2","s1639_F_LIV_01_ASEReadCounter.table","NW_015090842.1:9566056",32,50,18
"CTU2","s1639_F_LIV_01_ASEReadCounter.table","NW_015090842.1:9566151",22,50,28
"CTU2","s1639_F_LIV_01_ASEReadCounter.table","NW_015090842.1:9566300",28,54,26
"CTU2","s1639_F_LIV_01_ASEReadCounter.table","NW_015090842.1:9566342",22,49,27
"CTU2","s1639_F_LIV_01_ASEReadCounter.table","NW_015090842.1:9566548",20,46,26
"CTU2","s1639_F_LIV_01_ASEReadCounter.table","NW_015090842.1:9566625",22,62,40
"CTU2","s1639_F_LIV_01_ASEReadCounter.table","NW_015090842.1:9566633",24,63,39
"CTU2","s1639_F_LIV_01_ASEReadCounter.table","NW_015090842.1:9566807",26,58,32
"CTU2","s1639_F_LIV_01_ASEReadCounter.table","NW_015090842.1:9567139",32,72,40
"CTU2","s1639_F_LIV_01_ASEReadCounter.table","NW_015090842.1:9567156",28,63,35
"CTU2","s1639_F_LIV_01_ASEReadCounter.table","NW_015090842.1:9567614",20,40,20
"CTU2","s1639_F_LIV_01_ASEReadCounter.table","NW_015090842.1:9567677",22,36,14
"CTU2","s1639_F_LIV_01_ASEReadCounter.table","NW_015090842.1:9567747",26,48,22
"CTU2","s1639_F_LIV_01_ASEReadCounter.table","NW_015090842.1:9567828",22,37,15
"CTU2","s1639_F_LIV_01_ASEReadCounter.table","NW_015090842.1:9567829",22,39,17
"CTU2","s1639_F_LIV_01_ASEReadCounter.table","NW_015090842.1:9567885",11,27,16
"PIEZO1","s1639_F_LIV_01_ASEReadCounter.table","NW_015090842.1:9568093",18,26,8
"PIEZO1","s1639_F_LIV_01_ASEReadCounter.table","NW_015090842.1:9568672",9,15,6
"PIEZO1","s1639_F_LIV_01_ASEReadCounter.table","NW_015090842.1:9568948",11,20,9
"PIEZO1","s1639_F_LIV_01_ASEReadCounter.table","NW_015090842.1:9568987",15,15,0
"PIEZO1","s1639_F_LIV_01_ASEReadCounter.table","NW_015090842.1:9569040",7,12,5
"PIEZO1","s1639_F_LIV_01_ASEReadCounter.table","NW_015090842.1:9569180",7,12,5
"PIEZO1","s1639_F_LIV_01_ASEReadCounter.table","NW_015090842.1:9569192",8,12,4
"PIEZO1","s1639_F_LIV_01_ASEReadCounter.table","NW_015090842.1:9570088",4,4,0
"PIEZO1","s1639_F_LIV_01_ASEReadCounter.table","NW_015090842.1:9570480",7,9,2
"PIEZO1","s1639_F_LIV_01_ASEReadCounter.table","NW_015090842.1:9570639",3,4,1
"PIEZO1","s1639_F_LIV_01_ASEReadCounter.table","NW_015090842.1:9571847",6,9,3
"PIEZO1","s1639_F_LIV_01_ASEReadCounter.table","NW_015090842.1:9572371",4,6,2
"PIEZO1","s1639_F_LIV_01_ASEReadCounter.table","NW_015090842.1:9572638",6,6,0
"PIEZO1","s1639_F_LIV_01_ASEReadCounter.table","NW_015090842.1:9573156",5,8,3
"PIEZO1","s1639_F_LIV_01_ASEReadCounter.table","NW_015090842.1:9573280",3,4,1
"PIEZO1","s1639_F_LIV_01_ASEReadCounter.table","NW_015090842.1:9573566",3,3,0
"PIEZO1","s1639_F_LIV_01_ASEReadCounter.table","NW_015090842.1:9575341",1,1,0
"PIEZO1","s1639_F_LIV_01_ASEReadCounter.table","NW_015090842.1:9575367",1,1,0
"PIEZO1","s1639_F_LIV_01_ASEReadCounter.table","NW_015090842.1:9575645",3,4,1
"PIEZO1","s1639_F_LIV_01_ASEReadCounter.table","NW_015090842.1:9575696",3,5,2
"PIEZO1","s1639_F_LIV_01_ASEReadCounter.table","NW_015090842.1:9575897",2,3,1
"PIEZO1","s1639_F_LIV_01_ASEReadCounter.table","NW_015090842.1:9576060",1,2,1
"PIEZO1","s1639_F_LIV_01_ASEReadCounter.table","NW_015090842.1:9576087",1,3,2
"PIEZO1","s1639_F_LIV_01_ASEReadCounter.table","NW_015090842.1:9576093",2,4,2
"PIEZO1","s1639_F_LIV_01_ASEReadCounter.table","NW_015090842.1:9576120",2,4,2
"PIEZO1","s1639_F_LIV_01_ASEReadCounter.table","NW_015090842.1:9576710",2,2,0
"PIEZO1","s1639_F_LIV_01_ASEReadCounter.table","NW_015090842.1:9576723",2,2,0
"PIEZO1","s1639_F_LIV_01_ASEReadCounter.table","NW_015090842.1:9578268",2,2,0
"PIEZO1","s1639_F_LIV_01_ASEReadCounter.table","NW_015090842.1:9578770",2,4,2
"PIEZO1","s1639_F_LIV_01_ASEReadCounter.table","NW_015090842.1:9578806",2,3,1
"PIEZO1","s1639_F_LIV_01_ASEReadCounter.table","NW_015090842.1:9579064",0,2,2
"PIEZO1","s1639_F_LIV_01_ASEReadCounter.table","NW_015090842.1:9579065",0,2,2
"PIEZO1","s1639_F_LIV_01_ASEReadCounter.table","NW_015090842.1:9579347",1,1,0
"PIEZO1","s1639_F_LIV_01_ASEReadCounter.table","NW_015090842.1:9580765",0,1,1
"PIEZO1","s1639_F_LIV_01_ASEReadCounter.table","NW_015090842.1:9580996",1,3,2
"PIEZO1","s1639_F_LIV_01_ASEReadCounter.table","NW_015090842.1:9581101",0,1,1
"PIEZO1","s1639_F_LIV_01_ASEReadCounter.table","NW_015090842.1:9581875",1,1,0
"PIEZO1","s1639_F_LIV_01_ASEReadCounter.table","NW_015090842.1:9582046",1,2,1
"PIEZO1","s1639_F_LIV_01_ASEReadCounter.table","NW_015090842.1:9582961",2,3,1
"PIEZO1","s1639_F_LIV_01_ASEReadCounter.table","NW_015090842.1:9583298",4,4,0
"PIEZO1","s1639_F_LIV_01_ASEReadCounter.table","NW_015090842.1:9584337",1,1,0
"PIEZO1","s1639_F_LIV_01_ASEReadCounter.table","NW_015090842.1:9584425",1,1,0
"PIEZO1","s1639_F_LIV_01_ASEReadCounter.table","NW_015090842.1:9584435",1,1,0
"PIEZO1","s1639_F_LIV_01_ASEReadCounter.table","NW_015090842.1:9584438",1,1,0
"PIEZO1","s1639_F_LIV_01_ASEReadCounter.table","NW_015090842.1:9584441",1,1,0
"CDT1","s1639_F_LIV_01_ASEReadCounter.table","NW_015090842.1:9596596",8,9,1
"CDT1","s1639_F_LIV_01_ASEReadCounter.table","NW_015090842.1:9596766",7,7,0
"CDT1","s1639_F_LIV_01_ASEReadCounter.table","NW_015090842.1:9597054",8,9,1
"CDT1","s1639_F_LIV_01_ASEReadCounter.table","NW_015090842.1:9597074",9,10,1
"CDT1","s1639_F_LIV_01_ASEReadCounter.table","NW_015090842.1:9597137",14,14,0
"CDT1","s1639_F_LIV_01_ASEReadCounter.table","NW_015090842.1:9597756",12,14,2
"CDT1","s1639_F_LIV_01_ASEReadCounter.table","NW_015090842.1:9597766",14,16,2
"CDT1","s1639_F_LIV_01_ASEReadCounter.table","NW_015090842.1:9598496",12,16,4
"CDT1","s1639_F_LIV_01_ASEReadCounter.table","NW_015090842.1:9598498",12,16,4
"CDT1","s1639_F_LIV_01_ASEReadCounter.table","NW_015090842.1:9598816",7,9,2
"CDT1","s1639_F_LIV_01_ASEReadCounter.table","NW_015090842.1:9598879",11,14,3
"CDT1","s1639_F_LIV_01_ASEReadCounter.table","NW_015090842.1:9598912",10,12,2
"CDT1","s1639_F_LIV_01_ASEReadCounter.table","NW_015090842.1:9598959",11,13,2
"CDT1","s1639_F_LIV_01_ASEReadCounter.table","NW_015090842.1:9599807",17,21,4
"CDT1","s1639_F_LIV_01_ASEReadCounter.table","NW_015090842.1:9599819",18,21,3
"CDT1","s1639_F_LIV_01_ASEReadCounter.table","NW_015090842.1:9599845",23,27,4
"CDT1","s1639_F_LIV_01_ASEReadCounter.table","NW_015090842.1:9600148",18,20,2
"CDT1","s1639_F_LIV_01_ASEReadCounter.table","NW_015090842.1:9600151",17,19,2
"CDT1","s1639_F_LIV_01_ASEReadCounter.table","NW_015090842.1:9600217",14,18,4
"CDT1","s1639_F_LIV_01_ASEReadCounter.table","NW_015090842.1:9600226",16,19,3
"CDT1","s1639_F_LIV_01_ASEReadCounter.table","NW_015090842.1:9600260",17,21,4
"CDT1","s1639_F_LIV_01_ASEReadCounter.table","NW_015090842.1:9600268",18,22,4
"CDT1","s1639_F_LIV_01_ASEReadCounter.table","NW_015090842.1:9600305",19,20,1
"CDT1","s1639_F_LIV_01_ASEReadCounter.table","NW_015090842.1:9600397",11,14,3
"CDT1","s1639_F_LIV_01_ASEReadCounter.table","NW_015090842.1:9600447",8,10,2
"CDT1","s1639_F_LIV_01_ASEReadCounter.table","NW_015090842.1:9600450",8,10,2
"CDT1","s1639_F_LIV_01_ASEReadCounter.table","NW_015090842.1:9600485",12,15,3
"CDT1","s1639_F_LIV_01_ASEReadCounter.table","NW_015090842.1:9600579",11,13,2
"APRT","s1639_F_LIV_01_ASEReadCounter.table","NW_015090842.1:9602308",13,24,11
"APRT","s1639_F_LIV_01_ASEReadCounter.table","NW_015090842.1:9602440",23,47,24
"APRT","s1639_F_LIV_01_ASEReadCounter.table","NW_015090842.1:9602449",21,45,24
"APRT","s1639_F_LIV_01_ASEReadCounter.table","NW_015090842.1:9602451",22,46,24
"APRT","s1639_F_LIV_01_ASEReadCounter.table","NW_015090842.1:9602455",24,49,25
"APRT","s1639_F_LIV_01_ASEReadCounter.table","NW_015090842.1:9602462",23,46,23
"APRT","s1639_F_LIV_01_ASEReadCounter.table","NW_015090842.1:9602507",15,39,24
"APRT","s1639_F_LIV_01_ASEReadCounter.table","NW_015090842.1:9602514",17,42,25
"APRT","s1639_F_LIV_01_ASEReadCounter.table","NW_015090842.1:9602530",18,40,22
"APRT","s1639_F_LIV_01_ASEReadCounter.table","NW_015090842.1:9602582",18,44,26
"APRT","s1639_F_LIV_01_ASEReadCounter.table","NW_015090842.1:9602583",19,46,27
"APRT","s1639_F_LIV_01_ASEReadCounter.table","NW_015090842.1:9602650",27,56,29
"APRT","s1639_F_LIV_01_ASEReadCounter.table","NW_015090842.1:9602655",28,57,29
"APRT","s1639_F_LIV_01_ASEReadCounter.table","NW_015090842.1:9602712",29,55,26
"APRT","s1639_F_LIV_01_ASEReadCounter.table","NW_015090842.1:9602764",24,46,22
"APRT","s1639_F_LIV_01_ASEReadCounter.table","NW_015090842.1:9602821",26,45,19
"APRT","s1639_F_LIV_01_ASEReadCounter.table","NW_015090842.1:9602867",26,47,21
"APRT","s1639_F_LIV_01_ASEReadCounter.table","NW_015090842.1:9602883",25,47,22
"APRT","s1639_F_LIV_01_ASEReadCounter.table","NW_015090842.1:9602886",26,48,22
"APRT","s1639_F_LIV_01_ASEReadCounter.table","NW_015090842.1:9602948",24,49,25
"APRT","s1639_F_LIV_01_ASEReadCounter.table","NW_015090842.1:9602958",23,52,29
"APRT","s1639_F_LIV_01_ASEReadCounter.table","NW_015090842.1:9603020",33,64,31
"APRT","s1639_F_LIV_01_ASEReadCounter.table","NW_015090842.1:9603025",31,64,33
"APRT","s1639_F_LIV_01_ASEReadCounter.table","NW_015090842.1:9603154",21,43,22
"APRT","s1639_F_LIV_01_ASEReadCounter.table","NW_015090842.1:9603166",26,52,26
"APRT","s1639_F_LIV_01_ASEReadCounter.table","NW_015090842.1:9603326",22,37,15
"APRT","s1639_F_LIV_01_ASEReadCounter.table","NW_015090842.1:9603419",16,33,17
"APRT","s1639_F_LIV_01_ASEReadCounter.table","NW_015090842.1:9603420",16,32,16
"APRT","s1639_F_LIV_01_ASEReadCounter.table","NW_015090842.1:9603464",15,27,12
"APRT","s1639_F_LIV_01_ASEReadCounter.table","NW_015090842.1:9603528",17,29,12
"APRT","s1639_F_LIV_01_ASEReadCounter.table","NW_015090842.1:9603607",8,24,16
"APRT","s1639_F_LIV_01_ASEReadCounter.table","NW_015090842.1:9603622",8,19,11
"APRT","s1639_F_LIV_01_ASEReadCounter.table","NW_015090842.1:9604361",13,28,15
"APRT","s1639_F_LIV_01_ASEReadCounter.table","NW_015090842.1:9605317",11,24,13
"APRT","s1639_F_LIV_01_ASEReadCounter.table","NW_015090842.1:9605336",13,30,17
"GALNS","s1639_F_LIV_01_ASEReadCounter.table","NW_015090842.1:9612872",2,2,0
"GALNS","s1639_F_LIV_01_ASEReadCounter.table","NW_015090842.1:9612873",2,2,0
"GALNS","s1639_F_LIV_01_ASEReadCounter.table","NW_015090842.1:9612877",3,3,0
"GALNS","s1639_F_LIV_01_ASEReadCounter.table","NW_015090842.1:9612942",9,13,4
"GALNS","s1639_F_LIV_01_ASEReadCounter.table","NW_015090842.1:9612987",9,9,0
"GALNS","s1639_F_LIV_01_ASEReadCounter.table","NW_015090842.1:9613064",11,14,3
"GALNS","s1639_F_LIV_01_ASEReadCounter.table","NW_015090842.1:9613096",15,19,4
"GALNS","s1639_F_LIV_01_ASEReadCounter.table","NW_015090842.1:9613123",15,18,3
"GALNS","s1639_F_LIV_01_ASEReadCounter.table","NW_015090842.1:9613125",15,18,3
"GALNS","s1639_F_LIV_01_ASEReadCounter.table","NW_015090842.1:9613193",15,15,0
"GALNS","s1639_F_LIV_01_ASEReadCounter.table","NW_015090842.1:9613226",12,13,1
"GALNS","s1639_F_LIV_01_ASEReadCounter.table","NW_015090842.1:9613249",10,13,3
"GALNS","s1639_F_LIV_01_ASEReadCounter.table","NW_015090842.1:9613256",12,17,5
"GALNS","s1639_F_LIV_01_ASEReadCounter.table","NW_015090842.1:9613317",10,17,7
"GALNS","s1639_F_LIV_01_ASEReadCounter.table","NW_015090842.1:9613343",10,15,5
"GALNS","s1639_F_LIV_01_ASEReadCounter.table","NW_015090842.1:9613344",10,15,5
"GALNS","s1639_F_LIV_01_ASEReadCounter.table","NW_015090842.1:9613371",14,17,3
"GALNS","s1639_F_LIV_01_ASEReadCounter.table","NW_015090842.1:9613378",10,13,3
"GALNS","s1639_F_LIV_01_ASEReadCounter.table","NW_015090842.1:9613379",10,13,3
"GALNS","s1639_F_LIV_01_ASEReadCounter.table","NW_015090842.1:9613516",8,9,1
"GALNS","s1639_F_LIV_01_ASEReadCounter.table","NW_015090842.1:9613572",7,9,2
"GALNS","s1639_F_LIV_01_ASEReadCounter.table","NW_015090842.1:9613597",4,6,2
"GALNS","s1639_F_LIV_01_ASEReadCounter.table","NW_015090842.1:9613627",5,10,5
"GALNS","s1639_F_LIV_01_ASEReadCounter.table","NW_015090842.1:9613640",9,14,5
"GALNS","s1639_F_LIV_01_ASEReadCounter.table","NW_015090842.1:9614025",10,14,4
"GALNS","s1639_F_LIV_01_ASEReadCounter.table","NW_015090842.1:9614169",7,12,5
"GALNS","s1639_F_LIV_01_ASEReadCounter.table","NW_015090842.1:9614232",12,12,0
"GALNS","s1639_F_LIV_01_ASEReadCounter.table","NW_015090842.1:9614667",8,10,2
"GALNS","s1639_F_LIV_01_ASEReadCounter.table","NW_015090842.1:9614709",8,9,1
"GALNS","s1639_F_LIV_01_ASEReadCounter.table","NW_015090842.1:9614880",7,12,5
"GALNS","s1639_F_LIV_01_ASEReadCounter.table","NW_015090842.1:9614902",5,11,6
"GALNS","s1639_F_LIV_01_ASEReadCounter.table","NW_015090842.1:9614960",9,12,3
"GALNS","s1639_F_LIV_01_ASEReadCounter.table","NW_015090842.1:9615114",7,9,2
"GALNS","s1639_F_LIV_01_ASEReadCounter.table","NW_015090842.1:9615199",12,16,4
"GALNS","s1639_F_LIV_01_ASEReadCounter.table","NW_015090842.1:9615217",11,14,3
"GALNS","s1639_F_LIV_01_ASEReadCounter.table","NW_015090842.1:9615277",6,8,2
"GALNS","s1639_F_LIV_01_ASEReadCounter.table","NW_015090842.1:9615377",11,13,2
"GALNS","s1639_F_LIV_01_ASEReadCounter.table","NW_015090842.1:9647858",10,13,3
"GALNS","s1639_F_LIV_01_ASEReadCounter.table","NW_015090842.1:9649186",2,6,4
"GALNS","s1639_F_LIV_01_ASEReadCounter.table","NW_015090842.1:9649237",1,3,2
"GALNS","s1639_F_LIV_01_ASEReadCounter.table","NW_015090842.1:9661193",5,6,1
"TRAPPC2L","s1639_F_LIV_01_ASEReadCounter.table","NW_015090842.1:9662951",44,82,38
"TRAPPC2L","s1639_F_LIV_01_ASEReadCounter.table","NW_015090842.1:9663014",43,82,39
"TRAPPC2L","s1639_F_LIV_01_ASEReadCounter.table","NW_015090842.1:9664305",64,64,0
"TRAPPC2L","s1639_F_LIV_01_ASEReadCounter.table","NW_015090842.1:9665155",35,61,26
"TRAPPC2L","s1639_F_LIV_01_ASEReadCounter.table","NW_015090842.1:9665211",10,22,12
"CBFA2T3","s1639_F_LIV_01_ASEReadCounter.table","NW_015090842.1:9709469",0,3,3
"CBFA2T3","s1639_F_LIV_01_ASEReadCounter.table","NW_015090842.1:9709475",0,3,3
"CBFA2T3","s1639_F_LIV_01_ASEReadCounter.table","NW_015090842.1:9711845",0,2,2
"CBFA2T3","s1639_F_LIV_01_ASEReadCounter.table","NW_015090842.1:9712157",0,1,1
"CBFA2T3","s1639_F_LIV_01_ASEReadCounter.table","NW_015090842.1:9712160",0,1,1
"CBFA2T3","s1639_F_LIV_01_ASEReadCounter.table","NW_015090842.1:9712166",0,1,1
"CBFA2T3","s1639_F_LIV_01_ASEReadCounter.table","NW_015090842.1:9712673",3,3,0
"CBFA2T3","s1639_F_LIV_01_ASEReadCounter.table","NW_015090842.1:9712787",1,1,0
"CBFA2T3","s1639_F_LIV_01_ASEReadCounter.table","NW_015090842.1:9712791",1,1,0
"CBFA2T3","s1639_F_LIV_01_ASEReadCounter.table","NW_015090842.1:9712805",1,1,0
"CBFA2T3","s1639_F_LIV_01_ASEReadCounter.table","NW_015090842.1:9712811",1,1,0
"CBFA2T3","s1639_F_LIV_01_ASEReadCounter.table","NW_015090842.1:9712848",1,1,0
"CBFA2T3","s1639_F_LIV_01_ASEReadCounter.table","NW_015090842.1:9713088",2,2,0
"CBFA2T3","s1639_F_LIV_01_ASEReadCounter.table","NW_015090842.1:9713121",4,5,1
"CBFA2T3","s1639_F_LIV_01_ASEReadCounter.table","NW_015090842.1:9717058",2,3,1
"CBFA2T3","s1639_F_LIV_01_ASEReadCounter.table","NW_015090842.1:9717093",3,5,2
"CBFA2T3","s1639_F_LIV_01_ASEReadCounter.table","NW_015090842.1:9717114",3,6,3
"CBFA2T3","s1639_F_LIV_01_ASEReadCounter.table","NW_015090842.1:9717139",2,5,3
"CBFA2T3","s1639_F_LIV_01_ASEReadCounter.table","NW_015090842.1:9719788",0,2,2
"ACSF3","s1639_F_LIV_01_ASEReadCounter.table","NW_015090842.1:9773379",0,2,2
"ACSF3","s1639_F_LIV_01_ASEReadCounter.table","NW_015090842.1:9773382",0,3,3
"ACSF3","s1639_F_LIV_01_ASEReadCounter.table","NW_015090842.1:9773384",0,3,3
"ACSF3","s1639_F_LIV_01_ASEReadCounter.table","NW_015090842.1:9773388",0,4,4
"ACSF3","s1639_F_LIV_01_ASEReadCounter.table","NW_015090842.1:9776753",24,51,27
"ACSF3","s1639_F_LIV_01_ASEReadCounter.table","NW_015090842.1:9776783",26,50,24
"ACSF3","s1639_F_LIV_01_ASEReadCounter.table","NW_015090842.1:9776879",22,40,18
"ACSF3","s1639_F_LIV_01_ASEReadCounter.table","NW_015090842.1:9776965",23,46,23
"ACSF3","s1639_F_LIV_01_ASEReadCounter.table","NW_015090842.1:9777091",22,40,18
"ACSF3","s1639_F_LIV_01_ASEReadCounter.table","NW_015090842.1:9777206",34,60,26
"ACSF3","s1639_F_LIV_01_ASEReadCounter.table","NW_015090842.1:9777283",49,72,23
"ACSF3","s1639_F_LIV_01_ASEReadCounter.table","NW_015090842.1:9778955",46,83,37
"ACSF3","s1639_F_LIV_01_ASEReadCounter.table","NW_015090842.1:9778997",46,97,51
"ACSF3","s1639_F_LIV_01_ASEReadCounter.table","NW_015090842.1:9789311",44,79,35
"ACSF3","s1639_F_LIV_01_ASEReadCounter.table","NW_015090842.1:9789906",5,43,38
"ACSF3","s1639_F_LIV_01_ASEReadCounter.table","NW_015090842.1:9834743",67,125,58
"ACSF3","s1639_F_LIV_01_ASEReadCounter.table","NW_015090842.1:9834852",77,125,48
"ACSF3","s1639_F_LIV_01_ASEReadCounter.table","NW_015090842.1:9834861",69,117,48
"ACSF3","s1639_F_LIV_01_ASEReadCounter.table","NW_015090842.1:9839359",50,93,43
"ACSF3","s1639_F_LIV_01_ASEReadCounter.table","NW_015090842.1:9839378",42,85,43
"ACSF3","s1639_F_LIV_01_ASEReadCounter.table","NW_015090842.1:9839455",42,83,41
"ACSF3","s1639_F_LIV_01_ASEReadCounter.table","NW_015090842.1:9839457",42,82,40
"ACSF3","s1639_F_LIV_01_ASEReadCounter.table","NW_015090842.1:9839489",28,56,28
"ACSF3","s1639_F_LIV_01_ASEReadCounter.table","NW_015090842.1:9839500",23,46,23
"ACSF3","s1639_F_LIV_01_ASEReadCounter.table","NW_015090842.1:9839501",23,46,23
"ACSF3","s1639_F_LIV_01_ASEReadCounter.table","NW_015090842.1:9839504",29,50,21
"ACSF3","s1639_F_LIV_01_ASEReadCounter.table","NW_015090842.1:9839512",28,44,16
"ACSF3","s1639_F_LIV_01_ASEReadCounter.table","NW_015090842.1:9839527",24,36,12
"ACSF3","s1639_F_LIV_01_ASEReadCounter.table","NW_015090842.1:9839533",16,26,10
"ACSF3","s1639_F_LIV_01_ASEReadCounter.table","NW_015090842.1:9839535",16,24,8
"ACSF3","s1639_F_LIV_01_ASEReadCounter.table","NW_015090842.1:9839545",10,18,8
"ACSF3","s1639_F_LIV_01_ASEReadCounter.table","NW_015090842.1:9839550",8,16,8
"ACSF3","s1639_F_LIV_01_ASEReadCounter.table","NW_015090842.1:9839551",8,16,8
"SLC22A31","s1639_F_LIV_01_ASEReadCounter.table","NW_015090842.1:9851117",4,4,0
"SLC22A31","s1639_F_LIV_01_ASEReadCounter.table","NW_015090842.1:9851130",4,4,0
"SLC22A31","s1639_F_LIV_01_ASEReadCounter.table","NW_015090842.1:9851139",4,4,0
"SLC22A31","s1639_F_LIV_01_ASEReadCounter.table","NW_015090842.1:9851265",4,4,0
"SLC22A31","s1639_F_LIV_01_ASEReadCounter.table","NW_015090842.1:9851302",5,5,0
"SLC22A31","s1639_F_LIV_01_ASEReadCounter.table","NW_015090842.1:9851303",5,5,0
"SLC22A31","s1639_F_LIV_01_ASEReadCounter.table","NW_015090842.1:9851305",5,5,0
"SLC22A31","s1639_F_LIV_01_ASEReadCounter.table","NW_015090842.1:9851343",3,3,0
"SLC22A31","s1639_F_LIV_01_ASEReadCounter.table","NW_015090842.1:9851344",5,5,0
"SLC22A31","s1639_F_LIV_01_ASEReadCounter.table","NW_015090842.1:9851361",5,5,0
"SLC22A31","s1639_F_LIV_01_ASEReadCounter.table","NW_015090842.1:9851381",7,7,0
"SLC22A31","s1639_F_LIV_01_ASEReadCounter.table","NW_015090842.1:9851421",11,11,0
"SLC22A31","s1639_F_LIV_01_ASEReadCounter.table","NW_015090842.1:9851501",5,5,0
"SLC22A31","s1639_F_LIV_01_ASEReadCounter.table","NW_015090842.1:9851526",7,7,0
"SLC22A31","s1639_F_LIV_01_ASEReadCounter.table","NW_015090842.1:9851589",11,12,1
"SLC22A31","s1639_F_LIV_01_ASEReadCounter.table","NW_015090842.1:9851712",9,10,1
"SLC22A31","s1639_F_LIV_01_ASEReadCounter.table","NW_015090842.1:9851899",10,11,1
"SLC22A31","s1639_F_LIV_01_ASEReadCounter.table","NW_015090842.1:9852139",9,10,1
"SLC22A31","s1639_F_LIV_01_ASEReadCounter.table","NW_015090842.1:9852380",10,10,0
"SLC22A31","s1639_F_LIV_01_ASEReadCounter.table","NW_015090842.1:9852431",5,5,0
"SLC22A31","s1639_F_LIV_01_ASEReadCounter.table","NW_015090842.1:9852630",6,7,1
"SLC22A31","s1639_F_LIV_01_ASEReadCounter.table","NW_015090842.1:9852711",5,6,1
"SLC22A31","s1639_F_LIV_01_ASEReadCounter.table","NW_015090842.1:9853099",5,5,0
"SLC22A31","s1639_F_LIV_01_ASEReadCounter.table","NW_015090842.1:9853102",6,6,0
"SLC22A31","s1639_F_LIV_01_ASEReadCounter.table","NW_015090842.1:9853421",3,3,0
"SLC22A31","s1639_F_LIV_01_ASEReadCounter.table","NW_015090842.1:9853457",4,4,0
"SLC22A31","s1639_F_LIV_01_ASEReadCounter.table","NW_015090842.1:9853502",4,4,0
"ANKRD11","s1639_F_LIV_01_ASEReadCounter.table","NW_015090842.1:9858863",0,1,1
"ANKRD11","s1639_F_LIV_01_ASEReadCounter.table","NW_015090842.1:9859101",22,42,20
"ANKRD11","s1639_F_LIV_01_ASEReadCounter.table","NW_015090842.1:9859352",28,51,23
"ANKRD11","s1639_F_LIV_01_ASEReadCounter.table","NW_015090842.1:9859381",13,34,21
"ANKRD11","s1639_F_LIV_01_ASEReadCounter.table","NW_015090842.1:9859679",24,48,24
"ANKRD11","s1639_F_LIV_01_ASEReadCounter.table","NW_015090842.1:9861097",26,46,20
"ANKRD11","s1639_F_LIV_01_ASEReadCounter.table","NW_015090842.1:9862571",12,30,18
"ANKRD11","s1639_F_LIV_01_ASEReadCounter.table","NW_015090842.1:9862652",8,18,10
"ANKRD11","s1639_F_LIV_01_ASEReadCounter.table","NW_015090842.1:9866071",0,17,17
"ANKRD11","s1639_F_LIV_01_ASEReadCounter.table","NW_015090842.1:9866200",0,7,7
"ANKRD11","s1639_F_LIV_01_ASEReadCounter.table","NW_015090842.1:9867391",8,14,6
"ANKRD11","s1639_F_LIV_01_ASEReadCounter.table","NW_015090842.1:9867472",6,18,12
"ANKRD11","s1639_F_LIV_01_ASEReadCounter.table","NW_015090842.1:9867559",10,23,13
"ANKRD11","s1639_F_LIV_01_ASEReadCounter.table","NW_015090842.1:9867667",14,28,14
"ANKRD11","s1639_F_LIV_01_ASEReadCounter.table","NW_015090842.1:9867934",12,19,7
"ANKRD11","s1639_F_LIV_01_ASEReadCounter.table","NW_015090842.1:9868064",8,20,12
"ANKRD11","s1639_F_LIV_01_ASEReadCounter.table","NW_015090842.1:9868093",9,17,8
"ANKRD11","s1639_F_LIV_01_ASEReadCounter.table","NW_015090842.1:9868222",7,14,7
"ANKRD11","s1639_F_LIV_01_ASEReadCounter.table","NW_015090842.1:9868327",7,24,17
"ANKRD11","s1639_F_LIV_01_ASEReadCounter.table","NW_015090842.1:9868414",10,24,14
"ANKRD11","s1639_F_LIV_01_ASEReadCounter.table","NW_015090842.1:9868441",10,21,11
"ANKRD11","s1639_F_LIV_01_ASEReadCounter.table","NW_015090842.1:9868444",10,23,13
"ANKRD11","s1639_F_LIV_01_ASEReadCounter.table","NW_015090842.1:9868519",11,31,20
"ANKRD11","s1639_F_LIV_01_ASEReadCounter.table","NW_015090842.1:9868609",12,28,16
"ANKRD11","s1639_F_LIV_01_ASEReadCounter.table","NW_015090842.1:9868666",8,29,21
"ANKRD11","s1639_F_LIV_01_ASEReadCounter.table","NW_015090842.1:9868738",33,33,0
"ANKRD11","s1639_F_LIV_01_ASEReadCounter.table","NW_015090842.1:9869431",13,24,11
"ANKRD11","s1639_F_LIV_01_ASEReadCounter.table","NW_015090842.1:9869578",14,34,20
"ANKRD11","s1639_F_LIV_01_ASEReadCounter.table","NW_015090842.1:9869734",20,41,21
"ANKRD11","s1639_F_LIV_01_ASEReadCounter.table","NW_015090842.1:9870070",18,35,17
"ANKRD11","s1639_F_LIV_01_ASEReadCounter.table","NW_015090842.1:9870349",22,41,19
"ANKRD11","s1639_F_LIV_01_ASEReadCounter.table","NW_015090842.1:9870604",16,38,22
"ANKRD11","s1639_F_LIV_01_ASEReadCounter.table","NW_015090842.1:9870613",17,40,23
"ANKRD11","s1639_F_LIV_01_ASEReadCounter.table","NW_015090842.1:9870685",28,58,30
"ANKRD11","s1639_F_LIV_01_ASEReadCounter.table","NW_015090842.1:9870760",31,61,30
"ANKRD11","s1639_F_LIV_01_ASEReadCounter.table","NW_015090842.1:9870847",30,52,22
"ANKRD11","s1639_F_LIV_01_ASEReadCounter.table","NW_015090842.1:9871103",18,37,19
"ANKRD11","s1639_F_LIV_01_ASEReadCounter.table","NW_015090842.1:9871165",23,39,16
"ANKRD11","s1639_F_LIV_01_ASEReadCounter.table","NW_015090842.1:9871508",17,17,0
"ANKRD11","s1639_F_LIV_01_ASEReadCounter.table","NW_015090842.1:9871820",4,9,5
"ANKRD11","s1639_F_LIV_01_ASEReadCounter.table","NW_015090842.1:9872118",9,19,10
"ANKRD11","s1639_F_LIV_01_ASEReadCounter.table","NW_015090842.1:9877406",3,7,4
"SPG7","s1639_F_LIV_01_ASEReadCounter.table","NW_015090842.1:10051190",39,76,37
"SPG7","s1639_F_LIV_01_ASEReadCounter.table","NW_015090842.1:10051218",51,105,54
"SPG7","s1639_F_LIV_01_ASEReadCounter.table","NW_015090842.1:10052348",60,114,54
"SPG7","s1639_F_LIV_01_ASEReadCounter.table","NW_015090842.1:10052366",58,109,51
"SPG7","s1639_F_LIV_01_ASEReadCounter.table","NW_015090842.1:10065173",63,124,61
"SPG7","s1639_F_LIV_01_ASEReadCounter.table","NW_015090842.1:10065215",59,111,52
"SPG7","s1639_F_LIV_01_ASEReadCounter.table","NW_015090842.1:10066365",53,91,38
"SPG7","s1639_F_LIV_01_ASEReadCounter.table","NW_015090842.1:10069752",61,115,54
"SPG7","s1639_F_LIV_01_ASEReadCounter.table","NW_015090842.1:10069800",55,113,58
"SPG7","s1639_F_LIV_01_ASEReadCounter.table","NW_015090842.1:10071192",72,125,53
"SPG7","s1639_F_LIV_01_ASEReadCounter.table","NW_015090842.1:10071219",61,109,48
"SPG7","s1639_F_LIV_01_ASEReadCounter.table","NW_015090842.1:10071967",76,122,46
"SPG7","s1639_F_LIV_01_ASEReadCounter.table","NW_015090842.1:10075109",83,165,82
"SPG7","s1639_F_LIV_01_ASEReadCounter.table","NW_015090842.1:10075114",86,162,76
"SPG7","s1639_F_LIV_01_ASEReadCounter.table","NW_015090842.1:10075198",69,127,58
"SPG7","s1639_F_LIV_01_ASEReadCounter.table","NW_015090842.1:10075487",59,108,49
"SPG7","s1639_F_LIV_01_ASEReadCounter.table","NW_015090842.1:10075488",59,109,50
"SPG7","s1639_F_LIV_01_ASEReadCounter.table","NW_015090842.1:10075548",47,77,30
"RPL13","s1639_F_LIV_01_ASEReadCounter.table","NW_015090842.1:10077387",1279,2519,1240
"RPL13","s1639_F_LIV_01_ASEReadCounter.table","NW_015090842.1:10077978",1970,3876,1906
"RPL13","s1639_F_LIV_01_ASEReadCounter.table","NW_015090842.1:10077992",1964,3733,1769
"CPNE7","s1639_F_LIV_01_ASEReadCounter.table","NW_015090842.1:10091488",1,1,0
"CPNE7","s1639_F_LIV_01_ASEReadCounter.table","NW_015090842.1:10091491",1,1,0
"CPNE7","s1639_F_LIV_01_ASEReadCounter.table","NW_015090842.1:10091530",0,1,1
"LOC106888185","s1639_F_LIV_01_ASEReadCounter.table","NW_015090842.1:10094965",9,23,14
"LOC106888185","s1639_F_LIV_01_ASEReadCounter.table","NW_015090842.1:10094966",9,21,12
"LOC106888185","s1639_F_LIV_01_ASEReadCounter.table","NW_015090842.1:10094985",9,23,14
"LOC106888185","s1639_F_LIV_01_ASEReadCounter.table","NW_015090842.1:10095055",0,14,14
"LOC106888185","s1639_F_LIV_01_ASEReadCounter.table","NW_015090842.1:10095062",0,9,9
"LOC106888185","s1639_F_LIV_01_ASEReadCounter.table","NW_015090842.1:10095130",0,12,12
"LOC106888185","s1639_F_LIV_01_ASEReadCounter.table","NW_015090842.1:10095265",32,64,32
"LOC106888185","s1639_F_LIV_01_ASEReadCounter.table","NW_015090842.1:10095586",34,81,47
"LOC106888185","s1639_F_LIV_01_ASEReadCounter.table","NW_015090842.1:10095593",33,80,47
"LOC106888185","s1639_F_LIV_01_ASEReadCounter.table","NW_015090842.1:10095616",28,71,43
"LOC106888185","s1639_F_LIV_01_ASEReadCounter.table","NW_015090842.1:10095662",25,60,35
"LOC106888185","s1639_F_LIV_01_ASEReadCounter.table","NW_015090842.1:10095674",20,50,30
"LOC106888185","s1639_F_LIV_01_ASEReadCounter.table","NW_015090842.1:10095786",15,37,22
"LOC106888185","s1639_F_LIV_01_ASEReadCounter.table","NW_015090842.1:10095831",22,55,33
"LOC106888185","s1639_F_LIV_01_ASEReadCounter.table","NW_015090842.1:10096230",26,70,44
"LOC106888185","s1639_F_LIV_01_ASEReadCounter.table","NW_015090842.1:10096249",28,75,47
"LOC106888185","s1639_F_LIV_01_ASEReadCounter.table","NW_015090842.1:10096272",30,81,51
"LOC106888185","s1639_F_LIV_01_ASEReadCounter.table","NW_015090842.1:10096288",29,76,47
"LOC106888185","s1639_F_LIV_01_ASEReadCounter.table","NW_015090842.1:10097248",22,56,34
"LOC106888185","s1639_F_LIV_01_ASEReadCounter.table","NW_015090842.1:10097265",29,69,40
"LOC106888185","s1639_F_LIV_01_ASEReadCounter.table","NW_015090842.1:10097446",4,26,22
"DPEP1","s1639_F_LIV_01_ASEReadCounter.table","NW_015090842.1:10098017",0,3,3
"DPEP1","s1639_F_LIV_01_ASEReadCounter.table","NW_015090842.1:10098518",135,156,21
"DPEP1","s1639_F_LIV_01_ASEReadCounter.table","NW_015090842.1:10098595",213,240,27
"DPEP1","s1639_F_LIV_01_ASEReadCounter.table","NW_015090842.1:10098597",213,239,26
"DPEP1","s1639_F_LIV_01_ASEReadCounter.table","NW_015090842.1:10098601",213,240,27
"DPEP1","s1639_F_LIV_01_ASEReadCounter.table","NW_015090842.1:10098608",214,238,24
"DPEP1","s1639_F_LIV_01_ASEReadCounter.table","NW_015090842.1:10098630",204,229,25
"DPEP1","s1639_F_LIV_01_ASEReadCounter.table","NW_015090842.1:10098659",217,238,21
"DPEP1","s1639_F_LIV_01_ASEReadCounter.table","NW_015090842.1:10099765",250,274,24
"DPEP1","s1639_F_LIV_01_ASEReadCounter.table","NW_015090842.1:10099985",207,227,20
"DPEP1","s1639_F_LIV_01_ASEReadCounter.table","NW_015090842.1:10099986",209,229,20
"DPEP1","s1639_F_LIV_01_ASEReadCounter.table","NW_015090842.1:10099991",198,218,20
"DPEP1","s1639_F_LIV_01_ASEReadCounter.table","NW_015090842.1:10100044",316,349,33
"DPEP1","s1639_F_LIV_01_ASEReadCounter.table","NW_015090842.1:10100045",317,349,32
"DPEP1","s1639_F_LIV_01_ASEReadCounter.table","NW_015090842.1:10100084",315,344,29
"DPEP1","s1639_F_LIV_01_ASEReadCounter.table","NW_015090842.1:10100295",314,340,26
"DPEP1","s1639_F_LIV_01_ASEReadCounter.table","NW_015090842.1:10100529",265,293,28
"DPEP1","s1639_F_LIV_01_ASEReadCounter.table","NW_015090842.1:10100893",372,415,43
"DPEP1","s1639_F_LIV_01_ASEReadCounter.table","NW_015090842.1:10100902",356,399,43
"DPEP1","s1639_F_LIV_01_ASEReadCounter.table","NW_015090842.1:10101072",312,357,45
"DPEP1","s1639_F_LIV_01_ASEReadCounter.table","NW_015090842.1:10101199",333,368,35
"DPEP1","s1639_F_LIV_01_ASEReadCounter.table","NW_015090842.1:10101483",304,348,44
"DPEP1","s1639_F_LIV_01_ASEReadCounter.table","NW_015090842.1:10101497",322,361,39
"DPEP1","s1639_F_LIV_01_ASEReadCounter.table","NW_015090842.1:10101525",297,339,42
"DPEP1","s1639_F_LIV_01_ASEReadCounter.table","NW_015090842.1:10101875",329,366,37
"DPEP1","s1639_F_LIV_01_ASEReadCounter.table","NW_015090842.1:10101913",267,298,31
"DPEP1","s1639_F_LIV_01_ASEReadCounter.table","NW_015090842.1:10101996",182,202,20
"DPEP1","s1639_F_LIV_01_ASEReadCounter.table","NW_015090842.1:10102014",161,177,16
"DPEP1","s1639_F_LIV_01_ASEReadCounter.table","NW_015090842.1:10102035",128,141,13
"CHMP1A","s1639_F_LIV_01_ASEReadCounter.table","NW_015090842.1:10102901",33,82,49
"CHMP1A","s1639_F_LIV_01_ASEReadCounter.table","NW_015090842.1:10102961",23,76,53
"CHMP1A","s1639_F_LIV_01_ASEReadCounter.table","NW_015090842.1:10102996",18,68,50
"CHMP1A","s1639_F_LIV_01_ASEReadCounter.table","NW_015090842.1:10103004",21,75,54
"CHMP1A","s1639_F_LIV_01_ASEReadCounter.table","NW_015090842.1:10103006",21,76,55
"CHMP1A","s1639_F_LIV_01_ASEReadCounter.table","NW_015090842.1:10103052",40,109,69
"CHMP1A","s1639_F_LIV_01_ASEReadCounter.table","NW_015090842.1:10103095",50,123,73
"CHMP1A","s1639_F_LIV_01_ASEReadCounter.table","NW_015090842.1:10103096",50,122,72
"CHMP1A","s1639_F_LIV_01_ASEReadCounter.table","NW_015090842.1:10103152",36,79,43
"CHMP1A","s1639_F_LIV_01_ASEReadCounter.table","NW_015090842.1:10103173",34,77,43
"CHMP1A","s1639_F_LIV_01_ASEReadCounter.table","NW_015090842.1:10103334",19,53,34
"CHMP1A","s1639_F_LIV_01_ASEReadCounter.table","NW_015090842.1:10103373",12,48,36
"CHMP1A","s1639_F_LIV_01_ASEReadCounter.table","NW_015090842.1:10103408",19,68,49
"CHMP1A","s1639_F_LIV_01_ASEReadCounter.table","NW_015090842.1:10103412",21,66,45
"CHMP1A","s1639_F_LIV_01_ASEReadCounter.table","NW_015090842.1:10103512",27,74,47
"CHMP1A","s1639_F_LIV_01_ASEReadCounter.table","NW_015090842.1:10103513",26,73,47
"CHMP1A","s1639_F_LIV_01_ASEReadCounter.table","NW_015090842.1:10103583",25,64,39
"CHMP1A","s1639_F_LIV_01_ASEReadCounter.table","NW_015090842.1:10103614",23,54,31
"CHMP1A","s1639_F_LIV_01_ASEReadCounter.table","NW_015090842.1:10103657",23,62,39
"CHMP1A","s1639_F_LIV_01_ASEReadCounter.table","NW_015090842.1:10103669",19,59,40
"CHMP1A","s1639_F_LIV_01_ASEReadCounter.table","NW_015090842.1:10103674",21,59,38
"CHMP1A","s1639_F_LIV_01_ASEReadCounter.table","NW_015090842.1:10103677",20,57,37
"CHMP1A","s1639_F_LIV_01_ASEReadCounter.table","NW_015090842.1:10103729",35,79,44
"CHMP1A","s1639_F_LIV_01_ASEReadCounter.table","NW_015090842.1:10103758",38,80,42
"CHMP1A","s1639_F_LIV_01_ASEReadCounter.table","NW_015090842.1:10103761",40,80,40
"CHMP1A","s1639_F_LIV_01_ASEReadCounter.table","NW_015090842.1:10103788",47,100,53
"CHMP1A","s1639_F_LIV_01_ASEReadCounter.table","NW_015090842.1:10103789",46,97,51
"CHMP1A","s1639_F_LIV_01_ASEReadCounter.table","NW_015090842.1:10103790",47,100,53
"CHMP1A","s1639_F_LIV_01_ASEReadCounter.table","NW_015090842.1:10103950",47,93,46
"CHMP1A","s1639_F_LIV_01_ASEReadCounter.table","NW_015090842.1:10104335",25,54,29
"CHMP1A","s1639_F_LIV_01_ASEReadCounter.table","NW_015090842.1:10104429",35,85,50
"CHMP1A","s1639_F_LIV_01_ASEReadCounter.table","NW_015090842.1:10104532",41,91,50
"CHMP1A","s1639_F_LIV_01_ASEReadCounter.table","NW_015090842.1:10104633",31,73,42
"CHMP1A","s1639_F_LIV_01_ASEReadCounter.table","NW_015090842.1:10104759",30,71,41
"CHMP1A","s1639_F_LIV_01_ASEReadCounter.table","NW_015090842.1:10104794",35,85,50
"CHMP1A","s1639_F_LIV_01_ASEReadCounter.table","NW_015090842.1:10104841",57,57,0
"CHMP1A","s1639_F_LIV_01_ASEReadCounter.table","NW_015090842.1:10104844",19,57,38
"CHMP1A","s1639_F_LIV_01_ASEReadCounter.table","NW_015090842.1:10106242",28,68,40
"CHMP1A","s1639_F_LIV_01_ASEReadCounter.table","NW_015090842.1:10106290",26,60,34
"CHMP1A","s1639_F_LIV_01_ASEReadCounter.table","NW_015090842.1:10106335",32,59,27
"CHMP1A","s1639_F_LIV_01_ASEReadCounter.table","NW_015090842.1:10106383",42,92,50
"CHMP1A","s1639_F_LIV_01_ASEReadCounter.table","NW_015090842.1:10106747",37,93,56
"CHMP1A","s1639_F_LIV_01_ASEReadCounter.table","NW_015090842.1:10107404",44,105,61
"CHMP1A","s1639_F_LIV_01_ASEReadCounter.table","NW_015090842.1:10107876",35,92,57
"CDK10","s1639_F_LIV_01_ASEReadCounter.table","NW_015090842.1:10109030",6,8,2
"CDK10","s1639_F_LIV_01_ASEReadCounter.table","NW_015090842.1:10109963",16,44,28
"CDK10","s1639_F_LIV_01_ASEReadCounter.table","NW_015090842.1:10110887",11,38,27
"CDK10","s1639_F_LIV_01_ASEReadCounter.table","NW_015090842.1:10111254",7,24,17
"CDK10","s1639_F_LIV_01_ASEReadCounter.table","NW_015090842.1:10111380",14,37,23
"CDK10","s1639_F_LIV_01_ASEReadCounter.table","NW_015090842.1:10111395",15,38,23
"CDK10","s1639_F_LIV_01_ASEReadCounter.table","NW_015090842.1:10111437",13,44,31
"CDK10","s1639_F_LIV_01_ASEReadCounter.table","NW_015090842.1:10111798",13,38,25
"CDK10","s1639_F_LIV_01_ASEReadCounter.table","NW_015090842.1:10111840",9,29,20
"CDK10","s1639_F_LIV_01_ASEReadCounter.table","NW_015090842.1:10112031",15,43,28
"CDK10","s1639_F_LIV_01_ASEReadCounter.table","NW_015090842.1:10112285",17,48,31
"CDK10","s1639_F_LIV_01_ASEReadCounter.table","NW_015090842.1:10112398",19,59,40
"CDK10","s1639_F_LIV_01_ASEReadCounter.table","NW_015090842.1:10112455",19,58,39
"CDK10","s1639_F_LIV_01_ASEReadCounter.table","NW_015090842.1:10112461",17,55,38
"CDK10","s1639_F_LIV_01_ASEReadCounter.table","NW_015090842.1:10112497",14,38,24
"CDK10","s1639_F_LIV_01_ASEReadCounter.table","NW_015090842.1:10112508",13,38,25
"CDK10","s1639_F_LIV_01_ASEReadCounter.table","NW_015090842.1:10112518",12,38,26
"CDK10","s1639_F_LIV_01_ASEReadCounter.table","NW_015090842.1:10112540",3,31,28
"CDK10","s1639_F_LIV_01_ASEReadCounter.table","NW_015090842.1:10112556",7,33,26
"CDK10","s1639_F_LIV_01_ASEReadCounter.table","NW_015090842.1:10112561",9,44,35
"CDK10","s1639_F_LIV_01_ASEReadCounter.table","NW_015090842.1:10112596",9,40,31
"CDK10","s1639_F_LIV_01_ASEReadCounter.table","NW_015090842.1:10112630",8,30,22
"CDK10","s1639_F_LIV_01_ASEReadCounter.table","NW_015090842.1:10112656",5,29,24
"CDK10","s1639_F_LIV_01_ASEReadCounter.table","NW_015090842.1:10112665",2,13,11
"CDK10","s1639_F_LIV_01_ASEReadCounter.table","NW_015090842.1:10112668",2,14,12
"CDK10","s1639_F_LIV_01_ASEReadCounter.table","NW_015090842.1:10112781",7,14,7
"CDK10","s1639_F_LIV_01_ASEReadCounter.table","NW_015090842.1:10112782",7,14,7
"CDK10","s1639_F_LIV_01_ASEReadCounter.table","NW_015090842.1:10112795",6,12,6
"CDK10","s1639_F_LIV_01_ASEReadCounter.table","NW_015090842.1:10112841",3,6,3
"CDK10","s1639_F_LIV_01_ASEReadCounter.table","NW_015090842.1:10112861",1,4,3
"SPATA2L","s1639_F_LIV_01_ASEReadCounter.table","NW_015090842.1:10113212",9,14,5
"SPATA2L","s1639_F_LIV_01_ASEReadCounter.table","NW_015090842.1:10113280",14,29,15
"SPATA2L","s1639_F_LIV_01_ASEReadCounter.table","NW_015090842.1:10113296",14,30,16
"SPATA2L","s1639_F_LIV_01_ASEReadCounter.table","NW_015090842.1:10113321",15,29,14
"SPATA2L","s1639_F_LIV_01_ASEReadCounter.table","NW_015090842.1:10113332",18,35,17
"SPATA2L","s1639_F_LIV_01_ASEReadCounter.table","NW_015090842.1:10113380",13,31,18
"SPATA2L","s1639_F_LIV_01_ASEReadCounter.table","NW_015090842.1:10113381",13,32,19
"SPATA2L","s1639_F_LIV_01_ASEReadCounter.table","NW_015090842.1:10113412",9,34,25
"SPATA2L","s1639_F_LIV_01_ASEReadCounter.table","NW_015090842.1:10113421",9,31,22
"SPATA2L","s1639_F_LIV_01_ASEReadCounter.table","NW_015090842.1:10113465",7,30,23
"SPATA2L","s1639_F_LIV_01_ASEReadCounter.table","NW_015090842.1:10113535",9,30,21
"SPATA2L","s1639_F_LIV_01_ASEReadCounter.table","NW_015090842.1:10113645",12,33,21
"SPATA2L","s1639_F_LIV_01_ASEReadCounter.table","NW_015090842.1:10113682",15,42,27
"SPATA2L","s1639_F_LIV_01_ASEReadCounter.table","NW_015090842.1:10113696",11,32,21
"SPATA2L","s1639_F_LIV_01_ASEReadCounter.table","NW_015090842.1:10113727",18,36,18
"SPATA2L","s1639_F_LIV_01_ASEReadCounter.table","NW_015090842.1:10113799",16,42,26
"SPATA2L","s1639_F_LIV_01_ASEReadCounter.table","NW_015090842.1:10113809",22,51,29
"SPATA2L","s1639_F_LIV_01_ASEReadCounter.table","NW_015090842.1:10113827",22,51,29
"SPATA2L","s1639_F_LIV_01_ASEReadCounter.table","NW_015090842.1:10113831",21,48,27
"SPATA2L","s1639_F_LIV_01_ASEReadCounter.table","NW_015090842.1:10113894",20,34,14
"SPATA2L","s1639_F_LIV_01_ASEReadCounter.table","NW_015090842.1:10113905",12,30,18
"SPATA2L","s1639_F_LIV_01_ASEReadCounter.table","NW_015090842.1:10113914",10,29,19
"SPATA2L","s1639_F_LIV_01_ASEReadCounter.table","NW_015090842.1:10113920",12,31,19
"SPATA2L","s1639_F_LIV_01_ASEReadCounter.table","NW_015090842.1:10113937",14,33,19
"SPATA2L","s1639_F_LIV_01_ASEReadCounter.table","NW_015090842.1:10113971",10,33,23
"SPATA2L","s1639_F_LIV_01_ASEReadCounter.table","NW_015090842.1:10113976",13,36,23
"SPATA2L","s1639_F_LIV_01_ASEReadCounter.table","NW_015090842.1:10113985",14,35,21
"SPATA2L","s1639_F_LIV_01_ASEReadCounter.table","NW_015090842.1:10113994",18,42,24
"SPATA2L","s1639_F_LIV_01_ASEReadCounter.table","NW_015090842.1:10114063",18,37,19
"SPATA2L","s1639_F_LIV_01_ASEReadCounter.table","NW_015090842.1:10114066",15,35,20
"SPATA2L","s1639_F_LIV_01_ASEReadCounter.table","NW_015090842.1:10114069",14,34,20
"SPATA2L","s1639_F_LIV_01_ASEReadCounter.table","NW_015090842.1:10114121",4,17,13
"SPATA2L","s1639_F_LIV_01_ASEReadCounter.table","NW_015090842.1:10114159",14,33,19
"SPATA2L","s1639_F_LIV_01_ASEReadCounter.table","NW_015090842.1:10114282",28,28,0
"SPATA2L","s1639_F_LIV_01_ASEReadCounter.table","NW_015090842.1:10114470",6,26,20
"SPATA2L","s1639_F_LIV_01_ASEReadCounter.table","NW_015090842.1:10114524",3,16,13
"VPS9D1","s1639_F_LIV_01_ASEReadCounter.table","NW_015090842.1:10116377",5,7,2
"VPS9D1","s1639_F_LIV_01_ASEReadCounter.table","NW_015090842.1:10116415",5,8,3
"VPS9D1","s1639_F_LIV_01_ASEReadCounter.table","NW_015090842.1:10116607",6,11,5
"VPS9D1","s1639_F_LIV_01_ASEReadCounter.table","NW_015090842.1:10116816",8,8,0
"VPS9D1","s1639_F_LIV_01_ASEReadCounter.table","NW_015090842.1:10116821",5,10,5
"VPS9D1","s1639_F_LIV_01_ASEReadCounter.table","NW_015090842.1:10116825",5,10,5
"VPS9D1","s1639_F_LIV_01_ASEReadCounter.table","NW_015090842.1:10116882",7,12,5
"VPS9D1","s1639_F_LIV_01_ASEReadCounter.table","NW_015090842.1:10116885",6,10,4
"VPS9D1","s1639_F_LIV_01_ASEReadCounter.table","NW_015090842.1:10116933",6,13,7
"VPS9D1","s1639_F_LIV_01_ASEReadCounter.table","NW_015090842.1:10116942",7,14,7
"VPS9D1","s1639_F_LIV_01_ASEReadCounter.table","NW_015090842.1:10117152",3,12,9
"VPS9D1","s1639_F_LIV_01_ASEReadCounter.table","NW_015090842.1:10117396",7,7,0
"VPS9D1","s1639_F_LIV_01_ASEReadCounter.table","NW_015090842.1:10117405",6,6,0
"VPS9D1","s1639_F_LIV_01_ASEReadCounter.table","NW_015090842.1:10117480",3,3,0
"VPS9D1","s1639_F_LIV_01_ASEReadCounter.table","NW_015090842.1:10117497",3,3,0
"VPS9D1","s1639_F_LIV_01_ASEReadCounter.table","NW_015090842.1:10117499",3,3,0
"VPS9D1","s1639_F_LIV_01_ASEReadCounter.table","NW_015090842.1:10117516",1,2,1
"VPS9D1","s1639_F_LIV_01_ASEReadCounter.table","NW_015090842.1:10117525",1,2,1
"VPS9D1","s1639_F_LIV_01_ASEReadCounter.table","NW_015090842.1:10117579",0,1,1
"VPS9D1","s1639_F_LIV_01_ASEReadCounter.table","NW_015090842.1:10117627",1,3,2
"VPS9D1","s1639_F_LIV_01_ASEReadCounter.table","NW_015090842.1:10117678",1,6,5
"VPS9D1","s1639_F_LIV_01_ASEReadCounter.table","NW_015090842.1:10117773",3,8,5
"VPS9D1","s1639_F_LIV_01_ASEReadCounter.table","NW_015090842.1:10117937",2,5,3
"VPS9D1","s1639_F_LIV_01_ASEReadCounter.table","NW_015090842.1:10117961",2,5,3
"VPS9D1","s1639_F_LIV_01_ASEReadCounter.table","NW_015090842.1:10118236",2,6,4
"VPS9D1","s1639_F_LIV_01_ASEReadCounter.table","NW_015090842.1:10118414",5,10,5
"VPS9D1","s1639_F_LIV_01_ASEReadCounter.table","NW_015090842.1:10118973",4,14,10
"VPS9D1","s1639_F_LIV_01_ASEReadCounter.table","NW_015090842.1:10119500",3,4,1
"ZNF276","s1639_F_LIV_01_ASEReadCounter.table","NW_015090842.1:10121760",2,2,0
"ZNF276","s1639_F_LIV_01_ASEReadCounter.table","NW_015090842.1:10121769",2,2,0
"ZNF276","s1639_F_LIV_01_ASEReadCounter.table","NW_015090842.1:10121802",2,2,0
"ZNF276","s1639_F_LIV_01_ASEReadCounter.table","NW_015090842.1:10121971",3,7,4
"ZNF276","s1639_F_LIV_01_ASEReadCounter.table","NW_015090842.1:10122883",8,13,5
"ZNF276","s1639_F_LIV_01_ASEReadCounter.table","NW_015090842.1:10123069",4,9,5
"ZNF276","s1639_F_LIV_01_ASEReadCounter.table","NW_015090842.1:10123207",15,20,5
"ZNF276","s1639_F_LIV_01_ASEReadCounter.table","NW_015090842.1:10125787",8,16,8
"ZNF276","s1639_F_LIV_01_ASEReadCounter.table","NW_015090842.1:10126309",8,17,9
"ZNF276","s1639_F_LIV_01_ASEReadCounter.table","NW_015090842.1:10126348",12,24,12
"ZNF276","s1639_F_LIV_01_ASEReadCounter.table","NW_015090842.1:10126978",10,21,11
"ZNF276","s1639_F_LIV_01_ASEReadCounter.table","NW_015090842.1:10126991",11,23,12
"ZNF276","s1639_F_LIV_01_ASEReadCounter.table","NW_015090842.1:10127023",12,23,11
"ZNF276","s1639_F_LIV_01_ASEReadCounter.table","NW_015090842.1:10127063",8,18,10
"ZNF276","s1639_F_LIV_01_ASEReadCounter.table","NW_015090842.1:10127373",8,13,5
"ZNF276","s1639_F_LIV_01_ASEReadCounter.table","NW_015090842.1:10127931",11,21,10
"ZNF276","s1639_F_LIV_01_ASEReadCounter.table","NW_015090842.1:10128070",16,21,5
"ZNF276","s1639_F_LIV_01_ASEReadCounter.table","NW_015090842.1:10128102",17,22,5
"ZNF276","s1639_F_LIV_01_ASEReadCounter.table","NW_015090842.1:10128356",6,11,5
"ZNF276","s1639_F_LIV_01_ASEReadCounter.table","NW_015090842.1:10128497",9,13,4
"FANCA","s1639_F_LIV_01_ASEReadCounter.table","NW_015090842.1:10128743",5,5,0
"FANCA","s1639_F_LIV_01_ASEReadCounter.table","NW_015090842.1:10128822",6,6,0
"FANCA","s1639_F_LIV_01_ASEReadCounter.table","NW_015090842.1:10129383",7,7,0
"FANCA","s1639_F_LIV_01_ASEReadCounter.table","NW_015090842.1:10129390",7,7,0
"FANCA","s1639_F_LIV_01_ASEReadCounter.table","NW_015090842.1:10129422",11,11,0
"FANCA","s1639_F_LIV_01_ASEReadCounter.table","NW_015090842.1:10130857",0,1,1
"FANCA","s1639_F_LIV_01_ASEReadCounter.table","NW_015090842.1:10130878",0,1,1
"FANCA","s1639_F_LIV_01_ASEReadCounter.table","NW_015090842.1:10133530",0,1,1
"FANCA","s1639_F_LIV_01_ASEReadCounter.table","NW_015090842.1:10133533",0,1,1
"FANCA","s1639_F_LIV_01_ASEReadCounter.table","NW_015090842.1:10133536",0,1,1
"FANCA","s1639_F_LIV_01_ASEReadCounter.table","NW_015090842.1:10134492",1,1,0
"FANCA","s1639_F_LIV_01_ASEReadCounter.table","NW_015090842.1:10134531",1,1,0
"FANCA","s1639_F_LIV_01_ASEReadCounter.table","NW_015090842.1:10138618",0,1,1
"FANCA","s1639_F_LIV_01_ASEReadCounter.table","NW_015090842.1:10139140",0,1,1
"FANCA","s1639_F_LIV_01_ASEReadCounter.table","NW_015090842.1:10160177",1,1,0
"FANCA","s1639_F_LIV_01_ASEReadCounter.table","NW_015090842.1:10163667",1,1,0
"FANCA","s1639_F_LIV_01_ASEReadCounter.table","NW_015090842.1:10164257",1,1,0
"FANCA","s1639_F_LIV_01_ASEReadCounter.table","NW_015090842.1:10165331",1,1,0
"SPIRE2","s1639_F_LIV_01_ASEReadCounter.table","NW_015090842.1:10175262",0,1,1
"SPIRE2","s1639_F_LIV_01_ASEReadCounter.table","NW_015090842.1:10176561",1,1,0
"SPIRE2","s1639_F_LIV_01_ASEReadCounter.table","NW_015090842.1:10178000",0,1,1
"SPIRE2","s1639_F_LIV_01_ASEReadCounter.table","NW_015090842.1:10178524",0,1,1
"SPIRE2","s1639_F_LIV_01_ASEReadCounter.table","NW_015090842.1:10178526",0,1,1
"SPIRE2","s1639_F_LIV_01_ASEReadCounter.table","NW_015090842.1:10178531",0,1,1
"SPIRE2","s1639_F_LIV_01_ASEReadCounter.table","NW_015090842.1:10178565",0,1,1
"SPIRE2","s1639_F_LIV_01_ASEReadCounter.table","NW_015090842.1:10178587",0,1,1
"TCF25","s1639_F_LIV_01_ASEReadCounter.table","NW_015090842.1:10180912",27,49,22
"TCF25","s1639_F_LIV_01_ASEReadCounter.table","NW_015090842.1:10180924",27,48,21
"TCF25","s1639_F_LIV_01_ASEReadCounter.table","NW_015090842.1:10180931",29,50,21
"TCF25","s1639_F_LIV_01_ASEReadCounter.table","NW_015090842.1:10185332",84,142,58
"TCF25","s1639_F_LIV_01_ASEReadCounter.table","NW_015090842.1:10188816",66,114,48
"DBNDD1","s1639_F_LIV_01_ASEReadCounter.table","NW_015090842.1:10223105",3,10,7
"GAS8","s1639_F_LIV_01_ASEReadCounter.table","NW_015090842.1:10228982",4,10,6
"GAS8","s1639_F_LIV_01_ASEReadCounter.table","NW_015090842.1:10229832",2,5,3
"GAS8","s1639_F_LIV_01_ASEReadCounter.table","NW_015090842.1:10232375",1,11,10
"GAS8","s1639_F_LIV_01_ASEReadCounter.table","NW_015090842.1:10232901",2,4,2
"GAS8","s1639_F_LIV_01_ASEReadCounter.table","NW_015090842.1:10232928",3,5,2
"GAS8","s1639_F_LIV_01_ASEReadCounter.table","NW_015090842.1:10232967",3,5,2
"GAS8","s1639_F_LIV_01_ASEReadCounter.table","NW_015090842.1:10233032",1,3,2
"GAS8","s1639_F_LIV_01_ASEReadCounter.table","NW_015090842.1:10233057",2,3,1
"GAS8","s1639_F_LIV_01_ASEReadCounter.table","NW_015090842.1:10233058",2,4,2
"GAS8","s1639_F_LIV_01_ASEReadCounter.table","NW_015090842.1:10233176",2,8,6
"GAS8","s1639_F_LIV_01_ASEReadCounter.table","NW_015090842.1:10233196",2,7,5
"GAS8","s1639_F_LIV_01_ASEReadCounter.table","NW_015090842.1:10233252",3,7,4
"GAS8","s1639_F_LIV_01_ASEReadCounter.table","NW_015090842.1:10233303",1,3,2
"LOC106888094","s1639_F_LIV_01_ASEReadCounter.table","NW_015090842.1:10233334",19,73,54
"LOC106888094","s1639_F_LIV_01_ASEReadCounter.table","NW_015090842.1:10233362",58,185,127
"LOC106888094","s1639_F_LIV_01_ASEReadCounter.table","NW_015090842.1:10233373",59,199,140
"LOC106888094","s1639_F_LIV_01_ASEReadCounter.table","NW_015090842.1:10233388",72,233,161
"LOC106888094","s1639_F_LIV_01_ASEReadCounter.table","NW_015090842.1:10233402",80,242,162
"LOC106888094","s1639_F_LIV_01_ASEReadCounter.table","NW_015090842.1:10233465",90,293,203
"LOC106888094","s1639_F_LIV_01_ASEReadCounter.table","NW_015090842.1:10233803",93,385,292
"LOC106888094","s1639_F_LIV_01_ASEReadCounter.table","NW_015090842.1:10233815",83,358,275
"LOC106888094","s1639_F_LIV_01_ASEReadCounter.table","NW_015090842.1:10235484",0,1,1
"LOC106888094","s1639_F_LIV_01_ASEReadCounter.table","NW_015090842.1:10236098",8,25,17
"LOC106888094","s1639_F_LIV_01_ASEReadCounter.table","NW_015090842.1:10236161",0,20,20
"LOC106888094","s1639_F_LIV_01_ASEReadCounter.table","NW_015090842.1:10236380",0,3,3
"LOC106888094","s1639_F_LIV_01_ASEReadCounter.table","NW_015090842.1:10236388",4,4,0
"LOC106888094","s1639_F_LIV_01_ASEReadCounter.table","NW_015090842.1:10236425",0,4,4
"LOC106888094","s1639_F_LIV_01_ASEReadCounter.table","NW_015090842.1:10236426",0,4,4
"LOC106888173","s1639_F_LIV_01_ASEReadCounter.table","NW_015090842.1:10240095",0,1,1
"LOC106888173","s1639_F_LIV_01_ASEReadCounter.table","NW_015090842.1:10240924",0,1,1
"LOC106888173","s1639_F_LIV_01_ASEReadCounter.table","NW_015090842.1:10241037",0,1,1
"LOC106888173","s1639_F_LIV_01_ASEReadCounter.table","NW_015090842.1:10241064",0,1,1
"LOC106888173","s1639_F_LIV_01_ASEReadCounter.table","NW_015090842.1:10241103",1,1,0
"LOC106888173","s1639_F_LIV_01_ASEReadCounter.table","NW_015090842.1:10242079",1,2,1
"LOC106888173","s1639_F_LIV_01_ASEReadCounter.table","NW_015090842.1:10242103",1,3,2
"LOC106888173","s1639_F_LIV_01_ASEReadCounter.table","NW_015090842.1:10242157",2,3,1
"LOC106888173","s1639_F_LIV_01_ASEReadCounter.table","NW_015090842.1:10242455",2,4,2
"LOC106888173","s1639_F_LIV_01_ASEReadCounter.table","NW_015090842.1:10242481",2,4,2
"LOC106888173","s1639_F_LIV_01_ASEReadCounter.table","NW_015090842.1:10242590",0,3,3
"LOC106888173","s1639_F_LIV_01_ASEReadCounter.table","NW_015090842.1:10242909",0,3,3
"LOC106888173","s1639_F_LIV_01_ASEReadCounter.table","NW_015090842.1:10243094",0,1,1
"LOC106888173","s1639_F_LIV_01_ASEReadCounter.table","NW_015090842.1:10243133",0,2,2
"LOC106888173","s1639_F_LIV_01_ASEReadCounter.table","NW_015090842.1:10243273",0,1,1
"LOC106888173","s1639_F_LIV_01_ASEReadCounter.table","NW_015090842.1:10243278",0,2,2
"LOC106888173","s1639_F_LIV_01_ASEReadCounter.table","NW_015090842.1:10243281",0,2,2
"LOC106888173","s1639_F_LIV_01_ASEReadCounter.table","NW_015090842.1:10243347",1,8,7
"LOC106888173","s1639_F_LIV_01_ASEReadCounter.table","NW_015090842.1:10243353",0,10,10
"LOC106888173","s1639_F_LIV_01_ASEReadCounter.table","NW_015090842.1:10243363",0,9,9
"LOC106888173","s1639_F_LIV_01_ASEReadCounter.table","NW_015090842.1:10243365",0,9,9
"LOC106888173","s1639_F_LIV_01_ASEReadCounter.table","NW_015090842.1:10243566",15,16,1
"LOC106888173","s1639_F_LIV_01_ASEReadCounter.table","NW_015090842.1:10243605",1,16,15
"LOC106888173","s1639_F_LIV_01_ASEReadCounter.table","NW_015090842.1:10243614",1,14,13
"LOC106888173","s1639_F_LIV_01_ASEReadCounter.table","NW_015090842.1:10243615",1,15,14
"LOC106888173","s1639_F_LIV_01_ASEReadCounter.table","NW_015090842.1:10243640",9,10,1
"LOC106888173","s1639_F_LIV_01_ASEReadCounter.table","NW_015090842.1:10243680",1,5,4
"LOC106888173","s1639_F_LIV_01_ASEReadCounter.table","NW_015090842.1:10243742",0,2,2
"LOC106888173","s1639_F_LIV_01_ASEReadCounter.table","NW_015090842.1:10243804",0,1,1
"LOC106888384","s1639_F_LIV_01_ASEReadCounter.table","NW_015090842.1:10244714",20,31,11
"LOC106888384","s1639_F_LIV_01_ASEReadCounter.table","NW_015090842.1:10244942",24,50,26
"LOC106888384","s1639_F_LIV_01_ASEReadCounter.table","NW_015090842.1:10244998",35,70,35
"LOC106888384","s1639_F_LIV_01_ASEReadCounter.table","NW_015090842.1:10250743",46,98,52
"LOC106888384","s1639_F_LIV_01_ASEReadCounter.table","NW_015090842.1:10250771",44,100,56
"LOC106888384","s1639_F_LIV_01_ASEReadCounter.table","NW_015090842.1:10251339",39,39,0
"LOC106888384","s1639_F_LIV_01_ASEReadCounter.table","NW_015090842.1:10251343",35,35,0
"LOC106888384","s1639_F_LIV_01_ASEReadCounter.table","NW_015090842.1:10251344",37,37,0
"LOC106888384","s1639_F_LIV_01_ASEReadCounter.table","NW_015090842.1:10251349",35,35,0
"LOC106888384","s1639_F_LIV_01_ASEReadCounter.table","NW_015090842.1:10251354",30,31,1
"LOC106888384","s1639_F_LIV_01_ASEReadCounter.table","NW_015090842.1:10251358",25,26,1
"LOC106888384","s1639_F_LIV_01_ASEReadCounter.table","NW_015090842.1:10251369",7,18,11
"LOC106888384","s1639_F_LIV_01_ASEReadCounter.table","NW_015090842.1:10251370",17,17,0
"LOC106888384","s1639_F_LIV_01_ASEReadCounter.table","NW_015090842.1:10251375",12,12,0
"LOC106888384","s1639_F_LIV_01_ASEReadCounter.table","NW_015090842.1:10251388",2,2,0
"LOC106888384","s1639_F_LIV_01_ASEReadCounter.table","NW_015090842.1:10251390",2,2,0
"LOC106888384","s1639_F_LIV_01_ASEReadCounter.table","NW_015090842.1:10251492",2,2,0
"LOC106888384","s1639_F_LIV_01_ASEReadCounter.table","NW_015090842.1:10253165",68,139,71
"LOC106888384","s1639_F_LIV_01_ASEReadCounter.table","NW_015090842.1:10253284",68,145,77
"LOC106888384","s1639_F_LIV_01_ASEReadCounter.table","NW_015090842.1:10254028",87,210,123
"LOC106888384","s1639_F_LIV_01_ASEReadCounter.table","NW_015090842.1:10254227",72,161,89
"LOC106888384","s1639_F_LIV_01_ASEReadCounter.table","NW_015090842.1:10254233",71,172,101
"LOC106888384","s1639_F_LIV_01_ASEReadCounter.table","NW_015090842.1:10254263",80,180,100
"LOC106888384","s1639_F_LIV_01_ASEReadCounter.table","NW_015090842.1:10254293",85,170,85
"LOC106888384","s1639_F_LIV_01_ASEReadCounter.table","NW_015090842.1:10254570",83,174,91
"LOC106888384","s1639_F_LIV_01_ASEReadCounter.table","NW_015090842.1:10254605",152,152,0
"LOC106888384","s1639_F_LIV_01_ASEReadCounter.table","NW_015090842.1:10254608",155,155,0
"LOC106888384","s1639_F_LIV_01_ASEReadCounter.table","NW_015090842.1:10254618",109,110,1
"LOC106888384","s1639_F_LIV_01_ASEReadCounter.table","NW_015090842.1:10254620",91,92,1
"LOC106888384","s1639_F_LIV_01_ASEReadCounter.table","NW_015090842.1:10254623",86,86,0
"LOC106888384","s1639_F_LIV_01_ASEReadCounter.table","NW_015090842.1:10254624",73,73,0
"LOC106888384","s1639_F_LIV_01_ASEReadCounter.table","NW_015090842.1:10254627",90,90,0
"LOC106888384","s1639_F_LIV_01_ASEReadCounter.table","NW_015090842.1:10254629",82,82,0
"LOC106888384","s1639_F_LIV_01_ASEReadCounter.table","NW_015090842.1:10254647",19,60,41
"LOC106888384","s1639_F_LIV_01_ASEReadCounter.table","NW_015090842.1:10254663",8,41,33
"LOC106888384","s1639_F_LIV_01_ASEReadCounter.table","NW_015090842.1:10254840",33,74,41
"LOC106888384","s1639_F_LIV_01_ASEReadCounter.table","NW_015090842.1:10254891",116,117,1
"LOC106888384","s1639_F_LIV_01_ASEReadCounter.table","NW_015090842.1:10254900",40,122,82
"LOC106888384","s1639_F_LIV_01_ASEReadCounter.table","NW_015090842.1:10254915",39,126,87
"LOC106888384","s1639_F_LIV_01_ASEReadCounter.table","NW_015090842.1:10254965",84,84,0
"LOC106888384","s1639_F_LIV_01_ASEReadCounter.table","NW_015090842.1:10254975",20,73,53
"LOC106888384","s1639_F_LIV_01_ASEReadCounter.table","NW_015090842.1:10255077",50,126,76
"LOC106888384","s1639_F_LIV_01_ASEReadCounter.table","NW_015090842.1:10255117",59,128,69
"LOC106888384","s1639_F_LIV_01_ASEReadCounter.table","NW_015090842.1:10255138",43,101,58
"LOC106888384","s1639_F_LIV_01_ASEReadCounter.table","NW_015090842.1:10255139",43,101,58
"LOC106888384","s1639_F_LIV_01_ASEReadCounter.table","NW_015090842.1:10255209",68,141,73
"LOC106888384","s1639_F_LIV_01_ASEReadCounter.table","NW_015090842.1:10255211",70,141,71
"LOC106888384","s1639_F_LIV_01_ASEReadCounter.table","NW_015090842.1:10255236",72,146,74
"LOC106888384","s1639_F_LIV_01_ASEReadCounter.table","NW_015090842.1:10255262",60,143,83
"LOC106888384","s1639_F_LIV_01_ASEReadCounter.table","NW_015090842.1:10255264",58,147,89
"LOC106888384","s1639_F_LIV_01_ASEReadCounter.table","NW_015090842.1:10255306",79,176,97
"LOC106888384","s1639_F_LIV_01_ASEReadCounter.table","NW_015090842.1:10255340",96,206,110
"LOC106888384","s1639_F_LIV_01_ASEReadCounter.table","NW_015090842.1:10255410",93,209,116
"LOC106888384","s1639_F_LIV_01_ASEReadCounter.table","NW_015090842.1:10255449",91,210,119
"LOC106888384","s1639_F_LIV_01_ASEReadCounter.table","NW_015090842.1:10255496",85,206,121
"LOC106888384","s1639_F_LIV_01_ASEReadCounter.table","NW_015090842.1:10255505",74,194,120
"LOC106888384","s1639_F_LIV_01_ASEReadCounter.table","NW_015090842.1:10255531",80,214,134
"LOC106888384","s1639_F_LIV_01_ASEReadCounter.table","NW_015090842.1:10255608",111,236,125
"LOC106888384","s1639_F_LIV_01_ASEReadCounter.table","NW_015090842.1:10255704",96,217,121
"LOC106888384","s1639_F_LIV_01_ASEReadCounter.table","NW_015090842.1:10255731",81,178,97
"LOC106888384","s1639_F_LIV_01_ASEReadCounter.table","NW_015090842.1:10255771",38,83,45
"TANGO6","s1639_F_LIV_01_ASEReadCounter.table","NW_015090842.1:10257782",8,15,7
"TANGO6","s1639_F_LIV_01_ASEReadCounter.table","NW_015090842.1:10258162",7,16,9
"TANGO6","s1639_F_LIV_01_ASEReadCounter.table","NW_015090842.1:10258185",7,18,11
"TANGO6","s1639_F_LIV_01_ASEReadCounter.table","NW_015090842.1:10259267",11,19,8
"TANGO6","s1639_F_LIV_01_ASEReadCounter.table","NW_015090842.1:10260250",35,50,15
"TANGO6","s1639_F_LIV_01_ASEReadCounter.table","NW_015090842.1:10260289",32,48,16
"TANGO6","s1639_F_LIV_01_ASEReadCounter.table","NW_015090842.1:10260309",26,41,15
"TANGO6","s1639_F_LIV_01_ASEReadCounter.table","NW_015090842.1:10260979",18,26,8
"TANGO6","s1639_F_LIV_01_ASEReadCounter.table","NW_015090842.1:10261599",22,28,6
"TANGO6","s1639_F_LIV_01_ASEReadCounter.table","NW_015090842.1:10268425",35,52,17
"TANGO6","s1639_F_LIV_01_ASEReadCounter.table","NW_015090842.1:10269831",25,40,15
"TANGO6","s1639_F_LIV_01_ASEReadCounter.table","NW_015090842.1:10270813",20,32,12
"TANGO6","s1639_F_LIV_01_ASEReadCounter.table","NW_015090842.1:10274018",18,37,19
"TANGO6","s1639_F_LIV_01_ASEReadCounter.table","NW_015090842.1:10275974",25,40,15
"TANGO6","s1639_F_LIV_01_ASEReadCounter.table","NW_015090842.1:10275976",25,40,15
"TANGO6","s1639_F_LIV_01_ASEReadCounter.table","NW_015090842.1:10276123",23,31,8
"TANGO6","s1639_F_LIV_01_ASEReadCounter.table","NW_015090842.1:10276271",18,34,16
"TANGO6","s1639_F_LIV_01_ASEReadCounter.table","NW_015090842.1:10276272",17,33,16
"TANGO6","s1639_F_LIV_01_ASEReadCounter.table","NW_015090842.1:10276275",20,37,17
"TANGO6","s1639_F_LIV_01_ASEReadCounter.table","NW_015090842.1:10276278",19,37,18
"TANGO6","s1639_F_LIV_01_ASEReadCounter.table","NW_015090842.1:10276368",17,28,11
"TANGO6","s1639_F_LIV_01_ASEReadCounter.table","NW_015090842.1:10276373",16,30,14
"TANGO6","s1639_F_LIV_01_ASEReadCounter.table","NW_015090842.1:10276630",23,40,17
"TANGO6","s1639_F_LIV_01_ASEReadCounter.table","NW_015090842.1:10281498",22,38,16
"TANGO6","s1639_F_LIV_01_ASEReadCounter.table","NW_015090842.1:10281516",23,42,19
"TANGO6","s1639_F_LIV_01_ASEReadCounter.table","NW_015090842.1:10282842",13,28,15
"TANGO6","s1639_F_LIV_01_ASEReadCounter.table","NW_015090842.1:10282863",11,23,12
"TANGO6","s1639_F_LIV_01_ASEReadCounter.table","NW_015090842.1:10282869",11,23,12
"TANGO6","s1639_F_LIV_01_ASEReadCounter.table","NW_015090842.1:10282903",10,29,19
"TANGO6","s1639_F_LIV_01_ASEReadCounter.table","NW_015090842.1:10283757",18,36,18
"TANGO6","s1639_F_LIV_01_ASEReadCounter.table","NW_015090842.1:10283785",20,34,14
"HAS3","s1639_F_LIV_01_ASEReadCounter.table","NW_015090842.1:10290666",1,1,0
"HAS3","s1639_F_LIV_01_ASEReadCounter.table","NW_015090842.1:10290723",1,1,0
"CHTF8","s1639_F_LIV_01_ASEReadCounter.table","NW_015090842.1:10291491",3,3,0
"CHTF8","s1639_F_LIV_01_ASEReadCounter.table","NW_015090842.1:10291520",3,4,1
"CHTF8","s1639_F_LIV_01_ASEReadCounter.table","NW_015090842.1:10291593",6,10,4
"CHTF8","s1639_F_LIV_01_ASEReadCounter.table","NW_015090842.1:10291600",5,9,4
"CHTF8","s1639_F_LIV_01_ASEReadCounter.table","NW_015090842.1:10291609",5,9,4
"CHTF8","s1639_F_LIV_01_ASEReadCounter.table","NW_015090842.1:10291639",6,10,4
"CHTF8","s1639_F_LIV_01_ASEReadCounter.table","NW_015090842.1:10291641",6,10,4
"CHTF8","s1639_F_LIV_01_ASEReadCounter.table","NW_015090842.1:10291648",8,13,5
"CHTF8","s1639_F_LIV_01_ASEReadCounter.table","NW_015090842.1:10291656",7,11,4
"CHTF8","s1639_F_LIV_01_ASEReadCounter.table","NW_015090842.1:10291675",8,11,3
"CHTF8","s1639_F_LIV_01_ASEReadCounter.table","NW_015090842.1:10291696",8,11,3
"CHTF8","s1639_F_LIV_01_ASEReadCounter.table","NW_015090842.1:10291714",10,13,3
"CHTF8","s1639_F_LIV_01_ASEReadCounter.table","NW_015090842.1:10291732",8,11,3
"CHTF8","s1639_F_LIV_01_ASEReadCounter.table","NW_015090842.1:10291755",8,9,1
"CHTF8","s1639_F_LIV_01_ASEReadCounter.table","NW_015090842.1:10291756",8,9,1
"CHTF8","s1639_F_LIV_01_ASEReadCounter.table","NW_015090842.1:10291758",8,10,2
"CHTF8","s1639_F_LIV_01_ASEReadCounter.table","NW_015090842.1:10291792",8,10,2
"CHTF8","s1639_F_LIV_01_ASEReadCounter.table","NW_015090842.1:10291895",9,17,8
"CHTF8","s1639_F_LIV_01_ASEReadCounter.table","NW_015090842.1:10292132",9,18,9
"CHTF8","s1639_F_LIV_01_ASEReadCounter.table","NW_015090842.1:10292314",10,19,9
"CHTF8","s1639_F_LIV_01_ASEReadCounter.table","NW_015090842.1:10292317",8,17,9
"CHTF8","s1639_F_LIV_01_ASEReadCounter.table","NW_015090842.1:10292928",1,2,1
"UTP4","s1639_F_LIV_01_ASEReadCounter.table","NW_015090842.1:10293146",19,67,48
"UTP4","s1639_F_LIV_01_ASEReadCounter.table","NW_015090842.1:10293151",22,68,46
"UTP4","s1639_F_LIV_01_ASEReadCounter.table","NW_015090842.1:10293191",11,43,32
"UTP4","s1639_F_LIV_01_ASEReadCounter.table","NW_015090842.1:10293362",18,62,44
"UTP4","s1639_F_LIV_01_ASEReadCounter.table","NW_015090842.1:10293430",25,72,47
"UTP4","s1639_F_LIV_01_ASEReadCounter.table","NW_015090842.1:10293625",24,65,41
"UTP4","s1639_F_LIV_01_ASEReadCounter.table","NW_015090842.1:10293684",21,68,47
"UTP4","s1639_F_LIV_01_ASEReadCounter.table","NW_015090842.1:10294093",26,61,35
"UTP4","s1639_F_LIV_01_ASEReadCounter.table","NW_015090842.1:10294622",17,68,51
"UTP4","s1639_F_LIV_01_ASEReadCounter.table","NW_015090842.1:10294632",23,73,50
"UTP4","s1639_F_LIV_01_ASEReadCounter.table","NW_015090842.1:10295238",29,69,40
"UTP4","s1639_F_LIV_01_ASEReadCounter.table","NW_015090842.1:10295880",21,70,49
"UTP4","s1639_F_LIV_01_ASEReadCounter.table","NW_015090842.1:10295884",20,70,50
"UTP4","s1639_F_LIV_01_ASEReadCounter.table","NW_015090842.1:10295903",23,66,43
"UTP4","s1639_F_LIV_01_ASEReadCounter.table","NW_015090842.1:10295906",25,71,46
"UTP4","s1639_F_LIV_01_ASEReadCounter.table","NW_015090842.1:10295915",23,75,52
"UTP4","s1639_F_LIV_01_ASEReadCounter.table","NW_015090842.1:10295938",24,81,57
"UTP4","s1639_F_LIV_01_ASEReadCounter.table","NW_015090842.1:10296175",34,92,58
"UTP4","s1639_F_LIV_01_ASEReadCounter.table","NW_015090842.1:10296660",28,63,35
"UTP4","s1639_F_LIV_01_ASEReadCounter.table","NW_015090842.1:10296679",27,66,39
"UTP4","s1639_F_LIV_01_ASEReadCounter.table","NW_015090842.1:10297193",31,88,57
"UTP4","s1639_F_LIV_01_ASEReadCounter.table","NW_015090842.1:10297220",38,97,59
"UTP4","s1639_F_LIV_01_ASEReadCounter.table","NW_015090842.1:10297307",46,121,75
"UTP4","s1639_F_LIV_01_ASEReadCounter.table","NW_015090842.1:10297558",48,108,60
"UTP4","s1639_F_LIV_01_ASEReadCounter.table","NW_015090842.1:10297943",34,82,48
"UTP4","s1639_F_LIV_01_ASEReadCounter.table","NW_015090842.1:10297979",27,79,52
"UTP4","s1639_F_LIV_01_ASEReadCounter.table","NW_015090842.1:10298022",15,53,38
"UTP4","s1639_F_LIV_01_ASEReadCounter.table","NW_015090842.1:10298079",3,14,11
"UTP4","s1639_F_LIV_01_ASEReadCounter.table","NW_015090842.1:10298081",3,14,11
"UTP4","s1639_F_LIV_01_ASEReadCounter.table","NW_015090842.1:10298082",3,14,11
"SNTB2","s1639_F_LIV_01_ASEReadCounter.table","NW_015090842.1:10298905",0,2,2
"SNTB2","s1639_F_LIV_01_ASEReadCounter.table","NW_015090842.1:10298928",0,2,2
"SNTB2","s1639_F_LIV_01_ASEReadCounter.table","NW_015090842.1:10303506",9,27,18
"SNTB2","s1639_F_LIV_01_ASEReadCounter.table","NW_015090842.1:10303524",10,23,13
"SNTB2","s1639_F_LIV_01_ASEReadCounter.table","NW_015090842.1:10304059",7,20,13
"SNTB2","s1639_F_LIV_01_ASEReadCounter.table","NW_015090842.1:10304089",7,20,13
"SNTB2","s1639_F_LIV_01_ASEReadCounter.table","NW_015090842.1:10304167",2,13,11
"SNTB2","s1639_F_LIV_01_ASEReadCounter.table","NW_015090842.1:10304176",2,11,9
"SNTB2","s1639_F_LIV_01_ASEReadCounter.table","NW_015090842.1:10305069",5,11,6
"SNTB2","s1639_F_LIV_01_ASEReadCounter.table","NW_015090842.1:10305099",3,9,6
"SNTB2","s1639_F_LIV_01_ASEReadCounter.table","NW_015090842.1:10305171",2,12,10
"SNTB2","s1639_F_LIV_01_ASEReadCounter.table","NW_015090842.1:10305177",2,12,10
"SNTB2","s1639_F_LIV_01_ASEReadCounter.table","NW_015090842.1:10305451",1,7,6
"SNTB2","s1639_F_LIV_01_ASEReadCounter.table","NW_015090842.1:10305547",5,12,7
"SNTB2","s1639_F_LIV_01_ASEReadCounter.table","NW_015090842.1:10305847",2,15,13
"SNTB2","s1639_F_LIV_01_ASEReadCounter.table","NW_015090842.1:10306173",3,14,11
"SNTB2","s1639_F_LIV_01_ASEReadCounter.table","NW_015090842.1:10306275",7,15,8
"SNTB2","s1639_F_LIV_01_ASEReadCounter.table","NW_015090842.1:10306457",5,23,18
"SNTB2","s1639_F_LIV_01_ASEReadCounter.table","NW_015090842.1:10306496",5,25,20
"SNTB2","s1639_F_LIV_01_ASEReadCounter.table","NW_015090842.1:10306499",5,24,19
"VPS4A","s1639_F_LIV_01_ASEReadCounter.table","NW_015090842.1:10308566",60,139,79
"VPS4A","s1639_F_LIV_01_ASEReadCounter.table","NW_015090842.1:10308573",59,144,85
"VPS4A","s1639_F_LIV_01_ASEReadCounter.table","NW_015090842.1:10308856",102,207,105
"VPS4A","s1639_F_LIV_01_ASEReadCounter.table","NW_015090842.1:10309056",104,222,118
"VPS4A","s1639_F_LIV_01_ASEReadCounter.table","NW_015090842.1:10309089",119,244,125
"VPS4A","s1639_F_LIV_01_ASEReadCounter.table","NW_015090842.1:10309392",115,229,114
"VPS4A","s1639_F_LIV_01_ASEReadCounter.table","NW_015090842.1:10309413",124,252,128
"VPS4A","s1639_F_LIV_01_ASEReadCounter.table","NW_015090842.1:10309467",121,290,169
"VPS4A","s1639_F_LIV_01_ASEReadCounter.table","NW_015090842.1:10310230",127,320,193
"VPS4A","s1639_F_LIV_01_ASEReadCounter.table","NW_015090842.1:10310425",126,276,150
"VPS4A","s1639_F_LIV_01_ASEReadCounter.table","NW_015090842.1:10310639",141,318,177
"VPS4A","s1639_F_LIV_01_ASEReadCounter.table","NW_015090842.1:10310734",128,249,121
"VPS4A","s1639_F_LIV_01_ASEReadCounter.table","NW_015090842.1:10310737",130,254,124
"VPS4A","s1639_F_LIV_01_ASEReadCounter.table","NW_015090842.1:10310746",126,251,125
"VPS4A","s1639_F_LIV_01_ASEReadCounter.table","NW_015090842.1:10310767",118,254,136
"VPS4A","s1639_F_LIV_01_ASEReadCounter.table","NW_015090842.1:10310995",127,253,126
"VPS4A","s1639_F_LIV_01_ASEReadCounter.table","NW_015090842.1:10311004",126,242,116
"VPS4A","s1639_F_LIV_01_ASEReadCounter.table","NW_015090842.1:10311007",129,251,122
"VPS4A","s1639_F_LIV_01_ASEReadCounter.table","NW_015090842.1:10311013",133,245,112
"VPS4A","s1639_F_LIV_01_ASEReadCounter.table","NW_015090842.1:10311022",121,228,107
"VPS4A","s1639_F_LIV_01_ASEReadCounter.table","NW_015090842.1:10311023",120,227,107
"VPS4A","s1639_F_LIV_01_ASEReadCounter.table","NW_015090842.1:10311426",107,243,136
"VPS4A","s1639_F_LIV_01_ASEReadCounter.table","NW_015090842.1:10311489",0,12,12
"VPS4A","s1639_F_LIV_01_ASEReadCounter.table","NW_015090842.1:10311490",0,9,9
"VPS4A","s1639_F_LIV_01_ASEReadCounter.table","NW_015090842.1:10311525",6,15,9
"VPS4A","s1639_F_LIV_01_ASEReadCounter.table","NW_015090842.1:10311529",6,18,12
"VPS4A","s1639_F_LIV_01_ASEReadCounter.table","NW_015090842.1:10311530",6,19,13
"VPS4A","s1639_F_LIV_01_ASEReadCounter.table","NW_015090842.1:10311552",20,39,19
"VPS4A","s1639_F_LIV_01_ASEReadCounter.table","NW_015090842.1:10311689",20,42,22
"VPS4A","s1639_F_LIV_01_ASEReadCounter.table","NW_015090842.1:10311700",26,52,26
"VPS4A","s1639_F_LIV_01_ASEReadCounter.table","NW_015090842.1:10311701",27,55,28
"VPS4A","s1639_F_LIV_01_ASEReadCounter.table","NW_015090842.1:10311703",26,51,25
"COG8","s1639_F_LIV_01_ASEReadCounter.table","NW_015090842.1:10313487",14,28,14
"COG8","s1639_F_LIV_01_ASEReadCounter.table","NW_015090842.1:10313559",26,42,16
"COG8","s1639_F_LIV_01_ASEReadCounter.table","NW_015090842.1:10313579",20,38,18
"COG8","s1639_F_LIV_01_ASEReadCounter.table","NW_015090842.1:10313665",13,31,18
"COG8","s1639_F_LIV_01_ASEReadCounter.table","NW_015090842.1:10313681",17,36,19
"COG8","s1639_F_LIV_01_ASEReadCounter.table","NW_015090842.1:10313768",27,47,20
"COG8","s1639_F_LIV_01_ASEReadCounter.table","NW_015090842.1:10313775",26,46,20
"COG8","s1639_F_LIV_01_ASEReadCounter.table","NW_015090842.1:10313811",14,30,16
"COG8","s1639_F_LIV_01_ASEReadCounter.table","NW_015090842.1:10313858",8,20,12
"COG8","s1639_F_LIV_01_ASEReadCounter.table","NW_015090842.1:10314100",11,23,12
"COG8","s1639_F_LIV_01_ASEReadCounter.table","NW_015090842.1:10314213",15,31,16
"COG8","s1639_F_LIV_01_ASEReadCounter.table","NW_015090842.1:10315093",13,21,8
"COG8","s1639_F_LIV_01_ASEReadCounter.table","NW_015090842.1:10315162",11,25,14
"COG8","s1639_F_LIV_01_ASEReadCounter.table","NW_015090842.1:10315285",11,28,17
"COG8","s1639_F_LIV_01_ASEReadCounter.table","NW_015090842.1:10315360",10,25,15
"COG8","s1639_F_LIV_01_ASEReadCounter.table","NW_015090842.1:10315369",10,26,16
"COG8","s1639_F_LIV_01_ASEReadCounter.table","NW_015090842.1:10315504",6,25,19
"COG8","s1639_F_LIV_01_ASEReadCounter.table","NW_015090842.1:10315508",6,24,18
"COG8","s1639_F_LIV_01_ASEReadCounter.table","NW_015090842.1:10315624",8,26,18
"COG8","s1639_F_LIV_01_ASEReadCounter.table","NW_015090842.1:10315693",6,23,17
"COG8","s1639_F_LIV_01_ASEReadCounter.table","NW_015090842.1:10315698",6,19,13
"COG8","s1639_F_LIV_01_ASEReadCounter.table","NW_015090842.1:10315768",8,22,14
"COG8","s1639_F_LIV_01_ASEReadCounter.table","NW_015090842.1:10315769",8,22,14
"COG8","s1639_F_LIV_01_ASEReadCounter.table","NW_015090842.1:10315784",8,23,15
"COG8","s1639_F_LIV_01_ASEReadCounter.table","NW_015090842.1:10316093",15,27,12
"COG8","s1639_F_LIV_01_ASEReadCounter.table","NW_015090842.1:10316133",7,17,10
"NIP7","s1639_F_LIV_01_ASEReadCounter.table","NW_015090842.1:10316759",43,77,34
"NIP7","s1639_F_LIV_01_ASEReadCounter.table","NW_015090842.1:10316967",186,351,165
"NIP7","s1639_F_LIV_01_ASEReadCounter.table","NW_015090842.1:10316995",205,387,182
"NIP7","s1639_F_LIV_01_ASEReadCounter.table","NW_015090842.1:10317240",243,468,225
"NIP7","s1639_F_LIV_01_ASEReadCounter.table","NW_015090842.1:10317247",232,440,208
"NIP7","s1639_F_LIV_01_ASEReadCounter.table","NW_015090842.1:10317264",228,425,197
"NIP7","s1639_F_LIV_01_ASEReadCounter.table","NW_015090842.1:10317433",281,538,257
"NIP7","s1639_F_LIV_01_ASEReadCounter.table","NW_015090842.1:10317738",207,422,215
"NIP7","s1639_F_LIV_01_ASEReadCounter.table","NW_015090842.1:10317769",212,416,204
"NIP7","s1639_F_LIV_01_ASEReadCounter.table","NW_015090842.1:10317808",134,278,144
"NIP7","s1639_F_LIV_01_ASEReadCounter.table","NW_015090842.1:10317870",95,217,122
"NIP7","s1639_F_LIV_01_ASEReadCounter.table","NW_015090842.1:10317871",93,214,121
"NIP7","s1639_F_LIV_01_ASEReadCounter.table","NW_015090842.1:10317898",63,145,82
"NIP7","s1639_F_LIV_01_ASEReadCounter.table","NW_015090842.1:10317911",51,124,73
"TERF2","s1639_F_LIV_01_ASEReadCounter.table","NW_015090842.1:10321665",3,3,0
"TERF2","s1639_F_LIV_01_ASEReadCounter.table","NW_015090842.1:10321768",13,29,16
"TERF2","s1639_F_LIV_01_ASEReadCounter.table","NW_015090842.1:10321777",11,25,14
"TERF2","s1639_F_LIV_01_ASEReadCounter.table","NW_015090842.1:10321805",12,31,19
"TERF2","s1639_F_LIV_01_ASEReadCounter.table","NW_015090842.1:10321878",18,47,29
"TERF2","s1639_F_LIV_01_ASEReadCounter.table","NW_015090842.1:10321893",2,45,43
"TERF2","s1639_F_LIV_01_ASEReadCounter.table","NW_015090842.1:10321897",18,42,24
"TERF2","s1639_F_LIV_01_ASEReadCounter.table","NW_015090842.1:10321908",20,46,26
"TERF2","s1639_F_LIV_01_ASEReadCounter.table","NW_015090842.1:10322001",29,65,36
"TERF2","s1639_F_LIV_01_ASEReadCounter.table","NW_015090842.1:10322035",23,59,36
"TERF2","s1639_F_LIV_01_ASEReadCounter.table","NW_015090842.1:10322051",22,57,35
"TERF2","s1639_F_LIV_01_ASEReadCounter.table","NW_015090842.1:10322137",18,35,17
"TERF2","s1639_F_LIV_01_ASEReadCounter.table","NW_015090842.1:10322144",22,37,15
"TERF2","s1639_F_LIV_01_ASEReadCounter.table","NW_015090842.1:10322388",8,41,33
"TERF2","s1639_F_LIV_01_ASEReadCounter.table","NW_015090842.1:10322396",8,41,33
"TERF2","s1639_F_LIV_01_ASEReadCounter.table","NW_015090842.1:10322502",12,44,32
"TERF2","s1639_F_LIV_01_ASEReadCounter.table","NW_015090842.1:10322504",13,47,34
"TERF2","s1639_F_LIV_01_ASEReadCounter.table","NW_015090842.1:10322510",13,55,42
"TERF2","s1639_F_LIV_01_ASEReadCounter.table","NW_015090842.1:10323580",14,49,35
"TERF2","s1639_F_LIV_01_ASEReadCounter.table","NW_015090842.1:10324314",7,37,30
"TERF2","s1639_F_LIV_01_ASEReadCounter.table","NW_015090842.1:10326832",16,36,20
"TERF2","s1639_F_LIV_01_ASEReadCounter.table","NW_015090842.1:10327787",12,38,26
"TERF2","s1639_F_LIV_01_ASEReadCounter.table","NW_015090842.1:10328588",7,30,23
"TERF2","s1639_F_LIV_01_ASEReadCounter.table","NW_015090842.1:10328644",7,27,20
"TERF2","s1639_F_LIV_01_ASEReadCounter.table","NW_015090842.1:10329813",9,32,23
"TERF2","s1639_F_LIV_01_ASEReadCounter.table","NW_015090842.1:10330749",11,26,15
"TERF2","s1639_F_LIV_01_ASEReadCounter.table","NW_015090842.1:10330789",12,28,16
"CYB5B","s1639_F_LIV_01_ASEReadCounter.table","NW_015090842.1:10336595",2,17,15
"CYB5B","s1639_F_LIV_01_ASEReadCounter.table","NW_015090842.1:10336667",53,114,61
"CYB5B","s1639_F_LIV_01_ASEReadCounter.table","NW_015090842.1:10336689",81,179,98
"CYB5B","s1639_F_LIV_01_ASEReadCounter.table","NW_015090842.1:10336728",128,264,136
"CYB5B","s1639_F_LIV_01_ASEReadCounter.table","NW_015090842.1:10345068",117,273,156
"CYB5B","s1639_F_LIV_01_ASEReadCounter.table","NW_015090842.1:10348800",155,336,181
"CYB5B","s1639_F_LIV_01_ASEReadCounter.table","NW_015090842.1:10348888",136,298,162
"CYB5B","s1639_F_LIV_01_ASEReadCounter.table","NW_015090842.1:10349046",108,259,151
"CYB5B","s1639_F_LIV_01_ASEReadCounter.table","NW_015090842.1:10349119",75,212,137
"CYB5B","s1639_F_LIV_01_ASEReadCounter.table","NW_015090842.1:10349146",49,183,134
"CYB5B","s1639_F_LIV_01_ASEReadCounter.table","NW_015090842.1:10349157",72,217,145
