"gene","id","snp","ref_count","total_count","alt_count"
"CENPN","s1639_F_TNA_03_ASEReadCounter.table","NW_015090842.1:5801618",0,1,1
"CENPN","s1639_F_TNA_03_ASEReadCounter.table","NW_015090842.1:5801623",1,2,1
"CENPN","s1639_F_TNA_03_ASEReadCounter.table","NW_015090842.1:5801631",1,2,1
"CENPN","s1639_F_TNA_03_ASEReadCounter.table","NW_015090842.1:5801632",1,2,1
"CENPN","s1639_F_TNA_03_ASEReadCounter.table","NW_015090842.1:5801655",2,2,0
"CENPN","s1639_F_TNA_03_ASEReadCounter.table","NW_015090842.1:5801662",2,2,0
"CENPN","s1639_F_TNA_03_ASEReadCounter.table","NW_015090842.1:5801670",2,2,0
"CENPN","s1639_F_TNA_03_ASEReadCounter.table","NW_015090842.1:5801674",2,2,0
"CENPN","s1639_F_TNA_03_ASEReadCounter.table","NW_015090842.1:5801692",2,2,0
"CENPN","s1639_F_TNA_03_ASEReadCounter.table","NW_015090842.1:5801697",2,2,0
"CENPN","s1639_F_TNA_03_ASEReadCounter.table","NW_015090842.1:5802087",1,3,2
"CENPN","s1639_F_TNA_03_ASEReadCounter.table","NW_015090842.1:5810113",5,5,0
"CENPN","s1639_F_TNA_03_ASEReadCounter.table","NW_015090842.1:5810147",3,3,0
"CENPN","s1639_F_TNA_03_ASEReadCounter.table","NW_015090842.1:5810148",3,3,0
"ATMIN","s1639_F_TNA_03_ASEReadCounter.table","NW_015090842.1:5818789",1,3,2
"ATMIN","s1639_F_TNA_03_ASEReadCounter.table","NW_015090842.1:5819958",4,4,0
"ATMIN","s1639_F_TNA_03_ASEReadCounter.table","NW_015090842.1:5820004",3,3,0
"ATMIN","s1639_F_TNA_03_ASEReadCounter.table","NW_015090842.1:5820217",0,3,3
"ATMIN","s1639_F_TNA_03_ASEReadCounter.table","NW_015090842.1:5820250",0,1,1
"ATMIN","s1639_F_TNA_03_ASEReadCounter.table","NW_015090842.1:5820298",0,2,2
"ATMIN","s1639_F_TNA_03_ASEReadCounter.table","NW_015090842.1:5820417",2,3,1
"ATMIN","s1639_F_TNA_03_ASEReadCounter.table","NW_015090842.1:5820421",3,4,1
"ATMIN","s1639_F_TNA_03_ASEReadCounter.table","NW_015090842.1:5820448",3,4,1
"ATMIN","s1639_F_TNA_03_ASEReadCounter.table","NW_015090842.1:5820457",2,3,1
"ATMIN","s1639_F_TNA_03_ASEReadCounter.table","NW_015090842.1:5820510",3,4,1
"ATMIN","s1639_F_TNA_03_ASEReadCounter.table","NW_015090842.1:5820673",1,3,2
"ATMIN","s1639_F_TNA_03_ASEReadCounter.table","NW_015090842.1:5820754",0,2,2
"ATMIN","s1639_F_TNA_03_ASEReadCounter.table","NW_015090842.1:5820820",1,5,4
"ATMIN","s1639_F_TNA_03_ASEReadCounter.table","NW_015090842.1:5820865",2,6,4
"ATMIN","s1639_F_TNA_03_ASEReadCounter.table","NW_015090842.1:5820889",2,6,4
"ATMIN","s1639_F_TNA_03_ASEReadCounter.table","NW_015090842.1:5820891",2,6,4
"ATMIN","s1639_F_TNA_03_ASEReadCounter.table","NW_015090842.1:5820997",0,1,1
"ATMIN","s1639_F_TNA_03_ASEReadCounter.table","NW_015090842.1:5821063",3,6,3
"ATMIN","s1639_F_TNA_03_ASEReadCounter.table","NW_015090842.1:5821132",2,3,1
"ATMIN","s1639_F_TNA_03_ASEReadCounter.table","NW_015090842.1:5821645",6,10,4
"ATMIN","s1639_F_TNA_03_ASEReadCounter.table","NW_015090842.1:5825066",11,19,8
"ATMIN","s1639_F_TNA_03_ASEReadCounter.table","NW_015090842.1:5825106",12,22,10
"ATMIN","s1639_F_TNA_03_ASEReadCounter.table","NW_015090842.1:5825122",10,23,13
"ATMIN","s1639_F_TNA_03_ASEReadCounter.table","NW_015090842.1:5825178",6,20,14
"ATMIN","s1639_F_TNA_03_ASEReadCounter.table","NW_015090842.1:5825194",6,20,14
"ATMIN","s1639_F_TNA_03_ASEReadCounter.table","NW_015090842.1:5825195",6,20,14
"ATMIN","s1639_F_TNA_03_ASEReadCounter.table","NW_015090842.1:5825220",5,14,9
"ATMIN","s1639_F_TNA_03_ASEReadCounter.table","NW_015090842.1:5825240",11,24,13
"ATMIN","s1639_F_TNA_03_ASEReadCounter.table","NW_015090842.1:5825303",16,32,16
"ATMIN","s1639_F_TNA_03_ASEReadCounter.table","NW_015090842.1:5825304",16,32,16
"ATMIN","s1639_F_TNA_03_ASEReadCounter.table","NW_015090842.1:5825310",16,31,15
"ATMIN","s1639_F_TNA_03_ASEReadCounter.table","NW_015090842.1:5825406",6,16,10
"ATMIN","s1639_F_TNA_03_ASEReadCounter.table","NW_015090842.1:5825415",7,18,11
"ATMIN","s1639_F_TNA_03_ASEReadCounter.table","NW_015090842.1:5825438",7,18,11
"ATMIN","s1639_F_TNA_03_ASEReadCounter.table","NW_015090842.1:5825485",10,20,10
"ATMIN","s1639_F_TNA_03_ASEReadCounter.table","NW_015090842.1:5825524",11,21,10
"ATMIN","s1639_F_TNA_03_ASEReadCounter.table","NW_015090842.1:5825557",12,22,10
"ATMIN","s1639_F_TNA_03_ASEReadCounter.table","NW_015090842.1:5825571",13,25,12
"ATMIN","s1639_F_TNA_03_ASEReadCounter.table","NW_015090842.1:5825579",12,26,14
"ATMIN","s1639_F_TNA_03_ASEReadCounter.table","NW_015090842.1:5825590",12,26,14
"ATMIN","s1639_F_TNA_03_ASEReadCounter.table","NW_015090842.1:5825689",12,24,12
"ATMIN","s1639_F_TNA_03_ASEReadCounter.table","NW_015090842.1:5825703",18,31,13
"ATMIN","s1639_F_TNA_03_ASEReadCounter.table","NW_015090842.1:5825787",17,34,17
"ATMIN","s1639_F_TNA_03_ASEReadCounter.table","NW_015090842.1:5825833",13,33,20
"ATMIN","s1639_F_TNA_03_ASEReadCounter.table","NW_015090842.1:5825841",10,28,18
"ATMIN","s1639_F_TNA_03_ASEReadCounter.table","NW_015090842.1:5825895",13,32,19
"ATMIN","s1639_F_TNA_03_ASEReadCounter.table","NW_015090842.1:5825984",15,28,13
"ATMIN","s1639_F_TNA_03_ASEReadCounter.table","NW_015090842.1:5826162",25,46,21
"ATMIN","s1639_F_TNA_03_ASEReadCounter.table","NW_015090842.1:5826194",28,46,18
"ATMIN","s1639_F_TNA_03_ASEReadCounter.table","NW_015090842.1:5826235",23,48,25
"ATMIN","s1639_F_TNA_03_ASEReadCounter.table","NW_015090842.1:5826245",23,49,26
"ATMIN","s1639_F_TNA_03_ASEReadCounter.table","NW_015090842.1:5826335",10,21,11
"ATMIN","s1639_F_TNA_03_ASEReadCounter.table","NW_015090842.1:5826417",17,36,19
"ATMIN","s1639_F_TNA_03_ASEReadCounter.table","NW_015090842.1:5826431",17,47,30
"ATMIN","s1639_F_TNA_03_ASEReadCounter.table","NW_015090842.1:5826438",19,44,25
"ATMIN","s1639_F_TNA_03_ASEReadCounter.table","NW_015090842.1:5826463",26,50,24
"ATMIN","s1639_F_TNA_03_ASEReadCounter.table","NW_015090842.1:5826502",32,60,28
"ATMIN","s1639_F_TNA_03_ASEReadCounter.table","NW_015090842.1:5826511",32,63,31
"ATMIN","s1639_F_TNA_03_ASEReadCounter.table","NW_015090842.1:5826659",25,50,25
"ATMIN","s1639_F_TNA_03_ASEReadCounter.table","NW_015090842.1:5826701",39,75,36
"ATMIN","s1639_F_TNA_03_ASEReadCounter.table","NW_015090842.1:5826702",39,75,36
"ATMIN","s1639_F_TNA_03_ASEReadCounter.table","NW_015090842.1:5826732",41,79,38
"ATMIN","s1639_F_TNA_03_ASEReadCounter.table","NW_015090842.1:5826745",46,88,42
"ATMIN","s1639_F_TNA_03_ASEReadCounter.table","NW_015090842.1:5826835",51,87,36
"ATMIN","s1639_F_TNA_03_ASEReadCounter.table","NW_015090842.1:5826942",34,89,55
"ATMIN","s1639_F_TNA_03_ASEReadCounter.table","NW_015090842.1:5827193",51,135,84
"ATMIN","s1639_F_TNA_03_ASEReadCounter.table","NW_015090842.1:5827196",52,135,83
"ATMIN","s1639_F_TNA_03_ASEReadCounter.table","NW_015090842.1:5827269",61,129,68
"ATMIN","s1639_F_TNA_03_ASEReadCounter.table","NW_015090842.1:5827315",43,103,60
"ATMIN","s1639_F_TNA_03_ASEReadCounter.table","NW_015090842.1:5827316",47,110,63
"ATMIN","s1639_F_TNA_03_ASEReadCounter.table","NW_015090842.1:5827333",53,117,64
"PPP1R3E","s1639_F_TNA_03_ASEReadCounter.table","NW_015090842.1:5837733",2,3,1
"PPP1R3E","s1639_F_TNA_03_ASEReadCounter.table","NW_015090842.1:5837947",1,5,4
"BCO1","s1639_F_TNA_03_ASEReadCounter.table","NW_015090842.1:5915646",1,1,0
"BCO1","s1639_F_TNA_03_ASEReadCounter.table","NW_015090842.1:5917836",1,1,0
"BCO1","s1639_F_TNA_03_ASEReadCounter.table","NW_015090842.1:5917912",1,1,0
"BCO1","s1639_F_TNA_03_ASEReadCounter.table","NW_015090842.1:5917971",0,1,1
"BCO1","s1639_F_TNA_03_ASEReadCounter.table","NW_015090842.1:5921679",1,2,1
"BCO1","s1639_F_TNA_03_ASEReadCounter.table","NW_015090842.1:5921726",1,2,1
"BCO1","s1639_F_TNA_03_ASEReadCounter.table","NW_015090842.1:5925669",1,1,0
"BCO1","s1639_F_TNA_03_ASEReadCounter.table","NW_015090842.1:5926937",1,1,0
"BCO1","s1639_F_TNA_03_ASEReadCounter.table","NW_015090842.1:5927948",1,1,0
"BCO1","s1639_F_TNA_03_ASEReadCounter.table","NW_015090842.1:5927968",1,1,0
"BCO1","s1639_F_TNA_03_ASEReadCounter.table","NW_015090842.1:5928052",1,1,0
"BCO1","s1639_F_TNA_03_ASEReadCounter.table","NW_015090842.1:5932726",6,6,0
"BCO1","s1639_F_TNA_03_ASEReadCounter.table","NW_015090842.1:5932801",3,3,0
"BCO1","s1639_F_TNA_03_ASEReadCounter.table","NW_015090842.1:5934558",7,7,0
"BCO1","s1639_F_TNA_03_ASEReadCounter.table","NW_015090842.1:5934575",7,7,0
"BCO1","s1639_F_TNA_03_ASEReadCounter.table","NW_015090842.1:5934608",8,9,1
"BCO1","s1639_F_TNA_03_ASEReadCounter.table","NW_015090842.1:5934647",4,5,1
"BCO1","s1639_F_TNA_03_ASEReadCounter.table","NW_015090842.1:5934725",3,4,1
"BCO1","s1639_F_TNA_03_ASEReadCounter.table","NW_015090842.1:5934726",3,4,1
"BCO1","s1639_F_TNA_03_ASEReadCounter.table","NW_015090842.1:5934733",4,4,0
"BCO1","s1639_F_TNA_03_ASEReadCounter.table","NW_015090842.1:5934821",5,6,1
"BCO1","s1639_F_TNA_03_ASEReadCounter.table","NW_015090842.1:5934826",4,5,1
"BCO1","s1639_F_TNA_03_ASEReadCounter.table","NW_015090842.1:5934844",2,4,2
"BCO1","s1639_F_TNA_03_ASEReadCounter.table","NW_015090842.1:5934958",5,8,3
"BCO1","s1639_F_TNA_03_ASEReadCounter.table","NW_015090842.1:5934976",6,9,3
"GAN","s1639_F_TNA_03_ASEReadCounter.table","NW_015090842.1:5953759",6,12,6
"GAN","s1639_F_TNA_03_ASEReadCounter.table","NW_015090842.1:5957502",12,25,13
"GAN","s1639_F_TNA_03_ASEReadCounter.table","NW_015090842.1:5957578",11,29,18
"GAN","s1639_F_TNA_03_ASEReadCounter.table","NW_015090842.1:5966047",20,47,27
"GAN","s1639_F_TNA_03_ASEReadCounter.table","NW_015090842.1:5966126",11,36,25
"GAN","s1639_F_TNA_03_ASEReadCounter.table","NW_015090842.1:5966127",11,37,26
"GAN","s1639_F_TNA_03_ASEReadCounter.table","NW_015090842.1:5966162",22,52,30
"GAN","s1639_F_TNA_03_ASEReadCounter.table","NW_015090842.1:5966483",68,128,60
"CMIP","s1639_F_TNA_03_ASEReadCounter.table","NW_015090842.1:6109159",4,11,7
"CMIP","s1639_F_TNA_03_ASEReadCounter.table","NW_015090842.1:6109166",2,9,7
"CMIP","s1639_F_TNA_03_ASEReadCounter.table","NW_015090842.1:6114641",20,35,15
"CMIP","s1639_F_TNA_03_ASEReadCounter.table","NW_015090842.1:6114751",12,25,13
"CMIP","s1639_F_TNA_03_ASEReadCounter.table","NW_015090842.1:6114824",10,26,16
"CMIP","s1639_F_TNA_03_ASEReadCounter.table","NW_015090842.1:6126295",41,43,2
"CMIP","s1639_F_TNA_03_ASEReadCounter.table","NW_015090842.1:6128998",20,64,44
"CMIP","s1639_F_TNA_03_ASEReadCounter.table","NW_015090842.1:6130562",48,126,78
"CMIP","s1639_F_TNA_03_ASEReadCounter.table","NW_015090842.1:6132522",37,97,60
"CMIP","s1639_F_TNA_03_ASEReadCounter.table","NW_015090842.1:6138265",128,329,201
"CMIP","s1639_F_TNA_03_ASEReadCounter.table","NW_015090842.1:6138300",120,326,206
"CMIP","s1639_F_TNA_03_ASEReadCounter.table","NW_015090842.1:6138342",93,267,174
"CMIP","s1639_F_TNA_03_ASEReadCounter.table","NW_015090842.1:6138343",91,265,174
"CMIP","s1639_F_TNA_03_ASEReadCounter.table","NW_015090842.1:6138345",92,262,170
"CMIP","s1639_F_TNA_03_ASEReadCounter.table","NW_015090842.1:6138647",58,166,108
"CMIP","s1639_F_TNA_03_ASEReadCounter.table","NW_015090842.1:6138745",67,164,97
"CMIP","s1639_F_TNA_03_ASEReadCounter.table","NW_015090842.1:6138832",11,54,43
"CMIP","s1639_F_TNA_03_ASEReadCounter.table","NW_015090842.1:6138967",61,134,73
"CMIP","s1639_F_TNA_03_ASEReadCounter.table","NW_015090842.1:6139131",15,64,49
"CMIP","s1639_F_TNA_03_ASEReadCounter.table","NW_015090842.1:6139163",3,56,53
"CMIP","s1639_F_TNA_03_ASEReadCounter.table","NW_015090842.1:6139212",111,117,6
"CMIP","s1639_F_TNA_03_ASEReadCounter.table","NW_015090842.1:6139360",39,85,46
"CMIP","s1639_F_TNA_03_ASEReadCounter.table","NW_015090842.1:6139572",34,71,37
"PLCG2","s1639_F_TNA_03_ASEReadCounter.table","NW_015090842.1:6179613",1,1,0
"PLCG2","s1639_F_TNA_03_ASEReadCounter.table","NW_015090842.1:6179658",4,4,0
"PLCG2","s1639_F_TNA_03_ASEReadCounter.table","NW_015090842.1:6203766",0,1,1
"PLCG2","s1639_F_TNA_03_ASEReadCounter.table","NW_015090842.1:6203775",0,1,1
"PLCG2","s1639_F_TNA_03_ASEReadCounter.table","NW_015090842.1:6203787",0,1,1
"PLCG2","s1639_F_TNA_03_ASEReadCounter.table","NW_015090842.1:6209816",0,1,1
"PLCG2","s1639_F_TNA_03_ASEReadCounter.table","NW_015090842.1:6217547",2,2,0
"PLCG2","s1639_F_TNA_03_ASEReadCounter.table","NW_015090842.1:6218641",0,1,1
"PLCG2","s1639_F_TNA_03_ASEReadCounter.table","NW_015090842.1:6220552",0,1,1
"PLCG2","s1639_F_TNA_03_ASEReadCounter.table","NW_015090842.1:6221969",1,1,0
"PLCG2","s1639_F_TNA_03_ASEReadCounter.table","NW_015090842.1:6228722",0,1,1
"PLCG2","s1639_F_TNA_03_ASEReadCounter.table","NW_015090842.1:6228747",0,1,1
"PLCG2","s1639_F_TNA_03_ASEReadCounter.table","NW_015090842.1:6228835",1,2,1
"PLCG2","s1639_F_TNA_03_ASEReadCounter.table","NW_015090842.1:6228841",1,2,1
"PLCG2","s1639_F_TNA_03_ASEReadCounter.table","NW_015090842.1:6228865",1,1,0
"PLCG2","s1639_F_TNA_03_ASEReadCounter.table","NW_015090842.1:6228917",1,2,1
"PLCG2","s1639_F_TNA_03_ASEReadCounter.table","NW_015090842.1:6228926",1,3,2
"PLCG2","s1639_F_TNA_03_ASEReadCounter.table","NW_015090842.1:6228954",0,2,2
"PLCG2","s1639_F_TNA_03_ASEReadCounter.table","NW_015090842.1:6229002",2,5,3
"PLCG2","s1639_F_TNA_03_ASEReadCounter.table","NW_015090842.1:6229006",2,5,3
"PLCG2","s1639_F_TNA_03_ASEReadCounter.table","NW_015090842.1:6229081",1,2,1
"PLCG2","s1639_F_TNA_03_ASEReadCounter.table","NW_015090842.1:6229160",1,2,1
"PLCG2","s1639_F_TNA_03_ASEReadCounter.table","NW_015090842.1:6229213",2,2,0
"PLCG2","s1639_F_TNA_03_ASEReadCounter.table","NW_015090842.1:6229231",2,2,0
"PLCG2","s1639_F_TNA_03_ASEReadCounter.table","NW_015090842.1:6229663",0,1,1
"PLCG2","s1639_F_TNA_03_ASEReadCounter.table","NW_015090842.1:6229748",1,2,1
"PLCG2","s1639_F_TNA_03_ASEReadCounter.table","NW_015090842.1:6230408",0,1,1
"PLCG2","s1639_F_TNA_03_ASEReadCounter.table","NW_015090842.1:6230439",0,1,1
"PLCG2","s1639_F_TNA_03_ASEReadCounter.table","NW_015090842.1:6230757",0,1,1
"PLCG2","s1639_F_TNA_03_ASEReadCounter.table","NW_015090842.1:6230758",0,1,1
"PLCG2","s1639_F_TNA_03_ASEReadCounter.table","NW_015090842.1:6230898",1,2,1
"PLCG2","s1639_F_TNA_03_ASEReadCounter.table","NW_015090842.1:6230976",4,5,1
"PLCG2","s1639_F_TNA_03_ASEReadCounter.table","NW_015090842.1:6231078",2,2,0
"PLCG2","s1639_F_TNA_03_ASEReadCounter.table","NW_015090842.1:6231138",6,6,0
"PLCG2","s1639_F_TNA_03_ASEReadCounter.table","NW_015090842.1:6231177",6,6,0
"PLCG2","s1639_F_TNA_03_ASEReadCounter.table","NW_015090842.1:6231263",4,4,0
"SDR42E1","s1639_F_TNA_03_ASEReadCounter.table","NW_015090842.1:6235315",0,1,1
"SDR42E1","s1639_F_TNA_03_ASEReadCounter.table","NW_015090842.1:6235348",0,3,3
"SDR42E1","s1639_F_TNA_03_ASEReadCounter.table","NW_015090842.1:6235355",0,3,3
"SDR42E1","s1639_F_TNA_03_ASEReadCounter.table","NW_015090842.1:6235417",0,5,5
"SDR42E1","s1639_F_TNA_03_ASEReadCounter.table","NW_015090842.1:6235558",0,6,6
"SDR42E1","s1639_F_TNA_03_ASEReadCounter.table","NW_015090842.1:6235741",4,7,3
"SDR42E1","s1639_F_TNA_03_ASEReadCounter.table","NW_015090842.1:6235777",1,5,4
"SDR42E1","s1639_F_TNA_03_ASEReadCounter.table","NW_015090842.1:6235806",3,8,5
"SDR42E1","s1639_F_TNA_03_ASEReadCounter.table","NW_015090842.1:6235809",3,8,5
"SDR42E1","s1639_F_TNA_03_ASEReadCounter.table","NW_015090842.1:6235816",3,9,6
"SDR42E1","s1639_F_TNA_03_ASEReadCounter.table","NW_015090842.1:6235914",1,6,5
"SDR42E1","s1639_F_TNA_03_ASEReadCounter.table","NW_015090842.1:6235935",0,4,4
"SDR42E1","s1639_F_TNA_03_ASEReadCounter.table","NW_015090842.1:6235957",0,6,6
"SDR42E1","s1639_F_TNA_03_ASEReadCounter.table","NW_015090842.1:6236040",1,3,2
"SDR42E1","s1639_F_TNA_03_ASEReadCounter.table","NW_015090842.1:6236260",1,2,1
"SDR42E1","s1639_F_TNA_03_ASEReadCounter.table","NW_015090842.1:6236281",2,3,1
"SDR42E1","s1639_F_TNA_03_ASEReadCounter.table","NW_015090842.1:6236305",2,3,1
"SDR42E1","s1639_F_TNA_03_ASEReadCounter.table","NW_015090842.1:6236458",3,6,3
"SDR42E1","s1639_F_TNA_03_ASEReadCounter.table","NW_015090842.1:6236476",2,5,3
"SDR42E1","s1639_F_TNA_03_ASEReadCounter.table","NW_015090842.1:6236608",1,5,4
"HSD17B2","s1639_F_TNA_03_ASEReadCounter.table","NW_015090842.1:6266795",0,1,1
"HSD17B2","s1639_F_TNA_03_ASEReadCounter.table","NW_015090842.1:6266944",1,1,0
"HSD17B2","s1639_F_TNA_03_ASEReadCounter.table","NW_015090842.1:6267674",0,1,1
"ARY2","s1639_F_TNA_03_ASEReadCounter.table","NW_015090842.1:6303954",2,2,0
"ARY2","s1639_F_TNA_03_ASEReadCounter.table","NW_015090842.1:6303979",3,4,1
"ARY2","s1639_F_TNA_03_ASEReadCounter.table","NW_015090842.1:6305848",5,7,2
"ARY2","s1639_F_TNA_03_ASEReadCounter.table","NW_015090842.1:6305856",5,7,2
"ARY2","s1639_F_TNA_03_ASEReadCounter.table","NW_015090842.1:6305857",5,7,2
"ARY2","s1639_F_TNA_03_ASEReadCounter.table","NW_015090842.1:6306017",7,13,6
"ARY2","s1639_F_TNA_03_ASEReadCounter.table","NW_015090842.1:6306052",8,13,5
"ARY2","s1639_F_TNA_03_ASEReadCounter.table","NW_015090842.1:6306094",8,13,5
"ARY2","s1639_F_TNA_03_ASEReadCounter.table","NW_015090842.1:6306100",8,13,5
"ARY2","s1639_F_TNA_03_ASEReadCounter.table","NW_015090842.1:6306146",5,10,5
"ARY2","s1639_F_TNA_03_ASEReadCounter.table","NW_015090842.1:6306147",5,10,5
"ARY2","s1639_F_TNA_03_ASEReadCounter.table","NW_015090842.1:6306390",5,7,2
"ARY2","s1639_F_TNA_03_ASEReadCounter.table","NW_015090842.1:6306567",7,14,7
"ARY2","s1639_F_TNA_03_ASEReadCounter.table","NW_015090842.1:6306705",7,9,2
"ARY2","s1639_F_TNA_03_ASEReadCounter.table","NW_015090842.1:6306773",4,8,4
"ARY2","s1639_F_TNA_03_ASEReadCounter.table","NW_015090842.1:6307039",5,7,2
"ARY2","s1639_F_TNA_03_ASEReadCounter.table","NW_015090842.1:6307043",5,7,2
"ARY2","s1639_F_TNA_03_ASEReadCounter.table","NW_015090842.1:6307093",3,6,3
"ARY2","s1639_F_TNA_03_ASEReadCounter.table","NW_015090842.1:6307138",4,5,1
"ARY2","s1639_F_TNA_03_ASEReadCounter.table","NW_015090842.1:6307157",4,6,2
"ARY2","s1639_F_TNA_03_ASEReadCounter.table","NW_015090842.1:6307187",6,9,3
"ARY2","s1639_F_TNA_03_ASEReadCounter.table","NW_015090842.1:6307204",6,9,3
"ARY2","s1639_F_TNA_03_ASEReadCounter.table","NW_015090842.1:6307278",4,8,4
"ARY2","s1639_F_TNA_03_ASEReadCounter.table","NW_015090842.1:6307305",6,9,3
"ARY2","s1639_F_TNA_03_ASEReadCounter.table","NW_015090842.1:6307318",6,8,2
"ARY2","s1639_F_TNA_03_ASEReadCounter.table","NW_015090842.1:6307429",11,18,7
"ARY2","s1639_F_TNA_03_ASEReadCounter.table","NW_015090842.1:6307487",6,13,7
"ARY2","s1639_F_TNA_03_ASEReadCounter.table","NW_015090842.1:6307670",10,14,4
"ARYL","s1639_F_TNA_03_ASEReadCounter.table","NW_015090842.1:6313360",1,1,0
"ARYL","s1639_F_TNA_03_ASEReadCounter.table","NW_015090842.1:6313377",1,1,0
"ARYL","s1639_F_TNA_03_ASEReadCounter.table","NW_015090842.1:6313767",1,3,2
"ARY1","s1639_F_TNA_03_ASEReadCounter.table","NW_015090842.1:6314296",1,3,2
"ARY1","s1639_F_TNA_03_ASEReadCounter.table","NW_015090842.1:6314541",3,3,0
"ARY1","s1639_F_TNA_03_ASEReadCounter.table","NW_015090842.1:6314597",3,3,0
"ARY1","s1639_F_TNA_03_ASEReadCounter.table","NW_015090842.1:6314750",6,7,1
"ARY1","s1639_F_TNA_03_ASEReadCounter.table","NW_015090842.1:6314794",5,6,1
"ARY1","s1639_F_TNA_03_ASEReadCounter.table","NW_015090842.1:6314827",4,4,0
"ARY1","s1639_F_TNA_03_ASEReadCounter.table","NW_015090842.1:6314859",2,4,2
"ARY1","s1639_F_TNA_03_ASEReadCounter.table","NW_015090842.1:6314886",4,7,3
"ARY1","s1639_F_TNA_03_ASEReadCounter.table","NW_015090842.1:6315022",7,10,3
"ARY1","s1639_F_TNA_03_ASEReadCounter.table","NW_015090842.1:6315026",7,10,3
"ARY1","s1639_F_TNA_03_ASEReadCounter.table","NW_015090842.1:6315043",7,9,2
"ARY1","s1639_F_TNA_03_ASEReadCounter.table","NW_015090842.1:6315065",8,10,2
"ARY1","s1639_F_TNA_03_ASEReadCounter.table","NW_015090842.1:6315409",2,5,3
"ARY1","s1639_F_TNA_03_ASEReadCounter.table","NW_015090842.1:6315479",9,13,4
"ARY1","s1639_F_TNA_03_ASEReadCounter.table","NW_015090842.1:6318342",4,6,2
"ARY1","s1639_F_TNA_03_ASEReadCounter.table","NW_015090842.1:6318427",5,10,5
"ARY1","s1639_F_TNA_03_ASEReadCounter.table","NW_015090842.1:6318603",6,11,5
"ARY1","s1639_F_TNA_03_ASEReadCounter.table","NW_015090842.1:6318708",7,8,1
"ARY1","s1639_F_TNA_03_ASEReadCounter.table","NW_015090842.1:6318858",12,17,5
"ARY1","s1639_F_TNA_03_ASEReadCounter.table","NW_015090842.1:6318952",4,11,7
"MPHOSPH6","s1639_F_TNA_03_ASEReadCounter.table","NW_015090842.1:6324063",38,89,51
"MPHOSPH6","s1639_F_TNA_03_ASEReadCounter.table","NW_015090842.1:6324174",73,172,99
"MPHOSPH6","s1639_F_TNA_03_ASEReadCounter.table","NW_015090842.1:6324270",83,192,109
"MPHOSPH6","s1639_F_TNA_03_ASEReadCounter.table","NW_015090842.1:6324762",59,115,56
"MPHOSPH6","s1639_F_TNA_03_ASEReadCounter.table","NW_015090842.1:6324780",50,101,51
"MPHOSPH6","s1639_F_TNA_03_ASEReadCounter.table","NW_015090842.1:6324902",73,126,53
"MPHOSPH6","s1639_F_TNA_03_ASEReadCounter.table","NW_015090842.1:6325066",52,101,49
"MPHOSPH6","s1639_F_TNA_03_ASEReadCounter.table","NW_015090842.1:6325089",65,132,67
"MPHOSPH6","s1639_F_TNA_03_ASEReadCounter.table","NW_015090842.1:6325877",53,101,48
"MPHOSPH6","s1639_F_TNA_03_ASEReadCounter.table","NW_015090842.1:6326976",35,75,40
"CDH13","s1639_F_TNA_03_ASEReadCounter.table","NW_015090842.1:6662283",1,3,2
"CDH13","s1639_F_TNA_03_ASEReadCounter.table","NW_015090842.1:6693665",1,2,1
"CDH13","s1639_F_TNA_03_ASEReadCounter.table","NW_015090842.1:6693697",1,2,1
"CDH13","s1639_F_TNA_03_ASEReadCounter.table","NW_015090842.1:6693712",0,1,1
"CDH13","s1639_F_TNA_03_ASEReadCounter.table","NW_015090842.1:6693723",0,1,1
"CDH13","s1639_F_TNA_03_ASEReadCounter.table","NW_015090842.1:6693738",1,2,1
"CDH13","s1639_F_TNA_03_ASEReadCounter.table","NW_015090842.1:6823730",2,5,3
"CDH13","s1639_F_TNA_03_ASEReadCounter.table","NW_015090842.1:6889713",3,4,1
"CDH13","s1639_F_TNA_03_ASEReadCounter.table","NW_015090842.1:6955167",7,13,6
"MLYCD","s1639_F_TNA_03_ASEReadCounter.table","NW_015090842.1:7150054",50,118,68
"MLYCD","s1639_F_TNA_03_ASEReadCounter.table","NW_015090842.1:7150131",60,148,88
"MLYCD","s1639_F_TNA_03_ASEReadCounter.table","NW_015090842.1:7150585",56,108,52
"MLYCD","s1639_F_TNA_03_ASEReadCounter.table","NW_015090842.1:7150686",38,75,37
"MLYCD","s1639_F_TNA_03_ASEReadCounter.table","NW_015090842.1:7150696",42,87,45
"MLYCD","s1639_F_TNA_03_ASEReadCounter.table","NW_015090842.1:7150869",27,63,36
"MLYCD","s1639_F_TNA_03_ASEReadCounter.table","NW_015090842.1:7151100",31,59,28
"MLYCD","s1639_F_TNA_03_ASEReadCounter.table","NW_015090842.1:7151127",32,62,30
"MLYCD","s1639_F_TNA_03_ASEReadCounter.table","NW_015090842.1:7157538",16,40,24
"MLYCD","s1639_F_TNA_03_ASEReadCounter.table","NW_015090842.1:7167662",11,16,5
"MLYCD","s1639_F_TNA_03_ASEReadCounter.table","NW_015090842.1:7167675",10,15,5
"MLYCD","s1639_F_TNA_03_ASEReadCounter.table","NW_015090842.1:7167710",8,9,1
"MLYCD","s1639_F_TNA_03_ASEReadCounter.table","NW_015090842.1:7167781",8,8,0
"MLYCD","s1639_F_TNA_03_ASEReadCounter.table","NW_015090842.1:7167803",9,12,3
"MLYCD","s1639_F_TNA_03_ASEReadCounter.table","NW_015090842.1:7167812",7,10,3
"MLYCD","s1639_F_TNA_03_ASEReadCounter.table","NW_015090842.1:7167845",10,13,3
"MLYCD","s1639_F_TNA_03_ASEReadCounter.table","NW_015090842.1:7167862",10,13,3
"MLYCD","s1639_F_TNA_03_ASEReadCounter.table","NW_015090842.1:7167929",9,12,3
"MLYCD","s1639_F_TNA_03_ASEReadCounter.table","NW_015090842.1:7167995",3,7,4
"MLYCD","s1639_F_TNA_03_ASEReadCounter.table","NW_015090842.1:7168005",3,6,3
"MLYCD","s1639_F_TNA_03_ASEReadCounter.table","NW_015090842.1:7168037",2,5,3
"HSBP1","s1639_F_TNA_03_ASEReadCounter.table","NW_015090842.1:7245192",467,824,357
"HSBP1","s1639_F_TNA_03_ASEReadCounter.table","NW_015090842.1:7245226",494,886,392
"HSBP1","s1639_F_TNA_03_ASEReadCounter.table","NW_015090842.1:7245257",408,729,321
"HSBP1","s1639_F_TNA_03_ASEReadCounter.table","NW_015090842.1:7245296",358,692,334
"HSBP1","s1639_F_TNA_03_ASEReadCounter.table","NW_015090842.1:7245389",475,850,375
"HSBP1","s1639_F_TNA_03_ASEReadCounter.table","NW_015090842.1:7245400",483,831,348
"HSBP1","s1639_F_TNA_03_ASEReadCounter.table","NW_015090842.1:7245445",459,772,313
"HSBP1","s1639_F_TNA_03_ASEReadCounter.table","NW_015090842.1:7245495",410,719,309
"HSBP1","s1639_F_TNA_03_ASEReadCounter.table","NW_015090842.1:7245733",237,495,258
"HSBP1","s1639_F_TNA_03_ASEReadCounter.table","NW_015090842.1:7245771",256,494,238
"HSBP1","s1639_F_TNA_03_ASEReadCounter.table","NW_015090842.1:7245813",244,469,225
"HSBP1","s1639_F_TNA_03_ASEReadCounter.table","NW_015090842.1:7245926",283,544,261
"HSBP1","s1639_F_TNA_03_ASEReadCounter.table","NW_015090842.1:7245927",287,543,256
"HSBP1","s1639_F_TNA_03_ASEReadCounter.table","NW_015090842.1:7245933",290,535,245
"HSBP1","s1639_F_TNA_03_ASEReadCounter.table","NW_015090842.1:7246002",211,410,199
"HSBP1","s1639_F_TNA_03_ASEReadCounter.table","NW_015090842.1:7246094",292,471,179
"HSBP1","s1639_F_TNA_03_ASEReadCounter.table","NW_015090842.1:7246167",287,469,182
"HSBP1","s1639_F_TNA_03_ASEReadCounter.table","NW_015090842.1:7246183",279,466,187
"HSBP1","s1639_F_TNA_03_ASEReadCounter.table","NW_015090842.1:7247285",29,40,11
"HSBP1","s1639_F_TNA_03_ASEReadCounter.table","NW_015090842.1:7247651",255,540,285
"HSBP1","s1639_F_TNA_03_ASEReadCounter.table","NW_015090842.1:7247657",258,552,294
"HSBP1","s1639_F_TNA_03_ASEReadCounter.table","NW_015090842.1:7248520",204,374,170
"HSBP1","s1639_F_TNA_03_ASEReadCounter.table","NW_015090842.1:7248535",182,323,141
"KCNG4","s1639_F_TNA_03_ASEReadCounter.table","NW_015090842.1:7282481",5,7,2
"KCNG4","s1639_F_TNA_03_ASEReadCounter.table","NW_015090842.1:7282500",5,8,3
"KCNG4","s1639_F_TNA_03_ASEReadCounter.table","NW_015090842.1:7282542",7,9,2
"KCNG4","s1639_F_TNA_03_ASEReadCounter.table","NW_015090842.1:7282579",6,9,3
"KCNG4","s1639_F_TNA_03_ASEReadCounter.table","NW_015090842.1:7282630",5,8,3
"KCNG4","s1639_F_TNA_03_ASEReadCounter.table","NW_015090842.1:7283056",1,2,1
"KCNG4","s1639_F_TNA_03_ASEReadCounter.table","NW_015090842.1:7283245",0,1,1
"KCNG4","s1639_F_TNA_03_ASEReadCounter.table","NW_015090842.1:7301195",0,2,2
"KCNG4","s1639_F_TNA_03_ASEReadCounter.table","NW_015090842.1:7301227",0,1,1
"KCNG4","s1639_F_TNA_03_ASEReadCounter.table","NW_015090842.1:7301240",0,1,1
"KCNG4","s1639_F_TNA_03_ASEReadCounter.table","NW_015090842.1:7301413",1,1,0
"WFDC1","s1639_F_TNA_03_ASEReadCounter.table","NW_015090842.1:7366517",1,1,0
"WFDC1","s1639_F_TNA_03_ASEReadCounter.table","NW_015090842.1:7373367",1,2,1
"WFDC1","s1639_F_TNA_03_ASEReadCounter.table","NW_015090842.1:7375828",0,1,1
"WFDC1","s1639_F_TNA_03_ASEReadCounter.table","NW_015090842.1:7378036",0,3,3
"WFDC1","s1639_F_TNA_03_ASEReadCounter.table","NW_015090842.1:7379125",0,1,1
"WFDC1","s1639_F_TNA_03_ASEReadCounter.table","NW_015090842.1:7379451",1,3,2
"WFDC1","s1639_F_TNA_03_ASEReadCounter.table","NW_015090842.1:7379471",1,3,2
"WFDC1","s1639_F_TNA_03_ASEReadCounter.table","NW_015090842.1:7379576",1,2,1
"WFDC1","s1639_F_TNA_03_ASEReadCounter.table","NW_015090842.1:7379596",2,3,1
"WFDC1","s1639_F_TNA_03_ASEReadCounter.table","NW_015090842.1:7379605",2,3,1
"WFDC1","s1639_F_TNA_03_ASEReadCounter.table","NW_015090842.1:7379626",2,3,1
"WFDC1","s1639_F_TNA_03_ASEReadCounter.table","NW_015090842.1:7379631",2,2,0
"WFDC1","s1639_F_TNA_03_ASEReadCounter.table","NW_015090842.1:7379632",2,2,0
"WFDC1","s1639_F_TNA_03_ASEReadCounter.table","NW_015090842.1:7379652",2,2,0
"WFDC1","s1639_F_TNA_03_ASEReadCounter.table","NW_015090842.1:7379669",3,3,0
"WFDC1","s1639_F_TNA_03_ASEReadCounter.table","NW_015090842.1:7379674",2,2,0
"WFDC1","s1639_F_TNA_03_ASEReadCounter.table","NW_015090842.1:7379719",1,1,0
"WFDC1","s1639_F_TNA_03_ASEReadCounter.table","NW_015090842.1:7379735",1,1,0
"WFDC1","s1639_F_TNA_03_ASEReadCounter.table","NW_015090842.1:7379739",1,1,0
"WFDC1","s1639_F_TNA_03_ASEReadCounter.table","NW_015090842.1:7379821",1,3,2
"WFDC1","s1639_F_TNA_03_ASEReadCounter.table","NW_015090842.1:7379840",2,3,1
"WFDC1","s1639_F_TNA_03_ASEReadCounter.table","NW_015090842.1:7379933",2,3,1
"WFDC1","s1639_F_TNA_03_ASEReadCounter.table","NW_015090842.1:7379935",2,3,1
"WFDC1","s1639_F_TNA_03_ASEReadCounter.table","NW_015090842.1:7379983",3,6,3
"WFDC1","s1639_F_TNA_03_ASEReadCounter.table","NW_015090842.1:7380060",2,3,1
"WFDC1","s1639_F_TNA_03_ASEReadCounter.table","NW_015090842.1:7380136",0,1,1
"WFDC1","s1639_F_TNA_03_ASEReadCounter.table","NW_015090842.1:7380150",0,1,1
"WFDC1","s1639_F_TNA_03_ASEReadCounter.table","NW_015090842.1:7380164",0,1,1
"WFDC1","s1639_F_TNA_03_ASEReadCounter.table","NW_015090842.1:7380237",3,3,0
"WFDC1","s1639_F_TNA_03_ASEReadCounter.table","NW_015090842.1:7380261",3,3,0
"WFDC1","s1639_F_TNA_03_ASEReadCounter.table","NW_015090842.1:7380322",2,2,0
"WFDC1","s1639_F_TNA_03_ASEReadCounter.table","NW_015090842.1:7380491",0,1,1
"WFDC1","s1639_F_TNA_03_ASEReadCounter.table","NW_015090842.1:7380567",0,2,2
"WFDC1","s1639_F_TNA_03_ASEReadCounter.table","NW_015090842.1:7380672",2,3,1
"WFDC1","s1639_F_TNA_03_ASEReadCounter.table","NW_015090842.1:7380721",3,4,1
"WFDC1","s1639_F_TNA_03_ASEReadCounter.table","NW_015090842.1:7380743",2,3,1
"WFDC1","s1639_F_TNA_03_ASEReadCounter.table","NW_015090842.1:7380852",2,4,2
"WFDC1","s1639_F_TNA_03_ASEReadCounter.table","NW_015090842.1:7380878",4,6,2
"WFDC1","s1639_F_TNA_03_ASEReadCounter.table","NW_015090842.1:7381081",4,8,4
"WFDC1","s1639_F_TNA_03_ASEReadCounter.table","NW_015090842.1:7381127",4,7,3
"WFDC1","s1639_F_TNA_03_ASEReadCounter.table","NW_015090842.1:7381195",2,4,2
"WFDC1","s1639_F_TNA_03_ASEReadCounter.table","NW_015090842.1:7381253",3,9,6
"WFDC1","s1639_F_TNA_03_ASEReadCounter.table","NW_015090842.1:7381378",3,10,7
"WFDC1","s1639_F_TNA_03_ASEReadCounter.table","NW_015090842.1:7381433",5,12,7
"WFDC1","s1639_F_TNA_03_ASEReadCounter.table","NW_015090842.1:7381434",5,13,8
"WFDC1","s1639_F_TNA_03_ASEReadCounter.table","NW_015090842.1:7381442",6,15,9
"WFDC1","s1639_F_TNA_03_ASEReadCounter.table","NW_015090842.1:7381517",3,11,8
"WFDC1","s1639_F_TNA_03_ASEReadCounter.table","NW_015090842.1:7381520",5,13,8
"WFDC1","s1639_F_TNA_03_ASEReadCounter.table","NW_015090842.1:7381677",3,7,4
"WFDC1","s1639_F_TNA_03_ASEReadCounter.table","NW_015090842.1:7381709",2,6,4
"ATP2C2","s1639_F_TNA_03_ASEReadCounter.table","NW_015090842.1:7392613",1,2,1
"ATP2C2","s1639_F_TNA_03_ASEReadCounter.table","NW_015090842.1:7395230",3,4,1
"ATP2C2","s1639_F_TNA_03_ASEReadCounter.table","NW_015090842.1:7395366",4,4,0
"ATP2C2","s1639_F_TNA_03_ASEReadCounter.table","NW_015090842.1:7396756",0,1,1
"ATP2C2","s1639_F_TNA_03_ASEReadCounter.table","NW_015090842.1:7397049",0,1,1
"ATP2C2","s1639_F_TNA_03_ASEReadCounter.table","NW_015090842.1:7398395",2,4,2
"ATP2C2","s1639_F_TNA_03_ASEReadCounter.table","NW_015090842.1:7399774",1,1,0
"ATP2C2","s1639_F_TNA_03_ASEReadCounter.table","NW_015090842.1:7402554",3,3,0
"ATP2C2","s1639_F_TNA_03_ASEReadCounter.table","NW_015090842.1:7402578",3,3,0
"ATP2C2","s1639_F_TNA_03_ASEReadCounter.table","NW_015090842.1:7405621",2,4,2
"ATP2C2","s1639_F_TNA_03_ASEReadCounter.table","NW_015090842.1:7413855",26,45,19
"ATP2C2","s1639_F_TNA_03_ASEReadCounter.table","NW_015090842.1:7413869",2,20,18
"ATP2C2","s1639_F_TNA_03_ASEReadCounter.table","NW_015090842.1:7413875",4,23,19
"TLDC1","s1639_F_TNA_03_ASEReadCounter.table","NW_015090842.1:7421137",25,51,26
"TLDC1","s1639_F_TNA_03_ASEReadCounter.table","NW_015090842.1:7421155",20,49,29
"TLDC1","s1639_F_TNA_03_ASEReadCounter.table","NW_015090842.1:7421218",20,42,22
"TLDC1","s1639_F_TNA_03_ASEReadCounter.table","NW_015090842.1:7421399",16,36,20
"TLDC1","s1639_F_TNA_03_ASEReadCounter.table","NW_015090842.1:7421402",16,36,20
"TLDC1","s1639_F_TNA_03_ASEReadCounter.table","NW_015090842.1:7421528",16,43,27
"TLDC1","s1639_F_TNA_03_ASEReadCounter.table","NW_015090842.1:7421532",13,40,27
"TLDC1","s1639_F_TNA_03_ASEReadCounter.table","NW_015090842.1:7421621",19,44,25
"TLDC1","s1639_F_TNA_03_ASEReadCounter.table","NW_015090842.1:7421647",16,42,26
"TLDC1","s1639_F_TNA_03_ASEReadCounter.table","NW_015090842.1:7421657",16,41,25
"TLDC1","s1639_F_TNA_03_ASEReadCounter.table","NW_015090842.1:7421693",18,41,23
"TLDC1","s1639_F_TNA_03_ASEReadCounter.table","NW_015090842.1:7421796",16,31,15
"TLDC1","s1639_F_TNA_03_ASEReadCounter.table","NW_015090842.1:7421810",17,29,12
"TLDC1","s1639_F_TNA_03_ASEReadCounter.table","NW_015090842.1:7421833",18,33,15
"TLDC1","s1639_F_TNA_03_ASEReadCounter.table","NW_015090842.1:7421879",20,29,9
"TLDC1","s1639_F_TNA_03_ASEReadCounter.table","NW_015090842.1:7421914",22,33,11
"TLDC1","s1639_F_TNA_03_ASEReadCounter.table","NW_015090842.1:7421969",18,26,8
"TLDC1","s1639_F_TNA_03_ASEReadCounter.table","NW_015090842.1:7422015",10,19,9
"TLDC1","s1639_F_TNA_03_ASEReadCounter.table","NW_015090842.1:7422042",12,23,11
"TLDC1","s1639_F_TNA_03_ASEReadCounter.table","NW_015090842.1:7422230",14,34,20
"TLDC1","s1639_F_TNA_03_ASEReadCounter.table","NW_015090842.1:7423349",17,32,15
"TLDC1","s1639_F_TNA_03_ASEReadCounter.table","NW_015090842.1:7423362",15,32,17
"TLDC1","s1639_F_TNA_03_ASEReadCounter.table","NW_015090842.1:7426091",7,18,11
"TLDC1","s1639_F_TNA_03_ASEReadCounter.table","NW_015090842.1:7426485",7,14,7
"TLDC1","s1639_F_TNA_03_ASEReadCounter.table","NW_015090842.1:7427211",7,14,7
"TLDC1","s1639_F_TNA_03_ASEReadCounter.table","NW_015090842.1:7428179",7,18,11
"COTL1","s1639_F_TNA_03_ASEReadCounter.table","NW_015090842.1:7490744",524,1149,625
"COTL1","s1639_F_TNA_03_ASEReadCounter.table","NW_015090842.1:7491051",353,747,394
"COTL1","s1639_F_TNA_03_ASEReadCounter.table","NW_015090842.1:7491124",334,693,359
"COTL1","s1639_F_TNA_03_ASEReadCounter.table","NW_015090842.1:7491418",176,384,208
"COTL1","s1639_F_TNA_03_ASEReadCounter.table","NW_015090842.1:7491539",124,273,149
"COTL1","s1639_F_TNA_03_ASEReadCounter.table","NW_015090842.1:7491585",184,398,214
"COTL1","s1639_F_TNA_03_ASEReadCounter.table","NW_015090842.1:7491586",181,408,227
"COTL1","s1639_F_TNA_03_ASEReadCounter.table","NW_015090842.1:7491646",222,491,269
"COTL1","s1639_F_TNA_03_ASEReadCounter.table","NW_015090842.1:7491747",197,365,168
"COTL1","s1639_F_TNA_03_ASEReadCounter.table","NW_015090842.1:7491803",167,355,188
"COTL1","s1639_F_TNA_03_ASEReadCounter.table","NW_015090842.1:7510900",0,1,1
"COTL1","s1639_F_TNA_03_ASEReadCounter.table","NW_015090842.1:7513196",2,2,0
"COTL1","s1639_F_TNA_03_ASEReadCounter.table","NW_015090842.1:7513223",2,2,0
"COTL1","s1639_F_TNA_03_ASEReadCounter.table","NW_015090842.1:7513239",1,1,0
"KLHL36","s1639_F_TNA_03_ASEReadCounter.table","NW_015090842.1:7514700",34,46,12
"KLHL36","s1639_F_TNA_03_ASEReadCounter.table","NW_015090842.1:7519696",0,1,1
"KLHL36","s1639_F_TNA_03_ASEReadCounter.table","NW_015090842.1:7526160",23,39,16
"KLHL36","s1639_F_TNA_03_ASEReadCounter.table","NW_015090842.1:7526469",9,15,6
"KLHL36","s1639_F_TNA_03_ASEReadCounter.table","NW_015090842.1:7526587",11,23,12
"KLHL36","s1639_F_TNA_03_ASEReadCounter.table","NW_015090842.1:7526997",8,26,18
"KLHL36","s1639_F_TNA_03_ASEReadCounter.table","NW_015090842.1:7527142",11,28,17
"KLHL36","s1639_F_TNA_03_ASEReadCounter.table","NW_015090842.1:7535174",27,57,30
"KLHL36","s1639_F_TNA_03_ASEReadCounter.table","NW_015090842.1:7535384",23,47,24
"KLHL36","s1639_F_TNA_03_ASEReadCounter.table","NW_015090842.1:7535420",27,51,24
"KLHL36","s1639_F_TNA_03_ASEReadCounter.table","NW_015090842.1:7535545",18,28,10
"KLHL36","s1639_F_TNA_03_ASEReadCounter.table","NW_015090842.1:7535829",18,41,23
"KLHL36","s1639_F_TNA_03_ASEReadCounter.table","NW_015090842.1:7535977",16,31,15
"KLHL36","s1639_F_TNA_03_ASEReadCounter.table","NW_015090842.1:7536010",14,29,15
"KLHL36","s1639_F_TNA_03_ASEReadCounter.table","NW_015090842.1:7536051",20,44,24
"KLHL36","s1639_F_TNA_03_ASEReadCounter.table","NW_015090842.1:7536096",17,42,25
"KLHL36","s1639_F_TNA_03_ASEReadCounter.table","NW_015090842.1:7536135",22,45,23
"KLHL36","s1639_F_TNA_03_ASEReadCounter.table","NW_015090842.1:7536136",22,45,23
"KLHL36","s1639_F_TNA_03_ASEReadCounter.table","NW_015090842.1:7536160",20,45,25
"KLHL36","s1639_F_TNA_03_ASEReadCounter.table","NW_015090842.1:7536336",20,52,32
"KLHL36","s1639_F_TNA_03_ASEReadCounter.table","NW_015090842.1:7536352",19,56,37
"KLHL36","s1639_F_TNA_03_ASEReadCounter.table","NW_015090842.1:7536412",6,50,44
"KLHL36","s1639_F_TNA_03_ASEReadCounter.table","NW_015090842.1:7536418",5,50,45
"KLHL36","s1639_F_TNA_03_ASEReadCounter.table","NW_015090842.1:7536465",13,44,31
"KLHL36","s1639_F_TNA_03_ASEReadCounter.table","NW_015090842.1:7536466",13,43,30
"KLHL36","s1639_F_TNA_03_ASEReadCounter.table","NW_015090842.1:7536553",22,54,32
"KLHL36","s1639_F_TNA_03_ASEReadCounter.table","NW_015090842.1:7536698",24,47,23
"KLHL36","s1639_F_TNA_03_ASEReadCounter.table","NW_015090842.1:7536713",15,45,30
"KLHL36","s1639_F_TNA_03_ASEReadCounter.table","NW_015090842.1:7536720",31,53,22
"KLHL36","s1639_F_TNA_03_ASEReadCounter.table","NW_015090842.1:7536791",46,67,21
"KLHL36","s1639_F_TNA_03_ASEReadCounter.table","NW_015090842.1:7536849",30,57,27
"KLHL36","s1639_F_TNA_03_ASEReadCounter.table","NW_015090842.1:7536872",36,75,39
"KLHL36","s1639_F_TNA_03_ASEReadCounter.table","NW_015090842.1:7536878",38,72,34
"KLHL36","s1639_F_TNA_03_ASEReadCounter.table","NW_015090842.1:7536916",50,82,32
"KLHL36","s1639_F_TNA_03_ASEReadCounter.table","NW_015090842.1:7536927",53,102,49
"KLHL36","s1639_F_TNA_03_ASEReadCounter.table","NW_015090842.1:7537315",51,91,40
"KLHL36","s1639_F_TNA_03_ASEReadCounter.table","NW_015090842.1:7537352",45,80,35
"KLHL36","s1639_F_TNA_03_ASEReadCounter.table","NW_015090842.1:7537631",57,107,50
"KLHL36","s1639_F_TNA_03_ASEReadCounter.table","NW_015090842.1:7537830",87,144,57
"KLHL36","s1639_F_TNA_03_ASEReadCounter.table","NW_015090842.1:7537838",74,135,61
"KLHL36","s1639_F_TNA_03_ASEReadCounter.table","NW_015090842.1:7538153",46,107,61
"KLHL36","s1639_F_TNA_03_ASEReadCounter.table","NW_015090842.1:7538256",44,120,76
"KLHL36","s1639_F_TNA_03_ASEReadCounter.table","NW_015090842.1:7538265",41,112,71
"KLHL36","s1639_F_TNA_03_ASEReadCounter.table","NW_015090842.1:7538300",46,120,74
"USP10","s1639_F_TNA_03_ASEReadCounter.table","NW_015090842.1:7563972",4,7,3
"USP10","s1639_F_TNA_03_ASEReadCounter.table","NW_015090842.1:7571816",3,14,11
"USP10","s1639_F_TNA_03_ASEReadCounter.table","NW_015090842.1:7571993",8,14,6
"USP10","s1639_F_TNA_03_ASEReadCounter.table","NW_015090842.1:7572580",19,40,21
"USP10","s1639_F_TNA_03_ASEReadCounter.table","NW_015090842.1:7587372",47,89,42
"CRISPLD2","s1639_F_TNA_03_ASEReadCounter.table","NW_015090842.1:7604605",1,1,0
"CRISPLD2","s1639_F_TNA_03_ASEReadCounter.table","NW_015090842.1:7617757",1,1,0
"CRISPLD2","s1639_F_TNA_03_ASEReadCounter.table","NW_015090842.1:7617781",1,1,0
"CRISPLD2","s1639_F_TNA_03_ASEReadCounter.table","NW_015090842.1:7617790",1,1,0
"CRISPLD2","s1639_F_TNA_03_ASEReadCounter.table","NW_015090842.1:7621452",1,1,0
"CRISPLD2","s1639_F_TNA_03_ASEReadCounter.table","NW_015090842.1:7626214",2,2,0
"CRISPLD2","s1639_F_TNA_03_ASEReadCounter.table","NW_015090842.1:7630784",3,3,0
"CRISPLD2","s1639_F_TNA_03_ASEReadCounter.table","NW_015090842.1:7630823",4,4,0
"CRISPLD2","s1639_F_TNA_03_ASEReadCounter.table","NW_015090842.1:7633172",8,8,0
"CRISPLD2","s1639_F_TNA_03_ASEReadCounter.table","NW_015090842.1:7633326",6,6,0
"CRISPLD2","s1639_F_TNA_03_ASEReadCounter.table","NW_015090842.1:7633336",6,6,0
"CRISPLD2","s1639_F_TNA_03_ASEReadCounter.table","NW_015090842.1:7633381",6,7,1
"CRISPLD2","s1639_F_TNA_03_ASEReadCounter.table","NW_015090842.1:7633388",6,7,1
"CRISPLD2","s1639_F_TNA_03_ASEReadCounter.table","NW_015090842.1:7633400",4,5,1
"CRISPLD2","s1639_F_TNA_03_ASEReadCounter.table","NW_015090842.1:7633486",6,6,0
"CRISPLD2","s1639_F_TNA_03_ASEReadCounter.table","NW_015090842.1:7633503",5,6,1
"CRISPLD2","s1639_F_TNA_03_ASEReadCounter.table","NW_015090842.1:7633504",5,6,1
"CRISPLD2","s1639_F_TNA_03_ASEReadCounter.table","NW_015090842.1:7633557",5,8,3
"CRISPLD2","s1639_F_TNA_03_ASEReadCounter.table","NW_015090842.1:7633571",5,8,3
"CRISPLD2","s1639_F_TNA_03_ASEReadCounter.table","NW_015090842.1:7633588",3,6,3
"CRISPLD2","s1639_F_TNA_03_ASEReadCounter.table","NW_015090842.1:7633617",3,5,2
"CRISPLD2","s1639_F_TNA_03_ASEReadCounter.table","NW_015090842.1:7633695",4,5,1
"CRISPLD2","s1639_F_TNA_03_ASEReadCounter.table","NW_015090842.1:7633721",3,5,2
"CRISPLD2","s1639_F_TNA_03_ASEReadCounter.table","NW_015090842.1:7633888",2,2,0
"CRISPLD2","s1639_F_TNA_03_ASEReadCounter.table","NW_015090842.1:7633910",2,2,0
"CRISPLD2","s1639_F_TNA_03_ASEReadCounter.table","NW_015090842.1:7634142",2,2,0
"CRISPLD2","s1639_F_TNA_03_ASEReadCounter.table","NW_015090842.1:7634417",2,3,1
"CRISPLD2","s1639_F_TNA_03_ASEReadCounter.table","NW_015090842.1:7635009",2,2,0
"CRISPLD2","s1639_F_TNA_03_ASEReadCounter.table","NW_015090842.1:7635208",5,6,1
"CRISPLD2","s1639_F_TNA_03_ASEReadCounter.table","NW_015090842.1:7635373",3,6,3
"CRISPLD2","s1639_F_TNA_03_ASEReadCounter.table","NW_015090842.1:7635525",1,2,1
"CRISPLD2","s1639_F_TNA_03_ASEReadCounter.table","NW_015090842.1:7635583",2,4,2
"CRISPLD2","s1639_F_TNA_03_ASEReadCounter.table","NW_015090842.1:7635924",2,3,1
"LOC106888312","s1639_F_TNA_03_ASEReadCounter.table","NW_015090842.1:7727961",0,1,1
"LOC106888312","s1639_F_TNA_03_ASEReadCounter.table","NW_015090842.1:7732782",1,1,0
"LOC106888312","s1639_F_TNA_03_ASEReadCounter.table","NW_015090842.1:7732796",1,1,0
"LOC106888312","s1639_F_TNA_03_ASEReadCounter.table","NW_015090842.1:7732860",1,1,0
"LOC106888312","s1639_F_TNA_03_ASEReadCounter.table","NW_015090842.1:7732861",1,1,0
"ZDHHC7","s1639_F_TNA_03_ASEReadCounter.table","NW_015090842.1:7737199",14,30,16
"ZDHHC7","s1639_F_TNA_03_ASEReadCounter.table","NW_015090842.1:7737332",15,25,10
"ZDHHC7","s1639_F_TNA_03_ASEReadCounter.table","NW_015090842.1:7737553",20,37,17
"ZDHHC7","s1639_F_TNA_03_ASEReadCounter.table","NW_015090842.1:7737920",8,21,13
"ZDHHC7","s1639_F_TNA_03_ASEReadCounter.table","NW_015090842.1:7737953",7,21,14
"ZDHHC7","s1639_F_TNA_03_ASEReadCounter.table","NW_015090842.1:7737987",7,19,12
"ZDHHC7","s1639_F_TNA_03_ASEReadCounter.table","NW_015090842.1:7738068",8,13,5
"ZDHHC7","s1639_F_TNA_03_ASEReadCounter.table","NW_015090842.1:7738204",4,19,15
"LOC106888097","s1639_F_TNA_03_ASEReadCounter.table","NW_015090842.1:7767178",2,5,3
"LOC106888097","s1639_F_TNA_03_ASEReadCounter.table","NW_015090842.1:7767187",3,6,3
"LOC106888097","s1639_F_TNA_03_ASEReadCounter.table","NW_015090842.1:7768144",5,8,3
"LOC106888097","s1639_F_TNA_03_ASEReadCounter.table","NW_015090842.1:7768196",6,11,5
"LOC106888097","s1639_F_TNA_03_ASEReadCounter.table","NW_015090842.1:7769884",5,9,4
"LOC106888097","s1639_F_TNA_03_ASEReadCounter.table","NW_015090842.1:7769893",3,7,4
"LOC106888097","s1639_F_TNA_03_ASEReadCounter.table","NW_015090842.1:7770245",7,17,10
"LOC106888097","s1639_F_TNA_03_ASEReadCounter.table","NW_015090842.1:7772402",5,14,9
"LOC106888097","s1639_F_TNA_03_ASEReadCounter.table","NW_015090842.1:7772483",5,21,16
"LOC106888097","s1639_F_TNA_03_ASEReadCounter.table","NW_015090842.1:7772490",5,20,15
"LOC106888097","s1639_F_TNA_03_ASEReadCounter.table","NW_015090842.1:7774281",7,22,15
"LOC106888097","s1639_F_TNA_03_ASEReadCounter.table","NW_015090842.1:7774552",18,55,37
"LOC106888097","s1639_F_TNA_03_ASEReadCounter.table","NW_015090842.1:7774564",19,56,37
"LOC106888097","s1639_F_TNA_03_ASEReadCounter.table","NW_015090842.1:7774611",13,48,35
"LOC106888097","s1639_F_TNA_03_ASEReadCounter.table","NW_015090842.1:7774681",22,50,28
"LOC106888097","s1639_F_TNA_03_ASEReadCounter.table","NW_015090842.1:7774698",19,36,17
"LOC106888097","s1639_F_TNA_03_ASEReadCounter.table","NW_015090842.1:7774730",5,19,14
"FOXC2","s1639_F_TNA_03_ASEReadCounter.table","NW_015090842.1:8129599",2,11,9
"FOXC2","s1639_F_TNA_03_ASEReadCounter.table","NW_015090842.1:8129616",4,10,6
"FOXC2","s1639_F_TNA_03_ASEReadCounter.table","NW_015090842.1:8129715",6,16,10
"FOXC2","s1639_F_TNA_03_ASEReadCounter.table","NW_015090842.1:8129719",6,16,10
"FOXC2","s1639_F_TNA_03_ASEReadCounter.table","NW_015090842.1:8130244",4,9,5
"FOXC2","s1639_F_TNA_03_ASEReadCounter.table","NW_015090842.1:8130472",2,2,0
"FOXC2","s1639_F_TNA_03_ASEReadCounter.table","NW_015090842.1:8130490",3,3,0
"FOXC2","s1639_F_TNA_03_ASEReadCounter.table","NW_015090842.1:8130547",2,2,0
"FOXC2","s1639_F_TNA_03_ASEReadCounter.table","NW_015090842.1:8130550",2,2,0
"FOXC2","s1639_F_TNA_03_ASEReadCounter.table","NW_015090842.1:8130573",1,1,0
"FOXC2","s1639_F_TNA_03_ASEReadCounter.table","NW_015090842.1:8130575",1,1,0
"MTHFSD","s1639_F_TNA_03_ASEReadCounter.table","NW_015090842.1:8140051",5,19,14
"MTHFSD","s1639_F_TNA_03_ASEReadCounter.table","NW_015090842.1:8142923",17,34,17
"MTHFSD","s1639_F_TNA_03_ASEReadCounter.table","NW_015090842.1:8143029",10,29,19
"MTHFSD","s1639_F_TNA_03_ASEReadCounter.table","NW_015090842.1:8152035",9,32,23
"MTHFSD","s1639_F_TNA_03_ASEReadCounter.table","NW_015090842.1:8152315",10,26,16
"MTHFSD","s1639_F_TNA_03_ASEReadCounter.table","NW_015090842.1:8152511",3,20,17
"MTHFSD","s1639_F_TNA_03_ASEReadCounter.table","NW_015090842.1:8152518",4,22,18
"MTHFSD","s1639_F_TNA_03_ASEReadCounter.table","NW_015090842.1:8152553",6,22,16
"MTHFSD","s1639_F_TNA_03_ASEReadCounter.table","NW_015090842.1:8152773",6,22,16
"MTHFSD","s1639_F_TNA_03_ASEReadCounter.table","NW_015090842.1:8152805",8,23,15
"IRF8","s1639_F_TNA_03_ASEReadCounter.table","NW_015090842.1:8406652",6,16,10
"IRF8","s1639_F_TNA_03_ASEReadCounter.table","NW_015090842.1:8406703",8,14,6
"IRF8","s1639_F_TNA_03_ASEReadCounter.table","NW_015090842.1:8406704",9,15,6
"IRF8","s1639_F_TNA_03_ASEReadCounter.table","NW_015090842.1:8406757",9,14,5
"IRF8","s1639_F_TNA_03_ASEReadCounter.table","NW_015090842.1:8406778",7,12,5
"IRF8","s1639_F_TNA_03_ASEReadCounter.table","NW_015090842.1:8406819",6,13,7
"IRF8","s1639_F_TNA_03_ASEReadCounter.table","NW_015090842.1:8406941",6,14,8
"IRF8","s1639_F_TNA_03_ASEReadCounter.table","NW_015090842.1:8407008",7,15,8
"IRF8","s1639_F_TNA_03_ASEReadCounter.table","NW_015090842.1:8407057",5,8,3
"IRF8","s1639_F_TNA_03_ASEReadCounter.table","NW_015090842.1:8407064",6,9,3
"IRF8","s1639_F_TNA_03_ASEReadCounter.table","NW_015090842.1:8407069",7,11,4
"IRF8","s1639_F_TNA_03_ASEReadCounter.table","NW_015090842.1:8407120",7,10,3
"IRF8","s1639_F_TNA_03_ASEReadCounter.table","NW_015090842.1:8407157",9,11,2
"IRF8","s1639_F_TNA_03_ASEReadCounter.table","NW_015090842.1:8407203",7,9,2
"IRF8","s1639_F_TNA_03_ASEReadCounter.table","NW_015090842.1:8407272",5,8,3
"IRF8","s1639_F_TNA_03_ASEReadCounter.table","NW_015090842.1:8407276",4,6,2
"IRF8","s1639_F_TNA_03_ASEReadCounter.table","NW_015090842.1:8407303",6,12,6
"IRF8","s1639_F_TNA_03_ASEReadCounter.table","NW_015090842.1:8407451",6,11,5
"IRF8","s1639_F_TNA_03_ASEReadCounter.table","NW_015090842.1:8407456",6,11,5
"IRF8","s1639_F_TNA_03_ASEReadCounter.table","NW_015090842.1:8408564",4,13,9
"IRF8","s1639_F_TNA_03_ASEReadCounter.table","NW_015090842.1:8408585",9,9,0
"IRF8","s1639_F_TNA_03_ASEReadCounter.table","NW_015090842.1:8408973",5,11,6
"IRF8","s1639_F_TNA_03_ASEReadCounter.table","NW_015090842.1:8409060",2,3,1
"IRF8","s1639_F_TNA_03_ASEReadCounter.table","NW_015090842.1:8409065",2,4,2
"IRF8","s1639_F_TNA_03_ASEReadCounter.table","NW_015090842.1:8409254",4,4,0
"IRF8","s1639_F_TNA_03_ASEReadCounter.table","NW_015090842.1:8409255",4,4,0
"IRF8","s1639_F_TNA_03_ASEReadCounter.table","NW_015090842.1:8409258",5,5,0
"IRF8","s1639_F_TNA_03_ASEReadCounter.table","NW_015090842.1:8409312",2,4,2
"IRF8","s1639_F_TNA_03_ASEReadCounter.table","NW_015090842.1:8410216",4,6,2
"IRF8","s1639_F_TNA_03_ASEReadCounter.table","NW_015090842.1:8410237",4,6,2
"IRF8","s1639_F_TNA_03_ASEReadCounter.table","NW_015090842.1:8410276",5,5,0
"IRF8","s1639_F_TNA_03_ASEReadCounter.table","NW_015090842.1:8410813",4,5,1
"IRF8","s1639_F_TNA_03_ASEReadCounter.table","NW_015090842.1:8410861",5,6,1
"IRF8","s1639_F_TNA_03_ASEReadCounter.table","NW_015090842.1:8411940",4,7,3
"IRF8","s1639_F_TNA_03_ASEReadCounter.table","NW_015090842.1:8412006",1,3,2
"IRF8","s1639_F_TNA_03_ASEReadCounter.table","NW_015090842.1:8412042",2,3,1
"COX4I1","s1639_F_TNA_03_ASEReadCounter.table","NW_015090842.1:8442258",933,1785,852
"COX4I1","s1639_F_TNA_03_ASEReadCounter.table","NW_015090842.1:8442333",762,1400,638
"EMC8","s1639_F_TNA_03_ASEReadCounter.table","NW_015090842.1:8444046",31,69,38
"EMC8","s1639_F_TNA_03_ASEReadCounter.table","NW_015090842.1:8444064",30,65,35
"EMC8","s1639_F_TNA_03_ASEReadCounter.table","NW_015090842.1:8452029",38,75,37
"EMC8","s1639_F_TNA_03_ASEReadCounter.table","NW_015090842.1:8452116",48,98,50
"EMC8","s1639_F_TNA_03_ASEReadCounter.table","NW_015090842.1:8452121",50,103,53
"EMC8","s1639_F_TNA_03_ASEReadCounter.table","NW_015090842.1:8452222",36,64,28
"EMC8","s1639_F_TNA_03_ASEReadCounter.table","NW_015090842.1:8452244",39,80,41
"EMC8","s1639_F_TNA_03_ASEReadCounter.table","NW_015090842.1:8452477",17,37,20
"EMC8","s1639_F_TNA_03_ASEReadCounter.table","NW_015090842.1:8452498",14,33,19
"EMC8","s1639_F_TNA_03_ASEReadCounter.table","NW_015090842.1:8452535",8,21,13
"EMC8","s1639_F_TNA_03_ASEReadCounter.table","NW_015090842.1:8452575",5,17,12
"EMC8","s1639_F_TNA_03_ASEReadCounter.table","NW_015090842.1:8452600",9,22,13
"EMC8","s1639_F_TNA_03_ASEReadCounter.table","NW_015090842.1:8452616",11,24,13
"EMC8","s1639_F_TNA_03_ASEReadCounter.table","NW_015090842.1:8452630",12,20,8
"EMC8","s1639_F_TNA_03_ASEReadCounter.table","NW_015090842.1:8452650",10,19,9
"EMC8","s1639_F_TNA_03_ASEReadCounter.table","NW_015090842.1:8452678",11,24,13
"EMC8","s1639_F_TNA_03_ASEReadCounter.table","NW_015090842.1:8452724",7,22,15
"EMC8","s1639_F_TNA_03_ASEReadCounter.table","NW_015090842.1:8452731",8,23,15
"EMC8","s1639_F_TNA_03_ASEReadCounter.table","NW_015090842.1:8452743",8,22,14
"EMC8","s1639_F_TNA_03_ASEReadCounter.table","NW_015090842.1:8452750",8,22,14
"EMC8","s1639_F_TNA_03_ASEReadCounter.table","NW_015090842.1:8452778",10,23,13
"EMC8","s1639_F_TNA_03_ASEReadCounter.table","NW_015090842.1:8452783",11,25,14
"EMC8","s1639_F_TNA_03_ASEReadCounter.table","NW_015090842.1:8452800",19,34,15
"EMC8","s1639_F_TNA_03_ASEReadCounter.table","NW_015090842.1:8452804",21,36,15
"EMC8","s1639_F_TNA_03_ASEReadCounter.table","NW_015090842.1:8452812",19,33,14
"EMC8","s1639_F_TNA_03_ASEReadCounter.table","NW_015090842.1:8452858",18,32,14
"EMC8","s1639_F_TNA_03_ASEReadCounter.table","NW_015090842.1:8452906",24,37,13
"EMC8","s1639_F_TNA_03_ASEReadCounter.table","NW_015090842.1:8452913",22,34,12
"EMC8","s1639_F_TNA_03_ASEReadCounter.table","NW_015090842.1:8453000",21,34,13
"EMC8","s1639_F_TNA_03_ASEReadCounter.table","NW_015090842.1:8453007",22,36,14
"EMC8","s1639_F_TNA_03_ASEReadCounter.table","NW_015090842.1:8453058",19,35,16
"EMC8","s1639_F_TNA_03_ASEReadCounter.table","NW_015090842.1:8453106",16,30,14
"GINS2","s1639_F_TNA_03_ASEReadCounter.table","NW_015090842.1:8466420",6,6,0
"GINS2","s1639_F_TNA_03_ASEReadCounter.table","NW_015090842.1:8466424",7,7,0
"GINS2","s1639_F_TNA_03_ASEReadCounter.table","NW_015090842.1:8466518",3,3,0
"GINS2","s1639_F_TNA_03_ASEReadCounter.table","NW_015090842.1:8468482",13,18,5
"GINS2","s1639_F_TNA_03_ASEReadCounter.table","NW_015090842.1:8470290",26,28,2
"GINS2","s1639_F_TNA_03_ASEReadCounter.table","NW_015090842.1:8470305",27,28,1
"GINS2","s1639_F_TNA_03_ASEReadCounter.table","NW_015090842.1:8470381",27,29,2
"GINS2","s1639_F_TNA_03_ASEReadCounter.table","NW_015090842.1:8470418",23,25,2
"GINS2","s1639_F_TNA_03_ASEReadCounter.table","NW_015090842.1:8470421",18,20,2
"GINS2","s1639_F_TNA_03_ASEReadCounter.table","NW_015090842.1:8470430",14,16,2
"GINS2","s1639_F_TNA_03_ASEReadCounter.table","NW_015090842.1:8470433",12,14,2
"GINS2","s1639_F_TNA_03_ASEReadCounter.table","NW_015090842.1:8470457",4,7,3
"GINS2","s1639_F_TNA_03_ASEReadCounter.table","NW_015090842.1:8470491",14,15,1
"GINS2","s1639_F_TNA_03_ASEReadCounter.table","NW_015090842.1:8470548",10,13,3
"GINS2","s1639_F_TNA_03_ASEReadCounter.table","NW_015090842.1:8470649",12,15,3
"GSE1","s1639_F_TNA_03_ASEReadCounter.table","NW_015090842.1:8475362",55,100,45
"GSE1","s1639_F_TNA_03_ASEReadCounter.table","NW_015090842.1:8475961",29,42,13
"GSE1","s1639_F_TNA_03_ASEReadCounter.table","NW_015090842.1:8476027",17,38,21
"GSE1","s1639_F_TNA_03_ASEReadCounter.table","NW_015090842.1:8476159",5,9,4
"GSE1","s1639_F_TNA_03_ASEReadCounter.table","NW_015090842.1:8477442",0,10,10
"GSE1","s1639_F_TNA_03_ASEReadCounter.table","NW_015090842.1:8477448",0,11,11
"GSE1","s1639_F_TNA_03_ASEReadCounter.table","NW_015090842.1:8477662",0,8,8
"GSE1","s1639_F_TNA_03_ASEReadCounter.table","NW_015090842.1:8477933",10,18,8
"GSE1","s1639_F_TNA_03_ASEReadCounter.table","NW_015090842.1:8477945",10,18,8
"GSE1","s1639_F_TNA_03_ASEReadCounter.table","NW_015090842.1:8483272",2,18,16
"GSE1","s1639_F_TNA_03_ASEReadCounter.table","NW_015090842.1:8483411",0,2,2
"GSE1","s1639_F_TNA_03_ASEReadCounter.table","NW_015090842.1:8483756",2,6,4
"GSE1","s1639_F_TNA_03_ASEReadCounter.table","NW_015090842.1:8486867",12,24,12
"GSE1","s1639_F_TNA_03_ASEReadCounter.table","NW_015090842.1:8486939",15,26,11
"GSE1","s1639_F_TNA_03_ASEReadCounter.table","NW_015090842.1:8486945",15,28,13
"GSE1","s1639_F_TNA_03_ASEReadCounter.table","NW_015090842.1:8486993",13,25,12
"GSE1","s1639_F_TNA_03_ASEReadCounter.table","NW_015090842.1:8487062",8,22,14
"GSE1","s1639_F_TNA_03_ASEReadCounter.table","NW_015090842.1:8488065",11,19,8
"GSE1","s1639_F_TNA_03_ASEReadCounter.table","NW_015090842.1:8488457",5,8,3
"GSE1","s1639_F_TNA_03_ASEReadCounter.table","NW_015090842.1:8488463",5,7,2
"GSE1","s1639_F_TNA_03_ASEReadCounter.table","NW_015090842.1:8488490",9,9,0
"GSE1","s1639_F_TNA_03_ASEReadCounter.table","NW_015090842.1:8488505",5,11,6
"GSE1","s1639_F_TNA_03_ASEReadCounter.table","NW_015090842.1:8490180",0,17,17
"KIAA0513","s1639_F_TNA_03_ASEReadCounter.table","NW_015090842.1:8668363",48,114,66
"KIAA0513","s1639_F_TNA_03_ASEReadCounter.table","NW_015090842.1:8668387",51,101,50
"KIAA0513","s1639_F_TNA_03_ASEReadCounter.table","NW_015090842.1:8668390",48,98,50
"KIAA0513","s1639_F_TNA_03_ASEReadCounter.table","NW_015090842.1:8673107",53,105,52
"KIAA0513","s1639_F_TNA_03_ASEReadCounter.table","NW_015090842.1:8673147",48,103,55
"KIAA0513","s1639_F_TNA_03_ASEReadCounter.table","NW_015090842.1:8674661",26,63,37
"KIAA0513","s1639_F_TNA_03_ASEReadCounter.table","NW_015090842.1:8674685",23,55,32
"KIAA0513","s1639_F_TNA_03_ASEReadCounter.table","NW_015090842.1:8674730",20,41,21
"KIAA0513","s1639_F_TNA_03_ASEReadCounter.table","NW_015090842.1:8675525",25,49,24
"KIAA0513","s1639_F_TNA_03_ASEReadCounter.table","NW_015090842.1:8675561",23,46,23
"KIAA0513","s1639_F_TNA_03_ASEReadCounter.table","NW_015090842.1:8678608",0,14,14
"KIAA0513","s1639_F_TNA_03_ASEReadCounter.table","NW_015090842.1:8686455",0,12,12
"KIAA0513","s1639_F_TNA_03_ASEReadCounter.table","NW_015090842.1:8686508",0,16,16
"KIAA0513","s1639_F_TNA_03_ASEReadCounter.table","NW_015090842.1:8686521",0,15,15
"KIAA0513","s1639_F_TNA_03_ASEReadCounter.table","NW_015090842.1:8693642",0,1,1
"KIAA0513","s1639_F_TNA_03_ASEReadCounter.table","NW_015090842.1:8693712",0,2,2
"FBXO31","s1639_F_TNA_03_ASEReadCounter.table","NW_015090842.1:8710240",15,29,14
"FBXO31","s1639_F_TNA_03_ASEReadCounter.table","NW_015090842.1:8710372",13,27,14
"FBXO31","s1639_F_TNA_03_ASEReadCounter.table","NW_015090842.1:8711239",15,31,16
"FBXO31","s1639_F_TNA_03_ASEReadCounter.table","NW_015090842.1:8714565",23,38,15
"FBXO31","s1639_F_TNA_03_ASEReadCounter.table","NW_015090842.1:8716001",8,19,11
"FBXO31","s1639_F_TNA_03_ASEReadCounter.table","NW_015090842.1:8725057",1,1,0
"FBXO31","s1639_F_TNA_03_ASEReadCounter.table","NW_015090842.1:8725162",1,1,0
"FBXO31","s1639_F_TNA_03_ASEReadCounter.table","NW_015090842.1:8725163",1,1,0
"FBXO31","s1639_F_TNA_03_ASEReadCounter.table","NW_015090842.1:8725170",1,1,0
"FBXO31","s1639_F_TNA_03_ASEReadCounter.table","NW_015090842.1:8725187",1,1,0
"FBXO31","s1639_F_TNA_03_ASEReadCounter.table","NW_015090842.1:8725188",1,1,0
"FBXO31","s1639_F_TNA_03_ASEReadCounter.table","NW_015090842.1:8725190",1,1,0
"ZCCHC14","s1639_F_TNA_03_ASEReadCounter.table","NW_015090842.1:8750174",47,63,16
"ZCCHC14","s1639_F_TNA_03_ASEReadCounter.table","NW_015090842.1:8750189",54,65,11
"ZCCHC14","s1639_F_TNA_03_ASEReadCounter.table","NW_015090842.1:8750365",34,64,30
"ZCCHC14","s1639_F_TNA_03_ASEReadCounter.table","NW_015090842.1:8750433",28,46,18
"ZCCHC14","s1639_F_TNA_03_ASEReadCounter.table","NW_015090842.1:8750449",27,44,17
"ZCCHC14","s1639_F_TNA_03_ASEReadCounter.table","NW_015090842.1:8750456",23,38,15
"ZCCHC14","s1639_F_TNA_03_ASEReadCounter.table","NW_015090842.1:8750497",31,50,19
"ZCCHC14","s1639_F_TNA_03_ASEReadCounter.table","NW_015090842.1:8750547",24,51,27
"ZCCHC14","s1639_F_TNA_03_ASEReadCounter.table","NW_015090842.1:8751100",10,14,4
"ZCCHC14","s1639_F_TNA_03_ASEReadCounter.table","NW_015090842.1:8751374",7,16,9
"ZCCHC14","s1639_F_TNA_03_ASEReadCounter.table","NW_015090842.1:8751403",8,22,14
"ZCCHC14","s1639_F_TNA_03_ASEReadCounter.table","NW_015090842.1:8751517",23,35,12
"ZCCHC14","s1639_F_TNA_03_ASEReadCounter.table","NW_015090842.1:8752060",10,22,12
"ZCCHC14","s1639_F_TNA_03_ASEReadCounter.table","NW_015090842.1:8752172",12,31,19
"ZCCHC14","s1639_F_TNA_03_ASEReadCounter.table","NW_015090842.1:8752183",15,35,20
"ZCCHC14","s1639_F_TNA_03_ASEReadCounter.table","NW_015090842.1:8752198",17,40,23
"ZCCHC14","s1639_F_TNA_03_ASEReadCounter.table","NW_015090842.1:8752248",20,48,28
"ZCCHC14","s1639_F_TNA_03_ASEReadCounter.table","NW_015090842.1:8752326",16,43,27
"ZCCHC14","s1639_F_TNA_03_ASEReadCounter.table","NW_015090842.1:8752393",20,40,20
"ZCCHC14","s1639_F_TNA_03_ASEReadCounter.table","NW_015090842.1:8752914",42,80,38
"ZCCHC14","s1639_F_TNA_03_ASEReadCounter.table","NW_015090842.1:8753528",5,8,3
"ZCCHC14","s1639_F_TNA_03_ASEReadCounter.table","NW_015090842.1:8753892",7,10,3
"ZCCHC14","s1639_F_TNA_03_ASEReadCounter.table","NW_015090842.1:8753910",6,9,3
"ZCCHC14","s1639_F_TNA_03_ASEReadCounter.table","NW_015090842.1:8755096",7,9,2
"ZCCHC14","s1639_F_TNA_03_ASEReadCounter.table","NW_015090842.1:8755327",3,5,2
"ZCCHC14","s1639_F_TNA_03_ASEReadCounter.table","NW_015090842.1:8755723",3,6,3
"ZCCHC14","s1639_F_TNA_03_ASEReadCounter.table","NW_015090842.1:8755739",3,8,5
"ZCCHC14","s1639_F_TNA_03_ASEReadCounter.table","NW_015090842.1:8756149",1,3,2
"ZCCHC14","s1639_F_TNA_03_ASEReadCounter.table","NW_015090842.1:8756347",0,1,1
"ZCCHC14","s1639_F_TNA_03_ASEReadCounter.table","NW_015090842.1:8756361",1,2,1
"ZCCHC14","s1639_F_TNA_03_ASEReadCounter.table","NW_015090842.1:8756388",1,2,1
"ZCCHC14","s1639_F_TNA_03_ASEReadCounter.table","NW_015090842.1:8756389",1,2,1
"ZCCHC14","s1639_F_TNA_03_ASEReadCounter.table","NW_015090842.1:8757160",3,4,1
"ZCCHC14","s1639_F_TNA_03_ASEReadCounter.table","NW_015090842.1:8804511",1,2,1
"ZCCHC14","s1639_F_TNA_03_ASEReadCounter.table","NW_015090842.1:8804979",1,1,0
"JPH3","s1639_F_TNA_03_ASEReadCounter.table","NW_015090842.1:8845375",28,46,18
"JPH3","s1639_F_TNA_03_ASEReadCounter.table","NW_015090842.1:8845640",31,55,24
"JPH3","s1639_F_TNA_03_ASEReadCounter.table","NW_015090842.1:8845654",32,56,24
"JPH3","s1639_F_TNA_03_ASEReadCounter.table","NW_015090842.1:8872283",44,81,37
"JPH3","s1639_F_TNA_03_ASEReadCounter.table","NW_015090842.1:8872294",44,80,36
"JPH3","s1639_F_TNA_03_ASEReadCounter.table","NW_015090842.1:8872730",87,171,84
"JPH3","s1639_F_TNA_03_ASEReadCounter.table","NW_015090842.1:8885260",119,267,148
"JPH3","s1639_F_TNA_03_ASEReadCounter.table","NW_015090842.1:8885315",95,236,141
"JPH3","s1639_F_TNA_03_ASEReadCounter.table","NW_015090842.1:8885328",88,213,125
"JPH3","s1639_F_TNA_03_ASEReadCounter.table","NW_015090842.1:8885438",107,221,114
"JPH3","s1639_F_TNA_03_ASEReadCounter.table","NW_015090842.1:8885525",41,117,76
"KLHDC4","s1639_F_TNA_03_ASEReadCounter.table","NW_015090842.1:8890729",40,59,19
"KLHDC4","s1639_F_TNA_03_ASEReadCounter.table","NW_015090842.1:8890749",45,60,15
"KLHDC4","s1639_F_TNA_03_ASEReadCounter.table","NW_015090842.1:8890761",48,68,20
"KLHDC4","s1639_F_TNA_03_ASEReadCounter.table","NW_015090842.1:8891123",86,122,36
"KLHDC4","s1639_F_TNA_03_ASEReadCounter.table","NW_015090842.1:8893124",33,57,24
"KLHDC4","s1639_F_TNA_03_ASEReadCounter.table","NW_015090842.1:8894542",28,57,29
"KLHDC4","s1639_F_TNA_03_ASEReadCounter.table","NW_015090842.1:8896726",13,28,15
"KLHDC4","s1639_F_TNA_03_ASEReadCounter.table","NW_015090842.1:8896767",17,36,19
"KLHDC4","s1639_F_TNA_03_ASEReadCounter.table","NW_015090842.1:8904174",13,24,11
"KLHDC4","s1639_F_TNA_03_ASEReadCounter.table","NW_015090842.1:8904231",13,30,17
"KLHDC4","s1639_F_TNA_03_ASEReadCounter.table","NW_015090842.1:8905251",13,24,11
"KLHDC4","s1639_F_TNA_03_ASEReadCounter.table","NW_015090842.1:8905263",14,26,12
"KLHDC4","s1639_F_TNA_03_ASEReadCounter.table","NW_015090842.1:8919626",1,1,0
"SLC7A5","s1639_F_TNA_03_ASEReadCounter.table","NW_015090842.1:8938782",212,515,303
"SLC7A5","s1639_F_TNA_03_ASEReadCounter.table","NW_015090842.1:8938943",138,338,200
"SLC7A5","s1639_F_TNA_03_ASEReadCounter.table","NW_015090842.1:8939611",67,147,80
"SLC7A5","s1639_F_TNA_03_ASEReadCounter.table","NW_015090842.1:8939738",71,188,117
"SLC7A5","s1639_F_TNA_03_ASEReadCounter.table","NW_015090842.1:8939739",71,187,116
"SLC7A5","s1639_F_TNA_03_ASEReadCounter.table","NW_015090842.1:8939740",68,187,119
"SLC7A5","s1639_F_TNA_03_ASEReadCounter.table","NW_015090842.1:8939795",101,191,90
"SLC7A5","s1639_F_TNA_03_ASEReadCounter.table","NW_015090842.1:8939815",86,187,101
"SLC7A5","s1639_F_TNA_03_ASEReadCounter.table","NW_015090842.1:8939816",85,184,99
"SLC7A5","s1639_F_TNA_03_ASEReadCounter.table","NW_015090842.1:8939817",86,191,105
"SLC7A5","s1639_F_TNA_03_ASEReadCounter.table","NW_015090842.1:8939845",89,198,109
"SLC7A5","s1639_F_TNA_03_ASEReadCounter.table","NW_015090842.1:8939894",91,192,101
"SLC7A5","s1639_F_TNA_03_ASEReadCounter.table","NW_015090842.1:8939895",89,189,100
"SLC7A5","s1639_F_TNA_03_ASEReadCounter.table","NW_015090842.1:8939997",293,293,0
"SLC7A5","s1639_F_TNA_03_ASEReadCounter.table","NW_015090842.1:8940172",88,228,140
"SLC7A5","s1639_F_TNA_03_ASEReadCounter.table","NW_015090842.1:8940331",35,111,76
"SLC7A5","s1639_F_TNA_03_ASEReadCounter.table","NW_015090842.1:8940696",49,96,47
"SLC7A5","s1639_F_TNA_03_ASEReadCounter.table","NW_015090842.1:8940719",22,83,61
"SLC7A5","s1639_F_TNA_03_ASEReadCounter.table","NW_015090842.1:8940737",25,76,51
"SLC7A5","s1639_F_TNA_03_ASEReadCounter.table","NW_015090842.1:8940743",26,79,53
"SLC7A5","s1639_F_TNA_03_ASEReadCounter.table","NW_015090842.1:8940766",31,88,57
"SLC7A5","s1639_F_TNA_03_ASEReadCounter.table","NW_015090842.1:8940769",31,88,57
"SLC7A5","s1639_F_TNA_03_ASEReadCounter.table","NW_015090842.1:8940861",30,75,45
"SLC7A5","s1639_F_TNA_03_ASEReadCounter.table","NW_015090842.1:8941068",36,93,57
"SLC7A5","s1639_F_TNA_03_ASEReadCounter.table","NW_015090842.1:8941467",17,64,47
"SLC7A5","s1639_F_TNA_03_ASEReadCounter.table","NW_015090842.1:8941531",23,60,37
"SLC7A5","s1639_F_TNA_03_ASEReadCounter.table","NW_015090842.1:8941588",31,82,51
"SLC7A5","s1639_F_TNA_03_ASEReadCounter.table","NW_015090842.1:8941698",17,49,32
"SLC7A5","s1639_F_TNA_03_ASEReadCounter.table","NW_015090842.1:8941717",23,58,35
"SLC7A5","s1639_F_TNA_03_ASEReadCounter.table","NW_015090842.1:8941745",22,58,36
"SLC7A5","s1639_F_TNA_03_ASEReadCounter.table","NW_015090842.1:8941781",27,66,39
"SLC7A5","s1639_F_TNA_03_ASEReadCounter.table","NW_015090842.1:8941887",13,44,31
"SLC7A5","s1639_F_TNA_03_ASEReadCounter.table","NW_015090842.1:8941968",18,50,32
"SLC7A5","s1639_F_TNA_03_ASEReadCounter.table","NW_015090842.1:8942025",20,58,38
"SLC7A5","s1639_F_TNA_03_ASEReadCounter.table","NW_015090842.1:8942069",15,58,43
"SLC7A5","s1639_F_TNA_03_ASEReadCounter.table","NW_015090842.1:8942170",18,56,38
"SLC7A5","s1639_F_TNA_03_ASEReadCounter.table","NW_015090842.1:8942241",32,74,42
"SLC7A5","s1639_F_TNA_03_ASEReadCounter.table","NW_015090842.1:8942283",40,85,45
"SLC7A5","s1639_F_TNA_03_ASEReadCounter.table","NW_015090842.1:8942717",106,249,143
"SLC7A5","s1639_F_TNA_03_ASEReadCounter.table","NW_015090842.1:8942756",147,351,204
"SLC7A5","s1639_F_TNA_03_ASEReadCounter.table","NW_015090842.1:8942766",141,349,208
"SLC7A5","s1639_F_TNA_03_ASEReadCounter.table","NW_015090842.1:8943271",45,125,80
"SLC7A5","s1639_F_TNA_03_ASEReadCounter.table","NW_015090842.1:8943524",31,57,26
"SLC7A5","s1639_F_TNA_03_ASEReadCounter.table","NW_015090842.1:8943530",32,56,24
"SLC7A5","s1639_F_TNA_03_ASEReadCounter.table","NW_015090842.1:8943602",25,60,35
"SLC7A5","s1639_F_TNA_03_ASEReadCounter.table","NW_015090842.1:8943622",19,56,37
"SLC7A5","s1639_F_TNA_03_ASEReadCounter.table","NW_015090842.1:8943661",31,61,30
"SLC7A5","s1639_F_TNA_03_ASEReadCounter.table","NW_015090842.1:8943686",26,54,28
"SLC7A5","s1639_F_TNA_03_ASEReadCounter.table","NW_015090842.1:8943788",16,42,26
"SLC7A5","s1639_F_TNA_03_ASEReadCounter.table","NW_015090842.1:8943814",16,43,27
"SLC7A5","s1639_F_TNA_03_ASEReadCounter.table","NW_015090842.1:8943876",12,42,30
"SLC7A5","s1639_F_TNA_03_ASEReadCounter.table","NW_015090842.1:8943892",13,40,27
"SLC7A5","s1639_F_TNA_03_ASEReadCounter.table","NW_015090842.1:8944097",23,45,22
"SLC7A5","s1639_F_TNA_03_ASEReadCounter.table","NW_015090842.1:8944104",19,39,20
"SLC7A5","s1639_F_TNA_03_ASEReadCounter.table","NW_015090842.1:8944293",7,19,12
"SLC7A5","s1639_F_TNA_03_ASEReadCounter.table","NW_015090842.1:8944297",7,19,12
"SLC7A5","s1639_F_TNA_03_ASEReadCounter.table","NW_015090842.1:8944397",14,28,14
"SLC7A5","s1639_F_TNA_03_ASEReadCounter.table","NW_015090842.1:8944552",10,28,18
"SLC7A5","s1639_F_TNA_03_ASEReadCounter.table","NW_015090842.1:8944629",15,37,22
"CA5A","s1639_F_TNA_03_ASEReadCounter.table","NW_015090842.1:8989479",40,74,34
"CA5A","s1639_F_TNA_03_ASEReadCounter.table","NW_015090842.1:8989562",59,101,42
"CA5A","s1639_F_TNA_03_ASEReadCounter.table","NW_015090842.1:8989609",50,94,44
"CA5A","s1639_F_TNA_03_ASEReadCounter.table","NW_015090842.1:8989693",46,95,49
"CA5A","s1639_F_TNA_03_ASEReadCounter.table","NW_015090842.1:8989702",51,97,46
"CA5A","s1639_F_TNA_03_ASEReadCounter.table","NW_015090842.1:8989746",59,112,53
"CA5A","s1639_F_TNA_03_ASEReadCounter.table","NW_015090842.1:8989880",44,87,43
"CA5A","s1639_F_TNA_03_ASEReadCounter.table","NW_015090842.1:8989885",45,89,44
"CA5A","s1639_F_TNA_03_ASEReadCounter.table","NW_015090842.1:8989929",45,92,47
"CA5A","s1639_F_TNA_03_ASEReadCounter.table","NW_015090842.1:8990002",37,77,40
"CA5A","s1639_F_TNA_03_ASEReadCounter.table","NW_015090842.1:8990004",37,77,40
"CA5A","s1639_F_TNA_03_ASEReadCounter.table","NW_015090842.1:8990005",37,77,40
"CA5A","s1639_F_TNA_03_ASEReadCounter.table","NW_015090842.1:8990017",36,72,36
"CA5A","s1639_F_TNA_03_ASEReadCounter.table","NW_015090842.1:8990043",24,51,27
"CA5A","s1639_F_TNA_03_ASEReadCounter.table","NW_015090842.1:8990060",46,46,0
"CA5A","s1639_F_TNA_03_ASEReadCounter.table","NW_015090842.1:8990080",19,49,30
"CA5A","s1639_F_TNA_03_ASEReadCounter.table","NW_015090842.1:8990084",20,48,28
"CA5A","s1639_F_TNA_03_ASEReadCounter.table","NW_015090842.1:8990090",21,49,28
"CA5A","s1639_F_TNA_03_ASEReadCounter.table","NW_015090842.1:8990095",23,52,29
"CA5A","s1639_F_TNA_03_ASEReadCounter.table","NW_015090842.1:8990111",24,54,30
"CA5A","s1639_F_TNA_03_ASEReadCounter.table","NW_015090842.1:8990112",21,51,30
"CA5A","s1639_F_TNA_03_ASEReadCounter.table","NW_015090842.1:8990115",23,52,29
"CA5A","s1639_F_TNA_03_ASEReadCounter.table","NW_015090842.1:8990166",31,56,25
"CA5A","s1639_F_TNA_03_ASEReadCounter.table","NW_015090842.1:8990169",31,57,26
"CA5A","s1639_F_TNA_03_ASEReadCounter.table","NW_015090842.1:8990193",60,60,0
"CA5A","s1639_F_TNA_03_ASEReadCounter.table","NW_015090842.1:8990222",30,49,19
"CA5A","s1639_F_TNA_03_ASEReadCounter.table","NW_015090842.1:8990289",31,49,18
"CA5A","s1639_F_TNA_03_ASEReadCounter.table","NW_015090842.1:8990314",32,53,21
"CA5A","s1639_F_TNA_03_ASEReadCounter.table","NW_015090842.1:8990361",29,51,22
"CA5A","s1639_F_TNA_03_ASEReadCounter.table","NW_015090842.1:8990368",29,52,23
"CA5A","s1639_F_TNA_03_ASEReadCounter.table","NW_015090842.1:8990429",23,43,20
"CA5A","s1639_F_TNA_03_ASEReadCounter.table","NW_015090842.1:8990466",18,39,21
"CA5A","s1639_F_TNA_03_ASEReadCounter.table","NW_015090842.1:8990663",27,48,21
"CA5A","s1639_F_TNA_03_ASEReadCounter.table","NW_015090842.1:8990797",14,27,13
"CA5A","s1639_F_TNA_03_ASEReadCounter.table","NW_015090842.1:8990836",15,25,10
"CA5A","s1639_F_TNA_03_ASEReadCounter.table","NW_015090842.1:8990842",14,24,10
"CA5A","s1639_F_TNA_03_ASEReadCounter.table","NW_015090842.1:8990851",18,29,11
"CA5A","s1639_F_TNA_03_ASEReadCounter.table","NW_015090842.1:8990918",25,34,9
"CA5A","s1639_F_TNA_03_ASEReadCounter.table","NW_015090842.1:8990921",25,35,10
"CA5A","s1639_F_TNA_03_ASEReadCounter.table","NW_015090842.1:8990942",30,43,13
"CA5A","s1639_F_TNA_03_ASEReadCounter.table","NW_015090842.1:8991001",37,51,14
"CA5A","s1639_F_TNA_03_ASEReadCounter.table","NW_015090842.1:8991038",28,42,14
"CA5A","s1639_F_TNA_03_ASEReadCounter.table","NW_015090842.1:8991149",37,49,12
"CA5A","s1639_F_TNA_03_ASEReadCounter.table","NW_015090842.1:8991176",36,51,15
"CA5A","s1639_F_TNA_03_ASEReadCounter.table","NW_015090842.1:8991241",20,35,15
"CA5A","s1639_F_TNA_03_ASEReadCounter.table","NW_015090842.1:8991262",14,25,11
"CA5A","s1639_F_TNA_03_ASEReadCounter.table","NW_015090842.1:8991316",21,24,3
"CA5A","s1639_F_TNA_03_ASEReadCounter.table","NW_015090842.1:8991319",19,22,3
"CA5A","s1639_F_TNA_03_ASEReadCounter.table","NW_015090842.1:8991330",18,19,1
"CA5A","s1639_F_TNA_03_ASEReadCounter.table","NW_015090842.1:8991334",18,21,3
"CA5A","s1639_F_TNA_03_ASEReadCounter.table","NW_015090842.1:8991362",21,30,9
"CA5A","s1639_F_TNA_03_ASEReadCounter.table","NW_015090842.1:8991368",20,29,9
"CA5A","s1639_F_TNA_03_ASEReadCounter.table","NW_015090842.1:8991390",19,29,10
"CA5A","s1639_F_TNA_03_ASEReadCounter.table","NW_015090842.1:8991395",21,31,10
"CA5A","s1639_F_TNA_03_ASEReadCounter.table","NW_015090842.1:8991422",18,30,12
"CA5A","s1639_F_TNA_03_ASEReadCounter.table","NW_015090842.1:8991467",23,31,8
"CA5A","s1639_F_TNA_03_ASEReadCounter.table","NW_015090842.1:8991576",12,22,10
"CA5A","s1639_F_TNA_03_ASEReadCounter.table","NW_015090842.1:8991587",14,25,11
"CA5A","s1639_F_TNA_03_ASEReadCounter.table","NW_015090842.1:8991655",18,29,11
"CA5A","s1639_F_TNA_03_ASEReadCounter.table","NW_015090842.1:8991717",19,30,11
"CA5A","s1639_F_TNA_03_ASEReadCounter.table","NW_015090842.1:8991726",20,30,10
"CA5A","s1639_F_TNA_03_ASEReadCounter.table","NW_015090842.1:8991799",18,26,8
"CA5A","s1639_F_TNA_03_ASEReadCounter.table","NW_015090842.1:8991809",18,26,8
"CA5A","s1639_F_TNA_03_ASEReadCounter.table","NW_015090842.1:8991848",10,17,7
"CA5A","s1639_F_TNA_03_ASEReadCounter.table","NW_015090842.1:8991849",10,17,7
"CA5A","s1639_F_TNA_03_ASEReadCounter.table","NW_015090842.1:8991927",23,32,9
"CA5A","s1639_F_TNA_03_ASEReadCounter.table","NW_015090842.1:8991941",23,33,10
"CA5A","s1639_F_TNA_03_ASEReadCounter.table","NW_015090842.1:8992121",7,14,7
"CA5A","s1639_F_TNA_03_ASEReadCounter.table","NW_015090842.1:8992224",9,20,11
"CA5A","s1639_F_TNA_03_ASEReadCounter.table","NW_015090842.1:9002570",9,19,10
"CA5A","s1639_F_TNA_03_ASEReadCounter.table","NW_015090842.1:9002600",6,14,8
"CA5A","s1639_F_TNA_03_ASEReadCounter.table","NW_015090842.1:9004312",3,6,3
"CA5A","s1639_F_TNA_03_ASEReadCounter.table","NW_015090842.1:9005116",1,3,2
"CA5A","s1639_F_TNA_03_ASEReadCounter.table","NW_015090842.1:9005120",1,3,2
"CA5A","s1639_F_TNA_03_ASEReadCounter.table","NW_015090842.1:9005140",0,2,2
"CA5A","s1639_F_TNA_03_ASEReadCounter.table","NW_015090842.1:9005152",0,3,3
"BANP","s1639_F_TNA_03_ASEReadCounter.table","NW_015090842.1:9033407",0,1,1
"BANP","s1639_F_TNA_03_ASEReadCounter.table","NW_015090842.1:9033409",0,1,1
"BANP","s1639_F_TNA_03_ASEReadCounter.table","NW_015090842.1:9033420",0,1,1
"BANP","s1639_F_TNA_03_ASEReadCounter.table","NW_015090842.1:9067974",0,4,4
"BANP","s1639_F_TNA_03_ASEReadCounter.table","NW_015090842.1:9102510",10,19,9
"BANP","s1639_F_TNA_03_ASEReadCounter.table","NW_015090842.1:9168534",20,37,17
"BANP","s1639_F_TNA_03_ASEReadCounter.table","NW_015090842.1:9168818",14,30,16
"ZNF469","s1639_F_TNA_03_ASEReadCounter.table","NW_015090842.1:9431214",0,1,1
"ZNF469","s1639_F_TNA_03_ASEReadCounter.table","NW_015090842.1:9432361",0,1,1
"ZNF469","s1639_F_TNA_03_ASEReadCounter.table","NW_015090842.1:9432382",0,1,1
"ZNF469","s1639_F_TNA_03_ASEReadCounter.table","NW_015090842.1:9433678",0,1,1
"ZFPM1","s1639_F_TNA_03_ASEReadCounter.table","NW_015090842.1:9458862",0,1,1
"ZFPM1","s1639_F_TNA_03_ASEReadCounter.table","NW_015090842.1:9458888",0,1,1
"ZFPM1","s1639_F_TNA_03_ASEReadCounter.table","NW_015090842.1:9458904",0,1,1
"ZFPM1","s1639_F_TNA_03_ASEReadCounter.table","NW_015090842.1:9458916",1,3,2
"ZFPM1","s1639_F_TNA_03_ASEReadCounter.table","NW_015090842.1:9468568",1,2,1
"ZFPM1","s1639_F_TNA_03_ASEReadCounter.table","NW_015090842.1:9468593",3,4,1
"ZFPM1","s1639_F_TNA_03_ASEReadCounter.table","NW_015090842.1:9471561",0,2,2
"ZFPM1","s1639_F_TNA_03_ASEReadCounter.table","NW_015090842.1:9472557",3,3,0
"ZFPM1","s1639_F_TNA_03_ASEReadCounter.table","NW_015090842.1:9472565",5,5,0
"ZFPM1","s1639_F_TNA_03_ASEReadCounter.table","NW_015090842.1:9472608",2,3,1
"ZFPM1","s1639_F_TNA_03_ASEReadCounter.table","NW_015090842.1:9472627",1,2,1
"ZFPM1","s1639_F_TNA_03_ASEReadCounter.table","NW_015090842.1:9472668",2,5,3
"ZFPM1","s1639_F_TNA_03_ASEReadCounter.table","NW_015090842.1:9473655",4,7,3
"ZFPM1","s1639_F_TNA_03_ASEReadCounter.table","NW_015090842.1:9475827",3,5,2
"ZFPM1","s1639_F_TNA_03_ASEReadCounter.table","NW_015090842.1:9475842",2,4,2
"ZFPM1","s1639_F_TNA_03_ASEReadCounter.table","NW_015090842.1:9476119",2,3,1
"ZFPM1","s1639_F_TNA_03_ASEReadCounter.table","NW_015090842.1:9476161",1,2,1
"ZFPM1","s1639_F_TNA_03_ASEReadCounter.table","NW_015090842.1:9476219",1,1,0
"ZFPM1","s1639_F_TNA_03_ASEReadCounter.table","NW_015090842.1:9476233",1,2,1
"ZFPM1","s1639_F_TNA_03_ASEReadCounter.table","NW_015090842.1:9476305",3,4,1
"ZFPM1","s1639_F_TNA_03_ASEReadCounter.table","NW_015090842.1:9476395",4,4,0
"ZFPM1","s1639_F_TNA_03_ASEReadCounter.table","NW_015090842.1:9476421",4,4,0
"ZFPM1","s1639_F_TNA_03_ASEReadCounter.table","NW_015090842.1:9476539",3,4,1
"ZFPM1","s1639_F_TNA_03_ASEReadCounter.table","NW_015090842.1:9476576",6,6,0
"ZFPM1","s1639_F_TNA_03_ASEReadCounter.table","NW_015090842.1:9476599",8,8,0
"ZFPM1","s1639_F_TNA_03_ASEReadCounter.table","NW_015090842.1:9476792",2,3,1
"ZFPM1","s1639_F_TNA_03_ASEReadCounter.table","NW_015090842.1:9476803",2,4,2
"ZFPM1","s1639_F_TNA_03_ASEReadCounter.table","NW_015090842.1:9477115",1,3,2
"ZFPM1","s1639_F_TNA_03_ASEReadCounter.table","NW_015090842.1:9477299",5,8,3
"ZFPM1","s1639_F_TNA_03_ASEReadCounter.table","NW_015090842.1:9477398",6,6,0
"ZFPM1","s1639_F_TNA_03_ASEReadCounter.table","NW_015090842.1:9477422",2,4,2
"ZFPM1","s1639_F_TNA_03_ASEReadCounter.table","NW_015090842.1:9477554",4,13,9
"ZFPM1","s1639_F_TNA_03_ASEReadCounter.table","NW_015090842.1:9477575",15,15,0
"ZFPM1","s1639_F_TNA_03_ASEReadCounter.table","NW_015090842.1:9477595",8,18,10
"ZFPM1","s1639_F_TNA_03_ASEReadCounter.table","NW_015090842.1:9477611",6,17,11
"ZFPM1","s1639_F_TNA_03_ASEReadCounter.table","NW_015090842.1:9477659",5,14,9
"ZFPM1","s1639_F_TNA_03_ASEReadCounter.table","NW_015090842.1:9477737",6,16,10
"ZFPM1","s1639_F_TNA_03_ASEReadCounter.table","NW_015090842.1:9477791",7,13,6
"ZFPM1","s1639_F_TNA_03_ASEReadCounter.table","NW_015090842.1:9477844",7,14,7
"ZFPM1","s1639_F_TNA_03_ASEReadCounter.table","NW_015090842.1:9477917",8,18,10
"ZFPM1","s1639_F_TNA_03_ASEReadCounter.table","NW_015090842.1:9478295",12,24,12
"ZFPM1","s1639_F_TNA_03_ASEReadCounter.table","NW_015090842.1:9478349",11,29,18
"ZFPM1","s1639_F_TNA_03_ASEReadCounter.table","NW_015090842.1:9478524",16,29,13
"ZFPM1","s1639_F_TNA_03_ASEReadCounter.table","NW_015090842.1:9478546",19,30,11
"ZFPM1","s1639_F_TNA_03_ASEReadCounter.table","NW_015090842.1:9478573",21,32,11
"ZFPM1","s1639_F_TNA_03_ASEReadCounter.table","NW_015090842.1:9478582",18,24,6
"ZFPM1","s1639_F_TNA_03_ASEReadCounter.table","NW_015090842.1:9478684",5,8,3
"ZFPM1","s1639_F_TNA_03_ASEReadCounter.table","NW_015090842.1:9478711",4,7,3
"ZFPM1","s1639_F_TNA_03_ASEReadCounter.table","NW_015090842.1:9478761",4,10,6
"ZFPM1","s1639_F_TNA_03_ASEReadCounter.table","NW_015090842.1:9478829",9,9,0
"ZC3H18","s1639_F_TNA_03_ASEReadCounter.table","NW_015090842.1:9494271",2,9,7
"ZC3H18","s1639_F_TNA_03_ASEReadCounter.table","NW_015090842.1:9501427",5,14,9
"ZC3H18","s1639_F_TNA_03_ASEReadCounter.table","NW_015090842.1:9501442",6,13,7
"ZC3H18","s1639_F_TNA_03_ASEReadCounter.table","NW_015090842.1:9505538",8,22,14
"ZC3H18","s1639_F_TNA_03_ASEReadCounter.table","NW_015090842.1:9506778",14,35,21
"ZC3H18","s1639_F_TNA_03_ASEReadCounter.table","NW_015090842.1:9522538",12,29,17
"ZC3H18","s1639_F_TNA_03_ASEReadCounter.table","NW_015090842.1:9524350",10,27,17
"ZC3H18","s1639_F_TNA_03_ASEReadCounter.table","NW_015090842.1:9524366",13,29,16
"ZC3H18","s1639_F_TNA_03_ASEReadCounter.table","NW_015090842.1:9524424",11,29,18
"ZC3H18","s1639_F_TNA_03_ASEReadCounter.table","NW_015090842.1:9529649",18,56,38
"ZC3H18","s1639_F_TNA_03_ASEReadCounter.table","NW_015090842.1:9529688",16,58,42
"ZC3H18","s1639_F_TNA_03_ASEReadCounter.table","NW_015090842.1:9529691",16,55,39
"ZC3H18","s1639_F_TNA_03_ASEReadCounter.table","NW_015090842.1:9530977",24,68,44
"ZC3H18","s1639_F_TNA_03_ASEReadCounter.table","NW_015090842.1:9536699",0,40,40
"CYBA","s1639_F_TNA_03_ASEReadCounter.table","NW_015090842.1:9547281",35,40,5
"CYBA","s1639_F_TNA_03_ASEReadCounter.table","NW_015090842.1:9547402",88,107,19
"CYBA","s1639_F_TNA_03_ASEReadCounter.table","NW_015090842.1:9547553",40,57,17
"CYBA","s1639_F_TNA_03_ASEReadCounter.table","NW_015090842.1:9548052",45,52,7
"CYBA","s1639_F_TNA_03_ASEReadCounter.table","NW_015090842.1:9548436",39,47,8
"CYBA","s1639_F_TNA_03_ASEReadCounter.table","NW_015090842.1:9548442",38,46,8
"CYBA","s1639_F_TNA_03_ASEReadCounter.table","NW_015090842.1:9548478",47,56,9
"CYBA","s1639_F_TNA_03_ASEReadCounter.table","NW_015090842.1:9548487",44,51,7
"CYBA","s1639_F_TNA_03_ASEReadCounter.table","NW_015090842.1:9548490",45,51,6
"CYBA","s1639_F_TNA_03_ASEReadCounter.table","NW_015090842.1:9548717",44,50,6
"CYBA","s1639_F_TNA_03_ASEReadCounter.table","NW_015090842.1:9548750",32,38,6
"CYBA","s1639_F_TNA_03_ASEReadCounter.table","NW_015090842.1:9548766",22,26,4
"MVD","s1639_F_TNA_03_ASEReadCounter.table","NW_015090842.1:9550678",22,39,17
"MVD","s1639_F_TNA_03_ASEReadCounter.table","NW_015090842.1:9550690",21,44,23
"MVD","s1639_F_TNA_03_ASEReadCounter.table","NW_015090842.1:9550691",21,44,23
"MVD","s1639_F_TNA_03_ASEReadCounter.table","NW_015090842.1:9550699",29,58,29
"MVD","s1639_F_TNA_03_ASEReadCounter.table","NW_015090842.1:9550719",27,51,24
"MVD","s1639_F_TNA_03_ASEReadCounter.table","NW_015090842.1:9551596",34,74,40
"MVD","s1639_F_TNA_03_ASEReadCounter.table","NW_015090842.1:9551638",33,72,39
"MVD","s1639_F_TNA_03_ASEReadCounter.table","NW_015090842.1:9551899",0,4,4
"MVD","s1639_F_TNA_03_ASEReadCounter.table","NW_015090842.1:9552193",27,48,21
"MVD","s1639_F_TNA_03_ASEReadCounter.table","NW_015090842.1:9552202",23,44,21
"MVD","s1639_F_TNA_03_ASEReadCounter.table","NW_015090842.1:9552208",24,41,17
"MVD","s1639_F_TNA_03_ASEReadCounter.table","NW_015090842.1:9552625",25,46,21
"MVD","s1639_F_TNA_03_ASEReadCounter.table","NW_015090842.1:9552629",41,41,0
"MVD","s1639_F_TNA_03_ASEReadCounter.table","NW_015090842.1:9552644",20,36,16
"MVD","s1639_F_TNA_03_ASEReadCounter.table","NW_015090842.1:9553093",16,31,15
"MVD","s1639_F_TNA_03_ASEReadCounter.table","NW_015090842.1:9553114",14,27,13
"RNF166","s1639_F_TNA_03_ASEReadCounter.table","NW_015090842.1:9557900",17,36,19
"RNF166","s1639_F_TNA_03_ASEReadCounter.table","NW_015090842.1:9558048",16,33,17
"RNF166","s1639_F_TNA_03_ASEReadCounter.table","NW_015090842.1:9558116",10,28,18
"RNF166","s1639_F_TNA_03_ASEReadCounter.table","NW_015090842.1:9558308",14,33,19
"RNF166","s1639_F_TNA_03_ASEReadCounter.table","NW_015090842.1:9558405",9,22,13
"RNF166","s1639_F_TNA_03_ASEReadCounter.table","NW_015090842.1:9558549",12,29,17
"RNF166","s1639_F_TNA_03_ASEReadCounter.table","NW_015090842.1:9558556",10,27,17
"RNF166","s1639_F_TNA_03_ASEReadCounter.table","NW_015090842.1:9558579",13,28,15
"RNF166","s1639_F_TNA_03_ASEReadCounter.table","NW_015090842.1:9558599",11,27,16
"RNF166","s1639_F_TNA_03_ASEReadCounter.table","NW_015090842.1:9558688",11,24,13
"RNF166","s1639_F_TNA_03_ASEReadCounter.table","NW_015090842.1:9558711",16,29,13
"RNF166","s1639_F_TNA_03_ASEReadCounter.table","NW_015090842.1:9558733",17,35,18
"RNF166","s1639_F_TNA_03_ASEReadCounter.table","NW_015090842.1:9558847",14,29,15
"RNF166","s1639_F_TNA_03_ASEReadCounter.table","NW_015090842.1:9559798",16,30,14
"RNF166","s1639_F_TNA_03_ASEReadCounter.table","NW_015090842.1:9560575",16,33,17
"RNF166","s1639_F_TNA_03_ASEReadCounter.table","NW_015090842.1:9561055",9,17,8
"RNF166","s1639_F_TNA_03_ASEReadCounter.table","NW_015090842.1:9562458",10,21,11
"RNF166","s1639_F_TNA_03_ASEReadCounter.table","NW_015090842.1:9562497",7,19,12
"RNF166","s1639_F_TNA_03_ASEReadCounter.table","NW_015090842.1:9562539",7,19,12
"RNF166","s1639_F_TNA_03_ASEReadCounter.table","NW_015090842.1:9564056",3,8,5
"CTU2","s1639_F_TNA_03_ASEReadCounter.table","NW_015090842.1:9565149",9,19,10
"CTU2","s1639_F_TNA_03_ASEReadCounter.table","NW_015090842.1:9565193",6,18,12
"CTU2","s1639_F_TNA_03_ASEReadCounter.table","NW_015090842.1:9565300",5,17,12
"CTU2","s1639_F_TNA_03_ASEReadCounter.table","NW_015090842.1:9565321",3,16,13
"CTU2","s1639_F_TNA_03_ASEReadCounter.table","NW_015090842.1:9565721",9,19,10
"CTU2","s1639_F_TNA_03_ASEReadCounter.table","NW_015090842.1:9565739",10,18,8
"CTU2","s1639_F_TNA_03_ASEReadCounter.table","NW_015090842.1:9565905",9,19,10
"CTU2","s1639_F_TNA_03_ASEReadCounter.table","NW_015090842.1:9566013",18,18,0
"CTU2","s1639_F_TNA_03_ASEReadCounter.table","NW_015090842.1:9566055",13,27,14
"CTU2","s1639_F_TNA_03_ASEReadCounter.table","NW_015090842.1:9566056",13,27,14
"CTU2","s1639_F_TNA_03_ASEReadCounter.table","NW_015090842.1:9566151",11,31,20
"CTU2","s1639_F_TNA_03_ASEReadCounter.table","NW_015090842.1:9566300",9,24,15
"CTU2","s1639_F_TNA_03_ASEReadCounter.table","NW_015090842.1:9566342",13,27,14
"CTU2","s1639_F_TNA_03_ASEReadCounter.table","NW_015090842.1:9566548",15,37,22
"CTU2","s1639_F_TNA_03_ASEReadCounter.table","NW_015090842.1:9566625",16,34,18
"CTU2","s1639_F_TNA_03_ASEReadCounter.table","NW_015090842.1:9566633",15,34,19
"CTU2","s1639_F_TNA_03_ASEReadCounter.table","NW_015090842.1:9566807",17,33,16
"CTU2","s1639_F_TNA_03_ASEReadCounter.table","NW_015090842.1:9567139",18,39,21
"CTU2","s1639_F_TNA_03_ASEReadCounter.table","NW_015090842.1:9567156",16,38,22
"CTU2","s1639_F_TNA_03_ASEReadCounter.table","NW_015090842.1:9567614",18,45,27
"CTU2","s1639_F_TNA_03_ASEReadCounter.table","NW_015090842.1:9567677",24,53,29
"CTU2","s1639_F_TNA_03_ASEReadCounter.table","NW_015090842.1:9567747",20,44,24
"CTU2","s1639_F_TNA_03_ASEReadCounter.table","NW_015090842.1:9567828",11,35,24
"CTU2","s1639_F_TNA_03_ASEReadCounter.table","NW_015090842.1:9567829",11,35,24
"CTU2","s1639_F_TNA_03_ASEReadCounter.table","NW_015090842.1:9567885",6,24,18
"PIEZO1","s1639_F_TNA_03_ASEReadCounter.table","NW_015090842.1:9568093",9,28,19
"PIEZO1","s1639_F_TNA_03_ASEReadCounter.table","NW_015090842.1:9568672",13,30,17
"PIEZO1","s1639_F_TNA_03_ASEReadCounter.table","NW_015090842.1:9568948",9,26,17
"PIEZO1","s1639_F_TNA_03_ASEReadCounter.table","NW_015090842.1:9568987",26,26,0
"PIEZO1","s1639_F_TNA_03_ASEReadCounter.table","NW_015090842.1:9569040",11,25,14
"PIEZO1","s1639_F_TNA_03_ASEReadCounter.table","NW_015090842.1:9569180",13,20,7
"PIEZO1","s1639_F_TNA_03_ASEReadCounter.table","NW_015090842.1:9569192",13,21,8
"PIEZO1","s1639_F_TNA_03_ASEReadCounter.table","NW_015090842.1:9570088",6,14,8
"PIEZO1","s1639_F_TNA_03_ASEReadCounter.table","NW_015090842.1:9570480",6,15,9
"PIEZO1","s1639_F_TNA_03_ASEReadCounter.table","NW_015090842.1:9570639",5,10,5
"PIEZO1","s1639_F_TNA_03_ASEReadCounter.table","NW_015090842.1:9571847",7,14,7
"PIEZO1","s1639_F_TNA_03_ASEReadCounter.table","NW_015090842.1:9572371",7,10,3
"PIEZO1","s1639_F_TNA_03_ASEReadCounter.table","NW_015090842.1:9572638",2,4,2
"PIEZO1","s1639_F_TNA_03_ASEReadCounter.table","NW_015090842.1:9573156",11,18,7
"PIEZO1","s1639_F_TNA_03_ASEReadCounter.table","NW_015090842.1:9573280",12,17,5
"PIEZO1","s1639_F_TNA_03_ASEReadCounter.table","NW_015090842.1:9573566",5,9,4
"PIEZO1","s1639_F_TNA_03_ASEReadCounter.table","NW_015090842.1:9575341",1,4,3
"PIEZO1","s1639_F_TNA_03_ASEReadCounter.table","NW_015090842.1:9575367",0,3,3
"PIEZO1","s1639_F_TNA_03_ASEReadCounter.table","NW_015090842.1:9575645",2,4,2
"PIEZO1","s1639_F_TNA_03_ASEReadCounter.table","NW_015090842.1:9575696",2,6,4
"PIEZO1","s1639_F_TNA_03_ASEReadCounter.table","NW_015090842.1:9575897",0,4,4
"PIEZO1","s1639_F_TNA_03_ASEReadCounter.table","NW_015090842.1:9576060",2,6,4
"PIEZO1","s1639_F_TNA_03_ASEReadCounter.table","NW_015090842.1:9576087",4,8,4
"PIEZO1","s1639_F_TNA_03_ASEReadCounter.table","NW_015090842.1:9576093",3,7,4
"PIEZO1","s1639_F_TNA_03_ASEReadCounter.table","NW_015090842.1:9576120",5,9,4
"PIEZO1","s1639_F_TNA_03_ASEReadCounter.table","NW_015090842.1:9576687",3,10,7
"PIEZO1","s1639_F_TNA_03_ASEReadCounter.table","NW_015090842.1:9576710",9,9,0
"PIEZO1","s1639_F_TNA_03_ASEReadCounter.table","NW_015090842.1:9576723",2,9,7
"PIEZO1","s1639_F_TNA_03_ASEReadCounter.table","NW_015090842.1:9578268",1,3,2
"PIEZO1","s1639_F_TNA_03_ASEReadCounter.table","NW_015090842.1:9578770",2,4,2
"PIEZO1","s1639_F_TNA_03_ASEReadCounter.table","NW_015090842.1:9578806",2,3,1
"PIEZO1","s1639_F_TNA_03_ASEReadCounter.table","NW_015090842.1:9579064",2,3,1
"PIEZO1","s1639_F_TNA_03_ASEReadCounter.table","NW_015090842.1:9579065",3,4,1
"PIEZO1","s1639_F_TNA_03_ASEReadCounter.table","NW_015090842.1:9579347",3,5,2
"PIEZO1","s1639_F_TNA_03_ASEReadCounter.table","NW_015090842.1:9580765",2,4,2
"PIEZO1","s1639_F_TNA_03_ASEReadCounter.table","NW_015090842.1:9580996",0,4,4
"PIEZO1","s1639_F_TNA_03_ASEReadCounter.table","NW_015090842.1:9581101",0,2,2
"PIEZO1","s1639_F_TNA_03_ASEReadCounter.table","NW_015090842.1:9581299",1,1,0
"PIEZO1","s1639_F_TNA_03_ASEReadCounter.table","NW_015090842.1:9581875",5,6,1
"PIEZO1","s1639_F_TNA_03_ASEReadCounter.table","NW_015090842.1:9582046",1,3,2
"PIEZO1","s1639_F_TNA_03_ASEReadCounter.table","NW_015090842.1:9582961",0,2,2
"PIEZO1","s1639_F_TNA_03_ASEReadCounter.table","NW_015090842.1:9583298",2,2,0
"PIEZO1","s1639_F_TNA_03_ASEReadCounter.table","NW_015090842.1:9584337",1,3,2
"PIEZO1","s1639_F_TNA_03_ASEReadCounter.table","NW_015090842.1:9584425",2,4,2
"PIEZO1","s1639_F_TNA_03_ASEReadCounter.table","NW_015090842.1:9584435",2,5,3
"PIEZO1","s1639_F_TNA_03_ASEReadCounter.table","NW_015090842.1:9584438",1,3,2
"PIEZO1","s1639_F_TNA_03_ASEReadCounter.table","NW_015090842.1:9584441",2,4,2
"CDT1","s1639_F_TNA_03_ASEReadCounter.table","NW_015090842.1:9597054",3,4,1
"CDT1","s1639_F_TNA_03_ASEReadCounter.table","NW_015090842.1:9597074",3,4,1
"CDT1","s1639_F_TNA_03_ASEReadCounter.table","NW_015090842.1:9597137",1,3,2
"CDT1","s1639_F_TNA_03_ASEReadCounter.table","NW_015090842.1:9597756",3,3,0
"CDT1","s1639_F_TNA_03_ASEReadCounter.table","NW_015090842.1:9597766",4,4,0
"CDT1","s1639_F_TNA_03_ASEReadCounter.table","NW_015090842.1:9598496",2,5,3
"CDT1","s1639_F_TNA_03_ASEReadCounter.table","NW_015090842.1:9598498",2,5,3
"CDT1","s1639_F_TNA_03_ASEReadCounter.table","NW_015090842.1:9598816",2,5,3
"CDT1","s1639_F_TNA_03_ASEReadCounter.table","NW_015090842.1:9598879",5,6,1
"CDT1","s1639_F_TNA_03_ASEReadCounter.table","NW_015090842.1:9598912",8,9,1
"CDT1","s1639_F_TNA_03_ASEReadCounter.table","NW_015090842.1:9598959",10,12,2
"CDT1","s1639_F_TNA_03_ASEReadCounter.table","NW_015090842.1:9599807",4,5,1
"CDT1","s1639_F_TNA_03_ASEReadCounter.table","NW_015090842.1:9599819",4,4,0
"CDT1","s1639_F_TNA_03_ASEReadCounter.table","NW_015090842.1:9599845",6,8,2
"CDT1","s1639_F_TNA_03_ASEReadCounter.table","NW_015090842.1:9600148",7,13,6
"CDT1","s1639_F_TNA_03_ASEReadCounter.table","NW_015090842.1:9600151",6,13,7
"CDT1","s1639_F_TNA_03_ASEReadCounter.table","NW_015090842.1:9600217",11,19,8
"CDT1","s1639_F_TNA_03_ASEReadCounter.table","NW_015090842.1:9600226",10,14,4
"CDT1","s1639_F_TNA_03_ASEReadCounter.table","NW_015090842.1:9600260",8,13,5
"CDT1","s1639_F_TNA_03_ASEReadCounter.table","NW_015090842.1:9600268",7,10,3
"CDT1","s1639_F_TNA_03_ASEReadCounter.table","NW_015090842.1:9600305",10,15,5
"CDT1","s1639_F_TNA_03_ASEReadCounter.table","NW_015090842.1:9600397",11,17,6
"CDT1","s1639_F_TNA_03_ASEReadCounter.table","NW_015090842.1:9600447",6,11,5
"CDT1","s1639_F_TNA_03_ASEReadCounter.table","NW_015090842.1:9600450",7,12,5
"CDT1","s1639_F_TNA_03_ASEReadCounter.table","NW_015090842.1:9600485",10,14,4
"CDT1","s1639_F_TNA_03_ASEReadCounter.table","NW_015090842.1:9600579",10,16,6
"APRT","s1639_F_TNA_03_ASEReadCounter.table","NW_015090842.1:9602308",29,84,55
"APRT","s1639_F_TNA_03_ASEReadCounter.table","NW_015090842.1:9602440",58,171,113
"APRT","s1639_F_TNA_03_ASEReadCounter.table","NW_015090842.1:9602449",58,160,102
"APRT","s1639_F_TNA_03_ASEReadCounter.table","NW_015090842.1:9602451",59,168,109
"APRT","s1639_F_TNA_03_ASEReadCounter.table","NW_015090842.1:9602455",56,163,107
"APRT","s1639_F_TNA_03_ASEReadCounter.table","NW_015090842.1:9602462",58,168,110
"APRT","s1639_F_TNA_03_ASEReadCounter.table","NW_015090842.1:9602507",42,138,96
"APRT","s1639_F_TNA_03_ASEReadCounter.table","NW_015090842.1:9602514",40,141,101
"APRT","s1639_F_TNA_03_ASEReadCounter.table","NW_015090842.1:9602530",36,121,85
"APRT","s1639_F_TNA_03_ASEReadCounter.table","NW_015090842.1:9602582",37,128,91
"APRT","s1639_F_TNA_03_ASEReadCounter.table","NW_015090842.1:9602583",37,131,94
"APRT","s1639_F_TNA_03_ASEReadCounter.table","NW_015090842.1:9602650",32,132,100
"APRT","s1639_F_TNA_03_ASEReadCounter.table","NW_015090842.1:9602655",30,127,97
"APRT","s1639_F_TNA_03_ASEReadCounter.table","NW_015090842.1:9602712",39,143,104
"APRT","s1639_F_TNA_03_ASEReadCounter.table","NW_015090842.1:9602764",33,122,89
"APRT","s1639_F_TNA_03_ASEReadCounter.table","NW_015090842.1:9602821",28,101,73
"APRT","s1639_F_TNA_03_ASEReadCounter.table","NW_015090842.1:9602867",30,98,68
"APRT","s1639_F_TNA_03_ASEReadCounter.table","NW_015090842.1:9602883",27,98,71
"APRT","s1639_F_TNA_03_ASEReadCounter.table","NW_015090842.1:9602886",27,98,71
"APRT","s1639_F_TNA_03_ASEReadCounter.table","NW_015090842.1:9602948",40,111,71
"APRT","s1639_F_TNA_03_ASEReadCounter.table","NW_015090842.1:9602958",49,124,75
"APRT","s1639_F_TNA_03_ASEReadCounter.table","NW_015090842.1:9603020",59,148,89
"APRT","s1639_F_TNA_03_ASEReadCounter.table","NW_015090842.1:9603025",59,147,88
"APRT","s1639_F_TNA_03_ASEReadCounter.table","NW_015090842.1:9603154",37,105,68
"APRT","s1639_F_TNA_03_ASEReadCounter.table","NW_015090842.1:9603166",39,109,70
"APRT","s1639_F_TNA_03_ASEReadCounter.table","NW_015090842.1:9603326",34,96,62
"APRT","s1639_F_TNA_03_ASEReadCounter.table","NW_015090842.1:9603419",30,83,53
"APRT","s1639_F_TNA_03_ASEReadCounter.table","NW_015090842.1:9603420",31,80,49
"APRT","s1639_F_TNA_03_ASEReadCounter.table","NW_015090842.1:9603464",21,54,33
"APRT","s1639_F_TNA_03_ASEReadCounter.table","NW_015090842.1:9603528",23,69,46
"APRT","s1639_F_TNA_03_ASEReadCounter.table","NW_015090842.1:9603607",21,71,50
"APRT","s1639_F_TNA_03_ASEReadCounter.table","NW_015090842.1:9603622",20,62,42
"APRT","s1639_F_TNA_03_ASEReadCounter.table","NW_015090842.1:9604361",22,66,44
"APRT","s1639_F_TNA_03_ASEReadCounter.table","NW_015090842.1:9605317",14,47,33
"APRT","s1639_F_TNA_03_ASEReadCounter.table","NW_015090842.1:9605336",14,56,42
"GALNS","s1639_F_TNA_03_ASEReadCounter.table","NW_015090842.1:9612872",4,6,2
"GALNS","s1639_F_TNA_03_ASEReadCounter.table","NW_015090842.1:9612873",3,5,2
"GALNS","s1639_F_TNA_03_ASEReadCounter.table","NW_015090842.1:9612877",2,5,3
"GALNS","s1639_F_TNA_03_ASEReadCounter.table","NW_015090842.1:9612942",10,21,11
"GALNS","s1639_F_TNA_03_ASEReadCounter.table","NW_015090842.1:9612987",20,20,0
"GALNS","s1639_F_TNA_03_ASEReadCounter.table","NW_015090842.1:9613064",9,22,13
"GALNS","s1639_F_TNA_03_ASEReadCounter.table","NW_015090842.1:9613096",14,30,16
"GALNS","s1639_F_TNA_03_ASEReadCounter.table","NW_015090842.1:9613123",13,26,13
"GALNS","s1639_F_TNA_03_ASEReadCounter.table","NW_015090842.1:9613125",14,27,13
"GALNS","s1639_F_TNA_03_ASEReadCounter.table","NW_015090842.1:9613193",14,31,17
"GALNS","s1639_F_TNA_03_ASEReadCounter.table","NW_015090842.1:9613226",19,37,18
"GALNS","s1639_F_TNA_03_ASEReadCounter.table","NW_015090842.1:9613249",19,38,19
"GALNS","s1639_F_TNA_03_ASEReadCounter.table","NW_015090842.1:9613256",20,38,18
"GALNS","s1639_F_TNA_03_ASEReadCounter.table","NW_015090842.1:9613317",15,25,10
"GALNS","s1639_F_TNA_03_ASEReadCounter.table","NW_015090842.1:9613343",14,22,8
"GALNS","s1639_F_TNA_03_ASEReadCounter.table","NW_015090842.1:9613344",14,22,8
"GALNS","s1639_F_TNA_03_ASEReadCounter.table","NW_015090842.1:9613371",14,22,8
"GALNS","s1639_F_TNA_03_ASEReadCounter.table","NW_015090842.1:9613378",14,22,8
"GALNS","s1639_F_TNA_03_ASEReadCounter.table","NW_015090842.1:9613379",14,22,8
"GALNS","s1639_F_TNA_03_ASEReadCounter.table","NW_015090842.1:9613516",25,43,18
"GALNS","s1639_F_TNA_03_ASEReadCounter.table","NW_015090842.1:9613572",20,41,21
"GALNS","s1639_F_TNA_03_ASEReadCounter.table","NW_015090842.1:9613597",16,35,19
"GALNS","s1639_F_TNA_03_ASEReadCounter.table","NW_015090842.1:9613627",13,27,14
"GALNS","s1639_F_TNA_03_ASEReadCounter.table","NW_015090842.1:9613640",12,28,16
"GALNS","s1639_F_TNA_03_ASEReadCounter.table","NW_015090842.1:9614025",7,25,18
"GALNS","s1639_F_TNA_03_ASEReadCounter.table","NW_015090842.1:9614169",12,25,13
"GALNS","s1639_F_TNA_03_ASEReadCounter.table","NW_015090842.1:9614232",19,19,0
"GALNS","s1639_F_TNA_03_ASEReadCounter.table","NW_015090842.1:9614667",5,11,6
"GALNS","s1639_F_TNA_03_ASEReadCounter.table","NW_015090842.1:9614709",6,16,10
"GALNS","s1639_F_TNA_03_ASEReadCounter.table","NW_015090842.1:9614880",7,12,5
"GALNS","s1639_F_TNA_03_ASEReadCounter.table","NW_015090842.1:9614902",5,11,6
"GALNS","s1639_F_TNA_03_ASEReadCounter.table","NW_015090842.1:9614960",2,6,4
"GALNS","s1639_F_TNA_03_ASEReadCounter.table","NW_015090842.1:9615114",5,11,6
"GALNS","s1639_F_TNA_03_ASEReadCounter.table","NW_015090842.1:9615199",8,12,4
"GALNS","s1639_F_TNA_03_ASEReadCounter.table","NW_015090842.1:9615217",8,13,5
"GALNS","s1639_F_TNA_03_ASEReadCounter.table","NW_015090842.1:9615277",7,13,6
"GALNS","s1639_F_TNA_03_ASEReadCounter.table","NW_015090842.1:9615377",8,20,12
"GALNS","s1639_F_TNA_03_ASEReadCounter.table","NW_015090842.1:9647858",2,6,4
"GALNS","s1639_F_TNA_03_ASEReadCounter.table","NW_015090842.1:9649186",1,4,3
"GALNS","s1639_F_TNA_03_ASEReadCounter.table","NW_015090842.1:9649237",0,3,3
"GALNS","s1639_F_TNA_03_ASEReadCounter.table","NW_015090842.1:9661193",1,2,1
"TRAPPC2L","s1639_F_TNA_03_ASEReadCounter.table","NW_015090842.1:9662951",118,205,87
"TRAPPC2L","s1639_F_TNA_03_ASEReadCounter.table","NW_015090842.1:9663014",117,210,93
"TRAPPC2L","s1639_F_TNA_03_ASEReadCounter.table","NW_015090842.1:9664305",230,230,0
"TRAPPC2L","s1639_F_TNA_03_ASEReadCounter.table","NW_015090842.1:9665155",138,246,108
"TRAPPC2L","s1639_F_TNA_03_ASEReadCounter.table","NW_015090842.1:9665211",39,75,36
"CBFA2T3","s1639_F_TNA_03_ASEReadCounter.table","NW_015090842.1:9709469",0,23,23
"CBFA2T3","s1639_F_TNA_03_ASEReadCounter.table","NW_015090842.1:9709475",0,28,28
"CBFA2T3","s1639_F_TNA_03_ASEReadCounter.table","NW_015090842.1:9711845",0,5,5
"CBFA2T3","s1639_F_TNA_03_ASEReadCounter.table","NW_015090842.1:9712157",0,5,5
"CBFA2T3","s1639_F_TNA_03_ASEReadCounter.table","NW_015090842.1:9712160",0,6,6
"CBFA2T3","s1639_F_TNA_03_ASEReadCounter.table","NW_015090842.1:9712166",0,7,7
"CBFA2T3","s1639_F_TNA_03_ASEReadCounter.table","NW_015090842.1:9712536",1,3,2
"CBFA2T3","s1639_F_TNA_03_ASEReadCounter.table","NW_015090842.1:9712673",1,4,3
"CBFA2T3","s1639_F_TNA_03_ASEReadCounter.table","NW_015090842.1:9712787",6,14,8
"CBFA2T3","s1639_F_TNA_03_ASEReadCounter.table","NW_015090842.1:9712791",6,13,7
"CBFA2T3","s1639_F_TNA_03_ASEReadCounter.table","NW_015090842.1:9712805",4,11,7
"CBFA2T3","s1639_F_TNA_03_ASEReadCounter.table","NW_015090842.1:9712811",3,10,7
"CBFA2T3","s1639_F_TNA_03_ASEReadCounter.table","NW_015090842.1:9712848",6,11,5
"CBFA2T3","s1639_F_TNA_03_ASEReadCounter.table","NW_015090842.1:9713088",4,11,7
"CBFA2T3","s1639_F_TNA_03_ASEReadCounter.table","NW_015090842.1:9713121",2,10,8
"CBFA2T3","s1639_F_TNA_03_ASEReadCounter.table","NW_015090842.1:9717058",7,12,5
"CBFA2T3","s1639_F_TNA_03_ASEReadCounter.table","NW_015090842.1:9717093",3,11,8
"CBFA2T3","s1639_F_TNA_03_ASEReadCounter.table","NW_015090842.1:9717114",2,8,6
"CBFA2T3","s1639_F_TNA_03_ASEReadCounter.table","NW_015090842.1:9717139",3,9,6
"CBFA2T3","s1639_F_TNA_03_ASEReadCounter.table","NW_015090842.1:9719788",3,9,6
"ACSF3","s1639_F_TNA_03_ASEReadCounter.table","NW_015090842.1:9773379",0,2,2
"ACSF3","s1639_F_TNA_03_ASEReadCounter.table","NW_015090842.1:9773382",0,3,3
"ACSF3","s1639_F_TNA_03_ASEReadCounter.table","NW_015090842.1:9773384",0,3,3
"ACSF3","s1639_F_TNA_03_ASEReadCounter.table","NW_015090842.1:9773388",0,4,4
"ACSF3","s1639_F_TNA_03_ASEReadCounter.table","NW_015090842.1:9776753",8,10,2
"ACSF3","s1639_F_TNA_03_ASEReadCounter.table","NW_015090842.1:9776783",9,11,2
"ACSF3","s1639_F_TNA_03_ASEReadCounter.table","NW_015090842.1:9776879",4,6,2
"ACSF3","s1639_F_TNA_03_ASEReadCounter.table","NW_015090842.1:9776965",6,13,7
"ACSF3","s1639_F_TNA_03_ASEReadCounter.table","NW_015090842.1:9777091",10,16,6
"ACSF3","s1639_F_TNA_03_ASEReadCounter.table","NW_015090842.1:9777206",9,14,5
"ACSF3","s1639_F_TNA_03_ASEReadCounter.table","NW_015090842.1:9777283",12,15,3
"ACSF3","s1639_F_TNA_03_ASEReadCounter.table","NW_015090842.1:9778955",18,37,19
"ACSF3","s1639_F_TNA_03_ASEReadCounter.table","NW_015090842.1:9778997",16,48,32
"ACSF3","s1639_F_TNA_03_ASEReadCounter.table","NW_015090842.1:9789311",16,41,25
"ACSF3","s1639_F_TNA_03_ASEReadCounter.table","NW_015090842.1:9789906",3,25,22
"ACSF3","s1639_F_TNA_03_ASEReadCounter.table","NW_015090842.1:9834743",37,75,38
"ACSF3","s1639_F_TNA_03_ASEReadCounter.table","NW_015090842.1:9834852",37,80,43
"ACSF3","s1639_F_TNA_03_ASEReadCounter.table","NW_015090842.1:9834861",34,78,44
"ACSF3","s1639_F_TNA_03_ASEReadCounter.table","NW_015090842.1:9839359",24,52,28
"ACSF3","s1639_F_TNA_03_ASEReadCounter.table","NW_015090842.1:9839378",22,51,29
"ACSF3","s1639_F_TNA_03_ASEReadCounter.table","NW_015090842.1:9839455",19,44,25
"ACSF3","s1639_F_TNA_03_ASEReadCounter.table","NW_015090842.1:9839457",20,42,22
"ACSF3","s1639_F_TNA_03_ASEReadCounter.table","NW_015090842.1:9839489",18,38,20
"ACSF3","s1639_F_TNA_03_ASEReadCounter.table","NW_015090842.1:9839500",13,29,16
"ACSF3","s1639_F_TNA_03_ASEReadCounter.table","NW_015090842.1:9839501",13,29,16
"ACSF3","s1639_F_TNA_03_ASEReadCounter.table","NW_015090842.1:9839504",13,30,17
"ACSF3","s1639_F_TNA_03_ASEReadCounter.table","NW_015090842.1:9839512",13,25,12
"ACSF3","s1639_F_TNA_03_ASEReadCounter.table","NW_015090842.1:9839527",11,23,12
"ACSF3","s1639_F_TNA_03_ASEReadCounter.table","NW_015090842.1:9839533",7,17,10
"ACSF3","s1639_F_TNA_03_ASEReadCounter.table","NW_015090842.1:9839535",7,16,9
"ACSF3","s1639_F_TNA_03_ASEReadCounter.table","NW_015090842.1:9839545",3,14,11
"ACSF3","s1639_F_TNA_03_ASEReadCounter.table","NW_015090842.1:9839550",2,13,11
"ACSF3","s1639_F_TNA_03_ASEReadCounter.table","NW_015090842.1:9839551",2,13,11
"CDH15","s1639_F_TNA_03_ASEReadCounter.table","NW_015090842.1:9847163",2,3,1
"CDH15","s1639_F_TNA_03_ASEReadCounter.table","NW_015090842.1:9847174",2,3,1
"CDH15","s1639_F_TNA_03_ASEReadCounter.table","NW_015090842.1:9848888",0,1,1
"CDH15","s1639_F_TNA_03_ASEReadCounter.table","NW_015090842.1:9848936",0,2,2
"CDH15","s1639_F_TNA_03_ASEReadCounter.table","NW_015090842.1:9849473",0,2,2
"CDH15","s1639_F_TNA_03_ASEReadCounter.table","NW_015090842.1:9850141",2,3,1
"SLC22A31","s1639_F_TNA_03_ASEReadCounter.table","NW_015090842.1:9850797",0,2,2
"SLC22A31","s1639_F_TNA_03_ASEReadCounter.table","NW_015090842.1:9850818",0,1,1
"SLC22A31","s1639_F_TNA_03_ASEReadCounter.table","NW_015090842.1:9850929",0,1,1
"SLC22A31","s1639_F_TNA_03_ASEReadCounter.table","NW_015090842.1:9850936",1,2,1
"SLC22A31","s1639_F_TNA_03_ASEReadCounter.table","NW_015090842.1:9850940",1,2,1
"SLC22A31","s1639_F_TNA_03_ASEReadCounter.table","NW_015090842.1:9850948",1,2,1
"SLC22A31","s1639_F_TNA_03_ASEReadCounter.table","NW_015090842.1:9850961",1,1,0
"SLC22A31","s1639_F_TNA_03_ASEReadCounter.table","NW_015090842.1:9850970",1,1,0
"SLC22A31","s1639_F_TNA_03_ASEReadCounter.table","NW_015090842.1:9850978",1,2,1
"SLC22A31","s1639_F_TNA_03_ASEReadCounter.table","NW_015090842.1:9850981",1,2,1
"SLC22A31","s1639_F_TNA_03_ASEReadCounter.table","NW_015090842.1:9851117",4,14,10
"SLC22A31","s1639_F_TNA_03_ASEReadCounter.table","NW_015090842.1:9851130",4,15,11
"SLC22A31","s1639_F_TNA_03_ASEReadCounter.table","NW_015090842.1:9851139",4,15,11
"SLC22A31","s1639_F_TNA_03_ASEReadCounter.table","NW_015090842.1:9851265",6,29,23
"SLC22A31","s1639_F_TNA_03_ASEReadCounter.table","NW_015090842.1:9851302",9,34,25
"SLC22A31","s1639_F_TNA_03_ASEReadCounter.table","NW_015090842.1:9851303",9,34,25
"SLC22A31","s1639_F_TNA_03_ASEReadCounter.table","NW_015090842.1:9851305",9,32,23
"SLC22A31","s1639_F_TNA_03_ASEReadCounter.table","NW_015090842.1:9851343",11,30,19
"SLC22A31","s1639_F_TNA_03_ASEReadCounter.table","NW_015090842.1:9851344",14,32,18
"SLC22A31","s1639_F_TNA_03_ASEReadCounter.table","NW_015090842.1:9851361",32,32,0
"SLC22A31","s1639_F_TNA_03_ASEReadCounter.table","NW_015090842.1:9851381",15,38,23
"SLC22A31","s1639_F_TNA_03_ASEReadCounter.table","NW_015090842.1:9851421",19,35,16
"SLC22A31","s1639_F_TNA_03_ASEReadCounter.table","NW_015090842.1:9851501",12,23,11
"SLC22A31","s1639_F_TNA_03_ASEReadCounter.table","NW_015090842.1:9851526",12,30,18
"SLC22A31","s1639_F_TNA_03_ASEReadCounter.table","NW_015090842.1:9851589",10,35,25
"SLC22A31","s1639_F_TNA_03_ASEReadCounter.table","NW_015090842.1:9851712",14,39,25
"SLC22A31","s1639_F_TNA_03_ASEReadCounter.table","NW_015090842.1:9851899",8,23,15
"SLC22A31","s1639_F_TNA_03_ASEReadCounter.table","NW_015090842.1:9852139",5,20,15
"SLC22A31","s1639_F_TNA_03_ASEReadCounter.table","NW_015090842.1:9852380",7,23,16
"SLC22A31","s1639_F_TNA_03_ASEReadCounter.table","NW_015090842.1:9852431",3,15,12
"SLC22A31","s1639_F_TNA_03_ASEReadCounter.table","NW_015090842.1:9852630",4,11,7
"SLC22A31","s1639_F_TNA_03_ASEReadCounter.table","NW_015090842.1:9852711",3,9,6
"SLC22A31","s1639_F_TNA_03_ASEReadCounter.table","NW_015090842.1:9853099",5,8,3
"SLC22A31","s1639_F_TNA_03_ASEReadCounter.table","NW_015090842.1:9853102",4,9,5
"SLC22A31","s1639_F_TNA_03_ASEReadCounter.table","NW_015090842.1:9853421",2,4,2
"SLC22A31","s1639_F_TNA_03_ASEReadCounter.table","NW_015090842.1:9853457",0,4,4
"SLC22A31","s1639_F_TNA_03_ASEReadCounter.table","NW_015090842.1:9853502",1,4,3
"ANKRD11","s1639_F_TNA_03_ASEReadCounter.table","NW_015090842.1:9858863",6,24,18
"ANKRD11","s1639_F_TNA_03_ASEReadCounter.table","NW_015090842.1:9859101",165,347,182
"ANKRD11","s1639_F_TNA_03_ASEReadCounter.table","NW_015090842.1:9859352",212,466,254
"ANKRD11","s1639_F_TNA_03_ASEReadCounter.table","NW_015090842.1:9859381",111,301,190
"ANKRD11","s1639_F_TNA_03_ASEReadCounter.table","NW_015090842.1:9859679",192,382,190
"ANKRD11","s1639_F_TNA_03_ASEReadCounter.table","NW_015090842.1:9861097",141,265,124
"ANKRD11","s1639_F_TNA_03_ASEReadCounter.table","NW_015090842.1:9862571",71,133,62
"ANKRD11","s1639_F_TNA_03_ASEReadCounter.table","NW_015090842.1:9862652",61,98,37
"ANKRD11","s1639_F_TNA_03_ASEReadCounter.table","NW_015090842.1:9866071",0,76,76
"ANKRD11","s1639_F_TNA_03_ASEReadCounter.table","NW_015090842.1:9866200",0,58,58
"ANKRD11","s1639_F_TNA_03_ASEReadCounter.table","NW_015090842.1:9867391",12,24,12
"ANKRD11","s1639_F_TNA_03_ASEReadCounter.table","NW_015090842.1:9867472",21,47,26
"ANKRD11","s1639_F_TNA_03_ASEReadCounter.table","NW_015090842.1:9867559",27,54,27
"ANKRD11","s1639_F_TNA_03_ASEReadCounter.table","NW_015090842.1:9867667",26,48,22
"ANKRD11","s1639_F_TNA_03_ASEReadCounter.table","NW_015090842.1:9867934",34,63,29
"ANKRD11","s1639_F_TNA_03_ASEReadCounter.table","NW_015090842.1:9868064",31,67,36
"ANKRD11","s1639_F_TNA_03_ASEReadCounter.table","NW_015090842.1:9868093",27,69,42
"ANKRD11","s1639_F_TNA_03_ASEReadCounter.table","NW_015090842.1:9868222",38,71,33
"ANKRD11","s1639_F_TNA_03_ASEReadCounter.table","NW_015090842.1:9868327",42,83,41
"ANKRD11","s1639_F_TNA_03_ASEReadCounter.table","NW_015090842.1:9868414",62,121,59
"ANKRD11","s1639_F_TNA_03_ASEReadCounter.table","NW_015090842.1:9868441",56,106,50
"ANKRD11","s1639_F_TNA_03_ASEReadCounter.table","NW_015090842.1:9868444",58,111,53
"ANKRD11","s1639_F_TNA_03_ASEReadCounter.table","NW_015090842.1:9868519",71,129,58
"ANKRD11","s1639_F_TNA_03_ASEReadCounter.table","NW_015090842.1:9868609",90,157,67
"ANKRD11","s1639_F_TNA_03_ASEReadCounter.table","NW_015090842.1:9868666",94,193,99
"ANKRD11","s1639_F_TNA_03_ASEReadCounter.table","NW_015090842.1:9868738",250,250,0
"ANKRD11","s1639_F_TNA_03_ASEReadCounter.table","NW_015090842.1:9869431",195,362,167
"ANKRD11","s1639_F_TNA_03_ASEReadCounter.table","NW_015090842.1:9869578",281,551,270
"ANKRD11","s1639_F_TNA_03_ASEReadCounter.table","NW_015090842.1:9869734",290,554,264
"ANKRD11","s1639_F_TNA_03_ASEReadCounter.table","NW_015090842.1:9870070",295,582,287
"ANKRD11","s1639_F_TNA_03_ASEReadCounter.table","NW_015090842.1:9870349",330,660,330
"ANKRD11","s1639_F_TNA_03_ASEReadCounter.table","NW_015090842.1:9870604",339,666,327
"ANKRD11","s1639_F_TNA_03_ASEReadCounter.table","NW_015090842.1:9870613",374,720,346
"ANKRD11","s1639_F_TNA_03_ASEReadCounter.table","NW_015090842.1:9870685",415,851,436
"ANKRD11","s1639_F_TNA_03_ASEReadCounter.table","NW_015090842.1:9870760",371,754,383
"ANKRD11","s1639_F_TNA_03_ASEReadCounter.table","NW_015090842.1:9870847",351,748,397
"ANKRD11","s1639_F_TNA_03_ASEReadCounter.table","NW_015090842.1:9871103",265,527,262
"ANKRD11","s1639_F_TNA_03_ASEReadCounter.table","NW_015090842.1:9871165",268,591,323
"ANKRD11","s1639_F_TNA_03_ASEReadCounter.table","NW_015090842.1:9871508",343,343,0
"ANKRD11","s1639_F_TNA_03_ASEReadCounter.table","NW_015090842.1:9871820",53,112,59
"ANKRD11","s1639_F_TNA_03_ASEReadCounter.table","NW_015090842.1:9872118",49,120,71
"ANKRD11","s1639_F_TNA_03_ASEReadCounter.table","NW_015090842.1:9877406",21,43,22
"SPG7","s1639_F_TNA_03_ASEReadCounter.table","NW_015090842.1:10051190",36,78,42
"SPG7","s1639_F_TNA_03_ASEReadCounter.table","NW_015090842.1:10051218",43,93,50
"SPG7","s1639_F_TNA_03_ASEReadCounter.table","NW_015090842.1:10052348",60,95,35
"SPG7","s1639_F_TNA_03_ASEReadCounter.table","NW_015090842.1:10052366",54,95,41
"SPG7","s1639_F_TNA_03_ASEReadCounter.table","NW_015090842.1:10065173",94,184,90
"SPG7","s1639_F_TNA_03_ASEReadCounter.table","NW_015090842.1:10065215",82,153,71
"SPG7","s1639_F_TNA_03_ASEReadCounter.table","NW_015090842.1:10066365",95,186,91
"SPG7","s1639_F_TNA_03_ASEReadCounter.table","NW_015090842.1:10069752",118,221,103
"SPG7","s1639_F_TNA_03_ASEReadCounter.table","NW_015090842.1:10069800",120,225,105
"SPG7","s1639_F_TNA_03_ASEReadCounter.table","NW_015090842.1:10071192",117,252,135
"SPG7","s1639_F_TNA_03_ASEReadCounter.table","NW_015090842.1:10071219",100,225,125
"SPG7","s1639_F_TNA_03_ASEReadCounter.table","NW_015090842.1:10071967",149,270,121
"SPG7","s1639_F_TNA_03_ASEReadCounter.table","NW_015090842.1:10075109",229,435,206
"SPG7","s1639_F_TNA_03_ASEReadCounter.table","NW_015090842.1:10075114",236,436,200
"SPG7","s1639_F_TNA_03_ASEReadCounter.table","NW_015090842.1:10075198",212,359,147
"SPG7","s1639_F_TNA_03_ASEReadCounter.table","NW_015090842.1:10075487",223,428,205
"SPG7","s1639_F_TNA_03_ASEReadCounter.table","NW_015090842.1:10075488",221,427,206
"SPG7","s1639_F_TNA_03_ASEReadCounter.table","NW_015090842.1:10075548",156,313,157
"RPL13","s1639_F_TNA_03_ASEReadCounter.table","NW_015090842.1:10077387",340,734,394
"RPL13","s1639_F_TNA_03_ASEReadCounter.table","NW_015090842.1:10077978",553,1203,650
"RPL13","s1639_F_TNA_03_ASEReadCounter.table","NW_015090842.1:10077992",549,1167,618
"CPNE7","s1639_F_TNA_03_ASEReadCounter.table","NW_015090842.1:10084001",76,165,89
"CPNE7","s1639_F_TNA_03_ASEReadCounter.table","NW_015090842.1:10084856",61,126,65
"CPNE7","s1639_F_TNA_03_ASEReadCounter.table","NW_015090842.1:10084872",67,138,71
"CPNE7","s1639_F_TNA_03_ASEReadCounter.table","NW_015090842.1:10084892",84,157,73
"CPNE7","s1639_F_TNA_03_ASEReadCounter.table","NW_015090842.1:10084921",94,174,80
"CPNE7","s1639_F_TNA_03_ASEReadCounter.table","NW_015090842.1:10084935",94,175,81
"CPNE7","s1639_F_TNA_03_ASEReadCounter.table","NW_015090842.1:10085000",98,179,81
"CPNE7","s1639_F_TNA_03_ASEReadCounter.table","NW_015090842.1:10085089",86,189,103
"CPNE7","s1639_F_TNA_03_ASEReadCounter.table","NW_015090842.1:10085096",88,189,101
"CPNE7","s1639_F_TNA_03_ASEReadCounter.table","NW_015090842.1:10085126",93,191,98
"CPNE7","s1639_F_TNA_03_ASEReadCounter.table","NW_015090842.1:10085167",170,170,0
"CPNE7","s1639_F_TNA_03_ASEReadCounter.table","NW_015090842.1:10085180",68,163,95
"CPNE7","s1639_F_TNA_03_ASEReadCounter.table","NW_015090842.1:10085201",58,148,90
"CPNE7","s1639_F_TNA_03_ASEReadCounter.table","NW_015090842.1:10088134",157,324,167
"CPNE7","s1639_F_TNA_03_ASEReadCounter.table","NW_015090842.1:10088146",149,308,159
"CPNE7","s1639_F_TNA_03_ASEReadCounter.table","NW_015090842.1:10088806",208,425,217
"CPNE7","s1639_F_TNA_03_ASEReadCounter.table","NW_015090842.1:10088940",245,493,248
"CPNE7","s1639_F_TNA_03_ASEReadCounter.table","NW_015090842.1:10088965",211,436,225
"CPNE7","s1639_F_TNA_03_ASEReadCounter.table","NW_015090842.1:10088967",213,431,218
"CPNE7","s1639_F_TNA_03_ASEReadCounter.table","NW_015090842.1:10088973",218,442,224
"CPNE7","s1639_F_TNA_03_ASEReadCounter.table","NW_015090842.1:10090924",384,785,401
"CPNE7","s1639_F_TNA_03_ASEReadCounter.table","NW_015090842.1:10090930",385,779,394
"CPNE7","s1639_F_TNA_03_ASEReadCounter.table","NW_015090842.1:10091075",385,786,401
"CPNE7","s1639_F_TNA_03_ASEReadCounter.table","NW_015090842.1:10091389",446,971,525
"CPNE7","s1639_F_TNA_03_ASEReadCounter.table","NW_015090842.1:10091407",503,1048,545
"CPNE7","s1639_F_TNA_03_ASEReadCounter.table","NW_015090842.1:10091488",943,943,0
"CPNE7","s1639_F_TNA_03_ASEReadCounter.table","NW_015090842.1:10091491",953,954,1
"CPNE7","s1639_F_TNA_03_ASEReadCounter.table","NW_015090842.1:10091530",483,1008,525
"CPNE7","s1639_F_TNA_03_ASEReadCounter.table","NW_015090842.1:10091875",621,1340,719
"CPNE7","s1639_F_TNA_03_ASEReadCounter.table","NW_015090842.1:10091983",612,1280,668
"CPNE7","s1639_F_TNA_03_ASEReadCounter.table","NW_015090842.1:10091997",611,1294,683
"CPNE7","s1639_F_TNA_03_ASEReadCounter.table","NW_015090842.1:10092038",372,847,475
"CPNE7","s1639_F_TNA_03_ASEReadCounter.table","NW_015090842.1:10092140",443,981,538
"CPNE7","s1639_F_TNA_03_ASEReadCounter.table","NW_015090842.1:10092183",358,752,394
"CPNE7","s1639_F_TNA_03_ASEReadCounter.table","NW_015090842.1:10092201",315,643,328
"CPNE7","s1639_F_TNA_03_ASEReadCounter.table","NW_015090842.1:10092230",223,466,243
"CPNE7","s1639_F_TNA_03_ASEReadCounter.table","NW_015090842.1:10092246",151,323,172
"LOC106888185","s1639_F_TNA_03_ASEReadCounter.table","NW_015090842.1:10094965",0,3,3
"LOC106888185","s1639_F_TNA_03_ASEReadCounter.table","NW_015090842.1:10094966",0,3,3
"LOC106888185","s1639_F_TNA_03_ASEReadCounter.table","NW_015090842.1:10094985",0,3,3
"LOC106888185","s1639_F_TNA_03_ASEReadCounter.table","NW_015090842.1:10095055",0,3,3
"LOC106888185","s1639_F_TNA_03_ASEReadCounter.table","NW_015090842.1:10095062",0,3,3
"LOC106888185","s1639_F_TNA_03_ASEReadCounter.table","NW_015090842.1:10095130",0,2,2
"LOC106888185","s1639_F_TNA_03_ASEReadCounter.table","NW_015090842.1:10095265",2,3,1
"LOC106888185","s1639_F_TNA_03_ASEReadCounter.table","NW_015090842.1:10095586",1,5,4
"LOC106888185","s1639_F_TNA_03_ASEReadCounter.table","NW_015090842.1:10095593",1,5,4
"LOC106888185","s1639_F_TNA_03_ASEReadCounter.table","NW_015090842.1:10095616",1,5,4
"LOC106888185","s1639_F_TNA_03_ASEReadCounter.table","NW_015090842.1:10095662",1,2,1
"LOC106888185","s1639_F_TNA_03_ASEReadCounter.table","NW_015090842.1:10095674",1,2,1
"LOC106888185","s1639_F_TNA_03_ASEReadCounter.table","NW_015090842.1:10095786",1,6,5
"LOC106888185","s1639_F_TNA_03_ASEReadCounter.table","NW_015090842.1:10095831",2,7,5
"LOC106888185","s1639_F_TNA_03_ASEReadCounter.table","NW_015090842.1:10096230",0,2,2
"LOC106888185","s1639_F_TNA_03_ASEReadCounter.table","NW_015090842.1:10096249",3,5,2
"LOC106888185","s1639_F_TNA_03_ASEReadCounter.table","NW_015090842.1:10096272",4,7,3
"LOC106888185","s1639_F_TNA_03_ASEReadCounter.table","NW_015090842.1:10096288",4,5,1
"LOC106888185","s1639_F_TNA_03_ASEReadCounter.table","NW_015090842.1:10097248",2,8,6
"LOC106888185","s1639_F_TNA_03_ASEReadCounter.table","NW_015090842.1:10097265",3,7,4
"LOC106888185","s1639_F_TNA_03_ASEReadCounter.table","NW_015090842.1:10097446",0,1,1
"DPEP1","s1639_F_TNA_03_ASEReadCounter.table","NW_015090842.1:10098017",0,1,1
"DPEP1","s1639_F_TNA_03_ASEReadCounter.table","NW_015090842.1:10098518",0,2,2
"DPEP1","s1639_F_TNA_03_ASEReadCounter.table","NW_015090842.1:10098595",0,4,4
"DPEP1","s1639_F_TNA_03_ASEReadCounter.table","NW_015090842.1:10098597",0,3,3
"DPEP1","s1639_F_TNA_03_ASEReadCounter.table","NW_015090842.1:10098601",0,3,3
"DPEP1","s1639_F_TNA_03_ASEReadCounter.table","NW_015090842.1:10098608",0,3,3
"DPEP1","s1639_F_TNA_03_ASEReadCounter.table","NW_015090842.1:10098630",0,3,3
"DPEP1","s1639_F_TNA_03_ASEReadCounter.table","NW_015090842.1:10098659",0,2,2
"DPEP1","s1639_F_TNA_03_ASEReadCounter.table","NW_015090842.1:10099765",1,3,2
"DPEP1","s1639_F_TNA_03_ASEReadCounter.table","NW_015090842.1:10099985",0,1,1
"DPEP1","s1639_F_TNA_03_ASEReadCounter.table","NW_015090842.1:10099986",0,1,1
"DPEP1","s1639_F_TNA_03_ASEReadCounter.table","NW_015090842.1:10099991",0,1,1
"DPEP1","s1639_F_TNA_03_ASEReadCounter.table","NW_015090842.1:10100044",0,2,2
"DPEP1","s1639_F_TNA_03_ASEReadCounter.table","NW_015090842.1:10100045",0,2,2
"DPEP1","s1639_F_TNA_03_ASEReadCounter.table","NW_015090842.1:10100084",0,3,3
"DPEP1","s1639_F_TNA_03_ASEReadCounter.table","NW_015090842.1:10100295",0,1,1
"DPEP1","s1639_F_TNA_03_ASEReadCounter.table","NW_015090842.1:10100529",0,1,1
"DPEP1","s1639_F_TNA_03_ASEReadCounter.table","NW_015090842.1:10100893",0,3,3
"DPEP1","s1639_F_TNA_03_ASEReadCounter.table","NW_015090842.1:10100902",0,3,3
"DPEP1","s1639_F_TNA_03_ASEReadCounter.table","NW_015090842.1:10101072",2,5,3
"DPEP1","s1639_F_TNA_03_ASEReadCounter.table","NW_015090842.1:10101199",1,5,4
"DPEP1","s1639_F_TNA_03_ASEReadCounter.table","NW_015090842.1:10101483",3,6,3
"DPEP1","s1639_F_TNA_03_ASEReadCounter.table","NW_015090842.1:10101497",3,5,2
"DPEP1","s1639_F_TNA_03_ASEReadCounter.table","NW_015090842.1:10101525",3,7,4
"DPEP1","s1639_F_TNA_03_ASEReadCounter.table","NW_015090842.1:10101875",1,4,3
"DPEP1","s1639_F_TNA_03_ASEReadCounter.table","NW_015090842.1:10101913",0,5,5
"DPEP1","s1639_F_TNA_03_ASEReadCounter.table","NW_015090842.1:10101996",0,3,3
"DPEP1","s1639_F_TNA_03_ASEReadCounter.table","NW_015090842.1:10102014",1,2,1
"DPEP1","s1639_F_TNA_03_ASEReadCounter.table","NW_015090842.1:10102035",1,1,0
"CHMP1A","s1639_F_TNA_03_ASEReadCounter.table","NW_015090842.1:10102901",71,179,108
"CHMP1A","s1639_F_TNA_03_ASEReadCounter.table","NW_015090842.1:10102961",59,199,140
"CHMP1A","s1639_F_TNA_03_ASEReadCounter.table","NW_015090842.1:10102996",48,178,130
"CHMP1A","s1639_F_TNA_03_ASEReadCounter.table","NW_015090842.1:10103004",55,190,135
"CHMP1A","s1639_F_TNA_03_ASEReadCounter.table","NW_015090842.1:10103006",55,193,138
"CHMP1A","s1639_F_TNA_03_ASEReadCounter.table","NW_015090842.1:10103052",97,238,141
"CHMP1A","s1639_F_TNA_03_ASEReadCounter.table","NW_015090842.1:10103095",101,241,140
"CHMP1A","s1639_F_TNA_03_ASEReadCounter.table","NW_015090842.1:10103096",99,236,137
"CHMP1A","s1639_F_TNA_03_ASEReadCounter.table","NW_015090842.1:10103152",85,177,92
"CHMP1A","s1639_F_TNA_03_ASEReadCounter.table","NW_015090842.1:10103173",91,186,95
"CHMP1A","s1639_F_TNA_03_ASEReadCounter.table","NW_015090842.1:10103334",57,143,86
"CHMP1A","s1639_F_TNA_03_ASEReadCounter.table","NW_015090842.1:10103373",33,120,87
"CHMP1A","s1639_F_TNA_03_ASEReadCounter.table","NW_015090842.1:10103408",50,144,94
"CHMP1A","s1639_F_TNA_03_ASEReadCounter.table","NW_015090842.1:10103412",58,149,91
"CHMP1A","s1639_F_TNA_03_ASEReadCounter.table","NW_015090842.1:10103512",73,155,82
"CHMP1A","s1639_F_TNA_03_ASEReadCounter.table","NW_015090842.1:10103513",73,156,83
"CHMP1A","s1639_F_TNA_03_ASEReadCounter.table","NW_015090842.1:10103583",35,88,53
"CHMP1A","s1639_F_TNA_03_ASEReadCounter.table","NW_015090842.1:10103614",37,103,66
"CHMP1A","s1639_F_TNA_03_ASEReadCounter.table","NW_015090842.1:10103657",43,113,70
"CHMP1A","s1639_F_TNA_03_ASEReadCounter.table","NW_015090842.1:10103669",31,97,66
"CHMP1A","s1639_F_TNA_03_ASEReadCounter.table","NW_015090842.1:10103674",33,95,62
"CHMP1A","s1639_F_TNA_03_ASEReadCounter.table","NW_015090842.1:10103677",31,90,59
"CHMP1A","s1639_F_TNA_03_ASEReadCounter.table","NW_015090842.1:10103729",36,83,47
"CHMP1A","s1639_F_TNA_03_ASEReadCounter.table","NW_015090842.1:10103758",41,82,41
"CHMP1A","s1639_F_TNA_03_ASEReadCounter.table","NW_015090842.1:10103761",42,84,42
"CHMP1A","s1639_F_TNA_03_ASEReadCounter.table","NW_015090842.1:10103788",45,112,67
"CHMP1A","s1639_F_TNA_03_ASEReadCounter.table","NW_015090842.1:10103789",46,112,66
"CHMP1A","s1639_F_TNA_03_ASEReadCounter.table","NW_015090842.1:10103790",42,110,68
"CHMP1A","s1639_F_TNA_03_ASEReadCounter.table","NW_015090842.1:10103950",47,84,37
"CHMP1A","s1639_F_TNA_03_ASEReadCounter.table","NW_015090842.1:10104335",31,65,34
"CHMP1A","s1639_F_TNA_03_ASEReadCounter.table","NW_015090842.1:10104429",38,74,36
"CHMP1A","s1639_F_TNA_03_ASEReadCounter.table","NW_015090842.1:10104532",37,70,33
"CHMP1A","s1639_F_TNA_03_ASEReadCounter.table","NW_015090842.1:10104633",31,59,28
"CHMP1A","s1639_F_TNA_03_ASEReadCounter.table","NW_015090842.1:10104759",26,54,28
"CHMP1A","s1639_F_TNA_03_ASEReadCounter.table","NW_015090842.1:10104794",28,58,30
"CHMP1A","s1639_F_TNA_03_ASEReadCounter.table","NW_015090842.1:10104841",41,41,0
"CHMP1A","s1639_F_TNA_03_ASEReadCounter.table","NW_015090842.1:10104844",18,46,28
"CHMP1A","s1639_F_TNA_03_ASEReadCounter.table","NW_015090842.1:10106242",23,44,21
"CHMP1A","s1639_F_TNA_03_ASEReadCounter.table","NW_015090842.1:10106290",26,46,20
"CHMP1A","s1639_F_TNA_03_ASEReadCounter.table","NW_015090842.1:10106335",31,50,19
"CHMP1A","s1639_F_TNA_03_ASEReadCounter.table","NW_015090842.1:10106383",30,65,35
"CHMP1A","s1639_F_TNA_03_ASEReadCounter.table","NW_015090842.1:10106747",26,70,44
"CHMP1A","s1639_F_TNA_03_ASEReadCounter.table","NW_015090842.1:10107404",31,60,29
"CHMP1A","s1639_F_TNA_03_ASEReadCounter.table","NW_015090842.1:10107876",22,52,30
"CDK10","s1639_F_TNA_03_ASEReadCounter.table","NW_015090842.1:10109030",8,8,0
"CDK10","s1639_F_TNA_03_ASEReadCounter.table","NW_015090842.1:10109963",12,62,50
"CDK10","s1639_F_TNA_03_ASEReadCounter.table","NW_015090842.1:10110887",23,59,36
"CDK10","s1639_F_TNA_03_ASEReadCounter.table","NW_015090842.1:10111254",18,49,31
"CDK10","s1639_F_TNA_03_ASEReadCounter.table","NW_015090842.1:10111380",17,58,41
"CDK10","s1639_F_TNA_03_ASEReadCounter.table","NW_015090842.1:10111395",18,60,42
"CDK10","s1639_F_TNA_03_ASEReadCounter.table","NW_015090842.1:10111437",9,59,50
"CDK10","s1639_F_TNA_03_ASEReadCounter.table","NW_015090842.1:10111798",44,92,48
"CDK10","s1639_F_TNA_03_ASEReadCounter.table","NW_015090842.1:10111840",39,89,50
"CDK10","s1639_F_TNA_03_ASEReadCounter.table","NW_015090842.1:10112031",43,121,78
"CDK10","s1639_F_TNA_03_ASEReadCounter.table","NW_015090842.1:10112285",59,154,95
"CDK10","s1639_F_TNA_03_ASEReadCounter.table","NW_015090842.1:10112398",59,154,95
"CDK10","s1639_F_TNA_03_ASEReadCounter.table","NW_015090842.1:10112455",44,136,92
"CDK10","s1639_F_TNA_03_ASEReadCounter.table","NW_015090842.1:10112461",42,128,86
"CDK10","s1639_F_TNA_03_ASEReadCounter.table","NW_015090842.1:10112497",37,128,91
"CDK10","s1639_F_TNA_03_ASEReadCounter.table","NW_015090842.1:10112508",29,122,93
"CDK10","s1639_F_TNA_03_ASEReadCounter.table","NW_015090842.1:10112518",26,102,76
"CDK10","s1639_F_TNA_03_ASEReadCounter.table","NW_015090842.1:10112540",15,101,86
"CDK10","s1639_F_TNA_03_ASEReadCounter.table","NW_015090842.1:10112556",31,114,83
"CDK10","s1639_F_TNA_03_ASEReadCounter.table","NW_015090842.1:10112561",36,124,88
"CDK10","s1639_F_TNA_03_ASEReadCounter.table","NW_015090842.1:10112596",39,116,77
"CDK10","s1639_F_TNA_03_ASEReadCounter.table","NW_015090842.1:10112630",38,108,70
"CDK10","s1639_F_TNA_03_ASEReadCounter.table","NW_015090842.1:10112656",36,97,61
"CDK10","s1639_F_TNA_03_ASEReadCounter.table","NW_015090842.1:10112665",33,80,47
"CDK10","s1639_F_TNA_03_ASEReadCounter.table","NW_015090842.1:10112668",32,79,47
"CDK10","s1639_F_TNA_03_ASEReadCounter.table","NW_015090842.1:10112781",17,56,39
"CDK10","s1639_F_TNA_03_ASEReadCounter.table","NW_015090842.1:10112782",17,56,39
"CDK10","s1639_F_TNA_03_ASEReadCounter.table","NW_015090842.1:10112795",18,54,36
"CDK10","s1639_F_TNA_03_ASEReadCounter.table","NW_015090842.1:10112841",5,21,16
"CDK10","s1639_F_TNA_03_ASEReadCounter.table","NW_015090842.1:10112861",3,16,13
"SPATA2L","s1639_F_TNA_03_ASEReadCounter.table","NW_015090842.1:10113212",48,100,52
"SPATA2L","s1639_F_TNA_03_ASEReadCounter.table","NW_015090842.1:10113280",75,173,98
"SPATA2L","s1639_F_TNA_03_ASEReadCounter.table","NW_015090842.1:10113296",72,174,102
"SPATA2L","s1639_F_TNA_03_ASEReadCounter.table","NW_015090842.1:10113321",73,187,114
"SPATA2L","s1639_F_TNA_03_ASEReadCounter.table","NW_015090842.1:10113332",74,195,121
"SPATA2L","s1639_F_TNA_03_ASEReadCounter.table","NW_015090842.1:10113380",64,183,119
"SPATA2L","s1639_F_TNA_03_ASEReadCounter.table","NW_015090842.1:10113381",66,187,121
"SPATA2L","s1639_F_TNA_03_ASEReadCounter.table","NW_015090842.1:10113412",67,196,129
"SPATA2L","s1639_F_TNA_03_ASEReadCounter.table","NW_015090842.1:10113421",68,198,130
"SPATA2L","s1639_F_TNA_03_ASEReadCounter.table","NW_015090842.1:10113465",62,169,107
"SPATA2L","s1639_F_TNA_03_ASEReadCounter.table","NW_015090842.1:10113535",82,170,88
"SPATA2L","s1639_F_TNA_03_ASEReadCounter.table","NW_015090842.1:10113645",87,222,135
"SPATA2L","s1639_F_TNA_03_ASEReadCounter.table","NW_015090842.1:10113682",110,257,147
"SPATA2L","s1639_F_TNA_03_ASEReadCounter.table","NW_015090842.1:10113696",104,244,140
"SPATA2L","s1639_F_TNA_03_ASEReadCounter.table","NW_015090842.1:10113727",102,241,139
"SPATA2L","s1639_F_TNA_03_ASEReadCounter.table","NW_015090842.1:10113799",106,227,121
"SPATA2L","s1639_F_TNA_03_ASEReadCounter.table","NW_015090842.1:10113809",105,232,127
"SPATA2L","s1639_F_TNA_03_ASEReadCounter.table","NW_015090842.1:10113827",108,224,116
"SPATA2L","s1639_F_TNA_03_ASEReadCounter.table","NW_015090842.1:10113831",107,230,123
"SPATA2L","s1639_F_TNA_03_ASEReadCounter.table","NW_015090842.1:10113894",91,204,113
"SPATA2L","s1639_F_TNA_03_ASEReadCounter.table","NW_015090842.1:10113905",86,195,109
"SPATA2L","s1639_F_TNA_03_ASEReadCounter.table","NW_015090842.1:10113914",86,198,112
"SPATA2L","s1639_F_TNA_03_ASEReadCounter.table","NW_015090842.1:10113920",90,206,116
"SPATA2L","s1639_F_TNA_03_ASEReadCounter.table","NW_015090842.1:10113937",100,221,121
"SPATA2L","s1639_F_TNA_03_ASEReadCounter.table","NW_015090842.1:10113971",72,189,117
"SPATA2L","s1639_F_TNA_03_ASEReadCounter.table","NW_015090842.1:10113976",49,185,136
"SPATA2L","s1639_F_TNA_03_ASEReadCounter.table","NW_015090842.1:10113985",58,159,101
"SPATA2L","s1639_F_TNA_03_ASEReadCounter.table","NW_015090842.1:10113994",70,186,116
"SPATA2L","s1639_F_TNA_03_ASEReadCounter.table","NW_015090842.1:10114063",58,158,100
"SPATA2L","s1639_F_TNA_03_ASEReadCounter.table","NW_015090842.1:10114066",55,150,95
"SPATA2L","s1639_F_TNA_03_ASEReadCounter.table","NW_015090842.1:10114069",57,155,98
"SPATA2L","s1639_F_TNA_03_ASEReadCounter.table","NW_015090842.1:10114121",42,111,69
"SPATA2L","s1639_F_TNA_03_ASEReadCounter.table","NW_015090842.1:10114159",44,115,71
"SPATA2L","s1639_F_TNA_03_ASEReadCounter.table","NW_015090842.1:10114282",116,116,0
"SPATA2L","s1639_F_TNA_03_ASEReadCounter.table","NW_015090842.1:10114470",38,106,68
"SPATA2L","s1639_F_TNA_03_ASEReadCounter.table","NW_015090842.1:10114524",31,81,50
"VPS9D1","s1639_F_TNA_03_ASEReadCounter.table","NW_015090842.1:10116377",34,80,46
"VPS9D1","s1639_F_TNA_03_ASEReadCounter.table","NW_015090842.1:10116415",39,98,59
"VPS9D1","s1639_F_TNA_03_ASEReadCounter.table","NW_015090842.1:10116607",40,90,50
"VPS9D1","s1639_F_TNA_03_ASEReadCounter.table","NW_015090842.1:10116816",68,68,0
"VPS9D1","s1639_F_TNA_03_ASEReadCounter.table","NW_015090842.1:10116821",24,69,45
"VPS9D1","s1639_F_TNA_03_ASEReadCounter.table","NW_015090842.1:10116825",28,69,41
"VPS9D1","s1639_F_TNA_03_ASEReadCounter.table","NW_015090842.1:10116882",20,60,40
"VPS9D1","s1639_F_TNA_03_ASEReadCounter.table","NW_015090842.1:10116885",18,56,38
"VPS9D1","s1639_F_TNA_03_ASEReadCounter.table","NW_015090842.1:10116933",29,68,39
"VPS9D1","s1639_F_TNA_03_ASEReadCounter.table","NW_015090842.1:10116942",28,65,37
"VPS9D1","s1639_F_TNA_03_ASEReadCounter.table","NW_015090842.1:10117152",17,48,31
"VPS9D1","s1639_F_TNA_03_ASEReadCounter.table","NW_015090842.1:10117396",29,29,0
"VPS9D1","s1639_F_TNA_03_ASEReadCounter.table","NW_015090842.1:10117405",25,25,0
"VPS9D1","s1639_F_TNA_03_ASEReadCounter.table","NW_015090842.1:10117480",11,45,34
"VPS9D1","s1639_F_TNA_03_ASEReadCounter.table","NW_015090842.1:10117497",12,41,29
"VPS9D1","s1639_F_TNA_03_ASEReadCounter.table","NW_015090842.1:10117499",10,40,30
"VPS9D1","s1639_F_TNA_03_ASEReadCounter.table","NW_015090842.1:10117516",14,46,32
"VPS9D1","s1639_F_TNA_03_ASEReadCounter.table","NW_015090842.1:10117525",16,45,29
"VPS9D1","s1639_F_TNA_03_ASEReadCounter.table","NW_015090842.1:10117579",20,48,28
"VPS9D1","s1639_F_TNA_03_ASEReadCounter.table","NW_015090842.1:10117627",19,48,29
"VPS9D1","s1639_F_TNA_03_ASEReadCounter.table","NW_015090842.1:10117678",14,57,43
"VPS9D1","s1639_F_TNA_03_ASEReadCounter.table","NW_015090842.1:10117773",31,66,35
"VPS9D1","s1639_F_TNA_03_ASEReadCounter.table","NW_015090842.1:10117937",30,73,43
"VPS9D1","s1639_F_TNA_03_ASEReadCounter.table","NW_015090842.1:10117961",30,70,40
"VPS9D1","s1639_F_TNA_03_ASEReadCounter.table","NW_015090842.1:10118236",23,74,51
"VPS9D1","s1639_F_TNA_03_ASEReadCounter.table","NW_015090842.1:10118414",26,61,35
"VPS9D1","s1639_F_TNA_03_ASEReadCounter.table","NW_015090842.1:10118973",27,58,31
"VPS9D1","s1639_F_TNA_03_ASEReadCounter.table","NW_015090842.1:10119500",12,35,23
"ZNF276","s1639_F_TNA_03_ASEReadCounter.table","NW_015090842.1:10121760",1,3,2
"ZNF276","s1639_F_TNA_03_ASEReadCounter.table","NW_015090842.1:10121769",1,3,2
"ZNF276","s1639_F_TNA_03_ASEReadCounter.table","NW_015090842.1:10121802",1,3,2
"ZNF276","s1639_F_TNA_03_ASEReadCounter.table","NW_015090842.1:10121971",8,11,3
"ZNF276","s1639_F_TNA_03_ASEReadCounter.table","NW_015090842.1:10122883",7,13,6
"ZNF276","s1639_F_TNA_03_ASEReadCounter.table","NW_015090842.1:10123069",8,13,5
"ZNF276","s1639_F_TNA_03_ASEReadCounter.table","NW_015090842.1:10123207",11,20,9
"ZNF276","s1639_F_TNA_03_ASEReadCounter.table","NW_015090842.1:10125787",19,30,11
"ZNF276","s1639_F_TNA_03_ASEReadCounter.table","NW_015090842.1:10126309",21,34,13
"ZNF276","s1639_F_TNA_03_ASEReadCounter.table","NW_015090842.1:10126348",16,35,19
"ZNF276","s1639_F_TNA_03_ASEReadCounter.table","NW_015090842.1:10126978",16,38,22
"ZNF276","s1639_F_TNA_03_ASEReadCounter.table","NW_015090842.1:10126991",17,38,21
"ZNF276","s1639_F_TNA_03_ASEReadCounter.table","NW_015090842.1:10127023",17,40,23
"ZNF276","s1639_F_TNA_03_ASEReadCounter.table","NW_015090842.1:10127063",14,35,21
"ZNF276","s1639_F_TNA_03_ASEReadCounter.table","NW_015090842.1:10127373",13,33,20
"ZNF276","s1639_F_TNA_03_ASEReadCounter.table","NW_015090842.1:10127931",22,47,25
"ZNF276","s1639_F_TNA_03_ASEReadCounter.table","NW_015090842.1:10128070",24,60,36
"ZNF276","s1639_F_TNA_03_ASEReadCounter.table","NW_015090842.1:10128102",23,57,34
"ZNF276","s1639_F_TNA_03_ASEReadCounter.table","NW_015090842.1:10128356",26,50,24
"ZNF276","s1639_F_TNA_03_ASEReadCounter.table","NW_015090842.1:10128497",13,35,22
"FANCA","s1639_F_TNA_03_ASEReadCounter.table","NW_015090842.1:10128743",0,3,3
"FANCA","s1639_F_TNA_03_ASEReadCounter.table","NW_015090842.1:10128822",4,7,3
"FANCA","s1639_F_TNA_03_ASEReadCounter.table","NW_015090842.1:10129383",3,4,1
"FANCA","s1639_F_TNA_03_ASEReadCounter.table","NW_015090842.1:10129390",2,3,1
"FANCA","s1639_F_TNA_03_ASEReadCounter.table","NW_015090842.1:10129422",3,5,2
"FANCA","s1639_F_TNA_03_ASEReadCounter.table","NW_015090842.1:10129969",2,4,2
"FANCA","s1639_F_TNA_03_ASEReadCounter.table","NW_015090842.1:10130399",1,2,1
"FANCA","s1639_F_TNA_03_ASEReadCounter.table","NW_015090842.1:10130857",0,2,2
"FANCA","s1639_F_TNA_03_ASEReadCounter.table","NW_015090842.1:10130878",0,2,2
"FANCA","s1639_F_TNA_03_ASEReadCounter.table","NW_015090842.1:10133530",1,1,0
"FANCA","s1639_F_TNA_03_ASEReadCounter.table","NW_015090842.1:10133533",1,1,0
"FANCA","s1639_F_TNA_03_ASEReadCounter.table","NW_015090842.1:10133536",1,1,0
"FANCA","s1639_F_TNA_03_ASEReadCounter.table","NW_015090842.1:10133601",0,1,1
"FANCA","s1639_F_TNA_03_ASEReadCounter.table","NW_015090842.1:10134492",0,1,1
"FANCA","s1639_F_TNA_03_ASEReadCounter.table","NW_015090842.1:10136957",1,1,0
"FANCA","s1639_F_TNA_03_ASEReadCounter.table","NW_015090842.1:10136982",1,1,0
"FANCA","s1639_F_TNA_03_ASEReadCounter.table","NW_015090842.1:10136999",1,1,0
"FANCA","s1639_F_TNA_03_ASEReadCounter.table","NW_015090842.1:10137019",1,1,0
"FANCA","s1639_F_TNA_03_ASEReadCounter.table","NW_015090842.1:10137673",0,1,1
"FANCA","s1639_F_TNA_03_ASEReadCounter.table","NW_015090842.1:10141234",0,1,1
"SPIRE2","s1639_F_TNA_03_ASEReadCounter.table","NW_015090842.1:10172284",13,26,13
"SPIRE2","s1639_F_TNA_03_ASEReadCounter.table","NW_015090842.1:10175262",24,52,28
"SPIRE2","s1639_F_TNA_03_ASEReadCounter.table","NW_015090842.1:10175352",18,27,9
"SPIRE2","s1639_F_TNA_03_ASEReadCounter.table","NW_015090842.1:10175400",54,98,44
"SPIRE2","s1639_F_TNA_03_ASEReadCounter.table","NW_015090842.1:10175418",60,107,47
"SPIRE2","s1639_F_TNA_03_ASEReadCounter.table","NW_015090842.1:10175704",76,131,55
"SPIRE2","s1639_F_TNA_03_ASEReadCounter.table","NW_015090842.1:10176115",73,139,66
"SPIRE2","s1639_F_TNA_03_ASEReadCounter.table","NW_015090842.1:10176561",88,156,68
"SPIRE2","s1639_F_TNA_03_ASEReadCounter.table","NW_015090842.1:10176817",102,205,103
"SPIRE2","s1639_F_TNA_03_ASEReadCounter.table","NW_015090842.1:10177084",61,127,66
"SPIRE2","s1639_F_TNA_03_ASEReadCounter.table","NW_015090842.1:10177110",59,128,69
"SPIRE2","s1639_F_TNA_03_ASEReadCounter.table","NW_015090842.1:10177838",124,244,120
"SPIRE2","s1639_F_TNA_03_ASEReadCounter.table","NW_015090842.1:10178000",133,275,142
"SPIRE2","s1639_F_TNA_03_ASEReadCounter.table","NW_015090842.1:10178164",161,304,143
"SPIRE2","s1639_F_TNA_03_ASEReadCounter.table","NW_015090842.1:10178216",186,364,178
"SPIRE2","s1639_F_TNA_03_ASEReadCounter.table","NW_015090842.1:10178403",163,322,159
"SPIRE2","s1639_F_TNA_03_ASEReadCounter.table","NW_015090842.1:10178409",164,318,154
"SPIRE2","s1639_F_TNA_03_ASEReadCounter.table","NW_015090842.1:10178524",180,328,148
"SPIRE2","s1639_F_TNA_03_ASEReadCounter.table","NW_015090842.1:10178526",182,329,147
"SPIRE2","s1639_F_TNA_03_ASEReadCounter.table","NW_015090842.1:10178531",182,331,149
"SPIRE2","s1639_F_TNA_03_ASEReadCounter.table","NW_015090842.1:10178565",153,311,158
"SPIRE2","s1639_F_TNA_03_ASEReadCounter.table","NW_015090842.1:10178587",142,279,137
"SPIRE2","s1639_F_TNA_03_ASEReadCounter.table","NW_015090842.1:10178640",108,215,107
"SPIRE2","s1639_F_TNA_03_ASEReadCounter.table","NW_015090842.1:10178651",117,226,109
"SPIRE2","s1639_F_TNA_03_ASEReadCounter.table","NW_015090842.1:10178682",109,194,85
"TCF25","s1639_F_TNA_03_ASEReadCounter.table","NW_015090842.1:10180912",32,70,38
"TCF25","s1639_F_TNA_03_ASEReadCounter.table","NW_015090842.1:10180924",34,71,37
"TCF25","s1639_F_TNA_03_ASEReadCounter.table","NW_015090842.1:10180931",35,71,36
"TCF25","s1639_F_TNA_03_ASEReadCounter.table","NW_015090842.1:10185332",95,181,86
"TCF25","s1639_F_TNA_03_ASEReadCounter.table","NW_015090842.1:10188816",58,97,39
"MC1R","s1639_F_TNA_03_ASEReadCounter.table","NW_015090842.1:10202160",0,2,2
"MC1R","s1639_F_TNA_03_ASEReadCounter.table","NW_015090842.1:10202460",0,1,1
"MC1R","s1639_F_TNA_03_ASEReadCounter.table","NW_015090842.1:10202465",0,1,1
"DBNDD1","s1639_F_TNA_03_ASEReadCounter.table","NW_015090842.1:10223105",38,89,51
"GAS8","s1639_F_TNA_03_ASEReadCounter.table","NW_015090842.1:10228982",11,26,15
"GAS8","s1639_F_TNA_03_ASEReadCounter.table","NW_015090842.1:10229832",13,24,11
"GAS8","s1639_F_TNA_03_ASEReadCounter.table","NW_015090842.1:10232375",12,23,11
"GAS8","s1639_F_TNA_03_ASEReadCounter.table","NW_015090842.1:10232901",17,36,19
"GAS8","s1639_F_TNA_03_ASEReadCounter.table","NW_015090842.1:10232928",15,36,21
"GAS8","s1639_F_TNA_03_ASEReadCounter.table","NW_015090842.1:10232967",18,42,24
"GAS8","s1639_F_TNA_03_ASEReadCounter.table","NW_015090842.1:10233032",13,31,18
"GAS8","s1639_F_TNA_03_ASEReadCounter.table","NW_015090842.1:10233057",13,27,14
"GAS8","s1639_F_TNA_03_ASEReadCounter.table","NW_015090842.1:10233058",13,28,15
"GAS8","s1639_F_TNA_03_ASEReadCounter.table","NW_015090842.1:10233176",17,29,12
"GAS8","s1639_F_TNA_03_ASEReadCounter.table","NW_015090842.1:10233196",19,31,12
"GAS8","s1639_F_TNA_03_ASEReadCounter.table","NW_015090842.1:10233252",6,16,10
"GAS8","s1639_F_TNA_03_ASEReadCounter.table","NW_015090842.1:10233303",3,9,6
"LOC106888094","s1639_F_TNA_03_ASEReadCounter.table","NW_015090842.1:10233334",1,9,8
"LOC106888094","s1639_F_TNA_03_ASEReadCounter.table","NW_015090842.1:10233362",8,22,14
"LOC106888094","s1639_F_TNA_03_ASEReadCounter.table","NW_015090842.1:10233373",7,21,14
"LOC106888094","s1639_F_TNA_03_ASEReadCounter.table","NW_015090842.1:10233388",8,21,13
"LOC106888094","s1639_F_TNA_03_ASEReadCounter.table","NW_015090842.1:10233402",8,22,14
"LOC106888094","s1639_F_TNA_03_ASEReadCounter.table","NW_015090842.1:10233465",8,19,11
"LOC106888094","s1639_F_TNA_03_ASEReadCounter.table","NW_015090842.1:10233803",9,28,19
"LOC106888094","s1639_F_TNA_03_ASEReadCounter.table","NW_015090842.1:10233815",7,29,22
"LOC106888094","s1639_F_TNA_03_ASEReadCounter.table","NW_015090842.1:10235484",1,2,1
"LOC106888094","s1639_F_TNA_03_ASEReadCounter.table","NW_015090842.1:10235611",1,1,0
"LOC106888094","s1639_F_TNA_03_ASEReadCounter.table","NW_015090842.1:10236098",1,2,1
"LOC106888094","s1639_F_TNA_03_ASEReadCounter.table","NW_015090842.1:10236161",0,1,1
"LOC106888094","s1639_F_TNA_03_ASEReadCounter.table","NW_015090842.1:10236380",0,1,1
"LOC106888094","s1639_F_TNA_03_ASEReadCounter.table","NW_015090842.1:10236388",1,1,0
"LOC106888094","s1639_F_TNA_03_ASEReadCounter.table","NW_015090842.1:10236425",0,1,1
"LOC106888094","s1639_F_TNA_03_ASEReadCounter.table","NW_015090842.1:10236426",0,1,1
"LOC106888173","s1639_F_TNA_03_ASEReadCounter.table","NW_015090842.1:10239596",0,6,6
"LOC106888173","s1639_F_TNA_03_ASEReadCounter.table","NW_015090842.1:10240036",1,12,11
"LOC106888173","s1639_F_TNA_03_ASEReadCounter.table","NW_015090842.1:10240095",1,6,5
"LOC106888173","s1639_F_TNA_03_ASEReadCounter.table","NW_015090842.1:10240280",0,11,11
"LOC106888173","s1639_F_TNA_03_ASEReadCounter.table","NW_015090842.1:10240557",3,14,11
"LOC106888173","s1639_F_TNA_03_ASEReadCounter.table","NW_015090842.1:10240603",3,22,19
"LOC106888173","s1639_F_TNA_03_ASEReadCounter.table","NW_015090842.1:10240609",4,29,25
"LOC106888173","s1639_F_TNA_03_ASEReadCounter.table","NW_015090842.1:10240690",2,24,22
"LOC106888173","s1639_F_TNA_03_ASEReadCounter.table","NW_015090842.1:10240924",1,28,27
"LOC106888173","s1639_F_TNA_03_ASEReadCounter.table","NW_015090842.1:10241037",1,30,29
"LOC106888173","s1639_F_TNA_03_ASEReadCounter.table","NW_015090842.1:10241046",1,28,27
"LOC106888173","s1639_F_TNA_03_ASEReadCounter.table","NW_015090842.1:10241058",1,26,25
"LOC106888173","s1639_F_TNA_03_ASEReadCounter.table","NW_015090842.1:10241064",1,22,21
"LOC106888173","s1639_F_TNA_03_ASEReadCounter.table","NW_015090842.1:10241103",17,17,0
"LOC106888173","s1639_F_TNA_03_ASEReadCounter.table","NW_015090842.1:10241163",0,18,18
"LOC106888173","s1639_F_TNA_03_ASEReadCounter.table","NW_015090842.1:10241803",1,19,18
"LOC106888173","s1639_F_TNA_03_ASEReadCounter.table","NW_015090842.1:10241827",2,20,18
"LOC106888173","s1639_F_TNA_03_ASEReadCounter.table","NW_015090842.1:10241869",2,18,16
"LOC106888173","s1639_F_TNA_03_ASEReadCounter.table","NW_015090842.1:10242079",4,22,18
"LOC106888173","s1639_F_TNA_03_ASEReadCounter.table","NW_015090842.1:10242103",3,22,19
"LOC106888173","s1639_F_TNA_03_ASEReadCounter.table","NW_015090842.1:10242157",1,26,25
"LOC106888173","s1639_F_TNA_03_ASEReadCounter.table","NW_015090842.1:10242455",3,24,21
"LOC106888173","s1639_F_TNA_03_ASEReadCounter.table","NW_015090842.1:10242481",2,27,25
"LOC106888173","s1639_F_TNA_03_ASEReadCounter.table","NW_015090842.1:10242590",5,35,30
"LOC106888173","s1639_F_TNA_03_ASEReadCounter.table","NW_015090842.1:10242794",4,26,22
"LOC106888173","s1639_F_TNA_03_ASEReadCounter.table","NW_015090842.1:10242909",3,24,21
"LOC106888173","s1639_F_TNA_03_ASEReadCounter.table","NW_015090842.1:10243094",5,36,31
"LOC106888173","s1639_F_TNA_03_ASEReadCounter.table","NW_015090842.1:10243133",4,33,29
"LOC106888173","s1639_F_TNA_03_ASEReadCounter.table","NW_015090842.1:10243273",4,39,35
"LOC106888173","s1639_F_TNA_03_ASEReadCounter.table","NW_015090842.1:10243278",4,40,36
"LOC106888173","s1639_F_TNA_03_ASEReadCounter.table","NW_015090842.1:10243281",4,39,35
"LOC106888173","s1639_F_TNA_03_ASEReadCounter.table","NW_015090842.1:10243347",20,20,0
"LOC106888173","s1639_F_TNA_03_ASEReadCounter.table","NW_015090842.1:10243353",5,20,15
"LOC106888173","s1639_F_TNA_03_ASEReadCounter.table","NW_015090842.1:10243363",4,15,11
"LOC106888173","s1639_F_TNA_03_ASEReadCounter.table","NW_015090842.1:10243365",4,14,10
"LOC106888173","s1639_F_TNA_03_ASEReadCounter.table","NW_015090842.1:10243566",6,49,43
"LOC106888173","s1639_F_TNA_03_ASEReadCounter.table","NW_015090842.1:10243605",5,55,50
"LOC106888173","s1639_F_TNA_03_ASEReadCounter.table","NW_015090842.1:10243614",4,56,52
"LOC106888173","s1639_F_TNA_03_ASEReadCounter.table","NW_015090842.1:10243615",4,57,53
"LOC106888173","s1639_F_TNA_03_ASEReadCounter.table","NW_015090842.1:10243640",3,45,42
"LOC106888173","s1639_F_TNA_03_ASEReadCounter.table","NW_015090842.1:10243680",1,36,35
"LOC106888173","s1639_F_TNA_03_ASEReadCounter.table","NW_015090842.1:10243742",3,45,42
"LOC106888173","s1639_F_TNA_03_ASEReadCounter.table","NW_015090842.1:10243804",3,32,29
"LOC106888173","s1639_F_TNA_03_ASEReadCounter.table","NW_015090842.1:10243913",3,17,14
"LOC106888173","s1639_F_TNA_03_ASEReadCounter.table","NW_015090842.1:10243921",3,17,14
"LOC106888384","s1639_F_TNA_03_ASEReadCounter.table","NW_015090842.1:10250743",1,1,0
"LOC106888384","s1639_F_TNA_03_ASEReadCounter.table","NW_015090842.1:10250771",1,1,0
"LOC106888384","s1639_F_TNA_03_ASEReadCounter.table","NW_015090842.1:10254028",1,1,0
"LOC106888384","s1639_F_TNA_03_ASEReadCounter.table","NW_015090842.1:10254227",1,2,1
"LOC106888384","s1639_F_TNA_03_ASEReadCounter.table","NW_015090842.1:10254233",1,2,1
"LOC106888384","s1639_F_TNA_03_ASEReadCounter.table","NW_015090842.1:10254263",1,3,2
"LOC106888384","s1639_F_TNA_03_ASEReadCounter.table","NW_015090842.1:10254293",1,3,2
"LOC106888384","s1639_F_TNA_03_ASEReadCounter.table","NW_015090842.1:10254900",1,1,0
"LOC106888384","s1639_F_TNA_03_ASEReadCounter.table","NW_015090842.1:10254915",1,1,0
"LOC106888384","s1639_F_TNA_03_ASEReadCounter.table","NW_015090842.1:10255236",1,1,0
"LOC106888384","s1639_F_TNA_03_ASEReadCounter.table","NW_015090842.1:10255262",1,1,0
"LOC106888384","s1639_F_TNA_03_ASEReadCounter.table","NW_015090842.1:10255264",1,1,0
"LOC106888384","s1639_F_TNA_03_ASEReadCounter.table","NW_015090842.1:10255306",1,1,0
"LOC106888384","s1639_F_TNA_03_ASEReadCounter.table","NW_015090842.1:10255449",1,1,0
"LOC106888384","s1639_F_TNA_03_ASEReadCounter.table","NW_015090842.1:10255496",1,1,0
"LOC106888384","s1639_F_TNA_03_ASEReadCounter.table","NW_015090842.1:10255505",1,1,0
"LOC106888384","s1639_F_TNA_03_ASEReadCounter.table","NW_015090842.1:10255531",1,1,0
"LOC106888384","s1639_F_TNA_03_ASEReadCounter.table","NW_015090842.1:10255608",1,1,0
"LOC106888384","s1639_F_TNA_03_ASEReadCounter.table","NW_015090842.1:10255704",4,4,0
"LOC106888384","s1639_F_TNA_03_ASEReadCounter.table","NW_015090842.1:10255731",3,3,0
"LOC106888384","s1639_F_TNA_03_ASEReadCounter.table","NW_015090842.1:10255771",3,3,0
"TANGO6","s1639_F_TNA_03_ASEReadCounter.table","NW_015090842.1:10257782",4,4,0
"TANGO6","s1639_F_TNA_03_ASEReadCounter.table","NW_015090842.1:10258162",3,7,4
"TANGO6","s1639_F_TNA_03_ASEReadCounter.table","NW_015090842.1:10258185",2,7,5
"TANGO6","s1639_F_TNA_03_ASEReadCounter.table","NW_015090842.1:10259267",3,11,8
"TANGO6","s1639_F_TNA_03_ASEReadCounter.table","NW_015090842.1:10260250",15,27,12
"TANGO6","s1639_F_TNA_03_ASEReadCounter.table","NW_015090842.1:10260289",14,24,10
"TANGO6","s1639_F_TNA_03_ASEReadCounter.table","NW_015090842.1:10260309",10,16,6
"TANGO6","s1639_F_TNA_03_ASEReadCounter.table","NW_015090842.1:10260979",11,18,7
"TANGO6","s1639_F_TNA_03_ASEReadCounter.table","NW_015090842.1:10261599",16,24,8
"TANGO6","s1639_F_TNA_03_ASEReadCounter.table","NW_015090842.1:10268425",12,25,13
"TANGO6","s1639_F_TNA_03_ASEReadCounter.table","NW_015090842.1:10269831",19,32,13
"TANGO6","s1639_F_TNA_03_ASEReadCounter.table","NW_015090842.1:10270813",14,26,12
"TANGO6","s1639_F_TNA_03_ASEReadCounter.table","NW_015090842.1:10274018",17,25,8
"TANGO6","s1639_F_TNA_03_ASEReadCounter.table","NW_015090842.1:10275974",21,33,12
"TANGO6","s1639_F_TNA_03_ASEReadCounter.table","NW_015090842.1:10275976",21,33,12
"TANGO6","s1639_F_TNA_03_ASEReadCounter.table","NW_015090842.1:10276123",19,33,14
"TANGO6","s1639_F_TNA_03_ASEReadCounter.table","NW_015090842.1:10276271",20,40,20
"TANGO6","s1639_F_TNA_03_ASEReadCounter.table","NW_015090842.1:10276272",20,40,20
"TANGO6","s1639_F_TNA_03_ASEReadCounter.table","NW_015090842.1:10276275",23,43,20
"TANGO6","s1639_F_TNA_03_ASEReadCounter.table","NW_015090842.1:10276278",22,43,21
"TANGO6","s1639_F_TNA_03_ASEReadCounter.table","NW_015090842.1:10276368",12,28,16
"TANGO6","s1639_F_TNA_03_ASEReadCounter.table","NW_015090842.1:10276373",13,30,17
"TANGO6","s1639_F_TNA_03_ASEReadCounter.table","NW_015090842.1:10276630",24,41,17
"TANGO6","s1639_F_TNA_03_ASEReadCounter.table","NW_015090842.1:10281498",21,40,19
"TANGO6","s1639_F_TNA_03_ASEReadCounter.table","NW_015090842.1:10281516",31,59,28
"TANGO6","s1639_F_TNA_03_ASEReadCounter.table","NW_015090842.1:10282842",29,52,23
"TANGO6","s1639_F_TNA_03_ASEReadCounter.table","NW_015090842.1:10282863",21,43,22
"TANGO6","s1639_F_TNA_03_ASEReadCounter.table","NW_015090842.1:10282869",27,49,22
"TANGO6","s1639_F_TNA_03_ASEReadCounter.table","NW_015090842.1:10282903",25,53,28
"TANGO6","s1639_F_TNA_03_ASEReadCounter.table","NW_015090842.1:10283757",36,71,35
"TANGO6","s1639_F_TNA_03_ASEReadCounter.table","NW_015090842.1:10283785",46,72,26
"HAS3","s1639_F_TNA_03_ASEReadCounter.table","NW_015090842.1:10288266",0,1,1
"HAS3","s1639_F_TNA_03_ASEReadCounter.table","NW_015090842.1:10288274",1,3,2
"HAS3","s1639_F_TNA_03_ASEReadCounter.table","NW_015090842.1:10288364",1,3,2
"HAS3","s1639_F_TNA_03_ASEReadCounter.table","NW_015090842.1:10290375",1,5,4
"HAS3","s1639_F_TNA_03_ASEReadCounter.table","NW_015090842.1:10290395",1,5,4
"HAS3","s1639_F_TNA_03_ASEReadCounter.table","NW_015090842.1:10290439",2,2,0
"HAS3","s1639_F_TNA_03_ASEReadCounter.table","NW_015090842.1:10290561",3,6,3
"HAS3","s1639_F_TNA_03_ASEReadCounter.table","NW_015090842.1:10290609",0,5,5
"HAS3","s1639_F_TNA_03_ASEReadCounter.table","NW_015090842.1:10290666",1,2,1
"HAS3","s1639_F_TNA_03_ASEReadCounter.table","NW_015090842.1:10290723",1,3,2
"HAS3","s1639_F_TNA_03_ASEReadCounter.table","NW_015090842.1:10290927",1,1,0
"HAS3","s1639_F_TNA_03_ASEReadCounter.table","NW_015090842.1:10291004",3,3,0
"CHTF8","s1639_F_TNA_03_ASEReadCounter.table","NW_015090842.1:10291319",2,4,2
"CHTF8","s1639_F_TNA_03_ASEReadCounter.table","NW_015090842.1:10291491",7,10,3
"CHTF8","s1639_F_TNA_03_ASEReadCounter.table","NW_015090842.1:10291520",10,15,5
"CHTF8","s1639_F_TNA_03_ASEReadCounter.table","NW_015090842.1:10291593",7,15,8
"CHTF8","s1639_F_TNA_03_ASEReadCounter.table","NW_015090842.1:10291600",8,14,6
"CHTF8","s1639_F_TNA_03_ASEReadCounter.table","NW_015090842.1:10291609",7,15,8
"CHTF8","s1639_F_TNA_03_ASEReadCounter.table","NW_015090842.1:10291639",7,12,5
"CHTF8","s1639_F_TNA_03_ASEReadCounter.table","NW_015090842.1:10291641",7,12,5
"CHTF8","s1639_F_TNA_03_ASEReadCounter.table","NW_015090842.1:10291648",9,14,5
"CHTF8","s1639_F_TNA_03_ASEReadCounter.table","NW_015090842.1:10291656",9,14,5
"CHTF8","s1639_F_TNA_03_ASEReadCounter.table","NW_015090842.1:10291675",8,12,4
"CHTF8","s1639_F_TNA_03_ASEReadCounter.table","NW_015090842.1:10291696",8,11,3
"CHTF8","s1639_F_TNA_03_ASEReadCounter.table","NW_015090842.1:10291714",6,9,3
"CHTF8","s1639_F_TNA_03_ASEReadCounter.table","NW_015090842.1:10291732",4,10,6
"CHTF8","s1639_F_TNA_03_ASEReadCounter.table","NW_015090842.1:10291755",2,8,6
"CHTF8","s1639_F_TNA_03_ASEReadCounter.table","NW_015090842.1:10291756",2,8,6
"CHTF8","s1639_F_TNA_03_ASEReadCounter.table","NW_015090842.1:10291758",2,7,5
"CHTF8","s1639_F_TNA_03_ASEReadCounter.table","NW_015090842.1:10291792",1,7,6
"CHTF8","s1639_F_TNA_03_ASEReadCounter.table","NW_015090842.1:10291895",1,5,4
"CHTF8","s1639_F_TNA_03_ASEReadCounter.table","NW_015090842.1:10292132",2,4,2
"CHTF8","s1639_F_TNA_03_ASEReadCounter.table","NW_015090842.1:10292314",6,8,2
"CHTF8","s1639_F_TNA_03_ASEReadCounter.table","NW_015090842.1:10292317",6,8,2
"CHTF8","s1639_F_TNA_03_ASEReadCounter.table","NW_015090842.1:10292928",1,1,0
"UTP4","s1639_F_TNA_03_ASEReadCounter.table","NW_015090842.1:10293146",4,13,9
"UTP4","s1639_F_TNA_03_ASEReadCounter.table","NW_015090842.1:10293151",4,13,9
"UTP4","s1639_F_TNA_03_ASEReadCounter.table","NW_015090842.1:10293191",2,13,11
"UTP4","s1639_F_TNA_03_ASEReadCounter.table","NW_015090842.1:10293362",5,14,9
"UTP4","s1639_F_TNA_03_ASEReadCounter.table","NW_015090842.1:10293430",4,11,7
"UTP4","s1639_F_TNA_03_ASEReadCounter.table","NW_015090842.1:10293625",8,14,6
"UTP4","s1639_F_TNA_03_ASEReadCounter.table","NW_015090842.1:10293684",14,19,5
"UTP4","s1639_F_TNA_03_ASEReadCounter.table","NW_015090842.1:10294093",15,20,5
"UTP4","s1639_F_TNA_03_ASEReadCounter.table","NW_015090842.1:10294622",6,19,13
"UTP4","s1639_F_TNA_03_ASEReadCounter.table","NW_015090842.1:10294632",7,18,11
"UTP4","s1639_F_TNA_03_ASEReadCounter.table","NW_015090842.1:10295238",11,23,12
"UTP4","s1639_F_TNA_03_ASEReadCounter.table","NW_015090842.1:10295880",9,20,11
"UTP4","s1639_F_TNA_03_ASEReadCounter.table","NW_015090842.1:10295884",11,22,11
"UTP4","s1639_F_TNA_03_ASEReadCounter.table","NW_015090842.1:10295903",13,24,11
"UTP4","s1639_F_TNA_03_ASEReadCounter.table","NW_015090842.1:10295906",13,24,11
"UTP4","s1639_F_TNA_03_ASEReadCounter.table","NW_015090842.1:10295915",12,25,13
"UTP4","s1639_F_TNA_03_ASEReadCounter.table","NW_015090842.1:10295938",13,24,11
"UTP4","s1639_F_TNA_03_ASEReadCounter.table","NW_015090842.1:10296175",17,28,11
"UTP4","s1639_F_TNA_03_ASEReadCounter.table","NW_015090842.1:10296660",7,20,13
"UTP4","s1639_F_TNA_03_ASEReadCounter.table","NW_015090842.1:10296679",10,28,18
"UTP4","s1639_F_TNA_03_ASEReadCounter.table","NW_015090842.1:10297193",17,38,21
"UTP4","s1639_F_TNA_03_ASEReadCounter.table","NW_015090842.1:10297220",19,40,21
"UTP4","s1639_F_TNA_03_ASEReadCounter.table","NW_015090842.1:10297307",21,48,27
"UTP4","s1639_F_TNA_03_ASEReadCounter.table","NW_015090842.1:10297558",31,69,38
"UTP4","s1639_F_TNA_03_ASEReadCounter.table","NW_015090842.1:10297943",21,50,29
"UTP4","s1639_F_TNA_03_ASEReadCounter.table","NW_015090842.1:10297979",20,50,30
"UTP4","s1639_F_TNA_03_ASEReadCounter.table","NW_015090842.1:10298022",17,38,21
"UTP4","s1639_F_TNA_03_ASEReadCounter.table","NW_015090842.1:10298079",4,10,6
"UTP4","s1639_F_TNA_03_ASEReadCounter.table","NW_015090842.1:10298081",3,9,6
"UTP4","s1639_F_TNA_03_ASEReadCounter.table","NW_015090842.1:10298082",3,9,6
"SNTB2","s1639_F_TNA_03_ASEReadCounter.table","NW_015090842.1:10298905",0,1,1
"SNTB2","s1639_F_TNA_03_ASEReadCounter.table","NW_015090842.1:10298928",0,1,1
"SNTB2","s1639_F_TNA_03_ASEReadCounter.table","NW_015090842.1:10303506",4,5,1
"SNTB2","s1639_F_TNA_03_ASEReadCounter.table","NW_015090842.1:10303524",3,4,1
"SNTB2","s1639_F_TNA_03_ASEReadCounter.table","NW_015090842.1:10304059",5,7,2
"SNTB2","s1639_F_TNA_03_ASEReadCounter.table","NW_015090842.1:10304089",4,7,3
"SNTB2","s1639_F_TNA_03_ASEReadCounter.table","NW_015090842.1:10304167",2,5,3
"SNTB2","s1639_F_TNA_03_ASEReadCounter.table","NW_015090842.1:10304176",2,5,3
"SNTB2","s1639_F_TNA_03_ASEReadCounter.table","NW_015090842.1:10305069",2,5,3
"SNTB2","s1639_F_TNA_03_ASEReadCounter.table","NW_015090842.1:10305099",2,6,4
"SNTB2","s1639_F_TNA_03_ASEReadCounter.table","NW_015090842.1:10305171",3,6,3
"SNTB2","s1639_F_TNA_03_ASEReadCounter.table","NW_015090842.1:10305177",3,7,4
"SNTB2","s1639_F_TNA_03_ASEReadCounter.table","NW_015090842.1:10305451",0,2,2
"SNTB2","s1639_F_TNA_03_ASEReadCounter.table","NW_015090842.1:10305547",1,6,5
"SNTB2","s1639_F_TNA_03_ASEReadCounter.table","NW_015090842.1:10305847",4,5,1
"SNTB2","s1639_F_TNA_03_ASEReadCounter.table","NW_015090842.1:10306173",6,11,5
"SNTB2","s1639_F_TNA_03_ASEReadCounter.table","NW_015090842.1:10306275",3,5,2
"SNTB2","s1639_F_TNA_03_ASEReadCounter.table","NW_015090842.1:10306457",1,5,4
"SNTB2","s1639_F_TNA_03_ASEReadCounter.table","NW_015090842.1:10306496",2,5,3
"SNTB2","s1639_F_TNA_03_ASEReadCounter.table","NW_015090842.1:10306499",2,5,3
"VPS4A","s1639_F_TNA_03_ASEReadCounter.table","NW_015090842.1:10308566",43,99,56
"VPS4A","s1639_F_TNA_03_ASEReadCounter.table","NW_015090842.1:10308573",49,107,58
"VPS4A","s1639_F_TNA_03_ASEReadCounter.table","NW_015090842.1:10308856",86,185,99
"VPS4A","s1639_F_TNA_03_ASEReadCounter.table","NW_015090842.1:10309056",112,225,113
"VPS4A","s1639_F_TNA_03_ASEReadCounter.table","NW_015090842.1:10309089",131,253,122
"VPS4A","s1639_F_TNA_03_ASEReadCounter.table","NW_015090842.1:10309392",114,213,99
"VPS4A","s1639_F_TNA_03_ASEReadCounter.table","NW_015090842.1:10309413",127,225,98
"VPS4A","s1639_F_TNA_03_ASEReadCounter.table","NW_015090842.1:10309467",127,238,111
"VPS4A","s1639_F_TNA_03_ASEReadCounter.table","NW_015090842.1:10310230",141,296,155
"VPS4A","s1639_F_TNA_03_ASEReadCounter.table","NW_015090842.1:10310425",123,260,137
"VPS4A","s1639_F_TNA_03_ASEReadCounter.table","NW_015090842.1:10310639",144,293,149
"VPS4A","s1639_F_TNA_03_ASEReadCounter.table","NW_015090842.1:10310734",144,275,131
"VPS4A","s1639_F_TNA_03_ASEReadCounter.table","NW_015090842.1:10310737",145,278,133
"VPS4A","s1639_F_TNA_03_ASEReadCounter.table","NW_015090842.1:10310746",150,279,129
"VPS4A","s1639_F_TNA_03_ASEReadCounter.table","NW_015090842.1:10310767",158,287,129
"VPS4A","s1639_F_TNA_03_ASEReadCounter.table","NW_015090842.1:10310995",182,334,152
"VPS4A","s1639_F_TNA_03_ASEReadCounter.table","NW_015090842.1:10311004",186,336,150
"VPS4A","s1639_F_TNA_03_ASEReadCounter.table","NW_015090842.1:10311007",190,344,154
"VPS4A","s1639_F_TNA_03_ASEReadCounter.table","NW_015090842.1:10311013",205,351,146
"VPS4A","s1639_F_TNA_03_ASEReadCounter.table","NW_015090842.1:10311022",188,346,158
"VPS4A","s1639_F_TNA_03_ASEReadCounter.table","NW_015090842.1:10311023",190,347,157
"VPS4A","s1639_F_TNA_03_ASEReadCounter.table","NW_015090842.1:10311426",181,358,177
"VPS4A","s1639_F_TNA_03_ASEReadCounter.table","NW_015090842.1:10311489",2,8,6
"VPS4A","s1639_F_TNA_03_ASEReadCounter.table","NW_015090842.1:10311490",2,8,6
"VPS4A","s1639_F_TNA_03_ASEReadCounter.table","NW_015090842.1:10311525",11,26,15
"VPS4A","s1639_F_TNA_03_ASEReadCounter.table","NW_015090842.1:10311529",11,32,21
"VPS4A","s1639_F_TNA_03_ASEReadCounter.table","NW_015090842.1:10311530",11,33,22
"VPS4A","s1639_F_TNA_03_ASEReadCounter.table","NW_015090842.1:10311552",48,80,32
"VPS4A","s1639_F_TNA_03_ASEReadCounter.table","NW_015090842.1:10311689",34,87,53
"VPS4A","s1639_F_TNA_03_ASEReadCounter.table","NW_015090842.1:10311700",53,108,55
"VPS4A","s1639_F_TNA_03_ASEReadCounter.table","NW_015090842.1:10311701",52,107,55
"VPS4A","s1639_F_TNA_03_ASEReadCounter.table","NW_015090842.1:10311703",53,107,54
"COG8","s1639_F_TNA_03_ASEReadCounter.table","NW_015090842.1:10313487",10,30,20
"COG8","s1639_F_TNA_03_ASEReadCounter.table","NW_015090842.1:10313559",28,48,20
"COG8","s1639_F_TNA_03_ASEReadCounter.table","NW_015090842.1:10313579",27,42,15
"COG8","s1639_F_TNA_03_ASEReadCounter.table","NW_015090842.1:10313665",23,38,15
"COG8","s1639_F_TNA_03_ASEReadCounter.table","NW_015090842.1:10313681",24,39,15
"COG8","s1639_F_TNA_03_ASEReadCounter.table","NW_015090842.1:10313768",25,52,27
"COG8","s1639_F_TNA_03_ASEReadCounter.table","NW_015090842.1:10313775",27,53,26
"COG8","s1639_F_TNA_03_ASEReadCounter.table","NW_015090842.1:10313811",17,42,25
"COG8","s1639_F_TNA_03_ASEReadCounter.table","NW_015090842.1:10313858",12,33,21
"COG8","s1639_F_TNA_03_ASEReadCounter.table","NW_015090842.1:10314100",16,38,22
"COG8","s1639_F_TNA_03_ASEReadCounter.table","NW_015090842.1:10314213",11,31,20
"COG8","s1639_F_TNA_03_ASEReadCounter.table","NW_015090842.1:10315093",5,24,19
"COG8","s1639_F_TNA_03_ASEReadCounter.table","NW_015090842.1:10315162",10,25,15
"COG8","s1639_F_TNA_03_ASEReadCounter.table","NW_015090842.1:10315285",9,29,20
"COG8","s1639_F_TNA_03_ASEReadCounter.table","NW_015090842.1:10315360",14,28,14
"COG8","s1639_F_TNA_03_ASEReadCounter.table","NW_015090842.1:10315369",14,27,13
"COG8","s1639_F_TNA_03_ASEReadCounter.table","NW_015090842.1:10315504",10,15,5
"COG8","s1639_F_TNA_03_ASEReadCounter.table","NW_015090842.1:10315508",10,14,4
"COG8","s1639_F_TNA_03_ASEReadCounter.table","NW_015090842.1:10315624",5,9,4
"COG8","s1639_F_TNA_03_ASEReadCounter.table","NW_015090842.1:10315693",7,12,5
"COG8","s1639_F_TNA_03_ASEReadCounter.table","NW_015090842.1:10315698",8,14,6
"COG8","s1639_F_TNA_03_ASEReadCounter.table","NW_015090842.1:10315768",6,12,6
"COG8","s1639_F_TNA_03_ASEReadCounter.table","NW_015090842.1:10315769",6,12,6
"COG8","s1639_F_TNA_03_ASEReadCounter.table","NW_015090842.1:10315784",8,13,5
"COG8","s1639_F_TNA_03_ASEReadCounter.table","NW_015090842.1:10316093",5,11,6
"COG8","s1639_F_TNA_03_ASEReadCounter.table","NW_015090842.1:10316133",5,13,8
"NIP7","s1639_F_TNA_03_ASEReadCounter.table","NW_015090842.1:10316759",12,28,16
"NIP7","s1639_F_TNA_03_ASEReadCounter.table","NW_015090842.1:10316967",80,158,78
"NIP7","s1639_F_TNA_03_ASEReadCounter.table","NW_015090842.1:10316995",100,193,93
"NIP7","s1639_F_TNA_03_ASEReadCounter.table","NW_015090842.1:10317240",149,288,139
"NIP7","s1639_F_TNA_03_ASEReadCounter.table","NW_015090842.1:10317247",145,278,133
"NIP7","s1639_F_TNA_03_ASEReadCounter.table","NW_015090842.1:10317264",142,271,129
"NIP7","s1639_F_TNA_03_ASEReadCounter.table","NW_015090842.1:10317433",182,368,186
"NIP7","s1639_F_TNA_03_ASEReadCounter.table","NW_015090842.1:10317738",153,352,199
"NIP7","s1639_F_TNA_03_ASEReadCounter.table","NW_015090842.1:10317769",176,376,200
"NIP7","s1639_F_TNA_03_ASEReadCounter.table","NW_015090842.1:10317808",106,246,140
"NIP7","s1639_F_TNA_03_ASEReadCounter.table","NW_015090842.1:10317870",75,182,107
"NIP7","s1639_F_TNA_03_ASEReadCounter.table","NW_015090842.1:10317871",77,175,98
"NIP7","s1639_F_TNA_03_ASEReadCounter.table","NW_015090842.1:10317898",60,129,69
"NIP7","s1639_F_TNA_03_ASEReadCounter.table","NW_015090842.1:10317911",56,115,59
"TMED6","s1639_F_TNA_03_ASEReadCounter.table","NW_015090842.1:10318731",1,1,0
"TERF2","s1639_F_TNA_03_ASEReadCounter.table","NW_015090842.1:10321665",17,17,0
"TERF2","s1639_F_TNA_03_ASEReadCounter.table","NW_015090842.1:10321768",17,53,36
"TERF2","s1639_F_TNA_03_ASEReadCounter.table","NW_015090842.1:10321777",21,58,37
"TERF2","s1639_F_TNA_03_ASEReadCounter.table","NW_015090842.1:10321805",23,66,43
"TERF2","s1639_F_TNA_03_ASEReadCounter.table","NW_015090842.1:10321878",39,91,52
"TERF2","s1639_F_TNA_03_ASEReadCounter.table","NW_015090842.1:10321893",4,87,83
"TERF2","s1639_F_TNA_03_ASEReadCounter.table","NW_015090842.1:10321897",29,73,44
"TERF2","s1639_F_TNA_03_ASEReadCounter.table","NW_015090842.1:10321908",30,71,41
"TERF2","s1639_F_TNA_03_ASEReadCounter.table","NW_015090842.1:10322001",45,98,53
"TERF2","s1639_F_TNA_03_ASEReadCounter.table","NW_015090842.1:10322035",44,82,38
"TERF2","s1639_F_TNA_03_ASEReadCounter.table","NW_015090842.1:10322051",47,90,43
"TERF2","s1639_F_TNA_03_ASEReadCounter.table","NW_015090842.1:10322137",33,62,29
"TERF2","s1639_F_TNA_03_ASEReadCounter.table","NW_015090842.1:10322144",30,60,30
"TERF2","s1639_F_TNA_03_ASEReadCounter.table","NW_015090842.1:10322388",15,52,37
"TERF2","s1639_F_TNA_03_ASEReadCounter.table","NW_015090842.1:10322396",17,55,38
"TERF2","s1639_F_TNA_03_ASEReadCounter.table","NW_015090842.1:10322502",24,68,44
"TERF2","s1639_F_TNA_03_ASEReadCounter.table","NW_015090842.1:10322504",24,67,43
"TERF2","s1639_F_TNA_03_ASEReadCounter.table","NW_015090842.1:10322510",20,63,43
"TERF2","s1639_F_TNA_03_ASEReadCounter.table","NW_015090842.1:10323580",34,64,30
"TERF2","s1639_F_TNA_03_ASEReadCounter.table","NW_015090842.1:10324314",30,62,32
"TERF2","s1639_F_TNA_03_ASEReadCounter.table","NW_015090842.1:10326832",18,35,17
"TERF2","s1639_F_TNA_03_ASEReadCounter.table","NW_015090842.1:10327787",8,18,10
"TERF2","s1639_F_TNA_03_ASEReadCounter.table","NW_015090842.1:10328588",8,20,12
"TERF2","s1639_F_TNA_03_ASEReadCounter.table","NW_015090842.1:10328644",8,17,9
"TERF2","s1639_F_TNA_03_ASEReadCounter.table","NW_015090842.1:10329813",8,14,6
"TERF2","s1639_F_TNA_03_ASEReadCounter.table","NW_015090842.1:10330749",6,16,10
"TERF2","s1639_F_TNA_03_ASEReadCounter.table","NW_015090842.1:10330789",6,19,13
"CYB5B","s1639_F_TNA_03_ASEReadCounter.table","NW_015090842.1:10336595",4,7,3
"CYB5B","s1639_F_TNA_03_ASEReadCounter.table","NW_015090842.1:10336667",26,48,22
"CYB5B","s1639_F_TNA_03_ASEReadCounter.table","NW_015090842.1:10336689",34,67,33
"CYB5B","s1639_F_TNA_03_ASEReadCounter.table","NW_015090842.1:10336728",52,102,50
"CYB5B","s1639_F_TNA_03_ASEReadCounter.table","NW_015090842.1:10345068",50,108,58
"CYB5B","s1639_F_TNA_03_ASEReadCounter.table","NW_015090842.1:10348800",83,188,105
"CYB5B","s1639_F_TNA_03_ASEReadCounter.table","NW_015090842.1:10348888",73,125,52
"CYB5B","s1639_F_TNA_03_ASEReadCounter.table","NW_015090842.1:10349046",97,190,93
"CYB5B","s1639_F_TNA_03_ASEReadCounter.table","NW_015090842.1:10349119",72,174,102
"CYB5B","s1639_F_TNA_03_ASEReadCounter.table","NW_015090842.1:10349146",42,140,98
"CYB5B","s1639_F_TNA_03_ASEReadCounter.table","NW_015090842.1:10349157",70,167,97
