"gene","id","snp","ref_count","total_count","alt_count"
"CENPN","s1647_F_GON_01_ASEReadCounter.table","NW_015090842.1:5801612",16,351,335
"CENPN","s1647_F_GON_01_ASEReadCounter.table","NW_015090842.1:5801618",28,382,354
"CENPN","s1647_F_GON_01_ASEReadCounter.table","NW_015090842.1:5801623",44,402,358
"CENPN","s1647_F_GON_01_ASEReadCounter.table","NW_015090842.1:5801631",68,425,357
"CENPN","s1647_F_GON_01_ASEReadCounter.table","NW_015090842.1:5801632",67,426,359
"CENPN","s1647_F_GON_01_ASEReadCounter.table","NW_015090842.1:5801655",113,410,297
"CENPN","s1647_F_GON_01_ASEReadCounter.table","NW_015090842.1:5801662",128,450,322
"CENPN","s1647_F_GON_01_ASEReadCounter.table","NW_015090842.1:5801670",132,464,332
"CENPN","s1647_F_GON_01_ASEReadCounter.table","NW_015090842.1:5801674",133,472,339
"CENPN","s1647_F_GON_01_ASEReadCounter.table","NW_015090842.1:5801692",154,501,347
"CENPN","s1647_F_GON_01_ASEReadCounter.table","NW_015090842.1:5801697",155,500,345
"CENPN","s1647_F_GON_01_ASEReadCounter.table","NW_015090842.1:5802008",199,773,574
"CENPN","s1647_F_GON_01_ASEReadCounter.table","NW_015090842.1:5802012",205,782,577
"CENPN","s1647_F_GON_01_ASEReadCounter.table","NW_015090842.1:5802087",270,998,728
"CENPN","s1647_F_GON_01_ASEReadCounter.table","NW_015090842.1:5810113",20,31,11
"CENPN","s1647_F_GON_01_ASEReadCounter.table","NW_015090842.1:5810147",28,41,13
"CENPN","s1647_F_GON_01_ASEReadCounter.table","NW_015090842.1:5810148",29,42,13
"ATMIN","s1647_F_GON_01_ASEReadCounter.table","NW_015090842.1:5818789",7,12,5
"ATMIN","s1647_F_GON_01_ASEReadCounter.table","NW_015090842.1:5819958",14,21,7
"ATMIN","s1647_F_GON_01_ASEReadCounter.table","NW_015090842.1:5820004",15,21,6
"ATMIN","s1647_F_GON_01_ASEReadCounter.table","NW_015090842.1:5820217",8,11,3
"ATMIN","s1647_F_GON_01_ASEReadCounter.table","NW_015090842.1:5820250",10,14,4
"ATMIN","s1647_F_GON_01_ASEReadCounter.table","NW_015090842.1:5820298",8,15,7
"ATMIN","s1647_F_GON_01_ASEReadCounter.table","NW_015090842.1:5820417",4,10,6
"ATMIN","s1647_F_GON_01_ASEReadCounter.table","NW_015090842.1:5820421",4,10,6
"ATMIN","s1647_F_GON_01_ASEReadCounter.table","NW_015090842.1:5820448",4,7,3
"ATMIN","s1647_F_GON_01_ASEReadCounter.table","NW_015090842.1:5820457",4,6,2
"ATMIN","s1647_F_GON_01_ASEReadCounter.table","NW_015090842.1:5820510",1,2,1
"ATMIN","s1647_F_GON_01_ASEReadCounter.table","NW_015090842.1:5820673",5,7,2
"ATMIN","s1647_F_GON_01_ASEReadCounter.table","NW_015090842.1:5820754",1,4,3
"ATMIN","s1647_F_GON_01_ASEReadCounter.table","NW_015090842.1:5820820",0,3,3
"ATMIN","s1647_F_GON_01_ASEReadCounter.table","NW_015090842.1:5820865",3,6,3
"ATMIN","s1647_F_GON_01_ASEReadCounter.table","NW_015090842.1:5820889",4,7,3
"ATMIN","s1647_F_GON_01_ASEReadCounter.table","NW_015090842.1:5820891",4,7,3
"ATMIN","s1647_F_GON_01_ASEReadCounter.table","NW_015090842.1:5820997",4,11,7
"ATMIN","s1647_F_GON_01_ASEReadCounter.table","NW_015090842.1:5821063",5,10,5
"ATMIN","s1647_F_GON_01_ASEReadCounter.table","NW_015090842.1:5821132",9,14,5
"ATMIN","s1647_F_GON_01_ASEReadCounter.table","NW_015090842.1:5821645",7,18,11
"ATMIN","s1647_F_GON_01_ASEReadCounter.table","NW_015090842.1:5825066",7,15,8
"ATMIN","s1647_F_GON_01_ASEReadCounter.table","NW_015090842.1:5825106",8,16,8
"ATMIN","s1647_F_GON_01_ASEReadCounter.table","NW_015090842.1:5825122",9,15,6
"ATMIN","s1647_F_GON_01_ASEReadCounter.table","NW_015090842.1:5825178",11,20,9
"ATMIN","s1647_F_GON_01_ASEReadCounter.table","NW_015090842.1:5825194",14,23,9
"ATMIN","s1647_F_GON_01_ASEReadCounter.table","NW_015090842.1:5825195",14,22,8
"ATMIN","s1647_F_GON_01_ASEReadCounter.table","NW_015090842.1:5825220",13,21,8
"ATMIN","s1647_F_GON_01_ASEReadCounter.table","NW_015090842.1:5825240",20,30,10
"ATMIN","s1647_F_GON_01_ASEReadCounter.table","NW_015090842.1:5825303",24,36,12
"ATMIN","s1647_F_GON_01_ASEReadCounter.table","NW_015090842.1:5825304",24,36,12
"ATMIN","s1647_F_GON_01_ASEReadCounter.table","NW_015090842.1:5825310",23,36,13
"ATMIN","s1647_F_GON_01_ASEReadCounter.table","NW_015090842.1:5825406",11,22,11
"ATMIN","s1647_F_GON_01_ASEReadCounter.table","NW_015090842.1:5825415",12,21,9
"ATMIN","s1647_F_GON_01_ASEReadCounter.table","NW_015090842.1:5825438",12,21,9
"ATMIN","s1647_F_GON_01_ASEReadCounter.table","NW_015090842.1:5825485",19,29,10
"ATMIN","s1647_F_GON_01_ASEReadCounter.table","NW_015090842.1:5825524",24,34,10
"ATMIN","s1647_F_GON_01_ASEReadCounter.table","NW_015090842.1:5825557",23,35,12
"ATMIN","s1647_F_GON_01_ASEReadCounter.table","NW_015090842.1:5825571",20,32,12
"ATMIN","s1647_F_GON_01_ASEReadCounter.table","NW_015090842.1:5825579",23,33,10
"ATMIN","s1647_F_GON_01_ASEReadCounter.table","NW_015090842.1:5825590",20,31,11
"ATMIN","s1647_F_GON_01_ASEReadCounter.table","NW_015090842.1:5825689",22,29,7
"ATMIN","s1647_F_GON_01_ASEReadCounter.table","NW_015090842.1:5825703",28,36,8
"ATMIN","s1647_F_GON_01_ASEReadCounter.table","NW_015090842.1:5825787",23,36,13
"ATMIN","s1647_F_GON_01_ASEReadCounter.table","NW_015090842.1:5825833",22,35,13
"ATMIN","s1647_F_GON_01_ASEReadCounter.table","NW_015090842.1:5825841",19,34,15
"ATMIN","s1647_F_GON_01_ASEReadCounter.table","NW_015090842.1:5825895",22,35,13
"ATMIN","s1647_F_GON_01_ASEReadCounter.table","NW_015090842.1:5825984",15,35,20
"ATMIN","s1647_F_GON_01_ASEReadCounter.table","NW_015090842.1:5826162",16,34,18
"ATMIN","s1647_F_GON_01_ASEReadCounter.table","NW_015090842.1:5826194",14,31,17
"ATMIN","s1647_F_GON_01_ASEReadCounter.table","NW_015090842.1:5826235",18,38,20
"ATMIN","s1647_F_GON_01_ASEReadCounter.table","NW_015090842.1:5826245",17,38,21
"ATMIN","s1647_F_GON_01_ASEReadCounter.table","NW_015090842.1:5826335",12,22,10
"ATMIN","s1647_F_GON_01_ASEReadCounter.table","NW_015090842.1:5826417",13,23,10
"ATMIN","s1647_F_GON_01_ASEReadCounter.table","NW_015090842.1:5826431",11,28,17
"ATMIN","s1647_F_GON_01_ASEReadCounter.table","NW_015090842.1:5826438",11,22,11
"ATMIN","s1647_F_GON_01_ASEReadCounter.table","NW_015090842.1:5826463",16,37,21
"ATMIN","s1647_F_GON_01_ASEReadCounter.table","NW_015090842.1:5826502",23,44,21
"ATMIN","s1647_F_GON_01_ASEReadCounter.table","NW_015090842.1:5826511",24,48,24
"ATMIN","s1647_F_GON_01_ASEReadCounter.table","NW_015090842.1:5826659",20,36,16
"ATMIN","s1647_F_GON_01_ASEReadCounter.table","NW_015090842.1:5826701",24,45,21
"ATMIN","s1647_F_GON_01_ASEReadCounter.table","NW_015090842.1:5826702",25,47,22
"ATMIN","s1647_F_GON_01_ASEReadCounter.table","NW_015090842.1:5826732",30,53,23
"ATMIN","s1647_F_GON_01_ASEReadCounter.table","NW_015090842.1:5826745",31,58,27
"ATMIN","s1647_F_GON_01_ASEReadCounter.table","NW_015090842.1:5826835",31,53,22
"ATMIN","s1647_F_GON_01_ASEReadCounter.table","NW_015090842.1:5826942",25,56,31
"ATMIN","s1647_F_GON_01_ASEReadCounter.table","NW_015090842.1:5827193",44,69,25
"ATMIN","s1647_F_GON_01_ASEReadCounter.table","NW_015090842.1:5827196",42,67,25
"ATMIN","s1647_F_GON_01_ASEReadCounter.table","NW_015090842.1:5827269",32,58,26
"ATMIN","s1647_F_GON_01_ASEReadCounter.table","NW_015090842.1:5827315",24,47,23
"ATMIN","s1647_F_GON_01_ASEReadCounter.table","NW_015090842.1:5827316",25,49,24
"ATMIN","s1647_F_GON_01_ASEReadCounter.table","NW_015090842.1:5827333",25,51,26
"PPP1R3E","s1647_F_GON_01_ASEReadCounter.table","NW_015090842.1:5837733",4,11,7
"PPP1R3E","s1647_F_GON_01_ASEReadCounter.table","NW_015090842.1:5837947",2,12,10
"PKD1L2","s1647_F_GON_01_ASEReadCounter.table","NW_015090842.1:5867509",17,39,22
"PKD1L2","s1647_F_GON_01_ASEReadCounter.table","NW_015090842.1:5867597",21,46,25
"PKD1L2","s1647_F_GON_01_ASEReadCounter.table","NW_015090842.1:5867600",20,44,24
"PKD1L2","s1647_F_GON_01_ASEReadCounter.table","NW_015090842.1:5867660",16,40,24
"PKD1L2","s1647_F_GON_01_ASEReadCounter.table","NW_015090842.1:5867675",22,47,25
"PKD1L2","s1647_F_GON_01_ASEReadCounter.table","NW_015090842.1:5867788",15,45,30
"PKD1L2","s1647_F_GON_01_ASEReadCounter.table","NW_015090842.1:5867843",17,54,37
"PKD1L2","s1647_F_GON_01_ASEReadCounter.table","NW_015090842.1:5871422",2,6,4
"PKD1L2","s1647_F_GON_01_ASEReadCounter.table","NW_015090842.1:5872825",3,6,3
"PKD1L2","s1647_F_GON_01_ASEReadCounter.table","NW_015090842.1:5872876",2,3,1
"PKD1L2","s1647_F_GON_01_ASEReadCounter.table","NW_015090842.1:5872924",3,4,1
"PKD1L2","s1647_F_GON_01_ASEReadCounter.table","NW_015090842.1:5872948",3,4,1
"BCO1","s1647_F_GON_01_ASEReadCounter.table","NW_015090842.1:5915610",28,43,15
"BCO1","s1647_F_GON_01_ASEReadCounter.table","NW_015090842.1:5915646",26,42,16
"BCO1","s1647_F_GON_01_ASEReadCounter.table","NW_015090842.1:5917836",26,44,18
"BCO1","s1647_F_GON_01_ASEReadCounter.table","NW_015090842.1:5917912",26,44,18
"BCO1","s1647_F_GON_01_ASEReadCounter.table","NW_015090842.1:5917941",23,42,19
"BCO1","s1647_F_GON_01_ASEReadCounter.table","NW_015090842.1:5917971",24,39,15
"BCO1","s1647_F_GON_01_ASEReadCounter.table","NW_015090842.1:5921679",26,46,20
"BCO1","s1647_F_GON_01_ASEReadCounter.table","NW_015090842.1:5921726",26,47,21
"BCO1","s1647_F_GON_01_ASEReadCounter.table","NW_015090842.1:5925669",16,33,17
"BCO1","s1647_F_GON_01_ASEReadCounter.table","NW_015090842.1:5926937",27,45,18
"BCO1","s1647_F_GON_01_ASEReadCounter.table","NW_015090842.1:5927921",27,49,22
"BCO1","s1647_F_GON_01_ASEReadCounter.table","NW_015090842.1:5927948",27,46,19
"BCO1","s1647_F_GON_01_ASEReadCounter.table","NW_015090842.1:5927968",26,48,22
"BCO1","s1647_F_GON_01_ASEReadCounter.table","NW_015090842.1:5928052",25,49,24
"BCO1","s1647_F_GON_01_ASEReadCounter.table","NW_015090842.1:5932726",45,73,28
"BCO1","s1647_F_GON_01_ASEReadCounter.table","NW_015090842.1:5932801",39,57,18
"BCO1","s1647_F_GON_01_ASEReadCounter.table","NW_015090842.1:5934558",47,62,15
"BCO1","s1647_F_GON_01_ASEReadCounter.table","NW_015090842.1:5934575",46,63,17
"BCO1","s1647_F_GON_01_ASEReadCounter.table","NW_015090842.1:5934608",43,62,19
"BCO1","s1647_F_GON_01_ASEReadCounter.table","NW_015090842.1:5934647",35,54,19
"BCO1","s1647_F_GON_01_ASEReadCounter.table","NW_015090842.1:5934725",33,50,17
"BCO1","s1647_F_GON_01_ASEReadCounter.table","NW_015090842.1:5934726",32,48,16
"BCO1","s1647_F_GON_01_ASEReadCounter.table","NW_015090842.1:5934733",29,43,14
"BCO1","s1647_F_GON_01_ASEReadCounter.table","NW_015090842.1:5934821",29,52,23
"BCO1","s1647_F_GON_01_ASEReadCounter.table","NW_015090842.1:5934826",26,56,30
"BCO1","s1647_F_GON_01_ASEReadCounter.table","NW_015090842.1:5934844",16,38,22
"BCO1","s1647_F_GON_01_ASEReadCounter.table","NW_015090842.1:5934958",31,46,15
"BCO1","s1647_F_GON_01_ASEReadCounter.table","NW_015090842.1:5934976",33,50,17
"GAN","s1647_F_GON_01_ASEReadCounter.table","NW_015090842.1:5939249",0,1,1
"GAN","s1647_F_GON_01_ASEReadCounter.table","NW_015090842.1:5953759",11,30,19
"GAN","s1647_F_GON_01_ASEReadCounter.table","NW_015090842.1:5957502",6,28,22
"GAN","s1647_F_GON_01_ASEReadCounter.table","NW_015090842.1:5957578",7,27,20
"GAN","s1647_F_GON_01_ASEReadCounter.table","NW_015090842.1:5966047",16,31,15
"GAN","s1647_F_GON_01_ASEReadCounter.table","NW_015090842.1:5966126",8,31,23
"GAN","s1647_F_GON_01_ASEReadCounter.table","NW_015090842.1:5966127",8,31,23
"GAN","s1647_F_GON_01_ASEReadCounter.table","NW_015090842.1:5966162",20,43,23
"GAN","s1647_F_GON_01_ASEReadCounter.table","NW_015090842.1:5966483",2,11,9
"CMIP","s1647_F_GON_01_ASEReadCounter.table","NW_015090842.1:6109159",14,21,7
"CMIP","s1647_F_GON_01_ASEReadCounter.table","NW_015090842.1:6109166",13,20,7
"CMIP","s1647_F_GON_01_ASEReadCounter.table","NW_015090842.1:6114641",20,34,14
"CMIP","s1647_F_GON_01_ASEReadCounter.table","NW_015090842.1:6114751",16,23,7
"CMIP","s1647_F_GON_01_ASEReadCounter.table","NW_015090842.1:6114824",8,16,8
"CMIP","s1647_F_GON_01_ASEReadCounter.table","NW_015090842.1:6126295",25,26,1
"CMIP","s1647_F_GON_01_ASEReadCounter.table","NW_015090842.1:6128998",23,42,19
"CMIP","s1647_F_GON_01_ASEReadCounter.table","NW_015090842.1:6130562",20,43,23
"CMIP","s1647_F_GON_01_ASEReadCounter.table","NW_015090842.1:6132522",20,29,9
"CMIP","s1647_F_GON_01_ASEReadCounter.table","NW_015090842.1:6138265",18,47,29
"CMIP","s1647_F_GON_01_ASEReadCounter.table","NW_015090842.1:6138300",18,47,29
"CMIP","s1647_F_GON_01_ASEReadCounter.table","NW_015090842.1:6138342",24,48,24
"CMIP","s1647_F_GON_01_ASEReadCounter.table","NW_015090842.1:6138343",24,48,24
"CMIP","s1647_F_GON_01_ASEReadCounter.table","NW_015090842.1:6138345",24,47,23
"CMIP","s1647_F_GON_01_ASEReadCounter.table","NW_015090842.1:6138647",18,40,22
"CMIP","s1647_F_GON_01_ASEReadCounter.table","NW_015090842.1:6138745",19,40,21
"CMIP","s1647_F_GON_01_ASEReadCounter.table","NW_015090842.1:6138832",1,8,7
"CMIP","s1647_F_GON_01_ASEReadCounter.table","NW_015090842.1:6138967",18,33,15
"CMIP","s1647_F_GON_01_ASEReadCounter.table","NW_015090842.1:6139131",10,23,13
"CMIP","s1647_F_GON_01_ASEReadCounter.table","NW_015090842.1:6139163",3,15,12
"CMIP","s1647_F_GON_01_ASEReadCounter.table","NW_015090842.1:6139212",25,25,0
"CMIP","s1647_F_GON_01_ASEReadCounter.table","NW_015090842.1:6139360",5,10,5
"CMIP","s1647_F_GON_01_ASEReadCounter.table","NW_015090842.1:6139572",5,13,8
"PLCG2","s1647_F_GON_01_ASEReadCounter.table","NW_015090842.1:6179613",2,3,1
"PLCG2","s1647_F_GON_01_ASEReadCounter.table","NW_015090842.1:6179658",4,5,1
"PLCG2","s1647_F_GON_01_ASEReadCounter.table","NW_015090842.1:6203766",7,8,1
"PLCG2","s1647_F_GON_01_ASEReadCounter.table","NW_015090842.1:6203775",7,8,1
"PLCG2","s1647_F_GON_01_ASEReadCounter.table","NW_015090842.1:6203787",7,9,2
"PLCG2","s1647_F_GON_01_ASEReadCounter.table","NW_015090842.1:6209741",7,8,1
"PLCG2","s1647_F_GON_01_ASEReadCounter.table","NW_015090842.1:6209798",5,6,1
"PLCG2","s1647_F_GON_01_ASEReadCounter.table","NW_015090842.1:6209816",6,7,1
"PLCG2","s1647_F_GON_01_ASEReadCounter.table","NW_015090842.1:6217547",9,18,9
"PLCG2","s1647_F_GON_01_ASEReadCounter.table","NW_015090842.1:6218641",13,20,7
"PLCG2","s1647_F_GON_01_ASEReadCounter.table","NW_015090842.1:6220552",8,10,2
"PLCG2","s1647_F_GON_01_ASEReadCounter.table","NW_015090842.1:6221969",10,11,1
"PLCG2","s1647_F_GON_01_ASEReadCounter.table","NW_015090842.1:6228672",8,12,4
"PLCG2","s1647_F_GON_01_ASEReadCounter.table","NW_015090842.1:6228694",8,11,3
"PLCG2","s1647_F_GON_01_ASEReadCounter.table","NW_015090842.1:6228722",7,10,3
"PLCG2","s1647_F_GON_01_ASEReadCounter.table","NW_015090842.1:6228747",4,8,4
"PLCG2","s1647_F_GON_01_ASEReadCounter.table","NW_015090842.1:6228835",6,7,1
"PLCG2","s1647_F_GON_01_ASEReadCounter.table","NW_015090842.1:6228841",6,7,1
"PLCG2","s1647_F_GON_01_ASEReadCounter.table","NW_015090842.1:6228865",8,9,1
"PLCG2","s1647_F_GON_01_ASEReadCounter.table","NW_015090842.1:6228917",14,17,3
"PLCG2","s1647_F_GON_01_ASEReadCounter.table","NW_015090842.1:6228926",12,15,3
"PLCG2","s1647_F_GON_01_ASEReadCounter.table","NW_015090842.1:6228954",10,12,2
"PLCG2","s1647_F_GON_01_ASEReadCounter.table","NW_015090842.1:6229002",13,16,3
"PLCG2","s1647_F_GON_01_ASEReadCounter.table","NW_015090842.1:6229006",10,13,3
"PLCG2","s1647_F_GON_01_ASEReadCounter.table","NW_015090842.1:6229081",11,13,2
"PLCG2","s1647_F_GON_01_ASEReadCounter.table","NW_015090842.1:6229097",5,6,1
"PLCG2","s1647_F_GON_01_ASEReadCounter.table","NW_015090842.1:6229160",5,5,0
"PLCG2","s1647_F_GON_01_ASEReadCounter.table","NW_015090842.1:6229213",8,8,0
"PLCG2","s1647_F_GON_01_ASEReadCounter.table","NW_015090842.1:6229231",8,9,1
"PLCG2","s1647_F_GON_01_ASEReadCounter.table","NW_015090842.1:6229663",17,19,2
"PLCG2","s1647_F_GON_01_ASEReadCounter.table","NW_015090842.1:6229748",13,14,1
"PLCG2","s1647_F_GON_01_ASEReadCounter.table","NW_015090842.1:6229892",20,22,2
"PLCG2","s1647_F_GON_01_ASEReadCounter.table","NW_015090842.1:6230248",12,12,0
"PLCG2","s1647_F_GON_01_ASEReadCounter.table","NW_015090842.1:6230255",12,12,0
"PLCG2","s1647_F_GON_01_ASEReadCounter.table","NW_015090842.1:6230276",7,7,0
"PLCG2","s1647_F_GON_01_ASEReadCounter.table","NW_015090842.1:6230296",4,4,0
"PLCG2","s1647_F_GON_01_ASEReadCounter.table","NW_015090842.1:6230349",11,11,0
"PLCG2","s1647_F_GON_01_ASEReadCounter.table","NW_015090842.1:6230408",9,11,2
"PLCG2","s1647_F_GON_01_ASEReadCounter.table","NW_015090842.1:6230439",7,9,2
"PLCG2","s1647_F_GON_01_ASEReadCounter.table","NW_015090842.1:6230757",9,9,0
"PLCG2","s1647_F_GON_01_ASEReadCounter.table","NW_015090842.1:6230758",8,8,0
"PLCG2","s1647_F_GON_01_ASEReadCounter.table","NW_015090842.1:6230898",22,22,0
"PLCG2","s1647_F_GON_01_ASEReadCounter.table","NW_015090842.1:6230976",16,18,2
"PLCG2","s1647_F_GON_01_ASEReadCounter.table","NW_015090842.1:6231078",22,23,1
"PLCG2","s1647_F_GON_01_ASEReadCounter.table","NW_015090842.1:6231138",25,27,2
"PLCG2","s1647_F_GON_01_ASEReadCounter.table","NW_015090842.1:6231177",28,31,3
"PLCG2","s1647_F_GON_01_ASEReadCounter.table","NW_015090842.1:6231263",28,29,1
"SDR42E1","s1647_F_GON_01_ASEReadCounter.table","NW_015090842.1:6235292",7,27,20
"SDR42E1","s1647_F_GON_01_ASEReadCounter.table","NW_015090842.1:6235315",14,51,37
"SDR42E1","s1647_F_GON_01_ASEReadCounter.table","NW_015090842.1:6235348",30,87,57
"SDR42E1","s1647_F_GON_01_ASEReadCounter.table","NW_015090842.1:6235355",31,87,56
"SDR42E1","s1647_F_GON_01_ASEReadCounter.table","NW_015090842.1:6235417",29,84,55
"SDR42E1","s1647_F_GON_01_ASEReadCounter.table","NW_015090842.1:6235558",42,104,62
"SDR42E1","s1647_F_GON_01_ASEReadCounter.table","NW_015090842.1:6235741",72,130,58
"SDR42E1","s1647_F_GON_01_ASEReadCounter.table","NW_015090842.1:6235777",73,138,65
"SDR42E1","s1647_F_GON_01_ASEReadCounter.table","NW_015090842.1:6235806",77,146,69
"SDR42E1","s1647_F_GON_01_ASEReadCounter.table","NW_015090842.1:6235809",78,148,70
"SDR42E1","s1647_F_GON_01_ASEReadCounter.table","NW_015090842.1:6235816",77,147,70
"SDR42E1","s1647_F_GON_01_ASEReadCounter.table","NW_015090842.1:6235914",56,109,53
"SDR42E1","s1647_F_GON_01_ASEReadCounter.table","NW_015090842.1:6235935",55,108,53
"SDR42E1","s1647_F_GON_01_ASEReadCounter.table","NW_015090842.1:6235957",48,99,51
"SDR42E1","s1647_F_GON_01_ASEReadCounter.table","NW_015090842.1:6236040",39,73,34
"SDR42E1","s1647_F_GON_01_ASEReadCounter.table","NW_015090842.1:6236260",45,93,48
"SDR42E1","s1647_F_GON_01_ASEReadCounter.table","NW_015090842.1:6236281",55,107,52
"SDR42E1","s1647_F_GON_01_ASEReadCounter.table","NW_015090842.1:6236305",68,127,59
"SDR42E1","s1647_F_GON_01_ASEReadCounter.table","NW_015090842.1:6236458",59,111,52
"SDR42E1","s1647_F_GON_01_ASEReadCounter.table","NW_015090842.1:6236476",70,130,60
"SDR42E1","s1647_F_GON_01_ASEReadCounter.table","NW_015090842.1:6236608",60,98,38
"SDR42E1","s1647_F_GON_01_ASEReadCounter.table","NW_015090842.1:6238244",45,74,29
"SDR42E1","s1647_F_GON_01_ASEReadCounter.table","NW_015090842.1:6238829",33,58,25
"HSD17B2","s1647_F_GON_01_ASEReadCounter.table","NW_015090842.1:6257829",1,1,0
"HSD17B2","s1647_F_GON_01_ASEReadCounter.table","NW_015090842.1:6257851",1,1,0
"HSD17B2","s1647_F_GON_01_ASEReadCounter.table","NW_015090842.1:6257889",1,1,0
"HSD17B2","s1647_F_GON_01_ASEReadCounter.table","NW_015090842.1:6262951",1,2,1
"HSD17B2","s1647_F_GON_01_ASEReadCounter.table","NW_015090842.1:6262974",1,2,1
"HSD17B2","s1647_F_GON_01_ASEReadCounter.table","NW_015090842.1:6266125",2,3,1
"HSD17B2","s1647_F_GON_01_ASEReadCounter.table","NW_015090842.1:6266135",1,2,1
"HSD17B2","s1647_F_GON_01_ASEReadCounter.table","NW_015090842.1:6266795",2,4,2
"HSD17B2","s1647_F_GON_01_ASEReadCounter.table","NW_015090842.1:6266944",0,3,3
"HSD17B2","s1647_F_GON_01_ASEReadCounter.table","NW_015090842.1:6267053",2,2,0
"HSD17B2","s1647_F_GON_01_ASEReadCounter.table","NW_015090842.1:6267196",0,1,1
"HSD17B2","s1647_F_GON_01_ASEReadCounter.table","NW_015090842.1:6267273",0,1,1
"HSD17B2","s1647_F_GON_01_ASEReadCounter.table","NW_015090842.1:6267674",2,2,0
"HSD17B2","s1647_F_GON_01_ASEReadCounter.table","NW_015090842.1:6268098",0,3,3
"HSD17B2","s1647_F_GON_01_ASEReadCounter.table","NW_015090842.1:6268203",0,1,1
"ARY2","s1647_F_GON_01_ASEReadCounter.table","NW_015090842.1:6303922",23,23,0
"ARY2","s1647_F_GON_01_ASEReadCounter.table","NW_015090842.1:6303954",24,24,0
"ARY2","s1647_F_GON_01_ASEReadCounter.table","NW_015090842.1:6303979",28,28,0
"ARY2","s1647_F_GON_01_ASEReadCounter.table","NW_015090842.1:6305848",20,21,1
"ARY2","s1647_F_GON_01_ASEReadCounter.table","NW_015090842.1:6305856",22,23,1
"ARY2","s1647_F_GON_01_ASEReadCounter.table","NW_015090842.1:6305857",22,23,1
"ARY2","s1647_F_GON_01_ASEReadCounter.table","NW_015090842.1:6306017",19,23,4
"ARY2","s1647_F_GON_01_ASEReadCounter.table","NW_015090842.1:6306052",22,25,3
"ARY2","s1647_F_GON_01_ASEReadCounter.table","NW_015090842.1:6306094",25,29,4
"ARY2","s1647_F_GON_01_ASEReadCounter.table","NW_015090842.1:6306100",28,32,4
"ARY2","s1647_F_GON_01_ASEReadCounter.table","NW_015090842.1:6306146",24,28,4
"ARY2","s1647_F_GON_01_ASEReadCounter.table","NW_015090842.1:6306147",23,26,3
"ARY2","s1647_F_GON_01_ASEReadCounter.table","NW_015090842.1:6306390",21,21,0
"ARY2","s1647_F_GON_01_ASEReadCounter.table","NW_015090842.1:6306567",6,7,1
"ARY2","s1647_F_GON_01_ASEReadCounter.table","NW_015090842.1:6306705",1,1,0
"ARY2","s1647_F_GON_01_ASEReadCounter.table","NW_015090842.1:6307305",1,2,1
"ARY2","s1647_F_GON_01_ASEReadCounter.table","NW_015090842.1:6307318",1,3,2
"ARY2","s1647_F_GON_01_ASEReadCounter.table","NW_015090842.1:6307429",3,5,2
"ARYL","s1647_F_GON_01_ASEReadCounter.table","NW_015090842.1:6313360",4,7,3
"ARYL","s1647_F_GON_01_ASEReadCounter.table","NW_015090842.1:6313377",4,9,5
"ARYL","s1647_F_GON_01_ASEReadCounter.table","NW_015090842.1:6313767",4,8,4
"ARY1","s1647_F_GON_01_ASEReadCounter.table","NW_015090842.1:6314296",3,7,4
"ARY1","s1647_F_GON_01_ASEReadCounter.table","NW_015090842.1:6314541",3,4,1
"ARY1","s1647_F_GON_01_ASEReadCounter.table","NW_015090842.1:6314597",1,2,1
"ARY1","s1647_F_GON_01_ASEReadCounter.table","NW_015090842.1:6314750",4,7,3
"ARY1","s1647_F_GON_01_ASEReadCounter.table","NW_015090842.1:6314794",2,5,3
"ARY1","s1647_F_GON_01_ASEReadCounter.table","NW_015090842.1:6314827",4,6,2
"ARY1","s1647_F_GON_01_ASEReadCounter.table","NW_015090842.1:6314859",3,5,2
"ARY1","s1647_F_GON_01_ASEReadCounter.table","NW_015090842.1:6314886",3,5,2
"ARY1","s1647_F_GON_01_ASEReadCounter.table","NW_015090842.1:6315022",4,5,1
"ARY1","s1647_F_GON_01_ASEReadCounter.table","NW_015090842.1:6315026",3,4,1
"ARY1","s1647_F_GON_01_ASEReadCounter.table","NW_015090842.1:6315043",2,3,1
"ARY1","s1647_F_GON_01_ASEReadCounter.table","NW_015090842.1:6315065",3,3,0
"ARY1","s1647_F_GON_01_ASEReadCounter.table","NW_015090842.1:6315409",5,7,2
"ARY1","s1647_F_GON_01_ASEReadCounter.table","NW_015090842.1:6315479",7,11,4
"ARY1","s1647_F_GON_01_ASEReadCounter.table","NW_015090842.1:6318342",7,15,8
"ARY1","s1647_F_GON_01_ASEReadCounter.table","NW_015090842.1:6318427",5,9,4
"ARY1","s1647_F_GON_01_ASEReadCounter.table","NW_015090842.1:6318603",8,12,4
"ARY1","s1647_F_GON_01_ASEReadCounter.table","NW_015090842.1:6318708",7,14,7
"ARY1","s1647_F_GON_01_ASEReadCounter.table","NW_015090842.1:6318858",6,8,2
"ARY1","s1647_F_GON_01_ASEReadCounter.table","NW_015090842.1:6318952",5,14,9
"MPHOSPH6","s1647_F_GON_01_ASEReadCounter.table","NW_015090842.1:6324063",19,45,26
"MPHOSPH6","s1647_F_GON_01_ASEReadCounter.table","NW_015090842.1:6324174",37,80,43
"MPHOSPH6","s1647_F_GON_01_ASEReadCounter.table","NW_015090842.1:6324270",32,89,57
"MPHOSPH6","s1647_F_GON_01_ASEReadCounter.table","NW_015090842.1:6324762",52,107,55
"MPHOSPH6","s1647_F_GON_01_ASEReadCounter.table","NW_015090842.1:6324780",44,93,49
"MPHOSPH6","s1647_F_GON_01_ASEReadCounter.table","NW_015090842.1:6324902",50,108,58
"MPHOSPH6","s1647_F_GON_01_ASEReadCounter.table","NW_015090842.1:6325066",62,127,65
"MPHOSPH6","s1647_F_GON_01_ASEReadCounter.table","NW_015090842.1:6325089",74,155,81
"MPHOSPH6","s1647_F_GON_01_ASEReadCounter.table","NW_015090842.1:6325877",92,187,95
"MPHOSPH6","s1647_F_GON_01_ASEReadCounter.table","NW_015090842.1:6326976",73,167,94
"CDH13","s1647_F_GON_01_ASEReadCounter.table","NW_015090842.1:6662283",5,11,6
"CDH13","s1647_F_GON_01_ASEReadCounter.table","NW_015090842.1:6693665",6,8,2
"CDH13","s1647_F_GON_01_ASEReadCounter.table","NW_015090842.1:6693697",5,7,2
"CDH13","s1647_F_GON_01_ASEReadCounter.table","NW_015090842.1:6693712",3,5,2
"CDH13","s1647_F_GON_01_ASEReadCounter.table","NW_015090842.1:6693723",2,4,2
"CDH13","s1647_F_GON_01_ASEReadCounter.table","NW_015090842.1:6693738",1,3,2
"CDH13","s1647_F_GON_01_ASEReadCounter.table","NW_015090842.1:6823730",5,11,6
"CDH13","s1647_F_GON_01_ASEReadCounter.table","NW_015090842.1:6889713",8,16,8
"CDH13","s1647_F_GON_01_ASEReadCounter.table","NW_015090842.1:6955167",13,18,5
"MLYCD","s1647_F_GON_01_ASEReadCounter.table","NW_015090842.1:7150054",16,43,27
"MLYCD","s1647_F_GON_01_ASEReadCounter.table","NW_015090842.1:7150131",27,71,44
"MLYCD","s1647_F_GON_01_ASEReadCounter.table","NW_015090842.1:7150585",14,45,31
"MLYCD","s1647_F_GON_01_ASEReadCounter.table","NW_015090842.1:7150686",14,38,24
"MLYCD","s1647_F_GON_01_ASEReadCounter.table","NW_015090842.1:7150696",15,42,27
"MLYCD","s1647_F_GON_01_ASEReadCounter.table","NW_015090842.1:7150869",26,60,34
"MLYCD","s1647_F_GON_01_ASEReadCounter.table","NW_015090842.1:7151100",25,58,33
"MLYCD","s1647_F_GON_01_ASEReadCounter.table","NW_015090842.1:7151127",26,58,32
"MLYCD","s1647_F_GON_01_ASEReadCounter.table","NW_015090842.1:7157538",23,58,35
"MLYCD","s1647_F_GON_01_ASEReadCounter.table","NW_015090842.1:7167662",11,18,7
"MLYCD","s1647_F_GON_01_ASEReadCounter.table","NW_015090842.1:7167675",10,18,8
"MLYCD","s1647_F_GON_01_ASEReadCounter.table","NW_015090842.1:7167710",10,23,13
"MLYCD","s1647_F_GON_01_ASEReadCounter.table","NW_015090842.1:7167781",12,26,14
"MLYCD","s1647_F_GON_01_ASEReadCounter.table","NW_015090842.1:7167803",6,17,11
"MLYCD","s1647_F_GON_01_ASEReadCounter.table","NW_015090842.1:7167812",7,18,11
"MLYCD","s1647_F_GON_01_ASEReadCounter.table","NW_015090842.1:7167845",8,20,12
"MLYCD","s1647_F_GON_01_ASEReadCounter.table","NW_015090842.1:7167862",9,20,11
"MLYCD","s1647_F_GON_01_ASEReadCounter.table","NW_015090842.1:7167929",8,15,7
"MLYCD","s1647_F_GON_01_ASEReadCounter.table","NW_015090842.1:7167995",4,11,7
"MLYCD","s1647_F_GON_01_ASEReadCounter.table","NW_015090842.1:7168005",4,10,6
"MLYCD","s1647_F_GON_01_ASEReadCounter.table","NW_015090842.1:7168037",5,12,7
"HSBP1","s1647_F_GON_01_ASEReadCounter.table","NW_015090842.1:7245192",88,185,97
"HSBP1","s1647_F_GON_01_ASEReadCounter.table","NW_015090842.1:7245226",112,230,118
"HSBP1","s1647_F_GON_01_ASEReadCounter.table","NW_015090842.1:7245257",102,208,106
"HSBP1","s1647_F_GON_01_ASEReadCounter.table","NW_015090842.1:7245296",101,223,122
"HSBP1","s1647_F_GON_01_ASEReadCounter.table","NW_015090842.1:7245389",134,263,129
"HSBP1","s1647_F_GON_01_ASEReadCounter.table","NW_015090842.1:7245400",136,254,118
"HSBP1","s1647_F_GON_01_ASEReadCounter.table","NW_015090842.1:7245445",132,252,120
"HSBP1","s1647_F_GON_01_ASEReadCounter.table","NW_015090842.1:7245495",131,252,121
"HSBP1","s1647_F_GON_01_ASEReadCounter.table","NW_015090842.1:7245733",105,197,92
"HSBP1","s1647_F_GON_01_ASEReadCounter.table","NW_015090842.1:7245771",101,179,78
"HSBP1","s1647_F_GON_01_ASEReadCounter.table","NW_015090842.1:7245813",91,164,73
"HSBP1","s1647_F_GON_01_ASEReadCounter.table","NW_015090842.1:7245926",113,231,118
"HSBP1","s1647_F_GON_01_ASEReadCounter.table","NW_015090842.1:7245927",115,235,120
"HSBP1","s1647_F_GON_01_ASEReadCounter.table","NW_015090842.1:7245933",116,231,115
"HSBP1","s1647_F_GON_01_ASEReadCounter.table","NW_015090842.1:7246002",86,179,93
"HSBP1","s1647_F_GON_01_ASEReadCounter.table","NW_015090842.1:7246094",119,218,99
"HSBP1","s1647_F_GON_01_ASEReadCounter.table","NW_015090842.1:7246167",111,214,103
"HSBP1","s1647_F_GON_01_ASEReadCounter.table","NW_015090842.1:7246183",111,214,103
"HSBP1","s1647_F_GON_01_ASEReadCounter.table","NW_015090842.1:7247285",32,54,22
"HSBP1","s1647_F_GON_01_ASEReadCounter.table","NW_015090842.1:7247651",416,869,453
"HSBP1","s1647_F_GON_01_ASEReadCounter.table","NW_015090842.1:7247657",406,861,455
"HSBP1","s1647_F_GON_01_ASEReadCounter.table","NW_015090842.1:7248520",341,644,303
"HSBP1","s1647_F_GON_01_ASEReadCounter.table","NW_015090842.1:7248535",306,546,240
"KCNG4","s1647_F_GON_01_ASEReadCounter.table","NW_015090842.1:7282481",13,36,23
"KCNG4","s1647_F_GON_01_ASEReadCounter.table","NW_015090842.1:7282500",14,35,21
"KCNG4","s1647_F_GON_01_ASEReadCounter.table","NW_015090842.1:7282542",17,38,21
"KCNG4","s1647_F_GON_01_ASEReadCounter.table","NW_015090842.1:7282579",20,42,22
"KCNG4","s1647_F_GON_01_ASEReadCounter.table","NW_015090842.1:7282630",15,38,23
"KCNG4","s1647_F_GON_01_ASEReadCounter.table","NW_015090842.1:7283056",11,33,22
"KCNG4","s1647_F_GON_01_ASEReadCounter.table","NW_015090842.1:7283245",13,28,15
"KCNG4","s1647_F_GON_01_ASEReadCounter.table","NW_015090842.1:7301195",5,22,17
"KCNG4","s1647_F_GON_01_ASEReadCounter.table","NW_015090842.1:7301227",7,24,17
"KCNG4","s1647_F_GON_01_ASEReadCounter.table","NW_015090842.1:7301240",6,24,18
"KCNG4","s1647_F_GON_01_ASEReadCounter.table","NW_015090842.1:7301413",8,25,17
"WFDC1","s1647_F_GON_01_ASEReadCounter.table","NW_015090842.1:7366517",7,9,2
"WFDC1","s1647_F_GON_01_ASEReadCounter.table","NW_015090842.1:7373367",2,3,1
"WFDC1","s1647_F_GON_01_ASEReadCounter.table","NW_015090842.1:7375828",2,6,4
"WFDC1","s1647_F_GON_01_ASEReadCounter.table","NW_015090842.1:7378036",4,8,4
"WFDC1","s1647_F_GON_01_ASEReadCounter.table","NW_015090842.1:7379125",5,10,5
"WFDC1","s1647_F_GON_01_ASEReadCounter.table","NW_015090842.1:7379451",2,6,4
"WFDC1","s1647_F_GON_01_ASEReadCounter.table","NW_015090842.1:7379471",0,3,3
"WFDC1","s1647_F_GON_01_ASEReadCounter.table","NW_015090842.1:7379576",5,12,7
"WFDC1","s1647_F_GON_01_ASEReadCounter.table","NW_015090842.1:7379596",5,12,7
"WFDC1","s1647_F_GON_01_ASEReadCounter.table","NW_015090842.1:7379605",5,11,6
"WFDC1","s1647_F_GON_01_ASEReadCounter.table","NW_015090842.1:7379626",4,10,6
"WFDC1","s1647_F_GON_01_ASEReadCounter.table","NW_015090842.1:7379631",3,8,5
"WFDC1","s1647_F_GON_01_ASEReadCounter.table","NW_015090842.1:7379632",3,9,6
"WFDC1","s1647_F_GON_01_ASEReadCounter.table","NW_015090842.1:7379652",3,6,3
"WFDC1","s1647_F_GON_01_ASEReadCounter.table","NW_015090842.1:7379669",2,4,2
"WFDC1","s1647_F_GON_01_ASEReadCounter.table","NW_015090842.1:7379674",2,3,1
"WFDC1","s1647_F_GON_01_ASEReadCounter.table","NW_015090842.1:7379719",3,4,1
"WFDC1","s1647_F_GON_01_ASEReadCounter.table","NW_015090842.1:7379735",2,3,1
"WFDC1","s1647_F_GON_01_ASEReadCounter.table","NW_015090842.1:7379739",1,1,0
"WFDC1","s1647_F_GON_01_ASEReadCounter.table","NW_015090842.1:7379821",1,2,1
"WFDC1","s1647_F_GON_01_ASEReadCounter.table","NW_015090842.1:7379840",1,2,1
"WFDC1","s1647_F_GON_01_ASEReadCounter.table","NW_015090842.1:7379933",5,7,2
"WFDC1","s1647_F_GON_01_ASEReadCounter.table","NW_015090842.1:7379935",3,5,2
"WFDC1","s1647_F_GON_01_ASEReadCounter.table","NW_015090842.1:7379983",3,4,1
"WFDC1","s1647_F_GON_01_ASEReadCounter.table","NW_015090842.1:7380060",5,8,3
"WFDC1","s1647_F_GON_01_ASEReadCounter.table","NW_015090842.1:7380136",2,6,4
"WFDC1","s1647_F_GON_01_ASEReadCounter.table","NW_015090842.1:7380150",2,5,3
"WFDC1","s1647_F_GON_01_ASEReadCounter.table","NW_015090842.1:7380164",2,5,3
"WFDC1","s1647_F_GON_01_ASEReadCounter.table","NW_015090842.1:7380237",2,3,1
"WFDC1","s1647_F_GON_01_ASEReadCounter.table","NW_015090842.1:7380261",2,4,2
"WFDC1","s1647_F_GON_01_ASEReadCounter.table","NW_015090842.1:7380322",2,7,5
"WFDC1","s1647_F_GON_01_ASEReadCounter.table","NW_015090842.1:7380491",0,8,8
"WFDC1","s1647_F_GON_01_ASEReadCounter.table","NW_015090842.1:7380567",2,5,3
"WFDC1","s1647_F_GON_01_ASEReadCounter.table","NW_015090842.1:7380672",3,7,4
"WFDC1","s1647_F_GON_01_ASEReadCounter.table","NW_015090842.1:7380721",0,4,4
"WFDC1","s1647_F_GON_01_ASEReadCounter.table","NW_015090842.1:7380743",1,5,4
"WFDC1","s1647_F_GON_01_ASEReadCounter.table","NW_015090842.1:7380852",5,11,6
"WFDC1","s1647_F_GON_01_ASEReadCounter.table","NW_015090842.1:7380878",4,10,6
"WFDC1","s1647_F_GON_01_ASEReadCounter.table","NW_015090842.1:7381081",2,12,10
"WFDC1","s1647_F_GON_01_ASEReadCounter.table","NW_015090842.1:7381127",4,14,10
"WFDC1","s1647_F_GON_01_ASEReadCounter.table","NW_015090842.1:7381195",4,12,8
"WFDC1","s1647_F_GON_01_ASEReadCounter.table","NW_015090842.1:7381253",5,12,7
"WFDC1","s1647_F_GON_01_ASEReadCounter.table","NW_015090842.1:7381378",5,9,4
"WFDC1","s1647_F_GON_01_ASEReadCounter.table","NW_015090842.1:7381433",5,9,4
"WFDC1","s1647_F_GON_01_ASEReadCounter.table","NW_015090842.1:7381434",5,9,4
"WFDC1","s1647_F_GON_01_ASEReadCounter.table","NW_015090842.1:7381442",5,9,4
"WFDC1","s1647_F_GON_01_ASEReadCounter.table","NW_015090842.1:7381517",4,6,2
"WFDC1","s1647_F_GON_01_ASEReadCounter.table","NW_015090842.1:7381520",5,6,1
"WFDC1","s1647_F_GON_01_ASEReadCounter.table","NW_015090842.1:7381677",1,5,4
"WFDC1","s1647_F_GON_01_ASEReadCounter.table","NW_015090842.1:7381709",0,3,3
"ATP2C2","s1647_F_GON_01_ASEReadCounter.table","NW_015090842.1:7392613",1,1,0
"ATP2C2","s1647_F_GON_01_ASEReadCounter.table","NW_015090842.1:7395230",2,2,0
"ATP2C2","s1647_F_GON_01_ASEReadCounter.table","NW_015090842.1:7395366",0,4,4
"ATP2C2","s1647_F_GON_01_ASEReadCounter.table","NW_015090842.1:7396756",1,6,5
"ATP2C2","s1647_F_GON_01_ASEReadCounter.table","NW_015090842.1:7397049",0,2,2
"ATP2C2","s1647_F_GON_01_ASEReadCounter.table","NW_015090842.1:7398395",0,1,1
"ATP2C2","s1647_F_GON_01_ASEReadCounter.table","NW_015090842.1:7399774",1,3,2
"ATP2C2","s1647_F_GON_01_ASEReadCounter.table","NW_015090842.1:7402554",1,5,4
"ATP2C2","s1647_F_GON_01_ASEReadCounter.table","NW_015090842.1:7402578",1,6,5
"ATP2C2","s1647_F_GON_01_ASEReadCounter.table","NW_015090842.1:7405621",0,3,3
"ATP2C2","s1647_F_GON_01_ASEReadCounter.table","NW_015090842.1:7413855",5,5,0
"ATP2C2","s1647_F_GON_01_ASEReadCounter.table","NW_015090842.1:7413869",1,1,0
"ATP2C2","s1647_F_GON_01_ASEReadCounter.table","NW_015090842.1:7413875",1,1,0
"TLDC1","s1647_F_GON_01_ASEReadCounter.table","NW_015090842.1:7421137",26,46,20
"TLDC1","s1647_F_GON_01_ASEReadCounter.table","NW_015090842.1:7421155",23,41,18
"TLDC1","s1647_F_GON_01_ASEReadCounter.table","NW_015090842.1:7421218",21,40,19
"TLDC1","s1647_F_GON_01_ASEReadCounter.table","NW_015090842.1:7421399",7,30,23
"TLDC1","s1647_F_GON_01_ASEReadCounter.table","NW_015090842.1:7421402",8,32,24
"TLDC1","s1647_F_GON_01_ASEReadCounter.table","NW_015090842.1:7421528",26,52,26
"TLDC1","s1647_F_GON_01_ASEReadCounter.table","NW_015090842.1:7421532",29,54,25
"TLDC1","s1647_F_GON_01_ASEReadCounter.table","NW_015090842.1:7421621",30,39,9
"TLDC1","s1647_F_GON_01_ASEReadCounter.table","NW_015090842.1:7421647",26,36,10
"TLDC1","s1647_F_GON_01_ASEReadCounter.table","NW_015090842.1:7421657",20,32,12
"TLDC1","s1647_F_GON_01_ASEReadCounter.table","NW_015090842.1:7421693",26,39,13
"TLDC1","s1647_F_GON_01_ASEReadCounter.table","NW_015090842.1:7421796",12,26,14
"TLDC1","s1647_F_GON_01_ASEReadCounter.table","NW_015090842.1:7421810",16,26,10
"TLDC1","s1647_F_GON_01_ASEReadCounter.table","NW_015090842.1:7421833",17,30,13
"TLDC1","s1647_F_GON_01_ASEReadCounter.table","NW_015090842.1:7421879",22,37,15
"TLDC1","s1647_F_GON_01_ASEReadCounter.table","NW_015090842.1:7421914",25,43,18
"TLDC1","s1647_F_GON_01_ASEReadCounter.table","NW_015090842.1:7421969",25,36,11
"TLDC1","s1647_F_GON_01_ASEReadCounter.table","NW_015090842.1:7422015",22,36,14
"TLDC1","s1647_F_GON_01_ASEReadCounter.table","NW_015090842.1:7422042",29,45,16
"TLDC1","s1647_F_GON_01_ASEReadCounter.table","NW_015090842.1:7422230",29,48,19
"TLDC1","s1647_F_GON_01_ASEReadCounter.table","NW_015090842.1:7423349",24,48,24
"TLDC1","s1647_F_GON_01_ASEReadCounter.table","NW_015090842.1:7423362",19,43,24
"TLDC1","s1647_F_GON_01_ASEReadCounter.table","NW_015090842.1:7426091",15,28,13
"TLDC1","s1647_F_GON_01_ASEReadCounter.table","NW_015090842.1:7426485",17,39,22
"TLDC1","s1647_F_GON_01_ASEReadCounter.table","NW_015090842.1:7427211",25,45,20
"TLDC1","s1647_F_GON_01_ASEReadCounter.table","NW_015090842.1:7428179",15,30,15
"COTL1","s1647_F_GON_01_ASEReadCounter.table","NW_015090842.1:7490744",21,46,25
"COTL1","s1647_F_GON_01_ASEReadCounter.table","NW_015090842.1:7491051",16,35,19
"COTL1","s1647_F_GON_01_ASEReadCounter.table","NW_015090842.1:7491124",18,37,19
"COTL1","s1647_F_GON_01_ASEReadCounter.table","NW_015090842.1:7491418",10,26,16
"COTL1","s1647_F_GON_01_ASEReadCounter.table","NW_015090842.1:7491539",10,23,13
"COTL1","s1647_F_GON_01_ASEReadCounter.table","NW_015090842.1:7491585",22,30,8
"COTL1","s1647_F_GON_01_ASEReadCounter.table","NW_015090842.1:7491586",22,32,10
"COTL1","s1647_F_GON_01_ASEReadCounter.table","NW_015090842.1:7491646",25,52,27
"COTL1","s1647_F_GON_01_ASEReadCounter.table","NW_015090842.1:7491747",8,23,15
"COTL1","s1647_F_GON_01_ASEReadCounter.table","NW_015090842.1:7491803",12,28,16
"COTL1","s1647_F_GON_01_ASEReadCounter.table","NW_015090842.1:7507551",2,2,0
"COTL1","s1647_F_GON_01_ASEReadCounter.table","NW_015090842.1:7510900",0,1,1
"COTL1","s1647_F_GON_01_ASEReadCounter.table","NW_015090842.1:7513196",1,2,1
"COTL1","s1647_F_GON_01_ASEReadCounter.table","NW_015090842.1:7513223",1,2,1
"COTL1","s1647_F_GON_01_ASEReadCounter.table","NW_015090842.1:7513239",1,2,1
"KLHL36","s1647_F_GON_01_ASEReadCounter.table","NW_015090842.1:7514700",2,3,1
"KLHL36","s1647_F_GON_01_ASEReadCounter.table","NW_015090842.1:7519691",2,4,2
"KLHL36","s1647_F_GON_01_ASEReadCounter.table","NW_015090842.1:7519696",2,4,2
"KLHL36","s1647_F_GON_01_ASEReadCounter.table","NW_015090842.1:7526160",2,8,6
"KLHL36","s1647_F_GON_01_ASEReadCounter.table","NW_015090842.1:7526469",3,8,5
"KLHL36","s1647_F_GON_01_ASEReadCounter.table","NW_015090842.1:7526587",3,4,1
"KLHL36","s1647_F_GON_01_ASEReadCounter.table","NW_015090842.1:7526997",3,9,6
"KLHL36","s1647_F_GON_01_ASEReadCounter.table","NW_015090842.1:7527142",3,3,0
"KLHL36","s1647_F_GON_01_ASEReadCounter.table","NW_015090842.1:7535174",6,11,5
"KLHL36","s1647_F_GON_01_ASEReadCounter.table","NW_015090842.1:7535384",2,4,2
"KLHL36","s1647_F_GON_01_ASEReadCounter.table","NW_015090842.1:7535420",3,8,5
"KLHL36","s1647_F_GON_01_ASEReadCounter.table","NW_015090842.1:7535545",1,2,1
"KLHL36","s1647_F_GON_01_ASEReadCounter.table","NW_015090842.1:7535829",2,6,4
"KLHL36","s1647_F_GON_01_ASEReadCounter.table","NW_015090842.1:7535977",2,7,5
"KLHL36","s1647_F_GON_01_ASEReadCounter.table","NW_015090842.1:7536010",2,6,4
"KLHL36","s1647_F_GON_01_ASEReadCounter.table","NW_015090842.1:7536051",2,6,4
"KLHL36","s1647_F_GON_01_ASEReadCounter.table","NW_015090842.1:7536096",4,7,3
"KLHL36","s1647_F_GON_01_ASEReadCounter.table","NW_015090842.1:7536135",5,7,2
"KLHL36","s1647_F_GON_01_ASEReadCounter.table","NW_015090842.1:7536136",4,4,0
"KLHL36","s1647_F_GON_01_ASEReadCounter.table","NW_015090842.1:7536160",6,6,0
"KLHL36","s1647_F_GON_01_ASEReadCounter.table","NW_015090842.1:7536336",4,6,2
"KLHL36","s1647_F_GON_01_ASEReadCounter.table","NW_015090842.1:7536352",3,6,3
"KLHL36","s1647_F_GON_01_ASEReadCounter.table","NW_015090842.1:7536412",3,6,3
"KLHL36","s1647_F_GON_01_ASEReadCounter.table","NW_015090842.1:7536418",3,6,3
"KLHL36","s1647_F_GON_01_ASEReadCounter.table","NW_015090842.1:7536465",3,7,4
"KLHL36","s1647_F_GON_01_ASEReadCounter.table","NW_015090842.1:7536466",3,6,3
"KLHL36","s1647_F_GON_01_ASEReadCounter.table","NW_015090842.1:7536553",3,9,6
"KLHL36","s1647_F_GON_01_ASEReadCounter.table","NW_015090842.1:7536698",5,12,7
"KLHL36","s1647_F_GON_01_ASEReadCounter.table","NW_015090842.1:7536713",5,12,7
"KLHL36","s1647_F_GON_01_ASEReadCounter.table","NW_015090842.1:7536720",5,11,6
"KLHL36","s1647_F_GON_01_ASEReadCounter.table","NW_015090842.1:7536791",3,7,4
"KLHL36","s1647_F_GON_01_ASEReadCounter.table","NW_015090842.1:7536849",6,8,2
"KLHL36","s1647_F_GON_01_ASEReadCounter.table","NW_015090842.1:7536872",7,11,4
"KLHL36","s1647_F_GON_01_ASEReadCounter.table","NW_015090842.1:7536878",5,9,4
"KLHL36","s1647_F_GON_01_ASEReadCounter.table","NW_015090842.1:7536916",5,10,5
"KLHL36","s1647_F_GON_01_ASEReadCounter.table","NW_015090842.1:7536927",4,12,8
"KLHL36","s1647_F_GON_01_ASEReadCounter.table","NW_015090842.1:7537315",3,7,4
"KLHL36","s1647_F_GON_01_ASEReadCounter.table","NW_015090842.1:7537352",3,8,5
"KLHL36","s1647_F_GON_01_ASEReadCounter.table","NW_015090842.1:7537631",11,18,7
"KLHL36","s1647_F_GON_01_ASEReadCounter.table","NW_015090842.1:7537830",11,19,8
"KLHL36","s1647_F_GON_01_ASEReadCounter.table","NW_015090842.1:7537838",12,20,8
"KLHL36","s1647_F_GON_01_ASEReadCounter.table","NW_015090842.1:7538153",3,11,8
"KLHL36","s1647_F_GON_01_ASEReadCounter.table","NW_015090842.1:7538256",6,10,4
"KLHL36","s1647_F_GON_01_ASEReadCounter.table","NW_015090842.1:7538265",6,10,4
"KLHL36","s1647_F_GON_01_ASEReadCounter.table","NW_015090842.1:7538300",8,14,6
"USP10","s1647_F_GON_01_ASEReadCounter.table","NW_015090842.1:7563972",11,21,10
"USP10","s1647_F_GON_01_ASEReadCounter.table","NW_015090842.1:7571816",11,33,22
"USP10","s1647_F_GON_01_ASEReadCounter.table","NW_015090842.1:7571993",14,28,14
"USP10","s1647_F_GON_01_ASEReadCounter.table","NW_015090842.1:7572580",18,33,15
"USP10","s1647_F_GON_01_ASEReadCounter.table","NW_015090842.1:7587372",30,61,31
"CRISPLD2","s1647_F_GON_01_ASEReadCounter.table","NW_015090842.1:7604605",4,4,0
"CRISPLD2","s1647_F_GON_01_ASEReadCounter.table","NW_015090842.1:7609844",6,6,0
"CRISPLD2","s1647_F_GON_01_ASEReadCounter.table","NW_015090842.1:7609845",6,6,0
"CRISPLD2","s1647_F_GON_01_ASEReadCounter.table","NW_015090842.1:7609883",8,8,0
"CRISPLD2","s1647_F_GON_01_ASEReadCounter.table","NW_015090842.1:7610084",4,7,3
"CRISPLD2","s1647_F_GON_01_ASEReadCounter.table","NW_015090842.1:7617757",3,3,0
"CRISPLD2","s1647_F_GON_01_ASEReadCounter.table","NW_015090842.1:7617781",4,4,0
"CRISPLD2","s1647_F_GON_01_ASEReadCounter.table","NW_015090842.1:7617790",4,4,0
"CRISPLD2","s1647_F_GON_01_ASEReadCounter.table","NW_015090842.1:7621452",4,4,0
"CRISPLD2","s1647_F_GON_01_ASEReadCounter.table","NW_015090842.1:7625451",11,11,0
"CRISPLD2","s1647_F_GON_01_ASEReadCounter.table","NW_015090842.1:7626214",6,6,0
"CRISPLD2","s1647_F_GON_01_ASEReadCounter.table","NW_015090842.1:7630784",8,8,0
"CRISPLD2","s1647_F_GON_01_ASEReadCounter.table","NW_015090842.1:7630823",8,8,0
"CRISPLD2","s1647_F_GON_01_ASEReadCounter.table","NW_015090842.1:7633172",6,6,0
"CRISPLD2","s1647_F_GON_01_ASEReadCounter.table","NW_015090842.1:7633326",7,7,0
"CRISPLD2","s1647_F_GON_01_ASEReadCounter.table","NW_015090842.1:7633336",7,7,0
"CRISPLD2","s1647_F_GON_01_ASEReadCounter.table","NW_015090842.1:7633381",7,7,0
"CRISPLD2","s1647_F_GON_01_ASEReadCounter.table","NW_015090842.1:7633388",9,9,0
"CRISPLD2","s1647_F_GON_01_ASEReadCounter.table","NW_015090842.1:7633400",7,7,0
"CRISPLD2","s1647_F_GON_01_ASEReadCounter.table","NW_015090842.1:7633486",6,6,0
"CRISPLD2","s1647_F_GON_01_ASEReadCounter.table","NW_015090842.1:7633503",8,8,0
"CRISPLD2","s1647_F_GON_01_ASEReadCounter.table","NW_015090842.1:7633504",6,6,0
"CRISPLD2","s1647_F_GON_01_ASEReadCounter.table","NW_015090842.1:7633557",13,13,0
"CRISPLD2","s1647_F_GON_01_ASEReadCounter.table","NW_015090842.1:7633571",14,14,0
"CRISPLD2","s1647_F_GON_01_ASEReadCounter.table","NW_015090842.1:7633588",14,14,0
"CRISPLD2","s1647_F_GON_01_ASEReadCounter.table","NW_015090842.1:7633617",13,13,0
"CRISPLD2","s1647_F_GON_01_ASEReadCounter.table","NW_015090842.1:7633695",11,11,0
"CRISPLD2","s1647_F_GON_01_ASEReadCounter.table","NW_015090842.1:7633721",12,12,0
"CRISPLD2","s1647_F_GON_01_ASEReadCounter.table","NW_015090842.1:7633888",5,5,0
"CRISPLD2","s1647_F_GON_01_ASEReadCounter.table","NW_015090842.1:7633910",7,7,0
"CRISPLD2","s1647_F_GON_01_ASEReadCounter.table","NW_015090842.1:7634142",5,5,0
"CRISPLD2","s1647_F_GON_01_ASEReadCounter.table","NW_015090842.1:7634417",6,8,2
"CRISPLD2","s1647_F_GON_01_ASEReadCounter.table","NW_015090842.1:7634825",8,8,0
"CRISPLD2","s1647_F_GON_01_ASEReadCounter.table","NW_015090842.1:7634852",9,9,0
"CRISPLD2","s1647_F_GON_01_ASEReadCounter.table","NW_015090842.1:7635009",10,10,0
"CRISPLD2","s1647_F_GON_01_ASEReadCounter.table","NW_015090842.1:7635208",8,8,0
"CRISPLD2","s1647_F_GON_01_ASEReadCounter.table","NW_015090842.1:7635373",17,17,0
"CRISPLD2","s1647_F_GON_01_ASEReadCounter.table","NW_015090842.1:7635525",7,9,2
"CRISPLD2","s1647_F_GON_01_ASEReadCounter.table","NW_015090842.1:7635583",7,9,2
"CRISPLD2","s1647_F_GON_01_ASEReadCounter.table","NW_015090842.1:7635924",12,13,1
"LOC106888312","s1647_F_GON_01_ASEReadCounter.table","NW_015090842.1:7713031",0,2,2
"LOC106888312","s1647_F_GON_01_ASEReadCounter.table","NW_015090842.1:7727001",1,6,5
"LOC106888312","s1647_F_GON_01_ASEReadCounter.table","NW_015090842.1:7727036",1,5,4
"LOC106888312","s1647_F_GON_01_ASEReadCounter.table","NW_015090842.1:7727072",1,5,4
"LOC106888312","s1647_F_GON_01_ASEReadCounter.table","NW_015090842.1:7727961",1,3,2
"LOC106888312","s1647_F_GON_01_ASEReadCounter.table","NW_015090842.1:7731961",4,7,3
"LOC106888312","s1647_F_GON_01_ASEReadCounter.table","NW_015090842.1:7732244",4,10,6
"LOC106888312","s1647_F_GON_01_ASEReadCounter.table","NW_015090842.1:7732443",0,4,4
"LOC106888312","s1647_F_GON_01_ASEReadCounter.table","NW_015090842.1:7732444",0,4,4
"LOC106888312","s1647_F_GON_01_ASEReadCounter.table","NW_015090842.1:7732538",0,1,1
"LOC106888312","s1647_F_GON_01_ASEReadCounter.table","NW_015090842.1:7732548",0,1,1
"LOC106888312","s1647_F_GON_01_ASEReadCounter.table","NW_015090842.1:7732576",0,2,2
"LOC106888312","s1647_F_GON_01_ASEReadCounter.table","NW_015090842.1:7732580",0,2,2
"LOC106888312","s1647_F_GON_01_ASEReadCounter.table","NW_015090842.1:7732629",0,2,2
"LOC106888312","s1647_F_GON_01_ASEReadCounter.table","NW_015090842.1:7732630",0,2,2
"LOC106888312","s1647_F_GON_01_ASEReadCounter.table","NW_015090842.1:7732637",0,2,2
"LOC106888312","s1647_F_GON_01_ASEReadCounter.table","NW_015090842.1:7732682",0,2,2
"LOC106888312","s1647_F_GON_01_ASEReadCounter.table","NW_015090842.1:7732696",0,2,2
"LOC106888312","s1647_F_GON_01_ASEReadCounter.table","NW_015090842.1:7732709",0,1,1
"LOC106888312","s1647_F_GON_01_ASEReadCounter.table","NW_015090842.1:7732718",0,1,1
"LOC106888312","s1647_F_GON_01_ASEReadCounter.table","NW_015090842.1:7732739",0,2,2
"LOC106888312","s1647_F_GON_01_ASEReadCounter.table","NW_015090842.1:7732743",0,2,2
"LOC106888312","s1647_F_GON_01_ASEReadCounter.table","NW_015090842.1:7732744",0,2,2
"LOC106888312","s1647_F_GON_01_ASEReadCounter.table","NW_015090842.1:7732756",0,3,3
"LOC106888312","s1647_F_GON_01_ASEReadCounter.table","NW_015090842.1:7732757",0,3,3
"LOC106888312","s1647_F_GON_01_ASEReadCounter.table","NW_015090842.1:7732782",0,2,2
"LOC106888312","s1647_F_GON_01_ASEReadCounter.table","NW_015090842.1:7732796",0,2,2
"LOC106888312","s1647_F_GON_01_ASEReadCounter.table","NW_015090842.1:7732860",0,1,1
"LOC106888312","s1647_F_GON_01_ASEReadCounter.table","NW_015090842.1:7732861",0,1,1
"LOC106888312","s1647_F_GON_01_ASEReadCounter.table","NW_015090842.1:7733046",0,1,1
"LOC106888312","s1647_F_GON_01_ASEReadCounter.table","NW_015090842.1:7733068",0,1,1
"LOC106888312","s1647_F_GON_01_ASEReadCounter.table","NW_015090842.1:7733077",1,2,1
"LOC106888312","s1647_F_GON_01_ASEReadCounter.table","NW_015090842.1:7733096",3,4,1
"LOC106888312","s1647_F_GON_01_ASEReadCounter.table","NW_015090842.1:7733142",3,6,3
"LOC106888312","s1647_F_GON_01_ASEReadCounter.table","NW_015090842.1:7733196",2,5,3
"LOC106888312","s1647_F_GON_01_ASEReadCounter.table","NW_015090842.1:7733299",3,6,3
"LOC106888312","s1647_F_GON_01_ASEReadCounter.table","NW_015090842.1:7733470",0,1,1
"LOC106888312","s1647_F_GON_01_ASEReadCounter.table","NW_015090842.1:7733471",0,1,1
"LOC106888312","s1647_F_GON_01_ASEReadCounter.table","NW_015090842.1:7733472",0,1,1
"LOC106888312","s1647_F_GON_01_ASEReadCounter.table","NW_015090842.1:7733507",0,2,2
"LOC106888312","s1647_F_GON_01_ASEReadCounter.table","NW_015090842.1:7733508",0,2,2
"LOC106888312","s1647_F_GON_01_ASEReadCounter.table","NW_015090842.1:7733518",0,2,2
"ZDHHC7","s1647_F_GON_01_ASEReadCounter.table","NW_015090842.1:7737199",12,26,14
"ZDHHC7","s1647_F_GON_01_ASEReadCounter.table","NW_015090842.1:7737332",8,20,12
"ZDHHC7","s1647_F_GON_01_ASEReadCounter.table","NW_015090842.1:7737553",15,26,11
"ZDHHC7","s1647_F_GON_01_ASEReadCounter.table","NW_015090842.1:7737920",17,30,13
"ZDHHC7","s1647_F_GON_01_ASEReadCounter.table","NW_015090842.1:7737953",16,27,11
"ZDHHC7","s1647_F_GON_01_ASEReadCounter.table","NW_015090842.1:7737987",13,23,10
"ZDHHC7","s1647_F_GON_01_ASEReadCounter.table","NW_015090842.1:7738068",14,21,7
"ZDHHC7","s1647_F_GON_01_ASEReadCounter.table","NW_015090842.1:7738204",19,31,12
"LOC106888097","s1647_F_GON_01_ASEReadCounter.table","NW_015090842.1:7767178",6,11,5
"LOC106888097","s1647_F_GON_01_ASEReadCounter.table","NW_015090842.1:7767187",5,10,5
"LOC106888097","s1647_F_GON_01_ASEReadCounter.table","NW_015090842.1:7768144",6,14,8
"LOC106888097","s1647_F_GON_01_ASEReadCounter.table","NW_015090842.1:7768196",5,14,9
"LOC106888097","s1647_F_GON_01_ASEReadCounter.table","NW_015090842.1:7769884",4,16,12
"LOC106888097","s1647_F_GON_01_ASEReadCounter.table","NW_015090842.1:7769893",4,12,8
"LOC106888097","s1647_F_GON_01_ASEReadCounter.table","NW_015090842.1:7770245",13,26,13
"LOC106888097","s1647_F_GON_01_ASEReadCounter.table","NW_015090842.1:7772402",12,30,18
"LOC106888097","s1647_F_GON_01_ASEReadCounter.table","NW_015090842.1:7772483",13,27,14
"LOC106888097","s1647_F_GON_01_ASEReadCounter.table","NW_015090842.1:7772490",15,27,12
"LOC106888097","s1647_F_GON_01_ASEReadCounter.table","NW_015090842.1:7774281",11,23,12
"LOC106888097","s1647_F_GON_01_ASEReadCounter.table","NW_015090842.1:7774552",10,38,28
"LOC106888097","s1647_F_GON_01_ASEReadCounter.table","NW_015090842.1:7774564",11,39,28
"LOC106888097","s1647_F_GON_01_ASEReadCounter.table","NW_015090842.1:7774611",9,33,24
"LOC106888097","s1647_F_GON_01_ASEReadCounter.table","NW_015090842.1:7774681",11,34,23
"LOC106888097","s1647_F_GON_01_ASEReadCounter.table","NW_015090842.1:7774698",8,27,19
"LOC106888097","s1647_F_GON_01_ASEReadCounter.table","NW_015090842.1:7774730",4,16,12
"LOC106888097","s1647_F_GON_01_ASEReadCounter.table","NW_015090842.1:7774778",1,1,0
"LOC106888097","s1647_F_GON_01_ASEReadCounter.table","NW_015090842.1:7774793",1,1,0
"FOXC2","s1647_F_GON_01_ASEReadCounter.table","NW_015090842.1:8129599",0,1,1
"FOXC2","s1647_F_GON_01_ASEReadCounter.table","NW_015090842.1:8129616",0,2,2
"FOXC2","s1647_F_GON_01_ASEReadCounter.table","NW_015090842.1:8129715",0,2,2
"FOXC2","s1647_F_GON_01_ASEReadCounter.table","NW_015090842.1:8129719",0,2,2
"FOXC2","s1647_F_GON_01_ASEReadCounter.table","NW_015090842.1:8130244",0,1,1
"FOXC2","s1647_F_GON_01_ASEReadCounter.table","NW_015090842.1:8130547",1,1,0
"FOXC2","s1647_F_GON_01_ASEReadCounter.table","NW_015090842.1:8130550",1,1,0
"FOXC2","s1647_F_GON_01_ASEReadCounter.table","NW_015090842.1:8130573",1,1,0
"FOXC2","s1647_F_GON_01_ASEReadCounter.table","NW_015090842.1:8130575",1,1,0
"MTHFSD","s1647_F_GON_01_ASEReadCounter.table","NW_015090842.1:8140051",57,121,64
"MTHFSD","s1647_F_GON_01_ASEReadCounter.table","NW_015090842.1:8142923",101,215,114
"MTHFSD","s1647_F_GON_01_ASEReadCounter.table","NW_015090842.1:8143029",108,209,101
"MTHFSD","s1647_F_GON_01_ASEReadCounter.table","NW_015090842.1:8152035",54,131,77
"MTHFSD","s1647_F_GON_01_ASEReadCounter.table","NW_015090842.1:8152315",43,94,51
"MTHFSD","s1647_F_GON_01_ASEReadCounter.table","NW_015090842.1:8152511",43,96,53
"MTHFSD","s1647_F_GON_01_ASEReadCounter.table","NW_015090842.1:8152518",42,94,52
"MTHFSD","s1647_F_GON_01_ASEReadCounter.table","NW_015090842.1:8152553",37,81,44
"MTHFSD","s1647_F_GON_01_ASEReadCounter.table","NW_015090842.1:8152773",58,117,59
"MTHFSD","s1647_F_GON_01_ASEReadCounter.table","NW_015090842.1:8152805",48,110,62
"IRF8","s1647_F_GON_01_ASEReadCounter.table","NW_015090842.1:8406652",1,2,1
"IRF8","s1647_F_GON_01_ASEReadCounter.table","NW_015090842.1:8406703",2,3,1
"IRF8","s1647_F_GON_01_ASEReadCounter.table","NW_015090842.1:8406704",2,3,1
"IRF8","s1647_F_GON_01_ASEReadCounter.table","NW_015090842.1:8406757",1,2,1
"IRF8","s1647_F_GON_01_ASEReadCounter.table","NW_015090842.1:8406778",3,5,2
"IRF8","s1647_F_GON_01_ASEReadCounter.table","NW_015090842.1:8406819",4,8,4
"IRF8","s1647_F_GON_01_ASEReadCounter.table","NW_015090842.1:8406941",1,6,5
"IRF8","s1647_F_GON_01_ASEReadCounter.table","NW_015090842.1:8407008",0,5,5
"IRF8","s1647_F_GON_01_ASEReadCounter.table","NW_015090842.1:8407057",1,4,3
"IRF8","s1647_F_GON_01_ASEReadCounter.table","NW_015090842.1:8407064",1,5,4
"IRF8","s1647_F_GON_01_ASEReadCounter.table","NW_015090842.1:8407069",2,7,5
"IRF8","s1647_F_GON_01_ASEReadCounter.table","NW_015090842.1:8407120",2,6,4
"IRF8","s1647_F_GON_01_ASEReadCounter.table","NW_015090842.1:8407157",1,5,4
"IRF8","s1647_F_GON_01_ASEReadCounter.table","NW_015090842.1:8407203",2,6,4
"IRF8","s1647_F_GON_01_ASEReadCounter.table","NW_015090842.1:8407272",3,8,5
"IRF8","s1647_F_GON_01_ASEReadCounter.table","NW_015090842.1:8407276",1,5,4
"IRF8","s1647_F_GON_01_ASEReadCounter.table","NW_015090842.1:8407303",1,6,5
"IRF8","s1647_F_GON_01_ASEReadCounter.table","NW_015090842.1:8407451",4,7,3
"IRF8","s1647_F_GON_01_ASEReadCounter.table","NW_015090842.1:8407456",5,8,3
"IRF8","s1647_F_GON_01_ASEReadCounter.table","NW_015090842.1:8408564",4,8,4
"IRF8","s1647_F_GON_01_ASEReadCounter.table","NW_015090842.1:8408585",6,6,0
"IRF8","s1647_F_GON_01_ASEReadCounter.table","NW_015090842.1:8408973",1,2,1
"IRF8","s1647_F_GON_01_ASEReadCounter.table","NW_015090842.1:8409060",1,4,3
"IRF8","s1647_F_GON_01_ASEReadCounter.table","NW_015090842.1:8409065",1,4,3
"IRF8","s1647_F_GON_01_ASEReadCounter.table","NW_015090842.1:8409254",1,5,4
"IRF8","s1647_F_GON_01_ASEReadCounter.table","NW_015090842.1:8409255",1,5,4
"IRF8","s1647_F_GON_01_ASEReadCounter.table","NW_015090842.1:8409258",1,5,4
"IRF8","s1647_F_GON_01_ASEReadCounter.table","NW_015090842.1:8409312",1,2,1
"IRF8","s1647_F_GON_01_ASEReadCounter.table","NW_015090842.1:8410216",2,3,1
"IRF8","s1647_F_GON_01_ASEReadCounter.table","NW_015090842.1:8410237",3,6,3
"IRF8","s1647_F_GON_01_ASEReadCounter.table","NW_015090842.1:8410276",6,6,0
"IRF8","s1647_F_GON_01_ASEReadCounter.table","NW_015090842.1:8410813",1,3,2
"IRF8","s1647_F_GON_01_ASEReadCounter.table","NW_015090842.1:8410861",0,2,2
"IRF8","s1647_F_GON_01_ASEReadCounter.table","NW_015090842.1:8411940",1,2,1
"IRF8","s1647_F_GON_01_ASEReadCounter.table","NW_015090842.1:8412006",2,5,3
"IRF8","s1647_F_GON_01_ASEReadCounter.table","NW_015090842.1:8412042",2,3,1
"COX4I1","s1647_F_GON_01_ASEReadCounter.table","NW_015090842.1:8442258",1331,2564,1233
"COX4I1","s1647_F_GON_01_ASEReadCounter.table","NW_015090842.1:8442333",1154,2215,1061
"EMC8","s1647_F_GON_01_ASEReadCounter.table","NW_015090842.1:8444046",211,391,180
"EMC8","s1647_F_GON_01_ASEReadCounter.table","NW_015090842.1:8444064",178,332,154
"EMC8","s1647_F_GON_01_ASEReadCounter.table","NW_015090842.1:8452029",23,72,49
"EMC8","s1647_F_GON_01_ASEReadCounter.table","NW_015090842.1:8452116",31,72,41
"EMC8","s1647_F_GON_01_ASEReadCounter.table","NW_015090842.1:8452121",33,74,41
"EMC8","s1647_F_GON_01_ASEReadCounter.table","NW_015090842.1:8452222",39,81,42
"EMC8","s1647_F_GON_01_ASEReadCounter.table","NW_015090842.1:8452244",48,108,60
"EMC8","s1647_F_GON_01_ASEReadCounter.table","NW_015090842.1:8452477",19,29,10
"EMC8","s1647_F_GON_01_ASEReadCounter.table","NW_015090842.1:8452498",13,25,12
"EMC8","s1647_F_GON_01_ASEReadCounter.table","NW_015090842.1:8452535",8,15,7
"EMC8","s1647_F_GON_01_ASEReadCounter.table","NW_015090842.1:8452575",6,11,5
"EMC8","s1647_F_GON_01_ASEReadCounter.table","NW_015090842.1:8452600",9,16,7
"EMC8","s1647_F_GON_01_ASEReadCounter.table","NW_015090842.1:8452616",8,14,6
"EMC8","s1647_F_GON_01_ASEReadCounter.table","NW_015090842.1:8452630",8,13,5
"EMC8","s1647_F_GON_01_ASEReadCounter.table","NW_015090842.1:8452650",9,14,5
"EMC8","s1647_F_GON_01_ASEReadCounter.table","NW_015090842.1:8452678",11,17,6
"EMC8","s1647_F_GON_01_ASEReadCounter.table","NW_015090842.1:8452724",7,14,7
"EMC8","s1647_F_GON_01_ASEReadCounter.table","NW_015090842.1:8452731",7,15,8
"EMC8","s1647_F_GON_01_ASEReadCounter.table","NW_015090842.1:8452743",6,16,10
"EMC8","s1647_F_GON_01_ASEReadCounter.table","NW_015090842.1:8452750",6,16,10
"EMC8","s1647_F_GON_01_ASEReadCounter.table","NW_015090842.1:8452778",9,20,11
"EMC8","s1647_F_GON_01_ASEReadCounter.table","NW_015090842.1:8452783",11,23,12
"EMC8","s1647_F_GON_01_ASEReadCounter.table","NW_015090842.1:8452800",15,29,14
"EMC8","s1647_F_GON_01_ASEReadCounter.table","NW_015090842.1:8452804",15,28,13
"EMC8","s1647_F_GON_01_ASEReadCounter.table","NW_015090842.1:8452812",13,27,14
"EMC8","s1647_F_GON_01_ASEReadCounter.table","NW_015090842.1:8452858",17,36,19
"EMC8","s1647_F_GON_01_ASEReadCounter.table","NW_015090842.1:8452906",23,41,18
"EMC8","s1647_F_GON_01_ASEReadCounter.table","NW_015090842.1:8452913",18,36,18
"EMC8","s1647_F_GON_01_ASEReadCounter.table","NW_015090842.1:8453000",22,49,27
"EMC8","s1647_F_GON_01_ASEReadCounter.table","NW_015090842.1:8453007",22,50,28
"EMC8","s1647_F_GON_01_ASEReadCounter.table","NW_015090842.1:8453058",23,49,26
"EMC8","s1647_F_GON_01_ASEReadCounter.table","NW_015090842.1:8453106",19,39,20
"GINS2","s1647_F_GON_01_ASEReadCounter.table","NW_015090842.1:8466420",88,115,27
"GINS2","s1647_F_GON_01_ASEReadCounter.table","NW_015090842.1:8466424",92,119,27
"GINS2","s1647_F_GON_01_ASEReadCounter.table","NW_015090842.1:8466518",99,128,29
"GINS2","s1647_F_GON_01_ASEReadCounter.table","NW_015090842.1:8468482",234,326,92
"GINS2","s1647_F_GON_01_ASEReadCounter.table","NW_015090842.1:8470290",195,297,102
"GINS2","s1647_F_GON_01_ASEReadCounter.table","NW_015090842.1:8470305",170,255,85
"GINS2","s1647_F_GON_01_ASEReadCounter.table","NW_015090842.1:8470381",192,266,74
"GINS2","s1647_F_GON_01_ASEReadCounter.table","NW_015090842.1:8470418",177,251,74
"GINS2","s1647_F_GON_01_ASEReadCounter.table","NW_015090842.1:8470421",164,236,72
"GINS2","s1647_F_GON_01_ASEReadCounter.table","NW_015090842.1:8470430",146,219,73
"GINS2","s1647_F_GON_01_ASEReadCounter.table","NW_015090842.1:8470433",137,209,72
"GINS2","s1647_F_GON_01_ASEReadCounter.table","NW_015090842.1:8470457",77,132,55
"GINS2","s1647_F_GON_01_ASEReadCounter.table","NW_015090842.1:8470491",93,151,58
"GINS2","s1647_F_GON_01_ASEReadCounter.table","NW_015090842.1:8470548",113,179,66
"GINS2","s1647_F_GON_01_ASEReadCounter.table","NW_015090842.1:8470649",94,138,44
"GSE1","s1647_F_GON_01_ASEReadCounter.table","NW_015090842.1:8475362",2,3,1
"GSE1","s1647_F_GON_01_ASEReadCounter.table","NW_015090842.1:8475961",1,1,0
"GSE1","s1647_F_GON_01_ASEReadCounter.table","NW_015090842.1:8476027",2,2,0
"GSE1","s1647_F_GON_01_ASEReadCounter.table","NW_015090842.1:8477442",0,1,1
"GSE1","s1647_F_GON_01_ASEReadCounter.table","NW_015090842.1:8477448",0,1,1
"GSE1","s1647_F_GON_01_ASEReadCounter.table","NW_015090842.1:8477662",0,1,1
"GSE1","s1647_F_GON_01_ASEReadCounter.table","NW_015090842.1:8477945",1,1,0
"GSE1","s1647_F_GON_01_ASEReadCounter.table","NW_015090842.1:8483272",0,1,1
"GSE1","s1647_F_GON_01_ASEReadCounter.table","NW_015090842.1:8483367",0,1,1
"GSE1","s1647_F_GON_01_ASEReadCounter.table","NW_015090842.1:8483411",1,1,0
"GSE1","s1647_F_GON_01_ASEReadCounter.table","NW_015090842.1:8483756",0,2,2
"GSE1","s1647_F_GON_01_ASEReadCounter.table","NW_015090842.1:8486867",2,2,0
"GSE1","s1647_F_GON_01_ASEReadCounter.table","NW_015090842.1:8486939",1,1,0
"GSE1","s1647_F_GON_01_ASEReadCounter.table","NW_015090842.1:8486945",1,1,0
"GSE1","s1647_F_GON_01_ASEReadCounter.table","NW_015090842.1:8487062",1,1,0
"GSE1","s1647_F_GON_01_ASEReadCounter.table","NW_015090842.1:8488065",1,1,0
"GSE1","s1647_F_GON_01_ASEReadCounter.table","NW_015090842.1:8490180",0,1,1
"KIAA0513","s1647_F_GON_01_ASEReadCounter.table","NW_015090842.1:8668363",13,25,12
"KIAA0513","s1647_F_GON_01_ASEReadCounter.table","NW_015090842.1:8668387",14,24,10
"KIAA0513","s1647_F_GON_01_ASEReadCounter.table","NW_015090842.1:8668390",14,24,10
"KIAA0513","s1647_F_GON_01_ASEReadCounter.table","NW_015090842.1:8673107",21,47,26
"KIAA0513","s1647_F_GON_01_ASEReadCounter.table","NW_015090842.1:8673147",18,46,28
"KIAA0513","s1647_F_GON_01_ASEReadCounter.table","NW_015090842.1:8674661",10,20,10
"KIAA0513","s1647_F_GON_01_ASEReadCounter.table","NW_015090842.1:8674685",11,26,15
"KIAA0513","s1647_F_GON_01_ASEReadCounter.table","NW_015090842.1:8674730",5,16,11
"KIAA0513","s1647_F_GON_01_ASEReadCounter.table","NW_015090842.1:8675525",5,26,21
"KIAA0513","s1647_F_GON_01_ASEReadCounter.table","NW_015090842.1:8675561",8,19,11
"KIAA0513","s1647_F_GON_01_ASEReadCounter.table","NW_015090842.1:8678608",0,5,5
"KIAA0513","s1647_F_GON_01_ASEReadCounter.table","NW_015090842.1:8686455",0,1,1
"KIAA0513","s1647_F_GON_01_ASEReadCounter.table","NW_015090842.1:8686508",0,1,1
"KIAA0513","s1647_F_GON_01_ASEReadCounter.table","NW_015090842.1:8686521",0,1,1
"KIAA0513","s1647_F_GON_01_ASEReadCounter.table","NW_015090842.1:8693642",2,6,4
"KIAA0513","s1647_F_GON_01_ASEReadCounter.table","NW_015090842.1:8693712",7,11,4
"KIAA0513","s1647_F_GON_01_ASEReadCounter.table","NW_015090842.1:8695794",1,1,0
"FBXO31","s1647_F_GON_01_ASEReadCounter.table","NW_015090842.1:8710240",199,473,274
"FBXO31","s1647_F_GON_01_ASEReadCounter.table","NW_015090842.1:8710372",173,409,236
"FBXO31","s1647_F_GON_01_ASEReadCounter.table","NW_015090842.1:8711239",203,455,252
"FBXO31","s1647_F_GON_01_ASEReadCounter.table","NW_015090842.1:8714565",220,524,304
"FBXO31","s1647_F_GON_01_ASEReadCounter.table","NW_015090842.1:8716001",160,377,217
"FBXO31","s1647_F_GON_01_ASEReadCounter.table","NW_015090842.1:8725050",5,7,2
"FBXO31","s1647_F_GON_01_ASEReadCounter.table","NW_015090842.1:8725057",6,8,2
"FBXO31","s1647_F_GON_01_ASEReadCounter.table","NW_015090842.1:8725162",1,4,3
"FBXO31","s1647_F_GON_01_ASEReadCounter.table","NW_015090842.1:8725163",2,5,3
"FBXO31","s1647_F_GON_01_ASEReadCounter.table","NW_015090842.1:8725170",3,6,3
"FBXO31","s1647_F_GON_01_ASEReadCounter.table","NW_015090842.1:8725187",3,6,3
"FBXO31","s1647_F_GON_01_ASEReadCounter.table","NW_015090842.1:8725188",4,7,3
"FBXO31","s1647_F_GON_01_ASEReadCounter.table","NW_015090842.1:8725190",4,7,3
"FBXO31","s1647_F_GON_01_ASEReadCounter.table","NW_015090842.1:8725370",1,5,4
"ZCCHC14","s1647_F_GON_01_ASEReadCounter.table","NW_015090842.1:8750174",10,22,12
"ZCCHC14","s1647_F_GON_01_ASEReadCounter.table","NW_015090842.1:8750189",9,23,14
"ZCCHC14","s1647_F_GON_01_ASEReadCounter.table","NW_015090842.1:8750365",22,35,13
"ZCCHC14","s1647_F_GON_01_ASEReadCounter.table","NW_015090842.1:8750433",14,28,14
"ZCCHC14","s1647_F_GON_01_ASEReadCounter.table","NW_015090842.1:8750449",11,26,15
"ZCCHC14","s1647_F_GON_01_ASEReadCounter.table","NW_015090842.1:8750456",9,26,17
"ZCCHC14","s1647_F_GON_01_ASEReadCounter.table","NW_015090842.1:8750497",16,33,17
"ZCCHC14","s1647_F_GON_01_ASEReadCounter.table","NW_015090842.1:8750547",23,38,15
"ZCCHC14","s1647_F_GON_01_ASEReadCounter.table","NW_015090842.1:8751100",3,5,2
"ZCCHC14","s1647_F_GON_01_ASEReadCounter.table","NW_015090842.1:8751374",5,12,7
"ZCCHC14","s1647_F_GON_01_ASEReadCounter.table","NW_015090842.1:8751403",5,14,9
"ZCCHC14","s1647_F_GON_01_ASEReadCounter.table","NW_015090842.1:8751517",7,20,13
"ZCCHC14","s1647_F_GON_01_ASEReadCounter.table","NW_015090842.1:8752060",8,15,7
"ZCCHC14","s1647_F_GON_01_ASEReadCounter.table","NW_015090842.1:8752172",14,22,8
"ZCCHC14","s1647_F_GON_01_ASEReadCounter.table","NW_015090842.1:8752183",14,23,9
"ZCCHC14","s1647_F_GON_01_ASEReadCounter.table","NW_015090842.1:8752198",15,27,12
"ZCCHC14","s1647_F_GON_01_ASEReadCounter.table","NW_015090842.1:8752248",15,30,15
"ZCCHC14","s1647_F_GON_01_ASEReadCounter.table","NW_015090842.1:8752326",17,26,9
"ZCCHC14","s1647_F_GON_01_ASEReadCounter.table","NW_015090842.1:8752393",10,18,8
"ZCCHC14","s1647_F_GON_01_ASEReadCounter.table","NW_015090842.1:8752914",8,13,5
"ZCCHC14","s1647_F_GON_01_ASEReadCounter.table","NW_015090842.1:8753528",10,19,9
"ZCCHC14","s1647_F_GON_01_ASEReadCounter.table","NW_015090842.1:8753892",6,12,6
"ZCCHC14","s1647_F_GON_01_ASEReadCounter.table","NW_015090842.1:8753910",4,12,8
"ZCCHC14","s1647_F_GON_01_ASEReadCounter.table","NW_015090842.1:8755096",6,12,6
"ZCCHC14","s1647_F_GON_01_ASEReadCounter.table","NW_015090842.1:8755327",5,10,5
"ZCCHC14","s1647_F_GON_01_ASEReadCounter.table","NW_015090842.1:8755723",6,8,2
"ZCCHC14","s1647_F_GON_01_ASEReadCounter.table","NW_015090842.1:8755739",2,4,2
"ZCCHC14","s1647_F_GON_01_ASEReadCounter.table","NW_015090842.1:8756149",4,4,0
"ZCCHC14","s1647_F_GON_01_ASEReadCounter.table","NW_015090842.1:8756347",3,4,1
"ZCCHC14","s1647_F_GON_01_ASEReadCounter.table","NW_015090842.1:8756361",4,5,1
"ZCCHC14","s1647_F_GON_01_ASEReadCounter.table","NW_015090842.1:8756388",4,5,1
"ZCCHC14","s1647_F_GON_01_ASEReadCounter.table","NW_015090842.1:8756389",4,5,1
"ZCCHC14","s1647_F_GON_01_ASEReadCounter.table","NW_015090842.1:8757160",4,8,4
"ZCCHC14","s1647_F_GON_01_ASEReadCounter.table","NW_015090842.1:8804511",7,13,6
"ZCCHC14","s1647_F_GON_01_ASEReadCounter.table","NW_015090842.1:8804979",1,2,1
"JPH3","s1647_F_GON_01_ASEReadCounter.table","NW_015090842.1:8845375",0,1,1
"JPH3","s1647_F_GON_01_ASEReadCounter.table","NW_015090842.1:8845654",0,1,1
"JPH3","s1647_F_GON_01_ASEReadCounter.table","NW_015090842.1:8885438",1,1,0
"JPH3","s1647_F_GON_01_ASEReadCounter.table","NW_015090842.1:8885525",1,1,0
"KLHDC4","s1647_F_GON_01_ASEReadCounter.table","NW_015090842.1:8890729",89,118,29
"KLHDC4","s1647_F_GON_01_ASEReadCounter.table","NW_015090842.1:8890749",91,122,31
"KLHDC4","s1647_F_GON_01_ASEReadCounter.table","NW_015090842.1:8890761",91,125,34
"KLHDC4","s1647_F_GON_01_ASEReadCounter.table","NW_015090842.1:8891123",121,183,62
"KLHDC4","s1647_F_GON_01_ASEReadCounter.table","NW_015090842.1:8893124",117,163,46
"KLHDC4","s1647_F_GON_01_ASEReadCounter.table","NW_015090842.1:8894542",98,134,36
"KLHDC4","s1647_F_GON_01_ASEReadCounter.table","NW_015090842.1:8896726",73,96,23
"KLHDC4","s1647_F_GON_01_ASEReadCounter.table","NW_015090842.1:8896767",69,102,33
"KLHDC4","s1647_F_GON_01_ASEReadCounter.table","NW_015090842.1:8904174",66,89,23
"KLHDC4","s1647_F_GON_01_ASEReadCounter.table","NW_015090842.1:8904231",65,92,27
"KLHDC4","s1647_F_GON_01_ASEReadCounter.table","NW_015090842.1:8905251",52,79,27
"KLHDC4","s1647_F_GON_01_ASEReadCounter.table","NW_015090842.1:8905263",57,89,32
"KLHDC4","s1647_F_GON_01_ASEReadCounter.table","NW_015090842.1:8919626",16,20,4
"SLC7A5","s1647_F_GON_01_ASEReadCounter.table","NW_015090842.1:8938782",41,75,34
"SLC7A5","s1647_F_GON_01_ASEReadCounter.table","NW_015090842.1:8938943",38,63,25
"SLC7A5","s1647_F_GON_01_ASEReadCounter.table","NW_015090842.1:8939611",21,29,8
"SLC7A5","s1647_F_GON_01_ASEReadCounter.table","NW_015090842.1:8939738",24,45,21
"SLC7A5","s1647_F_GON_01_ASEReadCounter.table","NW_015090842.1:8939739",24,44,20
"SLC7A5","s1647_F_GON_01_ASEReadCounter.table","NW_015090842.1:8939740",23,42,19
"SLC7A5","s1647_F_GON_01_ASEReadCounter.table","NW_015090842.1:8939795",31,48,17
"SLC7A5","s1647_F_GON_01_ASEReadCounter.table","NW_015090842.1:8939815",27,44,17
"SLC7A5","s1647_F_GON_01_ASEReadCounter.table","NW_015090842.1:8939816",27,45,18
"SLC7A5","s1647_F_GON_01_ASEReadCounter.table","NW_015090842.1:8939817",28,53,25
"SLC7A5","s1647_F_GON_01_ASEReadCounter.table","NW_015090842.1:8939845",21,46,25
"SLC7A5","s1647_F_GON_01_ASEReadCounter.table","NW_015090842.1:8939894",16,41,25
"SLC7A5","s1647_F_GON_01_ASEReadCounter.table","NW_015090842.1:8939895",16,39,23
"SLC7A5","s1647_F_GON_01_ASEReadCounter.table","NW_015090842.1:8939997",79,79,0
"SLC7A5","s1647_F_GON_01_ASEReadCounter.table","NW_015090842.1:8940172",24,50,26
"SLC7A5","s1647_F_GON_01_ASEReadCounter.table","NW_015090842.1:8940331",13,29,16
"SLC7A5","s1647_F_GON_01_ASEReadCounter.table","NW_015090842.1:8940696",13,23,10
"SLC7A5","s1647_F_GON_01_ASEReadCounter.table","NW_015090842.1:8940719",10,26,16
"SLC7A5","s1647_F_GON_01_ASEReadCounter.table","NW_015090842.1:8940737",13,24,11
"SLC7A5","s1647_F_GON_01_ASEReadCounter.table","NW_015090842.1:8940743",12,23,11
"SLC7A5","s1647_F_GON_01_ASEReadCounter.table","NW_015090842.1:8940766",16,27,11
"SLC7A5","s1647_F_GON_01_ASEReadCounter.table","NW_015090842.1:8940769",17,30,13
"SLC7A5","s1647_F_GON_01_ASEReadCounter.table","NW_015090842.1:8940861",19,32,13
"SLC7A5","s1647_F_GON_01_ASEReadCounter.table","NW_015090842.1:8941068",23,40,17
"SLC7A5","s1647_F_GON_01_ASEReadCounter.table","NW_015090842.1:8941467",13,31,18
"SLC7A5","s1647_F_GON_01_ASEReadCounter.table","NW_015090842.1:8941531",16,31,15
"SLC7A5","s1647_F_GON_01_ASEReadCounter.table","NW_015090842.1:8941588",27,50,23
"SLC7A5","s1647_F_GON_01_ASEReadCounter.table","NW_015090842.1:8941698",22,34,12
"SLC7A5","s1647_F_GON_01_ASEReadCounter.table","NW_015090842.1:8941717",22,36,14
"SLC7A5","s1647_F_GON_01_ASEReadCounter.table","NW_015090842.1:8941745",22,35,13
"SLC7A5","s1647_F_GON_01_ASEReadCounter.table","NW_015090842.1:8941781",19,35,16
"SLC7A5","s1647_F_GON_01_ASEReadCounter.table","NW_015090842.1:8941887",9,18,9
"SLC7A5","s1647_F_GON_01_ASEReadCounter.table","NW_015090842.1:8941968",3,10,7
"SLC7A5","s1647_F_GON_01_ASEReadCounter.table","NW_015090842.1:8942025",13,23,10
"SLC7A5","s1647_F_GON_01_ASEReadCounter.table","NW_015090842.1:8942069",17,28,11
"SLC7A5","s1647_F_GON_01_ASEReadCounter.table","NW_015090842.1:8942170",13,25,12
"SLC7A5","s1647_F_GON_01_ASEReadCounter.table","NW_015090842.1:8942241",11,28,17
"SLC7A5","s1647_F_GON_01_ASEReadCounter.table","NW_015090842.1:8942283",11,24,13
"SLC7A5","s1647_F_GON_01_ASEReadCounter.table","NW_015090842.1:8942717",22,43,21
"SLC7A5","s1647_F_GON_01_ASEReadCounter.table","NW_015090842.1:8942756",19,43,24
"SLC7A5","s1647_F_GON_01_ASEReadCounter.table","NW_015090842.1:8942766",21,44,23
"SLC7A5","s1647_F_GON_01_ASEReadCounter.table","NW_015090842.1:8943271",20,37,17
"SLC7A5","s1647_F_GON_01_ASEReadCounter.table","NW_015090842.1:8943524",18,32,14
"SLC7A5","s1647_F_GON_01_ASEReadCounter.table","NW_015090842.1:8943530",23,39,16
"SLC7A5","s1647_F_GON_01_ASEReadCounter.table","NW_015090842.1:8943602",30,45,15
"SLC7A5","s1647_F_GON_01_ASEReadCounter.table","NW_015090842.1:8943622",29,43,14
"SLC7A5","s1647_F_GON_01_ASEReadCounter.table","NW_015090842.1:8943661",22,40,18
"SLC7A5","s1647_F_GON_01_ASEReadCounter.table","NW_015090842.1:8943686",16,33,17
"SLC7A5","s1647_F_GON_01_ASEReadCounter.table","NW_015090842.1:8943788",19,28,9
"SLC7A5","s1647_F_GON_01_ASEReadCounter.table","NW_015090842.1:8943814",18,32,14
"SLC7A5","s1647_F_GON_01_ASEReadCounter.table","NW_015090842.1:8943876",19,36,17
"SLC7A5","s1647_F_GON_01_ASEReadCounter.table","NW_015090842.1:8943892",19,36,17
"SLC7A5","s1647_F_GON_01_ASEReadCounter.table","NW_015090842.1:8944097",18,37,19
"SLC7A5","s1647_F_GON_01_ASEReadCounter.table","NW_015090842.1:8944104",20,38,18
"SLC7A5","s1647_F_GON_01_ASEReadCounter.table","NW_015090842.1:8944293",14,28,14
"SLC7A5","s1647_F_GON_01_ASEReadCounter.table","NW_015090842.1:8944297",12,25,13
"SLC7A5","s1647_F_GON_01_ASEReadCounter.table","NW_015090842.1:8944397",8,19,11
"SLC7A5","s1647_F_GON_01_ASEReadCounter.table","NW_015090842.1:8944552",17,29,12
"SLC7A5","s1647_F_GON_01_ASEReadCounter.table","NW_015090842.1:8944629",20,34,14
"CA5A","s1647_F_GON_01_ASEReadCounter.table","NW_015090842.1:8989479",11,28,17
"CA5A","s1647_F_GON_01_ASEReadCounter.table","NW_015090842.1:8989562",18,40,22
"CA5A","s1647_F_GON_01_ASEReadCounter.table","NW_015090842.1:8989609",21,58,37
"CA5A","s1647_F_GON_01_ASEReadCounter.table","NW_015090842.1:8989693",22,58,36
"CA5A","s1647_F_GON_01_ASEReadCounter.table","NW_015090842.1:8989702",24,53,29
"CA5A","s1647_F_GON_01_ASEReadCounter.table","NW_015090842.1:8989746",26,57,31
"CA5A","s1647_F_GON_01_ASEReadCounter.table","NW_015090842.1:8989880",21,76,55
"CA5A","s1647_F_GON_01_ASEReadCounter.table","NW_015090842.1:8989885",22,77,55
"CA5A","s1647_F_GON_01_ASEReadCounter.table","NW_015090842.1:8989929",26,74,48
"CA5A","s1647_F_GON_01_ASEReadCounter.table","NW_015090842.1:8990002",14,52,38
"CA5A","s1647_F_GON_01_ASEReadCounter.table","NW_015090842.1:8990004",13,50,37
"CA5A","s1647_F_GON_01_ASEReadCounter.table","NW_015090842.1:8990005",14,52,38
"CA5A","s1647_F_GON_01_ASEReadCounter.table","NW_015090842.1:8990017",12,46,34
"CA5A","s1647_F_GON_01_ASEReadCounter.table","NW_015090842.1:8990043",9,40,31
"CA5A","s1647_F_GON_01_ASEReadCounter.table","NW_015090842.1:8990060",44,44,0
"CA5A","s1647_F_GON_01_ASEReadCounter.table","NW_015090842.1:8990080",8,38,30
"CA5A","s1647_F_GON_01_ASEReadCounter.table","NW_015090842.1:8990084",8,38,30
"CA5A","s1647_F_GON_01_ASEReadCounter.table","NW_015090842.1:8990090",8,38,30
"CA5A","s1647_F_GON_01_ASEReadCounter.table","NW_015090842.1:8990095",7,37,30
"CA5A","s1647_F_GON_01_ASEReadCounter.table","NW_015090842.1:8990111",8,32,24
"CA5A","s1647_F_GON_01_ASEReadCounter.table","NW_015090842.1:8990112",7,30,23
"CA5A","s1647_F_GON_01_ASEReadCounter.table","NW_015090842.1:8990115",7,33,26
"CA5A","s1647_F_GON_01_ASEReadCounter.table","NW_015090842.1:8990166",11,31,20
"CA5A","s1647_F_GON_01_ASEReadCounter.table","NW_015090842.1:8990169",13,33,20
"CA5A","s1647_F_GON_01_ASEReadCounter.table","NW_015090842.1:8990193",36,36,0
"CA5A","s1647_F_GON_01_ASEReadCounter.table","NW_015090842.1:8990222",14,32,18
"CA5A","s1647_F_GON_01_ASEReadCounter.table","NW_015090842.1:8990289",15,40,25
"CA5A","s1647_F_GON_01_ASEReadCounter.table","NW_015090842.1:8990314",16,41,25
"CA5A","s1647_F_GON_01_ASEReadCounter.table","NW_015090842.1:8990361",10,33,23
"CA5A","s1647_F_GON_01_ASEReadCounter.table","NW_015090842.1:8990368",11,32,21
"CA5A","s1647_F_GON_01_ASEReadCounter.table","NW_015090842.1:8990429",21,52,31
"CA5A","s1647_F_GON_01_ASEReadCounter.table","NW_015090842.1:8990466",15,36,21
"CA5A","s1647_F_GON_01_ASEReadCounter.table","NW_015090842.1:8990663",12,38,26
"CA5A","s1647_F_GON_01_ASEReadCounter.table","NW_015090842.1:8990797",15,39,24
"CA5A","s1647_F_GON_01_ASEReadCounter.table","NW_015090842.1:8990836",17,35,18
"CA5A","s1647_F_GON_01_ASEReadCounter.table","NW_015090842.1:8990842",17,36,19
"CA5A","s1647_F_GON_01_ASEReadCounter.table","NW_015090842.1:8990851",16,36,20
"CA5A","s1647_F_GON_01_ASEReadCounter.table","NW_015090842.1:8990918",10,34,24
"CA5A","s1647_F_GON_01_ASEReadCounter.table","NW_015090842.1:8990921",9,36,27
"CA5A","s1647_F_GON_01_ASEReadCounter.table","NW_015090842.1:8990942",10,34,24
"CA5A","s1647_F_GON_01_ASEReadCounter.table","NW_015090842.1:8991001",19,46,27
"CA5A","s1647_F_GON_01_ASEReadCounter.table","NW_015090842.1:8991038",16,41,25
"CA5A","s1647_F_GON_01_ASEReadCounter.table","NW_015090842.1:8991149",10,34,24
"CA5A","s1647_F_GON_01_ASEReadCounter.table","NW_015090842.1:8991176",11,41,30
"CA5A","s1647_F_GON_01_ASEReadCounter.table","NW_015090842.1:8991241",21,52,31
"CA5A","s1647_F_GON_01_ASEReadCounter.table","NW_015090842.1:8991262",21,49,28
"CA5A","s1647_F_GON_01_ASEReadCounter.table","NW_015090842.1:8991316",21,24,3
"CA5A","s1647_F_GON_01_ASEReadCounter.table","NW_015090842.1:8991319",21,24,3
"CA5A","s1647_F_GON_01_ASEReadCounter.table","NW_015090842.1:8991330",18,19,1
"CA5A","s1647_F_GON_01_ASEReadCounter.table","NW_015090842.1:8991334",17,19,2
"CA5A","s1647_F_GON_01_ASEReadCounter.table","NW_015090842.1:8991362",17,38,21
"CA5A","s1647_F_GON_01_ASEReadCounter.table","NW_015090842.1:8991368",16,37,21
"CA5A","s1647_F_GON_01_ASEReadCounter.table","NW_015090842.1:8991390",17,37,20
"CA5A","s1647_F_GON_01_ASEReadCounter.table","NW_015090842.1:8991395",15,36,21
"CA5A","s1647_F_GON_01_ASEReadCounter.table","NW_015090842.1:8991422",10,37,27
"CA5A","s1647_F_GON_01_ASEReadCounter.table","NW_015090842.1:8991467",0,24,24
"CA5A","s1647_F_GON_01_ASEReadCounter.table","NW_015090842.1:8991576",9,26,17
"CA5A","s1647_F_GON_01_ASEReadCounter.table","NW_015090842.1:8991587",10,30,20
"CA5A","s1647_F_GON_01_ASEReadCounter.table","NW_015090842.1:8991655",10,40,30
"CA5A","s1647_F_GON_01_ASEReadCounter.table","NW_015090842.1:8991717",15,38,23
"CA5A","s1647_F_GON_01_ASEReadCounter.table","NW_015090842.1:8991726",16,40,24
"CA5A","s1647_F_GON_01_ASEReadCounter.table","NW_015090842.1:8991799",9,39,30
"CA5A","s1647_F_GON_01_ASEReadCounter.table","NW_015090842.1:8991809",6,33,27
"CA5A","s1647_F_GON_01_ASEReadCounter.table","NW_015090842.1:8991848",9,30,21
"CA5A","s1647_F_GON_01_ASEReadCounter.table","NW_015090842.1:8991849",10,30,20
"CA5A","s1647_F_GON_01_ASEReadCounter.table","NW_015090842.1:8991927",10,28,18
"CA5A","s1647_F_GON_01_ASEReadCounter.table","NW_015090842.1:8991941",12,32,20
"CA5A","s1647_F_GON_01_ASEReadCounter.table","NW_015090842.1:8992121",3,24,21
"CA5A","s1647_F_GON_01_ASEReadCounter.table","NW_015090842.1:8992224",6,32,26
"CA5A","s1647_F_GON_01_ASEReadCounter.table","NW_015090842.1:9002570",16,42,26
"CA5A","s1647_F_GON_01_ASEReadCounter.table","NW_015090842.1:9002600",16,35,19
"CA5A","s1647_F_GON_01_ASEReadCounter.table","NW_015090842.1:9004312",17,34,17
"CA5A","s1647_F_GON_01_ASEReadCounter.table","NW_015090842.1:9004506",14,22,8
"CA5A","s1647_F_GON_01_ASEReadCounter.table","NW_015090842.1:9004523",14,21,7
"CA5A","s1647_F_GON_01_ASEReadCounter.table","NW_015090842.1:9004530",14,23,9
"CA5A","s1647_F_GON_01_ASEReadCounter.table","NW_015090842.1:9004556",37,48,11
"CA5A","s1647_F_GON_01_ASEReadCounter.table","NW_015090842.1:9005116",52,89,37
"CA5A","s1647_F_GON_01_ASEReadCounter.table","NW_015090842.1:9005120",54,90,36
"CA5A","s1647_F_GON_01_ASEReadCounter.table","NW_015090842.1:9005140",63,99,36
"CA5A","s1647_F_GON_01_ASEReadCounter.table","NW_015090842.1:9005152",61,100,39
"CA5A","s1647_F_GON_01_ASEReadCounter.table","NW_015090842.1:9011189",1,2,1
"CA5A","s1647_F_GON_01_ASEReadCounter.table","NW_015090842.1:9011194",1,2,1
"BANP","s1647_F_GON_01_ASEReadCounter.table","NW_015090842.1:9033407",3,7,4
"BANP","s1647_F_GON_01_ASEReadCounter.table","NW_015090842.1:9033409",3,7,4
"BANP","s1647_F_GON_01_ASEReadCounter.table","NW_015090842.1:9033420",3,8,5
"BANP","s1647_F_GON_01_ASEReadCounter.table","NW_015090842.1:9067974",0,10,10
"BANP","s1647_F_GON_01_ASEReadCounter.table","NW_015090842.1:9102510",14,23,9
"BANP","s1647_F_GON_01_ASEReadCounter.table","NW_015090842.1:9168534",10,19,9
"BANP","s1647_F_GON_01_ASEReadCounter.table","NW_015090842.1:9168818",7,14,7
"ZNF469","s1647_F_GON_01_ASEReadCounter.table","NW_015090842.1:9426367",0,1,1
"ZNF469","s1647_F_GON_01_ASEReadCounter.table","NW_015090842.1:9426420",0,1,1
"ZNF469","s1647_F_GON_01_ASEReadCounter.table","NW_015090842.1:9426585",1,1,0
"ZNF469","s1647_F_GON_01_ASEReadCounter.table","NW_015090842.1:9427614",1,2,1
"ZNF469","s1647_F_GON_01_ASEReadCounter.table","NW_015090842.1:9428122",0,1,1
"ZNF469","s1647_F_GON_01_ASEReadCounter.table","NW_015090842.1:9428419",1,1,0
"ZNF469","s1647_F_GON_01_ASEReadCounter.table","NW_015090842.1:9429633",1,1,0
"ZNF469","s1647_F_GON_01_ASEReadCounter.table","NW_015090842.1:9430560",0,1,1
"ZNF469","s1647_F_GON_01_ASEReadCounter.table","NW_015090842.1:9430700",0,1,1
"ZNF469","s1647_F_GON_01_ASEReadCounter.table","NW_015090842.1:9431901",0,1,1
"ZNF469","s1647_F_GON_01_ASEReadCounter.table","NW_015090842.1:9432481",0,1,1
"ZNF469","s1647_F_GON_01_ASEReadCounter.table","NW_015090842.1:9432498",0,1,1
"ZNF469","s1647_F_GON_01_ASEReadCounter.table","NW_015090842.1:9433678",1,1,0
"ZNF469","s1647_F_GON_01_ASEReadCounter.table","NW_015090842.1:9433902",1,1,0
"ZNF469","s1647_F_GON_01_ASEReadCounter.table","NW_015090842.1:9434259",1,3,2
"ZNF469","s1647_F_GON_01_ASEReadCounter.table","NW_015090842.1:9435221",1,1,0
"ZFPM1","s1647_F_GON_01_ASEReadCounter.table","NW_015090842.1:9458862",8,24,16
"ZFPM1","s1647_F_GON_01_ASEReadCounter.table","NW_015090842.1:9458888",11,36,25
"ZFPM1","s1647_F_GON_01_ASEReadCounter.table","NW_015090842.1:9458904",15,39,24
"ZFPM1","s1647_F_GON_01_ASEReadCounter.table","NW_015090842.1:9458916",15,35,20
"ZFPM1","s1647_F_GON_01_ASEReadCounter.table","NW_015090842.1:9468568",21,37,16
"ZFPM1","s1647_F_GON_01_ASEReadCounter.table","NW_015090842.1:9468593",19,32,13
"ZFPM1","s1647_F_GON_01_ASEReadCounter.table","NW_015090842.1:9471561",10,25,15
"ZFPM1","s1647_F_GON_01_ASEReadCounter.table","NW_015090842.1:9472557",11,20,9
"ZFPM1","s1647_F_GON_01_ASEReadCounter.table","NW_015090842.1:9472565",11,20,9
"ZFPM1","s1647_F_GON_01_ASEReadCounter.table","NW_015090842.1:9472608",10,29,19
"ZFPM1","s1647_F_GON_01_ASEReadCounter.table","NW_015090842.1:9472627",13,31,18
"ZFPM1","s1647_F_GON_01_ASEReadCounter.table","NW_015090842.1:9472668",11,33,22
"ZFPM1","s1647_F_GON_01_ASEReadCounter.table","NW_015090842.1:9473655",11,28,17
"ZFPM1","s1647_F_GON_01_ASEReadCounter.table","NW_015090842.1:9475827",14,41,27
"ZFPM1","s1647_F_GON_01_ASEReadCounter.table","NW_015090842.1:9475842",14,41,27
"ZFPM1","s1647_F_GON_01_ASEReadCounter.table","NW_015090842.1:9476119",4,13,9
"ZFPM1","s1647_F_GON_01_ASEReadCounter.table","NW_015090842.1:9476161",8,17,9
"ZFPM1","s1647_F_GON_01_ASEReadCounter.table","NW_015090842.1:9476219",5,14,9
"ZFPM1","s1647_F_GON_01_ASEReadCounter.table","NW_015090842.1:9476233",3,11,8
"ZFPM1","s1647_F_GON_01_ASEReadCounter.table","NW_015090842.1:9476305",8,16,8
"ZFPM1","s1647_F_GON_01_ASEReadCounter.table","NW_015090842.1:9476395",9,19,10
"ZFPM1","s1647_F_GON_01_ASEReadCounter.table","NW_015090842.1:9476421",11,28,17
"ZFPM1","s1647_F_GON_01_ASEReadCounter.table","NW_015090842.1:9476539",13,25,12
"ZFPM1","s1647_F_GON_01_ASEReadCounter.table","NW_015090842.1:9476576",12,26,14
"ZFPM1","s1647_F_GON_01_ASEReadCounter.table","NW_015090842.1:9476599",33,33,0
"ZFPM1","s1647_F_GON_01_ASEReadCounter.table","NW_015090842.1:9476792",9,34,25
"ZFPM1","s1647_F_GON_01_ASEReadCounter.table","NW_015090842.1:9476803",9,33,24
"ZFPM1","s1647_F_GON_01_ASEReadCounter.table","NW_015090842.1:9477115",13,25,12
"ZFPM1","s1647_F_GON_01_ASEReadCounter.table","NW_015090842.1:9477299",4,15,11
"ZFPM1","s1647_F_GON_01_ASEReadCounter.table","NW_015090842.1:9477398",27,27,0
"ZFPM1","s1647_F_GON_01_ASEReadCounter.table","NW_015090842.1:9477422",4,20,16
"ZFPM1","s1647_F_GON_01_ASEReadCounter.table","NW_015090842.1:9477554",17,36,19
"ZFPM1","s1647_F_GON_01_ASEReadCounter.table","NW_015090842.1:9477575",29,29,0
"ZFPM1","s1647_F_GON_01_ASEReadCounter.table","NW_015090842.1:9477595",12,33,21
"ZFPM1","s1647_F_GON_01_ASEReadCounter.table","NW_015090842.1:9477611",13,31,18
"ZFPM1","s1647_F_GON_01_ASEReadCounter.table","NW_015090842.1:9477659",12,29,17
"ZFPM1","s1647_F_GON_01_ASEReadCounter.table","NW_015090842.1:9477737",8,24,16
"ZFPM1","s1647_F_GON_01_ASEReadCounter.table","NW_015090842.1:9477791",9,25,16
"ZFPM1","s1647_F_GON_01_ASEReadCounter.table","NW_015090842.1:9477844",4,16,12
"ZFPM1","s1647_F_GON_01_ASEReadCounter.table","NW_015090842.1:9477917",9,24,15
"ZFPM1","s1647_F_GON_01_ASEReadCounter.table","NW_015090842.1:9478295",12,28,16
"ZFPM1","s1647_F_GON_01_ASEReadCounter.table","NW_015090842.1:9478349",13,31,18
"ZFPM1","s1647_F_GON_01_ASEReadCounter.table","NW_015090842.1:9478524",12,26,14
"ZFPM1","s1647_F_GON_01_ASEReadCounter.table","NW_015090842.1:9478546",12,27,15
"ZFPM1","s1647_F_GON_01_ASEReadCounter.table","NW_015090842.1:9478573",11,27,16
"ZFPM1","s1647_F_GON_01_ASEReadCounter.table","NW_015090842.1:9478582",7,19,12
"ZFPM1","s1647_F_GON_01_ASEReadCounter.table","NW_015090842.1:9478684",2,5,3
"ZFPM1","s1647_F_GON_01_ASEReadCounter.table","NW_015090842.1:9478711",2,7,5
"ZFPM1","s1647_F_GON_01_ASEReadCounter.table","NW_015090842.1:9478761",2,7,5
"ZFPM1","s1647_F_GON_01_ASEReadCounter.table","NW_015090842.1:9478829",6,6,0
"CIDEC","s1647_F_GON_01_ASEReadCounter.table","NW_015090842.1:9480170",1,1,0
"CIDEC","s1647_F_GON_01_ASEReadCounter.table","NW_015090842.1:9480171",1,1,0
"CIDEC","s1647_F_GON_01_ASEReadCounter.table","NW_015090842.1:9480252",1,1,0
"CIDEC","s1647_F_GON_01_ASEReadCounter.table","NW_015090842.1:9480391",10,12,2
"CIDEC","s1647_F_GON_01_ASEReadCounter.table","NW_015090842.1:9480394",10,12,2
"CIDEC","s1647_F_GON_01_ASEReadCounter.table","NW_015090842.1:9480630",10,12,2
"CIDEC","s1647_F_GON_01_ASEReadCounter.table","NW_015090842.1:9480675",5,11,6
"CIDEC","s1647_F_GON_01_ASEReadCounter.table","NW_015090842.1:9480686",4,10,6
"CIDEC","s1647_F_GON_01_ASEReadCounter.table","NW_015090842.1:9480693",5,11,6
"CIDEC","s1647_F_GON_01_ASEReadCounter.table","NW_015090842.1:9480756",11,17,6
"CIDEC","s1647_F_GON_01_ASEReadCounter.table","NW_015090842.1:9481199",6,13,7
"ZC3H18","s1647_F_GON_01_ASEReadCounter.table","NW_015090842.1:9494271",12,30,18
"ZC3H18","s1647_F_GON_01_ASEReadCounter.table","NW_015090842.1:9501427",22,55,33
"ZC3H18","s1647_F_GON_01_ASEReadCounter.table","NW_015090842.1:9501442",22,56,34
"ZC3H18","s1647_F_GON_01_ASEReadCounter.table","NW_015090842.1:9505538",14,49,35
"ZC3H18","s1647_F_GON_01_ASEReadCounter.table","NW_015090842.1:9506778",26,75,49
"ZC3H18","s1647_F_GON_01_ASEReadCounter.table","NW_015090842.1:9522538",26,69,43
"ZC3H18","s1647_F_GON_01_ASEReadCounter.table","NW_015090842.1:9524350",23,59,36
"ZC3H18","s1647_F_GON_01_ASEReadCounter.table","NW_015090842.1:9524366",24,66,42
"ZC3H18","s1647_F_GON_01_ASEReadCounter.table","NW_015090842.1:9524424",12,45,33
"ZC3H18","s1647_F_GON_01_ASEReadCounter.table","NW_015090842.1:9529649",37,82,45
"ZC3H18","s1647_F_GON_01_ASEReadCounter.table","NW_015090842.1:9529688",33,68,35
"ZC3H18","s1647_F_GON_01_ASEReadCounter.table","NW_015090842.1:9529691",30,63,33
"ZC3H18","s1647_F_GON_01_ASEReadCounter.table","NW_015090842.1:9530977",30,65,35
"ZC3H18","s1647_F_GON_01_ASEReadCounter.table","NW_015090842.1:9536699",0,22,22
"CYBA","s1647_F_GON_01_ASEReadCounter.table","NW_015090842.1:9547281",34,50,16
"CYBA","s1647_F_GON_01_ASEReadCounter.table","NW_015090842.1:9547402",75,125,50
"CYBA","s1647_F_GON_01_ASEReadCounter.table","NW_015090842.1:9547553",55,102,47
"CYBA","s1647_F_GON_01_ASEReadCounter.table","NW_015090842.1:9548052",42,77,35
"CYBA","s1647_F_GON_01_ASEReadCounter.table","NW_015090842.1:9548436",75,119,44
"CYBA","s1647_F_GON_01_ASEReadCounter.table","NW_015090842.1:9548442",81,125,44
"CYBA","s1647_F_GON_01_ASEReadCounter.table","NW_015090842.1:9548478",90,133,43
"CYBA","s1647_F_GON_01_ASEReadCounter.table","NW_015090842.1:9548487",93,132,39
"CYBA","s1647_F_GON_01_ASEReadCounter.table","NW_015090842.1:9548490",91,128,37
"CYBA","s1647_F_GON_01_ASEReadCounter.table","NW_015090842.1:9548717",89,121,32
"CYBA","s1647_F_GON_01_ASEReadCounter.table","NW_015090842.1:9548750",60,91,31
"CYBA","s1647_F_GON_01_ASEReadCounter.table","NW_015090842.1:9548766",40,64,24
"MVD","s1647_F_GON_01_ASEReadCounter.table","NW_015090842.1:9550678",14,21,7
"MVD","s1647_F_GON_01_ASEReadCounter.table","NW_015090842.1:9550690",13,23,10
"MVD","s1647_F_GON_01_ASEReadCounter.table","NW_015090842.1:9550691",13,23,10
"MVD","s1647_F_GON_01_ASEReadCounter.table","NW_015090842.1:9550699",17,30,13
"MVD","s1647_F_GON_01_ASEReadCounter.table","NW_015090842.1:9550719",20,31,11
"MVD","s1647_F_GON_01_ASEReadCounter.table","NW_015090842.1:9551596",31,76,45
"MVD","s1647_F_GON_01_ASEReadCounter.table","NW_015090842.1:9551638",39,89,50
"MVD","s1647_F_GON_01_ASEReadCounter.table","NW_015090842.1:9551899",0,4,4
"MVD","s1647_F_GON_01_ASEReadCounter.table","NW_015090842.1:9552193",33,76,43
"MVD","s1647_F_GON_01_ASEReadCounter.table","NW_015090842.1:9552202",34,76,42
"MVD","s1647_F_GON_01_ASEReadCounter.table","NW_015090842.1:9552208",35,77,42
"MVD","s1647_F_GON_01_ASEReadCounter.table","NW_015090842.1:9552625",21,44,23
"MVD","s1647_F_GON_01_ASEReadCounter.table","NW_015090842.1:9552629",46,46,0
"MVD","s1647_F_GON_01_ASEReadCounter.table","NW_015090842.1:9552644",21,42,21
"MVD","s1647_F_GON_01_ASEReadCounter.table","NW_015090842.1:9553093",34,65,31
"MVD","s1647_F_GON_01_ASEReadCounter.table","NW_015090842.1:9553114",35,69,34
"RNF166","s1647_F_GON_01_ASEReadCounter.table","NW_015090842.1:9557900",12,34,22
"RNF166","s1647_F_GON_01_ASEReadCounter.table","NW_015090842.1:9558048",15,34,19
"RNF166","s1647_F_GON_01_ASEReadCounter.table","NW_015090842.1:9558116",21,42,21
"RNF166","s1647_F_GON_01_ASEReadCounter.table","NW_015090842.1:9558308",21,43,22
"RNF166","s1647_F_GON_01_ASEReadCounter.table","NW_015090842.1:9558405",23,41,18
"RNF166","s1647_F_GON_01_ASEReadCounter.table","NW_015090842.1:9558549",45,65,20
"RNF166","s1647_F_GON_01_ASEReadCounter.table","NW_015090842.1:9558556",38,54,16
"RNF166","s1647_F_GON_01_ASEReadCounter.table","NW_015090842.1:9558579",44,64,20
"RNF166","s1647_F_GON_01_ASEReadCounter.table","NW_015090842.1:9558599",35,60,25
"RNF166","s1647_F_GON_01_ASEReadCounter.table","NW_015090842.1:9558688",41,75,34
"RNF166","s1647_F_GON_01_ASEReadCounter.table","NW_015090842.1:9558711",46,76,30
"RNF166","s1647_F_GON_01_ASEReadCounter.table","NW_015090842.1:9558733",44,72,28
"RNF166","s1647_F_GON_01_ASEReadCounter.table","NW_015090842.1:9558847",41,61,20
"RNF166","s1647_F_GON_01_ASEReadCounter.table","NW_015090842.1:9559798",44,67,23
"RNF166","s1647_F_GON_01_ASEReadCounter.table","NW_015090842.1:9560575",58,95,37
"RNF166","s1647_F_GON_01_ASEReadCounter.table","NW_015090842.1:9561055",47,77,30
"RNF166","s1647_F_GON_01_ASEReadCounter.table","NW_015090842.1:9562458",33,54,21
"RNF166","s1647_F_GON_01_ASEReadCounter.table","NW_015090842.1:9562497",34,55,21
"RNF166","s1647_F_GON_01_ASEReadCounter.table","NW_015090842.1:9562539",29,46,17
"RNF166","s1647_F_GON_01_ASEReadCounter.table","NW_015090842.1:9564056",31,47,16
"CTU2","s1647_F_GON_01_ASEReadCounter.table","NW_015090842.1:9565149",11,17,6
"CTU2","s1647_F_GON_01_ASEReadCounter.table","NW_015090842.1:9565193",7,18,11
"CTU2","s1647_F_GON_01_ASEReadCounter.table","NW_015090842.1:9565300",12,24,12
"CTU2","s1647_F_GON_01_ASEReadCounter.table","NW_015090842.1:9565321",12,27,15
"CTU2","s1647_F_GON_01_ASEReadCounter.table","NW_015090842.1:9565721",10,23,13
"CTU2","s1647_F_GON_01_ASEReadCounter.table","NW_015090842.1:9565739",12,23,11
"CTU2","s1647_F_GON_01_ASEReadCounter.table","NW_015090842.1:9565905",8,24,16
"CTU2","s1647_F_GON_01_ASEReadCounter.table","NW_015090842.1:9566013",20,20,0
"CTU2","s1647_F_GON_01_ASEReadCounter.table","NW_015090842.1:9566055",10,34,24
"CTU2","s1647_F_GON_01_ASEReadCounter.table","NW_015090842.1:9566056",10,34,24
"CTU2","s1647_F_GON_01_ASEReadCounter.table","NW_015090842.1:9566151",6,30,24
"CTU2","s1647_F_GON_01_ASEReadCounter.table","NW_015090842.1:9566300",6,23,17
"CTU2","s1647_F_GON_01_ASEReadCounter.table","NW_015090842.1:9566342",9,28,19
"CTU2","s1647_F_GON_01_ASEReadCounter.table","NW_015090842.1:9566548",14,26,12
"CTU2","s1647_F_GON_01_ASEReadCounter.table","NW_015090842.1:9566625",12,33,21
"CTU2","s1647_F_GON_01_ASEReadCounter.table","NW_015090842.1:9566633",11,33,22
"CTU2","s1647_F_GON_01_ASEReadCounter.table","NW_015090842.1:9566807",16,31,15
"CTU2","s1647_F_GON_01_ASEReadCounter.table","NW_015090842.1:9567139",16,25,9
"CTU2","s1647_F_GON_01_ASEReadCounter.table","NW_015090842.1:9567156",18,26,8
"CTU2","s1647_F_GON_01_ASEReadCounter.table","NW_015090842.1:9567614",13,30,17
"CTU2","s1647_F_GON_01_ASEReadCounter.table","NW_015090842.1:9567677",14,24,10
"CTU2","s1647_F_GON_01_ASEReadCounter.table","NW_015090842.1:9567747",17,31,14
"CTU2","s1647_F_GON_01_ASEReadCounter.table","NW_015090842.1:9567828",8,20,12
"CTU2","s1647_F_GON_01_ASEReadCounter.table","NW_015090842.1:9567829",9,20,11
"CTU2","s1647_F_GON_01_ASEReadCounter.table","NW_015090842.1:9567885",7,16,9
"PIEZO1","s1647_F_GON_01_ASEReadCounter.table","NW_015090842.1:9568093",22,44,22
"PIEZO1","s1647_F_GON_01_ASEReadCounter.table","NW_015090842.1:9568672",32,47,15
"PIEZO1","s1647_F_GON_01_ASEReadCounter.table","NW_015090842.1:9568948",20,37,17
"PIEZO1","s1647_F_GON_01_ASEReadCounter.table","NW_015090842.1:9568987",30,30,0
"PIEZO1","s1647_F_GON_01_ASEReadCounter.table","NW_015090842.1:9569040",19,31,12
"PIEZO1","s1647_F_GON_01_ASEReadCounter.table","NW_015090842.1:9569180",16,29,13
"PIEZO1","s1647_F_GON_01_ASEReadCounter.table","NW_015090842.1:9569192",15,26,11
"PIEZO1","s1647_F_GON_01_ASEReadCounter.table","NW_015090842.1:9570088",8,11,3
"PIEZO1","s1647_F_GON_01_ASEReadCounter.table","NW_015090842.1:9570480",10,14,4
"PIEZO1","s1647_F_GON_01_ASEReadCounter.table","NW_015090842.1:9570639",8,14,6
"PIEZO1","s1647_F_GON_01_ASEReadCounter.table","NW_015090842.1:9571847",8,13,5
"PIEZO1","s1647_F_GON_01_ASEReadCounter.table","NW_015090842.1:9572371",5,6,1
"PIEZO1","s1647_F_GON_01_ASEReadCounter.table","NW_015090842.1:9572638",3,7,4
"PIEZO1","s1647_F_GON_01_ASEReadCounter.table","NW_015090842.1:9573156",9,17,8
"PIEZO1","s1647_F_GON_01_ASEReadCounter.table","NW_015090842.1:9573280",8,12,4
"PIEZO1","s1647_F_GON_01_ASEReadCounter.table","NW_015090842.1:9573566",5,11,6
"PIEZO1","s1647_F_GON_01_ASEReadCounter.table","NW_015090842.1:9575341",4,5,1
"PIEZO1","s1647_F_GON_01_ASEReadCounter.table","NW_015090842.1:9575367",6,7,1
"PIEZO1","s1647_F_GON_01_ASEReadCounter.table","NW_015090842.1:9575645",7,8,1
"PIEZO1","s1647_F_GON_01_ASEReadCounter.table","NW_015090842.1:9575696",4,6,2
"PIEZO1","s1647_F_GON_01_ASEReadCounter.table","NW_015090842.1:9575897",2,5,3
"PIEZO1","s1647_F_GON_01_ASEReadCounter.table","NW_015090842.1:9576060",2,5,3
"PIEZO1","s1647_F_GON_01_ASEReadCounter.table","NW_015090842.1:9576087",0,4,4
"PIEZO1","s1647_F_GON_01_ASEReadCounter.table","NW_015090842.1:9576093",0,4,4
"PIEZO1","s1647_F_GON_01_ASEReadCounter.table","NW_015090842.1:9576120",2,6,4
"PIEZO1","s1647_F_GON_01_ASEReadCounter.table","NW_015090842.1:9576687",4,6,2
"PIEZO1","s1647_F_GON_01_ASEReadCounter.table","NW_015090842.1:9576710",6,6,0
"PIEZO1","s1647_F_GON_01_ASEReadCounter.table","NW_015090842.1:9576723",4,6,2
"PIEZO1","s1647_F_GON_01_ASEReadCounter.table","NW_015090842.1:9578268",5,5,0
"PIEZO1","s1647_F_GON_01_ASEReadCounter.table","NW_015090842.1:9578770",3,6,3
"PIEZO1","s1647_F_GON_01_ASEReadCounter.table","NW_015090842.1:9578806",0,2,2
"PIEZO1","s1647_F_GON_01_ASEReadCounter.table","NW_015090842.1:9579064",1,2,1
"PIEZO1","s1647_F_GON_01_ASEReadCounter.table","NW_015090842.1:9579065",1,2,1
"PIEZO1","s1647_F_GON_01_ASEReadCounter.table","NW_015090842.1:9579347",2,4,2
"PIEZO1","s1647_F_GON_01_ASEReadCounter.table","NW_015090842.1:9580765",2,3,1
"PIEZO1","s1647_F_GON_01_ASEReadCounter.table","NW_015090842.1:9580996",2,2,0
"PIEZO1","s1647_F_GON_01_ASEReadCounter.table","NW_015090842.1:9581101",3,3,0
"PIEZO1","s1647_F_GON_01_ASEReadCounter.table","NW_015090842.1:9581299",2,2,0
"PIEZO1","s1647_F_GON_01_ASEReadCounter.table","NW_015090842.1:9581875",5,8,3
"PIEZO1","s1647_F_GON_01_ASEReadCounter.table","NW_015090842.1:9582046",5,9,4
"PIEZO1","s1647_F_GON_01_ASEReadCounter.table","NW_015090842.1:9583298",1,1,0
"PIEZO1","s1647_F_GON_01_ASEReadCounter.table","NW_015090842.1:9584337",2,3,1
"PIEZO1","s1647_F_GON_01_ASEReadCounter.table","NW_015090842.1:9584425",1,1,0
"PIEZO1","s1647_F_GON_01_ASEReadCounter.table","NW_015090842.1:9584435",1,1,0
"PIEZO1","s1647_F_GON_01_ASEReadCounter.table","NW_015090842.1:9584438",1,1,0
"PIEZO1","s1647_F_GON_01_ASEReadCounter.table","NW_015090842.1:9584441",1,1,0
"CDT1","s1647_F_GON_01_ASEReadCounter.table","NW_015090842.1:9596596",3,7,4
"CDT1","s1647_F_GON_01_ASEReadCounter.table","NW_015090842.1:9596766",11,20,9
"CDT1","s1647_F_GON_01_ASEReadCounter.table","NW_015090842.1:9597054",11,31,20
"CDT1","s1647_F_GON_01_ASEReadCounter.table","NW_015090842.1:9597074",10,25,15
"CDT1","s1647_F_GON_01_ASEReadCounter.table","NW_015090842.1:9597137",14,32,18
"CDT1","s1647_F_GON_01_ASEReadCounter.table","NW_015090842.1:9597756",19,42,23
"CDT1","s1647_F_GON_01_ASEReadCounter.table","NW_015090842.1:9597766",22,45,23
"CDT1","s1647_F_GON_01_ASEReadCounter.table","NW_015090842.1:9598496",31,53,22
"CDT1","s1647_F_GON_01_ASEReadCounter.table","NW_015090842.1:9598498",30,50,20
"CDT1","s1647_F_GON_01_ASEReadCounter.table","NW_015090842.1:9598816",22,42,20
"CDT1","s1647_F_GON_01_ASEReadCounter.table","NW_015090842.1:9598879",15,44,29
"CDT1","s1647_F_GON_01_ASEReadCounter.table","NW_015090842.1:9598912",18,44,26
"CDT1","s1647_F_GON_01_ASEReadCounter.table","NW_015090842.1:9598959",21,47,26
"CDT1","s1647_F_GON_01_ASEReadCounter.table","NW_015090842.1:9599807",36,67,31
"CDT1","s1647_F_GON_01_ASEReadCounter.table","NW_015090842.1:9599819",34,64,30
"CDT1","s1647_F_GON_01_ASEReadCounter.table","NW_015090842.1:9599845",35,68,33
"CDT1","s1647_F_GON_01_ASEReadCounter.table","NW_015090842.1:9600148",34,80,46
"CDT1","s1647_F_GON_01_ASEReadCounter.table","NW_015090842.1:9600151",34,81,47
"CDT1","s1647_F_GON_01_ASEReadCounter.table","NW_015090842.1:9600217",47,90,43
"CDT1","s1647_F_GON_01_ASEReadCounter.table","NW_015090842.1:9600226",45,85,40
"CDT1","s1647_F_GON_01_ASEReadCounter.table","NW_015090842.1:9600260",48,92,44
"CDT1","s1647_F_GON_01_ASEReadCounter.table","NW_015090842.1:9600268",48,86,38
"CDT1","s1647_F_GON_01_ASEReadCounter.table","NW_015090842.1:9600305",52,91,39
"CDT1","s1647_F_GON_01_ASEReadCounter.table","NW_015090842.1:9600397",38,72,34
"CDT1","s1647_F_GON_01_ASEReadCounter.table","NW_015090842.1:9600447",22,54,32
"CDT1","s1647_F_GON_01_ASEReadCounter.table","NW_015090842.1:9600450",19,48,29
"CDT1","s1647_F_GON_01_ASEReadCounter.table","NW_015090842.1:9600485",30,62,32
"CDT1","s1647_F_GON_01_ASEReadCounter.table","NW_015090842.1:9600579",26,61,35
"APRT","s1647_F_GON_01_ASEReadCounter.table","NW_015090842.1:9602308",17,38,21
"APRT","s1647_F_GON_01_ASEReadCounter.table","NW_015090842.1:9602440",40,68,28
"APRT","s1647_F_GON_01_ASEReadCounter.table","NW_015090842.1:9602449",38,68,30
"APRT","s1647_F_GON_01_ASEReadCounter.table","NW_015090842.1:9602451",38,69,31
"APRT","s1647_F_GON_01_ASEReadCounter.table","NW_015090842.1:9602455",38,70,32
"APRT","s1647_F_GON_01_ASEReadCounter.table","NW_015090842.1:9602462",36,66,30
"APRT","s1647_F_GON_01_ASEReadCounter.table","NW_015090842.1:9602507",28,55,27
"APRT","s1647_F_GON_01_ASEReadCounter.table","NW_015090842.1:9602514",29,57,28
"APRT","s1647_F_GON_01_ASEReadCounter.table","NW_015090842.1:9602530",26,52,26
"APRT","s1647_F_GON_01_ASEReadCounter.table","NW_015090842.1:9602582",26,58,32
"APRT","s1647_F_GON_01_ASEReadCounter.table","NW_015090842.1:9602583",26,58,32
"APRT","s1647_F_GON_01_ASEReadCounter.table","NW_015090842.1:9602650",31,53,22
"APRT","s1647_F_GON_01_ASEReadCounter.table","NW_015090842.1:9602655",33,50,17
"APRT","s1647_F_GON_01_ASEReadCounter.table","NW_015090842.1:9602712",25,55,30
"APRT","s1647_F_GON_01_ASEReadCounter.table","NW_015090842.1:9602764",40,72,32
"APRT","s1647_F_GON_01_ASEReadCounter.table","NW_015090842.1:9602821",39,74,35
"APRT","s1647_F_GON_01_ASEReadCounter.table","NW_015090842.1:9602867",46,81,35
"APRT","s1647_F_GON_01_ASEReadCounter.table","NW_015090842.1:9602883",46,83,37
"APRT","s1647_F_GON_01_ASEReadCounter.table","NW_015090842.1:9602886",46,80,34
"APRT","s1647_F_GON_01_ASEReadCounter.table","NW_015090842.1:9602948",39,68,29
"APRT","s1647_F_GON_01_ASEReadCounter.table","NW_015090842.1:9602958",37,66,29
"APRT","s1647_F_GON_01_ASEReadCounter.table","NW_015090842.1:9603020",37,73,36
"APRT","s1647_F_GON_01_ASEReadCounter.table","NW_015090842.1:9603025",39,73,34
"APRT","s1647_F_GON_01_ASEReadCounter.table","NW_015090842.1:9603154",43,69,26
"APRT","s1647_F_GON_01_ASEReadCounter.table","NW_015090842.1:9603166",47,78,31
"APRT","s1647_F_GON_01_ASEReadCounter.table","NW_015090842.1:9603326",39,62,23
"APRT","s1647_F_GON_01_ASEReadCounter.table","NW_015090842.1:9603419",42,66,24
"APRT","s1647_F_GON_01_ASEReadCounter.table","NW_015090842.1:9603420",42,68,26
"APRT","s1647_F_GON_01_ASEReadCounter.table","NW_015090842.1:9603464",39,74,35
"APRT","s1647_F_GON_01_ASEReadCounter.table","NW_015090842.1:9603528",53,125,72
"APRT","s1647_F_GON_01_ASEReadCounter.table","NW_015090842.1:9603607",57,156,99
"APRT","s1647_F_GON_01_ASEReadCounter.table","NW_015090842.1:9603622",53,142,89
"APRT","s1647_F_GON_01_ASEReadCounter.table","NW_015090842.1:9604361",57,161,104
"APRT","s1647_F_GON_01_ASEReadCounter.table","NW_015090842.1:9605317",58,145,87
"APRT","s1647_F_GON_01_ASEReadCounter.table","NW_015090842.1:9605336",66,152,86
"GALNS","s1647_F_GON_01_ASEReadCounter.table","NW_015090842.1:9612872",18,38,20
"GALNS","s1647_F_GON_01_ASEReadCounter.table","NW_015090842.1:9612873",15,36,21
"GALNS","s1647_F_GON_01_ASEReadCounter.table","NW_015090842.1:9612877",16,35,19
"GALNS","s1647_F_GON_01_ASEReadCounter.table","NW_015090842.1:9612942",56,109,53
"GALNS","s1647_F_GON_01_ASEReadCounter.table","NW_015090842.1:9612987",100,100,0
"GALNS","s1647_F_GON_01_ASEReadCounter.table","NW_015090842.1:9613064",55,124,69
"GALNS","s1647_F_GON_01_ASEReadCounter.table","NW_015090842.1:9613096",91,168,77
"GALNS","s1647_F_GON_01_ASEReadCounter.table","NW_015090842.1:9613123",87,160,73
"GALNS","s1647_F_GON_01_ASEReadCounter.table","NW_015090842.1:9613125",87,153,66
"GALNS","s1647_F_GON_01_ASEReadCounter.table","NW_015090842.1:9613193",84,165,81
"GALNS","s1647_F_GON_01_ASEReadCounter.table","NW_015090842.1:9613226",76,160,84
"GALNS","s1647_F_GON_01_ASEReadCounter.table","NW_015090842.1:9613249",84,178,94
"GALNS","s1647_F_GON_01_ASEReadCounter.table","NW_015090842.1:9613256",95,193,98
"GALNS","s1647_F_GON_01_ASEReadCounter.table","NW_015090842.1:9613317",85,175,90
"GALNS","s1647_F_GON_01_ASEReadCounter.table","NW_015090842.1:9613343",72,151,79
"GALNS","s1647_F_GON_01_ASEReadCounter.table","NW_015090842.1:9613344",70,148,78
"GALNS","s1647_F_GON_01_ASEReadCounter.table","NW_015090842.1:9613371",75,161,86
"GALNS","s1647_F_GON_01_ASEReadCounter.table","NW_015090842.1:9613378",80,171,91
"GALNS","s1647_F_GON_01_ASEReadCounter.table","NW_015090842.1:9613379",79,168,89
"GALNS","s1647_F_GON_01_ASEReadCounter.table","NW_015090842.1:9613516",92,190,98
"GALNS","s1647_F_GON_01_ASEReadCounter.table","NW_015090842.1:9613572",96,197,101
"GALNS","s1647_F_GON_01_ASEReadCounter.table","NW_015090842.1:9613597",75,169,94
"GALNS","s1647_F_GON_01_ASEReadCounter.table","NW_015090842.1:9613627",54,126,72
"GALNS","s1647_F_GON_01_ASEReadCounter.table","NW_015090842.1:9613640",52,139,87
"GALNS","s1647_F_GON_01_ASEReadCounter.table","NW_015090842.1:9614025",91,173,82
"GALNS","s1647_F_GON_01_ASEReadCounter.table","NW_015090842.1:9614169",82,150,68
"GALNS","s1647_F_GON_01_ASEReadCounter.table","NW_015090842.1:9614232",161,161,0
"GALNS","s1647_F_GON_01_ASEReadCounter.table","NW_015090842.1:9614667",95,181,86
"GALNS","s1647_F_GON_01_ASEReadCounter.table","NW_015090842.1:9614709",94,183,89
"GALNS","s1647_F_GON_01_ASEReadCounter.table","NW_015090842.1:9614880",95,171,76
"GALNS","s1647_F_GON_01_ASEReadCounter.table","NW_015090842.1:9614902",87,174,87
"GALNS","s1647_F_GON_01_ASEReadCounter.table","NW_015090842.1:9614960",61,133,72
"GALNS","s1647_F_GON_01_ASEReadCounter.table","NW_015090842.1:9615114",123,246,123
"GALNS","s1647_F_GON_01_ASEReadCounter.table","NW_015090842.1:9615199",117,258,141
"GALNS","s1647_F_GON_01_ASEReadCounter.table","NW_015090842.1:9615217",109,247,138
"GALNS","s1647_F_GON_01_ASEReadCounter.table","NW_015090842.1:9615277",99,271,172
"GALNS","s1647_F_GON_01_ASEReadCounter.table","NW_015090842.1:9615377",163,456,293
"GALNS","s1647_F_GON_01_ASEReadCounter.table","NW_015090842.1:9647858",123,520,397
"GALNS","s1647_F_GON_01_ASEReadCounter.table","NW_015090842.1:9649186",117,516,399
"GALNS","s1647_F_GON_01_ASEReadCounter.table","NW_015090842.1:9649237",107,487,380
"GALNS","s1647_F_GON_01_ASEReadCounter.table","NW_015090842.1:9661193",53,240,187
"TRAPPC2L","s1647_F_GON_01_ASEReadCounter.table","NW_015090842.1:9662951",458,758,300
"TRAPPC2L","s1647_F_GON_01_ASEReadCounter.table","NW_015090842.1:9663014",463,769,306
"TRAPPC2L","s1647_F_GON_01_ASEReadCounter.table","NW_015090842.1:9664305",613,616,3
"TRAPPC2L","s1647_F_GON_01_ASEReadCounter.table","NW_015090842.1:9665155",315,554,239
"TRAPPC2L","s1647_F_GON_01_ASEReadCounter.table","NW_015090842.1:9665211",96,185,89
"PABPN1L","s1647_F_GON_01_ASEReadCounter.table","NW_015090842.1:9669959",6,16,10
"CBFA2T3","s1647_F_GON_01_ASEReadCounter.table","NW_015090842.1:9712787",1,1,0
"CBFA2T3","s1647_F_GON_01_ASEReadCounter.table","NW_015090842.1:9712791",1,1,0
"CBFA2T3","s1647_F_GON_01_ASEReadCounter.table","NW_015090842.1:9712805",1,1,0
"CBFA2T3","s1647_F_GON_01_ASEReadCounter.table","NW_015090842.1:9712848",1,1,0
"CBFA2T3","s1647_F_GON_01_ASEReadCounter.table","NW_015090842.1:9713088",1,1,0
"CBFA2T3","s1647_F_GON_01_ASEReadCounter.table","NW_015090842.1:9713121",1,1,0
"ACSF3","s1647_F_GON_01_ASEReadCounter.table","NW_015090842.1:9773379",1,12,11
"ACSF3","s1647_F_GON_01_ASEReadCounter.table","NW_015090842.1:9773382",1,8,7
"ACSF3","s1647_F_GON_01_ASEReadCounter.table","NW_015090842.1:9773384",1,10,9
"ACSF3","s1647_F_GON_01_ASEReadCounter.table","NW_015090842.1:9773388",1,10,9
"ACSF3","s1647_F_GON_01_ASEReadCounter.table","NW_015090842.1:9776753",24,67,43
"ACSF3","s1647_F_GON_01_ASEReadCounter.table","NW_015090842.1:9776783",25,66,41
"ACSF3","s1647_F_GON_01_ASEReadCounter.table","NW_015090842.1:9776879",22,57,35
"ACSF3","s1647_F_GON_01_ASEReadCounter.table","NW_015090842.1:9776965",26,73,47
"ACSF3","s1647_F_GON_01_ASEReadCounter.table","NW_015090842.1:9777091",37,72,35
"ACSF3","s1647_F_GON_01_ASEReadCounter.table","NW_015090842.1:9777206",38,64,26
"ACSF3","s1647_F_GON_01_ASEReadCounter.table","NW_015090842.1:9777283",42,89,47
"ACSF3","s1647_F_GON_01_ASEReadCounter.table","NW_015090842.1:9778955",30,90,60
"ACSF3","s1647_F_GON_01_ASEReadCounter.table","NW_015090842.1:9778997",32,108,76
"ACSF3","s1647_F_GON_01_ASEReadCounter.table","NW_015090842.1:9789311",15,31,16
"ACSF3","s1647_F_GON_01_ASEReadCounter.table","NW_015090842.1:9789906",1,14,13
"ACSF3","s1647_F_GON_01_ASEReadCounter.table","NW_015090842.1:9834743",19,43,24
"ACSF3","s1647_F_GON_01_ASEReadCounter.table","NW_015090842.1:9834852",23,38,15
"ACSF3","s1647_F_GON_01_ASEReadCounter.table","NW_015090842.1:9834861",17,34,17
"ACSF3","s1647_F_GON_01_ASEReadCounter.table","NW_015090842.1:9839359",10,27,17
"ACSF3","s1647_F_GON_01_ASEReadCounter.table","NW_015090842.1:9839378",10,30,20
"ACSF3","s1647_F_GON_01_ASEReadCounter.table","NW_015090842.1:9839455",13,26,13
"ACSF3","s1647_F_GON_01_ASEReadCounter.table","NW_015090842.1:9839457",13,26,13
"ACSF3","s1647_F_GON_01_ASEReadCounter.table","NW_015090842.1:9839489",9,23,14
"ACSF3","s1647_F_GON_01_ASEReadCounter.table","NW_015090842.1:9839500",7,22,15
"ACSF3","s1647_F_GON_01_ASEReadCounter.table","NW_015090842.1:9839501",7,22,15
"ACSF3","s1647_F_GON_01_ASEReadCounter.table","NW_015090842.1:9839504",7,22,15
"ACSF3","s1647_F_GON_01_ASEReadCounter.table","NW_015090842.1:9839512",8,19,11
"ACSF3","s1647_F_GON_01_ASEReadCounter.table","NW_015090842.1:9839527",6,16,10
"ACSF3","s1647_F_GON_01_ASEReadCounter.table","NW_015090842.1:9839533",2,12,10
"ACSF3","s1647_F_GON_01_ASEReadCounter.table","NW_015090842.1:9839535",2,11,9
"ACSF3","s1647_F_GON_01_ASEReadCounter.table","NW_015090842.1:9839545",1,8,7
"ACSF3","s1647_F_GON_01_ASEReadCounter.table","NW_015090842.1:9839550",1,9,8
"ACSF3","s1647_F_GON_01_ASEReadCounter.table","NW_015090842.1:9839551",1,9,8
"CDH15","s1647_F_GON_01_ASEReadCounter.table","NW_015090842.1:9847174",1,1,0
"CDH15","s1647_F_GON_01_ASEReadCounter.table","NW_015090842.1:9848004",2,2,0
"CDH15","s1647_F_GON_01_ASEReadCounter.table","NW_015090842.1:9848220",2,4,2
"CDH15","s1647_F_GON_01_ASEReadCounter.table","NW_015090842.1:9848265",2,5,3
"CDH15","s1647_F_GON_01_ASEReadCounter.table","NW_015090842.1:9848307",2,4,2
"CDH15","s1647_F_GON_01_ASEReadCounter.table","NW_015090842.1:9848310",2,4,2
"CDH15","s1647_F_GON_01_ASEReadCounter.table","NW_015090842.1:9848313",1,3,2
"CDH15","s1647_F_GON_01_ASEReadCounter.table","NW_015090842.1:9848531",1,3,2
"CDH15","s1647_F_GON_01_ASEReadCounter.table","NW_015090842.1:9848552",1,2,1
"CDH15","s1647_F_GON_01_ASEReadCounter.table","NW_015090842.1:9848888",1,4,3
"CDH15","s1647_F_GON_01_ASEReadCounter.table","NW_015090842.1:9848936",1,3,2
"CDH15","s1647_F_GON_01_ASEReadCounter.table","NW_015090842.1:9849086",3,3,0
"CDH15","s1647_F_GON_01_ASEReadCounter.table","NW_015090842.1:9849119",3,4,1
"CDH15","s1647_F_GON_01_ASEReadCounter.table","NW_015090842.1:9849140",2,3,1
"CDH15","s1647_F_GON_01_ASEReadCounter.table","NW_015090842.1:9849473",3,4,1
"CDH15","s1647_F_GON_01_ASEReadCounter.table","NW_015090842.1:9850141",2,2,0
"CDH15","s1647_F_GON_01_ASEReadCounter.table","NW_015090842.1:9850386",1,2,1
"CDH15","s1647_F_GON_01_ASEReadCounter.table","NW_015090842.1:9850432",1,1,0
"CDH15","s1647_F_GON_01_ASEReadCounter.table","NW_015090842.1:9850609",1,2,1
"SLC22A31","s1647_F_GON_01_ASEReadCounter.table","NW_015090842.1:9850797",1,2,1
"SLC22A31","s1647_F_GON_01_ASEReadCounter.table","NW_015090842.1:9850818",1,2,1
"SLC22A31","s1647_F_GON_01_ASEReadCounter.table","NW_015090842.1:9850929",2,2,0
"SLC22A31","s1647_F_GON_01_ASEReadCounter.table","NW_015090842.1:9850936",2,2,0
"SLC22A31","s1647_F_GON_01_ASEReadCounter.table","NW_015090842.1:9850940",2,2,0
"SLC22A31","s1647_F_GON_01_ASEReadCounter.table","NW_015090842.1:9850948",2,2,0
"SLC22A31","s1647_F_GON_01_ASEReadCounter.table","NW_015090842.1:9850961",1,1,0
"SLC22A31","s1647_F_GON_01_ASEReadCounter.table","NW_015090842.1:9850970",1,1,0
"SLC22A31","s1647_F_GON_01_ASEReadCounter.table","NW_015090842.1:9850978",1,1,0
"SLC22A31","s1647_F_GON_01_ASEReadCounter.table","NW_015090842.1:9850981",1,1,0
"SLC22A31","s1647_F_GON_01_ASEReadCounter.table","NW_015090842.1:9851117",28,37,9
"SLC22A31","s1647_F_GON_01_ASEReadCounter.table","NW_015090842.1:9851130",33,41,8
"SLC22A31","s1647_F_GON_01_ASEReadCounter.table","NW_015090842.1:9851139",35,44,9
"SLC22A31","s1647_F_GON_01_ASEReadCounter.table","NW_015090842.1:9851265",42,65,23
"SLC22A31","s1647_F_GON_01_ASEReadCounter.table","NW_015090842.1:9851302",37,62,25
"SLC22A31","s1647_F_GON_01_ASEReadCounter.table","NW_015090842.1:9851303",40,65,25
"SLC22A31","s1647_F_GON_01_ASEReadCounter.table","NW_015090842.1:9851305",39,63,24
"SLC22A31","s1647_F_GON_01_ASEReadCounter.table","NW_015090842.1:9851343",49,72,23
"SLC22A31","s1647_F_GON_01_ASEReadCounter.table","NW_015090842.1:9851344",55,77,22
"SLC22A31","s1647_F_GON_01_ASEReadCounter.table","NW_015090842.1:9851361",80,80,0
"SLC22A31","s1647_F_GON_01_ASEReadCounter.table","NW_015090842.1:9851381",73,97,24
"SLC22A31","s1647_F_GON_01_ASEReadCounter.table","NW_015090842.1:9851421",86,112,26
"SLC22A31","s1647_F_GON_01_ASEReadCounter.table","NW_015090842.1:9851501",63,85,22
"SLC22A31","s1647_F_GON_01_ASEReadCounter.table","NW_015090842.1:9851526",80,112,32
"SLC22A31","s1647_F_GON_01_ASEReadCounter.table","NW_015090842.1:9851589",104,137,33
"SLC22A31","s1647_F_GON_01_ASEReadCounter.table","NW_015090842.1:9851712",95,135,40
"SLC22A31","s1647_F_GON_01_ASEReadCounter.table","NW_015090842.1:9851899",85,126,41
"SLC22A31","s1647_F_GON_01_ASEReadCounter.table","NW_015090842.1:9852139",111,146,35
"SLC22A31","s1647_F_GON_01_ASEReadCounter.table","NW_015090842.1:9852380",106,152,46
"SLC22A31","s1647_F_GON_01_ASEReadCounter.table","NW_015090842.1:9852431",83,119,36
"SLC22A31","s1647_F_GON_01_ASEReadCounter.table","NW_015090842.1:9852630",91,127,36
"SLC22A31","s1647_F_GON_01_ASEReadCounter.table","NW_015090842.1:9852711",73,101,28
"SLC22A31","s1647_F_GON_01_ASEReadCounter.table","NW_015090842.1:9853099",61,80,19
"SLC22A31","s1647_F_GON_01_ASEReadCounter.table","NW_015090842.1:9853102",63,82,19
"SLC22A31","s1647_F_GON_01_ASEReadCounter.table","NW_015090842.1:9853421",48,48,0
"SLC22A31","s1647_F_GON_01_ASEReadCounter.table","NW_015090842.1:9853457",62,62,0
"SLC22A31","s1647_F_GON_01_ASEReadCounter.table","NW_015090842.1:9853502",44,45,1
"ANKRD11","s1647_F_GON_01_ASEReadCounter.table","NW_015090842.1:9858863",1,2,1
"ANKRD11","s1647_F_GON_01_ASEReadCounter.table","NW_015090842.1:9859101",13,24,11
"ANKRD11","s1647_F_GON_01_ASEReadCounter.table","NW_015090842.1:9859352",15,21,6
"ANKRD11","s1647_F_GON_01_ASEReadCounter.table","NW_015090842.1:9859381",11,18,7
"ANKRD11","s1647_F_GON_01_ASEReadCounter.table","NW_015090842.1:9859679",11,22,11
"ANKRD11","s1647_F_GON_01_ASEReadCounter.table","NW_015090842.1:9861097",10,21,11
"ANKRD11","s1647_F_GON_01_ASEReadCounter.table","NW_015090842.1:9862571",6,12,6
"ANKRD11","s1647_F_GON_01_ASEReadCounter.table","NW_015090842.1:9862652",4,6,2
"ANKRD11","s1647_F_GON_01_ASEReadCounter.table","NW_015090842.1:9866071",0,7,7
"ANKRD11","s1647_F_GON_01_ASEReadCounter.table","NW_015090842.1:9866200",0,6,6
"ANKRD11","s1647_F_GON_01_ASEReadCounter.table","NW_015090842.1:9867391",1,4,3
"ANKRD11","s1647_F_GON_01_ASEReadCounter.table","NW_015090842.1:9867472",2,7,5
"ANKRD11","s1647_F_GON_01_ASEReadCounter.table","NW_015090842.1:9867559",0,2,2
"ANKRD11","s1647_F_GON_01_ASEReadCounter.table","NW_015090842.1:9867667",6,15,9
"ANKRD11","s1647_F_GON_01_ASEReadCounter.table","NW_015090842.1:9867934",1,4,3
"ANKRD11","s1647_F_GON_01_ASEReadCounter.table","NW_015090842.1:9868064",2,5,3
"ANKRD11","s1647_F_GON_01_ASEReadCounter.table","NW_015090842.1:9868093",5,8,3
"ANKRD11","s1647_F_GON_01_ASEReadCounter.table","NW_015090842.1:9868222",9,17,8
"ANKRD11","s1647_F_GON_01_ASEReadCounter.table","NW_015090842.1:9868327",5,8,3
"ANKRD11","s1647_F_GON_01_ASEReadCounter.table","NW_015090842.1:9868414",7,13,6
"ANKRD11","s1647_F_GON_01_ASEReadCounter.table","NW_015090842.1:9868441",8,13,5
"ANKRD11","s1647_F_GON_01_ASEReadCounter.table","NW_015090842.1:9868444",8,14,6
"ANKRD11","s1647_F_GON_01_ASEReadCounter.table","NW_015090842.1:9868519",10,16,6
"ANKRD11","s1647_F_GON_01_ASEReadCounter.table","NW_015090842.1:9868609",11,18,7
"ANKRD11","s1647_F_GON_01_ASEReadCounter.table","NW_015090842.1:9868666",7,14,7
"ANKRD11","s1647_F_GON_01_ASEReadCounter.table","NW_015090842.1:9868738",9,9,0
"ANKRD11","s1647_F_GON_01_ASEReadCounter.table","NW_015090842.1:9869431",11,14,3
"ANKRD11","s1647_F_GON_01_ASEReadCounter.table","NW_015090842.1:9869578",12,20,8
"ANKRD11","s1647_F_GON_01_ASEReadCounter.table","NW_015090842.1:9869734",11,18,7
"ANKRD11","s1647_F_GON_01_ASEReadCounter.table","NW_015090842.1:9870070",9,14,5
"ANKRD11","s1647_F_GON_01_ASEReadCounter.table","NW_015090842.1:9870349",5,8,3
"ANKRD11","s1647_F_GON_01_ASEReadCounter.table","NW_015090842.1:9870604",10,15,5
"ANKRD11","s1647_F_GON_01_ASEReadCounter.table","NW_015090842.1:9870613",9,14,5
"ANKRD11","s1647_F_GON_01_ASEReadCounter.table","NW_015090842.1:9870685",8,14,6
"ANKRD11","s1647_F_GON_01_ASEReadCounter.table","NW_015090842.1:9870760",7,15,8
"ANKRD11","s1647_F_GON_01_ASEReadCounter.table","NW_015090842.1:9870847",7,15,8
"ANKRD11","s1647_F_GON_01_ASEReadCounter.table","NW_015090842.1:9871103",8,8,0
"ANKRD11","s1647_F_GON_01_ASEReadCounter.table","NW_015090842.1:9871165",7,10,3
"ANKRD11","s1647_F_GON_01_ASEReadCounter.table","NW_015090842.1:9871508",14,14,0
"ANKRD11","s1647_F_GON_01_ASEReadCounter.table","NW_015090842.1:9871820",3,6,3
"ANKRD11","s1647_F_GON_01_ASEReadCounter.table","NW_015090842.1:9872118",5,10,5
"ANKRD11","s1647_F_GON_01_ASEReadCounter.table","NW_015090842.1:9877406",6,7,1
"SPG7","s1647_F_GON_01_ASEReadCounter.table","NW_015090842.1:10051190",148,296,148
"SPG7","s1647_F_GON_01_ASEReadCounter.table","NW_015090842.1:10051218",155,358,203
"SPG7","s1647_F_GON_01_ASEReadCounter.table","NW_015090842.1:10052348",150,337,187
"SPG7","s1647_F_GON_01_ASEReadCounter.table","NW_015090842.1:10052366",138,340,202
"SPG7","s1647_F_GON_01_ASEReadCounter.table","NW_015090842.1:10065173",177,406,229
"SPG7","s1647_F_GON_01_ASEReadCounter.table","NW_015090842.1:10065215",166,367,201
"SPG7","s1647_F_GON_01_ASEReadCounter.table","NW_015090842.1:10066365",146,325,179
"SPG7","s1647_F_GON_01_ASEReadCounter.table","NW_015090842.1:10069752",180,386,206
"SPG7","s1647_F_GON_01_ASEReadCounter.table","NW_015090842.1:10069800",163,393,230
"SPG7","s1647_F_GON_01_ASEReadCounter.table","NW_015090842.1:10071192",172,402,230
"SPG7","s1647_F_GON_01_ASEReadCounter.table","NW_015090842.1:10071219",151,360,209
"SPG7","s1647_F_GON_01_ASEReadCounter.table","NW_015090842.1:10071967",134,353,219
"SPG7","s1647_F_GON_01_ASEReadCounter.table","NW_015090842.1:10075109",207,467,260
"SPG7","s1647_F_GON_01_ASEReadCounter.table","NW_015090842.1:10075114",213,467,254
"SPG7","s1647_F_GON_01_ASEReadCounter.table","NW_015090842.1:10075198",157,371,214
"SPG7","s1647_F_GON_01_ASEReadCounter.table","NW_015090842.1:10075487",112,261,149
"SPG7","s1647_F_GON_01_ASEReadCounter.table","NW_015090842.1:10075488",112,263,151
"SPG7","s1647_F_GON_01_ASEReadCounter.table","NW_015090842.1:10075548",92,202,110
"RPL13","s1647_F_GON_01_ASEReadCounter.table","NW_015090842.1:10077387",665,1357,692
"RPL13","s1647_F_GON_01_ASEReadCounter.table","NW_015090842.1:10077978",1008,2111,1103
"RPL13","s1647_F_GON_01_ASEReadCounter.table","NW_015090842.1:10077992",964,2009,1045
"CPNE7","s1647_F_GON_01_ASEReadCounter.table","NW_015090842.1:10084001",2,2,0
"CPNE7","s1647_F_GON_01_ASEReadCounter.table","NW_015090842.1:10084856",1,2,1
"CPNE7","s1647_F_GON_01_ASEReadCounter.table","NW_015090842.1:10084872",2,3,1
"CPNE7","s1647_F_GON_01_ASEReadCounter.table","NW_015090842.1:10084892",5,6,1
"CPNE7","s1647_F_GON_01_ASEReadCounter.table","NW_015090842.1:10084921",5,6,1
"CPNE7","s1647_F_GON_01_ASEReadCounter.table","NW_015090842.1:10084935",4,4,0
"CPNE7","s1647_F_GON_01_ASEReadCounter.table","NW_015090842.1:10085000",2,3,1
"CPNE7","s1647_F_GON_01_ASEReadCounter.table","NW_015090842.1:10085089",1,3,2
"CPNE7","s1647_F_GON_01_ASEReadCounter.table","NW_015090842.1:10085096",1,3,2
"CPNE7","s1647_F_GON_01_ASEReadCounter.table","NW_015090842.1:10085126",0,1,1
"CPNE7","s1647_F_GON_01_ASEReadCounter.table","NW_015090842.1:10085180",0,1,1
"CPNE7","s1647_F_GON_01_ASEReadCounter.table","NW_015090842.1:10085201",1,2,1
"CPNE7","s1647_F_GON_01_ASEReadCounter.table","NW_015090842.1:10088134",1,2,1
"CPNE7","s1647_F_GON_01_ASEReadCounter.table","NW_015090842.1:10088146",0,1,1
"CPNE7","s1647_F_GON_01_ASEReadCounter.table","NW_015090842.1:10088806",8,11,3
"CPNE7","s1647_F_GON_01_ASEReadCounter.table","NW_015090842.1:10088940",6,10,4
"CPNE7","s1647_F_GON_01_ASEReadCounter.table","NW_015090842.1:10088965",5,7,2
"CPNE7","s1647_F_GON_01_ASEReadCounter.table","NW_015090842.1:10088967",5,7,2
"CPNE7","s1647_F_GON_01_ASEReadCounter.table","NW_015090842.1:10088973",5,7,2
"CPNE7","s1647_F_GON_01_ASEReadCounter.table","NW_015090842.1:10090924",6,8,2
"CPNE7","s1647_F_GON_01_ASEReadCounter.table","NW_015090842.1:10090930",5,7,2
"CPNE7","s1647_F_GON_01_ASEReadCounter.table","NW_015090842.1:10091075",1,3,2
"CPNE7","s1647_F_GON_01_ASEReadCounter.table","NW_015090842.1:10091389",2,5,3
"CPNE7","s1647_F_GON_01_ASEReadCounter.table","NW_015090842.1:10091407",4,8,4
"CPNE7","s1647_F_GON_01_ASEReadCounter.table","NW_015090842.1:10091488",9,9,0
"CPNE7","s1647_F_GON_01_ASEReadCounter.table","NW_015090842.1:10091491",9,9,0
"CPNE7","s1647_F_GON_01_ASEReadCounter.table","NW_015090842.1:10091530",3,4,1
"CPNE7","s1647_F_GON_01_ASEReadCounter.table","NW_015090842.1:10091875",3,4,1
"CPNE7","s1647_F_GON_01_ASEReadCounter.table","NW_015090842.1:10091983",2,4,2
"CPNE7","s1647_F_GON_01_ASEReadCounter.table","NW_015090842.1:10091997",2,4,2
"CPNE7","s1647_F_GON_01_ASEReadCounter.table","NW_015090842.1:10092038",1,4,3
"CPNE7","s1647_F_GON_01_ASEReadCounter.table","NW_015090842.1:10092140",1,6,5
"CPNE7","s1647_F_GON_01_ASEReadCounter.table","NW_015090842.1:10092183",1,3,2
"CPNE7","s1647_F_GON_01_ASEReadCounter.table","NW_015090842.1:10092201",1,3,2
"CPNE7","s1647_F_GON_01_ASEReadCounter.table","NW_015090842.1:10092230",1,2,1
"CPNE7","s1647_F_GON_01_ASEReadCounter.table","NW_015090842.1:10092246",1,2,1
"LOC106888185","s1647_F_GON_01_ASEReadCounter.table","NW_015090842.1:10094965",3,11,8
"LOC106888185","s1647_F_GON_01_ASEReadCounter.table","NW_015090842.1:10094966",4,11,7
"LOC106888185","s1647_F_GON_01_ASEReadCounter.table","NW_015090842.1:10094985",4,12,8
"LOC106888185","s1647_F_GON_01_ASEReadCounter.table","NW_015090842.1:10095055",0,6,6
"LOC106888185","s1647_F_GON_01_ASEReadCounter.table","NW_015090842.1:10095062",0,5,5
"LOC106888185","s1647_F_GON_01_ASEReadCounter.table","NW_015090842.1:10095130",1,11,10
"LOC106888185","s1647_F_GON_01_ASEReadCounter.table","NW_015090842.1:10095265",24,45,21
"LOC106888185","s1647_F_GON_01_ASEReadCounter.table","NW_015090842.1:10095586",24,62,38
"LOC106888185","s1647_F_GON_01_ASEReadCounter.table","NW_015090842.1:10095593",23,59,36
"LOC106888185","s1647_F_GON_01_ASEReadCounter.table","NW_015090842.1:10095616",20,51,31
"LOC106888185","s1647_F_GON_01_ASEReadCounter.table","NW_015090842.1:10095662",13,38,25
"LOC106888185","s1647_F_GON_01_ASEReadCounter.table","NW_015090842.1:10095674",12,36,24
"LOC106888185","s1647_F_GON_01_ASEReadCounter.table","NW_015090842.1:10095786",17,52,35
"LOC106888185","s1647_F_GON_01_ASEReadCounter.table","NW_015090842.1:10095831",20,51,31
"LOC106888185","s1647_F_GON_01_ASEReadCounter.table","NW_015090842.1:10096230",20,43,23
"LOC106888185","s1647_F_GON_01_ASEReadCounter.table","NW_015090842.1:10096249",23,49,26
"LOC106888185","s1647_F_GON_01_ASEReadCounter.table","NW_015090842.1:10096272",25,62,37
"LOC106888185","s1647_F_GON_01_ASEReadCounter.table","NW_015090842.1:10096288",24,59,35
"LOC106888185","s1647_F_GON_01_ASEReadCounter.table","NW_015090842.1:10097248",27,61,34
"LOC106888185","s1647_F_GON_01_ASEReadCounter.table","NW_015090842.1:10097265",33,73,40
"LOC106888185","s1647_F_GON_01_ASEReadCounter.table","NW_015090842.1:10097446",2,7,5
"DPEP1","s1647_F_GON_01_ASEReadCounter.table","NW_015090842.1:10098017",1,5,4
"DPEP1","s1647_F_GON_01_ASEReadCounter.table","NW_015090842.1:10098518",0,14,14
"DPEP1","s1647_F_GON_01_ASEReadCounter.table","NW_015090842.1:10098595",3,14,11
"DPEP1","s1647_F_GON_01_ASEReadCounter.table","NW_015090842.1:10098597",3,11,8
"DPEP1","s1647_F_GON_01_ASEReadCounter.table","NW_015090842.1:10098601",3,12,9
"DPEP1","s1647_F_GON_01_ASEReadCounter.table","NW_015090842.1:10098608",3,11,8
"DPEP1","s1647_F_GON_01_ASEReadCounter.table","NW_015090842.1:10098630",2,7,5
"DPEP1","s1647_F_GON_01_ASEReadCounter.table","NW_015090842.1:10098659",3,9,6
"DPEP1","s1647_F_GON_01_ASEReadCounter.table","NW_015090842.1:10099765",4,15,11
"DPEP1","s1647_F_GON_01_ASEReadCounter.table","NW_015090842.1:10099985",4,19,15
"DPEP1","s1647_F_GON_01_ASEReadCounter.table","NW_015090842.1:10099986",4,19,15
"DPEP1","s1647_F_GON_01_ASEReadCounter.table","NW_015090842.1:10099991",4,18,14
"DPEP1","s1647_F_GON_01_ASEReadCounter.table","NW_015090842.1:10100044",4,16,12
"DPEP1","s1647_F_GON_01_ASEReadCounter.table","NW_015090842.1:10100045",4,16,12
"DPEP1","s1647_F_GON_01_ASEReadCounter.table","NW_015090842.1:10100084",5,18,13
"DPEP1","s1647_F_GON_01_ASEReadCounter.table","NW_015090842.1:10100295",8,21,13
"DPEP1","s1647_F_GON_01_ASEReadCounter.table","NW_015090842.1:10100529",3,13,10
"DPEP1","s1647_F_GON_01_ASEReadCounter.table","NW_015090842.1:10100893",6,29,23
"DPEP1","s1647_F_GON_01_ASEReadCounter.table","NW_015090842.1:10100902",7,29,22
"DPEP1","s1647_F_GON_01_ASEReadCounter.table","NW_015090842.1:10101072",6,32,26
"DPEP1","s1647_F_GON_01_ASEReadCounter.table","NW_015090842.1:10101199",6,26,20
"DPEP1","s1647_F_GON_01_ASEReadCounter.table","NW_015090842.1:10101483",2,24,22
"DPEP1","s1647_F_GON_01_ASEReadCounter.table","NW_015090842.1:10101497",3,26,23
"DPEP1","s1647_F_GON_01_ASEReadCounter.table","NW_015090842.1:10101525",5,24,19
"DPEP1","s1647_F_GON_01_ASEReadCounter.table","NW_015090842.1:10101875",5,16,11
"DPEP1","s1647_F_GON_01_ASEReadCounter.table","NW_015090842.1:10101913",2,9,7
"DPEP1","s1647_F_GON_01_ASEReadCounter.table","NW_015090842.1:10101996",0,9,9
"DPEP1","s1647_F_GON_01_ASEReadCounter.table","NW_015090842.1:10102014",0,8,8
"DPEP1","s1647_F_GON_01_ASEReadCounter.table","NW_015090842.1:10102035",0,5,5
"CHMP1A","s1647_F_GON_01_ASEReadCounter.table","NW_015090842.1:10102901",59,179,120
"CHMP1A","s1647_F_GON_01_ASEReadCounter.table","NW_015090842.1:10102961",43,170,127
"CHMP1A","s1647_F_GON_01_ASEReadCounter.table","NW_015090842.1:10102996",46,167,121
"CHMP1A","s1647_F_GON_01_ASEReadCounter.table","NW_015090842.1:10103004",54,175,121
"CHMP1A","s1647_F_GON_01_ASEReadCounter.table","NW_015090842.1:10103006",54,176,122
"CHMP1A","s1647_F_GON_01_ASEReadCounter.table","NW_015090842.1:10103052",86,229,143
"CHMP1A","s1647_F_GON_01_ASEReadCounter.table","NW_015090842.1:10103095",91,227,136
"CHMP1A","s1647_F_GON_01_ASEReadCounter.table","NW_015090842.1:10103096",91,224,133
"CHMP1A","s1647_F_GON_01_ASEReadCounter.table","NW_015090842.1:10103152",76,163,87
"CHMP1A","s1647_F_GON_01_ASEReadCounter.table","NW_015090842.1:10103173",80,171,91
"CHMP1A","s1647_F_GON_01_ASEReadCounter.table","NW_015090842.1:10103334",72,133,61
"CHMP1A","s1647_F_GON_01_ASEReadCounter.table","NW_015090842.1:10103373",35,118,83
"CHMP1A","s1647_F_GON_01_ASEReadCounter.table","NW_015090842.1:10103408",65,157,92
"CHMP1A","s1647_F_GON_01_ASEReadCounter.table","NW_015090842.1:10103412",69,160,91
"CHMP1A","s1647_F_GON_01_ASEReadCounter.table","NW_015090842.1:10103512",98,202,104
"CHMP1A","s1647_F_GON_01_ASEReadCounter.table","NW_015090842.1:10103513",98,205,107
"CHMP1A","s1647_F_GON_01_ASEReadCounter.table","NW_015090842.1:10103583",66,150,84
"CHMP1A","s1647_F_GON_01_ASEReadCounter.table","NW_015090842.1:10103614",59,151,92
"CHMP1A","s1647_F_GON_01_ASEReadCounter.table","NW_015090842.1:10103657",62,167,105
"CHMP1A","s1647_F_GON_01_ASEReadCounter.table","NW_015090842.1:10103669",49,153,104
"CHMP1A","s1647_F_GON_01_ASEReadCounter.table","NW_015090842.1:10103674",54,150,96
"CHMP1A","s1647_F_GON_01_ASEReadCounter.table","NW_015090842.1:10103677",50,144,94
"CHMP1A","s1647_F_GON_01_ASEReadCounter.table","NW_015090842.1:10103729",65,138,73
"CHMP1A","s1647_F_GON_01_ASEReadCounter.table","NW_015090842.1:10103758",65,139,74
"CHMP1A","s1647_F_GON_01_ASEReadCounter.table","NW_015090842.1:10103761",65,144,79
"CHMP1A","s1647_F_GON_01_ASEReadCounter.table","NW_015090842.1:10103788",82,188,106
"CHMP1A","s1647_F_GON_01_ASEReadCounter.table","NW_015090842.1:10103789",81,187,106
"CHMP1A","s1647_F_GON_01_ASEReadCounter.table","NW_015090842.1:10103790",83,191,108
"CHMP1A","s1647_F_GON_01_ASEReadCounter.table","NW_015090842.1:10103950",88,191,103
"CHMP1A","s1647_F_GON_01_ASEReadCounter.table","NW_015090842.1:10104335",68,131,63
"CHMP1A","s1647_F_GON_01_ASEReadCounter.table","NW_015090842.1:10104429",89,175,86
"CHMP1A","s1647_F_GON_01_ASEReadCounter.table","NW_015090842.1:10104532",100,202,102
"CHMP1A","s1647_F_GON_01_ASEReadCounter.table","NW_015090842.1:10104633",82,163,81
"CHMP1A","s1647_F_GON_01_ASEReadCounter.table","NW_015090842.1:10104759",85,166,81
"CHMP1A","s1647_F_GON_01_ASEReadCounter.table","NW_015090842.1:10104794",85,180,95
"CHMP1A","s1647_F_GON_01_ASEReadCounter.table","NW_015090842.1:10104841",137,138,1
"CHMP1A","s1647_F_GON_01_ASEReadCounter.table","NW_015090842.1:10104844",57,137,80
"CHMP1A","s1647_F_GON_01_ASEReadCounter.table","NW_015090842.1:10106242",82,168,86
"CHMP1A","s1647_F_GON_01_ASEReadCounter.table","NW_015090842.1:10106290",71,162,91
"CHMP1A","s1647_F_GON_01_ASEReadCounter.table","NW_015090842.1:10106335",97,191,94
"CHMP1A","s1647_F_GON_01_ASEReadCounter.table","NW_015090842.1:10106383",100,208,108
"CHMP1A","s1647_F_GON_01_ASEReadCounter.table","NW_015090842.1:10106747",92,202,110
"CHMP1A","s1647_F_GON_01_ASEReadCounter.table","NW_015090842.1:10107404",94,195,101
"CHMP1A","s1647_F_GON_01_ASEReadCounter.table","NW_015090842.1:10107876",94,212,118
"CDK10","s1647_F_GON_01_ASEReadCounter.table","NW_015090842.1:10109030",20,25,5
"CDK10","s1647_F_GON_01_ASEReadCounter.table","NW_015090842.1:10109963",91,191,100
"CDK10","s1647_F_GON_01_ASEReadCounter.table","NW_015090842.1:10110887",85,178,93
"CDK10","s1647_F_GON_01_ASEReadCounter.table","NW_015090842.1:10111254",59,127,68
"CDK10","s1647_F_GON_01_ASEReadCounter.table","NW_015090842.1:10111380",60,147,87
"CDK10","s1647_F_GON_01_ASEReadCounter.table","NW_015090842.1:10111395",67,163,96
"CDK10","s1647_F_GON_01_ASEReadCounter.table","NW_015090842.1:10111437",43,149,106
"CDK10","s1647_F_GON_01_ASEReadCounter.table","NW_015090842.1:10111798",93,182,89
"CDK10","s1647_F_GON_01_ASEReadCounter.table","NW_015090842.1:10111840",100,193,93
"CDK10","s1647_F_GON_01_ASEReadCounter.table","NW_015090842.1:10112031",57,155,98
"CDK10","s1647_F_GON_01_ASEReadCounter.table","NW_015090842.1:10112285",85,177,92
"CDK10","s1647_F_GON_01_ASEReadCounter.table","NW_015090842.1:10112398",91,176,85
"CDK10","s1647_F_GON_01_ASEReadCounter.table","NW_015090842.1:10112455",72,150,78
"CDK10","s1647_F_GON_01_ASEReadCounter.table","NW_015090842.1:10112461",67,137,70
"CDK10","s1647_F_GON_01_ASEReadCounter.table","NW_015090842.1:10112497",59,119,60
"CDK10","s1647_F_GON_01_ASEReadCounter.table","NW_015090842.1:10112508",55,124,69
"CDK10","s1647_F_GON_01_ASEReadCounter.table","NW_015090842.1:10112518",40,104,64
"CDK10","s1647_F_GON_01_ASEReadCounter.table","NW_015090842.1:10112540",25,92,67
"CDK10","s1647_F_GON_01_ASEReadCounter.table","NW_015090842.1:10112556",47,112,65
"CDK10","s1647_F_GON_01_ASEReadCounter.table","NW_015090842.1:10112561",47,119,72
"CDK10","s1647_F_GON_01_ASEReadCounter.table","NW_015090842.1:10112596",58,131,73
"CDK10","s1647_F_GON_01_ASEReadCounter.table","NW_015090842.1:10112630",40,92,52
"CDK10","s1647_F_GON_01_ASEReadCounter.table","NW_015090842.1:10112656",35,82,47
"CDK10","s1647_F_GON_01_ASEReadCounter.table","NW_015090842.1:10112665",35,68,33
"CDK10","s1647_F_GON_01_ASEReadCounter.table","NW_015090842.1:10112668",34,67,33
"CDK10","s1647_F_GON_01_ASEReadCounter.table","NW_015090842.1:10112781",21,44,23
"CDK10","s1647_F_GON_01_ASEReadCounter.table","NW_015090842.1:10112782",21,44,23
"CDK10","s1647_F_GON_01_ASEReadCounter.table","NW_015090842.1:10112795",22,43,21
"CDK10","s1647_F_GON_01_ASEReadCounter.table","NW_015090842.1:10112841",16,23,7
"CDK10","s1647_F_GON_01_ASEReadCounter.table","NW_015090842.1:10112861",11,18,7
"SPATA2L","s1647_F_GON_01_ASEReadCounter.table","NW_015090842.1:10113212",3,7,4
"SPATA2L","s1647_F_GON_01_ASEReadCounter.table","NW_015090842.1:10113280",6,18,12
"SPATA2L","s1647_F_GON_01_ASEReadCounter.table","NW_015090842.1:10113296",6,21,15
"SPATA2L","s1647_F_GON_01_ASEReadCounter.table","NW_015090842.1:10113321",5,21,16
"SPATA2L","s1647_F_GON_01_ASEReadCounter.table","NW_015090842.1:10113332",5,23,18
"SPATA2L","s1647_F_GON_01_ASEReadCounter.table","NW_015090842.1:10113380",5,25,20
"SPATA2L","s1647_F_GON_01_ASEReadCounter.table","NW_015090842.1:10113381",5,25,20
"SPATA2L","s1647_F_GON_01_ASEReadCounter.table","NW_015090842.1:10113412",5,20,15
"SPATA2L","s1647_F_GON_01_ASEReadCounter.table","NW_015090842.1:10113421",4,18,14
"SPATA2L","s1647_F_GON_01_ASEReadCounter.table","NW_015090842.1:10113465",4,20,16
"SPATA2L","s1647_F_GON_01_ASEReadCounter.table","NW_015090842.1:10113535",7,25,18
"SPATA2L","s1647_F_GON_01_ASEReadCounter.table","NW_015090842.1:10113645",3,15,12
"SPATA2L","s1647_F_GON_01_ASEReadCounter.table","NW_015090842.1:10113682",9,26,17
"SPATA2L","s1647_F_GON_01_ASEReadCounter.table","NW_015090842.1:10113696",10,24,14
"SPATA2L","s1647_F_GON_01_ASEReadCounter.table","NW_015090842.1:10113727",10,31,21
"SPATA2L","s1647_F_GON_01_ASEReadCounter.table","NW_015090842.1:10113799",15,30,15
"SPATA2L","s1647_F_GON_01_ASEReadCounter.table","NW_015090842.1:10113809",17,30,13
"SPATA2L","s1647_F_GON_01_ASEReadCounter.table","NW_015090842.1:10113827",19,31,12
"SPATA2L","s1647_F_GON_01_ASEReadCounter.table","NW_015090842.1:10113831",18,30,12
"SPATA2L","s1647_F_GON_01_ASEReadCounter.table","NW_015090842.1:10113894",11,24,13
"SPATA2L","s1647_F_GON_01_ASEReadCounter.table","NW_015090842.1:10113905",7,24,17
"SPATA2L","s1647_F_GON_01_ASEReadCounter.table","NW_015090842.1:10113914",9,27,18
"SPATA2L","s1647_F_GON_01_ASEReadCounter.table","NW_015090842.1:10113920",10,29,19
"SPATA2L","s1647_F_GON_01_ASEReadCounter.table","NW_015090842.1:10113937",13,33,20
"SPATA2L","s1647_F_GON_01_ASEReadCounter.table","NW_015090842.1:10113971",13,35,22
"SPATA2L","s1647_F_GON_01_ASEReadCounter.table","NW_015090842.1:10113976",16,37,21
"SPATA2L","s1647_F_GON_01_ASEReadCounter.table","NW_015090842.1:10113985",16,36,20
"SPATA2L","s1647_F_GON_01_ASEReadCounter.table","NW_015090842.1:10113994",18,40,22
"SPATA2L","s1647_F_GON_01_ASEReadCounter.table","NW_015090842.1:10114063",8,25,17
"SPATA2L","s1647_F_GON_01_ASEReadCounter.table","NW_015090842.1:10114066",8,25,17
"SPATA2L","s1647_F_GON_01_ASEReadCounter.table","NW_015090842.1:10114069",9,26,17
"SPATA2L","s1647_F_GON_01_ASEReadCounter.table","NW_015090842.1:10114121",10,25,15
"SPATA2L","s1647_F_GON_01_ASEReadCounter.table","NW_015090842.1:10114159",15,25,10
"SPATA2L","s1647_F_GON_01_ASEReadCounter.table","NW_015090842.1:10114282",26,26,0
"SPATA2L","s1647_F_GON_01_ASEReadCounter.table","NW_015090842.1:10114470",10,19,9
"SPATA2L","s1647_F_GON_01_ASEReadCounter.table","NW_015090842.1:10114524",8,15,7
"VPS9D1","s1647_F_GON_01_ASEReadCounter.table","NW_015090842.1:10116377",3,10,7
"VPS9D1","s1647_F_GON_01_ASEReadCounter.table","NW_015090842.1:10116415",4,14,10
"VPS9D1","s1647_F_GON_01_ASEReadCounter.table","NW_015090842.1:10116607",7,18,11
"VPS9D1","s1647_F_GON_01_ASEReadCounter.table","NW_015090842.1:10116816",18,18,0
"VPS9D1","s1647_F_GON_01_ASEReadCounter.table","NW_015090842.1:10116821",9,18,9
"VPS9D1","s1647_F_GON_01_ASEReadCounter.table","NW_015090842.1:10116825",10,18,8
"VPS9D1","s1647_F_GON_01_ASEReadCounter.table","NW_015090842.1:10116882",8,14,6
"VPS9D1","s1647_F_GON_01_ASEReadCounter.table","NW_015090842.1:10116885",7,13,6
"VPS9D1","s1647_F_GON_01_ASEReadCounter.table","NW_015090842.1:10116933",5,11,6
"VPS9D1","s1647_F_GON_01_ASEReadCounter.table","NW_015090842.1:10116942",8,14,6
"VPS9D1","s1647_F_GON_01_ASEReadCounter.table","NW_015090842.1:10117152",2,9,7
"VPS9D1","s1647_F_GON_01_ASEReadCounter.table","NW_015090842.1:10117396",5,5,0
"VPS9D1","s1647_F_GON_01_ASEReadCounter.table","NW_015090842.1:10117405",2,2,0
"VPS9D1","s1647_F_GON_01_ASEReadCounter.table","NW_015090842.1:10117480",3,4,1
"VPS9D1","s1647_F_GON_01_ASEReadCounter.table","NW_015090842.1:10117497",6,6,0
"VPS9D1","s1647_F_GON_01_ASEReadCounter.table","NW_015090842.1:10117499",6,6,0
"VPS9D1","s1647_F_GON_01_ASEReadCounter.table","NW_015090842.1:10117516",6,8,2
"VPS9D1","s1647_F_GON_01_ASEReadCounter.table","NW_015090842.1:10117525",8,11,3
"VPS9D1","s1647_F_GON_01_ASEReadCounter.table","NW_015090842.1:10117579",5,9,4
"VPS9D1","s1647_F_GON_01_ASEReadCounter.table","NW_015090842.1:10117627",5,9,4
"VPS9D1","s1647_F_GON_01_ASEReadCounter.table","NW_015090842.1:10117678",2,6,4
"VPS9D1","s1647_F_GON_01_ASEReadCounter.table","NW_015090842.1:10117773",2,10,8
"VPS9D1","s1647_F_GON_01_ASEReadCounter.table","NW_015090842.1:10117937",4,11,7
"VPS9D1","s1647_F_GON_01_ASEReadCounter.table","NW_015090842.1:10117961",3,10,7
"VPS9D1","s1647_F_GON_01_ASEReadCounter.table","NW_015090842.1:10118236",5,12,7
"VPS9D1","s1647_F_GON_01_ASEReadCounter.table","NW_015090842.1:10118414",7,20,13
"VPS9D1","s1647_F_GON_01_ASEReadCounter.table","NW_015090842.1:10118973",8,18,10
"VPS9D1","s1647_F_GON_01_ASEReadCounter.table","NW_015090842.1:10119500",3,7,4
"ZNF276","s1647_F_GON_01_ASEReadCounter.table","NW_015090842.1:10121760",1,7,6
"ZNF276","s1647_F_GON_01_ASEReadCounter.table","NW_015090842.1:10121769",1,6,5
"ZNF276","s1647_F_GON_01_ASEReadCounter.table","NW_015090842.1:10121802",1,8,7
"ZNF276","s1647_F_GON_01_ASEReadCounter.table","NW_015090842.1:10121971",6,13,7
"ZNF276","s1647_F_GON_01_ASEReadCounter.table","NW_015090842.1:10122883",2,11,9
"ZNF276","s1647_F_GON_01_ASEReadCounter.table","NW_015090842.1:10123069",5,16,11
"ZNF276","s1647_F_GON_01_ASEReadCounter.table","NW_015090842.1:10123207",12,19,7
"ZNF276","s1647_F_GON_01_ASEReadCounter.table","NW_015090842.1:10125787",14,33,19
"ZNF276","s1647_F_GON_01_ASEReadCounter.table","NW_015090842.1:10126309",9,25,16
"ZNF276","s1647_F_GON_01_ASEReadCounter.table","NW_015090842.1:10126348",12,28,16
"ZNF276","s1647_F_GON_01_ASEReadCounter.table","NW_015090842.1:10126978",10,27,17
"ZNF276","s1647_F_GON_01_ASEReadCounter.table","NW_015090842.1:10126991",6,19,13
"ZNF276","s1647_F_GON_01_ASEReadCounter.table","NW_015090842.1:10127023",7,23,16
"ZNF276","s1647_F_GON_01_ASEReadCounter.table","NW_015090842.1:10127063",13,31,18
"ZNF276","s1647_F_GON_01_ASEReadCounter.table","NW_015090842.1:10127373",15,27,12
"ZNF276","s1647_F_GON_01_ASEReadCounter.table","NW_015090842.1:10127931",13,27,14
"ZNF276","s1647_F_GON_01_ASEReadCounter.table","NW_015090842.1:10128070",9,29,20
"ZNF276","s1647_F_GON_01_ASEReadCounter.table","NW_015090842.1:10128102",11,30,19
"ZNF276","s1647_F_GON_01_ASEReadCounter.table","NW_015090842.1:10128356",9,21,12
"ZNF276","s1647_F_GON_01_ASEReadCounter.table","NW_015090842.1:10128497",2,13,11
"FANCA","s1647_F_GON_01_ASEReadCounter.table","NW_015090842.1:10128743",18,35,17
"FANCA","s1647_F_GON_01_ASEReadCounter.table","NW_015090842.1:10128822",19,39,20
"FANCA","s1647_F_GON_01_ASEReadCounter.table","NW_015090842.1:10129383",29,60,31
"FANCA","s1647_F_GON_01_ASEReadCounter.table","NW_015090842.1:10129390",30,58,28
"FANCA","s1647_F_GON_01_ASEReadCounter.table","NW_015090842.1:10129422",34,56,22
"FANCA","s1647_F_GON_01_ASEReadCounter.table","NW_015090842.1:10129969",28,38,10
"FANCA","s1647_F_GON_01_ASEReadCounter.table","NW_015090842.1:10130399",23,36,13
"FANCA","s1647_F_GON_01_ASEReadCounter.table","NW_015090842.1:10130857",31,48,17
"FANCA","s1647_F_GON_01_ASEReadCounter.table","NW_015090842.1:10130878",21,38,17
"FANCA","s1647_F_GON_01_ASEReadCounter.table","NW_015090842.1:10133530",19,34,15
"FANCA","s1647_F_GON_01_ASEReadCounter.table","NW_015090842.1:10133533",16,32,16
"FANCA","s1647_F_GON_01_ASEReadCounter.table","NW_015090842.1:10133536",18,36,18
"FANCA","s1647_F_GON_01_ASEReadCounter.table","NW_015090842.1:10133601",22,44,22
"FANCA","s1647_F_GON_01_ASEReadCounter.table","NW_015090842.1:10134492",18,35,17
"FANCA","s1647_F_GON_01_ASEReadCounter.table","NW_015090842.1:10134531",14,34,20
"FANCA","s1647_F_GON_01_ASEReadCounter.table","NW_015090842.1:10136957",22,44,22
"FANCA","s1647_F_GON_01_ASEReadCounter.table","NW_015090842.1:10136982",15,32,17
"FANCA","s1647_F_GON_01_ASEReadCounter.table","NW_015090842.1:10136999",15,30,15
"FANCA","s1647_F_GON_01_ASEReadCounter.table","NW_015090842.1:10137019",18,33,15
"FANCA","s1647_F_GON_01_ASEReadCounter.table","NW_015090842.1:10137673",23,35,12
"FANCA","s1647_F_GON_01_ASEReadCounter.table","NW_015090842.1:10138618",12,24,12
"FANCA","s1647_F_GON_01_ASEReadCounter.table","NW_015090842.1:10139140",14,25,11
"FANCA","s1647_F_GON_01_ASEReadCounter.table","NW_015090842.1:10140699",14,25,11
"FANCA","s1647_F_GON_01_ASEReadCounter.table","NW_015090842.1:10141234",7,12,5
"FANCA","s1647_F_GON_01_ASEReadCounter.table","NW_015090842.1:10145030",4,15,11
"FANCA","s1647_F_GON_01_ASEReadCounter.table","NW_015090842.1:10150518",6,11,5
"FANCA","s1647_F_GON_01_ASEReadCounter.table","NW_015090842.1:10152863",8,12,4
"FANCA","s1647_F_GON_01_ASEReadCounter.table","NW_015090842.1:10154490",7,11,4
"FANCA","s1647_F_GON_01_ASEReadCounter.table","NW_015090842.1:10158162",8,12,4
"FANCA","s1647_F_GON_01_ASEReadCounter.table","NW_015090842.1:10158957",7,14,7
"FANCA","s1647_F_GON_01_ASEReadCounter.table","NW_015090842.1:10160177",8,14,6
"FANCA","s1647_F_GON_01_ASEReadCounter.table","NW_015090842.1:10162980",8,13,5
"FANCA","s1647_F_GON_01_ASEReadCounter.table","NW_015090842.1:10163667",3,8,5
"FANCA","s1647_F_GON_01_ASEReadCounter.table","NW_015090842.1:10164257",11,15,4
"FANCA","s1647_F_GON_01_ASEReadCounter.table","NW_015090842.1:10165331",11,14,3
"SPIRE2","s1647_F_GON_01_ASEReadCounter.table","NW_015090842.1:10172284",4,4,0
"SPIRE2","s1647_F_GON_01_ASEReadCounter.table","NW_015090842.1:10175262",5,7,2
"SPIRE2","s1647_F_GON_01_ASEReadCounter.table","NW_015090842.1:10175352",3,4,1
"SPIRE2","s1647_F_GON_01_ASEReadCounter.table","NW_015090842.1:10175400",8,9,1
"SPIRE2","s1647_F_GON_01_ASEReadCounter.table","NW_015090842.1:10175418",9,10,1
"SPIRE2","s1647_F_GON_01_ASEReadCounter.table","NW_015090842.1:10175704",11,14,3
"SPIRE2","s1647_F_GON_01_ASEReadCounter.table","NW_015090842.1:10176115",12,14,2
"SPIRE2","s1647_F_GON_01_ASEReadCounter.table","NW_015090842.1:10176561",11,12,1
"SPIRE2","s1647_F_GON_01_ASEReadCounter.table","NW_015090842.1:10176817",7,8,1
"SPIRE2","s1647_F_GON_01_ASEReadCounter.table","NW_015090842.1:10177084",8,10,2
"SPIRE2","s1647_F_GON_01_ASEReadCounter.table","NW_015090842.1:10177110",8,10,2
"SPIRE2","s1647_F_GON_01_ASEReadCounter.table","NW_015090842.1:10177838",5,6,1
"SPIRE2","s1647_F_GON_01_ASEReadCounter.table","NW_015090842.1:10178000",7,10,3
"SPIRE2","s1647_F_GON_01_ASEReadCounter.table","NW_015090842.1:10178164",12,12,0
"SPIRE2","s1647_F_GON_01_ASEReadCounter.table","NW_015090842.1:10178216",8,8,0
"SPIRE2","s1647_F_GON_01_ASEReadCounter.table","NW_015090842.1:10178403",3,4,1
"SPIRE2","s1647_F_GON_01_ASEReadCounter.table","NW_015090842.1:10178409",3,4,1
"SPIRE2","s1647_F_GON_01_ASEReadCounter.table","NW_015090842.1:10178524",3,3,0
"SPIRE2","s1647_F_GON_01_ASEReadCounter.table","NW_015090842.1:10178526",3,3,0
"SPIRE2","s1647_F_GON_01_ASEReadCounter.table","NW_015090842.1:10178531",3,3,0
"SPIRE2","s1647_F_GON_01_ASEReadCounter.table","NW_015090842.1:10178565",5,5,0
"SPIRE2","s1647_F_GON_01_ASEReadCounter.table","NW_015090842.1:10178587",4,4,0
"SPIRE2","s1647_F_GON_01_ASEReadCounter.table","NW_015090842.1:10178640",2,3,1
"SPIRE2","s1647_F_GON_01_ASEReadCounter.table","NW_015090842.1:10178651",3,4,1
"SPIRE2","s1647_F_GON_01_ASEReadCounter.table","NW_015090842.1:10178682",3,4,1
"TCF25","s1647_F_GON_01_ASEReadCounter.table","NW_015090842.1:10180912",40,86,46
"TCF25","s1647_F_GON_01_ASEReadCounter.table","NW_015090842.1:10180924",37,84,47
"TCF25","s1647_F_GON_01_ASEReadCounter.table","NW_015090842.1:10180931",39,85,46
"TCF25","s1647_F_GON_01_ASEReadCounter.table","NW_015090842.1:10185332",121,270,149
"TCF25","s1647_F_GON_01_ASEReadCounter.table","NW_015090842.1:10188816",96,205,109
"MC1R","s1647_F_GON_01_ASEReadCounter.table","NW_015090842.1:10202160",1,1,0
"MC1R","s1647_F_GON_01_ASEReadCounter.table","NW_015090842.1:10202460",1,1,0
"MC1R","s1647_F_GON_01_ASEReadCounter.table","NW_015090842.1:10202465",1,1,0
"DBNDD1","s1647_F_GON_01_ASEReadCounter.table","NW_015090842.1:10223105",96,204,108
"GAS8","s1647_F_GON_01_ASEReadCounter.table","NW_015090842.1:10228982",574,1147,573
"GAS8","s1647_F_GON_01_ASEReadCounter.table","NW_015090842.1:10229832",431,932,501
"GAS8","s1647_F_GON_01_ASEReadCounter.table","NW_015090842.1:10232375",416,842,426
"GAS8","s1647_F_GON_01_ASEReadCounter.table","NW_015090842.1:10232901",325,641,316
"GAS8","s1647_F_GON_01_ASEReadCounter.table","NW_015090842.1:10232928",278,553,275
"GAS8","s1647_F_GON_01_ASEReadCounter.table","NW_015090842.1:10232967",229,443,214
"GAS8","s1647_F_GON_01_ASEReadCounter.table","NW_015090842.1:10233032",126,278,152
"GAS8","s1647_F_GON_01_ASEReadCounter.table","NW_015090842.1:10233057",115,240,125
"GAS8","s1647_F_GON_01_ASEReadCounter.table","NW_015090842.1:10233058",116,241,125
"GAS8","s1647_F_GON_01_ASEReadCounter.table","NW_015090842.1:10233176",83,194,111
"GAS8","s1647_F_GON_01_ASEReadCounter.table","NW_015090842.1:10233196",79,184,105
"GAS8","s1647_F_GON_01_ASEReadCounter.table","NW_015090842.1:10233252",49,110,61
"GAS8","s1647_F_GON_01_ASEReadCounter.table","NW_015090842.1:10233303",21,45,24
"LOC106888094","s1647_F_GON_01_ASEReadCounter.table","NW_015090842.1:10233334",1,6,5
"LOC106888094","s1647_F_GON_01_ASEReadCounter.table","NW_015090842.1:10233362",2,12,10
"LOC106888094","s1647_F_GON_01_ASEReadCounter.table","NW_015090842.1:10233373",3,16,13
"LOC106888094","s1647_F_GON_01_ASEReadCounter.table","NW_015090842.1:10233388",6,20,14
"LOC106888094","s1647_F_GON_01_ASEReadCounter.table","NW_015090842.1:10233402",9,22,13
"LOC106888094","s1647_F_GON_01_ASEReadCounter.table","NW_015090842.1:10233465",14,25,11
"LOC106888094","s1647_F_GON_01_ASEReadCounter.table","NW_015090842.1:10233803",25,53,28
"LOC106888094","s1647_F_GON_01_ASEReadCounter.table","NW_015090842.1:10233815",25,52,27
"LOC106888094","s1647_F_GON_01_ASEReadCounter.table","NW_015090842.1:10235484",15,22,7
"LOC106888094","s1647_F_GON_01_ASEReadCounter.table","NW_015090842.1:10235611",8,17,9
"LOC106888094","s1647_F_GON_01_ASEReadCounter.table","NW_015090842.1:10236098",8,12,4
"LOC106888094","s1647_F_GON_01_ASEReadCounter.table","NW_015090842.1:10236161",3,10,7
"LOC106888094","s1647_F_GON_01_ASEReadCounter.table","NW_015090842.1:10236380",7,11,4
"LOC106888094","s1647_F_GON_01_ASEReadCounter.table","NW_015090842.1:10236388",7,11,4
"LOC106888094","s1647_F_GON_01_ASEReadCounter.table","NW_015090842.1:10236425",4,6,2
"LOC106888094","s1647_F_GON_01_ASEReadCounter.table","NW_015090842.1:10236426",4,7,3
"LOC106888094","s1647_F_GON_01_ASEReadCounter.table","NW_015090842.1:10236603",7,8,1
"LOC106888173","s1647_F_GON_01_ASEReadCounter.table","NW_015090842.1:10239596",1,7,6
"LOC106888173","s1647_F_GON_01_ASEReadCounter.table","NW_015090842.1:10240036",3,20,17
"LOC106888173","s1647_F_GON_01_ASEReadCounter.table","NW_015090842.1:10240095",7,27,20
"LOC106888173","s1647_F_GON_01_ASEReadCounter.table","NW_015090842.1:10240280",7,29,22
"LOC106888173","s1647_F_GON_01_ASEReadCounter.table","NW_015090842.1:10240557",13,22,9
"LOC106888173","s1647_F_GON_01_ASEReadCounter.table","NW_015090842.1:10240603",14,20,6
"LOC106888173","s1647_F_GON_01_ASEReadCounter.table","NW_015090842.1:10240609",14,20,6
"LOC106888173","s1647_F_GON_01_ASEReadCounter.table","NW_015090842.1:10240690",10,21,11
"LOC106888173","s1647_F_GON_01_ASEReadCounter.table","NW_015090842.1:10240924",5,19,14
"LOC106888173","s1647_F_GON_01_ASEReadCounter.table","NW_015090842.1:10241037",5,25,20
"LOC106888173","s1647_F_GON_01_ASEReadCounter.table","NW_015090842.1:10241046",6,25,19
"LOC106888173","s1647_F_GON_01_ASEReadCounter.table","NW_015090842.1:10241058",6,28,22
"LOC106888173","s1647_F_GON_01_ASEReadCounter.table","NW_015090842.1:10241064",7,30,23
"LOC106888173","s1647_F_GON_01_ASEReadCounter.table","NW_015090842.1:10241103",36,36,0
"LOC106888173","s1647_F_GON_01_ASEReadCounter.table","NW_015090842.1:10241163",16,42,26
"LOC106888173","s1647_F_GON_01_ASEReadCounter.table","NW_015090842.1:10241803",18,35,17
"LOC106888173","s1647_F_GON_01_ASEReadCounter.table","NW_015090842.1:10241827",18,34,16
"LOC106888173","s1647_F_GON_01_ASEReadCounter.table","NW_015090842.1:10241869",18,33,15
"LOC106888173","s1647_F_GON_01_ASEReadCounter.table","NW_015090842.1:10242079",13,26,13
"LOC106888173","s1647_F_GON_01_ASEReadCounter.table","NW_015090842.1:10242103",16,32,16
"LOC106888173","s1647_F_GON_01_ASEReadCounter.table","NW_015090842.1:10242157",18,33,15
"LOC106888173","s1647_F_GON_01_ASEReadCounter.table","NW_015090842.1:10242455",21,38,17
"LOC106888173","s1647_F_GON_01_ASEReadCounter.table","NW_015090842.1:10242481",21,39,18
"LOC106888173","s1647_F_GON_01_ASEReadCounter.table","NW_015090842.1:10242590",13,29,16
"LOC106888173","s1647_F_GON_01_ASEReadCounter.table","NW_015090842.1:10242794",8,16,8
"LOC106888173","s1647_F_GON_01_ASEReadCounter.table","NW_015090842.1:10242909",7,24,17
"LOC106888173","s1647_F_GON_01_ASEReadCounter.table","NW_015090842.1:10243094",14,28,14
"LOC106888173","s1647_F_GON_01_ASEReadCounter.table","NW_015090842.1:10243133",21,33,12
"LOC106888173","s1647_F_GON_01_ASEReadCounter.table","NW_015090842.1:10243273",23,40,17
"LOC106888173","s1647_F_GON_01_ASEReadCounter.table","NW_015090842.1:10243278",25,41,16
"LOC106888173","s1647_F_GON_01_ASEReadCounter.table","NW_015090842.1:10243281",25,41,16
"LOC106888173","s1647_F_GON_01_ASEReadCounter.table","NW_015090842.1:10243347",19,19,0
"LOC106888173","s1647_F_GON_01_ASEReadCounter.table","NW_015090842.1:10243353",13,18,5
"LOC106888173","s1647_F_GON_01_ASEReadCounter.table","NW_015090842.1:10243363",11,16,5
"LOC106888173","s1647_F_GON_01_ASEReadCounter.table","NW_015090842.1:10243365",11,16,5
"LOC106888173","s1647_F_GON_01_ASEReadCounter.table","NW_015090842.1:10243566",15,32,17
"LOC106888173","s1647_F_GON_01_ASEReadCounter.table","NW_015090842.1:10243605",14,28,14
"LOC106888173","s1647_F_GON_01_ASEReadCounter.table","NW_015090842.1:10243614",15,27,12
"LOC106888173","s1647_F_GON_01_ASEReadCounter.table","NW_015090842.1:10243615",15,27,12
"LOC106888173","s1647_F_GON_01_ASEReadCounter.table","NW_015090842.1:10243640",14,26,12
"LOC106888173","s1647_F_GON_01_ASEReadCounter.table","NW_015090842.1:10243680",11,15,4
"LOC106888173","s1647_F_GON_01_ASEReadCounter.table","NW_015090842.1:10243742",12,25,13
"LOC106888173","s1647_F_GON_01_ASEReadCounter.table","NW_015090842.1:10243804",9,19,10
"LOC106888173","s1647_F_GON_01_ASEReadCounter.table","NW_015090842.1:10243913",3,5,2
"LOC106888173","s1647_F_GON_01_ASEReadCounter.table","NW_015090842.1:10243921",3,5,2
"LOC106888384","s1647_F_GON_01_ASEReadCounter.table","NW_015090842.1:10244714",1,2,1
"LOC106888384","s1647_F_GON_01_ASEReadCounter.table","NW_015090842.1:10244998",1,2,1
"LOC106888384","s1647_F_GON_01_ASEReadCounter.table","NW_015090842.1:10250743",2,3,1
"LOC106888384","s1647_F_GON_01_ASEReadCounter.table","NW_015090842.1:10250771",2,3,1
"LOC106888384","s1647_F_GON_01_ASEReadCounter.table","NW_015090842.1:10251354",0,3,3
"LOC106888384","s1647_F_GON_01_ASEReadCounter.table","NW_015090842.1:10251358",0,3,3
"LOC106888384","s1647_F_GON_01_ASEReadCounter.table","NW_015090842.1:10251369",0,3,3
"LOC106888384","s1647_F_GON_01_ASEReadCounter.table","NW_015090842.1:10251370",0,3,3
"LOC106888384","s1647_F_GON_01_ASEReadCounter.table","NW_015090842.1:10251375",0,3,3
"LOC106888384","s1647_F_GON_01_ASEReadCounter.table","NW_015090842.1:10251388",0,2,2
"LOC106888384","s1647_F_GON_01_ASEReadCounter.table","NW_015090842.1:10251390",0,2,2
"LOC106888384","s1647_F_GON_01_ASEReadCounter.table","NW_015090842.1:10251393",0,2,2
"LOC106888384","s1647_F_GON_01_ASEReadCounter.table","NW_015090842.1:10251399",0,2,2
"LOC106888384","s1647_F_GON_01_ASEReadCounter.table","NW_015090842.1:10253165",2,4,2
"LOC106888384","s1647_F_GON_01_ASEReadCounter.table","NW_015090842.1:10253284",3,8,5
"LOC106888384","s1647_F_GON_01_ASEReadCounter.table","NW_015090842.1:10254028",5,13,8
"LOC106888384","s1647_F_GON_01_ASEReadCounter.table","NW_015090842.1:10254227",2,4,2
"LOC106888384","s1647_F_GON_01_ASEReadCounter.table","NW_015090842.1:10254233",2,2,0
"LOC106888384","s1647_F_GON_01_ASEReadCounter.table","NW_015090842.1:10254263",2,5,3
"LOC106888384","s1647_F_GON_01_ASEReadCounter.table","NW_015090842.1:10254293",2,5,3
"LOC106888384","s1647_F_GON_01_ASEReadCounter.table","NW_015090842.1:10254570",4,11,7
"LOC106888384","s1647_F_GON_01_ASEReadCounter.table","NW_015090842.1:10254605",7,7,0
"LOC106888384","s1647_F_GON_01_ASEReadCounter.table","NW_015090842.1:10254608",7,7,0
"LOC106888384","s1647_F_GON_01_ASEReadCounter.table","NW_015090842.1:10254618",5,6,1
"LOC106888384","s1647_F_GON_01_ASEReadCounter.table","NW_015090842.1:10254620",5,6,1
"LOC106888384","s1647_F_GON_01_ASEReadCounter.table","NW_015090842.1:10254623",4,5,1
"LOC106888384","s1647_F_GON_01_ASEReadCounter.table","NW_015090842.1:10254624",3,4,1
"LOC106888384","s1647_F_GON_01_ASEReadCounter.table","NW_015090842.1:10254627",4,5,1
"LOC106888384","s1647_F_GON_01_ASEReadCounter.table","NW_015090842.1:10254629",4,5,1
"LOC106888384","s1647_F_GON_01_ASEReadCounter.table","NW_015090842.1:10254647",1,1,0
"LOC106888384","s1647_F_GON_01_ASEReadCounter.table","NW_015090842.1:10254840",1,3,2
"LOC106888384","s1647_F_GON_01_ASEReadCounter.table","NW_015090842.1:10254891",2,2,0
"LOC106888384","s1647_F_GON_01_ASEReadCounter.table","NW_015090842.1:10254900",0,2,2
"LOC106888384","s1647_F_GON_01_ASEReadCounter.table","NW_015090842.1:10254915",1,6,5
"LOC106888384","s1647_F_GON_01_ASEReadCounter.table","NW_015090842.1:10254965",4,4,0
"LOC106888384","s1647_F_GON_01_ASEReadCounter.table","NW_015090842.1:10254975",2,7,5
"LOC106888384","s1647_F_GON_01_ASEReadCounter.table","NW_015090842.1:10255077",0,7,7
"LOC106888384","s1647_F_GON_01_ASEReadCounter.table","NW_015090842.1:10255117",0,7,7
"LOC106888384","s1647_F_GON_01_ASEReadCounter.table","NW_015090842.1:10255138",0,5,5
"LOC106888384","s1647_F_GON_01_ASEReadCounter.table","NW_015090842.1:10255139",0,5,5
"LOC106888384","s1647_F_GON_01_ASEReadCounter.table","NW_015090842.1:10255209",1,4,3
"LOC106888384","s1647_F_GON_01_ASEReadCounter.table","NW_015090842.1:10255211",1,4,3
"LOC106888384","s1647_F_GON_01_ASEReadCounter.table","NW_015090842.1:10255236",1,4,3
"LOC106888384","s1647_F_GON_01_ASEReadCounter.table","NW_015090842.1:10255262",1,3,2
"LOC106888384","s1647_F_GON_01_ASEReadCounter.table","NW_015090842.1:10255264",1,3,2
"LOC106888384","s1647_F_GON_01_ASEReadCounter.table","NW_015090842.1:10255306",2,8,6
"LOC106888384","s1647_F_GON_01_ASEReadCounter.table","NW_015090842.1:10255340",2,8,6
"LOC106888384","s1647_F_GON_01_ASEReadCounter.table","NW_015090842.1:10255410",2,5,3
"LOC106888384","s1647_F_GON_01_ASEReadCounter.table","NW_015090842.1:10255449",3,7,4
"LOC106888384","s1647_F_GON_01_ASEReadCounter.table","NW_015090842.1:10255496",2,9,7
"LOC106888384","s1647_F_GON_01_ASEReadCounter.table","NW_015090842.1:10255505",1,8,7
"LOC106888384","s1647_F_GON_01_ASEReadCounter.table","NW_015090842.1:10255531",2,11,9
"LOC106888384","s1647_F_GON_01_ASEReadCounter.table","NW_015090842.1:10255608",7,16,9
"LOC106888384","s1647_F_GON_01_ASEReadCounter.table","NW_015090842.1:10255704",97,103,6
"LOC106888384","s1647_F_GON_01_ASEReadCounter.table","NW_015090842.1:10255731",112,123,11
"LOC106888384","s1647_F_GON_01_ASEReadCounter.table","NW_015090842.1:10255771",89,101,12
"TANGO6","s1647_F_GON_01_ASEReadCounter.table","NW_015090842.1:10257782",42,56,14
"TANGO6","s1647_F_GON_01_ASEReadCounter.table","NW_015090842.1:10258162",20,40,20
"TANGO6","s1647_F_GON_01_ASEReadCounter.table","NW_015090842.1:10258185",23,47,24
"TANGO6","s1647_F_GON_01_ASEReadCounter.table","NW_015090842.1:10259267",22,44,22
"TANGO6","s1647_F_GON_01_ASEReadCounter.table","NW_015090842.1:10260250",90,161,71
"TANGO6","s1647_F_GON_01_ASEReadCounter.table","NW_015090842.1:10260289",76,132,56
"TANGO6","s1647_F_GON_01_ASEReadCounter.table","NW_015090842.1:10260309",59,101,42
"TANGO6","s1647_F_GON_01_ASEReadCounter.table","NW_015090842.1:10260979",48,79,31
"TANGO6","s1647_F_GON_01_ASEReadCounter.table","NW_015090842.1:10261599",41,78,37
"TANGO6","s1647_F_GON_01_ASEReadCounter.table","NW_015090842.1:10268425",77,153,76
"TANGO6","s1647_F_GON_01_ASEReadCounter.table","NW_015090842.1:10269831",61,121,60
"TANGO6","s1647_F_GON_01_ASEReadCounter.table","NW_015090842.1:10270813",53,112,59
"TANGO6","s1647_F_GON_01_ASEReadCounter.table","NW_015090842.1:10274018",24,33,9
"TANGO6","s1647_F_GON_01_ASEReadCounter.table","NW_015090842.1:10275974",22,28,6
"TANGO6","s1647_F_GON_01_ASEReadCounter.table","NW_015090842.1:10275976",22,28,6
"TANGO6","s1647_F_GON_01_ASEReadCounter.table","NW_015090842.1:10276123",19,30,11
"TANGO6","s1647_F_GON_01_ASEReadCounter.table","NW_015090842.1:10276271",23,32,9
"TANGO6","s1647_F_GON_01_ASEReadCounter.table","NW_015090842.1:10276272",22,31,9
"TANGO6","s1647_F_GON_01_ASEReadCounter.table","NW_015090842.1:10276275",23,33,10
"TANGO6","s1647_F_GON_01_ASEReadCounter.table","NW_015090842.1:10276278",23,33,10
"TANGO6","s1647_F_GON_01_ASEReadCounter.table","NW_015090842.1:10276368",17,24,7
"TANGO6","s1647_F_GON_01_ASEReadCounter.table","NW_015090842.1:10276373",16,25,9
"TANGO6","s1647_F_GON_01_ASEReadCounter.table","NW_015090842.1:10276630",15,25,10
"TANGO6","s1647_F_GON_01_ASEReadCounter.table","NW_015090842.1:10281498",13,25,12
"TANGO6","s1647_F_GON_01_ASEReadCounter.table","NW_015090842.1:10281516",17,27,10
"TANGO6","s1647_F_GON_01_ASEReadCounter.table","NW_015090842.1:10282842",18,31,13
"TANGO6","s1647_F_GON_01_ASEReadCounter.table","NW_015090842.1:10282863",16,28,12
"TANGO6","s1647_F_GON_01_ASEReadCounter.table","NW_015090842.1:10282869",15,26,11
"TANGO6","s1647_F_GON_01_ASEReadCounter.table","NW_015090842.1:10282903",16,27,11
"TANGO6","s1647_F_GON_01_ASEReadCounter.table","NW_015090842.1:10283757",19,27,8
"TANGO6","s1647_F_GON_01_ASEReadCounter.table","NW_015090842.1:10283785",20,32,12
"HAS3","s1647_F_GON_01_ASEReadCounter.table","NW_015090842.1:10288364",0,1,1
"HAS3","s1647_F_GON_01_ASEReadCounter.table","NW_015090842.1:10289269",0,3,3
"HAS3","s1647_F_GON_01_ASEReadCounter.table","NW_015090842.1:10289272",0,3,3
"HAS3","s1647_F_GON_01_ASEReadCounter.table","NW_015090842.1:10289469",0,2,2
"HAS3","s1647_F_GON_01_ASEReadCounter.table","NW_015090842.1:10290375",0,1,1
"HAS3","s1647_F_GON_01_ASEReadCounter.table","NW_015090842.1:10290395",0,1,1
"HAS3","s1647_F_GON_01_ASEReadCounter.table","NW_015090842.1:10290561",1,3,2
"HAS3","s1647_F_GON_01_ASEReadCounter.table","NW_015090842.1:10290609",2,5,3
"HAS3","s1647_F_GON_01_ASEReadCounter.table","NW_015090842.1:10290666",1,3,2
"HAS3","s1647_F_GON_01_ASEReadCounter.table","NW_015090842.1:10290723",0,1,1
"HAS3","s1647_F_GON_01_ASEReadCounter.table","NW_015090842.1:10290927",3,5,2
"HAS3","s1647_F_GON_01_ASEReadCounter.table","NW_015090842.1:10291004",0,1,1
"CHTF8","s1647_F_GON_01_ASEReadCounter.table","NW_015090842.1:10291319",28,38,10
"CHTF8","s1647_F_GON_01_ASEReadCounter.table","NW_015090842.1:10291491",69,94,25
"CHTF8","s1647_F_GON_01_ASEReadCounter.table","NW_015090842.1:10291520",68,115,47
"CHTF8","s1647_F_GON_01_ASEReadCounter.table","NW_015090842.1:10291593",72,123,51
"CHTF8","s1647_F_GON_01_ASEReadCounter.table","NW_015090842.1:10291600",68,118,50
"CHTF8","s1647_F_GON_01_ASEReadCounter.table","NW_015090842.1:10291609",64,109,45
"CHTF8","s1647_F_GON_01_ASEReadCounter.table","NW_015090842.1:10291639",68,118,50
"CHTF8","s1647_F_GON_01_ASEReadCounter.table","NW_015090842.1:10291641",68,120,52
"CHTF8","s1647_F_GON_01_ASEReadCounter.table","NW_015090842.1:10291648",74,125,51
"CHTF8","s1647_F_GON_01_ASEReadCounter.table","NW_015090842.1:10291656",74,128,54
"CHTF8","s1647_F_GON_01_ASEReadCounter.table","NW_015090842.1:10291675",75,131,56
"CHTF8","s1647_F_GON_01_ASEReadCounter.table","NW_015090842.1:10291696",75,134,59
"CHTF8","s1647_F_GON_01_ASEReadCounter.table","NW_015090842.1:10291714",70,123,53
"CHTF8","s1647_F_GON_01_ASEReadCounter.table","NW_015090842.1:10291732",62,129,67
"CHTF8","s1647_F_GON_01_ASEReadCounter.table","NW_015090842.1:10291755",59,119,60
"CHTF8","s1647_F_GON_01_ASEReadCounter.table","NW_015090842.1:10291756",60,118,58
"CHTF8","s1647_F_GON_01_ASEReadCounter.table","NW_015090842.1:10291758",59,117,58
"CHTF8","s1647_F_GON_01_ASEReadCounter.table","NW_015090842.1:10291792",71,122,51
"CHTF8","s1647_F_GON_01_ASEReadCounter.table","NW_015090842.1:10291895",86,127,41
"CHTF8","s1647_F_GON_01_ASEReadCounter.table","NW_015090842.1:10292132",70,121,51
"CHTF8","s1647_F_GON_01_ASEReadCounter.table","NW_015090842.1:10292314",72,131,59
"CHTF8","s1647_F_GON_01_ASEReadCounter.table","NW_015090842.1:10292317",75,136,61
"CHTF8","s1647_F_GON_01_ASEReadCounter.table","NW_015090842.1:10292928",10,24,14
"UTP4","s1647_F_GON_01_ASEReadCounter.table","NW_015090842.1:10293146",19,35,16
"UTP4","s1647_F_GON_01_ASEReadCounter.table","NW_015090842.1:10293151",19,34,15
"UTP4","s1647_F_GON_01_ASEReadCounter.table","NW_015090842.1:10293191",10,18,8
"UTP4","s1647_F_GON_01_ASEReadCounter.table","NW_015090842.1:10293362",21,37,16
"UTP4","s1647_F_GON_01_ASEReadCounter.table","NW_015090842.1:10293430",14,35,21
"UTP4","s1647_F_GON_01_ASEReadCounter.table","NW_015090842.1:10293625",15,38,23
"UTP4","s1647_F_GON_01_ASEReadCounter.table","NW_015090842.1:10293684",19,45,26
"UTP4","s1647_F_GON_01_ASEReadCounter.table","NW_015090842.1:10294093",16,33,17
"UTP4","s1647_F_GON_01_ASEReadCounter.table","NW_015090842.1:10294622",13,31,18
"UTP4","s1647_F_GON_01_ASEReadCounter.table","NW_015090842.1:10294632",13,32,19
"UTP4","s1647_F_GON_01_ASEReadCounter.table","NW_015090842.1:10295238",14,36,22
"UTP4","s1647_F_GON_01_ASEReadCounter.table","NW_015090842.1:10295880",19,43,24
"UTP4","s1647_F_GON_01_ASEReadCounter.table","NW_015090842.1:10295884",17,42,25
"UTP4","s1647_F_GON_01_ASEReadCounter.table","NW_015090842.1:10295903",18,44,26
"UTP4","s1647_F_GON_01_ASEReadCounter.table","NW_015090842.1:10295906",17,43,26
"UTP4","s1647_F_GON_01_ASEReadCounter.table","NW_015090842.1:10295915",16,44,28
"UTP4","s1647_F_GON_01_ASEReadCounter.table","NW_015090842.1:10295938",15,43,28
"UTP4","s1647_F_GON_01_ASEReadCounter.table","NW_015090842.1:10296175",16,35,19
"UTP4","s1647_F_GON_01_ASEReadCounter.table","NW_015090842.1:10296660",20,44,24
"UTP4","s1647_F_GON_01_ASEReadCounter.table","NW_015090842.1:10296679",18,42,24
"UTP4","s1647_F_GON_01_ASEReadCounter.table","NW_015090842.1:10297193",16,43,27
"UTP4","s1647_F_GON_01_ASEReadCounter.table","NW_015090842.1:10297220",10,36,26
"UTP4","s1647_F_GON_01_ASEReadCounter.table","NW_015090842.1:10297307",18,45,27
"UTP4","s1647_F_GON_01_ASEReadCounter.table","NW_015090842.1:10297558",24,53,29
"UTP4","s1647_F_GON_01_ASEReadCounter.table","NW_015090842.1:10297943",16,35,19
"UTP4","s1647_F_GON_01_ASEReadCounter.table","NW_015090842.1:10297979",19,41,22
"UTP4","s1647_F_GON_01_ASEReadCounter.table","NW_015090842.1:10298022",15,38,23
"UTP4","s1647_F_GON_01_ASEReadCounter.table","NW_015090842.1:10298079",1,10,9
"UTP4","s1647_F_GON_01_ASEReadCounter.table","NW_015090842.1:10298081",1,10,9
"UTP4","s1647_F_GON_01_ASEReadCounter.table","NW_015090842.1:10298082",1,10,9
"SNTB2","s1647_F_GON_01_ASEReadCounter.table","NW_015090842.1:10298905",2,4,2
"SNTB2","s1647_F_GON_01_ASEReadCounter.table","NW_015090842.1:10298928",2,5,3
"SNTB2","s1647_F_GON_01_ASEReadCounter.table","NW_015090842.1:10303506",7,17,10
"SNTB2","s1647_F_GON_01_ASEReadCounter.table","NW_015090842.1:10303524",5,13,8
"SNTB2","s1647_F_GON_01_ASEReadCounter.table","NW_015090842.1:10304059",3,6,3
"SNTB2","s1647_F_GON_01_ASEReadCounter.table","NW_015090842.1:10304089",5,12,7
"SNTB2","s1647_F_GON_01_ASEReadCounter.table","NW_015090842.1:10304167",7,19,12
"SNTB2","s1647_F_GON_01_ASEReadCounter.table","NW_015090842.1:10304176",5,15,10
"SNTB2","s1647_F_GON_01_ASEReadCounter.table","NW_015090842.1:10305069",3,13,10
"SNTB2","s1647_F_GON_01_ASEReadCounter.table","NW_015090842.1:10305099",2,13,11
"SNTB2","s1647_F_GON_01_ASEReadCounter.table","NW_015090842.1:10305171",4,10,6
"SNTB2","s1647_F_GON_01_ASEReadCounter.table","NW_015090842.1:10305177",4,9,5
"SNTB2","s1647_F_GON_01_ASEReadCounter.table","NW_015090842.1:10305451",7,14,7
"SNTB2","s1647_F_GON_01_ASEReadCounter.table","NW_015090842.1:10305547",3,10,7
"SNTB2","s1647_F_GON_01_ASEReadCounter.table","NW_015090842.1:10305847",5,17,12
"SNTB2","s1647_F_GON_01_ASEReadCounter.table","NW_015090842.1:10306173",10,20,10
"SNTB2","s1647_F_GON_01_ASEReadCounter.table","NW_015090842.1:10306275",4,7,3
"SNTB2","s1647_F_GON_01_ASEReadCounter.table","NW_015090842.1:10306457",5,11,6
"SNTB2","s1647_F_GON_01_ASEReadCounter.table","NW_015090842.1:10306496",2,7,5
"SNTB2","s1647_F_GON_01_ASEReadCounter.table","NW_015090842.1:10306499",3,7,4
"VPS4A","s1647_F_GON_01_ASEReadCounter.table","NW_015090842.1:10308566",92,223,131
"VPS4A","s1647_F_GON_01_ASEReadCounter.table","NW_015090842.1:10308573",96,228,132
"VPS4A","s1647_F_GON_01_ASEReadCounter.table","NW_015090842.1:10308856",120,363,243
"VPS4A","s1647_F_GON_01_ASEReadCounter.table","NW_015090842.1:10309056",167,452,285
"VPS4A","s1647_F_GON_01_ASEReadCounter.table","NW_015090842.1:10309089",207,498,291
"VPS4A","s1647_F_GON_01_ASEReadCounter.table","NW_015090842.1:10309392",186,467,281
"VPS4A","s1647_F_GON_01_ASEReadCounter.table","NW_015090842.1:10309413",206,478,272
"VPS4A","s1647_F_GON_01_ASEReadCounter.table","NW_015090842.1:10309467",203,525,322
"VPS4A","s1647_F_GON_01_ASEReadCounter.table","NW_015090842.1:10310230",181,479,298
"VPS4A","s1647_F_GON_01_ASEReadCounter.table","NW_015090842.1:10310425",155,388,233
"VPS4A","s1647_F_GON_01_ASEReadCounter.table","NW_015090842.1:10310639",179,449,270
"VPS4A","s1647_F_GON_01_ASEReadCounter.table","NW_015090842.1:10310734",148,392,244
"VPS4A","s1647_F_GON_01_ASEReadCounter.table","NW_015090842.1:10310737",146,392,246
"VPS4A","s1647_F_GON_01_ASEReadCounter.table","NW_015090842.1:10310746",155,411,256
"VPS4A","s1647_F_GON_01_ASEReadCounter.table","NW_015090842.1:10310767",152,396,244
"VPS4A","s1647_F_GON_01_ASEReadCounter.table","NW_015090842.1:10310995",182,427,245
"VPS4A","s1647_F_GON_01_ASEReadCounter.table","NW_015090842.1:10311004",183,411,228
"VPS4A","s1647_F_GON_01_ASEReadCounter.table","NW_015090842.1:10311007",173,413,240
"VPS4A","s1647_F_GON_01_ASEReadCounter.table","NW_015090842.1:10311013",184,424,240
"VPS4A","s1647_F_GON_01_ASEReadCounter.table","NW_015090842.1:10311022",156,385,229
"VPS4A","s1647_F_GON_01_ASEReadCounter.table","NW_015090842.1:10311023",154,387,233
"VPS4A","s1647_F_GON_01_ASEReadCounter.table","NW_015090842.1:10311426",186,471,285
"VPS4A","s1647_F_GON_01_ASEReadCounter.table","NW_015090842.1:10311489",1,12,11
"VPS4A","s1647_F_GON_01_ASEReadCounter.table","NW_015090842.1:10311490",1,11,10
"VPS4A","s1647_F_GON_01_ASEReadCounter.table","NW_015090842.1:10311525",7,16,9
"VPS4A","s1647_F_GON_01_ASEReadCounter.table","NW_015090842.1:10311529",8,26,18
"VPS4A","s1647_F_GON_01_ASEReadCounter.table","NW_015090842.1:10311530",8,27,19
"VPS4A","s1647_F_GON_01_ASEReadCounter.table","NW_015090842.1:10311552",26,60,34
"VPS4A","s1647_F_GON_01_ASEReadCounter.table","NW_015090842.1:10311689",22,50,28
"VPS4A","s1647_F_GON_01_ASEReadCounter.table","NW_015090842.1:10311700",32,61,29
"VPS4A","s1647_F_GON_01_ASEReadCounter.table","NW_015090842.1:10311701",32,63,31
"VPS4A","s1647_F_GON_01_ASEReadCounter.table","NW_015090842.1:10311703",32,63,31
"COG8","s1647_F_GON_01_ASEReadCounter.table","NW_015090842.1:10313487",7,21,14
"COG8","s1647_F_GON_01_ASEReadCounter.table","NW_015090842.1:10313559",10,27,17
"COG8","s1647_F_GON_01_ASEReadCounter.table","NW_015090842.1:10313579",8,27,19
"COG8","s1647_F_GON_01_ASEReadCounter.table","NW_015090842.1:10313665",13,26,13
"COG8","s1647_F_GON_01_ASEReadCounter.table","NW_015090842.1:10313681",14,28,14
"COG8","s1647_F_GON_01_ASEReadCounter.table","NW_015090842.1:10313768",16,35,19
"COG8","s1647_F_GON_01_ASEReadCounter.table","NW_015090842.1:10313775",16,38,22
"COG8","s1647_F_GON_01_ASEReadCounter.table","NW_015090842.1:10313811",12,32,20
"COG8","s1647_F_GON_01_ASEReadCounter.table","NW_015090842.1:10313858",8,23,15
"COG8","s1647_F_GON_01_ASEReadCounter.table","NW_015090842.1:10314100",19,39,20
"COG8","s1647_F_GON_01_ASEReadCounter.table","NW_015090842.1:10314213",24,46,22
"COG8","s1647_F_GON_01_ASEReadCounter.table","NW_015090842.1:10315093",15,30,15
"COG8","s1647_F_GON_01_ASEReadCounter.table","NW_015090842.1:10315162",9,29,20
"COG8","s1647_F_GON_01_ASEReadCounter.table","NW_015090842.1:10315285",22,37,15
"COG8","s1647_F_GON_01_ASEReadCounter.table","NW_015090842.1:10315360",17,35,18
"COG8","s1647_F_GON_01_ASEReadCounter.table","NW_015090842.1:10315369",16,36,20
"COG8","s1647_F_GON_01_ASEReadCounter.table","NW_015090842.1:10315504",5,20,15
"COG8","s1647_F_GON_01_ASEReadCounter.table","NW_015090842.1:10315508",6,20,14
"COG8","s1647_F_GON_01_ASEReadCounter.table","NW_015090842.1:10315624",12,29,17
"COG8","s1647_F_GON_01_ASEReadCounter.table","NW_015090842.1:10315693",11,29,18
"COG8","s1647_F_GON_01_ASEReadCounter.table","NW_015090842.1:10315698",11,28,17
"COG8","s1647_F_GON_01_ASEReadCounter.table","NW_015090842.1:10315768",3,14,11
"COG8","s1647_F_GON_01_ASEReadCounter.table","NW_015090842.1:10315769",3,13,10
"COG8","s1647_F_GON_01_ASEReadCounter.table","NW_015090842.1:10315784",2,12,10
"COG8","s1647_F_GON_01_ASEReadCounter.table","NW_015090842.1:10316093",6,27,21
"COG8","s1647_F_GON_01_ASEReadCounter.table","NW_015090842.1:10316133",4,20,16
"NIP7","s1647_F_GON_01_ASEReadCounter.table","NW_015090842.1:10316759",37,66,29
"NIP7","s1647_F_GON_01_ASEReadCounter.table","NW_015090842.1:10316967",212,353,141
"NIP7","s1647_F_GON_01_ASEReadCounter.table","NW_015090842.1:10316995",240,397,157
"NIP7","s1647_F_GON_01_ASEReadCounter.table","NW_015090842.1:10317240",271,465,194
"NIP7","s1647_F_GON_01_ASEReadCounter.table","NW_015090842.1:10317247",261,435,174
"NIP7","s1647_F_GON_01_ASEReadCounter.table","NW_015090842.1:10317264",242,405,163
"NIP7","s1647_F_GON_01_ASEReadCounter.table","NW_015090842.1:10317433",291,519,228
"NIP7","s1647_F_GON_01_ASEReadCounter.table","NW_015090842.1:10317738",218,404,186
"NIP7","s1647_F_GON_01_ASEReadCounter.table","NW_015090842.1:10317769",245,429,184
"NIP7","s1647_F_GON_01_ASEReadCounter.table","NW_015090842.1:10317808",145,248,103
"NIP7","s1647_F_GON_01_ASEReadCounter.table","NW_015090842.1:10317870",81,160,79
"NIP7","s1647_F_GON_01_ASEReadCounter.table","NW_015090842.1:10317871",83,161,78
"NIP7","s1647_F_GON_01_ASEReadCounter.table","NW_015090842.1:10317898",56,114,58
"NIP7","s1647_F_GON_01_ASEReadCounter.table","NW_015090842.1:10317911",51,98,47
"TMED6","s1647_F_GON_01_ASEReadCounter.table","NW_015090842.1:10318731",2,2,0
"TERF2","s1647_F_GON_01_ASEReadCounter.table","NW_015090842.1:10321665",14,14,0
"TERF2","s1647_F_GON_01_ASEReadCounter.table","NW_015090842.1:10321768",46,110,64
"TERF2","s1647_F_GON_01_ASEReadCounter.table","NW_015090842.1:10321777",42,107,65
"TERF2","s1647_F_GON_01_ASEReadCounter.table","NW_015090842.1:10321805",44,126,82
"TERF2","s1647_F_GON_01_ASEReadCounter.table","NW_015090842.1:10321878",60,152,92
"TERF2","s1647_F_GON_01_ASEReadCounter.table","NW_015090842.1:10321893",55,148,93
"TERF2","s1647_F_GON_01_ASEReadCounter.table","NW_015090842.1:10321897",58,141,83
"TERF2","s1647_F_GON_01_ASEReadCounter.table","NW_015090842.1:10321908",53,129,76
"TERF2","s1647_F_GON_01_ASEReadCounter.table","NW_015090842.1:10322001",65,177,112
"TERF2","s1647_F_GON_01_ASEReadCounter.table","NW_015090842.1:10322035",53,156,103
"TERF2","s1647_F_GON_01_ASEReadCounter.table","NW_015090842.1:10322051",46,158,112
"TERF2","s1647_F_GON_01_ASEReadCounter.table","NW_015090842.1:10322137",37,109,72
"TERF2","s1647_F_GON_01_ASEReadCounter.table","NW_015090842.1:10322144",40,113,73
"TERF2","s1647_F_GON_01_ASEReadCounter.table","NW_015090842.1:10322388",31,149,118
"TERF2","s1647_F_GON_01_ASEReadCounter.table","NW_015090842.1:10322396",36,154,118
"TERF2","s1647_F_GON_01_ASEReadCounter.table","NW_015090842.1:10322502",54,178,124
"TERF2","s1647_F_GON_01_ASEReadCounter.table","NW_015090842.1:10322504",54,182,128
"TERF2","s1647_F_GON_01_ASEReadCounter.table","NW_015090842.1:10322510",53,187,134
"TERF2","s1647_F_GON_01_ASEReadCounter.table","NW_015090842.1:10323580",85,206,121
"TERF2","s1647_F_GON_01_ASEReadCounter.table","NW_015090842.1:10324314",74,191,117
"TERF2","s1647_F_GON_01_ASEReadCounter.table","NW_015090842.1:10326832",55,142,87
"TERF2","s1647_F_GON_01_ASEReadCounter.table","NW_015090842.1:10327787",43,97,54
"TERF2","s1647_F_GON_01_ASEReadCounter.table","NW_015090842.1:10328588",45,128,83
"TERF2","s1647_F_GON_01_ASEReadCounter.table","NW_015090842.1:10328644",28,94,66
"TERF2","s1647_F_GON_01_ASEReadCounter.table","NW_015090842.1:10329813",27,84,57
"TERF2","s1647_F_GON_01_ASEReadCounter.table","NW_015090842.1:10330749",24,80,56
"TERF2","s1647_F_GON_01_ASEReadCounter.table","NW_015090842.1:10330789",21,82,61
"CYB5B","s1647_F_GON_01_ASEReadCounter.table","NW_015090842.1:10336595",18,57,39
"CYB5B","s1647_F_GON_01_ASEReadCounter.table","NW_015090842.1:10336667",120,269,149
"CYB5B","s1647_F_GON_01_ASEReadCounter.table","NW_015090842.1:10336689",187,391,204
"CYB5B","s1647_F_GON_01_ASEReadCounter.table","NW_015090842.1:10336728",285,577,292
"CYB5B","s1647_F_GON_01_ASEReadCounter.table","NW_015090842.1:10345068",260,559,299
"CYB5B","s1647_F_GON_01_ASEReadCounter.table","NW_015090842.1:10348800",300,667,367
"CYB5B","s1647_F_GON_01_ASEReadCounter.table","NW_015090842.1:10348888",244,523,279
"CYB5B","s1647_F_GON_01_ASEReadCounter.table","NW_015090842.1:10349046",227,496,269
"CYB5B","s1647_F_GON_01_ASEReadCounter.table","NW_015090842.1:10349119",125,376,251
"CYB5B","s1647_F_GON_01_ASEReadCounter.table","NW_015090842.1:10349146",69,327,258
"CYB5B","s1647_F_GON_01_ASEReadCounter.table","NW_015090842.1:10349157",112,377,265
