"gene","id","snp","ref_count","total_count","alt_count"
"CENPN","s1647_F_LIV_01_ASEReadCounter.table","NW_015090842.1:5801612",0,6,6
"CENPN","s1647_F_LIV_01_ASEReadCounter.table","NW_015090842.1:5801618",0,6,6
"CENPN","s1647_F_LIV_01_ASEReadCounter.table","NW_015090842.1:5801623",0,6,6
"CENPN","s1647_F_LIV_01_ASEReadCounter.table","NW_015090842.1:5801631",0,6,6
"CENPN","s1647_F_LIV_01_ASEReadCounter.table","NW_015090842.1:5801632",0,6,6
"CENPN","s1647_F_LIV_01_ASEReadCounter.table","NW_015090842.1:5801655",1,7,6
"CENPN","s1647_F_LIV_01_ASEReadCounter.table","NW_015090842.1:5801662",1,7,6
"CENPN","s1647_F_LIV_01_ASEReadCounter.table","NW_015090842.1:5801670",1,7,6
"CENPN","s1647_F_LIV_01_ASEReadCounter.table","NW_015090842.1:5801674",1,7,6
"CENPN","s1647_F_LIV_01_ASEReadCounter.table","NW_015090842.1:5801692",3,9,6
"CENPN","s1647_F_LIV_01_ASEReadCounter.table","NW_015090842.1:5801697",4,10,6
"CENPN","s1647_F_LIV_01_ASEReadCounter.table","NW_015090842.1:5802008",2,7,5
"CENPN","s1647_F_LIV_01_ASEReadCounter.table","NW_015090842.1:5802012",2,7,5
"CENPN","s1647_F_LIV_01_ASEReadCounter.table","NW_015090842.1:5802087",1,8,7
"CENPN","s1647_F_LIV_01_ASEReadCounter.table","NW_015090842.1:5810113",1,1,0
"CENPN","s1647_F_LIV_01_ASEReadCounter.table","NW_015090842.1:5810147",3,3,0
"CENPN","s1647_F_LIV_01_ASEReadCounter.table","NW_015090842.1:5810148",3,3,0
"ATMIN","s1647_F_LIV_01_ASEReadCounter.table","NW_015090842.1:5818789",2,2,0
"ATMIN","s1647_F_LIV_01_ASEReadCounter.table","NW_015090842.1:5819958",1,1,0
"ATMIN","s1647_F_LIV_01_ASEReadCounter.table","NW_015090842.1:5820004",2,2,0
"ATMIN","s1647_F_LIV_01_ASEReadCounter.table","NW_015090842.1:5820217",0,1,1
"ATMIN","s1647_F_LIV_01_ASEReadCounter.table","NW_015090842.1:5820250",4,5,1
"ATMIN","s1647_F_LIV_01_ASEReadCounter.table","NW_015090842.1:5820298",4,5,1
"ATMIN","s1647_F_LIV_01_ASEReadCounter.table","NW_015090842.1:5820417",2,4,2
"ATMIN","s1647_F_LIV_01_ASEReadCounter.table","NW_015090842.1:5820421",3,4,1
"ATMIN","s1647_F_LIV_01_ASEReadCounter.table","NW_015090842.1:5820448",3,5,2
"ATMIN","s1647_F_LIV_01_ASEReadCounter.table","NW_015090842.1:5820457",3,5,2
"ATMIN","s1647_F_LIV_01_ASEReadCounter.table","NW_015090842.1:5820510",1,3,2
"ATMIN","s1647_F_LIV_01_ASEReadCounter.table","NW_015090842.1:5820820",1,2,1
"ATMIN","s1647_F_LIV_01_ASEReadCounter.table","NW_015090842.1:5820865",1,2,1
"ATMIN","s1647_F_LIV_01_ASEReadCounter.table","NW_015090842.1:5820889",1,3,2
"ATMIN","s1647_F_LIV_01_ASEReadCounter.table","NW_015090842.1:5820891",1,3,2
"ATMIN","s1647_F_LIV_01_ASEReadCounter.table","NW_015090842.1:5820997",1,1,0
"ATMIN","s1647_F_LIV_01_ASEReadCounter.table","NW_015090842.1:5821063",2,3,1
"ATMIN","s1647_F_LIV_01_ASEReadCounter.table","NW_015090842.1:5821132",2,3,1
"ATMIN","s1647_F_LIV_01_ASEReadCounter.table","NW_015090842.1:5821645",3,6,3
"ATMIN","s1647_F_LIV_01_ASEReadCounter.table","NW_015090842.1:5825066",5,12,7
"ATMIN","s1647_F_LIV_01_ASEReadCounter.table","NW_015090842.1:5825106",7,15,8
"ATMIN","s1647_F_LIV_01_ASEReadCounter.table","NW_015090842.1:5825122",6,13,7
"ATMIN","s1647_F_LIV_01_ASEReadCounter.table","NW_015090842.1:5825178",7,14,7
"ATMIN","s1647_F_LIV_01_ASEReadCounter.table","NW_015090842.1:5825194",5,11,6
"ATMIN","s1647_F_LIV_01_ASEReadCounter.table","NW_015090842.1:5825195",5,11,6
"ATMIN","s1647_F_LIV_01_ASEReadCounter.table","NW_015090842.1:5825220",3,10,7
"ATMIN","s1647_F_LIV_01_ASEReadCounter.table","NW_015090842.1:5825240",4,11,7
"ATMIN","s1647_F_LIV_01_ASEReadCounter.table","NW_015090842.1:5825303",4,11,7
"ATMIN","s1647_F_LIV_01_ASEReadCounter.table","NW_015090842.1:5825304",4,11,7
"ATMIN","s1647_F_LIV_01_ASEReadCounter.table","NW_015090842.1:5825310",4,10,6
"ATMIN","s1647_F_LIV_01_ASEReadCounter.table","NW_015090842.1:5825406",5,10,5
"ATMIN","s1647_F_LIV_01_ASEReadCounter.table","NW_015090842.1:5825415",4,10,6
"ATMIN","s1647_F_LIV_01_ASEReadCounter.table","NW_015090842.1:5825438",8,14,6
"ATMIN","s1647_F_LIV_01_ASEReadCounter.table","NW_015090842.1:5825485",7,11,4
"ATMIN","s1647_F_LIV_01_ASEReadCounter.table","NW_015090842.1:5825524",4,7,3
"ATMIN","s1647_F_LIV_01_ASEReadCounter.table","NW_015090842.1:5825557",2,5,3
"ATMIN","s1647_F_LIV_01_ASEReadCounter.table","NW_015090842.1:5825571",3,7,4
"ATMIN","s1647_F_LIV_01_ASEReadCounter.table","NW_015090842.1:5825579",4,8,4
"ATMIN","s1647_F_LIV_01_ASEReadCounter.table","NW_015090842.1:5825590",4,7,3
"ATMIN","s1647_F_LIV_01_ASEReadCounter.table","NW_015090842.1:5825689",6,7,1
"ATMIN","s1647_F_LIV_01_ASEReadCounter.table","NW_015090842.1:5825703",7,8,1
"ATMIN","s1647_F_LIV_01_ASEReadCounter.table","NW_015090842.1:5825787",12,14,2
"ATMIN","s1647_F_LIV_01_ASEReadCounter.table","NW_015090842.1:5825833",8,14,6
"ATMIN","s1647_F_LIV_01_ASEReadCounter.table","NW_015090842.1:5825841",8,15,7
"ATMIN","s1647_F_LIV_01_ASEReadCounter.table","NW_015090842.1:5825895",9,19,10
"ATMIN","s1647_F_LIV_01_ASEReadCounter.table","NW_015090842.1:5825984",6,16,10
"ATMIN","s1647_F_LIV_01_ASEReadCounter.table","NW_015090842.1:5826162",5,9,4
"ATMIN","s1647_F_LIV_01_ASEReadCounter.table","NW_015090842.1:5826194",3,5,2
"ATMIN","s1647_F_LIV_01_ASEReadCounter.table","NW_015090842.1:5826235",7,14,7
"ATMIN","s1647_F_LIV_01_ASEReadCounter.table","NW_015090842.1:5826245",6,16,10
"ATMIN","s1647_F_LIV_01_ASEReadCounter.table","NW_015090842.1:5826335",6,12,6
"ATMIN","s1647_F_LIV_01_ASEReadCounter.table","NW_015090842.1:5826417",8,15,7
"ATMIN","s1647_F_LIV_01_ASEReadCounter.table","NW_015090842.1:5826431",4,17,13
"ATMIN","s1647_F_LIV_01_ASEReadCounter.table","NW_015090842.1:5826438",4,13,9
"ATMIN","s1647_F_LIV_01_ASEReadCounter.table","NW_015090842.1:5826463",9,19,10
"ATMIN","s1647_F_LIV_01_ASEReadCounter.table","NW_015090842.1:5826502",7,14,7
"ATMIN","s1647_F_LIV_01_ASEReadCounter.table","NW_015090842.1:5826511",9,17,8
"ATMIN","s1647_F_LIV_01_ASEReadCounter.table","NW_015090842.1:5826659",13,23,10
"ATMIN","s1647_F_LIV_01_ASEReadCounter.table","NW_015090842.1:5826701",15,24,9
"ATMIN","s1647_F_LIV_01_ASEReadCounter.table","NW_015090842.1:5826702",15,24,9
"ATMIN","s1647_F_LIV_01_ASEReadCounter.table","NW_015090842.1:5826732",13,22,9
"ATMIN","s1647_F_LIV_01_ASEReadCounter.table","NW_015090842.1:5826745",14,24,10
"ATMIN","s1647_F_LIV_01_ASEReadCounter.table","NW_015090842.1:5826835",14,29,15
"ATMIN","s1647_F_LIV_01_ASEReadCounter.table","NW_015090842.1:5826942",10,21,11
"ATMIN","s1647_F_LIV_01_ASEReadCounter.table","NW_015090842.1:5827193",29,52,23
"ATMIN","s1647_F_LIV_01_ASEReadCounter.table","NW_015090842.1:5827196",28,52,24
"ATMIN","s1647_F_LIV_01_ASEReadCounter.table","NW_015090842.1:5827269",24,44,20
"ATMIN","s1647_F_LIV_01_ASEReadCounter.table","NW_015090842.1:5827315",19,33,14
"ATMIN","s1647_F_LIV_01_ASEReadCounter.table","NW_015090842.1:5827316",20,35,15
"ATMIN","s1647_F_LIV_01_ASEReadCounter.table","NW_015090842.1:5827333",23,37,14
"PPP1R3E","s1647_F_LIV_01_ASEReadCounter.table","NW_015090842.1:5837733",4,5,1
"PPP1R3E","s1647_F_LIV_01_ASEReadCounter.table","NW_015090842.1:5837947",2,2,0
"PKD1L2","s1647_F_LIV_01_ASEReadCounter.table","NW_015090842.1:5867597",1,1,0
"PKD1L2","s1647_F_LIV_01_ASEReadCounter.table","NW_015090842.1:5867600",1,1,0
"PKD1L2","s1647_F_LIV_01_ASEReadCounter.table","NW_015090842.1:5867660",1,1,0
"PKD1L2","s1647_F_LIV_01_ASEReadCounter.table","NW_015090842.1:5867675",1,1,0
"PKD1L2","s1647_F_LIV_01_ASEReadCounter.table","NW_015090842.1:5867843",0,1,1
"BCO1","s1647_F_LIV_01_ASEReadCounter.table","NW_015090842.1:5915610",6,32,26
"BCO1","s1647_F_LIV_01_ASEReadCounter.table","NW_015090842.1:5915646",7,32,25
"BCO1","s1647_F_LIV_01_ASEReadCounter.table","NW_015090842.1:5917836",14,48,34
"BCO1","s1647_F_LIV_01_ASEReadCounter.table","NW_015090842.1:5917912",121,361,240
"BCO1","s1647_F_LIV_01_ASEReadCounter.table","NW_015090842.1:5917941",164,480,316
"BCO1","s1647_F_LIV_01_ASEReadCounter.table","NW_015090842.1:5917971",190,575,385
"BCO1","s1647_F_LIV_01_ASEReadCounter.table","NW_015090842.1:5921679",244,647,403
"BCO1","s1647_F_LIV_01_ASEReadCounter.table","NW_015090842.1:5921726",230,577,347
"BCO1","s1647_F_LIV_01_ASEReadCounter.table","NW_015090842.1:5925669",142,488,346
"BCO1","s1647_F_LIV_01_ASEReadCounter.table","NW_015090842.1:5926937",194,528,334
"BCO1","s1647_F_LIV_01_ASEReadCounter.table","NW_015090842.1:5927921",200,531,331
"BCO1","s1647_F_LIV_01_ASEReadCounter.table","NW_015090842.1:5927948",226,589,363
"BCO1","s1647_F_LIV_01_ASEReadCounter.table","NW_015090842.1:5927968",219,596,377
"BCO1","s1647_F_LIV_01_ASEReadCounter.table","NW_015090842.1:5928052",187,569,382
"BCO1","s1647_F_LIV_01_ASEReadCounter.table","NW_015090842.1:5932726",395,1035,640
"BCO1","s1647_F_LIV_01_ASEReadCounter.table","NW_015090842.1:5932801",319,878,559
"BCO1","s1647_F_LIV_01_ASEReadCounter.table","NW_015090842.1:5934558",338,982,644
"BCO1","s1647_F_LIV_01_ASEReadCounter.table","NW_015090842.1:5934575",366,1025,659
"BCO1","s1647_F_LIV_01_ASEReadCounter.table","NW_015090842.1:5934608",418,1111,693
"BCO1","s1647_F_LIV_01_ASEReadCounter.table","NW_015090842.1:5934647",391,1007,616
"BCO1","s1647_F_LIV_01_ASEReadCounter.table","NW_015090842.1:5934725",351,908,557
"BCO1","s1647_F_LIV_01_ASEReadCounter.table","NW_015090842.1:5934726",350,892,542
"BCO1","s1647_F_LIV_01_ASEReadCounter.table","NW_015090842.1:5934733",312,811,499
"BCO1","s1647_F_LIV_01_ASEReadCounter.table","NW_015090842.1:5934821",277,817,540
"BCO1","s1647_F_LIV_01_ASEReadCounter.table","NW_015090842.1:5934826",261,844,583
"BCO1","s1647_F_LIV_01_ASEReadCounter.table","NW_015090842.1:5934844",182,619,437
"BCO1","s1647_F_LIV_01_ASEReadCounter.table","NW_015090842.1:5934958",380,938,558
"BCO1","s1647_F_LIV_01_ASEReadCounter.table","NW_015090842.1:5934976",390,1008,618
"GAN","s1647_F_LIV_01_ASEReadCounter.table","NW_015090842.1:5939249",0,1,1
"GAN","s1647_F_LIV_01_ASEReadCounter.table","NW_015090842.1:5953759",5,8,3
"GAN","s1647_F_LIV_01_ASEReadCounter.table","NW_015090842.1:5957502",4,9,5
"GAN","s1647_F_LIV_01_ASEReadCounter.table","NW_015090842.1:5957578",6,11,5
"GAN","s1647_F_LIV_01_ASEReadCounter.table","NW_015090842.1:5966047",7,12,5
"GAN","s1647_F_LIV_01_ASEReadCounter.table","NW_015090842.1:5966126",4,12,8
"GAN","s1647_F_LIV_01_ASEReadCounter.table","NW_015090842.1:5966127",5,13,8
"GAN","s1647_F_LIV_01_ASEReadCounter.table","NW_015090842.1:5966162",5,13,8
"GAN","s1647_F_LIV_01_ASEReadCounter.table","NW_015090842.1:5966483",3,10,7
"CMIP","s1647_F_LIV_01_ASEReadCounter.table","NW_015090842.1:6109159",7,11,4
"CMIP","s1647_F_LIV_01_ASEReadCounter.table","NW_015090842.1:6109166",7,11,4
"CMIP","s1647_F_LIV_01_ASEReadCounter.table","NW_015090842.1:6114641",5,9,4
"CMIP","s1647_F_LIV_01_ASEReadCounter.table","NW_015090842.1:6114751",2,3,1
"CMIP","s1647_F_LIV_01_ASEReadCounter.table","NW_015090842.1:6114824",3,6,3
"CMIP","s1647_F_LIV_01_ASEReadCounter.table","NW_015090842.1:6126295",12,12,0
"CMIP","s1647_F_LIV_01_ASEReadCounter.table","NW_015090842.1:6128998",8,15,7
"CMIP","s1647_F_LIV_01_ASEReadCounter.table","NW_015090842.1:6130562",12,26,14
"CMIP","s1647_F_LIV_01_ASEReadCounter.table","NW_015090842.1:6132522",18,49,31
"CMIP","s1647_F_LIV_01_ASEReadCounter.table","NW_015090842.1:6138265",15,75,60
"CMIP","s1647_F_LIV_01_ASEReadCounter.table","NW_015090842.1:6138300",18,71,53
"CMIP","s1647_F_LIV_01_ASEReadCounter.table","NW_015090842.1:6138342",17,65,48
"CMIP","s1647_F_LIV_01_ASEReadCounter.table","NW_015090842.1:6138343",17,65,48
"CMIP","s1647_F_LIV_01_ASEReadCounter.table","NW_015090842.1:6138345",16,65,49
"CMIP","s1647_F_LIV_01_ASEReadCounter.table","NW_015090842.1:6138647",11,27,16
"CMIP","s1647_F_LIV_01_ASEReadCounter.table","NW_015090842.1:6138745",15,41,26
"CMIP","s1647_F_LIV_01_ASEReadCounter.table","NW_015090842.1:6138832",6,17,11
"CMIP","s1647_F_LIV_01_ASEReadCounter.table","NW_015090842.1:6138967",15,39,24
"CMIP","s1647_F_LIV_01_ASEReadCounter.table","NW_015090842.1:6139131",10,21,11
"CMIP","s1647_F_LIV_01_ASEReadCounter.table","NW_015090842.1:6139163",3,20,17
"CMIP","s1647_F_LIV_01_ASEReadCounter.table","NW_015090842.1:6139212",23,38,15
"CMIP","s1647_F_LIV_01_ASEReadCounter.table","NW_015090842.1:6139360",10,22,12
"CMIP","s1647_F_LIV_01_ASEReadCounter.table","NW_015090842.1:6139572",4,10,6
"PLCG2","s1647_F_LIV_01_ASEReadCounter.table","NW_015090842.1:6179613",9,10,1
"PLCG2","s1647_F_LIV_01_ASEReadCounter.table","NW_015090842.1:6179658",20,20,0
"PLCG2","s1647_F_LIV_01_ASEReadCounter.table","NW_015090842.1:6203766",3,6,3
"PLCG2","s1647_F_LIV_01_ASEReadCounter.table","NW_015090842.1:6203775",3,6,3
"PLCG2","s1647_F_LIV_01_ASEReadCounter.table","NW_015090842.1:6203787",2,5,3
"PLCG2","s1647_F_LIV_01_ASEReadCounter.table","NW_015090842.1:6209741",3,4,1
"PLCG2","s1647_F_LIV_01_ASEReadCounter.table","NW_015090842.1:6209798",7,7,0
"PLCG2","s1647_F_LIV_01_ASEReadCounter.table","NW_015090842.1:6209816",7,7,0
"PLCG2","s1647_F_LIV_01_ASEReadCounter.table","NW_015090842.1:6217547",11,13,2
"PLCG2","s1647_F_LIV_01_ASEReadCounter.table","NW_015090842.1:6218641",5,9,4
"PLCG2","s1647_F_LIV_01_ASEReadCounter.table","NW_015090842.1:6220552",4,7,3
"PLCG2","s1647_F_LIV_01_ASEReadCounter.table","NW_015090842.1:6221969",7,9,2
"PLCG2","s1647_F_LIV_01_ASEReadCounter.table","NW_015090842.1:6228672",14,16,2
"PLCG2","s1647_F_LIV_01_ASEReadCounter.table","NW_015090842.1:6228694",14,16,2
"PLCG2","s1647_F_LIV_01_ASEReadCounter.table","NW_015090842.1:6228722",12,14,2
"PLCG2","s1647_F_LIV_01_ASEReadCounter.table","NW_015090842.1:6228747",11,14,3
"PLCG2","s1647_F_LIV_01_ASEReadCounter.table","NW_015090842.1:6228835",8,11,3
"PLCG2","s1647_F_LIV_01_ASEReadCounter.table","NW_015090842.1:6228841",8,12,4
"PLCG2","s1647_F_LIV_01_ASEReadCounter.table","NW_015090842.1:6228865",9,13,4
"PLCG2","s1647_F_LIV_01_ASEReadCounter.table","NW_015090842.1:6228917",9,11,2
"PLCG2","s1647_F_LIV_01_ASEReadCounter.table","NW_015090842.1:6228926",8,9,1
"PLCG2","s1647_F_LIV_01_ASEReadCounter.table","NW_015090842.1:6228954",7,8,1
"PLCG2","s1647_F_LIV_01_ASEReadCounter.table","NW_015090842.1:6229002",8,9,1
"PLCG2","s1647_F_LIV_01_ASEReadCounter.table","NW_015090842.1:6229006",8,9,1
"PLCG2","s1647_F_LIV_01_ASEReadCounter.table","NW_015090842.1:6229097",1,1,0
"PLCG2","s1647_F_LIV_01_ASEReadCounter.table","NW_015090842.1:6229160",2,2,0
"PLCG2","s1647_F_LIV_01_ASEReadCounter.table","NW_015090842.1:6229213",3,4,1
"PLCG2","s1647_F_LIV_01_ASEReadCounter.table","NW_015090842.1:6229231",3,5,2
"PLCG2","s1647_F_LIV_01_ASEReadCounter.table","NW_015090842.1:6229663",6,6,0
"PLCG2","s1647_F_LIV_01_ASEReadCounter.table","NW_015090842.1:6229748",13,13,0
"PLCG2","s1647_F_LIV_01_ASEReadCounter.table","NW_015090842.1:6229892",14,14,0
"PLCG2","s1647_F_LIV_01_ASEReadCounter.table","NW_015090842.1:6230248",12,12,0
"PLCG2","s1647_F_LIV_01_ASEReadCounter.table","NW_015090842.1:6230255",12,12,0
"PLCG2","s1647_F_LIV_01_ASEReadCounter.table","NW_015090842.1:6230276",9,9,0
"PLCG2","s1647_F_LIV_01_ASEReadCounter.table","NW_015090842.1:6230296",6,6,0
"PLCG2","s1647_F_LIV_01_ASEReadCounter.table","NW_015090842.1:6230349",16,16,0
"PLCG2","s1647_F_LIV_01_ASEReadCounter.table","NW_015090842.1:6230408",19,20,1
"PLCG2","s1647_F_LIV_01_ASEReadCounter.table","NW_015090842.1:6230439",17,18,1
"PLCG2","s1647_F_LIV_01_ASEReadCounter.table","NW_015090842.1:6230757",15,15,0
"PLCG2","s1647_F_LIV_01_ASEReadCounter.table","NW_015090842.1:6230758",16,16,0
"PLCG2","s1647_F_LIV_01_ASEReadCounter.table","NW_015090842.1:6230898",25,27,2
"PLCG2","s1647_F_LIV_01_ASEReadCounter.table","NW_015090842.1:6230976",33,35,2
"PLCG2","s1647_F_LIV_01_ASEReadCounter.table","NW_015090842.1:6231078",34,35,1
"PLCG2","s1647_F_LIV_01_ASEReadCounter.table","NW_015090842.1:6231138",36,37,1
"PLCG2","s1647_F_LIV_01_ASEReadCounter.table","NW_015090842.1:6231177",36,36,0
"PLCG2","s1647_F_LIV_01_ASEReadCounter.table","NW_015090842.1:6231263",30,30,0
"SDR42E1","s1647_F_LIV_01_ASEReadCounter.table","NW_015090842.1:6235292",3,4,1
"SDR42E1","s1647_F_LIV_01_ASEReadCounter.table","NW_015090842.1:6235315",7,9,2
"SDR42E1","s1647_F_LIV_01_ASEReadCounter.table","NW_015090842.1:6235348",15,22,7
"SDR42E1","s1647_F_LIV_01_ASEReadCounter.table","NW_015090842.1:6235355",15,24,9
"SDR42E1","s1647_F_LIV_01_ASEReadCounter.table","NW_015090842.1:6235417",20,35,15
"SDR42E1","s1647_F_LIV_01_ASEReadCounter.table","NW_015090842.1:6235558",19,24,5
"SDR42E1","s1647_F_LIV_01_ASEReadCounter.table","NW_015090842.1:6235741",29,39,10
"SDR42E1","s1647_F_LIV_01_ASEReadCounter.table","NW_015090842.1:6235777",28,39,11
"SDR42E1","s1647_F_LIV_01_ASEReadCounter.table","NW_015090842.1:6235806",31,44,13
"SDR42E1","s1647_F_LIV_01_ASEReadCounter.table","NW_015090842.1:6235809",29,43,14
"SDR42E1","s1647_F_LIV_01_ASEReadCounter.table","NW_015090842.1:6235816",30,42,12
"SDR42E1","s1647_F_LIV_01_ASEReadCounter.table","NW_015090842.1:6235914",11,23,12
"SDR42E1","s1647_F_LIV_01_ASEReadCounter.table","NW_015090842.1:6235935",14,26,12
"SDR42E1","s1647_F_LIV_01_ASEReadCounter.table","NW_015090842.1:6235957",12,21,9
"SDR42E1","s1647_F_LIV_01_ASEReadCounter.table","NW_015090842.1:6236040",9,13,4
"SDR42E1","s1647_F_LIV_01_ASEReadCounter.table","NW_015090842.1:6236260",11,13,2
"SDR42E1","s1647_F_LIV_01_ASEReadCounter.table","NW_015090842.1:6236281",11,15,4
"SDR42E1","s1647_F_LIV_01_ASEReadCounter.table","NW_015090842.1:6236305",13,16,3
"SDR42E1","s1647_F_LIV_01_ASEReadCounter.table","NW_015090842.1:6236458",9,13,4
"SDR42E1","s1647_F_LIV_01_ASEReadCounter.table","NW_015090842.1:6236476",11,16,5
"SDR42E1","s1647_F_LIV_01_ASEReadCounter.table","NW_015090842.1:6236608",9,15,6
"SDR42E1","s1647_F_LIV_01_ASEReadCounter.table","NW_015090842.1:6238244",8,8,0
"SDR42E1","s1647_F_LIV_01_ASEReadCounter.table","NW_015090842.1:6238829",3,5,2
"HSD17B2","s1647_F_LIV_01_ASEReadCounter.table","NW_015090842.1:6262951",1,1,0
"HSD17B2","s1647_F_LIV_01_ASEReadCounter.table","NW_015090842.1:6262974",1,1,0
"HSD17B2","s1647_F_LIV_01_ASEReadCounter.table","NW_015090842.1:6266125",1,2,1
"HSD17B2","s1647_F_LIV_01_ASEReadCounter.table","NW_015090842.1:6266135",1,2,1
"HSD17B2","s1647_F_LIV_01_ASEReadCounter.table","NW_015090842.1:6266795",1,3,2
"HSD17B2","s1647_F_LIV_01_ASEReadCounter.table","NW_015090842.1:6266944",1,1,0
"HSD17B2","s1647_F_LIV_01_ASEReadCounter.table","NW_015090842.1:6267053",2,3,1
"HSD17B2","s1647_F_LIV_01_ASEReadCounter.table","NW_015090842.1:6267196",0,2,2
"HSD17B2","s1647_F_LIV_01_ASEReadCounter.table","NW_015090842.1:6267273",3,5,2
"HSD17B2","s1647_F_LIV_01_ASEReadCounter.table","NW_015090842.1:6267674",0,1,1
"HSD17B2","s1647_F_LIV_01_ASEReadCounter.table","NW_015090842.1:6268203",1,1,0
"ARY2","s1647_F_LIV_01_ASEReadCounter.table","NW_015090842.1:6303922",2,7,5
"ARY2","s1647_F_LIV_01_ASEReadCounter.table","NW_015090842.1:6303954",7,16,9
"ARY2","s1647_F_LIV_01_ASEReadCounter.table","NW_015090842.1:6303979",7,19,12
"ARY2","s1647_F_LIV_01_ASEReadCounter.table","NW_015090842.1:6305848",15,35,20
"ARY2","s1647_F_LIV_01_ASEReadCounter.table","NW_015090842.1:6305856",14,34,20
"ARY2","s1647_F_LIV_01_ASEReadCounter.table","NW_015090842.1:6305857",14,35,21
"ARY2","s1647_F_LIV_01_ASEReadCounter.table","NW_015090842.1:6306017",23,53,30
"ARY2","s1647_F_LIV_01_ASEReadCounter.table","NW_015090842.1:6306052",22,40,18
"ARY2","s1647_F_LIV_01_ASEReadCounter.table","NW_015090842.1:6306094",18,48,30
"ARY2","s1647_F_LIV_01_ASEReadCounter.table","NW_015090842.1:6306100",19,51,32
"ARY2","s1647_F_LIV_01_ASEReadCounter.table","NW_015090842.1:6306146",19,54,35
"ARY2","s1647_F_LIV_01_ASEReadCounter.table","NW_015090842.1:6306147",19,54,35
"ARY2","s1647_F_LIV_01_ASEReadCounter.table","NW_015090842.1:6306390",28,61,33
"ARY2","s1647_F_LIV_01_ASEReadCounter.table","NW_015090842.1:6306567",15,36,21
"ARY2","s1647_F_LIV_01_ASEReadCounter.table","NW_015090842.1:6306705",4,7,3
"ARY2","s1647_F_LIV_01_ASEReadCounter.table","NW_015090842.1:6306773",7,13,6
"ARY2","s1647_F_LIV_01_ASEReadCounter.table","NW_015090842.1:6307039",9,11,2
"ARY2","s1647_F_LIV_01_ASEReadCounter.table","NW_015090842.1:6307043",9,11,2
"ARY2","s1647_F_LIV_01_ASEReadCounter.table","NW_015090842.1:6307093",7,9,2
"ARY2","s1647_F_LIV_01_ASEReadCounter.table","NW_015090842.1:6307138",2,5,3
"ARY2","s1647_F_LIV_01_ASEReadCounter.table","NW_015090842.1:6307157",2,5,3
"ARY2","s1647_F_LIV_01_ASEReadCounter.table","NW_015090842.1:6307187",3,6,3
"ARY2","s1647_F_LIV_01_ASEReadCounter.table","NW_015090842.1:6307204",4,7,3
"ARY2","s1647_F_LIV_01_ASEReadCounter.table","NW_015090842.1:6307278",8,11,3
"ARY2","s1647_F_LIV_01_ASEReadCounter.table","NW_015090842.1:6307305",8,11,3
"ARY2","s1647_F_LIV_01_ASEReadCounter.table","NW_015090842.1:6307318",8,9,1
"ARY2","s1647_F_LIV_01_ASEReadCounter.table","NW_015090842.1:6307429",5,10,5
"ARY2","s1647_F_LIV_01_ASEReadCounter.table","NW_015090842.1:6307487",6,10,4
"ARY2","s1647_F_LIV_01_ASEReadCounter.table","NW_015090842.1:6307670",7,10,3
"ARYL","s1647_F_LIV_01_ASEReadCounter.table","NW_015090842.1:6313360",16,42,26
"ARYL","s1647_F_LIV_01_ASEReadCounter.table","NW_015090842.1:6313377",14,41,27
"ARYL","s1647_F_LIV_01_ASEReadCounter.table","NW_015090842.1:6313767",17,43,26
"ARY1","s1647_F_LIV_01_ASEReadCounter.table","NW_015090842.1:6314296",26,57,31
"ARY1","s1647_F_LIV_01_ASEReadCounter.table","NW_015090842.1:6314541",22,56,34
"ARY1","s1647_F_LIV_01_ASEReadCounter.table","NW_015090842.1:6314597",32,71,39
"ARY1","s1647_F_LIV_01_ASEReadCounter.table","NW_015090842.1:6314750",30,53,23
"ARY1","s1647_F_LIV_01_ASEReadCounter.table","NW_015090842.1:6314794",26,48,22
"ARY1","s1647_F_LIV_01_ASEReadCounter.table","NW_015090842.1:6314827",20,50,30
"ARY1","s1647_F_LIV_01_ASEReadCounter.table","NW_015090842.1:6314859",27,59,32
"ARY1","s1647_F_LIV_01_ASEReadCounter.table","NW_015090842.1:6314886",30,59,29
"ARY1","s1647_F_LIV_01_ASEReadCounter.table","NW_015090842.1:6315022",33,63,30
"ARY1","s1647_F_LIV_01_ASEReadCounter.table","NW_015090842.1:6315026",33,62,29
"ARY1","s1647_F_LIV_01_ASEReadCounter.table","NW_015090842.1:6315043",29,54,25
"ARY1","s1647_F_LIV_01_ASEReadCounter.table","NW_015090842.1:6315065",32,60,28
"ARY1","s1647_F_LIV_01_ASEReadCounter.table","NW_015090842.1:6315409",26,59,33
"ARY1","s1647_F_LIV_01_ASEReadCounter.table","NW_015090842.1:6315479",39,78,39
"ARY1","s1647_F_LIV_01_ASEReadCounter.table","NW_015090842.1:6318342",55,99,44
"ARY1","s1647_F_LIV_01_ASEReadCounter.table","NW_015090842.1:6318427",58,114,56
"ARY1","s1647_F_LIV_01_ASEReadCounter.table","NW_015090842.1:6318603",46,95,49
"ARY1","s1647_F_LIV_01_ASEReadCounter.table","NW_015090842.1:6318708",43,100,57
"ARY1","s1647_F_LIV_01_ASEReadCounter.table","NW_015090842.1:6318858",47,110,63
"ARY1","s1647_F_LIV_01_ASEReadCounter.table","NW_015090842.1:6318952",51,115,64
"MPHOSPH6","s1647_F_LIV_01_ASEReadCounter.table","NW_015090842.1:6324063",25,54,29
"MPHOSPH6","s1647_F_LIV_01_ASEReadCounter.table","NW_015090842.1:6324174",40,100,60
"MPHOSPH6","s1647_F_LIV_01_ASEReadCounter.table","NW_015090842.1:6324270",39,107,68
"MPHOSPH6","s1647_F_LIV_01_ASEReadCounter.table","NW_015090842.1:6324762",75,141,66
"MPHOSPH6","s1647_F_LIV_01_ASEReadCounter.table","NW_015090842.1:6324780",70,122,52
"MPHOSPH6","s1647_F_LIV_01_ASEReadCounter.table","NW_015090842.1:6324902",80,165,85
"MPHOSPH6","s1647_F_LIV_01_ASEReadCounter.table","NW_015090842.1:6325066",50,150,100
"MPHOSPH6","s1647_F_LIV_01_ASEReadCounter.table","NW_015090842.1:6325089",68,185,117
"MPHOSPH6","s1647_F_LIV_01_ASEReadCounter.table","NW_015090842.1:6325877",85,178,93
"MPHOSPH6","s1647_F_LIV_01_ASEReadCounter.table","NW_015090842.1:6326976",55,127,72
"CDH13","s1647_F_LIV_01_ASEReadCounter.table","NW_015090842.1:6889713",0,1,1
"MLYCD","s1647_F_LIV_01_ASEReadCounter.table","NW_015090842.1:7150054",29,61,32
"MLYCD","s1647_F_LIV_01_ASEReadCounter.table","NW_015090842.1:7150131",41,107,66
"MLYCD","s1647_F_LIV_01_ASEReadCounter.table","NW_015090842.1:7150585",21,47,26
"MLYCD","s1647_F_LIV_01_ASEReadCounter.table","NW_015090842.1:7150686",23,47,24
"MLYCD","s1647_F_LIV_01_ASEReadCounter.table","NW_015090842.1:7150696",27,50,23
"MLYCD","s1647_F_LIV_01_ASEReadCounter.table","NW_015090842.1:7150869",22,46,24
"MLYCD","s1647_F_LIV_01_ASEReadCounter.table","NW_015090842.1:7151100",28,58,30
"MLYCD","s1647_F_LIV_01_ASEReadCounter.table","NW_015090842.1:7151127",26,47,21
"MLYCD","s1647_F_LIV_01_ASEReadCounter.table","NW_015090842.1:7157538",17,42,25
"MLYCD","s1647_F_LIV_01_ASEReadCounter.table","NW_015090842.1:7167662",6,23,17
"MLYCD","s1647_F_LIV_01_ASEReadCounter.table","NW_015090842.1:7167675",5,20,15
"MLYCD","s1647_F_LIV_01_ASEReadCounter.table","NW_015090842.1:7167710",6,22,16
"MLYCD","s1647_F_LIV_01_ASEReadCounter.table","NW_015090842.1:7167781",5,19,14
"MLYCD","s1647_F_LIV_01_ASEReadCounter.table","NW_015090842.1:7167803",4,10,6
"MLYCD","s1647_F_LIV_01_ASEReadCounter.table","NW_015090842.1:7167812",5,12,7
"MLYCD","s1647_F_LIV_01_ASEReadCounter.table","NW_015090842.1:7167845",9,19,10
"MLYCD","s1647_F_LIV_01_ASEReadCounter.table","NW_015090842.1:7167862",8,16,8
"MLYCD","s1647_F_LIV_01_ASEReadCounter.table","NW_015090842.1:7167929",2,9,7
"MLYCD","s1647_F_LIV_01_ASEReadCounter.table","NW_015090842.1:7167995",2,10,8
"MLYCD","s1647_F_LIV_01_ASEReadCounter.table","NW_015090842.1:7168005",2,10,8
"MLYCD","s1647_F_LIV_01_ASEReadCounter.table","NW_015090842.1:7168037",2,10,8
"HSBP1","s1647_F_LIV_01_ASEReadCounter.table","NW_015090842.1:7245192",99,182,83
"HSBP1","s1647_F_LIV_01_ASEReadCounter.table","NW_015090842.1:7245226",101,208,107
"HSBP1","s1647_F_LIV_01_ASEReadCounter.table","NW_015090842.1:7245257",86,180,94
"HSBP1","s1647_F_LIV_01_ASEReadCounter.table","NW_015090842.1:7245296",75,169,94
"HSBP1","s1647_F_LIV_01_ASEReadCounter.table","NW_015090842.1:7245389",89,182,93
"HSBP1","s1647_F_LIV_01_ASEReadCounter.table","NW_015090842.1:7245400",88,168,80
"HSBP1","s1647_F_LIV_01_ASEReadCounter.table","NW_015090842.1:7245445",82,155,73
"HSBP1","s1647_F_LIV_01_ASEReadCounter.table","NW_015090842.1:7245495",80,155,75
"HSBP1","s1647_F_LIV_01_ASEReadCounter.table","NW_015090842.1:7245733",56,116,60
"HSBP1","s1647_F_LIV_01_ASEReadCounter.table","NW_015090842.1:7245771",65,117,52
"HSBP1","s1647_F_LIV_01_ASEReadCounter.table","NW_015090842.1:7245813",57,109,52
"HSBP1","s1647_F_LIV_01_ASEReadCounter.table","NW_015090842.1:7245926",68,136,68
"HSBP1","s1647_F_LIV_01_ASEReadCounter.table","NW_015090842.1:7245927",71,140,69
"HSBP1","s1647_F_LIV_01_ASEReadCounter.table","NW_015090842.1:7245933",65,130,65
"HSBP1","s1647_F_LIV_01_ASEReadCounter.table","NW_015090842.1:7246002",42,100,58
"HSBP1","s1647_F_LIV_01_ASEReadCounter.table","NW_015090842.1:7246094",53,110,57
"HSBP1","s1647_F_LIV_01_ASEReadCounter.table","NW_015090842.1:7246167",58,122,64
"HSBP1","s1647_F_LIV_01_ASEReadCounter.table","NW_015090842.1:7246183",56,117,61
"HSBP1","s1647_F_LIV_01_ASEReadCounter.table","NW_015090842.1:7247285",24,34,10
"HSBP1","s1647_F_LIV_01_ASEReadCounter.table","NW_015090842.1:7247651",217,486,269
"HSBP1","s1647_F_LIV_01_ASEReadCounter.table","NW_015090842.1:7247657",215,491,276
"HSBP1","s1647_F_LIV_01_ASEReadCounter.table","NW_015090842.1:7248520",167,339,172
"HSBP1","s1647_F_LIV_01_ASEReadCounter.table","NW_015090842.1:7248535",134,266,132
"WFDC1","s1647_F_LIV_01_ASEReadCounter.table","NW_015090842.1:7366517",0,1,1
"WFDC1","s1647_F_LIV_01_ASEReadCounter.table","NW_015090842.1:7380060",1,1,0
"WFDC1","s1647_F_LIV_01_ASEReadCounter.table","NW_015090842.1:7380136",1,1,0
"WFDC1","s1647_F_LIV_01_ASEReadCounter.table","NW_015090842.1:7380150",1,1,0
"WFDC1","s1647_F_LIV_01_ASEReadCounter.table","NW_015090842.1:7380164",1,1,0
"WFDC1","s1647_F_LIV_01_ASEReadCounter.table","NW_015090842.1:7380237",1,1,0
"WFDC1","s1647_F_LIV_01_ASEReadCounter.table","NW_015090842.1:7380261",1,1,0
"WFDC1","s1647_F_LIV_01_ASEReadCounter.table","NW_015090842.1:7380491",0,1,1
"WFDC1","s1647_F_LIV_01_ASEReadCounter.table","NW_015090842.1:7380567",1,1,0
"WFDC1","s1647_F_LIV_01_ASEReadCounter.table","NW_015090842.1:7380852",0,1,1
"WFDC1","s1647_F_LIV_01_ASEReadCounter.table","NW_015090842.1:7380878",0,1,1
"WFDC1","s1647_F_LIV_01_ASEReadCounter.table","NW_015090842.1:7381081",0,1,1
"WFDC1","s1647_F_LIV_01_ASEReadCounter.table","NW_015090842.1:7381127",0,1,1
"WFDC1","s1647_F_LIV_01_ASEReadCounter.table","NW_015090842.1:7381677",1,1,0
"WFDC1","s1647_F_LIV_01_ASEReadCounter.table","NW_015090842.1:7381709",1,1,0
"ATP2C2","s1647_F_LIV_01_ASEReadCounter.table","NW_015090842.1:7413855",17,24,7
"ATP2C2","s1647_F_LIV_01_ASEReadCounter.table","NW_015090842.1:7413869",1,8,7
"ATP2C2","s1647_F_LIV_01_ASEReadCounter.table","NW_015090842.1:7413875",2,10,8
"TLDC1","s1647_F_LIV_01_ASEReadCounter.table","NW_015090842.1:7421137",48,96,48
"TLDC1","s1647_F_LIV_01_ASEReadCounter.table","NW_015090842.1:7421155",46,94,48
"TLDC1","s1647_F_LIV_01_ASEReadCounter.table","NW_015090842.1:7421218",52,99,47
"TLDC1","s1647_F_LIV_01_ASEReadCounter.table","NW_015090842.1:7421399",42,82,40
"TLDC1","s1647_F_LIV_01_ASEReadCounter.table","NW_015090842.1:7421402",42,82,40
"TLDC1","s1647_F_LIV_01_ASEReadCounter.table","NW_015090842.1:7421528",46,83,37
"TLDC1","s1647_F_LIV_01_ASEReadCounter.table","NW_015090842.1:7421532",47,86,39
"TLDC1","s1647_F_LIV_01_ASEReadCounter.table","NW_015090842.1:7421621",53,97,44
"TLDC1","s1647_F_LIV_01_ASEReadCounter.table","NW_015090842.1:7421647",50,95,45
"TLDC1","s1647_F_LIV_01_ASEReadCounter.table","NW_015090842.1:7421657",45,85,40
"TLDC1","s1647_F_LIV_01_ASEReadCounter.table","NW_015090842.1:7421693",43,91,48
"TLDC1","s1647_F_LIV_01_ASEReadCounter.table","NW_015090842.1:7421796",44,74,30
"TLDC1","s1647_F_LIV_01_ASEReadCounter.table","NW_015090842.1:7421810",48,79,31
"TLDC1","s1647_F_LIV_01_ASEReadCounter.table","NW_015090842.1:7421833",40,70,30
"TLDC1","s1647_F_LIV_01_ASEReadCounter.table","NW_015090842.1:7421879",42,76,34
"TLDC1","s1647_F_LIV_01_ASEReadCounter.table","NW_015090842.1:7421914",47,85,38
"TLDC1","s1647_F_LIV_01_ASEReadCounter.table","NW_015090842.1:7421969",34,67,33
"TLDC1","s1647_F_LIV_01_ASEReadCounter.table","NW_015090842.1:7422015",29,77,48
"TLDC1","s1647_F_LIV_01_ASEReadCounter.table","NW_015090842.1:7422042",45,92,47
"TLDC1","s1647_F_LIV_01_ASEReadCounter.table","NW_015090842.1:7422230",54,99,45
"TLDC1","s1647_F_LIV_01_ASEReadCounter.table","NW_015090842.1:7423349",64,98,34
"TLDC1","s1647_F_LIV_01_ASEReadCounter.table","NW_015090842.1:7423362",61,97,36
"TLDC1","s1647_F_LIV_01_ASEReadCounter.table","NW_015090842.1:7426091",34,65,31
"TLDC1","s1647_F_LIV_01_ASEReadCounter.table","NW_015090842.1:7426485",28,50,22
"TLDC1","s1647_F_LIV_01_ASEReadCounter.table","NW_015090842.1:7427211",36,65,29
"TLDC1","s1647_F_LIV_01_ASEReadCounter.table","NW_015090842.1:7428179",36,67,31
"COTL1","s1647_F_LIV_01_ASEReadCounter.table","NW_015090842.1:7490744",73,167,94
"COTL1","s1647_F_LIV_01_ASEReadCounter.table","NW_015090842.1:7491051",40,79,39
"COTL1","s1647_F_LIV_01_ASEReadCounter.table","NW_015090842.1:7491124",44,86,42
"COTL1","s1647_F_LIV_01_ASEReadCounter.table","NW_015090842.1:7491418",33,56,23
"COTL1","s1647_F_LIV_01_ASEReadCounter.table","NW_015090842.1:7491539",21,41,20
"COTL1","s1647_F_LIV_01_ASEReadCounter.table","NW_015090842.1:7491585",37,67,30
"COTL1","s1647_F_LIV_01_ASEReadCounter.table","NW_015090842.1:7491586",37,69,32
"COTL1","s1647_F_LIV_01_ASEReadCounter.table","NW_015090842.1:7491646",40,77,37
"COTL1","s1647_F_LIV_01_ASEReadCounter.table","NW_015090842.1:7491747",34,68,34
"COTL1","s1647_F_LIV_01_ASEReadCounter.table","NW_015090842.1:7491803",26,61,35
"COTL1","s1647_F_LIV_01_ASEReadCounter.table","NW_015090842.1:7510900",0,1,1
"KLHL36","s1647_F_LIV_01_ASEReadCounter.table","NW_015090842.1:7514700",1,1,0
"KLHL36","s1647_F_LIV_01_ASEReadCounter.table","NW_015090842.1:7526160",0,1,1
"KLHL36","s1647_F_LIV_01_ASEReadCounter.table","NW_015090842.1:7526469",0,2,2
"KLHL36","s1647_F_LIV_01_ASEReadCounter.table","NW_015090842.1:7526587",0,1,1
"KLHL36","s1647_F_LIV_01_ASEReadCounter.table","NW_015090842.1:7526997",1,1,0
"KLHL36","s1647_F_LIV_01_ASEReadCounter.table","NW_015090842.1:7527142",0,1,1
"KLHL36","s1647_F_LIV_01_ASEReadCounter.table","NW_015090842.1:7535174",1,3,2
"KLHL36","s1647_F_LIV_01_ASEReadCounter.table","NW_015090842.1:7535545",2,3,1
"KLHL36","s1647_F_LIV_01_ASEReadCounter.table","NW_015090842.1:7535829",3,5,2
"KLHL36","s1647_F_LIV_01_ASEReadCounter.table","NW_015090842.1:7535977",0,4,4
"KLHL36","s1647_F_LIV_01_ASEReadCounter.table","NW_015090842.1:7536010",0,3,3
"KLHL36","s1647_F_LIV_01_ASEReadCounter.table","NW_015090842.1:7536051",1,3,2
"KLHL36","s1647_F_LIV_01_ASEReadCounter.table","NW_015090842.1:7536096",3,5,2
"KLHL36","s1647_F_LIV_01_ASEReadCounter.table","NW_015090842.1:7536135",2,4,2
"KLHL36","s1647_F_LIV_01_ASEReadCounter.table","NW_015090842.1:7536136",2,4,2
"KLHL36","s1647_F_LIV_01_ASEReadCounter.table","NW_015090842.1:7536160",1,3,2
"KLHL36","s1647_F_LIV_01_ASEReadCounter.table","NW_015090842.1:7536336",3,3,0
"KLHL36","s1647_F_LIV_01_ASEReadCounter.table","NW_015090842.1:7536352",3,4,1
"KLHL36","s1647_F_LIV_01_ASEReadCounter.table","NW_015090842.1:7536412",1,2,1
"KLHL36","s1647_F_LIV_01_ASEReadCounter.table","NW_015090842.1:7536418",1,2,1
"KLHL36","s1647_F_LIV_01_ASEReadCounter.table","NW_015090842.1:7536465",2,2,0
"KLHL36","s1647_F_LIV_01_ASEReadCounter.table","NW_015090842.1:7536466",2,2,0
"KLHL36","s1647_F_LIV_01_ASEReadCounter.table","NW_015090842.1:7536698",1,2,1
"KLHL36","s1647_F_LIV_01_ASEReadCounter.table","NW_015090842.1:7536713",1,1,0
"KLHL36","s1647_F_LIV_01_ASEReadCounter.table","NW_015090842.1:7536720",1,1,0
"KLHL36","s1647_F_LIV_01_ASEReadCounter.table","NW_015090842.1:7536916",0,1,1
"KLHL36","s1647_F_LIV_01_ASEReadCounter.table","NW_015090842.1:7536927",0,2,2
"KLHL36","s1647_F_LIV_01_ASEReadCounter.table","NW_015090842.1:7537315",3,3,0
"KLHL36","s1647_F_LIV_01_ASEReadCounter.table","NW_015090842.1:7537352",2,3,1
"KLHL36","s1647_F_LIV_01_ASEReadCounter.table","NW_015090842.1:7537631",4,6,2
"KLHL36","s1647_F_LIV_01_ASEReadCounter.table","NW_015090842.1:7537830",6,11,5
"KLHL36","s1647_F_LIV_01_ASEReadCounter.table","NW_015090842.1:7537838",6,11,5
"KLHL36","s1647_F_LIV_01_ASEReadCounter.table","NW_015090842.1:7538153",4,7,3
"KLHL36","s1647_F_LIV_01_ASEReadCounter.table","NW_015090842.1:7538256",4,9,5
"KLHL36","s1647_F_LIV_01_ASEReadCounter.table","NW_015090842.1:7538265",4,9,5
"KLHL36","s1647_F_LIV_01_ASEReadCounter.table","NW_015090842.1:7538300",3,9,6
"USP10","s1647_F_LIV_01_ASEReadCounter.table","NW_015090842.1:7563972",4,12,8
"USP10","s1647_F_LIV_01_ASEReadCounter.table","NW_015090842.1:7571816",13,31,18
"USP10","s1647_F_LIV_01_ASEReadCounter.table","NW_015090842.1:7571993",21,39,18
"USP10","s1647_F_LIV_01_ASEReadCounter.table","NW_015090842.1:7572580",19,53,34
"USP10","s1647_F_LIV_01_ASEReadCounter.table","NW_015090842.1:7587372",28,68,40
"CRISPLD2","s1647_F_LIV_01_ASEReadCounter.table","NW_015090842.1:7609883",1,1,0
"CRISPLD2","s1647_F_LIV_01_ASEReadCounter.table","NW_015090842.1:7621452",1,1,0
"CRISPLD2","s1647_F_LIV_01_ASEReadCounter.table","NW_015090842.1:7626214",1,1,0
"CRISPLD2","s1647_F_LIV_01_ASEReadCounter.table","NW_015090842.1:7630784",1,1,0
"CRISPLD2","s1647_F_LIV_01_ASEReadCounter.table","NW_015090842.1:7630823",1,1,0
"CRISPLD2","s1647_F_LIV_01_ASEReadCounter.table","NW_015090842.1:7633172",1,1,0
"CRISPLD2","s1647_F_LIV_01_ASEReadCounter.table","NW_015090842.1:7633326",4,4,0
"CRISPLD2","s1647_F_LIV_01_ASEReadCounter.table","NW_015090842.1:7633336",4,4,0
"CRISPLD2","s1647_F_LIV_01_ASEReadCounter.table","NW_015090842.1:7633381",3,3,0
"CRISPLD2","s1647_F_LIV_01_ASEReadCounter.table","NW_015090842.1:7633388",2,2,0
"CRISPLD2","s1647_F_LIV_01_ASEReadCounter.table","NW_015090842.1:7633400",1,1,0
"CRISPLD2","s1647_F_LIV_01_ASEReadCounter.table","NW_015090842.1:7633486",1,1,0
"CRISPLD2","s1647_F_LIV_01_ASEReadCounter.table","NW_015090842.1:7633503",1,1,0
"CRISPLD2","s1647_F_LIV_01_ASEReadCounter.table","NW_015090842.1:7633504",1,1,0
"CRISPLD2","s1647_F_LIV_01_ASEReadCounter.table","NW_015090842.1:7633557",0,1,1
"CRISPLD2","s1647_F_LIV_01_ASEReadCounter.table","NW_015090842.1:7633571",0,1,1
"CRISPLD2","s1647_F_LIV_01_ASEReadCounter.table","NW_015090842.1:7633588",1,2,1
"CRISPLD2","s1647_F_LIV_01_ASEReadCounter.table","NW_015090842.1:7633617",1,2,1
"CRISPLD2","s1647_F_LIV_01_ASEReadCounter.table","NW_015090842.1:7633695",0,1,1
"CRISPLD2","s1647_F_LIV_01_ASEReadCounter.table","NW_015090842.1:7634417",2,2,0
"CRISPLD2","s1647_F_LIV_01_ASEReadCounter.table","NW_015090842.1:7635009",1,1,0
"CRISPLD2","s1647_F_LIV_01_ASEReadCounter.table","NW_015090842.1:7635208",3,3,0
"CRISPLD2","s1647_F_LIV_01_ASEReadCounter.table","NW_015090842.1:7635373",4,5,1
"CRISPLD2","s1647_F_LIV_01_ASEReadCounter.table","NW_015090842.1:7635525",3,3,0
"CRISPLD2","s1647_F_LIV_01_ASEReadCounter.table","NW_015090842.1:7635583",2,3,1
"CRISPLD2","s1647_F_LIV_01_ASEReadCounter.table","NW_015090842.1:7635924",4,5,1
"LOC106888312","s1647_F_LIV_01_ASEReadCounter.table","NW_015090842.1:7713031",58,94,36
"LOC106888312","s1647_F_LIV_01_ASEReadCounter.table","NW_015090842.1:7727001",77,103,26
"LOC106888312","s1647_F_LIV_01_ASEReadCounter.table","NW_015090842.1:7727036",79,104,25
"LOC106888312","s1647_F_LIV_01_ASEReadCounter.table","NW_015090842.1:7727072",78,109,31
"LOC106888312","s1647_F_LIV_01_ASEReadCounter.table","NW_015090842.1:7727961",80,111,31
"LOC106888312","s1647_F_LIV_01_ASEReadCounter.table","NW_015090842.1:7731961",33,57,24
"LOC106888312","s1647_F_LIV_01_ASEReadCounter.table","NW_015090842.1:7732244",123,173,50
"LOC106888312","s1647_F_LIV_01_ASEReadCounter.table","NW_015090842.1:7732443",110,150,40
"LOC106888312","s1647_F_LIV_01_ASEReadCounter.table","NW_015090842.1:7732444",108,148,40
"LOC106888312","s1647_F_LIV_01_ASEReadCounter.table","NW_015090842.1:7732538",82,123,41
"LOC106888312","s1647_F_LIV_01_ASEReadCounter.table","NW_015090842.1:7732548",83,126,43
"LOC106888312","s1647_F_LIV_01_ASEReadCounter.table","NW_015090842.1:7732576",90,139,49
"LOC106888312","s1647_F_LIV_01_ASEReadCounter.table","NW_015090842.1:7732580",90,138,48
"LOC106888312","s1647_F_LIV_01_ASEReadCounter.table","NW_015090842.1:7732629",82,139,57
"LOC106888312","s1647_F_LIV_01_ASEReadCounter.table","NW_015090842.1:7732630",82,139,57
"LOC106888312","s1647_F_LIV_01_ASEReadCounter.table","NW_015090842.1:7732637",86,141,55
"LOC106888312","s1647_F_LIV_01_ASEReadCounter.table","NW_015090842.1:7732682",80,128,48
"LOC106888312","s1647_F_LIV_01_ASEReadCounter.table","NW_015090842.1:7732696",75,125,50
"LOC106888312","s1647_F_LIV_01_ASEReadCounter.table","NW_015090842.1:7732709",72,125,53
"LOC106888312","s1647_F_LIV_01_ASEReadCounter.table","NW_015090842.1:7732718",72,121,49
"LOC106888312","s1647_F_LIV_01_ASEReadCounter.table","NW_015090842.1:7732739",87,139,52
"LOC106888312","s1647_F_LIV_01_ASEReadCounter.table","NW_015090842.1:7732743",69,126,57
"LOC106888312","s1647_F_LIV_01_ASEReadCounter.table","NW_015090842.1:7732744",66,124,58
"LOC106888312","s1647_F_LIV_01_ASEReadCounter.table","NW_015090842.1:7732756",62,118,56
"LOC106888312","s1647_F_LIV_01_ASEReadCounter.table","NW_015090842.1:7732757",63,119,56
"LOC106888312","s1647_F_LIV_01_ASEReadCounter.table","NW_015090842.1:7732782",78,134,56
"LOC106888312","s1647_F_LIV_01_ASEReadCounter.table","NW_015090842.1:7732796",85,140,55
"LOC106888312","s1647_F_LIV_01_ASEReadCounter.table","NW_015090842.1:7732860",83,128,45
"LOC106888312","s1647_F_LIV_01_ASEReadCounter.table","NW_015090842.1:7732861",83,129,46
"LOC106888312","s1647_F_LIV_01_ASEReadCounter.table","NW_015090842.1:7732918",77,135,58
"LOC106888312","s1647_F_LIV_01_ASEReadCounter.table","NW_015090842.1:7732997",81,133,52
"LOC106888312","s1647_F_LIV_01_ASEReadCounter.table","NW_015090842.1:7733011",51,92,41
"LOC106888312","s1647_F_LIV_01_ASEReadCounter.table","NW_015090842.1:7733046",76,119,43
"LOC106888312","s1647_F_LIV_01_ASEReadCounter.table","NW_015090842.1:7733068",114,170,56
"LOC106888312","s1647_F_LIV_01_ASEReadCounter.table","NW_015090842.1:7733077",139,199,60
"LOC106888312","s1647_F_LIV_01_ASEReadCounter.table","NW_015090842.1:7733096",154,224,70
"LOC106888312","s1647_F_LIV_01_ASEReadCounter.table","NW_015090842.1:7733142",169,252,83
"LOC106888312","s1647_F_LIV_01_ASEReadCounter.table","NW_015090842.1:7733196",123,207,84
"LOC106888312","s1647_F_LIV_01_ASEReadCounter.table","NW_015090842.1:7733299",163,254,91
"LOC106888312","s1647_F_LIV_01_ASEReadCounter.table","NW_015090842.1:7733470",123,221,98
"LOC106888312","s1647_F_LIV_01_ASEReadCounter.table","NW_015090842.1:7733471",125,218,93
"LOC106888312","s1647_F_LIV_01_ASEReadCounter.table","NW_015090842.1:7733472",116,211,95
"LOC106888312","s1647_F_LIV_01_ASEReadCounter.table","NW_015090842.1:7733507",146,231,85
"LOC106888312","s1647_F_LIV_01_ASEReadCounter.table","NW_015090842.1:7733508",145,231,86
"LOC106888312","s1647_F_LIV_01_ASEReadCounter.table","NW_015090842.1:7733518",150,238,88
"LOC106888312","s1647_F_LIV_01_ASEReadCounter.table","NW_015090842.1:7733609",180,288,108
"LOC106888312","s1647_F_LIV_01_ASEReadCounter.table","NW_015090842.1:7733631",154,256,102
"LOC106888312","s1647_F_LIV_01_ASEReadCounter.table","NW_015090842.1:7733674",163,267,104
"LOC106888312","s1647_F_LIV_01_ASEReadCounter.table","NW_015090842.1:7733979",0,11,11
"LOC106888312","s1647_F_LIV_01_ASEReadCounter.table","NW_015090842.1:7733981",0,11,11
"ZDHHC7","s1647_F_LIV_01_ASEReadCounter.table","NW_015090842.1:7737199",48,74,26
"ZDHHC7","s1647_F_LIV_01_ASEReadCounter.table","NW_015090842.1:7737332",40,60,20
"ZDHHC7","s1647_F_LIV_01_ASEReadCounter.table","NW_015090842.1:7737553",62,110,48
"ZDHHC7","s1647_F_LIV_01_ASEReadCounter.table","NW_015090842.1:7737920",42,72,30
"ZDHHC7","s1647_F_LIV_01_ASEReadCounter.table","NW_015090842.1:7737953",35,65,30
"ZDHHC7","s1647_F_LIV_01_ASEReadCounter.table","NW_015090842.1:7737987",36,63,27
"ZDHHC7","s1647_F_LIV_01_ASEReadCounter.table","NW_015090842.1:7738068",27,42,15
"ZDHHC7","s1647_F_LIV_01_ASEReadCounter.table","NW_015090842.1:7738204",44,77,33
"LOC106888097","s1647_F_LIV_01_ASEReadCounter.table","NW_015090842.1:7767178",20,31,11
"LOC106888097","s1647_F_LIV_01_ASEReadCounter.table","NW_015090842.1:7767187",19,31,12
"LOC106888097","s1647_F_LIV_01_ASEReadCounter.table","NW_015090842.1:7768144",18,50,32
"LOC106888097","s1647_F_LIV_01_ASEReadCounter.table","NW_015090842.1:7768196",21,61,40
"LOC106888097","s1647_F_LIV_01_ASEReadCounter.table","NW_015090842.1:7769884",24,50,26
"LOC106888097","s1647_F_LIV_01_ASEReadCounter.table","NW_015090842.1:7769893",22,46,24
"LOC106888097","s1647_F_LIV_01_ASEReadCounter.table","NW_015090842.1:7770245",34,65,31
"LOC106888097","s1647_F_LIV_01_ASEReadCounter.table","NW_015090842.1:7772402",38,68,30
"LOC106888097","s1647_F_LIV_01_ASEReadCounter.table","NW_015090842.1:7772483",38,79,41
"LOC106888097","s1647_F_LIV_01_ASEReadCounter.table","NW_015090842.1:7772490",33,74,41
"LOC106888097","s1647_F_LIV_01_ASEReadCounter.table","NW_015090842.1:7774281",28,77,49
"LOC106888097","s1647_F_LIV_01_ASEReadCounter.table","NW_015090842.1:7774552",62,165,103
"LOC106888097","s1647_F_LIV_01_ASEReadCounter.table","NW_015090842.1:7774564",59,160,101
"LOC106888097","s1647_F_LIV_01_ASEReadCounter.table","NW_015090842.1:7774611",50,141,91
"LOC106888097","s1647_F_LIV_01_ASEReadCounter.table","NW_015090842.1:7774681",52,123,71
"LOC106888097","s1647_F_LIV_01_ASEReadCounter.table","NW_015090842.1:7774698",38,96,58
"LOC106888097","s1647_F_LIV_01_ASEReadCounter.table","NW_015090842.1:7774730",21,58,37
"LOC106888097","s1647_F_LIV_01_ASEReadCounter.table","NW_015090842.1:7774778",6,6,0
"LOC106888097","s1647_F_LIV_01_ASEReadCounter.table","NW_015090842.1:7774793",5,5,0
"FOXC2","s1647_F_LIV_01_ASEReadCounter.table","NW_015090842.1:8129599",0,1,1
"FOXC2","s1647_F_LIV_01_ASEReadCounter.table","NW_015090842.1:8129616",0,1,1
"FOXC2","s1647_F_LIV_01_ASEReadCounter.table","NW_015090842.1:8130472",1,1,0
"FOXC2","s1647_F_LIV_01_ASEReadCounter.table","NW_015090842.1:8130490",1,1,0
"MTHFSD","s1647_F_LIV_01_ASEReadCounter.table","NW_015090842.1:8140051",11,25,14
"MTHFSD","s1647_F_LIV_01_ASEReadCounter.table","NW_015090842.1:8142923",12,30,18
"MTHFSD","s1647_F_LIV_01_ASEReadCounter.table","NW_015090842.1:8143029",20,41,21
"MTHFSD","s1647_F_LIV_01_ASEReadCounter.table","NW_015090842.1:8152035",23,49,26
"MTHFSD","s1647_F_LIV_01_ASEReadCounter.table","NW_015090842.1:8152315",5,15,10
"MTHFSD","s1647_F_LIV_01_ASEReadCounter.table","NW_015090842.1:8152511",12,27,15
"MTHFSD","s1647_F_LIV_01_ASEReadCounter.table","NW_015090842.1:8152518",13,28,15
"MTHFSD","s1647_F_LIV_01_ASEReadCounter.table","NW_015090842.1:8152553",13,27,14
"MTHFSD","s1647_F_LIV_01_ASEReadCounter.table","NW_015090842.1:8152773",15,35,20
"MTHFSD","s1647_F_LIV_01_ASEReadCounter.table","NW_015090842.1:8152805",16,35,19
"FOXF1","s1647_F_LIV_01_ASEReadCounter.table","NW_015090842.1:8164789",0,3,3
"FOXF1","s1647_F_LIV_01_ASEReadCounter.table","NW_015090842.1:8166883",2,2,0
"FOXF1","s1647_F_LIV_01_ASEReadCounter.table","NW_015090842.1:8167113",1,1,0
"FOXF1","s1647_F_LIV_01_ASEReadCounter.table","NW_015090842.1:8167588",1,1,0
"IRF8","s1647_F_LIV_01_ASEReadCounter.table","NW_015090842.1:8406652",8,21,13
"IRF8","s1647_F_LIV_01_ASEReadCounter.table","NW_015090842.1:8406703",10,19,9
"IRF8","s1647_F_LIV_01_ASEReadCounter.table","NW_015090842.1:8406704",10,20,10
"IRF8","s1647_F_LIV_01_ASEReadCounter.table","NW_015090842.1:8406757",8,15,7
"IRF8","s1647_F_LIV_01_ASEReadCounter.table","NW_015090842.1:8406778",8,16,8
"IRF8","s1647_F_LIV_01_ASEReadCounter.table","NW_015090842.1:8406819",10,23,13
"IRF8","s1647_F_LIV_01_ASEReadCounter.table","NW_015090842.1:8406941",9,22,13
"IRF8","s1647_F_LIV_01_ASEReadCounter.table","NW_015090842.1:8407008",7,17,10
"IRF8","s1647_F_LIV_01_ASEReadCounter.table","NW_015090842.1:8407057",6,11,5
"IRF8","s1647_F_LIV_01_ASEReadCounter.table","NW_015090842.1:8407064",8,11,3
"IRF8","s1647_F_LIV_01_ASEReadCounter.table","NW_015090842.1:8407069",9,16,7
"IRF8","s1647_F_LIV_01_ASEReadCounter.table","NW_015090842.1:8407120",5,13,8
"IRF8","s1647_F_LIV_01_ASEReadCounter.table","NW_015090842.1:8407157",8,16,8
"IRF8","s1647_F_LIV_01_ASEReadCounter.table","NW_015090842.1:8407203",7,13,6
"IRF8","s1647_F_LIV_01_ASEReadCounter.table","NW_015090842.1:8407272",9,14,5
"IRF8","s1647_F_LIV_01_ASEReadCounter.table","NW_015090842.1:8407276",7,12,5
"IRF8","s1647_F_LIV_01_ASEReadCounter.table","NW_015090842.1:8407303",9,14,5
"IRF8","s1647_F_LIV_01_ASEReadCounter.table","NW_015090842.1:8407451",4,10,6
"IRF8","s1647_F_LIV_01_ASEReadCounter.table","NW_015090842.1:8407456",3,9,6
"IRF8","s1647_F_LIV_01_ASEReadCounter.table","NW_015090842.1:8408564",6,12,6
"IRF8","s1647_F_LIV_01_ASEReadCounter.table","NW_015090842.1:8408585",15,15,0
"IRF8","s1647_F_LIV_01_ASEReadCounter.table","NW_015090842.1:8408973",5,13,8
"IRF8","s1647_F_LIV_01_ASEReadCounter.table","NW_015090842.1:8409060",2,5,3
"IRF8","s1647_F_LIV_01_ASEReadCounter.table","NW_015090842.1:8409065",3,5,2
"IRF8","s1647_F_LIV_01_ASEReadCounter.table","NW_015090842.1:8409254",4,9,5
"IRF8","s1647_F_LIV_01_ASEReadCounter.table","NW_015090842.1:8409255",4,9,5
"IRF8","s1647_F_LIV_01_ASEReadCounter.table","NW_015090842.1:8409258",4,10,6
"IRF8","s1647_F_LIV_01_ASEReadCounter.table","NW_015090842.1:8409312",5,10,5
"IRF8","s1647_F_LIV_01_ASEReadCounter.table","NW_015090842.1:8410216",2,7,5
"IRF8","s1647_F_LIV_01_ASEReadCounter.table","NW_015090842.1:8410237",2,8,6
"IRF8","s1647_F_LIV_01_ASEReadCounter.table","NW_015090842.1:8410276",9,9,0
"IRF8","s1647_F_LIV_01_ASEReadCounter.table","NW_015090842.1:8410813",1,5,4
"IRF8","s1647_F_LIV_01_ASEReadCounter.table","NW_015090842.1:8410861",3,7,4
"IRF8","s1647_F_LIV_01_ASEReadCounter.table","NW_015090842.1:8411940",5,7,2
"IRF8","s1647_F_LIV_01_ASEReadCounter.table","NW_015090842.1:8412006",2,3,1
"IRF8","s1647_F_LIV_01_ASEReadCounter.table","NW_015090842.1:8412042",1,5,4
"DUSP15","s1647_F_LIV_01_ASEReadCounter.table","NW_015090842.1:8422787",0,2,2
"DUSP15","s1647_F_LIV_01_ASEReadCounter.table","NW_015090842.1:8422832",0,1,1
"DUSP15","s1647_F_LIV_01_ASEReadCounter.table","NW_015090842.1:8422898",0,1,1
"DUSP15","s1647_F_LIV_01_ASEReadCounter.table","NW_015090842.1:8422909",0,1,1
"COX4I1","s1647_F_LIV_01_ASEReadCounter.table","NW_015090842.1:8442258",2001,4320,2319
"COX4I1","s1647_F_LIV_01_ASEReadCounter.table","NW_015090842.1:8442333",1788,3627,1839
"EMC8","s1647_F_LIV_01_ASEReadCounter.table","NW_015090842.1:8444046",138,309,171
"EMC8","s1647_F_LIV_01_ASEReadCounter.table","NW_015090842.1:8444064",114,258,144
"EMC8","s1647_F_LIV_01_ASEReadCounter.table","NW_015090842.1:8452029",21,63,42
"EMC8","s1647_F_LIV_01_ASEReadCounter.table","NW_015090842.1:8452116",20,69,49
"EMC8","s1647_F_LIV_01_ASEReadCounter.table","NW_015090842.1:8452121",21,73,52
"EMC8","s1647_F_LIV_01_ASEReadCounter.table","NW_015090842.1:8452222",28,81,53
"EMC8","s1647_F_LIV_01_ASEReadCounter.table","NW_015090842.1:8452244",22,77,55
"EMC8","s1647_F_LIV_01_ASEReadCounter.table","NW_015090842.1:8452477",11,22,11
"EMC8","s1647_F_LIV_01_ASEReadCounter.table","NW_015090842.1:8452498",11,22,11
"EMC8","s1647_F_LIV_01_ASEReadCounter.table","NW_015090842.1:8452535",5,10,5
"EMC8","s1647_F_LIV_01_ASEReadCounter.table","NW_015090842.1:8452575",4,9,5
"EMC8","s1647_F_LIV_01_ASEReadCounter.table","NW_015090842.1:8452600",4,12,8
"EMC8","s1647_F_LIV_01_ASEReadCounter.table","NW_015090842.1:8452616",3,8,5
"EMC8","s1647_F_LIV_01_ASEReadCounter.table","NW_015090842.1:8452630",0,3,3
"EMC8","s1647_F_LIV_01_ASEReadCounter.table","NW_015090842.1:8452650",1,5,4
"EMC8","s1647_F_LIV_01_ASEReadCounter.table","NW_015090842.1:8452678",1,6,5
"EMC8","s1647_F_LIV_01_ASEReadCounter.table","NW_015090842.1:8452724",1,4,3
"EMC8","s1647_F_LIV_01_ASEReadCounter.table","NW_015090842.1:8452731",1,4,3
"EMC8","s1647_F_LIV_01_ASEReadCounter.table","NW_015090842.1:8452743",1,8,7
"EMC8","s1647_F_LIV_01_ASEReadCounter.table","NW_015090842.1:8452750",1,8,7
"EMC8","s1647_F_LIV_01_ASEReadCounter.table","NW_015090842.1:8452778",7,15,8
"EMC8","s1647_F_LIV_01_ASEReadCounter.table","NW_015090842.1:8452783",6,15,9
"EMC8","s1647_F_LIV_01_ASEReadCounter.table","NW_015090842.1:8452800",7,15,8
"EMC8","s1647_F_LIV_01_ASEReadCounter.table","NW_015090842.1:8452804",7,15,8
"EMC8","s1647_F_LIV_01_ASEReadCounter.table","NW_015090842.1:8452812",7,15,8
"EMC8","s1647_F_LIV_01_ASEReadCounter.table","NW_015090842.1:8452858",3,11,8
"EMC8","s1647_F_LIV_01_ASEReadCounter.table","NW_015090842.1:8452906",8,17,9
"EMC8","s1647_F_LIV_01_ASEReadCounter.table","NW_015090842.1:8452913",8,18,10
"EMC8","s1647_F_LIV_01_ASEReadCounter.table","NW_015090842.1:8453000",6,16,10
"EMC8","s1647_F_LIV_01_ASEReadCounter.table","NW_015090842.1:8453007",7,19,12
"EMC8","s1647_F_LIV_01_ASEReadCounter.table","NW_015090842.1:8453058",12,24,12
"EMC8","s1647_F_LIV_01_ASEReadCounter.table","NW_015090842.1:8453106",9,21,12
"GINS2","s1647_F_LIV_01_ASEReadCounter.table","NW_015090842.1:8466420",9,9,0
"GINS2","s1647_F_LIV_01_ASEReadCounter.table","NW_015090842.1:8466424",9,9,0
"GINS2","s1647_F_LIV_01_ASEReadCounter.table","NW_015090842.1:8466518",9,9,0
"GINS2","s1647_F_LIV_01_ASEReadCounter.table","NW_015090842.1:8468482",20,22,2
"GINS2","s1647_F_LIV_01_ASEReadCounter.table","NW_015090842.1:8470290",13,13,0
"GINS2","s1647_F_LIV_01_ASEReadCounter.table","NW_015090842.1:8470305",15,15,0
"GINS2","s1647_F_LIV_01_ASEReadCounter.table","NW_015090842.1:8470381",21,22,1
"GINS2","s1647_F_LIV_01_ASEReadCounter.table","NW_015090842.1:8470418",21,22,1
"GINS2","s1647_F_LIV_01_ASEReadCounter.table","NW_015090842.1:8470421",16,17,1
"GINS2","s1647_F_LIV_01_ASEReadCounter.table","NW_015090842.1:8470430",10,11,1
"GINS2","s1647_F_LIV_01_ASEReadCounter.table","NW_015090842.1:8470433",8,9,1
"GINS2","s1647_F_LIV_01_ASEReadCounter.table","NW_015090842.1:8470457",4,4,0
"GINS2","s1647_F_LIV_01_ASEReadCounter.table","NW_015090842.1:8470491",4,5,1
"GINS2","s1647_F_LIV_01_ASEReadCounter.table","NW_015090842.1:8470548",8,10,2
"GINS2","s1647_F_LIV_01_ASEReadCounter.table","NW_015090842.1:8470649",18,19,1
"GSE1","s1647_F_LIV_01_ASEReadCounter.table","NW_015090842.1:8475362",13,19,6
"GSE1","s1647_F_LIV_01_ASEReadCounter.table","NW_015090842.1:8475961",6,7,1
"GSE1","s1647_F_LIV_01_ASEReadCounter.table","NW_015090842.1:8476027",5,6,1
"GSE1","s1647_F_LIV_01_ASEReadCounter.table","NW_015090842.1:8476159",1,1,0
"GSE1","s1647_F_LIV_01_ASEReadCounter.table","NW_015090842.1:8477442",0,2,2
"GSE1","s1647_F_LIV_01_ASEReadCounter.table","NW_015090842.1:8477448",0,2,2
"GSE1","s1647_F_LIV_01_ASEReadCounter.table","NW_015090842.1:8477662",0,1,1
"GSE1","s1647_F_LIV_01_ASEReadCounter.table","NW_015090842.1:8477933",3,5,2
"GSE1","s1647_F_LIV_01_ASEReadCounter.table","NW_015090842.1:8477945",4,6,2
"GSE1","s1647_F_LIV_01_ASEReadCounter.table","NW_015090842.1:8483272",1,2,1
"GSE1","s1647_F_LIV_01_ASEReadCounter.table","NW_015090842.1:8483411",1,1,0
"GSE1","s1647_F_LIV_01_ASEReadCounter.table","NW_015090842.1:8483756",0,2,2
"GSE1","s1647_F_LIV_01_ASEReadCounter.table","NW_015090842.1:8486867",2,2,0
"GSE1","s1647_F_LIV_01_ASEReadCounter.table","NW_015090842.1:8486939",3,4,1
"GSE1","s1647_F_LIV_01_ASEReadCounter.table","NW_015090842.1:8486945",3,4,1
"GSE1","s1647_F_LIV_01_ASEReadCounter.table","NW_015090842.1:8486993",3,4,1
"GSE1","s1647_F_LIV_01_ASEReadCounter.table","NW_015090842.1:8487062",1,2,1
"GSE1","s1647_F_LIV_01_ASEReadCounter.table","NW_015090842.1:8488065",4,5,1
"GSE1","s1647_F_LIV_01_ASEReadCounter.table","NW_015090842.1:8488457",5,6,1
"GSE1","s1647_F_LIV_01_ASEReadCounter.table","NW_015090842.1:8488463",5,6,1
"GSE1","s1647_F_LIV_01_ASEReadCounter.table","NW_015090842.1:8488490",4,4,0
"GSE1","s1647_F_LIV_01_ASEReadCounter.table","NW_015090842.1:8488505",6,7,1
"GSE1","s1647_F_LIV_01_ASEReadCounter.table","NW_015090842.1:8490180",5,6,1
"KIAA0513","s1647_F_LIV_01_ASEReadCounter.table","NW_015090842.1:8668363",7,9,2
"KIAA0513","s1647_F_LIV_01_ASEReadCounter.table","NW_015090842.1:8668387",6,7,1
"KIAA0513","s1647_F_LIV_01_ASEReadCounter.table","NW_015090842.1:8668390",6,7,1
"KIAA0513","s1647_F_LIV_01_ASEReadCounter.table","NW_015090842.1:8673107",2,5,3
"KIAA0513","s1647_F_LIV_01_ASEReadCounter.table","NW_015090842.1:8673147",2,5,3
"KIAA0513","s1647_F_LIV_01_ASEReadCounter.table","NW_015090842.1:8674661",5,5,0
"KIAA0513","s1647_F_LIV_01_ASEReadCounter.table","NW_015090842.1:8674685",7,8,1
"KIAA0513","s1647_F_LIV_01_ASEReadCounter.table","NW_015090842.1:8674730",5,7,2
"KIAA0513","s1647_F_LIV_01_ASEReadCounter.table","NW_015090842.1:8675525",3,4,1
"KIAA0513","s1647_F_LIV_01_ASEReadCounter.table","NW_015090842.1:8675561",2,3,1
"KIAA0513","s1647_F_LIV_01_ASEReadCounter.table","NW_015090842.1:8678608",0,1,1
"KIAA0513","s1647_F_LIV_01_ASEReadCounter.table","NW_015090842.1:8693642",0,1,1
"FBXO31","s1647_F_LIV_01_ASEReadCounter.table","NW_015090842.1:8710240",41,164,123
"FBXO31","s1647_F_LIV_01_ASEReadCounter.table","NW_015090842.1:8710372",32,145,113
"FBXO31","s1647_F_LIV_01_ASEReadCounter.table","NW_015090842.1:8711239",56,145,89
"FBXO31","s1647_F_LIV_01_ASEReadCounter.table","NW_015090842.1:8714565",51,175,124
"FBXO31","s1647_F_LIV_01_ASEReadCounter.table","NW_015090842.1:8716001",22,107,85
"FBXO31","s1647_F_LIV_01_ASEReadCounter.table","NW_015090842.1:8725050",2,5,3
"FBXO31","s1647_F_LIV_01_ASEReadCounter.table","NW_015090842.1:8725057",2,5,3
"FBXO31","s1647_F_LIV_01_ASEReadCounter.table","NW_015090842.1:8725162",4,5,1
"FBXO31","s1647_F_LIV_01_ASEReadCounter.table","NW_015090842.1:8725163",4,5,1
"FBXO31","s1647_F_LIV_01_ASEReadCounter.table","NW_015090842.1:8725170",6,7,1
"FBXO31","s1647_F_LIV_01_ASEReadCounter.table","NW_015090842.1:8725187",7,8,1
"FBXO31","s1647_F_LIV_01_ASEReadCounter.table","NW_015090842.1:8725188",7,8,1
"FBXO31","s1647_F_LIV_01_ASEReadCounter.table","NW_015090842.1:8725190",7,8,1
"FBXO31","s1647_F_LIV_01_ASEReadCounter.table","NW_015090842.1:8725370",3,3,0
"ZCCHC14","s1647_F_LIV_01_ASEReadCounter.table","NW_015090842.1:8750174",3,7,4
"ZCCHC14","s1647_F_LIV_01_ASEReadCounter.table","NW_015090842.1:8750189",5,9,4
"ZCCHC14","s1647_F_LIV_01_ASEReadCounter.table","NW_015090842.1:8750365",3,7,4
"ZCCHC14","s1647_F_LIV_01_ASEReadCounter.table","NW_015090842.1:8750433",5,10,5
"ZCCHC14","s1647_F_LIV_01_ASEReadCounter.table","NW_015090842.1:8750449",5,10,5
"ZCCHC14","s1647_F_LIV_01_ASEReadCounter.table","NW_015090842.1:8750456",5,9,4
"ZCCHC14","s1647_F_LIV_01_ASEReadCounter.table","NW_015090842.1:8750497",6,14,8
"ZCCHC14","s1647_F_LIV_01_ASEReadCounter.table","NW_015090842.1:8750547",5,13,8
"ZCCHC14","s1647_F_LIV_01_ASEReadCounter.table","NW_015090842.1:8751100",1,2,1
"ZCCHC14","s1647_F_LIV_01_ASEReadCounter.table","NW_015090842.1:8751374",2,4,2
"ZCCHC14","s1647_F_LIV_01_ASEReadCounter.table","NW_015090842.1:8751403",2,5,3
"ZCCHC14","s1647_F_LIV_01_ASEReadCounter.table","NW_015090842.1:8751517",3,7,4
"ZCCHC14","s1647_F_LIV_01_ASEReadCounter.table","NW_015090842.1:8752060",2,4,2
"ZCCHC14","s1647_F_LIV_01_ASEReadCounter.table","NW_015090842.1:8752172",2,7,5
"ZCCHC14","s1647_F_LIV_01_ASEReadCounter.table","NW_015090842.1:8752183",2,7,5
"ZCCHC14","s1647_F_LIV_01_ASEReadCounter.table","NW_015090842.1:8752198",2,8,6
"ZCCHC14","s1647_F_LIV_01_ASEReadCounter.table","NW_015090842.1:8752248",2,6,4
"ZCCHC14","s1647_F_LIV_01_ASEReadCounter.table","NW_015090842.1:8752326",1,3,2
"ZCCHC14","s1647_F_LIV_01_ASEReadCounter.table","NW_015090842.1:8752393",1,1,0
"ZCCHC14","s1647_F_LIV_01_ASEReadCounter.table","NW_015090842.1:8752914",10,14,4
"ZCCHC14","s1647_F_LIV_01_ASEReadCounter.table","NW_015090842.1:8753528",3,6,3
"ZCCHC14","s1647_F_LIV_01_ASEReadCounter.table","NW_015090842.1:8753892",1,2,1
"ZCCHC14","s1647_F_LIV_01_ASEReadCounter.table","NW_015090842.1:8753910",2,4,2
"ZCCHC14","s1647_F_LIV_01_ASEReadCounter.table","NW_015090842.1:8755096",0,4,4
"ZCCHC14","s1647_F_LIV_01_ASEReadCounter.table","NW_015090842.1:8755327",3,4,1
"ZCCHC14","s1647_F_LIV_01_ASEReadCounter.table","NW_015090842.1:8755723",0,1,1
"ZCCHC14","s1647_F_LIV_01_ASEReadCounter.table","NW_015090842.1:8755739",0,1,1
"ZCCHC14","s1647_F_LIV_01_ASEReadCounter.table","NW_015090842.1:8756149",1,1,0
"ZCCHC14","s1647_F_LIV_01_ASEReadCounter.table","NW_015090842.1:8756347",0,1,1
"ZCCHC14","s1647_F_LIV_01_ASEReadCounter.table","NW_015090842.1:8756361",0,1,1
"ZCCHC14","s1647_F_LIV_01_ASEReadCounter.table","NW_015090842.1:8756388",0,1,1
"ZCCHC14","s1647_F_LIV_01_ASEReadCounter.table","NW_015090842.1:8756389",0,1,1
"ZCCHC14","s1647_F_LIV_01_ASEReadCounter.table","NW_015090842.1:8757160",0,1,1
"ZCCHC14","s1647_F_LIV_01_ASEReadCounter.table","NW_015090842.1:8804511",0,1,1
"JPH3","s1647_F_LIV_01_ASEReadCounter.table","NW_015090842.1:8885315",0,1,1
"JPH3","s1647_F_LIV_01_ASEReadCounter.table","NW_015090842.1:8885328",0,1,1
"JPH3","s1647_F_LIV_01_ASEReadCounter.table","NW_015090842.1:8885525",0,1,1
"KLHDC4","s1647_F_LIV_01_ASEReadCounter.table","NW_015090842.1:8890729",38,54,16
"KLHDC4","s1647_F_LIV_01_ASEReadCounter.table","NW_015090842.1:8890749",43,59,16
"KLHDC4","s1647_F_LIV_01_ASEReadCounter.table","NW_015090842.1:8890761",43,60,17
"KLHDC4","s1647_F_LIV_01_ASEReadCounter.table","NW_015090842.1:8891123",50,79,29
"KLHDC4","s1647_F_LIV_01_ASEReadCounter.table","NW_015090842.1:8893124",28,52,24
"KLHDC4","s1647_F_LIV_01_ASEReadCounter.table","NW_015090842.1:8894542",31,39,8
"KLHDC4","s1647_F_LIV_01_ASEReadCounter.table","NW_015090842.1:8896726",27,38,11
"KLHDC4","s1647_F_LIV_01_ASEReadCounter.table","NW_015090842.1:8896767",32,41,9
"KLHDC4","s1647_F_LIV_01_ASEReadCounter.table","NW_015090842.1:8904174",23,30,7
"KLHDC4","s1647_F_LIV_01_ASEReadCounter.table","NW_015090842.1:8904231",21,28,7
"KLHDC4","s1647_F_LIV_01_ASEReadCounter.table","NW_015090842.1:8905251",23,30,7
"KLHDC4","s1647_F_LIV_01_ASEReadCounter.table","NW_015090842.1:8905263",25,32,7
"KLHDC4","s1647_F_LIV_01_ASEReadCounter.table","NW_015090842.1:8919626",1,2,1
"SLC7A5","s1647_F_LIV_01_ASEReadCounter.table","NW_015090842.1:8938782",21,80,59
"SLC7A5","s1647_F_LIV_01_ASEReadCounter.table","NW_015090842.1:8938943",15,46,31
"SLC7A5","s1647_F_LIV_01_ASEReadCounter.table","NW_015090842.1:8939611",7,9,2
"SLC7A5","s1647_F_LIV_01_ASEReadCounter.table","NW_015090842.1:8939738",4,10,6
"SLC7A5","s1647_F_LIV_01_ASEReadCounter.table","NW_015090842.1:8939739",4,10,6
"SLC7A5","s1647_F_LIV_01_ASEReadCounter.table","NW_015090842.1:8939740",4,11,7
"SLC7A5","s1647_F_LIV_01_ASEReadCounter.table","NW_015090842.1:8939795",5,10,5
"SLC7A5","s1647_F_LIV_01_ASEReadCounter.table","NW_015090842.1:8939815",5,12,7
"SLC7A5","s1647_F_LIV_01_ASEReadCounter.table","NW_015090842.1:8939816",5,12,7
"SLC7A5","s1647_F_LIV_01_ASEReadCounter.table","NW_015090842.1:8939817",5,12,7
"SLC7A5","s1647_F_LIV_01_ASEReadCounter.table","NW_015090842.1:8939845",4,11,7
"SLC7A5","s1647_F_LIV_01_ASEReadCounter.table","NW_015090842.1:8939894",3,9,6
"SLC7A5","s1647_F_LIV_01_ASEReadCounter.table","NW_015090842.1:8939895",3,8,5
"SLC7A5","s1647_F_LIV_01_ASEReadCounter.table","NW_015090842.1:8939997",12,12,0
"SLC7A5","s1647_F_LIV_01_ASEReadCounter.table","NW_015090842.1:8940172",1,3,2
"SLC7A5","s1647_F_LIV_01_ASEReadCounter.table","NW_015090842.1:8940331",3,5,2
"SLC7A5","s1647_F_LIV_01_ASEReadCounter.table","NW_015090842.1:8940696",3,3,0
"SLC7A5","s1647_F_LIV_01_ASEReadCounter.table","NW_015090842.1:8940719",0,2,2
"SLC7A5","s1647_F_LIV_01_ASEReadCounter.table","NW_015090842.1:8940737",0,2,2
"SLC7A5","s1647_F_LIV_01_ASEReadCounter.table","NW_015090842.1:8940743",0,2,2
"SLC7A5","s1647_F_LIV_01_ASEReadCounter.table","NW_015090842.1:8940766",1,3,2
"SLC7A5","s1647_F_LIV_01_ASEReadCounter.table","NW_015090842.1:8940769",1,3,2
"SLC7A5","s1647_F_LIV_01_ASEReadCounter.table","NW_015090842.1:8940861",2,5,3
"SLC7A5","s1647_F_LIV_01_ASEReadCounter.table","NW_015090842.1:8941068",1,2,1
"SLC7A5","s1647_F_LIV_01_ASEReadCounter.table","NW_015090842.1:8941588",1,1,0
"SLC7A5","s1647_F_LIV_01_ASEReadCounter.table","NW_015090842.1:8941698",3,3,0
"SLC7A5","s1647_F_LIV_01_ASEReadCounter.table","NW_015090842.1:8941717",3,3,0
"SLC7A5","s1647_F_LIV_01_ASEReadCounter.table","NW_015090842.1:8941745",2,3,1
"SLC7A5","s1647_F_LIV_01_ASEReadCounter.table","NW_015090842.1:8941781",1,2,1
"SLC7A5","s1647_F_LIV_01_ASEReadCounter.table","NW_015090842.1:8941968",1,2,1
"SLC7A5","s1647_F_LIV_01_ASEReadCounter.table","NW_015090842.1:8942025",1,5,4
"SLC7A5","s1647_F_LIV_01_ASEReadCounter.table","NW_015090842.1:8942069",4,7,3
"SLC7A5","s1647_F_LIV_01_ASEReadCounter.table","NW_015090842.1:8942170",4,5,1
"SLC7A5","s1647_F_LIV_01_ASEReadCounter.table","NW_015090842.1:8942241",3,3,0
"SLC7A5","s1647_F_LIV_01_ASEReadCounter.table","NW_015090842.1:8942283",2,3,1
"SLC7A5","s1647_F_LIV_01_ASEReadCounter.table","NW_015090842.1:8942717",10,28,18
"SLC7A5","s1647_F_LIV_01_ASEReadCounter.table","NW_015090842.1:8942756",21,42,21
"SLC7A5","s1647_F_LIV_01_ASEReadCounter.table","NW_015090842.1:8942766",22,43,21
"SLC7A5","s1647_F_LIV_01_ASEReadCounter.table","NW_015090842.1:8943271",0,7,7
"SLC7A5","s1647_F_LIV_01_ASEReadCounter.table","NW_015090842.1:8943524",1,2,1
"SLC7A5","s1647_F_LIV_01_ASEReadCounter.table","NW_015090842.1:8943530",1,2,1
"SLC7A5","s1647_F_LIV_01_ASEReadCounter.table","NW_015090842.1:8943602",1,2,1
"SLC7A5","s1647_F_LIV_01_ASEReadCounter.table","NW_015090842.1:8943622",1,2,1
"SLC7A5","s1647_F_LIV_01_ASEReadCounter.table","NW_015090842.1:8943661",1,3,2
"SLC7A5","s1647_F_LIV_01_ASEReadCounter.table","NW_015090842.1:8943686",1,2,1
"SLC7A5","s1647_F_LIV_01_ASEReadCounter.table","NW_015090842.1:8943788",1,4,3
"SLC7A5","s1647_F_LIV_01_ASEReadCounter.table","NW_015090842.1:8943814",1,4,3
"SLC7A5","s1647_F_LIV_01_ASEReadCounter.table","NW_015090842.1:8943876",0,3,3
"SLC7A5","s1647_F_LIV_01_ASEReadCounter.table","NW_015090842.1:8943892",1,4,3
"SLC7A5","s1647_F_LIV_01_ASEReadCounter.table","NW_015090842.1:8944097",0,5,5
"SLC7A5","s1647_F_LIV_01_ASEReadCounter.table","NW_015090842.1:8944104",0,4,4
"SLC7A5","s1647_F_LIV_01_ASEReadCounter.table","NW_015090842.1:8944293",2,3,1
"SLC7A5","s1647_F_LIV_01_ASEReadCounter.table","NW_015090842.1:8944297",2,3,1
"SLC7A5","s1647_F_LIV_01_ASEReadCounter.table","NW_015090842.1:8944397",0,1,1
"SLC7A5","s1647_F_LIV_01_ASEReadCounter.table","NW_015090842.1:8944552",0,2,2
"CA5A","s1647_F_LIV_01_ASEReadCounter.table","NW_015090842.1:8989479",35,72,37
"CA5A","s1647_F_LIV_01_ASEReadCounter.table","NW_015090842.1:8989562",57,98,41
"CA5A","s1647_F_LIV_01_ASEReadCounter.table","NW_015090842.1:8989609",57,105,48
"CA5A","s1647_F_LIV_01_ASEReadCounter.table","NW_015090842.1:8989693",70,142,72
"CA5A","s1647_F_LIV_01_ASEReadCounter.table","NW_015090842.1:8989702",74,137,63
"CA5A","s1647_F_LIV_01_ASEReadCounter.table","NW_015090842.1:8989746",72,149,77
"CA5A","s1647_F_LIV_01_ASEReadCounter.table","NW_015090842.1:8989880",41,91,50
"CA5A","s1647_F_LIV_01_ASEReadCounter.table","NW_015090842.1:8989885",45,98,53
"CA5A","s1647_F_LIV_01_ASEReadCounter.table","NW_015090842.1:8989929",51,103,52
"CA5A","s1647_F_LIV_01_ASEReadCounter.table","NW_015090842.1:8990002",44,106,62
"CA5A","s1647_F_LIV_01_ASEReadCounter.table","NW_015090842.1:8990004",46,112,66
"CA5A","s1647_F_LIV_01_ASEReadCounter.table","NW_015090842.1:8990005",46,113,67
"CA5A","s1647_F_LIV_01_ASEReadCounter.table","NW_015090842.1:8990017",40,93,53
"CA5A","s1647_F_LIV_01_ASEReadCounter.table","NW_015090842.1:8990043",30,71,41
"CA5A","s1647_F_LIV_01_ASEReadCounter.table","NW_015090842.1:8990060",67,67,0
"CA5A","s1647_F_LIV_01_ASEReadCounter.table","NW_015090842.1:8990080",15,61,46
"CA5A","s1647_F_LIV_01_ASEReadCounter.table","NW_015090842.1:8990084",21,65,44
"CA5A","s1647_F_LIV_01_ASEReadCounter.table","NW_015090842.1:8990090",23,68,45
"CA5A","s1647_F_LIV_01_ASEReadCounter.table","NW_015090842.1:8990095",28,70,42
"CA5A","s1647_F_LIV_01_ASEReadCounter.table","NW_015090842.1:8990111",24,64,40
"CA5A","s1647_F_LIV_01_ASEReadCounter.table","NW_015090842.1:8990112",24,62,38
"CA5A","s1647_F_LIV_01_ASEReadCounter.table","NW_015090842.1:8990115",28,64,36
"CA5A","s1647_F_LIV_01_ASEReadCounter.table","NW_015090842.1:8990166",26,54,28
"CA5A","s1647_F_LIV_01_ASEReadCounter.table","NW_015090842.1:8990169",26,54,28
"CA5A","s1647_F_LIV_01_ASEReadCounter.table","NW_015090842.1:8990193",50,50,0
"CA5A","s1647_F_LIV_01_ASEReadCounter.table","NW_015090842.1:8990222",19,38,19
"CA5A","s1647_F_LIV_01_ASEReadCounter.table","NW_015090842.1:8990289",34,62,28
"CA5A","s1647_F_LIV_01_ASEReadCounter.table","NW_015090842.1:8990314",37,64,27
"CA5A","s1647_F_LIV_01_ASEReadCounter.table","NW_015090842.1:8990361",37,62,25
"CA5A","s1647_F_LIV_01_ASEReadCounter.table","NW_015090842.1:8990368",36,58,22
"CA5A","s1647_F_LIV_01_ASEReadCounter.table","NW_015090842.1:8990429",26,46,20
"CA5A","s1647_F_LIV_01_ASEReadCounter.table","NW_015090842.1:8990466",23,40,17
"CA5A","s1647_F_LIV_01_ASEReadCounter.table","NW_015090842.1:8990663",28,56,28
"CA5A","s1647_F_LIV_01_ASEReadCounter.table","NW_015090842.1:8990797",27,46,19
"CA5A","s1647_F_LIV_01_ASEReadCounter.table","NW_015090842.1:8990836",20,39,19
"CA5A","s1647_F_LIV_01_ASEReadCounter.table","NW_015090842.1:8990842",19,37,18
"CA5A","s1647_F_LIV_01_ASEReadCounter.table","NW_015090842.1:8990851",17,35,18
"CA5A","s1647_F_LIV_01_ASEReadCounter.table","NW_015090842.1:8990918",20,48,28
"CA5A","s1647_F_LIV_01_ASEReadCounter.table","NW_015090842.1:8990921",18,49,31
"CA5A","s1647_F_LIV_01_ASEReadCounter.table","NW_015090842.1:8990942",26,54,28
"CA5A","s1647_F_LIV_01_ASEReadCounter.table","NW_015090842.1:8991001",31,56,25
"CA5A","s1647_F_LIV_01_ASEReadCounter.table","NW_015090842.1:8991038",27,51,24
"CA5A","s1647_F_LIV_01_ASEReadCounter.table","NW_015090842.1:8991149",26,57,31
"CA5A","s1647_F_LIV_01_ASEReadCounter.table","NW_015090842.1:8991176",27,52,25
"CA5A","s1647_F_LIV_01_ASEReadCounter.table","NW_015090842.1:8991241",30,59,29
"CA5A","s1647_F_LIV_01_ASEReadCounter.table","NW_015090842.1:8991262",31,58,27
"CA5A","s1647_F_LIV_01_ASEReadCounter.table","NW_015090842.1:8991316",33,41,8
"CA5A","s1647_F_LIV_01_ASEReadCounter.table","NW_015090842.1:8991319",32,41,9
"CA5A","s1647_F_LIV_01_ASEReadCounter.table","NW_015090842.1:8991330",29,33,4
"CA5A","s1647_F_LIV_01_ASEReadCounter.table","NW_015090842.1:8991334",25,31,6
"CA5A","s1647_F_LIV_01_ASEReadCounter.table","NW_015090842.1:8991362",28,39,11
"CA5A","s1647_F_LIV_01_ASEReadCounter.table","NW_015090842.1:8991368",26,36,10
"CA5A","s1647_F_LIV_01_ASEReadCounter.table","NW_015090842.1:8991390",25,36,11
"CA5A","s1647_F_LIV_01_ASEReadCounter.table","NW_015090842.1:8991395",23,35,12
"CA5A","s1647_F_LIV_01_ASEReadCounter.table","NW_015090842.1:8991422",15,31,16
"CA5A","s1647_F_LIV_01_ASEReadCounter.table","NW_015090842.1:8991467",0,16,16
"CA5A","s1647_F_LIV_01_ASEReadCounter.table","NW_015090842.1:8991576",23,38,15
"CA5A","s1647_F_LIV_01_ASEReadCounter.table","NW_015090842.1:8991587",23,42,19
"CA5A","s1647_F_LIV_01_ASEReadCounter.table","NW_015090842.1:8991655",30,53,23
"CA5A","s1647_F_LIV_01_ASEReadCounter.table","NW_015090842.1:8991717",23,44,21
"CA5A","s1647_F_LIV_01_ASEReadCounter.table","NW_015090842.1:8991726",26,45,19
"CA5A","s1647_F_LIV_01_ASEReadCounter.table","NW_015090842.1:8991799",21,43,22
"CA5A","s1647_F_LIV_01_ASEReadCounter.table","NW_015090842.1:8991809",20,38,18
"CA5A","s1647_F_LIV_01_ASEReadCounter.table","NW_015090842.1:8991848",17,30,13
"CA5A","s1647_F_LIV_01_ASEReadCounter.table","NW_015090842.1:8991849",17,30,13
"CA5A","s1647_F_LIV_01_ASEReadCounter.table","NW_015090842.1:8991927",24,39,15
"CA5A","s1647_F_LIV_01_ASEReadCounter.table","NW_015090842.1:8991941",24,39,15
"CA5A","s1647_F_LIV_01_ASEReadCounter.table","NW_015090842.1:8992121",8,28,20
"CA5A","s1647_F_LIV_01_ASEReadCounter.table","NW_015090842.1:8992224",20,36,16
"CA5A","s1647_F_LIV_01_ASEReadCounter.table","NW_015090842.1:9002570",14,25,11
"CA5A","s1647_F_LIV_01_ASEReadCounter.table","NW_015090842.1:9002600",13,26,13
"CA5A","s1647_F_LIV_01_ASEReadCounter.table","NW_015090842.1:9005116",0,2,2
"CA5A","s1647_F_LIV_01_ASEReadCounter.table","NW_015090842.1:9005120",0,2,2
"CA5A","s1647_F_LIV_01_ASEReadCounter.table","NW_015090842.1:9005140",0,2,2
"CA5A","s1647_F_LIV_01_ASEReadCounter.table","NW_015090842.1:9005152",0,2,2
"CA5A","s1647_F_LIV_01_ASEReadCounter.table","NW_015090842.1:9011011",22,51,29
"CA5A","s1647_F_LIV_01_ASEReadCounter.table","NW_015090842.1:9011189",18,32,14
"CA5A","s1647_F_LIV_01_ASEReadCounter.table","NW_015090842.1:9011194",18,34,16
"BANP","s1647_F_LIV_01_ASEReadCounter.table","NW_015090842.1:9033407",2,5,3
"BANP","s1647_F_LIV_01_ASEReadCounter.table","NW_015090842.1:9033409",1,4,3
"BANP","s1647_F_LIV_01_ASEReadCounter.table","NW_015090842.1:9033420",2,5,3
"BANP","s1647_F_LIV_01_ASEReadCounter.table","NW_015090842.1:9067974",0,5,5
"BANP","s1647_F_LIV_01_ASEReadCounter.table","NW_015090842.1:9102510",5,9,4
"BANP","s1647_F_LIV_01_ASEReadCounter.table","NW_015090842.1:9168534",5,15,10
"BANP","s1647_F_LIV_01_ASEReadCounter.table","NW_015090842.1:9168818",8,14,6
"ZNF469","s1647_F_LIV_01_ASEReadCounter.table","NW_015090842.1:9427614",0,1,1
"ZNF469","s1647_F_LIV_01_ASEReadCounter.table","NW_015090842.1:9432361",0,2,2
"ZNF469","s1647_F_LIV_01_ASEReadCounter.table","NW_015090842.1:9432374",0,2,2
"ZNF469","s1647_F_LIV_01_ASEReadCounter.table","NW_015090842.1:9432382",0,2,2
"ZNF469","s1647_F_LIV_01_ASEReadCounter.table","NW_015090842.1:9432481",0,1,1
"ZNF469","s1647_F_LIV_01_ASEReadCounter.table","NW_015090842.1:9435221",0,1,1
"ZFPM1","s1647_F_LIV_01_ASEReadCounter.table","NW_015090842.1:9458862",5,6,1
"ZFPM1","s1647_F_LIV_01_ASEReadCounter.table","NW_015090842.1:9458888",6,8,2
"ZFPM1","s1647_F_LIV_01_ASEReadCounter.table","NW_015090842.1:9458904",12,14,2
"ZFPM1","s1647_F_LIV_01_ASEReadCounter.table","NW_015090842.1:9458916",13,14,1
"ZFPM1","s1647_F_LIV_01_ASEReadCounter.table","NW_015090842.1:9468568",14,15,1
"ZFPM1","s1647_F_LIV_01_ASEReadCounter.table","NW_015090842.1:9468593",11,13,2
"ZFPM1","s1647_F_LIV_01_ASEReadCounter.table","NW_015090842.1:9471561",14,17,3
"ZFPM1","s1647_F_LIV_01_ASEReadCounter.table","NW_015090842.1:9472557",10,10,0
"ZFPM1","s1647_F_LIV_01_ASEReadCounter.table","NW_015090842.1:9472565",9,9,0
"ZFPM1","s1647_F_LIV_01_ASEReadCounter.table","NW_015090842.1:9472608",13,13,0
"ZFPM1","s1647_F_LIV_01_ASEReadCounter.table","NW_015090842.1:9472627",10,12,2
"ZFPM1","s1647_F_LIV_01_ASEReadCounter.table","NW_015090842.1:9472668",12,14,2
"ZFPM1","s1647_F_LIV_01_ASEReadCounter.table","NW_015090842.1:9473655",10,13,3
"ZFPM1","s1647_F_LIV_01_ASEReadCounter.table","NW_015090842.1:9475827",20,26,6
"ZFPM1","s1647_F_LIV_01_ASEReadCounter.table","NW_015090842.1:9475842",17,24,7
"ZFPM1","s1647_F_LIV_01_ASEReadCounter.table","NW_015090842.1:9476119",5,10,5
"ZFPM1","s1647_F_LIV_01_ASEReadCounter.table","NW_015090842.1:9476161",7,10,3
"ZFPM1","s1647_F_LIV_01_ASEReadCounter.table","NW_015090842.1:9476219",4,7,3
"ZFPM1","s1647_F_LIV_01_ASEReadCounter.table","NW_015090842.1:9476233",3,7,4
"ZFPM1","s1647_F_LIV_01_ASEReadCounter.table","NW_015090842.1:9476305",12,19,7
"ZFPM1","s1647_F_LIV_01_ASEReadCounter.table","NW_015090842.1:9476395",11,15,4
"ZFPM1","s1647_F_LIV_01_ASEReadCounter.table","NW_015090842.1:9476421",17,22,5
"ZFPM1","s1647_F_LIV_01_ASEReadCounter.table","NW_015090842.1:9476539",11,16,5
"ZFPM1","s1647_F_LIV_01_ASEReadCounter.table","NW_015090842.1:9476576",10,15,5
"ZFPM1","s1647_F_LIV_01_ASEReadCounter.table","NW_015090842.1:9476599",12,12,0
"ZFPM1","s1647_F_LIV_01_ASEReadCounter.table","NW_015090842.1:9476792",18,23,5
"ZFPM1","s1647_F_LIV_01_ASEReadCounter.table","NW_015090842.1:9476803",17,22,5
"ZFPM1","s1647_F_LIV_01_ASEReadCounter.table","NW_015090842.1:9477115",9,14,5
"ZFPM1","s1647_F_LIV_01_ASEReadCounter.table","NW_015090842.1:9477299",5,9,4
"ZFPM1","s1647_F_LIV_01_ASEReadCounter.table","NW_015090842.1:9477398",15,15,0
"ZFPM1","s1647_F_LIV_01_ASEReadCounter.table","NW_015090842.1:9477422",8,10,2
"ZFPM1","s1647_F_LIV_01_ASEReadCounter.table","NW_015090842.1:9477554",14,17,3
"ZFPM1","s1647_F_LIV_01_ASEReadCounter.table","NW_015090842.1:9477575",15,15,0
"ZFPM1","s1647_F_LIV_01_ASEReadCounter.table","NW_015090842.1:9477595",16,19,3
"ZFPM1","s1647_F_LIV_01_ASEReadCounter.table","NW_015090842.1:9477611",16,18,2
"ZFPM1","s1647_F_LIV_01_ASEReadCounter.table","NW_015090842.1:9477659",21,24,3
"ZFPM1","s1647_F_LIV_01_ASEReadCounter.table","NW_015090842.1:9477737",20,23,3
"ZFPM1","s1647_F_LIV_01_ASEReadCounter.table","NW_015090842.1:9477791",21,27,6
"ZFPM1","s1647_F_LIV_01_ASEReadCounter.table","NW_015090842.1:9477844",15,18,3
"ZFPM1","s1647_F_LIV_01_ASEReadCounter.table","NW_015090842.1:9477917",16,25,9
"ZFPM1","s1647_F_LIV_01_ASEReadCounter.table","NW_015090842.1:9478295",23,32,9
"ZFPM1","s1647_F_LIV_01_ASEReadCounter.table","NW_015090842.1:9478349",24,36,12
"ZFPM1","s1647_F_LIV_01_ASEReadCounter.table","NW_015090842.1:9478524",14,20,6
"ZFPM1","s1647_F_LIV_01_ASEReadCounter.table","NW_015090842.1:9478546",15,27,12
"ZFPM1","s1647_F_LIV_01_ASEReadCounter.table","NW_015090842.1:9478573",21,37,16
"ZFPM1","s1647_F_LIV_01_ASEReadCounter.table","NW_015090842.1:9478582",18,29,11
"ZFPM1","s1647_F_LIV_01_ASEReadCounter.table","NW_015090842.1:9478684",3,11,8
"ZFPM1","s1647_F_LIV_01_ASEReadCounter.table","NW_015090842.1:9478711",4,12,8
"ZFPM1","s1647_F_LIV_01_ASEReadCounter.table","NW_015090842.1:9478761",8,15,7
"ZFPM1","s1647_F_LIV_01_ASEReadCounter.table","NW_015090842.1:9478829",8,8,0
"CIDEC","s1647_F_LIV_01_ASEReadCounter.table","NW_015090842.1:9480170",24,47,23
"CIDEC","s1647_F_LIV_01_ASEReadCounter.table","NW_015090842.1:9480171",26,49,23
"CIDEC","s1647_F_LIV_01_ASEReadCounter.table","NW_015090842.1:9480212",38,75,37
"CIDEC","s1647_F_LIV_01_ASEReadCounter.table","NW_015090842.1:9480252",59,121,62
"CIDEC","s1647_F_LIV_01_ASEReadCounter.table","NW_015090842.1:9480391",94,166,72
"CIDEC","s1647_F_LIV_01_ASEReadCounter.table","NW_015090842.1:9480394",94,167,73
"CIDEC","s1647_F_LIV_01_ASEReadCounter.table","NW_015090842.1:9480630",125,202,77
"CIDEC","s1647_F_LIV_01_ASEReadCounter.table","NW_015090842.1:9480675",119,200,81
"CIDEC","s1647_F_LIV_01_ASEReadCounter.table","NW_015090842.1:9480686",131,223,92
"CIDEC","s1647_F_LIV_01_ASEReadCounter.table","NW_015090842.1:9480693",130,216,86
"CIDEC","s1647_F_LIV_01_ASEReadCounter.table","NW_015090842.1:9480756",112,214,102
"CIDEC","s1647_F_LIV_01_ASEReadCounter.table","NW_015090842.1:9481199",67,148,81
"CIDEC","s1647_F_LIV_01_ASEReadCounter.table","NW_015090842.1:9481604",125,220,95
"ZC3H18","s1647_F_LIV_01_ASEReadCounter.table","NW_015090842.1:9494271",5,5,0
"ZC3H18","s1647_F_LIV_01_ASEReadCounter.table","NW_015090842.1:9501427",3,5,2
"ZC3H18","s1647_F_LIV_01_ASEReadCounter.table","NW_015090842.1:9501442",4,6,2
"ZC3H18","s1647_F_LIV_01_ASEReadCounter.table","NW_015090842.1:9505538",6,12,6
"ZC3H18","s1647_F_LIV_01_ASEReadCounter.table","NW_015090842.1:9506778",2,10,8
"ZC3H18","s1647_F_LIV_01_ASEReadCounter.table","NW_015090842.1:9522538",8,14,6
"ZC3H18","s1647_F_LIV_01_ASEReadCounter.table","NW_015090842.1:9524350",6,8,2
"ZC3H18","s1647_F_LIV_01_ASEReadCounter.table","NW_015090842.1:9524366",6,7,1
"ZC3H18","s1647_F_LIV_01_ASEReadCounter.table","NW_015090842.1:9524424",8,13,5
"ZC3H18","s1647_F_LIV_01_ASEReadCounter.table","NW_015090842.1:9529649",7,22,15
"ZC3H18","s1647_F_LIV_01_ASEReadCounter.table","NW_015090842.1:9529688",6,17,11
"ZC3H18","s1647_F_LIV_01_ASEReadCounter.table","NW_015090842.1:9529691",4,13,9
"ZC3H18","s1647_F_LIV_01_ASEReadCounter.table","NW_015090842.1:9530977",10,20,10
"ZC3H18","s1647_F_LIV_01_ASEReadCounter.table","NW_015090842.1:9536699",0,10,10
"CYBA","s1647_F_LIV_01_ASEReadCounter.table","NW_015090842.1:9547281",64,92,28
"CYBA","s1647_F_LIV_01_ASEReadCounter.table","NW_015090842.1:9547402",157,238,81
"CYBA","s1647_F_LIV_01_ASEReadCounter.table","NW_015090842.1:9547553",94,174,80
"CYBA","s1647_F_LIV_01_ASEReadCounter.table","NW_015090842.1:9548052",70,112,42
"CYBA","s1647_F_LIV_01_ASEReadCounter.table","NW_015090842.1:9548436",100,143,43
"CYBA","s1647_F_LIV_01_ASEReadCounter.table","NW_015090842.1:9548442",91,132,41
"CYBA","s1647_F_LIV_01_ASEReadCounter.table","NW_015090842.1:9548478",123,166,43
"CYBA","s1647_F_LIV_01_ASEReadCounter.table","NW_015090842.1:9548487",122,156,34
"CYBA","s1647_F_LIV_01_ASEReadCounter.table","NW_015090842.1:9548490",123,155,32
"CYBA","s1647_F_LIV_01_ASEReadCounter.table","NW_015090842.1:9548717",113,150,37
"CYBA","s1647_F_LIV_01_ASEReadCounter.table","NW_015090842.1:9548750",80,112,32
"CYBA","s1647_F_LIV_01_ASEReadCounter.table","NW_015090842.1:9548766",51,76,25
"MVD","s1647_F_LIV_01_ASEReadCounter.table","NW_015090842.1:9550678",60,77,17
"MVD","s1647_F_LIV_01_ASEReadCounter.table","NW_015090842.1:9550690",69,88,19
"MVD","s1647_F_LIV_01_ASEReadCounter.table","NW_015090842.1:9550691",69,89,20
"MVD","s1647_F_LIV_01_ASEReadCounter.table","NW_015090842.1:9550699",78,100,22
"MVD","s1647_F_LIV_01_ASEReadCounter.table","NW_015090842.1:9550719",81,104,23
"MVD","s1647_F_LIV_01_ASEReadCounter.table","NW_015090842.1:9551596",80,123,43
"MVD","s1647_F_LIV_01_ASEReadCounter.table","NW_015090842.1:9551638",94,152,58
"MVD","s1647_F_LIV_01_ASEReadCounter.table","NW_015090842.1:9551899",0,4,4
"MVD","s1647_F_LIV_01_ASEReadCounter.table","NW_015090842.1:9552193",59,107,48
"MVD","s1647_F_LIV_01_ASEReadCounter.table","NW_015090842.1:9552202",64,111,47
"MVD","s1647_F_LIV_01_ASEReadCounter.table","NW_015090842.1:9552208",65,109,44
"MVD","s1647_F_LIV_01_ASEReadCounter.table","NW_015090842.1:9552625",48,70,22
"MVD","s1647_F_LIV_01_ASEReadCounter.table","NW_015090842.1:9552629",69,69,0
"MVD","s1647_F_LIV_01_ASEReadCounter.table","NW_015090842.1:9552644",40,64,24
"MVD","s1647_F_LIV_01_ASEReadCounter.table","NW_015090842.1:9553093",39,65,26
"MVD","s1647_F_LIV_01_ASEReadCounter.table","NW_015090842.1:9553114",44,70,26
"RNF166","s1647_F_LIV_01_ASEReadCounter.table","NW_015090842.1:9557900",8,18,10
"RNF166","s1647_F_LIV_01_ASEReadCounter.table","NW_015090842.1:9558048",10,20,10
"RNF166","s1647_F_LIV_01_ASEReadCounter.table","NW_015090842.1:9558116",18,37,19
"RNF166","s1647_F_LIV_01_ASEReadCounter.table","NW_015090842.1:9558308",14,27,13
"RNF166","s1647_F_LIV_01_ASEReadCounter.table","NW_015090842.1:9558405",15,38,23
"RNF166","s1647_F_LIV_01_ASEReadCounter.table","NW_015090842.1:9558549",33,67,34
"RNF166","s1647_F_LIV_01_ASEReadCounter.table","NW_015090842.1:9558556",33,68,35
"RNF166","s1647_F_LIV_01_ASEReadCounter.table","NW_015090842.1:9558579",28,61,33
"RNF166","s1647_F_LIV_01_ASEReadCounter.table","NW_015090842.1:9558599",26,50,24
"RNF166","s1647_F_LIV_01_ASEReadCounter.table","NW_015090842.1:9558688",20,48,28
"RNF166","s1647_F_LIV_01_ASEReadCounter.table","NW_015090842.1:9558711",24,54,30
"RNF166","s1647_F_LIV_01_ASEReadCounter.table","NW_015090842.1:9558733",26,51,25
"RNF166","s1647_F_LIV_01_ASEReadCounter.table","NW_015090842.1:9558847",19,45,26
"RNF166","s1647_F_LIV_01_ASEReadCounter.table","NW_015090842.1:9559798",19,44,25
"RNF166","s1647_F_LIV_01_ASEReadCounter.table","NW_015090842.1:9560575",29,56,27
"RNF166","s1647_F_LIV_01_ASEReadCounter.table","NW_015090842.1:9561055",28,59,31
"RNF166","s1647_F_LIV_01_ASEReadCounter.table","NW_015090842.1:9562458",26,53,27
"RNF166","s1647_F_LIV_01_ASEReadCounter.table","NW_015090842.1:9562497",21,46,25
"RNF166","s1647_F_LIV_01_ASEReadCounter.table","NW_015090842.1:9562539",18,53,35
"RNF166","s1647_F_LIV_01_ASEReadCounter.table","NW_015090842.1:9564056",16,38,22
"CTU2","s1647_F_LIV_01_ASEReadCounter.table","NW_015090842.1:9565149",16,21,5
"CTU2","s1647_F_LIV_01_ASEReadCounter.table","NW_015090842.1:9565193",10,16,6
"CTU2","s1647_F_LIV_01_ASEReadCounter.table","NW_015090842.1:9565300",12,22,10
"CTU2","s1647_F_LIV_01_ASEReadCounter.table","NW_015090842.1:9565321",14,23,9
"CTU2","s1647_F_LIV_01_ASEReadCounter.table","NW_015090842.1:9565721",13,21,8
"CTU2","s1647_F_LIV_01_ASEReadCounter.table","NW_015090842.1:9565739",12,20,8
"CTU2","s1647_F_LIV_01_ASEReadCounter.table","NW_015090842.1:9565905",15,29,14
"CTU2","s1647_F_LIV_01_ASEReadCounter.table","NW_015090842.1:9566013",24,24,0
"CTU2","s1647_F_LIV_01_ASEReadCounter.table","NW_015090842.1:9566055",16,36,20
"CTU2","s1647_F_LIV_01_ASEReadCounter.table","NW_015090842.1:9566056",16,36,20
"CTU2","s1647_F_LIV_01_ASEReadCounter.table","NW_015090842.1:9566151",8,23,15
"CTU2","s1647_F_LIV_01_ASEReadCounter.table","NW_015090842.1:9566300",17,38,21
"CTU2","s1647_F_LIV_01_ASEReadCounter.table","NW_015090842.1:9566342",22,38,16
"CTU2","s1647_F_LIV_01_ASEReadCounter.table","NW_015090842.1:9566548",13,30,17
"CTU2","s1647_F_LIV_01_ASEReadCounter.table","NW_015090842.1:9566625",19,46,27
"CTU2","s1647_F_LIV_01_ASEReadCounter.table","NW_015090842.1:9566633",23,48,25
"CTU2","s1647_F_LIV_01_ASEReadCounter.table","NW_015090842.1:9566807",25,50,25
"CTU2","s1647_F_LIV_01_ASEReadCounter.table","NW_015090842.1:9567139",21,48,27
"CTU2","s1647_F_LIV_01_ASEReadCounter.table","NW_015090842.1:9567156",25,48,23
"CTU2","s1647_F_LIV_01_ASEReadCounter.table","NW_015090842.1:9567614",20,54,34
"CTU2","s1647_F_LIV_01_ASEReadCounter.table","NW_015090842.1:9567677",18,38,20
"CTU2","s1647_F_LIV_01_ASEReadCounter.table","NW_015090842.1:9567747",22,47,25
"CTU2","s1647_F_LIV_01_ASEReadCounter.table","NW_015090842.1:9567828",10,29,19
"CTU2","s1647_F_LIV_01_ASEReadCounter.table","NW_015090842.1:9567829",9,28,19
"CTU2","s1647_F_LIV_01_ASEReadCounter.table","NW_015090842.1:9567885",7,21,14
"PIEZO1","s1647_F_LIV_01_ASEReadCounter.table","NW_015090842.1:9568093",4,11,7
"PIEZO1","s1647_F_LIV_01_ASEReadCounter.table","NW_015090842.1:9568672",2,6,4
"PIEZO1","s1647_F_LIV_01_ASEReadCounter.table","NW_015090842.1:9568948",6,12,6
"PIEZO1","s1647_F_LIV_01_ASEReadCounter.table","NW_015090842.1:9568987",7,7,0
"PIEZO1","s1647_F_LIV_01_ASEReadCounter.table","NW_015090842.1:9569040",2,6,4
"PIEZO1","s1647_F_LIV_01_ASEReadCounter.table","NW_015090842.1:9569180",4,6,2
"PIEZO1","s1647_F_LIV_01_ASEReadCounter.table","NW_015090842.1:9569192",4,6,2
"PIEZO1","s1647_F_LIV_01_ASEReadCounter.table","NW_015090842.1:9570088",5,7,2
"PIEZO1","s1647_F_LIV_01_ASEReadCounter.table","NW_015090842.1:9570480",0,2,2
"PIEZO1","s1647_F_LIV_01_ASEReadCounter.table","NW_015090842.1:9570639",0,1,1
"PIEZO1","s1647_F_LIV_01_ASEReadCounter.table","NW_015090842.1:9571847",1,2,1
"PIEZO1","s1647_F_LIV_01_ASEReadCounter.table","NW_015090842.1:9572371",0,1,1
"PIEZO1","s1647_F_LIV_01_ASEReadCounter.table","NW_015090842.1:9572638",1,1,0
"PIEZO1","s1647_F_LIV_01_ASEReadCounter.table","NW_015090842.1:9573156",3,4,1
"PIEZO1","s1647_F_LIV_01_ASEReadCounter.table","NW_015090842.1:9573280",1,1,0
"PIEZO1","s1647_F_LIV_01_ASEReadCounter.table","NW_015090842.1:9573566",0,1,1
"PIEZO1","s1647_F_LIV_01_ASEReadCounter.table","NW_015090842.1:9575341",1,1,0
"PIEZO1","s1647_F_LIV_01_ASEReadCounter.table","NW_015090842.1:9575367",1,2,1
"PIEZO1","s1647_F_LIV_01_ASEReadCounter.table","NW_015090842.1:9575645",0,1,1
"PIEZO1","s1647_F_LIV_01_ASEReadCounter.table","NW_015090842.1:9575696",0,1,1
"PIEZO1","s1647_F_LIV_01_ASEReadCounter.table","NW_015090842.1:9576687",0,1,1
"PIEZO1","s1647_F_LIV_01_ASEReadCounter.table","NW_015090842.1:9576710",1,1,0
"PIEZO1","s1647_F_LIV_01_ASEReadCounter.table","NW_015090842.1:9576723",0,1,1
"PIEZO1","s1647_F_LIV_01_ASEReadCounter.table","NW_015090842.1:9581875",1,1,0
"PIEZO1","s1647_F_LIV_01_ASEReadCounter.table","NW_015090842.1:9582046",1,1,0
"PIEZO1","s1647_F_LIV_01_ASEReadCounter.table","NW_015090842.1:9584337",1,1,0
"PIEZO1","s1647_F_LIV_01_ASEReadCounter.table","NW_015090842.1:9584425",2,2,0
"PIEZO1","s1647_F_LIV_01_ASEReadCounter.table","NW_015090842.1:9584435",2,2,0
"PIEZO1","s1647_F_LIV_01_ASEReadCounter.table","NW_015090842.1:9584438",1,1,0
"PIEZO1","s1647_F_LIV_01_ASEReadCounter.table","NW_015090842.1:9584441",1,1,0
"CDT1","s1647_F_LIV_01_ASEReadCounter.table","NW_015090842.1:9596596",1,1,0
"CDT1","s1647_F_LIV_01_ASEReadCounter.table","NW_015090842.1:9596766",6,7,1
"CDT1","s1647_F_LIV_01_ASEReadCounter.table","NW_015090842.1:9597054",4,4,0
"CDT1","s1647_F_LIV_01_ASEReadCounter.table","NW_015090842.1:9597074",3,3,0
"CDT1","s1647_F_LIV_01_ASEReadCounter.table","NW_015090842.1:9597137",2,3,1
"CDT1","s1647_F_LIV_01_ASEReadCounter.table","NW_015090842.1:9597756",3,4,1
"CDT1","s1647_F_LIV_01_ASEReadCounter.table","NW_015090842.1:9597766",5,6,1
"CDT1","s1647_F_LIV_01_ASEReadCounter.table","NW_015090842.1:9598496",5,8,3
"CDT1","s1647_F_LIV_01_ASEReadCounter.table","NW_015090842.1:9598498",5,8,3
"CDT1","s1647_F_LIV_01_ASEReadCounter.table","NW_015090842.1:9598816",4,6,2
"CDT1","s1647_F_LIV_01_ASEReadCounter.table","NW_015090842.1:9598879",4,7,3
"CDT1","s1647_F_LIV_01_ASEReadCounter.table","NW_015090842.1:9598912",4,7,3
"CDT1","s1647_F_LIV_01_ASEReadCounter.table","NW_015090842.1:9598959",5,7,2
"CDT1","s1647_F_LIV_01_ASEReadCounter.table","NW_015090842.1:9599807",5,7,2
"CDT1","s1647_F_LIV_01_ASEReadCounter.table","NW_015090842.1:9599819",6,8,2
"CDT1","s1647_F_LIV_01_ASEReadCounter.table","NW_015090842.1:9599845",6,7,1
"CDT1","s1647_F_LIV_01_ASEReadCounter.table","NW_015090842.1:9600148",9,10,1
"CDT1","s1647_F_LIV_01_ASEReadCounter.table","NW_015090842.1:9600151",8,9,1
"CDT1","s1647_F_LIV_01_ASEReadCounter.table","NW_015090842.1:9600217",5,9,4
"CDT1","s1647_F_LIV_01_ASEReadCounter.table","NW_015090842.1:9600226",6,9,3
"CDT1","s1647_F_LIV_01_ASEReadCounter.table","NW_015090842.1:9600260",7,11,4
"CDT1","s1647_F_LIV_01_ASEReadCounter.table","NW_015090842.1:9600268",7,10,3
"CDT1","s1647_F_LIV_01_ASEReadCounter.table","NW_015090842.1:9600305",7,12,5
"CDT1","s1647_F_LIV_01_ASEReadCounter.table","NW_015090842.1:9600397",4,7,3
"CDT1","s1647_F_LIV_01_ASEReadCounter.table","NW_015090842.1:9600447",4,7,3
"CDT1","s1647_F_LIV_01_ASEReadCounter.table","NW_015090842.1:9600450",4,7,3
"CDT1","s1647_F_LIV_01_ASEReadCounter.table","NW_015090842.1:9600485",5,5,0
"CDT1","s1647_F_LIV_01_ASEReadCounter.table","NW_015090842.1:9600579",4,6,2
"APRT","s1647_F_LIV_01_ASEReadCounter.table","NW_015090842.1:9602308",18,28,10
"APRT","s1647_F_LIV_01_ASEReadCounter.table","NW_015090842.1:9602440",30,54,24
"APRT","s1647_F_LIV_01_ASEReadCounter.table","NW_015090842.1:9602449",33,59,26
"APRT","s1647_F_LIV_01_ASEReadCounter.table","NW_015090842.1:9602451",33,59,26
"APRT","s1647_F_LIV_01_ASEReadCounter.table","NW_015090842.1:9602455",28,56,28
"APRT","s1647_F_LIV_01_ASEReadCounter.table","NW_015090842.1:9602462",31,57,26
"APRT","s1647_F_LIV_01_ASEReadCounter.table","NW_015090842.1:9602507",26,53,27
"APRT","s1647_F_LIV_01_ASEReadCounter.table","NW_015090842.1:9602514",28,55,27
"APRT","s1647_F_LIV_01_ASEReadCounter.table","NW_015090842.1:9602530",25,50,25
"APRT","s1647_F_LIV_01_ASEReadCounter.table","NW_015090842.1:9602582",24,45,21
"APRT","s1647_F_LIV_01_ASEReadCounter.table","NW_015090842.1:9602583",24,46,22
"APRT","s1647_F_LIV_01_ASEReadCounter.table","NW_015090842.1:9602650",27,50,23
"APRT","s1647_F_LIV_01_ASEReadCounter.table","NW_015090842.1:9602655",27,49,22
"APRT","s1647_F_LIV_01_ASEReadCounter.table","NW_015090842.1:9602712",27,53,26
"APRT","s1647_F_LIV_01_ASEReadCounter.table","NW_015090842.1:9602764",27,48,21
"APRT","s1647_F_LIV_01_ASEReadCounter.table","NW_015090842.1:9602821",29,47,18
"APRT","s1647_F_LIV_01_ASEReadCounter.table","NW_015090842.1:9602867",24,40,16
"APRT","s1647_F_LIV_01_ASEReadCounter.table","NW_015090842.1:9602883",25,44,19
"APRT","s1647_F_LIV_01_ASEReadCounter.table","NW_015090842.1:9602886",25,44,19
"APRT","s1647_F_LIV_01_ASEReadCounter.table","NW_015090842.1:9602948",19,40,21
"APRT","s1647_F_LIV_01_ASEReadCounter.table","NW_015090842.1:9602958",24,44,20
"APRT","s1647_F_LIV_01_ASEReadCounter.table","NW_015090842.1:9603020",20,39,19
"APRT","s1647_F_LIV_01_ASEReadCounter.table","NW_015090842.1:9603025",21,39,18
"APRT","s1647_F_LIV_01_ASEReadCounter.table","NW_015090842.1:9603154",23,38,15
"APRT","s1647_F_LIV_01_ASEReadCounter.table","NW_015090842.1:9603166",26,46,20
"APRT","s1647_F_LIV_01_ASEReadCounter.table","NW_015090842.1:9603326",27,38,11
"APRT","s1647_F_LIV_01_ASEReadCounter.table","NW_015090842.1:9603419",13,29,16
"APRT","s1647_F_LIV_01_ASEReadCounter.table","NW_015090842.1:9603420",13,29,16
"APRT","s1647_F_LIV_01_ASEReadCounter.table","NW_015090842.1:9603464",11,22,11
"APRT","s1647_F_LIV_01_ASEReadCounter.table","NW_015090842.1:9603528",25,37,12
"APRT","s1647_F_LIV_01_ASEReadCounter.table","NW_015090842.1:9603607",21,39,18
"APRT","s1647_F_LIV_01_ASEReadCounter.table","NW_015090842.1:9603622",18,34,16
"APRT","s1647_F_LIV_01_ASEReadCounter.table","NW_015090842.1:9604361",15,36,21
"APRT","s1647_F_LIV_01_ASEReadCounter.table","NW_015090842.1:9605317",10,23,13
"APRT","s1647_F_LIV_01_ASEReadCounter.table","NW_015090842.1:9605336",12,24,12
"GALNS","s1647_F_LIV_01_ASEReadCounter.table","NW_015090842.1:9612872",1,1,0
"GALNS","s1647_F_LIV_01_ASEReadCounter.table","NW_015090842.1:9612873",1,1,0
"GALNS","s1647_F_LIV_01_ASEReadCounter.table","NW_015090842.1:9612877",1,1,0
"GALNS","s1647_F_LIV_01_ASEReadCounter.table","NW_015090842.1:9612942",6,9,3
"GALNS","s1647_F_LIV_01_ASEReadCounter.table","NW_015090842.1:9612987",6,6,0
"GALNS","s1647_F_LIV_01_ASEReadCounter.table","NW_015090842.1:9613064",5,10,5
"GALNS","s1647_F_LIV_01_ASEReadCounter.table","NW_015090842.1:9613096",4,11,7
"GALNS","s1647_F_LIV_01_ASEReadCounter.table","NW_015090842.1:9613123",3,9,6
"GALNS","s1647_F_LIV_01_ASEReadCounter.table","NW_015090842.1:9613125",3,9,6
"GALNS","s1647_F_LIV_01_ASEReadCounter.table","NW_015090842.1:9613193",4,7,3
"GALNS","s1647_F_LIV_01_ASEReadCounter.table","NW_015090842.1:9613226",3,7,4
"GALNS","s1647_F_LIV_01_ASEReadCounter.table","NW_015090842.1:9613249",2,7,5
"GALNS","s1647_F_LIV_01_ASEReadCounter.table","NW_015090842.1:9613256",2,6,4
"GALNS","s1647_F_LIV_01_ASEReadCounter.table","NW_015090842.1:9613317",5,9,4
"GALNS","s1647_F_LIV_01_ASEReadCounter.table","NW_015090842.1:9613343",6,10,4
"GALNS","s1647_F_LIV_01_ASEReadCounter.table","NW_015090842.1:9613344",6,10,4
"GALNS","s1647_F_LIV_01_ASEReadCounter.table","NW_015090842.1:9613371",6,10,4
"GALNS","s1647_F_LIV_01_ASEReadCounter.table","NW_015090842.1:9613378",6,10,4
"GALNS","s1647_F_LIV_01_ASEReadCounter.table","NW_015090842.1:9613379",6,10,4
"GALNS","s1647_F_LIV_01_ASEReadCounter.table","NW_015090842.1:9613516",4,7,3
"GALNS","s1647_F_LIV_01_ASEReadCounter.table","NW_015090842.1:9613572",5,8,3
"GALNS","s1647_F_LIV_01_ASEReadCounter.table","NW_015090842.1:9613597",5,7,2
"GALNS","s1647_F_LIV_01_ASEReadCounter.table","NW_015090842.1:9613627",6,7,1
"GALNS","s1647_F_LIV_01_ASEReadCounter.table","NW_015090842.1:9613640",2,3,1
"GALNS","s1647_F_LIV_01_ASEReadCounter.table","NW_015090842.1:9614025",4,5,1
"GALNS","s1647_F_LIV_01_ASEReadCounter.table","NW_015090842.1:9614169",1,1,0
"GALNS","s1647_F_LIV_01_ASEReadCounter.table","NW_015090842.1:9614232",3,3,0
"GALNS","s1647_F_LIV_01_ASEReadCounter.table","NW_015090842.1:9614709",1,1,0
"GALNS","s1647_F_LIV_01_ASEReadCounter.table","NW_015090842.1:9614880",1,2,1
"GALNS","s1647_F_LIV_01_ASEReadCounter.table","NW_015090842.1:9614902",0,1,1
"GALNS","s1647_F_LIV_01_ASEReadCounter.table","NW_015090842.1:9614960",0,1,1
"GALNS","s1647_F_LIV_01_ASEReadCounter.table","NW_015090842.1:9615114",1,2,1
"GALNS","s1647_F_LIV_01_ASEReadCounter.table","NW_015090842.1:9615199",1,1,0
"GALNS","s1647_F_LIV_01_ASEReadCounter.table","NW_015090842.1:9615377",2,2,0
"GALNS","s1647_F_LIV_01_ASEReadCounter.table","NW_015090842.1:9647858",0,3,3
"GALNS","s1647_F_LIV_01_ASEReadCounter.table","NW_015090842.1:9649186",0,1,1
"GALNS","s1647_F_LIV_01_ASEReadCounter.table","NW_015090842.1:9649237",0,2,2
"GALNS","s1647_F_LIV_01_ASEReadCounter.table","NW_015090842.1:9661193",0,3,3
"TRAPPC2L","s1647_F_LIV_01_ASEReadCounter.table","NW_015090842.1:9662951",62,94,32
"TRAPPC2L","s1647_F_LIV_01_ASEReadCounter.table","NW_015090842.1:9663014",54,83,29
"TRAPPC2L","s1647_F_LIV_01_ASEReadCounter.table","NW_015090842.1:9664305",98,98,0
"TRAPPC2L","s1647_F_LIV_01_ASEReadCounter.table","NW_015090842.1:9665155",42,77,35
"TRAPPC2L","s1647_F_LIV_01_ASEReadCounter.table","NW_015090842.1:9665211",5,17,12
"CBFA2T3","s1647_F_LIV_01_ASEReadCounter.table","NW_015090842.1:9709469",0,2,2
"CBFA2T3","s1647_F_LIV_01_ASEReadCounter.table","NW_015090842.1:9709475",0,3,3
"CBFA2T3","s1647_F_LIV_01_ASEReadCounter.table","NW_015090842.1:9712787",0,1,1
"CBFA2T3","s1647_F_LIV_01_ASEReadCounter.table","NW_015090842.1:9712805",0,1,1
"CBFA2T3","s1647_F_LIV_01_ASEReadCounter.table","NW_015090842.1:9712811",0,1,1
"CBFA2T3","s1647_F_LIV_01_ASEReadCounter.table","NW_015090842.1:9712848",0,1,1
"CBFA2T3","s1647_F_LIV_01_ASEReadCounter.table","NW_015090842.1:9717058",2,2,0
"CBFA2T3","s1647_F_LIV_01_ASEReadCounter.table","NW_015090842.1:9717093",2,2,0
"CBFA2T3","s1647_F_LIV_01_ASEReadCounter.table","NW_015090842.1:9719788",2,2,0
"CBFA2T3","s1647_F_LIV_01_ASEReadCounter.table","NW_015090842.1:9728475",1,1,0
"ACSF3","s1647_F_LIV_01_ASEReadCounter.table","NW_015090842.1:9776753",18,27,9
"ACSF3","s1647_F_LIV_01_ASEReadCounter.table","NW_015090842.1:9776783",21,31,10
"ACSF3","s1647_F_LIV_01_ASEReadCounter.table","NW_015090842.1:9776879",18,30,12
"ACSF3","s1647_F_LIV_01_ASEReadCounter.table","NW_015090842.1:9776965",21,27,6
"ACSF3","s1647_F_LIV_01_ASEReadCounter.table","NW_015090842.1:9777091",29,43,14
"ACSF3","s1647_F_LIV_01_ASEReadCounter.table","NW_015090842.1:9777206",25,40,15
"ACSF3","s1647_F_LIV_01_ASEReadCounter.table","NW_015090842.1:9777283",38,59,21
"ACSF3","s1647_F_LIV_01_ASEReadCounter.table","NW_015090842.1:9778955",21,44,23
"ACSF3","s1647_F_LIV_01_ASEReadCounter.table","NW_015090842.1:9778997",29,66,37
"ACSF3","s1647_F_LIV_01_ASEReadCounter.table","NW_015090842.1:9789311",33,57,24
"ACSF3","s1647_F_LIV_01_ASEReadCounter.table","NW_015090842.1:9789906",3,35,32
"ACSF3","s1647_F_LIV_01_ASEReadCounter.table","NW_015090842.1:9834743",57,106,49
"ACSF3","s1647_F_LIV_01_ASEReadCounter.table","NW_015090842.1:9834852",48,101,53
"ACSF3","s1647_F_LIV_01_ASEReadCounter.table","NW_015090842.1:9834861",43,91,48
"ACSF3","s1647_F_LIV_01_ASEReadCounter.table","NW_015090842.1:9839359",39,78,39
"ACSF3","s1647_F_LIV_01_ASEReadCounter.table","NW_015090842.1:9839378",35,73,38
"ACSF3","s1647_F_LIV_01_ASEReadCounter.table","NW_015090842.1:9839455",43,80,37
"ACSF3","s1647_F_LIV_01_ASEReadCounter.table","NW_015090842.1:9839457",41,76,35
"ACSF3","s1647_F_LIV_01_ASEReadCounter.table","NW_015090842.1:9839489",40,73,33
"ACSF3","s1647_F_LIV_01_ASEReadCounter.table","NW_015090842.1:9839500",33,61,28
"ACSF3","s1647_F_LIV_01_ASEReadCounter.table","NW_015090842.1:9839501",33,62,29
"ACSF3","s1647_F_LIV_01_ASEReadCounter.table","NW_015090842.1:9839504",36,64,28
"ACSF3","s1647_F_LIV_01_ASEReadCounter.table","NW_015090842.1:9839512",30,49,19
"ACSF3","s1647_F_LIV_01_ASEReadCounter.table","NW_015090842.1:9839527",18,33,15
"ACSF3","s1647_F_LIV_01_ASEReadCounter.table","NW_015090842.1:9839533",8,21,13
"ACSF3","s1647_F_LIV_01_ASEReadCounter.table","NW_015090842.1:9839535",7,21,14
"ACSF3","s1647_F_LIV_01_ASEReadCounter.table","NW_015090842.1:9839545",4,17,13
"ACSF3","s1647_F_LIV_01_ASEReadCounter.table","NW_015090842.1:9839550",5,18,13
"ACSF3","s1647_F_LIV_01_ASEReadCounter.table","NW_015090842.1:9839551",5,18,13
"SLC22A31","s1647_F_LIV_01_ASEReadCounter.table","NW_015090842.1:9851117",4,4,0
"SLC22A31","s1647_F_LIV_01_ASEReadCounter.table","NW_015090842.1:9851130",5,5,0
"SLC22A31","s1647_F_LIV_01_ASEReadCounter.table","NW_015090842.1:9851139",5,5,0
"SLC22A31","s1647_F_LIV_01_ASEReadCounter.table","NW_015090842.1:9851265",5,5,0
"SLC22A31","s1647_F_LIV_01_ASEReadCounter.table","NW_015090842.1:9851302",2,2,0
"SLC22A31","s1647_F_LIV_01_ASEReadCounter.table","NW_015090842.1:9851303",3,3,0
"SLC22A31","s1647_F_LIV_01_ASEReadCounter.table","NW_015090842.1:9851305",3,3,0
"SLC22A31","s1647_F_LIV_01_ASEReadCounter.table","NW_015090842.1:9851343",3,3,0
"SLC22A31","s1647_F_LIV_01_ASEReadCounter.table","NW_015090842.1:9851344",3,3,0
"SLC22A31","s1647_F_LIV_01_ASEReadCounter.table","NW_015090842.1:9851361",3,3,0
"SLC22A31","s1647_F_LIV_01_ASEReadCounter.table","NW_015090842.1:9851381",4,4,0
"SLC22A31","s1647_F_LIV_01_ASEReadCounter.table","NW_015090842.1:9851421",4,4,0
"SLC22A31","s1647_F_LIV_01_ASEReadCounter.table","NW_015090842.1:9851501",3,3,0
"SLC22A31","s1647_F_LIV_01_ASEReadCounter.table","NW_015090842.1:9851526",2,2,0
"SLC22A31","s1647_F_LIV_01_ASEReadCounter.table","NW_015090842.1:9851589",4,4,0
"SLC22A31","s1647_F_LIV_01_ASEReadCounter.table","NW_015090842.1:9851712",4,4,0
"SLC22A31","s1647_F_LIV_01_ASEReadCounter.table","NW_015090842.1:9851899",5,5,0
"SLC22A31","s1647_F_LIV_01_ASEReadCounter.table","NW_015090842.1:9852139",4,4,0
"SLC22A31","s1647_F_LIV_01_ASEReadCounter.table","NW_015090842.1:9852380",8,8,0
"SLC22A31","s1647_F_LIV_01_ASEReadCounter.table","NW_015090842.1:9852431",4,4,0
"SLC22A31","s1647_F_LIV_01_ASEReadCounter.table","NW_015090842.1:9852630",4,4,0
"SLC22A31","s1647_F_LIV_01_ASEReadCounter.table","NW_015090842.1:9852711",6,6,0
"SLC22A31","s1647_F_LIV_01_ASEReadCounter.table","NW_015090842.1:9853099",1,1,0
"SLC22A31","s1647_F_LIV_01_ASEReadCounter.table","NW_015090842.1:9853102",1,1,0
"SLC22A31","s1647_F_LIV_01_ASEReadCounter.table","NW_015090842.1:9853421",5,5,0
"SLC22A31","s1647_F_LIV_01_ASEReadCounter.table","NW_015090842.1:9853457",6,6,0
"SLC22A31","s1647_F_LIV_01_ASEReadCounter.table","NW_015090842.1:9853502",4,4,0
"ANKRD11","s1647_F_LIV_01_ASEReadCounter.table","NW_015090842.1:9858863",0,2,2
"ANKRD11","s1647_F_LIV_01_ASEReadCounter.table","NW_015090842.1:9859101",29,62,33
"ANKRD11","s1647_F_LIV_01_ASEReadCounter.table","NW_015090842.1:9859352",24,61,37
"ANKRD11","s1647_F_LIV_01_ASEReadCounter.table","NW_015090842.1:9859381",15,46,31
"ANKRD11","s1647_F_LIV_01_ASEReadCounter.table","NW_015090842.1:9859679",26,47,21
"ANKRD11","s1647_F_LIV_01_ASEReadCounter.table","NW_015090842.1:9861097",12,29,17
"ANKRD11","s1647_F_LIV_01_ASEReadCounter.table","NW_015090842.1:9862571",7,17,10
"ANKRD11","s1647_F_LIV_01_ASEReadCounter.table","NW_015090842.1:9862652",4,11,7
"ANKRD11","s1647_F_LIV_01_ASEReadCounter.table","NW_015090842.1:9866071",0,10,10
"ANKRD11","s1647_F_LIV_01_ASEReadCounter.table","NW_015090842.1:9866200",0,7,7
"ANKRD11","s1647_F_LIV_01_ASEReadCounter.table","NW_015090842.1:9867391",3,6,3
"ANKRD11","s1647_F_LIV_01_ASEReadCounter.table","NW_015090842.1:9867472",3,5,2
"ANKRD11","s1647_F_LIV_01_ASEReadCounter.table","NW_015090842.1:9867559",3,5,2
"ANKRD11","s1647_F_LIV_01_ASEReadCounter.table","NW_015090842.1:9867667",3,9,6
"ANKRD11","s1647_F_LIV_01_ASEReadCounter.table","NW_015090842.1:9867934",4,9,5
"ANKRD11","s1647_F_LIV_01_ASEReadCounter.table","NW_015090842.1:9868064",5,12,7
"ANKRD11","s1647_F_LIV_01_ASEReadCounter.table","NW_015090842.1:9868093",6,15,9
"ANKRD11","s1647_F_LIV_01_ASEReadCounter.table","NW_015090842.1:9868222",8,13,5
"ANKRD11","s1647_F_LIV_01_ASEReadCounter.table","NW_015090842.1:9868327",1,3,2
"ANKRD11","s1647_F_LIV_01_ASEReadCounter.table","NW_015090842.1:9868414",8,12,4
"ANKRD11","s1647_F_LIV_01_ASEReadCounter.table","NW_015090842.1:9868441",9,16,7
"ANKRD11","s1647_F_LIV_01_ASEReadCounter.table","NW_015090842.1:9868444",9,16,7
"ANKRD11","s1647_F_LIV_01_ASEReadCounter.table","NW_015090842.1:9868519",4,12,8
"ANKRD11","s1647_F_LIV_01_ASEReadCounter.table","NW_015090842.1:9868609",7,16,9
"ANKRD11","s1647_F_LIV_01_ASEReadCounter.table","NW_015090842.1:9868666",6,12,6
"ANKRD11","s1647_F_LIV_01_ASEReadCounter.table","NW_015090842.1:9868738",12,12,0
"ANKRD11","s1647_F_LIV_01_ASEReadCounter.table","NW_015090842.1:9869431",6,10,4
"ANKRD11","s1647_F_LIV_01_ASEReadCounter.table","NW_015090842.1:9869578",11,22,11
"ANKRD11","s1647_F_LIV_01_ASEReadCounter.table","NW_015090842.1:9869734",6,21,15
"ANKRD11","s1647_F_LIV_01_ASEReadCounter.table","NW_015090842.1:9870070",9,27,18
"ANKRD11","s1647_F_LIV_01_ASEReadCounter.table","NW_015090842.1:9870349",17,42,25
"ANKRD11","s1647_F_LIV_01_ASEReadCounter.table","NW_015090842.1:9870604",19,43,24
"ANKRD11","s1647_F_LIV_01_ASEReadCounter.table","NW_015090842.1:9870613",19,44,25
"ANKRD11","s1647_F_LIV_01_ASEReadCounter.table","NW_015090842.1:9870685",18,50,32
"ANKRD11","s1647_F_LIV_01_ASEReadCounter.table","NW_015090842.1:9870760",30,51,21
"ANKRD11","s1647_F_LIV_01_ASEReadCounter.table","NW_015090842.1:9870847",21,52,31
"ANKRD11","s1647_F_LIV_01_ASEReadCounter.table","NW_015090842.1:9871103",14,33,19
"ANKRD11","s1647_F_LIV_01_ASEReadCounter.table","NW_015090842.1:9871165",19,41,22
"ANKRD11","s1647_F_LIV_01_ASEReadCounter.table","NW_015090842.1:9871508",10,10,0
"ANKRD11","s1647_F_LIV_01_ASEReadCounter.table","NW_015090842.1:9871820",1,2,1
"ANKRD11","s1647_F_LIV_01_ASEReadCounter.table","NW_015090842.1:9872118",6,12,6
"ANKRD11","s1647_F_LIV_01_ASEReadCounter.table","NW_015090842.1:9877406",0,2,2
"SPG7","s1647_F_LIV_01_ASEReadCounter.table","NW_015090842.1:10051190",32,56,24
"SPG7","s1647_F_LIV_01_ASEReadCounter.table","NW_015090842.1:10051218",30,54,24
"SPG7","s1647_F_LIV_01_ASEReadCounter.table","NW_015090842.1:10052348",44,69,25
"SPG7","s1647_F_LIV_01_ASEReadCounter.table","NW_015090842.1:10052366",36,58,22
"SPG7","s1647_F_LIV_01_ASEReadCounter.table","NW_015090842.1:10065173",45,85,40
"SPG7","s1647_F_LIV_01_ASEReadCounter.table","NW_015090842.1:10065215",48,87,39
"SPG7","s1647_F_LIV_01_ASEReadCounter.table","NW_015090842.1:10066365",36,64,28
"SPG7","s1647_F_LIV_01_ASEReadCounter.table","NW_015090842.1:10069752",48,82,34
"SPG7","s1647_F_LIV_01_ASEReadCounter.table","NW_015090842.1:10069800",50,95,45
"SPG7","s1647_F_LIV_01_ASEReadCounter.table","NW_015090842.1:10071192",56,106,50
"SPG7","s1647_F_LIV_01_ASEReadCounter.table","NW_015090842.1:10071219",53,98,45
"SPG7","s1647_F_LIV_01_ASEReadCounter.table","NW_015090842.1:10071967",41,91,50
"SPG7","s1647_F_LIV_01_ASEReadCounter.table","NW_015090842.1:10075109",93,166,73
"SPG7","s1647_F_LIV_01_ASEReadCounter.table","NW_015090842.1:10075114",94,170,76
"SPG7","s1647_F_LIV_01_ASEReadCounter.table","NW_015090842.1:10075198",78,137,59
"SPG7","s1647_F_LIV_01_ASEReadCounter.table","NW_015090842.1:10075487",59,120,61
"SPG7","s1647_F_LIV_01_ASEReadCounter.table","NW_015090842.1:10075488",59,120,61
"SPG7","s1647_F_LIV_01_ASEReadCounter.table","NW_015090842.1:10075548",38,80,42
"RPL13","s1647_F_LIV_01_ASEReadCounter.table","NW_015090842.1:10077387",1262,2537,1275
"RPL13","s1647_F_LIV_01_ASEReadCounter.table","NW_015090842.1:10077978",1980,3997,2017
"RPL13","s1647_F_LIV_01_ASEReadCounter.table","NW_015090842.1:10077992",1963,3852,1889
"CPNE7","s1647_F_LIV_01_ASEReadCounter.table","NW_015090842.1:10091488",1,1,0
"CPNE7","s1647_F_LIV_01_ASEReadCounter.table","NW_015090842.1:10091491",1,1,0
"CPNE7","s1647_F_LIV_01_ASEReadCounter.table","NW_015090842.1:10091530",0,1,1
"LOC106888185","s1647_F_LIV_01_ASEReadCounter.table","NW_015090842.1:10094965",4,16,12
"LOC106888185","s1647_F_LIV_01_ASEReadCounter.table","NW_015090842.1:10094966",4,16,12
"LOC106888185","s1647_F_LIV_01_ASEReadCounter.table","NW_015090842.1:10094985",4,15,11
"LOC106888185","s1647_F_LIV_01_ASEReadCounter.table","NW_015090842.1:10095055",0,15,15
"LOC106888185","s1647_F_LIV_01_ASEReadCounter.table","NW_015090842.1:10095062",0,16,16
"LOC106888185","s1647_F_LIV_01_ASEReadCounter.table","NW_015090842.1:10095130",2,13,11
"LOC106888185","s1647_F_LIV_01_ASEReadCounter.table","NW_015090842.1:10095265",26,52,26
"LOC106888185","s1647_F_LIV_01_ASEReadCounter.table","NW_015090842.1:10095586",11,33,22
"LOC106888185","s1647_F_LIV_01_ASEReadCounter.table","NW_015090842.1:10095593",15,38,23
"LOC106888185","s1647_F_LIV_01_ASEReadCounter.table","NW_015090842.1:10095616",18,42,24
"LOC106888185","s1647_F_LIV_01_ASEReadCounter.table","NW_015090842.1:10095662",16,44,28
"LOC106888185","s1647_F_LIV_01_ASEReadCounter.table","NW_015090842.1:10095674",13,41,28
"LOC106888185","s1647_F_LIV_01_ASEReadCounter.table","NW_015090842.1:10095786",18,41,23
"LOC106888185","s1647_F_LIV_01_ASEReadCounter.table","NW_015090842.1:10095831",27,48,21
"LOC106888185","s1647_F_LIV_01_ASEReadCounter.table","NW_015090842.1:10096230",16,28,12
"LOC106888185","s1647_F_LIV_01_ASEReadCounter.table","NW_015090842.1:10096249",16,30,14
"LOC106888185","s1647_F_LIV_01_ASEReadCounter.table","NW_015090842.1:10096272",18,31,13
"LOC106888185","s1647_F_LIV_01_ASEReadCounter.table","NW_015090842.1:10096288",15,29,14
"LOC106888185","s1647_F_LIV_01_ASEReadCounter.table","NW_015090842.1:10097248",15,36,21
"LOC106888185","s1647_F_LIV_01_ASEReadCounter.table","NW_015090842.1:10097265",16,41,25
"LOC106888185","s1647_F_LIV_01_ASEReadCounter.table","NW_015090842.1:10097446",2,6,4
"DPEP1","s1647_F_LIV_01_ASEReadCounter.table","NW_015090842.1:10098017",0,2,2
"DPEP1","s1647_F_LIV_01_ASEReadCounter.table","NW_015090842.1:10098518",39,49,10
"DPEP1","s1647_F_LIV_01_ASEReadCounter.table","NW_015090842.1:10098595",57,77,20
"DPEP1","s1647_F_LIV_01_ASEReadCounter.table","NW_015090842.1:10098597",57,77,20
"DPEP1","s1647_F_LIV_01_ASEReadCounter.table","NW_015090842.1:10098601",55,78,23
"DPEP1","s1647_F_LIV_01_ASEReadCounter.table","NW_015090842.1:10098608",55,77,22
"DPEP1","s1647_F_LIV_01_ASEReadCounter.table","NW_015090842.1:10098630",58,77,19
"DPEP1","s1647_F_LIV_01_ASEReadCounter.table","NW_015090842.1:10098659",56,81,25
"DPEP1","s1647_F_LIV_01_ASEReadCounter.table","NW_015090842.1:10099765",48,66,18
"DPEP1","s1647_F_LIV_01_ASEReadCounter.table","NW_015090842.1:10099985",52,72,20
"DPEP1","s1647_F_LIV_01_ASEReadCounter.table","NW_015090842.1:10099986",52,72,20
"DPEP1","s1647_F_LIV_01_ASEReadCounter.table","NW_015090842.1:10099991",52,73,21
"DPEP1","s1647_F_LIV_01_ASEReadCounter.table","NW_015090842.1:10100044",73,101,28
"DPEP1","s1647_F_LIV_01_ASEReadCounter.table","NW_015090842.1:10100045",72,99,27
"DPEP1","s1647_F_LIV_01_ASEReadCounter.table","NW_015090842.1:10100084",74,97,23
"DPEP1","s1647_F_LIV_01_ASEReadCounter.table","NW_015090842.1:10100295",76,91,15
"DPEP1","s1647_F_LIV_01_ASEReadCounter.table","NW_015090842.1:10100529",65,80,15
"DPEP1","s1647_F_LIV_01_ASEReadCounter.table","NW_015090842.1:10100893",105,135,30
"DPEP1","s1647_F_LIV_01_ASEReadCounter.table","NW_015090842.1:10100902",106,144,38
"DPEP1","s1647_F_LIV_01_ASEReadCounter.table","NW_015090842.1:10101072",97,138,41
"DPEP1","s1647_F_LIV_01_ASEReadCounter.table","NW_015090842.1:10101199",105,143,38
"DPEP1","s1647_F_LIV_01_ASEReadCounter.table","NW_015090842.1:10101483",112,166,54
"DPEP1","s1647_F_LIV_01_ASEReadCounter.table","NW_015090842.1:10101497",113,164,51
"DPEP1","s1647_F_LIV_01_ASEReadCounter.table","NW_015090842.1:10101525",108,146,38
"DPEP1","s1647_F_LIV_01_ASEReadCounter.table","NW_015090842.1:10101875",144,179,35
"DPEP1","s1647_F_LIV_01_ASEReadCounter.table","NW_015090842.1:10101913",117,142,25
"DPEP1","s1647_F_LIV_01_ASEReadCounter.table","NW_015090842.1:10101996",70,87,17
"DPEP1","s1647_F_LIV_01_ASEReadCounter.table","NW_015090842.1:10102014",65,78,13
"DPEP1","s1647_F_LIV_01_ASEReadCounter.table","NW_015090842.1:10102035",46,57,11
"CHMP1A","s1647_F_LIV_01_ASEReadCounter.table","NW_015090842.1:10102901",25,84,59
"CHMP1A","s1647_F_LIV_01_ASEReadCounter.table","NW_015090842.1:10102961",27,109,82
"CHMP1A","s1647_F_LIV_01_ASEReadCounter.table","NW_015090842.1:10102996",28,111,83
"CHMP1A","s1647_F_LIV_01_ASEReadCounter.table","NW_015090842.1:10103004",29,116,87
"CHMP1A","s1647_F_LIV_01_ASEReadCounter.table","NW_015090842.1:10103006",30,116,86
"CHMP1A","s1647_F_LIV_01_ASEReadCounter.table","NW_015090842.1:10103052",43,135,92
"CHMP1A","s1647_F_LIV_01_ASEReadCounter.table","NW_015090842.1:10103095",39,126,87
"CHMP1A","s1647_F_LIV_01_ASEReadCounter.table","NW_015090842.1:10103096",40,129,89
"CHMP1A","s1647_F_LIV_01_ASEReadCounter.table","NW_015090842.1:10103152",36,84,48
"CHMP1A","s1647_F_LIV_01_ASEReadCounter.table","NW_015090842.1:10103173",37,89,52
"CHMP1A","s1647_F_LIV_01_ASEReadCounter.table","NW_015090842.1:10103334",18,49,31
"CHMP1A","s1647_F_LIV_01_ASEReadCounter.table","NW_015090842.1:10103373",14,51,37
"CHMP1A","s1647_F_LIV_01_ASEReadCounter.table","NW_015090842.1:10103408",28,66,38
"CHMP1A","s1647_F_LIV_01_ASEReadCounter.table","NW_015090842.1:10103412",32,72,40
"CHMP1A","s1647_F_LIV_01_ASEReadCounter.table","NW_015090842.1:10103512",35,68,33
"CHMP1A","s1647_F_LIV_01_ASEReadCounter.table","NW_015090842.1:10103513",33,66,33
"CHMP1A","s1647_F_LIV_01_ASEReadCounter.table","NW_015090842.1:10103583",31,59,28
"CHMP1A","s1647_F_LIV_01_ASEReadCounter.table","NW_015090842.1:10103614",29,51,22
"CHMP1A","s1647_F_LIV_01_ASEReadCounter.table","NW_015090842.1:10103657",27,52,25
"CHMP1A","s1647_F_LIV_01_ASEReadCounter.table","NW_015090842.1:10103669",19,45,26
"CHMP1A","s1647_F_LIV_01_ASEReadCounter.table","NW_015090842.1:10103674",19,45,26
"CHMP1A","s1647_F_LIV_01_ASEReadCounter.table","NW_015090842.1:10103677",18,43,25
"CHMP1A","s1647_F_LIV_01_ASEReadCounter.table","NW_015090842.1:10103729",23,44,21
"CHMP1A","s1647_F_LIV_01_ASEReadCounter.table","NW_015090842.1:10103758",24,50,26
"CHMP1A","s1647_F_LIV_01_ASEReadCounter.table","NW_015090842.1:10103761",24,51,27
"CHMP1A","s1647_F_LIV_01_ASEReadCounter.table","NW_015090842.1:10103788",26,62,36
"CHMP1A","s1647_F_LIV_01_ASEReadCounter.table","NW_015090842.1:10103789",25,62,37
"CHMP1A","s1647_F_LIV_01_ASEReadCounter.table","NW_015090842.1:10103790",26,63,37
"CHMP1A","s1647_F_LIV_01_ASEReadCounter.table","NW_015090842.1:10103950",26,52,26
"CHMP1A","s1647_F_LIV_01_ASEReadCounter.table","NW_015090842.1:10104335",31,56,25
"CHMP1A","s1647_F_LIV_01_ASEReadCounter.table","NW_015090842.1:10104429",42,79,37
"CHMP1A","s1647_F_LIV_01_ASEReadCounter.table","NW_015090842.1:10104532",29,72,43
"CHMP1A","s1647_F_LIV_01_ASEReadCounter.table","NW_015090842.1:10104633",27,67,40
"CHMP1A","s1647_F_LIV_01_ASEReadCounter.table","NW_015090842.1:10104759",23,73,50
"CHMP1A","s1647_F_LIV_01_ASEReadCounter.table","NW_015090842.1:10104794",28,86,58
"CHMP1A","s1647_F_LIV_01_ASEReadCounter.table","NW_015090842.1:10104841",70,70,0
"CHMP1A","s1647_F_LIV_01_ASEReadCounter.table","NW_015090842.1:10104844",25,69,44
"CHMP1A","s1647_F_LIV_01_ASEReadCounter.table","NW_015090842.1:10106242",30,69,39
"CHMP1A","s1647_F_LIV_01_ASEReadCounter.table","NW_015090842.1:10106290",22,56,34
"CHMP1A","s1647_F_LIV_01_ASEReadCounter.table","NW_015090842.1:10106335",34,64,30
"CHMP1A","s1647_F_LIV_01_ASEReadCounter.table","NW_015090842.1:10106383",37,83,46
"CHMP1A","s1647_F_LIV_01_ASEReadCounter.table","NW_015090842.1:10106747",26,88,62
"CHMP1A","s1647_F_LIV_01_ASEReadCounter.table","NW_015090842.1:10107404",28,75,47
"CHMP1A","s1647_F_LIV_01_ASEReadCounter.table","NW_015090842.1:10107876",27,68,41
"CDK10","s1647_F_LIV_01_ASEReadCounter.table","NW_015090842.1:10109030",2,3,1
"CDK10","s1647_F_LIV_01_ASEReadCounter.table","NW_015090842.1:10109963",12,42,30
"CDK10","s1647_F_LIV_01_ASEReadCounter.table","NW_015090842.1:10110887",4,24,20
"CDK10","s1647_F_LIV_01_ASEReadCounter.table","NW_015090842.1:10111254",7,21,14
"CDK10","s1647_F_LIV_01_ASEReadCounter.table","NW_015090842.1:10111380",7,23,16
"CDK10","s1647_F_LIV_01_ASEReadCounter.table","NW_015090842.1:10111395",8,25,17
"CDK10","s1647_F_LIV_01_ASEReadCounter.table","NW_015090842.1:10111437",5,25,20
"CDK10","s1647_F_LIV_01_ASEReadCounter.table","NW_015090842.1:10111798",14,38,24
"CDK10","s1647_F_LIV_01_ASEReadCounter.table","NW_015090842.1:10111840",15,45,30
"CDK10","s1647_F_LIV_01_ASEReadCounter.table","NW_015090842.1:10112031",13,52,39
"CDK10","s1647_F_LIV_01_ASEReadCounter.table","NW_015090842.1:10112285",12,44,32
"CDK10","s1647_F_LIV_01_ASEReadCounter.table","NW_015090842.1:10112398",13,51,38
"CDK10","s1647_F_LIV_01_ASEReadCounter.table","NW_015090842.1:10112455",10,42,32
"CDK10","s1647_F_LIV_01_ASEReadCounter.table","NW_015090842.1:10112461",9,37,28
"CDK10","s1647_F_LIV_01_ASEReadCounter.table","NW_015090842.1:10112497",10,32,22
"CDK10","s1647_F_LIV_01_ASEReadCounter.table","NW_015090842.1:10112508",10,39,29
"CDK10","s1647_F_LIV_01_ASEReadCounter.table","NW_015090842.1:10112518",8,33,25
"CDK10","s1647_F_LIV_01_ASEReadCounter.table","NW_015090842.1:10112540",3,34,31
"CDK10","s1647_F_LIV_01_ASEReadCounter.table","NW_015090842.1:10112556",7,33,26
"CDK10","s1647_F_LIV_01_ASEReadCounter.table","NW_015090842.1:10112561",7,39,32
"CDK10","s1647_F_LIV_01_ASEReadCounter.table","NW_015090842.1:10112596",8,39,31
"CDK10","s1647_F_LIV_01_ASEReadCounter.table","NW_015090842.1:10112630",11,39,28
"CDK10","s1647_F_LIV_01_ASEReadCounter.table","NW_015090842.1:10112656",11,42,31
"CDK10","s1647_F_LIV_01_ASEReadCounter.table","NW_015090842.1:10112665",11,37,26
"CDK10","s1647_F_LIV_01_ASEReadCounter.table","NW_015090842.1:10112668",11,35,24
"CDK10","s1647_F_LIV_01_ASEReadCounter.table","NW_015090842.1:10112781",5,14,9
"CDK10","s1647_F_LIV_01_ASEReadCounter.table","NW_015090842.1:10112782",5,14,9
"CDK10","s1647_F_LIV_01_ASEReadCounter.table","NW_015090842.1:10112795",5,14,9
"CDK10","s1647_F_LIV_01_ASEReadCounter.table","NW_015090842.1:10112841",2,4,2
"CDK10","s1647_F_LIV_01_ASEReadCounter.table","NW_015090842.1:10112861",1,3,2
"SPATA2L","s1647_F_LIV_01_ASEReadCounter.table","NW_015090842.1:10113212",5,11,6
"SPATA2L","s1647_F_LIV_01_ASEReadCounter.table","NW_015090842.1:10113280",8,20,12
"SPATA2L","s1647_F_LIV_01_ASEReadCounter.table","NW_015090842.1:10113296",8,21,13
"SPATA2L","s1647_F_LIV_01_ASEReadCounter.table","NW_015090842.1:10113321",11,27,16
"SPATA2L","s1647_F_LIV_01_ASEReadCounter.table","NW_015090842.1:10113332",11,30,19
"SPATA2L","s1647_F_LIV_01_ASEReadCounter.table","NW_015090842.1:10113380",11,28,17
"SPATA2L","s1647_F_LIV_01_ASEReadCounter.table","NW_015090842.1:10113381",11,29,18
"SPATA2L","s1647_F_LIV_01_ASEReadCounter.table","NW_015090842.1:10113412",12,31,19
"SPATA2L","s1647_F_LIV_01_ASEReadCounter.table","NW_015090842.1:10113421",13,32,19
"SPATA2L","s1647_F_LIV_01_ASEReadCounter.table","NW_015090842.1:10113465",9,25,16
"SPATA2L","s1647_F_LIV_01_ASEReadCounter.table","NW_015090842.1:10113535",7,20,13
"SPATA2L","s1647_F_LIV_01_ASEReadCounter.table","NW_015090842.1:10113645",7,29,22
"SPATA2L","s1647_F_LIV_01_ASEReadCounter.table","NW_015090842.1:10113682",8,33,25
"SPATA2L","s1647_F_LIV_01_ASEReadCounter.table","NW_015090842.1:10113696",11,36,25
"SPATA2L","s1647_F_LIV_01_ASEReadCounter.table","NW_015090842.1:10113727",15,42,27
"SPATA2L","s1647_F_LIV_01_ASEReadCounter.table","NW_015090842.1:10113799",12,35,23
"SPATA2L","s1647_F_LIV_01_ASEReadCounter.table","NW_015090842.1:10113809",13,34,21
"SPATA2L","s1647_F_LIV_01_ASEReadCounter.table","NW_015090842.1:10113827",14,36,22
"SPATA2L","s1647_F_LIV_01_ASEReadCounter.table","NW_015090842.1:10113831",14,36,22
"SPATA2L","s1647_F_LIV_01_ASEReadCounter.table","NW_015090842.1:10113894",14,32,18
"SPATA2L","s1647_F_LIV_01_ASEReadCounter.table","NW_015090842.1:10113905",11,30,19
"SPATA2L","s1647_F_LIV_01_ASEReadCounter.table","NW_015090842.1:10113914",9,27,18
"SPATA2L","s1647_F_LIV_01_ASEReadCounter.table","NW_015090842.1:10113920",10,26,16
"SPATA2L","s1647_F_LIV_01_ASEReadCounter.table","NW_015090842.1:10113937",12,32,20
"SPATA2L","s1647_F_LIV_01_ASEReadCounter.table","NW_015090842.1:10113971",8,25,17
"SPATA2L","s1647_F_LIV_01_ASEReadCounter.table","NW_015090842.1:10113976",7,27,20
"SPATA2L","s1647_F_LIV_01_ASEReadCounter.table","NW_015090842.1:10113985",9,25,16
"SPATA2L","s1647_F_LIV_01_ASEReadCounter.table","NW_015090842.1:10113994",10,28,18
"SPATA2L","s1647_F_LIV_01_ASEReadCounter.table","NW_015090842.1:10114063",12,24,12
"SPATA2L","s1647_F_LIV_01_ASEReadCounter.table","NW_015090842.1:10114066",12,23,11
"SPATA2L","s1647_F_LIV_01_ASEReadCounter.table","NW_015090842.1:10114069",13,24,11
"SPATA2L","s1647_F_LIV_01_ASEReadCounter.table","NW_015090842.1:10114121",7,18,11
"SPATA2L","s1647_F_LIV_01_ASEReadCounter.table","NW_015090842.1:10114159",5,21,16
"SPATA2L","s1647_F_LIV_01_ASEReadCounter.table","NW_015090842.1:10114282",21,21,0
"SPATA2L","s1647_F_LIV_01_ASEReadCounter.table","NW_015090842.1:10114470",9,20,11
"SPATA2L","s1647_F_LIV_01_ASEReadCounter.table","NW_015090842.1:10114524",7,15,8
"VPS9D1","s1647_F_LIV_01_ASEReadCounter.table","NW_015090842.1:10116377",3,4,1
"VPS9D1","s1647_F_LIV_01_ASEReadCounter.table","NW_015090842.1:10116415",5,6,1
"VPS9D1","s1647_F_LIV_01_ASEReadCounter.table","NW_015090842.1:10116607",4,4,0
"VPS9D1","s1647_F_LIV_01_ASEReadCounter.table","NW_015090842.1:10116816",4,4,0
"VPS9D1","s1647_F_LIV_01_ASEReadCounter.table","NW_015090842.1:10116821",1,4,3
"VPS9D1","s1647_F_LIV_01_ASEReadCounter.table","NW_015090842.1:10116825",1,4,3
"VPS9D1","s1647_F_LIV_01_ASEReadCounter.table","NW_015090842.1:10116882",1,2,1
"VPS9D1","s1647_F_LIV_01_ASEReadCounter.table","NW_015090842.1:10116885",1,2,1
"VPS9D1","s1647_F_LIV_01_ASEReadCounter.table","NW_015090842.1:10116942",0,1,1
"VPS9D1","s1647_F_LIV_01_ASEReadCounter.table","NW_015090842.1:10117152",3,4,1
"VPS9D1","s1647_F_LIV_01_ASEReadCounter.table","NW_015090842.1:10117396",1,1,0
"VPS9D1","s1647_F_LIV_01_ASEReadCounter.table","NW_015090842.1:10117480",2,3,1
"VPS9D1","s1647_F_LIV_01_ASEReadCounter.table","NW_015090842.1:10117497",2,3,1
"VPS9D1","s1647_F_LIV_01_ASEReadCounter.table","NW_015090842.1:10117499",2,3,1
"VPS9D1","s1647_F_LIV_01_ASEReadCounter.table","NW_015090842.1:10117516",2,3,1
"VPS9D1","s1647_F_LIV_01_ASEReadCounter.table","NW_015090842.1:10117525",2,3,1
"VPS9D1","s1647_F_LIV_01_ASEReadCounter.table","NW_015090842.1:10117579",2,3,1
"VPS9D1","s1647_F_LIV_01_ASEReadCounter.table","NW_015090842.1:10117627",3,4,1
"VPS9D1","s1647_F_LIV_01_ASEReadCounter.table","NW_015090842.1:10117678",1,3,2
"VPS9D1","s1647_F_LIV_01_ASEReadCounter.table","NW_015090842.1:10117773",2,2,0
"VPS9D1","s1647_F_LIV_01_ASEReadCounter.table","NW_015090842.1:10117937",1,2,1
"VPS9D1","s1647_F_LIV_01_ASEReadCounter.table","NW_015090842.1:10117961",1,3,2
"VPS9D1","s1647_F_LIV_01_ASEReadCounter.table","NW_015090842.1:10118236",1,4,3
"VPS9D1","s1647_F_LIV_01_ASEReadCounter.table","NW_015090842.1:10118414",2,3,1
"VPS9D1","s1647_F_LIV_01_ASEReadCounter.table","NW_015090842.1:10118973",1,5,4
"VPS9D1","s1647_F_LIV_01_ASEReadCounter.table","NW_015090842.1:10119500",3,4,1
"ZNF276","s1647_F_LIV_01_ASEReadCounter.table","NW_015090842.1:10121760",0,1,1
"ZNF276","s1647_F_LIV_01_ASEReadCounter.table","NW_015090842.1:10121769",0,2,2
"ZNF276","s1647_F_LIV_01_ASEReadCounter.table","NW_015090842.1:10121802",1,5,4
"ZNF276","s1647_F_LIV_01_ASEReadCounter.table","NW_015090842.1:10121971",8,14,6
"ZNF276","s1647_F_LIV_01_ASEReadCounter.table","NW_015090842.1:10122883",6,9,3
"ZNF276","s1647_F_LIV_01_ASEReadCounter.table","NW_015090842.1:10123069",6,7,1
"ZNF276","s1647_F_LIV_01_ASEReadCounter.table","NW_015090842.1:10123207",10,13,3
"ZNF276","s1647_F_LIV_01_ASEReadCounter.table","NW_015090842.1:10125787",4,8,4
"ZNF276","s1647_F_LIV_01_ASEReadCounter.table","NW_015090842.1:10126309",8,13,5
"ZNF276","s1647_F_LIV_01_ASEReadCounter.table","NW_015090842.1:10126348",8,12,4
"ZNF276","s1647_F_LIV_01_ASEReadCounter.table","NW_015090842.1:10126978",9,13,4
"ZNF276","s1647_F_LIV_01_ASEReadCounter.table","NW_015090842.1:10126991",11,16,5
"ZNF276","s1647_F_LIV_01_ASEReadCounter.table","NW_015090842.1:10127023",13,18,5
"ZNF276","s1647_F_LIV_01_ASEReadCounter.table","NW_015090842.1:10127063",15,19,4
"ZNF276","s1647_F_LIV_01_ASEReadCounter.table","NW_015090842.1:10127373",10,13,3
"ZNF276","s1647_F_LIV_01_ASEReadCounter.table","NW_015090842.1:10127931",13,26,13
"ZNF276","s1647_F_LIV_01_ASEReadCounter.table","NW_015090842.1:10128070",12,16,4
"ZNF276","s1647_F_LIV_01_ASEReadCounter.table","NW_015090842.1:10128102",11,21,10
"ZNF276","s1647_F_LIV_01_ASEReadCounter.table","NW_015090842.1:10128356",12,22,10
"ZNF276","s1647_F_LIV_01_ASEReadCounter.table","NW_015090842.1:10128497",7,12,5
"FANCA","s1647_F_LIV_01_ASEReadCounter.table","NW_015090842.1:10128743",1,2,1
"FANCA","s1647_F_LIV_01_ASEReadCounter.table","NW_015090842.1:10128822",1,3,2
"FANCA","s1647_F_LIV_01_ASEReadCounter.table","NW_015090842.1:10129969",0,1,1
"FANCA","s1647_F_LIV_01_ASEReadCounter.table","NW_015090842.1:10130857",0,1,1
"FANCA","s1647_F_LIV_01_ASEReadCounter.table","NW_015090842.1:10130878",0,1,1
"FANCA","s1647_F_LIV_01_ASEReadCounter.table","NW_015090842.1:10137019",0,1,1
"FANCA","s1647_F_LIV_01_ASEReadCounter.table","NW_015090842.1:10137673",0,2,2
"SPIRE2","s1647_F_LIV_01_ASEReadCounter.table","NW_015090842.1:10172284",1,1,0
"SPIRE2","s1647_F_LIV_01_ASEReadCounter.table","NW_015090842.1:10176115",0,1,1
"SPIRE2","s1647_F_LIV_01_ASEReadCounter.table","NW_015090842.1:10176817",1,1,0
"SPIRE2","s1647_F_LIV_01_ASEReadCounter.table","NW_015090842.1:10177084",0,1,1
"SPIRE2","s1647_F_LIV_01_ASEReadCounter.table","NW_015090842.1:10177110",0,1,1
"SPIRE2","s1647_F_LIV_01_ASEReadCounter.table","NW_015090842.1:10177838",0,1,1
"SPIRE2","s1647_F_LIV_01_ASEReadCounter.table","NW_015090842.1:10178000",0,1,1
"SPIRE2","s1647_F_LIV_01_ASEReadCounter.table","NW_015090842.1:10178164",0,1,1
"SPIRE2","s1647_F_LIV_01_ASEReadCounter.table","NW_015090842.1:10178216",0,1,1
"SPIRE2","s1647_F_LIV_01_ASEReadCounter.table","NW_015090842.1:10178524",0,1,1
"SPIRE2","s1647_F_LIV_01_ASEReadCounter.table","NW_015090842.1:10178526",0,1,1
"SPIRE2","s1647_F_LIV_01_ASEReadCounter.table","NW_015090842.1:10178531",0,1,1
"SPIRE2","s1647_F_LIV_01_ASEReadCounter.table","NW_015090842.1:10178565",0,1,1
"SPIRE2","s1647_F_LIV_01_ASEReadCounter.table","NW_015090842.1:10178587",0,1,1
"TCF25","s1647_F_LIV_01_ASEReadCounter.table","NW_015090842.1:10180912",27,45,18
"TCF25","s1647_F_LIV_01_ASEReadCounter.table","NW_015090842.1:10180924",25,45,20
"TCF25","s1647_F_LIV_01_ASEReadCounter.table","NW_015090842.1:10180931",29,49,20
"TCF25","s1647_F_LIV_01_ASEReadCounter.table","NW_015090842.1:10185332",65,128,63
"TCF25","s1647_F_LIV_01_ASEReadCounter.table","NW_015090842.1:10188816",45,64,19
"DBNDD1","s1647_F_LIV_01_ASEReadCounter.table","NW_015090842.1:10223105",10,22,12
"GAS8","s1647_F_LIV_01_ASEReadCounter.table","NW_015090842.1:10228982",2,6,4
"GAS8","s1647_F_LIV_01_ASEReadCounter.table","NW_015090842.1:10229832",5,10,5
"GAS8","s1647_F_LIV_01_ASEReadCounter.table","NW_015090842.1:10232375",3,9,6
"GAS8","s1647_F_LIV_01_ASEReadCounter.table","NW_015090842.1:10232901",4,8,4
"GAS8","s1647_F_LIV_01_ASEReadCounter.table","NW_015090842.1:10232928",3,13,10
"GAS8","s1647_F_LIV_01_ASEReadCounter.table","NW_015090842.1:10232967",4,12,8
"GAS8","s1647_F_LIV_01_ASEReadCounter.table","NW_015090842.1:10233032",2,5,3
"GAS8","s1647_F_LIV_01_ASEReadCounter.table","NW_015090842.1:10233057",1,5,4
"GAS8","s1647_F_LIV_01_ASEReadCounter.table","NW_015090842.1:10233058",1,4,3
"GAS8","s1647_F_LIV_01_ASEReadCounter.table","NW_015090842.1:10233176",2,5,3
"GAS8","s1647_F_LIV_01_ASEReadCounter.table","NW_015090842.1:10233196",3,6,3
"GAS8","s1647_F_LIV_01_ASEReadCounter.table","NW_015090842.1:10233252",5,8,3
"GAS8","s1647_F_LIV_01_ASEReadCounter.table","NW_015090842.1:10233303",3,5,2
"LOC106888094","s1647_F_LIV_01_ASEReadCounter.table","NW_015090842.1:10233334",19,72,53
"LOC106888094","s1647_F_LIV_01_ASEReadCounter.table","NW_015090842.1:10233362",48,186,138
"LOC106888094","s1647_F_LIV_01_ASEReadCounter.table","NW_015090842.1:10233373",48,196,148
"LOC106888094","s1647_F_LIV_01_ASEReadCounter.table","NW_015090842.1:10233388",64,228,164
"LOC106888094","s1647_F_LIV_01_ASEReadCounter.table","NW_015090842.1:10233402",74,239,165
"LOC106888094","s1647_F_LIV_01_ASEReadCounter.table","NW_015090842.1:10233465",91,289,198
"LOC106888094","s1647_F_LIV_01_ASEReadCounter.table","NW_015090842.1:10233803",115,383,268
"LOC106888094","s1647_F_LIV_01_ASEReadCounter.table","NW_015090842.1:10233815",101,348,247
"LOC106888094","s1647_F_LIV_01_ASEReadCounter.table","NW_015090842.1:10236098",9,12,3
"LOC106888094","s1647_F_LIV_01_ASEReadCounter.table","NW_015090842.1:10236161",0,17,17
"LOC106888173","s1647_F_LIV_01_ASEReadCounter.table","NW_015090842.1:10239596",0,1,1
"LOC106888173","s1647_F_LIV_01_ASEReadCounter.table","NW_015090842.1:10240280",0,1,1
"LOC106888173","s1647_F_LIV_01_ASEReadCounter.table","NW_015090842.1:10240603",1,1,0
"LOC106888173","s1647_F_LIV_01_ASEReadCounter.table","NW_015090842.1:10240609",1,1,0
"LOC106888173","s1647_F_LIV_01_ASEReadCounter.table","NW_015090842.1:10240924",1,1,0
"LOC106888173","s1647_F_LIV_01_ASEReadCounter.table","NW_015090842.1:10241037",0,1,1
"LOC106888173","s1647_F_LIV_01_ASEReadCounter.table","NW_015090842.1:10241046",0,1,1
"LOC106888173","s1647_F_LIV_01_ASEReadCounter.table","NW_015090842.1:10241058",0,1,1
"LOC106888173","s1647_F_LIV_01_ASEReadCounter.table","NW_015090842.1:10241064",0,1,1
"LOC106888173","s1647_F_LIV_01_ASEReadCounter.table","NW_015090842.1:10241103",2,2,0
"LOC106888173","s1647_F_LIV_01_ASEReadCounter.table","NW_015090842.1:10241163",1,2,1
"LOC106888173","s1647_F_LIV_01_ASEReadCounter.table","NW_015090842.1:10241803",1,1,0
"LOC106888173","s1647_F_LIV_01_ASEReadCounter.table","NW_015090842.1:10241827",1,1,0
"LOC106888173","s1647_F_LIV_01_ASEReadCounter.table","NW_015090842.1:10241869",0,1,1
"LOC106888173","s1647_F_LIV_01_ASEReadCounter.table","NW_015090842.1:10242079",0,1,1
"LOC106888173","s1647_F_LIV_01_ASEReadCounter.table","NW_015090842.1:10242103",0,1,1
"LOC106888173","s1647_F_LIV_01_ASEReadCounter.table","NW_015090842.1:10242455",0,1,1
"LOC106888173","s1647_F_LIV_01_ASEReadCounter.table","NW_015090842.1:10242481",0,1,1
"LOC106888173","s1647_F_LIV_01_ASEReadCounter.table","NW_015090842.1:10242590",0,1,1
"LOC106888173","s1647_F_LIV_01_ASEReadCounter.table","NW_015090842.1:10242909",0,1,1
"LOC106888173","s1647_F_LIV_01_ASEReadCounter.table","NW_015090842.1:10243094",0,2,2
"LOC106888173","s1647_F_LIV_01_ASEReadCounter.table","NW_015090842.1:10243133",0,1,1
"LOC106888173","s1647_F_LIV_01_ASEReadCounter.table","NW_015090842.1:10243273",1,2,1
"LOC106888173","s1647_F_LIV_01_ASEReadCounter.table","NW_015090842.1:10243278",1,2,1
"LOC106888173","s1647_F_LIV_01_ASEReadCounter.table","NW_015090842.1:10243281",1,2,1
"LOC106888173","s1647_F_LIV_01_ASEReadCounter.table","NW_015090842.1:10243347",2,7,5
"LOC106888173","s1647_F_LIV_01_ASEReadCounter.table","NW_015090842.1:10243353",1,10,9
"LOC106888173","s1647_F_LIV_01_ASEReadCounter.table","NW_015090842.1:10243363",1,5,4
"LOC106888173","s1647_F_LIV_01_ASEReadCounter.table","NW_015090842.1:10243365",0,9,9
"LOC106888173","s1647_F_LIV_01_ASEReadCounter.table","NW_015090842.1:10243566",16,17,1
"LOC106888173","s1647_F_LIV_01_ASEReadCounter.table","NW_015090842.1:10243605",0,17,17
"LOC106888173","s1647_F_LIV_01_ASEReadCounter.table","NW_015090842.1:10243614",0,15,15
"LOC106888173","s1647_F_LIV_01_ASEReadCounter.table","NW_015090842.1:10243615",0,15,15
"LOC106888173","s1647_F_LIV_01_ASEReadCounter.table","NW_015090842.1:10243640",6,7,1
"LOC106888173","s1647_F_LIV_01_ASEReadCounter.table","NW_015090842.1:10243680",1,2,1
"LOC106888173","s1647_F_LIV_01_ASEReadCounter.table","NW_015090842.1:10243742",2,3,1
"LOC106888173","s1647_F_LIV_01_ASEReadCounter.table","NW_015090842.1:10243804",2,3,1
"LOC106888173","s1647_F_LIV_01_ASEReadCounter.table","NW_015090842.1:10243913",1,1,0
"LOC106888173","s1647_F_LIV_01_ASEReadCounter.table","NW_015090842.1:10243921",1,1,0
"LOC106888384","s1647_F_LIV_01_ASEReadCounter.table","NW_015090842.1:10244714",12,17,5
"LOC106888384","s1647_F_LIV_01_ASEReadCounter.table","NW_015090842.1:10244942",14,33,19
"LOC106888384","s1647_F_LIV_01_ASEReadCounter.table","NW_015090842.1:10244998",16,35,19
"LOC106888384","s1647_F_LIV_01_ASEReadCounter.table","NW_015090842.1:10250743",14,32,18
"LOC106888384","s1647_F_LIV_01_ASEReadCounter.table","NW_015090842.1:10250771",11,28,17
"LOC106888384","s1647_F_LIV_01_ASEReadCounter.table","NW_015090842.1:10251339",9,9,0
"LOC106888384","s1647_F_LIV_01_ASEReadCounter.table","NW_015090842.1:10251343",9,9,0
"LOC106888384","s1647_F_LIV_01_ASEReadCounter.table","NW_015090842.1:10251344",9,9,0
"LOC106888384","s1647_F_LIV_01_ASEReadCounter.table","NW_015090842.1:10251349",7,7,0
"LOC106888384","s1647_F_LIV_01_ASEReadCounter.table","NW_015090842.1:10251354",6,6,0
"LOC106888384","s1647_F_LIV_01_ASEReadCounter.table","NW_015090842.1:10251358",6,6,0
"LOC106888384","s1647_F_LIV_01_ASEReadCounter.table","NW_015090842.1:10251369",5,6,1
"LOC106888384","s1647_F_LIV_01_ASEReadCounter.table","NW_015090842.1:10251370",6,6,0
"LOC106888384","s1647_F_LIV_01_ASEReadCounter.table","NW_015090842.1:10251375",4,4,0
"LOC106888384","s1647_F_LIV_01_ASEReadCounter.table","NW_015090842.1:10251388",1,1,0
"LOC106888384","s1647_F_LIV_01_ASEReadCounter.table","NW_015090842.1:10251390",1,1,0
"LOC106888384","s1647_F_LIV_01_ASEReadCounter.table","NW_015090842.1:10251393",1,1,0
"LOC106888384","s1647_F_LIV_01_ASEReadCounter.table","NW_015090842.1:10251399",1,1,0
"LOC106888384","s1647_F_LIV_01_ASEReadCounter.table","NW_015090842.1:10253165",46,78,32
"LOC106888384","s1647_F_LIV_01_ASEReadCounter.table","NW_015090842.1:10253284",34,57,23
"LOC106888384","s1647_F_LIV_01_ASEReadCounter.table","NW_015090842.1:10254028",37,90,53
"LOC106888384","s1647_F_LIV_01_ASEReadCounter.table","NW_015090842.1:10254227",41,94,53
"LOC106888384","s1647_F_LIV_01_ASEReadCounter.table","NW_015090842.1:10254233",42,102,60
"LOC106888384","s1647_F_LIV_01_ASEReadCounter.table","NW_015090842.1:10254263",58,120,62
"LOC106888384","s1647_F_LIV_01_ASEReadCounter.table","NW_015090842.1:10254293",49,94,45
"LOC106888384","s1647_F_LIV_01_ASEReadCounter.table","NW_015090842.1:10254570",41,86,45
"LOC106888384","s1647_F_LIV_01_ASEReadCounter.table","NW_015090842.1:10254605",72,72,0
"LOC106888384","s1647_F_LIV_01_ASEReadCounter.table","NW_015090842.1:10254608",72,72,0
"LOC106888384","s1647_F_LIV_01_ASEReadCounter.table","NW_015090842.1:10254618",44,44,0
"LOC106888384","s1647_F_LIV_01_ASEReadCounter.table","NW_015090842.1:10254620",38,38,0
"LOC106888384","s1647_F_LIV_01_ASEReadCounter.table","NW_015090842.1:10254623",32,32,0
"LOC106888384","s1647_F_LIV_01_ASEReadCounter.table","NW_015090842.1:10254624",22,22,0
"LOC106888384","s1647_F_LIV_01_ASEReadCounter.table","NW_015090842.1:10254627",36,36,0
"LOC106888384","s1647_F_LIV_01_ASEReadCounter.table","NW_015090842.1:10254629",30,30,0
"LOC106888384","s1647_F_LIV_01_ASEReadCounter.table","NW_015090842.1:10254647",5,18,13
"LOC106888384","s1647_F_LIV_01_ASEReadCounter.table","NW_015090842.1:10254663",3,15,12
"LOC106888384","s1647_F_LIV_01_ASEReadCounter.table","NW_015090842.1:10254840",19,40,21
"LOC106888384","s1647_F_LIV_01_ASEReadCounter.table","NW_015090842.1:10254891",68,68,0
"LOC106888384","s1647_F_LIV_01_ASEReadCounter.table","NW_015090842.1:10254900",20,70,50
"LOC106888384","s1647_F_LIV_01_ASEReadCounter.table","NW_015090842.1:10254915",18,72,54
"LOC106888384","s1647_F_LIV_01_ASEReadCounter.table","NW_015090842.1:10254965",52,52,0
"LOC106888384","s1647_F_LIV_01_ASEReadCounter.table","NW_015090842.1:10254975",19,64,45
"LOC106888384","s1647_F_LIV_01_ASEReadCounter.table","NW_015090842.1:10255077",40,100,60
"LOC106888384","s1647_F_LIV_01_ASEReadCounter.table","NW_015090842.1:10255117",47,110,63
"LOC106888384","s1647_F_LIV_01_ASEReadCounter.table","NW_015090842.1:10255138",37,101,64
"LOC106888384","s1647_F_LIV_01_ASEReadCounter.table","NW_015090842.1:10255139",37,102,65
"LOC106888384","s1647_F_LIV_01_ASEReadCounter.table","NW_015090842.1:10255209",52,123,71
"LOC106888384","s1647_F_LIV_01_ASEReadCounter.table","NW_015090842.1:10255211",54,125,71
"LOC106888384","s1647_F_LIV_01_ASEReadCounter.table","NW_015090842.1:10255236",52,121,69
"LOC106888384","s1647_F_LIV_01_ASEReadCounter.table","NW_015090842.1:10255262",47,121,74
"LOC106888384","s1647_F_LIV_01_ASEReadCounter.table","NW_015090842.1:10255264",48,128,80
"LOC106888384","s1647_F_LIV_01_ASEReadCounter.table","NW_015090842.1:10255306",76,172,96
"LOC106888384","s1647_F_LIV_01_ASEReadCounter.table","NW_015090842.1:10255340",81,188,107
"LOC106888384","s1647_F_LIV_01_ASEReadCounter.table","NW_015090842.1:10255410",84,192,108
"LOC106888384","s1647_F_LIV_01_ASEReadCounter.table","NW_015090842.1:10255449",84,181,97
"LOC106888384","s1647_F_LIV_01_ASEReadCounter.table","NW_015090842.1:10255496",100,198,98
"LOC106888384","s1647_F_LIV_01_ASEReadCounter.table","NW_015090842.1:10255505",91,178,87
"LOC106888384","s1647_F_LIV_01_ASEReadCounter.table","NW_015090842.1:10255531",96,198,102
"LOC106888384","s1647_F_LIV_01_ASEReadCounter.table","NW_015090842.1:10255608",94,203,109
"LOC106888384","s1647_F_LIV_01_ASEReadCounter.table","NW_015090842.1:10255704",100,194,94
"LOC106888384","s1647_F_LIV_01_ASEReadCounter.table","NW_015090842.1:10255731",91,168,77
"LOC106888384","s1647_F_LIV_01_ASEReadCounter.table","NW_015090842.1:10255771",61,100,39
"TANGO6","s1647_F_LIV_01_ASEReadCounter.table","NW_015090842.1:10257782",2,4,2
"TANGO6","s1647_F_LIV_01_ASEReadCounter.table","NW_015090842.1:10258162",3,6,3
"TANGO6","s1647_F_LIV_01_ASEReadCounter.table","NW_015090842.1:10258185",3,9,6
"TANGO6","s1647_F_LIV_01_ASEReadCounter.table","NW_015090842.1:10259267",2,7,5
"TANGO6","s1647_F_LIV_01_ASEReadCounter.table","NW_015090842.1:10260250",16,25,9
"TANGO6","s1647_F_LIV_01_ASEReadCounter.table","NW_015090842.1:10260289",13,20,7
"TANGO6","s1647_F_LIV_01_ASEReadCounter.table","NW_015090842.1:10260309",9,15,6
"TANGO6","s1647_F_LIV_01_ASEReadCounter.table","NW_015090842.1:10260979",3,11,8
"TANGO6","s1647_F_LIV_01_ASEReadCounter.table","NW_015090842.1:10261599",6,13,7
"TANGO6","s1647_F_LIV_01_ASEReadCounter.table","NW_015090842.1:10268425",16,29,13
"TANGO6","s1647_F_LIV_01_ASEReadCounter.table","NW_015090842.1:10269831",13,22,9
"TANGO6","s1647_F_LIV_01_ASEReadCounter.table","NW_015090842.1:10270813",7,11,4
"TANGO6","s1647_F_LIV_01_ASEReadCounter.table","NW_015090842.1:10274018",11,18,7
"TANGO6","s1647_F_LIV_01_ASEReadCounter.table","NW_015090842.1:10275974",11,18,7
"TANGO6","s1647_F_LIV_01_ASEReadCounter.table","NW_015090842.1:10275976",11,19,8
"TANGO6","s1647_F_LIV_01_ASEReadCounter.table","NW_015090842.1:10276123",12,24,12
"TANGO6","s1647_F_LIV_01_ASEReadCounter.table","NW_015090842.1:10276271",9,17,8
"TANGO6","s1647_F_LIV_01_ASEReadCounter.table","NW_015090842.1:10276272",9,17,8
"TANGO6","s1647_F_LIV_01_ASEReadCounter.table","NW_015090842.1:10276275",12,19,7
"TANGO6","s1647_F_LIV_01_ASEReadCounter.table","NW_015090842.1:10276278",12,20,8
"TANGO6","s1647_F_LIV_01_ASEReadCounter.table","NW_015090842.1:10276368",8,17,9
"TANGO6","s1647_F_LIV_01_ASEReadCounter.table","NW_015090842.1:10276373",8,18,10
"TANGO6","s1647_F_LIV_01_ASEReadCounter.table","NW_015090842.1:10276630",10,19,9
"TANGO6","s1647_F_LIV_01_ASEReadCounter.table","NW_015090842.1:10281498",25,37,12
"TANGO6","s1647_F_LIV_01_ASEReadCounter.table","NW_015090842.1:10281516",26,38,12
"TANGO6","s1647_F_LIV_01_ASEReadCounter.table","NW_015090842.1:10282842",24,36,12
"TANGO6","s1647_F_LIV_01_ASEReadCounter.table","NW_015090842.1:10282863",21,28,7
"TANGO6","s1647_F_LIV_01_ASEReadCounter.table","NW_015090842.1:10282869",21,28,7
"TANGO6","s1647_F_LIV_01_ASEReadCounter.table","NW_015090842.1:10282903",16,27,11
"TANGO6","s1647_F_LIV_01_ASEReadCounter.table","NW_015090842.1:10283757",19,33,14
"TANGO6","s1647_F_LIV_01_ASEReadCounter.table","NW_015090842.1:10283785",22,37,15
"HAS3","s1647_F_LIV_01_ASEReadCounter.table","NW_015090842.1:10290561",1,1,0
"HAS3","s1647_F_LIV_01_ASEReadCounter.table","NW_015090842.1:10290723",1,1,0
"HAS3","s1647_F_LIV_01_ASEReadCounter.table","NW_015090842.1:10290927",1,1,0
"CHTF8","s1647_F_LIV_01_ASEReadCounter.table","NW_015090842.1:10291319",1,2,1
"CHTF8","s1647_F_LIV_01_ASEReadCounter.table","NW_015090842.1:10291491",10,13,3
"CHTF8","s1647_F_LIV_01_ASEReadCounter.table","NW_015090842.1:10291520",7,12,5
"CHTF8","s1647_F_LIV_01_ASEReadCounter.table","NW_015090842.1:10291593",11,15,4
"CHTF8","s1647_F_LIV_01_ASEReadCounter.table","NW_015090842.1:10291600",10,15,5
"CHTF8","s1647_F_LIV_01_ASEReadCounter.table","NW_015090842.1:10291609",12,17,5
"CHTF8","s1647_F_LIV_01_ASEReadCounter.table","NW_015090842.1:10291639",13,16,3
"CHTF8","s1647_F_LIV_01_ASEReadCounter.table","NW_015090842.1:10291641",12,15,3
"CHTF8","s1647_F_LIV_01_ASEReadCounter.table","NW_015090842.1:10291648",15,18,3
"CHTF8","s1647_F_LIV_01_ASEReadCounter.table","NW_015090842.1:10291656",16,19,3
"CHTF8","s1647_F_LIV_01_ASEReadCounter.table","NW_015090842.1:10291675",14,16,2
"CHTF8","s1647_F_LIV_01_ASEReadCounter.table","NW_015090842.1:10291696",12,14,2
"CHTF8","s1647_F_LIV_01_ASEReadCounter.table","NW_015090842.1:10291714",14,18,4
"CHTF8","s1647_F_LIV_01_ASEReadCounter.table","NW_015090842.1:10291732",12,17,5
"CHTF8","s1647_F_LIV_01_ASEReadCounter.table","NW_015090842.1:10291755",10,16,6
"CHTF8","s1647_F_LIV_01_ASEReadCounter.table","NW_015090842.1:10291756",10,16,6
"CHTF8","s1647_F_LIV_01_ASEReadCounter.table","NW_015090842.1:10291758",10,16,6
"CHTF8","s1647_F_LIV_01_ASEReadCounter.table","NW_015090842.1:10291792",9,18,9
"CHTF8","s1647_F_LIV_01_ASEReadCounter.table","NW_015090842.1:10291895",10,17,7
"CHTF8","s1647_F_LIV_01_ASEReadCounter.table","NW_015090842.1:10292132",6,11,5
"CHTF8","s1647_F_LIV_01_ASEReadCounter.table","NW_015090842.1:10292314",13,17,4
"CHTF8","s1647_F_LIV_01_ASEReadCounter.table","NW_015090842.1:10292317",12,16,4
"CHTF8","s1647_F_LIV_01_ASEReadCounter.table","NW_015090842.1:10292928",3,4,1
"UTP4","s1647_F_LIV_01_ASEReadCounter.table","NW_015090842.1:10293146",6,25,19
"UTP4","s1647_F_LIV_01_ASEReadCounter.table","NW_015090842.1:10293151",10,30,20
"UTP4","s1647_F_LIV_01_ASEReadCounter.table","NW_015090842.1:10293191",8,18,10
"UTP4","s1647_F_LIV_01_ASEReadCounter.table","NW_015090842.1:10293362",12,29,17
"UTP4","s1647_F_LIV_01_ASEReadCounter.table","NW_015090842.1:10293430",9,24,15
"UTP4","s1647_F_LIV_01_ASEReadCounter.table","NW_015090842.1:10293625",9,22,13
"UTP4","s1647_F_LIV_01_ASEReadCounter.table","NW_015090842.1:10293684",8,19,11
"UTP4","s1647_F_LIV_01_ASEReadCounter.table","NW_015090842.1:10294093",9,24,15
"UTP4","s1647_F_LIV_01_ASEReadCounter.table","NW_015090842.1:10294622",15,26,11
"UTP4","s1647_F_LIV_01_ASEReadCounter.table","NW_015090842.1:10294632",14,28,14
"UTP4","s1647_F_LIV_01_ASEReadCounter.table","NW_015090842.1:10295238",8,24,16
"UTP4","s1647_F_LIV_01_ASEReadCounter.table","NW_015090842.1:10295880",15,33,18
"UTP4","s1647_F_LIV_01_ASEReadCounter.table","NW_015090842.1:10295884",15,33,18
"UTP4","s1647_F_LIV_01_ASEReadCounter.table","NW_015090842.1:10295903",15,27,12
"UTP4","s1647_F_LIV_01_ASEReadCounter.table","NW_015090842.1:10295906",13,24,11
"UTP4","s1647_F_LIV_01_ASEReadCounter.table","NW_015090842.1:10295915",13,25,12
"UTP4","s1647_F_LIV_01_ASEReadCounter.table","NW_015090842.1:10295938",9,27,18
"UTP4","s1647_F_LIV_01_ASEReadCounter.table","NW_015090842.1:10296175",16,35,19
"UTP4","s1647_F_LIV_01_ASEReadCounter.table","NW_015090842.1:10296660",15,35,20
"UTP4","s1647_F_LIV_01_ASEReadCounter.table","NW_015090842.1:10296679",20,39,19
"UTP4","s1647_F_LIV_01_ASEReadCounter.table","NW_015090842.1:10297193",22,60,38
"UTP4","s1647_F_LIV_01_ASEReadCounter.table","NW_015090842.1:10297220",23,59,36
"UTP4","s1647_F_LIV_01_ASEReadCounter.table","NW_015090842.1:10297307",23,64,41
"UTP4","s1647_F_LIV_01_ASEReadCounter.table","NW_015090842.1:10297558",22,60,38
"UTP4","s1647_F_LIV_01_ASEReadCounter.table","NW_015090842.1:10297943",23,62,39
"UTP4","s1647_F_LIV_01_ASEReadCounter.table","NW_015090842.1:10297979",17,54,37
"UTP4","s1647_F_LIV_01_ASEReadCounter.table","NW_015090842.1:10298022",12,39,27
"UTP4","s1647_F_LIV_01_ASEReadCounter.table","NW_015090842.1:10298079",1,9,8
"UTP4","s1647_F_LIV_01_ASEReadCounter.table","NW_015090842.1:10298081",1,8,7
"UTP4","s1647_F_LIV_01_ASEReadCounter.table","NW_015090842.1:10298082",0,6,6
"SNTB2","s1647_F_LIV_01_ASEReadCounter.table","NW_015090842.1:10298905",1,1,0
"SNTB2","s1647_F_LIV_01_ASEReadCounter.table","NW_015090842.1:10298928",2,2,0
"SNTB2","s1647_F_LIV_01_ASEReadCounter.table","NW_015090842.1:10303506",6,16,10
"SNTB2","s1647_F_LIV_01_ASEReadCounter.table","NW_015090842.1:10303524",5,14,9
"SNTB2","s1647_F_LIV_01_ASEReadCounter.table","NW_015090842.1:10304059",4,8,4
"SNTB2","s1647_F_LIV_01_ASEReadCounter.table","NW_015090842.1:10304089",5,10,5
"SNTB2","s1647_F_LIV_01_ASEReadCounter.table","NW_015090842.1:10304167",1,7,6
"SNTB2","s1647_F_LIV_01_ASEReadCounter.table","NW_015090842.1:10304176",2,8,6
"SNTB2","s1647_F_LIV_01_ASEReadCounter.table","NW_015090842.1:10305069",3,7,4
"SNTB2","s1647_F_LIV_01_ASEReadCounter.table","NW_015090842.1:10305099",5,8,3
"SNTB2","s1647_F_LIV_01_ASEReadCounter.table","NW_015090842.1:10305171",4,9,5
"SNTB2","s1647_F_LIV_01_ASEReadCounter.table","NW_015090842.1:10305177",4,9,5
"SNTB2","s1647_F_LIV_01_ASEReadCounter.table","NW_015090842.1:10305451",1,3,2
"SNTB2","s1647_F_LIV_01_ASEReadCounter.table","NW_015090842.1:10305547",8,11,3
"SNTB2","s1647_F_LIV_01_ASEReadCounter.table","NW_015090842.1:10305847",4,8,4
"SNTB2","s1647_F_LIV_01_ASEReadCounter.table","NW_015090842.1:10306173",5,8,3
"SNTB2","s1647_F_LIV_01_ASEReadCounter.table","NW_015090842.1:10306275",3,6,3
"SNTB2","s1647_F_LIV_01_ASEReadCounter.table","NW_015090842.1:10306457",6,11,5
"SNTB2","s1647_F_LIV_01_ASEReadCounter.table","NW_015090842.1:10306496",4,10,6
"SNTB2","s1647_F_LIV_01_ASEReadCounter.table","NW_015090842.1:10306499",4,9,5
"VPS4A","s1647_F_LIV_01_ASEReadCounter.table","NW_015090842.1:10308566",53,119,66
"VPS4A","s1647_F_LIV_01_ASEReadCounter.table","NW_015090842.1:10308573",56,123,67
"VPS4A","s1647_F_LIV_01_ASEReadCounter.table","NW_015090842.1:10308856",75,180,105
"VPS4A","s1647_F_LIV_01_ASEReadCounter.table","NW_015090842.1:10309056",85,209,124
"VPS4A","s1647_F_LIV_01_ASEReadCounter.table","NW_015090842.1:10309089",128,253,125
"VPS4A","s1647_F_LIV_01_ASEReadCounter.table","NW_015090842.1:10309392",125,243,118
"VPS4A","s1647_F_LIV_01_ASEReadCounter.table","NW_015090842.1:10309413",128,264,136
"VPS4A","s1647_F_LIV_01_ASEReadCounter.table","NW_015090842.1:10309467",118,269,151
"VPS4A","s1647_F_LIV_01_ASEReadCounter.table","NW_015090842.1:10310230",110,293,183
"VPS4A","s1647_F_LIV_01_ASEReadCounter.table","NW_015090842.1:10310425",102,275,173
"VPS4A","s1647_F_LIV_01_ASEReadCounter.table","NW_015090842.1:10310639",128,292,164
"VPS4A","s1647_F_LIV_01_ASEReadCounter.table","NW_015090842.1:10310734",97,237,140
"VPS4A","s1647_F_LIV_01_ASEReadCounter.table","NW_015090842.1:10310737",101,240,139
"VPS4A","s1647_F_LIV_01_ASEReadCounter.table","NW_015090842.1:10310746",104,249,145
"VPS4A","s1647_F_LIV_01_ASEReadCounter.table","NW_015090842.1:10310767",112,252,140
"VPS4A","s1647_F_LIV_01_ASEReadCounter.table","NW_015090842.1:10310995",143,284,141
"VPS4A","s1647_F_LIV_01_ASEReadCounter.table","NW_015090842.1:10311004",145,276,131
"VPS4A","s1647_F_LIV_01_ASEReadCounter.table","NW_015090842.1:10311007",140,275,135
"VPS4A","s1647_F_LIV_01_ASEReadCounter.table","NW_015090842.1:10311013",159,290,131
"VPS4A","s1647_F_LIV_01_ASEReadCounter.table","NW_015090842.1:10311022",142,267,125
"VPS4A","s1647_F_LIV_01_ASEReadCounter.table","NW_015090842.1:10311023",141,265,124
"VPS4A","s1647_F_LIV_01_ASEReadCounter.table","NW_015090842.1:10311426",137,310,173
"VPS4A","s1647_F_LIV_01_ASEReadCounter.table","NW_015090842.1:10311489",2,9,7
"VPS4A","s1647_F_LIV_01_ASEReadCounter.table","NW_015090842.1:10311490",2,7,5
"VPS4A","s1647_F_LIV_01_ASEReadCounter.table","NW_015090842.1:10311525",10,20,10
"VPS4A","s1647_F_LIV_01_ASEReadCounter.table","NW_015090842.1:10311529",11,23,12
"VPS4A","s1647_F_LIV_01_ASEReadCounter.table","NW_015090842.1:10311530",11,24,13
"VPS4A","s1647_F_LIV_01_ASEReadCounter.table","NW_015090842.1:10311552",33,48,15
"VPS4A","s1647_F_LIV_01_ASEReadCounter.table","NW_015090842.1:10311689",22,51,29
"VPS4A","s1647_F_LIV_01_ASEReadCounter.table","NW_015090842.1:10311700",29,55,26
"VPS4A","s1647_F_LIV_01_ASEReadCounter.table","NW_015090842.1:10311701",29,58,29
"VPS4A","s1647_F_LIV_01_ASEReadCounter.table","NW_015090842.1:10311703",29,58,29
"COG8","s1647_F_LIV_01_ASEReadCounter.table","NW_015090842.1:10313487",6,16,10
"COG8","s1647_F_LIV_01_ASEReadCounter.table","NW_015090842.1:10313559",9,22,13
"COG8","s1647_F_LIV_01_ASEReadCounter.table","NW_015090842.1:10313579",11,30,19
"COG8","s1647_F_LIV_01_ASEReadCounter.table","NW_015090842.1:10313665",12,27,15
"COG8","s1647_F_LIV_01_ASEReadCounter.table","NW_015090842.1:10313681",8,22,14
"COG8","s1647_F_LIV_01_ASEReadCounter.table","NW_015090842.1:10313768",15,31,16
"COG8","s1647_F_LIV_01_ASEReadCounter.table","NW_015090842.1:10313775",16,33,17
"COG8","s1647_F_LIV_01_ASEReadCounter.table","NW_015090842.1:10313811",14,28,14
"COG8","s1647_F_LIV_01_ASEReadCounter.table","NW_015090842.1:10313858",11,21,10
"COG8","s1647_F_LIV_01_ASEReadCounter.table","NW_015090842.1:10314100",14,28,14
"COG8","s1647_F_LIV_01_ASEReadCounter.table","NW_015090842.1:10314213",13,28,15
"COG8","s1647_F_LIV_01_ASEReadCounter.table","NW_015090842.1:10315093",7,20,13
"COG8","s1647_F_LIV_01_ASEReadCounter.table","NW_015090842.1:10315162",11,21,10
"COG8","s1647_F_LIV_01_ASEReadCounter.table","NW_015090842.1:10315285",12,24,12
"COG8","s1647_F_LIV_01_ASEReadCounter.table","NW_015090842.1:10315360",5,15,10
"COG8","s1647_F_LIV_01_ASEReadCounter.table","NW_015090842.1:10315369",5,17,12
"COG8","s1647_F_LIV_01_ASEReadCounter.table","NW_015090842.1:10315504",4,12,8
"COG8","s1647_F_LIV_01_ASEReadCounter.table","NW_015090842.1:10315508",4,12,8
"COG8","s1647_F_LIV_01_ASEReadCounter.table","NW_015090842.1:10315624",8,19,11
"COG8","s1647_F_LIV_01_ASEReadCounter.table","NW_015090842.1:10315693",9,23,14
"COG8","s1647_F_LIV_01_ASEReadCounter.table","NW_015090842.1:10315698",10,24,14
"COG8","s1647_F_LIV_01_ASEReadCounter.table","NW_015090842.1:10315768",4,13,9
"COG8","s1647_F_LIV_01_ASEReadCounter.table","NW_015090842.1:10315769",4,12,8
"COG8","s1647_F_LIV_01_ASEReadCounter.table","NW_015090842.1:10315784",5,13,8
"COG8","s1647_F_LIV_01_ASEReadCounter.table","NW_015090842.1:10316093",6,19,13
"COG8","s1647_F_LIV_01_ASEReadCounter.table","NW_015090842.1:10316133",5,14,9
"NIP7","s1647_F_LIV_01_ASEReadCounter.table","NW_015090842.1:10316759",28,64,36
"NIP7","s1647_F_LIV_01_ASEReadCounter.table","NW_015090842.1:10316967",195,343,148
"NIP7","s1647_F_LIV_01_ASEReadCounter.table","NW_015090842.1:10316995",225,383,158
"NIP7","s1647_F_LIV_01_ASEReadCounter.table","NW_015090842.1:10317240",268,481,213
"NIP7","s1647_F_LIV_01_ASEReadCounter.table","NW_015090842.1:10317247",272,471,199
"NIP7","s1647_F_LIV_01_ASEReadCounter.table","NW_015090842.1:10317264",270,467,197
"NIP7","s1647_F_LIV_01_ASEReadCounter.table","NW_015090842.1:10317433",311,599,288
"NIP7","s1647_F_LIV_01_ASEReadCounter.table","NW_015090842.1:10317738",250,474,224
"NIP7","s1647_F_LIV_01_ASEReadCounter.table","NW_015090842.1:10317769",275,486,211
"NIP7","s1647_F_LIV_01_ASEReadCounter.table","NW_015090842.1:10317808",175,326,151
"NIP7","s1647_F_LIV_01_ASEReadCounter.table","NW_015090842.1:10317870",110,213,103
"NIP7","s1647_F_LIV_01_ASEReadCounter.table","NW_015090842.1:10317871",110,207,97
"NIP7","s1647_F_LIV_01_ASEReadCounter.table","NW_015090842.1:10317898",80,144,64
"NIP7","s1647_F_LIV_01_ASEReadCounter.table","NW_015090842.1:10317911",73,125,52
"TERF2","s1647_F_LIV_01_ASEReadCounter.table","NW_015090842.1:10321665",4,4,0
"TERF2","s1647_F_LIV_01_ASEReadCounter.table","NW_015090842.1:10321768",14,32,18
"TERF2","s1647_F_LIV_01_ASEReadCounter.table","NW_015090842.1:10321777",13,31,18
"TERF2","s1647_F_LIV_01_ASEReadCounter.table","NW_015090842.1:10321805",13,37,24
"TERF2","s1647_F_LIV_01_ASEReadCounter.table","NW_015090842.1:10321878",19,35,16
"TERF2","s1647_F_LIV_01_ASEReadCounter.table","NW_015090842.1:10321893",20,35,15
"TERF2","s1647_F_LIV_01_ASEReadCounter.table","NW_015090842.1:10321897",18,31,13
"TERF2","s1647_F_LIV_01_ASEReadCounter.table","NW_015090842.1:10321908",18,28,10
"TERF2","s1647_F_LIV_01_ASEReadCounter.table","NW_015090842.1:10322001",20,36,16
"TERF2","s1647_F_LIV_01_ASEReadCounter.table","NW_015090842.1:10322035",15,29,14
"TERF2","s1647_F_LIV_01_ASEReadCounter.table","NW_015090842.1:10322051",15,36,21
"TERF2","s1647_F_LIV_01_ASEReadCounter.table","NW_015090842.1:10322137",14,32,18
"TERF2","s1647_F_LIV_01_ASEReadCounter.table","NW_015090842.1:10322144",15,29,14
"TERF2","s1647_F_LIV_01_ASEReadCounter.table","NW_015090842.1:10322388",9,33,24
"TERF2","s1647_F_LIV_01_ASEReadCounter.table","NW_015090842.1:10322396",11,33,22
"TERF2","s1647_F_LIV_01_ASEReadCounter.table","NW_015090842.1:10322502",17,45,28
"TERF2","s1647_F_LIV_01_ASEReadCounter.table","NW_015090842.1:10322504",17,46,29
"TERF2","s1647_F_LIV_01_ASEReadCounter.table","NW_015090842.1:10322510",17,44,27
"TERF2","s1647_F_LIV_01_ASEReadCounter.table","NW_015090842.1:10323580",18,38,20
"TERF2","s1647_F_LIV_01_ASEReadCounter.table","NW_015090842.1:10324314",15,32,17
"TERF2","s1647_F_LIV_01_ASEReadCounter.table","NW_015090842.1:10326832",9,27,18
"TERF2","s1647_F_LIV_01_ASEReadCounter.table","NW_015090842.1:10327787",5,16,11
"TERF2","s1647_F_LIV_01_ASEReadCounter.table","NW_015090842.1:10328588",13,26,13
"TERF2","s1647_F_LIV_01_ASEReadCounter.table","NW_015090842.1:10328644",8,17,9
"TERF2","s1647_F_LIV_01_ASEReadCounter.table","NW_015090842.1:10329813",4,13,9
"TERF2","s1647_F_LIV_01_ASEReadCounter.table","NW_015090842.1:10330749",8,22,14
"TERF2","s1647_F_LIV_01_ASEReadCounter.table","NW_015090842.1:10330789",10,25,15
"CYB5B","s1647_F_LIV_01_ASEReadCounter.table","NW_015090842.1:10336595",2,15,13
"CYB5B","s1647_F_LIV_01_ASEReadCounter.table","NW_015090842.1:10336667",64,133,69
"CYB5B","s1647_F_LIV_01_ASEReadCounter.table","NW_015090842.1:10336689",86,208,122
"CYB5B","s1647_F_LIV_01_ASEReadCounter.table","NW_015090842.1:10336728",127,305,178
"CYB5B","s1647_F_LIV_01_ASEReadCounter.table","NW_015090842.1:10345068",126,291,165
"CYB5B","s1647_F_LIV_01_ASEReadCounter.table","NW_015090842.1:10348800",183,387,204
"CYB5B","s1647_F_LIV_01_ASEReadCounter.table","NW_015090842.1:10348888",141,335,194
"CYB5B","s1647_F_LIV_01_ASEReadCounter.table","NW_015090842.1:10349046",135,322,187
"CYB5B","s1647_F_LIV_01_ASEReadCounter.table","NW_015090842.1:10349119",83,278,195
"CYB5B","s1647_F_LIV_01_ASEReadCounter.table","NW_015090842.1:10349146",37,246,209
"CYB5B","s1647_F_LIV_01_ASEReadCounter.table","NW_015090842.1:10349157",61,275,214
