"gene","id","snp","ref_count","total_count","alt_count"
"CENPN","s1650_F_NC_02_ASEReadCounter.table","NW_015090842.1:5801655",0,1,1
"CENPN","s1650_F_NC_02_ASEReadCounter.table","NW_015090842.1:5801662",0,1,1
"CENPN","s1650_F_NC_02_ASEReadCounter.table","NW_015090842.1:5801670",0,1,1
"CENPN","s1650_F_NC_02_ASEReadCounter.table","NW_015090842.1:5801674",0,1,1
"CENPN","s1650_F_NC_02_ASEReadCounter.table","NW_015090842.1:5801692",0,1,1
"CENPN","s1650_F_NC_02_ASEReadCounter.table","NW_015090842.1:5801697",0,1,1
"CENPN","s1650_F_NC_02_ASEReadCounter.table","NW_015090842.1:5802008",0,1,1
"CENPN","s1650_F_NC_02_ASEReadCounter.table","NW_015090842.1:5802012",0,1,1
"CENPN","s1650_F_NC_02_ASEReadCounter.table","NW_015090842.1:5802087",0,3,3
"CENPN","s1650_F_NC_02_ASEReadCounter.table","NW_015090842.1:5810113",11,11,0
"CENPN","s1650_F_NC_02_ASEReadCounter.table","NW_015090842.1:5810147",9,9,0
"CENPN","s1650_F_NC_02_ASEReadCounter.table","NW_015090842.1:5810148",9,9,0
"ATMIN","s1650_F_NC_02_ASEReadCounter.table","NW_015090842.1:5818789",2,3,1
"ATMIN","s1650_F_NC_02_ASEReadCounter.table","NW_015090842.1:5819958",1,1,0
"ATMIN","s1650_F_NC_02_ASEReadCounter.table","NW_015090842.1:5820004",1,2,1
"ATMIN","s1650_F_NC_02_ASEReadCounter.table","NW_015090842.1:5820217",0,3,3
"ATMIN","s1650_F_NC_02_ASEReadCounter.table","NW_015090842.1:5820250",0,2,2
"ATMIN","s1650_F_NC_02_ASEReadCounter.table","NW_015090842.1:5820417",1,4,3
"ATMIN","s1650_F_NC_02_ASEReadCounter.table","NW_015090842.1:5820421",1,4,3
"ATMIN","s1650_F_NC_02_ASEReadCounter.table","NW_015090842.1:5820448",1,3,2
"ATMIN","s1650_F_NC_02_ASEReadCounter.table","NW_015090842.1:5820457",1,4,3
"ATMIN","s1650_F_NC_02_ASEReadCounter.table","NW_015090842.1:5820510",1,4,3
"ATMIN","s1650_F_NC_02_ASEReadCounter.table","NW_015090842.1:5820673",0,1,1
"ATMIN","s1650_F_NC_02_ASEReadCounter.table","NW_015090842.1:5820820",0,2,2
"ATMIN","s1650_F_NC_02_ASEReadCounter.table","NW_015090842.1:5820865",2,5,3
"ATMIN","s1650_F_NC_02_ASEReadCounter.table","NW_015090842.1:5820889",2,5,3
"ATMIN","s1650_F_NC_02_ASEReadCounter.table","NW_015090842.1:5820891",2,5,3
"ATMIN","s1650_F_NC_02_ASEReadCounter.table","NW_015090842.1:5820997",4,7,3
"ATMIN","s1650_F_NC_02_ASEReadCounter.table","NW_015090842.1:5821063",4,7,3
"ATMIN","s1650_F_NC_02_ASEReadCounter.table","NW_015090842.1:5821132",4,6,2
"ATMIN","s1650_F_NC_02_ASEReadCounter.table","NW_015090842.1:5821645",3,7,4
"ATMIN","s1650_F_NC_02_ASEReadCounter.table","NW_015090842.1:5825066",10,13,3
"ATMIN","s1650_F_NC_02_ASEReadCounter.table","NW_015090842.1:5825106",11,20,9
"ATMIN","s1650_F_NC_02_ASEReadCounter.table","NW_015090842.1:5825122",10,19,9
"ATMIN","s1650_F_NC_02_ASEReadCounter.table","NW_015090842.1:5825178",10,19,9
"ATMIN","s1650_F_NC_02_ASEReadCounter.table","NW_015090842.1:5825194",9,15,6
"ATMIN","s1650_F_NC_02_ASEReadCounter.table","NW_015090842.1:5825195",9,15,6
"ATMIN","s1650_F_NC_02_ASEReadCounter.table","NW_015090842.1:5825220",4,8,4
"ATMIN","s1650_F_NC_02_ASEReadCounter.table","NW_015090842.1:5825240",8,15,7
"ATMIN","s1650_F_NC_02_ASEReadCounter.table","NW_015090842.1:5825303",13,26,13
"ATMIN","s1650_F_NC_02_ASEReadCounter.table","NW_015090842.1:5825304",13,27,14
"ATMIN","s1650_F_NC_02_ASEReadCounter.table","NW_015090842.1:5825310",13,27,14
"ATMIN","s1650_F_NC_02_ASEReadCounter.table","NW_015090842.1:5825406",10,16,6
"ATMIN","s1650_F_NC_02_ASEReadCounter.table","NW_015090842.1:5825415",11,17,6
"ATMIN","s1650_F_NC_02_ASEReadCounter.table","NW_015090842.1:5825438",11,17,6
"ATMIN","s1650_F_NC_02_ASEReadCounter.table","NW_015090842.1:5825485",12,18,6
"ATMIN","s1650_F_NC_02_ASEReadCounter.table","NW_015090842.1:5825524",14,24,10
"ATMIN","s1650_F_NC_02_ASEReadCounter.table","NW_015090842.1:5825557",15,29,14
"ATMIN","s1650_F_NC_02_ASEReadCounter.table","NW_015090842.1:5825571",13,26,13
"ATMIN","s1650_F_NC_02_ASEReadCounter.table","NW_015090842.1:5825579",12,27,15
"ATMIN","s1650_F_NC_02_ASEReadCounter.table","NW_015090842.1:5825590",12,26,14
"ATMIN","s1650_F_NC_02_ASEReadCounter.table","NW_015090842.1:5825689",16,22,6
"ATMIN","s1650_F_NC_02_ASEReadCounter.table","NW_015090842.1:5825703",19,25,6
"ATMIN","s1650_F_NC_02_ASEReadCounter.table","NW_015090842.1:5825787",14,29,15
"ATMIN","s1650_F_NC_02_ASEReadCounter.table","NW_015090842.1:5825833",16,30,14
"ATMIN","s1650_F_NC_02_ASEReadCounter.table","NW_015090842.1:5825841",12,27,15
"ATMIN","s1650_F_NC_02_ASEReadCounter.table","NW_015090842.1:5825895",15,35,20
"ATMIN","s1650_F_NC_02_ASEReadCounter.table","NW_015090842.1:5825984",15,36,21
"ATMIN","s1650_F_NC_02_ASEReadCounter.table","NW_015090842.1:5826162",22,43,21
"ATMIN","s1650_F_NC_02_ASEReadCounter.table","NW_015090842.1:5826194",32,57,25
"ATMIN","s1650_F_NC_02_ASEReadCounter.table","NW_015090842.1:5826235",35,59,24
"ATMIN","s1650_F_NC_02_ASEReadCounter.table","NW_015090842.1:5826245",35,58,23
"ATMIN","s1650_F_NC_02_ASEReadCounter.table","NW_015090842.1:5826335",13,28,15
"ATMIN","s1650_F_NC_02_ASEReadCounter.table","NW_015090842.1:5826417",33,57,24
"ATMIN","s1650_F_NC_02_ASEReadCounter.table","NW_015090842.1:5826431",28,62,34
"ATMIN","s1650_F_NC_02_ASEReadCounter.table","NW_015090842.1:5826438",27,51,24
"ATMIN","s1650_F_NC_02_ASEReadCounter.table","NW_015090842.1:5826463",39,74,35
"ATMIN","s1650_F_NC_02_ASEReadCounter.table","NW_015090842.1:5826502",38,76,38
"ATMIN","s1650_F_NC_02_ASEReadCounter.table","NW_015090842.1:5826511",37,76,39
"ATMIN","s1650_F_NC_02_ASEReadCounter.table","NW_015090842.1:5826659",36,64,28
"ATMIN","s1650_F_NC_02_ASEReadCounter.table","NW_015090842.1:5826701",40,78,38
"ATMIN","s1650_F_NC_02_ASEReadCounter.table","NW_015090842.1:5826702",39,76,37
"ATMIN","s1650_F_NC_02_ASEReadCounter.table","NW_015090842.1:5826732",48,93,45
"ATMIN","s1650_F_NC_02_ASEReadCounter.table","NW_015090842.1:5826745",43,89,46
"ATMIN","s1650_F_NC_02_ASEReadCounter.table","NW_015090842.1:5826835",46,105,59
"ATMIN","s1650_F_NC_02_ASEReadCounter.table","NW_015090842.1:5826942",42,114,72
"ATMIN","s1650_F_NC_02_ASEReadCounter.table","NW_015090842.1:5827193",74,175,101
"ATMIN","s1650_F_NC_02_ASEReadCounter.table","NW_015090842.1:5827196",72,175,103
"ATMIN","s1650_F_NC_02_ASEReadCounter.table","NW_015090842.1:5827269",64,155,91
"ATMIN","s1650_F_NC_02_ASEReadCounter.table","NW_015090842.1:5827315",54,127,73
"ATMIN","s1650_F_NC_02_ASEReadCounter.table","NW_015090842.1:5827316",54,129,75
"ATMIN","s1650_F_NC_02_ASEReadCounter.table","NW_015090842.1:5827333",58,134,76
"PPP1R3E","s1650_F_NC_02_ASEReadCounter.table","NW_015090842.1:5837733",1,3,2
"PPP1R3E","s1650_F_NC_02_ASEReadCounter.table","NW_015090842.1:5837947",3,3,0
"PKD1L2","s1650_F_NC_02_ASEReadCounter.table","NW_015090842.1:5867788",2,2,0
"PKD1L2","s1650_F_NC_02_ASEReadCounter.table","NW_015090842.1:5867843",1,1,0
"BCO1","s1650_F_NC_02_ASEReadCounter.table","NW_015090842.1:5915610",1,1,0
"BCO1","s1650_F_NC_02_ASEReadCounter.table","NW_015090842.1:5921679",1,1,0
"BCO1","s1650_F_NC_02_ASEReadCounter.table","NW_015090842.1:5921726",2,2,0
"BCO1","s1650_F_NC_02_ASEReadCounter.table","NW_015090842.1:5926937",1,3,2
"BCO1","s1650_F_NC_02_ASEReadCounter.table","NW_015090842.1:5927921",0,1,1
"BCO1","s1650_F_NC_02_ASEReadCounter.table","NW_015090842.1:5927948",0,1,1
"BCO1","s1650_F_NC_02_ASEReadCounter.table","NW_015090842.1:5927968",1,2,1
"BCO1","s1650_F_NC_02_ASEReadCounter.table","NW_015090842.1:5928052",1,1,0
"BCO1","s1650_F_NC_02_ASEReadCounter.table","NW_015090842.1:5932726",2,3,1
"BCO1","s1650_F_NC_02_ASEReadCounter.table","NW_015090842.1:5932801",1,1,0
"BCO1","s1650_F_NC_02_ASEReadCounter.table","NW_015090842.1:5934558",1,3,2
"BCO1","s1650_F_NC_02_ASEReadCounter.table","NW_015090842.1:5934575",4,6,2
"BCO1","s1650_F_NC_02_ASEReadCounter.table","NW_015090842.1:5934608",5,7,2
"BCO1","s1650_F_NC_02_ASEReadCounter.table","NW_015090842.1:5934647",6,7,1
"BCO1","s1650_F_NC_02_ASEReadCounter.table","NW_015090842.1:5934725",6,7,1
"BCO1","s1650_F_NC_02_ASEReadCounter.table","NW_015090842.1:5934726",6,6,0
"BCO1","s1650_F_NC_02_ASEReadCounter.table","NW_015090842.1:5934733",5,6,1
"BCO1","s1650_F_NC_02_ASEReadCounter.table","NW_015090842.1:5934821",2,3,1
"BCO1","s1650_F_NC_02_ASEReadCounter.table","NW_015090842.1:5934826",2,3,1
"BCO1","s1650_F_NC_02_ASEReadCounter.table","NW_015090842.1:5934844",2,3,1
"BCO1","s1650_F_NC_02_ASEReadCounter.table","NW_015090842.1:5934958",4,6,2
"BCO1","s1650_F_NC_02_ASEReadCounter.table","NW_015090842.1:5934976",4,6,2
"GAN","s1650_F_NC_02_ASEReadCounter.table","NW_015090842.1:5939249",0,1,1
"GAN","s1650_F_NC_02_ASEReadCounter.table","NW_015090842.1:5953759",2,8,6
"GAN","s1650_F_NC_02_ASEReadCounter.table","NW_015090842.1:5957502",9,19,10
"GAN","s1650_F_NC_02_ASEReadCounter.table","NW_015090842.1:5957578",8,19,11
"GAN","s1650_F_NC_02_ASEReadCounter.table","NW_015090842.1:5966047",21,46,25
"GAN","s1650_F_NC_02_ASEReadCounter.table","NW_015090842.1:5966126",13,46,33
"GAN","s1650_F_NC_02_ASEReadCounter.table","NW_015090842.1:5966127",13,53,40
"GAN","s1650_F_NC_02_ASEReadCounter.table","NW_015090842.1:5966162",25,70,45
"GAN","s1650_F_NC_02_ASEReadCounter.table","NW_015090842.1:5966483",61,141,80
"CMIP","s1650_F_NC_02_ASEReadCounter.table","NW_015090842.1:6109159",9,12,3
"CMIP","s1650_F_NC_02_ASEReadCounter.table","NW_015090842.1:6109166",7,11,4
"CMIP","s1650_F_NC_02_ASEReadCounter.table","NW_015090842.1:6114641",11,20,9
"CMIP","s1650_F_NC_02_ASEReadCounter.table","NW_015090842.1:6114751",6,12,6
"CMIP","s1650_F_NC_02_ASEReadCounter.table","NW_015090842.1:6114824",5,12,7
"CMIP","s1650_F_NC_02_ASEReadCounter.table","NW_015090842.1:6126295",24,24,0
"CMIP","s1650_F_NC_02_ASEReadCounter.table","NW_015090842.1:6128998",13,35,22
"CMIP","s1650_F_NC_02_ASEReadCounter.table","NW_015090842.1:6130562",31,59,28
"CMIP","s1650_F_NC_02_ASEReadCounter.table","NW_015090842.1:6132522",26,69,43
"CMIP","s1650_F_NC_02_ASEReadCounter.table","NW_015090842.1:6138265",93,240,147
"CMIP","s1650_F_NC_02_ASEReadCounter.table","NW_015090842.1:6138300",104,260,156
"CMIP","s1650_F_NC_02_ASEReadCounter.table","NW_015090842.1:6138342",83,223,140
"CMIP","s1650_F_NC_02_ASEReadCounter.table","NW_015090842.1:6138343",83,224,141
"CMIP","s1650_F_NC_02_ASEReadCounter.table","NW_015090842.1:6138345",83,224,141
"CMIP","s1650_F_NC_02_ASEReadCounter.table","NW_015090842.1:6138647",45,123,78
"CMIP","s1650_F_NC_02_ASEReadCounter.table","NW_015090842.1:6138745",53,115,62
"CMIP","s1650_F_NC_02_ASEReadCounter.table","NW_015090842.1:6138832",9,41,32
"CMIP","s1650_F_NC_02_ASEReadCounter.table","NW_015090842.1:6138967",59,114,55
"CMIP","s1650_F_NC_02_ASEReadCounter.table","NW_015090842.1:6139131",30,63,33
"CMIP","s1650_F_NC_02_ASEReadCounter.table","NW_015090842.1:6139163",10,40,30
"CMIP","s1650_F_NC_02_ASEReadCounter.table","NW_015090842.1:6139212",110,110,0
"CMIP","s1650_F_NC_02_ASEReadCounter.table","NW_015090842.1:6139360",34,66,32
"CMIP","s1650_F_NC_02_ASEReadCounter.table","NW_015090842.1:6139572",21,35,14
"PLCG2","s1650_F_NC_02_ASEReadCounter.table","NW_015090842.1:6179613",3,4,1
"PLCG2","s1650_F_NC_02_ASEReadCounter.table","NW_015090842.1:6179658",8,8,0
"PLCG2","s1650_F_NC_02_ASEReadCounter.table","NW_015090842.1:6209798",1,1,0
"PLCG2","s1650_F_NC_02_ASEReadCounter.table","NW_015090842.1:6209816",2,2,0
"PLCG2","s1650_F_NC_02_ASEReadCounter.table","NW_015090842.1:6217547",0,1,1
"PLCG2","s1650_F_NC_02_ASEReadCounter.table","NW_015090842.1:6218641",2,2,0
"PLCG2","s1650_F_NC_02_ASEReadCounter.table","NW_015090842.1:6220552",0,3,3
"PLCG2","s1650_F_NC_02_ASEReadCounter.table","NW_015090842.1:6221969",1,1,0
"PLCG2","s1650_F_NC_02_ASEReadCounter.table","NW_015090842.1:6228672",0,2,2
"PLCG2","s1650_F_NC_02_ASEReadCounter.table","NW_015090842.1:6228694",0,2,2
"PLCG2","s1650_F_NC_02_ASEReadCounter.table","NW_015090842.1:6228722",0,2,2
"PLCG2","s1650_F_NC_02_ASEReadCounter.table","NW_015090842.1:6228747",0,2,2
"PLCG2","s1650_F_NC_02_ASEReadCounter.table","NW_015090842.1:6228835",0,2,2
"PLCG2","s1650_F_NC_02_ASEReadCounter.table","NW_015090842.1:6228841",0,2,2
"PLCG2","s1650_F_NC_02_ASEReadCounter.table","NW_015090842.1:6228865",1,3,2
"PLCG2","s1650_F_NC_02_ASEReadCounter.table","NW_015090842.1:6228917",1,1,0
"PLCG2","s1650_F_NC_02_ASEReadCounter.table","NW_015090842.1:6228926",1,1,0
"PLCG2","s1650_F_NC_02_ASEReadCounter.table","NW_015090842.1:6229002",1,1,0
"PLCG2","s1650_F_NC_02_ASEReadCounter.table","NW_015090842.1:6229006",1,1,0
"PLCG2","s1650_F_NC_02_ASEReadCounter.table","NW_015090842.1:6229081",1,1,0
"PLCG2","s1650_F_NC_02_ASEReadCounter.table","NW_015090842.1:6229231",0,1,1
"PLCG2","s1650_F_NC_02_ASEReadCounter.table","NW_015090842.1:6229663",2,2,0
"PLCG2","s1650_F_NC_02_ASEReadCounter.table","NW_015090842.1:6229748",1,2,1
"PLCG2","s1650_F_NC_02_ASEReadCounter.table","NW_015090842.1:6229892",1,1,0
"PLCG2","s1650_F_NC_02_ASEReadCounter.table","NW_015090842.1:6230349",0,1,1
"PLCG2","s1650_F_NC_02_ASEReadCounter.table","NW_015090842.1:6230408",0,1,1
"PLCG2","s1650_F_NC_02_ASEReadCounter.table","NW_015090842.1:6230757",1,1,0
"PLCG2","s1650_F_NC_02_ASEReadCounter.table","NW_015090842.1:6230758",1,1,0
"PLCG2","s1650_F_NC_02_ASEReadCounter.table","NW_015090842.1:6230898",3,3,0
"PLCG2","s1650_F_NC_02_ASEReadCounter.table","NW_015090842.1:6230976",5,5,0
"PLCG2","s1650_F_NC_02_ASEReadCounter.table","NW_015090842.1:6231078",2,2,0
"PLCG2","s1650_F_NC_02_ASEReadCounter.table","NW_015090842.1:6231177",1,1,0
"PLCG2","s1650_F_NC_02_ASEReadCounter.table","NW_015090842.1:6231263",2,2,0
"SDR42E1","s1650_F_NC_02_ASEReadCounter.table","NW_015090842.1:6235292",1,1,0
"SDR42E1","s1650_F_NC_02_ASEReadCounter.table","NW_015090842.1:6235315",1,1,0
"SDR42E1","s1650_F_NC_02_ASEReadCounter.table","NW_015090842.1:6235348",0,2,2
"SDR42E1","s1650_F_NC_02_ASEReadCounter.table","NW_015090842.1:6235355",0,2,2
"SDR42E1","s1650_F_NC_02_ASEReadCounter.table","NW_015090842.1:6235417",1,4,3
"SDR42E1","s1650_F_NC_02_ASEReadCounter.table","NW_015090842.1:6235558",1,5,4
"SDR42E1","s1650_F_NC_02_ASEReadCounter.table","NW_015090842.1:6235741",1,4,3
"SDR42E1","s1650_F_NC_02_ASEReadCounter.table","NW_015090842.1:6235777",1,1,0
"SDR42E1","s1650_F_NC_02_ASEReadCounter.table","NW_015090842.1:6235806",2,2,0
"SDR42E1","s1650_F_NC_02_ASEReadCounter.table","NW_015090842.1:6235809",2,2,0
"SDR42E1","s1650_F_NC_02_ASEReadCounter.table","NW_015090842.1:6235816",2,2,0
"SDR42E1","s1650_F_NC_02_ASEReadCounter.table","NW_015090842.1:6236260",0,1,1
"SDR42E1","s1650_F_NC_02_ASEReadCounter.table","NW_015090842.1:6236281",1,2,1
"SDR42E1","s1650_F_NC_02_ASEReadCounter.table","NW_015090842.1:6236305",1,4,3
"SDR42E1","s1650_F_NC_02_ASEReadCounter.table","NW_015090842.1:6236458",0,2,2
"SDR42E1","s1650_F_NC_02_ASEReadCounter.table","NW_015090842.1:6236476",0,3,3
"SDR42E1","s1650_F_NC_02_ASEReadCounter.table","NW_015090842.1:6236608",0,1,1
"SDR42E1","s1650_F_NC_02_ASEReadCounter.table","NW_015090842.1:6238244",1,2,1
"SDR42E1","s1650_F_NC_02_ASEReadCounter.table","NW_015090842.1:6238829",0,2,2
"HSD17B2","s1650_F_NC_02_ASEReadCounter.table","NW_015090842.1:6262951",0,2,2
"HSD17B2","s1650_F_NC_02_ASEReadCounter.table","NW_015090842.1:6262974",0,1,1
"HSD17B2","s1650_F_NC_02_ASEReadCounter.table","NW_015090842.1:6266125",0,3,3
"HSD17B2","s1650_F_NC_02_ASEReadCounter.table","NW_015090842.1:6266135",0,2,2
"HSD17B2","s1650_F_NC_02_ASEReadCounter.table","NW_015090842.1:6266795",0,2,2
"HSD17B2","s1650_F_NC_02_ASEReadCounter.table","NW_015090842.1:6266944",0,2,2
"HSD17B2","s1650_F_NC_02_ASEReadCounter.table","NW_015090842.1:6267053",1,3,2
"HSD17B2","s1650_F_NC_02_ASEReadCounter.table","NW_015090842.1:6267196",0,3,3
"HSD17B2","s1650_F_NC_02_ASEReadCounter.table","NW_015090842.1:6267273",0,5,5
"HSD17B2","s1650_F_NC_02_ASEReadCounter.table","NW_015090842.1:6267674",1,5,4
"HSD17B2","s1650_F_NC_02_ASEReadCounter.table","NW_015090842.1:6267913",2,5,3
"HSD17B2","s1650_F_NC_02_ASEReadCounter.table","NW_015090842.1:6268098",1,2,1
"HSD17B2","s1650_F_NC_02_ASEReadCounter.table","NW_015090842.1:6268203",1,1,0
"ARY2","s1650_F_NC_02_ASEReadCounter.table","NW_015090842.1:6303922",3,5,2
"ARY2","s1650_F_NC_02_ASEReadCounter.table","NW_015090842.1:6303954",4,8,4
"ARY2","s1650_F_NC_02_ASEReadCounter.table","NW_015090842.1:6303979",4,8,4
"ARY2","s1650_F_NC_02_ASEReadCounter.table","NW_015090842.1:6305848",2,4,2
"ARY2","s1650_F_NC_02_ASEReadCounter.table","NW_015090842.1:6305856",2,4,2
"ARY2","s1650_F_NC_02_ASEReadCounter.table","NW_015090842.1:6305857",2,4,2
"ARY2","s1650_F_NC_02_ASEReadCounter.table","NW_015090842.1:6306017",1,2,1
"ARY2","s1650_F_NC_02_ASEReadCounter.table","NW_015090842.1:6306052",2,4,2
"ARY2","s1650_F_NC_02_ASEReadCounter.table","NW_015090842.1:6306094",4,6,2
"ARY2","s1650_F_NC_02_ASEReadCounter.table","NW_015090842.1:6306100",6,8,2
"ARY2","s1650_F_NC_02_ASEReadCounter.table","NW_015090842.1:6306146",6,8,2
"ARY2","s1650_F_NC_02_ASEReadCounter.table","NW_015090842.1:6306147",6,8,2
"ARY2","s1650_F_NC_02_ASEReadCounter.table","NW_015090842.1:6306390",1,3,2
"ARY2","s1650_F_NC_02_ASEReadCounter.table","NW_015090842.1:6306567",2,4,2
"ARY2","s1650_F_NC_02_ASEReadCounter.table","NW_015090842.1:6306705",2,3,1
"ARY2","s1650_F_NC_02_ASEReadCounter.table","NW_015090842.1:6306773",1,1,0
"ARY2","s1650_F_NC_02_ASEReadCounter.table","NW_015090842.1:6307039",4,6,2
"ARY2","s1650_F_NC_02_ASEReadCounter.table","NW_015090842.1:6307043",4,6,2
"ARY2","s1650_F_NC_02_ASEReadCounter.table","NW_015090842.1:6307093",7,9,2
"ARY2","s1650_F_NC_02_ASEReadCounter.table","NW_015090842.1:6307138",4,7,3
"ARY2","s1650_F_NC_02_ASEReadCounter.table","NW_015090842.1:6307157",5,7,2
"ARY2","s1650_F_NC_02_ASEReadCounter.table","NW_015090842.1:6307187",6,9,3
"ARY2","s1650_F_NC_02_ASEReadCounter.table","NW_015090842.1:6307204",5,7,2
"ARY2","s1650_F_NC_02_ASEReadCounter.table","NW_015090842.1:6307278",5,6,1
"ARY2","s1650_F_NC_02_ASEReadCounter.table","NW_015090842.1:6307305",6,6,0
"ARY2","s1650_F_NC_02_ASEReadCounter.table","NW_015090842.1:6307318",5,5,0
"ARY2","s1650_F_NC_02_ASEReadCounter.table","NW_015090842.1:6307429",4,7,3
"ARY2","s1650_F_NC_02_ASEReadCounter.table","NW_015090842.1:6307487",7,10,3
"ARY2","s1650_F_NC_02_ASEReadCounter.table","NW_015090842.1:6307670",6,8,2
"ARYL","s1650_F_NC_02_ASEReadCounter.table","NW_015090842.1:6313377",1,1,0
"ARYL","s1650_F_NC_02_ASEReadCounter.table","NW_015090842.1:6313767",0,1,1
"ARY1","s1650_F_NC_02_ASEReadCounter.table","NW_015090842.1:6314296",1,4,3
"ARY1","s1650_F_NC_02_ASEReadCounter.table","NW_015090842.1:6314541",1,1,0
"ARY1","s1650_F_NC_02_ASEReadCounter.table","NW_015090842.1:6314597",1,1,0
"ARY1","s1650_F_NC_02_ASEReadCounter.table","NW_015090842.1:6314750",3,4,1
"ARY1","s1650_F_NC_02_ASEReadCounter.table","NW_015090842.1:6314827",1,2,1
"ARY1","s1650_F_NC_02_ASEReadCounter.table","NW_015090842.1:6314859",1,2,1
"ARY1","s1650_F_NC_02_ASEReadCounter.table","NW_015090842.1:6314886",3,4,1
"ARY1","s1650_F_NC_02_ASEReadCounter.table","NW_015090842.1:6315022",1,4,3
"ARY1","s1650_F_NC_02_ASEReadCounter.table","NW_015090842.1:6315026",1,4,3
"ARY1","s1650_F_NC_02_ASEReadCounter.table","NW_015090842.1:6315043",0,1,1
"ARY1","s1650_F_NC_02_ASEReadCounter.table","NW_015090842.1:6315065",2,3,1
"ARY1","s1650_F_NC_02_ASEReadCounter.table","NW_015090842.1:6315409",5,8,3
"ARY1","s1650_F_NC_02_ASEReadCounter.table","NW_015090842.1:6315479",3,5,2
"ARY1","s1650_F_NC_02_ASEReadCounter.table","NW_015090842.1:6318342",5,11,6
"ARY1","s1650_F_NC_02_ASEReadCounter.table","NW_015090842.1:6318427",9,17,8
"ARY1","s1650_F_NC_02_ASEReadCounter.table","NW_015090842.1:6318603",7,12,5
"ARY1","s1650_F_NC_02_ASEReadCounter.table","NW_015090842.1:6318708",6,10,4
"ARY1","s1650_F_NC_02_ASEReadCounter.table","NW_015090842.1:6318858",5,9,4
"ARY1","s1650_F_NC_02_ASEReadCounter.table","NW_015090842.1:6318952",3,7,4
"MPHOSPH6","s1650_F_NC_02_ASEReadCounter.table","NW_015090842.1:6324063",58,109,51
"MPHOSPH6","s1650_F_NC_02_ASEReadCounter.table","NW_015090842.1:6324174",96,207,111
"MPHOSPH6","s1650_F_NC_02_ASEReadCounter.table","NW_015090842.1:6324270",97,224,127
"MPHOSPH6","s1650_F_NC_02_ASEReadCounter.table","NW_015090842.1:6324762",66,148,82
"MPHOSPH6","s1650_F_NC_02_ASEReadCounter.table","NW_015090842.1:6324780",64,143,79
"MPHOSPH6","s1650_F_NC_02_ASEReadCounter.table","NW_015090842.1:6324902",63,123,60
"MPHOSPH6","s1650_F_NC_02_ASEReadCounter.table","NW_015090842.1:6325066",54,124,70
"MPHOSPH6","s1650_F_NC_02_ASEReadCounter.table","NW_015090842.1:6325089",62,147,85
"MPHOSPH6","s1650_F_NC_02_ASEReadCounter.table","NW_015090842.1:6325877",58,105,47
"MPHOSPH6","s1650_F_NC_02_ASEReadCounter.table","NW_015090842.1:6326976",32,78,46
"CDH13","s1650_F_NC_02_ASEReadCounter.table","NW_015090842.1:6662283",0,2,2
"CDH13","s1650_F_NC_02_ASEReadCounter.table","NW_015090842.1:6693665",0,2,2
"CDH13","s1650_F_NC_02_ASEReadCounter.table","NW_015090842.1:6693697",2,4,2
"CDH13","s1650_F_NC_02_ASEReadCounter.table","NW_015090842.1:6693712",2,3,1
"CDH13","s1650_F_NC_02_ASEReadCounter.table","NW_015090842.1:6693723",2,2,0
"CDH13","s1650_F_NC_02_ASEReadCounter.table","NW_015090842.1:6693738",2,2,0
"CDH13","s1650_F_NC_02_ASEReadCounter.table","NW_015090842.1:6889713",1,3,2
"CDH13","s1650_F_NC_02_ASEReadCounter.table","NW_015090842.1:6955167",6,6,0
"MLYCD","s1650_F_NC_02_ASEReadCounter.table","NW_015090842.1:7150054",67,124,57
"MLYCD","s1650_F_NC_02_ASEReadCounter.table","NW_015090842.1:7150131",110,204,94
"MLYCD","s1650_F_NC_02_ASEReadCounter.table","NW_015090842.1:7150585",52,101,49
"MLYCD","s1650_F_NC_02_ASEReadCounter.table","NW_015090842.1:7150686",36,67,31
"MLYCD","s1650_F_NC_02_ASEReadCounter.table","NW_015090842.1:7150696",40,72,32
"MLYCD","s1650_F_NC_02_ASEReadCounter.table","NW_015090842.1:7150869",33,72,39
"MLYCD","s1650_F_NC_02_ASEReadCounter.table","NW_015090842.1:7151100",33,61,28
"MLYCD","s1650_F_NC_02_ASEReadCounter.table","NW_015090842.1:7151127",28,58,30
"MLYCD","s1650_F_NC_02_ASEReadCounter.table","NW_015090842.1:7157538",14,27,13
"MLYCD","s1650_F_NC_02_ASEReadCounter.table","NW_015090842.1:7167662",5,13,8
"MLYCD","s1650_F_NC_02_ASEReadCounter.table","NW_015090842.1:7167675",5,15,10
"MLYCD","s1650_F_NC_02_ASEReadCounter.table","NW_015090842.1:7167710",5,15,10
"MLYCD","s1650_F_NC_02_ASEReadCounter.table","NW_015090842.1:7167781",3,9,6
"MLYCD","s1650_F_NC_02_ASEReadCounter.table","NW_015090842.1:7167803",1,5,4
"MLYCD","s1650_F_NC_02_ASEReadCounter.table","NW_015090842.1:7167812",2,6,4
"MLYCD","s1650_F_NC_02_ASEReadCounter.table","NW_015090842.1:7167845",5,10,5
"MLYCD","s1650_F_NC_02_ASEReadCounter.table","NW_015090842.1:7167862",5,10,5
"MLYCD","s1650_F_NC_02_ASEReadCounter.table","NW_015090842.1:7167929",4,6,2
"MLYCD","s1650_F_NC_02_ASEReadCounter.table","NW_015090842.1:7167995",2,4,2
"MLYCD","s1650_F_NC_02_ASEReadCounter.table","NW_015090842.1:7168005",3,5,2
"MLYCD","s1650_F_NC_02_ASEReadCounter.table","NW_015090842.1:7168037",6,10,4
"HSBP1","s1650_F_NC_02_ASEReadCounter.table","NW_015090842.1:7245192",459,818,359
"HSBP1","s1650_F_NC_02_ASEReadCounter.table","NW_015090842.1:7245226",513,956,443
"HSBP1","s1650_F_NC_02_ASEReadCounter.table","NW_015090842.1:7245257",438,830,392
"HSBP1","s1650_F_NC_02_ASEReadCounter.table","NW_015090842.1:7245296",412,844,432
"HSBP1","s1650_F_NC_02_ASEReadCounter.table","NW_015090842.1:7245389",568,965,397
"HSBP1","s1650_F_NC_02_ASEReadCounter.table","NW_015090842.1:7245400",590,971,381
"HSBP1","s1650_F_NC_02_ASEReadCounter.table","NW_015090842.1:7245445",552,946,394
"HSBP1","s1650_F_NC_02_ASEReadCounter.table","NW_015090842.1:7245495",508,877,369
"HSBP1","s1650_F_NC_02_ASEReadCounter.table","NW_015090842.1:7245733",285,530,245
"HSBP1","s1650_F_NC_02_ASEReadCounter.table","NW_015090842.1:7245771",320,553,233
"HSBP1","s1650_F_NC_02_ASEReadCounter.table","NW_015090842.1:7245813",310,521,211
"HSBP1","s1650_F_NC_02_ASEReadCounter.table","NW_015090842.1:7245926",314,526,212
"HSBP1","s1650_F_NC_02_ASEReadCounter.table","NW_015090842.1:7245927",319,527,208
"HSBP1","s1650_F_NC_02_ASEReadCounter.table","NW_015090842.1:7245933",308,503,195
"HSBP1","s1650_F_NC_02_ASEReadCounter.table","NW_015090842.1:7246002",251,439,188
"HSBP1","s1650_F_NC_02_ASEReadCounter.table","NW_015090842.1:7246094",258,430,172
"HSBP1","s1650_F_NC_02_ASEReadCounter.table","NW_015090842.1:7246167",255,425,170
"HSBP1","s1650_F_NC_02_ASEReadCounter.table","NW_015090842.1:7246183",247,430,183
"HSBP1","s1650_F_NC_02_ASEReadCounter.table","NW_015090842.1:7247285",23,37,14
"HSBP1","s1650_F_NC_02_ASEReadCounter.table","NW_015090842.1:7247651",258,530,272
"HSBP1","s1650_F_NC_02_ASEReadCounter.table","NW_015090842.1:7247657",252,527,275
"HSBP1","s1650_F_NC_02_ASEReadCounter.table","NW_015090842.1:7248520",173,343,170
"HSBP1","s1650_F_NC_02_ASEReadCounter.table","NW_015090842.1:7248535",148,291,143
"KCNG4","s1650_F_NC_02_ASEReadCounter.table","NW_015090842.1:7282542",1,1,0
"KCNG4","s1650_F_NC_02_ASEReadCounter.table","NW_015090842.1:7282579",1,1,0
"KCNG4","s1650_F_NC_02_ASEReadCounter.table","NW_015090842.1:7282630",1,1,0
"KCNG4","s1650_F_NC_02_ASEReadCounter.table","NW_015090842.1:7283056",1,1,0
"KCNG4","s1650_F_NC_02_ASEReadCounter.table","NW_015090842.1:7283245",1,1,0
"KCNG4","s1650_F_NC_02_ASEReadCounter.table","NW_015090842.1:7301195",1,1,0
"KCNG4","s1650_F_NC_02_ASEReadCounter.table","NW_015090842.1:7301227",1,1,0
"WFDC1","s1650_F_NC_02_ASEReadCounter.table","NW_015090842.1:7366517",0,1,1
"WFDC1","s1650_F_NC_02_ASEReadCounter.table","NW_015090842.1:7373367",0,1,1
"WFDC1","s1650_F_NC_02_ASEReadCounter.table","NW_015090842.1:7375828",0,1,1
"WFDC1","s1650_F_NC_02_ASEReadCounter.table","NW_015090842.1:7378036",0,1,1
"WFDC1","s1650_F_NC_02_ASEReadCounter.table","NW_015090842.1:7379576",1,1,0
"WFDC1","s1650_F_NC_02_ASEReadCounter.table","NW_015090842.1:7379596",1,1,0
"WFDC1","s1650_F_NC_02_ASEReadCounter.table","NW_015090842.1:7379605",1,1,0
"WFDC1","s1650_F_NC_02_ASEReadCounter.table","NW_015090842.1:7379626",1,1,0
"WFDC1","s1650_F_NC_02_ASEReadCounter.table","NW_015090842.1:7379821",1,1,0
"WFDC1","s1650_F_NC_02_ASEReadCounter.table","NW_015090842.1:7379840",1,1,0
"WFDC1","s1650_F_NC_02_ASEReadCounter.table","NW_015090842.1:7380060",2,2,0
"WFDC1","s1650_F_NC_02_ASEReadCounter.table","NW_015090842.1:7380136",0,1,1
"WFDC1","s1650_F_NC_02_ASEReadCounter.table","NW_015090842.1:7380150",0,1,1
"WFDC1","s1650_F_NC_02_ASEReadCounter.table","NW_015090842.1:7380164",0,1,1
"WFDC1","s1650_F_NC_02_ASEReadCounter.table","NW_015090842.1:7380237",1,3,2
"WFDC1","s1650_F_NC_02_ASEReadCounter.table","NW_015090842.1:7380261",1,2,1
"WFDC1","s1650_F_NC_02_ASEReadCounter.table","NW_015090842.1:7380322",0,1,1
"WFDC1","s1650_F_NC_02_ASEReadCounter.table","NW_015090842.1:7380491",1,1,0
"WFDC1","s1650_F_NC_02_ASEReadCounter.table","NW_015090842.1:7380567",1,2,1
"WFDC1","s1650_F_NC_02_ASEReadCounter.table","NW_015090842.1:7380672",1,1,0
"WFDC1","s1650_F_NC_02_ASEReadCounter.table","NW_015090842.1:7380721",1,1,0
"WFDC1","s1650_F_NC_02_ASEReadCounter.table","NW_015090842.1:7380852",0,3,3
"WFDC1","s1650_F_NC_02_ASEReadCounter.table","NW_015090842.1:7380878",1,2,1
"WFDC1","s1650_F_NC_02_ASEReadCounter.table","NW_015090842.1:7381081",1,4,3
"WFDC1","s1650_F_NC_02_ASEReadCounter.table","NW_015090842.1:7381127",2,6,4
"WFDC1","s1650_F_NC_02_ASEReadCounter.table","NW_015090842.1:7381195",1,5,4
"WFDC1","s1650_F_NC_02_ASEReadCounter.table","NW_015090842.1:7381253",3,9,6
"WFDC1","s1650_F_NC_02_ASEReadCounter.table","NW_015090842.1:7381378",1,4,3
"WFDC1","s1650_F_NC_02_ASEReadCounter.table","NW_015090842.1:7381433",2,5,3
"WFDC1","s1650_F_NC_02_ASEReadCounter.table","NW_015090842.1:7381434",2,5,3
"WFDC1","s1650_F_NC_02_ASEReadCounter.table","NW_015090842.1:7381442",2,5,3
"WFDC1","s1650_F_NC_02_ASEReadCounter.table","NW_015090842.1:7381517",1,4,3
"WFDC1","s1650_F_NC_02_ASEReadCounter.table","NW_015090842.1:7381520",1,4,3
"WFDC1","s1650_F_NC_02_ASEReadCounter.table","NW_015090842.1:7381677",2,2,0
"WFDC1","s1650_F_NC_02_ASEReadCounter.table","NW_015090842.1:7381709",2,2,0
"ATP2C2","s1650_F_NC_02_ASEReadCounter.table","NW_015090842.1:7392613",0,1,1
"ATP2C2","s1650_F_NC_02_ASEReadCounter.table","NW_015090842.1:7395230",0,1,1
"ATP2C2","s1650_F_NC_02_ASEReadCounter.table","NW_015090842.1:7395366",0,1,1
"ATP2C2","s1650_F_NC_02_ASEReadCounter.table","NW_015090842.1:7396756",0,4,4
"ATP2C2","s1650_F_NC_02_ASEReadCounter.table","NW_015090842.1:7397049",0,5,5
"ATP2C2","s1650_F_NC_02_ASEReadCounter.table","NW_015090842.1:7398395",0,2,2
"ATP2C2","s1650_F_NC_02_ASEReadCounter.table","NW_015090842.1:7402554",0,2,2
"ATP2C2","s1650_F_NC_02_ASEReadCounter.table","NW_015090842.1:7402578",0,3,3
"ATP2C2","s1650_F_NC_02_ASEReadCounter.table","NW_015090842.1:7405621",0,3,3
"ATP2C2","s1650_F_NC_02_ASEReadCounter.table","NW_015090842.1:7413855",1,22,21
"ATP2C2","s1650_F_NC_02_ASEReadCounter.table","NW_015090842.1:7413869",0,21,21
"ATP2C2","s1650_F_NC_02_ASEReadCounter.table","NW_015090842.1:7413875",0,21,21
"TLDC1","s1650_F_NC_02_ASEReadCounter.table","NW_015090842.1:7421137",28,70,42
"TLDC1","s1650_F_NC_02_ASEReadCounter.table","NW_015090842.1:7421155",31,70,39
"TLDC1","s1650_F_NC_02_ASEReadCounter.table","NW_015090842.1:7421218",30,60,30
"TLDC1","s1650_F_NC_02_ASEReadCounter.table","NW_015090842.1:7421399",31,52,21
"TLDC1","s1650_F_NC_02_ASEReadCounter.table","NW_015090842.1:7421402",33,55,22
"TLDC1","s1650_F_NC_02_ASEReadCounter.table","NW_015090842.1:7421528",30,58,28
"TLDC1","s1650_F_NC_02_ASEReadCounter.table","NW_015090842.1:7421532",28,55,27
"TLDC1","s1650_F_NC_02_ASEReadCounter.table","NW_015090842.1:7421621",30,61,31
"TLDC1","s1650_F_NC_02_ASEReadCounter.table","NW_015090842.1:7421647",21,44,23
"TLDC1","s1650_F_NC_02_ASEReadCounter.table","NW_015090842.1:7421657",16,41,25
"TLDC1","s1650_F_NC_02_ASEReadCounter.table","NW_015090842.1:7421693",20,44,24
"TLDC1","s1650_F_NC_02_ASEReadCounter.table","NW_015090842.1:7421796",31,52,21
"TLDC1","s1650_F_NC_02_ASEReadCounter.table","NW_015090842.1:7421810",34,54,20
"TLDC1","s1650_F_NC_02_ASEReadCounter.table","NW_015090842.1:7421833",24,47,23
"TLDC1","s1650_F_NC_02_ASEReadCounter.table","NW_015090842.1:7421879",24,50,26
"TLDC1","s1650_F_NC_02_ASEReadCounter.table","NW_015090842.1:7421914",22,50,28
"TLDC1","s1650_F_NC_02_ASEReadCounter.table","NW_015090842.1:7421969",17,33,16
"TLDC1","s1650_F_NC_02_ASEReadCounter.table","NW_015090842.1:7422015",18,29,11
"TLDC1","s1650_F_NC_02_ASEReadCounter.table","NW_015090842.1:7422042",30,44,14
"TLDC1","s1650_F_NC_02_ASEReadCounter.table","NW_015090842.1:7422230",29,39,10
"TLDC1","s1650_F_NC_02_ASEReadCounter.table","NW_015090842.1:7423349",26,40,14
"TLDC1","s1650_F_NC_02_ASEReadCounter.table","NW_015090842.1:7423362",22,34,12
"TLDC1","s1650_F_NC_02_ASEReadCounter.table","NW_015090842.1:7426091",12,18,6
"TLDC1","s1650_F_NC_02_ASEReadCounter.table","NW_015090842.1:7426485",13,17,4
"TLDC1","s1650_F_NC_02_ASEReadCounter.table","NW_015090842.1:7427211",9,18,9
"TLDC1","s1650_F_NC_02_ASEReadCounter.table","NW_015090842.1:7428179",9,17,8
"COTL1","s1650_F_NC_02_ASEReadCounter.table","NW_015090842.1:7490744",328,822,494
"COTL1","s1650_F_NC_02_ASEReadCounter.table","NW_015090842.1:7491051",199,491,292
"COTL1","s1650_F_NC_02_ASEReadCounter.table","NW_015090842.1:7491124",185,418,233
"COTL1","s1650_F_NC_02_ASEReadCounter.table","NW_015090842.1:7491418",112,236,124
"COTL1","s1650_F_NC_02_ASEReadCounter.table","NW_015090842.1:7491539",72,170,98
"COTL1","s1650_F_NC_02_ASEReadCounter.table","NW_015090842.1:7491585",121,256,135
"COTL1","s1650_F_NC_02_ASEReadCounter.table","NW_015090842.1:7491586",118,265,147
"COTL1","s1650_F_NC_02_ASEReadCounter.table","NW_015090842.1:7491646",138,309,171
"COTL1","s1650_F_NC_02_ASEReadCounter.table","NW_015090842.1:7491747",112,259,147
"COTL1","s1650_F_NC_02_ASEReadCounter.table","NW_015090842.1:7491803",89,222,133
"COTL1","s1650_F_NC_02_ASEReadCounter.table","NW_015090842.1:7507551",0,1,1
"COTL1","s1650_F_NC_02_ASEReadCounter.table","NW_015090842.1:7507563",0,1,1
"COTL1","s1650_F_NC_02_ASEReadCounter.table","NW_015090842.1:7513196",1,2,1
"COTL1","s1650_F_NC_02_ASEReadCounter.table","NW_015090842.1:7513223",1,2,1
"COTL1","s1650_F_NC_02_ASEReadCounter.table","NW_015090842.1:7513239",1,2,1
"KLHL36","s1650_F_NC_02_ASEReadCounter.table","NW_015090842.1:7514700",28,40,12
"KLHL36","s1650_F_NC_02_ASEReadCounter.table","NW_015090842.1:7519691",0,2,2
"KLHL36","s1650_F_NC_02_ASEReadCounter.table","NW_015090842.1:7519696",0,2,2
"KLHL36","s1650_F_NC_02_ASEReadCounter.table","NW_015090842.1:7526160",23,39,16
"KLHL36","s1650_F_NC_02_ASEReadCounter.table","NW_015090842.1:7526469",10,26,16
"KLHL36","s1650_F_NC_02_ASEReadCounter.table","NW_015090842.1:7526587",12,28,16
"KLHL36","s1650_F_NC_02_ASEReadCounter.table","NW_015090842.1:7526997",14,25,11
"KLHL36","s1650_F_NC_02_ASEReadCounter.table","NW_015090842.1:7527142",12,26,14
"KLHL36","s1650_F_NC_02_ASEReadCounter.table","NW_015090842.1:7535174",22,54,32
"KLHL36","s1650_F_NC_02_ASEReadCounter.table","NW_015090842.1:7535384",24,35,11
"KLHL36","s1650_F_NC_02_ASEReadCounter.table","NW_015090842.1:7535420",29,45,16
"KLHL36","s1650_F_NC_02_ASEReadCounter.table","NW_015090842.1:7535545",11,24,13
"KLHL36","s1650_F_NC_02_ASEReadCounter.table","NW_015090842.1:7535829",19,41,22
"KLHL36","s1650_F_NC_02_ASEReadCounter.table","NW_015090842.1:7535977",25,41,16
"KLHL36","s1650_F_NC_02_ASEReadCounter.table","NW_015090842.1:7536010",26,44,18
"KLHL36","s1650_F_NC_02_ASEReadCounter.table","NW_015090842.1:7536051",25,53,28
"KLHL36","s1650_F_NC_02_ASEReadCounter.table","NW_015090842.1:7536096",26,53,27
"KLHL36","s1650_F_NC_02_ASEReadCounter.table","NW_015090842.1:7536135",33,63,30
"KLHL36","s1650_F_NC_02_ASEReadCounter.table","NW_015090842.1:7536136",33,61,28
"KLHL36","s1650_F_NC_02_ASEReadCounter.table","NW_015090842.1:7536160",33,65,32
"KLHL36","s1650_F_NC_02_ASEReadCounter.table","NW_015090842.1:7536336",25,59,34
"KLHL36","s1650_F_NC_02_ASEReadCounter.table","NW_015090842.1:7536352",23,64,41
"KLHL36","s1650_F_NC_02_ASEReadCounter.table","NW_015090842.1:7536412",12,49,37
"KLHL36","s1650_F_NC_02_ASEReadCounter.table","NW_015090842.1:7536418",12,51,39
"KLHL36","s1650_F_NC_02_ASEReadCounter.table","NW_015090842.1:7536465",20,48,28
"KLHL36","s1650_F_NC_02_ASEReadCounter.table","NW_015090842.1:7536466",21,48,27
"KLHL36","s1650_F_NC_02_ASEReadCounter.table","NW_015090842.1:7536553",40,68,28
"KLHL36","s1650_F_NC_02_ASEReadCounter.table","NW_015090842.1:7536698",29,58,29
"KLHL36","s1650_F_NC_02_ASEReadCounter.table","NW_015090842.1:7536713",16,53,37
"KLHL36","s1650_F_NC_02_ASEReadCounter.table","NW_015090842.1:7536720",29,57,28
"KLHL36","s1650_F_NC_02_ASEReadCounter.table","NW_015090842.1:7536791",29,65,36
"KLHL36","s1650_F_NC_02_ASEReadCounter.table","NW_015090842.1:7536849",32,62,30
"KLHL36","s1650_F_NC_02_ASEReadCounter.table","NW_015090842.1:7536872",30,59,29
"KLHL36","s1650_F_NC_02_ASEReadCounter.table","NW_015090842.1:7536878",36,62,26
"KLHL36","s1650_F_NC_02_ASEReadCounter.table","NW_015090842.1:7536916",42,69,27
"KLHL36","s1650_F_NC_02_ASEReadCounter.table","NW_015090842.1:7536927",43,87,44
"KLHL36","s1650_F_NC_02_ASEReadCounter.table","NW_015090842.1:7537315",63,133,70
"KLHL36","s1650_F_NC_02_ASEReadCounter.table","NW_015090842.1:7537352",50,107,57
"KLHL36","s1650_F_NC_02_ASEReadCounter.table","NW_015090842.1:7537631",74,136,62
"KLHL36","s1650_F_NC_02_ASEReadCounter.table","NW_015090842.1:7537830",80,164,84
"KLHL36","s1650_F_NC_02_ASEReadCounter.table","NW_015090842.1:7537838",77,163,86
"KLHL36","s1650_F_NC_02_ASEReadCounter.table","NW_015090842.1:7538153",56,150,94
"KLHL36","s1650_F_NC_02_ASEReadCounter.table","NW_015090842.1:7538256",49,129,80
"KLHL36","s1650_F_NC_02_ASEReadCounter.table","NW_015090842.1:7538265",47,122,75
"KLHL36","s1650_F_NC_02_ASEReadCounter.table","NW_015090842.1:7538300",56,145,89
"USP10","s1650_F_NC_02_ASEReadCounter.table","NW_015090842.1:7563972",2,3,1
"USP10","s1650_F_NC_02_ASEReadCounter.table","NW_015090842.1:7571816",6,12,6
"USP10","s1650_F_NC_02_ASEReadCounter.table","NW_015090842.1:7571993",2,11,9
"USP10","s1650_F_NC_02_ASEReadCounter.table","NW_015090842.1:7572580",15,29,14
"USP10","s1650_F_NC_02_ASEReadCounter.table","NW_015090842.1:7587372",61,132,71
"CRISPLD2","s1650_F_NC_02_ASEReadCounter.table","NW_015090842.1:7604605",0,1,1
"CRISPLD2","s1650_F_NC_02_ASEReadCounter.table","NW_015090842.1:7621452",1,1,0
"CRISPLD2","s1650_F_NC_02_ASEReadCounter.table","NW_015090842.1:7625451",10,11,1
"CRISPLD2","s1650_F_NC_02_ASEReadCounter.table","NW_015090842.1:7626214",8,8,0
"CRISPLD2","s1650_F_NC_02_ASEReadCounter.table","NW_015090842.1:7630784",10,10,0
"CRISPLD2","s1650_F_NC_02_ASEReadCounter.table","NW_015090842.1:7630823",10,10,0
"CRISPLD2","s1650_F_NC_02_ASEReadCounter.table","NW_015090842.1:7633172",5,7,2
"CRISPLD2","s1650_F_NC_02_ASEReadCounter.table","NW_015090842.1:7633326",8,8,0
"CRISPLD2","s1650_F_NC_02_ASEReadCounter.table","NW_015090842.1:7633336",9,9,0
"CRISPLD2","s1650_F_NC_02_ASEReadCounter.table","NW_015090842.1:7633381",8,8,0
"CRISPLD2","s1650_F_NC_02_ASEReadCounter.table","NW_015090842.1:7633388",8,8,0
"CRISPLD2","s1650_F_NC_02_ASEReadCounter.table","NW_015090842.1:7633400",7,7,0
"CRISPLD2","s1650_F_NC_02_ASEReadCounter.table","NW_015090842.1:7633486",10,11,1
"CRISPLD2","s1650_F_NC_02_ASEReadCounter.table","NW_015090842.1:7633503",9,10,1
"CRISPLD2","s1650_F_NC_02_ASEReadCounter.table","NW_015090842.1:7633504",9,10,1
"CRISPLD2","s1650_F_NC_02_ASEReadCounter.table","NW_015090842.1:7633557",7,8,1
"CRISPLD2","s1650_F_NC_02_ASEReadCounter.table","NW_015090842.1:7633571",6,6,0
"CRISPLD2","s1650_F_NC_02_ASEReadCounter.table","NW_015090842.1:7633588",4,4,0
"CRISPLD2","s1650_F_NC_02_ASEReadCounter.table","NW_015090842.1:7633617",4,4,0
"CRISPLD2","s1650_F_NC_02_ASEReadCounter.table","NW_015090842.1:7633695",3,4,1
"CRISPLD2","s1650_F_NC_02_ASEReadCounter.table","NW_015090842.1:7633721",3,4,1
"CRISPLD2","s1650_F_NC_02_ASEReadCounter.table","NW_015090842.1:7633888",1,2,1
"CRISPLD2","s1650_F_NC_02_ASEReadCounter.table","NW_015090842.1:7633910",1,1,0
"CRISPLD2","s1650_F_NC_02_ASEReadCounter.table","NW_015090842.1:7634142",4,4,0
"CRISPLD2","s1650_F_NC_02_ASEReadCounter.table","NW_015090842.1:7634417",1,1,0
"CRISPLD2","s1650_F_NC_02_ASEReadCounter.table","NW_015090842.1:7634825",6,7,1
"CRISPLD2","s1650_F_NC_02_ASEReadCounter.table","NW_015090842.1:7634852",7,8,1
"CRISPLD2","s1650_F_NC_02_ASEReadCounter.table","NW_015090842.1:7635009",6,7,1
"CRISPLD2","s1650_F_NC_02_ASEReadCounter.table","NW_015090842.1:7635208",9,10,1
"CRISPLD2","s1650_F_NC_02_ASEReadCounter.table","NW_015090842.1:7635373",6,7,1
"CRISPLD2","s1650_F_NC_02_ASEReadCounter.table","NW_015090842.1:7635525",11,14,3
"CRISPLD2","s1650_F_NC_02_ASEReadCounter.table","NW_015090842.1:7635583",10,12,2
"CRISPLD2","s1650_F_NC_02_ASEReadCounter.table","NW_015090842.1:7635924",15,17,2
"LOC106888312","s1650_F_NC_02_ASEReadCounter.table","NW_015090842.1:7713031",0,1,1
"LOC106888312","s1650_F_NC_02_ASEReadCounter.table","NW_015090842.1:7731961",0,1,1
"LOC106888312","s1650_F_NC_02_ASEReadCounter.table","NW_015090842.1:7732443",1,2,1
"LOC106888312","s1650_F_NC_02_ASEReadCounter.table","NW_015090842.1:7732444",1,2,1
"LOC106888312","s1650_F_NC_02_ASEReadCounter.table","NW_015090842.1:7732548",1,1,0
"LOC106888312","s1650_F_NC_02_ASEReadCounter.table","NW_015090842.1:7732576",1,1,0
"LOC106888312","s1650_F_NC_02_ASEReadCounter.table","NW_015090842.1:7732580",1,2,1
"LOC106888312","s1650_F_NC_02_ASEReadCounter.table","NW_015090842.1:7732629",0,1,1
"LOC106888312","s1650_F_NC_02_ASEReadCounter.table","NW_015090842.1:7732630",0,1,1
"LOC106888312","s1650_F_NC_02_ASEReadCounter.table","NW_015090842.1:7732637",0,1,1
"LOC106888312","s1650_F_NC_02_ASEReadCounter.table","NW_015090842.1:7732682",0,1,1
"LOC106888312","s1650_F_NC_02_ASEReadCounter.table","NW_015090842.1:7732696",0,1,1
"LOC106888312","s1650_F_NC_02_ASEReadCounter.table","NW_015090842.1:7732709",0,1,1
"LOC106888312","s1650_F_NC_02_ASEReadCounter.table","NW_015090842.1:7732718",0,1,1
"LOC106888312","s1650_F_NC_02_ASEReadCounter.table","NW_015090842.1:7732739",0,1,1
"LOC106888312","s1650_F_NC_02_ASEReadCounter.table","NW_015090842.1:7732743",0,1,1
"LOC106888312","s1650_F_NC_02_ASEReadCounter.table","NW_015090842.1:7732744",0,1,1
"LOC106888312","s1650_F_NC_02_ASEReadCounter.table","NW_015090842.1:7732756",0,1,1
"LOC106888312","s1650_F_NC_02_ASEReadCounter.table","NW_015090842.1:7732757",0,1,1
"LOC106888312","s1650_F_NC_02_ASEReadCounter.table","NW_015090842.1:7732782",0,1,1
"LOC106888312","s1650_F_NC_02_ASEReadCounter.table","NW_015090842.1:7732796",0,1,1
"LOC106888312","s1650_F_NC_02_ASEReadCounter.table","NW_015090842.1:7732860",0,1,1
"LOC106888312","s1650_F_NC_02_ASEReadCounter.table","NW_015090842.1:7732861",0,1,1
"LOC106888312","s1650_F_NC_02_ASEReadCounter.table","NW_015090842.1:7732918",0,2,2
"LOC106888312","s1650_F_NC_02_ASEReadCounter.table","NW_015090842.1:7732997",0,2,2
"LOC106888312","s1650_F_NC_02_ASEReadCounter.table","NW_015090842.1:7733011",0,2,2
"LOC106888312","s1650_F_NC_02_ASEReadCounter.table","NW_015090842.1:7733046",1,3,2
"LOC106888312","s1650_F_NC_02_ASEReadCounter.table","NW_015090842.1:7733068",0,1,1
"LOC106888312","s1650_F_NC_02_ASEReadCounter.table","NW_015090842.1:7733077",1,2,1
"LOC106888312","s1650_F_NC_02_ASEReadCounter.table","NW_015090842.1:7733096",2,3,1
"LOC106888312","s1650_F_NC_02_ASEReadCounter.table","NW_015090842.1:7733142",2,3,1
"LOC106888312","s1650_F_NC_02_ASEReadCounter.table","NW_015090842.1:7733196",1,1,0
"LOC106888312","s1650_F_NC_02_ASEReadCounter.table","NW_015090842.1:7733299",2,2,0
"LOC106888312","s1650_F_NC_02_ASEReadCounter.table","NW_015090842.1:7733470",1,2,1
"LOC106888312","s1650_F_NC_02_ASEReadCounter.table","NW_015090842.1:7733471",1,2,1
"LOC106888312","s1650_F_NC_02_ASEReadCounter.table","NW_015090842.1:7733472",1,2,1
"LOC106888312","s1650_F_NC_02_ASEReadCounter.table","NW_015090842.1:7733507",1,2,1
"LOC106888312","s1650_F_NC_02_ASEReadCounter.table","NW_015090842.1:7733508",1,2,1
"LOC106888312","s1650_F_NC_02_ASEReadCounter.table","NW_015090842.1:7733518",1,2,1
"LOC106888312","s1650_F_NC_02_ASEReadCounter.table","NW_015090842.1:7733609",2,2,0
"LOC106888312","s1650_F_NC_02_ASEReadCounter.table","NW_015090842.1:7733631",2,2,0
"LOC106888312","s1650_F_NC_02_ASEReadCounter.table","NW_015090842.1:7733674",2,2,0
"ZDHHC7","s1650_F_NC_02_ASEReadCounter.table","NW_015090842.1:7737199",22,51,29
"ZDHHC7","s1650_F_NC_02_ASEReadCounter.table","NW_015090842.1:7737332",7,25,18
"ZDHHC7","s1650_F_NC_02_ASEReadCounter.table","NW_015090842.1:7737553",27,43,16
"ZDHHC7","s1650_F_NC_02_ASEReadCounter.table","NW_015090842.1:7737920",13,26,13
"ZDHHC7","s1650_F_NC_02_ASEReadCounter.table","NW_015090842.1:7737953",10,23,13
"ZDHHC7","s1650_F_NC_02_ASEReadCounter.table","NW_015090842.1:7737987",14,26,12
"ZDHHC7","s1650_F_NC_02_ASEReadCounter.table","NW_015090842.1:7738068",8,20,12
"ZDHHC7","s1650_F_NC_02_ASEReadCounter.table","NW_015090842.1:7738204",14,24,10
"LOC106888097","s1650_F_NC_02_ASEReadCounter.table","NW_015090842.1:7767178",1,1,0
"LOC106888097","s1650_F_NC_02_ASEReadCounter.table","NW_015090842.1:7767187",1,1,0
"LOC106888097","s1650_F_NC_02_ASEReadCounter.table","NW_015090842.1:7768144",4,5,1
"LOC106888097","s1650_F_NC_02_ASEReadCounter.table","NW_015090842.1:7768196",6,9,3
"LOC106888097","s1650_F_NC_02_ASEReadCounter.table","NW_015090842.1:7769884",4,10,6
"LOC106888097","s1650_F_NC_02_ASEReadCounter.table","NW_015090842.1:7769893",6,11,5
"LOC106888097","s1650_F_NC_02_ASEReadCounter.table","NW_015090842.1:7770245",9,16,7
"LOC106888097","s1650_F_NC_02_ASEReadCounter.table","NW_015090842.1:7772402",9,15,6
"LOC106888097","s1650_F_NC_02_ASEReadCounter.table","NW_015090842.1:7772483",17,27,10
"LOC106888097","s1650_F_NC_02_ASEReadCounter.table","NW_015090842.1:7772490",15,25,10
"LOC106888097","s1650_F_NC_02_ASEReadCounter.table","NW_015090842.1:7774281",26,45,19
"LOC106888097","s1650_F_NC_02_ASEReadCounter.table","NW_015090842.1:7774552",29,77,48
"LOC106888097","s1650_F_NC_02_ASEReadCounter.table","NW_015090842.1:7774564",27,71,44
"LOC106888097","s1650_F_NC_02_ASEReadCounter.table","NW_015090842.1:7774611",25,69,44
"LOC106888097","s1650_F_NC_02_ASEReadCounter.table","NW_015090842.1:7774681",32,72,40
"LOC106888097","s1650_F_NC_02_ASEReadCounter.table","NW_015090842.1:7774698",24,53,29
"LOC106888097","s1650_F_NC_02_ASEReadCounter.table","NW_015090842.1:7774730",12,33,21
"LOC106888097","s1650_F_NC_02_ASEReadCounter.table","NW_015090842.1:7774778",5,8,3
"LOC106888097","s1650_F_NC_02_ASEReadCounter.table","NW_015090842.1:7774793",5,8,3
"FOXC2","s1650_F_NC_02_ASEReadCounter.table","NW_015090842.1:8129599",2,5,3
"FOXC2","s1650_F_NC_02_ASEReadCounter.table","NW_015090842.1:8129616",2,5,3
"FOXC2","s1650_F_NC_02_ASEReadCounter.table","NW_015090842.1:8129715",1,4,3
"FOXC2","s1650_F_NC_02_ASEReadCounter.table","NW_015090842.1:8129719",2,5,3
"FOXC2","s1650_F_NC_02_ASEReadCounter.table","NW_015090842.1:8130244",1,4,3
"FOXC2","s1650_F_NC_02_ASEReadCounter.table","NW_015090842.1:8130472",2,6,4
"FOXC2","s1650_F_NC_02_ASEReadCounter.table","NW_015090842.1:8130490",2,5,3
"FOXC2","s1650_F_NC_02_ASEReadCounter.table","NW_015090842.1:8130547",1,4,3
"FOXC2","s1650_F_NC_02_ASEReadCounter.table","NW_015090842.1:8130550",1,4,3
"FOXC2","s1650_F_NC_02_ASEReadCounter.table","NW_015090842.1:8130573",2,3,1
"FOXC2","s1650_F_NC_02_ASEReadCounter.table","NW_015090842.1:8130575",2,3,1
"MTHFSD","s1650_F_NC_02_ASEReadCounter.table","NW_015090842.1:8140051",5,15,10
"MTHFSD","s1650_F_NC_02_ASEReadCounter.table","NW_015090842.1:8142923",15,31,16
"MTHFSD","s1650_F_NC_02_ASEReadCounter.table","NW_015090842.1:8143029",17,42,25
"MTHFSD","s1650_F_NC_02_ASEReadCounter.table","NW_015090842.1:8152035",8,25,17
"MTHFSD","s1650_F_NC_02_ASEReadCounter.table","NW_015090842.1:8152315",15,43,28
"MTHFSD","s1650_F_NC_02_ASEReadCounter.table","NW_015090842.1:8152511",18,40,22
"MTHFSD","s1650_F_NC_02_ASEReadCounter.table","NW_015090842.1:8152518",18,40,22
"MTHFSD","s1650_F_NC_02_ASEReadCounter.table","NW_015090842.1:8152553",14,31,17
"MTHFSD","s1650_F_NC_02_ASEReadCounter.table","NW_015090842.1:8152773",16,45,29
"MTHFSD","s1650_F_NC_02_ASEReadCounter.table","NW_015090842.1:8152805",14,38,24
"IRF8","s1650_F_NC_02_ASEReadCounter.table","NW_015090842.1:8406652",7,16,9
"IRF8","s1650_F_NC_02_ASEReadCounter.table","NW_015090842.1:8406703",9,20,11
"IRF8","s1650_F_NC_02_ASEReadCounter.table","NW_015090842.1:8406704",8,19,11
"IRF8","s1650_F_NC_02_ASEReadCounter.table","NW_015090842.1:8406757",12,20,8
"IRF8","s1650_F_NC_02_ASEReadCounter.table","NW_015090842.1:8406778",10,19,9
"IRF8","s1650_F_NC_02_ASEReadCounter.table","NW_015090842.1:8406819",9,18,9
"IRF8","s1650_F_NC_02_ASEReadCounter.table","NW_015090842.1:8406941",5,20,15
"IRF8","s1650_F_NC_02_ASEReadCounter.table","NW_015090842.1:8407008",3,13,10
"IRF8","s1650_F_NC_02_ASEReadCounter.table","NW_015090842.1:8407057",6,13,7
"IRF8","s1650_F_NC_02_ASEReadCounter.table","NW_015090842.1:8407064",7,13,6
"IRF8","s1650_F_NC_02_ASEReadCounter.table","NW_015090842.1:8407069",8,17,9
"IRF8","s1650_F_NC_02_ASEReadCounter.table","NW_015090842.1:8407120",8,19,11
"IRF8","s1650_F_NC_02_ASEReadCounter.table","NW_015090842.1:8407157",7,15,8
"IRF8","s1650_F_NC_02_ASEReadCounter.table","NW_015090842.1:8407203",6,13,7
"IRF8","s1650_F_NC_02_ASEReadCounter.table","NW_015090842.1:8407272",6,11,5
"IRF8","s1650_F_NC_02_ASEReadCounter.table","NW_015090842.1:8407276",5,10,5
"IRF8","s1650_F_NC_02_ASEReadCounter.table","NW_015090842.1:8407303",10,16,6
"IRF8","s1650_F_NC_02_ASEReadCounter.table","NW_015090842.1:8407451",6,10,4
"IRF8","s1650_F_NC_02_ASEReadCounter.table","NW_015090842.1:8407456",6,10,4
"IRF8","s1650_F_NC_02_ASEReadCounter.table","NW_015090842.1:8408564",6,9,3
"IRF8","s1650_F_NC_02_ASEReadCounter.table","NW_015090842.1:8408585",11,11,0
"IRF8","s1650_F_NC_02_ASEReadCounter.table","NW_015090842.1:8408973",7,14,7
"IRF8","s1650_F_NC_02_ASEReadCounter.table","NW_015090842.1:8409060",6,7,1
"IRF8","s1650_F_NC_02_ASEReadCounter.table","NW_015090842.1:8409065",6,7,1
"IRF8","s1650_F_NC_02_ASEReadCounter.table","NW_015090842.1:8409254",5,8,3
"IRF8","s1650_F_NC_02_ASEReadCounter.table","NW_015090842.1:8409255",5,8,3
"IRF8","s1650_F_NC_02_ASEReadCounter.table","NW_015090842.1:8409258",4,7,3
"IRF8","s1650_F_NC_02_ASEReadCounter.table","NW_015090842.1:8409312",4,5,1
"IRF8","s1650_F_NC_02_ASEReadCounter.table","NW_015090842.1:8410216",3,7,4
"IRF8","s1650_F_NC_02_ASEReadCounter.table","NW_015090842.1:8410237",1,5,4
"IRF8","s1650_F_NC_02_ASEReadCounter.table","NW_015090842.1:8410276",3,3,0
"IRF8","s1650_F_NC_02_ASEReadCounter.table","NW_015090842.1:8410813",3,5,2
"IRF8","s1650_F_NC_02_ASEReadCounter.table","NW_015090842.1:8410861",3,7,4
"IRF8","s1650_F_NC_02_ASEReadCounter.table","NW_015090842.1:8411940",1,4,3
"IRF8","s1650_F_NC_02_ASEReadCounter.table","NW_015090842.1:8412006",2,7,5
"IRF8","s1650_F_NC_02_ASEReadCounter.table","NW_015090842.1:8412042",2,7,5
"COX4I1","s1650_F_NC_02_ASEReadCounter.table","NW_015090842.1:8442258",1230,2272,1042
"COX4I1","s1650_F_NC_02_ASEReadCounter.table","NW_015090842.1:8442333",1045,1847,802
"EMC8","s1650_F_NC_02_ASEReadCounter.table","NW_015090842.1:8444046",36,84,48
"EMC8","s1650_F_NC_02_ASEReadCounter.table","NW_015090842.1:8444064",28,66,38
"EMC8","s1650_F_NC_02_ASEReadCounter.table","NW_015090842.1:8452029",30,115,85
"EMC8","s1650_F_NC_02_ASEReadCounter.table","NW_015090842.1:8452116",42,120,78
"EMC8","s1650_F_NC_02_ASEReadCounter.table","NW_015090842.1:8452121",41,121,80
"EMC8","s1650_F_NC_02_ASEReadCounter.table","NW_015090842.1:8452222",37,89,52
"EMC8","s1650_F_NC_02_ASEReadCounter.table","NW_015090842.1:8452244",36,85,49
"EMC8","s1650_F_NC_02_ASEReadCounter.table","NW_015090842.1:8452477",10,33,23
"EMC8","s1650_F_NC_02_ASEReadCounter.table","NW_015090842.1:8452498",9,30,21
"EMC8","s1650_F_NC_02_ASEReadCounter.table","NW_015090842.1:8452535",4,19,15
"EMC8","s1650_F_NC_02_ASEReadCounter.table","NW_015090842.1:8452575",6,16,10
"EMC8","s1650_F_NC_02_ASEReadCounter.table","NW_015090842.1:8452600",8,18,10
"EMC8","s1650_F_NC_02_ASEReadCounter.table","NW_015090842.1:8452616",9,17,8
"EMC8","s1650_F_NC_02_ASEReadCounter.table","NW_015090842.1:8452630",8,14,6
"EMC8","s1650_F_NC_02_ASEReadCounter.table","NW_015090842.1:8452650",9,14,5
"EMC8","s1650_F_NC_02_ASEReadCounter.table","NW_015090842.1:8452678",8,25,17
"EMC8","s1650_F_NC_02_ASEReadCounter.table","NW_015090842.1:8452724",7,22,15
"EMC8","s1650_F_NC_02_ASEReadCounter.table","NW_015090842.1:8452731",7,21,14
"EMC8","s1650_F_NC_02_ASEReadCounter.table","NW_015090842.1:8452743",7,27,20
"EMC8","s1650_F_NC_02_ASEReadCounter.table","NW_015090842.1:8452750",7,24,17
"EMC8","s1650_F_NC_02_ASEReadCounter.table","NW_015090842.1:8452778",9,20,11
"EMC8","s1650_F_NC_02_ASEReadCounter.table","NW_015090842.1:8452783",9,24,15
"EMC8","s1650_F_NC_02_ASEReadCounter.table","NW_015090842.1:8452800",16,35,19
"EMC8","s1650_F_NC_02_ASEReadCounter.table","NW_015090842.1:8452804",17,37,20
"EMC8","s1650_F_NC_02_ASEReadCounter.table","NW_015090842.1:8452812",14,35,21
"EMC8","s1650_F_NC_02_ASEReadCounter.table","NW_015090842.1:8452858",21,47,26
"EMC8","s1650_F_NC_02_ASEReadCounter.table","NW_015090842.1:8452906",28,51,23
"EMC8","s1650_F_NC_02_ASEReadCounter.table","NW_015090842.1:8452913",28,51,23
"EMC8","s1650_F_NC_02_ASEReadCounter.table","NW_015090842.1:8453000",30,55,25
"EMC8","s1650_F_NC_02_ASEReadCounter.table","NW_015090842.1:8453007",33,57,24
"EMC8","s1650_F_NC_02_ASEReadCounter.table","NW_015090842.1:8453058",41,67,26
"EMC8","s1650_F_NC_02_ASEReadCounter.table","NW_015090842.1:8453106",28,46,18
"GINS2","s1650_F_NC_02_ASEReadCounter.table","NW_015090842.1:8466420",10,13,3
"GINS2","s1650_F_NC_02_ASEReadCounter.table","NW_015090842.1:8466424",13,16,3
"GINS2","s1650_F_NC_02_ASEReadCounter.table","NW_015090842.1:8466518",9,10,1
"GINS2","s1650_F_NC_02_ASEReadCounter.table","NW_015090842.1:8468482",18,21,3
"GINS2","s1650_F_NC_02_ASEReadCounter.table","NW_015090842.1:8470290",21,26,5
"GINS2","s1650_F_NC_02_ASEReadCounter.table","NW_015090842.1:8470305",20,23,3
"GINS2","s1650_F_NC_02_ASEReadCounter.table","NW_015090842.1:8470381",19,23,4
"GINS2","s1650_F_NC_02_ASEReadCounter.table","NW_015090842.1:8470418",20,24,4
"GINS2","s1650_F_NC_02_ASEReadCounter.table","NW_015090842.1:8470421",19,23,4
"GINS2","s1650_F_NC_02_ASEReadCounter.table","NW_015090842.1:8470430",18,22,4
"GINS2","s1650_F_NC_02_ASEReadCounter.table","NW_015090842.1:8470433",17,21,4
"GINS2","s1650_F_NC_02_ASEReadCounter.table","NW_015090842.1:8470457",14,15,1
"GINS2","s1650_F_NC_02_ASEReadCounter.table","NW_015090842.1:8470491",8,10,2
"GINS2","s1650_F_NC_02_ASEReadCounter.table","NW_015090842.1:8470548",11,13,2
"GINS2","s1650_F_NC_02_ASEReadCounter.table","NW_015090842.1:8470649",15,20,5
"GSE1","s1650_F_NC_02_ASEReadCounter.table","NW_015090842.1:8475362",69,136,67
"GSE1","s1650_F_NC_02_ASEReadCounter.table","NW_015090842.1:8475961",54,71,17
"GSE1","s1650_F_NC_02_ASEReadCounter.table","NW_015090842.1:8476027",46,73,27
"GSE1","s1650_F_NC_02_ASEReadCounter.table","NW_015090842.1:8476159",14,17,3
"GSE1","s1650_F_NC_02_ASEReadCounter.table","NW_015090842.1:8477442",1,27,26
"GSE1","s1650_F_NC_02_ASEReadCounter.table","NW_015090842.1:8477448",1,27,26
"GSE1","s1650_F_NC_02_ASEReadCounter.table","NW_015090842.1:8477662",0,19,19
"GSE1","s1650_F_NC_02_ASEReadCounter.table","NW_015090842.1:8477933",18,39,21
"GSE1","s1650_F_NC_02_ASEReadCounter.table","NW_015090842.1:8477945",16,37,21
"GSE1","s1650_F_NC_02_ASEReadCounter.table","NW_015090842.1:8483272",1,26,25
"GSE1","s1650_F_NC_02_ASEReadCounter.table","NW_015090842.1:8483367",0,5,5
"GSE1","s1650_F_NC_02_ASEReadCounter.table","NW_015090842.1:8483411",1,10,9
"GSE1","s1650_F_NC_02_ASEReadCounter.table","NW_015090842.1:8483756",1,11,10
"GSE1","s1650_F_NC_02_ASEReadCounter.table","NW_015090842.1:8486867",20,33,13
"GSE1","s1650_F_NC_02_ASEReadCounter.table","NW_015090842.1:8486939",13,34,21
"GSE1","s1650_F_NC_02_ASEReadCounter.table","NW_015090842.1:8486945",11,32,21
"GSE1","s1650_F_NC_02_ASEReadCounter.table","NW_015090842.1:8486993",6,21,15
"GSE1","s1650_F_NC_02_ASEReadCounter.table","NW_015090842.1:8487062",6,16,10
"GSE1","s1650_F_NC_02_ASEReadCounter.table","NW_015090842.1:8488065",7,12,5
"GSE1","s1650_F_NC_02_ASEReadCounter.table","NW_015090842.1:8488457",4,10,6
"GSE1","s1650_F_NC_02_ASEReadCounter.table","NW_015090842.1:8488463",4,10,6
"GSE1","s1650_F_NC_02_ASEReadCounter.table","NW_015090842.1:8488490",13,13,0
"GSE1","s1650_F_NC_02_ASEReadCounter.table","NW_015090842.1:8488505",5,14,9
"GSE1","s1650_F_NC_02_ASEReadCounter.table","NW_015090842.1:8490180",0,14,14
"KIAA0513","s1650_F_NC_02_ASEReadCounter.table","NW_015090842.1:8668363",60,119,59
"KIAA0513","s1650_F_NC_02_ASEReadCounter.table","NW_015090842.1:8668387",58,116,58
"KIAA0513","s1650_F_NC_02_ASEReadCounter.table","NW_015090842.1:8668390",58,116,58
"KIAA0513","s1650_F_NC_02_ASEReadCounter.table","NW_015090842.1:8673107",33,67,34
"KIAA0513","s1650_F_NC_02_ASEReadCounter.table","NW_015090842.1:8673147",32,69,37
"KIAA0513","s1650_F_NC_02_ASEReadCounter.table","NW_015090842.1:8674661",25,48,23
"KIAA0513","s1650_F_NC_02_ASEReadCounter.table","NW_015090842.1:8674685",22,43,21
"KIAA0513","s1650_F_NC_02_ASEReadCounter.table","NW_015090842.1:8674730",24,42,18
"KIAA0513","s1650_F_NC_02_ASEReadCounter.table","NW_015090842.1:8675525",23,51,28
"KIAA0513","s1650_F_NC_02_ASEReadCounter.table","NW_015090842.1:8675561",22,43,21
"KIAA0513","s1650_F_NC_02_ASEReadCounter.table","NW_015090842.1:8678608",0,7,7
"KIAA0513","s1650_F_NC_02_ASEReadCounter.table","NW_015090842.1:8686455",0,12,12
"KIAA0513","s1650_F_NC_02_ASEReadCounter.table","NW_015090842.1:8686508",0,17,17
"KIAA0513","s1650_F_NC_02_ASEReadCounter.table","NW_015090842.1:8686521",0,17,17
"KIAA0513","s1650_F_NC_02_ASEReadCounter.table","NW_015090842.1:8693642",0,1,1
"KIAA0513","s1650_F_NC_02_ASEReadCounter.table","NW_015090842.1:8693712",0,1,1
"FBXO31","s1650_F_NC_02_ASEReadCounter.table","NW_015090842.1:8710240",11,21,10
"FBXO31","s1650_F_NC_02_ASEReadCounter.table","NW_015090842.1:8710372",13,19,6
"FBXO31","s1650_F_NC_02_ASEReadCounter.table","NW_015090842.1:8711239",11,19,8
"FBXO31","s1650_F_NC_02_ASEReadCounter.table","NW_015090842.1:8714565",16,33,17
"FBXO31","s1650_F_NC_02_ASEReadCounter.table","NW_015090842.1:8716001",11,20,9
"FBXO31","s1650_F_NC_02_ASEReadCounter.table","NW_015090842.1:8725162",1,1,0
"FBXO31","s1650_F_NC_02_ASEReadCounter.table","NW_015090842.1:8725170",1,1,0
"FBXO31","s1650_F_NC_02_ASEReadCounter.table","NW_015090842.1:8725187",1,1,0
"FBXO31","s1650_F_NC_02_ASEReadCounter.table","NW_015090842.1:8725188",1,1,0
"FBXO31","s1650_F_NC_02_ASEReadCounter.table","NW_015090842.1:8725190",1,1,0
"ZCCHC14","s1650_F_NC_02_ASEReadCounter.table","NW_015090842.1:8750174",61,101,40
"ZCCHC14","s1650_F_NC_02_ASEReadCounter.table","NW_015090842.1:8750189",77,84,7
"ZCCHC14","s1650_F_NC_02_ASEReadCounter.table","NW_015090842.1:8750365",41,84,43
"ZCCHC14","s1650_F_NC_02_ASEReadCounter.table","NW_015090842.1:8750433",24,54,30
"ZCCHC14","s1650_F_NC_02_ASEReadCounter.table","NW_015090842.1:8750449",31,62,31
"ZCCHC14","s1650_F_NC_02_ASEReadCounter.table","NW_015090842.1:8750456",34,63,29
"ZCCHC14","s1650_F_NC_02_ASEReadCounter.table","NW_015090842.1:8750497",39,64,25
"ZCCHC14","s1650_F_NC_02_ASEReadCounter.table","NW_015090842.1:8750547",35,58,23
"ZCCHC14","s1650_F_NC_02_ASEReadCounter.table","NW_015090842.1:8751100",10,18,8
"ZCCHC14","s1650_F_NC_02_ASEReadCounter.table","NW_015090842.1:8751374",12,23,11
"ZCCHC14","s1650_F_NC_02_ASEReadCounter.table","NW_015090842.1:8751403",13,28,15
"ZCCHC14","s1650_F_NC_02_ASEReadCounter.table","NW_015090842.1:8751517",14,31,17
"ZCCHC14","s1650_F_NC_02_ASEReadCounter.table","NW_015090842.1:8752060",15,25,10
"ZCCHC14","s1650_F_NC_02_ASEReadCounter.table","NW_015090842.1:8752172",19,32,13
"ZCCHC14","s1650_F_NC_02_ASEReadCounter.table","NW_015090842.1:8752183",20,35,15
"ZCCHC14","s1650_F_NC_02_ASEReadCounter.table","NW_015090842.1:8752198",20,36,16
"ZCCHC14","s1650_F_NC_02_ASEReadCounter.table","NW_015090842.1:8752248",24,43,19
"ZCCHC14","s1650_F_NC_02_ASEReadCounter.table","NW_015090842.1:8752326",22,43,21
"ZCCHC14","s1650_F_NC_02_ASEReadCounter.table","NW_015090842.1:8752393",29,48,19
"ZCCHC14","s1650_F_NC_02_ASEReadCounter.table","NW_015090842.1:8752914",37,80,43
"ZCCHC14","s1650_F_NC_02_ASEReadCounter.table","NW_015090842.1:8753528",5,8,3
"ZCCHC14","s1650_F_NC_02_ASEReadCounter.table","NW_015090842.1:8753892",3,7,4
"ZCCHC14","s1650_F_NC_02_ASEReadCounter.table","NW_015090842.1:8753910",2,6,4
"ZCCHC14","s1650_F_NC_02_ASEReadCounter.table","NW_015090842.1:8755096",1,5,4
"ZCCHC14","s1650_F_NC_02_ASEReadCounter.table","NW_015090842.1:8755327",4,8,4
"ZCCHC14","s1650_F_NC_02_ASEReadCounter.table","NW_015090842.1:8755723",2,6,4
"ZCCHC14","s1650_F_NC_02_ASEReadCounter.table","NW_015090842.1:8755739",3,7,4
"ZCCHC14","s1650_F_NC_02_ASEReadCounter.table","NW_015090842.1:8756149",1,3,2
"ZCCHC14","s1650_F_NC_02_ASEReadCounter.table","NW_015090842.1:8756347",1,3,2
"ZCCHC14","s1650_F_NC_02_ASEReadCounter.table","NW_015090842.1:8756361",1,3,2
"ZCCHC14","s1650_F_NC_02_ASEReadCounter.table","NW_015090842.1:8756388",1,1,0
"ZCCHC14","s1650_F_NC_02_ASEReadCounter.table","NW_015090842.1:8756389",1,1,0
"ZCCHC14","s1650_F_NC_02_ASEReadCounter.table","NW_015090842.1:8757160",1,4,3
"ZCCHC14","s1650_F_NC_02_ASEReadCounter.table","NW_015090842.1:8804511",2,3,1
"ZCCHC14","s1650_F_NC_02_ASEReadCounter.table","NW_015090842.1:8804979",0,1,1
"JPH3","s1650_F_NC_02_ASEReadCounter.table","NW_015090842.1:8845375",27,46,19
"JPH3","s1650_F_NC_02_ASEReadCounter.table","NW_015090842.1:8845640",38,76,38
"JPH3","s1650_F_NC_02_ASEReadCounter.table","NW_015090842.1:8845654",40,85,45
"JPH3","s1650_F_NC_02_ASEReadCounter.table","NW_015090842.1:8872283",65,124,59
"JPH3","s1650_F_NC_02_ASEReadCounter.table","NW_015090842.1:8872294",66,128,62
"JPH3","s1650_F_NC_02_ASEReadCounter.table","NW_015090842.1:8872730",118,214,96
"JPH3","s1650_F_NC_02_ASEReadCounter.table","NW_015090842.1:8885260",206,437,231
"JPH3","s1650_F_NC_02_ASEReadCounter.table","NW_015090842.1:8885315",180,405,225
"JPH3","s1650_F_NC_02_ASEReadCounter.table","NW_015090842.1:8885328",156,377,221
"JPH3","s1650_F_NC_02_ASEReadCounter.table","NW_015090842.1:8885438",163,373,210
"JPH3","s1650_F_NC_02_ASEReadCounter.table","NW_015090842.1:8885525",46,189,143
"KLHDC4","s1650_F_NC_02_ASEReadCounter.table","NW_015090842.1:8890729",59,92,33
"KLHDC4","s1650_F_NC_02_ASEReadCounter.table","NW_015090842.1:8890749",67,100,33
"KLHDC4","s1650_F_NC_02_ASEReadCounter.table","NW_015090842.1:8890761",68,98,30
"KLHDC4","s1650_F_NC_02_ASEReadCounter.table","NW_015090842.1:8891123",70,109,39
"KLHDC4","s1650_F_NC_02_ASEReadCounter.table","NW_015090842.1:8893124",35,70,35
"KLHDC4","s1650_F_NC_02_ASEReadCounter.table","NW_015090842.1:8894542",36,53,17
"KLHDC4","s1650_F_NC_02_ASEReadCounter.table","NW_015090842.1:8896726",20,32,12
"KLHDC4","s1650_F_NC_02_ASEReadCounter.table","NW_015090842.1:8896767",24,32,8
"KLHDC4","s1650_F_NC_02_ASEReadCounter.table","NW_015090842.1:8904174",15,24,9
"KLHDC4","s1650_F_NC_02_ASEReadCounter.table","NW_015090842.1:8904231",9,17,8
"KLHDC4","s1650_F_NC_02_ASEReadCounter.table","NW_015090842.1:8905251",10,21,11
"KLHDC4","s1650_F_NC_02_ASEReadCounter.table","NW_015090842.1:8905263",11,24,13
"KLHDC4","s1650_F_NC_02_ASEReadCounter.table","NW_015090842.1:8919626",4,7,3
"SLC7A5","s1650_F_NC_02_ASEReadCounter.table","NW_015090842.1:8938782",252,664,412
"SLC7A5","s1650_F_NC_02_ASEReadCounter.table","NW_015090842.1:8938943",171,431,260
"SLC7A5","s1650_F_NC_02_ASEReadCounter.table","NW_015090842.1:8939611",87,163,76
"SLC7A5","s1650_F_NC_02_ASEReadCounter.table","NW_015090842.1:8939738",92,227,135
"SLC7A5","s1650_F_NC_02_ASEReadCounter.table","NW_015090842.1:8939739",94,226,132
"SLC7A5","s1650_F_NC_02_ASEReadCounter.table","NW_015090842.1:8939740",90,228,138
"SLC7A5","s1650_F_NC_02_ASEReadCounter.table","NW_015090842.1:8939795",86,203,117
"SLC7A5","s1650_F_NC_02_ASEReadCounter.table","NW_015090842.1:8939815",80,219,139
"SLC7A5","s1650_F_NC_02_ASEReadCounter.table","NW_015090842.1:8939816",80,218,138
"SLC7A5","s1650_F_NC_02_ASEReadCounter.table","NW_015090842.1:8939817",80,228,148
"SLC7A5","s1650_F_NC_02_ASEReadCounter.table","NW_015090842.1:8939845",103,245,142
"SLC7A5","s1650_F_NC_02_ASEReadCounter.table","NW_015090842.1:8939894",102,239,137
"SLC7A5","s1650_F_NC_02_ASEReadCounter.table","NW_015090842.1:8939895",105,239,134
"SLC7A5","s1650_F_NC_02_ASEReadCounter.table","NW_015090842.1:8939997",341,341,0
"SLC7A5","s1650_F_NC_02_ASEReadCounter.table","NW_015090842.1:8940172",90,225,135
"SLC7A5","s1650_F_NC_02_ASEReadCounter.table","NW_015090842.1:8940331",46,124,78
"SLC7A5","s1650_F_NC_02_ASEReadCounter.table","NW_015090842.1:8940696",37,81,44
"SLC7A5","s1650_F_NC_02_ASEReadCounter.table","NW_015090842.1:8940719",17,73,56
"SLC7A5","s1650_F_NC_02_ASEReadCounter.table","NW_015090842.1:8940737",18,70,52
"SLC7A5","s1650_F_NC_02_ASEReadCounter.table","NW_015090842.1:8940743",18,69,51
"SLC7A5","s1650_F_NC_02_ASEReadCounter.table","NW_015090842.1:8940766",23,73,50
"SLC7A5","s1650_F_NC_02_ASEReadCounter.table","NW_015090842.1:8940769",24,80,56
"SLC7A5","s1650_F_NC_02_ASEReadCounter.table","NW_015090842.1:8940861",26,78,52
"SLC7A5","s1650_F_NC_02_ASEReadCounter.table","NW_015090842.1:8941068",39,91,52
"SLC7A5","s1650_F_NC_02_ASEReadCounter.table","NW_015090842.1:8941467",30,68,38
"SLC7A5","s1650_F_NC_02_ASEReadCounter.table","NW_015090842.1:8941531",28,68,40
"SLC7A5","s1650_F_NC_02_ASEReadCounter.table","NW_015090842.1:8941588",33,74,41
"SLC7A5","s1650_F_NC_02_ASEReadCounter.table","NW_015090842.1:8941698",18,43,25
"SLC7A5","s1650_F_NC_02_ASEReadCounter.table","NW_015090842.1:8941717",17,48,31
"SLC7A5","s1650_F_NC_02_ASEReadCounter.table","NW_015090842.1:8941745",22,49,27
"SLC7A5","s1650_F_NC_02_ASEReadCounter.table","NW_015090842.1:8941781",28,60,32
"SLC7A5","s1650_F_NC_02_ASEReadCounter.table","NW_015090842.1:8941887",16,36,20
"SLC7A5","s1650_F_NC_02_ASEReadCounter.table","NW_015090842.1:8941968",13,37,24
"SLC7A5","s1650_F_NC_02_ASEReadCounter.table","NW_015090842.1:8942025",16,42,26
"SLC7A5","s1650_F_NC_02_ASEReadCounter.table","NW_015090842.1:8942069",23,59,36
"SLC7A5","s1650_F_NC_02_ASEReadCounter.table","NW_015090842.1:8942170",25,66,41
"SLC7A5","s1650_F_NC_02_ASEReadCounter.table","NW_015090842.1:8942241",40,102,62
"SLC7A5","s1650_F_NC_02_ASEReadCounter.table","NW_015090842.1:8942283",47,109,62
"SLC7A5","s1650_F_NC_02_ASEReadCounter.table","NW_015090842.1:8942717",143,349,206
"SLC7A5","s1650_F_NC_02_ASEReadCounter.table","NW_015090842.1:8942756",197,462,265
"SLC7A5","s1650_F_NC_02_ASEReadCounter.table","NW_015090842.1:8942766",195,466,271
"SLC7A5","s1650_F_NC_02_ASEReadCounter.table","NW_015090842.1:8943271",50,135,85
"SLC7A5","s1650_F_NC_02_ASEReadCounter.table","NW_015090842.1:8943524",42,83,41
"SLC7A5","s1650_F_NC_02_ASEReadCounter.table","NW_015090842.1:8943530",40,79,39
"SLC7A5","s1650_F_NC_02_ASEReadCounter.table","NW_015090842.1:8943602",36,77,41
"SLC7A5","s1650_F_NC_02_ASEReadCounter.table","NW_015090842.1:8943622",36,75,39
"SLC7A5","s1650_F_NC_02_ASEReadCounter.table","NW_015090842.1:8943661",28,60,32
"SLC7A5","s1650_F_NC_02_ASEReadCounter.table","NW_015090842.1:8943686",30,56,26
"SLC7A5","s1650_F_NC_02_ASEReadCounter.table","NW_015090842.1:8943788",21,49,28
"SLC7A5","s1650_F_NC_02_ASEReadCounter.table","NW_015090842.1:8943814",16,42,26
"SLC7A5","s1650_F_NC_02_ASEReadCounter.table","NW_015090842.1:8943876",14,45,31
"SLC7A5","s1650_F_NC_02_ASEReadCounter.table","NW_015090842.1:8943892",15,49,34
"SLC7A5","s1650_F_NC_02_ASEReadCounter.table","NW_015090842.1:8944097",14,39,25
"SLC7A5","s1650_F_NC_02_ASEReadCounter.table","NW_015090842.1:8944104",12,33,21
"SLC7A5","s1650_F_NC_02_ASEReadCounter.table","NW_015090842.1:8944293",9,20,11
"SLC7A5","s1650_F_NC_02_ASEReadCounter.table","NW_015090842.1:8944297",6,16,10
"SLC7A5","s1650_F_NC_02_ASEReadCounter.table","NW_015090842.1:8944397",9,20,11
"SLC7A5","s1650_F_NC_02_ASEReadCounter.table","NW_015090842.1:8944552",9,25,16
"SLC7A5","s1650_F_NC_02_ASEReadCounter.table","NW_015090842.1:8944629",13,24,11
"CA5A","s1650_F_NC_02_ASEReadCounter.table","NW_015090842.1:8989479",47,71,24
"CA5A","s1650_F_NC_02_ASEReadCounter.table","NW_015090842.1:8989562",45,74,29
"CA5A","s1650_F_NC_02_ASEReadCounter.table","NW_015090842.1:8989609",38,80,42
"CA5A","s1650_F_NC_02_ASEReadCounter.table","NW_015090842.1:8989693",44,82,38
"CA5A","s1650_F_NC_02_ASEReadCounter.table","NW_015090842.1:8989702",45,78,33
"CA5A","s1650_F_NC_02_ASEReadCounter.table","NW_015090842.1:8989746",46,80,34
"CA5A","s1650_F_NC_02_ASEReadCounter.table","NW_015090842.1:8989880",32,64,32
"CA5A","s1650_F_NC_02_ASEReadCounter.table","NW_015090842.1:8989885",32,63,31
"CA5A","s1650_F_NC_02_ASEReadCounter.table","NW_015090842.1:8989929",36,75,39
"CA5A","s1650_F_NC_02_ASEReadCounter.table","NW_015090842.1:8990002",26,59,33
"CA5A","s1650_F_NC_02_ASEReadCounter.table","NW_015090842.1:8990004",27,60,33
"CA5A","s1650_F_NC_02_ASEReadCounter.table","NW_015090842.1:8990005",27,62,35
"CA5A","s1650_F_NC_02_ASEReadCounter.table","NW_015090842.1:8990017",20,47,27
"CA5A","s1650_F_NC_02_ASEReadCounter.table","NW_015090842.1:8990043",15,39,24
"CA5A","s1650_F_NC_02_ASEReadCounter.table","NW_015090842.1:8990060",44,44,0
"CA5A","s1650_F_NC_02_ASEReadCounter.table","NW_015090842.1:8990080",14,40,26
"CA5A","s1650_F_NC_02_ASEReadCounter.table","NW_015090842.1:8990084",16,38,22
"CA5A","s1650_F_NC_02_ASEReadCounter.table","NW_015090842.1:8990090",16,43,27
"CA5A","s1650_F_NC_02_ASEReadCounter.table","NW_015090842.1:8990095",17,45,28
"CA5A","s1650_F_NC_02_ASEReadCounter.table","NW_015090842.1:8990111",18,45,27
"CA5A","s1650_F_NC_02_ASEReadCounter.table","NW_015090842.1:8990112",18,44,26
"CA5A","s1650_F_NC_02_ASEReadCounter.table","NW_015090842.1:8990115",20,46,26
"CA5A","s1650_F_NC_02_ASEReadCounter.table","NW_015090842.1:8990166",18,39,21
"CA5A","s1650_F_NC_02_ASEReadCounter.table","NW_015090842.1:8990169",19,37,18
"CA5A","s1650_F_NC_02_ASEReadCounter.table","NW_015090842.1:8990193",37,37,0
"CA5A","s1650_F_NC_02_ASEReadCounter.table","NW_015090842.1:8990222",14,34,20
"CA5A","s1650_F_NC_02_ASEReadCounter.table","NW_015090842.1:8990289",13,32,19
"CA5A","s1650_F_NC_02_ASEReadCounter.table","NW_015090842.1:8990314",12,32,20
"CA5A","s1650_F_NC_02_ASEReadCounter.table","NW_015090842.1:8990361",16,28,12
"CA5A","s1650_F_NC_02_ASEReadCounter.table","NW_015090842.1:8990368",16,28,12
"CA5A","s1650_F_NC_02_ASEReadCounter.table","NW_015090842.1:8990429",15,20,5
"CA5A","s1650_F_NC_02_ASEReadCounter.table","NW_015090842.1:8990466",14,21,7
"CA5A","s1650_F_NC_02_ASEReadCounter.table","NW_015090842.1:8990663",18,32,14
"CA5A","s1650_F_NC_02_ASEReadCounter.table","NW_015090842.1:8990797",8,18,10
"CA5A","s1650_F_NC_02_ASEReadCounter.table","NW_015090842.1:8990836",6,18,12
"CA5A","s1650_F_NC_02_ASEReadCounter.table","NW_015090842.1:8990842",6,18,12
"CA5A","s1650_F_NC_02_ASEReadCounter.table","NW_015090842.1:8990851",6,17,11
"CA5A","s1650_F_NC_02_ASEReadCounter.table","NW_015090842.1:8990918",5,14,9
"CA5A","s1650_F_NC_02_ASEReadCounter.table","NW_015090842.1:8990921",5,16,11
"CA5A","s1650_F_NC_02_ASEReadCounter.table","NW_015090842.1:8990942",6,16,10
"CA5A","s1650_F_NC_02_ASEReadCounter.table","NW_015090842.1:8991001",11,24,13
"CA5A","s1650_F_NC_02_ASEReadCounter.table","NW_015090842.1:8991038",8,22,14
"CA5A","s1650_F_NC_02_ASEReadCounter.table","NW_015090842.1:8991149",9,17,8
"CA5A","s1650_F_NC_02_ASEReadCounter.table","NW_015090842.1:8991176",6,15,9
"CA5A","s1650_F_NC_02_ASEReadCounter.table","NW_015090842.1:8991241",9,21,12
"CA5A","s1650_F_NC_02_ASEReadCounter.table","NW_015090842.1:8991262",11,21,10
"CA5A","s1650_F_NC_02_ASEReadCounter.table","NW_015090842.1:8991316",12,12,0
"CA5A","s1650_F_NC_02_ASEReadCounter.table","NW_015090842.1:8991319",12,12,0
"CA5A","s1650_F_NC_02_ASEReadCounter.table","NW_015090842.1:8991330",11,11,0
"CA5A","s1650_F_NC_02_ASEReadCounter.table","NW_015090842.1:8991334",10,10,0
"CA5A","s1650_F_NC_02_ASEReadCounter.table","NW_015090842.1:8991362",11,16,5
"CA5A","s1650_F_NC_02_ASEReadCounter.table","NW_015090842.1:8991368",10,15,5
"CA5A","s1650_F_NC_02_ASEReadCounter.table","NW_015090842.1:8991390",12,18,6
"CA5A","s1650_F_NC_02_ASEReadCounter.table","NW_015090842.1:8991395",13,20,7
"CA5A","s1650_F_NC_02_ASEReadCounter.table","NW_015090842.1:8991422",10,19,9
"CA5A","s1650_F_NC_02_ASEReadCounter.table","NW_015090842.1:8991467",8,15,7
"CA5A","s1650_F_NC_02_ASEReadCounter.table","NW_015090842.1:8991576",5,13,8
"CA5A","s1650_F_NC_02_ASEReadCounter.table","NW_015090842.1:8991587",9,19,10
"CA5A","s1650_F_NC_02_ASEReadCounter.table","NW_015090842.1:8991655",11,20,9
"CA5A","s1650_F_NC_02_ASEReadCounter.table","NW_015090842.1:8991717",14,20,6
"CA5A","s1650_F_NC_02_ASEReadCounter.table","NW_015090842.1:8991726",13,19,6
"CA5A","s1650_F_NC_02_ASEReadCounter.table","NW_015090842.1:8991799",8,17,9
"CA5A","s1650_F_NC_02_ASEReadCounter.table","NW_015090842.1:8991809",7,15,8
"CA5A","s1650_F_NC_02_ASEReadCounter.table","NW_015090842.1:8991848",8,15,7
"CA5A","s1650_F_NC_02_ASEReadCounter.table","NW_015090842.1:8991849",8,15,7
"CA5A","s1650_F_NC_02_ASEReadCounter.table","NW_015090842.1:8991927",8,15,7
"CA5A","s1650_F_NC_02_ASEReadCounter.table","NW_015090842.1:8991941",7,12,5
"CA5A","s1650_F_NC_02_ASEReadCounter.table","NW_015090842.1:8992121",4,14,10
"CA5A","s1650_F_NC_02_ASEReadCounter.table","NW_015090842.1:8992224",7,13,6
"CA5A","s1650_F_NC_02_ASEReadCounter.table","NW_015090842.1:9002570",4,5,1
"CA5A","s1650_F_NC_02_ASEReadCounter.table","NW_015090842.1:9002600",4,4,0
"CA5A","s1650_F_NC_02_ASEReadCounter.table","NW_015090842.1:9004312",4,6,2
"CA5A","s1650_F_NC_02_ASEReadCounter.table","NW_015090842.1:9005116",0,1,1
"CA5A","s1650_F_NC_02_ASEReadCounter.table","NW_015090842.1:9005120",0,1,1
"CA5A","s1650_F_NC_02_ASEReadCounter.table","NW_015090842.1:9005140",0,1,1
"CA5A","s1650_F_NC_02_ASEReadCounter.table","NW_015090842.1:9005152",0,1,1
"BANP","s1650_F_NC_02_ASEReadCounter.table","NW_015090842.1:9033407",2,3,1
"BANP","s1650_F_NC_02_ASEReadCounter.table","NW_015090842.1:9033409",2,3,1
"BANP","s1650_F_NC_02_ASEReadCounter.table","NW_015090842.1:9033420",2,3,1
"BANP","s1650_F_NC_02_ASEReadCounter.table","NW_015090842.1:9067974",0,9,9
"BANP","s1650_F_NC_02_ASEReadCounter.table","NW_015090842.1:9102510",16,25,9
"BANP","s1650_F_NC_02_ASEReadCounter.table","NW_015090842.1:9168534",18,48,30
"BANP","s1650_F_NC_02_ASEReadCounter.table","NW_015090842.1:9168818",37,53,16
"ZNF469","s1650_F_NC_02_ASEReadCounter.table","NW_015090842.1:9425182",0,1,1
"ZNF469","s1650_F_NC_02_ASEReadCounter.table","NW_015090842.1:9428122",1,1,0
"ZNF469","s1650_F_NC_02_ASEReadCounter.table","NW_015090842.1:9428178",1,1,0
"ZNF469","s1650_F_NC_02_ASEReadCounter.table","NW_015090842.1:9429633",0,1,1
"ZNF469","s1650_F_NC_02_ASEReadCounter.table","NW_015090842.1:9429758",0,1,1
"ZNF469","s1650_F_NC_02_ASEReadCounter.table","NW_015090842.1:9429759",0,1,1
"ZNF469","s1650_F_NC_02_ASEReadCounter.table","NW_015090842.1:9429794",0,1,1
"ZNF469","s1650_F_NC_02_ASEReadCounter.table","NW_015090842.1:9430560",1,1,0
"ZNF469","s1650_F_NC_02_ASEReadCounter.table","NW_015090842.1:9431901",0,1,1
"ZNF469","s1650_F_NC_02_ASEReadCounter.table","NW_015090842.1:9434259",0,1,1
"ZFPM1","s1650_F_NC_02_ASEReadCounter.table","NW_015090842.1:9458888",0,1,1
"ZFPM1","s1650_F_NC_02_ASEReadCounter.table","NW_015090842.1:9458904",1,2,1
"ZFPM1","s1650_F_NC_02_ASEReadCounter.table","NW_015090842.1:9458916",1,2,1
"ZFPM1","s1650_F_NC_02_ASEReadCounter.table","NW_015090842.1:9468568",1,2,1
"ZFPM1","s1650_F_NC_02_ASEReadCounter.table","NW_015090842.1:9471561",1,1,0
"ZFPM1","s1650_F_NC_02_ASEReadCounter.table","NW_015090842.1:9472557",2,3,1
"ZFPM1","s1650_F_NC_02_ASEReadCounter.table","NW_015090842.1:9472565",2,3,1
"ZFPM1","s1650_F_NC_02_ASEReadCounter.table","NW_015090842.1:9472608",1,4,3
"ZFPM1","s1650_F_NC_02_ASEReadCounter.table","NW_015090842.1:9472627",2,5,3
"ZFPM1","s1650_F_NC_02_ASEReadCounter.table","NW_015090842.1:9472668",1,3,2
"ZFPM1","s1650_F_NC_02_ASEReadCounter.table","NW_015090842.1:9473655",3,4,1
"ZFPM1","s1650_F_NC_02_ASEReadCounter.table","NW_015090842.1:9475827",0,1,1
"ZFPM1","s1650_F_NC_02_ASEReadCounter.table","NW_015090842.1:9475842",0,1,1
"ZFPM1","s1650_F_NC_02_ASEReadCounter.table","NW_015090842.1:9476119",3,3,0
"ZFPM1","s1650_F_NC_02_ASEReadCounter.table","NW_015090842.1:9476161",2,2,0
"ZFPM1","s1650_F_NC_02_ASEReadCounter.table","NW_015090842.1:9476219",1,1,0
"ZFPM1","s1650_F_NC_02_ASEReadCounter.table","NW_015090842.1:9476233",2,2,0
"ZFPM1","s1650_F_NC_02_ASEReadCounter.table","NW_015090842.1:9476305",2,2,0
"ZFPM1","s1650_F_NC_02_ASEReadCounter.table","NW_015090842.1:9476395",2,3,1
"ZFPM1","s1650_F_NC_02_ASEReadCounter.table","NW_015090842.1:9476421",3,5,2
"ZFPM1","s1650_F_NC_02_ASEReadCounter.table","NW_015090842.1:9476539",1,4,3
"ZFPM1","s1650_F_NC_02_ASEReadCounter.table","NW_015090842.1:9476576",1,3,2
"ZFPM1","s1650_F_NC_02_ASEReadCounter.table","NW_015090842.1:9476599",4,4,0
"ZFPM1","s1650_F_NC_02_ASEReadCounter.table","NW_015090842.1:9476792",5,8,3
"ZFPM1","s1650_F_NC_02_ASEReadCounter.table","NW_015090842.1:9476803",5,9,4
"ZFPM1","s1650_F_NC_02_ASEReadCounter.table","NW_015090842.1:9477115",3,6,3
"ZFPM1","s1650_F_NC_02_ASEReadCounter.table","NW_015090842.1:9477299",3,5,2
"ZFPM1","s1650_F_NC_02_ASEReadCounter.table","NW_015090842.1:9477398",7,7,0
"ZFPM1","s1650_F_NC_02_ASEReadCounter.table","NW_015090842.1:9477422",2,9,7
"ZFPM1","s1650_F_NC_02_ASEReadCounter.table","NW_015090842.1:9477554",3,10,7
"ZFPM1","s1650_F_NC_02_ASEReadCounter.table","NW_015090842.1:9477575",9,9,0
"ZFPM1","s1650_F_NC_02_ASEReadCounter.table","NW_015090842.1:9477595",4,9,5
"ZFPM1","s1650_F_NC_02_ASEReadCounter.table","NW_015090842.1:9477611",4,9,5
"ZFPM1","s1650_F_NC_02_ASEReadCounter.table","NW_015090842.1:9477659",3,9,6
"ZFPM1","s1650_F_NC_02_ASEReadCounter.table","NW_015090842.1:9477737",3,9,6
"ZFPM1","s1650_F_NC_02_ASEReadCounter.table","NW_015090842.1:9477791",4,11,7
"ZFPM1","s1650_F_NC_02_ASEReadCounter.table","NW_015090842.1:9477844",2,10,8
"ZFPM1","s1650_F_NC_02_ASEReadCounter.table","NW_015090842.1:9477917",6,13,7
"ZFPM1","s1650_F_NC_02_ASEReadCounter.table","NW_015090842.1:9478295",18,33,15
"ZFPM1","s1650_F_NC_02_ASEReadCounter.table","NW_015090842.1:9478349",17,31,14
"ZFPM1","s1650_F_NC_02_ASEReadCounter.table","NW_015090842.1:9478524",10,18,8
"ZFPM1","s1650_F_NC_02_ASEReadCounter.table","NW_015090842.1:9478546",14,23,9
"ZFPM1","s1650_F_NC_02_ASEReadCounter.table","NW_015090842.1:9478573",13,26,13
"ZFPM1","s1650_F_NC_02_ASEReadCounter.table","NW_015090842.1:9478582",12,21,9
"ZFPM1","s1650_F_NC_02_ASEReadCounter.table","NW_015090842.1:9478684",6,14,8
"ZFPM1","s1650_F_NC_02_ASEReadCounter.table","NW_015090842.1:9478711",6,16,10
"ZFPM1","s1650_F_NC_02_ASEReadCounter.table","NW_015090842.1:9478761",7,17,10
"ZFPM1","s1650_F_NC_02_ASEReadCounter.table","NW_015090842.1:9478829",5,5,0
"ZC3H18","s1650_F_NC_02_ASEReadCounter.table","NW_015090842.1:9494271",3,11,8
"ZC3H18","s1650_F_NC_02_ASEReadCounter.table","NW_015090842.1:9501427",6,17,11
"ZC3H18","s1650_F_NC_02_ASEReadCounter.table","NW_015090842.1:9501442",6,15,9
"ZC3H18","s1650_F_NC_02_ASEReadCounter.table","NW_015090842.1:9505538",8,11,3
"ZC3H18","s1650_F_NC_02_ASEReadCounter.table","NW_015090842.1:9506778",13,23,10
"ZC3H18","s1650_F_NC_02_ASEReadCounter.table","NW_015090842.1:9522538",7,21,14
"ZC3H18","s1650_F_NC_02_ASEReadCounter.table","NW_015090842.1:9524350",8,29,21
"ZC3H18","s1650_F_NC_02_ASEReadCounter.table","NW_015090842.1:9524366",8,31,23
"ZC3H18","s1650_F_NC_02_ASEReadCounter.table","NW_015090842.1:9524424",11,21,10
"ZC3H18","s1650_F_NC_02_ASEReadCounter.table","NW_015090842.1:9529649",22,57,35
"ZC3H18","s1650_F_NC_02_ASEReadCounter.table","NW_015090842.1:9529688",25,55,30
"ZC3H18","s1650_F_NC_02_ASEReadCounter.table","NW_015090842.1:9529691",23,52,29
"ZC3H18","s1650_F_NC_02_ASEReadCounter.table","NW_015090842.1:9530977",39,96,57
"ZC3H18","s1650_F_NC_02_ASEReadCounter.table","NW_015090842.1:9536699",0,51,51
"CYBA","s1650_F_NC_02_ASEReadCounter.table","NW_015090842.1:9547281",25,30,5
"CYBA","s1650_F_NC_02_ASEReadCounter.table","NW_015090842.1:9547402",55,79,24
"CYBA","s1650_F_NC_02_ASEReadCounter.table","NW_015090842.1:9547553",28,46,18
"CYBA","s1650_F_NC_02_ASEReadCounter.table","NW_015090842.1:9548052",24,32,8
"CYBA","s1650_F_NC_02_ASEReadCounter.table","NW_015090842.1:9548436",18,23,5
"CYBA","s1650_F_NC_02_ASEReadCounter.table","NW_015090842.1:9548442",18,23,5
"CYBA","s1650_F_NC_02_ASEReadCounter.table","NW_015090842.1:9548478",27,34,7
"CYBA","s1650_F_NC_02_ASEReadCounter.table","NW_015090842.1:9548487",28,33,5
"CYBA","s1650_F_NC_02_ASEReadCounter.table","NW_015090842.1:9548490",28,33,5
"CYBA","s1650_F_NC_02_ASEReadCounter.table","NW_015090842.1:9548717",26,30,4
"CYBA","s1650_F_NC_02_ASEReadCounter.table","NW_015090842.1:9548750",15,16,1
"CYBA","s1650_F_NC_02_ASEReadCounter.table","NW_015090842.1:9548766",12,14,2
"MVD","s1650_F_NC_02_ASEReadCounter.table","NW_015090842.1:9550678",34,59,25
"MVD","s1650_F_NC_02_ASEReadCounter.table","NW_015090842.1:9550690",35,63,28
"MVD","s1650_F_NC_02_ASEReadCounter.table","NW_015090842.1:9550691",35,62,27
"MVD","s1650_F_NC_02_ASEReadCounter.table","NW_015090842.1:9550699",42,76,34
"MVD","s1650_F_NC_02_ASEReadCounter.table","NW_015090842.1:9550719",41,70,29
"MVD","s1650_F_NC_02_ASEReadCounter.table","NW_015090842.1:9551596",67,105,38
"MVD","s1650_F_NC_02_ASEReadCounter.table","NW_015090842.1:9551638",52,92,40
"MVD","s1650_F_NC_02_ASEReadCounter.table","NW_015090842.1:9551899",0,3,3
"MVD","s1650_F_NC_02_ASEReadCounter.table","NW_015090842.1:9552193",35,62,27
"MVD","s1650_F_NC_02_ASEReadCounter.table","NW_015090842.1:9552202",37,69,32
"MVD","s1650_F_NC_02_ASEReadCounter.table","NW_015090842.1:9552208",37,70,33
"MVD","s1650_F_NC_02_ASEReadCounter.table","NW_015090842.1:9552625",19,33,14
"MVD","s1650_F_NC_02_ASEReadCounter.table","NW_015090842.1:9552629",37,37,0
"MVD","s1650_F_NC_02_ASEReadCounter.table","NW_015090842.1:9552644",22,39,17
"MVD","s1650_F_NC_02_ASEReadCounter.table","NW_015090842.1:9553093",22,36,14
"MVD","s1650_F_NC_02_ASEReadCounter.table","NW_015090842.1:9553114",26,42,16
"RNF166","s1650_F_NC_02_ASEReadCounter.table","NW_015090842.1:9557900",11,39,28
"RNF166","s1650_F_NC_02_ASEReadCounter.table","NW_015090842.1:9558048",16,36,20
"RNF166","s1650_F_NC_02_ASEReadCounter.table","NW_015090842.1:9558116",16,37,21
"RNF166","s1650_F_NC_02_ASEReadCounter.table","NW_015090842.1:9558308",11,32,21
"RNF166","s1650_F_NC_02_ASEReadCounter.table","NW_015090842.1:9558405",6,31,25
"RNF166","s1650_F_NC_02_ASEReadCounter.table","NW_015090842.1:9558549",7,42,35
"RNF166","s1650_F_NC_02_ASEReadCounter.table","NW_015090842.1:9558556",6,40,34
"RNF166","s1650_F_NC_02_ASEReadCounter.table","NW_015090842.1:9558579",8,41,33
"RNF166","s1650_F_NC_02_ASEReadCounter.table","NW_015090842.1:9558599",9,33,24
"RNF166","s1650_F_NC_02_ASEReadCounter.table","NW_015090842.1:9558688",12,35,23
"RNF166","s1650_F_NC_02_ASEReadCounter.table","NW_015090842.1:9558711",12,30,18
"RNF166","s1650_F_NC_02_ASEReadCounter.table","NW_015090842.1:9558733",14,33,19
"RNF166","s1650_F_NC_02_ASEReadCounter.table","NW_015090842.1:9558847",13,30,17
"RNF166","s1650_F_NC_02_ASEReadCounter.table","NW_015090842.1:9559798",12,27,15
"RNF166","s1650_F_NC_02_ASEReadCounter.table","NW_015090842.1:9560575",8,25,17
"RNF166","s1650_F_NC_02_ASEReadCounter.table","NW_015090842.1:9561055",8,21,13
"RNF166","s1650_F_NC_02_ASEReadCounter.table","NW_015090842.1:9562458",12,17,5
"RNF166","s1650_F_NC_02_ASEReadCounter.table","NW_015090842.1:9562497",6,11,5
"RNF166","s1650_F_NC_02_ASEReadCounter.table","NW_015090842.1:9562539",5,13,8
"RNF166","s1650_F_NC_02_ASEReadCounter.table","NW_015090842.1:9564056",6,9,3
"CTU2","s1650_F_NC_02_ASEReadCounter.table","NW_015090842.1:9565149",7,12,5
"CTU2","s1650_F_NC_02_ASEReadCounter.table","NW_015090842.1:9565193",9,17,8
"CTU2","s1650_F_NC_02_ASEReadCounter.table","NW_015090842.1:9565300",8,17,9
"CTU2","s1650_F_NC_02_ASEReadCounter.table","NW_015090842.1:9565321",9,19,10
"CTU2","s1650_F_NC_02_ASEReadCounter.table","NW_015090842.1:9565721",6,17,11
"CTU2","s1650_F_NC_02_ASEReadCounter.table","NW_015090842.1:9565739",9,21,12
"CTU2","s1650_F_NC_02_ASEReadCounter.table","NW_015090842.1:9565905",12,24,12
"CTU2","s1650_F_NC_02_ASEReadCounter.table","NW_015090842.1:9566013",21,21,0
"CTU2","s1650_F_NC_02_ASEReadCounter.table","NW_015090842.1:9566055",21,37,16
"CTU2","s1650_F_NC_02_ASEReadCounter.table","NW_015090842.1:9566056",21,38,17
"CTU2","s1650_F_NC_02_ASEReadCounter.table","NW_015090842.1:9566151",15,30,15
"CTU2","s1650_F_NC_02_ASEReadCounter.table","NW_015090842.1:9566300",15,34,19
"CTU2","s1650_F_NC_02_ASEReadCounter.table","NW_015090842.1:9566342",18,31,13
"CTU2","s1650_F_NC_02_ASEReadCounter.table","NW_015090842.1:9566548",14,27,13
"CTU2","s1650_F_NC_02_ASEReadCounter.table","NW_015090842.1:9566625",14,28,14
"CTU2","s1650_F_NC_02_ASEReadCounter.table","NW_015090842.1:9566633",14,29,15
"CTU2","s1650_F_NC_02_ASEReadCounter.table","NW_015090842.1:9566807",14,34,20
"CTU2","s1650_F_NC_02_ASEReadCounter.table","NW_015090842.1:9567139",30,52,22
"CTU2","s1650_F_NC_02_ASEReadCounter.table","NW_015090842.1:9567156",41,65,24
"CTU2","s1650_F_NC_02_ASEReadCounter.table","NW_015090842.1:9567614",35,63,28
"CTU2","s1650_F_NC_02_ASEReadCounter.table","NW_015090842.1:9567677",33,65,32
"CTU2","s1650_F_NC_02_ASEReadCounter.table","NW_015090842.1:9567747",29,75,46
"CTU2","s1650_F_NC_02_ASEReadCounter.table","NW_015090842.1:9567828",23,58,35
"CTU2","s1650_F_NC_02_ASEReadCounter.table","NW_015090842.1:9567829",21,56,35
"CTU2","s1650_F_NC_02_ASEReadCounter.table","NW_015090842.1:9567885",10,24,14
"PIEZO1","s1650_F_NC_02_ASEReadCounter.table","NW_015090842.1:9568093",38,65,27
"PIEZO1","s1650_F_NC_02_ASEReadCounter.table","NW_015090842.1:9568672",30,67,37
"PIEZO1","s1650_F_NC_02_ASEReadCounter.table","NW_015090842.1:9568948",33,63,30
"PIEZO1","s1650_F_NC_02_ASEReadCounter.table","NW_015090842.1:9568987",45,45,0
"PIEZO1","s1650_F_NC_02_ASEReadCounter.table","NW_015090842.1:9569040",14,35,21
"PIEZO1","s1650_F_NC_02_ASEReadCounter.table","NW_015090842.1:9569180",16,36,20
"PIEZO1","s1650_F_NC_02_ASEReadCounter.table","NW_015090842.1:9569192",14,34,20
"PIEZO1","s1650_F_NC_02_ASEReadCounter.table","NW_015090842.1:9570088",14,34,20
"PIEZO1","s1650_F_NC_02_ASEReadCounter.table","NW_015090842.1:9570480",5,20,15
"PIEZO1","s1650_F_NC_02_ASEReadCounter.table","NW_015090842.1:9570639",7,19,12
"PIEZO1","s1650_F_NC_02_ASEReadCounter.table","NW_015090842.1:9571847",12,30,18
"PIEZO1","s1650_F_NC_02_ASEReadCounter.table","NW_015090842.1:9572371",4,14,10
"PIEZO1","s1650_F_NC_02_ASEReadCounter.table","NW_015090842.1:9572638",6,15,9
"PIEZO1","s1650_F_NC_02_ASEReadCounter.table","NW_015090842.1:9573156",14,27,13
"PIEZO1","s1650_F_NC_02_ASEReadCounter.table","NW_015090842.1:9573280",14,25,11
"PIEZO1","s1650_F_NC_02_ASEReadCounter.table","NW_015090842.1:9573566",7,15,8
"PIEZO1","s1650_F_NC_02_ASEReadCounter.table","NW_015090842.1:9575341",7,10,3
"PIEZO1","s1650_F_NC_02_ASEReadCounter.table","NW_015090842.1:9575367",6,9,3
"PIEZO1","s1650_F_NC_02_ASEReadCounter.table","NW_015090842.1:9575645",4,8,4
"PIEZO1","s1650_F_NC_02_ASEReadCounter.table","NW_015090842.1:9575696",1,5,4
"PIEZO1","s1650_F_NC_02_ASEReadCounter.table","NW_015090842.1:9575897",2,3,1
"PIEZO1","s1650_F_NC_02_ASEReadCounter.table","NW_015090842.1:9576060",4,6,2
"PIEZO1","s1650_F_NC_02_ASEReadCounter.table","NW_015090842.1:9576087",5,8,3
"PIEZO1","s1650_F_NC_02_ASEReadCounter.table","NW_015090842.1:9576093",4,7,3
"PIEZO1","s1650_F_NC_02_ASEReadCounter.table","NW_015090842.1:9576120",3,6,3
"PIEZO1","s1650_F_NC_02_ASEReadCounter.table","NW_015090842.1:9576687",3,6,3
"PIEZO1","s1650_F_NC_02_ASEReadCounter.table","NW_015090842.1:9576710",3,7,4
"PIEZO1","s1650_F_NC_02_ASEReadCounter.table","NW_015090842.1:9576723",3,7,4
"PIEZO1","s1650_F_NC_02_ASEReadCounter.table","NW_015090842.1:9578268",1,8,7
"PIEZO1","s1650_F_NC_02_ASEReadCounter.table","NW_015090842.1:9578770",5,7,2
"PIEZO1","s1650_F_NC_02_ASEReadCounter.table","NW_015090842.1:9578806",6,7,1
"PIEZO1","s1650_F_NC_02_ASEReadCounter.table","NW_015090842.1:9579064",5,5,0
"PIEZO1","s1650_F_NC_02_ASEReadCounter.table","NW_015090842.1:9579065",5,5,0
"PIEZO1","s1650_F_NC_02_ASEReadCounter.table","NW_015090842.1:9579347",3,9,6
"PIEZO1","s1650_F_NC_02_ASEReadCounter.table","NW_015090842.1:9580765",3,8,5
"PIEZO1","s1650_F_NC_02_ASEReadCounter.table","NW_015090842.1:9580996",0,4,4
"PIEZO1","s1650_F_NC_02_ASEReadCounter.table","NW_015090842.1:9581101",2,4,2
"PIEZO1","s1650_F_NC_02_ASEReadCounter.table","NW_015090842.1:9581299",4,4,0
"PIEZO1","s1650_F_NC_02_ASEReadCounter.table","NW_015090842.1:9581875",2,4,2
"PIEZO1","s1650_F_NC_02_ASEReadCounter.table","NW_015090842.1:9582046",3,6,3
"PIEZO1","s1650_F_NC_02_ASEReadCounter.table","NW_015090842.1:9582961",0,3,3
"PIEZO1","s1650_F_NC_02_ASEReadCounter.table","NW_015090842.1:9583298",1,2,1
"PIEZO1","s1650_F_NC_02_ASEReadCounter.table","NW_015090842.1:9584425",0,1,1
"PIEZO1","s1650_F_NC_02_ASEReadCounter.table","NW_015090842.1:9584435",1,2,1
"PIEZO1","s1650_F_NC_02_ASEReadCounter.table","NW_015090842.1:9584438",1,2,1
"PIEZO1","s1650_F_NC_02_ASEReadCounter.table","NW_015090842.1:9584441",1,2,1
"CDT1","s1650_F_NC_02_ASEReadCounter.table","NW_015090842.1:9596596",0,1,1
"CDT1","s1650_F_NC_02_ASEReadCounter.table","NW_015090842.1:9596766",1,3,2
"CDT1","s1650_F_NC_02_ASEReadCounter.table","NW_015090842.1:9597054",0,1,1
"CDT1","s1650_F_NC_02_ASEReadCounter.table","NW_015090842.1:9597074",0,1,1
"CDT1","s1650_F_NC_02_ASEReadCounter.table","NW_015090842.1:9597137",3,4,1
"CDT1","s1650_F_NC_02_ASEReadCounter.table","NW_015090842.1:9597756",1,2,1
"CDT1","s1650_F_NC_02_ASEReadCounter.table","NW_015090842.1:9597766",1,3,2
"CDT1","s1650_F_NC_02_ASEReadCounter.table","NW_015090842.1:9598496",2,9,7
"CDT1","s1650_F_NC_02_ASEReadCounter.table","NW_015090842.1:9598498",2,8,6
"CDT1","s1650_F_NC_02_ASEReadCounter.table","NW_015090842.1:9598816",1,5,4
"CDT1","s1650_F_NC_02_ASEReadCounter.table","NW_015090842.1:9598879",3,14,11
"CDT1","s1650_F_NC_02_ASEReadCounter.table","NW_015090842.1:9598912",4,15,11
"CDT1","s1650_F_NC_02_ASEReadCounter.table","NW_015090842.1:9598959",4,15,11
"CDT1","s1650_F_NC_02_ASEReadCounter.table","NW_015090842.1:9599807",7,11,4
"CDT1","s1650_F_NC_02_ASEReadCounter.table","NW_015090842.1:9599819",6,9,3
"CDT1","s1650_F_NC_02_ASEReadCounter.table","NW_015090842.1:9599845",8,12,4
"CDT1","s1650_F_NC_02_ASEReadCounter.table","NW_015090842.1:9600148",7,14,7
"CDT1","s1650_F_NC_02_ASEReadCounter.table","NW_015090842.1:9600151",8,16,8
"CDT1","s1650_F_NC_02_ASEReadCounter.table","NW_015090842.1:9600217",11,15,4
"CDT1","s1650_F_NC_02_ASEReadCounter.table","NW_015090842.1:9600226",14,19,5
"CDT1","s1650_F_NC_02_ASEReadCounter.table","NW_015090842.1:9600260",12,17,5
"CDT1","s1650_F_NC_02_ASEReadCounter.table","NW_015090842.1:9600268",11,16,5
"CDT1","s1650_F_NC_02_ASEReadCounter.table","NW_015090842.1:9600305",8,16,8
"CDT1","s1650_F_NC_02_ASEReadCounter.table","NW_015090842.1:9600397",9,13,4
"CDT1","s1650_F_NC_02_ASEReadCounter.table","NW_015090842.1:9600447",1,9,8
"CDT1","s1650_F_NC_02_ASEReadCounter.table","NW_015090842.1:9600450",2,10,8
"CDT1","s1650_F_NC_02_ASEReadCounter.table","NW_015090842.1:9600485",5,18,13
"CDT1","s1650_F_NC_02_ASEReadCounter.table","NW_015090842.1:9600579",7,16,9
"APRT","s1650_F_NC_02_ASEReadCounter.table","NW_015090842.1:9602308",38,111,73
"APRT","s1650_F_NC_02_ASEReadCounter.table","NW_015090842.1:9602440",73,216,143
"APRT","s1650_F_NC_02_ASEReadCounter.table","NW_015090842.1:9602449",70,202,132
"APRT","s1650_F_NC_02_ASEReadCounter.table","NW_015090842.1:9602451",72,201,129
"APRT","s1650_F_NC_02_ASEReadCounter.table","NW_015090842.1:9602455",72,201,129
"APRT","s1650_F_NC_02_ASEReadCounter.table","NW_015090842.1:9602462",72,202,130
"APRT","s1650_F_NC_02_ASEReadCounter.table","NW_015090842.1:9602507",49,184,135
"APRT","s1650_F_NC_02_ASEReadCounter.table","NW_015090842.1:9602514",52,186,134
"APRT","s1650_F_NC_02_ASEReadCounter.table","NW_015090842.1:9602530",49,163,114
"APRT","s1650_F_NC_02_ASEReadCounter.table","NW_015090842.1:9602582",40,147,107
"APRT","s1650_F_NC_02_ASEReadCounter.table","NW_015090842.1:9602583",40,145,105
"APRT","s1650_F_NC_02_ASEReadCounter.table","NW_015090842.1:9602650",54,162,108
"APRT","s1650_F_NC_02_ASEReadCounter.table","NW_015090842.1:9602655",56,158,102
"APRT","s1650_F_NC_02_ASEReadCounter.table","NW_015090842.1:9602712",46,167,121
"APRT","s1650_F_NC_02_ASEReadCounter.table","NW_015090842.1:9602764",45,175,130
"APRT","s1650_F_NC_02_ASEReadCounter.table","NW_015090842.1:9602821",41,143,102
"APRT","s1650_F_NC_02_ASEReadCounter.table","NW_015090842.1:9602867",41,130,89
"APRT","s1650_F_NC_02_ASEReadCounter.table","NW_015090842.1:9602883",40,133,93
"APRT","s1650_F_NC_02_ASEReadCounter.table","NW_015090842.1:9602886",40,130,90
"APRT","s1650_F_NC_02_ASEReadCounter.table","NW_015090842.1:9602948",45,152,107
"APRT","s1650_F_NC_02_ASEReadCounter.table","NW_015090842.1:9602958",44,157,113
"APRT","s1650_F_NC_02_ASEReadCounter.table","NW_015090842.1:9603020",45,173,128
"APRT","s1650_F_NC_02_ASEReadCounter.table","NW_015090842.1:9603025",46,175,129
"APRT","s1650_F_NC_02_ASEReadCounter.table","NW_015090842.1:9603154",34,120,86
"APRT","s1650_F_NC_02_ASEReadCounter.table","NW_015090842.1:9603166",42,141,99
"APRT","s1650_F_NC_02_ASEReadCounter.table","NW_015090842.1:9603326",30,113,83
"APRT","s1650_F_NC_02_ASEReadCounter.table","NW_015090842.1:9603419",38,108,70
"APRT","s1650_F_NC_02_ASEReadCounter.table","NW_015090842.1:9603420",37,106,69
"APRT","s1650_F_NC_02_ASEReadCounter.table","NW_015090842.1:9603464",27,88,61
"APRT","s1650_F_NC_02_ASEReadCounter.table","NW_015090842.1:9603528",23,87,64
"APRT","s1650_F_NC_02_ASEReadCounter.table","NW_015090842.1:9603607",21,92,71
"APRT","s1650_F_NC_02_ASEReadCounter.table","NW_015090842.1:9603622",17,78,61
"APRT","s1650_F_NC_02_ASEReadCounter.table","NW_015090842.1:9604361",13,88,75
"APRT","s1650_F_NC_02_ASEReadCounter.table","NW_015090842.1:9605317",11,29,18
"APRT","s1650_F_NC_02_ASEReadCounter.table","NW_015090842.1:9605336",13,35,22
"GALNS","s1650_F_NC_02_ASEReadCounter.table","NW_015090842.1:9612872",5,7,2
"GALNS","s1650_F_NC_02_ASEReadCounter.table","NW_015090842.1:9612873",4,6,2
"GALNS","s1650_F_NC_02_ASEReadCounter.table","NW_015090842.1:9612877",5,7,2
"GALNS","s1650_F_NC_02_ASEReadCounter.table","NW_015090842.1:9612942",12,21,9
"GALNS","s1650_F_NC_02_ASEReadCounter.table","NW_015090842.1:9612987",19,19,0
"GALNS","s1650_F_NC_02_ASEReadCounter.table","NW_015090842.1:9613064",6,18,12
"GALNS","s1650_F_NC_02_ASEReadCounter.table","NW_015090842.1:9613096",11,26,15
"GALNS","s1650_F_NC_02_ASEReadCounter.table","NW_015090842.1:9613123",12,27,15
"GALNS","s1650_F_NC_02_ASEReadCounter.table","NW_015090842.1:9613125",12,27,15
"GALNS","s1650_F_NC_02_ASEReadCounter.table","NW_015090842.1:9613193",9,23,14
"GALNS","s1650_F_NC_02_ASEReadCounter.table","NW_015090842.1:9613226",12,23,11
"GALNS","s1650_F_NC_02_ASEReadCounter.table","NW_015090842.1:9613249",13,27,14
"GALNS","s1650_F_NC_02_ASEReadCounter.table","NW_015090842.1:9613256",16,32,16
"GALNS","s1650_F_NC_02_ASEReadCounter.table","NW_015090842.1:9613317",16,30,14
"GALNS","s1650_F_NC_02_ASEReadCounter.table","NW_015090842.1:9613343",13,27,14
"GALNS","s1650_F_NC_02_ASEReadCounter.table","NW_015090842.1:9613344",13,25,12
"GALNS","s1650_F_NC_02_ASEReadCounter.table","NW_015090842.1:9613371",17,30,13
"GALNS","s1650_F_NC_02_ASEReadCounter.table","NW_015090842.1:9613378",17,30,13
"GALNS","s1650_F_NC_02_ASEReadCounter.table","NW_015090842.1:9613379",16,31,15
"GALNS","s1650_F_NC_02_ASEReadCounter.table","NW_015090842.1:9613516",23,38,15
"GALNS","s1650_F_NC_02_ASEReadCounter.table","NW_015090842.1:9613572",18,36,18
"GALNS","s1650_F_NC_02_ASEReadCounter.table","NW_015090842.1:9613597",10,29,19
"GALNS","s1650_F_NC_02_ASEReadCounter.table","NW_015090842.1:9613627",9,21,12
"GALNS","s1650_F_NC_02_ASEReadCounter.table","NW_015090842.1:9613640",9,22,13
"GALNS","s1650_F_NC_02_ASEReadCounter.table","NW_015090842.1:9614025",6,14,8
"GALNS","s1650_F_NC_02_ASEReadCounter.table","NW_015090842.1:9614169",10,15,5
"GALNS","s1650_F_NC_02_ASEReadCounter.table","NW_015090842.1:9614232",18,18,0
"GALNS","s1650_F_NC_02_ASEReadCounter.table","NW_015090842.1:9614667",6,11,5
"GALNS","s1650_F_NC_02_ASEReadCounter.table","NW_015090842.1:9614709",7,13,6
"GALNS","s1650_F_NC_02_ASEReadCounter.table","NW_015090842.1:9614880",8,17,9
"GALNS","s1650_F_NC_02_ASEReadCounter.table","NW_015090842.1:9614902",5,12,7
"GALNS","s1650_F_NC_02_ASEReadCounter.table","NW_015090842.1:9614960",2,5,3
"GALNS","s1650_F_NC_02_ASEReadCounter.table","NW_015090842.1:9615114",11,15,4
"GALNS","s1650_F_NC_02_ASEReadCounter.table","NW_015090842.1:9615199",5,10,5
"GALNS","s1650_F_NC_02_ASEReadCounter.table","NW_015090842.1:9615217",4,10,6
"GALNS","s1650_F_NC_02_ASEReadCounter.table","NW_015090842.1:9615277",4,8,4
"GALNS","s1650_F_NC_02_ASEReadCounter.table","NW_015090842.1:9615377",8,14,6
"GALNS","s1650_F_NC_02_ASEReadCounter.table","NW_015090842.1:9647858",2,5,3
"GALNS","s1650_F_NC_02_ASEReadCounter.table","NW_015090842.1:9649186",0,4,4
"GALNS","s1650_F_NC_02_ASEReadCounter.table","NW_015090842.1:9649237",0,2,2
"GALNS","s1650_F_NC_02_ASEReadCounter.table","NW_015090842.1:9661193",1,1,0
"TRAPPC2L","s1650_F_NC_02_ASEReadCounter.table","NW_015090842.1:9662951",96,179,83
"TRAPPC2L","s1650_F_NC_02_ASEReadCounter.table","NW_015090842.1:9663014",115,203,88
"TRAPPC2L","s1650_F_NC_02_ASEReadCounter.table","NW_015090842.1:9664305",220,223,3
"TRAPPC2L","s1650_F_NC_02_ASEReadCounter.table","NW_015090842.1:9665155",129,227,98
"TRAPPC2L","s1650_F_NC_02_ASEReadCounter.table","NW_015090842.1:9665211",47,90,43
"CBFA2T3","s1650_F_NC_02_ASEReadCounter.table","NW_015090842.1:9709469",2,23,21
"CBFA2T3","s1650_F_NC_02_ASEReadCounter.table","NW_015090842.1:9709475",2,26,24
"CBFA2T3","s1650_F_NC_02_ASEReadCounter.table","NW_015090842.1:9711845",0,7,7
"CBFA2T3","s1650_F_NC_02_ASEReadCounter.table","NW_015090842.1:9712157",0,9,9
"CBFA2T3","s1650_F_NC_02_ASEReadCounter.table","NW_015090842.1:9712160",0,9,9
"CBFA2T3","s1650_F_NC_02_ASEReadCounter.table","NW_015090842.1:9712166",0,8,8
"CBFA2T3","s1650_F_NC_02_ASEReadCounter.table","NW_015090842.1:9712536",2,9,7
"CBFA2T3","s1650_F_NC_02_ASEReadCounter.table","NW_015090842.1:9712673",3,10,7
"CBFA2T3","s1650_F_NC_02_ASEReadCounter.table","NW_015090842.1:9712787",5,19,14
"CBFA2T3","s1650_F_NC_02_ASEReadCounter.table","NW_015090842.1:9712791",7,18,11
"CBFA2T3","s1650_F_NC_02_ASEReadCounter.table","NW_015090842.1:9712805",7,17,10
"CBFA2T3","s1650_F_NC_02_ASEReadCounter.table","NW_015090842.1:9712811",7,18,11
"CBFA2T3","s1650_F_NC_02_ASEReadCounter.table","NW_015090842.1:9712848",5,14,9
"CBFA2T3","s1650_F_NC_02_ASEReadCounter.table","NW_015090842.1:9713088",1,5,4
"CBFA2T3","s1650_F_NC_02_ASEReadCounter.table","NW_015090842.1:9713121",4,10,6
"CBFA2T3","s1650_F_NC_02_ASEReadCounter.table","NW_015090842.1:9717058",5,16,11
"CBFA2T3","s1650_F_NC_02_ASEReadCounter.table","NW_015090842.1:9717093",7,19,12
"CBFA2T3","s1650_F_NC_02_ASEReadCounter.table","NW_015090842.1:9717114",12,22,10
"CBFA2T3","s1650_F_NC_02_ASEReadCounter.table","NW_015090842.1:9717139",12,23,11
"CBFA2T3","s1650_F_NC_02_ASEReadCounter.table","NW_015090842.1:9719788",2,5,3
"CBFA2T3","s1650_F_NC_02_ASEReadCounter.table","NW_015090842.1:9728475",0,1,1
"CBFA2T3","s1650_F_NC_02_ASEReadCounter.table","NW_015090842.1:9728522",0,1,1
"CBFA2T3","s1650_F_NC_02_ASEReadCounter.table","NW_015090842.1:9728525",0,1,1
"CBFA2T3","s1650_F_NC_02_ASEReadCounter.table","NW_015090842.1:9728654",0,2,2
"ACSF3","s1650_F_NC_02_ASEReadCounter.table","NW_015090842.1:9773379",0,2,2
"ACSF3","s1650_F_NC_02_ASEReadCounter.table","NW_015090842.1:9773382",0,2,2
"ACSF3","s1650_F_NC_02_ASEReadCounter.table","NW_015090842.1:9773384",0,2,2
"ACSF3","s1650_F_NC_02_ASEReadCounter.table","NW_015090842.1:9773388",0,5,5
"ACSF3","s1650_F_NC_02_ASEReadCounter.table","NW_015090842.1:9776753",2,5,3
"ACSF3","s1650_F_NC_02_ASEReadCounter.table","NW_015090842.1:9776783",3,5,2
"ACSF3","s1650_F_NC_02_ASEReadCounter.table","NW_015090842.1:9776879",4,5,1
"ACSF3","s1650_F_NC_02_ASEReadCounter.table","NW_015090842.1:9776965",4,6,2
"ACSF3","s1650_F_NC_02_ASEReadCounter.table","NW_015090842.1:9777091",6,8,2
"ACSF3","s1650_F_NC_02_ASEReadCounter.table","NW_015090842.1:9777206",5,8,3
"ACSF3","s1650_F_NC_02_ASEReadCounter.table","NW_015090842.1:9777283",8,13,5
"ACSF3","s1650_F_NC_02_ASEReadCounter.table","NW_015090842.1:9778955",11,29,18
"ACSF3","s1650_F_NC_02_ASEReadCounter.table","NW_015090842.1:9778997",17,38,21
"ACSF3","s1650_F_NC_02_ASEReadCounter.table","NW_015090842.1:9789311",16,38,22
"ACSF3","s1650_F_NC_02_ASEReadCounter.table","NW_015090842.1:9789906",3,31,28
"ACSF3","s1650_F_NC_02_ASEReadCounter.table","NW_015090842.1:9834743",32,70,38
"ACSF3","s1650_F_NC_02_ASEReadCounter.table","NW_015090842.1:9834852",47,107,60
"ACSF3","s1650_F_NC_02_ASEReadCounter.table","NW_015090842.1:9834861",40,95,55
"ACSF3","s1650_F_NC_02_ASEReadCounter.table","NW_015090842.1:9839359",29,74,45
"ACSF3","s1650_F_NC_02_ASEReadCounter.table","NW_015090842.1:9839378",28,72,44
"ACSF3","s1650_F_NC_02_ASEReadCounter.table","NW_015090842.1:9839455",31,89,58
"ACSF3","s1650_F_NC_02_ASEReadCounter.table","NW_015090842.1:9839457",30,86,56
"ACSF3","s1650_F_NC_02_ASEReadCounter.table","NW_015090842.1:9839489",25,64,39
"ACSF3","s1650_F_NC_02_ASEReadCounter.table","NW_015090842.1:9839500",23,59,36
"ACSF3","s1650_F_NC_02_ASEReadCounter.table","NW_015090842.1:9839501",23,57,34
"ACSF3","s1650_F_NC_02_ASEReadCounter.table","NW_015090842.1:9839504",25,60,35
"ACSF3","s1650_F_NC_02_ASEReadCounter.table","NW_015090842.1:9839512",20,42,22
"ACSF3","s1650_F_NC_02_ASEReadCounter.table","NW_015090842.1:9839527",16,34,18
"ACSF3","s1650_F_NC_02_ASEReadCounter.table","NW_015090842.1:9839533",7,23,16
"ACSF3","s1650_F_NC_02_ASEReadCounter.table","NW_015090842.1:9839535",8,22,14
"ACSF3","s1650_F_NC_02_ASEReadCounter.table","NW_015090842.1:9839545",6,17,11
"ACSF3","s1650_F_NC_02_ASEReadCounter.table","NW_015090842.1:9839550",3,14,11
"ACSF3","s1650_F_NC_02_ASEReadCounter.table","NW_015090842.1:9839551",4,15,11
"CDH15","s1650_F_NC_02_ASEReadCounter.table","NW_015090842.1:9847163",1,1,0
"CDH15","s1650_F_NC_02_ASEReadCounter.table","NW_015090842.1:9847174",1,1,0
"CDH15","s1650_F_NC_02_ASEReadCounter.table","NW_015090842.1:9848004",0,2,2
"CDH15","s1650_F_NC_02_ASEReadCounter.table","NW_015090842.1:9848220",2,2,0
"CDH15","s1650_F_NC_02_ASEReadCounter.table","NW_015090842.1:9848265",1,1,0
"CDH15","s1650_F_NC_02_ASEReadCounter.table","NW_015090842.1:9849086",0,1,1
"CDH15","s1650_F_NC_02_ASEReadCounter.table","NW_015090842.1:9849119",0,1,1
"CDH15","s1650_F_NC_02_ASEReadCounter.table","NW_015090842.1:9849140",0,1,1
"CDH15","s1650_F_NC_02_ASEReadCounter.table","NW_015090842.1:9849473",1,2,1
"CDH15","s1650_F_NC_02_ASEReadCounter.table","NW_015090842.1:9850141",1,1,0
"CDH15","s1650_F_NC_02_ASEReadCounter.table","NW_015090842.1:9850386",1,1,0
"CDH15","s1650_F_NC_02_ASEReadCounter.table","NW_015090842.1:9850432",2,2,0
"CDH15","s1650_F_NC_02_ASEReadCounter.table","NW_015090842.1:9850609",2,2,0
"SLC22A31","s1650_F_NC_02_ASEReadCounter.table","NW_015090842.1:9850929",1,1,0
"SLC22A31","s1650_F_NC_02_ASEReadCounter.table","NW_015090842.1:9850936",1,1,0
"SLC22A31","s1650_F_NC_02_ASEReadCounter.table","NW_015090842.1:9850940",1,1,0
"SLC22A31","s1650_F_NC_02_ASEReadCounter.table","NW_015090842.1:9850948",1,1,0
"SLC22A31","s1650_F_NC_02_ASEReadCounter.table","NW_015090842.1:9850961",1,1,0
"SLC22A31","s1650_F_NC_02_ASEReadCounter.table","NW_015090842.1:9850970",1,1,0
"SLC22A31","s1650_F_NC_02_ASEReadCounter.table","NW_015090842.1:9850978",2,2,0
"SLC22A31","s1650_F_NC_02_ASEReadCounter.table","NW_015090842.1:9850981",2,2,0
"SLC22A31","s1650_F_NC_02_ASEReadCounter.table","NW_015090842.1:9851117",5,11,6
"SLC22A31","s1650_F_NC_02_ASEReadCounter.table","NW_015090842.1:9851130",5,12,7
"SLC22A31","s1650_F_NC_02_ASEReadCounter.table","NW_015090842.1:9851139",5,12,7
"SLC22A31","s1650_F_NC_02_ASEReadCounter.table","NW_015090842.1:9851265",9,29,20
"SLC22A31","s1650_F_NC_02_ASEReadCounter.table","NW_015090842.1:9851302",8,26,18
"SLC22A31","s1650_F_NC_02_ASEReadCounter.table","NW_015090842.1:9851303",8,26,18
"SLC22A31","s1650_F_NC_02_ASEReadCounter.table","NW_015090842.1:9851305",8,26,18
"SLC22A31","s1650_F_NC_02_ASEReadCounter.table","NW_015090842.1:9851343",8,18,10
"SLC22A31","s1650_F_NC_02_ASEReadCounter.table","NW_015090842.1:9851344",8,17,9
"SLC22A31","s1650_F_NC_02_ASEReadCounter.table","NW_015090842.1:9851361",18,18,0
"SLC22A31","s1650_F_NC_02_ASEReadCounter.table","NW_015090842.1:9851381",10,23,13
"SLC22A31","s1650_F_NC_02_ASEReadCounter.table","NW_015090842.1:9851421",11,30,19
"SLC22A31","s1650_F_NC_02_ASEReadCounter.table","NW_015090842.1:9851501",4,20,16
"SLC22A31","s1650_F_NC_02_ASEReadCounter.table","NW_015090842.1:9851526",5,25,20
"SLC22A31","s1650_F_NC_02_ASEReadCounter.table","NW_015090842.1:9851589",4,25,21
"SLC22A31","s1650_F_NC_02_ASEReadCounter.table","NW_015090842.1:9851712",11,26,15
"SLC22A31","s1650_F_NC_02_ASEReadCounter.table","NW_015090842.1:9851899",5,19,14
"SLC22A31","s1650_F_NC_02_ASEReadCounter.table","NW_015090842.1:9852139",3,15,12
"SLC22A31","s1650_F_NC_02_ASEReadCounter.table","NW_015090842.1:9852380",7,13,6
"SLC22A31","s1650_F_NC_02_ASEReadCounter.table","NW_015090842.1:9852431",1,9,8
"SLC22A31","s1650_F_NC_02_ASEReadCounter.table","NW_015090842.1:9852630",8,19,11
"SLC22A31","s1650_F_NC_02_ASEReadCounter.table","NW_015090842.1:9852711",7,15,8
"SLC22A31","s1650_F_NC_02_ASEReadCounter.table","NW_015090842.1:9853099",2,6,4
"SLC22A31","s1650_F_NC_02_ASEReadCounter.table","NW_015090842.1:9853102",2,6,4
"SLC22A31","s1650_F_NC_02_ASEReadCounter.table","NW_015090842.1:9853421",2,3,1
"SLC22A31","s1650_F_NC_02_ASEReadCounter.table","NW_015090842.1:9853457",2,4,2
"SLC22A31","s1650_F_NC_02_ASEReadCounter.table","NW_015090842.1:9853502",2,4,2
"ANKRD11","s1650_F_NC_02_ASEReadCounter.table","NW_015090842.1:9858863",6,23,17
"ANKRD11","s1650_F_NC_02_ASEReadCounter.table","NW_015090842.1:9859101",194,447,253
"ANKRD11","s1650_F_NC_02_ASEReadCounter.table","NW_015090842.1:9859352",241,539,298
"ANKRD11","s1650_F_NC_02_ASEReadCounter.table","NW_015090842.1:9859381",41,256,215
"ANKRD11","s1650_F_NC_02_ASEReadCounter.table","NW_015090842.1:9859679",224,472,248
"ANKRD11","s1650_F_NC_02_ASEReadCounter.table","NW_015090842.1:9861097",117,269,152
"ANKRD11","s1650_F_NC_02_ASEReadCounter.table","NW_015090842.1:9862571",90,187,97
"ANKRD11","s1650_F_NC_02_ASEReadCounter.table","NW_015090842.1:9862652",55,101,46
"ANKRD11","s1650_F_NC_02_ASEReadCounter.table","NW_015090842.1:9866071",0,92,92
"ANKRD11","s1650_F_NC_02_ASEReadCounter.table","NW_015090842.1:9866200",0,48,48
"ANKRD11","s1650_F_NC_02_ASEReadCounter.table","NW_015090842.1:9867391",11,23,12
"ANKRD11","s1650_F_NC_02_ASEReadCounter.table","NW_015090842.1:9867472",21,50,29
"ANKRD11","s1650_F_NC_02_ASEReadCounter.table","NW_015090842.1:9867559",18,43,25
"ANKRD11","s1650_F_NC_02_ASEReadCounter.table","NW_015090842.1:9867667",15,33,18
"ANKRD11","s1650_F_NC_02_ASEReadCounter.table","NW_015090842.1:9867934",11,29,18
"ANKRD11","s1650_F_NC_02_ASEReadCounter.table","NW_015090842.1:9868064",17,43,26
"ANKRD11","s1650_F_NC_02_ASEReadCounter.table","NW_015090842.1:9868093",21,48,27
"ANKRD11","s1650_F_NC_02_ASEReadCounter.table","NW_015090842.1:9868222",22,55,33
"ANKRD11","s1650_F_NC_02_ASEReadCounter.table","NW_015090842.1:9868327",29,56,27
"ANKRD11","s1650_F_NC_02_ASEReadCounter.table","NW_015090842.1:9868414",34,79,45
"ANKRD11","s1650_F_NC_02_ASEReadCounter.table","NW_015090842.1:9868441",36,82,46
"ANKRD11","s1650_F_NC_02_ASEReadCounter.table","NW_015090842.1:9868444",38,86,48
"ANKRD11","s1650_F_NC_02_ASEReadCounter.table","NW_015090842.1:9868519",47,98,51
"ANKRD11","s1650_F_NC_02_ASEReadCounter.table","NW_015090842.1:9868609",69,145,76
"ANKRD11","s1650_F_NC_02_ASEReadCounter.table","NW_015090842.1:9868666",84,183,99
"ANKRD11","s1650_F_NC_02_ASEReadCounter.table","NW_015090842.1:9868738",221,222,1
"ANKRD11","s1650_F_NC_02_ASEReadCounter.table","NW_015090842.1:9869431",201,384,183
"ANKRD11","s1650_F_NC_02_ASEReadCounter.table","NW_015090842.1:9869578",281,547,266
"ANKRD11","s1650_F_NC_02_ASEReadCounter.table","NW_015090842.1:9869734",298,581,283
"ANKRD11","s1650_F_NC_02_ASEReadCounter.table","NW_015090842.1:9870070",280,621,341
"ANKRD11","s1650_F_NC_02_ASEReadCounter.table","NW_015090842.1:9870349",357,755,398
"ANKRD11","s1650_F_NC_02_ASEReadCounter.table","NW_015090842.1:9870604",447,854,407
"ANKRD11","s1650_F_NC_02_ASEReadCounter.table","NW_015090842.1:9870613",488,919,431
"ANKRD11","s1650_F_NC_02_ASEReadCounter.table","NW_015090842.1:9870685",510,1053,543
"ANKRD11","s1650_F_NC_02_ASEReadCounter.table","NW_015090842.1:9870760",447,997,550
"ANKRD11","s1650_F_NC_02_ASEReadCounter.table","NW_015090842.1:9870847",426,903,477
"ANKRD11","s1650_F_NC_02_ASEReadCounter.table","NW_015090842.1:9871103",280,602,322
"ANKRD11","s1650_F_NC_02_ASEReadCounter.table","NW_015090842.1:9871165",296,688,392
"ANKRD11","s1650_F_NC_02_ASEReadCounter.table","NW_015090842.1:9871508",333,333,0
"ANKRD11","s1650_F_NC_02_ASEReadCounter.table","NW_015090842.1:9871820",44,109,65
"ANKRD11","s1650_F_NC_02_ASEReadCounter.table","NW_015090842.1:9872118",48,97,49
"ANKRD11","s1650_F_NC_02_ASEReadCounter.table","NW_015090842.1:9877406",15,30,15
"SPG7","s1650_F_NC_02_ASEReadCounter.table","NW_015090842.1:10051190",30,58,28
"SPG7","s1650_F_NC_02_ASEReadCounter.table","NW_015090842.1:10051218",40,80,40
"SPG7","s1650_F_NC_02_ASEReadCounter.table","NW_015090842.1:10052348",34,79,45
"SPG7","s1650_F_NC_02_ASEReadCounter.table","NW_015090842.1:10052366",34,82,48
"SPG7","s1650_F_NC_02_ASEReadCounter.table","NW_015090842.1:10065173",80,162,82
"SPG7","s1650_F_NC_02_ASEReadCounter.table","NW_015090842.1:10065215",75,151,76
"SPG7","s1650_F_NC_02_ASEReadCounter.table","NW_015090842.1:10066365",85,168,83
"SPG7","s1650_F_NC_02_ASEReadCounter.table","NW_015090842.1:10069752",106,208,102
"SPG7","s1650_F_NC_02_ASEReadCounter.table","NW_015090842.1:10069800",114,238,124
"SPG7","s1650_F_NC_02_ASEReadCounter.table","NW_015090842.1:10071192",139,274,135
"SPG7","s1650_F_NC_02_ASEReadCounter.table","NW_015090842.1:10071219",125,243,118
"SPG7","s1650_F_NC_02_ASEReadCounter.table","NW_015090842.1:10071967",133,275,142
"SPG7","s1650_F_NC_02_ASEReadCounter.table","NW_015090842.1:10075109",283,548,265
"SPG7","s1650_F_NC_02_ASEReadCounter.table","NW_015090842.1:10075114",287,542,255
"SPG7","s1650_F_NC_02_ASEReadCounter.table","NW_015090842.1:10075198",256,451,195
"SPG7","s1650_F_NC_02_ASEReadCounter.table","NW_015090842.1:10075487",215,452,237
"SPG7","s1650_F_NC_02_ASEReadCounter.table","NW_015090842.1:10075488",215,451,236
"SPG7","s1650_F_NC_02_ASEReadCounter.table","NW_015090842.1:10075548",167,321,154
"RPL13","s1650_F_NC_02_ASEReadCounter.table","NW_015090842.1:10077387",326,691,365
"RPL13","s1650_F_NC_02_ASEReadCounter.table","NW_015090842.1:10077978",590,1203,613
"RPL13","s1650_F_NC_02_ASEReadCounter.table","NW_015090842.1:10077992",577,1179,602
"CPNE7","s1650_F_NC_02_ASEReadCounter.table","NW_015090842.1:10084001",9,22,13
"CPNE7","s1650_F_NC_02_ASEReadCounter.table","NW_015090842.1:10084856",6,16,10
"CPNE7","s1650_F_NC_02_ASEReadCounter.table","NW_015090842.1:10084872",9,19,10
"CPNE7","s1650_F_NC_02_ASEReadCounter.table","NW_015090842.1:10084892",6,18,12
"CPNE7","s1650_F_NC_02_ASEReadCounter.table","NW_015090842.1:10084921",7,18,11
"CPNE7","s1650_F_NC_02_ASEReadCounter.table","NW_015090842.1:10084935",8,19,11
"CPNE7","s1650_F_NC_02_ASEReadCounter.table","NW_015090842.1:10085000",9,16,7
"CPNE7","s1650_F_NC_02_ASEReadCounter.table","NW_015090842.1:10085089",10,18,8
"CPNE7","s1650_F_NC_02_ASEReadCounter.table","NW_015090842.1:10085096",11,19,8
"CPNE7","s1650_F_NC_02_ASEReadCounter.table","NW_015090842.1:10085126",14,19,5
"CPNE7","s1650_F_NC_02_ASEReadCounter.table","NW_015090842.1:10085167",15,15,0
"CPNE7","s1650_F_NC_02_ASEReadCounter.table","NW_015090842.1:10085180",11,18,7
"CPNE7","s1650_F_NC_02_ASEReadCounter.table","NW_015090842.1:10085201",10,18,8
"CPNE7","s1650_F_NC_02_ASEReadCounter.table","NW_015090842.1:10088134",19,31,12
"CPNE7","s1650_F_NC_02_ASEReadCounter.table","NW_015090842.1:10088146",17,27,10
"CPNE7","s1650_F_NC_02_ASEReadCounter.table","NW_015090842.1:10088806",29,54,25
"CPNE7","s1650_F_NC_02_ASEReadCounter.table","NW_015090842.1:10088940",39,67,28
"CPNE7","s1650_F_NC_02_ASEReadCounter.table","NW_015090842.1:10088965",39,68,29
"CPNE7","s1650_F_NC_02_ASEReadCounter.table","NW_015090842.1:10088967",39,63,24
"CPNE7","s1650_F_NC_02_ASEReadCounter.table","NW_015090842.1:10088973",38,62,24
"CPNE7","s1650_F_NC_02_ASEReadCounter.table","NW_015090842.1:10090924",68,109,41
"CPNE7","s1650_F_NC_02_ASEReadCounter.table","NW_015090842.1:10090930",70,108,38
"CPNE7","s1650_F_NC_02_ASEReadCounter.table","NW_015090842.1:10091075",86,132,46
"CPNE7","s1650_F_NC_02_ASEReadCounter.table","NW_015090842.1:10091389",75,137,62
"CPNE7","s1650_F_NC_02_ASEReadCounter.table","NW_015090842.1:10091407",78,141,63
"CPNE7","s1650_F_NC_02_ASEReadCounter.table","NW_015090842.1:10091488",135,135,0
"CPNE7","s1650_F_NC_02_ASEReadCounter.table","NW_015090842.1:10091491",139,139,0
"CPNE7","s1650_F_NC_02_ASEReadCounter.table","NW_015090842.1:10091530",90,168,78
"CPNE7","s1650_F_NC_02_ASEReadCounter.table","NW_015090842.1:10091875",129,210,81
"CPNE7","s1650_F_NC_02_ASEReadCounter.table","NW_015090842.1:10091983",114,191,77
"CPNE7","s1650_F_NC_02_ASEReadCounter.table","NW_015090842.1:10091997",123,214,91
"CPNE7","s1650_F_NC_02_ASEReadCounter.table","NW_015090842.1:10092038",66,127,61
"CPNE7","s1650_F_NC_02_ASEReadCounter.table","NW_015090842.1:10092140",98,162,64
"CPNE7","s1650_F_NC_02_ASEReadCounter.table","NW_015090842.1:10092183",68,109,41
"CPNE7","s1650_F_NC_02_ASEReadCounter.table","NW_015090842.1:10092201",55,93,38
"CPNE7","s1650_F_NC_02_ASEReadCounter.table","NW_015090842.1:10092230",39,68,29
"CPNE7","s1650_F_NC_02_ASEReadCounter.table","NW_015090842.1:10092246",27,52,25
"LOC106888185","s1650_F_NC_02_ASEReadCounter.table","NW_015090842.1:10094965",2,11,9
"LOC106888185","s1650_F_NC_02_ASEReadCounter.table","NW_015090842.1:10094966",1,11,10
"LOC106888185","s1650_F_NC_02_ASEReadCounter.table","NW_015090842.1:10094985",1,11,10
"LOC106888185","s1650_F_NC_02_ASEReadCounter.table","NW_015090842.1:10095055",0,6,6
"LOC106888185","s1650_F_NC_02_ASEReadCounter.table","NW_015090842.1:10095062",0,5,5
"LOC106888185","s1650_F_NC_02_ASEReadCounter.table","NW_015090842.1:10095130",0,4,4
"LOC106888185","s1650_F_NC_02_ASEReadCounter.table","NW_015090842.1:10095265",7,13,6
"LOC106888185","s1650_F_NC_02_ASEReadCounter.table","NW_015090842.1:10095586",2,5,3
"LOC106888185","s1650_F_NC_02_ASEReadCounter.table","NW_015090842.1:10095593",3,5,2
"LOC106888185","s1650_F_NC_02_ASEReadCounter.table","NW_015090842.1:10095616",3,5,2
"LOC106888185","s1650_F_NC_02_ASEReadCounter.table","NW_015090842.1:10095662",2,4,2
"LOC106888185","s1650_F_NC_02_ASEReadCounter.table","NW_015090842.1:10095674",1,3,2
"LOC106888185","s1650_F_NC_02_ASEReadCounter.table","NW_015090842.1:10095786",2,4,2
"LOC106888185","s1650_F_NC_02_ASEReadCounter.table","NW_015090842.1:10095831",3,5,2
"LOC106888185","s1650_F_NC_02_ASEReadCounter.table","NW_015090842.1:10096230",1,3,2
"LOC106888185","s1650_F_NC_02_ASEReadCounter.table","NW_015090842.1:10096249",2,4,2
"LOC106888185","s1650_F_NC_02_ASEReadCounter.table","NW_015090842.1:10096272",2,5,3
"LOC106888185","s1650_F_NC_02_ASEReadCounter.table","NW_015090842.1:10096288",1,4,3
"LOC106888185","s1650_F_NC_02_ASEReadCounter.table","NW_015090842.1:10097248",2,5,3
"LOC106888185","s1650_F_NC_02_ASEReadCounter.table","NW_015090842.1:10097265",2,4,2
"LOC106888185","s1650_F_NC_02_ASEReadCounter.table","NW_015090842.1:10097446",1,3,2
"DPEP1","s1650_F_NC_02_ASEReadCounter.table","NW_015090842.1:10098595",0,1,1
"DPEP1","s1650_F_NC_02_ASEReadCounter.table","NW_015090842.1:10098597",0,1,1
"DPEP1","s1650_F_NC_02_ASEReadCounter.table","NW_015090842.1:10098601",0,1,1
"DPEP1","s1650_F_NC_02_ASEReadCounter.table","NW_015090842.1:10098608",0,1,1
"DPEP1","s1650_F_NC_02_ASEReadCounter.table","NW_015090842.1:10098630",0,1,1
"DPEP1","s1650_F_NC_02_ASEReadCounter.table","NW_015090842.1:10098659",0,1,1
"DPEP1","s1650_F_NC_02_ASEReadCounter.table","NW_015090842.1:10099765",0,2,2
"DPEP1","s1650_F_NC_02_ASEReadCounter.table","NW_015090842.1:10099985",0,1,1
"DPEP1","s1650_F_NC_02_ASEReadCounter.table","NW_015090842.1:10099986",0,1,1
"DPEP1","s1650_F_NC_02_ASEReadCounter.table","NW_015090842.1:10099991",0,1,1
"DPEP1","s1650_F_NC_02_ASEReadCounter.table","NW_015090842.1:10100044",0,2,2
"DPEP1","s1650_F_NC_02_ASEReadCounter.table","NW_015090842.1:10100045",0,2,2
"DPEP1","s1650_F_NC_02_ASEReadCounter.table","NW_015090842.1:10100084",0,2,2
"DPEP1","s1650_F_NC_02_ASEReadCounter.table","NW_015090842.1:10100295",0,2,2
"DPEP1","s1650_F_NC_02_ASEReadCounter.table","NW_015090842.1:10100529",1,1,0
"DPEP1","s1650_F_NC_02_ASEReadCounter.table","NW_015090842.1:10100893",1,1,0
"DPEP1","s1650_F_NC_02_ASEReadCounter.table","NW_015090842.1:10100902",1,1,0
"DPEP1","s1650_F_NC_02_ASEReadCounter.table","NW_015090842.1:10101483",0,2,2
"DPEP1","s1650_F_NC_02_ASEReadCounter.table","NW_015090842.1:10101497",0,2,2
"DPEP1","s1650_F_NC_02_ASEReadCounter.table","NW_015090842.1:10101525",1,3,2
"DPEP1","s1650_F_NC_02_ASEReadCounter.table","NW_015090842.1:10101996",1,1,0
"DPEP1","s1650_F_NC_02_ASEReadCounter.table","NW_015090842.1:10102014",1,1,0
"DPEP1","s1650_F_NC_02_ASEReadCounter.table","NW_015090842.1:10102035",1,1,0
"CHMP1A","s1650_F_NC_02_ASEReadCounter.table","NW_015090842.1:10102901",102,218,116
"CHMP1A","s1650_F_NC_02_ASEReadCounter.table","NW_015090842.1:10102961",81,211,130
"CHMP1A","s1650_F_NC_02_ASEReadCounter.table","NW_015090842.1:10102996",63,196,133
"CHMP1A","s1650_F_NC_02_ASEReadCounter.table","NW_015090842.1:10103004",77,205,128
"CHMP1A","s1650_F_NC_02_ASEReadCounter.table","NW_015090842.1:10103006",76,211,135
"CHMP1A","s1650_F_NC_02_ASEReadCounter.table","NW_015090842.1:10103052",123,271,148
"CHMP1A","s1650_F_NC_02_ASEReadCounter.table","NW_015090842.1:10103095",128,264,136
"CHMP1A","s1650_F_NC_02_ASEReadCounter.table","NW_015090842.1:10103096",129,265,136
"CHMP1A","s1650_F_NC_02_ASEReadCounter.table","NW_015090842.1:10103152",100,196,96
"CHMP1A","s1650_F_NC_02_ASEReadCounter.table","NW_015090842.1:10103173",101,199,98
"CHMP1A","s1650_F_NC_02_ASEReadCounter.table","NW_015090842.1:10103334",52,140,88
"CHMP1A","s1650_F_NC_02_ASEReadCounter.table","NW_015090842.1:10103373",24,107,83
"CHMP1A","s1650_F_NC_02_ASEReadCounter.table","NW_015090842.1:10103408",42,137,95
"CHMP1A","s1650_F_NC_02_ASEReadCounter.table","NW_015090842.1:10103412",46,134,88
"CHMP1A","s1650_F_NC_02_ASEReadCounter.table","NW_015090842.1:10103512",77,154,77
"CHMP1A","s1650_F_NC_02_ASEReadCounter.table","NW_015090842.1:10103513",77,152,75
"CHMP1A","s1650_F_NC_02_ASEReadCounter.table","NW_015090842.1:10103583",40,101,61
"CHMP1A","s1650_F_NC_02_ASEReadCounter.table","NW_015090842.1:10103614",47,104,57
"CHMP1A","s1650_F_NC_02_ASEReadCounter.table","NW_015090842.1:10103657",53,102,49
"CHMP1A","s1650_F_NC_02_ASEReadCounter.table","NW_015090842.1:10103669",53,101,48
"CHMP1A","s1650_F_NC_02_ASEReadCounter.table","NW_015090842.1:10103674",49,91,42
"CHMP1A","s1650_F_NC_02_ASEReadCounter.table","NW_015090842.1:10103677",48,89,41
"CHMP1A","s1650_F_NC_02_ASEReadCounter.table","NW_015090842.1:10103729",64,111,47
"CHMP1A","s1650_F_NC_02_ASEReadCounter.table","NW_015090842.1:10103758",56,102,46
"CHMP1A","s1650_F_NC_02_ASEReadCounter.table","NW_015090842.1:10103761",52,100,48
"CHMP1A","s1650_F_NC_02_ASEReadCounter.table","NW_015090842.1:10103788",50,112,62
"CHMP1A","s1650_F_NC_02_ASEReadCounter.table","NW_015090842.1:10103789",52,115,63
"CHMP1A","s1650_F_NC_02_ASEReadCounter.table","NW_015090842.1:10103790",52,116,64
"CHMP1A","s1650_F_NC_02_ASEReadCounter.table","NW_015090842.1:10103950",66,116,50
"CHMP1A","s1650_F_NC_02_ASEReadCounter.table","NW_015090842.1:10104335",29,54,25
"CHMP1A","s1650_F_NC_02_ASEReadCounter.table","NW_015090842.1:10104429",35,76,41
"CHMP1A","s1650_F_NC_02_ASEReadCounter.table","NW_015090842.1:10104532",33,70,37
"CHMP1A","s1650_F_NC_02_ASEReadCounter.table","NW_015090842.1:10104633",32,61,29
"CHMP1A","s1650_F_NC_02_ASEReadCounter.table","NW_015090842.1:10104759",24,51,27
"CHMP1A","s1650_F_NC_02_ASEReadCounter.table","NW_015090842.1:10104794",30,55,25
"CHMP1A","s1650_F_NC_02_ASEReadCounter.table","NW_015090842.1:10104841",30,30,0
"CHMP1A","s1650_F_NC_02_ASEReadCounter.table","NW_015090842.1:10104844",12,30,18
"CHMP1A","s1650_F_NC_02_ASEReadCounter.table","NW_015090842.1:10106242",26,56,30
"CHMP1A","s1650_F_NC_02_ASEReadCounter.table","NW_015090842.1:10106290",19,41,22
"CHMP1A","s1650_F_NC_02_ASEReadCounter.table","NW_015090842.1:10106335",27,53,26
"CHMP1A","s1650_F_NC_02_ASEReadCounter.table","NW_015090842.1:10106383",29,69,40
"CHMP1A","s1650_F_NC_02_ASEReadCounter.table","NW_015090842.1:10106747",19,49,30
"CHMP1A","s1650_F_NC_02_ASEReadCounter.table","NW_015090842.1:10107404",18,42,24
"CHMP1A","s1650_F_NC_02_ASEReadCounter.table","NW_015090842.1:10107876",21,35,14
"CDK10","s1650_F_NC_02_ASEReadCounter.table","NW_015090842.1:10109030",7,7,0
"CDK10","s1650_F_NC_02_ASEReadCounter.table","NW_015090842.1:10109963",23,59,36
"CDK10","s1650_F_NC_02_ASEReadCounter.table","NW_015090842.1:10110887",29,68,39
"CDK10","s1650_F_NC_02_ASEReadCounter.table","NW_015090842.1:10111254",18,56,38
"CDK10","s1650_F_NC_02_ASEReadCounter.table","NW_015090842.1:10111380",25,74,49
"CDK10","s1650_F_NC_02_ASEReadCounter.table","NW_015090842.1:10111395",29,75,46
"CDK10","s1650_F_NC_02_ASEReadCounter.table","NW_015090842.1:10111437",18,72,54
"CDK10","s1650_F_NC_02_ASEReadCounter.table","NW_015090842.1:10111798",30,98,68
"CDK10","s1650_F_NC_02_ASEReadCounter.table","NW_015090842.1:10111840",30,104,74
"CDK10","s1650_F_NC_02_ASEReadCounter.table","NW_015090842.1:10112031",54,151,97
"CDK10","s1650_F_NC_02_ASEReadCounter.table","NW_015090842.1:10112285",69,183,114
"CDK10","s1650_F_NC_02_ASEReadCounter.table","NW_015090842.1:10112398",76,192,116
"CDK10","s1650_F_NC_02_ASEReadCounter.table","NW_015090842.1:10112455",58,170,112
"CDK10","s1650_F_NC_02_ASEReadCounter.table","NW_015090842.1:10112461",56,163,107
"CDK10","s1650_F_NC_02_ASEReadCounter.table","NW_015090842.1:10112497",59,158,99
"CDK10","s1650_F_NC_02_ASEReadCounter.table","NW_015090842.1:10112508",53,158,105
"CDK10","s1650_F_NC_02_ASEReadCounter.table","NW_015090842.1:10112518",44,137,93
"CDK10","s1650_F_NC_02_ASEReadCounter.table","NW_015090842.1:10112540",19,110,91
"CDK10","s1650_F_NC_02_ASEReadCounter.table","NW_015090842.1:10112556",47,133,86
"CDK10","s1650_F_NC_02_ASEReadCounter.table","NW_015090842.1:10112561",50,158,108
"CDK10","s1650_F_NC_02_ASEReadCounter.table","NW_015090842.1:10112596",55,156,101
"CDK10","s1650_F_NC_02_ASEReadCounter.table","NW_015090842.1:10112630",40,132,92
"CDK10","s1650_F_NC_02_ASEReadCounter.table","NW_015090842.1:10112656",42,138,96
"CDK10","s1650_F_NC_02_ASEReadCounter.table","NW_015090842.1:10112665",37,107,70
"CDK10","s1650_F_NC_02_ASEReadCounter.table","NW_015090842.1:10112668",37,105,68
"CDK10","s1650_F_NC_02_ASEReadCounter.table","NW_015090842.1:10112781",27,69,42
"CDK10","s1650_F_NC_02_ASEReadCounter.table","NW_015090842.1:10112782",28,71,43
"CDK10","s1650_F_NC_02_ASEReadCounter.table","NW_015090842.1:10112795",22,61,39
"CDK10","s1650_F_NC_02_ASEReadCounter.table","NW_015090842.1:10112841",8,26,18
"CDK10","s1650_F_NC_02_ASEReadCounter.table","NW_015090842.1:10112861",7,20,13
"SPATA2L","s1650_F_NC_02_ASEReadCounter.table","NW_015090842.1:10113212",48,103,55
"SPATA2L","s1650_F_NC_02_ASEReadCounter.table","NW_015090842.1:10113280",72,192,120
"SPATA2L","s1650_F_NC_02_ASEReadCounter.table","NW_015090842.1:10113296",83,211,128
"SPATA2L","s1650_F_NC_02_ASEReadCounter.table","NW_015090842.1:10113321",100,239,139
"SPATA2L","s1650_F_NC_02_ASEReadCounter.table","NW_015090842.1:10113332",104,262,158
"SPATA2L","s1650_F_NC_02_ASEReadCounter.table","NW_015090842.1:10113380",117,269,152
"SPATA2L","s1650_F_NC_02_ASEReadCounter.table","NW_015090842.1:10113381",117,278,161
"SPATA2L","s1650_F_NC_02_ASEReadCounter.table","NW_015090842.1:10113412",123,306,183
"SPATA2L","s1650_F_NC_02_ASEReadCounter.table","NW_015090842.1:10113421",123,304,181
"SPATA2L","s1650_F_NC_02_ASEReadCounter.table","NW_015090842.1:10113465",102,259,157
"SPATA2L","s1650_F_NC_02_ASEReadCounter.table","NW_015090842.1:10113535",117,252,135
"SPATA2L","s1650_F_NC_02_ASEReadCounter.table","NW_015090842.1:10113645",92,253,161
"SPATA2L","s1650_F_NC_02_ASEReadCounter.table","NW_015090842.1:10113682",110,299,189
"SPATA2L","s1650_F_NC_02_ASEReadCounter.table","NW_015090842.1:10113696",105,285,180
"SPATA2L","s1650_F_NC_02_ASEReadCounter.table","NW_015090842.1:10113727",107,294,187
"SPATA2L","s1650_F_NC_02_ASEReadCounter.table","NW_015090842.1:10113799",134,294,160
"SPATA2L","s1650_F_NC_02_ASEReadCounter.table","NW_015090842.1:10113809",147,313,166
"SPATA2L","s1650_F_NC_02_ASEReadCounter.table","NW_015090842.1:10113827",143,309,166
"SPATA2L","s1650_F_NC_02_ASEReadCounter.table","NW_015090842.1:10113831",142,309,167
"SPATA2L","s1650_F_NC_02_ASEReadCounter.table","NW_015090842.1:10113894",119,261,142
"SPATA2L","s1650_F_NC_02_ASEReadCounter.table","NW_015090842.1:10113905",104,249,145
"SPATA2L","s1650_F_NC_02_ASEReadCounter.table","NW_015090842.1:10113914",112,243,131
"SPATA2L","s1650_F_NC_02_ASEReadCounter.table","NW_015090842.1:10113920",116,256,140
"SPATA2L","s1650_F_NC_02_ASEReadCounter.table","NW_015090842.1:10113937",138,270,132
"SPATA2L","s1650_F_NC_02_ASEReadCounter.table","NW_015090842.1:10113971",114,237,123
"SPATA2L","s1650_F_NC_02_ASEReadCounter.table","NW_015090842.1:10113976",85,230,145
"SPATA2L","s1650_F_NC_02_ASEReadCounter.table","NW_015090842.1:10113985",89,207,118
"SPATA2L","s1650_F_NC_02_ASEReadCounter.table","NW_015090842.1:10113994",106,233,127
"SPATA2L","s1650_F_NC_02_ASEReadCounter.table","NW_015090842.1:10114063",82,187,105
"SPATA2L","s1650_F_NC_02_ASEReadCounter.table","NW_015090842.1:10114066",81,184,103
"SPATA2L","s1650_F_NC_02_ASEReadCounter.table","NW_015090842.1:10114069",84,187,103
"SPATA2L","s1650_F_NC_02_ASEReadCounter.table","NW_015090842.1:10114121",54,131,77
"SPATA2L","s1650_F_NC_02_ASEReadCounter.table","NW_015090842.1:10114159",59,140,81
"SPATA2L","s1650_F_NC_02_ASEReadCounter.table","NW_015090842.1:10114282",57,155,98
"SPATA2L","s1650_F_NC_02_ASEReadCounter.table","NW_015090842.1:10114470",42,112,70
"SPATA2L","s1650_F_NC_02_ASEReadCounter.table","NW_015090842.1:10114524",28,77,49
"VPS9D1","s1650_F_NC_02_ASEReadCounter.table","NW_015090842.1:10116377",49,105,56
"VPS9D1","s1650_F_NC_02_ASEReadCounter.table","NW_015090842.1:10116415",46,110,64
"VPS9D1","s1650_F_NC_02_ASEReadCounter.table","NW_015090842.1:10116607",51,111,60
"VPS9D1","s1650_F_NC_02_ASEReadCounter.table","NW_015090842.1:10116816",67,67,0
"VPS9D1","s1650_F_NC_02_ASEReadCounter.table","NW_015090842.1:10116821",26,68,42
"VPS9D1","s1650_F_NC_02_ASEReadCounter.table","NW_015090842.1:10116825",28,69,41
"VPS9D1","s1650_F_NC_02_ASEReadCounter.table","NW_015090842.1:10116882",34,72,38
"VPS9D1","s1650_F_NC_02_ASEReadCounter.table","NW_015090842.1:10116885",34,69,35
"VPS9D1","s1650_F_NC_02_ASEReadCounter.table","NW_015090842.1:10116933",41,77,36
"VPS9D1","s1650_F_NC_02_ASEReadCounter.table","NW_015090842.1:10116942",41,82,41
"VPS9D1","s1650_F_NC_02_ASEReadCounter.table","NW_015090842.1:10117152",31,74,43
"VPS9D1","s1650_F_NC_02_ASEReadCounter.table","NW_015090842.1:10117396",49,49,0
"VPS9D1","s1650_F_NC_02_ASEReadCounter.table","NW_015090842.1:10117405",39,39,0
"VPS9D1","s1650_F_NC_02_ASEReadCounter.table","NW_015090842.1:10117480",19,42,23
"VPS9D1","s1650_F_NC_02_ASEReadCounter.table","NW_015090842.1:10117497",15,38,23
"VPS9D1","s1650_F_NC_02_ASEReadCounter.table","NW_015090842.1:10117499",14,41,27
"VPS9D1","s1650_F_NC_02_ASEReadCounter.table","NW_015090842.1:10117516",13,48,35
"VPS9D1","s1650_F_NC_02_ASEReadCounter.table","NW_015090842.1:10117525",13,51,38
"VPS9D1","s1650_F_NC_02_ASEReadCounter.table","NW_015090842.1:10117579",18,69,51
"VPS9D1","s1650_F_NC_02_ASEReadCounter.table","NW_015090842.1:10117627",21,56,35
"VPS9D1","s1650_F_NC_02_ASEReadCounter.table","NW_015090842.1:10117678",9,41,32
"VPS9D1","s1650_F_NC_02_ASEReadCounter.table","NW_015090842.1:10117773",19,64,45
"VPS9D1","s1650_F_NC_02_ASEReadCounter.table","NW_015090842.1:10117937",27,69,42
"VPS9D1","s1650_F_NC_02_ASEReadCounter.table","NW_015090842.1:10117961",27,67,40
"VPS9D1","s1650_F_NC_02_ASEReadCounter.table","NW_015090842.1:10118236",30,82,52
"VPS9D1","s1650_F_NC_02_ASEReadCounter.table","NW_015090842.1:10118414",25,86,61
"VPS9D1","s1650_F_NC_02_ASEReadCounter.table","NW_015090842.1:10118973",32,77,45
"VPS9D1","s1650_F_NC_02_ASEReadCounter.table","NW_015090842.1:10119500",19,39,20
"ZNF276","s1650_F_NC_02_ASEReadCounter.table","NW_015090842.1:10121760",4,5,1
"ZNF276","s1650_F_NC_02_ASEReadCounter.table","NW_015090842.1:10121769",4,5,1
"ZNF276","s1650_F_NC_02_ASEReadCounter.table","NW_015090842.1:10121802",6,11,5
"ZNF276","s1650_F_NC_02_ASEReadCounter.table","NW_015090842.1:10121971",9,13,4
"ZNF276","s1650_F_NC_02_ASEReadCounter.table","NW_015090842.1:10122883",8,11,3
"ZNF276","s1650_F_NC_02_ASEReadCounter.table","NW_015090842.1:10123069",4,13,9
"ZNF276","s1650_F_NC_02_ASEReadCounter.table","NW_015090842.1:10123207",11,28,17
"ZNF276","s1650_F_NC_02_ASEReadCounter.table","NW_015090842.1:10125787",17,39,22
"ZNF276","s1650_F_NC_02_ASEReadCounter.table","NW_015090842.1:10126309",17,36,19
"ZNF276","s1650_F_NC_02_ASEReadCounter.table","NW_015090842.1:10126348",17,35,18
"ZNF276","s1650_F_NC_02_ASEReadCounter.table","NW_015090842.1:10126978",18,33,15
"ZNF276","s1650_F_NC_02_ASEReadCounter.table","NW_015090842.1:10126991",15,31,16
"ZNF276","s1650_F_NC_02_ASEReadCounter.table","NW_015090842.1:10127023",22,48,26
"ZNF276","s1650_F_NC_02_ASEReadCounter.table","NW_015090842.1:10127063",25,56,31
"ZNF276","s1650_F_NC_02_ASEReadCounter.table","NW_015090842.1:10127373",23,38,15
"ZNF276","s1650_F_NC_02_ASEReadCounter.table","NW_015090842.1:10127931",35,67,32
"ZNF276","s1650_F_NC_02_ASEReadCounter.table","NW_015090842.1:10128070",44,75,31
"ZNF276","s1650_F_NC_02_ASEReadCounter.table","NW_015090842.1:10128102",34,67,33
"ZNF276","s1650_F_NC_02_ASEReadCounter.table","NW_015090842.1:10128356",31,75,44
"ZNF276","s1650_F_NC_02_ASEReadCounter.table","NW_015090842.1:10128497",19,56,37
"FANCA","s1650_F_NC_02_ASEReadCounter.table","NW_015090842.1:10128822",2,2,0
"FANCA","s1650_F_NC_02_ASEReadCounter.table","NW_015090842.1:10129969",3,3,0
"FANCA","s1650_F_NC_02_ASEReadCounter.table","NW_015090842.1:10130399",1,2,1
"FANCA","s1650_F_NC_02_ASEReadCounter.table","NW_015090842.1:10130857",2,3,1
"FANCA","s1650_F_NC_02_ASEReadCounter.table","NW_015090842.1:10130878",2,2,0
"FANCA","s1650_F_NC_02_ASEReadCounter.table","NW_015090842.1:10133530",1,2,1
"FANCA","s1650_F_NC_02_ASEReadCounter.table","NW_015090842.1:10133533",1,2,1
"FANCA","s1650_F_NC_02_ASEReadCounter.table","NW_015090842.1:10133536",1,1,0
"FANCA","s1650_F_NC_02_ASEReadCounter.table","NW_015090842.1:10136957",0,1,1
"FANCA","s1650_F_NC_02_ASEReadCounter.table","NW_015090842.1:10136982",0,1,1
"FANCA","s1650_F_NC_02_ASEReadCounter.table","NW_015090842.1:10137673",0,1,1
"FANCA","s1650_F_NC_02_ASEReadCounter.table","NW_015090842.1:10138618",0,1,1
"FANCA","s1650_F_NC_02_ASEReadCounter.table","NW_015090842.1:10141234",0,1,1
"SPIRE2","s1650_F_NC_02_ASEReadCounter.table","NW_015090842.1:10172284",17,25,8
"SPIRE2","s1650_F_NC_02_ASEReadCounter.table","NW_015090842.1:10175262",27,51,24
"SPIRE2","s1650_F_NC_02_ASEReadCounter.table","NW_015090842.1:10175352",24,31,7
"SPIRE2","s1650_F_NC_02_ASEReadCounter.table","NW_015090842.1:10175400",56,87,31
"SPIRE2","s1650_F_NC_02_ASEReadCounter.table","NW_015090842.1:10175418",63,96,33
"SPIRE2","s1650_F_NC_02_ASEReadCounter.table","NW_015090842.1:10175704",70,120,50
"SPIRE2","s1650_F_NC_02_ASEReadCounter.table","NW_015090842.1:10176115",79,146,67
"SPIRE2","s1650_F_NC_02_ASEReadCounter.table","NW_015090842.1:10176561",109,185,76
"SPIRE2","s1650_F_NC_02_ASEReadCounter.table","NW_015090842.1:10176817",104,208,104
"SPIRE2","s1650_F_NC_02_ASEReadCounter.table","NW_015090842.1:10177084",67,142,75
"SPIRE2","s1650_F_NC_02_ASEReadCounter.table","NW_015090842.1:10177110",70,145,75
"SPIRE2","s1650_F_NC_02_ASEReadCounter.table","NW_015090842.1:10177838",141,267,126
"SPIRE2","s1650_F_NC_02_ASEReadCounter.table","NW_015090842.1:10178000",158,296,138
"SPIRE2","s1650_F_NC_02_ASEReadCounter.table","NW_015090842.1:10178164",166,332,166
"SPIRE2","s1650_F_NC_02_ASEReadCounter.table","NW_015090842.1:10178216",185,364,179
"SPIRE2","s1650_F_NC_02_ASEReadCounter.table","NW_015090842.1:10178403",193,355,162
"SPIRE2","s1650_F_NC_02_ASEReadCounter.table","NW_015090842.1:10178409",188,352,164
"SPIRE2","s1650_F_NC_02_ASEReadCounter.table","NW_015090842.1:10178524",188,349,161
"SPIRE2","s1650_F_NC_02_ASEReadCounter.table","NW_015090842.1:10178526",191,351,160
"SPIRE2","s1650_F_NC_02_ASEReadCounter.table","NW_015090842.1:10178531",193,352,159
"SPIRE2","s1650_F_NC_02_ASEReadCounter.table","NW_015090842.1:10178565",176,343,167
"SPIRE2","s1650_F_NC_02_ASEReadCounter.table","NW_015090842.1:10178587",171,317,146
"SPIRE2","s1650_F_NC_02_ASEReadCounter.table","NW_015090842.1:10178640",149,274,125
"SPIRE2","s1650_F_NC_02_ASEReadCounter.table","NW_015090842.1:10178651",154,286,132
"SPIRE2","s1650_F_NC_02_ASEReadCounter.table","NW_015090842.1:10178682",137,253,116
"TCF25","s1650_F_NC_02_ASEReadCounter.table","NW_015090842.1:10180912",33,73,40
"TCF25","s1650_F_NC_02_ASEReadCounter.table","NW_015090842.1:10180924",37,74,37
"TCF25","s1650_F_NC_02_ASEReadCounter.table","NW_015090842.1:10180931",39,78,39
"TCF25","s1650_F_NC_02_ASEReadCounter.table","NW_015090842.1:10185332",106,188,82
"TCF25","s1650_F_NC_02_ASEReadCounter.table","NW_015090842.1:10188816",59,93,34
"MC1R","s1650_F_NC_02_ASEReadCounter.table","NW_015090842.1:10202160",2,3,1
"MC1R","s1650_F_NC_02_ASEReadCounter.table","NW_015090842.1:10202460",1,2,1
"MC1R","s1650_F_NC_02_ASEReadCounter.table","NW_015090842.1:10202465",1,2,1
"DBNDD1","s1650_F_NC_02_ASEReadCounter.table","NW_015090842.1:10223105",25,67,42
"GAS8","s1650_F_NC_02_ASEReadCounter.table","NW_015090842.1:10228982",11,27,16
"GAS8","s1650_F_NC_02_ASEReadCounter.table","NW_015090842.1:10229832",4,18,14
"GAS8","s1650_F_NC_02_ASEReadCounter.table","NW_015090842.1:10232375",13,25,12
"GAS8","s1650_F_NC_02_ASEReadCounter.table","NW_015090842.1:10232901",19,36,17
"GAS8","s1650_F_NC_02_ASEReadCounter.table","NW_015090842.1:10232928",15,29,14
"GAS8","s1650_F_NC_02_ASEReadCounter.table","NW_015090842.1:10232967",16,30,14
"GAS8","s1650_F_NC_02_ASEReadCounter.table","NW_015090842.1:10233032",13,24,11
"GAS8","s1650_F_NC_02_ASEReadCounter.table","NW_015090842.1:10233057",9,18,9
"GAS8","s1650_F_NC_02_ASEReadCounter.table","NW_015090842.1:10233058",9,19,10
"GAS8","s1650_F_NC_02_ASEReadCounter.table","NW_015090842.1:10233176",21,34,13
"GAS8","s1650_F_NC_02_ASEReadCounter.table","NW_015090842.1:10233196",18,32,14
"GAS8","s1650_F_NC_02_ASEReadCounter.table","NW_015090842.1:10233252",9,24,15
"GAS8","s1650_F_NC_02_ASEReadCounter.table","NW_015090842.1:10233303",3,11,8
"LOC106888094","s1650_F_NC_02_ASEReadCounter.table","NW_015090842.1:10233334",3,7,4
"LOC106888094","s1650_F_NC_02_ASEReadCounter.table","NW_015090842.1:10233362",4,14,10
"LOC106888094","s1650_F_NC_02_ASEReadCounter.table","NW_015090842.1:10233373",4,15,11
"LOC106888094","s1650_F_NC_02_ASEReadCounter.table","NW_015090842.1:10233388",8,20,12
"LOC106888094","s1650_F_NC_02_ASEReadCounter.table","NW_015090842.1:10233402",8,20,12
"LOC106888094","s1650_F_NC_02_ASEReadCounter.table","NW_015090842.1:10233465",17,29,12
"LOC106888094","s1650_F_NC_02_ASEReadCounter.table","NW_015090842.1:10233803",15,26,11
"LOC106888094","s1650_F_NC_02_ASEReadCounter.table","NW_015090842.1:10233815",15,24,9
"LOC106888094","s1650_F_NC_02_ASEReadCounter.table","NW_015090842.1:10236098",2,3,1
"LOC106888094","s1650_F_NC_02_ASEReadCounter.table","NW_015090842.1:10236161",0,1,1
"LOC106888094","s1650_F_NC_02_ASEReadCounter.table","NW_015090842.1:10236425",0,1,1
"LOC106888094","s1650_F_NC_02_ASEReadCounter.table","NW_015090842.1:10236426",0,1,1
"LOC106888094","s1650_F_NC_02_ASEReadCounter.table","NW_015090842.1:10236603",1,1,0
"LOC106888173","s1650_F_NC_02_ASEReadCounter.table","NW_015090842.1:10239596",0,4,4
"LOC106888173","s1650_F_NC_02_ASEReadCounter.table","NW_015090842.1:10240036",0,8,8
"LOC106888173","s1650_F_NC_02_ASEReadCounter.table","NW_015090842.1:10240095",0,6,6
"LOC106888173","s1650_F_NC_02_ASEReadCounter.table","NW_015090842.1:10240280",0,8,8
"LOC106888173","s1650_F_NC_02_ASEReadCounter.table","NW_015090842.1:10240557",0,8,8
"LOC106888173","s1650_F_NC_02_ASEReadCounter.table","NW_015090842.1:10240603",0,8,8
"LOC106888173","s1650_F_NC_02_ASEReadCounter.table","NW_015090842.1:10240609",0,10,10
"LOC106888173","s1650_F_NC_02_ASEReadCounter.table","NW_015090842.1:10240690",0,13,13
"LOC106888173","s1650_F_NC_02_ASEReadCounter.table","NW_015090842.1:10240924",0,11,11
"LOC106888173","s1650_F_NC_02_ASEReadCounter.table","NW_015090842.1:10241037",0,12,12
"LOC106888173","s1650_F_NC_02_ASEReadCounter.table","NW_015090842.1:10241046",0,10,10
"LOC106888173","s1650_F_NC_02_ASEReadCounter.table","NW_015090842.1:10241058",0,12,12
"LOC106888173","s1650_F_NC_02_ASEReadCounter.table","NW_015090842.1:10241064",0,11,11
"LOC106888173","s1650_F_NC_02_ASEReadCounter.table","NW_015090842.1:10241103",12,12,0
"LOC106888173","s1650_F_NC_02_ASEReadCounter.table","NW_015090842.1:10241163",1,9,8
"LOC106888173","s1650_F_NC_02_ASEReadCounter.table","NW_015090842.1:10241803",1,11,10
"LOC106888173","s1650_F_NC_02_ASEReadCounter.table","NW_015090842.1:10241827",1,10,9
"LOC106888173","s1650_F_NC_02_ASEReadCounter.table","NW_015090842.1:10241869",1,12,11
"LOC106888173","s1650_F_NC_02_ASEReadCounter.table","NW_015090842.1:10242079",1,7,6
"LOC106888173","s1650_F_NC_02_ASEReadCounter.table","NW_015090842.1:10242103",1,8,7
"LOC106888173","s1650_F_NC_02_ASEReadCounter.table","NW_015090842.1:10242157",0,8,8
"LOC106888173","s1650_F_NC_02_ASEReadCounter.table","NW_015090842.1:10242455",1,13,12
"LOC106888173","s1650_F_NC_02_ASEReadCounter.table","NW_015090842.1:10242481",1,17,16
"LOC106888173","s1650_F_NC_02_ASEReadCounter.table","NW_015090842.1:10242590",1,17,16
"LOC106888173","s1650_F_NC_02_ASEReadCounter.table","NW_015090842.1:10242794",0,14,14
"LOC106888173","s1650_F_NC_02_ASEReadCounter.table","NW_015090842.1:10242909",0,15,15
"LOC106888173","s1650_F_NC_02_ASEReadCounter.table","NW_015090842.1:10243094",0,14,14
"LOC106888173","s1650_F_NC_02_ASEReadCounter.table","NW_015090842.1:10243133",0,14,14
"LOC106888173","s1650_F_NC_02_ASEReadCounter.table","NW_015090842.1:10243273",0,29,29
"LOC106888173","s1650_F_NC_02_ASEReadCounter.table","NW_015090842.1:10243278",1,30,29
"LOC106888173","s1650_F_NC_02_ASEReadCounter.table","NW_015090842.1:10243281",1,30,29
"LOC106888173","s1650_F_NC_02_ASEReadCounter.table","NW_015090842.1:10243347",18,18,0
"LOC106888173","s1650_F_NC_02_ASEReadCounter.table","NW_015090842.1:10243353",0,17,17
"LOC106888173","s1650_F_NC_02_ASEReadCounter.table","NW_015090842.1:10243363",0,14,14
"LOC106888173","s1650_F_NC_02_ASEReadCounter.table","NW_015090842.1:10243365",0,13,13
"LOC106888173","s1650_F_NC_02_ASEReadCounter.table","NW_015090842.1:10243566",0,25,25
"LOC106888173","s1650_F_NC_02_ASEReadCounter.table","NW_015090842.1:10243605",0,22,22
"LOC106888173","s1650_F_NC_02_ASEReadCounter.table","NW_015090842.1:10243614",0,22,22
"LOC106888173","s1650_F_NC_02_ASEReadCounter.table","NW_015090842.1:10243615",0,22,22
"LOC106888173","s1650_F_NC_02_ASEReadCounter.table","NW_015090842.1:10243640",0,20,20
"LOC106888173","s1650_F_NC_02_ASEReadCounter.table","NW_015090842.1:10243680",0,16,16
"LOC106888173","s1650_F_NC_02_ASEReadCounter.table","NW_015090842.1:10243742",0,25,25
"LOC106888173","s1650_F_NC_02_ASEReadCounter.table","NW_015090842.1:10243804",0,19,19
"LOC106888173","s1650_F_NC_02_ASEReadCounter.table","NW_015090842.1:10243913",0,13,13
"LOC106888173","s1650_F_NC_02_ASEReadCounter.table","NW_015090842.1:10243921",0,12,12
"LOC106888384","s1650_F_NC_02_ASEReadCounter.table","NW_015090842.1:10254227",1,1,0
"LOC106888384","s1650_F_NC_02_ASEReadCounter.table","NW_015090842.1:10254233",1,1,0
"LOC106888384","s1650_F_NC_02_ASEReadCounter.table","NW_015090842.1:10254263",1,1,0
"LOC106888384","s1650_F_NC_02_ASEReadCounter.table","NW_015090842.1:10254570",1,1,0
"LOC106888384","s1650_F_NC_02_ASEReadCounter.table","NW_015090842.1:10254605",1,1,0
"LOC106888384","s1650_F_NC_02_ASEReadCounter.table","NW_015090842.1:10254608",1,1,0
"LOC106888384","s1650_F_NC_02_ASEReadCounter.table","NW_015090842.1:10254618",1,1,0
"LOC106888384","s1650_F_NC_02_ASEReadCounter.table","NW_015090842.1:10254620",1,1,0
"LOC106888384","s1650_F_NC_02_ASEReadCounter.table","NW_015090842.1:10255704",3,3,0
"LOC106888384","s1650_F_NC_02_ASEReadCounter.table","NW_015090842.1:10255731",3,3,0
"LOC106888384","s1650_F_NC_02_ASEReadCounter.table","NW_015090842.1:10255771",1,1,0
"TANGO6","s1650_F_NC_02_ASEReadCounter.table","NW_015090842.1:10257782",1,2,1
"TANGO6","s1650_F_NC_02_ASEReadCounter.table","NW_015090842.1:10258162",0,3,3
"TANGO6","s1650_F_NC_02_ASEReadCounter.table","NW_015090842.1:10258185",0,4,4
"TANGO6","s1650_F_NC_02_ASEReadCounter.table","NW_015090842.1:10259267",2,7,5
"TANGO6","s1650_F_NC_02_ASEReadCounter.table","NW_015090842.1:10260250",17,26,9
"TANGO6","s1650_F_NC_02_ASEReadCounter.table","NW_015090842.1:10260289",12,22,10
"TANGO6","s1650_F_NC_02_ASEReadCounter.table","NW_015090842.1:10260309",10,17,7
"TANGO6","s1650_F_NC_02_ASEReadCounter.table","NW_015090842.1:10260979",6,21,15
"TANGO6","s1650_F_NC_02_ASEReadCounter.table","NW_015090842.1:10261599",11,20,9
"TANGO6","s1650_F_NC_02_ASEReadCounter.table","NW_015090842.1:10268425",17,37,20
"TANGO6","s1650_F_NC_02_ASEReadCounter.table","NW_015090842.1:10269831",14,31,17
"TANGO6","s1650_F_NC_02_ASEReadCounter.table","NW_015090842.1:10270813",8,20,12
"TANGO6","s1650_F_NC_02_ASEReadCounter.table","NW_015090842.1:10274018",9,23,14
"TANGO6","s1650_F_NC_02_ASEReadCounter.table","NW_015090842.1:10275974",12,28,16
"TANGO6","s1650_F_NC_02_ASEReadCounter.table","NW_015090842.1:10275976",12,29,17
"TANGO6","s1650_F_NC_02_ASEReadCounter.table","NW_015090842.1:10276123",21,42,21
"TANGO6","s1650_F_NC_02_ASEReadCounter.table","NW_015090842.1:10276271",19,42,23
"TANGO6","s1650_F_NC_02_ASEReadCounter.table","NW_015090842.1:10276272",18,41,23
"TANGO6","s1650_F_NC_02_ASEReadCounter.table","NW_015090842.1:10276275",23,43,20
"TANGO6","s1650_F_NC_02_ASEReadCounter.table","NW_015090842.1:10276278",19,36,17
"TANGO6","s1650_F_NC_02_ASEReadCounter.table","NW_015090842.1:10276368",13,30,17
"TANGO6","s1650_F_NC_02_ASEReadCounter.table","NW_015090842.1:10276373",11,29,18
"TANGO6","s1650_F_NC_02_ASEReadCounter.table","NW_015090842.1:10276630",16,42,26
"TANGO6","s1650_F_NC_02_ASEReadCounter.table","NW_015090842.1:10281498",28,53,25
"TANGO6","s1650_F_NC_02_ASEReadCounter.table","NW_015090842.1:10281516",26,52,26
"TANGO6","s1650_F_NC_02_ASEReadCounter.table","NW_015090842.1:10282842",31,58,27
"TANGO6","s1650_F_NC_02_ASEReadCounter.table","NW_015090842.1:10282863",22,46,24
"TANGO6","s1650_F_NC_02_ASEReadCounter.table","NW_015090842.1:10282869",25,48,23
"TANGO6","s1650_F_NC_02_ASEReadCounter.table","NW_015090842.1:10282903",23,66,43
"TANGO6","s1650_F_NC_02_ASEReadCounter.table","NW_015090842.1:10283757",36,78,42
"TANGO6","s1650_F_NC_02_ASEReadCounter.table","NW_015090842.1:10283785",39,74,35
"HAS3","s1650_F_NC_02_ASEReadCounter.table","NW_015090842.1:10288093",2,2,0
"HAS3","s1650_F_NC_02_ASEReadCounter.table","NW_015090842.1:10288266",1,2,1
"HAS3","s1650_F_NC_02_ASEReadCounter.table","NW_015090842.1:10288274",1,2,1
"HAS3","s1650_F_NC_02_ASEReadCounter.table","NW_015090842.1:10288364",2,4,2
"HAS3","s1650_F_NC_02_ASEReadCounter.table","NW_015090842.1:10289269",0,4,4
"HAS3","s1650_F_NC_02_ASEReadCounter.table","NW_015090842.1:10289272",0,4,4
"HAS3","s1650_F_NC_02_ASEReadCounter.table","NW_015090842.1:10289469",0,1,1
"HAS3","s1650_F_NC_02_ASEReadCounter.table","NW_015090842.1:10290375",1,7,6
"HAS3","s1650_F_NC_02_ASEReadCounter.table","NW_015090842.1:10290395",2,7,5
"HAS3","s1650_F_NC_02_ASEReadCounter.table","NW_015090842.1:10290439",3,7,4
"HAS3","s1650_F_NC_02_ASEReadCounter.table","NW_015090842.1:10290561",2,4,2
"HAS3","s1650_F_NC_02_ASEReadCounter.table","NW_015090842.1:10290609",1,3,2
"HAS3","s1650_F_NC_02_ASEReadCounter.table","NW_015090842.1:10290666",1,3,2
"HAS3","s1650_F_NC_02_ASEReadCounter.table","NW_015090842.1:10290723",1,1,0
"HAS3","s1650_F_NC_02_ASEReadCounter.table","NW_015090842.1:10290927",3,6,3
"HAS3","s1650_F_NC_02_ASEReadCounter.table","NW_015090842.1:10291004",4,7,3
"CHTF8","s1650_F_NC_02_ASEReadCounter.table","NW_015090842.1:10291319",1,4,3
"CHTF8","s1650_F_NC_02_ASEReadCounter.table","NW_015090842.1:10291491",9,11,2
"CHTF8","s1650_F_NC_02_ASEReadCounter.table","NW_015090842.1:10291520",4,8,4
"CHTF8","s1650_F_NC_02_ASEReadCounter.table","NW_015090842.1:10291593",5,11,6
"CHTF8","s1650_F_NC_02_ASEReadCounter.table","NW_015090842.1:10291600",5,9,4
"CHTF8","s1650_F_NC_02_ASEReadCounter.table","NW_015090842.1:10291609",6,10,4
"CHTF8","s1650_F_NC_02_ASEReadCounter.table","NW_015090842.1:10291639",10,15,5
"CHTF8","s1650_F_NC_02_ASEReadCounter.table","NW_015090842.1:10291641",10,14,4
"CHTF8","s1650_F_NC_02_ASEReadCounter.table","NW_015090842.1:10291648",11,16,5
"CHTF8","s1650_F_NC_02_ASEReadCounter.table","NW_015090842.1:10291656",9,12,3
"CHTF8","s1650_F_NC_02_ASEReadCounter.table","NW_015090842.1:10291675",12,15,3
"CHTF8","s1650_F_NC_02_ASEReadCounter.table","NW_015090842.1:10291696",11,15,4
"CHTF8","s1650_F_NC_02_ASEReadCounter.table","NW_015090842.1:10291714",12,16,4
"CHTF8","s1650_F_NC_02_ASEReadCounter.table","NW_015090842.1:10291732",9,13,4
"CHTF8","s1650_F_NC_02_ASEReadCounter.table","NW_015090842.1:10291755",7,11,4
"CHTF8","s1650_F_NC_02_ASEReadCounter.table","NW_015090842.1:10291756",6,10,4
"CHTF8","s1650_F_NC_02_ASEReadCounter.table","NW_015090842.1:10291758",7,11,4
"CHTF8","s1650_F_NC_02_ASEReadCounter.table","NW_015090842.1:10291792",7,11,4
"CHTF8","s1650_F_NC_02_ASEReadCounter.table","NW_015090842.1:10291895",7,10,3
"CHTF8","s1650_F_NC_02_ASEReadCounter.table","NW_015090842.1:10292132",3,9,6
"CHTF8","s1650_F_NC_02_ASEReadCounter.table","NW_015090842.1:10292314",2,7,5
"CHTF8","s1650_F_NC_02_ASEReadCounter.table","NW_015090842.1:10292317",2,7,5
"CHTF8","s1650_F_NC_02_ASEReadCounter.table","NW_015090842.1:10292928",2,2,0
"UTP4","s1650_F_NC_02_ASEReadCounter.table","NW_015090842.1:10293146",8,19,11
"UTP4","s1650_F_NC_02_ASEReadCounter.table","NW_015090842.1:10293151",6,17,11
"UTP4","s1650_F_NC_02_ASEReadCounter.table","NW_015090842.1:10293191",3,7,4
"UTP4","s1650_F_NC_02_ASEReadCounter.table","NW_015090842.1:10293362",8,15,7
"UTP4","s1650_F_NC_02_ASEReadCounter.table","NW_015090842.1:10293430",9,17,8
"UTP4","s1650_F_NC_02_ASEReadCounter.table","NW_015090842.1:10293625",7,14,7
"UTP4","s1650_F_NC_02_ASEReadCounter.table","NW_015090842.1:10293684",3,12,9
"UTP4","s1650_F_NC_02_ASEReadCounter.table","NW_015090842.1:10294093",6,13,7
"UTP4","s1650_F_NC_02_ASEReadCounter.table","NW_015090842.1:10294622",4,15,11
"UTP4","s1650_F_NC_02_ASEReadCounter.table","NW_015090842.1:10294632",5,16,11
"UTP4","s1650_F_NC_02_ASEReadCounter.table","NW_015090842.1:10295238",5,20,15
"UTP4","s1650_F_NC_02_ASEReadCounter.table","NW_015090842.1:10295880",7,27,20
"UTP4","s1650_F_NC_02_ASEReadCounter.table","NW_015090842.1:10295884",6,25,19
"UTP4","s1650_F_NC_02_ASEReadCounter.table","NW_015090842.1:10295903",8,25,17
"UTP4","s1650_F_NC_02_ASEReadCounter.table","NW_015090842.1:10295906",9,25,16
"UTP4","s1650_F_NC_02_ASEReadCounter.table","NW_015090842.1:10295915",9,25,16
"UTP4","s1650_F_NC_02_ASEReadCounter.table","NW_015090842.1:10295938",9,25,16
"UTP4","s1650_F_NC_02_ASEReadCounter.table","NW_015090842.1:10296175",7,17,10
"UTP4","s1650_F_NC_02_ASEReadCounter.table","NW_015090842.1:10296660",23,46,23
"UTP4","s1650_F_NC_02_ASEReadCounter.table","NW_015090842.1:10296679",21,48,27
"UTP4","s1650_F_NC_02_ASEReadCounter.table","NW_015090842.1:10297193",27,71,44
"UTP4","s1650_F_NC_02_ASEReadCounter.table","NW_015090842.1:10297220",26,71,45
"UTP4","s1650_F_NC_02_ASEReadCounter.table","NW_015090842.1:10297307",38,89,51
"UTP4","s1650_F_NC_02_ASEReadCounter.table","NW_015090842.1:10297558",45,101,56
"UTP4","s1650_F_NC_02_ASEReadCounter.table","NW_015090842.1:10297943",41,90,49
"UTP4","s1650_F_NC_02_ASEReadCounter.table","NW_015090842.1:10297979",33,87,54
"UTP4","s1650_F_NC_02_ASEReadCounter.table","NW_015090842.1:10298022",18,58,40
"UTP4","s1650_F_NC_02_ASEReadCounter.table","NW_015090842.1:10298079",7,29,22
"UTP4","s1650_F_NC_02_ASEReadCounter.table","NW_015090842.1:10298081",6,30,24
"UTP4","s1650_F_NC_02_ASEReadCounter.table","NW_015090842.1:10298082",6,29,23
"SNTB2","s1650_F_NC_02_ASEReadCounter.table","NW_015090842.1:10303506",2,6,4
"SNTB2","s1650_F_NC_02_ASEReadCounter.table","NW_015090842.1:10303524",2,5,3
"SNTB2","s1650_F_NC_02_ASEReadCounter.table","NW_015090842.1:10304059",3,5,2
"SNTB2","s1650_F_NC_02_ASEReadCounter.table","NW_015090842.1:10304089",1,1,0
"SNTB2","s1650_F_NC_02_ASEReadCounter.table","NW_015090842.1:10304167",3,5,2
"SNTB2","s1650_F_NC_02_ASEReadCounter.table","NW_015090842.1:10304176",3,5,2
"SNTB2","s1650_F_NC_02_ASEReadCounter.table","NW_015090842.1:10305069",1,2,1
"SNTB2","s1650_F_NC_02_ASEReadCounter.table","NW_015090842.1:10305099",3,4,1
"SNTB2","s1650_F_NC_02_ASEReadCounter.table","NW_015090842.1:10305171",6,8,2
"SNTB2","s1650_F_NC_02_ASEReadCounter.table","NW_015090842.1:10305177",5,7,2
"SNTB2","s1650_F_NC_02_ASEReadCounter.table","NW_015090842.1:10305451",4,6,2
"SNTB2","s1650_F_NC_02_ASEReadCounter.table","NW_015090842.1:10305547",5,8,3
"SNTB2","s1650_F_NC_02_ASEReadCounter.table","NW_015090842.1:10305847",3,9,6
"SNTB2","s1650_F_NC_02_ASEReadCounter.table","NW_015090842.1:10306173",3,6,3
"SNTB2","s1650_F_NC_02_ASEReadCounter.table","NW_015090842.1:10306275",6,8,2
"SNTB2","s1650_F_NC_02_ASEReadCounter.table","NW_015090842.1:10306457",8,9,1
"SNTB2","s1650_F_NC_02_ASEReadCounter.table","NW_015090842.1:10306496",8,9,1
"SNTB2","s1650_F_NC_02_ASEReadCounter.table","NW_015090842.1:10306499",8,8,0
"VPS4A","s1650_F_NC_02_ASEReadCounter.table","NW_015090842.1:10308566",48,111,63
"VPS4A","s1650_F_NC_02_ASEReadCounter.table","NW_015090842.1:10308573",51,115,64
"VPS4A","s1650_F_NC_02_ASEReadCounter.table","NW_015090842.1:10308856",82,166,84
"VPS4A","s1650_F_NC_02_ASEReadCounter.table","NW_015090842.1:10309056",79,200,121
"VPS4A","s1650_F_NC_02_ASEReadCounter.table","NW_015090842.1:10309089",98,220,122
"VPS4A","s1650_F_NC_02_ASEReadCounter.table","NW_015090842.1:10309392",115,207,92
"VPS4A","s1650_F_NC_02_ASEReadCounter.table","NW_015090842.1:10309413",113,226,113
"VPS4A","s1650_F_NC_02_ASEReadCounter.table","NW_015090842.1:10309467",134,274,140
"VPS4A","s1650_F_NC_02_ASEReadCounter.table","NW_015090842.1:10310230",143,330,187
"VPS4A","s1650_F_NC_02_ASEReadCounter.table","NW_015090842.1:10310425",145,315,170
"VPS4A","s1650_F_NC_02_ASEReadCounter.table","NW_015090842.1:10310639",183,386,203
"VPS4A","s1650_F_NC_02_ASEReadCounter.table","NW_015090842.1:10310734",163,341,178
"VPS4A","s1650_F_NC_02_ASEReadCounter.table","NW_015090842.1:10310737",160,346,186
"VPS4A","s1650_F_NC_02_ASEReadCounter.table","NW_015090842.1:10310746",165,364,199
"VPS4A","s1650_F_NC_02_ASEReadCounter.table","NW_015090842.1:10310767",182,363,181
"VPS4A","s1650_F_NC_02_ASEReadCounter.table","NW_015090842.1:10310995",233,451,218
"VPS4A","s1650_F_NC_02_ASEReadCounter.table","NW_015090842.1:10311004",224,431,207
"VPS4A","s1650_F_NC_02_ASEReadCounter.table","NW_015090842.1:10311007",235,447,212
"VPS4A","s1650_F_NC_02_ASEReadCounter.table","NW_015090842.1:10311013",241,452,211
"VPS4A","s1650_F_NC_02_ASEReadCounter.table","NW_015090842.1:10311022",239,450,211
"VPS4A","s1650_F_NC_02_ASEReadCounter.table","NW_015090842.1:10311023",240,447,207
"VPS4A","s1650_F_NC_02_ASEReadCounter.table","NW_015090842.1:10311426",238,495,257
"VPS4A","s1650_F_NC_02_ASEReadCounter.table","NW_015090842.1:10311489",1,14,13
"VPS4A","s1650_F_NC_02_ASEReadCounter.table","NW_015090842.1:10311490",2,11,9
"VPS4A","s1650_F_NC_02_ASEReadCounter.table","NW_015090842.1:10311525",24,37,13
"VPS4A","s1650_F_NC_02_ASEReadCounter.table","NW_015090842.1:10311529",29,56,27
"VPS4A","s1650_F_NC_02_ASEReadCounter.table","NW_015090842.1:10311530",25,54,29
"VPS4A","s1650_F_NC_02_ASEReadCounter.table","NW_015090842.1:10311552",87,127,40
"VPS4A","s1650_F_NC_02_ASEReadCounter.table","NW_015090842.1:10311689",108,171,63
"VPS4A","s1650_F_NC_02_ASEReadCounter.table","NW_015090842.1:10311700",124,182,58
"VPS4A","s1650_F_NC_02_ASEReadCounter.table","NW_015090842.1:10311701",121,184,63
"VPS4A","s1650_F_NC_02_ASEReadCounter.table","NW_015090842.1:10311703",124,188,64
"COG8","s1650_F_NC_02_ASEReadCounter.table","NW_015090842.1:10313487",16,47,31
"COG8","s1650_F_NC_02_ASEReadCounter.table","NW_015090842.1:10313559",26,56,30
"COG8","s1650_F_NC_02_ASEReadCounter.table","NW_015090842.1:10313579",20,46,26
"COG8","s1650_F_NC_02_ASEReadCounter.table","NW_015090842.1:10313665",17,39,22
"COG8","s1650_F_NC_02_ASEReadCounter.table","NW_015090842.1:10313681",20,44,24
"COG8","s1650_F_NC_02_ASEReadCounter.table","NW_015090842.1:10313768",20,47,27
"COG8","s1650_F_NC_02_ASEReadCounter.table","NW_015090842.1:10313775",20,46,26
"COG8","s1650_F_NC_02_ASEReadCounter.table","NW_015090842.1:10313811",14,35,21
"COG8","s1650_F_NC_02_ASEReadCounter.table","NW_015090842.1:10313858",11,32,21
"COG8","s1650_F_NC_02_ASEReadCounter.table","NW_015090842.1:10314100",13,29,16
"COG8","s1650_F_NC_02_ASEReadCounter.table","NW_015090842.1:10314213",17,41,24
"COG8","s1650_F_NC_02_ASEReadCounter.table","NW_015090842.1:10315093",10,30,20
"COG8","s1650_F_NC_02_ASEReadCounter.table","NW_015090842.1:10315162",7,30,23
"COG8","s1650_F_NC_02_ASEReadCounter.table","NW_015090842.1:10315285",13,27,14
"COG8","s1650_F_NC_02_ASEReadCounter.table","NW_015090842.1:10315360",11,32,21
"COG8","s1650_F_NC_02_ASEReadCounter.table","NW_015090842.1:10315369",13,36,23
"COG8","s1650_F_NC_02_ASEReadCounter.table","NW_015090842.1:10315504",10,23,13
"COG8","s1650_F_NC_02_ASEReadCounter.table","NW_015090842.1:10315508",10,23,13
"COG8","s1650_F_NC_02_ASEReadCounter.table","NW_015090842.1:10315624",10,17,7
"COG8","s1650_F_NC_02_ASEReadCounter.table","NW_015090842.1:10315693",7,18,11
"COG8","s1650_F_NC_02_ASEReadCounter.table","NW_015090842.1:10315698",7,17,10
"COG8","s1650_F_NC_02_ASEReadCounter.table","NW_015090842.1:10315768",5,12,7
"COG8","s1650_F_NC_02_ASEReadCounter.table","NW_015090842.1:10315769",5,13,8
"COG8","s1650_F_NC_02_ASEReadCounter.table","NW_015090842.1:10315784",4,13,9
"COG8","s1650_F_NC_02_ASEReadCounter.table","NW_015090842.1:10316093",9,20,11
"COG8","s1650_F_NC_02_ASEReadCounter.table","NW_015090842.1:10316133",8,12,4
"NIP7","s1650_F_NC_02_ASEReadCounter.table","NW_015090842.1:10316759",15,33,18
"NIP7","s1650_F_NC_02_ASEReadCounter.table","NW_015090842.1:10316967",101,193,92
"NIP7","s1650_F_NC_02_ASEReadCounter.table","NW_015090842.1:10316995",124,229,105
"NIP7","s1650_F_NC_02_ASEReadCounter.table","NW_015090842.1:10317240",198,354,156
"NIP7","s1650_F_NC_02_ASEReadCounter.table","NW_015090842.1:10317247",191,348,157
"NIP7","s1650_F_NC_02_ASEReadCounter.table","NW_015090842.1:10317264",185,332,147
"NIP7","s1650_F_NC_02_ASEReadCounter.table","NW_015090842.1:10317433",215,471,256
"NIP7","s1650_F_NC_02_ASEReadCounter.table","NW_015090842.1:10317738",189,434,245
"NIP7","s1650_F_NC_02_ASEReadCounter.table","NW_015090842.1:10317769",207,446,239
"NIP7","s1650_F_NC_02_ASEReadCounter.table","NW_015090842.1:10317808",150,318,168
"NIP7","s1650_F_NC_02_ASEReadCounter.table","NW_015090842.1:10317870",84,242,158
"NIP7","s1650_F_NC_02_ASEReadCounter.table","NW_015090842.1:10317871",84,232,148
"NIP7","s1650_F_NC_02_ASEReadCounter.table","NW_015090842.1:10317898",46,156,110
"NIP7","s1650_F_NC_02_ASEReadCounter.table","NW_015090842.1:10317911",44,138,94
"TMED6","s1650_F_NC_02_ASEReadCounter.table","NW_015090842.1:10318731",1,2,1
"TERF2","s1650_F_NC_02_ASEReadCounter.table","NW_015090842.1:10321665",18,18,0
"TERF2","s1650_F_NC_02_ASEReadCounter.table","NW_015090842.1:10321768",40,79,39
"TERF2","s1650_F_NC_02_ASEReadCounter.table","NW_015090842.1:10321777",40,81,41
"TERF2","s1650_F_NC_02_ASEReadCounter.table","NW_015090842.1:10321805",32,84,52
"TERF2","s1650_F_NC_02_ASEReadCounter.table","NW_015090842.1:10321878",34,91,57
"TERF2","s1650_F_NC_02_ASEReadCounter.table","NW_015090842.1:10321893",34,90,56
"TERF2","s1650_F_NC_02_ASEReadCounter.table","NW_015090842.1:10321897",31,82,51
"TERF2","s1650_F_NC_02_ASEReadCounter.table","NW_015090842.1:10321908",28,73,45
"TERF2","s1650_F_NC_02_ASEReadCounter.table","NW_015090842.1:10322001",50,113,63
"TERF2","s1650_F_NC_02_ASEReadCounter.table","NW_015090842.1:10322035",36,89,53
"TERF2","s1650_F_NC_02_ASEReadCounter.table","NW_015090842.1:10322051",33,93,60
"TERF2","s1650_F_NC_02_ASEReadCounter.table","NW_015090842.1:10322137",49,102,53
"TERF2","s1650_F_NC_02_ASEReadCounter.table","NW_015090842.1:10322144",47,94,47
"TERF2","s1650_F_NC_02_ASEReadCounter.table","NW_015090842.1:10322388",27,79,52
"TERF2","s1650_F_NC_02_ASEReadCounter.table","NW_015090842.1:10322396",27,78,51
"TERF2","s1650_F_NC_02_ASEReadCounter.table","NW_015090842.1:10322502",23,78,55
"TERF2","s1650_F_NC_02_ASEReadCounter.table","NW_015090842.1:10322504",23,80,57
"TERF2","s1650_F_NC_02_ASEReadCounter.table","NW_015090842.1:10322510",25,81,56
"TERF2","s1650_F_NC_02_ASEReadCounter.table","NW_015090842.1:10323580",35,79,44
"TERF2","s1650_F_NC_02_ASEReadCounter.table","NW_015090842.1:10324314",30,66,36
"TERF2","s1650_F_NC_02_ASEReadCounter.table","NW_015090842.1:10326832",13,40,27
"TERF2","s1650_F_NC_02_ASEReadCounter.table","NW_015090842.1:10327787",6,23,17
"TERF2","s1650_F_NC_02_ASEReadCounter.table","NW_015090842.1:10328588",5,24,19
"TERF2","s1650_F_NC_02_ASEReadCounter.table","NW_015090842.1:10328644",5,21,16
"TERF2","s1650_F_NC_02_ASEReadCounter.table","NW_015090842.1:10329813",2,12,10
"TERF2","s1650_F_NC_02_ASEReadCounter.table","NW_015090842.1:10330749",6,12,6
"TERF2","s1650_F_NC_02_ASEReadCounter.table","NW_015090842.1:10330789",5,12,7
"CYB5B","s1650_F_NC_02_ASEReadCounter.table","NW_015090842.1:10336595",3,9,6
"CYB5B","s1650_F_NC_02_ASEReadCounter.table","NW_015090842.1:10336667",24,45,21
"CYB5B","s1650_F_NC_02_ASEReadCounter.table","NW_015090842.1:10336689",30,68,38
"CYB5B","s1650_F_NC_02_ASEReadCounter.table","NW_015090842.1:10336728",47,90,43
"CYB5B","s1650_F_NC_02_ASEReadCounter.table","NW_015090842.1:10345068",51,102,51
"CYB5B","s1650_F_NC_02_ASEReadCounter.table","NW_015090842.1:10348800",93,172,79
"CYB5B","s1650_F_NC_02_ASEReadCounter.table","NW_015090842.1:10348888",58,137,79
"CYB5B","s1650_F_NC_02_ASEReadCounter.table","NW_015090842.1:10349046",84,186,102
"CYB5B","s1650_F_NC_02_ASEReadCounter.table","NW_015090842.1:10349119",49,156,107
"CYB5B","s1650_F_NC_02_ASEReadCounter.table","NW_015090842.1:10349146",34,148,114
"CYB5B","s1650_F_NC_02_ASEReadCounter.table","NW_015090842.1:10349157",60,177,117
