"gene","id","snp","ref_count","total_count","alt_count"
"CENPN","s1650_F_TNA_03_ASEReadCounter.table","NW_015090842.1:5801655",0,1,1
"CENPN","s1650_F_TNA_03_ASEReadCounter.table","NW_015090842.1:5801662",1,2,1
"CENPN","s1650_F_TNA_03_ASEReadCounter.table","NW_015090842.1:5801670",1,2,1
"CENPN","s1650_F_TNA_03_ASEReadCounter.table","NW_015090842.1:5801674",1,2,1
"CENPN","s1650_F_TNA_03_ASEReadCounter.table","NW_015090842.1:5801692",1,2,1
"CENPN","s1650_F_TNA_03_ASEReadCounter.table","NW_015090842.1:5801697",1,2,1
"CENPN","s1650_F_TNA_03_ASEReadCounter.table","NW_015090842.1:5802087",0,1,1
"CENPN","s1650_F_TNA_03_ASEReadCounter.table","NW_015090842.1:5810113",7,7,0
"CENPN","s1650_F_TNA_03_ASEReadCounter.table","NW_015090842.1:5810147",10,10,0
"CENPN","s1650_F_TNA_03_ASEReadCounter.table","NW_015090842.1:5810148",9,9,0
"ATMIN","s1650_F_TNA_03_ASEReadCounter.table","NW_015090842.1:5818789",0,3,3
"ATMIN","s1650_F_TNA_03_ASEReadCounter.table","NW_015090842.1:5819958",0,1,1
"ATMIN","s1650_F_TNA_03_ASEReadCounter.table","NW_015090842.1:5820004",1,3,2
"ATMIN","s1650_F_TNA_03_ASEReadCounter.table","NW_015090842.1:5820217",0,1,1
"ATMIN","s1650_F_TNA_03_ASEReadCounter.table","NW_015090842.1:5820250",1,2,1
"ATMIN","s1650_F_TNA_03_ASEReadCounter.table","NW_015090842.1:5820298",3,4,1
"ATMIN","s1650_F_TNA_03_ASEReadCounter.table","NW_015090842.1:5820417",3,5,2
"ATMIN","s1650_F_TNA_03_ASEReadCounter.table","NW_015090842.1:5820421",3,5,2
"ATMIN","s1650_F_TNA_03_ASEReadCounter.table","NW_015090842.1:5820448",2,4,2
"ATMIN","s1650_F_TNA_03_ASEReadCounter.table","NW_015090842.1:5820457",3,5,2
"ATMIN","s1650_F_TNA_03_ASEReadCounter.table","NW_015090842.1:5820510",2,4,2
"ATMIN","s1650_F_TNA_03_ASEReadCounter.table","NW_015090842.1:5820673",2,3,1
"ATMIN","s1650_F_TNA_03_ASEReadCounter.table","NW_015090842.1:5820754",1,2,1
"ATMIN","s1650_F_TNA_03_ASEReadCounter.table","NW_015090842.1:5820820",1,1,0
"ATMIN","s1650_F_TNA_03_ASEReadCounter.table","NW_015090842.1:5820865",2,5,3
"ATMIN","s1650_F_TNA_03_ASEReadCounter.table","NW_015090842.1:5820889",2,5,3
"ATMIN","s1650_F_TNA_03_ASEReadCounter.table","NW_015090842.1:5820891",2,5,3
"ATMIN","s1650_F_TNA_03_ASEReadCounter.table","NW_015090842.1:5820997",2,4,2
"ATMIN","s1650_F_TNA_03_ASEReadCounter.table","NW_015090842.1:5821063",2,3,1
"ATMIN","s1650_F_TNA_03_ASEReadCounter.table","NW_015090842.1:5821132",4,8,4
"ATMIN","s1650_F_TNA_03_ASEReadCounter.table","NW_015090842.1:5821645",4,6,2
"ATMIN","s1650_F_TNA_03_ASEReadCounter.table","NW_015090842.1:5825066",13,19,6
"ATMIN","s1650_F_TNA_03_ASEReadCounter.table","NW_015090842.1:5825106",9,14,5
"ATMIN","s1650_F_TNA_03_ASEReadCounter.table","NW_015090842.1:5825122",10,16,6
"ATMIN","s1650_F_TNA_03_ASEReadCounter.table","NW_015090842.1:5825178",8,15,7
"ATMIN","s1650_F_TNA_03_ASEReadCounter.table","NW_015090842.1:5825194",9,13,4
"ATMIN","s1650_F_TNA_03_ASEReadCounter.table","NW_015090842.1:5825195",9,15,6
"ATMIN","s1650_F_TNA_03_ASEReadCounter.table","NW_015090842.1:5825220",7,19,12
"ATMIN","s1650_F_TNA_03_ASEReadCounter.table","NW_015090842.1:5825240",5,16,11
"ATMIN","s1650_F_TNA_03_ASEReadCounter.table","NW_015090842.1:5825303",10,22,12
"ATMIN","s1650_F_TNA_03_ASEReadCounter.table","NW_015090842.1:5825304",10,21,11
"ATMIN","s1650_F_TNA_03_ASEReadCounter.table","NW_015090842.1:5825310",10,21,11
"ATMIN","s1650_F_TNA_03_ASEReadCounter.table","NW_015090842.1:5825406",11,23,12
"ATMIN","s1650_F_TNA_03_ASEReadCounter.table","NW_015090842.1:5825415",12,21,9
"ATMIN","s1650_F_TNA_03_ASEReadCounter.table","NW_015090842.1:5825438",11,21,10
"ATMIN","s1650_F_TNA_03_ASEReadCounter.table","NW_015090842.1:5825485",7,19,12
"ATMIN","s1650_F_TNA_03_ASEReadCounter.table","NW_015090842.1:5825524",10,26,16
"ATMIN","s1650_F_TNA_03_ASEReadCounter.table","NW_015090842.1:5825557",9,29,20
"ATMIN","s1650_F_TNA_03_ASEReadCounter.table","NW_015090842.1:5825571",10,31,21
"ATMIN","s1650_F_TNA_03_ASEReadCounter.table","NW_015090842.1:5825579",11,33,22
"ATMIN","s1650_F_TNA_03_ASEReadCounter.table","NW_015090842.1:5825590",7,24,17
"ATMIN","s1650_F_TNA_03_ASEReadCounter.table","NW_015090842.1:5825689",14,25,11
"ATMIN","s1650_F_TNA_03_ASEReadCounter.table","NW_015090842.1:5825703",15,28,13
"ATMIN","s1650_F_TNA_03_ASEReadCounter.table","NW_015090842.1:5825787",10,20,10
"ATMIN","s1650_F_TNA_03_ASEReadCounter.table","NW_015090842.1:5825833",13,24,11
"ATMIN","s1650_F_TNA_03_ASEReadCounter.table","NW_015090842.1:5825841",12,21,9
"ATMIN","s1650_F_TNA_03_ASEReadCounter.table","NW_015090842.1:5825895",17,33,16
"ATMIN","s1650_F_TNA_03_ASEReadCounter.table","NW_015090842.1:5825984",14,33,19
"ATMIN","s1650_F_TNA_03_ASEReadCounter.table","NW_015090842.1:5826162",23,46,23
"ATMIN","s1650_F_TNA_03_ASEReadCounter.table","NW_015090842.1:5826194",28,57,29
"ATMIN","s1650_F_TNA_03_ASEReadCounter.table","NW_015090842.1:5826235",29,55,26
"ATMIN","s1650_F_TNA_03_ASEReadCounter.table","NW_015090842.1:5826245",29,58,29
"ATMIN","s1650_F_TNA_03_ASEReadCounter.table","NW_015090842.1:5826335",13,33,20
"ATMIN","s1650_F_TNA_03_ASEReadCounter.table","NW_015090842.1:5826417",17,40,23
"ATMIN","s1650_F_TNA_03_ASEReadCounter.table","NW_015090842.1:5826431",14,45,31
"ATMIN","s1650_F_TNA_03_ASEReadCounter.table","NW_015090842.1:5826438",18,44,26
"ATMIN","s1650_F_TNA_03_ASEReadCounter.table","NW_015090842.1:5826463",22,55,33
"ATMIN","s1650_F_TNA_03_ASEReadCounter.table","NW_015090842.1:5826502",24,57,33
"ATMIN","s1650_F_TNA_03_ASEReadCounter.table","NW_015090842.1:5826511",27,62,35
"ATMIN","s1650_F_TNA_03_ASEReadCounter.table","NW_015090842.1:5826659",28,58,30
"ATMIN","s1650_F_TNA_03_ASEReadCounter.table","NW_015090842.1:5826701",27,58,31
"ATMIN","s1650_F_TNA_03_ASEReadCounter.table","NW_015090842.1:5826702",26,58,32
"ATMIN","s1650_F_TNA_03_ASEReadCounter.table","NW_015090842.1:5826732",30,67,37
"ATMIN","s1650_F_TNA_03_ASEReadCounter.table","NW_015090842.1:5826745",32,73,41
"ATMIN","s1650_F_TNA_03_ASEReadCounter.table","NW_015090842.1:5826835",44,82,38
"ATMIN","s1650_F_TNA_03_ASEReadCounter.table","NW_015090842.1:5826942",29,71,42
"ATMIN","s1650_F_TNA_03_ASEReadCounter.table","NW_015090842.1:5827193",55,116,61
"ATMIN","s1650_F_TNA_03_ASEReadCounter.table","NW_015090842.1:5827196",56,118,62
"ATMIN","s1650_F_TNA_03_ASEReadCounter.table","NW_015090842.1:5827269",56,133,77
"ATMIN","s1650_F_TNA_03_ASEReadCounter.table","NW_015090842.1:5827315",40,97,57
"ATMIN","s1650_F_TNA_03_ASEReadCounter.table","NW_015090842.1:5827316",41,99,58
"ATMIN","s1650_F_TNA_03_ASEReadCounter.table","NW_015090842.1:5827333",39,96,57
"PPP1R3E","s1650_F_TNA_03_ASEReadCounter.table","NW_015090842.1:5837733",2,4,2
"PPP1R3E","s1650_F_TNA_03_ASEReadCounter.table","NW_015090842.1:5837947",6,7,1
"PKD1L2","s1650_F_TNA_03_ASEReadCounter.table","NW_015090842.1:5867597",1,2,1
"PKD1L2","s1650_F_TNA_03_ASEReadCounter.table","NW_015090842.1:5867600",1,2,1
"PKD1L2","s1650_F_TNA_03_ASEReadCounter.table","NW_015090842.1:5867788",1,1,0
"PKD1L2","s1650_F_TNA_03_ASEReadCounter.table","NW_015090842.1:5867843",0,1,1
"PKD1L2","s1650_F_TNA_03_ASEReadCounter.table","NW_015090842.1:5872948",1,1,0
"BCO1","s1650_F_TNA_03_ASEReadCounter.table","NW_015090842.1:5915610",1,1,0
"BCO1","s1650_F_TNA_03_ASEReadCounter.table","NW_015090842.1:5915646",1,1,0
"BCO1","s1650_F_TNA_03_ASEReadCounter.table","NW_015090842.1:5917836",1,2,1
"BCO1","s1650_F_TNA_03_ASEReadCounter.table","NW_015090842.1:5917912",1,2,1
"BCO1","s1650_F_TNA_03_ASEReadCounter.table","NW_015090842.1:5917941",1,3,2
"BCO1","s1650_F_TNA_03_ASEReadCounter.table","NW_015090842.1:5917971",0,1,1
"BCO1","s1650_F_TNA_03_ASEReadCounter.table","NW_015090842.1:5921679",1,1,0
"BCO1","s1650_F_TNA_03_ASEReadCounter.table","NW_015090842.1:5921726",1,1,0
"BCO1","s1650_F_TNA_03_ASEReadCounter.table","NW_015090842.1:5925669",4,5,1
"BCO1","s1650_F_TNA_03_ASEReadCounter.table","NW_015090842.1:5926937",5,5,0
"BCO1","s1650_F_TNA_03_ASEReadCounter.table","NW_015090842.1:5927921",5,6,1
"BCO1","s1650_F_TNA_03_ASEReadCounter.table","NW_015090842.1:5927948",4,5,1
"BCO1","s1650_F_TNA_03_ASEReadCounter.table","NW_015090842.1:5927968",4,5,1
"BCO1","s1650_F_TNA_03_ASEReadCounter.table","NW_015090842.1:5928052",1,1,0
"BCO1","s1650_F_TNA_03_ASEReadCounter.table","NW_015090842.1:5932726",7,9,2
"BCO1","s1650_F_TNA_03_ASEReadCounter.table","NW_015090842.1:5934558",9,11,2
"BCO1","s1650_F_TNA_03_ASEReadCounter.table","NW_015090842.1:5934575",8,9,1
"BCO1","s1650_F_TNA_03_ASEReadCounter.table","NW_015090842.1:5934608",8,9,1
"BCO1","s1650_F_TNA_03_ASEReadCounter.table","NW_015090842.1:5934647",11,12,1
"BCO1","s1650_F_TNA_03_ASEReadCounter.table","NW_015090842.1:5934725",11,13,2
"BCO1","s1650_F_TNA_03_ASEReadCounter.table","NW_015090842.1:5934726",11,13,2
"BCO1","s1650_F_TNA_03_ASEReadCounter.table","NW_015090842.1:5934733",10,12,2
"BCO1","s1650_F_TNA_03_ASEReadCounter.table","NW_015090842.1:5934821",10,11,1
"BCO1","s1650_F_TNA_03_ASEReadCounter.table","NW_015090842.1:5934826",8,9,1
"BCO1","s1650_F_TNA_03_ASEReadCounter.table","NW_015090842.1:5934844",7,8,1
"BCO1","s1650_F_TNA_03_ASEReadCounter.table","NW_015090842.1:5934958",13,15,2
"BCO1","s1650_F_TNA_03_ASEReadCounter.table","NW_015090842.1:5934976",12,15,3
"GAN","s1650_F_TNA_03_ASEReadCounter.table","NW_015090842.1:5939249",0,2,2
"GAN","s1650_F_TNA_03_ASEReadCounter.table","NW_015090842.1:5953759",1,8,7
"GAN","s1650_F_TNA_03_ASEReadCounter.table","NW_015090842.1:5957502",4,12,8
"GAN","s1650_F_TNA_03_ASEReadCounter.table","NW_015090842.1:5957578",8,19,11
"GAN","s1650_F_TNA_03_ASEReadCounter.table","NW_015090842.1:5966047",18,33,15
"GAN","s1650_F_TNA_03_ASEReadCounter.table","NW_015090842.1:5966126",13,35,22
"GAN","s1650_F_TNA_03_ASEReadCounter.table","NW_015090842.1:5966127",13,35,22
"GAN","s1650_F_TNA_03_ASEReadCounter.table","NW_015090842.1:5966162",27,55,28
"GAN","s1650_F_TNA_03_ASEReadCounter.table","NW_015090842.1:5966483",47,98,51
"CMIP","s1650_F_TNA_03_ASEReadCounter.table","NW_015090842.1:6109159",11,20,9
"CMIP","s1650_F_TNA_03_ASEReadCounter.table","NW_015090842.1:6109166",9,16,7
"CMIP","s1650_F_TNA_03_ASEReadCounter.table","NW_015090842.1:6114641",16,32,16
"CMIP","s1650_F_TNA_03_ASEReadCounter.table","NW_015090842.1:6114751",11,24,13
"CMIP","s1650_F_TNA_03_ASEReadCounter.table","NW_015090842.1:6114824",7,25,18
"CMIP","s1650_F_TNA_03_ASEReadCounter.table","NW_015090842.1:6126295",61,62,1
"CMIP","s1650_F_TNA_03_ASEReadCounter.table","NW_015090842.1:6128998",27,64,37
"CMIP","s1650_F_TNA_03_ASEReadCounter.table","NW_015090842.1:6130562",49,118,69
"CMIP","s1650_F_TNA_03_ASEReadCounter.table","NW_015090842.1:6132522",40,110,70
"CMIP","s1650_F_TNA_03_ASEReadCounter.table","NW_015090842.1:6138265",79,271,192
"CMIP","s1650_F_TNA_03_ASEReadCounter.table","NW_015090842.1:6138300",97,293,196
"CMIP","s1650_F_TNA_03_ASEReadCounter.table","NW_015090842.1:6138342",88,240,152
"CMIP","s1650_F_TNA_03_ASEReadCounter.table","NW_015090842.1:6138343",84,233,149
"CMIP","s1650_F_TNA_03_ASEReadCounter.table","NW_015090842.1:6138345",89,235,146
"CMIP","s1650_F_TNA_03_ASEReadCounter.table","NW_015090842.1:6138647",48,128,80
"CMIP","s1650_F_TNA_03_ASEReadCounter.table","NW_015090842.1:6138745",55,142,87
"CMIP","s1650_F_TNA_03_ASEReadCounter.table","NW_015090842.1:6138832",11,59,48
"CMIP","s1650_F_TNA_03_ASEReadCounter.table","NW_015090842.1:6138967",61,145,84
"CMIP","s1650_F_TNA_03_ASEReadCounter.table","NW_015090842.1:6139131",27,61,34
"CMIP","s1650_F_TNA_03_ASEReadCounter.table","NW_015090842.1:6139163",7,37,30
"CMIP","s1650_F_TNA_03_ASEReadCounter.table","NW_015090842.1:6139212",109,115,6
"CMIP","s1650_F_TNA_03_ASEReadCounter.table","NW_015090842.1:6139360",31,61,30
"CMIP","s1650_F_TNA_03_ASEReadCounter.table","NW_015090842.1:6139572",20,45,25
"PLCG2","s1650_F_TNA_03_ASEReadCounter.table","NW_015090842.1:6179613",0,1,1
"PLCG2","s1650_F_TNA_03_ASEReadCounter.table","NW_015090842.1:6179658",1,2,1
"PLCG2","s1650_F_TNA_03_ASEReadCounter.table","NW_015090842.1:6209741",4,4,0
"PLCG2","s1650_F_TNA_03_ASEReadCounter.table","NW_015090842.1:6209798",1,2,1
"PLCG2","s1650_F_TNA_03_ASEReadCounter.table","NW_015090842.1:6209816",1,2,1
"PLCG2","s1650_F_TNA_03_ASEReadCounter.table","NW_015090842.1:6217547",1,5,4
"PLCG2","s1650_F_TNA_03_ASEReadCounter.table","NW_015090842.1:6218641",0,1,1
"PLCG2","s1650_F_TNA_03_ASEReadCounter.table","NW_015090842.1:6220552",0,4,4
"PLCG2","s1650_F_TNA_03_ASEReadCounter.table","NW_015090842.1:6221969",1,4,3
"PLCG2","s1650_F_TNA_03_ASEReadCounter.table","NW_015090842.1:6228672",2,3,1
"PLCG2","s1650_F_TNA_03_ASEReadCounter.table","NW_015090842.1:6228694",2,2,0
"PLCG2","s1650_F_TNA_03_ASEReadCounter.table","NW_015090842.1:6228722",2,2,0
"PLCG2","s1650_F_TNA_03_ASEReadCounter.table","NW_015090842.1:6228747",2,2,0
"PLCG2","s1650_F_TNA_03_ASEReadCounter.table","NW_015090842.1:6228835",1,2,1
"PLCG2","s1650_F_TNA_03_ASEReadCounter.table","NW_015090842.1:6228841",1,2,1
"PLCG2","s1650_F_TNA_03_ASEReadCounter.table","NW_015090842.1:6228865",1,1,0
"PLCG2","s1650_F_TNA_03_ASEReadCounter.table","NW_015090842.1:6228917",2,2,0
"PLCG2","s1650_F_TNA_03_ASEReadCounter.table","NW_015090842.1:6228926",2,2,0
"PLCG2","s1650_F_TNA_03_ASEReadCounter.table","NW_015090842.1:6228954",1,1,0
"PLCG2","s1650_F_TNA_03_ASEReadCounter.table","NW_015090842.1:6229663",0,2,2
"PLCG2","s1650_F_TNA_03_ASEReadCounter.table","NW_015090842.1:6229748",0,1,1
"PLCG2","s1650_F_TNA_03_ASEReadCounter.table","NW_015090842.1:6229892",0,1,1
"PLCG2","s1650_F_TNA_03_ASEReadCounter.table","NW_015090842.1:6230296",1,1,0
"PLCG2","s1650_F_TNA_03_ASEReadCounter.table","NW_015090842.1:6230349",2,2,0
"PLCG2","s1650_F_TNA_03_ASEReadCounter.table","NW_015090842.1:6230408",2,3,1
"PLCG2","s1650_F_TNA_03_ASEReadCounter.table","NW_015090842.1:6230439",4,5,1
"PLCG2","s1650_F_TNA_03_ASEReadCounter.table","NW_015090842.1:6230757",1,1,0
"PLCG2","s1650_F_TNA_03_ASEReadCounter.table","NW_015090842.1:6230898",2,2,0
"PLCG2","s1650_F_TNA_03_ASEReadCounter.table","NW_015090842.1:6230976",2,2,0
"PLCG2","s1650_F_TNA_03_ASEReadCounter.table","NW_015090842.1:6231078",2,3,1
"PLCG2","s1650_F_TNA_03_ASEReadCounter.table","NW_015090842.1:6231138",3,4,1
"PLCG2","s1650_F_TNA_03_ASEReadCounter.table","NW_015090842.1:6231177",3,4,1
"PLCG2","s1650_F_TNA_03_ASEReadCounter.table","NW_015090842.1:6231263",4,4,0
"SDR42E1","s1650_F_TNA_03_ASEReadCounter.table","NW_015090842.1:6235292",2,3,1
"SDR42E1","s1650_F_TNA_03_ASEReadCounter.table","NW_015090842.1:6235315",2,3,1
"SDR42E1","s1650_F_TNA_03_ASEReadCounter.table","NW_015090842.1:6235348",2,3,1
"SDR42E1","s1650_F_TNA_03_ASEReadCounter.table","NW_015090842.1:6235355",2,3,1
"SDR42E1","s1650_F_TNA_03_ASEReadCounter.table","NW_015090842.1:6235417",0,2,2
"SDR42E1","s1650_F_TNA_03_ASEReadCounter.table","NW_015090842.1:6235558",0,5,5
"SDR42E1","s1650_F_TNA_03_ASEReadCounter.table","NW_015090842.1:6235741",5,9,4
"SDR42E1","s1650_F_TNA_03_ASEReadCounter.table","NW_015090842.1:6235777",6,11,5
"SDR42E1","s1650_F_TNA_03_ASEReadCounter.table","NW_015090842.1:6235806",4,8,4
"SDR42E1","s1650_F_TNA_03_ASEReadCounter.table","NW_015090842.1:6235809",4,8,4
"SDR42E1","s1650_F_TNA_03_ASEReadCounter.table","NW_015090842.1:6235816",4,8,4
"SDR42E1","s1650_F_TNA_03_ASEReadCounter.table","NW_015090842.1:6235914",1,4,3
"SDR42E1","s1650_F_TNA_03_ASEReadCounter.table","NW_015090842.1:6235935",1,3,2
"SDR42E1","s1650_F_TNA_03_ASEReadCounter.table","NW_015090842.1:6235957",1,4,3
"SDR42E1","s1650_F_TNA_03_ASEReadCounter.table","NW_015090842.1:6236040",0,2,2
"SDR42E1","s1650_F_TNA_03_ASEReadCounter.table","NW_015090842.1:6236260",1,7,6
"SDR42E1","s1650_F_TNA_03_ASEReadCounter.table","NW_015090842.1:6236281",1,8,7
"SDR42E1","s1650_F_TNA_03_ASEReadCounter.table","NW_015090842.1:6236305",1,6,5
"SDR42E1","s1650_F_TNA_03_ASEReadCounter.table","NW_015090842.1:6236458",3,10,7
"SDR42E1","s1650_F_TNA_03_ASEReadCounter.table","NW_015090842.1:6236476",2,10,8
"SDR42E1","s1650_F_TNA_03_ASEReadCounter.table","NW_015090842.1:6236608",1,4,3
"SDR42E1","s1650_F_TNA_03_ASEReadCounter.table","NW_015090842.1:6238244",1,3,2
"HSD17B2","s1650_F_TNA_03_ASEReadCounter.table","NW_015090842.1:6257737",0,1,1
"HSD17B2","s1650_F_TNA_03_ASEReadCounter.table","NW_015090842.1:6257758",0,1,1
"HSD17B2","s1650_F_TNA_03_ASEReadCounter.table","NW_015090842.1:6257767",0,1,1
"HSD17B2","s1650_F_TNA_03_ASEReadCounter.table","NW_015090842.1:6257829",0,2,2
"HSD17B2","s1650_F_TNA_03_ASEReadCounter.table","NW_015090842.1:6257889",0,1,1
"HSD17B2","s1650_F_TNA_03_ASEReadCounter.table","NW_015090842.1:6267273",0,1,1
"HSD17B2","s1650_F_TNA_03_ASEReadCounter.table","NW_015090842.1:6268098",0,2,2
"ARY2","s1650_F_TNA_03_ASEReadCounter.table","NW_015090842.1:6303922",4,8,4
"ARY2","s1650_F_TNA_03_ASEReadCounter.table","NW_015090842.1:6303954",4,7,3
"ARY2","s1650_F_TNA_03_ASEReadCounter.table","NW_015090842.1:6303979",3,9,6
"ARY2","s1650_F_TNA_03_ASEReadCounter.table","NW_015090842.1:6305848",8,11,3
"ARY2","s1650_F_TNA_03_ASEReadCounter.table","NW_015090842.1:6305856",7,10,3
"ARY2","s1650_F_TNA_03_ASEReadCounter.table","NW_015090842.1:6305857",8,11,3
"ARY2","s1650_F_TNA_03_ASEReadCounter.table","NW_015090842.1:6306017",10,10,0
"ARY2","s1650_F_TNA_03_ASEReadCounter.table","NW_015090842.1:6306052",12,13,1
"ARY2","s1650_F_TNA_03_ASEReadCounter.table","NW_015090842.1:6306094",17,19,2
"ARY2","s1650_F_TNA_03_ASEReadCounter.table","NW_015090842.1:6306100",18,20,2
"ARY2","s1650_F_TNA_03_ASEReadCounter.table","NW_015090842.1:6306146",15,16,1
"ARY2","s1650_F_TNA_03_ASEReadCounter.table","NW_015090842.1:6306147",15,16,1
"ARY2","s1650_F_TNA_03_ASEReadCounter.table","NW_015090842.1:6306390",7,13,6
"ARY2","s1650_F_TNA_03_ASEReadCounter.table","NW_015090842.1:6306567",4,7,3
"ARY2","s1650_F_TNA_03_ASEReadCounter.table","NW_015090842.1:6306705",6,11,5
"ARY2","s1650_F_TNA_03_ASEReadCounter.table","NW_015090842.1:6306773",9,14,5
"ARY2","s1650_F_TNA_03_ASEReadCounter.table","NW_015090842.1:6307039",10,14,4
"ARY2","s1650_F_TNA_03_ASEReadCounter.table","NW_015090842.1:6307043",9,13,4
"ARY2","s1650_F_TNA_03_ASEReadCounter.table","NW_015090842.1:6307093",9,12,3
"ARY2","s1650_F_TNA_03_ASEReadCounter.table","NW_015090842.1:6307138",10,12,2
"ARY2","s1650_F_TNA_03_ASEReadCounter.table","NW_015090842.1:6307157",6,7,1
"ARY2","s1650_F_TNA_03_ASEReadCounter.table","NW_015090842.1:6307187",7,9,2
"ARY2","s1650_F_TNA_03_ASEReadCounter.table","NW_015090842.1:6307204",7,9,2
"ARY2","s1650_F_TNA_03_ASEReadCounter.table","NW_015090842.1:6307278",10,13,3
"ARY2","s1650_F_TNA_03_ASEReadCounter.table","NW_015090842.1:6307305",12,14,2
"ARY2","s1650_F_TNA_03_ASEReadCounter.table","NW_015090842.1:6307318",13,14,1
"ARY2","s1650_F_TNA_03_ASEReadCounter.table","NW_015090842.1:6307429",10,17,7
"ARY2","s1650_F_TNA_03_ASEReadCounter.table","NW_015090842.1:6307487",4,10,6
"ARY2","s1650_F_TNA_03_ASEReadCounter.table","NW_015090842.1:6307670",8,10,2
"ARYL","s1650_F_TNA_03_ASEReadCounter.table","NW_015090842.1:6313360",2,4,2
"ARYL","s1650_F_TNA_03_ASEReadCounter.table","NW_015090842.1:6313377",3,4,1
"ARYL","s1650_F_TNA_03_ASEReadCounter.table","NW_015090842.1:6313767",1,3,2
"ARY1","s1650_F_TNA_03_ASEReadCounter.table","NW_015090842.1:6314296",2,7,5
"ARY1","s1650_F_TNA_03_ASEReadCounter.table","NW_015090842.1:6314541",4,8,4
"ARY1","s1650_F_TNA_03_ASEReadCounter.table","NW_015090842.1:6314597",3,6,3
"ARY1","s1650_F_TNA_03_ASEReadCounter.table","NW_015090842.1:6314750",2,3,1
"ARY1","s1650_F_TNA_03_ASEReadCounter.table","NW_015090842.1:6314794",3,3,0
"ARY1","s1650_F_TNA_03_ASEReadCounter.table","NW_015090842.1:6314827",3,3,0
"ARY1","s1650_F_TNA_03_ASEReadCounter.table","NW_015090842.1:6314859",8,10,2
"ARY1","s1650_F_TNA_03_ASEReadCounter.table","NW_015090842.1:6314886",9,12,3
"ARY1","s1650_F_TNA_03_ASEReadCounter.table","NW_015090842.1:6315022",5,9,4
"ARY1","s1650_F_TNA_03_ASEReadCounter.table","NW_015090842.1:6315026",5,9,4
"ARY1","s1650_F_TNA_03_ASEReadCounter.table","NW_015090842.1:6315043",5,9,4
"ARY1","s1650_F_TNA_03_ASEReadCounter.table","NW_015090842.1:6315065",7,13,6
"ARY1","s1650_F_TNA_03_ASEReadCounter.table","NW_015090842.1:6315409",5,12,7
"ARY1","s1650_F_TNA_03_ASEReadCounter.table","NW_015090842.1:6315479",4,11,7
"ARY1","s1650_F_TNA_03_ASEReadCounter.table","NW_015090842.1:6318342",13,17,4
"ARY1","s1650_F_TNA_03_ASEReadCounter.table","NW_015090842.1:6318427",12,17,5
"ARY1","s1650_F_TNA_03_ASEReadCounter.table","NW_015090842.1:6318603",9,11,2
"ARY1","s1650_F_TNA_03_ASEReadCounter.table","NW_015090842.1:6318708",7,10,3
"ARY1","s1650_F_TNA_03_ASEReadCounter.table","NW_015090842.1:6318858",13,16,3
"ARY1","s1650_F_TNA_03_ASEReadCounter.table","NW_015090842.1:6318952",13,23,10
"MPHOSPH6","s1650_F_TNA_03_ASEReadCounter.table","NW_015090842.1:6324063",70,134,64
"MPHOSPH6","s1650_F_TNA_03_ASEReadCounter.table","NW_015090842.1:6324174",105,228,123
"MPHOSPH6","s1650_F_TNA_03_ASEReadCounter.table","NW_015090842.1:6324270",124,230,106
"MPHOSPH6","s1650_F_TNA_03_ASEReadCounter.table","NW_015090842.1:6324762",108,192,84
"MPHOSPH6","s1650_F_TNA_03_ASEReadCounter.table","NW_015090842.1:6324780",101,179,78
"MPHOSPH6","s1650_F_TNA_03_ASEReadCounter.table","NW_015090842.1:6324902",95,189,94
"MPHOSPH6","s1650_F_TNA_03_ASEReadCounter.table","NW_015090842.1:6325066",94,197,103
"MPHOSPH6","s1650_F_TNA_03_ASEReadCounter.table","NW_015090842.1:6325089",110,230,120
"MPHOSPH6","s1650_F_TNA_03_ASEReadCounter.table","NW_015090842.1:6325877",68,156,88
"MPHOSPH6","s1650_F_TNA_03_ASEReadCounter.table","NW_015090842.1:6326976",61,131,70
"CDH13","s1650_F_TNA_03_ASEReadCounter.table","NW_015090842.1:6662283",0,2,2
"CDH13","s1650_F_TNA_03_ASEReadCounter.table","NW_015090842.1:6693665",2,6,4
"CDH13","s1650_F_TNA_03_ASEReadCounter.table","NW_015090842.1:6693697",2,4,2
"CDH13","s1650_F_TNA_03_ASEReadCounter.table","NW_015090842.1:6693712",4,6,2
"CDH13","s1650_F_TNA_03_ASEReadCounter.table","NW_015090842.1:6693723",6,8,2
"CDH13","s1650_F_TNA_03_ASEReadCounter.table","NW_015090842.1:6693738",6,8,2
"CDH13","s1650_F_TNA_03_ASEReadCounter.table","NW_015090842.1:6823730",0,1,1
"CDH13","s1650_F_TNA_03_ASEReadCounter.table","NW_015090842.1:6889713",1,2,1
"CDH13","s1650_F_TNA_03_ASEReadCounter.table","NW_015090842.1:6955167",2,5,3
"MLYCD","s1650_F_TNA_03_ASEReadCounter.table","NW_015090842.1:7150054",49,99,50
"MLYCD","s1650_F_TNA_03_ASEReadCounter.table","NW_015090842.1:7150131",87,188,101
"MLYCD","s1650_F_TNA_03_ASEReadCounter.table","NW_015090842.1:7150585",56,120,64
"MLYCD","s1650_F_TNA_03_ASEReadCounter.table","NW_015090842.1:7150686",36,87,51
"MLYCD","s1650_F_TNA_03_ASEReadCounter.table","NW_015090842.1:7150696",39,94,55
"MLYCD","s1650_F_TNA_03_ASEReadCounter.table","NW_015090842.1:7150869",41,101,60
"MLYCD","s1650_F_TNA_03_ASEReadCounter.table","NW_015090842.1:7151100",37,80,43
"MLYCD","s1650_F_TNA_03_ASEReadCounter.table","NW_015090842.1:7151127",37,82,45
"MLYCD","s1650_F_TNA_03_ASEReadCounter.table","NW_015090842.1:7157538",19,42,23
"MLYCD","s1650_F_TNA_03_ASEReadCounter.table","NW_015090842.1:7167662",12,16,4
"MLYCD","s1650_F_TNA_03_ASEReadCounter.table","NW_015090842.1:7167675",13,19,6
"MLYCD","s1650_F_TNA_03_ASEReadCounter.table","NW_015090842.1:7167710",10,16,6
"MLYCD","s1650_F_TNA_03_ASEReadCounter.table","NW_015090842.1:7167781",8,13,5
"MLYCD","s1650_F_TNA_03_ASEReadCounter.table","NW_015090842.1:7167803",5,8,3
"MLYCD","s1650_F_TNA_03_ASEReadCounter.table","NW_015090842.1:7167812",6,10,4
"MLYCD","s1650_F_TNA_03_ASEReadCounter.table","NW_015090842.1:7167845",6,10,4
"MLYCD","s1650_F_TNA_03_ASEReadCounter.table","NW_015090842.1:7167862",6,9,3
"MLYCD","s1650_F_TNA_03_ASEReadCounter.table","NW_015090842.1:7167929",4,10,6
"MLYCD","s1650_F_TNA_03_ASEReadCounter.table","NW_015090842.1:7167995",2,6,4
"MLYCD","s1650_F_TNA_03_ASEReadCounter.table","NW_015090842.1:7168005",2,6,4
"MLYCD","s1650_F_TNA_03_ASEReadCounter.table","NW_015090842.1:7168037",3,4,1
"HSBP1","s1650_F_TNA_03_ASEReadCounter.table","NW_015090842.1:7245192",568,957,389
"HSBP1","s1650_F_TNA_03_ASEReadCounter.table","NW_015090842.1:7245226",583,1078,495
"HSBP1","s1650_F_TNA_03_ASEReadCounter.table","NW_015090842.1:7245257",483,929,446
"HSBP1","s1650_F_TNA_03_ASEReadCounter.table","NW_015090842.1:7245296",440,919,479
"HSBP1","s1650_F_TNA_03_ASEReadCounter.table","NW_015090842.1:7245389",675,1228,553
"HSBP1","s1650_F_TNA_03_ASEReadCounter.table","NW_015090842.1:7245400",691,1190,499
"HSBP1","s1650_F_TNA_03_ASEReadCounter.table","NW_015090842.1:7245445",642,1135,493
"HSBP1","s1650_F_TNA_03_ASEReadCounter.table","NW_015090842.1:7245495",585,1061,476
"HSBP1","s1650_F_TNA_03_ASEReadCounter.table","NW_015090842.1:7245733",354,701,347
"HSBP1","s1650_F_TNA_03_ASEReadCounter.table","NW_015090842.1:7245771",370,679,309
"HSBP1","s1650_F_TNA_03_ASEReadCounter.table","NW_015090842.1:7245813",372,641,269
"HSBP1","s1650_F_TNA_03_ASEReadCounter.table","NW_015090842.1:7245926",403,735,332
"HSBP1","s1650_F_TNA_03_ASEReadCounter.table","NW_015090842.1:7245927",401,733,332
"HSBP1","s1650_F_TNA_03_ASEReadCounter.table","NW_015090842.1:7245933",406,711,305
"HSBP1","s1650_F_TNA_03_ASEReadCounter.table","NW_015090842.1:7246002",293,562,269
"HSBP1","s1650_F_TNA_03_ASEReadCounter.table","NW_015090842.1:7246094",341,623,282
"HSBP1","s1650_F_TNA_03_ASEReadCounter.table","NW_015090842.1:7246167",366,655,289
"HSBP1","s1650_F_TNA_03_ASEReadCounter.table","NW_015090842.1:7246183",354,639,285
"HSBP1","s1650_F_TNA_03_ASEReadCounter.table","NW_015090842.1:7247285",41,60,19
"HSBP1","s1650_F_TNA_03_ASEReadCounter.table","NW_015090842.1:7247651",402,794,392
"HSBP1","s1650_F_TNA_03_ASEReadCounter.table","NW_015090842.1:7247657",393,798,405
"HSBP1","s1650_F_TNA_03_ASEReadCounter.table","NW_015090842.1:7248520",274,547,273
"HSBP1","s1650_F_TNA_03_ASEReadCounter.table","NW_015090842.1:7248535",234,455,221
"KCNG4","s1650_F_TNA_03_ASEReadCounter.table","NW_015090842.1:7282481",4,15,11
"KCNG4","s1650_F_TNA_03_ASEReadCounter.table","NW_015090842.1:7282500",4,13,9
"KCNG4","s1650_F_TNA_03_ASEReadCounter.table","NW_015090842.1:7282542",4,15,11
"KCNG4","s1650_F_TNA_03_ASEReadCounter.table","NW_015090842.1:7282579",3,10,7
"KCNG4","s1650_F_TNA_03_ASEReadCounter.table","NW_015090842.1:7282630",4,12,8
"KCNG4","s1650_F_TNA_03_ASEReadCounter.table","NW_015090842.1:7283056",2,4,2
"KCNG4","s1650_F_TNA_03_ASEReadCounter.table","NW_015090842.1:7283245",5,7,2
"KCNG4","s1650_F_TNA_03_ASEReadCounter.table","NW_015090842.1:7301195",2,3,1
"KCNG4","s1650_F_TNA_03_ASEReadCounter.table","NW_015090842.1:7301227",2,3,1
"KCNG4","s1650_F_TNA_03_ASEReadCounter.table","NW_015090842.1:7301240",2,2,0
"WFDC1","s1650_F_TNA_03_ASEReadCounter.table","NW_015090842.1:7366517",0,2,2
"WFDC1","s1650_F_TNA_03_ASEReadCounter.table","NW_015090842.1:7373367",0,3,3
"WFDC1","s1650_F_TNA_03_ASEReadCounter.table","NW_015090842.1:7375828",1,3,2
"WFDC1","s1650_F_TNA_03_ASEReadCounter.table","NW_015090842.1:7378036",2,6,4
"WFDC1","s1650_F_TNA_03_ASEReadCounter.table","NW_015090842.1:7379125",2,4,2
"WFDC1","s1650_F_TNA_03_ASEReadCounter.table","NW_015090842.1:7379451",2,8,6
"WFDC1","s1650_F_TNA_03_ASEReadCounter.table","NW_015090842.1:7379471",2,5,3
"WFDC1","s1650_F_TNA_03_ASEReadCounter.table","NW_015090842.1:7379576",3,9,6
"WFDC1","s1650_F_TNA_03_ASEReadCounter.table","NW_015090842.1:7379596",1,7,6
"WFDC1","s1650_F_TNA_03_ASEReadCounter.table","NW_015090842.1:7379605",1,6,5
"WFDC1","s1650_F_TNA_03_ASEReadCounter.table","NW_015090842.1:7379626",1,5,4
"WFDC1","s1650_F_TNA_03_ASEReadCounter.table","NW_015090842.1:7379631",1,5,4
"WFDC1","s1650_F_TNA_03_ASEReadCounter.table","NW_015090842.1:7379632",1,4,3
"WFDC1","s1650_F_TNA_03_ASEReadCounter.table","NW_015090842.1:7379652",2,5,3
"WFDC1","s1650_F_TNA_03_ASEReadCounter.table","NW_015090842.1:7379669",2,4,2
"WFDC1","s1650_F_TNA_03_ASEReadCounter.table","NW_015090842.1:7379674",2,4,2
"WFDC1","s1650_F_TNA_03_ASEReadCounter.table","NW_015090842.1:7379719",1,4,3
"WFDC1","s1650_F_TNA_03_ASEReadCounter.table","NW_015090842.1:7379735",0,2,2
"WFDC1","s1650_F_TNA_03_ASEReadCounter.table","NW_015090842.1:7379739",0,2,2
"WFDC1","s1650_F_TNA_03_ASEReadCounter.table","NW_015090842.1:7379821",2,2,0
"WFDC1","s1650_F_TNA_03_ASEReadCounter.table","NW_015090842.1:7379840",1,3,2
"WFDC1","s1650_F_TNA_03_ASEReadCounter.table","NW_015090842.1:7379933",0,3,3
"WFDC1","s1650_F_TNA_03_ASEReadCounter.table","NW_015090842.1:7379935",0,3,3
"WFDC1","s1650_F_TNA_03_ASEReadCounter.table","NW_015090842.1:7379983",1,2,1
"WFDC1","s1650_F_TNA_03_ASEReadCounter.table","NW_015090842.1:7380060",1,3,2
"WFDC1","s1650_F_TNA_03_ASEReadCounter.table","NW_015090842.1:7380136",0,4,4
"WFDC1","s1650_F_TNA_03_ASEReadCounter.table","NW_015090842.1:7380150",0,5,5
"WFDC1","s1650_F_TNA_03_ASEReadCounter.table","NW_015090842.1:7380164",0,4,4
"WFDC1","s1650_F_TNA_03_ASEReadCounter.table","NW_015090842.1:7380237",0,3,3
"WFDC1","s1650_F_TNA_03_ASEReadCounter.table","NW_015090842.1:7380261",2,5,3
"WFDC1","s1650_F_TNA_03_ASEReadCounter.table","NW_015090842.1:7380322",4,8,4
"WFDC1","s1650_F_TNA_03_ASEReadCounter.table","NW_015090842.1:7380491",0,4,4
"WFDC1","s1650_F_TNA_03_ASEReadCounter.table","NW_015090842.1:7380567",0,3,3
"WFDC1","s1650_F_TNA_03_ASEReadCounter.table","NW_015090842.1:7380672",2,5,3
"WFDC1","s1650_F_TNA_03_ASEReadCounter.table","NW_015090842.1:7380721",1,4,3
"WFDC1","s1650_F_TNA_03_ASEReadCounter.table","NW_015090842.1:7380743",1,4,3
"WFDC1","s1650_F_TNA_03_ASEReadCounter.table","NW_015090842.1:7380852",1,2,1
"WFDC1","s1650_F_TNA_03_ASEReadCounter.table","NW_015090842.1:7380878",0,2,2
"WFDC1","s1650_F_TNA_03_ASEReadCounter.table","NW_015090842.1:7381081",6,14,8
"WFDC1","s1650_F_TNA_03_ASEReadCounter.table","NW_015090842.1:7381127",5,14,9
"WFDC1","s1650_F_TNA_03_ASEReadCounter.table","NW_015090842.1:7381195",6,12,6
"WFDC1","s1650_F_TNA_03_ASEReadCounter.table","NW_015090842.1:7381253",6,11,5
"WFDC1","s1650_F_TNA_03_ASEReadCounter.table","NW_015090842.1:7381378",5,9,4
"WFDC1","s1650_F_TNA_03_ASEReadCounter.table","NW_015090842.1:7381433",7,13,6
"WFDC1","s1650_F_TNA_03_ASEReadCounter.table","NW_015090842.1:7381434",7,14,7
"WFDC1","s1650_F_TNA_03_ASEReadCounter.table","NW_015090842.1:7381442",8,15,7
"WFDC1","s1650_F_TNA_03_ASEReadCounter.table","NW_015090842.1:7381517",6,10,4
"WFDC1","s1650_F_TNA_03_ASEReadCounter.table","NW_015090842.1:7381520",6,10,4
"WFDC1","s1650_F_TNA_03_ASEReadCounter.table","NW_015090842.1:7381677",1,7,6
"WFDC1","s1650_F_TNA_03_ASEReadCounter.table","NW_015090842.1:7381709",1,5,4
"ATP2C2","s1650_F_TNA_03_ASEReadCounter.table","NW_015090842.1:7395230",0,2,2
"ATP2C2","s1650_F_TNA_03_ASEReadCounter.table","NW_015090842.1:7395366",0,2,2
"ATP2C2","s1650_F_TNA_03_ASEReadCounter.table","NW_015090842.1:7396756",1,1,0
"ATP2C2","s1650_F_TNA_03_ASEReadCounter.table","NW_015090842.1:7397049",1,3,2
"ATP2C2","s1650_F_TNA_03_ASEReadCounter.table","NW_015090842.1:7398395",0,1,1
"ATP2C2","s1650_F_TNA_03_ASEReadCounter.table","NW_015090842.1:7399774",0,1,1
"ATP2C2","s1650_F_TNA_03_ASEReadCounter.table","NW_015090842.1:7402554",0,1,1
"ATP2C2","s1650_F_TNA_03_ASEReadCounter.table","NW_015090842.1:7402578",0,1,1
"ATP2C2","s1650_F_TNA_03_ASEReadCounter.table","NW_015090842.1:7405621",0,1,1
"ATP2C2","s1650_F_TNA_03_ASEReadCounter.table","NW_015090842.1:7413855",0,12,12
"ATP2C2","s1650_F_TNA_03_ASEReadCounter.table","NW_015090842.1:7413869",0,11,11
"ATP2C2","s1650_F_TNA_03_ASEReadCounter.table","NW_015090842.1:7413875",0,12,12
"TLDC1","s1650_F_TNA_03_ASEReadCounter.table","NW_015090842.1:7421137",50,79,29
"TLDC1","s1650_F_TNA_03_ASEReadCounter.table","NW_015090842.1:7421155",45,74,29
"TLDC1","s1650_F_TNA_03_ASEReadCounter.table","NW_015090842.1:7421218",26,55,29
"TLDC1","s1650_F_TNA_03_ASEReadCounter.table","NW_015090842.1:7421399",33,54,21
"TLDC1","s1650_F_TNA_03_ASEReadCounter.table","NW_015090842.1:7421402",32,54,22
"TLDC1","s1650_F_TNA_03_ASEReadCounter.table","NW_015090842.1:7421528",37,68,31
"TLDC1","s1650_F_TNA_03_ASEReadCounter.table","NW_015090842.1:7421532",35,67,32
"TLDC1","s1650_F_TNA_03_ASEReadCounter.table","NW_015090842.1:7421621",39,68,29
"TLDC1","s1650_F_TNA_03_ASEReadCounter.table","NW_015090842.1:7421647",38,67,29
"TLDC1","s1650_F_TNA_03_ASEReadCounter.table","NW_015090842.1:7421657",37,63,26
"TLDC1","s1650_F_TNA_03_ASEReadCounter.table","NW_015090842.1:7421693",40,68,28
"TLDC1","s1650_F_TNA_03_ASEReadCounter.table","NW_015090842.1:7421796",41,70,29
"TLDC1","s1650_F_TNA_03_ASEReadCounter.table","NW_015090842.1:7421810",46,80,34
"TLDC1","s1650_F_TNA_03_ASEReadCounter.table","NW_015090842.1:7421833",46,83,37
"TLDC1","s1650_F_TNA_03_ASEReadCounter.table","NW_015090842.1:7421879",38,73,35
"TLDC1","s1650_F_TNA_03_ASEReadCounter.table","NW_015090842.1:7421914",36,61,25
"TLDC1","s1650_F_TNA_03_ASEReadCounter.table","NW_015090842.1:7421969",23,37,14
"TLDC1","s1650_F_TNA_03_ASEReadCounter.table","NW_015090842.1:7422015",28,52,24
"TLDC1","s1650_F_TNA_03_ASEReadCounter.table","NW_015090842.1:7422042",43,75,32
"TLDC1","s1650_F_TNA_03_ASEReadCounter.table","NW_015090842.1:7422230",37,57,20
"TLDC1","s1650_F_TNA_03_ASEReadCounter.table","NW_015090842.1:7423349",41,53,12
"TLDC1","s1650_F_TNA_03_ASEReadCounter.table","NW_015090842.1:7423362",36,48,12
"TLDC1","s1650_F_TNA_03_ASEReadCounter.table","NW_015090842.1:7426091",19,28,9
"TLDC1","s1650_F_TNA_03_ASEReadCounter.table","NW_015090842.1:7426485",25,36,11
"TLDC1","s1650_F_TNA_03_ASEReadCounter.table","NW_015090842.1:7427211",18,31,13
"TLDC1","s1650_F_TNA_03_ASEReadCounter.table","NW_015090842.1:7428179",15,28,13
"COTL1","s1650_F_TNA_03_ASEReadCounter.table","NW_015090842.1:7490744",662,1490,828
"COTL1","s1650_F_TNA_03_ASEReadCounter.table","NW_015090842.1:7491051",475,1025,550
"COTL1","s1650_F_TNA_03_ASEReadCounter.table","NW_015090842.1:7491124",435,939,504
"COTL1","s1650_F_TNA_03_ASEReadCounter.table","NW_015090842.1:7491418",266,552,286
"COTL1","s1650_F_TNA_03_ASEReadCounter.table","NW_015090842.1:7491539",199,437,238
"COTL1","s1650_F_TNA_03_ASEReadCounter.table","NW_015090842.1:7491585",333,666,333
"COTL1","s1650_F_TNA_03_ASEReadCounter.table","NW_015090842.1:7491586",318,682,364
"COTL1","s1650_F_TNA_03_ASEReadCounter.table","NW_015090842.1:7491646",385,848,463
"COTL1","s1650_F_TNA_03_ASEReadCounter.table","NW_015090842.1:7491747",265,574,309
"COTL1","s1650_F_TNA_03_ASEReadCounter.table","NW_015090842.1:7491803",257,565,308
"COTL1","s1650_F_TNA_03_ASEReadCounter.table","NW_015090842.1:7506078",0,1,1
"KLHL36","s1650_F_TNA_03_ASEReadCounter.table","NW_015090842.1:7514700",31,54,23
"KLHL36","s1650_F_TNA_03_ASEReadCounter.table","NW_015090842.1:7519691",3,3,0
"KLHL36","s1650_F_TNA_03_ASEReadCounter.table","NW_015090842.1:7519696",3,3,0
"KLHL36","s1650_F_TNA_03_ASEReadCounter.table","NW_015090842.1:7526160",29,54,25
"KLHL36","s1650_F_TNA_03_ASEReadCounter.table","NW_015090842.1:7526469",23,41,18
"KLHL36","s1650_F_TNA_03_ASEReadCounter.table","NW_015090842.1:7526587",19,38,19
"KLHL36","s1650_F_TNA_03_ASEReadCounter.table","NW_015090842.1:7526997",16,35,19
"KLHL36","s1650_F_TNA_03_ASEReadCounter.table","NW_015090842.1:7527142",18,37,19
"KLHL36","s1650_F_TNA_03_ASEReadCounter.table","NW_015090842.1:7535174",43,90,47
"KLHL36","s1650_F_TNA_03_ASEReadCounter.table","NW_015090842.1:7535384",16,33,17
"KLHL36","s1650_F_TNA_03_ASEReadCounter.table","NW_015090842.1:7535420",17,46,29
"KLHL36","s1650_F_TNA_03_ASEReadCounter.table","NW_015090842.1:7535545",20,41,21
"KLHL36","s1650_F_TNA_03_ASEReadCounter.table","NW_015090842.1:7535829",33,68,35
"KLHL36","s1650_F_TNA_03_ASEReadCounter.table","NW_015090842.1:7535977",22,49,27
"KLHL36","s1650_F_TNA_03_ASEReadCounter.table","NW_015090842.1:7536010",29,57,28
"KLHL36","s1650_F_TNA_03_ASEReadCounter.table","NW_015090842.1:7536051",36,63,27
"KLHL36","s1650_F_TNA_03_ASEReadCounter.table","NW_015090842.1:7536096",32,63,31
"KLHL36","s1650_F_TNA_03_ASEReadCounter.table","NW_015090842.1:7536135",36,72,36
"KLHL36","s1650_F_TNA_03_ASEReadCounter.table","NW_015090842.1:7536136",36,69,33
"KLHL36","s1650_F_TNA_03_ASEReadCounter.table","NW_015090842.1:7536160",35,69,34
"KLHL36","s1650_F_TNA_03_ASEReadCounter.table","NW_015090842.1:7536336",42,83,41
"KLHL36","s1650_F_TNA_03_ASEReadCounter.table","NW_015090842.1:7536352",38,77,39
"KLHL36","s1650_F_TNA_03_ASEReadCounter.table","NW_015090842.1:7536412",16,48,32
"KLHL36","s1650_F_TNA_03_ASEReadCounter.table","NW_015090842.1:7536418",14,45,31
"KLHL36","s1650_F_TNA_03_ASEReadCounter.table","NW_015090842.1:7536465",25,51,26
"KLHL36","s1650_F_TNA_03_ASEReadCounter.table","NW_015090842.1:7536466",25,51,26
"KLHL36","s1650_F_TNA_03_ASEReadCounter.table","NW_015090842.1:7536553",46,72,26
"KLHL36","s1650_F_TNA_03_ASEReadCounter.table","NW_015090842.1:7536698",42,80,38
"KLHL36","s1650_F_TNA_03_ASEReadCounter.table","NW_015090842.1:7536713",19,66,47
"KLHL36","s1650_F_TNA_03_ASEReadCounter.table","NW_015090842.1:7536720",28,58,30
"KLHL36","s1650_F_TNA_03_ASEReadCounter.table","NW_015090842.1:7536791",44,74,30
"KLHL36","s1650_F_TNA_03_ASEReadCounter.table","NW_015090842.1:7536849",42,74,32
"KLHL36","s1650_F_TNA_03_ASEReadCounter.table","NW_015090842.1:7536872",47,83,36
"KLHL36","s1650_F_TNA_03_ASEReadCounter.table","NW_015090842.1:7536878",52,84,32
"KLHL36","s1650_F_TNA_03_ASEReadCounter.table","NW_015090842.1:7536916",53,84,31
"KLHL36","s1650_F_TNA_03_ASEReadCounter.table","NW_015090842.1:7536927",57,100,43
"KLHL36","s1650_F_TNA_03_ASEReadCounter.table","NW_015090842.1:7537315",59,100,41
"KLHL36","s1650_F_TNA_03_ASEReadCounter.table","NW_015090842.1:7537352",52,92,40
"KLHL36","s1650_F_TNA_03_ASEReadCounter.table","NW_015090842.1:7537631",67,134,67
"KLHL36","s1650_F_TNA_03_ASEReadCounter.table","NW_015090842.1:7537830",92,162,70
"KLHL36","s1650_F_TNA_03_ASEReadCounter.table","NW_015090842.1:7537838",80,148,68
"KLHL36","s1650_F_TNA_03_ASEReadCounter.table","NW_015090842.1:7538153",48,137,89
"KLHL36","s1650_F_TNA_03_ASEReadCounter.table","NW_015090842.1:7538256",39,103,64
"KLHL36","s1650_F_TNA_03_ASEReadCounter.table","NW_015090842.1:7538265",37,102,65
"KLHL36","s1650_F_TNA_03_ASEReadCounter.table","NW_015090842.1:7538300",50,123,73
"USP10","s1650_F_TNA_03_ASEReadCounter.table","NW_015090842.1:7563972",3,7,4
"USP10","s1650_F_TNA_03_ASEReadCounter.table","NW_015090842.1:7571816",9,20,11
"USP10","s1650_F_TNA_03_ASEReadCounter.table","NW_015090842.1:7571993",15,23,8
"USP10","s1650_F_TNA_03_ASEReadCounter.table","NW_015090842.1:7572580",20,33,13
"USP10","s1650_F_TNA_03_ASEReadCounter.table","NW_015090842.1:7587372",68,132,64
"CRISPLD2","s1650_F_TNA_03_ASEReadCounter.table","NW_015090842.1:7617790",1,1,0
"CRISPLD2","s1650_F_TNA_03_ASEReadCounter.table","NW_015090842.1:7625451",2,2,0
"CRISPLD2","s1650_F_TNA_03_ASEReadCounter.table","NW_015090842.1:7626214",4,5,1
"CRISPLD2","s1650_F_TNA_03_ASEReadCounter.table","NW_015090842.1:7630784",6,8,2
"CRISPLD2","s1650_F_TNA_03_ASEReadCounter.table","NW_015090842.1:7630823",3,4,1
"CRISPLD2","s1650_F_TNA_03_ASEReadCounter.table","NW_015090842.1:7633172",2,2,0
"CRISPLD2","s1650_F_TNA_03_ASEReadCounter.table","NW_015090842.1:7633326",2,2,0
"CRISPLD2","s1650_F_TNA_03_ASEReadCounter.table","NW_015090842.1:7633336",1,1,0
"CRISPLD2","s1650_F_TNA_03_ASEReadCounter.table","NW_015090842.1:7633381",2,2,0
"CRISPLD2","s1650_F_TNA_03_ASEReadCounter.table","NW_015090842.1:7633388",2,2,0
"CRISPLD2","s1650_F_TNA_03_ASEReadCounter.table","NW_015090842.1:7633400",2,2,0
"CRISPLD2","s1650_F_TNA_03_ASEReadCounter.table","NW_015090842.1:7633486",1,1,0
"CRISPLD2","s1650_F_TNA_03_ASEReadCounter.table","NW_015090842.1:7633695",1,3,2
"CRISPLD2","s1650_F_TNA_03_ASEReadCounter.table","NW_015090842.1:7633721",1,3,2
"CRISPLD2","s1650_F_TNA_03_ASEReadCounter.table","NW_015090842.1:7633888",0,1,1
"CRISPLD2","s1650_F_TNA_03_ASEReadCounter.table","NW_015090842.1:7633910",1,2,1
"CRISPLD2","s1650_F_TNA_03_ASEReadCounter.table","NW_015090842.1:7634142",3,4,1
"CRISPLD2","s1650_F_TNA_03_ASEReadCounter.table","NW_015090842.1:7634417",2,4,2
"CRISPLD2","s1650_F_TNA_03_ASEReadCounter.table","NW_015090842.1:7634825",3,3,0
"CRISPLD2","s1650_F_TNA_03_ASEReadCounter.table","NW_015090842.1:7634852",3,3,0
"CRISPLD2","s1650_F_TNA_03_ASEReadCounter.table","NW_015090842.1:7635009",2,2,0
"CRISPLD2","s1650_F_TNA_03_ASEReadCounter.table","NW_015090842.1:7635208",3,3,0
"CRISPLD2","s1650_F_TNA_03_ASEReadCounter.table","NW_015090842.1:7635373",2,3,1
"CRISPLD2","s1650_F_TNA_03_ASEReadCounter.table","NW_015090842.1:7635525",1,3,2
"CRISPLD2","s1650_F_TNA_03_ASEReadCounter.table","NW_015090842.1:7635583",0,3,3
"CRISPLD2","s1650_F_TNA_03_ASEReadCounter.table","NW_015090842.1:7635924",4,5,1
"LOC106888312","s1650_F_TNA_03_ASEReadCounter.table","NW_015090842.1:7732244",0,1,1
"LOC106888312","s1650_F_TNA_03_ASEReadCounter.table","NW_015090842.1:7732443",0,1,1
"LOC106888312","s1650_F_TNA_03_ASEReadCounter.table","NW_015090842.1:7732444",0,1,1
"LOC106888312","s1650_F_TNA_03_ASEReadCounter.table","NW_015090842.1:7732538",0,1,1
"LOC106888312","s1650_F_TNA_03_ASEReadCounter.table","NW_015090842.1:7732548",0,1,1
"LOC106888312","s1650_F_TNA_03_ASEReadCounter.table","NW_015090842.1:7732576",0,1,1
"LOC106888312","s1650_F_TNA_03_ASEReadCounter.table","NW_015090842.1:7732580",0,1,1
"LOC106888312","s1650_F_TNA_03_ASEReadCounter.table","NW_015090842.1:7733068",1,1,0
"LOC106888312","s1650_F_TNA_03_ASEReadCounter.table","NW_015090842.1:7733077",1,1,0
"LOC106888312","s1650_F_TNA_03_ASEReadCounter.table","NW_015090842.1:7733096",1,1,0
"LOC106888312","s1650_F_TNA_03_ASEReadCounter.table","NW_015090842.1:7733142",2,2,0
"LOC106888312","s1650_F_TNA_03_ASEReadCounter.table","NW_015090842.1:7733299",1,1,0
"LOC106888312","s1650_F_TNA_03_ASEReadCounter.table","NW_015090842.1:7733470",1,1,0
"LOC106888312","s1650_F_TNA_03_ASEReadCounter.table","NW_015090842.1:7733471",1,1,0
"LOC106888312","s1650_F_TNA_03_ASEReadCounter.table","NW_015090842.1:7733472",1,1,0
"LOC106888312","s1650_F_TNA_03_ASEReadCounter.table","NW_015090842.1:7733609",1,1,0
"LOC106888312","s1650_F_TNA_03_ASEReadCounter.table","NW_015090842.1:7733631",1,1,0
"ZDHHC7","s1650_F_TNA_03_ASEReadCounter.table","NW_015090842.1:7737199",19,41,22
"ZDHHC7","s1650_F_TNA_03_ASEReadCounter.table","NW_015090842.1:7737332",9,28,19
"ZDHHC7","s1650_F_TNA_03_ASEReadCounter.table","NW_015090842.1:7737553",24,44,20
"ZDHHC7","s1650_F_TNA_03_ASEReadCounter.table","NW_015090842.1:7737920",11,24,13
"ZDHHC7","s1650_F_TNA_03_ASEReadCounter.table","NW_015090842.1:7737953",8,24,16
"ZDHHC7","s1650_F_TNA_03_ASEReadCounter.table","NW_015090842.1:7737987",10,21,11
"ZDHHC7","s1650_F_TNA_03_ASEReadCounter.table","NW_015090842.1:7738068",5,11,6
"ZDHHC7","s1650_F_TNA_03_ASEReadCounter.table","NW_015090842.1:7738204",7,15,8
"LOC106888097","s1650_F_TNA_03_ASEReadCounter.table","NW_015090842.1:7767178",5,7,2
"LOC106888097","s1650_F_TNA_03_ASEReadCounter.table","NW_015090842.1:7767187",6,7,1
"LOC106888097","s1650_F_TNA_03_ASEReadCounter.table","NW_015090842.1:7768144",9,14,5
"LOC106888097","s1650_F_TNA_03_ASEReadCounter.table","NW_015090842.1:7768196",8,16,8
"LOC106888097","s1650_F_TNA_03_ASEReadCounter.table","NW_015090842.1:7769884",16,22,6
"LOC106888097","s1650_F_TNA_03_ASEReadCounter.table","NW_015090842.1:7769893",14,20,6
"LOC106888097","s1650_F_TNA_03_ASEReadCounter.table","NW_015090842.1:7770245",12,20,8
"LOC106888097","s1650_F_TNA_03_ASEReadCounter.table","NW_015090842.1:7772402",15,27,12
"LOC106888097","s1650_F_TNA_03_ASEReadCounter.table","NW_015090842.1:7772483",14,35,21
"LOC106888097","s1650_F_TNA_03_ASEReadCounter.table","NW_015090842.1:7772490",14,35,21
"LOC106888097","s1650_F_TNA_03_ASEReadCounter.table","NW_015090842.1:7774281",18,43,25
"LOC106888097","s1650_F_TNA_03_ASEReadCounter.table","NW_015090842.1:7774552",42,102,60
"LOC106888097","s1650_F_TNA_03_ASEReadCounter.table","NW_015090842.1:7774564",41,102,61
"LOC106888097","s1650_F_TNA_03_ASEReadCounter.table","NW_015090842.1:7774611",26,75,49
"LOC106888097","s1650_F_TNA_03_ASEReadCounter.table","NW_015090842.1:7774681",35,84,49
"LOC106888097","s1650_F_TNA_03_ASEReadCounter.table","NW_015090842.1:7774698",30,67,37
"LOC106888097","s1650_F_TNA_03_ASEReadCounter.table","NW_015090842.1:7774730",19,41,22
"LOC106888097","s1650_F_TNA_03_ASEReadCounter.table","NW_015090842.1:7774778",2,3,1
"LOC106888097","s1650_F_TNA_03_ASEReadCounter.table","NW_015090842.1:7774793",2,3,1
"FOXC2","s1650_F_TNA_03_ASEReadCounter.table","NW_015090842.1:8129599",6,14,8
"FOXC2","s1650_F_TNA_03_ASEReadCounter.table","NW_015090842.1:8129616",5,16,11
"FOXC2","s1650_F_TNA_03_ASEReadCounter.table","NW_015090842.1:8129715",6,13,7
"FOXC2","s1650_F_TNA_03_ASEReadCounter.table","NW_015090842.1:8129719",5,12,7
"FOXC2","s1650_F_TNA_03_ASEReadCounter.table","NW_015090842.1:8130244",1,3,2
"FOXC2","s1650_F_TNA_03_ASEReadCounter.table","NW_015090842.1:8130472",2,7,5
"FOXC2","s1650_F_TNA_03_ASEReadCounter.table","NW_015090842.1:8130490",2,9,7
"FOXC2","s1650_F_TNA_03_ASEReadCounter.table","NW_015090842.1:8130547",1,8,7
"FOXC2","s1650_F_TNA_03_ASEReadCounter.table","NW_015090842.1:8130550",1,6,5
"FOXC2","s1650_F_TNA_03_ASEReadCounter.table","NW_015090842.1:8130573",1,7,6
"FOXC2","s1650_F_TNA_03_ASEReadCounter.table","NW_015090842.1:8130575",1,7,6
"MTHFSD","s1650_F_TNA_03_ASEReadCounter.table","NW_015090842.1:8140051",8,14,6
"MTHFSD","s1650_F_TNA_03_ASEReadCounter.table","NW_015090842.1:8142923",28,53,25
"MTHFSD","s1650_F_TNA_03_ASEReadCounter.table","NW_015090842.1:8143029",32,59,27
"MTHFSD","s1650_F_TNA_03_ASEReadCounter.table","NW_015090842.1:8152035",14,32,18
"MTHFSD","s1650_F_TNA_03_ASEReadCounter.table","NW_015090842.1:8152315",7,19,12
"MTHFSD","s1650_F_TNA_03_ASEReadCounter.table","NW_015090842.1:8152511",15,36,21
"MTHFSD","s1650_F_TNA_03_ASEReadCounter.table","NW_015090842.1:8152518",14,34,20
"MTHFSD","s1650_F_TNA_03_ASEReadCounter.table","NW_015090842.1:8152553",10,26,16
"MTHFSD","s1650_F_TNA_03_ASEReadCounter.table","NW_015090842.1:8152773",13,29,16
"MTHFSD","s1650_F_TNA_03_ASEReadCounter.table","NW_015090842.1:8152805",15,29,14
"FOXF1","s1650_F_TNA_03_ASEReadCounter.table","NW_015090842.1:8166883",1,1,0
"IRF8","s1650_F_TNA_03_ASEReadCounter.table","NW_015090842.1:8406652",10,25,15
"IRF8","s1650_F_TNA_03_ASEReadCounter.table","NW_015090842.1:8406703",22,29,7
"IRF8","s1650_F_TNA_03_ASEReadCounter.table","NW_015090842.1:8406704",23,30,7
"IRF8","s1650_F_TNA_03_ASEReadCounter.table","NW_015090842.1:8406757",23,32,9
"IRF8","s1650_F_TNA_03_ASEReadCounter.table","NW_015090842.1:8406778",13,23,10
"IRF8","s1650_F_TNA_03_ASEReadCounter.table","NW_015090842.1:8406819",19,31,12
"IRF8","s1650_F_TNA_03_ASEReadCounter.table","NW_015090842.1:8406941",8,21,13
"IRF8","s1650_F_TNA_03_ASEReadCounter.table","NW_015090842.1:8407008",3,14,11
"IRF8","s1650_F_TNA_03_ASEReadCounter.table","NW_015090842.1:8407057",4,11,7
"IRF8","s1650_F_TNA_03_ASEReadCounter.table","NW_015090842.1:8407064",3,9,6
"IRF8","s1650_F_TNA_03_ASEReadCounter.table","NW_015090842.1:8407069",4,10,6
"IRF8","s1650_F_TNA_03_ASEReadCounter.table","NW_015090842.1:8407120",8,12,4
"IRF8","s1650_F_TNA_03_ASEReadCounter.table","NW_015090842.1:8407157",8,17,9
"IRF8","s1650_F_TNA_03_ASEReadCounter.table","NW_015090842.1:8407203",6,16,10
"IRF8","s1650_F_TNA_03_ASEReadCounter.table","NW_015090842.1:8407272",11,19,8
"IRF8","s1650_F_TNA_03_ASEReadCounter.table","NW_015090842.1:8407276",11,18,7
"IRF8","s1650_F_TNA_03_ASEReadCounter.table","NW_015090842.1:8407303",9,14,5
"IRF8","s1650_F_TNA_03_ASEReadCounter.table","NW_015090842.1:8407451",5,10,5
"IRF8","s1650_F_TNA_03_ASEReadCounter.table","NW_015090842.1:8407456",5,10,5
"IRF8","s1650_F_TNA_03_ASEReadCounter.table","NW_015090842.1:8408564",9,13,4
"IRF8","s1650_F_TNA_03_ASEReadCounter.table","NW_015090842.1:8408585",17,17,0
"IRF8","s1650_F_TNA_03_ASEReadCounter.table","NW_015090842.1:8408973",3,8,5
"IRF8","s1650_F_TNA_03_ASEReadCounter.table","NW_015090842.1:8409060",4,6,2
"IRF8","s1650_F_TNA_03_ASEReadCounter.table","NW_015090842.1:8409065",4,6,2
"IRF8","s1650_F_TNA_03_ASEReadCounter.table","NW_015090842.1:8409254",0,2,2
"IRF8","s1650_F_TNA_03_ASEReadCounter.table","NW_015090842.1:8409255",0,2,2
"IRF8","s1650_F_TNA_03_ASEReadCounter.table","NW_015090842.1:8409258",0,2,2
"IRF8","s1650_F_TNA_03_ASEReadCounter.table","NW_015090842.1:8409312",3,6,3
"IRF8","s1650_F_TNA_03_ASEReadCounter.table","NW_015090842.1:8410216",5,11,6
"IRF8","s1650_F_TNA_03_ASEReadCounter.table","NW_015090842.1:8410237",4,7,3
"IRF8","s1650_F_TNA_03_ASEReadCounter.table","NW_015090842.1:8410276",12,12,0
"IRF8","s1650_F_TNA_03_ASEReadCounter.table","NW_015090842.1:8410813",11,16,5
"IRF8","s1650_F_TNA_03_ASEReadCounter.table","NW_015090842.1:8410861",14,17,3
"IRF8","s1650_F_TNA_03_ASEReadCounter.table","NW_015090842.1:8411940",8,11,3
"IRF8","s1650_F_TNA_03_ASEReadCounter.table","NW_015090842.1:8412006",6,10,4
"IRF8","s1650_F_TNA_03_ASEReadCounter.table","NW_015090842.1:8412042",6,10,4
"DUSP15","s1650_F_TNA_03_ASEReadCounter.table","NW_015090842.1:8422787",0,2,2
"DUSP15","s1650_F_TNA_03_ASEReadCounter.table","NW_015090842.1:8422832",0,1,1
"DUSP15","s1650_F_TNA_03_ASEReadCounter.table","NW_015090842.1:8422898",1,1,0
"DUSP15","s1650_F_TNA_03_ASEReadCounter.table","NW_015090842.1:8422909",1,1,0
"COX4I1","s1650_F_TNA_03_ASEReadCounter.table","NW_015090842.1:8442258",1247,2322,1075
"COX4I1","s1650_F_TNA_03_ASEReadCounter.table","NW_015090842.1:8442333",1072,1926,854
"EMC8","s1650_F_TNA_03_ASEReadCounter.table","NW_015090842.1:8444046",45,109,64
"EMC8","s1650_F_TNA_03_ASEReadCounter.table","NW_015090842.1:8444064",34,80,46
"EMC8","s1650_F_TNA_03_ASEReadCounter.table","NW_015090842.1:8452029",22,72,50
"EMC8","s1650_F_TNA_03_ASEReadCounter.table","NW_015090842.1:8452116",35,99,64
"EMC8","s1650_F_TNA_03_ASEReadCounter.table","NW_015090842.1:8452121",34,98,64
"EMC8","s1650_F_TNA_03_ASEReadCounter.table","NW_015090842.1:8452222",40,75,35
"EMC8","s1650_F_TNA_03_ASEReadCounter.table","NW_015090842.1:8452244",46,97,51
"EMC8","s1650_F_TNA_03_ASEReadCounter.table","NW_015090842.1:8452477",15,34,19
"EMC8","s1650_F_TNA_03_ASEReadCounter.table","NW_015090842.1:8452498",10,29,19
"EMC8","s1650_F_TNA_03_ASEReadCounter.table","NW_015090842.1:8452535",8,20,12
"EMC8","s1650_F_TNA_03_ASEReadCounter.table","NW_015090842.1:8452575",6,11,5
"EMC8","s1650_F_TNA_03_ASEReadCounter.table","NW_015090842.1:8452600",6,13,7
"EMC8","s1650_F_TNA_03_ASEReadCounter.table","NW_015090842.1:8452616",8,16,8
"EMC8","s1650_F_TNA_03_ASEReadCounter.table","NW_015090842.1:8452630",7,13,6
"EMC8","s1650_F_TNA_03_ASEReadCounter.table","NW_015090842.1:8452650",10,17,7
"EMC8","s1650_F_TNA_03_ASEReadCounter.table","NW_015090842.1:8452678",10,19,9
"EMC8","s1650_F_TNA_03_ASEReadCounter.table","NW_015090842.1:8452724",6,13,7
"EMC8","s1650_F_TNA_03_ASEReadCounter.table","NW_015090842.1:8452731",6,12,6
"EMC8","s1650_F_TNA_03_ASEReadCounter.table","NW_015090842.1:8452743",4,15,11
"EMC8","s1650_F_TNA_03_ASEReadCounter.table","NW_015090842.1:8452750",4,19,15
"EMC8","s1650_F_TNA_03_ASEReadCounter.table","NW_015090842.1:8452778",7,20,13
"EMC8","s1650_F_TNA_03_ASEReadCounter.table","NW_015090842.1:8452783",9,23,14
"EMC8","s1650_F_TNA_03_ASEReadCounter.table","NW_015090842.1:8452800",12,26,14
"EMC8","s1650_F_TNA_03_ASEReadCounter.table","NW_015090842.1:8452804",12,26,14
"EMC8","s1650_F_TNA_03_ASEReadCounter.table","NW_015090842.1:8452812",12,28,16
"EMC8","s1650_F_TNA_03_ASEReadCounter.table","NW_015090842.1:8452858",14,27,13
"EMC8","s1650_F_TNA_03_ASEReadCounter.table","NW_015090842.1:8452906",17,39,22
"EMC8","s1650_F_TNA_03_ASEReadCounter.table","NW_015090842.1:8452913",18,42,24
"EMC8","s1650_F_TNA_03_ASEReadCounter.table","NW_015090842.1:8453000",21,46,25
"EMC8","s1650_F_TNA_03_ASEReadCounter.table","NW_015090842.1:8453007",22,49,27
"EMC8","s1650_F_TNA_03_ASEReadCounter.table","NW_015090842.1:8453058",18,37,19
"EMC8","s1650_F_TNA_03_ASEReadCounter.table","NW_015090842.1:8453106",13,30,17
"GINS2","s1650_F_TNA_03_ASEReadCounter.table","NW_015090842.1:8466420",9,10,1
"GINS2","s1650_F_TNA_03_ASEReadCounter.table","NW_015090842.1:8466424",9,10,1
"GINS2","s1650_F_TNA_03_ASEReadCounter.table","NW_015090842.1:8466518",8,8,0
"GINS2","s1650_F_TNA_03_ASEReadCounter.table","NW_015090842.1:8468482",12,15,3
"GINS2","s1650_F_TNA_03_ASEReadCounter.table","NW_015090842.1:8470290",23,26,3
"GINS2","s1650_F_TNA_03_ASEReadCounter.table","NW_015090842.1:8470305",25,29,4
"GINS2","s1650_F_TNA_03_ASEReadCounter.table","NW_015090842.1:8470381",21,26,5
"GINS2","s1650_F_TNA_03_ASEReadCounter.table","NW_015090842.1:8470418",23,27,4
"GINS2","s1650_F_TNA_03_ASEReadCounter.table","NW_015090842.1:8470421",22,26,4
"GINS2","s1650_F_TNA_03_ASEReadCounter.table","NW_015090842.1:8470430",19,23,4
"GINS2","s1650_F_TNA_03_ASEReadCounter.table","NW_015090842.1:8470433",17,21,4
"GINS2","s1650_F_TNA_03_ASEReadCounter.table","NW_015090842.1:8470457",12,14,2
"GINS2","s1650_F_TNA_03_ASEReadCounter.table","NW_015090842.1:8470491",6,8,2
"GINS2","s1650_F_TNA_03_ASEReadCounter.table","NW_015090842.1:8470548",15,18,3
"GINS2","s1650_F_TNA_03_ASEReadCounter.table","NW_015090842.1:8470649",13,17,4
"GSE1","s1650_F_TNA_03_ASEReadCounter.table","NW_015090842.1:8475362",46,101,55
"GSE1","s1650_F_TNA_03_ASEReadCounter.table","NW_015090842.1:8475961",26,39,13
"GSE1","s1650_F_TNA_03_ASEReadCounter.table","NW_015090842.1:8476027",25,39,14
"GSE1","s1650_F_TNA_03_ASEReadCounter.table","NW_015090842.1:8476159",10,15,5
"GSE1","s1650_F_TNA_03_ASEReadCounter.table","NW_015090842.1:8477442",0,10,10
"GSE1","s1650_F_TNA_03_ASEReadCounter.table","NW_015090842.1:8477448",0,9,9
"GSE1","s1650_F_TNA_03_ASEReadCounter.table","NW_015090842.1:8477662",0,9,9
"GSE1","s1650_F_TNA_03_ASEReadCounter.table","NW_015090842.1:8477933",7,17,10
"GSE1","s1650_F_TNA_03_ASEReadCounter.table","NW_015090842.1:8477945",8,17,9
"GSE1","s1650_F_TNA_03_ASEReadCounter.table","NW_015090842.1:8483272",1,14,13
"GSE1","s1650_F_TNA_03_ASEReadCounter.table","NW_015090842.1:8483367",0,7,7
"GSE1","s1650_F_TNA_03_ASEReadCounter.table","NW_015090842.1:8483411",1,6,5
"GSE1","s1650_F_TNA_03_ASEReadCounter.table","NW_015090842.1:8483756",2,10,8
"GSE1","s1650_F_TNA_03_ASEReadCounter.table","NW_015090842.1:8486867",20,41,21
"GSE1","s1650_F_TNA_03_ASEReadCounter.table","NW_015090842.1:8486939",17,43,26
"GSE1","s1650_F_TNA_03_ASEReadCounter.table","NW_015090842.1:8486945",16,43,27
"GSE1","s1650_F_TNA_03_ASEReadCounter.table","NW_015090842.1:8486993",11,25,14
"GSE1","s1650_F_TNA_03_ASEReadCounter.table","NW_015090842.1:8487062",18,24,6
"GSE1","s1650_F_TNA_03_ASEReadCounter.table","NW_015090842.1:8488065",8,18,10
"GSE1","s1650_F_TNA_03_ASEReadCounter.table","NW_015090842.1:8488457",6,18,12
"GSE1","s1650_F_TNA_03_ASEReadCounter.table","NW_015090842.1:8488463",5,16,11
"GSE1","s1650_F_TNA_03_ASEReadCounter.table","NW_015090842.1:8488490",16,16,0
"GSE1","s1650_F_TNA_03_ASEReadCounter.table","NW_015090842.1:8488505",5,15,10
"GSE1","s1650_F_TNA_03_ASEReadCounter.table","NW_015090842.1:8490180",0,11,11
"KIAA0513","s1650_F_TNA_03_ASEReadCounter.table","NW_015090842.1:8668363",85,158,73
"KIAA0513","s1650_F_TNA_03_ASEReadCounter.table","NW_015090842.1:8668387",87,155,68
"KIAA0513","s1650_F_TNA_03_ASEReadCounter.table","NW_015090842.1:8668390",88,153,65
"KIAA0513","s1650_F_TNA_03_ASEReadCounter.table","NW_015090842.1:8673107",54,130,76
"KIAA0513","s1650_F_TNA_03_ASEReadCounter.table","NW_015090842.1:8673147",56,126,70
"KIAA0513","s1650_F_TNA_03_ASEReadCounter.table","NW_015090842.1:8674661",27,63,36
"KIAA0513","s1650_F_TNA_03_ASEReadCounter.table","NW_015090842.1:8674685",36,73,37
"KIAA0513","s1650_F_TNA_03_ASEReadCounter.table","NW_015090842.1:8674730",36,75,39
"KIAA0513","s1650_F_TNA_03_ASEReadCounter.table","NW_015090842.1:8675525",35,69,34
"KIAA0513","s1650_F_TNA_03_ASEReadCounter.table","NW_015090842.1:8675561",38,64,26
"KIAA0513","s1650_F_TNA_03_ASEReadCounter.table","NW_015090842.1:8678608",0,10,10
"KIAA0513","s1650_F_TNA_03_ASEReadCounter.table","NW_015090842.1:8686455",0,11,11
"KIAA0513","s1650_F_TNA_03_ASEReadCounter.table","NW_015090842.1:8686508",0,20,20
"KIAA0513","s1650_F_TNA_03_ASEReadCounter.table","NW_015090842.1:8686521",0,19,19
"KIAA0513","s1650_F_TNA_03_ASEReadCounter.table","NW_015090842.1:8693642",2,2,0
"KIAA0513","s1650_F_TNA_03_ASEReadCounter.table","NW_015090842.1:8693712",2,2,0
"FBXO31","s1650_F_TNA_03_ASEReadCounter.table","NW_015090842.1:8710240",15,33,18
"FBXO31","s1650_F_TNA_03_ASEReadCounter.table","NW_015090842.1:8710372",13,31,18
"FBXO31","s1650_F_TNA_03_ASEReadCounter.table","NW_015090842.1:8711239",17,37,20
"FBXO31","s1650_F_TNA_03_ASEReadCounter.table","NW_015090842.1:8714565",25,48,23
"FBXO31","s1650_F_TNA_03_ASEReadCounter.table","NW_015090842.1:8716001",8,17,9
"ZCCHC14","s1650_F_TNA_03_ASEReadCounter.table","NW_015090842.1:8750174",40,66,26
"ZCCHC14","s1650_F_TNA_03_ASEReadCounter.table","NW_015090842.1:8750189",55,61,6
"ZCCHC14","s1650_F_TNA_03_ASEReadCounter.table","NW_015090842.1:8750365",32,62,30
"ZCCHC14","s1650_F_TNA_03_ASEReadCounter.table","NW_015090842.1:8750433",22,45,23
"ZCCHC14","s1650_F_TNA_03_ASEReadCounter.table","NW_015090842.1:8750449",32,56,24
"ZCCHC14","s1650_F_TNA_03_ASEReadCounter.table","NW_015090842.1:8750456",33,55,22
"ZCCHC14","s1650_F_TNA_03_ASEReadCounter.table","NW_015090842.1:8750497",36,64,28
"ZCCHC14","s1650_F_TNA_03_ASEReadCounter.table","NW_015090842.1:8750547",39,68,29
"ZCCHC14","s1650_F_TNA_03_ASEReadCounter.table","NW_015090842.1:8751100",3,10,7
"ZCCHC14","s1650_F_TNA_03_ASEReadCounter.table","NW_015090842.1:8751374",19,29,10
"ZCCHC14","s1650_F_TNA_03_ASEReadCounter.table","NW_015090842.1:8751403",20,35,15
"ZCCHC14","s1650_F_TNA_03_ASEReadCounter.table","NW_015090842.1:8751517",27,42,15
"ZCCHC14","s1650_F_TNA_03_ASEReadCounter.table","NW_015090842.1:8752060",14,34,20
"ZCCHC14","s1650_F_TNA_03_ASEReadCounter.table","NW_015090842.1:8752172",21,36,15
"ZCCHC14","s1650_F_TNA_03_ASEReadCounter.table","NW_015090842.1:8752183",21,37,16
"ZCCHC14","s1650_F_TNA_03_ASEReadCounter.table","NW_015090842.1:8752198",21,42,21
"ZCCHC14","s1650_F_TNA_03_ASEReadCounter.table","NW_015090842.1:8752248",12,38,26
"ZCCHC14","s1650_F_TNA_03_ASEReadCounter.table","NW_015090842.1:8752326",24,47,23
"ZCCHC14","s1650_F_TNA_03_ASEReadCounter.table","NW_015090842.1:8752393",18,37,19
"ZCCHC14","s1650_F_TNA_03_ASEReadCounter.table","NW_015090842.1:8752914",35,73,38
"ZCCHC14","s1650_F_TNA_03_ASEReadCounter.table","NW_015090842.1:8753528",7,13,6
"ZCCHC14","s1650_F_TNA_03_ASEReadCounter.table","NW_015090842.1:8753892",4,7,3
"ZCCHC14","s1650_F_TNA_03_ASEReadCounter.table","NW_015090842.1:8753910",3,5,2
"ZCCHC14","s1650_F_TNA_03_ASEReadCounter.table","NW_015090842.1:8755096",7,8,1
"ZCCHC14","s1650_F_TNA_03_ASEReadCounter.table","NW_015090842.1:8755327",3,4,1
"ZCCHC14","s1650_F_TNA_03_ASEReadCounter.table","NW_015090842.1:8755723",9,11,2
"ZCCHC14","s1650_F_TNA_03_ASEReadCounter.table","NW_015090842.1:8755739",9,11,2
"ZCCHC14","s1650_F_TNA_03_ASEReadCounter.table","NW_015090842.1:8756149",2,3,1
"ZCCHC14","s1650_F_TNA_03_ASEReadCounter.table","NW_015090842.1:8756347",3,5,2
"ZCCHC14","s1650_F_TNA_03_ASEReadCounter.table","NW_015090842.1:8756361",3,5,2
"ZCCHC14","s1650_F_TNA_03_ASEReadCounter.table","NW_015090842.1:8756388",4,6,2
"ZCCHC14","s1650_F_TNA_03_ASEReadCounter.table","NW_015090842.1:8756389",4,6,2
"ZCCHC14","s1650_F_TNA_03_ASEReadCounter.table","NW_015090842.1:8757160",6,8,2
"ZCCHC14","s1650_F_TNA_03_ASEReadCounter.table","NW_015090842.1:8804511",2,2,0
"ZCCHC14","s1650_F_TNA_03_ASEReadCounter.table","NW_015090842.1:8804979",1,1,0
"JPH3","s1650_F_TNA_03_ASEReadCounter.table","NW_015090842.1:8845375",20,53,33
"JPH3","s1650_F_TNA_03_ASEReadCounter.table","NW_015090842.1:8845640",29,55,26
"JPH3","s1650_F_TNA_03_ASEReadCounter.table","NW_015090842.1:8845654",32,63,31
"JPH3","s1650_F_TNA_03_ASEReadCounter.table","NW_015090842.1:8872283",53,88,35
"JPH3","s1650_F_TNA_03_ASEReadCounter.table","NW_015090842.1:8872294",57,93,36
"JPH3","s1650_F_TNA_03_ASEReadCounter.table","NW_015090842.1:8872730",65,136,71
"JPH3","s1650_F_TNA_03_ASEReadCounter.table","NW_015090842.1:8885260",127,296,169
"JPH3","s1650_F_TNA_03_ASEReadCounter.table","NW_015090842.1:8885315",104,254,150
"JPH3","s1650_F_TNA_03_ASEReadCounter.table","NW_015090842.1:8885328",92,238,146
"JPH3","s1650_F_TNA_03_ASEReadCounter.table","NW_015090842.1:8885438",96,235,139
"JPH3","s1650_F_TNA_03_ASEReadCounter.table","NW_015090842.1:8885525",28,126,98
"KLHDC4","s1650_F_TNA_03_ASEReadCounter.table","NW_015090842.1:8890729",38,62,24
"KLHDC4","s1650_F_TNA_03_ASEReadCounter.table","NW_015090842.1:8890749",36,60,24
"KLHDC4","s1650_F_TNA_03_ASEReadCounter.table","NW_015090842.1:8890761",39,67,28
"KLHDC4","s1650_F_TNA_03_ASEReadCounter.table","NW_015090842.1:8891123",42,78,36
"KLHDC4","s1650_F_TNA_03_ASEReadCounter.table","NW_015090842.1:8893124",37,69,32
"KLHDC4","s1650_F_TNA_03_ASEReadCounter.table","NW_015090842.1:8894542",31,52,21
"KLHDC4","s1650_F_TNA_03_ASEReadCounter.table","NW_015090842.1:8896726",22,50,28
"KLHDC4","s1650_F_TNA_03_ASEReadCounter.table","NW_015090842.1:8896767",16,41,25
"KLHDC4","s1650_F_TNA_03_ASEReadCounter.table","NW_015090842.1:8904174",18,31,13
"KLHDC4","s1650_F_TNA_03_ASEReadCounter.table","NW_015090842.1:8904231",16,29,13
"KLHDC4","s1650_F_TNA_03_ASEReadCounter.table","NW_015090842.1:8905251",11,20,9
"KLHDC4","s1650_F_TNA_03_ASEReadCounter.table","NW_015090842.1:8905263",10,21,11
"KLHDC4","s1650_F_TNA_03_ASEReadCounter.table","NW_015090842.1:8919626",1,3,2
"SLC7A5","s1650_F_TNA_03_ASEReadCounter.table","NW_015090842.1:8938782",194,412,218
"SLC7A5","s1650_F_TNA_03_ASEReadCounter.table","NW_015090842.1:8938943",106,285,179
"SLC7A5","s1650_F_TNA_03_ASEReadCounter.table","NW_015090842.1:8939611",74,122,48
"SLC7A5","s1650_F_TNA_03_ASEReadCounter.table","NW_015090842.1:8939738",81,181,100
"SLC7A5","s1650_F_TNA_03_ASEReadCounter.table","NW_015090842.1:8939739",80,177,97
"SLC7A5","s1650_F_TNA_03_ASEReadCounter.table","NW_015090842.1:8939740",82,188,106
"SLC7A5","s1650_F_TNA_03_ASEReadCounter.table","NW_015090842.1:8939795",94,171,77
"SLC7A5","s1650_F_TNA_03_ASEReadCounter.table","NW_015090842.1:8939815",78,168,90
"SLC7A5","s1650_F_TNA_03_ASEReadCounter.table","NW_015090842.1:8939816",78,165,87
"SLC7A5","s1650_F_TNA_03_ASEReadCounter.table","NW_015090842.1:8939817",77,174,97
"SLC7A5","s1650_F_TNA_03_ASEReadCounter.table","NW_015090842.1:8939845",84,198,114
"SLC7A5","s1650_F_TNA_03_ASEReadCounter.table","NW_015090842.1:8939894",72,180,108
"SLC7A5","s1650_F_TNA_03_ASEReadCounter.table","NW_015090842.1:8939895",74,178,104
"SLC7A5","s1650_F_TNA_03_ASEReadCounter.table","NW_015090842.1:8939997",241,241,0
"SLC7A5","s1650_F_TNA_03_ASEReadCounter.table","NW_015090842.1:8940172",81,202,121
"SLC7A5","s1650_F_TNA_03_ASEReadCounter.table","NW_015090842.1:8940331",44,103,59
"SLC7A5","s1650_F_TNA_03_ASEReadCounter.table","NW_015090842.1:8940696",43,95,52
"SLC7A5","s1650_F_TNA_03_ASEReadCounter.table","NW_015090842.1:8940719",12,78,66
"SLC7A5","s1650_F_TNA_03_ASEReadCounter.table","NW_015090842.1:8940737",13,68,55
"SLC7A5","s1650_F_TNA_03_ASEReadCounter.table","NW_015090842.1:8940743",14,68,54
"SLC7A5","s1650_F_TNA_03_ASEReadCounter.table","NW_015090842.1:8940766",24,95,71
"SLC7A5","s1650_F_TNA_03_ASEReadCounter.table","NW_015090842.1:8940769",25,99,74
"SLC7A5","s1650_F_TNA_03_ASEReadCounter.table","NW_015090842.1:8940861",31,90,59
"SLC7A5","s1650_F_TNA_03_ASEReadCounter.table","NW_015090842.1:8941068",40,109,69
"SLC7A5","s1650_F_TNA_03_ASEReadCounter.table","NW_015090842.1:8941467",32,76,44
"SLC7A5","s1650_F_TNA_03_ASEReadCounter.table","NW_015090842.1:8941531",25,60,35
"SLC7A5","s1650_F_TNA_03_ASEReadCounter.table","NW_015090842.1:8941588",36,82,46
"SLC7A5","s1650_F_TNA_03_ASEReadCounter.table","NW_015090842.1:8941698",25,52,27
"SLC7A5","s1650_F_TNA_03_ASEReadCounter.table","NW_015090842.1:8941717",29,61,32
"SLC7A5","s1650_F_TNA_03_ASEReadCounter.table","NW_015090842.1:8941745",25,64,39
"SLC7A5","s1650_F_TNA_03_ASEReadCounter.table","NW_015090842.1:8941781",26,80,54
"SLC7A5","s1650_F_TNA_03_ASEReadCounter.table","NW_015090842.1:8941887",18,57,39
"SLC7A5","s1650_F_TNA_03_ASEReadCounter.table","NW_015090842.1:8941968",14,55,41
"SLC7A5","s1650_F_TNA_03_ASEReadCounter.table","NW_015090842.1:8942025",27,69,42
"SLC7A5","s1650_F_TNA_03_ASEReadCounter.table","NW_015090842.1:8942069",27,63,36
"SLC7A5","s1650_F_TNA_03_ASEReadCounter.table","NW_015090842.1:8942170",30,69,39
"SLC7A5","s1650_F_TNA_03_ASEReadCounter.table","NW_015090842.1:8942241",38,88,50
"SLC7A5","s1650_F_TNA_03_ASEReadCounter.table","NW_015090842.1:8942283",50,95,45
"SLC7A5","s1650_F_TNA_03_ASEReadCounter.table","NW_015090842.1:8942717",86,201,115
"SLC7A5","s1650_F_TNA_03_ASEReadCounter.table","NW_015090842.1:8942756",101,265,164
"SLC7A5","s1650_F_TNA_03_ASEReadCounter.table","NW_015090842.1:8942766",102,266,164
"SLC7A5","s1650_F_TNA_03_ASEReadCounter.table","NW_015090842.1:8943271",51,120,69
"SLC7A5","s1650_F_TNA_03_ASEReadCounter.table","NW_015090842.1:8943524",30,77,47
"SLC7A5","s1650_F_TNA_03_ASEReadCounter.table","NW_015090842.1:8943530",31,74,43
"SLC7A5","s1650_F_TNA_03_ASEReadCounter.table","NW_015090842.1:8943602",37,79,42
"SLC7A5","s1650_F_TNA_03_ASEReadCounter.table","NW_015090842.1:8943622",31,68,37
"SLC7A5","s1650_F_TNA_03_ASEReadCounter.table","NW_015090842.1:8943661",25,56,31
"SLC7A5","s1650_F_TNA_03_ASEReadCounter.table","NW_015090842.1:8943686",29,58,29
"SLC7A5","s1650_F_TNA_03_ASEReadCounter.table","NW_015090842.1:8943788",16,41,25
"SLC7A5","s1650_F_TNA_03_ASEReadCounter.table","NW_015090842.1:8943814",18,42,24
"SLC7A5","s1650_F_TNA_03_ASEReadCounter.table","NW_015090842.1:8943876",21,49,28
"SLC7A5","s1650_F_TNA_03_ASEReadCounter.table","NW_015090842.1:8943892",21,47,26
"SLC7A5","s1650_F_TNA_03_ASEReadCounter.table","NW_015090842.1:8944097",11,33,22
"SLC7A5","s1650_F_TNA_03_ASEReadCounter.table","NW_015090842.1:8944104",13,35,22
"SLC7A5","s1650_F_TNA_03_ASEReadCounter.table","NW_015090842.1:8944293",11,20,9
"SLC7A5","s1650_F_TNA_03_ASEReadCounter.table","NW_015090842.1:8944297",11,20,9
"SLC7A5","s1650_F_TNA_03_ASEReadCounter.table","NW_015090842.1:8944397",11,34,23
"SLC7A5","s1650_F_TNA_03_ASEReadCounter.table","NW_015090842.1:8944552",20,38,18
"SLC7A5","s1650_F_TNA_03_ASEReadCounter.table","NW_015090842.1:8944629",16,40,24
"CA5A","s1650_F_TNA_03_ASEReadCounter.table","NW_015090842.1:8989479",57,105,48
"CA5A","s1650_F_TNA_03_ASEReadCounter.table","NW_015090842.1:8989562",59,103,44
"CA5A","s1650_F_TNA_03_ASEReadCounter.table","NW_015090842.1:8989609",62,116,54
"CA5A","s1650_F_TNA_03_ASEReadCounter.table","NW_015090842.1:8989693",76,155,79
"CA5A","s1650_F_TNA_03_ASEReadCounter.table","NW_015090842.1:8989702",76,151,75
"CA5A","s1650_F_TNA_03_ASEReadCounter.table","NW_015090842.1:8989746",86,163,77
"CA5A","s1650_F_TNA_03_ASEReadCounter.table","NW_015090842.1:8989880",60,121,61
"CA5A","s1650_F_TNA_03_ASEReadCounter.table","NW_015090842.1:8989885",62,124,62
"CA5A","s1650_F_TNA_03_ASEReadCounter.table","NW_015090842.1:8989929",68,131,63
"CA5A","s1650_F_TNA_03_ASEReadCounter.table","NW_015090842.1:8990002",60,112,52
"CA5A","s1650_F_TNA_03_ASEReadCounter.table","NW_015090842.1:8990004",61,112,51
"CA5A","s1650_F_TNA_03_ASEReadCounter.table","NW_015090842.1:8990005",61,114,53
"CA5A","s1650_F_TNA_03_ASEReadCounter.table","NW_015090842.1:8990017",48,91,43
"CA5A","s1650_F_TNA_03_ASEReadCounter.table","NW_015090842.1:8990043",32,74,42
"CA5A","s1650_F_TNA_03_ASEReadCounter.table","NW_015090842.1:8990060",70,70,0
"CA5A","s1650_F_TNA_03_ASEReadCounter.table","NW_015090842.1:8990080",24,63,39
"CA5A","s1650_F_TNA_03_ASEReadCounter.table","NW_015090842.1:8990084",24,62,38
"CA5A","s1650_F_TNA_03_ASEReadCounter.table","NW_015090842.1:8990090",27,64,37
"CA5A","s1650_F_TNA_03_ASEReadCounter.table","NW_015090842.1:8990095",30,67,37
"CA5A","s1650_F_TNA_03_ASEReadCounter.table","NW_015090842.1:8990111",27,65,38
"CA5A","s1650_F_TNA_03_ASEReadCounter.table","NW_015090842.1:8990112",26,61,35
"CA5A","s1650_F_TNA_03_ASEReadCounter.table","NW_015090842.1:8990115",27,63,36
"CA5A","s1650_F_TNA_03_ASEReadCounter.table","NW_015090842.1:8990166",27,63,36
"CA5A","s1650_F_TNA_03_ASEReadCounter.table","NW_015090842.1:8990169",31,64,33
"CA5A","s1650_F_TNA_03_ASEReadCounter.table","NW_015090842.1:8990193",77,77,0
"CA5A","s1650_F_TNA_03_ASEReadCounter.table","NW_015090842.1:8990222",35,70,35
"CA5A","s1650_F_TNA_03_ASEReadCounter.table","NW_015090842.1:8990289",24,55,31
"CA5A","s1650_F_TNA_03_ASEReadCounter.table","NW_015090842.1:8990314",22,55,33
"CA5A","s1650_F_TNA_03_ASEReadCounter.table","NW_015090842.1:8990361",24,50,26
"CA5A","s1650_F_TNA_03_ASEReadCounter.table","NW_015090842.1:8990368",26,55,29
"CA5A","s1650_F_TNA_03_ASEReadCounter.table","NW_015090842.1:8990429",26,58,32
"CA5A","s1650_F_TNA_03_ASEReadCounter.table","NW_015090842.1:8990466",24,50,26
"CA5A","s1650_F_TNA_03_ASEReadCounter.table","NW_015090842.1:8990663",32,65,33
"CA5A","s1650_F_TNA_03_ASEReadCounter.table","NW_015090842.1:8990797",22,49,27
"CA5A","s1650_F_TNA_03_ASEReadCounter.table","NW_015090842.1:8990836",27,47,20
"CA5A","s1650_F_TNA_03_ASEReadCounter.table","NW_015090842.1:8990842",26,47,21
"CA5A","s1650_F_TNA_03_ASEReadCounter.table","NW_015090842.1:8990851",30,48,18
"CA5A","s1650_F_TNA_03_ASEReadCounter.table","NW_015090842.1:8990918",26,44,18
"CA5A","s1650_F_TNA_03_ASEReadCounter.table","NW_015090842.1:8990921",23,43,20
"CA5A","s1650_F_TNA_03_ASEReadCounter.table","NW_015090842.1:8990942",29,46,17
"CA5A","s1650_F_TNA_03_ASEReadCounter.table","NW_015090842.1:8991001",33,56,23
"CA5A","s1650_F_TNA_03_ASEReadCounter.table","NW_015090842.1:8991038",33,59,26
"CA5A","s1650_F_TNA_03_ASEReadCounter.table","NW_015090842.1:8991149",27,51,24
"CA5A","s1650_F_TNA_03_ASEReadCounter.table","NW_015090842.1:8991176",32,62,30
"CA5A","s1650_F_TNA_03_ASEReadCounter.table","NW_015090842.1:8991241",31,66,35
"CA5A","s1650_F_TNA_03_ASEReadCounter.table","NW_015090842.1:8991262",23,55,32
"CA5A","s1650_F_TNA_03_ASEReadCounter.table","NW_015090842.1:8991316",23,24,1
"CA5A","s1650_F_TNA_03_ASEReadCounter.table","NW_015090842.1:8991319",22,23,1
"CA5A","s1650_F_TNA_03_ASEReadCounter.table","NW_015090842.1:8991330",21,21,0
"CA5A","s1650_F_TNA_03_ASEReadCounter.table","NW_015090842.1:8991334",19,20,1
"CA5A","s1650_F_TNA_03_ASEReadCounter.table","NW_015090842.1:8991362",24,43,19
"CA5A","s1650_F_TNA_03_ASEReadCounter.table","NW_015090842.1:8991368",24,43,19
"CA5A","s1650_F_TNA_03_ASEReadCounter.table","NW_015090842.1:8991390",27,47,20
"CA5A","s1650_F_TNA_03_ASEReadCounter.table","NW_015090842.1:8991395",26,46,20
"CA5A","s1650_F_TNA_03_ASEReadCounter.table","NW_015090842.1:8991422",28,52,24
"CA5A","s1650_F_TNA_03_ASEReadCounter.table","NW_015090842.1:8991467",22,39,17
"CA5A","s1650_F_TNA_03_ASEReadCounter.table","NW_015090842.1:8991576",13,30,17
"CA5A","s1650_F_TNA_03_ASEReadCounter.table","NW_015090842.1:8991587",16,33,17
"CA5A","s1650_F_TNA_03_ASEReadCounter.table","NW_015090842.1:8991655",17,37,20
"CA5A","s1650_F_TNA_03_ASEReadCounter.table","NW_015090842.1:8991717",21,33,12
"CA5A","s1650_F_TNA_03_ASEReadCounter.table","NW_015090842.1:8991726",25,38,13
"CA5A","s1650_F_TNA_03_ASEReadCounter.table","NW_015090842.1:8991799",21,40,19
"CA5A","s1650_F_TNA_03_ASEReadCounter.table","NW_015090842.1:8991809",17,35,18
"CA5A","s1650_F_TNA_03_ASEReadCounter.table","NW_015090842.1:8991848",12,32,20
"CA5A","s1650_F_TNA_03_ASEReadCounter.table","NW_015090842.1:8991849",11,30,19
"CA5A","s1650_F_TNA_03_ASEReadCounter.table","NW_015090842.1:8991927",18,33,15
"CA5A","s1650_F_TNA_03_ASEReadCounter.table","NW_015090842.1:8991941",16,35,19
"CA5A","s1650_F_TNA_03_ASEReadCounter.table","NW_015090842.1:8992121",11,20,9
"CA5A","s1650_F_TNA_03_ASEReadCounter.table","NW_015090842.1:8992224",17,28,11
"CA5A","s1650_F_TNA_03_ASEReadCounter.table","NW_015090842.1:9002570",8,14,6
"CA5A","s1650_F_TNA_03_ASEReadCounter.table","NW_015090842.1:9002600",6,11,5
"CA5A","s1650_F_TNA_03_ASEReadCounter.table","NW_015090842.1:9004312",8,12,4
"CA5A","s1650_F_TNA_03_ASEReadCounter.table","NW_015090842.1:9004506",1,1,0
"CA5A","s1650_F_TNA_03_ASEReadCounter.table","NW_015090842.1:9004523",1,1,0
"CA5A","s1650_F_TNA_03_ASEReadCounter.table","NW_015090842.1:9004530",1,1,0
"CA5A","s1650_F_TNA_03_ASEReadCounter.table","NW_015090842.1:9004556",1,1,0
"CA5A","s1650_F_TNA_03_ASEReadCounter.table","NW_015090842.1:9005116",4,6,2
"CA5A","s1650_F_TNA_03_ASEReadCounter.table","NW_015090842.1:9005120",4,6,2
"CA5A","s1650_F_TNA_03_ASEReadCounter.table","NW_015090842.1:9005140",3,5,2
"CA5A","s1650_F_TNA_03_ASEReadCounter.table","NW_015090842.1:9005152",3,5,2
"BANP","s1650_F_TNA_03_ASEReadCounter.table","NW_015090842.1:9033407",1,3,2
"BANP","s1650_F_TNA_03_ASEReadCounter.table","NW_015090842.1:9033409",1,3,2
"BANP","s1650_F_TNA_03_ASEReadCounter.table","NW_015090842.1:9033420",2,5,3
"BANP","s1650_F_TNA_03_ASEReadCounter.table","NW_015090842.1:9067974",0,9,9
"BANP","s1650_F_TNA_03_ASEReadCounter.table","NW_015090842.1:9102510",8,19,11
"BANP","s1650_F_TNA_03_ASEReadCounter.table","NW_015090842.1:9168534",16,29,13
"BANP","s1650_F_TNA_03_ASEReadCounter.table","NW_015090842.1:9168818",21,38,17
"ZNF469","s1650_F_TNA_03_ASEReadCounter.table","NW_015090842.1:9426367",0,1,1
"ZNF469","s1650_F_TNA_03_ASEReadCounter.table","NW_015090842.1:9426420",0,1,1
"ZNF469","s1650_F_TNA_03_ASEReadCounter.table","NW_015090842.1:9431317",1,1,0
"ZNF469","s1650_F_TNA_03_ASEReadCounter.table","NW_015090842.1:9431325",1,1,0
"ZNF469","s1650_F_TNA_03_ASEReadCounter.table","NW_015090842.1:9432302",0,3,3
"ZNF469","s1650_F_TNA_03_ASEReadCounter.table","NW_015090842.1:9432361",0,1,1
"ZNF469","s1650_F_TNA_03_ASEReadCounter.table","NW_015090842.1:9432374",0,2,2
"ZNF469","s1650_F_TNA_03_ASEReadCounter.table","NW_015090842.1:9432382",0,2,2
"ZNF469","s1650_F_TNA_03_ASEReadCounter.table","NW_015090842.1:9433268",0,1,1
"ZNF469","s1650_F_TNA_03_ASEReadCounter.table","NW_015090842.1:9433678",1,1,0
"ZNF469","s1650_F_TNA_03_ASEReadCounter.table","NW_015090842.1:9433902",1,2,1
"ZNF469","s1650_F_TNA_03_ASEReadCounter.table","NW_015090842.1:9433980",0,1,1
"ZNF469","s1650_F_TNA_03_ASEReadCounter.table","NW_015090842.1:9435221",2,2,0
"ZFPM1","s1650_F_TNA_03_ASEReadCounter.table","NW_015090842.1:9458862",2,4,2
"ZFPM1","s1650_F_TNA_03_ASEReadCounter.table","NW_015090842.1:9458888",2,3,1
"ZFPM1","s1650_F_TNA_03_ASEReadCounter.table","NW_015090842.1:9458904",2,3,1
"ZFPM1","s1650_F_TNA_03_ASEReadCounter.table","NW_015090842.1:9458916",1,2,1
"ZFPM1","s1650_F_TNA_03_ASEReadCounter.table","NW_015090842.1:9468568",1,3,2
"ZFPM1","s1650_F_TNA_03_ASEReadCounter.table","NW_015090842.1:9468593",1,4,3
"ZFPM1","s1650_F_TNA_03_ASEReadCounter.table","NW_015090842.1:9471561",2,2,0
"ZFPM1","s1650_F_TNA_03_ASEReadCounter.table","NW_015090842.1:9472557",3,8,5
"ZFPM1","s1650_F_TNA_03_ASEReadCounter.table","NW_015090842.1:9472565",3,8,5
"ZFPM1","s1650_F_TNA_03_ASEReadCounter.table","NW_015090842.1:9472608",2,7,5
"ZFPM1","s1650_F_TNA_03_ASEReadCounter.table","NW_015090842.1:9472627",3,5,2
"ZFPM1","s1650_F_TNA_03_ASEReadCounter.table","NW_015090842.1:9472668",3,5,2
"ZFPM1","s1650_F_TNA_03_ASEReadCounter.table","NW_015090842.1:9473655",2,4,2
"ZFPM1","s1650_F_TNA_03_ASEReadCounter.table","NW_015090842.1:9475827",3,6,3
"ZFPM1","s1650_F_TNA_03_ASEReadCounter.table","NW_015090842.1:9475842",3,5,2
"ZFPM1","s1650_F_TNA_03_ASEReadCounter.table","NW_015090842.1:9476119",0,1,1
"ZFPM1","s1650_F_TNA_03_ASEReadCounter.table","NW_015090842.1:9476161",0,2,2
"ZFPM1","s1650_F_TNA_03_ASEReadCounter.table","NW_015090842.1:9476219",0,1,1
"ZFPM1","s1650_F_TNA_03_ASEReadCounter.table","NW_015090842.1:9476233",0,1,1
"ZFPM1","s1650_F_TNA_03_ASEReadCounter.table","NW_015090842.1:9476305",0,4,4
"ZFPM1","s1650_F_TNA_03_ASEReadCounter.table","NW_015090842.1:9476395",1,3,2
"ZFPM1","s1650_F_TNA_03_ASEReadCounter.table","NW_015090842.1:9476421",2,6,4
"ZFPM1","s1650_F_TNA_03_ASEReadCounter.table","NW_015090842.1:9476539",4,6,2
"ZFPM1","s1650_F_TNA_03_ASEReadCounter.table","NW_015090842.1:9476576",5,7,2
"ZFPM1","s1650_F_TNA_03_ASEReadCounter.table","NW_015090842.1:9476599",7,7,0
"ZFPM1","s1650_F_TNA_03_ASEReadCounter.table","NW_015090842.1:9476792",3,7,4
"ZFPM1","s1650_F_TNA_03_ASEReadCounter.table","NW_015090842.1:9476803",3,7,4
"ZFPM1","s1650_F_TNA_03_ASEReadCounter.table","NW_015090842.1:9477115",2,8,6
"ZFPM1","s1650_F_TNA_03_ASEReadCounter.table","NW_015090842.1:9477299",1,4,3
"ZFPM1","s1650_F_TNA_03_ASEReadCounter.table","NW_015090842.1:9477398",10,10,0
"ZFPM1","s1650_F_TNA_03_ASEReadCounter.table","NW_015090842.1:9477422",2,7,5
"ZFPM1","s1650_F_TNA_03_ASEReadCounter.table","NW_015090842.1:9477554",5,11,6
"ZFPM1","s1650_F_TNA_03_ASEReadCounter.table","NW_015090842.1:9477575",10,10,0
"ZFPM1","s1650_F_TNA_03_ASEReadCounter.table","NW_015090842.1:9477595",3,10,7
"ZFPM1","s1650_F_TNA_03_ASEReadCounter.table","NW_015090842.1:9477611",4,10,6
"ZFPM1","s1650_F_TNA_03_ASEReadCounter.table","NW_015090842.1:9477659",5,11,6
"ZFPM1","s1650_F_TNA_03_ASEReadCounter.table","NW_015090842.1:9477737",6,13,7
"ZFPM1","s1650_F_TNA_03_ASEReadCounter.table","NW_015090842.1:9477791",2,5,3
"ZFPM1","s1650_F_TNA_03_ASEReadCounter.table","NW_015090842.1:9477844",3,8,5
"ZFPM1","s1650_F_TNA_03_ASEReadCounter.table","NW_015090842.1:9477917",0,6,6
"ZFPM1","s1650_F_TNA_03_ASEReadCounter.table","NW_015090842.1:9478295",7,14,7
"ZFPM1","s1650_F_TNA_03_ASEReadCounter.table","NW_015090842.1:9478349",10,16,6
"ZFPM1","s1650_F_TNA_03_ASEReadCounter.table","NW_015090842.1:9478524",11,20,9
"ZFPM1","s1650_F_TNA_03_ASEReadCounter.table","NW_015090842.1:9478546",11,23,12
"ZFPM1","s1650_F_TNA_03_ASEReadCounter.table","NW_015090842.1:9478573",7,21,14
"ZFPM1","s1650_F_TNA_03_ASEReadCounter.table","NW_015090842.1:9478582",7,17,10
"ZFPM1","s1650_F_TNA_03_ASEReadCounter.table","NW_015090842.1:9478684",1,3,2
"ZFPM1","s1650_F_TNA_03_ASEReadCounter.table","NW_015090842.1:9478711",4,8,4
"ZFPM1","s1650_F_TNA_03_ASEReadCounter.table","NW_015090842.1:9478761",7,14,7
"ZFPM1","s1650_F_TNA_03_ASEReadCounter.table","NW_015090842.1:9478829",4,4,0
"ZC3H18","s1650_F_TNA_03_ASEReadCounter.table","NW_015090842.1:9494271",2,5,3
"ZC3H18","s1650_F_TNA_03_ASEReadCounter.table","NW_015090842.1:9501427",10,27,17
"ZC3H18","s1650_F_TNA_03_ASEReadCounter.table","NW_015090842.1:9501442",9,25,16
"ZC3H18","s1650_F_TNA_03_ASEReadCounter.table","NW_015090842.1:9505538",8,21,13
"ZC3H18","s1650_F_TNA_03_ASEReadCounter.table","NW_015090842.1:9506778",11,34,23
"ZC3H18","s1650_F_TNA_03_ASEReadCounter.table","NW_015090842.1:9522538",5,18,13
"ZC3H18","s1650_F_TNA_03_ASEReadCounter.table","NW_015090842.1:9524350",13,21,8
"ZC3H18","s1650_F_TNA_03_ASEReadCounter.table","NW_015090842.1:9524366",13,27,14
"ZC3H18","s1650_F_TNA_03_ASEReadCounter.table","NW_015090842.1:9524424",11,25,14
"ZC3H18","s1650_F_TNA_03_ASEReadCounter.table","NW_015090842.1:9529649",17,56,39
"ZC3H18","s1650_F_TNA_03_ASEReadCounter.table","NW_015090842.1:9529688",24,62,38
"ZC3H18","s1650_F_TNA_03_ASEReadCounter.table","NW_015090842.1:9529691",23,59,36
"ZC3H18","s1650_F_TNA_03_ASEReadCounter.table","NW_015090842.1:9530977",39,79,40
"ZC3H18","s1650_F_TNA_03_ASEReadCounter.table","NW_015090842.1:9536699",0,49,49
"CYBA","s1650_F_TNA_03_ASEReadCounter.table","NW_015090842.1:9547281",19,25,6
"CYBA","s1650_F_TNA_03_ASEReadCounter.table","NW_015090842.1:9547402",41,65,24
"CYBA","s1650_F_TNA_03_ASEReadCounter.table","NW_015090842.1:9547553",24,45,21
"CYBA","s1650_F_TNA_03_ASEReadCounter.table","NW_015090842.1:9548052",32,46,14
"CYBA","s1650_F_TNA_03_ASEReadCounter.table","NW_015090842.1:9548436",43,54,11
"CYBA","s1650_F_TNA_03_ASEReadCounter.table","NW_015090842.1:9548442",39,49,10
"CYBA","s1650_F_TNA_03_ASEReadCounter.table","NW_015090842.1:9548478",37,49,12
"CYBA","s1650_F_TNA_03_ASEReadCounter.table","NW_015090842.1:9548487",32,43,11
"CYBA","s1650_F_TNA_03_ASEReadCounter.table","NW_015090842.1:9548490",30,39,9
"CYBA","s1650_F_TNA_03_ASEReadCounter.table","NW_015090842.1:9548717",36,45,9
"CYBA","s1650_F_TNA_03_ASEReadCounter.table","NW_015090842.1:9548750",33,41,8
"CYBA","s1650_F_TNA_03_ASEReadCounter.table","NW_015090842.1:9548766",25,29,4
"MVD","s1650_F_TNA_03_ASEReadCounter.table","NW_015090842.1:9550678",29,42,13
"MVD","s1650_F_TNA_03_ASEReadCounter.table","NW_015090842.1:9550690",29,47,18
"MVD","s1650_F_TNA_03_ASEReadCounter.table","NW_015090842.1:9550691",29,46,17
"MVD","s1650_F_TNA_03_ASEReadCounter.table","NW_015090842.1:9550699",39,62,23
"MVD","s1650_F_TNA_03_ASEReadCounter.table","NW_015090842.1:9550719",42,65,23
"MVD","s1650_F_TNA_03_ASEReadCounter.table","NW_015090842.1:9551596",49,88,39
"MVD","s1650_F_TNA_03_ASEReadCounter.table","NW_015090842.1:9551638",42,88,46
"MVD","s1650_F_TNA_03_ASEReadCounter.table","NW_015090842.1:9551899",0,5,5
"MVD","s1650_F_TNA_03_ASEReadCounter.table","NW_015090842.1:9552193",29,63,34
"MVD","s1650_F_TNA_03_ASEReadCounter.table","NW_015090842.1:9552202",27,59,32
"MVD","s1650_F_TNA_03_ASEReadCounter.table","NW_015090842.1:9552208",28,56,28
"MVD","s1650_F_TNA_03_ASEReadCounter.table","NW_015090842.1:9552625",15,33,18
"MVD","s1650_F_TNA_03_ASEReadCounter.table","NW_015090842.1:9552629",34,34,0
"MVD","s1650_F_TNA_03_ASEReadCounter.table","NW_015090842.1:9552644",13,31,18
"MVD","s1650_F_TNA_03_ASEReadCounter.table","NW_015090842.1:9553093",16,40,24
"MVD","s1650_F_TNA_03_ASEReadCounter.table","NW_015090842.1:9553114",16,39,23
"RNF166","s1650_F_TNA_03_ASEReadCounter.table","NW_015090842.1:9557900",16,50,34
"RNF166","s1650_F_TNA_03_ASEReadCounter.table","NW_015090842.1:9558048",13,33,20
"RNF166","s1650_F_TNA_03_ASEReadCounter.table","NW_015090842.1:9558116",21,38,17
"RNF166","s1650_F_TNA_03_ASEReadCounter.table","NW_015090842.1:9558308",20,39,19
"RNF166","s1650_F_TNA_03_ASEReadCounter.table","NW_015090842.1:9558405",17,35,18
"RNF166","s1650_F_TNA_03_ASEReadCounter.table","NW_015090842.1:9558549",19,44,25
"RNF166","s1650_F_TNA_03_ASEReadCounter.table","NW_015090842.1:9558556",19,44,25
"RNF166","s1650_F_TNA_03_ASEReadCounter.table","NW_015090842.1:9558579",19,38,19
"RNF166","s1650_F_TNA_03_ASEReadCounter.table","NW_015090842.1:9558599",17,39,22
"RNF166","s1650_F_TNA_03_ASEReadCounter.table","NW_015090842.1:9558688",12,28,16
"RNF166","s1650_F_TNA_03_ASEReadCounter.table","NW_015090842.1:9558711",13,32,19
"RNF166","s1650_F_TNA_03_ASEReadCounter.table","NW_015090842.1:9558733",14,32,18
"RNF166","s1650_F_TNA_03_ASEReadCounter.table","NW_015090842.1:9558847",9,27,18
"RNF166","s1650_F_TNA_03_ASEReadCounter.table","NW_015090842.1:9559798",10,30,20
"RNF166","s1650_F_TNA_03_ASEReadCounter.table","NW_015090842.1:9560575",17,31,14
"RNF166","s1650_F_TNA_03_ASEReadCounter.table","NW_015090842.1:9561055",16,24,8
"RNF166","s1650_F_TNA_03_ASEReadCounter.table","NW_015090842.1:9562458",9,18,9
"RNF166","s1650_F_TNA_03_ASEReadCounter.table","NW_015090842.1:9562497",7,15,8
"RNF166","s1650_F_TNA_03_ASEReadCounter.table","NW_015090842.1:9562539",6,12,6
"RNF166","s1650_F_TNA_03_ASEReadCounter.table","NW_015090842.1:9564056",5,11,6
"CTU2","s1650_F_TNA_03_ASEReadCounter.table","NW_015090842.1:9565149",11,16,5
"CTU2","s1650_F_TNA_03_ASEReadCounter.table","NW_015090842.1:9565193",11,19,8
"CTU2","s1650_F_TNA_03_ASEReadCounter.table","NW_015090842.1:9565300",8,18,10
"CTU2","s1650_F_TNA_03_ASEReadCounter.table","NW_015090842.1:9565321",9,19,10
"CTU2","s1650_F_TNA_03_ASEReadCounter.table","NW_015090842.1:9565721",16,22,6
"CTU2","s1650_F_TNA_03_ASEReadCounter.table","NW_015090842.1:9565739",16,23,7
"CTU2","s1650_F_TNA_03_ASEReadCounter.table","NW_015090842.1:9565905",10,26,16
"CTU2","s1650_F_TNA_03_ASEReadCounter.table","NW_015090842.1:9566013",25,25,0
"CTU2","s1650_F_TNA_03_ASEReadCounter.table","NW_015090842.1:9566055",19,36,17
"CTU2","s1650_F_TNA_03_ASEReadCounter.table","NW_015090842.1:9566056",19,34,15
"CTU2","s1650_F_TNA_03_ASEReadCounter.table","NW_015090842.1:9566151",12,26,14
"CTU2","s1650_F_TNA_03_ASEReadCounter.table","NW_015090842.1:9566300",10,31,21
"CTU2","s1650_F_TNA_03_ASEReadCounter.table","NW_015090842.1:9566342",10,28,18
"CTU2","s1650_F_TNA_03_ASEReadCounter.table","NW_015090842.1:9566548",11,28,17
"CTU2","s1650_F_TNA_03_ASEReadCounter.table","NW_015090842.1:9566625",12,30,18
"CTU2","s1650_F_TNA_03_ASEReadCounter.table","NW_015090842.1:9566633",14,31,17
"CTU2","s1650_F_TNA_03_ASEReadCounter.table","NW_015090842.1:9566807",23,48,25
"CTU2","s1650_F_TNA_03_ASEReadCounter.table","NW_015090842.1:9567139",20,37,17
"CTU2","s1650_F_TNA_03_ASEReadCounter.table","NW_015090842.1:9567156",26,47,21
"CTU2","s1650_F_TNA_03_ASEReadCounter.table","NW_015090842.1:9567614",23,48,25
"CTU2","s1650_F_TNA_03_ASEReadCounter.table","NW_015090842.1:9567677",29,51,22
"CTU2","s1650_F_TNA_03_ASEReadCounter.table","NW_015090842.1:9567747",27,53,26
"CTU2","s1650_F_TNA_03_ASEReadCounter.table","NW_015090842.1:9567828",19,33,14
"CTU2","s1650_F_TNA_03_ASEReadCounter.table","NW_015090842.1:9567829",20,34,14
"CTU2","s1650_F_TNA_03_ASEReadCounter.table","NW_015090842.1:9567885",15,29,14
"PIEZO1","s1650_F_TNA_03_ASEReadCounter.table","NW_015090842.1:9568093",15,50,35
"PIEZO1","s1650_F_TNA_03_ASEReadCounter.table","NW_015090842.1:9568672",16,31,15
"PIEZO1","s1650_F_TNA_03_ASEReadCounter.table","NW_015090842.1:9568948",27,49,22
"PIEZO1","s1650_F_TNA_03_ASEReadCounter.table","NW_015090842.1:9568987",37,37,0
"PIEZO1","s1650_F_TNA_03_ASEReadCounter.table","NW_015090842.1:9569040",10,25,15
"PIEZO1","s1650_F_TNA_03_ASEReadCounter.table","NW_015090842.1:9569180",11,23,12
"PIEZO1","s1650_F_TNA_03_ASEReadCounter.table","NW_015090842.1:9569192",13,24,11
"PIEZO1","s1650_F_TNA_03_ASEReadCounter.table","NW_015090842.1:9570088",13,24,11
"PIEZO1","s1650_F_TNA_03_ASEReadCounter.table","NW_015090842.1:9570480",8,15,7
"PIEZO1","s1650_F_TNA_03_ASEReadCounter.table","NW_015090842.1:9570639",11,19,8
"PIEZO1","s1650_F_TNA_03_ASEReadCounter.table","NW_015090842.1:9571847",12,23,11
"PIEZO1","s1650_F_TNA_03_ASEReadCounter.table","NW_015090842.1:9572371",6,12,6
"PIEZO1","s1650_F_TNA_03_ASEReadCounter.table","NW_015090842.1:9572638",6,9,3
"PIEZO1","s1650_F_TNA_03_ASEReadCounter.table","NW_015090842.1:9573156",13,24,11
"PIEZO1","s1650_F_TNA_03_ASEReadCounter.table","NW_015090842.1:9573280",10,22,12
"PIEZO1","s1650_F_TNA_03_ASEReadCounter.table","NW_015090842.1:9573566",6,11,5
"PIEZO1","s1650_F_TNA_03_ASEReadCounter.table","NW_015090842.1:9575341",3,5,2
"PIEZO1","s1650_F_TNA_03_ASEReadCounter.table","NW_015090842.1:9575367",4,6,2
"PIEZO1","s1650_F_TNA_03_ASEReadCounter.table","NW_015090842.1:9575645",7,8,1
"PIEZO1","s1650_F_TNA_03_ASEReadCounter.table","NW_015090842.1:9575696",6,8,2
"PIEZO1","s1650_F_TNA_03_ASEReadCounter.table","NW_015090842.1:9575897",4,7,3
"PIEZO1","s1650_F_TNA_03_ASEReadCounter.table","NW_015090842.1:9576060",3,6,3
"PIEZO1","s1650_F_TNA_03_ASEReadCounter.table","NW_015090842.1:9576087",4,7,3
"PIEZO1","s1650_F_TNA_03_ASEReadCounter.table","NW_015090842.1:9576093",4,7,3
"PIEZO1","s1650_F_TNA_03_ASEReadCounter.table","NW_015090842.1:9576120",4,9,5
"PIEZO1","s1650_F_TNA_03_ASEReadCounter.table","NW_015090842.1:9576687",1,5,4
"PIEZO1","s1650_F_TNA_03_ASEReadCounter.table","NW_015090842.1:9576710",1,7,6
"PIEZO1","s1650_F_TNA_03_ASEReadCounter.table","NW_015090842.1:9576723",1,7,6
"PIEZO1","s1650_F_TNA_03_ASEReadCounter.table","NW_015090842.1:9578268",4,8,4
"PIEZO1","s1650_F_TNA_03_ASEReadCounter.table","NW_015090842.1:9578770",3,7,4
"PIEZO1","s1650_F_TNA_03_ASEReadCounter.table","NW_015090842.1:9578806",3,8,5
"PIEZO1","s1650_F_TNA_03_ASEReadCounter.table","NW_015090842.1:9579064",3,5,2
"PIEZO1","s1650_F_TNA_03_ASEReadCounter.table","NW_015090842.1:9579065",3,5,2
"PIEZO1","s1650_F_TNA_03_ASEReadCounter.table","NW_015090842.1:9579347",3,5,2
"PIEZO1","s1650_F_TNA_03_ASEReadCounter.table","NW_015090842.1:9580765",1,2,1
"PIEZO1","s1650_F_TNA_03_ASEReadCounter.table","NW_015090842.1:9580996",5,10,5
"PIEZO1","s1650_F_TNA_03_ASEReadCounter.table","NW_015090842.1:9581101",5,6,1
"PIEZO1","s1650_F_TNA_03_ASEReadCounter.table","NW_015090842.1:9581299",2,4,2
"PIEZO1","s1650_F_TNA_03_ASEReadCounter.table","NW_015090842.1:9581875",1,3,2
"PIEZO1","s1650_F_TNA_03_ASEReadCounter.table","NW_015090842.1:9582046",0,2,2
"PIEZO1","s1650_F_TNA_03_ASEReadCounter.table","NW_015090842.1:9582961",0,2,2
"PIEZO1","s1650_F_TNA_03_ASEReadCounter.table","NW_015090842.1:9583298",3,4,1
"PIEZO1","s1650_F_TNA_03_ASEReadCounter.table","NW_015090842.1:9584337",0,4,4
"PIEZO1","s1650_F_TNA_03_ASEReadCounter.table","NW_015090842.1:9584425",0,2,2
"PIEZO1","s1650_F_TNA_03_ASEReadCounter.table","NW_015090842.1:9584435",0,2,2
"PIEZO1","s1650_F_TNA_03_ASEReadCounter.table","NW_015090842.1:9584438",0,2,2
"PIEZO1","s1650_F_TNA_03_ASEReadCounter.table","NW_015090842.1:9584441",0,3,3
"CDT1","s1650_F_TNA_03_ASEReadCounter.table","NW_015090842.1:9596596",1,1,0
"CDT1","s1650_F_TNA_03_ASEReadCounter.table","NW_015090842.1:9596766",2,5,3
"CDT1","s1650_F_TNA_03_ASEReadCounter.table","NW_015090842.1:9597054",1,2,1
"CDT1","s1650_F_TNA_03_ASEReadCounter.table","NW_015090842.1:9597074",1,2,1
"CDT1","s1650_F_TNA_03_ASEReadCounter.table","NW_015090842.1:9597137",0,1,1
"CDT1","s1650_F_TNA_03_ASEReadCounter.table","NW_015090842.1:9597756",0,1,1
"CDT1","s1650_F_TNA_03_ASEReadCounter.table","NW_015090842.1:9597766",0,1,1
"CDT1","s1650_F_TNA_03_ASEReadCounter.table","NW_015090842.1:9598496",5,13,8
"CDT1","s1650_F_TNA_03_ASEReadCounter.table","NW_015090842.1:9598498",5,13,8
"CDT1","s1650_F_TNA_03_ASEReadCounter.table","NW_015090842.1:9598816",0,7,7
"CDT1","s1650_F_TNA_03_ASEReadCounter.table","NW_015090842.1:9598879",3,7,4
"CDT1","s1650_F_TNA_03_ASEReadCounter.table","NW_015090842.1:9598912",2,5,3
"CDT1","s1650_F_TNA_03_ASEReadCounter.table","NW_015090842.1:9598959",3,7,4
"CDT1","s1650_F_TNA_03_ASEReadCounter.table","NW_015090842.1:9599807",1,4,3
"CDT1","s1650_F_TNA_03_ASEReadCounter.table","NW_015090842.1:9599819",1,4,3
"CDT1","s1650_F_TNA_03_ASEReadCounter.table","NW_015090842.1:9599845",2,8,6
"CDT1","s1650_F_TNA_03_ASEReadCounter.table","NW_015090842.1:9600148",7,12,5
"CDT1","s1650_F_TNA_03_ASEReadCounter.table","NW_015090842.1:9600151",7,12,5
"CDT1","s1650_F_TNA_03_ASEReadCounter.table","NW_015090842.1:9600217",8,12,4
"CDT1","s1650_F_TNA_03_ASEReadCounter.table","NW_015090842.1:9600226",7,9,2
"CDT1","s1650_F_TNA_03_ASEReadCounter.table","NW_015090842.1:9600260",10,14,4
"CDT1","s1650_F_TNA_03_ASEReadCounter.table","NW_015090842.1:9600268",9,14,5
"CDT1","s1650_F_TNA_03_ASEReadCounter.table","NW_015090842.1:9600305",11,15,4
"CDT1","s1650_F_TNA_03_ASEReadCounter.table","NW_015090842.1:9600397",12,15,3
"CDT1","s1650_F_TNA_03_ASEReadCounter.table","NW_015090842.1:9600447",3,7,4
"CDT1","s1650_F_TNA_03_ASEReadCounter.table","NW_015090842.1:9600450",4,7,3
"CDT1","s1650_F_TNA_03_ASEReadCounter.table","NW_015090842.1:9600485",6,8,2
"CDT1","s1650_F_TNA_03_ASEReadCounter.table","NW_015090842.1:9600579",8,13,5
"APRT","s1650_F_TNA_03_ASEReadCounter.table","NW_015090842.1:9602308",33,97,64
"APRT","s1650_F_TNA_03_ASEReadCounter.table","NW_015090842.1:9602440",62,168,106
"APRT","s1650_F_TNA_03_ASEReadCounter.table","NW_015090842.1:9602449",57,158,101
"APRT","s1650_F_TNA_03_ASEReadCounter.table","NW_015090842.1:9602451",58,162,104
"APRT","s1650_F_TNA_03_ASEReadCounter.table","NW_015090842.1:9602455",54,155,101
"APRT","s1650_F_TNA_03_ASEReadCounter.table","NW_015090842.1:9602462",54,157,103
"APRT","s1650_F_TNA_03_ASEReadCounter.table","NW_015090842.1:9602507",45,146,101
"APRT","s1650_F_TNA_03_ASEReadCounter.table","NW_015090842.1:9602514",47,147,100
"APRT","s1650_F_TNA_03_ASEReadCounter.table","NW_015090842.1:9602530",40,128,88
"APRT","s1650_F_TNA_03_ASEReadCounter.table","NW_015090842.1:9602582",39,110,71
"APRT","s1650_F_TNA_03_ASEReadCounter.table","NW_015090842.1:9602583",39,107,68
"APRT","s1650_F_TNA_03_ASEReadCounter.table","NW_015090842.1:9602650",57,138,81
"APRT","s1650_F_TNA_03_ASEReadCounter.table","NW_015090842.1:9602655",53,132,79
"APRT","s1650_F_TNA_03_ASEReadCounter.table","NW_015090842.1:9602712",43,138,95
"APRT","s1650_F_TNA_03_ASEReadCounter.table","NW_015090842.1:9602764",44,134,90
"APRT","s1650_F_TNA_03_ASEReadCounter.table","NW_015090842.1:9602821",43,126,83
"APRT","s1650_F_TNA_03_ASEReadCounter.table","NW_015090842.1:9602867",45,110,65
"APRT","s1650_F_TNA_03_ASEReadCounter.table","NW_015090842.1:9602883",48,113,65
"APRT","s1650_F_TNA_03_ASEReadCounter.table","NW_015090842.1:9602886",49,115,66
"APRT","s1650_F_TNA_03_ASEReadCounter.table","NW_015090842.1:9602948",43,118,75
"APRT","s1650_F_TNA_03_ASEReadCounter.table","NW_015090842.1:9602958",44,121,77
"APRT","s1650_F_TNA_03_ASEReadCounter.table","NW_015090842.1:9603020",52,159,107
"APRT","s1650_F_TNA_03_ASEReadCounter.table","NW_015090842.1:9603025",52,163,111
"APRT","s1650_F_TNA_03_ASEReadCounter.table","NW_015090842.1:9603154",36,116,80
"APRT","s1650_F_TNA_03_ASEReadCounter.table","NW_015090842.1:9603166",47,135,88
"APRT","s1650_F_TNA_03_ASEReadCounter.table","NW_015090842.1:9603326",30,125,95
"APRT","s1650_F_TNA_03_ASEReadCounter.table","NW_015090842.1:9603419",38,109,71
"APRT","s1650_F_TNA_03_ASEReadCounter.table","NW_015090842.1:9603420",37,108,71
"APRT","s1650_F_TNA_03_ASEReadCounter.table","NW_015090842.1:9603464",28,72,44
"APRT","s1650_F_TNA_03_ASEReadCounter.table","NW_015090842.1:9603528",28,99,71
"APRT","s1650_F_TNA_03_ASEReadCounter.table","NW_015090842.1:9603607",24,92,68
"APRT","s1650_F_TNA_03_ASEReadCounter.table","NW_015090842.1:9603622",25,77,52
"APRT","s1650_F_TNA_03_ASEReadCounter.table","NW_015090842.1:9604361",25,93,68
"APRT","s1650_F_TNA_03_ASEReadCounter.table","NW_015090842.1:9605317",12,52,40
"APRT","s1650_F_TNA_03_ASEReadCounter.table","NW_015090842.1:9605336",14,55,41
"GALNS","s1650_F_TNA_03_ASEReadCounter.table","NW_015090842.1:9612872",3,5,2
"GALNS","s1650_F_TNA_03_ASEReadCounter.table","NW_015090842.1:9612873",2,4,2
"GALNS","s1650_F_TNA_03_ASEReadCounter.table","NW_015090842.1:9612877",3,5,2
"GALNS","s1650_F_TNA_03_ASEReadCounter.table","NW_015090842.1:9612942",12,19,7
"GALNS","s1650_F_TNA_03_ASEReadCounter.table","NW_015090842.1:9612987",17,17,0
"GALNS","s1650_F_TNA_03_ASEReadCounter.table","NW_015090842.1:9613064",12,25,13
"GALNS","s1650_F_TNA_03_ASEReadCounter.table","NW_015090842.1:9613096",18,39,21
"GALNS","s1650_F_TNA_03_ASEReadCounter.table","NW_015090842.1:9613123",16,36,20
"GALNS","s1650_F_TNA_03_ASEReadCounter.table","NW_015090842.1:9613125",16,36,20
"GALNS","s1650_F_TNA_03_ASEReadCounter.table","NW_015090842.1:9613193",19,37,18
"GALNS","s1650_F_TNA_03_ASEReadCounter.table","NW_015090842.1:9613226",20,34,14
"GALNS","s1650_F_TNA_03_ASEReadCounter.table","NW_015090842.1:9613249",21,42,21
"GALNS","s1650_F_TNA_03_ASEReadCounter.table","NW_015090842.1:9613256",21,41,20
"GALNS","s1650_F_TNA_03_ASEReadCounter.table","NW_015090842.1:9613317",23,45,22
"GALNS","s1650_F_TNA_03_ASEReadCounter.table","NW_015090842.1:9613343",17,35,18
"GALNS","s1650_F_TNA_03_ASEReadCounter.table","NW_015090842.1:9613344",19,37,18
"GALNS","s1650_F_TNA_03_ASEReadCounter.table","NW_015090842.1:9613371",18,34,16
"GALNS","s1650_F_TNA_03_ASEReadCounter.table","NW_015090842.1:9613378",16,33,17
"GALNS","s1650_F_TNA_03_ASEReadCounter.table","NW_015090842.1:9613379",16,34,18
"GALNS","s1650_F_TNA_03_ASEReadCounter.table","NW_015090842.1:9613516",20,35,15
"GALNS","s1650_F_TNA_03_ASEReadCounter.table","NW_015090842.1:9613572",22,46,24
"GALNS","s1650_F_TNA_03_ASEReadCounter.table","NW_015090842.1:9613597",19,41,22
"GALNS","s1650_F_TNA_03_ASEReadCounter.table","NW_015090842.1:9613627",13,30,17
"GALNS","s1650_F_TNA_03_ASEReadCounter.table","NW_015090842.1:9613640",13,28,15
"GALNS","s1650_F_TNA_03_ASEReadCounter.table","NW_015090842.1:9614025",25,37,12
"GALNS","s1650_F_TNA_03_ASEReadCounter.table","NW_015090842.1:9614169",18,25,7
"GALNS","s1650_F_TNA_03_ASEReadCounter.table","NW_015090842.1:9614232",18,18,0
"GALNS","s1650_F_TNA_03_ASEReadCounter.table","NW_015090842.1:9614667",9,21,12
"GALNS","s1650_F_TNA_03_ASEReadCounter.table","NW_015090842.1:9614709",8,19,11
"GALNS","s1650_F_TNA_03_ASEReadCounter.table","NW_015090842.1:9614880",8,11,3
"GALNS","s1650_F_TNA_03_ASEReadCounter.table","NW_015090842.1:9614902",8,11,3
"GALNS","s1650_F_TNA_03_ASEReadCounter.table","NW_015090842.1:9614960",6,11,5
"GALNS","s1650_F_TNA_03_ASEReadCounter.table","NW_015090842.1:9615114",10,24,14
"GALNS","s1650_F_TNA_03_ASEReadCounter.table","NW_015090842.1:9615199",5,17,12
"GALNS","s1650_F_TNA_03_ASEReadCounter.table","NW_015090842.1:9615217",4,17,13
"GALNS","s1650_F_TNA_03_ASEReadCounter.table","NW_015090842.1:9615277",4,13,9
"GALNS","s1650_F_TNA_03_ASEReadCounter.table","NW_015090842.1:9615377",8,23,15
"GALNS","s1650_F_TNA_03_ASEReadCounter.table","NW_015090842.1:9647858",6,7,1
"GALNS","s1650_F_TNA_03_ASEReadCounter.table","NW_015090842.1:9649186",2,6,4
"GALNS","s1650_F_TNA_03_ASEReadCounter.table","NW_015090842.1:9649237",3,8,5
"GALNS","s1650_F_TNA_03_ASEReadCounter.table","NW_015090842.1:9661193",1,3,2
"TRAPPC2L","s1650_F_TNA_03_ASEReadCounter.table","NW_015090842.1:9662951",111,220,109
"TRAPPC2L","s1650_F_TNA_03_ASEReadCounter.table","NW_015090842.1:9663014",144,272,128
"TRAPPC2L","s1650_F_TNA_03_ASEReadCounter.table","NW_015090842.1:9664305",231,231,0
"TRAPPC2L","s1650_F_TNA_03_ASEReadCounter.table","NW_015090842.1:9665155",127,233,106
"TRAPPC2L","s1650_F_TNA_03_ASEReadCounter.table","NW_015090842.1:9665211",42,77,35
"CBFA2T3","s1650_F_TNA_03_ASEReadCounter.table","NW_015090842.1:9709469",2,26,24
"CBFA2T3","s1650_F_TNA_03_ASEReadCounter.table","NW_015090842.1:9709475",2,27,25
"CBFA2T3","s1650_F_TNA_03_ASEReadCounter.table","NW_015090842.1:9711845",0,5,5
"CBFA2T3","s1650_F_TNA_03_ASEReadCounter.table","NW_015090842.1:9712157",0,7,7
"CBFA2T3","s1650_F_TNA_03_ASEReadCounter.table","NW_015090842.1:9712160",0,8,8
"CBFA2T3","s1650_F_TNA_03_ASEReadCounter.table","NW_015090842.1:9712166",0,9,9
"CBFA2T3","s1650_F_TNA_03_ASEReadCounter.table","NW_015090842.1:9712536",3,7,4
"CBFA2T3","s1650_F_TNA_03_ASEReadCounter.table","NW_015090842.1:9712673",7,12,5
"CBFA2T3","s1650_F_TNA_03_ASEReadCounter.table","NW_015090842.1:9712787",2,14,12
"CBFA2T3","s1650_F_TNA_03_ASEReadCounter.table","NW_015090842.1:9712791",2,13,11
"CBFA2T3","s1650_F_TNA_03_ASEReadCounter.table","NW_015090842.1:9712805",3,12,9
"CBFA2T3","s1650_F_TNA_03_ASEReadCounter.table","NW_015090842.1:9712811",6,17,11
"CBFA2T3","s1650_F_TNA_03_ASEReadCounter.table","NW_015090842.1:9712848",14,25,11
"CBFA2T3","s1650_F_TNA_03_ASEReadCounter.table","NW_015090842.1:9713088",5,14,9
"CBFA2T3","s1650_F_TNA_03_ASEReadCounter.table","NW_015090842.1:9713121",5,12,7
"CBFA2T3","s1650_F_TNA_03_ASEReadCounter.table","NW_015090842.1:9717058",6,11,5
"CBFA2T3","s1650_F_TNA_03_ASEReadCounter.table","NW_015090842.1:9717093",6,11,5
"CBFA2T3","s1650_F_TNA_03_ASEReadCounter.table","NW_015090842.1:9717114",5,9,4
"CBFA2T3","s1650_F_TNA_03_ASEReadCounter.table","NW_015090842.1:9717139",6,9,3
"CBFA2T3","s1650_F_TNA_03_ASEReadCounter.table","NW_015090842.1:9719788",6,8,2
"CBFA2T3","s1650_F_TNA_03_ASEReadCounter.table","NW_015090842.1:9728522",0,2,2
"CBFA2T3","s1650_F_TNA_03_ASEReadCounter.table","NW_015090842.1:9728525",0,2,2
"CBFA2T3","s1650_F_TNA_03_ASEReadCounter.table","NW_015090842.1:9728588",0,2,2
"CBFA2T3","s1650_F_TNA_03_ASEReadCounter.table","NW_015090842.1:9728601",0,2,2
"CBFA2T3","s1650_F_TNA_03_ASEReadCounter.table","NW_015090842.1:9728611",0,2,2
"CBFA2T3","s1650_F_TNA_03_ASEReadCounter.table","NW_015090842.1:9728654",0,1,1
"ACSF3","s1650_F_TNA_03_ASEReadCounter.table","NW_015090842.1:9773379",2,5,3
"ACSF3","s1650_F_TNA_03_ASEReadCounter.table","NW_015090842.1:9773382",2,7,5
"ACSF3","s1650_F_TNA_03_ASEReadCounter.table","NW_015090842.1:9773384",2,6,4
"ACSF3","s1650_F_TNA_03_ASEReadCounter.table","NW_015090842.1:9773388",3,8,5
"ACSF3","s1650_F_TNA_03_ASEReadCounter.table","NW_015090842.1:9776753",2,6,4
"ACSF3","s1650_F_TNA_03_ASEReadCounter.table","NW_015090842.1:9776783",1,5,4
"ACSF3","s1650_F_TNA_03_ASEReadCounter.table","NW_015090842.1:9776879",3,11,8
"ACSF3","s1650_F_TNA_03_ASEReadCounter.table","NW_015090842.1:9776965",10,14,4
"ACSF3","s1650_F_TNA_03_ASEReadCounter.table","NW_015090842.1:9777091",2,5,3
"ACSF3","s1650_F_TNA_03_ASEReadCounter.table","NW_015090842.1:9777206",6,12,6
"ACSF3","s1650_F_TNA_03_ASEReadCounter.table","NW_015090842.1:9777283",10,17,7
"ACSF3","s1650_F_TNA_03_ASEReadCounter.table","NW_015090842.1:9778955",6,28,22
"ACSF3","s1650_F_TNA_03_ASEReadCounter.table","NW_015090842.1:9778997",11,43,32
"ACSF3","s1650_F_TNA_03_ASEReadCounter.table","NW_015090842.1:9789311",17,47,30
"ACSF3","s1650_F_TNA_03_ASEReadCounter.table","NW_015090842.1:9789906",0,29,29
"ACSF3","s1650_F_TNA_03_ASEReadCounter.table","NW_015090842.1:9834743",37,94,57
"ACSF3","s1650_F_TNA_03_ASEReadCounter.table","NW_015090842.1:9834852",39,76,37
"ACSF3","s1650_F_TNA_03_ASEReadCounter.table","NW_015090842.1:9834861",35,71,36
"ACSF3","s1650_F_TNA_03_ASEReadCounter.table","NW_015090842.1:9839359",37,75,38
"ACSF3","s1650_F_TNA_03_ASEReadCounter.table","NW_015090842.1:9839378",32,74,42
"ACSF3","s1650_F_TNA_03_ASEReadCounter.table","NW_015090842.1:9839455",29,75,46
"ACSF3","s1650_F_TNA_03_ASEReadCounter.table","NW_015090842.1:9839457",29,69,40
"ACSF3","s1650_F_TNA_03_ASEReadCounter.table","NW_015090842.1:9839489",22,54,32
"ACSF3","s1650_F_TNA_03_ASEReadCounter.table","NW_015090842.1:9839500",17,41,24
"ACSF3","s1650_F_TNA_03_ASEReadCounter.table","NW_015090842.1:9839501",17,41,24
"ACSF3","s1650_F_TNA_03_ASEReadCounter.table","NW_015090842.1:9839504",23,47,24
"ACSF3","s1650_F_TNA_03_ASEReadCounter.table","NW_015090842.1:9839512",18,38,20
"ACSF3","s1650_F_TNA_03_ASEReadCounter.table","NW_015090842.1:9839527",15,31,16
"ACSF3","s1650_F_TNA_03_ASEReadCounter.table","NW_015090842.1:9839533",10,23,13
"ACSF3","s1650_F_TNA_03_ASEReadCounter.table","NW_015090842.1:9839535",10,23,13
"ACSF3","s1650_F_TNA_03_ASEReadCounter.table","NW_015090842.1:9839545",7,15,8
"ACSF3","s1650_F_TNA_03_ASEReadCounter.table","NW_015090842.1:9839550",7,15,8
"ACSF3","s1650_F_TNA_03_ASEReadCounter.table","NW_015090842.1:9839551",8,16,8
"CDH15","s1650_F_TNA_03_ASEReadCounter.table","NW_015090842.1:9847163",2,2,0
"CDH15","s1650_F_TNA_03_ASEReadCounter.table","NW_015090842.1:9847174",2,2,0
"CDH15","s1650_F_TNA_03_ASEReadCounter.table","NW_015090842.1:9848307",0,1,1
"CDH15","s1650_F_TNA_03_ASEReadCounter.table","NW_015090842.1:9848310",0,1,1
"CDH15","s1650_F_TNA_03_ASEReadCounter.table","NW_015090842.1:9848313",0,1,1
"CDH15","s1650_F_TNA_03_ASEReadCounter.table","NW_015090842.1:9848552",0,1,1
"CDH15","s1650_F_TNA_03_ASEReadCounter.table","NW_015090842.1:9849086",2,3,1
"CDH15","s1650_F_TNA_03_ASEReadCounter.table","NW_015090842.1:9849119",3,4,1
"CDH15","s1650_F_TNA_03_ASEReadCounter.table","NW_015090842.1:9849140",3,4,1
"CDH15","s1650_F_TNA_03_ASEReadCounter.table","NW_015090842.1:9849473",0,2,2
"CDH15","s1650_F_TNA_03_ASEReadCounter.table","NW_015090842.1:9850141",1,4,3
"CDH15","s1650_F_TNA_03_ASEReadCounter.table","NW_015090842.1:9850386",2,3,1
"CDH15","s1650_F_TNA_03_ASEReadCounter.table","NW_015090842.1:9850432",1,2,1
"CDH15","s1650_F_TNA_03_ASEReadCounter.table","NW_015090842.1:9850609",2,3,1
"SLC22A31","s1650_F_TNA_03_ASEReadCounter.table","NW_015090842.1:9850797",0,4,4
"SLC22A31","s1650_F_TNA_03_ASEReadCounter.table","NW_015090842.1:9850818",0,4,4
"SLC22A31","s1650_F_TNA_03_ASEReadCounter.table","NW_015090842.1:9850929",1,2,1
"SLC22A31","s1650_F_TNA_03_ASEReadCounter.table","NW_015090842.1:9850936",1,3,2
"SLC22A31","s1650_F_TNA_03_ASEReadCounter.table","NW_015090842.1:9850940",1,3,2
"SLC22A31","s1650_F_TNA_03_ASEReadCounter.table","NW_015090842.1:9850948",1,3,2
"SLC22A31","s1650_F_TNA_03_ASEReadCounter.table","NW_015090842.1:9850961",1,3,2
"SLC22A31","s1650_F_TNA_03_ASEReadCounter.table","NW_015090842.1:9850970",2,4,2
"SLC22A31","s1650_F_TNA_03_ASEReadCounter.table","NW_015090842.1:9850978",2,4,2
"SLC22A31","s1650_F_TNA_03_ASEReadCounter.table","NW_015090842.1:9850981",1,3,2
"SLC22A31","s1650_F_TNA_03_ASEReadCounter.table","NW_015090842.1:9851117",5,12,7
"SLC22A31","s1650_F_TNA_03_ASEReadCounter.table","NW_015090842.1:9851130",4,10,6
"SLC22A31","s1650_F_TNA_03_ASEReadCounter.table","NW_015090842.1:9851139",5,11,6
"SLC22A31","s1650_F_TNA_03_ASEReadCounter.table","NW_015090842.1:9851265",13,30,17
"SLC22A31","s1650_F_TNA_03_ASEReadCounter.table","NW_015090842.1:9851302",12,30,18
"SLC22A31","s1650_F_TNA_03_ASEReadCounter.table","NW_015090842.1:9851303",12,30,18
"SLC22A31","s1650_F_TNA_03_ASEReadCounter.table","NW_015090842.1:9851305",12,30,18
"SLC22A31","s1650_F_TNA_03_ASEReadCounter.table","NW_015090842.1:9851343",9,19,10
"SLC22A31","s1650_F_TNA_03_ASEReadCounter.table","NW_015090842.1:9851344",10,17,7
"SLC22A31","s1650_F_TNA_03_ASEReadCounter.table","NW_015090842.1:9851361",21,21,0
"SLC22A31","s1650_F_TNA_03_ASEReadCounter.table","NW_015090842.1:9851381",12,26,14
"SLC22A31","s1650_F_TNA_03_ASEReadCounter.table","NW_015090842.1:9851421",13,29,16
"SLC22A31","s1650_F_TNA_03_ASEReadCounter.table","NW_015090842.1:9851501",6,17,11
"SLC22A31","s1650_F_TNA_03_ASEReadCounter.table","NW_015090842.1:9851526",10,25,15
"SLC22A31","s1650_F_TNA_03_ASEReadCounter.table","NW_015090842.1:9851589",14,33,19
"SLC22A31","s1650_F_TNA_03_ASEReadCounter.table","NW_015090842.1:9851712",11,33,22
"SLC22A31","s1650_F_TNA_03_ASEReadCounter.table","NW_015090842.1:9851899",12,28,16
"SLC22A31","s1650_F_TNA_03_ASEReadCounter.table","NW_015090842.1:9852139",15,25,10
"SLC22A31","s1650_F_TNA_03_ASEReadCounter.table","NW_015090842.1:9852380",12,29,17
"SLC22A31","s1650_F_TNA_03_ASEReadCounter.table","NW_015090842.1:9852431",11,26,15
"SLC22A31","s1650_F_TNA_03_ASEReadCounter.table","NW_015090842.1:9852630",12,27,15
"SLC22A31","s1650_F_TNA_03_ASEReadCounter.table","NW_015090842.1:9852711",5,21,16
"SLC22A31","s1650_F_TNA_03_ASEReadCounter.table","NW_015090842.1:9853099",5,11,6
"SLC22A31","s1650_F_TNA_03_ASEReadCounter.table","NW_015090842.1:9853102",5,9,4
"SLC22A31","s1650_F_TNA_03_ASEReadCounter.table","NW_015090842.1:9853421",4,5,1
"SLC22A31","s1650_F_TNA_03_ASEReadCounter.table","NW_015090842.1:9853457",5,6,1
"SLC22A31","s1650_F_TNA_03_ASEReadCounter.table","NW_015090842.1:9853502",2,4,2
"ANKRD11","s1650_F_TNA_03_ASEReadCounter.table","NW_015090842.1:9858863",10,25,15
"ANKRD11","s1650_F_TNA_03_ASEReadCounter.table","NW_015090842.1:9859101",155,303,148
"ANKRD11","s1650_F_TNA_03_ASEReadCounter.table","NW_015090842.1:9859352",153,351,198
"ANKRD11","s1650_F_TNA_03_ASEReadCounter.table","NW_015090842.1:9859381",22,161,139
"ANKRD11","s1650_F_TNA_03_ASEReadCounter.table","NW_015090842.1:9859679",154,285,131
"ANKRD11","s1650_F_TNA_03_ASEReadCounter.table","NW_015090842.1:9861097",95,218,123
"ANKRD11","s1650_F_TNA_03_ASEReadCounter.table","NW_015090842.1:9862571",74,134,60
"ANKRD11","s1650_F_TNA_03_ASEReadCounter.table","NW_015090842.1:9862652",54,83,29
"ANKRD11","s1650_F_TNA_03_ASEReadCounter.table","NW_015090842.1:9866071",0,62,62
"ANKRD11","s1650_F_TNA_03_ASEReadCounter.table","NW_015090842.1:9866200",0,42,42
"ANKRD11","s1650_F_TNA_03_ASEReadCounter.table","NW_015090842.1:9867391",11,31,20
"ANKRD11","s1650_F_TNA_03_ASEReadCounter.table","NW_015090842.1:9867472",27,59,32
"ANKRD11","s1650_F_TNA_03_ASEReadCounter.table","NW_015090842.1:9867559",26,60,34
"ANKRD11","s1650_F_TNA_03_ASEReadCounter.table","NW_015090842.1:9867667",44,71,27
"ANKRD11","s1650_F_TNA_03_ASEReadCounter.table","NW_015090842.1:9867934",42,71,29
"ANKRD11","s1650_F_TNA_03_ASEReadCounter.table","NW_015090842.1:9868064",22,47,25
"ANKRD11","s1650_F_TNA_03_ASEReadCounter.table","NW_015090842.1:9868093",25,53,28
"ANKRD11","s1650_F_TNA_03_ASEReadCounter.table","NW_015090842.1:9868222",30,64,34
"ANKRD11","s1650_F_TNA_03_ASEReadCounter.table","NW_015090842.1:9868327",34,81,47
"ANKRD11","s1650_F_TNA_03_ASEReadCounter.table","NW_015090842.1:9868414",55,112,57
"ANKRD11","s1650_F_TNA_03_ASEReadCounter.table","NW_015090842.1:9868441",56,107,51
"ANKRD11","s1650_F_TNA_03_ASEReadCounter.table","NW_015090842.1:9868444",56,114,58
"ANKRD11","s1650_F_TNA_03_ASEReadCounter.table","NW_015090842.1:9868519",83,150,67
"ANKRD11","s1650_F_TNA_03_ASEReadCounter.table","NW_015090842.1:9868609",111,200,89
"ANKRD11","s1650_F_TNA_03_ASEReadCounter.table","NW_015090842.1:9868666",106,194,88
"ANKRD11","s1650_F_TNA_03_ASEReadCounter.table","NW_015090842.1:9868738",232,232,0
"ANKRD11","s1650_F_TNA_03_ASEReadCounter.table","NW_015090842.1:9869431",173,336,163
"ANKRD11","s1650_F_TNA_03_ASEReadCounter.table","NW_015090842.1:9869578",270,524,254
"ANKRD11","s1650_F_TNA_03_ASEReadCounter.table","NW_015090842.1:9869734",273,539,266
"ANKRD11","s1650_F_TNA_03_ASEReadCounter.table","NW_015090842.1:9870070",250,497,247
"ANKRD11","s1650_F_TNA_03_ASEReadCounter.table","NW_015090842.1:9870349",301,554,253
"ANKRD11","s1650_F_TNA_03_ASEReadCounter.table","NW_015090842.1:9870604",263,515,252
"ANKRD11","s1650_F_TNA_03_ASEReadCounter.table","NW_015090842.1:9870613",300,564,264
"ANKRD11","s1650_F_TNA_03_ASEReadCounter.table","NW_015090842.1:9870685",358,717,359
"ANKRD11","s1650_F_TNA_03_ASEReadCounter.table","NW_015090842.1:9870760",334,672,338
"ANKRD11","s1650_F_TNA_03_ASEReadCounter.table","NW_015090842.1:9870847",289,588,299
"ANKRD11","s1650_F_TNA_03_ASEReadCounter.table","NW_015090842.1:9871103",243,427,184
"ANKRD11","s1650_F_TNA_03_ASEReadCounter.table","NW_015090842.1:9871165",240,475,235
"ANKRD11","s1650_F_TNA_03_ASEReadCounter.table","NW_015090842.1:9871508",284,284,0
"ANKRD11","s1650_F_TNA_03_ASEReadCounter.table","NW_015090842.1:9871820",56,148,92
"ANKRD11","s1650_F_TNA_03_ASEReadCounter.table","NW_015090842.1:9872118",61,129,68
"ANKRD11","s1650_F_TNA_03_ASEReadCounter.table","NW_015090842.1:9877406",27,50,23
"SPG7","s1650_F_TNA_03_ASEReadCounter.table","NW_015090842.1:10051190",37,93,56
"SPG7","s1650_F_TNA_03_ASEReadCounter.table","NW_015090842.1:10051218",41,106,65
"SPG7","s1650_F_TNA_03_ASEReadCounter.table","NW_015090842.1:10052348",53,117,64
"SPG7","s1650_F_TNA_03_ASEReadCounter.table","NW_015090842.1:10052366",52,120,68
"SPG7","s1650_F_TNA_03_ASEReadCounter.table","NW_015090842.1:10065173",109,221,112
"SPG7","s1650_F_TNA_03_ASEReadCounter.table","NW_015090842.1:10065215",119,219,100
"SPG7","s1650_F_TNA_03_ASEReadCounter.table","NW_015090842.1:10066365",110,178,68
"SPG7","s1650_F_TNA_03_ASEReadCounter.table","NW_015090842.1:10069752",125,237,112
"SPG7","s1650_F_TNA_03_ASEReadCounter.table","NW_015090842.1:10069800",131,253,122
"SPG7","s1650_F_TNA_03_ASEReadCounter.table","NW_015090842.1:10071192",154,311,157
"SPG7","s1650_F_TNA_03_ASEReadCounter.table","NW_015090842.1:10071219",140,283,143
"SPG7","s1650_F_TNA_03_ASEReadCounter.table","NW_015090842.1:10071967",140,292,152
"SPG7","s1650_F_TNA_03_ASEReadCounter.table","NW_015090842.1:10075109",285,506,221
"SPG7","s1650_F_TNA_03_ASEReadCounter.table","NW_015090842.1:10075114",286,503,217
"SPG7","s1650_F_TNA_03_ASEReadCounter.table","NW_015090842.1:10075198",217,357,140
"SPG7","s1650_F_TNA_03_ASEReadCounter.table","NW_015090842.1:10075487",169,344,175
"SPG7","s1650_F_TNA_03_ASEReadCounter.table","NW_015090842.1:10075488",168,344,176
"SPG7","s1650_F_TNA_03_ASEReadCounter.table","NW_015090842.1:10075548",125,247,122
"RPL13","s1650_F_TNA_03_ASEReadCounter.table","NW_015090842.1:10077387",502,1044,542
"RPL13","s1650_F_TNA_03_ASEReadCounter.table","NW_015090842.1:10077978",798,1680,882
"RPL13","s1650_F_TNA_03_ASEReadCounter.table","NW_015090842.1:10077992",796,1644,848
"CPNE7","s1650_F_TNA_03_ASEReadCounter.table","NW_015090842.1:10084001",58,123,65
"CPNE7","s1650_F_TNA_03_ASEReadCounter.table","NW_015090842.1:10084856",50,98,48
"CPNE7","s1650_F_TNA_03_ASEReadCounter.table","NW_015090842.1:10084872",50,103,53
"CPNE7","s1650_F_TNA_03_ASEReadCounter.table","NW_015090842.1:10084892",67,137,70
"CPNE7","s1650_F_TNA_03_ASEReadCounter.table","NW_015090842.1:10084921",78,144,66
"CPNE7","s1650_F_TNA_03_ASEReadCounter.table","NW_015090842.1:10084935",73,136,63
"CPNE7","s1650_F_TNA_03_ASEReadCounter.table","NW_015090842.1:10085000",79,135,56
"CPNE7","s1650_F_TNA_03_ASEReadCounter.table","NW_015090842.1:10085089",78,152,74
"CPNE7","s1650_F_TNA_03_ASEReadCounter.table","NW_015090842.1:10085096",84,160,76
"CPNE7","s1650_F_TNA_03_ASEReadCounter.table","NW_015090842.1:10085126",75,153,78
"CPNE7","s1650_F_TNA_03_ASEReadCounter.table","NW_015090842.1:10085167",149,149,0
"CPNE7","s1650_F_TNA_03_ASEReadCounter.table","NW_015090842.1:10085180",85,161,76
"CPNE7","s1650_F_TNA_03_ASEReadCounter.table","NW_015090842.1:10085201",84,144,60
"CPNE7","s1650_F_TNA_03_ASEReadCounter.table","NW_015090842.1:10088134",153,272,119
"CPNE7","s1650_F_TNA_03_ASEReadCounter.table","NW_015090842.1:10088146",145,259,114
"CPNE7","s1650_F_TNA_03_ASEReadCounter.table","NW_015090842.1:10088806",184,353,169
"CPNE7","s1650_F_TNA_03_ASEReadCounter.table","NW_015090842.1:10088940",244,429,185
"CPNE7","s1650_F_TNA_03_ASEReadCounter.table","NW_015090842.1:10088965",226,400,174
"CPNE7","s1650_F_TNA_03_ASEReadCounter.table","NW_015090842.1:10088967",227,392,165
"CPNE7","s1650_F_TNA_03_ASEReadCounter.table","NW_015090842.1:10088973",230,399,169
"CPNE7","s1650_F_TNA_03_ASEReadCounter.table","NW_015090842.1:10090924",384,688,304
"CPNE7","s1650_F_TNA_03_ASEReadCounter.table","NW_015090842.1:10090930",381,683,302
"CPNE7","s1650_F_TNA_03_ASEReadCounter.table","NW_015090842.1:10091075",400,730,330
"CPNE7","s1650_F_TNA_03_ASEReadCounter.table","NW_015090842.1:10091389",411,797,386
"CPNE7","s1650_F_TNA_03_ASEReadCounter.table","NW_015090842.1:10091407",443,858,415
"CPNE7","s1650_F_TNA_03_ASEReadCounter.table","NW_015090842.1:10091488",759,759,0
"CPNE7","s1650_F_TNA_03_ASEReadCounter.table","NW_015090842.1:10091491",787,788,1
"CPNE7","s1650_F_TNA_03_ASEReadCounter.table","NW_015090842.1:10091530",419,812,393
"CPNE7","s1650_F_TNA_03_ASEReadCounter.table","NW_015090842.1:10091875",527,1025,498
"CPNE7","s1650_F_TNA_03_ASEReadCounter.table","NW_015090842.1:10091983",521,931,410
"CPNE7","s1650_F_TNA_03_ASEReadCounter.table","NW_015090842.1:10091997",525,948,423
"CPNE7","s1650_F_TNA_03_ASEReadCounter.table","NW_015090842.1:10092038",317,604,287
"CPNE7","s1650_F_TNA_03_ASEReadCounter.table","NW_015090842.1:10092140",372,718,346
"CPNE7","s1650_F_TNA_03_ASEReadCounter.table","NW_015090842.1:10092183",266,515,249
"CPNE7","s1650_F_TNA_03_ASEReadCounter.table","NW_015090842.1:10092201",229,447,218
"CPNE7","s1650_F_TNA_03_ASEReadCounter.table","NW_015090842.1:10092230",159,301,142
"CPNE7","s1650_F_TNA_03_ASEReadCounter.table","NW_015090842.1:10092246",99,203,104
"LOC106888185","s1650_F_TNA_03_ASEReadCounter.table","NW_015090842.1:10094965",0,6,6
"LOC106888185","s1650_F_TNA_03_ASEReadCounter.table","NW_015090842.1:10094966",0,6,6
"LOC106888185","s1650_F_TNA_03_ASEReadCounter.table","NW_015090842.1:10094985",0,6,6
"LOC106888185","s1650_F_TNA_03_ASEReadCounter.table","NW_015090842.1:10095055",0,4,4
"LOC106888185","s1650_F_TNA_03_ASEReadCounter.table","NW_015090842.1:10095062",0,4,4
"LOC106888185","s1650_F_TNA_03_ASEReadCounter.table","NW_015090842.1:10095130",1,2,1
"LOC106888185","s1650_F_TNA_03_ASEReadCounter.table","NW_015090842.1:10095265",3,10,7
"LOC106888185","s1650_F_TNA_03_ASEReadCounter.table","NW_015090842.1:10095586",6,15,9
"LOC106888185","s1650_F_TNA_03_ASEReadCounter.table","NW_015090842.1:10095593",6,15,9
"LOC106888185","s1650_F_TNA_03_ASEReadCounter.table","NW_015090842.1:10095616",7,16,9
"LOC106888185","s1650_F_TNA_03_ASEReadCounter.table","NW_015090842.1:10095662",5,9,4
"LOC106888185","s1650_F_TNA_03_ASEReadCounter.table","NW_015090842.1:10095674",4,9,5
"LOC106888185","s1650_F_TNA_03_ASEReadCounter.table","NW_015090842.1:10095786",2,11,9
"LOC106888185","s1650_F_TNA_03_ASEReadCounter.table","NW_015090842.1:10095831",5,13,8
"LOC106888185","s1650_F_TNA_03_ASEReadCounter.table","NW_015090842.1:10096230",4,6,2
"LOC106888185","s1650_F_TNA_03_ASEReadCounter.table","NW_015090842.1:10096249",5,8,3
"LOC106888185","s1650_F_TNA_03_ASEReadCounter.table","NW_015090842.1:10096272",6,10,4
"LOC106888185","s1650_F_TNA_03_ASEReadCounter.table","NW_015090842.1:10096288",5,10,5
"LOC106888185","s1650_F_TNA_03_ASEReadCounter.table","NW_015090842.1:10097248",4,8,4
"LOC106888185","s1650_F_TNA_03_ASEReadCounter.table","NW_015090842.1:10097265",3,7,4
"LOC106888185","s1650_F_TNA_03_ASEReadCounter.table","NW_015090842.1:10097446",0,2,2
"DPEP1","s1650_F_TNA_03_ASEReadCounter.table","NW_015090842.1:10098595",1,2,1
"DPEP1","s1650_F_TNA_03_ASEReadCounter.table","NW_015090842.1:10098597",1,2,1
"DPEP1","s1650_F_TNA_03_ASEReadCounter.table","NW_015090842.1:10098601",1,2,1
"DPEP1","s1650_F_TNA_03_ASEReadCounter.table","NW_015090842.1:10098608",1,2,1
"DPEP1","s1650_F_TNA_03_ASEReadCounter.table","NW_015090842.1:10098630",0,1,1
"DPEP1","s1650_F_TNA_03_ASEReadCounter.table","NW_015090842.1:10098659",0,1,1
"DPEP1","s1650_F_TNA_03_ASEReadCounter.table","NW_015090842.1:10099765",2,4,2
"DPEP1","s1650_F_TNA_03_ASEReadCounter.table","NW_015090842.1:10099985",0,1,1
"DPEP1","s1650_F_TNA_03_ASEReadCounter.table","NW_015090842.1:10099986",0,1,1
"DPEP1","s1650_F_TNA_03_ASEReadCounter.table","NW_015090842.1:10099991",0,1,1
"DPEP1","s1650_F_TNA_03_ASEReadCounter.table","NW_015090842.1:10100044",0,1,1
"DPEP1","s1650_F_TNA_03_ASEReadCounter.table","NW_015090842.1:10100045",0,1,1
"DPEP1","s1650_F_TNA_03_ASEReadCounter.table","NW_015090842.1:10100084",0,1,1
"DPEP1","s1650_F_TNA_03_ASEReadCounter.table","NW_015090842.1:10100295",0,3,3
"DPEP1","s1650_F_TNA_03_ASEReadCounter.table","NW_015090842.1:10100529",1,2,1
"DPEP1","s1650_F_TNA_03_ASEReadCounter.table","NW_015090842.1:10100893",1,3,2
"DPEP1","s1650_F_TNA_03_ASEReadCounter.table","NW_015090842.1:10100902",1,3,2
"DPEP1","s1650_F_TNA_03_ASEReadCounter.table","NW_015090842.1:10101072",0,4,4
"DPEP1","s1650_F_TNA_03_ASEReadCounter.table","NW_015090842.1:10101199",0,5,5
"DPEP1","s1650_F_TNA_03_ASEReadCounter.table","NW_015090842.1:10101483",1,5,4
"DPEP1","s1650_F_TNA_03_ASEReadCounter.table","NW_015090842.1:10101497",1,5,4
"DPEP1","s1650_F_TNA_03_ASEReadCounter.table","NW_015090842.1:10101525",1,4,3
"DPEP1","s1650_F_TNA_03_ASEReadCounter.table","NW_015090842.1:10101875",2,4,2
"DPEP1","s1650_F_TNA_03_ASEReadCounter.table","NW_015090842.1:10101913",1,1,0
"DPEP1","s1650_F_TNA_03_ASEReadCounter.table","NW_015090842.1:10101996",1,2,1
"DPEP1","s1650_F_TNA_03_ASEReadCounter.table","NW_015090842.1:10102014",0,1,1
"DPEP1","s1650_F_TNA_03_ASEReadCounter.table","NW_015090842.1:10102035",0,1,1
"CHMP1A","s1650_F_TNA_03_ASEReadCounter.table","NW_015090842.1:10102901",70,153,83
"CHMP1A","s1650_F_TNA_03_ASEReadCounter.table","NW_015090842.1:10102961",39,147,108
"CHMP1A","s1650_F_TNA_03_ASEReadCounter.table","NW_015090842.1:10102996",48,146,98
"CHMP1A","s1650_F_TNA_03_ASEReadCounter.table","NW_015090842.1:10103004",54,157,103
"CHMP1A","s1650_F_TNA_03_ASEReadCounter.table","NW_015090842.1:10103006",54,153,99
"CHMP1A","s1650_F_TNA_03_ASEReadCounter.table","NW_015090842.1:10103052",90,205,115
"CHMP1A","s1650_F_TNA_03_ASEReadCounter.table","NW_015090842.1:10103095",84,207,123
"CHMP1A","s1650_F_TNA_03_ASEReadCounter.table","NW_015090842.1:10103096",84,206,122
"CHMP1A","s1650_F_TNA_03_ASEReadCounter.table","NW_015090842.1:10103152",61,138,77
"CHMP1A","s1650_F_TNA_03_ASEReadCounter.table","NW_015090842.1:10103173",54,136,82
"CHMP1A","s1650_F_TNA_03_ASEReadCounter.table","NW_015090842.1:10103334",36,120,84
"CHMP1A","s1650_F_TNA_03_ASEReadCounter.table","NW_015090842.1:10103373",22,91,69
"CHMP1A","s1650_F_TNA_03_ASEReadCounter.table","NW_015090842.1:10103408",48,111,63
"CHMP1A","s1650_F_TNA_03_ASEReadCounter.table","NW_015090842.1:10103412",52,112,60
"CHMP1A","s1650_F_TNA_03_ASEReadCounter.table","NW_015090842.1:10103512",58,126,68
"CHMP1A","s1650_F_TNA_03_ASEReadCounter.table","NW_015090842.1:10103513",59,125,66
"CHMP1A","s1650_F_TNA_03_ASEReadCounter.table","NW_015090842.1:10103583",38,81,43
"CHMP1A","s1650_F_TNA_03_ASEReadCounter.table","NW_015090842.1:10103614",32,85,53
"CHMP1A","s1650_F_TNA_03_ASEReadCounter.table","NW_015090842.1:10103657",33,78,45
"CHMP1A","s1650_F_TNA_03_ASEReadCounter.table","NW_015090842.1:10103669",28,66,38
"CHMP1A","s1650_F_TNA_03_ASEReadCounter.table","NW_015090842.1:10103674",28,66,38
"CHMP1A","s1650_F_TNA_03_ASEReadCounter.table","NW_015090842.1:10103677",28,65,37
"CHMP1A","s1650_F_TNA_03_ASEReadCounter.table","NW_015090842.1:10103729",43,86,43
"CHMP1A","s1650_F_TNA_03_ASEReadCounter.table","NW_015090842.1:10103758",44,85,41
"CHMP1A","s1650_F_TNA_03_ASEReadCounter.table","NW_015090842.1:10103761",43,88,45
"CHMP1A","s1650_F_TNA_03_ASEReadCounter.table","NW_015090842.1:10103788",51,116,65
"CHMP1A","s1650_F_TNA_03_ASEReadCounter.table","NW_015090842.1:10103789",52,118,66
"CHMP1A","s1650_F_TNA_03_ASEReadCounter.table","NW_015090842.1:10103790",50,116,66
"CHMP1A","s1650_F_TNA_03_ASEReadCounter.table","NW_015090842.1:10103950",63,119,56
"CHMP1A","s1650_F_TNA_03_ASEReadCounter.table","NW_015090842.1:10104335",28,64,36
"CHMP1A","s1650_F_TNA_03_ASEReadCounter.table","NW_015090842.1:10104429",35,72,37
"CHMP1A","s1650_F_TNA_03_ASEReadCounter.table","NW_015090842.1:10104532",40,85,45
"CHMP1A","s1650_F_TNA_03_ASEReadCounter.table","NW_015090842.1:10104633",36,76,40
"CHMP1A","s1650_F_TNA_03_ASEReadCounter.table","NW_015090842.1:10104759",26,56,30
"CHMP1A","s1650_F_TNA_03_ASEReadCounter.table","NW_015090842.1:10104794",29,67,38
"CHMP1A","s1650_F_TNA_03_ASEReadCounter.table","NW_015090842.1:10104841",46,46,0
"CHMP1A","s1650_F_TNA_03_ASEReadCounter.table","NW_015090842.1:10104844",22,46,24
"CHMP1A","s1650_F_TNA_03_ASEReadCounter.table","NW_015090842.1:10106242",26,52,26
"CHMP1A","s1650_F_TNA_03_ASEReadCounter.table","NW_015090842.1:10106290",24,51,27
"CHMP1A","s1650_F_TNA_03_ASEReadCounter.table","NW_015090842.1:10106335",27,55,28
"CHMP1A","s1650_F_TNA_03_ASEReadCounter.table","NW_015090842.1:10106383",28,59,31
"CHMP1A","s1650_F_TNA_03_ASEReadCounter.table","NW_015090842.1:10106747",33,71,38
"CHMP1A","s1650_F_TNA_03_ASEReadCounter.table","NW_015090842.1:10107404",19,60,41
"CHMP1A","s1650_F_TNA_03_ASEReadCounter.table","NW_015090842.1:10107876",28,61,33
"CDK10","s1650_F_TNA_03_ASEReadCounter.table","NW_015090842.1:10109030",8,10,2
"CDK10","s1650_F_TNA_03_ASEReadCounter.table","NW_015090842.1:10109963",31,92,61
"CDK10","s1650_F_TNA_03_ASEReadCounter.table","NW_015090842.1:10110887",29,75,46
"CDK10","s1650_F_TNA_03_ASEReadCounter.table","NW_015090842.1:10111254",17,61,44
"CDK10","s1650_F_TNA_03_ASEReadCounter.table","NW_015090842.1:10111380",22,73,51
"CDK10","s1650_F_TNA_03_ASEReadCounter.table","NW_015090842.1:10111395",21,75,54
"CDK10","s1650_F_TNA_03_ASEReadCounter.table","NW_015090842.1:10111437",12,72,60
"CDK10","s1650_F_TNA_03_ASEReadCounter.table","NW_015090842.1:10111798",21,70,49
"CDK10","s1650_F_TNA_03_ASEReadCounter.table","NW_015090842.1:10111840",29,95,66
"CDK10","s1650_F_TNA_03_ASEReadCounter.table","NW_015090842.1:10112031",36,112,76
"CDK10","s1650_F_TNA_03_ASEReadCounter.table","NW_015090842.1:10112285",38,125,87
"CDK10","s1650_F_TNA_03_ASEReadCounter.table","NW_015090842.1:10112398",37,128,91
"CDK10","s1650_F_TNA_03_ASEReadCounter.table","NW_015090842.1:10112455",30,136,106
"CDK10","s1650_F_TNA_03_ASEReadCounter.table","NW_015090842.1:10112461",27,124,97
"CDK10","s1650_F_TNA_03_ASEReadCounter.table","NW_015090842.1:10112497",30,132,102
"CDK10","s1650_F_TNA_03_ASEReadCounter.table","NW_015090842.1:10112508",26,124,98
"CDK10","s1650_F_TNA_03_ASEReadCounter.table","NW_015090842.1:10112518",20,116,96
"CDK10","s1650_F_TNA_03_ASEReadCounter.table","NW_015090842.1:10112540",14,116,102
"CDK10","s1650_F_TNA_03_ASEReadCounter.table","NW_015090842.1:10112556",34,127,93
"CDK10","s1650_F_TNA_03_ASEReadCounter.table","NW_015090842.1:10112561",36,136,100
"CDK10","s1650_F_TNA_03_ASEReadCounter.table","NW_015090842.1:10112596",46,137,91
"CDK10","s1650_F_TNA_03_ASEReadCounter.table","NW_015090842.1:10112630",38,117,79
"CDK10","s1650_F_TNA_03_ASEReadCounter.table","NW_015090842.1:10112656",34,104,70
"CDK10","s1650_F_TNA_03_ASEReadCounter.table","NW_015090842.1:10112665",25,77,52
"CDK10","s1650_F_TNA_03_ASEReadCounter.table","NW_015090842.1:10112668",22,75,53
"CDK10","s1650_F_TNA_03_ASEReadCounter.table","NW_015090842.1:10112781",23,56,33
"CDK10","s1650_F_TNA_03_ASEReadCounter.table","NW_015090842.1:10112782",23,56,33
"CDK10","s1650_F_TNA_03_ASEReadCounter.table","NW_015090842.1:10112795",20,50,30
"CDK10","s1650_F_TNA_03_ASEReadCounter.table","NW_015090842.1:10112841",10,21,11
"CDK10","s1650_F_TNA_03_ASEReadCounter.table","NW_015090842.1:10112861",8,14,6
"SPATA2L","s1650_F_TNA_03_ASEReadCounter.table","NW_015090842.1:10113212",25,54,29
"SPATA2L","s1650_F_TNA_03_ASEReadCounter.table","NW_015090842.1:10113280",50,116,66
"SPATA2L","s1650_F_TNA_03_ASEReadCounter.table","NW_015090842.1:10113296",51,123,72
"SPATA2L","s1650_F_TNA_03_ASEReadCounter.table","NW_015090842.1:10113321",60,139,79
"SPATA2L","s1650_F_TNA_03_ASEReadCounter.table","NW_015090842.1:10113332",59,147,88
"SPATA2L","s1650_F_TNA_03_ASEReadCounter.table","NW_015090842.1:10113380",58,153,95
"SPATA2L","s1650_F_TNA_03_ASEReadCounter.table","NW_015090842.1:10113381",58,153,95
"SPATA2L","s1650_F_TNA_03_ASEReadCounter.table","NW_015090842.1:10113412",50,152,102
"SPATA2L","s1650_F_TNA_03_ASEReadCounter.table","NW_015090842.1:10113421",47,147,100
"SPATA2L","s1650_F_TNA_03_ASEReadCounter.table","NW_015090842.1:10113465",34,134,100
"SPATA2L","s1650_F_TNA_03_ASEReadCounter.table","NW_015090842.1:10113535",50,132,82
"SPATA2L","s1650_F_TNA_03_ASEReadCounter.table","NW_015090842.1:10113645",49,140,91
"SPATA2L","s1650_F_TNA_03_ASEReadCounter.table","NW_015090842.1:10113682",65,181,116
"SPATA2L","s1650_F_TNA_03_ASEReadCounter.table","NW_015090842.1:10113696",56,160,104
"SPATA2L","s1650_F_TNA_03_ASEReadCounter.table","NW_015090842.1:10113727",70,193,123
"SPATA2L","s1650_F_TNA_03_ASEReadCounter.table","NW_015090842.1:10113799",85,197,112
"SPATA2L","s1650_F_TNA_03_ASEReadCounter.table","NW_015090842.1:10113809",90,207,117
"SPATA2L","s1650_F_TNA_03_ASEReadCounter.table","NW_015090842.1:10113827",91,198,107
"SPATA2L","s1650_F_TNA_03_ASEReadCounter.table","NW_015090842.1:10113831",94,206,112
"SPATA2L","s1650_F_TNA_03_ASEReadCounter.table","NW_015090842.1:10113894",63,170,107
"SPATA2L","s1650_F_TNA_03_ASEReadCounter.table","NW_015090842.1:10113905",50,154,104
"SPATA2L","s1650_F_TNA_03_ASEReadCounter.table","NW_015090842.1:10113914",54,150,96
"SPATA2L","s1650_F_TNA_03_ASEReadCounter.table","NW_015090842.1:10113920",64,160,96
"SPATA2L","s1650_F_TNA_03_ASEReadCounter.table","NW_015090842.1:10113937",70,169,99
"SPATA2L","s1650_F_TNA_03_ASEReadCounter.table","NW_015090842.1:10113971",60,151,91
"SPATA2L","s1650_F_TNA_03_ASEReadCounter.table","NW_015090842.1:10113976",52,151,99
"SPATA2L","s1650_F_TNA_03_ASEReadCounter.table","NW_015090842.1:10113985",57,129,72
"SPATA2L","s1650_F_TNA_03_ASEReadCounter.table","NW_015090842.1:10113994",64,148,84
"SPATA2L","s1650_F_TNA_03_ASEReadCounter.table","NW_015090842.1:10114063",48,122,74
"SPATA2L","s1650_F_TNA_03_ASEReadCounter.table","NW_015090842.1:10114066",47,122,75
"SPATA2L","s1650_F_TNA_03_ASEReadCounter.table","NW_015090842.1:10114069",48,124,76
"SPATA2L","s1650_F_TNA_03_ASEReadCounter.table","NW_015090842.1:10114121",40,89,49
"SPATA2L","s1650_F_TNA_03_ASEReadCounter.table","NW_015090842.1:10114159",38,92,54
"SPATA2L","s1650_F_TNA_03_ASEReadCounter.table","NW_015090842.1:10114282",50,113,63
"SPATA2L","s1650_F_TNA_03_ASEReadCounter.table","NW_015090842.1:10114470",35,78,43
"SPATA2L","s1650_F_TNA_03_ASEReadCounter.table","NW_015090842.1:10114524",30,66,36
"VPS9D1","s1650_F_TNA_03_ASEReadCounter.table","NW_015090842.1:10116377",28,65,37
"VPS9D1","s1650_F_TNA_03_ASEReadCounter.table","NW_015090842.1:10116415",25,75,50
"VPS9D1","s1650_F_TNA_03_ASEReadCounter.table","NW_015090842.1:10116607",21,71,50
"VPS9D1","s1650_F_TNA_03_ASEReadCounter.table","NW_015090842.1:10116816",68,68,0
"VPS9D1","s1650_F_TNA_03_ASEReadCounter.table","NW_015090842.1:10116821",22,72,50
"VPS9D1","s1650_F_TNA_03_ASEReadCounter.table","NW_015090842.1:10116825",21,70,49
"VPS9D1","s1650_F_TNA_03_ASEReadCounter.table","NW_015090842.1:10116882",17,64,47
"VPS9D1","s1650_F_TNA_03_ASEReadCounter.table","NW_015090842.1:10116885",16,64,48
"VPS9D1","s1650_F_TNA_03_ASEReadCounter.table","NW_015090842.1:10116933",24,61,37
"VPS9D1","s1650_F_TNA_03_ASEReadCounter.table","NW_015090842.1:10116942",18,59,41
"VPS9D1","s1650_F_TNA_03_ASEReadCounter.table","NW_015090842.1:10117152",20,57,37
"VPS9D1","s1650_F_TNA_03_ASEReadCounter.table","NW_015090842.1:10117396",35,35,0
"VPS9D1","s1650_F_TNA_03_ASEReadCounter.table","NW_015090842.1:10117405",28,28,0
"VPS9D1","s1650_F_TNA_03_ASEReadCounter.table","NW_015090842.1:10117480",13,43,30
"VPS9D1","s1650_F_TNA_03_ASEReadCounter.table","NW_015090842.1:10117497",12,38,26
"VPS9D1","s1650_F_TNA_03_ASEReadCounter.table","NW_015090842.1:10117499",9,37,28
"VPS9D1","s1650_F_TNA_03_ASEReadCounter.table","NW_015090842.1:10117516",15,41,26
"VPS9D1","s1650_F_TNA_03_ASEReadCounter.table","NW_015090842.1:10117525",18,42,24
"VPS9D1","s1650_F_TNA_03_ASEReadCounter.table","NW_015090842.1:10117579",20,44,24
"VPS9D1","s1650_F_TNA_03_ASEReadCounter.table","NW_015090842.1:10117627",21,45,24
"VPS9D1","s1650_F_TNA_03_ASEReadCounter.table","NW_015090842.1:10117678",10,39,29
"VPS9D1","s1650_F_TNA_03_ASEReadCounter.table","NW_015090842.1:10117773",21,51,30
"VPS9D1","s1650_F_TNA_03_ASEReadCounter.table","NW_015090842.1:10117937",22,54,32
"VPS9D1","s1650_F_TNA_03_ASEReadCounter.table","NW_015090842.1:10117961",16,51,35
"VPS9D1","s1650_F_TNA_03_ASEReadCounter.table","NW_015090842.1:10118236",19,59,40
"VPS9D1","s1650_F_TNA_03_ASEReadCounter.table","NW_015090842.1:10118414",20,55,35
"VPS9D1","s1650_F_TNA_03_ASEReadCounter.table","NW_015090842.1:10118973",24,67,43
"VPS9D1","s1650_F_TNA_03_ASEReadCounter.table","NW_015090842.1:10119500",12,38,26
"ZNF276","s1650_F_TNA_03_ASEReadCounter.table","NW_015090842.1:10121760",1,3,2
"ZNF276","s1650_F_TNA_03_ASEReadCounter.table","NW_015090842.1:10121769",1,2,1
"ZNF276","s1650_F_TNA_03_ASEReadCounter.table","NW_015090842.1:10121802",4,9,5
"ZNF276","s1650_F_TNA_03_ASEReadCounter.table","NW_015090842.1:10121971",6,11,5
"ZNF276","s1650_F_TNA_03_ASEReadCounter.table","NW_015090842.1:10122883",9,17,8
"ZNF276","s1650_F_TNA_03_ASEReadCounter.table","NW_015090842.1:10123069",6,15,9
"ZNF276","s1650_F_TNA_03_ASEReadCounter.table","NW_015090842.1:10123207",9,25,16
"ZNF276","s1650_F_TNA_03_ASEReadCounter.table","NW_015090842.1:10125787",15,38,23
"ZNF276","s1650_F_TNA_03_ASEReadCounter.table","NW_015090842.1:10126309",19,34,15
"ZNF276","s1650_F_TNA_03_ASEReadCounter.table","NW_015090842.1:10126348",16,31,15
"ZNF276","s1650_F_TNA_03_ASEReadCounter.table","NW_015090842.1:10126978",15,42,27
"ZNF276","s1650_F_TNA_03_ASEReadCounter.table","NW_015090842.1:10126991",16,41,25
"ZNF276","s1650_F_TNA_03_ASEReadCounter.table","NW_015090842.1:10127023",18,46,28
"ZNF276","s1650_F_TNA_03_ASEReadCounter.table","NW_015090842.1:10127063",22,49,27
"ZNF276","s1650_F_TNA_03_ASEReadCounter.table","NW_015090842.1:10127373",15,37,22
"ZNF276","s1650_F_TNA_03_ASEReadCounter.table","NW_015090842.1:10127931",27,57,30
"ZNF276","s1650_F_TNA_03_ASEReadCounter.table","NW_015090842.1:10128070",21,46,25
"ZNF276","s1650_F_TNA_03_ASEReadCounter.table","NW_015090842.1:10128102",26,45,19
"ZNF276","s1650_F_TNA_03_ASEReadCounter.table","NW_015090842.1:10128356",27,55,28
"ZNF276","s1650_F_TNA_03_ASEReadCounter.table","NW_015090842.1:10128497",26,48,22
"FANCA","s1650_F_TNA_03_ASEReadCounter.table","NW_015090842.1:10128743",3,4,1
"FANCA","s1650_F_TNA_03_ASEReadCounter.table","NW_015090842.1:10128822",3,4,1
"FANCA","s1650_F_TNA_03_ASEReadCounter.table","NW_015090842.1:10129383",2,2,0
"FANCA","s1650_F_TNA_03_ASEReadCounter.table","NW_015090842.1:10129390",3,3,0
"FANCA","s1650_F_TNA_03_ASEReadCounter.table","NW_015090842.1:10129422",3,3,0
"FANCA","s1650_F_TNA_03_ASEReadCounter.table","NW_015090842.1:10129969",0,1,1
"FANCA","s1650_F_TNA_03_ASEReadCounter.table","NW_015090842.1:10130399",1,2,1
"FANCA","s1650_F_TNA_03_ASEReadCounter.table","NW_015090842.1:10130857",0,1,1
"FANCA","s1650_F_TNA_03_ASEReadCounter.table","NW_015090842.1:10130878",0,1,1
"FANCA","s1650_F_TNA_03_ASEReadCounter.table","NW_015090842.1:10133530",0,2,2
"FANCA","s1650_F_TNA_03_ASEReadCounter.table","NW_015090842.1:10133533",0,2,2
"FANCA","s1650_F_TNA_03_ASEReadCounter.table","NW_015090842.1:10133536",0,2,2
"FANCA","s1650_F_TNA_03_ASEReadCounter.table","NW_015090842.1:10133601",1,1,0
"FANCA","s1650_F_TNA_03_ASEReadCounter.table","NW_015090842.1:10136957",1,4,3
"FANCA","s1650_F_TNA_03_ASEReadCounter.table","NW_015090842.1:10136982",1,3,2
"FANCA","s1650_F_TNA_03_ASEReadCounter.table","NW_015090842.1:10136999",1,1,0
"FANCA","s1650_F_TNA_03_ASEReadCounter.table","NW_015090842.1:10137019",1,1,0
"FANCA","s1650_F_TNA_03_ASEReadCounter.table","NW_015090842.1:10137673",0,1,1
"FANCA","s1650_F_TNA_03_ASEReadCounter.table","NW_015090842.1:10139140",1,1,0
"FANCA","s1650_F_TNA_03_ASEReadCounter.table","NW_015090842.1:10145030",0,1,1
"FANCA","s1650_F_TNA_03_ASEReadCounter.table","NW_015090842.1:10154490",1,1,0
"SPIRE2","s1650_F_TNA_03_ASEReadCounter.table","NW_015090842.1:10172284",15,22,7
"SPIRE2","s1650_F_TNA_03_ASEReadCounter.table","NW_015090842.1:10175262",28,50,22
"SPIRE2","s1650_F_TNA_03_ASEReadCounter.table","NW_015090842.1:10175352",15,24,9
"SPIRE2","s1650_F_TNA_03_ASEReadCounter.table","NW_015090842.1:10175400",54,98,44
"SPIRE2","s1650_F_TNA_03_ASEReadCounter.table","NW_015090842.1:10175418",62,110,48
"SPIRE2","s1650_F_TNA_03_ASEReadCounter.table","NW_015090842.1:10175704",67,119,52
"SPIRE2","s1650_F_TNA_03_ASEReadCounter.table","NW_015090842.1:10176115",82,155,73
"SPIRE2","s1650_F_TNA_03_ASEReadCounter.table","NW_015090842.1:10176561",80,177,97
"SPIRE2","s1650_F_TNA_03_ASEReadCounter.table","NW_015090842.1:10176817",72,167,95
"SPIRE2","s1650_F_TNA_03_ASEReadCounter.table","NW_015090842.1:10177084",51,107,56
"SPIRE2","s1650_F_TNA_03_ASEReadCounter.table","NW_015090842.1:10177110",57,112,55
"SPIRE2","s1650_F_TNA_03_ASEReadCounter.table","NW_015090842.1:10177838",101,217,116
"SPIRE2","s1650_F_TNA_03_ASEReadCounter.table","NW_015090842.1:10178000",116,226,110
"SPIRE2","s1650_F_TNA_03_ASEReadCounter.table","NW_015090842.1:10178164",126,232,106
"SPIRE2","s1650_F_TNA_03_ASEReadCounter.table","NW_015090842.1:10178216",132,260,128
"SPIRE2","s1650_F_TNA_03_ASEReadCounter.table","NW_015090842.1:10178403",113,235,122
"SPIRE2","s1650_F_TNA_03_ASEReadCounter.table","NW_015090842.1:10178409",117,238,121
"SPIRE2","s1650_F_TNA_03_ASEReadCounter.table","NW_015090842.1:10178524",121,254,133
"SPIRE2","s1650_F_TNA_03_ASEReadCounter.table","NW_015090842.1:10178526",122,260,138
"SPIRE2","s1650_F_TNA_03_ASEReadCounter.table","NW_015090842.1:10178531",123,259,136
"SPIRE2","s1650_F_TNA_03_ASEReadCounter.table","NW_015090842.1:10178565",116,250,134
"SPIRE2","s1650_F_TNA_03_ASEReadCounter.table","NW_015090842.1:10178587",106,223,117
"SPIRE2","s1650_F_TNA_03_ASEReadCounter.table","NW_015090842.1:10178640",81,173,92
"SPIRE2","s1650_F_TNA_03_ASEReadCounter.table","NW_015090842.1:10178651",87,186,99
"SPIRE2","s1650_F_TNA_03_ASEReadCounter.table","NW_015090842.1:10178682",75,146,71
"TCF25","s1650_F_TNA_03_ASEReadCounter.table","NW_015090842.1:10180912",31,49,18
"TCF25","s1650_F_TNA_03_ASEReadCounter.table","NW_015090842.1:10180924",30,49,19
"TCF25","s1650_F_TNA_03_ASEReadCounter.table","NW_015090842.1:10180931",29,48,19
"TCF25","s1650_F_TNA_03_ASEReadCounter.table","NW_015090842.1:10185332",89,170,81
"TCF25","s1650_F_TNA_03_ASEReadCounter.table","NW_015090842.1:10188816",51,100,49
"MC1R","s1650_F_TNA_03_ASEReadCounter.table","NW_015090842.1:10202160",0,1,1
"MC1R","s1650_F_TNA_03_ASEReadCounter.table","NW_015090842.1:10202460",4,4,0
"MC1R","s1650_F_TNA_03_ASEReadCounter.table","NW_015090842.1:10202465",4,4,0
"DBNDD1","s1650_F_TNA_03_ASEReadCounter.table","NW_015090842.1:10223105",42,98,56
"GAS8","s1650_F_TNA_03_ASEReadCounter.table","NW_015090842.1:10228982",13,33,20
"GAS8","s1650_F_TNA_03_ASEReadCounter.table","NW_015090842.1:10229832",12,28,16
"GAS8","s1650_F_TNA_03_ASEReadCounter.table","NW_015090842.1:10232375",12,29,17
"GAS8","s1650_F_TNA_03_ASEReadCounter.table","NW_015090842.1:10232901",17,45,28
"GAS8","s1650_F_TNA_03_ASEReadCounter.table","NW_015090842.1:10232928",21,43,22
"GAS8","s1650_F_TNA_03_ASEReadCounter.table","NW_015090842.1:10232967",17,38,21
"GAS8","s1650_F_TNA_03_ASEReadCounter.table","NW_015090842.1:10233032",20,41,21
"GAS8","s1650_F_TNA_03_ASEReadCounter.table","NW_015090842.1:10233057",20,38,18
"GAS8","s1650_F_TNA_03_ASEReadCounter.table","NW_015090842.1:10233058",20,38,18
"GAS8","s1650_F_TNA_03_ASEReadCounter.table","NW_015090842.1:10233176",16,30,14
"GAS8","s1650_F_TNA_03_ASEReadCounter.table","NW_015090842.1:10233196",17,32,15
"GAS8","s1650_F_TNA_03_ASEReadCounter.table","NW_015090842.1:10233252",8,20,12
"GAS8","s1650_F_TNA_03_ASEReadCounter.table","NW_015090842.1:10233303",4,12,8
"LOC106888094","s1650_F_TNA_03_ASEReadCounter.table","NW_015090842.1:10233334",2,7,5
"LOC106888094","s1650_F_TNA_03_ASEReadCounter.table","NW_015090842.1:10233362",5,12,7
"LOC106888094","s1650_F_TNA_03_ASEReadCounter.table","NW_015090842.1:10233373",6,16,10
"LOC106888094","s1650_F_TNA_03_ASEReadCounter.table","NW_015090842.1:10233388",6,14,8
"LOC106888094","s1650_F_TNA_03_ASEReadCounter.table","NW_015090842.1:10233402",7,14,7
"LOC106888094","s1650_F_TNA_03_ASEReadCounter.table","NW_015090842.1:10233465",11,22,11
"LOC106888094","s1650_F_TNA_03_ASEReadCounter.table","NW_015090842.1:10233803",13,24,11
"LOC106888094","s1650_F_TNA_03_ASEReadCounter.table","NW_015090842.1:10233815",14,24,10
"LOC106888094","s1650_F_TNA_03_ASEReadCounter.table","NW_015090842.1:10236098",1,2,1
"LOC106888094","s1650_F_TNA_03_ASEReadCounter.table","NW_015090842.1:10236380",0,2,2
"LOC106888094","s1650_F_TNA_03_ASEReadCounter.table","NW_015090842.1:10236388",0,2,2
"LOC106888094","s1650_F_TNA_03_ASEReadCounter.table","NW_015090842.1:10236425",0,1,1
"LOC106888094","s1650_F_TNA_03_ASEReadCounter.table","NW_015090842.1:10236426",0,1,1
"LOC106888173","s1650_F_TNA_03_ASEReadCounter.table","NW_015090842.1:10239596",0,6,6
"LOC106888173","s1650_F_TNA_03_ASEReadCounter.table","NW_015090842.1:10240036",0,13,13
"LOC106888173","s1650_F_TNA_03_ASEReadCounter.table","NW_015090842.1:10240095",1,20,19
"LOC106888173","s1650_F_TNA_03_ASEReadCounter.table","NW_015090842.1:10240280",0,12,12
"LOC106888173","s1650_F_TNA_03_ASEReadCounter.table","NW_015090842.1:10240557",0,17,17
"LOC106888173","s1650_F_TNA_03_ASEReadCounter.table","NW_015090842.1:10240603",0,17,17
"LOC106888173","s1650_F_TNA_03_ASEReadCounter.table","NW_015090842.1:10240609",0,19,19
"LOC106888173","s1650_F_TNA_03_ASEReadCounter.table","NW_015090842.1:10240690",1,16,15
"LOC106888173","s1650_F_TNA_03_ASEReadCounter.table","NW_015090842.1:10240924",1,15,14
"LOC106888173","s1650_F_TNA_03_ASEReadCounter.table","NW_015090842.1:10241037",2,18,16
"LOC106888173","s1650_F_TNA_03_ASEReadCounter.table","NW_015090842.1:10241046",2,17,15
"LOC106888173","s1650_F_TNA_03_ASEReadCounter.table","NW_015090842.1:10241058",2,20,18
"LOC106888173","s1650_F_TNA_03_ASEReadCounter.table","NW_015090842.1:10241064",2,19,17
"LOC106888173","s1650_F_TNA_03_ASEReadCounter.table","NW_015090842.1:10241103",18,18,0
"LOC106888173","s1650_F_TNA_03_ASEReadCounter.table","NW_015090842.1:10241163",0,23,23
"LOC106888173","s1650_F_TNA_03_ASEReadCounter.table","NW_015090842.1:10241803",1,22,21
"LOC106888173","s1650_F_TNA_03_ASEReadCounter.table","NW_015090842.1:10241827",1,21,20
"LOC106888173","s1650_F_TNA_03_ASEReadCounter.table","NW_015090842.1:10241869",1,23,22
"LOC106888173","s1650_F_TNA_03_ASEReadCounter.table","NW_015090842.1:10242079",2,25,23
"LOC106888173","s1650_F_TNA_03_ASEReadCounter.table","NW_015090842.1:10242103",2,26,24
"LOC106888173","s1650_F_TNA_03_ASEReadCounter.table","NW_015090842.1:10242157",1,30,29
"LOC106888173","s1650_F_TNA_03_ASEReadCounter.table","NW_015090842.1:10242455",2,26,24
"LOC106888173","s1650_F_TNA_03_ASEReadCounter.table","NW_015090842.1:10242481",4,31,27
"LOC106888173","s1650_F_TNA_03_ASEReadCounter.table","NW_015090842.1:10242590",3,28,25
"LOC106888173","s1650_F_TNA_03_ASEReadCounter.table","NW_015090842.1:10242794",1,20,19
"LOC106888173","s1650_F_TNA_03_ASEReadCounter.table","NW_015090842.1:10242909",2,25,23
"LOC106888173","s1650_F_TNA_03_ASEReadCounter.table","NW_015090842.1:10243094",3,26,23
"LOC106888173","s1650_F_TNA_03_ASEReadCounter.table","NW_015090842.1:10243133",3,24,21
"LOC106888173","s1650_F_TNA_03_ASEReadCounter.table","NW_015090842.1:10243273",1,41,40
"LOC106888173","s1650_F_TNA_03_ASEReadCounter.table","NW_015090842.1:10243278",1,38,37
"LOC106888173","s1650_F_TNA_03_ASEReadCounter.table","NW_015090842.1:10243281",1,38,37
"LOC106888173","s1650_F_TNA_03_ASEReadCounter.table","NW_015090842.1:10243347",16,16,0
"LOC106888173","s1650_F_TNA_03_ASEReadCounter.table","NW_015090842.1:10243353",0,14,14
"LOC106888173","s1650_F_TNA_03_ASEReadCounter.table","NW_015090842.1:10243363",0,11,11
"LOC106888173","s1650_F_TNA_03_ASEReadCounter.table","NW_015090842.1:10243365",0,13,13
"LOC106888173","s1650_F_TNA_03_ASEReadCounter.table","NW_015090842.1:10243566",2,34,32
"LOC106888173","s1650_F_TNA_03_ASEReadCounter.table","NW_015090842.1:10243605",3,35,32
"LOC106888173","s1650_F_TNA_03_ASEReadCounter.table","NW_015090842.1:10243614",2,36,34
"LOC106888173","s1650_F_TNA_03_ASEReadCounter.table","NW_015090842.1:10243615",2,36,34
"LOC106888173","s1650_F_TNA_03_ASEReadCounter.table","NW_015090842.1:10243640",2,34,32
"LOC106888173","s1650_F_TNA_03_ASEReadCounter.table","NW_015090842.1:10243680",2,30,28
"LOC106888173","s1650_F_TNA_03_ASEReadCounter.table","NW_015090842.1:10243742",2,42,40
"LOC106888173","s1650_F_TNA_03_ASEReadCounter.table","NW_015090842.1:10243804",0,26,26
"LOC106888173","s1650_F_TNA_03_ASEReadCounter.table","NW_015090842.1:10243913",1,15,14
"LOC106888173","s1650_F_TNA_03_ASEReadCounter.table","NW_015090842.1:10243921",0,11,11
"LOC106888384","s1650_F_TNA_03_ASEReadCounter.table","NW_015090842.1:10251354",0,1,1
"LOC106888384","s1650_F_TNA_03_ASEReadCounter.table","NW_015090842.1:10251358",0,1,1
"LOC106888384","s1650_F_TNA_03_ASEReadCounter.table","NW_015090842.1:10251369",0,1,1
"LOC106888384","s1650_F_TNA_03_ASEReadCounter.table","NW_015090842.1:10251370",0,1,1
"LOC106888384","s1650_F_TNA_03_ASEReadCounter.table","NW_015090842.1:10251375",0,1,1
"LOC106888384","s1650_F_TNA_03_ASEReadCounter.table","NW_015090842.1:10251388",0,1,1
"LOC106888384","s1650_F_TNA_03_ASEReadCounter.table","NW_015090842.1:10251390",0,1,1
"LOC106888384","s1650_F_TNA_03_ASEReadCounter.table","NW_015090842.1:10251393",0,1,1
"LOC106888384","s1650_F_TNA_03_ASEReadCounter.table","NW_015090842.1:10251399",0,1,1
"LOC106888384","s1650_F_TNA_03_ASEReadCounter.table","NW_015090842.1:10251492",1,1,0
"LOC106888384","s1650_F_TNA_03_ASEReadCounter.table","NW_015090842.1:10253165",0,1,1
"LOC106888384","s1650_F_TNA_03_ASEReadCounter.table","NW_015090842.1:10254028",0,1,1
"LOC106888384","s1650_F_TNA_03_ASEReadCounter.table","NW_015090842.1:10254840",0,1,1
"LOC106888384","s1650_F_TNA_03_ASEReadCounter.table","NW_015090842.1:10255340",1,1,0
"LOC106888384","s1650_F_TNA_03_ASEReadCounter.table","NW_015090842.1:10255410",1,1,0
"LOC106888384","s1650_F_TNA_03_ASEReadCounter.table","NW_015090842.1:10255449",1,1,0
"LOC106888384","s1650_F_TNA_03_ASEReadCounter.table","NW_015090842.1:10255704",3,3,0
"LOC106888384","s1650_F_TNA_03_ASEReadCounter.table","NW_015090842.1:10255731",3,3,0
"LOC106888384","s1650_F_TNA_03_ASEReadCounter.table","NW_015090842.1:10255771",2,2,0
"TANGO6","s1650_F_TNA_03_ASEReadCounter.table","NW_015090842.1:10257782",2,7,5
"TANGO6","s1650_F_TNA_03_ASEReadCounter.table","NW_015090842.1:10258162",3,6,3
"TANGO6","s1650_F_TNA_03_ASEReadCounter.table","NW_015090842.1:10258185",4,6,2
"TANGO6","s1650_F_TNA_03_ASEReadCounter.table","NW_015090842.1:10259267",4,8,4
"TANGO6","s1650_F_TNA_03_ASEReadCounter.table","NW_015090842.1:10260250",12,32,20
"TANGO6","s1650_F_TNA_03_ASEReadCounter.table","NW_015090842.1:10260289",7,29,22
"TANGO6","s1650_F_TNA_03_ASEReadCounter.table","NW_015090842.1:10260309",6,25,19
"TANGO6","s1650_F_TNA_03_ASEReadCounter.table","NW_015090842.1:10260979",9,15,6
"TANGO6","s1650_F_TNA_03_ASEReadCounter.table","NW_015090842.1:10261599",10,15,5
"TANGO6","s1650_F_TNA_03_ASEReadCounter.table","NW_015090842.1:10268425",21,42,21
"TANGO6","s1650_F_TNA_03_ASEReadCounter.table","NW_015090842.1:10269831",22,37,15
"TANGO6","s1650_F_TNA_03_ASEReadCounter.table","NW_015090842.1:10270813",12,30,18
"TANGO6","s1650_F_TNA_03_ASEReadCounter.table","NW_015090842.1:10274018",11,23,12
"TANGO6","s1650_F_TNA_03_ASEReadCounter.table","NW_015090842.1:10275974",16,32,16
"TANGO6","s1650_F_TNA_03_ASEReadCounter.table","NW_015090842.1:10275976",17,32,15
"TANGO6","s1650_F_TNA_03_ASEReadCounter.table","NW_015090842.1:10276123",17,29,12
"TANGO6","s1650_F_TNA_03_ASEReadCounter.table","NW_015090842.1:10276271",15,32,17
"TANGO6","s1650_F_TNA_03_ASEReadCounter.table","NW_015090842.1:10276272",14,31,17
"TANGO6","s1650_F_TNA_03_ASEReadCounter.table","NW_015090842.1:10276275",15,30,15
"TANGO6","s1650_F_TNA_03_ASEReadCounter.table","NW_015090842.1:10276278",13,28,15
"TANGO6","s1650_F_TNA_03_ASEReadCounter.table","NW_015090842.1:10276368",12,23,11
"TANGO6","s1650_F_TNA_03_ASEReadCounter.table","NW_015090842.1:10276373",11,21,10
"TANGO6","s1650_F_TNA_03_ASEReadCounter.table","NW_015090842.1:10276630",22,40,18
"TANGO6","s1650_F_TNA_03_ASEReadCounter.table","NW_015090842.1:10281498",19,35,16
"TANGO6","s1650_F_TNA_03_ASEReadCounter.table","NW_015090842.1:10281516",24,44,20
"TANGO6","s1650_F_TNA_03_ASEReadCounter.table","NW_015090842.1:10282842",22,47,25
"TANGO6","s1650_F_TNA_03_ASEReadCounter.table","NW_015090842.1:10282863",19,37,18
"TANGO6","s1650_F_TNA_03_ASEReadCounter.table","NW_015090842.1:10282869",19,37,18
"TANGO6","s1650_F_TNA_03_ASEReadCounter.table","NW_015090842.1:10282903",18,41,23
"TANGO6","s1650_F_TNA_03_ASEReadCounter.table","NW_015090842.1:10283757",33,59,26
"TANGO6","s1650_F_TNA_03_ASEReadCounter.table","NW_015090842.1:10283785",31,60,29
"HAS3","s1650_F_TNA_03_ASEReadCounter.table","NW_015090842.1:10288266",2,3,1
"HAS3","s1650_F_TNA_03_ASEReadCounter.table","NW_015090842.1:10288274",2,3,1
"HAS3","s1650_F_TNA_03_ASEReadCounter.table","NW_015090842.1:10288364",1,3,2
"HAS3","s1650_F_TNA_03_ASEReadCounter.table","NW_015090842.1:10289269",0,2,2
"HAS3","s1650_F_TNA_03_ASEReadCounter.table","NW_015090842.1:10289272",0,2,2
"HAS3","s1650_F_TNA_03_ASEReadCounter.table","NW_015090842.1:10289469",1,5,4
"HAS3","s1650_F_TNA_03_ASEReadCounter.table","NW_015090842.1:10290375",1,2,1
"HAS3","s1650_F_TNA_03_ASEReadCounter.table","NW_015090842.1:10290395",1,3,2
"HAS3","s1650_F_TNA_03_ASEReadCounter.table","NW_015090842.1:10290439",1,2,1
"HAS3","s1650_F_TNA_03_ASEReadCounter.table","NW_015090842.1:10290561",1,4,3
"HAS3","s1650_F_TNA_03_ASEReadCounter.table","NW_015090842.1:10290609",2,4,2
"HAS3","s1650_F_TNA_03_ASEReadCounter.table","NW_015090842.1:10290666",2,2,0
"HAS3","s1650_F_TNA_03_ASEReadCounter.table","NW_015090842.1:10290723",2,3,1
"HAS3","s1650_F_TNA_03_ASEReadCounter.table","NW_015090842.1:10290927",5,8,3
"HAS3","s1650_F_TNA_03_ASEReadCounter.table","NW_015090842.1:10291004",4,6,2
"CHTF8","s1650_F_TNA_03_ASEReadCounter.table","NW_015090842.1:10291319",4,7,3
"CHTF8","s1650_F_TNA_03_ASEReadCounter.table","NW_015090842.1:10291491",7,12,5
"CHTF8","s1650_F_TNA_03_ASEReadCounter.table","NW_015090842.1:10291520",7,13,6
"CHTF8","s1650_F_TNA_03_ASEReadCounter.table","NW_015090842.1:10291593",5,10,5
"CHTF8","s1650_F_TNA_03_ASEReadCounter.table","NW_015090842.1:10291600",4,9,5
"CHTF8","s1650_F_TNA_03_ASEReadCounter.table","NW_015090842.1:10291609",3,8,5
"CHTF8","s1650_F_TNA_03_ASEReadCounter.table","NW_015090842.1:10291639",7,10,3
"CHTF8","s1650_F_TNA_03_ASEReadCounter.table","NW_015090842.1:10291641",7,10,3
"CHTF8","s1650_F_TNA_03_ASEReadCounter.table","NW_015090842.1:10291648",7,10,3
"CHTF8","s1650_F_TNA_03_ASEReadCounter.table","NW_015090842.1:10291656",6,10,4
"CHTF8","s1650_F_TNA_03_ASEReadCounter.table","NW_015090842.1:10291675",7,12,5
"CHTF8","s1650_F_TNA_03_ASEReadCounter.table","NW_015090842.1:10291696",7,11,4
"CHTF8","s1650_F_TNA_03_ASEReadCounter.table","NW_015090842.1:10291714",5,9,4
"CHTF8","s1650_F_TNA_03_ASEReadCounter.table","NW_015090842.1:10291732",3,7,4
"CHTF8","s1650_F_TNA_03_ASEReadCounter.table","NW_015090842.1:10291755",4,5,1
"CHTF8","s1650_F_TNA_03_ASEReadCounter.table","NW_015090842.1:10291756",4,5,1
"CHTF8","s1650_F_TNA_03_ASEReadCounter.table","NW_015090842.1:10291758",4,5,1
"CHTF8","s1650_F_TNA_03_ASEReadCounter.table","NW_015090842.1:10291792",5,7,2
"CHTF8","s1650_F_TNA_03_ASEReadCounter.table","NW_015090842.1:10291895",5,6,1
"CHTF8","s1650_F_TNA_03_ASEReadCounter.table","NW_015090842.1:10292132",5,10,5
"CHTF8","s1650_F_TNA_03_ASEReadCounter.table","NW_015090842.1:10292314",5,5,0
"CHTF8","s1650_F_TNA_03_ASEReadCounter.table","NW_015090842.1:10292317",5,5,0
"CHTF8","s1650_F_TNA_03_ASEReadCounter.table","NW_015090842.1:10292928",4,4,0
"UTP4","s1650_F_TNA_03_ASEReadCounter.table","NW_015090842.1:10293146",9,18,9
"UTP4","s1650_F_TNA_03_ASEReadCounter.table","NW_015090842.1:10293151",8,17,9
"UTP4","s1650_F_TNA_03_ASEReadCounter.table","NW_015090842.1:10293191",6,14,8
"UTP4","s1650_F_TNA_03_ASEReadCounter.table","NW_015090842.1:10293362",9,15,6
"UTP4","s1650_F_TNA_03_ASEReadCounter.table","NW_015090842.1:10293430",8,14,6
"UTP4","s1650_F_TNA_03_ASEReadCounter.table","NW_015090842.1:10293625",11,24,13
"UTP4","s1650_F_TNA_03_ASEReadCounter.table","NW_015090842.1:10293684",17,28,11
"UTP4","s1650_F_TNA_03_ASEReadCounter.table","NW_015090842.1:10294093",9,15,6
"UTP4","s1650_F_TNA_03_ASEReadCounter.table","NW_015090842.1:10294622",10,18,8
"UTP4","s1650_F_TNA_03_ASEReadCounter.table","NW_015090842.1:10294632",10,19,9
"UTP4","s1650_F_TNA_03_ASEReadCounter.table","NW_015090842.1:10295238",11,21,10
"UTP4","s1650_F_TNA_03_ASEReadCounter.table","NW_015090842.1:10295880",10,22,12
"UTP4","s1650_F_TNA_03_ASEReadCounter.table","NW_015090842.1:10295884",10,23,13
"UTP4","s1650_F_TNA_03_ASEReadCounter.table","NW_015090842.1:10295903",12,22,10
"UTP4","s1650_F_TNA_03_ASEReadCounter.table","NW_015090842.1:10295906",10,19,9
"UTP4","s1650_F_TNA_03_ASEReadCounter.table","NW_015090842.1:10295915",9,20,11
"UTP4","s1650_F_TNA_03_ASEReadCounter.table","NW_015090842.1:10295938",9,17,8
"UTP4","s1650_F_TNA_03_ASEReadCounter.table","NW_015090842.1:10296175",12,24,12
"UTP4","s1650_F_TNA_03_ASEReadCounter.table","NW_015090842.1:10296660",16,28,12
"UTP4","s1650_F_TNA_03_ASEReadCounter.table","NW_015090842.1:10296679",14,29,15
"UTP4","s1650_F_TNA_03_ASEReadCounter.table","NW_015090842.1:10297193",21,41,20
"UTP4","s1650_F_TNA_03_ASEReadCounter.table","NW_015090842.1:10297220",17,41,24
"UTP4","s1650_F_TNA_03_ASEReadCounter.table","NW_015090842.1:10297307",21,43,22
"UTP4","s1650_F_TNA_03_ASEReadCounter.table","NW_015090842.1:10297558",26,48,22
"UTP4","s1650_F_TNA_03_ASEReadCounter.table","NW_015090842.1:10297943",23,50,27
"UTP4","s1650_F_TNA_03_ASEReadCounter.table","NW_015090842.1:10297979",26,53,27
"UTP4","s1650_F_TNA_03_ASEReadCounter.table","NW_015090842.1:10298022",19,41,22
"UTP4","s1650_F_TNA_03_ASEReadCounter.table","NW_015090842.1:10298079",4,13,9
"UTP4","s1650_F_TNA_03_ASEReadCounter.table","NW_015090842.1:10298081",4,12,8
"UTP4","s1650_F_TNA_03_ASEReadCounter.table","NW_015090842.1:10298082",4,13,9
"SNTB2","s1650_F_TNA_03_ASEReadCounter.table","NW_015090842.1:10303506",4,10,6
"SNTB2","s1650_F_TNA_03_ASEReadCounter.table","NW_015090842.1:10303524",4,9,5
"SNTB2","s1650_F_TNA_03_ASEReadCounter.table","NW_015090842.1:10304059",2,6,4
"SNTB2","s1650_F_TNA_03_ASEReadCounter.table","NW_015090842.1:10304089",0,4,4
"SNTB2","s1650_F_TNA_03_ASEReadCounter.table","NW_015090842.1:10304167",1,4,3
"SNTB2","s1650_F_TNA_03_ASEReadCounter.table","NW_015090842.1:10304176",1,4,3
"SNTB2","s1650_F_TNA_03_ASEReadCounter.table","NW_015090842.1:10305069",4,5,1
"SNTB2","s1650_F_TNA_03_ASEReadCounter.table","NW_015090842.1:10305099",6,9,3
"SNTB2","s1650_F_TNA_03_ASEReadCounter.table","NW_015090842.1:10305171",5,8,3
"SNTB2","s1650_F_TNA_03_ASEReadCounter.table","NW_015090842.1:10305177",6,9,3
"SNTB2","s1650_F_TNA_03_ASEReadCounter.table","NW_015090842.1:10305451",3,4,1
"SNTB2","s1650_F_TNA_03_ASEReadCounter.table","NW_015090842.1:10305547",2,5,3
"SNTB2","s1650_F_TNA_03_ASEReadCounter.table","NW_015090842.1:10305847",4,9,5
"SNTB2","s1650_F_TNA_03_ASEReadCounter.table","NW_015090842.1:10306173",3,7,4
"SNTB2","s1650_F_TNA_03_ASEReadCounter.table","NW_015090842.1:10306275",5,9,4
"SNTB2","s1650_F_TNA_03_ASEReadCounter.table","NW_015090842.1:10306457",7,12,5
"SNTB2","s1650_F_TNA_03_ASEReadCounter.table","NW_015090842.1:10306496",6,10,4
"SNTB2","s1650_F_TNA_03_ASEReadCounter.table","NW_015090842.1:10306499",6,9,3
"VPS4A","s1650_F_TNA_03_ASEReadCounter.table","NW_015090842.1:10308566",63,122,59
"VPS4A","s1650_F_TNA_03_ASEReadCounter.table","NW_015090842.1:10308573",68,129,61
"VPS4A","s1650_F_TNA_03_ASEReadCounter.table","NW_015090842.1:10308856",77,177,100
"VPS4A","s1650_F_TNA_03_ASEReadCounter.table","NW_015090842.1:10309056",110,238,128
"VPS4A","s1650_F_TNA_03_ASEReadCounter.table","NW_015090842.1:10309089",136,266,130
"VPS4A","s1650_F_TNA_03_ASEReadCounter.table","NW_015090842.1:10309392",121,251,130
"VPS4A","s1650_F_TNA_03_ASEReadCounter.table","NW_015090842.1:10309413",122,244,122
"VPS4A","s1650_F_TNA_03_ASEReadCounter.table","NW_015090842.1:10309467",141,274,133
"VPS4A","s1650_F_TNA_03_ASEReadCounter.table","NW_015090842.1:10310230",169,354,185
"VPS4A","s1650_F_TNA_03_ASEReadCounter.table","NW_015090842.1:10310425",149,304,155
"VPS4A","s1650_F_TNA_03_ASEReadCounter.table","NW_015090842.1:10310639",149,328,179
"VPS4A","s1650_F_TNA_03_ASEReadCounter.table","NW_015090842.1:10310734",158,308,150
"VPS4A","s1650_F_TNA_03_ASEReadCounter.table","NW_015090842.1:10310737",157,309,152
"VPS4A","s1650_F_TNA_03_ASEReadCounter.table","NW_015090842.1:10310746",157,314,157
"VPS4A","s1650_F_TNA_03_ASEReadCounter.table","NW_015090842.1:10310767",164,320,156
"VPS4A","s1650_F_TNA_03_ASEReadCounter.table","NW_015090842.1:10310995",175,352,177
"VPS4A","s1650_F_TNA_03_ASEReadCounter.table","NW_015090842.1:10311004",169,340,171
"VPS4A","s1650_F_TNA_03_ASEReadCounter.table","NW_015090842.1:10311007",179,357,178
"VPS4A","s1650_F_TNA_03_ASEReadCounter.table","NW_015090842.1:10311013",187,362,175
"VPS4A","s1650_F_TNA_03_ASEReadCounter.table","NW_015090842.1:10311022",173,346,173
"VPS4A","s1650_F_TNA_03_ASEReadCounter.table","NW_015090842.1:10311023",173,346,173
"VPS4A","s1650_F_TNA_03_ASEReadCounter.table","NW_015090842.1:10311426",185,376,191
"VPS4A","s1650_F_TNA_03_ASEReadCounter.table","NW_015090842.1:10311489",2,12,10
"VPS4A","s1650_F_TNA_03_ASEReadCounter.table","NW_015090842.1:10311490",2,8,6
"VPS4A","s1650_F_TNA_03_ASEReadCounter.table","NW_015090842.1:10311525",22,35,13
"VPS4A","s1650_F_TNA_03_ASEReadCounter.table","NW_015090842.1:10311529",23,43,20
"VPS4A","s1650_F_TNA_03_ASEReadCounter.table","NW_015090842.1:10311530",23,44,21
"VPS4A","s1650_F_TNA_03_ASEReadCounter.table","NW_015090842.1:10311552",96,126,30
"VPS4A","s1650_F_TNA_03_ASEReadCounter.table","NW_015090842.1:10311689",104,151,47
"VPS4A","s1650_F_TNA_03_ASEReadCounter.table","NW_015090842.1:10311700",116,160,44
"VPS4A","s1650_F_TNA_03_ASEReadCounter.table","NW_015090842.1:10311701",115,162,47
"VPS4A","s1650_F_TNA_03_ASEReadCounter.table","NW_015090842.1:10311703",116,163,47
"COG8","s1650_F_TNA_03_ASEReadCounter.table","NW_015090842.1:10313487",9,30,21
"COG8","s1650_F_TNA_03_ASEReadCounter.table","NW_015090842.1:10313559",13,35,22
"COG8","s1650_F_TNA_03_ASEReadCounter.table","NW_015090842.1:10313579",16,33,17
"COG8","s1650_F_TNA_03_ASEReadCounter.table","NW_015090842.1:10313665",15,34,19
"COG8","s1650_F_TNA_03_ASEReadCounter.table","NW_015090842.1:10313681",14,39,25
"COG8","s1650_F_TNA_03_ASEReadCounter.table","NW_015090842.1:10313768",29,45,16
"COG8","s1650_F_TNA_03_ASEReadCounter.table","NW_015090842.1:10313775",30,42,12
"COG8","s1650_F_TNA_03_ASEReadCounter.table","NW_015090842.1:10313811",22,34,12
"COG8","s1650_F_TNA_03_ASEReadCounter.table","NW_015090842.1:10313858",13,27,14
"COG8","s1650_F_TNA_03_ASEReadCounter.table","NW_015090842.1:10314100",17,34,17
"COG8","s1650_F_TNA_03_ASEReadCounter.table","NW_015090842.1:10314213",13,32,19
"COG8","s1650_F_TNA_03_ASEReadCounter.table","NW_015090842.1:10315093",8,25,17
"COG8","s1650_F_TNA_03_ASEReadCounter.table","NW_015090842.1:10315162",9,17,8
"COG8","s1650_F_TNA_03_ASEReadCounter.table","NW_015090842.1:10315285",18,32,14
"COG8","s1650_F_TNA_03_ASEReadCounter.table","NW_015090842.1:10315360",14,22,8
"COG8","s1650_F_TNA_03_ASEReadCounter.table","NW_015090842.1:10315369",14,22,8
"COG8","s1650_F_TNA_03_ASEReadCounter.table","NW_015090842.1:10315504",9,16,7
"COG8","s1650_F_TNA_03_ASEReadCounter.table","NW_015090842.1:10315508",9,16,7
"COG8","s1650_F_TNA_03_ASEReadCounter.table","NW_015090842.1:10315624",13,28,15
"COG8","s1650_F_TNA_03_ASEReadCounter.table","NW_015090842.1:10315693",6,10,4
"COG8","s1650_F_TNA_03_ASEReadCounter.table","NW_015090842.1:10315698",5,10,5
"COG8","s1650_F_TNA_03_ASEReadCounter.table","NW_015090842.1:10315768",4,12,8
"COG8","s1650_F_TNA_03_ASEReadCounter.table","NW_015090842.1:10315769",4,11,7
"COG8","s1650_F_TNA_03_ASEReadCounter.table","NW_015090842.1:10315784",9,15,6
"COG8","s1650_F_TNA_03_ASEReadCounter.table","NW_015090842.1:10316093",1,8,7
"COG8","s1650_F_TNA_03_ASEReadCounter.table","NW_015090842.1:10316133",2,7,5
"NIP7","s1650_F_TNA_03_ASEReadCounter.table","NW_015090842.1:10316759",19,38,19
"NIP7","s1650_F_TNA_03_ASEReadCounter.table","NW_015090842.1:10316967",110,220,110
"NIP7","s1650_F_TNA_03_ASEReadCounter.table","NW_015090842.1:10316995",135,258,123
"NIP7","s1650_F_TNA_03_ASEReadCounter.table","NW_015090842.1:10317240",169,301,132
"NIP7","s1650_F_TNA_03_ASEReadCounter.table","NW_015090842.1:10317247",162,289,127
"NIP7","s1650_F_TNA_03_ASEReadCounter.table","NW_015090842.1:10317264",162,295,133
"NIP7","s1650_F_TNA_03_ASEReadCounter.table","NW_015090842.1:10317433",192,379,187
"NIP7","s1650_F_TNA_03_ASEReadCounter.table","NW_015090842.1:10317738",177,348,171
"NIP7","s1650_F_TNA_03_ASEReadCounter.table","NW_015090842.1:10317769",180,358,178
"NIP7","s1650_F_TNA_03_ASEReadCounter.table","NW_015090842.1:10317808",129,259,130
"NIP7","s1650_F_TNA_03_ASEReadCounter.table","NW_015090842.1:10317870",73,168,95
"NIP7","s1650_F_TNA_03_ASEReadCounter.table","NW_015090842.1:10317871",72,165,93
"NIP7","s1650_F_TNA_03_ASEReadCounter.table","NW_015090842.1:10317898",49,113,64
"NIP7","s1650_F_TNA_03_ASEReadCounter.table","NW_015090842.1:10317911",44,94,50
"TERF2","s1650_F_TNA_03_ASEReadCounter.table","NW_015090842.1:10321665",12,12,0
"TERF2","s1650_F_TNA_03_ASEReadCounter.table","NW_015090842.1:10321768",26,55,29
"TERF2","s1650_F_TNA_03_ASEReadCounter.table","NW_015090842.1:10321777",23,52,29
"TERF2","s1650_F_TNA_03_ASEReadCounter.table","NW_015090842.1:10321805",25,64,39
"TERF2","s1650_F_TNA_03_ASEReadCounter.table","NW_015090842.1:10321878",28,63,35
"TERF2","s1650_F_TNA_03_ASEReadCounter.table","NW_015090842.1:10321893",28,62,34
"TERF2","s1650_F_TNA_03_ASEReadCounter.table","NW_015090842.1:10321897",26,56,30
"TERF2","s1650_F_TNA_03_ASEReadCounter.table","NW_015090842.1:10321908",24,49,25
"TERF2","s1650_F_TNA_03_ASEReadCounter.table","NW_015090842.1:10322001",52,100,48
"TERF2","s1650_F_TNA_03_ASEReadCounter.table","NW_015090842.1:10322035",41,86,45
"TERF2","s1650_F_TNA_03_ASEReadCounter.table","NW_015090842.1:10322051",46,98,52
"TERF2","s1650_F_TNA_03_ASEReadCounter.table","NW_015090842.1:10322137",35,69,34
"TERF2","s1650_F_TNA_03_ASEReadCounter.table","NW_015090842.1:10322144",30,61,31
"TERF2","s1650_F_TNA_03_ASEReadCounter.table","NW_015090842.1:10322388",25,65,40
"TERF2","s1650_F_TNA_03_ASEReadCounter.table","NW_015090842.1:10322396",27,67,40
"TERF2","s1650_F_TNA_03_ASEReadCounter.table","NW_015090842.1:10322502",35,86,51
"TERF2","s1650_F_TNA_03_ASEReadCounter.table","NW_015090842.1:10322504",35,87,52
"TERF2","s1650_F_TNA_03_ASEReadCounter.table","NW_015090842.1:10322510",30,82,52
"TERF2","s1650_F_TNA_03_ASEReadCounter.table","NW_015090842.1:10323580",28,68,40
"TERF2","s1650_F_TNA_03_ASEReadCounter.table","NW_015090842.1:10324314",26,64,38
"TERF2","s1650_F_TNA_03_ASEReadCounter.table","NW_015090842.1:10326832",15,40,25
"TERF2","s1650_F_TNA_03_ASEReadCounter.table","NW_015090842.1:10327787",13,21,8
"TERF2","s1650_F_TNA_03_ASEReadCounter.table","NW_015090842.1:10328588",8,25,17
"TERF2","s1650_F_TNA_03_ASEReadCounter.table","NW_015090842.1:10328644",6,21,15
"TERF2","s1650_F_TNA_03_ASEReadCounter.table","NW_015090842.1:10329813",8,14,6
"TERF2","s1650_F_TNA_03_ASEReadCounter.table","NW_015090842.1:10330749",8,16,8
"TERF2","s1650_F_TNA_03_ASEReadCounter.table","NW_015090842.1:10330789",9,18,9
"CYB5B","s1650_F_TNA_03_ASEReadCounter.table","NW_015090842.1:10336595",2,9,7
"CYB5B","s1650_F_TNA_03_ASEReadCounter.table","NW_015090842.1:10336667",27,51,24
"CYB5B","s1650_F_TNA_03_ASEReadCounter.table","NW_015090842.1:10336689",36,74,38
"CYB5B","s1650_F_TNA_03_ASEReadCounter.table","NW_015090842.1:10336728",51,110,59
"CYB5B","s1650_F_TNA_03_ASEReadCounter.table","NW_015090842.1:10345068",48,101,53
"CYB5B","s1650_F_TNA_03_ASEReadCounter.table","NW_015090842.1:10348800",86,181,95
"CYB5B","s1650_F_TNA_03_ASEReadCounter.table","NW_015090842.1:10348888",82,177,95
"CYB5B","s1650_F_TNA_03_ASEReadCounter.table","NW_015090842.1:10349046",120,224,104
"CYB5B","s1650_F_TNA_03_ASEReadCounter.table","NW_015090842.1:10349119",50,146,96
"CYB5B","s1650_F_TNA_03_ASEReadCounter.table","NW_015090842.1:10349146",39,138,99
"CYB5B","s1650_F_TNA_03_ASEReadCounter.table","NW_015090842.1:10349157",55,162,107
