"gene","id","snp","ref_count","total_count","alt_count"
"CENPN","s1650_F_POA_03_ASEReadCounter.table","NW_015090842.1:5802008",1,7,6
"CENPN","s1650_F_POA_03_ASEReadCounter.table","NW_015090842.1:5802012",1,7,6
"CENPN","s1650_F_POA_03_ASEReadCounter.table","NW_015090842.1:5802087",2,7,5
"CENPN","s1650_F_POA_03_ASEReadCounter.table","NW_015090842.1:5810113",9,9,0
"CENPN","s1650_F_POA_03_ASEReadCounter.table","NW_015090842.1:5810147",14,14,0
"CENPN","s1650_F_POA_03_ASEReadCounter.table","NW_015090842.1:5810148",14,14,0
"ATMIN","s1650_F_POA_03_ASEReadCounter.table","NW_015090842.1:5818789",2,6,4
"ATMIN","s1650_F_POA_03_ASEReadCounter.table","NW_015090842.1:5819958",3,5,2
"ATMIN","s1650_F_POA_03_ASEReadCounter.table","NW_015090842.1:5820004",3,4,1
"ATMIN","s1650_F_POA_03_ASEReadCounter.table","NW_015090842.1:5820217",2,6,4
"ATMIN","s1650_F_POA_03_ASEReadCounter.table","NW_015090842.1:5820250",0,4,4
"ATMIN","s1650_F_POA_03_ASEReadCounter.table","NW_015090842.1:5820298",0,3,3
"ATMIN","s1650_F_POA_03_ASEReadCounter.table","NW_015090842.1:5820417",0,7,7
"ATMIN","s1650_F_POA_03_ASEReadCounter.table","NW_015090842.1:5820421",0,7,7
"ATMIN","s1650_F_POA_03_ASEReadCounter.table","NW_015090842.1:5820448",1,8,7
"ATMIN","s1650_F_POA_03_ASEReadCounter.table","NW_015090842.1:5820457",1,7,6
"ATMIN","s1650_F_POA_03_ASEReadCounter.table","NW_015090842.1:5820510",1,6,5
"ATMIN","s1650_F_POA_03_ASEReadCounter.table","NW_015090842.1:5820673",0,2,2
"ATMIN","s1650_F_POA_03_ASEReadCounter.table","NW_015090842.1:5820754",4,5,1
"ATMIN","s1650_F_POA_03_ASEReadCounter.table","NW_015090842.1:5820820",4,5,1
"ATMIN","s1650_F_POA_03_ASEReadCounter.table","NW_015090842.1:5820865",4,5,1
"ATMIN","s1650_F_POA_03_ASEReadCounter.table","NW_015090842.1:5820889",4,6,2
"ATMIN","s1650_F_POA_03_ASEReadCounter.table","NW_015090842.1:5820891",4,7,3
"ATMIN","s1650_F_POA_03_ASEReadCounter.table","NW_015090842.1:5820997",5,11,6
"ATMIN","s1650_F_POA_03_ASEReadCounter.table","NW_015090842.1:5821063",6,12,6
"ATMIN","s1650_F_POA_03_ASEReadCounter.table","NW_015090842.1:5821132",6,12,6
"ATMIN","s1650_F_POA_03_ASEReadCounter.table","NW_015090842.1:5821645",6,19,13
"ATMIN","s1650_F_POA_03_ASEReadCounter.table","NW_015090842.1:5825066",9,20,11
"ATMIN","s1650_F_POA_03_ASEReadCounter.table","NW_015090842.1:5825106",6,21,15
"ATMIN","s1650_F_POA_03_ASEReadCounter.table","NW_015090842.1:5825122",3,17,14
"ATMIN","s1650_F_POA_03_ASEReadCounter.table","NW_015090842.1:5825178",7,23,16
"ATMIN","s1650_F_POA_03_ASEReadCounter.table","NW_015090842.1:5825194",9,23,14
"ATMIN","s1650_F_POA_03_ASEReadCounter.table","NW_015090842.1:5825195",9,23,14
"ATMIN","s1650_F_POA_03_ASEReadCounter.table","NW_015090842.1:5825220",8,22,14
"ATMIN","s1650_F_POA_03_ASEReadCounter.table","NW_015090842.1:5825240",10,23,13
"ATMIN","s1650_F_POA_03_ASEReadCounter.table","NW_015090842.1:5825303",18,39,21
"ATMIN","s1650_F_POA_03_ASEReadCounter.table","NW_015090842.1:5825304",19,39,20
"ATMIN","s1650_F_POA_03_ASEReadCounter.table","NW_015090842.1:5825310",20,40,20
"ATMIN","s1650_F_POA_03_ASEReadCounter.table","NW_015090842.1:5825406",15,40,25
"ATMIN","s1650_F_POA_03_ASEReadCounter.table","NW_015090842.1:5825415",19,43,24
"ATMIN","s1650_F_POA_03_ASEReadCounter.table","NW_015090842.1:5825438",16,35,19
"ATMIN","s1650_F_POA_03_ASEReadCounter.table","NW_015090842.1:5825485",20,40,20
"ATMIN","s1650_F_POA_03_ASEReadCounter.table","NW_015090842.1:5825524",18,30,12
"ATMIN","s1650_F_POA_03_ASEReadCounter.table","NW_015090842.1:5825557",17,32,15
"ATMIN","s1650_F_POA_03_ASEReadCounter.table","NW_015090842.1:5825571",18,32,14
"ATMIN","s1650_F_POA_03_ASEReadCounter.table","NW_015090842.1:5825579",17,30,13
"ATMIN","s1650_F_POA_03_ASEReadCounter.table","NW_015090842.1:5825590",17,30,13
"ATMIN","s1650_F_POA_03_ASEReadCounter.table","NW_015090842.1:5825689",15,30,15
"ATMIN","s1650_F_POA_03_ASEReadCounter.table","NW_015090842.1:5825703",18,35,17
"ATMIN","s1650_F_POA_03_ASEReadCounter.table","NW_015090842.1:5825787",16,41,25
"ATMIN","s1650_F_POA_03_ASEReadCounter.table","NW_015090842.1:5825833",13,40,27
"ATMIN","s1650_F_POA_03_ASEReadCounter.table","NW_015090842.1:5825841",13,36,23
"ATMIN","s1650_F_POA_03_ASEReadCounter.table","NW_015090842.1:5825895",17,43,26
"ATMIN","s1650_F_POA_03_ASEReadCounter.table","NW_015090842.1:5825984",16,49,33
"ATMIN","s1650_F_POA_03_ASEReadCounter.table","NW_015090842.1:5826162",30,73,43
"ATMIN","s1650_F_POA_03_ASEReadCounter.table","NW_015090842.1:5826194",31,73,42
"ATMIN","s1650_F_POA_03_ASEReadCounter.table","NW_015090842.1:5826235",38,87,49
"ATMIN","s1650_F_POA_03_ASEReadCounter.table","NW_015090842.1:5826245",38,83,45
"ATMIN","s1650_F_POA_03_ASEReadCounter.table","NW_015090842.1:5826335",23,47,24
"ATMIN","s1650_F_POA_03_ASEReadCounter.table","NW_015090842.1:5826417",18,49,31
"ATMIN","s1650_F_POA_03_ASEReadCounter.table","NW_015090842.1:5826431",17,56,39
"ATMIN","s1650_F_POA_03_ASEReadCounter.table","NW_015090842.1:5826438",20,54,34
"ATMIN","s1650_F_POA_03_ASEReadCounter.table","NW_015090842.1:5826463",26,58,32
"ATMIN","s1650_F_POA_03_ASEReadCounter.table","NW_015090842.1:5826502",23,64,41
"ATMIN","s1650_F_POA_03_ASEReadCounter.table","NW_015090842.1:5826511",23,66,43
"ATMIN","s1650_F_POA_03_ASEReadCounter.table","NW_015090842.1:5826659",26,50,24
"ATMIN","s1650_F_POA_03_ASEReadCounter.table","NW_015090842.1:5826701",33,64,31
"ATMIN","s1650_F_POA_03_ASEReadCounter.table","NW_015090842.1:5826702",32,63,31
"ATMIN","s1650_F_POA_03_ASEReadCounter.table","NW_015090842.1:5826732",43,75,32
"ATMIN","s1650_F_POA_03_ASEReadCounter.table","NW_015090842.1:5826745",48,82,34
"ATMIN","s1650_F_POA_03_ASEReadCounter.table","NW_015090842.1:5826835",49,94,45
"ATMIN","s1650_F_POA_03_ASEReadCounter.table","NW_015090842.1:5826942",30,85,55
"ATMIN","s1650_F_POA_03_ASEReadCounter.table","NW_015090842.1:5827193",78,158,80
"ATMIN","s1650_F_POA_03_ASEReadCounter.table","NW_015090842.1:5827196",78,160,82
"ATMIN","s1650_F_POA_03_ASEReadCounter.table","NW_015090842.1:5827269",64,135,71
"ATMIN","s1650_F_POA_03_ASEReadCounter.table","NW_015090842.1:5827315",49,110,61
"ATMIN","s1650_F_POA_03_ASEReadCounter.table","NW_015090842.1:5827316",49,112,63
"ATMIN","s1650_F_POA_03_ASEReadCounter.table","NW_015090842.1:5827333",49,113,64
"PPP1R3E","s1650_F_POA_03_ASEReadCounter.table","NW_015090842.1:5837733",7,8,1
"PPP1R3E","s1650_F_POA_03_ASEReadCounter.table","NW_015090842.1:5837947",2,2,0
"PKD1L2","s1650_F_POA_03_ASEReadCounter.table","NW_015090842.1:5867509",0,1,1
"PKD1L2","s1650_F_POA_03_ASEReadCounter.table","NW_015090842.1:5867597",0,1,1
"PKD1L2","s1650_F_POA_03_ASEReadCounter.table","NW_015090842.1:5867600",1,2,1
"PKD1L2","s1650_F_POA_03_ASEReadCounter.table","NW_015090842.1:5867660",1,2,1
"PKD1L2","s1650_F_POA_03_ASEReadCounter.table","NW_015090842.1:5867675",1,2,1
"PKD1L2","s1650_F_POA_03_ASEReadCounter.table","NW_015090842.1:5867788",1,3,2
"PKD1L2","s1650_F_POA_03_ASEReadCounter.table","NW_015090842.1:5867843",1,3,2
"BCO1","s1650_F_POA_03_ASEReadCounter.table","NW_015090842.1:5915610",1,2,1
"BCO1","s1650_F_POA_03_ASEReadCounter.table","NW_015090842.1:5915646",1,2,1
"BCO1","s1650_F_POA_03_ASEReadCounter.table","NW_015090842.1:5917836",1,2,1
"BCO1","s1650_F_POA_03_ASEReadCounter.table","NW_015090842.1:5917912",2,6,4
"BCO1","s1650_F_POA_03_ASEReadCounter.table","NW_015090842.1:5917941",2,6,4
"BCO1","s1650_F_POA_03_ASEReadCounter.table","NW_015090842.1:5917971",2,6,4
"BCO1","s1650_F_POA_03_ASEReadCounter.table","NW_015090842.1:5921679",7,8,1
"BCO1","s1650_F_POA_03_ASEReadCounter.table","NW_015090842.1:5921726",3,5,2
"BCO1","s1650_F_POA_03_ASEReadCounter.table","NW_015090842.1:5925669",4,9,5
"BCO1","s1650_F_POA_03_ASEReadCounter.table","NW_015090842.1:5926937",2,9,7
"BCO1","s1650_F_POA_03_ASEReadCounter.table","NW_015090842.1:5927921",11,14,3
"BCO1","s1650_F_POA_03_ASEReadCounter.table","NW_015090842.1:5927948",10,13,3
"BCO1","s1650_F_POA_03_ASEReadCounter.table","NW_015090842.1:5927968",8,13,5
"BCO1","s1650_F_POA_03_ASEReadCounter.table","NW_015090842.1:5928052",7,9,2
"BCO1","s1650_F_POA_03_ASEReadCounter.table","NW_015090842.1:5932726",8,12,4
"BCO1","s1650_F_POA_03_ASEReadCounter.table","NW_015090842.1:5932801",7,14,7
"BCO1","s1650_F_POA_03_ASEReadCounter.table","NW_015090842.1:5934558",18,21,3
"BCO1","s1650_F_POA_03_ASEReadCounter.table","NW_015090842.1:5934575",18,21,3
"BCO1","s1650_F_POA_03_ASEReadCounter.table","NW_015090842.1:5934608",24,29,5
"BCO1","s1650_F_POA_03_ASEReadCounter.table","NW_015090842.1:5934647",13,18,5
"BCO1","s1650_F_POA_03_ASEReadCounter.table","NW_015090842.1:5934725",11,15,4
"BCO1","s1650_F_POA_03_ASEReadCounter.table","NW_015090842.1:5934726",11,16,5
"BCO1","s1650_F_POA_03_ASEReadCounter.table","NW_015090842.1:5934733",10,15,5
"BCO1","s1650_F_POA_03_ASEReadCounter.table","NW_015090842.1:5934821",10,14,4
"BCO1","s1650_F_POA_03_ASEReadCounter.table","NW_015090842.1:5934826",12,16,4
"BCO1","s1650_F_POA_03_ASEReadCounter.table","NW_015090842.1:5934844",4,7,3
"BCO1","s1650_F_POA_03_ASEReadCounter.table","NW_015090842.1:5934958",13,17,4
"BCO1","s1650_F_POA_03_ASEReadCounter.table","NW_015090842.1:5934976",13,17,4
"GAN","s1650_F_POA_03_ASEReadCounter.table","NW_015090842.1:5939249",0,1,1
"GAN","s1650_F_POA_03_ASEReadCounter.table","NW_015090842.1:5953759",8,17,9
"GAN","s1650_F_POA_03_ASEReadCounter.table","NW_015090842.1:5957502",5,18,13
"GAN","s1650_F_POA_03_ASEReadCounter.table","NW_015090842.1:5957578",11,24,13
"GAN","s1650_F_POA_03_ASEReadCounter.table","NW_015090842.1:5966047",14,38,24
"GAN","s1650_F_POA_03_ASEReadCounter.table","NW_015090842.1:5966126",6,32,26
"GAN","s1650_F_POA_03_ASEReadCounter.table","NW_015090842.1:5966127",7,34,27
"GAN","s1650_F_POA_03_ASEReadCounter.table","NW_015090842.1:5966162",13,39,26
"GAN","s1650_F_POA_03_ASEReadCounter.table","NW_015090842.1:5966483",37,75,38
"CMIP","s1650_F_POA_03_ASEReadCounter.table","NW_015090842.1:6109159",12,26,14
"CMIP","s1650_F_POA_03_ASEReadCounter.table","NW_015090842.1:6109166",12,25,13
"CMIP","s1650_F_POA_03_ASEReadCounter.table","NW_015090842.1:6114641",23,51,28
"CMIP","s1650_F_POA_03_ASEReadCounter.table","NW_015090842.1:6114751",16,43,27
"CMIP","s1650_F_POA_03_ASEReadCounter.table","NW_015090842.1:6114824",15,41,26
"CMIP","s1650_F_POA_03_ASEReadCounter.table","NW_015090842.1:6126295",92,95,3
"CMIP","s1650_F_POA_03_ASEReadCounter.table","NW_015090842.1:6128998",32,110,78
"CMIP","s1650_F_POA_03_ASEReadCounter.table","NW_015090842.1:6130562",60,175,115
"CMIP","s1650_F_POA_03_ASEReadCounter.table","NW_015090842.1:6132522",42,144,102
"CMIP","s1650_F_POA_03_ASEReadCounter.table","NW_015090842.1:6138265",86,299,213
"CMIP","s1650_F_POA_03_ASEReadCounter.table","NW_015090842.1:6138300",89,304,215
"CMIP","s1650_F_POA_03_ASEReadCounter.table","NW_015090842.1:6138342",92,290,198
"CMIP","s1650_F_POA_03_ASEReadCounter.table","NW_015090842.1:6138343",91,285,194
"CMIP","s1650_F_POA_03_ASEReadCounter.table","NW_015090842.1:6138345",92,285,193
"CMIP","s1650_F_POA_03_ASEReadCounter.table","NW_015090842.1:6138647",54,186,132
"CMIP","s1650_F_POA_03_ASEReadCounter.table","NW_015090842.1:6138745",76,253,177
"CMIP","s1650_F_POA_03_ASEReadCounter.table","NW_015090842.1:6138832",18,113,95
"CMIP","s1650_F_POA_03_ASEReadCounter.table","NW_015090842.1:6138967",91,225,134
"CMIP","s1650_F_POA_03_ASEReadCounter.table","NW_015090842.1:6139131",52,118,66
"CMIP","s1650_F_POA_03_ASEReadCounter.table","NW_015090842.1:6139163",13,86,73
"CMIP","s1650_F_POA_03_ASEReadCounter.table","NW_015090842.1:6139212",149,166,17
"CMIP","s1650_F_POA_03_ASEReadCounter.table","NW_015090842.1:6139360",43,92,49
"CMIP","s1650_F_POA_03_ASEReadCounter.table","NW_015090842.1:6139572",21,50,29
"PLCG2","s1650_F_POA_03_ASEReadCounter.table","NW_015090842.1:6179658",3,4,1
"PLCG2","s1650_F_POA_03_ASEReadCounter.table","NW_015090842.1:6203766",0,1,1
"PLCG2","s1650_F_POA_03_ASEReadCounter.table","NW_015090842.1:6203775",0,1,1
"PLCG2","s1650_F_POA_03_ASEReadCounter.table","NW_015090842.1:6203787",0,1,1
"PLCG2","s1650_F_POA_03_ASEReadCounter.table","NW_015090842.1:6209741",1,5,4
"PLCG2","s1650_F_POA_03_ASEReadCounter.table","NW_015090842.1:6209798",0,2,2
"PLCG2","s1650_F_POA_03_ASEReadCounter.table","NW_015090842.1:6209816",0,2,2
"PLCG2","s1650_F_POA_03_ASEReadCounter.table","NW_015090842.1:6217547",1,5,4
"PLCG2","s1650_F_POA_03_ASEReadCounter.table","NW_015090842.1:6218641",1,7,6
"PLCG2","s1650_F_POA_03_ASEReadCounter.table","NW_015090842.1:6220552",2,3,1
"PLCG2","s1650_F_POA_03_ASEReadCounter.table","NW_015090842.1:6221969",3,5,2
"PLCG2","s1650_F_POA_03_ASEReadCounter.table","NW_015090842.1:6228672",0,2,2
"PLCG2","s1650_F_POA_03_ASEReadCounter.table","NW_015090842.1:6228694",0,2,2
"PLCG2","s1650_F_POA_03_ASEReadCounter.table","NW_015090842.1:6228722",0,1,1
"PLCG2","s1650_F_POA_03_ASEReadCounter.table","NW_015090842.1:6228747",1,2,1
"PLCG2","s1650_F_POA_03_ASEReadCounter.table","NW_015090842.1:6228835",1,3,2
"PLCG2","s1650_F_POA_03_ASEReadCounter.table","NW_015090842.1:6228841",1,3,2
"PLCG2","s1650_F_POA_03_ASEReadCounter.table","NW_015090842.1:6228865",2,3,1
"PLCG2","s1650_F_POA_03_ASEReadCounter.table","NW_015090842.1:6228917",2,4,2
"PLCG2","s1650_F_POA_03_ASEReadCounter.table","NW_015090842.1:6228926",1,3,2
"PLCG2","s1650_F_POA_03_ASEReadCounter.table","NW_015090842.1:6228954",2,3,1
"PLCG2","s1650_F_POA_03_ASEReadCounter.table","NW_015090842.1:6229002",1,2,1
"PLCG2","s1650_F_POA_03_ASEReadCounter.table","NW_015090842.1:6229006",1,1,0
"PLCG2","s1650_F_POA_03_ASEReadCounter.table","NW_015090842.1:6229081",1,2,1
"PLCG2","s1650_F_POA_03_ASEReadCounter.table","NW_015090842.1:6229097",1,2,1
"PLCG2","s1650_F_POA_03_ASEReadCounter.table","NW_015090842.1:6229213",1,2,1
"PLCG2","s1650_F_POA_03_ASEReadCounter.table","NW_015090842.1:6229231",1,2,1
"PLCG2","s1650_F_POA_03_ASEReadCounter.table","NW_015090842.1:6229663",2,2,0
"PLCG2","s1650_F_POA_03_ASEReadCounter.table","NW_015090842.1:6229748",2,3,1
"PLCG2","s1650_F_POA_03_ASEReadCounter.table","NW_015090842.1:6229892",1,1,0
"PLCG2","s1650_F_POA_03_ASEReadCounter.table","NW_015090842.1:6230248",3,3,0
"PLCG2","s1650_F_POA_03_ASEReadCounter.table","NW_015090842.1:6230255",3,3,0
"PLCG2","s1650_F_POA_03_ASEReadCounter.table","NW_015090842.1:6230276",2,2,0
"PLCG2","s1650_F_POA_03_ASEReadCounter.table","NW_015090842.1:6230349",1,1,0
"PLCG2","s1650_F_POA_03_ASEReadCounter.table","NW_015090842.1:6230408",1,1,0
"PLCG2","s1650_F_POA_03_ASEReadCounter.table","NW_015090842.1:6230439",2,2,0
"PLCG2","s1650_F_POA_03_ASEReadCounter.table","NW_015090842.1:6230757",2,2,0
"PLCG2","s1650_F_POA_03_ASEReadCounter.table","NW_015090842.1:6230758",2,2,0
"PLCG2","s1650_F_POA_03_ASEReadCounter.table","NW_015090842.1:6230898",2,4,2
"PLCG2","s1650_F_POA_03_ASEReadCounter.table","NW_015090842.1:6230976",1,2,1
"PLCG2","s1650_F_POA_03_ASEReadCounter.table","NW_015090842.1:6231078",3,3,0
"PLCG2","s1650_F_POA_03_ASEReadCounter.table","NW_015090842.1:6231138",1,2,1
"PLCG2","s1650_F_POA_03_ASEReadCounter.table","NW_015090842.1:6231177",0,1,1
"PLCG2","s1650_F_POA_03_ASEReadCounter.table","NW_015090842.1:6231263",4,5,1
"SDR42E1","s1650_F_POA_03_ASEReadCounter.table","NW_015090842.1:6235292",0,2,2
"SDR42E1","s1650_F_POA_03_ASEReadCounter.table","NW_015090842.1:6235315",0,5,5
"SDR42E1","s1650_F_POA_03_ASEReadCounter.table","NW_015090842.1:6235348",5,14,9
"SDR42E1","s1650_F_POA_03_ASEReadCounter.table","NW_015090842.1:6235355",5,12,7
"SDR42E1","s1650_F_POA_03_ASEReadCounter.table","NW_015090842.1:6235417",6,16,10
"SDR42E1","s1650_F_POA_03_ASEReadCounter.table","NW_015090842.1:6235558",2,11,9
"SDR42E1","s1650_F_POA_03_ASEReadCounter.table","NW_015090842.1:6235741",4,16,12
"SDR42E1","s1650_F_POA_03_ASEReadCounter.table","NW_015090842.1:6235777",2,17,15
"SDR42E1","s1650_F_POA_03_ASEReadCounter.table","NW_015090842.1:6235806",5,17,12
"SDR42E1","s1650_F_POA_03_ASEReadCounter.table","NW_015090842.1:6235809",5,18,13
"SDR42E1","s1650_F_POA_03_ASEReadCounter.table","NW_015090842.1:6235816",5,21,16
"SDR42E1","s1650_F_POA_03_ASEReadCounter.table","NW_015090842.1:6235914",3,12,9
"SDR42E1","s1650_F_POA_03_ASEReadCounter.table","NW_015090842.1:6235935",5,13,8
"SDR42E1","s1650_F_POA_03_ASEReadCounter.table","NW_015090842.1:6235957",4,11,7
"SDR42E1","s1650_F_POA_03_ASEReadCounter.table","NW_015090842.1:6236040",1,6,5
"SDR42E1","s1650_F_POA_03_ASEReadCounter.table","NW_015090842.1:6236260",2,10,8
"SDR42E1","s1650_F_POA_03_ASEReadCounter.table","NW_015090842.1:6236281",3,11,8
"SDR42E1","s1650_F_POA_03_ASEReadCounter.table","NW_015090842.1:6236305",3,13,10
"SDR42E1","s1650_F_POA_03_ASEReadCounter.table","NW_015090842.1:6236458",3,11,8
"SDR42E1","s1650_F_POA_03_ASEReadCounter.table","NW_015090842.1:6236476",3,10,7
"SDR42E1","s1650_F_POA_03_ASEReadCounter.table","NW_015090842.1:6236608",4,10,6
"SDR42E1","s1650_F_POA_03_ASEReadCounter.table","NW_015090842.1:6238244",2,4,2
"SDR42E1","s1650_F_POA_03_ASEReadCounter.table","NW_015090842.1:6238829",1,3,2
"HSD17B2","s1650_F_POA_03_ASEReadCounter.table","NW_015090842.1:6262951",0,2,2
"HSD17B2","s1650_F_POA_03_ASEReadCounter.table","NW_015090842.1:6262974",0,1,1
"HSD17B2","s1650_F_POA_03_ASEReadCounter.table","NW_015090842.1:6266125",0,2,2
"HSD17B2","s1650_F_POA_03_ASEReadCounter.table","NW_015090842.1:6266135",0,3,3
"HSD17B2","s1650_F_POA_03_ASEReadCounter.table","NW_015090842.1:6266795",0,4,4
"HSD17B2","s1650_F_POA_03_ASEReadCounter.table","NW_015090842.1:6266944",0,6,6
"HSD17B2","s1650_F_POA_03_ASEReadCounter.table","NW_015090842.1:6267053",1,2,1
"HSD17B2","s1650_F_POA_03_ASEReadCounter.table","NW_015090842.1:6267196",0,2,2
"HSD17B2","s1650_F_POA_03_ASEReadCounter.table","NW_015090842.1:6267273",0,2,2
"HSD17B2","s1650_F_POA_03_ASEReadCounter.table","NW_015090842.1:6267913",0,3,3
"HSD17B2","s1650_F_POA_03_ASEReadCounter.table","NW_015090842.1:6268098",0,2,2
"HSD17B2","s1650_F_POA_03_ASEReadCounter.table","NW_015090842.1:6268203",0,1,1
"ARY2","s1650_F_POA_03_ASEReadCounter.table","NW_015090842.1:6303922",17,33,16
"ARY2","s1650_F_POA_03_ASEReadCounter.table","NW_015090842.1:6303954",14,33,19
"ARY2","s1650_F_POA_03_ASEReadCounter.table","NW_015090842.1:6303979",19,36,17
"ARY2","s1650_F_POA_03_ASEReadCounter.table","NW_015090842.1:6305848",24,39,15
"ARY2","s1650_F_POA_03_ASEReadCounter.table","NW_015090842.1:6305856",22,37,15
"ARY2","s1650_F_POA_03_ASEReadCounter.table","NW_015090842.1:6305857",22,37,15
"ARY2","s1650_F_POA_03_ASEReadCounter.table","NW_015090842.1:6306017",34,67,33
"ARY2","s1650_F_POA_03_ASEReadCounter.table","NW_015090842.1:6306052",28,56,28
"ARY2","s1650_F_POA_03_ASEReadCounter.table","NW_015090842.1:6306094",29,56,27
"ARY2","s1650_F_POA_03_ASEReadCounter.table","NW_015090842.1:6306100",31,58,27
"ARY2","s1650_F_POA_03_ASEReadCounter.table","NW_015090842.1:6306146",26,53,27
"ARY2","s1650_F_POA_03_ASEReadCounter.table","NW_015090842.1:6306147",25,49,24
"ARY2","s1650_F_POA_03_ASEReadCounter.table","NW_015090842.1:6306390",35,58,23
"ARY2","s1650_F_POA_03_ASEReadCounter.table","NW_015090842.1:6306567",37,52,15
"ARY2","s1650_F_POA_03_ASEReadCounter.table","NW_015090842.1:6306705",49,57,8
"ARY2","s1650_F_POA_03_ASEReadCounter.table","NW_015090842.1:6306773",36,47,11
"ARY2","s1650_F_POA_03_ASEReadCounter.table","NW_015090842.1:6307039",40,58,18
"ARY2","s1650_F_POA_03_ASEReadCounter.table","NW_015090842.1:6307043",38,58,20
"ARY2","s1650_F_POA_03_ASEReadCounter.table","NW_015090842.1:6307093",41,55,14
"ARY2","s1650_F_POA_03_ASEReadCounter.table","NW_015090842.1:6307138",33,50,17
"ARY2","s1650_F_POA_03_ASEReadCounter.table","NW_015090842.1:6307157",40,56,16
"ARY2","s1650_F_POA_03_ASEReadCounter.table","NW_015090842.1:6307187",50,66,16
"ARY2","s1650_F_POA_03_ASEReadCounter.table","NW_015090842.1:6307204",49,62,13
"ARY2","s1650_F_POA_03_ASEReadCounter.table","NW_015090842.1:6307278",32,50,18
"ARY2","s1650_F_POA_03_ASEReadCounter.table","NW_015090842.1:6307305",31,52,21
"ARY2","s1650_F_POA_03_ASEReadCounter.table","NW_015090842.1:6307318",39,60,21
"ARY2","s1650_F_POA_03_ASEReadCounter.table","NW_015090842.1:6307429",49,71,22
"ARY2","s1650_F_POA_03_ASEReadCounter.table","NW_015090842.1:6307487",39,58,19
"ARY2","s1650_F_POA_03_ASEReadCounter.table","NW_015090842.1:6307670",31,38,7
"ARYL","s1650_F_POA_03_ASEReadCounter.table","NW_015090842.1:6313360",3,5,2
"ARYL","s1650_F_POA_03_ASEReadCounter.table","NW_015090842.1:6313377",4,6,2
"ARYL","s1650_F_POA_03_ASEReadCounter.table","NW_015090842.1:6313767",1,1,0
"ARY1","s1650_F_POA_03_ASEReadCounter.table","NW_015090842.1:6314296",1,2,1
"ARY1","s1650_F_POA_03_ASEReadCounter.table","NW_015090842.1:6314541",5,7,2
"ARY1","s1650_F_POA_03_ASEReadCounter.table","NW_015090842.1:6314597",6,10,4
"ARY1","s1650_F_POA_03_ASEReadCounter.table","NW_015090842.1:6314750",5,7,2
"ARY1","s1650_F_POA_03_ASEReadCounter.table","NW_015090842.1:6314794",4,7,3
"ARY1","s1650_F_POA_03_ASEReadCounter.table","NW_015090842.1:6314827",5,8,3
"ARY1","s1650_F_POA_03_ASEReadCounter.table","NW_015090842.1:6314859",4,10,6
"ARY1","s1650_F_POA_03_ASEReadCounter.table","NW_015090842.1:6314886",4,9,5
"ARY1","s1650_F_POA_03_ASEReadCounter.table","NW_015090842.1:6315022",6,10,4
"ARY1","s1650_F_POA_03_ASEReadCounter.table","NW_015090842.1:6315026",7,11,4
"ARY1","s1650_F_POA_03_ASEReadCounter.table","NW_015090842.1:6315043",5,8,3
"ARY1","s1650_F_POA_03_ASEReadCounter.table","NW_015090842.1:6315065",5,7,2
"ARY1","s1650_F_POA_03_ASEReadCounter.table","NW_015090842.1:6315409",4,9,5
"ARY1","s1650_F_POA_03_ASEReadCounter.table","NW_015090842.1:6315479",6,9,3
"ARY1","s1650_F_POA_03_ASEReadCounter.table","NW_015090842.1:6318342",17,23,6
"ARY1","s1650_F_POA_03_ASEReadCounter.table","NW_015090842.1:6318427",13,24,11
"ARY1","s1650_F_POA_03_ASEReadCounter.table","NW_015090842.1:6318603",15,23,8
"ARY1","s1650_F_POA_03_ASEReadCounter.table","NW_015090842.1:6318708",10,14,4
"ARY1","s1650_F_POA_03_ASEReadCounter.table","NW_015090842.1:6318858",10,14,4
"ARY1","s1650_F_POA_03_ASEReadCounter.table","NW_015090842.1:6318952",5,9,4
"MPHOSPH6","s1650_F_POA_03_ASEReadCounter.table","NW_015090842.1:6324063",45,107,62
"MPHOSPH6","s1650_F_POA_03_ASEReadCounter.table","NW_015090842.1:6324174",103,216,113
"MPHOSPH6","s1650_F_POA_03_ASEReadCounter.table","NW_015090842.1:6324270",91,232,141
"MPHOSPH6","s1650_F_POA_03_ASEReadCounter.table","NW_015090842.1:6324762",93,195,102
"MPHOSPH6","s1650_F_POA_03_ASEReadCounter.table","NW_015090842.1:6324780",90,169,79
"MPHOSPH6","s1650_F_POA_03_ASEReadCounter.table","NW_015090842.1:6324902",89,185,96
"MPHOSPH6","s1650_F_POA_03_ASEReadCounter.table","NW_015090842.1:6325066",61,177,116
"MPHOSPH6","s1650_F_POA_03_ASEReadCounter.table","NW_015090842.1:6325089",76,212,136
"MPHOSPH6","s1650_F_POA_03_ASEReadCounter.table","NW_015090842.1:6325877",85,202,117
"MPHOSPH6","s1650_F_POA_03_ASEReadCounter.table","NW_015090842.1:6326976",55,139,84
"CDH13","s1650_F_POA_03_ASEReadCounter.table","NW_015090842.1:6662283",10,20,10
"CDH13","s1650_F_POA_03_ASEReadCounter.table","NW_015090842.1:6693665",14,22,8
"CDH13","s1650_F_POA_03_ASEReadCounter.table","NW_015090842.1:6693697",11,20,9
"CDH13","s1650_F_POA_03_ASEReadCounter.table","NW_015090842.1:6693712",12,24,12
"CDH13","s1650_F_POA_03_ASEReadCounter.table","NW_015090842.1:6693723",12,24,12
"CDH13","s1650_F_POA_03_ASEReadCounter.table","NW_015090842.1:6693738",13,23,10
"CDH13","s1650_F_POA_03_ASEReadCounter.table","NW_015090842.1:6823730",9,19,10
"CDH13","s1650_F_POA_03_ASEReadCounter.table","NW_015090842.1:6889713",12,22,10
"CDH13","s1650_F_POA_03_ASEReadCounter.table","NW_015090842.1:6955167",17,39,22
"MLYCD","s1650_F_POA_03_ASEReadCounter.table","NW_015090842.1:7150054",43,88,45
"MLYCD","s1650_F_POA_03_ASEReadCounter.table","NW_015090842.1:7150131",87,166,79
"MLYCD","s1650_F_POA_03_ASEReadCounter.table","NW_015090842.1:7150585",79,141,62
"MLYCD","s1650_F_POA_03_ASEReadCounter.table","NW_015090842.1:7150686",55,101,46
"MLYCD","s1650_F_POA_03_ASEReadCounter.table","NW_015090842.1:7150696",57,108,51
"MLYCD","s1650_F_POA_03_ASEReadCounter.table","NW_015090842.1:7150869",51,100,49
"MLYCD","s1650_F_POA_03_ASEReadCounter.table","NW_015090842.1:7151100",52,102,50
"MLYCD","s1650_F_POA_03_ASEReadCounter.table","NW_015090842.1:7151127",48,100,52
"MLYCD","s1650_F_POA_03_ASEReadCounter.table","NW_015090842.1:7157538",46,71,25
"MLYCD","s1650_F_POA_03_ASEReadCounter.table","NW_015090842.1:7167662",14,33,19
"MLYCD","s1650_F_POA_03_ASEReadCounter.table","NW_015090842.1:7167675",13,33,20
"MLYCD","s1650_F_POA_03_ASEReadCounter.table","NW_015090842.1:7167710",8,26,18
"MLYCD","s1650_F_POA_03_ASEReadCounter.table","NW_015090842.1:7167781",11,23,12
"MLYCD","s1650_F_POA_03_ASEReadCounter.table","NW_015090842.1:7167803",9,15,6
"MLYCD","s1650_F_POA_03_ASEReadCounter.table","NW_015090842.1:7167812",9,15,6
"MLYCD","s1650_F_POA_03_ASEReadCounter.table","NW_015090842.1:7167845",6,11,5
"MLYCD","s1650_F_POA_03_ASEReadCounter.table","NW_015090842.1:7167862",7,12,5
"MLYCD","s1650_F_POA_03_ASEReadCounter.table","NW_015090842.1:7167929",8,13,5
"MLYCD","s1650_F_POA_03_ASEReadCounter.table","NW_015090842.1:7167995",8,14,6
"MLYCD","s1650_F_POA_03_ASEReadCounter.table","NW_015090842.1:7168005",8,13,5
"MLYCD","s1650_F_POA_03_ASEReadCounter.table","NW_015090842.1:7168037",10,17,7
"HSBP1","s1650_F_POA_03_ASEReadCounter.table","NW_015090842.1:7245192",474,827,353
"HSBP1","s1650_F_POA_03_ASEReadCounter.table","NW_015090842.1:7245226",525,952,427
"HSBP1","s1650_F_POA_03_ASEReadCounter.table","NW_015090842.1:7245257",451,850,399
"HSBP1","s1650_F_POA_03_ASEReadCounter.table","NW_015090842.1:7245296",414,835,421
"HSBP1","s1650_F_POA_03_ASEReadCounter.table","NW_015090842.1:7245389",600,1085,485
"HSBP1","s1650_F_POA_03_ASEReadCounter.table","NW_015090842.1:7245400",618,1051,433
"HSBP1","s1650_F_POA_03_ASEReadCounter.table","NW_015090842.1:7245445",553,990,437
"HSBP1","s1650_F_POA_03_ASEReadCounter.table","NW_015090842.1:7245495",559,978,419
"HSBP1","s1650_F_POA_03_ASEReadCounter.table","NW_015090842.1:7245733",354,693,339
"HSBP1","s1650_F_POA_03_ASEReadCounter.table","NW_015090842.1:7245771",378,697,319
"HSBP1","s1650_F_POA_03_ASEReadCounter.table","NW_015090842.1:7245813",368,659,291
"HSBP1","s1650_F_POA_03_ASEReadCounter.table","NW_015090842.1:7245926",403,748,345
"HSBP1","s1650_F_POA_03_ASEReadCounter.table","NW_015090842.1:7245927",401,742,341
"HSBP1","s1650_F_POA_03_ASEReadCounter.table","NW_015090842.1:7245933",411,742,331
"HSBP1","s1650_F_POA_03_ASEReadCounter.table","NW_015090842.1:7246002",315,606,291
"HSBP1","s1650_F_POA_03_ASEReadCounter.table","NW_015090842.1:7246094",396,698,302
"HSBP1","s1650_F_POA_03_ASEReadCounter.table","NW_015090842.1:7246167",379,649,270
"HSBP1","s1650_F_POA_03_ASEReadCounter.table","NW_015090842.1:7246183",356,636,280
"HSBP1","s1650_F_POA_03_ASEReadCounter.table","NW_015090842.1:7247285",40,61,21
"HSBP1","s1650_F_POA_03_ASEReadCounter.table","NW_015090842.1:7247651",383,792,409
"HSBP1","s1650_F_POA_03_ASEReadCounter.table","NW_015090842.1:7247657",371,798,427
"HSBP1","s1650_F_POA_03_ASEReadCounter.table","NW_015090842.1:7248520",287,590,303
"HSBP1","s1650_F_POA_03_ASEReadCounter.table","NW_015090842.1:7248535",250,501,251
"KCNG4","s1650_F_POA_03_ASEReadCounter.table","NW_015090842.1:7283056",2,2,0
"KCNG4","s1650_F_POA_03_ASEReadCounter.table","NW_015090842.1:7283245",1,2,1
"KCNG4","s1650_F_POA_03_ASEReadCounter.table","NW_015090842.1:7301227",1,1,0
"KCNG4","s1650_F_POA_03_ASEReadCounter.table","NW_015090842.1:7301240",1,1,0
"WFDC1","s1650_F_POA_03_ASEReadCounter.table","NW_015090842.1:7366517",1,1,0
"WFDC1","s1650_F_POA_03_ASEReadCounter.table","NW_015090842.1:7373367",1,1,0
"WFDC1","s1650_F_POA_03_ASEReadCounter.table","NW_015090842.1:7375828",0,2,2
"WFDC1","s1650_F_POA_03_ASEReadCounter.table","NW_015090842.1:7378036",0,1,1
"WFDC1","s1650_F_POA_03_ASEReadCounter.table","NW_015090842.1:7379125",1,2,1
"WFDC1","s1650_F_POA_03_ASEReadCounter.table","NW_015090842.1:7379576",3,3,0
"WFDC1","s1650_F_POA_03_ASEReadCounter.table","NW_015090842.1:7379596",1,1,0
"WFDC1","s1650_F_POA_03_ASEReadCounter.table","NW_015090842.1:7379605",2,2,0
"WFDC1","s1650_F_POA_03_ASEReadCounter.table","NW_015090842.1:7379626",2,2,0
"WFDC1","s1650_F_POA_03_ASEReadCounter.table","NW_015090842.1:7379631",2,2,0
"WFDC1","s1650_F_POA_03_ASEReadCounter.table","NW_015090842.1:7379632",2,2,0
"WFDC1","s1650_F_POA_03_ASEReadCounter.table","NW_015090842.1:7379652",1,1,0
"WFDC1","s1650_F_POA_03_ASEReadCounter.table","NW_015090842.1:7379669",1,1,0
"WFDC1","s1650_F_POA_03_ASEReadCounter.table","NW_015090842.1:7379674",1,1,0
"WFDC1","s1650_F_POA_03_ASEReadCounter.table","NW_015090842.1:7379933",0,2,2
"WFDC1","s1650_F_POA_03_ASEReadCounter.table","NW_015090842.1:7379935",0,2,2
"WFDC1","s1650_F_POA_03_ASEReadCounter.table","NW_015090842.1:7379983",0,2,2
"WFDC1","s1650_F_POA_03_ASEReadCounter.table","NW_015090842.1:7380060",0,2,2
"WFDC1","s1650_F_POA_03_ASEReadCounter.table","NW_015090842.1:7380164",0,1,1
"WFDC1","s1650_F_POA_03_ASEReadCounter.table","NW_015090842.1:7380237",1,3,2
"WFDC1","s1650_F_POA_03_ASEReadCounter.table","NW_015090842.1:7380261",2,3,1
"WFDC1","s1650_F_POA_03_ASEReadCounter.table","NW_015090842.1:7380322",2,3,1
"WFDC1","s1650_F_POA_03_ASEReadCounter.table","NW_015090842.1:7380491",0,1,1
"WFDC1","s1650_F_POA_03_ASEReadCounter.table","NW_015090842.1:7380672",0,1,1
"WFDC1","s1650_F_POA_03_ASEReadCounter.table","NW_015090842.1:7380852",0,3,3
"WFDC1","s1650_F_POA_03_ASEReadCounter.table","NW_015090842.1:7380878",0,1,1
"WFDC1","s1650_F_POA_03_ASEReadCounter.table","NW_015090842.1:7381081",0,5,5
"WFDC1","s1650_F_POA_03_ASEReadCounter.table","NW_015090842.1:7381127",0,5,5
"WFDC1","s1650_F_POA_03_ASEReadCounter.table","NW_015090842.1:7381195",0,1,1
"WFDC1","s1650_F_POA_03_ASEReadCounter.table","NW_015090842.1:7381253",0,2,2
"WFDC1","s1650_F_POA_03_ASEReadCounter.table","NW_015090842.1:7381378",0,2,2
"WFDC1","s1650_F_POA_03_ASEReadCounter.table","NW_015090842.1:7381433",1,4,3
"WFDC1","s1650_F_POA_03_ASEReadCounter.table","NW_015090842.1:7381434",1,5,4
"WFDC1","s1650_F_POA_03_ASEReadCounter.table","NW_015090842.1:7381442",1,5,4
"WFDC1","s1650_F_POA_03_ASEReadCounter.table","NW_015090842.1:7381517",1,4,3
"WFDC1","s1650_F_POA_03_ASEReadCounter.table","NW_015090842.1:7381520",1,3,2
"WFDC1","s1650_F_POA_03_ASEReadCounter.table","NW_015090842.1:7381677",0,1,1
"WFDC1","s1650_F_POA_03_ASEReadCounter.table","NW_015090842.1:7381709",0,1,1
"ATP2C2","s1650_F_POA_03_ASEReadCounter.table","NW_015090842.1:7392613",0,1,1
"ATP2C2","s1650_F_POA_03_ASEReadCounter.table","NW_015090842.1:7395366",0,1,1
"ATP2C2","s1650_F_POA_03_ASEReadCounter.table","NW_015090842.1:7396756",0,1,1
"ATP2C2","s1650_F_POA_03_ASEReadCounter.table","NW_015090842.1:7397049",0,1,1
"ATP2C2","s1650_F_POA_03_ASEReadCounter.table","NW_015090842.1:7398395",0,1,1
"ATP2C2","s1650_F_POA_03_ASEReadCounter.table","NW_015090842.1:7413855",1,17,16
"ATP2C2","s1650_F_POA_03_ASEReadCounter.table","NW_015090842.1:7413869",0,16,16
"ATP2C2","s1650_F_POA_03_ASEReadCounter.table","NW_015090842.1:7413875",0,16,16
"TLDC1","s1650_F_POA_03_ASEReadCounter.table","NW_015090842.1:7421137",43,65,22
"TLDC1","s1650_F_POA_03_ASEReadCounter.table","NW_015090842.1:7421155",50,68,18
"TLDC1","s1650_F_POA_03_ASEReadCounter.table","NW_015090842.1:7421218",59,74,15
"TLDC1","s1650_F_POA_03_ASEReadCounter.table","NW_015090842.1:7421399",46,63,17
"TLDC1","s1650_F_POA_03_ASEReadCounter.table","NW_015090842.1:7421402",47,64,17
"TLDC1","s1650_F_POA_03_ASEReadCounter.table","NW_015090842.1:7421528",43,73,30
"TLDC1","s1650_F_POA_03_ASEReadCounter.table","NW_015090842.1:7421532",42,70,28
"TLDC1","s1650_F_POA_03_ASEReadCounter.table","NW_015090842.1:7421621",48,67,19
"TLDC1","s1650_F_POA_03_ASEReadCounter.table","NW_015090842.1:7421647",45,63,18
"TLDC1","s1650_F_POA_03_ASEReadCounter.table","NW_015090842.1:7421657",41,61,20
"TLDC1","s1650_F_POA_03_ASEReadCounter.table","NW_015090842.1:7421693",42,57,15
"TLDC1","s1650_F_POA_03_ASEReadCounter.table","NW_015090842.1:7421796",34,50,16
"TLDC1","s1650_F_POA_03_ASEReadCounter.table","NW_015090842.1:7421810",34,53,19
"TLDC1","s1650_F_POA_03_ASEReadCounter.table","NW_015090842.1:7421833",42,62,20
"TLDC1","s1650_F_POA_03_ASEReadCounter.table","NW_015090842.1:7421879",48,76,28
"TLDC1","s1650_F_POA_03_ASEReadCounter.table","NW_015090842.1:7421914",49,77,28
"TLDC1","s1650_F_POA_03_ASEReadCounter.table","NW_015090842.1:7421969",37,58,21
"TLDC1","s1650_F_POA_03_ASEReadCounter.table","NW_015090842.1:7422015",32,61,29
"TLDC1","s1650_F_POA_03_ASEReadCounter.table","NW_015090842.1:7422042",61,90,29
"TLDC1","s1650_F_POA_03_ASEReadCounter.table","NW_015090842.1:7422230",54,76,22
"TLDC1","s1650_F_POA_03_ASEReadCounter.table","NW_015090842.1:7423349",42,67,25
"TLDC1","s1650_F_POA_03_ASEReadCounter.table","NW_015090842.1:7423362",34,60,26
"TLDC1","s1650_F_POA_03_ASEReadCounter.table","NW_015090842.1:7426091",32,47,15
"TLDC1","s1650_F_POA_03_ASEReadCounter.table","NW_015090842.1:7426485",18,34,16
"TLDC1","s1650_F_POA_03_ASEReadCounter.table","NW_015090842.1:7427211",26,40,14
"TLDC1","s1650_F_POA_03_ASEReadCounter.table","NW_015090842.1:7428179",18,32,14
"COTL1","s1650_F_POA_03_ASEReadCounter.table","NW_015090842.1:7490744",539,1266,727
"COTL1","s1650_F_POA_03_ASEReadCounter.table","NW_015090842.1:7491051",405,970,565
"COTL1","s1650_F_POA_03_ASEReadCounter.table","NW_015090842.1:7491124",407,888,481
"COTL1","s1650_F_POA_03_ASEReadCounter.table","NW_015090842.1:7491418",240,550,310
"COTL1","s1650_F_POA_03_ASEReadCounter.table","NW_015090842.1:7491539",205,461,256
"COTL1","s1650_F_POA_03_ASEReadCounter.table","NW_015090842.1:7491585",324,689,365
"COTL1","s1650_F_POA_03_ASEReadCounter.table","NW_015090842.1:7491586",317,713,396
"COTL1","s1650_F_POA_03_ASEReadCounter.table","NW_015090842.1:7491646",378,901,523
"COTL1","s1650_F_POA_03_ASEReadCounter.table","NW_015090842.1:7491747",260,626,366
"COTL1","s1650_F_POA_03_ASEReadCounter.table","NW_015090842.1:7491803",270,633,363
"COTL1","s1650_F_POA_03_ASEReadCounter.table","NW_015090842.1:7506078",0,2,2
"COTL1","s1650_F_POA_03_ASEReadCounter.table","NW_015090842.1:7507551",0,1,1
"COTL1","s1650_F_POA_03_ASEReadCounter.table","NW_015090842.1:7507563",0,1,1
"COTL1","s1650_F_POA_03_ASEReadCounter.table","NW_015090842.1:7510900",0,1,1
"COTL1","s1650_F_POA_03_ASEReadCounter.table","NW_015090842.1:7513196",1,1,0
"COTL1","s1650_F_POA_03_ASEReadCounter.table","NW_015090842.1:7513223",1,1,0
"COTL1","s1650_F_POA_03_ASEReadCounter.table","NW_015090842.1:7513239",1,1,0
"KLHL36","s1650_F_POA_03_ASEReadCounter.table","NW_015090842.1:7514700",25,45,20
"KLHL36","s1650_F_POA_03_ASEReadCounter.table","NW_015090842.1:7519691",0,2,2
"KLHL36","s1650_F_POA_03_ASEReadCounter.table","NW_015090842.1:7519696",0,2,2
"KLHL36","s1650_F_POA_03_ASEReadCounter.table","NW_015090842.1:7526160",28,47,19
"KLHL36","s1650_F_POA_03_ASEReadCounter.table","NW_015090842.1:7526469",22,36,14
"KLHL36","s1650_F_POA_03_ASEReadCounter.table","NW_015090842.1:7526587",14,26,12
"KLHL36","s1650_F_POA_03_ASEReadCounter.table","NW_015090842.1:7526997",15,29,14
"KLHL36","s1650_F_POA_03_ASEReadCounter.table","NW_015090842.1:7527142",13,21,8
"KLHL36","s1650_F_POA_03_ASEReadCounter.table","NW_015090842.1:7535174",47,84,37
"KLHL36","s1650_F_POA_03_ASEReadCounter.table","NW_015090842.1:7535384",40,71,31
"KLHL36","s1650_F_POA_03_ASEReadCounter.table","NW_015090842.1:7535420",46,79,33
"KLHL36","s1650_F_POA_03_ASEReadCounter.table","NW_015090842.1:7535545",24,42,18
"KLHL36","s1650_F_POA_03_ASEReadCounter.table","NW_015090842.1:7535829",42,71,29
"KLHL36","s1650_F_POA_03_ASEReadCounter.table","NW_015090842.1:7535977",34,61,27
"KLHL36","s1650_F_POA_03_ASEReadCounter.table","NW_015090842.1:7536010",40,75,35
"KLHL36","s1650_F_POA_03_ASEReadCounter.table","NW_015090842.1:7536051",42,83,41
"KLHL36","s1650_F_POA_03_ASEReadCounter.table","NW_015090842.1:7536096",38,68,30
"KLHL36","s1650_F_POA_03_ASEReadCounter.table","NW_015090842.1:7536135",38,71,33
"KLHL36","s1650_F_POA_03_ASEReadCounter.table","NW_015090842.1:7536136",38,66,28
"KLHL36","s1650_F_POA_03_ASEReadCounter.table","NW_015090842.1:7536160",41,70,29
"KLHL36","s1650_F_POA_03_ASEReadCounter.table","NW_015090842.1:7536336",36,81,45
"KLHL36","s1650_F_POA_03_ASEReadCounter.table","NW_015090842.1:7536352",36,84,48
"KLHL36","s1650_F_POA_03_ASEReadCounter.table","NW_015090842.1:7536412",32,70,38
"KLHL36","s1650_F_POA_03_ASEReadCounter.table","NW_015090842.1:7536418",31,70,39
"KLHL36","s1650_F_POA_03_ASEReadCounter.table","NW_015090842.1:7536465",39,68,29
"KLHL36","s1650_F_POA_03_ASEReadCounter.table","NW_015090842.1:7536466",37,67,30
"KLHL36","s1650_F_POA_03_ASEReadCounter.table","NW_015090842.1:7536553",40,81,41
"KLHL36","s1650_F_POA_03_ASEReadCounter.table","NW_015090842.1:7536698",54,112,58
"KLHL36","s1650_F_POA_03_ASEReadCounter.table","NW_015090842.1:7536713",30,91,61
"KLHL36","s1650_F_POA_03_ASEReadCounter.table","NW_015090842.1:7536720",54,104,50
"KLHL36","s1650_F_POA_03_ASEReadCounter.table","NW_015090842.1:7536791",42,95,53
"KLHL36","s1650_F_POA_03_ASEReadCounter.table","NW_015090842.1:7536849",32,72,40
"KLHL36","s1650_F_POA_03_ASEReadCounter.table","NW_015090842.1:7536872",36,74,38
"KLHL36","s1650_F_POA_03_ASEReadCounter.table","NW_015090842.1:7536878",39,76,37
"KLHL36","s1650_F_POA_03_ASEReadCounter.table","NW_015090842.1:7536916",44,83,39
"KLHL36","s1650_F_POA_03_ASEReadCounter.table","NW_015090842.1:7536927",48,108,60
"KLHL36","s1650_F_POA_03_ASEReadCounter.table","NW_015090842.1:7537315",71,125,54
"KLHL36","s1650_F_POA_03_ASEReadCounter.table","NW_015090842.1:7537352",64,114,50
"KLHL36","s1650_F_POA_03_ASEReadCounter.table","NW_015090842.1:7537631",69,144,75
"KLHL36","s1650_F_POA_03_ASEReadCounter.table","NW_015090842.1:7537830",99,187,88
"KLHL36","s1650_F_POA_03_ASEReadCounter.table","NW_015090842.1:7537838",88,180,92
"KLHL36","s1650_F_POA_03_ASEReadCounter.table","NW_015090842.1:7538153",48,135,87
"KLHL36","s1650_F_POA_03_ASEReadCounter.table","NW_015090842.1:7538256",34,105,71
"KLHL36","s1650_F_POA_03_ASEReadCounter.table","NW_015090842.1:7538265",32,100,68
"KLHL36","s1650_F_POA_03_ASEReadCounter.table","NW_015090842.1:7538300",38,101,63
"USP10","s1650_F_POA_03_ASEReadCounter.table","NW_015090842.1:7563972",2,3,1
"USP10","s1650_F_POA_03_ASEReadCounter.table","NW_015090842.1:7571816",16,38,22
"USP10","s1650_F_POA_03_ASEReadCounter.table","NW_015090842.1:7571993",11,39,28
"USP10","s1650_F_POA_03_ASEReadCounter.table","NW_015090842.1:7572580",28,72,44
"USP10","s1650_F_POA_03_ASEReadCounter.table","NW_015090842.1:7587372",89,179,90
"CRISPLD2","s1650_F_POA_03_ASEReadCounter.table","NW_015090842.1:7609844",0,1,1
"CRISPLD2","s1650_F_POA_03_ASEReadCounter.table","NW_015090842.1:7609845",0,1,1
"CRISPLD2","s1650_F_POA_03_ASEReadCounter.table","NW_015090842.1:7609883",0,1,1
"CRISPLD2","s1650_F_POA_03_ASEReadCounter.table","NW_015090842.1:7610084",2,3,1
"CRISPLD2","s1650_F_POA_03_ASEReadCounter.table","NW_015090842.1:7625451",3,3,0
"CRISPLD2","s1650_F_POA_03_ASEReadCounter.table","NW_015090842.1:7626214",5,5,0
"CRISPLD2","s1650_F_POA_03_ASEReadCounter.table","NW_015090842.1:7630784",4,4,0
"CRISPLD2","s1650_F_POA_03_ASEReadCounter.table","NW_015090842.1:7630823",5,5,0
"CRISPLD2","s1650_F_POA_03_ASEReadCounter.table","NW_015090842.1:7633326",5,5,0
"CRISPLD2","s1650_F_POA_03_ASEReadCounter.table","NW_015090842.1:7633336",5,6,1
"CRISPLD2","s1650_F_POA_03_ASEReadCounter.table","NW_015090842.1:7633381",5,6,1
"CRISPLD2","s1650_F_POA_03_ASEReadCounter.table","NW_015090842.1:7633388",5,6,1
"CRISPLD2","s1650_F_POA_03_ASEReadCounter.table","NW_015090842.1:7633400",5,6,1
"CRISPLD2","s1650_F_POA_03_ASEReadCounter.table","NW_015090842.1:7633486",3,4,1
"CRISPLD2","s1650_F_POA_03_ASEReadCounter.table","NW_015090842.1:7633503",2,3,1
"CRISPLD2","s1650_F_POA_03_ASEReadCounter.table","NW_015090842.1:7633504",2,3,1
"CRISPLD2","s1650_F_POA_03_ASEReadCounter.table","NW_015090842.1:7633557",2,2,0
"CRISPLD2","s1650_F_POA_03_ASEReadCounter.table","NW_015090842.1:7633571",2,2,0
"CRISPLD2","s1650_F_POA_03_ASEReadCounter.table","NW_015090842.1:7633588",2,2,0
"CRISPLD2","s1650_F_POA_03_ASEReadCounter.table","NW_015090842.1:7633617",2,2,0
"CRISPLD2","s1650_F_POA_03_ASEReadCounter.table","NW_015090842.1:7633695",2,4,2
"CRISPLD2","s1650_F_POA_03_ASEReadCounter.table","NW_015090842.1:7633721",2,4,2
"CRISPLD2","s1650_F_POA_03_ASEReadCounter.table","NW_015090842.1:7633888",0,1,1
"CRISPLD2","s1650_F_POA_03_ASEReadCounter.table","NW_015090842.1:7634142",3,3,0
"CRISPLD2","s1650_F_POA_03_ASEReadCounter.table","NW_015090842.1:7634417",1,1,0
"CRISPLD2","s1650_F_POA_03_ASEReadCounter.table","NW_015090842.1:7634825",1,1,0
"CRISPLD2","s1650_F_POA_03_ASEReadCounter.table","NW_015090842.1:7635009",0,1,1
"CRISPLD2","s1650_F_POA_03_ASEReadCounter.table","NW_015090842.1:7635208",0,1,1
"CRISPLD2","s1650_F_POA_03_ASEReadCounter.table","NW_015090842.1:7635373",3,4,1
"CRISPLD2","s1650_F_POA_03_ASEReadCounter.table","NW_015090842.1:7635525",1,1,0
"CRISPLD2","s1650_F_POA_03_ASEReadCounter.table","NW_015090842.1:7635583",2,2,0
"CRISPLD2","s1650_F_POA_03_ASEReadCounter.table","NW_015090842.1:7635924",1,1,0
"LOC106888312","s1650_F_POA_03_ASEReadCounter.table","NW_015090842.1:7727001",1,1,0
"LOC106888312","s1650_F_POA_03_ASEReadCounter.table","NW_015090842.1:7727036",0,1,1
"LOC106888312","s1650_F_POA_03_ASEReadCounter.table","NW_015090842.1:7727072",0,1,1
"LOC106888312","s1650_F_POA_03_ASEReadCounter.table","NW_015090842.1:7732860",1,1,0
"LOC106888312","s1650_F_POA_03_ASEReadCounter.table","NW_015090842.1:7732861",1,1,0
"LOC106888312","s1650_F_POA_03_ASEReadCounter.table","NW_015090842.1:7732918",1,1,0
"LOC106888312","s1650_F_POA_03_ASEReadCounter.table","NW_015090842.1:7733142",1,1,0
"LOC106888312","s1650_F_POA_03_ASEReadCounter.table","NW_015090842.1:7733196",2,2,0
"LOC106888312","s1650_F_POA_03_ASEReadCounter.table","NW_015090842.1:7733507",1,1,0
"LOC106888312","s1650_F_POA_03_ASEReadCounter.table","NW_015090842.1:7733508",1,1,0
"LOC106888312","s1650_F_POA_03_ASEReadCounter.table","NW_015090842.1:7733518",1,1,0
"ZDHHC7","s1650_F_POA_03_ASEReadCounter.table","NW_015090842.1:7737199",31,65,34
"ZDHHC7","s1650_F_POA_03_ASEReadCounter.table","NW_015090842.1:7737332",15,46,31
"ZDHHC7","s1650_F_POA_03_ASEReadCounter.table","NW_015090842.1:7737553",46,96,50
"ZDHHC7","s1650_F_POA_03_ASEReadCounter.table","NW_015090842.1:7737920",39,70,31
"ZDHHC7","s1650_F_POA_03_ASEReadCounter.table","NW_015090842.1:7737953",31,65,34
"ZDHHC7","s1650_F_POA_03_ASEReadCounter.table","NW_015090842.1:7737987",30,61,31
"ZDHHC7","s1650_F_POA_03_ASEReadCounter.table","NW_015090842.1:7738068",18,34,16
"ZDHHC7","s1650_F_POA_03_ASEReadCounter.table","NW_015090842.1:7738204",16,40,24
"LOC106888097","s1650_F_POA_03_ASEReadCounter.table","NW_015090842.1:7767178",5,12,7
"LOC106888097","s1650_F_POA_03_ASEReadCounter.table","NW_015090842.1:7767187",4,11,7
"LOC106888097","s1650_F_POA_03_ASEReadCounter.table","NW_015090842.1:7768144",12,27,15
"LOC106888097","s1650_F_POA_03_ASEReadCounter.table","NW_015090842.1:7768196",19,36,17
"LOC106888097","s1650_F_POA_03_ASEReadCounter.table","NW_015090842.1:7769884",16,28,12
"LOC106888097","s1650_F_POA_03_ASEReadCounter.table","NW_015090842.1:7769893",15,26,11
"LOC106888097","s1650_F_POA_03_ASEReadCounter.table","NW_015090842.1:7770245",17,41,24
"LOC106888097","s1650_F_POA_03_ASEReadCounter.table","NW_015090842.1:7772402",14,35,21
"LOC106888097","s1650_F_POA_03_ASEReadCounter.table","NW_015090842.1:7772483",17,41,24
"LOC106888097","s1650_F_POA_03_ASEReadCounter.table","NW_015090842.1:7772490",15,39,24
"LOC106888097","s1650_F_POA_03_ASEReadCounter.table","NW_015090842.1:7774281",25,54,29
"LOC106888097","s1650_F_POA_03_ASEReadCounter.table","NW_015090842.1:7774552",27,77,50
"LOC106888097","s1650_F_POA_03_ASEReadCounter.table","NW_015090842.1:7774564",25,74,49
"LOC106888097","s1650_F_POA_03_ASEReadCounter.table","NW_015090842.1:7774611",19,61,42
"LOC106888097","s1650_F_POA_03_ASEReadCounter.table","NW_015090842.1:7774681",27,61,34
"LOC106888097","s1650_F_POA_03_ASEReadCounter.table","NW_015090842.1:7774698",23,54,31
"LOC106888097","s1650_F_POA_03_ASEReadCounter.table","NW_015090842.1:7774730",14,31,17
"LOC106888097","s1650_F_POA_03_ASEReadCounter.table","NW_015090842.1:7774778",5,6,1
"LOC106888097","s1650_F_POA_03_ASEReadCounter.table","NW_015090842.1:7774793",5,6,1
"FOXC2","s1650_F_POA_03_ASEReadCounter.table","NW_015090842.1:8129599",6,15,9
"FOXC2","s1650_F_POA_03_ASEReadCounter.table","NW_015090842.1:8129616",4,12,8
"FOXC2","s1650_F_POA_03_ASEReadCounter.table","NW_015090842.1:8129715",6,17,11
"FOXC2","s1650_F_POA_03_ASEReadCounter.table","NW_015090842.1:8129719",6,18,12
"FOXC2","s1650_F_POA_03_ASEReadCounter.table","NW_015090842.1:8130244",5,14,9
"FOXC2","s1650_F_POA_03_ASEReadCounter.table","NW_015090842.1:8130472",3,13,10
"FOXC2","s1650_F_POA_03_ASEReadCounter.table","NW_015090842.1:8130490",3,13,10
"FOXC2","s1650_F_POA_03_ASEReadCounter.table","NW_015090842.1:8130547",3,11,8
"FOXC2","s1650_F_POA_03_ASEReadCounter.table","NW_015090842.1:8130550",3,11,8
"FOXC2","s1650_F_POA_03_ASEReadCounter.table","NW_015090842.1:8130573",3,11,8
"FOXC2","s1650_F_POA_03_ASEReadCounter.table","NW_015090842.1:8130575",3,11,8
"MTHFSD","s1650_F_POA_03_ASEReadCounter.table","NW_015090842.1:8140051",11,21,10
"MTHFSD","s1650_F_POA_03_ASEReadCounter.table","NW_015090842.1:8142923",20,46,26
"MTHFSD","s1650_F_POA_03_ASEReadCounter.table","NW_015090842.1:8143029",21,49,28
"MTHFSD","s1650_F_POA_03_ASEReadCounter.table","NW_015090842.1:8152035",8,30,22
"MTHFSD","s1650_F_POA_03_ASEReadCounter.table","NW_015090842.1:8152315",9,22,13
"MTHFSD","s1650_F_POA_03_ASEReadCounter.table","NW_015090842.1:8152511",13,32,19
"MTHFSD","s1650_F_POA_03_ASEReadCounter.table","NW_015090842.1:8152518",13,31,18
"MTHFSD","s1650_F_POA_03_ASEReadCounter.table","NW_015090842.1:8152553",8,24,16
"MTHFSD","s1650_F_POA_03_ASEReadCounter.table","NW_015090842.1:8152773",16,37,21
"MTHFSD","s1650_F_POA_03_ASEReadCounter.table","NW_015090842.1:8152805",18,41,23
"FOXF1","s1650_F_POA_03_ASEReadCounter.table","NW_015090842.1:8167588",0,1,1
"IRF8","s1650_F_POA_03_ASEReadCounter.table","NW_015090842.1:8406652",4,15,11
"IRF8","s1650_F_POA_03_ASEReadCounter.table","NW_015090842.1:8406703",8,20,12
"IRF8","s1650_F_POA_03_ASEReadCounter.table","NW_015090842.1:8406704",9,22,13
"IRF8","s1650_F_POA_03_ASEReadCounter.table","NW_015090842.1:8406757",8,24,16
"IRF8","s1650_F_POA_03_ASEReadCounter.table","NW_015090842.1:8406778",7,22,15
"IRF8","s1650_F_POA_03_ASEReadCounter.table","NW_015090842.1:8406819",6,20,14
"IRF8","s1650_F_POA_03_ASEReadCounter.table","NW_015090842.1:8406941",9,24,15
"IRF8","s1650_F_POA_03_ASEReadCounter.table","NW_015090842.1:8407008",11,17,6
"IRF8","s1650_F_POA_03_ASEReadCounter.table","NW_015090842.1:8407057",10,15,5
"IRF8","s1650_F_POA_03_ASEReadCounter.table","NW_015090842.1:8407064",11,18,7
"IRF8","s1650_F_POA_03_ASEReadCounter.table","NW_015090842.1:8407069",12,17,5
"IRF8","s1650_F_POA_03_ASEReadCounter.table","NW_015090842.1:8407120",9,16,7
"IRF8","s1650_F_POA_03_ASEReadCounter.table","NW_015090842.1:8407157",11,14,3
"IRF8","s1650_F_POA_03_ASEReadCounter.table","NW_015090842.1:8407203",13,19,6
"IRF8","s1650_F_POA_03_ASEReadCounter.table","NW_015090842.1:8407272",15,26,11
"IRF8","s1650_F_POA_03_ASEReadCounter.table","NW_015090842.1:8407276",13,23,10
"IRF8","s1650_F_POA_03_ASEReadCounter.table","NW_015090842.1:8407303",19,33,14
"IRF8","s1650_F_POA_03_ASEReadCounter.table","NW_015090842.1:8407451",13,17,4
"IRF8","s1650_F_POA_03_ASEReadCounter.table","NW_015090842.1:8407456",13,18,5
"IRF8","s1650_F_POA_03_ASEReadCounter.table","NW_015090842.1:8408564",10,15,5
"IRF8","s1650_F_POA_03_ASEReadCounter.table","NW_015090842.1:8408585",14,14,0
"IRF8","s1650_F_POA_03_ASEReadCounter.table","NW_015090842.1:8408973",5,17,12
"IRF8","s1650_F_POA_03_ASEReadCounter.table","NW_015090842.1:8409060",5,10,5
"IRF8","s1650_F_POA_03_ASEReadCounter.table","NW_015090842.1:8409065",5,10,5
"IRF8","s1650_F_POA_03_ASEReadCounter.table","NW_015090842.1:8409254",3,10,7
"IRF8","s1650_F_POA_03_ASEReadCounter.table","NW_015090842.1:8409255",3,11,8
"IRF8","s1650_F_POA_03_ASEReadCounter.table","NW_015090842.1:8409258",3,10,7
"IRF8","s1650_F_POA_03_ASEReadCounter.table","NW_015090842.1:8409312",5,8,3
"IRF8","s1650_F_POA_03_ASEReadCounter.table","NW_015090842.1:8410216",4,12,8
"IRF8","s1650_F_POA_03_ASEReadCounter.table","NW_015090842.1:8410237",3,11,8
"IRF8","s1650_F_POA_03_ASEReadCounter.table","NW_015090842.1:8410276",14,14,0
"IRF8","s1650_F_POA_03_ASEReadCounter.table","NW_015090842.1:8410813",6,13,7
"IRF8","s1650_F_POA_03_ASEReadCounter.table","NW_015090842.1:8410861",2,12,10
"IRF8","s1650_F_POA_03_ASEReadCounter.table","NW_015090842.1:8411940",3,13,10
"IRF8","s1650_F_POA_03_ASEReadCounter.table","NW_015090842.1:8412006",1,7,6
"IRF8","s1650_F_POA_03_ASEReadCounter.table","NW_015090842.1:8412042",1,3,2
"DUSP15","s1650_F_POA_03_ASEReadCounter.table","NW_015090842.1:8422898",0,1,1
"DUSP15","s1650_F_POA_03_ASEReadCounter.table","NW_015090842.1:8422909",0,1,1
"COX4I1","s1650_F_POA_03_ASEReadCounter.table","NW_015090842.1:8442258",1110,2161,1051
"COX4I1","s1650_F_POA_03_ASEReadCounter.table","NW_015090842.1:8442333",1013,1824,811
"EMC8","s1650_F_POA_03_ASEReadCounter.table","NW_015090842.1:8444046",48,105,57
"EMC8","s1650_F_POA_03_ASEReadCounter.table","NW_015090842.1:8444064",51,93,42
"EMC8","s1650_F_POA_03_ASEReadCounter.table","NW_015090842.1:8452029",22,66,44
"EMC8","s1650_F_POA_03_ASEReadCounter.table","NW_015090842.1:8452116",28,75,47
"EMC8","s1650_F_POA_03_ASEReadCounter.table","NW_015090842.1:8452121",28,77,49
"EMC8","s1650_F_POA_03_ASEReadCounter.table","NW_015090842.1:8452222",27,65,38
"EMC8","s1650_F_POA_03_ASEReadCounter.table","NW_015090842.1:8452244",27,67,40
"EMC8","s1650_F_POA_03_ASEReadCounter.table","NW_015090842.1:8452477",5,15,10
"EMC8","s1650_F_POA_03_ASEReadCounter.table","NW_015090842.1:8452498",5,17,12
"EMC8","s1650_F_POA_03_ASEReadCounter.table","NW_015090842.1:8452535",3,12,9
"EMC8","s1650_F_POA_03_ASEReadCounter.table","NW_015090842.1:8452575",6,14,8
"EMC8","s1650_F_POA_03_ASEReadCounter.table","NW_015090842.1:8452600",5,16,11
"EMC8","s1650_F_POA_03_ASEReadCounter.table","NW_015090842.1:8452616",6,13,7
"EMC8","s1650_F_POA_03_ASEReadCounter.table","NW_015090842.1:8452630",6,12,6
"EMC8","s1650_F_POA_03_ASEReadCounter.table","NW_015090842.1:8452650",7,14,7
"EMC8","s1650_F_POA_03_ASEReadCounter.table","NW_015090842.1:8452678",11,22,11
"EMC8","s1650_F_POA_03_ASEReadCounter.table","NW_015090842.1:8452724",6,16,10
"EMC8","s1650_F_POA_03_ASEReadCounter.table","NW_015090842.1:8452731",6,15,9
"EMC8","s1650_F_POA_03_ASEReadCounter.table","NW_015090842.1:8452743",5,17,12
"EMC8","s1650_F_POA_03_ASEReadCounter.table","NW_015090842.1:8452750",5,17,12
"EMC8","s1650_F_POA_03_ASEReadCounter.table","NW_015090842.1:8452778",5,21,16
"EMC8","s1650_F_POA_03_ASEReadCounter.table","NW_015090842.1:8452783",8,25,17
"EMC8","s1650_F_POA_03_ASEReadCounter.table","NW_015090842.1:8452800",10,26,16
"EMC8","s1650_F_POA_03_ASEReadCounter.table","NW_015090842.1:8452804",10,27,17
"EMC8","s1650_F_POA_03_ASEReadCounter.table","NW_015090842.1:8452812",10,25,15
"EMC8","s1650_F_POA_03_ASEReadCounter.table","NW_015090842.1:8452858",10,21,11
"EMC8","s1650_F_POA_03_ASEReadCounter.table","NW_015090842.1:8452906",16,29,13
"EMC8","s1650_F_POA_03_ASEReadCounter.table","NW_015090842.1:8452913",14,26,12
"EMC8","s1650_F_POA_03_ASEReadCounter.table","NW_015090842.1:8453000",17,40,23
"EMC8","s1650_F_POA_03_ASEReadCounter.table","NW_015090842.1:8453007",17,41,24
"EMC8","s1650_F_POA_03_ASEReadCounter.table","NW_015090842.1:8453058",21,38,17
"EMC8","s1650_F_POA_03_ASEReadCounter.table","NW_015090842.1:8453106",18,34,16
"GINS2","s1650_F_POA_03_ASEReadCounter.table","NW_015090842.1:8466420",12,12,0
"GINS2","s1650_F_POA_03_ASEReadCounter.table","NW_015090842.1:8466424",12,12,0
"GINS2","s1650_F_POA_03_ASEReadCounter.table","NW_015090842.1:8466518",7,8,1
"GINS2","s1650_F_POA_03_ASEReadCounter.table","NW_015090842.1:8468482",13,22,9
"GINS2","s1650_F_POA_03_ASEReadCounter.table","NW_015090842.1:8470290",25,35,10
"GINS2","s1650_F_POA_03_ASEReadCounter.table","NW_015090842.1:8470305",25,33,8
"GINS2","s1650_F_POA_03_ASEReadCounter.table","NW_015090842.1:8470381",25,36,11
"GINS2","s1650_F_POA_03_ASEReadCounter.table","NW_015090842.1:8470418",23,33,10
"GINS2","s1650_F_POA_03_ASEReadCounter.table","NW_015090842.1:8470421",19,28,9
"GINS2","s1650_F_POA_03_ASEReadCounter.table","NW_015090842.1:8470430",13,23,10
"GINS2","s1650_F_POA_03_ASEReadCounter.table","NW_015090842.1:8470433",13,23,10
"GINS2","s1650_F_POA_03_ASEReadCounter.table","NW_015090842.1:8470457",8,13,5
"GINS2","s1650_F_POA_03_ASEReadCounter.table","NW_015090842.1:8470491",9,17,8
"GINS2","s1650_F_POA_03_ASEReadCounter.table","NW_015090842.1:8470548",16,25,9
"GINS2","s1650_F_POA_03_ASEReadCounter.table","NW_015090842.1:8470649",14,20,6
"GSE1","s1650_F_POA_03_ASEReadCounter.table","NW_015090842.1:8475362",65,116,51
"GSE1","s1650_F_POA_03_ASEReadCounter.table","NW_015090842.1:8475961",37,49,12
"GSE1","s1650_F_POA_03_ASEReadCounter.table","NW_015090842.1:8476027",31,53,22
"GSE1","s1650_F_POA_03_ASEReadCounter.table","NW_015090842.1:8476159",6,14,8
"GSE1","s1650_F_POA_03_ASEReadCounter.table","NW_015090842.1:8477442",0,18,18
"GSE1","s1650_F_POA_03_ASEReadCounter.table","NW_015090842.1:8477448",0,17,17
"GSE1","s1650_F_POA_03_ASEReadCounter.table","NW_015090842.1:8477662",0,12,12
"GSE1","s1650_F_POA_03_ASEReadCounter.table","NW_015090842.1:8477933",25,39,14
"GSE1","s1650_F_POA_03_ASEReadCounter.table","NW_015090842.1:8477945",25,40,15
"GSE1","s1650_F_POA_03_ASEReadCounter.table","NW_015090842.1:8483272",0,28,28
"GSE1","s1650_F_POA_03_ASEReadCounter.table","NW_015090842.1:8483367",0,5,5
"GSE1","s1650_F_POA_03_ASEReadCounter.table","NW_015090842.1:8483411",2,6,4
"GSE1","s1650_F_POA_03_ASEReadCounter.table","NW_015090842.1:8483756",4,20,16
"GSE1","s1650_F_POA_03_ASEReadCounter.table","NW_015090842.1:8486867",25,50,25
"GSE1","s1650_F_POA_03_ASEReadCounter.table","NW_015090842.1:8486939",24,59,35
"GSE1","s1650_F_POA_03_ASEReadCounter.table","NW_015090842.1:8486945",22,57,35
"GSE1","s1650_F_POA_03_ASEReadCounter.table","NW_015090842.1:8486993",18,38,20
"GSE1","s1650_F_POA_03_ASEReadCounter.table","NW_015090842.1:8487062",18,37,19
"GSE1","s1650_F_POA_03_ASEReadCounter.table","NW_015090842.1:8488065",11,18,7
"GSE1","s1650_F_POA_03_ASEReadCounter.table","NW_015090842.1:8488457",7,31,24
"GSE1","s1650_F_POA_03_ASEReadCounter.table","NW_015090842.1:8488463",6,32,26
"GSE1","s1650_F_POA_03_ASEReadCounter.table","NW_015090842.1:8488490",29,29,0
"GSE1","s1650_F_POA_03_ASEReadCounter.table","NW_015090842.1:8488505",10,37,27
"GSE1","s1650_F_POA_03_ASEReadCounter.table","NW_015090842.1:8490180",0,35,35
"KIAA0513","s1650_F_POA_03_ASEReadCounter.table","NW_015090842.1:8668363",74,170,96
"KIAA0513","s1650_F_POA_03_ASEReadCounter.table","NW_015090842.1:8668387",85,171,86
"KIAA0513","s1650_F_POA_03_ASEReadCounter.table","NW_015090842.1:8668390",86,165,79
"KIAA0513","s1650_F_POA_03_ASEReadCounter.table","NW_015090842.1:8673107",65,146,81
"KIAA0513","s1650_F_POA_03_ASEReadCounter.table","NW_015090842.1:8673147",65,152,87
"KIAA0513","s1650_F_POA_03_ASEReadCounter.table","NW_015090842.1:8674661",56,121,65
"KIAA0513","s1650_F_POA_03_ASEReadCounter.table","NW_015090842.1:8674685",49,105,56
"KIAA0513","s1650_F_POA_03_ASEReadCounter.table","NW_015090842.1:8674730",43,83,40
"KIAA0513","s1650_F_POA_03_ASEReadCounter.table","NW_015090842.1:8675525",53,114,61
"KIAA0513","s1650_F_POA_03_ASEReadCounter.table","NW_015090842.1:8675561",55,116,61
"KIAA0513","s1650_F_POA_03_ASEReadCounter.table","NW_015090842.1:8678608",1,23,22
"KIAA0513","s1650_F_POA_03_ASEReadCounter.table","NW_015090842.1:8686455",0,12,12
"KIAA0513","s1650_F_POA_03_ASEReadCounter.table","NW_015090842.1:8686508",0,15,15
"KIAA0513","s1650_F_POA_03_ASEReadCounter.table","NW_015090842.1:8686521",0,15,15
"KIAA0513","s1650_F_POA_03_ASEReadCounter.table","NW_015090842.1:8693642",3,3,0
"KIAA0513","s1650_F_POA_03_ASEReadCounter.table","NW_015090842.1:8693712",2,4,2
"KIAA0513","s1650_F_POA_03_ASEReadCounter.table","NW_015090842.1:8695794",0,1,1
"FBXO31","s1650_F_POA_03_ASEReadCounter.table","NW_015090842.1:8710240",30,67,37
"FBXO31","s1650_F_POA_03_ASEReadCounter.table","NW_015090842.1:8710372",24,42,18
"FBXO31","s1650_F_POA_03_ASEReadCounter.table","NW_015090842.1:8711239",28,52,24
"FBXO31","s1650_F_POA_03_ASEReadCounter.table","NW_015090842.1:8714565",18,45,27
"FBXO31","s1650_F_POA_03_ASEReadCounter.table","NW_015090842.1:8716001",10,21,11
"FBXO31","s1650_F_POA_03_ASEReadCounter.table","NW_015090842.1:8725162",1,1,0
"FBXO31","s1650_F_POA_03_ASEReadCounter.table","NW_015090842.1:8725163",1,1,0
"FBXO31","s1650_F_POA_03_ASEReadCounter.table","NW_015090842.1:8725170",1,1,0
"FBXO31","s1650_F_POA_03_ASEReadCounter.table","NW_015090842.1:8725187",1,1,0
"FBXO31","s1650_F_POA_03_ASEReadCounter.table","NW_015090842.1:8725188",1,1,0
"FBXO31","s1650_F_POA_03_ASEReadCounter.table","NW_015090842.1:8725190",1,1,0
"ZCCHC14","s1650_F_POA_03_ASEReadCounter.table","NW_015090842.1:8750174",43,68,25
"ZCCHC14","s1650_F_POA_03_ASEReadCounter.table","NW_015090842.1:8750189",61,73,12
"ZCCHC14","s1650_F_POA_03_ASEReadCounter.table","NW_015090842.1:8750365",37,62,25
"ZCCHC14","s1650_F_POA_03_ASEReadCounter.table","NW_015090842.1:8750433",20,42,22
"ZCCHC14","s1650_F_POA_03_ASEReadCounter.table","NW_015090842.1:8750449",30,55,25
"ZCCHC14","s1650_F_POA_03_ASEReadCounter.table","NW_015090842.1:8750456",33,61,28
"ZCCHC14","s1650_F_POA_03_ASEReadCounter.table","NW_015090842.1:8750497",37,71,34
"ZCCHC14","s1650_F_POA_03_ASEReadCounter.table","NW_015090842.1:8750547",33,60,27
"ZCCHC14","s1650_F_POA_03_ASEReadCounter.table","NW_015090842.1:8751100",5,12,7
"ZCCHC14","s1650_F_POA_03_ASEReadCounter.table","NW_015090842.1:8751374",25,41,16
"ZCCHC14","s1650_F_POA_03_ASEReadCounter.table","NW_015090842.1:8751403",22,45,23
"ZCCHC14","s1650_F_POA_03_ASEReadCounter.table","NW_015090842.1:8751517",28,49,21
"ZCCHC14","s1650_F_POA_03_ASEReadCounter.table","NW_015090842.1:8752060",8,20,12
"ZCCHC14","s1650_F_POA_03_ASEReadCounter.table","NW_015090842.1:8752172",10,31,21
"ZCCHC14","s1650_F_POA_03_ASEReadCounter.table","NW_015090842.1:8752183",14,37,23
"ZCCHC14","s1650_F_POA_03_ASEReadCounter.table","NW_015090842.1:8752198",16,41,25
"ZCCHC14","s1650_F_POA_03_ASEReadCounter.table","NW_015090842.1:8752248",31,55,24
"ZCCHC14","s1650_F_POA_03_ASEReadCounter.table","NW_015090842.1:8752326",23,42,19
"ZCCHC14","s1650_F_POA_03_ASEReadCounter.table","NW_015090842.1:8752393",24,47,23
"ZCCHC14","s1650_F_POA_03_ASEReadCounter.table","NW_015090842.1:8752914",14,37,23
"ZCCHC14","s1650_F_POA_03_ASEReadCounter.table","NW_015090842.1:8753528",10,16,6
"ZCCHC14","s1650_F_POA_03_ASEReadCounter.table","NW_015090842.1:8753892",7,17,10
"ZCCHC14","s1650_F_POA_03_ASEReadCounter.table","NW_015090842.1:8753910",5,15,10
"ZCCHC14","s1650_F_POA_03_ASEReadCounter.table","NW_015090842.1:8755096",4,9,5
"ZCCHC14","s1650_F_POA_03_ASEReadCounter.table","NW_015090842.1:8755327",6,9,3
"ZCCHC14","s1650_F_POA_03_ASEReadCounter.table","NW_015090842.1:8755723",1,6,5
"ZCCHC14","s1650_F_POA_03_ASEReadCounter.table","NW_015090842.1:8755739",1,4,3
"ZCCHC14","s1650_F_POA_03_ASEReadCounter.table","NW_015090842.1:8756149",3,7,4
"ZCCHC14","s1650_F_POA_03_ASEReadCounter.table","NW_015090842.1:8756347",4,8,4
"ZCCHC14","s1650_F_POA_03_ASEReadCounter.table","NW_015090842.1:8756361",4,8,4
"ZCCHC14","s1650_F_POA_03_ASEReadCounter.table","NW_015090842.1:8756388",3,4,1
"ZCCHC14","s1650_F_POA_03_ASEReadCounter.table","NW_015090842.1:8756389",3,4,1
"ZCCHC14","s1650_F_POA_03_ASEReadCounter.table","NW_015090842.1:8757160",3,7,4
"ZCCHC14","s1650_F_POA_03_ASEReadCounter.table","NW_015090842.1:8804511",1,3,2
"ZCCHC14","s1650_F_POA_03_ASEReadCounter.table","NW_015090842.1:8804979",0,1,1
"JPH3","s1650_F_POA_03_ASEReadCounter.table","NW_015090842.1:8845375",26,43,17
"JPH3","s1650_F_POA_03_ASEReadCounter.table","NW_015090842.1:8845640",38,82,44
"JPH3","s1650_F_POA_03_ASEReadCounter.table","NW_015090842.1:8845654",42,86,44
"JPH3","s1650_F_POA_03_ASEReadCounter.table","NW_015090842.1:8872283",34,80,46
"JPH3","s1650_F_POA_03_ASEReadCounter.table","NW_015090842.1:8872294",36,79,43
"JPH3","s1650_F_POA_03_ASEReadCounter.table","NW_015090842.1:8872730",53,112,59
"JPH3","s1650_F_POA_03_ASEReadCounter.table","NW_015090842.1:8885260",86,203,117
"JPH3","s1650_F_POA_03_ASEReadCounter.table","NW_015090842.1:8885315",77,182,105
"JPH3","s1650_F_POA_03_ASEReadCounter.table","NW_015090842.1:8885328",66,170,104
"JPH3","s1650_F_POA_03_ASEReadCounter.table","NW_015090842.1:8885438",70,165,95
"JPH3","s1650_F_POA_03_ASEReadCounter.table","NW_015090842.1:8885525",31,101,70
"KLHDC4","s1650_F_POA_03_ASEReadCounter.table","NW_015090842.1:8890729",59,102,43
"KLHDC4","s1650_F_POA_03_ASEReadCounter.table","NW_015090842.1:8890749",66,106,40
"KLHDC4","s1650_F_POA_03_ASEReadCounter.table","NW_015090842.1:8890761",67,111,44
"KLHDC4","s1650_F_POA_03_ASEReadCounter.table","NW_015090842.1:8891123",69,129,60
"KLHDC4","s1650_F_POA_03_ASEReadCounter.table","NW_015090842.1:8893124",48,82,34
"KLHDC4","s1650_F_POA_03_ASEReadCounter.table","NW_015090842.1:8894542",50,74,24
"KLHDC4","s1650_F_POA_03_ASEReadCounter.table","NW_015090842.1:8896726",41,60,19
"KLHDC4","s1650_F_POA_03_ASEReadCounter.table","NW_015090842.1:8896767",43,57,14
"KLHDC4","s1650_F_POA_03_ASEReadCounter.table","NW_015090842.1:8904174",34,56,22
"KLHDC4","s1650_F_POA_03_ASEReadCounter.table","NW_015090842.1:8904231",27,52,25
"KLHDC4","s1650_F_POA_03_ASEReadCounter.table","NW_015090842.1:8905251",32,49,17
"KLHDC4","s1650_F_POA_03_ASEReadCounter.table","NW_015090842.1:8905263",27,46,19
"KLHDC4","s1650_F_POA_03_ASEReadCounter.table","NW_015090842.1:8919626",2,5,3
"SLC7A5","s1650_F_POA_03_ASEReadCounter.table","NW_015090842.1:8938782",282,688,406
"SLC7A5","s1650_F_POA_03_ASEReadCounter.table","NW_015090842.1:8938943",192,522,330
"SLC7A5","s1650_F_POA_03_ASEReadCounter.table","NW_015090842.1:8939611",161,301,140
"SLC7A5","s1650_F_POA_03_ASEReadCounter.table","NW_015090842.1:8939738",158,366,208
"SLC7A5","s1650_F_POA_03_ASEReadCounter.table","NW_015090842.1:8939739",159,358,199
"SLC7A5","s1650_F_POA_03_ASEReadCounter.table","NW_015090842.1:8939740",153,362,209
"SLC7A5","s1650_F_POA_03_ASEReadCounter.table","NW_015090842.1:8939795",168,364,196
"SLC7A5","s1650_F_POA_03_ASEReadCounter.table","NW_015090842.1:8939815",145,362,217
"SLC7A5","s1650_F_POA_03_ASEReadCounter.table","NW_015090842.1:8939816",145,356,211
"SLC7A5","s1650_F_POA_03_ASEReadCounter.table","NW_015090842.1:8939817",145,375,230
"SLC7A5","s1650_F_POA_03_ASEReadCounter.table","NW_015090842.1:8939845",133,367,234
"SLC7A5","s1650_F_POA_03_ASEReadCounter.table","NW_015090842.1:8939894",116,337,221
"SLC7A5","s1650_F_POA_03_ASEReadCounter.table","NW_015090842.1:8939895",116,328,212
"SLC7A5","s1650_F_POA_03_ASEReadCounter.table","NW_015090842.1:8939997",606,607,1
"SLC7A5","s1650_F_POA_03_ASEReadCounter.table","NW_015090842.1:8940172",171,415,244
"SLC7A5","s1650_F_POA_03_ASEReadCounter.table","NW_015090842.1:8940331",97,222,125
"SLC7A5","s1650_F_POA_03_ASEReadCounter.table","NW_015090842.1:8940696",114,225,111
"SLC7A5","s1650_F_POA_03_ASEReadCounter.table","NW_015090842.1:8940719",52,220,168
"SLC7A5","s1650_F_POA_03_ASEReadCounter.table","NW_015090842.1:8940737",56,195,139
"SLC7A5","s1650_F_POA_03_ASEReadCounter.table","NW_015090842.1:8940743",59,195,136
"SLC7A5","s1650_F_POA_03_ASEReadCounter.table","NW_015090842.1:8940766",71,224,153
"SLC7A5","s1650_F_POA_03_ASEReadCounter.table","NW_015090842.1:8940769",69,233,164
"SLC7A5","s1650_F_POA_03_ASEReadCounter.table","NW_015090842.1:8940861",83,214,131
"SLC7A5","s1650_F_POA_03_ASEReadCounter.table","NW_015090842.1:8941068",129,311,182
"SLC7A5","s1650_F_POA_03_ASEReadCounter.table","NW_015090842.1:8941467",77,197,120
"SLC7A5","s1650_F_POA_03_ASEReadCounter.table","NW_015090842.1:8941531",77,193,116
"SLC7A5","s1650_F_POA_03_ASEReadCounter.table","NW_015090842.1:8941588",97,244,147
"SLC7A5","s1650_F_POA_03_ASEReadCounter.table","NW_015090842.1:8941698",65,146,81
"SLC7A5","s1650_F_POA_03_ASEReadCounter.table","NW_015090842.1:8941717",67,158,91
"SLC7A5","s1650_F_POA_03_ASEReadCounter.table","NW_015090842.1:8941745",77,190,113
"SLC7A5","s1650_F_POA_03_ASEReadCounter.table","NW_015090842.1:8941781",79,219,140
"SLC7A5","s1650_F_POA_03_ASEReadCounter.table","NW_015090842.1:8941887",63,159,96
"SLC7A5","s1650_F_POA_03_ASEReadCounter.table","NW_015090842.1:8941968",48,159,111
"SLC7A5","s1650_F_POA_03_ASEReadCounter.table","NW_015090842.1:8942025",61,174,113
"SLC7A5","s1650_F_POA_03_ASEReadCounter.table","NW_015090842.1:8942069",47,145,98
"SLC7A5","s1650_F_POA_03_ASEReadCounter.table","NW_015090842.1:8942170",68,162,94
"SLC7A5","s1650_F_POA_03_ASEReadCounter.table","NW_015090842.1:8942241",74,212,138
"SLC7A5","s1650_F_POA_03_ASEReadCounter.table","NW_015090842.1:8942283",83,205,122
"SLC7A5","s1650_F_POA_03_ASEReadCounter.table","NW_015090842.1:8942717",112,298,186
"SLC7A5","s1650_F_POA_03_ASEReadCounter.table","NW_015090842.1:8942756",141,363,222
"SLC7A5","s1650_F_POA_03_ASEReadCounter.table","NW_015090842.1:8942766",136,358,222
"SLC7A5","s1650_F_POA_03_ASEReadCounter.table","NW_015090842.1:8943271",78,210,132
"SLC7A5","s1650_F_POA_03_ASEReadCounter.table","NW_015090842.1:8943524",58,143,85
"SLC7A5","s1650_F_POA_03_ASEReadCounter.table","NW_015090842.1:8943530",65,146,81
"SLC7A5","s1650_F_POA_03_ASEReadCounter.table","NW_015090842.1:8943602",66,149,83
"SLC7A5","s1650_F_POA_03_ASEReadCounter.table","NW_015090842.1:8943622",60,138,78
"SLC7A5","s1650_F_POA_03_ASEReadCounter.table","NW_015090842.1:8943661",61,148,87
"SLC7A5","s1650_F_POA_03_ASEReadCounter.table","NW_015090842.1:8943686",64,150,86
"SLC7A5","s1650_F_POA_03_ASEReadCounter.table","NW_015090842.1:8943788",46,114,68
"SLC7A5","s1650_F_POA_03_ASEReadCounter.table","NW_015090842.1:8943814",42,113,71
"SLC7A5","s1650_F_POA_03_ASEReadCounter.table","NW_015090842.1:8943876",53,123,70
"SLC7A5","s1650_F_POA_03_ASEReadCounter.table","NW_015090842.1:8943892",55,123,68
"SLC7A5","s1650_F_POA_03_ASEReadCounter.table","NW_015090842.1:8944097",51,126,75
"SLC7A5","s1650_F_POA_03_ASEReadCounter.table","NW_015090842.1:8944104",46,122,76
"SLC7A5","s1650_F_POA_03_ASEReadCounter.table","NW_015090842.1:8944293",25,67,42
"SLC7A5","s1650_F_POA_03_ASEReadCounter.table","NW_015090842.1:8944297",24,62,38
"SLC7A5","s1650_F_POA_03_ASEReadCounter.table","NW_015090842.1:8944397",30,67,37
"SLC7A5","s1650_F_POA_03_ASEReadCounter.table","NW_015090842.1:8944552",37,89,52
"SLC7A5","s1650_F_POA_03_ASEReadCounter.table","NW_015090842.1:8944629",36,94,58
"CA5A","s1650_F_POA_03_ASEReadCounter.table","NW_015090842.1:8989479",84,156,72
"CA5A","s1650_F_POA_03_ASEReadCounter.table","NW_015090842.1:8989562",111,191,80
"CA5A","s1650_F_POA_03_ASEReadCounter.table","NW_015090842.1:8989609",125,204,79
"CA5A","s1650_F_POA_03_ASEReadCounter.table","NW_015090842.1:8989693",142,260,118
"CA5A","s1650_F_POA_03_ASEReadCounter.table","NW_015090842.1:8989702",156,269,113
"CA5A","s1650_F_POA_03_ASEReadCounter.table","NW_015090842.1:8989746",153,279,126
"CA5A","s1650_F_POA_03_ASEReadCounter.table","NW_015090842.1:8989880",95,216,121
"CA5A","s1650_F_POA_03_ASEReadCounter.table","NW_015090842.1:8989885",96,219,123
"CA5A","s1650_F_POA_03_ASEReadCounter.table","NW_015090842.1:8989929",122,232,110
"CA5A","s1650_F_POA_03_ASEReadCounter.table","NW_015090842.1:8990002",98,184,86
"CA5A","s1650_F_POA_03_ASEReadCounter.table","NW_015090842.1:8990004",96,182,86
"CA5A","s1650_F_POA_03_ASEReadCounter.table","NW_015090842.1:8990005",94,183,89
"CA5A","s1650_F_POA_03_ASEReadCounter.table","NW_015090842.1:8990017",90,168,78
"CA5A","s1650_F_POA_03_ASEReadCounter.table","NW_015090842.1:8990043",64,139,75
"CA5A","s1650_F_POA_03_ASEReadCounter.table","NW_015090842.1:8990060",143,143,0
"CA5A","s1650_F_POA_03_ASEReadCounter.table","NW_015090842.1:8990080",41,117,76
"CA5A","s1650_F_POA_03_ASEReadCounter.table","NW_015090842.1:8990084",41,119,78
"CA5A","s1650_F_POA_03_ASEReadCounter.table","NW_015090842.1:8990090",40,116,76
"CA5A","s1650_F_POA_03_ASEReadCounter.table","NW_015090842.1:8990095",49,129,80
"CA5A","s1650_F_POA_03_ASEReadCounter.table","NW_015090842.1:8990111",52,127,75
"CA5A","s1650_F_POA_03_ASEReadCounter.table","NW_015090842.1:8990112",51,125,74
"CA5A","s1650_F_POA_03_ASEReadCounter.table","NW_015090842.1:8990115",62,134,72
"CA5A","s1650_F_POA_03_ASEReadCounter.table","NW_015090842.1:8990166",62,110,48
"CA5A","s1650_F_POA_03_ASEReadCounter.table","NW_015090842.1:8990169",66,114,48
"CA5A","s1650_F_POA_03_ASEReadCounter.table","NW_015090842.1:8990193",115,115,0
"CA5A","s1650_F_POA_03_ASEReadCounter.table","NW_015090842.1:8990222",63,110,47
"CA5A","s1650_F_POA_03_ASEReadCounter.table","NW_015090842.1:8990289",56,116,60
"CA5A","s1650_F_POA_03_ASEReadCounter.table","NW_015090842.1:8990314",52,105,53
"CA5A","s1650_F_POA_03_ASEReadCounter.table","NW_015090842.1:8990361",57,106,49
"CA5A","s1650_F_POA_03_ASEReadCounter.table","NW_015090842.1:8990368",54,103,49
"CA5A","s1650_F_POA_03_ASEReadCounter.table","NW_015090842.1:8990429",52,107,55
"CA5A","s1650_F_POA_03_ASEReadCounter.table","NW_015090842.1:8990466",47,97,50
"CA5A","s1650_F_POA_03_ASEReadCounter.table","NW_015090842.1:8990663",56,101,45
"CA5A","s1650_F_POA_03_ASEReadCounter.table","NW_015090842.1:8990797",30,69,39
"CA5A","s1650_F_POA_03_ASEReadCounter.table","NW_015090842.1:8990836",44,89,45
"CA5A","s1650_F_POA_03_ASEReadCounter.table","NW_015090842.1:8990842",45,88,43
"CA5A","s1650_F_POA_03_ASEReadCounter.table","NW_015090842.1:8990851",48,89,41
"CA5A","s1650_F_POA_03_ASEReadCounter.table","NW_015090842.1:8990918",47,78,31
"CA5A","s1650_F_POA_03_ASEReadCounter.table","NW_015090842.1:8990921",45,81,36
"CA5A","s1650_F_POA_03_ASEReadCounter.table","NW_015090842.1:8990942",62,101,39
"CA5A","s1650_F_POA_03_ASEReadCounter.table","NW_015090842.1:8991001",76,145,69
"CA5A","s1650_F_POA_03_ASEReadCounter.table","NW_015090842.1:8991038",69,135,66
"CA5A","s1650_F_POA_03_ASEReadCounter.table","NW_015090842.1:8991149",58,123,65
"CA5A","s1650_F_POA_03_ASEReadCounter.table","NW_015090842.1:8991176",65,133,68
"CA5A","s1650_F_POA_03_ASEReadCounter.table","NW_015090842.1:8991241",55,128,73
"CA5A","s1650_F_POA_03_ASEReadCounter.table","NW_015090842.1:8991262",55,115,60
"CA5A","s1650_F_POA_03_ASEReadCounter.table","NW_015090842.1:8991316",53,62,9
"CA5A","s1650_F_POA_03_ASEReadCounter.table","NW_015090842.1:8991319",52,58,6
"CA5A","s1650_F_POA_03_ASEReadCounter.table","NW_015090842.1:8991330",53,56,3
"CA5A","s1650_F_POA_03_ASEReadCounter.table","NW_015090842.1:8991334",47,53,6
"CA5A","s1650_F_POA_03_ASEReadCounter.table","NW_015090842.1:8991362",46,79,33
"CA5A","s1650_F_POA_03_ASEReadCounter.table","NW_015090842.1:8991368",47,81,34
"CA5A","s1650_F_POA_03_ASEReadCounter.table","NW_015090842.1:8991390",55,90,35
"CA5A","s1650_F_POA_03_ASEReadCounter.table","NW_015090842.1:8991395",56,98,42
"CA5A","s1650_F_POA_03_ASEReadCounter.table","NW_015090842.1:8991422",44,92,48
"CA5A","s1650_F_POA_03_ASEReadCounter.table","NW_015090842.1:8991467",39,83,44
"CA5A","s1650_F_POA_03_ASEReadCounter.table","NW_015090842.1:8991576",34,59,25
"CA5A","s1650_F_POA_03_ASEReadCounter.table","NW_015090842.1:8991587",35,62,27
"CA5A","s1650_F_POA_03_ASEReadCounter.table","NW_015090842.1:8991655",45,86,41
"CA5A","s1650_F_POA_03_ASEReadCounter.table","NW_015090842.1:8991717",32,75,43
"CA5A","s1650_F_POA_03_ASEReadCounter.table","NW_015090842.1:8991726",32,72,40
"CA5A","s1650_F_POA_03_ASEReadCounter.table","NW_015090842.1:8991799",32,72,40
"CA5A","s1650_F_POA_03_ASEReadCounter.table","NW_015090842.1:8991809",29,65,36
"CA5A","s1650_F_POA_03_ASEReadCounter.table","NW_015090842.1:8991848",33,66,33
"CA5A","s1650_F_POA_03_ASEReadCounter.table","NW_015090842.1:8991849",32,64,32
"CA5A","s1650_F_POA_03_ASEReadCounter.table","NW_015090842.1:8991927",36,68,32
"CA5A","s1650_F_POA_03_ASEReadCounter.table","NW_015090842.1:8991941",36,67,31
"CA5A","s1650_F_POA_03_ASEReadCounter.table","NW_015090842.1:8992121",30,62,32
"CA5A","s1650_F_POA_03_ASEReadCounter.table","NW_015090842.1:8992224",41,70,29
"CA5A","s1650_F_POA_03_ASEReadCounter.table","NW_015090842.1:9002570",22,35,13
"CA5A","s1650_F_POA_03_ASEReadCounter.table","NW_015090842.1:9002600",16,29,13
"CA5A","s1650_F_POA_03_ASEReadCounter.table","NW_015090842.1:9004312",10,24,14
"CA5A","s1650_F_POA_03_ASEReadCounter.table","NW_015090842.1:9005116",1,1,0
"CA5A","s1650_F_POA_03_ASEReadCounter.table","NW_015090842.1:9005120",1,1,0
"CA5A","s1650_F_POA_03_ASEReadCounter.table","NW_015090842.1:9005140",1,1,0
"CA5A","s1650_F_POA_03_ASEReadCounter.table","NW_015090842.1:9005152",1,1,0
"BANP","s1650_F_POA_03_ASEReadCounter.table","NW_015090842.1:9033407",1,3,2
"BANP","s1650_F_POA_03_ASEReadCounter.table","NW_015090842.1:9033409",1,3,2
"BANP","s1650_F_POA_03_ASEReadCounter.table","NW_015090842.1:9033420",1,5,4
"BANP","s1650_F_POA_03_ASEReadCounter.table","NW_015090842.1:9067974",0,15,15
"BANP","s1650_F_POA_03_ASEReadCounter.table","NW_015090842.1:9102510",17,35,18
"BANP","s1650_F_POA_03_ASEReadCounter.table","NW_015090842.1:9168534",19,36,17
"BANP","s1650_F_POA_03_ASEReadCounter.table","NW_015090842.1:9168818",17,39,22
"ZNF469","s1650_F_POA_03_ASEReadCounter.table","NW_015090842.1:9426367",1,1,0
"ZNF469","s1650_F_POA_03_ASEReadCounter.table","NW_015090842.1:9426420",1,1,0
"ZNF469","s1650_F_POA_03_ASEReadCounter.table","NW_015090842.1:9426585",1,1,0
"ZNF469","s1650_F_POA_03_ASEReadCounter.table","NW_015090842.1:9430560",0,1,1
"ZNF469","s1650_F_POA_03_ASEReadCounter.table","NW_015090842.1:9430668",0,1,1
"ZNF469","s1650_F_POA_03_ASEReadCounter.table","NW_015090842.1:9430700",0,1,1
"ZNF469","s1650_F_POA_03_ASEReadCounter.table","NW_015090842.1:9431073",1,1,0
"ZNF469","s1650_F_POA_03_ASEReadCounter.table","NW_015090842.1:9431091",1,1,0
"ZNF469","s1650_F_POA_03_ASEReadCounter.table","NW_015090842.1:9431150",1,1,0
"ZNF469","s1650_F_POA_03_ASEReadCounter.table","NW_015090842.1:9431700",1,1,0
"ZNF469","s1650_F_POA_03_ASEReadCounter.table","NW_015090842.1:9431901",2,3,1
"ZNF469","s1650_F_POA_03_ASEReadCounter.table","NW_015090842.1:9432110",2,3,1
"ZNF469","s1650_F_POA_03_ASEReadCounter.table","NW_015090842.1:9432302",1,3,2
"ZNF469","s1650_F_POA_03_ASEReadCounter.table","NW_015090842.1:9432361",0,2,2
"ZNF469","s1650_F_POA_03_ASEReadCounter.table","NW_015090842.1:9432374",0,2,2
"ZNF469","s1650_F_POA_03_ASEReadCounter.table","NW_015090842.1:9432382",0,2,2
"ZNF469","s1650_F_POA_03_ASEReadCounter.table","NW_015090842.1:9432481",1,1,0
"ZNF469","s1650_F_POA_03_ASEReadCounter.table","NW_015090842.1:9432498",1,1,0
"ZNF469","s1650_F_POA_03_ASEReadCounter.table","NW_015090842.1:9433902",1,1,0
"ZNF469","s1650_F_POA_03_ASEReadCounter.table","NW_015090842.1:9434259",0,4,4
"ZNF469","s1650_F_POA_03_ASEReadCounter.table","NW_015090842.1:9435221",0,3,3
"ZFPM1","s1650_F_POA_03_ASEReadCounter.table","NW_015090842.1:9458862",1,5,4
"ZFPM1","s1650_F_POA_03_ASEReadCounter.table","NW_015090842.1:9458888",1,6,5
"ZFPM1","s1650_F_POA_03_ASEReadCounter.table","NW_015090842.1:9458904",2,8,6
"ZFPM1","s1650_F_POA_03_ASEReadCounter.table","NW_015090842.1:9458916",2,7,5
"ZFPM1","s1650_F_POA_03_ASEReadCounter.table","NW_015090842.1:9468568",1,9,8
"ZFPM1","s1650_F_POA_03_ASEReadCounter.table","NW_015090842.1:9468593",1,5,4
"ZFPM1","s1650_F_POA_03_ASEReadCounter.table","NW_015090842.1:9471561",5,10,5
"ZFPM1","s1650_F_POA_03_ASEReadCounter.table","NW_015090842.1:9472557",6,13,7
"ZFPM1","s1650_F_POA_03_ASEReadCounter.table","NW_015090842.1:9472565",6,12,6
"ZFPM1","s1650_F_POA_03_ASEReadCounter.table","NW_015090842.1:9472608",7,16,9
"ZFPM1","s1650_F_POA_03_ASEReadCounter.table","NW_015090842.1:9472627",5,13,8
"ZFPM1","s1650_F_POA_03_ASEReadCounter.table","NW_015090842.1:9472668",3,7,4
"ZFPM1","s1650_F_POA_03_ASEReadCounter.table","NW_015090842.1:9473655",3,11,8
"ZFPM1","s1650_F_POA_03_ASEReadCounter.table","NW_015090842.1:9475827",3,7,4
"ZFPM1","s1650_F_POA_03_ASEReadCounter.table","NW_015090842.1:9475842",6,12,6
"ZFPM1","s1650_F_POA_03_ASEReadCounter.table","NW_015090842.1:9476119",5,8,3
"ZFPM1","s1650_F_POA_03_ASEReadCounter.table","NW_015090842.1:9476161",7,10,3
"ZFPM1","s1650_F_POA_03_ASEReadCounter.table","NW_015090842.1:9476219",4,7,3
"ZFPM1","s1650_F_POA_03_ASEReadCounter.table","NW_015090842.1:9476233",4,7,3
"ZFPM1","s1650_F_POA_03_ASEReadCounter.table","NW_015090842.1:9476305",1,10,9
"ZFPM1","s1650_F_POA_03_ASEReadCounter.table","NW_015090842.1:9476395",2,8,6
"ZFPM1","s1650_F_POA_03_ASEReadCounter.table","NW_015090842.1:9476421",2,10,8
"ZFPM1","s1650_F_POA_03_ASEReadCounter.table","NW_015090842.1:9476539",4,10,6
"ZFPM1","s1650_F_POA_03_ASEReadCounter.table","NW_015090842.1:9476576",2,9,7
"ZFPM1","s1650_F_POA_03_ASEReadCounter.table","NW_015090842.1:9476599",10,10,0
"ZFPM1","s1650_F_POA_03_ASEReadCounter.table","NW_015090842.1:9476792",10,20,10
"ZFPM1","s1650_F_POA_03_ASEReadCounter.table","NW_015090842.1:9476803",10,21,11
"ZFPM1","s1650_F_POA_03_ASEReadCounter.table","NW_015090842.1:9477115",3,5,2
"ZFPM1","s1650_F_POA_03_ASEReadCounter.table","NW_015090842.1:9477299",1,4,3
"ZFPM1","s1650_F_POA_03_ASEReadCounter.table","NW_015090842.1:9477398",14,14,0
"ZFPM1","s1650_F_POA_03_ASEReadCounter.table","NW_015090842.1:9477422",5,9,4
"ZFPM1","s1650_F_POA_03_ASEReadCounter.table","NW_015090842.1:9477554",6,16,10
"ZFPM1","s1650_F_POA_03_ASEReadCounter.table","NW_015090842.1:9477575",17,17,0
"ZFPM1","s1650_F_POA_03_ASEReadCounter.table","NW_015090842.1:9477595",6,18,12
"ZFPM1","s1650_F_POA_03_ASEReadCounter.table","NW_015090842.1:9477611",6,18,12
"ZFPM1","s1650_F_POA_03_ASEReadCounter.table","NW_015090842.1:9477659",6,16,10
"ZFPM1","s1650_F_POA_03_ASEReadCounter.table","NW_015090842.1:9477737",6,21,15
"ZFPM1","s1650_F_POA_03_ASEReadCounter.table","NW_015090842.1:9477791",1,12,11
"ZFPM1","s1650_F_POA_03_ASEReadCounter.table","NW_015090842.1:9477844",4,18,14
"ZFPM1","s1650_F_POA_03_ASEReadCounter.table","NW_015090842.1:9477917",10,21,11
"ZFPM1","s1650_F_POA_03_ASEReadCounter.table","NW_015090842.1:9478295",12,24,12
"ZFPM1","s1650_F_POA_03_ASEReadCounter.table","NW_015090842.1:9478349",17,32,15
"ZFPM1","s1650_F_POA_03_ASEReadCounter.table","NW_015090842.1:9478524",16,41,25
"ZFPM1","s1650_F_POA_03_ASEReadCounter.table","NW_015090842.1:9478546",15,40,25
"ZFPM1","s1650_F_POA_03_ASEReadCounter.table","NW_015090842.1:9478573",17,38,21
"ZFPM1","s1650_F_POA_03_ASEReadCounter.table","NW_015090842.1:9478582",16,33,17
"ZFPM1","s1650_F_POA_03_ASEReadCounter.table","NW_015090842.1:9478684",13,33,20
"ZFPM1","s1650_F_POA_03_ASEReadCounter.table","NW_015090842.1:9478711",12,24,12
"ZFPM1","s1650_F_POA_03_ASEReadCounter.table","NW_015090842.1:9478761",7,22,15
"ZFPM1","s1650_F_POA_03_ASEReadCounter.table","NW_015090842.1:9478829",10,10,0
"ZC3H18","s1650_F_POA_03_ASEReadCounter.table","NW_015090842.1:9494271",8,15,7
"ZC3H18","s1650_F_POA_03_ASEReadCounter.table","NW_015090842.1:9501427",9,22,13
"ZC3H18","s1650_F_POA_03_ASEReadCounter.table","NW_015090842.1:9501442",6,19,13
"ZC3H18","s1650_F_POA_03_ASEReadCounter.table","NW_015090842.1:9505538",12,40,28
"ZC3H18","s1650_F_POA_03_ASEReadCounter.table","NW_015090842.1:9506778",12,39,27
"ZC3H18","s1650_F_POA_03_ASEReadCounter.table","NW_015090842.1:9522538",17,34,17
"ZC3H18","s1650_F_POA_03_ASEReadCounter.table","NW_015090842.1:9524350",22,61,39
"ZC3H18","s1650_F_POA_03_ASEReadCounter.table","NW_015090842.1:9524366",27,67,40
"ZC3H18","s1650_F_POA_03_ASEReadCounter.table","NW_015090842.1:9524424",24,48,24
"ZC3H18","s1650_F_POA_03_ASEReadCounter.table","NW_015090842.1:9529649",38,89,51
"ZC3H18","s1650_F_POA_03_ASEReadCounter.table","NW_015090842.1:9529688",31,78,47
"ZC3H18","s1650_F_POA_03_ASEReadCounter.table","NW_015090842.1:9529691",34,78,44
"ZC3H18","s1650_F_POA_03_ASEReadCounter.table","NW_015090842.1:9530977",32,79,47
"ZC3H18","s1650_F_POA_03_ASEReadCounter.table","NW_015090842.1:9536699",0,55,55
"CYBA","s1650_F_POA_03_ASEReadCounter.table","NW_015090842.1:9547281",37,51,14
"CYBA","s1650_F_POA_03_ASEReadCounter.table","NW_015090842.1:9547402",93,127,34
"CYBA","s1650_F_POA_03_ASEReadCounter.table","NW_015090842.1:9547553",75,111,36
"CYBA","s1650_F_POA_03_ASEReadCounter.table","NW_015090842.1:9548052",63,83,20
"CYBA","s1650_F_POA_03_ASEReadCounter.table","NW_015090842.1:9548436",69,87,18
"CYBA","s1650_F_POA_03_ASEReadCounter.table","NW_015090842.1:9548442",72,92,20
"CYBA","s1650_F_POA_03_ASEReadCounter.table","NW_015090842.1:9548478",85,110,25
"CYBA","s1650_F_POA_03_ASEReadCounter.table","NW_015090842.1:9548487",80,104,24
"CYBA","s1650_F_POA_03_ASEReadCounter.table","NW_015090842.1:9548490",80,102,22
"CYBA","s1650_F_POA_03_ASEReadCounter.table","NW_015090842.1:9548717",75,96,21
"CYBA","s1650_F_POA_03_ASEReadCounter.table","NW_015090842.1:9548750",50,68,18
"CYBA","s1650_F_POA_03_ASEReadCounter.table","NW_015090842.1:9548766",35,48,13
"MVD","s1650_F_POA_03_ASEReadCounter.table","NW_015090842.1:9550678",10,22,12
"MVD","s1650_F_POA_03_ASEReadCounter.table","NW_015090842.1:9550690",14,30,16
"MVD","s1650_F_POA_03_ASEReadCounter.table","NW_015090842.1:9550691",14,29,15
"MVD","s1650_F_POA_03_ASEReadCounter.table","NW_015090842.1:9550699",18,38,20
"MVD","s1650_F_POA_03_ASEReadCounter.table","NW_015090842.1:9550719",18,37,19
"MVD","s1650_F_POA_03_ASEReadCounter.table","NW_015090842.1:9551596",36,81,45
"MVD","s1650_F_POA_03_ASEReadCounter.table","NW_015090842.1:9551638",35,77,42
"MVD","s1650_F_POA_03_ASEReadCounter.table","NW_015090842.1:9551899",0,4,4
"MVD","s1650_F_POA_03_ASEReadCounter.table","NW_015090842.1:9552193",40,65,25
"MVD","s1650_F_POA_03_ASEReadCounter.table","NW_015090842.1:9552202",37,62,25
"MVD","s1650_F_POA_03_ASEReadCounter.table","NW_015090842.1:9552208",39,66,27
"MVD","s1650_F_POA_03_ASEReadCounter.table","NW_015090842.1:9552625",23,36,13
"MVD","s1650_F_POA_03_ASEReadCounter.table","NW_015090842.1:9552629",36,36,0
"MVD","s1650_F_POA_03_ASEReadCounter.table","NW_015090842.1:9552644",26,41,15
"MVD","s1650_F_POA_03_ASEReadCounter.table","NW_015090842.1:9553093",25,44,19
"MVD","s1650_F_POA_03_ASEReadCounter.table","NW_015090842.1:9553114",27,46,19
"RNF166","s1650_F_POA_03_ASEReadCounter.table","NW_015090842.1:9557900",23,57,34
"RNF166","s1650_F_POA_03_ASEReadCounter.table","NW_015090842.1:9558048",18,43,25
"RNF166","s1650_F_POA_03_ASEReadCounter.table","NW_015090842.1:9558116",17,35,18
"RNF166","s1650_F_POA_03_ASEReadCounter.table","NW_015090842.1:9558308",5,27,22
"RNF166","s1650_F_POA_03_ASEReadCounter.table","NW_015090842.1:9558405",11,33,22
"RNF166","s1650_F_POA_03_ASEReadCounter.table","NW_015090842.1:9558549",23,49,26
"RNF166","s1650_F_POA_03_ASEReadCounter.table","NW_015090842.1:9558556",21,49,28
"RNF166","s1650_F_POA_03_ASEReadCounter.table","NW_015090842.1:9558579",17,37,20
"RNF166","s1650_F_POA_03_ASEReadCounter.table","NW_015090842.1:9558599",14,36,22
"RNF166","s1650_F_POA_03_ASEReadCounter.table","NW_015090842.1:9558688",17,40,23
"RNF166","s1650_F_POA_03_ASEReadCounter.table","NW_015090842.1:9558711",17,45,28
"RNF166","s1650_F_POA_03_ASEReadCounter.table","NW_015090842.1:9558733",15,42,27
"RNF166","s1650_F_POA_03_ASEReadCounter.table","NW_015090842.1:9558847",15,31,16
"RNF166","s1650_F_POA_03_ASEReadCounter.table","NW_015090842.1:9559798",17,35,18
"RNF166","s1650_F_POA_03_ASEReadCounter.table","NW_015090842.1:9560575",21,36,15
"RNF166","s1650_F_POA_03_ASEReadCounter.table","NW_015090842.1:9561055",10,28,18
"RNF166","s1650_F_POA_03_ASEReadCounter.table","NW_015090842.1:9562458",10,22,12
"RNF166","s1650_F_POA_03_ASEReadCounter.table","NW_015090842.1:9562497",6,15,9
"RNF166","s1650_F_POA_03_ASEReadCounter.table","NW_015090842.1:9562539",4,14,10
"RNF166","s1650_F_POA_03_ASEReadCounter.table","NW_015090842.1:9564056",3,14,11
"CTU2","s1650_F_POA_03_ASEReadCounter.table","NW_015090842.1:9565149",15,24,9
"CTU2","s1650_F_POA_03_ASEReadCounter.table","NW_015090842.1:9565193",13,24,11
"CTU2","s1650_F_POA_03_ASEReadCounter.table","NW_015090842.1:9565300",14,26,12
"CTU2","s1650_F_POA_03_ASEReadCounter.table","NW_015090842.1:9565321",13,25,12
"CTU2","s1650_F_POA_03_ASEReadCounter.table","NW_015090842.1:9565721",14,30,16
"CTU2","s1650_F_POA_03_ASEReadCounter.table","NW_015090842.1:9565739",16,34,18
"CTU2","s1650_F_POA_03_ASEReadCounter.table","NW_015090842.1:9565905",29,48,19
"CTU2","s1650_F_POA_03_ASEReadCounter.table","NW_015090842.1:9566013",21,21,0
"CTU2","s1650_F_POA_03_ASEReadCounter.table","NW_015090842.1:9566055",20,46,26
"CTU2","s1650_F_POA_03_ASEReadCounter.table","NW_015090842.1:9566056",20,45,25
"CTU2","s1650_F_POA_03_ASEReadCounter.table","NW_015090842.1:9566151",16,32,16
"CTU2","s1650_F_POA_03_ASEReadCounter.table","NW_015090842.1:9566300",13,38,25
"CTU2","s1650_F_POA_03_ASEReadCounter.table","NW_015090842.1:9566342",14,43,29
"CTU2","s1650_F_POA_03_ASEReadCounter.table","NW_015090842.1:9566548",19,38,19
"CTU2","s1650_F_POA_03_ASEReadCounter.table","NW_015090842.1:9566625",21,45,24
"CTU2","s1650_F_POA_03_ASEReadCounter.table","NW_015090842.1:9566633",20,45,25
"CTU2","s1650_F_POA_03_ASEReadCounter.table","NW_015090842.1:9566807",28,49,21
"CTU2","s1650_F_POA_03_ASEReadCounter.table","NW_015090842.1:9567139",34,51,17
"CTU2","s1650_F_POA_03_ASEReadCounter.table","NW_015090842.1:9567156",33,53,20
"CTU2","s1650_F_POA_03_ASEReadCounter.table","NW_015090842.1:9567614",30,63,33
"CTU2","s1650_F_POA_03_ASEReadCounter.table","NW_015090842.1:9567677",34,62,28
"CTU2","s1650_F_POA_03_ASEReadCounter.table","NW_015090842.1:9567747",26,58,32
"CTU2","s1650_F_POA_03_ASEReadCounter.table","NW_015090842.1:9567828",14,35,21
"CTU2","s1650_F_POA_03_ASEReadCounter.table","NW_015090842.1:9567829",15,37,22
"CTU2","s1650_F_POA_03_ASEReadCounter.table","NW_015090842.1:9567885",7,25,18
"PIEZO1","s1650_F_POA_03_ASEReadCounter.table","NW_015090842.1:9568093",18,40,22
"PIEZO1","s1650_F_POA_03_ASEReadCounter.table","NW_015090842.1:9568672",23,55,32
"PIEZO1","s1650_F_POA_03_ASEReadCounter.table","NW_015090842.1:9568948",24,60,36
"PIEZO1","s1650_F_POA_03_ASEReadCounter.table","NW_015090842.1:9568987",49,49,0
"PIEZO1","s1650_F_POA_03_ASEReadCounter.table","NW_015090842.1:9569040",11,28,17
"PIEZO1","s1650_F_POA_03_ASEReadCounter.table","NW_015090842.1:9569180",13,26,13
"PIEZO1","s1650_F_POA_03_ASEReadCounter.table","NW_015090842.1:9569192",14,27,13
"PIEZO1","s1650_F_POA_03_ASEReadCounter.table","NW_015090842.1:9570088",8,24,16
"PIEZO1","s1650_F_POA_03_ASEReadCounter.table","NW_015090842.1:9570480",9,24,15
"PIEZO1","s1650_F_POA_03_ASEReadCounter.table","NW_015090842.1:9570639",10,20,10
"PIEZO1","s1650_F_POA_03_ASEReadCounter.table","NW_015090842.1:9571847",11,28,17
"PIEZO1","s1650_F_POA_03_ASEReadCounter.table","NW_015090842.1:9572371",5,15,10
"PIEZO1","s1650_F_POA_03_ASEReadCounter.table","NW_015090842.1:9572638",6,16,10
"PIEZO1","s1650_F_POA_03_ASEReadCounter.table","NW_015090842.1:9573156",8,24,16
"PIEZO1","s1650_F_POA_03_ASEReadCounter.table","NW_015090842.1:9573280",7,24,17
"PIEZO1","s1650_F_POA_03_ASEReadCounter.table","NW_015090842.1:9573566",10,18,8
"PIEZO1","s1650_F_POA_03_ASEReadCounter.table","NW_015090842.1:9575341",1,9,8
"PIEZO1","s1650_F_POA_03_ASEReadCounter.table","NW_015090842.1:9575367",3,11,8
"PIEZO1","s1650_F_POA_03_ASEReadCounter.table","NW_015090842.1:9575645",3,9,6
"PIEZO1","s1650_F_POA_03_ASEReadCounter.table","NW_015090842.1:9575696",7,11,4
"PIEZO1","s1650_F_POA_03_ASEReadCounter.table","NW_015090842.1:9575897",7,12,5
"PIEZO1","s1650_F_POA_03_ASEReadCounter.table","NW_015090842.1:9576060",2,8,6
"PIEZO1","s1650_F_POA_03_ASEReadCounter.table","NW_015090842.1:9576087",3,12,9
"PIEZO1","s1650_F_POA_03_ASEReadCounter.table","NW_015090842.1:9576093",5,17,12
"PIEZO1","s1650_F_POA_03_ASEReadCounter.table","NW_015090842.1:9576120",4,18,14
"PIEZO1","s1650_F_POA_03_ASEReadCounter.table","NW_015090842.1:9576687",4,12,8
"PIEZO1","s1650_F_POA_03_ASEReadCounter.table","NW_015090842.1:9576710",5,13,8
"PIEZO1","s1650_F_POA_03_ASEReadCounter.table","NW_015090842.1:9576723",5,13,8
"PIEZO1","s1650_F_POA_03_ASEReadCounter.table","NW_015090842.1:9578268",2,4,2
"PIEZO1","s1650_F_POA_03_ASEReadCounter.table","NW_015090842.1:9578770",1,5,4
"PIEZO1","s1650_F_POA_03_ASEReadCounter.table","NW_015090842.1:9578806",2,6,4
"PIEZO1","s1650_F_POA_03_ASEReadCounter.table","NW_015090842.1:9579064",5,13,8
"PIEZO1","s1650_F_POA_03_ASEReadCounter.table","NW_015090842.1:9579065",5,13,8
"PIEZO1","s1650_F_POA_03_ASEReadCounter.table","NW_015090842.1:9579347",4,8,4
"PIEZO1","s1650_F_POA_03_ASEReadCounter.table","NW_015090842.1:9580765",3,11,8
"PIEZO1","s1650_F_POA_03_ASEReadCounter.table","NW_015090842.1:9580996",2,6,4
"PIEZO1","s1650_F_POA_03_ASEReadCounter.table","NW_015090842.1:9581101",1,2,1
"PIEZO1","s1650_F_POA_03_ASEReadCounter.table","NW_015090842.1:9581299",1,2,1
"PIEZO1","s1650_F_POA_03_ASEReadCounter.table","NW_015090842.1:9581875",5,8,3
"PIEZO1","s1650_F_POA_03_ASEReadCounter.table","NW_015090842.1:9582046",4,6,2
"PIEZO1","s1650_F_POA_03_ASEReadCounter.table","NW_015090842.1:9582961",0,5,5
"PIEZO1","s1650_F_POA_03_ASEReadCounter.table","NW_015090842.1:9583298",0,1,1
"PIEZO1","s1650_F_POA_03_ASEReadCounter.table","NW_015090842.1:9584337",1,2,1
"PIEZO1","s1650_F_POA_03_ASEReadCounter.table","NW_015090842.1:9584425",0,1,1
"PIEZO1","s1650_F_POA_03_ASEReadCounter.table","NW_015090842.1:9584435",0,1,1
"PIEZO1","s1650_F_POA_03_ASEReadCounter.table","NW_015090842.1:9584438",0,1,1
"PIEZO1","s1650_F_POA_03_ASEReadCounter.table","NW_015090842.1:9584441",0,1,1
"CDT1","s1650_F_POA_03_ASEReadCounter.table","NW_015090842.1:9596596",3,3,0
"CDT1","s1650_F_POA_03_ASEReadCounter.table","NW_015090842.1:9596766",1,3,2
"CDT1","s1650_F_POA_03_ASEReadCounter.table","NW_015090842.1:9597054",2,4,2
"CDT1","s1650_F_POA_03_ASEReadCounter.table","NW_015090842.1:9597074",2,4,2
"CDT1","s1650_F_POA_03_ASEReadCounter.table","NW_015090842.1:9597137",3,7,4
"CDT1","s1650_F_POA_03_ASEReadCounter.table","NW_015090842.1:9597756",4,8,4
"CDT1","s1650_F_POA_03_ASEReadCounter.table","NW_015090842.1:9597766",4,8,4
"CDT1","s1650_F_POA_03_ASEReadCounter.table","NW_015090842.1:9598496",8,14,6
"CDT1","s1650_F_POA_03_ASEReadCounter.table","NW_015090842.1:9598498",8,14,6
"CDT1","s1650_F_POA_03_ASEReadCounter.table","NW_015090842.1:9598816",6,13,7
"CDT1","s1650_F_POA_03_ASEReadCounter.table","NW_015090842.1:9598879",3,9,6
"CDT1","s1650_F_POA_03_ASEReadCounter.table","NW_015090842.1:9598912",4,10,6
"CDT1","s1650_F_POA_03_ASEReadCounter.table","NW_015090842.1:9598959",7,14,7
"CDT1","s1650_F_POA_03_ASEReadCounter.table","NW_015090842.1:9599807",9,13,4
"CDT1","s1650_F_POA_03_ASEReadCounter.table","NW_015090842.1:9599819",8,11,3
"CDT1","s1650_F_POA_03_ASEReadCounter.table","NW_015090842.1:9599845",10,13,3
"CDT1","s1650_F_POA_03_ASEReadCounter.table","NW_015090842.1:9600148",13,24,11
"CDT1","s1650_F_POA_03_ASEReadCounter.table","NW_015090842.1:9600151",13,23,10
"CDT1","s1650_F_POA_03_ASEReadCounter.table","NW_015090842.1:9600217",13,23,10
"CDT1","s1650_F_POA_03_ASEReadCounter.table","NW_015090842.1:9600226",13,22,9
"CDT1","s1650_F_POA_03_ASEReadCounter.table","NW_015090842.1:9600260",15,25,10
"CDT1","s1650_F_POA_03_ASEReadCounter.table","NW_015090842.1:9600268",13,22,9
"CDT1","s1650_F_POA_03_ASEReadCounter.table","NW_015090842.1:9600305",11,22,11
"CDT1","s1650_F_POA_03_ASEReadCounter.table","NW_015090842.1:9600397",9,17,8
"CDT1","s1650_F_POA_03_ASEReadCounter.table","NW_015090842.1:9600447",4,10,6
"CDT1","s1650_F_POA_03_ASEReadCounter.table","NW_015090842.1:9600450",5,11,6
"CDT1","s1650_F_POA_03_ASEReadCounter.table","NW_015090842.1:9600485",7,12,5
"CDT1","s1650_F_POA_03_ASEReadCounter.table","NW_015090842.1:9600579",6,12,6
"APRT","s1650_F_POA_03_ASEReadCounter.table","NW_015090842.1:9602308",31,72,41
"APRT","s1650_F_POA_03_ASEReadCounter.table","NW_015090842.1:9602440",68,165,97
"APRT","s1650_F_POA_03_ASEReadCounter.table","NW_015090842.1:9602449",68,159,91
"APRT","s1650_F_POA_03_ASEReadCounter.table","NW_015090842.1:9602451",70,164,94
"APRT","s1650_F_POA_03_ASEReadCounter.table","NW_015090842.1:9602455",62,156,94
"APRT","s1650_F_POA_03_ASEReadCounter.table","NW_015090842.1:9602462",64,152,88
"APRT","s1650_F_POA_03_ASEReadCounter.table","NW_015090842.1:9602507",48,127,79
"APRT","s1650_F_POA_03_ASEReadCounter.table","NW_015090842.1:9602514",47,129,82
"APRT","s1650_F_POA_03_ASEReadCounter.table","NW_015090842.1:9602530",44,122,78
"APRT","s1650_F_POA_03_ASEReadCounter.table","NW_015090842.1:9602582",42,131,89
"APRT","s1650_F_POA_03_ASEReadCounter.table","NW_015090842.1:9602583",42,133,91
"APRT","s1650_F_POA_03_ASEReadCounter.table","NW_015090842.1:9602650",57,153,96
"APRT","s1650_F_POA_03_ASEReadCounter.table","NW_015090842.1:9602655",58,146,88
"APRT","s1650_F_POA_03_ASEReadCounter.table","NW_015090842.1:9602712",46,134,88
"APRT","s1650_F_POA_03_ASEReadCounter.table","NW_015090842.1:9602764",44,124,80
"APRT","s1650_F_POA_03_ASEReadCounter.table","NW_015090842.1:9602821",51,141,90
"APRT","s1650_F_POA_03_ASEReadCounter.table","NW_015090842.1:9602867",52,114,62
"APRT","s1650_F_POA_03_ASEReadCounter.table","NW_015090842.1:9602883",55,108,53
"APRT","s1650_F_POA_03_ASEReadCounter.table","NW_015090842.1:9602886",55,109,54
"APRT","s1650_F_POA_03_ASEReadCounter.table","NW_015090842.1:9602948",51,128,77
"APRT","s1650_F_POA_03_ASEReadCounter.table","NW_015090842.1:9602958",51,141,90
"APRT","s1650_F_POA_03_ASEReadCounter.table","NW_015090842.1:9603020",62,158,96
"APRT","s1650_F_POA_03_ASEReadCounter.table","NW_015090842.1:9603025",62,158,96
"APRT","s1650_F_POA_03_ASEReadCounter.table","NW_015090842.1:9603154",51,125,74
"APRT","s1650_F_POA_03_ASEReadCounter.table","NW_015090842.1:9603166",62,144,82
"APRT","s1650_F_POA_03_ASEReadCounter.table","NW_015090842.1:9603326",58,143,85
"APRT","s1650_F_POA_03_ASEReadCounter.table","NW_015090842.1:9603419",39,100,61
"APRT","s1650_F_POA_03_ASEReadCounter.table","NW_015090842.1:9603420",39,98,59
"APRT","s1650_F_POA_03_ASEReadCounter.table","NW_015090842.1:9603464",33,76,43
"APRT","s1650_F_POA_03_ASEReadCounter.table","NW_015090842.1:9603528",49,111,62
"APRT","s1650_F_POA_03_ASEReadCounter.table","NW_015090842.1:9603607",36,102,66
"APRT","s1650_F_POA_03_ASEReadCounter.table","NW_015090842.1:9603622",47,109,62
"APRT","s1650_F_POA_03_ASEReadCounter.table","NW_015090842.1:9604361",30,98,68
"APRT","s1650_F_POA_03_ASEReadCounter.table","NW_015090842.1:9605317",28,69,41
"APRT","s1650_F_POA_03_ASEReadCounter.table","NW_015090842.1:9605336",34,79,45
"GALNS","s1650_F_POA_03_ASEReadCounter.table","NW_015090842.1:9612872",5,12,7
"GALNS","s1650_F_POA_03_ASEReadCounter.table","NW_015090842.1:9612873",5,11,6
"GALNS","s1650_F_POA_03_ASEReadCounter.table","NW_015090842.1:9612877",5,10,5
"GALNS","s1650_F_POA_03_ASEReadCounter.table","NW_015090842.1:9612942",14,21,7
"GALNS","s1650_F_POA_03_ASEReadCounter.table","NW_015090842.1:9612987",21,21,0
"GALNS","s1650_F_POA_03_ASEReadCounter.table","NW_015090842.1:9613064",18,37,19
"GALNS","s1650_F_POA_03_ASEReadCounter.table","NW_015090842.1:9613096",22,43,21
"GALNS","s1650_F_POA_03_ASEReadCounter.table","NW_015090842.1:9613123",22,40,18
"GALNS","s1650_F_POA_03_ASEReadCounter.table","NW_015090842.1:9613125",22,39,17
"GALNS","s1650_F_POA_03_ASEReadCounter.table","NW_015090842.1:9613193",22,34,12
"GALNS","s1650_F_POA_03_ASEReadCounter.table","NW_015090842.1:9613226",22,36,14
"GALNS","s1650_F_POA_03_ASEReadCounter.table","NW_015090842.1:9613249",24,44,20
"GALNS","s1650_F_POA_03_ASEReadCounter.table","NW_015090842.1:9613256",26,45,19
"GALNS","s1650_F_POA_03_ASEReadCounter.table","NW_015090842.1:9613317",26,44,18
"GALNS","s1650_F_POA_03_ASEReadCounter.table","NW_015090842.1:9613343",26,43,17
"GALNS","s1650_F_POA_03_ASEReadCounter.table","NW_015090842.1:9613344",26,43,17
"GALNS","s1650_F_POA_03_ASEReadCounter.table","NW_015090842.1:9613371",23,47,24
"GALNS","s1650_F_POA_03_ASEReadCounter.table","NW_015090842.1:9613378",23,51,28
"GALNS","s1650_F_POA_03_ASEReadCounter.table","NW_015090842.1:9613379",23,51,28
"GALNS","s1650_F_POA_03_ASEReadCounter.table","NW_015090842.1:9613516",26,52,26
"GALNS","s1650_F_POA_03_ASEReadCounter.table","NW_015090842.1:9613572",25,50,25
"GALNS","s1650_F_POA_03_ASEReadCounter.table","NW_015090842.1:9613597",21,50,29
"GALNS","s1650_F_POA_03_ASEReadCounter.table","NW_015090842.1:9613627",15,45,30
"GALNS","s1650_F_POA_03_ASEReadCounter.table","NW_015090842.1:9613640",16,51,35
"GALNS","s1650_F_POA_03_ASEReadCounter.table","NW_015090842.1:9614025",20,33,13
"GALNS","s1650_F_POA_03_ASEReadCounter.table","NW_015090842.1:9614169",12,27,15
"GALNS","s1650_F_POA_03_ASEReadCounter.table","NW_015090842.1:9614232",32,32,0
"GALNS","s1650_F_POA_03_ASEReadCounter.table","NW_015090842.1:9614667",12,20,8
"GALNS","s1650_F_POA_03_ASEReadCounter.table","NW_015090842.1:9614709",12,26,14
"GALNS","s1650_F_POA_03_ASEReadCounter.table","NW_015090842.1:9614880",9,23,14
"GALNS","s1650_F_POA_03_ASEReadCounter.table","NW_015090842.1:9614902",11,23,12
"GALNS","s1650_F_POA_03_ASEReadCounter.table","NW_015090842.1:9614960",10,16,6
"GALNS","s1650_F_POA_03_ASEReadCounter.table","NW_015090842.1:9615114",13,25,12
"GALNS","s1650_F_POA_03_ASEReadCounter.table","NW_015090842.1:9615199",14,31,17
"GALNS","s1650_F_POA_03_ASEReadCounter.table","NW_015090842.1:9615217",13,27,14
"GALNS","s1650_F_POA_03_ASEReadCounter.table","NW_015090842.1:9615277",8,19,11
"GALNS","s1650_F_POA_03_ASEReadCounter.table","NW_015090842.1:9615377",13,28,15
"GALNS","s1650_F_POA_03_ASEReadCounter.table","NW_015090842.1:9647858",9,14,5
"GALNS","s1650_F_POA_03_ASEReadCounter.table","NW_015090842.1:9649186",9,13,4
"GALNS","s1650_F_POA_03_ASEReadCounter.table","NW_015090842.1:9649237",5,7,2
"GALNS","s1650_F_POA_03_ASEReadCounter.table","NW_015090842.1:9661193",2,4,2
"TRAPPC2L","s1650_F_POA_03_ASEReadCounter.table","NW_015090842.1:9662951",161,294,133
"TRAPPC2L","s1650_F_POA_03_ASEReadCounter.table","NW_015090842.1:9663014",163,311,148
"TRAPPC2L","s1650_F_POA_03_ASEReadCounter.table","NW_015090842.1:9664305",282,282,0
"TRAPPC2L","s1650_F_POA_03_ASEReadCounter.table","NW_015090842.1:9665155",160,281,121
"TRAPPC2L","s1650_F_POA_03_ASEReadCounter.table","NW_015090842.1:9665211",47,94,47
"CBFA2T3","s1650_F_POA_03_ASEReadCounter.table","NW_015090842.1:9709469",2,20,18
"CBFA2T3","s1650_F_POA_03_ASEReadCounter.table","NW_015090842.1:9709475",1,20,19
"CBFA2T3","s1650_F_POA_03_ASEReadCounter.table","NW_015090842.1:9711845",1,6,5
"CBFA2T3","s1650_F_POA_03_ASEReadCounter.table","NW_015090842.1:9712157",0,9,9
"CBFA2T3","s1650_F_POA_03_ASEReadCounter.table","NW_015090842.1:9712160",0,10,10
"CBFA2T3","s1650_F_POA_03_ASEReadCounter.table","NW_015090842.1:9712166",0,11,11
"CBFA2T3","s1650_F_POA_03_ASEReadCounter.table","NW_015090842.1:9712536",4,8,4
"CBFA2T3","s1650_F_POA_03_ASEReadCounter.table","NW_015090842.1:9712673",5,9,4
"CBFA2T3","s1650_F_POA_03_ASEReadCounter.table","NW_015090842.1:9712787",6,12,6
"CBFA2T3","s1650_F_POA_03_ASEReadCounter.table","NW_015090842.1:9712791",6,11,5
"CBFA2T3","s1650_F_POA_03_ASEReadCounter.table","NW_015090842.1:9712805",8,12,4
"CBFA2T3","s1650_F_POA_03_ASEReadCounter.table","NW_015090842.1:9712811",7,13,6
"CBFA2T3","s1650_F_POA_03_ASEReadCounter.table","NW_015090842.1:9712848",8,18,10
"CBFA2T3","s1650_F_POA_03_ASEReadCounter.table","NW_015090842.1:9713088",5,13,8
"CBFA2T3","s1650_F_POA_03_ASEReadCounter.table","NW_015090842.1:9713121",4,9,5
"CBFA2T3","s1650_F_POA_03_ASEReadCounter.table","NW_015090842.1:9717058",8,11,3
"CBFA2T3","s1650_F_POA_03_ASEReadCounter.table","NW_015090842.1:9717093",13,18,5
"CBFA2T3","s1650_F_POA_03_ASEReadCounter.table","NW_015090842.1:9717114",10,15,5
"CBFA2T3","s1650_F_POA_03_ASEReadCounter.table","NW_015090842.1:9717139",11,15,4
"CBFA2T3","s1650_F_POA_03_ASEReadCounter.table","NW_015090842.1:9719788",7,10,3
"CBFA2T3","s1650_F_POA_03_ASEReadCounter.table","NW_015090842.1:9728475",1,2,1
"CBFA2T3","s1650_F_POA_03_ASEReadCounter.table","NW_015090842.1:9728522",1,2,1
"CBFA2T3","s1650_F_POA_03_ASEReadCounter.table","NW_015090842.1:9728525",1,2,1
"CBFA2T3","s1650_F_POA_03_ASEReadCounter.table","NW_015090842.1:9728588",0,1,1
"CBFA2T3","s1650_F_POA_03_ASEReadCounter.table","NW_015090842.1:9728601",0,1,1
"CBFA2T3","s1650_F_POA_03_ASEReadCounter.table","NW_015090842.1:9728611",0,1,1
"CBFA2T3","s1650_F_POA_03_ASEReadCounter.table","NW_015090842.1:9728654",0,1,1
"ACSF3","s1650_F_POA_03_ASEReadCounter.table","NW_015090842.1:9773379",0,1,1
"ACSF3","s1650_F_POA_03_ASEReadCounter.table","NW_015090842.1:9773382",0,1,1
"ACSF3","s1650_F_POA_03_ASEReadCounter.table","NW_015090842.1:9773384",0,1,1
"ACSF3","s1650_F_POA_03_ASEReadCounter.table","NW_015090842.1:9773388",0,4,4
"ACSF3","s1650_F_POA_03_ASEReadCounter.table","NW_015090842.1:9776753",5,12,7
"ACSF3","s1650_F_POA_03_ASEReadCounter.table","NW_015090842.1:9776783",6,13,7
"ACSF3","s1650_F_POA_03_ASEReadCounter.table","NW_015090842.1:9776879",9,12,3
"ACSF3","s1650_F_POA_03_ASEReadCounter.table","NW_015090842.1:9776965",6,14,8
"ACSF3","s1650_F_POA_03_ASEReadCounter.table","NW_015090842.1:9777091",10,23,13
"ACSF3","s1650_F_POA_03_ASEReadCounter.table","NW_015090842.1:9777206",11,20,9
"ACSF3","s1650_F_POA_03_ASEReadCounter.table","NW_015090842.1:9777283",20,34,14
"ACSF3","s1650_F_POA_03_ASEReadCounter.table","NW_015090842.1:9778955",17,39,22
"ACSF3","s1650_F_POA_03_ASEReadCounter.table","NW_015090842.1:9778997",31,62,31
"ACSF3","s1650_F_POA_03_ASEReadCounter.table","NW_015090842.1:9789311",21,42,21
"ACSF3","s1650_F_POA_03_ASEReadCounter.table","NW_015090842.1:9789906",1,32,31
"ACSF3","s1650_F_POA_03_ASEReadCounter.table","NW_015090842.1:9834743",35,86,51
"ACSF3","s1650_F_POA_03_ASEReadCounter.table","NW_015090842.1:9834852",45,98,53
"ACSF3","s1650_F_POA_03_ASEReadCounter.table","NW_015090842.1:9834861",45,97,52
"ACSF3","s1650_F_POA_03_ASEReadCounter.table","NW_015090842.1:9839359",38,77,39
"ACSF3","s1650_F_POA_03_ASEReadCounter.table","NW_015090842.1:9839378",38,70,32
"ACSF3","s1650_F_POA_03_ASEReadCounter.table","NW_015090842.1:9839455",28,63,35
"ACSF3","s1650_F_POA_03_ASEReadCounter.table","NW_015090842.1:9839457",29,60,31
"ACSF3","s1650_F_POA_03_ASEReadCounter.table","NW_015090842.1:9839489",24,47,23
"ACSF3","s1650_F_POA_03_ASEReadCounter.table","NW_015090842.1:9839500",11,28,17
"ACSF3","s1650_F_POA_03_ASEReadCounter.table","NW_015090842.1:9839501",11,28,17
"ACSF3","s1650_F_POA_03_ASEReadCounter.table","NW_015090842.1:9839504",16,33,17
"ACSF3","s1650_F_POA_03_ASEReadCounter.table","NW_015090842.1:9839512",10,24,14
"ACSF3","s1650_F_POA_03_ASEReadCounter.table","NW_015090842.1:9839527",9,21,12
"ACSF3","s1650_F_POA_03_ASEReadCounter.table","NW_015090842.1:9839533",7,18,11
"ACSF3","s1650_F_POA_03_ASEReadCounter.table","NW_015090842.1:9839535",7,18,11
"ACSF3","s1650_F_POA_03_ASEReadCounter.table","NW_015090842.1:9839545",7,16,9
"ACSF3","s1650_F_POA_03_ASEReadCounter.table","NW_015090842.1:9839550",7,16,9
"ACSF3","s1650_F_POA_03_ASEReadCounter.table","NW_015090842.1:9839551",7,15,8
"CDH15","s1650_F_POA_03_ASEReadCounter.table","NW_015090842.1:9848220",0,1,1
"CDH15","s1650_F_POA_03_ASEReadCounter.table","NW_015090842.1:9848307",1,1,0
"CDH15","s1650_F_POA_03_ASEReadCounter.table","NW_015090842.1:9848310",1,1,0
"CDH15","s1650_F_POA_03_ASEReadCounter.table","NW_015090842.1:9848313",1,1,0
"CDH15","s1650_F_POA_03_ASEReadCounter.table","NW_015090842.1:9848552",0,1,1
"CDH15","s1650_F_POA_03_ASEReadCounter.table","NW_015090842.1:9848888",1,1,0
"CDH15","s1650_F_POA_03_ASEReadCounter.table","NW_015090842.1:9848936",1,1,0
"CDH15","s1650_F_POA_03_ASEReadCounter.table","NW_015090842.1:9849119",0,1,1
"CDH15","s1650_F_POA_03_ASEReadCounter.table","NW_015090842.1:9849140",0,2,2
"CDH15","s1650_F_POA_03_ASEReadCounter.table","NW_015090842.1:9849473",1,2,1
"CDH15","s1650_F_POA_03_ASEReadCounter.table","NW_015090842.1:9850609",1,2,1
"SLC22A31","s1650_F_POA_03_ASEReadCounter.table","NW_015090842.1:9851117",9,15,6
"SLC22A31","s1650_F_POA_03_ASEReadCounter.table","NW_015090842.1:9851130",10,15,5
"SLC22A31","s1650_F_POA_03_ASEReadCounter.table","NW_015090842.1:9851139",11,16,5
"SLC22A31","s1650_F_POA_03_ASEReadCounter.table","NW_015090842.1:9851265",10,23,13
"SLC22A31","s1650_F_POA_03_ASEReadCounter.table","NW_015090842.1:9851302",8,24,16
"SLC22A31","s1650_F_POA_03_ASEReadCounter.table","NW_015090842.1:9851303",9,25,16
"SLC22A31","s1650_F_POA_03_ASEReadCounter.table","NW_015090842.1:9851305",9,25,16
"SLC22A31","s1650_F_POA_03_ASEReadCounter.table","NW_015090842.1:9851343",11,24,13
"SLC22A31","s1650_F_POA_03_ASEReadCounter.table","NW_015090842.1:9851344",11,24,13
"SLC22A31","s1650_F_POA_03_ASEReadCounter.table","NW_015090842.1:9851361",21,21,0
"SLC22A31","s1650_F_POA_03_ASEReadCounter.table","NW_015090842.1:9851381",11,27,16
"SLC22A31","s1650_F_POA_03_ASEReadCounter.table","NW_015090842.1:9851421",19,33,14
"SLC22A31","s1650_F_POA_03_ASEReadCounter.table","NW_015090842.1:9851501",7,21,14
"SLC22A31","s1650_F_POA_03_ASEReadCounter.table","NW_015090842.1:9851526",13,32,19
"SLC22A31","s1650_F_POA_03_ASEReadCounter.table","NW_015090842.1:9851589",17,43,26
"SLC22A31","s1650_F_POA_03_ASEReadCounter.table","NW_015090842.1:9851712",12,36,24
"SLC22A31","s1650_F_POA_03_ASEReadCounter.table","NW_015090842.1:9851899",8,25,17
"SLC22A31","s1650_F_POA_03_ASEReadCounter.table","NW_015090842.1:9852139",13,37,24
"SLC22A31","s1650_F_POA_03_ASEReadCounter.table","NW_015090842.1:9852380",9,27,18
"SLC22A31","s1650_F_POA_03_ASEReadCounter.table","NW_015090842.1:9852431",7,20,13
"SLC22A31","s1650_F_POA_03_ASEReadCounter.table","NW_015090842.1:9852630",5,21,16
"SLC22A31","s1650_F_POA_03_ASEReadCounter.table","NW_015090842.1:9852711",4,16,12
"SLC22A31","s1650_F_POA_03_ASEReadCounter.table","NW_015090842.1:9853099",5,15,10
"SLC22A31","s1650_F_POA_03_ASEReadCounter.table","NW_015090842.1:9853102",5,15,10
"SLC22A31","s1650_F_POA_03_ASEReadCounter.table","NW_015090842.1:9853421",3,3,0
"SLC22A31","s1650_F_POA_03_ASEReadCounter.table","NW_015090842.1:9853457",4,4,0
"SLC22A31","s1650_F_POA_03_ASEReadCounter.table","NW_015090842.1:9853502",3,4,1
"ANKRD11","s1650_F_POA_03_ASEReadCounter.table","NW_015090842.1:9858863",7,19,12
"ANKRD11","s1650_F_POA_03_ASEReadCounter.table","NW_015090842.1:9859101",105,253,148
"ANKRD11","s1650_F_POA_03_ASEReadCounter.table","NW_015090842.1:9859352",127,309,182
"ANKRD11","s1650_F_POA_03_ASEReadCounter.table","NW_015090842.1:9859381",21,169,148
"ANKRD11","s1650_F_POA_03_ASEReadCounter.table","NW_015090842.1:9859679",132,255,123
"ANKRD11","s1650_F_POA_03_ASEReadCounter.table","NW_015090842.1:9861097",101,224,123
"ANKRD11","s1650_F_POA_03_ASEReadCounter.table","NW_015090842.1:9862571",79,146,67
"ANKRD11","s1650_F_POA_03_ASEReadCounter.table","NW_015090842.1:9862652",59,93,34
"ANKRD11","s1650_F_POA_03_ASEReadCounter.table","NW_015090842.1:9866071",0,72,72
"ANKRD11","s1650_F_POA_03_ASEReadCounter.table","NW_015090842.1:9866200",0,56,56
"ANKRD11","s1650_F_POA_03_ASEReadCounter.table","NW_015090842.1:9867391",23,44,21
"ANKRD11","s1650_F_POA_03_ASEReadCounter.table","NW_015090842.1:9867472",36,63,27
"ANKRD11","s1650_F_POA_03_ASEReadCounter.table","NW_015090842.1:9867559",33,59,26
"ANKRD11","s1650_F_POA_03_ASEReadCounter.table","NW_015090842.1:9867667",44,79,35
"ANKRD11","s1650_F_POA_03_ASEReadCounter.table","NW_015090842.1:9867934",33,77,44
"ANKRD11","s1650_F_POA_03_ASEReadCounter.table","NW_015090842.1:9868064",24,48,24
"ANKRD11","s1650_F_POA_03_ASEReadCounter.table","NW_015090842.1:9868093",23,52,29
"ANKRD11","s1650_F_POA_03_ASEReadCounter.table","NW_015090842.1:9868222",33,65,32
"ANKRD11","s1650_F_POA_03_ASEReadCounter.table","NW_015090842.1:9868327",52,98,46
"ANKRD11","s1650_F_POA_03_ASEReadCounter.table","NW_015090842.1:9868414",54,105,51
"ANKRD11","s1650_F_POA_03_ASEReadCounter.table","NW_015090842.1:9868441",45,90,45
"ANKRD11","s1650_F_POA_03_ASEReadCounter.table","NW_015090842.1:9868444",45,98,53
"ANKRD11","s1650_F_POA_03_ASEReadCounter.table","NW_015090842.1:9868519",51,116,65
"ANKRD11","s1650_F_POA_03_ASEReadCounter.table","NW_015090842.1:9868609",53,122,69
"ANKRD11","s1650_F_POA_03_ASEReadCounter.table","NW_015090842.1:9868666",73,159,86
"ANKRD11","s1650_F_POA_03_ASEReadCounter.table","NW_015090842.1:9868738",210,210,0
"ANKRD11","s1650_F_POA_03_ASEReadCounter.table","NW_015090842.1:9869431",135,263,128
"ANKRD11","s1650_F_POA_03_ASEReadCounter.table","NW_015090842.1:9869578",227,460,233
"ANKRD11","s1650_F_POA_03_ASEReadCounter.table","NW_015090842.1:9869734",202,424,222
"ANKRD11","s1650_F_POA_03_ASEReadCounter.table","NW_015090842.1:9870070",175,387,212
"ANKRD11","s1650_F_POA_03_ASEReadCounter.table","NW_015090842.1:9870349",185,373,188
"ANKRD11","s1650_F_POA_03_ASEReadCounter.table","NW_015090842.1:9870604",210,396,186
"ANKRD11","s1650_F_POA_03_ASEReadCounter.table","NW_015090842.1:9870613",235,439,204
"ANKRD11","s1650_F_POA_03_ASEReadCounter.table","NW_015090842.1:9870685",281,570,289
"ANKRD11","s1650_F_POA_03_ASEReadCounter.table","NW_015090842.1:9870760",229,491,262
"ANKRD11","s1650_F_POA_03_ASEReadCounter.table","NW_015090842.1:9870847",204,419,215
"ANKRD11","s1650_F_POA_03_ASEReadCounter.table","NW_015090842.1:9871103",155,324,169
"ANKRD11","s1650_F_POA_03_ASEReadCounter.table","NW_015090842.1:9871165",183,375,192
"ANKRD11","s1650_F_POA_03_ASEReadCounter.table","NW_015090842.1:9871508",257,257,0
"ANKRD11","s1650_F_POA_03_ASEReadCounter.table","NW_015090842.1:9871820",47,96,49
"ANKRD11","s1650_F_POA_03_ASEReadCounter.table","NW_015090842.1:9872118",51,121,70
"ANKRD11","s1650_F_POA_03_ASEReadCounter.table","NW_015090842.1:9877406",20,38,18
"SPG7","s1650_F_POA_03_ASEReadCounter.table","NW_015090842.1:10051190",72,155,83
"SPG7","s1650_F_POA_03_ASEReadCounter.table","NW_015090842.1:10051218",73,166,93
"SPG7","s1650_F_POA_03_ASEReadCounter.table","NW_015090842.1:10052348",88,176,88
"SPG7","s1650_F_POA_03_ASEReadCounter.table","NW_015090842.1:10052366",86,177,91
"SPG7","s1650_F_POA_03_ASEReadCounter.table","NW_015090842.1:10065173",112,241,129
"SPG7","s1650_F_POA_03_ASEReadCounter.table","NW_015090842.1:10065215",110,223,113
"SPG7","s1650_F_POA_03_ASEReadCounter.table","NW_015090842.1:10066365",109,234,125
"SPG7","s1650_F_POA_03_ASEReadCounter.table","NW_015090842.1:10069752",139,284,145
"SPG7","s1650_F_POA_03_ASEReadCounter.table","NW_015090842.1:10069800",138,305,167
"SPG7","s1650_F_POA_03_ASEReadCounter.table","NW_015090842.1:10071192",159,347,188
"SPG7","s1650_F_POA_03_ASEReadCounter.table","NW_015090842.1:10071219",151,324,173
"SPG7","s1650_F_POA_03_ASEReadCounter.table","NW_015090842.1:10071967",130,285,155
"SPG7","s1650_F_POA_03_ASEReadCounter.table","NW_015090842.1:10075109",249,491,242
"SPG7","s1650_F_POA_03_ASEReadCounter.table","NW_015090842.1:10075114",253,490,237
"SPG7","s1650_F_POA_03_ASEReadCounter.table","NW_015090842.1:10075198",217,388,171
"SPG7","s1650_F_POA_03_ASEReadCounter.table","NW_015090842.1:10075487",170,352,182
"SPG7","s1650_F_POA_03_ASEReadCounter.table","NW_015090842.1:10075488",170,355,185
"SPG7","s1650_F_POA_03_ASEReadCounter.table","NW_015090842.1:10075548",136,256,120
"RPL13","s1650_F_POA_03_ASEReadCounter.table","NW_015090842.1:10077387",465,965,500
"RPL13","s1650_F_POA_03_ASEReadCounter.table","NW_015090842.1:10077978",668,1472,804
"RPL13","s1650_F_POA_03_ASEReadCounter.table","NW_015090842.1:10077992",671,1411,740
"CPNE7","s1650_F_POA_03_ASEReadCounter.table","NW_015090842.1:10084001",12,17,5
"CPNE7","s1650_F_POA_03_ASEReadCounter.table","NW_015090842.1:10084856",10,14,4
"CPNE7","s1650_F_POA_03_ASEReadCounter.table","NW_015090842.1:10084872",10,15,5
"CPNE7","s1650_F_POA_03_ASEReadCounter.table","NW_015090842.1:10084892",7,12,5
"CPNE7","s1650_F_POA_03_ASEReadCounter.table","NW_015090842.1:10084921",11,17,6
"CPNE7","s1650_F_POA_03_ASEReadCounter.table","NW_015090842.1:10084935",13,19,6
"CPNE7","s1650_F_POA_03_ASEReadCounter.table","NW_015090842.1:10085000",13,14,1
"CPNE7","s1650_F_POA_03_ASEReadCounter.table","NW_015090842.1:10085089",15,22,7
"CPNE7","s1650_F_POA_03_ASEReadCounter.table","NW_015090842.1:10085096",14,21,7
"CPNE7","s1650_F_POA_03_ASEReadCounter.table","NW_015090842.1:10085126",17,23,6
"CPNE7","s1650_F_POA_03_ASEReadCounter.table","NW_015090842.1:10085167",28,28,0
"CPNE7","s1650_F_POA_03_ASEReadCounter.table","NW_015090842.1:10085180",20,27,7
"CPNE7","s1650_F_POA_03_ASEReadCounter.table","NW_015090842.1:10085201",17,20,3
"CPNE7","s1650_F_POA_03_ASEReadCounter.table","NW_015090842.1:10088134",33,48,15
"CPNE7","s1650_F_POA_03_ASEReadCounter.table","NW_015090842.1:10088146",33,47,14
"CPNE7","s1650_F_POA_03_ASEReadCounter.table","NW_015090842.1:10088806",31,41,10
"CPNE7","s1650_F_POA_03_ASEReadCounter.table","NW_015090842.1:10088940",42,55,13
"CPNE7","s1650_F_POA_03_ASEReadCounter.table","NW_015090842.1:10088965",43,61,18
"CPNE7","s1650_F_POA_03_ASEReadCounter.table","NW_015090842.1:10088967",42,59,17
"CPNE7","s1650_F_POA_03_ASEReadCounter.table","NW_015090842.1:10088973",44,63,19
"CPNE7","s1650_F_POA_03_ASEReadCounter.table","NW_015090842.1:10090924",80,98,18
"CPNE7","s1650_F_POA_03_ASEReadCounter.table","NW_015090842.1:10090930",85,102,17
"CPNE7","s1650_F_POA_03_ASEReadCounter.table","NW_015090842.1:10091075",73,94,21
"CPNE7","s1650_F_POA_03_ASEReadCounter.table","NW_015090842.1:10091389",71,102,31
"CPNE7","s1650_F_POA_03_ASEReadCounter.table","NW_015090842.1:10091407",84,120,36
"CPNE7","s1650_F_POA_03_ASEReadCounter.table","NW_015090842.1:10091488",94,94,0
"CPNE7","s1650_F_POA_03_ASEReadCounter.table","NW_015090842.1:10091491",94,94,0
"CPNE7","s1650_F_POA_03_ASEReadCounter.table","NW_015090842.1:10091530",60,91,31
"CPNE7","s1650_F_POA_03_ASEReadCounter.table","NW_015090842.1:10091875",75,113,38
"CPNE7","s1650_F_POA_03_ASEReadCounter.table","NW_015090842.1:10091983",66,94,28
"CPNE7","s1650_F_POA_03_ASEReadCounter.table","NW_015090842.1:10091997",69,100,31
"CPNE7","s1650_F_POA_03_ASEReadCounter.table","NW_015090842.1:10092038",32,47,15
"CPNE7","s1650_F_POA_03_ASEReadCounter.table","NW_015090842.1:10092140",55,80,25
"CPNE7","s1650_F_POA_03_ASEReadCounter.table","NW_015090842.1:10092183",48,65,17
"CPNE7","s1650_F_POA_03_ASEReadCounter.table","NW_015090842.1:10092201",37,53,16
"CPNE7","s1650_F_POA_03_ASEReadCounter.table","NW_015090842.1:10092230",22,33,11
"CPNE7","s1650_F_POA_03_ASEReadCounter.table","NW_015090842.1:10092246",16,22,6
"LOC106888185","s1650_F_POA_03_ASEReadCounter.table","NW_015090842.1:10094965",0,6,6
"LOC106888185","s1650_F_POA_03_ASEReadCounter.table","NW_015090842.1:10094966",0,6,6
"LOC106888185","s1650_F_POA_03_ASEReadCounter.table","NW_015090842.1:10094985",0,7,7
"LOC106888185","s1650_F_POA_03_ASEReadCounter.table","NW_015090842.1:10095055",0,6,6
"LOC106888185","s1650_F_POA_03_ASEReadCounter.table","NW_015090842.1:10095062",0,3,3
"LOC106888185","s1650_F_POA_03_ASEReadCounter.table","NW_015090842.1:10095130",0,3,3
"LOC106888185","s1650_F_POA_03_ASEReadCounter.table","NW_015090842.1:10095265",8,17,9
"LOC106888185","s1650_F_POA_03_ASEReadCounter.table","NW_015090842.1:10095586",13,22,9
"LOC106888185","s1650_F_POA_03_ASEReadCounter.table","NW_015090842.1:10095593",13,22,9
"LOC106888185","s1650_F_POA_03_ASEReadCounter.table","NW_015090842.1:10095616",5,14,9
"LOC106888185","s1650_F_POA_03_ASEReadCounter.table","NW_015090842.1:10095662",3,12,9
"LOC106888185","s1650_F_POA_03_ASEReadCounter.table","NW_015090842.1:10095674",3,10,7
"LOC106888185","s1650_F_POA_03_ASEReadCounter.table","NW_015090842.1:10095786",1,8,7
"LOC106888185","s1650_F_POA_03_ASEReadCounter.table","NW_015090842.1:10095831",1,6,5
"LOC106888185","s1650_F_POA_03_ASEReadCounter.table","NW_015090842.1:10096230",4,11,7
"LOC106888185","s1650_F_POA_03_ASEReadCounter.table","NW_015090842.1:10096249",6,12,6
"LOC106888185","s1650_F_POA_03_ASEReadCounter.table","NW_015090842.1:10096272",5,11,6
"LOC106888185","s1650_F_POA_03_ASEReadCounter.table","NW_015090842.1:10096288",5,13,8
"LOC106888185","s1650_F_POA_03_ASEReadCounter.table","NW_015090842.1:10097248",5,8,3
"LOC106888185","s1650_F_POA_03_ASEReadCounter.table","NW_015090842.1:10097265",6,10,4
"LOC106888185","s1650_F_POA_03_ASEReadCounter.table","NW_015090842.1:10097446",0,1,1
"DPEP1","s1650_F_POA_03_ASEReadCounter.table","NW_015090842.1:10098017",0,1,1
"DPEP1","s1650_F_POA_03_ASEReadCounter.table","NW_015090842.1:10098595",1,1,0
"DPEP1","s1650_F_POA_03_ASEReadCounter.table","NW_015090842.1:10098597",1,1,0
"DPEP1","s1650_F_POA_03_ASEReadCounter.table","NW_015090842.1:10098601",1,1,0
"DPEP1","s1650_F_POA_03_ASEReadCounter.table","NW_015090842.1:10098608",1,1,0
"DPEP1","s1650_F_POA_03_ASEReadCounter.table","NW_015090842.1:10098630",1,1,0
"DPEP1","s1650_F_POA_03_ASEReadCounter.table","NW_015090842.1:10098659",1,1,0
"DPEP1","s1650_F_POA_03_ASEReadCounter.table","NW_015090842.1:10100295",0,1,1
"DPEP1","s1650_F_POA_03_ASEReadCounter.table","NW_015090842.1:10101072",0,2,2
"DPEP1","s1650_F_POA_03_ASEReadCounter.table","NW_015090842.1:10101199",0,2,2
"DPEP1","s1650_F_POA_03_ASEReadCounter.table","NW_015090842.1:10101483",0,2,2
"DPEP1","s1650_F_POA_03_ASEReadCounter.table","NW_015090842.1:10101497",0,2,2
"DPEP1","s1650_F_POA_03_ASEReadCounter.table","NW_015090842.1:10101525",0,2,2
"DPEP1","s1650_F_POA_03_ASEReadCounter.table","NW_015090842.1:10101875",1,2,1
"DPEP1","s1650_F_POA_03_ASEReadCounter.table","NW_015090842.1:10101913",1,2,1
"DPEP1","s1650_F_POA_03_ASEReadCounter.table","NW_015090842.1:10101996",1,1,0
"DPEP1","s1650_F_POA_03_ASEReadCounter.table","NW_015090842.1:10102014",1,1,0
"DPEP1","s1650_F_POA_03_ASEReadCounter.table","NW_015090842.1:10102035",1,1,0
"CHMP1A","s1650_F_POA_03_ASEReadCounter.table","NW_015090842.1:10102901",80,177,97
"CHMP1A","s1650_F_POA_03_ASEReadCounter.table","NW_015090842.1:10102961",60,179,119
"CHMP1A","s1650_F_POA_03_ASEReadCounter.table","NW_015090842.1:10102996",57,186,129
"CHMP1A","s1650_F_POA_03_ASEReadCounter.table","NW_015090842.1:10103004",63,188,125
"CHMP1A","s1650_F_POA_03_ASEReadCounter.table","NW_015090842.1:10103006",65,189,124
"CHMP1A","s1650_F_POA_03_ASEReadCounter.table","NW_015090842.1:10103052",102,236,134
"CHMP1A","s1650_F_POA_03_ASEReadCounter.table","NW_015090842.1:10103095",106,237,131
"CHMP1A","s1650_F_POA_03_ASEReadCounter.table","NW_015090842.1:10103096",108,235,127
"CHMP1A","s1650_F_POA_03_ASEReadCounter.table","NW_015090842.1:10103152",88,180,92
"CHMP1A","s1650_F_POA_03_ASEReadCounter.table","NW_015090842.1:10103173",91,189,98
"CHMP1A","s1650_F_POA_03_ASEReadCounter.table","NW_015090842.1:10103334",60,138,78
"CHMP1A","s1650_F_POA_03_ASEReadCounter.table","NW_015090842.1:10103373",37,112,75
"CHMP1A","s1650_F_POA_03_ASEReadCounter.table","NW_015090842.1:10103408",66,155,89
"CHMP1A","s1650_F_POA_03_ASEReadCounter.table","NW_015090842.1:10103412",71,163,92
"CHMP1A","s1650_F_POA_03_ASEReadCounter.table","NW_015090842.1:10103512",116,229,113
"CHMP1A","s1650_F_POA_03_ASEReadCounter.table","NW_015090842.1:10103513",114,230,116
"CHMP1A","s1650_F_POA_03_ASEReadCounter.table","NW_015090842.1:10103583",59,134,75
"CHMP1A","s1650_F_POA_03_ASEReadCounter.table","NW_015090842.1:10103614",65,141,76
"CHMP1A","s1650_F_POA_03_ASEReadCounter.table","NW_015090842.1:10103657",63,136,73
"CHMP1A","s1650_F_POA_03_ASEReadCounter.table","NW_015090842.1:10103669",52,122,70
"CHMP1A","s1650_F_POA_03_ASEReadCounter.table","NW_015090842.1:10103674",56,124,68
"CHMP1A","s1650_F_POA_03_ASEReadCounter.table","NW_015090842.1:10103677",53,125,72
"CHMP1A","s1650_F_POA_03_ASEReadCounter.table","NW_015090842.1:10103729",74,148,74
"CHMP1A","s1650_F_POA_03_ASEReadCounter.table","NW_015090842.1:10103758",80,149,69
"CHMP1A","s1650_F_POA_03_ASEReadCounter.table","NW_015090842.1:10103761",78,151,73
"CHMP1A","s1650_F_POA_03_ASEReadCounter.table","NW_015090842.1:10103788",82,175,93
"CHMP1A","s1650_F_POA_03_ASEReadCounter.table","NW_015090842.1:10103789",83,175,92
"CHMP1A","s1650_F_POA_03_ASEReadCounter.table","NW_015090842.1:10103790",80,173,93
"CHMP1A","s1650_F_POA_03_ASEReadCounter.table","NW_015090842.1:10103950",76,141,65
"CHMP1A","s1650_F_POA_03_ASEReadCounter.table","NW_015090842.1:10104335",46,96,50
"CHMP1A","s1650_F_POA_03_ASEReadCounter.table","NW_015090842.1:10104429",64,135,71
"CHMP1A","s1650_F_POA_03_ASEReadCounter.table","NW_015090842.1:10104532",74,151,77
"CHMP1A","s1650_F_POA_03_ASEReadCounter.table","NW_015090842.1:10104633",49,95,46
"CHMP1A","s1650_F_POA_03_ASEReadCounter.table","NW_015090842.1:10104759",55,105,50
"CHMP1A","s1650_F_POA_03_ASEReadCounter.table","NW_015090842.1:10104794",55,109,54
"CHMP1A","s1650_F_POA_03_ASEReadCounter.table","NW_015090842.1:10104841",85,85,0
"CHMP1A","s1650_F_POA_03_ASEReadCounter.table","NW_015090842.1:10104844",32,81,49
"CHMP1A","s1650_F_POA_03_ASEReadCounter.table","NW_015090842.1:10106242",41,91,50
"CHMP1A","s1650_F_POA_03_ASEReadCounter.table","NW_015090842.1:10106290",37,88,51
"CHMP1A","s1650_F_POA_03_ASEReadCounter.table","NW_015090842.1:10106335",38,89,51
"CHMP1A","s1650_F_POA_03_ASEReadCounter.table","NW_015090842.1:10106383",53,109,56
"CHMP1A","s1650_F_POA_03_ASEReadCounter.table","NW_015090842.1:10106747",57,110,53
"CHMP1A","s1650_F_POA_03_ASEReadCounter.table","NW_015090842.1:10107404",51,113,62
"CHMP1A","s1650_F_POA_03_ASEReadCounter.table","NW_015090842.1:10107876",47,99,52
"CDK10","s1650_F_POA_03_ASEReadCounter.table","NW_015090842.1:10109030",11,11,0
"CDK10","s1650_F_POA_03_ASEReadCounter.table","NW_015090842.1:10109963",36,95,59
"CDK10","s1650_F_POA_03_ASEReadCounter.table","NW_015090842.1:10110887",33,83,50
"CDK10","s1650_F_POA_03_ASEReadCounter.table","NW_015090842.1:10111254",28,83,55
"CDK10","s1650_F_POA_03_ASEReadCounter.table","NW_015090842.1:10111380",24,93,69
"CDK10","s1650_F_POA_03_ASEReadCounter.table","NW_015090842.1:10111395",24,86,62
"CDK10","s1650_F_POA_03_ASEReadCounter.table","NW_015090842.1:10111437",11,77,66
"CDK10","s1650_F_POA_03_ASEReadCounter.table","NW_015090842.1:10111798",34,102,68
"CDK10","s1650_F_POA_03_ASEReadCounter.table","NW_015090842.1:10111840",35,100,65
"CDK10","s1650_F_POA_03_ASEReadCounter.table","NW_015090842.1:10112031",35,134,99
"CDK10","s1650_F_POA_03_ASEReadCounter.table","NW_015090842.1:10112285",43,132,89
"CDK10","s1650_F_POA_03_ASEReadCounter.table","NW_015090842.1:10112398",46,132,86
"CDK10","s1650_F_POA_03_ASEReadCounter.table","NW_015090842.1:10112455",45,117,72
"CDK10","s1650_F_POA_03_ASEReadCounter.table","NW_015090842.1:10112461",45,115,70
"CDK10","s1650_F_POA_03_ASEReadCounter.table","NW_015090842.1:10112497",41,103,62
"CDK10","s1650_F_POA_03_ASEReadCounter.table","NW_015090842.1:10112508",35,105,70
"CDK10","s1650_F_POA_03_ASEReadCounter.table","NW_015090842.1:10112518",28,97,69
"CDK10","s1650_F_POA_03_ASEReadCounter.table","NW_015090842.1:10112540",13,94,81
"CDK10","s1650_F_POA_03_ASEReadCounter.table","NW_015090842.1:10112556",34,117,83
"CDK10","s1650_F_POA_03_ASEReadCounter.table","NW_015090842.1:10112561",36,130,94
"CDK10","s1650_F_POA_03_ASEReadCounter.table","NW_015090842.1:10112596",45,137,92
"CDK10","s1650_F_POA_03_ASEReadCounter.table","NW_015090842.1:10112630",43,117,74
"CDK10","s1650_F_POA_03_ASEReadCounter.table","NW_015090842.1:10112656",39,107,68
"CDK10","s1650_F_POA_03_ASEReadCounter.table","NW_015090842.1:10112665",32,79,47
"CDK10","s1650_F_POA_03_ASEReadCounter.table","NW_015090842.1:10112668",31,78,47
"CDK10","s1650_F_POA_03_ASEReadCounter.table","NW_015090842.1:10112781",24,54,30
"CDK10","s1650_F_POA_03_ASEReadCounter.table","NW_015090842.1:10112782",24,55,31
"CDK10","s1650_F_POA_03_ASEReadCounter.table","NW_015090842.1:10112795",21,48,27
"CDK10","s1650_F_POA_03_ASEReadCounter.table","NW_015090842.1:10112841",8,16,8
"CDK10","s1650_F_POA_03_ASEReadCounter.table","NW_015090842.1:10112861",7,13,6
"SPATA2L","s1650_F_POA_03_ASEReadCounter.table","NW_015090842.1:10113212",17,45,28
"SPATA2L","s1650_F_POA_03_ASEReadCounter.table","NW_015090842.1:10113280",30,85,55
"SPATA2L","s1650_F_POA_03_ASEReadCounter.table","NW_015090842.1:10113296",37,88,51
"SPATA2L","s1650_F_POA_03_ASEReadCounter.table","NW_015090842.1:10113321",39,104,65
"SPATA2L","s1650_F_POA_03_ASEReadCounter.table","NW_015090842.1:10113332",43,115,72
"SPATA2L","s1650_F_POA_03_ASEReadCounter.table","NW_015090842.1:10113380",41,117,76
"SPATA2L","s1650_F_POA_03_ASEReadCounter.table","NW_015090842.1:10113381",41,121,80
"SPATA2L","s1650_F_POA_03_ASEReadCounter.table","NW_015090842.1:10113412",42,121,79
"SPATA2L","s1650_F_POA_03_ASEReadCounter.table","NW_015090842.1:10113421",42,114,72
"SPATA2L","s1650_F_POA_03_ASEReadCounter.table","NW_015090842.1:10113465",44,110,66
"SPATA2L","s1650_F_POA_03_ASEReadCounter.table","NW_015090842.1:10113535",48,112,64
"SPATA2L","s1650_F_POA_03_ASEReadCounter.table","NW_015090842.1:10113645",52,115,63
"SPATA2L","s1650_F_POA_03_ASEReadCounter.table","NW_015090842.1:10113682",64,144,80
"SPATA2L","s1650_F_POA_03_ASEReadCounter.table","NW_015090842.1:10113696",55,133,78
"SPATA2L","s1650_F_POA_03_ASEReadCounter.table","NW_015090842.1:10113727",69,162,93
"SPATA2L","s1650_F_POA_03_ASEReadCounter.table","NW_015090842.1:10113799",77,178,101
"SPATA2L","s1650_F_POA_03_ASEReadCounter.table","NW_015090842.1:10113809",79,190,111
"SPATA2L","s1650_F_POA_03_ASEReadCounter.table","NW_015090842.1:10113827",80,185,105
"SPATA2L","s1650_F_POA_03_ASEReadCounter.table","NW_015090842.1:10113831",76,182,106
"SPATA2L","s1650_F_POA_03_ASEReadCounter.table","NW_015090842.1:10113894",66,153,87
"SPATA2L","s1650_F_POA_03_ASEReadCounter.table","NW_015090842.1:10113905",58,141,83
"SPATA2L","s1650_F_POA_03_ASEReadCounter.table","NW_015090842.1:10113914",57,132,75
"SPATA2L","s1650_F_POA_03_ASEReadCounter.table","NW_015090842.1:10113920",59,138,79
"SPATA2L","s1650_F_POA_03_ASEReadCounter.table","NW_015090842.1:10113937",67,154,87
"SPATA2L","s1650_F_POA_03_ASEReadCounter.table","NW_015090842.1:10113971",50,131,81
"SPATA2L","s1650_F_POA_03_ASEReadCounter.table","NW_015090842.1:10113976",43,137,94
"SPATA2L","s1650_F_POA_03_ASEReadCounter.table","NW_015090842.1:10113985",50,127,77
"SPATA2L","s1650_F_POA_03_ASEReadCounter.table","NW_015090842.1:10113994",58,134,76
"SPATA2L","s1650_F_POA_03_ASEReadCounter.table","NW_015090842.1:10114063",50,115,65
"SPATA2L","s1650_F_POA_03_ASEReadCounter.table","NW_015090842.1:10114066",48,112,64
"SPATA2L","s1650_F_POA_03_ASEReadCounter.table","NW_015090842.1:10114069",51,116,65
"SPATA2L","s1650_F_POA_03_ASEReadCounter.table","NW_015090842.1:10114121",34,91,57
"SPATA2L","s1650_F_POA_03_ASEReadCounter.table","NW_015090842.1:10114159",34,101,67
"SPATA2L","s1650_F_POA_03_ASEReadCounter.table","NW_015090842.1:10114282",40,97,57
"SPATA2L","s1650_F_POA_03_ASEReadCounter.table","NW_015090842.1:10114470",31,78,47
"SPATA2L","s1650_F_POA_03_ASEReadCounter.table","NW_015090842.1:10114524",21,51,30
"VPS9D1","s1650_F_POA_03_ASEReadCounter.table","NW_015090842.1:10116377",24,69,45
"VPS9D1","s1650_F_POA_03_ASEReadCounter.table","NW_015090842.1:10116415",24,77,53
"VPS9D1","s1650_F_POA_03_ASEReadCounter.table","NW_015090842.1:10116607",26,80,54
"VPS9D1","s1650_F_POA_03_ASEReadCounter.table","NW_015090842.1:10116816",53,53,0
"VPS9D1","s1650_F_POA_03_ASEReadCounter.table","NW_015090842.1:10116821",25,51,26
"VPS9D1","s1650_F_POA_03_ASEReadCounter.table","NW_015090842.1:10116825",26,53,27
"VPS9D1","s1650_F_POA_03_ASEReadCounter.table","NW_015090842.1:10116882",21,48,27
"VPS9D1","s1650_F_POA_03_ASEReadCounter.table","NW_015090842.1:10116885",21,42,21
"VPS9D1","s1650_F_POA_03_ASEReadCounter.table","NW_015090842.1:10116933",19,43,24
"VPS9D1","s1650_F_POA_03_ASEReadCounter.table","NW_015090842.1:10116942",16,42,26
"VPS9D1","s1650_F_POA_03_ASEReadCounter.table","NW_015090842.1:10117152",24,52,28
"VPS9D1","s1650_F_POA_03_ASEReadCounter.table","NW_015090842.1:10117396",40,40,0
"VPS9D1","s1650_F_POA_03_ASEReadCounter.table","NW_015090842.1:10117405",32,32,0
"VPS9D1","s1650_F_POA_03_ASEReadCounter.table","NW_015090842.1:10117480",17,38,21
"VPS9D1","s1650_F_POA_03_ASEReadCounter.table","NW_015090842.1:10117497",15,32,17
"VPS9D1","s1650_F_POA_03_ASEReadCounter.table","NW_015090842.1:10117499",12,28,16
"VPS9D1","s1650_F_POA_03_ASEReadCounter.table","NW_015090842.1:10117516",17,35,18
"VPS9D1","s1650_F_POA_03_ASEReadCounter.table","NW_015090842.1:10117525",19,37,18
"VPS9D1","s1650_F_POA_03_ASEReadCounter.table","NW_015090842.1:10117579",22,50,28
"VPS9D1","s1650_F_POA_03_ASEReadCounter.table","NW_015090842.1:10117627",29,67,38
"VPS9D1","s1650_F_POA_03_ASEReadCounter.table","NW_015090842.1:10117678",12,45,33
"VPS9D1","s1650_F_POA_03_ASEReadCounter.table","NW_015090842.1:10117773",17,56,39
"VPS9D1","s1650_F_POA_03_ASEReadCounter.table","NW_015090842.1:10117937",22,75,53
"VPS9D1","s1650_F_POA_03_ASEReadCounter.table","NW_015090842.1:10117961",23,72,49
"VPS9D1","s1650_F_POA_03_ASEReadCounter.table","NW_015090842.1:10118236",18,66,48
"VPS9D1","s1650_F_POA_03_ASEReadCounter.table","NW_015090842.1:10118414",18,63,45
"VPS9D1","s1650_F_POA_03_ASEReadCounter.table","NW_015090842.1:10118973",22,58,36
"VPS9D1","s1650_F_POA_03_ASEReadCounter.table","NW_015090842.1:10119500",17,39,22
"ZNF276","s1650_F_POA_03_ASEReadCounter.table","NW_015090842.1:10121760",0,1,1
"ZNF276","s1650_F_POA_03_ASEReadCounter.table","NW_015090842.1:10121769",0,1,1
"ZNF276","s1650_F_POA_03_ASEReadCounter.table","NW_015090842.1:10121802",2,3,1
"ZNF276","s1650_F_POA_03_ASEReadCounter.table","NW_015090842.1:10121971",5,10,5
"ZNF276","s1650_F_POA_03_ASEReadCounter.table","NW_015090842.1:10122883",4,10,6
"ZNF276","s1650_F_POA_03_ASEReadCounter.table","NW_015090842.1:10123069",7,14,7
"ZNF276","s1650_F_POA_03_ASEReadCounter.table","NW_015090842.1:10123207",10,29,19
"ZNF276","s1650_F_POA_03_ASEReadCounter.table","NW_015090842.1:10125787",13,31,18
"ZNF276","s1650_F_POA_03_ASEReadCounter.table","NW_015090842.1:10126309",29,49,20
"ZNF276","s1650_F_POA_03_ASEReadCounter.table","NW_015090842.1:10126348",24,40,16
"ZNF276","s1650_F_POA_03_ASEReadCounter.table","NW_015090842.1:10126978",20,42,22
"ZNF276","s1650_F_POA_03_ASEReadCounter.table","NW_015090842.1:10126991",18,36,18
"ZNF276","s1650_F_POA_03_ASEReadCounter.table","NW_015090842.1:10127023",20,38,18
"ZNF276","s1650_F_POA_03_ASEReadCounter.table","NW_015090842.1:10127063",22,38,16
"ZNF276","s1650_F_POA_03_ASEReadCounter.table","NW_015090842.1:10127373",12,30,18
"ZNF276","s1650_F_POA_03_ASEReadCounter.table","NW_015090842.1:10127931",26,48,22
"ZNF276","s1650_F_POA_03_ASEReadCounter.table","NW_015090842.1:10128070",33,57,24
"ZNF276","s1650_F_POA_03_ASEReadCounter.table","NW_015090842.1:10128102",31,53,22
"ZNF276","s1650_F_POA_03_ASEReadCounter.table","NW_015090842.1:10128356",31,62,31
"ZNF276","s1650_F_POA_03_ASEReadCounter.table","NW_015090842.1:10128497",20,34,14
"FANCA","s1650_F_POA_03_ASEReadCounter.table","NW_015090842.1:10128822",0,4,4
"FANCA","s1650_F_POA_03_ASEReadCounter.table","NW_015090842.1:10129422",0,1,1
"FANCA","s1650_F_POA_03_ASEReadCounter.table","NW_015090842.1:10129969",0,1,1
"FANCA","s1650_F_POA_03_ASEReadCounter.table","NW_015090842.1:10130857",1,1,0
"FANCA","s1650_F_POA_03_ASEReadCounter.table","NW_015090842.1:10130878",2,2,0
"FANCA","s1650_F_POA_03_ASEReadCounter.table","NW_015090842.1:10133530",1,2,1
"FANCA","s1650_F_POA_03_ASEReadCounter.table","NW_015090842.1:10133533",1,2,1
"FANCA","s1650_F_POA_03_ASEReadCounter.table","NW_015090842.1:10133536",1,2,1
"FANCA","s1650_F_POA_03_ASEReadCounter.table","NW_015090842.1:10134492",0,1,1
"FANCA","s1650_F_POA_03_ASEReadCounter.table","NW_015090842.1:10134531",1,2,1
"FANCA","s1650_F_POA_03_ASEReadCounter.table","NW_015090842.1:10136957",0,1,1
"FANCA","s1650_F_POA_03_ASEReadCounter.table","NW_015090842.1:10136982",1,2,1
"FANCA","s1650_F_POA_03_ASEReadCounter.table","NW_015090842.1:10136999",1,2,1
"FANCA","s1650_F_POA_03_ASEReadCounter.table","NW_015090842.1:10137019",2,2,0
"FANCA","s1650_F_POA_03_ASEReadCounter.table","NW_015090842.1:10137673",1,1,0
"FANCA","s1650_F_POA_03_ASEReadCounter.table","NW_015090842.1:10138618",1,1,0
"FANCA","s1650_F_POA_03_ASEReadCounter.table","NW_015090842.1:10139140",1,2,1
"FANCA","s1650_F_POA_03_ASEReadCounter.table","NW_015090842.1:10141234",1,1,0
"FANCA","s1650_F_POA_03_ASEReadCounter.table","NW_015090842.1:10150518",1,1,0
"FANCA","s1650_F_POA_03_ASEReadCounter.table","NW_015090842.1:10158162",1,1,0
"FANCA","s1650_F_POA_03_ASEReadCounter.table","NW_015090842.1:10163667",1,1,0
"FANCA","s1650_F_POA_03_ASEReadCounter.table","NW_015090842.1:10164257",1,1,0
"SPIRE2","s1650_F_POA_03_ASEReadCounter.table","NW_015090842.1:10172284",11,28,17
"SPIRE2","s1650_F_POA_03_ASEReadCounter.table","NW_015090842.1:10175262",20,41,21
"SPIRE2","s1650_F_POA_03_ASEReadCounter.table","NW_015090842.1:10175352",15,22,7
"SPIRE2","s1650_F_POA_03_ASEReadCounter.table","NW_015090842.1:10175400",38,70,32
"SPIRE2","s1650_F_POA_03_ASEReadCounter.table","NW_015090842.1:10175418",47,79,32
"SPIRE2","s1650_F_POA_03_ASEReadCounter.table","NW_015090842.1:10175704",53,93,40
"SPIRE2","s1650_F_POA_03_ASEReadCounter.table","NW_015090842.1:10176115",75,135,60
"SPIRE2","s1650_F_POA_03_ASEReadCounter.table","NW_015090842.1:10176561",59,129,70
"SPIRE2","s1650_F_POA_03_ASEReadCounter.table","NW_015090842.1:10176817",62,135,73
"SPIRE2","s1650_F_POA_03_ASEReadCounter.table","NW_015090842.1:10177084",48,100,52
"SPIRE2","s1650_F_POA_03_ASEReadCounter.table","NW_015090842.1:10177110",50,91,41
"SPIRE2","s1650_F_POA_03_ASEReadCounter.table","NW_015090842.1:10177838",79,154,75
"SPIRE2","s1650_F_POA_03_ASEReadCounter.table","NW_015090842.1:10178000",73,161,88
"SPIRE2","s1650_F_POA_03_ASEReadCounter.table","NW_015090842.1:10178164",94,187,93
"SPIRE2","s1650_F_POA_03_ASEReadCounter.table","NW_015090842.1:10178216",114,213,99
"SPIRE2","s1650_F_POA_03_ASEReadCounter.table","NW_015090842.1:10178403",78,166,88
"SPIRE2","s1650_F_POA_03_ASEReadCounter.table","NW_015090842.1:10178409",75,158,83
"SPIRE2","s1650_F_POA_03_ASEReadCounter.table","NW_015090842.1:10178524",79,149,70
"SPIRE2","s1650_F_POA_03_ASEReadCounter.table","NW_015090842.1:10178526",77,153,76
"SPIRE2","s1650_F_POA_03_ASEReadCounter.table","NW_015090842.1:10178531",82,158,76
"SPIRE2","s1650_F_POA_03_ASEReadCounter.table","NW_015090842.1:10178565",74,154,80
"SPIRE2","s1650_F_POA_03_ASEReadCounter.table","NW_015090842.1:10178587",71,145,74
"SPIRE2","s1650_F_POA_03_ASEReadCounter.table","NW_015090842.1:10178640",49,95,46
"SPIRE2","s1650_F_POA_03_ASEReadCounter.table","NW_015090842.1:10178651",58,110,52
"SPIRE2","s1650_F_POA_03_ASEReadCounter.table","NW_015090842.1:10178682",54,100,46
"TCF25","s1650_F_POA_03_ASEReadCounter.table","NW_015090842.1:10180912",31,60,29
"TCF25","s1650_F_POA_03_ASEReadCounter.table","NW_015090842.1:10180924",31,62,31
"TCF25","s1650_F_POA_03_ASEReadCounter.table","NW_015090842.1:10180931",31,63,32
"TCF25","s1650_F_POA_03_ASEReadCounter.table","NW_015090842.1:10185332",97,176,79
"TCF25","s1650_F_POA_03_ASEReadCounter.table","NW_015090842.1:10188816",81,142,61
"MC1R","s1650_F_POA_03_ASEReadCounter.table","NW_015090842.1:10202160",2,6,4
"MC1R","s1650_F_POA_03_ASEReadCounter.table","NW_015090842.1:10202460",0,1,1
"MC1R","s1650_F_POA_03_ASEReadCounter.table","NW_015090842.1:10202465",0,1,1
"DBNDD1","s1650_F_POA_03_ASEReadCounter.table","NW_015090842.1:10223105",66,132,66
"GAS8","s1650_F_POA_03_ASEReadCounter.table","NW_015090842.1:10228982",21,45,24
"GAS8","s1650_F_POA_03_ASEReadCounter.table","NW_015090842.1:10229832",25,54,29
"GAS8","s1650_F_POA_03_ASEReadCounter.table","NW_015090842.1:10232375",22,49,27
"GAS8","s1650_F_POA_03_ASEReadCounter.table","NW_015090842.1:10232901",30,62,32
"GAS8","s1650_F_POA_03_ASEReadCounter.table","NW_015090842.1:10232928",31,63,32
"GAS8","s1650_F_POA_03_ASEReadCounter.table","NW_015090842.1:10232967",30,60,30
"GAS8","s1650_F_POA_03_ASEReadCounter.table","NW_015090842.1:10233032",18,45,27
"GAS8","s1650_F_POA_03_ASEReadCounter.table","NW_015090842.1:10233057",19,36,17
"GAS8","s1650_F_POA_03_ASEReadCounter.table","NW_015090842.1:10233058",19,37,18
"GAS8","s1650_F_POA_03_ASEReadCounter.table","NW_015090842.1:10233176",16,29,13
"GAS8","s1650_F_POA_03_ASEReadCounter.table","NW_015090842.1:10233196",13,27,14
"GAS8","s1650_F_POA_03_ASEReadCounter.table","NW_015090842.1:10233252",11,18,7
"GAS8","s1650_F_POA_03_ASEReadCounter.table","NW_015090842.1:10233303",6,11,5
"LOC106888094","s1650_F_POA_03_ASEReadCounter.table","NW_015090842.1:10233334",2,4,2
"LOC106888094","s1650_F_POA_03_ASEReadCounter.table","NW_015090842.1:10233362",4,9,5
"LOC106888094","s1650_F_POA_03_ASEReadCounter.table","NW_015090842.1:10233373",5,12,7
"LOC106888094","s1650_F_POA_03_ASEReadCounter.table","NW_015090842.1:10233388",7,14,7
"LOC106888094","s1650_F_POA_03_ASEReadCounter.table","NW_015090842.1:10233402",6,13,7
"LOC106888094","s1650_F_POA_03_ASEReadCounter.table","NW_015090842.1:10233465",8,20,12
"LOC106888094","s1650_F_POA_03_ASEReadCounter.table","NW_015090842.1:10233803",11,34,23
"LOC106888094","s1650_F_POA_03_ASEReadCounter.table","NW_015090842.1:10233815",9,31,22
"LOC106888094","s1650_F_POA_03_ASEReadCounter.table","NW_015090842.1:10235484",1,4,3
"LOC106888094","s1650_F_POA_03_ASEReadCounter.table","NW_015090842.1:10235611",0,1,1
"LOC106888094","s1650_F_POA_03_ASEReadCounter.table","NW_015090842.1:10236098",1,4,3
"LOC106888094","s1650_F_POA_03_ASEReadCounter.table","NW_015090842.1:10236161",1,5,4
"LOC106888173","s1650_F_POA_03_ASEReadCounter.table","NW_015090842.1:10239596",0,12,12
"LOC106888173","s1650_F_POA_03_ASEReadCounter.table","NW_015090842.1:10240036",2,29,27
"LOC106888173","s1650_F_POA_03_ASEReadCounter.table","NW_015090842.1:10240095",2,29,27
"LOC106888173","s1650_F_POA_03_ASEReadCounter.table","NW_015090842.1:10240280",2,45,43
"LOC106888173","s1650_F_POA_03_ASEReadCounter.table","NW_015090842.1:10240557",7,33,26
"LOC106888173","s1650_F_POA_03_ASEReadCounter.table","NW_015090842.1:10240603",5,46,41
"LOC106888173","s1650_F_POA_03_ASEReadCounter.table","NW_015090842.1:10240609",4,45,41
"LOC106888173","s1650_F_POA_03_ASEReadCounter.table","NW_015090842.1:10240690",6,60,54
"LOC106888173","s1650_F_POA_03_ASEReadCounter.table","NW_015090842.1:10240924",7,38,31
"LOC106888173","s1650_F_POA_03_ASEReadCounter.table","NW_015090842.1:10241037",3,37,34
"LOC106888173","s1650_F_POA_03_ASEReadCounter.table","NW_015090842.1:10241046",3,36,33
"LOC106888173","s1650_F_POA_03_ASEReadCounter.table","NW_015090842.1:10241058",3,36,33
"LOC106888173","s1650_F_POA_03_ASEReadCounter.table","NW_015090842.1:10241064",3,37,34
"LOC106888173","s1650_F_POA_03_ASEReadCounter.table","NW_015090842.1:10241103",51,51,0
"LOC106888173","s1650_F_POA_03_ASEReadCounter.table","NW_015090842.1:10241163",3,53,50
"LOC106888173","s1650_F_POA_03_ASEReadCounter.table","NW_015090842.1:10241803",2,45,43
"LOC106888173","s1650_F_POA_03_ASEReadCounter.table","NW_015090842.1:10241827",1,37,36
"LOC106888173","s1650_F_POA_03_ASEReadCounter.table","NW_015090842.1:10241869",2,42,40
"LOC106888173","s1650_F_POA_03_ASEReadCounter.table","NW_015090842.1:10242079",3,35,32
"LOC106888173","s1650_F_POA_03_ASEReadCounter.table","NW_015090842.1:10242103",2,37,35
"LOC106888173","s1650_F_POA_03_ASEReadCounter.table","NW_015090842.1:10242157",6,43,37
"LOC106888173","s1650_F_POA_03_ASEReadCounter.table","NW_015090842.1:10242455",5,44,39
"LOC106888173","s1650_F_POA_03_ASEReadCounter.table","NW_015090842.1:10242481",6,48,42
"LOC106888173","s1650_F_POA_03_ASEReadCounter.table","NW_015090842.1:10242590",10,50,40
"LOC106888173","s1650_F_POA_03_ASEReadCounter.table","NW_015090842.1:10242794",5,67,62
"LOC106888173","s1650_F_POA_03_ASEReadCounter.table","NW_015090842.1:10242909",9,71,62
"LOC106888173","s1650_F_POA_03_ASEReadCounter.table","NW_015090842.1:10243094",9,73,64
"LOC106888173","s1650_F_POA_03_ASEReadCounter.table","NW_015090842.1:10243133",9,68,59
"LOC106888173","s1650_F_POA_03_ASEReadCounter.table","NW_015090842.1:10243273",5,78,73
"LOC106888173","s1650_F_POA_03_ASEReadCounter.table","NW_015090842.1:10243278",6,76,70
"LOC106888173","s1650_F_POA_03_ASEReadCounter.table","NW_015090842.1:10243281",5,77,72
"LOC106888173","s1650_F_POA_03_ASEReadCounter.table","NW_015090842.1:10243347",40,40,0
"LOC106888173","s1650_F_POA_03_ASEReadCounter.table","NW_015090842.1:10243353",7,36,29
"LOC106888173","s1650_F_POA_03_ASEReadCounter.table","NW_015090842.1:10243363",6,31,25
"LOC106888173","s1650_F_POA_03_ASEReadCounter.table","NW_015090842.1:10243365",5,29,24
"LOC106888173","s1650_F_POA_03_ASEReadCounter.table","NW_015090842.1:10243566",3,68,65
"LOC106888173","s1650_F_POA_03_ASEReadCounter.table","NW_015090842.1:10243605",5,64,59
"LOC106888173","s1650_F_POA_03_ASEReadCounter.table","NW_015090842.1:10243614",5,70,65
"LOC106888173","s1650_F_POA_03_ASEReadCounter.table","NW_015090842.1:10243615",5,67,62
"LOC106888173","s1650_F_POA_03_ASEReadCounter.table","NW_015090842.1:10243640",5,59,54
"LOC106888173","s1650_F_POA_03_ASEReadCounter.table","NW_015090842.1:10243680",4,49,45
"LOC106888173","s1650_F_POA_03_ASEReadCounter.table","NW_015090842.1:10243742",3,60,57
"LOC106888173","s1650_F_POA_03_ASEReadCounter.table","NW_015090842.1:10243804",1,38,37
"LOC106888173","s1650_F_POA_03_ASEReadCounter.table","NW_015090842.1:10243913",2,23,21
"LOC106888173","s1650_F_POA_03_ASEReadCounter.table","NW_015090842.1:10243921",2,20,18
"LOC106888384","s1650_F_POA_03_ASEReadCounter.table","NW_015090842.1:10251354",0,3,3
"LOC106888384","s1650_F_POA_03_ASEReadCounter.table","NW_015090842.1:10251358",0,3,3
"LOC106888384","s1650_F_POA_03_ASEReadCounter.table","NW_015090842.1:10251369",0,3,3
"LOC106888384","s1650_F_POA_03_ASEReadCounter.table","NW_015090842.1:10251370",0,3,3
"LOC106888384","s1650_F_POA_03_ASEReadCounter.table","NW_015090842.1:10251375",0,3,3
"LOC106888384","s1650_F_POA_03_ASEReadCounter.table","NW_015090842.1:10251388",0,3,3
"LOC106888384","s1650_F_POA_03_ASEReadCounter.table","NW_015090842.1:10251390",0,3,3
"LOC106888384","s1650_F_POA_03_ASEReadCounter.table","NW_015090842.1:10251393",0,3,3
"LOC106888384","s1650_F_POA_03_ASEReadCounter.table","NW_015090842.1:10251399",0,3,3
"LOC106888384","s1650_F_POA_03_ASEReadCounter.table","NW_015090842.1:10253284",1,1,0
"LOC106888384","s1650_F_POA_03_ASEReadCounter.table","NW_015090842.1:10254028",2,2,0
"LOC106888384","s1650_F_POA_03_ASEReadCounter.table","NW_015090842.1:10254227",2,2,0
"LOC106888384","s1650_F_POA_03_ASEReadCounter.table","NW_015090842.1:10254233",2,3,1
"LOC106888384","s1650_F_POA_03_ASEReadCounter.table","NW_015090842.1:10254263",2,3,1
"LOC106888384","s1650_F_POA_03_ASEReadCounter.table","NW_015090842.1:10254605",1,2,1
"LOC106888384","s1650_F_POA_03_ASEReadCounter.table","NW_015090842.1:10254608",1,2,1
"LOC106888384","s1650_F_POA_03_ASEReadCounter.table","NW_015090842.1:10254618",1,3,2
"LOC106888384","s1650_F_POA_03_ASEReadCounter.table","NW_015090842.1:10254620",0,2,2
"LOC106888384","s1650_F_POA_03_ASEReadCounter.table","NW_015090842.1:10254623",1,3,2
"LOC106888384","s1650_F_POA_03_ASEReadCounter.table","NW_015090842.1:10254624",0,2,2
"LOC106888384","s1650_F_POA_03_ASEReadCounter.table","NW_015090842.1:10254627",1,3,2
"LOC106888384","s1650_F_POA_03_ASEReadCounter.table","NW_015090842.1:10254629",1,3,2
"LOC106888384","s1650_F_POA_03_ASEReadCounter.table","NW_015090842.1:10254647",3,3,0
"LOC106888384","s1650_F_POA_03_ASEReadCounter.table","NW_015090842.1:10255410",2,2,0
"LOC106888384","s1650_F_POA_03_ASEReadCounter.table","NW_015090842.1:10255449",3,3,0
"LOC106888384","s1650_F_POA_03_ASEReadCounter.table","NW_015090842.1:10255496",3,3,0
"LOC106888384","s1650_F_POA_03_ASEReadCounter.table","NW_015090842.1:10255505",1,1,0
"LOC106888384","s1650_F_POA_03_ASEReadCounter.table","NW_015090842.1:10255531",1,1,0
"LOC106888384","s1650_F_POA_03_ASEReadCounter.table","NW_015090842.1:10255608",1,1,0
"LOC106888384","s1650_F_POA_03_ASEReadCounter.table","NW_015090842.1:10255704",4,4,0
"LOC106888384","s1650_F_POA_03_ASEReadCounter.table","NW_015090842.1:10255731",3,3,0
"LOC106888384","s1650_F_POA_03_ASEReadCounter.table","NW_015090842.1:10255771",3,3,0
"TANGO6","s1650_F_POA_03_ASEReadCounter.table","NW_015090842.1:10257782",7,12,5
"TANGO6","s1650_F_POA_03_ASEReadCounter.table","NW_015090842.1:10258162",7,16,9
"TANGO6","s1650_F_POA_03_ASEReadCounter.table","NW_015090842.1:10258185",6,19,13
"TANGO6","s1650_F_POA_03_ASEReadCounter.table","NW_015090842.1:10259267",5,16,11
"TANGO6","s1650_F_POA_03_ASEReadCounter.table","NW_015090842.1:10260250",28,49,21
"TANGO6","s1650_F_POA_03_ASEReadCounter.table","NW_015090842.1:10260289",32,49,17
"TANGO6","s1650_F_POA_03_ASEReadCounter.table","NW_015090842.1:10260309",31,46,15
"TANGO6","s1650_F_POA_03_ASEReadCounter.table","NW_015090842.1:10260979",17,35,18
"TANGO6","s1650_F_POA_03_ASEReadCounter.table","NW_015090842.1:10261599",22,37,15
"TANGO6","s1650_F_POA_03_ASEReadCounter.table","NW_015090842.1:10268425",43,78,35
"TANGO6","s1650_F_POA_03_ASEReadCounter.table","NW_015090842.1:10269831",37,57,20
"TANGO6","s1650_F_POA_03_ASEReadCounter.table","NW_015090842.1:10270813",42,65,23
"TANGO6","s1650_F_POA_03_ASEReadCounter.table","NW_015090842.1:10274018",32,54,22
"TANGO6","s1650_F_POA_03_ASEReadCounter.table","NW_015090842.1:10275974",24,48,24
"TANGO6","s1650_F_POA_03_ASEReadCounter.table","NW_015090842.1:10275976",23,46,23
"TANGO6","s1650_F_POA_03_ASEReadCounter.table","NW_015090842.1:10276123",22,48,26
"TANGO6","s1650_F_POA_03_ASEReadCounter.table","NW_015090842.1:10276271",24,57,33
"TANGO6","s1650_F_POA_03_ASEReadCounter.table","NW_015090842.1:10276272",25,56,31
"TANGO6","s1650_F_POA_03_ASEReadCounter.table","NW_015090842.1:10276275",29,61,32
"TANGO6","s1650_F_POA_03_ASEReadCounter.table","NW_015090842.1:10276278",28,60,32
"TANGO6","s1650_F_POA_03_ASEReadCounter.table","NW_015090842.1:10276368",21,41,20
"TANGO6","s1650_F_POA_03_ASEReadCounter.table","NW_015090842.1:10276373",20,41,21
"TANGO6","s1650_F_POA_03_ASEReadCounter.table","NW_015090842.1:10276630",30,57,27
"TANGO6","s1650_F_POA_03_ASEReadCounter.table","NW_015090842.1:10281498",29,65,36
"TANGO6","s1650_F_POA_03_ASEReadCounter.table","NW_015090842.1:10281516",34,74,40
"TANGO6","s1650_F_POA_03_ASEReadCounter.table","NW_015090842.1:10282842",42,83,41
"TANGO6","s1650_F_POA_03_ASEReadCounter.table","NW_015090842.1:10282863",28,57,29
"TANGO6","s1650_F_POA_03_ASEReadCounter.table","NW_015090842.1:10282869",31,59,28
"TANGO6","s1650_F_POA_03_ASEReadCounter.table","NW_015090842.1:10282903",26,57,31
"TANGO6","s1650_F_POA_03_ASEReadCounter.table","NW_015090842.1:10283757",45,76,31
"TANGO6","s1650_F_POA_03_ASEReadCounter.table","NW_015090842.1:10283785",44,78,34
"HAS3","s1650_F_POA_03_ASEReadCounter.table","NW_015090842.1:10288266",0,1,1
"HAS3","s1650_F_POA_03_ASEReadCounter.table","NW_015090842.1:10288274",0,1,1
"HAS3","s1650_F_POA_03_ASEReadCounter.table","NW_015090842.1:10289269",1,2,1
"HAS3","s1650_F_POA_03_ASEReadCounter.table","NW_015090842.1:10289272",1,2,1
"HAS3","s1650_F_POA_03_ASEReadCounter.table","NW_015090842.1:10289469",2,2,0
"HAS3","s1650_F_POA_03_ASEReadCounter.table","NW_015090842.1:10290375",1,3,2
"HAS3","s1650_F_POA_03_ASEReadCounter.table","NW_015090842.1:10290395",0,2,2
"HAS3","s1650_F_POA_03_ASEReadCounter.table","NW_015090842.1:10290439",1,4,3
"HAS3","s1650_F_POA_03_ASEReadCounter.table","NW_015090842.1:10290561",0,1,1
"HAS3","s1650_F_POA_03_ASEReadCounter.table","NW_015090842.1:10290609",1,2,1
"HAS3","s1650_F_POA_03_ASEReadCounter.table","NW_015090842.1:10290666",2,2,0
"HAS3","s1650_F_POA_03_ASEReadCounter.table","NW_015090842.1:10290723",1,4,3
"HAS3","s1650_F_POA_03_ASEReadCounter.table","NW_015090842.1:10290927",4,6,2
"HAS3","s1650_F_POA_03_ASEReadCounter.table","NW_015090842.1:10291004",4,7,3
"CHTF8","s1650_F_POA_03_ASEReadCounter.table","NW_015090842.1:10291319",4,6,2
"CHTF8","s1650_F_POA_03_ASEReadCounter.table","NW_015090842.1:10291491",11,18,7
"CHTF8","s1650_F_POA_03_ASEReadCounter.table","NW_015090842.1:10291520",16,25,9
"CHTF8","s1650_F_POA_03_ASEReadCounter.table","NW_015090842.1:10291593",11,23,12
"CHTF8","s1650_F_POA_03_ASEReadCounter.table","NW_015090842.1:10291600",10,20,10
"CHTF8","s1650_F_POA_03_ASEReadCounter.table","NW_015090842.1:10291609",9,18,9
"CHTF8","s1650_F_POA_03_ASEReadCounter.table","NW_015090842.1:10291639",14,24,10
"CHTF8","s1650_F_POA_03_ASEReadCounter.table","NW_015090842.1:10291641",13,24,11
"CHTF8","s1650_F_POA_03_ASEReadCounter.table","NW_015090842.1:10291648",16,27,11
"CHTF8","s1650_F_POA_03_ASEReadCounter.table","NW_015090842.1:10291656",16,26,10
"CHTF8","s1650_F_POA_03_ASEReadCounter.table","NW_015090842.1:10291675",14,27,13
"CHTF8","s1650_F_POA_03_ASEReadCounter.table","NW_015090842.1:10291696",15,29,14
"CHTF8","s1650_F_POA_03_ASEReadCounter.table","NW_015090842.1:10291714",14,29,15
"CHTF8","s1650_F_POA_03_ASEReadCounter.table","NW_015090842.1:10291732",14,29,15
"CHTF8","s1650_F_POA_03_ASEReadCounter.table","NW_015090842.1:10291755",12,26,14
"CHTF8","s1650_F_POA_03_ASEReadCounter.table","NW_015090842.1:10291756",12,24,12
"CHTF8","s1650_F_POA_03_ASEReadCounter.table","NW_015090842.1:10291758",11,24,13
"CHTF8","s1650_F_POA_03_ASEReadCounter.table","NW_015090842.1:10291792",15,29,14
"CHTF8","s1650_F_POA_03_ASEReadCounter.table","NW_015090842.1:10291895",16,24,8
"CHTF8","s1650_F_POA_03_ASEReadCounter.table","NW_015090842.1:10292132",11,19,8
"CHTF8","s1650_F_POA_03_ASEReadCounter.table","NW_015090842.1:10292314",7,14,7
"CHTF8","s1650_F_POA_03_ASEReadCounter.table","NW_015090842.1:10292317",7,15,8
"CHTF8","s1650_F_POA_03_ASEReadCounter.table","NW_015090842.1:10292928",0,2,2
"UTP4","s1650_F_POA_03_ASEReadCounter.table","NW_015090842.1:10293146",11,19,8
"UTP4","s1650_F_POA_03_ASEReadCounter.table","NW_015090842.1:10293151",10,17,7
"UTP4","s1650_F_POA_03_ASEReadCounter.table","NW_015090842.1:10293191",8,14,6
"UTP4","s1650_F_POA_03_ASEReadCounter.table","NW_015090842.1:10293362",9,19,10
"UTP4","s1650_F_POA_03_ASEReadCounter.table","NW_015090842.1:10293430",7,20,13
"UTP4","s1650_F_POA_03_ASEReadCounter.table","NW_015090842.1:10293625",8,20,12
"UTP4","s1650_F_POA_03_ASEReadCounter.table","NW_015090842.1:10293684",7,20,13
"UTP4","s1650_F_POA_03_ASEReadCounter.table","NW_015090842.1:10294093",14,22,8
"UTP4","s1650_F_POA_03_ASEReadCounter.table","NW_015090842.1:10294622",16,23,7
"UTP4","s1650_F_POA_03_ASEReadCounter.table","NW_015090842.1:10294632",16,22,6
"UTP4","s1650_F_POA_03_ASEReadCounter.table","NW_015090842.1:10295238",10,25,15
"UTP4","s1650_F_POA_03_ASEReadCounter.table","NW_015090842.1:10295880",14,32,18
"UTP4","s1650_F_POA_03_ASEReadCounter.table","NW_015090842.1:10295884",13,30,17
"UTP4","s1650_F_POA_03_ASEReadCounter.table","NW_015090842.1:10295903",18,33,15
"UTP4","s1650_F_POA_03_ASEReadCounter.table","NW_015090842.1:10295906",17,33,16
"UTP4","s1650_F_POA_03_ASEReadCounter.table","NW_015090842.1:10295915",19,37,18
"UTP4","s1650_F_POA_03_ASEReadCounter.table","NW_015090842.1:10295938",19,35,16
"UTP4","s1650_F_POA_03_ASEReadCounter.table","NW_015090842.1:10296175",18,37,19
"UTP4","s1650_F_POA_03_ASEReadCounter.table","NW_015090842.1:10296660",14,27,13
"UTP4","s1650_F_POA_03_ASEReadCounter.table","NW_015090842.1:10296679",13,29,16
"UTP4","s1650_F_POA_03_ASEReadCounter.table","NW_015090842.1:10297193",23,52,29
"UTP4","s1650_F_POA_03_ASEReadCounter.table","NW_015090842.1:10297220",26,56,30
"UTP4","s1650_F_POA_03_ASEReadCounter.table","NW_015090842.1:10297307",23,55,32
"UTP4","s1650_F_POA_03_ASEReadCounter.table","NW_015090842.1:10297558",26,62,36
"UTP4","s1650_F_POA_03_ASEReadCounter.table","NW_015090842.1:10297943",31,59,28
"UTP4","s1650_F_POA_03_ASEReadCounter.table","NW_015090842.1:10297979",24,51,27
"UTP4","s1650_F_POA_03_ASEReadCounter.table","NW_015090842.1:10298022",23,49,26
"UTP4","s1650_F_POA_03_ASEReadCounter.table","NW_015090842.1:10298079",3,14,11
"UTP4","s1650_F_POA_03_ASEReadCounter.table","NW_015090842.1:10298081",3,13,10
"UTP4","s1650_F_POA_03_ASEReadCounter.table","NW_015090842.1:10298082",2,13,11
"SNTB2","s1650_F_POA_03_ASEReadCounter.table","NW_015090842.1:10298905",0,1,1
"SNTB2","s1650_F_POA_03_ASEReadCounter.table","NW_015090842.1:10298928",0,1,1
"SNTB2","s1650_F_POA_03_ASEReadCounter.table","NW_015090842.1:10303506",5,8,3
"SNTB2","s1650_F_POA_03_ASEReadCounter.table","NW_015090842.1:10303524",4,8,4
"SNTB2","s1650_F_POA_03_ASEReadCounter.table","NW_015090842.1:10304059",3,4,1
"SNTB2","s1650_F_POA_03_ASEReadCounter.table","NW_015090842.1:10304089",3,4,1
"SNTB2","s1650_F_POA_03_ASEReadCounter.table","NW_015090842.1:10304167",1,3,2
"SNTB2","s1650_F_POA_03_ASEReadCounter.table","NW_015090842.1:10304176",2,4,2
"SNTB2","s1650_F_POA_03_ASEReadCounter.table","NW_015090842.1:10305069",3,6,3
"SNTB2","s1650_F_POA_03_ASEReadCounter.table","NW_015090842.1:10305099",4,7,3
"SNTB2","s1650_F_POA_03_ASEReadCounter.table","NW_015090842.1:10305171",1,6,5
"SNTB2","s1650_F_POA_03_ASEReadCounter.table","NW_015090842.1:10305177",1,6,5
"SNTB2","s1650_F_POA_03_ASEReadCounter.table","NW_015090842.1:10305451",2,4,2
"SNTB2","s1650_F_POA_03_ASEReadCounter.table","NW_015090842.1:10305547",5,9,4
"SNTB2","s1650_F_POA_03_ASEReadCounter.table","NW_015090842.1:10305847",4,9,5
"SNTB2","s1650_F_POA_03_ASEReadCounter.table","NW_015090842.1:10306173",4,6,2
"SNTB2","s1650_F_POA_03_ASEReadCounter.table","NW_015090842.1:10306275",4,8,4
"SNTB2","s1650_F_POA_03_ASEReadCounter.table","NW_015090842.1:10306457",3,5,2
"SNTB2","s1650_F_POA_03_ASEReadCounter.table","NW_015090842.1:10306496",4,6,2
"SNTB2","s1650_F_POA_03_ASEReadCounter.table","NW_015090842.1:10306499",4,6,2
"VPS4A","s1650_F_POA_03_ASEReadCounter.table","NW_015090842.1:10308566",52,117,65
"VPS4A","s1650_F_POA_03_ASEReadCounter.table","NW_015090842.1:10308573",56,124,68
"VPS4A","s1650_F_POA_03_ASEReadCounter.table","NW_015090842.1:10308856",92,202,110
"VPS4A","s1650_F_POA_03_ASEReadCounter.table","NW_015090842.1:10309056",116,256,140
"VPS4A","s1650_F_POA_03_ASEReadCounter.table","NW_015090842.1:10309089",143,283,140
"VPS4A","s1650_F_POA_03_ASEReadCounter.table","NW_015090842.1:10309392",149,272,123
"VPS4A","s1650_F_POA_03_ASEReadCounter.table","NW_015090842.1:10309413",145,286,141
"VPS4A","s1650_F_POA_03_ASEReadCounter.table","NW_015090842.1:10309467",170,335,165
"VPS4A","s1650_F_POA_03_ASEReadCounter.table","NW_015090842.1:10310230",176,375,199
"VPS4A","s1650_F_POA_03_ASEReadCounter.table","NW_015090842.1:10310425",171,347,176
"VPS4A","s1650_F_POA_03_ASEReadCounter.table","NW_015090842.1:10310639",204,382,178
"VPS4A","s1650_F_POA_03_ASEReadCounter.table","NW_015090842.1:10310734",169,345,176
"VPS4A","s1650_F_POA_03_ASEReadCounter.table","NW_015090842.1:10310737",164,342,178
"VPS4A","s1650_F_POA_03_ASEReadCounter.table","NW_015090842.1:10310746",171,349,178
"VPS4A","s1650_F_POA_03_ASEReadCounter.table","NW_015090842.1:10310767",152,332,180
"VPS4A","s1650_F_POA_03_ASEReadCounter.table","NW_015090842.1:10310995",177,352,175
"VPS4A","s1650_F_POA_03_ASEReadCounter.table","NW_015090842.1:10311004",174,350,176
"VPS4A","s1650_F_POA_03_ASEReadCounter.table","NW_015090842.1:10311007",179,363,184
"VPS4A","s1650_F_POA_03_ASEReadCounter.table","NW_015090842.1:10311013",195,376,181
"VPS4A","s1650_F_POA_03_ASEReadCounter.table","NW_015090842.1:10311022",184,364,180
"VPS4A","s1650_F_POA_03_ASEReadCounter.table","NW_015090842.1:10311023",182,361,179
"VPS4A","s1650_F_POA_03_ASEReadCounter.table","NW_015090842.1:10311426",179,391,212
"VPS4A","s1650_F_POA_03_ASEReadCounter.table","NW_015090842.1:10311489",3,10,7
"VPS4A","s1650_F_POA_03_ASEReadCounter.table","NW_015090842.1:10311490",4,9,5
"VPS4A","s1650_F_POA_03_ASEReadCounter.table","NW_015090842.1:10311525",11,23,12
"VPS4A","s1650_F_POA_03_ASEReadCounter.table","NW_015090842.1:10311529",15,34,19
"VPS4A","s1650_F_POA_03_ASEReadCounter.table","NW_015090842.1:10311530",15,34,19
"VPS4A","s1650_F_POA_03_ASEReadCounter.table","NW_015090842.1:10311552",76,108,32
"VPS4A","s1650_F_POA_03_ASEReadCounter.table","NW_015090842.1:10311689",87,124,37
"VPS4A","s1650_F_POA_03_ASEReadCounter.table","NW_015090842.1:10311700",109,148,39
"VPS4A","s1650_F_POA_03_ASEReadCounter.table","NW_015090842.1:10311701",108,150,42
"VPS4A","s1650_F_POA_03_ASEReadCounter.table","NW_015090842.1:10311703",109,150,41
"COG8","s1650_F_POA_03_ASEReadCounter.table","NW_015090842.1:10313487",21,44,23
"COG8","s1650_F_POA_03_ASEReadCounter.table","NW_015090842.1:10313559",24,61,37
"COG8","s1650_F_POA_03_ASEReadCounter.table","NW_015090842.1:10313579",27,67,40
"COG8","s1650_F_POA_03_ASEReadCounter.table","NW_015090842.1:10313665",21,45,24
"COG8","s1650_F_POA_03_ASEReadCounter.table","NW_015090842.1:10313681",21,52,31
"COG8","s1650_F_POA_03_ASEReadCounter.table","NW_015090842.1:10313768",22,60,38
"COG8","s1650_F_POA_03_ASEReadCounter.table","NW_015090842.1:10313775",26,60,34
"COG8","s1650_F_POA_03_ASEReadCounter.table","NW_015090842.1:10313811",22,46,24
"COG8","s1650_F_POA_03_ASEReadCounter.table","NW_015090842.1:10313858",23,48,25
"COG8","s1650_F_POA_03_ASEReadCounter.table","NW_015090842.1:10314100",25,59,34
"COG8","s1650_F_POA_03_ASEReadCounter.table","NW_015090842.1:10314213",20,50,30
"COG8","s1650_F_POA_03_ASEReadCounter.table","NW_015090842.1:10315093",22,49,27
"COG8","s1650_F_POA_03_ASEReadCounter.table","NW_015090842.1:10315162",22,45,23
"COG8","s1650_F_POA_03_ASEReadCounter.table","NW_015090842.1:10315285",29,53,24
"COG8","s1650_F_POA_03_ASEReadCounter.table","NW_015090842.1:10315360",20,47,27
"COG8","s1650_F_POA_03_ASEReadCounter.table","NW_015090842.1:10315369",20,50,30
"COG8","s1650_F_POA_03_ASEReadCounter.table","NW_015090842.1:10315504",11,19,8
"COG8","s1650_F_POA_03_ASEReadCounter.table","NW_015090842.1:10315508",13,21,8
"COG8","s1650_F_POA_03_ASEReadCounter.table","NW_015090842.1:10315624",17,36,19
"COG8","s1650_F_POA_03_ASEReadCounter.table","NW_015090842.1:10315693",12,38,26
"COG8","s1650_F_POA_03_ASEReadCounter.table","NW_015090842.1:10315698",12,37,25
"COG8","s1650_F_POA_03_ASEReadCounter.table","NW_015090842.1:10315768",15,41,26
"COG8","s1650_F_POA_03_ASEReadCounter.table","NW_015090842.1:10315769",15,40,25
"COG8","s1650_F_POA_03_ASEReadCounter.table","NW_015090842.1:10315784",14,34,20
"COG8","s1650_F_POA_03_ASEReadCounter.table","NW_015090842.1:10316093",10,27,17
"COG8","s1650_F_POA_03_ASEReadCounter.table","NW_015090842.1:10316133",7,19,12
"NIP7","s1650_F_POA_03_ASEReadCounter.table","NW_015090842.1:10316759",9,28,19
"NIP7","s1650_F_POA_03_ASEReadCounter.table","NW_015090842.1:10316967",83,174,91
"NIP7","s1650_F_POA_03_ASEReadCounter.table","NW_015090842.1:10316995",112,214,102
"NIP7","s1650_F_POA_03_ASEReadCounter.table","NW_015090842.1:10317240",147,287,140
"NIP7","s1650_F_POA_03_ASEReadCounter.table","NW_015090842.1:10317247",152,294,142
"NIP7","s1650_F_POA_03_ASEReadCounter.table","NW_015090842.1:10317264",152,294,142
"NIP7","s1650_F_POA_03_ASEReadCounter.table","NW_015090842.1:10317433",158,352,194
"NIP7","s1650_F_POA_03_ASEReadCounter.table","NW_015090842.1:10317738",133,285,152
"NIP7","s1650_F_POA_03_ASEReadCounter.table","NW_015090842.1:10317769",130,273,143
"NIP7","s1650_F_POA_03_ASEReadCounter.table","NW_015090842.1:10317808",91,193,102
"NIP7","s1650_F_POA_03_ASEReadCounter.table","NW_015090842.1:10317870",39,119,80
"NIP7","s1650_F_POA_03_ASEReadCounter.table","NW_015090842.1:10317871",39,118,79
"NIP7","s1650_F_POA_03_ASEReadCounter.table","NW_015090842.1:10317898",30,85,55
"NIP7","s1650_F_POA_03_ASEReadCounter.table","NW_015090842.1:10317911",25,77,52
"TMED6","s1650_F_POA_03_ASEReadCounter.table","NW_015090842.1:10318731",1,1,0
"TERF2","s1650_F_POA_03_ASEReadCounter.table","NW_015090842.1:10321665",12,12,0
"TERF2","s1650_F_POA_03_ASEReadCounter.table","NW_015090842.1:10321768",26,62,36
"TERF2","s1650_F_POA_03_ASEReadCounter.table","NW_015090842.1:10321777",28,65,37
"TERF2","s1650_F_POA_03_ASEReadCounter.table","NW_015090842.1:10321805",28,79,51
"TERF2","s1650_F_POA_03_ASEReadCounter.table","NW_015090842.1:10321878",46,107,61
"TERF2","s1650_F_POA_03_ASEReadCounter.table","NW_015090842.1:10321893",46,105,59
"TERF2","s1650_F_POA_03_ASEReadCounter.table","NW_015090842.1:10321897",44,100,56
"TERF2","s1650_F_POA_03_ASEReadCounter.table","NW_015090842.1:10321908",39,84,45
"TERF2","s1650_F_POA_03_ASEReadCounter.table","NW_015090842.1:10322001",48,119,71
"TERF2","s1650_F_POA_03_ASEReadCounter.table","NW_015090842.1:10322035",41,104,63
"TERF2","s1650_F_POA_03_ASEReadCounter.table","NW_015090842.1:10322051",43,106,63
"TERF2","s1650_F_POA_03_ASEReadCounter.table","NW_015090842.1:10322137",48,97,49
"TERF2","s1650_F_POA_03_ASEReadCounter.table","NW_015090842.1:10322144",48,96,48
"TERF2","s1650_F_POA_03_ASEReadCounter.table","NW_015090842.1:10322388",30,102,72
"TERF2","s1650_F_POA_03_ASEReadCounter.table","NW_015090842.1:10322396",31,95,64
"TERF2","s1650_F_POA_03_ASEReadCounter.table","NW_015090842.1:10322502",45,108,63
"TERF2","s1650_F_POA_03_ASEReadCounter.table","NW_015090842.1:10322504",45,110,65
"TERF2","s1650_F_POA_03_ASEReadCounter.table","NW_015090842.1:10322510",46,116,70
"TERF2","s1650_F_POA_03_ASEReadCounter.table","NW_015090842.1:10323580",40,97,57
"TERF2","s1650_F_POA_03_ASEReadCounter.table","NW_015090842.1:10324314",33,87,54
"TERF2","s1650_F_POA_03_ASEReadCounter.table","NW_015090842.1:10326832",28,62,34
"TERF2","s1650_F_POA_03_ASEReadCounter.table","NW_015090842.1:10327787",13,36,23
"TERF2","s1650_F_POA_03_ASEReadCounter.table","NW_015090842.1:10328588",19,34,15
"TERF2","s1650_F_POA_03_ASEReadCounter.table","NW_015090842.1:10328644",20,32,12
"TERF2","s1650_F_POA_03_ASEReadCounter.table","NW_015090842.1:10329813",9,19,10
"TERF2","s1650_F_POA_03_ASEReadCounter.table","NW_015090842.1:10330749",13,29,16
"TERF2","s1650_F_POA_03_ASEReadCounter.table","NW_015090842.1:10330789",15,33,18
"CYB5B","s1650_F_POA_03_ASEReadCounter.table","NW_015090842.1:10336595",6,15,9
"CYB5B","s1650_F_POA_03_ASEReadCounter.table","NW_015090842.1:10336667",57,105,48
"CYB5B","s1650_F_POA_03_ASEReadCounter.table","NW_015090842.1:10336689",80,147,67
"CYB5B","s1650_F_POA_03_ASEReadCounter.table","NW_015090842.1:10336728",99,201,102
"CYB5B","s1650_F_POA_03_ASEReadCounter.table","NW_015090842.1:10345068",85,182,97
"CYB5B","s1650_F_POA_03_ASEReadCounter.table","NW_015090842.1:10348800",136,280,144
"CYB5B","s1650_F_POA_03_ASEReadCounter.table","NW_015090842.1:10348888",107,212,105
"CYB5B","s1650_F_POA_03_ASEReadCounter.table","NW_015090842.1:10349046",135,238,103
"CYB5B","s1650_F_POA_03_ASEReadCounter.table","NW_015090842.1:10349119",61,179,118
"CYB5B","s1650_F_POA_03_ASEReadCounter.table","NW_015090842.1:10349146",49,174,125
"CYB5B","s1650_F_POA_03_ASEReadCounter.table","NW_015090842.1:10349157",83,214,131
