"gene","id","snp","ref_count","total_count","alt_count"
"CENPN","s1650_F_LIV_01_ASEReadCounter.table","NW_015090842.1:5801612",0,2,2
"CENPN","s1650_F_LIV_01_ASEReadCounter.table","NW_015090842.1:5801618",0,3,3
"CENPN","s1650_F_LIV_01_ASEReadCounter.table","NW_015090842.1:5801623",0,3,3
"CENPN","s1650_F_LIV_01_ASEReadCounter.table","NW_015090842.1:5801631",0,3,3
"CENPN","s1650_F_LIV_01_ASEReadCounter.table","NW_015090842.1:5801632",0,3,3
"CENPN","s1650_F_LIV_01_ASEReadCounter.table","NW_015090842.1:5801655",2,3,1
"CENPN","s1650_F_LIV_01_ASEReadCounter.table","NW_015090842.1:5801662",3,5,2
"CENPN","s1650_F_LIV_01_ASEReadCounter.table","NW_015090842.1:5801670",3,5,2
"CENPN","s1650_F_LIV_01_ASEReadCounter.table","NW_015090842.1:5801674",3,5,2
"CENPN","s1650_F_LIV_01_ASEReadCounter.table","NW_015090842.1:5801692",3,5,2
"CENPN","s1650_F_LIV_01_ASEReadCounter.table","NW_015090842.1:5801697",3,5,2
"CENPN","s1650_F_LIV_01_ASEReadCounter.table","NW_015090842.1:5802008",3,7,4
"CENPN","s1650_F_LIV_01_ASEReadCounter.table","NW_015090842.1:5802012",3,7,4
"CENPN","s1650_F_LIV_01_ASEReadCounter.table","NW_015090842.1:5802087",1,7,6
"CENPN","s1650_F_LIV_01_ASEReadCounter.table","NW_015090842.1:5810113",1,1,0
"CENPN","s1650_F_LIV_01_ASEReadCounter.table","NW_015090842.1:5810147",2,2,0
"CENPN","s1650_F_LIV_01_ASEReadCounter.table","NW_015090842.1:5810148",2,2,0
"ATMIN","s1650_F_LIV_01_ASEReadCounter.table","NW_015090842.1:5818789",1,3,2
"ATMIN","s1650_F_LIV_01_ASEReadCounter.table","NW_015090842.1:5819958",1,3,2
"ATMIN","s1650_F_LIV_01_ASEReadCounter.table","NW_015090842.1:5820217",1,1,0
"ATMIN","s1650_F_LIV_01_ASEReadCounter.table","NW_015090842.1:5820250",1,1,0
"ATMIN","s1650_F_LIV_01_ASEReadCounter.table","NW_015090842.1:5820298",2,3,1
"ATMIN","s1650_F_LIV_01_ASEReadCounter.table","NW_015090842.1:5820417",1,1,0
"ATMIN","s1650_F_LIV_01_ASEReadCounter.table","NW_015090842.1:5820421",1,1,0
"ATMIN","s1650_F_LIV_01_ASEReadCounter.table","NW_015090842.1:5820448",1,2,1
"ATMIN","s1650_F_LIV_01_ASEReadCounter.table","NW_015090842.1:5820457",1,2,1
"ATMIN","s1650_F_LIV_01_ASEReadCounter.table","NW_015090842.1:5820510",0,1,1
"ATMIN","s1650_F_LIV_01_ASEReadCounter.table","NW_015090842.1:5820673",0,2,2
"ATMIN","s1650_F_LIV_01_ASEReadCounter.table","NW_015090842.1:5820754",0,1,1
"ATMIN","s1650_F_LIV_01_ASEReadCounter.table","NW_015090842.1:5820820",1,2,1
"ATMIN","s1650_F_LIV_01_ASEReadCounter.table","NW_015090842.1:5820865",2,2,0
"ATMIN","s1650_F_LIV_01_ASEReadCounter.table","NW_015090842.1:5820889",2,2,0
"ATMIN","s1650_F_LIV_01_ASEReadCounter.table","NW_015090842.1:5820891",2,2,0
"ATMIN","s1650_F_LIV_01_ASEReadCounter.table","NW_015090842.1:5820997",4,6,2
"ATMIN","s1650_F_LIV_01_ASEReadCounter.table","NW_015090842.1:5821063",4,6,2
"ATMIN","s1650_F_LIV_01_ASEReadCounter.table","NW_015090842.1:5821132",1,2,1
"ATMIN","s1650_F_LIV_01_ASEReadCounter.table","NW_015090842.1:5821645",2,3,1
"ATMIN","s1650_F_LIV_01_ASEReadCounter.table","NW_015090842.1:5825066",5,6,1
"ATMIN","s1650_F_LIV_01_ASEReadCounter.table","NW_015090842.1:5825106",6,8,2
"ATMIN","s1650_F_LIV_01_ASEReadCounter.table","NW_015090842.1:5825122",6,8,2
"ATMIN","s1650_F_LIV_01_ASEReadCounter.table","NW_015090842.1:5825178",6,7,1
"ATMIN","s1650_F_LIV_01_ASEReadCounter.table","NW_015090842.1:5825194",7,8,1
"ATMIN","s1650_F_LIV_01_ASEReadCounter.table","NW_015090842.1:5825195",7,9,2
"ATMIN","s1650_F_LIV_01_ASEReadCounter.table","NW_015090842.1:5825220",7,10,3
"ATMIN","s1650_F_LIV_01_ASEReadCounter.table","NW_015090842.1:5825240",8,11,3
"ATMIN","s1650_F_LIV_01_ASEReadCounter.table","NW_015090842.1:5825303",7,12,5
"ATMIN","s1650_F_LIV_01_ASEReadCounter.table","NW_015090842.1:5825304",6,11,5
"ATMIN","s1650_F_LIV_01_ASEReadCounter.table","NW_015090842.1:5825310",7,12,5
"ATMIN","s1650_F_LIV_01_ASEReadCounter.table","NW_015090842.1:5825406",6,11,5
"ATMIN","s1650_F_LIV_01_ASEReadCounter.table","NW_015090842.1:5825415",9,15,6
"ATMIN","s1650_F_LIV_01_ASEReadCounter.table","NW_015090842.1:5825438",9,14,5
"ATMIN","s1650_F_LIV_01_ASEReadCounter.table","NW_015090842.1:5825485",9,15,6
"ATMIN","s1650_F_LIV_01_ASEReadCounter.table","NW_015090842.1:5825524",9,12,3
"ATMIN","s1650_F_LIV_01_ASEReadCounter.table","NW_015090842.1:5825557",4,7,3
"ATMIN","s1650_F_LIV_01_ASEReadCounter.table","NW_015090842.1:5825571",4,7,3
"ATMIN","s1650_F_LIV_01_ASEReadCounter.table","NW_015090842.1:5825579",5,6,1
"ATMIN","s1650_F_LIV_01_ASEReadCounter.table","NW_015090842.1:5825590",5,6,1
"ATMIN","s1650_F_LIV_01_ASEReadCounter.table","NW_015090842.1:5825689",8,13,5
"ATMIN","s1650_F_LIV_01_ASEReadCounter.table","NW_015090842.1:5825703",7,12,5
"ATMIN","s1650_F_LIV_01_ASEReadCounter.table","NW_015090842.1:5825787",4,7,3
"ATMIN","s1650_F_LIV_01_ASEReadCounter.table","NW_015090842.1:5825833",4,7,3
"ATMIN","s1650_F_LIV_01_ASEReadCounter.table","NW_015090842.1:5825841",1,4,3
"ATMIN","s1650_F_LIV_01_ASEReadCounter.table","NW_015090842.1:5825895",5,5,0
"ATMIN","s1650_F_LIV_01_ASEReadCounter.table","NW_015090842.1:5825984",5,8,3
"ATMIN","s1650_F_LIV_01_ASEReadCounter.table","NW_015090842.1:5826162",10,16,6
"ATMIN","s1650_F_LIV_01_ASEReadCounter.table","NW_015090842.1:5826194",7,12,5
"ATMIN","s1650_F_LIV_01_ASEReadCounter.table","NW_015090842.1:5826235",12,17,5
"ATMIN","s1650_F_LIV_01_ASEReadCounter.table","NW_015090842.1:5826245",13,19,6
"ATMIN","s1650_F_LIV_01_ASEReadCounter.table","NW_015090842.1:5826335",10,15,5
"ATMIN","s1650_F_LIV_01_ASEReadCounter.table","NW_015090842.1:5826417",6,14,8
"ATMIN","s1650_F_LIV_01_ASEReadCounter.table","NW_015090842.1:5826431",5,17,12
"ATMIN","s1650_F_LIV_01_ASEReadCounter.table","NW_015090842.1:5826438",5,12,7
"ATMIN","s1650_F_LIV_01_ASEReadCounter.table","NW_015090842.1:5826463",9,19,10
"ATMIN","s1650_F_LIV_01_ASEReadCounter.table","NW_015090842.1:5826502",11,16,5
"ATMIN","s1650_F_LIV_01_ASEReadCounter.table","NW_015090842.1:5826511",11,18,7
"ATMIN","s1650_F_LIV_01_ASEReadCounter.table","NW_015090842.1:5826659",15,26,11
"ATMIN","s1650_F_LIV_01_ASEReadCounter.table","NW_015090842.1:5826701",14,22,8
"ATMIN","s1650_F_LIV_01_ASEReadCounter.table","NW_015090842.1:5826702",14,22,8
"ATMIN","s1650_F_LIV_01_ASEReadCounter.table","NW_015090842.1:5826732",21,31,10
"ATMIN","s1650_F_LIV_01_ASEReadCounter.table","NW_015090842.1:5826745",26,35,9
"ATMIN","s1650_F_LIV_01_ASEReadCounter.table","NW_015090842.1:5826835",32,47,15
"ATMIN","s1650_F_LIV_01_ASEReadCounter.table","NW_015090842.1:5826942",21,36,15
"ATMIN","s1650_F_LIV_01_ASEReadCounter.table","NW_015090842.1:5827193",27,44,17
"ATMIN","s1650_F_LIV_01_ASEReadCounter.table","NW_015090842.1:5827196",25,44,19
"ATMIN","s1650_F_LIV_01_ASEReadCounter.table","NW_015090842.1:5827269",35,59,24
"ATMIN","s1650_F_LIV_01_ASEReadCounter.table","NW_015090842.1:5827315",34,56,22
"ATMIN","s1650_F_LIV_01_ASEReadCounter.table","NW_015090842.1:5827316",34,57,23
"ATMIN","s1650_F_LIV_01_ASEReadCounter.table","NW_015090842.1:5827333",29,53,24
"PPP1R3E","s1650_F_LIV_01_ASEReadCounter.table","NW_015090842.1:5837733",3,5,2
"PPP1R3E","s1650_F_LIV_01_ASEReadCounter.table","NW_015090842.1:5837947",2,3,1
"PKD1L2","s1650_F_LIV_01_ASEReadCounter.table","NW_015090842.1:5867597",3,3,0
"PKD1L2","s1650_F_LIV_01_ASEReadCounter.table","NW_015090842.1:5867600",3,4,1
"PKD1L2","s1650_F_LIV_01_ASEReadCounter.table","NW_015090842.1:5867660",3,4,1
"PKD1L2","s1650_F_LIV_01_ASEReadCounter.table","NW_015090842.1:5867675",3,4,1
"PKD1L2","s1650_F_LIV_01_ASEReadCounter.table","NW_015090842.1:5867788",1,1,0
"PKD1L2","s1650_F_LIV_01_ASEReadCounter.table","NW_015090842.1:5867843",2,3,1
"BCO1","s1650_F_LIV_01_ASEReadCounter.table","NW_015090842.1:5915610",11,22,11
"BCO1","s1650_F_LIV_01_ASEReadCounter.table","NW_015090842.1:5915646",8,18,10
"BCO1","s1650_F_LIV_01_ASEReadCounter.table","NW_015090842.1:5917836",12,34,22
"BCO1","s1650_F_LIV_01_ASEReadCounter.table","NW_015090842.1:5917912",108,308,200
"BCO1","s1650_F_LIV_01_ASEReadCounter.table","NW_015090842.1:5917941",147,405,258
"BCO1","s1650_F_LIV_01_ASEReadCounter.table","NW_015090842.1:5917971",162,483,321
"BCO1","s1650_F_LIV_01_ASEReadCounter.table","NW_015090842.1:5921679",146,510,364
"BCO1","s1650_F_LIV_01_ASEReadCounter.table","NW_015090842.1:5921726",134,456,322
"BCO1","s1650_F_LIV_01_ASEReadCounter.table","NW_015090842.1:5925669",148,431,283
"BCO1","s1650_F_LIV_01_ASEReadCounter.table","NW_015090842.1:5926937",185,489,304
"BCO1","s1650_F_LIV_01_ASEReadCounter.table","NW_015090842.1:5927921",191,528,337
"BCO1","s1650_F_LIV_01_ASEReadCounter.table","NW_015090842.1:5927948",204,565,361
"BCO1","s1650_F_LIV_01_ASEReadCounter.table","NW_015090842.1:5927968",207,582,375
"BCO1","s1650_F_LIV_01_ASEReadCounter.table","NW_015090842.1:5928052",178,539,361
"BCO1","s1650_F_LIV_01_ASEReadCounter.table","NW_015090842.1:5932726",403,1145,742
"BCO1","s1650_F_LIV_01_ASEReadCounter.table","NW_015090842.1:5932801",356,958,602
"BCO1","s1650_F_LIV_01_ASEReadCounter.table","NW_015090842.1:5934558",488,1416,928
"BCO1","s1650_F_LIV_01_ASEReadCounter.table","NW_015090842.1:5934575",517,1506,989
"BCO1","s1650_F_LIV_01_ASEReadCounter.table","NW_015090842.1:5934608",570,1611,1041
"BCO1","s1650_F_LIV_01_ASEReadCounter.table","NW_015090842.1:5934647",527,1529,1002
"BCO1","s1650_F_LIV_01_ASEReadCounter.table","NW_015090842.1:5934725",522,1419,897
"BCO1","s1650_F_LIV_01_ASEReadCounter.table","NW_015090842.1:5934726",519,1405,886
"BCO1","s1650_F_LIV_01_ASEReadCounter.table","NW_015090842.1:5934733",506,1335,829
"BCO1","s1650_F_LIV_01_ASEReadCounter.table","NW_015090842.1:5934821",416,1265,849
"BCO1","s1650_F_LIV_01_ASEReadCounter.table","NW_015090842.1:5934826",379,1282,903
"BCO1","s1650_F_LIV_01_ASEReadCounter.table","NW_015090842.1:5934844",215,887,672
"BCO1","s1650_F_LIV_01_ASEReadCounter.table","NW_015090842.1:5934958",544,1369,825
"BCO1","s1650_F_LIV_01_ASEReadCounter.table","NW_015090842.1:5934976",546,1429,883
"GAN","s1650_F_LIV_01_ASEReadCounter.table","NW_015090842.1:5939249",0,1,1
"GAN","s1650_F_LIV_01_ASEReadCounter.table","NW_015090842.1:5953759",2,2,0
"GAN","s1650_F_LIV_01_ASEReadCounter.table","NW_015090842.1:5957502",5,5,0
"GAN","s1650_F_LIV_01_ASEReadCounter.table","NW_015090842.1:5957578",4,6,2
"GAN","s1650_F_LIV_01_ASEReadCounter.table","NW_015090842.1:5966047",5,10,5
"GAN","s1650_F_LIV_01_ASEReadCounter.table","NW_015090842.1:5966126",2,9,7
"GAN","s1650_F_LIV_01_ASEReadCounter.table","NW_015090842.1:5966127",2,9,7
"GAN","s1650_F_LIV_01_ASEReadCounter.table","NW_015090842.1:5966162",8,17,9
"GAN","s1650_F_LIV_01_ASEReadCounter.table","NW_015090842.1:5966483",2,14,12
"CMIP","s1650_F_LIV_01_ASEReadCounter.table","NW_015090842.1:6109159",2,3,1
"CMIP","s1650_F_LIV_01_ASEReadCounter.table","NW_015090842.1:6109166",2,3,1
"CMIP","s1650_F_LIV_01_ASEReadCounter.table","NW_015090842.1:6114641",5,7,2
"CMIP","s1650_F_LIV_01_ASEReadCounter.table","NW_015090842.1:6114751",1,3,2
"CMIP","s1650_F_LIV_01_ASEReadCounter.table","NW_015090842.1:6114824",1,3,2
"CMIP","s1650_F_LIV_01_ASEReadCounter.table","NW_015090842.1:6126295",15,15,0
"CMIP","s1650_F_LIV_01_ASEReadCounter.table","NW_015090842.1:6128998",5,8,3
"CMIP","s1650_F_LIV_01_ASEReadCounter.table","NW_015090842.1:6130562",7,13,6
"CMIP","s1650_F_LIV_01_ASEReadCounter.table","NW_015090842.1:6132522",1,21,20
"CMIP","s1650_F_LIV_01_ASEReadCounter.table","NW_015090842.1:6138265",19,88,69
"CMIP","s1650_F_LIV_01_ASEReadCounter.table","NW_015090842.1:6138300",17,84,67
"CMIP","s1650_F_LIV_01_ASEReadCounter.table","NW_015090842.1:6138342",14,56,42
"CMIP","s1650_F_LIV_01_ASEReadCounter.table","NW_015090842.1:6138343",13,54,41
"CMIP","s1650_F_LIV_01_ASEReadCounter.table","NW_015090842.1:6138345",14,57,43
"CMIP","s1650_F_LIV_01_ASEReadCounter.table","NW_015090842.1:6138647",10,59,49
"CMIP","s1650_F_LIV_01_ASEReadCounter.table","NW_015090842.1:6138745",10,61,51
"CMIP","s1650_F_LIV_01_ASEReadCounter.table","NW_015090842.1:6138832",0,25,25
"CMIP","s1650_F_LIV_01_ASEReadCounter.table","NW_015090842.1:6138967",11,38,27
"CMIP","s1650_F_LIV_01_ASEReadCounter.table","NW_015090842.1:6139131",8,29,21
"CMIP","s1650_F_LIV_01_ASEReadCounter.table","NW_015090842.1:6139163",1,29,28
"CMIP","s1650_F_LIV_01_ASEReadCounter.table","NW_015090842.1:6139212",21,43,22
"CMIP","s1650_F_LIV_01_ASEReadCounter.table","NW_015090842.1:6139360",5,31,26
"CMIP","s1650_F_LIV_01_ASEReadCounter.table","NW_015090842.1:6139572",3,14,11
"PLCG2","s1650_F_LIV_01_ASEReadCounter.table","NW_015090842.1:6179613",10,10,0
"PLCG2","s1650_F_LIV_01_ASEReadCounter.table","NW_015090842.1:6179658",16,16,0
"PLCG2","s1650_F_LIV_01_ASEReadCounter.table","NW_015090842.1:6203766",7,7,0
"PLCG2","s1650_F_LIV_01_ASEReadCounter.table","NW_015090842.1:6203775",7,7,0
"PLCG2","s1650_F_LIV_01_ASEReadCounter.table","NW_015090842.1:6203787",5,5,0
"PLCG2","s1650_F_LIV_01_ASEReadCounter.table","NW_015090842.1:6209741",0,1,1
"PLCG2","s1650_F_LIV_01_ASEReadCounter.table","NW_015090842.1:6209798",1,1,0
"PLCG2","s1650_F_LIV_01_ASEReadCounter.table","NW_015090842.1:6209816",1,1,0
"PLCG2","s1650_F_LIV_01_ASEReadCounter.table","NW_015090842.1:6217547",6,7,1
"PLCG2","s1650_F_LIV_01_ASEReadCounter.table","NW_015090842.1:6218641",5,7,2
"PLCG2","s1650_F_LIV_01_ASEReadCounter.table","NW_015090842.1:6220552",3,5,2
"PLCG2","s1650_F_LIV_01_ASEReadCounter.table","NW_015090842.1:6221969",6,8,2
"PLCG2","s1650_F_LIV_01_ASEReadCounter.table","NW_015090842.1:6228672",9,10,1
"PLCG2","s1650_F_LIV_01_ASEReadCounter.table","NW_015090842.1:6228694",8,9,1
"PLCG2","s1650_F_LIV_01_ASEReadCounter.table","NW_015090842.1:6228722",10,11,1
"PLCG2","s1650_F_LIV_01_ASEReadCounter.table","NW_015090842.1:6228747",9,9,0
"PLCG2","s1650_F_LIV_01_ASEReadCounter.table","NW_015090842.1:6228835",13,13,0
"PLCG2","s1650_F_LIV_01_ASEReadCounter.table","NW_015090842.1:6228841",10,10,0
"PLCG2","s1650_F_LIV_01_ASEReadCounter.table","NW_015090842.1:6228865",9,9,0
"PLCG2","s1650_F_LIV_01_ASEReadCounter.table","NW_015090842.1:6228917",9,9,0
"PLCG2","s1650_F_LIV_01_ASEReadCounter.table","NW_015090842.1:6228926",8,8,0
"PLCG2","s1650_F_LIV_01_ASEReadCounter.table","NW_015090842.1:6228954",5,6,1
"PLCG2","s1650_F_LIV_01_ASEReadCounter.table","NW_015090842.1:6229002",6,7,1
"PLCG2","s1650_F_LIV_01_ASEReadCounter.table","NW_015090842.1:6229006",6,7,1
"PLCG2","s1650_F_LIV_01_ASEReadCounter.table","NW_015090842.1:6229081",6,6,0
"PLCG2","s1650_F_LIV_01_ASEReadCounter.table","NW_015090842.1:6229097",3,3,0
"PLCG2","s1650_F_LIV_01_ASEReadCounter.table","NW_015090842.1:6229160",5,5,0
"PLCG2","s1650_F_LIV_01_ASEReadCounter.table","NW_015090842.1:6229213",7,8,1
"PLCG2","s1650_F_LIV_01_ASEReadCounter.table","NW_015090842.1:6229231",8,9,1
"PLCG2","s1650_F_LIV_01_ASEReadCounter.table","NW_015090842.1:6229663",10,12,2
"PLCG2","s1650_F_LIV_01_ASEReadCounter.table","NW_015090842.1:6229748",10,11,1
"PLCG2","s1650_F_LIV_01_ASEReadCounter.table","NW_015090842.1:6229892",7,7,0
"PLCG2","s1650_F_LIV_01_ASEReadCounter.table","NW_015090842.1:6230248",21,21,0
"PLCG2","s1650_F_LIV_01_ASEReadCounter.table","NW_015090842.1:6230255",20,21,1
"PLCG2","s1650_F_LIV_01_ASEReadCounter.table","NW_015090842.1:6230276",16,16,0
"PLCG2","s1650_F_LIV_01_ASEReadCounter.table","NW_015090842.1:6230296",7,7,0
"PLCG2","s1650_F_LIV_01_ASEReadCounter.table","NW_015090842.1:6230349",20,21,1
"PLCG2","s1650_F_LIV_01_ASEReadCounter.table","NW_015090842.1:6230408",28,29,1
"PLCG2","s1650_F_LIV_01_ASEReadCounter.table","NW_015090842.1:6230439",24,24,0
"PLCG2","s1650_F_LIV_01_ASEReadCounter.table","NW_015090842.1:6230757",6,6,0
"PLCG2","s1650_F_LIV_01_ASEReadCounter.table","NW_015090842.1:6230758",4,4,0
"PLCG2","s1650_F_LIV_01_ASEReadCounter.table","NW_015090842.1:6230898",32,32,0
"PLCG2","s1650_F_LIV_01_ASEReadCounter.table","NW_015090842.1:6230976",35,35,0
"PLCG2","s1650_F_LIV_01_ASEReadCounter.table","NW_015090842.1:6231078",50,50,0
"PLCG2","s1650_F_LIV_01_ASEReadCounter.table","NW_015090842.1:6231138",59,60,1
"PLCG2","s1650_F_LIV_01_ASEReadCounter.table","NW_015090842.1:6231177",50,52,2
"PLCG2","s1650_F_LIV_01_ASEReadCounter.table","NW_015090842.1:6231263",51,51,0
"SDR42E1","s1650_F_LIV_01_ASEReadCounter.table","NW_015090842.1:6235292",3,6,3
"SDR42E1","s1650_F_LIV_01_ASEReadCounter.table","NW_015090842.1:6235315",4,8,4
"SDR42E1","s1650_F_LIV_01_ASEReadCounter.table","NW_015090842.1:6235348",9,16,7
"SDR42E1","s1650_F_LIV_01_ASEReadCounter.table","NW_015090842.1:6235355",9,15,6
"SDR42E1","s1650_F_LIV_01_ASEReadCounter.table","NW_015090842.1:6235417",11,18,7
"SDR42E1","s1650_F_LIV_01_ASEReadCounter.table","NW_015090842.1:6235558",15,21,6
"SDR42E1","s1650_F_LIV_01_ASEReadCounter.table","NW_015090842.1:6235741",18,22,4
"SDR42E1","s1650_F_LIV_01_ASEReadCounter.table","NW_015090842.1:6235777",18,24,6
"SDR42E1","s1650_F_LIV_01_ASEReadCounter.table","NW_015090842.1:6235806",21,28,7
"SDR42E1","s1650_F_LIV_01_ASEReadCounter.table","NW_015090842.1:6235809",20,26,6
"SDR42E1","s1650_F_LIV_01_ASEReadCounter.table","NW_015090842.1:6235816",22,28,6
"SDR42E1","s1650_F_LIV_01_ASEReadCounter.table","NW_015090842.1:6235914",12,17,5
"SDR42E1","s1650_F_LIV_01_ASEReadCounter.table","NW_015090842.1:6235935",11,15,4
"SDR42E1","s1650_F_LIV_01_ASEReadCounter.table","NW_015090842.1:6235957",14,19,5
"SDR42E1","s1650_F_LIV_01_ASEReadCounter.table","NW_015090842.1:6236040",14,23,9
"SDR42E1","s1650_F_LIV_01_ASEReadCounter.table","NW_015090842.1:6236260",11,19,8
"SDR42E1","s1650_F_LIV_01_ASEReadCounter.table","NW_015090842.1:6236281",11,19,8
"SDR42E1","s1650_F_LIV_01_ASEReadCounter.table","NW_015090842.1:6236305",10,17,7
"SDR42E1","s1650_F_LIV_01_ASEReadCounter.table","NW_015090842.1:6236458",8,14,6
"SDR42E1","s1650_F_LIV_01_ASEReadCounter.table","NW_015090842.1:6236476",11,17,6
"SDR42E1","s1650_F_LIV_01_ASEReadCounter.table","NW_015090842.1:6236608",8,11,3
"SDR42E1","s1650_F_LIV_01_ASEReadCounter.table","NW_015090842.1:6238244",6,9,3
"SDR42E1","s1650_F_LIV_01_ASEReadCounter.table","NW_015090842.1:6238829",3,4,1
"HSD17B2","s1650_F_LIV_01_ASEReadCounter.table","NW_015090842.1:6266795",1,1,0
"HSD17B2","s1650_F_LIV_01_ASEReadCounter.table","NW_015090842.1:6266944",2,2,0
"HSD17B2","s1650_F_LIV_01_ASEReadCounter.table","NW_015090842.1:6267053",2,5,3
"HSD17B2","s1650_F_LIV_01_ASEReadCounter.table","NW_015090842.1:6267196",0,2,2
"HSD17B2","s1650_F_LIV_01_ASEReadCounter.table","NW_015090842.1:6267273",2,3,1
"HSD17B2","s1650_F_LIV_01_ASEReadCounter.table","NW_015090842.1:6267674",0,2,2
"HSD17B2","s1650_F_LIV_01_ASEReadCounter.table","NW_015090842.1:6267913",1,3,2
"HSD17B2","s1650_F_LIV_01_ASEReadCounter.table","NW_015090842.1:6268098",2,3,1
"ARY2","s1650_F_LIV_01_ASEReadCounter.table","NW_015090842.1:6303922",5,7,2
"ARY2","s1650_F_LIV_01_ASEReadCounter.table","NW_015090842.1:6303954",10,16,6
"ARY2","s1650_F_LIV_01_ASEReadCounter.table","NW_015090842.1:6303979",12,19,7
"ARY2","s1650_F_LIV_01_ASEReadCounter.table","NW_015090842.1:6305848",8,20,12
"ARY2","s1650_F_LIV_01_ASEReadCounter.table","NW_015090842.1:6305856",7,20,13
"ARY2","s1650_F_LIV_01_ASEReadCounter.table","NW_015090842.1:6305857",7,20,13
"ARY2","s1650_F_LIV_01_ASEReadCounter.table","NW_015090842.1:6306017",7,15,8
"ARY2","s1650_F_LIV_01_ASEReadCounter.table","NW_015090842.1:6306052",8,20,12
"ARY2","s1650_F_LIV_01_ASEReadCounter.table","NW_015090842.1:6306094",9,28,19
"ARY2","s1650_F_LIV_01_ASEReadCounter.table","NW_015090842.1:6306100",11,32,21
"ARY2","s1650_F_LIV_01_ASEReadCounter.table","NW_015090842.1:6306146",13,32,19
"ARY2","s1650_F_LIV_01_ASEReadCounter.table","NW_015090842.1:6306147",13,31,18
"ARY2","s1650_F_LIV_01_ASEReadCounter.table","NW_015090842.1:6306390",21,40,19
"ARY2","s1650_F_LIV_01_ASEReadCounter.table","NW_015090842.1:6306567",7,25,18
"ARY2","s1650_F_LIV_01_ASEReadCounter.table","NW_015090842.1:6306705",5,6,1
"ARY2","s1650_F_LIV_01_ASEReadCounter.table","NW_015090842.1:6306773",6,6,0
"ARY2","s1650_F_LIV_01_ASEReadCounter.table","NW_015090842.1:6307039",2,2,0
"ARY2","s1650_F_LIV_01_ASEReadCounter.table","NW_015090842.1:6307043",2,2,0
"ARY2","s1650_F_LIV_01_ASEReadCounter.table","NW_015090842.1:6307093",7,9,2
"ARY2","s1650_F_LIV_01_ASEReadCounter.table","NW_015090842.1:6307138",8,13,5
"ARY2","s1650_F_LIV_01_ASEReadCounter.table","NW_015090842.1:6307157",8,13,5
"ARY2","s1650_F_LIV_01_ASEReadCounter.table","NW_015090842.1:6307187",10,13,3
"ARY2","s1650_F_LIV_01_ASEReadCounter.table","NW_015090842.1:6307204",9,12,3
"ARY2","s1650_F_LIV_01_ASEReadCounter.table","NW_015090842.1:6307278",3,4,1
"ARY2","s1650_F_LIV_01_ASEReadCounter.table","NW_015090842.1:6307305",6,6,0
"ARY2","s1650_F_LIV_01_ASEReadCounter.table","NW_015090842.1:6307318",6,7,1
"ARY2","s1650_F_LIV_01_ASEReadCounter.table","NW_015090842.1:6307429",13,18,5
"ARY2","s1650_F_LIV_01_ASEReadCounter.table","NW_015090842.1:6307487",12,17,5
"ARY2","s1650_F_LIV_01_ASEReadCounter.table","NW_015090842.1:6307670",7,8,1
"ARYL","s1650_F_LIV_01_ASEReadCounter.table","NW_015090842.1:6313360",12,31,19
"ARYL","s1650_F_LIV_01_ASEReadCounter.table","NW_015090842.1:6313377",10,26,16
"ARYL","s1650_F_LIV_01_ASEReadCounter.table","NW_015090842.1:6313767",20,34,14
"ARY1","s1650_F_LIV_01_ASEReadCounter.table","NW_015090842.1:6314296",27,48,21
"ARY1","s1650_F_LIV_01_ASEReadCounter.table","NW_015090842.1:6314541",23,36,13
"ARY1","s1650_F_LIV_01_ASEReadCounter.table","NW_015090842.1:6314597",21,35,14
"ARY1","s1650_F_LIV_01_ASEReadCounter.table","NW_015090842.1:6314750",25,38,13
"ARY1","s1650_F_LIV_01_ASEReadCounter.table","NW_015090842.1:6314794",26,41,15
"ARY1","s1650_F_LIV_01_ASEReadCounter.table","NW_015090842.1:6314827",26,43,17
"ARY1","s1650_F_LIV_01_ASEReadCounter.table","NW_015090842.1:6314859",27,48,21
"ARY1","s1650_F_LIV_01_ASEReadCounter.table","NW_015090842.1:6314886",30,51,21
"ARY1","s1650_F_LIV_01_ASEReadCounter.table","NW_015090842.1:6315022",33,59,26
"ARY1","s1650_F_LIV_01_ASEReadCounter.table","NW_015090842.1:6315026",31,60,29
"ARY1","s1650_F_LIV_01_ASEReadCounter.table","NW_015090842.1:6315043",32,61,29
"ARY1","s1650_F_LIV_01_ASEReadCounter.table","NW_015090842.1:6315065",28,61,33
"ARY1","s1650_F_LIV_01_ASEReadCounter.table","NW_015090842.1:6315409",25,44,19
"ARY1","s1650_F_LIV_01_ASEReadCounter.table","NW_015090842.1:6315479",40,67,27
"ARY1","s1650_F_LIV_01_ASEReadCounter.table","NW_015090842.1:6318342",58,90,32
"ARY1","s1650_F_LIV_01_ASEReadCounter.table","NW_015090842.1:6318427",70,113,43
"ARY1","s1650_F_LIV_01_ASEReadCounter.table","NW_015090842.1:6318603",52,91,39
"ARY1","s1650_F_LIV_01_ASEReadCounter.table","NW_015090842.1:6318708",46,85,39
"ARY1","s1650_F_LIV_01_ASEReadCounter.table","NW_015090842.1:6318858",82,134,52
"ARY1","s1650_F_LIV_01_ASEReadCounter.table","NW_015090842.1:6318952",82,136,54
"MPHOSPH6","s1650_F_LIV_01_ASEReadCounter.table","NW_015090842.1:6324063",31,67,36
"MPHOSPH6","s1650_F_LIV_01_ASEReadCounter.table","NW_015090842.1:6324174",61,119,58
"MPHOSPH6","s1650_F_LIV_01_ASEReadCounter.table","NW_015090842.1:6324270",73,141,68
"MPHOSPH6","s1650_F_LIV_01_ASEReadCounter.table","NW_015090842.1:6324762",83,167,84
"MPHOSPH6","s1650_F_LIV_01_ASEReadCounter.table","NW_015090842.1:6324780",81,156,75
"MPHOSPH6","s1650_F_LIV_01_ASEReadCounter.table","NW_015090842.1:6324902",99,179,80
"MPHOSPH6","s1650_F_LIV_01_ASEReadCounter.table","NW_015090842.1:6325066",81,161,80
"MPHOSPH6","s1650_F_LIV_01_ASEReadCounter.table","NW_015090842.1:6325089",88,185,97
"MPHOSPH6","s1650_F_LIV_01_ASEReadCounter.table","NW_015090842.1:6325877",93,177,84
"MPHOSPH6","s1650_F_LIV_01_ASEReadCounter.table","NW_015090842.1:6326976",58,123,65
"CDH13","s1650_F_LIV_01_ASEReadCounter.table","NW_015090842.1:6693665",0,1,1
"MLYCD","s1650_F_LIV_01_ASEReadCounter.table","NW_015090842.1:7150054",39,70,31
"MLYCD","s1650_F_LIV_01_ASEReadCounter.table","NW_015090842.1:7150131",50,116,66
"MLYCD","s1650_F_LIV_01_ASEReadCounter.table","NW_015090842.1:7150585",27,46,19
"MLYCD","s1650_F_LIV_01_ASEReadCounter.table","NW_015090842.1:7150686",20,38,18
"MLYCD","s1650_F_LIV_01_ASEReadCounter.table","NW_015090842.1:7150696",22,40,18
"MLYCD","s1650_F_LIV_01_ASEReadCounter.table","NW_015090842.1:7150869",23,43,20
"MLYCD","s1650_F_LIV_01_ASEReadCounter.table","NW_015090842.1:7151100",18,32,14
"MLYCD","s1650_F_LIV_01_ASEReadCounter.table","NW_015090842.1:7151127",13,29,16
"MLYCD","s1650_F_LIV_01_ASEReadCounter.table","NW_015090842.1:7157538",12,25,13
"MLYCD","s1650_F_LIV_01_ASEReadCounter.table","NW_015090842.1:7167662",6,14,8
"MLYCD","s1650_F_LIV_01_ASEReadCounter.table","NW_015090842.1:7167675",6,14,8
"MLYCD","s1650_F_LIV_01_ASEReadCounter.table","NW_015090842.1:7167710",5,13,8
"MLYCD","s1650_F_LIV_01_ASEReadCounter.table","NW_015090842.1:7167781",4,7,3
"MLYCD","s1650_F_LIV_01_ASEReadCounter.table","NW_015090842.1:7167803",5,7,2
"MLYCD","s1650_F_LIV_01_ASEReadCounter.table","NW_015090842.1:7167812",5,7,2
"MLYCD","s1650_F_LIV_01_ASEReadCounter.table","NW_015090842.1:7167845",4,6,2
"MLYCD","s1650_F_LIV_01_ASEReadCounter.table","NW_015090842.1:7167862",4,6,2
"MLYCD","s1650_F_LIV_01_ASEReadCounter.table","NW_015090842.1:7167929",3,7,4
"MLYCD","s1650_F_LIV_01_ASEReadCounter.table","NW_015090842.1:7167995",6,8,2
"MLYCD","s1650_F_LIV_01_ASEReadCounter.table","NW_015090842.1:7168005",5,7,2
"MLYCD","s1650_F_LIV_01_ASEReadCounter.table","NW_015090842.1:7168037",5,7,2
"HSBP1","s1650_F_LIV_01_ASEReadCounter.table","NW_015090842.1:7245192",111,194,83
"HSBP1","s1650_F_LIV_01_ASEReadCounter.table","NW_015090842.1:7245226",113,213,100
"HSBP1","s1650_F_LIV_01_ASEReadCounter.table","NW_015090842.1:7245257",83,169,86
"HSBP1","s1650_F_LIV_01_ASEReadCounter.table","NW_015090842.1:7245296",82,180,98
"HSBP1","s1650_F_LIV_01_ASEReadCounter.table","NW_015090842.1:7245389",104,198,94
"HSBP1","s1650_F_LIV_01_ASEReadCounter.table","NW_015090842.1:7245400",104,184,80
"HSBP1","s1650_F_LIV_01_ASEReadCounter.table","NW_015090842.1:7245445",97,187,90
"HSBP1","s1650_F_LIV_01_ASEReadCounter.table","NW_015090842.1:7245495",101,183,82
"HSBP1","s1650_F_LIV_01_ASEReadCounter.table","NW_015090842.1:7245733",70,135,65
"HSBP1","s1650_F_LIV_01_ASEReadCounter.table","NW_015090842.1:7245771",72,122,50
"HSBP1","s1650_F_LIV_01_ASEReadCounter.table","NW_015090842.1:7245813",67,120,53
"HSBP1","s1650_F_LIV_01_ASEReadCounter.table","NW_015090842.1:7245926",68,123,55
"HSBP1","s1650_F_LIV_01_ASEReadCounter.table","NW_015090842.1:7245927",69,124,55
"HSBP1","s1650_F_LIV_01_ASEReadCounter.table","NW_015090842.1:7245933",68,116,48
"HSBP1","s1650_F_LIV_01_ASEReadCounter.table","NW_015090842.1:7246002",40,76,36
"HSBP1","s1650_F_LIV_01_ASEReadCounter.table","NW_015090842.1:7246094",65,123,58
"HSBP1","s1650_F_LIV_01_ASEReadCounter.table","NW_015090842.1:7246167",45,87,42
"HSBP1","s1650_F_LIV_01_ASEReadCounter.table","NW_015090842.1:7246183",46,89,43
"HSBP1","s1650_F_LIV_01_ASEReadCounter.table","NW_015090842.1:7247285",13,18,5
"HSBP1","s1650_F_LIV_01_ASEReadCounter.table","NW_015090842.1:7247651",154,332,178
"HSBP1","s1650_F_LIV_01_ASEReadCounter.table","NW_015090842.1:7247657",159,343,184
"HSBP1","s1650_F_LIV_01_ASEReadCounter.table","NW_015090842.1:7248520",115,241,126
"HSBP1","s1650_F_LIV_01_ASEReadCounter.table","NW_015090842.1:7248535",94,194,100
"WFDC1","s1650_F_LIV_01_ASEReadCounter.table","NW_015090842.1:7379576",0,1,1
"WFDC1","s1650_F_LIV_01_ASEReadCounter.table","NW_015090842.1:7379596",0,1,1
"WFDC1","s1650_F_LIV_01_ASEReadCounter.table","NW_015090842.1:7379605",0,1,1
"WFDC1","s1650_F_LIV_01_ASEReadCounter.table","NW_015090842.1:7379626",0,1,1
"WFDC1","s1650_F_LIV_01_ASEReadCounter.table","NW_015090842.1:7379631",0,1,1
"WFDC1","s1650_F_LIV_01_ASEReadCounter.table","NW_015090842.1:7379632",0,1,1
"WFDC1","s1650_F_LIV_01_ASEReadCounter.table","NW_015090842.1:7379652",0,1,1
"WFDC1","s1650_F_LIV_01_ASEReadCounter.table","NW_015090842.1:7379669",0,1,1
"WFDC1","s1650_F_LIV_01_ASEReadCounter.table","NW_015090842.1:7379719",0,1,1
"WFDC1","s1650_F_LIV_01_ASEReadCounter.table","NW_015090842.1:7379735",0,1,1
"WFDC1","s1650_F_LIV_01_ASEReadCounter.table","NW_015090842.1:7379739",0,1,1
"WFDC1","s1650_F_LIV_01_ASEReadCounter.table","NW_015090842.1:7379933",0,1,1
"WFDC1","s1650_F_LIV_01_ASEReadCounter.table","NW_015090842.1:7379935",0,1,1
"WFDC1","s1650_F_LIV_01_ASEReadCounter.table","NW_015090842.1:7379983",0,1,1
"WFDC1","s1650_F_LIV_01_ASEReadCounter.table","NW_015090842.1:7380852",1,1,0
"WFDC1","s1650_F_LIV_01_ASEReadCounter.table","NW_015090842.1:7380878",1,1,0
"WFDC1","s1650_F_LIV_01_ASEReadCounter.table","NW_015090842.1:7381081",2,4,2
"WFDC1","s1650_F_LIV_01_ASEReadCounter.table","NW_015090842.1:7381127",0,2,2
"WFDC1","s1650_F_LIV_01_ASEReadCounter.table","NW_015090842.1:7381195",0,1,1
"WFDC1","s1650_F_LIV_01_ASEReadCounter.table","NW_015090842.1:7381253",1,3,2
"WFDC1","s1650_F_LIV_01_ASEReadCounter.table","NW_015090842.1:7381378",0,1,1
"WFDC1","s1650_F_LIV_01_ASEReadCounter.table","NW_015090842.1:7381433",0,2,2
"WFDC1","s1650_F_LIV_01_ASEReadCounter.table","NW_015090842.1:7381434",0,3,3
"WFDC1","s1650_F_LIV_01_ASEReadCounter.table","NW_015090842.1:7381442",0,3,3
"WFDC1","s1650_F_LIV_01_ASEReadCounter.table","NW_015090842.1:7381517",0,2,2
"WFDC1","s1650_F_LIV_01_ASEReadCounter.table","NW_015090842.1:7381520",0,2,2
"ATP2C2","s1650_F_LIV_01_ASEReadCounter.table","NW_015090842.1:7396756",1,1,0
"ATP2C2","s1650_F_LIV_01_ASEReadCounter.table","NW_015090842.1:7398395",1,1,0
"ATP2C2","s1650_F_LIV_01_ASEReadCounter.table","NW_015090842.1:7413855",1,12,11
"ATP2C2","s1650_F_LIV_01_ASEReadCounter.table","NW_015090842.1:7413869",0,12,12
"ATP2C2","s1650_F_LIV_01_ASEReadCounter.table","NW_015090842.1:7413875",0,10,10
"TLDC1","s1650_F_LIV_01_ASEReadCounter.table","NW_015090842.1:7421137",40,91,51
"TLDC1","s1650_F_LIV_01_ASEReadCounter.table","NW_015090842.1:7421155",34,85,51
"TLDC1","s1650_F_LIV_01_ASEReadCounter.table","NW_015090842.1:7421218",54,98,44
"TLDC1","s1650_F_LIV_01_ASEReadCounter.table","NW_015090842.1:7421399",37,66,29
"TLDC1","s1650_F_LIV_01_ASEReadCounter.table","NW_015090842.1:7421402",39,68,29
"TLDC1","s1650_F_LIV_01_ASEReadCounter.table","NW_015090842.1:7421528",37,69,32
"TLDC1","s1650_F_LIV_01_ASEReadCounter.table","NW_015090842.1:7421532",39,72,33
"TLDC1","s1650_F_LIV_01_ASEReadCounter.table","NW_015090842.1:7421621",42,82,40
"TLDC1","s1650_F_LIV_01_ASEReadCounter.table","NW_015090842.1:7421647",34,66,32
"TLDC1","s1650_F_LIV_01_ASEReadCounter.table","NW_015090842.1:7421657",38,75,37
"TLDC1","s1650_F_LIV_01_ASEReadCounter.table","NW_015090842.1:7421693",41,78,37
"TLDC1","s1650_F_LIV_01_ASEReadCounter.table","NW_015090842.1:7421796",26,60,34
"TLDC1","s1650_F_LIV_01_ASEReadCounter.table","NW_015090842.1:7421810",28,68,40
"TLDC1","s1650_F_LIV_01_ASEReadCounter.table","NW_015090842.1:7421833",28,66,38
"TLDC1","s1650_F_LIV_01_ASEReadCounter.table","NW_015090842.1:7421879",33,64,31
"TLDC1","s1650_F_LIV_01_ASEReadCounter.table","NW_015090842.1:7421914",37,70,33
"TLDC1","s1650_F_LIV_01_ASEReadCounter.table","NW_015090842.1:7421969",36,67,31
"TLDC1","s1650_F_LIV_01_ASEReadCounter.table","NW_015090842.1:7422015",27,58,31
"TLDC1","s1650_F_LIV_01_ASEReadCounter.table","NW_015090842.1:7422042",37,67,30
"TLDC1","s1650_F_LIV_01_ASEReadCounter.table","NW_015090842.1:7422230",44,73,29
"TLDC1","s1650_F_LIV_01_ASEReadCounter.table","NW_015090842.1:7423349",38,63,25
"TLDC1","s1650_F_LIV_01_ASEReadCounter.table","NW_015090842.1:7423362",38,64,26
"TLDC1","s1650_F_LIV_01_ASEReadCounter.table","NW_015090842.1:7426091",25,49,24
"TLDC1","s1650_F_LIV_01_ASEReadCounter.table","NW_015090842.1:7426485",22,54,32
"TLDC1","s1650_F_LIV_01_ASEReadCounter.table","NW_015090842.1:7427211",21,49,28
"TLDC1","s1650_F_LIV_01_ASEReadCounter.table","NW_015090842.1:7428179",17,30,13
"COTL1","s1650_F_LIV_01_ASEReadCounter.table","NW_015090842.1:7490744",105,228,123
"COTL1","s1650_F_LIV_01_ASEReadCounter.table","NW_015090842.1:7491051",79,178,99
"COTL1","s1650_F_LIV_01_ASEReadCounter.table","NW_015090842.1:7491124",75,154,79
"COTL1","s1650_F_LIV_01_ASEReadCounter.table","NW_015090842.1:7491418",51,106,55
"COTL1","s1650_F_LIV_01_ASEReadCounter.table","NW_015090842.1:7491539",30,75,45
"COTL1","s1650_F_LIV_01_ASEReadCounter.table","NW_015090842.1:7491585",54,122,68
"COTL1","s1650_F_LIV_01_ASEReadCounter.table","NW_015090842.1:7491586",54,129,75
"COTL1","s1650_F_LIV_01_ASEReadCounter.table","NW_015090842.1:7491646",51,144,93
"COTL1","s1650_F_LIV_01_ASEReadCounter.table","NW_015090842.1:7491747",32,86,54
"COTL1","s1650_F_LIV_01_ASEReadCounter.table","NW_015090842.1:7491803",41,90,49
"KLHL36","s1650_F_LIV_01_ASEReadCounter.table","NW_015090842.1:7514700",1,1,0
"KLHL36","s1650_F_LIV_01_ASEReadCounter.table","NW_015090842.1:7519691",1,1,0
"KLHL36","s1650_F_LIV_01_ASEReadCounter.table","NW_015090842.1:7519696",1,1,0
"KLHL36","s1650_F_LIV_01_ASEReadCounter.table","NW_015090842.1:7526160",2,2,0
"KLHL36","s1650_F_LIV_01_ASEReadCounter.table","NW_015090842.1:7526469",0,1,1
"KLHL36","s1650_F_LIV_01_ASEReadCounter.table","NW_015090842.1:7526997",0,1,1
"KLHL36","s1650_F_LIV_01_ASEReadCounter.table","NW_015090842.1:7527142",0,1,1
"KLHL36","s1650_F_LIV_01_ASEReadCounter.table","NW_015090842.1:7535174",1,3,2
"KLHL36","s1650_F_LIV_01_ASEReadCounter.table","NW_015090842.1:7535384",0,2,2
"KLHL36","s1650_F_LIV_01_ASEReadCounter.table","NW_015090842.1:7535420",1,3,2
"KLHL36","s1650_F_LIV_01_ASEReadCounter.table","NW_015090842.1:7535545",0,1,1
"KLHL36","s1650_F_LIV_01_ASEReadCounter.table","NW_015090842.1:7536010",1,1,0
"KLHL36","s1650_F_LIV_01_ASEReadCounter.table","NW_015090842.1:7536051",1,1,0
"KLHL36","s1650_F_LIV_01_ASEReadCounter.table","NW_015090842.1:7536135",0,1,1
"KLHL36","s1650_F_LIV_01_ASEReadCounter.table","NW_015090842.1:7536136",0,1,1
"KLHL36","s1650_F_LIV_01_ASEReadCounter.table","NW_015090842.1:7536160",0,1,1
"KLHL36","s1650_F_LIV_01_ASEReadCounter.table","NW_015090842.1:7536336",0,2,2
"KLHL36","s1650_F_LIV_01_ASEReadCounter.table","NW_015090842.1:7536352",0,4,4
"KLHL36","s1650_F_LIV_01_ASEReadCounter.table","NW_015090842.1:7536412",1,4,3
"KLHL36","s1650_F_LIV_01_ASEReadCounter.table","NW_015090842.1:7536418",1,4,3
"KLHL36","s1650_F_LIV_01_ASEReadCounter.table","NW_015090842.1:7536465",2,3,1
"KLHL36","s1650_F_LIV_01_ASEReadCounter.table","NW_015090842.1:7536466",2,3,1
"KLHL36","s1650_F_LIV_01_ASEReadCounter.table","NW_015090842.1:7536553",0,1,1
"KLHL36","s1650_F_LIV_01_ASEReadCounter.table","NW_015090842.1:7536698",2,2,0
"KLHL36","s1650_F_LIV_01_ASEReadCounter.table","NW_015090842.1:7536713",1,1,0
"KLHL36","s1650_F_LIV_01_ASEReadCounter.table","NW_015090842.1:7536720",1,1,0
"KLHL36","s1650_F_LIV_01_ASEReadCounter.table","NW_015090842.1:7536791",2,3,1
"KLHL36","s1650_F_LIV_01_ASEReadCounter.table","NW_015090842.1:7536849",2,3,1
"KLHL36","s1650_F_LIV_01_ASEReadCounter.table","NW_015090842.1:7536872",2,3,1
"KLHL36","s1650_F_LIV_01_ASEReadCounter.table","NW_015090842.1:7536878",2,2,0
"KLHL36","s1650_F_LIV_01_ASEReadCounter.table","NW_015090842.1:7536916",2,2,0
"KLHL36","s1650_F_LIV_01_ASEReadCounter.table","NW_015090842.1:7536927",2,3,1
"KLHL36","s1650_F_LIV_01_ASEReadCounter.table","NW_015090842.1:7537315",4,6,2
"KLHL36","s1650_F_LIV_01_ASEReadCounter.table","NW_015090842.1:7537352",4,6,2
"KLHL36","s1650_F_LIV_01_ASEReadCounter.table","NW_015090842.1:7537631",6,8,2
"KLHL36","s1650_F_LIV_01_ASEReadCounter.table","NW_015090842.1:7537830",9,11,2
"KLHL36","s1650_F_LIV_01_ASEReadCounter.table","NW_015090842.1:7537838",9,11,2
"KLHL36","s1650_F_LIV_01_ASEReadCounter.table","NW_015090842.1:7538153",1,3,2
"KLHL36","s1650_F_LIV_01_ASEReadCounter.table","NW_015090842.1:7538256",3,8,5
"KLHL36","s1650_F_LIV_01_ASEReadCounter.table","NW_015090842.1:7538265",3,8,5
"KLHL36","s1650_F_LIV_01_ASEReadCounter.table","NW_015090842.1:7538300",4,8,4
"USP10","s1650_F_LIV_01_ASEReadCounter.table","NW_015090842.1:7563972",3,7,4
"USP10","s1650_F_LIV_01_ASEReadCounter.table","NW_015090842.1:7571816",10,24,14
"USP10","s1650_F_LIV_01_ASEReadCounter.table","NW_015090842.1:7571993",13,28,15
"USP10","s1650_F_LIV_01_ASEReadCounter.table","NW_015090842.1:7572580",19,39,20
"USP10","s1650_F_LIV_01_ASEReadCounter.table","NW_015090842.1:7587372",39,83,44
"CRISPLD2","s1650_F_LIV_01_ASEReadCounter.table","NW_015090842.1:7625451",0,1,1
"CRISPLD2","s1650_F_LIV_01_ASEReadCounter.table","NW_015090842.1:7630784",1,1,0
"CRISPLD2","s1650_F_LIV_01_ASEReadCounter.table","NW_015090842.1:7630823",2,2,0
"CRISPLD2","s1650_F_LIV_01_ASEReadCounter.table","NW_015090842.1:7633172",4,4,0
"CRISPLD2","s1650_F_LIV_01_ASEReadCounter.table","NW_015090842.1:7633336",1,1,0
"CRISPLD2","s1650_F_LIV_01_ASEReadCounter.table","NW_015090842.1:7633381",1,1,0
"CRISPLD2","s1650_F_LIV_01_ASEReadCounter.table","NW_015090842.1:7633388",1,1,0
"CRISPLD2","s1650_F_LIV_01_ASEReadCounter.table","NW_015090842.1:7633400",1,1,0
"CRISPLD2","s1650_F_LIV_01_ASEReadCounter.table","NW_015090842.1:7633486",2,2,0
"CRISPLD2","s1650_F_LIV_01_ASEReadCounter.table","NW_015090842.1:7633503",2,2,0
"CRISPLD2","s1650_F_LIV_01_ASEReadCounter.table","NW_015090842.1:7633504",2,2,0
"CRISPLD2","s1650_F_LIV_01_ASEReadCounter.table","NW_015090842.1:7633557",4,4,0
"CRISPLD2","s1650_F_LIV_01_ASEReadCounter.table","NW_015090842.1:7633571",3,3,0
"CRISPLD2","s1650_F_LIV_01_ASEReadCounter.table","NW_015090842.1:7633588",5,5,0
"CRISPLD2","s1650_F_LIV_01_ASEReadCounter.table","NW_015090842.1:7633617",4,4,0
"CRISPLD2","s1650_F_LIV_01_ASEReadCounter.table","NW_015090842.1:7633695",2,2,0
"CRISPLD2","s1650_F_LIV_01_ASEReadCounter.table","NW_015090842.1:7633721",2,2,0
"CRISPLD2","s1650_F_LIV_01_ASEReadCounter.table","NW_015090842.1:7633888",1,1,0
"CRISPLD2","s1650_F_LIV_01_ASEReadCounter.table","NW_015090842.1:7633910",1,1,0
"CRISPLD2","s1650_F_LIV_01_ASEReadCounter.table","NW_015090842.1:7634142",1,1,0
"CRISPLD2","s1650_F_LIV_01_ASEReadCounter.table","NW_015090842.1:7634852",1,1,0
"CRISPLD2","s1650_F_LIV_01_ASEReadCounter.table","NW_015090842.1:7635009",3,3,0
"CRISPLD2","s1650_F_LIV_01_ASEReadCounter.table","NW_015090842.1:7635373",1,1,0
"CRISPLD2","s1650_F_LIV_01_ASEReadCounter.table","NW_015090842.1:7635525",2,2,0
"CRISPLD2","s1650_F_LIV_01_ASEReadCounter.table","NW_015090842.1:7635583",2,2,0
"CRISPLD2","s1650_F_LIV_01_ASEReadCounter.table","NW_015090842.1:7635924",2,2,0
"LOC106888312","s1650_F_LIV_01_ASEReadCounter.table","NW_015090842.1:7713031",37,62,25
"LOC106888312","s1650_F_LIV_01_ASEReadCounter.table","NW_015090842.1:7727001",53,75,22
"LOC106888312","s1650_F_LIV_01_ASEReadCounter.table","NW_015090842.1:7727036",47,64,17
"LOC106888312","s1650_F_LIV_01_ASEReadCounter.table","NW_015090842.1:7727072",42,54,12
"LOC106888312","s1650_F_LIV_01_ASEReadCounter.table","NW_015090842.1:7727961",43,68,25
"LOC106888312","s1650_F_LIV_01_ASEReadCounter.table","NW_015090842.1:7731961",36,52,16
"LOC106888312","s1650_F_LIV_01_ASEReadCounter.table","NW_015090842.1:7732244",83,124,41
"LOC106888312","s1650_F_LIV_01_ASEReadCounter.table","NW_015090842.1:7732443",69,108,39
"LOC106888312","s1650_F_LIV_01_ASEReadCounter.table","NW_015090842.1:7732444",67,105,38
"LOC106888312","s1650_F_LIV_01_ASEReadCounter.table","NW_015090842.1:7732538",44,82,38
"LOC106888312","s1650_F_LIV_01_ASEReadCounter.table","NW_015090842.1:7732548",46,86,40
"LOC106888312","s1650_F_LIV_01_ASEReadCounter.table","NW_015090842.1:7732576",48,85,37
"LOC106888312","s1650_F_LIV_01_ASEReadCounter.table","NW_015090842.1:7732580",48,85,37
"LOC106888312","s1650_F_LIV_01_ASEReadCounter.table","NW_015090842.1:7732629",42,77,35
"LOC106888312","s1650_F_LIV_01_ASEReadCounter.table","NW_015090842.1:7732630",42,77,35
"LOC106888312","s1650_F_LIV_01_ASEReadCounter.table","NW_015090842.1:7732637",47,82,35
"LOC106888312","s1650_F_LIV_01_ASEReadCounter.table","NW_015090842.1:7732682",41,72,31
"LOC106888312","s1650_F_LIV_01_ASEReadCounter.table","NW_015090842.1:7732696",37,68,31
"LOC106888312","s1650_F_LIV_01_ASEReadCounter.table","NW_015090842.1:7732709",30,61,31
"LOC106888312","s1650_F_LIV_01_ASEReadCounter.table","NW_015090842.1:7732718",35,65,30
"LOC106888312","s1650_F_LIV_01_ASEReadCounter.table","NW_015090842.1:7732739",34,63,29
"LOC106888312","s1650_F_LIV_01_ASEReadCounter.table","NW_015090842.1:7732743",36,68,32
"LOC106888312","s1650_F_LIV_01_ASEReadCounter.table","NW_015090842.1:7732744",36,69,33
"LOC106888312","s1650_F_LIV_01_ASEReadCounter.table","NW_015090842.1:7732756",42,74,32
"LOC106888312","s1650_F_LIV_01_ASEReadCounter.table","NW_015090842.1:7732757",41,74,33
"LOC106888312","s1650_F_LIV_01_ASEReadCounter.table","NW_015090842.1:7732782",56,98,42
"LOC106888312","s1650_F_LIV_01_ASEReadCounter.table","NW_015090842.1:7732796",61,105,44
"LOC106888312","s1650_F_LIV_01_ASEReadCounter.table","NW_015090842.1:7732860",74,121,47
"LOC106888312","s1650_F_LIV_01_ASEReadCounter.table","NW_015090842.1:7732861",73,120,47
"LOC106888312","s1650_F_LIV_01_ASEReadCounter.table","NW_015090842.1:7732918",71,134,63
"LOC106888312","s1650_F_LIV_01_ASEReadCounter.table","NW_015090842.1:7732997",91,147,56
"LOC106888312","s1650_F_LIV_01_ASEReadCounter.table","NW_015090842.1:7733011",67,116,49
"LOC106888312","s1650_F_LIV_01_ASEReadCounter.table","NW_015090842.1:7733046",78,155,77
"LOC106888312","s1650_F_LIV_01_ASEReadCounter.table","NW_015090842.1:7733068",108,183,75
"LOC106888312","s1650_F_LIV_01_ASEReadCounter.table","NW_015090842.1:7733077",135,214,79
"LOC106888312","s1650_F_LIV_01_ASEReadCounter.table","NW_015090842.1:7733096",141,229,88
"LOC106888312","s1650_F_LIV_01_ASEReadCounter.table","NW_015090842.1:7733142",155,245,90
"LOC106888312","s1650_F_LIV_01_ASEReadCounter.table","NW_015090842.1:7733196",134,201,67
"LOC106888312","s1650_F_LIV_01_ASEReadCounter.table","NW_015090842.1:7733299",127,202,75
"LOC106888312","s1650_F_LIV_01_ASEReadCounter.table","NW_015090842.1:7733470",121,206,85
"LOC106888312","s1650_F_LIV_01_ASEReadCounter.table","NW_015090842.1:7733471",121,204,83
"LOC106888312","s1650_F_LIV_01_ASEReadCounter.table","NW_015090842.1:7733472",114,198,84
"LOC106888312","s1650_F_LIV_01_ASEReadCounter.table","NW_015090842.1:7733507",127,210,83
"LOC106888312","s1650_F_LIV_01_ASEReadCounter.table","NW_015090842.1:7733508",126,210,84
"LOC106888312","s1650_F_LIV_01_ASEReadCounter.table","NW_015090842.1:7733518",127,220,93
"LOC106888312","s1650_F_LIV_01_ASEReadCounter.table","NW_015090842.1:7733609",174,263,89
"LOC106888312","s1650_F_LIV_01_ASEReadCounter.table","NW_015090842.1:7733631",156,235,79
"LOC106888312","s1650_F_LIV_01_ASEReadCounter.table","NW_015090842.1:7733674",144,239,95
"LOC106888312","s1650_F_LIV_01_ASEReadCounter.table","NW_015090842.1:7733979",17,26,9
"LOC106888312","s1650_F_LIV_01_ASEReadCounter.table","NW_015090842.1:7733981",17,24,7
"ZDHHC7","s1650_F_LIV_01_ASEReadCounter.table","NW_015090842.1:7737199",38,73,35
"ZDHHC7","s1650_F_LIV_01_ASEReadCounter.table","NW_015090842.1:7737332",25,63,38
"ZDHHC7","s1650_F_LIV_01_ASEReadCounter.table","NW_015090842.1:7737553",54,93,39
"ZDHHC7","s1650_F_LIV_01_ASEReadCounter.table","NW_015090842.1:7737920",34,56,22
"ZDHHC7","s1650_F_LIV_01_ASEReadCounter.table","NW_015090842.1:7737953",33,58,25
"ZDHHC7","s1650_F_LIV_01_ASEReadCounter.table","NW_015090842.1:7737987",35,57,22
"ZDHHC7","s1650_F_LIV_01_ASEReadCounter.table","NW_015090842.1:7738068",28,45,17
"ZDHHC7","s1650_F_LIV_01_ASEReadCounter.table","NW_015090842.1:7738204",21,39,18
"LOC106888097","s1650_F_LIV_01_ASEReadCounter.table","NW_015090842.1:7767178",17,26,9
"LOC106888097","s1650_F_LIV_01_ASEReadCounter.table","NW_015090842.1:7767187",17,26,9
"LOC106888097","s1650_F_LIV_01_ASEReadCounter.table","NW_015090842.1:7768144",26,53,27
"LOC106888097","s1650_F_LIV_01_ASEReadCounter.table","NW_015090842.1:7768196",29,67,38
"LOC106888097","s1650_F_LIV_01_ASEReadCounter.table","NW_015090842.1:7769884",34,59,25
"LOC106888097","s1650_F_LIV_01_ASEReadCounter.table","NW_015090842.1:7769893",25,46,21
"LOC106888097","s1650_F_LIV_01_ASEReadCounter.table","NW_015090842.1:7770245",39,69,30
"LOC106888097","s1650_F_LIV_01_ASEReadCounter.table","NW_015090842.1:7772402",38,75,37
"LOC106888097","s1650_F_LIV_01_ASEReadCounter.table","NW_015090842.1:7772483",44,93,49
"LOC106888097","s1650_F_LIV_01_ASEReadCounter.table","NW_015090842.1:7772490",41,86,45
"LOC106888097","s1650_F_LIV_01_ASEReadCounter.table","NW_015090842.1:7774281",51,110,59
"LOC106888097","s1650_F_LIV_01_ASEReadCounter.table","NW_015090842.1:7774552",83,217,134
"LOC106888097","s1650_F_LIV_01_ASEReadCounter.table","NW_015090842.1:7774564",83,214,131
"LOC106888097","s1650_F_LIV_01_ASEReadCounter.table","NW_015090842.1:7774611",49,163,114
"LOC106888097","s1650_F_LIV_01_ASEReadCounter.table","NW_015090842.1:7774681",80,181,101
"LOC106888097","s1650_F_LIV_01_ASEReadCounter.table","NW_015090842.1:7774698",70,158,88
"LOC106888097","s1650_F_LIV_01_ASEReadCounter.table","NW_015090842.1:7774730",39,98,59
"LOC106888097","s1650_F_LIV_01_ASEReadCounter.table","NW_015090842.1:7774778",11,16,5
"LOC106888097","s1650_F_LIV_01_ASEReadCounter.table","NW_015090842.1:7774793",7,11,4
"FOXC2","s1650_F_LIV_01_ASEReadCounter.table","NW_015090842.1:8130547",0,1,1
"FOXC2","s1650_F_LIV_01_ASEReadCounter.table","NW_015090842.1:8130573",0,1,1
"FOXC2","s1650_F_LIV_01_ASEReadCounter.table","NW_015090842.1:8130575",0,1,1
"MTHFSD","s1650_F_LIV_01_ASEReadCounter.table","NW_015090842.1:8140051",3,20,17
"MTHFSD","s1650_F_LIV_01_ASEReadCounter.table","NW_015090842.1:8142923",10,31,21
"MTHFSD","s1650_F_LIV_01_ASEReadCounter.table","NW_015090842.1:8143029",15,37,22
"MTHFSD","s1650_F_LIV_01_ASEReadCounter.table","NW_015090842.1:8152035",5,21,16
"MTHFSD","s1650_F_LIV_01_ASEReadCounter.table","NW_015090842.1:8152315",5,16,11
"MTHFSD","s1650_F_LIV_01_ASEReadCounter.table","NW_015090842.1:8152511",5,14,9
"MTHFSD","s1650_F_LIV_01_ASEReadCounter.table","NW_015090842.1:8152518",5,14,9
"MTHFSD","s1650_F_LIV_01_ASEReadCounter.table","NW_015090842.1:8152553",6,17,11
"MTHFSD","s1650_F_LIV_01_ASEReadCounter.table","NW_015090842.1:8152773",9,28,19
"MTHFSD","s1650_F_LIV_01_ASEReadCounter.table","NW_015090842.1:8152805",9,29,20
"FOXF1","s1650_F_LIV_01_ASEReadCounter.table","NW_015090842.1:8164789",0,2,2
"FOXF1","s1650_F_LIV_01_ASEReadCounter.table","NW_015090842.1:8166883",1,2,1
"FOXF1","s1650_F_LIV_01_ASEReadCounter.table","NW_015090842.1:8167113",2,5,3
"IRF8","s1650_F_LIV_01_ASEReadCounter.table","NW_015090842.1:8406652",15,36,21
"IRF8","s1650_F_LIV_01_ASEReadCounter.table","NW_015090842.1:8406703",33,48,15
"IRF8","s1650_F_LIV_01_ASEReadCounter.table","NW_015090842.1:8406704",33,48,15
"IRF8","s1650_F_LIV_01_ASEReadCounter.table","NW_015090842.1:8406757",36,46,10
"IRF8","s1650_F_LIV_01_ASEReadCounter.table","NW_015090842.1:8406778",30,40,10
"IRF8","s1650_F_LIV_01_ASEReadCounter.table","NW_015090842.1:8406819",28,41,13
"IRF8","s1650_F_LIV_01_ASEReadCounter.table","NW_015090842.1:8406941",22,42,20
"IRF8","s1650_F_LIV_01_ASEReadCounter.table","NW_015090842.1:8407008",26,44,18
"IRF8","s1650_F_LIV_01_ASEReadCounter.table","NW_015090842.1:8407057",17,33,16
"IRF8","s1650_F_LIV_01_ASEReadCounter.table","NW_015090842.1:8407064",16,30,14
"IRF8","s1650_F_LIV_01_ASEReadCounter.table","NW_015090842.1:8407069",16,32,16
"IRF8","s1650_F_LIV_01_ASEReadCounter.table","NW_015090842.1:8407120",15,34,19
"IRF8","s1650_F_LIV_01_ASEReadCounter.table","NW_015090842.1:8407157",14,28,14
"IRF8","s1650_F_LIV_01_ASEReadCounter.table","NW_015090842.1:8407203",10,33,23
"IRF8","s1650_F_LIV_01_ASEReadCounter.table","NW_015090842.1:8407272",18,38,20
"IRF8","s1650_F_LIV_01_ASEReadCounter.table","NW_015090842.1:8407276",18,37,19
"IRF8","s1650_F_LIV_01_ASEReadCounter.table","NW_015090842.1:8407303",22,42,20
"IRF8","s1650_F_LIV_01_ASEReadCounter.table","NW_015090842.1:8407451",10,18,8
"IRF8","s1650_F_LIV_01_ASEReadCounter.table","NW_015090842.1:8407456",10,18,8
"IRF8","s1650_F_LIV_01_ASEReadCounter.table","NW_015090842.1:8408564",13,20,7
"IRF8","s1650_F_LIV_01_ASEReadCounter.table","NW_015090842.1:8408585",22,22,0
"IRF8","s1650_F_LIV_01_ASEReadCounter.table","NW_015090842.1:8408973",18,29,11
"IRF8","s1650_F_LIV_01_ASEReadCounter.table","NW_015090842.1:8409060",5,7,2
"IRF8","s1650_F_LIV_01_ASEReadCounter.table","NW_015090842.1:8409065",5,7,2
"IRF8","s1650_F_LIV_01_ASEReadCounter.table","NW_015090842.1:8409254",2,6,4
"IRF8","s1650_F_LIV_01_ASEReadCounter.table","NW_015090842.1:8409255",2,6,4
"IRF8","s1650_F_LIV_01_ASEReadCounter.table","NW_015090842.1:8409258",2,6,4
"IRF8","s1650_F_LIV_01_ASEReadCounter.table","NW_015090842.1:8409312",6,11,5
"IRF8","s1650_F_LIV_01_ASEReadCounter.table","NW_015090842.1:8410216",7,11,4
"IRF8","s1650_F_LIV_01_ASEReadCounter.table","NW_015090842.1:8410237",7,11,4
"IRF8","s1650_F_LIV_01_ASEReadCounter.table","NW_015090842.1:8410276",11,11,0
"IRF8","s1650_F_LIV_01_ASEReadCounter.table","NW_015090842.1:8410813",10,14,4
"IRF8","s1650_F_LIV_01_ASEReadCounter.table","NW_015090842.1:8410861",15,21,6
"IRF8","s1650_F_LIV_01_ASEReadCounter.table","NW_015090842.1:8411940",15,20,5
"IRF8","s1650_F_LIV_01_ASEReadCounter.table","NW_015090842.1:8412006",9,14,5
"IRF8","s1650_F_LIV_01_ASEReadCounter.table","NW_015090842.1:8412042",6,10,4
"DUSP15","s1650_F_LIV_01_ASEReadCounter.table","NW_015090842.1:8422787",2,3,1
"DUSP15","s1650_F_LIV_01_ASEReadCounter.table","NW_015090842.1:8422832",1,3,2
"DUSP15","s1650_F_LIV_01_ASEReadCounter.table","NW_015090842.1:8422898",1,3,2
"DUSP15","s1650_F_LIV_01_ASEReadCounter.table","NW_015090842.1:8422909",1,3,2
"COX4I1","s1650_F_LIV_01_ASEReadCounter.table","NW_015090842.1:8442258",2345,4535,2190
"COX4I1","s1650_F_LIV_01_ASEReadCounter.table","NW_015090842.1:8442333",2060,3895,1835
"EMC8","s1650_F_LIV_01_ASEReadCounter.table","NW_015090842.1:8444046",99,249,150
"EMC8","s1650_F_LIV_01_ASEReadCounter.table","NW_015090842.1:8444064",93,203,110
"EMC8","s1650_F_LIV_01_ASEReadCounter.table","NW_015090842.1:8452029",11,53,42
"EMC8","s1650_F_LIV_01_ASEReadCounter.table","NW_015090842.1:8452116",17,59,42
"EMC8","s1650_F_LIV_01_ASEReadCounter.table","NW_015090842.1:8452121",18,60,42
"EMC8","s1650_F_LIV_01_ASEReadCounter.table","NW_015090842.1:8452222",15,56,41
"EMC8","s1650_F_LIV_01_ASEReadCounter.table","NW_015090842.1:8452244",21,64,43
"EMC8","s1650_F_LIV_01_ASEReadCounter.table","NW_015090842.1:8452477",14,24,10
"EMC8","s1650_F_LIV_01_ASEReadCounter.table","NW_015090842.1:8452498",10,20,10
"EMC8","s1650_F_LIV_01_ASEReadCounter.table","NW_015090842.1:8452535",11,19,8
"EMC8","s1650_F_LIV_01_ASEReadCounter.table","NW_015090842.1:8452575",8,12,4
"EMC8","s1650_F_LIV_01_ASEReadCounter.table","NW_015090842.1:8452600",6,12,6
"EMC8","s1650_F_LIV_01_ASEReadCounter.table","NW_015090842.1:8452616",5,12,7
"EMC8","s1650_F_LIV_01_ASEReadCounter.table","NW_015090842.1:8452630",2,7,5
"EMC8","s1650_F_LIV_01_ASEReadCounter.table","NW_015090842.1:8452650",1,6,5
"EMC8","s1650_F_LIV_01_ASEReadCounter.table","NW_015090842.1:8452678",3,12,9
"EMC8","s1650_F_LIV_01_ASEReadCounter.table","NW_015090842.1:8452724",4,11,7
"EMC8","s1650_F_LIV_01_ASEReadCounter.table","NW_015090842.1:8452731",3,10,7
"EMC8","s1650_F_LIV_01_ASEReadCounter.table","NW_015090842.1:8452743",3,13,10
"EMC8","s1650_F_LIV_01_ASEReadCounter.table","NW_015090842.1:8452750",3,13,10
"EMC8","s1650_F_LIV_01_ASEReadCounter.table","NW_015090842.1:8452778",2,8,6
"EMC8","s1650_F_LIV_01_ASEReadCounter.table","NW_015090842.1:8452783",1,8,7
"EMC8","s1650_F_LIV_01_ASEReadCounter.table","NW_015090842.1:8452800",4,11,7
"EMC8","s1650_F_LIV_01_ASEReadCounter.table","NW_015090842.1:8452804",4,11,7
"EMC8","s1650_F_LIV_01_ASEReadCounter.table","NW_015090842.1:8452812",4,11,7
"EMC8","s1650_F_LIV_01_ASEReadCounter.table","NW_015090842.1:8452858",4,8,4
"EMC8","s1650_F_LIV_01_ASEReadCounter.table","NW_015090842.1:8452906",7,19,12
"EMC8","s1650_F_LIV_01_ASEReadCounter.table","NW_015090842.1:8452913",7,20,13
"EMC8","s1650_F_LIV_01_ASEReadCounter.table","NW_015090842.1:8453000",8,25,17
"EMC8","s1650_F_LIV_01_ASEReadCounter.table","NW_015090842.1:8453007",8,26,18
"EMC8","s1650_F_LIV_01_ASEReadCounter.table","NW_015090842.1:8453058",14,31,17
"EMC8","s1650_F_LIV_01_ASEReadCounter.table","NW_015090842.1:8453106",15,30,15
"GINS2","s1650_F_LIV_01_ASEReadCounter.table","NW_015090842.1:8466420",8,9,1
"GINS2","s1650_F_LIV_01_ASEReadCounter.table","NW_015090842.1:8466424",8,9,1
"GINS2","s1650_F_LIV_01_ASEReadCounter.table","NW_015090842.1:8466518",13,14,1
"GINS2","s1650_F_LIV_01_ASEReadCounter.table","NW_015090842.1:8468482",22,26,4
"GINS2","s1650_F_LIV_01_ASEReadCounter.table","NW_015090842.1:8470290",22,24,2
"GINS2","s1650_F_LIV_01_ASEReadCounter.table","NW_015090842.1:8470305",22,24,2
"GINS2","s1650_F_LIV_01_ASEReadCounter.table","NW_015090842.1:8470381",23,24,1
"GINS2","s1650_F_LIV_01_ASEReadCounter.table","NW_015090842.1:8470418",18,19,1
"GINS2","s1650_F_LIV_01_ASEReadCounter.table","NW_015090842.1:8470421",15,16,1
"GINS2","s1650_F_LIV_01_ASEReadCounter.table","NW_015090842.1:8470430",16,17,1
"GINS2","s1650_F_LIV_01_ASEReadCounter.table","NW_015090842.1:8470433",14,15,1
"GINS2","s1650_F_LIV_01_ASEReadCounter.table","NW_015090842.1:8470457",10,11,1
"GINS2","s1650_F_LIV_01_ASEReadCounter.table","NW_015090842.1:8470491",4,5,1
"GINS2","s1650_F_LIV_01_ASEReadCounter.table","NW_015090842.1:8470548",10,11,1
"GINS2","s1650_F_LIV_01_ASEReadCounter.table","NW_015090842.1:8470649",5,7,2
"GSE1","s1650_F_LIV_01_ASEReadCounter.table","NW_015090842.1:8475362",6,9,3
"GSE1","s1650_F_LIV_01_ASEReadCounter.table","NW_015090842.1:8475961",1,1,0
"GSE1","s1650_F_LIV_01_ASEReadCounter.table","NW_015090842.1:8476027",0,1,1
"GSE1","s1650_F_LIV_01_ASEReadCounter.table","NW_015090842.1:8476159",1,1,0
"GSE1","s1650_F_LIV_01_ASEReadCounter.table","NW_015090842.1:8477442",0,3,3
"GSE1","s1650_F_LIV_01_ASEReadCounter.table","NW_015090842.1:8477448",0,3,3
"GSE1","s1650_F_LIV_01_ASEReadCounter.table","NW_015090842.1:8477662",0,2,2
"GSE1","s1650_F_LIV_01_ASEReadCounter.table","NW_015090842.1:8477933",2,2,0
"GSE1","s1650_F_LIV_01_ASEReadCounter.table","NW_015090842.1:8477945",2,2,0
"GSE1","s1650_F_LIV_01_ASEReadCounter.table","NW_015090842.1:8483272",0,1,1
"GSE1","s1650_F_LIV_01_ASEReadCounter.table","NW_015090842.1:8483756",0,1,1
"GSE1","s1650_F_LIV_01_ASEReadCounter.table","NW_015090842.1:8486867",2,2,0
"GSE1","s1650_F_LIV_01_ASEReadCounter.table","NW_015090842.1:8486939",5,6,1
"GSE1","s1650_F_LIV_01_ASEReadCounter.table","NW_015090842.1:8486945",3,5,2
"GSE1","s1650_F_LIV_01_ASEReadCounter.table","NW_015090842.1:8486993",4,6,2
"GSE1","s1650_F_LIV_01_ASEReadCounter.table","NW_015090842.1:8487062",1,2,1
"GSE1","s1650_F_LIV_01_ASEReadCounter.table","NW_015090842.1:8488065",2,4,2
"GSE1","s1650_F_LIV_01_ASEReadCounter.table","NW_015090842.1:8488457",0,2,2
"GSE1","s1650_F_LIV_01_ASEReadCounter.table","NW_015090842.1:8488463",0,2,2
"GSE1","s1650_F_LIV_01_ASEReadCounter.table","NW_015090842.1:8488505",0,1,1
"GSE1","s1650_F_LIV_01_ASEReadCounter.table","NW_015090842.1:8490180",0,1,1
"KIAA0513","s1650_F_LIV_01_ASEReadCounter.table","NW_015090842.1:8668363",2,6,4
"KIAA0513","s1650_F_LIV_01_ASEReadCounter.table","NW_015090842.1:8668387",2,6,4
"KIAA0513","s1650_F_LIV_01_ASEReadCounter.table","NW_015090842.1:8668390",2,6,4
"KIAA0513","s1650_F_LIV_01_ASEReadCounter.table","NW_015090842.1:8673107",2,2,0
"KIAA0513","s1650_F_LIV_01_ASEReadCounter.table","NW_015090842.1:8673147",3,3,0
"KIAA0513","s1650_F_LIV_01_ASEReadCounter.table","NW_015090842.1:8674661",3,5,2
"KIAA0513","s1650_F_LIV_01_ASEReadCounter.table","NW_015090842.1:8674685",2,3,1
"KIAA0513","s1650_F_LIV_01_ASEReadCounter.table","NW_015090842.1:8674730",1,2,1
"KIAA0513","s1650_F_LIV_01_ASEReadCounter.table","NW_015090842.1:8675525",1,3,2
"KIAA0513","s1650_F_LIV_01_ASEReadCounter.table","NW_015090842.1:8675561",1,2,1
"KIAA0513","s1650_F_LIV_01_ASEReadCounter.table","NW_015090842.1:8693642",2,4,2
"KIAA0513","s1650_F_LIV_01_ASEReadCounter.table","NW_015090842.1:8693712",1,3,2
"FBXO31","s1650_F_LIV_01_ASEReadCounter.table","NW_015090842.1:8710240",38,127,89
"FBXO31","s1650_F_LIV_01_ASEReadCounter.table","NW_015090842.1:8710372",18,85,67
"FBXO31","s1650_F_LIV_01_ASEReadCounter.table","NW_015090842.1:8711239",28,71,43
"FBXO31","s1650_F_LIV_01_ASEReadCounter.table","NW_015090842.1:8714565",30,87,57
"FBXO31","s1650_F_LIV_01_ASEReadCounter.table","NW_015090842.1:8716001",9,42,33
"FBXO31","s1650_F_LIV_01_ASEReadCounter.table","NW_015090842.1:8725050",4,5,1
"FBXO31","s1650_F_LIV_01_ASEReadCounter.table","NW_015090842.1:8725057",4,5,1
"FBXO31","s1650_F_LIV_01_ASEReadCounter.table","NW_015090842.1:8725162",2,2,0
"FBXO31","s1650_F_LIV_01_ASEReadCounter.table","NW_015090842.1:8725163",2,2,0
"FBXO31","s1650_F_LIV_01_ASEReadCounter.table","NW_015090842.1:8725170",1,1,0
"FBXO31","s1650_F_LIV_01_ASEReadCounter.table","NW_015090842.1:8725187",1,1,0
"FBXO31","s1650_F_LIV_01_ASEReadCounter.table","NW_015090842.1:8725188",1,1,0
"FBXO31","s1650_F_LIV_01_ASEReadCounter.table","NW_015090842.1:8725190",1,1,0
"FBXO31","s1650_F_LIV_01_ASEReadCounter.table","NW_015090842.1:8725370",2,4,2
"ZCCHC14","s1650_F_LIV_01_ASEReadCounter.table","NW_015090842.1:8750174",21,28,7
"ZCCHC14","s1650_F_LIV_01_ASEReadCounter.table","NW_015090842.1:8750189",26,28,2
"ZCCHC14","s1650_F_LIV_01_ASEReadCounter.table","NW_015090842.1:8750365",11,18,7
"ZCCHC14","s1650_F_LIV_01_ASEReadCounter.table","NW_015090842.1:8750433",7,9,2
"ZCCHC14","s1650_F_LIV_01_ASEReadCounter.table","NW_015090842.1:8750449",7,10,3
"ZCCHC14","s1650_F_LIV_01_ASEReadCounter.table","NW_015090842.1:8750456",7,10,3
"ZCCHC14","s1650_F_LIV_01_ASEReadCounter.table","NW_015090842.1:8750497",11,17,6
"ZCCHC14","s1650_F_LIV_01_ASEReadCounter.table","NW_015090842.1:8750547",8,16,8
"ZCCHC14","s1650_F_LIV_01_ASEReadCounter.table","NW_015090842.1:8751100",1,2,1
"ZCCHC14","s1650_F_LIV_01_ASEReadCounter.table","NW_015090842.1:8751374",3,5,2
"ZCCHC14","s1650_F_LIV_01_ASEReadCounter.table","NW_015090842.1:8751403",4,7,3
"ZCCHC14","s1650_F_LIV_01_ASEReadCounter.table","NW_015090842.1:8751517",6,9,3
"ZCCHC14","s1650_F_LIV_01_ASEReadCounter.table","NW_015090842.1:8752060",3,3,0
"ZCCHC14","s1650_F_LIV_01_ASEReadCounter.table","NW_015090842.1:8752172",6,6,0
"ZCCHC14","s1650_F_LIV_01_ASEReadCounter.table","NW_015090842.1:8752183",5,6,1
"ZCCHC14","s1650_F_LIV_01_ASEReadCounter.table","NW_015090842.1:8752198",5,6,1
"ZCCHC14","s1650_F_LIV_01_ASEReadCounter.table","NW_015090842.1:8752248",3,5,2
"ZCCHC14","s1650_F_LIV_01_ASEReadCounter.table","NW_015090842.1:8752326",3,4,1
"ZCCHC14","s1650_F_LIV_01_ASEReadCounter.table","NW_015090842.1:8752393",3,4,1
"ZCCHC14","s1650_F_LIV_01_ASEReadCounter.table","NW_015090842.1:8752914",7,18,11
"ZCCHC14","s1650_F_LIV_01_ASEReadCounter.table","NW_015090842.1:8753528",1,3,2
"ZCCHC14","s1650_F_LIV_01_ASEReadCounter.table","NW_015090842.1:8753892",2,2,0
"ZCCHC14","s1650_F_LIV_01_ASEReadCounter.table","NW_015090842.1:8753910",2,2,0
"ZCCHC14","s1650_F_LIV_01_ASEReadCounter.table","NW_015090842.1:8755096",4,4,0
"ZCCHC14","s1650_F_LIV_01_ASEReadCounter.table","NW_015090842.1:8755327",0,1,1
"ZCCHC14","s1650_F_LIV_01_ASEReadCounter.table","NW_015090842.1:8755723",0,1,1
"ZCCHC14","s1650_F_LIV_01_ASEReadCounter.table","NW_015090842.1:8756149",1,1,0
"ZCCHC14","s1650_F_LIV_01_ASEReadCounter.table","NW_015090842.1:8756347",0,1,1
"ZCCHC14","s1650_F_LIV_01_ASEReadCounter.table","NW_015090842.1:8756361",0,1,1
"ZCCHC14","s1650_F_LIV_01_ASEReadCounter.table","NW_015090842.1:8756388",0,1,1
"ZCCHC14","s1650_F_LIV_01_ASEReadCounter.table","NW_015090842.1:8756389",0,1,1
"ZCCHC14","s1650_F_LIV_01_ASEReadCounter.table","NW_015090842.1:8757160",1,2,1
"JPH3","s1650_F_LIV_01_ASEReadCounter.table","NW_015090842.1:8872730",0,1,1
"KLHDC4","s1650_F_LIV_01_ASEReadCounter.table","NW_015090842.1:8890729",50,64,14
"KLHDC4","s1650_F_LIV_01_ASEReadCounter.table","NW_015090842.1:8890749",50,65,15
"KLHDC4","s1650_F_LIV_01_ASEReadCounter.table","NW_015090842.1:8890761",53,68,15
"KLHDC4","s1650_F_LIV_01_ASEReadCounter.table","NW_015090842.1:8891123",53,71,18
"KLHDC4","s1650_F_LIV_01_ASEReadCounter.table","NW_015090842.1:8893124",21,33,12
"KLHDC4","s1650_F_LIV_01_ASEReadCounter.table","NW_015090842.1:8894542",17,24,7
"KLHDC4","s1650_F_LIV_01_ASEReadCounter.table","NW_015090842.1:8896726",18,24,6
"KLHDC4","s1650_F_LIV_01_ASEReadCounter.table","NW_015090842.1:8896767",20,27,7
"KLHDC4","s1650_F_LIV_01_ASEReadCounter.table","NW_015090842.1:8904174",13,16,3
"KLHDC4","s1650_F_LIV_01_ASEReadCounter.table","NW_015090842.1:8904231",10,14,4
"KLHDC4","s1650_F_LIV_01_ASEReadCounter.table","NW_015090842.1:8905251",12,17,5
"KLHDC4","s1650_F_LIV_01_ASEReadCounter.table","NW_015090842.1:8905263",13,19,6
"KLHDC4","s1650_F_LIV_01_ASEReadCounter.table","NW_015090842.1:8919626",3,5,2
"SLC7A5","s1650_F_LIV_01_ASEReadCounter.table","NW_015090842.1:8938782",41,96,55
"SLC7A5","s1650_F_LIV_01_ASEReadCounter.table","NW_015090842.1:8938943",17,44,27
"SLC7A5","s1650_F_LIV_01_ASEReadCounter.table","NW_015090842.1:8939611",7,16,9
"SLC7A5","s1650_F_LIV_01_ASEReadCounter.table","NW_015090842.1:8939738",4,10,6
"SLC7A5","s1650_F_LIV_01_ASEReadCounter.table","NW_015090842.1:8939739",4,10,6
"SLC7A5","s1650_F_LIV_01_ASEReadCounter.table","NW_015090842.1:8939740",3,9,6
"SLC7A5","s1650_F_LIV_01_ASEReadCounter.table","NW_015090842.1:8939795",5,12,7
"SLC7A5","s1650_F_LIV_01_ASEReadCounter.table","NW_015090842.1:8939815",6,12,6
"SLC7A5","s1650_F_LIV_01_ASEReadCounter.table","NW_015090842.1:8939816",6,12,6
"SLC7A5","s1650_F_LIV_01_ASEReadCounter.table","NW_015090842.1:8939817",5,14,9
"SLC7A5","s1650_F_LIV_01_ASEReadCounter.table","NW_015090842.1:8939845",4,15,11
"SLC7A5","s1650_F_LIV_01_ASEReadCounter.table","NW_015090842.1:8939894",2,10,8
"SLC7A5","s1650_F_LIV_01_ASEReadCounter.table","NW_015090842.1:8939895",2,10,8
"SLC7A5","s1650_F_LIV_01_ASEReadCounter.table","NW_015090842.1:8939997",21,21,0
"SLC7A5","s1650_F_LIV_01_ASEReadCounter.table","NW_015090842.1:8940172",5,13,8
"SLC7A5","s1650_F_LIV_01_ASEReadCounter.table","NW_015090842.1:8940331",5,16,11
"SLC7A5","s1650_F_LIV_01_ASEReadCounter.table","NW_015090842.1:8940696",3,6,3
"SLC7A5","s1650_F_LIV_01_ASEReadCounter.table","NW_015090842.1:8940719",2,7,5
"SLC7A5","s1650_F_LIV_01_ASEReadCounter.table","NW_015090842.1:8940737",2,6,4
"SLC7A5","s1650_F_LIV_01_ASEReadCounter.table","NW_015090842.1:8940743",2,6,4
"SLC7A5","s1650_F_LIV_01_ASEReadCounter.table","NW_015090842.1:8940766",2,7,5
"SLC7A5","s1650_F_LIV_01_ASEReadCounter.table","NW_015090842.1:8940769",1,6,5
"SLC7A5","s1650_F_LIV_01_ASEReadCounter.table","NW_015090842.1:8940861",1,5,4
"SLC7A5","s1650_F_LIV_01_ASEReadCounter.table","NW_015090842.1:8941068",3,9,6
"SLC7A5","s1650_F_LIV_01_ASEReadCounter.table","NW_015090842.1:8941467",3,9,6
"SLC7A5","s1650_F_LIV_01_ASEReadCounter.table","NW_015090842.1:8941531",2,15,13
"SLC7A5","s1650_F_LIV_01_ASEReadCounter.table","NW_015090842.1:8941588",5,16,11
"SLC7A5","s1650_F_LIV_01_ASEReadCounter.table","NW_015090842.1:8941698",2,4,2
"SLC7A5","s1650_F_LIV_01_ASEReadCounter.table","NW_015090842.1:8941717",3,5,2
"SLC7A5","s1650_F_LIV_01_ASEReadCounter.table","NW_015090842.1:8941745",1,4,3
"SLC7A5","s1650_F_LIV_01_ASEReadCounter.table","NW_015090842.1:8941781",2,8,6
"SLC7A5","s1650_F_LIV_01_ASEReadCounter.table","NW_015090842.1:8941887",3,5,2
"SLC7A5","s1650_F_LIV_01_ASEReadCounter.table","NW_015090842.1:8941968",2,4,2
"SLC7A5","s1650_F_LIV_01_ASEReadCounter.table","NW_015090842.1:8942025",2,7,5
"SLC7A5","s1650_F_LIV_01_ASEReadCounter.table","NW_015090842.1:8942069",3,10,7
"SLC7A5","s1650_F_LIV_01_ASEReadCounter.table","NW_015090842.1:8942170",3,7,4
"SLC7A5","s1650_F_LIV_01_ASEReadCounter.table","NW_015090842.1:8942241",5,9,4
"SLC7A5","s1650_F_LIV_01_ASEReadCounter.table","NW_015090842.1:8942283",6,10,4
"SLC7A5","s1650_F_LIV_01_ASEReadCounter.table","NW_015090842.1:8942717",9,22,13
"SLC7A5","s1650_F_LIV_01_ASEReadCounter.table","NW_015090842.1:8942756",12,29,17
"SLC7A5","s1650_F_LIV_01_ASEReadCounter.table","NW_015090842.1:8942766",12,29,17
"SLC7A5","s1650_F_LIV_01_ASEReadCounter.table","NW_015090842.1:8943271",8,14,6
"SLC7A5","s1650_F_LIV_01_ASEReadCounter.table","NW_015090842.1:8943524",3,6,3
"SLC7A5","s1650_F_LIV_01_ASEReadCounter.table","NW_015090842.1:8943530",3,6,3
"SLC7A5","s1650_F_LIV_01_ASEReadCounter.table","NW_015090842.1:8943602",1,4,3
"SLC7A5","s1650_F_LIV_01_ASEReadCounter.table","NW_015090842.1:8943622",2,5,3
"SLC7A5","s1650_F_LIV_01_ASEReadCounter.table","NW_015090842.1:8943661",3,5,2
"SLC7A5","s1650_F_LIV_01_ASEReadCounter.table","NW_015090842.1:8943686",3,4,1
"SLC7A5","s1650_F_LIV_01_ASEReadCounter.table","NW_015090842.1:8943788",3,6,3
"SLC7A5","s1650_F_LIV_01_ASEReadCounter.table","NW_015090842.1:8943814",5,9,4
"SLC7A5","s1650_F_LIV_01_ASEReadCounter.table","NW_015090842.1:8943876",4,7,3
"SLC7A5","s1650_F_LIV_01_ASEReadCounter.table","NW_015090842.1:8943892",4,8,4
"SLC7A5","s1650_F_LIV_01_ASEReadCounter.table","NW_015090842.1:8944097",2,7,5
"SLC7A5","s1650_F_LIV_01_ASEReadCounter.table","NW_015090842.1:8944104",3,7,4
"SLC7A5","s1650_F_LIV_01_ASEReadCounter.table","NW_015090842.1:8944293",0,2,2
"SLC7A5","s1650_F_LIV_01_ASEReadCounter.table","NW_015090842.1:8944297",0,2,2
"SLC7A5","s1650_F_LIV_01_ASEReadCounter.table","NW_015090842.1:8944397",1,2,1
"SLC7A5","s1650_F_LIV_01_ASEReadCounter.table","NW_015090842.1:8944552",2,6,4
"SLC7A5","s1650_F_LIV_01_ASEReadCounter.table","NW_015090842.1:8944629",1,3,2
"CA5A","s1650_F_LIV_01_ASEReadCounter.table","NW_015090842.1:8989479",77,144,67
"CA5A","s1650_F_LIV_01_ASEReadCounter.table","NW_015090842.1:8989562",93,177,84
"CA5A","s1650_F_LIV_01_ASEReadCounter.table","NW_015090842.1:8989609",93,171,78
"CA5A","s1650_F_LIV_01_ASEReadCounter.table","NW_015090842.1:8989693",109,200,91
"CA5A","s1650_F_LIV_01_ASEReadCounter.table","NW_015090842.1:8989702",112,199,87
"CA5A","s1650_F_LIV_01_ASEReadCounter.table","NW_015090842.1:8989746",122,215,93
"CA5A","s1650_F_LIV_01_ASEReadCounter.table","NW_015090842.1:8989880",72,132,60
"CA5A","s1650_F_LIV_01_ASEReadCounter.table","NW_015090842.1:8989885",76,134,58
"CA5A","s1650_F_LIV_01_ASEReadCounter.table","NW_015090842.1:8989929",78,141,63
"CA5A","s1650_F_LIV_01_ASEReadCounter.table","NW_015090842.1:8990002",69,134,65
"CA5A","s1650_F_LIV_01_ASEReadCounter.table","NW_015090842.1:8990004",69,134,65
"CA5A","s1650_F_LIV_01_ASEReadCounter.table","NW_015090842.1:8990005",69,135,66
"CA5A","s1650_F_LIV_01_ASEReadCounter.table","NW_015090842.1:8990017",58,116,58
"CA5A","s1650_F_LIV_01_ASEReadCounter.table","NW_015090842.1:8990043",49,109,60
"CA5A","s1650_F_LIV_01_ASEReadCounter.table","NW_015090842.1:8990060",100,100,0
"CA5A","s1650_F_LIV_01_ASEReadCounter.table","NW_015090842.1:8990080",35,98,63
"CA5A","s1650_F_LIV_01_ASEReadCounter.table","NW_015090842.1:8990084",32,93,61
"CA5A","s1650_F_LIV_01_ASEReadCounter.table","NW_015090842.1:8990090",33,98,65
"CA5A","s1650_F_LIV_01_ASEReadCounter.table","NW_015090842.1:8990095",36,98,62
"CA5A","s1650_F_LIV_01_ASEReadCounter.table","NW_015090842.1:8990111",39,105,66
"CA5A","s1650_F_LIV_01_ASEReadCounter.table","NW_015090842.1:8990112",39,101,62
"CA5A","s1650_F_LIV_01_ASEReadCounter.table","NW_015090842.1:8990115",43,103,60
"CA5A","s1650_F_LIV_01_ASEReadCounter.table","NW_015090842.1:8990166",45,85,40
"CA5A","s1650_F_LIV_01_ASEReadCounter.table","NW_015090842.1:8990169",50,88,38
"CA5A","s1650_F_LIV_01_ASEReadCounter.table","NW_015090842.1:8990193",91,91,0
"CA5A","s1650_F_LIV_01_ASEReadCounter.table","NW_015090842.1:8990222",47,75,28
"CA5A","s1650_F_LIV_01_ASEReadCounter.table","NW_015090842.1:8990289",49,88,39
"CA5A","s1650_F_LIV_01_ASEReadCounter.table","NW_015090842.1:8990314",51,92,41
"CA5A","s1650_F_LIV_01_ASEReadCounter.table","NW_015090842.1:8990361",45,90,45
"CA5A","s1650_F_LIV_01_ASEReadCounter.table","NW_015090842.1:8990368",42,90,48
"CA5A","s1650_F_LIV_01_ASEReadCounter.table","NW_015090842.1:8990429",29,61,32
"CA5A","s1650_F_LIV_01_ASEReadCounter.table","NW_015090842.1:8990466",25,48,23
"CA5A","s1650_F_LIV_01_ASEReadCounter.table","NW_015090842.1:8990663",35,62,27
"CA5A","s1650_F_LIV_01_ASEReadCounter.table","NW_015090842.1:8990797",21,41,20
"CA5A","s1650_F_LIV_01_ASEReadCounter.table","NW_015090842.1:8990836",25,49,24
"CA5A","s1650_F_LIV_01_ASEReadCounter.table","NW_015090842.1:8990842",27,51,24
"CA5A","s1650_F_LIV_01_ASEReadCounter.table","NW_015090842.1:8990851",26,50,24
"CA5A","s1650_F_LIV_01_ASEReadCounter.table","NW_015090842.1:8990918",28,50,22
"CA5A","s1650_F_LIV_01_ASEReadCounter.table","NW_015090842.1:8990921",27,52,25
"CA5A","s1650_F_LIV_01_ASEReadCounter.table","NW_015090842.1:8990942",29,54,25
"CA5A","s1650_F_LIV_01_ASEReadCounter.table","NW_015090842.1:8991001",29,55,26
"CA5A","s1650_F_LIV_01_ASEReadCounter.table","NW_015090842.1:8991038",28,57,29
"CA5A","s1650_F_LIV_01_ASEReadCounter.table","NW_015090842.1:8991149",24,49,25
"CA5A","s1650_F_LIV_01_ASEReadCounter.table","NW_015090842.1:8991176",23,47,24
"CA5A","s1650_F_LIV_01_ASEReadCounter.table","NW_015090842.1:8991241",27,45,18
"CA5A","s1650_F_LIV_01_ASEReadCounter.table","NW_015090842.1:8991262",31,45,14
"CA5A","s1650_F_LIV_01_ASEReadCounter.table","NW_015090842.1:8991316",30,31,1
"CA5A","s1650_F_LIV_01_ASEReadCounter.table","NW_015090842.1:8991319",31,32,1
"CA5A","s1650_F_LIV_01_ASEReadCounter.table","NW_015090842.1:8991330",34,34,0
"CA5A","s1650_F_LIV_01_ASEReadCounter.table","NW_015090842.1:8991334",32,34,2
"CA5A","s1650_F_LIV_01_ASEReadCounter.table","NW_015090842.1:8991362",35,50,15
"CA5A","s1650_F_LIV_01_ASEReadCounter.table","NW_015090842.1:8991368",31,46,15
"CA5A","s1650_F_LIV_01_ASEReadCounter.table","NW_015090842.1:8991390",37,52,15
"CA5A","s1650_F_LIV_01_ASEReadCounter.table","NW_015090842.1:8991395",37,52,15
"CA5A","s1650_F_LIV_01_ASEReadCounter.table","NW_015090842.1:8991422",33,54,21
"CA5A","s1650_F_LIV_01_ASEReadCounter.table","NW_015090842.1:8991467",27,48,21
"CA5A","s1650_F_LIV_01_ASEReadCounter.table","NW_015090842.1:8991576",14,33,19
"CA5A","s1650_F_LIV_01_ASEReadCounter.table","NW_015090842.1:8991587",19,40,21
"CA5A","s1650_F_LIV_01_ASEReadCounter.table","NW_015090842.1:8991655",22,45,23
"CA5A","s1650_F_LIV_01_ASEReadCounter.table","NW_015090842.1:8991717",15,37,22
"CA5A","s1650_F_LIV_01_ASEReadCounter.table","NW_015090842.1:8991726",16,39,23
"CA5A","s1650_F_LIV_01_ASEReadCounter.table","NW_015090842.1:8991799",8,30,22
"CA5A","s1650_F_LIV_01_ASEReadCounter.table","NW_015090842.1:8991809",7,29,22
"CA5A","s1650_F_LIV_01_ASEReadCounter.table","NW_015090842.1:8991848",9,27,18
"CA5A","s1650_F_LIV_01_ASEReadCounter.table","NW_015090842.1:8991849",9,27,18
"CA5A","s1650_F_LIV_01_ASEReadCounter.table","NW_015090842.1:8991927",19,37,18
"CA5A","s1650_F_LIV_01_ASEReadCounter.table","NW_015090842.1:8991941",19,33,14
"CA5A","s1650_F_LIV_01_ASEReadCounter.table","NW_015090842.1:8992121",14,30,16
"CA5A","s1650_F_LIV_01_ASEReadCounter.table","NW_015090842.1:8992224",9,27,18
"CA5A","s1650_F_LIV_01_ASEReadCounter.table","NW_015090842.1:9002570",12,22,10
"CA5A","s1650_F_LIV_01_ASEReadCounter.table","NW_015090842.1:9002600",9,20,11
"CA5A","s1650_F_LIV_01_ASEReadCounter.table","NW_015090842.1:9004312",0,1,1
"CA5A","s1650_F_LIV_01_ASEReadCounter.table","NW_015090842.1:9011011",15,33,18
"CA5A","s1650_F_LIV_01_ASEReadCounter.table","NW_015090842.1:9011189",11,31,20
"CA5A","s1650_F_LIV_01_ASEReadCounter.table","NW_015090842.1:9011194",11,31,20
"BANP","s1650_F_LIV_01_ASEReadCounter.table","NW_015090842.1:9033407",2,4,2
"BANP","s1650_F_LIV_01_ASEReadCounter.table","NW_015090842.1:9033409",2,4,2
"BANP","s1650_F_LIV_01_ASEReadCounter.table","NW_015090842.1:9033420",3,5,2
"BANP","s1650_F_LIV_01_ASEReadCounter.table","NW_015090842.1:9067974",0,9,9
"BANP","s1650_F_LIV_01_ASEReadCounter.table","NW_015090842.1:9102510",2,9,7
"BANP","s1650_F_LIV_01_ASEReadCounter.table","NW_015090842.1:9168534",7,21,14
"BANP","s1650_F_LIV_01_ASEReadCounter.table","NW_015090842.1:9168818",13,28,15
"ZNF469","s1650_F_LIV_01_ASEReadCounter.table","NW_015090842.1:9428178",0,1,1
"ZNF469","s1650_F_LIV_01_ASEReadCounter.table","NW_015090842.1:9435221",0,3,3
"ZFPM1","s1650_F_LIV_01_ASEReadCounter.table","NW_015090842.1:9458862",4,9,5
"ZFPM1","s1650_F_LIV_01_ASEReadCounter.table","NW_015090842.1:9458888",6,11,5
"ZFPM1","s1650_F_LIV_01_ASEReadCounter.table","NW_015090842.1:9458904",7,13,6
"ZFPM1","s1650_F_LIV_01_ASEReadCounter.table","NW_015090842.1:9458916",6,12,6
"ZFPM1","s1650_F_LIV_01_ASEReadCounter.table","NW_015090842.1:9468568",7,10,3
"ZFPM1","s1650_F_LIV_01_ASEReadCounter.table","NW_015090842.1:9468593",6,11,5
"ZFPM1","s1650_F_LIV_01_ASEReadCounter.table","NW_015090842.1:9471561",10,13,3
"ZFPM1","s1650_F_LIV_01_ASEReadCounter.table","NW_015090842.1:9472557",5,8,3
"ZFPM1","s1650_F_LIV_01_ASEReadCounter.table","NW_015090842.1:9472565",5,8,3
"ZFPM1","s1650_F_LIV_01_ASEReadCounter.table","NW_015090842.1:9472608",14,17,3
"ZFPM1","s1650_F_LIV_01_ASEReadCounter.table","NW_015090842.1:9472627",15,19,4
"ZFPM1","s1650_F_LIV_01_ASEReadCounter.table","NW_015090842.1:9472668",15,17,2
"ZFPM1","s1650_F_LIV_01_ASEReadCounter.table","NW_015090842.1:9473655",8,14,6
"ZFPM1","s1650_F_LIV_01_ASEReadCounter.table","NW_015090842.1:9475827",19,27,8
"ZFPM1","s1650_F_LIV_01_ASEReadCounter.table","NW_015090842.1:9475842",23,31,8
"ZFPM1","s1650_F_LIV_01_ASEReadCounter.table","NW_015090842.1:9476119",15,22,7
"ZFPM1","s1650_F_LIV_01_ASEReadCounter.table","NW_015090842.1:9476161",14,21,7
"ZFPM1","s1650_F_LIV_01_ASEReadCounter.table","NW_015090842.1:9476219",8,10,2
"ZFPM1","s1650_F_LIV_01_ASEReadCounter.table","NW_015090842.1:9476233",4,6,2
"ZFPM1","s1650_F_LIV_01_ASEReadCounter.table","NW_015090842.1:9476305",8,12,4
"ZFPM1","s1650_F_LIV_01_ASEReadCounter.table","NW_015090842.1:9476395",7,12,5
"ZFPM1","s1650_F_LIV_01_ASEReadCounter.table","NW_015090842.1:9476421",12,19,7
"ZFPM1","s1650_F_LIV_01_ASEReadCounter.table","NW_015090842.1:9476539",15,23,8
"ZFPM1","s1650_F_LIV_01_ASEReadCounter.table","NW_015090842.1:9476576",12,21,9
"ZFPM1","s1650_F_LIV_01_ASEReadCounter.table","NW_015090842.1:9476599",18,18,0
"ZFPM1","s1650_F_LIV_01_ASEReadCounter.table","NW_015090842.1:9476792",25,29,4
"ZFPM1","s1650_F_LIV_01_ASEReadCounter.table","NW_015090842.1:9476803",23,28,5
"ZFPM1","s1650_F_LIV_01_ASEReadCounter.table","NW_015090842.1:9477115",12,20,8
"ZFPM1","s1650_F_LIV_01_ASEReadCounter.table","NW_015090842.1:9477299",3,7,4
"ZFPM1","s1650_F_LIV_01_ASEReadCounter.table","NW_015090842.1:9477398",18,18,0
"ZFPM1","s1650_F_LIV_01_ASEReadCounter.table","NW_015090842.1:9477422",8,11,3
"ZFPM1","s1650_F_LIV_01_ASEReadCounter.table","NW_015090842.1:9477554",15,19,4
"ZFPM1","s1650_F_LIV_01_ASEReadCounter.table","NW_015090842.1:9477575",20,20,0
"ZFPM1","s1650_F_LIV_01_ASEReadCounter.table","NW_015090842.1:9477595",23,28,5
"ZFPM1","s1650_F_LIV_01_ASEReadCounter.table","NW_015090842.1:9477611",19,26,7
"ZFPM1","s1650_F_LIV_01_ASEReadCounter.table","NW_015090842.1:9477659",24,30,6
"ZFPM1","s1650_F_LIV_01_ASEReadCounter.table","NW_015090842.1:9477737",18,27,9
"ZFPM1","s1650_F_LIV_01_ASEReadCounter.table","NW_015090842.1:9477791",17,25,8
"ZFPM1","s1650_F_LIV_01_ASEReadCounter.table","NW_015090842.1:9477844",18,27,9
"ZFPM1","s1650_F_LIV_01_ASEReadCounter.table","NW_015090842.1:9477917",24,33,9
"ZFPM1","s1650_F_LIV_01_ASEReadCounter.table","NW_015090842.1:9478295",37,49,12
"ZFPM1","s1650_F_LIV_01_ASEReadCounter.table","NW_015090842.1:9478349",39,51,12
"ZFPM1","s1650_F_LIV_01_ASEReadCounter.table","NW_015090842.1:9478524",33,47,14
"ZFPM1","s1650_F_LIV_01_ASEReadCounter.table","NW_015090842.1:9478546",33,47,14
"ZFPM1","s1650_F_LIV_01_ASEReadCounter.table","NW_015090842.1:9478573",46,59,13
"ZFPM1","s1650_F_LIV_01_ASEReadCounter.table","NW_015090842.1:9478582",37,47,10
"ZFPM1","s1650_F_LIV_01_ASEReadCounter.table","NW_015090842.1:9478684",12,16,4
"ZFPM1","s1650_F_LIV_01_ASEReadCounter.table","NW_015090842.1:9478711",9,11,2
"ZFPM1","s1650_F_LIV_01_ASEReadCounter.table","NW_015090842.1:9478761",16,18,2
"ZFPM1","s1650_F_LIV_01_ASEReadCounter.table","NW_015090842.1:9478829",9,9,0
"CIDEC","s1650_F_LIV_01_ASEReadCounter.table","NW_015090842.1:9480170",119,216,97
"CIDEC","s1650_F_LIV_01_ASEReadCounter.table","NW_015090842.1:9480171",123,220,97
"CIDEC","s1650_F_LIV_01_ASEReadCounter.table","NW_015090842.1:9480212",237,348,111
"CIDEC","s1650_F_LIV_01_ASEReadCounter.table","NW_015090842.1:9480252",275,491,216
"CIDEC","s1650_F_LIV_01_ASEReadCounter.table","NW_015090842.1:9480391",384,632,248
"CIDEC","s1650_F_LIV_01_ASEReadCounter.table","NW_015090842.1:9480394",384,645,261
"CIDEC","s1650_F_LIV_01_ASEReadCounter.table","NW_015090842.1:9480630",450,751,301
"CIDEC","s1650_F_LIV_01_ASEReadCounter.table","NW_015090842.1:9480675",384,675,291
"CIDEC","s1650_F_LIV_01_ASEReadCounter.table","NW_015090842.1:9480686",419,712,293
"CIDEC","s1650_F_LIV_01_ASEReadCounter.table","NW_015090842.1:9480693",427,713,286
"CIDEC","s1650_F_LIV_01_ASEReadCounter.table","NW_015090842.1:9480756",446,705,259
"CIDEC","s1650_F_LIV_01_ASEReadCounter.table","NW_015090842.1:9481199",520,521,1
"CIDEC","s1650_F_LIV_01_ASEReadCounter.table","NW_015090842.1:9481604",430,705,275
"ZC3H18","s1650_F_LIV_01_ASEReadCounter.table","NW_015090842.1:9494271",0,1,1
"ZC3H18","s1650_F_LIV_01_ASEReadCounter.table","NW_015090842.1:9501427",4,7,3
"ZC3H18","s1650_F_LIV_01_ASEReadCounter.table","NW_015090842.1:9501442",4,6,2
"ZC3H18","s1650_F_LIV_01_ASEReadCounter.table","NW_015090842.1:9505538",4,9,5
"ZC3H18","s1650_F_LIV_01_ASEReadCounter.table","NW_015090842.1:9506778",4,9,5
"ZC3H18","s1650_F_LIV_01_ASEReadCounter.table","NW_015090842.1:9522538",6,10,4
"ZC3H18","s1650_F_LIV_01_ASEReadCounter.table","NW_015090842.1:9524350",8,12,4
"ZC3H18","s1650_F_LIV_01_ASEReadCounter.table","NW_015090842.1:9524366",8,13,5
"ZC3H18","s1650_F_LIV_01_ASEReadCounter.table","NW_015090842.1:9524424",3,11,8
"ZC3H18","s1650_F_LIV_01_ASEReadCounter.table","NW_015090842.1:9529649",8,19,11
"ZC3H18","s1650_F_LIV_01_ASEReadCounter.table","NW_015090842.1:9529688",5,13,8
"ZC3H18","s1650_F_LIV_01_ASEReadCounter.table","NW_015090842.1:9529691",5,13,8
"ZC3H18","s1650_F_LIV_01_ASEReadCounter.table","NW_015090842.1:9530977",9,13,4
"ZC3H18","s1650_F_LIV_01_ASEReadCounter.table","NW_015090842.1:9536699",0,8,8
"CYBA","s1650_F_LIV_01_ASEReadCounter.table","NW_015090842.1:9547281",57,97,40
"CYBA","s1650_F_LIV_01_ASEReadCounter.table","NW_015090842.1:9547402",134,225,91
"CYBA","s1650_F_LIV_01_ASEReadCounter.table","NW_015090842.1:9547553",74,168,94
"CYBA","s1650_F_LIV_01_ASEReadCounter.table","NW_015090842.1:9548052",66,98,32
"CYBA","s1650_F_LIV_01_ASEReadCounter.table","NW_015090842.1:9548436",80,138,58
"CYBA","s1650_F_LIV_01_ASEReadCounter.table","NW_015090842.1:9548442",79,136,57
"CYBA","s1650_F_LIV_01_ASEReadCounter.table","NW_015090842.1:9548478",82,148,66
"CYBA","s1650_F_LIV_01_ASEReadCounter.table","NW_015090842.1:9548487",75,139,64
"CYBA","s1650_F_LIV_01_ASEReadCounter.table","NW_015090842.1:9548490",74,132,58
"CYBA","s1650_F_LIV_01_ASEReadCounter.table","NW_015090842.1:9548717",63,110,47
"CYBA","s1650_F_LIV_01_ASEReadCounter.table","NW_015090842.1:9548750",42,80,38
"CYBA","s1650_F_LIV_01_ASEReadCounter.table","NW_015090842.1:9548766",30,61,31
"MVD","s1650_F_LIV_01_ASEReadCounter.table","NW_015090842.1:9550678",67,97,30
"MVD","s1650_F_LIV_01_ASEReadCounter.table","NW_015090842.1:9550690",75,114,39
"MVD","s1650_F_LIV_01_ASEReadCounter.table","NW_015090842.1:9550691",76,115,39
"MVD","s1650_F_LIV_01_ASEReadCounter.table","NW_015090842.1:9550699",84,131,47
"MVD","s1650_F_LIV_01_ASEReadCounter.table","NW_015090842.1:9550719",77,119,42
"MVD","s1650_F_LIV_01_ASEReadCounter.table","NW_015090842.1:9551596",103,175,72
"MVD","s1650_F_LIV_01_ASEReadCounter.table","NW_015090842.1:9551638",123,205,82
"MVD","s1650_F_LIV_01_ASEReadCounter.table","NW_015090842.1:9551899",0,4,4
"MVD","s1650_F_LIV_01_ASEReadCounter.table","NW_015090842.1:9552193",66,128,62
"MVD","s1650_F_LIV_01_ASEReadCounter.table","NW_015090842.1:9552202",65,132,67
"MVD","s1650_F_LIV_01_ASEReadCounter.table","NW_015090842.1:9552208",70,135,65
"MVD","s1650_F_LIV_01_ASEReadCounter.table","NW_015090842.1:9552625",52,87,35
"MVD","s1650_F_LIV_01_ASEReadCounter.table","NW_015090842.1:9552629",88,88,0
"MVD","s1650_F_LIV_01_ASEReadCounter.table","NW_015090842.1:9552644",50,87,37
"MVD","s1650_F_LIV_01_ASEReadCounter.table","NW_015090842.1:9553093",45,80,35
"MVD","s1650_F_LIV_01_ASEReadCounter.table","NW_015090842.1:9553114",53,86,33
"RNF166","s1650_F_LIV_01_ASEReadCounter.table","NW_015090842.1:9557900",7,19,12
"RNF166","s1650_F_LIV_01_ASEReadCounter.table","NW_015090842.1:9558048",8,22,14
"RNF166","s1650_F_LIV_01_ASEReadCounter.table","NW_015090842.1:9558116",7,19,12
"RNF166","s1650_F_LIV_01_ASEReadCounter.table","NW_015090842.1:9558308",12,28,16
"RNF166","s1650_F_LIV_01_ASEReadCounter.table","NW_015090842.1:9558405",11,31,20
"RNF166","s1650_F_LIV_01_ASEReadCounter.table","NW_015090842.1:9558549",16,41,25
"RNF166","s1650_F_LIV_01_ASEReadCounter.table","NW_015090842.1:9558556",12,38,26
"RNF166","s1650_F_LIV_01_ASEReadCounter.table","NW_015090842.1:9558579",14,33,19
"RNF166","s1650_F_LIV_01_ASEReadCounter.table","NW_015090842.1:9558599",15,38,23
"RNF166","s1650_F_LIV_01_ASEReadCounter.table","NW_015090842.1:9558688",12,29,17
"RNF166","s1650_F_LIV_01_ASEReadCounter.table","NW_015090842.1:9558711",12,33,21
"RNF166","s1650_F_LIV_01_ASEReadCounter.table","NW_015090842.1:9558733",13,35,22
"RNF166","s1650_F_LIV_01_ASEReadCounter.table","NW_015090842.1:9558847",7,26,19
"RNF166","s1650_F_LIV_01_ASEReadCounter.table","NW_015090842.1:9559798",9,31,22
"RNF166","s1650_F_LIV_01_ASEReadCounter.table","NW_015090842.1:9560575",19,42,23
"RNF166","s1650_F_LIV_01_ASEReadCounter.table","NW_015090842.1:9561055",14,34,20
"RNF166","s1650_F_LIV_01_ASEReadCounter.table","NW_015090842.1:9562458",10,23,13
"RNF166","s1650_F_LIV_01_ASEReadCounter.table","NW_015090842.1:9562497",5,16,11
"RNF166","s1650_F_LIV_01_ASEReadCounter.table","NW_015090842.1:9562539",3,21,18
"RNF166","s1650_F_LIV_01_ASEReadCounter.table","NW_015090842.1:9564056",3,18,15
"CTU2","s1650_F_LIV_01_ASEReadCounter.table","NW_015090842.1:9565149",6,9,3
"CTU2","s1650_F_LIV_01_ASEReadCounter.table","NW_015090842.1:9565193",8,15,7
"CTU2","s1650_F_LIV_01_ASEReadCounter.table","NW_015090842.1:9565300",10,20,10
"CTU2","s1650_F_LIV_01_ASEReadCounter.table","NW_015090842.1:9565321",8,21,13
"CTU2","s1650_F_LIV_01_ASEReadCounter.table","NW_015090842.1:9565721",8,22,14
"CTU2","s1650_F_LIV_01_ASEReadCounter.table","NW_015090842.1:9565739",5,15,10
"CTU2","s1650_F_LIV_01_ASEReadCounter.table","NW_015090842.1:9565905",14,19,5
"CTU2","s1650_F_LIV_01_ASEReadCounter.table","NW_015090842.1:9566013",16,16,0
"CTU2","s1650_F_LIV_01_ASEReadCounter.table","NW_015090842.1:9566055",14,26,12
"CTU2","s1650_F_LIV_01_ASEReadCounter.table","NW_015090842.1:9566056",14,25,11
"CTU2","s1650_F_LIV_01_ASEReadCounter.table","NW_015090842.1:9566151",8,13,5
"CTU2","s1650_F_LIV_01_ASEReadCounter.table","NW_015090842.1:9566300",12,21,9
"CTU2","s1650_F_LIV_01_ASEReadCounter.table","NW_015090842.1:9566342",14,24,10
"CTU2","s1650_F_LIV_01_ASEReadCounter.table","NW_015090842.1:9566548",16,27,11
"CTU2","s1650_F_LIV_01_ASEReadCounter.table","NW_015090842.1:9566625",16,33,17
"CTU2","s1650_F_LIV_01_ASEReadCounter.table","NW_015090842.1:9566633",18,37,19
"CTU2","s1650_F_LIV_01_ASEReadCounter.table","NW_015090842.1:9566807",17,43,26
"CTU2","s1650_F_LIV_01_ASEReadCounter.table","NW_015090842.1:9567139",21,37,16
"CTU2","s1650_F_LIV_01_ASEReadCounter.table","NW_015090842.1:9567156",26,45,19
"CTU2","s1650_F_LIV_01_ASEReadCounter.table","NW_015090842.1:9567614",28,48,20
"CTU2","s1650_F_LIV_01_ASEReadCounter.table","NW_015090842.1:9567677",37,54,17
"CTU2","s1650_F_LIV_01_ASEReadCounter.table","NW_015090842.1:9567747",28,49,21
"CTU2","s1650_F_LIV_01_ASEReadCounter.table","NW_015090842.1:9567828",24,37,13
"CTU2","s1650_F_LIV_01_ASEReadCounter.table","NW_015090842.1:9567829",25,38,13
"CTU2","s1650_F_LIV_01_ASEReadCounter.table","NW_015090842.1:9567885",18,23,5
"PIEZO1","s1650_F_LIV_01_ASEReadCounter.table","NW_015090842.1:9568093",17,26,9
"PIEZO1","s1650_F_LIV_01_ASEReadCounter.table","NW_015090842.1:9568672",6,9,3
"PIEZO1","s1650_F_LIV_01_ASEReadCounter.table","NW_015090842.1:9568948",10,12,2
"PIEZO1","s1650_F_LIV_01_ASEReadCounter.table","NW_015090842.1:9568987",7,7,0
"PIEZO1","s1650_F_LIV_01_ASEReadCounter.table","NW_015090842.1:9569040",3,5,2
"PIEZO1","s1650_F_LIV_01_ASEReadCounter.table","NW_015090842.1:9569180",2,5,3
"PIEZO1","s1650_F_LIV_01_ASEReadCounter.table","NW_015090842.1:9569192",2,6,4
"PIEZO1","s1650_F_LIV_01_ASEReadCounter.table","NW_015090842.1:9570088",1,7,6
"PIEZO1","s1650_F_LIV_01_ASEReadCounter.table","NW_015090842.1:9570480",3,6,3
"PIEZO1","s1650_F_LIV_01_ASEReadCounter.table","NW_015090842.1:9570639",3,3,0
"PIEZO1","s1650_F_LIV_01_ASEReadCounter.table","NW_015090842.1:9571847",0,1,1
"PIEZO1","s1650_F_LIV_01_ASEReadCounter.table","NW_015090842.1:9572371",1,1,0
"PIEZO1","s1650_F_LIV_01_ASEReadCounter.table","NW_015090842.1:9572638",0,1,1
"PIEZO1","s1650_F_LIV_01_ASEReadCounter.table","NW_015090842.1:9573156",3,4,1
"PIEZO1","s1650_F_LIV_01_ASEReadCounter.table","NW_015090842.1:9573280",1,1,0
"PIEZO1","s1650_F_LIV_01_ASEReadCounter.table","NW_015090842.1:9573566",1,1,0
"PIEZO1","s1650_F_LIV_01_ASEReadCounter.table","NW_015090842.1:9576087",0,1,1
"PIEZO1","s1650_F_LIV_01_ASEReadCounter.table","NW_015090842.1:9576093",0,1,1
"PIEZO1","s1650_F_LIV_01_ASEReadCounter.table","NW_015090842.1:9576120",0,1,1
"PIEZO1","s1650_F_LIV_01_ASEReadCounter.table","NW_015090842.1:9578268",1,1,0
"PIEZO1","s1650_F_LIV_01_ASEReadCounter.table","NW_015090842.1:9578770",1,1,0
"PIEZO1","s1650_F_LIV_01_ASEReadCounter.table","NW_015090842.1:9578806",1,1,0
"PIEZO1","s1650_F_LIV_01_ASEReadCounter.table","NW_015090842.1:9579064",1,1,0
"PIEZO1","s1650_F_LIV_01_ASEReadCounter.table","NW_015090842.1:9579065",1,1,0
"PIEZO1","s1650_F_LIV_01_ASEReadCounter.table","NW_015090842.1:9580996",1,1,0
"PIEZO1","s1650_F_LIV_01_ASEReadCounter.table","NW_015090842.1:9584425",1,1,0
"PIEZO1","s1650_F_LIV_01_ASEReadCounter.table","NW_015090842.1:9584435",1,1,0
"PIEZO1","s1650_F_LIV_01_ASEReadCounter.table","NW_015090842.1:9584438",1,1,0
"PIEZO1","s1650_F_LIV_01_ASEReadCounter.table","NW_015090842.1:9584441",1,1,0
"CDT1","s1650_F_LIV_01_ASEReadCounter.table","NW_015090842.1:9596766",2,2,0
"CDT1","s1650_F_LIV_01_ASEReadCounter.table","NW_015090842.1:9597054",4,4,0
"CDT1","s1650_F_LIV_01_ASEReadCounter.table","NW_015090842.1:9597074",3,3,0
"CDT1","s1650_F_LIV_01_ASEReadCounter.table","NW_015090842.1:9597137",6,7,1
"CDT1","s1650_F_LIV_01_ASEReadCounter.table","NW_015090842.1:9597756",1,1,0
"CDT1","s1650_F_LIV_01_ASEReadCounter.table","NW_015090842.1:9597766",1,1,0
"CDT1","s1650_F_LIV_01_ASEReadCounter.table","NW_015090842.1:9598496",1,1,0
"CDT1","s1650_F_LIV_01_ASEReadCounter.table","NW_015090842.1:9598498",1,1,0
"CDT1","s1650_F_LIV_01_ASEReadCounter.table","NW_015090842.1:9598816",2,4,2
"CDT1","s1650_F_LIV_01_ASEReadCounter.table","NW_015090842.1:9598879",1,3,2
"CDT1","s1650_F_LIV_01_ASEReadCounter.table","NW_015090842.1:9598912",1,2,1
"CDT1","s1650_F_LIV_01_ASEReadCounter.table","NW_015090842.1:9598959",4,6,2
"CDT1","s1650_F_LIV_01_ASEReadCounter.table","NW_015090842.1:9599807",3,3,0
"CDT1","s1650_F_LIV_01_ASEReadCounter.table","NW_015090842.1:9599819",3,3,0
"CDT1","s1650_F_LIV_01_ASEReadCounter.table","NW_015090842.1:9599845",3,3,0
"CDT1","s1650_F_LIV_01_ASEReadCounter.table","NW_015090842.1:9600148",3,3,0
"CDT1","s1650_F_LIV_01_ASEReadCounter.table","NW_015090842.1:9600151",3,3,0
"CDT1","s1650_F_LIV_01_ASEReadCounter.table","NW_015090842.1:9600217",2,2,0
"CDT1","s1650_F_LIV_01_ASEReadCounter.table","NW_015090842.1:9600226",2,2,0
"CDT1","s1650_F_LIV_01_ASEReadCounter.table","NW_015090842.1:9600260",1,1,0
"CDT1","s1650_F_LIV_01_ASEReadCounter.table","NW_015090842.1:9600268",3,3,0
"CDT1","s1650_F_LIV_01_ASEReadCounter.table","NW_015090842.1:9600305",4,4,0
"CDT1","s1650_F_LIV_01_ASEReadCounter.table","NW_015090842.1:9600397",8,8,0
"CDT1","s1650_F_LIV_01_ASEReadCounter.table","NW_015090842.1:9600447",3,4,1
"CDT1","s1650_F_LIV_01_ASEReadCounter.table","NW_015090842.1:9600450",3,4,1
"CDT1","s1650_F_LIV_01_ASEReadCounter.table","NW_015090842.1:9600485",3,4,1
"CDT1","s1650_F_LIV_01_ASEReadCounter.table","NW_015090842.1:9600579",3,6,3
"APRT","s1650_F_LIV_01_ASEReadCounter.table","NW_015090842.1:9602308",23,33,10
"APRT","s1650_F_LIV_01_ASEReadCounter.table","NW_015090842.1:9602440",33,64,31
"APRT","s1650_F_LIV_01_ASEReadCounter.table","NW_015090842.1:9602449",37,68,31
"APRT","s1650_F_LIV_01_ASEReadCounter.table","NW_015090842.1:9602451",37,69,32
"APRT","s1650_F_LIV_01_ASEReadCounter.table","NW_015090842.1:9602455",39,72,33
"APRT","s1650_F_LIV_01_ASEReadCounter.table","NW_015090842.1:9602462",41,74,33
"APRT","s1650_F_LIV_01_ASEReadCounter.table","NW_015090842.1:9602507",29,58,29
"APRT","s1650_F_LIV_01_ASEReadCounter.table","NW_015090842.1:9602514",31,59,28
"APRT","s1650_F_LIV_01_ASEReadCounter.table","NW_015090842.1:9602530",28,56,28
"APRT","s1650_F_LIV_01_ASEReadCounter.table","NW_015090842.1:9602582",25,40,15
"APRT","s1650_F_LIV_01_ASEReadCounter.table","NW_015090842.1:9602583",25,39,14
"APRT","s1650_F_LIV_01_ASEReadCounter.table","NW_015090842.1:9602650",29,46,17
"APRT","s1650_F_LIV_01_ASEReadCounter.table","NW_015090842.1:9602655",27,44,17
"APRT","s1650_F_LIV_01_ASEReadCounter.table","NW_015090842.1:9602712",24,42,18
"APRT","s1650_F_LIV_01_ASEReadCounter.table","NW_015090842.1:9602764",18,35,17
"APRT","s1650_F_LIV_01_ASEReadCounter.table","NW_015090842.1:9602821",12,32,20
"APRT","s1650_F_LIV_01_ASEReadCounter.table","NW_015090842.1:9602867",11,21,10
"APRT","s1650_F_LIV_01_ASEReadCounter.table","NW_015090842.1:9602883",12,24,12
"APRT","s1650_F_LIV_01_ASEReadCounter.table","NW_015090842.1:9602886",12,23,11
"APRT","s1650_F_LIV_01_ASEReadCounter.table","NW_015090842.1:9602948",17,30,13
"APRT","s1650_F_LIV_01_ASEReadCounter.table","NW_015090842.1:9602958",21,35,14
"APRT","s1650_F_LIV_01_ASEReadCounter.table","NW_015090842.1:9603020",24,46,22
"APRT","s1650_F_LIV_01_ASEReadCounter.table","NW_015090842.1:9603025",26,49,23
"APRT","s1650_F_LIV_01_ASEReadCounter.table","NW_015090842.1:9603154",34,49,15
"APRT","s1650_F_LIV_01_ASEReadCounter.table","NW_015090842.1:9603166",37,54,17
"APRT","s1650_F_LIV_01_ASEReadCounter.table","NW_015090842.1:9603326",22,40,18
"APRT","s1650_F_LIV_01_ASEReadCounter.table","NW_015090842.1:9603419",20,29,9
"APRT","s1650_F_LIV_01_ASEReadCounter.table","NW_015090842.1:9603420",21,30,9
"APRT","s1650_F_LIV_01_ASEReadCounter.table","NW_015090842.1:9603464",15,27,12
"APRT","s1650_F_LIV_01_ASEReadCounter.table","NW_015090842.1:9603528",16,29,13
"APRT","s1650_F_LIV_01_ASEReadCounter.table","NW_015090842.1:9603607",16,25,9
"APRT","s1650_F_LIV_01_ASEReadCounter.table","NW_015090842.1:9603622",16,25,9
"APRT","s1650_F_LIV_01_ASEReadCounter.table","NW_015090842.1:9604361",16,27,11
"APRT","s1650_F_LIV_01_ASEReadCounter.table","NW_015090842.1:9605317",15,23,8
"APRT","s1650_F_LIV_01_ASEReadCounter.table","NW_015090842.1:9605336",14,23,9
"GALNS","s1650_F_LIV_01_ASEReadCounter.table","NW_015090842.1:9612872",3,3,0
"GALNS","s1650_F_LIV_01_ASEReadCounter.table","NW_015090842.1:9612873",3,3,0
"GALNS","s1650_F_LIV_01_ASEReadCounter.table","NW_015090842.1:9612877",4,4,0
"GALNS","s1650_F_LIV_01_ASEReadCounter.table","NW_015090842.1:9612942",9,11,2
"GALNS","s1650_F_LIV_01_ASEReadCounter.table","NW_015090842.1:9612987",11,11,0
"GALNS","s1650_F_LIV_01_ASEReadCounter.table","NW_015090842.1:9613064",7,10,3
"GALNS","s1650_F_LIV_01_ASEReadCounter.table","NW_015090842.1:9613096",10,12,2
"GALNS","s1650_F_LIV_01_ASEReadCounter.table","NW_015090842.1:9613123",9,9,0
"GALNS","s1650_F_LIV_01_ASEReadCounter.table","NW_015090842.1:9613125",9,10,1
"GALNS","s1650_F_LIV_01_ASEReadCounter.table","NW_015090842.1:9613193",8,13,5
"GALNS","s1650_F_LIV_01_ASEReadCounter.table","NW_015090842.1:9613226",7,12,5
"GALNS","s1650_F_LIV_01_ASEReadCounter.table","NW_015090842.1:9613249",5,11,6
"GALNS","s1650_F_LIV_01_ASEReadCounter.table","NW_015090842.1:9613256",7,11,4
"GALNS","s1650_F_LIV_01_ASEReadCounter.table","NW_015090842.1:9613317",8,12,4
"GALNS","s1650_F_LIV_01_ASEReadCounter.table","NW_015090842.1:9613343",7,12,5
"GALNS","s1650_F_LIV_01_ASEReadCounter.table","NW_015090842.1:9613344",7,12,5
"GALNS","s1650_F_LIV_01_ASEReadCounter.table","NW_015090842.1:9613371",6,10,4
"GALNS","s1650_F_LIV_01_ASEReadCounter.table","NW_015090842.1:9613378",7,11,4
"GALNS","s1650_F_LIV_01_ASEReadCounter.table","NW_015090842.1:9613379",7,11,4
"GALNS","s1650_F_LIV_01_ASEReadCounter.table","NW_015090842.1:9613516",4,5,1
"GALNS","s1650_F_LIV_01_ASEReadCounter.table","NW_015090842.1:9613572",4,5,1
"GALNS","s1650_F_LIV_01_ASEReadCounter.table","NW_015090842.1:9613597",5,7,2
"GALNS","s1650_F_LIV_01_ASEReadCounter.table","NW_015090842.1:9613627",5,6,1
"GALNS","s1650_F_LIV_01_ASEReadCounter.table","NW_015090842.1:9613640",5,6,1
"GALNS","s1650_F_LIV_01_ASEReadCounter.table","NW_015090842.1:9614025",2,3,1
"GALNS","s1650_F_LIV_01_ASEReadCounter.table","NW_015090842.1:9614169",2,4,2
"GALNS","s1650_F_LIV_01_ASEReadCounter.table","NW_015090842.1:9614232",5,5,0
"GALNS","s1650_F_LIV_01_ASEReadCounter.table","NW_015090842.1:9614667",5,8,3
"GALNS","s1650_F_LIV_01_ASEReadCounter.table","NW_015090842.1:9614709",6,9,3
"GALNS","s1650_F_LIV_01_ASEReadCounter.table","NW_015090842.1:9614880",2,6,4
"GALNS","s1650_F_LIV_01_ASEReadCounter.table","NW_015090842.1:9614902",2,6,4
"GALNS","s1650_F_LIV_01_ASEReadCounter.table","NW_015090842.1:9614960",1,3,2
"GALNS","s1650_F_LIV_01_ASEReadCounter.table","NW_015090842.1:9615114",4,4,0
"GALNS","s1650_F_LIV_01_ASEReadCounter.table","NW_015090842.1:9615199",3,3,0
"GALNS","s1650_F_LIV_01_ASEReadCounter.table","NW_015090842.1:9615217",3,3,0
"GALNS","s1650_F_LIV_01_ASEReadCounter.table","NW_015090842.1:9615277",1,2,1
"GALNS","s1650_F_LIV_01_ASEReadCounter.table","NW_015090842.1:9615377",0,1,1
"GALNS","s1650_F_LIV_01_ASEReadCounter.table","NW_015090842.1:9647858",3,4,1
"GALNS","s1650_F_LIV_01_ASEReadCounter.table","NW_015090842.1:9649186",3,4,1
"GALNS","s1650_F_LIV_01_ASEReadCounter.table","NW_015090842.1:9649237",2,2,0
"GALNS","s1650_F_LIV_01_ASEReadCounter.table","NW_015090842.1:9661193",1,1,0
"TRAPPC2L","s1650_F_LIV_01_ASEReadCounter.table","NW_015090842.1:9662951",42,73,31
"TRAPPC2L","s1650_F_LIV_01_ASEReadCounter.table","NW_015090842.1:9663014",37,67,30
"TRAPPC2L","s1650_F_LIV_01_ASEReadCounter.table","NW_015090842.1:9664305",63,63,0
"TRAPPC2L","s1650_F_LIV_01_ASEReadCounter.table","NW_015090842.1:9665155",31,56,25
"TRAPPC2L","s1650_F_LIV_01_ASEReadCounter.table","NW_015090842.1:9665211",12,21,9
"CBFA2T3","s1650_F_LIV_01_ASEReadCounter.table","NW_015090842.1:9709469",0,1,1
"CBFA2T3","s1650_F_LIV_01_ASEReadCounter.table","NW_015090842.1:9709475",0,2,2
"CBFA2T3","s1650_F_LIV_01_ASEReadCounter.table","NW_015090842.1:9711845",0,1,1
"CBFA2T3","s1650_F_LIV_01_ASEReadCounter.table","NW_015090842.1:9712157",0,1,1
"CBFA2T3","s1650_F_LIV_01_ASEReadCounter.table","NW_015090842.1:9712160",0,1,1
"CBFA2T3","s1650_F_LIV_01_ASEReadCounter.table","NW_015090842.1:9712166",0,1,1
"CBFA2T3","s1650_F_LIV_01_ASEReadCounter.table","NW_015090842.1:9712536",0,2,2
"CBFA2T3","s1650_F_LIV_01_ASEReadCounter.table","NW_015090842.1:9712673",0,2,2
"CBFA2T3","s1650_F_LIV_01_ASEReadCounter.table","NW_015090842.1:9712791",0,1,1
"CBFA2T3","s1650_F_LIV_01_ASEReadCounter.table","NW_015090842.1:9712811",0,1,1
"CBFA2T3","s1650_F_LIV_01_ASEReadCounter.table","NW_015090842.1:9712848",1,2,1
"CBFA2T3","s1650_F_LIV_01_ASEReadCounter.table","NW_015090842.1:9713088",1,2,1
"CBFA2T3","s1650_F_LIV_01_ASEReadCounter.table","NW_015090842.1:9717058",1,1,0
"CBFA2T3","s1650_F_LIV_01_ASEReadCounter.table","NW_015090842.1:9717093",2,2,0
"CBFA2T3","s1650_F_LIV_01_ASEReadCounter.table","NW_015090842.1:9717114",2,2,0
"CBFA2T3","s1650_F_LIV_01_ASEReadCounter.table","NW_015090842.1:9717139",1,2,1
"ACSF3","s1650_F_LIV_01_ASEReadCounter.table","NW_015090842.1:9773388",0,1,1
"ACSF3","s1650_F_LIV_01_ASEReadCounter.table","NW_015090842.1:9776753",17,25,8
"ACSF3","s1650_F_LIV_01_ASEReadCounter.table","NW_015090842.1:9776783",18,27,9
"ACSF3","s1650_F_LIV_01_ASEReadCounter.table","NW_015090842.1:9776879",19,25,6
"ACSF3","s1650_F_LIV_01_ASEReadCounter.table","NW_015090842.1:9776965",17,27,10
"ACSF3","s1650_F_LIV_01_ASEReadCounter.table","NW_015090842.1:9777091",31,53,22
"ACSF3","s1650_F_LIV_01_ASEReadCounter.table","NW_015090842.1:9777206",30,42,12
"ACSF3","s1650_F_LIV_01_ASEReadCounter.table","NW_015090842.1:9777283",32,46,14
"ACSF3","s1650_F_LIV_01_ASEReadCounter.table","NW_015090842.1:9778955",17,45,28
"ACSF3","s1650_F_LIV_01_ASEReadCounter.table","NW_015090842.1:9778997",27,64,37
"ACSF3","s1650_F_LIV_01_ASEReadCounter.table","NW_015090842.1:9789311",45,87,42
"ACSF3","s1650_F_LIV_01_ASEReadCounter.table","NW_015090842.1:9789906",4,37,33
"ACSF3","s1650_F_LIV_01_ASEReadCounter.table","NW_015090842.1:9834743",76,129,53
"ACSF3","s1650_F_LIV_01_ASEReadCounter.table","NW_015090842.1:9834852",85,146,61
"ACSF3","s1650_F_LIV_01_ASEReadCounter.table","NW_015090842.1:9834861",75,133,58
"ACSF3","s1650_F_LIV_01_ASEReadCounter.table","NW_015090842.1:9839359",66,104,38
"ACSF3","s1650_F_LIV_01_ASEReadCounter.table","NW_015090842.1:9839378",64,101,37
"ACSF3","s1650_F_LIV_01_ASEReadCounter.table","NW_015090842.1:9839455",66,107,41
"ACSF3","s1650_F_LIV_01_ASEReadCounter.table","NW_015090842.1:9839457",64,103,39
"ACSF3","s1650_F_LIV_01_ASEReadCounter.table","NW_015090842.1:9839489",56,92,36
"ACSF3","s1650_F_LIV_01_ASEReadCounter.table","NW_015090842.1:9839500",47,76,29
"ACSF3","s1650_F_LIV_01_ASEReadCounter.table","NW_015090842.1:9839501",47,75,28
"ACSF3","s1650_F_LIV_01_ASEReadCounter.table","NW_015090842.1:9839504",52,82,30
"ACSF3","s1650_F_LIV_01_ASEReadCounter.table","NW_015090842.1:9839512",42,68,26
"ACSF3","s1650_F_LIV_01_ASEReadCounter.table","NW_015090842.1:9839527",37,60,23
"ACSF3","s1650_F_LIV_01_ASEReadCounter.table","NW_015090842.1:9839533",19,36,17
"ACSF3","s1650_F_LIV_01_ASEReadCounter.table","NW_015090842.1:9839535",19,34,15
"ACSF3","s1650_F_LIV_01_ASEReadCounter.table","NW_015090842.1:9839545",12,28,16
"ACSF3","s1650_F_LIV_01_ASEReadCounter.table","NW_015090842.1:9839550",9,24,15
"ACSF3","s1650_F_LIV_01_ASEReadCounter.table","NW_015090842.1:9839551",10,24,14
"SLC22A31","s1650_F_LIV_01_ASEReadCounter.table","NW_015090842.1:9851117",3,3,0
"SLC22A31","s1650_F_LIV_01_ASEReadCounter.table","NW_015090842.1:9851130",3,3,0
"SLC22A31","s1650_F_LIV_01_ASEReadCounter.table","NW_015090842.1:9851139",3,3,0
"SLC22A31","s1650_F_LIV_01_ASEReadCounter.table","NW_015090842.1:9851265",6,6,0
"SLC22A31","s1650_F_LIV_01_ASEReadCounter.table","NW_015090842.1:9851302",5,5,0
"SLC22A31","s1650_F_LIV_01_ASEReadCounter.table","NW_015090842.1:9851303",5,5,0
"SLC22A31","s1650_F_LIV_01_ASEReadCounter.table","NW_015090842.1:9851305",5,5,0
"SLC22A31","s1650_F_LIV_01_ASEReadCounter.table","NW_015090842.1:9851343",6,6,0
"SLC22A31","s1650_F_LIV_01_ASEReadCounter.table","NW_015090842.1:9851344",7,7,0
"SLC22A31","s1650_F_LIV_01_ASEReadCounter.table","NW_015090842.1:9851361",6,6,0
"SLC22A31","s1650_F_LIV_01_ASEReadCounter.table","NW_015090842.1:9851381",7,7,0
"SLC22A31","s1650_F_LIV_01_ASEReadCounter.table","NW_015090842.1:9851421",2,2,0
"SLC22A31","s1650_F_LIV_01_ASEReadCounter.table","NW_015090842.1:9851501",3,3,0
"SLC22A31","s1650_F_LIV_01_ASEReadCounter.table","NW_015090842.1:9851526",4,4,0
"SLC22A31","s1650_F_LIV_01_ASEReadCounter.table","NW_015090842.1:9851589",5,5,0
"SLC22A31","s1650_F_LIV_01_ASEReadCounter.table","NW_015090842.1:9851712",6,6,0
"SLC22A31","s1650_F_LIV_01_ASEReadCounter.table","NW_015090842.1:9851899",5,5,0
"SLC22A31","s1650_F_LIV_01_ASEReadCounter.table","NW_015090842.1:9852139",4,4,0
"SLC22A31","s1650_F_LIV_01_ASEReadCounter.table","NW_015090842.1:9852380",2,2,0
"SLC22A31","s1650_F_LIV_01_ASEReadCounter.table","NW_015090842.1:9852431",4,4,0
"SLC22A31","s1650_F_LIV_01_ASEReadCounter.table","NW_015090842.1:9852630",5,5,0
"SLC22A31","s1650_F_LIV_01_ASEReadCounter.table","NW_015090842.1:9852711",5,5,0
"SLC22A31","s1650_F_LIV_01_ASEReadCounter.table","NW_015090842.1:9853099",2,2,0
"SLC22A31","s1650_F_LIV_01_ASEReadCounter.table","NW_015090842.1:9853102",2,2,0
"SLC22A31","s1650_F_LIV_01_ASEReadCounter.table","NW_015090842.1:9853421",2,2,0
"SLC22A31","s1650_F_LIV_01_ASEReadCounter.table","NW_015090842.1:9853457",2,2,0
"SLC22A31","s1650_F_LIV_01_ASEReadCounter.table","NW_015090842.1:9853502",1,1,0
"ANKRD11","s1650_F_LIV_01_ASEReadCounter.table","NW_015090842.1:9858863",1,3,2
"ANKRD11","s1650_F_LIV_01_ASEReadCounter.table","NW_015090842.1:9859101",22,41,19
"ANKRD11","s1650_F_LIV_01_ASEReadCounter.table","NW_015090842.1:9859352",17,40,23
"ANKRD11","s1650_F_LIV_01_ASEReadCounter.table","NW_015090842.1:9859381",4,25,21
"ANKRD11","s1650_F_LIV_01_ASEReadCounter.table","NW_015090842.1:9859679",12,33,21
"ANKRD11","s1650_F_LIV_01_ASEReadCounter.table","NW_015090842.1:9861097",11,22,11
"ANKRD11","s1650_F_LIV_01_ASEReadCounter.table","NW_015090842.1:9862571",2,12,10
"ANKRD11","s1650_F_LIV_01_ASEReadCounter.table","NW_015090842.1:9862652",3,5,2
"ANKRD11","s1650_F_LIV_01_ASEReadCounter.table","NW_015090842.1:9866071",0,6,6
"ANKRD11","s1650_F_LIV_01_ASEReadCounter.table","NW_015090842.1:9866200",0,3,3
"ANKRD11","s1650_F_LIV_01_ASEReadCounter.table","NW_015090842.1:9867391",1,3,2
"ANKRD11","s1650_F_LIV_01_ASEReadCounter.table","NW_015090842.1:9867472",1,3,2
"ANKRD11","s1650_F_LIV_01_ASEReadCounter.table","NW_015090842.1:9867559",5,9,4
"ANKRD11","s1650_F_LIV_01_ASEReadCounter.table","NW_015090842.1:9867667",5,11,6
"ANKRD11","s1650_F_LIV_01_ASEReadCounter.table","NW_015090842.1:9867934",4,8,4
"ANKRD11","s1650_F_LIV_01_ASEReadCounter.table","NW_015090842.1:9868064",0,5,5
"ANKRD11","s1650_F_LIV_01_ASEReadCounter.table","NW_015090842.1:9868093",1,6,5
"ANKRD11","s1650_F_LIV_01_ASEReadCounter.table","NW_015090842.1:9868222",1,3,2
"ANKRD11","s1650_F_LIV_01_ASEReadCounter.table","NW_015090842.1:9868327",4,7,3
"ANKRD11","s1650_F_LIV_01_ASEReadCounter.table","NW_015090842.1:9868414",3,5,2
"ANKRD11","s1650_F_LIV_01_ASEReadCounter.table","NW_015090842.1:9868441",1,4,3
"ANKRD11","s1650_F_LIV_01_ASEReadCounter.table","NW_015090842.1:9868444",1,6,5
"ANKRD11","s1650_F_LIV_01_ASEReadCounter.table","NW_015090842.1:9868519",2,9,7
"ANKRD11","s1650_F_LIV_01_ASEReadCounter.table","NW_015090842.1:9868609",4,9,5
"ANKRD11","s1650_F_LIV_01_ASEReadCounter.table","NW_015090842.1:9868666",4,8,4
"ANKRD11","s1650_F_LIV_01_ASEReadCounter.table","NW_015090842.1:9868738",9,9,0
"ANKRD11","s1650_F_LIV_01_ASEReadCounter.table","NW_015090842.1:9869431",3,7,4
"ANKRD11","s1650_F_LIV_01_ASEReadCounter.table","NW_015090842.1:9869578",9,15,6
"ANKRD11","s1650_F_LIV_01_ASEReadCounter.table","NW_015090842.1:9869734",13,20,7
"ANKRD11","s1650_F_LIV_01_ASEReadCounter.table","NW_015090842.1:9870070",8,19,11
"ANKRD11","s1650_F_LIV_01_ASEReadCounter.table","NW_015090842.1:9870349",17,37,20
"ANKRD11","s1650_F_LIV_01_ASEReadCounter.table","NW_015090842.1:9870604",27,44,17
"ANKRD11","s1650_F_LIV_01_ASEReadCounter.table","NW_015090842.1:9870613",28,44,16
"ANKRD11","s1650_F_LIV_01_ASEReadCounter.table","NW_015090842.1:9870685",33,57,24
"ANKRD11","s1650_F_LIV_01_ASEReadCounter.table","NW_015090842.1:9870760",31,61,30
"ANKRD11","s1650_F_LIV_01_ASEReadCounter.table","NW_015090842.1:9870847",39,71,32
"ANKRD11","s1650_F_LIV_01_ASEReadCounter.table","NW_015090842.1:9871103",13,33,20
"ANKRD11","s1650_F_LIV_01_ASEReadCounter.table","NW_015090842.1:9871165",20,35,15
"ANKRD11","s1650_F_LIV_01_ASEReadCounter.table","NW_015090842.1:9871508",6,6,0
"ANKRD11","s1650_F_LIV_01_ASEReadCounter.table","NW_015090842.1:9871820",5,7,2
"ANKRD11","s1650_F_LIV_01_ASEReadCounter.table","NW_015090842.1:9872118",5,7,2
"ANKRD11","s1650_F_LIV_01_ASEReadCounter.table","NW_015090842.1:9877406",2,2,0
"SPG7","s1650_F_LIV_01_ASEReadCounter.table","NW_015090842.1:10051190",30,45,15
"SPG7","s1650_F_LIV_01_ASEReadCounter.table","NW_015090842.1:10051218",28,51,23
"SPG7","s1650_F_LIV_01_ASEReadCounter.table","NW_015090842.1:10052348",26,48,22
"SPG7","s1650_F_LIV_01_ASEReadCounter.table","NW_015090842.1:10052366",26,55,29
"SPG7","s1650_F_LIV_01_ASEReadCounter.table","NW_015090842.1:10065173",60,102,42
"SPG7","s1650_F_LIV_01_ASEReadCounter.table","NW_015090842.1:10065215",51,89,38
"SPG7","s1650_F_LIV_01_ASEReadCounter.table","NW_015090842.1:10066365",44,69,25
"SPG7","s1650_F_LIV_01_ASEReadCounter.table","NW_015090842.1:10069752",60,108,48
"SPG7","s1650_F_LIV_01_ASEReadCounter.table","NW_015090842.1:10069800",49,103,54
"SPG7","s1650_F_LIV_01_ASEReadCounter.table","NW_015090842.1:10071192",55,102,47
"SPG7","s1650_F_LIV_01_ASEReadCounter.table","NW_015090842.1:10071219",46,90,44
"SPG7","s1650_F_LIV_01_ASEReadCounter.table","NW_015090842.1:10071967",43,86,43
"SPG7","s1650_F_LIV_01_ASEReadCounter.table","NW_015090842.1:10075109",84,154,70
"SPG7","s1650_F_LIV_01_ASEReadCounter.table","NW_015090842.1:10075114",82,150,68
"SPG7","s1650_F_LIV_01_ASEReadCounter.table","NW_015090842.1:10075198",68,123,55
"SPG7","s1650_F_LIV_01_ASEReadCounter.table","NW_015090842.1:10075487",64,111,47
"SPG7","s1650_F_LIV_01_ASEReadCounter.table","NW_015090842.1:10075488",63,112,49
"SPG7","s1650_F_LIV_01_ASEReadCounter.table","NW_015090842.1:10075548",43,85,42
"RPL13","s1650_F_LIV_01_ASEReadCounter.table","NW_015090842.1:10077387",1191,2310,1119
"RPL13","s1650_F_LIV_01_ASEReadCounter.table","NW_015090842.1:10077978",1772,3456,1684
"RPL13","s1650_F_LIV_01_ASEReadCounter.table","NW_015090842.1:10077992",1747,3370,1623
"LOC106888185","s1650_F_LIV_01_ASEReadCounter.table","NW_015090842.1:10094965",14,34,20
"LOC106888185","s1650_F_LIV_01_ASEReadCounter.table","NW_015090842.1:10094966",17,36,19
"LOC106888185","s1650_F_LIV_01_ASEReadCounter.table","NW_015090842.1:10094985",16,36,20
"LOC106888185","s1650_F_LIV_01_ASEReadCounter.table","NW_015090842.1:10095055",1,27,26
"LOC106888185","s1650_F_LIV_01_ASEReadCounter.table","NW_015090842.1:10095062",1,21,20
"LOC106888185","s1650_F_LIV_01_ASEReadCounter.table","NW_015090842.1:10095130",4,26,22
"LOC106888185","s1650_F_LIV_01_ASEReadCounter.table","NW_015090842.1:10095265",50,93,43
"LOC106888185","s1650_F_LIV_01_ASEReadCounter.table","NW_015090842.1:10095586",36,84,48
"LOC106888185","s1650_F_LIV_01_ASEReadCounter.table","NW_015090842.1:10095593",38,86,48
"LOC106888185","s1650_F_LIV_01_ASEReadCounter.table","NW_015090842.1:10095616",32,75,43
"LOC106888185","s1650_F_LIV_01_ASEReadCounter.table","NW_015090842.1:10095662",20,49,29
"LOC106888185","s1650_F_LIV_01_ASEReadCounter.table","NW_015090842.1:10095674",18,46,28
"LOC106888185","s1650_F_LIV_01_ASEReadCounter.table","NW_015090842.1:10095786",23,47,24
"LOC106888185","s1650_F_LIV_01_ASEReadCounter.table","NW_015090842.1:10095831",23,54,31
"LOC106888185","s1650_F_LIV_01_ASEReadCounter.table","NW_015090842.1:10096230",31,61,30
"LOC106888185","s1650_F_LIV_01_ASEReadCounter.table","NW_015090842.1:10096249",32,70,38
"LOC106888185","s1650_F_LIV_01_ASEReadCounter.table","NW_015090842.1:10096272",32,65,33
"LOC106888185","s1650_F_LIV_01_ASEReadCounter.table","NW_015090842.1:10096288",34,68,34
"LOC106888185","s1650_F_LIV_01_ASEReadCounter.table","NW_015090842.1:10097248",23,57,34
"LOC106888185","s1650_F_LIV_01_ASEReadCounter.table","NW_015090842.1:10097265",27,63,36
"LOC106888185","s1650_F_LIV_01_ASEReadCounter.table","NW_015090842.1:10097446",3,15,12
"DPEP1","s1650_F_LIV_01_ASEReadCounter.table","NW_015090842.1:10098518",59,68,9
"DPEP1","s1650_F_LIV_01_ASEReadCounter.table","NW_015090842.1:10098595",120,136,16
"DPEP1","s1650_F_LIV_01_ASEReadCounter.table","NW_015090842.1:10098597",120,137,17
"DPEP1","s1650_F_LIV_01_ASEReadCounter.table","NW_015090842.1:10098601",124,140,16
"DPEP1","s1650_F_LIV_01_ASEReadCounter.table","NW_015090842.1:10098608",122,139,17
"DPEP1","s1650_F_LIV_01_ASEReadCounter.table","NW_015090842.1:10098630",116,134,18
"DPEP1","s1650_F_LIV_01_ASEReadCounter.table","NW_015090842.1:10098659",128,143,15
"DPEP1","s1650_F_LIV_01_ASEReadCounter.table","NW_015090842.1:10099765",148,163,15
"DPEP1","s1650_F_LIV_01_ASEReadCounter.table","NW_015090842.1:10099985",115,133,18
"DPEP1","s1650_F_LIV_01_ASEReadCounter.table","NW_015090842.1:10099986",115,134,19
"DPEP1","s1650_F_LIV_01_ASEReadCounter.table","NW_015090842.1:10099991",109,129,20
"DPEP1","s1650_F_LIV_01_ASEReadCounter.table","NW_015090842.1:10100044",180,206,26
"DPEP1","s1650_F_LIV_01_ASEReadCounter.table","NW_015090842.1:10100045",182,208,26
"DPEP1","s1650_F_LIV_01_ASEReadCounter.table","NW_015090842.1:10100084",189,212,23
"DPEP1","s1650_F_LIV_01_ASEReadCounter.table","NW_015090842.1:10100295",181,211,30
"DPEP1","s1650_F_LIV_01_ASEReadCounter.table","NW_015090842.1:10100529",177,205,28
"DPEP1","s1650_F_LIV_01_ASEReadCounter.table","NW_015090842.1:10100893",310,349,39
"DPEP1","s1650_F_LIV_01_ASEReadCounter.table","NW_015090842.1:10100902",308,347,39
"DPEP1","s1650_F_LIV_01_ASEReadCounter.table","NW_015090842.1:10101072",313,375,62
"DPEP1","s1650_F_LIV_01_ASEReadCounter.table","NW_015090842.1:10101199",312,362,50
"DPEP1","s1650_F_LIV_01_ASEReadCounter.table","NW_015090842.1:10101483",356,403,47
"DPEP1","s1650_F_LIV_01_ASEReadCounter.table","NW_015090842.1:10101497",387,438,51
"DPEP1","s1650_F_LIV_01_ASEReadCounter.table","NW_015090842.1:10101525",396,448,52
"DPEP1","s1650_F_LIV_01_ASEReadCounter.table","NW_015090842.1:10101875",416,456,40
"DPEP1","s1650_F_LIV_01_ASEReadCounter.table","NW_015090842.1:10101913",342,375,33
"DPEP1","s1650_F_LIV_01_ASEReadCounter.table","NW_015090842.1:10101996",243,275,32
"DPEP1","s1650_F_LIV_01_ASEReadCounter.table","NW_015090842.1:10102014",221,248,27
"DPEP1","s1650_F_LIV_01_ASEReadCounter.table","NW_015090842.1:10102035",178,199,21
"CHMP1A","s1650_F_LIV_01_ASEReadCounter.table","NW_015090842.1:10102901",56,128,72
"CHMP1A","s1650_F_LIV_01_ASEReadCounter.table","NW_015090842.1:10102961",45,130,85
"CHMP1A","s1650_F_LIV_01_ASEReadCounter.table","NW_015090842.1:10102996",37,121,84
"CHMP1A","s1650_F_LIV_01_ASEReadCounter.table","NW_015090842.1:10103004",39,125,86
"CHMP1A","s1650_F_LIV_01_ASEReadCounter.table","NW_015090842.1:10103006",39,127,88
"CHMP1A","s1650_F_LIV_01_ASEReadCounter.table","NW_015090842.1:10103052",72,173,101
"CHMP1A","s1650_F_LIV_01_ASEReadCounter.table","NW_015090842.1:10103095",77,171,94
"CHMP1A","s1650_F_LIV_01_ASEReadCounter.table","NW_015090842.1:10103096",76,170,94
"CHMP1A","s1650_F_LIV_01_ASEReadCounter.table","NW_015090842.1:10103152",56,104,48
"CHMP1A","s1650_F_LIV_01_ASEReadCounter.table","NW_015090842.1:10103173",52,101,49
"CHMP1A","s1650_F_LIV_01_ASEReadCounter.table","NW_015090842.1:10103334",23,66,43
"CHMP1A","s1650_F_LIV_01_ASEReadCounter.table","NW_015090842.1:10103373",12,52,40
"CHMP1A","s1650_F_LIV_01_ASEReadCounter.table","NW_015090842.1:10103408",37,80,43
"CHMP1A","s1650_F_LIV_01_ASEReadCounter.table","NW_015090842.1:10103412",38,80,42
"CHMP1A","s1650_F_LIV_01_ASEReadCounter.table","NW_015090842.1:10103512",51,103,52
"CHMP1A","s1650_F_LIV_01_ASEReadCounter.table","NW_015090842.1:10103513",51,103,52
"CHMP1A","s1650_F_LIV_01_ASEReadCounter.table","NW_015090842.1:10103583",30,66,36
"CHMP1A","s1650_F_LIV_01_ASEReadCounter.table","NW_015090842.1:10103614",32,60,28
"CHMP1A","s1650_F_LIV_01_ASEReadCounter.table","NW_015090842.1:10103657",26,54,28
"CHMP1A","s1650_F_LIV_01_ASEReadCounter.table","NW_015090842.1:10103669",23,47,24
"CHMP1A","s1650_F_LIV_01_ASEReadCounter.table","NW_015090842.1:10103674",23,45,22
"CHMP1A","s1650_F_LIV_01_ASEReadCounter.table","NW_015090842.1:10103677",24,45,21
"CHMP1A","s1650_F_LIV_01_ASEReadCounter.table","NW_015090842.1:10103729",34,66,32
"CHMP1A","s1650_F_LIV_01_ASEReadCounter.table","NW_015090842.1:10103758",37,66,29
"CHMP1A","s1650_F_LIV_01_ASEReadCounter.table","NW_015090842.1:10103761",38,68,30
"CHMP1A","s1650_F_LIV_01_ASEReadCounter.table","NW_015090842.1:10103788",39,76,37
"CHMP1A","s1650_F_LIV_01_ASEReadCounter.table","NW_015090842.1:10103789",37,77,40
"CHMP1A","s1650_F_LIV_01_ASEReadCounter.table","NW_015090842.1:10103790",38,77,39
"CHMP1A","s1650_F_LIV_01_ASEReadCounter.table","NW_015090842.1:10103950",28,58,30
"CHMP1A","s1650_F_LIV_01_ASEReadCounter.table","NW_015090842.1:10104335",25,55,30
"CHMP1A","s1650_F_LIV_01_ASEReadCounter.table","NW_015090842.1:10104429",25,68,43
"CHMP1A","s1650_F_LIV_01_ASEReadCounter.table","NW_015090842.1:10104532",35,77,42
"CHMP1A","s1650_F_LIV_01_ASEReadCounter.table","NW_015090842.1:10104633",24,55,31
"CHMP1A","s1650_F_LIV_01_ASEReadCounter.table","NW_015090842.1:10104759",23,47,24
"CHMP1A","s1650_F_LIV_01_ASEReadCounter.table","NW_015090842.1:10104794",25,57,32
"CHMP1A","s1650_F_LIV_01_ASEReadCounter.table","NW_015090842.1:10104841",47,47,0
"CHMP1A","s1650_F_LIV_01_ASEReadCounter.table","NW_015090842.1:10104844",10,42,32
"CHMP1A","s1650_F_LIV_01_ASEReadCounter.table","NW_015090842.1:10106242",24,55,31
"CHMP1A","s1650_F_LIV_01_ASEReadCounter.table","NW_015090842.1:10106290",27,59,32
"CHMP1A","s1650_F_LIV_01_ASEReadCounter.table","NW_015090842.1:10106335",30,67,37
"CHMP1A","s1650_F_LIV_01_ASEReadCounter.table","NW_015090842.1:10106383",23,68,45
"CHMP1A","s1650_F_LIV_01_ASEReadCounter.table","NW_015090842.1:10106747",27,68,41
"CHMP1A","s1650_F_LIV_01_ASEReadCounter.table","NW_015090842.1:10107404",30,64,34
"CHMP1A","s1650_F_LIV_01_ASEReadCounter.table","NW_015090842.1:10107876",19,50,31
"CDK10","s1650_F_LIV_01_ASEReadCounter.table","NW_015090842.1:10109030",5,6,1
"CDK10","s1650_F_LIV_01_ASEReadCounter.table","NW_015090842.1:10109963",14,37,23
"CDK10","s1650_F_LIV_01_ASEReadCounter.table","NW_015090842.1:10110887",13,44,31
"CDK10","s1650_F_LIV_01_ASEReadCounter.table","NW_015090842.1:10111254",10,27,17
"CDK10","s1650_F_LIV_01_ASEReadCounter.table","NW_015090842.1:10111380",10,36,26
"CDK10","s1650_F_LIV_01_ASEReadCounter.table","NW_015090842.1:10111395",10,39,29
"CDK10","s1650_F_LIV_01_ASEReadCounter.table","NW_015090842.1:10111437",4,34,30
"CDK10","s1650_F_LIV_01_ASEReadCounter.table","NW_015090842.1:10111798",12,38,26
"CDK10","s1650_F_LIV_01_ASEReadCounter.table","NW_015090842.1:10111840",13,33,20
"CDK10","s1650_F_LIV_01_ASEReadCounter.table","NW_015090842.1:10112031",17,58,41
"CDK10","s1650_F_LIV_01_ASEReadCounter.table","NW_015090842.1:10112285",17,43,26
"CDK10","s1650_F_LIV_01_ASEReadCounter.table","NW_015090842.1:10112398",19,40,21
"CDK10","s1650_F_LIV_01_ASEReadCounter.table","NW_015090842.1:10112455",12,36,24
"CDK10","s1650_F_LIV_01_ASEReadCounter.table","NW_015090842.1:10112461",13,36,23
"CDK10","s1650_F_LIV_01_ASEReadCounter.table","NW_015090842.1:10112497",12,35,23
"CDK10","s1650_F_LIV_01_ASEReadCounter.table","NW_015090842.1:10112508",11,35,24
"CDK10","s1650_F_LIV_01_ASEReadCounter.table","NW_015090842.1:10112518",8,32,24
"CDK10","s1650_F_LIV_01_ASEReadCounter.table","NW_015090842.1:10112540",3,28,25
"CDK10","s1650_F_LIV_01_ASEReadCounter.table","NW_015090842.1:10112556",14,37,23
"CDK10","s1650_F_LIV_01_ASEReadCounter.table","NW_015090842.1:10112561",14,40,26
"CDK10","s1650_F_LIV_01_ASEReadCounter.table","NW_015090842.1:10112596",15,40,25
"CDK10","s1650_F_LIV_01_ASEReadCounter.table","NW_015090842.1:10112630",15,42,27
"CDK10","s1650_F_LIV_01_ASEReadCounter.table","NW_015090842.1:10112656",10,31,21
"CDK10","s1650_F_LIV_01_ASEReadCounter.table","NW_015090842.1:10112665",11,26,15
"CDK10","s1650_F_LIV_01_ASEReadCounter.table","NW_015090842.1:10112668",11,25,14
"CDK10","s1650_F_LIV_01_ASEReadCounter.table","NW_015090842.1:10112781",7,21,14
"CDK10","s1650_F_LIV_01_ASEReadCounter.table","NW_015090842.1:10112782",7,21,14
"CDK10","s1650_F_LIV_01_ASEReadCounter.table","NW_015090842.1:10112795",6,20,14
"CDK10","s1650_F_LIV_01_ASEReadCounter.table","NW_015090842.1:10112841",3,8,5
"CDK10","s1650_F_LIV_01_ASEReadCounter.table","NW_015090842.1:10112861",3,7,4
"SPATA2L","s1650_F_LIV_01_ASEReadCounter.table","NW_015090842.1:10113212",3,6,3
"SPATA2L","s1650_F_LIV_01_ASEReadCounter.table","NW_015090842.1:10113280",7,21,14
"SPATA2L","s1650_F_LIV_01_ASEReadCounter.table","NW_015090842.1:10113296",7,24,17
"SPATA2L","s1650_F_LIV_01_ASEReadCounter.table","NW_015090842.1:10113321",8,28,20
"SPATA2L","s1650_F_LIV_01_ASEReadCounter.table","NW_015090842.1:10113332",11,32,21
"SPATA2L","s1650_F_LIV_01_ASEReadCounter.table","NW_015090842.1:10113380",8,30,22
"SPATA2L","s1650_F_LIV_01_ASEReadCounter.table","NW_015090842.1:10113381",8,29,21
"SPATA2L","s1650_F_LIV_01_ASEReadCounter.table","NW_015090842.1:10113412",8,31,23
"SPATA2L","s1650_F_LIV_01_ASEReadCounter.table","NW_015090842.1:10113421",8,30,22
"SPATA2L","s1650_F_LIV_01_ASEReadCounter.table","NW_015090842.1:10113465",8,28,20
"SPATA2L","s1650_F_LIV_01_ASEReadCounter.table","NW_015090842.1:10113535",14,26,12
"SPATA2L","s1650_F_LIV_01_ASEReadCounter.table","NW_015090842.1:10113645",6,29,23
"SPATA2L","s1650_F_LIV_01_ASEReadCounter.table","NW_015090842.1:10113682",7,35,28
"SPATA2L","s1650_F_LIV_01_ASEReadCounter.table","NW_015090842.1:10113696",7,34,27
"SPATA2L","s1650_F_LIV_01_ASEReadCounter.table","NW_015090842.1:10113727",8,37,29
"SPATA2L","s1650_F_LIV_01_ASEReadCounter.table","NW_015090842.1:10113799",8,38,30
"SPATA2L","s1650_F_LIV_01_ASEReadCounter.table","NW_015090842.1:10113809",11,41,30
"SPATA2L","s1650_F_LIV_01_ASEReadCounter.table","NW_015090842.1:10113827",11,40,29
"SPATA2L","s1650_F_LIV_01_ASEReadCounter.table","NW_015090842.1:10113831",10,39,29
"SPATA2L","s1650_F_LIV_01_ASEReadCounter.table","NW_015090842.1:10113894",8,32,24
"SPATA2L","s1650_F_LIV_01_ASEReadCounter.table","NW_015090842.1:10113905",5,27,22
"SPATA2L","s1650_F_LIV_01_ASEReadCounter.table","NW_015090842.1:10113914",5,25,20
"SPATA2L","s1650_F_LIV_01_ASEReadCounter.table","NW_015090842.1:10113920",5,25,20
"SPATA2L","s1650_F_LIV_01_ASEReadCounter.table","NW_015090842.1:10113937",7,23,16
"SPATA2L","s1650_F_LIV_01_ASEReadCounter.table","NW_015090842.1:10113971",6,20,14
"SPATA2L","s1650_F_LIV_01_ASEReadCounter.table","NW_015090842.1:10113976",6,22,16
"SPATA2L","s1650_F_LIV_01_ASEReadCounter.table","NW_015090842.1:10113985",6,19,13
"SPATA2L","s1650_F_LIV_01_ASEReadCounter.table","NW_015090842.1:10113994",7,22,15
"SPATA2L","s1650_F_LIV_01_ASEReadCounter.table","NW_015090842.1:10114063",3,24,21
"SPATA2L","s1650_F_LIV_01_ASEReadCounter.table","NW_015090842.1:10114066",3,24,21
"SPATA2L","s1650_F_LIV_01_ASEReadCounter.table","NW_015090842.1:10114069",3,23,20
"SPATA2L","s1650_F_LIV_01_ASEReadCounter.table","NW_015090842.1:10114121",5,12,7
"SPATA2L","s1650_F_LIV_01_ASEReadCounter.table","NW_015090842.1:10114159",6,15,9
"SPATA2L","s1650_F_LIV_01_ASEReadCounter.table","NW_015090842.1:10114282",4,17,13
"SPATA2L","s1650_F_LIV_01_ASEReadCounter.table","NW_015090842.1:10114470",2,17,15
"SPATA2L","s1650_F_LIV_01_ASEReadCounter.table","NW_015090842.1:10114524",1,7,6
"VPS9D1","s1650_F_LIV_01_ASEReadCounter.table","NW_015090842.1:10116377",5,8,3
"VPS9D1","s1650_F_LIV_01_ASEReadCounter.table","NW_015090842.1:10116415",7,10,3
"VPS9D1","s1650_F_LIV_01_ASEReadCounter.table","NW_015090842.1:10116607",5,8,3
"VPS9D1","s1650_F_LIV_01_ASEReadCounter.table","NW_015090842.1:10116816",3,3,0
"VPS9D1","s1650_F_LIV_01_ASEReadCounter.table","NW_015090842.1:10116821",3,3,0
"VPS9D1","s1650_F_LIV_01_ASEReadCounter.table","NW_015090842.1:10116825",3,3,0
"VPS9D1","s1650_F_LIV_01_ASEReadCounter.table","NW_015090842.1:10116882",4,4,0
"VPS9D1","s1650_F_LIV_01_ASEReadCounter.table","NW_015090842.1:10116885",3,3,0
"VPS9D1","s1650_F_LIV_01_ASEReadCounter.table","NW_015090842.1:10116933",3,4,1
"VPS9D1","s1650_F_LIV_01_ASEReadCounter.table","NW_015090842.1:10116942",3,4,1
"VPS9D1","s1650_F_LIV_01_ASEReadCounter.table","NW_015090842.1:10117152",3,6,3
"VPS9D1","s1650_F_LIV_01_ASEReadCounter.table","NW_015090842.1:10117396",4,4,0
"VPS9D1","s1650_F_LIV_01_ASEReadCounter.table","NW_015090842.1:10117405",2,2,0
"VPS9D1","s1650_F_LIV_01_ASEReadCounter.table","NW_015090842.1:10117480",0,2,2
"VPS9D1","s1650_F_LIV_01_ASEReadCounter.table","NW_015090842.1:10117497",0,2,2
"VPS9D1","s1650_F_LIV_01_ASEReadCounter.table","NW_015090842.1:10117499",0,2,2
"VPS9D1","s1650_F_LIV_01_ASEReadCounter.table","NW_015090842.1:10117516",0,2,2
"VPS9D1","s1650_F_LIV_01_ASEReadCounter.table","NW_015090842.1:10117525",0,1,1
"VPS9D1","s1650_F_LIV_01_ASEReadCounter.table","NW_015090842.1:10117579",1,3,2
"VPS9D1","s1650_F_LIV_01_ASEReadCounter.table","NW_015090842.1:10117627",1,2,1
"VPS9D1","s1650_F_LIV_01_ASEReadCounter.table","NW_015090842.1:10117678",0,3,3
"VPS9D1","s1650_F_LIV_01_ASEReadCounter.table","NW_015090842.1:10117773",3,5,2
"VPS9D1","s1650_F_LIV_01_ASEReadCounter.table","NW_015090842.1:10117937",3,4,1
"VPS9D1","s1650_F_LIV_01_ASEReadCounter.table","NW_015090842.1:10117961",3,4,1
"VPS9D1","s1650_F_LIV_01_ASEReadCounter.table","NW_015090842.1:10118236",4,4,0
"VPS9D1","s1650_F_LIV_01_ASEReadCounter.table","NW_015090842.1:10118414",2,5,3
"VPS9D1","s1650_F_LIV_01_ASEReadCounter.table","NW_015090842.1:10118973",2,5,3
"VPS9D1","s1650_F_LIV_01_ASEReadCounter.table","NW_015090842.1:10119500",1,2,1
"ZNF276","s1650_F_LIV_01_ASEReadCounter.table","NW_015090842.1:10121760",2,2,0
"ZNF276","s1650_F_LIV_01_ASEReadCounter.table","NW_015090842.1:10121769",2,2,0
"ZNF276","s1650_F_LIV_01_ASEReadCounter.table","NW_015090842.1:10121802",1,2,1
"ZNF276","s1650_F_LIV_01_ASEReadCounter.table","NW_015090842.1:10121971",1,1,0
"ZNF276","s1650_F_LIV_01_ASEReadCounter.table","NW_015090842.1:10122883",2,4,2
"ZNF276","s1650_F_LIV_01_ASEReadCounter.table","NW_015090842.1:10123069",3,7,4
"ZNF276","s1650_F_LIV_01_ASEReadCounter.table","NW_015090842.1:10123207",3,4,1
"ZNF276","s1650_F_LIV_01_ASEReadCounter.table","NW_015090842.1:10125787",4,7,3
"ZNF276","s1650_F_LIV_01_ASEReadCounter.table","NW_015090842.1:10126309",11,20,9
"ZNF276","s1650_F_LIV_01_ASEReadCounter.table","NW_015090842.1:10126348",10,21,11
"ZNF276","s1650_F_LIV_01_ASEReadCounter.table","NW_015090842.1:10126978",10,11,1
"ZNF276","s1650_F_LIV_01_ASEReadCounter.table","NW_015090842.1:10126991",10,14,4
"ZNF276","s1650_F_LIV_01_ASEReadCounter.table","NW_015090842.1:10127023",8,12,4
"ZNF276","s1650_F_LIV_01_ASEReadCounter.table","NW_015090842.1:10127063",7,15,8
"ZNF276","s1650_F_LIV_01_ASEReadCounter.table","NW_015090842.1:10127373",9,17,8
"ZNF276","s1650_F_LIV_01_ASEReadCounter.table","NW_015090842.1:10127931",6,11,5
"ZNF276","s1650_F_LIV_01_ASEReadCounter.table","NW_015090842.1:10128070",16,19,3
"ZNF276","s1650_F_LIV_01_ASEReadCounter.table","NW_015090842.1:10128102",17,20,3
"ZNF276","s1650_F_LIV_01_ASEReadCounter.table","NW_015090842.1:10128356",9,16,7
"ZNF276","s1650_F_LIV_01_ASEReadCounter.table","NW_015090842.1:10128497",6,15,9
"FANCA","s1650_F_LIV_01_ASEReadCounter.table","NW_015090842.1:10128743",0,1,1
"FANCA","s1650_F_LIV_01_ASEReadCounter.table","NW_015090842.1:10128822",0,1,1
"FANCA","s1650_F_LIV_01_ASEReadCounter.table","NW_015090842.1:10129969",0,1,1
"FANCA","s1650_F_LIV_01_ASEReadCounter.table","NW_015090842.1:10130399",0,1,1
"FANCA","s1650_F_LIV_01_ASEReadCounter.table","NW_015090842.1:10133530",0,1,1
"FANCA","s1650_F_LIV_01_ASEReadCounter.table","NW_015090842.1:10133533",0,1,1
"FANCA","s1650_F_LIV_01_ASEReadCounter.table","NW_015090842.1:10133536",0,1,1
"FANCA","s1650_F_LIV_01_ASEReadCounter.table","NW_015090842.1:10133601",0,1,1
"FANCA","s1650_F_LIV_01_ASEReadCounter.table","NW_015090842.1:10137673",1,1,0
"FANCA","s1650_F_LIV_01_ASEReadCounter.table","NW_015090842.1:10138618",1,1,0
"SPIRE2","s1650_F_LIV_01_ASEReadCounter.table","NW_015090842.1:10176115",0,1,1
"SPIRE2","s1650_F_LIV_01_ASEReadCounter.table","NW_015090842.1:10176561",0,1,1
"SPIRE2","s1650_F_LIV_01_ASEReadCounter.table","NW_015090842.1:10177110",0,1,1
"SPIRE2","s1650_F_LIV_01_ASEReadCounter.table","NW_015090842.1:10177838",0,1,1
"SPIRE2","s1650_F_LIV_01_ASEReadCounter.table","NW_015090842.1:10178000",0,2,2
"SPIRE2","s1650_F_LIV_01_ASEReadCounter.table","NW_015090842.1:10178164",0,2,2
"SPIRE2","s1650_F_LIV_01_ASEReadCounter.table","NW_015090842.1:10178216",0,2,2
"SPIRE2","s1650_F_LIV_01_ASEReadCounter.table","NW_015090842.1:10178524",0,1,1
"SPIRE2","s1650_F_LIV_01_ASEReadCounter.table","NW_015090842.1:10178526",0,1,1
"SPIRE2","s1650_F_LIV_01_ASEReadCounter.table","NW_015090842.1:10178531",0,1,1
"SPIRE2","s1650_F_LIV_01_ASEReadCounter.table","NW_015090842.1:10178565",0,1,1
"SPIRE2","s1650_F_LIV_01_ASEReadCounter.table","NW_015090842.1:10178587",0,1,1
"TCF25","s1650_F_LIV_01_ASEReadCounter.table","NW_015090842.1:10180912",10,23,13
"TCF25","s1650_F_LIV_01_ASEReadCounter.table","NW_015090842.1:10180924",13,27,14
"TCF25","s1650_F_LIV_01_ASEReadCounter.table","NW_015090842.1:10180931",13,29,16
"TCF25","s1650_F_LIV_01_ASEReadCounter.table","NW_015090842.1:10185332",62,108,46
"TCF25","s1650_F_LIV_01_ASEReadCounter.table","NW_015090842.1:10188816",36,65,29
"DBNDD1","s1650_F_LIV_01_ASEReadCounter.table","NW_015090842.1:10223105",2,17,15
"GAS8","s1650_F_LIV_01_ASEReadCounter.table","NW_015090842.1:10228982",3,4,1
"GAS8","s1650_F_LIV_01_ASEReadCounter.table","NW_015090842.1:10229832",0,5,5
"GAS8","s1650_F_LIV_01_ASEReadCounter.table","NW_015090842.1:10232375",4,10,6
"GAS8","s1650_F_LIV_01_ASEReadCounter.table","NW_015090842.1:10232901",1,2,1
"GAS8","s1650_F_LIV_01_ASEReadCounter.table","NW_015090842.1:10232928",2,2,0
"GAS8","s1650_F_LIV_01_ASEReadCounter.table","NW_015090842.1:10232967",4,5,1
"GAS8","s1650_F_LIV_01_ASEReadCounter.table","NW_015090842.1:10233032",3,5,2
"GAS8","s1650_F_LIV_01_ASEReadCounter.table","NW_015090842.1:10233057",3,4,1
"GAS8","s1650_F_LIV_01_ASEReadCounter.table","NW_015090842.1:10233058",3,5,2
"GAS8","s1650_F_LIV_01_ASEReadCounter.table","NW_015090842.1:10233176",5,5,0
"GAS8","s1650_F_LIV_01_ASEReadCounter.table","NW_015090842.1:10233196",5,5,0
"GAS8","s1650_F_LIV_01_ASEReadCounter.table","NW_015090842.1:10233252",4,5,1
"GAS8","s1650_F_LIV_01_ASEReadCounter.table","NW_015090842.1:10233303",1,2,1
"LOC106888094","s1650_F_LIV_01_ASEReadCounter.table","NW_015090842.1:10233334",20,78,58
"LOC106888094","s1650_F_LIV_01_ASEReadCounter.table","NW_015090842.1:10233362",52,192,140
"LOC106888094","s1650_F_LIV_01_ASEReadCounter.table","NW_015090842.1:10233373",59,217,158
"LOC106888094","s1650_F_LIV_01_ASEReadCounter.table","NW_015090842.1:10233388",73,244,171
"LOC106888094","s1650_F_LIV_01_ASEReadCounter.table","NW_015090842.1:10233402",84,255,171
"LOC106888094","s1650_F_LIV_01_ASEReadCounter.table","NW_015090842.1:10233465",119,340,221
"LOC106888094","s1650_F_LIV_01_ASEReadCounter.table","NW_015090842.1:10233803",130,394,264
"LOC106888094","s1650_F_LIV_01_ASEReadCounter.table","NW_015090842.1:10233815",120,361,241
"LOC106888094","s1650_F_LIV_01_ASEReadCounter.table","NW_015090842.1:10236098",4,7,3
"LOC106888094","s1650_F_LIV_01_ASEReadCounter.table","NW_015090842.1:10236161",0,8,8
"LOC106888094","s1650_F_LIV_01_ASEReadCounter.table","NW_015090842.1:10236380",1,1,0
"LOC106888094","s1650_F_LIV_01_ASEReadCounter.table","NW_015090842.1:10236388",1,1,0
"LOC106888094","s1650_F_LIV_01_ASEReadCounter.table","NW_015090842.1:10236425",1,1,0
"LOC106888094","s1650_F_LIV_01_ASEReadCounter.table","NW_015090842.1:10236426",1,1,0
"LOC106888173","s1650_F_LIV_01_ASEReadCounter.table","NW_015090842.1:10239596",0,1,1
"LOC106888173","s1650_F_LIV_01_ASEReadCounter.table","NW_015090842.1:10240036",0,1,1
"LOC106888173","s1650_F_LIV_01_ASEReadCounter.table","NW_015090842.1:10240095",0,1,1
"LOC106888173","s1650_F_LIV_01_ASEReadCounter.table","NW_015090842.1:10240280",0,1,1
"LOC106888173","s1650_F_LIV_01_ASEReadCounter.table","NW_015090842.1:10240690",0,1,1
"LOC106888173","s1650_F_LIV_01_ASEReadCounter.table","NW_015090842.1:10240924",0,4,4
"LOC106888173","s1650_F_LIV_01_ASEReadCounter.table","NW_015090842.1:10241037",1,5,4
"LOC106888173","s1650_F_LIV_01_ASEReadCounter.table","NW_015090842.1:10241046",1,4,3
"LOC106888173","s1650_F_LIV_01_ASEReadCounter.table","NW_015090842.1:10241058",1,5,4
"LOC106888173","s1650_F_LIV_01_ASEReadCounter.table","NW_015090842.1:10241064",1,5,4
"LOC106888173","s1650_F_LIV_01_ASEReadCounter.table","NW_015090842.1:10241103",5,5,0
"LOC106888173","s1650_F_LIV_01_ASEReadCounter.table","NW_015090842.1:10241163",0,1,1
"LOC106888173","s1650_F_LIV_01_ASEReadCounter.table","NW_015090842.1:10241803",0,2,2
"LOC106888173","s1650_F_LIV_01_ASEReadCounter.table","NW_015090842.1:10241827",0,1,1
"LOC106888173","s1650_F_LIV_01_ASEReadCounter.table","NW_015090842.1:10242157",0,1,1
"LOC106888173","s1650_F_LIV_01_ASEReadCounter.table","NW_015090842.1:10242455",0,1,1
"LOC106888173","s1650_F_LIV_01_ASEReadCounter.table","NW_015090842.1:10242481",1,2,1
"LOC106888173","s1650_F_LIV_01_ASEReadCounter.table","NW_015090842.1:10242590",1,2,1
"LOC106888173","s1650_F_LIV_01_ASEReadCounter.table","NW_015090842.1:10243094",1,4,3
"LOC106888173","s1650_F_LIV_01_ASEReadCounter.table","NW_015090842.1:10243133",0,2,2
"LOC106888173","s1650_F_LIV_01_ASEReadCounter.table","NW_015090842.1:10243273",1,2,1
"LOC106888173","s1650_F_LIV_01_ASEReadCounter.table","NW_015090842.1:10243278",1,3,2
"LOC106888173","s1650_F_LIV_01_ASEReadCounter.table","NW_015090842.1:10243281",1,3,2
"LOC106888173","s1650_F_LIV_01_ASEReadCounter.table","NW_015090842.1:10243347",2,4,2
"LOC106888173","s1650_F_LIV_01_ASEReadCounter.table","NW_015090842.1:10243353",0,4,4
"LOC106888173","s1650_F_LIV_01_ASEReadCounter.table","NW_015090842.1:10243363",1,4,3
"LOC106888173","s1650_F_LIV_01_ASEReadCounter.table","NW_015090842.1:10243365",0,4,4
"LOC106888173","s1650_F_LIV_01_ASEReadCounter.table","NW_015090842.1:10243566",14,16,2
"LOC106888173","s1650_F_LIV_01_ASEReadCounter.table","NW_015090842.1:10243605",0,18,18
"LOC106888173","s1650_F_LIV_01_ASEReadCounter.table","NW_015090842.1:10243614",0,17,17
"LOC106888173","s1650_F_LIV_01_ASEReadCounter.table","NW_015090842.1:10243615",0,18,18
"LOC106888173","s1650_F_LIV_01_ASEReadCounter.table","NW_015090842.1:10243640",9,12,3
"LOC106888173","s1650_F_LIV_01_ASEReadCounter.table","NW_015090842.1:10243680",1,5,4
"LOC106888173","s1650_F_LIV_01_ASEReadCounter.table","NW_015090842.1:10243742",0,3,3
"LOC106888173","s1650_F_LIV_01_ASEReadCounter.table","NW_015090842.1:10243804",1,4,3
"LOC106888384","s1650_F_LIV_01_ASEReadCounter.table","NW_015090842.1:10244714",0,2,2
"LOC106888384","s1650_F_LIV_01_ASEReadCounter.table","NW_015090842.1:10244942",6,14,8
"LOC106888384","s1650_F_LIV_01_ASEReadCounter.table","NW_015090842.1:10244998",7,15,8
"LOC106888384","s1650_F_LIV_01_ASEReadCounter.table","NW_015090842.1:10250743",7,14,7
"LOC106888384","s1650_F_LIV_01_ASEReadCounter.table","NW_015090842.1:10250771",7,14,7
"LOC106888384","s1650_F_LIV_01_ASEReadCounter.table","NW_015090842.1:10251339",9,9,0
"LOC106888384","s1650_F_LIV_01_ASEReadCounter.table","NW_015090842.1:10251343",7,7,0
"LOC106888384","s1650_F_LIV_01_ASEReadCounter.table","NW_015090842.1:10251344",8,8,0
"LOC106888384","s1650_F_LIV_01_ASEReadCounter.table","NW_015090842.1:10251349",8,8,0
"LOC106888384","s1650_F_LIV_01_ASEReadCounter.table","NW_015090842.1:10251354",8,8,0
"LOC106888384","s1650_F_LIV_01_ASEReadCounter.table","NW_015090842.1:10251358",6,6,0
"LOC106888384","s1650_F_LIV_01_ASEReadCounter.table","NW_015090842.1:10251369",1,4,3
"LOC106888384","s1650_F_LIV_01_ASEReadCounter.table","NW_015090842.1:10251370",4,4,0
"LOC106888384","s1650_F_LIV_01_ASEReadCounter.table","NW_015090842.1:10251375",3,3,0
"LOC106888384","s1650_F_LIV_01_ASEReadCounter.table","NW_015090842.1:10251388",1,1,0
"LOC106888384","s1650_F_LIV_01_ASEReadCounter.table","NW_015090842.1:10251390",1,1,0
"LOC106888384","s1650_F_LIV_01_ASEReadCounter.table","NW_015090842.1:10251492",1,1,0
"LOC106888384","s1650_F_LIV_01_ASEReadCounter.table","NW_015090842.1:10253165",20,51,31
"LOC106888384","s1650_F_LIV_01_ASEReadCounter.table","NW_015090842.1:10253284",22,58,36
"LOC106888384","s1650_F_LIV_01_ASEReadCounter.table","NW_015090842.1:10254028",42,93,51
"LOC106888384","s1650_F_LIV_01_ASEReadCounter.table","NW_015090842.1:10254227",22,59,37
"LOC106888384","s1650_F_LIV_01_ASEReadCounter.table","NW_015090842.1:10254233",23,61,38
"LOC106888384","s1650_F_LIV_01_ASEReadCounter.table","NW_015090842.1:10254263",43,89,46
"LOC106888384","s1650_F_LIV_01_ASEReadCounter.table","NW_015090842.1:10254293",47,99,52
"LOC106888384","s1650_F_LIV_01_ASEReadCounter.table","NW_015090842.1:10254570",40,99,59
"LOC106888384","s1650_F_LIV_01_ASEReadCounter.table","NW_015090842.1:10254605",77,77,0
"LOC106888384","s1650_F_LIV_01_ASEReadCounter.table","NW_015090842.1:10254608",78,78,0
"LOC106888384","s1650_F_LIV_01_ASEReadCounter.table","NW_015090842.1:10254618",58,58,0
"LOC106888384","s1650_F_LIV_01_ASEReadCounter.table","NW_015090842.1:10254620",51,52,1
"LOC106888384","s1650_F_LIV_01_ASEReadCounter.table","NW_015090842.1:10254623",50,50,0
"LOC106888384","s1650_F_LIV_01_ASEReadCounter.table","NW_015090842.1:10254624",34,34,0
"LOC106888384","s1650_F_LIV_01_ASEReadCounter.table","NW_015090842.1:10254627",51,51,0
"LOC106888384","s1650_F_LIV_01_ASEReadCounter.table","NW_015090842.1:10254629",45,45,0
"LOC106888384","s1650_F_LIV_01_ASEReadCounter.table","NW_015090842.1:10254647",5,17,12
"LOC106888384","s1650_F_LIV_01_ASEReadCounter.table","NW_015090842.1:10254663",1,9,8
"LOC106888384","s1650_F_LIV_01_ASEReadCounter.table","NW_015090842.1:10254840",13,32,19
"LOC106888384","s1650_F_LIV_01_ASEReadCounter.table","NW_015090842.1:10254891",47,47,0
"LOC106888384","s1650_F_LIV_01_ASEReadCounter.table","NW_015090842.1:10254900",7,49,42
"LOC106888384","s1650_F_LIV_01_ASEReadCounter.table","NW_015090842.1:10254915",6,52,46
"LOC106888384","s1650_F_LIV_01_ASEReadCounter.table","NW_015090842.1:10254965",34,34,0
"LOC106888384","s1650_F_LIV_01_ASEReadCounter.table","NW_015090842.1:10254975",15,43,28
"LOC106888384","s1650_F_LIV_01_ASEReadCounter.table","NW_015090842.1:10255077",36,99,63
"LOC106888384","s1650_F_LIV_01_ASEReadCounter.table","NW_015090842.1:10255117",39,108,69
"LOC106888384","s1650_F_LIV_01_ASEReadCounter.table","NW_015090842.1:10255138",32,108,76
"LOC106888384","s1650_F_LIV_01_ASEReadCounter.table","NW_015090842.1:10255139",32,106,74
"LOC106888384","s1650_F_LIV_01_ASEReadCounter.table","NW_015090842.1:10255209",46,111,65
"LOC106888384","s1650_F_LIV_01_ASEReadCounter.table","NW_015090842.1:10255211",49,112,63
"LOC106888384","s1650_F_LIV_01_ASEReadCounter.table","NW_015090842.1:10255236",55,118,63
"LOC106888384","s1650_F_LIV_01_ASEReadCounter.table","NW_015090842.1:10255262",48,125,77
"LOC106888384","s1650_F_LIV_01_ASEReadCounter.table","NW_015090842.1:10255264",49,130,81
"LOC106888384","s1650_F_LIV_01_ASEReadCounter.table","NW_015090842.1:10255306",70,182,112
"LOC106888384","s1650_F_LIV_01_ASEReadCounter.table","NW_015090842.1:10255340",71,196,125
"LOC106888384","s1650_F_LIV_01_ASEReadCounter.table","NW_015090842.1:10255410",77,202,125
"LOC106888384","s1650_F_LIV_01_ASEReadCounter.table","NW_015090842.1:10255449",65,175,110
"LOC106888384","s1650_F_LIV_01_ASEReadCounter.table","NW_015090842.1:10255496",73,190,117
"LOC106888384","s1650_F_LIV_01_ASEReadCounter.table","NW_015090842.1:10255505",70,182,112
"LOC106888384","s1650_F_LIV_01_ASEReadCounter.table","NW_015090842.1:10255531",88,202,114
"LOC106888384","s1650_F_LIV_01_ASEReadCounter.table","NW_015090842.1:10255608",98,252,154
"LOC106888384","s1650_F_LIV_01_ASEReadCounter.table","NW_015090842.1:10255704",109,243,134
"LOC106888384","s1650_F_LIV_01_ASEReadCounter.table","NW_015090842.1:10255731",93,196,103
"LOC106888384","s1650_F_LIV_01_ASEReadCounter.table","NW_015090842.1:10255771",51,104,53
"TANGO6","s1650_F_LIV_01_ASEReadCounter.table","NW_015090842.1:10257782",3,5,2
"TANGO6","s1650_F_LIV_01_ASEReadCounter.table","NW_015090842.1:10258162",0,1,1
"TANGO6","s1650_F_LIV_01_ASEReadCounter.table","NW_015090842.1:10258185",1,3,2
"TANGO6","s1650_F_LIV_01_ASEReadCounter.table","NW_015090842.1:10259267",1,2,1
"TANGO6","s1650_F_LIV_01_ASEReadCounter.table","NW_015090842.1:10260250",13,21,8
"TANGO6","s1650_F_LIV_01_ASEReadCounter.table","NW_015090842.1:10260289",10,19,9
"TANGO6","s1650_F_LIV_01_ASEReadCounter.table","NW_015090842.1:10260309",6,11,5
"TANGO6","s1650_F_LIV_01_ASEReadCounter.table","NW_015090842.1:10260979",2,7,5
"TANGO6","s1650_F_LIV_01_ASEReadCounter.table","NW_015090842.1:10261599",5,9,4
"TANGO6","s1650_F_LIV_01_ASEReadCounter.table","NW_015090842.1:10268425",14,19,5
"TANGO6","s1650_F_LIV_01_ASEReadCounter.table","NW_015090842.1:10269831",13,18,5
"TANGO6","s1650_F_LIV_01_ASEReadCounter.table","NW_015090842.1:10270813",15,22,7
"TANGO6","s1650_F_LIV_01_ASEReadCounter.table","NW_015090842.1:10274018",10,19,9
"TANGO6","s1650_F_LIV_01_ASEReadCounter.table","NW_015090842.1:10275974",15,22,7
"TANGO6","s1650_F_LIV_01_ASEReadCounter.table","NW_015090842.1:10275976",15,22,7
"TANGO6","s1650_F_LIV_01_ASEReadCounter.table","NW_015090842.1:10276123",9,18,9
"TANGO6","s1650_F_LIV_01_ASEReadCounter.table","NW_015090842.1:10276271",14,26,12
"TANGO6","s1650_F_LIV_01_ASEReadCounter.table","NW_015090842.1:10276272",14,26,12
"TANGO6","s1650_F_LIV_01_ASEReadCounter.table","NW_015090842.1:10276275",13,25,12
"TANGO6","s1650_F_LIV_01_ASEReadCounter.table","NW_015090842.1:10276278",14,26,12
"TANGO6","s1650_F_LIV_01_ASEReadCounter.table","NW_015090842.1:10276368",6,19,13
"TANGO6","s1650_F_LIV_01_ASEReadCounter.table","NW_015090842.1:10276373",7,21,14
"TANGO6","s1650_F_LIV_01_ASEReadCounter.table","NW_015090842.1:10276630",10,21,11
"TANGO6","s1650_F_LIV_01_ASEReadCounter.table","NW_015090842.1:10281498",11,26,15
"TANGO6","s1650_F_LIV_01_ASEReadCounter.table","NW_015090842.1:10281516",16,33,17
"TANGO6","s1650_F_LIV_01_ASEReadCounter.table","NW_015090842.1:10282842",18,38,20
"TANGO6","s1650_F_LIV_01_ASEReadCounter.table","NW_015090842.1:10282863",13,27,14
"TANGO6","s1650_F_LIV_01_ASEReadCounter.table","NW_015090842.1:10282869",14,27,13
"TANGO6","s1650_F_LIV_01_ASEReadCounter.table","NW_015090842.1:10282903",9,22,13
"TANGO6","s1650_F_LIV_01_ASEReadCounter.table","NW_015090842.1:10283757",9,24,15
"TANGO6","s1650_F_LIV_01_ASEReadCounter.table","NW_015090842.1:10283785",15,33,18
"HAS3","s1650_F_LIV_01_ASEReadCounter.table","NW_015090842.1:10290561",0,1,1
"HAS3","s1650_F_LIV_01_ASEReadCounter.table","NW_015090842.1:10290609",0,1,1
"HAS3","s1650_F_LIV_01_ASEReadCounter.table","NW_015090842.1:10290666",0,1,1
"CHTF8","s1650_F_LIV_01_ASEReadCounter.table","NW_015090842.1:10291319",1,3,2
"CHTF8","s1650_F_LIV_01_ASEReadCounter.table","NW_015090842.1:10291491",10,12,2
"CHTF8","s1650_F_LIV_01_ASEReadCounter.table","NW_015090842.1:10291520",8,10,2
"CHTF8","s1650_F_LIV_01_ASEReadCounter.table","NW_015090842.1:10291593",10,14,4
"CHTF8","s1650_F_LIV_01_ASEReadCounter.table","NW_015090842.1:10291600",11,15,4
"CHTF8","s1650_F_LIV_01_ASEReadCounter.table","NW_015090842.1:10291609",11,15,4
"CHTF8","s1650_F_LIV_01_ASEReadCounter.table","NW_015090842.1:10291639",11,17,6
"CHTF8","s1650_F_LIV_01_ASEReadCounter.table","NW_015090842.1:10291641",11,17,6
"CHTF8","s1650_F_LIV_01_ASEReadCounter.table","NW_015090842.1:10291648",14,20,6
"CHTF8","s1650_F_LIV_01_ASEReadCounter.table","NW_015090842.1:10291656",14,20,6
"CHTF8","s1650_F_LIV_01_ASEReadCounter.table","NW_015090842.1:10291675",10,15,5
"CHTF8","s1650_F_LIV_01_ASEReadCounter.table","NW_015090842.1:10291696",7,10,3
"CHTF8","s1650_F_LIV_01_ASEReadCounter.table","NW_015090842.1:10291714",9,12,3
"CHTF8","s1650_F_LIV_01_ASEReadCounter.table","NW_015090842.1:10291732",8,13,5
"CHTF8","s1650_F_LIV_01_ASEReadCounter.table","NW_015090842.1:10291755",8,12,4
"CHTF8","s1650_F_LIV_01_ASEReadCounter.table","NW_015090842.1:10291756",8,12,4
"CHTF8","s1650_F_LIV_01_ASEReadCounter.table","NW_015090842.1:10291758",8,12,4
"CHTF8","s1650_F_LIV_01_ASEReadCounter.table","NW_015090842.1:10291792",8,12,4
"CHTF8","s1650_F_LIV_01_ASEReadCounter.table","NW_015090842.1:10291895",8,10,2
"CHTF8","s1650_F_LIV_01_ASEReadCounter.table","NW_015090842.1:10292132",12,14,2
"CHTF8","s1650_F_LIV_01_ASEReadCounter.table","NW_015090842.1:10292314",12,14,2
"CHTF8","s1650_F_LIV_01_ASEReadCounter.table","NW_015090842.1:10292317",12,14,2
"CHTF8","s1650_F_LIV_01_ASEReadCounter.table","NW_015090842.1:10292928",2,2,0
"UTP4","s1650_F_LIV_01_ASEReadCounter.table","NW_015090842.1:10293146",5,21,16
"UTP4","s1650_F_LIV_01_ASEReadCounter.table","NW_015090842.1:10293151",4,19,15
"UTP4","s1650_F_LIV_01_ASEReadCounter.table","NW_015090842.1:10293191",3,13,10
"UTP4","s1650_F_LIV_01_ASEReadCounter.table","NW_015090842.1:10293362",3,13,10
"UTP4","s1650_F_LIV_01_ASEReadCounter.table","NW_015090842.1:10293430",7,16,9
"UTP4","s1650_F_LIV_01_ASEReadCounter.table","NW_015090842.1:10293625",5,13,8
"UTP4","s1650_F_LIV_01_ASEReadCounter.table","NW_015090842.1:10293684",7,16,9
"UTP4","s1650_F_LIV_01_ASEReadCounter.table","NW_015090842.1:10294093",7,20,13
"UTP4","s1650_F_LIV_01_ASEReadCounter.table","NW_015090842.1:10294622",11,29,18
"UTP4","s1650_F_LIV_01_ASEReadCounter.table","NW_015090842.1:10294632",8,24,16
"UTP4","s1650_F_LIV_01_ASEReadCounter.table","NW_015090842.1:10295238",8,22,14
"UTP4","s1650_F_LIV_01_ASEReadCounter.table","NW_015090842.1:10295880",8,24,16
"UTP4","s1650_F_LIV_01_ASEReadCounter.table","NW_015090842.1:10295884",8,24,16
"UTP4","s1650_F_LIV_01_ASEReadCounter.table","NW_015090842.1:10295903",8,23,15
"UTP4","s1650_F_LIV_01_ASEReadCounter.table","NW_015090842.1:10295906",9,26,17
"UTP4","s1650_F_LIV_01_ASEReadCounter.table","NW_015090842.1:10295915",8,26,18
"UTP4","s1650_F_LIV_01_ASEReadCounter.table","NW_015090842.1:10295938",6,26,20
"UTP4","s1650_F_LIV_01_ASEReadCounter.table","NW_015090842.1:10296175",9,31,22
"UTP4","s1650_F_LIV_01_ASEReadCounter.table","NW_015090842.1:10296660",8,28,20
"UTP4","s1650_F_LIV_01_ASEReadCounter.table","NW_015090842.1:10296679",10,27,17
"UTP4","s1650_F_LIV_01_ASEReadCounter.table","NW_015090842.1:10297193",12,33,21
"UTP4","s1650_F_LIV_01_ASEReadCounter.table","NW_015090842.1:10297220",10,37,27
"UTP4","s1650_F_LIV_01_ASEReadCounter.table","NW_015090842.1:10297307",17,60,43
"UTP4","s1650_F_LIV_01_ASEReadCounter.table","NW_015090842.1:10297558",24,71,47
"UTP4","s1650_F_LIV_01_ASEReadCounter.table","NW_015090842.1:10297943",19,46,27
"UTP4","s1650_F_LIV_01_ASEReadCounter.table","NW_015090842.1:10297979",21,48,27
"UTP4","s1650_F_LIV_01_ASEReadCounter.table","NW_015090842.1:10298022",13,37,24
"UTP4","s1650_F_LIV_01_ASEReadCounter.table","NW_015090842.1:10298079",2,14,12
"UTP4","s1650_F_LIV_01_ASEReadCounter.table","NW_015090842.1:10298081",1,13,12
"UTP4","s1650_F_LIV_01_ASEReadCounter.table","NW_015090842.1:10298082",1,13,12
"SNTB2","s1650_F_LIV_01_ASEReadCounter.table","NW_015090842.1:10298905",0,1,1
"SNTB2","s1650_F_LIV_01_ASEReadCounter.table","NW_015090842.1:10298928",1,3,2
"SNTB2","s1650_F_LIV_01_ASEReadCounter.table","NW_015090842.1:10303506",4,7,3
"SNTB2","s1650_F_LIV_01_ASEReadCounter.table","NW_015090842.1:10303524",3,6,3
"SNTB2","s1650_F_LIV_01_ASEReadCounter.table","NW_015090842.1:10304059",2,3,1
"SNTB2","s1650_F_LIV_01_ASEReadCounter.table","NW_015090842.1:10304089",3,4,1
"SNTB2","s1650_F_LIV_01_ASEReadCounter.table","NW_015090842.1:10304167",3,4,1
"SNTB2","s1650_F_LIV_01_ASEReadCounter.table","NW_015090842.1:10304176",3,4,1
"SNTB2","s1650_F_LIV_01_ASEReadCounter.table","NW_015090842.1:10305069",3,8,5
"SNTB2","s1650_F_LIV_01_ASEReadCounter.table","NW_015090842.1:10305099",3,8,5
"SNTB2","s1650_F_LIV_01_ASEReadCounter.table","NW_015090842.1:10305171",4,6,2
"SNTB2","s1650_F_LIV_01_ASEReadCounter.table","NW_015090842.1:10305177",3,4,1
"SNTB2","s1650_F_LIV_01_ASEReadCounter.table","NW_015090842.1:10305451",4,7,3
"SNTB2","s1650_F_LIV_01_ASEReadCounter.table","NW_015090842.1:10305547",6,13,7
"SNTB2","s1650_F_LIV_01_ASEReadCounter.table","NW_015090842.1:10305847",8,13,5
"SNTB2","s1650_F_LIV_01_ASEReadCounter.table","NW_015090842.1:10306173",3,13,10
"SNTB2","s1650_F_LIV_01_ASEReadCounter.table","NW_015090842.1:10306275",5,13,8
"SNTB2","s1650_F_LIV_01_ASEReadCounter.table","NW_015090842.1:10306457",9,15,6
"SNTB2","s1650_F_LIV_01_ASEReadCounter.table","NW_015090842.1:10306496",4,10,6
"SNTB2","s1650_F_LIV_01_ASEReadCounter.table","NW_015090842.1:10306499",4,8,4
"VPS4A","s1650_F_LIV_01_ASEReadCounter.table","NW_015090842.1:10308566",34,91,57
"VPS4A","s1650_F_LIV_01_ASEReadCounter.table","NW_015090842.1:10308573",38,94,56
"VPS4A","s1650_F_LIV_01_ASEReadCounter.table","NW_015090842.1:10308856",48,135,87
"VPS4A","s1650_F_LIV_01_ASEReadCounter.table","NW_015090842.1:10309056",71,163,92
"VPS4A","s1650_F_LIV_01_ASEReadCounter.table","NW_015090842.1:10309089",85,188,103
"VPS4A","s1650_F_LIV_01_ASEReadCounter.table","NW_015090842.1:10309392",87,181,94
"VPS4A","s1650_F_LIV_01_ASEReadCounter.table","NW_015090842.1:10309413",88,186,98
"VPS4A","s1650_F_LIV_01_ASEReadCounter.table","NW_015090842.1:10309467",100,211,111
"VPS4A","s1650_F_LIV_01_ASEReadCounter.table","NW_015090842.1:10310230",98,262,164
"VPS4A","s1650_F_LIV_01_ASEReadCounter.table","NW_015090842.1:10310425",116,242,126
"VPS4A","s1650_F_LIV_01_ASEReadCounter.table","NW_015090842.1:10310639",108,261,153
"VPS4A","s1650_F_LIV_01_ASEReadCounter.table","NW_015090842.1:10310734",104,244,140
"VPS4A","s1650_F_LIV_01_ASEReadCounter.table","NW_015090842.1:10310737",106,250,144
"VPS4A","s1650_F_LIV_01_ASEReadCounter.table","NW_015090842.1:10310746",102,255,153
"VPS4A","s1650_F_LIV_01_ASEReadCounter.table","NW_015090842.1:10310767",106,247,141
"VPS4A","s1650_F_LIV_01_ASEReadCounter.table","NW_015090842.1:10310995",121,281,160
"VPS4A","s1650_F_LIV_01_ASEReadCounter.table","NW_015090842.1:10311004",123,272,149
"VPS4A","s1650_F_LIV_01_ASEReadCounter.table","NW_015090842.1:10311007",125,283,158
"VPS4A","s1650_F_LIV_01_ASEReadCounter.table","NW_015090842.1:10311013",133,290,157
"VPS4A","s1650_F_LIV_01_ASEReadCounter.table","NW_015090842.1:10311022",124,280,156
"VPS4A","s1650_F_LIV_01_ASEReadCounter.table","NW_015090842.1:10311023",123,278,155
"VPS4A","s1650_F_LIV_01_ASEReadCounter.table","NW_015090842.1:10311426",138,327,189
"VPS4A","s1650_F_LIV_01_ASEReadCounter.table","NW_015090842.1:10311489",2,10,8
"VPS4A","s1650_F_LIV_01_ASEReadCounter.table","NW_015090842.1:10311490",1,7,6
"VPS4A","s1650_F_LIV_01_ASEReadCounter.table","NW_015090842.1:10311525",8,20,12
"VPS4A","s1650_F_LIV_01_ASEReadCounter.table","NW_015090842.1:10311529",9,27,18
"VPS4A","s1650_F_LIV_01_ASEReadCounter.table","NW_015090842.1:10311530",9,29,20
"VPS4A","s1650_F_LIV_01_ASEReadCounter.table","NW_015090842.1:10311552",58,85,27
"VPS4A","s1650_F_LIV_01_ASEReadCounter.table","NW_015090842.1:10311689",64,108,44
"VPS4A","s1650_F_LIV_01_ASEReadCounter.table","NW_015090842.1:10311700",70,113,43
"VPS4A","s1650_F_LIV_01_ASEReadCounter.table","NW_015090842.1:10311701",69,113,44
"VPS4A","s1650_F_LIV_01_ASEReadCounter.table","NW_015090842.1:10311703",70,110,40
"COG8","s1650_F_LIV_01_ASEReadCounter.table","NW_015090842.1:10313487",3,11,8
"COG8","s1650_F_LIV_01_ASEReadCounter.table","NW_015090842.1:10313559",7,16,9
"COG8","s1650_F_LIV_01_ASEReadCounter.table","NW_015090842.1:10313579",5,15,10
"COG8","s1650_F_LIV_01_ASEReadCounter.table","NW_015090842.1:10313665",4,11,7
"COG8","s1650_F_LIV_01_ASEReadCounter.table","NW_015090842.1:10313681",6,16,10
"COG8","s1650_F_LIV_01_ASEReadCounter.table","NW_015090842.1:10313768",8,19,11
"COG8","s1650_F_LIV_01_ASEReadCounter.table","NW_015090842.1:10313775",7,17,10
"COG8","s1650_F_LIV_01_ASEReadCounter.table","NW_015090842.1:10313811",6,12,6
"COG8","s1650_F_LIV_01_ASEReadCounter.table","NW_015090842.1:10313858",5,10,5
"COG8","s1650_F_LIV_01_ASEReadCounter.table","NW_015090842.1:10314100",9,18,9
"COG8","s1650_F_LIV_01_ASEReadCounter.table","NW_015090842.1:10314213",8,17,9
"COG8","s1650_F_LIV_01_ASEReadCounter.table","NW_015090842.1:10315093",7,12,5
"COG8","s1650_F_LIV_01_ASEReadCounter.table","NW_015090842.1:10315162",5,9,4
"COG8","s1650_F_LIV_01_ASEReadCounter.table","NW_015090842.1:10315285",3,11,8
"COG8","s1650_F_LIV_01_ASEReadCounter.table","NW_015090842.1:10315360",1,4,3
"COG8","s1650_F_LIV_01_ASEReadCounter.table","NW_015090842.1:10315369",2,6,4
"COG8","s1650_F_LIV_01_ASEReadCounter.table","NW_015090842.1:10315504",2,6,4
"COG8","s1650_F_LIV_01_ASEReadCounter.table","NW_015090842.1:10315508",2,6,4
"COG8","s1650_F_LIV_01_ASEReadCounter.table","NW_015090842.1:10315624",2,14,12
"COG8","s1650_F_LIV_01_ASEReadCounter.table","NW_015090842.1:10315693",3,12,9
"COG8","s1650_F_LIV_01_ASEReadCounter.table","NW_015090842.1:10315698",3,10,7
"COG8","s1650_F_LIV_01_ASEReadCounter.table","NW_015090842.1:10315768",1,11,10
"COG8","s1650_F_LIV_01_ASEReadCounter.table","NW_015090842.1:10315769",1,11,10
"COG8","s1650_F_LIV_01_ASEReadCounter.table","NW_015090842.1:10315784",4,11,7
"COG8","s1650_F_LIV_01_ASEReadCounter.table","NW_015090842.1:10316093",6,12,6
"COG8","s1650_F_LIV_01_ASEReadCounter.table","NW_015090842.1:10316133",5,10,5
"NIP7","s1650_F_LIV_01_ASEReadCounter.table","NW_015090842.1:10316759",32,65,33
"NIP7","s1650_F_LIV_01_ASEReadCounter.table","NW_015090842.1:10316967",143,288,145
"NIP7","s1650_F_LIV_01_ASEReadCounter.table","NW_015090842.1:10316995",166,341,175
"NIP7","s1650_F_LIV_01_ASEReadCounter.table","NW_015090842.1:10317240",255,457,202
"NIP7","s1650_F_LIV_01_ASEReadCounter.table","NW_015090842.1:10317247",251,461,210
"NIP7","s1650_F_LIV_01_ASEReadCounter.table","NW_015090842.1:10317264",224,405,181
"NIP7","s1650_F_LIV_01_ASEReadCounter.table","NW_015090842.1:10317433",244,478,234
"NIP7","s1650_F_LIV_01_ASEReadCounter.table","NW_015090842.1:10317738",241,421,180
"NIP7","s1650_F_LIV_01_ASEReadCounter.table","NW_015090842.1:10317769",238,407,169
"NIP7","s1650_F_LIV_01_ASEReadCounter.table","NW_015090842.1:10317808",163,278,115
"NIP7","s1650_F_LIV_01_ASEReadCounter.table","NW_015090842.1:10317870",100,184,84
"NIP7","s1650_F_LIV_01_ASEReadCounter.table","NW_015090842.1:10317871",102,180,78
"NIP7","s1650_F_LIV_01_ASEReadCounter.table","NW_015090842.1:10317898",78,128,50
"NIP7","s1650_F_LIV_01_ASEReadCounter.table","NW_015090842.1:10317911",71,117,46
"TMED6","s1650_F_LIV_01_ASEReadCounter.table","NW_015090842.1:10318731",6,6,0
"TERF2","s1650_F_LIV_01_ASEReadCounter.table","NW_015090842.1:10321665",5,5,0
"TERF2","s1650_F_LIV_01_ASEReadCounter.table","NW_015090842.1:10321768",20,48,28
"TERF2","s1650_F_LIV_01_ASEReadCounter.table","NW_015090842.1:10321777",16,46,30
"TERF2","s1650_F_LIV_01_ASEReadCounter.table","NW_015090842.1:10321805",19,53,34
"TERF2","s1650_F_LIV_01_ASEReadCounter.table","NW_015090842.1:10321878",21,50,29
"TERF2","s1650_F_LIV_01_ASEReadCounter.table","NW_015090842.1:10321893",22,48,26
"TERF2","s1650_F_LIV_01_ASEReadCounter.table","NW_015090842.1:10321897",19,43,24
"TERF2","s1650_F_LIV_01_ASEReadCounter.table","NW_015090842.1:10321908",20,42,22
"TERF2","s1650_F_LIV_01_ASEReadCounter.table","NW_015090842.1:10322001",21,62,41
"TERF2","s1650_F_LIV_01_ASEReadCounter.table","NW_015090842.1:10322035",15,42,27
"TERF2","s1650_F_LIV_01_ASEReadCounter.table","NW_015090842.1:10322051",14,43,29
"TERF2","s1650_F_LIV_01_ASEReadCounter.table","NW_015090842.1:10322137",16,36,20
"TERF2","s1650_F_LIV_01_ASEReadCounter.table","NW_015090842.1:10322144",17,36,19
"TERF2","s1650_F_LIV_01_ASEReadCounter.table","NW_015090842.1:10322388",12,32,20
"TERF2","s1650_F_LIV_01_ASEReadCounter.table","NW_015090842.1:10322396",13,30,17
"TERF2","s1650_F_LIV_01_ASEReadCounter.table","NW_015090842.1:10322502",8,32,24
"TERF2","s1650_F_LIV_01_ASEReadCounter.table","NW_015090842.1:10322504",8,32,24
"TERF2","s1650_F_LIV_01_ASEReadCounter.table","NW_015090842.1:10322510",9,35,26
"TERF2","s1650_F_LIV_01_ASEReadCounter.table","NW_015090842.1:10323580",14,34,20
"TERF2","s1650_F_LIV_01_ASEReadCounter.table","NW_015090842.1:10324314",14,31,17
"TERF2","s1650_F_LIV_01_ASEReadCounter.table","NW_015090842.1:10326832",9,18,9
"TERF2","s1650_F_LIV_01_ASEReadCounter.table","NW_015090842.1:10327787",10,19,9
"TERF2","s1650_F_LIV_01_ASEReadCounter.table","NW_015090842.1:10328588",6,17,11
"TERF2","s1650_F_LIV_01_ASEReadCounter.table","NW_015090842.1:10328644",7,15,8
"TERF2","s1650_F_LIV_01_ASEReadCounter.table","NW_015090842.1:10329813",5,11,6
"TERF2","s1650_F_LIV_01_ASEReadCounter.table","NW_015090842.1:10330749",5,11,6
"TERF2","s1650_F_LIV_01_ASEReadCounter.table","NW_015090842.1:10330789",4,12,8
"CYB5B","s1650_F_LIV_01_ASEReadCounter.table","NW_015090842.1:10336595",6,15,9
"CYB5B","s1650_F_LIV_01_ASEReadCounter.table","NW_015090842.1:10336667",47,115,68
"CYB5B","s1650_F_LIV_01_ASEReadCounter.table","NW_015090842.1:10336689",69,180,111
"CYB5B","s1650_F_LIV_01_ASEReadCounter.table","NW_015090842.1:10336728",96,262,166
"CYB5B","s1650_F_LIV_01_ASEReadCounter.table","NW_015090842.1:10345068",104,280,176
"CYB5B","s1650_F_LIV_01_ASEReadCounter.table","NW_015090842.1:10348800",161,382,221
"CYB5B","s1650_F_LIV_01_ASEReadCounter.table","NW_015090842.1:10348888",124,314,190
"CYB5B","s1650_F_LIV_01_ASEReadCounter.table","NW_015090842.1:10349046",152,354,202
"CYB5B","s1650_F_LIV_01_ASEReadCounter.table","NW_015090842.1:10349119",89,279,190
"CYB5B","s1650_F_LIV_01_ASEReadCounter.table","NW_015090842.1:10349146",39,237,198
"CYB5B","s1650_F_LIV_01_ASEReadCounter.table","NW_015090842.1:10349157",72,271,199
