"gene","id","snp","ref_count","total_count","alt_count"
"CENPN","s1650_F_LS_02_ASEReadCounter.table","NW_015090842.1:5801612",0,1,1
"CENPN","s1650_F_LS_02_ASEReadCounter.table","NW_015090842.1:5801618",0,1,1
"CENPN","s1650_F_LS_02_ASEReadCounter.table","NW_015090842.1:5801623",0,1,1
"CENPN","s1650_F_LS_02_ASEReadCounter.table","NW_015090842.1:5801631",0,1,1
"CENPN","s1650_F_LS_02_ASEReadCounter.table","NW_015090842.1:5801632",0,1,1
"CENPN","s1650_F_LS_02_ASEReadCounter.table","NW_015090842.1:5801655",0,1,1
"CENPN","s1650_F_LS_02_ASEReadCounter.table","NW_015090842.1:5801662",0,1,1
"CENPN","s1650_F_LS_02_ASEReadCounter.table","NW_015090842.1:5801670",0,1,1
"CENPN","s1650_F_LS_02_ASEReadCounter.table","NW_015090842.1:5801674",0,1,1
"CENPN","s1650_F_LS_02_ASEReadCounter.table","NW_015090842.1:5801692",0,1,1
"CENPN","s1650_F_LS_02_ASEReadCounter.table","NW_015090842.1:5801697",0,1,1
"CENPN","s1650_F_LS_02_ASEReadCounter.table","NW_015090842.1:5802008",1,2,1
"CENPN","s1650_F_LS_02_ASEReadCounter.table","NW_015090842.1:5802012",1,2,1
"CENPN","s1650_F_LS_02_ASEReadCounter.table","NW_015090842.1:5802087",1,2,1
"CENPN","s1650_F_LS_02_ASEReadCounter.table","NW_015090842.1:5810113",7,7,0
"CENPN","s1650_F_LS_02_ASEReadCounter.table","NW_015090842.1:5810147",10,10,0
"CENPN","s1650_F_LS_02_ASEReadCounter.table","NW_015090842.1:5810148",10,10,0
"ATMIN","s1650_F_LS_02_ASEReadCounter.table","NW_015090842.1:5818789",2,4,2
"ATMIN","s1650_F_LS_02_ASEReadCounter.table","NW_015090842.1:5820004",0,1,1
"ATMIN","s1650_F_LS_02_ASEReadCounter.table","NW_015090842.1:5820217",2,4,2
"ATMIN","s1650_F_LS_02_ASEReadCounter.table","NW_015090842.1:5820250",2,4,2
"ATMIN","s1650_F_LS_02_ASEReadCounter.table","NW_015090842.1:5820298",2,4,2
"ATMIN","s1650_F_LS_02_ASEReadCounter.table","NW_015090842.1:5820417",0,3,3
"ATMIN","s1650_F_LS_02_ASEReadCounter.table","NW_015090842.1:5820421",0,3,3
"ATMIN","s1650_F_LS_02_ASEReadCounter.table","NW_015090842.1:5820448",1,4,3
"ATMIN","s1650_F_LS_02_ASEReadCounter.table","NW_015090842.1:5820457",1,4,3
"ATMIN","s1650_F_LS_02_ASEReadCounter.table","NW_015090842.1:5820510",3,4,1
"ATMIN","s1650_F_LS_02_ASEReadCounter.table","NW_015090842.1:5820673",1,2,1
"ATMIN","s1650_F_LS_02_ASEReadCounter.table","NW_015090842.1:5820754",2,3,1
"ATMIN","s1650_F_LS_02_ASEReadCounter.table","NW_015090842.1:5820820",0,3,3
"ATMIN","s1650_F_LS_02_ASEReadCounter.table","NW_015090842.1:5820865",2,7,5
"ATMIN","s1650_F_LS_02_ASEReadCounter.table","NW_015090842.1:5820889",2,6,4
"ATMIN","s1650_F_LS_02_ASEReadCounter.table","NW_015090842.1:5820891",2,6,4
"ATMIN","s1650_F_LS_02_ASEReadCounter.table","NW_015090842.1:5820997",1,5,4
"ATMIN","s1650_F_LS_02_ASEReadCounter.table","NW_015090842.1:5821063",0,5,5
"ATMIN","s1650_F_LS_02_ASEReadCounter.table","NW_015090842.1:5821132",1,6,5
"ATMIN","s1650_F_LS_02_ASEReadCounter.table","NW_015090842.1:5821645",4,8,4
"ATMIN","s1650_F_LS_02_ASEReadCounter.table","NW_015090842.1:5825066",7,16,9
"ATMIN","s1650_F_LS_02_ASEReadCounter.table","NW_015090842.1:5825106",10,22,12
"ATMIN","s1650_F_LS_02_ASEReadCounter.table","NW_015090842.1:5825122",8,19,11
"ATMIN","s1650_F_LS_02_ASEReadCounter.table","NW_015090842.1:5825178",8,20,12
"ATMIN","s1650_F_LS_02_ASEReadCounter.table","NW_015090842.1:5825194",9,19,10
"ATMIN","s1650_F_LS_02_ASEReadCounter.table","NW_015090842.1:5825195",9,20,11
"ATMIN","s1650_F_LS_02_ASEReadCounter.table","NW_015090842.1:5825220",9,16,7
"ATMIN","s1650_F_LS_02_ASEReadCounter.table","NW_015090842.1:5825240",10,21,11
"ATMIN","s1650_F_LS_02_ASEReadCounter.table","NW_015090842.1:5825303",8,25,17
"ATMIN","s1650_F_LS_02_ASEReadCounter.table","NW_015090842.1:5825304",8,25,17
"ATMIN","s1650_F_LS_02_ASEReadCounter.table","NW_015090842.1:5825310",6,23,17
"ATMIN","s1650_F_LS_02_ASEReadCounter.table","NW_015090842.1:5825406",9,19,10
"ATMIN","s1650_F_LS_02_ASEReadCounter.table","NW_015090842.1:5825415",9,19,10
"ATMIN","s1650_F_LS_02_ASEReadCounter.table","NW_015090842.1:5825438",11,20,9
"ATMIN","s1650_F_LS_02_ASEReadCounter.table","NW_015090842.1:5825485",13,25,12
"ATMIN","s1650_F_LS_02_ASEReadCounter.table","NW_015090842.1:5825524",10,25,15
"ATMIN","s1650_F_LS_02_ASEReadCounter.table","NW_015090842.1:5825557",12,26,14
"ATMIN","s1650_F_LS_02_ASEReadCounter.table","NW_015090842.1:5825571",14,34,20
"ATMIN","s1650_F_LS_02_ASEReadCounter.table","NW_015090842.1:5825579",16,36,20
"ATMIN","s1650_F_LS_02_ASEReadCounter.table","NW_015090842.1:5825590",14,32,18
"ATMIN","s1650_F_LS_02_ASEReadCounter.table","NW_015090842.1:5825689",17,44,27
"ATMIN","s1650_F_LS_02_ASEReadCounter.table","NW_015090842.1:5825703",19,49,30
"ATMIN","s1650_F_LS_02_ASEReadCounter.table","NW_015090842.1:5825787",11,30,19
"ATMIN","s1650_F_LS_02_ASEReadCounter.table","NW_015090842.1:5825833",12,32,20
"ATMIN","s1650_F_LS_02_ASEReadCounter.table","NW_015090842.1:5825841",12,30,18
"ATMIN","s1650_F_LS_02_ASEReadCounter.table","NW_015090842.1:5825895",15,42,27
"ATMIN","s1650_F_LS_02_ASEReadCounter.table","NW_015090842.1:5825984",12,31,19
"ATMIN","s1650_F_LS_02_ASEReadCounter.table","NW_015090842.1:5826162",24,49,25
"ATMIN","s1650_F_LS_02_ASEReadCounter.table","NW_015090842.1:5826194",31,52,21
"ATMIN","s1650_F_LS_02_ASEReadCounter.table","NW_015090842.1:5826235",30,53,23
"ATMIN","s1650_F_LS_02_ASEReadCounter.table","NW_015090842.1:5826245",30,54,24
"ATMIN","s1650_F_LS_02_ASEReadCounter.table","NW_015090842.1:5826335",17,34,17
"ATMIN","s1650_F_LS_02_ASEReadCounter.table","NW_015090842.1:5826417",31,58,27
"ATMIN","s1650_F_LS_02_ASEReadCounter.table","NW_015090842.1:5826431",28,70,42
"ATMIN","s1650_F_LS_02_ASEReadCounter.table","NW_015090842.1:5826438",31,61,30
"ATMIN","s1650_F_LS_02_ASEReadCounter.table","NW_015090842.1:5826463",40,78,38
"ATMIN","s1650_F_LS_02_ASEReadCounter.table","NW_015090842.1:5826502",41,91,50
"ATMIN","s1650_F_LS_02_ASEReadCounter.table","NW_015090842.1:5826511",40,94,54
"ATMIN","s1650_F_LS_02_ASEReadCounter.table","NW_015090842.1:5826659",49,100,51
"ATMIN","s1650_F_LS_02_ASEReadCounter.table","NW_015090842.1:5826701",44,100,56
"ATMIN","s1650_F_LS_02_ASEReadCounter.table","NW_015090842.1:5826702",46,101,55
"ATMIN","s1650_F_LS_02_ASEReadCounter.table","NW_015090842.1:5826732",45,100,55
"ATMIN","s1650_F_LS_02_ASEReadCounter.table","NW_015090842.1:5826745",46,95,49
"ATMIN","s1650_F_LS_02_ASEReadCounter.table","NW_015090842.1:5826835",59,113,54
"ATMIN","s1650_F_LS_02_ASEReadCounter.table","NW_015090842.1:5826942",40,100,60
"ATMIN","s1650_F_LS_02_ASEReadCounter.table","NW_015090842.1:5827193",70,168,98
"ATMIN","s1650_F_LS_02_ASEReadCounter.table","NW_015090842.1:5827196",71,169,98
"ATMIN","s1650_F_LS_02_ASEReadCounter.table","NW_015090842.1:5827269",77,172,95
"ATMIN","s1650_F_LS_02_ASEReadCounter.table","NW_015090842.1:5827315",66,131,65
"ATMIN","s1650_F_LS_02_ASEReadCounter.table","NW_015090842.1:5827316",66,134,68
"ATMIN","s1650_F_LS_02_ASEReadCounter.table","NW_015090842.1:5827333",72,136,64
"PPP1R3E","s1650_F_LS_02_ASEReadCounter.table","NW_015090842.1:5837733",1,2,1
"PPP1R3E","s1650_F_LS_02_ASEReadCounter.table","NW_015090842.1:5837947",2,4,2
"PKD1L2","s1650_F_LS_02_ASEReadCounter.table","NW_015090842.1:5867509",1,1,0
"PKD1L2","s1650_F_LS_02_ASEReadCounter.table","NW_015090842.1:5867597",1,1,0
"PKD1L2","s1650_F_LS_02_ASEReadCounter.table","NW_015090842.1:5867600",1,1,0
"PKD1L2","s1650_F_LS_02_ASEReadCounter.table","NW_015090842.1:5867660",2,2,0
"PKD1L2","s1650_F_LS_02_ASEReadCounter.table","NW_015090842.1:5867675",2,2,0
"PKD1L2","s1650_F_LS_02_ASEReadCounter.table","NW_015090842.1:5867788",1,1,0
"PKD1L2","s1650_F_LS_02_ASEReadCounter.table","NW_015090842.1:5867843",1,1,0
"BCO1","s1650_F_LS_02_ASEReadCounter.table","NW_015090842.1:5915610",1,1,0
"BCO1","s1650_F_LS_02_ASEReadCounter.table","NW_015090842.1:5917912",2,2,0
"BCO1","s1650_F_LS_02_ASEReadCounter.table","NW_015090842.1:5917941",2,2,0
"BCO1","s1650_F_LS_02_ASEReadCounter.table","NW_015090842.1:5917971",2,2,0
"BCO1","s1650_F_LS_02_ASEReadCounter.table","NW_015090842.1:5921679",3,3,0
"BCO1","s1650_F_LS_02_ASEReadCounter.table","NW_015090842.1:5921726",3,3,0
"BCO1","s1650_F_LS_02_ASEReadCounter.table","NW_015090842.1:5925669",1,3,2
"BCO1","s1650_F_LS_02_ASEReadCounter.table","NW_015090842.1:5926937",3,3,0
"BCO1","s1650_F_LS_02_ASEReadCounter.table","NW_015090842.1:5927921",5,7,2
"BCO1","s1650_F_LS_02_ASEReadCounter.table","NW_015090842.1:5927948",6,7,1
"BCO1","s1650_F_LS_02_ASEReadCounter.table","NW_015090842.1:5927968",5,6,1
"BCO1","s1650_F_LS_02_ASEReadCounter.table","NW_015090842.1:5928052",2,2,0
"BCO1","s1650_F_LS_02_ASEReadCounter.table","NW_015090842.1:5932726",7,8,1
"BCO1","s1650_F_LS_02_ASEReadCounter.table","NW_015090842.1:5932801",2,3,1
"BCO1","s1650_F_LS_02_ASEReadCounter.table","NW_015090842.1:5934558",7,12,5
"BCO1","s1650_F_LS_02_ASEReadCounter.table","NW_015090842.1:5934575",7,12,5
"BCO1","s1650_F_LS_02_ASEReadCounter.table","NW_015090842.1:5934608",8,14,6
"BCO1","s1650_F_LS_02_ASEReadCounter.table","NW_015090842.1:5934647",10,16,6
"BCO1","s1650_F_LS_02_ASEReadCounter.table","NW_015090842.1:5934725",11,18,7
"BCO1","s1650_F_LS_02_ASEReadCounter.table","NW_015090842.1:5934726",11,18,7
"BCO1","s1650_F_LS_02_ASEReadCounter.table","NW_015090842.1:5934733",11,17,6
"BCO1","s1650_F_LS_02_ASEReadCounter.table","NW_015090842.1:5934821",11,19,8
"BCO1","s1650_F_LS_02_ASEReadCounter.table","NW_015090842.1:5934826",9,16,7
"BCO1","s1650_F_LS_02_ASEReadCounter.table","NW_015090842.1:5934844",6,11,5
"BCO1","s1650_F_LS_02_ASEReadCounter.table","NW_015090842.1:5934958",16,23,7
"BCO1","s1650_F_LS_02_ASEReadCounter.table","NW_015090842.1:5934976",11,18,7
"GAN","s1650_F_LS_02_ASEReadCounter.table","NW_015090842.1:5939249",0,1,1
"GAN","s1650_F_LS_02_ASEReadCounter.table","NW_015090842.1:5953759",3,12,9
"GAN","s1650_F_LS_02_ASEReadCounter.table","NW_015090842.1:5957502",9,23,14
"GAN","s1650_F_LS_02_ASEReadCounter.table","NW_015090842.1:5957578",10,27,17
"GAN","s1650_F_LS_02_ASEReadCounter.table","NW_015090842.1:5966047",20,60,40
"GAN","s1650_F_LS_02_ASEReadCounter.table","NW_015090842.1:5966126",16,63,47
"GAN","s1650_F_LS_02_ASEReadCounter.table","NW_015090842.1:5966127",16,62,46
"GAN","s1650_F_LS_02_ASEReadCounter.table","NW_015090842.1:5966162",25,69,44
"GAN","s1650_F_LS_02_ASEReadCounter.table","NW_015090842.1:5966483",68,182,114
"CMIP","s1650_F_LS_02_ASEReadCounter.table","NW_015090842.1:6109159",3,7,4
"CMIP","s1650_F_LS_02_ASEReadCounter.table","NW_015090842.1:6109166",3,7,4
"CMIP","s1650_F_LS_02_ASEReadCounter.table","NW_015090842.1:6114641",14,25,11
"CMIP","s1650_F_LS_02_ASEReadCounter.table","NW_015090842.1:6114751",6,12,6
"CMIP","s1650_F_LS_02_ASEReadCounter.table","NW_015090842.1:6114824",12,27,15
"CMIP","s1650_F_LS_02_ASEReadCounter.table","NW_015090842.1:6126295",51,53,2
"CMIP","s1650_F_LS_02_ASEReadCounter.table","NW_015090842.1:6128998",15,57,42
"CMIP","s1650_F_LS_02_ASEReadCounter.table","NW_015090842.1:6130562",27,100,73
"CMIP","s1650_F_LS_02_ASEReadCounter.table","NW_015090842.1:6132522",30,102,72
"CMIP","s1650_F_LS_02_ASEReadCounter.table","NW_015090842.1:6138265",107,377,270
"CMIP","s1650_F_LS_02_ASEReadCounter.table","NW_015090842.1:6138300",97,366,269
"CMIP","s1650_F_LS_02_ASEReadCounter.table","NW_015090842.1:6138342",76,299,223
"CMIP","s1650_F_LS_02_ASEReadCounter.table","NW_015090842.1:6138343",77,304,227
"CMIP","s1650_F_LS_02_ASEReadCounter.table","NW_015090842.1:6138345",77,307,230
"CMIP","s1650_F_LS_02_ASEReadCounter.table","NW_015090842.1:6138647",55,160,105
"CMIP","s1650_F_LS_02_ASEReadCounter.table","NW_015090842.1:6138745",47,166,119
"CMIP","s1650_F_LS_02_ASEReadCounter.table","NW_015090842.1:6138832",13,77,64
"CMIP","s1650_F_LS_02_ASEReadCounter.table","NW_015090842.1:6138967",70,164,94
"CMIP","s1650_F_LS_02_ASEReadCounter.table","NW_015090842.1:6139131",38,107,69
"CMIP","s1650_F_LS_02_ASEReadCounter.table","NW_015090842.1:6139163",10,76,66
"CMIP","s1650_F_LS_02_ASEReadCounter.table","NW_015090842.1:6139212",151,163,12
"CMIP","s1650_F_LS_02_ASEReadCounter.table","NW_015090842.1:6139360",39,85,46
"CMIP","s1650_F_LS_02_ASEReadCounter.table","NW_015090842.1:6139572",28,67,39
"PLCG2","s1650_F_LS_02_ASEReadCounter.table","NW_015090842.1:6179613",0,1,1
"PLCG2","s1650_F_LS_02_ASEReadCounter.table","NW_015090842.1:6179658",3,3,0
"PLCG2","s1650_F_LS_02_ASEReadCounter.table","NW_015090842.1:6203766",1,1,0
"PLCG2","s1650_F_LS_02_ASEReadCounter.table","NW_015090842.1:6203775",1,1,0
"PLCG2","s1650_F_LS_02_ASEReadCounter.table","NW_015090842.1:6203787",1,1,0
"PLCG2","s1650_F_LS_02_ASEReadCounter.table","NW_015090842.1:6209741",1,1,0
"PLCG2","s1650_F_LS_02_ASEReadCounter.table","NW_015090842.1:6209798",1,1,0
"PLCG2","s1650_F_LS_02_ASEReadCounter.table","NW_015090842.1:6209816",2,2,0
"PLCG2","s1650_F_LS_02_ASEReadCounter.table","NW_015090842.1:6217547",1,2,1
"PLCG2","s1650_F_LS_02_ASEReadCounter.table","NW_015090842.1:6218641",0,2,2
"PLCG2","s1650_F_LS_02_ASEReadCounter.table","NW_015090842.1:6220552",0,1,1
"PLCG2","s1650_F_LS_02_ASEReadCounter.table","NW_015090842.1:6228672",1,1,0
"PLCG2","s1650_F_LS_02_ASEReadCounter.table","NW_015090842.1:6228694",1,1,0
"PLCG2","s1650_F_LS_02_ASEReadCounter.table","NW_015090842.1:6228722",1,2,1
"PLCG2","s1650_F_LS_02_ASEReadCounter.table","NW_015090842.1:6228747",1,2,1
"PLCG2","s1650_F_LS_02_ASEReadCounter.table","NW_015090842.1:6228841",1,1,0
"PLCG2","s1650_F_LS_02_ASEReadCounter.table","NW_015090842.1:6228865",2,2,0
"PLCG2","s1650_F_LS_02_ASEReadCounter.table","NW_015090842.1:6228917",2,3,1
"PLCG2","s1650_F_LS_02_ASEReadCounter.table","NW_015090842.1:6228926",2,3,1
"PLCG2","s1650_F_LS_02_ASEReadCounter.table","NW_015090842.1:6228954",1,3,2
"PLCG2","s1650_F_LS_02_ASEReadCounter.table","NW_015090842.1:6229002",2,3,1
"PLCG2","s1650_F_LS_02_ASEReadCounter.table","NW_015090842.1:6229006",2,3,1
"PLCG2","s1650_F_LS_02_ASEReadCounter.table","NW_015090842.1:6229081",2,2,0
"PLCG2","s1650_F_LS_02_ASEReadCounter.table","NW_015090842.1:6229097",1,1,0
"PLCG2","s1650_F_LS_02_ASEReadCounter.table","NW_015090842.1:6229160",1,2,1
"PLCG2","s1650_F_LS_02_ASEReadCounter.table","NW_015090842.1:6229213",0,1,1
"PLCG2","s1650_F_LS_02_ASEReadCounter.table","NW_015090842.1:6229231",0,1,1
"PLCG2","s1650_F_LS_02_ASEReadCounter.table","NW_015090842.1:6229663",1,1,0
"PLCG2","s1650_F_LS_02_ASEReadCounter.table","NW_015090842.1:6229748",2,2,0
"PLCG2","s1650_F_LS_02_ASEReadCounter.table","NW_015090842.1:6229892",3,3,0
"PLCG2","s1650_F_LS_02_ASEReadCounter.table","NW_015090842.1:6230248",1,2,1
"PLCG2","s1650_F_LS_02_ASEReadCounter.table","NW_015090842.1:6230255",1,3,2
"PLCG2","s1650_F_LS_02_ASEReadCounter.table","NW_015090842.1:6230276",1,3,2
"PLCG2","s1650_F_LS_02_ASEReadCounter.table","NW_015090842.1:6230296",1,2,1
"PLCG2","s1650_F_LS_02_ASEReadCounter.table","NW_015090842.1:6230349",2,3,1
"PLCG2","s1650_F_LS_02_ASEReadCounter.table","NW_015090842.1:6230408",6,6,0
"PLCG2","s1650_F_LS_02_ASEReadCounter.table","NW_015090842.1:6230439",6,6,0
"PLCG2","s1650_F_LS_02_ASEReadCounter.table","NW_015090842.1:6230898",1,1,0
"PLCG2","s1650_F_LS_02_ASEReadCounter.table","NW_015090842.1:6230976",1,1,0
"PLCG2","s1650_F_LS_02_ASEReadCounter.table","NW_015090842.1:6231078",1,1,0
"PLCG2","s1650_F_LS_02_ASEReadCounter.table","NW_015090842.1:6231138",4,4,0
"PLCG2","s1650_F_LS_02_ASEReadCounter.table","NW_015090842.1:6231177",4,4,0
"PLCG2","s1650_F_LS_02_ASEReadCounter.table","NW_015090842.1:6231263",3,3,0
"SDR42E1","s1650_F_LS_02_ASEReadCounter.table","NW_015090842.1:6235292",0,1,1
"SDR42E1","s1650_F_LS_02_ASEReadCounter.table","NW_015090842.1:6235315",0,1,1
"SDR42E1","s1650_F_LS_02_ASEReadCounter.table","NW_015090842.1:6235348",1,7,6
"SDR42E1","s1650_F_LS_02_ASEReadCounter.table","NW_015090842.1:6235355",1,7,6
"SDR42E1","s1650_F_LS_02_ASEReadCounter.table","NW_015090842.1:6235417",1,11,10
"SDR42E1","s1650_F_LS_02_ASEReadCounter.table","NW_015090842.1:6235558",0,11,11
"SDR42E1","s1650_F_LS_02_ASEReadCounter.table","NW_015090842.1:6235741",2,10,8
"SDR42E1","s1650_F_LS_02_ASEReadCounter.table","NW_015090842.1:6235777",2,14,12
"SDR42E1","s1650_F_LS_02_ASEReadCounter.table","NW_015090842.1:6235806",1,15,14
"SDR42E1","s1650_F_LS_02_ASEReadCounter.table","NW_015090842.1:6235809",1,15,14
"SDR42E1","s1650_F_LS_02_ASEReadCounter.table","NW_015090842.1:6235816",1,16,15
"SDR42E1","s1650_F_LS_02_ASEReadCounter.table","NW_015090842.1:6235914",0,5,5
"SDR42E1","s1650_F_LS_02_ASEReadCounter.table","NW_015090842.1:6235935",1,6,5
"SDR42E1","s1650_F_LS_02_ASEReadCounter.table","NW_015090842.1:6235957",1,5,4
"SDR42E1","s1650_F_LS_02_ASEReadCounter.table","NW_015090842.1:6236040",5,10,5
"SDR42E1","s1650_F_LS_02_ASEReadCounter.table","NW_015090842.1:6236260",5,10,5
"SDR42E1","s1650_F_LS_02_ASEReadCounter.table","NW_015090842.1:6236281",6,11,5
"SDR42E1","s1650_F_LS_02_ASEReadCounter.table","NW_015090842.1:6236305",6,10,4
"SDR42E1","s1650_F_LS_02_ASEReadCounter.table","NW_015090842.1:6236458",0,3,3
"SDR42E1","s1650_F_LS_02_ASEReadCounter.table","NW_015090842.1:6236476",0,5,5
"SDR42E1","s1650_F_LS_02_ASEReadCounter.table","NW_015090842.1:6236608",0,2,2
"SDR42E1","s1650_F_LS_02_ASEReadCounter.table","NW_015090842.1:6238244",0,1,1
"SDR42E1","s1650_F_LS_02_ASEReadCounter.table","NW_015090842.1:6238829",1,1,0
"HSD17B2","s1650_F_LS_02_ASEReadCounter.table","NW_015090842.1:6257829",0,1,1
"HSD17B2","s1650_F_LS_02_ASEReadCounter.table","NW_015090842.1:6257851",0,1,1
"HSD17B2","s1650_F_LS_02_ASEReadCounter.table","NW_015090842.1:6257889",0,1,1
"HSD17B2","s1650_F_LS_02_ASEReadCounter.table","NW_015090842.1:6262951",0,1,1
"HSD17B2","s1650_F_LS_02_ASEReadCounter.table","NW_015090842.1:6262974",0,1,1
"HSD17B2","s1650_F_LS_02_ASEReadCounter.table","NW_015090842.1:6266795",0,3,3
"HSD17B2","s1650_F_LS_02_ASEReadCounter.table","NW_015090842.1:6266944",0,1,1
"HSD17B2","s1650_F_LS_02_ASEReadCounter.table","NW_015090842.1:6267053",0,1,1
"HSD17B2","s1650_F_LS_02_ASEReadCounter.table","NW_015090842.1:6267196",0,1,1
"HSD17B2","s1650_F_LS_02_ASEReadCounter.table","NW_015090842.1:6267674",0,1,1
"HSD17B2","s1650_F_LS_02_ASEReadCounter.table","NW_015090842.1:6267913",0,1,1
"HSD17B2","s1650_F_LS_02_ASEReadCounter.table","NW_015090842.1:6268098",0,1,1
"HSD17B2","s1650_F_LS_02_ASEReadCounter.table","NW_015090842.1:6268203",0,1,1
"ARY2","s1650_F_LS_02_ASEReadCounter.table","NW_015090842.1:6303922",5,12,7
"ARY2","s1650_F_LS_02_ASEReadCounter.table","NW_015090842.1:6303954",5,11,6
"ARY2","s1650_F_LS_02_ASEReadCounter.table","NW_015090842.1:6303979",5,9,4
"ARY2","s1650_F_LS_02_ASEReadCounter.table","NW_015090842.1:6305848",5,11,6
"ARY2","s1650_F_LS_02_ASEReadCounter.table","NW_015090842.1:6305856",6,13,7
"ARY2","s1650_F_LS_02_ASEReadCounter.table","NW_015090842.1:6305857",6,13,7
"ARY2","s1650_F_LS_02_ASEReadCounter.table","NW_015090842.1:6306017",9,18,9
"ARY2","s1650_F_LS_02_ASEReadCounter.table","NW_015090842.1:6306052",11,18,7
"ARY2","s1650_F_LS_02_ASEReadCounter.table","NW_015090842.1:6306094",12,21,9
"ARY2","s1650_F_LS_02_ASEReadCounter.table","NW_015090842.1:6306100",11,20,9
"ARY2","s1650_F_LS_02_ASEReadCounter.table","NW_015090842.1:6306146",8,18,10
"ARY2","s1650_F_LS_02_ASEReadCounter.table","NW_015090842.1:6306147",8,17,9
"ARY2","s1650_F_LS_02_ASEReadCounter.table","NW_015090842.1:6306390",11,18,7
"ARY2","s1650_F_LS_02_ASEReadCounter.table","NW_015090842.1:6306567",13,16,3
"ARY2","s1650_F_LS_02_ASEReadCounter.table","NW_015090842.1:6306705",14,19,5
"ARY2","s1650_F_LS_02_ASEReadCounter.table","NW_015090842.1:6306773",21,25,4
"ARY2","s1650_F_LS_02_ASEReadCounter.table","NW_015090842.1:6307039",19,23,4
"ARY2","s1650_F_LS_02_ASEReadCounter.table","NW_015090842.1:6307043",19,24,5
"ARY2","s1650_F_LS_02_ASEReadCounter.table","NW_015090842.1:6307093",16,22,6
"ARY2","s1650_F_LS_02_ASEReadCounter.table","NW_015090842.1:6307138",15,22,7
"ARY2","s1650_F_LS_02_ASEReadCounter.table","NW_015090842.1:6307157",20,28,8
"ARY2","s1650_F_LS_02_ASEReadCounter.table","NW_015090842.1:6307187",28,36,8
"ARY2","s1650_F_LS_02_ASEReadCounter.table","NW_015090842.1:6307204",28,34,6
"ARY2","s1650_F_LS_02_ASEReadCounter.table","NW_015090842.1:6307278",21,26,5
"ARY2","s1650_F_LS_02_ASEReadCounter.table","NW_015090842.1:6307305",26,29,3
"ARY2","s1650_F_LS_02_ASEReadCounter.table","NW_015090842.1:6307318",26,33,7
"ARY2","s1650_F_LS_02_ASEReadCounter.table","NW_015090842.1:6307429",30,33,3
"ARY2","s1650_F_LS_02_ASEReadCounter.table","NW_015090842.1:6307487",28,34,6
"ARY2","s1650_F_LS_02_ASEReadCounter.table","NW_015090842.1:6307670",20,29,9
"ARYL","s1650_F_LS_02_ASEReadCounter.table","NW_015090842.1:6313360",3,4,1
"ARYL","s1650_F_LS_02_ASEReadCounter.table","NW_015090842.1:6313377",2,3,1
"ARYL","s1650_F_LS_02_ASEReadCounter.table","NW_015090842.1:6313767",4,4,0
"ARY1","s1650_F_LS_02_ASEReadCounter.table","NW_015090842.1:6314296",2,4,2
"ARY1","s1650_F_LS_02_ASEReadCounter.table","NW_015090842.1:6314541",3,6,3
"ARY1","s1650_F_LS_02_ASEReadCounter.table","NW_015090842.1:6314597",4,6,2
"ARY1","s1650_F_LS_02_ASEReadCounter.table","NW_015090842.1:6314750",3,10,7
"ARY1","s1650_F_LS_02_ASEReadCounter.table","NW_015090842.1:6314794",2,7,5
"ARY1","s1650_F_LS_02_ASEReadCounter.table","NW_015090842.1:6314827",1,6,5
"ARY1","s1650_F_LS_02_ASEReadCounter.table","NW_015090842.1:6314859",4,9,5
"ARY1","s1650_F_LS_02_ASEReadCounter.table","NW_015090842.1:6314886",4,8,4
"ARY1","s1650_F_LS_02_ASEReadCounter.table","NW_015090842.1:6315022",5,9,4
"ARY1","s1650_F_LS_02_ASEReadCounter.table","NW_015090842.1:6315026",5,8,3
"ARY1","s1650_F_LS_02_ASEReadCounter.table","NW_015090842.1:6315043",3,6,3
"ARY1","s1650_F_LS_02_ASEReadCounter.table","NW_015090842.1:6315065",5,8,3
"ARY1","s1650_F_LS_02_ASEReadCounter.table","NW_015090842.1:6315409",1,3,2
"ARY1","s1650_F_LS_02_ASEReadCounter.table","NW_015090842.1:6315479",5,10,5
"ARY1","s1650_F_LS_02_ASEReadCounter.table","NW_015090842.1:6318342",8,10,2
"ARY1","s1650_F_LS_02_ASEReadCounter.table","NW_015090842.1:6318427",13,16,3
"ARY1","s1650_F_LS_02_ASEReadCounter.table","NW_015090842.1:6318603",13,16,3
"ARY1","s1650_F_LS_02_ASEReadCounter.table","NW_015090842.1:6318708",10,15,5
"ARY1","s1650_F_LS_02_ASEReadCounter.table","NW_015090842.1:6318858",16,20,4
"ARY1","s1650_F_LS_02_ASEReadCounter.table","NW_015090842.1:6318952",14,21,7
"MPHOSPH6","s1650_F_LS_02_ASEReadCounter.table","NW_015090842.1:6324063",80,167,87
"MPHOSPH6","s1650_F_LS_02_ASEReadCounter.table","NW_015090842.1:6324174",135,264,129
"MPHOSPH6","s1650_F_LS_02_ASEReadCounter.table","NW_015090842.1:6324270",143,274,131
"MPHOSPH6","s1650_F_LS_02_ASEReadCounter.table","NW_015090842.1:6324762",86,173,87
"MPHOSPH6","s1650_F_LS_02_ASEReadCounter.table","NW_015090842.1:6324780",80,157,77
"MPHOSPH6","s1650_F_LS_02_ASEReadCounter.table","NW_015090842.1:6324902",93,187,94
"MPHOSPH6","s1650_F_LS_02_ASEReadCounter.table","NW_015090842.1:6325066",73,162,89
"MPHOSPH6","s1650_F_LS_02_ASEReadCounter.table","NW_015090842.1:6325089",85,189,104
"MPHOSPH6","s1650_F_LS_02_ASEReadCounter.table","NW_015090842.1:6325877",59,114,55
"MPHOSPH6","s1650_F_LS_02_ASEReadCounter.table","NW_015090842.1:6326976",39,93,54
"CDH13","s1650_F_LS_02_ASEReadCounter.table","NW_015090842.1:6662283",2,5,3
"CDH13","s1650_F_LS_02_ASEReadCounter.table","NW_015090842.1:6693665",1,5,4
"CDH13","s1650_F_LS_02_ASEReadCounter.table","NW_015090842.1:6693697",1,5,4
"CDH13","s1650_F_LS_02_ASEReadCounter.table","NW_015090842.1:6693712",1,5,4
"CDH13","s1650_F_LS_02_ASEReadCounter.table","NW_015090842.1:6693723",1,5,4
"CDH13","s1650_F_LS_02_ASEReadCounter.table","NW_015090842.1:6693738",1,4,3
"CDH13","s1650_F_LS_02_ASEReadCounter.table","NW_015090842.1:6823730",1,3,2
"CDH13","s1650_F_LS_02_ASEReadCounter.table","NW_015090842.1:6889713",0,2,2
"CDH13","s1650_F_LS_02_ASEReadCounter.table","NW_015090842.1:6955167",2,4,2
"MLYCD","s1650_F_LS_02_ASEReadCounter.table","NW_015090842.1:7150054",75,146,71
"MLYCD","s1650_F_LS_02_ASEReadCounter.table","NW_015090842.1:7150131",123,236,113
"MLYCD","s1650_F_LS_02_ASEReadCounter.table","NW_015090842.1:7150585",66,118,52
"MLYCD","s1650_F_LS_02_ASEReadCounter.table","NW_015090842.1:7150686",58,104,46
"MLYCD","s1650_F_LS_02_ASEReadCounter.table","NW_015090842.1:7150696",60,106,46
"MLYCD","s1650_F_LS_02_ASEReadCounter.table","NW_015090842.1:7150869",38,75,37
"MLYCD","s1650_F_LS_02_ASEReadCounter.table","NW_015090842.1:7151100",34,72,38
"MLYCD","s1650_F_LS_02_ASEReadCounter.table","NW_015090842.1:7151127",38,77,39
"MLYCD","s1650_F_LS_02_ASEReadCounter.table","NW_015090842.1:7157538",17,35,18
"MLYCD","s1650_F_LS_02_ASEReadCounter.table","NW_015090842.1:7167662",12,15,3
"MLYCD","s1650_F_LS_02_ASEReadCounter.table","NW_015090842.1:7167675",13,15,2
"MLYCD","s1650_F_LS_02_ASEReadCounter.table","NW_015090842.1:7167710",11,13,2
"MLYCD","s1650_F_LS_02_ASEReadCounter.table","NW_015090842.1:7167781",9,13,4
"MLYCD","s1650_F_LS_02_ASEReadCounter.table","NW_015090842.1:7167803",5,9,4
"MLYCD","s1650_F_LS_02_ASEReadCounter.table","NW_015090842.1:7167812",6,10,4
"MLYCD","s1650_F_LS_02_ASEReadCounter.table","NW_015090842.1:7167845",6,9,3
"MLYCD","s1650_F_LS_02_ASEReadCounter.table","NW_015090842.1:7167862",4,7,3
"MLYCD","s1650_F_LS_02_ASEReadCounter.table","NW_015090842.1:7167929",2,6,4
"MLYCD","s1650_F_LS_02_ASEReadCounter.table","NW_015090842.1:7167995",1,3,2
"MLYCD","s1650_F_LS_02_ASEReadCounter.table","NW_015090842.1:7168005",1,3,2
"MLYCD","s1650_F_LS_02_ASEReadCounter.table","NW_015090842.1:7168037",2,4,2
"HSBP1","s1650_F_LS_02_ASEReadCounter.table","NW_015090842.1:7245192",604,1038,434
"HSBP1","s1650_F_LS_02_ASEReadCounter.table","NW_015090842.1:7245226",703,1240,537
"HSBP1","s1650_F_LS_02_ASEReadCounter.table","NW_015090842.1:7245257",615,1096,481
"HSBP1","s1650_F_LS_02_ASEReadCounter.table","NW_015090842.1:7245296",548,1058,510
"HSBP1","s1650_F_LS_02_ASEReadCounter.table","NW_015090842.1:7245389",706,1306,600
"HSBP1","s1650_F_LS_02_ASEReadCounter.table","NW_015090842.1:7245400",729,1270,541
"HSBP1","s1650_F_LS_02_ASEReadCounter.table","NW_015090842.1:7245445",670,1181,511
"HSBP1","s1650_F_LS_02_ASEReadCounter.table","NW_015090842.1:7245495",605,1063,458
"HSBP1","s1650_F_LS_02_ASEReadCounter.table","NW_015090842.1:7245733",344,720,376
"HSBP1","s1650_F_LS_02_ASEReadCounter.table","NW_015090842.1:7245771",390,696,306
"HSBP1","s1650_F_LS_02_ASEReadCounter.table","NW_015090842.1:7245813",371,642,271
"HSBP1","s1650_F_LS_02_ASEReadCounter.table","NW_015090842.1:7245926",346,644,298
"HSBP1","s1650_F_LS_02_ASEReadCounter.table","NW_015090842.1:7245927",348,647,299
"HSBP1","s1650_F_LS_02_ASEReadCounter.table","NW_015090842.1:7245933",342,631,289
"HSBP1","s1650_F_LS_02_ASEReadCounter.table","NW_015090842.1:7246002",263,492,229
"HSBP1","s1650_F_LS_02_ASEReadCounter.table","NW_015090842.1:7246094",313,555,242
"HSBP1","s1650_F_LS_02_ASEReadCounter.table","NW_015090842.1:7246167",280,514,234
"HSBP1","s1650_F_LS_02_ASEReadCounter.table","NW_015090842.1:7246183",271,495,224
"HSBP1","s1650_F_LS_02_ASEReadCounter.table","NW_015090842.1:7247285",31,44,13
"HSBP1","s1650_F_LS_02_ASEReadCounter.table","NW_015090842.1:7247651",323,678,355
"HSBP1","s1650_F_LS_02_ASEReadCounter.table","NW_015090842.1:7247657",328,688,360
"HSBP1","s1650_F_LS_02_ASEReadCounter.table","NW_015090842.1:7248520",259,486,227
"HSBP1","s1650_F_LS_02_ASEReadCounter.table","NW_015090842.1:7248535",214,397,183
"KCNG4","s1650_F_LS_02_ASEReadCounter.table","NW_015090842.1:7283056",0,1,1
"KCNG4","s1650_F_LS_02_ASEReadCounter.table","NW_015090842.1:7283245",1,1,0
"WFDC1","s1650_F_LS_02_ASEReadCounter.table","NW_015090842.1:7366517",0,1,1
"WFDC1","s1650_F_LS_02_ASEReadCounter.table","NW_015090842.1:7373367",1,1,0
"WFDC1","s1650_F_LS_02_ASEReadCounter.table","NW_015090842.1:7375828",1,1,0
"WFDC1","s1650_F_LS_02_ASEReadCounter.table","NW_015090842.1:7379471",1,1,0
"WFDC1","s1650_F_LS_02_ASEReadCounter.table","NW_015090842.1:7379576",1,2,1
"WFDC1","s1650_F_LS_02_ASEReadCounter.table","NW_015090842.1:7379596",1,2,1
"WFDC1","s1650_F_LS_02_ASEReadCounter.table","NW_015090842.1:7379605",1,1,0
"WFDC1","s1650_F_LS_02_ASEReadCounter.table","NW_015090842.1:7379626",1,1,0
"WFDC1","s1650_F_LS_02_ASEReadCounter.table","NW_015090842.1:7379631",1,2,1
"WFDC1","s1650_F_LS_02_ASEReadCounter.table","NW_015090842.1:7379632",1,2,1
"WFDC1","s1650_F_LS_02_ASEReadCounter.table","NW_015090842.1:7379652",1,2,1
"WFDC1","s1650_F_LS_02_ASEReadCounter.table","NW_015090842.1:7379669",0,1,1
"WFDC1","s1650_F_LS_02_ASEReadCounter.table","NW_015090842.1:7379674",0,1,1
"WFDC1","s1650_F_LS_02_ASEReadCounter.table","NW_015090842.1:7379719",0,1,1
"WFDC1","s1650_F_LS_02_ASEReadCounter.table","NW_015090842.1:7379735",0,1,1
"WFDC1","s1650_F_LS_02_ASEReadCounter.table","NW_015090842.1:7379739",0,1,1
"WFDC1","s1650_F_LS_02_ASEReadCounter.table","NW_015090842.1:7379933",0,1,1
"WFDC1","s1650_F_LS_02_ASEReadCounter.table","NW_015090842.1:7379935",0,1,1
"WFDC1","s1650_F_LS_02_ASEReadCounter.table","NW_015090842.1:7379983",1,2,1
"WFDC1","s1650_F_LS_02_ASEReadCounter.table","NW_015090842.1:7380060",2,2,0
"WFDC1","s1650_F_LS_02_ASEReadCounter.table","NW_015090842.1:7380136",1,1,0
"WFDC1","s1650_F_LS_02_ASEReadCounter.table","NW_015090842.1:7380150",1,1,0
"WFDC1","s1650_F_LS_02_ASEReadCounter.table","NW_015090842.1:7380164",1,1,0
"WFDC1","s1650_F_LS_02_ASEReadCounter.table","NW_015090842.1:7380237",1,1,0
"WFDC1","s1650_F_LS_02_ASEReadCounter.table","NW_015090842.1:7380261",1,1,0
"WFDC1","s1650_F_LS_02_ASEReadCounter.table","NW_015090842.1:7380491",1,4,3
"WFDC1","s1650_F_LS_02_ASEReadCounter.table","NW_015090842.1:7380567",1,2,1
"WFDC1","s1650_F_LS_02_ASEReadCounter.table","NW_015090842.1:7380672",0,1,1
"WFDC1","s1650_F_LS_02_ASEReadCounter.table","NW_015090842.1:7380721",1,2,1
"WFDC1","s1650_F_LS_02_ASEReadCounter.table","NW_015090842.1:7380743",1,2,1
"WFDC1","s1650_F_LS_02_ASEReadCounter.table","NW_015090842.1:7380852",2,3,1
"WFDC1","s1650_F_LS_02_ASEReadCounter.table","NW_015090842.1:7380878",1,2,1
"WFDC1","s1650_F_LS_02_ASEReadCounter.table","NW_015090842.1:7381081",0,3,3
"WFDC1","s1650_F_LS_02_ASEReadCounter.table","NW_015090842.1:7381127",2,4,2
"WFDC1","s1650_F_LS_02_ASEReadCounter.table","NW_015090842.1:7381195",0,1,1
"WFDC1","s1650_F_LS_02_ASEReadCounter.table","NW_015090842.1:7381253",2,3,1
"WFDC1","s1650_F_LS_02_ASEReadCounter.table","NW_015090842.1:7381378",3,7,4
"WFDC1","s1650_F_LS_02_ASEReadCounter.table","NW_015090842.1:7381433",6,9,3
"WFDC1","s1650_F_LS_02_ASEReadCounter.table","NW_015090842.1:7381434",6,9,3
"WFDC1","s1650_F_LS_02_ASEReadCounter.table","NW_015090842.1:7381442",5,7,2
"WFDC1","s1650_F_LS_02_ASEReadCounter.table","NW_015090842.1:7381517",0,3,3
"WFDC1","s1650_F_LS_02_ASEReadCounter.table","NW_015090842.1:7381520",0,5,5
"WFDC1","s1650_F_LS_02_ASEReadCounter.table","NW_015090842.1:7381677",3,7,4
"WFDC1","s1650_F_LS_02_ASEReadCounter.table","NW_015090842.1:7381709",2,5,3
"ATP2C2","s1650_F_LS_02_ASEReadCounter.table","NW_015090842.1:7392613",0,1,1
"ATP2C2","s1650_F_LS_02_ASEReadCounter.table","NW_015090842.1:7395230",0,1,1
"ATP2C2","s1650_F_LS_02_ASEReadCounter.table","NW_015090842.1:7395366",1,2,1
"ATP2C2","s1650_F_LS_02_ASEReadCounter.table","NW_015090842.1:7396756",1,2,1
"ATP2C2","s1650_F_LS_02_ASEReadCounter.table","NW_015090842.1:7397049",0,1,1
"ATP2C2","s1650_F_LS_02_ASEReadCounter.table","NW_015090842.1:7398395",0,1,1
"ATP2C2","s1650_F_LS_02_ASEReadCounter.table","NW_015090842.1:7402554",1,2,1
"ATP2C2","s1650_F_LS_02_ASEReadCounter.table","NW_015090842.1:7402578",1,2,1
"ATP2C2","s1650_F_LS_02_ASEReadCounter.table","NW_015090842.1:7413855",0,14,14
"ATP2C2","s1650_F_LS_02_ASEReadCounter.table","NW_015090842.1:7413869",0,14,14
"ATP2C2","s1650_F_LS_02_ASEReadCounter.table","NW_015090842.1:7413875",0,13,13
"TLDC1","s1650_F_LS_02_ASEReadCounter.table","NW_015090842.1:7421137",34,60,26
"TLDC1","s1650_F_LS_02_ASEReadCounter.table","NW_015090842.1:7421155",35,57,22
"TLDC1","s1650_F_LS_02_ASEReadCounter.table","NW_015090842.1:7421218",32,47,15
"TLDC1","s1650_F_LS_02_ASEReadCounter.table","NW_015090842.1:7421399",29,44,15
"TLDC1","s1650_F_LS_02_ASEReadCounter.table","NW_015090842.1:7421402",29,45,16
"TLDC1","s1650_F_LS_02_ASEReadCounter.table","NW_015090842.1:7421528",30,37,7
"TLDC1","s1650_F_LS_02_ASEReadCounter.table","NW_015090842.1:7421532",29,36,7
"TLDC1","s1650_F_LS_02_ASEReadCounter.table","NW_015090842.1:7421621",37,45,8
"TLDC1","s1650_F_LS_02_ASEReadCounter.table","NW_015090842.1:7421647",31,38,7
"TLDC1","s1650_F_LS_02_ASEReadCounter.table","NW_015090842.1:7421657",34,41,7
"TLDC1","s1650_F_LS_02_ASEReadCounter.table","NW_015090842.1:7421693",36,43,7
"TLDC1","s1650_F_LS_02_ASEReadCounter.table","NW_015090842.1:7421796",32,39,7
"TLDC1","s1650_F_LS_02_ASEReadCounter.table","NW_015090842.1:7421810",31,41,10
"TLDC1","s1650_F_LS_02_ASEReadCounter.table","NW_015090842.1:7421833",33,46,13
"TLDC1","s1650_F_LS_02_ASEReadCounter.table","NW_015090842.1:7421879",28,48,20
"TLDC1","s1650_F_LS_02_ASEReadCounter.table","NW_015090842.1:7421914",29,49,20
"TLDC1","s1650_F_LS_02_ASEReadCounter.table","NW_015090842.1:7421969",24,33,9
"TLDC1","s1650_F_LS_02_ASEReadCounter.table","NW_015090842.1:7422015",15,26,11
"TLDC1","s1650_F_LS_02_ASEReadCounter.table","NW_015090842.1:7422042",23,39,16
"TLDC1","s1650_F_LS_02_ASEReadCounter.table","NW_015090842.1:7422230",24,32,8
"TLDC1","s1650_F_LS_02_ASEReadCounter.table","NW_015090842.1:7423349",21,32,11
"TLDC1","s1650_F_LS_02_ASEReadCounter.table","NW_015090842.1:7423362",21,30,9
"TLDC1","s1650_F_LS_02_ASEReadCounter.table","NW_015090842.1:7426091",16,19,3
"TLDC1","s1650_F_LS_02_ASEReadCounter.table","NW_015090842.1:7426485",15,22,7
"TLDC1","s1650_F_LS_02_ASEReadCounter.table","NW_015090842.1:7427211",9,15,6
"TLDC1","s1650_F_LS_02_ASEReadCounter.table","NW_015090842.1:7428179",4,8,4
"COTL1","s1650_F_LS_02_ASEReadCounter.table","NW_015090842.1:7490744",974,2316,1342
"COTL1","s1650_F_LS_02_ASEReadCounter.table","NW_015090842.1:7491051",591,1397,806
"COTL1","s1650_F_LS_02_ASEReadCounter.table","NW_015090842.1:7491124",556,1236,680
"COTL1","s1650_F_LS_02_ASEReadCounter.table","NW_015090842.1:7491418",311,692,381
"COTL1","s1650_F_LS_02_ASEReadCounter.table","NW_015090842.1:7491539",201,480,279
"COTL1","s1650_F_LS_02_ASEReadCounter.table","NW_015090842.1:7491585",308,689,381
"COTL1","s1650_F_LS_02_ASEReadCounter.table","NW_015090842.1:7491586",301,694,393
"COTL1","s1650_F_LS_02_ASEReadCounter.table","NW_015090842.1:7491646",374,864,490
"COTL1","s1650_F_LS_02_ASEReadCounter.table","NW_015090842.1:7491747",281,630,349
"COTL1","s1650_F_LS_02_ASEReadCounter.table","NW_015090842.1:7491803",227,548,321
"COTL1","s1650_F_LS_02_ASEReadCounter.table","NW_015090842.1:7506078",0,1,1
"KLHL36","s1650_F_LS_02_ASEReadCounter.table","NW_015090842.1:7514700",36,49,13
"KLHL36","s1650_F_LS_02_ASEReadCounter.table","NW_015090842.1:7526160",22,41,19
"KLHL36","s1650_F_LS_02_ASEReadCounter.table","NW_015090842.1:7526469",18,28,10
"KLHL36","s1650_F_LS_02_ASEReadCounter.table","NW_015090842.1:7526587",20,33,13
"KLHL36","s1650_F_LS_02_ASEReadCounter.table","NW_015090842.1:7526997",14,29,15
"KLHL36","s1650_F_LS_02_ASEReadCounter.table","NW_015090842.1:7527142",9,22,13
"KLHL36","s1650_F_LS_02_ASEReadCounter.table","NW_015090842.1:7535174",32,69,37
"KLHL36","s1650_F_LS_02_ASEReadCounter.table","NW_015090842.1:7535384",30,54,24
"KLHL36","s1650_F_LS_02_ASEReadCounter.table","NW_015090842.1:7535420",32,60,28
"KLHL36","s1650_F_LS_02_ASEReadCounter.table","NW_015090842.1:7535545",19,35,16
"KLHL36","s1650_F_LS_02_ASEReadCounter.table","NW_015090842.1:7535829",35,65,30
"KLHL36","s1650_F_LS_02_ASEReadCounter.table","NW_015090842.1:7535977",30,65,35
"KLHL36","s1650_F_LS_02_ASEReadCounter.table","NW_015090842.1:7536010",33,68,35
"KLHL36","s1650_F_LS_02_ASEReadCounter.table","NW_015090842.1:7536051",23,53,30
"KLHL36","s1650_F_LS_02_ASEReadCounter.table","NW_015090842.1:7536096",30,58,28
"KLHL36","s1650_F_LS_02_ASEReadCounter.table","NW_015090842.1:7536135",37,72,35
"KLHL36","s1650_F_LS_02_ASEReadCounter.table","NW_015090842.1:7536136",37,72,35
"KLHL36","s1650_F_LS_02_ASEReadCounter.table","NW_015090842.1:7536160",39,75,36
"KLHL36","s1650_F_LS_02_ASEReadCounter.table","NW_015090842.1:7536336",30,63,33
"KLHL36","s1650_F_LS_02_ASEReadCounter.table","NW_015090842.1:7536352",31,69,38
"KLHL36","s1650_F_LS_02_ASEReadCounter.table","NW_015090842.1:7536412",24,63,39
"KLHL36","s1650_F_LS_02_ASEReadCounter.table","NW_015090842.1:7536418",23,60,37
"KLHL36","s1650_F_LS_02_ASEReadCounter.table","NW_015090842.1:7536465",29,64,35
"KLHL36","s1650_F_LS_02_ASEReadCounter.table","NW_015090842.1:7536466",29,63,34
"KLHL36","s1650_F_LS_02_ASEReadCounter.table","NW_015090842.1:7536553",48,86,38
"KLHL36","s1650_F_LS_02_ASEReadCounter.table","NW_015090842.1:7536698",45,81,36
"KLHL36","s1650_F_LS_02_ASEReadCounter.table","NW_015090842.1:7536713",27,70,43
"KLHL36","s1650_F_LS_02_ASEReadCounter.table","NW_015090842.1:7536720",32,65,33
"KLHL36","s1650_F_LS_02_ASEReadCounter.table","NW_015090842.1:7536791",34,57,23
"KLHL36","s1650_F_LS_02_ASEReadCounter.table","NW_015090842.1:7536849",40,66,26
"KLHL36","s1650_F_LS_02_ASEReadCounter.table","NW_015090842.1:7536872",47,81,34
"KLHL36","s1650_F_LS_02_ASEReadCounter.table","NW_015090842.1:7536878",51,86,35
"KLHL36","s1650_F_LS_02_ASEReadCounter.table","NW_015090842.1:7536916",58,96,38
"KLHL36","s1650_F_LS_02_ASEReadCounter.table","NW_015090842.1:7536927",60,120,60
"KLHL36","s1650_F_LS_02_ASEReadCounter.table","NW_015090842.1:7537315",69,130,61
"KLHL36","s1650_F_LS_02_ASEReadCounter.table","NW_015090842.1:7537352",47,113,66
"KLHL36","s1650_F_LS_02_ASEReadCounter.table","NW_015090842.1:7537631",81,167,86
"KLHL36","s1650_F_LS_02_ASEReadCounter.table","NW_015090842.1:7537830",110,202,92
"KLHL36","s1650_F_LS_02_ASEReadCounter.table","NW_015090842.1:7537838",102,198,96
"KLHL36","s1650_F_LS_02_ASEReadCounter.table","NW_015090842.1:7538153",77,176,99
"KLHL36","s1650_F_LS_02_ASEReadCounter.table","NW_015090842.1:7538256",59,149,90
"KLHL36","s1650_F_LS_02_ASEReadCounter.table","NW_015090842.1:7538265",57,148,91
"KLHL36","s1650_F_LS_02_ASEReadCounter.table","NW_015090842.1:7538300",68,166,98
"USP10","s1650_F_LS_02_ASEReadCounter.table","NW_015090842.1:7563972",1,4,3
"USP10","s1650_F_LS_02_ASEReadCounter.table","NW_015090842.1:7571816",5,12,7
"USP10","s1650_F_LS_02_ASEReadCounter.table","NW_015090842.1:7571993",9,22,13
"USP10","s1650_F_LS_02_ASEReadCounter.table","NW_015090842.1:7572580",9,28,19
"USP10","s1650_F_LS_02_ASEReadCounter.table","NW_015090842.1:7587372",66,142,76
"CRISPLD2","s1650_F_LS_02_ASEReadCounter.table","NW_015090842.1:7604605",1,1,0
"CRISPLD2","s1650_F_LS_02_ASEReadCounter.table","NW_015090842.1:7609883",1,1,0
"CRISPLD2","s1650_F_LS_02_ASEReadCounter.table","NW_015090842.1:7617757",1,1,0
"CRISPLD2","s1650_F_LS_02_ASEReadCounter.table","NW_015090842.1:7625451",5,6,1
"CRISPLD2","s1650_F_LS_02_ASEReadCounter.table","NW_015090842.1:7626214",4,4,0
"CRISPLD2","s1650_F_LS_02_ASEReadCounter.table","NW_015090842.1:7630784",4,4,0
"CRISPLD2","s1650_F_LS_02_ASEReadCounter.table","NW_015090842.1:7630823",6,6,0
"CRISPLD2","s1650_F_LS_02_ASEReadCounter.table","NW_015090842.1:7633172",4,4,0
"CRISPLD2","s1650_F_LS_02_ASEReadCounter.table","NW_015090842.1:7633326",4,4,0
"CRISPLD2","s1650_F_LS_02_ASEReadCounter.table","NW_015090842.1:7633336",5,5,0
"CRISPLD2","s1650_F_LS_02_ASEReadCounter.table","NW_015090842.1:7633381",5,5,0
"CRISPLD2","s1650_F_LS_02_ASEReadCounter.table","NW_015090842.1:7633388",6,6,0
"CRISPLD2","s1650_F_LS_02_ASEReadCounter.table","NW_015090842.1:7633400",6,6,0
"CRISPLD2","s1650_F_LS_02_ASEReadCounter.table","NW_015090842.1:7633486",6,6,0
"CRISPLD2","s1650_F_LS_02_ASEReadCounter.table","NW_015090842.1:7633503",7,7,0
"CRISPLD2","s1650_F_LS_02_ASEReadCounter.table","NW_015090842.1:7633504",7,7,0
"CRISPLD2","s1650_F_LS_02_ASEReadCounter.table","NW_015090842.1:7633557",6,6,0
"CRISPLD2","s1650_F_LS_02_ASEReadCounter.table","NW_015090842.1:7633571",5,5,0
"CRISPLD2","s1650_F_LS_02_ASEReadCounter.table","NW_015090842.1:7633588",4,4,0
"CRISPLD2","s1650_F_LS_02_ASEReadCounter.table","NW_015090842.1:7633617",3,3,0
"CRISPLD2","s1650_F_LS_02_ASEReadCounter.table","NW_015090842.1:7633695",3,3,0
"CRISPLD2","s1650_F_LS_02_ASEReadCounter.table","NW_015090842.1:7633721",3,3,0
"CRISPLD2","s1650_F_LS_02_ASEReadCounter.table","NW_015090842.1:7633888",1,1,0
"CRISPLD2","s1650_F_LS_02_ASEReadCounter.table","NW_015090842.1:7634142",2,2,0
"CRISPLD2","s1650_F_LS_02_ASEReadCounter.table","NW_015090842.1:7634417",2,2,0
"CRISPLD2","s1650_F_LS_02_ASEReadCounter.table","NW_015090842.1:7634852",1,1,0
"CRISPLD2","s1650_F_LS_02_ASEReadCounter.table","NW_015090842.1:7635009",1,1,0
"CRISPLD2","s1650_F_LS_02_ASEReadCounter.table","NW_015090842.1:7635208",1,1,0
"CRISPLD2","s1650_F_LS_02_ASEReadCounter.table","NW_015090842.1:7635373",1,2,1
"CRISPLD2","s1650_F_LS_02_ASEReadCounter.table","NW_015090842.1:7635525",3,4,1
"CRISPLD2","s1650_F_LS_02_ASEReadCounter.table","NW_015090842.1:7635583",5,5,0
"CRISPLD2","s1650_F_LS_02_ASEReadCounter.table","NW_015090842.1:7635924",3,3,0
"LOC106888312","s1650_F_LS_02_ASEReadCounter.table","NW_015090842.1:7732576",0,1,1
"LOC106888312","s1650_F_LS_02_ASEReadCounter.table","NW_015090842.1:7732580",0,1,1
"LOC106888312","s1650_F_LS_02_ASEReadCounter.table","NW_015090842.1:7732629",0,1,1
"LOC106888312","s1650_F_LS_02_ASEReadCounter.table","NW_015090842.1:7732630",0,1,1
"LOC106888312","s1650_F_LS_02_ASEReadCounter.table","NW_015090842.1:7732637",0,1,1
"LOC106888312","s1650_F_LS_02_ASEReadCounter.table","NW_015090842.1:7732756",0,1,1
"LOC106888312","s1650_F_LS_02_ASEReadCounter.table","NW_015090842.1:7732757",0,1,1
"LOC106888312","s1650_F_LS_02_ASEReadCounter.table","NW_015090842.1:7732782",0,1,1
"LOC106888312","s1650_F_LS_02_ASEReadCounter.table","NW_015090842.1:7732796",0,1,1
"LOC106888312","s1650_F_LS_02_ASEReadCounter.table","NW_015090842.1:7733011",1,1,0
"LOC106888312","s1650_F_LS_02_ASEReadCounter.table","NW_015090842.1:7733046",0,1,1
"LOC106888312","s1650_F_LS_02_ASEReadCounter.table","NW_015090842.1:7733096",0,1,1
"LOC106888312","s1650_F_LS_02_ASEReadCounter.table","NW_015090842.1:7733142",0,1,1
"LOC106888312","s1650_F_LS_02_ASEReadCounter.table","NW_015090842.1:7733196",0,1,1
"LOC106888312","s1650_F_LS_02_ASEReadCounter.table","NW_015090842.1:7733609",0,1,1
"LOC106888312","s1650_F_LS_02_ASEReadCounter.table","NW_015090842.1:7733631",0,1,1
"ZDHHC7","s1650_F_LS_02_ASEReadCounter.table","NW_015090842.1:7737199",16,37,21
"ZDHHC7","s1650_F_LS_02_ASEReadCounter.table","NW_015090842.1:7737332",9,26,17
"ZDHHC7","s1650_F_LS_02_ASEReadCounter.table","NW_015090842.1:7737553",28,57,29
"ZDHHC7","s1650_F_LS_02_ASEReadCounter.table","NW_015090842.1:7737920",15,30,15
"ZDHHC7","s1650_F_LS_02_ASEReadCounter.table","NW_015090842.1:7737953",12,25,13
"ZDHHC7","s1650_F_LS_02_ASEReadCounter.table","NW_015090842.1:7737987",10,21,11
"ZDHHC7","s1650_F_LS_02_ASEReadCounter.table","NW_015090842.1:7738068",9,13,4
"ZDHHC7","s1650_F_LS_02_ASEReadCounter.table","NW_015090842.1:7738204",10,25,15
"LOC106888097","s1650_F_LS_02_ASEReadCounter.table","NW_015090842.1:7767178",1,3,2
"LOC106888097","s1650_F_LS_02_ASEReadCounter.table","NW_015090842.1:7767187",1,3,2
"LOC106888097","s1650_F_LS_02_ASEReadCounter.table","NW_015090842.1:7768144",3,4,1
"LOC106888097","s1650_F_LS_02_ASEReadCounter.table","NW_015090842.1:7768196",3,11,8
"LOC106888097","s1650_F_LS_02_ASEReadCounter.table","NW_015090842.1:7769884",6,13,7
"LOC106888097","s1650_F_LS_02_ASEReadCounter.table","NW_015090842.1:7769893",6,12,6
"LOC106888097","s1650_F_LS_02_ASEReadCounter.table","NW_015090842.1:7770245",9,14,5
"LOC106888097","s1650_F_LS_02_ASEReadCounter.table","NW_015090842.1:7772402",23,33,10
"LOC106888097","s1650_F_LS_02_ASEReadCounter.table","NW_015090842.1:7772483",13,29,16
"LOC106888097","s1650_F_LS_02_ASEReadCounter.table","NW_015090842.1:7772490",13,33,20
"LOC106888097","s1650_F_LS_02_ASEReadCounter.table","NW_015090842.1:7774281",24,47,23
"LOC106888097","s1650_F_LS_02_ASEReadCounter.table","NW_015090842.1:7774552",24,87,63
"LOC106888097","s1650_F_LS_02_ASEReadCounter.table","NW_015090842.1:7774564",24,87,63
"LOC106888097","s1650_F_LS_02_ASEReadCounter.table","NW_015090842.1:7774611",23,79,56
"LOC106888097","s1650_F_LS_02_ASEReadCounter.table","NW_015090842.1:7774681",30,71,41
"LOC106888097","s1650_F_LS_02_ASEReadCounter.table","NW_015090842.1:7774698",28,60,32
"LOC106888097","s1650_F_LS_02_ASEReadCounter.table","NW_015090842.1:7774730",17,38,21
"LOC106888097","s1650_F_LS_02_ASEReadCounter.table","NW_015090842.1:7774778",4,5,1
"LOC106888097","s1650_F_LS_02_ASEReadCounter.table","NW_015090842.1:7774793",5,6,1
"FOXL1","s1650_F_LS_02_ASEReadCounter.table","NW_015090842.1:8113043",0,1,1
"FOXC2","s1650_F_LS_02_ASEReadCounter.table","NW_015090842.1:8129599",1,2,1
"FOXC2","s1650_F_LS_02_ASEReadCounter.table","NW_015090842.1:8129616",1,1,0
"FOXC2","s1650_F_LS_02_ASEReadCounter.table","NW_015090842.1:8129715",1,3,2
"FOXC2","s1650_F_LS_02_ASEReadCounter.table","NW_015090842.1:8129719",1,3,2
"FOXC2","s1650_F_LS_02_ASEReadCounter.table","NW_015090842.1:8130244",0,2,2
"FOXC2","s1650_F_LS_02_ASEReadCounter.table","NW_015090842.1:8130472",1,1,0
"FOXC2","s1650_F_LS_02_ASEReadCounter.table","NW_015090842.1:8130490",2,2,0
"FOXC2","s1650_F_LS_02_ASEReadCounter.table","NW_015090842.1:8130547",2,2,0
"FOXC2","s1650_F_LS_02_ASEReadCounter.table","NW_015090842.1:8130550",2,2,0
"FOXC2","s1650_F_LS_02_ASEReadCounter.table","NW_015090842.1:8130573",1,1,0
"FOXC2","s1650_F_LS_02_ASEReadCounter.table","NW_015090842.1:8130575",1,1,0
"MTHFSD","s1650_F_LS_02_ASEReadCounter.table","NW_015090842.1:8140051",8,18,10
"MTHFSD","s1650_F_LS_02_ASEReadCounter.table","NW_015090842.1:8142923",19,40,21
"MTHFSD","s1650_F_LS_02_ASEReadCounter.table","NW_015090842.1:8143029",14,39,25
"MTHFSD","s1650_F_LS_02_ASEReadCounter.table","NW_015090842.1:8152035",24,51,27
"MTHFSD","s1650_F_LS_02_ASEReadCounter.table","NW_015090842.1:8152315",13,39,26
"MTHFSD","s1650_F_LS_02_ASEReadCounter.table","NW_015090842.1:8152511",13,33,20
"MTHFSD","s1650_F_LS_02_ASEReadCounter.table","NW_015090842.1:8152518",14,35,21
"MTHFSD","s1650_F_LS_02_ASEReadCounter.table","NW_015090842.1:8152553",13,34,21
"MTHFSD","s1650_F_LS_02_ASEReadCounter.table","NW_015090842.1:8152773",25,49,24
"MTHFSD","s1650_F_LS_02_ASEReadCounter.table","NW_015090842.1:8152805",24,44,20
"IRF8","s1650_F_LS_02_ASEReadCounter.table","NW_015090842.1:8406652",7,20,13
"IRF8","s1650_F_LS_02_ASEReadCounter.table","NW_015090842.1:8406703",9,17,8
"IRF8","s1650_F_LS_02_ASEReadCounter.table","NW_015090842.1:8406704",9,19,10
"IRF8","s1650_F_LS_02_ASEReadCounter.table","NW_015090842.1:8406757",9,19,10
"IRF8","s1650_F_LS_02_ASEReadCounter.table","NW_015090842.1:8406778",14,25,11
"IRF8","s1650_F_LS_02_ASEReadCounter.table","NW_015090842.1:8406819",16,28,12
"IRF8","s1650_F_LS_02_ASEReadCounter.table","NW_015090842.1:8406941",14,23,9
"IRF8","s1650_F_LS_02_ASEReadCounter.table","NW_015090842.1:8407008",7,12,5
"IRF8","s1650_F_LS_02_ASEReadCounter.table","NW_015090842.1:8407057",8,14,6
"IRF8","s1650_F_LS_02_ASEReadCounter.table","NW_015090842.1:8407064",9,16,7
"IRF8","s1650_F_LS_02_ASEReadCounter.table","NW_015090842.1:8407069",10,18,8
"IRF8","s1650_F_LS_02_ASEReadCounter.table","NW_015090842.1:8407120",7,16,9
"IRF8","s1650_F_LS_02_ASEReadCounter.table","NW_015090842.1:8407157",9,17,8
"IRF8","s1650_F_LS_02_ASEReadCounter.table","NW_015090842.1:8407203",8,16,8
"IRF8","s1650_F_LS_02_ASEReadCounter.table","NW_015090842.1:8407272",9,14,5
"IRF8","s1650_F_LS_02_ASEReadCounter.table","NW_015090842.1:8407276",8,14,6
"IRF8","s1650_F_LS_02_ASEReadCounter.table","NW_015090842.1:8407303",9,16,7
"IRF8","s1650_F_LS_02_ASEReadCounter.table","NW_015090842.1:8407451",3,11,8
"IRF8","s1650_F_LS_02_ASEReadCounter.table","NW_015090842.1:8407456",4,11,7
"IRF8","s1650_F_LS_02_ASEReadCounter.table","NW_015090842.1:8408564",5,15,10
"IRF8","s1650_F_LS_02_ASEReadCounter.table","NW_015090842.1:8408585",11,11,0
"IRF8","s1650_F_LS_02_ASEReadCounter.table","NW_015090842.1:8408973",5,6,1
"IRF8","s1650_F_LS_02_ASEReadCounter.table","NW_015090842.1:8409060",2,6,4
"IRF8","s1650_F_LS_02_ASEReadCounter.table","NW_015090842.1:8409065",2,6,4
"IRF8","s1650_F_LS_02_ASEReadCounter.table","NW_015090842.1:8409254",0,2,2
"IRF8","s1650_F_LS_02_ASEReadCounter.table","NW_015090842.1:8409255",0,2,2
"IRF8","s1650_F_LS_02_ASEReadCounter.table","NW_015090842.1:8409258",0,2,2
"IRF8","s1650_F_LS_02_ASEReadCounter.table","NW_015090842.1:8409312",0,3,3
"IRF8","s1650_F_LS_02_ASEReadCounter.table","NW_015090842.1:8410216",4,8,4
"IRF8","s1650_F_LS_02_ASEReadCounter.table","NW_015090842.1:8410237",4,8,4
"IRF8","s1650_F_LS_02_ASEReadCounter.table","NW_015090842.1:8410276",7,7,0
"IRF8","s1650_F_LS_02_ASEReadCounter.table","NW_015090842.1:8410813",7,8,1
"IRF8","s1650_F_LS_02_ASEReadCounter.table","NW_015090842.1:8410861",6,6,0
"IRF8","s1650_F_LS_02_ASEReadCounter.table","NW_015090842.1:8411940",3,3,0
"IRF8","s1650_F_LS_02_ASEReadCounter.table","NW_015090842.1:8412006",2,3,1
"IRF8","s1650_F_LS_02_ASEReadCounter.table","NW_015090842.1:8412042",1,2,1
"COX4I1","s1650_F_LS_02_ASEReadCounter.table","NW_015090842.1:8442258",1265,2385,1120
"COX4I1","s1650_F_LS_02_ASEReadCounter.table","NW_015090842.1:8442333",1115,1958,843
"EMC8","s1650_F_LS_02_ASEReadCounter.table","NW_015090842.1:8444046",40,81,41
"EMC8","s1650_F_LS_02_ASEReadCounter.table","NW_015090842.1:8444064",32,60,28
"EMC8","s1650_F_LS_02_ASEReadCounter.table","NW_015090842.1:8452029",32,98,66
"EMC8","s1650_F_LS_02_ASEReadCounter.table","NW_015090842.1:8452116",48,122,74
"EMC8","s1650_F_LS_02_ASEReadCounter.table","NW_015090842.1:8452121",50,127,77
"EMC8","s1650_F_LS_02_ASEReadCounter.table","NW_015090842.1:8452222",38,91,53
"EMC8","s1650_F_LS_02_ASEReadCounter.table","NW_015090842.1:8452244",35,92,57
"EMC8","s1650_F_LS_02_ASEReadCounter.table","NW_015090842.1:8452477",18,35,17
"EMC8","s1650_F_LS_02_ASEReadCounter.table","NW_015090842.1:8452498",16,32,16
"EMC8","s1650_F_LS_02_ASEReadCounter.table","NW_015090842.1:8452535",6,19,13
"EMC8","s1650_F_LS_02_ASEReadCounter.table","NW_015090842.1:8452575",7,20,13
"EMC8","s1650_F_LS_02_ASEReadCounter.table","NW_015090842.1:8452600",9,24,15
"EMC8","s1650_F_LS_02_ASEReadCounter.table","NW_015090842.1:8452616",8,21,13
"EMC8","s1650_F_LS_02_ASEReadCounter.table","NW_015090842.1:8452630",6,16,10
"EMC8","s1650_F_LS_02_ASEReadCounter.table","NW_015090842.1:8452650",8,19,11
"EMC8","s1650_F_LS_02_ASEReadCounter.table","NW_015090842.1:8452678",15,33,18
"EMC8","s1650_F_LS_02_ASEReadCounter.table","NW_015090842.1:8452724",12,30,18
"EMC8","s1650_F_LS_02_ASEReadCounter.table","NW_015090842.1:8452731",11,30,19
"EMC8","s1650_F_LS_02_ASEReadCounter.table","NW_015090842.1:8452743",12,34,22
"EMC8","s1650_F_LS_02_ASEReadCounter.table","NW_015090842.1:8452750",11,34,23
"EMC8","s1650_F_LS_02_ASEReadCounter.table","NW_015090842.1:8452778",10,28,18
"EMC8","s1650_F_LS_02_ASEReadCounter.table","NW_015090842.1:8452783",11,34,23
"EMC8","s1650_F_LS_02_ASEReadCounter.table","NW_015090842.1:8452800",16,41,25
"EMC8","s1650_F_LS_02_ASEReadCounter.table","NW_015090842.1:8452804",17,41,24
"EMC8","s1650_F_LS_02_ASEReadCounter.table","NW_015090842.1:8452812",14,40,26
"EMC8","s1650_F_LS_02_ASEReadCounter.table","NW_015090842.1:8452858",18,44,26
"EMC8","s1650_F_LS_02_ASEReadCounter.table","NW_015090842.1:8452906",30,52,22
"EMC8","s1650_F_LS_02_ASEReadCounter.table","NW_015090842.1:8452913",30,51,21
"EMC8","s1650_F_LS_02_ASEReadCounter.table","NW_015090842.1:8453000",27,55,28
"EMC8","s1650_F_LS_02_ASEReadCounter.table","NW_015090842.1:8453007",27,59,32
"EMC8","s1650_F_LS_02_ASEReadCounter.table","NW_015090842.1:8453058",32,58,26
"EMC8","s1650_F_LS_02_ASEReadCounter.table","NW_015090842.1:8453106",33,64,31
"GINS2","s1650_F_LS_02_ASEReadCounter.table","NW_015090842.1:8466420",2,2,0
"GINS2","s1650_F_LS_02_ASEReadCounter.table","NW_015090842.1:8466424",2,2,0
"GINS2","s1650_F_LS_02_ASEReadCounter.table","NW_015090842.1:8466518",6,7,1
"GINS2","s1650_F_LS_02_ASEReadCounter.table","NW_015090842.1:8468482",14,18,4
"GINS2","s1650_F_LS_02_ASEReadCounter.table","NW_015090842.1:8470290",30,38,8
"GINS2","s1650_F_LS_02_ASEReadCounter.table","NW_015090842.1:8470305",31,40,9
"GINS2","s1650_F_LS_02_ASEReadCounter.table","NW_015090842.1:8470381",32,38,6
"GINS2","s1650_F_LS_02_ASEReadCounter.table","NW_015090842.1:8470418",24,34,10
"GINS2","s1650_F_LS_02_ASEReadCounter.table","NW_015090842.1:8470421",20,31,11
"GINS2","s1650_F_LS_02_ASEReadCounter.table","NW_015090842.1:8470430",18,29,11
"GINS2","s1650_F_LS_02_ASEReadCounter.table","NW_015090842.1:8470433",16,24,8
"GINS2","s1650_F_LS_02_ASEReadCounter.table","NW_015090842.1:8470457",12,22,10
"GINS2","s1650_F_LS_02_ASEReadCounter.table","NW_015090842.1:8470491",15,25,10
"GINS2","s1650_F_LS_02_ASEReadCounter.table","NW_015090842.1:8470548",19,27,8
"GINS2","s1650_F_LS_02_ASEReadCounter.table","NW_015090842.1:8470649",17,23,6
"GSE1","s1650_F_LS_02_ASEReadCounter.table","NW_015090842.1:8475362",71,144,73
"GSE1","s1650_F_LS_02_ASEReadCounter.table","NW_015090842.1:8475961",41,56,15
"GSE1","s1650_F_LS_02_ASEReadCounter.table","NW_015090842.1:8476027",22,39,17
"GSE1","s1650_F_LS_02_ASEReadCounter.table","NW_015090842.1:8476159",8,14,6
"GSE1","s1650_F_LS_02_ASEReadCounter.table","NW_015090842.1:8477442",0,16,16
"GSE1","s1650_F_LS_02_ASEReadCounter.table","NW_015090842.1:8477448",0,15,15
"GSE1","s1650_F_LS_02_ASEReadCounter.table","NW_015090842.1:8477662",0,12,12
"GSE1","s1650_F_LS_02_ASEReadCounter.table","NW_015090842.1:8477933",21,41,20
"GSE1","s1650_F_LS_02_ASEReadCounter.table","NW_015090842.1:8477945",20,40,20
"GSE1","s1650_F_LS_02_ASEReadCounter.table","NW_015090842.1:8483272",2,20,18
"GSE1","s1650_F_LS_02_ASEReadCounter.table","NW_015090842.1:8483367",1,3,2
"GSE1","s1650_F_LS_02_ASEReadCounter.table","NW_015090842.1:8483756",4,17,13
"GSE1","s1650_F_LS_02_ASEReadCounter.table","NW_015090842.1:8486867",20,34,14
"GSE1","s1650_F_LS_02_ASEReadCounter.table","NW_015090842.1:8486939",17,41,24
"GSE1","s1650_F_LS_02_ASEReadCounter.table","NW_015090842.1:8486945",17,41,24
"GSE1","s1650_F_LS_02_ASEReadCounter.table","NW_015090842.1:8486993",17,33,16
"GSE1","s1650_F_LS_02_ASEReadCounter.table","NW_015090842.1:8487062",10,22,12
"GSE1","s1650_F_LS_02_ASEReadCounter.table","NW_015090842.1:8488065",7,11,4
"GSE1","s1650_F_LS_02_ASEReadCounter.table","NW_015090842.1:8488457",7,16,9
"GSE1","s1650_F_LS_02_ASEReadCounter.table","NW_015090842.1:8488463",7,18,11
"GSE1","s1650_F_LS_02_ASEReadCounter.table","NW_015090842.1:8488490",23,23,0
"GSE1","s1650_F_LS_02_ASEReadCounter.table","NW_015090842.1:8488505",7,26,19
"GSE1","s1650_F_LS_02_ASEReadCounter.table","NW_015090842.1:8490180",0,22,22
"KIAA0513","s1650_F_LS_02_ASEReadCounter.table","NW_015090842.1:8668363",74,143,69
"KIAA0513","s1650_F_LS_02_ASEReadCounter.table","NW_015090842.1:8668387",74,147,73
"KIAA0513","s1650_F_LS_02_ASEReadCounter.table","NW_015090842.1:8668390",76,146,70
"KIAA0513","s1650_F_LS_02_ASEReadCounter.table","NW_015090842.1:8673107",46,95,49
"KIAA0513","s1650_F_LS_02_ASEReadCounter.table","NW_015090842.1:8673147",54,95,41
"KIAA0513","s1650_F_LS_02_ASEReadCounter.table","NW_015090842.1:8674661",46,75,29
"KIAA0513","s1650_F_LS_02_ASEReadCounter.table","NW_015090842.1:8674685",50,78,28
"KIAA0513","s1650_F_LS_02_ASEReadCounter.table","NW_015090842.1:8674730",30,54,24
"KIAA0513","s1650_F_LS_02_ASEReadCounter.table","NW_015090842.1:8675525",28,58,30
"KIAA0513","s1650_F_LS_02_ASEReadCounter.table","NW_015090842.1:8675561",27,57,30
"KIAA0513","s1650_F_LS_02_ASEReadCounter.table","NW_015090842.1:8678608",0,8,8
"KIAA0513","s1650_F_LS_02_ASEReadCounter.table","NW_015090842.1:8686455",0,9,9
"KIAA0513","s1650_F_LS_02_ASEReadCounter.table","NW_015090842.1:8686508",0,11,11
"KIAA0513","s1650_F_LS_02_ASEReadCounter.table","NW_015090842.1:8686521",0,12,12
"KIAA0513","s1650_F_LS_02_ASEReadCounter.table","NW_015090842.1:8693642",0,1,1
"KIAA0513","s1650_F_LS_02_ASEReadCounter.table","NW_015090842.1:8693712",2,4,2
"KIAA0513","s1650_F_LS_02_ASEReadCounter.table","NW_015090842.1:8695794",0,1,1
"FBXO31","s1650_F_LS_02_ASEReadCounter.table","NW_015090842.1:8710240",13,31,18
"FBXO31","s1650_F_LS_02_ASEReadCounter.table","NW_015090842.1:8710372",8,18,10
"FBXO31","s1650_F_LS_02_ASEReadCounter.table","NW_015090842.1:8711239",10,22,12
"FBXO31","s1650_F_LS_02_ASEReadCounter.table","NW_015090842.1:8714565",11,23,12
"FBXO31","s1650_F_LS_02_ASEReadCounter.table","NW_015090842.1:8716001",9,15,6
"ZCCHC14","s1650_F_LS_02_ASEReadCounter.table","NW_015090842.1:8750174",77,107,30
"ZCCHC14","s1650_F_LS_02_ASEReadCounter.table","NW_015090842.1:8750189",90,109,19
"ZCCHC14","s1650_F_LS_02_ASEReadCounter.table","NW_015090842.1:8750365",62,110,48
"ZCCHC14","s1650_F_LS_02_ASEReadCounter.table","NW_015090842.1:8750433",29,60,31
"ZCCHC14","s1650_F_LS_02_ASEReadCounter.table","NW_015090842.1:8750449",38,75,37
"ZCCHC14","s1650_F_LS_02_ASEReadCounter.table","NW_015090842.1:8750456",38,75,37
"ZCCHC14","s1650_F_LS_02_ASEReadCounter.table","NW_015090842.1:8750497",41,84,43
"ZCCHC14","s1650_F_LS_02_ASEReadCounter.table","NW_015090842.1:8750547",38,70,32
"ZCCHC14","s1650_F_LS_02_ASEReadCounter.table","NW_015090842.1:8751100",6,13,7
"ZCCHC14","s1650_F_LS_02_ASEReadCounter.table","NW_015090842.1:8751374",16,29,13
"ZCCHC14","s1650_F_LS_02_ASEReadCounter.table","NW_015090842.1:8751403",15,33,18
"ZCCHC14","s1650_F_LS_02_ASEReadCounter.table","NW_015090842.1:8751517",16,31,15
"ZCCHC14","s1650_F_LS_02_ASEReadCounter.table","NW_015090842.1:8752060",15,25,10
"ZCCHC14","s1650_F_LS_02_ASEReadCounter.table","NW_015090842.1:8752172",27,48,21
"ZCCHC14","s1650_F_LS_02_ASEReadCounter.table","NW_015090842.1:8752183",27,49,22
"ZCCHC14","s1650_F_LS_02_ASEReadCounter.table","NW_015090842.1:8752198",28,50,22
"ZCCHC14","s1650_F_LS_02_ASEReadCounter.table","NW_015090842.1:8752248",27,57,30
"ZCCHC14","s1650_F_LS_02_ASEReadCounter.table","NW_015090842.1:8752326",30,55,25
"ZCCHC14","s1650_F_LS_02_ASEReadCounter.table","NW_015090842.1:8752393",26,46,20
"ZCCHC14","s1650_F_LS_02_ASEReadCounter.table","NW_015090842.1:8752914",44,96,52
"ZCCHC14","s1650_F_LS_02_ASEReadCounter.table","NW_015090842.1:8753528",9,17,8
"ZCCHC14","s1650_F_LS_02_ASEReadCounter.table","NW_015090842.1:8753892",4,8,4
"ZCCHC14","s1650_F_LS_02_ASEReadCounter.table","NW_015090842.1:8753910",3,6,3
"ZCCHC14","s1650_F_LS_02_ASEReadCounter.table","NW_015090842.1:8755096",1,3,2
"ZCCHC14","s1650_F_LS_02_ASEReadCounter.table","NW_015090842.1:8755327",2,7,5
"ZCCHC14","s1650_F_LS_02_ASEReadCounter.table","NW_015090842.1:8755723",3,4,1
"ZCCHC14","s1650_F_LS_02_ASEReadCounter.table","NW_015090842.1:8755739",2,3,1
"ZCCHC14","s1650_F_LS_02_ASEReadCounter.table","NW_015090842.1:8756149",1,5,4
"ZCCHC14","s1650_F_LS_02_ASEReadCounter.table","NW_015090842.1:8756347",2,5,3
"ZCCHC14","s1650_F_LS_02_ASEReadCounter.table","NW_015090842.1:8756361",2,5,3
"ZCCHC14","s1650_F_LS_02_ASEReadCounter.table","NW_015090842.1:8756388",1,4,3
"ZCCHC14","s1650_F_LS_02_ASEReadCounter.table","NW_015090842.1:8756389",1,4,3
"ZCCHC14","s1650_F_LS_02_ASEReadCounter.table","NW_015090842.1:8757160",4,10,6
"ZCCHC14","s1650_F_LS_02_ASEReadCounter.table","NW_015090842.1:8804511",0,2,2
"JPH3","s1650_F_LS_02_ASEReadCounter.table","NW_015090842.1:8845375",12,28,16
"JPH3","s1650_F_LS_02_ASEReadCounter.table","NW_015090842.1:8845640",25,44,19
"JPH3","s1650_F_LS_02_ASEReadCounter.table","NW_015090842.1:8845654",26,51,25
"JPH3","s1650_F_LS_02_ASEReadCounter.table","NW_015090842.1:8872283",37,77,40
"JPH3","s1650_F_LS_02_ASEReadCounter.table","NW_015090842.1:8872294",35,71,36
"JPH3","s1650_F_LS_02_ASEReadCounter.table","NW_015090842.1:8872730",53,99,46
"JPH3","s1650_F_LS_02_ASEReadCounter.table","NW_015090842.1:8885260",130,266,136
"JPH3","s1650_F_LS_02_ASEReadCounter.table","NW_015090842.1:8885315",112,244,132
"JPH3","s1650_F_LS_02_ASEReadCounter.table","NW_015090842.1:8885328",99,229,130
"JPH3","s1650_F_LS_02_ASEReadCounter.table","NW_015090842.1:8885438",91,232,141
"JPH3","s1650_F_LS_02_ASEReadCounter.table","NW_015090842.1:8885525",23,133,110
"KLHDC4","s1650_F_LS_02_ASEReadCounter.table","NW_015090842.1:8890729",48,86,38
"KLHDC4","s1650_F_LS_02_ASEReadCounter.table","NW_015090842.1:8890749",61,96,35
"KLHDC4","s1650_F_LS_02_ASEReadCounter.table","NW_015090842.1:8890761",60,99,39
"KLHDC4","s1650_F_LS_02_ASEReadCounter.table","NW_015090842.1:8891123",76,131,55
"KLHDC4","s1650_F_LS_02_ASEReadCounter.table","NW_015090842.1:8893124",42,82,40
"KLHDC4","s1650_F_LS_02_ASEReadCounter.table","NW_015090842.1:8894542",48,76,28
"KLHDC4","s1650_F_LS_02_ASEReadCounter.table","NW_015090842.1:8896726",23,39,16
"KLHDC4","s1650_F_LS_02_ASEReadCounter.table","NW_015090842.1:8896767",21,39,18
"KLHDC4","s1650_F_LS_02_ASEReadCounter.table","NW_015090842.1:8904174",13,30,17
"KLHDC4","s1650_F_LS_02_ASEReadCounter.table","NW_015090842.1:8904231",14,30,16
"KLHDC4","s1650_F_LS_02_ASEReadCounter.table","NW_015090842.1:8905251",11,21,10
"KLHDC4","s1650_F_LS_02_ASEReadCounter.table","NW_015090842.1:8905263",12,21,9
"KLHDC4","s1650_F_LS_02_ASEReadCounter.table","NW_015090842.1:8919626",3,5,2
"SLC7A5","s1650_F_LS_02_ASEReadCounter.table","NW_015090842.1:8938782",300,759,459
"SLC7A5","s1650_F_LS_02_ASEReadCounter.table","NW_015090842.1:8938943",192,515,323
"SLC7A5","s1650_F_LS_02_ASEReadCounter.table","NW_015090842.1:8939611",117,213,96
"SLC7A5","s1650_F_LS_02_ASEReadCounter.table","NW_015090842.1:8939738",136,325,189
"SLC7A5","s1650_F_LS_02_ASEReadCounter.table","NW_015090842.1:8939739",135,319,184
"SLC7A5","s1650_F_LS_02_ASEReadCounter.table","NW_015090842.1:8939740",131,322,191
"SLC7A5","s1650_F_LS_02_ASEReadCounter.table","NW_015090842.1:8939795",154,322,168
"SLC7A5","s1650_F_LS_02_ASEReadCounter.table","NW_015090842.1:8939815",140,339,199
"SLC7A5","s1650_F_LS_02_ASEReadCounter.table","NW_015090842.1:8939816",141,342,201
"SLC7A5","s1650_F_LS_02_ASEReadCounter.table","NW_015090842.1:8939817",140,360,220
"SLC7A5","s1650_F_LS_02_ASEReadCounter.table","NW_015090842.1:8939845",149,369,220
"SLC7A5","s1650_F_LS_02_ASEReadCounter.table","NW_015090842.1:8939894",120,332,212
"SLC7A5","s1650_F_LS_02_ASEReadCounter.table","NW_015090842.1:8939895",122,321,199
"SLC7A5","s1650_F_LS_02_ASEReadCounter.table","NW_015090842.1:8939997",485,485,0
"SLC7A5","s1650_F_LS_02_ASEReadCounter.table","NW_015090842.1:8940172",151,374,223
"SLC7A5","s1650_F_LS_02_ASEReadCounter.table","NW_015090842.1:8940331",86,184,98
"SLC7A5","s1650_F_LS_02_ASEReadCounter.table","NW_015090842.1:8940696",68,135,67
"SLC7A5","s1650_F_LS_02_ASEReadCounter.table","NW_015090842.1:8940719",26,117,91
"SLC7A5","s1650_F_LS_02_ASEReadCounter.table","NW_015090842.1:8940737",25,95,70
"SLC7A5","s1650_F_LS_02_ASEReadCounter.table","NW_015090842.1:8940743",25,94,69
"SLC7A5","s1650_F_LS_02_ASEReadCounter.table","NW_015090842.1:8940766",32,112,80
"SLC7A5","s1650_F_LS_02_ASEReadCounter.table","NW_015090842.1:8940769",34,117,83
"SLC7A5","s1650_F_LS_02_ASEReadCounter.table","NW_015090842.1:8940861",37,98,61
"SLC7A5","s1650_F_LS_02_ASEReadCounter.table","NW_015090842.1:8941068",56,122,66
"SLC7A5","s1650_F_LS_02_ASEReadCounter.table","NW_015090842.1:8941467",24,67,43
"SLC7A5","s1650_F_LS_02_ASEReadCounter.table","NW_015090842.1:8941531",26,68,42
"SLC7A5","s1650_F_LS_02_ASEReadCounter.table","NW_015090842.1:8941588",32,73,41
"SLC7A5","s1650_F_LS_02_ASEReadCounter.table","NW_015090842.1:8941698",22,52,30
"SLC7A5","s1650_F_LS_02_ASEReadCounter.table","NW_015090842.1:8941717",23,55,32
"SLC7A5","s1650_F_LS_02_ASEReadCounter.table","NW_015090842.1:8941745",21,59,38
"SLC7A5","s1650_F_LS_02_ASEReadCounter.table","NW_015090842.1:8941781",27,72,45
"SLC7A5","s1650_F_LS_02_ASEReadCounter.table","NW_015090842.1:8941887",24,59,35
"SLC7A5","s1650_F_LS_02_ASEReadCounter.table","NW_015090842.1:8941968",7,43,36
"SLC7A5","s1650_F_LS_02_ASEReadCounter.table","NW_015090842.1:8942025",21,54,33
"SLC7A5","s1650_F_LS_02_ASEReadCounter.table","NW_015090842.1:8942069",29,62,33
"SLC7A5","s1650_F_LS_02_ASEReadCounter.table","NW_015090842.1:8942170",41,85,44
"SLC7A5","s1650_F_LS_02_ASEReadCounter.table","NW_015090842.1:8942241",52,121,69
"SLC7A5","s1650_F_LS_02_ASEReadCounter.table","NW_015090842.1:8942283",62,146,84
"SLC7A5","s1650_F_LS_02_ASEReadCounter.table","NW_015090842.1:8942717",177,432,255
"SLC7A5","s1650_F_LS_02_ASEReadCounter.table","NW_015090842.1:8942756",233,566,333
"SLC7A5","s1650_F_LS_02_ASEReadCounter.table","NW_015090842.1:8942766",227,569,342
"SLC7A5","s1650_F_LS_02_ASEReadCounter.table","NW_015090842.1:8943271",79,197,118
"SLC7A5","s1650_F_LS_02_ASEReadCounter.table","NW_015090842.1:8943524",34,75,41
"SLC7A5","s1650_F_LS_02_ASEReadCounter.table","NW_015090842.1:8943530",37,81,44
"SLC7A5","s1650_F_LS_02_ASEReadCounter.table","NW_015090842.1:8943602",43,87,44
"SLC7A5","s1650_F_LS_02_ASEReadCounter.table","NW_015090842.1:8943622",32,77,45
"SLC7A5","s1650_F_LS_02_ASEReadCounter.table","NW_015090842.1:8943661",26,74,48
"SLC7A5","s1650_F_LS_02_ASEReadCounter.table","NW_015090842.1:8943686",30,80,50
"SLC7A5","s1650_F_LS_02_ASEReadCounter.table","NW_015090842.1:8943788",21,45,24
"SLC7A5","s1650_F_LS_02_ASEReadCounter.table","NW_015090842.1:8943814",25,51,26
"SLC7A5","s1650_F_LS_02_ASEReadCounter.table","NW_015090842.1:8943876",21,51,30
"SLC7A5","s1650_F_LS_02_ASEReadCounter.table","NW_015090842.1:8943892",21,51,30
"SLC7A5","s1650_F_LS_02_ASEReadCounter.table","NW_015090842.1:8944097",19,44,25
"SLC7A5","s1650_F_LS_02_ASEReadCounter.table","NW_015090842.1:8944104",18,39,21
"SLC7A5","s1650_F_LS_02_ASEReadCounter.table","NW_015090842.1:8944293",7,20,13
"SLC7A5","s1650_F_LS_02_ASEReadCounter.table","NW_015090842.1:8944297",7,20,13
"SLC7A5","s1650_F_LS_02_ASEReadCounter.table","NW_015090842.1:8944397",11,26,15
"SLC7A5","s1650_F_LS_02_ASEReadCounter.table","NW_015090842.1:8944552",15,28,13
"SLC7A5","s1650_F_LS_02_ASEReadCounter.table","NW_015090842.1:8944629",9,23,14
"CA5A","s1650_F_LS_02_ASEReadCounter.table","NW_015090842.1:8989479",52,97,45
"CA5A","s1650_F_LS_02_ASEReadCounter.table","NW_015090842.1:8989562",54,108,54
"CA5A","s1650_F_LS_02_ASEReadCounter.table","NW_015090842.1:8989609",77,133,56
"CA5A","s1650_F_LS_02_ASEReadCounter.table","NW_015090842.1:8989693",73,135,62
"CA5A","s1650_F_LS_02_ASEReadCounter.table","NW_015090842.1:8989702",69,128,59
"CA5A","s1650_F_LS_02_ASEReadCounter.table","NW_015090842.1:8989746",61,134,73
"CA5A","s1650_F_LS_02_ASEReadCounter.table","NW_015090842.1:8989880",54,119,65
"CA5A","s1650_F_LS_02_ASEReadCounter.table","NW_015090842.1:8989885",53,118,65
"CA5A","s1650_F_LS_02_ASEReadCounter.table","NW_015090842.1:8989929",51,107,56
"CA5A","s1650_F_LS_02_ASEReadCounter.table","NW_015090842.1:8990002",44,97,53
"CA5A","s1650_F_LS_02_ASEReadCounter.table","NW_015090842.1:8990004",43,94,51
"CA5A","s1650_F_LS_02_ASEReadCounter.table","NW_015090842.1:8990005",43,95,52
"CA5A","s1650_F_LS_02_ASEReadCounter.table","NW_015090842.1:8990017",38,83,45
"CA5A","s1650_F_LS_02_ASEReadCounter.table","NW_015090842.1:8990043",21,61,40
"CA5A","s1650_F_LS_02_ASEReadCounter.table","NW_015090842.1:8990060",65,65,0
"CA5A","s1650_F_LS_02_ASEReadCounter.table","NW_015090842.1:8990080",19,57,38
"CA5A","s1650_F_LS_02_ASEReadCounter.table","NW_015090842.1:8990084",19,61,42
"CA5A","s1650_F_LS_02_ASEReadCounter.table","NW_015090842.1:8990090",21,65,44
"CA5A","s1650_F_LS_02_ASEReadCounter.table","NW_015090842.1:8990095",23,62,39
"CA5A","s1650_F_LS_02_ASEReadCounter.table","NW_015090842.1:8990111",23,61,38
"CA5A","s1650_F_LS_02_ASEReadCounter.table","NW_015090842.1:8990112",22,57,35
"CA5A","s1650_F_LS_02_ASEReadCounter.table","NW_015090842.1:8990115",26,62,36
"CA5A","s1650_F_LS_02_ASEReadCounter.table","NW_015090842.1:8990166",31,64,33
"CA5A","s1650_F_LS_02_ASEReadCounter.table","NW_015090842.1:8990169",36,68,32
"CA5A","s1650_F_LS_02_ASEReadCounter.table","NW_015090842.1:8990193",70,70,0
"CA5A","s1650_F_LS_02_ASEReadCounter.table","NW_015090842.1:8990222",37,65,28
"CA5A","s1650_F_LS_02_ASEReadCounter.table","NW_015090842.1:8990289",35,64,29
"CA5A","s1650_F_LS_02_ASEReadCounter.table","NW_015090842.1:8990314",28,52,24
"CA5A","s1650_F_LS_02_ASEReadCounter.table","NW_015090842.1:8990361",27,45,18
"CA5A","s1650_F_LS_02_ASEReadCounter.table","NW_015090842.1:8990368",26,48,22
"CA5A","s1650_F_LS_02_ASEReadCounter.table","NW_015090842.1:8990429",23,49,26
"CA5A","s1650_F_LS_02_ASEReadCounter.table","NW_015090842.1:8990466",22,50,28
"CA5A","s1650_F_LS_02_ASEReadCounter.table","NW_015090842.1:8990663",15,38,23
"CA5A","s1650_F_LS_02_ASEReadCounter.table","NW_015090842.1:8990797",15,33,18
"CA5A","s1650_F_LS_02_ASEReadCounter.table","NW_015090842.1:8990836",15,32,17
"CA5A","s1650_F_LS_02_ASEReadCounter.table","NW_015090842.1:8990842",15,31,16
"CA5A","s1650_F_LS_02_ASEReadCounter.table","NW_015090842.1:8990851",13,27,14
"CA5A","s1650_F_LS_02_ASEReadCounter.table","NW_015090842.1:8990918",15,35,20
"CA5A","s1650_F_LS_02_ASEReadCounter.table","NW_015090842.1:8990921",16,36,20
"CA5A","s1650_F_LS_02_ASEReadCounter.table","NW_015090842.1:8990942",20,37,17
"CA5A","s1650_F_LS_02_ASEReadCounter.table","NW_015090842.1:8991001",21,43,22
"CA5A","s1650_F_LS_02_ASEReadCounter.table","NW_015090842.1:8991038",17,34,17
"CA5A","s1650_F_LS_02_ASEReadCounter.table","NW_015090842.1:8991149",23,41,18
"CA5A","s1650_F_LS_02_ASEReadCounter.table","NW_015090842.1:8991176",20,40,20
"CA5A","s1650_F_LS_02_ASEReadCounter.table","NW_015090842.1:8991241",19,33,14
"CA5A","s1650_F_LS_02_ASEReadCounter.table","NW_015090842.1:8991262",19,30,11
"CA5A","s1650_F_LS_02_ASEReadCounter.table","NW_015090842.1:8991316",20,22,2
"CA5A","s1650_F_LS_02_ASEReadCounter.table","NW_015090842.1:8991319",20,21,1
"CA5A","s1650_F_LS_02_ASEReadCounter.table","NW_015090842.1:8991330",17,18,1
"CA5A","s1650_F_LS_02_ASEReadCounter.table","NW_015090842.1:8991334",17,18,1
"CA5A","s1650_F_LS_02_ASEReadCounter.table","NW_015090842.1:8991362",22,31,9
"CA5A","s1650_F_LS_02_ASEReadCounter.table","NW_015090842.1:8991368",21,30,9
"CA5A","s1650_F_LS_02_ASEReadCounter.table","NW_015090842.1:8991390",22,30,8
"CA5A","s1650_F_LS_02_ASEReadCounter.table","NW_015090842.1:8991395",22,30,8
"CA5A","s1650_F_LS_02_ASEReadCounter.table","NW_015090842.1:8991422",17,26,9
"CA5A","s1650_F_LS_02_ASEReadCounter.table","NW_015090842.1:8991467",12,20,8
"CA5A","s1650_F_LS_02_ASEReadCounter.table","NW_015090842.1:8991576",6,15,9
"CA5A","s1650_F_LS_02_ASEReadCounter.table","NW_015090842.1:8991587",6,15,9
"CA5A","s1650_F_LS_02_ASEReadCounter.table","NW_015090842.1:8991655",9,21,12
"CA5A","s1650_F_LS_02_ASEReadCounter.table","NW_015090842.1:8991717",8,16,8
"CA5A","s1650_F_LS_02_ASEReadCounter.table","NW_015090842.1:8991726",8,15,7
"CA5A","s1650_F_LS_02_ASEReadCounter.table","NW_015090842.1:8991799",8,17,9
"CA5A","s1650_F_LS_02_ASEReadCounter.table","NW_015090842.1:8991809",9,15,6
"CA5A","s1650_F_LS_02_ASEReadCounter.table","NW_015090842.1:8991848",12,19,7
"CA5A","s1650_F_LS_02_ASEReadCounter.table","NW_015090842.1:8991849",11,19,8
"CA5A","s1650_F_LS_02_ASEReadCounter.table","NW_015090842.1:8991927",6,15,9
"CA5A","s1650_F_LS_02_ASEReadCounter.table","NW_015090842.1:8991941",5,14,9
"CA5A","s1650_F_LS_02_ASEReadCounter.table","NW_015090842.1:8992121",11,18,7
"CA5A","s1650_F_LS_02_ASEReadCounter.table","NW_015090842.1:8992224",13,19,6
"CA5A","s1650_F_LS_02_ASEReadCounter.table","NW_015090842.1:9002570",2,6,4
"CA5A","s1650_F_LS_02_ASEReadCounter.table","NW_015090842.1:9002600",2,4,2
"CA5A","s1650_F_LS_02_ASEReadCounter.table","NW_015090842.1:9004312",1,5,4
"CA5A","s1650_F_LS_02_ASEReadCounter.table","NW_015090842.1:9004556",1,1,0
"CA5A","s1650_F_LS_02_ASEReadCounter.table","NW_015090842.1:9005116",5,6,1
"CA5A","s1650_F_LS_02_ASEReadCounter.table","NW_015090842.1:9005120",5,6,1
"CA5A","s1650_F_LS_02_ASEReadCounter.table","NW_015090842.1:9005140",3,4,1
"CA5A","s1650_F_LS_02_ASEReadCounter.table","NW_015090842.1:9005152",3,4,1
"BANP","s1650_F_LS_02_ASEReadCounter.table","NW_015090842.1:9033407",0,2,2
"BANP","s1650_F_LS_02_ASEReadCounter.table","NW_015090842.1:9033409",0,1,1
"BANP","s1650_F_LS_02_ASEReadCounter.table","NW_015090842.1:9033420",0,2,2
"BANP","s1650_F_LS_02_ASEReadCounter.table","NW_015090842.1:9067974",0,6,6
"BANP","s1650_F_LS_02_ASEReadCounter.table","NW_015090842.1:9102510",8,27,19
"BANP","s1650_F_LS_02_ASEReadCounter.table","NW_015090842.1:9168534",21,58,37
"BANP","s1650_F_LS_02_ASEReadCounter.table","NW_015090842.1:9168818",15,43,28
"ZNF469","s1650_F_LS_02_ASEReadCounter.table","NW_015090842.1:9425108",1,1,0
"ZNF469","s1650_F_LS_02_ASEReadCounter.table","NW_015090842.1:9431073",0,1,1
"ZNF469","s1650_F_LS_02_ASEReadCounter.table","NW_015090842.1:9431091",0,1,1
"ZNF469","s1650_F_LS_02_ASEReadCounter.table","NW_015090842.1:9431150",0,1,1
"ZNF469","s1650_F_LS_02_ASEReadCounter.table","NW_015090842.1:9431325",0,1,1
"ZNF469","s1650_F_LS_02_ASEReadCounter.table","NW_015090842.1:9431901",1,1,0
"ZNF469","s1650_F_LS_02_ASEReadCounter.table","NW_015090842.1:9433268",1,1,0
"ZNF469","s1650_F_LS_02_ASEReadCounter.table","NW_015090842.1:9433678",0,1,1
"ZNF469","s1650_F_LS_02_ASEReadCounter.table","NW_015090842.1:9433980",0,1,1
"ZNF469","s1650_F_LS_02_ASEReadCounter.table","NW_015090842.1:9434259",2,2,0
"ZNF469","s1650_F_LS_02_ASEReadCounter.table","NW_015090842.1:9435221",2,3,1
"ZFPM1","s1650_F_LS_02_ASEReadCounter.table","NW_015090842.1:9458862",1,1,0
"ZFPM1","s1650_F_LS_02_ASEReadCounter.table","NW_015090842.1:9458916",1,1,0
"ZFPM1","s1650_F_LS_02_ASEReadCounter.table","NW_015090842.1:9468568",3,5,2
"ZFPM1","s1650_F_LS_02_ASEReadCounter.table","NW_015090842.1:9468593",3,6,3
"ZFPM1","s1650_F_LS_02_ASEReadCounter.table","NW_015090842.1:9471561",1,4,3
"ZFPM1","s1650_F_LS_02_ASEReadCounter.table","NW_015090842.1:9472557",2,3,1
"ZFPM1","s1650_F_LS_02_ASEReadCounter.table","NW_015090842.1:9472565",3,4,1
"ZFPM1","s1650_F_LS_02_ASEReadCounter.table","NW_015090842.1:9472608",4,6,2
"ZFPM1","s1650_F_LS_02_ASEReadCounter.table","NW_015090842.1:9472627",4,6,2
"ZFPM1","s1650_F_LS_02_ASEReadCounter.table","NW_015090842.1:9472668",3,4,1
"ZFPM1","s1650_F_LS_02_ASEReadCounter.table","NW_015090842.1:9473655",2,4,2
"ZFPM1","s1650_F_LS_02_ASEReadCounter.table","NW_015090842.1:9475827",4,7,3
"ZFPM1","s1650_F_LS_02_ASEReadCounter.table","NW_015090842.1:9475842",3,6,3
"ZFPM1","s1650_F_LS_02_ASEReadCounter.table","NW_015090842.1:9476119",6,8,2
"ZFPM1","s1650_F_LS_02_ASEReadCounter.table","NW_015090842.1:9476161",6,10,4
"ZFPM1","s1650_F_LS_02_ASEReadCounter.table","NW_015090842.1:9476219",2,5,3
"ZFPM1","s1650_F_LS_02_ASEReadCounter.table","NW_015090842.1:9476233",1,2,1
"ZFPM1","s1650_F_LS_02_ASEReadCounter.table","NW_015090842.1:9476305",2,9,7
"ZFPM1","s1650_F_LS_02_ASEReadCounter.table","NW_015090842.1:9476395",3,6,3
"ZFPM1","s1650_F_LS_02_ASEReadCounter.table","NW_015090842.1:9476421",3,9,6
"ZFPM1","s1650_F_LS_02_ASEReadCounter.table","NW_015090842.1:9476539",5,9,4
"ZFPM1","s1650_F_LS_02_ASEReadCounter.table","NW_015090842.1:9476576",4,8,4
"ZFPM1","s1650_F_LS_02_ASEReadCounter.table","NW_015090842.1:9476599",7,7,0
"ZFPM1","s1650_F_LS_02_ASEReadCounter.table","NW_015090842.1:9476792",6,10,4
"ZFPM1","s1650_F_LS_02_ASEReadCounter.table","NW_015090842.1:9476803",7,11,4
"ZFPM1","s1650_F_LS_02_ASEReadCounter.table","NW_015090842.1:9477115",2,7,5
"ZFPM1","s1650_F_LS_02_ASEReadCounter.table","NW_015090842.1:9477299",1,5,4
"ZFPM1","s1650_F_LS_02_ASEReadCounter.table","NW_015090842.1:9477398",5,5,0
"ZFPM1","s1650_F_LS_02_ASEReadCounter.table","NW_015090842.1:9477422",1,5,4
"ZFPM1","s1650_F_LS_02_ASEReadCounter.table","NW_015090842.1:9477554",8,15,7
"ZFPM1","s1650_F_LS_02_ASEReadCounter.table","NW_015090842.1:9477575",12,12,0
"ZFPM1","s1650_F_LS_02_ASEReadCounter.table","NW_015090842.1:9477595",10,18,8
"ZFPM1","s1650_F_LS_02_ASEReadCounter.table","NW_015090842.1:9477611",7,16,9
"ZFPM1","s1650_F_LS_02_ASEReadCounter.table","NW_015090842.1:9477659",8,19,11
"ZFPM1","s1650_F_LS_02_ASEReadCounter.table","NW_015090842.1:9477737",4,19,15
"ZFPM1","s1650_F_LS_02_ASEReadCounter.table","NW_015090842.1:9477791",6,24,18
"ZFPM1","s1650_F_LS_02_ASEReadCounter.table","NW_015090842.1:9477844",11,21,10
"ZFPM1","s1650_F_LS_02_ASEReadCounter.table","NW_015090842.1:9477917",11,20,9
"ZFPM1","s1650_F_LS_02_ASEReadCounter.table","NW_015090842.1:9478295",20,47,27
"ZFPM1","s1650_F_LS_02_ASEReadCounter.table","NW_015090842.1:9478349",19,48,29
"ZFPM1","s1650_F_LS_02_ASEReadCounter.table","NW_015090842.1:9478524",21,46,25
"ZFPM1","s1650_F_LS_02_ASEReadCounter.table","NW_015090842.1:9478546",24,49,25
"ZFPM1","s1650_F_LS_02_ASEReadCounter.table","NW_015090842.1:9478573",28,58,30
"ZFPM1","s1650_F_LS_02_ASEReadCounter.table","NW_015090842.1:9478582",26,52,26
"ZFPM1","s1650_F_LS_02_ASEReadCounter.table","NW_015090842.1:9478684",11,24,13
"ZFPM1","s1650_F_LS_02_ASEReadCounter.table","NW_015090842.1:9478711",6,18,12
"ZFPM1","s1650_F_LS_02_ASEReadCounter.table","NW_015090842.1:9478761",9,25,16
"ZFPM1","s1650_F_LS_02_ASEReadCounter.table","NW_015090842.1:9478829",14,14,0
"ZC3H18","s1650_F_LS_02_ASEReadCounter.table","NW_015090842.1:9494271",5,12,7
"ZC3H18","s1650_F_LS_02_ASEReadCounter.table","NW_015090842.1:9501427",7,16,9
"ZC3H18","s1650_F_LS_02_ASEReadCounter.table","NW_015090842.1:9501442",7,14,7
"ZC3H18","s1650_F_LS_02_ASEReadCounter.table","NW_015090842.1:9505538",11,19,8
"ZC3H18","s1650_F_LS_02_ASEReadCounter.table","NW_015090842.1:9506778",9,26,17
"ZC3H18","s1650_F_LS_02_ASEReadCounter.table","NW_015090842.1:9522538",12,30,18
"ZC3H18","s1650_F_LS_02_ASEReadCounter.table","NW_015090842.1:9524350",13,37,24
"ZC3H18","s1650_F_LS_02_ASEReadCounter.table","NW_015090842.1:9524366",15,39,24
"ZC3H18","s1650_F_LS_02_ASEReadCounter.table","NW_015090842.1:9524424",16,35,19
"ZC3H18","s1650_F_LS_02_ASEReadCounter.table","NW_015090842.1:9529649",29,74,45
"ZC3H18","s1650_F_LS_02_ASEReadCounter.table","NW_015090842.1:9529688",21,74,53
"ZC3H18","s1650_F_LS_02_ASEReadCounter.table","NW_015090842.1:9529691",25,76,51
"ZC3H18","s1650_F_LS_02_ASEReadCounter.table","NW_015090842.1:9530977",37,91,54
"ZC3H18","s1650_F_LS_02_ASEReadCounter.table","NW_015090842.1:9536699",0,71,71
"CYBA","s1650_F_LS_02_ASEReadCounter.table","NW_015090842.1:9547281",32,50,18
"CYBA","s1650_F_LS_02_ASEReadCounter.table","NW_015090842.1:9547402",86,120,34
"CYBA","s1650_F_LS_02_ASEReadCounter.table","NW_015090842.1:9547553",43,70,27
"CYBA","s1650_F_LS_02_ASEReadCounter.table","NW_015090842.1:9548052",45,60,15
"CYBA","s1650_F_LS_02_ASEReadCounter.table","NW_015090842.1:9548436",27,50,23
"CYBA","s1650_F_LS_02_ASEReadCounter.table","NW_015090842.1:9548442",28,53,25
"CYBA","s1650_F_LS_02_ASEReadCounter.table","NW_015090842.1:9548478",32,56,24
"CYBA","s1650_F_LS_02_ASEReadCounter.table","NW_015090842.1:9548487",32,52,20
"CYBA","s1650_F_LS_02_ASEReadCounter.table","NW_015090842.1:9548490",31,52,21
"CYBA","s1650_F_LS_02_ASEReadCounter.table","NW_015090842.1:9548717",27,46,19
"CYBA","s1650_F_LS_02_ASEReadCounter.table","NW_015090842.1:9548750",24,40,16
"CYBA","s1650_F_LS_02_ASEReadCounter.table","NW_015090842.1:9548766",17,27,10
"MVD","s1650_F_LS_02_ASEReadCounter.table","NW_015090842.1:9550678",40,73,33
"MVD","s1650_F_LS_02_ASEReadCounter.table","NW_015090842.1:9550690",43,76,33
"MVD","s1650_F_LS_02_ASEReadCounter.table","NW_015090842.1:9550691",43,76,33
"MVD","s1650_F_LS_02_ASEReadCounter.table","NW_015090842.1:9550699",55,94,39
"MVD","s1650_F_LS_02_ASEReadCounter.table","NW_015090842.1:9550719",49,83,34
"MVD","s1650_F_LS_02_ASEReadCounter.table","NW_015090842.1:9551596",51,105,54
"MVD","s1650_F_LS_02_ASEReadCounter.table","NW_015090842.1:9551638",49,111,62
"MVD","s1650_F_LS_02_ASEReadCounter.table","NW_015090842.1:9551899",0,2,2
"MVD","s1650_F_LS_02_ASEReadCounter.table","NW_015090842.1:9552193",38,78,40
"MVD","s1650_F_LS_02_ASEReadCounter.table","NW_015090842.1:9552202",38,81,43
"MVD","s1650_F_LS_02_ASEReadCounter.table","NW_015090842.1:9552208",37,77,40
"MVD","s1650_F_LS_02_ASEReadCounter.table","NW_015090842.1:9552625",23,46,23
"MVD","s1650_F_LS_02_ASEReadCounter.table","NW_015090842.1:9552629",45,45,0
"MVD","s1650_F_LS_02_ASEReadCounter.table","NW_015090842.1:9552644",20,43,23
"MVD","s1650_F_LS_02_ASEReadCounter.table","NW_015090842.1:9553093",13,22,9
"MVD","s1650_F_LS_02_ASEReadCounter.table","NW_015090842.1:9553114",15,28,13
"RNF166","s1650_F_LS_02_ASEReadCounter.table","NW_015090842.1:9557900",26,60,34
"RNF166","s1650_F_LS_02_ASEReadCounter.table","NW_015090842.1:9558048",19,48,29
"RNF166","s1650_F_LS_02_ASEReadCounter.table","NW_015090842.1:9558116",18,50,32
"RNF166","s1650_F_LS_02_ASEReadCounter.table","NW_015090842.1:9558308",14,37,23
"RNF166","s1650_F_LS_02_ASEReadCounter.table","NW_015090842.1:9558405",9,26,17
"RNF166","s1650_F_LS_02_ASEReadCounter.table","NW_015090842.1:9558549",20,35,15
"RNF166","s1650_F_LS_02_ASEReadCounter.table","NW_015090842.1:9558556",13,30,17
"RNF166","s1650_F_LS_02_ASEReadCounter.table","NW_015090842.1:9558579",14,31,17
"RNF166","s1650_F_LS_02_ASEReadCounter.table","NW_015090842.1:9558599",9,26,17
"RNF166","s1650_F_LS_02_ASEReadCounter.table","NW_015090842.1:9558688",13,40,27
"RNF166","s1650_F_LS_02_ASEReadCounter.table","NW_015090842.1:9558711",16,43,27
"RNF166","s1650_F_LS_02_ASEReadCounter.table","NW_015090842.1:9558733",16,41,25
"RNF166","s1650_F_LS_02_ASEReadCounter.table","NW_015090842.1:9558847",12,28,16
"RNF166","s1650_F_LS_02_ASEReadCounter.table","NW_015090842.1:9559798",10,29,19
"RNF166","s1650_F_LS_02_ASEReadCounter.table","NW_015090842.1:9560575",11,26,15
"RNF166","s1650_F_LS_02_ASEReadCounter.table","NW_015090842.1:9561055",5,23,18
"RNF166","s1650_F_LS_02_ASEReadCounter.table","NW_015090842.1:9562458",10,21,11
"RNF166","s1650_F_LS_02_ASEReadCounter.table","NW_015090842.1:9562497",5,17,12
"RNF166","s1650_F_LS_02_ASEReadCounter.table","NW_015090842.1:9562539",5,15,10
"RNF166","s1650_F_LS_02_ASEReadCounter.table","NW_015090842.1:9564056",2,9,7
"CTU2","s1650_F_LS_02_ASEReadCounter.table","NW_015090842.1:9565149",10,16,6
"CTU2","s1650_F_LS_02_ASEReadCounter.table","NW_015090842.1:9565193",4,14,10
"CTU2","s1650_F_LS_02_ASEReadCounter.table","NW_015090842.1:9565300",6,16,10
"CTU2","s1650_F_LS_02_ASEReadCounter.table","NW_015090842.1:9565321",8,19,11
"CTU2","s1650_F_LS_02_ASEReadCounter.table","NW_015090842.1:9565721",6,17,11
"CTU2","s1650_F_LS_02_ASEReadCounter.table","NW_015090842.1:9565739",5,16,11
"CTU2","s1650_F_LS_02_ASEReadCounter.table","NW_015090842.1:9565905",13,26,13
"CTU2","s1650_F_LS_02_ASEReadCounter.table","NW_015090842.1:9566013",29,29,0
"CTU2","s1650_F_LS_02_ASEReadCounter.table","NW_015090842.1:9566055",19,31,12
"CTU2","s1650_F_LS_02_ASEReadCounter.table","NW_015090842.1:9566056",19,30,11
"CTU2","s1650_F_LS_02_ASEReadCounter.table","NW_015090842.1:9566151",15,28,13
"CTU2","s1650_F_LS_02_ASEReadCounter.table","NW_015090842.1:9566300",8,27,19
"CTU2","s1650_F_LS_02_ASEReadCounter.table","NW_015090842.1:9566342",6,25,19
"CTU2","s1650_F_LS_02_ASEReadCounter.table","NW_015090842.1:9566548",13,30,17
"CTU2","s1650_F_LS_02_ASEReadCounter.table","NW_015090842.1:9566625",12,41,29
"CTU2","s1650_F_LS_02_ASEReadCounter.table","NW_015090842.1:9566633",13,46,33
"CTU2","s1650_F_LS_02_ASEReadCounter.table","NW_015090842.1:9566807",22,52,30
"CTU2","s1650_F_LS_02_ASEReadCounter.table","NW_015090842.1:9567139",30,54,24
"CTU2","s1650_F_LS_02_ASEReadCounter.table","NW_015090842.1:9567156",32,63,31
"CTU2","s1650_F_LS_02_ASEReadCounter.table","NW_015090842.1:9567614",51,86,35
"CTU2","s1650_F_LS_02_ASEReadCounter.table","NW_015090842.1:9567677",39,74,35
"CTU2","s1650_F_LS_02_ASEReadCounter.table","NW_015090842.1:9567747",38,65,27
"CTU2","s1650_F_LS_02_ASEReadCounter.table","NW_015090842.1:9567828",29,48,19
"CTU2","s1650_F_LS_02_ASEReadCounter.table","NW_015090842.1:9567829",28,47,19
"CTU2","s1650_F_LS_02_ASEReadCounter.table","NW_015090842.1:9567885",20,37,17
"PIEZO1","s1650_F_LS_02_ASEReadCounter.table","NW_015090842.1:9568093",18,48,30
"PIEZO1","s1650_F_LS_02_ASEReadCounter.table","NW_015090842.1:9568672",25,63,38
"PIEZO1","s1650_F_LS_02_ASEReadCounter.table","NW_015090842.1:9568948",27,56,29
"PIEZO1","s1650_F_LS_02_ASEReadCounter.table","NW_015090842.1:9568987",42,42,0
"PIEZO1","s1650_F_LS_02_ASEReadCounter.table","NW_015090842.1:9569040",15,32,17
"PIEZO1","s1650_F_LS_02_ASEReadCounter.table","NW_015090842.1:9569180",15,29,14
"PIEZO1","s1650_F_LS_02_ASEReadCounter.table","NW_015090842.1:9569192",15,29,14
"PIEZO1","s1650_F_LS_02_ASEReadCounter.table","NW_015090842.1:9570088",5,15,10
"PIEZO1","s1650_F_LS_02_ASEReadCounter.table","NW_015090842.1:9570480",8,15,7
"PIEZO1","s1650_F_LS_02_ASEReadCounter.table","NW_015090842.1:9570639",6,18,12
"PIEZO1","s1650_F_LS_02_ASEReadCounter.table","NW_015090842.1:9571847",8,17,9
"PIEZO1","s1650_F_LS_02_ASEReadCounter.table","NW_015090842.1:9572371",9,18,9
"PIEZO1","s1650_F_LS_02_ASEReadCounter.table","NW_015090842.1:9572638",2,9,7
"PIEZO1","s1650_F_LS_02_ASEReadCounter.table","NW_015090842.1:9573156",7,17,10
"PIEZO1","s1650_F_LS_02_ASEReadCounter.table","NW_015090842.1:9573280",4,14,10
"PIEZO1","s1650_F_LS_02_ASEReadCounter.table","NW_015090842.1:9573566",5,8,3
"PIEZO1","s1650_F_LS_02_ASEReadCounter.table","NW_015090842.1:9575341",3,7,4
"PIEZO1","s1650_F_LS_02_ASEReadCounter.table","NW_015090842.1:9575367",3,7,4
"PIEZO1","s1650_F_LS_02_ASEReadCounter.table","NW_015090842.1:9575645",4,10,6
"PIEZO1","s1650_F_LS_02_ASEReadCounter.table","NW_015090842.1:9575696",4,11,7
"PIEZO1","s1650_F_LS_02_ASEReadCounter.table","NW_015090842.1:9575897",2,7,5
"PIEZO1","s1650_F_LS_02_ASEReadCounter.table","NW_015090842.1:9576060",2,5,3
"PIEZO1","s1650_F_LS_02_ASEReadCounter.table","NW_015090842.1:9576087",2,7,5
"PIEZO1","s1650_F_LS_02_ASEReadCounter.table","NW_015090842.1:9576093",3,9,6
"PIEZO1","s1650_F_LS_02_ASEReadCounter.table","NW_015090842.1:9576120",3,8,5
"PIEZO1","s1650_F_LS_02_ASEReadCounter.table","NW_015090842.1:9576687",1,4,3
"PIEZO1","s1650_F_LS_02_ASEReadCounter.table","NW_015090842.1:9576710",1,5,4
"PIEZO1","s1650_F_LS_02_ASEReadCounter.table","NW_015090842.1:9576723",1,4,3
"PIEZO1","s1650_F_LS_02_ASEReadCounter.table","NW_015090842.1:9578268",3,7,4
"PIEZO1","s1650_F_LS_02_ASEReadCounter.table","NW_015090842.1:9578770",2,4,2
"PIEZO1","s1650_F_LS_02_ASEReadCounter.table","NW_015090842.1:9578806",0,2,2
"PIEZO1","s1650_F_LS_02_ASEReadCounter.table","NW_015090842.1:9579064",2,3,1
"PIEZO1","s1650_F_LS_02_ASEReadCounter.table","NW_015090842.1:9579065",2,3,1
"PIEZO1","s1650_F_LS_02_ASEReadCounter.table","NW_015090842.1:9579347",2,6,4
"PIEZO1","s1650_F_LS_02_ASEReadCounter.table","NW_015090842.1:9580765",2,5,3
"PIEZO1","s1650_F_LS_02_ASEReadCounter.table","NW_015090842.1:9580996",3,5,2
"PIEZO1","s1650_F_LS_02_ASEReadCounter.table","NW_015090842.1:9581101",1,3,2
"PIEZO1","s1650_F_LS_02_ASEReadCounter.table","NW_015090842.1:9581299",0,2,2
"PIEZO1","s1650_F_LS_02_ASEReadCounter.table","NW_015090842.1:9581875",4,6,2
"PIEZO1","s1650_F_LS_02_ASEReadCounter.table","NW_015090842.1:9582046",1,4,3
"PIEZO1","s1650_F_LS_02_ASEReadCounter.table","NW_015090842.1:9582961",0,1,1
"PIEZO1","s1650_F_LS_02_ASEReadCounter.table","NW_015090842.1:9583298",0,2,2
"PIEZO1","s1650_F_LS_02_ASEReadCounter.table","NW_015090842.1:9584337",1,5,4
"PIEZO1","s1650_F_LS_02_ASEReadCounter.table","NW_015090842.1:9584425",0,7,7
"PIEZO1","s1650_F_LS_02_ASEReadCounter.table","NW_015090842.1:9584435",0,6,6
"PIEZO1","s1650_F_LS_02_ASEReadCounter.table","NW_015090842.1:9584438",0,5,5
"PIEZO1","s1650_F_LS_02_ASEReadCounter.table","NW_015090842.1:9584441",0,5,5
"CDT1","s1650_F_LS_02_ASEReadCounter.table","NW_015090842.1:9596766",2,4,2
"CDT1","s1650_F_LS_02_ASEReadCounter.table","NW_015090842.1:9597054",1,3,2
"CDT1","s1650_F_LS_02_ASEReadCounter.table","NW_015090842.1:9597074",0,1,1
"CDT1","s1650_F_LS_02_ASEReadCounter.table","NW_015090842.1:9597137",5,7,2
"CDT1","s1650_F_LS_02_ASEReadCounter.table","NW_015090842.1:9597756",1,5,4
"CDT1","s1650_F_LS_02_ASEReadCounter.table","NW_015090842.1:9597766",1,5,4
"CDT1","s1650_F_LS_02_ASEReadCounter.table","NW_015090842.1:9598496",5,10,5
"CDT1","s1650_F_LS_02_ASEReadCounter.table","NW_015090842.1:9598498",5,10,5
"CDT1","s1650_F_LS_02_ASEReadCounter.table","NW_015090842.1:9598816",6,11,5
"CDT1","s1650_F_LS_02_ASEReadCounter.table","NW_015090842.1:9598879",5,10,5
"CDT1","s1650_F_LS_02_ASEReadCounter.table","NW_015090842.1:9598912",6,11,5
"CDT1","s1650_F_LS_02_ASEReadCounter.table","NW_015090842.1:9598959",4,10,6
"CDT1","s1650_F_LS_02_ASEReadCounter.table","NW_015090842.1:9599807",6,7,1
"CDT1","s1650_F_LS_02_ASEReadCounter.table","NW_015090842.1:9599819",5,8,3
"CDT1","s1650_F_LS_02_ASEReadCounter.table","NW_015090842.1:9599845",7,14,7
"CDT1","s1650_F_LS_02_ASEReadCounter.table","NW_015090842.1:9600148",13,20,7
"CDT1","s1650_F_LS_02_ASEReadCounter.table","NW_015090842.1:9600151",12,18,6
"CDT1","s1650_F_LS_02_ASEReadCounter.table","NW_015090842.1:9600217",17,21,4
"CDT1","s1650_F_LS_02_ASEReadCounter.table","NW_015090842.1:9600226",14,19,5
"CDT1","s1650_F_LS_02_ASEReadCounter.table","NW_015090842.1:9600260",14,18,4
"CDT1","s1650_F_LS_02_ASEReadCounter.table","NW_015090842.1:9600268",13,17,4
"CDT1","s1650_F_LS_02_ASEReadCounter.table","NW_015090842.1:9600305",9,18,9
"CDT1","s1650_F_LS_02_ASEReadCounter.table","NW_015090842.1:9600397",11,15,4
"CDT1","s1650_F_LS_02_ASEReadCounter.table","NW_015090842.1:9600447",10,18,8
"CDT1","s1650_F_LS_02_ASEReadCounter.table","NW_015090842.1:9600450",8,14,6
"CDT1","s1650_F_LS_02_ASEReadCounter.table","NW_015090842.1:9600485",10,18,8
"CDT1","s1650_F_LS_02_ASEReadCounter.table","NW_015090842.1:9600579",12,20,8
"APRT","s1650_F_LS_02_ASEReadCounter.table","NW_015090842.1:9602308",55,131,76
"APRT","s1650_F_LS_02_ASEReadCounter.table","NW_015090842.1:9602440",85,214,129
"APRT","s1650_F_LS_02_ASEReadCounter.table","NW_015090842.1:9602449",91,221,130
"APRT","s1650_F_LS_02_ASEReadCounter.table","NW_015090842.1:9602451",93,229,136
"APRT","s1650_F_LS_02_ASEReadCounter.table","NW_015090842.1:9602455",98,236,138
"APRT","s1650_F_LS_02_ASEReadCounter.table","NW_015090842.1:9602462",101,239,138
"APRT","s1650_F_LS_02_ASEReadCounter.table","NW_015090842.1:9602507",84,220,136
"APRT","s1650_F_LS_02_ASEReadCounter.table","NW_015090842.1:9602514",78,220,142
"APRT","s1650_F_LS_02_ASEReadCounter.table","NW_015090842.1:9602530",76,214,138
"APRT","s1650_F_LS_02_ASEReadCounter.table","NW_015090842.1:9602582",47,193,146
"APRT","s1650_F_LS_02_ASEReadCounter.table","NW_015090842.1:9602583",47,194,147
"APRT","s1650_F_LS_02_ASEReadCounter.table","NW_015090842.1:9602650",74,218,144
"APRT","s1650_F_LS_02_ASEReadCounter.table","NW_015090842.1:9602655",69,190,121
"APRT","s1650_F_LS_02_ASEReadCounter.table","NW_015090842.1:9602712",49,200,151
"APRT","s1650_F_LS_02_ASEReadCounter.table","NW_015090842.1:9602764",57,193,136
"APRT","s1650_F_LS_02_ASEReadCounter.table","NW_015090842.1:9602821",60,175,115
"APRT","s1650_F_LS_02_ASEReadCounter.table","NW_015090842.1:9602867",62,157,95
"APRT","s1650_F_LS_02_ASEReadCounter.table","NW_015090842.1:9602883",62,167,105
"APRT","s1650_F_LS_02_ASEReadCounter.table","NW_015090842.1:9602886",62,166,104
"APRT","s1650_F_LS_02_ASEReadCounter.table","NW_015090842.1:9602948",64,177,113
"APRT","s1650_F_LS_02_ASEReadCounter.table","NW_015090842.1:9602958",64,175,111
"APRT","s1650_F_LS_02_ASEReadCounter.table","NW_015090842.1:9603020",63,213,150
"APRT","s1650_F_LS_02_ASEReadCounter.table","NW_015090842.1:9603025",63,209,146
"APRT","s1650_F_LS_02_ASEReadCounter.table","NW_015090842.1:9603154",44,143,99
"APRT","s1650_F_LS_02_ASEReadCounter.table","NW_015090842.1:9603166",53,160,107
"APRT","s1650_F_LS_02_ASEReadCounter.table","NW_015090842.1:9603326",48,137,89
"APRT","s1650_F_LS_02_ASEReadCounter.table","NW_015090842.1:9603419",38,116,78
"APRT","s1650_F_LS_02_ASEReadCounter.table","NW_015090842.1:9603420",38,117,79
"APRT","s1650_F_LS_02_ASEReadCounter.table","NW_015090842.1:9603464",35,102,67
"APRT","s1650_F_LS_02_ASEReadCounter.table","NW_015090842.1:9603528",34,101,67
"APRT","s1650_F_LS_02_ASEReadCounter.table","NW_015090842.1:9603607",27,101,74
"APRT","s1650_F_LS_02_ASEReadCounter.table","NW_015090842.1:9603622",27,99,72
"APRT","s1650_F_LS_02_ASEReadCounter.table","NW_015090842.1:9604361",24,92,68
"APRT","s1650_F_LS_02_ASEReadCounter.table","NW_015090842.1:9605317",18,57,39
"APRT","s1650_F_LS_02_ASEReadCounter.table","NW_015090842.1:9605336",19,57,38
"GALNS","s1650_F_LS_02_ASEReadCounter.table","NW_015090842.1:9612872",10,15,5
"GALNS","s1650_F_LS_02_ASEReadCounter.table","NW_015090842.1:9612873",7,12,5
"GALNS","s1650_F_LS_02_ASEReadCounter.table","NW_015090842.1:9612877",8,12,4
"GALNS","s1650_F_LS_02_ASEReadCounter.table","NW_015090842.1:9612942",20,36,16
"GALNS","s1650_F_LS_02_ASEReadCounter.table","NW_015090842.1:9612987",36,36,0
"GALNS","s1650_F_LS_02_ASEReadCounter.table","NW_015090842.1:9613064",19,37,18
"GALNS","s1650_F_LS_02_ASEReadCounter.table","NW_015090842.1:9613096",20,40,20
"GALNS","s1650_F_LS_02_ASEReadCounter.table","NW_015090842.1:9613123",21,36,15
"GALNS","s1650_F_LS_02_ASEReadCounter.table","NW_015090842.1:9613125",22,37,15
"GALNS","s1650_F_LS_02_ASEReadCounter.table","NW_015090842.1:9613193",26,38,12
"GALNS","s1650_F_LS_02_ASEReadCounter.table","NW_015090842.1:9613226",21,30,9
"GALNS","s1650_F_LS_02_ASEReadCounter.table","NW_015090842.1:9613249",20,34,14
"GALNS","s1650_F_LS_02_ASEReadCounter.table","NW_015090842.1:9613256",22,38,16
"GALNS","s1650_F_LS_02_ASEReadCounter.table","NW_015090842.1:9613317",21,47,26
"GALNS","s1650_F_LS_02_ASEReadCounter.table","NW_015090842.1:9613343",18,43,25
"GALNS","s1650_F_LS_02_ASEReadCounter.table","NW_015090842.1:9613344",17,41,24
"GALNS","s1650_F_LS_02_ASEReadCounter.table","NW_015090842.1:9613371",19,40,21
"GALNS","s1650_F_LS_02_ASEReadCounter.table","NW_015090842.1:9613378",15,37,22
"GALNS","s1650_F_LS_02_ASEReadCounter.table","NW_015090842.1:9613379",15,37,22
"GALNS","s1650_F_LS_02_ASEReadCounter.table","NW_015090842.1:9613516",24,51,27
"GALNS","s1650_F_LS_02_ASEReadCounter.table","NW_015090842.1:9613572",25,47,22
"GALNS","s1650_F_LS_02_ASEReadCounter.table","NW_015090842.1:9613597",25,49,24
"GALNS","s1650_F_LS_02_ASEReadCounter.table","NW_015090842.1:9613627",20,34,14
"GALNS","s1650_F_LS_02_ASEReadCounter.table","NW_015090842.1:9613640",17,35,18
"GALNS","s1650_F_LS_02_ASEReadCounter.table","NW_015090842.1:9614025",9,19,10
"GALNS","s1650_F_LS_02_ASEReadCounter.table","NW_015090842.1:9614169",12,21,9
"GALNS","s1650_F_LS_02_ASEReadCounter.table","NW_015090842.1:9614232",22,22,0
"GALNS","s1650_F_LS_02_ASEReadCounter.table","NW_015090842.1:9614667",11,14,3
"GALNS","s1650_F_LS_02_ASEReadCounter.table","NW_015090842.1:9614709",9,12,3
"GALNS","s1650_F_LS_02_ASEReadCounter.table","NW_015090842.1:9614880",9,14,5
"GALNS","s1650_F_LS_02_ASEReadCounter.table","NW_015090842.1:9614902",8,13,5
"GALNS","s1650_F_LS_02_ASEReadCounter.table","NW_015090842.1:9614960",5,8,3
"GALNS","s1650_F_LS_02_ASEReadCounter.table","NW_015090842.1:9615114",3,9,6
"GALNS","s1650_F_LS_02_ASEReadCounter.table","NW_015090842.1:9615199",3,10,7
"GALNS","s1650_F_LS_02_ASEReadCounter.table","NW_015090842.1:9615217",5,13,8
"GALNS","s1650_F_LS_02_ASEReadCounter.table","NW_015090842.1:9615277",6,14,8
"GALNS","s1650_F_LS_02_ASEReadCounter.table","NW_015090842.1:9615377",8,14,6
"GALNS","s1650_F_LS_02_ASEReadCounter.table","NW_015090842.1:9647858",1,2,1
"GALNS","s1650_F_LS_02_ASEReadCounter.table","NW_015090842.1:9649186",2,2,0
"GALNS","s1650_F_LS_02_ASEReadCounter.table","NW_015090842.1:9649237",0,1,1
"GALNS","s1650_F_LS_02_ASEReadCounter.table","NW_015090842.1:9661193",0,2,2
"TRAPPC2L","s1650_F_LS_02_ASEReadCounter.table","NW_015090842.1:9662951",132,228,96
"TRAPPC2L","s1650_F_LS_02_ASEReadCounter.table","NW_015090842.1:9663014",132,236,104
"TRAPPC2L","s1650_F_LS_02_ASEReadCounter.table","NW_015090842.1:9664305",227,229,2
"TRAPPC2L","s1650_F_LS_02_ASEReadCounter.table","NW_015090842.1:9665155",130,260,130
"TRAPPC2L","s1650_F_LS_02_ASEReadCounter.table","NW_015090842.1:9665211",49,96,47
"CBFA2T3","s1650_F_LS_02_ASEReadCounter.table","NW_015090842.1:9709469",1,17,16
"CBFA2T3","s1650_F_LS_02_ASEReadCounter.table","NW_015090842.1:9709475",1,17,16
"CBFA2T3","s1650_F_LS_02_ASEReadCounter.table","NW_015090842.1:9711845",0,1,1
"CBFA2T3","s1650_F_LS_02_ASEReadCounter.table","NW_015090842.1:9712157",0,6,6
"CBFA2T3","s1650_F_LS_02_ASEReadCounter.table","NW_015090842.1:9712160",0,6,6
"CBFA2T3","s1650_F_LS_02_ASEReadCounter.table","NW_015090842.1:9712166",0,6,6
"CBFA2T3","s1650_F_LS_02_ASEReadCounter.table","NW_015090842.1:9712536",1,4,3
"CBFA2T3","s1650_F_LS_02_ASEReadCounter.table","NW_015090842.1:9712673",3,6,3
"CBFA2T3","s1650_F_LS_02_ASEReadCounter.table","NW_015090842.1:9712787",3,6,3
"CBFA2T3","s1650_F_LS_02_ASEReadCounter.table","NW_015090842.1:9712791",4,7,3
"CBFA2T3","s1650_F_LS_02_ASEReadCounter.table","NW_015090842.1:9712805",5,9,4
"CBFA2T3","s1650_F_LS_02_ASEReadCounter.table","NW_015090842.1:9712811",5,10,5
"CBFA2T3","s1650_F_LS_02_ASEReadCounter.table","NW_015090842.1:9712848",4,7,3
"CBFA2T3","s1650_F_LS_02_ASEReadCounter.table","NW_015090842.1:9713088",3,5,2
"CBFA2T3","s1650_F_LS_02_ASEReadCounter.table","NW_015090842.1:9713121",3,7,4
"CBFA2T3","s1650_F_LS_02_ASEReadCounter.table","NW_015090842.1:9717058",2,5,3
"CBFA2T3","s1650_F_LS_02_ASEReadCounter.table","NW_015090842.1:9717093",3,6,3
"CBFA2T3","s1650_F_LS_02_ASEReadCounter.table","NW_015090842.1:9717114",3,8,5
"CBFA2T3","s1650_F_LS_02_ASEReadCounter.table","NW_015090842.1:9717139",3,7,4
"CBFA2T3","s1650_F_LS_02_ASEReadCounter.table","NW_015090842.1:9719788",1,4,3
"CBFA2T3","s1650_F_LS_02_ASEReadCounter.table","NW_015090842.1:9728475",1,1,0
"CBFA2T3","s1650_F_LS_02_ASEReadCounter.table","NW_015090842.1:9728522",1,1,0
"CBFA2T3","s1650_F_LS_02_ASEReadCounter.table","NW_015090842.1:9728525",1,1,0
"CBFA2T3","s1650_F_LS_02_ASEReadCounter.table","NW_015090842.1:9728588",0,1,1
"CBFA2T3","s1650_F_LS_02_ASEReadCounter.table","NW_015090842.1:9728601",0,1,1
"CBFA2T3","s1650_F_LS_02_ASEReadCounter.table","NW_015090842.1:9728611",0,1,1
"ACSF3","s1650_F_LS_02_ASEReadCounter.table","NW_015090842.1:9773379",0,3,3
"ACSF3","s1650_F_LS_02_ASEReadCounter.table","NW_015090842.1:9773382",0,3,3
"ACSF3","s1650_F_LS_02_ASEReadCounter.table","NW_015090842.1:9773384",0,2,2
"ACSF3","s1650_F_LS_02_ASEReadCounter.table","NW_015090842.1:9773388",2,5,3
"ACSF3","s1650_F_LS_02_ASEReadCounter.table","NW_015090842.1:9776753",2,6,4
"ACSF3","s1650_F_LS_02_ASEReadCounter.table","NW_015090842.1:9776783",1,4,3
"ACSF3","s1650_F_LS_02_ASEReadCounter.table","NW_015090842.1:9776879",6,11,5
"ACSF3","s1650_F_LS_02_ASEReadCounter.table","NW_015090842.1:9776965",6,10,4
"ACSF3","s1650_F_LS_02_ASEReadCounter.table","NW_015090842.1:9777091",4,7,3
"ACSF3","s1650_F_LS_02_ASEReadCounter.table","NW_015090842.1:9777206",7,11,4
"ACSF3","s1650_F_LS_02_ASEReadCounter.table","NW_015090842.1:9777283",7,15,8
"ACSF3","s1650_F_LS_02_ASEReadCounter.table","NW_015090842.1:9778955",7,24,17
"ACSF3","s1650_F_LS_02_ASEReadCounter.table","NW_015090842.1:9778997",13,40,27
"ACSF3","s1650_F_LS_02_ASEReadCounter.table","NW_015090842.1:9789311",26,42,16
"ACSF3","s1650_F_LS_02_ASEReadCounter.table","NW_015090842.1:9789906",1,30,29
"ACSF3","s1650_F_LS_02_ASEReadCounter.table","NW_015090842.1:9834743",37,90,53
"ACSF3","s1650_F_LS_02_ASEReadCounter.table","NW_015090842.1:9834852",57,127,70
"ACSF3","s1650_F_LS_02_ASEReadCounter.table","NW_015090842.1:9834861",54,123,69
"ACSF3","s1650_F_LS_02_ASEReadCounter.table","NW_015090842.1:9839359",45,85,40
"ACSF3","s1650_F_LS_02_ASEReadCounter.table","NW_015090842.1:9839378",44,93,49
"ACSF3","s1650_F_LS_02_ASEReadCounter.table","NW_015090842.1:9839455",30,77,47
"ACSF3","s1650_F_LS_02_ASEReadCounter.table","NW_015090842.1:9839457",30,74,44
"ACSF3","s1650_F_LS_02_ASEReadCounter.table","NW_015090842.1:9839489",26,61,35
"ACSF3","s1650_F_LS_02_ASEReadCounter.table","NW_015090842.1:9839500",20,50,30
"ACSF3","s1650_F_LS_02_ASEReadCounter.table","NW_015090842.1:9839501",20,51,31
"ACSF3","s1650_F_LS_02_ASEReadCounter.table","NW_015090842.1:9839504",23,52,29
"ACSF3","s1650_F_LS_02_ASEReadCounter.table","NW_015090842.1:9839512",22,45,23
"ACSF3","s1650_F_LS_02_ASEReadCounter.table","NW_015090842.1:9839527",20,37,17
"ACSF3","s1650_F_LS_02_ASEReadCounter.table","NW_015090842.1:9839533",16,30,14
"ACSF3","s1650_F_LS_02_ASEReadCounter.table","NW_015090842.1:9839535",15,28,13
"ACSF3","s1650_F_LS_02_ASEReadCounter.table","NW_015090842.1:9839545",9,24,15
"ACSF3","s1650_F_LS_02_ASEReadCounter.table","NW_015090842.1:9839550",7,22,15
"ACSF3","s1650_F_LS_02_ASEReadCounter.table","NW_015090842.1:9839551",7,22,15
"CDH15","s1650_F_LS_02_ASEReadCounter.table","NW_015090842.1:9847163",0,1,1
"CDH15","s1650_F_LS_02_ASEReadCounter.table","NW_015090842.1:9847174",0,1,1
"CDH15","s1650_F_LS_02_ASEReadCounter.table","NW_015090842.1:9848004",0,2,2
"CDH15","s1650_F_LS_02_ASEReadCounter.table","NW_015090842.1:9848220",1,1,0
"CDH15","s1650_F_LS_02_ASEReadCounter.table","NW_015090842.1:9848265",1,1,0
"CDH15","s1650_F_LS_02_ASEReadCounter.table","NW_015090842.1:9848307",2,2,0
"CDH15","s1650_F_LS_02_ASEReadCounter.table","NW_015090842.1:9848310",2,2,0
"CDH15","s1650_F_LS_02_ASEReadCounter.table","NW_015090842.1:9848313",2,2,0
"CDH15","s1650_F_LS_02_ASEReadCounter.table","NW_015090842.1:9848531",1,1,0
"CDH15","s1650_F_LS_02_ASEReadCounter.table","NW_015090842.1:9848552",1,1,0
"CDH15","s1650_F_LS_02_ASEReadCounter.table","NW_015090842.1:9848888",0,1,1
"CDH15","s1650_F_LS_02_ASEReadCounter.table","NW_015090842.1:9848936",0,1,1
"CDH15","s1650_F_LS_02_ASEReadCounter.table","NW_015090842.1:9849140",2,2,0
"CDH15","s1650_F_LS_02_ASEReadCounter.table","NW_015090842.1:9850141",2,3,1
"CDH15","s1650_F_LS_02_ASEReadCounter.table","NW_015090842.1:9850386",2,2,0
"CDH15","s1650_F_LS_02_ASEReadCounter.table","NW_015090842.1:9850432",2,3,1
"CDH15","s1650_F_LS_02_ASEReadCounter.table","NW_015090842.1:9850609",0,1,1
"SLC22A31","s1650_F_LS_02_ASEReadCounter.table","NW_015090842.1:9850797",0,1,1
"SLC22A31","s1650_F_LS_02_ASEReadCounter.table","NW_015090842.1:9850818",0,2,2
"SLC22A31","s1650_F_LS_02_ASEReadCounter.table","NW_015090842.1:9850936",0,1,1
"SLC22A31","s1650_F_LS_02_ASEReadCounter.table","NW_015090842.1:9850940",0,1,1
"SLC22A31","s1650_F_LS_02_ASEReadCounter.table","NW_015090842.1:9850948",0,2,2
"SLC22A31","s1650_F_LS_02_ASEReadCounter.table","NW_015090842.1:9850961",0,1,1
"SLC22A31","s1650_F_LS_02_ASEReadCounter.table","NW_015090842.1:9850970",0,2,2
"SLC22A31","s1650_F_LS_02_ASEReadCounter.table","NW_015090842.1:9850978",0,2,2
"SLC22A31","s1650_F_LS_02_ASEReadCounter.table","NW_015090842.1:9850981",0,2,2
"SLC22A31","s1650_F_LS_02_ASEReadCounter.table","NW_015090842.1:9851117",6,24,18
"SLC22A31","s1650_F_LS_02_ASEReadCounter.table","NW_015090842.1:9851130",6,24,18
"SLC22A31","s1650_F_LS_02_ASEReadCounter.table","NW_015090842.1:9851139",6,24,18
"SLC22A31","s1650_F_LS_02_ASEReadCounter.table","NW_015090842.1:9851265",17,44,27
"SLC22A31","s1650_F_LS_02_ASEReadCounter.table","NW_015090842.1:9851302",8,27,19
"SLC22A31","s1650_F_LS_02_ASEReadCounter.table","NW_015090842.1:9851303",8,27,19
"SLC22A31","s1650_F_LS_02_ASEReadCounter.table","NW_015090842.1:9851305",8,27,19
"SLC22A31","s1650_F_LS_02_ASEReadCounter.table","NW_015090842.1:9851343",11,28,17
"SLC22A31","s1650_F_LS_02_ASEReadCounter.table","NW_015090842.1:9851344",12,29,17
"SLC22A31","s1650_F_LS_02_ASEReadCounter.table","NW_015090842.1:9851361",23,24,1
"SLC22A31","s1650_F_LS_02_ASEReadCounter.table","NW_015090842.1:9851381",15,34,19
"SLC22A31","s1650_F_LS_02_ASEReadCounter.table","NW_015090842.1:9851421",11,34,23
"SLC22A31","s1650_F_LS_02_ASEReadCounter.table","NW_015090842.1:9851501",10,22,12
"SLC22A31","s1650_F_LS_02_ASEReadCounter.table","NW_015090842.1:9851526",10,27,17
"SLC22A31","s1650_F_LS_02_ASEReadCounter.table","NW_015090842.1:9851589",13,33,20
"SLC22A31","s1650_F_LS_02_ASEReadCounter.table","NW_015090842.1:9851712",12,30,18
"SLC22A31","s1650_F_LS_02_ASEReadCounter.table","NW_015090842.1:9851899",11,21,10
"SLC22A31","s1650_F_LS_02_ASEReadCounter.table","NW_015090842.1:9852139",13,23,10
"SLC22A31","s1650_F_LS_02_ASEReadCounter.table","NW_015090842.1:9852380",14,29,15
"SLC22A31","s1650_F_LS_02_ASEReadCounter.table","NW_015090842.1:9852431",6,16,10
"SLC22A31","s1650_F_LS_02_ASEReadCounter.table","NW_015090842.1:9852630",4,12,8
"SLC22A31","s1650_F_LS_02_ASEReadCounter.table","NW_015090842.1:9852711",2,11,9
"SLC22A31","s1650_F_LS_02_ASEReadCounter.table","NW_015090842.1:9853099",4,11,7
"SLC22A31","s1650_F_LS_02_ASEReadCounter.table","NW_015090842.1:9853102",4,10,6
"SLC22A31","s1650_F_LS_02_ASEReadCounter.table","NW_015090842.1:9853421",3,5,2
"SLC22A31","s1650_F_LS_02_ASEReadCounter.table","NW_015090842.1:9853457",5,9,4
"SLC22A31","s1650_F_LS_02_ASEReadCounter.table","NW_015090842.1:9853502",5,10,5
"ANKRD11","s1650_F_LS_02_ASEReadCounter.table","NW_015090842.1:9858863",8,32,24
"ANKRD11","s1650_F_LS_02_ASEReadCounter.table","NW_015090842.1:9859101",196,413,217
"ANKRD11","s1650_F_LS_02_ASEReadCounter.table","NW_015090842.1:9859352",225,466,241
"ANKRD11","s1650_F_LS_02_ASEReadCounter.table","NW_015090842.1:9859381",46,246,200
"ANKRD11","s1650_F_LS_02_ASEReadCounter.table","NW_015090842.1:9859679",239,490,251
"ANKRD11","s1650_F_LS_02_ASEReadCounter.table","NW_015090842.1:9861097",134,264,130
"ANKRD11","s1650_F_LS_02_ASEReadCounter.table","NW_015090842.1:9862571",90,157,67
"ANKRD11","s1650_F_LS_02_ASEReadCounter.table","NW_015090842.1:9862652",60,104,44
"ANKRD11","s1650_F_LS_02_ASEReadCounter.table","NW_015090842.1:9866071",0,74,74
"ANKRD11","s1650_F_LS_02_ASEReadCounter.table","NW_015090842.1:9866200",0,60,60
"ANKRD11","s1650_F_LS_02_ASEReadCounter.table","NW_015090842.1:9867391",10,23,13
"ANKRD11","s1650_F_LS_02_ASEReadCounter.table","NW_015090842.1:9867472",22,41,19
"ANKRD11","s1650_F_LS_02_ASEReadCounter.table","NW_015090842.1:9867559",21,46,25
"ANKRD11","s1650_F_LS_02_ASEReadCounter.table","NW_015090842.1:9867667",22,39,17
"ANKRD11","s1650_F_LS_02_ASEReadCounter.table","NW_015090842.1:9867934",29,57,28
"ANKRD11","s1650_F_LS_02_ASEReadCounter.table","NW_015090842.1:9868064",32,54,22
"ANKRD11","s1650_F_LS_02_ASEReadCounter.table","NW_015090842.1:9868093",29,55,26
"ANKRD11","s1650_F_LS_02_ASEReadCounter.table","NW_015090842.1:9868222",19,57,38
"ANKRD11","s1650_F_LS_02_ASEReadCounter.table","NW_015090842.1:9868327",33,74,41
"ANKRD11","s1650_F_LS_02_ASEReadCounter.table","NW_015090842.1:9868414",38,96,58
"ANKRD11","s1650_F_LS_02_ASEReadCounter.table","NW_015090842.1:9868441",41,95,54
"ANKRD11","s1650_F_LS_02_ASEReadCounter.table","NW_015090842.1:9868444",44,97,53
"ANKRD11","s1650_F_LS_02_ASEReadCounter.table","NW_015090842.1:9868519",55,123,68
"ANKRD11","s1650_F_LS_02_ASEReadCounter.table","NW_015090842.1:9868609",72,140,68
"ANKRD11","s1650_F_LS_02_ASEReadCounter.table","NW_015090842.1:9868666",91,183,92
"ANKRD11","s1650_F_LS_02_ASEReadCounter.table","NW_015090842.1:9868738",225,225,0
"ANKRD11","s1650_F_LS_02_ASEReadCounter.table","NW_015090842.1:9869431",199,402,203
"ANKRD11","s1650_F_LS_02_ASEReadCounter.table","NW_015090842.1:9869578",311,601,290
"ANKRD11","s1650_F_LS_02_ASEReadCounter.table","NW_015090842.1:9869734",294,620,326
"ANKRD11","s1650_F_LS_02_ASEReadCounter.table","NW_015090842.1:9870070",320,659,339
"ANKRD11","s1650_F_LS_02_ASEReadCounter.table","NW_015090842.1:9870349",378,762,384
"ANKRD11","s1650_F_LS_02_ASEReadCounter.table","NW_015090842.1:9870604",423,825,402
"ANKRD11","s1650_F_LS_02_ASEReadCounter.table","NW_015090842.1:9870613",448,873,425
"ANKRD11","s1650_F_LS_02_ASEReadCounter.table","NW_015090842.1:9870685",477,1015,538
"ANKRD11","s1650_F_LS_02_ASEReadCounter.table","NW_015090842.1:9870760",449,963,514
"ANKRD11","s1650_F_LS_02_ASEReadCounter.table","NW_015090842.1:9870847",403,858,455
"ANKRD11","s1650_F_LS_02_ASEReadCounter.table","NW_015090842.1:9871103",306,589,283
"ANKRD11","s1650_F_LS_02_ASEReadCounter.table","NW_015090842.1:9871165",313,643,330
"ANKRD11","s1650_F_LS_02_ASEReadCounter.table","NW_015090842.1:9871508",341,342,1
"ANKRD11","s1650_F_LS_02_ASEReadCounter.table","NW_015090842.1:9871820",49,119,70
"ANKRD11","s1650_F_LS_02_ASEReadCounter.table","NW_015090842.1:9872118",35,92,57
"ANKRD11","s1650_F_LS_02_ASEReadCounter.table","NW_015090842.1:9877406",13,28,15
"SPG7","s1650_F_LS_02_ASEReadCounter.table","NW_015090842.1:10051190",55,96,41
"SPG7","s1650_F_LS_02_ASEReadCounter.table","NW_015090842.1:10051218",64,112,48
"SPG7","s1650_F_LS_02_ASEReadCounter.table","NW_015090842.1:10052348",50,100,50
"SPG7","s1650_F_LS_02_ASEReadCounter.table","NW_015090842.1:10052366",51,100,49
"SPG7","s1650_F_LS_02_ASEReadCounter.table","NW_015090842.1:10065173",110,218,108
"SPG7","s1650_F_LS_02_ASEReadCounter.table","NW_015090842.1:10065215",110,212,102
"SPG7","s1650_F_LS_02_ASEReadCounter.table","NW_015090842.1:10066365",110,197,87
"SPG7","s1650_F_LS_02_ASEReadCounter.table","NW_015090842.1:10069752",154,293,139
"SPG7","s1650_F_LS_02_ASEReadCounter.table","NW_015090842.1:10069800",161,325,164
"SPG7","s1650_F_LS_02_ASEReadCounter.table","NW_015090842.1:10071192",187,357,170
"SPG7","s1650_F_LS_02_ASEReadCounter.table","NW_015090842.1:10071219",181,334,153
"SPG7","s1650_F_LS_02_ASEReadCounter.table","NW_015090842.1:10071967",174,368,194
"SPG7","s1650_F_LS_02_ASEReadCounter.table","NW_015090842.1:10075109",347,705,358
"SPG7","s1650_F_LS_02_ASEReadCounter.table","NW_015090842.1:10075114",355,712,357
"SPG7","s1650_F_LS_02_ASEReadCounter.table","NW_015090842.1:10075198",322,591,269
"SPG7","s1650_F_LS_02_ASEReadCounter.table","NW_015090842.1:10075487",312,625,313
"SPG7","s1650_F_LS_02_ASEReadCounter.table","NW_015090842.1:10075488",309,626,317
"SPG7","s1650_F_LS_02_ASEReadCounter.table","NW_015090842.1:10075548",210,468,258
"RPL13","s1650_F_LS_02_ASEReadCounter.table","NW_015090842.1:10077387",456,963,507
"RPL13","s1650_F_LS_02_ASEReadCounter.table","NW_015090842.1:10077978",783,1587,804
"RPL13","s1650_F_LS_02_ASEReadCounter.table","NW_015090842.1:10077992",796,1556,760
"CPNE7","s1650_F_LS_02_ASEReadCounter.table","NW_015090842.1:10084001",16,28,12
"CPNE7","s1650_F_LS_02_ASEReadCounter.table","NW_015090842.1:10084856",11,20,9
"CPNE7","s1650_F_LS_02_ASEReadCounter.table","NW_015090842.1:10084872",9,18,9
"CPNE7","s1650_F_LS_02_ASEReadCounter.table","NW_015090842.1:10084892",12,23,11
"CPNE7","s1650_F_LS_02_ASEReadCounter.table","NW_015090842.1:10084921",11,23,12
"CPNE7","s1650_F_LS_02_ASEReadCounter.table","NW_015090842.1:10084935",9,20,11
"CPNE7","s1650_F_LS_02_ASEReadCounter.table","NW_015090842.1:10085000",9,21,12
"CPNE7","s1650_F_LS_02_ASEReadCounter.table","NW_015090842.1:10085089",12,19,7
"CPNE7","s1650_F_LS_02_ASEReadCounter.table","NW_015090842.1:10085096",12,18,6
"CPNE7","s1650_F_LS_02_ASEReadCounter.table","NW_015090842.1:10085126",16,21,5
"CPNE7","s1650_F_LS_02_ASEReadCounter.table","NW_015090842.1:10085167",20,20,0
"CPNE7","s1650_F_LS_02_ASEReadCounter.table","NW_015090842.1:10085180",13,19,6
"CPNE7","s1650_F_LS_02_ASEReadCounter.table","NW_015090842.1:10085201",13,19,6
"CPNE7","s1650_F_LS_02_ASEReadCounter.table","NW_015090842.1:10088134",28,58,30
"CPNE7","s1650_F_LS_02_ASEReadCounter.table","NW_015090842.1:10088146",27,55,28
"CPNE7","s1650_F_LS_02_ASEReadCounter.table","NW_015090842.1:10088806",47,72,25
"CPNE7","s1650_F_LS_02_ASEReadCounter.table","NW_015090842.1:10088940",52,84,32
"CPNE7","s1650_F_LS_02_ASEReadCounter.table","NW_015090842.1:10088965",43,79,36
"CPNE7","s1650_F_LS_02_ASEReadCounter.table","NW_015090842.1:10088967",44,78,34
"CPNE7","s1650_F_LS_02_ASEReadCounter.table","NW_015090842.1:10088973",44,78,34
"CPNE7","s1650_F_LS_02_ASEReadCounter.table","NW_015090842.1:10090924",146,234,88
"CPNE7","s1650_F_LS_02_ASEReadCounter.table","NW_015090842.1:10090930",145,233,88
"CPNE7","s1650_F_LS_02_ASEReadCounter.table","NW_015090842.1:10091075",150,231,81
"CPNE7","s1650_F_LS_02_ASEReadCounter.table","NW_015090842.1:10091389",172,296,124
"CPNE7","s1650_F_LS_02_ASEReadCounter.table","NW_015090842.1:10091407",188,317,129
"CPNE7","s1650_F_LS_02_ASEReadCounter.table","NW_015090842.1:10091488",278,278,0
"CPNE7","s1650_F_LS_02_ASEReadCounter.table","NW_015090842.1:10091491",290,290,0
"CPNE7","s1650_F_LS_02_ASEReadCounter.table","NW_015090842.1:10091530",189,339,150
"CPNE7","s1650_F_LS_02_ASEReadCounter.table","NW_015090842.1:10091875",260,487,227
"CPNE7","s1650_F_LS_02_ASEReadCounter.table","NW_015090842.1:10091983",276,465,189
"CPNE7","s1650_F_LS_02_ASEReadCounter.table","NW_015090842.1:10091997",281,487,206
"CPNE7","s1650_F_LS_02_ASEReadCounter.table","NW_015090842.1:10092038",162,300,138
"CPNE7","s1650_F_LS_02_ASEReadCounter.table","NW_015090842.1:10092140",214,395,181
"CPNE7","s1650_F_LS_02_ASEReadCounter.table","NW_015090842.1:10092183",178,313,135
"CPNE7","s1650_F_LS_02_ASEReadCounter.table","NW_015090842.1:10092201",165,280,115
"CPNE7","s1650_F_LS_02_ASEReadCounter.table","NW_015090842.1:10092230",136,231,95
"CPNE7","s1650_F_LS_02_ASEReadCounter.table","NW_015090842.1:10092246",83,150,67
"LOC106888185","s1650_F_LS_02_ASEReadCounter.table","NW_015090842.1:10094965",1,2,1
"LOC106888185","s1650_F_LS_02_ASEReadCounter.table","NW_015090842.1:10094966",1,2,1
"LOC106888185","s1650_F_LS_02_ASEReadCounter.table","NW_015090842.1:10094985",1,2,1
"LOC106888185","s1650_F_LS_02_ASEReadCounter.table","NW_015090842.1:10095055",1,4,3
"LOC106888185","s1650_F_LS_02_ASEReadCounter.table","NW_015090842.1:10095062",1,3,2
"LOC106888185","s1650_F_LS_02_ASEReadCounter.table","NW_015090842.1:10095130",0,4,4
"LOC106888185","s1650_F_LS_02_ASEReadCounter.table","NW_015090842.1:10095265",10,15,5
"LOC106888185","s1650_F_LS_02_ASEReadCounter.table","NW_015090842.1:10095586",6,11,5
"LOC106888185","s1650_F_LS_02_ASEReadCounter.table","NW_015090842.1:10095593",8,13,5
"LOC106888185","s1650_F_LS_02_ASEReadCounter.table","NW_015090842.1:10095616",9,12,3
"LOC106888185","s1650_F_LS_02_ASEReadCounter.table","NW_015090842.1:10095662",5,6,1
"LOC106888185","s1650_F_LS_02_ASEReadCounter.table","NW_015090842.1:10095674",4,5,1
"LOC106888185","s1650_F_LS_02_ASEReadCounter.table","NW_015090842.1:10095786",3,6,3
"LOC106888185","s1650_F_LS_02_ASEReadCounter.table","NW_015090842.1:10095831",6,10,4
"LOC106888185","s1650_F_LS_02_ASEReadCounter.table","NW_015090842.1:10096230",4,9,5
"LOC106888185","s1650_F_LS_02_ASEReadCounter.table","NW_015090842.1:10096249",5,10,5
"LOC106888185","s1650_F_LS_02_ASEReadCounter.table","NW_015090842.1:10096272",3,8,5
"LOC106888185","s1650_F_LS_02_ASEReadCounter.table","NW_015090842.1:10096288",4,10,6
"LOC106888185","s1650_F_LS_02_ASEReadCounter.table","NW_015090842.1:10097248",3,9,6
"LOC106888185","s1650_F_LS_02_ASEReadCounter.table","NW_015090842.1:10097265",3,9,6
"DPEP1","s1650_F_LS_02_ASEReadCounter.table","NW_015090842.1:10098595",0,1,1
"DPEP1","s1650_F_LS_02_ASEReadCounter.table","NW_015090842.1:10098597",0,1,1
"DPEP1","s1650_F_LS_02_ASEReadCounter.table","NW_015090842.1:10098601",0,1,1
"DPEP1","s1650_F_LS_02_ASEReadCounter.table","NW_015090842.1:10098608",0,2,2
"DPEP1","s1650_F_LS_02_ASEReadCounter.table","NW_015090842.1:10098630",0,2,2
"DPEP1","s1650_F_LS_02_ASEReadCounter.table","NW_015090842.1:10098659",0,2,2
"DPEP1","s1650_F_LS_02_ASEReadCounter.table","NW_015090842.1:10099765",0,2,2
"DPEP1","s1650_F_LS_02_ASEReadCounter.table","NW_015090842.1:10099985",0,1,1
"DPEP1","s1650_F_LS_02_ASEReadCounter.table","NW_015090842.1:10099986",0,1,1
"DPEP1","s1650_F_LS_02_ASEReadCounter.table","NW_015090842.1:10099991",0,1,1
"DPEP1","s1650_F_LS_02_ASEReadCounter.table","NW_015090842.1:10100044",1,4,3
"DPEP1","s1650_F_LS_02_ASEReadCounter.table","NW_015090842.1:10100045",1,4,3
"DPEP1","s1650_F_LS_02_ASEReadCounter.table","NW_015090842.1:10100084",1,4,3
"DPEP1","s1650_F_LS_02_ASEReadCounter.table","NW_015090842.1:10100295",0,2,2
"DPEP1","s1650_F_LS_02_ASEReadCounter.table","NW_015090842.1:10100893",1,2,1
"DPEP1","s1650_F_LS_02_ASEReadCounter.table","NW_015090842.1:10100902",1,3,2
"DPEP1","s1650_F_LS_02_ASEReadCounter.table","NW_015090842.1:10101072",1,3,2
"DPEP1","s1650_F_LS_02_ASEReadCounter.table","NW_015090842.1:10101199",1,3,2
"DPEP1","s1650_F_LS_02_ASEReadCounter.table","NW_015090842.1:10101483",0,1,1
"DPEP1","s1650_F_LS_02_ASEReadCounter.table","NW_015090842.1:10101497",0,3,3
"DPEP1","s1650_F_LS_02_ASEReadCounter.table","NW_015090842.1:10101525",0,3,3
"DPEP1","s1650_F_LS_02_ASEReadCounter.table","NW_015090842.1:10101875",0,5,5
"DPEP1","s1650_F_LS_02_ASEReadCounter.table","NW_015090842.1:10101913",0,3,3
"DPEP1","s1650_F_LS_02_ASEReadCounter.table","NW_015090842.1:10101996",0,5,5
"DPEP1","s1650_F_LS_02_ASEReadCounter.table","NW_015090842.1:10102014",0,5,5
"DPEP1","s1650_F_LS_02_ASEReadCounter.table","NW_015090842.1:10102035",0,4,4
"CHMP1A","s1650_F_LS_02_ASEReadCounter.table","NW_015090842.1:10102901",118,285,167
"CHMP1A","s1650_F_LS_02_ASEReadCounter.table","NW_015090842.1:10102961",92,265,173
"CHMP1A","s1650_F_LS_02_ASEReadCounter.table","NW_015090842.1:10102996",75,254,179
"CHMP1A","s1650_F_LS_02_ASEReadCounter.table","NW_015090842.1:10103004",86,262,176
"CHMP1A","s1650_F_LS_02_ASEReadCounter.table","NW_015090842.1:10103006",86,265,179
"CHMP1A","s1650_F_LS_02_ASEReadCounter.table","NW_015090842.1:10103052",147,340,193
"CHMP1A","s1650_F_LS_02_ASEReadCounter.table","NW_015090842.1:10103095",145,327,182
"CHMP1A","s1650_F_LS_02_ASEReadCounter.table","NW_015090842.1:10103096",146,328,182
"CHMP1A","s1650_F_LS_02_ASEReadCounter.table","NW_015090842.1:10103152",106,214,108
"CHMP1A","s1650_F_LS_02_ASEReadCounter.table","NW_015090842.1:10103173",117,226,109
"CHMP1A","s1650_F_LS_02_ASEReadCounter.table","NW_015090842.1:10103334",62,154,92
"CHMP1A","s1650_F_LS_02_ASEReadCounter.table","NW_015090842.1:10103373",38,130,92
"CHMP1A","s1650_F_LS_02_ASEReadCounter.table","NW_015090842.1:10103408",62,150,88
"CHMP1A","s1650_F_LS_02_ASEReadCounter.table","NW_015090842.1:10103412",73,156,83
"CHMP1A","s1650_F_LS_02_ASEReadCounter.table","NW_015090842.1:10103512",95,199,104
"CHMP1A","s1650_F_LS_02_ASEReadCounter.table","NW_015090842.1:10103513",97,199,102
"CHMP1A","s1650_F_LS_02_ASEReadCounter.table","NW_015090842.1:10103583",67,134,67
"CHMP1A","s1650_F_LS_02_ASEReadCounter.table","NW_015090842.1:10103614",66,130,64
"CHMP1A","s1650_F_LS_02_ASEReadCounter.table","NW_015090842.1:10103657",69,137,68
"CHMP1A","s1650_F_LS_02_ASEReadCounter.table","NW_015090842.1:10103669",58,128,70
"CHMP1A","s1650_F_LS_02_ASEReadCounter.table","NW_015090842.1:10103674",57,123,66
"CHMP1A","s1650_F_LS_02_ASEReadCounter.table","NW_015090842.1:10103677",55,119,64
"CHMP1A","s1650_F_LS_02_ASEReadCounter.table","NW_015090842.1:10103729",63,119,56
"CHMP1A","s1650_F_LS_02_ASEReadCounter.table","NW_015090842.1:10103758",52,101,49
"CHMP1A","s1650_F_LS_02_ASEReadCounter.table","NW_015090842.1:10103761",53,107,54
"CHMP1A","s1650_F_LS_02_ASEReadCounter.table","NW_015090842.1:10103788",60,134,74
"CHMP1A","s1650_F_LS_02_ASEReadCounter.table","NW_015090842.1:10103789",59,134,75
"CHMP1A","s1650_F_LS_02_ASEReadCounter.table","NW_015090842.1:10103790",58,134,76
"CHMP1A","s1650_F_LS_02_ASEReadCounter.table","NW_015090842.1:10103950",58,110,52
"CHMP1A","s1650_F_LS_02_ASEReadCounter.table","NW_015090842.1:10104335",33,68,35
"CHMP1A","s1650_F_LS_02_ASEReadCounter.table","NW_015090842.1:10104429",52,102,50
"CHMP1A","s1650_F_LS_02_ASEReadCounter.table","NW_015090842.1:10104532",51,105,54
"CHMP1A","s1650_F_LS_02_ASEReadCounter.table","NW_015090842.1:10104633",34,71,37
"CHMP1A","s1650_F_LS_02_ASEReadCounter.table","NW_015090842.1:10104759",31,64,33
"CHMP1A","s1650_F_LS_02_ASEReadCounter.table","NW_015090842.1:10104794",37,67,30
"CHMP1A","s1650_F_LS_02_ASEReadCounter.table","NW_015090842.1:10104841",50,50,0
"CHMP1A","s1650_F_LS_02_ASEReadCounter.table","NW_015090842.1:10104844",19,50,31
"CHMP1A","s1650_F_LS_02_ASEReadCounter.table","NW_015090842.1:10106242",32,65,33
"CHMP1A","s1650_F_LS_02_ASEReadCounter.table","NW_015090842.1:10106290",31,54,23
"CHMP1A","s1650_F_LS_02_ASEReadCounter.table","NW_015090842.1:10106335",30,55,25
"CHMP1A","s1650_F_LS_02_ASEReadCounter.table","NW_015090842.1:10106383",38,82,44
"CHMP1A","s1650_F_LS_02_ASEReadCounter.table","NW_015090842.1:10106747",32,64,32
"CHMP1A","s1650_F_LS_02_ASEReadCounter.table","NW_015090842.1:10107404",29,67,38
"CHMP1A","s1650_F_LS_02_ASEReadCounter.table","NW_015090842.1:10107876",26,57,31
"CDK10","s1650_F_LS_02_ASEReadCounter.table","NW_015090842.1:10109030",6,8,2
"CDK10","s1650_F_LS_02_ASEReadCounter.table","NW_015090842.1:10109963",26,78,52
"CDK10","s1650_F_LS_02_ASEReadCounter.table","NW_015090842.1:10110887",23,58,35
"CDK10","s1650_F_LS_02_ASEReadCounter.table","NW_015090842.1:10111254",30,67,37
"CDK10","s1650_F_LS_02_ASEReadCounter.table","NW_015090842.1:10111380",31,88,57
"CDK10","s1650_F_LS_02_ASEReadCounter.table","NW_015090842.1:10111395",31,88,57
"CDK10","s1650_F_LS_02_ASEReadCounter.table","NW_015090842.1:10111437",12,70,58
"CDK10","s1650_F_LS_02_ASEReadCounter.table","NW_015090842.1:10111798",26,104,78
"CDK10","s1650_F_LS_02_ASEReadCounter.table","NW_015090842.1:10111840",32,99,67
"CDK10","s1650_F_LS_02_ASEReadCounter.table","NW_015090842.1:10112031",44,149,105
"CDK10","s1650_F_LS_02_ASEReadCounter.table","NW_015090842.1:10112285",61,169,108
"CDK10","s1650_F_LS_02_ASEReadCounter.table","NW_015090842.1:10112398",71,181,110
"CDK10","s1650_F_LS_02_ASEReadCounter.table","NW_015090842.1:10112455",55,167,112
"CDK10","s1650_F_LS_02_ASEReadCounter.table","NW_015090842.1:10112461",47,153,106
"CDK10","s1650_F_LS_02_ASEReadCounter.table","NW_015090842.1:10112497",47,149,102
"CDK10","s1650_F_LS_02_ASEReadCounter.table","NW_015090842.1:10112508",44,156,112
"CDK10","s1650_F_LS_02_ASEReadCounter.table","NW_015090842.1:10112518",35,141,106
"CDK10","s1650_F_LS_02_ASEReadCounter.table","NW_015090842.1:10112540",16,134,118
"CDK10","s1650_F_LS_02_ASEReadCounter.table","NW_015090842.1:10112556",44,149,105
"CDK10","s1650_F_LS_02_ASEReadCounter.table","NW_015090842.1:10112561",51,175,124
"CDK10","s1650_F_LS_02_ASEReadCounter.table","NW_015090842.1:10112596",69,196,127
"CDK10","s1650_F_LS_02_ASEReadCounter.table","NW_015090842.1:10112630",60,160,100
"CDK10","s1650_F_LS_02_ASEReadCounter.table","NW_015090842.1:10112656",64,177,113
"CDK10","s1650_F_LS_02_ASEReadCounter.table","NW_015090842.1:10112665",47,136,89
"CDK10","s1650_F_LS_02_ASEReadCounter.table","NW_015090842.1:10112668",44,130,86
"CDK10","s1650_F_LS_02_ASEReadCounter.table","NW_015090842.1:10112781",31,71,40
"CDK10","s1650_F_LS_02_ASEReadCounter.table","NW_015090842.1:10112782",31,71,40
"CDK10","s1650_F_LS_02_ASEReadCounter.table","NW_015090842.1:10112795",27,67,40
"CDK10","s1650_F_LS_02_ASEReadCounter.table","NW_015090842.1:10112841",12,33,21
"CDK10","s1650_F_LS_02_ASEReadCounter.table","NW_015090842.1:10112861",9,26,17
"SPATA2L","s1650_F_LS_02_ASEReadCounter.table","NW_015090842.1:10113212",31,88,57
"SPATA2L","s1650_F_LS_02_ASEReadCounter.table","NW_015090842.1:10113280",50,133,83
"SPATA2L","s1650_F_LS_02_ASEReadCounter.table","NW_015090842.1:10113296",57,143,86
"SPATA2L","s1650_F_LS_02_ASEReadCounter.table","NW_015090842.1:10113321",61,140,79
"SPATA2L","s1650_F_LS_02_ASEReadCounter.table","NW_015090842.1:10113332",66,161,95
"SPATA2L","s1650_F_LS_02_ASEReadCounter.table","NW_015090842.1:10113380",61,170,109
"SPATA2L","s1650_F_LS_02_ASEReadCounter.table","NW_015090842.1:10113381",60,171,111
"SPATA2L","s1650_F_LS_02_ASEReadCounter.table","NW_015090842.1:10113412",61,180,119
"SPATA2L","s1650_F_LS_02_ASEReadCounter.table","NW_015090842.1:10113421",64,187,123
"SPATA2L","s1650_F_LS_02_ASEReadCounter.table","NW_015090842.1:10113465",79,179,100
"SPATA2L","s1650_F_LS_02_ASEReadCounter.table","NW_015090842.1:10113535",100,188,88
"SPATA2L","s1650_F_LS_02_ASEReadCounter.table","NW_015090842.1:10113645",83,211,128
"SPATA2L","s1650_F_LS_02_ASEReadCounter.table","NW_015090842.1:10113682",108,248,140
"SPATA2L","s1650_F_LS_02_ASEReadCounter.table","NW_015090842.1:10113696",108,244,136
"SPATA2L","s1650_F_LS_02_ASEReadCounter.table","NW_015090842.1:10113727",121,253,132
"SPATA2L","s1650_F_LS_02_ASEReadCounter.table","NW_015090842.1:10113799",107,221,114
"SPATA2L","s1650_F_LS_02_ASEReadCounter.table","NW_015090842.1:10113809",112,234,122
"SPATA2L","s1650_F_LS_02_ASEReadCounter.table","NW_015090842.1:10113827",112,231,119
"SPATA2L","s1650_F_LS_02_ASEReadCounter.table","NW_015090842.1:10113831",109,226,117
"SPATA2L","s1650_F_LS_02_ASEReadCounter.table","NW_015090842.1:10113894",94,205,111
"SPATA2L","s1650_F_LS_02_ASEReadCounter.table","NW_015090842.1:10113905",77,184,107
"SPATA2L","s1650_F_LS_02_ASEReadCounter.table","NW_015090842.1:10113914",80,184,104
"SPATA2L","s1650_F_LS_02_ASEReadCounter.table","NW_015090842.1:10113920",89,191,102
"SPATA2L","s1650_F_LS_02_ASEReadCounter.table","NW_015090842.1:10113937",106,215,109
"SPATA2L","s1650_F_LS_02_ASEReadCounter.table","NW_015090842.1:10113971",80,180,100
"SPATA2L","s1650_F_LS_02_ASEReadCounter.table","NW_015090842.1:10113976",62,175,113
"SPATA2L","s1650_F_LS_02_ASEReadCounter.table","NW_015090842.1:10113985",69,159,90
"SPATA2L","s1650_F_LS_02_ASEReadCounter.table","NW_015090842.1:10113994",82,183,101
"SPATA2L","s1650_F_LS_02_ASEReadCounter.table","NW_015090842.1:10114063",69,168,99
"SPATA2L","s1650_F_LS_02_ASEReadCounter.table","NW_015090842.1:10114066",65,164,99
"SPATA2L","s1650_F_LS_02_ASEReadCounter.table","NW_015090842.1:10114069",69,167,98
"SPATA2L","s1650_F_LS_02_ASEReadCounter.table","NW_015090842.1:10114121",55,114,59
"SPATA2L","s1650_F_LS_02_ASEReadCounter.table","NW_015090842.1:10114159",50,112,62
"SPATA2L","s1650_F_LS_02_ASEReadCounter.table","NW_015090842.1:10114282",42,116,74
"SPATA2L","s1650_F_LS_02_ASEReadCounter.table","NW_015090842.1:10114470",56,110,54
"SPATA2L","s1650_F_LS_02_ASEReadCounter.table","NW_015090842.1:10114524",37,89,52
"VPS9D1","s1650_F_LS_02_ASEReadCounter.table","NW_015090842.1:10116377",29,83,54
"VPS9D1","s1650_F_LS_02_ASEReadCounter.table","NW_015090842.1:10116415",37,95,58
"VPS9D1","s1650_F_LS_02_ASEReadCounter.table","NW_015090842.1:10116607",30,88,58
"VPS9D1","s1650_F_LS_02_ASEReadCounter.table","NW_015090842.1:10116816",59,59,0
"VPS9D1","s1650_F_LS_02_ASEReadCounter.table","NW_015090842.1:10116821",31,63,32
"VPS9D1","s1650_F_LS_02_ASEReadCounter.table","NW_015090842.1:10116825",31,60,29
"VPS9D1","s1650_F_LS_02_ASEReadCounter.table","NW_015090842.1:10116882",23,65,42
"VPS9D1","s1650_F_LS_02_ASEReadCounter.table","NW_015090842.1:10116885",23,64,41
"VPS9D1","s1650_F_LS_02_ASEReadCounter.table","NW_015090842.1:10116933",26,58,32
"VPS9D1","s1650_F_LS_02_ASEReadCounter.table","NW_015090842.1:10116942",25,57,32
"VPS9D1","s1650_F_LS_02_ASEReadCounter.table","NW_015090842.1:10117152",29,61,32
"VPS9D1","s1650_F_LS_02_ASEReadCounter.table","NW_015090842.1:10117396",47,47,0
"VPS9D1","s1650_F_LS_02_ASEReadCounter.table","NW_015090842.1:10117405",35,35,0
"VPS9D1","s1650_F_LS_02_ASEReadCounter.table","NW_015090842.1:10117480",13,34,21
"VPS9D1","s1650_F_LS_02_ASEReadCounter.table","NW_015090842.1:10117497",13,30,17
"VPS9D1","s1650_F_LS_02_ASEReadCounter.table","NW_015090842.1:10117499",13,31,18
"VPS9D1","s1650_F_LS_02_ASEReadCounter.table","NW_015090842.1:10117516",14,35,21
"VPS9D1","s1650_F_LS_02_ASEReadCounter.table","NW_015090842.1:10117525",15,34,19
"VPS9D1","s1650_F_LS_02_ASEReadCounter.table","NW_015090842.1:10117579",15,37,22
"VPS9D1","s1650_F_LS_02_ASEReadCounter.table","NW_015090842.1:10117627",17,40,23
"VPS9D1","s1650_F_LS_02_ASEReadCounter.table","NW_015090842.1:10117678",9,39,30
"VPS9D1","s1650_F_LS_02_ASEReadCounter.table","NW_015090842.1:10117773",18,44,26
"VPS9D1","s1650_F_LS_02_ASEReadCounter.table","NW_015090842.1:10117937",22,40,18
"VPS9D1","s1650_F_LS_02_ASEReadCounter.table","NW_015090842.1:10117961",26,43,17
"VPS9D1","s1650_F_LS_02_ASEReadCounter.table","NW_015090842.1:10118236",23,52,29
"VPS9D1","s1650_F_LS_02_ASEReadCounter.table","NW_015090842.1:10118414",25,60,35
"VPS9D1","s1650_F_LS_02_ASEReadCounter.table","NW_015090842.1:10118973",24,50,26
"VPS9D1","s1650_F_LS_02_ASEReadCounter.table","NW_015090842.1:10119500",14,44,30
"ZNF276","s1650_F_LS_02_ASEReadCounter.table","NW_015090842.1:10121760",2,6,4
"ZNF276","s1650_F_LS_02_ASEReadCounter.table","NW_015090842.1:10121769",2,6,4
"ZNF276","s1650_F_LS_02_ASEReadCounter.table","NW_015090842.1:10121802",4,8,4
"ZNF276","s1650_F_LS_02_ASEReadCounter.table","NW_015090842.1:10121971",5,12,7
"ZNF276","s1650_F_LS_02_ASEReadCounter.table","NW_015090842.1:10122883",4,8,4
"ZNF276","s1650_F_LS_02_ASEReadCounter.table","NW_015090842.1:10123069",2,9,7
"ZNF276","s1650_F_LS_02_ASEReadCounter.table","NW_015090842.1:10123207",14,31,17
"ZNF276","s1650_F_LS_02_ASEReadCounter.table","NW_015090842.1:10125787",17,37,20
"ZNF276","s1650_F_LS_02_ASEReadCounter.table","NW_015090842.1:10126309",19,35,16
"ZNF276","s1650_F_LS_02_ASEReadCounter.table","NW_015090842.1:10126348",19,35,16
"ZNF276","s1650_F_LS_02_ASEReadCounter.table","NW_015090842.1:10126978",27,49,22
"ZNF276","s1650_F_LS_02_ASEReadCounter.table","NW_015090842.1:10126991",22,42,20
"ZNF276","s1650_F_LS_02_ASEReadCounter.table","NW_015090842.1:10127023",30,51,21
"ZNF276","s1650_F_LS_02_ASEReadCounter.table","NW_015090842.1:10127063",25,47,22
"ZNF276","s1650_F_LS_02_ASEReadCounter.table","NW_015090842.1:10127373",22,41,19
"ZNF276","s1650_F_LS_02_ASEReadCounter.table","NW_015090842.1:10127931",28,56,28
"ZNF276","s1650_F_LS_02_ASEReadCounter.table","NW_015090842.1:10128070",34,67,33
"ZNF276","s1650_F_LS_02_ASEReadCounter.table","NW_015090842.1:10128102",36,67,31
"ZNF276","s1650_F_LS_02_ASEReadCounter.table","NW_015090842.1:10128356",42,93,51
"ZNF276","s1650_F_LS_02_ASEReadCounter.table","NW_015090842.1:10128497",25,47,22
"FANCA","s1650_F_LS_02_ASEReadCounter.table","NW_015090842.1:10128743",1,6,5
"FANCA","s1650_F_LS_02_ASEReadCounter.table","NW_015090842.1:10128822",0,3,3
"FANCA","s1650_F_LS_02_ASEReadCounter.table","NW_015090842.1:10129383",0,1,1
"FANCA","s1650_F_LS_02_ASEReadCounter.table","NW_015090842.1:10129390",0,2,2
"FANCA","s1650_F_LS_02_ASEReadCounter.table","NW_015090842.1:10129422",1,3,2
"FANCA","s1650_F_LS_02_ASEReadCounter.table","NW_015090842.1:10129969",1,1,0
"FANCA","s1650_F_LS_02_ASEReadCounter.table","NW_015090842.1:10133601",0,1,1
"FANCA","s1650_F_LS_02_ASEReadCounter.table","NW_015090842.1:10136957",0,3,3
"FANCA","s1650_F_LS_02_ASEReadCounter.table","NW_015090842.1:10136982",0,4,4
"FANCA","s1650_F_LS_02_ASEReadCounter.table","NW_015090842.1:10136999",0,3,3
"FANCA","s1650_F_LS_02_ASEReadCounter.table","NW_015090842.1:10137019",0,3,3
"FANCA","s1650_F_LS_02_ASEReadCounter.table","NW_015090842.1:10137673",1,1,0
"FANCA","s1650_F_LS_02_ASEReadCounter.table","NW_015090842.1:10138618",0,1,1
"FANCA","s1650_F_LS_02_ASEReadCounter.table","NW_015090842.1:10139140",0,1,1
"FANCA","s1650_F_LS_02_ASEReadCounter.table","NW_015090842.1:10152863",1,1,0
"SPIRE2","s1650_F_LS_02_ASEReadCounter.table","NW_015090842.1:10172284",12,21,9
"SPIRE2","s1650_F_LS_02_ASEReadCounter.table","NW_015090842.1:10175262",15,28,13
"SPIRE2","s1650_F_LS_02_ASEReadCounter.table","NW_015090842.1:10175352",13,19,6
"SPIRE2","s1650_F_LS_02_ASEReadCounter.table","NW_015090842.1:10175400",43,77,34
"SPIRE2","s1650_F_LS_02_ASEReadCounter.table","NW_015090842.1:10175418",48,84,36
"SPIRE2","s1650_F_LS_02_ASEReadCounter.table","NW_015090842.1:10175704",42,84,42
"SPIRE2","s1650_F_LS_02_ASEReadCounter.table","NW_015090842.1:10176115",53,102,49
"SPIRE2","s1650_F_LS_02_ASEReadCounter.table","NW_015090842.1:10176561",64,147,83
"SPIRE2","s1650_F_LS_02_ASEReadCounter.table","NW_015090842.1:10176817",88,158,70
"SPIRE2","s1650_F_LS_02_ASEReadCounter.table","NW_015090842.1:10177084",50,110,60
"SPIRE2","s1650_F_LS_02_ASEReadCounter.table","NW_015090842.1:10177110",62,117,55
"SPIRE2","s1650_F_LS_02_ASEReadCounter.table","NW_015090842.1:10177838",76,170,94
"SPIRE2","s1650_F_LS_02_ASEReadCounter.table","NW_015090842.1:10178000",91,202,111
"SPIRE2","s1650_F_LS_02_ASEReadCounter.table","NW_015090842.1:10178164",111,232,121
"SPIRE2","s1650_F_LS_02_ASEReadCounter.table","NW_015090842.1:10178216",138,271,133
"SPIRE2","s1650_F_LS_02_ASEReadCounter.table","NW_015090842.1:10178403",146,289,143
"SPIRE2","s1650_F_LS_02_ASEReadCounter.table","NW_015090842.1:10178409",137,276,139
"SPIRE2","s1650_F_LS_02_ASEReadCounter.table","NW_015090842.1:10178524",153,291,138
"SPIRE2","s1650_F_LS_02_ASEReadCounter.table","NW_015090842.1:10178526",153,294,141
"SPIRE2","s1650_F_LS_02_ASEReadCounter.table","NW_015090842.1:10178531",149,287,138
"SPIRE2","s1650_F_LS_02_ASEReadCounter.table","NW_015090842.1:10178565",140,282,142
"SPIRE2","s1650_F_LS_02_ASEReadCounter.table","NW_015090842.1:10178587",119,242,123
"SPIRE2","s1650_F_LS_02_ASEReadCounter.table","NW_015090842.1:10178640",100,208,108
"SPIRE2","s1650_F_LS_02_ASEReadCounter.table","NW_015090842.1:10178651",110,227,117
"SPIRE2","s1650_F_LS_02_ASEReadCounter.table","NW_015090842.1:10178682",104,198,94
"TCF25","s1650_F_LS_02_ASEReadCounter.table","NW_015090842.1:10180912",42,77,35
"TCF25","s1650_F_LS_02_ASEReadCounter.table","NW_015090842.1:10180924",47,84,37
"TCF25","s1650_F_LS_02_ASEReadCounter.table","NW_015090842.1:10180931",49,87,38
"TCF25","s1650_F_LS_02_ASEReadCounter.table","NW_015090842.1:10185332",129,229,100
"TCF25","s1650_F_LS_02_ASEReadCounter.table","NW_015090842.1:10188816",72,128,56
"DBNDD1","s1650_F_LS_02_ASEReadCounter.table","NW_015090842.1:10223105",76,162,86
"GAS8","s1650_F_LS_02_ASEReadCounter.table","NW_015090842.1:10228982",19,45,26
"GAS8","s1650_F_LS_02_ASEReadCounter.table","NW_015090842.1:10229832",25,50,25
"GAS8","s1650_F_LS_02_ASEReadCounter.table","NW_015090842.1:10232375",27,63,36
"GAS8","s1650_F_LS_02_ASEReadCounter.table","NW_015090842.1:10232901",33,76,43
"GAS8","s1650_F_LS_02_ASEReadCounter.table","NW_015090842.1:10232928",31,75,44
"GAS8","s1650_F_LS_02_ASEReadCounter.table","NW_015090842.1:10232967",33,76,43
"GAS8","s1650_F_LS_02_ASEReadCounter.table","NW_015090842.1:10233032",26,70,44
"GAS8","s1650_F_LS_02_ASEReadCounter.table","NW_015090842.1:10233057",20,53,33
"GAS8","s1650_F_LS_02_ASEReadCounter.table","NW_015090842.1:10233058",20,52,32
"GAS8","s1650_F_LS_02_ASEReadCounter.table","NW_015090842.1:10233176",21,45,24
"GAS8","s1650_F_LS_02_ASEReadCounter.table","NW_015090842.1:10233196",24,47,23
"GAS8","s1650_F_LS_02_ASEReadCounter.table","NW_015090842.1:10233252",28,49,21
"GAS8","s1650_F_LS_02_ASEReadCounter.table","NW_015090842.1:10233303",10,19,9
"LOC106888094","s1650_F_LS_02_ASEReadCounter.table","NW_015090842.1:10233334",1,13,12
"LOC106888094","s1650_F_LS_02_ASEReadCounter.table","NW_015090842.1:10233362",3,19,16
"LOC106888094","s1650_F_LS_02_ASEReadCounter.table","NW_015090842.1:10233373",3,22,19
"LOC106888094","s1650_F_LS_02_ASEReadCounter.table","NW_015090842.1:10233388",2,18,16
"LOC106888094","s1650_F_LS_02_ASEReadCounter.table","NW_015090842.1:10233402",2,16,14
"LOC106888094","s1650_F_LS_02_ASEReadCounter.table","NW_015090842.1:10233465",8,19,11
"LOC106888094","s1650_F_LS_02_ASEReadCounter.table","NW_015090842.1:10233803",13,38,25
"LOC106888094","s1650_F_LS_02_ASEReadCounter.table","NW_015090842.1:10233815",10,34,24
"LOC106888094","s1650_F_LS_02_ASEReadCounter.table","NW_015090842.1:10235484",5,7,2
"LOC106888094","s1650_F_LS_02_ASEReadCounter.table","NW_015090842.1:10235611",1,5,4
"LOC106888094","s1650_F_LS_02_ASEReadCounter.table","NW_015090842.1:10236098",2,3,1
"LOC106888094","s1650_F_LS_02_ASEReadCounter.table","NW_015090842.1:10236161",1,1,0
"LOC106888094","s1650_F_LS_02_ASEReadCounter.table","NW_015090842.1:10236425",1,1,0
"LOC106888094","s1650_F_LS_02_ASEReadCounter.table","NW_015090842.1:10236426",1,1,0
"LOC106888094","s1650_F_LS_02_ASEReadCounter.table","NW_015090842.1:10236603",1,1,0
"LOC106888173","s1650_F_LS_02_ASEReadCounter.table","NW_015090842.1:10239596",0,4,4
"LOC106888173","s1650_F_LS_02_ASEReadCounter.table","NW_015090842.1:10240036",1,8,7
"LOC106888173","s1650_F_LS_02_ASEReadCounter.table","NW_015090842.1:10240095",2,16,14
"LOC106888173","s1650_F_LS_02_ASEReadCounter.table","NW_015090842.1:10240280",1,14,13
"LOC106888173","s1650_F_LS_02_ASEReadCounter.table","NW_015090842.1:10240557",0,23,23
"LOC106888173","s1650_F_LS_02_ASEReadCounter.table","NW_015090842.1:10240603",1,26,25
"LOC106888173","s1650_F_LS_02_ASEReadCounter.table","NW_015090842.1:10240609",1,26,25
"LOC106888173","s1650_F_LS_02_ASEReadCounter.table","NW_015090842.1:10240690",3,32,29
"LOC106888173","s1650_F_LS_02_ASEReadCounter.table","NW_015090842.1:10240924",2,25,23
"LOC106888173","s1650_F_LS_02_ASEReadCounter.table","NW_015090842.1:10241037",4,26,22
"LOC106888173","s1650_F_LS_02_ASEReadCounter.table","NW_015090842.1:10241046",4,27,23
"LOC106888173","s1650_F_LS_02_ASEReadCounter.table","NW_015090842.1:10241058",5,33,28
"LOC106888173","s1650_F_LS_02_ASEReadCounter.table","NW_015090842.1:10241064",5,33,28
"LOC106888173","s1650_F_LS_02_ASEReadCounter.table","NW_015090842.1:10241103",38,38,0
"LOC106888173","s1650_F_LS_02_ASEReadCounter.table","NW_015090842.1:10241163",2,35,33
"LOC106888173","s1650_F_LS_02_ASEReadCounter.table","NW_015090842.1:10241803",1,31,30
"LOC106888173","s1650_F_LS_02_ASEReadCounter.table","NW_015090842.1:10241827",1,30,29
"LOC106888173","s1650_F_LS_02_ASEReadCounter.table","NW_015090842.1:10241869",1,23,22
"LOC106888173","s1650_F_LS_02_ASEReadCounter.table","NW_015090842.1:10242079",0,28,28
"LOC106888173","s1650_F_LS_02_ASEReadCounter.table","NW_015090842.1:10242103",0,33,33
"LOC106888173","s1650_F_LS_02_ASEReadCounter.table","NW_015090842.1:10242157",4,47,43
"LOC106888173","s1650_F_LS_02_ASEReadCounter.table","NW_015090842.1:10242455",5,41,36
"LOC106888173","s1650_F_LS_02_ASEReadCounter.table","NW_015090842.1:10242481",6,44,38
"LOC106888173","s1650_F_LS_02_ASEReadCounter.table","NW_015090842.1:10242590",4,33,29
"LOC106888173","s1650_F_LS_02_ASEReadCounter.table","NW_015090842.1:10242794",6,54,48
"LOC106888173","s1650_F_LS_02_ASEReadCounter.table","NW_015090842.1:10242909",3,33,30
"LOC106888173","s1650_F_LS_02_ASEReadCounter.table","NW_015090842.1:10243094",4,44,40
"LOC106888173","s1650_F_LS_02_ASEReadCounter.table","NW_015090842.1:10243133",5,36,31
"LOC106888173","s1650_F_LS_02_ASEReadCounter.table","NW_015090842.1:10243273",11,65,54
"LOC106888173","s1650_F_LS_02_ASEReadCounter.table","NW_015090842.1:10243278",11,62,51
"LOC106888173","s1650_F_LS_02_ASEReadCounter.table","NW_015090842.1:10243281",12,63,51
"LOC106888173","s1650_F_LS_02_ASEReadCounter.table","NW_015090842.1:10243347",35,35,0
"LOC106888173","s1650_F_LS_02_ASEReadCounter.table","NW_015090842.1:10243353",10,30,20
"LOC106888173","s1650_F_LS_02_ASEReadCounter.table","NW_015090842.1:10243363",9,26,17
"LOC106888173","s1650_F_LS_02_ASEReadCounter.table","NW_015090842.1:10243365",9,27,18
"LOC106888173","s1650_F_LS_02_ASEReadCounter.table","NW_015090842.1:10243566",8,86,78
"LOC106888173","s1650_F_LS_02_ASEReadCounter.table","NW_015090842.1:10243605",7,88,81
"LOC106888173","s1650_F_LS_02_ASEReadCounter.table","NW_015090842.1:10243614",6,87,81
"LOC106888173","s1650_F_LS_02_ASEReadCounter.table","NW_015090842.1:10243615",6,87,81
"LOC106888173","s1650_F_LS_02_ASEReadCounter.table","NW_015090842.1:10243640",7,89,82
"LOC106888173","s1650_F_LS_02_ASEReadCounter.table","NW_015090842.1:10243680",9,80,71
"LOC106888173","s1650_F_LS_02_ASEReadCounter.table","NW_015090842.1:10243742",13,100,87
"LOC106888173","s1650_F_LS_02_ASEReadCounter.table","NW_015090842.1:10243804",8,60,52
"LOC106888173","s1650_F_LS_02_ASEReadCounter.table","NW_015090842.1:10243913",6,33,27
"LOC106888173","s1650_F_LS_02_ASEReadCounter.table","NW_015090842.1:10243921",4,32,28
"LOC106888384","s1650_F_LS_02_ASEReadCounter.table","NW_015090842.1:10254028",2,2,0
"LOC106888384","s1650_F_LS_02_ASEReadCounter.table","NW_015090842.1:10254227",1,1,0
"LOC106888384","s1650_F_LS_02_ASEReadCounter.table","NW_015090842.1:10254233",1,1,0
"LOC106888384","s1650_F_LS_02_ASEReadCounter.table","NW_015090842.1:10254263",2,2,0
"LOC106888384","s1650_F_LS_02_ASEReadCounter.table","NW_015090842.1:10254293",1,1,0
"LOC106888384","s1650_F_LS_02_ASEReadCounter.table","NW_015090842.1:10254570",1,1,0
"LOC106888384","s1650_F_LS_02_ASEReadCounter.table","NW_015090842.1:10254605",1,1,0
"LOC106888384","s1650_F_LS_02_ASEReadCounter.table","NW_015090842.1:10254608",1,1,0
"LOC106888384","s1650_F_LS_02_ASEReadCounter.table","NW_015090842.1:10254620",0,1,1
"LOC106888384","s1650_F_LS_02_ASEReadCounter.table","NW_015090842.1:10254624",0,1,1
"LOC106888384","s1650_F_LS_02_ASEReadCounter.table","NW_015090842.1:10254627",0,1,1
"LOC106888384","s1650_F_LS_02_ASEReadCounter.table","NW_015090842.1:10254647",1,1,0
"LOC106888384","s1650_F_LS_02_ASEReadCounter.table","NW_015090842.1:10254891",0,1,1
"LOC106888384","s1650_F_LS_02_ASEReadCounter.table","NW_015090842.1:10254915",1,1,0
"LOC106888384","s1650_F_LS_02_ASEReadCounter.table","NW_015090842.1:10254975",1,1,0
"LOC106888384","s1650_F_LS_02_ASEReadCounter.table","NW_015090842.1:10255077",1,1,0
"LOC106888384","s1650_F_LS_02_ASEReadCounter.table","NW_015090842.1:10255209",2,2,0
"LOC106888384","s1650_F_LS_02_ASEReadCounter.table","NW_015090842.1:10255211",2,2,0
"LOC106888384","s1650_F_LS_02_ASEReadCounter.table","NW_015090842.1:10255236",2,2,0
"LOC106888384","s1650_F_LS_02_ASEReadCounter.table","NW_015090842.1:10255262",2,2,0
"LOC106888384","s1650_F_LS_02_ASEReadCounter.table","NW_015090842.1:10255264",2,2,0
"LOC106888384","s1650_F_LS_02_ASEReadCounter.table","NW_015090842.1:10255306",0,1,1
"LOC106888384","s1650_F_LS_02_ASEReadCounter.table","NW_015090842.1:10255340",0,1,1
"LOC106888384","s1650_F_LS_02_ASEReadCounter.table","NW_015090842.1:10255410",0,1,1
"LOC106888384","s1650_F_LS_02_ASEReadCounter.table","NW_015090842.1:10255449",0,1,1
"LOC106888384","s1650_F_LS_02_ASEReadCounter.table","NW_015090842.1:10255608",2,2,0
"LOC106888384","s1650_F_LS_02_ASEReadCounter.table","NW_015090842.1:10255704",5,6,1
"LOC106888384","s1650_F_LS_02_ASEReadCounter.table","NW_015090842.1:10255731",5,6,1
"LOC106888384","s1650_F_LS_02_ASEReadCounter.table","NW_015090842.1:10255771",5,6,1
"TANGO6","s1650_F_LS_02_ASEReadCounter.table","NW_015090842.1:10257782",3,7,4
"TANGO6","s1650_F_LS_02_ASEReadCounter.table","NW_015090842.1:10258162",2,8,6
"TANGO6","s1650_F_LS_02_ASEReadCounter.table","NW_015090842.1:10258185",2,7,5
"TANGO6","s1650_F_LS_02_ASEReadCounter.table","NW_015090842.1:10259267",5,10,5
"TANGO6","s1650_F_LS_02_ASEReadCounter.table","NW_015090842.1:10260250",14,25,11
"TANGO6","s1650_F_LS_02_ASEReadCounter.table","NW_015090842.1:10260289",13,28,15
"TANGO6","s1650_F_LS_02_ASEReadCounter.table","NW_015090842.1:10260309",12,26,14
"TANGO6","s1650_F_LS_02_ASEReadCounter.table","NW_015090842.1:10260979",6,12,6
"TANGO6","s1650_F_LS_02_ASEReadCounter.table","NW_015090842.1:10261599",11,21,10
"TANGO6","s1650_F_LS_02_ASEReadCounter.table","NW_015090842.1:10268425",19,39,20
"TANGO6","s1650_F_LS_02_ASEReadCounter.table","NW_015090842.1:10269831",17,45,28
"TANGO6","s1650_F_LS_02_ASEReadCounter.table","NW_015090842.1:10270813",19,40,21
"TANGO6","s1650_F_LS_02_ASEReadCounter.table","NW_015090842.1:10274018",26,48,22
"TANGO6","s1650_F_LS_02_ASEReadCounter.table","NW_015090842.1:10275974",26,42,16
"TANGO6","s1650_F_LS_02_ASEReadCounter.table","NW_015090842.1:10275976",25,40,15
"TANGO6","s1650_F_LS_02_ASEReadCounter.table","NW_015090842.1:10276123",29,55,26
"TANGO6","s1650_F_LS_02_ASEReadCounter.table","NW_015090842.1:10276271",37,57,20
"TANGO6","s1650_F_LS_02_ASEReadCounter.table","NW_015090842.1:10276272",33,52,19
"TANGO6","s1650_F_LS_02_ASEReadCounter.table","NW_015090842.1:10276275",38,59,21
"TANGO6","s1650_F_LS_02_ASEReadCounter.table","NW_015090842.1:10276278",37,59,22
"TANGO6","s1650_F_LS_02_ASEReadCounter.table","NW_015090842.1:10276368",30,54,24
"TANGO6","s1650_F_LS_02_ASEReadCounter.table","NW_015090842.1:10276373",29,53,24
"TANGO6","s1650_F_LS_02_ASEReadCounter.table","NW_015090842.1:10276630",27,60,33
"TANGO6","s1650_F_LS_02_ASEReadCounter.table","NW_015090842.1:10281498",24,67,43
"TANGO6","s1650_F_LS_02_ASEReadCounter.table","NW_015090842.1:10281516",32,84,52
"TANGO6","s1650_F_LS_02_ASEReadCounter.table","NW_015090842.1:10282842",41,95,54
"TANGO6","s1650_F_LS_02_ASEReadCounter.table","NW_015090842.1:10282863",35,85,50
"TANGO6","s1650_F_LS_02_ASEReadCounter.table","NW_015090842.1:10282869",40,94,54
"TANGO6","s1650_F_LS_02_ASEReadCounter.table","NW_015090842.1:10282903",45,110,65
"TANGO6","s1650_F_LS_02_ASEReadCounter.table","NW_015090842.1:10283757",56,120,64
"TANGO6","s1650_F_LS_02_ASEReadCounter.table","NW_015090842.1:10283785",63,126,63
"HAS3","s1650_F_LS_02_ASEReadCounter.table","NW_015090842.1:10288266",0,3,3
"HAS3","s1650_F_LS_02_ASEReadCounter.table","NW_015090842.1:10288274",0,3,3
"HAS3","s1650_F_LS_02_ASEReadCounter.table","NW_015090842.1:10288364",0,1,1
"HAS3","s1650_F_LS_02_ASEReadCounter.table","NW_015090842.1:10289269",3,5,2
"HAS3","s1650_F_LS_02_ASEReadCounter.table","NW_015090842.1:10289272",3,5,2
"HAS3","s1650_F_LS_02_ASEReadCounter.table","NW_015090842.1:10289469",2,3,1
"HAS3","s1650_F_LS_02_ASEReadCounter.table","NW_015090842.1:10290375",1,2,1
"HAS3","s1650_F_LS_02_ASEReadCounter.table","NW_015090842.1:10290395",1,3,2
"HAS3","s1650_F_LS_02_ASEReadCounter.table","NW_015090842.1:10290439",0,3,3
"HAS3","s1650_F_LS_02_ASEReadCounter.table","NW_015090842.1:10290561",4,7,3
"HAS3","s1650_F_LS_02_ASEReadCounter.table","NW_015090842.1:10290609",4,9,5
"HAS3","s1650_F_LS_02_ASEReadCounter.table","NW_015090842.1:10290666",3,6,3
"HAS3","s1650_F_LS_02_ASEReadCounter.table","NW_015090842.1:10290723",4,8,4
"HAS3","s1650_F_LS_02_ASEReadCounter.table","NW_015090842.1:10290927",9,11,2
"HAS3","s1650_F_LS_02_ASEReadCounter.table","NW_015090842.1:10291004",7,14,7
"CHTF8","s1650_F_LS_02_ASEReadCounter.table","NW_015090842.1:10291319",7,10,3
"CHTF8","s1650_F_LS_02_ASEReadCounter.table","NW_015090842.1:10291491",20,31,11
"CHTF8","s1650_F_LS_02_ASEReadCounter.table","NW_015090842.1:10291520",21,39,18
"CHTF8","s1650_F_LS_02_ASEReadCounter.table","NW_015090842.1:10291593",28,44,16
"CHTF8","s1650_F_LS_02_ASEReadCounter.table","NW_015090842.1:10291600",24,39,15
"CHTF8","s1650_F_LS_02_ASEReadCounter.table","NW_015090842.1:10291609",25,38,13
"CHTF8","s1650_F_LS_02_ASEReadCounter.table","NW_015090842.1:10291639",25,40,15
"CHTF8","s1650_F_LS_02_ASEReadCounter.table","NW_015090842.1:10291641",23,38,15
"CHTF8","s1650_F_LS_02_ASEReadCounter.table","NW_015090842.1:10291648",31,49,18
"CHTF8","s1650_F_LS_02_ASEReadCounter.table","NW_015090842.1:10291656",29,47,18
"CHTF8","s1650_F_LS_02_ASEReadCounter.table","NW_015090842.1:10291675",25,46,21
"CHTF8","s1650_F_LS_02_ASEReadCounter.table","NW_015090842.1:10291696",23,42,19
"CHTF8","s1650_F_LS_02_ASEReadCounter.table","NW_015090842.1:10291714",21,36,15
"CHTF8","s1650_F_LS_02_ASEReadCounter.table","NW_015090842.1:10291732",14,32,18
"CHTF8","s1650_F_LS_02_ASEReadCounter.table","NW_015090842.1:10291755",9,22,13
"CHTF8","s1650_F_LS_02_ASEReadCounter.table","NW_015090842.1:10291756",9,21,12
"CHTF8","s1650_F_LS_02_ASEReadCounter.table","NW_015090842.1:10291758",9,23,14
"CHTF8","s1650_F_LS_02_ASEReadCounter.table","NW_015090842.1:10291792",16,33,17
"CHTF8","s1650_F_LS_02_ASEReadCounter.table","NW_015090842.1:10291895",10,21,11
"CHTF8","s1650_F_LS_02_ASEReadCounter.table","NW_015090842.1:10292132",15,24,9
"CHTF8","s1650_F_LS_02_ASEReadCounter.table","NW_015090842.1:10292314",13,26,13
"CHTF8","s1650_F_LS_02_ASEReadCounter.table","NW_015090842.1:10292317",13,29,16
"CHTF8","s1650_F_LS_02_ASEReadCounter.table","NW_015090842.1:10292928",4,7,3
"UTP4","s1650_F_LS_02_ASEReadCounter.table","NW_015090842.1:10293146",6,16,10
"UTP4","s1650_F_LS_02_ASEReadCounter.table","NW_015090842.1:10293151",6,16,10
"UTP4","s1650_F_LS_02_ASEReadCounter.table","NW_015090842.1:10293191",1,9,8
"UTP4","s1650_F_LS_02_ASEReadCounter.table","NW_015090842.1:10293362",6,20,14
"UTP4","s1650_F_LS_02_ASEReadCounter.table","NW_015090842.1:10293430",8,18,10
"UTP4","s1650_F_LS_02_ASEReadCounter.table","NW_015090842.1:10293625",6,16,10
"UTP4","s1650_F_LS_02_ASEReadCounter.table","NW_015090842.1:10293684",7,18,11
"UTP4","s1650_F_LS_02_ASEReadCounter.table","NW_015090842.1:10294093",7,15,8
"UTP4","s1650_F_LS_02_ASEReadCounter.table","NW_015090842.1:10294622",14,26,12
"UTP4","s1650_F_LS_02_ASEReadCounter.table","NW_015090842.1:10294632",12,25,13
"UTP4","s1650_F_LS_02_ASEReadCounter.table","NW_015090842.1:10295238",9,19,10
"UTP4","s1650_F_LS_02_ASEReadCounter.table","NW_015090842.1:10295880",13,32,19
"UTP4","s1650_F_LS_02_ASEReadCounter.table","NW_015090842.1:10295884",14,33,19
"UTP4","s1650_F_LS_02_ASEReadCounter.table","NW_015090842.1:10295903",16,33,17
"UTP4","s1650_F_LS_02_ASEReadCounter.table","NW_015090842.1:10295906",15,32,17
"UTP4","s1650_F_LS_02_ASEReadCounter.table","NW_015090842.1:10295915",15,31,16
"UTP4","s1650_F_LS_02_ASEReadCounter.table","NW_015090842.1:10295938",12,27,15
"UTP4","s1650_F_LS_02_ASEReadCounter.table","NW_015090842.1:10296175",13,32,19
"UTP4","s1650_F_LS_02_ASEReadCounter.table","NW_015090842.1:10296660",17,36,19
"UTP4","s1650_F_LS_02_ASEReadCounter.table","NW_015090842.1:10296679",18,43,25
"UTP4","s1650_F_LS_02_ASEReadCounter.table","NW_015090842.1:10297193",34,74,40
"UTP4","s1650_F_LS_02_ASEReadCounter.table","NW_015090842.1:10297220",31,72,41
"UTP4","s1650_F_LS_02_ASEReadCounter.table","NW_015090842.1:10297307",27,81,54
"UTP4","s1650_F_LS_02_ASEReadCounter.table","NW_015090842.1:10297558",31,92,61
"UTP4","s1650_F_LS_02_ASEReadCounter.table","NW_015090842.1:10297943",36,91,55
"UTP4","s1650_F_LS_02_ASEReadCounter.table","NW_015090842.1:10297979",29,82,53
"UTP4","s1650_F_LS_02_ASEReadCounter.table","NW_015090842.1:10298022",25,63,38
"UTP4","s1650_F_LS_02_ASEReadCounter.table","NW_015090842.1:10298079",5,23,18
"UTP4","s1650_F_LS_02_ASEReadCounter.table","NW_015090842.1:10298081",3,19,16
"UTP4","s1650_F_LS_02_ASEReadCounter.table","NW_015090842.1:10298082",3,21,18
"SNTB2","s1650_F_LS_02_ASEReadCounter.table","NW_015090842.1:10298905",1,1,0
"SNTB2","s1650_F_LS_02_ASEReadCounter.table","NW_015090842.1:10298928",1,1,0
"SNTB2","s1650_F_LS_02_ASEReadCounter.table","NW_015090842.1:10303506",2,5,3
"SNTB2","s1650_F_LS_02_ASEReadCounter.table","NW_015090842.1:10303524",1,4,3
"SNTB2","s1650_F_LS_02_ASEReadCounter.table","NW_015090842.1:10304059",3,5,2
"SNTB2","s1650_F_LS_02_ASEReadCounter.table","NW_015090842.1:10304089",5,9,4
"SNTB2","s1650_F_LS_02_ASEReadCounter.table","NW_015090842.1:10304167",3,5,2
"SNTB2","s1650_F_LS_02_ASEReadCounter.table","NW_015090842.1:10304176",1,2,1
"SNTB2","s1650_F_LS_02_ASEReadCounter.table","NW_015090842.1:10305069",6,8,2
"SNTB2","s1650_F_LS_02_ASEReadCounter.table","NW_015090842.1:10305099",7,11,4
"SNTB2","s1650_F_LS_02_ASEReadCounter.table","NW_015090842.1:10305171",2,5,3
"SNTB2","s1650_F_LS_02_ASEReadCounter.table","NW_015090842.1:10305177",2,5,3
"SNTB2","s1650_F_LS_02_ASEReadCounter.table","NW_015090842.1:10305451",3,3,0
"SNTB2","s1650_F_LS_02_ASEReadCounter.table","NW_015090842.1:10305547",6,9,3
"SNTB2","s1650_F_LS_02_ASEReadCounter.table","NW_015090842.1:10305847",2,4,2
"SNTB2","s1650_F_LS_02_ASEReadCounter.table","NW_015090842.1:10306173",3,8,5
"SNTB2","s1650_F_LS_02_ASEReadCounter.table","NW_015090842.1:10306275",4,6,2
"SNTB2","s1650_F_LS_02_ASEReadCounter.table","NW_015090842.1:10306457",2,5,3
"SNTB2","s1650_F_LS_02_ASEReadCounter.table","NW_015090842.1:10306496",3,6,3
"SNTB2","s1650_F_LS_02_ASEReadCounter.table","NW_015090842.1:10306499",3,6,3
"VPS4A","s1650_F_LS_02_ASEReadCounter.table","NW_015090842.1:10308566",56,113,57
"VPS4A","s1650_F_LS_02_ASEReadCounter.table","NW_015090842.1:10308573",56,113,57
"VPS4A","s1650_F_LS_02_ASEReadCounter.table","NW_015090842.1:10308856",82,178,96
"VPS4A","s1650_F_LS_02_ASEReadCounter.table","NW_015090842.1:10309056",86,222,136
"VPS4A","s1650_F_LS_02_ASEReadCounter.table","NW_015090842.1:10309089",123,272,149
"VPS4A","s1650_F_LS_02_ASEReadCounter.table","NW_015090842.1:10309392",121,253,132
"VPS4A","s1650_F_LS_02_ASEReadCounter.table","NW_015090842.1:10309413",128,261,133
"VPS4A","s1650_F_LS_02_ASEReadCounter.table","NW_015090842.1:10309467",138,299,161
"VPS4A","s1650_F_LS_02_ASEReadCounter.table","NW_015090842.1:10310230",185,390,205
"VPS4A","s1650_F_LS_02_ASEReadCounter.table","NW_015090842.1:10310425",154,345,191
"VPS4A","s1650_F_LS_02_ASEReadCounter.table","NW_015090842.1:10310639",196,388,192
"VPS4A","s1650_F_LS_02_ASEReadCounter.table","NW_015090842.1:10310734",181,385,204
"VPS4A","s1650_F_LS_02_ASEReadCounter.table","NW_015090842.1:10310737",189,401,212
"VPS4A","s1650_F_LS_02_ASEReadCounter.table","NW_015090842.1:10310746",188,398,210
"VPS4A","s1650_F_LS_02_ASEReadCounter.table","NW_015090842.1:10310767",200,425,225
"VPS4A","s1650_F_LS_02_ASEReadCounter.table","NW_015090842.1:10310995",207,424,217
"VPS4A","s1650_F_LS_02_ASEReadCounter.table","NW_015090842.1:10311004",207,421,214
"VPS4A","s1650_F_LS_02_ASEReadCounter.table","NW_015090842.1:10311007",218,436,218
"VPS4A","s1650_F_LS_02_ASEReadCounter.table","NW_015090842.1:10311013",226,421,195
"VPS4A","s1650_F_LS_02_ASEReadCounter.table","NW_015090842.1:10311022",209,406,197
"VPS4A","s1650_F_LS_02_ASEReadCounter.table","NW_015090842.1:10311023",211,415,204
"VPS4A","s1650_F_LS_02_ASEReadCounter.table","NW_015090842.1:10311426",230,499,269
"VPS4A","s1650_F_LS_02_ASEReadCounter.table","NW_015090842.1:10311489",2,14,12
"VPS4A","s1650_F_LS_02_ASEReadCounter.table","NW_015090842.1:10311490",2,13,11
"VPS4A","s1650_F_LS_02_ASEReadCounter.table","NW_015090842.1:10311525",13,23,10
"VPS4A","s1650_F_LS_02_ASEReadCounter.table","NW_015090842.1:10311529",16,35,19
"VPS4A","s1650_F_LS_02_ASEReadCounter.table","NW_015090842.1:10311530",15,36,21
"VPS4A","s1650_F_LS_02_ASEReadCounter.table","NW_015090842.1:10311552",93,134,41
"VPS4A","s1650_F_LS_02_ASEReadCounter.table","NW_015090842.1:10311689",131,184,53
"VPS4A","s1650_F_LS_02_ASEReadCounter.table","NW_015090842.1:10311700",146,196,50
"VPS4A","s1650_F_LS_02_ASEReadCounter.table","NW_015090842.1:10311701",145,195,50
"VPS4A","s1650_F_LS_02_ASEReadCounter.table","NW_015090842.1:10311703",146,194,48
"COG8","s1650_F_LS_02_ASEReadCounter.table","NW_015090842.1:10313487",20,53,33
"COG8","s1650_F_LS_02_ASEReadCounter.table","NW_015090842.1:10313559",32,64,32
"COG8","s1650_F_LS_02_ASEReadCounter.table","NW_015090842.1:10313579",26,50,24
"COG8","s1650_F_LS_02_ASEReadCounter.table","NW_015090842.1:10313665",22,45,23
"COG8","s1650_F_LS_02_ASEReadCounter.table","NW_015090842.1:10313681",19,49,30
"COG8","s1650_F_LS_02_ASEReadCounter.table","NW_015090842.1:10313768",26,66,40
"COG8","s1650_F_LS_02_ASEReadCounter.table","NW_015090842.1:10313775",26,65,39
"COG8","s1650_F_LS_02_ASEReadCounter.table","NW_015090842.1:10313811",20,47,27
"COG8","s1650_F_LS_02_ASEReadCounter.table","NW_015090842.1:10313858",23,48,25
"COG8","s1650_F_LS_02_ASEReadCounter.table","NW_015090842.1:10314100",21,47,26
"COG8","s1650_F_LS_02_ASEReadCounter.table","NW_015090842.1:10314213",22,45,23
"COG8","s1650_F_LS_02_ASEReadCounter.table","NW_015090842.1:10315093",11,32,21
"COG8","s1650_F_LS_02_ASEReadCounter.table","NW_015090842.1:10315162",12,36,24
"COG8","s1650_F_LS_02_ASEReadCounter.table","NW_015090842.1:10315285",23,49,26
"COG8","s1650_F_LS_02_ASEReadCounter.table","NW_015090842.1:10315360",20,37,17
"COG8","s1650_F_LS_02_ASEReadCounter.table","NW_015090842.1:10315369",22,42,20
"COG8","s1650_F_LS_02_ASEReadCounter.table","NW_015090842.1:10315504",7,20,13
"COG8","s1650_F_LS_02_ASEReadCounter.table","NW_015090842.1:10315508",8,22,14
"COG8","s1650_F_LS_02_ASEReadCounter.table","NW_015090842.1:10315624",16,31,15
"COG8","s1650_F_LS_02_ASEReadCounter.table","NW_015090842.1:10315693",10,24,14
"COG8","s1650_F_LS_02_ASEReadCounter.table","NW_015090842.1:10315698",10,25,15
"COG8","s1650_F_LS_02_ASEReadCounter.table","NW_015090842.1:10315768",6,19,13
"COG8","s1650_F_LS_02_ASEReadCounter.table","NW_015090842.1:10315769",7,20,13
"COG8","s1650_F_LS_02_ASEReadCounter.table","NW_015090842.1:10315784",9,19,10
"COG8","s1650_F_LS_02_ASEReadCounter.table","NW_015090842.1:10316093",11,22,11
"COG8","s1650_F_LS_02_ASEReadCounter.table","NW_015090842.1:10316133",7,14,7
"NIP7","s1650_F_LS_02_ASEReadCounter.table","NW_015090842.1:10316759",16,39,23
"NIP7","s1650_F_LS_02_ASEReadCounter.table","NW_015090842.1:10316967",97,217,120
"NIP7","s1650_F_LS_02_ASEReadCounter.table","NW_015090842.1:10316995",110,233,123
"NIP7","s1650_F_LS_02_ASEReadCounter.table","NW_015090842.1:10317240",187,370,183
"NIP7","s1650_F_LS_02_ASEReadCounter.table","NW_015090842.1:10317247",179,363,184
"NIP7","s1650_F_LS_02_ASEReadCounter.table","NW_015090842.1:10317264",184,364,180
"NIP7","s1650_F_LS_02_ASEReadCounter.table","NW_015090842.1:10317433",212,490,278
"NIP7","s1650_F_LS_02_ASEReadCounter.table","NW_015090842.1:10317738",229,465,236
"NIP7","s1650_F_LS_02_ASEReadCounter.table","NW_015090842.1:10317769",230,459,229
"NIP7","s1650_F_LS_02_ASEReadCounter.table","NW_015090842.1:10317808",177,357,180
"NIP7","s1650_F_LS_02_ASEReadCounter.table","NW_015090842.1:10317870",135,293,158
"NIP7","s1650_F_LS_02_ASEReadCounter.table","NW_015090842.1:10317871",135,290,155
"NIP7","s1650_F_LS_02_ASEReadCounter.table","NW_015090842.1:10317898",100,211,111
"NIP7","s1650_F_LS_02_ASEReadCounter.table","NW_015090842.1:10317911",91,194,103
"TMED6","s1650_F_LS_02_ASEReadCounter.table","NW_015090842.1:10318731",1,2,1
"TERF2","s1650_F_LS_02_ASEReadCounter.table","NW_015090842.1:10321665",21,21,0
"TERF2","s1650_F_LS_02_ASEReadCounter.table","NW_015090842.1:10321768",32,81,49
"TERF2","s1650_F_LS_02_ASEReadCounter.table","NW_015090842.1:10321777",32,81,49
"TERF2","s1650_F_LS_02_ASEReadCounter.table","NW_015090842.1:10321805",37,98,61
"TERF2","s1650_F_LS_02_ASEReadCounter.table","NW_015090842.1:10321878",52,122,70
"TERF2","s1650_F_LS_02_ASEReadCounter.table","NW_015090842.1:10321893",48,117,69
"TERF2","s1650_F_LS_02_ASEReadCounter.table","NW_015090842.1:10321897",52,110,58
"TERF2","s1650_F_LS_02_ASEReadCounter.table","NW_015090842.1:10321908",45,98,53
"TERF2","s1650_F_LS_02_ASEReadCounter.table","NW_015090842.1:10322001",77,151,74
"TERF2","s1650_F_LS_02_ASEReadCounter.table","NW_015090842.1:10322035",60,131,71
"TERF2","s1650_F_LS_02_ASEReadCounter.table","NW_015090842.1:10322051",66,142,76
"TERF2","s1650_F_LS_02_ASEReadCounter.table","NW_015090842.1:10322137",48,106,58
"TERF2","s1650_F_LS_02_ASEReadCounter.table","NW_015090842.1:10322144",46,104,58
"TERF2","s1650_F_LS_02_ASEReadCounter.table","NW_015090842.1:10322388",24,101,77
"TERF2","s1650_F_LS_02_ASEReadCounter.table","NW_015090842.1:10322396",24,100,76
"TERF2","s1650_F_LS_02_ASEReadCounter.table","NW_015090842.1:10322502",37,108,71
"TERF2","s1650_F_LS_02_ASEReadCounter.table","NW_015090842.1:10322504",38,109,71
"TERF2","s1650_F_LS_02_ASEReadCounter.table","NW_015090842.1:10322510",39,116,77
"TERF2","s1650_F_LS_02_ASEReadCounter.table","NW_015090842.1:10323580",26,91,65
"TERF2","s1650_F_LS_02_ASEReadCounter.table","NW_015090842.1:10324314",19,81,62
"TERF2","s1650_F_LS_02_ASEReadCounter.table","NW_015090842.1:10326832",17,41,24
"TERF2","s1650_F_LS_02_ASEReadCounter.table","NW_015090842.1:10327787",15,34,19
"TERF2","s1650_F_LS_02_ASEReadCounter.table","NW_015090842.1:10328588",10,30,20
"TERF2","s1650_F_LS_02_ASEReadCounter.table","NW_015090842.1:10328644",5,18,13
"TERF2","s1650_F_LS_02_ASEReadCounter.table","NW_015090842.1:10329813",4,11,7
"TERF2","s1650_F_LS_02_ASEReadCounter.table","NW_015090842.1:10330749",6,17,11
"TERF2","s1650_F_LS_02_ASEReadCounter.table","NW_015090842.1:10330789",5,17,12
"CYB5B","s1650_F_LS_02_ASEReadCounter.table","NW_015090842.1:10336595",1,10,9
"CYB5B","s1650_F_LS_02_ASEReadCounter.table","NW_015090842.1:10336667",33,61,28
"CYB5B","s1650_F_LS_02_ASEReadCounter.table","NW_015090842.1:10336689",50,90,40
"CYB5B","s1650_F_LS_02_ASEReadCounter.table","NW_015090842.1:10336728",69,114,45
"CYB5B","s1650_F_LS_02_ASEReadCounter.table","NW_015090842.1:10345068",54,110,56
"CYB5B","s1650_F_LS_02_ASEReadCounter.table","NW_015090842.1:10348800",108,188,80
"CYB5B","s1650_F_LS_02_ASEReadCounter.table","NW_015090842.1:10348888",92,161,69
"CYB5B","s1650_F_LS_02_ASEReadCounter.table","NW_015090842.1:10349046",110,205,95
"CYB5B","s1650_F_LS_02_ASEReadCounter.table","NW_015090842.1:10349119",79,191,112
"CYB5B","s1650_F_LS_02_ASEReadCounter.table","NW_015090842.1:10349146",39,159,120
"CYB5B","s1650_F_LS_02_ASEReadCounter.table","NW_015090842.1:10349157",71,185,114
