"gene","id","snp","ref_count","total_count","alt_count"
"CENPN","s1650_F_HYP_02_ASEReadCounter.table","NW_015090842.1:5801612",0,1,1
"CENPN","s1650_F_HYP_02_ASEReadCounter.table","NW_015090842.1:5801618",0,1,1
"CENPN","s1650_F_HYP_02_ASEReadCounter.table","NW_015090842.1:5801623",0,1,1
"CENPN","s1650_F_HYP_02_ASEReadCounter.table","NW_015090842.1:5801631",0,1,1
"CENPN","s1650_F_HYP_02_ASEReadCounter.table","NW_015090842.1:5801632",0,1,1
"CENPN","s1650_F_HYP_02_ASEReadCounter.table","NW_015090842.1:5801655",0,1,1
"CENPN","s1650_F_HYP_02_ASEReadCounter.table","NW_015090842.1:5801662",0,1,1
"CENPN","s1650_F_HYP_02_ASEReadCounter.table","NW_015090842.1:5801670",0,1,1
"CENPN","s1650_F_HYP_02_ASEReadCounter.table","NW_015090842.1:5801674",0,1,1
"CENPN","s1650_F_HYP_02_ASEReadCounter.table","NW_015090842.1:5801692",0,1,1
"CENPN","s1650_F_HYP_02_ASEReadCounter.table","NW_015090842.1:5801697",0,2,2
"CENPN","s1650_F_HYP_02_ASEReadCounter.table","NW_015090842.1:5802008",0,4,4
"CENPN","s1650_F_HYP_02_ASEReadCounter.table","NW_015090842.1:5802012",0,4,4
"CENPN","s1650_F_HYP_02_ASEReadCounter.table","NW_015090842.1:5802087",0,3,3
"CENPN","s1650_F_HYP_02_ASEReadCounter.table","NW_015090842.1:5810113",6,6,0
"CENPN","s1650_F_HYP_02_ASEReadCounter.table","NW_015090842.1:5810147",8,8,0
"CENPN","s1650_F_HYP_02_ASEReadCounter.table","NW_015090842.1:5810148",8,8,0
"ATMIN","s1650_F_HYP_02_ASEReadCounter.table","NW_015090842.1:5818789",3,8,5
"ATMIN","s1650_F_HYP_02_ASEReadCounter.table","NW_015090842.1:5819958",1,4,3
"ATMIN","s1650_F_HYP_02_ASEReadCounter.table","NW_015090842.1:5820004",1,6,5
"ATMIN","s1650_F_HYP_02_ASEReadCounter.table","NW_015090842.1:5820217",0,1,1
"ATMIN","s1650_F_HYP_02_ASEReadCounter.table","NW_015090842.1:5820250",0,2,2
"ATMIN","s1650_F_HYP_02_ASEReadCounter.table","NW_015090842.1:5820298",0,2,2
"ATMIN","s1650_F_HYP_02_ASEReadCounter.table","NW_015090842.1:5820417",1,3,2
"ATMIN","s1650_F_HYP_02_ASEReadCounter.table","NW_015090842.1:5820421",2,4,2
"ATMIN","s1650_F_HYP_02_ASEReadCounter.table","NW_015090842.1:5820448",2,3,1
"ATMIN","s1650_F_HYP_02_ASEReadCounter.table","NW_015090842.1:5820457",2,2,0
"ATMIN","s1650_F_HYP_02_ASEReadCounter.table","NW_015090842.1:5820510",1,1,0
"ATMIN","s1650_F_HYP_02_ASEReadCounter.table","NW_015090842.1:5820673",5,7,2
"ATMIN","s1650_F_HYP_02_ASEReadCounter.table","NW_015090842.1:5820754",3,3,0
"ATMIN","s1650_F_HYP_02_ASEReadCounter.table","NW_015090842.1:5820820",2,3,1
"ATMIN","s1650_F_HYP_02_ASEReadCounter.table","NW_015090842.1:5820865",4,6,2
"ATMIN","s1650_F_HYP_02_ASEReadCounter.table","NW_015090842.1:5820889",4,7,3
"ATMIN","s1650_F_HYP_02_ASEReadCounter.table","NW_015090842.1:5820891",4,8,4
"ATMIN","s1650_F_HYP_02_ASEReadCounter.table","NW_015090842.1:5820997",3,7,4
"ATMIN","s1650_F_HYP_02_ASEReadCounter.table","NW_015090842.1:5821063",2,5,3
"ATMIN","s1650_F_HYP_02_ASEReadCounter.table","NW_015090842.1:5821132",3,5,2
"ATMIN","s1650_F_HYP_02_ASEReadCounter.table","NW_015090842.1:5821645",3,7,4
"ATMIN","s1650_F_HYP_02_ASEReadCounter.table","NW_015090842.1:5825066",16,22,6
"ATMIN","s1650_F_HYP_02_ASEReadCounter.table","NW_015090842.1:5825106",15,28,13
"ATMIN","s1650_F_HYP_02_ASEReadCounter.table","NW_015090842.1:5825122",12,25,13
"ATMIN","s1650_F_HYP_02_ASEReadCounter.table","NW_015090842.1:5825178",15,27,12
"ATMIN","s1650_F_HYP_02_ASEReadCounter.table","NW_015090842.1:5825194",12,23,11
"ATMIN","s1650_F_HYP_02_ASEReadCounter.table","NW_015090842.1:5825195",12,25,13
"ATMIN","s1650_F_HYP_02_ASEReadCounter.table","NW_015090842.1:5825220",10,23,13
"ATMIN","s1650_F_HYP_02_ASEReadCounter.table","NW_015090842.1:5825240",9,19,10
"ATMIN","s1650_F_HYP_02_ASEReadCounter.table","NW_015090842.1:5825303",12,32,20
"ATMIN","s1650_F_HYP_02_ASEReadCounter.table","NW_015090842.1:5825304",11,32,21
"ATMIN","s1650_F_HYP_02_ASEReadCounter.table","NW_015090842.1:5825310",14,35,21
"ATMIN","s1650_F_HYP_02_ASEReadCounter.table","NW_015090842.1:5825406",12,30,18
"ATMIN","s1650_F_HYP_02_ASEReadCounter.table","NW_015090842.1:5825415",11,30,19
"ATMIN","s1650_F_HYP_02_ASEReadCounter.table","NW_015090842.1:5825438",11,33,22
"ATMIN","s1650_F_HYP_02_ASEReadCounter.table","NW_015090842.1:5825485",10,30,20
"ATMIN","s1650_F_HYP_02_ASEReadCounter.table","NW_015090842.1:5825524",17,37,20
"ATMIN","s1650_F_HYP_02_ASEReadCounter.table","NW_015090842.1:5825557",18,37,19
"ATMIN","s1650_F_HYP_02_ASEReadCounter.table","NW_015090842.1:5825571",18,37,19
"ATMIN","s1650_F_HYP_02_ASEReadCounter.table","NW_015090842.1:5825579",19,38,19
"ATMIN","s1650_F_HYP_02_ASEReadCounter.table","NW_015090842.1:5825590",17,37,20
"ATMIN","s1650_F_HYP_02_ASEReadCounter.table","NW_015090842.1:5825689",11,32,21
"ATMIN","s1650_F_HYP_02_ASEReadCounter.table","NW_015090842.1:5825703",14,37,23
"ATMIN","s1650_F_HYP_02_ASEReadCounter.table","NW_015090842.1:5825787",14,36,22
"ATMIN","s1650_F_HYP_02_ASEReadCounter.table","NW_015090842.1:5825833",11,31,20
"ATMIN","s1650_F_HYP_02_ASEReadCounter.table","NW_015090842.1:5825841",11,33,22
"ATMIN","s1650_F_HYP_02_ASEReadCounter.table","NW_015090842.1:5825895",13,33,20
"ATMIN","s1650_F_HYP_02_ASEReadCounter.table","NW_015090842.1:5825984",12,48,36
"ATMIN","s1650_F_HYP_02_ASEReadCounter.table","NW_015090842.1:5826162",30,63,33
"ATMIN","s1650_F_HYP_02_ASEReadCounter.table","NW_015090842.1:5826194",35,76,41
"ATMIN","s1650_F_HYP_02_ASEReadCounter.table","NW_015090842.1:5826235",34,74,40
"ATMIN","s1650_F_HYP_02_ASEReadCounter.table","NW_015090842.1:5826245",28,71,43
"ATMIN","s1650_F_HYP_02_ASEReadCounter.table","NW_015090842.1:5826335",19,41,22
"ATMIN","s1650_F_HYP_02_ASEReadCounter.table","NW_015090842.1:5826417",27,57,30
"ATMIN","s1650_F_HYP_02_ASEReadCounter.table","NW_015090842.1:5826431",22,66,44
"ATMIN","s1650_F_HYP_02_ASEReadCounter.table","NW_015090842.1:5826438",24,55,31
"ATMIN","s1650_F_HYP_02_ASEReadCounter.table","NW_015090842.1:5826463",29,70,41
"ATMIN","s1650_F_HYP_02_ASEReadCounter.table","NW_015090842.1:5826502",32,82,50
"ATMIN","s1650_F_HYP_02_ASEReadCounter.table","NW_015090842.1:5826511",33,89,56
"ATMIN","s1650_F_HYP_02_ASEReadCounter.table","NW_015090842.1:5826659",37,78,41
"ATMIN","s1650_F_HYP_02_ASEReadCounter.table","NW_015090842.1:5826701",43,97,54
"ATMIN","s1650_F_HYP_02_ASEReadCounter.table","NW_015090842.1:5826702",43,97,54
"ATMIN","s1650_F_HYP_02_ASEReadCounter.table","NW_015090842.1:5826732",51,109,58
"ATMIN","s1650_F_HYP_02_ASEReadCounter.table","NW_015090842.1:5826745",48,111,63
"ATMIN","s1650_F_HYP_02_ASEReadCounter.table","NW_015090842.1:5826835",60,114,54
"ATMIN","s1650_F_HYP_02_ASEReadCounter.table","NW_015090842.1:5826942",34,84,50
"ATMIN","s1650_F_HYP_02_ASEReadCounter.table","NW_015090842.1:5827193",74,160,86
"ATMIN","s1650_F_HYP_02_ASEReadCounter.table","NW_015090842.1:5827196",73,160,87
"ATMIN","s1650_F_HYP_02_ASEReadCounter.table","NW_015090842.1:5827269",72,149,77
"ATMIN","s1650_F_HYP_02_ASEReadCounter.table","NW_015090842.1:5827315",49,113,64
"ATMIN","s1650_F_HYP_02_ASEReadCounter.table","NW_015090842.1:5827316",50,116,66
"ATMIN","s1650_F_HYP_02_ASEReadCounter.table","NW_015090842.1:5827333",59,126,67
"PPP1R3E","s1650_F_HYP_02_ASEReadCounter.table","NW_015090842.1:5837733",2,5,3
"PPP1R3E","s1650_F_HYP_02_ASEReadCounter.table","NW_015090842.1:5837947",2,2,0
"BCO1","s1650_F_HYP_02_ASEReadCounter.table","NW_015090842.1:5915610",0,1,1
"BCO1","s1650_F_HYP_02_ASEReadCounter.table","NW_015090842.1:5915646",1,2,1
"BCO1","s1650_F_HYP_02_ASEReadCounter.table","NW_015090842.1:5917836",2,3,1
"BCO1","s1650_F_HYP_02_ASEReadCounter.table","NW_015090842.1:5917912",2,2,0
"BCO1","s1650_F_HYP_02_ASEReadCounter.table","NW_015090842.1:5917941",2,3,1
"BCO1","s1650_F_HYP_02_ASEReadCounter.table","NW_015090842.1:5917971",2,3,1
"BCO1","s1650_F_HYP_02_ASEReadCounter.table","NW_015090842.1:5921679",2,3,1
"BCO1","s1650_F_HYP_02_ASEReadCounter.table","NW_015090842.1:5921726",6,7,1
"BCO1","s1650_F_HYP_02_ASEReadCounter.table","NW_015090842.1:5925669",3,3,0
"BCO1","s1650_F_HYP_02_ASEReadCounter.table","NW_015090842.1:5926937",4,7,3
"BCO1","s1650_F_HYP_02_ASEReadCounter.table","NW_015090842.1:5927921",3,6,3
"BCO1","s1650_F_HYP_02_ASEReadCounter.table","NW_015090842.1:5927948",4,7,3
"BCO1","s1650_F_HYP_02_ASEReadCounter.table","NW_015090842.1:5927968",5,6,1
"BCO1","s1650_F_HYP_02_ASEReadCounter.table","NW_015090842.1:5928052",5,5,0
"BCO1","s1650_F_HYP_02_ASEReadCounter.table","NW_015090842.1:5932726",10,15,5
"BCO1","s1650_F_HYP_02_ASEReadCounter.table","NW_015090842.1:5932801",7,9,2
"BCO1","s1650_F_HYP_02_ASEReadCounter.table","NW_015090842.1:5934558",11,17,6
"BCO1","s1650_F_HYP_02_ASEReadCounter.table","NW_015090842.1:5934575",9,17,8
"BCO1","s1650_F_HYP_02_ASEReadCounter.table","NW_015090842.1:5934608",12,19,7
"BCO1","s1650_F_HYP_02_ASEReadCounter.table","NW_015090842.1:5934647",10,22,12
"BCO1","s1650_F_HYP_02_ASEReadCounter.table","NW_015090842.1:5934725",9,15,6
"BCO1","s1650_F_HYP_02_ASEReadCounter.table","NW_015090842.1:5934726",9,14,5
"BCO1","s1650_F_HYP_02_ASEReadCounter.table","NW_015090842.1:5934733",8,14,6
"BCO1","s1650_F_HYP_02_ASEReadCounter.table","NW_015090842.1:5934821",11,16,5
"BCO1","s1650_F_HYP_02_ASEReadCounter.table","NW_015090842.1:5934826",10,15,5
"BCO1","s1650_F_HYP_02_ASEReadCounter.table","NW_015090842.1:5934844",7,9,2
"BCO1","s1650_F_HYP_02_ASEReadCounter.table","NW_015090842.1:5934958",13,19,6
"BCO1","s1650_F_HYP_02_ASEReadCounter.table","NW_015090842.1:5934976",16,21,5
"GAN","s1650_F_HYP_02_ASEReadCounter.table","NW_015090842.1:5939249",0,3,3
"GAN","s1650_F_HYP_02_ASEReadCounter.table","NW_015090842.1:5953759",8,20,12
"GAN","s1650_F_HYP_02_ASEReadCounter.table","NW_015090842.1:5957502",7,20,13
"GAN","s1650_F_HYP_02_ASEReadCounter.table","NW_015090842.1:5957578",10,24,14
"GAN","s1650_F_HYP_02_ASEReadCounter.table","NW_015090842.1:5966047",19,53,34
"GAN","s1650_F_HYP_02_ASEReadCounter.table","NW_015090842.1:5966126",11,50,39
"GAN","s1650_F_HYP_02_ASEReadCounter.table","NW_015090842.1:5966127",11,50,39
"GAN","s1650_F_HYP_02_ASEReadCounter.table","NW_015090842.1:5966162",23,58,35
"GAN","s1650_F_HYP_02_ASEReadCounter.table","NW_015090842.1:5966483",44,91,47
"CMIP","s1650_F_HYP_02_ASEReadCounter.table","NW_015090842.1:6109159",10,14,4
"CMIP","s1650_F_HYP_02_ASEReadCounter.table","NW_015090842.1:6109166",10,14,4
"CMIP","s1650_F_HYP_02_ASEReadCounter.table","NW_015090842.1:6114641",18,43,25
"CMIP","s1650_F_HYP_02_ASEReadCounter.table","NW_015090842.1:6114751",14,34,20
"CMIP","s1650_F_HYP_02_ASEReadCounter.table","NW_015090842.1:6114824",18,40,22
"CMIP","s1650_F_HYP_02_ASEReadCounter.table","NW_015090842.1:6126295",75,76,1
"CMIP","s1650_F_HYP_02_ASEReadCounter.table","NW_015090842.1:6128998",23,69,46
"CMIP","s1650_F_HYP_02_ASEReadCounter.table","NW_015090842.1:6130562",49,144,95
"CMIP","s1650_F_HYP_02_ASEReadCounter.table","NW_015090842.1:6132522",52,148,96
"CMIP","s1650_F_HYP_02_ASEReadCounter.table","NW_015090842.1:6138265",110,368,258
"CMIP","s1650_F_HYP_02_ASEReadCounter.table","NW_015090842.1:6138300",121,378,257
"CMIP","s1650_F_HYP_02_ASEReadCounter.table","NW_015090842.1:6138342",113,311,198
"CMIP","s1650_F_HYP_02_ASEReadCounter.table","NW_015090842.1:6138343",115,309,194
"CMIP","s1650_F_HYP_02_ASEReadCounter.table","NW_015090842.1:6138345",114,313,199
"CMIP","s1650_F_HYP_02_ASEReadCounter.table","NW_015090842.1:6138647",83,225,142
"CMIP","s1650_F_HYP_02_ASEReadCounter.table","NW_015090842.1:6138745",80,233,153
"CMIP","s1650_F_HYP_02_ASEReadCounter.table","NW_015090842.1:6138832",12,94,82
"CMIP","s1650_F_HYP_02_ASEReadCounter.table","NW_015090842.1:6138967",87,195,108
"CMIP","s1650_F_HYP_02_ASEReadCounter.table","NW_015090842.1:6139131",57,135,78
"CMIP","s1650_F_HYP_02_ASEReadCounter.table","NW_015090842.1:6139163",7,92,85
"CMIP","s1650_F_HYP_02_ASEReadCounter.table","NW_015090842.1:6139212",173,189,16
"CMIP","s1650_F_HYP_02_ASEReadCounter.table","NW_015090842.1:6139360",53,103,50
"CMIP","s1650_F_HYP_02_ASEReadCounter.table","NW_015090842.1:6139572",26,68,42
"PLCG2","s1650_F_HYP_02_ASEReadCounter.table","NW_015090842.1:6179613",3,4,1
"PLCG2","s1650_F_HYP_02_ASEReadCounter.table","NW_015090842.1:6179658",4,5,1
"PLCG2","s1650_F_HYP_02_ASEReadCounter.table","NW_015090842.1:6209741",1,2,1
"PLCG2","s1650_F_HYP_02_ASEReadCounter.table","NW_015090842.1:6209798",1,2,1
"PLCG2","s1650_F_HYP_02_ASEReadCounter.table","NW_015090842.1:6209816",1,2,1
"PLCG2","s1650_F_HYP_02_ASEReadCounter.table","NW_015090842.1:6217547",0,4,4
"PLCG2","s1650_F_HYP_02_ASEReadCounter.table","NW_015090842.1:6218641",1,6,5
"PLCG2","s1650_F_HYP_02_ASEReadCounter.table","NW_015090842.1:6220552",1,8,7
"PLCG2","s1650_F_HYP_02_ASEReadCounter.table","NW_015090842.1:6221969",2,6,4
"PLCG2","s1650_F_HYP_02_ASEReadCounter.table","NW_015090842.1:6228694",1,1,0
"PLCG2","s1650_F_HYP_02_ASEReadCounter.table","NW_015090842.1:6228722",1,1,0
"PLCG2","s1650_F_HYP_02_ASEReadCounter.table","NW_015090842.1:6228747",2,2,0
"PLCG2","s1650_F_HYP_02_ASEReadCounter.table","NW_015090842.1:6228835",2,3,1
"PLCG2","s1650_F_HYP_02_ASEReadCounter.table","NW_015090842.1:6228841",2,3,1
"PLCG2","s1650_F_HYP_02_ASEReadCounter.table","NW_015090842.1:6228865",2,4,2
"PLCG2","s1650_F_HYP_02_ASEReadCounter.table","NW_015090842.1:6228917",1,5,4
"PLCG2","s1650_F_HYP_02_ASEReadCounter.table","NW_015090842.1:6228926",1,5,4
"PLCG2","s1650_F_HYP_02_ASEReadCounter.table","NW_015090842.1:6228954",0,3,3
"PLCG2","s1650_F_HYP_02_ASEReadCounter.table","NW_015090842.1:6229002",0,2,2
"PLCG2","s1650_F_HYP_02_ASEReadCounter.table","NW_015090842.1:6229006",0,2,2
"PLCG2","s1650_F_HYP_02_ASEReadCounter.table","NW_015090842.1:6229081",1,2,1
"PLCG2","s1650_F_HYP_02_ASEReadCounter.table","NW_015090842.1:6229097",1,2,1
"PLCG2","s1650_F_HYP_02_ASEReadCounter.table","NW_015090842.1:6229160",2,3,1
"PLCG2","s1650_F_HYP_02_ASEReadCounter.table","NW_015090842.1:6229213",1,2,1
"PLCG2","s1650_F_HYP_02_ASEReadCounter.table","NW_015090842.1:6229231",1,2,1
"PLCG2","s1650_F_HYP_02_ASEReadCounter.table","NW_015090842.1:6229663",1,4,3
"PLCG2","s1650_F_HYP_02_ASEReadCounter.table","NW_015090842.1:6229748",1,3,2
"PLCG2","s1650_F_HYP_02_ASEReadCounter.table","NW_015090842.1:6229892",2,2,0
"PLCG2","s1650_F_HYP_02_ASEReadCounter.table","NW_015090842.1:6230248",3,4,1
"PLCG2","s1650_F_HYP_02_ASEReadCounter.table","NW_015090842.1:6230255",3,4,1
"PLCG2","s1650_F_HYP_02_ASEReadCounter.table","NW_015090842.1:6230276",2,3,1
"PLCG2","s1650_F_HYP_02_ASEReadCounter.table","NW_015090842.1:6230296",3,3,0
"PLCG2","s1650_F_HYP_02_ASEReadCounter.table","NW_015090842.1:6230349",2,3,1
"PLCG2","s1650_F_HYP_02_ASEReadCounter.table","NW_015090842.1:6230408",3,4,1
"PLCG2","s1650_F_HYP_02_ASEReadCounter.table","NW_015090842.1:6230439",3,3,0
"PLCG2","s1650_F_HYP_02_ASEReadCounter.table","NW_015090842.1:6230898",1,1,0
"PLCG2","s1650_F_HYP_02_ASEReadCounter.table","NW_015090842.1:6230976",7,7,0
"PLCG2","s1650_F_HYP_02_ASEReadCounter.table","NW_015090842.1:6231078",2,2,0
"PLCG2","s1650_F_HYP_02_ASEReadCounter.table","NW_015090842.1:6231138",3,3,0
"PLCG2","s1650_F_HYP_02_ASEReadCounter.table","NW_015090842.1:6231177",5,5,0
"PLCG2","s1650_F_HYP_02_ASEReadCounter.table","NW_015090842.1:6231263",5,5,0
"SDR42E1","s1650_F_HYP_02_ASEReadCounter.table","NW_015090842.1:6235292",0,4,4
"SDR42E1","s1650_F_HYP_02_ASEReadCounter.table","NW_015090842.1:6235315",0,11,11
"SDR42E1","s1650_F_HYP_02_ASEReadCounter.table","NW_015090842.1:6235348",0,11,11
"SDR42E1","s1650_F_HYP_02_ASEReadCounter.table","NW_015090842.1:6235355",0,11,11
"SDR42E1","s1650_F_HYP_02_ASEReadCounter.table","NW_015090842.1:6235417",3,14,11
"SDR42E1","s1650_F_HYP_02_ASEReadCounter.table","NW_015090842.1:6235558",2,14,12
"SDR42E1","s1650_F_HYP_02_ASEReadCounter.table","NW_015090842.1:6235741",5,18,13
"SDR42E1","s1650_F_HYP_02_ASEReadCounter.table","NW_015090842.1:6235777",6,17,11
"SDR42E1","s1650_F_HYP_02_ASEReadCounter.table","NW_015090842.1:6235806",5,16,11
"SDR42E1","s1650_F_HYP_02_ASEReadCounter.table","NW_015090842.1:6235809",5,16,11
"SDR42E1","s1650_F_HYP_02_ASEReadCounter.table","NW_015090842.1:6235816",4,13,9
"SDR42E1","s1650_F_HYP_02_ASEReadCounter.table","NW_015090842.1:6235914",5,15,10
"SDR42E1","s1650_F_HYP_02_ASEReadCounter.table","NW_015090842.1:6235935",5,16,11
"SDR42E1","s1650_F_HYP_02_ASEReadCounter.table","NW_015090842.1:6235957",5,15,10
"SDR42E1","s1650_F_HYP_02_ASEReadCounter.table","NW_015090842.1:6236040",2,8,6
"SDR42E1","s1650_F_HYP_02_ASEReadCounter.table","NW_015090842.1:6236260",1,7,6
"SDR42E1","s1650_F_HYP_02_ASEReadCounter.table","NW_015090842.1:6236281",1,7,6
"SDR42E1","s1650_F_HYP_02_ASEReadCounter.table","NW_015090842.1:6236305",2,8,6
"SDR42E1","s1650_F_HYP_02_ASEReadCounter.table","NW_015090842.1:6236458",3,13,10
"SDR42E1","s1650_F_HYP_02_ASEReadCounter.table","NW_015090842.1:6236476",3,15,12
"SDR42E1","s1650_F_HYP_02_ASEReadCounter.table","NW_015090842.1:6236608",1,9,8
"SDR42E1","s1650_F_HYP_02_ASEReadCounter.table","NW_015090842.1:6238244",1,5,4
"SDR42E1","s1650_F_HYP_02_ASEReadCounter.table","NW_015090842.1:6238829",0,2,2
"HSD17B2","s1650_F_HYP_02_ASEReadCounter.table","NW_015090842.1:6257616",0,1,1
"HSD17B2","s1650_F_HYP_02_ASEReadCounter.table","NW_015090842.1:6257711",0,2,2
"HSD17B2","s1650_F_HYP_02_ASEReadCounter.table","NW_015090842.1:6257712",0,2,2
"HSD17B2","s1650_F_HYP_02_ASEReadCounter.table","NW_015090842.1:6257829",0,2,2
"HSD17B2","s1650_F_HYP_02_ASEReadCounter.table","NW_015090842.1:6257851",0,2,2
"HSD17B2","s1650_F_HYP_02_ASEReadCounter.table","NW_015090842.1:6257889",0,1,1
"HSD17B2","s1650_F_HYP_02_ASEReadCounter.table","NW_015090842.1:6262951",0,7,7
"HSD17B2","s1650_F_HYP_02_ASEReadCounter.table","NW_015090842.1:6262974",0,4,4
"HSD17B2","s1650_F_HYP_02_ASEReadCounter.table","NW_015090842.1:6266125",0,4,4
"HSD17B2","s1650_F_HYP_02_ASEReadCounter.table","NW_015090842.1:6266135",0,4,4
"HSD17B2","s1650_F_HYP_02_ASEReadCounter.table","NW_015090842.1:6266795",0,6,6
"HSD17B2","s1650_F_HYP_02_ASEReadCounter.table","NW_015090842.1:6266944",0,2,2
"HSD17B2","s1650_F_HYP_02_ASEReadCounter.table","NW_015090842.1:6267053",0,3,3
"HSD17B2","s1650_F_HYP_02_ASEReadCounter.table","NW_015090842.1:6267196",0,8,8
"HSD17B2","s1650_F_HYP_02_ASEReadCounter.table","NW_015090842.1:6267273",0,12,12
"HSD17B2","s1650_F_HYP_02_ASEReadCounter.table","NW_015090842.1:6267674",0,5,5
"HSD17B2","s1650_F_HYP_02_ASEReadCounter.table","NW_015090842.1:6267913",0,3,3
"HSD17B2","s1650_F_HYP_02_ASEReadCounter.table","NW_015090842.1:6268098",0,6,6
"HSD17B2","s1650_F_HYP_02_ASEReadCounter.table","NW_015090842.1:6268203",0,3,3
"ARY2","s1650_F_HYP_02_ASEReadCounter.table","NW_015090842.1:6303922",9,26,17
"ARY2","s1650_F_HYP_02_ASEReadCounter.table","NW_015090842.1:6303954",10,29,19
"ARY2","s1650_F_HYP_02_ASEReadCounter.table","NW_015090842.1:6303979",14,32,18
"ARY2","s1650_F_HYP_02_ASEReadCounter.table","NW_015090842.1:6305848",11,25,14
"ARY2","s1650_F_HYP_02_ASEReadCounter.table","NW_015090842.1:6305856",13,27,14
"ARY2","s1650_F_HYP_02_ASEReadCounter.table","NW_015090842.1:6305857",12,26,14
"ARY2","s1650_F_HYP_02_ASEReadCounter.table","NW_015090842.1:6306017",17,32,15
"ARY2","s1650_F_HYP_02_ASEReadCounter.table","NW_015090842.1:6306052",16,28,12
"ARY2","s1650_F_HYP_02_ASEReadCounter.table","NW_015090842.1:6306094",21,43,22
"ARY2","s1650_F_HYP_02_ASEReadCounter.table","NW_015090842.1:6306100",23,45,22
"ARY2","s1650_F_HYP_02_ASEReadCounter.table","NW_015090842.1:6306146",20,45,25
"ARY2","s1650_F_HYP_02_ASEReadCounter.table","NW_015090842.1:6306147",20,45,25
"ARY2","s1650_F_HYP_02_ASEReadCounter.table","NW_015090842.1:6306390",19,44,25
"ARY2","s1650_F_HYP_02_ASEReadCounter.table","NW_015090842.1:6306567",18,32,14
"ARY2","s1650_F_HYP_02_ASEReadCounter.table","NW_015090842.1:6306705",25,37,12
"ARY2","s1650_F_HYP_02_ASEReadCounter.table","NW_015090842.1:6306773",37,45,8
"ARY2","s1650_F_HYP_02_ASEReadCounter.table","NW_015090842.1:6307039",43,55,12
"ARY2","s1650_F_HYP_02_ASEReadCounter.table","NW_015090842.1:6307043",44,58,14
"ARY2","s1650_F_HYP_02_ASEReadCounter.table","NW_015090842.1:6307093",50,66,16
"ARY2","s1650_F_HYP_02_ASEReadCounter.table","NW_015090842.1:6307138",32,47,15
"ARY2","s1650_F_HYP_02_ASEReadCounter.table","NW_015090842.1:6307157",36,50,14
"ARY2","s1650_F_HYP_02_ASEReadCounter.table","NW_015090842.1:6307187",43,59,16
"ARY2","s1650_F_HYP_02_ASEReadCounter.table","NW_015090842.1:6307204",44,60,16
"ARY2","s1650_F_HYP_02_ASEReadCounter.table","NW_015090842.1:6307278",42,63,21
"ARY2","s1650_F_HYP_02_ASEReadCounter.table","NW_015090842.1:6307305",46,70,24
"ARY2","s1650_F_HYP_02_ASEReadCounter.table","NW_015090842.1:6307318",48,72,24
"ARY2","s1650_F_HYP_02_ASEReadCounter.table","NW_015090842.1:6307429",54,78,24
"ARY2","s1650_F_HYP_02_ASEReadCounter.table","NW_015090842.1:6307487",31,60,29
"ARY2","s1650_F_HYP_02_ASEReadCounter.table","NW_015090842.1:6307670",42,52,10
"ARYL","s1650_F_HYP_02_ASEReadCounter.table","NW_015090842.1:6313360",2,5,3
"ARYL","s1650_F_HYP_02_ASEReadCounter.table","NW_015090842.1:6313377",1,3,2
"ARYL","s1650_F_HYP_02_ASEReadCounter.table","NW_015090842.1:6313767",2,3,1
"ARY1","s1650_F_HYP_02_ASEReadCounter.table","NW_015090842.1:6314296",5,10,5
"ARY1","s1650_F_HYP_02_ASEReadCounter.table","NW_015090842.1:6314541",5,7,2
"ARY1","s1650_F_HYP_02_ASEReadCounter.table","NW_015090842.1:6314597",6,10,4
"ARY1","s1650_F_HYP_02_ASEReadCounter.table","NW_015090842.1:6314750",6,8,2
"ARY1","s1650_F_HYP_02_ASEReadCounter.table","NW_015090842.1:6314794",5,6,1
"ARY1","s1650_F_HYP_02_ASEReadCounter.table","NW_015090842.1:6314827",4,6,2
"ARY1","s1650_F_HYP_02_ASEReadCounter.table","NW_015090842.1:6314859",4,7,3
"ARY1","s1650_F_HYP_02_ASEReadCounter.table","NW_015090842.1:6314886",4,9,5
"ARY1","s1650_F_HYP_02_ASEReadCounter.table","NW_015090842.1:6315022",8,11,3
"ARY1","s1650_F_HYP_02_ASEReadCounter.table","NW_015090842.1:6315026",7,11,4
"ARY1","s1650_F_HYP_02_ASEReadCounter.table","NW_015090842.1:6315043",6,10,4
"ARY1","s1650_F_HYP_02_ASEReadCounter.table","NW_015090842.1:6315065",7,11,4
"ARY1","s1650_F_HYP_02_ASEReadCounter.table","NW_015090842.1:6315409",6,9,3
"ARY1","s1650_F_HYP_02_ASEReadCounter.table","NW_015090842.1:6315479",3,8,5
"ARY1","s1650_F_HYP_02_ASEReadCounter.table","NW_015090842.1:6318342",12,21,9
"ARY1","s1650_F_HYP_02_ASEReadCounter.table","NW_015090842.1:6318427",9,13,4
"ARY1","s1650_F_HYP_02_ASEReadCounter.table","NW_015090842.1:6318603",14,19,5
"ARY1","s1650_F_HYP_02_ASEReadCounter.table","NW_015090842.1:6318708",6,13,7
"ARY1","s1650_F_HYP_02_ASEReadCounter.table","NW_015090842.1:6318858",7,14,7
"ARY1","s1650_F_HYP_02_ASEReadCounter.table","NW_015090842.1:6318952",12,20,8
"MPHOSPH6","s1650_F_HYP_02_ASEReadCounter.table","NW_015090842.1:6324063",64,130,66
"MPHOSPH6","s1650_F_HYP_02_ASEReadCounter.table","NW_015090842.1:6324174",94,212,118
"MPHOSPH6","s1650_F_HYP_02_ASEReadCounter.table","NW_015090842.1:6324270",117,242,125
"MPHOSPH6","s1650_F_HYP_02_ASEReadCounter.table","NW_015090842.1:6324762",83,191,108
"MPHOSPH6","s1650_F_HYP_02_ASEReadCounter.table","NW_015090842.1:6324780",81,179,98
"MPHOSPH6","s1650_F_HYP_02_ASEReadCounter.table","NW_015090842.1:6324902",92,170,78
"MPHOSPH6","s1650_F_HYP_02_ASEReadCounter.table","NW_015090842.1:6325066",82,183,101
"MPHOSPH6","s1650_F_HYP_02_ASEReadCounter.table","NW_015090842.1:6325089",91,198,107
"MPHOSPH6","s1650_F_HYP_02_ASEReadCounter.table","NW_015090842.1:6325877",86,180,94
"MPHOSPH6","s1650_F_HYP_02_ASEReadCounter.table","NW_015090842.1:6326976",45,126,81
"CDH13","s1650_F_HYP_02_ASEReadCounter.table","NW_015090842.1:6662283",3,6,3
"CDH13","s1650_F_HYP_02_ASEReadCounter.table","NW_015090842.1:6693665",3,7,4
"CDH13","s1650_F_HYP_02_ASEReadCounter.table","NW_015090842.1:6693697",3,5,2
"CDH13","s1650_F_HYP_02_ASEReadCounter.table","NW_015090842.1:6693712",3,6,3
"CDH13","s1650_F_HYP_02_ASEReadCounter.table","NW_015090842.1:6693723",6,9,3
"CDH13","s1650_F_HYP_02_ASEReadCounter.table","NW_015090842.1:6693738",6,9,3
"CDH13","s1650_F_HYP_02_ASEReadCounter.table","NW_015090842.1:6823730",8,11,3
"CDH13","s1650_F_HYP_02_ASEReadCounter.table","NW_015090842.1:6889713",9,16,7
"CDH13","s1650_F_HYP_02_ASEReadCounter.table","NW_015090842.1:6955167",15,26,11
"MLYCD","s1650_F_HYP_02_ASEReadCounter.table","NW_015090842.1:7150054",87,150,63
"MLYCD","s1650_F_HYP_02_ASEReadCounter.table","NW_015090842.1:7150131",121,234,113
"MLYCD","s1650_F_HYP_02_ASEReadCounter.table","NW_015090842.1:7150585",84,146,62
"MLYCD","s1650_F_HYP_02_ASEReadCounter.table","NW_015090842.1:7150686",62,112,50
"MLYCD","s1650_F_HYP_02_ASEReadCounter.table","NW_015090842.1:7150696",58,112,54
"MLYCD","s1650_F_HYP_02_ASEReadCounter.table","NW_015090842.1:7150869",70,119,49
"MLYCD","s1650_F_HYP_02_ASEReadCounter.table","NW_015090842.1:7151100",51,100,49
"MLYCD","s1650_F_HYP_02_ASEReadCounter.table","NW_015090842.1:7151127",57,107,50
"MLYCD","s1650_F_HYP_02_ASEReadCounter.table","NW_015090842.1:7157538",34,63,29
"MLYCD","s1650_F_HYP_02_ASEReadCounter.table","NW_015090842.1:7167662",16,27,11
"MLYCD","s1650_F_HYP_02_ASEReadCounter.table","NW_015090842.1:7167675",18,26,8
"MLYCD","s1650_F_HYP_02_ASEReadCounter.table","NW_015090842.1:7167710",17,27,10
"MLYCD","s1650_F_HYP_02_ASEReadCounter.table","NW_015090842.1:7167781",11,19,8
"MLYCD","s1650_F_HYP_02_ASEReadCounter.table","NW_015090842.1:7167803",10,18,8
"MLYCD","s1650_F_HYP_02_ASEReadCounter.table","NW_015090842.1:7167812",11,16,5
"MLYCD","s1650_F_HYP_02_ASEReadCounter.table","NW_015090842.1:7167845",16,21,5
"MLYCD","s1650_F_HYP_02_ASEReadCounter.table","NW_015090842.1:7167862",17,23,6
"MLYCD","s1650_F_HYP_02_ASEReadCounter.table","NW_015090842.1:7167929",11,15,4
"MLYCD","s1650_F_HYP_02_ASEReadCounter.table","NW_015090842.1:7167995",8,12,4
"MLYCD","s1650_F_HYP_02_ASEReadCounter.table","NW_015090842.1:7168005",8,11,3
"MLYCD","s1650_F_HYP_02_ASEReadCounter.table","NW_015090842.1:7168037",9,11,2
"HSBP1","s1650_F_HYP_02_ASEReadCounter.table","NW_015090842.1:7245192",459,823,364
"HSBP1","s1650_F_HYP_02_ASEReadCounter.table","NW_015090842.1:7245226",541,959,418
"HSBP1","s1650_F_HYP_02_ASEReadCounter.table","NW_015090842.1:7245257",451,814,363
"HSBP1","s1650_F_HYP_02_ASEReadCounter.table","NW_015090842.1:7245296",422,806,384
"HSBP1","s1650_F_HYP_02_ASEReadCounter.table","NW_015090842.1:7245389",591,1039,448
"HSBP1","s1650_F_HYP_02_ASEReadCounter.table","NW_015090842.1:7245400",613,1036,423
"HSBP1","s1650_F_HYP_02_ASEReadCounter.table","NW_015090842.1:7245445",546,1009,463
"HSBP1","s1650_F_HYP_02_ASEReadCounter.table","NW_015090842.1:7245495",507,925,418
"HSBP1","s1650_F_HYP_02_ASEReadCounter.table","NW_015090842.1:7245733",326,608,282
"HSBP1","s1650_F_HYP_02_ASEReadCounter.table","NW_015090842.1:7245771",359,613,254
"HSBP1","s1650_F_HYP_02_ASEReadCounter.table","NW_015090842.1:7245813",352,612,260
"HSBP1","s1650_F_HYP_02_ASEReadCounter.table","NW_015090842.1:7245926",396,668,272
"HSBP1","s1650_F_HYP_02_ASEReadCounter.table","NW_015090842.1:7245927",397,669,272
"HSBP1","s1650_F_HYP_02_ASEReadCounter.table","NW_015090842.1:7245933",389,652,263
"HSBP1","s1650_F_HYP_02_ASEReadCounter.table","NW_015090842.1:7246002",293,536,243
"HSBP1","s1650_F_HYP_02_ASEReadCounter.table","NW_015090842.1:7246094",364,589,225
"HSBP1","s1650_F_HYP_02_ASEReadCounter.table","NW_015090842.1:7246167",337,576,239
"HSBP1","s1650_F_HYP_02_ASEReadCounter.table","NW_015090842.1:7246183",306,548,242
"HSBP1","s1650_F_HYP_02_ASEReadCounter.table","NW_015090842.1:7247285",43,64,21
"HSBP1","s1650_F_HYP_02_ASEReadCounter.table","NW_015090842.1:7247651",340,685,345
"HSBP1","s1650_F_HYP_02_ASEReadCounter.table","NW_015090842.1:7247657",341,695,354
"HSBP1","s1650_F_HYP_02_ASEReadCounter.table","NW_015090842.1:7248520",258,486,228
"HSBP1","s1650_F_HYP_02_ASEReadCounter.table","NW_015090842.1:7248535",223,405,182
"KCNG4","s1650_F_HYP_02_ASEReadCounter.table","NW_015090842.1:7282481",3,5,2
"KCNG4","s1650_F_HYP_02_ASEReadCounter.table","NW_015090842.1:7282500",2,4,2
"KCNG4","s1650_F_HYP_02_ASEReadCounter.table","NW_015090842.1:7282542",1,3,2
"KCNG4","s1650_F_HYP_02_ASEReadCounter.table","NW_015090842.1:7282579",1,3,2
"KCNG4","s1650_F_HYP_02_ASEReadCounter.table","NW_015090842.1:7282630",0,2,2
"KCNG4","s1650_F_HYP_02_ASEReadCounter.table","NW_015090842.1:7283056",3,4,1
"KCNG4","s1650_F_HYP_02_ASEReadCounter.table","NW_015090842.1:7283245",1,1,0
"KCNG4","s1650_F_HYP_02_ASEReadCounter.table","NW_015090842.1:7301195",1,1,0
"KCNG4","s1650_F_HYP_02_ASEReadCounter.table","NW_015090842.1:7301227",1,1,0
"KCNG4","s1650_F_HYP_02_ASEReadCounter.table","NW_015090842.1:7301240",1,1,0
"KCNG4","s1650_F_HYP_02_ASEReadCounter.table","NW_015090842.1:7301413",0,2,2
"WFDC1","s1650_F_HYP_02_ASEReadCounter.table","NW_015090842.1:7373367",0,1,1
"WFDC1","s1650_F_HYP_02_ASEReadCounter.table","NW_015090842.1:7375828",1,3,2
"WFDC1","s1650_F_HYP_02_ASEReadCounter.table","NW_015090842.1:7379125",3,6,3
"WFDC1","s1650_F_HYP_02_ASEReadCounter.table","NW_015090842.1:7379451",1,2,1
"WFDC1","s1650_F_HYP_02_ASEReadCounter.table","NW_015090842.1:7379471",0,1,1
"WFDC1","s1650_F_HYP_02_ASEReadCounter.table","NW_015090842.1:7379576",0,1,1
"WFDC1","s1650_F_HYP_02_ASEReadCounter.table","NW_015090842.1:7379596",0,1,1
"WFDC1","s1650_F_HYP_02_ASEReadCounter.table","NW_015090842.1:7379605",0,1,1
"WFDC1","s1650_F_HYP_02_ASEReadCounter.table","NW_015090842.1:7379626",0,1,1
"WFDC1","s1650_F_HYP_02_ASEReadCounter.table","NW_015090842.1:7379719",0,1,1
"WFDC1","s1650_F_HYP_02_ASEReadCounter.table","NW_015090842.1:7379735",0,1,1
"WFDC1","s1650_F_HYP_02_ASEReadCounter.table","NW_015090842.1:7379739",0,1,1
"WFDC1","s1650_F_HYP_02_ASEReadCounter.table","NW_015090842.1:7379840",0,1,1
"WFDC1","s1650_F_HYP_02_ASEReadCounter.table","NW_015090842.1:7379933",0,2,2
"WFDC1","s1650_F_HYP_02_ASEReadCounter.table","NW_015090842.1:7379935",0,2,2
"WFDC1","s1650_F_HYP_02_ASEReadCounter.table","NW_015090842.1:7380060",0,1,1
"WFDC1","s1650_F_HYP_02_ASEReadCounter.table","NW_015090842.1:7380136",1,2,1
"WFDC1","s1650_F_HYP_02_ASEReadCounter.table","NW_015090842.1:7380150",1,2,1
"WFDC1","s1650_F_HYP_02_ASEReadCounter.table","NW_015090842.1:7380164",1,2,1
"WFDC1","s1650_F_HYP_02_ASEReadCounter.table","NW_015090842.1:7380237",1,1,0
"WFDC1","s1650_F_HYP_02_ASEReadCounter.table","NW_015090842.1:7380261",1,1,0
"WFDC1","s1650_F_HYP_02_ASEReadCounter.table","NW_015090842.1:7380491",0,2,2
"WFDC1","s1650_F_HYP_02_ASEReadCounter.table","NW_015090842.1:7380567",0,2,2
"WFDC1","s1650_F_HYP_02_ASEReadCounter.table","NW_015090842.1:7380672",1,4,3
"WFDC1","s1650_F_HYP_02_ASEReadCounter.table","NW_015090842.1:7380721",1,2,1
"WFDC1","s1650_F_HYP_02_ASEReadCounter.table","NW_015090842.1:7380743",1,2,1
"WFDC1","s1650_F_HYP_02_ASEReadCounter.table","NW_015090842.1:7380852",1,2,1
"WFDC1","s1650_F_HYP_02_ASEReadCounter.table","NW_015090842.1:7380878",1,2,1
"WFDC1","s1650_F_HYP_02_ASEReadCounter.table","NW_015090842.1:7381081",1,2,1
"WFDC1","s1650_F_HYP_02_ASEReadCounter.table","NW_015090842.1:7381127",1,2,1
"WFDC1","s1650_F_HYP_02_ASEReadCounter.table","NW_015090842.1:7381195",0,3,3
"WFDC1","s1650_F_HYP_02_ASEReadCounter.table","NW_015090842.1:7381253",3,6,3
"WFDC1","s1650_F_HYP_02_ASEReadCounter.table","NW_015090842.1:7381378",3,6,3
"WFDC1","s1650_F_HYP_02_ASEReadCounter.table","NW_015090842.1:7381433",2,5,3
"WFDC1","s1650_F_HYP_02_ASEReadCounter.table","NW_015090842.1:7381434",2,5,3
"WFDC1","s1650_F_HYP_02_ASEReadCounter.table","NW_015090842.1:7381442",2,5,3
"WFDC1","s1650_F_HYP_02_ASEReadCounter.table","NW_015090842.1:7381517",2,5,3
"WFDC1","s1650_F_HYP_02_ASEReadCounter.table","NW_015090842.1:7381520",2,5,3
"WFDC1","s1650_F_HYP_02_ASEReadCounter.table","NW_015090842.1:7381677",0,3,3
"WFDC1","s1650_F_HYP_02_ASEReadCounter.table","NW_015090842.1:7381709",0,1,1
"ATP2C2","s1650_F_HYP_02_ASEReadCounter.table","NW_015090842.1:7392613",2,2,0
"ATP2C2","s1650_F_HYP_02_ASEReadCounter.table","NW_015090842.1:7395230",0,2,2
"ATP2C2","s1650_F_HYP_02_ASEReadCounter.table","NW_015090842.1:7395366",0,1,1
"ATP2C2","s1650_F_HYP_02_ASEReadCounter.table","NW_015090842.1:7399774",1,2,1
"ATP2C2","s1650_F_HYP_02_ASEReadCounter.table","NW_015090842.1:7402554",0,1,1
"ATP2C2","s1650_F_HYP_02_ASEReadCounter.table","NW_015090842.1:7405621",0,3,3
"ATP2C2","s1650_F_HYP_02_ASEReadCounter.table","NW_015090842.1:7413855",0,12,12
"ATP2C2","s1650_F_HYP_02_ASEReadCounter.table","NW_015090842.1:7413869",0,11,11
"ATP2C2","s1650_F_HYP_02_ASEReadCounter.table","NW_015090842.1:7413875",0,11,11
"TLDC1","s1650_F_HYP_02_ASEReadCounter.table","NW_015090842.1:7421137",65,101,36
"TLDC1","s1650_F_HYP_02_ASEReadCounter.table","NW_015090842.1:7421155",51,84,33
"TLDC1","s1650_F_HYP_02_ASEReadCounter.table","NW_015090842.1:7421218",59,89,30
"TLDC1","s1650_F_HYP_02_ASEReadCounter.table","NW_015090842.1:7421399",51,74,23
"TLDC1","s1650_F_HYP_02_ASEReadCounter.table","NW_015090842.1:7421402",50,73,23
"TLDC1","s1650_F_HYP_02_ASEReadCounter.table","NW_015090842.1:7421528",46,71,25
"TLDC1","s1650_F_HYP_02_ASEReadCounter.table","NW_015090842.1:7421532",42,67,25
"TLDC1","s1650_F_HYP_02_ASEReadCounter.table","NW_015090842.1:7421621",54,72,18
"TLDC1","s1650_F_HYP_02_ASEReadCounter.table","NW_015090842.1:7421647",50,66,16
"TLDC1","s1650_F_HYP_02_ASEReadCounter.table","NW_015090842.1:7421657",43,59,16
"TLDC1","s1650_F_HYP_02_ASEReadCounter.table","NW_015090842.1:7421693",49,68,19
"TLDC1","s1650_F_HYP_02_ASEReadCounter.table","NW_015090842.1:7421796",55,81,26
"TLDC1","s1650_F_HYP_02_ASEReadCounter.table","NW_015090842.1:7421810",56,80,24
"TLDC1","s1650_F_HYP_02_ASEReadCounter.table","NW_015090842.1:7421833",41,64,23
"TLDC1","s1650_F_HYP_02_ASEReadCounter.table","NW_015090842.1:7421879",39,60,21
"TLDC1","s1650_F_HYP_02_ASEReadCounter.table","NW_015090842.1:7421914",49,70,21
"TLDC1","s1650_F_HYP_02_ASEReadCounter.table","NW_015090842.1:7421969",42,57,15
"TLDC1","s1650_F_HYP_02_ASEReadCounter.table","NW_015090842.1:7422015",20,33,13
"TLDC1","s1650_F_HYP_02_ASEReadCounter.table","NW_015090842.1:7422042",34,51,17
"TLDC1","s1650_F_HYP_02_ASEReadCounter.table","NW_015090842.1:7422230",50,71,21
"TLDC1","s1650_F_HYP_02_ASEReadCounter.table","NW_015090842.1:7423349",40,63,23
"TLDC1","s1650_F_HYP_02_ASEReadCounter.table","NW_015090842.1:7423362",37,58,21
"TLDC1","s1650_F_HYP_02_ASEReadCounter.table","NW_015090842.1:7426091",25,36,11
"TLDC1","s1650_F_HYP_02_ASEReadCounter.table","NW_015090842.1:7426485",29,42,13
"TLDC1","s1650_F_HYP_02_ASEReadCounter.table","NW_015090842.1:7427211",31,43,12
"TLDC1","s1650_F_HYP_02_ASEReadCounter.table","NW_015090842.1:7428179",26,36,10
"COTL1","s1650_F_HYP_02_ASEReadCounter.table","NW_015090842.1:7490744",540,1231,691
"COTL1","s1650_F_HYP_02_ASEReadCounter.table","NW_015090842.1:7491051",398,885,487
"COTL1","s1650_F_HYP_02_ASEReadCounter.table","NW_015090842.1:7491124",384,818,434
"COTL1","s1650_F_HYP_02_ASEReadCounter.table","NW_015090842.1:7491418",220,475,255
"COTL1","s1650_F_HYP_02_ASEReadCounter.table","NW_015090842.1:7491539",160,358,198
"COTL1","s1650_F_HYP_02_ASEReadCounter.table","NW_015090842.1:7491585",251,534,283
"COTL1","s1650_F_HYP_02_ASEReadCounter.table","NW_015090842.1:7491586",248,549,301
"COTL1","s1650_F_HYP_02_ASEReadCounter.table","NW_015090842.1:7491646",319,690,371
"COTL1","s1650_F_HYP_02_ASEReadCounter.table","NW_015090842.1:7491747",259,531,272
"COTL1","s1650_F_HYP_02_ASEReadCounter.table","NW_015090842.1:7491803",220,461,241
"COTL1","s1650_F_HYP_02_ASEReadCounter.table","NW_015090842.1:7506078",0,1,1
"COTL1","s1650_F_HYP_02_ASEReadCounter.table","NW_015090842.1:7513239",1,1,0
"KLHL36","s1650_F_HYP_02_ASEReadCounter.table","NW_015090842.1:7514700",27,36,9
"KLHL36","s1650_F_HYP_02_ASEReadCounter.table","NW_015090842.1:7519691",4,7,3
"KLHL36","s1650_F_HYP_02_ASEReadCounter.table","NW_015090842.1:7519696",4,7,3
"KLHL36","s1650_F_HYP_02_ASEReadCounter.table","NW_015090842.1:7526160",25,36,11
"KLHL36","s1650_F_HYP_02_ASEReadCounter.table","NW_015090842.1:7526469",8,23,15
"KLHL36","s1650_F_HYP_02_ASEReadCounter.table","NW_015090842.1:7526587",13,25,12
"KLHL36","s1650_F_HYP_02_ASEReadCounter.table","NW_015090842.1:7526997",11,20,9
"KLHL36","s1650_F_HYP_02_ASEReadCounter.table","NW_015090842.1:7527142",13,29,16
"KLHL36","s1650_F_HYP_02_ASEReadCounter.table","NW_015090842.1:7535174",39,66,27
"KLHL36","s1650_F_HYP_02_ASEReadCounter.table","NW_015090842.1:7535384",21,47,26
"KLHL36","s1650_F_HYP_02_ASEReadCounter.table","NW_015090842.1:7535420",22,49,27
"KLHL36","s1650_F_HYP_02_ASEReadCounter.table","NW_015090842.1:7535545",28,45,17
"KLHL36","s1650_F_HYP_02_ASEReadCounter.table","NW_015090842.1:7535829",24,47,23
"KLHL36","s1650_F_HYP_02_ASEReadCounter.table","NW_015090842.1:7535977",28,52,24
"KLHL36","s1650_F_HYP_02_ASEReadCounter.table","NW_015090842.1:7536010",30,59,29
"KLHL36","s1650_F_HYP_02_ASEReadCounter.table","NW_015090842.1:7536051",30,59,29
"KLHL36","s1650_F_HYP_02_ASEReadCounter.table","NW_015090842.1:7536096",25,61,36
"KLHL36","s1650_F_HYP_02_ASEReadCounter.table","NW_015090842.1:7536135",33,67,34
"KLHL36","s1650_F_HYP_02_ASEReadCounter.table","NW_015090842.1:7536136",32,63,31
"KLHL36","s1650_F_HYP_02_ASEReadCounter.table","NW_015090842.1:7536160",35,68,33
"KLHL36","s1650_F_HYP_02_ASEReadCounter.table","NW_015090842.1:7536336",39,71,32
"KLHL36","s1650_F_HYP_02_ASEReadCounter.table","NW_015090842.1:7536352",40,75,35
"KLHL36","s1650_F_HYP_02_ASEReadCounter.table","NW_015090842.1:7536412",33,80,47
"KLHL36","s1650_F_HYP_02_ASEReadCounter.table","NW_015090842.1:7536418",29,75,46
"KLHL36","s1650_F_HYP_02_ASEReadCounter.table","NW_015090842.1:7536465",26,71,45
"KLHL36","s1650_F_HYP_02_ASEReadCounter.table","NW_015090842.1:7536466",27,71,44
"KLHL36","s1650_F_HYP_02_ASEReadCounter.table","NW_015090842.1:7536553",57,93,36
"KLHL36","s1650_F_HYP_02_ASEReadCounter.table","NW_015090842.1:7536698",44,80,36
"KLHL36","s1650_F_HYP_02_ASEReadCounter.table","NW_015090842.1:7536713",25,67,42
"KLHL36","s1650_F_HYP_02_ASEReadCounter.table","NW_015090842.1:7536720",32,56,24
"KLHL36","s1650_F_HYP_02_ASEReadCounter.table","NW_015090842.1:7536791",37,75,38
"KLHL36","s1650_F_HYP_02_ASEReadCounter.table","NW_015090842.1:7536849",34,64,30
"KLHL36","s1650_F_HYP_02_ASEReadCounter.table","NW_015090842.1:7536872",36,75,39
"KLHL36","s1650_F_HYP_02_ASEReadCounter.table","NW_015090842.1:7536878",38,73,35
"KLHL36","s1650_F_HYP_02_ASEReadCounter.table","NW_015090842.1:7536916",46,83,37
"KLHL36","s1650_F_HYP_02_ASEReadCounter.table","NW_015090842.1:7536927",47,109,62
"KLHL36","s1650_F_HYP_02_ASEReadCounter.table","NW_015090842.1:7537315",54,102,48
"KLHL36","s1650_F_HYP_02_ASEReadCounter.table","NW_015090842.1:7537352",46,84,38
"KLHL36","s1650_F_HYP_02_ASEReadCounter.table","NW_015090842.1:7537631",65,155,90
"KLHL36","s1650_F_HYP_02_ASEReadCounter.table","NW_015090842.1:7537830",83,153,70
"KLHL36","s1650_F_HYP_02_ASEReadCounter.table","NW_015090842.1:7537838",72,143,71
"KLHL36","s1650_F_HYP_02_ASEReadCounter.table","NW_015090842.1:7538153",47,103,56
"KLHL36","s1650_F_HYP_02_ASEReadCounter.table","NW_015090842.1:7538256",32,87,55
"KLHL36","s1650_F_HYP_02_ASEReadCounter.table","NW_015090842.1:7538265",36,89,53
"KLHL36","s1650_F_HYP_02_ASEReadCounter.table","NW_015090842.1:7538300",43,92,49
"USP10","s1650_F_HYP_02_ASEReadCounter.table","NW_015090842.1:7563972",5,7,2
"USP10","s1650_F_HYP_02_ASEReadCounter.table","NW_015090842.1:7571816",10,16,6
"USP10","s1650_F_HYP_02_ASEReadCounter.table","NW_015090842.1:7571993",13,30,17
"USP10","s1650_F_HYP_02_ASEReadCounter.table","NW_015090842.1:7572580",22,42,20
"USP10","s1650_F_HYP_02_ASEReadCounter.table","NW_015090842.1:7587372",77,163,86
"CRISPLD2","s1650_F_HYP_02_ASEReadCounter.table","NW_015090842.1:7610084",1,1,0
"CRISPLD2","s1650_F_HYP_02_ASEReadCounter.table","NW_015090842.1:7617757",1,1,0
"CRISPLD2","s1650_F_HYP_02_ASEReadCounter.table","NW_015090842.1:7617781",1,1,0
"CRISPLD2","s1650_F_HYP_02_ASEReadCounter.table","NW_015090842.1:7621452",1,1,0
"CRISPLD2","s1650_F_HYP_02_ASEReadCounter.table","NW_015090842.1:7625451",3,4,1
"CRISPLD2","s1650_F_HYP_02_ASEReadCounter.table","NW_015090842.1:7626214",1,1,0
"CRISPLD2","s1650_F_HYP_02_ASEReadCounter.table","NW_015090842.1:7630784",3,4,1
"CRISPLD2","s1650_F_HYP_02_ASEReadCounter.table","NW_015090842.1:7630823",3,4,1
"CRISPLD2","s1650_F_HYP_02_ASEReadCounter.table","NW_015090842.1:7633172",3,3,0
"CRISPLD2","s1650_F_HYP_02_ASEReadCounter.table","NW_015090842.1:7633326",4,5,1
"CRISPLD2","s1650_F_HYP_02_ASEReadCounter.table","NW_015090842.1:7633336",4,4,0
"CRISPLD2","s1650_F_HYP_02_ASEReadCounter.table","NW_015090842.1:7633381",6,7,1
"CRISPLD2","s1650_F_HYP_02_ASEReadCounter.table","NW_015090842.1:7633388",3,4,1
"CRISPLD2","s1650_F_HYP_02_ASEReadCounter.table","NW_015090842.1:7633400",4,5,1
"CRISPLD2","s1650_F_HYP_02_ASEReadCounter.table","NW_015090842.1:7633486",5,7,2
"CRISPLD2","s1650_F_HYP_02_ASEReadCounter.table","NW_015090842.1:7633503",5,7,2
"CRISPLD2","s1650_F_HYP_02_ASEReadCounter.table","NW_015090842.1:7633504",5,7,2
"CRISPLD2","s1650_F_HYP_02_ASEReadCounter.table","NW_015090842.1:7633557",3,5,2
"CRISPLD2","s1650_F_HYP_02_ASEReadCounter.table","NW_015090842.1:7633571",3,5,2
"CRISPLD2","s1650_F_HYP_02_ASEReadCounter.table","NW_015090842.1:7633588",3,5,2
"CRISPLD2","s1650_F_HYP_02_ASEReadCounter.table","NW_015090842.1:7633617",2,4,2
"CRISPLD2","s1650_F_HYP_02_ASEReadCounter.table","NW_015090842.1:7633695",2,3,1
"CRISPLD2","s1650_F_HYP_02_ASEReadCounter.table","NW_015090842.1:7633721",2,2,0
"CRISPLD2","s1650_F_HYP_02_ASEReadCounter.table","NW_015090842.1:7633910",0,1,1
"CRISPLD2","s1650_F_HYP_02_ASEReadCounter.table","NW_015090842.1:7634142",1,2,1
"CRISPLD2","s1650_F_HYP_02_ASEReadCounter.table","NW_015090842.1:7634417",1,2,1
"CRISPLD2","s1650_F_HYP_02_ASEReadCounter.table","NW_015090842.1:7634825",1,1,0
"CRISPLD2","s1650_F_HYP_02_ASEReadCounter.table","NW_015090842.1:7634852",2,2,0
"CRISPLD2","s1650_F_HYP_02_ASEReadCounter.table","NW_015090842.1:7635009",5,5,0
"CRISPLD2","s1650_F_HYP_02_ASEReadCounter.table","NW_015090842.1:7635208",9,9,0
"CRISPLD2","s1650_F_HYP_02_ASEReadCounter.table","NW_015090842.1:7635373",2,3,1
"CRISPLD2","s1650_F_HYP_02_ASEReadCounter.table","NW_015090842.1:7635525",3,5,2
"CRISPLD2","s1650_F_HYP_02_ASEReadCounter.table","NW_015090842.1:7635583",4,5,1
"CRISPLD2","s1650_F_HYP_02_ASEReadCounter.table","NW_015090842.1:7635924",7,8,1
"LOC106888312","s1650_F_HYP_02_ASEReadCounter.table","NW_015090842.1:7732739",1,1,0
"LOC106888312","s1650_F_HYP_02_ASEReadCounter.table","NW_015090842.1:7732743",1,1,0
"LOC106888312","s1650_F_HYP_02_ASEReadCounter.table","NW_015090842.1:7732744",1,1,0
"LOC106888312","s1650_F_HYP_02_ASEReadCounter.table","NW_015090842.1:7732756",1,1,0
"LOC106888312","s1650_F_HYP_02_ASEReadCounter.table","NW_015090842.1:7732757",1,1,0
"LOC106888312","s1650_F_HYP_02_ASEReadCounter.table","NW_015090842.1:7732782",1,1,0
"LOC106888312","s1650_F_HYP_02_ASEReadCounter.table","NW_015090842.1:7732796",1,1,0
"LOC106888312","s1650_F_HYP_02_ASEReadCounter.table","NW_015090842.1:7733299",1,1,0
"LOC106888312","s1650_F_HYP_02_ASEReadCounter.table","NW_015090842.1:7733507",1,1,0
"LOC106888312","s1650_F_HYP_02_ASEReadCounter.table","NW_015090842.1:7733508",1,1,0
"LOC106888312","s1650_F_HYP_02_ASEReadCounter.table","NW_015090842.1:7733518",1,1,0
"ZDHHC7","s1650_F_HYP_02_ASEReadCounter.table","NW_015090842.1:7737199",24,73,49
"ZDHHC7","s1650_F_HYP_02_ASEReadCounter.table","NW_015090842.1:7737332",28,59,31
"ZDHHC7","s1650_F_HYP_02_ASEReadCounter.table","NW_015090842.1:7737553",36,72,36
"ZDHHC7","s1650_F_HYP_02_ASEReadCounter.table","NW_015090842.1:7737920",18,42,24
"ZDHHC7","s1650_F_HYP_02_ASEReadCounter.table","NW_015090842.1:7737953",20,43,23
"ZDHHC7","s1650_F_HYP_02_ASEReadCounter.table","NW_015090842.1:7737987",23,45,22
"ZDHHC7","s1650_F_HYP_02_ASEReadCounter.table","NW_015090842.1:7738068",17,39,22
"ZDHHC7","s1650_F_HYP_02_ASEReadCounter.table","NW_015090842.1:7738204",24,50,26
"LOC106888097","s1650_F_HYP_02_ASEReadCounter.table","NW_015090842.1:7767178",3,7,4
"LOC106888097","s1650_F_HYP_02_ASEReadCounter.table","NW_015090842.1:7767187",3,7,4
"LOC106888097","s1650_F_HYP_02_ASEReadCounter.table","NW_015090842.1:7768144",5,12,7
"LOC106888097","s1650_F_HYP_02_ASEReadCounter.table","NW_015090842.1:7768196",7,15,8
"LOC106888097","s1650_F_HYP_02_ASEReadCounter.table","NW_015090842.1:7769884",15,27,12
"LOC106888097","s1650_F_HYP_02_ASEReadCounter.table","NW_015090842.1:7769893",15,27,12
"LOC106888097","s1650_F_HYP_02_ASEReadCounter.table","NW_015090842.1:7770245",16,32,16
"LOC106888097","s1650_F_HYP_02_ASEReadCounter.table","NW_015090842.1:7772402",18,45,27
"LOC106888097","s1650_F_HYP_02_ASEReadCounter.table","NW_015090842.1:7772483",18,52,34
"LOC106888097","s1650_F_HYP_02_ASEReadCounter.table","NW_015090842.1:7772490",15,45,30
"LOC106888097","s1650_F_HYP_02_ASEReadCounter.table","NW_015090842.1:7774281",22,53,31
"LOC106888097","s1650_F_HYP_02_ASEReadCounter.table","NW_015090842.1:7774552",29,79,50
"LOC106888097","s1650_F_HYP_02_ASEReadCounter.table","NW_015090842.1:7774564",30,78,48
"LOC106888097","s1650_F_HYP_02_ASEReadCounter.table","NW_015090842.1:7774611",18,68,50
"LOC106888097","s1650_F_HYP_02_ASEReadCounter.table","NW_015090842.1:7774681",27,66,39
"LOC106888097","s1650_F_HYP_02_ASEReadCounter.table","NW_015090842.1:7774698",28,66,38
"LOC106888097","s1650_F_HYP_02_ASEReadCounter.table","NW_015090842.1:7774730",17,38,21
"LOC106888097","s1650_F_HYP_02_ASEReadCounter.table","NW_015090842.1:7774778",3,4,1
"LOC106888097","s1650_F_HYP_02_ASEReadCounter.table","NW_015090842.1:7774793",2,3,1
"FOXL1","s1650_F_HYP_02_ASEReadCounter.table","NW_015090842.1:8113043",0,1,1
"FOXC2","s1650_F_HYP_02_ASEReadCounter.table","NW_015090842.1:8129599",1,4,3
"FOXC2","s1650_F_HYP_02_ASEReadCounter.table","NW_015090842.1:8129616",1,5,4
"FOXC2","s1650_F_HYP_02_ASEReadCounter.table","NW_015090842.1:8129715",6,7,1
"FOXC2","s1650_F_HYP_02_ASEReadCounter.table","NW_015090842.1:8129719",5,6,1
"FOXC2","s1650_F_HYP_02_ASEReadCounter.table","NW_015090842.1:8130244",2,6,4
"FOXC2","s1650_F_HYP_02_ASEReadCounter.table","NW_015090842.1:8130472",1,2,1
"FOXC2","s1650_F_HYP_02_ASEReadCounter.table","NW_015090842.1:8130490",1,2,1
"MTHFSD","s1650_F_HYP_02_ASEReadCounter.table","NW_015090842.1:8140051",6,16,10
"MTHFSD","s1650_F_HYP_02_ASEReadCounter.table","NW_015090842.1:8142923",17,44,27
"MTHFSD","s1650_F_HYP_02_ASEReadCounter.table","NW_015090842.1:8143029",25,58,33
"MTHFSD","s1650_F_HYP_02_ASEReadCounter.table","NW_015090842.1:8152035",21,40,19
"MTHFSD","s1650_F_HYP_02_ASEReadCounter.table","NW_015090842.1:8152315",20,42,22
"MTHFSD","s1650_F_HYP_02_ASEReadCounter.table","NW_015090842.1:8152511",17,31,14
"MTHFSD","s1650_F_HYP_02_ASEReadCounter.table","NW_015090842.1:8152518",17,31,14
"MTHFSD","s1650_F_HYP_02_ASEReadCounter.table","NW_015090842.1:8152553",10,21,11
"MTHFSD","s1650_F_HYP_02_ASEReadCounter.table","NW_015090842.1:8152773",21,46,25
"MTHFSD","s1650_F_HYP_02_ASEReadCounter.table","NW_015090842.1:8152805",21,48,27
"IRF8","s1650_F_HYP_02_ASEReadCounter.table","NW_015090842.1:8406652",11,24,13
"IRF8","s1650_F_HYP_02_ASEReadCounter.table","NW_015090842.1:8406703",19,29,10
"IRF8","s1650_F_HYP_02_ASEReadCounter.table","NW_015090842.1:8406704",19,27,8
"IRF8","s1650_F_HYP_02_ASEReadCounter.table","NW_015090842.1:8406757",21,31,10
"IRF8","s1650_F_HYP_02_ASEReadCounter.table","NW_015090842.1:8406778",20,34,14
"IRF8","s1650_F_HYP_02_ASEReadCounter.table","NW_015090842.1:8406819",16,31,15
"IRF8","s1650_F_HYP_02_ASEReadCounter.table","NW_015090842.1:8406941",7,19,12
"IRF8","s1650_F_HYP_02_ASEReadCounter.table","NW_015090842.1:8407008",9,18,9
"IRF8","s1650_F_HYP_02_ASEReadCounter.table","NW_015090842.1:8407057",11,17,6
"IRF8","s1650_F_HYP_02_ASEReadCounter.table","NW_015090842.1:8407064",11,18,7
"IRF8","s1650_F_HYP_02_ASEReadCounter.table","NW_015090842.1:8407069",12,19,7
"IRF8","s1650_F_HYP_02_ASEReadCounter.table","NW_015090842.1:8407120",11,19,8
"IRF8","s1650_F_HYP_02_ASEReadCounter.table","NW_015090842.1:8407157",9,14,5
"IRF8","s1650_F_HYP_02_ASEReadCounter.table","NW_015090842.1:8407203",11,19,8
"IRF8","s1650_F_HYP_02_ASEReadCounter.table","NW_015090842.1:8407272",14,30,16
"IRF8","s1650_F_HYP_02_ASEReadCounter.table","NW_015090842.1:8407276",11,27,16
"IRF8","s1650_F_HYP_02_ASEReadCounter.table","NW_015090842.1:8407303",11,28,17
"IRF8","s1650_F_HYP_02_ASEReadCounter.table","NW_015090842.1:8407451",5,13,8
"IRF8","s1650_F_HYP_02_ASEReadCounter.table","NW_015090842.1:8407456",4,12,8
"IRF8","s1650_F_HYP_02_ASEReadCounter.table","NW_015090842.1:8408564",10,18,8
"IRF8","s1650_F_HYP_02_ASEReadCounter.table","NW_015090842.1:8408585",17,17,0
"IRF8","s1650_F_HYP_02_ASEReadCounter.table","NW_015090842.1:8408973",7,16,9
"IRF8","s1650_F_HYP_02_ASEReadCounter.table","NW_015090842.1:8409060",8,11,3
"IRF8","s1650_F_HYP_02_ASEReadCounter.table","NW_015090842.1:8409065",8,11,3
"IRF8","s1650_F_HYP_02_ASEReadCounter.table","NW_015090842.1:8409254",6,8,2
"IRF8","s1650_F_HYP_02_ASEReadCounter.table","NW_015090842.1:8409255",6,8,2
"IRF8","s1650_F_HYP_02_ASEReadCounter.table","NW_015090842.1:8409258",6,8,2
"IRF8","s1650_F_HYP_02_ASEReadCounter.table","NW_015090842.1:8409312",8,12,4
"IRF8","s1650_F_HYP_02_ASEReadCounter.table","NW_015090842.1:8410216",10,14,4
"IRF8","s1650_F_HYP_02_ASEReadCounter.table","NW_015090842.1:8410237",7,10,3
"IRF8","s1650_F_HYP_02_ASEReadCounter.table","NW_015090842.1:8410276",14,14,0
"IRF8","s1650_F_HYP_02_ASEReadCounter.table","NW_015090842.1:8410813",10,20,10
"IRF8","s1650_F_HYP_02_ASEReadCounter.table","NW_015090842.1:8410861",8,16,8
"IRF8","s1650_F_HYP_02_ASEReadCounter.table","NW_015090842.1:8411940",6,14,8
"IRF8","s1650_F_HYP_02_ASEReadCounter.table","NW_015090842.1:8412006",2,9,7
"IRF8","s1650_F_HYP_02_ASEReadCounter.table","NW_015090842.1:8412042",3,10,7
"DUSP15","s1650_F_HYP_02_ASEReadCounter.table","NW_015090842.1:8422787",1,1,0
"DUSP15","s1650_F_HYP_02_ASEReadCounter.table","NW_015090842.1:8422832",1,1,0
"COX4I1","s1650_F_HYP_02_ASEReadCounter.table","NW_015090842.1:8442258",1387,2553,1166
"COX4I1","s1650_F_HYP_02_ASEReadCounter.table","NW_015090842.1:8442333",1177,2133,956
"EMC8","s1650_F_HYP_02_ASEReadCounter.table","NW_015090842.1:8444046",54,104,50
"EMC8","s1650_F_HYP_02_ASEReadCounter.table","NW_015090842.1:8444064",44,84,40
"EMC8","s1650_F_HYP_02_ASEReadCounter.table","NW_015090842.1:8452029",19,54,35
"EMC8","s1650_F_HYP_02_ASEReadCounter.table","NW_015090842.1:8452116",39,83,44
"EMC8","s1650_F_HYP_02_ASEReadCounter.table","NW_015090842.1:8452121",37,82,45
"EMC8","s1650_F_HYP_02_ASEReadCounter.table","NW_015090842.1:8452222",25,55,30
"EMC8","s1650_F_HYP_02_ASEReadCounter.table","NW_015090842.1:8452244",26,69,43
"EMC8","s1650_F_HYP_02_ASEReadCounter.table","NW_015090842.1:8452477",13,27,14
"EMC8","s1650_F_HYP_02_ASEReadCounter.table","NW_015090842.1:8452498",13,28,15
"EMC8","s1650_F_HYP_02_ASEReadCounter.table","NW_015090842.1:8452535",11,19,8
"EMC8","s1650_F_HYP_02_ASEReadCounter.table","NW_015090842.1:8452575",13,19,6
"EMC8","s1650_F_HYP_02_ASEReadCounter.table","NW_015090842.1:8452600",12,19,7
"EMC8","s1650_F_HYP_02_ASEReadCounter.table","NW_015090842.1:8452616",16,21,5
"EMC8","s1650_F_HYP_02_ASEReadCounter.table","NW_015090842.1:8452630",11,15,4
"EMC8","s1650_F_HYP_02_ASEReadCounter.table","NW_015090842.1:8452650",14,18,4
"EMC8","s1650_F_HYP_02_ASEReadCounter.table","NW_015090842.1:8452678",14,22,8
"EMC8","s1650_F_HYP_02_ASEReadCounter.table","NW_015090842.1:8452724",10,18,8
"EMC8","s1650_F_HYP_02_ASEReadCounter.table","NW_015090842.1:8452731",9,17,8
"EMC8","s1650_F_HYP_02_ASEReadCounter.table","NW_015090842.1:8452743",6,18,12
"EMC8","s1650_F_HYP_02_ASEReadCounter.table","NW_015090842.1:8452750",5,18,13
"EMC8","s1650_F_HYP_02_ASEReadCounter.table","NW_015090842.1:8452778",4,15,11
"EMC8","s1650_F_HYP_02_ASEReadCounter.table","NW_015090842.1:8452783",6,20,14
"EMC8","s1650_F_HYP_02_ASEReadCounter.table","NW_015090842.1:8452800",8,21,13
"EMC8","s1650_F_HYP_02_ASEReadCounter.table","NW_015090842.1:8452804",9,22,13
"EMC8","s1650_F_HYP_02_ASEReadCounter.table","NW_015090842.1:8452812",11,24,13
"EMC8","s1650_F_HYP_02_ASEReadCounter.table","NW_015090842.1:8452858",15,29,14
"EMC8","s1650_F_HYP_02_ASEReadCounter.table","NW_015090842.1:8452906",22,41,19
"EMC8","s1650_F_HYP_02_ASEReadCounter.table","NW_015090842.1:8452913",21,41,20
"EMC8","s1650_F_HYP_02_ASEReadCounter.table","NW_015090842.1:8453000",30,51,21
"EMC8","s1650_F_HYP_02_ASEReadCounter.table","NW_015090842.1:8453007",32,55,23
"EMC8","s1650_F_HYP_02_ASEReadCounter.table","NW_015090842.1:8453058",33,55,22
"EMC8","s1650_F_HYP_02_ASEReadCounter.table","NW_015090842.1:8453106",19,43,24
"GINS2","s1650_F_HYP_02_ASEReadCounter.table","NW_015090842.1:8466420",10,13,3
"GINS2","s1650_F_HYP_02_ASEReadCounter.table","NW_015090842.1:8466424",10,13,3
"GINS2","s1650_F_HYP_02_ASEReadCounter.table","NW_015090842.1:8466518",11,13,2
"GINS2","s1650_F_HYP_02_ASEReadCounter.table","NW_015090842.1:8468482",21,26,5
"GINS2","s1650_F_HYP_02_ASEReadCounter.table","NW_015090842.1:8470290",26,31,5
"GINS2","s1650_F_HYP_02_ASEReadCounter.table","NW_015090842.1:8470305",29,33,4
"GINS2","s1650_F_HYP_02_ASEReadCounter.table","NW_015090842.1:8470381",29,33,4
"GINS2","s1650_F_HYP_02_ASEReadCounter.table","NW_015090842.1:8470418",24,28,4
"GINS2","s1650_F_HYP_02_ASEReadCounter.table","NW_015090842.1:8470421",20,24,4
"GINS2","s1650_F_HYP_02_ASEReadCounter.table","NW_015090842.1:8470430",20,24,4
"GINS2","s1650_F_HYP_02_ASEReadCounter.table","NW_015090842.1:8470433",20,24,4
"GINS2","s1650_F_HYP_02_ASEReadCounter.table","NW_015090842.1:8470457",8,12,4
"GINS2","s1650_F_HYP_02_ASEReadCounter.table","NW_015090842.1:8470491",14,16,2
"GINS2","s1650_F_HYP_02_ASEReadCounter.table","NW_015090842.1:8470548",25,28,3
"GINS2","s1650_F_HYP_02_ASEReadCounter.table","NW_015090842.1:8470649",24,28,4
"GSE1","s1650_F_HYP_02_ASEReadCounter.table","NW_015090842.1:8475362",80,131,51
"GSE1","s1650_F_HYP_02_ASEReadCounter.table","NW_015090842.1:8475961",38,50,12
"GSE1","s1650_F_HYP_02_ASEReadCounter.table","NW_015090842.1:8476027",29,41,12
"GSE1","s1650_F_HYP_02_ASEReadCounter.table","NW_015090842.1:8476159",10,16,6
"GSE1","s1650_F_HYP_02_ASEReadCounter.table","NW_015090842.1:8477442",0,24,24
"GSE1","s1650_F_HYP_02_ASEReadCounter.table","NW_015090842.1:8477448",0,24,24
"GSE1","s1650_F_HYP_02_ASEReadCounter.table","NW_015090842.1:8477662",2,15,13
"GSE1","s1650_F_HYP_02_ASEReadCounter.table","NW_015090842.1:8477933",22,44,22
"GSE1","s1650_F_HYP_02_ASEReadCounter.table","NW_015090842.1:8477945",21,40,19
"GSE1","s1650_F_HYP_02_ASEReadCounter.table","NW_015090842.1:8483272",3,25,22
"GSE1","s1650_F_HYP_02_ASEReadCounter.table","NW_015090842.1:8483367",1,7,6
"GSE1","s1650_F_HYP_02_ASEReadCounter.table","NW_015090842.1:8483411",3,12,9
"GSE1","s1650_F_HYP_02_ASEReadCounter.table","NW_015090842.1:8483756",2,11,9
"GSE1","s1650_F_HYP_02_ASEReadCounter.table","NW_015090842.1:8486867",11,34,23
"GSE1","s1650_F_HYP_02_ASEReadCounter.table","NW_015090842.1:8486939",17,44,27
"GSE1","s1650_F_HYP_02_ASEReadCounter.table","NW_015090842.1:8486945",20,47,27
"GSE1","s1650_F_HYP_02_ASEReadCounter.table","NW_015090842.1:8486993",19,42,23
"GSE1","s1650_F_HYP_02_ASEReadCounter.table","NW_015090842.1:8487062",13,30,17
"GSE1","s1650_F_HYP_02_ASEReadCounter.table","NW_015090842.1:8488065",13,22,9
"GSE1","s1650_F_HYP_02_ASEReadCounter.table","NW_015090842.1:8488457",10,18,8
"GSE1","s1650_F_HYP_02_ASEReadCounter.table","NW_015090842.1:8488463",10,19,9
"GSE1","s1650_F_HYP_02_ASEReadCounter.table","NW_015090842.1:8488490",18,18,0
"GSE1","s1650_F_HYP_02_ASEReadCounter.table","NW_015090842.1:8488505",9,17,8
"GSE1","s1650_F_HYP_02_ASEReadCounter.table","NW_015090842.1:8490180",0,18,18
"KIAA0513","s1650_F_HYP_02_ASEReadCounter.table","NW_015090842.1:8668363",105,197,92
"KIAA0513","s1650_F_HYP_02_ASEReadCounter.table","NW_015090842.1:8668387",100,187,87
"KIAA0513","s1650_F_HYP_02_ASEReadCounter.table","NW_015090842.1:8668390",98,184,86
"KIAA0513","s1650_F_HYP_02_ASEReadCounter.table","NW_015090842.1:8673107",78,155,77
"KIAA0513","s1650_F_HYP_02_ASEReadCounter.table","NW_015090842.1:8673147",64,139,75
"KIAA0513","s1650_F_HYP_02_ASEReadCounter.table","NW_015090842.1:8674661",54,115,61
"KIAA0513","s1650_F_HYP_02_ASEReadCounter.table","NW_015090842.1:8674685",51,108,57
"KIAA0513","s1650_F_HYP_02_ASEReadCounter.table","NW_015090842.1:8674730",47,95,48
"KIAA0513","s1650_F_HYP_02_ASEReadCounter.table","NW_015090842.1:8675525",31,73,42
"KIAA0513","s1650_F_HYP_02_ASEReadCounter.table","NW_015090842.1:8675561",29,67,38
"KIAA0513","s1650_F_HYP_02_ASEReadCounter.table","NW_015090842.1:8678608",0,6,6
"KIAA0513","s1650_F_HYP_02_ASEReadCounter.table","NW_015090842.1:8686455",0,11,11
"KIAA0513","s1650_F_HYP_02_ASEReadCounter.table","NW_015090842.1:8686508",1,13,12
"KIAA0513","s1650_F_HYP_02_ASEReadCounter.table","NW_015090842.1:8686521",0,13,13
"KIAA0513","s1650_F_HYP_02_ASEReadCounter.table","NW_015090842.1:8693642",1,5,4
"KIAA0513","s1650_F_HYP_02_ASEReadCounter.table","NW_015090842.1:8693712",0,1,1
"FBXO31","s1650_F_HYP_02_ASEReadCounter.table","NW_015090842.1:8710240",21,40,19
"FBXO31","s1650_F_HYP_02_ASEReadCounter.table","NW_015090842.1:8710372",16,31,15
"FBXO31","s1650_F_HYP_02_ASEReadCounter.table","NW_015090842.1:8711239",21,41,20
"FBXO31","s1650_F_HYP_02_ASEReadCounter.table","NW_015090842.1:8714565",27,49,22
"FBXO31","s1650_F_HYP_02_ASEReadCounter.table","NW_015090842.1:8716001",16,26,10
"FBXO31","s1650_F_HYP_02_ASEReadCounter.table","NW_015090842.1:8725050",2,3,1
"FBXO31","s1650_F_HYP_02_ASEReadCounter.table","NW_015090842.1:8725057",2,2,0
"FBXO31","s1650_F_HYP_02_ASEReadCounter.table","NW_015090842.1:8725370",2,2,0
"ZCCHC14","s1650_F_HYP_02_ASEReadCounter.table","NW_015090842.1:8750174",51,71,20
"ZCCHC14","s1650_F_HYP_02_ASEReadCounter.table","NW_015090842.1:8750189",65,82,17
"ZCCHC14","s1650_F_HYP_02_ASEReadCounter.table","NW_015090842.1:8750365",41,85,44
"ZCCHC14","s1650_F_HYP_02_ASEReadCounter.table","NW_015090842.1:8750433",25,71,46
"ZCCHC14","s1650_F_HYP_02_ASEReadCounter.table","NW_015090842.1:8750449",30,76,46
"ZCCHC14","s1650_F_HYP_02_ASEReadCounter.table","NW_015090842.1:8750456",33,78,45
"ZCCHC14","s1650_F_HYP_02_ASEReadCounter.table","NW_015090842.1:8750497",33,69,36
"ZCCHC14","s1650_F_HYP_02_ASEReadCounter.table","NW_015090842.1:8750547",33,57,24
"ZCCHC14","s1650_F_HYP_02_ASEReadCounter.table","NW_015090842.1:8751100",8,17,9
"ZCCHC14","s1650_F_HYP_02_ASEReadCounter.table","NW_015090842.1:8751374",14,24,10
"ZCCHC14","s1650_F_HYP_02_ASEReadCounter.table","NW_015090842.1:8751403",15,24,9
"ZCCHC14","s1650_F_HYP_02_ASEReadCounter.table","NW_015090842.1:8751517",25,41,16
"ZCCHC14","s1650_F_HYP_02_ASEReadCounter.table","NW_015090842.1:8752060",13,23,10
"ZCCHC14","s1650_F_HYP_02_ASEReadCounter.table","NW_015090842.1:8752172",27,49,22
"ZCCHC14","s1650_F_HYP_02_ASEReadCounter.table","NW_015090842.1:8752183",23,45,22
"ZCCHC14","s1650_F_HYP_02_ASEReadCounter.table","NW_015090842.1:8752198",22,48,26
"ZCCHC14","s1650_F_HYP_02_ASEReadCounter.table","NW_015090842.1:8752248",21,43,22
"ZCCHC14","s1650_F_HYP_02_ASEReadCounter.table","NW_015090842.1:8752326",15,36,21
"ZCCHC14","s1650_F_HYP_02_ASEReadCounter.table","NW_015090842.1:8752393",19,43,24
"ZCCHC14","s1650_F_HYP_02_ASEReadCounter.table","NW_015090842.1:8752914",28,55,27
"ZCCHC14","s1650_F_HYP_02_ASEReadCounter.table","NW_015090842.1:8753528",13,15,2
"ZCCHC14","s1650_F_HYP_02_ASEReadCounter.table","NW_015090842.1:8753892",3,13,10
"ZCCHC14","s1650_F_HYP_02_ASEReadCounter.table","NW_015090842.1:8753910",1,10,9
"ZCCHC14","s1650_F_HYP_02_ASEReadCounter.table","NW_015090842.1:8755096",5,7,2
"ZCCHC14","s1650_F_HYP_02_ASEReadCounter.table","NW_015090842.1:8755327",3,3,0
"ZCCHC14","s1650_F_HYP_02_ASEReadCounter.table","NW_015090842.1:8755723",4,6,2
"ZCCHC14","s1650_F_HYP_02_ASEReadCounter.table","NW_015090842.1:8755739",4,6,2
"ZCCHC14","s1650_F_HYP_02_ASEReadCounter.table","NW_015090842.1:8756149",4,4,0
"ZCCHC14","s1650_F_HYP_02_ASEReadCounter.table","NW_015090842.1:8756347",7,7,0
"ZCCHC14","s1650_F_HYP_02_ASEReadCounter.table","NW_015090842.1:8756361",6,7,1
"ZCCHC14","s1650_F_HYP_02_ASEReadCounter.table","NW_015090842.1:8756388",6,7,1
"ZCCHC14","s1650_F_HYP_02_ASEReadCounter.table","NW_015090842.1:8756389",6,7,1
"ZCCHC14","s1650_F_HYP_02_ASEReadCounter.table","NW_015090842.1:8757160",5,8,3
"ZCCHC14","s1650_F_HYP_02_ASEReadCounter.table","NW_015090842.1:8804511",2,3,1
"JPH3","s1650_F_HYP_02_ASEReadCounter.table","NW_015090842.1:8845375",10,23,13
"JPH3","s1650_F_HYP_02_ASEReadCounter.table","NW_015090842.1:8845640",20,50,30
"JPH3","s1650_F_HYP_02_ASEReadCounter.table","NW_015090842.1:8845654",16,54,38
"JPH3","s1650_F_HYP_02_ASEReadCounter.table","NW_015090842.1:8872283",31,62,31
"JPH3","s1650_F_HYP_02_ASEReadCounter.table","NW_015090842.1:8872294",34,66,32
"JPH3","s1650_F_HYP_02_ASEReadCounter.table","NW_015090842.1:8872730",45,105,60
"JPH3","s1650_F_HYP_02_ASEReadCounter.table","NW_015090842.1:8885260",118,244,126
"JPH3","s1650_F_HYP_02_ASEReadCounter.table","NW_015090842.1:8885315",102,213,111
"JPH3","s1650_F_HYP_02_ASEReadCounter.table","NW_015090842.1:8885328",87,183,96
"JPH3","s1650_F_HYP_02_ASEReadCounter.table","NW_015090842.1:8885438",98,204,106
"JPH3","s1650_F_HYP_02_ASEReadCounter.table","NW_015090842.1:8885525",33,126,93
"KLHDC4","s1650_F_HYP_02_ASEReadCounter.table","NW_015090842.1:8890729",57,80,23
"KLHDC4","s1650_F_HYP_02_ASEReadCounter.table","NW_015090842.1:8890749",66,91,25
"KLHDC4","s1650_F_HYP_02_ASEReadCounter.table","NW_015090842.1:8890761",65,95,30
"KLHDC4","s1650_F_HYP_02_ASEReadCounter.table","NW_015090842.1:8891123",76,125,49
"KLHDC4","s1650_F_HYP_02_ASEReadCounter.table","NW_015090842.1:8893124",52,92,40
"KLHDC4","s1650_F_HYP_02_ASEReadCounter.table","NW_015090842.1:8894542",37,67,30
"KLHDC4","s1650_F_HYP_02_ASEReadCounter.table","NW_015090842.1:8896726",36,56,20
"KLHDC4","s1650_F_HYP_02_ASEReadCounter.table","NW_015090842.1:8896767",32,54,22
"KLHDC4","s1650_F_HYP_02_ASEReadCounter.table","NW_015090842.1:8904174",30,45,15
"KLHDC4","s1650_F_HYP_02_ASEReadCounter.table","NW_015090842.1:8904231",19,37,18
"KLHDC4","s1650_F_HYP_02_ASEReadCounter.table","NW_015090842.1:8905251",22,47,25
"KLHDC4","s1650_F_HYP_02_ASEReadCounter.table","NW_015090842.1:8905263",24,47,23
"KLHDC4","s1650_F_HYP_02_ASEReadCounter.table","NW_015090842.1:8919626",9,10,1
"SLC7A5","s1650_F_HYP_02_ASEReadCounter.table","NW_015090842.1:8938782",324,774,450
"SLC7A5","s1650_F_HYP_02_ASEReadCounter.table","NW_015090842.1:8938943",240,607,367
"SLC7A5","s1650_F_HYP_02_ASEReadCounter.table","NW_015090842.1:8939611",147,271,124
"SLC7A5","s1650_F_HYP_02_ASEReadCounter.table","NW_015090842.1:8939738",148,347,199
"SLC7A5","s1650_F_HYP_02_ASEReadCounter.table","NW_015090842.1:8939739",149,340,191
"SLC7A5","s1650_F_HYP_02_ASEReadCounter.table","NW_015090842.1:8939740",146,356,210
"SLC7A5","s1650_F_HYP_02_ASEReadCounter.table","NW_015090842.1:8939795",184,353,169
"SLC7A5","s1650_F_HYP_02_ASEReadCounter.table","NW_015090842.1:8939815",151,349,198
"SLC7A5","s1650_F_HYP_02_ASEReadCounter.table","NW_015090842.1:8939816",153,352,199
"SLC7A5","s1650_F_HYP_02_ASEReadCounter.table","NW_015090842.1:8939817",153,368,215
"SLC7A5","s1650_F_HYP_02_ASEReadCounter.table","NW_015090842.1:8939845",169,387,218
"SLC7A5","s1650_F_HYP_02_ASEReadCounter.table","NW_015090842.1:8939894",133,366,233
"SLC7A5","s1650_F_HYP_02_ASEReadCounter.table","NW_015090842.1:8939895",135,358,223
"SLC7A5","s1650_F_HYP_02_ASEReadCounter.table","NW_015090842.1:8939997",531,531,0
"SLC7A5","s1650_F_HYP_02_ASEReadCounter.table","NW_015090842.1:8940172",151,366,215
"SLC7A5","s1650_F_HYP_02_ASEReadCounter.table","NW_015090842.1:8940331",81,189,108
"SLC7A5","s1650_F_HYP_02_ASEReadCounter.table","NW_015090842.1:8940696",84,206,122
"SLC7A5","s1650_F_HYP_02_ASEReadCounter.table","NW_015090842.1:8940719",38,191,153
"SLC7A5","s1650_F_HYP_02_ASEReadCounter.table","NW_015090842.1:8940737",46,186,140
"SLC7A5","s1650_F_HYP_02_ASEReadCounter.table","NW_015090842.1:8940743",50,192,142
"SLC7A5","s1650_F_HYP_02_ASEReadCounter.table","NW_015090842.1:8940766",68,215,147
"SLC7A5","s1650_F_HYP_02_ASEReadCounter.table","NW_015090842.1:8940769",73,233,160
"SLC7A5","s1650_F_HYP_02_ASEReadCounter.table","NW_015090842.1:8940861",76,204,128
"SLC7A5","s1650_F_HYP_02_ASEReadCounter.table","NW_015090842.1:8941068",89,229,140
"SLC7A5","s1650_F_HYP_02_ASEReadCounter.table","NW_015090842.1:8941467",50,136,86
"SLC7A5","s1650_F_HYP_02_ASEReadCounter.table","NW_015090842.1:8941531",46,131,85
"SLC7A5","s1650_F_HYP_02_ASEReadCounter.table","NW_015090842.1:8941588",65,170,105
"SLC7A5","s1650_F_HYP_02_ASEReadCounter.table","NW_015090842.1:8941698",36,102,66
"SLC7A5","s1650_F_HYP_02_ASEReadCounter.table","NW_015090842.1:8941717",47,125,78
"SLC7A5","s1650_F_HYP_02_ASEReadCounter.table","NW_015090842.1:8941745",44,129,85
"SLC7A5","s1650_F_HYP_02_ASEReadCounter.table","NW_015090842.1:8941781",50,133,83
"SLC7A5","s1650_F_HYP_02_ASEReadCounter.table","NW_015090842.1:8941887",41,109,68
"SLC7A5","s1650_F_HYP_02_ASEReadCounter.table","NW_015090842.1:8941968",20,79,59
"SLC7A5","s1650_F_HYP_02_ASEReadCounter.table","NW_015090842.1:8942025",35,94,59
"SLC7A5","s1650_F_HYP_02_ASEReadCounter.table","NW_015090842.1:8942069",46,112,66
"SLC7A5","s1650_F_HYP_02_ASEReadCounter.table","NW_015090842.1:8942170",56,135,79
"SLC7A5","s1650_F_HYP_02_ASEReadCounter.table","NW_015090842.1:8942241",67,157,90
"SLC7A5","s1650_F_HYP_02_ASEReadCounter.table","NW_015090842.1:8942283",63,155,92
"SLC7A5","s1650_F_HYP_02_ASEReadCounter.table","NW_015090842.1:8942717",131,337,206
"SLC7A5","s1650_F_HYP_02_ASEReadCounter.table","NW_015090842.1:8942756",185,432,247
"SLC7A5","s1650_F_HYP_02_ASEReadCounter.table","NW_015090842.1:8942766",186,437,251
"SLC7A5","s1650_F_HYP_02_ASEReadCounter.table","NW_015090842.1:8943271",77,189,112
"SLC7A5","s1650_F_HYP_02_ASEReadCounter.table","NW_015090842.1:8943524",36,74,38
"SLC7A5","s1650_F_HYP_02_ASEReadCounter.table","NW_015090842.1:8943530",35,73,38
"SLC7A5","s1650_F_HYP_02_ASEReadCounter.table","NW_015090842.1:8943602",48,95,47
"SLC7A5","s1650_F_HYP_02_ASEReadCounter.table","NW_015090842.1:8943622",47,96,49
"SLC7A5","s1650_F_HYP_02_ASEReadCounter.table","NW_015090842.1:8943661",55,108,53
"SLC7A5","s1650_F_HYP_02_ASEReadCounter.table","NW_015090842.1:8943686",51,106,55
"SLC7A5","s1650_F_HYP_02_ASEReadCounter.table","NW_015090842.1:8943788",30,74,44
"SLC7A5","s1650_F_HYP_02_ASEReadCounter.table","NW_015090842.1:8943814",25,66,41
"SLC7A5","s1650_F_HYP_02_ASEReadCounter.table","NW_015090842.1:8943876",28,71,43
"SLC7A5","s1650_F_HYP_02_ASEReadCounter.table","NW_015090842.1:8943892",29,78,49
"SLC7A5","s1650_F_HYP_02_ASEReadCounter.table","NW_015090842.1:8944097",28,69,41
"SLC7A5","s1650_F_HYP_02_ASEReadCounter.table","NW_015090842.1:8944104",28,65,37
"SLC7A5","s1650_F_HYP_02_ASEReadCounter.table","NW_015090842.1:8944293",13,39,26
"SLC7A5","s1650_F_HYP_02_ASEReadCounter.table","NW_015090842.1:8944297",10,36,26
"SLC7A5","s1650_F_HYP_02_ASEReadCounter.table","NW_015090842.1:8944397",16,35,19
"SLC7A5","s1650_F_HYP_02_ASEReadCounter.table","NW_015090842.1:8944552",24,65,41
"SLC7A5","s1650_F_HYP_02_ASEReadCounter.table","NW_015090842.1:8944629",28,60,32
"CA5A","s1650_F_HYP_02_ASEReadCounter.table","NW_015090842.1:8989479",77,142,65
"CA5A","s1650_F_HYP_02_ASEReadCounter.table","NW_015090842.1:8989562",93,156,63
"CA5A","s1650_F_HYP_02_ASEReadCounter.table","NW_015090842.1:8989609",96,165,69
"CA5A","s1650_F_HYP_02_ASEReadCounter.table","NW_015090842.1:8989693",105,189,84
"CA5A","s1650_F_HYP_02_ASEReadCounter.table","NW_015090842.1:8989702",106,177,71
"CA5A","s1650_F_HYP_02_ASEReadCounter.table","NW_015090842.1:8989746",108,201,93
"CA5A","s1650_F_HYP_02_ASEReadCounter.table","NW_015090842.1:8989880",86,172,86
"CA5A","s1650_F_HYP_02_ASEReadCounter.table","NW_015090842.1:8989885",86,171,85
"CA5A","s1650_F_HYP_02_ASEReadCounter.table","NW_015090842.1:8989929",83,166,83
"CA5A","s1650_F_HYP_02_ASEReadCounter.table","NW_015090842.1:8990002",69,148,79
"CA5A","s1650_F_HYP_02_ASEReadCounter.table","NW_015090842.1:8990004",69,147,78
"CA5A","s1650_F_HYP_02_ASEReadCounter.table","NW_015090842.1:8990005",68,146,78
"CA5A","s1650_F_HYP_02_ASEReadCounter.table","NW_015090842.1:8990017",64,131,67
"CA5A","s1650_F_HYP_02_ASEReadCounter.table","NW_015090842.1:8990043",53,110,57
"CA5A","s1650_F_HYP_02_ASEReadCounter.table","NW_015090842.1:8990060",122,122,0
"CA5A","s1650_F_HYP_02_ASEReadCounter.table","NW_015090842.1:8990080",44,113,69
"CA5A","s1650_F_HYP_02_ASEReadCounter.table","NW_015090842.1:8990084",45,110,65
"CA5A","s1650_F_HYP_02_ASEReadCounter.table","NW_015090842.1:8990090",50,116,66
"CA5A","s1650_F_HYP_02_ASEReadCounter.table","NW_015090842.1:8990095",54,117,63
"CA5A","s1650_F_HYP_02_ASEReadCounter.table","NW_015090842.1:8990111",48,113,65
"CA5A","s1650_F_HYP_02_ASEReadCounter.table","NW_015090842.1:8990112",48,110,62
"CA5A","s1650_F_HYP_02_ASEReadCounter.table","NW_015090842.1:8990115",55,115,60
"CA5A","s1650_F_HYP_02_ASEReadCounter.table","NW_015090842.1:8990166",49,96,47
"CA5A","s1650_F_HYP_02_ASEReadCounter.table","NW_015090842.1:8990169",56,103,47
"CA5A","s1650_F_HYP_02_ASEReadCounter.table","NW_015090842.1:8990193",94,94,0
"CA5A","s1650_F_HYP_02_ASEReadCounter.table","NW_015090842.1:8990222",39,72,33
"CA5A","s1650_F_HYP_02_ASEReadCounter.table","NW_015090842.1:8990289",50,99,49
"CA5A","s1650_F_HYP_02_ASEReadCounter.table","NW_015090842.1:8990314",47,93,46
"CA5A","s1650_F_HYP_02_ASEReadCounter.table","NW_015090842.1:8990361",49,91,42
"CA5A","s1650_F_HYP_02_ASEReadCounter.table","NW_015090842.1:8990368",51,97,46
"CA5A","s1650_F_HYP_02_ASEReadCounter.table","NW_015090842.1:8990429",51,93,42
"CA5A","s1650_F_HYP_02_ASEReadCounter.table","NW_015090842.1:8990466",32,69,37
"CA5A","s1650_F_HYP_02_ASEReadCounter.table","NW_015090842.1:8990663",39,72,33
"CA5A","s1650_F_HYP_02_ASEReadCounter.table","NW_015090842.1:8990797",26,57,31
"CA5A","s1650_F_HYP_02_ASEReadCounter.table","NW_015090842.1:8990836",26,57,31
"CA5A","s1650_F_HYP_02_ASEReadCounter.table","NW_015090842.1:8990842",25,58,33
"CA5A","s1650_F_HYP_02_ASEReadCounter.table","NW_015090842.1:8990851",25,57,32
"CA5A","s1650_F_HYP_02_ASEReadCounter.table","NW_015090842.1:8990918",33,61,28
"CA5A","s1650_F_HYP_02_ASEReadCounter.table","NW_015090842.1:8990921",33,66,33
"CA5A","s1650_F_HYP_02_ASEReadCounter.table","NW_015090842.1:8990942",41,71,30
"CA5A","s1650_F_HYP_02_ASEReadCounter.table","NW_015090842.1:8991001",51,88,37
"CA5A","s1650_F_HYP_02_ASEReadCounter.table","NW_015090842.1:8991038",51,81,30
"CA5A","s1650_F_HYP_02_ASEReadCounter.table","NW_015090842.1:8991149",45,79,34
"CA5A","s1650_F_HYP_02_ASEReadCounter.table","NW_015090842.1:8991176",48,88,40
"CA5A","s1650_F_HYP_02_ASEReadCounter.table","NW_015090842.1:8991241",55,92,37
"CA5A","s1650_F_HYP_02_ASEReadCounter.table","NW_015090842.1:8991262",53,86,33
"CA5A","s1650_F_HYP_02_ASEReadCounter.table","NW_015090842.1:8991316",43,47,4
"CA5A","s1650_F_HYP_02_ASEReadCounter.table","NW_015090842.1:8991319",42,46,4
"CA5A","s1650_F_HYP_02_ASEReadCounter.table","NW_015090842.1:8991330",39,40,1
"CA5A","s1650_F_HYP_02_ASEReadCounter.table","NW_015090842.1:8991334",39,41,2
"CA5A","s1650_F_HYP_02_ASEReadCounter.table","NW_015090842.1:8991362",38,60,22
"CA5A","s1650_F_HYP_02_ASEReadCounter.table","NW_015090842.1:8991368",34,56,22
"CA5A","s1650_F_HYP_02_ASEReadCounter.table","NW_015090842.1:8991390",38,61,23
"CA5A","s1650_F_HYP_02_ASEReadCounter.table","NW_015090842.1:8991395",40,66,26
"CA5A","s1650_F_HYP_02_ASEReadCounter.table","NW_015090842.1:8991422",40,75,35
"CA5A","s1650_F_HYP_02_ASEReadCounter.table","NW_015090842.1:8991467",38,69,31
"CA5A","s1650_F_HYP_02_ASEReadCounter.table","NW_015090842.1:8991576",25,50,25
"CA5A","s1650_F_HYP_02_ASEReadCounter.table","NW_015090842.1:8991587",22,49,27
"CA5A","s1650_F_HYP_02_ASEReadCounter.table","NW_015090842.1:8991655",36,66,30
"CA5A","s1650_F_HYP_02_ASEReadCounter.table","NW_015090842.1:8991717",35,64,29
"CA5A","s1650_F_HYP_02_ASEReadCounter.table","NW_015090842.1:8991726",30,62,32
"CA5A","s1650_F_HYP_02_ASEReadCounter.table","NW_015090842.1:8991799",25,54,29
"CA5A","s1650_F_HYP_02_ASEReadCounter.table","NW_015090842.1:8991809",22,47,25
"CA5A","s1650_F_HYP_02_ASEReadCounter.table","NW_015090842.1:8991848",26,54,28
"CA5A","s1650_F_HYP_02_ASEReadCounter.table","NW_015090842.1:8991849",26,53,27
"CA5A","s1650_F_HYP_02_ASEReadCounter.table","NW_015090842.1:8991927",31,53,22
"CA5A","s1650_F_HYP_02_ASEReadCounter.table","NW_015090842.1:8991941",30,50,20
"CA5A","s1650_F_HYP_02_ASEReadCounter.table","NW_015090842.1:8992121",23,50,27
"CA5A","s1650_F_HYP_02_ASEReadCounter.table","NW_015090842.1:8992224",29,53,24
"CA5A","s1650_F_HYP_02_ASEReadCounter.table","NW_015090842.1:9002570",8,18,10
"CA5A","s1650_F_HYP_02_ASEReadCounter.table","NW_015090842.1:9002600",8,18,10
"CA5A","s1650_F_HYP_02_ASEReadCounter.table","NW_015090842.1:9004312",7,14,7
"CA5A","s1650_F_HYP_02_ASEReadCounter.table","NW_015090842.1:9004530",0,1,1
"CA5A","s1650_F_HYP_02_ASEReadCounter.table","NW_015090842.1:9004556",0,1,1
"CA5A","s1650_F_HYP_02_ASEReadCounter.table","NW_015090842.1:9005116",2,3,1
"CA5A","s1650_F_HYP_02_ASEReadCounter.table","NW_015090842.1:9005120",2,3,1
"CA5A","s1650_F_HYP_02_ASEReadCounter.table","NW_015090842.1:9005140",2,3,1
"CA5A","s1650_F_HYP_02_ASEReadCounter.table","NW_015090842.1:9005152",3,4,1
"BANP","s1650_F_HYP_02_ASEReadCounter.table","NW_015090842.1:9033407",7,12,5
"BANP","s1650_F_HYP_02_ASEReadCounter.table","NW_015090842.1:9033409",7,12,5
"BANP","s1650_F_HYP_02_ASEReadCounter.table","NW_015090842.1:9033420",6,11,5
"BANP","s1650_F_HYP_02_ASEReadCounter.table","NW_015090842.1:9067974",0,9,9
"BANP","s1650_F_HYP_02_ASEReadCounter.table","NW_015090842.1:9102510",10,30,20
"BANP","s1650_F_HYP_02_ASEReadCounter.table","NW_015090842.1:9168534",19,47,28
"BANP","s1650_F_HYP_02_ASEReadCounter.table","NW_015090842.1:9168818",27,48,21
"ZNF469","s1650_F_HYP_02_ASEReadCounter.table","NW_015090842.1:9428178",1,1,0
"ZNF469","s1650_F_HYP_02_ASEReadCounter.table","NW_015090842.1:9429633",0,1,1
"ZNF469","s1650_F_HYP_02_ASEReadCounter.table","NW_015090842.1:9430560",0,1,1
"ZNF469","s1650_F_HYP_02_ASEReadCounter.table","NW_015090842.1:9430668",1,1,0
"ZNF469","s1650_F_HYP_02_ASEReadCounter.table","NW_015090842.1:9430700",1,1,0
"ZNF469","s1650_F_HYP_02_ASEReadCounter.table","NW_015090842.1:9431317",1,1,0
"ZNF469","s1650_F_HYP_02_ASEReadCounter.table","NW_015090842.1:9431325",1,1,0
"ZNF469","s1650_F_HYP_02_ASEReadCounter.table","NW_015090842.1:9431700",0,1,1
"ZNF469","s1650_F_HYP_02_ASEReadCounter.table","NW_015090842.1:9433268",0,1,1
"ZNF469","s1650_F_HYP_02_ASEReadCounter.table","NW_015090842.1:9433678",0,2,2
"ZNF469","s1650_F_HYP_02_ASEReadCounter.table","NW_015090842.1:9433902",1,1,0
"ZNF469","s1650_F_HYP_02_ASEReadCounter.table","NW_015090842.1:9434259",1,2,1
"ZNF469","s1650_F_HYP_02_ASEReadCounter.table","NW_015090842.1:9435221",3,8,5
"ZFPM1","s1650_F_HYP_02_ASEReadCounter.table","NW_015090842.1:9458862",3,5,2
"ZFPM1","s1650_F_HYP_02_ASEReadCounter.table","NW_015090842.1:9458888",2,6,4
"ZFPM1","s1650_F_HYP_02_ASEReadCounter.table","NW_015090842.1:9458904",3,7,4
"ZFPM1","s1650_F_HYP_02_ASEReadCounter.table","NW_015090842.1:9458916",2,6,4
"ZFPM1","s1650_F_HYP_02_ASEReadCounter.table","NW_015090842.1:9468568",4,8,4
"ZFPM1","s1650_F_HYP_02_ASEReadCounter.table","NW_015090842.1:9468593",4,5,1
"ZFPM1","s1650_F_HYP_02_ASEReadCounter.table","NW_015090842.1:9471561",5,7,2
"ZFPM1","s1650_F_HYP_02_ASEReadCounter.table","NW_015090842.1:9472557",3,6,3
"ZFPM1","s1650_F_HYP_02_ASEReadCounter.table","NW_015090842.1:9472565",3,5,2
"ZFPM1","s1650_F_HYP_02_ASEReadCounter.table","NW_015090842.1:9472608",2,4,2
"ZFPM1","s1650_F_HYP_02_ASEReadCounter.table","NW_015090842.1:9472627",3,6,3
"ZFPM1","s1650_F_HYP_02_ASEReadCounter.table","NW_015090842.1:9472668",2,4,2
"ZFPM1","s1650_F_HYP_02_ASEReadCounter.table","NW_015090842.1:9473655",2,8,6
"ZFPM1","s1650_F_HYP_02_ASEReadCounter.table","NW_015090842.1:9475827",2,8,6
"ZFPM1","s1650_F_HYP_02_ASEReadCounter.table","NW_015090842.1:9475842",4,9,5
"ZFPM1","s1650_F_HYP_02_ASEReadCounter.table","NW_015090842.1:9476119",5,11,6
"ZFPM1","s1650_F_HYP_02_ASEReadCounter.table","NW_015090842.1:9476161",5,9,4
"ZFPM1","s1650_F_HYP_02_ASEReadCounter.table","NW_015090842.1:9476219",2,4,2
"ZFPM1","s1650_F_HYP_02_ASEReadCounter.table","NW_015090842.1:9476233",2,5,3
"ZFPM1","s1650_F_HYP_02_ASEReadCounter.table","NW_015090842.1:9476305",2,7,5
"ZFPM1","s1650_F_HYP_02_ASEReadCounter.table","NW_015090842.1:9476395",6,12,6
"ZFPM1","s1650_F_HYP_02_ASEReadCounter.table","NW_015090842.1:9476421",8,14,6
"ZFPM1","s1650_F_HYP_02_ASEReadCounter.table","NW_015090842.1:9476539",7,14,7
"ZFPM1","s1650_F_HYP_02_ASEReadCounter.table","NW_015090842.1:9476576",5,12,7
"ZFPM1","s1650_F_HYP_02_ASEReadCounter.table","NW_015090842.1:9476599",15,15,0
"ZFPM1","s1650_F_HYP_02_ASEReadCounter.table","NW_015090842.1:9476792",7,14,7
"ZFPM1","s1650_F_HYP_02_ASEReadCounter.table","NW_015090842.1:9476803",8,17,9
"ZFPM1","s1650_F_HYP_02_ASEReadCounter.table","NW_015090842.1:9477115",10,20,10
"ZFPM1","s1650_F_HYP_02_ASEReadCounter.table","NW_015090842.1:9477299",6,14,8
"ZFPM1","s1650_F_HYP_02_ASEReadCounter.table","NW_015090842.1:9477398",26,26,0
"ZFPM1","s1650_F_HYP_02_ASEReadCounter.table","NW_015090842.1:9477422",7,24,17
"ZFPM1","s1650_F_HYP_02_ASEReadCounter.table","NW_015090842.1:9477554",12,32,20
"ZFPM1","s1650_F_HYP_02_ASEReadCounter.table","NW_015090842.1:9477575",30,30,0
"ZFPM1","s1650_F_HYP_02_ASEReadCounter.table","NW_015090842.1:9477595",16,35,19
"ZFPM1","s1650_F_HYP_02_ASEReadCounter.table","NW_015090842.1:9477611",15,36,21
"ZFPM1","s1650_F_HYP_02_ASEReadCounter.table","NW_015090842.1:9477659",14,32,18
"ZFPM1","s1650_F_HYP_02_ASEReadCounter.table","NW_015090842.1:9477737",15,30,15
"ZFPM1","s1650_F_HYP_02_ASEReadCounter.table","NW_015090842.1:9477791",8,27,19
"ZFPM1","s1650_F_HYP_02_ASEReadCounter.table","NW_015090842.1:9477844",10,22,12
"ZFPM1","s1650_F_HYP_02_ASEReadCounter.table","NW_015090842.1:9477917",13,29,16
"ZFPM1","s1650_F_HYP_02_ASEReadCounter.table","NW_015090842.1:9478295",33,74,41
"ZFPM1","s1650_F_HYP_02_ASEReadCounter.table","NW_015090842.1:9478349",35,74,39
"ZFPM1","s1650_F_HYP_02_ASEReadCounter.table","NW_015090842.1:9478524",18,50,32
"ZFPM1","s1650_F_HYP_02_ASEReadCounter.table","NW_015090842.1:9478546",27,63,36
"ZFPM1","s1650_F_HYP_02_ASEReadCounter.table","NW_015090842.1:9478573",25,58,33
"ZFPM1","s1650_F_HYP_02_ASEReadCounter.table","NW_015090842.1:9478582",23,50,27
"ZFPM1","s1650_F_HYP_02_ASEReadCounter.table","NW_015090842.1:9478684",13,35,22
"ZFPM1","s1650_F_HYP_02_ASEReadCounter.table","NW_015090842.1:9478711",11,34,23
"ZFPM1","s1650_F_HYP_02_ASEReadCounter.table","NW_015090842.1:9478761",16,39,23
"ZFPM1","s1650_F_HYP_02_ASEReadCounter.table","NW_015090842.1:9478829",22,22,0
"ZC3H18","s1650_F_HYP_02_ASEReadCounter.table","NW_015090842.1:9494271",4,13,9
"ZC3H18","s1650_F_HYP_02_ASEReadCounter.table","NW_015090842.1:9501427",15,24,9
"ZC3H18","s1650_F_HYP_02_ASEReadCounter.table","NW_015090842.1:9501442",13,23,10
"ZC3H18","s1650_F_HYP_02_ASEReadCounter.table","NW_015090842.1:9505538",10,25,15
"ZC3H18","s1650_F_HYP_02_ASEReadCounter.table","NW_015090842.1:9506778",16,34,18
"ZC3H18","s1650_F_HYP_02_ASEReadCounter.table","NW_015090842.1:9522538",24,45,21
"ZC3H18","s1650_F_HYP_02_ASEReadCounter.table","NW_015090842.1:9524350",23,52,29
"ZC3H18","s1650_F_HYP_02_ASEReadCounter.table","NW_015090842.1:9524366",26,53,27
"ZC3H18","s1650_F_HYP_02_ASEReadCounter.table","NW_015090842.1:9524424",10,34,24
"ZC3H18","s1650_F_HYP_02_ASEReadCounter.table","NW_015090842.1:9529649",18,65,47
"ZC3H18","s1650_F_HYP_02_ASEReadCounter.table","NW_015090842.1:9529688",21,67,46
"ZC3H18","s1650_F_HYP_02_ASEReadCounter.table","NW_015090842.1:9529691",20,66,46
"ZC3H18","s1650_F_HYP_02_ASEReadCounter.table","NW_015090842.1:9530977",38,88,50
"ZC3H18","s1650_F_HYP_02_ASEReadCounter.table","NW_015090842.1:9536699",0,69,69
"CYBA","s1650_F_HYP_02_ASEReadCounter.table","NW_015090842.1:9547281",27,34,7
"CYBA","s1650_F_HYP_02_ASEReadCounter.table","NW_015090842.1:9547402",63,95,32
"CYBA","s1650_F_HYP_02_ASEReadCounter.table","NW_015090842.1:9547553",41,64,23
"CYBA","s1650_F_HYP_02_ASEReadCounter.table","NW_015090842.1:9548052",38,56,18
"CYBA","s1650_F_HYP_02_ASEReadCounter.table","NW_015090842.1:9548436",31,43,12
"CYBA","s1650_F_HYP_02_ASEReadCounter.table","NW_015090842.1:9548442",32,46,14
"CYBA","s1650_F_HYP_02_ASEReadCounter.table","NW_015090842.1:9548478",53,67,14
"CYBA","s1650_F_HYP_02_ASEReadCounter.table","NW_015090842.1:9548487",52,65,13
"CYBA","s1650_F_HYP_02_ASEReadCounter.table","NW_015090842.1:9548490",52,61,9
"CYBA","s1650_F_HYP_02_ASEReadCounter.table","NW_015090842.1:9548717",52,61,9
"CYBA","s1650_F_HYP_02_ASEReadCounter.table","NW_015090842.1:9548750",41,48,7
"CYBA","s1650_F_HYP_02_ASEReadCounter.table","NW_015090842.1:9548766",28,32,4
"MVD","s1650_F_HYP_02_ASEReadCounter.table","NW_015090842.1:9550678",27,51,24
"MVD","s1650_F_HYP_02_ASEReadCounter.table","NW_015090842.1:9550690",32,63,31
"MVD","s1650_F_HYP_02_ASEReadCounter.table","NW_015090842.1:9550691",32,62,30
"MVD","s1650_F_HYP_02_ASEReadCounter.table","NW_015090842.1:9550699",34,70,36
"MVD","s1650_F_HYP_02_ASEReadCounter.table","NW_015090842.1:9550719",32,63,31
"MVD","s1650_F_HYP_02_ASEReadCounter.table","NW_015090842.1:9551596",62,119,57
"MVD","s1650_F_HYP_02_ASEReadCounter.table","NW_015090842.1:9551638",53,109,56
"MVD","s1650_F_HYP_02_ASEReadCounter.table","NW_015090842.1:9551899",0,6,6
"MVD","s1650_F_HYP_02_ASEReadCounter.table","NW_015090842.1:9552193",42,85,43
"MVD","s1650_F_HYP_02_ASEReadCounter.table","NW_015090842.1:9552202",40,82,42
"MVD","s1650_F_HYP_02_ASEReadCounter.table","NW_015090842.1:9552208",41,79,38
"MVD","s1650_F_HYP_02_ASEReadCounter.table","NW_015090842.1:9552625",20,45,25
"MVD","s1650_F_HYP_02_ASEReadCounter.table","NW_015090842.1:9552629",48,48,0
"MVD","s1650_F_HYP_02_ASEReadCounter.table","NW_015090842.1:9552644",22,49,27
"MVD","s1650_F_HYP_02_ASEReadCounter.table","NW_015090842.1:9553093",24,52,28
"MVD","s1650_F_HYP_02_ASEReadCounter.table","NW_015090842.1:9553114",23,50,27
"RNF166","s1650_F_HYP_02_ASEReadCounter.table","NW_015090842.1:9557900",17,48,31
"RNF166","s1650_F_HYP_02_ASEReadCounter.table","NW_015090842.1:9558048",14,42,28
"RNF166","s1650_F_HYP_02_ASEReadCounter.table","NW_015090842.1:9558116",21,46,25
"RNF166","s1650_F_HYP_02_ASEReadCounter.table","NW_015090842.1:9558308",16,40,24
"RNF166","s1650_F_HYP_02_ASEReadCounter.table","NW_015090842.1:9558405",8,28,20
"RNF166","s1650_F_HYP_02_ASEReadCounter.table","NW_015090842.1:9558549",13,28,15
"RNF166","s1650_F_HYP_02_ASEReadCounter.table","NW_015090842.1:9558556",11,25,14
"RNF166","s1650_F_HYP_02_ASEReadCounter.table","NW_015090842.1:9558579",14,29,15
"RNF166","s1650_F_HYP_02_ASEReadCounter.table","NW_015090842.1:9558599",17,31,14
"RNF166","s1650_F_HYP_02_ASEReadCounter.table","NW_015090842.1:9558688",11,33,22
"RNF166","s1650_F_HYP_02_ASEReadCounter.table","NW_015090842.1:9558711",13,38,25
"RNF166","s1650_F_HYP_02_ASEReadCounter.table","NW_015090842.1:9558733",14,35,21
"RNF166","s1650_F_HYP_02_ASEReadCounter.table","NW_015090842.1:9558847",13,35,22
"RNF166","s1650_F_HYP_02_ASEReadCounter.table","NW_015090842.1:9559798",9,29,20
"RNF166","s1650_F_HYP_02_ASEReadCounter.table","NW_015090842.1:9560575",12,38,26
"RNF166","s1650_F_HYP_02_ASEReadCounter.table","NW_015090842.1:9561055",12,29,17
"RNF166","s1650_F_HYP_02_ASEReadCounter.table","NW_015090842.1:9562458",15,26,11
"RNF166","s1650_F_HYP_02_ASEReadCounter.table","NW_015090842.1:9562497",13,20,7
"RNF166","s1650_F_HYP_02_ASEReadCounter.table","NW_015090842.1:9562539",8,11,3
"RNF166","s1650_F_HYP_02_ASEReadCounter.table","NW_015090842.1:9564056",8,15,7
"CTU2","s1650_F_HYP_02_ASEReadCounter.table","NW_015090842.1:9565149",10,22,12
"CTU2","s1650_F_HYP_02_ASEReadCounter.table","NW_015090842.1:9565193",10,22,12
"CTU2","s1650_F_HYP_02_ASEReadCounter.table","NW_015090842.1:9565300",13,31,18
"CTU2","s1650_F_HYP_02_ASEReadCounter.table","NW_015090842.1:9565321",16,34,18
"CTU2","s1650_F_HYP_02_ASEReadCounter.table","NW_015090842.1:9565721",12,26,14
"CTU2","s1650_F_HYP_02_ASEReadCounter.table","NW_015090842.1:9565739",10,28,18
"CTU2","s1650_F_HYP_02_ASEReadCounter.table","NW_015090842.1:9565905",15,33,18
"CTU2","s1650_F_HYP_02_ASEReadCounter.table","NW_015090842.1:9566013",42,42,0
"CTU2","s1650_F_HYP_02_ASEReadCounter.table","NW_015090842.1:9566055",29,59,30
"CTU2","s1650_F_HYP_02_ASEReadCounter.table","NW_015090842.1:9566056",28,58,30
"CTU2","s1650_F_HYP_02_ASEReadCounter.table","NW_015090842.1:9566151",20,36,16
"CTU2","s1650_F_HYP_02_ASEReadCounter.table","NW_015090842.1:9566300",22,44,22
"CTU2","s1650_F_HYP_02_ASEReadCounter.table","NW_015090842.1:9566342",29,46,17
"CTU2","s1650_F_HYP_02_ASEReadCounter.table","NW_015090842.1:9566548",20,54,34
"CTU2","s1650_F_HYP_02_ASEReadCounter.table","NW_015090842.1:9566625",20,61,41
"CTU2","s1650_F_HYP_02_ASEReadCounter.table","NW_015090842.1:9566633",25,66,41
"CTU2","s1650_F_HYP_02_ASEReadCounter.table","NW_015090842.1:9566807",43,71,28
"CTU2","s1650_F_HYP_02_ASEReadCounter.table","NW_015090842.1:9567139",32,72,40
"CTU2","s1650_F_HYP_02_ASEReadCounter.table","NW_015090842.1:9567156",33,67,34
"CTU2","s1650_F_HYP_02_ASEReadCounter.table","NW_015090842.1:9567614",35,68,33
"CTU2","s1650_F_HYP_02_ASEReadCounter.table","NW_015090842.1:9567677",43,78,35
"CTU2","s1650_F_HYP_02_ASEReadCounter.table","NW_015090842.1:9567747",45,76,31
"CTU2","s1650_F_HYP_02_ASEReadCounter.table","NW_015090842.1:9567828",27,48,21
"CTU2","s1650_F_HYP_02_ASEReadCounter.table","NW_015090842.1:9567829",27,48,21
"CTU2","s1650_F_HYP_02_ASEReadCounter.table","NW_015090842.1:9567885",17,36,19
"PIEZO1","s1650_F_HYP_02_ASEReadCounter.table","NW_015090842.1:9568093",27,71,44
"PIEZO1","s1650_F_HYP_02_ASEReadCounter.table","NW_015090842.1:9568672",41,96,55
"PIEZO1","s1650_F_HYP_02_ASEReadCounter.table","NW_015090842.1:9568948",27,68,41
"PIEZO1","s1650_F_HYP_02_ASEReadCounter.table","NW_015090842.1:9568987",56,56,0
"PIEZO1","s1650_F_HYP_02_ASEReadCounter.table","NW_015090842.1:9569040",19,52,33
"PIEZO1","s1650_F_HYP_02_ASEReadCounter.table","NW_015090842.1:9569180",17,41,24
"PIEZO1","s1650_F_HYP_02_ASEReadCounter.table","NW_015090842.1:9569192",17,46,29
"PIEZO1","s1650_F_HYP_02_ASEReadCounter.table","NW_015090842.1:9570088",13,39,26
"PIEZO1","s1650_F_HYP_02_ASEReadCounter.table","NW_015090842.1:9570480",9,29,20
"PIEZO1","s1650_F_HYP_02_ASEReadCounter.table","NW_015090842.1:9570639",9,24,15
"PIEZO1","s1650_F_HYP_02_ASEReadCounter.table","NW_015090842.1:9571847",13,32,19
"PIEZO1","s1650_F_HYP_02_ASEReadCounter.table","NW_015090842.1:9572371",5,19,14
"PIEZO1","s1650_F_HYP_02_ASEReadCounter.table","NW_015090842.1:9572638",5,13,8
"PIEZO1","s1650_F_HYP_02_ASEReadCounter.table","NW_015090842.1:9573156",11,36,25
"PIEZO1","s1650_F_HYP_02_ASEReadCounter.table","NW_015090842.1:9573280",14,34,20
"PIEZO1","s1650_F_HYP_02_ASEReadCounter.table","NW_015090842.1:9573566",10,25,15
"PIEZO1","s1650_F_HYP_02_ASEReadCounter.table","NW_015090842.1:9575341",9,18,9
"PIEZO1","s1650_F_HYP_02_ASEReadCounter.table","NW_015090842.1:9575367",8,16,8
"PIEZO1","s1650_F_HYP_02_ASEReadCounter.table","NW_015090842.1:9575645",6,12,6
"PIEZO1","s1650_F_HYP_02_ASEReadCounter.table","NW_015090842.1:9575696",5,12,7
"PIEZO1","s1650_F_HYP_02_ASEReadCounter.table","NW_015090842.1:9575897",2,9,7
"PIEZO1","s1650_F_HYP_02_ASEReadCounter.table","NW_015090842.1:9576060",2,8,6
"PIEZO1","s1650_F_HYP_02_ASEReadCounter.table","NW_015090842.1:9576087",2,9,7
"PIEZO1","s1650_F_HYP_02_ASEReadCounter.table","NW_015090842.1:9576093",2,11,9
"PIEZO1","s1650_F_HYP_02_ASEReadCounter.table","NW_015090842.1:9576120",3,11,8
"PIEZO1","s1650_F_HYP_02_ASEReadCounter.table","NW_015090842.1:9576687",6,15,9
"PIEZO1","s1650_F_HYP_02_ASEReadCounter.table","NW_015090842.1:9576710",4,14,10
"PIEZO1","s1650_F_HYP_02_ASEReadCounter.table","NW_015090842.1:9576723",4,14,10
"PIEZO1","s1650_F_HYP_02_ASEReadCounter.table","NW_015090842.1:9578268",4,9,5
"PIEZO1","s1650_F_HYP_02_ASEReadCounter.table","NW_015090842.1:9578770",6,12,6
"PIEZO1","s1650_F_HYP_02_ASEReadCounter.table","NW_015090842.1:9578806",1,5,4
"PIEZO1","s1650_F_HYP_02_ASEReadCounter.table","NW_015090842.1:9579064",10,18,8
"PIEZO1","s1650_F_HYP_02_ASEReadCounter.table","NW_015090842.1:9579065",9,17,8
"PIEZO1","s1650_F_HYP_02_ASEReadCounter.table","NW_015090842.1:9579347",4,15,11
"PIEZO1","s1650_F_HYP_02_ASEReadCounter.table","NW_015090842.1:9580765",3,9,6
"PIEZO1","s1650_F_HYP_02_ASEReadCounter.table","NW_015090842.1:9580996",5,12,7
"PIEZO1","s1650_F_HYP_02_ASEReadCounter.table","NW_015090842.1:9581101",1,4,3
"PIEZO1","s1650_F_HYP_02_ASEReadCounter.table","NW_015090842.1:9581299",2,3,1
"PIEZO1","s1650_F_HYP_02_ASEReadCounter.table","NW_015090842.1:9581875",4,11,7
"PIEZO1","s1650_F_HYP_02_ASEReadCounter.table","NW_015090842.1:9582046",3,5,2
"PIEZO1","s1650_F_HYP_02_ASEReadCounter.table","NW_015090842.1:9582961",2,9,7
"PIEZO1","s1650_F_HYP_02_ASEReadCounter.table","NW_015090842.1:9583298",2,7,5
"PIEZO1","s1650_F_HYP_02_ASEReadCounter.table","NW_015090842.1:9584337",3,6,3
"PIEZO1","s1650_F_HYP_02_ASEReadCounter.table","NW_015090842.1:9584425",2,6,4
"PIEZO1","s1650_F_HYP_02_ASEReadCounter.table","NW_015090842.1:9584435",2,6,4
"PIEZO1","s1650_F_HYP_02_ASEReadCounter.table","NW_015090842.1:9584438",1,4,3
"PIEZO1","s1650_F_HYP_02_ASEReadCounter.table","NW_015090842.1:9584441",1,4,3
"CDT1","s1650_F_HYP_02_ASEReadCounter.table","NW_015090842.1:9596596",2,2,0
"CDT1","s1650_F_HYP_02_ASEReadCounter.table","NW_015090842.1:9596766",3,4,1
"CDT1","s1650_F_HYP_02_ASEReadCounter.table","NW_015090842.1:9597054",5,9,4
"CDT1","s1650_F_HYP_02_ASEReadCounter.table","NW_015090842.1:9597074",4,8,4
"CDT1","s1650_F_HYP_02_ASEReadCounter.table","NW_015090842.1:9597137",6,8,2
"CDT1","s1650_F_HYP_02_ASEReadCounter.table","NW_015090842.1:9597756",4,5,1
"CDT1","s1650_F_HYP_02_ASEReadCounter.table","NW_015090842.1:9597766",5,6,1
"CDT1","s1650_F_HYP_02_ASEReadCounter.table","NW_015090842.1:9598496",7,14,7
"CDT1","s1650_F_HYP_02_ASEReadCounter.table","NW_015090842.1:9598498",7,14,7
"CDT1","s1650_F_HYP_02_ASEReadCounter.table","NW_015090842.1:9598816",1,8,7
"CDT1","s1650_F_HYP_02_ASEReadCounter.table","NW_015090842.1:9598879",5,9,4
"CDT1","s1650_F_HYP_02_ASEReadCounter.table","NW_015090842.1:9598912",6,13,7
"CDT1","s1650_F_HYP_02_ASEReadCounter.table","NW_015090842.1:9598959",1,12,11
"CDT1","s1650_F_HYP_02_ASEReadCounter.table","NW_015090842.1:9599807",6,10,4
"CDT1","s1650_F_HYP_02_ASEReadCounter.table","NW_015090842.1:9599819",9,14,5
"CDT1","s1650_F_HYP_02_ASEReadCounter.table","NW_015090842.1:9599845",12,21,9
"CDT1","s1650_F_HYP_02_ASEReadCounter.table","NW_015090842.1:9600148",12,22,10
"CDT1","s1650_F_HYP_02_ASEReadCounter.table","NW_015090842.1:9600151",10,20,10
"CDT1","s1650_F_HYP_02_ASEReadCounter.table","NW_015090842.1:9600217",11,27,16
"CDT1","s1650_F_HYP_02_ASEReadCounter.table","NW_015090842.1:9600226",12,25,13
"CDT1","s1650_F_HYP_02_ASEReadCounter.table","NW_015090842.1:9600260",14,29,15
"CDT1","s1650_F_HYP_02_ASEReadCounter.table","NW_015090842.1:9600268",12,27,15
"CDT1","s1650_F_HYP_02_ASEReadCounter.table","NW_015090842.1:9600305",8,26,18
"CDT1","s1650_F_HYP_02_ASEReadCounter.table","NW_015090842.1:9600397",9,24,15
"CDT1","s1650_F_HYP_02_ASEReadCounter.table","NW_015090842.1:9600447",3,12,9
"CDT1","s1650_F_HYP_02_ASEReadCounter.table","NW_015090842.1:9600450",3,12,9
"CDT1","s1650_F_HYP_02_ASEReadCounter.table","NW_015090842.1:9600485",3,14,11
"CDT1","s1650_F_HYP_02_ASEReadCounter.table","NW_015090842.1:9600579",5,16,11
"APRT","s1650_F_HYP_02_ASEReadCounter.table","NW_015090842.1:9602308",42,114,72
"APRT","s1650_F_HYP_02_ASEReadCounter.table","NW_015090842.1:9602440",64,207,143
"APRT","s1650_F_HYP_02_ASEReadCounter.table","NW_015090842.1:9602449",60,201,141
"APRT","s1650_F_HYP_02_ASEReadCounter.table","NW_015090842.1:9602451",62,209,147
"APRT","s1650_F_HYP_02_ASEReadCounter.table","NW_015090842.1:9602455",62,208,146
"APRT","s1650_F_HYP_02_ASEReadCounter.table","NW_015090842.1:9602462",61,198,137
"APRT","s1650_F_HYP_02_ASEReadCounter.table","NW_015090842.1:9602507",54,204,150
"APRT","s1650_F_HYP_02_ASEReadCounter.table","NW_015090842.1:9602514",59,209,150
"APRT","s1650_F_HYP_02_ASEReadCounter.table","NW_015090842.1:9602530",59,186,127
"APRT","s1650_F_HYP_02_ASEReadCounter.table","NW_015090842.1:9602582",46,152,106
"APRT","s1650_F_HYP_02_ASEReadCounter.table","NW_015090842.1:9602583",48,155,107
"APRT","s1650_F_HYP_02_ASEReadCounter.table","NW_015090842.1:9602650",68,189,121
"APRT","s1650_F_HYP_02_ASEReadCounter.table","NW_015090842.1:9602655",66,175,109
"APRT","s1650_F_HYP_02_ASEReadCounter.table","NW_015090842.1:9602712",49,180,131
"APRT","s1650_F_HYP_02_ASEReadCounter.table","NW_015090842.1:9602764",45,166,121
"APRT","s1650_F_HYP_02_ASEReadCounter.table","NW_015090842.1:9602821",43,135,92
"APRT","s1650_F_HYP_02_ASEReadCounter.table","NW_015090842.1:9602867",48,120,72
"APRT","s1650_F_HYP_02_ASEReadCounter.table","NW_015090842.1:9602883",50,132,82
"APRT","s1650_F_HYP_02_ASEReadCounter.table","NW_015090842.1:9602886",49,132,83
"APRT","s1650_F_HYP_02_ASEReadCounter.table","NW_015090842.1:9602948",62,150,88
"APRT","s1650_F_HYP_02_ASEReadCounter.table","NW_015090842.1:9602958",63,153,90
"APRT","s1650_F_HYP_02_ASEReadCounter.table","NW_015090842.1:9603020",83,180,97
"APRT","s1650_F_HYP_02_ASEReadCounter.table","NW_015090842.1:9603025",83,179,96
"APRT","s1650_F_HYP_02_ASEReadCounter.table","NW_015090842.1:9603154",40,133,93
"APRT","s1650_F_HYP_02_ASEReadCounter.table","NW_015090842.1:9603166",54,158,104
"APRT","s1650_F_HYP_02_ASEReadCounter.table","NW_015090842.1:9603326",42,135,93
"APRT","s1650_F_HYP_02_ASEReadCounter.table","NW_015090842.1:9603419",40,118,78
"APRT","s1650_F_HYP_02_ASEReadCounter.table","NW_015090842.1:9603420",38,113,75
"APRT","s1650_F_HYP_02_ASEReadCounter.table","NW_015090842.1:9603464",35,94,59
"APRT","s1650_F_HYP_02_ASEReadCounter.table","NW_015090842.1:9603528",30,110,80
"APRT","s1650_F_HYP_02_ASEReadCounter.table","NW_015090842.1:9603607",27,91,64
"APRT","s1650_F_HYP_02_ASEReadCounter.table","NW_015090842.1:9603622",25,91,66
"APRT","s1650_F_HYP_02_ASEReadCounter.table","NW_015090842.1:9604361",25,71,46
"APRT","s1650_F_HYP_02_ASEReadCounter.table","NW_015090842.1:9605317",21,74,53
"APRT","s1650_F_HYP_02_ASEReadCounter.table","NW_015090842.1:9605336",17,74,57
"GALNS","s1650_F_HYP_02_ASEReadCounter.table","NW_015090842.1:9612872",6,13,7
"GALNS","s1650_F_HYP_02_ASEReadCounter.table","NW_015090842.1:9612873",5,12,7
"GALNS","s1650_F_HYP_02_ASEReadCounter.table","NW_015090842.1:9612877",4,10,6
"GALNS","s1650_F_HYP_02_ASEReadCounter.table","NW_015090842.1:9612942",18,34,16
"GALNS","s1650_F_HYP_02_ASEReadCounter.table","NW_015090842.1:9612987",32,32,0
"GALNS","s1650_F_HYP_02_ASEReadCounter.table","NW_015090842.1:9613064",18,38,20
"GALNS","s1650_F_HYP_02_ASEReadCounter.table","NW_015090842.1:9613096",29,53,24
"GALNS","s1650_F_HYP_02_ASEReadCounter.table","NW_015090842.1:9613123",26,46,20
"GALNS","s1650_F_HYP_02_ASEReadCounter.table","NW_015090842.1:9613125",26,44,18
"GALNS","s1650_F_HYP_02_ASEReadCounter.table","NW_015090842.1:9613193",25,41,16
"GALNS","s1650_F_HYP_02_ASEReadCounter.table","NW_015090842.1:9613226",26,45,19
"GALNS","s1650_F_HYP_02_ASEReadCounter.table","NW_015090842.1:9613249",27,52,25
"GALNS","s1650_F_HYP_02_ASEReadCounter.table","NW_015090842.1:9613256",32,60,28
"GALNS","s1650_F_HYP_02_ASEReadCounter.table","NW_015090842.1:9613317",27,49,22
"GALNS","s1650_F_HYP_02_ASEReadCounter.table","NW_015090842.1:9613343",27,45,18
"GALNS","s1650_F_HYP_02_ASEReadCounter.table","NW_015090842.1:9613344",27,45,18
"GALNS","s1650_F_HYP_02_ASEReadCounter.table","NW_015090842.1:9613371",35,52,17
"GALNS","s1650_F_HYP_02_ASEReadCounter.table","NW_015090842.1:9613378",29,48,19
"GALNS","s1650_F_HYP_02_ASEReadCounter.table","NW_015090842.1:9613379",29,48,19
"GALNS","s1650_F_HYP_02_ASEReadCounter.table","NW_015090842.1:9613516",33,54,21
"GALNS","s1650_F_HYP_02_ASEReadCounter.table","NW_015090842.1:9613572",33,75,42
"GALNS","s1650_F_HYP_02_ASEReadCounter.table","NW_015090842.1:9613597",36,81,45
"GALNS","s1650_F_HYP_02_ASEReadCounter.table","NW_015090842.1:9613627",24,65,41
"GALNS","s1650_F_HYP_02_ASEReadCounter.table","NW_015090842.1:9613640",24,60,36
"GALNS","s1650_F_HYP_02_ASEReadCounter.table","NW_015090842.1:9614025",18,34,16
"GALNS","s1650_F_HYP_02_ASEReadCounter.table","NW_015090842.1:9614169",12,26,14
"GALNS","s1650_F_HYP_02_ASEReadCounter.table","NW_015090842.1:9614232",35,35,0
"GALNS","s1650_F_HYP_02_ASEReadCounter.table","NW_015090842.1:9614667",18,33,15
"GALNS","s1650_F_HYP_02_ASEReadCounter.table","NW_015090842.1:9614709",14,27,13
"GALNS","s1650_F_HYP_02_ASEReadCounter.table","NW_015090842.1:9614880",13,24,11
"GALNS","s1650_F_HYP_02_ASEReadCounter.table","NW_015090842.1:9614902",10,20,10
"GALNS","s1650_F_HYP_02_ASEReadCounter.table","NW_015090842.1:9614960",6,11,5
"GALNS","s1650_F_HYP_02_ASEReadCounter.table","NW_015090842.1:9615114",17,37,20
"GALNS","s1650_F_HYP_02_ASEReadCounter.table","NW_015090842.1:9615199",11,25,14
"GALNS","s1650_F_HYP_02_ASEReadCounter.table","NW_015090842.1:9615217",10,22,12
"GALNS","s1650_F_HYP_02_ASEReadCounter.table","NW_015090842.1:9615277",13,25,12
"GALNS","s1650_F_HYP_02_ASEReadCounter.table","NW_015090842.1:9615377",15,34,19
"GALNS","s1650_F_HYP_02_ASEReadCounter.table","NW_015090842.1:9647858",5,16,11
"GALNS","s1650_F_HYP_02_ASEReadCounter.table","NW_015090842.1:9649186",7,13,6
"GALNS","s1650_F_HYP_02_ASEReadCounter.table","NW_015090842.1:9649237",6,11,5
"GALNS","s1650_F_HYP_02_ASEReadCounter.table","NW_015090842.1:9661193",1,2,1
"TRAPPC2L","s1650_F_HYP_02_ASEReadCounter.table","NW_015090842.1:9662951",154,270,116
"TRAPPC2L","s1650_F_HYP_02_ASEReadCounter.table","NW_015090842.1:9663014",189,304,115
"TRAPPC2L","s1650_F_HYP_02_ASEReadCounter.table","NW_015090842.1:9664305",289,289,0
"TRAPPC2L","s1650_F_HYP_02_ASEReadCounter.table","NW_015090842.1:9665155",168,300,132
"TRAPPC2L","s1650_F_HYP_02_ASEReadCounter.table","NW_015090842.1:9665211",58,106,48
"PABPN1L","s1650_F_HYP_02_ASEReadCounter.table","NW_015090842.1:9669959",1,1,0
"CBFA2T3","s1650_F_HYP_02_ASEReadCounter.table","NW_015090842.1:9709469",0,26,26
"CBFA2T3","s1650_F_HYP_02_ASEReadCounter.table","NW_015090842.1:9709475",0,27,27
"CBFA2T3","s1650_F_HYP_02_ASEReadCounter.table","NW_015090842.1:9711845",0,6,6
"CBFA2T3","s1650_F_HYP_02_ASEReadCounter.table","NW_015090842.1:9712157",0,10,10
"CBFA2T3","s1650_F_HYP_02_ASEReadCounter.table","NW_015090842.1:9712160",0,9,9
"CBFA2T3","s1650_F_HYP_02_ASEReadCounter.table","NW_015090842.1:9712166",0,10,10
"CBFA2T3","s1650_F_HYP_02_ASEReadCounter.table","NW_015090842.1:9712536",4,11,7
"CBFA2T3","s1650_F_HYP_02_ASEReadCounter.table","NW_015090842.1:9712673",6,14,8
"CBFA2T3","s1650_F_HYP_02_ASEReadCounter.table","NW_015090842.1:9712787",11,19,8
"CBFA2T3","s1650_F_HYP_02_ASEReadCounter.table","NW_015090842.1:9712791",12,19,7
"CBFA2T3","s1650_F_HYP_02_ASEReadCounter.table","NW_015090842.1:9712805",12,16,4
"CBFA2T3","s1650_F_HYP_02_ASEReadCounter.table","NW_015090842.1:9712811",12,17,5
"CBFA2T3","s1650_F_HYP_02_ASEReadCounter.table","NW_015090842.1:9712848",13,17,4
"CBFA2T3","s1650_F_HYP_02_ASEReadCounter.table","NW_015090842.1:9713088",5,14,9
"CBFA2T3","s1650_F_HYP_02_ASEReadCounter.table","NW_015090842.1:9713121",7,17,10
"CBFA2T3","s1650_F_HYP_02_ASEReadCounter.table","NW_015090842.1:9717058",10,20,10
"CBFA2T3","s1650_F_HYP_02_ASEReadCounter.table","NW_015090842.1:9717093",7,17,10
"CBFA2T3","s1650_F_HYP_02_ASEReadCounter.table","NW_015090842.1:9717114",7,19,12
"CBFA2T3","s1650_F_HYP_02_ASEReadCounter.table","NW_015090842.1:9717139",6,16,10
"CBFA2T3","s1650_F_HYP_02_ASEReadCounter.table","NW_015090842.1:9719788",5,9,4
"CBFA2T3","s1650_F_HYP_02_ASEReadCounter.table","NW_015090842.1:9728475",1,3,2
"CBFA2T3","s1650_F_HYP_02_ASEReadCounter.table","NW_015090842.1:9728522",2,5,3
"CBFA2T3","s1650_F_HYP_02_ASEReadCounter.table","NW_015090842.1:9728525",2,5,3
"CBFA2T3","s1650_F_HYP_02_ASEReadCounter.table","NW_015090842.1:9728588",0,3,3
"CBFA2T3","s1650_F_HYP_02_ASEReadCounter.table","NW_015090842.1:9728601",0,2,2
"CBFA2T3","s1650_F_HYP_02_ASEReadCounter.table","NW_015090842.1:9728611",0,2,2
"CBFA2T3","s1650_F_HYP_02_ASEReadCounter.table","NW_015090842.1:9728654",1,2,1
"ACSF3","s1650_F_HYP_02_ASEReadCounter.table","NW_015090842.1:9773379",0,2,2
"ACSF3","s1650_F_HYP_02_ASEReadCounter.table","NW_015090842.1:9773382",0,2,2
"ACSF3","s1650_F_HYP_02_ASEReadCounter.table","NW_015090842.1:9773384",0,2,2
"ACSF3","s1650_F_HYP_02_ASEReadCounter.table","NW_015090842.1:9773388",0,4,4
"ACSF3","s1650_F_HYP_02_ASEReadCounter.table","NW_015090842.1:9776753",4,12,8
"ACSF3","s1650_F_HYP_02_ASEReadCounter.table","NW_015090842.1:9776783",6,13,7
"ACSF3","s1650_F_HYP_02_ASEReadCounter.table","NW_015090842.1:9776879",2,7,5
"ACSF3","s1650_F_HYP_02_ASEReadCounter.table","NW_015090842.1:9776965",4,11,7
"ACSF3","s1650_F_HYP_02_ASEReadCounter.table","NW_015090842.1:9777091",7,14,7
"ACSF3","s1650_F_HYP_02_ASEReadCounter.table","NW_015090842.1:9777206",7,11,4
"ACSF3","s1650_F_HYP_02_ASEReadCounter.table","NW_015090842.1:9777283",21,36,15
"ACSF3","s1650_F_HYP_02_ASEReadCounter.table","NW_015090842.1:9778955",12,29,17
"ACSF3","s1650_F_HYP_02_ASEReadCounter.table","NW_015090842.1:9778997",21,54,33
"ACSF3","s1650_F_HYP_02_ASEReadCounter.table","NW_015090842.1:9789311",22,47,25
"ACSF3","s1650_F_HYP_02_ASEReadCounter.table","NW_015090842.1:9789906",0,28,28
"ACSF3","s1650_F_HYP_02_ASEReadCounter.table","NW_015090842.1:9834743",44,100,56
"ACSF3","s1650_F_HYP_02_ASEReadCounter.table","NW_015090842.1:9834852",63,138,75
"ACSF3","s1650_F_HYP_02_ASEReadCounter.table","NW_015090842.1:9834861",59,133,74
"ACSF3","s1650_F_HYP_02_ASEReadCounter.table","NW_015090842.1:9839359",42,85,43
"ACSF3","s1650_F_HYP_02_ASEReadCounter.table","NW_015090842.1:9839378",39,74,35
"ACSF3","s1650_F_HYP_02_ASEReadCounter.table","NW_015090842.1:9839455",43,74,31
"ACSF3","s1650_F_HYP_02_ASEReadCounter.table","NW_015090842.1:9839457",42,70,28
"ACSF3","s1650_F_HYP_02_ASEReadCounter.table","NW_015090842.1:9839489",32,59,27
"ACSF3","s1650_F_HYP_02_ASEReadCounter.table","NW_015090842.1:9839500",27,50,23
"ACSF3","s1650_F_HYP_02_ASEReadCounter.table","NW_015090842.1:9839501",27,47,20
"ACSF3","s1650_F_HYP_02_ASEReadCounter.table","NW_015090842.1:9839504",30,52,22
"ACSF3","s1650_F_HYP_02_ASEReadCounter.table","NW_015090842.1:9839512",22,40,18
"ACSF3","s1650_F_HYP_02_ASEReadCounter.table","NW_015090842.1:9839527",16,31,15
"ACSF3","s1650_F_HYP_02_ASEReadCounter.table","NW_015090842.1:9839533",11,25,14
"ACSF3","s1650_F_HYP_02_ASEReadCounter.table","NW_015090842.1:9839535",10,23,13
"ACSF3","s1650_F_HYP_02_ASEReadCounter.table","NW_015090842.1:9839545",5,17,12
"ACSF3","s1650_F_HYP_02_ASEReadCounter.table","NW_015090842.1:9839550",5,16,11
"ACSF3","s1650_F_HYP_02_ASEReadCounter.table","NW_015090842.1:9839551",5,15,10
"CDH15","s1650_F_HYP_02_ASEReadCounter.table","NW_015090842.1:9847163",0,1,1
"CDH15","s1650_F_HYP_02_ASEReadCounter.table","NW_015090842.1:9847174",0,1,1
"CDH15","s1650_F_HYP_02_ASEReadCounter.table","NW_015090842.1:9848004",0,2,2
"CDH15","s1650_F_HYP_02_ASEReadCounter.table","NW_015090842.1:9848265",1,2,1
"CDH15","s1650_F_HYP_02_ASEReadCounter.table","NW_015090842.1:9848307",2,3,1
"CDH15","s1650_F_HYP_02_ASEReadCounter.table","NW_015090842.1:9848310",2,3,1
"CDH15","s1650_F_HYP_02_ASEReadCounter.table","NW_015090842.1:9848313",2,3,1
"CDH15","s1650_F_HYP_02_ASEReadCounter.table","NW_015090842.1:9848936",0,1,1
"CDH15","s1650_F_HYP_02_ASEReadCounter.table","NW_015090842.1:9849086",1,4,3
"CDH15","s1650_F_HYP_02_ASEReadCounter.table","NW_015090842.1:9849119",1,4,3
"CDH15","s1650_F_HYP_02_ASEReadCounter.table","NW_015090842.1:9849140",0,2,2
"CDH15","s1650_F_HYP_02_ASEReadCounter.table","NW_015090842.1:9849473",0,2,2
"CDH15","s1650_F_HYP_02_ASEReadCounter.table","NW_015090842.1:9850141",4,4,0
"CDH15","s1650_F_HYP_02_ASEReadCounter.table","NW_015090842.1:9850386",0,1,1
"CDH15","s1650_F_HYP_02_ASEReadCounter.table","NW_015090842.1:9850432",1,3,2
"CDH15","s1650_F_HYP_02_ASEReadCounter.table","NW_015090842.1:9850609",1,4,3
"SLC22A31","s1650_F_HYP_02_ASEReadCounter.table","NW_015090842.1:9850797",0,3,3
"SLC22A31","s1650_F_HYP_02_ASEReadCounter.table","NW_015090842.1:9850818",0,4,4
"SLC22A31","s1650_F_HYP_02_ASEReadCounter.table","NW_015090842.1:9850929",0,3,3
"SLC22A31","s1650_F_HYP_02_ASEReadCounter.table","NW_015090842.1:9850936",0,3,3
"SLC22A31","s1650_F_HYP_02_ASEReadCounter.table","NW_015090842.1:9850940",0,3,3
"SLC22A31","s1650_F_HYP_02_ASEReadCounter.table","NW_015090842.1:9850948",0,3,3
"SLC22A31","s1650_F_HYP_02_ASEReadCounter.table","NW_015090842.1:9850961",0,2,2
"SLC22A31","s1650_F_HYP_02_ASEReadCounter.table","NW_015090842.1:9850970",0,2,2
"SLC22A31","s1650_F_HYP_02_ASEReadCounter.table","NW_015090842.1:9850978",0,2,2
"SLC22A31","s1650_F_HYP_02_ASEReadCounter.table","NW_015090842.1:9850981",0,2,2
"SLC22A31","s1650_F_HYP_02_ASEReadCounter.table","NW_015090842.1:9851117",7,17,10
"SLC22A31","s1650_F_HYP_02_ASEReadCounter.table","NW_015090842.1:9851130",6,16,10
"SLC22A31","s1650_F_HYP_02_ASEReadCounter.table","NW_015090842.1:9851139",8,18,10
"SLC22A31","s1650_F_HYP_02_ASEReadCounter.table","NW_015090842.1:9851265",11,28,17
"SLC22A31","s1650_F_HYP_02_ASEReadCounter.table","NW_015090842.1:9851302",12,33,21
"SLC22A31","s1650_F_HYP_02_ASEReadCounter.table","NW_015090842.1:9851303",13,32,19
"SLC22A31","s1650_F_HYP_02_ASEReadCounter.table","NW_015090842.1:9851305",12,31,19
"SLC22A31","s1650_F_HYP_02_ASEReadCounter.table","NW_015090842.1:9851343",10,25,15
"SLC22A31","s1650_F_HYP_02_ASEReadCounter.table","NW_015090842.1:9851344",12,24,12
"SLC22A31","s1650_F_HYP_02_ASEReadCounter.table","NW_015090842.1:9851361",17,17,0
"SLC22A31","s1650_F_HYP_02_ASEReadCounter.table","NW_015090842.1:9851381",16,30,14
"SLC22A31","s1650_F_HYP_02_ASEReadCounter.table","NW_015090842.1:9851421",14,29,15
"SLC22A31","s1650_F_HYP_02_ASEReadCounter.table","NW_015090842.1:9851501",7,17,10
"SLC22A31","s1650_F_HYP_02_ASEReadCounter.table","NW_015090842.1:9851526",10,29,19
"SLC22A31","s1650_F_HYP_02_ASEReadCounter.table","NW_015090842.1:9851589",9,32,23
"SLC22A31","s1650_F_HYP_02_ASEReadCounter.table","NW_015090842.1:9851712",21,35,14
"SLC22A31","s1650_F_HYP_02_ASEReadCounter.table","NW_015090842.1:9851899",12,23,11
"SLC22A31","s1650_F_HYP_02_ASEReadCounter.table","NW_015090842.1:9852139",13,26,13
"SLC22A31","s1650_F_HYP_02_ASEReadCounter.table","NW_015090842.1:9852380",11,17,6
"SLC22A31","s1650_F_HYP_02_ASEReadCounter.table","NW_015090842.1:9852431",10,19,9
"SLC22A31","s1650_F_HYP_02_ASEReadCounter.table","NW_015090842.1:9852630",5,9,4
"SLC22A31","s1650_F_HYP_02_ASEReadCounter.table","NW_015090842.1:9852711",3,14,11
"SLC22A31","s1650_F_HYP_02_ASEReadCounter.table","NW_015090842.1:9853099",6,10,4
"SLC22A31","s1650_F_HYP_02_ASEReadCounter.table","NW_015090842.1:9853102",6,10,4
"SLC22A31","s1650_F_HYP_02_ASEReadCounter.table","NW_015090842.1:9853421",2,2,0
"SLC22A31","s1650_F_HYP_02_ASEReadCounter.table","NW_015090842.1:9853457",3,3,0
"SLC22A31","s1650_F_HYP_02_ASEReadCounter.table","NW_015090842.1:9853502",1,1,0
"ANKRD11","s1650_F_HYP_02_ASEReadCounter.table","NW_015090842.1:9858863",7,25,18
"ANKRD11","s1650_F_HYP_02_ASEReadCounter.table","NW_015090842.1:9859101",157,335,178
"ANKRD11","s1650_F_HYP_02_ASEReadCounter.table","NW_015090842.1:9859352",170,383,213
"ANKRD11","s1650_F_HYP_02_ASEReadCounter.table","NW_015090842.1:9859381",36,205,169
"ANKRD11","s1650_F_HYP_02_ASEReadCounter.table","NW_015090842.1:9859679",174,369,195
"ANKRD11","s1650_F_HYP_02_ASEReadCounter.table","NW_015090842.1:9861097",123,242,119
"ANKRD11","s1650_F_HYP_02_ASEReadCounter.table","NW_015090842.1:9862571",59,140,81
"ANKRD11","s1650_F_HYP_02_ASEReadCounter.table","NW_015090842.1:9862652",53,89,36
"ANKRD11","s1650_F_HYP_02_ASEReadCounter.table","NW_015090842.1:9866071",0,88,88
"ANKRD11","s1650_F_HYP_02_ASEReadCounter.table","NW_015090842.1:9866200",0,65,65
"ANKRD11","s1650_F_HYP_02_ASEReadCounter.table","NW_015090842.1:9867391",16,30,14
"ANKRD11","s1650_F_HYP_02_ASEReadCounter.table","NW_015090842.1:9867472",19,45,26
"ANKRD11","s1650_F_HYP_02_ASEReadCounter.table","NW_015090842.1:9867559",29,53,24
"ANKRD11","s1650_F_HYP_02_ASEReadCounter.table","NW_015090842.1:9867667",21,49,28
"ANKRD11","s1650_F_HYP_02_ASEReadCounter.table","NW_015090842.1:9867934",17,53,36
"ANKRD11","s1650_F_HYP_02_ASEReadCounter.table","NW_015090842.1:9868064",25,53,28
"ANKRD11","s1650_F_HYP_02_ASEReadCounter.table","NW_015090842.1:9868093",26,55,29
"ANKRD11","s1650_F_HYP_02_ASEReadCounter.table","NW_015090842.1:9868222",26,68,42
"ANKRD11","s1650_F_HYP_02_ASEReadCounter.table","NW_015090842.1:9868327",34,84,50
"ANKRD11","s1650_F_HYP_02_ASEReadCounter.table","NW_015090842.1:9868414",44,106,62
"ANKRD11","s1650_F_HYP_02_ASEReadCounter.table","NW_015090842.1:9868441",43,106,63
"ANKRD11","s1650_F_HYP_02_ASEReadCounter.table","NW_015090842.1:9868444",44,110,66
"ANKRD11","s1650_F_HYP_02_ASEReadCounter.table","NW_015090842.1:9868519",41,104,63
"ANKRD11","s1650_F_HYP_02_ASEReadCounter.table","NW_015090842.1:9868609",57,128,71
"ANKRD11","s1650_F_HYP_02_ASEReadCounter.table","NW_015090842.1:9868666",66,153,87
"ANKRD11","s1650_F_HYP_02_ASEReadCounter.table","NW_015090842.1:9868738",175,175,0
"ANKRD11","s1650_F_HYP_02_ASEReadCounter.table","NW_015090842.1:9869431",144,253,109
"ANKRD11","s1650_F_HYP_02_ASEReadCounter.table","NW_015090842.1:9869578",217,417,200
"ANKRD11","s1650_F_HYP_02_ASEReadCounter.table","NW_015090842.1:9869734",211,426,215
"ANKRD11","s1650_F_HYP_02_ASEReadCounter.table","NW_015090842.1:9870070",207,443,236
"ANKRD11","s1650_F_HYP_02_ASEReadCounter.table","NW_015090842.1:9870349",237,519,282
"ANKRD11","s1650_F_HYP_02_ASEReadCounter.table","NW_015090842.1:9870604",273,549,276
"ANKRD11","s1650_F_HYP_02_ASEReadCounter.table","NW_015090842.1:9870613",293,574,281
"ANKRD11","s1650_F_HYP_02_ASEReadCounter.table","NW_015090842.1:9870685",345,701,356
"ANKRD11","s1650_F_HYP_02_ASEReadCounter.table","NW_015090842.1:9870760",296,642,346
"ANKRD11","s1650_F_HYP_02_ASEReadCounter.table","NW_015090842.1:9870847",290,607,317
"ANKRD11","s1650_F_HYP_02_ASEReadCounter.table","NW_015090842.1:9871103",217,437,220
"ANKRD11","s1650_F_HYP_02_ASEReadCounter.table","NW_015090842.1:9871165",209,446,237
"ANKRD11","s1650_F_HYP_02_ASEReadCounter.table","NW_015090842.1:9871508",234,234,0
"ANKRD11","s1650_F_HYP_02_ASEReadCounter.table","NW_015090842.1:9871820",56,102,46
"ANKRD11","s1650_F_HYP_02_ASEReadCounter.table","NW_015090842.1:9872118",49,115,66
"ANKRD11","s1650_F_HYP_02_ASEReadCounter.table","NW_015090842.1:9877406",11,28,17
"SPG7","s1650_F_HYP_02_ASEReadCounter.table","NW_015090842.1:10051190",46,111,65
"SPG7","s1650_F_HYP_02_ASEReadCounter.table","NW_015090842.1:10051218",63,137,74
"SPG7","s1650_F_HYP_02_ASEReadCounter.table","NW_015090842.1:10052348",80,143,63
"SPG7","s1650_F_HYP_02_ASEReadCounter.table","NW_015090842.1:10052366",94,158,64
"SPG7","s1650_F_HYP_02_ASEReadCounter.table","NW_015090842.1:10065173",118,249,131
"SPG7","s1650_F_HYP_02_ASEReadCounter.table","NW_015090842.1:10065215",115,238,123
"SPG7","s1650_F_HYP_02_ASEReadCounter.table","NW_015090842.1:10066365",110,214,104
"SPG7","s1650_F_HYP_02_ASEReadCounter.table","NW_015090842.1:10069752",155,279,124
"SPG7","s1650_F_HYP_02_ASEReadCounter.table","NW_015090842.1:10069800",170,335,165
"SPG7","s1650_F_HYP_02_ASEReadCounter.table","NW_015090842.1:10071192",183,368,185
"SPG7","s1650_F_HYP_02_ASEReadCounter.table","NW_015090842.1:10071219",170,341,171
"SPG7","s1650_F_HYP_02_ASEReadCounter.table","NW_015090842.1:10071967",173,346,173
"SPG7","s1650_F_HYP_02_ASEReadCounter.table","NW_015090842.1:10075109",307,591,284
"SPG7","s1650_F_HYP_02_ASEReadCounter.table","NW_015090842.1:10075114",319,600,281
"SPG7","s1650_F_HYP_02_ASEReadCounter.table","NW_015090842.1:10075198",261,469,208
"SPG7","s1650_F_HYP_02_ASEReadCounter.table","NW_015090842.1:10075487",212,449,237
"SPG7","s1650_F_HYP_02_ASEReadCounter.table","NW_015090842.1:10075488",213,451,238
"SPG7","s1650_F_HYP_02_ASEReadCounter.table","NW_015090842.1:10075548",160,321,161
"RPL13","s1650_F_HYP_02_ASEReadCounter.table","NW_015090842.1:10077387",486,1030,544
"RPL13","s1650_F_HYP_02_ASEReadCounter.table","NW_015090842.1:10077978",766,1607,841
"RPL13","s1650_F_HYP_02_ASEReadCounter.table","NW_015090842.1:10077992",766,1561,795
"CPNE7","s1650_F_HYP_02_ASEReadCounter.table","NW_015090842.1:10084001",12,16,4
"CPNE7","s1650_F_HYP_02_ASEReadCounter.table","NW_015090842.1:10084856",7,12,5
"CPNE7","s1650_F_HYP_02_ASEReadCounter.table","NW_015090842.1:10084872",9,13,4
"CPNE7","s1650_F_HYP_02_ASEReadCounter.table","NW_015090842.1:10084892",12,16,4
"CPNE7","s1650_F_HYP_02_ASEReadCounter.table","NW_015090842.1:10084921",13,18,5
"CPNE7","s1650_F_HYP_02_ASEReadCounter.table","NW_015090842.1:10084935",14,18,4
"CPNE7","s1650_F_HYP_02_ASEReadCounter.table","NW_015090842.1:10085000",9,14,5
"CPNE7","s1650_F_HYP_02_ASEReadCounter.table","NW_015090842.1:10085089",7,12,5
"CPNE7","s1650_F_HYP_02_ASEReadCounter.table","NW_015090842.1:10085096",5,10,5
"CPNE7","s1650_F_HYP_02_ASEReadCounter.table","NW_015090842.1:10085126",6,12,6
"CPNE7","s1650_F_HYP_02_ASEReadCounter.table","NW_015090842.1:10085167",13,13,0
"CPNE7","s1650_F_HYP_02_ASEReadCounter.table","NW_015090842.1:10085180",9,17,8
"CPNE7","s1650_F_HYP_02_ASEReadCounter.table","NW_015090842.1:10085201",10,18,8
"CPNE7","s1650_F_HYP_02_ASEReadCounter.table","NW_015090842.1:10088134",25,37,12
"CPNE7","s1650_F_HYP_02_ASEReadCounter.table","NW_015090842.1:10088146",23,34,11
"CPNE7","s1650_F_HYP_02_ASEReadCounter.table","NW_015090842.1:10088806",26,39,13
"CPNE7","s1650_F_HYP_02_ASEReadCounter.table","NW_015090842.1:10088940",28,47,19
"CPNE7","s1650_F_HYP_02_ASEReadCounter.table","NW_015090842.1:10088965",27,44,17
"CPNE7","s1650_F_HYP_02_ASEReadCounter.table","NW_015090842.1:10088967",26,42,16
"CPNE7","s1650_F_HYP_02_ASEReadCounter.table","NW_015090842.1:10088973",28,45,17
"CPNE7","s1650_F_HYP_02_ASEReadCounter.table","NW_015090842.1:10090924",65,104,39
"CPNE7","s1650_F_HYP_02_ASEReadCounter.table","NW_015090842.1:10090930",68,105,37
"CPNE7","s1650_F_HYP_02_ASEReadCounter.table","NW_015090842.1:10091075",65,103,38
"CPNE7","s1650_F_HYP_02_ASEReadCounter.table","NW_015090842.1:10091389",84,128,44
"CPNE7","s1650_F_HYP_02_ASEReadCounter.table","NW_015090842.1:10091407",89,130,41
"CPNE7","s1650_F_HYP_02_ASEReadCounter.table","NW_015090842.1:10091488",114,115,1
"CPNE7","s1650_F_HYP_02_ASEReadCounter.table","NW_015090842.1:10091491",116,117,1
"CPNE7","s1650_F_HYP_02_ASEReadCounter.table","NW_015090842.1:10091530",81,122,41
"CPNE7","s1650_F_HYP_02_ASEReadCounter.table","NW_015090842.1:10091875",107,166,59
"CPNE7","s1650_F_HYP_02_ASEReadCounter.table","NW_015090842.1:10091983",116,173,57
"CPNE7","s1650_F_HYP_02_ASEReadCounter.table","NW_015090842.1:10091997",126,187,61
"CPNE7","s1650_F_HYP_02_ASEReadCounter.table","NW_015090842.1:10092038",81,124,43
"CPNE7","s1650_F_HYP_02_ASEReadCounter.table","NW_015090842.1:10092140",83,142,59
"CPNE7","s1650_F_HYP_02_ASEReadCounter.table","NW_015090842.1:10092183",68,112,44
"CPNE7","s1650_F_HYP_02_ASEReadCounter.table","NW_015090842.1:10092201",51,82,31
"CPNE7","s1650_F_HYP_02_ASEReadCounter.table","NW_015090842.1:10092230",34,58,24
"CPNE7","s1650_F_HYP_02_ASEReadCounter.table","NW_015090842.1:10092246",11,29,18
"LOC106888185","s1650_F_HYP_02_ASEReadCounter.table","NW_015090842.1:10094965",1,5,4
"LOC106888185","s1650_F_HYP_02_ASEReadCounter.table","NW_015090842.1:10094966",1,5,4
"LOC106888185","s1650_F_HYP_02_ASEReadCounter.table","NW_015090842.1:10094985",1,6,5
"LOC106888185","s1650_F_HYP_02_ASEReadCounter.table","NW_015090842.1:10095055",0,6,6
"LOC106888185","s1650_F_HYP_02_ASEReadCounter.table","NW_015090842.1:10095062",0,4,4
"LOC106888185","s1650_F_HYP_02_ASEReadCounter.table","NW_015090842.1:10095130",1,7,6
"LOC106888185","s1650_F_HYP_02_ASEReadCounter.table","NW_015090842.1:10095265",14,20,6
"LOC106888185","s1650_F_HYP_02_ASEReadCounter.table","NW_015090842.1:10095586",4,12,8
"LOC106888185","s1650_F_HYP_02_ASEReadCounter.table","NW_015090842.1:10095593",3,12,9
"LOC106888185","s1650_F_HYP_02_ASEReadCounter.table","NW_015090842.1:10095616",4,12,8
"LOC106888185","s1650_F_HYP_02_ASEReadCounter.table","NW_015090842.1:10095662",3,15,12
"LOC106888185","s1650_F_HYP_02_ASEReadCounter.table","NW_015090842.1:10095674",3,12,9
"LOC106888185","s1650_F_HYP_02_ASEReadCounter.table","NW_015090842.1:10095786",1,13,12
"LOC106888185","s1650_F_HYP_02_ASEReadCounter.table","NW_015090842.1:10095831",2,10,8
"LOC106888185","s1650_F_HYP_02_ASEReadCounter.table","NW_015090842.1:10096230",4,12,8
"LOC106888185","s1650_F_HYP_02_ASEReadCounter.table","NW_015090842.1:10096249",3,12,9
"LOC106888185","s1650_F_HYP_02_ASEReadCounter.table","NW_015090842.1:10096272",6,14,8
"LOC106888185","s1650_F_HYP_02_ASEReadCounter.table","NW_015090842.1:10096288",5,12,7
"LOC106888185","s1650_F_HYP_02_ASEReadCounter.table","NW_015090842.1:10097248",3,9,6
"LOC106888185","s1650_F_HYP_02_ASEReadCounter.table","NW_015090842.1:10097265",6,9,3
"LOC106888185","s1650_F_HYP_02_ASEReadCounter.table","NW_015090842.1:10097446",1,3,2
"DPEP1","s1650_F_HYP_02_ASEReadCounter.table","NW_015090842.1:10100893",0,1,1
"DPEP1","s1650_F_HYP_02_ASEReadCounter.table","NW_015090842.1:10100902",0,1,1
"DPEP1","s1650_F_HYP_02_ASEReadCounter.table","NW_015090842.1:10101072",0,1,1
"DPEP1","s1650_F_HYP_02_ASEReadCounter.table","NW_015090842.1:10101199",0,1,1
"DPEP1","s1650_F_HYP_02_ASEReadCounter.table","NW_015090842.1:10101483",1,1,0
"DPEP1","s1650_F_HYP_02_ASEReadCounter.table","NW_015090842.1:10101497",1,1,0
"DPEP1","s1650_F_HYP_02_ASEReadCounter.table","NW_015090842.1:10101525",1,1,0
"CHMP1A","s1650_F_HYP_02_ASEReadCounter.table","NW_015090842.1:10102901",92,215,123
"CHMP1A","s1650_F_HYP_02_ASEReadCounter.table","NW_015090842.1:10102961",78,221,143
"CHMP1A","s1650_F_HYP_02_ASEReadCounter.table","NW_015090842.1:10102996",61,214,153
"CHMP1A","s1650_F_HYP_02_ASEReadCounter.table","NW_015090842.1:10103004",74,231,157
"CHMP1A","s1650_F_HYP_02_ASEReadCounter.table","NW_015090842.1:10103006",72,228,156
"CHMP1A","s1650_F_HYP_02_ASEReadCounter.table","NW_015090842.1:10103052",120,293,173
"CHMP1A","s1650_F_HYP_02_ASEReadCounter.table","NW_015090842.1:10103095",127,296,169
"CHMP1A","s1650_F_HYP_02_ASEReadCounter.table","NW_015090842.1:10103096",126,294,168
"CHMP1A","s1650_F_HYP_02_ASEReadCounter.table","NW_015090842.1:10103152",94,196,102
"CHMP1A","s1650_F_HYP_02_ASEReadCounter.table","NW_015090842.1:10103173",91,212,121
"CHMP1A","s1650_F_HYP_02_ASEReadCounter.table","NW_015090842.1:10103334",62,153,91
"CHMP1A","s1650_F_HYP_02_ASEReadCounter.table","NW_015090842.1:10103373",32,136,104
"CHMP1A","s1650_F_HYP_02_ASEReadCounter.table","NW_015090842.1:10103408",69,197,128
"CHMP1A","s1650_F_HYP_02_ASEReadCounter.table","NW_015090842.1:10103412",72,197,125
"CHMP1A","s1650_F_HYP_02_ASEReadCounter.table","NW_015090842.1:10103512",92,215,123
"CHMP1A","s1650_F_HYP_02_ASEReadCounter.table","NW_015090842.1:10103513",93,217,124
"CHMP1A","s1650_F_HYP_02_ASEReadCounter.table","NW_015090842.1:10103583",57,130,73
"CHMP1A","s1650_F_HYP_02_ASEReadCounter.table","NW_015090842.1:10103614",61,139,78
"CHMP1A","s1650_F_HYP_02_ASEReadCounter.table","NW_015090842.1:10103657",70,154,84
"CHMP1A","s1650_F_HYP_02_ASEReadCounter.table","NW_015090842.1:10103669",63,146,83
"CHMP1A","s1650_F_HYP_02_ASEReadCounter.table","NW_015090842.1:10103674",65,143,78
"CHMP1A","s1650_F_HYP_02_ASEReadCounter.table","NW_015090842.1:10103677",65,139,74
"CHMP1A","s1650_F_HYP_02_ASEReadCounter.table","NW_015090842.1:10103729",70,141,71
"CHMP1A","s1650_F_HYP_02_ASEReadCounter.table","NW_015090842.1:10103758",69,129,60
"CHMP1A","s1650_F_HYP_02_ASEReadCounter.table","NW_015090842.1:10103761",68,130,62
"CHMP1A","s1650_F_HYP_02_ASEReadCounter.table","NW_015090842.1:10103788",72,167,95
"CHMP1A","s1650_F_HYP_02_ASEReadCounter.table","NW_015090842.1:10103789",75,170,95
"CHMP1A","s1650_F_HYP_02_ASEReadCounter.table","NW_015090842.1:10103790",73,171,98
"CHMP1A","s1650_F_HYP_02_ASEReadCounter.table","NW_015090842.1:10103950",73,158,85
"CHMP1A","s1650_F_HYP_02_ASEReadCounter.table","NW_015090842.1:10104335",47,98,51
"CHMP1A","s1650_F_HYP_02_ASEReadCounter.table","NW_015090842.1:10104429",59,114,55
"CHMP1A","s1650_F_HYP_02_ASEReadCounter.table","NW_015090842.1:10104532",61,115,54
"CHMP1A","s1650_F_HYP_02_ASEReadCounter.table","NW_015090842.1:10104633",46,87,41
"CHMP1A","s1650_F_HYP_02_ASEReadCounter.table","NW_015090842.1:10104759",32,74,42
"CHMP1A","s1650_F_HYP_02_ASEReadCounter.table","NW_015090842.1:10104794",52,96,44
"CHMP1A","s1650_F_HYP_02_ASEReadCounter.table","NW_015090842.1:10104841",79,79,0
"CHMP1A","s1650_F_HYP_02_ASEReadCounter.table","NW_015090842.1:10104844",34,77,43
"CHMP1A","s1650_F_HYP_02_ASEReadCounter.table","NW_015090842.1:10106242",38,83,45
"CHMP1A","s1650_F_HYP_02_ASEReadCounter.table","NW_015090842.1:10106290",37,77,40
"CHMP1A","s1650_F_HYP_02_ASEReadCounter.table","NW_015090842.1:10106335",48,87,39
"CHMP1A","s1650_F_HYP_02_ASEReadCounter.table","NW_015090842.1:10106383",63,104,41
"CHMP1A","s1650_F_HYP_02_ASEReadCounter.table","NW_015090842.1:10106747",44,89,45
"CHMP1A","s1650_F_HYP_02_ASEReadCounter.table","NW_015090842.1:10107404",39,79,40
"CHMP1A","s1650_F_HYP_02_ASEReadCounter.table","NW_015090842.1:10107876",30,80,50
"CDK10","s1650_F_HYP_02_ASEReadCounter.table","NW_015090842.1:10109030",4,5,1
"CDK10","s1650_F_HYP_02_ASEReadCounter.table","NW_015090842.1:10109963",37,96,59
"CDK10","s1650_F_HYP_02_ASEReadCounter.table","NW_015090842.1:10110887",23,75,52
"CDK10","s1650_F_HYP_02_ASEReadCounter.table","NW_015090842.1:10111254",20,66,46
"CDK10","s1650_F_HYP_02_ASEReadCounter.table","NW_015090842.1:10111380",23,96,73
"CDK10","s1650_F_HYP_02_ASEReadCounter.table","NW_015090842.1:10111395",23,91,68
"CDK10","s1650_F_HYP_02_ASEReadCounter.table","NW_015090842.1:10111437",16,79,63
"CDK10","s1650_F_HYP_02_ASEReadCounter.table","NW_015090842.1:10111798",24,89,65
"CDK10","s1650_F_HYP_02_ASEReadCounter.table","NW_015090842.1:10111840",31,123,92
"CDK10","s1650_F_HYP_02_ASEReadCounter.table","NW_015090842.1:10112031",39,129,90
"CDK10","s1650_F_HYP_02_ASEReadCounter.table","NW_015090842.1:10112285",50,152,102
"CDK10","s1650_F_HYP_02_ASEReadCounter.table","NW_015090842.1:10112398",58,180,122
"CDK10","s1650_F_HYP_02_ASEReadCounter.table","NW_015090842.1:10112455",50,164,114
"CDK10","s1650_F_HYP_02_ASEReadCounter.table","NW_015090842.1:10112461",48,155,107
"CDK10","s1650_F_HYP_02_ASEReadCounter.table","NW_015090842.1:10112497",45,131,86
"CDK10","s1650_F_HYP_02_ASEReadCounter.table","NW_015090842.1:10112508",42,139,97
"CDK10","s1650_F_HYP_02_ASEReadCounter.table","NW_015090842.1:10112518",34,135,101
"CDK10","s1650_F_HYP_02_ASEReadCounter.table","NW_015090842.1:10112540",12,113,101
"CDK10","s1650_F_HYP_02_ASEReadCounter.table","NW_015090842.1:10112556",27,118,91
"CDK10","s1650_F_HYP_02_ASEReadCounter.table","NW_015090842.1:10112561",31,139,108
"CDK10","s1650_F_HYP_02_ASEReadCounter.table","NW_015090842.1:10112596",34,134,100
"CDK10","s1650_F_HYP_02_ASEReadCounter.table","NW_015090842.1:10112630",33,110,77
"CDK10","s1650_F_HYP_02_ASEReadCounter.table","NW_015090842.1:10112656",39,114,75
"CDK10","s1650_F_HYP_02_ASEReadCounter.table","NW_015090842.1:10112665",32,88,56
"CDK10","s1650_F_HYP_02_ASEReadCounter.table","NW_015090842.1:10112668",31,87,56
"CDK10","s1650_F_HYP_02_ASEReadCounter.table","NW_015090842.1:10112781",26,53,27
"CDK10","s1650_F_HYP_02_ASEReadCounter.table","NW_015090842.1:10112782",26,53,27
"CDK10","s1650_F_HYP_02_ASEReadCounter.table","NW_015090842.1:10112795",21,47,26
"CDK10","s1650_F_HYP_02_ASEReadCounter.table","NW_015090842.1:10112841",10,23,13
"CDK10","s1650_F_HYP_02_ASEReadCounter.table","NW_015090842.1:10112861",9,18,9
"SPATA2L","s1650_F_HYP_02_ASEReadCounter.table","NW_015090842.1:10113212",31,70,39
"SPATA2L","s1650_F_HYP_02_ASEReadCounter.table","NW_015090842.1:10113280",37,105,68
"SPATA2L","s1650_F_HYP_02_ASEReadCounter.table","NW_015090842.1:10113296",45,118,73
"SPATA2L","s1650_F_HYP_02_ASEReadCounter.table","NW_015090842.1:10113321",56,131,75
"SPATA2L","s1650_F_HYP_02_ASEReadCounter.table","NW_015090842.1:10113332",57,148,91
"SPATA2L","s1650_F_HYP_02_ASEReadCounter.table","NW_015090842.1:10113380",60,144,84
"SPATA2L","s1650_F_HYP_02_ASEReadCounter.table","NW_015090842.1:10113381",59,149,90
"SPATA2L","s1650_F_HYP_02_ASEReadCounter.table","NW_015090842.1:10113412",55,162,107
"SPATA2L","s1650_F_HYP_02_ASEReadCounter.table","NW_015090842.1:10113421",58,166,108
"SPATA2L","s1650_F_HYP_02_ASEReadCounter.table","NW_015090842.1:10113465",52,156,104
"SPATA2L","s1650_F_HYP_02_ASEReadCounter.table","NW_015090842.1:10113535",78,157,79
"SPATA2L","s1650_F_HYP_02_ASEReadCounter.table","NW_015090842.1:10113645",60,178,118
"SPATA2L","s1650_F_HYP_02_ASEReadCounter.table","NW_015090842.1:10113682",77,208,131
"SPATA2L","s1650_F_HYP_02_ASEReadCounter.table","NW_015090842.1:10113696",67,181,114
"SPATA2L","s1650_F_HYP_02_ASEReadCounter.table","NW_015090842.1:10113727",77,196,119
"SPATA2L","s1650_F_HYP_02_ASEReadCounter.table","NW_015090842.1:10113799",88,202,114
"SPATA2L","s1650_F_HYP_02_ASEReadCounter.table","NW_015090842.1:10113809",95,217,122
"SPATA2L","s1650_F_HYP_02_ASEReadCounter.table","NW_015090842.1:10113827",96,206,110
"SPATA2L","s1650_F_HYP_02_ASEReadCounter.table","NW_015090842.1:10113831",96,205,109
"SPATA2L","s1650_F_HYP_02_ASEReadCounter.table","NW_015090842.1:10113894",73,170,97
"SPATA2L","s1650_F_HYP_02_ASEReadCounter.table","NW_015090842.1:10113905",58,151,93
"SPATA2L","s1650_F_HYP_02_ASEReadCounter.table","NW_015090842.1:10113914",59,161,102
"SPATA2L","s1650_F_HYP_02_ASEReadCounter.table","NW_015090842.1:10113920",63,172,109
"SPATA2L","s1650_F_HYP_02_ASEReadCounter.table","NW_015090842.1:10113937",70,188,118
"SPATA2L","s1650_F_HYP_02_ASEReadCounter.table","NW_015090842.1:10113971",54,169,115
"SPATA2L","s1650_F_HYP_02_ASEReadCounter.table","NW_015090842.1:10113976",42,165,123
"SPATA2L","s1650_F_HYP_02_ASEReadCounter.table","NW_015090842.1:10113985",51,158,107
"SPATA2L","s1650_F_HYP_02_ASEReadCounter.table","NW_015090842.1:10113994",61,170,109
"SPATA2L","s1650_F_HYP_02_ASEReadCounter.table","NW_015090842.1:10114063",53,138,85
"SPATA2L","s1650_F_HYP_02_ASEReadCounter.table","NW_015090842.1:10114066",52,140,88
"SPATA2L","s1650_F_HYP_02_ASEReadCounter.table","NW_015090842.1:10114069",56,143,87
"SPATA2L","s1650_F_HYP_02_ASEReadCounter.table","NW_015090842.1:10114121",32,100,68
"SPATA2L","s1650_F_HYP_02_ASEReadCounter.table","NW_015090842.1:10114159",35,101,66
"SPATA2L","s1650_F_HYP_02_ASEReadCounter.table","NW_015090842.1:10114282",46,117,71
"SPATA2L","s1650_F_HYP_02_ASEReadCounter.table","NW_015090842.1:10114470",49,100,51
"SPATA2L","s1650_F_HYP_02_ASEReadCounter.table","NW_015090842.1:10114524",32,78,46
"VPS9D1","s1650_F_HYP_02_ASEReadCounter.table","NW_015090842.1:10116377",41,101,60
"VPS9D1","s1650_F_HYP_02_ASEReadCounter.table","NW_015090842.1:10116415",40,106,66
"VPS9D1","s1650_F_HYP_02_ASEReadCounter.table","NW_015090842.1:10116607",29,85,56
"VPS9D1","s1650_F_HYP_02_ASEReadCounter.table","NW_015090842.1:10116816",75,75,0
"VPS9D1","s1650_F_HYP_02_ASEReadCounter.table","NW_015090842.1:10116821",30,80,50
"VPS9D1","s1650_F_HYP_02_ASEReadCounter.table","NW_015090842.1:10116825",29,78,49
"VPS9D1","s1650_F_HYP_02_ASEReadCounter.table","NW_015090842.1:10116882",26,66,40
"VPS9D1","s1650_F_HYP_02_ASEReadCounter.table","NW_015090842.1:10116885",25,61,36
"VPS9D1","s1650_F_HYP_02_ASEReadCounter.table","NW_015090842.1:10116933",29,56,27
"VPS9D1","s1650_F_HYP_02_ASEReadCounter.table","NW_015090842.1:10116942",25,55,30
"VPS9D1","s1650_F_HYP_02_ASEReadCounter.table","NW_015090842.1:10117152",12,52,40
"VPS9D1","s1650_F_HYP_02_ASEReadCounter.table","NW_015090842.1:10117396",38,38,0
"VPS9D1","s1650_F_HYP_02_ASEReadCounter.table","NW_015090842.1:10117405",24,24,0
"VPS9D1","s1650_F_HYP_02_ASEReadCounter.table","NW_015090842.1:10117480",13,38,25
"VPS9D1","s1650_F_HYP_02_ASEReadCounter.table","NW_015090842.1:10117497",12,35,23
"VPS9D1","s1650_F_HYP_02_ASEReadCounter.table","NW_015090842.1:10117499",9,32,23
"VPS9D1","s1650_F_HYP_02_ASEReadCounter.table","NW_015090842.1:10117516",13,38,25
"VPS9D1","s1650_F_HYP_02_ASEReadCounter.table","NW_015090842.1:10117525",17,41,24
"VPS9D1","s1650_F_HYP_02_ASEReadCounter.table","NW_015090842.1:10117579",28,57,29
"VPS9D1","s1650_F_HYP_02_ASEReadCounter.table","NW_015090842.1:10117627",25,51,26
"VPS9D1","s1650_F_HYP_02_ASEReadCounter.table","NW_015090842.1:10117678",15,39,24
"VPS9D1","s1650_F_HYP_02_ASEReadCounter.table","NW_015090842.1:10117773",20,64,44
"VPS9D1","s1650_F_HYP_02_ASEReadCounter.table","NW_015090842.1:10117937",20,67,47
"VPS9D1","s1650_F_HYP_02_ASEReadCounter.table","NW_015090842.1:10117961",19,62,43
"VPS9D1","s1650_F_HYP_02_ASEReadCounter.table","NW_015090842.1:10118236",17,60,43
"VPS9D1","s1650_F_HYP_02_ASEReadCounter.table","NW_015090842.1:10118414",21,69,48
"VPS9D1","s1650_F_HYP_02_ASEReadCounter.table","NW_015090842.1:10118973",21,58,37
"VPS9D1","s1650_F_HYP_02_ASEReadCounter.table","NW_015090842.1:10119500",12,31,19
"ZNF276","s1650_F_HYP_02_ASEReadCounter.table","NW_015090842.1:10121760",3,6,3
"ZNF276","s1650_F_HYP_02_ASEReadCounter.table","NW_015090842.1:10121769",3,6,3
"ZNF276","s1650_F_HYP_02_ASEReadCounter.table","NW_015090842.1:10121802",3,7,4
"ZNF276","s1650_F_HYP_02_ASEReadCounter.table","NW_015090842.1:10121971",7,18,11
"ZNF276","s1650_F_HYP_02_ASEReadCounter.table","NW_015090842.1:10122883",13,21,8
"ZNF276","s1650_F_HYP_02_ASEReadCounter.table","NW_015090842.1:10123069",10,19,9
"ZNF276","s1650_F_HYP_02_ASEReadCounter.table","NW_015090842.1:10123207",14,31,17
"ZNF276","s1650_F_HYP_02_ASEReadCounter.table","NW_015090842.1:10125787",14,37,23
"ZNF276","s1650_F_HYP_02_ASEReadCounter.table","NW_015090842.1:10126309",23,42,19
"ZNF276","s1650_F_HYP_02_ASEReadCounter.table","NW_015090842.1:10126348",23,45,22
"ZNF276","s1650_F_HYP_02_ASEReadCounter.table","NW_015090842.1:10126978",23,53,30
"ZNF276","s1650_F_HYP_02_ASEReadCounter.table","NW_015090842.1:10126991",23,46,23
"ZNF276","s1650_F_HYP_02_ASEReadCounter.table","NW_015090842.1:10127023",21,49,28
"ZNF276","s1650_F_HYP_02_ASEReadCounter.table","NW_015090842.1:10127063",20,42,22
"ZNF276","s1650_F_HYP_02_ASEReadCounter.table","NW_015090842.1:10127373",22,51,29
"ZNF276","s1650_F_HYP_02_ASEReadCounter.table","NW_015090842.1:10127931",18,46,28
"ZNF276","s1650_F_HYP_02_ASEReadCounter.table","NW_015090842.1:10128070",26,54,28
"ZNF276","s1650_F_HYP_02_ASEReadCounter.table","NW_015090842.1:10128102",19,49,30
"ZNF276","s1650_F_HYP_02_ASEReadCounter.table","NW_015090842.1:10128356",31,70,39
"ZNF276","s1650_F_HYP_02_ASEReadCounter.table","NW_015090842.1:10128497",24,50,26
"FANCA","s1650_F_HYP_02_ASEReadCounter.table","NW_015090842.1:10128743",1,2,1
"FANCA","s1650_F_HYP_02_ASEReadCounter.table","NW_015090842.1:10128822",2,4,2
"FANCA","s1650_F_HYP_02_ASEReadCounter.table","NW_015090842.1:10129383",0,1,1
"FANCA","s1650_F_HYP_02_ASEReadCounter.table","NW_015090842.1:10129390",0,2,2
"FANCA","s1650_F_HYP_02_ASEReadCounter.table","NW_015090842.1:10129422",0,2,2
"FANCA","s1650_F_HYP_02_ASEReadCounter.table","NW_015090842.1:10129969",2,4,2
"FANCA","s1650_F_HYP_02_ASEReadCounter.table","NW_015090842.1:10134531",1,1,0
"FANCA","s1650_F_HYP_02_ASEReadCounter.table","NW_015090842.1:10136957",1,1,0
"FANCA","s1650_F_HYP_02_ASEReadCounter.table","NW_015090842.1:10136982",1,1,0
"FANCA","s1650_F_HYP_02_ASEReadCounter.table","NW_015090842.1:10137019",1,1,0
"FANCA","s1650_F_HYP_02_ASEReadCounter.table","NW_015090842.1:10137673",1,2,1
"FANCA","s1650_F_HYP_02_ASEReadCounter.table","NW_015090842.1:10138618",3,3,0
"FANCA","s1650_F_HYP_02_ASEReadCounter.table","NW_015090842.1:10139140",3,3,0
"FANCA","s1650_F_HYP_02_ASEReadCounter.table","NW_015090842.1:10140699",1,1,0
"FANCA","s1650_F_HYP_02_ASEReadCounter.table","NW_015090842.1:10141234",2,3,1
"FANCA","s1650_F_HYP_02_ASEReadCounter.table","NW_015090842.1:10145030",1,3,2
"FANCA","s1650_F_HYP_02_ASEReadCounter.table","NW_015090842.1:10150518",2,3,1
"FANCA","s1650_F_HYP_02_ASEReadCounter.table","NW_015090842.1:10152863",1,2,1
"FANCA","s1650_F_HYP_02_ASEReadCounter.table","NW_015090842.1:10154490",0,1,1
"FANCA","s1650_F_HYP_02_ASEReadCounter.table","NW_015090842.1:10158957",0,1,1
"FANCA","s1650_F_HYP_02_ASEReadCounter.table","NW_015090842.1:10160177",0,1,1
"FANCA","s1650_F_HYP_02_ASEReadCounter.table","NW_015090842.1:10162980",0,1,1
"FANCA","s1650_F_HYP_02_ASEReadCounter.table","NW_015090842.1:10164257",0,1,1
"SPIRE2","s1650_F_HYP_02_ASEReadCounter.table","NW_015090842.1:10172284",14,21,7
"SPIRE2","s1650_F_HYP_02_ASEReadCounter.table","NW_015090842.1:10175262",28,38,10
"SPIRE2","s1650_F_HYP_02_ASEReadCounter.table","NW_015090842.1:10175352",15,24,9
"SPIRE2","s1650_F_HYP_02_ASEReadCounter.table","NW_015090842.1:10175400",39,79,40
"SPIRE2","s1650_F_HYP_02_ASEReadCounter.table","NW_015090842.1:10175418",41,87,46
"SPIRE2","s1650_F_HYP_02_ASEReadCounter.table","NW_015090842.1:10175704",52,99,47
"SPIRE2","s1650_F_HYP_02_ASEReadCounter.table","NW_015090842.1:10176115",75,153,78
"SPIRE2","s1650_F_HYP_02_ASEReadCounter.table","NW_015090842.1:10176561",83,154,71
"SPIRE2","s1650_F_HYP_02_ASEReadCounter.table","NW_015090842.1:10176817",79,159,80
"SPIRE2","s1650_F_HYP_02_ASEReadCounter.table","NW_015090842.1:10177084",51,113,62
"SPIRE2","s1650_F_HYP_02_ASEReadCounter.table","NW_015090842.1:10177110",55,113,58
"SPIRE2","s1650_F_HYP_02_ASEReadCounter.table","NW_015090842.1:10177838",116,206,90
"SPIRE2","s1650_F_HYP_02_ASEReadCounter.table","NW_015090842.1:10178000",93,193,100
"SPIRE2","s1650_F_HYP_02_ASEReadCounter.table","NW_015090842.1:10178164",117,216,99
"SPIRE2","s1650_F_HYP_02_ASEReadCounter.table","NW_015090842.1:10178216",115,231,116
"SPIRE2","s1650_F_HYP_02_ASEReadCounter.table","NW_015090842.1:10178403",122,259,137
"SPIRE2","s1650_F_HYP_02_ASEReadCounter.table","NW_015090842.1:10178409",114,238,124
"SPIRE2","s1650_F_HYP_02_ASEReadCounter.table","NW_015090842.1:10178524",113,243,130
"SPIRE2","s1650_F_HYP_02_ASEReadCounter.table","NW_015090842.1:10178526",113,239,126
"SPIRE2","s1650_F_HYP_02_ASEReadCounter.table","NW_015090842.1:10178531",110,239,129
"SPIRE2","s1650_F_HYP_02_ASEReadCounter.table","NW_015090842.1:10178565",115,230,115
"SPIRE2","s1650_F_HYP_02_ASEReadCounter.table","NW_015090842.1:10178587",105,206,101
"SPIRE2","s1650_F_HYP_02_ASEReadCounter.table","NW_015090842.1:10178640",82,168,86
"SPIRE2","s1650_F_HYP_02_ASEReadCounter.table","NW_015090842.1:10178651",90,183,93
"SPIRE2","s1650_F_HYP_02_ASEReadCounter.table","NW_015090842.1:10178682",93,170,77
"TCF25","s1650_F_HYP_02_ASEReadCounter.table","NW_015090842.1:10180912",42,84,42
"TCF25","s1650_F_HYP_02_ASEReadCounter.table","NW_015090842.1:10180924",43,88,45
"TCF25","s1650_F_HYP_02_ASEReadCounter.table","NW_015090842.1:10180931",43,89,46
"TCF25","s1650_F_HYP_02_ASEReadCounter.table","NW_015090842.1:10185332",132,225,93
"TCF25","s1650_F_HYP_02_ASEReadCounter.table","NW_015090842.1:10188816",73,129,56
"MC1R","s1650_F_HYP_02_ASEReadCounter.table","NW_015090842.1:10202160",2,2,0
"MC1R","s1650_F_HYP_02_ASEReadCounter.table","NW_015090842.1:10202460",0,3,3
"MC1R","s1650_F_HYP_02_ASEReadCounter.table","NW_015090842.1:10202465",0,3,3
"DBNDD1","s1650_F_HYP_02_ASEReadCounter.table","NW_015090842.1:10223105",85,175,90
"GAS8","s1650_F_HYP_02_ASEReadCounter.table","NW_015090842.1:10228982",19,38,19
"GAS8","s1650_F_HYP_02_ASEReadCounter.table","NW_015090842.1:10229832",17,34,17
"GAS8","s1650_F_HYP_02_ASEReadCounter.table","NW_015090842.1:10232375",30,61,31
"GAS8","s1650_F_HYP_02_ASEReadCounter.table","NW_015090842.1:10232901",32,72,40
"GAS8","s1650_F_HYP_02_ASEReadCounter.table","NW_015090842.1:10232928",38,70,32
"GAS8","s1650_F_HYP_02_ASEReadCounter.table","NW_015090842.1:10232967",34,70,36
"GAS8","s1650_F_HYP_02_ASEReadCounter.table","NW_015090842.1:10233032",27,60,33
"GAS8","s1650_F_HYP_02_ASEReadCounter.table","NW_015090842.1:10233057",24,46,22
"GAS8","s1650_F_HYP_02_ASEReadCounter.table","NW_015090842.1:10233058",24,47,23
"GAS8","s1650_F_HYP_02_ASEReadCounter.table","NW_015090842.1:10233176",23,42,19
"GAS8","s1650_F_HYP_02_ASEReadCounter.table","NW_015090842.1:10233196",19,34,15
"GAS8","s1650_F_HYP_02_ASEReadCounter.table","NW_015090842.1:10233252",12,23,11
"GAS8","s1650_F_HYP_02_ASEReadCounter.table","NW_015090842.1:10233303",7,16,9
"LOC106888094","s1650_F_HYP_02_ASEReadCounter.table","NW_015090842.1:10233334",5,9,4
"LOC106888094","s1650_F_HYP_02_ASEReadCounter.table","NW_015090842.1:10233362",12,23,11
"LOC106888094","s1650_F_HYP_02_ASEReadCounter.table","NW_015090842.1:10233373",13,26,13
"LOC106888094","s1650_F_HYP_02_ASEReadCounter.table","NW_015090842.1:10233388",16,32,16
"LOC106888094","s1650_F_HYP_02_ASEReadCounter.table","NW_015090842.1:10233402",17,35,18
"LOC106888094","s1650_F_HYP_02_ASEReadCounter.table","NW_015090842.1:10233465",13,41,28
"LOC106888094","s1650_F_HYP_02_ASEReadCounter.table","NW_015090842.1:10233803",16,44,28
"LOC106888094","s1650_F_HYP_02_ASEReadCounter.table","NW_015090842.1:10233815",13,36,23
"LOC106888094","s1650_F_HYP_02_ASEReadCounter.table","NW_015090842.1:10235484",3,7,4
"LOC106888094","s1650_F_HYP_02_ASEReadCounter.table","NW_015090842.1:10235611",4,5,1
"LOC106888094","s1650_F_HYP_02_ASEReadCounter.table","NW_015090842.1:10236098",2,3,1
"LOC106888094","s1650_F_HYP_02_ASEReadCounter.table","NW_015090842.1:10236161",0,2,2
"LOC106888094","s1650_F_HYP_02_ASEReadCounter.table","NW_015090842.1:10236388",0,1,1
"LOC106888094","s1650_F_HYP_02_ASEReadCounter.table","NW_015090842.1:10236425",0,2,2
"LOC106888094","s1650_F_HYP_02_ASEReadCounter.table","NW_015090842.1:10236426",0,2,2
"LOC106888094","s1650_F_HYP_02_ASEReadCounter.table","NW_015090842.1:10236603",0,2,2
"LOC106888173","s1650_F_HYP_02_ASEReadCounter.table","NW_015090842.1:10239596",0,21,21
"LOC106888173","s1650_F_HYP_02_ASEReadCounter.table","NW_015090842.1:10240036",2,37,35
"LOC106888173","s1650_F_HYP_02_ASEReadCounter.table","NW_015090842.1:10240095",2,43,41
"LOC106888173","s1650_F_HYP_02_ASEReadCounter.table","NW_015090842.1:10240280",4,52,48
"LOC106888173","s1650_F_HYP_02_ASEReadCounter.table","NW_015090842.1:10240557",9,51,42
"LOC106888173","s1650_F_HYP_02_ASEReadCounter.table","NW_015090842.1:10240603",11,55,44
"LOC106888173","s1650_F_HYP_02_ASEReadCounter.table","NW_015090842.1:10240609",11,52,41
"LOC106888173","s1650_F_HYP_02_ASEReadCounter.table","NW_015090842.1:10240690",5,60,55
"LOC106888173","s1650_F_HYP_02_ASEReadCounter.table","NW_015090842.1:10240924",9,68,59
"LOC106888173","s1650_F_HYP_02_ASEReadCounter.table","NW_015090842.1:10241037",5,62,57
"LOC106888173","s1650_F_HYP_02_ASEReadCounter.table","NW_015090842.1:10241046",9,70,61
"LOC106888173","s1650_F_HYP_02_ASEReadCounter.table","NW_015090842.1:10241058",9,71,62
"LOC106888173","s1650_F_HYP_02_ASEReadCounter.table","NW_015090842.1:10241064",8,67,59
"LOC106888173","s1650_F_HYP_02_ASEReadCounter.table","NW_015090842.1:10241103",82,82,0
"LOC106888173","s1650_F_HYP_02_ASEReadCounter.table","NW_015090842.1:10241163",9,71,62
"LOC106888173","s1650_F_HYP_02_ASEReadCounter.table","NW_015090842.1:10241803",6,66,60
"LOC106888173","s1650_F_HYP_02_ASEReadCounter.table","NW_015090842.1:10241827",4,68,64
"LOC106888173","s1650_F_HYP_02_ASEReadCounter.table","NW_015090842.1:10241869",5,74,69
"LOC106888173","s1650_F_HYP_02_ASEReadCounter.table","NW_015090842.1:10242079",5,68,63
"LOC106888173","s1650_F_HYP_02_ASEReadCounter.table","NW_015090842.1:10242103",5,72,67
"LOC106888173","s1650_F_HYP_02_ASEReadCounter.table","NW_015090842.1:10242157",9,85,76
"LOC106888173","s1650_F_HYP_02_ASEReadCounter.table","NW_015090842.1:10242455",7,89,82
"LOC106888173","s1650_F_HYP_02_ASEReadCounter.table","NW_015090842.1:10242481",9,93,84
"LOC106888173","s1650_F_HYP_02_ASEReadCounter.table","NW_015090842.1:10242590",11,95,84
"LOC106888173","s1650_F_HYP_02_ASEReadCounter.table","NW_015090842.1:10242794",11,92,81
"LOC106888173","s1650_F_HYP_02_ASEReadCounter.table","NW_015090842.1:10242909",9,72,63
"LOC106888173","s1650_F_HYP_02_ASEReadCounter.table","NW_015090842.1:10243094",12,88,76
"LOC106888173","s1650_F_HYP_02_ASEReadCounter.table","NW_015090842.1:10243133",10,77,67
"LOC106888173","s1650_F_HYP_02_ASEReadCounter.table","NW_015090842.1:10243273",10,109,99
"LOC106888173","s1650_F_HYP_02_ASEReadCounter.table","NW_015090842.1:10243278",11,111,100
"LOC106888173","s1650_F_HYP_02_ASEReadCounter.table","NW_015090842.1:10243281",11,113,102
"LOC106888173","s1650_F_HYP_02_ASEReadCounter.table","NW_015090842.1:10243347",49,49,0
"LOC106888173","s1650_F_HYP_02_ASEReadCounter.table","NW_015090842.1:10243353",10,48,38
"LOC106888173","s1650_F_HYP_02_ASEReadCounter.table","NW_015090842.1:10243363",10,41,31
"LOC106888173","s1650_F_HYP_02_ASEReadCounter.table","NW_015090842.1:10243365",10,41,31
"LOC106888173","s1650_F_HYP_02_ASEReadCounter.table","NW_015090842.1:10243566",14,131,117
"LOC106888173","s1650_F_HYP_02_ASEReadCounter.table","NW_015090842.1:10243605",15,137,122
"LOC106888173","s1650_F_HYP_02_ASEReadCounter.table","NW_015090842.1:10243614",14,127,113
"LOC106888173","s1650_F_HYP_02_ASEReadCounter.table","NW_015090842.1:10243615",14,127,113
"LOC106888173","s1650_F_HYP_02_ASEReadCounter.table","NW_015090842.1:10243640",7,115,108
"LOC106888173","s1650_F_HYP_02_ASEReadCounter.table","NW_015090842.1:10243680",6,96,90
"LOC106888173","s1650_F_HYP_02_ASEReadCounter.table","NW_015090842.1:10243742",11,118,107
"LOC106888173","s1650_F_HYP_02_ASEReadCounter.table","NW_015090842.1:10243804",10,79,69
"LOC106888173","s1650_F_HYP_02_ASEReadCounter.table","NW_015090842.1:10243913",2,35,33
"LOC106888173","s1650_F_HYP_02_ASEReadCounter.table","NW_015090842.1:10243921",3,32,29
"LOC106888384","s1650_F_HYP_02_ASEReadCounter.table","NW_015090842.1:10244714",0,1,1
"LOC106888384","s1650_F_HYP_02_ASEReadCounter.table","NW_015090842.1:10244942",1,1,0
"LOC106888384","s1650_F_HYP_02_ASEReadCounter.table","NW_015090842.1:10244998",0,1,1
"LOC106888384","s1650_F_HYP_02_ASEReadCounter.table","NW_015090842.1:10251354",0,2,2
"LOC106888384","s1650_F_HYP_02_ASEReadCounter.table","NW_015090842.1:10251358",0,2,2
"LOC106888384","s1650_F_HYP_02_ASEReadCounter.table","NW_015090842.1:10251369",0,2,2
"LOC106888384","s1650_F_HYP_02_ASEReadCounter.table","NW_015090842.1:10251370",0,2,2
"LOC106888384","s1650_F_HYP_02_ASEReadCounter.table","NW_015090842.1:10251375",0,2,2
"LOC106888384","s1650_F_HYP_02_ASEReadCounter.table","NW_015090842.1:10251388",0,2,2
"LOC106888384","s1650_F_HYP_02_ASEReadCounter.table","NW_015090842.1:10251390",0,2,2
"LOC106888384","s1650_F_HYP_02_ASEReadCounter.table","NW_015090842.1:10251393",0,2,2
"LOC106888384","s1650_F_HYP_02_ASEReadCounter.table","NW_015090842.1:10251399",0,1,1
"LOC106888384","s1650_F_HYP_02_ASEReadCounter.table","NW_015090842.1:10253165",1,1,0
"LOC106888384","s1650_F_HYP_02_ASEReadCounter.table","NW_015090842.1:10253284",1,1,0
"LOC106888384","s1650_F_HYP_02_ASEReadCounter.table","NW_015090842.1:10254028",2,4,2
"LOC106888384","s1650_F_HYP_02_ASEReadCounter.table","NW_015090842.1:10254293",1,1,0
"LOC106888384","s1650_F_HYP_02_ASEReadCounter.table","NW_015090842.1:10254570",1,2,1
"LOC106888384","s1650_F_HYP_02_ASEReadCounter.table","NW_015090842.1:10254605",1,1,0
"LOC106888384","s1650_F_HYP_02_ASEReadCounter.table","NW_015090842.1:10254608",2,2,0
"LOC106888384","s1650_F_HYP_02_ASEReadCounter.table","NW_015090842.1:10254618",2,2,0
"LOC106888384","s1650_F_HYP_02_ASEReadCounter.table","NW_015090842.1:10254620",1,2,1
"LOC106888384","s1650_F_HYP_02_ASEReadCounter.table","NW_015090842.1:10254623",2,3,1
"LOC106888384","s1650_F_HYP_02_ASEReadCounter.table","NW_015090842.1:10254624",1,2,1
"LOC106888384","s1650_F_HYP_02_ASEReadCounter.table","NW_015090842.1:10254627",2,3,1
"LOC106888384","s1650_F_HYP_02_ASEReadCounter.table","NW_015090842.1:10254629",2,3,1
"LOC106888384","s1650_F_HYP_02_ASEReadCounter.table","NW_015090842.1:10254647",1,2,1
"LOC106888384","s1650_F_HYP_02_ASEReadCounter.table","NW_015090842.1:10254663",0,1,1
"LOC106888384","s1650_F_HYP_02_ASEReadCounter.table","NW_015090842.1:10254900",0,1,1
"LOC106888384","s1650_F_HYP_02_ASEReadCounter.table","NW_015090842.1:10254915",0,1,1
"LOC106888384","s1650_F_HYP_02_ASEReadCounter.table","NW_015090842.1:10254965",2,2,0
"LOC106888384","s1650_F_HYP_02_ASEReadCounter.table","NW_015090842.1:10254975",2,3,1
"LOC106888384","s1650_F_HYP_02_ASEReadCounter.table","NW_015090842.1:10255077",3,3,0
"LOC106888384","s1650_F_HYP_02_ASEReadCounter.table","NW_015090842.1:10255117",4,4,0
"LOC106888384","s1650_F_HYP_02_ASEReadCounter.table","NW_015090842.1:10255138",2,2,0
"LOC106888384","s1650_F_HYP_02_ASEReadCounter.table","NW_015090842.1:10255139",2,2,0
"LOC106888384","s1650_F_HYP_02_ASEReadCounter.table","NW_015090842.1:10255209",1,2,1
"LOC106888384","s1650_F_HYP_02_ASEReadCounter.table","NW_015090842.1:10255211",2,3,1
"LOC106888384","s1650_F_HYP_02_ASEReadCounter.table","NW_015090842.1:10255236",3,4,1
"LOC106888384","s1650_F_HYP_02_ASEReadCounter.table","NW_015090842.1:10255262",2,3,1
"LOC106888384","s1650_F_HYP_02_ASEReadCounter.table","NW_015090842.1:10255264",2,3,1
"LOC106888384","s1650_F_HYP_02_ASEReadCounter.table","NW_015090842.1:10255306",3,3,0
"LOC106888384","s1650_F_HYP_02_ASEReadCounter.table","NW_015090842.1:10255340",4,5,1
"LOC106888384","s1650_F_HYP_02_ASEReadCounter.table","NW_015090842.1:10255410",3,4,1
"LOC106888384","s1650_F_HYP_02_ASEReadCounter.table","NW_015090842.1:10255449",3,3,0
"LOC106888384","s1650_F_HYP_02_ASEReadCounter.table","NW_015090842.1:10255496",3,3,0
"LOC106888384","s1650_F_HYP_02_ASEReadCounter.table","NW_015090842.1:10255505",2,2,0
"LOC106888384","s1650_F_HYP_02_ASEReadCounter.table","NW_015090842.1:10255531",3,3,0
"LOC106888384","s1650_F_HYP_02_ASEReadCounter.table","NW_015090842.1:10255608",5,5,0
"LOC106888384","s1650_F_HYP_02_ASEReadCounter.table","NW_015090842.1:10255704",6,7,1
"LOC106888384","s1650_F_HYP_02_ASEReadCounter.table","NW_015090842.1:10255731",5,6,1
"LOC106888384","s1650_F_HYP_02_ASEReadCounter.table","NW_015090842.1:10255771",4,5,1
"TANGO6","s1650_F_HYP_02_ASEReadCounter.table","NW_015090842.1:10257782",6,11,5
"TANGO6","s1650_F_HYP_02_ASEReadCounter.table","NW_015090842.1:10258162",6,12,6
"TANGO6","s1650_F_HYP_02_ASEReadCounter.table","NW_015090842.1:10258185",7,14,7
"TANGO6","s1650_F_HYP_02_ASEReadCounter.table","NW_015090842.1:10259267",11,18,7
"TANGO6","s1650_F_HYP_02_ASEReadCounter.table","NW_015090842.1:10260250",28,51,23
"TANGO6","s1650_F_HYP_02_ASEReadCounter.table","NW_015090842.1:10260289",27,54,27
"TANGO6","s1650_F_HYP_02_ASEReadCounter.table","NW_015090842.1:10260309",18,42,24
"TANGO6","s1650_F_HYP_02_ASEReadCounter.table","NW_015090842.1:10260979",16,34,18
"TANGO6","s1650_F_HYP_02_ASEReadCounter.table","NW_015090842.1:10261599",19,39,20
"TANGO6","s1650_F_HYP_02_ASEReadCounter.table","NW_015090842.1:10268425",26,56,30
"TANGO6","s1650_F_HYP_02_ASEReadCounter.table","NW_015090842.1:10269831",25,49,24
"TANGO6","s1650_F_HYP_02_ASEReadCounter.table","NW_015090842.1:10270813",29,58,29
"TANGO6","s1650_F_HYP_02_ASEReadCounter.table","NW_015090842.1:10274018",24,55,31
"TANGO6","s1650_F_HYP_02_ASEReadCounter.table","NW_015090842.1:10275974",33,57,24
"TANGO6","s1650_F_HYP_02_ASEReadCounter.table","NW_015090842.1:10275976",33,56,23
"TANGO6","s1650_F_HYP_02_ASEReadCounter.table","NW_015090842.1:10276123",33,61,28
"TANGO6","s1650_F_HYP_02_ASEReadCounter.table","NW_015090842.1:10276271",23,56,33
"TANGO6","s1650_F_HYP_02_ASEReadCounter.table","NW_015090842.1:10276272",23,55,32
"TANGO6","s1650_F_HYP_02_ASEReadCounter.table","NW_015090842.1:10276275",24,58,34
"TANGO6","s1650_F_HYP_02_ASEReadCounter.table","NW_015090842.1:10276278",24,58,34
"TANGO6","s1650_F_HYP_02_ASEReadCounter.table","NW_015090842.1:10276368",16,34,18
"TANGO6","s1650_F_HYP_02_ASEReadCounter.table","NW_015090842.1:10276373",16,34,18
"TANGO6","s1650_F_HYP_02_ASEReadCounter.table","NW_015090842.1:10276630",29,54,25
"TANGO6","s1650_F_HYP_02_ASEReadCounter.table","NW_015090842.1:10281498",30,73,43
"TANGO6","s1650_F_HYP_02_ASEReadCounter.table","NW_015090842.1:10281516",29,71,42
"TANGO6","s1650_F_HYP_02_ASEReadCounter.table","NW_015090842.1:10282842",27,73,46
"TANGO6","s1650_F_HYP_02_ASEReadCounter.table","NW_015090842.1:10282863",25,63,38
"TANGO6","s1650_F_HYP_02_ASEReadCounter.table","NW_015090842.1:10282869",26,61,35
"TANGO6","s1650_F_HYP_02_ASEReadCounter.table","NW_015090842.1:10282903",33,93,60
"TANGO6","s1650_F_HYP_02_ASEReadCounter.table","NW_015090842.1:10283757",37,94,57
"TANGO6","s1650_F_HYP_02_ASEReadCounter.table","NW_015090842.1:10283785",50,94,44
"HAS3","s1650_F_HYP_02_ASEReadCounter.table","NW_015090842.1:10288093",1,1,0
"HAS3","s1650_F_HYP_02_ASEReadCounter.table","NW_015090842.1:10289269",0,2,2
"HAS3","s1650_F_HYP_02_ASEReadCounter.table","NW_015090842.1:10289272",0,2,2
"HAS3","s1650_F_HYP_02_ASEReadCounter.table","NW_015090842.1:10289469",1,2,1
"HAS3","s1650_F_HYP_02_ASEReadCounter.table","NW_015090842.1:10290375",1,6,5
"HAS3","s1650_F_HYP_02_ASEReadCounter.table","NW_015090842.1:10290395",1,6,5
"HAS3","s1650_F_HYP_02_ASEReadCounter.table","NW_015090842.1:10290439",1,4,3
"HAS3","s1650_F_HYP_02_ASEReadCounter.table","NW_015090842.1:10290561",0,5,5
"HAS3","s1650_F_HYP_02_ASEReadCounter.table","NW_015090842.1:10290609",0,5,5
"HAS3","s1650_F_HYP_02_ASEReadCounter.table","NW_015090842.1:10290666",1,5,4
"HAS3","s1650_F_HYP_02_ASEReadCounter.table","NW_015090842.1:10290723",1,5,4
"HAS3","s1650_F_HYP_02_ASEReadCounter.table","NW_015090842.1:10290927",2,6,4
"HAS3","s1650_F_HYP_02_ASEReadCounter.table","NW_015090842.1:10291004",1,6,5
"CHTF8","s1650_F_HYP_02_ASEReadCounter.table","NW_015090842.1:10291319",1,3,2
"CHTF8","s1650_F_HYP_02_ASEReadCounter.table","NW_015090842.1:10291491",10,13,3
"CHTF8","s1650_F_HYP_02_ASEReadCounter.table","NW_015090842.1:10291520",12,18,6
"CHTF8","s1650_F_HYP_02_ASEReadCounter.table","NW_015090842.1:10291593",8,17,9
"CHTF8","s1650_F_HYP_02_ASEReadCounter.table","NW_015090842.1:10291600",6,15,9
"CHTF8","s1650_F_HYP_02_ASEReadCounter.table","NW_015090842.1:10291609",6,14,8
"CHTF8","s1650_F_HYP_02_ASEReadCounter.table","NW_015090842.1:10291639",7,15,8
"CHTF8","s1650_F_HYP_02_ASEReadCounter.table","NW_015090842.1:10291641",7,15,8
"CHTF8","s1650_F_HYP_02_ASEReadCounter.table","NW_015090842.1:10291648",8,16,8
"CHTF8","s1650_F_HYP_02_ASEReadCounter.table","NW_015090842.1:10291656",8,17,9
"CHTF8","s1650_F_HYP_02_ASEReadCounter.table","NW_015090842.1:10291675",8,18,10
"CHTF8","s1650_F_HYP_02_ASEReadCounter.table","NW_015090842.1:10291696",8,16,8
"CHTF8","s1650_F_HYP_02_ASEReadCounter.table","NW_015090842.1:10291714",11,21,10
"CHTF8","s1650_F_HYP_02_ASEReadCounter.table","NW_015090842.1:10291732",11,20,9
"CHTF8","s1650_F_HYP_02_ASEReadCounter.table","NW_015090842.1:10291755",10,17,7
"CHTF8","s1650_F_HYP_02_ASEReadCounter.table","NW_015090842.1:10291756",9,15,6
"CHTF8","s1650_F_HYP_02_ASEReadCounter.table","NW_015090842.1:10291758",10,17,7
"CHTF8","s1650_F_HYP_02_ASEReadCounter.table","NW_015090842.1:10291792",11,22,11
"CHTF8","s1650_F_HYP_02_ASEReadCounter.table","NW_015090842.1:10291895",14,23,9
"CHTF8","s1650_F_HYP_02_ASEReadCounter.table","NW_015090842.1:10292132",9,16,7
"CHTF8","s1650_F_HYP_02_ASEReadCounter.table","NW_015090842.1:10292314",10,15,5
"CHTF8","s1650_F_HYP_02_ASEReadCounter.table","NW_015090842.1:10292317",10,15,5
"CHTF8","s1650_F_HYP_02_ASEReadCounter.table","NW_015090842.1:10292928",4,4,0
"UTP4","s1650_F_HYP_02_ASEReadCounter.table","NW_015090842.1:10293146",6,18,12
"UTP4","s1650_F_HYP_02_ASEReadCounter.table","NW_015090842.1:10293151",6,17,11
"UTP4","s1650_F_HYP_02_ASEReadCounter.table","NW_015090842.1:10293191",7,11,4
"UTP4","s1650_F_HYP_02_ASEReadCounter.table","NW_015090842.1:10293362",6,14,8
"UTP4","s1650_F_HYP_02_ASEReadCounter.table","NW_015090842.1:10293430",8,20,12
"UTP4","s1650_F_HYP_02_ASEReadCounter.table","NW_015090842.1:10293625",11,18,7
"UTP4","s1650_F_HYP_02_ASEReadCounter.table","NW_015090842.1:10293684",11,18,7
"UTP4","s1650_F_HYP_02_ASEReadCounter.table","NW_015090842.1:10294093",9,19,10
"UTP4","s1650_F_HYP_02_ASEReadCounter.table","NW_015090842.1:10294622",13,28,15
"UTP4","s1650_F_HYP_02_ASEReadCounter.table","NW_015090842.1:10294632",12,28,16
"UTP4","s1650_F_HYP_02_ASEReadCounter.table","NW_015090842.1:10295238",9,19,10
"UTP4","s1650_F_HYP_02_ASEReadCounter.table","NW_015090842.1:10295880",13,27,14
"UTP4","s1650_F_HYP_02_ASEReadCounter.table","NW_015090842.1:10295884",11,26,15
"UTP4","s1650_F_HYP_02_ASEReadCounter.table","NW_015090842.1:10295903",14,28,14
"UTP4","s1650_F_HYP_02_ASEReadCounter.table","NW_015090842.1:10295906",12,25,13
"UTP4","s1650_F_HYP_02_ASEReadCounter.table","NW_015090842.1:10295915",12,30,18
"UTP4","s1650_F_HYP_02_ASEReadCounter.table","NW_015090842.1:10295938",13,32,19
"UTP4","s1650_F_HYP_02_ASEReadCounter.table","NW_015090842.1:10296175",15,36,21
"UTP4","s1650_F_HYP_02_ASEReadCounter.table","NW_015090842.1:10296660",22,31,9
"UTP4","s1650_F_HYP_02_ASEReadCounter.table","NW_015090842.1:10296679",21,28,7
"UTP4","s1650_F_HYP_02_ASEReadCounter.table","NW_015090842.1:10297193",30,57,27
"UTP4","s1650_F_HYP_02_ASEReadCounter.table","NW_015090842.1:10297220",37,65,28
"UTP4","s1650_F_HYP_02_ASEReadCounter.table","NW_015090842.1:10297307",37,71,34
"UTP4","s1650_F_HYP_02_ASEReadCounter.table","NW_015090842.1:10297558",34,73,39
"UTP4","s1650_F_HYP_02_ASEReadCounter.table","NW_015090842.1:10297943",31,64,33
"UTP4","s1650_F_HYP_02_ASEReadCounter.table","NW_015090842.1:10297979",22,59,37
"UTP4","s1650_F_HYP_02_ASEReadCounter.table","NW_015090842.1:10298022",17,51,34
"UTP4","s1650_F_HYP_02_ASEReadCounter.table","NW_015090842.1:10298079",6,17,11
"UTP4","s1650_F_HYP_02_ASEReadCounter.table","NW_015090842.1:10298081",6,17,11
"UTP4","s1650_F_HYP_02_ASEReadCounter.table","NW_015090842.1:10298082",5,16,11
"SNTB2","s1650_F_HYP_02_ASEReadCounter.table","NW_015090842.1:10298905",1,1,0
"SNTB2","s1650_F_HYP_02_ASEReadCounter.table","NW_015090842.1:10298928",1,1,0
"SNTB2","s1650_F_HYP_02_ASEReadCounter.table","NW_015090842.1:10303506",1,3,2
"SNTB2","s1650_F_HYP_02_ASEReadCounter.table","NW_015090842.1:10303524",1,2,1
"SNTB2","s1650_F_HYP_02_ASEReadCounter.table","NW_015090842.1:10304059",1,3,2
"SNTB2","s1650_F_HYP_02_ASEReadCounter.table","NW_015090842.1:10304089",2,4,2
"SNTB2","s1650_F_HYP_02_ASEReadCounter.table","NW_015090842.1:10305069",2,4,2
"SNTB2","s1650_F_HYP_02_ASEReadCounter.table","NW_015090842.1:10305099",2,5,3
"SNTB2","s1650_F_HYP_02_ASEReadCounter.table","NW_015090842.1:10305171",4,8,4
"SNTB2","s1650_F_HYP_02_ASEReadCounter.table","NW_015090842.1:10305177",4,7,3
"SNTB2","s1650_F_HYP_02_ASEReadCounter.table","NW_015090842.1:10305451",1,1,0
"SNTB2","s1650_F_HYP_02_ASEReadCounter.table","NW_015090842.1:10305547",0,1,1
"SNTB2","s1650_F_HYP_02_ASEReadCounter.table","NW_015090842.1:10305847",2,4,2
"SNTB2","s1650_F_HYP_02_ASEReadCounter.table","NW_015090842.1:10306173",1,4,3
"SNTB2","s1650_F_HYP_02_ASEReadCounter.table","NW_015090842.1:10306275",4,8,4
"SNTB2","s1650_F_HYP_02_ASEReadCounter.table","NW_015090842.1:10306457",2,7,5
"SNTB2","s1650_F_HYP_02_ASEReadCounter.table","NW_015090842.1:10306496",3,8,5
"SNTB2","s1650_F_HYP_02_ASEReadCounter.table","NW_015090842.1:10306499",3,7,4
"VPS4A","s1650_F_HYP_02_ASEReadCounter.table","NW_015090842.1:10308566",55,111,56
"VPS4A","s1650_F_HYP_02_ASEReadCounter.table","NW_015090842.1:10308573",55,111,56
"VPS4A","s1650_F_HYP_02_ASEReadCounter.table","NW_015090842.1:10308856",80,194,114
"VPS4A","s1650_F_HYP_02_ASEReadCounter.table","NW_015090842.1:10309056",122,269,147
"VPS4A","s1650_F_HYP_02_ASEReadCounter.table","NW_015090842.1:10309089",135,285,150
"VPS4A","s1650_F_HYP_02_ASEReadCounter.table","NW_015090842.1:10309392",116,249,133
"VPS4A","s1650_F_HYP_02_ASEReadCounter.table","NW_015090842.1:10309413",122,273,151
"VPS4A","s1650_F_HYP_02_ASEReadCounter.table","NW_015090842.1:10309467",164,343,179
"VPS4A","s1650_F_HYP_02_ASEReadCounter.table","NW_015090842.1:10310230",189,401,212
"VPS4A","s1650_F_HYP_02_ASEReadCounter.table","NW_015090842.1:10310425",174,365,191
"VPS4A","s1650_F_HYP_02_ASEReadCounter.table","NW_015090842.1:10310639",203,398,195
"VPS4A","s1650_F_HYP_02_ASEReadCounter.table","NW_015090842.1:10310734",182,371,189
"VPS4A","s1650_F_HYP_02_ASEReadCounter.table","NW_015090842.1:10310737",188,384,196
"VPS4A","s1650_F_HYP_02_ASEReadCounter.table","NW_015090842.1:10310746",193,397,204
"VPS4A","s1650_F_HYP_02_ASEReadCounter.table","NW_015090842.1:10310767",215,417,202
"VPS4A","s1650_F_HYP_02_ASEReadCounter.table","NW_015090842.1:10310995",199,416,217
"VPS4A","s1650_F_HYP_02_ASEReadCounter.table","NW_015090842.1:10311004",197,395,198
"VPS4A","s1650_F_HYP_02_ASEReadCounter.table","NW_015090842.1:10311007",199,407,208
"VPS4A","s1650_F_HYP_02_ASEReadCounter.table","NW_015090842.1:10311013",209,407,198
"VPS4A","s1650_F_HYP_02_ASEReadCounter.table","NW_015090842.1:10311022",199,390,191
"VPS4A","s1650_F_HYP_02_ASEReadCounter.table","NW_015090842.1:10311023",197,385,188
"VPS4A","s1650_F_HYP_02_ASEReadCounter.table","NW_015090842.1:10311426",217,451,234
"VPS4A","s1650_F_HYP_02_ASEReadCounter.table","NW_015090842.1:10311489",2,11,9
"VPS4A","s1650_F_HYP_02_ASEReadCounter.table","NW_015090842.1:10311490",2,7,5
"VPS4A","s1650_F_HYP_02_ASEReadCounter.table","NW_015090842.1:10311525",14,30,16
"VPS4A","s1650_F_HYP_02_ASEReadCounter.table","NW_015090842.1:10311529",15,36,21
"VPS4A","s1650_F_HYP_02_ASEReadCounter.table","NW_015090842.1:10311530",16,38,22
"VPS4A","s1650_F_HYP_02_ASEReadCounter.table","NW_015090842.1:10311552",83,120,37
"VPS4A","s1650_F_HYP_02_ASEReadCounter.table","NW_015090842.1:10311689",103,167,64
"VPS4A","s1650_F_HYP_02_ASEReadCounter.table","NW_015090842.1:10311700",115,178,63
"VPS4A","s1650_F_HYP_02_ASEReadCounter.table","NW_015090842.1:10311701",111,177,66
"VPS4A","s1650_F_HYP_02_ASEReadCounter.table","NW_015090842.1:10311703",115,180,65
"COG8","s1650_F_HYP_02_ASEReadCounter.table","NW_015090842.1:10313487",23,58,35
"COG8","s1650_F_HYP_02_ASEReadCounter.table","NW_015090842.1:10313559",38,78,40
"COG8","s1650_F_HYP_02_ASEReadCounter.table","NW_015090842.1:10313579",30,67,37
"COG8","s1650_F_HYP_02_ASEReadCounter.table","NW_015090842.1:10313665",24,52,28
"COG8","s1650_F_HYP_02_ASEReadCounter.table","NW_015090842.1:10313681",28,57,29
"COG8","s1650_F_HYP_02_ASEReadCounter.table","NW_015090842.1:10313768",36,73,37
"COG8","s1650_F_HYP_02_ASEReadCounter.table","NW_015090842.1:10313775",34,71,37
"COG8","s1650_F_HYP_02_ASEReadCounter.table","NW_015090842.1:10313811",20,48,28
"COG8","s1650_F_HYP_02_ASEReadCounter.table","NW_015090842.1:10313858",18,38,20
"COG8","s1650_F_HYP_02_ASEReadCounter.table","NW_015090842.1:10314100",29,56,27
"COG8","s1650_F_HYP_02_ASEReadCounter.table","NW_015090842.1:10314213",29,65,36
"COG8","s1650_F_HYP_02_ASEReadCounter.table","NW_015090842.1:10315093",20,38,18
"COG8","s1650_F_HYP_02_ASEReadCounter.table","NW_015090842.1:10315162",23,44,21
"COG8","s1650_F_HYP_02_ASEReadCounter.table","NW_015090842.1:10315285",19,42,23
"COG8","s1650_F_HYP_02_ASEReadCounter.table","NW_015090842.1:10315360",14,31,17
"COG8","s1650_F_HYP_02_ASEReadCounter.table","NW_015090842.1:10315369",13,31,18
"COG8","s1650_F_HYP_02_ASEReadCounter.table","NW_015090842.1:10315504",13,23,10
"COG8","s1650_F_HYP_02_ASEReadCounter.table","NW_015090842.1:10315508",13,21,8
"COG8","s1650_F_HYP_02_ASEReadCounter.table","NW_015090842.1:10315624",18,34,16
"COG8","s1650_F_HYP_02_ASEReadCounter.table","NW_015090842.1:10315693",12,27,15
"COG8","s1650_F_HYP_02_ASEReadCounter.table","NW_015090842.1:10315698",12,28,16
"COG8","s1650_F_HYP_02_ASEReadCounter.table","NW_015090842.1:10315768",12,27,15
"COG8","s1650_F_HYP_02_ASEReadCounter.table","NW_015090842.1:10315769",12,27,15
"COG8","s1650_F_HYP_02_ASEReadCounter.table","NW_015090842.1:10315784",12,28,16
"COG8","s1650_F_HYP_02_ASEReadCounter.table","NW_015090842.1:10316093",9,19,10
"COG8","s1650_F_HYP_02_ASEReadCounter.table","NW_015090842.1:10316133",8,17,9
"NIP7","s1650_F_HYP_02_ASEReadCounter.table","NW_015090842.1:10316759",14,34,20
"NIP7","s1650_F_HYP_02_ASEReadCounter.table","NW_015090842.1:10316967",93,209,116
"NIP7","s1650_F_HYP_02_ASEReadCounter.table","NW_015090842.1:10316995",117,242,125
"NIP7","s1650_F_HYP_02_ASEReadCounter.table","NW_015090842.1:10317240",170,335,165
"NIP7","s1650_F_HYP_02_ASEReadCounter.table","NW_015090842.1:10317247",170,336,166
"NIP7","s1650_F_HYP_02_ASEReadCounter.table","NW_015090842.1:10317264",170,324,154
"NIP7","s1650_F_HYP_02_ASEReadCounter.table","NW_015090842.1:10317433",174,406,232
"NIP7","s1650_F_HYP_02_ASEReadCounter.table","NW_015090842.1:10317738",172,353,181
"NIP7","s1650_F_HYP_02_ASEReadCounter.table","NW_015090842.1:10317769",176,366,190
"NIP7","s1650_F_HYP_02_ASEReadCounter.table","NW_015090842.1:10317808",113,246,133
"NIP7","s1650_F_HYP_02_ASEReadCounter.table","NW_015090842.1:10317870",83,171,88
"NIP7","s1650_F_HYP_02_ASEReadCounter.table","NW_015090842.1:10317871",84,167,83
"NIP7","s1650_F_HYP_02_ASEReadCounter.table","NW_015090842.1:10317898",66,117,51
"NIP7","s1650_F_HYP_02_ASEReadCounter.table","NW_015090842.1:10317911",60,105,45
"TMED6","s1650_F_HYP_02_ASEReadCounter.table","NW_015090842.1:10318731",1,1,0
"TERF2","s1650_F_HYP_02_ASEReadCounter.table","NW_015090842.1:10321665",24,24,0
"TERF2","s1650_F_HYP_02_ASEReadCounter.table","NW_015090842.1:10321768",49,104,55
"TERF2","s1650_F_HYP_02_ASEReadCounter.table","NW_015090842.1:10321777",44,101,57
"TERF2","s1650_F_HYP_02_ASEReadCounter.table","NW_015090842.1:10321805",50,117,67
"TERF2","s1650_F_HYP_02_ASEReadCounter.table","NW_015090842.1:10321878",70,143,73
"TERF2","s1650_F_HYP_02_ASEReadCounter.table","NW_015090842.1:10321893",59,125,66
"TERF2","s1650_F_HYP_02_ASEReadCounter.table","NW_015090842.1:10321897",57,118,61
"TERF2","s1650_F_HYP_02_ASEReadCounter.table","NW_015090842.1:10321908",57,117,60
"TERF2","s1650_F_HYP_02_ASEReadCounter.table","NW_015090842.1:10322001",54,147,93
"TERF2","s1650_F_HYP_02_ASEReadCounter.table","NW_015090842.1:10322035",42,115,73
"TERF2","s1650_F_HYP_02_ASEReadCounter.table","NW_015090842.1:10322051",43,129,86
"TERF2","s1650_F_HYP_02_ASEReadCounter.table","NW_015090842.1:10322137",46,118,72
"TERF2","s1650_F_HYP_02_ASEReadCounter.table","NW_015090842.1:10322144",46,114,68
"TERF2","s1650_F_HYP_02_ASEReadCounter.table","NW_015090842.1:10322388",23,93,70
"TERF2","s1650_F_HYP_02_ASEReadCounter.table","NW_015090842.1:10322396",25,89,64
"TERF2","s1650_F_HYP_02_ASEReadCounter.table","NW_015090842.1:10322502",37,93,56
"TERF2","s1650_F_HYP_02_ASEReadCounter.table","NW_015090842.1:10322504",39,96,57
"TERF2","s1650_F_HYP_02_ASEReadCounter.table","NW_015090842.1:10322510",40,99,59
"TERF2","s1650_F_HYP_02_ASEReadCounter.table","NW_015090842.1:10323580",27,88,61
"TERF2","s1650_F_HYP_02_ASEReadCounter.table","NW_015090842.1:10324314",24,91,67
"TERF2","s1650_F_HYP_02_ASEReadCounter.table","NW_015090842.1:10326832",30,64,34
"TERF2","s1650_F_HYP_02_ASEReadCounter.table","NW_015090842.1:10327787",13,40,27
"TERF2","s1650_F_HYP_02_ASEReadCounter.table","NW_015090842.1:10328588",11,34,23
"TERF2","s1650_F_HYP_02_ASEReadCounter.table","NW_015090842.1:10328644",10,28,18
"TERF2","s1650_F_HYP_02_ASEReadCounter.table","NW_015090842.1:10329813",5,16,11
"TERF2","s1650_F_HYP_02_ASEReadCounter.table","NW_015090842.1:10330749",9,16,7
"TERF2","s1650_F_HYP_02_ASEReadCounter.table","NW_015090842.1:10330789",9,20,11
"CYB5B","s1650_F_HYP_02_ASEReadCounter.table","NW_015090842.1:10336595",4,8,4
"CYB5B","s1650_F_HYP_02_ASEReadCounter.table","NW_015090842.1:10336667",38,65,27
"CYB5B","s1650_F_HYP_02_ASEReadCounter.table","NW_015090842.1:10336689",60,113,53
"CYB5B","s1650_F_HYP_02_ASEReadCounter.table","NW_015090842.1:10336728",81,158,77
"CYB5B","s1650_F_HYP_02_ASEReadCounter.table","NW_015090842.1:10345068",82,154,72
"CYB5B","s1650_F_HYP_02_ASEReadCounter.table","NW_015090842.1:10348800",134,275,141
"CYB5B","s1650_F_HYP_02_ASEReadCounter.table","NW_015090842.1:10348888",99,215,116
"CYB5B","s1650_F_HYP_02_ASEReadCounter.table","NW_015090842.1:10349046",108,209,101
"CYB5B","s1650_F_HYP_02_ASEReadCounter.table","NW_015090842.1:10349119",76,191,115
"CYB5B","s1650_F_HYP_02_ASEReadCounter.table","NW_015090842.1:10349146",44,164,120
"CYB5B","s1650_F_HYP_02_ASEReadCounter.table","NW_015090842.1:10349157",70,199,129
