"gene","id","snp","ref_count","total_count","alt_count"
"CENPN","s1664_F_ADR_02_ASEReadCounter.table","NW_015090842.1:5801612",0,5,5
"CENPN","s1664_F_ADR_02_ASEReadCounter.table","NW_015090842.1:5801618",0,5,5
"CENPN","s1664_F_ADR_02_ASEReadCounter.table","NW_015090842.1:5801623",0,5,5
"CENPN","s1664_F_ADR_02_ASEReadCounter.table","NW_015090842.1:5801631",0,5,5
"CENPN","s1664_F_ADR_02_ASEReadCounter.table","NW_015090842.1:5801632",0,5,5
"CENPN","s1664_F_ADR_02_ASEReadCounter.table","NW_015090842.1:5801655",1,3,2
"CENPN","s1664_F_ADR_02_ASEReadCounter.table","NW_015090842.1:5801662",1,5,4
"CENPN","s1664_F_ADR_02_ASEReadCounter.table","NW_015090842.1:5801670",1,5,4
"CENPN","s1664_F_ADR_02_ASEReadCounter.table","NW_015090842.1:5801674",1,5,4
"CENPN","s1664_F_ADR_02_ASEReadCounter.table","NW_015090842.1:5801692",1,5,4
"CENPN","s1664_F_ADR_02_ASEReadCounter.table","NW_015090842.1:5801697",1,6,5
"CENPN","s1664_F_ADR_02_ASEReadCounter.table","NW_015090842.1:5802008",4,9,5
"CENPN","s1664_F_ADR_02_ASEReadCounter.table","NW_015090842.1:5802012",4,9,5
"CENPN","s1664_F_ADR_02_ASEReadCounter.table","NW_015090842.1:5802087",3,12,9
"CENPN","s1664_F_ADR_02_ASEReadCounter.table","NW_015090842.1:5810113",1,1,0
"CENPN","s1664_F_ADR_02_ASEReadCounter.table","NW_015090842.1:5810147",7,7,0
"CENPN","s1664_F_ADR_02_ASEReadCounter.table","NW_015090842.1:5810148",7,7,0
"ATMIN","s1664_F_ADR_02_ASEReadCounter.table","NW_015090842.1:5818789",17,23,6
"ATMIN","s1664_F_ADR_02_ASEReadCounter.table","NW_015090842.1:5819958",13,24,11
"ATMIN","s1664_F_ADR_02_ASEReadCounter.table","NW_015090842.1:5820004",17,30,13
"ATMIN","s1664_F_ADR_02_ASEReadCounter.table","NW_015090842.1:5820217",12,24,12
"ATMIN","s1664_F_ADR_02_ASEReadCounter.table","NW_015090842.1:5820250",11,24,13
"ATMIN","s1664_F_ADR_02_ASEReadCounter.table","NW_015090842.1:5820298",16,27,11
"ATMIN","s1664_F_ADR_02_ASEReadCounter.table","NW_015090842.1:5820417",18,30,12
"ATMIN","s1664_F_ADR_02_ASEReadCounter.table","NW_015090842.1:5820421",17,29,12
"ATMIN","s1664_F_ADR_02_ASEReadCounter.table","NW_015090842.1:5820448",17,30,13
"ATMIN","s1664_F_ADR_02_ASEReadCounter.table","NW_015090842.1:5820457",16,31,15
"ATMIN","s1664_F_ADR_02_ASEReadCounter.table","NW_015090842.1:5820510",12,27,15
"ATMIN","s1664_F_ADR_02_ASEReadCounter.table","NW_015090842.1:5820673",19,32,13
"ATMIN","s1664_F_ADR_02_ASEReadCounter.table","NW_015090842.1:5820754",11,27,16
"ATMIN","s1664_F_ADR_02_ASEReadCounter.table","NW_015090842.1:5820820",14,26,12
"ATMIN","s1664_F_ADR_02_ASEReadCounter.table","NW_015090842.1:5820865",17,30,13
"ATMIN","s1664_F_ADR_02_ASEReadCounter.table","NW_015090842.1:5820889",19,35,16
"ATMIN","s1664_F_ADR_02_ASEReadCounter.table","NW_015090842.1:5820891",19,35,16
"ATMIN","s1664_F_ADR_02_ASEReadCounter.table","NW_015090842.1:5820997",17,42,25
"ATMIN","s1664_F_ADR_02_ASEReadCounter.table","NW_015090842.1:5821063",27,54,27
"ATMIN","s1664_F_ADR_02_ASEReadCounter.table","NW_015090842.1:5821132",26,50,24
"ATMIN","s1664_F_ADR_02_ASEReadCounter.table","NW_015090842.1:5821645",31,47,16
"ATMIN","s1664_F_ADR_02_ASEReadCounter.table","NW_015090842.1:5825066",19,31,12
"ATMIN","s1664_F_ADR_02_ASEReadCounter.table","NW_015090842.1:5825106",12,31,19
"ATMIN","s1664_F_ADR_02_ASEReadCounter.table","NW_015090842.1:5825122",14,31,17
"ATMIN","s1664_F_ADR_02_ASEReadCounter.table","NW_015090842.1:5825178",18,35,17
"ATMIN","s1664_F_ADR_02_ASEReadCounter.table","NW_015090842.1:5825194",18,33,15
"ATMIN","s1664_F_ADR_02_ASEReadCounter.table","NW_015090842.1:5825195",18,33,15
"ATMIN","s1664_F_ADR_02_ASEReadCounter.table","NW_015090842.1:5825220",14,30,16
"ATMIN","s1664_F_ADR_02_ASEReadCounter.table","NW_015090842.1:5825240",13,30,17
"ATMIN","s1664_F_ADR_02_ASEReadCounter.table","NW_015090842.1:5825303",22,47,25
"ATMIN","s1664_F_ADR_02_ASEReadCounter.table","NW_015090842.1:5825304",22,47,25
"ATMIN","s1664_F_ADR_02_ASEReadCounter.table","NW_015090842.1:5825310",23,48,25
"ATMIN","s1664_F_ADR_02_ASEReadCounter.table","NW_015090842.1:5825406",16,28,12
"ATMIN","s1664_F_ADR_02_ASEReadCounter.table","NW_015090842.1:5825415",20,34,14
"ATMIN","s1664_F_ADR_02_ASEReadCounter.table","NW_015090842.1:5825438",21,38,17
"ATMIN","s1664_F_ADR_02_ASEReadCounter.table","NW_015090842.1:5825485",18,38,20
"ATMIN","s1664_F_ADR_02_ASEReadCounter.table","NW_015090842.1:5825524",13,33,20
"ATMIN","s1664_F_ADR_02_ASEReadCounter.table","NW_015090842.1:5825557",15,32,17
"ATMIN","s1664_F_ADR_02_ASEReadCounter.table","NW_015090842.1:5825571",18,36,18
"ATMIN","s1664_F_ADR_02_ASEReadCounter.table","NW_015090842.1:5825579",20,38,18
"ATMIN","s1664_F_ADR_02_ASEReadCounter.table","NW_015090842.1:5825590",19,36,17
"ATMIN","s1664_F_ADR_02_ASEReadCounter.table","NW_015090842.1:5825689",19,39,20
"ATMIN","s1664_F_ADR_02_ASEReadCounter.table","NW_015090842.1:5825703",25,48,23
"ATMIN","s1664_F_ADR_02_ASEReadCounter.table","NW_015090842.1:5825787",23,47,24
"ATMIN","s1664_F_ADR_02_ASEReadCounter.table","NW_015090842.1:5825833",19,40,21
"ATMIN","s1664_F_ADR_02_ASEReadCounter.table","NW_015090842.1:5825841",18,37,19
"ATMIN","s1664_F_ADR_02_ASEReadCounter.table","NW_015090842.1:5825895",26,48,22
"ATMIN","s1664_F_ADR_02_ASEReadCounter.table","NW_015090842.1:5825984",19,36,17
"ATMIN","s1664_F_ADR_02_ASEReadCounter.table","NW_015090842.1:5826162",27,50,23
"ATMIN","s1664_F_ADR_02_ASEReadCounter.table","NW_015090842.1:5826194",31,52,21
"ATMIN","s1664_F_ADR_02_ASEReadCounter.table","NW_015090842.1:5826235",31,59,28
"ATMIN","s1664_F_ADR_02_ASEReadCounter.table","NW_015090842.1:5826245",30,58,28
"ATMIN","s1664_F_ADR_02_ASEReadCounter.table","NW_015090842.1:5826335",21,39,18
"ATMIN","s1664_F_ADR_02_ASEReadCounter.table","NW_015090842.1:5826417",7,22,15
"ATMIN","s1664_F_ADR_02_ASEReadCounter.table","NW_015090842.1:5826431",11,28,17
"ATMIN","s1664_F_ADR_02_ASEReadCounter.table","NW_015090842.1:5826438",10,27,17
"ATMIN","s1664_F_ADR_02_ASEReadCounter.table","NW_015090842.1:5826463",19,45,26
"ATMIN","s1664_F_ADR_02_ASEReadCounter.table","NW_015090842.1:5826502",25,48,23
"ATMIN","s1664_F_ADR_02_ASEReadCounter.table","NW_015090842.1:5826511",28,53,25
"ATMIN","s1664_F_ADR_02_ASEReadCounter.table","NW_015090842.1:5826659",21,45,24
"ATMIN","s1664_F_ADR_02_ASEReadCounter.table","NW_015090842.1:5826701",24,52,28
"ATMIN","s1664_F_ADR_02_ASEReadCounter.table","NW_015090842.1:5826702",24,53,29
"ATMIN","s1664_F_ADR_02_ASEReadCounter.table","NW_015090842.1:5826732",29,59,30
"ATMIN","s1664_F_ADR_02_ASEReadCounter.table","NW_015090842.1:5826745",28,61,33
"ATMIN","s1664_F_ADR_02_ASEReadCounter.table","NW_015090842.1:5826835",28,58,30
"ATMIN","s1664_F_ADR_02_ASEReadCounter.table","NW_015090842.1:5826942",17,45,28
"ATMIN","s1664_F_ADR_02_ASEReadCounter.table","NW_015090842.1:5827193",25,43,18
"ATMIN","s1664_F_ADR_02_ASEReadCounter.table","NW_015090842.1:5827196",24,42,18
"ATMIN","s1664_F_ADR_02_ASEReadCounter.table","NW_015090842.1:5827269",21,40,19
"ATMIN","s1664_F_ADR_02_ASEReadCounter.table","NW_015090842.1:5827315",16,28,12
"ATMIN","s1664_F_ADR_02_ASEReadCounter.table","NW_015090842.1:5827316",17,29,12
"ATMIN","s1664_F_ADR_02_ASEReadCounter.table","NW_015090842.1:5827333",16,28,12
"PPP1R3E","s1664_F_ADR_02_ASEReadCounter.table","NW_015090842.1:5837733",22,29,7
"PPP1R3E","s1664_F_ADR_02_ASEReadCounter.table","NW_015090842.1:5837947",17,31,14
"PKD1L2","s1664_F_ADR_02_ASEReadCounter.table","NW_015090842.1:5867509",1,1,0
"PKD1L2","s1664_F_ADR_02_ASEReadCounter.table","NW_015090842.1:5867597",1,3,2
"PKD1L2","s1664_F_ADR_02_ASEReadCounter.table","NW_015090842.1:5867600",1,3,2
"PKD1L2","s1664_F_ADR_02_ASEReadCounter.table","NW_015090842.1:5867660",1,2,1
"PKD1L2","s1664_F_ADR_02_ASEReadCounter.table","NW_015090842.1:5867675",1,2,1
"PKD1L2","s1664_F_ADR_02_ASEReadCounter.table","NW_015090842.1:5867788",3,5,2
"PKD1L2","s1664_F_ADR_02_ASEReadCounter.table","NW_015090842.1:5867843",5,6,1
"PKD1L2","s1664_F_ADR_02_ASEReadCounter.table","NW_015090842.1:5872825",1,1,0
"PKD1L2","s1664_F_ADR_02_ASEReadCounter.table","NW_015090842.1:5872948",1,1,0
"BCO1","s1664_F_ADR_02_ASEReadCounter.table","NW_015090842.1:5915610",4,6,2
"BCO1","s1664_F_ADR_02_ASEReadCounter.table","NW_015090842.1:5915646",4,4,0
"BCO1","s1664_F_ADR_02_ASEReadCounter.table","NW_015090842.1:5917836",5,6,1
"BCO1","s1664_F_ADR_02_ASEReadCounter.table","NW_015090842.1:5917912",50,61,11
"BCO1","s1664_F_ADR_02_ASEReadCounter.table","NW_015090842.1:5917941",64,84,20
"BCO1","s1664_F_ADR_02_ASEReadCounter.table","NW_015090842.1:5917971",67,91,24
"BCO1","s1664_F_ADR_02_ASEReadCounter.table","NW_015090842.1:5921679",65,90,25
"BCO1","s1664_F_ADR_02_ASEReadCounter.table","NW_015090842.1:5921726",68,89,21
"BCO1","s1664_F_ADR_02_ASEReadCounter.table","NW_015090842.1:5925669",43,58,15
"BCO1","s1664_F_ADR_02_ASEReadCounter.table","NW_015090842.1:5926937",62,79,17
"BCO1","s1664_F_ADR_02_ASEReadCounter.table","NW_015090842.1:5927921",43,66,23
"BCO1","s1664_F_ADR_02_ASEReadCounter.table","NW_015090842.1:5927948",48,71,23
"BCO1","s1664_F_ADR_02_ASEReadCounter.table","NW_015090842.1:5927968",56,80,24
"BCO1","s1664_F_ADR_02_ASEReadCounter.table","NW_015090842.1:5928052",59,81,22
"BCO1","s1664_F_ADR_02_ASEReadCounter.table","NW_015090842.1:5932726",69,96,27
"BCO1","s1664_F_ADR_02_ASEReadCounter.table","NW_015090842.1:5932801",42,59,17
"BCO1","s1664_F_ADR_02_ASEReadCounter.table","NW_015090842.1:5934558",41,59,18
"BCO1","s1664_F_ADR_02_ASEReadCounter.table","NW_015090842.1:5934575",45,62,17
"BCO1","s1664_F_ADR_02_ASEReadCounter.table","NW_015090842.1:5934608",46,65,19
"BCO1","s1664_F_ADR_02_ASEReadCounter.table","NW_015090842.1:5934647",48,73,25
"BCO1","s1664_F_ADR_02_ASEReadCounter.table","NW_015090842.1:5934725",43,63,20
"BCO1","s1664_F_ADR_02_ASEReadCounter.table","NW_015090842.1:5934726",42,61,19
"BCO1","s1664_F_ADR_02_ASEReadCounter.table","NW_015090842.1:5934733",41,59,18
"BCO1","s1664_F_ADR_02_ASEReadCounter.table","NW_015090842.1:5934821",33,46,13
"BCO1","s1664_F_ADR_02_ASEReadCounter.table","NW_015090842.1:5934826",31,46,15
"BCO1","s1664_F_ADR_02_ASEReadCounter.table","NW_015090842.1:5934844",24,36,12
"BCO1","s1664_F_ADR_02_ASEReadCounter.table","NW_015090842.1:5934958",45,58,13
"BCO1","s1664_F_ADR_02_ASEReadCounter.table","NW_015090842.1:5934976",41,57,16
"GAN","s1664_F_ADR_02_ASEReadCounter.table","NW_015090842.1:5939249",0,4,4
"GAN","s1664_F_ADR_02_ASEReadCounter.table","NW_015090842.1:5953759",6,15,9
"GAN","s1664_F_ADR_02_ASEReadCounter.table","NW_015090842.1:5957502",5,10,5
"GAN","s1664_F_ADR_02_ASEReadCounter.table","NW_015090842.1:5957578",9,14,5
"GAN","s1664_F_ADR_02_ASEReadCounter.table","NW_015090842.1:5966047",10,22,12
"GAN","s1664_F_ADR_02_ASEReadCounter.table","NW_015090842.1:5966126",4,9,5
"GAN","s1664_F_ADR_02_ASEReadCounter.table","NW_015090842.1:5966127",4,10,6
"GAN","s1664_F_ADR_02_ASEReadCounter.table","NW_015090842.1:5966162",11,23,12
"GAN","s1664_F_ADR_02_ASEReadCounter.table","NW_015090842.1:5966483",6,14,8
"CMIP","s1664_F_ADR_02_ASEReadCounter.table","NW_015090842.1:6109159",9,24,15
"CMIP","s1664_F_ADR_02_ASEReadCounter.table","NW_015090842.1:6109166",10,24,14
"CMIP","s1664_F_ADR_02_ASEReadCounter.table","NW_015090842.1:6114641",6,19,13
"CMIP","s1664_F_ADR_02_ASEReadCounter.table","NW_015090842.1:6114751",5,19,14
"CMIP","s1664_F_ADR_02_ASEReadCounter.table","NW_015090842.1:6114824",5,19,14
"CMIP","s1664_F_ADR_02_ASEReadCounter.table","NW_015090842.1:6126295",51,53,2
"CMIP","s1664_F_ADR_02_ASEReadCounter.table","NW_015090842.1:6128998",19,50,31
"CMIP","s1664_F_ADR_02_ASEReadCounter.table","NW_015090842.1:6130562",21,86,65
"CMIP","s1664_F_ADR_02_ASEReadCounter.table","NW_015090842.1:6132522",14,71,57
"CMIP","s1664_F_ADR_02_ASEReadCounter.table","NW_015090842.1:6138265",12,103,91
"CMIP","s1664_F_ADR_02_ASEReadCounter.table","NW_015090842.1:6138300",12,108,96
"CMIP","s1664_F_ADR_02_ASEReadCounter.table","NW_015090842.1:6138342",12,95,83
"CMIP","s1664_F_ADR_02_ASEReadCounter.table","NW_015090842.1:6138343",12,98,86
"CMIP","s1664_F_ADR_02_ASEReadCounter.table","NW_015090842.1:6138345",12,97,85
"CMIP","s1664_F_ADR_02_ASEReadCounter.table","NW_015090842.1:6138647",10,72,62
"CMIP","s1664_F_ADR_02_ASEReadCounter.table","NW_015090842.1:6138745",12,96,84
"CMIP","s1664_F_ADR_02_ASEReadCounter.table","NW_015090842.1:6138832",0,37,37
"CMIP","s1664_F_ADR_02_ASEReadCounter.table","NW_015090842.1:6138967",7,67,60
"CMIP","s1664_F_ADR_02_ASEReadCounter.table","NW_015090842.1:6139131",4,46,42
"CMIP","s1664_F_ADR_02_ASEReadCounter.table","NW_015090842.1:6139163",1,48,47
"CMIP","s1664_F_ADR_02_ASEReadCounter.table","NW_015090842.1:6139212",47,65,18
"CMIP","s1664_F_ADR_02_ASEReadCounter.table","NW_015090842.1:6139360",5,31,26
"CMIP","s1664_F_ADR_02_ASEReadCounter.table","NW_015090842.1:6139572",1,12,11
"PLCG2","s1664_F_ADR_02_ASEReadCounter.table","NW_015090842.1:6179613",4,4,0
"PLCG2","s1664_F_ADR_02_ASEReadCounter.table","NW_015090842.1:6179658",12,12,0
"PLCG2","s1664_F_ADR_02_ASEReadCounter.table","NW_015090842.1:6203766",24,25,1
"PLCG2","s1664_F_ADR_02_ASEReadCounter.table","NW_015090842.1:6203775",24,25,1
"PLCG2","s1664_F_ADR_02_ASEReadCounter.table","NW_015090842.1:6203787",21,22,1
"PLCG2","s1664_F_ADR_02_ASEReadCounter.table","NW_015090842.1:6209741",10,12,2
"PLCG2","s1664_F_ADR_02_ASEReadCounter.table","NW_015090842.1:6209798",13,14,1
"PLCG2","s1664_F_ADR_02_ASEReadCounter.table","NW_015090842.1:6209816",12,13,1
"PLCG2","s1664_F_ADR_02_ASEReadCounter.table","NW_015090842.1:6217547",19,39,20
"PLCG2","s1664_F_ADR_02_ASEReadCounter.table","NW_015090842.1:6218641",20,36,16
"PLCG2","s1664_F_ADR_02_ASEReadCounter.table","NW_015090842.1:6220552",28,38,10
"PLCG2","s1664_F_ADR_02_ASEReadCounter.table","NW_015090842.1:6221969",22,26,4
"PLCG2","s1664_F_ADR_02_ASEReadCounter.table","NW_015090842.1:6228672",16,22,6
"PLCG2","s1664_F_ADR_02_ASEReadCounter.table","NW_015090842.1:6228694",16,22,6
"PLCG2","s1664_F_ADR_02_ASEReadCounter.table","NW_015090842.1:6228722",20,25,5
"PLCG2","s1664_F_ADR_02_ASEReadCounter.table","NW_015090842.1:6228747",16,22,6
"PLCG2","s1664_F_ADR_02_ASEReadCounter.table","NW_015090842.1:6228835",17,26,9
"PLCG2","s1664_F_ADR_02_ASEReadCounter.table","NW_015090842.1:6228841",15,25,10
"PLCG2","s1664_F_ADR_02_ASEReadCounter.table","NW_015090842.1:6228865",17,26,9
"PLCG2","s1664_F_ADR_02_ASEReadCounter.table","NW_015090842.1:6228917",17,25,8
"PLCG2","s1664_F_ADR_02_ASEReadCounter.table","NW_015090842.1:6228926",14,21,7
"PLCG2","s1664_F_ADR_02_ASEReadCounter.table","NW_015090842.1:6228954",13,18,5
"PLCG2","s1664_F_ADR_02_ASEReadCounter.table","NW_015090842.1:6229002",17,22,5
"PLCG2","s1664_F_ADR_02_ASEReadCounter.table","NW_015090842.1:6229006",17,22,5
"PLCG2","s1664_F_ADR_02_ASEReadCounter.table","NW_015090842.1:6229081",11,17,6
"PLCG2","s1664_F_ADR_02_ASEReadCounter.table","NW_015090842.1:6229097",11,15,4
"PLCG2","s1664_F_ADR_02_ASEReadCounter.table","NW_015090842.1:6229160",12,15,3
"PLCG2","s1664_F_ADR_02_ASEReadCounter.table","NW_015090842.1:6229213",7,10,3
"PLCG2","s1664_F_ADR_02_ASEReadCounter.table","NW_015090842.1:6229231",10,13,3
"PLCG2","s1664_F_ADR_02_ASEReadCounter.table","NW_015090842.1:6229663",17,21,4
"PLCG2","s1664_F_ADR_02_ASEReadCounter.table","NW_015090842.1:6229748",15,18,3
"PLCG2","s1664_F_ADR_02_ASEReadCounter.table","NW_015090842.1:6229892",12,14,2
"PLCG2","s1664_F_ADR_02_ASEReadCounter.table","NW_015090842.1:6230248",11,14,3
"PLCG2","s1664_F_ADR_02_ASEReadCounter.table","NW_015090842.1:6230255",12,15,3
"PLCG2","s1664_F_ADR_02_ASEReadCounter.table","NW_015090842.1:6230276",12,14,2
"PLCG2","s1664_F_ADR_02_ASEReadCounter.table","NW_015090842.1:6230296",7,9,2
"PLCG2","s1664_F_ADR_02_ASEReadCounter.table","NW_015090842.1:6230349",17,17,0
"PLCG2","s1664_F_ADR_02_ASEReadCounter.table","NW_015090842.1:6230408",26,27,1
"PLCG2","s1664_F_ADR_02_ASEReadCounter.table","NW_015090842.1:6230439",18,19,1
"PLCG2","s1664_F_ADR_02_ASEReadCounter.table","NW_015090842.1:6230757",9,14,5
"PLCG2","s1664_F_ADR_02_ASEReadCounter.table","NW_015090842.1:6230758",9,13,4
"PLCG2","s1664_F_ADR_02_ASEReadCounter.table","NW_015090842.1:6230898",21,23,2
"PLCG2","s1664_F_ADR_02_ASEReadCounter.table","NW_015090842.1:6230976",23,26,3
"PLCG2","s1664_F_ADR_02_ASEReadCounter.table","NW_015090842.1:6231078",12,13,1
"PLCG2","s1664_F_ADR_02_ASEReadCounter.table","NW_015090842.1:6231138",16,17,1
"PLCG2","s1664_F_ADR_02_ASEReadCounter.table","NW_015090842.1:6231177",20,21,1
"PLCG2","s1664_F_ADR_02_ASEReadCounter.table","NW_015090842.1:6231263",12,13,1
"SDR42E1","s1664_F_ADR_02_ASEReadCounter.table","NW_015090842.1:6235292",1,8,7
"SDR42E1","s1664_F_ADR_02_ASEReadCounter.table","NW_015090842.1:6235315",3,10,7
"SDR42E1","s1664_F_ADR_02_ASEReadCounter.table","NW_015090842.1:6235348",6,14,8
"SDR42E1","s1664_F_ADR_02_ASEReadCounter.table","NW_015090842.1:6235355",6,12,6
"SDR42E1","s1664_F_ADR_02_ASEReadCounter.table","NW_015090842.1:6235417",8,16,8
"SDR42E1","s1664_F_ADR_02_ASEReadCounter.table","NW_015090842.1:6235558",7,24,17
"SDR42E1","s1664_F_ADR_02_ASEReadCounter.table","NW_015090842.1:6235741",7,17,10
"SDR42E1","s1664_F_ADR_02_ASEReadCounter.table","NW_015090842.1:6235777",8,25,17
"SDR42E1","s1664_F_ADR_02_ASEReadCounter.table","NW_015090842.1:6235806",9,30,21
"SDR42E1","s1664_F_ADR_02_ASEReadCounter.table","NW_015090842.1:6235809",9,29,20
"SDR42E1","s1664_F_ADR_02_ASEReadCounter.table","NW_015090842.1:6235816",8,28,20
"SDR42E1","s1664_F_ADR_02_ASEReadCounter.table","NW_015090842.1:6235914",8,30,22
"SDR42E1","s1664_F_ADR_02_ASEReadCounter.table","NW_015090842.1:6235935",8,26,18
"SDR42E1","s1664_F_ADR_02_ASEReadCounter.table","NW_015090842.1:6235957",9,27,18
"SDR42E1","s1664_F_ADR_02_ASEReadCounter.table","NW_015090842.1:6236040",3,29,26
"SDR42E1","s1664_F_ADR_02_ASEReadCounter.table","NW_015090842.1:6236260",4,21,17
"SDR42E1","s1664_F_ADR_02_ASEReadCounter.table","NW_015090842.1:6236281",5,22,17
"SDR42E1","s1664_F_ADR_02_ASEReadCounter.table","NW_015090842.1:6236305",5,24,19
"SDR42E1","s1664_F_ADR_02_ASEReadCounter.table","NW_015090842.1:6236458",8,26,18
"SDR42E1","s1664_F_ADR_02_ASEReadCounter.table","NW_015090842.1:6236476",8,28,20
"SDR42E1","s1664_F_ADR_02_ASEReadCounter.table","NW_015090842.1:6236608",11,28,17
"SDR42E1","s1664_F_ADR_02_ASEReadCounter.table","NW_015090842.1:6238244",3,16,13
"SDR42E1","s1664_F_ADR_02_ASEReadCounter.table","NW_015090842.1:6238829",2,9,7
"HSD17B2","s1664_F_ADR_02_ASEReadCounter.table","NW_015090842.1:6257758",0,1,1
"HSD17B2","s1664_F_ADR_02_ASEReadCounter.table","NW_015090842.1:6257767",0,1,1
"HSD17B2","s1664_F_ADR_02_ASEReadCounter.table","NW_015090842.1:6257829",0,3,3
"HSD17B2","s1664_F_ADR_02_ASEReadCounter.table","NW_015090842.1:6257851",0,4,4
"HSD17B2","s1664_F_ADR_02_ASEReadCounter.table","NW_015090842.1:6257889",0,3,3
"HSD17B2","s1664_F_ADR_02_ASEReadCounter.table","NW_015090842.1:6262951",0,1,1
"HSD17B2","s1664_F_ADR_02_ASEReadCounter.table","NW_015090842.1:6262974",0,2,2
"HSD17B2","s1664_F_ADR_02_ASEReadCounter.table","NW_015090842.1:6266125",0,1,1
"HSD17B2","s1664_F_ADR_02_ASEReadCounter.table","NW_015090842.1:6266135",0,1,1
"HSD17B2","s1664_F_ADR_02_ASEReadCounter.table","NW_015090842.1:6266795",0,6,6
"HSD17B2","s1664_F_ADR_02_ASEReadCounter.table","NW_015090842.1:6266944",0,1,1
"HSD17B2","s1664_F_ADR_02_ASEReadCounter.table","NW_015090842.1:6267053",0,1,1
"HSD17B2","s1664_F_ADR_02_ASEReadCounter.table","NW_015090842.1:6267196",0,3,3
"HSD17B2","s1664_F_ADR_02_ASEReadCounter.table","NW_015090842.1:6267273",0,3,3
"HSD17B2","s1664_F_ADR_02_ASEReadCounter.table","NW_015090842.1:6267674",0,1,1
"HSD17B2","s1664_F_ADR_02_ASEReadCounter.table","NW_015090842.1:6267913",0,1,1
"HSD17B2","s1664_F_ADR_02_ASEReadCounter.table","NW_015090842.1:6268098",0,2,2
"HSD17B2","s1664_F_ADR_02_ASEReadCounter.table","NW_015090842.1:6268203",0,2,2
"ARY2","s1664_F_ADR_02_ASEReadCounter.table","NW_015090842.1:6303922",21,49,28
"ARY2","s1664_F_ADR_02_ASEReadCounter.table","NW_015090842.1:6303954",38,94,56
"ARY2","s1664_F_ADR_02_ASEReadCounter.table","NW_015090842.1:6303979",41,102,61
"ARY2","s1664_F_ADR_02_ASEReadCounter.table","NW_015090842.1:6305848",33,94,61
"ARY2","s1664_F_ADR_02_ASEReadCounter.table","NW_015090842.1:6305856",32,94,62
"ARY2","s1664_F_ADR_02_ASEReadCounter.table","NW_015090842.1:6305857",32,93,61
"ARY2","s1664_F_ADR_02_ASEReadCounter.table","NW_015090842.1:6306017",30,83,53
"ARY2","s1664_F_ADR_02_ASEReadCounter.table","NW_015090842.1:6306052",34,81,47
"ARY2","s1664_F_ADR_02_ASEReadCounter.table","NW_015090842.1:6306094",32,94,62
"ARY2","s1664_F_ADR_02_ASEReadCounter.table","NW_015090842.1:6306100",31,94,63
"ARY2","s1664_F_ADR_02_ASEReadCounter.table","NW_015090842.1:6306146",24,96,72
"ARY2","s1664_F_ADR_02_ASEReadCounter.table","NW_015090842.1:6306147",24,96,72
"ARY2","s1664_F_ADR_02_ASEReadCounter.table","NW_015090842.1:6306390",38,110,72
"ARY2","s1664_F_ADR_02_ASEReadCounter.table","NW_015090842.1:6306567",24,87,63
"ARY2","s1664_F_ADR_02_ASEReadCounter.table","NW_015090842.1:6306705",28,72,44
"ARY2","s1664_F_ADR_02_ASEReadCounter.table","NW_015090842.1:6306773",39,85,46
"ARY2","s1664_F_ADR_02_ASEReadCounter.table","NW_015090842.1:6307039",39,86,47
"ARY2","s1664_F_ADR_02_ASEReadCounter.table","NW_015090842.1:6307043",39,90,51
"ARY2","s1664_F_ADR_02_ASEReadCounter.table","NW_015090842.1:6307093",35,70,35
"ARY2","s1664_F_ADR_02_ASEReadCounter.table","NW_015090842.1:6307138",32,81,49
"ARY2","s1664_F_ADR_02_ASEReadCounter.table","NW_015090842.1:6307157",43,95,52
"ARY2","s1664_F_ADR_02_ASEReadCounter.table","NW_015090842.1:6307187",49,101,52
"ARY2","s1664_F_ADR_02_ASEReadCounter.table","NW_015090842.1:6307204",43,91,48
"ARY2","s1664_F_ADR_02_ASEReadCounter.table","NW_015090842.1:6307278",25,78,53
"ARY2","s1664_F_ADR_02_ASEReadCounter.table","NW_015090842.1:6307305",30,89,59
"ARY2","s1664_F_ADR_02_ASEReadCounter.table","NW_015090842.1:6307318",31,82,51
"ARY2","s1664_F_ADR_02_ASEReadCounter.table","NW_015090842.1:6307429",28,87,59
"ARY2","s1664_F_ADR_02_ASEReadCounter.table","NW_015090842.1:6307487",26,66,40
"ARY2","s1664_F_ADR_02_ASEReadCounter.table","NW_015090842.1:6307670",15,32,17
"ARYL","s1664_F_ADR_02_ASEReadCounter.table","NW_015090842.1:6313360",1,6,5
"ARYL","s1664_F_ADR_02_ASEReadCounter.table","NW_015090842.1:6313377",1,6,5
"ARYL","s1664_F_ADR_02_ASEReadCounter.table","NW_015090842.1:6313767",0,1,1
"ARY1","s1664_F_ADR_02_ASEReadCounter.table","NW_015090842.1:6314296",1,2,1
"ARY1","s1664_F_ADR_02_ASEReadCounter.table","NW_015090842.1:6314541",0,2,2
"ARY1","s1664_F_ADR_02_ASEReadCounter.table","NW_015090842.1:6314597",1,2,1
"ARY1","s1664_F_ADR_02_ASEReadCounter.table","NW_015090842.1:6314750",4,5,1
"ARY1","s1664_F_ADR_02_ASEReadCounter.table","NW_015090842.1:6314794",2,2,0
"ARY1","s1664_F_ADR_02_ASEReadCounter.table","NW_015090842.1:6314827",1,1,0
"ARY1","s1664_F_ADR_02_ASEReadCounter.table","NW_015090842.1:6314859",1,2,1
"ARY1","s1664_F_ADR_02_ASEReadCounter.table","NW_015090842.1:6314886",1,2,1
"ARY1","s1664_F_ADR_02_ASEReadCounter.table","NW_015090842.1:6315022",0,2,2
"ARY1","s1664_F_ADR_02_ASEReadCounter.table","NW_015090842.1:6315026",0,2,2
"ARY1","s1664_F_ADR_02_ASEReadCounter.table","NW_015090842.1:6315043",1,3,2
"ARY1","s1664_F_ADR_02_ASEReadCounter.table","NW_015090842.1:6315065",1,2,1
"ARY1","s1664_F_ADR_02_ASEReadCounter.table","NW_015090842.1:6315409",2,3,1
"ARY1","s1664_F_ADR_02_ASEReadCounter.table","NW_015090842.1:6315479",1,2,1
"ARY1","s1664_F_ADR_02_ASEReadCounter.table","NW_015090842.1:6318342",7,10,3
"ARY1","s1664_F_ADR_02_ASEReadCounter.table","NW_015090842.1:6318427",6,11,5
"ARY1","s1664_F_ADR_02_ASEReadCounter.table","NW_015090842.1:6318603",1,5,4
"ARY1","s1664_F_ADR_02_ASEReadCounter.table","NW_015090842.1:6318708",3,4,1
"ARY1","s1664_F_ADR_02_ASEReadCounter.table","NW_015090842.1:6318858",5,9,4
"ARY1","s1664_F_ADR_02_ASEReadCounter.table","NW_015090842.1:6318952",4,8,4
"MPHOSPH6","s1664_F_ADR_02_ASEReadCounter.table","NW_015090842.1:6324063",38,69,31
"MPHOSPH6","s1664_F_ADR_02_ASEReadCounter.table","NW_015090842.1:6324174",49,111,62
"MPHOSPH6","s1664_F_ADR_02_ASEReadCounter.table","NW_015090842.1:6324270",82,173,91
"MPHOSPH6","s1664_F_ADR_02_ASEReadCounter.table","NW_015090842.1:6324762",122,269,147
"MPHOSPH6","s1664_F_ADR_02_ASEReadCounter.table","NW_015090842.1:6324780",120,240,120
"MPHOSPH6","s1664_F_ADR_02_ASEReadCounter.table","NW_015090842.1:6324902",137,264,127
"MPHOSPH6","s1664_F_ADR_02_ASEReadCounter.table","NW_015090842.1:6325066",125,262,137
"MPHOSPH6","s1664_F_ADR_02_ASEReadCounter.table","NW_015090842.1:6325089",140,298,158
"MPHOSPH6","s1664_F_ADR_02_ASEReadCounter.table","NW_015090842.1:6325877",168,341,173
"MPHOSPH6","s1664_F_ADR_02_ASEReadCounter.table","NW_015090842.1:6326976",127,274,147
"CDH13","s1664_F_ADR_02_ASEReadCounter.table","NW_015090842.1:6662283",47,71,24
"CDH13","s1664_F_ADR_02_ASEReadCounter.table","NW_015090842.1:6693665",41,61,20
"CDH13","s1664_F_ADR_02_ASEReadCounter.table","NW_015090842.1:6693697",39,58,19
"CDH13","s1664_F_ADR_02_ASEReadCounter.table","NW_015090842.1:6693712",42,62,20
"CDH13","s1664_F_ADR_02_ASEReadCounter.table","NW_015090842.1:6693723",38,58,20
"CDH13","s1664_F_ADR_02_ASEReadCounter.table","NW_015090842.1:6693738",38,56,18
"CDH13","s1664_F_ADR_02_ASEReadCounter.table","NW_015090842.1:6823730",43,66,23
"CDH13","s1664_F_ADR_02_ASEReadCounter.table","NW_015090842.1:6889713",37,58,21
"CDH13","s1664_F_ADR_02_ASEReadCounter.table","NW_015090842.1:6955167",53,73,20
"MLYCD","s1664_F_ADR_02_ASEReadCounter.table","NW_015090842.1:7150054",34,72,38
"MLYCD","s1664_F_ADR_02_ASEReadCounter.table","NW_015090842.1:7150131",61,128,67
"MLYCD","s1664_F_ADR_02_ASEReadCounter.table","NW_015090842.1:7150585",56,131,75
"MLYCD","s1664_F_ADR_02_ASEReadCounter.table","NW_015090842.1:7150686",49,108,59
"MLYCD","s1664_F_ADR_02_ASEReadCounter.table","NW_015090842.1:7150696",54,114,60
"MLYCD","s1664_F_ADR_02_ASEReadCounter.table","NW_015090842.1:7150869",67,140,73
"MLYCD","s1664_F_ADR_02_ASEReadCounter.table","NW_015090842.1:7151100",59,140,81
"MLYCD","s1664_F_ADR_02_ASEReadCounter.table","NW_015090842.1:7151127",68,148,80
"MLYCD","s1664_F_ADR_02_ASEReadCounter.table","NW_015090842.1:7157538",67,160,93
"MLYCD","s1664_F_ADR_02_ASEReadCounter.table","NW_015090842.1:7167662",43,81,38
"MLYCD","s1664_F_ADR_02_ASEReadCounter.table","NW_015090842.1:7167675",42,78,36
"MLYCD","s1664_F_ADR_02_ASEReadCounter.table","NW_015090842.1:7167710",41,83,42
"MLYCD","s1664_F_ADR_02_ASEReadCounter.table","NW_015090842.1:7167781",30,60,30
"MLYCD","s1664_F_ADR_02_ASEReadCounter.table","NW_015090842.1:7167803",23,40,17
"MLYCD","s1664_F_ADR_02_ASEReadCounter.table","NW_015090842.1:7167812",25,43,18
"MLYCD","s1664_F_ADR_02_ASEReadCounter.table","NW_015090842.1:7167845",30,56,26
"MLYCD","s1664_F_ADR_02_ASEReadCounter.table","NW_015090842.1:7167862",28,51,23
"MLYCD","s1664_F_ADR_02_ASEReadCounter.table","NW_015090842.1:7167929",23,51,28
"MLYCD","s1664_F_ADR_02_ASEReadCounter.table","NW_015090842.1:7167995",24,42,18
"MLYCD","s1664_F_ADR_02_ASEReadCounter.table","NW_015090842.1:7168005",25,44,19
"MLYCD","s1664_F_ADR_02_ASEReadCounter.table","NW_015090842.1:7168037",20,42,22
"HSBP1","s1664_F_ADR_02_ASEReadCounter.table","NW_015090842.1:7245192",185,363,178
"HSBP1","s1664_F_ADR_02_ASEReadCounter.table","NW_015090842.1:7245226",229,438,209
"HSBP1","s1664_F_ADR_02_ASEReadCounter.table","NW_015090842.1:7245257",200,389,189
"HSBP1","s1664_F_ADR_02_ASEReadCounter.table","NW_015090842.1:7245296",180,382,202
"HSBP1","s1664_F_ADR_02_ASEReadCounter.table","NW_015090842.1:7245389",245,495,250
"HSBP1","s1664_F_ADR_02_ASEReadCounter.table","NW_015090842.1:7245400",251,485,234
"HSBP1","s1664_F_ADR_02_ASEReadCounter.table","NW_015090842.1:7245445",241,480,239
"HSBP1","s1664_F_ADR_02_ASEReadCounter.table","NW_015090842.1:7245495",245,460,215
"HSBP1","s1664_F_ADR_02_ASEReadCounter.table","NW_015090842.1:7245733",185,386,201
"HSBP1","s1664_F_ADR_02_ASEReadCounter.table","NW_015090842.1:7245771",184,376,192
"HSBP1","s1664_F_ADR_02_ASEReadCounter.table","NW_015090842.1:7245813",202,396,194
"HSBP1","s1664_F_ADR_02_ASEReadCounter.table","NW_015090842.1:7245926",228,464,236
"HSBP1","s1664_F_ADR_02_ASEReadCounter.table","NW_015090842.1:7245927",229,458,229
"HSBP1","s1664_F_ADR_02_ASEReadCounter.table","NW_015090842.1:7245933",227,441,214
"HSBP1","s1664_F_ADR_02_ASEReadCounter.table","NW_015090842.1:7246002",167,373,206
"HSBP1","s1664_F_ADR_02_ASEReadCounter.table","NW_015090842.1:7246094",243,471,228
"HSBP1","s1664_F_ADR_02_ASEReadCounter.table","NW_015090842.1:7246167",217,442,225
"HSBP1","s1664_F_ADR_02_ASEReadCounter.table","NW_015090842.1:7246183",196,426,230
"HSBP1","s1664_F_ADR_02_ASEReadCounter.table","NW_015090842.1:7247285",50,61,11
"HSBP1","s1664_F_ADR_02_ASEReadCounter.table","NW_015090842.1:7247651",393,858,465
"HSBP1","s1664_F_ADR_02_ASEReadCounter.table","NW_015090842.1:7247657",404,896,492
"HSBP1","s1664_F_ADR_02_ASEReadCounter.table","NW_015090842.1:7248520",315,649,334
"HSBP1","s1664_F_ADR_02_ASEReadCounter.table","NW_015090842.1:7248535",270,541,271
"KCNG4","s1664_F_ADR_02_ASEReadCounter.table","NW_015090842.1:7282481",0,1,1
"KCNG4","s1664_F_ADR_02_ASEReadCounter.table","NW_015090842.1:7282500",1,1,0
"KCNG4","s1664_F_ADR_02_ASEReadCounter.table","NW_015090842.1:7282542",1,1,0
"KCNG4","s1664_F_ADR_02_ASEReadCounter.table","NW_015090842.1:7282579",2,2,0
"KCNG4","s1664_F_ADR_02_ASEReadCounter.table","NW_015090842.1:7282630",1,2,1
"KCNG4","s1664_F_ADR_02_ASEReadCounter.table","NW_015090842.1:7283056",0,1,1
"KCNG4","s1664_F_ADR_02_ASEReadCounter.table","NW_015090842.1:7283245",1,2,1
"KCNG4","s1664_F_ADR_02_ASEReadCounter.table","NW_015090842.1:7301195",3,5,2
"KCNG4","s1664_F_ADR_02_ASEReadCounter.table","NW_015090842.1:7301227",3,4,1
"KCNG4","s1664_F_ADR_02_ASEReadCounter.table","NW_015090842.1:7301240",3,4,1
"KCNG4","s1664_F_ADR_02_ASEReadCounter.table","NW_015090842.1:7301413",1,1,0
"WFDC1","s1664_F_ADR_02_ASEReadCounter.table","NW_015090842.1:7366517",34,65,31
"WFDC1","s1664_F_ADR_02_ASEReadCounter.table","NW_015090842.1:7373367",20,51,31
"WFDC1","s1664_F_ADR_02_ASEReadCounter.table","NW_015090842.1:7375828",21,58,37
"WFDC1","s1664_F_ADR_02_ASEReadCounter.table","NW_015090842.1:7378036",20,69,49
"WFDC1","s1664_F_ADR_02_ASEReadCounter.table","NW_015090842.1:7379125",31,99,68
"WFDC1","s1664_F_ADR_02_ASEReadCounter.table","NW_015090842.1:7379451",32,83,51
"WFDC1","s1664_F_ADR_02_ASEReadCounter.table","NW_015090842.1:7379471",25,81,56
"WFDC1","s1664_F_ADR_02_ASEReadCounter.table","NW_015090842.1:7379576",28,70,42
"WFDC1","s1664_F_ADR_02_ASEReadCounter.table","NW_015090842.1:7379596",23,56,33
"WFDC1","s1664_F_ADR_02_ASEReadCounter.table","NW_015090842.1:7379605",25,60,35
"WFDC1","s1664_F_ADR_02_ASEReadCounter.table","NW_015090842.1:7379626",27,57,30
"WFDC1","s1664_F_ADR_02_ASEReadCounter.table","NW_015090842.1:7379631",22,52,30
"WFDC1","s1664_F_ADR_02_ASEReadCounter.table","NW_015090842.1:7379632",22,56,34
"WFDC1","s1664_F_ADR_02_ASEReadCounter.table","NW_015090842.1:7379652",24,66,42
"WFDC1","s1664_F_ADR_02_ASEReadCounter.table","NW_015090842.1:7379669",22,58,36
"WFDC1","s1664_F_ADR_02_ASEReadCounter.table","NW_015090842.1:7379674",21,54,33
"WFDC1","s1664_F_ADR_02_ASEReadCounter.table","NW_015090842.1:7379719",18,59,41
"WFDC1","s1664_F_ADR_02_ASEReadCounter.table","NW_015090842.1:7379735",9,40,31
"WFDC1","s1664_F_ADR_02_ASEReadCounter.table","NW_015090842.1:7379739",6,34,28
"WFDC1","s1664_F_ADR_02_ASEReadCounter.table","NW_015090842.1:7379821",22,64,42
"WFDC1","s1664_F_ADR_02_ASEReadCounter.table","NW_015090842.1:7379840",20,59,39
"WFDC1","s1664_F_ADR_02_ASEReadCounter.table","NW_015090842.1:7379933",20,68,48
"WFDC1","s1664_F_ADR_02_ASEReadCounter.table","NW_015090842.1:7379935",20,68,48
"WFDC1","s1664_F_ADR_02_ASEReadCounter.table","NW_015090842.1:7379983",21,57,36
"WFDC1","s1664_F_ADR_02_ASEReadCounter.table","NW_015090842.1:7380060",26,63,37
"WFDC1","s1664_F_ADR_02_ASEReadCounter.table","NW_015090842.1:7380136",16,52,36
"WFDC1","s1664_F_ADR_02_ASEReadCounter.table","NW_015090842.1:7380150",21,58,37
"WFDC1","s1664_F_ADR_02_ASEReadCounter.table","NW_015090842.1:7380164",22,60,38
"WFDC1","s1664_F_ADR_02_ASEReadCounter.table","NW_015090842.1:7380237",34,70,36
"WFDC1","s1664_F_ADR_02_ASEReadCounter.table","NW_015090842.1:7380261",34,71,37
"WFDC1","s1664_F_ADR_02_ASEReadCounter.table","NW_015090842.1:7380322",18,53,35
"WFDC1","s1664_F_ADR_02_ASEReadCounter.table","NW_015090842.1:7380491",0,74,74
"WFDC1","s1664_F_ADR_02_ASEReadCounter.table","NW_015090842.1:7380567",25,72,47
"WFDC1","s1664_F_ADR_02_ASEReadCounter.table","NW_015090842.1:7380672",36,87,51
"WFDC1","s1664_F_ADR_02_ASEReadCounter.table","NW_015090842.1:7380721",0,110,110
"WFDC1","s1664_F_ADR_02_ASEReadCounter.table","NW_015090842.1:7380743",37,107,70
"WFDC1","s1664_F_ADR_02_ASEReadCounter.table","NW_015090842.1:7380852",34,85,51
"WFDC1","s1664_F_ADR_02_ASEReadCounter.table","NW_015090842.1:7380878",36,85,49
"WFDC1","s1664_F_ADR_02_ASEReadCounter.table","NW_015090842.1:7381081",31,101,70
"WFDC1","s1664_F_ADR_02_ASEReadCounter.table","NW_015090842.1:7381127",29,83,54
"WFDC1","s1664_F_ADR_02_ASEReadCounter.table","NW_015090842.1:7381195",34,78,44
"WFDC1","s1664_F_ADR_02_ASEReadCounter.table","NW_015090842.1:7381253",38,85,47
"WFDC1","s1664_F_ADR_02_ASEReadCounter.table","NW_015090842.1:7381378",41,90,49
"WFDC1","s1664_F_ADR_02_ASEReadCounter.table","NW_015090842.1:7381433",48,95,47
"WFDC1","s1664_F_ADR_02_ASEReadCounter.table","NW_015090842.1:7381434",49,94,45
"WFDC1","s1664_F_ADR_02_ASEReadCounter.table","NW_015090842.1:7381442",53,106,53
"WFDC1","s1664_F_ADR_02_ASEReadCounter.table","NW_015090842.1:7381517",27,60,33
"WFDC1","s1664_F_ADR_02_ASEReadCounter.table","NW_015090842.1:7381520",30,64,34
"WFDC1","s1664_F_ADR_02_ASEReadCounter.table","NW_015090842.1:7381677",23,41,18
"WFDC1","s1664_F_ADR_02_ASEReadCounter.table","NW_015090842.1:7381709",15,27,12
"ATP2C2","s1664_F_ADR_02_ASEReadCounter.table","NW_015090842.1:7386804",2,3,1
"ATP2C2","s1664_F_ADR_02_ASEReadCounter.table","NW_015090842.1:7386836",3,4,1
"ATP2C2","s1664_F_ADR_02_ASEReadCounter.table","NW_015090842.1:7392613",2,6,4
"ATP2C2","s1664_F_ADR_02_ASEReadCounter.table","NW_015090842.1:7395230",3,5,2
"ATP2C2","s1664_F_ADR_02_ASEReadCounter.table","NW_015090842.1:7395366",3,5,2
"ATP2C2","s1664_F_ADR_02_ASEReadCounter.table","NW_015090842.1:7396756",3,3,0
"ATP2C2","s1664_F_ADR_02_ASEReadCounter.table","NW_015090842.1:7397049",0,2,2
"ATP2C2","s1664_F_ADR_02_ASEReadCounter.table","NW_015090842.1:7398395",1,4,3
"ATP2C2","s1664_F_ADR_02_ASEReadCounter.table","NW_015090842.1:7399774",0,2,2
"ATP2C2","s1664_F_ADR_02_ASEReadCounter.table","NW_015090842.1:7402554",2,6,4
"ATP2C2","s1664_F_ADR_02_ASEReadCounter.table","NW_015090842.1:7402578",1,5,4
"ATP2C2","s1664_F_ADR_02_ASEReadCounter.table","NW_015090842.1:7405621",2,2,0
"ATP2C2","s1664_F_ADR_02_ASEReadCounter.table","NW_015090842.1:7413855",33,38,5
"ATP2C2","s1664_F_ADR_02_ASEReadCounter.table","NW_015090842.1:7413869",9,15,6
"ATP2C2","s1664_F_ADR_02_ASEReadCounter.table","NW_015090842.1:7413875",12,20,8
"TLDC1","s1664_F_ADR_02_ASEReadCounter.table","NW_015090842.1:7421137",111,194,83
"TLDC1","s1664_F_ADR_02_ASEReadCounter.table","NW_015090842.1:7421155",102,176,74
"TLDC1","s1664_F_ADR_02_ASEReadCounter.table","NW_015090842.1:7421218",123,208,85
"TLDC1","s1664_F_ADR_02_ASEReadCounter.table","NW_015090842.1:7421399",134,190,56
"TLDC1","s1664_F_ADR_02_ASEReadCounter.table","NW_015090842.1:7421402",141,198,57
"TLDC1","s1664_F_ADR_02_ASEReadCounter.table","NW_015090842.1:7421528",110,193,83
"TLDC1","s1664_F_ADR_02_ASEReadCounter.table","NW_015090842.1:7421532",111,193,82
"TLDC1","s1664_F_ADR_02_ASEReadCounter.table","NW_015090842.1:7421621",137,226,89
"TLDC1","s1664_F_ADR_02_ASEReadCounter.table","NW_015090842.1:7421647",120,200,80
"TLDC1","s1664_F_ADR_02_ASEReadCounter.table","NW_015090842.1:7421657",119,199,80
"TLDC1","s1664_F_ADR_02_ASEReadCounter.table","NW_015090842.1:7421693",122,210,88
"TLDC1","s1664_F_ADR_02_ASEReadCounter.table","NW_015090842.1:7421796",119,210,91
"TLDC1","s1664_F_ADR_02_ASEReadCounter.table","NW_015090842.1:7421810",135,228,93
"TLDC1","s1664_F_ADR_02_ASEReadCounter.table","NW_015090842.1:7421833",123,217,94
"TLDC1","s1664_F_ADR_02_ASEReadCounter.table","NW_015090842.1:7421879",131,226,95
"TLDC1","s1664_F_ADR_02_ASEReadCounter.table","NW_015090842.1:7421914",129,231,102
"TLDC1","s1664_F_ADR_02_ASEReadCounter.table","NW_015090842.1:7421969",118,192,74
"TLDC1","s1664_F_ADR_02_ASEReadCounter.table","NW_015090842.1:7422015",96,184,88
"TLDC1","s1664_F_ADR_02_ASEReadCounter.table","NW_015090842.1:7422042",116,233,117
"TLDC1","s1664_F_ADR_02_ASEReadCounter.table","NW_015090842.1:7422230",116,209,93
"TLDC1","s1664_F_ADR_02_ASEReadCounter.table","NW_015090842.1:7423349",136,249,113
"TLDC1","s1664_F_ADR_02_ASEReadCounter.table","NW_015090842.1:7423362",123,240,117
"TLDC1","s1664_F_ADR_02_ASEReadCounter.table","NW_015090842.1:7426091",105,200,95
"TLDC1","s1664_F_ADR_02_ASEReadCounter.table","NW_015090842.1:7426485",125,225,100
"TLDC1","s1664_F_ADR_02_ASEReadCounter.table","NW_015090842.1:7427211",135,229,94
"TLDC1","s1664_F_ADR_02_ASEReadCounter.table","NW_015090842.1:7428179",123,184,61
"COTL1","s1664_F_ADR_02_ASEReadCounter.table","NW_015090842.1:7490744",219,423,204
"COTL1","s1664_F_ADR_02_ASEReadCounter.table","NW_015090842.1:7491051",189,386,197
"COTL1","s1664_F_ADR_02_ASEReadCounter.table","NW_015090842.1:7491124",214,394,180
"COTL1","s1664_F_ADR_02_ASEReadCounter.table","NW_015090842.1:7491418",159,300,141
"COTL1","s1664_F_ADR_02_ASEReadCounter.table","NW_015090842.1:7491539",144,282,138
"COTL1","s1664_F_ADR_02_ASEReadCounter.table","NW_015090842.1:7491585",209,395,186
"COTL1","s1664_F_ADR_02_ASEReadCounter.table","NW_015090842.1:7491586",203,409,206
"COTL1","s1664_F_ADR_02_ASEReadCounter.table","NW_015090842.1:7491646",236,469,233
"COTL1","s1664_F_ADR_02_ASEReadCounter.table","NW_015090842.1:7491747",230,400,170
"COTL1","s1664_F_ADR_02_ASEReadCounter.table","NW_015090842.1:7491803",235,406,171
"COTL1","s1664_F_ADR_02_ASEReadCounter.table","NW_015090842.1:7507551",1,1,0
"COTL1","s1664_F_ADR_02_ASEReadCounter.table","NW_015090842.1:7507563",1,1,0
"COTL1","s1664_F_ADR_02_ASEReadCounter.table","NW_015090842.1:7510900",1,1,0
"COTL1","s1664_F_ADR_02_ASEReadCounter.table","NW_015090842.1:7513196",0,1,1
"COTL1","s1664_F_ADR_02_ASEReadCounter.table","NW_015090842.1:7513223",0,1,1
"COTL1","s1664_F_ADR_02_ASEReadCounter.table","NW_015090842.1:7513239",0,2,2
"KLHL36","s1664_F_ADR_02_ASEReadCounter.table","NW_015090842.1:7514700",19,35,16
"KLHL36","s1664_F_ADR_02_ASEReadCounter.table","NW_015090842.1:7519691",12,23,11
"KLHL36","s1664_F_ADR_02_ASEReadCounter.table","NW_015090842.1:7519696",13,24,11
"KLHL36","s1664_F_ADR_02_ASEReadCounter.table","NW_015090842.1:7526160",48,83,35
"KLHL36","s1664_F_ADR_02_ASEReadCounter.table","NW_015090842.1:7526469",28,69,41
"KLHL36","s1664_F_ADR_02_ASEReadCounter.table","NW_015090842.1:7526587",34,71,37
"KLHL36","s1664_F_ADR_02_ASEReadCounter.table","NW_015090842.1:7526997",19,41,22
"KLHL36","s1664_F_ADR_02_ASEReadCounter.table","NW_015090842.1:7527142",25,47,22
"KLHL36","s1664_F_ADR_02_ASEReadCounter.table","NW_015090842.1:7535174",55,117,62
"KLHL36","s1664_F_ADR_02_ASEReadCounter.table","NW_015090842.1:7535384",41,75,34
"KLHL36","s1664_F_ADR_02_ASEReadCounter.table","NW_015090842.1:7535420",49,93,44
"KLHL36","s1664_F_ADR_02_ASEReadCounter.table","NW_015090842.1:7535545",24,45,21
"KLHL36","s1664_F_ADR_02_ASEReadCounter.table","NW_015090842.1:7535829",47,81,34
"KLHL36","s1664_F_ADR_02_ASEReadCounter.table","NW_015090842.1:7535977",26,61,35
"KLHL36","s1664_F_ADR_02_ASEReadCounter.table","NW_015090842.1:7536010",26,59,33
"KLHL36","s1664_F_ADR_02_ASEReadCounter.table","NW_015090842.1:7536051",31,68,37
"KLHL36","s1664_F_ADR_02_ASEReadCounter.table","NW_015090842.1:7536096",26,67,41
"KLHL36","s1664_F_ADR_02_ASEReadCounter.table","NW_015090842.1:7536135",29,64,35
"KLHL36","s1664_F_ADR_02_ASEReadCounter.table","NW_015090842.1:7536136",30,61,31
"KLHL36","s1664_F_ADR_02_ASEReadCounter.table","NW_015090842.1:7536160",25,53,28
"KLHL36","s1664_F_ADR_02_ASEReadCounter.table","NW_015090842.1:7536336",31,69,38
"KLHL36","s1664_F_ADR_02_ASEReadCounter.table","NW_015090842.1:7536352",31,71,40
"KLHL36","s1664_F_ADR_02_ASEReadCounter.table","NW_015090842.1:7536412",20,59,39
"KLHL36","s1664_F_ADR_02_ASEReadCounter.table","NW_015090842.1:7536418",20,60,40
"KLHL36","s1664_F_ADR_02_ASEReadCounter.table","NW_015090842.1:7536465",17,47,30
"KLHL36","s1664_F_ADR_02_ASEReadCounter.table","NW_015090842.1:7536466",17,47,30
"KLHL36","s1664_F_ADR_02_ASEReadCounter.table","NW_015090842.1:7536553",34,64,30
"KLHL36","s1664_F_ADR_02_ASEReadCounter.table","NW_015090842.1:7536698",21,64,43
"KLHL36","s1664_F_ADR_02_ASEReadCounter.table","NW_015090842.1:7536713",13,48,35
"KLHL36","s1664_F_ADR_02_ASEReadCounter.table","NW_015090842.1:7536720",27,49,22
"KLHL36","s1664_F_ADR_02_ASEReadCounter.table","NW_015090842.1:7536791",39,62,23
"KLHL36","s1664_F_ADR_02_ASEReadCounter.table","NW_015090842.1:7536849",31,52,21
"KLHL36","s1664_F_ADR_02_ASEReadCounter.table","NW_015090842.1:7536872",29,52,23
"KLHL36","s1664_F_ADR_02_ASEReadCounter.table","NW_015090842.1:7536878",31,52,21
"KLHL36","s1664_F_ADR_02_ASEReadCounter.table","NW_015090842.1:7536916",39,60,21
"KLHL36","s1664_F_ADR_02_ASEReadCounter.table","NW_015090842.1:7536927",35,75,40
"KLHL36","s1664_F_ADR_02_ASEReadCounter.table","NW_015090842.1:7537315",40,73,33
"KLHL36","s1664_F_ADR_02_ASEReadCounter.table","NW_015090842.1:7537352",28,60,32
"KLHL36","s1664_F_ADR_02_ASEReadCounter.table","NW_015090842.1:7537631",34,72,38
"KLHL36","s1664_F_ADR_02_ASEReadCounter.table","NW_015090842.1:7537830",42,80,38
"KLHL36","s1664_F_ADR_02_ASEReadCounter.table","NW_015090842.1:7537838",35,71,36
"KLHL36","s1664_F_ADR_02_ASEReadCounter.table","NW_015090842.1:7538153",23,51,28
"KLHL36","s1664_F_ADR_02_ASEReadCounter.table","NW_015090842.1:7538256",20,48,28
"KLHL36","s1664_F_ADR_02_ASEReadCounter.table","NW_015090842.1:7538265",18,44,26
"KLHL36","s1664_F_ADR_02_ASEReadCounter.table","NW_015090842.1:7538300",20,46,26
"USP10","s1664_F_ADR_02_ASEReadCounter.table","NW_015090842.1:7563972",37,68,31
"USP10","s1664_F_ADR_02_ASEReadCounter.table","NW_015090842.1:7571816",72,140,68
"USP10","s1664_F_ADR_02_ASEReadCounter.table","NW_015090842.1:7571993",60,147,87
"USP10","s1664_F_ADR_02_ASEReadCounter.table","NW_015090842.1:7572580",93,214,121
"USP10","s1664_F_ADR_02_ASEReadCounter.table","NW_015090842.1:7587372",116,255,139
"CRISPLD2","s1664_F_ADR_02_ASEReadCounter.table","NW_015090842.1:7604605",14,17,3
"CRISPLD2","s1664_F_ADR_02_ASEReadCounter.table","NW_015090842.1:7609844",35,44,9
"CRISPLD2","s1664_F_ADR_02_ASEReadCounter.table","NW_015090842.1:7609845",31,40,9
"CRISPLD2","s1664_F_ADR_02_ASEReadCounter.table","NW_015090842.1:7609883",36,47,11
"CRISPLD2","s1664_F_ADR_02_ASEReadCounter.table","NW_015090842.1:7610084",36,44,8
"CRISPLD2","s1664_F_ADR_02_ASEReadCounter.table","NW_015090842.1:7617757",43,59,16
"CRISPLD2","s1664_F_ADR_02_ASEReadCounter.table","NW_015090842.1:7617781",39,53,14
"CRISPLD2","s1664_F_ADR_02_ASEReadCounter.table","NW_015090842.1:7617790",41,56,15
"CRISPLD2","s1664_F_ADR_02_ASEReadCounter.table","NW_015090842.1:7621452",41,50,9
"CRISPLD2","s1664_F_ADR_02_ASEReadCounter.table","NW_015090842.1:7625451",65,78,13
"CRISPLD2","s1664_F_ADR_02_ASEReadCounter.table","NW_015090842.1:7626214",39,53,14
"CRISPLD2","s1664_F_ADR_02_ASEReadCounter.table","NW_015090842.1:7630784",35,43,8
"CRISPLD2","s1664_F_ADR_02_ASEReadCounter.table","NW_015090842.1:7630823",34,38,4
"CRISPLD2","s1664_F_ADR_02_ASEReadCounter.table","NW_015090842.1:7633172",40,50,10
"CRISPLD2","s1664_F_ADR_02_ASEReadCounter.table","NW_015090842.1:7633326",35,46,11
"CRISPLD2","s1664_F_ADR_02_ASEReadCounter.table","NW_015090842.1:7633336",45,59,14
"CRISPLD2","s1664_F_ADR_02_ASEReadCounter.table","NW_015090842.1:7633381",47,60,13
"CRISPLD2","s1664_F_ADR_02_ASEReadCounter.table","NW_015090842.1:7633388",50,63,13
"CRISPLD2","s1664_F_ADR_02_ASEReadCounter.table","NW_015090842.1:7633400",51,64,13
"CRISPLD2","s1664_F_ADR_02_ASEReadCounter.table","NW_015090842.1:7633486",52,62,10
"CRISPLD2","s1664_F_ADR_02_ASEReadCounter.table","NW_015090842.1:7633503",57,64,7
"CRISPLD2","s1664_F_ADR_02_ASEReadCounter.table","NW_015090842.1:7633504",56,63,7
"CRISPLD2","s1664_F_ADR_02_ASEReadCounter.table","NW_015090842.1:7633557",55,67,12
"CRISPLD2","s1664_F_ADR_02_ASEReadCounter.table","NW_015090842.1:7633571",51,63,12
"CRISPLD2","s1664_F_ADR_02_ASEReadCounter.table","NW_015090842.1:7633588",49,61,12
"CRISPLD2","s1664_F_ADR_02_ASEReadCounter.table","NW_015090842.1:7633617",54,65,11
"CRISPLD2","s1664_F_ADR_02_ASEReadCounter.table","NW_015090842.1:7633695",68,75,7
"CRISPLD2","s1664_F_ADR_02_ASEReadCounter.table","NW_015090842.1:7633721",64,71,7
"CRISPLD2","s1664_F_ADR_02_ASEReadCounter.table","NW_015090842.1:7633888",43,46,3
"CRISPLD2","s1664_F_ADR_02_ASEReadCounter.table","NW_015090842.1:7633910",42,43,1
"CRISPLD2","s1664_F_ADR_02_ASEReadCounter.table","NW_015090842.1:7634142",41,43,2
"CRISPLD2","s1664_F_ADR_02_ASEReadCounter.table","NW_015090842.1:7634417",35,38,3
"CRISPLD2","s1664_F_ADR_02_ASEReadCounter.table","NW_015090842.1:7634825",43,49,6
"CRISPLD2","s1664_F_ADR_02_ASEReadCounter.table","NW_015090842.1:7634852",38,44,6
"CRISPLD2","s1664_F_ADR_02_ASEReadCounter.table","NW_015090842.1:7635009",42,49,7
"CRISPLD2","s1664_F_ADR_02_ASEReadCounter.table","NW_015090842.1:7635208",65,71,6
"CRISPLD2","s1664_F_ADR_02_ASEReadCounter.table","NW_015090842.1:7635373",58,68,10
"CRISPLD2","s1664_F_ADR_02_ASEReadCounter.table","NW_015090842.1:7635525",55,65,10
"CRISPLD2","s1664_F_ADR_02_ASEReadCounter.table","NW_015090842.1:7635583",47,56,9
"CRISPLD2","s1664_F_ADR_02_ASEReadCounter.table","NW_015090842.1:7635924",63,74,11
"LOC106888312","s1664_F_ADR_02_ASEReadCounter.table","NW_015090842.1:7713031",1,1,0
"LOC106888312","s1664_F_ADR_02_ASEReadCounter.table","NW_015090842.1:7727001",1,2,1
"LOC106888312","s1664_F_ADR_02_ASEReadCounter.table","NW_015090842.1:7727036",0,1,1
"LOC106888312","s1664_F_ADR_02_ASEReadCounter.table","NW_015090842.1:7727072",0,1,1
"LOC106888312","s1664_F_ADR_02_ASEReadCounter.table","NW_015090842.1:7727961",0,1,1
"LOC106888312","s1664_F_ADR_02_ASEReadCounter.table","NW_015090842.1:7731961",1,1,0
"LOC106888312","s1664_F_ADR_02_ASEReadCounter.table","NW_015090842.1:7732244",2,6,4
"LOC106888312","s1664_F_ADR_02_ASEReadCounter.table","NW_015090842.1:7732443",1,3,2
"LOC106888312","s1664_F_ADR_02_ASEReadCounter.table","NW_015090842.1:7732444",1,3,2
"LOC106888312","s1664_F_ADR_02_ASEReadCounter.table","NW_015090842.1:7732538",1,4,3
"LOC106888312","s1664_F_ADR_02_ASEReadCounter.table","NW_015090842.1:7732548",1,3,2
"LOC106888312","s1664_F_ADR_02_ASEReadCounter.table","NW_015090842.1:7732576",1,2,1
"LOC106888312","s1664_F_ADR_02_ASEReadCounter.table","NW_015090842.1:7732580",1,2,1
"LOC106888312","s1664_F_ADR_02_ASEReadCounter.table","NW_015090842.1:7732629",0,2,2
"LOC106888312","s1664_F_ADR_02_ASEReadCounter.table","NW_015090842.1:7732630",0,2,2
"LOC106888312","s1664_F_ADR_02_ASEReadCounter.table","NW_015090842.1:7732637",0,2,2
"LOC106888312","s1664_F_ADR_02_ASEReadCounter.table","NW_015090842.1:7732682",0,3,3
"LOC106888312","s1664_F_ADR_02_ASEReadCounter.table","NW_015090842.1:7732696",1,4,3
"LOC106888312","s1664_F_ADR_02_ASEReadCounter.table","NW_015090842.1:7732709",0,4,4
"LOC106888312","s1664_F_ADR_02_ASEReadCounter.table","NW_015090842.1:7732718",1,5,4
"LOC106888312","s1664_F_ADR_02_ASEReadCounter.table","NW_015090842.1:7732739",1,5,4
"LOC106888312","s1664_F_ADR_02_ASEReadCounter.table","NW_015090842.1:7732743",1,5,4
"LOC106888312","s1664_F_ADR_02_ASEReadCounter.table","NW_015090842.1:7732744",1,5,4
"LOC106888312","s1664_F_ADR_02_ASEReadCounter.table","NW_015090842.1:7732756",1,4,3
"LOC106888312","s1664_F_ADR_02_ASEReadCounter.table","NW_015090842.1:7732757",1,4,3
"LOC106888312","s1664_F_ADR_02_ASEReadCounter.table","NW_015090842.1:7732782",1,3,2
"LOC106888312","s1664_F_ADR_02_ASEReadCounter.table","NW_015090842.1:7732796",0,2,2
"LOC106888312","s1664_F_ADR_02_ASEReadCounter.table","NW_015090842.1:7732860",0,1,1
"LOC106888312","s1664_F_ADR_02_ASEReadCounter.table","NW_015090842.1:7732861",0,1,1
"LOC106888312","s1664_F_ADR_02_ASEReadCounter.table","NW_015090842.1:7732918",0,1,1
"LOC106888312","s1664_F_ADR_02_ASEReadCounter.table","NW_015090842.1:7732997",0,1,1
"LOC106888312","s1664_F_ADR_02_ASEReadCounter.table","NW_015090842.1:7733046",0,1,1
"LOC106888312","s1664_F_ADR_02_ASEReadCounter.table","NW_015090842.1:7733068",0,2,2
"LOC106888312","s1664_F_ADR_02_ASEReadCounter.table","NW_015090842.1:7733077",0,1,1
"LOC106888312","s1664_F_ADR_02_ASEReadCounter.table","NW_015090842.1:7733096",0,3,3
"LOC106888312","s1664_F_ADR_02_ASEReadCounter.table","NW_015090842.1:7733142",0,3,3
"LOC106888312","s1664_F_ADR_02_ASEReadCounter.table","NW_015090842.1:7733196",0,2,2
"LOC106888312","s1664_F_ADR_02_ASEReadCounter.table","NW_015090842.1:7733299",1,4,3
"LOC106888312","s1664_F_ADR_02_ASEReadCounter.table","NW_015090842.1:7733470",0,2,2
"LOC106888312","s1664_F_ADR_02_ASEReadCounter.table","NW_015090842.1:7733471",0,2,2
"LOC106888312","s1664_F_ADR_02_ASEReadCounter.table","NW_015090842.1:7733472",0,2,2
"LOC106888312","s1664_F_ADR_02_ASEReadCounter.table","NW_015090842.1:7733507",1,3,2
"LOC106888312","s1664_F_ADR_02_ASEReadCounter.table","NW_015090842.1:7733508",1,3,2
"LOC106888312","s1664_F_ADR_02_ASEReadCounter.table","NW_015090842.1:7733518",0,2,2
"LOC106888312","s1664_F_ADR_02_ASEReadCounter.table","NW_015090842.1:7733609",0,3,3
"LOC106888312","s1664_F_ADR_02_ASEReadCounter.table","NW_015090842.1:7733631",0,3,3
"LOC106888312","s1664_F_ADR_02_ASEReadCounter.table","NW_015090842.1:7733674",1,4,3
"ZDHHC7","s1664_F_ADR_02_ASEReadCounter.table","NW_015090842.1:7737199",56,114,58
"ZDHHC7","s1664_F_ADR_02_ASEReadCounter.table","NW_015090842.1:7737332",35,86,51
"ZDHHC7","s1664_F_ADR_02_ASEReadCounter.table","NW_015090842.1:7737553",87,166,79
"ZDHHC7","s1664_F_ADR_02_ASEReadCounter.table","NW_015090842.1:7737920",66,135,69
"ZDHHC7","s1664_F_ADR_02_ASEReadCounter.table","NW_015090842.1:7737953",63,129,66
"ZDHHC7","s1664_F_ADR_02_ASEReadCounter.table","NW_015090842.1:7737987",63,139,76
"ZDHHC7","s1664_F_ADR_02_ASEReadCounter.table","NW_015090842.1:7738068",44,117,73
"ZDHHC7","s1664_F_ADR_02_ASEReadCounter.table","NW_015090842.1:7738204",56,145,89
"LOC106888097","s1664_F_ADR_02_ASEReadCounter.table","NW_015090842.1:7767178",35,125,90
"LOC106888097","s1664_F_ADR_02_ASEReadCounter.table","NW_015090842.1:7767187",32,120,88
"LOC106888097","s1664_F_ADR_02_ASEReadCounter.table","NW_015090842.1:7768144",39,155,116
"LOC106888097","s1664_F_ADR_02_ASEReadCounter.table","NW_015090842.1:7768196",44,178,134
"LOC106888097","s1664_F_ADR_02_ASEReadCounter.table","NW_015090842.1:7769884",44,155,111
"LOC106888097","s1664_F_ADR_02_ASEReadCounter.table","NW_015090842.1:7769893",41,137,96
"LOC106888097","s1664_F_ADR_02_ASEReadCounter.table","NW_015090842.1:7770245",51,187,136
"LOC106888097","s1664_F_ADR_02_ASEReadCounter.table","NW_015090842.1:7772402",62,197,135
"LOC106888097","s1664_F_ADR_02_ASEReadCounter.table","NW_015090842.1:7772483",64,205,141
"LOC106888097","s1664_F_ADR_02_ASEReadCounter.table","NW_015090842.1:7772490",59,200,141
"LOC106888097","s1664_F_ADR_02_ASEReadCounter.table","NW_015090842.1:7774281",76,225,149
"LOC106888097","s1664_F_ADR_02_ASEReadCounter.table","NW_015090842.1:7774552",60,252,192
"LOC106888097","s1664_F_ADR_02_ASEReadCounter.table","NW_015090842.1:7774564",58,248,190
"LOC106888097","s1664_F_ADR_02_ASEReadCounter.table","NW_015090842.1:7774611",34,219,185
"LOC106888097","s1664_F_ADR_02_ASEReadCounter.table","NW_015090842.1:7774681",41,187,146
"LOC106888097","s1664_F_ADR_02_ASEReadCounter.table","NW_015090842.1:7774698",38,158,120
"LOC106888097","s1664_F_ADR_02_ASEReadCounter.table","NW_015090842.1:7774730",24,95,71
"LOC106888097","s1664_F_ADR_02_ASEReadCounter.table","NW_015090842.1:7774778",7,9,2
"LOC106888097","s1664_F_ADR_02_ASEReadCounter.table","NW_015090842.1:7774793",9,11,2
"FOXC2","s1664_F_ADR_02_ASEReadCounter.table","NW_015090842.1:8129599",22,42,20
"FOXC2","s1664_F_ADR_02_ASEReadCounter.table","NW_015090842.1:8129616",21,50,29
"FOXC2","s1664_F_ADR_02_ASEReadCounter.table","NW_015090842.1:8129715",22,46,24
"FOXC2","s1664_F_ADR_02_ASEReadCounter.table","NW_015090842.1:8129719",21,44,23
"FOXC2","s1664_F_ADR_02_ASEReadCounter.table","NW_015090842.1:8130244",11,34,23
"FOXC2","s1664_F_ADR_02_ASEReadCounter.table","NW_015090842.1:8130472",14,31,17
"FOXC2","s1664_F_ADR_02_ASEReadCounter.table","NW_015090842.1:8130490",12,23,11
"FOXC2","s1664_F_ADR_02_ASEReadCounter.table","NW_015090842.1:8130547",12,21,9
"FOXC2","s1664_F_ADR_02_ASEReadCounter.table","NW_015090842.1:8130550",12,21,9
"FOXC2","s1664_F_ADR_02_ASEReadCounter.table","NW_015090842.1:8130573",13,22,9
"FOXC2","s1664_F_ADR_02_ASEReadCounter.table","NW_015090842.1:8130575",13,21,8
"MTHFSD","s1664_F_ADR_02_ASEReadCounter.table","NW_015090842.1:8140051",35,99,64
"MTHFSD","s1664_F_ADR_02_ASEReadCounter.table","NW_015090842.1:8142923",49,118,69
"MTHFSD","s1664_F_ADR_02_ASEReadCounter.table","NW_015090842.1:8143029",51,127,76
"MTHFSD","s1664_F_ADR_02_ASEReadCounter.table","NW_015090842.1:8152035",32,85,53
"MTHFSD","s1664_F_ADR_02_ASEReadCounter.table","NW_015090842.1:8152315",28,66,38
"MTHFSD","s1664_F_ADR_02_ASEReadCounter.table","NW_015090842.1:8152511",31,83,52
"MTHFSD","s1664_F_ADR_02_ASEReadCounter.table","NW_015090842.1:8152518",29,80,51
"MTHFSD","s1664_F_ADR_02_ASEReadCounter.table","NW_015090842.1:8152553",15,50,35
"MTHFSD","s1664_F_ADR_02_ASEReadCounter.table","NW_015090842.1:8152773",26,48,22
"MTHFSD","s1664_F_ADR_02_ASEReadCounter.table","NW_015090842.1:8152805",27,52,25
"FOXF1","s1664_F_ADR_02_ASEReadCounter.table","NW_015090842.1:8164789",1,18,17
"FOXF1","s1664_F_ADR_02_ASEReadCounter.table","NW_015090842.1:8166883",2,23,21
"FOXF1","s1664_F_ADR_02_ASEReadCounter.table","NW_015090842.1:8167113",0,29,29
"FOXF1","s1664_F_ADR_02_ASEReadCounter.table","NW_015090842.1:8167588",0,11,11
"IRF8","s1664_F_ADR_02_ASEReadCounter.table","NW_015090842.1:8406652",12,34,22
"IRF8","s1664_F_ADR_02_ASEReadCounter.table","NW_015090842.1:8406703",22,50,28
"IRF8","s1664_F_ADR_02_ASEReadCounter.table","NW_015090842.1:8406704",21,48,27
"IRF8","s1664_F_ADR_02_ASEReadCounter.table","NW_015090842.1:8406757",22,44,22
"IRF8","s1664_F_ADR_02_ASEReadCounter.table","NW_015090842.1:8406778",25,52,27
"IRF8","s1664_F_ADR_02_ASEReadCounter.table","NW_015090842.1:8406819",31,59,28
"IRF8","s1664_F_ADR_02_ASEReadCounter.table","NW_015090842.1:8406941",19,50,31
"IRF8","s1664_F_ADR_02_ASEReadCounter.table","NW_015090842.1:8407008",15,37,22
"IRF8","s1664_F_ADR_02_ASEReadCounter.table","NW_015090842.1:8407057",22,40,18
"IRF8","s1664_F_ADR_02_ASEReadCounter.table","NW_015090842.1:8407064",26,44,18
"IRF8","s1664_F_ADR_02_ASEReadCounter.table","NW_015090842.1:8407069",29,49,20
"IRF8","s1664_F_ADR_02_ASEReadCounter.table","NW_015090842.1:8407120",23,39,16
"IRF8","s1664_F_ADR_02_ASEReadCounter.table","NW_015090842.1:8407157",36,50,14
"IRF8","s1664_F_ADR_02_ASEReadCounter.table","NW_015090842.1:8407203",44,62,18
"IRF8","s1664_F_ADR_02_ASEReadCounter.table","NW_015090842.1:8407272",34,48,14
"IRF8","s1664_F_ADR_02_ASEReadCounter.table","NW_015090842.1:8407276",31,43,12
"IRF8","s1664_F_ADR_02_ASEReadCounter.table","NW_015090842.1:8407303",37,56,19
"IRF8","s1664_F_ADR_02_ASEReadCounter.table","NW_015090842.1:8407451",32,52,20
"IRF8","s1664_F_ADR_02_ASEReadCounter.table","NW_015090842.1:8407456",32,54,22
"IRF8","s1664_F_ADR_02_ASEReadCounter.table","NW_015090842.1:8408564",26,59,33
"IRF8","s1664_F_ADR_02_ASEReadCounter.table","NW_015090842.1:8408585",55,55,0
"IRF8","s1664_F_ADR_02_ASEReadCounter.table","NW_015090842.1:8408973",35,59,24
"IRF8","s1664_F_ADR_02_ASEReadCounter.table","NW_015090842.1:8409060",23,44,21
"IRF8","s1664_F_ADR_02_ASEReadCounter.table","NW_015090842.1:8409065",24,45,21
"IRF8","s1664_F_ADR_02_ASEReadCounter.table","NW_015090842.1:8409254",31,51,20
"IRF8","s1664_F_ADR_02_ASEReadCounter.table","NW_015090842.1:8409255",31,51,20
"IRF8","s1664_F_ADR_02_ASEReadCounter.table","NW_015090842.1:8409258",31,49,18
"IRF8","s1664_F_ADR_02_ASEReadCounter.table","NW_015090842.1:8409312",32,57,25
"IRF8","s1664_F_ADR_02_ASEReadCounter.table","NW_015090842.1:8410216",33,55,22
"IRF8","s1664_F_ADR_02_ASEReadCounter.table","NW_015090842.1:8410237",29,53,24
"IRF8","s1664_F_ADR_02_ASEReadCounter.table","NW_015090842.1:8410276",56,56,0
"IRF8","s1664_F_ADR_02_ASEReadCounter.table","NW_015090842.1:8410813",36,70,34
"IRF8","s1664_F_ADR_02_ASEReadCounter.table","NW_015090842.1:8410861",39,75,36
"IRF8","s1664_F_ADR_02_ASEReadCounter.table","NW_015090842.1:8411940",30,57,27
"IRF8","s1664_F_ADR_02_ASEReadCounter.table","NW_015090842.1:8412006",29,56,27
"IRF8","s1664_F_ADR_02_ASEReadCounter.table","NW_015090842.1:8412042",22,42,20
"DUSP15","s1664_F_ADR_02_ASEReadCounter.table","NW_015090842.1:8422787",3,5,2
"DUSP15","s1664_F_ADR_02_ASEReadCounter.table","NW_015090842.1:8422832",3,7,4
"DUSP15","s1664_F_ADR_02_ASEReadCounter.table","NW_015090842.1:8422898",4,6,2
"DUSP15","s1664_F_ADR_02_ASEReadCounter.table","NW_015090842.1:8422909",4,6,2
"COX4I1","s1664_F_ADR_02_ASEReadCounter.table","NW_015090842.1:8442258",1094,2275,1181
"COX4I1","s1664_F_ADR_02_ASEReadCounter.table","NW_015090842.1:8442333",926,1885,959
"EMC8","s1664_F_ADR_02_ASEReadCounter.table","NW_015090842.1:8444046",105,238,133
"EMC8","s1664_F_ADR_02_ASEReadCounter.table","NW_015090842.1:8444064",97,192,95
"EMC8","s1664_F_ADR_02_ASEReadCounter.table","NW_015090842.1:8452029",20,63,43
"EMC8","s1664_F_ADR_02_ASEReadCounter.table","NW_015090842.1:8452116",28,81,53
"EMC8","s1664_F_ADR_02_ASEReadCounter.table","NW_015090842.1:8452121",27,77,50
"EMC8","s1664_F_ADR_02_ASEReadCounter.table","NW_015090842.1:8452222",30,60,30
"EMC8","s1664_F_ADR_02_ASEReadCounter.table","NW_015090842.1:8452244",29,63,34
"EMC8","s1664_F_ADR_02_ASEReadCounter.table","NW_015090842.1:8452477",16,31,15
"EMC8","s1664_F_ADR_02_ASEReadCounter.table","NW_015090842.1:8452498",13,25,12
"EMC8","s1664_F_ADR_02_ASEReadCounter.table","NW_015090842.1:8452535",10,14,4
"EMC8","s1664_F_ADR_02_ASEReadCounter.table","NW_015090842.1:8452575",6,9,3
"EMC8","s1664_F_ADR_02_ASEReadCounter.table","NW_015090842.1:8452600",7,11,4
"EMC8","s1664_F_ADR_02_ASEReadCounter.table","NW_015090842.1:8452616",10,11,1
"EMC8","s1664_F_ADR_02_ASEReadCounter.table","NW_015090842.1:8452630",8,8,0
"EMC8","s1664_F_ADR_02_ASEReadCounter.table","NW_015090842.1:8452650",9,12,3
"EMC8","s1664_F_ADR_02_ASEReadCounter.table","NW_015090842.1:8452678",21,26,5
"EMC8","s1664_F_ADR_02_ASEReadCounter.table","NW_015090842.1:8452724",16,24,8
"EMC8","s1664_F_ADR_02_ASEReadCounter.table","NW_015090842.1:8452731",15,24,9
"EMC8","s1664_F_ADR_02_ASEReadCounter.table","NW_015090842.1:8452743",14,25,11
"EMC8","s1664_F_ADR_02_ASEReadCounter.table","NW_015090842.1:8452750",12,23,11
"EMC8","s1664_F_ADR_02_ASEReadCounter.table","NW_015090842.1:8452778",9,21,12
"EMC8","s1664_F_ADR_02_ASEReadCounter.table","NW_015090842.1:8452783",10,23,13
"EMC8","s1664_F_ADR_02_ASEReadCounter.table","NW_015090842.1:8452800",16,28,12
"EMC8","s1664_F_ADR_02_ASEReadCounter.table","NW_015090842.1:8452804",16,28,12
"EMC8","s1664_F_ADR_02_ASEReadCounter.table","NW_015090842.1:8452812",15,26,11
"EMC8","s1664_F_ADR_02_ASEReadCounter.table","NW_015090842.1:8452858",13,21,8
"EMC8","s1664_F_ADR_02_ASEReadCounter.table","NW_015090842.1:8452906",17,27,10
"EMC8","s1664_F_ADR_02_ASEReadCounter.table","NW_015090842.1:8452913",15,24,9
"EMC8","s1664_F_ADR_02_ASEReadCounter.table","NW_015090842.1:8453000",14,26,12
"EMC8","s1664_F_ADR_02_ASEReadCounter.table","NW_015090842.1:8453007",14,25,11
"EMC8","s1664_F_ADR_02_ASEReadCounter.table","NW_015090842.1:8453058",14,22,8
"EMC8","s1664_F_ADR_02_ASEReadCounter.table","NW_015090842.1:8453106",8,17,9
"GINS2","s1664_F_ADR_02_ASEReadCounter.table","NW_015090842.1:8466420",13,17,4
"GINS2","s1664_F_ADR_02_ASEReadCounter.table","NW_015090842.1:8466424",14,18,4
"GINS2","s1664_F_ADR_02_ASEReadCounter.table","NW_015090842.1:8466518",12,15,3
"GINS2","s1664_F_ADR_02_ASEReadCounter.table","NW_015090842.1:8468482",26,31,5
"GINS2","s1664_F_ADR_02_ASEReadCounter.table","NW_015090842.1:8470290",33,37,4
"GINS2","s1664_F_ADR_02_ASEReadCounter.table","NW_015090842.1:8470305",28,31,3
"GINS2","s1664_F_ADR_02_ASEReadCounter.table","NW_015090842.1:8470381",24,28,4
"GINS2","s1664_F_ADR_02_ASEReadCounter.table","NW_015090842.1:8470418",24,27,3
"GINS2","s1664_F_ADR_02_ASEReadCounter.table","NW_015090842.1:8470421",21,24,3
"GINS2","s1664_F_ADR_02_ASEReadCounter.table","NW_015090842.1:8470430",14,17,3
"GINS2","s1664_F_ADR_02_ASEReadCounter.table","NW_015090842.1:8470433",14,17,3
"GINS2","s1664_F_ADR_02_ASEReadCounter.table","NW_015090842.1:8470457",9,10,1
"GINS2","s1664_F_ADR_02_ASEReadCounter.table","NW_015090842.1:8470491",7,10,3
"GINS2","s1664_F_ADR_02_ASEReadCounter.table","NW_015090842.1:8470548",17,22,5
"GINS2","s1664_F_ADR_02_ASEReadCounter.table","NW_015090842.1:8470649",19,23,4
"GSE1","s1664_F_ADR_02_ASEReadCounter.table","NW_015090842.1:8475362",38,71,33
"GSE1","s1664_F_ADR_02_ASEReadCounter.table","NW_015090842.1:8475961",29,37,8
"GSE1","s1664_F_ADR_02_ASEReadCounter.table","NW_015090842.1:8476027",17,25,8
"GSE1","s1664_F_ADR_02_ASEReadCounter.table","NW_015090842.1:8476159",2,5,3
"GSE1","s1664_F_ADR_02_ASEReadCounter.table","NW_015090842.1:8477442",0,19,19
"GSE1","s1664_F_ADR_02_ASEReadCounter.table","NW_015090842.1:8477448",0,19,19
"GSE1","s1664_F_ADR_02_ASEReadCounter.table","NW_015090842.1:8477662",1,16,15
"GSE1","s1664_F_ADR_02_ASEReadCounter.table","NW_015090842.1:8477933",12,32,20
"GSE1","s1664_F_ADR_02_ASEReadCounter.table","NW_015090842.1:8477945",12,29,17
"GSE1","s1664_F_ADR_02_ASEReadCounter.table","NW_015090842.1:8483272",2,30,28
"GSE1","s1664_F_ADR_02_ASEReadCounter.table","NW_015090842.1:8483367",2,13,11
"GSE1","s1664_F_ADR_02_ASEReadCounter.table","NW_015090842.1:8483411",3,9,6
"GSE1","s1664_F_ADR_02_ASEReadCounter.table","NW_015090842.1:8483756",1,23,22
"GSE1","s1664_F_ADR_02_ASEReadCounter.table","NW_015090842.1:8486867",26,57,31
"GSE1","s1664_F_ADR_02_ASEReadCounter.table","NW_015090842.1:8486939",32,81,49
"GSE1","s1664_F_ADR_02_ASEReadCounter.table","NW_015090842.1:8486945",33,81,48
"GSE1","s1664_F_ADR_02_ASEReadCounter.table","NW_015090842.1:8486993",26,57,31
"GSE1","s1664_F_ADR_02_ASEReadCounter.table","NW_015090842.1:8487062",32,65,33
"GSE1","s1664_F_ADR_02_ASEReadCounter.table","NW_015090842.1:8488065",16,42,26
"GSE1","s1664_F_ADR_02_ASEReadCounter.table","NW_015090842.1:8488457",17,38,21
"GSE1","s1664_F_ADR_02_ASEReadCounter.table","NW_015090842.1:8488463",16,37,21
"GSE1","s1664_F_ADR_02_ASEReadCounter.table","NW_015090842.1:8488490",34,34,0
"GSE1","s1664_F_ADR_02_ASEReadCounter.table","NW_015090842.1:8488505",14,37,23
"GSE1","s1664_F_ADR_02_ASEReadCounter.table","NW_015090842.1:8490180",13,35,22
"KIAA0513","s1664_F_ADR_02_ASEReadCounter.table","NW_015090842.1:8668363",176,336,160
"KIAA0513","s1664_F_ADR_02_ASEReadCounter.table","NW_015090842.1:8668387",195,344,149
"KIAA0513","s1664_F_ADR_02_ASEReadCounter.table","NW_015090842.1:8668390",193,340,147
"KIAA0513","s1664_F_ADR_02_ASEReadCounter.table","NW_015090842.1:8673107",181,341,160
"KIAA0513","s1664_F_ADR_02_ASEReadCounter.table","NW_015090842.1:8673147",183,352,169
"KIAA0513","s1664_F_ADR_02_ASEReadCounter.table","NW_015090842.1:8674661",135,287,152
"KIAA0513","s1664_F_ADR_02_ASEReadCounter.table","NW_015090842.1:8674685",141,293,152
"KIAA0513","s1664_F_ADR_02_ASEReadCounter.table","NW_015090842.1:8674730",128,293,165
"KIAA0513","s1664_F_ADR_02_ASEReadCounter.table","NW_015090842.1:8675525",142,284,142
"KIAA0513","s1664_F_ADR_02_ASEReadCounter.table","NW_015090842.1:8675561",131,262,131
"KIAA0513","s1664_F_ADR_02_ASEReadCounter.table","NW_015090842.1:8678608",2,50,48
"KIAA0513","s1664_F_ADR_02_ASEReadCounter.table","NW_015090842.1:8686455",0,18,18
"KIAA0513","s1664_F_ADR_02_ASEReadCounter.table","NW_015090842.1:8686508",0,20,20
"KIAA0513","s1664_F_ADR_02_ASEReadCounter.table","NW_015090842.1:8686521",0,20,20
"KIAA0513","s1664_F_ADR_02_ASEReadCounter.table","NW_015090842.1:8693642",39,72,33
"KIAA0513","s1664_F_ADR_02_ASEReadCounter.table","NW_015090842.1:8693712",38,76,38
"KIAA0513","s1664_F_ADR_02_ASEReadCounter.table","NW_015090842.1:8695794",0,2,2
"FBXO31","s1664_F_ADR_02_ASEReadCounter.table","NW_015090842.1:8710240",35,97,62
"FBXO31","s1664_F_ADR_02_ASEReadCounter.table","NW_015090842.1:8710372",54,108,54
"FBXO31","s1664_F_ADR_02_ASEReadCounter.table","NW_015090842.1:8711239",48,139,91
"FBXO31","s1664_F_ADR_02_ASEReadCounter.table","NW_015090842.1:8714565",66,144,78
"FBXO31","s1664_F_ADR_02_ASEReadCounter.table","NW_015090842.1:8716001",57,118,61
"FBXO31","s1664_F_ADR_02_ASEReadCounter.table","NW_015090842.1:8725050",3,3,0
"FBXO31","s1664_F_ADR_02_ASEReadCounter.table","NW_015090842.1:8725057",4,4,0
"FBXO31","s1664_F_ADR_02_ASEReadCounter.table","NW_015090842.1:8725162",5,6,1
"FBXO31","s1664_F_ADR_02_ASEReadCounter.table","NW_015090842.1:8725163",5,6,1
"FBXO31","s1664_F_ADR_02_ASEReadCounter.table","NW_015090842.1:8725170",5,6,1
"FBXO31","s1664_F_ADR_02_ASEReadCounter.table","NW_015090842.1:8725187",5,6,1
"FBXO31","s1664_F_ADR_02_ASEReadCounter.table","NW_015090842.1:8725188",5,6,1
"FBXO31","s1664_F_ADR_02_ASEReadCounter.table","NW_015090842.1:8725190",5,6,1
"FBXO31","s1664_F_ADR_02_ASEReadCounter.table","NW_015090842.1:8725370",4,4,0
"ZCCHC14","s1664_F_ADR_02_ASEReadCounter.table","NW_015090842.1:8750174",11,25,14
"ZCCHC14","s1664_F_ADR_02_ASEReadCounter.table","NW_015090842.1:8750189",17,32,15
"ZCCHC14","s1664_F_ADR_02_ASEReadCounter.table","NW_015090842.1:8750365",25,37,12
"ZCCHC14","s1664_F_ADR_02_ASEReadCounter.table","NW_015090842.1:8750433",19,33,14
"ZCCHC14","s1664_F_ADR_02_ASEReadCounter.table","NW_015090842.1:8750449",18,35,17
"ZCCHC14","s1664_F_ADR_02_ASEReadCounter.table","NW_015090842.1:8750456",18,38,20
"ZCCHC14","s1664_F_ADR_02_ASEReadCounter.table","NW_015090842.1:8750497",21,48,27
"ZCCHC14","s1664_F_ADR_02_ASEReadCounter.table","NW_015090842.1:8750547",23,52,29
"ZCCHC14","s1664_F_ADR_02_ASEReadCounter.table","NW_015090842.1:8751100",9,15,6
"ZCCHC14","s1664_F_ADR_02_ASEReadCounter.table","NW_015090842.1:8751374",20,36,16
"ZCCHC14","s1664_F_ADR_02_ASEReadCounter.table","NW_015090842.1:8751403",16,36,20
"ZCCHC14","s1664_F_ADR_02_ASEReadCounter.table","NW_015090842.1:8751517",19,31,12
"ZCCHC14","s1664_F_ADR_02_ASEReadCounter.table","NW_015090842.1:8752060",18,25,7
"ZCCHC14","s1664_F_ADR_02_ASEReadCounter.table","NW_015090842.1:8752172",23,40,17
"ZCCHC14","s1664_F_ADR_02_ASEReadCounter.table","NW_015090842.1:8752183",22,38,16
"ZCCHC14","s1664_F_ADR_02_ASEReadCounter.table","NW_015090842.1:8752198",24,46,22
"ZCCHC14","s1664_F_ADR_02_ASEReadCounter.table","NW_015090842.1:8752248",24,53,29
"ZCCHC14","s1664_F_ADR_02_ASEReadCounter.table","NW_015090842.1:8752326",25,47,22
"ZCCHC14","s1664_F_ADR_02_ASEReadCounter.table","NW_015090842.1:8752393",20,40,20
"ZCCHC14","s1664_F_ADR_02_ASEReadCounter.table","NW_015090842.1:8752914",18,34,16
"ZCCHC14","s1664_F_ADR_02_ASEReadCounter.table","NW_015090842.1:8753528",9,18,9
"ZCCHC14","s1664_F_ADR_02_ASEReadCounter.table","NW_015090842.1:8753892",11,23,12
"ZCCHC14","s1664_F_ADR_02_ASEReadCounter.table","NW_015090842.1:8753910",10,23,13
"ZCCHC14","s1664_F_ADR_02_ASEReadCounter.table","NW_015090842.1:8755096",16,35,19
"ZCCHC14","s1664_F_ADR_02_ASEReadCounter.table","NW_015090842.1:8755327",10,22,12
"ZCCHC14","s1664_F_ADR_02_ASEReadCounter.table","NW_015090842.1:8755723",10,26,16
"ZCCHC14","s1664_F_ADR_02_ASEReadCounter.table","NW_015090842.1:8755739",10,24,14
"ZCCHC14","s1664_F_ADR_02_ASEReadCounter.table","NW_015090842.1:8756149",10,18,8
"ZCCHC14","s1664_F_ADR_02_ASEReadCounter.table","NW_015090842.1:8756347",10,18,8
"ZCCHC14","s1664_F_ADR_02_ASEReadCounter.table","NW_015090842.1:8756361",8,16,8
"ZCCHC14","s1664_F_ADR_02_ASEReadCounter.table","NW_015090842.1:8756388",8,16,8
"ZCCHC14","s1664_F_ADR_02_ASEReadCounter.table","NW_015090842.1:8756389",8,16,8
"ZCCHC14","s1664_F_ADR_02_ASEReadCounter.table","NW_015090842.1:8757160",13,23,10
"ZCCHC14","s1664_F_ADR_02_ASEReadCounter.table","NW_015090842.1:8804511",13,22,9
"ZCCHC14","s1664_F_ADR_02_ASEReadCounter.table","NW_015090842.1:8804979",4,7,3
"JPH3","s1664_F_ADR_02_ASEReadCounter.table","NW_015090842.1:8845375",11,27,16
"JPH3","s1664_F_ADR_02_ASEReadCounter.table","NW_015090842.1:8845640",13,35,22
"JPH3","s1664_F_ADR_02_ASEReadCounter.table","NW_015090842.1:8845654",15,34,19
"JPH3","s1664_F_ADR_02_ASEReadCounter.table","NW_015090842.1:8872283",17,40,23
"JPH3","s1664_F_ADR_02_ASEReadCounter.table","NW_015090842.1:8872294",14,38,24
"JPH3","s1664_F_ADR_02_ASEReadCounter.table","NW_015090842.1:8872730",16,43,27
"JPH3","s1664_F_ADR_02_ASEReadCounter.table","NW_015090842.1:8885260",27,47,20
"JPH3","s1664_F_ADR_02_ASEReadCounter.table","NW_015090842.1:8885315",24,43,19
"JPH3","s1664_F_ADR_02_ASEReadCounter.table","NW_015090842.1:8885328",19,35,16
"JPH3","s1664_F_ADR_02_ASEReadCounter.table","NW_015090842.1:8885438",16,29,13
"JPH3","s1664_F_ADR_02_ASEReadCounter.table","NW_015090842.1:8885525",8,15,7
"KLHDC4","s1664_F_ADR_02_ASEReadCounter.table","NW_015090842.1:8890729",44,64,20
"KLHDC4","s1664_F_ADR_02_ASEReadCounter.table","NW_015090842.1:8890749",49,69,20
"KLHDC4","s1664_F_ADR_02_ASEReadCounter.table","NW_015090842.1:8890761",48,69,21
"KLHDC4","s1664_F_ADR_02_ASEReadCounter.table","NW_015090842.1:8891123",88,131,43
"KLHDC4","s1664_F_ADR_02_ASEReadCounter.table","NW_015090842.1:8893124",84,123,39
"KLHDC4","s1664_F_ADR_02_ASEReadCounter.table","NW_015090842.1:8894542",61,94,33
"KLHDC4","s1664_F_ADR_02_ASEReadCounter.table","NW_015090842.1:8896726",78,111,33
"KLHDC4","s1664_F_ADR_02_ASEReadCounter.table","NW_015090842.1:8896767",64,98,34
"KLHDC4","s1664_F_ADR_02_ASEReadCounter.table","NW_015090842.1:8904174",64,94,30
"KLHDC4","s1664_F_ADR_02_ASEReadCounter.table","NW_015090842.1:8904231",51,81,30
"KLHDC4","s1664_F_ADR_02_ASEReadCounter.table","NW_015090842.1:8905251",51,84,33
"KLHDC4","s1664_F_ADR_02_ASEReadCounter.table","NW_015090842.1:8905263",45,80,35
"KLHDC4","s1664_F_ADR_02_ASEReadCounter.table","NW_015090842.1:8919626",12,17,5
"SLC7A5","s1664_F_ADR_02_ASEReadCounter.table","NW_015090842.1:8938782",50,120,70
"SLC7A5","s1664_F_ADR_02_ASEReadCounter.table","NW_015090842.1:8938943",53,119,66
"SLC7A5","s1664_F_ADR_02_ASEReadCounter.table","NW_015090842.1:8939611",31,59,28
"SLC7A5","s1664_F_ADR_02_ASEReadCounter.table","NW_015090842.1:8939738",31,80,49
"SLC7A5","s1664_F_ADR_02_ASEReadCounter.table","NW_015090842.1:8939739",31,80,49
"SLC7A5","s1664_F_ADR_02_ASEReadCounter.table","NW_015090842.1:8939740",31,83,52
"SLC7A5","s1664_F_ADR_02_ASEReadCounter.table","NW_015090842.1:8939795",40,91,51
"SLC7A5","s1664_F_ADR_02_ASEReadCounter.table","NW_015090842.1:8939815",40,97,57
"SLC7A5","s1664_F_ADR_02_ASEReadCounter.table","NW_015090842.1:8939816",40,95,55
"SLC7A5","s1664_F_ADR_02_ASEReadCounter.table","NW_015090842.1:8939817",40,103,63
"SLC7A5","s1664_F_ADR_02_ASEReadCounter.table","NW_015090842.1:8939845",36,96,60
"SLC7A5","s1664_F_ADR_02_ASEReadCounter.table","NW_015090842.1:8939894",31,97,66
"SLC7A5","s1664_F_ADR_02_ASEReadCounter.table","NW_015090842.1:8939895",31,94,63
"SLC7A5","s1664_F_ADR_02_ASEReadCounter.table","NW_015090842.1:8939997",146,146,0
"SLC7A5","s1664_F_ADR_02_ASEReadCounter.table","NW_015090842.1:8940172",49,127,78
"SLC7A5","s1664_F_ADR_02_ASEReadCounter.table","NW_015090842.1:8940331",33,79,46
"SLC7A5","s1664_F_ADR_02_ASEReadCounter.table","NW_015090842.1:8940696",39,74,35
"SLC7A5","s1664_F_ADR_02_ASEReadCounter.table","NW_015090842.1:8940719",22,79,57
"SLC7A5","s1664_F_ADR_02_ASEReadCounter.table","NW_015090842.1:8940737",27,89,62
"SLC7A5","s1664_F_ADR_02_ASEReadCounter.table","NW_015090842.1:8940743",28,91,63
"SLC7A5","s1664_F_ADR_02_ASEReadCounter.table","NW_015090842.1:8940766",29,93,64
"SLC7A5","s1664_F_ADR_02_ASEReadCounter.table","NW_015090842.1:8940769",31,99,68
"SLC7A5","s1664_F_ADR_02_ASEReadCounter.table","NW_015090842.1:8940861",42,103,61
"SLC7A5","s1664_F_ADR_02_ASEReadCounter.table","NW_015090842.1:8941068",60,117,57
"SLC7A5","s1664_F_ADR_02_ASEReadCounter.table","NW_015090842.1:8941467",37,104,67
"SLC7A5","s1664_F_ADR_02_ASEReadCounter.table","NW_015090842.1:8941531",35,93,58
"SLC7A5","s1664_F_ADR_02_ASEReadCounter.table","NW_015090842.1:8941588",37,124,87
"SLC7A5","s1664_F_ADR_02_ASEReadCounter.table","NW_015090842.1:8941698",39,90,51
"SLC7A5","s1664_F_ADR_02_ASEReadCounter.table","NW_015090842.1:8941717",43,98,55
"SLC7A5","s1664_F_ADR_02_ASEReadCounter.table","NW_015090842.1:8941745",37,104,67
"SLC7A5","s1664_F_ADR_02_ASEReadCounter.table","NW_015090842.1:8941781",41,123,82
"SLC7A5","s1664_F_ADR_02_ASEReadCounter.table","NW_015090842.1:8941887",33,68,35
"SLC7A5","s1664_F_ADR_02_ASEReadCounter.table","NW_015090842.1:8941968",23,60,37
"SLC7A5","s1664_F_ADR_02_ASEReadCounter.table","NW_015090842.1:8942025",33,76,43
"SLC7A5","s1664_F_ADR_02_ASEReadCounter.table","NW_015090842.1:8942069",34,95,61
"SLC7A5","s1664_F_ADR_02_ASEReadCounter.table","NW_015090842.1:8942170",35,87,52
"SLC7A5","s1664_F_ADR_02_ASEReadCounter.table","NW_015090842.1:8942241",37,99,62
"SLC7A5","s1664_F_ADR_02_ASEReadCounter.table","NW_015090842.1:8942283",35,92,57
"SLC7A5","s1664_F_ADR_02_ASEReadCounter.table","NW_015090842.1:8942717",50,127,77
"SLC7A5","s1664_F_ADR_02_ASEReadCounter.table","NW_015090842.1:8942756",57,132,75
"SLC7A5","s1664_F_ADR_02_ASEReadCounter.table","NW_015090842.1:8942766",56,137,81
"SLC7A5","s1664_F_ADR_02_ASEReadCounter.table","NW_015090842.1:8943271",43,100,57
"SLC7A5","s1664_F_ADR_02_ASEReadCounter.table","NW_015090842.1:8943524",42,96,54
"SLC7A5","s1664_F_ADR_02_ASEReadCounter.table","NW_015090842.1:8943530",44,96,52
"SLC7A5","s1664_F_ADR_02_ASEReadCounter.table","NW_015090842.1:8943602",46,97,51
"SLC7A5","s1664_F_ADR_02_ASEReadCounter.table","NW_015090842.1:8943622",40,99,59
"SLC7A5","s1664_F_ADR_02_ASEReadCounter.table","NW_015090842.1:8943661",51,123,72
"SLC7A5","s1664_F_ADR_02_ASEReadCounter.table","NW_015090842.1:8943686",42,113,71
"SLC7A5","s1664_F_ADR_02_ASEReadCounter.table","NW_015090842.1:8943788",51,103,52
"SLC7A5","s1664_F_ADR_02_ASEReadCounter.table","NW_015090842.1:8943814",44,96,52
"SLC7A5","s1664_F_ADR_02_ASEReadCounter.table","NW_015090842.1:8943876",32,90,58
"SLC7A5","s1664_F_ADR_02_ASEReadCounter.table","NW_015090842.1:8943892",33,95,62
"SLC7A5","s1664_F_ADR_02_ASEReadCounter.table","NW_015090842.1:8944097",38,99,61
"SLC7A5","s1664_F_ADR_02_ASEReadCounter.table","NW_015090842.1:8944104",37,99,62
"SLC7A5","s1664_F_ADR_02_ASEReadCounter.table","NW_015090842.1:8944293",25,72,47
"SLC7A5","s1664_F_ADR_02_ASEReadCounter.table","NW_015090842.1:8944297",21,67,46
"SLC7A5","s1664_F_ADR_02_ASEReadCounter.table","NW_015090842.1:8944397",29,70,41
"SLC7A5","s1664_F_ADR_02_ASEReadCounter.table","NW_015090842.1:8944552",45,100,55
"SLC7A5","s1664_F_ADR_02_ASEReadCounter.table","NW_015090842.1:8944629",43,103,60
"CA5A","s1664_F_ADR_02_ASEReadCounter.table","NW_015090842.1:8989479",70,131,61
"CA5A","s1664_F_ADR_02_ASEReadCounter.table","NW_015090842.1:8989562",115,179,64
"CA5A","s1664_F_ADR_02_ASEReadCounter.table","NW_015090842.1:8989609",130,205,75
"CA5A","s1664_F_ADR_02_ASEReadCounter.table","NW_015090842.1:8989693",119,218,99
"CA5A","s1664_F_ADR_02_ASEReadCounter.table","NW_015090842.1:8989702",126,220,94
"CA5A","s1664_F_ADR_02_ASEReadCounter.table","NW_015090842.1:8989746",122,226,104
"CA5A","s1664_F_ADR_02_ASEReadCounter.table","NW_015090842.1:8989880",123,226,103
"CA5A","s1664_F_ADR_02_ASEReadCounter.table","NW_015090842.1:8989885",126,231,105
"CA5A","s1664_F_ADR_02_ASEReadCounter.table","NW_015090842.1:8989929",123,226,103
"CA5A","s1664_F_ADR_02_ASEReadCounter.table","NW_015090842.1:8990002",111,209,98
"CA5A","s1664_F_ADR_02_ASEReadCounter.table","NW_015090842.1:8990004",111,209,98
"CA5A","s1664_F_ADR_02_ASEReadCounter.table","NW_015090842.1:8990005",111,208,97
"CA5A","s1664_F_ADR_02_ASEReadCounter.table","NW_015090842.1:8990017",104,201,97
"CA5A","s1664_F_ADR_02_ASEReadCounter.table","NW_015090842.1:8990043",84,164,80
"CA5A","s1664_F_ADR_02_ASEReadCounter.table","NW_015090842.1:8990060",177,177,0
"CA5A","s1664_F_ADR_02_ASEReadCounter.table","NW_015090842.1:8990080",72,164,92
"CA5A","s1664_F_ADR_02_ASEReadCounter.table","NW_015090842.1:8990084",76,170,94
"CA5A","s1664_F_ADR_02_ASEReadCounter.table","NW_015090842.1:8990090",74,167,93
"CA5A","s1664_F_ADR_02_ASEReadCounter.table","NW_015090842.1:8990095",83,174,91
"CA5A","s1664_F_ADR_02_ASEReadCounter.table","NW_015090842.1:8990111",83,178,95
"CA5A","s1664_F_ADR_02_ASEReadCounter.table","NW_015090842.1:8990112",82,175,93
"CA5A","s1664_F_ADR_02_ASEReadCounter.table","NW_015090842.1:8990115",96,189,93
"CA5A","s1664_F_ADR_02_ASEReadCounter.table","NW_015090842.1:8990166",98,184,86
"CA5A","s1664_F_ADR_02_ASEReadCounter.table","NW_015090842.1:8990169",107,189,82
"CA5A","s1664_F_ADR_02_ASEReadCounter.table","NW_015090842.1:8990193",190,190,0
"CA5A","s1664_F_ADR_02_ASEReadCounter.table","NW_015090842.1:8990222",85,154,69
"CA5A","s1664_F_ADR_02_ASEReadCounter.table","NW_015090842.1:8990289",90,169,79
"CA5A","s1664_F_ADR_02_ASEReadCounter.table","NW_015090842.1:8990314",99,183,84
"CA5A","s1664_F_ADR_02_ASEReadCounter.table","NW_015090842.1:8990361",96,164,68
"CA5A","s1664_F_ADR_02_ASEReadCounter.table","NW_015090842.1:8990368",95,164,69
"CA5A","s1664_F_ADR_02_ASEReadCounter.table","NW_015090842.1:8990429",88,158,70
"CA5A","s1664_F_ADR_02_ASEReadCounter.table","NW_015090842.1:8990466",69,134,65
"CA5A","s1664_F_ADR_02_ASEReadCounter.table","NW_015090842.1:8990663",103,164,61
"CA5A","s1664_F_ADR_02_ASEReadCounter.table","NW_015090842.1:8990797",77,140,63
"CA5A","s1664_F_ADR_02_ASEReadCounter.table","NW_015090842.1:8990836",84,143,59
"CA5A","s1664_F_ADR_02_ASEReadCounter.table","NW_015090842.1:8990842",88,144,56
"CA5A","s1664_F_ADR_02_ASEReadCounter.table","NW_015090842.1:8990851",94,149,55
"CA5A","s1664_F_ADR_02_ASEReadCounter.table","NW_015090842.1:8990918",83,144,61
"CA5A","s1664_F_ADR_02_ASEReadCounter.table","NW_015090842.1:8990921",70,135,65
"CA5A","s1664_F_ADR_02_ASEReadCounter.table","NW_015090842.1:8990942",88,158,70
"CA5A","s1664_F_ADR_02_ASEReadCounter.table","NW_015090842.1:8991001",102,189,87
"CA5A","s1664_F_ADR_02_ASEReadCounter.table","NW_015090842.1:8991038",96,161,65
"CA5A","s1664_F_ADR_02_ASEReadCounter.table","NW_015090842.1:8991149",107,185,78
"CA5A","s1664_F_ADR_02_ASEReadCounter.table","NW_015090842.1:8991176",116,189,73
"CA5A","s1664_F_ADR_02_ASEReadCounter.table","NW_015090842.1:8991241",92,183,91
"CA5A","s1664_F_ADR_02_ASEReadCounter.table","NW_015090842.1:8991262",78,158,80
"CA5A","s1664_F_ADR_02_ASEReadCounter.table","NW_015090842.1:8991316",98,100,2
"CA5A","s1664_F_ADR_02_ASEReadCounter.table","NW_015090842.1:8991319",88,90,2
"CA5A","s1664_F_ADR_02_ASEReadCounter.table","NW_015090842.1:8991330",85,87,2
"CA5A","s1664_F_ADR_02_ASEReadCounter.table","NW_015090842.1:8991334",79,84,5
"CA5A","s1664_F_ADR_02_ASEReadCounter.table","NW_015090842.1:8991362",92,132,40
"CA5A","s1664_F_ADR_02_ASEReadCounter.table","NW_015090842.1:8991368",92,135,43
"CA5A","s1664_F_ADR_02_ASEReadCounter.table","NW_015090842.1:8991390",83,130,47
"CA5A","s1664_F_ADR_02_ASEReadCounter.table","NW_015090842.1:8991395",76,128,52
"CA5A","s1664_F_ADR_02_ASEReadCounter.table","NW_015090842.1:8991422",50,123,73
"CA5A","s1664_F_ADR_02_ASEReadCounter.table","NW_015090842.1:8991467",0,67,67
"CA5A","s1664_F_ADR_02_ASEReadCounter.table","NW_015090842.1:8991576",51,108,57
"CA5A","s1664_F_ADR_02_ASEReadCounter.table","NW_015090842.1:8991587",73,143,70
"CA5A","s1664_F_ADR_02_ASEReadCounter.table","NW_015090842.1:8991655",83,162,79
"CA5A","s1664_F_ADR_02_ASEReadCounter.table","NW_015090842.1:8991717",70,144,74
"CA5A","s1664_F_ADR_02_ASEReadCounter.table","NW_015090842.1:8991726",79,148,69
"CA5A","s1664_F_ADR_02_ASEReadCounter.table","NW_015090842.1:8991799",86,153,67
"CA5A","s1664_F_ADR_02_ASEReadCounter.table","NW_015090842.1:8991809",78,138,60
"CA5A","s1664_F_ADR_02_ASEReadCounter.table","NW_015090842.1:8991848",59,122,63
"CA5A","s1664_F_ADR_02_ASEReadCounter.table","NW_015090842.1:8991849",58,121,63
"CA5A","s1664_F_ADR_02_ASEReadCounter.table","NW_015090842.1:8991927",67,129,62
"CA5A","s1664_F_ADR_02_ASEReadCounter.table","NW_015090842.1:8991941",72,135,63
"CA5A","s1664_F_ADR_02_ASEReadCounter.table","NW_015090842.1:8992121",60,133,73
"CA5A","s1664_F_ADR_02_ASEReadCounter.table","NW_015090842.1:8992224",92,171,79
"CA5A","s1664_F_ADR_02_ASEReadCounter.table","NW_015090842.1:9002570",63,107,44
"CA5A","s1664_F_ADR_02_ASEReadCounter.table","NW_015090842.1:9002600",55,100,45
"CA5A","s1664_F_ADR_02_ASEReadCounter.table","NW_015090842.1:9004312",34,63,29
"CA5A","s1664_F_ADR_02_ASEReadCounter.table","NW_015090842.1:9004506",0,1,1
"CA5A","s1664_F_ADR_02_ASEReadCounter.table","NW_015090842.1:9004556",0,2,2
"CA5A","s1664_F_ADR_02_ASEReadCounter.table","NW_015090842.1:9005116",2,4,2
"CA5A","s1664_F_ADR_02_ASEReadCounter.table","NW_015090842.1:9005120",2,4,2
"CA5A","s1664_F_ADR_02_ASEReadCounter.table","NW_015090842.1:9005140",2,5,3
"CA5A","s1664_F_ADR_02_ASEReadCounter.table","NW_015090842.1:9005152",2,5,3
"BANP","s1664_F_ADR_02_ASEReadCounter.table","NW_015090842.1:9033407",18,45,27
"BANP","s1664_F_ADR_02_ASEReadCounter.table","NW_015090842.1:9033409",18,41,23
"BANP","s1664_F_ADR_02_ASEReadCounter.table","NW_015090842.1:9033420",21,53,32
"BANP","s1664_F_ADR_02_ASEReadCounter.table","NW_015090842.1:9067974",0,32,32
"BANP","s1664_F_ADR_02_ASEReadCounter.table","NW_015090842.1:9102510",33,72,39
"BANP","s1664_F_ADR_02_ASEReadCounter.table","NW_015090842.1:9168534",31,65,34
"BANP","s1664_F_ADR_02_ASEReadCounter.table","NW_015090842.1:9168818",24,57,33
"ZNF469","s1664_F_ADR_02_ASEReadCounter.table","NW_015090842.1:9424301",1,1,0
"ZNF469","s1664_F_ADR_02_ASEReadCounter.table","NW_015090842.1:9424333",2,2,0
"ZNF469","s1664_F_ADR_02_ASEReadCounter.table","NW_015090842.1:9425089",5,5,0
"ZNF469","s1664_F_ADR_02_ASEReadCounter.table","NW_015090842.1:9425108",6,7,1
"ZNF469","s1664_F_ADR_02_ASEReadCounter.table","NW_015090842.1:9425182",2,3,1
"ZNF469","s1664_F_ADR_02_ASEReadCounter.table","NW_015090842.1:9426367",4,6,2
"ZNF469","s1664_F_ADR_02_ASEReadCounter.table","NW_015090842.1:9426420",4,4,0
"ZNF469","s1664_F_ADR_02_ASEReadCounter.table","NW_015090842.1:9426585",4,5,1
"ZNF469","s1664_F_ADR_02_ASEReadCounter.table","NW_015090842.1:9427067",2,5,3
"ZNF469","s1664_F_ADR_02_ASEReadCounter.table","NW_015090842.1:9427614",11,12,1
"ZNF469","s1664_F_ADR_02_ASEReadCounter.table","NW_015090842.1:9428122",5,7,2
"ZNF469","s1664_F_ADR_02_ASEReadCounter.table","NW_015090842.1:9428178",5,6,1
"ZNF469","s1664_F_ADR_02_ASEReadCounter.table","NW_015090842.1:9428419",4,5,1
"ZNF469","s1664_F_ADR_02_ASEReadCounter.table","NW_015090842.1:9429633",6,8,2
"ZNF469","s1664_F_ADR_02_ASEReadCounter.table","NW_015090842.1:9429794",5,5,0
"ZNF469","s1664_F_ADR_02_ASEReadCounter.table","NW_015090842.1:9430560",4,6,2
"ZNF469","s1664_F_ADR_02_ASEReadCounter.table","NW_015090842.1:9430668",2,2,0
"ZNF469","s1664_F_ADR_02_ASEReadCounter.table","NW_015090842.1:9431031",3,3,0
"ZNF469","s1664_F_ADR_02_ASEReadCounter.table","NW_015090842.1:9431073",4,4,0
"ZNF469","s1664_F_ADR_02_ASEReadCounter.table","NW_015090842.1:9431091",3,3,0
"ZNF469","s1664_F_ADR_02_ASEReadCounter.table","NW_015090842.1:9431150",2,2,0
"ZNF469","s1664_F_ADR_02_ASEReadCounter.table","NW_015090842.1:9431162",3,3,0
"ZNF469","s1664_F_ADR_02_ASEReadCounter.table","NW_015090842.1:9431214",4,5,1
"ZNF469","s1664_F_ADR_02_ASEReadCounter.table","NW_015090842.1:9431317",5,6,1
"ZNF469","s1664_F_ADR_02_ASEReadCounter.table","NW_015090842.1:9431325",5,6,1
"ZNF469","s1664_F_ADR_02_ASEReadCounter.table","NW_015090842.1:9431700",5,7,2
"ZNF469","s1664_F_ADR_02_ASEReadCounter.table","NW_015090842.1:9431901",2,4,2
"ZNF469","s1664_F_ADR_02_ASEReadCounter.table","NW_015090842.1:9432110",7,8,1
"ZNF469","s1664_F_ADR_02_ASEReadCounter.table","NW_015090842.1:9432302",8,8,0
"ZNF469","s1664_F_ADR_02_ASEReadCounter.table","NW_015090842.1:9432361",8,8,0
"ZNF469","s1664_F_ADR_02_ASEReadCounter.table","NW_015090842.1:9432374",9,9,0
"ZNF469","s1664_F_ADR_02_ASEReadCounter.table","NW_015090842.1:9432382",9,9,0
"ZNF469","s1664_F_ADR_02_ASEReadCounter.table","NW_015090842.1:9432481",6,7,1
"ZNF469","s1664_F_ADR_02_ASEReadCounter.table","NW_015090842.1:9432498",5,6,1
"ZNF469","s1664_F_ADR_02_ASEReadCounter.table","NW_015090842.1:9433268",7,10,3
"ZNF469","s1664_F_ADR_02_ASEReadCounter.table","NW_015090842.1:9433678",9,9,0
"ZNF469","s1664_F_ADR_02_ASEReadCounter.table","NW_015090842.1:9433902",6,6,0
"ZNF469","s1664_F_ADR_02_ASEReadCounter.table","NW_015090842.1:9433980",7,10,3
"ZNF469","s1664_F_ADR_02_ASEReadCounter.table","NW_015090842.1:9434259",3,4,1
"ZNF469","s1664_F_ADR_02_ASEReadCounter.table","NW_015090842.1:9435221",9,11,2
"ZFPM1","s1664_F_ADR_02_ASEReadCounter.table","NW_015090842.1:9458862",20,51,31
"ZFPM1","s1664_F_ADR_02_ASEReadCounter.table","NW_015090842.1:9458888",31,66,35
"ZFPM1","s1664_F_ADR_02_ASEReadCounter.table","NW_015090842.1:9458904",44,82,38
"ZFPM1","s1664_F_ADR_02_ASEReadCounter.table","NW_015090842.1:9458916",43,83,40
"ZFPM1","s1664_F_ADR_02_ASEReadCounter.table","NW_015090842.1:9468568",47,87,40
"ZFPM1","s1664_F_ADR_02_ASEReadCounter.table","NW_015090842.1:9468593",42,82,40
"ZFPM1","s1664_F_ADR_02_ASEReadCounter.table","NW_015090842.1:9471561",36,67,31
"ZFPM1","s1664_F_ADR_02_ASEReadCounter.table","NW_015090842.1:9472557",36,60,24
"ZFPM1","s1664_F_ADR_02_ASEReadCounter.table","NW_015090842.1:9472565",36,62,26
"ZFPM1","s1664_F_ADR_02_ASEReadCounter.table","NW_015090842.1:9472608",36,63,27
"ZFPM1","s1664_F_ADR_02_ASEReadCounter.table","NW_015090842.1:9472627",36,59,23
"ZFPM1","s1664_F_ADR_02_ASEReadCounter.table","NW_015090842.1:9472668",38,61,23
"ZFPM1","s1664_F_ADR_02_ASEReadCounter.table","NW_015090842.1:9473655",48,76,28
"ZFPM1","s1664_F_ADR_02_ASEReadCounter.table","NW_015090842.1:9475827",36,70,34
"ZFPM1","s1664_F_ADR_02_ASEReadCounter.table","NW_015090842.1:9475842",38,76,38
"ZFPM1","s1664_F_ADR_02_ASEReadCounter.table","NW_015090842.1:9476119",41,72,31
"ZFPM1","s1664_F_ADR_02_ASEReadCounter.table","NW_015090842.1:9476161",44,70,26
"ZFPM1","s1664_F_ADR_02_ASEReadCounter.table","NW_015090842.1:9476219",17,46,29
"ZFPM1","s1664_F_ADR_02_ASEReadCounter.table","NW_015090842.1:9476233",16,46,30
"ZFPM1","s1664_F_ADR_02_ASEReadCounter.table","NW_015090842.1:9476305",25,54,29
"ZFPM1","s1664_F_ADR_02_ASEReadCounter.table","NW_015090842.1:9476395",35,58,23
"ZFPM1","s1664_F_ADR_02_ASEReadCounter.table","NW_015090842.1:9476421",40,79,39
"ZFPM1","s1664_F_ADR_02_ASEReadCounter.table","NW_015090842.1:9476539",44,71,27
"ZFPM1","s1664_F_ADR_02_ASEReadCounter.table","NW_015090842.1:9476576",42,67,25
"ZFPM1","s1664_F_ADR_02_ASEReadCounter.table","NW_015090842.1:9476599",62,62,0
"ZFPM1","s1664_F_ADR_02_ASEReadCounter.table","NW_015090842.1:9476792",37,67,30
"ZFPM1","s1664_F_ADR_02_ASEReadCounter.table","NW_015090842.1:9476803",40,69,29
"ZFPM1","s1664_F_ADR_02_ASEReadCounter.table","NW_015090842.1:9477115",25,48,23
"ZFPM1","s1664_F_ADR_02_ASEReadCounter.table","NW_015090842.1:9477299",11,35,24
"ZFPM1","s1664_F_ADR_02_ASEReadCounter.table","NW_015090842.1:9477398",63,63,0
"ZFPM1","s1664_F_ADR_02_ASEReadCounter.table","NW_015090842.1:9477422",33,64,31
"ZFPM1","s1664_F_ADR_02_ASEReadCounter.table","NW_015090842.1:9477554",35,58,23
"ZFPM1","s1664_F_ADR_02_ASEReadCounter.table","NW_015090842.1:9477575",53,53,0
"ZFPM1","s1664_F_ADR_02_ASEReadCounter.table","NW_015090842.1:9477595",31,56,25
"ZFPM1","s1664_F_ADR_02_ASEReadCounter.table","NW_015090842.1:9477611",31,60,29
"ZFPM1","s1664_F_ADR_02_ASEReadCounter.table","NW_015090842.1:9477659",40,72,32
"ZFPM1","s1664_F_ADR_02_ASEReadCounter.table","NW_015090842.1:9477737",37,72,35
"ZFPM1","s1664_F_ADR_02_ASEReadCounter.table","NW_015090842.1:9477791",34,66,32
"ZFPM1","s1664_F_ADR_02_ASEReadCounter.table","NW_015090842.1:9477844",28,56,28
"ZFPM1","s1664_F_ADR_02_ASEReadCounter.table","NW_015090842.1:9477917",29,61,32
"ZFPM1","s1664_F_ADR_02_ASEReadCounter.table","NW_015090842.1:9478295",32,76,44
"ZFPM1","s1664_F_ADR_02_ASEReadCounter.table","NW_015090842.1:9478349",30,77,47
"ZFPM1","s1664_F_ADR_02_ASEReadCounter.table","NW_015090842.1:9478524",21,51,30
"ZFPM1","s1664_F_ADR_02_ASEReadCounter.table","NW_015090842.1:9478546",28,63,35
"ZFPM1","s1664_F_ADR_02_ASEReadCounter.table","NW_015090842.1:9478573",26,61,35
"ZFPM1","s1664_F_ADR_02_ASEReadCounter.table","NW_015090842.1:9478582",27,58,31
"ZFPM1","s1664_F_ADR_02_ASEReadCounter.table","NW_015090842.1:9478684",2,18,16
"ZFPM1","s1664_F_ADR_02_ASEReadCounter.table","NW_015090842.1:9478711",0,16,16
"ZFPM1","s1664_F_ADR_02_ASEReadCounter.table","NW_015090842.1:9478761",1,12,11
"ZFPM1","s1664_F_ADR_02_ASEReadCounter.table","NW_015090842.1:9478829",5,5,0
"CIDEC","s1664_F_ADR_02_ASEReadCounter.table","NW_015090842.1:9480170",1,1,0
"CIDEC","s1664_F_ADR_02_ASEReadCounter.table","NW_015090842.1:9480171",1,1,0
"CIDEC","s1664_F_ADR_02_ASEReadCounter.table","NW_015090842.1:9480212",1,1,0
"CIDEC","s1664_F_ADR_02_ASEReadCounter.table","NW_015090842.1:9480252",3,3,0
"CIDEC","s1664_F_ADR_02_ASEReadCounter.table","NW_015090842.1:9480391",2,3,1
"CIDEC","s1664_F_ADR_02_ASEReadCounter.table","NW_015090842.1:9480394",2,3,1
"CIDEC","s1664_F_ADR_02_ASEReadCounter.table","NW_015090842.1:9480630",4,5,1
"CIDEC","s1664_F_ADR_02_ASEReadCounter.table","NW_015090842.1:9480675",5,6,1
"CIDEC","s1664_F_ADR_02_ASEReadCounter.table","NW_015090842.1:9480686",5,6,1
"CIDEC","s1664_F_ADR_02_ASEReadCounter.table","NW_015090842.1:9480693",4,5,1
"CIDEC","s1664_F_ADR_02_ASEReadCounter.table","NW_015090842.1:9480756",3,6,3
"CIDEC","s1664_F_ADR_02_ASEReadCounter.table","NW_015090842.1:9481199",0,3,3
"CIDEC","s1664_F_ADR_02_ASEReadCounter.table","NW_015090842.1:9481604",3,3,0
"ZC3H18","s1664_F_ADR_02_ASEReadCounter.table","NW_015090842.1:9494271",17,35,18
"ZC3H18","s1664_F_ADR_02_ASEReadCounter.table","NW_015090842.1:9501427",53,103,50
"ZC3H18","s1664_F_ADR_02_ASEReadCounter.table","NW_015090842.1:9501442",44,89,45
"ZC3H18","s1664_F_ADR_02_ASEReadCounter.table","NW_015090842.1:9505538",32,86,54
"ZC3H18","s1664_F_ADR_02_ASEReadCounter.table","NW_015090842.1:9506778",53,116,63
"ZC3H18","s1664_F_ADR_02_ASEReadCounter.table","NW_015090842.1:9522538",44,88,44
"ZC3H18","s1664_F_ADR_02_ASEReadCounter.table","NW_015090842.1:9524350",46,104,58
"ZC3H18","s1664_F_ADR_02_ASEReadCounter.table","NW_015090842.1:9524366",46,111,65
"ZC3H18","s1664_F_ADR_02_ASEReadCounter.table","NW_015090842.1:9524424",37,90,53
"ZC3H18","s1664_F_ADR_02_ASEReadCounter.table","NW_015090842.1:9529649",47,108,61
"ZC3H18","s1664_F_ADR_02_ASEReadCounter.table","NW_015090842.1:9529688",39,98,59
"ZC3H18","s1664_F_ADR_02_ASEReadCounter.table","NW_015090842.1:9529691",37,92,55
"ZC3H18","s1664_F_ADR_02_ASEReadCounter.table","NW_015090842.1:9530977",47,112,65
"ZC3H18","s1664_F_ADR_02_ASEReadCounter.table","NW_015090842.1:9536699",0,45,45
"CYBA","s1664_F_ADR_02_ASEReadCounter.table","NW_015090842.1:9547281",85,161,76
"CYBA","s1664_F_ADR_02_ASEReadCounter.table","NW_015090842.1:9547402",235,515,280
"CYBA","s1664_F_ADR_02_ASEReadCounter.table","NW_015090842.1:9547553",188,538,350
"CYBA","s1664_F_ADR_02_ASEReadCounter.table","NW_015090842.1:9548052",177,367,190
"CYBA","s1664_F_ADR_02_ASEReadCounter.table","NW_015090842.1:9548436",222,435,213
"CYBA","s1664_F_ADR_02_ASEReadCounter.table","NW_015090842.1:9548442",222,446,224
"CYBA","s1664_F_ADR_02_ASEReadCounter.table","NW_015090842.1:9548478",263,490,227
"CYBA","s1664_F_ADR_02_ASEReadCounter.table","NW_015090842.1:9548487",259,474,215
"CYBA","s1664_F_ADR_02_ASEReadCounter.table","NW_015090842.1:9548490",262,474,212
"CYBA","s1664_F_ADR_02_ASEReadCounter.table","NW_015090842.1:9548717",240,427,187
"CYBA","s1664_F_ADR_02_ASEReadCounter.table","NW_015090842.1:9548750",190,381,191
"CYBA","s1664_F_ADR_02_ASEReadCounter.table","NW_015090842.1:9548766",134,287,153
"MVD","s1664_F_ADR_02_ASEReadCounter.table","NW_015090842.1:9550678",288,495,207
"MVD","s1664_F_ADR_02_ASEReadCounter.table","NW_015090842.1:9550690",319,568,249
"MVD","s1664_F_ADR_02_ASEReadCounter.table","NW_015090842.1:9550691",317,562,245
"MVD","s1664_F_ADR_02_ASEReadCounter.table","NW_015090842.1:9550699",371,669,298
"MVD","s1664_F_ADR_02_ASEReadCounter.table","NW_015090842.1:9550719",385,652,267
"MVD","s1664_F_ADR_02_ASEReadCounter.table","NW_015090842.1:9551596",707,1438,731
"MVD","s1664_F_ADR_02_ASEReadCounter.table","NW_015090842.1:9551638",729,1560,831
"MVD","s1664_F_ADR_02_ASEReadCounter.table","NW_015090842.1:9551899",0,52,52
"MVD","s1664_F_ADR_02_ASEReadCounter.table","NW_015090842.1:9552193",635,1326,691
"MVD","s1664_F_ADR_02_ASEReadCounter.table","NW_015090842.1:9552202",609,1321,712
"MVD","s1664_F_ADR_02_ASEReadCounter.table","NW_015090842.1:9552208",639,1341,702
"MVD","s1664_F_ADR_02_ASEReadCounter.table","NW_015090842.1:9552625",503,1024,521
"MVD","s1664_F_ADR_02_ASEReadCounter.table","NW_015090842.1:9552629",1026,1026,0
"MVD","s1664_F_ADR_02_ASEReadCounter.table","NW_015090842.1:9552644",480,1014,534
"MVD","s1664_F_ADR_02_ASEReadCounter.table","NW_015090842.1:9553093",519,1037,518
"MVD","s1664_F_ADR_02_ASEReadCounter.table","NW_015090842.1:9553114",513,1029,516
"RNF166","s1664_F_ADR_02_ASEReadCounter.table","NW_015090842.1:9557900",85,179,94
"RNF166","s1664_F_ADR_02_ASEReadCounter.table","NW_015090842.1:9558048",74,184,110
"RNF166","s1664_F_ADR_02_ASEReadCounter.table","NW_015090842.1:9558116",97,199,102
"RNF166","s1664_F_ADR_02_ASEReadCounter.table","NW_015090842.1:9558308",84,202,118
"RNF166","s1664_F_ADR_02_ASEReadCounter.table","NW_015090842.1:9558405",76,172,96
"RNF166","s1664_F_ADR_02_ASEReadCounter.table","NW_015090842.1:9558549",99,220,121
"RNF166","s1664_F_ADR_02_ASEReadCounter.table","NW_015090842.1:9558556",91,216,125
"RNF166","s1664_F_ADR_02_ASEReadCounter.table","NW_015090842.1:9558579",94,209,115
"RNF166","s1664_F_ADR_02_ASEReadCounter.table","NW_015090842.1:9558599",81,196,115
"RNF166","s1664_F_ADR_02_ASEReadCounter.table","NW_015090842.1:9558688",87,218,131
"RNF166","s1664_F_ADR_02_ASEReadCounter.table","NW_015090842.1:9558711",86,216,130
"RNF166","s1664_F_ADR_02_ASEReadCounter.table","NW_015090842.1:9558733",84,212,128
"RNF166","s1664_F_ADR_02_ASEReadCounter.table","NW_015090842.1:9558847",80,167,87
"RNF166","s1664_F_ADR_02_ASEReadCounter.table","NW_015090842.1:9559798",100,208,108
"RNF166","s1664_F_ADR_02_ASEReadCounter.table","NW_015090842.1:9560575",107,253,146
"RNF166","s1664_F_ADR_02_ASEReadCounter.table","NW_015090842.1:9561055",107,217,110
"RNF166","s1664_F_ADR_02_ASEReadCounter.table","NW_015090842.1:9562458",90,179,89
"RNF166","s1664_F_ADR_02_ASEReadCounter.table","NW_015090842.1:9562497",57,139,82
"RNF166","s1664_F_ADR_02_ASEReadCounter.table","NW_015090842.1:9562539",54,136,82
"RNF166","s1664_F_ADR_02_ASEReadCounter.table","NW_015090842.1:9564056",65,124,59
"CTU2","s1664_F_ADR_02_ASEReadCounter.table","NW_015090842.1:9565149",32,59,27
"CTU2","s1664_F_ADR_02_ASEReadCounter.table","NW_015090842.1:9565193",28,59,31
"CTU2","s1664_F_ADR_02_ASEReadCounter.table","NW_015090842.1:9565300",30,73,43
"CTU2","s1664_F_ADR_02_ASEReadCounter.table","NW_015090842.1:9565321",30,74,44
"CTU2","s1664_F_ADR_02_ASEReadCounter.table","NW_015090842.1:9565721",43,89,46
"CTU2","s1664_F_ADR_02_ASEReadCounter.table","NW_015090842.1:9565739",43,83,40
"CTU2","s1664_F_ADR_02_ASEReadCounter.table","NW_015090842.1:9565905",43,81,38
"CTU2","s1664_F_ADR_02_ASEReadCounter.table","NW_015090842.1:9566013",70,70,0
"CTU2","s1664_F_ADR_02_ASEReadCounter.table","NW_015090842.1:9566055",41,89,48
"CTU2","s1664_F_ADR_02_ASEReadCounter.table","NW_015090842.1:9566056",41,87,46
"CTU2","s1664_F_ADR_02_ASEReadCounter.table","NW_015090842.1:9566151",29,58,29
"CTU2","s1664_F_ADR_02_ASEReadCounter.table","NW_015090842.1:9566300",38,69,31
"CTU2","s1664_F_ADR_02_ASEReadCounter.table","NW_015090842.1:9566342",42,82,40
"CTU2","s1664_F_ADR_02_ASEReadCounter.table","NW_015090842.1:9566548",35,77,42
"CTU2","s1664_F_ADR_02_ASEReadCounter.table","NW_015090842.1:9566625",32,72,40
"CTU2","s1664_F_ADR_02_ASEReadCounter.table","NW_015090842.1:9566633",33,72,39
"CTU2","s1664_F_ADR_02_ASEReadCounter.table","NW_015090842.1:9566807",33,75,42
"CTU2","s1664_F_ADR_02_ASEReadCounter.table","NW_015090842.1:9567139",42,102,60
"CTU2","s1664_F_ADR_02_ASEReadCounter.table","NW_015090842.1:9567156",44,97,53
"CTU2","s1664_F_ADR_02_ASEReadCounter.table","NW_015090842.1:9567614",41,92,51
"CTU2","s1664_F_ADR_02_ASEReadCounter.table","NW_015090842.1:9567677",31,66,35
"CTU2","s1664_F_ADR_02_ASEReadCounter.table","NW_015090842.1:9567747",30,67,37
"CTU2","s1664_F_ADR_02_ASEReadCounter.table","NW_015090842.1:9567828",22,46,24
"CTU2","s1664_F_ADR_02_ASEReadCounter.table","NW_015090842.1:9567829",22,48,26
"CTU2","s1664_F_ADR_02_ASEReadCounter.table","NW_015090842.1:9567885",26,39,13
"PIEZO1","s1664_F_ADR_02_ASEReadCounter.table","NW_015090842.1:9568093",34,78,44
"PIEZO1","s1664_F_ADR_02_ASEReadCounter.table","NW_015090842.1:9568672",36,73,37
"PIEZO1","s1664_F_ADR_02_ASEReadCounter.table","NW_015090842.1:9568948",32,66,34
"PIEZO1","s1664_F_ADR_02_ASEReadCounter.table","NW_015090842.1:9568987",56,56,0
"PIEZO1","s1664_F_ADR_02_ASEReadCounter.table","NW_015090842.1:9569040",29,58,29
"PIEZO1","s1664_F_ADR_02_ASEReadCounter.table","NW_015090842.1:9569180",19,50,31
"PIEZO1","s1664_F_ADR_02_ASEReadCounter.table","NW_015090842.1:9569192",20,56,36
"PIEZO1","s1664_F_ADR_02_ASEReadCounter.table","NW_015090842.1:9570088",34,63,29
"PIEZO1","s1664_F_ADR_02_ASEReadCounter.table","NW_015090842.1:9570480",25,54,29
"PIEZO1","s1664_F_ADR_02_ASEReadCounter.table","NW_015090842.1:9570639",19,43,24
"PIEZO1","s1664_F_ADR_02_ASEReadCounter.table","NW_015090842.1:9571847",34,65,31
"PIEZO1","s1664_F_ADR_02_ASEReadCounter.table","NW_015090842.1:9572371",22,43,21
"PIEZO1","s1664_F_ADR_02_ASEReadCounter.table","NW_015090842.1:9572638",26,45,19
"PIEZO1","s1664_F_ADR_02_ASEReadCounter.table","NW_015090842.1:9573156",37,66,29
"PIEZO1","s1664_F_ADR_02_ASEReadCounter.table","NW_015090842.1:9573280",38,68,30
"PIEZO1","s1664_F_ADR_02_ASEReadCounter.table","NW_015090842.1:9573566",27,46,19
"PIEZO1","s1664_F_ADR_02_ASEReadCounter.table","NW_015090842.1:9575341",26,48,22
"PIEZO1","s1664_F_ADR_02_ASEReadCounter.table","NW_015090842.1:9575367",19,41,22
"PIEZO1","s1664_F_ADR_02_ASEReadCounter.table","NW_015090842.1:9575645",23,43,20
"PIEZO1","s1664_F_ADR_02_ASEReadCounter.table","NW_015090842.1:9575696",26,44,18
"PIEZO1","s1664_F_ADR_02_ASEReadCounter.table","NW_015090842.1:9575897",22,36,14
"PIEZO1","s1664_F_ADR_02_ASEReadCounter.table","NW_015090842.1:9576060",20,40,20
"PIEZO1","s1664_F_ADR_02_ASEReadCounter.table","NW_015090842.1:9576087",21,40,19
"PIEZO1","s1664_F_ADR_02_ASEReadCounter.table","NW_015090842.1:9576093",22,47,25
"PIEZO1","s1664_F_ADR_02_ASEReadCounter.table","NW_015090842.1:9576120",20,47,27
"PIEZO1","s1664_F_ADR_02_ASEReadCounter.table","NW_015090842.1:9576687",21,44,23
"PIEZO1","s1664_F_ADR_02_ASEReadCounter.table","NW_015090842.1:9576710",34,34,0
"PIEZO1","s1664_F_ADR_02_ASEReadCounter.table","NW_015090842.1:9576723",17,38,21
"PIEZO1","s1664_F_ADR_02_ASEReadCounter.table","NW_015090842.1:9578268",18,36,18
"PIEZO1","s1664_F_ADR_02_ASEReadCounter.table","NW_015090842.1:9578770",22,36,14
"PIEZO1","s1664_F_ADR_02_ASEReadCounter.table","NW_015090842.1:9578806",25,42,17
"PIEZO1","s1664_F_ADR_02_ASEReadCounter.table","NW_015090842.1:9579064",11,17,6
"PIEZO1","s1664_F_ADR_02_ASEReadCounter.table","NW_015090842.1:9579065",11,19,8
"PIEZO1","s1664_F_ADR_02_ASEReadCounter.table","NW_015090842.1:9579347",19,31,12
"PIEZO1","s1664_F_ADR_02_ASEReadCounter.table","NW_015090842.1:9580765",16,27,11
"PIEZO1","s1664_F_ADR_02_ASEReadCounter.table","NW_015090842.1:9580996",17,31,14
"PIEZO1","s1664_F_ADR_02_ASEReadCounter.table","NW_015090842.1:9581101",16,24,8
"PIEZO1","s1664_F_ADR_02_ASEReadCounter.table","NW_015090842.1:9581299",11,20,9
"PIEZO1","s1664_F_ADR_02_ASEReadCounter.table","NW_015090842.1:9581875",11,33,22
"PIEZO1","s1664_F_ADR_02_ASEReadCounter.table","NW_015090842.1:9582046",12,33,21
"PIEZO1","s1664_F_ADR_02_ASEReadCounter.table","NW_015090842.1:9582961",14,23,9
"PIEZO1","s1664_F_ADR_02_ASEReadCounter.table","NW_015090842.1:9583298",9,17,8
"PIEZO1","s1664_F_ADR_02_ASEReadCounter.table","NW_015090842.1:9584337",11,29,18
"PIEZO1","s1664_F_ADR_02_ASEReadCounter.table","NW_015090842.1:9584425",7,18,11
"PIEZO1","s1664_F_ADR_02_ASEReadCounter.table","NW_015090842.1:9584435",7,16,9
"PIEZO1","s1664_F_ADR_02_ASEReadCounter.table","NW_015090842.1:9584438",6,14,8
"PIEZO1","s1664_F_ADR_02_ASEReadCounter.table","NW_015090842.1:9584441",6,14,8
"CDT1","s1664_F_ADR_02_ASEReadCounter.table","NW_015090842.1:9596596",3,10,7
"CDT1","s1664_F_ADR_02_ASEReadCounter.table","NW_015090842.1:9596766",5,10,5
"CDT1","s1664_F_ADR_02_ASEReadCounter.table","NW_015090842.1:9597054",9,20,11
"CDT1","s1664_F_ADR_02_ASEReadCounter.table","NW_015090842.1:9597074",9,19,10
"CDT1","s1664_F_ADR_02_ASEReadCounter.table","NW_015090842.1:9597137",18,25,7
"CDT1","s1664_F_ADR_02_ASEReadCounter.table","NW_015090842.1:9597756",14,26,12
"CDT1","s1664_F_ADR_02_ASEReadCounter.table","NW_015090842.1:9597766",15,29,14
"CDT1","s1664_F_ADR_02_ASEReadCounter.table","NW_015090842.1:9598496",18,35,17
"CDT1","s1664_F_ADR_02_ASEReadCounter.table","NW_015090842.1:9598498",18,34,16
"CDT1","s1664_F_ADR_02_ASEReadCounter.table","NW_015090842.1:9598816",18,33,15
"CDT1","s1664_F_ADR_02_ASEReadCounter.table","NW_015090842.1:9598879",21,32,11
"CDT1","s1664_F_ADR_02_ASEReadCounter.table","NW_015090842.1:9598912",17,26,9
"CDT1","s1664_F_ADR_02_ASEReadCounter.table","NW_015090842.1:9598959",13,24,11
"CDT1","s1664_F_ADR_02_ASEReadCounter.table","NW_015090842.1:9599807",14,24,10
"CDT1","s1664_F_ADR_02_ASEReadCounter.table","NW_015090842.1:9599819",15,25,10
"CDT1","s1664_F_ADR_02_ASEReadCounter.table","NW_015090842.1:9599845",19,31,12
"CDT1","s1664_F_ADR_02_ASEReadCounter.table","NW_015090842.1:9600148",25,44,19
"CDT1","s1664_F_ADR_02_ASEReadCounter.table","NW_015090842.1:9600151",23,44,21
"CDT1","s1664_F_ADR_02_ASEReadCounter.table","NW_015090842.1:9600217",26,47,21
"CDT1","s1664_F_ADR_02_ASEReadCounter.table","NW_015090842.1:9600226",24,42,18
"CDT1","s1664_F_ADR_02_ASEReadCounter.table","NW_015090842.1:9600260",23,42,19
"CDT1","s1664_F_ADR_02_ASEReadCounter.table","NW_015090842.1:9600268",20,40,20
"CDT1","s1664_F_ADR_02_ASEReadCounter.table","NW_015090842.1:9600305",10,27,17
"CDT1","s1664_F_ADR_02_ASEReadCounter.table","NW_015090842.1:9600397",16,30,14
"CDT1","s1664_F_ADR_02_ASEReadCounter.table","NW_015090842.1:9600447",14,22,8
"CDT1","s1664_F_ADR_02_ASEReadCounter.table","NW_015090842.1:9600450",13,20,7
"CDT1","s1664_F_ADR_02_ASEReadCounter.table","NW_015090842.1:9600485",15,23,8
"CDT1","s1664_F_ADR_02_ASEReadCounter.table","NW_015090842.1:9600579",11,21,10
"APRT","s1664_F_ADR_02_ASEReadCounter.table","NW_015090842.1:9602308",28,75,47
"APRT","s1664_F_ADR_02_ASEReadCounter.table","NW_015090842.1:9602440",57,153,96
"APRT","s1664_F_ADR_02_ASEReadCounter.table","NW_015090842.1:9602449",55,152,97
"APRT","s1664_F_ADR_02_ASEReadCounter.table","NW_015090842.1:9602451",58,151,93
"APRT","s1664_F_ADR_02_ASEReadCounter.table","NW_015090842.1:9602455",53,148,95
"APRT","s1664_F_ADR_02_ASEReadCounter.table","NW_015090842.1:9602462",51,148,97
"APRT","s1664_F_ADR_02_ASEReadCounter.table","NW_015090842.1:9602507",42,144,102
"APRT","s1664_F_ADR_02_ASEReadCounter.table","NW_015090842.1:9602514",52,159,107
"APRT","s1664_F_ADR_02_ASEReadCounter.table","NW_015090842.1:9602530",46,144,98
"APRT","s1664_F_ADR_02_ASEReadCounter.table","NW_015090842.1:9602582",67,161,94
"APRT","s1664_F_ADR_02_ASEReadCounter.table","NW_015090842.1:9602583",66,158,92
"APRT","s1664_F_ADR_02_ASEReadCounter.table","NW_015090842.1:9602650",70,165,95
"APRT","s1664_F_ADR_02_ASEReadCounter.table","NW_015090842.1:9602655",68,154,86
"APRT","s1664_F_ADR_02_ASEReadCounter.table","NW_015090842.1:9602712",46,156,110
"APRT","s1664_F_ADR_02_ASEReadCounter.table","NW_015090842.1:9602764",69,185,116
"APRT","s1664_F_ADR_02_ASEReadCounter.table","NW_015090842.1:9602821",71,177,106
"APRT","s1664_F_ADR_02_ASEReadCounter.table","NW_015090842.1:9602867",77,162,85
"APRT","s1664_F_ADR_02_ASEReadCounter.table","NW_015090842.1:9602883",79,175,96
"APRT","s1664_F_ADR_02_ASEReadCounter.table","NW_015090842.1:9602886",81,179,98
"APRT","s1664_F_ADR_02_ASEReadCounter.table","NW_015090842.1:9602948",77,197,120
"APRT","s1664_F_ADR_02_ASEReadCounter.table","NW_015090842.1:9602958",74,190,116
"APRT","s1664_F_ADR_02_ASEReadCounter.table","NW_015090842.1:9603020",95,219,124
"APRT","s1664_F_ADR_02_ASEReadCounter.table","NW_015090842.1:9603025",90,210,120
"APRT","s1664_F_ADR_02_ASEReadCounter.table","NW_015090842.1:9603154",73,167,94
"APRT","s1664_F_ADR_02_ASEReadCounter.table","NW_015090842.1:9603166",82,190,108
"APRT","s1664_F_ADR_02_ASEReadCounter.table","NW_015090842.1:9603326",70,184,114
"APRT","s1664_F_ADR_02_ASEReadCounter.table","NW_015090842.1:9603419",59,147,88
"APRT","s1664_F_ADR_02_ASEReadCounter.table","NW_015090842.1:9603420",61,145,84
"APRT","s1664_F_ADR_02_ASEReadCounter.table","NW_015090842.1:9603464",53,128,75
"APRT","s1664_F_ADR_02_ASEReadCounter.table","NW_015090842.1:9603528",66,159,93
"APRT","s1664_F_ADR_02_ASEReadCounter.table","NW_015090842.1:9603607",60,154,94
"APRT","s1664_F_ADR_02_ASEReadCounter.table","NW_015090842.1:9603622",58,139,81
"APRT","s1664_F_ADR_02_ASEReadCounter.table","NW_015090842.1:9604361",73,173,100
"APRT","s1664_F_ADR_02_ASEReadCounter.table","NW_015090842.1:9605317",52,129,77
"APRT","s1664_F_ADR_02_ASEReadCounter.table","NW_015090842.1:9605336",61,140,79
"GALNS","s1664_F_ADR_02_ASEReadCounter.table","NW_015090842.1:9612872",6,12,6
"GALNS","s1664_F_ADR_02_ASEReadCounter.table","NW_015090842.1:9612873",5,11,6
"GALNS","s1664_F_ADR_02_ASEReadCounter.table","NW_015090842.1:9612877",5,10,5
"GALNS","s1664_F_ADR_02_ASEReadCounter.table","NW_015090842.1:9612942",16,38,22
"GALNS","s1664_F_ADR_02_ASEReadCounter.table","NW_015090842.1:9612987",30,30,0
"GALNS","s1664_F_ADR_02_ASEReadCounter.table","NW_015090842.1:9613064",22,45,23
"GALNS","s1664_F_ADR_02_ASEReadCounter.table","NW_015090842.1:9613096",38,64,26
"GALNS","s1664_F_ADR_02_ASEReadCounter.table","NW_015090842.1:9613123",28,56,28
"GALNS","s1664_F_ADR_02_ASEReadCounter.table","NW_015090842.1:9613125",28,55,27
"GALNS","s1664_F_ADR_02_ASEReadCounter.table","NW_015090842.1:9613193",38,73,35
"GALNS","s1664_F_ADR_02_ASEReadCounter.table","NW_015090842.1:9613226",38,70,32
"GALNS","s1664_F_ADR_02_ASEReadCounter.table","NW_015090842.1:9613249",43,78,35
"GALNS","s1664_F_ADR_02_ASEReadCounter.table","NW_015090842.1:9613256",45,87,42
"GALNS","s1664_F_ADR_02_ASEReadCounter.table","NW_015090842.1:9613317",34,70,36
"GALNS","s1664_F_ADR_02_ASEReadCounter.table","NW_015090842.1:9613343",25,64,39
"GALNS","s1664_F_ADR_02_ASEReadCounter.table","NW_015090842.1:9613344",24,63,39
"GALNS","s1664_F_ADR_02_ASEReadCounter.table","NW_015090842.1:9613371",29,65,36
"GALNS","s1664_F_ADR_02_ASEReadCounter.table","NW_015090842.1:9613378",31,68,37
"GALNS","s1664_F_ADR_02_ASEReadCounter.table","NW_015090842.1:9613379",32,70,38
"GALNS","s1664_F_ADR_02_ASEReadCounter.table","NW_015090842.1:9613516",35,73,38
"GALNS","s1664_F_ADR_02_ASEReadCounter.table","NW_015090842.1:9613572",32,69,37
"GALNS","s1664_F_ADR_02_ASEReadCounter.table","NW_015090842.1:9613597",27,77,50
"GALNS","s1664_F_ADR_02_ASEReadCounter.table","NW_015090842.1:9613627",29,73,44
"GALNS","s1664_F_ADR_02_ASEReadCounter.table","NW_015090842.1:9613640",31,83,52
"GALNS","s1664_F_ADR_02_ASEReadCounter.table","NW_015090842.1:9614025",31,74,43
"GALNS","s1664_F_ADR_02_ASEReadCounter.table","NW_015090842.1:9614169",32,61,29
"GALNS","s1664_F_ADR_02_ASEReadCounter.table","NW_015090842.1:9614232",79,79,0
"GALNS","s1664_F_ADR_02_ASEReadCounter.table","NW_015090842.1:9614667",27,62,35
"GALNS","s1664_F_ADR_02_ASEReadCounter.table","NW_015090842.1:9614709",29,61,32
"GALNS","s1664_F_ADR_02_ASEReadCounter.table","NW_015090842.1:9614880",31,60,29
"GALNS","s1664_F_ADR_02_ASEReadCounter.table","NW_015090842.1:9614902",30,62,32
"GALNS","s1664_F_ADR_02_ASEReadCounter.table","NW_015090842.1:9614960",34,58,24
"GALNS","s1664_F_ADR_02_ASEReadCounter.table","NW_015090842.1:9615114",40,72,32
"GALNS","s1664_F_ADR_02_ASEReadCounter.table","NW_015090842.1:9615199",32,63,31
"GALNS","s1664_F_ADR_02_ASEReadCounter.table","NW_015090842.1:9615217",30,63,33
"GALNS","s1664_F_ADR_02_ASEReadCounter.table","NW_015090842.1:9615277",31,56,25
"GALNS","s1664_F_ADR_02_ASEReadCounter.table","NW_015090842.1:9615377",34,80,46
"GALNS","s1664_F_ADR_02_ASEReadCounter.table","NW_015090842.1:9647858",31,72,41
"GALNS","s1664_F_ADR_02_ASEReadCounter.table","NW_015090842.1:9649186",28,69,41
"GALNS","s1664_F_ADR_02_ASEReadCounter.table","NW_015090842.1:9649237",26,59,33
"GALNS","s1664_F_ADR_02_ASEReadCounter.table","NW_015090842.1:9661193",23,35,12
"TRAPPC2L","s1664_F_ADR_02_ASEReadCounter.table","NW_015090842.1:9662951",98,203,105
"TRAPPC2L","s1664_F_ADR_02_ASEReadCounter.table","NW_015090842.1:9663014",111,209,98
"TRAPPC2L","s1664_F_ADR_02_ASEReadCounter.table","NW_015090842.1:9664305",178,178,0
"TRAPPC2L","s1664_F_ADR_02_ASEReadCounter.table","NW_015090842.1:9665155",90,163,73
"TRAPPC2L","s1664_F_ADR_02_ASEReadCounter.table","NW_015090842.1:9665211",18,40,22
"PABPN1L","s1664_F_ADR_02_ASEReadCounter.table","NW_015090842.1:9669959",0,1,1
"CBFA2T3","s1664_F_ADR_02_ASEReadCounter.table","NW_015090842.1:9709469",1,17,16
"CBFA2T3","s1664_F_ADR_02_ASEReadCounter.table","NW_015090842.1:9709475",1,18,17
"CBFA2T3","s1664_F_ADR_02_ASEReadCounter.table","NW_015090842.1:9711845",0,18,18
"CBFA2T3","s1664_F_ADR_02_ASEReadCounter.table","NW_015090842.1:9712157",0,30,30
"CBFA2T3","s1664_F_ADR_02_ASEReadCounter.table","NW_015090842.1:9712160",0,26,26
"CBFA2T3","s1664_F_ADR_02_ASEReadCounter.table","NW_015090842.1:9712166",0,27,27
"CBFA2T3","s1664_F_ADR_02_ASEReadCounter.table","NW_015090842.1:9712536",3,18,15
"CBFA2T3","s1664_F_ADR_02_ASEReadCounter.table","NW_015090842.1:9712673",6,23,17
"CBFA2T3","s1664_F_ADR_02_ASEReadCounter.table","NW_015090842.1:9712787",12,33,21
"CBFA2T3","s1664_F_ADR_02_ASEReadCounter.table","NW_015090842.1:9712791",12,30,18
"CBFA2T3","s1664_F_ADR_02_ASEReadCounter.table","NW_015090842.1:9712805",10,23,13
"CBFA2T3","s1664_F_ADR_02_ASEReadCounter.table","NW_015090842.1:9712811",11,31,20
"CBFA2T3","s1664_F_ADR_02_ASEReadCounter.table","NW_015090842.1:9712848",14,36,22
"CBFA2T3","s1664_F_ADR_02_ASEReadCounter.table","NW_015090842.1:9713088",17,36,19
"CBFA2T3","s1664_F_ADR_02_ASEReadCounter.table","NW_015090842.1:9713121",12,32,20
"CBFA2T3","s1664_F_ADR_02_ASEReadCounter.table","NW_015090842.1:9717058",24,56,32
"CBFA2T3","s1664_F_ADR_02_ASEReadCounter.table","NW_015090842.1:9717093",25,50,25
"CBFA2T3","s1664_F_ADR_02_ASEReadCounter.table","NW_015090842.1:9717114",27,48,21
"CBFA2T3","s1664_F_ADR_02_ASEReadCounter.table","NW_015090842.1:9717139",23,40,17
"CBFA2T3","s1664_F_ADR_02_ASEReadCounter.table","NW_015090842.1:9719788",11,22,11
"CBFA2T3","s1664_F_ADR_02_ASEReadCounter.table","NW_015090842.1:9728475",1,5,4
"CBFA2T3","s1664_F_ADR_02_ASEReadCounter.table","NW_015090842.1:9728522",1,4,3
"CBFA2T3","s1664_F_ADR_02_ASEReadCounter.table","NW_015090842.1:9728525",1,3,2
"CBFA2T3","s1664_F_ADR_02_ASEReadCounter.table","NW_015090842.1:9728588",0,1,1
"CBFA2T3","s1664_F_ADR_02_ASEReadCounter.table","NW_015090842.1:9728601",0,1,1
"CBFA2T3","s1664_F_ADR_02_ASEReadCounter.table","NW_015090842.1:9728611",0,1,1
"CBFA2T3","s1664_F_ADR_02_ASEReadCounter.table","NW_015090842.1:9728654",0,2,2
"ACSF3","s1664_F_ADR_02_ASEReadCounter.table","NW_015090842.1:9773379",0,3,3
"ACSF3","s1664_F_ADR_02_ASEReadCounter.table","NW_015090842.1:9773382",0,3,3
"ACSF3","s1664_F_ADR_02_ASEReadCounter.table","NW_015090842.1:9773384",0,3,3
"ACSF3","s1664_F_ADR_02_ASEReadCounter.table","NW_015090842.1:9773388",1,9,8
"ACSF3","s1664_F_ADR_02_ASEReadCounter.table","NW_015090842.1:9776753",34,60,26
"ACSF3","s1664_F_ADR_02_ASEReadCounter.table","NW_015090842.1:9776783",40,65,25
"ACSF3","s1664_F_ADR_02_ASEReadCounter.table","NW_015090842.1:9776879",45,65,20
"ACSF3","s1664_F_ADR_02_ASEReadCounter.table","NW_015090842.1:9776965",57,94,37
"ACSF3","s1664_F_ADR_02_ASEReadCounter.table","NW_015090842.1:9777091",65,109,44
"ACSF3","s1664_F_ADR_02_ASEReadCounter.table","NW_015090842.1:9777206",51,82,31
"ACSF3","s1664_F_ADR_02_ASEReadCounter.table","NW_015090842.1:9777283",69,118,49
"ACSF3","s1664_F_ADR_02_ASEReadCounter.table","NW_015090842.1:9778955",72,122,50
"ACSF3","s1664_F_ADR_02_ASEReadCounter.table","NW_015090842.1:9778997",68,143,75
"ACSF3","s1664_F_ADR_02_ASEReadCounter.table","NW_015090842.1:9789311",81,132,51
"ACSF3","s1664_F_ADR_02_ASEReadCounter.table","NW_015090842.1:9789906",6,60,54
"ACSF3","s1664_F_ADR_02_ASEReadCounter.table","NW_015090842.1:9834743",74,155,81
"ACSF3","s1664_F_ADR_02_ASEReadCounter.table","NW_015090842.1:9834852",79,152,73
"ACSF3","s1664_F_ADR_02_ASEReadCounter.table","NW_015090842.1:9834861",71,141,70
"ACSF3","s1664_F_ADR_02_ASEReadCounter.table","NW_015090842.1:9839359",42,76,34
"ACSF3","s1664_F_ADR_02_ASEReadCounter.table","NW_015090842.1:9839378",41,74,33
"ACSF3","s1664_F_ADR_02_ASEReadCounter.table","NW_015090842.1:9839455",34,74,40
"ACSF3","s1664_F_ADR_02_ASEReadCounter.table","NW_015090842.1:9839457",35,74,39
"ACSF3","s1664_F_ADR_02_ASEReadCounter.table","NW_015090842.1:9839489",27,64,37
"ACSF3","s1664_F_ADR_02_ASEReadCounter.table","NW_015090842.1:9839500",22,53,31
"ACSF3","s1664_F_ADR_02_ASEReadCounter.table","NW_015090842.1:9839501",22,52,30
"ACSF3","s1664_F_ADR_02_ASEReadCounter.table","NW_015090842.1:9839504",25,56,31
"ACSF3","s1664_F_ADR_02_ASEReadCounter.table","NW_015090842.1:9839512",17,41,24
"ACSF3","s1664_F_ADR_02_ASEReadCounter.table","NW_015090842.1:9839527",16,37,21
"ACSF3","s1664_F_ADR_02_ASEReadCounter.table","NW_015090842.1:9839533",12,29,17
"ACSF3","s1664_F_ADR_02_ASEReadCounter.table","NW_015090842.1:9839535",12,28,16
"ACSF3","s1664_F_ADR_02_ASEReadCounter.table","NW_015090842.1:9839545",9,20,11
"ACSF3","s1664_F_ADR_02_ASEReadCounter.table","NW_015090842.1:9839550",8,19,11
"ACSF3","s1664_F_ADR_02_ASEReadCounter.table","NW_015090842.1:9839551",8,19,11
"CDH15","s1664_F_ADR_02_ASEReadCounter.table","NW_015090842.1:9847163",2,2,0
"CDH15","s1664_F_ADR_02_ASEReadCounter.table","NW_015090842.1:9847174",2,2,0
"CDH15","s1664_F_ADR_02_ASEReadCounter.table","NW_015090842.1:9848004",2,2,0
"CDH15","s1664_F_ADR_02_ASEReadCounter.table","NW_015090842.1:9848220",1,1,0
"CDH15","s1664_F_ADR_02_ASEReadCounter.table","NW_015090842.1:9848307",1,1,0
"CDH15","s1664_F_ADR_02_ASEReadCounter.table","NW_015090842.1:9848310",1,1,0
"CDH15","s1664_F_ADR_02_ASEReadCounter.table","NW_015090842.1:9848313",1,1,0
"CDH15","s1664_F_ADR_02_ASEReadCounter.table","NW_015090842.1:9849086",1,1,0
"CDH15","s1664_F_ADR_02_ASEReadCounter.table","NW_015090842.1:9849473",1,2,1
"CDH15","s1664_F_ADR_02_ASEReadCounter.table","NW_015090842.1:9850141",0,1,1
"SLC22A31","s1664_F_ADR_02_ASEReadCounter.table","NW_015090842.1:9850797",1,1,0
"SLC22A31","s1664_F_ADR_02_ASEReadCounter.table","NW_015090842.1:9850818",1,1,0
"SLC22A31","s1664_F_ADR_02_ASEReadCounter.table","NW_015090842.1:9850929",1,2,1
"SLC22A31","s1664_F_ADR_02_ASEReadCounter.table","NW_015090842.1:9850936",1,2,1
"SLC22A31","s1664_F_ADR_02_ASEReadCounter.table","NW_015090842.1:9850940",1,2,1
"SLC22A31","s1664_F_ADR_02_ASEReadCounter.table","NW_015090842.1:9850948",1,2,1
"SLC22A31","s1664_F_ADR_02_ASEReadCounter.table","NW_015090842.1:9850961",1,2,1
"SLC22A31","s1664_F_ADR_02_ASEReadCounter.table","NW_015090842.1:9850970",1,2,1
"SLC22A31","s1664_F_ADR_02_ASEReadCounter.table","NW_015090842.1:9850978",1,1,0
"SLC22A31","s1664_F_ADR_02_ASEReadCounter.table","NW_015090842.1:9850981",1,1,0
"SLC22A31","s1664_F_ADR_02_ASEReadCounter.table","NW_015090842.1:9851117",15,24,9
"SLC22A31","s1664_F_ADR_02_ASEReadCounter.table","NW_015090842.1:9851130",15,23,8
"SLC22A31","s1664_F_ADR_02_ASEReadCounter.table","NW_015090842.1:9851139",15,24,9
"SLC22A31","s1664_F_ADR_02_ASEReadCounter.table","NW_015090842.1:9851265",22,39,17
"SLC22A31","s1664_F_ADR_02_ASEReadCounter.table","NW_015090842.1:9851302",26,43,17
"SLC22A31","s1664_F_ADR_02_ASEReadCounter.table","NW_015090842.1:9851303",27,43,16
"SLC22A31","s1664_F_ADR_02_ASEReadCounter.table","NW_015090842.1:9851305",27,44,17
"SLC22A31","s1664_F_ADR_02_ASEReadCounter.table","NW_015090842.1:9851343",33,43,10
"SLC22A31","s1664_F_ADR_02_ASEReadCounter.table","NW_015090842.1:9851344",39,50,11
"SLC22A31","s1664_F_ADR_02_ASEReadCounter.table","NW_015090842.1:9851361",49,49,0
"SLC22A31","s1664_F_ADR_02_ASEReadCounter.table","NW_015090842.1:9851381",38,53,15
"SLC22A31","s1664_F_ADR_02_ASEReadCounter.table","NW_015090842.1:9851421",43,64,21
"SLC22A31","s1664_F_ADR_02_ASEReadCounter.table","NW_015090842.1:9851501",32,48,16
"SLC22A31","s1664_F_ADR_02_ASEReadCounter.table","NW_015090842.1:9851526",34,55,21
"SLC22A31","s1664_F_ADR_02_ASEReadCounter.table","NW_015090842.1:9851589",51,67,16
"SLC22A31","s1664_F_ADR_02_ASEReadCounter.table","NW_015090842.1:9851712",53,73,20
"SLC22A31","s1664_F_ADR_02_ASEReadCounter.table","NW_015090842.1:9851899",38,65,27
"SLC22A31","s1664_F_ADR_02_ASEReadCounter.table","NW_015090842.1:9852139",58,98,40
"SLC22A31","s1664_F_ADR_02_ASEReadCounter.table","NW_015090842.1:9852380",60,96,36
"SLC22A31","s1664_F_ADR_02_ASEReadCounter.table","NW_015090842.1:9852431",41,72,31
"SLC22A31","s1664_F_ADR_02_ASEReadCounter.table","NW_015090842.1:9852630",61,86,25
"SLC22A31","s1664_F_ADR_02_ASEReadCounter.table","NW_015090842.1:9852711",33,55,22
"SLC22A31","s1664_F_ADR_02_ASEReadCounter.table","NW_015090842.1:9853099",37,48,11
"SLC22A31","s1664_F_ADR_02_ASEReadCounter.table","NW_015090842.1:9853102",35,47,12
"SLC22A31","s1664_F_ADR_02_ASEReadCounter.table","NW_015090842.1:9853421",27,27,0
"SLC22A31","s1664_F_ADR_02_ASEReadCounter.table","NW_015090842.1:9853457",30,31,1
"SLC22A31","s1664_F_ADR_02_ASEReadCounter.table","NW_015090842.1:9853502",26,27,1
"ANKRD11","s1664_F_ADR_02_ASEReadCounter.table","NW_015090842.1:9858863",2,13,11
"ANKRD11","s1664_F_ADR_02_ASEReadCounter.table","NW_015090842.1:9859101",91,193,102
"ANKRD11","s1664_F_ADR_02_ASEReadCounter.table","NW_015090842.1:9859352",107,247,140
"ANKRD11","s1664_F_ADR_02_ASEReadCounter.table","NW_015090842.1:9859381",65,162,97
"ANKRD11","s1664_F_ADR_02_ASEReadCounter.table","NW_015090842.1:9859679",111,239,128
"ANKRD11","s1664_F_ADR_02_ASEReadCounter.table","NW_015090842.1:9861097",102,222,120
"ANKRD11","s1664_F_ADR_02_ASEReadCounter.table","NW_015090842.1:9862571",70,133,63
"ANKRD11","s1664_F_ADR_02_ASEReadCounter.table","NW_015090842.1:9862652",48,83,35
"ANKRD11","s1664_F_ADR_02_ASEReadCounter.table","NW_015090842.1:9866071",0,95,95
"ANKRD11","s1664_F_ADR_02_ASEReadCounter.table","NW_015090842.1:9866200",0,100,100
"ANKRD11","s1664_F_ADR_02_ASEReadCounter.table","NW_015090842.1:9867391",34,79,45
"ANKRD11","s1664_F_ADR_02_ASEReadCounter.table","NW_015090842.1:9867472",70,142,72
"ANKRD11","s1664_F_ADR_02_ASEReadCounter.table","NW_015090842.1:9867559",64,144,80
"ANKRD11","s1664_F_ADR_02_ASEReadCounter.table","NW_015090842.1:9867667",80,156,76
"ANKRD11","s1664_F_ADR_02_ASEReadCounter.table","NW_015090842.1:9867934",76,154,78
"ANKRD11","s1664_F_ADR_02_ASEReadCounter.table","NW_015090842.1:9868064",76,151,75
"ANKRD11","s1664_F_ADR_02_ASEReadCounter.table","NW_015090842.1:9868093",76,156,80
"ANKRD11","s1664_F_ADR_02_ASEReadCounter.table","NW_015090842.1:9868222",81,159,78
"ANKRD11","s1664_F_ADR_02_ASEReadCounter.table","NW_015090842.1:9868327",64,152,88
"ANKRD11","s1664_F_ADR_02_ASEReadCounter.table","NW_015090842.1:9868414",90,199,109
"ANKRD11","s1664_F_ADR_02_ASEReadCounter.table","NW_015090842.1:9868441",89,185,96
"ANKRD11","s1664_F_ADR_02_ASEReadCounter.table","NW_015090842.1:9868444",87,190,103
"ANKRD11","s1664_F_ADR_02_ASEReadCounter.table","NW_015090842.1:9868519",86,201,115
"ANKRD11","s1664_F_ADR_02_ASEReadCounter.table","NW_015090842.1:9868609",106,215,109
"ANKRD11","s1664_F_ADR_02_ASEReadCounter.table","NW_015090842.1:9868666",112,238,126
"ANKRD11","s1664_F_ADR_02_ASEReadCounter.table","NW_015090842.1:9868738",263,264,1
"ANKRD11","s1664_F_ADR_02_ASEReadCounter.table","NW_015090842.1:9869431",84,175,91
"ANKRD11","s1664_F_ADR_02_ASEReadCounter.table","NW_015090842.1:9869578",112,244,132
"ANKRD11","s1664_F_ADR_02_ASEReadCounter.table","NW_015090842.1:9869734",153,303,150
"ANKRD11","s1664_F_ADR_02_ASEReadCounter.table","NW_015090842.1:9870070",114,220,106
"ANKRD11","s1664_F_ADR_02_ASEReadCounter.table","NW_015090842.1:9870349",105,211,106
"ANKRD11","s1664_F_ADR_02_ASEReadCounter.table","NW_015090842.1:9870604",100,216,116
"ANKRD11","s1664_F_ADR_02_ASEReadCounter.table","NW_015090842.1:9870613",107,232,125
"ANKRD11","s1664_F_ADR_02_ASEReadCounter.table","NW_015090842.1:9870685",122,273,151
"ANKRD11","s1664_F_ADR_02_ASEReadCounter.table","NW_015090842.1:9870760",112,250,138
"ANKRD11","s1664_F_ADR_02_ASEReadCounter.table","NW_015090842.1:9870847",105,235,130
"ANKRD11","s1664_F_ADR_02_ASEReadCounter.table","NW_015090842.1:9871103",93,176,83
"ANKRD11","s1664_F_ADR_02_ASEReadCounter.table","NW_015090842.1:9871165",86,201,115
"ANKRD11","s1664_F_ADR_02_ASEReadCounter.table","NW_015090842.1:9871508",194,194,0
"ANKRD11","s1664_F_ADR_02_ASEReadCounter.table","NW_015090842.1:9871820",48,121,73
"ANKRD11","s1664_F_ADR_02_ASEReadCounter.table","NW_015090842.1:9872118",76,157,81
"ANKRD11","s1664_F_ADR_02_ASEReadCounter.table","NW_015090842.1:9877406",70,134,64
"SPG7","s1664_F_ADR_02_ASEReadCounter.table","NW_015090842.1:10051190",251,508,257
"SPG7","s1664_F_ADR_02_ASEReadCounter.table","NW_015090842.1:10051218",262,557,295
"SPG7","s1664_F_ADR_02_ASEReadCounter.table","NW_015090842.1:10052348",305,597,292
"SPG7","s1664_F_ADR_02_ASEReadCounter.table","NW_015090842.1:10052366",309,603,294
"SPG7","s1664_F_ADR_02_ASEReadCounter.table","NW_015090842.1:10065173",246,515,269
"SPG7","s1664_F_ADR_02_ASEReadCounter.table","NW_015090842.1:10065215",257,505,248
"SPG7","s1664_F_ADR_02_ASEReadCounter.table","NW_015090842.1:10066365",183,404,221
"SPG7","s1664_F_ADR_02_ASEReadCounter.table","NW_015090842.1:10069752",242,516,274
"SPG7","s1664_F_ADR_02_ASEReadCounter.table","NW_015090842.1:10069800",274,586,312
"SPG7","s1664_F_ADR_02_ASEReadCounter.table","NW_015090842.1:10071192",271,613,342
"SPG7","s1664_F_ADR_02_ASEReadCounter.table","NW_015090842.1:10071219",246,564,318
"SPG7","s1664_F_ADR_02_ASEReadCounter.table","NW_015090842.1:10071967",245,506,261
"SPG7","s1664_F_ADR_02_ASEReadCounter.table","NW_015090842.1:10075109",307,614,307
"SPG7","s1664_F_ADR_02_ASEReadCounter.table","NW_015090842.1:10075114",315,620,305
"SPG7","s1664_F_ADR_02_ASEReadCounter.table","NW_015090842.1:10075198",261,480,219
"SPG7","s1664_F_ADR_02_ASEReadCounter.table","NW_015090842.1:10075487",147,310,163
"SPG7","s1664_F_ADR_02_ASEReadCounter.table","NW_015090842.1:10075488",146,317,171
"SPG7","s1664_F_ADR_02_ASEReadCounter.table","NW_015090842.1:10075548",106,231,125
"RPL13","s1664_F_ADR_02_ASEReadCounter.table","NW_015090842.1:10077387",768,1705,937
"RPL13","s1664_F_ADR_02_ASEReadCounter.table","NW_015090842.1:10077978",1203,2699,1496
"RPL13","s1664_F_ADR_02_ASEReadCounter.table","NW_015090842.1:10077992",1216,2647,1431
"CPNE7","s1664_F_ADR_02_ASEReadCounter.table","NW_015090842.1:10084001",1,2,1
"CPNE7","s1664_F_ADR_02_ASEReadCounter.table","NW_015090842.1:10084892",1,1,0
"CPNE7","s1664_F_ADR_02_ASEReadCounter.table","NW_015090842.1:10084921",1,1,0
"CPNE7","s1664_F_ADR_02_ASEReadCounter.table","NW_015090842.1:10084935",1,1,0
"CPNE7","s1664_F_ADR_02_ASEReadCounter.table","NW_015090842.1:10088134",1,1,0
"CPNE7","s1664_F_ADR_02_ASEReadCounter.table","NW_015090842.1:10088146",1,1,0
"CPNE7","s1664_F_ADR_02_ASEReadCounter.table","NW_015090842.1:10088940",2,2,0
"CPNE7","s1664_F_ADR_02_ASEReadCounter.table","NW_015090842.1:10088965",2,2,0
"CPNE7","s1664_F_ADR_02_ASEReadCounter.table","NW_015090842.1:10088967",3,3,0
"CPNE7","s1664_F_ADR_02_ASEReadCounter.table","NW_015090842.1:10088973",3,3,0
"CPNE7","s1664_F_ADR_02_ASEReadCounter.table","NW_015090842.1:10090924",1,1,0
"CPNE7","s1664_F_ADR_02_ASEReadCounter.table","NW_015090842.1:10090930",1,1,0
"CPNE7","s1664_F_ADR_02_ASEReadCounter.table","NW_015090842.1:10091075",1,2,1
"CPNE7","s1664_F_ADR_02_ASEReadCounter.table","NW_015090842.1:10091488",1,1,0
"CPNE7","s1664_F_ADR_02_ASEReadCounter.table","NW_015090842.1:10091491",1,1,0
"CPNE7","s1664_F_ADR_02_ASEReadCounter.table","NW_015090842.1:10091530",1,1,0
"CPNE7","s1664_F_ADR_02_ASEReadCounter.table","NW_015090842.1:10091875",1,1,0
"LOC106888185","s1664_F_ADR_02_ASEReadCounter.table","NW_015090842.1:10094965",0,11,11
"LOC106888185","s1664_F_ADR_02_ASEReadCounter.table","NW_015090842.1:10094966",0,11,11
"LOC106888185","s1664_F_ADR_02_ASEReadCounter.table","NW_015090842.1:10094985",0,12,12
"LOC106888185","s1664_F_ADR_02_ASEReadCounter.table","NW_015090842.1:10095055",0,12,12
"LOC106888185","s1664_F_ADR_02_ASEReadCounter.table","NW_015090842.1:10095062",0,7,7
"LOC106888185","s1664_F_ADR_02_ASEReadCounter.table","NW_015090842.1:10095130",1,17,16
"LOC106888185","s1664_F_ADR_02_ASEReadCounter.table","NW_015090842.1:10095265",43,98,55
"LOC106888185","s1664_F_ADR_02_ASEReadCounter.table","NW_015090842.1:10095586",58,150,92
"LOC106888185","s1664_F_ADR_02_ASEReadCounter.table","NW_015090842.1:10095593",68,160,92
"LOC106888185","s1664_F_ADR_02_ASEReadCounter.table","NW_015090842.1:10095616",57,148,91
"LOC106888185","s1664_F_ADR_02_ASEReadCounter.table","NW_015090842.1:10095662",54,131,77
"LOC106888185","s1664_F_ADR_02_ASEReadCounter.table","NW_015090842.1:10095674",52,126,74
"LOC106888185","s1664_F_ADR_02_ASEReadCounter.table","NW_015090842.1:10095786",41,111,70
"LOC106888185","s1664_F_ADR_02_ASEReadCounter.table","NW_015090842.1:10095831",51,113,62
"LOC106888185","s1664_F_ADR_02_ASEReadCounter.table","NW_015090842.1:10096230",58,165,107
"LOC106888185","s1664_F_ADR_02_ASEReadCounter.table","NW_015090842.1:10096249",67,176,109
"LOC106888185","s1664_F_ADR_02_ASEReadCounter.table","NW_015090842.1:10096272",71,181,110
"LOC106888185","s1664_F_ADR_02_ASEReadCounter.table","NW_015090842.1:10096288",77,174,97
"LOC106888185","s1664_F_ADR_02_ASEReadCounter.table","NW_015090842.1:10097248",60,167,107
"LOC106888185","s1664_F_ADR_02_ASEReadCounter.table","NW_015090842.1:10097265",67,196,129
"LOC106888185","s1664_F_ADR_02_ASEReadCounter.table","NW_015090842.1:10097446",9,43,34
"DPEP1","s1664_F_ADR_02_ASEReadCounter.table","NW_015090842.1:10098017",1,8,7
"DPEP1","s1664_F_ADR_02_ASEReadCounter.table","NW_015090842.1:10098518",2,8,6
"DPEP1","s1664_F_ADR_02_ASEReadCounter.table","NW_015090842.1:10098595",4,17,13
"DPEP1","s1664_F_ADR_02_ASEReadCounter.table","NW_015090842.1:10098597",4,16,12
"DPEP1","s1664_F_ADR_02_ASEReadCounter.table","NW_015090842.1:10098601",4,17,13
"DPEP1","s1664_F_ADR_02_ASEReadCounter.table","NW_015090842.1:10098608",4,15,11
"DPEP1","s1664_F_ADR_02_ASEReadCounter.table","NW_015090842.1:10098630",4,19,15
"DPEP1","s1664_F_ADR_02_ASEReadCounter.table","NW_015090842.1:10098659",5,19,14
"DPEP1","s1664_F_ADR_02_ASEReadCounter.table","NW_015090842.1:10099765",6,23,17
"DPEP1","s1664_F_ADR_02_ASEReadCounter.table","NW_015090842.1:10099985",6,22,16
"DPEP1","s1664_F_ADR_02_ASEReadCounter.table","NW_015090842.1:10099986",6,22,16
"DPEP1","s1664_F_ADR_02_ASEReadCounter.table","NW_015090842.1:10099991",6,23,17
"DPEP1","s1664_F_ADR_02_ASEReadCounter.table","NW_015090842.1:10100044",7,19,12
"DPEP1","s1664_F_ADR_02_ASEReadCounter.table","NW_015090842.1:10100045",8,21,13
"DPEP1","s1664_F_ADR_02_ASEReadCounter.table","NW_015090842.1:10100084",7,18,11
"DPEP1","s1664_F_ADR_02_ASEReadCounter.table","NW_015090842.1:10100295",7,14,7
"DPEP1","s1664_F_ADR_02_ASEReadCounter.table","NW_015090842.1:10100529",7,20,13
"DPEP1","s1664_F_ADR_02_ASEReadCounter.table","NW_015090842.1:10100893",4,23,19
"DPEP1","s1664_F_ADR_02_ASEReadCounter.table","NW_015090842.1:10100902",4,22,18
"DPEP1","s1664_F_ADR_02_ASEReadCounter.table","NW_015090842.1:10101072",6,18,12
"DPEP1","s1664_F_ADR_02_ASEReadCounter.table","NW_015090842.1:10101199",3,18,15
"DPEP1","s1664_F_ADR_02_ASEReadCounter.table","NW_015090842.1:10101483",4,20,16
"DPEP1","s1664_F_ADR_02_ASEReadCounter.table","NW_015090842.1:10101497",6,25,19
"DPEP1","s1664_F_ADR_02_ASEReadCounter.table","NW_015090842.1:10101525",4,26,22
"DPEP1","s1664_F_ADR_02_ASEReadCounter.table","NW_015090842.1:10101875",3,13,10
"DPEP1","s1664_F_ADR_02_ASEReadCounter.table","NW_015090842.1:10101913",2,12,10
"DPEP1","s1664_F_ADR_02_ASEReadCounter.table","NW_015090842.1:10101996",1,12,11
"DPEP1","s1664_F_ADR_02_ASEReadCounter.table","NW_015090842.1:10102014",1,8,7
"DPEP1","s1664_F_ADR_02_ASEReadCounter.table","NW_015090842.1:10102035",1,4,3
"CHMP1A","s1664_F_ADR_02_ASEReadCounter.table","NW_015090842.1:10102901",65,160,95
"CHMP1A","s1664_F_ADR_02_ASEReadCounter.table","NW_015090842.1:10102961",57,165,108
"CHMP1A","s1664_F_ADR_02_ASEReadCounter.table","NW_015090842.1:10102996",59,152,93
"CHMP1A","s1664_F_ADR_02_ASEReadCounter.table","NW_015090842.1:10103004",61,156,95
"CHMP1A","s1664_F_ADR_02_ASEReadCounter.table","NW_015090842.1:10103006",61,161,100
"CHMP1A","s1664_F_ADR_02_ASEReadCounter.table","NW_015090842.1:10103052",94,206,112
"CHMP1A","s1664_F_ADR_02_ASEReadCounter.table","NW_015090842.1:10103095",108,227,119
"CHMP1A","s1664_F_ADR_02_ASEReadCounter.table","NW_015090842.1:10103096",108,225,117
"CHMP1A","s1664_F_ADR_02_ASEReadCounter.table","NW_015090842.1:10103152",88,167,79
"CHMP1A","s1664_F_ADR_02_ASEReadCounter.table","NW_015090842.1:10103173",91,182,91
"CHMP1A","s1664_F_ADR_02_ASEReadCounter.table","NW_015090842.1:10103334",67,171,104
"CHMP1A","s1664_F_ADR_02_ASEReadCounter.table","NW_015090842.1:10103373",39,147,108
"CHMP1A","s1664_F_ADR_02_ASEReadCounter.table","NW_015090842.1:10103408",68,191,123
"CHMP1A","s1664_F_ADR_02_ASEReadCounter.table","NW_015090842.1:10103412",75,188,113
"CHMP1A","s1664_F_ADR_02_ASEReadCounter.table","NW_015090842.1:10103512",118,235,117
"CHMP1A","s1664_F_ADR_02_ASEReadCounter.table","NW_015090842.1:10103513",117,238,121
"CHMP1A","s1664_F_ADR_02_ASEReadCounter.table","NW_015090842.1:10103583",81,193,112
"CHMP1A","s1664_F_ADR_02_ASEReadCounter.table","NW_015090842.1:10103614",75,194,119
"CHMP1A","s1664_F_ADR_02_ASEReadCounter.table","NW_015090842.1:10103657",77,183,106
"CHMP1A","s1664_F_ADR_02_ASEReadCounter.table","NW_015090842.1:10103669",64,168,104
"CHMP1A","s1664_F_ADR_02_ASEReadCounter.table","NW_015090842.1:10103674",63,159,96
"CHMP1A","s1664_F_ADR_02_ASEReadCounter.table","NW_015090842.1:10103677",60,147,87
"CHMP1A","s1664_F_ADR_02_ASEReadCounter.table","NW_015090842.1:10103729",93,192,99
"CHMP1A","s1664_F_ADR_02_ASEReadCounter.table","NW_015090842.1:10103758",97,202,105
"CHMP1A","s1664_F_ADR_02_ASEReadCounter.table","NW_015090842.1:10103761",100,204,104
"CHMP1A","s1664_F_ADR_02_ASEReadCounter.table","NW_015090842.1:10103788",111,252,141
"CHMP1A","s1664_F_ADR_02_ASEReadCounter.table","NW_015090842.1:10103789",113,253,140
"CHMP1A","s1664_F_ADR_02_ASEReadCounter.table","NW_015090842.1:10103790",111,252,141
"CHMP1A","s1664_F_ADR_02_ASEReadCounter.table","NW_015090842.1:10103950",108,233,125
"CHMP1A","s1664_F_ADR_02_ASEReadCounter.table","NW_015090842.1:10104335",74,145,71
"CHMP1A","s1664_F_ADR_02_ASEReadCounter.table","NW_015090842.1:10104429",123,229,106
"CHMP1A","s1664_F_ADR_02_ASEReadCounter.table","NW_015090842.1:10104532",105,215,110
"CHMP1A","s1664_F_ADR_02_ASEReadCounter.table","NW_015090842.1:10104633",112,220,108
"CHMP1A","s1664_F_ADR_02_ASEReadCounter.table","NW_015090842.1:10104759",77,193,116
"CHMP1A","s1664_F_ADR_02_ASEReadCounter.table","NW_015090842.1:10104794",115,232,117
"CHMP1A","s1664_F_ADR_02_ASEReadCounter.table","NW_015090842.1:10104841",191,191,0
"CHMP1A","s1664_F_ADR_02_ASEReadCounter.table","NW_015090842.1:10104844",92,195,103
"CHMP1A","s1664_F_ADR_02_ASEReadCounter.table","NW_015090842.1:10106242",100,214,114
"CHMP1A","s1664_F_ADR_02_ASEReadCounter.table","NW_015090842.1:10106290",90,201,111
"CHMP1A","s1664_F_ADR_02_ASEReadCounter.table","NW_015090842.1:10106335",117,240,123
"CHMP1A","s1664_F_ADR_02_ASEReadCounter.table","NW_015090842.1:10106383",140,281,141
"CHMP1A","s1664_F_ADR_02_ASEReadCounter.table","NW_015090842.1:10106747",135,287,152
"CHMP1A","s1664_F_ADR_02_ASEReadCounter.table","NW_015090842.1:10107404",140,268,128
"CHMP1A","s1664_F_ADR_02_ASEReadCounter.table","NW_015090842.1:10107876",131,246,115
"CDK10","s1664_F_ADR_02_ASEReadCounter.table","NW_015090842.1:10109030",15,20,5
"CDK10","s1664_F_ADR_02_ASEReadCounter.table","NW_015090842.1:10109963",43,120,77
"CDK10","s1664_F_ADR_02_ASEReadCounter.table","NW_015090842.1:10110887",47,120,73
"CDK10","s1664_F_ADR_02_ASEReadCounter.table","NW_015090842.1:10111254",42,92,50
"CDK10","s1664_F_ADR_02_ASEReadCounter.table","NW_015090842.1:10111380",45,106,61
"CDK10","s1664_F_ADR_02_ASEReadCounter.table","NW_015090842.1:10111395",43,104,61
"CDK10","s1664_F_ADR_02_ASEReadCounter.table","NW_015090842.1:10111437",26,92,66
"CDK10","s1664_F_ADR_02_ASEReadCounter.table","NW_015090842.1:10111798",55,127,72
"CDK10","s1664_F_ADR_02_ASEReadCounter.table","NW_015090842.1:10111840",47,120,73
"CDK10","s1664_F_ADR_02_ASEReadCounter.table","NW_015090842.1:10112031",42,138,96
"CDK10","s1664_F_ADR_02_ASEReadCounter.table","NW_015090842.1:10112285",43,117,74
"CDK10","s1664_F_ADR_02_ASEReadCounter.table","NW_015090842.1:10112398",52,133,81
"CDK10","s1664_F_ADR_02_ASEReadCounter.table","NW_015090842.1:10112455",39,131,92
"CDK10","s1664_F_ADR_02_ASEReadCounter.table","NW_015090842.1:10112461",33,120,87
"CDK10","s1664_F_ADR_02_ASEReadCounter.table","NW_015090842.1:10112497",35,112,77
"CDK10","s1664_F_ADR_02_ASEReadCounter.table","NW_015090842.1:10112508",32,113,81
"CDK10","s1664_F_ADR_02_ASEReadCounter.table","NW_015090842.1:10112518",27,101,74
"CDK10","s1664_F_ADR_02_ASEReadCounter.table","NW_015090842.1:10112540",6,76,70
"CDK10","s1664_F_ADR_02_ASEReadCounter.table","NW_015090842.1:10112556",34,99,65
"CDK10","s1664_F_ADR_02_ASEReadCounter.table","NW_015090842.1:10112561",36,108,72
"CDK10","s1664_F_ADR_02_ASEReadCounter.table","NW_015090842.1:10112596",35,104,69
"CDK10","s1664_F_ADR_02_ASEReadCounter.table","NW_015090842.1:10112630",30,87,57
"CDK10","s1664_F_ADR_02_ASEReadCounter.table","NW_015090842.1:10112656",25,92,67
"CDK10","s1664_F_ADR_02_ASEReadCounter.table","NW_015090842.1:10112665",23,73,50
"CDK10","s1664_F_ADR_02_ASEReadCounter.table","NW_015090842.1:10112668",22,72,50
"CDK10","s1664_F_ADR_02_ASEReadCounter.table","NW_015090842.1:10112781",8,21,13
"CDK10","s1664_F_ADR_02_ASEReadCounter.table","NW_015090842.1:10112782",8,21,13
"CDK10","s1664_F_ADR_02_ASEReadCounter.table","NW_015090842.1:10112795",5,16,11
"CDK10","s1664_F_ADR_02_ASEReadCounter.table","NW_015090842.1:10112841",2,7,5
"CDK10","s1664_F_ADR_02_ASEReadCounter.table","NW_015090842.1:10112861",2,7,5
"SPATA2L","s1664_F_ADR_02_ASEReadCounter.table","NW_015090842.1:10113212",7,22,15
"SPATA2L","s1664_F_ADR_02_ASEReadCounter.table","NW_015090842.1:10113280",16,39,23
"SPATA2L","s1664_F_ADR_02_ASEReadCounter.table","NW_015090842.1:10113296",19,45,26
"SPATA2L","s1664_F_ADR_02_ASEReadCounter.table","NW_015090842.1:10113321",19,51,32
"SPATA2L","s1664_F_ADR_02_ASEReadCounter.table","NW_015090842.1:10113332",23,58,35
"SPATA2L","s1664_F_ADR_02_ASEReadCounter.table","NW_015090842.1:10113380",23,65,42
"SPATA2L","s1664_F_ADR_02_ASEReadCounter.table","NW_015090842.1:10113381",23,65,42
"SPATA2L","s1664_F_ADR_02_ASEReadCounter.table","NW_015090842.1:10113412",22,66,44
"SPATA2L","s1664_F_ADR_02_ASEReadCounter.table","NW_015090842.1:10113421",21,61,40
"SPATA2L","s1664_F_ADR_02_ASEReadCounter.table","NW_015090842.1:10113465",18,60,42
"SPATA2L","s1664_F_ADR_02_ASEReadCounter.table","NW_015090842.1:10113535",32,67,35
"SPATA2L","s1664_F_ADR_02_ASEReadCounter.table","NW_015090842.1:10113645",28,67,39
"SPATA2L","s1664_F_ADR_02_ASEReadCounter.table","NW_015090842.1:10113682",46,94,48
"SPATA2L","s1664_F_ADR_02_ASEReadCounter.table","NW_015090842.1:10113696",42,82,40
"SPATA2L","s1664_F_ADR_02_ASEReadCounter.table","NW_015090842.1:10113727",44,97,53
"SPATA2L","s1664_F_ADR_02_ASEReadCounter.table","NW_015090842.1:10113799",41,94,53
"SPATA2L","s1664_F_ADR_02_ASEReadCounter.table","NW_015090842.1:10113809",46,100,54
"SPATA2L","s1664_F_ADR_02_ASEReadCounter.table","NW_015090842.1:10113827",49,96,47
"SPATA2L","s1664_F_ADR_02_ASEReadCounter.table","NW_015090842.1:10113831",50,96,46
"SPATA2L","s1664_F_ADR_02_ASEReadCounter.table","NW_015090842.1:10113894",47,96,49
"SPATA2L","s1664_F_ADR_02_ASEReadCounter.table","NW_015090842.1:10113905",39,88,49
"SPATA2L","s1664_F_ADR_02_ASEReadCounter.table","NW_015090842.1:10113914",44,90,46
"SPATA2L","s1664_F_ADR_02_ASEReadCounter.table","NW_015090842.1:10113920",54,109,55
"SPATA2L","s1664_F_ADR_02_ASEReadCounter.table","NW_015090842.1:10113937",60,119,59
"SPATA2L","s1664_F_ADR_02_ASEReadCounter.table","NW_015090842.1:10113971",46,106,60
"SPATA2L","s1664_F_ADR_02_ASEReadCounter.table","NW_015090842.1:10113976",40,112,72
"SPATA2L","s1664_F_ADR_02_ASEReadCounter.table","NW_015090842.1:10113985",45,104,59
"SPATA2L","s1664_F_ADR_02_ASEReadCounter.table","NW_015090842.1:10113994",50,110,60
"SPATA2L","s1664_F_ADR_02_ASEReadCounter.table","NW_015090842.1:10114063",35,84,49
"SPATA2L","s1664_F_ADR_02_ASEReadCounter.table","NW_015090842.1:10114066",33,83,50
"SPATA2L","s1664_F_ADR_02_ASEReadCounter.table","NW_015090842.1:10114069",32,82,50
"SPATA2L","s1664_F_ADR_02_ASEReadCounter.table","NW_015090842.1:10114121",26,71,45
"SPATA2L","s1664_F_ADR_02_ASEReadCounter.table","NW_015090842.1:10114159",37,81,44
"SPATA2L","s1664_F_ADR_02_ASEReadCounter.table","NW_015090842.1:10114282",76,76,0
"SPATA2L","s1664_F_ADR_02_ASEReadCounter.table","NW_015090842.1:10114470",38,78,40
"SPATA2L","s1664_F_ADR_02_ASEReadCounter.table","NW_015090842.1:10114524",23,51,28
"VPS9D1","s1664_F_ADR_02_ASEReadCounter.table","NW_015090842.1:10116377",20,55,35
"VPS9D1","s1664_F_ADR_02_ASEReadCounter.table","NW_015090842.1:10116415",22,58,36
"VPS9D1","s1664_F_ADR_02_ASEReadCounter.table","NW_015090842.1:10116607",19,52,33
"VPS9D1","s1664_F_ADR_02_ASEReadCounter.table","NW_015090842.1:10116816",45,45,0
"VPS9D1","s1664_F_ADR_02_ASEReadCounter.table","NW_015090842.1:10116821",18,43,25
"VPS9D1","s1664_F_ADR_02_ASEReadCounter.table","NW_015090842.1:10116825",19,45,26
"VPS9D1","s1664_F_ADR_02_ASEReadCounter.table","NW_015090842.1:10116882",17,45,28
"VPS9D1","s1664_F_ADR_02_ASEReadCounter.table","NW_015090842.1:10116885",18,46,28
"VPS9D1","s1664_F_ADR_02_ASEReadCounter.table","NW_015090842.1:10116933",21,50,29
"VPS9D1","s1664_F_ADR_02_ASEReadCounter.table","NW_015090842.1:10116942",21,51,30
"VPS9D1","s1664_F_ADR_02_ASEReadCounter.table","NW_015090842.1:10117152",20,51,31
"VPS9D1","s1664_F_ADR_02_ASEReadCounter.table","NW_015090842.1:10117396",32,32,0
"VPS9D1","s1664_F_ADR_02_ASEReadCounter.table","NW_015090842.1:10117405",22,22,0
"VPS9D1","s1664_F_ADR_02_ASEReadCounter.table","NW_015090842.1:10117480",14,30,16
"VPS9D1","s1664_F_ADR_02_ASEReadCounter.table","NW_015090842.1:10117497",13,29,16
"VPS9D1","s1664_F_ADR_02_ASEReadCounter.table","NW_015090842.1:10117499",12,29,17
"VPS9D1","s1664_F_ADR_02_ASEReadCounter.table","NW_015090842.1:10117516",15,33,18
"VPS9D1","s1664_F_ADR_02_ASEReadCounter.table","NW_015090842.1:10117525",16,32,16
"VPS9D1","s1664_F_ADR_02_ASEReadCounter.table","NW_015090842.1:10117579",14,35,21
"VPS9D1","s1664_F_ADR_02_ASEReadCounter.table","NW_015090842.1:10117627",17,39,22
"VPS9D1","s1664_F_ADR_02_ASEReadCounter.table","NW_015090842.1:10117678",20,43,23
"VPS9D1","s1664_F_ADR_02_ASEReadCounter.table","NW_015090842.1:10117773",30,58,28
"VPS9D1","s1664_F_ADR_02_ASEReadCounter.table","NW_015090842.1:10117937",30,67,37
"VPS9D1","s1664_F_ADR_02_ASEReadCounter.table","NW_015090842.1:10117961",29,64,35
"VPS9D1","s1664_F_ADR_02_ASEReadCounter.table","NW_015090842.1:10118236",30,56,26
"VPS9D1","s1664_F_ADR_02_ASEReadCounter.table","NW_015090842.1:10118414",24,59,35
"VPS9D1","s1664_F_ADR_02_ASEReadCounter.table","NW_015090842.1:10118973",26,58,32
"VPS9D1","s1664_F_ADR_02_ASEReadCounter.table","NW_015090842.1:10119500",14,28,14
"ZNF276","s1664_F_ADR_02_ASEReadCounter.table","NW_015090842.1:10121760",7,10,3
"ZNF276","s1664_F_ADR_02_ASEReadCounter.table","NW_015090842.1:10121769",8,14,6
"ZNF276","s1664_F_ADR_02_ASEReadCounter.table","NW_015090842.1:10121802",11,21,10
"ZNF276","s1664_F_ADR_02_ASEReadCounter.table","NW_015090842.1:10121971",17,34,17
"ZNF276","s1664_F_ADR_02_ASEReadCounter.table","NW_015090842.1:10122883",13,30,17
"ZNF276","s1664_F_ADR_02_ASEReadCounter.table","NW_015090842.1:10123069",9,29,20
"ZNF276","s1664_F_ADR_02_ASEReadCounter.table","NW_015090842.1:10123207",21,39,18
"ZNF276","s1664_F_ADR_02_ASEReadCounter.table","NW_015090842.1:10125787",24,54,30
"ZNF276","s1664_F_ADR_02_ASEReadCounter.table","NW_015090842.1:10126309",31,55,24
"ZNF276","s1664_F_ADR_02_ASEReadCounter.table","NW_015090842.1:10126348",39,71,32
"ZNF276","s1664_F_ADR_02_ASEReadCounter.table","NW_015090842.1:10126978",43,72,29
"ZNF276","s1664_F_ADR_02_ASEReadCounter.table","NW_015090842.1:10126991",42,66,24
"ZNF276","s1664_F_ADR_02_ASEReadCounter.table","NW_015090842.1:10127023",42,69,27
"ZNF276","s1664_F_ADR_02_ASEReadCounter.table","NW_015090842.1:10127063",45,69,24
"ZNF276","s1664_F_ADR_02_ASEReadCounter.table","NW_015090842.1:10127373",37,59,22
"ZNF276","s1664_F_ADR_02_ASEReadCounter.table","NW_015090842.1:10127931",24,58,34
"ZNF276","s1664_F_ADR_02_ASEReadCounter.table","NW_015090842.1:10128070",40,80,40
"ZNF276","s1664_F_ADR_02_ASEReadCounter.table","NW_015090842.1:10128102",38,74,36
"ZNF276","s1664_F_ADR_02_ASEReadCounter.table","NW_015090842.1:10128356",17,39,22
"ZNF276","s1664_F_ADR_02_ASEReadCounter.table","NW_015090842.1:10128497",18,31,13
"FANCA","s1664_F_ADR_02_ASEReadCounter.table","NW_015090842.1:10128743",2,4,2
"FANCA","s1664_F_ADR_02_ASEReadCounter.table","NW_015090842.1:10128822",2,2,0
"FANCA","s1664_F_ADR_02_ASEReadCounter.table","NW_015090842.1:10129383",3,5,2
"FANCA","s1664_F_ADR_02_ASEReadCounter.table","NW_015090842.1:10129390",3,5,2
"FANCA","s1664_F_ADR_02_ASEReadCounter.table","NW_015090842.1:10129422",3,6,3
"FANCA","s1664_F_ADR_02_ASEReadCounter.table","NW_015090842.1:10129969",1,1,0
"FANCA","s1664_F_ADR_02_ASEReadCounter.table","NW_015090842.1:10130399",2,5,3
"FANCA","s1664_F_ADR_02_ASEReadCounter.table","NW_015090842.1:10130857",0,4,4
"FANCA","s1664_F_ADR_02_ASEReadCounter.table","NW_015090842.1:10130878",0,3,3
"FANCA","s1664_F_ADR_02_ASEReadCounter.table","NW_015090842.1:10133530",5,6,1
"FANCA","s1664_F_ADR_02_ASEReadCounter.table","NW_015090842.1:10133533",4,5,1
"FANCA","s1664_F_ADR_02_ASEReadCounter.table","NW_015090842.1:10133536",4,5,1
"FANCA","s1664_F_ADR_02_ASEReadCounter.table","NW_015090842.1:10133601",3,6,3
"FANCA","s1664_F_ADR_02_ASEReadCounter.table","NW_015090842.1:10134492",5,7,2
"FANCA","s1664_F_ADR_02_ASEReadCounter.table","NW_015090842.1:10134531",5,6,1
"FANCA","s1664_F_ADR_02_ASEReadCounter.table","NW_015090842.1:10136957",2,2,0
"FANCA","s1664_F_ADR_02_ASEReadCounter.table","NW_015090842.1:10136982",2,2,0
"FANCA","s1664_F_ADR_02_ASEReadCounter.table","NW_015090842.1:10136999",1,1,0
"FANCA","s1664_F_ADR_02_ASEReadCounter.table","NW_015090842.1:10137019",2,3,1
"FANCA","s1664_F_ADR_02_ASEReadCounter.table","NW_015090842.1:10137673",4,5,1
"FANCA","s1664_F_ADR_02_ASEReadCounter.table","NW_015090842.1:10138618",3,5,2
"FANCA","s1664_F_ADR_02_ASEReadCounter.table","NW_015090842.1:10139140",3,3,0
"FANCA","s1664_F_ADR_02_ASEReadCounter.table","NW_015090842.1:10140699",3,3,0
"FANCA","s1664_F_ADR_02_ASEReadCounter.table","NW_015090842.1:10141234",4,5,1
"FANCA","s1664_F_ADR_02_ASEReadCounter.table","NW_015090842.1:10145030",3,3,0
"FANCA","s1664_F_ADR_02_ASEReadCounter.table","NW_015090842.1:10150518",2,4,2
"FANCA","s1664_F_ADR_02_ASEReadCounter.table","NW_015090842.1:10152863",5,5,0
"FANCA","s1664_F_ADR_02_ASEReadCounter.table","NW_015090842.1:10154490",3,3,0
"FANCA","s1664_F_ADR_02_ASEReadCounter.table","NW_015090842.1:10158162",2,3,1
"FANCA","s1664_F_ADR_02_ASEReadCounter.table","NW_015090842.1:10158957",4,5,1
"FANCA","s1664_F_ADR_02_ASEReadCounter.table","NW_015090842.1:10160177",2,2,0
"FANCA","s1664_F_ADR_02_ASEReadCounter.table","NW_015090842.1:10162980",2,4,2
"FANCA","s1664_F_ADR_02_ASEReadCounter.table","NW_015090842.1:10163667",1,2,1
"SPIRE2","s1664_F_ADR_02_ASEReadCounter.table","NW_015090842.1:10172284",6,14,8
"SPIRE2","s1664_F_ADR_02_ASEReadCounter.table","NW_015090842.1:10175262",15,25,10
"SPIRE2","s1664_F_ADR_02_ASEReadCounter.table","NW_015090842.1:10175352",7,8,1
"SPIRE2","s1664_F_ADR_02_ASEReadCounter.table","NW_015090842.1:10175400",23,38,15
"SPIRE2","s1664_F_ADR_02_ASEReadCounter.table","NW_015090842.1:10175418",26,43,17
"SPIRE2","s1664_F_ADR_02_ASEReadCounter.table","NW_015090842.1:10175704",26,52,26
"SPIRE2","s1664_F_ADR_02_ASEReadCounter.table","NW_015090842.1:10176115",18,59,41
"SPIRE2","s1664_F_ADR_02_ASEReadCounter.table","NW_015090842.1:10176561",25,49,24
"SPIRE2","s1664_F_ADR_02_ASEReadCounter.table","NW_015090842.1:10176817",20,57,37
"SPIRE2","s1664_F_ADR_02_ASEReadCounter.table","NW_015090842.1:10177084",13,44,31
"SPIRE2","s1664_F_ADR_02_ASEReadCounter.table","NW_015090842.1:10177110",16,41,25
"SPIRE2","s1664_F_ADR_02_ASEReadCounter.table","NW_015090842.1:10177838",21,40,19
"SPIRE2","s1664_F_ADR_02_ASEReadCounter.table","NW_015090842.1:10178000",32,52,20
"SPIRE2","s1664_F_ADR_02_ASEReadCounter.table","NW_015090842.1:10178164",33,58,25
"SPIRE2","s1664_F_ADR_02_ASEReadCounter.table","NW_015090842.1:10178216",27,53,26
"SPIRE2","s1664_F_ADR_02_ASEReadCounter.table","NW_015090842.1:10178403",22,52,30
"SPIRE2","s1664_F_ADR_02_ASEReadCounter.table","NW_015090842.1:10178409",23,55,32
"SPIRE2","s1664_F_ADR_02_ASEReadCounter.table","NW_015090842.1:10178524",16,27,11
"SPIRE2","s1664_F_ADR_02_ASEReadCounter.table","NW_015090842.1:10178526",16,27,11
"SPIRE2","s1664_F_ADR_02_ASEReadCounter.table","NW_015090842.1:10178531",17,28,11
"SPIRE2","s1664_F_ADR_02_ASEReadCounter.table","NW_015090842.1:10178565",15,27,12
"SPIRE2","s1664_F_ADR_02_ASEReadCounter.table","NW_015090842.1:10178587",14,25,11
"SPIRE2","s1664_F_ADR_02_ASEReadCounter.table","NW_015090842.1:10178640",7,19,12
"SPIRE2","s1664_F_ADR_02_ASEReadCounter.table","NW_015090842.1:10178651",8,20,12
"SPIRE2","s1664_F_ADR_02_ASEReadCounter.table","NW_015090842.1:10178682",8,17,9
"TCF25","s1664_F_ADR_02_ASEReadCounter.table","NW_015090842.1:10180912",35,79,44
"TCF25","s1664_F_ADR_02_ASEReadCounter.table","NW_015090842.1:10180924",37,78,41
"TCF25","s1664_F_ADR_02_ASEReadCounter.table","NW_015090842.1:10180931",37,78,41
"TCF25","s1664_F_ADR_02_ASEReadCounter.table","NW_015090842.1:10185332",137,255,118
"TCF25","s1664_F_ADR_02_ASEReadCounter.table","NW_015090842.1:10188816",136,233,97
"DBNDD1","s1664_F_ADR_02_ASEReadCounter.table","NW_015090842.1:10223105",24,63,39
"GAS8","s1664_F_ADR_02_ASEReadCounter.table","NW_015090842.1:10228982",49,100,51
"GAS8","s1664_F_ADR_02_ASEReadCounter.table","NW_015090842.1:10229832",23,53,30
"GAS8","s1664_F_ADR_02_ASEReadCounter.table","NW_015090842.1:10232375",18,47,29
"GAS8","s1664_F_ADR_02_ASEReadCounter.table","NW_015090842.1:10232901",16,56,40
"GAS8","s1664_F_ADR_02_ASEReadCounter.table","NW_015090842.1:10232928",19,55,36
"GAS8","s1664_F_ADR_02_ASEReadCounter.table","NW_015090842.1:10232967",21,56,35
"GAS8","s1664_F_ADR_02_ASEReadCounter.table","NW_015090842.1:10233032",16,41,25
"GAS8","s1664_F_ADR_02_ASEReadCounter.table","NW_015090842.1:10233057",17,40,23
"GAS8","s1664_F_ADR_02_ASEReadCounter.table","NW_015090842.1:10233058",17,39,22
"GAS8","s1664_F_ADR_02_ASEReadCounter.table","NW_015090842.1:10233176",11,24,13
"GAS8","s1664_F_ADR_02_ASEReadCounter.table","NW_015090842.1:10233196",12,27,15
"GAS8","s1664_F_ADR_02_ASEReadCounter.table","NW_015090842.1:10233252",11,28,17
"GAS8","s1664_F_ADR_02_ASEReadCounter.table","NW_015090842.1:10233303",4,10,6
"LOC106888094","s1664_F_ADR_02_ASEReadCounter.table","NW_015090842.1:10233334",5,61,56
"LOC106888094","s1664_F_ADR_02_ASEReadCounter.table","NW_015090842.1:10233362",15,104,89
"LOC106888094","s1664_F_ADR_02_ASEReadCounter.table","NW_015090842.1:10233373",18,128,110
"LOC106888094","s1664_F_ADR_02_ASEReadCounter.table","NW_015090842.1:10233388",26,144,118
"LOC106888094","s1664_F_ADR_02_ASEReadCounter.table","NW_015090842.1:10233402",28,143,115
"LOC106888094","s1664_F_ADR_02_ASEReadCounter.table","NW_015090842.1:10233465",43,189,146
"LOC106888094","s1664_F_ADR_02_ASEReadCounter.table","NW_015090842.1:10233803",70,295,225
"LOC106888094","s1664_F_ADR_02_ASEReadCounter.table","NW_015090842.1:10233815",61,270,209
"LOC106888094","s1664_F_ADR_02_ASEReadCounter.table","NW_015090842.1:10235484",12,27,15
"LOC106888094","s1664_F_ADR_02_ASEReadCounter.table","NW_015090842.1:10235611",15,31,16
"LOC106888094","s1664_F_ADR_02_ASEReadCounter.table","NW_015090842.1:10236098",16,31,15
"LOC106888094","s1664_F_ADR_02_ASEReadCounter.table","NW_015090842.1:10236161",14,33,19
"LOC106888094","s1664_F_ADR_02_ASEReadCounter.table","NW_015090842.1:10236380",10,14,4
"LOC106888094","s1664_F_ADR_02_ASEReadCounter.table","NW_015090842.1:10236388",11,14,3
"LOC106888094","s1664_F_ADR_02_ASEReadCounter.table","NW_015090842.1:10236425",13,22,9
"LOC106888094","s1664_F_ADR_02_ASEReadCounter.table","NW_015090842.1:10236426",13,22,9
"LOC106888094","s1664_F_ADR_02_ASEReadCounter.table","NW_015090842.1:10236603",6,14,8
"LOC106888173","s1664_F_ADR_02_ASEReadCounter.table","NW_015090842.1:10239596",1,46,45
"LOC106888173","s1664_F_ADR_02_ASEReadCounter.table","NW_015090842.1:10240036",3,73,70
"LOC106888173","s1664_F_ADR_02_ASEReadCounter.table","NW_015090842.1:10240095",8,82,74
"LOC106888173","s1664_F_ADR_02_ASEReadCounter.table","NW_015090842.1:10240280",10,93,83
"LOC106888173","s1664_F_ADR_02_ASEReadCounter.table","NW_015090842.1:10240557",8,104,96
"LOC106888173","s1664_F_ADR_02_ASEReadCounter.table","NW_015090842.1:10240603",9,99,90
"LOC106888173","s1664_F_ADR_02_ASEReadCounter.table","NW_015090842.1:10240609",9,97,88
"LOC106888173","s1664_F_ADR_02_ASEReadCounter.table","NW_015090842.1:10240690",9,107,98
"LOC106888173","s1664_F_ADR_02_ASEReadCounter.table","NW_015090842.1:10240924",3,81,78
"LOC106888173","s1664_F_ADR_02_ASEReadCounter.table","NW_015090842.1:10241037",4,96,92
"LOC106888173","s1664_F_ADR_02_ASEReadCounter.table","NW_015090842.1:10241046",5,82,77
"LOC106888173","s1664_F_ADR_02_ASEReadCounter.table","NW_015090842.1:10241058",5,87,82
"LOC106888173","s1664_F_ADR_02_ASEReadCounter.table","NW_015090842.1:10241064",6,86,80
"LOC106888173","s1664_F_ADR_02_ASEReadCounter.table","NW_015090842.1:10241103",96,96,0
"LOC106888173","s1664_F_ADR_02_ASEReadCounter.table","NW_015090842.1:10241163",17,81,64
"LOC106888173","s1664_F_ADR_02_ASEReadCounter.table","NW_015090842.1:10241803",10,116,106
"LOC106888173","s1664_F_ADR_02_ASEReadCounter.table","NW_015090842.1:10241827",7,103,96
"LOC106888173","s1664_F_ADR_02_ASEReadCounter.table","NW_015090842.1:10241869",5,99,94
"LOC106888173","s1664_F_ADR_02_ASEReadCounter.table","NW_015090842.1:10242079",10,84,74
"LOC106888173","s1664_F_ADR_02_ASEReadCounter.table","NW_015090842.1:10242103",11,77,66
"LOC106888173","s1664_F_ADR_02_ASEReadCounter.table","NW_015090842.1:10242157",12,95,83
"LOC106888173","s1664_F_ADR_02_ASEReadCounter.table","NW_015090842.1:10242455",9,78,69
"LOC106888173","s1664_F_ADR_02_ASEReadCounter.table","NW_015090842.1:10242481",10,73,63
"LOC106888173","s1664_F_ADR_02_ASEReadCounter.table","NW_015090842.1:10242590",9,84,75
"LOC106888173","s1664_F_ADR_02_ASEReadCounter.table","NW_015090842.1:10242794",12,91,79
"LOC106888173","s1664_F_ADR_02_ASEReadCounter.table","NW_015090842.1:10242909",9,82,73
"LOC106888173","s1664_F_ADR_02_ASEReadCounter.table","NW_015090842.1:10243094",10,84,74
"LOC106888173","s1664_F_ADR_02_ASEReadCounter.table","NW_015090842.1:10243133",8,63,55
"LOC106888173","s1664_F_ADR_02_ASEReadCounter.table","NW_015090842.1:10243273",6,83,77
"LOC106888173","s1664_F_ADR_02_ASEReadCounter.table","NW_015090842.1:10243278",7,86,79
"LOC106888173","s1664_F_ADR_02_ASEReadCounter.table","NW_015090842.1:10243281",7,87,80
"LOC106888173","s1664_F_ADR_02_ASEReadCounter.table","NW_015090842.1:10243347",51,53,2
"LOC106888173","s1664_F_ADR_02_ASEReadCounter.table","NW_015090842.1:10243353",6,54,48
"LOC106888173","s1664_F_ADR_02_ASEReadCounter.table","NW_015090842.1:10243363",8,40,32
"LOC106888173","s1664_F_ADR_02_ASEReadCounter.table","NW_015090842.1:10243365",6,40,34
"LOC106888173","s1664_F_ADR_02_ASEReadCounter.table","NW_015090842.1:10243566",12,95,83
"LOC106888173","s1664_F_ADR_02_ASEReadCounter.table","NW_015090842.1:10243605",6,80,74
"LOC106888173","s1664_F_ADR_02_ASEReadCounter.table","NW_015090842.1:10243614",5,77,72
"LOC106888173","s1664_F_ADR_02_ASEReadCounter.table","NW_015090842.1:10243615",5,79,74
"LOC106888173","s1664_F_ADR_02_ASEReadCounter.table","NW_015090842.1:10243640",8,69,61
"LOC106888173","s1664_F_ADR_02_ASEReadCounter.table","NW_015090842.1:10243680",2,46,44
"LOC106888173","s1664_F_ADR_02_ASEReadCounter.table","NW_015090842.1:10243742",2,52,50
"LOC106888173","s1664_F_ADR_02_ASEReadCounter.table","NW_015090842.1:10243804",2,41,39
"LOC106888173","s1664_F_ADR_02_ASEReadCounter.table","NW_015090842.1:10243913",2,39,37
"LOC106888173","s1664_F_ADR_02_ASEReadCounter.table","NW_015090842.1:10243921",2,33,31
"LOC106888384","s1664_F_ADR_02_ASEReadCounter.table","NW_015090842.1:10244714",4,11,7
"LOC106888384","s1664_F_ADR_02_ASEReadCounter.table","NW_015090842.1:10244942",19,30,11
"LOC106888384","s1664_F_ADR_02_ASEReadCounter.table","NW_015090842.1:10244998",15,24,9
"LOC106888384","s1664_F_ADR_02_ASEReadCounter.table","NW_015090842.1:10250743",15,28,13
"LOC106888384","s1664_F_ADR_02_ASEReadCounter.table","NW_015090842.1:10250771",16,29,13
"LOC106888384","s1664_F_ADR_02_ASEReadCounter.table","NW_015090842.1:10251339",21,21,0
"LOC106888384","s1664_F_ADR_02_ASEReadCounter.table","NW_015090842.1:10251343",18,18,0
"LOC106888384","s1664_F_ADR_02_ASEReadCounter.table","NW_015090842.1:10251344",19,19,0
"LOC106888384","s1664_F_ADR_02_ASEReadCounter.table","NW_015090842.1:10251349",15,15,0
"LOC106888384","s1664_F_ADR_02_ASEReadCounter.table","NW_015090842.1:10251354",15,19,4
"LOC106888384","s1664_F_ADR_02_ASEReadCounter.table","NW_015090842.1:10251358",14,18,4
"LOC106888384","s1664_F_ADR_02_ASEReadCounter.table","NW_015090842.1:10251369",4,13,9
"LOC106888384","s1664_F_ADR_02_ASEReadCounter.table","NW_015090842.1:10251370",8,12,4
"LOC106888384","s1664_F_ADR_02_ASEReadCounter.table","NW_015090842.1:10251375",5,9,4
"LOC106888384","s1664_F_ADR_02_ASEReadCounter.table","NW_015090842.1:10251388",0,3,3
"LOC106888384","s1664_F_ADR_02_ASEReadCounter.table","NW_015090842.1:10251390",0,3,3
"LOC106888384","s1664_F_ADR_02_ASEReadCounter.table","NW_015090842.1:10251393",0,3,3
"LOC106888384","s1664_F_ADR_02_ASEReadCounter.table","NW_015090842.1:10251399",0,2,2
"LOC106888384","s1664_F_ADR_02_ASEReadCounter.table","NW_015090842.1:10253165",19,40,21
"LOC106888384","s1664_F_ADR_02_ASEReadCounter.table","NW_015090842.1:10253284",26,51,25
"LOC106888384","s1664_F_ADR_02_ASEReadCounter.table","NW_015090842.1:10254028",28,55,27
"LOC106888384","s1664_F_ADR_02_ASEReadCounter.table","NW_015090842.1:10254227",20,42,22
"LOC106888384","s1664_F_ADR_02_ASEReadCounter.table","NW_015090842.1:10254233",21,44,23
"LOC106888384","s1664_F_ADR_02_ASEReadCounter.table","NW_015090842.1:10254263",26,46,20
"LOC106888384","s1664_F_ADR_02_ASEReadCounter.table","NW_015090842.1:10254293",29,48,19
"LOC106888384","s1664_F_ADR_02_ASEReadCounter.table","NW_015090842.1:10254570",27,49,22
"LOC106888384","s1664_F_ADR_02_ASEReadCounter.table","NW_015090842.1:10254605",39,41,2
"LOC106888384","s1664_F_ADR_02_ASEReadCounter.table","NW_015090842.1:10254608",38,40,2
"LOC106888384","s1664_F_ADR_02_ASEReadCounter.table","NW_015090842.1:10254618",23,25,2
"LOC106888384","s1664_F_ADR_02_ASEReadCounter.table","NW_015090842.1:10254620",17,19,2
"LOC106888384","s1664_F_ADR_02_ASEReadCounter.table","NW_015090842.1:10254623",20,22,2
"LOC106888384","s1664_F_ADR_02_ASEReadCounter.table","NW_015090842.1:10254624",13,15,2
"LOC106888384","s1664_F_ADR_02_ASEReadCounter.table","NW_015090842.1:10254627",22,24,2
"LOC106888384","s1664_F_ADR_02_ASEReadCounter.table","NW_015090842.1:10254629",16,18,2
"LOC106888384","s1664_F_ADR_02_ASEReadCounter.table","NW_015090842.1:10254647",5,11,6
"LOC106888384","s1664_F_ADR_02_ASEReadCounter.table","NW_015090842.1:10254663",1,7,6
"LOC106888384","s1664_F_ADR_02_ASEReadCounter.table","NW_015090842.1:10254840",6,19,13
"LOC106888384","s1664_F_ADR_02_ASEReadCounter.table","NW_015090842.1:10254891",26,28,2
"LOC106888384","s1664_F_ADR_02_ASEReadCounter.table","NW_015090842.1:10254900",12,32,20
"LOC106888384","s1664_F_ADR_02_ASEReadCounter.table","NW_015090842.1:10254915",9,29,20
"LOC106888384","s1664_F_ADR_02_ASEReadCounter.table","NW_015090842.1:10254965",16,16,0
"LOC106888384","s1664_F_ADR_02_ASEReadCounter.table","NW_015090842.1:10254975",4,17,13
"LOC106888384","s1664_F_ADR_02_ASEReadCounter.table","NW_015090842.1:10255077",8,34,26
"LOC106888384","s1664_F_ADR_02_ASEReadCounter.table","NW_015090842.1:10255117",10,36,26
"LOC106888384","s1664_F_ADR_02_ASEReadCounter.table","NW_015090842.1:10255138",9,34,25
"LOC106888384","s1664_F_ADR_02_ASEReadCounter.table","NW_015090842.1:10255139",9,32,23
"LOC106888384","s1664_F_ADR_02_ASEReadCounter.table","NW_015090842.1:10255209",10,31,21
"LOC106888384","s1664_F_ADR_02_ASEReadCounter.table","NW_015090842.1:10255211",13,33,20
"LOC106888384","s1664_F_ADR_02_ASEReadCounter.table","NW_015090842.1:10255236",18,35,17
"LOC106888384","s1664_F_ADR_02_ASEReadCounter.table","NW_015090842.1:10255262",13,29,16
"LOC106888384","s1664_F_ADR_02_ASEReadCounter.table","NW_015090842.1:10255264",13,31,18
"LOC106888384","s1664_F_ADR_02_ASEReadCounter.table","NW_015090842.1:10255306",17,41,24
"LOC106888384","s1664_F_ADR_02_ASEReadCounter.table","NW_015090842.1:10255340",22,52,30
"LOC106888384","s1664_F_ADR_02_ASEReadCounter.table","NW_015090842.1:10255410",15,41,26
"LOC106888384","s1664_F_ADR_02_ASEReadCounter.table","NW_015090842.1:10255449",18,42,24
"LOC106888384","s1664_F_ADR_02_ASEReadCounter.table","NW_015090842.1:10255496",20,43,23
"LOC106888384","s1664_F_ADR_02_ASEReadCounter.table","NW_015090842.1:10255505",17,42,25
"LOC106888384","s1664_F_ADR_02_ASEReadCounter.table","NW_015090842.1:10255531",17,41,24
"LOC106888384","s1664_F_ADR_02_ASEReadCounter.table","NW_015090842.1:10255608",18,44,26
"LOC106888384","s1664_F_ADR_02_ASEReadCounter.table","NW_015090842.1:10255704",23,40,17
"LOC106888384","s1664_F_ADR_02_ASEReadCounter.table","NW_015090842.1:10255731",20,34,14
"LOC106888384","s1664_F_ADR_02_ASEReadCounter.table","NW_015090842.1:10255771",15,21,6
"TANGO6","s1664_F_ADR_02_ASEReadCounter.table","NW_015090842.1:10257782",16,29,13
"TANGO6","s1664_F_ADR_02_ASEReadCounter.table","NW_015090842.1:10258162",15,33,18
"TANGO6","s1664_F_ADR_02_ASEReadCounter.table","NW_015090842.1:10258185",20,38,18
"TANGO6","s1664_F_ADR_02_ASEReadCounter.table","NW_015090842.1:10259267",24,42,18
"TANGO6","s1664_F_ADR_02_ASEReadCounter.table","NW_015090842.1:10260250",38,69,31
"TANGO6","s1664_F_ADR_02_ASEReadCounter.table","NW_015090842.1:10260289",35,76,41
"TANGO6","s1664_F_ADR_02_ASEReadCounter.table","NW_015090842.1:10260309",28,58,30
"TANGO6","s1664_F_ADR_02_ASEReadCounter.table","NW_015090842.1:10260979",28,61,33
"TANGO6","s1664_F_ADR_02_ASEReadCounter.table","NW_015090842.1:10261599",32,65,33
"TANGO6","s1664_F_ADR_02_ASEReadCounter.table","NW_015090842.1:10268425",79,115,36
"TANGO6","s1664_F_ADR_02_ASEReadCounter.table","NW_015090842.1:10269831",55,84,29
"TANGO6","s1664_F_ADR_02_ASEReadCounter.table","NW_015090842.1:10270813",26,62,36
"TANGO6","s1664_F_ADR_02_ASEReadCounter.table","NW_015090842.1:10274018",38,73,35
"TANGO6","s1664_F_ADR_02_ASEReadCounter.table","NW_015090842.1:10275974",34,63,29
"TANGO6","s1664_F_ADR_02_ASEReadCounter.table","NW_015090842.1:10275976",34,63,29
"TANGO6","s1664_F_ADR_02_ASEReadCounter.table","NW_015090842.1:10276123",34,66,32
"TANGO6","s1664_F_ADR_02_ASEReadCounter.table","NW_015090842.1:10276271",34,76,42
"TANGO6","s1664_F_ADR_02_ASEReadCounter.table","NW_015090842.1:10276272",32,73,41
"TANGO6","s1664_F_ADR_02_ASEReadCounter.table","NW_015090842.1:10276275",37,78,41
"TANGO6","s1664_F_ADR_02_ASEReadCounter.table","NW_015090842.1:10276278",36,78,42
"TANGO6","s1664_F_ADR_02_ASEReadCounter.table","NW_015090842.1:10276368",30,50,20
"TANGO6","s1664_F_ADR_02_ASEReadCounter.table","NW_015090842.1:10276373",29,47,18
"TANGO6","s1664_F_ADR_02_ASEReadCounter.table","NW_015090842.1:10276630",39,62,23
"TANGO6","s1664_F_ADR_02_ASEReadCounter.table","NW_015090842.1:10281498",28,50,22
"TANGO6","s1664_F_ADR_02_ASEReadCounter.table","NW_015090842.1:10281516",28,58,30
"TANGO6","s1664_F_ADR_02_ASEReadCounter.table","NW_015090842.1:10282842",36,68,32
"TANGO6","s1664_F_ADR_02_ASEReadCounter.table","NW_015090842.1:10282863",27,53,26
"TANGO6","s1664_F_ADR_02_ASEReadCounter.table","NW_015090842.1:10282869",27,52,25
"TANGO6","s1664_F_ADR_02_ASEReadCounter.table","NW_015090842.1:10282903",25,50,25
"TANGO6","s1664_F_ADR_02_ASEReadCounter.table","NW_015090842.1:10283757",34,63,29
"TANGO6","s1664_F_ADR_02_ASEReadCounter.table","NW_015090842.1:10283785",36,65,29
"HAS3","s1664_F_ADR_02_ASEReadCounter.table","NW_015090842.1:10290927",2,2,0
"HAS3","s1664_F_ADR_02_ASEReadCounter.table","NW_015090842.1:10291004",1,1,0
"CHTF8","s1664_F_ADR_02_ASEReadCounter.table","NW_015090842.1:10291319",4,7,3
"CHTF8","s1664_F_ADR_02_ASEReadCounter.table","NW_015090842.1:10291491",12,15,3
"CHTF8","s1664_F_ADR_02_ASEReadCounter.table","NW_015090842.1:10291520",11,21,10
"CHTF8","s1664_F_ADR_02_ASEReadCounter.table","NW_015090842.1:10291593",12,31,19
"CHTF8","s1664_F_ADR_02_ASEReadCounter.table","NW_015090842.1:10291600",16,33,17
"CHTF8","s1664_F_ADR_02_ASEReadCounter.table","NW_015090842.1:10291609",14,33,19
"CHTF8","s1664_F_ADR_02_ASEReadCounter.table","NW_015090842.1:10291639",20,33,13
"CHTF8","s1664_F_ADR_02_ASEReadCounter.table","NW_015090842.1:10291641",19,33,14
"CHTF8","s1664_F_ADR_02_ASEReadCounter.table","NW_015090842.1:10291648",20,36,16
"CHTF8","s1664_F_ADR_02_ASEReadCounter.table","NW_015090842.1:10291656",21,36,15
"CHTF8","s1664_F_ADR_02_ASEReadCounter.table","NW_015090842.1:10291675",21,38,17
"CHTF8","s1664_F_ADR_02_ASEReadCounter.table","NW_015090842.1:10291696",16,35,19
"CHTF8","s1664_F_ADR_02_ASEReadCounter.table","NW_015090842.1:10291714",18,32,14
"CHTF8","s1664_F_ADR_02_ASEReadCounter.table","NW_015090842.1:10291732",22,38,16
"CHTF8","s1664_F_ADR_02_ASEReadCounter.table","NW_015090842.1:10291755",22,45,23
"CHTF8","s1664_F_ADR_02_ASEReadCounter.table","NW_015090842.1:10291756",21,42,21
"CHTF8","s1664_F_ADR_02_ASEReadCounter.table","NW_015090842.1:10291758",22,44,22
"CHTF8","s1664_F_ADR_02_ASEReadCounter.table","NW_015090842.1:10291792",26,42,16
"CHTF8","s1664_F_ADR_02_ASEReadCounter.table","NW_015090842.1:10291895",31,50,19
"CHTF8","s1664_F_ADR_02_ASEReadCounter.table","NW_015090842.1:10292132",22,32,10
"CHTF8","s1664_F_ADR_02_ASEReadCounter.table","NW_015090842.1:10292314",20,27,7
"CHTF8","s1664_F_ADR_02_ASEReadCounter.table","NW_015090842.1:10292317",19,26,7
"CHTF8","s1664_F_ADR_02_ASEReadCounter.table","NW_015090842.1:10292928",3,6,3
"UTP4","s1664_F_ADR_02_ASEReadCounter.table","NW_015090842.1:10293146",41,86,45
"UTP4","s1664_F_ADR_02_ASEReadCounter.table","NW_015090842.1:10293151",36,79,43
"UTP4","s1664_F_ADR_02_ASEReadCounter.table","NW_015090842.1:10293191",23,54,31
"UTP4","s1664_F_ADR_02_ASEReadCounter.table","NW_015090842.1:10293362",49,93,44
"UTP4","s1664_F_ADR_02_ASEReadCounter.table","NW_015090842.1:10293430",42,89,47
"UTP4","s1664_F_ADR_02_ASEReadCounter.table","NW_015090842.1:10293625",41,86,45
"UTP4","s1664_F_ADR_02_ASEReadCounter.table","NW_015090842.1:10293684",39,77,38
"UTP4","s1664_F_ADR_02_ASEReadCounter.table","NW_015090842.1:10294093",38,81,43
"UTP4","s1664_F_ADR_02_ASEReadCounter.table","NW_015090842.1:10294622",22,77,55
"UTP4","s1664_F_ADR_02_ASEReadCounter.table","NW_015090842.1:10294632",21,79,58
"UTP4","s1664_F_ADR_02_ASEReadCounter.table","NW_015090842.1:10295238",32,90,58
"UTP4","s1664_F_ADR_02_ASEReadCounter.table","NW_015090842.1:10295880",40,99,59
"UTP4","s1664_F_ADR_02_ASEReadCounter.table","NW_015090842.1:10295884",38,95,57
"UTP4","s1664_F_ADR_02_ASEReadCounter.table","NW_015090842.1:10295903",41,93,52
"UTP4","s1664_F_ADR_02_ASEReadCounter.table","NW_015090842.1:10295906",40,94,54
"UTP4","s1664_F_ADR_02_ASEReadCounter.table","NW_015090842.1:10295915",42,97,55
"UTP4","s1664_F_ADR_02_ASEReadCounter.table","NW_015090842.1:10295938",42,94,52
"UTP4","s1664_F_ADR_02_ASEReadCounter.table","NW_015090842.1:10296175",40,96,56
"UTP4","s1664_F_ADR_02_ASEReadCounter.table","NW_015090842.1:10296660",47,86,39
"UTP4","s1664_F_ADR_02_ASEReadCounter.table","NW_015090842.1:10296679",45,90,45
"UTP4","s1664_F_ADR_02_ASEReadCounter.table","NW_015090842.1:10297193",48,101,53
"UTP4","s1664_F_ADR_02_ASEReadCounter.table","NW_015090842.1:10297220",55,105,50
"UTP4","s1664_F_ADR_02_ASEReadCounter.table","NW_015090842.1:10297307",41,106,65
"UTP4","s1664_F_ADR_02_ASEReadCounter.table","NW_015090842.1:10297558",47,96,49
"UTP4","s1664_F_ADR_02_ASEReadCounter.table","NW_015090842.1:10297943",36,84,48
"UTP4","s1664_F_ADR_02_ASEReadCounter.table","NW_015090842.1:10297979",27,72,45
"UTP4","s1664_F_ADR_02_ASEReadCounter.table","NW_015090842.1:10298022",19,56,37
"UTP4","s1664_F_ADR_02_ASEReadCounter.table","NW_015090842.1:10298079",0,14,14
"UTP4","s1664_F_ADR_02_ASEReadCounter.table","NW_015090842.1:10298081",0,15,15
"UTP4","s1664_F_ADR_02_ASEReadCounter.table","NW_015090842.1:10298082",0,15,15
"SNTB2","s1664_F_ADR_02_ASEReadCounter.table","NW_015090842.1:10298905",4,8,4
"SNTB2","s1664_F_ADR_02_ASEReadCounter.table","NW_015090842.1:10298928",6,10,4
"SNTB2","s1664_F_ADR_02_ASEReadCounter.table","NW_015090842.1:10303506",13,33,20
"SNTB2","s1664_F_ADR_02_ASEReadCounter.table","NW_015090842.1:10303524",9,26,17
"SNTB2","s1664_F_ADR_02_ASEReadCounter.table","NW_015090842.1:10304059",25,41,16
"SNTB2","s1664_F_ADR_02_ASEReadCounter.table","NW_015090842.1:10304089",22,44,22
"SNTB2","s1664_F_ADR_02_ASEReadCounter.table","NW_015090842.1:10304167",24,44,20
"SNTB2","s1664_F_ADR_02_ASEReadCounter.table","NW_015090842.1:10304176",21,39,18
"SNTB2","s1664_F_ADR_02_ASEReadCounter.table","NW_015090842.1:10305069",27,48,21
"SNTB2","s1664_F_ADR_02_ASEReadCounter.table","NW_015090842.1:10305099",23,49,26
"SNTB2","s1664_F_ADR_02_ASEReadCounter.table","NW_015090842.1:10305171",17,35,18
"SNTB2","s1664_F_ADR_02_ASEReadCounter.table","NW_015090842.1:10305177",18,35,17
"SNTB2","s1664_F_ADR_02_ASEReadCounter.table","NW_015090842.1:10305451",16,30,14
"SNTB2","s1664_F_ADR_02_ASEReadCounter.table","NW_015090842.1:10305547",25,41,16
"SNTB2","s1664_F_ADR_02_ASEReadCounter.table","NW_015090842.1:10305847",19,33,14
"SNTB2","s1664_F_ADR_02_ASEReadCounter.table","NW_015090842.1:10306173",14,38,24
"SNTB2","s1664_F_ADR_02_ASEReadCounter.table","NW_015090842.1:10306275",8,25,17
"SNTB2","s1664_F_ADR_02_ASEReadCounter.table","NW_015090842.1:10306457",17,33,16
"SNTB2","s1664_F_ADR_02_ASEReadCounter.table","NW_015090842.1:10306496",12,28,16
"SNTB2","s1664_F_ADR_02_ASEReadCounter.table","NW_015090842.1:10306499",12,28,16
"VPS4A","s1664_F_ADR_02_ASEReadCounter.table","NW_015090842.1:10308566",143,326,183
"VPS4A","s1664_F_ADR_02_ASEReadCounter.table","NW_015090842.1:10308573",145,329,184
"VPS4A","s1664_F_ADR_02_ASEReadCounter.table","NW_015090842.1:10308856",187,460,273
"VPS4A","s1664_F_ADR_02_ASEReadCounter.table","NW_015090842.1:10309056",246,536,290
"VPS4A","s1664_F_ADR_02_ASEReadCounter.table","NW_015090842.1:10309089",319,628,309
"VPS4A","s1664_F_ADR_02_ASEReadCounter.table","NW_015090842.1:10309392",319,575,256
"VPS4A","s1664_F_ADR_02_ASEReadCounter.table","NW_015090842.1:10309413",327,579,252
"VPS4A","s1664_F_ADR_02_ASEReadCounter.table","NW_015090842.1:10309467",291,633,342
"VPS4A","s1664_F_ADR_02_ASEReadCounter.table","NW_015090842.1:10310230",297,643,346
"VPS4A","s1664_F_ADR_02_ASEReadCounter.table","NW_015090842.1:10310425",258,564,306
"VPS4A","s1664_F_ADR_02_ASEReadCounter.table","NW_015090842.1:10310639",293,608,315
"VPS4A","s1664_F_ADR_02_ASEReadCounter.table","NW_015090842.1:10310734",256,531,275
"VPS4A","s1664_F_ADR_02_ASEReadCounter.table","NW_015090842.1:10310737",252,524,272
"VPS4A","s1664_F_ADR_02_ASEReadCounter.table","NW_015090842.1:10310746",271,558,287
"VPS4A","s1664_F_ADR_02_ASEReadCounter.table","NW_015090842.1:10310767",271,566,295
"VPS4A","s1664_F_ADR_02_ASEReadCounter.table","NW_015090842.1:10310995",274,584,310
"VPS4A","s1664_F_ADR_02_ASEReadCounter.table","NW_015090842.1:10311004",281,576,295
"VPS4A","s1664_F_ADR_02_ASEReadCounter.table","NW_015090842.1:10311007",290,595,305
"VPS4A","s1664_F_ADR_02_ASEReadCounter.table","NW_015090842.1:10311013",306,600,294
"VPS4A","s1664_F_ADR_02_ASEReadCounter.table","NW_015090842.1:10311022",269,553,284
"VPS4A","s1664_F_ADR_02_ASEReadCounter.table","NW_015090842.1:10311023",266,549,283
"VPS4A","s1664_F_ADR_02_ASEReadCounter.table","NW_015090842.1:10311426",278,593,315
"VPS4A","s1664_F_ADR_02_ASEReadCounter.table","NW_015090842.1:10311489",0,12,12
"VPS4A","s1664_F_ADR_02_ASEReadCounter.table","NW_015090842.1:10311490",2,9,7
"VPS4A","s1664_F_ADR_02_ASEReadCounter.table","NW_015090842.1:10311525",7,20,13
"VPS4A","s1664_F_ADR_02_ASEReadCounter.table","NW_015090842.1:10311529",8,31,23
"VPS4A","s1664_F_ADR_02_ASEReadCounter.table","NW_015090842.1:10311530",8,32,24
"VPS4A","s1664_F_ADR_02_ASEReadCounter.table","NW_015090842.1:10311552",31,62,31
"VPS4A","s1664_F_ADR_02_ASEReadCounter.table","NW_015090842.1:10311689",32,77,45
"VPS4A","s1664_F_ADR_02_ASEReadCounter.table","NW_015090842.1:10311700",38,81,43
"VPS4A","s1664_F_ADR_02_ASEReadCounter.table","NW_015090842.1:10311701",38,83,45
"VPS4A","s1664_F_ADR_02_ASEReadCounter.table","NW_015090842.1:10311703",39,81,42
"COG8","s1664_F_ADR_02_ASEReadCounter.table","NW_015090842.1:10313487",30,67,37
"COG8","s1664_F_ADR_02_ASEReadCounter.table","NW_015090842.1:10313559",43,83,40
"COG8","s1664_F_ADR_02_ASEReadCounter.table","NW_015090842.1:10313579",35,71,36
"COG8","s1664_F_ADR_02_ASEReadCounter.table","NW_015090842.1:10313665",39,78,39
"COG8","s1664_F_ADR_02_ASEReadCounter.table","NW_015090842.1:10313681",45,90,45
"COG8","s1664_F_ADR_02_ASEReadCounter.table","NW_015090842.1:10313768",50,104,54
"COG8","s1664_F_ADR_02_ASEReadCounter.table","NW_015090842.1:10313775",51,102,51
"COG8","s1664_F_ADR_02_ASEReadCounter.table","NW_015090842.1:10313811",43,86,43
"COG8","s1664_F_ADR_02_ASEReadCounter.table","NW_015090842.1:10313858",36,76,40
"COG8","s1664_F_ADR_02_ASEReadCounter.table","NW_015090842.1:10314100",40,77,37
"COG8","s1664_F_ADR_02_ASEReadCounter.table","NW_015090842.1:10314213",47,92,45
"COG8","s1664_F_ADR_02_ASEReadCounter.table","NW_015090842.1:10315093",47,88,41
"COG8","s1664_F_ADR_02_ASEReadCounter.table","NW_015090842.1:10315162",43,89,46
"COG8","s1664_F_ADR_02_ASEReadCounter.table","NW_015090842.1:10315285",47,84,37
"COG8","s1664_F_ADR_02_ASEReadCounter.table","NW_015090842.1:10315360",42,90,48
"COG8","s1664_F_ADR_02_ASEReadCounter.table","NW_015090842.1:10315369",43,94,51
"COG8","s1664_F_ADR_02_ASEReadCounter.table","NW_015090842.1:10315504",30,65,35
"COG8","s1664_F_ADR_02_ASEReadCounter.table","NW_015090842.1:10315508",31,68,37
"COG8","s1664_F_ADR_02_ASEReadCounter.table","NW_015090842.1:10315624",42,94,52
"COG8","s1664_F_ADR_02_ASEReadCounter.table","NW_015090842.1:10315693",37,90,53
"COG8","s1664_F_ADR_02_ASEReadCounter.table","NW_015090842.1:10315698",39,95,56
"COG8","s1664_F_ADR_02_ASEReadCounter.table","NW_015090842.1:10315768",32,87,55
"COG8","s1664_F_ADR_02_ASEReadCounter.table","NW_015090842.1:10315769",33,88,55
"COG8","s1664_F_ADR_02_ASEReadCounter.table","NW_015090842.1:10315784",35,91,56
"COG8","s1664_F_ADR_02_ASEReadCounter.table","NW_015090842.1:10316093",25,65,40
"COG8","s1664_F_ADR_02_ASEReadCounter.table","NW_015090842.1:10316133",19,53,34
"NIP7","s1664_F_ADR_02_ASEReadCounter.table","NW_015090842.1:10316759",35,75,40
"NIP7","s1664_F_ADR_02_ASEReadCounter.table","NW_015090842.1:10316967",165,308,143
"NIP7","s1664_F_ADR_02_ASEReadCounter.table","NW_015090842.1:10316995",187,331,144
"NIP7","s1664_F_ADR_02_ASEReadCounter.table","NW_015090842.1:10317240",254,466,212
"NIP7","s1664_F_ADR_02_ASEReadCounter.table","NW_015090842.1:10317247",249,461,212
"NIP7","s1664_F_ADR_02_ASEReadCounter.table","NW_015090842.1:10317264",250,444,194
"NIP7","s1664_F_ADR_02_ASEReadCounter.table","NW_015090842.1:10317433",237,502,265
"NIP7","s1664_F_ADR_02_ASEReadCounter.table","NW_015090842.1:10317738",162,320,158
"NIP7","s1664_F_ADR_02_ASEReadCounter.table","NW_015090842.1:10317769",177,334,157
"NIP7","s1664_F_ADR_02_ASEReadCounter.table","NW_015090842.1:10317808",93,209,116
"NIP7","s1664_F_ADR_02_ASEReadCounter.table","NW_015090842.1:10317870",60,160,100
"NIP7","s1664_F_ADR_02_ASEReadCounter.table","NW_015090842.1:10317871",61,153,92
"NIP7","s1664_F_ADR_02_ASEReadCounter.table","NW_015090842.1:10317898",41,101,60
"NIP7","s1664_F_ADR_02_ASEReadCounter.table","NW_015090842.1:10317911",37,88,51
"TERF2","s1664_F_ADR_02_ASEReadCounter.table","NW_015090842.1:10321665",16,16,0
"TERF2","s1664_F_ADR_02_ASEReadCounter.table","NW_015090842.1:10321768",22,52,30
"TERF2","s1664_F_ADR_02_ASEReadCounter.table","NW_015090842.1:10321777",23,54,31
"TERF2","s1664_F_ADR_02_ASEReadCounter.table","NW_015090842.1:10321805",25,61,36
"TERF2","s1664_F_ADR_02_ASEReadCounter.table","NW_015090842.1:10321878",35,77,42
"TERF2","s1664_F_ADR_02_ASEReadCounter.table","NW_015090842.1:10321893",32,70,38
"TERF2","s1664_F_ADR_02_ASEReadCounter.table","NW_015090842.1:10321897",32,70,38
"TERF2","s1664_F_ADR_02_ASEReadCounter.table","NW_015090842.1:10321908",31,67,36
"TERF2","s1664_F_ADR_02_ASEReadCounter.table","NW_015090842.1:10322001",41,93,52
"TERF2","s1664_F_ADR_02_ASEReadCounter.table","NW_015090842.1:10322035",39,88,49
"TERF2","s1664_F_ADR_02_ASEReadCounter.table","NW_015090842.1:10322051",38,93,55
"TERF2","s1664_F_ADR_02_ASEReadCounter.table","NW_015090842.1:10322137",33,77,44
"TERF2","s1664_F_ADR_02_ASEReadCounter.table","NW_015090842.1:10322144",35,73,38
"TERF2","s1664_F_ADR_02_ASEReadCounter.table","NW_015090842.1:10322388",34,108,74
"TERF2","s1664_F_ADR_02_ASEReadCounter.table","NW_015090842.1:10322396",33,100,67
"TERF2","s1664_F_ADR_02_ASEReadCounter.table","NW_015090842.1:10322502",51,131,80
"TERF2","s1664_F_ADR_02_ASEReadCounter.table","NW_015090842.1:10322504",51,132,81
"TERF2","s1664_F_ADR_02_ASEReadCounter.table","NW_015090842.1:10322510",51,138,87
"TERF2","s1664_F_ADR_02_ASEReadCounter.table","NW_015090842.1:10323580",65,149,84
"TERF2","s1664_F_ADR_02_ASEReadCounter.table","NW_015090842.1:10324314",58,138,80
"TERF2","s1664_F_ADR_02_ASEReadCounter.table","NW_015090842.1:10326832",66,119,53
"TERF2","s1664_F_ADR_02_ASEReadCounter.table","NW_015090842.1:10327787",41,86,45
"TERF2","s1664_F_ADR_02_ASEReadCounter.table","NW_015090842.1:10328588",51,123,72
"TERF2","s1664_F_ADR_02_ASEReadCounter.table","NW_015090842.1:10328644",40,102,62
"TERF2","s1664_F_ADR_02_ASEReadCounter.table","NW_015090842.1:10329813",39,96,57
"TERF2","s1664_F_ADR_02_ASEReadCounter.table","NW_015090842.1:10330749",40,80,40
"TERF2","s1664_F_ADR_02_ASEReadCounter.table","NW_015090842.1:10330789",40,86,46
"CYB5B","s1664_F_ADR_02_ASEReadCounter.table","NW_015090842.1:10336595",14,40,26
"CYB5B","s1664_F_ADR_02_ASEReadCounter.table","NW_015090842.1:10336667",170,301,131
"CYB5B","s1664_F_ADR_02_ASEReadCounter.table","NW_015090842.1:10336689",230,411,181
"CYB5B","s1664_F_ADR_02_ASEReadCounter.table","NW_015090842.1:10336728",281,538,257
"CYB5B","s1664_F_ADR_02_ASEReadCounter.table","NW_015090842.1:10345068",277,511,234
"CYB5B","s1664_F_ADR_02_ASEReadCounter.table","NW_015090842.1:10348800",339,635,296
"CYB5B","s1664_F_ADR_02_ASEReadCounter.table","NW_015090842.1:10348888",296,572,276
"CYB5B","s1664_F_ADR_02_ASEReadCounter.table","NW_015090842.1:10349046",276,529,253
"CYB5B","s1664_F_ADR_02_ASEReadCounter.table","NW_015090842.1:10349119",140,371,231
"CYB5B","s1664_F_ADR_02_ASEReadCounter.table","NW_015090842.1:10349146",67,305,238
"CYB5B","s1664_F_ADR_02_ASEReadCounter.table","NW_015090842.1:10349157",122,356,234
