"gene","id","snp","ref_count","total_count","alt_count"
"CENPN","s1664_F_PIT_01_ASEReadCounter.table","NW_015090842.1:5801623",1,1,0
"CENPN","s1664_F_PIT_01_ASEReadCounter.table","NW_015090842.1:5801631",1,1,0
"CENPN","s1664_F_PIT_01_ASEReadCounter.table","NW_015090842.1:5801632",1,1,0
"CENPN","s1664_F_PIT_01_ASEReadCounter.table","NW_015090842.1:5801655",2,3,1
"CENPN","s1664_F_PIT_01_ASEReadCounter.table","NW_015090842.1:5801662",2,3,1
"CENPN","s1664_F_PIT_01_ASEReadCounter.table","NW_015090842.1:5801670",2,3,1
"CENPN","s1664_F_PIT_01_ASEReadCounter.table","NW_015090842.1:5801674",2,3,1
"CENPN","s1664_F_PIT_01_ASEReadCounter.table","NW_015090842.1:5801692",2,4,2
"CENPN","s1664_F_PIT_01_ASEReadCounter.table","NW_015090842.1:5801697",2,4,2
"CENPN","s1664_F_PIT_01_ASEReadCounter.table","NW_015090842.1:5802008",0,3,3
"CENPN","s1664_F_PIT_01_ASEReadCounter.table","NW_015090842.1:5802012",0,3,3
"CENPN","s1664_F_PIT_01_ASEReadCounter.table","NW_015090842.1:5802087",1,7,6
"CENPN","s1664_F_PIT_01_ASEReadCounter.table","NW_015090842.1:5810113",3,3,0
"CENPN","s1664_F_PIT_01_ASEReadCounter.table","NW_015090842.1:5810147",3,3,0
"CENPN","s1664_F_PIT_01_ASEReadCounter.table","NW_015090842.1:5810148",4,4,0
"ATMIN","s1664_F_PIT_01_ASEReadCounter.table","NW_015090842.1:5818789",10,20,10
"ATMIN","s1664_F_PIT_01_ASEReadCounter.table","NW_015090842.1:5819958",14,25,11
"ATMIN","s1664_F_PIT_01_ASEReadCounter.table","NW_015090842.1:5820004",15,25,10
"ATMIN","s1664_F_PIT_01_ASEReadCounter.table","NW_015090842.1:5820217",6,18,12
"ATMIN","s1664_F_PIT_01_ASEReadCounter.table","NW_015090842.1:5820250",7,21,14
"ATMIN","s1664_F_PIT_01_ASEReadCounter.table","NW_015090842.1:5820298",10,19,9
"ATMIN","s1664_F_PIT_01_ASEReadCounter.table","NW_015090842.1:5820417",15,30,15
"ATMIN","s1664_F_PIT_01_ASEReadCounter.table","NW_015090842.1:5820421",11,28,17
"ATMIN","s1664_F_PIT_01_ASEReadCounter.table","NW_015090842.1:5820448",9,25,16
"ATMIN","s1664_F_PIT_01_ASEReadCounter.table","NW_015090842.1:5820457",8,24,16
"ATMIN","s1664_F_PIT_01_ASEReadCounter.table","NW_015090842.1:5820510",10,27,17
"ATMIN","s1664_F_PIT_01_ASEReadCounter.table","NW_015090842.1:5820673",11,19,8
"ATMIN","s1664_F_PIT_01_ASEReadCounter.table","NW_015090842.1:5820754",10,26,16
"ATMIN","s1664_F_PIT_01_ASEReadCounter.table","NW_015090842.1:5820820",15,26,11
"ATMIN","s1664_F_PIT_01_ASEReadCounter.table","NW_015090842.1:5820865",15,23,8
"ATMIN","s1664_F_PIT_01_ASEReadCounter.table","NW_015090842.1:5820889",16,26,10
"ATMIN","s1664_F_PIT_01_ASEReadCounter.table","NW_015090842.1:5820891",15,26,11
"ATMIN","s1664_F_PIT_01_ASEReadCounter.table","NW_015090842.1:5820997",18,32,14
"ATMIN","s1664_F_PIT_01_ASEReadCounter.table","NW_015090842.1:5821063",20,30,10
"ATMIN","s1664_F_PIT_01_ASEReadCounter.table","NW_015090842.1:5821132",13,21,8
"ATMIN","s1664_F_PIT_01_ASEReadCounter.table","NW_015090842.1:5821645",17,32,15
"ATMIN","s1664_F_PIT_01_ASEReadCounter.table","NW_015090842.1:5825066",20,28,8
"ATMIN","s1664_F_PIT_01_ASEReadCounter.table","NW_015090842.1:5825106",18,30,12
"ATMIN","s1664_F_PIT_01_ASEReadCounter.table","NW_015090842.1:5825122",15,28,13
"ATMIN","s1664_F_PIT_01_ASEReadCounter.table","NW_015090842.1:5825178",15,29,14
"ATMIN","s1664_F_PIT_01_ASEReadCounter.table","NW_015090842.1:5825194",14,27,13
"ATMIN","s1664_F_PIT_01_ASEReadCounter.table","NW_015090842.1:5825195",14,25,11
"ATMIN","s1664_F_PIT_01_ASEReadCounter.table","NW_015090842.1:5825220",15,25,10
"ATMIN","s1664_F_PIT_01_ASEReadCounter.table","NW_015090842.1:5825240",18,27,9
"ATMIN","s1664_F_PIT_01_ASEReadCounter.table","NW_015090842.1:5825303",26,37,11
"ATMIN","s1664_F_PIT_01_ASEReadCounter.table","NW_015090842.1:5825304",24,35,11
"ATMIN","s1664_F_PIT_01_ASEReadCounter.table","NW_015090842.1:5825310",27,38,11
"ATMIN","s1664_F_PIT_01_ASEReadCounter.table","NW_015090842.1:5825406",11,21,10
"ATMIN","s1664_F_PIT_01_ASEReadCounter.table","NW_015090842.1:5825415",13,26,13
"ATMIN","s1664_F_PIT_01_ASEReadCounter.table","NW_015090842.1:5825438",14,29,15
"ATMIN","s1664_F_PIT_01_ASEReadCounter.table","NW_015090842.1:5825485",15,30,15
"ATMIN","s1664_F_PIT_01_ASEReadCounter.table","NW_015090842.1:5825524",22,37,15
"ATMIN","s1664_F_PIT_01_ASEReadCounter.table","NW_015090842.1:5825557",29,46,17
"ATMIN","s1664_F_PIT_01_ASEReadCounter.table","NW_015090842.1:5825571",29,48,19
"ATMIN","s1664_F_PIT_01_ASEReadCounter.table","NW_015090842.1:5825579",29,48,19
"ATMIN","s1664_F_PIT_01_ASEReadCounter.table","NW_015090842.1:5825590",27,46,19
"ATMIN","s1664_F_PIT_01_ASEReadCounter.table","NW_015090842.1:5825689",22,47,25
"ATMIN","s1664_F_PIT_01_ASEReadCounter.table","NW_015090842.1:5825703",30,55,25
"ATMIN","s1664_F_PIT_01_ASEReadCounter.table","NW_015090842.1:5825787",29,58,29
"ATMIN","s1664_F_PIT_01_ASEReadCounter.table","NW_015090842.1:5825833",27,64,37
"ATMIN","s1664_F_PIT_01_ASEReadCounter.table","NW_015090842.1:5825841",23,57,34
"ATMIN","s1664_F_PIT_01_ASEReadCounter.table","NW_015090842.1:5825895",24,60,36
"ATMIN","s1664_F_PIT_01_ASEReadCounter.table","NW_015090842.1:5825984",14,41,27
"ATMIN","s1664_F_PIT_01_ASEReadCounter.table","NW_015090842.1:5826162",22,42,20
"ATMIN","s1664_F_PIT_01_ASEReadCounter.table","NW_015090842.1:5826194",25,50,25
"ATMIN","s1664_F_PIT_01_ASEReadCounter.table","NW_015090842.1:5826235",24,49,25
"ATMIN","s1664_F_PIT_01_ASEReadCounter.table","NW_015090842.1:5826245",23,48,25
"ATMIN","s1664_F_PIT_01_ASEReadCounter.table","NW_015090842.1:5826335",13,29,16
"ATMIN","s1664_F_PIT_01_ASEReadCounter.table","NW_015090842.1:5826417",22,41,19
"ATMIN","s1664_F_PIT_01_ASEReadCounter.table","NW_015090842.1:5826431",17,41,24
"ATMIN","s1664_F_PIT_01_ASEReadCounter.table","NW_015090842.1:5826438",22,44,22
"ATMIN","s1664_F_PIT_01_ASEReadCounter.table","NW_015090842.1:5826463",33,56,23
"ATMIN","s1664_F_PIT_01_ASEReadCounter.table","NW_015090842.1:5826502",29,48,19
"ATMIN","s1664_F_PIT_01_ASEReadCounter.table","NW_015090842.1:5826511",34,54,20
"ATMIN","s1664_F_PIT_01_ASEReadCounter.table","NW_015090842.1:5826659",22,39,17
"ATMIN","s1664_F_PIT_01_ASEReadCounter.table","NW_015090842.1:5826701",30,52,22
"ATMIN","s1664_F_PIT_01_ASEReadCounter.table","NW_015090842.1:5826702",30,52,22
"ATMIN","s1664_F_PIT_01_ASEReadCounter.table","NW_015090842.1:5826732",27,57,30
"ATMIN","s1664_F_PIT_01_ASEReadCounter.table","NW_015090842.1:5826745",26,54,28
"ATMIN","s1664_F_PIT_01_ASEReadCounter.table","NW_015090842.1:5826835",29,42,13
"ATMIN","s1664_F_PIT_01_ASEReadCounter.table","NW_015090842.1:5826942",19,38,19
"ATMIN","s1664_F_PIT_01_ASEReadCounter.table","NW_015090842.1:5827193",32,63,31
"ATMIN","s1664_F_PIT_01_ASEReadCounter.table","NW_015090842.1:5827196",31,63,32
"ATMIN","s1664_F_PIT_01_ASEReadCounter.table","NW_015090842.1:5827269",26,54,28
"ATMIN","s1664_F_PIT_01_ASEReadCounter.table","NW_015090842.1:5827315",21,37,16
"ATMIN","s1664_F_PIT_01_ASEReadCounter.table","NW_015090842.1:5827316",21,40,19
"ATMIN","s1664_F_PIT_01_ASEReadCounter.table","NW_015090842.1:5827333",20,40,20
"PPP1R3E","s1664_F_PIT_01_ASEReadCounter.table","NW_015090842.1:5837733",13,20,7
"PPP1R3E","s1664_F_PIT_01_ASEReadCounter.table","NW_015090842.1:5837947",9,12,3
"PKD1L2","s1664_F_PIT_01_ASEReadCounter.table","NW_015090842.1:5867509",1,2,1
"PKD1L2","s1664_F_PIT_01_ASEReadCounter.table","NW_015090842.1:5867597",0,1,1
"PKD1L2","s1664_F_PIT_01_ASEReadCounter.table","NW_015090842.1:5867600",0,1,1
"PKD1L2","s1664_F_PIT_01_ASEReadCounter.table","NW_015090842.1:5867660",1,2,1
"PKD1L2","s1664_F_PIT_01_ASEReadCounter.table","NW_015090842.1:5867788",1,2,1
"PKD1L2","s1664_F_PIT_01_ASEReadCounter.table","NW_015090842.1:5867843",1,1,0
"BCO1","s1664_F_PIT_01_ASEReadCounter.table","NW_015090842.1:5915610",2,6,4
"BCO1","s1664_F_PIT_01_ASEReadCounter.table","NW_015090842.1:5915646",2,5,3
"BCO1","s1664_F_PIT_01_ASEReadCounter.table","NW_015090842.1:5917836",2,6,4
"BCO1","s1664_F_PIT_01_ASEReadCounter.table","NW_015090842.1:5917912",17,26,9
"BCO1","s1664_F_PIT_01_ASEReadCounter.table","NW_015090842.1:5917941",22,32,10
"BCO1","s1664_F_PIT_01_ASEReadCounter.table","NW_015090842.1:5917971",30,42,12
"BCO1","s1664_F_PIT_01_ASEReadCounter.table","NW_015090842.1:5921679",26,36,10
"BCO1","s1664_F_PIT_01_ASEReadCounter.table","NW_015090842.1:5921726",22,30,8
"BCO1","s1664_F_PIT_01_ASEReadCounter.table","NW_015090842.1:5925669",17,27,10
"BCO1","s1664_F_PIT_01_ASEReadCounter.table","NW_015090842.1:5926937",29,39,10
"BCO1","s1664_F_PIT_01_ASEReadCounter.table","NW_015090842.1:5927921",20,27,7
"BCO1","s1664_F_PIT_01_ASEReadCounter.table","NW_015090842.1:5927948",21,32,11
"BCO1","s1664_F_PIT_01_ASEReadCounter.table","NW_015090842.1:5927968",22,31,9
"BCO1","s1664_F_PIT_01_ASEReadCounter.table","NW_015090842.1:5928052",22,33,11
"BCO1","s1664_F_PIT_01_ASEReadCounter.table","NW_015090842.1:5932726",25,41,16
"BCO1","s1664_F_PIT_01_ASEReadCounter.table","NW_015090842.1:5932801",28,42,14
"BCO1","s1664_F_PIT_01_ASEReadCounter.table","NW_015090842.1:5934558",18,25,7
"BCO1","s1664_F_PIT_01_ASEReadCounter.table","NW_015090842.1:5934575",17,24,7
"BCO1","s1664_F_PIT_01_ASEReadCounter.table","NW_015090842.1:5934608",20,31,11
"BCO1","s1664_F_PIT_01_ASEReadCounter.table","NW_015090842.1:5934647",22,29,7
"BCO1","s1664_F_PIT_01_ASEReadCounter.table","NW_015090842.1:5934725",23,29,6
"BCO1","s1664_F_PIT_01_ASEReadCounter.table","NW_015090842.1:5934726",23,29,6
"BCO1","s1664_F_PIT_01_ASEReadCounter.table","NW_015090842.1:5934733",22,28,6
"BCO1","s1664_F_PIT_01_ASEReadCounter.table","NW_015090842.1:5934821",13,16,3
"BCO1","s1664_F_PIT_01_ASEReadCounter.table","NW_015090842.1:5934826",10,13,3
"BCO1","s1664_F_PIT_01_ASEReadCounter.table","NW_015090842.1:5934844",8,9,1
"BCO1","s1664_F_PIT_01_ASEReadCounter.table","NW_015090842.1:5934958",18,22,4
"BCO1","s1664_F_PIT_01_ASEReadCounter.table","NW_015090842.1:5934976",16,20,4
"GAN","s1664_F_PIT_01_ASEReadCounter.table","NW_015090842.1:5953759",4,13,9
"GAN","s1664_F_PIT_01_ASEReadCounter.table","NW_015090842.1:5957502",2,8,6
"GAN","s1664_F_PIT_01_ASEReadCounter.table","NW_015090842.1:5957578",4,7,3
"GAN","s1664_F_PIT_01_ASEReadCounter.table","NW_015090842.1:5966047",7,9,2
"GAN","s1664_F_PIT_01_ASEReadCounter.table","NW_015090842.1:5966126",2,6,4
"GAN","s1664_F_PIT_01_ASEReadCounter.table","NW_015090842.1:5966127",2,6,4
"GAN","s1664_F_PIT_01_ASEReadCounter.table","NW_015090842.1:5966162",7,13,6
"GAN","s1664_F_PIT_01_ASEReadCounter.table","NW_015090842.1:5966483",2,6,4
"CMIP","s1664_F_PIT_01_ASEReadCounter.table","NW_015090842.1:6109159",20,42,22
"CMIP","s1664_F_PIT_01_ASEReadCounter.table","NW_015090842.1:6109166",16,37,21
"CMIP","s1664_F_PIT_01_ASEReadCounter.table","NW_015090842.1:6114641",19,56,37
"CMIP","s1664_F_PIT_01_ASEReadCounter.table","NW_015090842.1:6114751",16,34,18
"CMIP","s1664_F_PIT_01_ASEReadCounter.table","NW_015090842.1:6114824",18,42,24
"CMIP","s1664_F_PIT_01_ASEReadCounter.table","NW_015090842.1:6126295",57,61,4
"CMIP","s1664_F_PIT_01_ASEReadCounter.table","NW_015090842.1:6128998",23,86,63
"CMIP","s1664_F_PIT_01_ASEReadCounter.table","NW_015090842.1:6130562",30,136,106
"CMIP","s1664_F_PIT_01_ASEReadCounter.table","NW_015090842.1:6132522",24,68,44
"CMIP","s1664_F_PIT_01_ASEReadCounter.table","NW_015090842.1:6138265",24,127,103
"CMIP","s1664_F_PIT_01_ASEReadCounter.table","NW_015090842.1:6138300",32,140,108
"CMIP","s1664_F_PIT_01_ASEReadCounter.table","NW_015090842.1:6138342",25,134,109
"CMIP","s1664_F_PIT_01_ASEReadCounter.table","NW_015090842.1:6138343",24,131,107
"CMIP","s1664_F_PIT_01_ASEReadCounter.table","NW_015090842.1:6138345",23,131,108
"CMIP","s1664_F_PIT_01_ASEReadCounter.table","NW_015090842.1:6138647",28,104,76
"CMIP","s1664_F_PIT_01_ASEReadCounter.table","NW_015090842.1:6138745",37,121,84
"CMIP","s1664_F_PIT_01_ASEReadCounter.table","NW_015090842.1:6138832",3,58,55
"CMIP","s1664_F_PIT_01_ASEReadCounter.table","NW_015090842.1:6138967",26,107,81
"CMIP","s1664_F_PIT_01_ASEReadCounter.table","NW_015090842.1:6139131",18,68,50
"CMIP","s1664_F_PIT_01_ASEReadCounter.table","NW_015090842.1:6139163",4,55,51
"CMIP","s1664_F_PIT_01_ASEReadCounter.table","NW_015090842.1:6139212",84,96,12
"CMIP","s1664_F_PIT_01_ASEReadCounter.table","NW_015090842.1:6139360",17,52,35
"CMIP","s1664_F_PIT_01_ASEReadCounter.table","NW_015090842.1:6139572",3,19,16
"PLCG2","s1664_F_PIT_01_ASEReadCounter.table","NW_015090842.1:6179613",5,7,2
"PLCG2","s1664_F_PIT_01_ASEReadCounter.table","NW_015090842.1:6179658",12,15,3
"PLCG2","s1664_F_PIT_01_ASEReadCounter.table","NW_015090842.1:6203766",11,18,7
"PLCG2","s1664_F_PIT_01_ASEReadCounter.table","NW_015090842.1:6203775",8,16,8
"PLCG2","s1664_F_PIT_01_ASEReadCounter.table","NW_015090842.1:6203787",8,17,9
"PLCG2","s1664_F_PIT_01_ASEReadCounter.table","NW_015090842.1:6209741",13,22,9
"PLCG2","s1664_F_PIT_01_ASEReadCounter.table","NW_015090842.1:6209798",13,22,9
"PLCG2","s1664_F_PIT_01_ASEReadCounter.table","NW_015090842.1:6209816",14,20,6
"PLCG2","s1664_F_PIT_01_ASEReadCounter.table","NW_015090842.1:6217547",27,57,30
"PLCG2","s1664_F_PIT_01_ASEReadCounter.table","NW_015090842.1:6218641",13,38,25
"PLCG2","s1664_F_PIT_01_ASEReadCounter.table","NW_015090842.1:6220552",17,39,22
"PLCG2","s1664_F_PIT_01_ASEReadCounter.table","NW_015090842.1:6221969",21,36,15
"PLCG2","s1664_F_PIT_01_ASEReadCounter.table","NW_015090842.1:6228672",12,22,10
"PLCG2","s1664_F_PIT_01_ASEReadCounter.table","NW_015090842.1:6228694",14,22,8
"PLCG2","s1664_F_PIT_01_ASEReadCounter.table","NW_015090842.1:6228722",16,27,11
"PLCG2","s1664_F_PIT_01_ASEReadCounter.table","NW_015090842.1:6228747",10,22,12
"PLCG2","s1664_F_PIT_01_ASEReadCounter.table","NW_015090842.1:6228835",19,29,10
"PLCG2","s1664_F_PIT_01_ASEReadCounter.table","NW_015090842.1:6228841",18,28,10
"PLCG2","s1664_F_PIT_01_ASEReadCounter.table","NW_015090842.1:6228865",21,32,11
"PLCG2","s1664_F_PIT_01_ASEReadCounter.table","NW_015090842.1:6228917",21,32,11
"PLCG2","s1664_F_PIT_01_ASEReadCounter.table","NW_015090842.1:6228926",16,29,13
"PLCG2","s1664_F_PIT_01_ASEReadCounter.table","NW_015090842.1:6228954",13,22,9
"PLCG2","s1664_F_PIT_01_ASEReadCounter.table","NW_015090842.1:6229002",22,30,8
"PLCG2","s1664_F_PIT_01_ASEReadCounter.table","NW_015090842.1:6229006",22,30,8
"PLCG2","s1664_F_PIT_01_ASEReadCounter.table","NW_015090842.1:6229081",13,19,6
"PLCG2","s1664_F_PIT_01_ASEReadCounter.table","NW_015090842.1:6229097",8,12,4
"PLCG2","s1664_F_PIT_01_ASEReadCounter.table","NW_015090842.1:6229160",15,20,5
"PLCG2","s1664_F_PIT_01_ASEReadCounter.table","NW_015090842.1:6229213",18,25,7
"PLCG2","s1664_F_PIT_01_ASEReadCounter.table","NW_015090842.1:6229231",17,28,11
"PLCG2","s1664_F_PIT_01_ASEReadCounter.table","NW_015090842.1:6229663",24,29,5
"PLCG2","s1664_F_PIT_01_ASEReadCounter.table","NW_015090842.1:6229748",24,26,2
"PLCG2","s1664_F_PIT_01_ASEReadCounter.table","NW_015090842.1:6229892",28,31,3
"PLCG2","s1664_F_PIT_01_ASEReadCounter.table","NW_015090842.1:6230248",19,20,1
"PLCG2","s1664_F_PIT_01_ASEReadCounter.table","NW_015090842.1:6230255",18,18,0
"PLCG2","s1664_F_PIT_01_ASEReadCounter.table","NW_015090842.1:6230276",17,17,0
"PLCG2","s1664_F_PIT_01_ASEReadCounter.table","NW_015090842.1:6230296",12,14,2
"PLCG2","s1664_F_PIT_01_ASEReadCounter.table","NW_015090842.1:6230349",21,29,8
"PLCG2","s1664_F_PIT_01_ASEReadCounter.table","NW_015090842.1:6230408",23,29,6
"PLCG2","s1664_F_PIT_01_ASEReadCounter.table","NW_015090842.1:6230439",22,27,5
"PLCG2","s1664_F_PIT_01_ASEReadCounter.table","NW_015090842.1:6230757",6,7,1
"PLCG2","s1664_F_PIT_01_ASEReadCounter.table","NW_015090842.1:6230758",8,9,1
"PLCG2","s1664_F_PIT_01_ASEReadCounter.table","NW_015090842.1:6230898",16,23,7
"PLCG2","s1664_F_PIT_01_ASEReadCounter.table","NW_015090842.1:6230976",14,21,7
"PLCG2","s1664_F_PIT_01_ASEReadCounter.table","NW_015090842.1:6231078",25,28,3
"PLCG2","s1664_F_PIT_01_ASEReadCounter.table","NW_015090842.1:6231138",22,27,5
"PLCG2","s1664_F_PIT_01_ASEReadCounter.table","NW_015090842.1:6231177",18,23,5
"PLCG2","s1664_F_PIT_01_ASEReadCounter.table","NW_015090842.1:6231263",16,18,2
"SDR42E1","s1664_F_PIT_01_ASEReadCounter.table","NW_015090842.1:6235292",1,5,4
"SDR42E1","s1664_F_PIT_01_ASEReadCounter.table","NW_015090842.1:6235315",2,11,9
"SDR42E1","s1664_F_PIT_01_ASEReadCounter.table","NW_015090842.1:6235348",6,17,11
"SDR42E1","s1664_F_PIT_01_ASEReadCounter.table","NW_015090842.1:6235355",6,18,12
"SDR42E1","s1664_F_PIT_01_ASEReadCounter.table","NW_015090842.1:6235417",9,31,22
"SDR42E1","s1664_F_PIT_01_ASEReadCounter.table","NW_015090842.1:6235558",9,29,20
"SDR42E1","s1664_F_PIT_01_ASEReadCounter.table","NW_015090842.1:6235741",24,62,38
"SDR42E1","s1664_F_PIT_01_ASEReadCounter.table","NW_015090842.1:6235777",26,71,45
"SDR42E1","s1664_F_PIT_01_ASEReadCounter.table","NW_015090842.1:6235806",26,81,55
"SDR42E1","s1664_F_PIT_01_ASEReadCounter.table","NW_015090842.1:6235809",23,78,55
"SDR42E1","s1664_F_PIT_01_ASEReadCounter.table","NW_015090842.1:6235816",25,77,52
"SDR42E1","s1664_F_PIT_01_ASEReadCounter.table","NW_015090842.1:6235914",18,48,30
"SDR42E1","s1664_F_PIT_01_ASEReadCounter.table","NW_015090842.1:6235935",21,50,29
"SDR42E1","s1664_F_PIT_01_ASEReadCounter.table","NW_015090842.1:6235957",16,46,30
"SDR42E1","s1664_F_PIT_01_ASEReadCounter.table","NW_015090842.1:6236040",8,29,21
"SDR42E1","s1664_F_PIT_01_ASEReadCounter.table","NW_015090842.1:6236260",13,37,24
"SDR42E1","s1664_F_PIT_01_ASEReadCounter.table","NW_015090842.1:6236281",14,38,24
"SDR42E1","s1664_F_PIT_01_ASEReadCounter.table","NW_015090842.1:6236305",20,44,24
"SDR42E1","s1664_F_PIT_01_ASEReadCounter.table","NW_015090842.1:6236458",26,42,16
"SDR42E1","s1664_F_PIT_01_ASEReadCounter.table","NW_015090842.1:6236476",28,47,19
"SDR42E1","s1664_F_PIT_01_ASEReadCounter.table","NW_015090842.1:6236608",23,56,33
"SDR42E1","s1664_F_PIT_01_ASEReadCounter.table","NW_015090842.1:6238244",17,30,13
"SDR42E1","s1664_F_PIT_01_ASEReadCounter.table","NW_015090842.1:6238829",3,6,3
"HSD17B2","s1664_F_PIT_01_ASEReadCounter.table","NW_015090842.1:6257851",0,1,1
"HSD17B2","s1664_F_PIT_01_ASEReadCounter.table","NW_015090842.1:6257889",0,2,2
"HSD17B2","s1664_F_PIT_01_ASEReadCounter.table","NW_015090842.1:6266125",0,1,1
"HSD17B2","s1664_F_PIT_01_ASEReadCounter.table","NW_015090842.1:6266135",0,1,1
"HSD17B2","s1664_F_PIT_01_ASEReadCounter.table","NW_015090842.1:6266795",0,3,3
"HSD17B2","s1664_F_PIT_01_ASEReadCounter.table","NW_015090842.1:6266944",0,3,3
"HSD17B2","s1664_F_PIT_01_ASEReadCounter.table","NW_015090842.1:6267053",0,1,1
"HSD17B2","s1664_F_PIT_01_ASEReadCounter.table","NW_015090842.1:6267196",0,1,1
"HSD17B2","s1664_F_PIT_01_ASEReadCounter.table","NW_015090842.1:6267273",0,1,1
"HSD17B2","s1664_F_PIT_01_ASEReadCounter.table","NW_015090842.1:6267674",0,1,1
"ARY2","s1664_F_PIT_01_ASEReadCounter.table","NW_015090842.1:6303922",2,4,2
"ARY2","s1664_F_PIT_01_ASEReadCounter.table","NW_015090842.1:6303954",2,6,4
"ARY2","s1664_F_PIT_01_ASEReadCounter.table","NW_015090842.1:6303979",2,7,5
"ARY2","s1664_F_PIT_01_ASEReadCounter.table","NW_015090842.1:6305848",5,9,4
"ARY2","s1664_F_PIT_01_ASEReadCounter.table","NW_015090842.1:6305856",5,9,4
"ARY2","s1664_F_PIT_01_ASEReadCounter.table","NW_015090842.1:6305857",5,9,4
"ARY2","s1664_F_PIT_01_ASEReadCounter.table","NW_015090842.1:6306017",3,9,6
"ARY2","s1664_F_PIT_01_ASEReadCounter.table","NW_015090842.1:6306052",2,9,7
"ARY2","s1664_F_PIT_01_ASEReadCounter.table","NW_015090842.1:6306094",4,9,5
"ARY2","s1664_F_PIT_01_ASEReadCounter.table","NW_015090842.1:6306100",4,9,5
"ARY2","s1664_F_PIT_01_ASEReadCounter.table","NW_015090842.1:6306146",4,10,6
"ARY2","s1664_F_PIT_01_ASEReadCounter.table","NW_015090842.1:6306147",3,7,4
"ARY2","s1664_F_PIT_01_ASEReadCounter.table","NW_015090842.1:6306390",5,8,3
"ARY2","s1664_F_PIT_01_ASEReadCounter.table","NW_015090842.1:6306567",3,4,1
"ARY2","s1664_F_PIT_01_ASEReadCounter.table","NW_015090842.1:6306705",2,3,1
"ARY2","s1664_F_PIT_01_ASEReadCounter.table","NW_015090842.1:6306773",3,4,1
"ARY2","s1664_F_PIT_01_ASEReadCounter.table","NW_015090842.1:6307039",1,4,3
"ARY2","s1664_F_PIT_01_ASEReadCounter.table","NW_015090842.1:6307043",1,4,3
"ARY2","s1664_F_PIT_01_ASEReadCounter.table","NW_015090842.1:6307093",2,5,3
"ARY2","s1664_F_PIT_01_ASEReadCounter.table","NW_015090842.1:6307138",2,4,2
"ARY2","s1664_F_PIT_01_ASEReadCounter.table","NW_015090842.1:6307157",2,4,2
"ARY2","s1664_F_PIT_01_ASEReadCounter.table","NW_015090842.1:6307187",2,4,2
"ARY2","s1664_F_PIT_01_ASEReadCounter.table","NW_015090842.1:6307204",2,3,1
"ARY2","s1664_F_PIT_01_ASEReadCounter.table","NW_015090842.1:6307278",2,3,1
"ARY2","s1664_F_PIT_01_ASEReadCounter.table","NW_015090842.1:6307305",2,3,1
"ARY2","s1664_F_PIT_01_ASEReadCounter.table","NW_015090842.1:6307318",3,4,1
"ARY2","s1664_F_PIT_01_ASEReadCounter.table","NW_015090842.1:6307429",6,9,3
"ARY2","s1664_F_PIT_01_ASEReadCounter.table","NW_015090842.1:6307487",1,3,2
"ARY2","s1664_F_PIT_01_ASEReadCounter.table","NW_015090842.1:6307670",2,3,1
"ARYL","s1664_F_PIT_01_ASEReadCounter.table","NW_015090842.1:6313360",0,2,2
"ARYL","s1664_F_PIT_01_ASEReadCounter.table","NW_015090842.1:6313377",0,3,3
"ARYL","s1664_F_PIT_01_ASEReadCounter.table","NW_015090842.1:6313767",1,3,2
"ARY1","s1664_F_PIT_01_ASEReadCounter.table","NW_015090842.1:6314296",2,3,1
"ARY1","s1664_F_PIT_01_ASEReadCounter.table","NW_015090842.1:6314541",2,2,0
"ARY1","s1664_F_PIT_01_ASEReadCounter.table","NW_015090842.1:6314597",0,1,1
"ARY1","s1664_F_PIT_01_ASEReadCounter.table","NW_015090842.1:6314750",3,5,2
"ARY1","s1664_F_PIT_01_ASEReadCounter.table","NW_015090842.1:6314794",2,3,1
"ARY1","s1664_F_PIT_01_ASEReadCounter.table","NW_015090842.1:6314827",2,2,0
"ARY1","s1664_F_PIT_01_ASEReadCounter.table","NW_015090842.1:6314859",2,2,0
"ARY1","s1664_F_PIT_01_ASEReadCounter.table","NW_015090842.1:6314886",3,3,0
"ARY1","s1664_F_PIT_01_ASEReadCounter.table","NW_015090842.1:6315022",2,4,2
"ARY1","s1664_F_PIT_01_ASEReadCounter.table","NW_015090842.1:6315026",1,3,2
"ARY1","s1664_F_PIT_01_ASEReadCounter.table","NW_015090842.1:6315043",1,4,3
"ARY1","s1664_F_PIT_01_ASEReadCounter.table","NW_015090842.1:6315065",1,3,2
"ARY1","s1664_F_PIT_01_ASEReadCounter.table","NW_015090842.1:6315409",1,2,1
"ARY1","s1664_F_PIT_01_ASEReadCounter.table","NW_015090842.1:6315479",2,6,4
"ARY1","s1664_F_PIT_01_ASEReadCounter.table","NW_015090842.1:6318342",4,4,0
"ARY1","s1664_F_PIT_01_ASEReadCounter.table","NW_015090842.1:6318427",3,5,2
"ARY1","s1664_F_PIT_01_ASEReadCounter.table","NW_015090842.1:6318603",3,3,0
"ARY1","s1664_F_PIT_01_ASEReadCounter.table","NW_015090842.1:6318708",3,6,3
"ARY1","s1664_F_PIT_01_ASEReadCounter.table","NW_015090842.1:6318858",2,4,2
"ARY1","s1664_F_PIT_01_ASEReadCounter.table","NW_015090842.1:6318952",3,5,2
"MPHOSPH6","s1664_F_PIT_01_ASEReadCounter.table","NW_015090842.1:6324063",38,77,39
"MPHOSPH6","s1664_F_PIT_01_ASEReadCounter.table","NW_015090842.1:6324174",70,160,90
"MPHOSPH6","s1664_F_PIT_01_ASEReadCounter.table","NW_015090842.1:6324270",84,182,98
"MPHOSPH6","s1664_F_PIT_01_ASEReadCounter.table","NW_015090842.1:6324762",104,200,96
"MPHOSPH6","s1664_F_PIT_01_ASEReadCounter.table","NW_015090842.1:6324780",85,160,75
"MPHOSPH6","s1664_F_PIT_01_ASEReadCounter.table","NW_015090842.1:6324902",107,226,119
"MPHOSPH6","s1664_F_PIT_01_ASEReadCounter.table","NW_015090842.1:6325066",107,236,129
"MPHOSPH6","s1664_F_PIT_01_ASEReadCounter.table","NW_015090842.1:6325089",121,266,145
"MPHOSPH6","s1664_F_PIT_01_ASEReadCounter.table","NW_015090842.1:6325877",112,264,152
"MPHOSPH6","s1664_F_PIT_01_ASEReadCounter.table","NW_015090842.1:6326976",74,197,123
"CDH13","s1664_F_PIT_01_ASEReadCounter.table","NW_015090842.1:6662283",10,11,1
"CDH13","s1664_F_PIT_01_ASEReadCounter.table","NW_015090842.1:6693665",7,8,1
"CDH13","s1664_F_PIT_01_ASEReadCounter.table","NW_015090842.1:6693697",10,12,2
"CDH13","s1664_F_PIT_01_ASEReadCounter.table","NW_015090842.1:6693712",10,12,2
"CDH13","s1664_F_PIT_01_ASEReadCounter.table","NW_015090842.1:6693723",10,12,2
"CDH13","s1664_F_PIT_01_ASEReadCounter.table","NW_015090842.1:6693738",13,15,2
"CDH13","s1664_F_PIT_01_ASEReadCounter.table","NW_015090842.1:6823730",6,8,2
"CDH13","s1664_F_PIT_01_ASEReadCounter.table","NW_015090842.1:6889713",8,8,0
"CDH13","s1664_F_PIT_01_ASEReadCounter.table","NW_015090842.1:6955167",10,11,1
"MLYCD","s1664_F_PIT_01_ASEReadCounter.table","NW_015090842.1:7150054",37,84,47
"MLYCD","s1664_F_PIT_01_ASEReadCounter.table","NW_015090842.1:7150131",53,113,60
"MLYCD","s1664_F_PIT_01_ASEReadCounter.table","NW_015090842.1:7150585",55,123,68
"MLYCD","s1664_F_PIT_01_ASEReadCounter.table","NW_015090842.1:7150686",37,98,61
"MLYCD","s1664_F_PIT_01_ASEReadCounter.table","NW_015090842.1:7150696",46,115,69
"MLYCD","s1664_F_PIT_01_ASEReadCounter.table","NW_015090842.1:7150869",60,102,42
"MLYCD","s1664_F_PIT_01_ASEReadCounter.table","NW_015090842.1:7151100",62,122,60
"MLYCD","s1664_F_PIT_01_ASEReadCounter.table","NW_015090842.1:7151127",61,129,68
"MLYCD","s1664_F_PIT_01_ASEReadCounter.table","NW_015090842.1:7157538",51,116,65
"MLYCD","s1664_F_PIT_01_ASEReadCounter.table","NW_015090842.1:7167662",33,73,40
"MLYCD","s1664_F_PIT_01_ASEReadCounter.table","NW_015090842.1:7167675",36,74,38
"MLYCD","s1664_F_PIT_01_ASEReadCounter.table","NW_015090842.1:7167710",35,70,35
"MLYCD","s1664_F_PIT_01_ASEReadCounter.table","NW_015090842.1:7167781",29,61,32
"MLYCD","s1664_F_PIT_01_ASEReadCounter.table","NW_015090842.1:7167803",29,53,24
"MLYCD","s1664_F_PIT_01_ASEReadCounter.table","NW_015090842.1:7167812",29,51,22
"MLYCD","s1664_F_PIT_01_ASEReadCounter.table","NW_015090842.1:7167845",27,51,24
"MLYCD","s1664_F_PIT_01_ASEReadCounter.table","NW_015090842.1:7167862",21,41,20
"MLYCD","s1664_F_PIT_01_ASEReadCounter.table","NW_015090842.1:7167929",16,35,19
"MLYCD","s1664_F_PIT_01_ASEReadCounter.table","NW_015090842.1:7167995",17,33,16
"MLYCD","s1664_F_PIT_01_ASEReadCounter.table","NW_015090842.1:7168005",17,33,16
"MLYCD","s1664_F_PIT_01_ASEReadCounter.table","NW_015090842.1:7168037",22,36,14
"HSBP1","s1664_F_PIT_01_ASEReadCounter.table","NW_015090842.1:7245192",207,391,184
"HSBP1","s1664_F_PIT_01_ASEReadCounter.table","NW_015090842.1:7245226",233,462,229
"HSBP1","s1664_F_PIT_01_ASEReadCounter.table","NW_015090842.1:7245257",213,420,207
"HSBP1","s1664_F_PIT_01_ASEReadCounter.table","NW_015090842.1:7245296",184,409,225
"HSBP1","s1664_F_PIT_01_ASEReadCounter.table","NW_015090842.1:7245389",269,525,256
"HSBP1","s1664_F_PIT_01_ASEReadCounter.table","NW_015090842.1:7245400",272,520,248
"HSBP1","s1664_F_PIT_01_ASEReadCounter.table","NW_015090842.1:7245445",265,521,256
"HSBP1","s1664_F_PIT_01_ASEReadCounter.table","NW_015090842.1:7245495",274,506,232
"HSBP1","s1664_F_PIT_01_ASEReadCounter.table","NW_015090842.1:7245733",177,369,192
"HSBP1","s1664_F_PIT_01_ASEReadCounter.table","NW_015090842.1:7245771",188,373,185
"HSBP1","s1664_F_PIT_01_ASEReadCounter.table","NW_015090842.1:7245813",210,401,191
"HSBP1","s1664_F_PIT_01_ASEReadCounter.table","NW_015090842.1:7245926",245,459,214
"HSBP1","s1664_F_PIT_01_ASEReadCounter.table","NW_015090842.1:7245927",245,454,209
"HSBP1","s1664_F_PIT_01_ASEReadCounter.table","NW_015090842.1:7245933",232,433,201
"HSBP1","s1664_F_PIT_01_ASEReadCounter.table","NW_015090842.1:7246002",189,405,216
"HSBP1","s1664_F_PIT_01_ASEReadCounter.table","NW_015090842.1:7246094",264,491,227
"HSBP1","s1664_F_PIT_01_ASEReadCounter.table","NW_015090842.1:7246167",237,486,249
"HSBP1","s1664_F_PIT_01_ASEReadCounter.table","NW_015090842.1:7246183",226,472,246
"HSBP1","s1664_F_PIT_01_ASEReadCounter.table","NW_015090842.1:7247285",58,78,20
"HSBP1","s1664_F_PIT_01_ASEReadCounter.table","NW_015090842.1:7247651",442,851,409
"HSBP1","s1664_F_PIT_01_ASEReadCounter.table","NW_015090842.1:7247657",443,859,416
"HSBP1","s1664_F_PIT_01_ASEReadCounter.table","NW_015090842.1:7248520",301,560,259
"HSBP1","s1664_F_PIT_01_ASEReadCounter.table","NW_015090842.1:7248535",243,445,202
"KCNG4","s1664_F_PIT_01_ASEReadCounter.table","NW_015090842.1:7283056",1,1,0
"WFDC1","s1664_F_PIT_01_ASEReadCounter.table","NW_015090842.1:7373367",1,1,0
"WFDC1","s1664_F_PIT_01_ASEReadCounter.table","NW_015090842.1:7375828",1,2,1
"WFDC1","s1664_F_PIT_01_ASEReadCounter.table","NW_015090842.1:7378036",2,2,0
"WFDC1","s1664_F_PIT_01_ASEReadCounter.table","NW_015090842.1:7379125",1,1,0
"WFDC1","s1664_F_PIT_01_ASEReadCounter.table","NW_015090842.1:7379451",1,5,4
"WFDC1","s1664_F_PIT_01_ASEReadCounter.table","NW_015090842.1:7379471",1,5,4
"WFDC1","s1664_F_PIT_01_ASEReadCounter.table","NW_015090842.1:7379576",1,4,3
"WFDC1","s1664_F_PIT_01_ASEReadCounter.table","NW_015090842.1:7379596",0,3,3
"WFDC1","s1664_F_PIT_01_ASEReadCounter.table","NW_015090842.1:7379605",0,3,3
"WFDC1","s1664_F_PIT_01_ASEReadCounter.table","NW_015090842.1:7379626",0,2,2
"WFDC1","s1664_F_PIT_01_ASEReadCounter.table","NW_015090842.1:7379631",0,1,1
"WFDC1","s1664_F_PIT_01_ASEReadCounter.table","NW_015090842.1:7379632",0,1,1
"WFDC1","s1664_F_PIT_01_ASEReadCounter.table","NW_015090842.1:7379652",2,2,0
"WFDC1","s1664_F_PIT_01_ASEReadCounter.table","NW_015090842.1:7379669",2,2,0
"WFDC1","s1664_F_PIT_01_ASEReadCounter.table","NW_015090842.1:7379674",2,2,0
"WFDC1","s1664_F_PIT_01_ASEReadCounter.table","NW_015090842.1:7379719",3,3,0
"WFDC1","s1664_F_PIT_01_ASEReadCounter.table","NW_015090842.1:7379735",3,3,0
"WFDC1","s1664_F_PIT_01_ASEReadCounter.table","NW_015090842.1:7379739",3,4,1
"WFDC1","s1664_F_PIT_01_ASEReadCounter.table","NW_015090842.1:7379821",1,2,1
"WFDC1","s1664_F_PIT_01_ASEReadCounter.table","NW_015090842.1:7379933",0,1,1
"WFDC1","s1664_F_PIT_01_ASEReadCounter.table","NW_015090842.1:7379935",0,1,1
"WFDC1","s1664_F_PIT_01_ASEReadCounter.table","NW_015090842.1:7379983",1,3,2
"WFDC1","s1664_F_PIT_01_ASEReadCounter.table","NW_015090842.1:7380060",1,1,0
"WFDC1","s1664_F_PIT_01_ASEReadCounter.table","NW_015090842.1:7380136",1,2,1
"WFDC1","s1664_F_PIT_01_ASEReadCounter.table","NW_015090842.1:7380150",1,2,1
"WFDC1","s1664_F_PIT_01_ASEReadCounter.table","NW_015090842.1:7380164",1,2,1
"WFDC1","s1664_F_PIT_01_ASEReadCounter.table","NW_015090842.1:7380237",2,3,1
"WFDC1","s1664_F_PIT_01_ASEReadCounter.table","NW_015090842.1:7380261",3,4,1
"WFDC1","s1664_F_PIT_01_ASEReadCounter.table","NW_015090842.1:7380322",3,3,0
"WFDC1","s1664_F_PIT_01_ASEReadCounter.table","NW_015090842.1:7380491",0,2,2
"WFDC1","s1664_F_PIT_01_ASEReadCounter.table","NW_015090842.1:7380567",1,4,3
"WFDC1","s1664_F_PIT_01_ASEReadCounter.table","NW_015090842.1:7380672",1,1,0
"WFDC1","s1664_F_PIT_01_ASEReadCounter.table","NW_015090842.1:7380721",0,2,2
"WFDC1","s1664_F_PIT_01_ASEReadCounter.table","NW_015090842.1:7380743",2,2,0
"WFDC1","s1664_F_PIT_01_ASEReadCounter.table","NW_015090842.1:7380852",1,3,2
"WFDC1","s1664_F_PIT_01_ASEReadCounter.table","NW_015090842.1:7380878",1,3,2
"WFDC1","s1664_F_PIT_01_ASEReadCounter.table","NW_015090842.1:7381081",5,7,2
"WFDC1","s1664_F_PIT_01_ASEReadCounter.table","NW_015090842.1:7381127",7,9,2
"WFDC1","s1664_F_PIT_01_ASEReadCounter.table","NW_015090842.1:7381195",1,2,1
"WFDC1","s1664_F_PIT_01_ASEReadCounter.table","NW_015090842.1:7381253",1,5,4
"WFDC1","s1664_F_PIT_01_ASEReadCounter.table","NW_015090842.1:7381378",1,2,1
"WFDC1","s1664_F_PIT_01_ASEReadCounter.table","NW_015090842.1:7381433",1,3,2
"WFDC1","s1664_F_PIT_01_ASEReadCounter.table","NW_015090842.1:7381434",1,3,2
"WFDC1","s1664_F_PIT_01_ASEReadCounter.table","NW_015090842.1:7381442",1,3,2
"WFDC1","s1664_F_PIT_01_ASEReadCounter.table","NW_015090842.1:7381517",0,1,1
"WFDC1","s1664_F_PIT_01_ASEReadCounter.table","NW_015090842.1:7381520",0,1,1
"WFDC1","s1664_F_PIT_01_ASEReadCounter.table","NW_015090842.1:7381677",1,1,0
"WFDC1","s1664_F_PIT_01_ASEReadCounter.table","NW_015090842.1:7381709",1,1,0
"ATP2C2","s1664_F_PIT_01_ASEReadCounter.table","NW_015090842.1:7386804",1,3,2
"ATP2C2","s1664_F_PIT_01_ASEReadCounter.table","NW_015090842.1:7386836",3,5,2
"ATP2C2","s1664_F_PIT_01_ASEReadCounter.table","NW_015090842.1:7392613",8,13,5
"ATP2C2","s1664_F_PIT_01_ASEReadCounter.table","NW_015090842.1:7395230",6,9,3
"ATP2C2","s1664_F_PIT_01_ASEReadCounter.table","NW_015090842.1:7395366",7,12,5
"ATP2C2","s1664_F_PIT_01_ASEReadCounter.table","NW_015090842.1:7396756",9,10,1
"ATP2C2","s1664_F_PIT_01_ASEReadCounter.table","NW_015090842.1:7397049",10,17,7
"ATP2C2","s1664_F_PIT_01_ASEReadCounter.table","NW_015090842.1:7398395",14,22,8
"ATP2C2","s1664_F_PIT_01_ASEReadCounter.table","NW_015090842.1:7399774",4,12,8
"ATP2C2","s1664_F_PIT_01_ASEReadCounter.table","NW_015090842.1:7402554",9,16,7
"ATP2C2","s1664_F_PIT_01_ASEReadCounter.table","NW_015090842.1:7402578",9,16,7
"ATP2C2","s1664_F_PIT_01_ASEReadCounter.table","NW_015090842.1:7405621",15,30,15
"ATP2C2","s1664_F_PIT_01_ASEReadCounter.table","NW_015090842.1:7413855",17,19,2
"ATP2C2","s1664_F_PIT_01_ASEReadCounter.table","NW_015090842.1:7413869",6,8,2
"ATP2C2","s1664_F_PIT_01_ASEReadCounter.table","NW_015090842.1:7413875",6,8,2
"TLDC1","s1664_F_PIT_01_ASEReadCounter.table","NW_015090842.1:7421137",56,104,48
"TLDC1","s1664_F_PIT_01_ASEReadCounter.table","NW_015090842.1:7421155",47,93,46
"TLDC1","s1664_F_PIT_01_ASEReadCounter.table","NW_015090842.1:7421218",54,95,41
"TLDC1","s1664_F_PIT_01_ASEReadCounter.table","NW_015090842.1:7421399",54,95,41
"TLDC1","s1664_F_PIT_01_ASEReadCounter.table","NW_015090842.1:7421402",54,93,39
"TLDC1","s1664_F_PIT_01_ASEReadCounter.table","NW_015090842.1:7421528",60,117,57
"TLDC1","s1664_F_PIT_01_ASEReadCounter.table","NW_015090842.1:7421532",57,113,56
"TLDC1","s1664_F_PIT_01_ASEReadCounter.table","NW_015090842.1:7421621",45,89,44
"TLDC1","s1664_F_PIT_01_ASEReadCounter.table","NW_015090842.1:7421647",38,76,38
"TLDC1","s1664_F_PIT_01_ASEReadCounter.table","NW_015090842.1:7421657",35,73,38
"TLDC1","s1664_F_PIT_01_ASEReadCounter.table","NW_015090842.1:7421693",37,80,43
"TLDC1","s1664_F_PIT_01_ASEReadCounter.table","NW_015090842.1:7421796",39,94,55
"TLDC1","s1664_F_PIT_01_ASEReadCounter.table","NW_015090842.1:7421810",41,95,54
"TLDC1","s1664_F_PIT_01_ASEReadCounter.table","NW_015090842.1:7421833",46,101,55
"TLDC1","s1664_F_PIT_01_ASEReadCounter.table","NW_015090842.1:7421879",46,102,56
"TLDC1","s1664_F_PIT_01_ASEReadCounter.table","NW_015090842.1:7421914",53,107,54
"TLDC1","s1664_F_PIT_01_ASEReadCounter.table","NW_015090842.1:7421969",39,80,41
"TLDC1","s1664_F_PIT_01_ASEReadCounter.table","NW_015090842.1:7422015",31,76,45
"TLDC1","s1664_F_PIT_01_ASEReadCounter.table","NW_015090842.1:7422042",49,98,49
"TLDC1","s1664_F_PIT_01_ASEReadCounter.table","NW_015090842.1:7422230",42,82,40
"TLDC1","s1664_F_PIT_01_ASEReadCounter.table","NW_015090842.1:7423349",49,84,35
"TLDC1","s1664_F_PIT_01_ASEReadCounter.table","NW_015090842.1:7423362",45,88,43
"TLDC1","s1664_F_PIT_01_ASEReadCounter.table","NW_015090842.1:7426091",38,69,31
"TLDC1","s1664_F_PIT_01_ASEReadCounter.table","NW_015090842.1:7426485",54,99,45
"TLDC1","s1664_F_PIT_01_ASEReadCounter.table","NW_015090842.1:7427211",41,94,53
"TLDC1","s1664_F_PIT_01_ASEReadCounter.table","NW_015090842.1:7428179",43,97,54
"COTL1","s1664_F_PIT_01_ASEReadCounter.table","NW_015090842.1:7490744",165,306,141
"COTL1","s1664_F_PIT_01_ASEReadCounter.table","NW_015090842.1:7491051",150,285,135
"COTL1","s1664_F_PIT_01_ASEReadCounter.table","NW_015090842.1:7491124",135,274,139
"COTL1","s1664_F_PIT_01_ASEReadCounter.table","NW_015090842.1:7491418",93,186,93
"COTL1","s1664_F_PIT_01_ASEReadCounter.table","NW_015090842.1:7491539",80,174,94
"COTL1","s1664_F_PIT_01_ASEReadCounter.table","NW_015090842.1:7491585",134,251,117
"COTL1","s1664_F_PIT_01_ASEReadCounter.table","NW_015090842.1:7491586",131,265,134
"COTL1","s1664_F_PIT_01_ASEReadCounter.table","NW_015090842.1:7491646",180,341,161
"COTL1","s1664_F_PIT_01_ASEReadCounter.table","NW_015090842.1:7491747",140,285,145
"COTL1","s1664_F_PIT_01_ASEReadCounter.table","NW_015090842.1:7491803",129,254,125
"COTL1","s1664_F_PIT_01_ASEReadCounter.table","NW_015090842.1:7507551",0,4,4
"COTL1","s1664_F_PIT_01_ASEReadCounter.table","NW_015090842.1:7507563",0,4,4
"COTL1","s1664_F_PIT_01_ASEReadCounter.table","NW_015090842.1:7510900",0,3,3
"KLHL36","s1664_F_PIT_01_ASEReadCounter.table","NW_015090842.1:7514700",19,27,8
"KLHL36","s1664_F_PIT_01_ASEReadCounter.table","NW_015090842.1:7519691",9,15,6
"KLHL36","s1664_F_PIT_01_ASEReadCounter.table","NW_015090842.1:7519696",9,13,4
"KLHL36","s1664_F_PIT_01_ASEReadCounter.table","NW_015090842.1:7526160",17,51,34
"KLHL36","s1664_F_PIT_01_ASEReadCounter.table","NW_015090842.1:7526469",13,45,32
"KLHL36","s1664_F_PIT_01_ASEReadCounter.table","NW_015090842.1:7526587",17,53,36
"KLHL36","s1664_F_PIT_01_ASEReadCounter.table","NW_015090842.1:7526997",17,41,24
"KLHL36","s1664_F_PIT_01_ASEReadCounter.table","NW_015090842.1:7527142",14,32,18
"KLHL36","s1664_F_PIT_01_ASEReadCounter.table","NW_015090842.1:7535174",31,82,51
"KLHL36","s1664_F_PIT_01_ASEReadCounter.table","NW_015090842.1:7535384",24,55,31
"KLHL36","s1664_F_PIT_01_ASEReadCounter.table","NW_015090842.1:7535420",34,70,36
"KLHL36","s1664_F_PIT_01_ASEReadCounter.table","NW_015090842.1:7535545",20,36,16
"KLHL36","s1664_F_PIT_01_ASEReadCounter.table","NW_015090842.1:7535829",32,62,30
"KLHL36","s1664_F_PIT_01_ASEReadCounter.table","NW_015090842.1:7535977",23,46,23
"KLHL36","s1664_F_PIT_01_ASEReadCounter.table","NW_015090842.1:7536010",20,48,28
"KLHL36","s1664_F_PIT_01_ASEReadCounter.table","NW_015090842.1:7536051",26,58,32
"KLHL36","s1664_F_PIT_01_ASEReadCounter.table","NW_015090842.1:7536096",18,49,31
"KLHL36","s1664_F_PIT_01_ASEReadCounter.table","NW_015090842.1:7536135",23,51,28
"KLHL36","s1664_F_PIT_01_ASEReadCounter.table","NW_015090842.1:7536136",22,50,28
"KLHL36","s1664_F_PIT_01_ASEReadCounter.table","NW_015090842.1:7536160",19,40,21
"KLHL36","s1664_F_PIT_01_ASEReadCounter.table","NW_015090842.1:7536336",19,60,41
"KLHL36","s1664_F_PIT_01_ASEReadCounter.table","NW_015090842.1:7536352",17,58,41
"KLHL36","s1664_F_PIT_01_ASEReadCounter.table","NW_015090842.1:7536412",11,40,29
"KLHL36","s1664_F_PIT_01_ASEReadCounter.table","NW_015090842.1:7536418",11,40,29
"KLHL36","s1664_F_PIT_01_ASEReadCounter.table","NW_015090842.1:7536465",16,48,32
"KLHL36","s1664_F_PIT_01_ASEReadCounter.table","NW_015090842.1:7536466",16,47,31
"KLHL36","s1664_F_PIT_01_ASEReadCounter.table","NW_015090842.1:7536553",27,61,34
"KLHL36","s1664_F_PIT_01_ASEReadCounter.table","NW_015090842.1:7536698",18,49,31
"KLHL36","s1664_F_PIT_01_ASEReadCounter.table","NW_015090842.1:7536713",10,44,34
"KLHL36","s1664_F_PIT_01_ASEReadCounter.table","NW_015090842.1:7536720",16,43,27
"KLHL36","s1664_F_PIT_01_ASEReadCounter.table","NW_015090842.1:7536791",22,53,31
"KLHL36","s1664_F_PIT_01_ASEReadCounter.table","NW_015090842.1:7536849",20,47,27
"KLHL36","s1664_F_PIT_01_ASEReadCounter.table","NW_015090842.1:7536872",21,58,37
"KLHL36","s1664_F_PIT_01_ASEReadCounter.table","NW_015090842.1:7536878",22,56,34
"KLHL36","s1664_F_PIT_01_ASEReadCounter.table","NW_015090842.1:7536916",22,54,32
"KLHL36","s1664_F_PIT_01_ASEReadCounter.table","NW_015090842.1:7536927",20,64,44
"KLHL36","s1664_F_PIT_01_ASEReadCounter.table","NW_015090842.1:7537315",29,63,34
"KLHL36","s1664_F_PIT_01_ASEReadCounter.table","NW_015090842.1:7537352",29,61,32
"KLHL36","s1664_F_PIT_01_ASEReadCounter.table","NW_015090842.1:7537631",31,58,27
"KLHL36","s1664_F_PIT_01_ASEReadCounter.table","NW_015090842.1:7537830",28,60,32
"KLHL36","s1664_F_PIT_01_ASEReadCounter.table","NW_015090842.1:7537838",27,57,30
"KLHL36","s1664_F_PIT_01_ASEReadCounter.table","NW_015090842.1:7538153",11,52,41
"KLHL36","s1664_F_PIT_01_ASEReadCounter.table","NW_015090842.1:7538256",16,36,20
"KLHL36","s1664_F_PIT_01_ASEReadCounter.table","NW_015090842.1:7538265",16,36,20
"KLHL36","s1664_F_PIT_01_ASEReadCounter.table","NW_015090842.1:7538300",13,31,18
"USP10","s1664_F_PIT_01_ASEReadCounter.table","NW_015090842.1:7563972",14,27,13
"USP10","s1664_F_PIT_01_ASEReadCounter.table","NW_015090842.1:7571816",46,94,48
"USP10","s1664_F_PIT_01_ASEReadCounter.table","NW_015090842.1:7571993",34,78,44
"USP10","s1664_F_PIT_01_ASEReadCounter.table","NW_015090842.1:7572580",54,108,54
"USP10","s1664_F_PIT_01_ASEReadCounter.table","NW_015090842.1:7587372",77,145,68
"CRISPLD2","s1664_F_PIT_01_ASEReadCounter.table","NW_015090842.1:7609883",1,1,0
"CRISPLD2","s1664_F_PIT_01_ASEReadCounter.table","NW_015090842.1:7610084",0,1,1
"CRISPLD2","s1664_F_PIT_01_ASEReadCounter.table","NW_015090842.1:7617790",0,1,1
"CRISPLD2","s1664_F_PIT_01_ASEReadCounter.table","NW_015090842.1:7625451",1,1,0
"CRISPLD2","s1664_F_PIT_01_ASEReadCounter.table","NW_015090842.1:7626214",1,1,0
"CRISPLD2","s1664_F_PIT_01_ASEReadCounter.table","NW_015090842.1:7633326",1,1,0
"CRISPLD2","s1664_F_PIT_01_ASEReadCounter.table","NW_015090842.1:7633381",1,1,0
"CRISPLD2","s1664_F_PIT_01_ASEReadCounter.table","NW_015090842.1:7633388",1,1,0
"CRISPLD2","s1664_F_PIT_01_ASEReadCounter.table","NW_015090842.1:7633400",1,1,0
"CRISPLD2","s1664_F_PIT_01_ASEReadCounter.table","NW_015090842.1:7633557",2,2,0
"CRISPLD2","s1664_F_PIT_01_ASEReadCounter.table","NW_015090842.1:7633571",2,2,0
"CRISPLD2","s1664_F_PIT_01_ASEReadCounter.table","NW_015090842.1:7633588",2,2,0
"CRISPLD2","s1664_F_PIT_01_ASEReadCounter.table","NW_015090842.1:7633617",1,1,0
"CRISPLD2","s1664_F_PIT_01_ASEReadCounter.table","NW_015090842.1:7633695",2,2,0
"CRISPLD2","s1664_F_PIT_01_ASEReadCounter.table","NW_015090842.1:7633721",1,1,0
"CRISPLD2","s1664_F_PIT_01_ASEReadCounter.table","NW_015090842.1:7633910",1,1,0
"CRISPLD2","s1664_F_PIT_01_ASEReadCounter.table","NW_015090842.1:7634142",1,1,0
"CRISPLD2","s1664_F_PIT_01_ASEReadCounter.table","NW_015090842.1:7634417",1,1,0
"CRISPLD2","s1664_F_PIT_01_ASEReadCounter.table","NW_015090842.1:7634825",0,1,1
"CRISPLD2","s1664_F_PIT_01_ASEReadCounter.table","NW_015090842.1:7634852",0,1,1
"CRISPLD2","s1664_F_PIT_01_ASEReadCounter.table","NW_015090842.1:7635009",3,3,0
"CRISPLD2","s1664_F_PIT_01_ASEReadCounter.table","NW_015090842.1:7635208",2,2,0
"CRISPLD2","s1664_F_PIT_01_ASEReadCounter.table","NW_015090842.1:7635373",4,5,1
"CRISPLD2","s1664_F_PIT_01_ASEReadCounter.table","NW_015090842.1:7635525",1,2,1
"CRISPLD2","s1664_F_PIT_01_ASEReadCounter.table","NW_015090842.1:7635583",2,3,1
"CRISPLD2","s1664_F_PIT_01_ASEReadCounter.table","NW_015090842.1:7635924",1,1,0
"LOC106888312","s1664_F_PIT_01_ASEReadCounter.table","NW_015090842.1:7732443",0,1,1
"LOC106888312","s1664_F_PIT_01_ASEReadCounter.table","NW_015090842.1:7732444",0,1,1
"LOC106888312","s1664_F_PIT_01_ASEReadCounter.table","NW_015090842.1:7732538",0,1,1
"LOC106888312","s1664_F_PIT_01_ASEReadCounter.table","NW_015090842.1:7732548",0,1,1
"LOC106888312","s1664_F_PIT_01_ASEReadCounter.table","NW_015090842.1:7732576",0,1,1
"LOC106888312","s1664_F_PIT_01_ASEReadCounter.table","NW_015090842.1:7732580",0,1,1
"LOC106888312","s1664_F_PIT_01_ASEReadCounter.table","NW_015090842.1:7733011",0,1,1
"LOC106888312","s1664_F_PIT_01_ASEReadCounter.table","NW_015090842.1:7733046",0,1,1
"LOC106888312","s1664_F_PIT_01_ASEReadCounter.table","NW_015090842.1:7733068",0,1,1
"LOC106888312","s1664_F_PIT_01_ASEReadCounter.table","NW_015090842.1:7733077",0,1,1
"LOC106888312","s1664_F_PIT_01_ASEReadCounter.table","NW_015090842.1:7733096",0,1,1
"LOC106888312","s1664_F_PIT_01_ASEReadCounter.table","NW_015090842.1:7733299",0,1,1
"LOC106888312","s1664_F_PIT_01_ASEReadCounter.table","NW_015090842.1:7733470",1,1,0
"LOC106888312","s1664_F_PIT_01_ASEReadCounter.table","NW_015090842.1:7733471",1,1,0
"LOC106888312","s1664_F_PIT_01_ASEReadCounter.table","NW_015090842.1:7733472",1,1,0
"LOC106888312","s1664_F_PIT_01_ASEReadCounter.table","NW_015090842.1:7733609",1,1,0
"LOC106888312","s1664_F_PIT_01_ASEReadCounter.table","NW_015090842.1:7733674",0,1,1
"LOC106888312","s1664_F_PIT_01_ASEReadCounter.table","NW_015090842.1:7733979",0,3,3
"LOC106888312","s1664_F_PIT_01_ASEReadCounter.table","NW_015090842.1:7733981",0,3,3
"ZDHHC7","s1664_F_PIT_01_ASEReadCounter.table","NW_015090842.1:7737199",40,92,52
"ZDHHC7","s1664_F_PIT_01_ASEReadCounter.table","NW_015090842.1:7737332",25,68,43
"ZDHHC7","s1664_F_PIT_01_ASEReadCounter.table","NW_015090842.1:7737553",45,115,70
"ZDHHC7","s1664_F_PIT_01_ASEReadCounter.table","NW_015090842.1:7737920",28,64,36
"ZDHHC7","s1664_F_PIT_01_ASEReadCounter.table","NW_015090842.1:7737953",23,60,37
"ZDHHC7","s1664_F_PIT_01_ASEReadCounter.table","NW_015090842.1:7737987",19,65,46
"ZDHHC7","s1664_F_PIT_01_ASEReadCounter.table","NW_015090842.1:7738068",22,60,38
"ZDHHC7","s1664_F_PIT_01_ASEReadCounter.table","NW_015090842.1:7738204",33,73,40
"LOC106888097","s1664_F_PIT_01_ASEReadCounter.table","NW_015090842.1:7767178",15,44,29
"LOC106888097","s1664_F_PIT_01_ASEReadCounter.table","NW_015090842.1:7767187",14,44,30
"LOC106888097","s1664_F_PIT_01_ASEReadCounter.table","NW_015090842.1:7768144",29,80,51
"LOC106888097","s1664_F_PIT_01_ASEReadCounter.table","NW_015090842.1:7768196",36,104,68
"LOC106888097","s1664_F_PIT_01_ASEReadCounter.table","NW_015090842.1:7769884",21,56,35
"LOC106888097","s1664_F_PIT_01_ASEReadCounter.table","NW_015090842.1:7769893",16,47,31
"LOC106888097","s1664_F_PIT_01_ASEReadCounter.table","NW_015090842.1:7770245",25,60,35
"LOC106888097","s1664_F_PIT_01_ASEReadCounter.table","NW_015090842.1:7772402",32,69,37
"LOC106888097","s1664_F_PIT_01_ASEReadCounter.table","NW_015090842.1:7772483",39,95,56
"LOC106888097","s1664_F_PIT_01_ASEReadCounter.table","NW_015090842.1:7772490",41,101,60
"LOC106888097","s1664_F_PIT_01_ASEReadCounter.table","NW_015090842.1:7774281",29,86,57
"LOC106888097","s1664_F_PIT_01_ASEReadCounter.table","NW_015090842.1:7774552",26,110,84
"LOC106888097","s1664_F_PIT_01_ASEReadCounter.table","NW_015090842.1:7774564",25,106,81
"LOC106888097","s1664_F_PIT_01_ASEReadCounter.table","NW_015090842.1:7774611",20,95,75
"LOC106888097","s1664_F_PIT_01_ASEReadCounter.table","NW_015090842.1:7774681",26,88,62
"LOC106888097","s1664_F_PIT_01_ASEReadCounter.table","NW_015090842.1:7774698",17,65,48
"LOC106888097","s1664_F_PIT_01_ASEReadCounter.table","NW_015090842.1:7774730",13,37,24
"LOC106888097","s1664_F_PIT_01_ASEReadCounter.table","NW_015090842.1:7774778",5,5,0
"LOC106888097","s1664_F_PIT_01_ASEReadCounter.table","NW_015090842.1:7774793",6,6,0
"FOXL1","s1664_F_PIT_01_ASEReadCounter.table","NW_015090842.1:8113043",1,3,2
"FOXC2","s1664_F_PIT_01_ASEReadCounter.table","NW_015090842.1:8129599",3,11,8
"FOXC2","s1664_F_PIT_01_ASEReadCounter.table","NW_015090842.1:8129616",3,6,3
"FOXC2","s1664_F_PIT_01_ASEReadCounter.table","NW_015090842.1:8129715",7,21,14
"FOXC2","s1664_F_PIT_01_ASEReadCounter.table","NW_015090842.1:8129719",7,21,14
"FOXC2","s1664_F_PIT_01_ASEReadCounter.table","NW_015090842.1:8130244",9,18,9
"FOXC2","s1664_F_PIT_01_ASEReadCounter.table","NW_015090842.1:8130472",1,6,5
"FOXC2","s1664_F_PIT_01_ASEReadCounter.table","NW_015090842.1:8130490",3,8,5
"FOXC2","s1664_F_PIT_01_ASEReadCounter.table","NW_015090842.1:8130547",5,11,6
"FOXC2","s1664_F_PIT_01_ASEReadCounter.table","NW_015090842.1:8130550",5,11,6
"FOXC2","s1664_F_PIT_01_ASEReadCounter.table","NW_015090842.1:8130573",4,10,6
"FOXC2","s1664_F_PIT_01_ASEReadCounter.table","NW_015090842.1:8130575",4,10,6
"MTHFSD","s1664_F_PIT_01_ASEReadCounter.table","NW_015090842.1:8140051",14,32,18
"MTHFSD","s1664_F_PIT_01_ASEReadCounter.table","NW_015090842.1:8142923",27,54,27
"MTHFSD","s1664_F_PIT_01_ASEReadCounter.table","NW_015090842.1:8143029",34,64,30
"MTHFSD","s1664_F_PIT_01_ASEReadCounter.table","NW_015090842.1:8152035",17,29,12
"MTHFSD","s1664_F_PIT_01_ASEReadCounter.table","NW_015090842.1:8152315",20,38,18
"MTHFSD","s1664_F_PIT_01_ASEReadCounter.table","NW_015090842.1:8152511",25,50,25
"MTHFSD","s1664_F_PIT_01_ASEReadCounter.table","NW_015090842.1:8152518",25,48,23
"MTHFSD","s1664_F_PIT_01_ASEReadCounter.table","NW_015090842.1:8152553",15,32,17
"MTHFSD","s1664_F_PIT_01_ASEReadCounter.table","NW_015090842.1:8152773",20,36,16
"MTHFSD","s1664_F_PIT_01_ASEReadCounter.table","NW_015090842.1:8152805",19,34,15
"FOXF1","s1664_F_PIT_01_ASEReadCounter.table","NW_015090842.1:8164789",0,1,1
"FOXF1","s1664_F_PIT_01_ASEReadCounter.table","NW_015090842.1:8166883",0,3,3
"FOXF1","s1664_F_PIT_01_ASEReadCounter.table","NW_015090842.1:8167113",1,2,1
"FOXF1","s1664_F_PIT_01_ASEReadCounter.table","NW_015090842.1:8167588",1,4,3
"IRF8","s1664_F_PIT_01_ASEReadCounter.table","NW_015090842.1:8406652",5,7,2
"IRF8","s1664_F_PIT_01_ASEReadCounter.table","NW_015090842.1:8406703",12,15,3
"IRF8","s1664_F_PIT_01_ASEReadCounter.table","NW_015090842.1:8406704",12,15,3
"IRF8","s1664_F_PIT_01_ASEReadCounter.table","NW_015090842.1:8406757",11,15,4
"IRF8","s1664_F_PIT_01_ASEReadCounter.table","NW_015090842.1:8406778",8,12,4
"IRF8","s1664_F_PIT_01_ASEReadCounter.table","NW_015090842.1:8406819",9,15,6
"IRF8","s1664_F_PIT_01_ASEReadCounter.table","NW_015090842.1:8406941",6,12,6
"IRF8","s1664_F_PIT_01_ASEReadCounter.table","NW_015090842.1:8407008",5,9,4
"IRF8","s1664_F_PIT_01_ASEReadCounter.table","NW_015090842.1:8407057",5,10,5
"IRF8","s1664_F_PIT_01_ASEReadCounter.table","NW_015090842.1:8407064",6,10,4
"IRF8","s1664_F_PIT_01_ASEReadCounter.table","NW_015090842.1:8407069",7,13,6
"IRF8","s1664_F_PIT_01_ASEReadCounter.table","NW_015090842.1:8407120",9,14,5
"IRF8","s1664_F_PIT_01_ASEReadCounter.table","NW_015090842.1:8407157",10,14,4
"IRF8","s1664_F_PIT_01_ASEReadCounter.table","NW_015090842.1:8407203",8,12,4
"IRF8","s1664_F_PIT_01_ASEReadCounter.table","NW_015090842.1:8407272",6,10,4
"IRF8","s1664_F_PIT_01_ASEReadCounter.table","NW_015090842.1:8407276",6,9,3
"IRF8","s1664_F_PIT_01_ASEReadCounter.table","NW_015090842.1:8407303",7,12,5
"IRF8","s1664_F_PIT_01_ASEReadCounter.table","NW_015090842.1:8407451",10,13,3
"IRF8","s1664_F_PIT_01_ASEReadCounter.table","NW_015090842.1:8407456",9,12,3
"IRF8","s1664_F_PIT_01_ASEReadCounter.table","NW_015090842.1:8408564",8,12,4
"IRF8","s1664_F_PIT_01_ASEReadCounter.table","NW_015090842.1:8408585",9,9,0
"IRF8","s1664_F_PIT_01_ASEReadCounter.table","NW_015090842.1:8408973",5,9,4
"IRF8","s1664_F_PIT_01_ASEReadCounter.table","NW_015090842.1:8409060",9,14,5
"IRF8","s1664_F_PIT_01_ASEReadCounter.table","NW_015090842.1:8409065",9,14,5
"IRF8","s1664_F_PIT_01_ASEReadCounter.table","NW_015090842.1:8409254",7,9,2
"IRF8","s1664_F_PIT_01_ASEReadCounter.table","NW_015090842.1:8409255",7,9,2
"IRF8","s1664_F_PIT_01_ASEReadCounter.table","NW_015090842.1:8409258",7,9,2
"IRF8","s1664_F_PIT_01_ASEReadCounter.table","NW_015090842.1:8409312",6,11,5
"IRF8","s1664_F_PIT_01_ASEReadCounter.table","NW_015090842.1:8410216",4,6,2
"IRF8","s1664_F_PIT_01_ASEReadCounter.table","NW_015090842.1:8410237",5,7,2
"IRF8","s1664_F_PIT_01_ASEReadCounter.table","NW_015090842.1:8410276",13,13,0
"IRF8","s1664_F_PIT_01_ASEReadCounter.table","NW_015090842.1:8410813",9,15,6
"IRF8","s1664_F_PIT_01_ASEReadCounter.table","NW_015090842.1:8410861",8,12,4
"IRF8","s1664_F_PIT_01_ASEReadCounter.table","NW_015090842.1:8411940",6,11,5
"IRF8","s1664_F_PIT_01_ASEReadCounter.table","NW_015090842.1:8412006",3,6,3
"IRF8","s1664_F_PIT_01_ASEReadCounter.table","NW_015090842.1:8412042",2,4,2
"DUSP15","s1664_F_PIT_01_ASEReadCounter.table","NW_015090842.1:8422787",0,2,2
"DUSP15","s1664_F_PIT_01_ASEReadCounter.table","NW_015090842.1:8422832",1,4,3
"DUSP15","s1664_F_PIT_01_ASEReadCounter.table","NW_015090842.1:8422898",0,2,2
"DUSP15","s1664_F_PIT_01_ASEReadCounter.table","NW_015090842.1:8422909",0,2,2
"COX4I1","s1664_F_PIT_01_ASEReadCounter.table","NW_015090842.1:8442258",820,1716,896
"COX4I1","s1664_F_PIT_01_ASEReadCounter.table","NW_015090842.1:8442333",705,1426,721
"EMC8","s1664_F_PIT_01_ASEReadCounter.table","NW_015090842.1:8444046",71,166,95
"EMC8","s1664_F_PIT_01_ASEReadCounter.table","NW_015090842.1:8444064",65,139,74
"EMC8","s1664_F_PIT_01_ASEReadCounter.table","NW_015090842.1:8452029",15,44,29
"EMC8","s1664_F_PIT_01_ASEReadCounter.table","NW_015090842.1:8452116",16,49,33
"EMC8","s1664_F_PIT_01_ASEReadCounter.table","NW_015090842.1:8452121",17,52,35
"EMC8","s1664_F_PIT_01_ASEReadCounter.table","NW_015090842.1:8452222",14,29,15
"EMC8","s1664_F_PIT_01_ASEReadCounter.table","NW_015090842.1:8452244",14,39,25
"EMC8","s1664_F_PIT_01_ASEReadCounter.table","NW_015090842.1:8452477",13,23,10
"EMC8","s1664_F_PIT_01_ASEReadCounter.table","NW_015090842.1:8452498",13,25,12
"EMC8","s1664_F_PIT_01_ASEReadCounter.table","NW_015090842.1:8452535",7,19,12
"EMC8","s1664_F_PIT_01_ASEReadCounter.table","NW_015090842.1:8452575",5,16,11
"EMC8","s1664_F_PIT_01_ASEReadCounter.table","NW_015090842.1:8452600",7,18,11
"EMC8","s1664_F_PIT_01_ASEReadCounter.table","NW_015090842.1:8452616",9,17,8
"EMC8","s1664_F_PIT_01_ASEReadCounter.table","NW_015090842.1:8452630",8,13,5
"EMC8","s1664_F_PIT_01_ASEReadCounter.table","NW_015090842.1:8452650",9,16,7
"EMC8","s1664_F_PIT_01_ASEReadCounter.table","NW_015090842.1:8452678",9,17,8
"EMC8","s1664_F_PIT_01_ASEReadCounter.table","NW_015090842.1:8452724",6,14,8
"EMC8","s1664_F_PIT_01_ASEReadCounter.table","NW_015090842.1:8452731",6,14,8
"EMC8","s1664_F_PIT_01_ASEReadCounter.table","NW_015090842.1:8452743",4,14,10
"EMC8","s1664_F_PIT_01_ASEReadCounter.table","NW_015090842.1:8452750",3,13,10
"EMC8","s1664_F_PIT_01_ASEReadCounter.table","NW_015090842.1:8452778",4,14,10
"EMC8","s1664_F_PIT_01_ASEReadCounter.table","NW_015090842.1:8452783",4,16,12
"EMC8","s1664_F_PIT_01_ASEReadCounter.table","NW_015090842.1:8452800",11,22,11
"EMC8","s1664_F_PIT_01_ASEReadCounter.table","NW_015090842.1:8452804",11,22,11
"EMC8","s1664_F_PIT_01_ASEReadCounter.table","NW_015090842.1:8452812",10,20,10
"EMC8","s1664_F_PIT_01_ASEReadCounter.table","NW_015090842.1:8452858",9,21,12
"EMC8","s1664_F_PIT_01_ASEReadCounter.table","NW_015090842.1:8452906",13,23,10
"EMC8","s1664_F_PIT_01_ASEReadCounter.table","NW_015090842.1:8452913",14,25,11
"EMC8","s1664_F_PIT_01_ASEReadCounter.table","NW_015090842.1:8453000",13,20,7
"EMC8","s1664_F_PIT_01_ASEReadCounter.table","NW_015090842.1:8453007",15,24,9
"EMC8","s1664_F_PIT_01_ASEReadCounter.table","NW_015090842.1:8453058",12,21,9
"EMC8","s1664_F_PIT_01_ASEReadCounter.table","NW_015090842.1:8453106",9,19,10
"GINS2","s1664_F_PIT_01_ASEReadCounter.table","NW_015090842.1:8466420",22,30,8
"GINS2","s1664_F_PIT_01_ASEReadCounter.table","NW_015090842.1:8466424",23,31,8
"GINS2","s1664_F_PIT_01_ASEReadCounter.table","NW_015090842.1:8466518",25,33,8
"GINS2","s1664_F_PIT_01_ASEReadCounter.table","NW_015090842.1:8468482",39,52,13
"GINS2","s1664_F_PIT_01_ASEReadCounter.table","NW_015090842.1:8470290",58,74,16
"GINS2","s1664_F_PIT_01_ASEReadCounter.table","NW_015090842.1:8470305",43,56,13
"GINS2","s1664_F_PIT_01_ASEReadCounter.table","NW_015090842.1:8470381",43,59,16
"GINS2","s1664_F_PIT_01_ASEReadCounter.table","NW_015090842.1:8470418",44,58,14
"GINS2","s1664_F_PIT_01_ASEReadCounter.table","NW_015090842.1:8470421",36,52,16
"GINS2","s1664_F_PIT_01_ASEReadCounter.table","NW_015090842.1:8470430",26,43,17
"GINS2","s1664_F_PIT_01_ASEReadCounter.table","NW_015090842.1:8470433",26,44,18
"GINS2","s1664_F_PIT_01_ASEReadCounter.table","NW_015090842.1:8470457",18,29,11
"GINS2","s1664_F_PIT_01_ASEReadCounter.table","NW_015090842.1:8470491",15,27,12
"GINS2","s1664_F_PIT_01_ASEReadCounter.table","NW_015090842.1:8470548",25,32,7
"GINS2","s1664_F_PIT_01_ASEReadCounter.table","NW_015090842.1:8470649",13,22,9
"GSE1","s1664_F_PIT_01_ASEReadCounter.table","NW_015090842.1:8475362",50,117,67
"GSE1","s1664_F_PIT_01_ASEReadCounter.table","NW_015090842.1:8475961",25,42,17
"GSE1","s1664_F_PIT_01_ASEReadCounter.table","NW_015090842.1:8476027",23,47,24
"GSE1","s1664_F_PIT_01_ASEReadCounter.table","NW_015090842.1:8476159",12,17,5
"GSE1","s1664_F_PIT_01_ASEReadCounter.table","NW_015090842.1:8477442",0,25,25
"GSE1","s1664_F_PIT_01_ASEReadCounter.table","NW_015090842.1:8477448",0,25,25
"GSE1","s1664_F_PIT_01_ASEReadCounter.table","NW_015090842.1:8477662",0,23,23
"GSE1","s1664_F_PIT_01_ASEReadCounter.table","NW_015090842.1:8477933",24,49,25
"GSE1","s1664_F_PIT_01_ASEReadCounter.table","NW_015090842.1:8477945",19,39,20
"GSE1","s1664_F_PIT_01_ASEReadCounter.table","NW_015090842.1:8483272",6,46,40
"GSE1","s1664_F_PIT_01_ASEReadCounter.table","NW_015090842.1:8483367",3,17,14
"GSE1","s1664_F_PIT_01_ASEReadCounter.table","NW_015090842.1:8483411",5,11,6
"GSE1","s1664_F_PIT_01_ASEReadCounter.table","NW_015090842.1:8483756",0,22,22
"GSE1","s1664_F_PIT_01_ASEReadCounter.table","NW_015090842.1:8486867",36,67,31
"GSE1","s1664_F_PIT_01_ASEReadCounter.table","NW_015090842.1:8486939",53,109,56
"GSE1","s1664_F_PIT_01_ASEReadCounter.table","NW_015090842.1:8486945",52,113,61
"GSE1","s1664_F_PIT_01_ASEReadCounter.table","NW_015090842.1:8486993",42,93,51
"GSE1","s1664_F_PIT_01_ASEReadCounter.table","NW_015090842.1:8487062",39,75,36
"GSE1","s1664_F_PIT_01_ASEReadCounter.table","NW_015090842.1:8488065",28,51,23
"GSE1","s1664_F_PIT_01_ASEReadCounter.table","NW_015090842.1:8488457",24,54,30
"GSE1","s1664_F_PIT_01_ASEReadCounter.table","NW_015090842.1:8488463",22,51,29
"GSE1","s1664_F_PIT_01_ASEReadCounter.table","NW_015090842.1:8488490",55,55,0
"GSE1","s1664_F_PIT_01_ASEReadCounter.table","NW_015090842.1:8488505",25,59,34
"GSE1","s1664_F_PIT_01_ASEReadCounter.table","NW_015090842.1:8490180",22,52,30
"KIAA0513","s1664_F_PIT_01_ASEReadCounter.table","NW_015090842.1:8668363",96,241,145
"KIAA0513","s1664_F_PIT_01_ASEReadCounter.table","NW_015090842.1:8668387",94,236,142
"KIAA0513","s1664_F_PIT_01_ASEReadCounter.table","NW_015090842.1:8668390",97,237,140
"KIAA0513","s1664_F_PIT_01_ASEReadCounter.table","NW_015090842.1:8673107",86,213,127
"KIAA0513","s1664_F_PIT_01_ASEReadCounter.table","NW_015090842.1:8673147",102,245,143
"KIAA0513","s1664_F_PIT_01_ASEReadCounter.table","NW_015090842.1:8674661",84,196,112
"KIAA0513","s1664_F_PIT_01_ASEReadCounter.table","NW_015090842.1:8674685",87,197,110
"KIAA0513","s1664_F_PIT_01_ASEReadCounter.table","NW_015090842.1:8674730",88,190,102
"KIAA0513","s1664_F_PIT_01_ASEReadCounter.table","NW_015090842.1:8675525",88,185,97
"KIAA0513","s1664_F_PIT_01_ASEReadCounter.table","NW_015090842.1:8675561",96,185,89
"KIAA0513","s1664_F_PIT_01_ASEReadCounter.table","NW_015090842.1:8678608",2,35,33
"KIAA0513","s1664_F_PIT_01_ASEReadCounter.table","NW_015090842.1:8686455",0,25,25
"KIAA0513","s1664_F_PIT_01_ASEReadCounter.table","NW_015090842.1:8686508",0,33,33
"KIAA0513","s1664_F_PIT_01_ASEReadCounter.table","NW_015090842.1:8686521",0,33,33
"KIAA0513","s1664_F_PIT_01_ASEReadCounter.table","NW_015090842.1:8693642",37,59,22
"KIAA0513","s1664_F_PIT_01_ASEReadCounter.table","NW_015090842.1:8693712",38,62,24
"KIAA0513","s1664_F_PIT_01_ASEReadCounter.table","NW_015090842.1:8695794",0,1,1
"FBXO31","s1664_F_PIT_01_ASEReadCounter.table","NW_015090842.1:8710240",39,95,56
"FBXO31","s1664_F_PIT_01_ASEReadCounter.table","NW_015090842.1:8710372",28,71,43
"FBXO31","s1664_F_PIT_01_ASEReadCounter.table","NW_015090842.1:8711239",43,106,63
"FBXO31","s1664_F_PIT_01_ASEReadCounter.table","NW_015090842.1:8714565",57,136,79
"FBXO31","s1664_F_PIT_01_ASEReadCounter.table","NW_015090842.1:8716001",37,81,44
"FBXO31","s1664_F_PIT_01_ASEReadCounter.table","NW_015090842.1:8725050",6,7,1
"FBXO31","s1664_F_PIT_01_ASEReadCounter.table","NW_015090842.1:8725057",6,8,2
"FBXO31","s1664_F_PIT_01_ASEReadCounter.table","NW_015090842.1:8725162",5,7,2
"FBXO31","s1664_F_PIT_01_ASEReadCounter.table","NW_015090842.1:8725163",5,7,2
"FBXO31","s1664_F_PIT_01_ASEReadCounter.table","NW_015090842.1:8725170",4,5,1
"FBXO31","s1664_F_PIT_01_ASEReadCounter.table","NW_015090842.1:8725187",4,5,1
"FBXO31","s1664_F_PIT_01_ASEReadCounter.table","NW_015090842.1:8725188",4,5,1
"FBXO31","s1664_F_PIT_01_ASEReadCounter.table","NW_015090842.1:8725190",4,5,1
"FBXO31","s1664_F_PIT_01_ASEReadCounter.table","NW_015090842.1:8725370",5,6,1
"ZCCHC14","s1664_F_PIT_01_ASEReadCounter.table","NW_015090842.1:8750174",10,17,7
"ZCCHC14","s1664_F_PIT_01_ASEReadCounter.table","NW_015090842.1:8750189",13,31,18
"ZCCHC14","s1664_F_PIT_01_ASEReadCounter.table","NW_015090842.1:8750365",14,36,22
"ZCCHC14","s1664_F_PIT_01_ASEReadCounter.table","NW_015090842.1:8750433",24,43,19
"ZCCHC14","s1664_F_PIT_01_ASEReadCounter.table","NW_015090842.1:8750449",21,41,20
"ZCCHC14","s1664_F_PIT_01_ASEReadCounter.table","NW_015090842.1:8750456",22,38,16
"ZCCHC14","s1664_F_PIT_01_ASEReadCounter.table","NW_015090842.1:8750497",24,42,18
"ZCCHC14","s1664_F_PIT_01_ASEReadCounter.table","NW_015090842.1:8750547",20,36,16
"ZCCHC14","s1664_F_PIT_01_ASEReadCounter.table","NW_015090842.1:8751100",10,16,6
"ZCCHC14","s1664_F_PIT_01_ASEReadCounter.table","NW_015090842.1:8751374",9,23,14
"ZCCHC14","s1664_F_PIT_01_ASEReadCounter.table","NW_015090842.1:8751403",17,34,17
"ZCCHC14","s1664_F_PIT_01_ASEReadCounter.table","NW_015090842.1:8751517",23,42,19
"ZCCHC14","s1664_F_PIT_01_ASEReadCounter.table","NW_015090842.1:8752060",12,21,9
"ZCCHC14","s1664_F_PIT_01_ASEReadCounter.table","NW_015090842.1:8752172",16,32,16
"ZCCHC14","s1664_F_PIT_01_ASEReadCounter.table","NW_015090842.1:8752183",17,28,11
"ZCCHC14","s1664_F_PIT_01_ASEReadCounter.table","NW_015090842.1:8752198",21,35,14
"ZCCHC14","s1664_F_PIT_01_ASEReadCounter.table","NW_015090842.1:8752248",22,43,21
"ZCCHC14","s1664_F_PIT_01_ASEReadCounter.table","NW_015090842.1:8752326",18,37,19
"ZCCHC14","s1664_F_PIT_01_ASEReadCounter.table","NW_015090842.1:8752393",7,24,17
"ZCCHC14","s1664_F_PIT_01_ASEReadCounter.table","NW_015090842.1:8752914",16,30,14
"ZCCHC14","s1664_F_PIT_01_ASEReadCounter.table","NW_015090842.1:8753528",13,16,3
"ZCCHC14","s1664_F_PIT_01_ASEReadCounter.table","NW_015090842.1:8753892",10,26,16
"ZCCHC14","s1664_F_PIT_01_ASEReadCounter.table","NW_015090842.1:8753910",11,28,17
"ZCCHC14","s1664_F_PIT_01_ASEReadCounter.table","NW_015090842.1:8755096",15,24,9
"ZCCHC14","s1664_F_PIT_01_ASEReadCounter.table","NW_015090842.1:8755327",15,23,8
"ZCCHC14","s1664_F_PIT_01_ASEReadCounter.table","NW_015090842.1:8755723",10,17,7
"ZCCHC14","s1664_F_PIT_01_ASEReadCounter.table","NW_015090842.1:8755739",10,16,6
"ZCCHC14","s1664_F_PIT_01_ASEReadCounter.table","NW_015090842.1:8756149",12,16,4
"ZCCHC14","s1664_F_PIT_01_ASEReadCounter.table","NW_015090842.1:8756347",14,22,8
"ZCCHC14","s1664_F_PIT_01_ASEReadCounter.table","NW_015090842.1:8756361",14,22,8
"ZCCHC14","s1664_F_PIT_01_ASEReadCounter.table","NW_015090842.1:8756388",11,20,9
"ZCCHC14","s1664_F_PIT_01_ASEReadCounter.table","NW_015090842.1:8756389",11,21,10
"ZCCHC14","s1664_F_PIT_01_ASEReadCounter.table","NW_015090842.1:8757160",10,22,12
"ZCCHC14","s1664_F_PIT_01_ASEReadCounter.table","NW_015090842.1:8804511",4,14,10
"ZCCHC14","s1664_F_PIT_01_ASEReadCounter.table","NW_015090842.1:8804979",4,6,2
"JPH3","s1664_F_PIT_01_ASEReadCounter.table","NW_015090842.1:8845375",8,15,7
"JPH3","s1664_F_PIT_01_ASEReadCounter.table","NW_015090842.1:8845640",11,24,13
"JPH3","s1664_F_PIT_01_ASEReadCounter.table","NW_015090842.1:8845654",11,28,17
"JPH3","s1664_F_PIT_01_ASEReadCounter.table","NW_015090842.1:8872283",8,14,6
"JPH3","s1664_F_PIT_01_ASEReadCounter.table","NW_015090842.1:8872294",9,18,9
"JPH3","s1664_F_PIT_01_ASEReadCounter.table","NW_015090842.1:8872730",8,24,16
"JPH3","s1664_F_PIT_01_ASEReadCounter.table","NW_015090842.1:8885260",14,29,15
"JPH3","s1664_F_PIT_01_ASEReadCounter.table","NW_015090842.1:8885315",12,27,15
"JPH3","s1664_F_PIT_01_ASEReadCounter.table","NW_015090842.1:8885328",10,23,13
"JPH3","s1664_F_PIT_01_ASEReadCounter.table","NW_015090842.1:8885438",9,22,13
"JPH3","s1664_F_PIT_01_ASEReadCounter.table","NW_015090842.1:8885525",4,12,8
"KLHDC4","s1664_F_PIT_01_ASEReadCounter.table","NW_015090842.1:8890729",24,39,15
"KLHDC4","s1664_F_PIT_01_ASEReadCounter.table","NW_015090842.1:8890749",31,46,15
"KLHDC4","s1664_F_PIT_01_ASEReadCounter.table","NW_015090842.1:8890761",33,51,18
"KLHDC4","s1664_F_PIT_01_ASEReadCounter.table","NW_015090842.1:8891123",76,129,53
"KLHDC4","s1664_F_PIT_01_ASEReadCounter.table","NW_015090842.1:8893124",57,104,47
"KLHDC4","s1664_F_PIT_01_ASEReadCounter.table","NW_015090842.1:8894542",57,91,34
"KLHDC4","s1664_F_PIT_01_ASEReadCounter.table","NW_015090842.1:8896726",63,96,33
"KLHDC4","s1664_F_PIT_01_ASEReadCounter.table","NW_015090842.1:8896767",59,93,34
"KLHDC4","s1664_F_PIT_01_ASEReadCounter.table","NW_015090842.1:8904174",57,84,27
"KLHDC4","s1664_F_PIT_01_ASEReadCounter.table","NW_015090842.1:8904231",49,72,23
"KLHDC4","s1664_F_PIT_01_ASEReadCounter.table","NW_015090842.1:8905251",39,67,28
"KLHDC4","s1664_F_PIT_01_ASEReadCounter.table","NW_015090842.1:8905263",42,77,35
"KLHDC4","s1664_F_PIT_01_ASEReadCounter.table","NW_015090842.1:8919626",7,11,4
"SLC7A5","s1664_F_PIT_01_ASEReadCounter.table","NW_015090842.1:8938782",109,205,96
"SLC7A5","s1664_F_PIT_01_ASEReadCounter.table","NW_015090842.1:8938943",96,184,88
"SLC7A5","s1664_F_PIT_01_ASEReadCounter.table","NW_015090842.1:8939611",101,141,40
"SLC7A5","s1664_F_PIT_01_ASEReadCounter.table","NW_015090842.1:8939738",93,192,99
"SLC7A5","s1664_F_PIT_01_ASEReadCounter.table","NW_015090842.1:8939739",95,197,102
"SLC7A5","s1664_F_PIT_01_ASEReadCounter.table","NW_015090842.1:8939740",89,200,111
"SLC7A5","s1664_F_PIT_01_ASEReadCounter.table","NW_015090842.1:8939795",118,212,94
"SLC7A5","s1664_F_PIT_01_ASEReadCounter.table","NW_015090842.1:8939815",107,229,122
"SLC7A5","s1664_F_PIT_01_ASEReadCounter.table","NW_015090842.1:8939816",108,228,120
"SLC7A5","s1664_F_PIT_01_ASEReadCounter.table","NW_015090842.1:8939817",108,231,123
"SLC7A5","s1664_F_PIT_01_ASEReadCounter.table","NW_015090842.1:8939845",102,216,114
"SLC7A5","s1664_F_PIT_01_ASEReadCounter.table","NW_015090842.1:8939894",91,195,104
"SLC7A5","s1664_F_PIT_01_ASEReadCounter.table","NW_015090842.1:8939895",92,193,101
"SLC7A5","s1664_F_PIT_01_ASEReadCounter.table","NW_015090842.1:8939997",289,289,0
"SLC7A5","s1664_F_PIT_01_ASEReadCounter.table","NW_015090842.1:8940172",108,201,93
"SLC7A5","s1664_F_PIT_01_ASEReadCounter.table","NW_015090842.1:8940331",89,144,55
"SLC7A5","s1664_F_PIT_01_ASEReadCounter.table","NW_015090842.1:8940696",86,145,59
"SLC7A5","s1664_F_PIT_01_ASEReadCounter.table","NW_015090842.1:8940719",38,116,78
"SLC7A5","s1664_F_PIT_01_ASEReadCounter.table","NW_015090842.1:8940737",47,132,85
"SLC7A5","s1664_F_PIT_01_ASEReadCounter.table","NW_015090842.1:8940743",52,138,86
"SLC7A5","s1664_F_PIT_01_ASEReadCounter.table","NW_015090842.1:8940766",72,168,96
"SLC7A5","s1664_F_PIT_01_ASEReadCounter.table","NW_015090842.1:8940769",76,178,102
"SLC7A5","s1664_F_PIT_01_ASEReadCounter.table","NW_015090842.1:8940861",100,173,73
"SLC7A5","s1664_F_PIT_01_ASEReadCounter.table","NW_015090842.1:8941068",140,267,127
"SLC7A5","s1664_F_PIT_01_ASEReadCounter.table","NW_015090842.1:8941467",90,193,103
"SLC7A5","s1664_F_PIT_01_ASEReadCounter.table","NW_015090842.1:8941531",82,193,111
"SLC7A5","s1664_F_PIT_01_ASEReadCounter.table","NW_015090842.1:8941588",111,224,113
"SLC7A5","s1664_F_PIT_01_ASEReadCounter.table","NW_015090842.1:8941698",74,137,63
"SLC7A5","s1664_F_PIT_01_ASEReadCounter.table","NW_015090842.1:8941717",86,154,68
"SLC7A5","s1664_F_PIT_01_ASEReadCounter.table","NW_015090842.1:8941745",90,170,80
"SLC7A5","s1664_F_PIT_01_ASEReadCounter.table","NW_015090842.1:8941781",115,217,102
"SLC7A5","s1664_F_PIT_01_ASEReadCounter.table","NW_015090842.1:8941887",88,158,70
"SLC7A5","s1664_F_PIT_01_ASEReadCounter.table","NW_015090842.1:8941968",51,128,77
"SLC7A5","s1664_F_PIT_01_ASEReadCounter.table","NW_015090842.1:8942025",61,144,83
"SLC7A5","s1664_F_PIT_01_ASEReadCounter.table","NW_015090842.1:8942069",76,143,67
"SLC7A5","s1664_F_PIT_01_ASEReadCounter.table","NW_015090842.1:8942170",98,186,88
"SLC7A5","s1664_F_PIT_01_ASEReadCounter.table","NW_015090842.1:8942241",92,185,93
"SLC7A5","s1664_F_PIT_01_ASEReadCounter.table","NW_015090842.1:8942283",82,165,83
"SLC7A5","s1664_F_PIT_01_ASEReadCounter.table","NW_015090842.1:8942717",113,186,73
"SLC7A5","s1664_F_PIT_01_ASEReadCounter.table","NW_015090842.1:8942756",107,193,86
"SLC7A5","s1664_F_PIT_01_ASEReadCounter.table","NW_015090842.1:8942766",97,186,89
"SLC7A5","s1664_F_PIT_01_ASEReadCounter.table","NW_015090842.1:8943271",84,159,75
"SLC7A5","s1664_F_PIT_01_ASEReadCounter.table","NW_015090842.1:8943524",89,157,68
"SLC7A5","s1664_F_PIT_01_ASEReadCounter.table","NW_015090842.1:8943530",88,158,70
"SLC7A5","s1664_F_PIT_01_ASEReadCounter.table","NW_015090842.1:8943602",91,174,83
"SLC7A5","s1664_F_PIT_01_ASEReadCounter.table","NW_015090842.1:8943622",79,150,71
"SLC7A5","s1664_F_PIT_01_ASEReadCounter.table","NW_015090842.1:8943661",85,166,81
"SLC7A5","s1664_F_PIT_01_ASEReadCounter.table","NW_015090842.1:8943686",82,166,84
"SLC7A5","s1664_F_PIT_01_ASEReadCounter.table","NW_015090842.1:8943788",82,157,75
"SLC7A5","s1664_F_PIT_01_ASEReadCounter.table","NW_015090842.1:8943814",91,167,76
"SLC7A5","s1664_F_PIT_01_ASEReadCounter.table","NW_015090842.1:8943876",97,161,64
"SLC7A5","s1664_F_PIT_01_ASEReadCounter.table","NW_015090842.1:8943892",101,172,71
"SLC7A5","s1664_F_PIT_01_ASEReadCounter.table","NW_015090842.1:8944097",87,175,88
"SLC7A5","s1664_F_PIT_01_ASEReadCounter.table","NW_015090842.1:8944104",86,169,83
"SLC7A5","s1664_F_PIT_01_ASEReadCounter.table","NW_015090842.1:8944293",57,106,49
"SLC7A5","s1664_F_PIT_01_ASEReadCounter.table","NW_015090842.1:8944297",52,100,48
"SLC7A5","s1664_F_PIT_01_ASEReadCounter.table","NW_015090842.1:8944397",39,79,40
"SLC7A5","s1664_F_PIT_01_ASEReadCounter.table","NW_015090842.1:8944552",87,173,86
"SLC7A5","s1664_F_PIT_01_ASEReadCounter.table","NW_015090842.1:8944629",81,174,93
"CA5A","s1664_F_PIT_01_ASEReadCounter.table","NW_015090842.1:8989479",45,93,48
"CA5A","s1664_F_PIT_01_ASEReadCounter.table","NW_015090842.1:8989562",63,121,58
"CA5A","s1664_F_PIT_01_ASEReadCounter.table","NW_015090842.1:8989609",75,144,69
"CA5A","s1664_F_PIT_01_ASEReadCounter.table","NW_015090842.1:8989693",75,185,110
"CA5A","s1664_F_PIT_01_ASEReadCounter.table","NW_015090842.1:8989702",83,189,106
"CA5A","s1664_F_PIT_01_ASEReadCounter.table","NW_015090842.1:8989746",74,194,120
"CA5A","s1664_F_PIT_01_ASEReadCounter.table","NW_015090842.1:8989880",57,147,90
"CA5A","s1664_F_PIT_01_ASEReadCounter.table","NW_015090842.1:8989885",63,150,87
"CA5A","s1664_F_PIT_01_ASEReadCounter.table","NW_015090842.1:8989929",71,159,88
"CA5A","s1664_F_PIT_01_ASEReadCounter.table","NW_015090842.1:8990002",67,149,82
"CA5A","s1664_F_PIT_01_ASEReadCounter.table","NW_015090842.1:8990004",67,152,85
"CA5A","s1664_F_PIT_01_ASEReadCounter.table","NW_015090842.1:8990005",66,153,87
"CA5A","s1664_F_PIT_01_ASEReadCounter.table","NW_015090842.1:8990017",69,155,86
"CA5A","s1664_F_PIT_01_ASEReadCounter.table","NW_015090842.1:8990043",55,123,68
"CA5A","s1664_F_PIT_01_ASEReadCounter.table","NW_015090842.1:8990060",120,120,0
"CA5A","s1664_F_PIT_01_ASEReadCounter.table","NW_015090842.1:8990080",40,104,64
"CA5A","s1664_F_PIT_01_ASEReadCounter.table","NW_015090842.1:8990084",42,106,64
"CA5A","s1664_F_PIT_01_ASEReadCounter.table","NW_015090842.1:8990090",41,99,58
"CA5A","s1664_F_PIT_01_ASEReadCounter.table","NW_015090842.1:8990095",43,102,59
"CA5A","s1664_F_PIT_01_ASEReadCounter.table","NW_015090842.1:8990111",35,98,63
"CA5A","s1664_F_PIT_01_ASEReadCounter.table","NW_015090842.1:8990112",34,95,61
"CA5A","s1664_F_PIT_01_ASEReadCounter.table","NW_015090842.1:8990115",42,103,61
"CA5A","s1664_F_PIT_01_ASEReadCounter.table","NW_015090842.1:8990166",56,115,59
"CA5A","s1664_F_PIT_01_ASEReadCounter.table","NW_015090842.1:8990169",62,118,56
"CA5A","s1664_F_PIT_01_ASEReadCounter.table","NW_015090842.1:8990193",129,129,0
"CA5A","s1664_F_PIT_01_ASEReadCounter.table","NW_015090842.1:8990222",56,114,58
"CA5A","s1664_F_PIT_01_ASEReadCounter.table","NW_015090842.1:8990289",67,136,69
"CA5A","s1664_F_PIT_01_ASEReadCounter.table","NW_015090842.1:8990314",68,137,69
"CA5A","s1664_F_PIT_01_ASEReadCounter.table","NW_015090842.1:8990361",72,143,71
"CA5A","s1664_F_PIT_01_ASEReadCounter.table","NW_015090842.1:8990368",75,143,68
"CA5A","s1664_F_PIT_01_ASEReadCounter.table","NW_015090842.1:8990429",61,129,68
"CA5A","s1664_F_PIT_01_ASEReadCounter.table","NW_015090842.1:8990466",39,106,67
"CA5A","s1664_F_PIT_01_ASEReadCounter.table","NW_015090842.1:8990663",57,112,55
"CA5A","s1664_F_PIT_01_ASEReadCounter.table","NW_015090842.1:8990797",36,84,48
"CA5A","s1664_F_PIT_01_ASEReadCounter.table","NW_015090842.1:8990836",50,105,55
"CA5A","s1664_F_PIT_01_ASEReadCounter.table","NW_015090842.1:8990842",52,109,57
"CA5A","s1664_F_PIT_01_ASEReadCounter.table","NW_015090842.1:8990851",53,106,53
"CA5A","s1664_F_PIT_01_ASEReadCounter.table","NW_015090842.1:8990918",58,119,61
"CA5A","s1664_F_PIT_01_ASEReadCounter.table","NW_015090842.1:8990921",49,114,65
"CA5A","s1664_F_PIT_01_ASEReadCounter.table","NW_015090842.1:8990942",54,127,73
"CA5A","s1664_F_PIT_01_ASEReadCounter.table","NW_015090842.1:8991001",68,152,84
"CA5A","s1664_F_PIT_01_ASEReadCounter.table","NW_015090842.1:8991038",68,143,75
"CA5A","s1664_F_PIT_01_ASEReadCounter.table","NW_015090842.1:8991149",58,143,85
"CA5A","s1664_F_PIT_01_ASEReadCounter.table","NW_015090842.1:8991176",62,147,85
"CA5A","s1664_F_PIT_01_ASEReadCounter.table","NW_015090842.1:8991241",59,145,86
"CA5A","s1664_F_PIT_01_ASEReadCounter.table","NW_015090842.1:8991262",59,132,73
"CA5A","s1664_F_PIT_01_ASEReadCounter.table","NW_015090842.1:8991316",52,63,11
"CA5A","s1664_F_PIT_01_ASEReadCounter.table","NW_015090842.1:8991319",50,62,12
"CA5A","s1664_F_PIT_01_ASEReadCounter.table","NW_015090842.1:8991330",48,55,7
"CA5A","s1664_F_PIT_01_ASEReadCounter.table","NW_015090842.1:8991334",46,55,9
"CA5A","s1664_F_PIT_01_ASEReadCounter.table","NW_015090842.1:8991362",61,128,67
"CA5A","s1664_F_PIT_01_ASEReadCounter.table","NW_015090842.1:8991368",56,124,68
"CA5A","s1664_F_PIT_01_ASEReadCounter.table","NW_015090842.1:8991390",56,133,77
"CA5A","s1664_F_PIT_01_ASEReadCounter.table","NW_015090842.1:8991395",56,138,82
"CA5A","s1664_F_PIT_01_ASEReadCounter.table","NW_015090842.1:8991422",39,130,91
"CA5A","s1664_F_PIT_01_ASEReadCounter.table","NW_015090842.1:8991467",0,74,74
"CA5A","s1664_F_PIT_01_ASEReadCounter.table","NW_015090842.1:8991576",49,105,56
"CA5A","s1664_F_PIT_01_ASEReadCounter.table","NW_015090842.1:8991587",64,127,63
"CA5A","s1664_F_PIT_01_ASEReadCounter.table","NW_015090842.1:8991655",65,128,63
"CA5A","s1664_F_PIT_01_ASEReadCounter.table","NW_015090842.1:8991717",56,126,70
"CA5A","s1664_F_PIT_01_ASEReadCounter.table","NW_015090842.1:8991726",52,127,75
"CA5A","s1664_F_PIT_01_ASEReadCounter.table","NW_015090842.1:8991799",46,125,79
"CA5A","s1664_F_PIT_01_ASEReadCounter.table","NW_015090842.1:8991809",40,113,73
"CA5A","s1664_F_PIT_01_ASEReadCounter.table","NW_015090842.1:8991848",31,87,56
"CA5A","s1664_F_PIT_01_ASEReadCounter.table","NW_015090842.1:8991849",31,88,57
"CA5A","s1664_F_PIT_01_ASEReadCounter.table","NW_015090842.1:8991927",45,106,61
"CA5A","s1664_F_PIT_01_ASEReadCounter.table","NW_015090842.1:8991941",48,102,54
"CA5A","s1664_F_PIT_01_ASEReadCounter.table","NW_015090842.1:8992121",29,82,53
"CA5A","s1664_F_PIT_01_ASEReadCounter.table","NW_015090842.1:8992224",45,111,66
"CA5A","s1664_F_PIT_01_ASEReadCounter.table","NW_015090842.1:9002570",34,68,34
"CA5A","s1664_F_PIT_01_ASEReadCounter.table","NW_015090842.1:9002600",29,57,28
"CA5A","s1664_F_PIT_01_ASEReadCounter.table","NW_015090842.1:9004312",32,63,31
"CA5A","s1664_F_PIT_01_ASEReadCounter.table","NW_015090842.1:9004556",1,1,0
"CA5A","s1664_F_PIT_01_ASEReadCounter.table","NW_015090842.1:9005140",1,2,1
"CA5A","s1664_F_PIT_01_ASEReadCounter.table","NW_015090842.1:9005152",1,2,1
"BANP","s1664_F_PIT_01_ASEReadCounter.table","NW_015090842.1:9033407",10,26,16
"BANP","s1664_F_PIT_01_ASEReadCounter.table","NW_015090842.1:9033409",10,27,17
"BANP","s1664_F_PIT_01_ASEReadCounter.table","NW_015090842.1:9033420",12,29,17
"BANP","s1664_F_PIT_01_ASEReadCounter.table","NW_015090842.1:9067974",0,37,37
"BANP","s1664_F_PIT_01_ASEReadCounter.table","NW_015090842.1:9102510",16,54,38
"BANP","s1664_F_PIT_01_ASEReadCounter.table","NW_015090842.1:9168534",22,47,25
"BANP","s1664_F_PIT_01_ASEReadCounter.table","NW_015090842.1:9168818",27,48,21
"ZNF469","s1664_F_PIT_01_ASEReadCounter.table","NW_015090842.1:9424301",1,1,0
"ZNF469","s1664_F_PIT_01_ASEReadCounter.table","NW_015090842.1:9425089",0,1,1
"ZNF469","s1664_F_PIT_01_ASEReadCounter.table","NW_015090842.1:9425108",0,1,1
"ZNF469","s1664_F_PIT_01_ASEReadCounter.table","NW_015090842.1:9425182",1,2,1
"ZNF469","s1664_F_PIT_01_ASEReadCounter.table","NW_015090842.1:9426367",1,2,1
"ZNF469","s1664_F_PIT_01_ASEReadCounter.table","NW_015090842.1:9426585",0,1,1
"ZNF469","s1664_F_PIT_01_ASEReadCounter.table","NW_015090842.1:9427614",0,1,1
"ZNF469","s1664_F_PIT_01_ASEReadCounter.table","NW_015090842.1:9428122",0,1,1
"ZNF469","s1664_F_PIT_01_ASEReadCounter.table","NW_015090842.1:9428419",2,2,0
"ZNF469","s1664_F_PIT_01_ASEReadCounter.table","NW_015090842.1:9429633",1,2,1
"ZNF469","s1664_F_PIT_01_ASEReadCounter.table","NW_015090842.1:9429758",0,1,1
"ZNF469","s1664_F_PIT_01_ASEReadCounter.table","NW_015090842.1:9429759",0,1,1
"ZNF469","s1664_F_PIT_01_ASEReadCounter.table","NW_015090842.1:9429794",3,5,2
"ZNF469","s1664_F_PIT_01_ASEReadCounter.table","NW_015090842.1:9430668",4,7,3
"ZNF469","s1664_F_PIT_01_ASEReadCounter.table","NW_015090842.1:9430700",4,7,3
"ZNF469","s1664_F_PIT_01_ASEReadCounter.table","NW_015090842.1:9431031",1,2,1
"ZNF469","s1664_F_PIT_01_ASEReadCounter.table","NW_015090842.1:9431073",1,1,0
"ZNF469","s1664_F_PIT_01_ASEReadCounter.table","NW_015090842.1:9431091",2,2,0
"ZNF469","s1664_F_PIT_01_ASEReadCounter.table","NW_015090842.1:9431150",1,1,0
"ZNF469","s1664_F_PIT_01_ASEReadCounter.table","NW_015090842.1:9431162",1,1,0
"ZNF469","s1664_F_PIT_01_ASEReadCounter.table","NW_015090842.1:9431317",2,3,1
"ZNF469","s1664_F_PIT_01_ASEReadCounter.table","NW_015090842.1:9431325",2,3,1
"ZNF469","s1664_F_PIT_01_ASEReadCounter.table","NW_015090842.1:9431700",1,3,2
"ZNF469","s1664_F_PIT_01_ASEReadCounter.table","NW_015090842.1:9431901",1,2,1
"ZNF469","s1664_F_PIT_01_ASEReadCounter.table","NW_015090842.1:9432302",1,2,1
"ZNF469","s1664_F_PIT_01_ASEReadCounter.table","NW_015090842.1:9432361",0,2,2
"ZNF469","s1664_F_PIT_01_ASEReadCounter.table","NW_015090842.1:9432374",1,4,3
"ZNF469","s1664_F_PIT_01_ASEReadCounter.table","NW_015090842.1:9432382",1,4,3
"ZNF469","s1664_F_PIT_01_ASEReadCounter.table","NW_015090842.1:9432481",1,3,2
"ZNF469","s1664_F_PIT_01_ASEReadCounter.table","NW_015090842.1:9432498",2,4,2
"ZNF469","s1664_F_PIT_01_ASEReadCounter.table","NW_015090842.1:9433678",1,2,1
"ZNF469","s1664_F_PIT_01_ASEReadCounter.table","NW_015090842.1:9433980",0,3,3
"ZNF469","s1664_F_PIT_01_ASEReadCounter.table","NW_015090842.1:9434259",2,5,3
"ZNF469","s1664_F_PIT_01_ASEReadCounter.table","NW_015090842.1:9435221",1,2,1
"ZFPM1","s1664_F_PIT_01_ASEReadCounter.table","NW_015090842.1:9458862",23,35,12
"ZFPM1","s1664_F_PIT_01_ASEReadCounter.table","NW_015090842.1:9458888",19,36,17
"ZFPM1","s1664_F_PIT_01_ASEReadCounter.table","NW_015090842.1:9458904",22,41,19
"ZFPM1","s1664_F_PIT_01_ASEReadCounter.table","NW_015090842.1:9458916",19,36,17
"ZFPM1","s1664_F_PIT_01_ASEReadCounter.table","NW_015090842.1:9468568",18,39,21
"ZFPM1","s1664_F_PIT_01_ASEReadCounter.table","NW_015090842.1:9468593",15,38,23
"ZFPM1","s1664_F_PIT_01_ASEReadCounter.table","NW_015090842.1:9471561",13,20,7
"ZFPM1","s1664_F_PIT_01_ASEReadCounter.table","NW_015090842.1:9472557",25,40,15
"ZFPM1","s1664_F_PIT_01_ASEReadCounter.table","NW_015090842.1:9472565",24,38,14
"ZFPM1","s1664_F_PIT_01_ASEReadCounter.table","NW_015090842.1:9472608",24,41,17
"ZFPM1","s1664_F_PIT_01_ASEReadCounter.table","NW_015090842.1:9472627",23,37,14
"ZFPM1","s1664_F_PIT_01_ASEReadCounter.table","NW_015090842.1:9472668",19,36,17
"ZFPM1","s1664_F_PIT_01_ASEReadCounter.table","NW_015090842.1:9473655",15,39,24
"ZFPM1","s1664_F_PIT_01_ASEReadCounter.table","NW_015090842.1:9475827",17,34,17
"ZFPM1","s1664_F_PIT_01_ASEReadCounter.table","NW_015090842.1:9475842",15,38,23
"ZFPM1","s1664_F_PIT_01_ASEReadCounter.table","NW_015090842.1:9476119",8,28,20
"ZFPM1","s1664_F_PIT_01_ASEReadCounter.table","NW_015090842.1:9476161",12,28,16
"ZFPM1","s1664_F_PIT_01_ASEReadCounter.table","NW_015090842.1:9476219",12,21,9
"ZFPM1","s1664_F_PIT_01_ASEReadCounter.table","NW_015090842.1:9476233",10,21,11
"ZFPM1","s1664_F_PIT_01_ASEReadCounter.table","NW_015090842.1:9476305",13,31,18
"ZFPM1","s1664_F_PIT_01_ASEReadCounter.table","NW_015090842.1:9476395",16,35,19
"ZFPM1","s1664_F_PIT_01_ASEReadCounter.table","NW_015090842.1:9476421",19,39,20
"ZFPM1","s1664_F_PIT_01_ASEReadCounter.table","NW_015090842.1:9476539",15,34,19
"ZFPM1","s1664_F_PIT_01_ASEReadCounter.table","NW_015090842.1:9476576",15,32,17
"ZFPM1","s1664_F_PIT_01_ASEReadCounter.table","NW_015090842.1:9476599",24,24,0
"ZFPM1","s1664_F_PIT_01_ASEReadCounter.table","NW_015090842.1:9476792",7,25,18
"ZFPM1","s1664_F_PIT_01_ASEReadCounter.table","NW_015090842.1:9476803",7,23,16
"ZFPM1","s1664_F_PIT_01_ASEReadCounter.table","NW_015090842.1:9477115",15,27,12
"ZFPM1","s1664_F_PIT_01_ASEReadCounter.table","NW_015090842.1:9477299",4,17,13
"ZFPM1","s1664_F_PIT_01_ASEReadCounter.table","NW_015090842.1:9477398",32,32,0
"ZFPM1","s1664_F_PIT_01_ASEReadCounter.table","NW_015090842.1:9477422",7,27,20
"ZFPM1","s1664_F_PIT_01_ASEReadCounter.table","NW_015090842.1:9477554",17,30,13
"ZFPM1","s1664_F_PIT_01_ASEReadCounter.table","NW_015090842.1:9477575",31,31,0
"ZFPM1","s1664_F_PIT_01_ASEReadCounter.table","NW_015090842.1:9477595",20,36,16
"ZFPM1","s1664_F_PIT_01_ASEReadCounter.table","NW_015090842.1:9477611",19,36,17
"ZFPM1","s1664_F_PIT_01_ASEReadCounter.table","NW_015090842.1:9477659",20,30,10
"ZFPM1","s1664_F_PIT_01_ASEReadCounter.table","NW_015090842.1:9477737",11,25,14
"ZFPM1","s1664_F_PIT_01_ASEReadCounter.table","NW_015090842.1:9477791",16,33,17
"ZFPM1","s1664_F_PIT_01_ASEReadCounter.table","NW_015090842.1:9477844",15,29,14
"ZFPM1","s1664_F_PIT_01_ASEReadCounter.table","NW_015090842.1:9477917",13,31,18
"ZFPM1","s1664_F_PIT_01_ASEReadCounter.table","NW_015090842.1:9478295",25,46,21
"ZFPM1","s1664_F_PIT_01_ASEReadCounter.table","NW_015090842.1:9478349",24,49,25
"ZFPM1","s1664_F_PIT_01_ASEReadCounter.table","NW_015090842.1:9478524",18,35,17
"ZFPM1","s1664_F_PIT_01_ASEReadCounter.table","NW_015090842.1:9478546",18,35,17
"ZFPM1","s1664_F_PIT_01_ASEReadCounter.table","NW_015090842.1:9478573",18,31,13
"ZFPM1","s1664_F_PIT_01_ASEReadCounter.table","NW_015090842.1:9478582",15,27,12
"ZFPM1","s1664_F_PIT_01_ASEReadCounter.table","NW_015090842.1:9478684",1,4,3
"ZFPM1","s1664_F_PIT_01_ASEReadCounter.table","NW_015090842.1:9478711",1,2,1
"ZFPM1","s1664_F_PIT_01_ASEReadCounter.table","NW_015090842.1:9478761",0,4,4
"ZFPM1","s1664_F_PIT_01_ASEReadCounter.table","NW_015090842.1:9478829",5,5,0
"CIDEC","s1664_F_PIT_01_ASEReadCounter.table","NW_015090842.1:9480212",1,1,0
"CIDEC","s1664_F_PIT_01_ASEReadCounter.table","NW_015090842.1:9480252",1,1,0
"CIDEC","s1664_F_PIT_01_ASEReadCounter.table","NW_015090842.1:9480391",1,1,0
"CIDEC","s1664_F_PIT_01_ASEReadCounter.table","NW_015090842.1:9480394",1,1,0
"CIDEC","s1664_F_PIT_01_ASEReadCounter.table","NW_015090842.1:9480630",1,1,0
"CIDEC","s1664_F_PIT_01_ASEReadCounter.table","NW_015090842.1:9480756",1,1,0
"CIDEC","s1664_F_PIT_01_ASEReadCounter.table","NW_015090842.1:9481199",0,1,1
"ZC3H18","s1664_F_PIT_01_ASEReadCounter.table","NW_015090842.1:9494271",14,33,19
"ZC3H18","s1664_F_PIT_01_ASEReadCounter.table","NW_015090842.1:9501427",27,62,35
"ZC3H18","s1664_F_PIT_01_ASEReadCounter.table","NW_015090842.1:9501442",26,61,35
"ZC3H18","s1664_F_PIT_01_ASEReadCounter.table","NW_015090842.1:9505538",34,66,32
"ZC3H18","s1664_F_PIT_01_ASEReadCounter.table","NW_015090842.1:9506778",41,86,45
"ZC3H18","s1664_F_PIT_01_ASEReadCounter.table","NW_015090842.1:9522538",18,58,40
"ZC3H18","s1664_F_PIT_01_ASEReadCounter.table","NW_015090842.1:9524350",26,58,32
"ZC3H18","s1664_F_PIT_01_ASEReadCounter.table","NW_015090842.1:9524366",29,63,34
"ZC3H18","s1664_F_PIT_01_ASEReadCounter.table","NW_015090842.1:9524424",31,67,36
"ZC3H18","s1664_F_PIT_01_ASEReadCounter.table","NW_015090842.1:9529649",34,81,47
"ZC3H18","s1664_F_PIT_01_ASEReadCounter.table","NW_015090842.1:9529688",31,72,41
"ZC3H18","s1664_F_PIT_01_ASEReadCounter.table","NW_015090842.1:9529691",30,66,36
"ZC3H18","s1664_F_PIT_01_ASEReadCounter.table","NW_015090842.1:9530977",35,81,46
"ZC3H18","s1664_F_PIT_01_ASEReadCounter.table","NW_015090842.1:9536699",0,25,25
"CYBA","s1664_F_PIT_01_ASEReadCounter.table","NW_015090842.1:9547281",60,81,21
"CYBA","s1664_F_PIT_01_ASEReadCounter.table","NW_015090842.1:9547402",213,289,76
"CYBA","s1664_F_PIT_01_ASEReadCounter.table","NW_015090842.1:9547553",116,173,57
"CYBA","s1664_F_PIT_01_ASEReadCounter.table","NW_015090842.1:9548052",99,140,41
"CYBA","s1664_F_PIT_01_ASEReadCounter.table","NW_015090842.1:9548436",185,247,62
"CYBA","s1664_F_PIT_01_ASEReadCounter.table","NW_015090842.1:9548442",178,239,61
"CYBA","s1664_F_PIT_01_ASEReadCounter.table","NW_015090842.1:9548478",214,284,70
"CYBA","s1664_F_PIT_01_ASEReadCounter.table","NW_015090842.1:9548487",199,267,68
"CYBA","s1664_F_PIT_01_ASEReadCounter.table","NW_015090842.1:9548490",191,256,65
"CYBA","s1664_F_PIT_01_ASEReadCounter.table","NW_015090842.1:9548717",179,235,56
"CYBA","s1664_F_PIT_01_ASEReadCounter.table","NW_015090842.1:9548750",137,188,51
"CYBA","s1664_F_PIT_01_ASEReadCounter.table","NW_015090842.1:9548766",95,133,38
"MVD","s1664_F_PIT_01_ASEReadCounter.table","NW_015090842.1:9550678",6,16,10
"MVD","s1664_F_PIT_01_ASEReadCounter.table","NW_015090842.1:9550690",8,22,14
"MVD","s1664_F_PIT_01_ASEReadCounter.table","NW_015090842.1:9550691",8,22,14
"MVD","s1664_F_PIT_01_ASEReadCounter.table","NW_015090842.1:9550699",8,24,16
"MVD","s1664_F_PIT_01_ASEReadCounter.table","NW_015090842.1:9550719",10,28,18
"MVD","s1664_F_PIT_01_ASEReadCounter.table","NW_015090842.1:9551596",33,64,31
"MVD","s1664_F_PIT_01_ASEReadCounter.table","NW_015090842.1:9551638",35,70,35
"MVD","s1664_F_PIT_01_ASEReadCounter.table","NW_015090842.1:9551899",0,3,3
"MVD","s1664_F_PIT_01_ASEReadCounter.table","NW_015090842.1:9552193",23,68,45
"MVD","s1664_F_PIT_01_ASEReadCounter.table","NW_015090842.1:9552202",29,71,42
"MVD","s1664_F_PIT_01_ASEReadCounter.table","NW_015090842.1:9552208",27,68,41
"MVD","s1664_F_PIT_01_ASEReadCounter.table","NW_015090842.1:9552625",24,58,34
"MVD","s1664_F_PIT_01_ASEReadCounter.table","NW_015090842.1:9552629",58,58,0
"MVD","s1664_F_PIT_01_ASEReadCounter.table","NW_015090842.1:9552644",23,54,31
"MVD","s1664_F_PIT_01_ASEReadCounter.table","NW_015090842.1:9553093",25,55,30
"MVD","s1664_F_PIT_01_ASEReadCounter.table","NW_015090842.1:9553114",26,60,34
"RNF166","s1664_F_PIT_01_ASEReadCounter.table","NW_015090842.1:9557900",46,120,74
"RNF166","s1664_F_PIT_01_ASEReadCounter.table","NW_015090842.1:9558048",42,124,82
"RNF166","s1664_F_PIT_01_ASEReadCounter.table","NW_015090842.1:9558116",43,116,73
"RNF166","s1664_F_PIT_01_ASEReadCounter.table","NW_015090842.1:9558308",62,114,52
"RNF166","s1664_F_PIT_01_ASEReadCounter.table","NW_015090842.1:9558405",63,105,42
"RNF166","s1664_F_PIT_01_ASEReadCounter.table","NW_015090842.1:9558549",63,135,72
"RNF166","s1664_F_PIT_01_ASEReadCounter.table","NW_015090842.1:9558556",54,123,69
"RNF166","s1664_F_PIT_01_ASEReadCounter.table","NW_015090842.1:9558579",50,115,65
"RNF166","s1664_F_PIT_01_ASEReadCounter.table","NW_015090842.1:9558599",44,106,62
"RNF166","s1664_F_PIT_01_ASEReadCounter.table","NW_015090842.1:9558688",44,121,77
"RNF166","s1664_F_PIT_01_ASEReadCounter.table","NW_015090842.1:9558711",42,120,78
"RNF166","s1664_F_PIT_01_ASEReadCounter.table","NW_015090842.1:9558733",38,111,73
"RNF166","s1664_F_PIT_01_ASEReadCounter.table","NW_015090842.1:9558847",47,100,53
"RNF166","s1664_F_PIT_01_ASEReadCounter.table","NW_015090842.1:9559798",57,112,55
"RNF166","s1664_F_PIT_01_ASEReadCounter.table","NW_015090842.1:9560575",50,120,70
"RNF166","s1664_F_PIT_01_ASEReadCounter.table","NW_015090842.1:9561055",60,116,56
"RNF166","s1664_F_PIT_01_ASEReadCounter.table","NW_015090842.1:9562458",48,99,51
"RNF166","s1664_F_PIT_01_ASEReadCounter.table","NW_015090842.1:9562497",43,86,43
"RNF166","s1664_F_PIT_01_ASEReadCounter.table","NW_015090842.1:9562539",44,86,42
"RNF166","s1664_F_PIT_01_ASEReadCounter.table","NW_015090842.1:9564056",35,69,34
"CTU2","s1664_F_PIT_01_ASEReadCounter.table","NW_015090842.1:9565149",20,34,14
"CTU2","s1664_F_PIT_01_ASEReadCounter.table","NW_015090842.1:9565193",22,42,20
"CTU2","s1664_F_PIT_01_ASEReadCounter.table","NW_015090842.1:9565300",24,51,27
"CTU2","s1664_F_PIT_01_ASEReadCounter.table","NW_015090842.1:9565321",25,54,29
"CTU2","s1664_F_PIT_01_ASEReadCounter.table","NW_015090842.1:9565721",35,61,26
"CTU2","s1664_F_PIT_01_ASEReadCounter.table","NW_015090842.1:9565739",34,61,27
"CTU2","s1664_F_PIT_01_ASEReadCounter.table","NW_015090842.1:9565905",28,45,17
"CTU2","s1664_F_PIT_01_ASEReadCounter.table","NW_015090842.1:9566013",53,53,0
"CTU2","s1664_F_PIT_01_ASEReadCounter.table","NW_015090842.1:9566055",33,60,27
"CTU2","s1664_F_PIT_01_ASEReadCounter.table","NW_015090842.1:9566056",33,57,24
"CTU2","s1664_F_PIT_01_ASEReadCounter.table","NW_015090842.1:9566151",27,51,24
"CTU2","s1664_F_PIT_01_ASEReadCounter.table","NW_015090842.1:9566300",26,51,25
"CTU2","s1664_F_PIT_01_ASEReadCounter.table","NW_015090842.1:9566342",26,51,25
"CTU2","s1664_F_PIT_01_ASEReadCounter.table","NW_015090842.1:9566548",30,55,25
"CTU2","s1664_F_PIT_01_ASEReadCounter.table","NW_015090842.1:9566625",35,61,26
"CTU2","s1664_F_PIT_01_ASEReadCounter.table","NW_015090842.1:9566633",37,62,25
"CTU2","s1664_F_PIT_01_ASEReadCounter.table","NW_015090842.1:9566807",34,61,27
"CTU2","s1664_F_PIT_01_ASEReadCounter.table","NW_015090842.1:9567139",26,51,25
"CTU2","s1664_F_PIT_01_ASEReadCounter.table","NW_015090842.1:9567156",27,54,27
"CTU2","s1664_F_PIT_01_ASEReadCounter.table","NW_015090842.1:9567614",31,53,22
"CTU2","s1664_F_PIT_01_ASEReadCounter.table","NW_015090842.1:9567677",23,49,26
"CTU2","s1664_F_PIT_01_ASEReadCounter.table","NW_015090842.1:9567747",27,63,36
"CTU2","s1664_F_PIT_01_ASEReadCounter.table","NW_015090842.1:9567828",15,33,18
"CTU2","s1664_F_PIT_01_ASEReadCounter.table","NW_015090842.1:9567829",14,33,19
"CTU2","s1664_F_PIT_01_ASEReadCounter.table","NW_015090842.1:9567885",12,30,18
"PIEZO1","s1664_F_PIT_01_ASEReadCounter.table","NW_015090842.1:9568093",7,25,18
"PIEZO1","s1664_F_PIT_01_ASEReadCounter.table","NW_015090842.1:9568672",12,25,13
"PIEZO1","s1664_F_PIT_01_ASEReadCounter.table","NW_015090842.1:9568948",14,27,13
"PIEZO1","s1664_F_PIT_01_ASEReadCounter.table","NW_015090842.1:9568987",21,21,0
"PIEZO1","s1664_F_PIT_01_ASEReadCounter.table","NW_015090842.1:9569040",14,29,15
"PIEZO1","s1664_F_PIT_01_ASEReadCounter.table","NW_015090842.1:9569180",12,31,19
"PIEZO1","s1664_F_PIT_01_ASEReadCounter.table","NW_015090842.1:9569192",11,28,17
"PIEZO1","s1664_F_PIT_01_ASEReadCounter.table","NW_015090842.1:9570088",12,29,17
"PIEZO1","s1664_F_PIT_01_ASEReadCounter.table","NW_015090842.1:9570480",10,20,10
"PIEZO1","s1664_F_PIT_01_ASEReadCounter.table","NW_015090842.1:9570639",8,18,10
"PIEZO1","s1664_F_PIT_01_ASEReadCounter.table","NW_015090842.1:9571847",10,28,18
"PIEZO1","s1664_F_PIT_01_ASEReadCounter.table","NW_015090842.1:9572371",8,18,10
"PIEZO1","s1664_F_PIT_01_ASEReadCounter.table","NW_015090842.1:9572638",3,6,3
"PIEZO1","s1664_F_PIT_01_ASEReadCounter.table","NW_015090842.1:9573156",14,30,16
"PIEZO1","s1664_F_PIT_01_ASEReadCounter.table","NW_015090842.1:9573280",12,25,13
"PIEZO1","s1664_F_PIT_01_ASEReadCounter.table","NW_015090842.1:9573566",11,20,9
"PIEZO1","s1664_F_PIT_01_ASEReadCounter.table","NW_015090842.1:9575341",5,11,6
"PIEZO1","s1664_F_PIT_01_ASEReadCounter.table","NW_015090842.1:9575367",6,12,6
"PIEZO1","s1664_F_PIT_01_ASEReadCounter.table","NW_015090842.1:9575645",8,17,9
"PIEZO1","s1664_F_PIT_01_ASEReadCounter.table","NW_015090842.1:9575696",7,17,10
"PIEZO1","s1664_F_PIT_01_ASEReadCounter.table","NW_015090842.1:9575897",9,23,14
"PIEZO1","s1664_F_PIT_01_ASEReadCounter.table","NW_015090842.1:9576060",7,14,7
"PIEZO1","s1664_F_PIT_01_ASEReadCounter.table","NW_015090842.1:9576087",7,14,7
"PIEZO1","s1664_F_PIT_01_ASEReadCounter.table","NW_015090842.1:9576093",6,14,8
"PIEZO1","s1664_F_PIT_01_ASEReadCounter.table","NW_015090842.1:9576120",7,25,18
"PIEZO1","s1664_F_PIT_01_ASEReadCounter.table","NW_015090842.1:9576687",2,14,12
"PIEZO1","s1664_F_PIT_01_ASEReadCounter.table","NW_015090842.1:9576710",17,17,0
"PIEZO1","s1664_F_PIT_01_ASEReadCounter.table","NW_015090842.1:9576723",4,17,13
"PIEZO1","s1664_F_PIT_01_ASEReadCounter.table","NW_015090842.1:9578268",3,11,8
"PIEZO1","s1664_F_PIT_01_ASEReadCounter.table","NW_015090842.1:9578770",4,13,9
"PIEZO1","s1664_F_PIT_01_ASEReadCounter.table","NW_015090842.1:9578806",7,17,10
"PIEZO1","s1664_F_PIT_01_ASEReadCounter.table","NW_015090842.1:9579064",6,11,5
"PIEZO1","s1664_F_PIT_01_ASEReadCounter.table","NW_015090842.1:9579065",6,10,4
"PIEZO1","s1664_F_PIT_01_ASEReadCounter.table","NW_015090842.1:9579347",3,12,9
"PIEZO1","s1664_F_PIT_01_ASEReadCounter.table","NW_015090842.1:9580765",5,12,7
"PIEZO1","s1664_F_PIT_01_ASEReadCounter.table","NW_015090842.1:9580996",4,11,7
"PIEZO1","s1664_F_PIT_01_ASEReadCounter.table","NW_015090842.1:9581101",2,9,7
"PIEZO1","s1664_F_PIT_01_ASEReadCounter.table","NW_015090842.1:9581299",1,8,7
"PIEZO1","s1664_F_PIT_01_ASEReadCounter.table","NW_015090842.1:9581875",3,6,3
"PIEZO1","s1664_F_PIT_01_ASEReadCounter.table","NW_015090842.1:9582046",3,10,7
"PIEZO1","s1664_F_PIT_01_ASEReadCounter.table","NW_015090842.1:9582961",0,4,4
"PIEZO1","s1664_F_PIT_01_ASEReadCounter.table","NW_015090842.1:9583298",5,11,6
"PIEZO1","s1664_F_PIT_01_ASEReadCounter.table","NW_015090842.1:9584337",1,7,6
"PIEZO1","s1664_F_PIT_01_ASEReadCounter.table","NW_015090842.1:9584425",2,11,9
"PIEZO1","s1664_F_PIT_01_ASEReadCounter.table","NW_015090842.1:9584435",2,11,9
"PIEZO1","s1664_F_PIT_01_ASEReadCounter.table","NW_015090842.1:9584438",2,11,9
"PIEZO1","s1664_F_PIT_01_ASEReadCounter.table","NW_015090842.1:9584441",1,9,8
"CDT1","s1664_F_PIT_01_ASEReadCounter.table","NW_015090842.1:9596596",4,5,1
"CDT1","s1664_F_PIT_01_ASEReadCounter.table","NW_015090842.1:9596766",3,8,5
"CDT1","s1664_F_PIT_01_ASEReadCounter.table","NW_015090842.1:9597054",7,17,10
"CDT1","s1664_F_PIT_01_ASEReadCounter.table","NW_015090842.1:9597074",8,19,11
"CDT1","s1664_F_PIT_01_ASEReadCounter.table","NW_015090842.1:9597137",7,22,15
"CDT1","s1664_F_PIT_01_ASEReadCounter.table","NW_015090842.1:9597756",10,19,9
"CDT1","s1664_F_PIT_01_ASEReadCounter.table","NW_015090842.1:9597766",11,24,13
"CDT1","s1664_F_PIT_01_ASEReadCounter.table","NW_015090842.1:9598496",15,25,10
"CDT1","s1664_F_PIT_01_ASEReadCounter.table","NW_015090842.1:9598498",15,23,8
"CDT1","s1664_F_PIT_01_ASEReadCounter.table","NW_015090842.1:9598816",8,19,11
"CDT1","s1664_F_PIT_01_ASEReadCounter.table","NW_015090842.1:9598879",13,27,14
"CDT1","s1664_F_PIT_01_ASEReadCounter.table","NW_015090842.1:9598912",12,27,15
"CDT1","s1664_F_PIT_01_ASEReadCounter.table","NW_015090842.1:9598959",7,18,11
"CDT1","s1664_F_PIT_01_ASEReadCounter.table","NW_015090842.1:9599807",13,21,8
"CDT1","s1664_F_PIT_01_ASEReadCounter.table","NW_015090842.1:9599819",14,22,8
"CDT1","s1664_F_PIT_01_ASEReadCounter.table","NW_015090842.1:9599845",14,19,5
"CDT1","s1664_F_PIT_01_ASEReadCounter.table","NW_015090842.1:9600148",17,29,12
"CDT1","s1664_F_PIT_01_ASEReadCounter.table","NW_015090842.1:9600151",17,30,13
"CDT1","s1664_F_PIT_01_ASEReadCounter.table","NW_015090842.1:9600217",15,29,14
"CDT1","s1664_F_PIT_01_ASEReadCounter.table","NW_015090842.1:9600226",14,27,13
"CDT1","s1664_F_PIT_01_ASEReadCounter.table","NW_015090842.1:9600260",10,21,11
"CDT1","s1664_F_PIT_01_ASEReadCounter.table","NW_015090842.1:9600268",11,21,10
"CDT1","s1664_F_PIT_01_ASEReadCounter.table","NW_015090842.1:9600305",16,23,7
"CDT1","s1664_F_PIT_01_ASEReadCounter.table","NW_015090842.1:9600397",14,24,10
"CDT1","s1664_F_PIT_01_ASEReadCounter.table","NW_015090842.1:9600447",5,10,5
"CDT1","s1664_F_PIT_01_ASEReadCounter.table","NW_015090842.1:9600450",4,8,4
"CDT1","s1664_F_PIT_01_ASEReadCounter.table","NW_015090842.1:9600485",4,8,4
"CDT1","s1664_F_PIT_01_ASEReadCounter.table","NW_015090842.1:9600579",9,17,8
"APRT","s1664_F_PIT_01_ASEReadCounter.table","NW_015090842.1:9602308",26,67,41
"APRT","s1664_F_PIT_01_ASEReadCounter.table","NW_015090842.1:9602440",44,136,92
"APRT","s1664_F_PIT_01_ASEReadCounter.table","NW_015090842.1:9602449",44,131,87
"APRT","s1664_F_PIT_01_ASEReadCounter.table","NW_015090842.1:9602451",44,134,90
"APRT","s1664_F_PIT_01_ASEReadCounter.table","NW_015090842.1:9602455",44,144,100
"APRT","s1664_F_PIT_01_ASEReadCounter.table","NW_015090842.1:9602462",40,143,103
"APRT","s1664_F_PIT_01_ASEReadCounter.table","NW_015090842.1:9602507",35,134,99
"APRT","s1664_F_PIT_01_ASEReadCounter.table","NW_015090842.1:9602514",36,136,100
"APRT","s1664_F_PIT_01_ASEReadCounter.table","NW_015090842.1:9602530",31,122,91
"APRT","s1664_F_PIT_01_ASEReadCounter.table","NW_015090842.1:9602582",40,126,86
"APRT","s1664_F_PIT_01_ASEReadCounter.table","NW_015090842.1:9602583",37,123,86
"APRT","s1664_F_PIT_01_ASEReadCounter.table","NW_015090842.1:9602650",57,141,84
"APRT","s1664_F_PIT_01_ASEReadCounter.table","NW_015090842.1:9602655",60,147,87
"APRT","s1664_F_PIT_01_ASEReadCounter.table","NW_015090842.1:9602712",51,157,106
"APRT","s1664_F_PIT_01_ASEReadCounter.table","NW_015090842.1:9602764",39,168,129
"APRT","s1664_F_PIT_01_ASEReadCounter.table","NW_015090842.1:9602821",51,178,127
"APRT","s1664_F_PIT_01_ASEReadCounter.table","NW_015090842.1:9602867",54,151,97
"APRT","s1664_F_PIT_01_ASEReadCounter.table","NW_015090842.1:9602883",56,159,103
"APRT","s1664_F_PIT_01_ASEReadCounter.table","NW_015090842.1:9602886",53,157,104
"APRT","s1664_F_PIT_01_ASEReadCounter.table","NW_015090842.1:9602948",51,162,111
"APRT","s1664_F_PIT_01_ASEReadCounter.table","NW_015090842.1:9602958",54,162,108
"APRT","s1664_F_PIT_01_ASEReadCounter.table","NW_015090842.1:9603020",70,195,125
"APRT","s1664_F_PIT_01_ASEReadCounter.table","NW_015090842.1:9603025",70,190,120
"APRT","s1664_F_PIT_01_ASEReadCounter.table","NW_015090842.1:9603154",63,179,116
"APRT","s1664_F_PIT_01_ASEReadCounter.table","NW_015090842.1:9603166",79,212,133
"APRT","s1664_F_PIT_01_ASEReadCounter.table","NW_015090842.1:9603326",52,145,93
"APRT","s1664_F_PIT_01_ASEReadCounter.table","NW_015090842.1:9603419",42,143,101
"APRT","s1664_F_PIT_01_ASEReadCounter.table","NW_015090842.1:9603420",43,140,97
"APRT","s1664_F_PIT_01_ASEReadCounter.table","NW_015090842.1:9603464",32,103,71
"APRT","s1664_F_PIT_01_ASEReadCounter.table","NW_015090842.1:9603528",57,152,95
"APRT","s1664_F_PIT_01_ASEReadCounter.table","NW_015090842.1:9603607",55,139,84
"APRT","s1664_F_PIT_01_ASEReadCounter.table","NW_015090842.1:9603622",50,131,81
"APRT","s1664_F_PIT_01_ASEReadCounter.table","NW_015090842.1:9604361",38,145,107
"APRT","s1664_F_PIT_01_ASEReadCounter.table","NW_015090842.1:9605317",29,96,67
"APRT","s1664_F_PIT_01_ASEReadCounter.table","NW_015090842.1:9605336",34,115,81
"GALNS","s1664_F_PIT_01_ASEReadCounter.table","NW_015090842.1:9612872",6,13,7
"GALNS","s1664_F_PIT_01_ASEReadCounter.table","NW_015090842.1:9612873",6,13,7
"GALNS","s1664_F_PIT_01_ASEReadCounter.table","NW_015090842.1:9612877",6,12,6
"GALNS","s1664_F_PIT_01_ASEReadCounter.table","NW_015090842.1:9612942",15,30,15
"GALNS","s1664_F_PIT_01_ASEReadCounter.table","NW_015090842.1:9612987",20,20,0
"GALNS","s1664_F_PIT_01_ASEReadCounter.table","NW_015090842.1:9613064",15,29,14
"GALNS","s1664_F_PIT_01_ASEReadCounter.table","NW_015090842.1:9613096",23,44,21
"GALNS","s1664_F_PIT_01_ASEReadCounter.table","NW_015090842.1:9613123",22,41,19
"GALNS","s1664_F_PIT_01_ASEReadCounter.table","NW_015090842.1:9613125",22,40,18
"GALNS","s1664_F_PIT_01_ASEReadCounter.table","NW_015090842.1:9613193",20,49,29
"GALNS","s1664_F_PIT_01_ASEReadCounter.table","NW_015090842.1:9613226",22,45,23
"GALNS","s1664_F_PIT_01_ASEReadCounter.table","NW_015090842.1:9613249",29,57,28
"GALNS","s1664_F_PIT_01_ASEReadCounter.table","NW_015090842.1:9613256",27,55,28
"GALNS","s1664_F_PIT_01_ASEReadCounter.table","NW_015090842.1:9613317",21,48,27
"GALNS","s1664_F_PIT_01_ASEReadCounter.table","NW_015090842.1:9613343",16,39,23
"GALNS","s1664_F_PIT_01_ASEReadCounter.table","NW_015090842.1:9613344",16,39,23
"GALNS","s1664_F_PIT_01_ASEReadCounter.table","NW_015090842.1:9613371",30,61,31
"GALNS","s1664_F_PIT_01_ASEReadCounter.table","NW_015090842.1:9613378",32,62,30
"GALNS","s1664_F_PIT_01_ASEReadCounter.table","NW_015090842.1:9613379",32,62,30
"GALNS","s1664_F_PIT_01_ASEReadCounter.table","NW_015090842.1:9613516",33,60,27
"GALNS","s1664_F_PIT_01_ASEReadCounter.table","NW_015090842.1:9613572",41,63,22
"GALNS","s1664_F_PIT_01_ASEReadCounter.table","NW_015090842.1:9613597",31,51,20
"GALNS","s1664_F_PIT_01_ASEReadCounter.table","NW_015090842.1:9613627",24,44,20
"GALNS","s1664_F_PIT_01_ASEReadCounter.table","NW_015090842.1:9613640",20,38,18
"GALNS","s1664_F_PIT_01_ASEReadCounter.table","NW_015090842.1:9614025",25,56,31
"GALNS","s1664_F_PIT_01_ASEReadCounter.table","NW_015090842.1:9614169",27,54,27
"GALNS","s1664_F_PIT_01_ASEReadCounter.table","NW_015090842.1:9614232",61,61,0
"GALNS","s1664_F_PIT_01_ASEReadCounter.table","NW_015090842.1:9614667",31,45,14
"GALNS","s1664_F_PIT_01_ASEReadCounter.table","NW_015090842.1:9614709",28,46,18
"GALNS","s1664_F_PIT_01_ASEReadCounter.table","NW_015090842.1:9614880",20,46,26
"GALNS","s1664_F_PIT_01_ASEReadCounter.table","NW_015090842.1:9614902",20,50,30
"GALNS","s1664_F_PIT_01_ASEReadCounter.table","NW_015090842.1:9614960",16,41,25
"GALNS","s1664_F_PIT_01_ASEReadCounter.table","NW_015090842.1:9615114",38,74,36
"GALNS","s1664_F_PIT_01_ASEReadCounter.table","NW_015090842.1:9615199",28,55,27
"GALNS","s1664_F_PIT_01_ASEReadCounter.table","NW_015090842.1:9615217",24,49,25
"GALNS","s1664_F_PIT_01_ASEReadCounter.table","NW_015090842.1:9615277",20,43,23
"GALNS","s1664_F_PIT_01_ASEReadCounter.table","NW_015090842.1:9615377",27,55,28
"GALNS","s1664_F_PIT_01_ASEReadCounter.table","NW_015090842.1:9647858",13,33,20
"GALNS","s1664_F_PIT_01_ASEReadCounter.table","NW_015090842.1:9649186",17,38,21
"GALNS","s1664_F_PIT_01_ASEReadCounter.table","NW_015090842.1:9649237",21,42,21
"GALNS","s1664_F_PIT_01_ASEReadCounter.table","NW_015090842.1:9661193",8,22,14
"TRAPPC2L","s1664_F_PIT_01_ASEReadCounter.table","NW_015090842.1:9662951",91,168,77
"TRAPPC2L","s1664_F_PIT_01_ASEReadCounter.table","NW_015090842.1:9663014",80,164,84
"TRAPPC2L","s1664_F_PIT_01_ASEReadCounter.table","NW_015090842.1:9664305",152,153,1
"TRAPPC2L","s1664_F_PIT_01_ASEReadCounter.table","NW_015090842.1:9665155",73,132,59
"TRAPPC2L","s1664_F_PIT_01_ASEReadCounter.table","NW_015090842.1:9665211",24,49,25
"CBFA2T3","s1664_F_PIT_01_ASEReadCounter.table","NW_015090842.1:9709469",0,7,7
"CBFA2T3","s1664_F_PIT_01_ASEReadCounter.table","NW_015090842.1:9709475",0,7,7
"CBFA2T3","s1664_F_PIT_01_ASEReadCounter.table","NW_015090842.1:9711845",0,5,5
"CBFA2T3","s1664_F_PIT_01_ASEReadCounter.table","NW_015090842.1:9712157",0,6,6
"CBFA2T3","s1664_F_PIT_01_ASEReadCounter.table","NW_015090842.1:9712160",0,7,7
"CBFA2T3","s1664_F_PIT_01_ASEReadCounter.table","NW_015090842.1:9712166",0,8,8
"CBFA2T3","s1664_F_PIT_01_ASEReadCounter.table","NW_015090842.1:9712536",3,9,6
"CBFA2T3","s1664_F_PIT_01_ASEReadCounter.table","NW_015090842.1:9712673",4,10,6
"CBFA2T3","s1664_F_PIT_01_ASEReadCounter.table","NW_015090842.1:9712787",5,11,6
"CBFA2T3","s1664_F_PIT_01_ASEReadCounter.table","NW_015090842.1:9712791",7,12,5
"CBFA2T3","s1664_F_PIT_01_ASEReadCounter.table","NW_015090842.1:9712805",6,12,6
"CBFA2T3","s1664_F_PIT_01_ASEReadCounter.table","NW_015090842.1:9712811",7,13,6
"CBFA2T3","s1664_F_PIT_01_ASEReadCounter.table","NW_015090842.1:9712848",9,17,8
"CBFA2T3","s1664_F_PIT_01_ASEReadCounter.table","NW_015090842.1:9713088",5,13,8
"CBFA2T3","s1664_F_PIT_01_ASEReadCounter.table","NW_015090842.1:9713121",5,12,7
"CBFA2T3","s1664_F_PIT_01_ASEReadCounter.table","NW_015090842.1:9717058",12,28,16
"CBFA2T3","s1664_F_PIT_01_ASEReadCounter.table","NW_015090842.1:9717093",12,26,14
"CBFA2T3","s1664_F_PIT_01_ASEReadCounter.table","NW_015090842.1:9717114",10,26,16
"CBFA2T3","s1664_F_PIT_01_ASEReadCounter.table","NW_015090842.1:9717139",11,23,12
"CBFA2T3","s1664_F_PIT_01_ASEReadCounter.table","NW_015090842.1:9719788",8,12,4
"CBFA2T3","s1664_F_PIT_01_ASEReadCounter.table","NW_015090842.1:9728475",1,3,2
"CBFA2T3","s1664_F_PIT_01_ASEReadCounter.table","NW_015090842.1:9728522",1,3,2
"CBFA2T3","s1664_F_PIT_01_ASEReadCounter.table","NW_015090842.1:9728525",0,1,1
"CBFA2T3","s1664_F_PIT_01_ASEReadCounter.table","NW_015090842.1:9728654",1,2,1
"ACSF3","s1664_F_PIT_01_ASEReadCounter.table","NW_015090842.1:9773388",2,4,2
"ACSF3","s1664_F_PIT_01_ASEReadCounter.table","NW_015090842.1:9776753",21,38,17
"ACSF3","s1664_F_PIT_01_ASEReadCounter.table","NW_015090842.1:9776783",21,41,20
"ACSF3","s1664_F_PIT_01_ASEReadCounter.table","NW_015090842.1:9776879",18,35,17
"ACSF3","s1664_F_PIT_01_ASEReadCounter.table","NW_015090842.1:9776965",30,43,13
"ACSF3","s1664_F_PIT_01_ASEReadCounter.table","NW_015090842.1:9777091",24,47,23
"ACSF3","s1664_F_PIT_01_ASEReadCounter.table","NW_015090842.1:9777206",30,51,21
"ACSF3","s1664_F_PIT_01_ASEReadCounter.table","NW_015090842.1:9777283",33,60,27
"ACSF3","s1664_F_PIT_01_ASEReadCounter.table","NW_015090842.1:9778955",28,65,37
"ACSF3","s1664_F_PIT_01_ASEReadCounter.table","NW_015090842.1:9778997",44,93,49
"ACSF3","s1664_F_PIT_01_ASEReadCounter.table","NW_015090842.1:9789311",40,71,31
"ACSF3","s1664_F_PIT_01_ASEReadCounter.table","NW_015090842.1:9789906",2,29,27
"ACSF3","s1664_F_PIT_01_ASEReadCounter.table","NW_015090842.1:9834743",51,112,61
"ACSF3","s1664_F_PIT_01_ASEReadCounter.table","NW_015090842.1:9834852",50,105,55
"ACSF3","s1664_F_PIT_01_ASEReadCounter.table","NW_015090842.1:9834861",41,94,53
"ACSF3","s1664_F_PIT_01_ASEReadCounter.table","NW_015090842.1:9839359",38,84,46
"ACSF3","s1664_F_PIT_01_ASEReadCounter.table","NW_015090842.1:9839378",34,72,38
"ACSF3","s1664_F_PIT_01_ASEReadCounter.table","NW_015090842.1:9839455",24,65,41
"ACSF3","s1664_F_PIT_01_ASEReadCounter.table","NW_015090842.1:9839457",23,64,41
"ACSF3","s1664_F_PIT_01_ASEReadCounter.table","NW_015090842.1:9839489",25,67,42
"ACSF3","s1664_F_PIT_01_ASEReadCounter.table","NW_015090842.1:9839500",17,57,40
"ACSF3","s1664_F_PIT_01_ASEReadCounter.table","NW_015090842.1:9839501",17,57,40
"ACSF3","s1664_F_PIT_01_ASEReadCounter.table","NW_015090842.1:9839504",20,60,40
"ACSF3","s1664_F_PIT_01_ASEReadCounter.table","NW_015090842.1:9839512",16,45,29
"ACSF3","s1664_F_PIT_01_ASEReadCounter.table","NW_015090842.1:9839527",15,40,25
"ACSF3","s1664_F_PIT_01_ASEReadCounter.table","NW_015090842.1:9839533",10,31,21
"ACSF3","s1664_F_PIT_01_ASEReadCounter.table","NW_015090842.1:9839535",10,30,20
"ACSF3","s1664_F_PIT_01_ASEReadCounter.table","NW_015090842.1:9839545",5,20,15
"ACSF3","s1664_F_PIT_01_ASEReadCounter.table","NW_015090842.1:9839550",3,19,16
"ACSF3","s1664_F_PIT_01_ASEReadCounter.table","NW_015090842.1:9839551",2,18,16
"CDH15","s1664_F_PIT_01_ASEReadCounter.table","NW_015090842.1:9848004",0,1,1
"CDH15","s1664_F_PIT_01_ASEReadCounter.table","NW_015090842.1:9848531",1,1,0
"CDH15","s1664_F_PIT_01_ASEReadCounter.table","NW_015090842.1:9848552",1,1,0
"CDH15","s1664_F_PIT_01_ASEReadCounter.table","NW_015090842.1:9849086",1,1,0
"CDH15","s1664_F_PIT_01_ASEReadCounter.table","NW_015090842.1:9849119",1,1,0
"CDH15","s1664_F_PIT_01_ASEReadCounter.table","NW_015090842.1:9849140",1,1,0
"CDH15","s1664_F_PIT_01_ASEReadCounter.table","NW_015090842.1:9849473",1,1,0
"SLC22A31","s1664_F_PIT_01_ASEReadCounter.table","NW_015090842.1:9851117",1,6,5
"SLC22A31","s1664_F_PIT_01_ASEReadCounter.table","NW_015090842.1:9851130",1,6,5
"SLC22A31","s1664_F_PIT_01_ASEReadCounter.table","NW_015090842.1:9851139",1,6,5
"SLC22A31","s1664_F_PIT_01_ASEReadCounter.table","NW_015090842.1:9851265",9,20,11
"SLC22A31","s1664_F_PIT_01_ASEReadCounter.table","NW_015090842.1:9851302",5,17,12
"SLC22A31","s1664_F_PIT_01_ASEReadCounter.table","NW_015090842.1:9851303",5,17,12
"SLC22A31","s1664_F_PIT_01_ASEReadCounter.table","NW_015090842.1:9851305",5,17,12
"SLC22A31","s1664_F_PIT_01_ASEReadCounter.table","NW_015090842.1:9851343",6,13,7
"SLC22A31","s1664_F_PIT_01_ASEReadCounter.table","NW_015090842.1:9851344",8,13,5
"SLC22A31","s1664_F_PIT_01_ASEReadCounter.table","NW_015090842.1:9851361",18,18,0
"SLC22A31","s1664_F_PIT_01_ASEReadCounter.table","NW_015090842.1:9851381",12,21,9
"SLC22A31","s1664_F_PIT_01_ASEReadCounter.table","NW_015090842.1:9851421",15,24,9
"SLC22A31","s1664_F_PIT_01_ASEReadCounter.table","NW_015090842.1:9851501",6,11,5
"SLC22A31","s1664_F_PIT_01_ASEReadCounter.table","NW_015090842.1:9851526",5,13,8
"SLC22A31","s1664_F_PIT_01_ASEReadCounter.table","NW_015090842.1:9851589",8,17,9
"SLC22A31","s1664_F_PIT_01_ASEReadCounter.table","NW_015090842.1:9851712",9,17,8
"SLC22A31","s1664_F_PIT_01_ASEReadCounter.table","NW_015090842.1:9851899",8,19,11
"SLC22A31","s1664_F_PIT_01_ASEReadCounter.table","NW_015090842.1:9852139",12,26,14
"SLC22A31","s1664_F_PIT_01_ASEReadCounter.table","NW_015090842.1:9852380",9,24,15
"SLC22A31","s1664_F_PIT_01_ASEReadCounter.table","NW_015090842.1:9852431",8,21,13
"SLC22A31","s1664_F_PIT_01_ASEReadCounter.table","NW_015090842.1:9852630",7,17,10
"SLC22A31","s1664_F_PIT_01_ASEReadCounter.table","NW_015090842.1:9852711",10,20,10
"SLC22A31","s1664_F_PIT_01_ASEReadCounter.table","NW_015090842.1:9853099",9,16,7
"SLC22A31","s1664_F_PIT_01_ASEReadCounter.table","NW_015090842.1:9853102",10,17,7
"SLC22A31","s1664_F_PIT_01_ASEReadCounter.table","NW_015090842.1:9853421",7,10,3
"SLC22A31","s1664_F_PIT_01_ASEReadCounter.table","NW_015090842.1:9853457",10,14,4
"SLC22A31","s1664_F_PIT_01_ASEReadCounter.table","NW_015090842.1:9853502",9,11,2
"ANKRD11","s1664_F_PIT_01_ASEReadCounter.table","NW_015090842.1:9858863",3,8,5
"ANKRD11","s1664_F_PIT_01_ASEReadCounter.table","NW_015090842.1:9859101",63,136,73
"ANKRD11","s1664_F_PIT_01_ASEReadCounter.table","NW_015090842.1:9859352",70,177,107
"ANKRD11","s1664_F_PIT_01_ASEReadCounter.table","NW_015090842.1:9859381",35,112,77
"ANKRD11","s1664_F_PIT_01_ASEReadCounter.table","NW_015090842.1:9859679",87,177,90
"ANKRD11","s1664_F_PIT_01_ASEReadCounter.table","NW_015090842.1:9861097",75,182,107
"ANKRD11","s1664_F_PIT_01_ASEReadCounter.table","NW_015090842.1:9862571",47,115,68
"ANKRD11","s1664_F_PIT_01_ASEReadCounter.table","NW_015090842.1:9862652",37,74,37
"ANKRD11","s1664_F_PIT_01_ASEReadCounter.table","NW_015090842.1:9866071",0,74,74
"ANKRD11","s1664_F_PIT_01_ASEReadCounter.table","NW_015090842.1:9866200",0,75,75
"ANKRD11","s1664_F_PIT_01_ASEReadCounter.table","NW_015090842.1:9867391",30,62,32
"ANKRD11","s1664_F_PIT_01_ASEReadCounter.table","NW_015090842.1:9867472",51,100,49
"ANKRD11","s1664_F_PIT_01_ASEReadCounter.table","NW_015090842.1:9867559",63,111,48
"ANKRD11","s1664_F_PIT_01_ASEReadCounter.table","NW_015090842.1:9867667",70,124,54
"ANKRD11","s1664_F_PIT_01_ASEReadCounter.table","NW_015090842.1:9867934",61,118,57
"ANKRD11","s1664_F_PIT_01_ASEReadCounter.table","NW_015090842.1:9868064",57,128,71
"ANKRD11","s1664_F_PIT_01_ASEReadCounter.table","NW_015090842.1:9868093",57,133,76
"ANKRD11","s1664_F_PIT_01_ASEReadCounter.table","NW_015090842.1:9868222",57,115,58
"ANKRD11","s1664_F_PIT_01_ASEReadCounter.table","NW_015090842.1:9868327",56,115,59
"ANKRD11","s1664_F_PIT_01_ASEReadCounter.table","NW_015090842.1:9868414",78,148,70
"ANKRD11","s1664_F_PIT_01_ASEReadCounter.table","NW_015090842.1:9868441",70,132,62
"ANKRD11","s1664_F_PIT_01_ASEReadCounter.table","NW_015090842.1:9868444",73,143,70
"ANKRD11","s1664_F_PIT_01_ASEReadCounter.table","NW_015090842.1:9868519",81,156,75
"ANKRD11","s1664_F_PIT_01_ASEReadCounter.table","NW_015090842.1:9868609",91,165,74
"ANKRD11","s1664_F_PIT_01_ASEReadCounter.table","NW_015090842.1:9868666",75,158,83
"ANKRD11","s1664_F_PIT_01_ASEReadCounter.table","NW_015090842.1:9868738",152,152,0
"ANKRD11","s1664_F_PIT_01_ASEReadCounter.table","NW_015090842.1:9869431",63,138,75
"ANKRD11","s1664_F_PIT_01_ASEReadCounter.table","NW_015090842.1:9869578",84,197,113
"ANKRD11","s1664_F_PIT_01_ASEReadCounter.table","NW_015090842.1:9869734",71,148,77
"ANKRD11","s1664_F_PIT_01_ASEReadCounter.table","NW_015090842.1:9870070",68,146,78
"ANKRD11","s1664_F_PIT_01_ASEReadCounter.table","NW_015090842.1:9870349",61,118,57
"ANKRD11","s1664_F_PIT_01_ASEReadCounter.table","NW_015090842.1:9870604",67,130,63
"ANKRD11","s1664_F_PIT_01_ASEReadCounter.table","NW_015090842.1:9870613",75,137,62
"ANKRD11","s1664_F_PIT_01_ASEReadCounter.table","NW_015090842.1:9870685",103,191,88
"ANKRD11","s1664_F_PIT_01_ASEReadCounter.table","NW_015090842.1:9870760",84,149,65
"ANKRD11","s1664_F_PIT_01_ASEReadCounter.table","NW_015090842.1:9870847",64,122,58
"ANKRD11","s1664_F_PIT_01_ASEReadCounter.table","NW_015090842.1:9871103",48,95,47
"ANKRD11","s1664_F_PIT_01_ASEReadCounter.table","NW_015090842.1:9871165",61,118,57
"ANKRD11","s1664_F_PIT_01_ASEReadCounter.table","NW_015090842.1:9871508",102,102,0
"ANKRD11","s1664_F_PIT_01_ASEReadCounter.table","NW_015090842.1:9871820",38,67,29
"ANKRD11","s1664_F_PIT_01_ASEReadCounter.table","NW_015090842.1:9872118",36,77,41
"ANKRD11","s1664_F_PIT_01_ASEReadCounter.table","NW_015090842.1:9877406",37,68,31
"SPG7","s1664_F_PIT_01_ASEReadCounter.table","NW_015090842.1:10051190",108,224,116
"SPG7","s1664_F_PIT_01_ASEReadCounter.table","NW_015090842.1:10051218",120,252,132
"SPG7","s1664_F_PIT_01_ASEReadCounter.table","NW_015090842.1:10052348",141,268,127
"SPG7","s1664_F_PIT_01_ASEReadCounter.table","NW_015090842.1:10052366",127,258,131
"SPG7","s1664_F_PIT_01_ASEReadCounter.table","NW_015090842.1:10065173",126,274,148
"SPG7","s1664_F_PIT_01_ASEReadCounter.table","NW_015090842.1:10065215",125,251,126
"SPG7","s1664_F_PIT_01_ASEReadCounter.table","NW_015090842.1:10066365",103,226,123
"SPG7","s1664_F_PIT_01_ASEReadCounter.table","NW_015090842.1:10069752",117,256,139
"SPG7","s1664_F_PIT_01_ASEReadCounter.table","NW_015090842.1:10069800",113,269,156
"SPG7","s1664_F_PIT_01_ASEReadCounter.table","NW_015090842.1:10071192",114,284,170
"SPG7","s1664_F_PIT_01_ASEReadCounter.table","NW_015090842.1:10071219",109,259,150
"SPG7","s1664_F_PIT_01_ASEReadCounter.table","NW_015090842.1:10071967",89,202,113
"SPG7","s1664_F_PIT_01_ASEReadCounter.table","NW_015090842.1:10075109",141,281,140
"SPG7","s1664_F_PIT_01_ASEReadCounter.table","NW_015090842.1:10075114",143,287,144
"SPG7","s1664_F_PIT_01_ASEReadCounter.table","NW_015090842.1:10075198",120,223,103
"SPG7","s1664_F_PIT_01_ASEReadCounter.table","NW_015090842.1:10075487",67,152,85
"SPG7","s1664_F_PIT_01_ASEReadCounter.table","NW_015090842.1:10075488",68,155,87
"SPG7","s1664_F_PIT_01_ASEReadCounter.table","NW_015090842.1:10075548",53,125,72
"RPL13","s1664_F_PIT_01_ASEReadCounter.table","NW_015090842.1:10077387",778,1600,822
"RPL13","s1664_F_PIT_01_ASEReadCounter.table","NW_015090842.1:10077978",1018,2233,1215
"RPL13","s1664_F_PIT_01_ASEReadCounter.table","NW_015090842.1:10077992",986,2137,1151
"CPNE7","s1664_F_PIT_01_ASEReadCounter.table","NW_015090842.1:10084001",4,5,1
"CPNE7","s1664_F_PIT_01_ASEReadCounter.table","NW_015090842.1:10084892",2,2,0
"CPNE7","s1664_F_PIT_01_ASEReadCounter.table","NW_015090842.1:10084921",4,4,0
"CPNE7","s1664_F_PIT_01_ASEReadCounter.table","NW_015090842.1:10084935",4,4,0
"CPNE7","s1664_F_PIT_01_ASEReadCounter.table","NW_015090842.1:10085000",5,5,0
"CPNE7","s1664_F_PIT_01_ASEReadCounter.table","NW_015090842.1:10085089",3,3,0
"CPNE7","s1664_F_PIT_01_ASEReadCounter.table","NW_015090842.1:10085096",3,3,0
"CPNE7","s1664_F_PIT_01_ASEReadCounter.table","NW_015090842.1:10085126",2,2,0
"CPNE7","s1664_F_PIT_01_ASEReadCounter.table","NW_015090842.1:10085167",3,3,0
"CPNE7","s1664_F_PIT_01_ASEReadCounter.table","NW_015090842.1:10085180",3,4,1
"CPNE7","s1664_F_PIT_01_ASEReadCounter.table","NW_015090842.1:10085201",4,5,1
"CPNE7","s1664_F_PIT_01_ASEReadCounter.table","NW_015090842.1:10088134",9,9,0
"CPNE7","s1664_F_PIT_01_ASEReadCounter.table","NW_015090842.1:10088146",8,8,0
"CPNE7","s1664_F_PIT_01_ASEReadCounter.table","NW_015090842.1:10088806",11,11,0
"CPNE7","s1664_F_PIT_01_ASEReadCounter.table","NW_015090842.1:10088940",8,8,0
"CPNE7","s1664_F_PIT_01_ASEReadCounter.table","NW_015090842.1:10088965",7,7,0
"CPNE7","s1664_F_PIT_01_ASEReadCounter.table","NW_015090842.1:10088967",7,7,0
"CPNE7","s1664_F_PIT_01_ASEReadCounter.table","NW_015090842.1:10088973",7,7,0
"CPNE7","s1664_F_PIT_01_ASEReadCounter.table","NW_015090842.1:10090924",9,9,0
"CPNE7","s1664_F_PIT_01_ASEReadCounter.table","NW_015090842.1:10090930",9,9,0
"CPNE7","s1664_F_PIT_01_ASEReadCounter.table","NW_015090842.1:10091075",8,9,1
"CPNE7","s1664_F_PIT_01_ASEReadCounter.table","NW_015090842.1:10091389",6,7,1
"CPNE7","s1664_F_PIT_01_ASEReadCounter.table","NW_015090842.1:10091407",8,9,1
"CPNE7","s1664_F_PIT_01_ASEReadCounter.table","NW_015090842.1:10091488",7,7,0
"CPNE7","s1664_F_PIT_01_ASEReadCounter.table","NW_015090842.1:10091491",7,7,0
"CPNE7","s1664_F_PIT_01_ASEReadCounter.table","NW_015090842.1:10091530",7,8,1
"CPNE7","s1664_F_PIT_01_ASEReadCounter.table","NW_015090842.1:10091875",4,4,0
"CPNE7","s1664_F_PIT_01_ASEReadCounter.table","NW_015090842.1:10091983",9,9,0
"CPNE7","s1664_F_PIT_01_ASEReadCounter.table","NW_015090842.1:10091997",9,9,0
"CPNE7","s1664_F_PIT_01_ASEReadCounter.table","NW_015090842.1:10092038",3,3,0
"CPNE7","s1664_F_PIT_01_ASEReadCounter.table","NW_015090842.1:10092140",4,4,0
"CPNE7","s1664_F_PIT_01_ASEReadCounter.table","NW_015090842.1:10092183",4,4,0
"CPNE7","s1664_F_PIT_01_ASEReadCounter.table","NW_015090842.1:10092201",4,4,0
"CPNE7","s1664_F_PIT_01_ASEReadCounter.table","NW_015090842.1:10092230",2,2,0
"CPNE7","s1664_F_PIT_01_ASEReadCounter.table","NW_015090842.1:10092246",1,1,0
"LOC106888185","s1664_F_PIT_01_ASEReadCounter.table","NW_015090842.1:10094965",4,16,12
"LOC106888185","s1664_F_PIT_01_ASEReadCounter.table","NW_015090842.1:10094966",4,16,12
"LOC106888185","s1664_F_PIT_01_ASEReadCounter.table","NW_015090842.1:10094985",4,18,14
"LOC106888185","s1664_F_PIT_01_ASEReadCounter.table","NW_015090842.1:10095055",0,13,13
"LOC106888185","s1664_F_PIT_01_ASEReadCounter.table","NW_015090842.1:10095062",1,10,9
"LOC106888185","s1664_F_PIT_01_ASEReadCounter.table","NW_015090842.1:10095130",0,14,14
"LOC106888185","s1664_F_PIT_01_ASEReadCounter.table","NW_015090842.1:10095265",42,84,42
"LOC106888185","s1664_F_PIT_01_ASEReadCounter.table","NW_015090842.1:10095586",33,104,71
"LOC106888185","s1664_F_PIT_01_ASEReadCounter.table","NW_015090842.1:10095593",39,107,68
"LOC106888185","s1664_F_PIT_01_ASEReadCounter.table","NW_015090842.1:10095616",41,90,49
"LOC106888185","s1664_F_PIT_01_ASEReadCounter.table","NW_015090842.1:10095662",33,66,33
"LOC106888185","s1664_F_PIT_01_ASEReadCounter.table","NW_015090842.1:10095674",30,67,37
"LOC106888185","s1664_F_PIT_01_ASEReadCounter.table","NW_015090842.1:10095786",31,90,59
"LOC106888185","s1664_F_PIT_01_ASEReadCounter.table","NW_015090842.1:10095831",28,87,59
"LOC106888185","s1664_F_PIT_01_ASEReadCounter.table","NW_015090842.1:10096230",25,74,49
"LOC106888185","s1664_F_PIT_01_ASEReadCounter.table","NW_015090842.1:10096249",32,92,60
"LOC106888185","s1664_F_PIT_01_ASEReadCounter.table","NW_015090842.1:10096272",39,108,69
"LOC106888185","s1664_F_PIT_01_ASEReadCounter.table","NW_015090842.1:10096288",43,101,58
"LOC106888185","s1664_F_PIT_01_ASEReadCounter.table","NW_015090842.1:10097248",41,96,55
"LOC106888185","s1664_F_PIT_01_ASEReadCounter.table","NW_015090842.1:10097265",48,110,62
"LOC106888185","s1664_F_PIT_01_ASEReadCounter.table","NW_015090842.1:10097446",3,14,11
"DPEP1","s1664_F_PIT_01_ASEReadCounter.table","NW_015090842.1:10098017",0,4,4
"DPEP1","s1664_F_PIT_01_ASEReadCounter.table","NW_015090842.1:10098518",0,10,10
"DPEP1","s1664_F_PIT_01_ASEReadCounter.table","NW_015090842.1:10098595",0,11,11
"DPEP1","s1664_F_PIT_01_ASEReadCounter.table","NW_015090842.1:10098597",0,12,12
"DPEP1","s1664_F_PIT_01_ASEReadCounter.table","NW_015090842.1:10098601",0,14,14
"DPEP1","s1664_F_PIT_01_ASEReadCounter.table","NW_015090842.1:10098608",0,16,16
"DPEP1","s1664_F_PIT_01_ASEReadCounter.table","NW_015090842.1:10098630",0,17,17
"DPEP1","s1664_F_PIT_01_ASEReadCounter.table","NW_015090842.1:10098659",1,17,16
"DPEP1","s1664_F_PIT_01_ASEReadCounter.table","NW_015090842.1:10099765",1,18,17
"DPEP1","s1664_F_PIT_01_ASEReadCounter.table","NW_015090842.1:10099985",0,9,9
"DPEP1","s1664_F_PIT_01_ASEReadCounter.table","NW_015090842.1:10099986",0,9,9
"DPEP1","s1664_F_PIT_01_ASEReadCounter.table","NW_015090842.1:10099991",0,10,10
"DPEP1","s1664_F_PIT_01_ASEReadCounter.table","NW_015090842.1:10100044",0,10,10
"DPEP1","s1664_F_PIT_01_ASEReadCounter.table","NW_015090842.1:10100045",0,10,10
"DPEP1","s1664_F_PIT_01_ASEReadCounter.table","NW_015090842.1:10100084",0,8,8
"DPEP1","s1664_F_PIT_01_ASEReadCounter.table","NW_015090842.1:10100295",0,6,6
"DPEP1","s1664_F_PIT_01_ASEReadCounter.table","NW_015090842.1:10100529",0,8,8
"DPEP1","s1664_F_PIT_01_ASEReadCounter.table","NW_015090842.1:10100893",1,13,12
"DPEP1","s1664_F_PIT_01_ASEReadCounter.table","NW_015090842.1:10100902",1,13,12
"DPEP1","s1664_F_PIT_01_ASEReadCounter.table","NW_015090842.1:10101072",1,17,16
"DPEP1","s1664_F_PIT_01_ASEReadCounter.table","NW_015090842.1:10101199",1,15,14
"DPEP1","s1664_F_PIT_01_ASEReadCounter.table","NW_015090842.1:10101483",0,9,9
"DPEP1","s1664_F_PIT_01_ASEReadCounter.table","NW_015090842.1:10101497",0,11,11
"DPEP1","s1664_F_PIT_01_ASEReadCounter.table","NW_015090842.1:10101525",0,11,11
"DPEP1","s1664_F_PIT_01_ASEReadCounter.table","NW_015090842.1:10101875",0,9,9
"DPEP1","s1664_F_PIT_01_ASEReadCounter.table","NW_015090842.1:10101913",0,12,12
"DPEP1","s1664_F_PIT_01_ASEReadCounter.table","NW_015090842.1:10101996",0,12,12
"DPEP1","s1664_F_PIT_01_ASEReadCounter.table","NW_015090842.1:10102014",0,9,9
"DPEP1","s1664_F_PIT_01_ASEReadCounter.table","NW_015090842.1:10102035",0,3,3
"CHMP1A","s1664_F_PIT_01_ASEReadCounter.table","NW_015090842.1:10102901",65,176,111
"CHMP1A","s1664_F_PIT_01_ASEReadCounter.table","NW_015090842.1:10102961",44,187,143
"CHMP1A","s1664_F_PIT_01_ASEReadCounter.table","NW_015090842.1:10102996",48,177,129
"CHMP1A","s1664_F_PIT_01_ASEReadCounter.table","NW_015090842.1:10103004",56,184,128
"CHMP1A","s1664_F_PIT_01_ASEReadCounter.table","NW_015090842.1:10103006",57,188,131
"CHMP1A","s1664_F_PIT_01_ASEReadCounter.table","NW_015090842.1:10103052",104,247,143
"CHMP1A","s1664_F_PIT_01_ASEReadCounter.table","NW_015090842.1:10103095",106,248,142
"CHMP1A","s1664_F_PIT_01_ASEReadCounter.table","NW_015090842.1:10103096",107,250,143
"CHMP1A","s1664_F_PIT_01_ASEReadCounter.table","NW_015090842.1:10103152",104,206,102
"CHMP1A","s1664_F_PIT_01_ASEReadCounter.table","NW_015090842.1:10103173",111,220,109
"CHMP1A","s1664_F_PIT_01_ASEReadCounter.table","NW_015090842.1:10103334",73,162,89
"CHMP1A","s1664_F_PIT_01_ASEReadCounter.table","NW_015090842.1:10103373",49,169,120
"CHMP1A","s1664_F_PIT_01_ASEReadCounter.table","NW_015090842.1:10103408",70,196,126
"CHMP1A","s1664_F_PIT_01_ASEReadCounter.table","NW_015090842.1:10103412",86,201,115
"CHMP1A","s1664_F_PIT_01_ASEReadCounter.table","NW_015090842.1:10103512",123,251,128
"CHMP1A","s1664_F_PIT_01_ASEReadCounter.table","NW_015090842.1:10103513",121,248,127
"CHMP1A","s1664_F_PIT_01_ASEReadCounter.table","NW_015090842.1:10103583",74,186,112
"CHMP1A","s1664_F_PIT_01_ASEReadCounter.table","NW_015090842.1:10103614",92,209,117
"CHMP1A","s1664_F_PIT_01_ASEReadCounter.table","NW_015090842.1:10103657",83,210,127
"CHMP1A","s1664_F_PIT_01_ASEReadCounter.table","NW_015090842.1:10103669",81,207,126
"CHMP1A","s1664_F_PIT_01_ASEReadCounter.table","NW_015090842.1:10103674",81,195,114
"CHMP1A","s1664_F_PIT_01_ASEReadCounter.table","NW_015090842.1:10103677",80,194,114
"CHMP1A","s1664_F_PIT_01_ASEReadCounter.table","NW_015090842.1:10103729",104,222,118
"CHMP1A","s1664_F_PIT_01_ASEReadCounter.table","NW_015090842.1:10103758",107,214,107
"CHMP1A","s1664_F_PIT_01_ASEReadCounter.table","NW_015090842.1:10103761",104,215,111
"CHMP1A","s1664_F_PIT_01_ASEReadCounter.table","NW_015090842.1:10103788",113,288,175
"CHMP1A","s1664_F_PIT_01_ASEReadCounter.table","NW_015090842.1:10103789",113,288,175
"CHMP1A","s1664_F_PIT_01_ASEReadCounter.table","NW_015090842.1:10103790",110,282,172
"CHMP1A","s1664_F_PIT_01_ASEReadCounter.table","NW_015090842.1:10103950",130,273,143
"CHMP1A","s1664_F_PIT_01_ASEReadCounter.table","NW_015090842.1:10104335",75,170,95
"CHMP1A","s1664_F_PIT_01_ASEReadCounter.table","NW_015090842.1:10104429",130,281,151
"CHMP1A","s1664_F_PIT_01_ASEReadCounter.table","NW_015090842.1:10104532",138,287,149
"CHMP1A","s1664_F_PIT_01_ASEReadCounter.table","NW_015090842.1:10104633",111,230,119
"CHMP1A","s1664_F_PIT_01_ASEReadCounter.table","NW_015090842.1:10104759",100,217,117
"CHMP1A","s1664_F_PIT_01_ASEReadCounter.table","NW_015090842.1:10104794",116,251,135
"CHMP1A","s1664_F_PIT_01_ASEReadCounter.table","NW_015090842.1:10104841",200,201,1
"CHMP1A","s1664_F_PIT_01_ASEReadCounter.table","NW_015090842.1:10104844",81,199,118
"CHMP1A","s1664_F_PIT_01_ASEReadCounter.table","NW_015090842.1:10106242",97,226,129
"CHMP1A","s1664_F_PIT_01_ASEReadCounter.table","NW_015090842.1:10106290",77,205,128
"CHMP1A","s1664_F_PIT_01_ASEReadCounter.table","NW_015090842.1:10106335",108,252,144
"CHMP1A","s1664_F_PIT_01_ASEReadCounter.table","NW_015090842.1:10106383",154,325,171
"CHMP1A","s1664_F_PIT_01_ASEReadCounter.table","NW_015090842.1:10106747",138,296,158
"CHMP1A","s1664_F_PIT_01_ASEReadCounter.table","NW_015090842.1:10107404",126,288,162
"CHMP1A","s1664_F_PIT_01_ASEReadCounter.table","NW_015090842.1:10107876",120,275,155
"CDK10","s1664_F_PIT_01_ASEReadCounter.table","NW_015090842.1:10109030",9,10,1
"CDK10","s1664_F_PIT_01_ASEReadCounter.table","NW_015090842.1:10109963",39,96,57
"CDK10","s1664_F_PIT_01_ASEReadCounter.table","NW_015090842.1:10110887",49,105,56
"CDK10","s1664_F_PIT_01_ASEReadCounter.table","NW_015090842.1:10111254",31,74,43
"CDK10","s1664_F_PIT_01_ASEReadCounter.table","NW_015090842.1:10111380",34,81,47
"CDK10","s1664_F_PIT_01_ASEReadCounter.table","NW_015090842.1:10111395",35,83,48
"CDK10","s1664_F_PIT_01_ASEReadCounter.table","NW_015090842.1:10111437",23,83,60
"CDK10","s1664_F_PIT_01_ASEReadCounter.table","NW_015090842.1:10111798",45,89,44
"CDK10","s1664_F_PIT_01_ASEReadCounter.table","NW_015090842.1:10111840",47,107,60
"CDK10","s1664_F_PIT_01_ASEReadCounter.table","NW_015090842.1:10112031",34,101,67
"CDK10","s1664_F_PIT_01_ASEReadCounter.table","NW_015090842.1:10112285",38,101,63
"CDK10","s1664_F_PIT_01_ASEReadCounter.table","NW_015090842.1:10112398",35,98,63
"CDK10","s1664_F_PIT_01_ASEReadCounter.table","NW_015090842.1:10112455",24,85,61
"CDK10","s1664_F_PIT_01_ASEReadCounter.table","NW_015090842.1:10112461",24,79,55
"CDK10","s1664_F_PIT_01_ASEReadCounter.table","NW_015090842.1:10112497",21,64,43
"CDK10","s1664_F_PIT_01_ASEReadCounter.table","NW_015090842.1:10112508",19,65,46
"CDK10","s1664_F_PIT_01_ASEReadCounter.table","NW_015090842.1:10112518",13,58,45
"CDK10","s1664_F_PIT_01_ASEReadCounter.table","NW_015090842.1:10112540",9,54,45
"CDK10","s1664_F_PIT_01_ASEReadCounter.table","NW_015090842.1:10112556",23,69,46
"CDK10","s1664_F_PIT_01_ASEReadCounter.table","NW_015090842.1:10112561",24,78,54
"CDK10","s1664_F_PIT_01_ASEReadCounter.table","NW_015090842.1:10112596",26,71,45
"CDK10","s1664_F_PIT_01_ASEReadCounter.table","NW_015090842.1:10112630",19,49,30
"CDK10","s1664_F_PIT_01_ASEReadCounter.table","NW_015090842.1:10112656",15,48,33
"CDK10","s1664_F_PIT_01_ASEReadCounter.table","NW_015090842.1:10112665",16,43,27
"CDK10","s1664_F_PIT_01_ASEReadCounter.table","NW_015090842.1:10112668",15,42,27
"CDK10","s1664_F_PIT_01_ASEReadCounter.table","NW_015090842.1:10112781",10,27,17
"CDK10","s1664_F_PIT_01_ASEReadCounter.table","NW_015090842.1:10112782",10,27,17
"CDK10","s1664_F_PIT_01_ASEReadCounter.table","NW_015090842.1:10112795",9,26,17
"CDK10","s1664_F_PIT_01_ASEReadCounter.table","NW_015090842.1:10112841",5,13,8
"CDK10","s1664_F_PIT_01_ASEReadCounter.table","NW_015090842.1:10112861",3,8,5
"SPATA2L","s1664_F_PIT_01_ASEReadCounter.table","NW_015090842.1:10113212",8,24,16
"SPATA2L","s1664_F_PIT_01_ASEReadCounter.table","NW_015090842.1:10113280",13,45,32
"SPATA2L","s1664_F_PIT_01_ASEReadCounter.table","NW_015090842.1:10113296",17,48,31
"SPATA2L","s1664_F_PIT_01_ASEReadCounter.table","NW_015090842.1:10113321",17,56,39
"SPATA2L","s1664_F_PIT_01_ASEReadCounter.table","NW_015090842.1:10113332",18,60,42
"SPATA2L","s1664_F_PIT_01_ASEReadCounter.table","NW_015090842.1:10113380",19,55,36
"SPATA2L","s1664_F_PIT_01_ASEReadCounter.table","NW_015090842.1:10113381",18,57,39
"SPATA2L","s1664_F_PIT_01_ASEReadCounter.table","NW_015090842.1:10113412",20,64,44
"SPATA2L","s1664_F_PIT_01_ASEReadCounter.table","NW_015090842.1:10113421",24,65,41
"SPATA2L","s1664_F_PIT_01_ASEReadCounter.table","NW_015090842.1:10113465",30,74,44
"SPATA2L","s1664_F_PIT_01_ASEReadCounter.table","NW_015090842.1:10113535",34,74,40
"SPATA2L","s1664_F_PIT_01_ASEReadCounter.table","NW_015090842.1:10113645",29,77,48
"SPATA2L","s1664_F_PIT_01_ASEReadCounter.table","NW_015090842.1:10113682",31,90,59
"SPATA2L","s1664_F_PIT_01_ASEReadCounter.table","NW_015090842.1:10113696",25,85,60
"SPATA2L","s1664_F_PIT_01_ASEReadCounter.table","NW_015090842.1:10113727",24,81,57
"SPATA2L","s1664_F_PIT_01_ASEReadCounter.table","NW_015090842.1:10113799",40,97,57
"SPATA2L","s1664_F_PIT_01_ASEReadCounter.table","NW_015090842.1:10113809",45,102,57
"SPATA2L","s1664_F_PIT_01_ASEReadCounter.table","NW_015090842.1:10113827",45,103,58
"SPATA2L","s1664_F_PIT_01_ASEReadCounter.table","NW_015090842.1:10113831",41,101,60
"SPATA2L","s1664_F_PIT_01_ASEReadCounter.table","NW_015090842.1:10113894",37,77,40
"SPATA2L","s1664_F_PIT_01_ASEReadCounter.table","NW_015090842.1:10113905",31,76,45
"SPATA2L","s1664_F_PIT_01_ASEReadCounter.table","NW_015090842.1:10113914",29,83,54
"SPATA2L","s1664_F_PIT_01_ASEReadCounter.table","NW_015090842.1:10113920",34,90,56
"SPATA2L","s1664_F_PIT_01_ASEReadCounter.table","NW_015090842.1:10113937",35,90,55
"SPATA2L","s1664_F_PIT_01_ASEReadCounter.table","NW_015090842.1:10113971",27,80,53
"SPATA2L","s1664_F_PIT_01_ASEReadCounter.table","NW_015090842.1:10113976",25,82,57
"SPATA2L","s1664_F_PIT_01_ASEReadCounter.table","NW_015090842.1:10113985",27,77,50
"SPATA2L","s1664_F_PIT_01_ASEReadCounter.table","NW_015090842.1:10113994",29,81,52
"SPATA2L","s1664_F_PIT_01_ASEReadCounter.table","NW_015090842.1:10114063",31,67,36
"SPATA2L","s1664_F_PIT_01_ASEReadCounter.table","NW_015090842.1:10114066",33,68,35
"SPATA2L","s1664_F_PIT_01_ASEReadCounter.table","NW_015090842.1:10114069",34,72,38
"SPATA2L","s1664_F_PIT_01_ASEReadCounter.table","NW_015090842.1:10114121",25,64,39
"SPATA2L","s1664_F_PIT_01_ASEReadCounter.table","NW_015090842.1:10114159",20,68,48
"SPATA2L","s1664_F_PIT_01_ASEReadCounter.table","NW_015090842.1:10114282",83,83,0
"SPATA2L","s1664_F_PIT_01_ASEReadCounter.table","NW_015090842.1:10114470",28,65,37
"SPATA2L","s1664_F_PIT_01_ASEReadCounter.table","NW_015090842.1:10114524",17,49,32
"VPS9D1","s1664_F_PIT_01_ASEReadCounter.table","NW_015090842.1:10116377",21,39,18
"VPS9D1","s1664_F_PIT_01_ASEReadCounter.table","NW_015090842.1:10116415",23,42,19
"VPS9D1","s1664_F_PIT_01_ASEReadCounter.table","NW_015090842.1:10116607",25,39,14
"VPS9D1","s1664_F_PIT_01_ASEReadCounter.table","NW_015090842.1:10116816",43,43,0
"VPS9D1","s1664_F_PIT_01_ASEReadCounter.table","NW_015090842.1:10116821",25,41,16
"VPS9D1","s1664_F_PIT_01_ASEReadCounter.table","NW_015090842.1:10116825",23,38,15
"VPS9D1","s1664_F_PIT_01_ASEReadCounter.table","NW_015090842.1:10116882",13,29,16
"VPS9D1","s1664_F_PIT_01_ASEReadCounter.table","NW_015090842.1:10116885",12,29,17
"VPS9D1","s1664_F_PIT_01_ASEReadCounter.table","NW_015090842.1:10116933",16,33,17
"VPS9D1","s1664_F_PIT_01_ASEReadCounter.table","NW_015090842.1:10116942",15,33,18
"VPS9D1","s1664_F_PIT_01_ASEReadCounter.table","NW_015090842.1:10117152",18,32,14
"VPS9D1","s1664_F_PIT_01_ASEReadCounter.table","NW_015090842.1:10117396",31,31,0
"VPS9D1","s1664_F_PIT_01_ASEReadCounter.table","NW_015090842.1:10117405",21,21,0
"VPS9D1","s1664_F_PIT_01_ASEReadCounter.table","NW_015090842.1:10117480",13,21,8
"VPS9D1","s1664_F_PIT_01_ASEReadCounter.table","NW_015090842.1:10117497",12,19,7
"VPS9D1","s1664_F_PIT_01_ASEReadCounter.table","NW_015090842.1:10117499",12,19,7
"VPS9D1","s1664_F_PIT_01_ASEReadCounter.table","NW_015090842.1:10117516",15,25,10
"VPS9D1","s1664_F_PIT_01_ASEReadCounter.table","NW_015090842.1:10117525",15,26,11
"VPS9D1","s1664_F_PIT_01_ASEReadCounter.table","NW_015090842.1:10117579",16,37,21
"VPS9D1","s1664_F_PIT_01_ASEReadCounter.table","NW_015090842.1:10117627",14,37,23
"VPS9D1","s1664_F_PIT_01_ASEReadCounter.table","NW_015090842.1:10117678",10,30,20
"VPS9D1","s1664_F_PIT_01_ASEReadCounter.table","NW_015090842.1:10117773",13,45,32
"VPS9D1","s1664_F_PIT_01_ASEReadCounter.table","NW_015090842.1:10117937",24,57,33
"VPS9D1","s1664_F_PIT_01_ASEReadCounter.table","NW_015090842.1:10117961",20,49,29
"VPS9D1","s1664_F_PIT_01_ASEReadCounter.table","NW_015090842.1:10118236",19,50,31
"VPS9D1","s1664_F_PIT_01_ASEReadCounter.table","NW_015090842.1:10118414",25,44,19
"VPS9D1","s1664_F_PIT_01_ASEReadCounter.table","NW_015090842.1:10118973",28,53,25
"VPS9D1","s1664_F_PIT_01_ASEReadCounter.table","NW_015090842.1:10119500",16,32,16
"ZNF276","s1664_F_PIT_01_ASEReadCounter.table","NW_015090842.1:10121760",7,11,4
"ZNF276","s1664_F_PIT_01_ASEReadCounter.table","NW_015090842.1:10121769",7,12,5
"ZNF276","s1664_F_PIT_01_ASEReadCounter.table","NW_015090842.1:10121802",14,21,7
"ZNF276","s1664_F_PIT_01_ASEReadCounter.table","NW_015090842.1:10121971",25,39,14
"ZNF276","s1664_F_PIT_01_ASEReadCounter.table","NW_015090842.1:10122883",17,37,20
"ZNF276","s1664_F_PIT_01_ASEReadCounter.table","NW_015090842.1:10123069",26,40,14
"ZNF276","s1664_F_PIT_01_ASEReadCounter.table","NW_015090842.1:10123207",38,70,32
"ZNF276","s1664_F_PIT_01_ASEReadCounter.table","NW_015090842.1:10125787",40,75,35
"ZNF276","s1664_F_PIT_01_ASEReadCounter.table","NW_015090842.1:10126309",29,63,34
"ZNF276","s1664_F_PIT_01_ASEReadCounter.table","NW_015090842.1:10126348",29,66,37
"ZNF276","s1664_F_PIT_01_ASEReadCounter.table","NW_015090842.1:10126978",34,69,35
"ZNF276","s1664_F_PIT_01_ASEReadCounter.table","NW_015090842.1:10126991",36,70,34
"ZNF276","s1664_F_PIT_01_ASEReadCounter.table","NW_015090842.1:10127023",38,71,33
"ZNF276","s1664_F_PIT_01_ASEReadCounter.table","NW_015090842.1:10127063",36,64,28
"ZNF276","s1664_F_PIT_01_ASEReadCounter.table","NW_015090842.1:10127373",38,66,28
"ZNF276","s1664_F_PIT_01_ASEReadCounter.table","NW_015090842.1:10127931",34,65,31
"ZNF276","s1664_F_PIT_01_ASEReadCounter.table","NW_015090842.1:10128070",23,57,34
"ZNF276","s1664_F_PIT_01_ASEReadCounter.table","NW_015090842.1:10128102",26,56,30
"ZNF276","s1664_F_PIT_01_ASEReadCounter.table","NW_015090842.1:10128356",29,57,28
"ZNF276","s1664_F_PIT_01_ASEReadCounter.table","NW_015090842.1:10128497",20,34,14
"FANCA","s1664_F_PIT_01_ASEReadCounter.table","NW_015090842.1:10128743",3,5,2
"FANCA","s1664_F_PIT_01_ASEReadCounter.table","NW_015090842.1:10128822",2,4,2
"FANCA","s1664_F_PIT_01_ASEReadCounter.table","NW_015090842.1:10129383",4,6,2
"FANCA","s1664_F_PIT_01_ASEReadCounter.table","NW_015090842.1:10129390",4,5,1
"FANCA","s1664_F_PIT_01_ASEReadCounter.table","NW_015090842.1:10129422",2,3,1
"FANCA","s1664_F_PIT_01_ASEReadCounter.table","NW_015090842.1:10129969",5,8,3
"FANCA","s1664_F_PIT_01_ASEReadCounter.table","NW_015090842.1:10130399",2,4,2
"FANCA","s1664_F_PIT_01_ASEReadCounter.table","NW_015090842.1:10130857",2,3,1
"FANCA","s1664_F_PIT_01_ASEReadCounter.table","NW_015090842.1:10130878",2,3,1
"FANCA","s1664_F_PIT_01_ASEReadCounter.table","NW_015090842.1:10133530",3,4,1
"FANCA","s1664_F_PIT_01_ASEReadCounter.table","NW_015090842.1:10133533",3,4,1
"FANCA","s1664_F_PIT_01_ASEReadCounter.table","NW_015090842.1:10133536",2,3,1
"FANCA","s1664_F_PIT_01_ASEReadCounter.table","NW_015090842.1:10133601",3,4,1
"FANCA","s1664_F_PIT_01_ASEReadCounter.table","NW_015090842.1:10134492",4,5,1
"FANCA","s1664_F_PIT_01_ASEReadCounter.table","NW_015090842.1:10134531",4,4,0
"FANCA","s1664_F_PIT_01_ASEReadCounter.table","NW_015090842.1:10136957",2,5,3
"FANCA","s1664_F_PIT_01_ASEReadCounter.table","NW_015090842.1:10136982",1,3,2
"FANCA","s1664_F_PIT_01_ASEReadCounter.table","NW_015090842.1:10136999",0,2,2
"FANCA","s1664_F_PIT_01_ASEReadCounter.table","NW_015090842.1:10137019",4,6,2
"FANCA","s1664_F_PIT_01_ASEReadCounter.table","NW_015090842.1:10137673",4,5,1
"FANCA","s1664_F_PIT_01_ASEReadCounter.table","NW_015090842.1:10138618",1,3,2
"FANCA","s1664_F_PIT_01_ASEReadCounter.table","NW_015090842.1:10139140",4,5,1
"FANCA","s1664_F_PIT_01_ASEReadCounter.table","NW_015090842.1:10140699",2,4,2
"FANCA","s1664_F_PIT_01_ASEReadCounter.table","NW_015090842.1:10141234",1,2,1
"FANCA","s1664_F_PIT_01_ASEReadCounter.table","NW_015090842.1:10145030",2,3,1
"FANCA","s1664_F_PIT_01_ASEReadCounter.table","NW_015090842.1:10150518",3,4,1
"FANCA","s1664_F_PIT_01_ASEReadCounter.table","NW_015090842.1:10152863",2,4,2
"FANCA","s1664_F_PIT_01_ASEReadCounter.table","NW_015090842.1:10154490",4,6,2
"FANCA","s1664_F_PIT_01_ASEReadCounter.table","NW_015090842.1:10158162",1,2,1
"FANCA","s1664_F_PIT_01_ASEReadCounter.table","NW_015090842.1:10158957",4,4,0
"FANCA","s1664_F_PIT_01_ASEReadCounter.table","NW_015090842.1:10160177",0,3,3
"FANCA","s1664_F_PIT_01_ASEReadCounter.table","NW_015090842.1:10162980",0,3,3
"FANCA","s1664_F_PIT_01_ASEReadCounter.table","NW_015090842.1:10163667",0,1,1
"FANCA","s1664_F_PIT_01_ASEReadCounter.table","NW_015090842.1:10164257",0,3,3
"FANCA","s1664_F_PIT_01_ASEReadCounter.table","NW_015090842.1:10165331",0,1,1
"SPIRE2","s1664_F_PIT_01_ASEReadCounter.table","NW_015090842.1:10172284",14,17,3
"SPIRE2","s1664_F_PIT_01_ASEReadCounter.table","NW_015090842.1:10175262",13,24,11
"SPIRE2","s1664_F_PIT_01_ASEReadCounter.table","NW_015090842.1:10175352",13,17,4
"SPIRE2","s1664_F_PIT_01_ASEReadCounter.table","NW_015090842.1:10175400",34,66,32
"SPIRE2","s1664_F_PIT_01_ASEReadCounter.table","NW_015090842.1:10175418",42,75,33
"SPIRE2","s1664_F_PIT_01_ASEReadCounter.table","NW_015090842.1:10175704",47,82,35
"SPIRE2","s1664_F_PIT_01_ASEReadCounter.table","NW_015090842.1:10176115",58,91,33
"SPIRE2","s1664_F_PIT_01_ASEReadCounter.table","NW_015090842.1:10176561",54,99,45
"SPIRE2","s1664_F_PIT_01_ASEReadCounter.table","NW_015090842.1:10176817",47,93,46
"SPIRE2","s1664_F_PIT_01_ASEReadCounter.table","NW_015090842.1:10177084",33,59,26
"SPIRE2","s1664_F_PIT_01_ASEReadCounter.table","NW_015090842.1:10177110",29,50,21
"SPIRE2","s1664_F_PIT_01_ASEReadCounter.table","NW_015090842.1:10177838",29,59,30
"SPIRE2","s1664_F_PIT_01_ASEReadCounter.table","NW_015090842.1:10178000",36,64,28
"SPIRE2","s1664_F_PIT_01_ASEReadCounter.table","NW_015090842.1:10178164",44,74,30
"SPIRE2","s1664_F_PIT_01_ASEReadCounter.table","NW_015090842.1:10178216",47,82,35
"SPIRE2","s1664_F_PIT_01_ASEReadCounter.table","NW_015090842.1:10178403",33,58,25
"SPIRE2","s1664_F_PIT_01_ASEReadCounter.table","NW_015090842.1:10178409",34,61,27
"SPIRE2","s1664_F_PIT_01_ASEReadCounter.table","NW_015090842.1:10178524",32,50,18
"SPIRE2","s1664_F_PIT_01_ASEReadCounter.table","NW_015090842.1:10178526",31,50,19
"SPIRE2","s1664_F_PIT_01_ASEReadCounter.table","NW_015090842.1:10178531",35,55,20
"SPIRE2","s1664_F_PIT_01_ASEReadCounter.table","NW_015090842.1:10178565",29,48,19
"SPIRE2","s1664_F_PIT_01_ASEReadCounter.table","NW_015090842.1:10178587",25,44,19
"SPIRE2","s1664_F_PIT_01_ASEReadCounter.table","NW_015090842.1:10178640",14,27,13
"SPIRE2","s1664_F_PIT_01_ASEReadCounter.table","NW_015090842.1:10178651",13,28,15
"SPIRE2","s1664_F_PIT_01_ASEReadCounter.table","NW_015090842.1:10178682",14,23,9
"TCF25","s1664_F_PIT_01_ASEReadCounter.table","NW_015090842.1:10180912",40,81,41
"TCF25","s1664_F_PIT_01_ASEReadCounter.table","NW_015090842.1:10180924",47,87,40
"TCF25","s1664_F_PIT_01_ASEReadCounter.table","NW_015090842.1:10180931",47,89,42
"TCF25","s1664_F_PIT_01_ASEReadCounter.table","NW_015090842.1:10185332",121,209,88
"TCF25","s1664_F_PIT_01_ASEReadCounter.table","NW_015090842.1:10188816",86,170,84
"MC1R","s1664_F_PIT_01_ASEReadCounter.table","NW_015090842.1:10202460",0,1,1
"MC1R","s1664_F_PIT_01_ASEReadCounter.table","NW_015090842.1:10202465",0,1,1
"DBNDD1","s1664_F_PIT_01_ASEReadCounter.table","NW_015090842.1:10223105",25,54,29
"GAS8","s1664_F_PIT_01_ASEReadCounter.table","NW_015090842.1:10228982",37,83,46
"GAS8","s1664_F_PIT_01_ASEReadCounter.table","NW_015090842.1:10229832",40,88,48
"GAS8","s1664_F_PIT_01_ASEReadCounter.table","NW_015090842.1:10232375",31,62,31
"GAS8","s1664_F_PIT_01_ASEReadCounter.table","NW_015090842.1:10232901",26,52,26
"GAS8","s1664_F_PIT_01_ASEReadCounter.table","NW_015090842.1:10232928",28,50,22
"GAS8","s1664_F_PIT_01_ASEReadCounter.table","NW_015090842.1:10232967",28,58,30
"GAS8","s1664_F_PIT_01_ASEReadCounter.table","NW_015090842.1:10233032",29,62,33
"GAS8","s1664_F_PIT_01_ASEReadCounter.table","NW_015090842.1:10233057",28,51,23
"GAS8","s1664_F_PIT_01_ASEReadCounter.table","NW_015090842.1:10233058",28,51,23
"GAS8","s1664_F_PIT_01_ASEReadCounter.table","NW_015090842.1:10233176",12,30,18
"GAS8","s1664_F_PIT_01_ASEReadCounter.table","NW_015090842.1:10233196",17,32,15
"GAS8","s1664_F_PIT_01_ASEReadCounter.table","NW_015090842.1:10233252",17,30,13
"GAS8","s1664_F_PIT_01_ASEReadCounter.table","NW_015090842.1:10233303",6,11,5
"LOC106888094","s1664_F_PIT_01_ASEReadCounter.table","NW_015090842.1:10233334",3,10,7
"LOC106888094","s1664_F_PIT_01_ASEReadCounter.table","NW_015090842.1:10233362",4,14,10
"LOC106888094","s1664_F_PIT_01_ASEReadCounter.table","NW_015090842.1:10233373",4,14,10
"LOC106888094","s1664_F_PIT_01_ASEReadCounter.table","NW_015090842.1:10233388",5,15,10
"LOC106888094","s1664_F_PIT_01_ASEReadCounter.table","NW_015090842.1:10233402",5,16,11
"LOC106888094","s1664_F_PIT_01_ASEReadCounter.table","NW_015090842.1:10233465",4,19,15
"LOC106888094","s1664_F_PIT_01_ASEReadCounter.table","NW_015090842.1:10233803",7,28,21
"LOC106888094","s1664_F_PIT_01_ASEReadCounter.table","NW_015090842.1:10233815",6,23,17
"LOC106888094","s1664_F_PIT_01_ASEReadCounter.table","NW_015090842.1:10235484",0,2,2
"LOC106888094","s1664_F_PIT_01_ASEReadCounter.table","NW_015090842.1:10235611",2,6,4
"LOC106888094","s1664_F_PIT_01_ASEReadCounter.table","NW_015090842.1:10236098",4,10,6
"LOC106888094","s1664_F_PIT_01_ASEReadCounter.table","NW_015090842.1:10236161",2,7,5
"LOC106888094","s1664_F_PIT_01_ASEReadCounter.table","NW_015090842.1:10236380",1,3,2
"LOC106888094","s1664_F_PIT_01_ASEReadCounter.table","NW_015090842.1:10236388",1,3,2
"LOC106888094","s1664_F_PIT_01_ASEReadCounter.table","NW_015090842.1:10236425",1,4,3
"LOC106888094","s1664_F_PIT_01_ASEReadCounter.table","NW_015090842.1:10236426",1,3,2
"LOC106888094","s1664_F_PIT_01_ASEReadCounter.table","NW_015090842.1:10236603",0,1,1
"LOC106888173","s1664_F_PIT_01_ASEReadCounter.table","NW_015090842.1:10239596",11,33,22
"LOC106888173","s1664_F_PIT_01_ASEReadCounter.table","NW_015090842.1:10240036",39,81,42
"LOC106888173","s1664_F_PIT_01_ASEReadCounter.table","NW_015090842.1:10240095",52,106,54
"LOC106888173","s1664_F_PIT_01_ASEReadCounter.table","NW_015090842.1:10240280",58,120,62
"LOC106888173","s1664_F_PIT_01_ASEReadCounter.table","NW_015090842.1:10240557",74,139,65
"LOC106888173","s1664_F_PIT_01_ASEReadCounter.table","NW_015090842.1:10240603",79,146,67
"LOC106888173","s1664_F_PIT_01_ASEReadCounter.table","NW_015090842.1:10240609",78,146,68
"LOC106888173","s1664_F_PIT_01_ASEReadCounter.table","NW_015090842.1:10240690",74,144,70
"LOC106888173","s1664_F_PIT_01_ASEReadCounter.table","NW_015090842.1:10240924",46,112,66
"LOC106888173","s1664_F_PIT_01_ASEReadCounter.table","NW_015090842.1:10241037",33,101,68
"LOC106888173","s1664_F_PIT_01_ASEReadCounter.table","NW_015090842.1:10241046",39,102,63
"LOC106888173","s1664_F_PIT_01_ASEReadCounter.table","NW_015090842.1:10241058",52,118,66
"LOC106888173","s1664_F_PIT_01_ASEReadCounter.table","NW_015090842.1:10241064",57,120,63
"LOC106888173","s1664_F_PIT_01_ASEReadCounter.table","NW_015090842.1:10241103",154,154,0
"LOC106888173","s1664_F_PIT_01_ASEReadCounter.table","NW_015090842.1:10241163",73,140,67
"LOC106888173","s1664_F_PIT_01_ASEReadCounter.table","NW_015090842.1:10241803",74,151,77
"LOC106888173","s1664_F_PIT_01_ASEReadCounter.table","NW_015090842.1:10241827",66,144,78
"LOC106888173","s1664_F_PIT_01_ASEReadCounter.table","NW_015090842.1:10241869",66,132,66
"LOC106888173","s1664_F_PIT_01_ASEReadCounter.table","NW_015090842.1:10242079",67,127,60
"LOC106888173","s1664_F_PIT_01_ASEReadCounter.table","NW_015090842.1:10242103",70,128,58
"LOC106888173","s1664_F_PIT_01_ASEReadCounter.table","NW_015090842.1:10242157",83,155,72
"LOC106888173","s1664_F_PIT_01_ASEReadCounter.table","NW_015090842.1:10242455",77,129,52
"LOC106888173","s1664_F_PIT_01_ASEReadCounter.table","NW_015090842.1:10242481",76,126,50
"LOC106888173","s1664_F_PIT_01_ASEReadCounter.table","NW_015090842.1:10242590",69,128,59
"LOC106888173","s1664_F_PIT_01_ASEReadCounter.table","NW_015090842.1:10242794",66,124,58
"LOC106888173","s1664_F_PIT_01_ASEReadCounter.table","NW_015090842.1:10242909",52,93,41
"LOC106888173","s1664_F_PIT_01_ASEReadCounter.table","NW_015090842.1:10243094",73,110,37
"LOC106888173","s1664_F_PIT_01_ASEReadCounter.table","NW_015090842.1:10243133",59,109,50
"LOC106888173","s1664_F_PIT_01_ASEReadCounter.table","NW_015090842.1:10243273",62,133,71
"LOC106888173","s1664_F_PIT_01_ASEReadCounter.table","NW_015090842.1:10243278",67,140,73
"LOC106888173","s1664_F_PIT_01_ASEReadCounter.table","NW_015090842.1:10243281",68,141,73
"LOC106888173","s1664_F_PIT_01_ASEReadCounter.table","NW_015090842.1:10243347",78,78,0
"LOC106888173","s1664_F_PIT_01_ASEReadCounter.table","NW_015090842.1:10243353",46,70,24
"LOC106888173","s1664_F_PIT_01_ASEReadCounter.table","NW_015090842.1:10243363",42,58,16
"LOC106888173","s1664_F_PIT_01_ASEReadCounter.table","NW_015090842.1:10243365",41,58,17
"LOC106888173","s1664_F_PIT_01_ASEReadCounter.table","NW_015090842.1:10243566",73,128,55
"LOC106888173","s1664_F_PIT_01_ASEReadCounter.table","NW_015090842.1:10243605",78,135,57
"LOC106888173","s1664_F_PIT_01_ASEReadCounter.table","NW_015090842.1:10243614",73,129,56
"LOC106888173","s1664_F_PIT_01_ASEReadCounter.table","NW_015090842.1:10243615",72,125,53
"LOC106888173","s1664_F_PIT_01_ASEReadCounter.table","NW_015090842.1:10243640",57,106,49
"LOC106888173","s1664_F_PIT_01_ASEReadCounter.table","NW_015090842.1:10243680",40,84,44
"LOC106888173","s1664_F_PIT_01_ASEReadCounter.table","NW_015090842.1:10243742",61,101,40
"LOC106888173","s1664_F_PIT_01_ASEReadCounter.table","NW_015090842.1:10243804",48,74,26
"LOC106888173","s1664_F_PIT_01_ASEReadCounter.table","NW_015090842.1:10243913",20,34,14
"LOC106888173","s1664_F_PIT_01_ASEReadCounter.table","NW_015090842.1:10243921",16,29,13
"LOC106888384","s1664_F_PIT_01_ASEReadCounter.table","NW_015090842.1:10244714",2,6,4
"LOC106888384","s1664_F_PIT_01_ASEReadCounter.table","NW_015090842.1:10244942",5,17,12
"LOC106888384","s1664_F_PIT_01_ASEReadCounter.table","NW_015090842.1:10244998",7,16,9
"LOC106888384","s1664_F_PIT_01_ASEReadCounter.table","NW_015090842.1:10250743",5,17,12
"LOC106888384","s1664_F_PIT_01_ASEReadCounter.table","NW_015090842.1:10250771",4,16,12
"LOC106888384","s1664_F_PIT_01_ASEReadCounter.table","NW_015090842.1:10251339",9,9,0
"LOC106888384","s1664_F_PIT_01_ASEReadCounter.table","NW_015090842.1:10251343",9,9,0
"LOC106888384","s1664_F_PIT_01_ASEReadCounter.table","NW_015090842.1:10251344",10,10,0
"LOC106888384","s1664_F_PIT_01_ASEReadCounter.table","NW_015090842.1:10251349",9,9,0
"LOC106888384","s1664_F_PIT_01_ASEReadCounter.table","NW_015090842.1:10251354",7,23,16
"LOC106888384","s1664_F_PIT_01_ASEReadCounter.table","NW_015090842.1:10251358",5,21,16
"LOC106888384","s1664_F_PIT_01_ASEReadCounter.table","NW_015090842.1:10251369",1,17,16
"LOC106888384","s1664_F_PIT_01_ASEReadCounter.table","NW_015090842.1:10251370",5,18,13
"LOC106888384","s1664_F_PIT_01_ASEReadCounter.table","NW_015090842.1:10251375",3,16,13
"LOC106888384","s1664_F_PIT_01_ASEReadCounter.table","NW_015090842.1:10251388",0,12,12
"LOC106888384","s1664_F_PIT_01_ASEReadCounter.table","NW_015090842.1:10251390",0,12,12
"LOC106888384","s1664_F_PIT_01_ASEReadCounter.table","NW_015090842.1:10251393",0,11,11
"LOC106888384","s1664_F_PIT_01_ASEReadCounter.table","NW_015090842.1:10251399",0,10,10
"LOC106888384","s1664_F_PIT_01_ASEReadCounter.table","NW_015090842.1:10251492",1,1,0
"LOC106888384","s1664_F_PIT_01_ASEReadCounter.table","NW_015090842.1:10253165",10,31,21
"LOC106888384","s1664_F_PIT_01_ASEReadCounter.table","NW_015090842.1:10253284",10,28,18
"LOC106888384","s1664_F_PIT_01_ASEReadCounter.table","NW_015090842.1:10254028",11,35,24
"LOC106888384","s1664_F_PIT_01_ASEReadCounter.table","NW_015090842.1:10254227",10,31,21
"LOC106888384","s1664_F_PIT_01_ASEReadCounter.table","NW_015090842.1:10254233",10,32,22
"LOC106888384","s1664_F_PIT_01_ASEReadCounter.table","NW_015090842.1:10254263",11,32,21
"LOC106888384","s1664_F_PIT_01_ASEReadCounter.table","NW_015090842.1:10254293",14,33,19
"LOC106888384","s1664_F_PIT_01_ASEReadCounter.table","NW_015090842.1:10254570",10,31,21
"LOC106888384","s1664_F_PIT_01_ASEReadCounter.table","NW_015090842.1:10254605",26,26,0
"LOC106888384","s1664_F_PIT_01_ASEReadCounter.table","NW_015090842.1:10254608",28,28,0
"LOC106888384","s1664_F_PIT_01_ASEReadCounter.table","NW_015090842.1:10254618",20,21,1
"LOC106888384","s1664_F_PIT_01_ASEReadCounter.table","NW_015090842.1:10254620",19,21,2
"LOC106888384","s1664_F_PIT_01_ASEReadCounter.table","NW_015090842.1:10254623",17,18,1
"LOC106888384","s1664_F_PIT_01_ASEReadCounter.table","NW_015090842.1:10254624",16,17,1
"LOC106888384","s1664_F_PIT_01_ASEReadCounter.table","NW_015090842.1:10254627",22,23,1
"LOC106888384","s1664_F_PIT_01_ASEReadCounter.table","NW_015090842.1:10254629",21,21,0
"LOC106888384","s1664_F_PIT_01_ASEReadCounter.table","NW_015090842.1:10254647",5,17,12
"LOC106888384","s1664_F_PIT_01_ASEReadCounter.table","NW_015090842.1:10254663",2,11,9
"LOC106888384","s1664_F_PIT_01_ASEReadCounter.table","NW_015090842.1:10254840",2,8,6
"LOC106888384","s1664_F_PIT_01_ASEReadCounter.table","NW_015090842.1:10254891",13,14,1
"LOC106888384","s1664_F_PIT_01_ASEReadCounter.table","NW_015090842.1:10254900",5,15,10
"LOC106888384","s1664_F_PIT_01_ASEReadCounter.table","NW_015090842.1:10254915",4,14,10
"LOC106888384","s1664_F_PIT_01_ASEReadCounter.table","NW_015090842.1:10254965",7,7,0
"LOC106888384","s1664_F_PIT_01_ASEReadCounter.table","NW_015090842.1:10254975",3,9,6
"LOC106888384","s1664_F_PIT_01_ASEReadCounter.table","NW_015090842.1:10255077",7,21,14
"LOC106888384","s1664_F_PIT_01_ASEReadCounter.table","NW_015090842.1:10255117",10,23,13
"LOC106888384","s1664_F_PIT_01_ASEReadCounter.table","NW_015090842.1:10255138",10,18,8
"LOC106888384","s1664_F_PIT_01_ASEReadCounter.table","NW_015090842.1:10255139",10,18,8
"LOC106888384","s1664_F_PIT_01_ASEReadCounter.table","NW_015090842.1:10255209",12,19,7
"LOC106888384","s1664_F_PIT_01_ASEReadCounter.table","NW_015090842.1:10255211",12,19,7
"LOC106888384","s1664_F_PIT_01_ASEReadCounter.table","NW_015090842.1:10255236",9,17,8
"LOC106888384","s1664_F_PIT_01_ASEReadCounter.table","NW_015090842.1:10255262",12,23,11
"LOC106888384","s1664_F_PIT_01_ASEReadCounter.table","NW_015090842.1:10255264",12,23,11
"LOC106888384","s1664_F_PIT_01_ASEReadCounter.table","NW_015090842.1:10255306",13,32,19
"LOC106888384","s1664_F_PIT_01_ASEReadCounter.table","NW_015090842.1:10255340",10,31,21
"LOC106888384","s1664_F_PIT_01_ASEReadCounter.table","NW_015090842.1:10255410",8,28,20
"LOC106888384","s1664_F_PIT_01_ASEReadCounter.table","NW_015090842.1:10255449",7,21,14
"LOC106888384","s1664_F_PIT_01_ASEReadCounter.table","NW_015090842.1:10255496",4,17,13
"LOC106888384","s1664_F_PIT_01_ASEReadCounter.table","NW_015090842.1:10255505",3,16,13
"LOC106888384","s1664_F_PIT_01_ASEReadCounter.table","NW_015090842.1:10255531",6,19,13
"LOC106888384","s1664_F_PIT_01_ASEReadCounter.table","NW_015090842.1:10255608",8,22,14
"LOC106888384","s1664_F_PIT_01_ASEReadCounter.table","NW_015090842.1:10255704",8,20,12
"LOC106888384","s1664_F_PIT_01_ASEReadCounter.table","NW_015090842.1:10255731",8,18,10
"LOC106888384","s1664_F_PIT_01_ASEReadCounter.table","NW_015090842.1:10255771",5,14,9
"TANGO6","s1664_F_PIT_01_ASEReadCounter.table","NW_015090842.1:10257782",14,28,14
"TANGO6","s1664_F_PIT_01_ASEReadCounter.table","NW_015090842.1:10258162",9,18,9
"TANGO6","s1664_F_PIT_01_ASEReadCounter.table","NW_015090842.1:10258185",9,21,12
"TANGO6","s1664_F_PIT_01_ASEReadCounter.table","NW_015090842.1:10259267",18,32,14
"TANGO6","s1664_F_PIT_01_ASEReadCounter.table","NW_015090842.1:10260250",33,70,37
"TANGO6","s1664_F_PIT_01_ASEReadCounter.table","NW_015090842.1:10260289",30,66,36
"TANGO6","s1664_F_PIT_01_ASEReadCounter.table","NW_015090842.1:10260309",22,48,26
"TANGO6","s1664_F_PIT_01_ASEReadCounter.table","NW_015090842.1:10260979",18,38,20
"TANGO6","s1664_F_PIT_01_ASEReadCounter.table","NW_015090842.1:10261599",29,51,22
"TANGO6","s1664_F_PIT_01_ASEReadCounter.table","NW_015090842.1:10268425",42,82,40
"TANGO6","s1664_F_PIT_01_ASEReadCounter.table","NW_015090842.1:10269831",35,69,34
"TANGO6","s1664_F_PIT_01_ASEReadCounter.table","NW_015090842.1:10270813",28,65,37
"TANGO6","s1664_F_PIT_01_ASEReadCounter.table","NW_015090842.1:10274018",19,47,28
"TANGO6","s1664_F_PIT_01_ASEReadCounter.table","NW_015090842.1:10275974",19,38,19
"TANGO6","s1664_F_PIT_01_ASEReadCounter.table","NW_015090842.1:10275976",20,39,19
"TANGO6","s1664_F_PIT_01_ASEReadCounter.table","NW_015090842.1:10276123",21,37,16
"TANGO6","s1664_F_PIT_01_ASEReadCounter.table","NW_015090842.1:10276271",21,41,20
"TANGO6","s1664_F_PIT_01_ASEReadCounter.table","NW_015090842.1:10276272",19,39,20
"TANGO6","s1664_F_PIT_01_ASEReadCounter.table","NW_015090842.1:10276275",21,41,20
"TANGO6","s1664_F_PIT_01_ASEReadCounter.table","NW_015090842.1:10276278",21,41,20
"TANGO6","s1664_F_PIT_01_ASEReadCounter.table","NW_015090842.1:10276368",19,36,17
"TANGO6","s1664_F_PIT_01_ASEReadCounter.table","NW_015090842.1:10276373",17,30,13
"TANGO6","s1664_F_PIT_01_ASEReadCounter.table","NW_015090842.1:10276630",22,35,13
"TANGO6","s1664_F_PIT_01_ASEReadCounter.table","NW_015090842.1:10281498",23,42,19
"TANGO6","s1664_F_PIT_01_ASEReadCounter.table","NW_015090842.1:10281516",24,49,25
"TANGO6","s1664_F_PIT_01_ASEReadCounter.table","NW_015090842.1:10282842",20,47,27
"TANGO6","s1664_F_PIT_01_ASEReadCounter.table","NW_015090842.1:10282863",10,28,18
"TANGO6","s1664_F_PIT_01_ASEReadCounter.table","NW_015090842.1:10282869",9,28,19
"TANGO6","s1664_F_PIT_01_ASEReadCounter.table","NW_015090842.1:10282903",12,33,21
"TANGO6","s1664_F_PIT_01_ASEReadCounter.table","NW_015090842.1:10283757",19,32,13
"TANGO6","s1664_F_PIT_01_ASEReadCounter.table","NW_015090842.1:10283785",25,41,16
"HAS3","s1664_F_PIT_01_ASEReadCounter.table","NW_015090842.1:10288093",1,1,0
"HAS3","s1664_F_PIT_01_ASEReadCounter.table","NW_015090842.1:10289269",1,1,0
"HAS3","s1664_F_PIT_01_ASEReadCounter.table","NW_015090842.1:10289272",1,1,0
"HAS3","s1664_F_PIT_01_ASEReadCounter.table","NW_015090842.1:10291004",0,1,1
"CHTF8","s1664_F_PIT_01_ASEReadCounter.table","NW_015090842.1:10291319",4,7,3
"CHTF8","s1664_F_PIT_01_ASEReadCounter.table","NW_015090842.1:10291491",20,29,9
"CHTF8","s1664_F_PIT_01_ASEReadCounter.table","NW_015090842.1:10291520",22,38,16
"CHTF8","s1664_F_PIT_01_ASEReadCounter.table","NW_015090842.1:10291593",37,60,23
"CHTF8","s1664_F_PIT_01_ASEReadCounter.table","NW_015090842.1:10291600",34,54,20
"CHTF8","s1664_F_PIT_01_ASEReadCounter.table","NW_015090842.1:10291609",29,46,17
"CHTF8","s1664_F_PIT_01_ASEReadCounter.table","NW_015090842.1:10291639",33,51,18
"CHTF8","s1664_F_PIT_01_ASEReadCounter.table","NW_015090842.1:10291641",31,49,18
"CHTF8","s1664_F_PIT_01_ASEReadCounter.table","NW_015090842.1:10291648",38,56,18
"CHTF8","s1664_F_PIT_01_ASEReadCounter.table","NW_015090842.1:10291656",36,53,17
"CHTF8","s1664_F_PIT_01_ASEReadCounter.table","NW_015090842.1:10291675",32,48,16
"CHTF8","s1664_F_PIT_01_ASEReadCounter.table","NW_015090842.1:10291696",31,48,17
"CHTF8","s1664_F_PIT_01_ASEReadCounter.table","NW_015090842.1:10291714",28,44,16
"CHTF8","s1664_F_PIT_01_ASEReadCounter.table","NW_015090842.1:10291732",29,47,18
"CHTF8","s1664_F_PIT_01_ASEReadCounter.table","NW_015090842.1:10291755",28,44,16
"CHTF8","s1664_F_PIT_01_ASEReadCounter.table","NW_015090842.1:10291756",30,45,15
"CHTF8","s1664_F_PIT_01_ASEReadCounter.table","NW_015090842.1:10291758",30,45,15
"CHTF8","s1664_F_PIT_01_ASEReadCounter.table","NW_015090842.1:10291792",36,46,10
"CHTF8","s1664_F_PIT_01_ASEReadCounter.table","NW_015090842.1:10291895",32,49,17
"CHTF8","s1664_F_PIT_01_ASEReadCounter.table","NW_015090842.1:10292132",27,36,9
"CHTF8","s1664_F_PIT_01_ASEReadCounter.table","NW_015090842.1:10292314",33,48,15
"CHTF8","s1664_F_PIT_01_ASEReadCounter.table","NW_015090842.1:10292317",33,48,15
"CHTF8","s1664_F_PIT_01_ASEReadCounter.table","NW_015090842.1:10292928",7,8,1
"UTP4","s1664_F_PIT_01_ASEReadCounter.table","NW_015090842.1:10293146",34,69,35
"UTP4","s1664_F_PIT_01_ASEReadCounter.table","NW_015090842.1:10293151",35,69,34
"UTP4","s1664_F_PIT_01_ASEReadCounter.table","NW_015090842.1:10293191",13,36,23
"UTP4","s1664_F_PIT_01_ASEReadCounter.table","NW_015090842.1:10293362",32,53,21
"UTP4","s1664_F_PIT_01_ASEReadCounter.table","NW_015090842.1:10293430",31,60,29
"UTP4","s1664_F_PIT_01_ASEReadCounter.table","NW_015090842.1:10293625",29,59,30
"UTP4","s1664_F_PIT_01_ASEReadCounter.table","NW_015090842.1:10293684",26,59,33
"UTP4","s1664_F_PIT_01_ASEReadCounter.table","NW_015090842.1:10294093",34,55,21
"UTP4","s1664_F_PIT_01_ASEReadCounter.table","NW_015090842.1:10294622",25,50,25
"UTP4","s1664_F_PIT_01_ASEReadCounter.table","NW_015090842.1:10294632",23,47,24
"UTP4","s1664_F_PIT_01_ASEReadCounter.table","NW_015090842.1:10295238",31,63,32
"UTP4","s1664_F_PIT_01_ASEReadCounter.table","NW_015090842.1:10295880",29,57,28
"UTP4","s1664_F_PIT_01_ASEReadCounter.table","NW_015090842.1:10295884",28,54,26
"UTP4","s1664_F_PIT_01_ASEReadCounter.table","NW_015090842.1:10295903",30,56,26
"UTP4","s1664_F_PIT_01_ASEReadCounter.table","NW_015090842.1:10295906",28,57,29
"UTP4","s1664_F_PIT_01_ASEReadCounter.table","NW_015090842.1:10295915",33,64,31
"UTP4","s1664_F_PIT_01_ASEReadCounter.table","NW_015090842.1:10295938",31,69,38
"UTP4","s1664_F_PIT_01_ASEReadCounter.table","NW_015090842.1:10296175",19,47,28
"UTP4","s1664_F_PIT_01_ASEReadCounter.table","NW_015090842.1:10296660",22,48,26
"UTP4","s1664_F_PIT_01_ASEReadCounter.table","NW_015090842.1:10296679",16,50,34
"UTP4","s1664_F_PIT_01_ASEReadCounter.table","NW_015090842.1:10297193",35,70,35
"UTP4","s1664_F_PIT_01_ASEReadCounter.table","NW_015090842.1:10297220",49,83,34
"UTP4","s1664_F_PIT_01_ASEReadCounter.table","NW_015090842.1:10297307",40,81,41
"UTP4","s1664_F_PIT_01_ASEReadCounter.table","NW_015090842.1:10297558",42,78,36
"UTP4","s1664_F_PIT_01_ASEReadCounter.table","NW_015090842.1:10297943",33,61,28
"UTP4","s1664_F_PIT_01_ASEReadCounter.table","NW_015090842.1:10297979",24,52,28
"UTP4","s1664_F_PIT_01_ASEReadCounter.table","NW_015090842.1:10298022",13,27,14
"UTP4","s1664_F_PIT_01_ASEReadCounter.table","NW_015090842.1:10298079",2,7,5
"UTP4","s1664_F_PIT_01_ASEReadCounter.table","NW_015090842.1:10298081",2,7,5
"UTP4","s1664_F_PIT_01_ASEReadCounter.table","NW_015090842.1:10298082",1,6,5
"SNTB2","s1664_F_PIT_01_ASEReadCounter.table","NW_015090842.1:10298905",2,4,2
"SNTB2","s1664_F_PIT_01_ASEReadCounter.table","NW_015090842.1:10298928",2,4,2
"SNTB2","s1664_F_PIT_01_ASEReadCounter.table","NW_015090842.1:10303506",19,32,13
"SNTB2","s1664_F_PIT_01_ASEReadCounter.table","NW_015090842.1:10303524",16,26,10
"SNTB2","s1664_F_PIT_01_ASEReadCounter.table","NW_015090842.1:10304059",15,32,17
"SNTB2","s1664_F_PIT_01_ASEReadCounter.table","NW_015090842.1:10304089",13,27,14
"SNTB2","s1664_F_PIT_01_ASEReadCounter.table","NW_015090842.1:10304167",13,25,12
"SNTB2","s1664_F_PIT_01_ASEReadCounter.table","NW_015090842.1:10304176",14,30,16
"SNTB2","s1664_F_PIT_01_ASEReadCounter.table","NW_015090842.1:10305069",12,26,14
"SNTB2","s1664_F_PIT_01_ASEReadCounter.table","NW_015090842.1:10305099",12,25,13
"SNTB2","s1664_F_PIT_01_ASEReadCounter.table","NW_015090842.1:10305171",16,33,17
"SNTB2","s1664_F_PIT_01_ASEReadCounter.table","NW_015090842.1:10305177",15,28,13
"SNTB2","s1664_F_PIT_01_ASEReadCounter.table","NW_015090842.1:10305451",12,15,3
"SNTB2","s1664_F_PIT_01_ASEReadCounter.table","NW_015090842.1:10305547",16,31,15
"SNTB2","s1664_F_PIT_01_ASEReadCounter.table","NW_015090842.1:10305847",13,29,16
"SNTB2","s1664_F_PIT_01_ASEReadCounter.table","NW_015090842.1:10306173",17,28,11
"SNTB2","s1664_F_PIT_01_ASEReadCounter.table","NW_015090842.1:10306275",10,23,13
"SNTB2","s1664_F_PIT_01_ASEReadCounter.table","NW_015090842.1:10306457",11,21,10
"SNTB2","s1664_F_PIT_01_ASEReadCounter.table","NW_015090842.1:10306496",12,19,7
"SNTB2","s1664_F_PIT_01_ASEReadCounter.table","NW_015090842.1:10306499",11,18,7
"VPS4A","s1664_F_PIT_01_ASEReadCounter.table","NW_015090842.1:10308566",104,236,132
"VPS4A","s1664_F_PIT_01_ASEReadCounter.table","NW_015090842.1:10308573",108,245,137
"VPS4A","s1664_F_PIT_01_ASEReadCounter.table","NW_015090842.1:10308856",148,328,180
"VPS4A","s1664_F_PIT_01_ASEReadCounter.table","NW_015090842.1:10309056",162,365,203
"VPS4A","s1664_F_PIT_01_ASEReadCounter.table","NW_015090842.1:10309089",209,429,220
"VPS4A","s1664_F_PIT_01_ASEReadCounter.table","NW_015090842.1:10309392",191,369,178
"VPS4A","s1664_F_PIT_01_ASEReadCounter.table","NW_015090842.1:10309413",198,385,187
"VPS4A","s1664_F_PIT_01_ASEReadCounter.table","NW_015090842.1:10309467",201,432,231
"VPS4A","s1664_F_PIT_01_ASEReadCounter.table","NW_015090842.1:10310230",209,419,210
"VPS4A","s1664_F_PIT_01_ASEReadCounter.table","NW_015090842.1:10310425",175,356,181
"VPS4A","s1664_F_PIT_01_ASEReadCounter.table","NW_015090842.1:10310639",179,387,208
"VPS4A","s1664_F_PIT_01_ASEReadCounter.table","NW_015090842.1:10310734",154,312,158
"VPS4A","s1664_F_PIT_01_ASEReadCounter.table","NW_015090842.1:10310737",154,308,154
"VPS4A","s1664_F_PIT_01_ASEReadCounter.table","NW_015090842.1:10310746",155,305,150
"VPS4A","s1664_F_PIT_01_ASEReadCounter.table","NW_015090842.1:10310767",160,318,158
"VPS4A","s1664_F_PIT_01_ASEReadCounter.table","NW_015090842.1:10310995",152,316,164
"VPS4A","s1664_F_PIT_01_ASEReadCounter.table","NW_015090842.1:10311004",152,313,161
"VPS4A","s1664_F_PIT_01_ASEReadCounter.table","NW_015090842.1:10311007",154,319,165
"VPS4A","s1664_F_PIT_01_ASEReadCounter.table","NW_015090842.1:10311013",162,318,156
"VPS4A","s1664_F_PIT_01_ASEReadCounter.table","NW_015090842.1:10311022",155,310,155
"VPS4A","s1664_F_PIT_01_ASEReadCounter.table","NW_015090842.1:10311023",155,305,150
"VPS4A","s1664_F_PIT_01_ASEReadCounter.table","NW_015090842.1:10311426",150,326,176
"VPS4A","s1664_F_PIT_01_ASEReadCounter.table","NW_015090842.1:10311489",3,10,7
"VPS4A","s1664_F_PIT_01_ASEReadCounter.table","NW_015090842.1:10311490",4,7,3
"VPS4A","s1664_F_PIT_01_ASEReadCounter.table","NW_015090842.1:10311525",7,17,10
"VPS4A","s1664_F_PIT_01_ASEReadCounter.table","NW_015090842.1:10311529",8,22,14
"VPS4A","s1664_F_PIT_01_ASEReadCounter.table","NW_015090842.1:10311530",8,23,15
"VPS4A","s1664_F_PIT_01_ASEReadCounter.table","NW_015090842.1:10311552",24,45,21
"VPS4A","s1664_F_PIT_01_ASEReadCounter.table","NW_015090842.1:10311689",16,39,23
"VPS4A","s1664_F_PIT_01_ASEReadCounter.table","NW_015090842.1:10311700",18,39,21
"VPS4A","s1664_F_PIT_01_ASEReadCounter.table","NW_015090842.1:10311701",18,41,23
"VPS4A","s1664_F_PIT_01_ASEReadCounter.table","NW_015090842.1:10311703",18,41,23
"COG8","s1664_F_PIT_01_ASEReadCounter.table","NW_015090842.1:10313487",31,69,38
"COG8","s1664_F_PIT_01_ASEReadCounter.table","NW_015090842.1:10313559",48,90,42
"COG8","s1664_F_PIT_01_ASEReadCounter.table","NW_015090842.1:10313579",38,78,40
"COG8","s1664_F_PIT_01_ASEReadCounter.table","NW_015090842.1:10313665",32,64,32
"COG8","s1664_F_PIT_01_ASEReadCounter.table","NW_015090842.1:10313681",27,57,30
"COG8","s1664_F_PIT_01_ASEReadCounter.table","NW_015090842.1:10313768",48,93,45
"COG8","s1664_F_PIT_01_ASEReadCounter.table","NW_015090842.1:10313775",50,91,41
"COG8","s1664_F_PIT_01_ASEReadCounter.table","NW_015090842.1:10313811",39,78,39
"COG8","s1664_F_PIT_01_ASEReadCounter.table","NW_015090842.1:10313858",28,65,37
"COG8","s1664_F_PIT_01_ASEReadCounter.table","NW_015090842.1:10314100",45,79,34
"COG8","s1664_F_PIT_01_ASEReadCounter.table","NW_015090842.1:10314213",39,78,39
"COG8","s1664_F_PIT_01_ASEReadCounter.table","NW_015090842.1:10315093",33,70,37
"COG8","s1664_F_PIT_01_ASEReadCounter.table","NW_015090842.1:10315162",39,85,46
"COG8","s1664_F_PIT_01_ASEReadCounter.table","NW_015090842.1:10315285",44,80,36
"COG8","s1664_F_PIT_01_ASEReadCounter.table","NW_015090842.1:10315360",51,95,44
"COG8","s1664_F_PIT_01_ASEReadCounter.table","NW_015090842.1:10315369",50,94,44
"COG8","s1664_F_PIT_01_ASEReadCounter.table","NW_015090842.1:10315504",12,37,25
"COG8","s1664_F_PIT_01_ASEReadCounter.table","NW_015090842.1:10315508",15,39,24
"COG8","s1664_F_PIT_01_ASEReadCounter.table","NW_015090842.1:10315624",36,75,39
"COG8","s1664_F_PIT_01_ASEReadCounter.table","NW_015090842.1:10315693",36,76,40
"COG8","s1664_F_PIT_01_ASEReadCounter.table","NW_015090842.1:10315698",38,77,39
"COG8","s1664_F_PIT_01_ASEReadCounter.table","NW_015090842.1:10315768",30,62,32
"COG8","s1664_F_PIT_01_ASEReadCounter.table","NW_015090842.1:10315769",30,64,34
"COG8","s1664_F_PIT_01_ASEReadCounter.table","NW_015090842.1:10315784",34,65,31
"COG8","s1664_F_PIT_01_ASEReadCounter.table","NW_015090842.1:10316093",31,75,44
"COG8","s1664_F_PIT_01_ASEReadCounter.table","NW_015090842.1:10316133",28,72,44
"NIP7","s1664_F_PIT_01_ASEReadCounter.table","NW_015090842.1:10316759",22,36,14
"NIP7","s1664_F_PIT_01_ASEReadCounter.table","NW_015090842.1:10316967",89,160,71
"NIP7","s1664_F_PIT_01_ASEReadCounter.table","NW_015090842.1:10316995",103,192,89
"NIP7","s1664_F_PIT_01_ASEReadCounter.table","NW_015090842.1:10317240",124,230,106
"NIP7","s1664_F_PIT_01_ASEReadCounter.table","NW_015090842.1:10317247",126,230,104
"NIP7","s1664_F_PIT_01_ASEReadCounter.table","NW_015090842.1:10317264",130,228,98
"NIP7","s1664_F_PIT_01_ASEReadCounter.table","NW_015090842.1:10317433",136,261,125
"NIP7","s1664_F_PIT_01_ASEReadCounter.table","NW_015090842.1:10317738",90,181,91
"NIP7","s1664_F_PIT_01_ASEReadCounter.table","NW_015090842.1:10317769",91,173,82
"NIP7","s1664_F_PIT_01_ASEReadCounter.table","NW_015090842.1:10317808",50,103,53
"NIP7","s1664_F_PIT_01_ASEReadCounter.table","NW_015090842.1:10317870",35,77,42
"NIP7","s1664_F_PIT_01_ASEReadCounter.table","NW_015090842.1:10317871",36,79,43
"NIP7","s1664_F_PIT_01_ASEReadCounter.table","NW_015090842.1:10317898",23,50,27
"NIP7","s1664_F_PIT_01_ASEReadCounter.table","NW_015090842.1:10317911",22,47,25
"TMED6","s1664_F_PIT_01_ASEReadCounter.table","NW_015090842.1:10318731",4,4,0
"TERF2","s1664_F_PIT_01_ASEReadCounter.table","NW_015090842.1:10321665",14,14,0
"TERF2","s1664_F_PIT_01_ASEReadCounter.table","NW_015090842.1:10321768",27,57,30
"TERF2","s1664_F_PIT_01_ASEReadCounter.table","NW_015090842.1:10321777",24,55,31
"TERF2","s1664_F_PIT_01_ASEReadCounter.table","NW_015090842.1:10321805",28,60,32
"TERF2","s1664_F_PIT_01_ASEReadCounter.table","NW_015090842.1:10321878",43,82,39
"TERF2","s1664_F_PIT_01_ASEReadCounter.table","NW_015090842.1:10321893",41,82,41
"TERF2","s1664_F_PIT_01_ASEReadCounter.table","NW_015090842.1:10321897",36,74,38
"TERF2","s1664_F_PIT_01_ASEReadCounter.table","NW_015090842.1:10321908",33,72,39
"TERF2","s1664_F_PIT_01_ASEReadCounter.table","NW_015090842.1:10322001",51,127,76
"TERF2","s1664_F_PIT_01_ASEReadCounter.table","NW_015090842.1:10322035",40,108,68
"TERF2","s1664_F_PIT_01_ASEReadCounter.table","NW_015090842.1:10322051",38,108,70
"TERF2","s1664_F_PIT_01_ASEReadCounter.table","NW_015090842.1:10322137",38,92,54
"TERF2","s1664_F_PIT_01_ASEReadCounter.table","NW_015090842.1:10322144",39,90,51
"TERF2","s1664_F_PIT_01_ASEReadCounter.table","NW_015090842.1:10322388",37,90,53
"TERF2","s1664_F_PIT_01_ASEReadCounter.table","NW_015090842.1:10322396",38,92,54
"TERF2","s1664_F_PIT_01_ASEReadCounter.table","NW_015090842.1:10322502",58,117,59
"TERF2","s1664_F_PIT_01_ASEReadCounter.table","NW_015090842.1:10322504",60,119,59
"TERF2","s1664_F_PIT_01_ASEReadCounter.table","NW_015090842.1:10322510",55,109,54
"TERF2","s1664_F_PIT_01_ASEReadCounter.table","NW_015090842.1:10323580",67,147,80
"TERF2","s1664_F_PIT_01_ASEReadCounter.table","NW_015090842.1:10324314",54,125,71
"TERF2","s1664_F_PIT_01_ASEReadCounter.table","NW_015090842.1:10326832",49,99,50
"TERF2","s1664_F_PIT_01_ASEReadCounter.table","NW_015090842.1:10327787",36,79,43
"TERF2","s1664_F_PIT_01_ASEReadCounter.table","NW_015090842.1:10328588",56,107,51
"TERF2","s1664_F_PIT_01_ASEReadCounter.table","NW_015090842.1:10328644",46,87,41
"TERF2","s1664_F_PIT_01_ASEReadCounter.table","NW_015090842.1:10329813",50,90,40
"TERF2","s1664_F_PIT_01_ASEReadCounter.table","NW_015090842.1:10330749",36,79,43
"TERF2","s1664_F_PIT_01_ASEReadCounter.table","NW_015090842.1:10330789",38,76,38
"CYB5B","s1664_F_PIT_01_ASEReadCounter.table","NW_015090842.1:10336595",3,15,12
"CYB5B","s1664_F_PIT_01_ASEReadCounter.table","NW_015090842.1:10336667",64,179,115
"CYB5B","s1664_F_PIT_01_ASEReadCounter.table","NW_015090842.1:10336689",110,269,159
"CYB5B","s1664_F_PIT_01_ASEReadCounter.table","NW_015090842.1:10336728",180,393,213
"CYB5B","s1664_F_PIT_01_ASEReadCounter.table","NW_015090842.1:10345068",182,401,219
"CYB5B","s1664_F_PIT_01_ASEReadCounter.table","NW_015090842.1:10348800",190,472,282
"CYB5B","s1664_F_PIT_01_ASEReadCounter.table","NW_015090842.1:10348888",178,421,243
"CYB5B","s1664_F_PIT_01_ASEReadCounter.table","NW_015090842.1:10349046",167,349,182
"CYB5B","s1664_F_PIT_01_ASEReadCounter.table","NW_015090842.1:10349119",91,282,191
"CYB5B","s1664_F_PIT_01_ASEReadCounter.table","NW_015090842.1:10349146",53,244,191
"CYB5B","s1664_F_PIT_01_ASEReadCounter.table","NW_015090842.1:10349157",88,280,192
