"gene","id","snp","ref_count","total_count","alt_count"
"CENPN","s672_F_RAP_03_ASEReadCounter.table","NW_015090842.1:5801612",0,2,2
"CENPN","s672_F_RAP_03_ASEReadCounter.table","NW_015090842.1:5801618",0,2,2
"CENPN","s672_F_RAP_03_ASEReadCounter.table","NW_015090842.1:5801623",0,2,2
"CENPN","s672_F_RAP_03_ASEReadCounter.table","NW_015090842.1:5801631",0,2,2
"CENPN","s672_F_RAP_03_ASEReadCounter.table","NW_015090842.1:5801632",0,2,2
"CENPN","s672_F_RAP_03_ASEReadCounter.table","NW_015090842.1:5801670",0,1,1
"CENPN","s672_F_RAP_03_ASEReadCounter.table","NW_015090842.1:5801674",0,1,1
"CENPN","s672_F_RAP_03_ASEReadCounter.table","NW_015090842.1:5801692",0,3,3
"CENPN","s672_F_RAP_03_ASEReadCounter.table","NW_015090842.1:5801697",0,3,3
"CENPN","s672_F_RAP_03_ASEReadCounter.table","NW_015090842.1:5802008",3,6,3
"CENPN","s672_F_RAP_03_ASEReadCounter.table","NW_015090842.1:5802012",4,7,3
"CENPN","s672_F_RAP_03_ASEReadCounter.table","NW_015090842.1:5802087",5,12,7
"CENPN","s672_F_RAP_03_ASEReadCounter.table","NW_015090842.1:5810113",19,19,0
"CENPN","s672_F_RAP_03_ASEReadCounter.table","NW_015090842.1:5810147",23,23,0
"CENPN","s672_F_RAP_03_ASEReadCounter.table","NW_015090842.1:5810148",23,23,0
"ATMIN","s672_F_RAP_03_ASEReadCounter.table","NW_015090842.1:5818789",4,6,2
"ATMIN","s672_F_RAP_03_ASEReadCounter.table","NW_015090842.1:5819958",1,3,2
"ATMIN","s672_F_RAP_03_ASEReadCounter.table","NW_015090842.1:5820004",2,4,2
"ATMIN","s672_F_RAP_03_ASEReadCounter.table","NW_015090842.1:5820217",2,6,4
"ATMIN","s672_F_RAP_03_ASEReadCounter.table","NW_015090842.1:5820250",3,6,3
"ATMIN","s672_F_RAP_03_ASEReadCounter.table","NW_015090842.1:5820298",3,4,1
"ATMIN","s672_F_RAP_03_ASEReadCounter.table","NW_015090842.1:5820417",2,4,2
"ATMIN","s672_F_RAP_03_ASEReadCounter.table","NW_015090842.1:5820421",2,3,1
"ATMIN","s672_F_RAP_03_ASEReadCounter.table","NW_015090842.1:5820448",3,5,2
"ATMIN","s672_F_RAP_03_ASEReadCounter.table","NW_015090842.1:5820457",3,4,1
"ATMIN","s672_F_RAP_03_ASEReadCounter.table","NW_015090842.1:5820510",3,4,1
"ATMIN","s672_F_RAP_03_ASEReadCounter.table","NW_015090842.1:5820673",5,8,3
"ATMIN","s672_F_RAP_03_ASEReadCounter.table","NW_015090842.1:5820754",4,7,3
"ATMIN","s672_F_RAP_03_ASEReadCounter.table","NW_015090842.1:5820820",4,7,3
"ATMIN","s672_F_RAP_03_ASEReadCounter.table","NW_015090842.1:5820865",3,6,3
"ATMIN","s672_F_RAP_03_ASEReadCounter.table","NW_015090842.1:5820889",3,5,2
"ATMIN","s672_F_RAP_03_ASEReadCounter.table","NW_015090842.1:5820891",3,5,2
"ATMIN","s672_F_RAP_03_ASEReadCounter.table","NW_015090842.1:5820997",5,8,3
"ATMIN","s672_F_RAP_03_ASEReadCounter.table","NW_015090842.1:5821063",3,7,4
"ATMIN","s672_F_RAP_03_ASEReadCounter.table","NW_015090842.1:5821132",6,15,9
"ATMIN","s672_F_RAP_03_ASEReadCounter.table","NW_015090842.1:5821645",9,15,6
"ATMIN","s672_F_RAP_03_ASEReadCounter.table","NW_015090842.1:5825066",10,18,8
"ATMIN","s672_F_RAP_03_ASEReadCounter.table","NW_015090842.1:5825106",15,35,20
"ATMIN","s672_F_RAP_03_ASEReadCounter.table","NW_015090842.1:5825122",11,30,19
"ATMIN","s672_F_RAP_03_ASEReadCounter.table","NW_015090842.1:5825178",9,22,13
"ATMIN","s672_F_RAP_03_ASEReadCounter.table","NW_015090842.1:5825194",10,23,13
"ATMIN","s672_F_RAP_03_ASEReadCounter.table","NW_015090842.1:5825195",10,23,13
"ATMIN","s672_F_RAP_03_ASEReadCounter.table","NW_015090842.1:5825220",10,21,11
"ATMIN","s672_F_RAP_03_ASEReadCounter.table","NW_015090842.1:5825240",15,26,11
"ATMIN","s672_F_RAP_03_ASEReadCounter.table","NW_015090842.1:5825303",20,41,21
"ATMIN","s672_F_RAP_03_ASEReadCounter.table","NW_015090842.1:5825304",20,39,19
"ATMIN","s672_F_RAP_03_ASEReadCounter.table","NW_015090842.1:5825310",21,39,18
"ATMIN","s672_F_RAP_03_ASEReadCounter.table","NW_015090842.1:5825406",17,31,14
"ATMIN","s672_F_RAP_03_ASEReadCounter.table","NW_015090842.1:5825415",21,33,12
"ATMIN","s672_F_RAP_03_ASEReadCounter.table","NW_015090842.1:5825438",23,39,16
"ATMIN","s672_F_RAP_03_ASEReadCounter.table","NW_015090842.1:5825485",17,28,11
"ATMIN","s672_F_RAP_03_ASEReadCounter.table","NW_015090842.1:5825524",14,29,15
"ATMIN","s672_F_RAP_03_ASEReadCounter.table","NW_015090842.1:5825557",14,31,17
"ATMIN","s672_F_RAP_03_ASEReadCounter.table","NW_015090842.1:5825571",15,31,16
"ATMIN","s672_F_RAP_03_ASEReadCounter.table","NW_015090842.1:5825579",15,34,19
"ATMIN","s672_F_RAP_03_ASEReadCounter.table","NW_015090842.1:5825590",14,28,14
"ATMIN","s672_F_RAP_03_ASEReadCounter.table","NW_015090842.1:5825689",16,34,18
"ATMIN","s672_F_RAP_03_ASEReadCounter.table","NW_015090842.1:5825703",19,40,21
"ATMIN","s672_F_RAP_03_ASEReadCounter.table","NW_015090842.1:5825787",12,31,19
"ATMIN","s672_F_RAP_03_ASEReadCounter.table","NW_015090842.1:5825833",11,29,18
"ATMIN","s672_F_RAP_03_ASEReadCounter.table","NW_015090842.1:5825841",10,28,18
"ATMIN","s672_F_RAP_03_ASEReadCounter.table","NW_015090842.1:5825895",17,43,26
"ATMIN","s672_F_RAP_03_ASEReadCounter.table","NW_015090842.1:5825984",12,35,23
"ATMIN","s672_F_RAP_03_ASEReadCounter.table","NW_015090842.1:5826162",22,56,34
"ATMIN","s672_F_RAP_03_ASEReadCounter.table","NW_015090842.1:5826194",22,59,37
"ATMIN","s672_F_RAP_03_ASEReadCounter.table","NW_015090842.1:5826235",23,57,34
"ATMIN","s672_F_RAP_03_ASEReadCounter.table","NW_015090842.1:5826245",22,53,31
"ATMIN","s672_F_RAP_03_ASEReadCounter.table","NW_015090842.1:5826335",16,36,20
"ATMIN","s672_F_RAP_03_ASEReadCounter.table","NW_015090842.1:5826417",17,32,15
"ATMIN","s672_F_RAP_03_ASEReadCounter.table","NW_015090842.1:5826431",15,45,30
"ATMIN","s672_F_RAP_03_ASEReadCounter.table","NW_015090842.1:5826438",16,38,22
"ATMIN","s672_F_RAP_03_ASEReadCounter.table","NW_015090842.1:5826463",19,58,39
"ATMIN","s672_F_RAP_03_ASEReadCounter.table","NW_015090842.1:5826502",14,61,47
"ATMIN","s672_F_RAP_03_ASEReadCounter.table","NW_015090842.1:5826511",15,65,50
"ATMIN","s672_F_RAP_03_ASEReadCounter.table","NW_015090842.1:5826659",20,50,30
"ATMIN","s672_F_RAP_03_ASEReadCounter.table","NW_015090842.1:5826701",26,68,42
"ATMIN","s672_F_RAP_03_ASEReadCounter.table","NW_015090842.1:5826702",26,69,43
"ATMIN","s672_F_RAP_03_ASEReadCounter.table","NW_015090842.1:5826732",29,69,40
"ATMIN","s672_F_RAP_03_ASEReadCounter.table","NW_015090842.1:5826745",29,70,41
"ATMIN","s672_F_RAP_03_ASEReadCounter.table","NW_015090842.1:5826835",34,79,45
"ATMIN","s672_F_RAP_03_ASEReadCounter.table","NW_015090842.1:5826942",24,81,57
"ATMIN","s672_F_RAP_03_ASEReadCounter.table","NW_015090842.1:5827193",63,118,55
"ATMIN","s672_F_RAP_03_ASEReadCounter.table","NW_015090842.1:5827196",64,120,56
"ATMIN","s672_F_RAP_03_ASEReadCounter.table","NW_015090842.1:5827269",40,94,54
"ATMIN","s672_F_RAP_03_ASEReadCounter.table","NW_015090842.1:5827315",38,92,54
"ATMIN","s672_F_RAP_03_ASEReadCounter.table","NW_015090842.1:5827316",38,95,57
"ATMIN","s672_F_RAP_03_ASEReadCounter.table","NW_015090842.1:5827333",44,102,58
"PPP1R3E","s672_F_RAP_03_ASEReadCounter.table","NW_015090842.1:5837733",2,4,2
"PPP1R3E","s672_F_RAP_03_ASEReadCounter.table","NW_015090842.1:5837947",3,4,1
"PKD1L2","s672_F_RAP_03_ASEReadCounter.table","NW_015090842.1:5867509",0,1,1
"PKD1L2","s672_F_RAP_03_ASEReadCounter.table","NW_015090842.1:5867597",1,2,1
"PKD1L2","s672_F_RAP_03_ASEReadCounter.table","NW_015090842.1:5867600",2,3,1
"PKD1L2","s672_F_RAP_03_ASEReadCounter.table","NW_015090842.1:5867660",2,2,0
"PKD1L2","s672_F_RAP_03_ASEReadCounter.table","NW_015090842.1:5867675",2,2,0
"PKD1L2","s672_F_RAP_03_ASEReadCounter.table","NW_015090842.1:5867843",2,2,0
"BCO1","s672_F_RAP_03_ASEReadCounter.table","NW_015090842.1:5915610",2,2,0
"BCO1","s672_F_RAP_03_ASEReadCounter.table","NW_015090842.1:5915646",1,1,0
"BCO1","s672_F_RAP_03_ASEReadCounter.table","NW_015090842.1:5917836",1,1,0
"BCO1","s672_F_RAP_03_ASEReadCounter.table","NW_015090842.1:5917912",4,5,1
"BCO1","s672_F_RAP_03_ASEReadCounter.table","NW_015090842.1:5917941",7,10,3
"BCO1","s672_F_RAP_03_ASEReadCounter.table","NW_015090842.1:5917971",7,10,3
"BCO1","s672_F_RAP_03_ASEReadCounter.table","NW_015090842.1:5921679",2,3,1
"BCO1","s672_F_RAP_03_ASEReadCounter.table","NW_015090842.1:5921726",7,8,1
"BCO1","s672_F_RAP_03_ASEReadCounter.table","NW_015090842.1:5925669",4,6,2
"BCO1","s672_F_RAP_03_ASEReadCounter.table","NW_015090842.1:5926937",7,10,3
"BCO1","s672_F_RAP_03_ASEReadCounter.table","NW_015090842.1:5927921",6,10,4
"BCO1","s672_F_RAP_03_ASEReadCounter.table","NW_015090842.1:5927948",6,10,4
"BCO1","s672_F_RAP_03_ASEReadCounter.table","NW_015090842.1:5927968",6,9,3
"BCO1","s672_F_RAP_03_ASEReadCounter.table","NW_015090842.1:5928052",7,9,2
"BCO1","s672_F_RAP_03_ASEReadCounter.table","NW_015090842.1:5932726",13,20,7
"BCO1","s672_F_RAP_03_ASEReadCounter.table","NW_015090842.1:5932801",10,19,9
"BCO1","s672_F_RAP_03_ASEReadCounter.table","NW_015090842.1:5934558",18,22,4
"BCO1","s672_F_RAP_03_ASEReadCounter.table","NW_015090842.1:5934575",20,24,4
"BCO1","s672_F_RAP_03_ASEReadCounter.table","NW_015090842.1:5934608",22,27,5
"BCO1","s672_F_RAP_03_ASEReadCounter.table","NW_015090842.1:5934647",17,19,2
"BCO1","s672_F_RAP_03_ASEReadCounter.table","NW_015090842.1:5934725",17,18,1
"BCO1","s672_F_RAP_03_ASEReadCounter.table","NW_015090842.1:5934726",17,18,1
"BCO1","s672_F_RAP_03_ASEReadCounter.table","NW_015090842.1:5934733",14,15,1
"BCO1","s672_F_RAP_03_ASEReadCounter.table","NW_015090842.1:5934821",14,18,4
"BCO1","s672_F_RAP_03_ASEReadCounter.table","NW_015090842.1:5934826",14,18,4
"BCO1","s672_F_RAP_03_ASEReadCounter.table","NW_015090842.1:5934844",8,12,4
"BCO1","s672_F_RAP_03_ASEReadCounter.table","NW_015090842.1:5934958",19,23,4
"BCO1","s672_F_RAP_03_ASEReadCounter.table","NW_015090842.1:5934976",19,23,4
"GAN","s672_F_RAP_03_ASEReadCounter.table","NW_015090842.1:5953759",5,20,15
"GAN","s672_F_RAP_03_ASEReadCounter.table","NW_015090842.1:5957502",9,26,17
"GAN","s672_F_RAP_03_ASEReadCounter.table","NW_015090842.1:5957578",13,34,21
"GAN","s672_F_RAP_03_ASEReadCounter.table","NW_015090842.1:5966047",11,32,21
"GAN","s672_F_RAP_03_ASEReadCounter.table","NW_015090842.1:5966126",5,27,22
"GAN","s672_F_RAP_03_ASEReadCounter.table","NW_015090842.1:5966127",5,27,22
"GAN","s672_F_RAP_03_ASEReadCounter.table","NW_015090842.1:5966162",19,46,27
"GAN","s672_F_RAP_03_ASEReadCounter.table","NW_015090842.1:5966483",28,59,31
"CMIP","s672_F_RAP_03_ASEReadCounter.table","NW_015090842.1:6109159",20,41,21
"CMIP","s672_F_RAP_03_ASEReadCounter.table","NW_015090842.1:6109166",18,38,20
"CMIP","s672_F_RAP_03_ASEReadCounter.table","NW_015090842.1:6114641",18,40,22
"CMIP","s672_F_RAP_03_ASEReadCounter.table","NW_015090842.1:6114751",19,40,21
"CMIP","s672_F_RAP_03_ASEReadCounter.table","NW_015090842.1:6114824",25,52,27
"CMIP","s672_F_RAP_03_ASEReadCounter.table","NW_015090842.1:6126295",64,65,1
"CMIP","s672_F_RAP_03_ASEReadCounter.table","NW_015090842.1:6128998",39,68,29
"CMIP","s672_F_RAP_03_ASEReadCounter.table","NW_015090842.1:6130562",63,150,87
"CMIP","s672_F_RAP_03_ASEReadCounter.table","NW_015090842.1:6132522",52,125,73
"CMIP","s672_F_RAP_03_ASEReadCounter.table","NW_015090842.1:6138265",80,225,145
"CMIP","s672_F_RAP_03_ASEReadCounter.table","NW_015090842.1:6138300",104,252,148
"CMIP","s672_F_RAP_03_ASEReadCounter.table","NW_015090842.1:6138342",105,229,124
"CMIP","s672_F_RAP_03_ASEReadCounter.table","NW_015090842.1:6138343",106,227,121
"CMIP","s672_F_RAP_03_ASEReadCounter.table","NW_015090842.1:6138345",104,230,126
"CMIP","s672_F_RAP_03_ASEReadCounter.table","NW_015090842.1:6138647",75,175,100
"CMIP","s672_F_RAP_03_ASEReadCounter.table","NW_015090842.1:6138745",101,203,102
"CMIP","s672_F_RAP_03_ASEReadCounter.table","NW_015090842.1:6138832",17,75,58
"CMIP","s672_F_RAP_03_ASEReadCounter.table","NW_015090842.1:6138967",84,175,91
"CMIP","s672_F_RAP_03_ASEReadCounter.table","NW_015090842.1:6139131",48,110,62
"CMIP","s672_F_RAP_03_ASEReadCounter.table","NW_015090842.1:6139163",9,65,56
"CMIP","s672_F_RAP_03_ASEReadCounter.table","NW_015090842.1:6139212",142,152,10
"CMIP","s672_F_RAP_03_ASEReadCounter.table","NW_015090842.1:6139360",44,76,32
"CMIP","s672_F_RAP_03_ASEReadCounter.table","NW_015090842.1:6139572",20,44,24
"PLCG2","s672_F_RAP_03_ASEReadCounter.table","NW_015090842.1:6179658",6,6,0
"PLCG2","s672_F_RAP_03_ASEReadCounter.table","NW_015090842.1:6217547",3,7,4
"PLCG2","s672_F_RAP_03_ASEReadCounter.table","NW_015090842.1:6218641",1,2,1
"PLCG2","s672_F_RAP_03_ASEReadCounter.table","NW_015090842.1:6220552",1,2,1
"PLCG2","s672_F_RAP_03_ASEReadCounter.table","NW_015090842.1:6221969",1,3,2
"PLCG2","s672_F_RAP_03_ASEReadCounter.table","NW_015090842.1:6228672",2,4,2
"PLCG2","s672_F_RAP_03_ASEReadCounter.table","NW_015090842.1:6228694",4,4,0
"PLCG2","s672_F_RAP_03_ASEReadCounter.table","NW_015090842.1:6228722",4,4,0
"PLCG2","s672_F_RAP_03_ASEReadCounter.table","NW_015090842.1:6228747",3,3,0
"PLCG2","s672_F_RAP_03_ASEReadCounter.table","NW_015090842.1:6228835",4,7,3
"PLCG2","s672_F_RAP_03_ASEReadCounter.table","NW_015090842.1:6228841",4,7,3
"PLCG2","s672_F_RAP_03_ASEReadCounter.table","NW_015090842.1:6228865",4,7,3
"PLCG2","s672_F_RAP_03_ASEReadCounter.table","NW_015090842.1:6228917",1,2,1
"PLCG2","s672_F_RAP_03_ASEReadCounter.table","NW_015090842.1:6228926",1,2,1
"PLCG2","s672_F_RAP_03_ASEReadCounter.table","NW_015090842.1:6228954",1,1,0
"PLCG2","s672_F_RAP_03_ASEReadCounter.table","NW_015090842.1:6229002",0,3,3
"PLCG2","s672_F_RAP_03_ASEReadCounter.table","NW_015090842.1:6229006",0,3,3
"PLCG2","s672_F_RAP_03_ASEReadCounter.table","NW_015090842.1:6229081",0,4,4
"PLCG2","s672_F_RAP_03_ASEReadCounter.table","NW_015090842.1:6229097",0,3,3
"PLCG2","s672_F_RAP_03_ASEReadCounter.table","NW_015090842.1:6229160",0,1,1
"PLCG2","s672_F_RAP_03_ASEReadCounter.table","NW_015090842.1:6229213",0,1,1
"PLCG2","s672_F_RAP_03_ASEReadCounter.table","NW_015090842.1:6229231",2,4,2
"PLCG2","s672_F_RAP_03_ASEReadCounter.table","NW_015090842.1:6229663",3,4,1
"PLCG2","s672_F_RAP_03_ASEReadCounter.table","NW_015090842.1:6229748",2,2,0
"PLCG2","s672_F_RAP_03_ASEReadCounter.table","NW_015090842.1:6229892",3,4,1
"PLCG2","s672_F_RAP_03_ASEReadCounter.table","NW_015090842.1:6230248",6,6,0
"PLCG2","s672_F_RAP_03_ASEReadCounter.table","NW_015090842.1:6230255",6,6,0
"PLCG2","s672_F_RAP_03_ASEReadCounter.table","NW_015090842.1:6230276",4,4,0
"PLCG2","s672_F_RAP_03_ASEReadCounter.table","NW_015090842.1:6230296",4,4,0
"PLCG2","s672_F_RAP_03_ASEReadCounter.table","NW_015090842.1:6230349",7,7,0
"PLCG2","s672_F_RAP_03_ASEReadCounter.table","NW_015090842.1:6230408",8,8,0
"PLCG2","s672_F_RAP_03_ASEReadCounter.table","NW_015090842.1:6230439",3,3,0
"PLCG2","s672_F_RAP_03_ASEReadCounter.table","NW_015090842.1:6230757",4,4,0
"PLCG2","s672_F_RAP_03_ASEReadCounter.table","NW_015090842.1:6230758",4,4,0
"PLCG2","s672_F_RAP_03_ASEReadCounter.table","NW_015090842.1:6230898",9,9,0
"PLCG2","s672_F_RAP_03_ASEReadCounter.table","NW_015090842.1:6230976",6,6,0
"PLCG2","s672_F_RAP_03_ASEReadCounter.table","NW_015090842.1:6231078",6,6,0
"PLCG2","s672_F_RAP_03_ASEReadCounter.table","NW_015090842.1:6231138",4,4,0
"PLCG2","s672_F_RAP_03_ASEReadCounter.table","NW_015090842.1:6231177",2,2,0
"PLCG2","s672_F_RAP_03_ASEReadCounter.table","NW_015090842.1:6231263",7,7,0
"SDR42E1","s672_F_RAP_03_ASEReadCounter.table","NW_015090842.1:6235292",0,1,1
"SDR42E1","s672_F_RAP_03_ASEReadCounter.table","NW_015090842.1:6235315",0,6,6
"SDR42E1","s672_F_RAP_03_ASEReadCounter.table","NW_015090842.1:6235348",1,10,9
"SDR42E1","s672_F_RAP_03_ASEReadCounter.table","NW_015090842.1:6235355",1,9,8
"SDR42E1","s672_F_RAP_03_ASEReadCounter.table","NW_015090842.1:6235417",1,10,9
"SDR42E1","s672_F_RAP_03_ASEReadCounter.table","NW_015090842.1:6235558",3,7,4
"SDR42E1","s672_F_RAP_03_ASEReadCounter.table","NW_015090842.1:6235741",4,12,8
"SDR42E1","s672_F_RAP_03_ASEReadCounter.table","NW_015090842.1:6235777",2,13,11
"SDR42E1","s672_F_RAP_03_ASEReadCounter.table","NW_015090842.1:6235806",4,15,11
"SDR42E1","s672_F_RAP_03_ASEReadCounter.table","NW_015090842.1:6235809",4,15,11
"SDR42E1","s672_F_RAP_03_ASEReadCounter.table","NW_015090842.1:6235816",4,16,12
"SDR42E1","s672_F_RAP_03_ASEReadCounter.table","NW_015090842.1:6235914",2,14,12
"SDR42E1","s672_F_RAP_03_ASEReadCounter.table","NW_015090842.1:6235935",2,13,11
"SDR42E1","s672_F_RAP_03_ASEReadCounter.table","NW_015090842.1:6235957",2,14,12
"SDR42E1","s672_F_RAP_03_ASEReadCounter.table","NW_015090842.1:6236040",3,10,7
"SDR42E1","s672_F_RAP_03_ASEReadCounter.table","NW_015090842.1:6236260",3,3,0
"SDR42E1","s672_F_RAP_03_ASEReadCounter.table","NW_015090842.1:6236281",2,4,2
"SDR42E1","s672_F_RAP_03_ASEReadCounter.table","NW_015090842.1:6236305",2,7,5
"SDR42E1","s672_F_RAP_03_ASEReadCounter.table","NW_015090842.1:6236458",2,10,8
"SDR42E1","s672_F_RAP_03_ASEReadCounter.table","NW_015090842.1:6236476",3,10,7
"SDR42E1","s672_F_RAP_03_ASEReadCounter.table","NW_015090842.1:6236608",5,13,8
"SDR42E1","s672_F_RAP_03_ASEReadCounter.table","NW_015090842.1:6238244",2,5,3
"SDR42E1","s672_F_RAP_03_ASEReadCounter.table","NW_015090842.1:6238829",2,4,2
"HSD17B2","s672_F_RAP_03_ASEReadCounter.table","NW_015090842.1:6257711",0,1,1
"HSD17B2","s672_F_RAP_03_ASEReadCounter.table","NW_015090842.1:6257712",0,1,1
"HSD17B2","s672_F_RAP_03_ASEReadCounter.table","NW_015090842.1:6257737",0,1,1
"HSD17B2","s672_F_RAP_03_ASEReadCounter.table","NW_015090842.1:6257829",0,1,1
"HSD17B2","s672_F_RAP_03_ASEReadCounter.table","NW_015090842.1:6257851",0,1,1
"HSD17B2","s672_F_RAP_03_ASEReadCounter.table","NW_015090842.1:6257889",0,1,1
"HSD17B2","s672_F_RAP_03_ASEReadCounter.table","NW_015090842.1:6266944",0,1,1
"HSD17B2","s672_F_RAP_03_ASEReadCounter.table","NW_015090842.1:6267196",0,1,1
"HSD17B2","s672_F_RAP_03_ASEReadCounter.table","NW_015090842.1:6267273",0,1,1
"HSD17B2","s672_F_RAP_03_ASEReadCounter.table","NW_015090842.1:6267913",0,3,3
"HSD17B2","s672_F_RAP_03_ASEReadCounter.table","NW_015090842.1:6268203",0,1,1
"ARY2","s672_F_RAP_03_ASEReadCounter.table","NW_015090842.1:6303922",10,21,11
"ARY2","s672_F_RAP_03_ASEReadCounter.table","NW_015090842.1:6303954",11,22,11
"ARY2","s672_F_RAP_03_ASEReadCounter.table","NW_015090842.1:6303979",11,22,11
"ARY2","s672_F_RAP_03_ASEReadCounter.table","NW_015090842.1:6305848",13,21,8
"ARY2","s672_F_RAP_03_ASEReadCounter.table","NW_015090842.1:6305856",12,20,8
"ARY2","s672_F_RAP_03_ASEReadCounter.table","NW_015090842.1:6305857",12,21,9
"ARY2","s672_F_RAP_03_ASEReadCounter.table","NW_015090842.1:6306017",17,26,9
"ARY2","s672_F_RAP_03_ASEReadCounter.table","NW_015090842.1:6306052",16,26,10
"ARY2","s672_F_RAP_03_ASEReadCounter.table","NW_015090842.1:6306094",25,32,7
"ARY2","s672_F_RAP_03_ASEReadCounter.table","NW_015090842.1:6306100",27,34,7
"ARY2","s672_F_RAP_03_ASEReadCounter.table","NW_015090842.1:6306146",19,25,6
"ARY2","s672_F_RAP_03_ASEReadCounter.table","NW_015090842.1:6306147",19,25,6
"ARY2","s672_F_RAP_03_ASEReadCounter.table","NW_015090842.1:6306390",20,31,11
"ARY2","s672_F_RAP_03_ASEReadCounter.table","NW_015090842.1:6306567",19,26,7
"ARY2","s672_F_RAP_03_ASEReadCounter.table","NW_015090842.1:6306705",16,23,7
"ARY2","s672_F_RAP_03_ASEReadCounter.table","NW_015090842.1:6306773",23,29,6
"ARY2","s672_F_RAP_03_ASEReadCounter.table","NW_015090842.1:6307039",24,29,5
"ARY2","s672_F_RAP_03_ASEReadCounter.table","NW_015090842.1:6307043",22,29,7
"ARY2","s672_F_RAP_03_ASEReadCounter.table","NW_015090842.1:6307093",18,25,7
"ARY2","s672_F_RAP_03_ASEReadCounter.table","NW_015090842.1:6307138",13,21,8
"ARY2","s672_F_RAP_03_ASEReadCounter.table","NW_015090842.1:6307157",18,25,7
"ARY2","s672_F_RAP_03_ASEReadCounter.table","NW_015090842.1:6307187",24,31,7
"ARY2","s672_F_RAP_03_ASEReadCounter.table","NW_015090842.1:6307204",26,31,5
"ARY2","s672_F_RAP_03_ASEReadCounter.table","NW_015090842.1:6307278",12,17,5
"ARY2","s672_F_RAP_03_ASEReadCounter.table","NW_015090842.1:6307305",8,13,5
"ARY2","s672_F_RAP_03_ASEReadCounter.table","NW_015090842.1:6307318",9,15,6
"ARY2","s672_F_RAP_03_ASEReadCounter.table","NW_015090842.1:6307429",22,33,11
"ARY2","s672_F_RAP_03_ASEReadCounter.table","NW_015090842.1:6307487",16,28,12
"ARY2","s672_F_RAP_03_ASEReadCounter.table","NW_015090842.1:6307670",16,19,3
"ARYL","s672_F_RAP_03_ASEReadCounter.table","NW_015090842.1:6313360",2,8,6
"ARYL","s672_F_RAP_03_ASEReadCounter.table","NW_015090842.1:6313377",3,8,5
"ARYL","s672_F_RAP_03_ASEReadCounter.table","NW_015090842.1:6313767",3,6,3
"ARY1","s672_F_RAP_03_ASEReadCounter.table","NW_015090842.1:6314296",8,16,8
"ARY1","s672_F_RAP_03_ASEReadCounter.table","NW_015090842.1:6314541",11,16,5
"ARY1","s672_F_RAP_03_ASEReadCounter.table","NW_015090842.1:6314597",12,16,4
"ARY1","s672_F_RAP_03_ASEReadCounter.table","NW_015090842.1:6314750",9,16,7
"ARY1","s672_F_RAP_03_ASEReadCounter.table","NW_015090842.1:6314794",7,13,6
"ARY1","s672_F_RAP_03_ASEReadCounter.table","NW_015090842.1:6314827",4,9,5
"ARY1","s672_F_RAP_03_ASEReadCounter.table","NW_015090842.1:6314859",8,13,5
"ARY1","s672_F_RAP_03_ASEReadCounter.table","NW_015090842.1:6314886",7,14,7
"ARY1","s672_F_RAP_03_ASEReadCounter.table","NW_015090842.1:6315022",8,16,8
"ARY1","s672_F_RAP_03_ASEReadCounter.table","NW_015090842.1:6315026",9,17,8
"ARY1","s672_F_RAP_03_ASEReadCounter.table","NW_015090842.1:6315043",7,14,7
"ARY1","s672_F_RAP_03_ASEReadCounter.table","NW_015090842.1:6315065",8,16,8
"ARY1","s672_F_RAP_03_ASEReadCounter.table","NW_015090842.1:6315409",16,21,5
"ARY1","s672_F_RAP_03_ASEReadCounter.table","NW_015090842.1:6315479",14,21,7
"ARY1","s672_F_RAP_03_ASEReadCounter.table","NW_015090842.1:6318342",21,27,6
"ARY1","s672_F_RAP_03_ASEReadCounter.table","NW_015090842.1:6318427",12,19,7
"ARY1","s672_F_RAP_03_ASEReadCounter.table","NW_015090842.1:6318603",18,23,5
"ARY1","s672_F_RAP_03_ASEReadCounter.table","NW_015090842.1:6318708",23,33,10
"ARY1","s672_F_RAP_03_ASEReadCounter.table","NW_015090842.1:6318858",15,26,11
"ARY1","s672_F_RAP_03_ASEReadCounter.table","NW_015090842.1:6318952",26,39,13
"MPHOSPH6","s672_F_RAP_03_ASEReadCounter.table","NW_015090842.1:6324063",56,108,52
"MPHOSPH6","s672_F_RAP_03_ASEReadCounter.table","NW_015090842.1:6324174",85,198,113
"MPHOSPH6","s672_F_RAP_03_ASEReadCounter.table","NW_015090842.1:6324270",91,203,112
"MPHOSPH6","s672_F_RAP_03_ASEReadCounter.table","NW_015090842.1:6324762",69,163,94
"MPHOSPH6","s672_F_RAP_03_ASEReadCounter.table","NW_015090842.1:6324780",65,157,92
"MPHOSPH6","s672_F_RAP_03_ASEReadCounter.table","NW_015090842.1:6324902",77,188,111
"MPHOSPH6","s672_F_RAP_03_ASEReadCounter.table","NW_015090842.1:6325066",74,175,101
"MPHOSPH6","s672_F_RAP_03_ASEReadCounter.table","NW_015090842.1:6325089",85,213,128
"MPHOSPH6","s672_F_RAP_03_ASEReadCounter.table","NW_015090842.1:6325877",85,196,111
"MPHOSPH6","s672_F_RAP_03_ASEReadCounter.table","NW_015090842.1:6326976",60,141,81
"CDH13","s672_F_RAP_03_ASEReadCounter.table","NW_015090842.1:6662283",5,8,3
"CDH13","s672_F_RAP_03_ASEReadCounter.table","NW_015090842.1:6693665",8,15,7
"CDH13","s672_F_RAP_03_ASEReadCounter.table","NW_015090842.1:6693697",6,13,7
"CDH13","s672_F_RAP_03_ASEReadCounter.table","NW_015090842.1:6693712",6,14,8
"CDH13","s672_F_RAP_03_ASEReadCounter.table","NW_015090842.1:6693723",6,13,7
"CDH13","s672_F_RAP_03_ASEReadCounter.table","NW_015090842.1:6693738",7,10,3
"CDH13","s672_F_RAP_03_ASEReadCounter.table","NW_015090842.1:6823730",13,23,10
"CDH13","s672_F_RAP_03_ASEReadCounter.table","NW_015090842.1:6889713",10,18,8
"CDH13","s672_F_RAP_03_ASEReadCounter.table","NW_015090842.1:6955167",25,39,14
"MLYCD","s672_F_RAP_03_ASEReadCounter.table","NW_015090842.1:7150054",48,107,59
"MLYCD","s672_F_RAP_03_ASEReadCounter.table","NW_015090842.1:7150131",85,169,84
"MLYCD","s672_F_RAP_03_ASEReadCounter.table","NW_015090842.1:7150585",63,133,70
"MLYCD","s672_F_RAP_03_ASEReadCounter.table","NW_015090842.1:7150686",52,107,55
"MLYCD","s672_F_RAP_03_ASEReadCounter.table","NW_015090842.1:7150696",60,117,57
"MLYCD","s672_F_RAP_03_ASEReadCounter.table","NW_015090842.1:7150869",57,112,55
"MLYCD","s672_F_RAP_03_ASEReadCounter.table","NW_015090842.1:7151100",57,111,54
"MLYCD","s672_F_RAP_03_ASEReadCounter.table","NW_015090842.1:7151127",62,121,59
"MLYCD","s672_F_RAP_03_ASEReadCounter.table","NW_015090842.1:7157538",38,66,28
"MLYCD","s672_F_RAP_03_ASEReadCounter.table","NW_015090842.1:7167662",18,40,22
"MLYCD","s672_F_RAP_03_ASEReadCounter.table","NW_015090842.1:7167675",21,39,18
"MLYCD","s672_F_RAP_03_ASEReadCounter.table","NW_015090842.1:7167710",18,39,21
"MLYCD","s672_F_RAP_03_ASEReadCounter.table","NW_015090842.1:7167781",9,23,14
"MLYCD","s672_F_RAP_03_ASEReadCounter.table","NW_015090842.1:7167803",10,17,7
"MLYCD","s672_F_RAP_03_ASEReadCounter.table","NW_015090842.1:7167812",10,20,10
"MLYCD","s672_F_RAP_03_ASEReadCounter.table","NW_015090842.1:7167845",9,22,13
"MLYCD","s672_F_RAP_03_ASEReadCounter.table","NW_015090842.1:7167862",8,21,13
"MLYCD","s672_F_RAP_03_ASEReadCounter.table","NW_015090842.1:7167929",9,20,11
"MLYCD","s672_F_RAP_03_ASEReadCounter.table","NW_015090842.1:7167995",8,17,9
"MLYCD","s672_F_RAP_03_ASEReadCounter.table","NW_015090842.1:7168005",8,15,7
"MLYCD","s672_F_RAP_03_ASEReadCounter.table","NW_015090842.1:7168037",7,17,10
"HSBP1","s672_F_RAP_03_ASEReadCounter.table","NW_015090842.1:7245192",335,570,235
"HSBP1","s672_F_RAP_03_ASEReadCounter.table","NW_015090842.1:7245226",368,657,289
"HSBP1","s672_F_RAP_03_ASEReadCounter.table","NW_015090842.1:7245257",298,561,263
"HSBP1","s672_F_RAP_03_ASEReadCounter.table","NW_015090842.1:7245296",262,530,268
"HSBP1","s672_F_RAP_03_ASEReadCounter.table","NW_015090842.1:7245389",428,763,335
"HSBP1","s672_F_RAP_03_ASEReadCounter.table","NW_015090842.1:7245400",425,726,301
"HSBP1","s672_F_RAP_03_ASEReadCounter.table","NW_015090842.1:7245445",416,716,300
"HSBP1","s672_F_RAP_03_ASEReadCounter.table","NW_015090842.1:7245495",388,682,294
"HSBP1","s672_F_RAP_03_ASEReadCounter.table","NW_015090842.1:7245733",269,481,212
"HSBP1","s672_F_RAP_03_ASEReadCounter.table","NW_015090842.1:7245771",287,463,176
"HSBP1","s672_F_RAP_03_ASEReadCounter.table","NW_015090842.1:7245813",274,464,190
"HSBP1","s672_F_RAP_03_ASEReadCounter.table","NW_015090842.1:7245926",318,536,218
"HSBP1","s672_F_RAP_03_ASEReadCounter.table","NW_015090842.1:7245927",320,535,215
"HSBP1","s672_F_RAP_03_ASEReadCounter.table","NW_015090842.1:7245933",315,516,201
"HSBP1","s672_F_RAP_03_ASEReadCounter.table","NW_015090842.1:7246002",207,413,206
"HSBP1","s672_F_RAP_03_ASEReadCounter.table","NW_015090842.1:7246094",278,454,176
"HSBP1","s672_F_RAP_03_ASEReadCounter.table","NW_015090842.1:7246167",275,487,212
"HSBP1","s672_F_RAP_03_ASEReadCounter.table","NW_015090842.1:7246183",253,465,212
"HSBP1","s672_F_RAP_03_ASEReadCounter.table","NW_015090842.1:7247285",26,31,5
"HSBP1","s672_F_RAP_03_ASEReadCounter.table","NW_015090842.1:7247651",377,728,351
"HSBP1","s672_F_RAP_03_ASEReadCounter.table","NW_015090842.1:7247657",370,734,364
"HSBP1","s672_F_RAP_03_ASEReadCounter.table","NW_015090842.1:7248520",272,497,225
"HSBP1","s672_F_RAP_03_ASEReadCounter.table","NW_015090842.1:7248535",231,418,187
"KCNG4","s672_F_RAP_03_ASEReadCounter.table","NW_015090842.1:7282481",6,12,6
"KCNG4","s672_F_RAP_03_ASEReadCounter.table","NW_015090842.1:7282500",7,12,5
"KCNG4","s672_F_RAP_03_ASEReadCounter.table","NW_015090842.1:7282542",7,11,4
"KCNG4","s672_F_RAP_03_ASEReadCounter.table","NW_015090842.1:7282579",6,12,6
"KCNG4","s672_F_RAP_03_ASEReadCounter.table","NW_015090842.1:7282630",4,7,3
"KCNG4","s672_F_RAP_03_ASEReadCounter.table","NW_015090842.1:7283056",4,10,6
"KCNG4","s672_F_RAP_03_ASEReadCounter.table","NW_015090842.1:7283245",3,12,9
"KCNG4","s672_F_RAP_03_ASEReadCounter.table","NW_015090842.1:7301195",2,2,0
"KCNG4","s672_F_RAP_03_ASEReadCounter.table","NW_015090842.1:7301227",2,2,0
"KCNG4","s672_F_RAP_03_ASEReadCounter.table","NW_015090842.1:7301240",2,3,1
"KCNG4","s672_F_RAP_03_ASEReadCounter.table","NW_015090842.1:7301413",1,2,1
"WFDC1","s672_F_RAP_03_ASEReadCounter.table","NW_015090842.1:7366517",0,3,3
"WFDC1","s672_F_RAP_03_ASEReadCounter.table","NW_015090842.1:7373367",0,2,2
"WFDC1","s672_F_RAP_03_ASEReadCounter.table","NW_015090842.1:7375828",1,2,1
"WFDC1","s672_F_RAP_03_ASEReadCounter.table","NW_015090842.1:7378036",0,3,3
"WFDC1","s672_F_RAP_03_ASEReadCounter.table","NW_015090842.1:7379125",1,7,6
"WFDC1","s672_F_RAP_03_ASEReadCounter.table","NW_015090842.1:7379451",0,5,5
"WFDC1","s672_F_RAP_03_ASEReadCounter.table","NW_015090842.1:7379471",1,7,6
"WFDC1","s672_F_RAP_03_ASEReadCounter.table","NW_015090842.1:7379576",0,2,2
"WFDC1","s672_F_RAP_03_ASEReadCounter.table","NW_015090842.1:7379596",1,3,2
"WFDC1","s672_F_RAP_03_ASEReadCounter.table","NW_015090842.1:7379605",1,3,2
"WFDC1","s672_F_RAP_03_ASEReadCounter.table","NW_015090842.1:7379626",1,3,2
"WFDC1","s672_F_RAP_03_ASEReadCounter.table","NW_015090842.1:7379631",1,3,2
"WFDC1","s672_F_RAP_03_ASEReadCounter.table","NW_015090842.1:7379632",1,3,2
"WFDC1","s672_F_RAP_03_ASEReadCounter.table","NW_015090842.1:7379652",2,5,3
"WFDC1","s672_F_RAP_03_ASEReadCounter.table","NW_015090842.1:7379669",2,4,2
"WFDC1","s672_F_RAP_03_ASEReadCounter.table","NW_015090842.1:7379674",2,4,2
"WFDC1","s672_F_RAP_03_ASEReadCounter.table","NW_015090842.1:7379719",1,3,2
"WFDC1","s672_F_RAP_03_ASEReadCounter.table","NW_015090842.1:7379735",0,2,2
"WFDC1","s672_F_RAP_03_ASEReadCounter.table","NW_015090842.1:7379739",0,2,2
"WFDC1","s672_F_RAP_03_ASEReadCounter.table","NW_015090842.1:7379821",1,5,4
"WFDC1","s672_F_RAP_03_ASEReadCounter.table","NW_015090842.1:7379840",1,5,4
"WFDC1","s672_F_RAP_03_ASEReadCounter.table","NW_015090842.1:7379933",0,3,3
"WFDC1","s672_F_RAP_03_ASEReadCounter.table","NW_015090842.1:7379935",0,5,5
"WFDC1","s672_F_RAP_03_ASEReadCounter.table","NW_015090842.1:7379983",0,7,7
"WFDC1","s672_F_RAP_03_ASEReadCounter.table","NW_015090842.1:7380060",0,4,4
"WFDC1","s672_F_RAP_03_ASEReadCounter.table","NW_015090842.1:7380136",0,6,6
"WFDC1","s672_F_RAP_03_ASEReadCounter.table","NW_015090842.1:7380150",0,4,4
"WFDC1","s672_F_RAP_03_ASEReadCounter.table","NW_015090842.1:7380164",1,5,4
"WFDC1","s672_F_RAP_03_ASEReadCounter.table","NW_015090842.1:7380237",1,4,3
"WFDC1","s672_F_RAP_03_ASEReadCounter.table","NW_015090842.1:7380261",3,7,4
"WFDC1","s672_F_RAP_03_ASEReadCounter.table","NW_015090842.1:7380322",2,5,3
"WFDC1","s672_F_RAP_03_ASEReadCounter.table","NW_015090842.1:7380491",2,5,3
"WFDC1","s672_F_RAP_03_ASEReadCounter.table","NW_015090842.1:7380567",1,8,7
"WFDC1","s672_F_RAP_03_ASEReadCounter.table","NW_015090842.1:7380672",1,6,5
"WFDC1","s672_F_RAP_03_ASEReadCounter.table","NW_015090842.1:7380721",0,8,8
"WFDC1","s672_F_RAP_03_ASEReadCounter.table","NW_015090842.1:7380743",0,6,6
"WFDC1","s672_F_RAP_03_ASEReadCounter.table","NW_015090842.1:7380852",0,10,10
"WFDC1","s672_F_RAP_03_ASEReadCounter.table","NW_015090842.1:7380878",0,5,5
"WFDC1","s672_F_RAP_03_ASEReadCounter.table","NW_015090842.1:7381081",3,9,6
"WFDC1","s672_F_RAP_03_ASEReadCounter.table","NW_015090842.1:7381127",2,8,6
"WFDC1","s672_F_RAP_03_ASEReadCounter.table","NW_015090842.1:7381195",1,4,3
"WFDC1","s672_F_RAP_03_ASEReadCounter.table","NW_015090842.1:7381253",2,3,1
"WFDC1","s672_F_RAP_03_ASEReadCounter.table","NW_015090842.1:7381378",2,6,4
"WFDC1","s672_F_RAP_03_ASEReadCounter.table","NW_015090842.1:7381433",5,9,4
"WFDC1","s672_F_RAP_03_ASEReadCounter.table","NW_015090842.1:7381434",5,10,5
"WFDC1","s672_F_RAP_03_ASEReadCounter.table","NW_015090842.1:7381442",5,12,7
"WFDC1","s672_F_RAP_03_ASEReadCounter.table","NW_015090842.1:7381517",2,12,10
"WFDC1","s672_F_RAP_03_ASEReadCounter.table","NW_015090842.1:7381520",2,13,11
"WFDC1","s672_F_RAP_03_ASEReadCounter.table","NW_015090842.1:7381677",3,9,6
"WFDC1","s672_F_RAP_03_ASEReadCounter.table","NW_015090842.1:7381709",1,4,3
"ATP2C2","s672_F_RAP_03_ASEReadCounter.table","NW_015090842.1:7386804",1,1,0
"ATP2C2","s672_F_RAP_03_ASEReadCounter.table","NW_015090842.1:7386836",1,1,0
"ATP2C2","s672_F_RAP_03_ASEReadCounter.table","NW_015090842.1:7392613",0,3,3
"ATP2C2","s672_F_RAP_03_ASEReadCounter.table","NW_015090842.1:7395230",0,1,1
"ATP2C2","s672_F_RAP_03_ASEReadCounter.table","NW_015090842.1:7396756",0,1,1
"ATP2C2","s672_F_RAP_03_ASEReadCounter.table","NW_015090842.1:7398395",0,1,1
"ATP2C2","s672_F_RAP_03_ASEReadCounter.table","NW_015090842.1:7405621",0,2,2
"ATP2C2","s672_F_RAP_03_ASEReadCounter.table","NW_015090842.1:7413855",21,33,12
"ATP2C2","s672_F_RAP_03_ASEReadCounter.table","NW_015090842.1:7413869",6,18,12
"ATP2C2","s672_F_RAP_03_ASEReadCounter.table","NW_015090842.1:7413875",7,20,13
"TLDC1","s672_F_RAP_03_ASEReadCounter.table","NW_015090842.1:7421137",53,99,46
"TLDC1","s672_F_RAP_03_ASEReadCounter.table","NW_015090842.1:7421155",44,87,43
"TLDC1","s672_F_RAP_03_ASEReadCounter.table","NW_015090842.1:7421218",57,95,38
"TLDC1","s672_F_RAP_03_ASEReadCounter.table","NW_015090842.1:7421399",47,80,33
"TLDC1","s672_F_RAP_03_ASEReadCounter.table","NW_015090842.1:7421402",50,83,33
"TLDC1","s672_F_RAP_03_ASEReadCounter.table","NW_015090842.1:7421528",40,74,34
"TLDC1","s672_F_RAP_03_ASEReadCounter.table","NW_015090842.1:7421532",42,76,34
"TLDC1","s672_F_RAP_03_ASEReadCounter.table","NW_015090842.1:7421621",41,87,46
"TLDC1","s672_F_RAP_03_ASEReadCounter.table","NW_015090842.1:7421647",40,79,39
"TLDC1","s672_F_RAP_03_ASEReadCounter.table","NW_015090842.1:7421657",30,62,32
"TLDC1","s672_F_RAP_03_ASEReadCounter.table","NW_015090842.1:7421693",30,65,35
"TLDC1","s672_F_RAP_03_ASEReadCounter.table","NW_015090842.1:7421796",33,67,34
"TLDC1","s672_F_RAP_03_ASEReadCounter.table","NW_015090842.1:7421810",45,75,30
"TLDC1","s672_F_RAP_03_ASEReadCounter.table","NW_015090842.1:7421833",45,75,30
"TLDC1","s672_F_RAP_03_ASEReadCounter.table","NW_015090842.1:7421879",47,76,29
"TLDC1","s672_F_RAP_03_ASEReadCounter.table","NW_015090842.1:7421914",37,69,32
"TLDC1","s672_F_RAP_03_ASEReadCounter.table","NW_015090842.1:7421969",24,54,30
"TLDC1","s672_F_RAP_03_ASEReadCounter.table","NW_015090842.1:7422015",22,47,25
"TLDC1","s672_F_RAP_03_ASEReadCounter.table","NW_015090842.1:7422042",41,70,29
"TLDC1","s672_F_RAP_03_ASEReadCounter.table","NW_015090842.1:7422230",42,78,36
"TLDC1","s672_F_RAP_03_ASEReadCounter.table","NW_015090842.1:7423349",47,74,27
"TLDC1","s672_F_RAP_03_ASEReadCounter.table","NW_015090842.1:7423362",40,65,25
"TLDC1","s672_F_RAP_03_ASEReadCounter.table","NW_015090842.1:7426091",24,40,16
"TLDC1","s672_F_RAP_03_ASEReadCounter.table","NW_015090842.1:7426485",21,36,15
"TLDC1","s672_F_RAP_03_ASEReadCounter.table","NW_015090842.1:7427211",52,69,17
"TLDC1","s672_F_RAP_03_ASEReadCounter.table","NW_015090842.1:7428179",29,52,23
"COTL1","s672_F_RAP_03_ASEReadCounter.table","NW_015090842.1:7490744",570,1297,727
"COTL1","s672_F_RAP_03_ASEReadCounter.table","NW_015090842.1:7491051",468,1019,551
"COTL1","s672_F_RAP_03_ASEReadCounter.table","NW_015090842.1:7491124",424,917,493
"COTL1","s672_F_RAP_03_ASEReadCounter.table","NW_015090842.1:7491418",268,577,309
"COTL1","s672_F_RAP_03_ASEReadCounter.table","NW_015090842.1:7491539",238,484,246
"COTL1","s672_F_RAP_03_ASEReadCounter.table","NW_015090842.1:7491585",352,706,354
"COTL1","s672_F_RAP_03_ASEReadCounter.table","NW_015090842.1:7491586",347,727,380
"COTL1","s672_F_RAP_03_ASEReadCounter.table","NW_015090842.1:7491646",441,940,499
"COTL1","s672_F_RAP_03_ASEReadCounter.table","NW_015090842.1:7491747",345,720,375
"COTL1","s672_F_RAP_03_ASEReadCounter.table","NW_015090842.1:7491803",340,704,364
"COTL1","s672_F_RAP_03_ASEReadCounter.table","NW_015090842.1:7506078",1,1,0
"KLHL36","s672_F_RAP_03_ASEReadCounter.table","NW_015090842.1:7514700",31,45,14
"KLHL36","s672_F_RAP_03_ASEReadCounter.table","NW_015090842.1:7519691",2,5,3
"KLHL36","s672_F_RAP_03_ASEReadCounter.table","NW_015090842.1:7519696",2,5,3
"KLHL36","s672_F_RAP_03_ASEReadCounter.table","NW_015090842.1:7526160",21,41,20
"KLHL36","s672_F_RAP_03_ASEReadCounter.table","NW_015090842.1:7526469",15,29,14
"KLHL36","s672_F_RAP_03_ASEReadCounter.table","NW_015090842.1:7526587",19,35,16
"KLHL36","s672_F_RAP_03_ASEReadCounter.table","NW_015090842.1:7526997",24,40,16
"KLHL36","s672_F_RAP_03_ASEReadCounter.table","NW_015090842.1:7527142",22,30,8
"KLHL36","s672_F_RAP_03_ASEReadCounter.table","NW_015090842.1:7535174",37,73,36
"KLHL36","s672_F_RAP_03_ASEReadCounter.table","NW_015090842.1:7535384",14,39,25
"KLHL36","s672_F_RAP_03_ASEReadCounter.table","NW_015090842.1:7535420",18,49,31
"KLHL36","s672_F_RAP_03_ASEReadCounter.table","NW_015090842.1:7535545",18,37,19
"KLHL36","s672_F_RAP_03_ASEReadCounter.table","NW_015090842.1:7535829",38,71,33
"KLHL36","s672_F_RAP_03_ASEReadCounter.table","NW_015090842.1:7535977",28,53,25
"KLHL36","s672_F_RAP_03_ASEReadCounter.table","NW_015090842.1:7536010",32,60,28
"KLHL36","s672_F_RAP_03_ASEReadCounter.table","NW_015090842.1:7536051",31,62,31
"KLHL36","s672_F_RAP_03_ASEReadCounter.table","NW_015090842.1:7536096",23,51,28
"KLHL36","s672_F_RAP_03_ASEReadCounter.table","NW_015090842.1:7536135",30,63,33
"KLHL36","s672_F_RAP_03_ASEReadCounter.table","NW_015090842.1:7536136",30,61,31
"KLHL36","s672_F_RAP_03_ASEReadCounter.table","NW_015090842.1:7536160",31,63,32
"KLHL36","s672_F_RAP_03_ASEReadCounter.table","NW_015090842.1:7536336",42,68,26
"KLHL36","s672_F_RAP_03_ASEReadCounter.table","NW_015090842.1:7536352",36,62,26
"KLHL36","s672_F_RAP_03_ASEReadCounter.table","NW_015090842.1:7536412",25,56,31
"KLHL36","s672_F_RAP_03_ASEReadCounter.table","NW_015090842.1:7536418",24,54,30
"KLHL36","s672_F_RAP_03_ASEReadCounter.table","NW_015090842.1:7536465",24,52,28
"KLHL36","s672_F_RAP_03_ASEReadCounter.table","NW_015090842.1:7536466",24,51,27
"KLHL36","s672_F_RAP_03_ASEReadCounter.table","NW_015090842.1:7536553",32,54,22
"KLHL36","s672_F_RAP_03_ASEReadCounter.table","NW_015090842.1:7536698",33,70,37
"KLHL36","s672_F_RAP_03_ASEReadCounter.table","NW_015090842.1:7536713",21,60,39
"KLHL36","s672_F_RAP_03_ASEReadCounter.table","NW_015090842.1:7536720",41,71,30
"KLHL36","s672_F_RAP_03_ASEReadCounter.table","NW_015090842.1:7536791",36,71,35
"KLHL36","s672_F_RAP_03_ASEReadCounter.table","NW_015090842.1:7536849",35,65,30
"KLHL36","s672_F_RAP_03_ASEReadCounter.table","NW_015090842.1:7536872",37,69,32
"KLHL36","s672_F_RAP_03_ASEReadCounter.table","NW_015090842.1:7536878",41,73,32
"KLHL36","s672_F_RAP_03_ASEReadCounter.table","NW_015090842.1:7536916",40,73,33
"KLHL36","s672_F_RAP_03_ASEReadCounter.table","NW_015090842.1:7536927",39,91,52
"KLHL36","s672_F_RAP_03_ASEReadCounter.table","NW_015090842.1:7537315",46,99,53
"KLHL36","s672_F_RAP_03_ASEReadCounter.table","NW_015090842.1:7537352",47,102,55
"KLHL36","s672_F_RAP_03_ASEReadCounter.table","NW_015090842.1:7537631",57,115,58
"KLHL36","s672_F_RAP_03_ASEReadCounter.table","NW_015090842.1:7537830",78,147,69
"KLHL36","s672_F_RAP_03_ASEReadCounter.table","NW_015090842.1:7537838",75,146,71
"KLHL36","s672_F_RAP_03_ASEReadCounter.table","NW_015090842.1:7538153",60,123,63
"KLHL36","s672_F_RAP_03_ASEReadCounter.table","NW_015090842.1:7538256",43,102,59
"KLHL36","s672_F_RAP_03_ASEReadCounter.table","NW_015090842.1:7538265",42,99,57
"KLHL36","s672_F_RAP_03_ASEReadCounter.table","NW_015090842.1:7538300",50,110,60
"USP10","s672_F_RAP_03_ASEReadCounter.table","NW_015090842.1:7563972",7,14,7
"USP10","s672_F_RAP_03_ASEReadCounter.table","NW_015090842.1:7571816",14,42,28
"USP10","s672_F_RAP_03_ASEReadCounter.table","NW_015090842.1:7571993",21,52,31
"USP10","s672_F_RAP_03_ASEReadCounter.table","NW_015090842.1:7572580",18,66,48
"USP10","s672_F_RAP_03_ASEReadCounter.table","NW_015090842.1:7587372",102,209,107
"CRISPLD2","s672_F_RAP_03_ASEReadCounter.table","NW_015090842.1:7609844",2,2,0
"CRISPLD2","s672_F_RAP_03_ASEReadCounter.table","NW_015090842.1:7609845",2,2,0
"CRISPLD2","s672_F_RAP_03_ASEReadCounter.table","NW_015090842.1:7609883",1,2,1
"CRISPLD2","s672_F_RAP_03_ASEReadCounter.table","NW_015090842.1:7610084",1,1,0
"CRISPLD2","s672_F_RAP_03_ASEReadCounter.table","NW_015090842.1:7617781",1,1,0
"CRISPLD2","s672_F_RAP_03_ASEReadCounter.table","NW_015090842.1:7617790",1,1,0
"CRISPLD2","s672_F_RAP_03_ASEReadCounter.table","NW_015090842.1:7621452",1,1,0
"CRISPLD2","s672_F_RAP_03_ASEReadCounter.table","NW_015090842.1:7625451",3,3,0
"CRISPLD2","s672_F_RAP_03_ASEReadCounter.table","NW_015090842.1:7626214",1,1,0
"CRISPLD2","s672_F_RAP_03_ASEReadCounter.table","NW_015090842.1:7630784",1,1,0
"CRISPLD2","s672_F_RAP_03_ASEReadCounter.table","NW_015090842.1:7630823",1,1,0
"CRISPLD2","s672_F_RAP_03_ASEReadCounter.table","NW_015090842.1:7633172",5,5,0
"CRISPLD2","s672_F_RAP_03_ASEReadCounter.table","NW_015090842.1:7633326",6,6,0
"CRISPLD2","s672_F_RAP_03_ASEReadCounter.table","NW_015090842.1:7633336",7,7,0
"CRISPLD2","s672_F_RAP_03_ASEReadCounter.table","NW_015090842.1:7633381",6,6,0
"CRISPLD2","s672_F_RAP_03_ASEReadCounter.table","NW_015090842.1:7633388",5,5,0
"CRISPLD2","s672_F_RAP_03_ASEReadCounter.table","NW_015090842.1:7633400",5,5,0
"CRISPLD2","s672_F_RAP_03_ASEReadCounter.table","NW_015090842.1:7633486",4,4,0
"CRISPLD2","s672_F_RAP_03_ASEReadCounter.table","NW_015090842.1:7633503",5,5,0
"CRISPLD2","s672_F_RAP_03_ASEReadCounter.table","NW_015090842.1:7633504",5,5,0
"CRISPLD2","s672_F_RAP_03_ASEReadCounter.table","NW_015090842.1:7633557",4,4,0
"CRISPLD2","s672_F_RAP_03_ASEReadCounter.table","NW_015090842.1:7633571",5,5,0
"CRISPLD2","s672_F_RAP_03_ASEReadCounter.table","NW_015090842.1:7633588",5,5,0
"CRISPLD2","s672_F_RAP_03_ASEReadCounter.table","NW_015090842.1:7633617",4,4,0
"CRISPLD2","s672_F_RAP_03_ASEReadCounter.table","NW_015090842.1:7633695",6,6,0
"CRISPLD2","s672_F_RAP_03_ASEReadCounter.table","NW_015090842.1:7633721",7,7,0
"CRISPLD2","s672_F_RAP_03_ASEReadCounter.table","NW_015090842.1:7633888",1,2,1
"CRISPLD2","s672_F_RAP_03_ASEReadCounter.table","NW_015090842.1:7633910",1,2,1
"CRISPLD2","s672_F_RAP_03_ASEReadCounter.table","NW_015090842.1:7634142",0,1,1
"CRISPLD2","s672_F_RAP_03_ASEReadCounter.table","NW_015090842.1:7634417",1,2,1
"CRISPLD2","s672_F_RAP_03_ASEReadCounter.table","NW_015090842.1:7634825",1,2,1
"CRISPLD2","s672_F_RAP_03_ASEReadCounter.table","NW_015090842.1:7634852",1,2,1
"CRISPLD2","s672_F_RAP_03_ASEReadCounter.table","NW_015090842.1:7635009",3,4,1
"CRISPLD2","s672_F_RAP_03_ASEReadCounter.table","NW_015090842.1:7635208",7,7,0
"CRISPLD2","s672_F_RAP_03_ASEReadCounter.table","NW_015090842.1:7635373",3,4,1
"CRISPLD2","s672_F_RAP_03_ASEReadCounter.table","NW_015090842.1:7635525",2,2,0
"CRISPLD2","s672_F_RAP_03_ASEReadCounter.table","NW_015090842.1:7635583",2,2,0
"CRISPLD2","s672_F_RAP_03_ASEReadCounter.table","NW_015090842.1:7635924",3,3,0
"LOC106888312","s672_F_RAP_03_ASEReadCounter.table","NW_015090842.1:7727072",1,1,0
"LOC106888312","s672_F_RAP_03_ASEReadCounter.table","NW_015090842.1:7727961",1,1,0
"LOC106888312","s672_F_RAP_03_ASEReadCounter.table","NW_015090842.1:7732443",1,3,2
"LOC106888312","s672_F_RAP_03_ASEReadCounter.table","NW_015090842.1:7732444",1,3,2
"LOC106888312","s672_F_RAP_03_ASEReadCounter.table","NW_015090842.1:7732538",0,1,1
"LOC106888312","s672_F_RAP_03_ASEReadCounter.table","NW_015090842.1:7732548",0,1,1
"LOC106888312","s672_F_RAP_03_ASEReadCounter.table","NW_015090842.1:7732629",0,1,1
"LOC106888312","s672_F_RAP_03_ASEReadCounter.table","NW_015090842.1:7732630",0,1,1
"LOC106888312","s672_F_RAP_03_ASEReadCounter.table","NW_015090842.1:7732637",0,1,1
"LOC106888312","s672_F_RAP_03_ASEReadCounter.table","NW_015090842.1:7732860",0,1,1
"LOC106888312","s672_F_RAP_03_ASEReadCounter.table","NW_015090842.1:7732861",0,1,1
"LOC106888312","s672_F_RAP_03_ASEReadCounter.table","NW_015090842.1:7732918",0,1,1
"LOC106888312","s672_F_RAP_03_ASEReadCounter.table","NW_015090842.1:7732997",0,1,1
"LOC106888312","s672_F_RAP_03_ASEReadCounter.table","NW_015090842.1:7733609",0,1,1
"LOC106888312","s672_F_RAP_03_ASEReadCounter.table","NW_015090842.1:7733631",0,1,1
"ZDHHC7","s672_F_RAP_03_ASEReadCounter.table","NW_015090842.1:7737199",37,85,48
"ZDHHC7","s672_F_RAP_03_ASEReadCounter.table","NW_015090842.1:7737332",23,66,43
"ZDHHC7","s672_F_RAP_03_ASEReadCounter.table","NW_015090842.1:7737553",55,113,58
"ZDHHC7","s672_F_RAP_03_ASEReadCounter.table","NW_015090842.1:7737920",49,75,26
"ZDHHC7","s672_F_RAP_03_ASEReadCounter.table","NW_015090842.1:7737953",45,73,28
"ZDHHC7","s672_F_RAP_03_ASEReadCounter.table","NW_015090842.1:7737987",54,81,27
"ZDHHC7","s672_F_RAP_03_ASEReadCounter.table","NW_015090842.1:7738068",33,62,29
"ZDHHC7","s672_F_RAP_03_ASEReadCounter.table","NW_015090842.1:7738204",34,74,40
"LOC106888097","s672_F_RAP_03_ASEReadCounter.table","NW_015090842.1:7767178",6,14,8
"LOC106888097","s672_F_RAP_03_ASEReadCounter.table","NW_015090842.1:7767187",6,13,7
"LOC106888097","s672_F_RAP_03_ASEReadCounter.table","NW_015090842.1:7768144",6,20,14
"LOC106888097","s672_F_RAP_03_ASEReadCounter.table","NW_015090842.1:7768196",6,24,18
"LOC106888097","s672_F_RAP_03_ASEReadCounter.table","NW_015090842.1:7769884",19,32,13
"LOC106888097","s672_F_RAP_03_ASEReadCounter.table","NW_015090842.1:7769893",13,26,13
"LOC106888097","s672_F_RAP_03_ASEReadCounter.table","NW_015090842.1:7770245",30,47,17
"LOC106888097","s672_F_RAP_03_ASEReadCounter.table","NW_015090842.1:7772402",24,52,28
"LOC106888097","s672_F_RAP_03_ASEReadCounter.table","NW_015090842.1:7772483",32,52,20
"LOC106888097","s672_F_RAP_03_ASEReadCounter.table","NW_015090842.1:7772490",34,51,17
"LOC106888097","s672_F_RAP_03_ASEReadCounter.table","NW_015090842.1:7774281",28,62,34
"LOC106888097","s672_F_RAP_03_ASEReadCounter.table","NW_015090842.1:7774552",38,89,51
"LOC106888097","s672_F_RAP_03_ASEReadCounter.table","NW_015090842.1:7774564",37,86,49
"LOC106888097","s672_F_RAP_03_ASEReadCounter.table","NW_015090842.1:7774611",27,71,44
"LOC106888097","s672_F_RAP_03_ASEReadCounter.table","NW_015090842.1:7774681",35,78,43
"LOC106888097","s672_F_RAP_03_ASEReadCounter.table","NW_015090842.1:7774698",29,67,38
"LOC106888097","s672_F_RAP_03_ASEReadCounter.table","NW_015090842.1:7774730",14,44,30
"LOC106888097","s672_F_RAP_03_ASEReadCounter.table","NW_015090842.1:7774778",4,6,2
"LOC106888097","s672_F_RAP_03_ASEReadCounter.table","NW_015090842.1:7774793",4,6,2
"FOXL1","s672_F_RAP_03_ASEReadCounter.table","NW_015090842.1:8113043",0,1,1
"FOXC2","s672_F_RAP_03_ASEReadCounter.table","NW_015090842.1:8129599",2,5,3
"FOXC2","s672_F_RAP_03_ASEReadCounter.table","NW_015090842.1:8129616",2,2,0
"FOXC2","s672_F_RAP_03_ASEReadCounter.table","NW_015090842.1:8129715",4,6,2
"FOXC2","s672_F_RAP_03_ASEReadCounter.table","NW_015090842.1:8129719",3,5,2
"FOXC2","s672_F_RAP_03_ASEReadCounter.table","NW_015090842.1:8130244",2,3,1
"FOXC2","s672_F_RAP_03_ASEReadCounter.table","NW_015090842.1:8130472",1,1,0
"FOXC2","s672_F_RAP_03_ASEReadCounter.table","NW_015090842.1:8130547",1,1,0
"FOXC2","s672_F_RAP_03_ASEReadCounter.table","NW_015090842.1:8130550",1,1,0
"FOXC2","s672_F_RAP_03_ASEReadCounter.table","NW_015090842.1:8130573",2,2,0
"FOXC2","s672_F_RAP_03_ASEReadCounter.table","NW_015090842.1:8130575",2,2,0
"MTHFSD","s672_F_RAP_03_ASEReadCounter.table","NW_015090842.1:8140051",16,32,16
"MTHFSD","s672_F_RAP_03_ASEReadCounter.table","NW_015090842.1:8142923",34,54,20
"MTHFSD","s672_F_RAP_03_ASEReadCounter.table","NW_015090842.1:8143029",30,54,24
"MTHFSD","s672_F_RAP_03_ASEReadCounter.table","NW_015090842.1:8152035",16,44,28
"MTHFSD","s672_F_RAP_03_ASEReadCounter.table","NW_015090842.1:8152315",15,40,25
"MTHFSD","s672_F_RAP_03_ASEReadCounter.table","NW_015090842.1:8152511",22,37,15
"MTHFSD","s672_F_RAP_03_ASEReadCounter.table","NW_015090842.1:8152518",21,36,15
"MTHFSD","s672_F_RAP_03_ASEReadCounter.table","NW_015090842.1:8152553",15,28,13
"MTHFSD","s672_F_RAP_03_ASEReadCounter.table","NW_015090842.1:8152773",16,39,23
"MTHFSD","s672_F_RAP_03_ASEReadCounter.table","NW_015090842.1:8152805",13,36,23
"IRF8","s672_F_RAP_03_ASEReadCounter.table","NW_015090842.1:8406652",14,32,18
"IRF8","s672_F_RAP_03_ASEReadCounter.table","NW_015090842.1:8406703",17,31,14
"IRF8","s672_F_RAP_03_ASEReadCounter.table","NW_015090842.1:8406704",17,30,13
"IRF8","s672_F_RAP_03_ASEReadCounter.table","NW_015090842.1:8406757",17,33,16
"IRF8","s672_F_RAP_03_ASEReadCounter.table","NW_015090842.1:8406778",15,30,15
"IRF8","s672_F_RAP_03_ASEReadCounter.table","NW_015090842.1:8406819",20,32,12
"IRF8","s672_F_RAP_03_ASEReadCounter.table","NW_015090842.1:8406941",10,26,16
"IRF8","s672_F_RAP_03_ASEReadCounter.table","NW_015090842.1:8407008",11,27,16
"IRF8","s672_F_RAP_03_ASEReadCounter.table","NW_015090842.1:8407057",16,30,14
"IRF8","s672_F_RAP_03_ASEReadCounter.table","NW_015090842.1:8407064",15,29,14
"IRF8","s672_F_RAP_03_ASEReadCounter.table","NW_015090842.1:8407069",14,30,16
"IRF8","s672_F_RAP_03_ASEReadCounter.table","NW_015090842.1:8407120",13,26,13
"IRF8","s672_F_RAP_03_ASEReadCounter.table","NW_015090842.1:8407157",15,27,12
"IRF8","s672_F_RAP_03_ASEReadCounter.table","NW_015090842.1:8407203",13,25,12
"IRF8","s672_F_RAP_03_ASEReadCounter.table","NW_015090842.1:8407272",7,26,19
"IRF8","s672_F_RAP_03_ASEReadCounter.table","NW_015090842.1:8407276",6,24,18
"IRF8","s672_F_RAP_03_ASEReadCounter.table","NW_015090842.1:8407303",6,29,23
"IRF8","s672_F_RAP_03_ASEReadCounter.table","NW_015090842.1:8407451",8,23,15
"IRF8","s672_F_RAP_03_ASEReadCounter.table","NW_015090842.1:8407456",7,22,15
"IRF8","s672_F_RAP_03_ASEReadCounter.table","NW_015090842.1:8408564",13,31,18
"IRF8","s672_F_RAP_03_ASEReadCounter.table","NW_015090842.1:8408585",22,22,0
"IRF8","s672_F_RAP_03_ASEReadCounter.table","NW_015090842.1:8408973",10,23,13
"IRF8","s672_F_RAP_03_ASEReadCounter.table","NW_015090842.1:8409060",6,15,9
"IRF8","s672_F_RAP_03_ASEReadCounter.table","NW_015090842.1:8409065",5,15,10
"IRF8","s672_F_RAP_03_ASEReadCounter.table","NW_015090842.1:8409254",5,10,5
"IRF8","s672_F_RAP_03_ASEReadCounter.table","NW_015090842.1:8409255",5,10,5
"IRF8","s672_F_RAP_03_ASEReadCounter.table","NW_015090842.1:8409258",5,9,4
"IRF8","s672_F_RAP_03_ASEReadCounter.table","NW_015090842.1:8409312",6,11,5
"IRF8","s672_F_RAP_03_ASEReadCounter.table","NW_015090842.1:8410216",3,4,1
"IRF8","s672_F_RAP_03_ASEReadCounter.table","NW_015090842.1:8410237",6,11,5
"IRF8","s672_F_RAP_03_ASEReadCounter.table","NW_015090842.1:8410276",14,14,0
"IRF8","s672_F_RAP_03_ASEReadCounter.table","NW_015090842.1:8410813",8,14,6
"IRF8","s672_F_RAP_03_ASEReadCounter.table","NW_015090842.1:8410861",8,15,7
"IRF8","s672_F_RAP_03_ASEReadCounter.table","NW_015090842.1:8411940",6,13,7
"IRF8","s672_F_RAP_03_ASEReadCounter.table","NW_015090842.1:8412006",8,16,8
"IRF8","s672_F_RAP_03_ASEReadCounter.table","NW_015090842.1:8412042",11,22,11
"DUSP15","s672_F_RAP_03_ASEReadCounter.table","NW_015090842.1:8422787",1,1,0
"DUSP15","s672_F_RAP_03_ASEReadCounter.table","NW_015090842.1:8422898",1,1,0
"DUSP15","s672_F_RAP_03_ASEReadCounter.table","NW_015090842.1:8422909",1,1,0
"COX4I1","s672_F_RAP_03_ASEReadCounter.table","NW_015090842.1:8442258",1556,3036,1480
"COX4I1","s672_F_RAP_03_ASEReadCounter.table","NW_015090842.1:8442333",1232,2399,1167
"EMC8","s672_F_RAP_03_ASEReadCounter.table","NW_015090842.1:8444046",62,135,73
"EMC8","s672_F_RAP_03_ASEReadCounter.table","NW_015090842.1:8444064",53,118,65
"EMC8","s672_F_RAP_03_ASEReadCounter.table","NW_015090842.1:8452029",30,78,48
"EMC8","s672_F_RAP_03_ASEReadCounter.table","NW_015090842.1:8452116",46,98,52
"EMC8","s672_F_RAP_03_ASEReadCounter.table","NW_015090842.1:8452121",42,94,52
"EMC8","s672_F_RAP_03_ASEReadCounter.table","NW_015090842.1:8452222",32,76,44
"EMC8","s672_F_RAP_03_ASEReadCounter.table","NW_015090842.1:8452244",36,90,54
"EMC8","s672_F_RAP_03_ASEReadCounter.table","NW_015090842.1:8452477",14,26,12
"EMC8","s672_F_RAP_03_ASEReadCounter.table","NW_015090842.1:8452498",11,23,12
"EMC8","s672_F_RAP_03_ASEReadCounter.table","NW_015090842.1:8452535",8,18,10
"EMC8","s672_F_RAP_03_ASEReadCounter.table","NW_015090842.1:8452575",6,13,7
"EMC8","s672_F_RAP_03_ASEReadCounter.table","NW_015090842.1:8452600",9,13,4
"EMC8","s672_F_RAP_03_ASEReadCounter.table","NW_015090842.1:8452616",9,13,4
"EMC8","s672_F_RAP_03_ASEReadCounter.table","NW_015090842.1:8452630",7,10,3
"EMC8","s672_F_RAP_03_ASEReadCounter.table","NW_015090842.1:8452650",10,15,5
"EMC8","s672_F_RAP_03_ASEReadCounter.table","NW_015090842.1:8452678",16,25,9
"EMC8","s672_F_RAP_03_ASEReadCounter.table","NW_015090842.1:8452724",11,20,9
"EMC8","s672_F_RAP_03_ASEReadCounter.table","NW_015090842.1:8452731",11,21,10
"EMC8","s672_F_RAP_03_ASEReadCounter.table","NW_015090842.1:8452743",10,25,15
"EMC8","s672_F_RAP_03_ASEReadCounter.table","NW_015090842.1:8452750",8,23,15
"EMC8","s672_F_RAP_03_ASEReadCounter.table","NW_015090842.1:8452778",5,17,12
"EMC8","s672_F_RAP_03_ASEReadCounter.table","NW_015090842.1:8452783",6,20,14
"EMC8","s672_F_RAP_03_ASEReadCounter.table","NW_015090842.1:8452800",13,28,15
"EMC8","s672_F_RAP_03_ASEReadCounter.table","NW_015090842.1:8452804",14,29,15
"EMC8","s672_F_RAP_03_ASEReadCounter.table","NW_015090842.1:8452812",13,28,15
"EMC8","s672_F_RAP_03_ASEReadCounter.table","NW_015090842.1:8452858",18,29,11
"EMC8","s672_F_RAP_03_ASEReadCounter.table","NW_015090842.1:8452906",23,31,8
"EMC8","s672_F_RAP_03_ASEReadCounter.table","NW_015090842.1:8452913",22,30,8
"EMC8","s672_F_RAP_03_ASEReadCounter.table","NW_015090842.1:8453000",31,56,25
"EMC8","s672_F_RAP_03_ASEReadCounter.table","NW_015090842.1:8453007",33,62,29
"EMC8","s672_F_RAP_03_ASEReadCounter.table","NW_015090842.1:8453058",32,57,25
"EMC8","s672_F_RAP_03_ASEReadCounter.table","NW_015090842.1:8453106",22,45,23
"GINS2","s672_F_RAP_03_ASEReadCounter.table","NW_015090842.1:8466420",12,15,3
"GINS2","s672_F_RAP_03_ASEReadCounter.table","NW_015090842.1:8466424",12,15,3
"GINS2","s672_F_RAP_03_ASEReadCounter.table","NW_015090842.1:8466518",11,14,3
"GINS2","s672_F_RAP_03_ASEReadCounter.table","NW_015090842.1:8468482",35,41,6
"GINS2","s672_F_RAP_03_ASEReadCounter.table","NW_015090842.1:8470290",22,32,10
"GINS2","s672_F_RAP_03_ASEReadCounter.table","NW_015090842.1:8470305",26,37,11
"GINS2","s672_F_RAP_03_ASEReadCounter.table","NW_015090842.1:8470381",31,40,9
"GINS2","s672_F_RAP_03_ASEReadCounter.table","NW_015090842.1:8470418",23,31,8
"GINS2","s672_F_RAP_03_ASEReadCounter.table","NW_015090842.1:8470421",20,28,8
"GINS2","s672_F_RAP_03_ASEReadCounter.table","NW_015090842.1:8470430",14,23,9
"GINS2","s672_F_RAP_03_ASEReadCounter.table","NW_015090842.1:8470433",11,21,10
"GINS2","s672_F_RAP_03_ASEReadCounter.table","NW_015090842.1:8470457",5,11,6
"GINS2","s672_F_RAP_03_ASEReadCounter.table","NW_015090842.1:8470491",17,25,8
"GINS2","s672_F_RAP_03_ASEReadCounter.table","NW_015090842.1:8470548",19,24,5
"GINS2","s672_F_RAP_03_ASEReadCounter.table","NW_015090842.1:8470649",19,25,6
"GSE1","s672_F_RAP_03_ASEReadCounter.table","NW_015090842.1:8475362",43,75,32
"GSE1","s672_F_RAP_03_ASEReadCounter.table","NW_015090842.1:8475961",22,30,8
"GSE1","s672_F_RAP_03_ASEReadCounter.table","NW_015090842.1:8476027",19,34,15
"GSE1","s672_F_RAP_03_ASEReadCounter.table","NW_015090842.1:8476159",10,16,6
"GSE1","s672_F_RAP_03_ASEReadCounter.table","NW_015090842.1:8477442",0,18,18
"GSE1","s672_F_RAP_03_ASEReadCounter.table","NW_015090842.1:8477448",0,16,16
"GSE1","s672_F_RAP_03_ASEReadCounter.table","NW_015090842.1:8477662",1,13,12
"GSE1","s672_F_RAP_03_ASEReadCounter.table","NW_015090842.1:8477933",16,32,16
"GSE1","s672_F_RAP_03_ASEReadCounter.table","NW_015090842.1:8477945",16,29,13
"GSE1","s672_F_RAP_03_ASEReadCounter.table","NW_015090842.1:8483272",1,17,16
"GSE1","s672_F_RAP_03_ASEReadCounter.table","NW_015090842.1:8483367",0,4,4
"GSE1","s672_F_RAP_03_ASEReadCounter.table","NW_015090842.1:8483411",1,10,9
"GSE1","s672_F_RAP_03_ASEReadCounter.table","NW_015090842.1:8483756",4,17,13
"GSE1","s672_F_RAP_03_ASEReadCounter.table","NW_015090842.1:8486867",16,30,14
"GSE1","s672_F_RAP_03_ASEReadCounter.table","NW_015090842.1:8486939",19,37,18
"GSE1","s672_F_RAP_03_ASEReadCounter.table","NW_015090842.1:8486945",18,41,23
"GSE1","s672_F_RAP_03_ASEReadCounter.table","NW_015090842.1:8486993",11,30,19
"GSE1","s672_F_RAP_03_ASEReadCounter.table","NW_015090842.1:8487062",17,36,19
"GSE1","s672_F_RAP_03_ASEReadCounter.table","NW_015090842.1:8488065",14,24,10
"GSE1","s672_F_RAP_03_ASEReadCounter.table","NW_015090842.1:8488457",18,31,13
"GSE1","s672_F_RAP_03_ASEReadCounter.table","NW_015090842.1:8488463",15,25,10
"GSE1","s672_F_RAP_03_ASEReadCounter.table","NW_015090842.1:8488490",24,24,0
"GSE1","s672_F_RAP_03_ASEReadCounter.table","NW_015090842.1:8488505",15,23,8
"GSE1","s672_F_RAP_03_ASEReadCounter.table","NW_015090842.1:8490180",0,11,11
"KIAA0513","s672_F_RAP_03_ASEReadCounter.table","NW_015090842.1:8668363",119,240,121
"KIAA0513","s672_F_RAP_03_ASEReadCounter.table","NW_015090842.1:8668387",140,251,111
"KIAA0513","s672_F_RAP_03_ASEReadCounter.table","NW_015090842.1:8668390",144,256,112
"KIAA0513","s672_F_RAP_03_ASEReadCounter.table","NW_015090842.1:8673107",107,234,127
"KIAA0513","s672_F_RAP_03_ASEReadCounter.table","NW_015090842.1:8673147",116,253,137
"KIAA0513","s672_F_RAP_03_ASEReadCounter.table","NW_015090842.1:8674661",79,189,110
"KIAA0513","s672_F_RAP_03_ASEReadCounter.table","NW_015090842.1:8674685",82,186,104
"KIAA0513","s672_F_RAP_03_ASEReadCounter.table","NW_015090842.1:8674730",73,153,80
"KIAA0513","s672_F_RAP_03_ASEReadCounter.table","NW_015090842.1:8675525",69,163,94
"KIAA0513","s672_F_RAP_03_ASEReadCounter.table","NW_015090842.1:8675561",71,169,98
"KIAA0513","s672_F_RAP_03_ASEReadCounter.table","NW_015090842.1:8678608",0,29,29
"KIAA0513","s672_F_RAP_03_ASEReadCounter.table","NW_015090842.1:8686455",0,22,22
"KIAA0513","s672_F_RAP_03_ASEReadCounter.table","NW_015090842.1:8686508",0,30,30
"KIAA0513","s672_F_RAP_03_ASEReadCounter.table","NW_015090842.1:8686521",0,29,29
"KIAA0513","s672_F_RAP_03_ASEReadCounter.table","NW_015090842.1:8693642",3,7,4
"KIAA0513","s672_F_RAP_03_ASEReadCounter.table","NW_015090842.1:8693712",4,10,6
"KIAA0513","s672_F_RAP_03_ASEReadCounter.table","NW_015090842.1:8695794",1,1,0
"FBXO31","s672_F_RAP_03_ASEReadCounter.table","NW_015090842.1:8710240",34,61,27
"FBXO31","s672_F_RAP_03_ASEReadCounter.table","NW_015090842.1:8710372",32,50,18
"FBXO31","s672_F_RAP_03_ASEReadCounter.table","NW_015090842.1:8711239",28,69,41
"FBXO31","s672_F_RAP_03_ASEReadCounter.table","NW_015090842.1:8714565",34,66,32
"FBXO31","s672_F_RAP_03_ASEReadCounter.table","NW_015090842.1:8716001",30,51,21
"ZCCHC14","s672_F_RAP_03_ASEReadCounter.table","NW_015090842.1:8750174",29,45,16
"ZCCHC14","s672_F_RAP_03_ASEReadCounter.table","NW_015090842.1:8750189",37,43,6
"ZCCHC14","s672_F_RAP_03_ASEReadCounter.table","NW_015090842.1:8750365",22,40,18
"ZCCHC14","s672_F_RAP_03_ASEReadCounter.table","NW_015090842.1:8750433",24,48,24
"ZCCHC14","s672_F_RAP_03_ASEReadCounter.table","NW_015090842.1:8750449",20,45,25
"ZCCHC14","s672_F_RAP_03_ASEReadCounter.table","NW_015090842.1:8750456",21,45,24
"ZCCHC14","s672_F_RAP_03_ASEReadCounter.table","NW_015090842.1:8750497",26,51,25
"ZCCHC14","s672_F_RAP_03_ASEReadCounter.table","NW_015090842.1:8750547",28,52,24
"ZCCHC14","s672_F_RAP_03_ASEReadCounter.table","NW_015090842.1:8751100",7,18,11
"ZCCHC14","s672_F_RAP_03_ASEReadCounter.table","NW_015090842.1:8751374",5,20,15
"ZCCHC14","s672_F_RAP_03_ASEReadCounter.table","NW_015090842.1:8751403",8,28,20
"ZCCHC14","s672_F_RAP_03_ASEReadCounter.table","NW_015090842.1:8751517",3,14,11
"ZCCHC14","s672_F_RAP_03_ASEReadCounter.table","NW_015090842.1:8752060",10,16,6
"ZCCHC14","s672_F_RAP_03_ASEReadCounter.table","NW_015090842.1:8752172",18,34,16
"ZCCHC14","s672_F_RAP_03_ASEReadCounter.table","NW_015090842.1:8752183",19,36,17
"ZCCHC14","s672_F_RAP_03_ASEReadCounter.table","NW_015090842.1:8752198",24,39,15
"ZCCHC14","s672_F_RAP_03_ASEReadCounter.table","NW_015090842.1:8752248",23,41,18
"ZCCHC14","s672_F_RAP_03_ASEReadCounter.table","NW_015090842.1:8752326",17,44,27
"ZCCHC14","s672_F_RAP_03_ASEReadCounter.table","NW_015090842.1:8752393",12,33,21
"ZCCHC14","s672_F_RAP_03_ASEReadCounter.table","NW_015090842.1:8752914",25,39,14
"ZCCHC14","s672_F_RAP_03_ASEReadCounter.table","NW_015090842.1:8753528",8,16,8
"ZCCHC14","s672_F_RAP_03_ASEReadCounter.table","NW_015090842.1:8753892",7,16,9
"ZCCHC14","s672_F_RAP_03_ASEReadCounter.table","NW_015090842.1:8753910",8,13,5
"ZCCHC14","s672_F_RAP_03_ASEReadCounter.table","NW_015090842.1:8755096",6,15,9
"ZCCHC14","s672_F_RAP_03_ASEReadCounter.table","NW_015090842.1:8755327",6,10,4
"ZCCHC14","s672_F_RAP_03_ASEReadCounter.table","NW_015090842.1:8755723",3,9,6
"ZCCHC14","s672_F_RAP_03_ASEReadCounter.table","NW_015090842.1:8755739",3,9,6
"ZCCHC14","s672_F_RAP_03_ASEReadCounter.table","NW_015090842.1:8756149",5,9,4
"ZCCHC14","s672_F_RAP_03_ASEReadCounter.table","NW_015090842.1:8756347",4,8,4
"ZCCHC14","s672_F_RAP_03_ASEReadCounter.table","NW_015090842.1:8756361",3,6,3
"ZCCHC14","s672_F_RAP_03_ASEReadCounter.table","NW_015090842.1:8756388",1,3,2
"ZCCHC14","s672_F_RAP_03_ASEReadCounter.table","NW_015090842.1:8756389",1,3,2
"ZCCHC14","s672_F_RAP_03_ASEReadCounter.table","NW_015090842.1:8757160",1,5,4
"ZCCHC14","s672_F_RAP_03_ASEReadCounter.table","NW_015090842.1:8804511",3,6,3
"ZCCHC14","s672_F_RAP_03_ASEReadCounter.table","NW_015090842.1:8804979",0,1,1
"JPH3","s672_F_RAP_03_ASEReadCounter.table","NW_015090842.1:8845375",22,45,23
"JPH3","s672_F_RAP_03_ASEReadCounter.table","NW_015090842.1:8845640",33,66,33
"JPH3","s672_F_RAP_03_ASEReadCounter.table","NW_015090842.1:8845654",32,66,34
"JPH3","s672_F_RAP_03_ASEReadCounter.table","NW_015090842.1:8872283",38,88,50
"JPH3","s672_F_RAP_03_ASEReadCounter.table","NW_015090842.1:8872294",35,86,51
"JPH3","s672_F_RAP_03_ASEReadCounter.table","NW_015090842.1:8872730",35,89,54
"JPH3","s672_F_RAP_03_ASEReadCounter.table","NW_015090842.1:8885260",99,204,105
"JPH3","s672_F_RAP_03_ASEReadCounter.table","NW_015090842.1:8885315",89,189,100
"JPH3","s672_F_RAP_03_ASEReadCounter.table","NW_015090842.1:8885328",87,179,92
"JPH3","s672_F_RAP_03_ASEReadCounter.table","NW_015090842.1:8885438",74,165,91
"JPH3","s672_F_RAP_03_ASEReadCounter.table","NW_015090842.1:8885525",26,87,61
"KLHDC4","s672_F_RAP_03_ASEReadCounter.table","NW_015090842.1:8890729",37,66,29
"KLHDC4","s672_F_RAP_03_ASEReadCounter.table","NW_015090842.1:8890749",44,74,30
"KLHDC4","s672_F_RAP_03_ASEReadCounter.table","NW_015090842.1:8890761",43,73,30
"KLHDC4","s672_F_RAP_03_ASEReadCounter.table","NW_015090842.1:8891123",83,124,41
"KLHDC4","s672_F_RAP_03_ASEReadCounter.table","NW_015090842.1:8893124",49,92,43
"KLHDC4","s672_F_RAP_03_ASEReadCounter.table","NW_015090842.1:8894542",42,67,25
"KLHDC4","s672_F_RAP_03_ASEReadCounter.table","NW_015090842.1:8896726",45,59,14
"KLHDC4","s672_F_RAP_03_ASEReadCounter.table","NW_015090842.1:8896767",38,50,12
"KLHDC4","s672_F_RAP_03_ASEReadCounter.table","NW_015090842.1:8904174",25,37,12
"KLHDC4","s672_F_RAP_03_ASEReadCounter.table","NW_015090842.1:8904231",24,40,16
"KLHDC4","s672_F_RAP_03_ASEReadCounter.table","NW_015090842.1:8905251",25,43,18
"KLHDC4","s672_F_RAP_03_ASEReadCounter.table","NW_015090842.1:8905263",27,51,24
"KLHDC4","s672_F_RAP_03_ASEReadCounter.table","NW_015090842.1:8919626",3,6,3
"SLC7A5","s672_F_RAP_03_ASEReadCounter.table","NW_015090842.1:8938782",237,535,298
"SLC7A5","s672_F_RAP_03_ASEReadCounter.table","NW_015090842.1:8938943",171,414,243
"SLC7A5","s672_F_RAP_03_ASEReadCounter.table","NW_015090842.1:8939611",106,199,93
"SLC7A5","s672_F_RAP_03_ASEReadCounter.table","NW_015090842.1:8939738",108,253,145
"SLC7A5","s672_F_RAP_03_ASEReadCounter.table","NW_015090842.1:8939739",108,249,141
"SLC7A5","s672_F_RAP_03_ASEReadCounter.table","NW_015090842.1:8939740",106,252,146
"SLC7A5","s672_F_RAP_03_ASEReadCounter.table","NW_015090842.1:8939795",115,251,136
"SLC7A5","s672_F_RAP_03_ASEReadCounter.table","NW_015090842.1:8939815",102,255,153
"SLC7A5","s672_F_RAP_03_ASEReadCounter.table","NW_015090842.1:8939816",103,254,151
"SLC7A5","s672_F_RAP_03_ASEReadCounter.table","NW_015090842.1:8939817",101,259,158
"SLC7A5","s672_F_RAP_03_ASEReadCounter.table","NW_015090842.1:8939845",106,276,170
"SLC7A5","s672_F_RAP_03_ASEReadCounter.table","NW_015090842.1:8939894",95,265,170
"SLC7A5","s672_F_RAP_03_ASEReadCounter.table","NW_015090842.1:8939895",96,261,165
"SLC7A5","s672_F_RAP_03_ASEReadCounter.table","NW_015090842.1:8939997",403,403,0
"SLC7A5","s672_F_RAP_03_ASEReadCounter.table","NW_015090842.1:8940172",122,316,194
"SLC7A5","s672_F_RAP_03_ASEReadCounter.table","NW_015090842.1:8940331",68,151,83
"SLC7A5","s672_F_RAP_03_ASEReadCounter.table","NW_015090842.1:8940696",75,155,80
"SLC7A5","s672_F_RAP_03_ASEReadCounter.table","NW_015090842.1:8940719",47,166,119
"SLC7A5","s672_F_RAP_03_ASEReadCounter.table","NW_015090842.1:8940737",48,152,104
"SLC7A5","s672_F_RAP_03_ASEReadCounter.table","NW_015090842.1:8940743",58,152,94
"SLC7A5","s672_F_RAP_03_ASEReadCounter.table","NW_015090842.1:8940766",68,176,108
"SLC7A5","s672_F_RAP_03_ASEReadCounter.table","NW_015090842.1:8940769",73,190,117
"SLC7A5","s672_F_RAP_03_ASEReadCounter.table","NW_015090842.1:8940861",74,173,99
"SLC7A5","s672_F_RAP_03_ASEReadCounter.table","NW_015090842.1:8941068",103,230,127
"SLC7A5","s672_F_RAP_03_ASEReadCounter.table","NW_015090842.1:8941467",72,168,96
"SLC7A5","s672_F_RAP_03_ASEReadCounter.table","NW_015090842.1:8941531",68,146,78
"SLC7A5","s672_F_RAP_03_ASEReadCounter.table","NW_015090842.1:8941588",88,186,98
"SLC7A5","s672_F_RAP_03_ASEReadCounter.table","NW_015090842.1:8941698",47,107,60
"SLC7A5","s672_F_RAP_03_ASEReadCounter.table","NW_015090842.1:8941717",57,127,70
"SLC7A5","s672_F_RAP_03_ASEReadCounter.table","NW_015090842.1:8941745",70,155,85
"SLC7A5","s672_F_RAP_03_ASEReadCounter.table","NW_015090842.1:8941781",84,175,91
"SLC7A5","s672_F_RAP_03_ASEReadCounter.table","NW_015090842.1:8941887",47,122,75
"SLC7A5","s672_F_RAP_03_ASEReadCounter.table","NW_015090842.1:8941968",30,112,82
"SLC7A5","s672_F_RAP_03_ASEReadCounter.table","NW_015090842.1:8942025",37,114,77
"SLC7A5","s672_F_RAP_03_ASEReadCounter.table","NW_015090842.1:8942069",51,132,81
"SLC7A5","s672_F_RAP_03_ASEReadCounter.table","NW_015090842.1:8942170",63,138,75
"SLC7A5","s672_F_RAP_03_ASEReadCounter.table","NW_015090842.1:8942241",64,157,93
"SLC7A5","s672_F_RAP_03_ASEReadCounter.table","NW_015090842.1:8942283",57,151,94
"SLC7A5","s672_F_RAP_03_ASEReadCounter.table","NW_015090842.1:8942717",85,233,148
"SLC7A5","s672_F_RAP_03_ASEReadCounter.table","NW_015090842.1:8942756",116,299,183
"SLC7A5","s672_F_RAP_03_ASEReadCounter.table","NW_015090842.1:8942766",115,299,184
"SLC7A5","s672_F_RAP_03_ASEReadCounter.table","NW_015090842.1:8943271",93,179,86
"SLC7A5","s672_F_RAP_03_ASEReadCounter.table","NW_015090842.1:8943524",49,112,63
"SLC7A5","s672_F_RAP_03_ASEReadCounter.table","NW_015090842.1:8943530",46,106,60
"SLC7A5","s672_F_RAP_03_ASEReadCounter.table","NW_015090842.1:8943602",38,97,59
"SLC7A5","s672_F_RAP_03_ASEReadCounter.table","NW_015090842.1:8943622",28,86,58
"SLC7A5","s672_F_RAP_03_ASEReadCounter.table","NW_015090842.1:8943661",39,102,63
"SLC7A5","s672_F_RAP_03_ASEReadCounter.table","NW_015090842.1:8943686",49,107,58
"SLC7A5","s672_F_RAP_03_ASEReadCounter.table","NW_015090842.1:8943788",35,98,63
"SLC7A5","s672_F_RAP_03_ASEReadCounter.table","NW_015090842.1:8943814",35,92,57
"SLC7A5","s672_F_RAP_03_ASEReadCounter.table","NW_015090842.1:8943876",51,103,52
"SLC7A5","s672_F_RAP_03_ASEReadCounter.table","NW_015090842.1:8943892",54,110,56
"SLC7A5","s672_F_RAP_03_ASEReadCounter.table","NW_015090842.1:8944097",40,95,55
"SLC7A5","s672_F_RAP_03_ASEReadCounter.table","NW_015090842.1:8944104",43,96,53
"SLC7A5","s672_F_RAP_03_ASEReadCounter.table","NW_015090842.1:8944293",25,54,29
"SLC7A5","s672_F_RAP_03_ASEReadCounter.table","NW_015090842.1:8944297",22,51,29
"SLC7A5","s672_F_RAP_03_ASEReadCounter.table","NW_015090842.1:8944397",19,43,24
"SLC7A5","s672_F_RAP_03_ASEReadCounter.table","NW_015090842.1:8944552",37,83,46
"SLC7A5","s672_F_RAP_03_ASEReadCounter.table","NW_015090842.1:8944629",35,77,42
"CA5A","s672_F_RAP_03_ASEReadCounter.table","NW_015090842.1:8989479",83,197,114
"CA5A","s672_F_RAP_03_ASEReadCounter.table","NW_015090842.1:8989562",101,211,110
"CA5A","s672_F_RAP_03_ASEReadCounter.table","NW_015090842.1:8989609",129,263,134
"CA5A","s672_F_RAP_03_ASEReadCounter.table","NW_015090842.1:8989693",170,364,194
"CA5A","s672_F_RAP_03_ASEReadCounter.table","NW_015090842.1:8989702",170,345,175
"CA5A","s672_F_RAP_03_ASEReadCounter.table","NW_015090842.1:8989746",148,323,175
"CA5A","s672_F_RAP_03_ASEReadCounter.table","NW_015090842.1:8989880",132,274,142
"CA5A","s672_F_RAP_03_ASEReadCounter.table","NW_015090842.1:8989885",132,272,140
"CA5A","s672_F_RAP_03_ASEReadCounter.table","NW_015090842.1:8989929",130,283,153
"CA5A","s672_F_RAP_03_ASEReadCounter.table","NW_015090842.1:8990002",107,260,153
"CA5A","s672_F_RAP_03_ASEReadCounter.table","NW_015090842.1:8990004",108,263,155
"CA5A","s672_F_RAP_03_ASEReadCounter.table","NW_015090842.1:8990005",102,257,155
"CA5A","s672_F_RAP_03_ASEReadCounter.table","NW_015090842.1:8990017",106,238,132
"CA5A","s672_F_RAP_03_ASEReadCounter.table","NW_015090842.1:8990043",79,186,107
"CA5A","s672_F_RAP_03_ASEReadCounter.table","NW_015090842.1:8990060",196,196,0
"CA5A","s672_F_RAP_03_ASEReadCounter.table","NW_015090842.1:8990080",71,186,115
"CA5A","s672_F_RAP_03_ASEReadCounter.table","NW_015090842.1:8990084",65,181,116
"CA5A","s672_F_RAP_03_ASEReadCounter.table","NW_015090842.1:8990090",62,177,115
"CA5A","s672_F_RAP_03_ASEReadCounter.table","NW_015090842.1:8990095",68,184,116
"CA5A","s672_F_RAP_03_ASEReadCounter.table","NW_015090842.1:8990111",63,175,112
"CA5A","s672_F_RAP_03_ASEReadCounter.table","NW_015090842.1:8990112",63,174,111
"CA5A","s672_F_RAP_03_ASEReadCounter.table","NW_015090842.1:8990115",73,182,109
"CA5A","s672_F_RAP_03_ASEReadCounter.table","NW_015090842.1:8990166",82,173,91
"CA5A","s672_F_RAP_03_ASEReadCounter.table","NW_015090842.1:8990169",90,180,90
"CA5A","s672_F_RAP_03_ASEReadCounter.table","NW_015090842.1:8990193",183,183,0
"CA5A","s672_F_RAP_03_ASEReadCounter.table","NW_015090842.1:8990222",75,159,84
"CA5A","s672_F_RAP_03_ASEReadCounter.table","NW_015090842.1:8990289",70,164,94
"CA5A","s672_F_RAP_03_ASEReadCounter.table","NW_015090842.1:8990314",73,172,99
"CA5A","s672_F_RAP_03_ASEReadCounter.table","NW_015090842.1:8990361",91,187,96
"CA5A","s672_F_RAP_03_ASEReadCounter.table","NW_015090842.1:8990368",91,184,93
"CA5A","s672_F_RAP_03_ASEReadCounter.table","NW_015090842.1:8990429",76,162,86
"CA5A","s672_F_RAP_03_ASEReadCounter.table","NW_015090842.1:8990466",57,121,64
"CA5A","s672_F_RAP_03_ASEReadCounter.table","NW_015090842.1:8990663",89,173,84
"CA5A","s672_F_RAP_03_ASEReadCounter.table","NW_015090842.1:8990797",61,138,77
"CA5A","s672_F_RAP_03_ASEReadCounter.table","NW_015090842.1:8990836",68,146,78
"CA5A","s672_F_RAP_03_ASEReadCounter.table","NW_015090842.1:8990842",65,144,79
"CA5A","s672_F_RAP_03_ASEReadCounter.table","NW_015090842.1:8990851",68,145,77
"CA5A","s672_F_RAP_03_ASEReadCounter.table","NW_015090842.1:8990918",68,136,68
"CA5A","s672_F_RAP_03_ASEReadCounter.table","NW_015090842.1:8990921",64,139,75
"CA5A","s672_F_RAP_03_ASEReadCounter.table","NW_015090842.1:8990942",76,150,74
"CA5A","s672_F_RAP_03_ASEReadCounter.table","NW_015090842.1:8991001",72,162,90
"CA5A","s672_F_RAP_03_ASEReadCounter.table","NW_015090842.1:8991038",75,160,85
"CA5A","s672_F_RAP_03_ASEReadCounter.table","NW_015090842.1:8991149",80,156,76
"CA5A","s672_F_RAP_03_ASEReadCounter.table","NW_015090842.1:8991176",81,169,88
"CA5A","s672_F_RAP_03_ASEReadCounter.table","NW_015090842.1:8991241",73,175,102
"CA5A","s672_F_RAP_03_ASEReadCounter.table","NW_015090842.1:8991262",76,158,82
"CA5A","s672_F_RAP_03_ASEReadCounter.table","NW_015090842.1:8991316",77,88,11
"CA5A","s672_F_RAP_03_ASEReadCounter.table","NW_015090842.1:8991319",69,82,13
"CA5A","s672_F_RAP_03_ASEReadCounter.table","NW_015090842.1:8991330",67,72,5
"CA5A","s672_F_RAP_03_ASEReadCounter.table","NW_015090842.1:8991334",60,71,11
"CA5A","s672_F_RAP_03_ASEReadCounter.table","NW_015090842.1:8991362",63,112,49
"CA5A","s672_F_RAP_03_ASEReadCounter.table","NW_015090842.1:8991368",64,112,48
"CA5A","s672_F_RAP_03_ASEReadCounter.table","NW_015090842.1:8991390",66,119,53
"CA5A","s672_F_RAP_03_ASEReadCounter.table","NW_015090842.1:8991395",68,123,55
"CA5A","s672_F_RAP_03_ASEReadCounter.table","NW_015090842.1:8991422",65,129,64
"CA5A","s672_F_RAP_03_ASEReadCounter.table","NW_015090842.1:8991467",66,123,57
"CA5A","s672_F_RAP_03_ASEReadCounter.table","NW_015090842.1:8991576",50,108,58
"CA5A","s672_F_RAP_03_ASEReadCounter.table","NW_015090842.1:8991587",53,117,64
"CA5A","s672_F_RAP_03_ASEReadCounter.table","NW_015090842.1:8991655",54,136,82
"CA5A","s672_F_RAP_03_ASEReadCounter.table","NW_015090842.1:8991717",56,129,73
"CA5A","s672_F_RAP_03_ASEReadCounter.table","NW_015090842.1:8991726",63,136,73
"CA5A","s672_F_RAP_03_ASEReadCounter.table","NW_015090842.1:8991799",64,121,57
"CA5A","s672_F_RAP_03_ASEReadCounter.table","NW_015090842.1:8991809",56,112,56
"CA5A","s672_F_RAP_03_ASEReadCounter.table","NW_015090842.1:8991848",35,95,60
"CA5A","s672_F_RAP_03_ASEReadCounter.table","NW_015090842.1:8991849",38,96,58
"CA5A","s672_F_RAP_03_ASEReadCounter.table","NW_015090842.1:8991927",50,114,64
"CA5A","s672_F_RAP_03_ASEReadCounter.table","NW_015090842.1:8991941",46,119,73
"CA5A","s672_F_RAP_03_ASEReadCounter.table","NW_015090842.1:8992121",44,96,52
"CA5A","s672_F_RAP_03_ASEReadCounter.table","NW_015090842.1:8992224",43,86,43
"CA5A","s672_F_RAP_03_ASEReadCounter.table","NW_015090842.1:9002570",31,57,26
"CA5A","s672_F_RAP_03_ASEReadCounter.table","NW_015090842.1:9002600",25,44,19
"CA5A","s672_F_RAP_03_ASEReadCounter.table","NW_015090842.1:9004312",17,34,17
"CA5A","s672_F_RAP_03_ASEReadCounter.table","NW_015090842.1:9004506",1,1,0
"CA5A","s672_F_RAP_03_ASEReadCounter.table","NW_015090842.1:9004523",1,1,0
"CA5A","s672_F_RAP_03_ASEReadCounter.table","NW_015090842.1:9004530",1,1,0
"CA5A","s672_F_RAP_03_ASEReadCounter.table","NW_015090842.1:9004556",1,1,0
"CA5A","s672_F_RAP_03_ASEReadCounter.table","NW_015090842.1:9005116",4,6,2
"CA5A","s672_F_RAP_03_ASEReadCounter.table","NW_015090842.1:9005120",4,6,2
"CA5A","s672_F_RAP_03_ASEReadCounter.table","NW_015090842.1:9005140",0,2,2
"CA5A","s672_F_RAP_03_ASEReadCounter.table","NW_015090842.1:9005152",1,3,2
"BANP","s672_F_RAP_03_ASEReadCounter.table","NW_015090842.1:9033407",6,12,6
"BANP","s672_F_RAP_03_ASEReadCounter.table","NW_015090842.1:9033409",6,12,6
"BANP","s672_F_RAP_03_ASEReadCounter.table","NW_015090842.1:9033420",4,12,8
"BANP","s672_F_RAP_03_ASEReadCounter.table","NW_015090842.1:9067974",0,12,12
"BANP","s672_F_RAP_03_ASEReadCounter.table","NW_015090842.1:9102510",6,31,25
"BANP","s672_F_RAP_03_ASEReadCounter.table","NW_015090842.1:9168534",20,54,34
"BANP","s672_F_RAP_03_ASEReadCounter.table","NW_015090842.1:9168818",17,49,32
"ZNF469","s672_F_RAP_03_ASEReadCounter.table","NW_015090842.1:9425089",0,1,1
"ZNF469","s672_F_RAP_03_ASEReadCounter.table","NW_015090842.1:9425108",0,1,1
"ZNF469","s672_F_RAP_03_ASEReadCounter.table","NW_015090842.1:9426420",1,1,0
"ZNF469","s672_F_RAP_03_ASEReadCounter.table","NW_015090842.1:9426585",1,2,1
"ZNF469","s672_F_RAP_03_ASEReadCounter.table","NW_015090842.1:9430560",1,2,1
"ZNF469","s672_F_RAP_03_ASEReadCounter.table","NW_015090842.1:9430668",0,1,1
"ZNF469","s672_F_RAP_03_ASEReadCounter.table","NW_015090842.1:9431700",2,2,0
"ZNF469","s672_F_RAP_03_ASEReadCounter.table","NW_015090842.1:9432110",1,1,0
"ZNF469","s672_F_RAP_03_ASEReadCounter.table","NW_015090842.1:9433268",2,5,3
"ZNF469","s672_F_RAP_03_ASEReadCounter.table","NW_015090842.1:9433678",0,1,1
"ZNF469","s672_F_RAP_03_ASEReadCounter.table","NW_015090842.1:9433902",1,2,1
"ZNF469","s672_F_RAP_03_ASEReadCounter.table","NW_015090842.1:9433980",1,2,1
"ZNF469","s672_F_RAP_03_ASEReadCounter.table","NW_015090842.1:9434259",0,4,4
"ZNF469","s672_F_RAP_03_ASEReadCounter.table","NW_015090842.1:9435221",3,7,4
"ZFPM1","s672_F_RAP_03_ASEReadCounter.table","NW_015090842.1:9458862",3,8,5
"ZFPM1","s672_F_RAP_03_ASEReadCounter.table","NW_015090842.1:9458888",5,8,3
"ZFPM1","s672_F_RAP_03_ASEReadCounter.table","NW_015090842.1:9458904",7,12,5
"ZFPM1","s672_F_RAP_03_ASEReadCounter.table","NW_015090842.1:9458916",7,12,5
"ZFPM1","s672_F_RAP_03_ASEReadCounter.table","NW_015090842.1:9468568",10,16,6
"ZFPM1","s672_F_RAP_03_ASEReadCounter.table","NW_015090842.1:9468593",12,20,8
"ZFPM1","s672_F_RAP_03_ASEReadCounter.table","NW_015090842.1:9471561",4,7,3
"ZFPM1","s672_F_RAP_03_ASEReadCounter.table","NW_015090842.1:9472557",4,10,6
"ZFPM1","s672_F_RAP_03_ASEReadCounter.table","NW_015090842.1:9472565",3,8,5
"ZFPM1","s672_F_RAP_03_ASEReadCounter.table","NW_015090842.1:9472608",5,10,5
"ZFPM1","s672_F_RAP_03_ASEReadCounter.table","NW_015090842.1:9472627",5,10,5
"ZFPM1","s672_F_RAP_03_ASEReadCounter.table","NW_015090842.1:9472668",5,9,4
"ZFPM1","s672_F_RAP_03_ASEReadCounter.table","NW_015090842.1:9473655",1,5,4
"ZFPM1","s672_F_RAP_03_ASEReadCounter.table","NW_015090842.1:9475827",9,17,8
"ZFPM1","s672_F_RAP_03_ASEReadCounter.table","NW_015090842.1:9475842",9,17,8
"ZFPM1","s672_F_RAP_03_ASEReadCounter.table","NW_015090842.1:9476119",3,9,6
"ZFPM1","s672_F_RAP_03_ASEReadCounter.table","NW_015090842.1:9476161",4,11,7
"ZFPM1","s672_F_RAP_03_ASEReadCounter.table","NW_015090842.1:9476219",0,4,4
"ZFPM1","s672_F_RAP_03_ASEReadCounter.table","NW_015090842.1:9476233",0,5,5
"ZFPM1","s672_F_RAP_03_ASEReadCounter.table","NW_015090842.1:9476305",4,13,9
"ZFPM1","s672_F_RAP_03_ASEReadCounter.table","NW_015090842.1:9476395",7,16,9
"ZFPM1","s672_F_RAP_03_ASEReadCounter.table","NW_015090842.1:9476421",7,20,13
"ZFPM1","s672_F_RAP_03_ASEReadCounter.table","NW_015090842.1:9476539",12,23,11
"ZFPM1","s672_F_RAP_03_ASEReadCounter.table","NW_015090842.1:9476576",7,16,9
"ZFPM1","s672_F_RAP_03_ASEReadCounter.table","NW_015090842.1:9476599",19,19,0
"ZFPM1","s672_F_RAP_03_ASEReadCounter.table","NW_015090842.1:9476792",18,34,16
"ZFPM1","s672_F_RAP_03_ASEReadCounter.table","NW_015090842.1:9476803",19,33,14
"ZFPM1","s672_F_RAP_03_ASEReadCounter.table","NW_015090842.1:9477115",8,16,8
"ZFPM1","s672_F_RAP_03_ASEReadCounter.table","NW_015090842.1:9477299",4,8,4
"ZFPM1","s672_F_RAP_03_ASEReadCounter.table","NW_015090842.1:9477398",23,23,0
"ZFPM1","s672_F_RAP_03_ASEReadCounter.table","NW_015090842.1:9477422",7,17,10
"ZFPM1","s672_F_RAP_03_ASEReadCounter.table","NW_015090842.1:9477554",12,31,19
"ZFPM1","s672_F_RAP_03_ASEReadCounter.table","NW_015090842.1:9477575",32,32,0
"ZFPM1","s672_F_RAP_03_ASEReadCounter.table","NW_015090842.1:9477595",18,40,22
"ZFPM1","s672_F_RAP_03_ASEReadCounter.table","NW_015090842.1:9477611",17,35,18
"ZFPM1","s672_F_RAP_03_ASEReadCounter.table","NW_015090842.1:9477659",16,34,18
"ZFPM1","s672_F_RAP_03_ASEReadCounter.table","NW_015090842.1:9477737",15,35,20
"ZFPM1","s672_F_RAP_03_ASEReadCounter.table","NW_015090842.1:9477791",11,35,24
"ZFPM1","s672_F_RAP_03_ASEReadCounter.table","NW_015090842.1:9477844",6,32,26
"ZFPM1","s672_F_RAP_03_ASEReadCounter.table","NW_015090842.1:9477917",13,34,21
"ZFPM1","s672_F_RAP_03_ASEReadCounter.table","NW_015090842.1:9478295",24,55,31
"ZFPM1","s672_F_RAP_03_ASEReadCounter.table","NW_015090842.1:9478349",18,47,29
"ZFPM1","s672_F_RAP_03_ASEReadCounter.table","NW_015090842.1:9478524",12,50,38
"ZFPM1","s672_F_RAP_03_ASEReadCounter.table","NW_015090842.1:9478546",11,50,39
"ZFPM1","s672_F_RAP_03_ASEReadCounter.table","NW_015090842.1:9478573",12,57,45
"ZFPM1","s672_F_RAP_03_ASEReadCounter.table","NW_015090842.1:9478582",6,40,34
"ZFPM1","s672_F_RAP_03_ASEReadCounter.table","NW_015090842.1:9478684",2,22,20
"ZFPM1","s672_F_RAP_03_ASEReadCounter.table","NW_015090842.1:9478711",3,20,17
"ZFPM1","s672_F_RAP_03_ASEReadCounter.table","NW_015090842.1:9478761",2,14,12
"ZFPM1","s672_F_RAP_03_ASEReadCounter.table","NW_015090842.1:9478829",8,8,0
"CIDEC","s672_F_RAP_03_ASEReadCounter.table","NW_015090842.1:9480170",1,1,0
"CIDEC","s672_F_RAP_03_ASEReadCounter.table","NW_015090842.1:9480171",1,1,0
"CIDEC","s672_F_RAP_03_ASEReadCounter.table","NW_015090842.1:9480212",1,1,0
"CIDEC","s672_F_RAP_03_ASEReadCounter.table","NW_015090842.1:9480391",1,2,1
"CIDEC","s672_F_RAP_03_ASEReadCounter.table","NW_015090842.1:9480394",1,2,1
"CIDEC","s672_F_RAP_03_ASEReadCounter.table","NW_015090842.1:9480675",0,1,1
"CIDEC","s672_F_RAP_03_ASEReadCounter.table","NW_015090842.1:9480686",0,1,1
"CIDEC","s672_F_RAP_03_ASEReadCounter.table","NW_015090842.1:9480693",0,1,1
"CIDEC","s672_F_RAP_03_ASEReadCounter.table","NW_015090842.1:9480756",0,1,1
"ZC3H18","s672_F_RAP_03_ASEReadCounter.table","NW_015090842.1:9494271",3,12,9
"ZC3H18","s672_F_RAP_03_ASEReadCounter.table","NW_015090842.1:9501427",19,33,14
"ZC3H18","s672_F_RAP_03_ASEReadCounter.table","NW_015090842.1:9501442",21,33,12
"ZC3H18","s672_F_RAP_03_ASEReadCounter.table","NW_015090842.1:9505538",14,29,15
"ZC3H18","s672_F_RAP_03_ASEReadCounter.table","NW_015090842.1:9506778",16,39,23
"ZC3H18","s672_F_RAP_03_ASEReadCounter.table","NW_015090842.1:9522538",19,54,35
"ZC3H18","s672_F_RAP_03_ASEReadCounter.table","NW_015090842.1:9524350",24,53,29
"ZC3H18","s672_F_RAP_03_ASEReadCounter.table","NW_015090842.1:9524366",27,55,28
"ZC3H18","s672_F_RAP_03_ASEReadCounter.table","NW_015090842.1:9524424",26,57,31
"ZC3H18","s672_F_RAP_03_ASEReadCounter.table","NW_015090842.1:9529649",29,70,41
"ZC3H18","s672_F_RAP_03_ASEReadCounter.table","NW_015090842.1:9529688",25,63,38
"ZC3H18","s672_F_RAP_03_ASEReadCounter.table","NW_015090842.1:9529691",26,61,35
"ZC3H18","s672_F_RAP_03_ASEReadCounter.table","NW_015090842.1:9530977",29,68,39
"ZC3H18","s672_F_RAP_03_ASEReadCounter.table","NW_015090842.1:9536699",0,49,49
"CYBA","s672_F_RAP_03_ASEReadCounter.table","NW_015090842.1:9547281",15,29,14
"CYBA","s672_F_RAP_03_ASEReadCounter.table","NW_015090842.1:9547402",29,51,22
"CYBA","s672_F_RAP_03_ASEReadCounter.table","NW_015090842.1:9547553",28,56,28
"CYBA","s672_F_RAP_03_ASEReadCounter.table","NW_015090842.1:9548052",28,41,13
"CYBA","s672_F_RAP_03_ASEReadCounter.table","NW_015090842.1:9548436",42,57,15
"CYBA","s672_F_RAP_03_ASEReadCounter.table","NW_015090842.1:9548442",42,57,15
"CYBA","s672_F_RAP_03_ASEReadCounter.table","NW_015090842.1:9548478",39,60,21
"CYBA","s672_F_RAP_03_ASEReadCounter.table","NW_015090842.1:9548487",39,58,19
"CYBA","s672_F_RAP_03_ASEReadCounter.table","NW_015090842.1:9548490",39,57,18
"CYBA","s672_F_RAP_03_ASEReadCounter.table","NW_015090842.1:9548717",42,59,17
"CYBA","s672_F_RAP_03_ASEReadCounter.table","NW_015090842.1:9548750",30,42,12
"CYBA","s672_F_RAP_03_ASEReadCounter.table","NW_015090842.1:9548766",20,28,8
"MVD","s672_F_RAP_03_ASEReadCounter.table","NW_015090842.1:9550678",26,49,23
"MVD","s672_F_RAP_03_ASEReadCounter.table","NW_015090842.1:9550690",31,56,25
"MVD","s672_F_RAP_03_ASEReadCounter.table","NW_015090842.1:9550691",30,55,25
"MVD","s672_F_RAP_03_ASEReadCounter.table","NW_015090842.1:9550699",34,68,34
"MVD","s672_F_RAP_03_ASEReadCounter.table","NW_015090842.1:9550719",34,63,29
"MVD","s672_F_RAP_03_ASEReadCounter.table","NW_015090842.1:9551596",63,146,83
"MVD","s672_F_RAP_03_ASEReadCounter.table","NW_015090842.1:9551638",58,136,78
"MVD","s672_F_RAP_03_ASEReadCounter.table","NW_015090842.1:9551899",0,8,8
"MVD","s672_F_RAP_03_ASEReadCounter.table","NW_015090842.1:9552193",42,101,59
"MVD","s672_F_RAP_03_ASEReadCounter.table","NW_015090842.1:9552202",42,102,60
"MVD","s672_F_RAP_03_ASEReadCounter.table","NW_015090842.1:9552208",42,104,62
"MVD","s672_F_RAP_03_ASEReadCounter.table","NW_015090842.1:9552625",26,60,34
"MVD","s672_F_RAP_03_ASEReadCounter.table","NW_015090842.1:9552629",59,59,0
"MVD","s672_F_RAP_03_ASEReadCounter.table","NW_015090842.1:9552644",26,62,36
"MVD","s672_F_RAP_03_ASEReadCounter.table","NW_015090842.1:9553093",24,53,29
"MVD","s672_F_RAP_03_ASEReadCounter.table","NW_015090842.1:9553114",33,62,29
"RNF166","s672_F_RAP_03_ASEReadCounter.table","NW_015090842.1:9557900",25,56,31
"RNF166","s672_F_RAP_03_ASEReadCounter.table","NW_015090842.1:9558048",29,59,30
"RNF166","s672_F_RAP_03_ASEReadCounter.table","NW_015090842.1:9558116",24,49,25
"RNF166","s672_F_RAP_03_ASEReadCounter.table","NW_015090842.1:9558308",21,55,34
"RNF166","s672_F_RAP_03_ASEReadCounter.table","NW_015090842.1:9558405",19,39,20
"RNF166","s672_F_RAP_03_ASEReadCounter.table","NW_015090842.1:9558549",28,50,22
"RNF166","s672_F_RAP_03_ASEReadCounter.table","NW_015090842.1:9558556",28,49,21
"RNF166","s672_F_RAP_03_ASEReadCounter.table","NW_015090842.1:9558579",28,48,20
"RNF166","s672_F_RAP_03_ASEReadCounter.table","NW_015090842.1:9558599",30,52,22
"RNF166","s672_F_RAP_03_ASEReadCounter.table","NW_015090842.1:9558688",22,46,24
"RNF166","s672_F_RAP_03_ASEReadCounter.table","NW_015090842.1:9558711",20,42,22
"RNF166","s672_F_RAP_03_ASEReadCounter.table","NW_015090842.1:9558733",20,41,21
"RNF166","s672_F_RAP_03_ASEReadCounter.table","NW_015090842.1:9558847",25,47,22
"RNF166","s672_F_RAP_03_ASEReadCounter.table","NW_015090842.1:9559798",25,53,28
"RNF166","s672_F_RAP_03_ASEReadCounter.table","NW_015090842.1:9560575",28,54,26
"RNF166","s672_F_RAP_03_ASEReadCounter.table","NW_015090842.1:9561055",26,53,27
"RNF166","s672_F_RAP_03_ASEReadCounter.table","NW_015090842.1:9562458",19,41,22
"RNF166","s672_F_RAP_03_ASEReadCounter.table","NW_015090842.1:9562497",14,32,18
"RNF166","s672_F_RAP_03_ASEReadCounter.table","NW_015090842.1:9562539",12,30,18
"RNF166","s672_F_RAP_03_ASEReadCounter.table","NW_015090842.1:9564056",9,27,18
"CTU2","s672_F_RAP_03_ASEReadCounter.table","NW_015090842.1:9565149",15,28,13
"CTU2","s672_F_RAP_03_ASEReadCounter.table","NW_015090842.1:9565193",13,30,17
"CTU2","s672_F_RAP_03_ASEReadCounter.table","NW_015090842.1:9565300",12,33,21
"CTU2","s672_F_RAP_03_ASEReadCounter.table","NW_015090842.1:9565321",13,32,19
"CTU2","s672_F_RAP_03_ASEReadCounter.table","NW_015090842.1:9565721",9,24,15
"CTU2","s672_F_RAP_03_ASEReadCounter.table","NW_015090842.1:9565739",10,23,13
"CTU2","s672_F_RAP_03_ASEReadCounter.table","NW_015090842.1:9565905",11,29,18
"CTU2","s672_F_RAP_03_ASEReadCounter.table","NW_015090842.1:9566013",34,34,0
"CTU2","s672_F_RAP_03_ASEReadCounter.table","NW_015090842.1:9566055",17,35,18
"CTU2","s672_F_RAP_03_ASEReadCounter.table","NW_015090842.1:9566056",18,36,18
"CTU2","s672_F_RAP_03_ASEReadCounter.table","NW_015090842.1:9566151",10,32,22
"CTU2","s672_F_RAP_03_ASEReadCounter.table","NW_015090842.1:9566300",22,50,28
"CTU2","s672_F_RAP_03_ASEReadCounter.table","NW_015090842.1:9566342",22,46,24
"CTU2","s672_F_RAP_03_ASEReadCounter.table","NW_015090842.1:9566548",21,46,25
"CTU2","s672_F_RAP_03_ASEReadCounter.table","NW_015090842.1:9566625",23,47,24
"CTU2","s672_F_RAP_03_ASEReadCounter.table","NW_015090842.1:9566633",23,47,24
"CTU2","s672_F_RAP_03_ASEReadCounter.table","NW_015090842.1:9566807",27,54,27
"CTU2","s672_F_RAP_03_ASEReadCounter.table","NW_015090842.1:9567139",24,60,36
"CTU2","s672_F_RAP_03_ASEReadCounter.table","NW_015090842.1:9567156",27,64,37
"CTU2","s672_F_RAP_03_ASEReadCounter.table","NW_015090842.1:9567614",25,62,37
"CTU2","s672_F_RAP_03_ASEReadCounter.table","NW_015090842.1:9567677",25,55,30
"CTU2","s672_F_RAP_03_ASEReadCounter.table","NW_015090842.1:9567747",20,54,34
"CTU2","s672_F_RAP_03_ASEReadCounter.table","NW_015090842.1:9567828",23,40,17
"CTU2","s672_F_RAP_03_ASEReadCounter.table","NW_015090842.1:9567829",22,41,19
"CTU2","s672_F_RAP_03_ASEReadCounter.table","NW_015090842.1:9567885",17,35,18
"PIEZO1","s672_F_RAP_03_ASEReadCounter.table","NW_015090842.1:9568093",46,106,60
"PIEZO1","s672_F_RAP_03_ASEReadCounter.table","NW_015090842.1:9568672",43,121,78
"PIEZO1","s672_F_RAP_03_ASEReadCounter.table","NW_015090842.1:9568948",33,103,70
"PIEZO1","s672_F_RAP_03_ASEReadCounter.table","NW_015090842.1:9568987",76,77,1
"PIEZO1","s672_F_RAP_03_ASEReadCounter.table","NW_015090842.1:9569040",23,83,60
"PIEZO1","s672_F_RAP_03_ASEReadCounter.table","NW_015090842.1:9569180",26,75,49
"PIEZO1","s672_F_RAP_03_ASEReadCounter.table","NW_015090842.1:9569192",29,85,56
"PIEZO1","s672_F_RAP_03_ASEReadCounter.table","NW_015090842.1:9570088",34,52,18
"PIEZO1","s672_F_RAP_03_ASEReadCounter.table","NW_015090842.1:9570480",16,44,28
"PIEZO1","s672_F_RAP_03_ASEReadCounter.table","NW_015090842.1:9570639",25,44,19
"PIEZO1","s672_F_RAP_03_ASEReadCounter.table","NW_015090842.1:9571847",21,58,37
"PIEZO1","s672_F_RAP_03_ASEReadCounter.table","NW_015090842.1:9572371",15,36,21
"PIEZO1","s672_F_RAP_03_ASEReadCounter.table","NW_015090842.1:9572638",17,38,21
"PIEZO1","s672_F_RAP_03_ASEReadCounter.table","NW_015090842.1:9573156",29,69,40
"PIEZO1","s672_F_RAP_03_ASEReadCounter.table","NW_015090842.1:9573280",30,68,38
"PIEZO1","s672_F_RAP_03_ASEReadCounter.table","NW_015090842.1:9573566",24,47,23
"PIEZO1","s672_F_RAP_03_ASEReadCounter.table","NW_015090842.1:9575341",12,25,13
"PIEZO1","s672_F_RAP_03_ASEReadCounter.table","NW_015090842.1:9575367",9,22,13
"PIEZO1","s672_F_RAP_03_ASEReadCounter.table","NW_015090842.1:9575645",14,28,14
"PIEZO1","s672_F_RAP_03_ASEReadCounter.table","NW_015090842.1:9575696",17,33,16
"PIEZO1","s672_F_RAP_03_ASEReadCounter.table","NW_015090842.1:9575897",13,26,13
"PIEZO1","s672_F_RAP_03_ASEReadCounter.table","NW_015090842.1:9576060",13,25,12
"PIEZO1","s672_F_RAP_03_ASEReadCounter.table","NW_015090842.1:9576087",13,26,13
"PIEZO1","s672_F_RAP_03_ASEReadCounter.table","NW_015090842.1:9576093",12,26,14
"PIEZO1","s672_F_RAP_03_ASEReadCounter.table","NW_015090842.1:9576120",13,27,14
"PIEZO1","s672_F_RAP_03_ASEReadCounter.table","NW_015090842.1:9576687",8,25,17
"PIEZO1","s672_F_RAP_03_ASEReadCounter.table","NW_015090842.1:9576710",22,22,0
"PIEZO1","s672_F_RAP_03_ASEReadCounter.table","NW_015090842.1:9576723",6,22,16
"PIEZO1","s672_F_RAP_03_ASEReadCounter.table","NW_015090842.1:9578268",15,38,23
"PIEZO1","s672_F_RAP_03_ASEReadCounter.table","NW_015090842.1:9578770",10,23,13
"PIEZO1","s672_F_RAP_03_ASEReadCounter.table","NW_015090842.1:9578806",11,23,12
"PIEZO1","s672_F_RAP_03_ASEReadCounter.table","NW_015090842.1:9579064",6,24,18
"PIEZO1","s672_F_RAP_03_ASEReadCounter.table","NW_015090842.1:9579065",6,23,17
"PIEZO1","s672_F_RAP_03_ASEReadCounter.table","NW_015090842.1:9579347",8,26,18
"PIEZO1","s672_F_RAP_03_ASEReadCounter.table","NW_015090842.1:9580765",8,15,7
"PIEZO1","s672_F_RAP_03_ASEReadCounter.table","NW_015090842.1:9580996",4,10,6
"PIEZO1","s672_F_RAP_03_ASEReadCounter.table","NW_015090842.1:9581101",4,11,7
"PIEZO1","s672_F_RAP_03_ASEReadCounter.table","NW_015090842.1:9581299",9,17,8
"PIEZO1","s672_F_RAP_03_ASEReadCounter.table","NW_015090842.1:9581875",7,12,5
"PIEZO1","s672_F_RAP_03_ASEReadCounter.table","NW_015090842.1:9582046",8,11,3
"PIEZO1","s672_F_RAP_03_ASEReadCounter.table","NW_015090842.1:9582961",2,8,6
"PIEZO1","s672_F_RAP_03_ASEReadCounter.table","NW_015090842.1:9583298",5,14,9
"PIEZO1","s672_F_RAP_03_ASEReadCounter.table","NW_015090842.1:9584337",4,9,5
"PIEZO1","s672_F_RAP_03_ASEReadCounter.table","NW_015090842.1:9584425",4,11,7
"PIEZO1","s672_F_RAP_03_ASEReadCounter.table","NW_015090842.1:9584435",5,14,9
"PIEZO1","s672_F_RAP_03_ASEReadCounter.table","NW_015090842.1:9584438",5,14,9
"PIEZO1","s672_F_RAP_03_ASEReadCounter.table","NW_015090842.1:9584441",4,13,9
"CDT1","s672_F_RAP_03_ASEReadCounter.table","NW_015090842.1:9596596",1,2,1
"CDT1","s672_F_RAP_03_ASEReadCounter.table","NW_015090842.1:9596766",1,6,5
"CDT1","s672_F_RAP_03_ASEReadCounter.table","NW_015090842.1:9597054",5,7,2
"CDT1","s672_F_RAP_03_ASEReadCounter.table","NW_015090842.1:9597074",4,7,3
"CDT1","s672_F_RAP_03_ASEReadCounter.table","NW_015090842.1:9597137",4,10,6
"CDT1","s672_F_RAP_03_ASEReadCounter.table","NW_015090842.1:9597756",3,7,4
"CDT1","s672_F_RAP_03_ASEReadCounter.table","NW_015090842.1:9597766",3,8,5
"CDT1","s672_F_RAP_03_ASEReadCounter.table","NW_015090842.1:9598496",6,18,12
"CDT1","s672_F_RAP_03_ASEReadCounter.table","NW_015090842.1:9598498",6,16,10
"CDT1","s672_F_RAP_03_ASEReadCounter.table","NW_015090842.1:9598816",5,14,9
"CDT1","s672_F_RAP_03_ASEReadCounter.table","NW_015090842.1:9598879",6,14,8
"CDT1","s672_F_RAP_03_ASEReadCounter.table","NW_015090842.1:9598912",5,14,9
"CDT1","s672_F_RAP_03_ASEReadCounter.table","NW_015090842.1:9598959",9,15,6
"CDT1","s672_F_RAP_03_ASEReadCounter.table","NW_015090842.1:9599807",10,13,3
"CDT1","s672_F_RAP_03_ASEReadCounter.table","NW_015090842.1:9599819",10,14,4
"CDT1","s672_F_RAP_03_ASEReadCounter.table","NW_015090842.1:9599845",14,17,3
"CDT1","s672_F_RAP_03_ASEReadCounter.table","NW_015090842.1:9600148",16,30,14
"CDT1","s672_F_RAP_03_ASEReadCounter.table","NW_015090842.1:9600151",17,30,13
"CDT1","s672_F_RAP_03_ASEReadCounter.table","NW_015090842.1:9600217",17,38,21
"CDT1","s672_F_RAP_03_ASEReadCounter.table","NW_015090842.1:9600226",17,37,20
"CDT1","s672_F_RAP_03_ASEReadCounter.table","NW_015090842.1:9600260",10,26,16
"CDT1","s672_F_RAP_03_ASEReadCounter.table","NW_015090842.1:9600268",10,23,13
"CDT1","s672_F_RAP_03_ASEReadCounter.table","NW_015090842.1:9600305",12,19,7
"CDT1","s672_F_RAP_03_ASEReadCounter.table","NW_015090842.1:9600397",9,23,14
"CDT1","s672_F_RAP_03_ASEReadCounter.table","NW_015090842.1:9600447",3,17,14
"CDT1","s672_F_RAP_03_ASEReadCounter.table","NW_015090842.1:9600450",4,14,10
"CDT1","s672_F_RAP_03_ASEReadCounter.table","NW_015090842.1:9600485",8,17,9
"CDT1","s672_F_RAP_03_ASEReadCounter.table","NW_015090842.1:9600579",13,24,11
"APRT","s672_F_RAP_03_ASEReadCounter.table","NW_015090842.1:9602308",27,62,35
"APRT","s672_F_RAP_03_ASEReadCounter.table","NW_015090842.1:9602440",54,128,74
"APRT","s672_F_RAP_03_ASEReadCounter.table","NW_015090842.1:9602449",52,126,74
"APRT","s672_F_RAP_03_ASEReadCounter.table","NW_015090842.1:9602451",54,133,79
"APRT","s672_F_RAP_03_ASEReadCounter.table","NW_015090842.1:9602455",54,129,75
"APRT","s672_F_RAP_03_ASEReadCounter.table","NW_015090842.1:9602462",53,128,75
"APRT","s672_F_RAP_03_ASEReadCounter.table","NW_015090842.1:9602507",50,118,68
"APRT","s672_F_RAP_03_ASEReadCounter.table","NW_015090842.1:9602514",53,113,60
"APRT","s672_F_RAP_03_ASEReadCounter.table","NW_015090842.1:9602530",50,104,54
"APRT","s672_F_RAP_03_ASEReadCounter.table","NW_015090842.1:9602582",38,97,59
"APRT","s672_F_RAP_03_ASEReadCounter.table","NW_015090842.1:9602583",38,98,60
"APRT","s672_F_RAP_03_ASEReadCounter.table","NW_015090842.1:9602650",51,121,70
"APRT","s672_F_RAP_03_ASEReadCounter.table","NW_015090842.1:9602655",50,117,67
"APRT","s672_F_RAP_03_ASEReadCounter.table","NW_015090842.1:9602712",48,119,71
"APRT","s672_F_RAP_03_ASEReadCounter.table","NW_015090842.1:9602764",55,137,82
"APRT","s672_F_RAP_03_ASEReadCounter.table","NW_015090842.1:9602821",48,127,79
"APRT","s672_F_RAP_03_ASEReadCounter.table","NW_015090842.1:9602867",53,112,59
"APRT","s672_F_RAP_03_ASEReadCounter.table","NW_015090842.1:9602883",53,117,64
"APRT","s672_F_RAP_03_ASEReadCounter.table","NW_015090842.1:9602886",54,118,64
"APRT","s672_F_RAP_03_ASEReadCounter.table","NW_015090842.1:9602948",60,122,62
"APRT","s672_F_RAP_03_ASEReadCounter.table","NW_015090842.1:9602958",60,130,70
"APRT","s672_F_RAP_03_ASEReadCounter.table","NW_015090842.1:9603020",67,153,86
"APRT","s672_F_RAP_03_ASEReadCounter.table","NW_015090842.1:9603025",66,151,85
"APRT","s672_F_RAP_03_ASEReadCounter.table","NW_015090842.1:9603154",48,111,63
"APRT","s672_F_RAP_03_ASEReadCounter.table","NW_015090842.1:9603166",54,119,65
"APRT","s672_F_RAP_03_ASEReadCounter.table","NW_015090842.1:9603326",54,133,79
"APRT","s672_F_RAP_03_ASEReadCounter.table","NW_015090842.1:9603419",55,105,50
"APRT","s672_F_RAP_03_ASEReadCounter.table","NW_015090842.1:9603420",55,101,46
"APRT","s672_F_RAP_03_ASEReadCounter.table","NW_015090842.1:9603464",48,87,39
"APRT","s672_F_RAP_03_ASEReadCounter.table","NW_015090842.1:9603528",48,97,49
"APRT","s672_F_RAP_03_ASEReadCounter.table","NW_015090842.1:9603607",43,97,54
"APRT","s672_F_RAP_03_ASEReadCounter.table","NW_015090842.1:9603622",43,88,45
"APRT","s672_F_RAP_03_ASEReadCounter.table","NW_015090842.1:9604361",31,68,37
"APRT","s672_F_RAP_03_ASEReadCounter.table","NW_015090842.1:9605317",36,60,24
"APRT","s672_F_RAP_03_ASEReadCounter.table","NW_015090842.1:9605336",34,64,30
"GALNS","s672_F_RAP_03_ASEReadCounter.table","NW_015090842.1:9612872",15,24,9
"GALNS","s672_F_RAP_03_ASEReadCounter.table","NW_015090842.1:9612873",11,20,9
"GALNS","s672_F_RAP_03_ASEReadCounter.table","NW_015090842.1:9612877",13,21,8
"GALNS","s672_F_RAP_03_ASEReadCounter.table","NW_015090842.1:9612942",30,56,26
"GALNS","s672_F_RAP_03_ASEReadCounter.table","NW_015090842.1:9612987",43,43,0
"GALNS","s672_F_RAP_03_ASEReadCounter.table","NW_015090842.1:9613064",36,61,25
"GALNS","s672_F_RAP_03_ASEReadCounter.table","NW_015090842.1:9613096",47,84,37
"GALNS","s672_F_RAP_03_ASEReadCounter.table","NW_015090842.1:9613123",38,81,43
"GALNS","s672_F_RAP_03_ASEReadCounter.table","NW_015090842.1:9613125",38,80,42
"GALNS","s672_F_RAP_03_ASEReadCounter.table","NW_015090842.1:9613193",45,79,34
"GALNS","s672_F_RAP_03_ASEReadCounter.table","NW_015090842.1:9613226",46,79,33
"GALNS","s672_F_RAP_03_ASEReadCounter.table","NW_015090842.1:9613249",44,86,42
"GALNS","s672_F_RAP_03_ASEReadCounter.table","NW_015090842.1:9613256",47,91,44
"GALNS","s672_F_RAP_03_ASEReadCounter.table","NW_015090842.1:9613317",38,75,37
"GALNS","s672_F_RAP_03_ASEReadCounter.table","NW_015090842.1:9613343",36,72,36
"GALNS","s672_F_RAP_03_ASEReadCounter.table","NW_015090842.1:9613344",37,74,37
"GALNS","s672_F_RAP_03_ASEReadCounter.table","NW_015090842.1:9613371",37,74,37
"GALNS","s672_F_RAP_03_ASEReadCounter.table","NW_015090842.1:9613378",39,80,41
"GALNS","s672_F_RAP_03_ASEReadCounter.table","NW_015090842.1:9613379",40,81,41
"GALNS","s672_F_RAP_03_ASEReadCounter.table","NW_015090842.1:9613516",44,84,40
"GALNS","s672_F_RAP_03_ASEReadCounter.table","NW_015090842.1:9613572",33,82,49
"GALNS","s672_F_RAP_03_ASEReadCounter.table","NW_015090842.1:9613597",24,80,56
"GALNS","s672_F_RAP_03_ASEReadCounter.table","NW_015090842.1:9613627",20,71,51
"GALNS","s672_F_RAP_03_ASEReadCounter.table","NW_015090842.1:9613640",19,69,50
"GALNS","s672_F_RAP_03_ASEReadCounter.table","NW_015090842.1:9614025",36,71,35
"GALNS","s672_F_RAP_03_ASEReadCounter.table","NW_015090842.1:9614169",31,70,39
"GALNS","s672_F_RAP_03_ASEReadCounter.table","NW_015090842.1:9614232",70,70,0
"GALNS","s672_F_RAP_03_ASEReadCounter.table","NW_015090842.1:9614667",32,52,20
"GALNS","s672_F_RAP_03_ASEReadCounter.table","NW_015090842.1:9614709",27,50,23
"GALNS","s672_F_RAP_03_ASEReadCounter.table","NW_015090842.1:9614880",35,56,21
"GALNS","s672_F_RAP_03_ASEReadCounter.table","NW_015090842.1:9614902",31,54,23
"GALNS","s672_F_RAP_03_ASEReadCounter.table","NW_015090842.1:9614960",25,43,18
"GALNS","s672_F_RAP_03_ASEReadCounter.table","NW_015090842.1:9615114",26,52,26
"GALNS","s672_F_RAP_03_ASEReadCounter.table","NW_015090842.1:9615199",19,48,29
"GALNS","s672_F_RAP_03_ASEReadCounter.table","NW_015090842.1:9615217",14,39,25
"GALNS","s672_F_RAP_03_ASEReadCounter.table","NW_015090842.1:9615277",12,38,26
"GALNS","s672_F_RAP_03_ASEReadCounter.table","NW_015090842.1:9615377",21,50,29
"GALNS","s672_F_RAP_03_ASEReadCounter.table","NW_015090842.1:9647858",12,38,26
"GALNS","s672_F_RAP_03_ASEReadCounter.table","NW_015090842.1:9649186",15,31,16
"GALNS","s672_F_RAP_03_ASEReadCounter.table","NW_015090842.1:9649237",16,31,15
"GALNS","s672_F_RAP_03_ASEReadCounter.table","NW_015090842.1:9661193",4,9,5
"TRAPPC2L","s672_F_RAP_03_ASEReadCounter.table","NW_015090842.1:9662951",211,382,171
"TRAPPC2L","s672_F_RAP_03_ASEReadCounter.table","NW_015090842.1:9663014",217,368,151
"TRAPPC2L","s672_F_RAP_03_ASEReadCounter.table","NW_015090842.1:9664305",341,341,0
"TRAPPC2L","s672_F_RAP_03_ASEReadCounter.table","NW_015090842.1:9665155",188,307,119
"TRAPPC2L","s672_F_RAP_03_ASEReadCounter.table","NW_015090842.1:9665211",52,103,51
"PABPN1L","s672_F_RAP_03_ASEReadCounter.table","NW_015090842.1:9669959",1,1,0
"CBFA2T3","s672_F_RAP_03_ASEReadCounter.table","NW_015090842.1:9709469",1,26,25
"CBFA2T3","s672_F_RAP_03_ASEReadCounter.table","NW_015090842.1:9709475",1,27,26
"CBFA2T3","s672_F_RAP_03_ASEReadCounter.table","NW_015090842.1:9711845",0,8,8
"CBFA2T3","s672_F_RAP_03_ASEReadCounter.table","NW_015090842.1:9712157",0,10,10
"CBFA2T3","s672_F_RAP_03_ASEReadCounter.table","NW_015090842.1:9712160",0,10,10
"CBFA2T3","s672_F_RAP_03_ASEReadCounter.table","NW_015090842.1:9712166",0,10,10
"CBFA2T3","s672_F_RAP_03_ASEReadCounter.table","NW_015090842.1:9712536",5,12,7
"CBFA2T3","s672_F_RAP_03_ASEReadCounter.table","NW_015090842.1:9712673",9,17,8
"CBFA2T3","s672_F_RAP_03_ASEReadCounter.table","NW_015090842.1:9712787",10,20,10
"CBFA2T3","s672_F_RAP_03_ASEReadCounter.table","NW_015090842.1:9712791",12,20,8
"CBFA2T3","s672_F_RAP_03_ASEReadCounter.table","NW_015090842.1:9712805",10,18,8
"CBFA2T3","s672_F_RAP_03_ASEReadCounter.table","NW_015090842.1:9712811",9,16,7
"CBFA2T3","s672_F_RAP_03_ASEReadCounter.table","NW_015090842.1:9712848",12,26,14
"CBFA2T3","s672_F_RAP_03_ASEReadCounter.table","NW_015090842.1:9713088",7,17,10
"CBFA2T3","s672_F_RAP_03_ASEReadCounter.table","NW_015090842.1:9713121",8,19,11
"CBFA2T3","s672_F_RAP_03_ASEReadCounter.table","NW_015090842.1:9717058",19,40,21
"CBFA2T3","s672_F_RAP_03_ASEReadCounter.table","NW_015090842.1:9717093",21,38,17
"CBFA2T3","s672_F_RAP_03_ASEReadCounter.table","NW_015090842.1:9717114",17,29,12
"CBFA2T3","s672_F_RAP_03_ASEReadCounter.table","NW_015090842.1:9717139",10,22,12
"CBFA2T3","s672_F_RAP_03_ASEReadCounter.table","NW_015090842.1:9719788",13,29,16
"CBFA2T3","s672_F_RAP_03_ASEReadCounter.table","NW_015090842.1:9728475",4,5,1
"CBFA2T3","s672_F_RAP_03_ASEReadCounter.table","NW_015090842.1:9728522",2,5,3
"CBFA2T3","s672_F_RAP_03_ASEReadCounter.table","NW_015090842.1:9728525",2,5,3
"CBFA2T3","s672_F_RAP_03_ASEReadCounter.table","NW_015090842.1:9728588",0,3,3
"CBFA2T3","s672_F_RAP_03_ASEReadCounter.table","NW_015090842.1:9728601",0,2,2
"CBFA2T3","s672_F_RAP_03_ASEReadCounter.table","NW_015090842.1:9728611",0,1,1
"ACSF3","s672_F_RAP_03_ASEReadCounter.table","NW_015090842.1:9773379",0,2,2
"ACSF3","s672_F_RAP_03_ASEReadCounter.table","NW_015090842.1:9773382",0,2,2
"ACSF3","s672_F_RAP_03_ASEReadCounter.table","NW_015090842.1:9773384",0,2,2
"ACSF3","s672_F_RAP_03_ASEReadCounter.table","NW_015090842.1:9773388",1,5,4
"ACSF3","s672_F_RAP_03_ASEReadCounter.table","NW_015090842.1:9776753",10,12,2
"ACSF3","s672_F_RAP_03_ASEReadCounter.table","NW_015090842.1:9776783",10,11,1
"ACSF3","s672_F_RAP_03_ASEReadCounter.table","NW_015090842.1:9776879",15,19,4
"ACSF3","s672_F_RAP_03_ASEReadCounter.table","NW_015090842.1:9776965",11,20,9
"ACSF3","s672_F_RAP_03_ASEReadCounter.table","NW_015090842.1:9777091",13,24,11
"ACSF3","s672_F_RAP_03_ASEReadCounter.table","NW_015090842.1:9777206",19,28,9
"ACSF3","s672_F_RAP_03_ASEReadCounter.table","NW_015090842.1:9777283",19,36,17
"ACSF3","s672_F_RAP_03_ASEReadCounter.table","NW_015090842.1:9778955",13,39,26
"ACSF3","s672_F_RAP_03_ASEReadCounter.table","NW_015090842.1:9778997",16,67,51
"ACSF3","s672_F_RAP_03_ASEReadCounter.table","NW_015090842.1:9789311",25,63,38
"ACSF3","s672_F_RAP_03_ASEReadCounter.table","NW_015090842.1:9789906",3,40,37
"ACSF3","s672_F_RAP_03_ASEReadCounter.table","NW_015090842.1:9834743",44,95,51
"ACSF3","s672_F_RAP_03_ASEReadCounter.table","NW_015090842.1:9834852",42,93,51
"ACSF3","s672_F_RAP_03_ASEReadCounter.table","NW_015090842.1:9834861",39,88,49
"ACSF3","s672_F_RAP_03_ASEReadCounter.table","NW_015090842.1:9839359",23,62,39
"ACSF3","s672_F_RAP_03_ASEReadCounter.table","NW_015090842.1:9839378",23,65,42
"ACSF3","s672_F_RAP_03_ASEReadCounter.table","NW_015090842.1:9839455",18,62,44
"ACSF3","s672_F_RAP_03_ASEReadCounter.table","NW_015090842.1:9839457",18,61,43
"ACSF3","s672_F_RAP_03_ASEReadCounter.table","NW_015090842.1:9839489",18,47,29
"ACSF3","s672_F_RAP_03_ASEReadCounter.table","NW_015090842.1:9839500",14,43,29
"ACSF3","s672_F_RAP_03_ASEReadCounter.table","NW_015090842.1:9839501",14,43,29
"ACSF3","s672_F_RAP_03_ASEReadCounter.table","NW_015090842.1:9839504",18,44,26
"ACSF3","s672_F_RAP_03_ASEReadCounter.table","NW_015090842.1:9839512",15,34,19
"ACSF3","s672_F_RAP_03_ASEReadCounter.table","NW_015090842.1:9839527",10,22,12
"ACSF3","s672_F_RAP_03_ASEReadCounter.table","NW_015090842.1:9839533",8,19,11
"ACSF3","s672_F_RAP_03_ASEReadCounter.table","NW_015090842.1:9839535",8,17,9
"ACSF3","s672_F_RAP_03_ASEReadCounter.table","NW_015090842.1:9839545",5,14,9
"ACSF3","s672_F_RAP_03_ASEReadCounter.table","NW_015090842.1:9839550",4,13,9
"ACSF3","s672_F_RAP_03_ASEReadCounter.table","NW_015090842.1:9839551",4,13,9
"CDH15","s672_F_RAP_03_ASEReadCounter.table","NW_015090842.1:9847163",1,1,0
"CDH15","s672_F_RAP_03_ASEReadCounter.table","NW_015090842.1:9847174",1,1,0
"CDH15","s672_F_RAP_03_ASEReadCounter.table","NW_015090842.1:9848004",1,2,1
"CDH15","s672_F_RAP_03_ASEReadCounter.table","NW_015090842.1:9848220",1,2,1
"CDH15","s672_F_RAP_03_ASEReadCounter.table","NW_015090842.1:9848265",0,2,2
"CDH15","s672_F_RAP_03_ASEReadCounter.table","NW_015090842.1:9848307",0,2,2
"CDH15","s672_F_RAP_03_ASEReadCounter.table","NW_015090842.1:9848310",0,2,2
"CDH15","s672_F_RAP_03_ASEReadCounter.table","NW_015090842.1:9848313",0,1,1
"CDH15","s672_F_RAP_03_ASEReadCounter.table","NW_015090842.1:9848531",3,3,0
"CDH15","s672_F_RAP_03_ASEReadCounter.table","NW_015090842.1:9848552",3,3,0
"CDH15","s672_F_RAP_03_ASEReadCounter.table","NW_015090842.1:9848888",0,1,1
"CDH15","s672_F_RAP_03_ASEReadCounter.table","NW_015090842.1:9848936",0,1,1
"CDH15","s672_F_RAP_03_ASEReadCounter.table","NW_015090842.1:9849086",0,2,2
"CDH15","s672_F_RAP_03_ASEReadCounter.table","NW_015090842.1:9849119",1,3,2
"CDH15","s672_F_RAP_03_ASEReadCounter.table","NW_015090842.1:9849140",1,2,1
"CDH15","s672_F_RAP_03_ASEReadCounter.table","NW_015090842.1:9849473",2,2,0
"CDH15","s672_F_RAP_03_ASEReadCounter.table","NW_015090842.1:9850141",2,3,1
"CDH15","s672_F_RAP_03_ASEReadCounter.table","NW_015090842.1:9850432",2,2,0
"CDH15","s672_F_RAP_03_ASEReadCounter.table","NW_015090842.1:9850609",2,2,0
"SLC22A31","s672_F_RAP_03_ASEReadCounter.table","NW_015090842.1:9850797",1,1,0
"SLC22A31","s672_F_RAP_03_ASEReadCounter.table","NW_015090842.1:9850818",2,2,0
"SLC22A31","s672_F_RAP_03_ASEReadCounter.table","NW_015090842.1:9850929",2,3,1
"SLC22A31","s672_F_RAP_03_ASEReadCounter.table","NW_015090842.1:9850936",2,3,1
"SLC22A31","s672_F_RAP_03_ASEReadCounter.table","NW_015090842.1:9850940",2,3,1
"SLC22A31","s672_F_RAP_03_ASEReadCounter.table","NW_015090842.1:9850948",2,3,1
"SLC22A31","s672_F_RAP_03_ASEReadCounter.table","NW_015090842.1:9850961",2,3,1
"SLC22A31","s672_F_RAP_03_ASEReadCounter.table","NW_015090842.1:9850970",2,3,1
"SLC22A31","s672_F_RAP_03_ASEReadCounter.table","NW_015090842.1:9850978",1,2,1
"SLC22A31","s672_F_RAP_03_ASEReadCounter.table","NW_015090842.1:9850981",1,2,1
"SLC22A31","s672_F_RAP_03_ASEReadCounter.table","NW_015090842.1:9851117",5,9,4
"SLC22A31","s672_F_RAP_03_ASEReadCounter.table","NW_015090842.1:9851130",6,10,4
"SLC22A31","s672_F_RAP_03_ASEReadCounter.table","NW_015090842.1:9851139",7,11,4
"SLC22A31","s672_F_RAP_03_ASEReadCounter.table","NW_015090842.1:9851265",8,13,5
"SLC22A31","s672_F_RAP_03_ASEReadCounter.table","NW_015090842.1:9851302",8,15,7
"SLC22A31","s672_F_RAP_03_ASEReadCounter.table","NW_015090842.1:9851303",9,16,7
"SLC22A31","s672_F_RAP_03_ASEReadCounter.table","NW_015090842.1:9851305",9,16,7
"SLC22A31","s672_F_RAP_03_ASEReadCounter.table","NW_015090842.1:9851343",7,12,5
"SLC22A31","s672_F_RAP_03_ASEReadCounter.table","NW_015090842.1:9851344",8,12,4
"SLC22A31","s672_F_RAP_03_ASEReadCounter.table","NW_015090842.1:9851361",12,12,0
"SLC22A31","s672_F_RAP_03_ASEReadCounter.table","NW_015090842.1:9851381",7,11,4
"SLC22A31","s672_F_RAP_03_ASEReadCounter.table","NW_015090842.1:9851421",8,15,7
"SLC22A31","s672_F_RAP_03_ASEReadCounter.table","NW_015090842.1:9851501",9,18,9
"SLC22A31","s672_F_RAP_03_ASEReadCounter.table","NW_015090842.1:9851526",11,22,11
"SLC22A31","s672_F_RAP_03_ASEReadCounter.table","NW_015090842.1:9851589",7,19,12
"SLC22A31","s672_F_RAP_03_ASEReadCounter.table","NW_015090842.1:9851712",9,23,14
"SLC22A31","s672_F_RAP_03_ASEReadCounter.table","NW_015090842.1:9851899",8,18,10
"SLC22A31","s672_F_RAP_03_ASEReadCounter.table","NW_015090842.1:9852139",7,18,11
"SLC22A31","s672_F_RAP_03_ASEReadCounter.table","NW_015090842.1:9852380",8,18,10
"SLC22A31","s672_F_RAP_03_ASEReadCounter.table","NW_015090842.1:9852431",9,13,4
"SLC22A31","s672_F_RAP_03_ASEReadCounter.table","NW_015090842.1:9852630",6,9,3
"SLC22A31","s672_F_RAP_03_ASEReadCounter.table","NW_015090842.1:9852711",2,3,1
"SLC22A31","s672_F_RAP_03_ASEReadCounter.table","NW_015090842.1:9853099",5,9,4
"SLC22A31","s672_F_RAP_03_ASEReadCounter.table","NW_015090842.1:9853102",5,10,5
"SLC22A31","s672_F_RAP_03_ASEReadCounter.table","NW_015090842.1:9853421",5,6,1
"SLC22A31","s672_F_RAP_03_ASEReadCounter.table","NW_015090842.1:9853457",5,6,1
"SLC22A31","s672_F_RAP_03_ASEReadCounter.table","NW_015090842.1:9853502",3,3,0
"ANKRD11","s672_F_RAP_03_ASEReadCounter.table","NW_015090842.1:9858863",5,15,10
"ANKRD11","s672_F_RAP_03_ASEReadCounter.table","NW_015090842.1:9859101",125,264,139
"ANKRD11","s672_F_RAP_03_ASEReadCounter.table","NW_015090842.1:9859352",115,321,206
"ANKRD11","s672_F_RAP_03_ASEReadCounter.table","NW_015090842.1:9859381",21,192,171
"ANKRD11","s672_F_RAP_03_ASEReadCounter.table","NW_015090842.1:9859679",134,278,144
"ANKRD11","s672_F_RAP_03_ASEReadCounter.table","NW_015090842.1:9861097",102,214,112
"ANKRD11","s672_F_RAP_03_ASEReadCounter.table","NW_015090842.1:9862571",61,140,79
"ANKRD11","s672_F_RAP_03_ASEReadCounter.table","NW_015090842.1:9862652",49,82,33
"ANKRD11","s672_F_RAP_03_ASEReadCounter.table","NW_015090842.1:9866071",0,89,89
"ANKRD11","s672_F_RAP_03_ASEReadCounter.table","NW_015090842.1:9866200",0,70,70
"ANKRD11","s672_F_RAP_03_ASEReadCounter.table","NW_015090842.1:9867391",31,65,34
"ANKRD11","s672_F_RAP_03_ASEReadCounter.table","NW_015090842.1:9867472",41,96,55
"ANKRD11","s672_F_RAP_03_ASEReadCounter.table","NW_015090842.1:9867559",46,98,52
"ANKRD11","s672_F_RAP_03_ASEReadCounter.table","NW_015090842.1:9867667",49,122,73
"ANKRD11","s672_F_RAP_03_ASEReadCounter.table","NW_015090842.1:9867934",50,112,62
"ANKRD11","s672_F_RAP_03_ASEReadCounter.table","NW_015090842.1:9868064",51,106,55
"ANKRD11","s672_F_RAP_03_ASEReadCounter.table","NW_015090842.1:9868093",51,110,59
"ANKRD11","s672_F_RAP_03_ASEReadCounter.table","NW_015090842.1:9868222",53,115,62
"ANKRD11","s672_F_RAP_03_ASEReadCounter.table","NW_015090842.1:9868327",57,129,72
"ANKRD11","s672_F_RAP_03_ASEReadCounter.table","NW_015090842.1:9868414",82,171,89
"ANKRD11","s672_F_RAP_03_ASEReadCounter.table","NW_015090842.1:9868441",77,155,78
"ANKRD11","s672_F_RAP_03_ASEReadCounter.table","NW_015090842.1:9868444",76,165,89
"ANKRD11","s672_F_RAP_03_ASEReadCounter.table","NW_015090842.1:9868519",89,190,101
"ANKRD11","s672_F_RAP_03_ASEReadCounter.table","NW_015090842.1:9868609",96,185,89
"ANKRD11","s672_F_RAP_03_ASEReadCounter.table","NW_015090842.1:9868666",123,230,107
"ANKRD11","s672_F_RAP_03_ASEReadCounter.table","NW_015090842.1:9868738",229,229,0
"ANKRD11","s672_F_RAP_03_ASEReadCounter.table","NW_015090842.1:9869431",138,282,144
"ANKRD11","s672_F_RAP_03_ASEReadCounter.table","NW_015090842.1:9869578",217,464,247
"ANKRD11","s672_F_RAP_03_ASEReadCounter.table","NW_015090842.1:9869734",225,451,226
"ANKRD11","s672_F_RAP_03_ASEReadCounter.table","NW_015090842.1:9870070",163,375,212
"ANKRD11","s672_F_RAP_03_ASEReadCounter.table","NW_015090842.1:9870349",185,405,220
"ANKRD11","s672_F_RAP_03_ASEReadCounter.table","NW_015090842.1:9870604",187,406,219
"ANKRD11","s672_F_RAP_03_ASEReadCounter.table","NW_015090842.1:9870613",203,446,243
"ANKRD11","s672_F_RAP_03_ASEReadCounter.table","NW_015090842.1:9870685",264,590,326
"ANKRD11","s672_F_RAP_03_ASEReadCounter.table","NW_015090842.1:9870760",231,507,276
"ANKRD11","s672_F_RAP_03_ASEReadCounter.table","NW_015090842.1:9870847",199,435,236
"ANKRD11","s672_F_RAP_03_ASEReadCounter.table","NW_015090842.1:9871103",162,331,169
"ANKRD11","s672_F_RAP_03_ASEReadCounter.table","NW_015090842.1:9871165",159,339,180
"ANKRD11","s672_F_RAP_03_ASEReadCounter.table","NW_015090842.1:9871508",279,279,0
"ANKRD11","s672_F_RAP_03_ASEReadCounter.table","NW_015090842.1:9871820",56,141,85
"ANKRD11","s672_F_RAP_03_ASEReadCounter.table","NW_015090842.1:9872118",53,125,72
"ANKRD11","s672_F_RAP_03_ASEReadCounter.table","NW_015090842.1:9877406",30,60,30
"SPG7","s672_F_RAP_03_ASEReadCounter.table","NW_015090842.1:10051190",104,214,110
"SPG7","s672_F_RAP_03_ASEReadCounter.table","NW_015090842.1:10051218",104,234,130
"SPG7","s672_F_RAP_03_ASEReadCounter.table","NW_015090842.1:10052348",117,246,129
"SPG7","s672_F_RAP_03_ASEReadCounter.table","NW_015090842.1:10052366",124,243,119
"SPG7","s672_F_RAP_03_ASEReadCounter.table","NW_015090842.1:10065173",165,327,162
"SPG7","s672_F_RAP_03_ASEReadCounter.table","NW_015090842.1:10065215",176,332,156
"SPG7","s672_F_RAP_03_ASEReadCounter.table","NW_015090842.1:10066365",141,256,115
"SPG7","s672_F_RAP_03_ASEReadCounter.table","NW_015090842.1:10069752",174,326,152
"SPG7","s672_F_RAP_03_ASEReadCounter.table","NW_015090842.1:10069800",175,340,165
"SPG7","s672_F_RAP_03_ASEReadCounter.table","NW_015090842.1:10071192",188,394,206
"SPG7","s672_F_RAP_03_ASEReadCounter.table","NW_015090842.1:10071219",169,362,193
"SPG7","s672_F_RAP_03_ASEReadCounter.table","NW_015090842.1:10071967",174,346,172
"SPG7","s672_F_RAP_03_ASEReadCounter.table","NW_015090842.1:10075109",267,501,234
"SPG7","s672_F_RAP_03_ASEReadCounter.table","NW_015090842.1:10075114",269,489,220
"SPG7","s672_F_RAP_03_ASEReadCounter.table","NW_015090842.1:10075198",237,409,172
"SPG7","s672_F_RAP_03_ASEReadCounter.table","NW_015090842.1:10075487",187,341,154
"SPG7","s672_F_RAP_03_ASEReadCounter.table","NW_015090842.1:10075488",187,344,157
"SPG7","s672_F_RAP_03_ASEReadCounter.table","NW_015090842.1:10075548",136,244,108
"RPL13","s672_F_RAP_03_ASEReadCounter.table","NW_015090842.1:10077387",541,1172,631
"RPL13","s672_F_RAP_03_ASEReadCounter.table","NW_015090842.1:10077978",843,1748,905
"RPL13","s672_F_RAP_03_ASEReadCounter.table","NW_015090842.1:10077992",837,1693,856
"CPNE7","s672_F_RAP_03_ASEReadCounter.table","NW_015090842.1:10084001",0,1,1
"CPNE7","s672_F_RAP_03_ASEReadCounter.table","NW_015090842.1:10084856",1,1,0
"CPNE7","s672_F_RAP_03_ASEReadCounter.table","NW_015090842.1:10084872",1,1,0
"CPNE7","s672_F_RAP_03_ASEReadCounter.table","NW_015090842.1:10084892",3,4,1
"CPNE7","s672_F_RAP_03_ASEReadCounter.table","NW_015090842.1:10084921",5,6,1
"CPNE7","s672_F_RAP_03_ASEReadCounter.table","NW_015090842.1:10084935",5,6,1
"CPNE7","s672_F_RAP_03_ASEReadCounter.table","NW_015090842.1:10085000",3,3,0
"CPNE7","s672_F_RAP_03_ASEReadCounter.table","NW_015090842.1:10085089",5,8,3
"CPNE7","s672_F_RAP_03_ASEReadCounter.table","NW_015090842.1:10085096",5,8,3
"CPNE7","s672_F_RAP_03_ASEReadCounter.table","NW_015090842.1:10085126",3,6,3
"CPNE7","s672_F_RAP_03_ASEReadCounter.table","NW_015090842.1:10085167",6,6,0
"CPNE7","s672_F_RAP_03_ASEReadCounter.table","NW_015090842.1:10085180",4,6,2
"CPNE7","s672_F_RAP_03_ASEReadCounter.table","NW_015090842.1:10085201",4,5,1
"CPNE7","s672_F_RAP_03_ASEReadCounter.table","NW_015090842.1:10088134",6,6,0
"CPNE7","s672_F_RAP_03_ASEReadCounter.table","NW_015090842.1:10088146",6,7,1
"CPNE7","s672_F_RAP_03_ASEReadCounter.table","NW_015090842.1:10088806",7,10,3
"CPNE7","s672_F_RAP_03_ASEReadCounter.table","NW_015090842.1:10088940",5,10,5
"CPNE7","s672_F_RAP_03_ASEReadCounter.table","NW_015090842.1:10088965",6,11,5
"CPNE7","s672_F_RAP_03_ASEReadCounter.table","NW_015090842.1:10088967",6,11,5
"CPNE7","s672_F_RAP_03_ASEReadCounter.table","NW_015090842.1:10088973",6,11,5
"CPNE7","s672_F_RAP_03_ASEReadCounter.table","NW_015090842.1:10090924",11,18,7
"CPNE7","s672_F_RAP_03_ASEReadCounter.table","NW_015090842.1:10090930",11,17,6
"CPNE7","s672_F_RAP_03_ASEReadCounter.table","NW_015090842.1:10091075",9,15,6
"CPNE7","s672_F_RAP_03_ASEReadCounter.table","NW_015090842.1:10091389",8,16,8
"CPNE7","s672_F_RAP_03_ASEReadCounter.table","NW_015090842.1:10091407",11,20,9
"CPNE7","s672_F_RAP_03_ASEReadCounter.table","NW_015090842.1:10091488",15,15,0
"CPNE7","s672_F_RAP_03_ASEReadCounter.table","NW_015090842.1:10091491",15,15,0
"CPNE7","s672_F_RAP_03_ASEReadCounter.table","NW_015090842.1:10091530",14,18,4
"CPNE7","s672_F_RAP_03_ASEReadCounter.table","NW_015090842.1:10091875",11,18,7
"CPNE7","s672_F_RAP_03_ASEReadCounter.table","NW_015090842.1:10091983",15,17,2
"CPNE7","s672_F_RAP_03_ASEReadCounter.table","NW_015090842.1:10091997",16,18,2
"CPNE7","s672_F_RAP_03_ASEReadCounter.table","NW_015090842.1:10092038",6,7,1
"CPNE7","s672_F_RAP_03_ASEReadCounter.table","NW_015090842.1:10092140",7,7,0
"CPNE7","s672_F_RAP_03_ASEReadCounter.table","NW_015090842.1:10092183",5,6,1
"CPNE7","s672_F_RAP_03_ASEReadCounter.table","NW_015090842.1:10092201",6,7,1
"CPNE7","s672_F_RAP_03_ASEReadCounter.table","NW_015090842.1:10092230",3,4,1
"CPNE7","s672_F_RAP_03_ASEReadCounter.table","NW_015090842.1:10092246",3,4,1
"LOC106888185","s672_F_RAP_03_ASEReadCounter.table","NW_015090842.1:10094965",1,6,5
"LOC106888185","s672_F_RAP_03_ASEReadCounter.table","NW_015090842.1:10094966",1,6,5
"LOC106888185","s672_F_RAP_03_ASEReadCounter.table","NW_015090842.1:10094985",1,7,6
"LOC106888185","s672_F_RAP_03_ASEReadCounter.table","NW_015090842.1:10095055",0,6,6
"LOC106888185","s672_F_RAP_03_ASEReadCounter.table","NW_015090842.1:10095062",0,4,4
"LOC106888185","s672_F_RAP_03_ASEReadCounter.table","NW_015090842.1:10095130",0,8,8
"LOC106888185","s672_F_RAP_03_ASEReadCounter.table","NW_015090842.1:10095265",8,24,16
"LOC106888185","s672_F_RAP_03_ASEReadCounter.table","NW_015090842.1:10095586",10,19,9
"LOC106888185","s672_F_RAP_03_ASEReadCounter.table","NW_015090842.1:10095593",11,21,10
"LOC106888185","s672_F_RAP_03_ASEReadCounter.table","NW_015090842.1:10095616",8,17,9
"LOC106888185","s672_F_RAP_03_ASEReadCounter.table","NW_015090842.1:10095662",6,14,8
"LOC106888185","s672_F_RAP_03_ASEReadCounter.table","NW_015090842.1:10095674",6,13,7
"LOC106888185","s672_F_RAP_03_ASEReadCounter.table","NW_015090842.1:10095786",6,10,4
"LOC106888185","s672_F_RAP_03_ASEReadCounter.table","NW_015090842.1:10095831",4,6,2
"LOC106888185","s672_F_RAP_03_ASEReadCounter.table","NW_015090842.1:10096230",3,6,3
"LOC106888185","s672_F_RAP_03_ASEReadCounter.table","NW_015090842.1:10096249",5,10,5
"LOC106888185","s672_F_RAP_03_ASEReadCounter.table","NW_015090842.1:10096272",8,12,4
"LOC106888185","s672_F_RAP_03_ASEReadCounter.table","NW_015090842.1:10096288",7,15,8
"LOC106888185","s672_F_RAP_03_ASEReadCounter.table","NW_015090842.1:10097248",6,17,11
"LOC106888185","s672_F_RAP_03_ASEReadCounter.table","NW_015090842.1:10097265",5,16,11
"LOC106888185","s672_F_RAP_03_ASEReadCounter.table","NW_015090842.1:10097446",2,4,2
"DPEP1","s672_F_RAP_03_ASEReadCounter.table","NW_015090842.1:10099985",0,1,1
"DPEP1","s672_F_RAP_03_ASEReadCounter.table","NW_015090842.1:10100044",0,1,1
"DPEP1","s672_F_RAP_03_ASEReadCounter.table","NW_015090842.1:10100045",0,1,1
"DPEP1","s672_F_RAP_03_ASEReadCounter.table","NW_015090842.1:10100084",0,1,1
"DPEP1","s672_F_RAP_03_ASEReadCounter.table","NW_015090842.1:10100295",0,1,1
"DPEP1","s672_F_RAP_03_ASEReadCounter.table","NW_015090842.1:10100529",0,1,1
"DPEP1","s672_F_RAP_03_ASEReadCounter.table","NW_015090842.1:10100893",0,2,2
"DPEP1","s672_F_RAP_03_ASEReadCounter.table","NW_015090842.1:10100902",0,1,1
"DPEP1","s672_F_RAP_03_ASEReadCounter.table","NW_015090842.1:10101875",0,1,1
"DPEP1","s672_F_RAP_03_ASEReadCounter.table","NW_015090842.1:10101996",0,1,1
"DPEP1","s672_F_RAP_03_ASEReadCounter.table","NW_015090842.1:10102014",0,1,1
"DPEP1","s672_F_RAP_03_ASEReadCounter.table","NW_015090842.1:10102035",0,1,1
"CHMP1A","s672_F_RAP_03_ASEReadCounter.table","NW_015090842.1:10102901",71,190,119
"CHMP1A","s672_F_RAP_03_ASEReadCounter.table","NW_015090842.1:10102961",48,168,120
"CHMP1A","s672_F_RAP_03_ASEReadCounter.table","NW_015090842.1:10102996",41,150,109
"CHMP1A","s672_F_RAP_03_ASEReadCounter.table","NW_015090842.1:10103004",45,159,114
"CHMP1A","s672_F_RAP_03_ASEReadCounter.table","NW_015090842.1:10103006",46,162,116
"CHMP1A","s672_F_RAP_03_ASEReadCounter.table","NW_015090842.1:10103052",79,211,132
"CHMP1A","s672_F_RAP_03_ASEReadCounter.table","NW_015090842.1:10103095",90,212,122
"CHMP1A","s672_F_RAP_03_ASEReadCounter.table","NW_015090842.1:10103096",95,218,123
"CHMP1A","s672_F_RAP_03_ASEReadCounter.table","NW_015090842.1:10103152",76,157,81
"CHMP1A","s672_F_RAP_03_ASEReadCounter.table","NW_015090842.1:10103173",79,167,88
"CHMP1A","s672_F_RAP_03_ASEReadCounter.table","NW_015090842.1:10103334",50,109,59
"CHMP1A","s672_F_RAP_03_ASEReadCounter.table","NW_015090842.1:10103373",33,112,79
"CHMP1A","s672_F_RAP_03_ASEReadCounter.table","NW_015090842.1:10103408",66,153,87
"CHMP1A","s672_F_RAP_03_ASEReadCounter.table","NW_015090842.1:10103412",69,158,89
"CHMP1A","s672_F_RAP_03_ASEReadCounter.table","NW_015090842.1:10103512",109,210,101
"CHMP1A","s672_F_RAP_03_ASEReadCounter.table","NW_015090842.1:10103513",106,211,105
"CHMP1A","s672_F_RAP_03_ASEReadCounter.table","NW_015090842.1:10103583",63,136,73
"CHMP1A","s672_F_RAP_03_ASEReadCounter.table","NW_015090842.1:10103614",64,139,75
"CHMP1A","s672_F_RAP_03_ASEReadCounter.table","NW_015090842.1:10103657",60,132,72
"CHMP1A","s672_F_RAP_03_ASEReadCounter.table","NW_015090842.1:10103669",50,119,69
"CHMP1A","s672_F_RAP_03_ASEReadCounter.table","NW_015090842.1:10103674",49,115,66
"CHMP1A","s672_F_RAP_03_ASEReadCounter.table","NW_015090842.1:10103677",48,113,65
"CHMP1A","s672_F_RAP_03_ASEReadCounter.table","NW_015090842.1:10103729",75,149,74
"CHMP1A","s672_F_RAP_03_ASEReadCounter.table","NW_015090842.1:10103758",79,147,68
"CHMP1A","s672_F_RAP_03_ASEReadCounter.table","NW_015090842.1:10103761",76,148,72
"CHMP1A","s672_F_RAP_03_ASEReadCounter.table","NW_015090842.1:10103788",91,189,98
"CHMP1A","s672_F_RAP_03_ASEReadCounter.table","NW_015090842.1:10103789",92,189,97
"CHMP1A","s672_F_RAP_03_ASEReadCounter.table","NW_015090842.1:10103790",87,186,99
"CHMP1A","s672_F_RAP_03_ASEReadCounter.table","NW_015090842.1:10103950",96,176,80
"CHMP1A","s672_F_RAP_03_ASEReadCounter.table","NW_015090842.1:10104335",66,122,56
"CHMP1A","s672_F_RAP_03_ASEReadCounter.table","NW_015090842.1:10104429",79,145,66
"CHMP1A","s672_F_RAP_03_ASEReadCounter.table","NW_015090842.1:10104532",75,171,96
"CHMP1A","s672_F_RAP_03_ASEReadCounter.table","NW_015090842.1:10104633",59,131,72
"CHMP1A","s672_F_RAP_03_ASEReadCounter.table","NW_015090842.1:10104759",49,120,71
"CHMP1A","s672_F_RAP_03_ASEReadCounter.table","NW_015090842.1:10104794",54,121,67
"CHMP1A","s672_F_RAP_03_ASEReadCounter.table","NW_015090842.1:10104841",93,93,0
"CHMP1A","s672_F_RAP_03_ASEReadCounter.table","NW_015090842.1:10104844",36,95,59
"CHMP1A","s672_F_RAP_03_ASEReadCounter.table","NW_015090842.1:10106242",54,118,64
"CHMP1A","s672_F_RAP_03_ASEReadCounter.table","NW_015090842.1:10106290",44,107,63
"CHMP1A","s672_F_RAP_03_ASEReadCounter.table","NW_015090842.1:10106335",44,116,72
"CHMP1A","s672_F_RAP_03_ASEReadCounter.table","NW_015090842.1:10106383",49,139,90
"CHMP1A","s672_F_RAP_03_ASEReadCounter.table","NW_015090842.1:10106747",70,143,73
"CHMP1A","s672_F_RAP_03_ASEReadCounter.table","NW_015090842.1:10107404",66,152,86
"CHMP1A","s672_F_RAP_03_ASEReadCounter.table","NW_015090842.1:10107876",55,131,76
"CDK10","s672_F_RAP_03_ASEReadCounter.table","NW_015090842.1:10109030",10,11,1
"CDK10","s672_F_RAP_03_ASEReadCounter.table","NW_015090842.1:10109963",28,97,69
"CDK10","s672_F_RAP_03_ASEReadCounter.table","NW_015090842.1:10110887",30,89,59
"CDK10","s672_F_RAP_03_ASEReadCounter.table","NW_015090842.1:10111254",17,81,64
"CDK10","s672_F_RAP_03_ASEReadCounter.table","NW_015090842.1:10111380",16,94,78
"CDK10","s672_F_RAP_03_ASEReadCounter.table","NW_015090842.1:10111395",17,96,79
"CDK10","s672_F_RAP_03_ASEReadCounter.table","NW_015090842.1:10111437",11,98,87
"CDK10","s672_F_RAP_03_ASEReadCounter.table","NW_015090842.1:10111798",39,135,96
"CDK10","s672_F_RAP_03_ASEReadCounter.table","NW_015090842.1:10111840",42,154,112
"CDK10","s672_F_RAP_03_ASEReadCounter.table","NW_015090842.1:10112031",57,178,121
"CDK10","s672_F_RAP_03_ASEReadCounter.table","NW_015090842.1:10112285",42,148,106
"CDK10","s672_F_RAP_03_ASEReadCounter.table","NW_015090842.1:10112398",49,156,107
"CDK10","s672_F_RAP_03_ASEReadCounter.table","NW_015090842.1:10112455",54,153,99
"CDK10","s672_F_RAP_03_ASEReadCounter.table","NW_015090842.1:10112461",54,148,94
"CDK10","s672_F_RAP_03_ASEReadCounter.table","NW_015090842.1:10112497",50,137,87
"CDK10","s672_F_RAP_03_ASEReadCounter.table","NW_015090842.1:10112508",43,134,91
"CDK10","s672_F_RAP_03_ASEReadCounter.table","NW_015090842.1:10112518",34,127,93
"CDK10","s672_F_RAP_03_ASEReadCounter.table","NW_015090842.1:10112540",15,96,81
"CDK10","s672_F_RAP_03_ASEReadCounter.table","NW_015090842.1:10112556",41,124,83
"CDK10","s672_F_RAP_03_ASEReadCounter.table","NW_015090842.1:10112561",46,143,97
"CDK10","s672_F_RAP_03_ASEReadCounter.table","NW_015090842.1:10112596",53,155,102
"CDK10","s672_F_RAP_03_ASEReadCounter.table","NW_015090842.1:10112630",43,127,84
"CDK10","s672_F_RAP_03_ASEReadCounter.table","NW_015090842.1:10112656",39,119,80
"CDK10","s672_F_RAP_03_ASEReadCounter.table","NW_015090842.1:10112665",27,89,62
"CDK10","s672_F_RAP_03_ASEReadCounter.table","NW_015090842.1:10112668",26,87,61
"CDK10","s672_F_RAP_03_ASEReadCounter.table","NW_015090842.1:10112781",10,51,41
"CDK10","s672_F_RAP_03_ASEReadCounter.table","NW_015090842.1:10112782",10,51,41
"CDK10","s672_F_RAP_03_ASEReadCounter.table","NW_015090842.1:10112795",8,51,43
"CDK10","s672_F_RAP_03_ASEReadCounter.table","NW_015090842.1:10112841",3,27,24
"CDK10","s672_F_RAP_03_ASEReadCounter.table","NW_015090842.1:10112861",3,22,19
"SPATA2L","s672_F_RAP_03_ASEReadCounter.table","NW_015090842.1:10113212",16,53,37
"SPATA2L","s672_F_RAP_03_ASEReadCounter.table","NW_015090842.1:10113280",40,105,65
"SPATA2L","s672_F_RAP_03_ASEReadCounter.table","NW_015090842.1:10113296",45,122,77
"SPATA2L","s672_F_RAP_03_ASEReadCounter.table","NW_015090842.1:10113321",50,139,89
"SPATA2L","s672_F_RAP_03_ASEReadCounter.table","NW_015090842.1:10113332",52,154,102
"SPATA2L","s672_F_RAP_03_ASEReadCounter.table","NW_015090842.1:10113380",54,155,101
"SPATA2L","s672_F_RAP_03_ASEReadCounter.table","NW_015090842.1:10113381",54,155,101
"SPATA2L","s672_F_RAP_03_ASEReadCounter.table","NW_015090842.1:10113412",59,159,100
"SPATA2L","s672_F_RAP_03_ASEReadCounter.table","NW_015090842.1:10113421",58,154,96
"SPATA2L","s672_F_RAP_03_ASEReadCounter.table","NW_015090842.1:10113465",47,144,97
"SPATA2L","s672_F_RAP_03_ASEReadCounter.table","NW_015090842.1:10113535",63,143,80
"SPATA2L","s672_F_RAP_03_ASEReadCounter.table","NW_015090842.1:10113645",44,141,97
"SPATA2L","s672_F_RAP_03_ASEReadCounter.table","NW_015090842.1:10113682",55,173,118
"SPATA2L","s672_F_RAP_03_ASEReadCounter.table","NW_015090842.1:10113696",46,148,102
"SPATA2L","s672_F_RAP_03_ASEReadCounter.table","NW_015090842.1:10113727",63,175,112
"SPATA2L","s672_F_RAP_03_ASEReadCounter.table","NW_015090842.1:10113799",63,179,116
"SPATA2L","s672_F_RAP_03_ASEReadCounter.table","NW_015090842.1:10113809",71,195,124
"SPATA2L","s672_F_RAP_03_ASEReadCounter.table","NW_015090842.1:10113827",73,190,117
"SPATA2L","s672_F_RAP_03_ASEReadCounter.table","NW_015090842.1:10113831",74,194,120
"SPATA2L","s672_F_RAP_03_ASEReadCounter.table","NW_015090842.1:10113894",55,153,98
"SPATA2L","s672_F_RAP_03_ASEReadCounter.table","NW_015090842.1:10113905",43,140,97
"SPATA2L","s672_F_RAP_03_ASEReadCounter.table","NW_015090842.1:10113914",43,131,88
"SPATA2L","s672_F_RAP_03_ASEReadCounter.table","NW_015090842.1:10113920",43,126,83
"SPATA2L","s672_F_RAP_03_ASEReadCounter.table","NW_015090842.1:10113937",55,142,87
"SPATA2L","s672_F_RAP_03_ASEReadCounter.table","NW_015090842.1:10113971",42,128,86
"SPATA2L","s672_F_RAP_03_ASEReadCounter.table","NW_015090842.1:10113976",43,133,90
"SPATA2L","s672_F_RAP_03_ASEReadCounter.table","NW_015090842.1:10113985",46,121,75
"SPATA2L","s672_F_RAP_03_ASEReadCounter.table","NW_015090842.1:10113994",59,141,82
"SPATA2L","s672_F_RAP_03_ASEReadCounter.table","NW_015090842.1:10114063",40,108,68
"SPATA2L","s672_F_RAP_03_ASEReadCounter.table","NW_015090842.1:10114066",39,107,68
"SPATA2L","s672_F_RAP_03_ASEReadCounter.table","NW_015090842.1:10114069",38,109,71
"SPATA2L","s672_F_RAP_03_ASEReadCounter.table","NW_015090842.1:10114121",26,84,58
"SPATA2L","s672_F_RAP_03_ASEReadCounter.table","NW_015090842.1:10114159",23,85,62
"SPATA2L","s672_F_RAP_03_ASEReadCounter.table","NW_015090842.1:10114282",110,110,0
"SPATA2L","s672_F_RAP_03_ASEReadCounter.table","NW_015090842.1:10114470",22,91,69
"SPATA2L","s672_F_RAP_03_ASEReadCounter.table","NW_015090842.1:10114524",18,71,53
"VPS9D1","s672_F_RAP_03_ASEReadCounter.table","NW_015090842.1:10116377",28,84,56
"VPS9D1","s672_F_RAP_03_ASEReadCounter.table","NW_015090842.1:10116415",23,91,68
"VPS9D1","s672_F_RAP_03_ASEReadCounter.table","NW_015090842.1:10116607",28,91,63
"VPS9D1","s672_F_RAP_03_ASEReadCounter.table","NW_015090842.1:10116816",63,63,0
"VPS9D1","s672_F_RAP_03_ASEReadCounter.table","NW_015090842.1:10116821",17,62,45
"VPS9D1","s672_F_RAP_03_ASEReadCounter.table","NW_015090842.1:10116825",19,58,39
"VPS9D1","s672_F_RAP_03_ASEReadCounter.table","NW_015090842.1:10116882",25,66,41
"VPS9D1","s672_F_RAP_03_ASEReadCounter.table","NW_015090842.1:10116885",25,65,40
"VPS9D1","s672_F_RAP_03_ASEReadCounter.table","NW_015090842.1:10116933",20,62,42
"VPS9D1","s672_F_RAP_03_ASEReadCounter.table","NW_015090842.1:10116942",22,65,43
"VPS9D1","s672_F_RAP_03_ASEReadCounter.table","NW_015090842.1:10117152",24,74,50
"VPS9D1","s672_F_RAP_03_ASEReadCounter.table","NW_015090842.1:10117396",59,59,0
"VPS9D1","s672_F_RAP_03_ASEReadCounter.table","NW_015090842.1:10117405",40,40,0
"VPS9D1","s672_F_RAP_03_ASEReadCounter.table","NW_015090842.1:10117480",16,58,42
"VPS9D1","s672_F_RAP_03_ASEReadCounter.table","NW_015090842.1:10117497",15,51,36
"VPS9D1","s672_F_RAP_03_ASEReadCounter.table","NW_015090842.1:10117499",14,51,37
"VPS9D1","s672_F_RAP_03_ASEReadCounter.table","NW_015090842.1:10117516",13,59,46
"VPS9D1","s672_F_RAP_03_ASEReadCounter.table","NW_015090842.1:10117525",13,61,48
"VPS9D1","s672_F_RAP_03_ASEReadCounter.table","NW_015090842.1:10117579",17,69,52
"VPS9D1","s672_F_RAP_03_ASEReadCounter.table","NW_015090842.1:10117627",20,72,52
"VPS9D1","s672_F_RAP_03_ASEReadCounter.table","NW_015090842.1:10117678",16,73,57
"VPS9D1","s672_F_RAP_03_ASEReadCounter.table","NW_015090842.1:10117773",24,84,60
"VPS9D1","s672_F_RAP_03_ASEReadCounter.table","NW_015090842.1:10117937",36,89,53
"VPS9D1","s672_F_RAP_03_ASEReadCounter.table","NW_015090842.1:10117961",33,77,44
"VPS9D1","s672_F_RAP_03_ASEReadCounter.table","NW_015090842.1:10118236",26,74,48
"VPS9D1","s672_F_RAP_03_ASEReadCounter.table","NW_015090842.1:10118414",30,84,54
"VPS9D1","s672_F_RAP_03_ASEReadCounter.table","NW_015090842.1:10118973",29,90,61
"VPS9D1","s672_F_RAP_03_ASEReadCounter.table","NW_015090842.1:10119500",26,62,36
"ZNF276","s672_F_RAP_03_ASEReadCounter.table","NW_015090842.1:10121760",10,14,4
"ZNF276","s672_F_RAP_03_ASEReadCounter.table","NW_015090842.1:10121769",10,15,5
"ZNF276","s672_F_RAP_03_ASEReadCounter.table","NW_015090842.1:10121802",14,21,7
"ZNF276","s672_F_RAP_03_ASEReadCounter.table","NW_015090842.1:10121971",11,19,8
"ZNF276","s672_F_RAP_03_ASEReadCounter.table","NW_015090842.1:10122883",7,9,2
"ZNF276","s672_F_RAP_03_ASEReadCounter.table","NW_015090842.1:10123069",14,26,12
"ZNF276","s672_F_RAP_03_ASEReadCounter.table","NW_015090842.1:10123207",27,64,37
"ZNF276","s672_F_RAP_03_ASEReadCounter.table","NW_015090842.1:10125787",26,66,40
"ZNF276","s672_F_RAP_03_ASEReadCounter.table","NW_015090842.1:10126309",29,71,42
"ZNF276","s672_F_RAP_03_ASEReadCounter.table","NW_015090842.1:10126348",29,64,35
"ZNF276","s672_F_RAP_03_ASEReadCounter.table","NW_015090842.1:10126978",31,79,48
"ZNF276","s672_F_RAP_03_ASEReadCounter.table","NW_015090842.1:10126991",28,74,46
"ZNF276","s672_F_RAP_03_ASEReadCounter.table","NW_015090842.1:10127023",34,79,45
"ZNF276","s672_F_RAP_03_ASEReadCounter.table","NW_015090842.1:10127063",34,73,39
"ZNF276","s672_F_RAP_03_ASEReadCounter.table","NW_015090842.1:10127373",32,66,34
"ZNF276","s672_F_RAP_03_ASEReadCounter.table","NW_015090842.1:10127931",40,97,57
"ZNF276","s672_F_RAP_03_ASEReadCounter.table","NW_015090842.1:10128070",43,95,52
"ZNF276","s672_F_RAP_03_ASEReadCounter.table","NW_015090842.1:10128102",34,84,50
"ZNF276","s672_F_RAP_03_ASEReadCounter.table","NW_015090842.1:10128356",48,99,51
"ZNF276","s672_F_RAP_03_ASEReadCounter.table","NW_015090842.1:10128497",20,43,23
"FANCA","s672_F_RAP_03_ASEReadCounter.table","NW_015090842.1:10128743",1,4,3
"FANCA","s672_F_RAP_03_ASEReadCounter.table","NW_015090842.1:10128822",2,5,3
"FANCA","s672_F_RAP_03_ASEReadCounter.table","NW_015090842.1:10129383",0,3,3
"FANCA","s672_F_RAP_03_ASEReadCounter.table","NW_015090842.1:10129390",0,4,4
"FANCA","s672_F_RAP_03_ASEReadCounter.table","NW_015090842.1:10129422",0,5,5
"FANCA","s672_F_RAP_03_ASEReadCounter.table","NW_015090842.1:10129969",1,3,2
"FANCA","s672_F_RAP_03_ASEReadCounter.table","NW_015090842.1:10130399",1,2,1
"FANCA","s672_F_RAP_03_ASEReadCounter.table","NW_015090842.1:10130857",1,2,1
"FANCA","s672_F_RAP_03_ASEReadCounter.table","NW_015090842.1:10130878",1,3,2
"FANCA","s672_F_RAP_03_ASEReadCounter.table","NW_015090842.1:10133530",0,4,4
"FANCA","s672_F_RAP_03_ASEReadCounter.table","NW_015090842.1:10133533",0,4,4
"FANCA","s672_F_RAP_03_ASEReadCounter.table","NW_015090842.1:10133536",0,4,4
"FANCA","s672_F_RAP_03_ASEReadCounter.table","NW_015090842.1:10133601",0,2,2
"FANCA","s672_F_RAP_03_ASEReadCounter.table","NW_015090842.1:10134492",2,2,0
"FANCA","s672_F_RAP_03_ASEReadCounter.table","NW_015090842.1:10134531",2,3,1
"FANCA","s672_F_RAP_03_ASEReadCounter.table","NW_015090842.1:10136957",1,1,0
"FANCA","s672_F_RAP_03_ASEReadCounter.table","NW_015090842.1:10136982",0,1,1
"FANCA","s672_F_RAP_03_ASEReadCounter.table","NW_015090842.1:10136999",0,1,1
"FANCA","s672_F_RAP_03_ASEReadCounter.table","NW_015090842.1:10137019",1,2,1
"FANCA","s672_F_RAP_03_ASEReadCounter.table","NW_015090842.1:10137673",1,3,2
"FANCA","s672_F_RAP_03_ASEReadCounter.table","NW_015090842.1:10141234",0,2,2
"FANCA","s672_F_RAP_03_ASEReadCounter.table","NW_015090842.1:10150518",1,1,0
"FANCA","s672_F_RAP_03_ASEReadCounter.table","NW_015090842.1:10154490",1,1,0
"SPIRE2","s672_F_RAP_03_ASEReadCounter.table","NW_015090842.1:10172284",21,34,13
"SPIRE2","s672_F_RAP_03_ASEReadCounter.table","NW_015090842.1:10175262",33,66,33
"SPIRE2","s672_F_RAP_03_ASEReadCounter.table","NW_015090842.1:10175352",12,25,13
"SPIRE2","s672_F_RAP_03_ASEReadCounter.table","NW_015090842.1:10175400",47,90,43
"SPIRE2","s672_F_RAP_03_ASEReadCounter.table","NW_015090842.1:10175418",58,106,48
"SPIRE2","s672_F_RAP_03_ASEReadCounter.table","NW_015090842.1:10175704",58,116,58
"SPIRE2","s672_F_RAP_03_ASEReadCounter.table","NW_015090842.1:10176115",83,191,108
"SPIRE2","s672_F_RAP_03_ASEReadCounter.table","NW_015090842.1:10176561",107,192,85
"SPIRE2","s672_F_RAP_03_ASEReadCounter.table","NW_015090842.1:10176817",105,198,93
"SPIRE2","s672_F_RAP_03_ASEReadCounter.table","NW_015090842.1:10177084",66,143,77
"SPIRE2","s672_F_RAP_03_ASEReadCounter.table","NW_015090842.1:10177110",62,132,70
"SPIRE2","s672_F_RAP_03_ASEReadCounter.table","NW_015090842.1:10177838",90,193,103
"SPIRE2","s672_F_RAP_03_ASEReadCounter.table","NW_015090842.1:10178000",102,203,101
"SPIRE2","s672_F_RAP_03_ASEReadCounter.table","NW_015090842.1:10178164",119,234,115
"SPIRE2","s672_F_RAP_03_ASEReadCounter.table","NW_015090842.1:10178216",121,242,121
"SPIRE2","s672_F_RAP_03_ASEReadCounter.table","NW_015090842.1:10178403",126,234,108
"SPIRE2","s672_F_RAP_03_ASEReadCounter.table","NW_015090842.1:10178409",123,233,110
"SPIRE2","s672_F_RAP_03_ASEReadCounter.table","NW_015090842.1:10178524",123,219,96
"SPIRE2","s672_F_RAP_03_ASEReadCounter.table","NW_015090842.1:10178526",125,226,101
"SPIRE2","s672_F_RAP_03_ASEReadCounter.table","NW_015090842.1:10178531",119,214,95
"SPIRE2","s672_F_RAP_03_ASEReadCounter.table","NW_015090842.1:10178565",119,219,100
"SPIRE2","s672_F_RAP_03_ASEReadCounter.table","NW_015090842.1:10178587",102,193,91
"SPIRE2","s672_F_RAP_03_ASEReadCounter.table","NW_015090842.1:10178640",79,147,68
"SPIRE2","s672_F_RAP_03_ASEReadCounter.table","NW_015090842.1:10178651",89,165,76
"SPIRE2","s672_F_RAP_03_ASEReadCounter.table","NW_015090842.1:10178682",84,148,64
"TCF25","s672_F_RAP_03_ASEReadCounter.table","NW_015090842.1:10180912",38,67,29
"TCF25","s672_F_RAP_03_ASEReadCounter.table","NW_015090842.1:10180924",39,68,29
"TCF25","s672_F_RAP_03_ASEReadCounter.table","NW_015090842.1:10180931",42,71,29
"TCF25","s672_F_RAP_03_ASEReadCounter.table","NW_015090842.1:10185332",141,237,96
"TCF25","s672_F_RAP_03_ASEReadCounter.table","NW_015090842.1:10188816",126,212,86
"MC1R","s672_F_RAP_03_ASEReadCounter.table","NW_015090842.1:10202160",1,1,0
"MC1R","s672_F_RAP_03_ASEReadCounter.table","NW_015090842.1:10202460",1,2,1
"MC1R","s672_F_RAP_03_ASEReadCounter.table","NW_015090842.1:10202465",1,2,1
"DBNDD1","s672_F_RAP_03_ASEReadCounter.table","NW_015090842.1:10223105",121,256,135
"GAS8","s672_F_RAP_03_ASEReadCounter.table","NW_015090842.1:10228982",13,32,19
"GAS8","s672_F_RAP_03_ASEReadCounter.table","NW_015090842.1:10229832",11,24,13
"GAS8","s672_F_RAP_03_ASEReadCounter.table","NW_015090842.1:10232375",24,67,43
"GAS8","s672_F_RAP_03_ASEReadCounter.table","NW_015090842.1:10232901",46,89,43
"GAS8","s672_F_RAP_03_ASEReadCounter.table","NW_015090842.1:10232928",40,79,39
"GAS8","s672_F_RAP_03_ASEReadCounter.table","NW_015090842.1:10232967",45,77,32
"GAS8","s672_F_RAP_03_ASEReadCounter.table","NW_015090842.1:10233032",38,67,29
"GAS8","s672_F_RAP_03_ASEReadCounter.table","NW_015090842.1:10233057",29,49,20
"GAS8","s672_F_RAP_03_ASEReadCounter.table","NW_015090842.1:10233058",30,51,21
"GAS8","s672_F_RAP_03_ASEReadCounter.table","NW_015090842.1:10233176",28,44,16
"GAS8","s672_F_RAP_03_ASEReadCounter.table","NW_015090842.1:10233196",23,38,15
"GAS8","s672_F_RAP_03_ASEReadCounter.table","NW_015090842.1:10233252",13,26,13
"GAS8","s672_F_RAP_03_ASEReadCounter.table","NW_015090842.1:10233303",10,18,8
"LOC106888094","s672_F_RAP_03_ASEReadCounter.table","NW_015090842.1:10233334",5,21,16
"LOC106888094","s672_F_RAP_03_ASEReadCounter.table","NW_015090842.1:10233362",12,43,31
"LOC106888094","s672_F_RAP_03_ASEReadCounter.table","NW_015090842.1:10233373",12,45,33
"LOC106888094","s672_F_RAP_03_ASEReadCounter.table","NW_015090842.1:10233388",17,53,36
"LOC106888094","s672_F_RAP_03_ASEReadCounter.table","NW_015090842.1:10233402",19,55,36
"LOC106888094","s672_F_RAP_03_ASEReadCounter.table","NW_015090842.1:10233465",20,70,50
"LOC106888094","s672_F_RAP_03_ASEReadCounter.table","NW_015090842.1:10233803",24,86,62
"LOC106888094","s672_F_RAP_03_ASEReadCounter.table","NW_015090842.1:10233815",28,81,53
"LOC106888094","s672_F_RAP_03_ASEReadCounter.table","NW_015090842.1:10235484",4,7,3
"LOC106888094","s672_F_RAP_03_ASEReadCounter.table","NW_015090842.1:10235611",4,10,6
"LOC106888094","s672_F_RAP_03_ASEReadCounter.table","NW_015090842.1:10236098",3,5,2
"LOC106888094","s672_F_RAP_03_ASEReadCounter.table","NW_015090842.1:10236161",1,5,4
"LOC106888094","s672_F_RAP_03_ASEReadCounter.table","NW_015090842.1:10236380",2,2,0
"LOC106888094","s672_F_RAP_03_ASEReadCounter.table","NW_015090842.1:10236388",2,2,0
"LOC106888094","s672_F_RAP_03_ASEReadCounter.table","NW_015090842.1:10236425",2,2,0
"LOC106888094","s672_F_RAP_03_ASEReadCounter.table","NW_015090842.1:10236426",2,2,0
"LOC106888094","s672_F_RAP_03_ASEReadCounter.table","NW_015090842.1:10236603",0,1,1
"LOC106888173","s672_F_RAP_03_ASEReadCounter.table","NW_015090842.1:10239596",4,27,23
"LOC106888173","s672_F_RAP_03_ASEReadCounter.table","NW_015090842.1:10240036",23,87,64
"LOC106888173","s672_F_RAP_03_ASEReadCounter.table","NW_015090842.1:10240095",18,89,71
"LOC106888173","s672_F_RAP_03_ASEReadCounter.table","NW_015090842.1:10240280",18,103,85
"LOC106888173","s672_F_RAP_03_ASEReadCounter.table","NW_015090842.1:10240557",36,143,107
"LOC106888173","s672_F_RAP_03_ASEReadCounter.table","NW_015090842.1:10240603",26,139,113
"LOC106888173","s672_F_RAP_03_ASEReadCounter.table","NW_015090842.1:10240609",25,137,112
"LOC106888173","s672_F_RAP_03_ASEReadCounter.table","NW_015090842.1:10240690",32,147,115
"LOC106888173","s672_F_RAP_03_ASEReadCounter.table","NW_015090842.1:10240924",20,114,94
"LOC106888173","s672_F_RAP_03_ASEReadCounter.table","NW_015090842.1:10241037",14,124,110
"LOC106888173","s672_F_RAP_03_ASEReadCounter.table","NW_015090842.1:10241046",16,116,100
"LOC106888173","s672_F_RAP_03_ASEReadCounter.table","NW_015090842.1:10241058",20,122,102
"LOC106888173","s672_F_RAP_03_ASEReadCounter.table","NW_015090842.1:10241064",26,122,96
"LOC106888173","s672_F_RAP_03_ASEReadCounter.table","NW_015090842.1:10241103",135,135,0
"LOC106888173","s672_F_RAP_03_ASEReadCounter.table","NW_015090842.1:10241163",38,129,91
"LOC106888173","s672_F_RAP_03_ASEReadCounter.table","NW_015090842.1:10241803",29,148,119
"LOC106888173","s672_F_RAP_03_ASEReadCounter.table","NW_015090842.1:10241827",33,150,117
"LOC106888173","s672_F_RAP_03_ASEReadCounter.table","NW_015090842.1:10241869",30,156,126
"LOC106888173","s672_F_RAP_03_ASEReadCounter.table","NW_015090842.1:10242079",28,138,110
"LOC106888173","s672_F_RAP_03_ASEReadCounter.table","NW_015090842.1:10242103",27,134,107
"LOC106888173","s672_F_RAP_03_ASEReadCounter.table","NW_015090842.1:10242157",37,171,134
"LOC106888173","s672_F_RAP_03_ASEReadCounter.table","NW_015090842.1:10242455",55,183,128
"LOC106888173","s672_F_RAP_03_ASEReadCounter.table","NW_015090842.1:10242481",56,185,129
"LOC106888173","s672_F_RAP_03_ASEReadCounter.table","NW_015090842.1:10242590",58,195,137
"LOC106888173","s672_F_RAP_03_ASEReadCounter.table","NW_015090842.1:10242794",43,181,138
"LOC106888173","s672_F_RAP_03_ASEReadCounter.table","NW_015090842.1:10242909",37,170,133
"LOC106888173","s672_F_RAP_03_ASEReadCounter.table","NW_015090842.1:10243094",48,187,139
"LOC106888173","s672_F_RAP_03_ASEReadCounter.table","NW_015090842.1:10243133",39,174,135
"LOC106888173","s672_F_RAP_03_ASEReadCounter.table","NW_015090842.1:10243273",48,221,173
"LOC106888173","s672_F_RAP_03_ASEReadCounter.table","NW_015090842.1:10243278",51,223,172
"LOC106888173","s672_F_RAP_03_ASEReadCounter.table","NW_015090842.1:10243281",51,223,172
"LOC106888173","s672_F_RAP_03_ASEReadCounter.table","NW_015090842.1:10243347",99,99,0
"LOC106888173","s672_F_RAP_03_ASEReadCounter.table","NW_015090842.1:10243353",35,91,56
"LOC106888173","s672_F_RAP_03_ASEReadCounter.table","NW_015090842.1:10243363",31,69,38
"LOC106888173","s672_F_RAP_03_ASEReadCounter.table","NW_015090842.1:10243365",32,70,38
"LOC106888173","s672_F_RAP_03_ASEReadCounter.table","NW_015090842.1:10243566",54,219,165
"LOC106888173","s672_F_RAP_03_ASEReadCounter.table","NW_015090842.1:10243605",46,223,177
"LOC106888173","s672_F_RAP_03_ASEReadCounter.table","NW_015090842.1:10243614",43,214,171
"LOC106888173","s672_F_RAP_03_ASEReadCounter.table","NW_015090842.1:10243615",42,213,171
"LOC106888173","s672_F_RAP_03_ASEReadCounter.table","NW_015090842.1:10243640",38,186,148
"LOC106888173","s672_F_RAP_03_ASEReadCounter.table","NW_015090842.1:10243680",32,137,105
"LOC106888173","s672_F_RAP_03_ASEReadCounter.table","NW_015090842.1:10243742",42,161,119
"LOC106888173","s672_F_RAP_03_ASEReadCounter.table","NW_015090842.1:10243804",36,134,98
"LOC106888173","s672_F_RAP_03_ASEReadCounter.table","NW_015090842.1:10243913",15,63,48
"LOC106888173","s672_F_RAP_03_ASEReadCounter.table","NW_015090842.1:10243921",16,59,43
"LOC106888384","s672_F_RAP_03_ASEReadCounter.table","NW_015090842.1:10244942",1,1,0
"LOC106888384","s672_F_RAP_03_ASEReadCounter.table","NW_015090842.1:10251354",0,10,10
"LOC106888384","s672_F_RAP_03_ASEReadCounter.table","NW_015090842.1:10251358",0,10,10
"LOC106888384","s672_F_RAP_03_ASEReadCounter.table","NW_015090842.1:10251369",0,10,10
"LOC106888384","s672_F_RAP_03_ASEReadCounter.table","NW_015090842.1:10251370",0,10,10
"LOC106888384","s672_F_RAP_03_ASEReadCounter.table","NW_015090842.1:10251375",0,10,10
"LOC106888384","s672_F_RAP_03_ASEReadCounter.table","NW_015090842.1:10251388",0,8,8
"LOC106888384","s672_F_RAP_03_ASEReadCounter.table","NW_015090842.1:10251390",0,9,9
"LOC106888384","s672_F_RAP_03_ASEReadCounter.table","NW_015090842.1:10251393",0,7,7
"LOC106888384","s672_F_RAP_03_ASEReadCounter.table","NW_015090842.1:10251399",0,6,6
"LOC106888384","s672_F_RAP_03_ASEReadCounter.table","NW_015090842.1:10251492",1,1,0
"LOC106888384","s672_F_RAP_03_ASEReadCounter.table","NW_015090842.1:10253165",4,6,2
"LOC106888384","s672_F_RAP_03_ASEReadCounter.table","NW_015090842.1:10253284",2,3,1
"LOC106888384","s672_F_RAP_03_ASEReadCounter.table","NW_015090842.1:10254263",3,3,0
"LOC106888384","s672_F_RAP_03_ASEReadCounter.table","NW_015090842.1:10254293",5,6,1
"LOC106888384","s672_F_RAP_03_ASEReadCounter.table","NW_015090842.1:10254570",3,4,1
"LOC106888384","s672_F_RAP_03_ASEReadCounter.table","NW_015090842.1:10254605",4,6,2
"LOC106888384","s672_F_RAP_03_ASEReadCounter.table","NW_015090842.1:10254608",4,6,2
"LOC106888384","s672_F_RAP_03_ASEReadCounter.table","NW_015090842.1:10254618",2,5,3
"LOC106888384","s672_F_RAP_03_ASEReadCounter.table","NW_015090842.1:10254620",2,5,3
"LOC106888384","s672_F_RAP_03_ASEReadCounter.table","NW_015090842.1:10254623",2,5,3
"LOC106888384","s672_F_RAP_03_ASEReadCounter.table","NW_015090842.1:10254624",2,5,3
"LOC106888384","s672_F_RAP_03_ASEReadCounter.table","NW_015090842.1:10254627",2,5,3
"LOC106888384","s672_F_RAP_03_ASEReadCounter.table","NW_015090842.1:10254629",2,4,2
"LOC106888384","s672_F_RAP_03_ASEReadCounter.table","NW_015090842.1:10254647",4,5,1
"LOC106888384","s672_F_RAP_03_ASEReadCounter.table","NW_015090842.1:10254663",1,5,4
"LOC106888384","s672_F_RAP_03_ASEReadCounter.table","NW_015090842.1:10254840",2,2,0
"LOC106888384","s672_F_RAP_03_ASEReadCounter.table","NW_015090842.1:10254891",2,2,0
"LOC106888384","s672_F_RAP_03_ASEReadCounter.table","NW_015090842.1:10254900",2,2,0
"LOC106888384","s672_F_RAP_03_ASEReadCounter.table","NW_015090842.1:10254915",3,3,0
"LOC106888384","s672_F_RAP_03_ASEReadCounter.table","NW_015090842.1:10254965",2,3,1
"LOC106888384","s672_F_RAP_03_ASEReadCounter.table","NW_015090842.1:10254975",2,3,1
"LOC106888384","s672_F_RAP_03_ASEReadCounter.table","NW_015090842.1:10255077",2,3,1
"LOC106888384","s672_F_RAP_03_ASEReadCounter.table","NW_015090842.1:10255117",1,2,1
"LOC106888384","s672_F_RAP_03_ASEReadCounter.table","NW_015090842.1:10255138",1,2,1
"LOC106888384","s672_F_RAP_03_ASEReadCounter.table","NW_015090842.1:10255139",1,2,1
"LOC106888384","s672_F_RAP_03_ASEReadCounter.table","NW_015090842.1:10255209",3,4,1
"LOC106888384","s672_F_RAP_03_ASEReadCounter.table","NW_015090842.1:10255211",3,4,1
"LOC106888384","s672_F_RAP_03_ASEReadCounter.table","NW_015090842.1:10255236",4,5,1
"LOC106888384","s672_F_RAP_03_ASEReadCounter.table","NW_015090842.1:10255262",3,4,1
"LOC106888384","s672_F_RAP_03_ASEReadCounter.table","NW_015090842.1:10255264",3,4,1
"LOC106888384","s672_F_RAP_03_ASEReadCounter.table","NW_015090842.1:10255306",4,4,0
"LOC106888384","s672_F_RAP_03_ASEReadCounter.table","NW_015090842.1:10255340",4,5,1
"LOC106888384","s672_F_RAP_03_ASEReadCounter.table","NW_015090842.1:10255410",5,6,1
"LOC106888384","s672_F_RAP_03_ASEReadCounter.table","NW_015090842.1:10255449",4,4,0
"LOC106888384","s672_F_RAP_03_ASEReadCounter.table","NW_015090842.1:10255496",4,4,0
"LOC106888384","s672_F_RAP_03_ASEReadCounter.table","NW_015090842.1:10255505",4,4,0
"LOC106888384","s672_F_RAP_03_ASEReadCounter.table","NW_015090842.1:10255531",7,7,0
"LOC106888384","s672_F_RAP_03_ASEReadCounter.table","NW_015090842.1:10255608",8,9,1
"LOC106888384","s672_F_RAP_03_ASEReadCounter.table","NW_015090842.1:10255704",8,9,1
"LOC106888384","s672_F_RAP_03_ASEReadCounter.table","NW_015090842.1:10255731",8,8,0
"LOC106888384","s672_F_RAP_03_ASEReadCounter.table","NW_015090842.1:10255771",6,6,0
"TANGO6","s672_F_RAP_03_ASEReadCounter.table","NW_015090842.1:10257782",10,13,3
"TANGO6","s672_F_RAP_03_ASEReadCounter.table","NW_015090842.1:10258162",12,22,10
"TANGO6","s672_F_RAP_03_ASEReadCounter.table","NW_015090842.1:10258185",14,28,14
"TANGO6","s672_F_RAP_03_ASEReadCounter.table","NW_015090842.1:10259267",11,30,19
"TANGO6","s672_F_RAP_03_ASEReadCounter.table","NW_015090842.1:10260250",44,86,42
"TANGO6","s672_F_RAP_03_ASEReadCounter.table","NW_015090842.1:10260289",42,76,34
"TANGO6","s672_F_RAP_03_ASEReadCounter.table","NW_015090842.1:10260309",26,56,30
"TANGO6","s672_F_RAP_03_ASEReadCounter.table","NW_015090842.1:10260979",21,47,26
"TANGO6","s672_F_RAP_03_ASEReadCounter.table","NW_015090842.1:10261599",23,46,23
"TANGO6","s672_F_RAP_03_ASEReadCounter.table","NW_015090842.1:10268425",52,79,27
"TANGO6","s672_F_RAP_03_ASEReadCounter.table","NW_015090842.1:10269831",32,64,32
"TANGO6","s672_F_RAP_03_ASEReadCounter.table","NW_015090842.1:10270813",41,76,35
"TANGO6","s672_F_RAP_03_ASEReadCounter.table","NW_015090842.1:10274018",28,66,38
"TANGO6","s672_F_RAP_03_ASEReadCounter.table","NW_015090842.1:10275974",35,68,33
"TANGO6","s672_F_RAP_03_ASEReadCounter.table","NW_015090842.1:10275976",35,69,34
"TANGO6","s672_F_RAP_03_ASEReadCounter.table","NW_015090842.1:10276123",24,48,24
"TANGO6","s672_F_RAP_03_ASEReadCounter.table","NW_015090842.1:10276271",51,84,33
"TANGO6","s672_F_RAP_03_ASEReadCounter.table","NW_015090842.1:10276272",50,86,36
"TANGO6","s672_F_RAP_03_ASEReadCounter.table","NW_015090842.1:10276275",55,91,36
"TANGO6","s672_F_RAP_03_ASEReadCounter.table","NW_015090842.1:10276278",54,88,34
"TANGO6","s672_F_RAP_03_ASEReadCounter.table","NW_015090842.1:10276368",23,37,14
"TANGO6","s672_F_RAP_03_ASEReadCounter.table","NW_015090842.1:10276373",24,37,13
"TANGO6","s672_F_RAP_03_ASEReadCounter.table","NW_015090842.1:10276630",38,61,23
"TANGO6","s672_F_RAP_03_ASEReadCounter.table","NW_015090842.1:10281498",48,88,40
"TANGO6","s672_F_RAP_03_ASEReadCounter.table","NW_015090842.1:10281516",51,97,46
"TANGO6","s672_F_RAP_03_ASEReadCounter.table","NW_015090842.1:10282842",38,71,33
"TANGO6","s672_F_RAP_03_ASEReadCounter.table","NW_015090842.1:10282863",22,45,23
"TANGO6","s672_F_RAP_03_ASEReadCounter.table","NW_015090842.1:10282869",25,44,19
"TANGO6","s672_F_RAP_03_ASEReadCounter.table","NW_015090842.1:10282903",29,71,42
"TANGO6","s672_F_RAP_03_ASEReadCounter.table","NW_015090842.1:10283757",52,105,53
"TANGO6","s672_F_RAP_03_ASEReadCounter.table","NW_015090842.1:10283785",60,110,50
"HAS3","s672_F_RAP_03_ASEReadCounter.table","NW_015090842.1:10288093",1,2,1
"HAS3","s672_F_RAP_03_ASEReadCounter.table","NW_015090842.1:10288266",1,2,1
"HAS3","s672_F_RAP_03_ASEReadCounter.table","NW_015090842.1:10288274",1,2,1
"HAS3","s672_F_RAP_03_ASEReadCounter.table","NW_015090842.1:10289269",1,4,3
"HAS3","s672_F_RAP_03_ASEReadCounter.table","NW_015090842.1:10289272",1,4,3
"HAS3","s672_F_RAP_03_ASEReadCounter.table","NW_015090842.1:10290375",1,2,1
"HAS3","s672_F_RAP_03_ASEReadCounter.table","NW_015090842.1:10290395",1,3,2
"HAS3","s672_F_RAP_03_ASEReadCounter.table","NW_015090842.1:10290439",4,4,0
"HAS3","s672_F_RAP_03_ASEReadCounter.table","NW_015090842.1:10290561",3,4,1
"HAS3","s672_F_RAP_03_ASEReadCounter.table","NW_015090842.1:10290609",3,3,0
"HAS3","s672_F_RAP_03_ASEReadCounter.table","NW_015090842.1:10290666",2,2,0
"HAS3","s672_F_RAP_03_ASEReadCounter.table","NW_015090842.1:10290723",2,2,0
"HAS3","s672_F_RAP_03_ASEReadCounter.table","NW_015090842.1:10290927",2,2,0
"HAS3","s672_F_RAP_03_ASEReadCounter.table","NW_015090842.1:10291004",3,4,1
"CHTF8","s672_F_RAP_03_ASEReadCounter.table","NW_015090842.1:10291319",4,8,4
"CHTF8","s672_F_RAP_03_ASEReadCounter.table","NW_015090842.1:10291491",4,14,10
"CHTF8","s672_F_RAP_03_ASEReadCounter.table","NW_015090842.1:10291520",4,15,11
"CHTF8","s672_F_RAP_03_ASEReadCounter.table","NW_015090842.1:10291593",8,20,12
"CHTF8","s672_F_RAP_03_ASEReadCounter.table","NW_015090842.1:10291600",8,21,13
"CHTF8","s672_F_RAP_03_ASEReadCounter.table","NW_015090842.1:10291609",10,19,9
"CHTF8","s672_F_RAP_03_ASEReadCounter.table","NW_015090842.1:10291639",12,26,14
"CHTF8","s672_F_RAP_03_ASEReadCounter.table","NW_015090842.1:10291641",11,25,14
"CHTF8","s672_F_RAP_03_ASEReadCounter.table","NW_015090842.1:10291648",14,28,14
"CHTF8","s672_F_RAP_03_ASEReadCounter.table","NW_015090842.1:10291656",17,27,10
"CHTF8","s672_F_RAP_03_ASEReadCounter.table","NW_015090842.1:10291675",17,29,12
"CHTF8","s672_F_RAP_03_ASEReadCounter.table","NW_015090842.1:10291696",16,29,13
"CHTF8","s672_F_RAP_03_ASEReadCounter.table","NW_015090842.1:10291714",15,27,12
"CHTF8","s672_F_RAP_03_ASEReadCounter.table","NW_015090842.1:10291732",16,28,12
"CHTF8","s672_F_RAP_03_ASEReadCounter.table","NW_015090842.1:10291755",15,29,14
"CHTF8","s672_F_RAP_03_ASEReadCounter.table","NW_015090842.1:10291756",15,27,12
"CHTF8","s672_F_RAP_03_ASEReadCounter.table","NW_015090842.1:10291758",15,29,14
"CHTF8","s672_F_RAP_03_ASEReadCounter.table","NW_015090842.1:10291792",15,30,15
"CHTF8","s672_F_RAP_03_ASEReadCounter.table","NW_015090842.1:10291895",14,28,14
"CHTF8","s672_F_RAP_03_ASEReadCounter.table","NW_015090842.1:10292132",8,19,11
"CHTF8","s672_F_RAP_03_ASEReadCounter.table","NW_015090842.1:10292314",7,15,8
"CHTF8","s672_F_RAP_03_ASEReadCounter.table","NW_015090842.1:10292317",6,14,8
"CHTF8","s672_F_RAP_03_ASEReadCounter.table","NW_015090842.1:10292928",1,5,4
"UTP4","s672_F_RAP_03_ASEReadCounter.table","NW_015090842.1:10293146",10,24,14
"UTP4","s672_F_RAP_03_ASEReadCounter.table","NW_015090842.1:10293151",8,23,15
"UTP4","s672_F_RAP_03_ASEReadCounter.table","NW_015090842.1:10293191",6,15,9
"UTP4","s672_F_RAP_03_ASEReadCounter.table","NW_015090842.1:10293362",10,21,11
"UTP4","s672_F_RAP_03_ASEReadCounter.table","NW_015090842.1:10293430",12,29,17
"UTP4","s672_F_RAP_03_ASEReadCounter.table","NW_015090842.1:10293625",12,20,8
"UTP4","s672_F_RAP_03_ASEReadCounter.table","NW_015090842.1:10293684",10,22,12
"UTP4","s672_F_RAP_03_ASEReadCounter.table","NW_015090842.1:10294093",6,16,10
"UTP4","s672_F_RAP_03_ASEReadCounter.table","NW_015090842.1:10294622",9,20,11
"UTP4","s672_F_RAP_03_ASEReadCounter.table","NW_015090842.1:10294632",10,22,12
"UTP4","s672_F_RAP_03_ASEReadCounter.table","NW_015090842.1:10295238",13,28,15
"UTP4","s672_F_RAP_03_ASEReadCounter.table","NW_015090842.1:10295880",18,35,17
"UTP4","s672_F_RAP_03_ASEReadCounter.table","NW_015090842.1:10295884",14,33,19
"UTP4","s672_F_RAP_03_ASEReadCounter.table","NW_015090842.1:10295903",15,33,18
"UTP4","s672_F_RAP_03_ASEReadCounter.table","NW_015090842.1:10295906",15,33,18
"UTP4","s672_F_RAP_03_ASEReadCounter.table","NW_015090842.1:10295915",16,36,20
"UTP4","s672_F_RAP_03_ASEReadCounter.table","NW_015090842.1:10295938",17,35,18
"UTP4","s672_F_RAP_03_ASEReadCounter.table","NW_015090842.1:10296175",13,32,19
"UTP4","s672_F_RAP_03_ASEReadCounter.table","NW_015090842.1:10296660",24,36,12
"UTP4","s672_F_RAP_03_ASEReadCounter.table","NW_015090842.1:10296679",25,40,15
"UTP4","s672_F_RAP_03_ASEReadCounter.table","NW_015090842.1:10297193",27,54,27
"UTP4","s672_F_RAP_03_ASEReadCounter.table","NW_015090842.1:10297220",28,62,34
"UTP4","s672_F_RAP_03_ASEReadCounter.table","NW_015090842.1:10297307",26,59,33
"UTP4","s672_F_RAP_03_ASEReadCounter.table","NW_015090842.1:10297558",36,81,45
"UTP4","s672_F_RAP_03_ASEReadCounter.table","NW_015090842.1:10297943",28,52,24
"UTP4","s672_F_RAP_03_ASEReadCounter.table","NW_015090842.1:10297979",25,50,25
"UTP4","s672_F_RAP_03_ASEReadCounter.table","NW_015090842.1:10298022",21,40,19
"UTP4","s672_F_RAP_03_ASEReadCounter.table","NW_015090842.1:10298079",2,8,6
"UTP4","s672_F_RAP_03_ASEReadCounter.table","NW_015090842.1:10298081",2,8,6
"UTP4","s672_F_RAP_03_ASEReadCounter.table","NW_015090842.1:10298082",2,7,5
"SNTB2","s672_F_RAP_03_ASEReadCounter.table","NW_015090842.1:10298905",1,1,0
"SNTB2","s672_F_RAP_03_ASEReadCounter.table","NW_015090842.1:10298928",1,2,1
"SNTB2","s672_F_RAP_03_ASEReadCounter.table","NW_015090842.1:10303506",3,5,2
"SNTB2","s672_F_RAP_03_ASEReadCounter.table","NW_015090842.1:10303524",3,5,2
"SNTB2","s672_F_RAP_03_ASEReadCounter.table","NW_015090842.1:10304059",0,1,1
"SNTB2","s672_F_RAP_03_ASEReadCounter.table","NW_015090842.1:10304089",2,3,1
"SNTB2","s672_F_RAP_03_ASEReadCounter.table","NW_015090842.1:10304167",2,5,3
"SNTB2","s672_F_RAP_03_ASEReadCounter.table","NW_015090842.1:10304176",2,4,2
"SNTB2","s672_F_RAP_03_ASEReadCounter.table","NW_015090842.1:10305069",4,4,0
"SNTB2","s672_F_RAP_03_ASEReadCounter.table","NW_015090842.1:10305099",2,3,1
"SNTB2","s672_F_RAP_03_ASEReadCounter.table","NW_015090842.1:10305171",0,1,1
"SNTB2","s672_F_RAP_03_ASEReadCounter.table","NW_015090842.1:10305177",0,1,1
"SNTB2","s672_F_RAP_03_ASEReadCounter.table","NW_015090842.1:10305451",2,3,1
"SNTB2","s672_F_RAP_03_ASEReadCounter.table","NW_015090842.1:10305547",1,3,2
"SNTB2","s672_F_RAP_03_ASEReadCounter.table","NW_015090842.1:10305847",3,6,3
"SNTB2","s672_F_RAP_03_ASEReadCounter.table","NW_015090842.1:10306173",5,7,2
"SNTB2","s672_F_RAP_03_ASEReadCounter.table","NW_015090842.1:10306275",1,2,1
"SNTB2","s672_F_RAP_03_ASEReadCounter.table","NW_015090842.1:10306457",4,5,1
"SNTB2","s672_F_RAP_03_ASEReadCounter.table","NW_015090842.1:10306496",3,4,1
"SNTB2","s672_F_RAP_03_ASEReadCounter.table","NW_015090842.1:10306499",3,4,1
"VPS4A","s672_F_RAP_03_ASEReadCounter.table","NW_015090842.1:10308566",107,204,97
"VPS4A","s672_F_RAP_03_ASEReadCounter.table","NW_015090842.1:10308573",108,208,100
"VPS4A","s672_F_RAP_03_ASEReadCounter.table","NW_015090842.1:10308856",128,305,177
"VPS4A","s672_F_RAP_03_ASEReadCounter.table","NW_015090842.1:10309056",163,380,217
"VPS4A","s672_F_RAP_03_ASEReadCounter.table","NW_015090842.1:10309089",192,391,199
"VPS4A","s672_F_RAP_03_ASEReadCounter.table","NW_015090842.1:10309392",205,385,180
"VPS4A","s672_F_RAP_03_ASEReadCounter.table","NW_015090842.1:10309413",217,408,191
"VPS4A","s672_F_RAP_03_ASEReadCounter.table","NW_015090842.1:10309467",246,474,228
"VPS4A","s672_F_RAP_03_ASEReadCounter.table","NW_015090842.1:10310230",224,478,254
"VPS4A","s672_F_RAP_03_ASEReadCounter.table","NW_015090842.1:10310425",175,405,230
"VPS4A","s672_F_RAP_03_ASEReadCounter.table","NW_015090842.1:10310639",234,466,232
"VPS4A","s672_F_RAP_03_ASEReadCounter.table","NW_015090842.1:10310734",181,396,215
"VPS4A","s672_F_RAP_03_ASEReadCounter.table","NW_015090842.1:10310737",182,401,219
"VPS4A","s672_F_RAP_03_ASEReadCounter.table","NW_015090842.1:10310746",183,406,223
"VPS4A","s672_F_RAP_03_ASEReadCounter.table","NW_015090842.1:10310767",212,429,217
"VPS4A","s672_F_RAP_03_ASEReadCounter.table","NW_015090842.1:10310995",232,438,206
"VPS4A","s672_F_RAP_03_ASEReadCounter.table","NW_015090842.1:10311004",229,425,196
"VPS4A","s672_F_RAP_03_ASEReadCounter.table","NW_015090842.1:10311007",233,435,202
"VPS4A","s672_F_RAP_03_ASEReadCounter.table","NW_015090842.1:10311013",242,445,203
"VPS4A","s672_F_RAP_03_ASEReadCounter.table","NW_015090842.1:10311022",221,427,206
"VPS4A","s672_F_RAP_03_ASEReadCounter.table","NW_015090842.1:10311023",222,425,203
"VPS4A","s672_F_RAP_03_ASEReadCounter.table","NW_015090842.1:10311426",250,484,234
"VPS4A","s672_F_RAP_03_ASEReadCounter.table","NW_015090842.1:10311489",0,10,10
"VPS4A","s672_F_RAP_03_ASEReadCounter.table","NW_015090842.1:10311490",0,8,8
"VPS4A","s672_F_RAP_03_ASEReadCounter.table","NW_015090842.1:10311525",4,13,9
"VPS4A","s672_F_RAP_03_ASEReadCounter.table","NW_015090842.1:10311529",5,24,19
"VPS4A","s672_F_RAP_03_ASEReadCounter.table","NW_015090842.1:10311530",5,24,19
"VPS4A","s672_F_RAP_03_ASEReadCounter.table","NW_015090842.1:10311552",19,49,30
"VPS4A","s672_F_RAP_03_ASEReadCounter.table","NW_015090842.1:10311689",30,73,43
"VPS4A","s672_F_RAP_03_ASEReadCounter.table","NW_015090842.1:10311700",44,88,44
"VPS4A","s672_F_RAP_03_ASEReadCounter.table","NW_015090842.1:10311701",42,87,45
"VPS4A","s672_F_RAP_03_ASEReadCounter.table","NW_015090842.1:10311703",43,88,45
"COG8","s672_F_RAP_03_ASEReadCounter.table","NW_015090842.1:10313487",19,46,27
"COG8","s672_F_RAP_03_ASEReadCounter.table","NW_015090842.1:10313559",38,73,35
"COG8","s672_F_RAP_03_ASEReadCounter.table","NW_015090842.1:10313579",36,70,34
"COG8","s672_F_RAP_03_ASEReadCounter.table","NW_015090842.1:10313665",25,55,30
"COG8","s672_F_RAP_03_ASEReadCounter.table","NW_015090842.1:10313681",28,62,34
"COG8","s672_F_RAP_03_ASEReadCounter.table","NW_015090842.1:10313768",35,72,37
"COG8","s672_F_RAP_03_ASEReadCounter.table","NW_015090842.1:10313775",33,73,40
"COG8","s672_F_RAP_03_ASEReadCounter.table","NW_015090842.1:10313811",28,62,34
"COG8","s672_F_RAP_03_ASEReadCounter.table","NW_015090842.1:10313858",23,55,32
"COG8","s672_F_RAP_03_ASEReadCounter.table","NW_015090842.1:10314100",29,71,42
"COG8","s672_F_RAP_03_ASEReadCounter.table","NW_015090842.1:10314213",24,53,29
"COG8","s672_F_RAP_03_ASEReadCounter.table","NW_015090842.1:10315093",21,46,25
"COG8","s672_F_RAP_03_ASEReadCounter.table","NW_015090842.1:10315162",19,62,43
"COG8","s672_F_RAP_03_ASEReadCounter.table","NW_015090842.1:10315285",22,51,29
"COG8","s672_F_RAP_03_ASEReadCounter.table","NW_015090842.1:10315360",13,38,25
"COG8","s672_F_RAP_03_ASEReadCounter.table","NW_015090842.1:10315369",16,43,27
"COG8","s672_F_RAP_03_ASEReadCounter.table","NW_015090842.1:10315504",12,35,23
"COG8","s672_F_RAP_03_ASEReadCounter.table","NW_015090842.1:10315508",12,35,23
"COG8","s672_F_RAP_03_ASEReadCounter.table","NW_015090842.1:10315624",18,48,30
"COG8","s672_F_RAP_03_ASEReadCounter.table","NW_015090842.1:10315693",10,32,22
"COG8","s672_F_RAP_03_ASEReadCounter.table","NW_015090842.1:10315698",10,33,23
"COG8","s672_F_RAP_03_ASEReadCounter.table","NW_015090842.1:10315768",8,26,18
"COG8","s672_F_RAP_03_ASEReadCounter.table","NW_015090842.1:10315769",8,26,18
"COG8","s672_F_RAP_03_ASEReadCounter.table","NW_015090842.1:10315784",11,27,16
"COG8","s672_F_RAP_03_ASEReadCounter.table","NW_015090842.1:10316093",10,25,15
"COG8","s672_F_RAP_03_ASEReadCounter.table","NW_015090842.1:10316133",9,25,16
"NIP7","s672_F_RAP_03_ASEReadCounter.table","NW_015090842.1:10316759",18,45,27
"NIP7","s672_F_RAP_03_ASEReadCounter.table","NW_015090842.1:10316967",103,220,117
"NIP7","s672_F_RAP_03_ASEReadCounter.table","NW_015090842.1:10316995",114,232,118
"NIP7","s672_F_RAP_03_ASEReadCounter.table","NW_015090842.1:10317240",151,328,177
"NIP7","s672_F_RAP_03_ASEReadCounter.table","NW_015090842.1:10317247",149,328,179
"NIP7","s672_F_RAP_03_ASEReadCounter.table","NW_015090842.1:10317264",144,304,160
"NIP7","s672_F_RAP_03_ASEReadCounter.table","NW_015090842.1:10317433",169,377,208
"NIP7","s672_F_RAP_03_ASEReadCounter.table","NW_015090842.1:10317738",149,329,180
"NIP7","s672_F_RAP_03_ASEReadCounter.table","NW_015090842.1:10317769",145,327,182
"NIP7","s672_F_RAP_03_ASEReadCounter.table","NW_015090842.1:10317808",98,222,124
"NIP7","s672_F_RAP_03_ASEReadCounter.table","NW_015090842.1:10317870",68,162,94
"NIP7","s672_F_RAP_03_ASEReadCounter.table","NW_015090842.1:10317871",70,163,93
"NIP7","s672_F_RAP_03_ASEReadCounter.table","NW_015090842.1:10317898",48,123,75
"NIP7","s672_F_RAP_03_ASEReadCounter.table","NW_015090842.1:10317911",47,113,66
"TMED6","s672_F_RAP_03_ASEReadCounter.table","NW_015090842.1:10318731",2,2,0
"TERF2","s672_F_RAP_03_ASEReadCounter.table","NW_015090842.1:10321665",10,10,0
"TERF2","s672_F_RAP_03_ASEReadCounter.table","NW_015090842.1:10321768",41,81,40
"TERF2","s672_F_RAP_03_ASEReadCounter.table","NW_015090842.1:10321777",35,70,35
"TERF2","s672_F_RAP_03_ASEReadCounter.table","NW_015090842.1:10321805",32,71,39
"TERF2","s672_F_RAP_03_ASEReadCounter.table","NW_015090842.1:10321878",52,103,51
"TERF2","s672_F_RAP_03_ASEReadCounter.table","NW_015090842.1:10321893",4,108,104
"TERF2","s672_F_RAP_03_ASEReadCounter.table","NW_015090842.1:10321897",33,84,51
"TERF2","s672_F_RAP_03_ASEReadCounter.table","NW_015090842.1:10321908",35,83,48
"TERF2","s672_F_RAP_03_ASEReadCounter.table","NW_015090842.1:10322001",50,115,65
"TERF2","s672_F_RAP_03_ASEReadCounter.table","NW_015090842.1:10322035",45,95,50
"TERF2","s672_F_RAP_03_ASEReadCounter.table","NW_015090842.1:10322051",53,107,54
"TERF2","s672_F_RAP_03_ASEReadCounter.table","NW_015090842.1:10322137",42,74,32
"TERF2","s672_F_RAP_03_ASEReadCounter.table","NW_015090842.1:10322144",39,67,28
"TERF2","s672_F_RAP_03_ASEReadCounter.table","NW_015090842.1:10322388",24,85,61
"TERF2","s672_F_RAP_03_ASEReadCounter.table","NW_015090842.1:10322396",25,80,55
"TERF2","s672_F_RAP_03_ASEReadCounter.table","NW_015090842.1:10322502",38,96,58
"TERF2","s672_F_RAP_03_ASEReadCounter.table","NW_015090842.1:10322504",39,100,61
"TERF2","s672_F_RAP_03_ASEReadCounter.table","NW_015090842.1:10322510",38,104,66
"TERF2","s672_F_RAP_03_ASEReadCounter.table","NW_015090842.1:10323580",41,93,52
"TERF2","s672_F_RAP_03_ASEReadCounter.table","NW_015090842.1:10324314",37,86,49
"TERF2","s672_F_RAP_03_ASEReadCounter.table","NW_015090842.1:10326832",29,63,34
"TERF2","s672_F_RAP_03_ASEReadCounter.table","NW_015090842.1:10327787",20,33,13
"TERF2","s672_F_RAP_03_ASEReadCounter.table","NW_015090842.1:10328588",23,42,19
"TERF2","s672_F_RAP_03_ASEReadCounter.table","NW_015090842.1:10328644",15,35,20
"TERF2","s672_F_RAP_03_ASEReadCounter.table","NW_015090842.1:10329813",21,42,21
"TERF2","s672_F_RAP_03_ASEReadCounter.table","NW_015090842.1:10330749",16,34,18
"TERF2","s672_F_RAP_03_ASEReadCounter.table","NW_015090842.1:10330789",14,31,17
"CYB5B","s672_F_RAP_03_ASEReadCounter.table","NW_015090842.1:10336595",2,8,6
"CYB5B","s672_F_RAP_03_ASEReadCounter.table","NW_015090842.1:10336667",51,90,39
"CYB5B","s672_F_RAP_03_ASEReadCounter.table","NW_015090842.1:10336689",69,134,65
"CYB5B","s672_F_RAP_03_ASEReadCounter.table","NW_015090842.1:10336728",96,210,114
"CYB5B","s672_F_RAP_03_ASEReadCounter.table","NW_015090842.1:10345068",91,197,106
"CYB5B","s672_F_RAP_03_ASEReadCounter.table","NW_015090842.1:10348800",151,297,146
"CYB5B","s672_F_RAP_03_ASEReadCounter.table","NW_015090842.1:10348888",122,274,152
"CYB5B","s672_F_RAP_03_ASEReadCounter.table","NW_015090842.1:10349046",126,258,132
"CYB5B","s672_F_RAP_03_ASEReadCounter.table","NW_015090842.1:10349119",72,196,124
"CYB5B","s672_F_RAP_03_ASEReadCounter.table","NW_015090842.1:10349146",48,178,130
"CYB5B","s672_F_RAP_03_ASEReadCounter.table","NW_015090842.1:10349157",67,208,141
