"gene","id","snp","ref_count","total_count","alt_count"
"CENPN","s672_F_VTA_03_ASEReadCounter.table","NW_015090842.1:5802008",1,2,1
"CENPN","s672_F_VTA_03_ASEReadCounter.table","NW_015090842.1:5802012",1,2,1
"CENPN","s672_F_VTA_03_ASEReadCounter.table","NW_015090842.1:5802087",1,2,1
"CENPN","s672_F_VTA_03_ASEReadCounter.table","NW_015090842.1:5810113",6,6,0
"CENPN","s672_F_VTA_03_ASEReadCounter.table","NW_015090842.1:5810147",9,9,0
"CENPN","s672_F_VTA_03_ASEReadCounter.table","NW_015090842.1:5810148",9,9,0
"ATMIN","s672_F_VTA_03_ASEReadCounter.table","NW_015090842.1:5818789",0,1,1
"ATMIN","s672_F_VTA_03_ASEReadCounter.table","NW_015090842.1:5819958",0,4,4
"ATMIN","s672_F_VTA_03_ASEReadCounter.table","NW_015090842.1:5820004",0,4,4
"ATMIN","s672_F_VTA_03_ASEReadCounter.table","NW_015090842.1:5820217",1,2,1
"ATMIN","s672_F_VTA_03_ASEReadCounter.table","NW_015090842.1:5820250",2,2,0
"ATMIN","s672_F_VTA_03_ASEReadCounter.table","NW_015090842.1:5820298",2,4,2
"ATMIN","s672_F_VTA_03_ASEReadCounter.table","NW_015090842.1:5820417",0,1,1
"ATMIN","s672_F_VTA_03_ASEReadCounter.table","NW_015090842.1:5820421",0,1,1
"ATMIN","s672_F_VTA_03_ASEReadCounter.table","NW_015090842.1:5820448",0,1,1
"ATMIN","s672_F_VTA_03_ASEReadCounter.table","NW_015090842.1:5820457",0,1,1
"ATMIN","s672_F_VTA_03_ASEReadCounter.table","NW_015090842.1:5820510",1,2,1
"ATMIN","s672_F_VTA_03_ASEReadCounter.table","NW_015090842.1:5820673",0,1,1
"ATMIN","s672_F_VTA_03_ASEReadCounter.table","NW_015090842.1:5820754",3,4,1
"ATMIN","s672_F_VTA_03_ASEReadCounter.table","NW_015090842.1:5820820",1,4,3
"ATMIN","s672_F_VTA_03_ASEReadCounter.table","NW_015090842.1:5820865",1,4,3
"ATMIN","s672_F_VTA_03_ASEReadCounter.table","NW_015090842.1:5820889",1,4,3
"ATMIN","s672_F_VTA_03_ASEReadCounter.table","NW_015090842.1:5820891",1,4,3
"ATMIN","s672_F_VTA_03_ASEReadCounter.table","NW_015090842.1:5820997",2,2,0
"ATMIN","s672_F_VTA_03_ASEReadCounter.table","NW_015090842.1:5821063",2,2,0
"ATMIN","s672_F_VTA_03_ASEReadCounter.table","NW_015090842.1:5821132",1,1,0
"ATMIN","s672_F_VTA_03_ASEReadCounter.table","NW_015090842.1:5821645",5,6,1
"ATMIN","s672_F_VTA_03_ASEReadCounter.table","NW_015090842.1:5825066",4,6,2
"ATMIN","s672_F_VTA_03_ASEReadCounter.table","NW_015090842.1:5825106",5,8,3
"ATMIN","s672_F_VTA_03_ASEReadCounter.table","NW_015090842.1:5825122",6,8,2
"ATMIN","s672_F_VTA_03_ASEReadCounter.table","NW_015090842.1:5825178",9,15,6
"ATMIN","s672_F_VTA_03_ASEReadCounter.table","NW_015090842.1:5825194",9,16,7
"ATMIN","s672_F_VTA_03_ASEReadCounter.table","NW_015090842.1:5825195",9,16,7
"ATMIN","s672_F_VTA_03_ASEReadCounter.table","NW_015090842.1:5825220",4,11,7
"ATMIN","s672_F_VTA_03_ASEReadCounter.table","NW_015090842.1:5825240",4,14,10
"ATMIN","s672_F_VTA_03_ASEReadCounter.table","NW_015090842.1:5825303",12,27,15
"ATMIN","s672_F_VTA_03_ASEReadCounter.table","NW_015090842.1:5825304",12,27,15
"ATMIN","s672_F_VTA_03_ASEReadCounter.table","NW_015090842.1:5825310",13,28,15
"ATMIN","s672_F_VTA_03_ASEReadCounter.table","NW_015090842.1:5825406",5,14,9
"ATMIN","s672_F_VTA_03_ASEReadCounter.table","NW_015090842.1:5825415",5,16,11
"ATMIN","s672_F_VTA_03_ASEReadCounter.table","NW_015090842.1:5825438",8,19,11
"ATMIN","s672_F_VTA_03_ASEReadCounter.table","NW_015090842.1:5825485",9,17,8
"ATMIN","s672_F_VTA_03_ASEReadCounter.table","NW_015090842.1:5825524",12,26,14
"ATMIN","s672_F_VTA_03_ASEReadCounter.table","NW_015090842.1:5825557",15,32,17
"ATMIN","s672_F_VTA_03_ASEReadCounter.table","NW_015090842.1:5825571",14,31,17
"ATMIN","s672_F_VTA_03_ASEReadCounter.table","NW_015090842.1:5825579",13,30,17
"ATMIN","s672_F_VTA_03_ASEReadCounter.table","NW_015090842.1:5825590",14,28,14
"ATMIN","s672_F_VTA_03_ASEReadCounter.table","NW_015090842.1:5825689",12,18,6
"ATMIN","s672_F_VTA_03_ASEReadCounter.table","NW_015090842.1:5825703",16,25,9
"ATMIN","s672_F_VTA_03_ASEReadCounter.table","NW_015090842.1:5825787",13,32,19
"ATMIN","s672_F_VTA_03_ASEReadCounter.table","NW_015090842.1:5825833",12,31,19
"ATMIN","s672_F_VTA_03_ASEReadCounter.table","NW_015090842.1:5825841",7,27,20
"ATMIN","s672_F_VTA_03_ASEReadCounter.table","NW_015090842.1:5825895",11,31,20
"ATMIN","s672_F_VTA_03_ASEReadCounter.table","NW_015090842.1:5825984",5,24,19
"ATMIN","s672_F_VTA_03_ASEReadCounter.table","NW_015090842.1:5826162",8,34,26
"ATMIN","s672_F_VTA_03_ASEReadCounter.table","NW_015090842.1:5826194",10,38,28
"ATMIN","s672_F_VTA_03_ASEReadCounter.table","NW_015090842.1:5826235",15,37,22
"ATMIN","s672_F_VTA_03_ASEReadCounter.table","NW_015090842.1:5826245",16,38,22
"ATMIN","s672_F_VTA_03_ASEReadCounter.table","NW_015090842.1:5826335",10,26,16
"ATMIN","s672_F_VTA_03_ASEReadCounter.table","NW_015090842.1:5826417",12,22,10
"ATMIN","s672_F_VTA_03_ASEReadCounter.table","NW_015090842.1:5826431",14,27,13
"ATMIN","s672_F_VTA_03_ASEReadCounter.table","NW_015090842.1:5826438",14,28,14
"ATMIN","s672_F_VTA_03_ASEReadCounter.table","NW_015090842.1:5826463",16,38,22
"ATMIN","s672_F_VTA_03_ASEReadCounter.table","NW_015090842.1:5826502",18,45,27
"ATMIN","s672_F_VTA_03_ASEReadCounter.table","NW_015090842.1:5826511",17,45,28
"ATMIN","s672_F_VTA_03_ASEReadCounter.table","NW_015090842.1:5826659",14,32,18
"ATMIN","s672_F_VTA_03_ASEReadCounter.table","NW_015090842.1:5826701",16,40,24
"ATMIN","s672_F_VTA_03_ASEReadCounter.table","NW_015090842.1:5826702",16,40,24
"ATMIN","s672_F_VTA_03_ASEReadCounter.table","NW_015090842.1:5826732",18,45,27
"ATMIN","s672_F_VTA_03_ASEReadCounter.table","NW_015090842.1:5826745",23,52,29
"ATMIN","s672_F_VTA_03_ASEReadCounter.table","NW_015090842.1:5826835",22,52,30
"ATMIN","s672_F_VTA_03_ASEReadCounter.table","NW_015090842.1:5826942",23,66,43
"ATMIN","s672_F_VTA_03_ASEReadCounter.table","NW_015090842.1:5827193",32,77,45
"ATMIN","s672_F_VTA_03_ASEReadCounter.table","NW_015090842.1:5827196",32,78,46
"ATMIN","s672_F_VTA_03_ASEReadCounter.table","NW_015090842.1:5827269",36,69,33
"ATMIN","s672_F_VTA_03_ASEReadCounter.table","NW_015090842.1:5827315",23,49,26
"ATMIN","s672_F_VTA_03_ASEReadCounter.table","NW_015090842.1:5827316",24,52,28
"ATMIN","s672_F_VTA_03_ASEReadCounter.table","NW_015090842.1:5827333",29,58,29
"PPP1R3E","s672_F_VTA_03_ASEReadCounter.table","NW_015090842.1:5837733",5,5,0
"PPP1R3E","s672_F_VTA_03_ASEReadCounter.table","NW_015090842.1:5837947",3,4,1
"PKD1L2","s672_F_VTA_03_ASEReadCounter.table","NW_015090842.1:5867509",0,1,1
"PKD1L2","s672_F_VTA_03_ASEReadCounter.table","NW_015090842.1:5867660",1,1,0
"PKD1L2","s672_F_VTA_03_ASEReadCounter.table","NW_015090842.1:5867675",1,1,0
"PKD1L2","s672_F_VTA_03_ASEReadCounter.table","NW_015090842.1:5867788",0,3,3
"PKD1L2","s672_F_VTA_03_ASEReadCounter.table","NW_015090842.1:5867843",0,2,2
"BCO1","s672_F_VTA_03_ASEReadCounter.table","NW_015090842.1:5917912",1,2,1
"BCO1","s672_F_VTA_03_ASEReadCounter.table","NW_015090842.1:5917941",2,4,2
"BCO1","s672_F_VTA_03_ASEReadCounter.table","NW_015090842.1:5917971",2,4,2
"BCO1","s672_F_VTA_03_ASEReadCounter.table","NW_015090842.1:5921679",5,6,1
"BCO1","s672_F_VTA_03_ASEReadCounter.table","NW_015090842.1:5921726",7,7,0
"BCO1","s672_F_VTA_03_ASEReadCounter.table","NW_015090842.1:5925669",7,11,4
"BCO1","s672_F_VTA_03_ASEReadCounter.table","NW_015090842.1:5926937",3,4,1
"BCO1","s672_F_VTA_03_ASEReadCounter.table","NW_015090842.1:5927921",4,5,1
"BCO1","s672_F_VTA_03_ASEReadCounter.table","NW_015090842.1:5927948",4,5,1
"BCO1","s672_F_VTA_03_ASEReadCounter.table","NW_015090842.1:5927968",3,4,1
"BCO1","s672_F_VTA_03_ASEReadCounter.table","NW_015090842.1:5928052",4,4,0
"BCO1","s672_F_VTA_03_ASEReadCounter.table","NW_015090842.1:5932726",11,17,6
"BCO1","s672_F_VTA_03_ASEReadCounter.table","NW_015090842.1:5932801",10,15,5
"BCO1","s672_F_VTA_03_ASEReadCounter.table","NW_015090842.1:5934558",14,18,4
"BCO1","s672_F_VTA_03_ASEReadCounter.table","NW_015090842.1:5934575",16,19,3
"BCO1","s672_F_VTA_03_ASEReadCounter.table","NW_015090842.1:5934608",16,21,5
"BCO1","s672_F_VTA_03_ASEReadCounter.table","NW_015090842.1:5934647",18,22,4
"BCO1","s672_F_VTA_03_ASEReadCounter.table","NW_015090842.1:5934725",13,16,3
"BCO1","s672_F_VTA_03_ASEReadCounter.table","NW_015090842.1:5934726",13,16,3
"BCO1","s672_F_VTA_03_ASEReadCounter.table","NW_015090842.1:5934733",9,11,2
"BCO1","s672_F_VTA_03_ASEReadCounter.table","NW_015090842.1:5934821",8,10,2
"BCO1","s672_F_VTA_03_ASEReadCounter.table","NW_015090842.1:5934826",8,10,2
"BCO1","s672_F_VTA_03_ASEReadCounter.table","NW_015090842.1:5934844",6,8,2
"BCO1","s672_F_VTA_03_ASEReadCounter.table","NW_015090842.1:5934958",16,18,2
"BCO1","s672_F_VTA_03_ASEReadCounter.table","NW_015090842.1:5934976",16,18,2
"GAN","s672_F_VTA_03_ASEReadCounter.table","NW_015090842.1:5953759",8,21,13
"GAN","s672_F_VTA_03_ASEReadCounter.table","NW_015090842.1:5957502",4,16,12
"GAN","s672_F_VTA_03_ASEReadCounter.table","NW_015090842.1:5957578",4,16,12
"GAN","s672_F_VTA_03_ASEReadCounter.table","NW_015090842.1:5966047",13,36,23
"GAN","s672_F_VTA_03_ASEReadCounter.table","NW_015090842.1:5966126",10,32,22
"GAN","s672_F_VTA_03_ASEReadCounter.table","NW_015090842.1:5966127",10,34,24
"GAN","s672_F_VTA_03_ASEReadCounter.table","NW_015090842.1:5966162",16,39,23
"GAN","s672_F_VTA_03_ASEReadCounter.table","NW_015090842.1:5966483",28,67,39
"CMIP","s672_F_VTA_03_ASEReadCounter.table","NW_015090842.1:6109159",15,28,13
"CMIP","s672_F_VTA_03_ASEReadCounter.table","NW_015090842.1:6109166",16,29,13
"CMIP","s672_F_VTA_03_ASEReadCounter.table","NW_015090842.1:6114641",22,38,16
"CMIP","s672_F_VTA_03_ASEReadCounter.table","NW_015090842.1:6114751",20,35,15
"CMIP","s672_F_VTA_03_ASEReadCounter.table","NW_015090842.1:6114824",13,35,22
"CMIP","s672_F_VTA_03_ASEReadCounter.table","NW_015090842.1:6126295",49,51,2
"CMIP","s672_F_VTA_03_ASEReadCounter.table","NW_015090842.1:6128998",32,61,29
"CMIP","s672_F_VTA_03_ASEReadCounter.table","NW_015090842.1:6130562",56,116,60
"CMIP","s672_F_VTA_03_ASEReadCounter.table","NW_015090842.1:6132522",41,96,55
"CMIP","s672_F_VTA_03_ASEReadCounter.table","NW_015090842.1:6138265",79,235,156
"CMIP","s672_F_VTA_03_ASEReadCounter.table","NW_015090842.1:6138300",86,240,154
"CMIP","s672_F_VTA_03_ASEReadCounter.table","NW_015090842.1:6138342",74,202,128
"CMIP","s672_F_VTA_03_ASEReadCounter.table","NW_015090842.1:6138343",73,202,129
"CMIP","s672_F_VTA_03_ASEReadCounter.table","NW_015090842.1:6138345",73,195,122
"CMIP","s672_F_VTA_03_ASEReadCounter.table","NW_015090842.1:6138647",48,129,81
"CMIP","s672_F_VTA_03_ASEReadCounter.table","NW_015090842.1:6138745",79,170,91
"CMIP","s672_F_VTA_03_ASEReadCounter.table","NW_015090842.1:6138832",12,56,44
"CMIP","s672_F_VTA_03_ASEReadCounter.table","NW_015090842.1:6138967",63,144,81
"CMIP","s672_F_VTA_03_ASEReadCounter.table","NW_015090842.1:6139131",30,75,45
"CMIP","s672_F_VTA_03_ASEReadCounter.table","NW_015090842.1:6139163",8,53,45
"CMIP","s672_F_VTA_03_ASEReadCounter.table","NW_015090842.1:6139212",116,119,3
"CMIP","s672_F_VTA_03_ASEReadCounter.table","NW_015090842.1:6139360",33,58,25
"CMIP","s672_F_VTA_03_ASEReadCounter.table","NW_015090842.1:6139572",20,43,23
"PLCG2","s672_F_VTA_03_ASEReadCounter.table","NW_015090842.1:6179613",1,2,1
"PLCG2","s672_F_VTA_03_ASEReadCounter.table","NW_015090842.1:6179658",2,2,0
"PLCG2","s672_F_VTA_03_ASEReadCounter.table","NW_015090842.1:6203766",3,4,1
"PLCG2","s672_F_VTA_03_ASEReadCounter.table","NW_015090842.1:6203775",3,4,1
"PLCG2","s672_F_VTA_03_ASEReadCounter.table","NW_015090842.1:6203787",3,4,1
"PLCG2","s672_F_VTA_03_ASEReadCounter.table","NW_015090842.1:6217547",2,4,2
"PLCG2","s672_F_VTA_03_ASEReadCounter.table","NW_015090842.1:6218641",2,4,2
"PLCG2","s672_F_VTA_03_ASEReadCounter.table","NW_015090842.1:6220552",2,5,3
"PLCG2","s672_F_VTA_03_ASEReadCounter.table","NW_015090842.1:6221969",2,5,3
"PLCG2","s672_F_VTA_03_ASEReadCounter.table","NW_015090842.1:6228672",2,2,0
"PLCG2","s672_F_VTA_03_ASEReadCounter.table","NW_015090842.1:6228694",2,2,0
"PLCG2","s672_F_VTA_03_ASEReadCounter.table","NW_015090842.1:6228722",3,3,0
"PLCG2","s672_F_VTA_03_ASEReadCounter.table","NW_015090842.1:6228747",1,1,0
"PLCG2","s672_F_VTA_03_ASEReadCounter.table","NW_015090842.1:6228835",2,3,1
"PLCG2","s672_F_VTA_03_ASEReadCounter.table","NW_015090842.1:6228841",2,3,1
"PLCG2","s672_F_VTA_03_ASEReadCounter.table","NW_015090842.1:6228865",3,3,0
"PLCG2","s672_F_VTA_03_ASEReadCounter.table","NW_015090842.1:6228917",2,2,0
"PLCG2","s672_F_VTA_03_ASEReadCounter.table","NW_015090842.1:6228926",3,3,0
"PLCG2","s672_F_VTA_03_ASEReadCounter.table","NW_015090842.1:6228954",2,2,0
"PLCG2","s672_F_VTA_03_ASEReadCounter.table","NW_015090842.1:6229002",4,5,1
"PLCG2","s672_F_VTA_03_ASEReadCounter.table","NW_015090842.1:6229006",4,5,1
"PLCG2","s672_F_VTA_03_ASEReadCounter.table","NW_015090842.1:6229081",2,2,0
"PLCG2","s672_F_VTA_03_ASEReadCounter.table","NW_015090842.1:6229097",2,2,0
"PLCG2","s672_F_VTA_03_ASEReadCounter.table","NW_015090842.1:6229213",1,1,0
"PLCG2","s672_F_VTA_03_ASEReadCounter.table","NW_015090842.1:6229231",1,1,0
"PLCG2","s672_F_VTA_03_ASEReadCounter.table","NW_015090842.1:6229663",2,3,1
"PLCG2","s672_F_VTA_03_ASEReadCounter.table","NW_015090842.1:6229748",4,4,0
"PLCG2","s672_F_VTA_03_ASEReadCounter.table","NW_015090842.1:6229892",2,3,1
"PLCG2","s672_F_VTA_03_ASEReadCounter.table","NW_015090842.1:6230248",0,1,1
"PLCG2","s672_F_VTA_03_ASEReadCounter.table","NW_015090842.1:6230255",0,1,1
"PLCG2","s672_F_VTA_03_ASEReadCounter.table","NW_015090842.1:6230276",1,2,1
"PLCG2","s672_F_VTA_03_ASEReadCounter.table","NW_015090842.1:6230296",2,4,2
"PLCG2","s672_F_VTA_03_ASEReadCounter.table","NW_015090842.1:6230349",5,6,1
"PLCG2","s672_F_VTA_03_ASEReadCounter.table","NW_015090842.1:6230408",3,3,0
"PLCG2","s672_F_VTA_03_ASEReadCounter.table","NW_015090842.1:6230439",3,5,2
"PLCG2","s672_F_VTA_03_ASEReadCounter.table","NW_015090842.1:6230757",2,2,0
"PLCG2","s672_F_VTA_03_ASEReadCounter.table","NW_015090842.1:6230758",2,2,0
"PLCG2","s672_F_VTA_03_ASEReadCounter.table","NW_015090842.1:6230898",4,4,0
"PLCG2","s672_F_VTA_03_ASEReadCounter.table","NW_015090842.1:6230976",7,7,0
"PLCG2","s672_F_VTA_03_ASEReadCounter.table","NW_015090842.1:6231078",6,6,0
"PLCG2","s672_F_VTA_03_ASEReadCounter.table","NW_015090842.1:6231138",8,8,0
"PLCG2","s672_F_VTA_03_ASEReadCounter.table","NW_015090842.1:6231177",8,8,0
"PLCG2","s672_F_VTA_03_ASEReadCounter.table","NW_015090842.1:6231263",2,2,0
"SDR42E1","s672_F_VTA_03_ASEReadCounter.table","NW_015090842.1:6235292",1,4,3
"SDR42E1","s672_F_VTA_03_ASEReadCounter.table","NW_015090842.1:6235315",1,2,1
"SDR42E1","s672_F_VTA_03_ASEReadCounter.table","NW_015090842.1:6235348",4,6,2
"SDR42E1","s672_F_VTA_03_ASEReadCounter.table","NW_015090842.1:6235355",4,5,1
"SDR42E1","s672_F_VTA_03_ASEReadCounter.table","NW_015090842.1:6235417",4,7,3
"SDR42E1","s672_F_VTA_03_ASEReadCounter.table","NW_015090842.1:6235558",1,5,4
"SDR42E1","s672_F_VTA_03_ASEReadCounter.table","NW_015090842.1:6235741",4,14,10
"SDR42E1","s672_F_VTA_03_ASEReadCounter.table","NW_015090842.1:6235777",4,15,11
"SDR42E1","s672_F_VTA_03_ASEReadCounter.table","NW_015090842.1:6235806",2,13,11
"SDR42E1","s672_F_VTA_03_ASEReadCounter.table","NW_015090842.1:6235809",2,14,12
"SDR42E1","s672_F_VTA_03_ASEReadCounter.table","NW_015090842.1:6235816",2,14,12
"SDR42E1","s672_F_VTA_03_ASEReadCounter.table","NW_015090842.1:6235914",0,5,5
"SDR42E1","s672_F_VTA_03_ASEReadCounter.table","NW_015090842.1:6235935",0,4,4
"SDR42E1","s672_F_VTA_03_ASEReadCounter.table","NW_015090842.1:6235957",0,4,4
"SDR42E1","s672_F_VTA_03_ASEReadCounter.table","NW_015090842.1:6236040",2,7,5
"SDR42E1","s672_F_VTA_03_ASEReadCounter.table","NW_015090842.1:6236260",2,8,6
"SDR42E1","s672_F_VTA_03_ASEReadCounter.table","NW_015090842.1:6236281",2,8,6
"SDR42E1","s672_F_VTA_03_ASEReadCounter.table","NW_015090842.1:6236305",1,6,5
"SDR42E1","s672_F_VTA_03_ASEReadCounter.table","NW_015090842.1:6236458",2,9,7
"SDR42E1","s672_F_VTA_03_ASEReadCounter.table","NW_015090842.1:6236476",3,10,7
"SDR42E1","s672_F_VTA_03_ASEReadCounter.table","NW_015090842.1:6236608",1,4,3
"SDR42E1","s672_F_VTA_03_ASEReadCounter.table","NW_015090842.1:6238244",1,2,1
"SDR42E1","s672_F_VTA_03_ASEReadCounter.table","NW_015090842.1:6238829",0,1,1
"HSD17B2","s672_F_VTA_03_ASEReadCounter.table","NW_015090842.1:6262951",0,1,1
"HSD17B2","s672_F_VTA_03_ASEReadCounter.table","NW_015090842.1:6262974",0,1,1
"HSD17B2","s672_F_VTA_03_ASEReadCounter.table","NW_015090842.1:6266135",0,1,1
"HSD17B2","s672_F_VTA_03_ASEReadCounter.table","NW_015090842.1:6267053",0,2,2
"HSD17B2","s672_F_VTA_03_ASEReadCounter.table","NW_015090842.1:6267196",0,1,1
"HSD17B2","s672_F_VTA_03_ASEReadCounter.table","NW_015090842.1:6267273",0,1,1
"HSD17B2","s672_F_VTA_03_ASEReadCounter.table","NW_015090842.1:6268098",0,3,3
"HSD17B2","s672_F_VTA_03_ASEReadCounter.table","NW_015090842.1:6268203",0,1,1
"ARY2","s672_F_VTA_03_ASEReadCounter.table","NW_015090842.1:6303922",5,5,0
"ARY2","s672_F_VTA_03_ASEReadCounter.table","NW_015090842.1:6303954",6,9,3
"ARY2","s672_F_VTA_03_ASEReadCounter.table","NW_015090842.1:6303979",9,12,3
"ARY2","s672_F_VTA_03_ASEReadCounter.table","NW_015090842.1:6305848",10,19,9
"ARY2","s672_F_VTA_03_ASEReadCounter.table","NW_015090842.1:6305856",10,19,9
"ARY2","s672_F_VTA_03_ASEReadCounter.table","NW_015090842.1:6305857",10,19,9
"ARY2","s672_F_VTA_03_ASEReadCounter.table","NW_015090842.1:6306017",13,23,10
"ARY2","s672_F_VTA_03_ASEReadCounter.table","NW_015090842.1:6306052",14,26,12
"ARY2","s672_F_VTA_03_ASEReadCounter.table","NW_015090842.1:6306094",17,32,15
"ARY2","s672_F_VTA_03_ASEReadCounter.table","NW_015090842.1:6306100",17,33,16
"ARY2","s672_F_VTA_03_ASEReadCounter.table","NW_015090842.1:6306146",12,25,13
"ARY2","s672_F_VTA_03_ASEReadCounter.table","NW_015090842.1:6306147",11,24,13
"ARY2","s672_F_VTA_03_ASEReadCounter.table","NW_015090842.1:6306390",14,23,9
"ARY2","s672_F_VTA_03_ASEReadCounter.table","NW_015090842.1:6306567",17,33,16
"ARY2","s672_F_VTA_03_ASEReadCounter.table","NW_015090842.1:6306705",10,15,5
"ARY2","s672_F_VTA_03_ASEReadCounter.table","NW_015090842.1:6306773",9,15,6
"ARY2","s672_F_VTA_03_ASEReadCounter.table","NW_015090842.1:6307039",12,17,5
"ARY2","s672_F_VTA_03_ASEReadCounter.table","NW_015090842.1:6307043",12,17,5
"ARY2","s672_F_VTA_03_ASEReadCounter.table","NW_015090842.1:6307093",20,24,4
"ARY2","s672_F_VTA_03_ASEReadCounter.table","NW_015090842.1:6307138",22,27,5
"ARY2","s672_F_VTA_03_ASEReadCounter.table","NW_015090842.1:6307157",16,21,5
"ARY2","s672_F_VTA_03_ASEReadCounter.table","NW_015090842.1:6307187",13,20,7
"ARY2","s672_F_VTA_03_ASEReadCounter.table","NW_015090842.1:6307204",13,21,8
"ARY2","s672_F_VTA_03_ASEReadCounter.table","NW_015090842.1:6307278",12,22,10
"ARY2","s672_F_VTA_03_ASEReadCounter.table","NW_015090842.1:6307305",16,22,6
"ARY2","s672_F_VTA_03_ASEReadCounter.table","NW_015090842.1:6307318",16,25,9
"ARY2","s672_F_VTA_03_ASEReadCounter.table","NW_015090842.1:6307429",25,30,5
"ARY2","s672_F_VTA_03_ASEReadCounter.table","NW_015090842.1:6307487",14,22,8
"ARY2","s672_F_VTA_03_ASEReadCounter.table","NW_015090842.1:6307670",9,11,2
"ARYL","s672_F_VTA_03_ASEReadCounter.table","NW_015090842.1:6313360",0,3,3
"ARYL","s672_F_VTA_03_ASEReadCounter.table","NW_015090842.1:6313377",0,2,2
"ARYL","s672_F_VTA_03_ASEReadCounter.table","NW_015090842.1:6313767",3,6,3
"ARY1","s672_F_VTA_03_ASEReadCounter.table","NW_015090842.1:6314296",2,6,4
"ARY1","s672_F_VTA_03_ASEReadCounter.table","NW_015090842.1:6314541",2,3,1
"ARY1","s672_F_VTA_03_ASEReadCounter.table","NW_015090842.1:6314597",4,7,3
"ARY1","s672_F_VTA_03_ASEReadCounter.table","NW_015090842.1:6314750",7,9,2
"ARY1","s672_F_VTA_03_ASEReadCounter.table","NW_015090842.1:6314794",4,4,0
"ARY1","s672_F_VTA_03_ASEReadCounter.table","NW_015090842.1:6314827",2,2,0
"ARY1","s672_F_VTA_03_ASEReadCounter.table","NW_015090842.1:6314859",6,6,0
"ARY1","s672_F_VTA_03_ASEReadCounter.table","NW_015090842.1:6314886",7,7,0
"ARY1","s672_F_VTA_03_ASEReadCounter.table","NW_015090842.1:6315022",8,9,1
"ARY1","s672_F_VTA_03_ASEReadCounter.table","NW_015090842.1:6315026",8,9,1
"ARY1","s672_F_VTA_03_ASEReadCounter.table","NW_015090842.1:6315043",6,7,1
"ARY1","s672_F_VTA_03_ASEReadCounter.table","NW_015090842.1:6315065",7,9,2
"ARY1","s672_F_VTA_03_ASEReadCounter.table","NW_015090842.1:6315409",5,7,2
"ARY1","s672_F_VTA_03_ASEReadCounter.table","NW_015090842.1:6315479",9,11,2
"ARY1","s672_F_VTA_03_ASEReadCounter.table","NW_015090842.1:6318342",10,15,5
"ARY1","s672_F_VTA_03_ASEReadCounter.table","NW_015090842.1:6318427",13,19,6
"ARY1","s672_F_VTA_03_ASEReadCounter.table","NW_015090842.1:6318603",16,21,5
"ARY1","s672_F_VTA_03_ASEReadCounter.table","NW_015090842.1:6318708",7,14,7
"ARY1","s672_F_VTA_03_ASEReadCounter.table","NW_015090842.1:6318858",14,19,5
"ARY1","s672_F_VTA_03_ASEReadCounter.table","NW_015090842.1:6318952",7,12,5
"MPHOSPH6","s672_F_VTA_03_ASEReadCounter.table","NW_015090842.1:6324063",31,66,35
"MPHOSPH6","s672_F_VTA_03_ASEReadCounter.table","NW_015090842.1:6324174",52,117,65
"MPHOSPH6","s672_F_VTA_03_ASEReadCounter.table","NW_015090842.1:6324270",68,138,70
"MPHOSPH6","s672_F_VTA_03_ASEReadCounter.table","NW_015090842.1:6324762",67,126,59
"MPHOSPH6","s672_F_VTA_03_ASEReadCounter.table","NW_015090842.1:6324780",56,105,49
"MPHOSPH6","s672_F_VTA_03_ASEReadCounter.table","NW_015090842.1:6324902",60,121,61
"MPHOSPH6","s672_F_VTA_03_ASEReadCounter.table","NW_015090842.1:6325066",49,104,55
"MPHOSPH6","s672_F_VTA_03_ASEReadCounter.table","NW_015090842.1:6325089",54,122,68
"MPHOSPH6","s672_F_VTA_03_ASEReadCounter.table","NW_015090842.1:6325877",40,108,68
"MPHOSPH6","s672_F_VTA_03_ASEReadCounter.table","NW_015090842.1:6326976",32,87,55
"CDH13","s672_F_VTA_03_ASEReadCounter.table","NW_015090842.1:6662283",3,4,1
"CDH13","s672_F_VTA_03_ASEReadCounter.table","NW_015090842.1:6693665",5,9,4
"CDH13","s672_F_VTA_03_ASEReadCounter.table","NW_015090842.1:6693697",5,9,4
"CDH13","s672_F_VTA_03_ASEReadCounter.table","NW_015090842.1:6693712",6,11,5
"CDH13","s672_F_VTA_03_ASEReadCounter.table","NW_015090842.1:6693723",4,9,5
"CDH13","s672_F_VTA_03_ASEReadCounter.table","NW_015090842.1:6693738",6,10,4
"CDH13","s672_F_VTA_03_ASEReadCounter.table","NW_015090842.1:6823730",2,9,7
"CDH13","s672_F_VTA_03_ASEReadCounter.table","NW_015090842.1:6889713",3,8,5
"CDH13","s672_F_VTA_03_ASEReadCounter.table","NW_015090842.1:6955167",10,19,9
"MLYCD","s672_F_VTA_03_ASEReadCounter.table","NW_015090842.1:7150054",41,99,58
"MLYCD","s672_F_VTA_03_ASEReadCounter.table","NW_015090842.1:7150131",59,150,91
"MLYCD","s672_F_VTA_03_ASEReadCounter.table","NW_015090842.1:7150585",32,86,54
"MLYCD","s672_F_VTA_03_ASEReadCounter.table","NW_015090842.1:7150686",33,71,38
"MLYCD","s672_F_VTA_03_ASEReadCounter.table","NW_015090842.1:7150696",31,72,41
"MLYCD","s672_F_VTA_03_ASEReadCounter.table","NW_015090842.1:7150869",39,74,35
"MLYCD","s672_F_VTA_03_ASEReadCounter.table","NW_015090842.1:7151100",32,63,31
"MLYCD","s672_F_VTA_03_ASEReadCounter.table","NW_015090842.1:7151127",32,68,36
"MLYCD","s672_F_VTA_03_ASEReadCounter.table","NW_015090842.1:7157538",27,61,34
"MLYCD","s672_F_VTA_03_ASEReadCounter.table","NW_015090842.1:7167662",17,32,15
"MLYCD","s672_F_VTA_03_ASEReadCounter.table","NW_015090842.1:7167675",16,32,16
"MLYCD","s672_F_VTA_03_ASEReadCounter.table","NW_015090842.1:7167710",10,25,15
"MLYCD","s672_F_VTA_03_ASEReadCounter.table","NW_015090842.1:7167781",5,15,10
"MLYCD","s672_F_VTA_03_ASEReadCounter.table","NW_015090842.1:7167803",4,11,7
"MLYCD","s672_F_VTA_03_ASEReadCounter.table","NW_015090842.1:7167812",5,13,8
"MLYCD","s672_F_VTA_03_ASEReadCounter.table","NW_015090842.1:7167845",8,19,11
"MLYCD","s672_F_VTA_03_ASEReadCounter.table","NW_015090842.1:7167862",8,18,10
"MLYCD","s672_F_VTA_03_ASEReadCounter.table","NW_015090842.1:7167929",7,12,5
"MLYCD","s672_F_VTA_03_ASEReadCounter.table","NW_015090842.1:7167995",5,9,4
"MLYCD","s672_F_VTA_03_ASEReadCounter.table","NW_015090842.1:7168005",5,9,4
"MLYCD","s672_F_VTA_03_ASEReadCounter.table","NW_015090842.1:7168037",3,4,1
"HSBP1","s672_F_VTA_03_ASEReadCounter.table","NW_015090842.1:7245192",251,429,178
"HSBP1","s672_F_VTA_03_ASEReadCounter.table","NW_015090842.1:7245226",266,477,211
"HSBP1","s672_F_VTA_03_ASEReadCounter.table","NW_015090842.1:7245257",227,413,186
"HSBP1","s672_F_VTA_03_ASEReadCounter.table","NW_015090842.1:7245296",192,400,208
"HSBP1","s672_F_VTA_03_ASEReadCounter.table","NW_015090842.1:7245389",306,518,212
"HSBP1","s672_F_VTA_03_ASEReadCounter.table","NW_015090842.1:7245400",320,507,187
"HSBP1","s672_F_VTA_03_ASEReadCounter.table","NW_015090842.1:7245445",296,495,199
"HSBP1","s672_F_VTA_03_ASEReadCounter.table","NW_015090842.1:7245495",262,443,181
"HSBP1","s672_F_VTA_03_ASEReadCounter.table","NW_015090842.1:7245733",178,318,140
"HSBP1","s672_F_VTA_03_ASEReadCounter.table","NW_015090842.1:7245771",174,313,139
"HSBP1","s672_F_VTA_03_ASEReadCounter.table","NW_015090842.1:7245813",179,309,130
"HSBP1","s672_F_VTA_03_ASEReadCounter.table","NW_015090842.1:7245926",186,339,153
"HSBP1","s672_F_VTA_03_ASEReadCounter.table","NW_015090842.1:7245927",187,341,154
"HSBP1","s672_F_VTA_03_ASEReadCounter.table","NW_015090842.1:7245933",190,336,146
"HSBP1","s672_F_VTA_03_ASEReadCounter.table","NW_015090842.1:7246002",149,282,133
"HSBP1","s672_F_VTA_03_ASEReadCounter.table","NW_015090842.1:7246094",165,285,120
"HSBP1","s672_F_VTA_03_ASEReadCounter.table","NW_015090842.1:7246167",161,263,102
"HSBP1","s672_F_VTA_03_ASEReadCounter.table","NW_015090842.1:7246183",156,259,103
"HSBP1","s672_F_VTA_03_ASEReadCounter.table","NW_015090842.1:7247285",19,29,10
"HSBP1","s672_F_VTA_03_ASEReadCounter.table","NW_015090842.1:7247651",187,434,247
"HSBP1","s672_F_VTA_03_ASEReadCounter.table","NW_015090842.1:7247657",180,428,248
"HSBP1","s672_F_VTA_03_ASEReadCounter.table","NW_015090842.1:7248520",139,304,165
"HSBP1","s672_F_VTA_03_ASEReadCounter.table","NW_015090842.1:7248535",120,256,136
"KCNG4","s672_F_VTA_03_ASEReadCounter.table","NW_015090842.1:7282481",1,6,5
"KCNG4","s672_F_VTA_03_ASEReadCounter.table","NW_015090842.1:7282500",0,6,6
"KCNG4","s672_F_VTA_03_ASEReadCounter.table","NW_015090842.1:7282542",1,7,6
"KCNG4","s672_F_VTA_03_ASEReadCounter.table","NW_015090842.1:7282579",3,8,5
"KCNG4","s672_F_VTA_03_ASEReadCounter.table","NW_015090842.1:7282630",2,7,5
"KCNG4","s672_F_VTA_03_ASEReadCounter.table","NW_015090842.1:7283056",1,1,0
"KCNG4","s672_F_VTA_03_ASEReadCounter.table","NW_015090842.1:7283245",1,1,0
"WFDC1","s672_F_VTA_03_ASEReadCounter.table","NW_015090842.1:7366517",0,1,1
"WFDC1","s672_F_VTA_03_ASEReadCounter.table","NW_015090842.1:7373367",0,2,2
"WFDC1","s672_F_VTA_03_ASEReadCounter.table","NW_015090842.1:7375828",3,8,5
"WFDC1","s672_F_VTA_03_ASEReadCounter.table","NW_015090842.1:7378036",0,2,2
"WFDC1","s672_F_VTA_03_ASEReadCounter.table","NW_015090842.1:7379125",1,4,3
"WFDC1","s672_F_VTA_03_ASEReadCounter.table","NW_015090842.1:7379451",3,8,5
"WFDC1","s672_F_VTA_03_ASEReadCounter.table","NW_015090842.1:7379471",2,7,5
"WFDC1","s672_F_VTA_03_ASEReadCounter.table","NW_015090842.1:7379576",1,4,3
"WFDC1","s672_F_VTA_03_ASEReadCounter.table","NW_015090842.1:7379596",1,2,1
"WFDC1","s672_F_VTA_03_ASEReadCounter.table","NW_015090842.1:7379605",1,2,1
"WFDC1","s672_F_VTA_03_ASEReadCounter.table","NW_015090842.1:7379626",1,2,1
"WFDC1","s672_F_VTA_03_ASEReadCounter.table","NW_015090842.1:7379631",1,1,0
"WFDC1","s672_F_VTA_03_ASEReadCounter.table","NW_015090842.1:7379632",1,2,1
"WFDC1","s672_F_VTA_03_ASEReadCounter.table","NW_015090842.1:7379652",0,2,2
"WFDC1","s672_F_VTA_03_ASEReadCounter.table","NW_015090842.1:7379669",0,2,2
"WFDC1","s672_F_VTA_03_ASEReadCounter.table","NW_015090842.1:7379674",0,2,2
"WFDC1","s672_F_VTA_03_ASEReadCounter.table","NW_015090842.1:7379719",0,3,3
"WFDC1","s672_F_VTA_03_ASEReadCounter.table","NW_015090842.1:7379735",0,2,2
"WFDC1","s672_F_VTA_03_ASEReadCounter.table","NW_015090842.1:7379739",0,1,1
"WFDC1","s672_F_VTA_03_ASEReadCounter.table","NW_015090842.1:7379821",2,3,1
"WFDC1","s672_F_VTA_03_ASEReadCounter.table","NW_015090842.1:7379840",2,4,2
"WFDC1","s672_F_VTA_03_ASEReadCounter.table","NW_015090842.1:7379933",0,2,2
"WFDC1","s672_F_VTA_03_ASEReadCounter.table","NW_015090842.1:7379935",0,1,1
"WFDC1","s672_F_VTA_03_ASEReadCounter.table","NW_015090842.1:7379983",3,3,0
"WFDC1","s672_F_VTA_03_ASEReadCounter.table","NW_015090842.1:7380060",1,1,0
"WFDC1","s672_F_VTA_03_ASEReadCounter.table","NW_015090842.1:7380136",2,4,2
"WFDC1","s672_F_VTA_03_ASEReadCounter.table","NW_015090842.1:7380150",3,5,2
"WFDC1","s672_F_VTA_03_ASEReadCounter.table","NW_015090842.1:7380164",3,7,4
"WFDC1","s672_F_VTA_03_ASEReadCounter.table","NW_015090842.1:7380237",4,7,3
"WFDC1","s672_F_VTA_03_ASEReadCounter.table","NW_015090842.1:7380261",4,6,2
"WFDC1","s672_F_VTA_03_ASEReadCounter.table","NW_015090842.1:7380322",4,8,4
"WFDC1","s672_F_VTA_03_ASEReadCounter.table","NW_015090842.1:7380491",1,8,7
"WFDC1","s672_F_VTA_03_ASEReadCounter.table","NW_015090842.1:7380567",2,10,8
"WFDC1","s672_F_VTA_03_ASEReadCounter.table","NW_015090842.1:7380672",2,7,5
"WFDC1","s672_F_VTA_03_ASEReadCounter.table","NW_015090842.1:7380721",2,7,5
"WFDC1","s672_F_VTA_03_ASEReadCounter.table","NW_015090842.1:7380743",2,8,6
"WFDC1","s672_F_VTA_03_ASEReadCounter.table","NW_015090842.1:7380852",1,3,2
"WFDC1","s672_F_VTA_03_ASEReadCounter.table","NW_015090842.1:7380878",1,4,3
"WFDC1","s672_F_VTA_03_ASEReadCounter.table","NW_015090842.1:7381081",1,6,5
"WFDC1","s672_F_VTA_03_ASEReadCounter.table","NW_015090842.1:7381127",2,7,5
"WFDC1","s672_F_VTA_03_ASEReadCounter.table","NW_015090842.1:7381195",1,8,7
"WFDC1","s672_F_VTA_03_ASEReadCounter.table","NW_015090842.1:7381253",3,13,10
"WFDC1","s672_F_VTA_03_ASEReadCounter.table","NW_015090842.1:7381378",3,15,12
"WFDC1","s672_F_VTA_03_ASEReadCounter.table","NW_015090842.1:7381433",7,19,12
"WFDC1","s672_F_VTA_03_ASEReadCounter.table","NW_015090842.1:7381434",7,20,13
"WFDC1","s672_F_VTA_03_ASEReadCounter.table","NW_015090842.1:7381442",8,23,15
"WFDC1","s672_F_VTA_03_ASEReadCounter.table","NW_015090842.1:7381517",9,25,16
"WFDC1","s672_F_VTA_03_ASEReadCounter.table","NW_015090842.1:7381520",9,25,16
"WFDC1","s672_F_VTA_03_ASEReadCounter.table","NW_015090842.1:7381677",2,9,7
"WFDC1","s672_F_VTA_03_ASEReadCounter.table","NW_015090842.1:7381709",2,4,2
"ATP2C2","s672_F_VTA_03_ASEReadCounter.table","NW_015090842.1:7392613",0,1,1
"ATP2C2","s672_F_VTA_03_ASEReadCounter.table","NW_015090842.1:7395366",0,1,1
"ATP2C2","s672_F_VTA_03_ASEReadCounter.table","NW_015090842.1:7396756",1,1,0
"ATP2C2","s672_F_VTA_03_ASEReadCounter.table","NW_015090842.1:7397049",0,1,1
"ATP2C2","s672_F_VTA_03_ASEReadCounter.table","NW_015090842.1:7402554",1,2,1
"ATP2C2","s672_F_VTA_03_ASEReadCounter.table","NW_015090842.1:7402578",1,2,1
"ATP2C2","s672_F_VTA_03_ASEReadCounter.table","NW_015090842.1:7413855",16,22,6
"ATP2C2","s672_F_VTA_03_ASEReadCounter.table","NW_015090842.1:7413869",2,8,6
"ATP2C2","s672_F_VTA_03_ASEReadCounter.table","NW_015090842.1:7413875",4,10,6
"TLDC1","s672_F_VTA_03_ASEReadCounter.table","NW_015090842.1:7421137",21,44,23
"TLDC1","s672_F_VTA_03_ASEReadCounter.table","NW_015090842.1:7421155",23,48,25
"TLDC1","s672_F_VTA_03_ASEReadCounter.table","NW_015090842.1:7421218",30,54,24
"TLDC1","s672_F_VTA_03_ASEReadCounter.table","NW_015090842.1:7421399",18,28,10
"TLDC1","s672_F_VTA_03_ASEReadCounter.table","NW_015090842.1:7421402",18,28,10
"TLDC1","s672_F_VTA_03_ASEReadCounter.table","NW_015090842.1:7421528",26,41,15
"TLDC1","s672_F_VTA_03_ASEReadCounter.table","NW_015090842.1:7421532",27,43,16
"TLDC1","s672_F_VTA_03_ASEReadCounter.table","NW_015090842.1:7421621",27,44,17
"TLDC1","s672_F_VTA_03_ASEReadCounter.table","NW_015090842.1:7421647",22,37,15
"TLDC1","s672_F_VTA_03_ASEReadCounter.table","NW_015090842.1:7421657",23,37,14
"TLDC1","s672_F_VTA_03_ASEReadCounter.table","NW_015090842.1:7421693",21,42,21
"TLDC1","s672_F_VTA_03_ASEReadCounter.table","NW_015090842.1:7421796",21,39,18
"TLDC1","s672_F_VTA_03_ASEReadCounter.table","NW_015090842.1:7421810",25,42,17
"TLDC1","s672_F_VTA_03_ASEReadCounter.table","NW_015090842.1:7421833",29,47,18
"TLDC1","s672_F_VTA_03_ASEReadCounter.table","NW_015090842.1:7421879",26,45,19
"TLDC1","s672_F_VTA_03_ASEReadCounter.table","NW_015090842.1:7421914",29,52,23
"TLDC1","s672_F_VTA_03_ASEReadCounter.table","NW_015090842.1:7421969",23,41,18
"TLDC1","s672_F_VTA_03_ASEReadCounter.table","NW_015090842.1:7422015",17,38,21
"TLDC1","s672_F_VTA_03_ASEReadCounter.table","NW_015090842.1:7422042",17,39,22
"TLDC1","s672_F_VTA_03_ASEReadCounter.table","NW_015090842.1:7422230",27,45,18
"TLDC1","s672_F_VTA_03_ASEReadCounter.table","NW_015090842.1:7423349",28,45,17
"TLDC1","s672_F_VTA_03_ASEReadCounter.table","NW_015090842.1:7423362",27,43,16
"TLDC1","s672_F_VTA_03_ASEReadCounter.table","NW_015090842.1:7426091",15,24,9
"TLDC1","s672_F_VTA_03_ASEReadCounter.table","NW_015090842.1:7426485",12,21,9
"TLDC1","s672_F_VTA_03_ASEReadCounter.table","NW_015090842.1:7427211",17,26,9
"TLDC1","s672_F_VTA_03_ASEReadCounter.table","NW_015090842.1:7428179",11,19,8
"COTL1","s672_F_VTA_03_ASEReadCounter.table","NW_015090842.1:7490744",337,781,444
"COTL1","s672_F_VTA_03_ASEReadCounter.table","NW_015090842.1:7491051",242,546,304
"COTL1","s672_F_VTA_03_ASEReadCounter.table","NW_015090842.1:7491124",259,537,278
"COTL1","s672_F_VTA_03_ASEReadCounter.table","NW_015090842.1:7491418",132,271,139
"COTL1","s672_F_VTA_03_ASEReadCounter.table","NW_015090842.1:7491539",108,231,123
"COTL1","s672_F_VTA_03_ASEReadCounter.table","NW_015090842.1:7491585",145,320,175
"COTL1","s672_F_VTA_03_ASEReadCounter.table","NW_015090842.1:7491586",141,330,189
"COTL1","s672_F_VTA_03_ASEReadCounter.table","NW_015090842.1:7491646",203,440,237
"COTL1","s672_F_VTA_03_ASEReadCounter.table","NW_015090842.1:7491747",169,345,176
"COTL1","s672_F_VTA_03_ASEReadCounter.table","NW_015090842.1:7491803",166,344,178
"COTL1","s672_F_VTA_03_ASEReadCounter.table","NW_015090842.1:7510900",1,1,0
"COTL1","s672_F_VTA_03_ASEReadCounter.table","NW_015090842.1:7513196",1,1,0
"KLHL36","s672_F_VTA_03_ASEReadCounter.table","NW_015090842.1:7514700",11,16,5
"KLHL36","s672_F_VTA_03_ASEReadCounter.table","NW_015090842.1:7519691",0,3,3
"KLHL36","s672_F_VTA_03_ASEReadCounter.table","NW_015090842.1:7519696",0,2,2
"KLHL36","s672_F_VTA_03_ASEReadCounter.table","NW_015090842.1:7526160",19,27,8
"KLHL36","s672_F_VTA_03_ASEReadCounter.table","NW_015090842.1:7526469",8,14,6
"KLHL36","s672_F_VTA_03_ASEReadCounter.table","NW_015090842.1:7526587",6,10,4
"KLHL36","s672_F_VTA_03_ASEReadCounter.table","NW_015090842.1:7526997",4,15,11
"KLHL36","s672_F_VTA_03_ASEReadCounter.table","NW_015090842.1:7527142",2,11,9
"KLHL36","s672_F_VTA_03_ASEReadCounter.table","NW_015090842.1:7535174",23,51,28
"KLHL36","s672_F_VTA_03_ASEReadCounter.table","NW_015090842.1:7535384",11,28,17
"KLHL36","s672_F_VTA_03_ASEReadCounter.table","NW_015090842.1:7535420",14,34,20
"KLHL36","s672_F_VTA_03_ASEReadCounter.table","NW_015090842.1:7535545",11,20,9
"KLHL36","s672_F_VTA_03_ASEReadCounter.table","NW_015090842.1:7535829",12,29,17
"KLHL36","s672_F_VTA_03_ASEReadCounter.table","NW_015090842.1:7535977",12,28,16
"KLHL36","s672_F_VTA_03_ASEReadCounter.table","NW_015090842.1:7536010",12,24,12
"KLHL36","s672_F_VTA_03_ASEReadCounter.table","NW_015090842.1:7536051",19,38,19
"KLHL36","s672_F_VTA_03_ASEReadCounter.table","NW_015090842.1:7536096",21,40,19
"KLHL36","s672_F_VTA_03_ASEReadCounter.table","NW_015090842.1:7536135",21,46,25
"KLHL36","s672_F_VTA_03_ASEReadCounter.table","NW_015090842.1:7536136",21,45,24
"KLHL36","s672_F_VTA_03_ASEReadCounter.table","NW_015090842.1:7536160",22,41,19
"KLHL36","s672_F_VTA_03_ASEReadCounter.table","NW_015090842.1:7536336",25,46,21
"KLHL36","s672_F_VTA_03_ASEReadCounter.table","NW_015090842.1:7536352",26,49,23
"KLHL36","s672_F_VTA_03_ASEReadCounter.table","NW_015090842.1:7536412",19,42,23
"KLHL36","s672_F_VTA_03_ASEReadCounter.table","NW_015090842.1:7536418",17,39,22
"KLHL36","s672_F_VTA_03_ASEReadCounter.table","NW_015090842.1:7536465",16,31,15
"KLHL36","s672_F_VTA_03_ASEReadCounter.table","NW_015090842.1:7536466",17,32,15
"KLHL36","s672_F_VTA_03_ASEReadCounter.table","NW_015090842.1:7536553",25,39,14
"KLHL36","s672_F_VTA_03_ASEReadCounter.table","NW_015090842.1:7536698",25,55,30
"KLHL36","s672_F_VTA_03_ASEReadCounter.table","NW_015090842.1:7536713",18,47,29
"KLHL36","s672_F_VTA_03_ASEReadCounter.table","NW_015090842.1:7536720",23,44,21
"KLHL36","s672_F_VTA_03_ASEReadCounter.table","NW_015090842.1:7536791",19,43,24
"KLHL36","s672_F_VTA_03_ASEReadCounter.table","NW_015090842.1:7536849",16,32,16
"KLHL36","s672_F_VTA_03_ASEReadCounter.table","NW_015090842.1:7536872",14,30,16
"KLHL36","s672_F_VTA_03_ASEReadCounter.table","NW_015090842.1:7536878",16,31,15
"KLHL36","s672_F_VTA_03_ASEReadCounter.table","NW_015090842.1:7536916",22,38,16
"KLHL36","s672_F_VTA_03_ASEReadCounter.table","NW_015090842.1:7536927",22,45,23
"KLHL36","s672_F_VTA_03_ASEReadCounter.table","NW_015090842.1:7537315",27,63,36
"KLHL36","s672_F_VTA_03_ASEReadCounter.table","NW_015090842.1:7537352",27,56,29
"KLHL36","s672_F_VTA_03_ASEReadCounter.table","NW_015090842.1:7537631",27,56,29
"KLHL36","s672_F_VTA_03_ASEReadCounter.table","NW_015090842.1:7537830",45,93,48
"KLHL36","s672_F_VTA_03_ASEReadCounter.table","NW_015090842.1:7537838",47,92,45
"KLHL36","s672_F_VTA_03_ASEReadCounter.table","NW_015090842.1:7538153",40,78,38
"KLHL36","s672_F_VTA_03_ASEReadCounter.table","NW_015090842.1:7538256",29,69,40
"KLHL36","s672_F_VTA_03_ASEReadCounter.table","NW_015090842.1:7538265",29,67,38
"KLHL36","s672_F_VTA_03_ASEReadCounter.table","NW_015090842.1:7538300",24,63,39
"USP10","s672_F_VTA_03_ASEReadCounter.table","NW_015090842.1:7563972",3,7,4
"USP10","s672_F_VTA_03_ASEReadCounter.table","NW_015090842.1:7571816",8,21,13
"USP10","s672_F_VTA_03_ASEReadCounter.table","NW_015090842.1:7571993",8,19,11
"USP10","s672_F_VTA_03_ASEReadCounter.table","NW_015090842.1:7572580",13,33,20
"USP10","s672_F_VTA_03_ASEReadCounter.table","NW_015090842.1:7587372",65,117,52
"CRISPLD2","s672_F_VTA_03_ASEReadCounter.table","NW_015090842.1:7609845",0,1,1
"CRISPLD2","s672_F_VTA_03_ASEReadCounter.table","NW_015090842.1:7609883",0,1,1
"CRISPLD2","s672_F_VTA_03_ASEReadCounter.table","NW_015090842.1:7621452",2,2,0
"CRISPLD2","s672_F_VTA_03_ASEReadCounter.table","NW_015090842.1:7625451",3,3,0
"CRISPLD2","s672_F_VTA_03_ASEReadCounter.table","NW_015090842.1:7626214",4,4,0
"CRISPLD2","s672_F_VTA_03_ASEReadCounter.table","NW_015090842.1:7630784",1,1,0
"CRISPLD2","s672_F_VTA_03_ASEReadCounter.table","NW_015090842.1:7630823",1,1,0
"CRISPLD2","s672_F_VTA_03_ASEReadCounter.table","NW_015090842.1:7633172",4,4,0
"CRISPLD2","s672_F_VTA_03_ASEReadCounter.table","NW_015090842.1:7633326",2,2,0
"CRISPLD2","s672_F_VTA_03_ASEReadCounter.table","NW_015090842.1:7633336",2,2,0
"CRISPLD2","s672_F_VTA_03_ASEReadCounter.table","NW_015090842.1:7633381",5,6,1
"CRISPLD2","s672_F_VTA_03_ASEReadCounter.table","NW_015090842.1:7633388",4,6,2
"CRISPLD2","s672_F_VTA_03_ASEReadCounter.table","NW_015090842.1:7633400",6,8,2
"CRISPLD2","s672_F_VTA_03_ASEReadCounter.table","NW_015090842.1:7633486",3,4,1
"CRISPLD2","s672_F_VTA_03_ASEReadCounter.table","NW_015090842.1:7633503",4,6,2
"CRISPLD2","s672_F_VTA_03_ASEReadCounter.table","NW_015090842.1:7633504",4,6,2
"CRISPLD2","s672_F_VTA_03_ASEReadCounter.table","NW_015090842.1:7633557",5,8,3
"CRISPLD2","s672_F_VTA_03_ASEReadCounter.table","NW_015090842.1:7633571",5,9,4
"CRISPLD2","s672_F_VTA_03_ASEReadCounter.table","NW_015090842.1:7633588",5,8,3
"CRISPLD2","s672_F_VTA_03_ASEReadCounter.table","NW_015090842.1:7633617",6,9,3
"CRISPLD2","s672_F_VTA_03_ASEReadCounter.table","NW_015090842.1:7633695",6,7,1
"CRISPLD2","s672_F_VTA_03_ASEReadCounter.table","NW_015090842.1:7633721",6,6,0
"CRISPLD2","s672_F_VTA_03_ASEReadCounter.table","NW_015090842.1:7633888",4,4,0
"CRISPLD2","s672_F_VTA_03_ASEReadCounter.table","NW_015090842.1:7633910",1,1,0
"CRISPLD2","s672_F_VTA_03_ASEReadCounter.table","NW_015090842.1:7634142",6,7,1
"CRISPLD2","s672_F_VTA_03_ASEReadCounter.table","NW_015090842.1:7634417",3,3,0
"CRISPLD2","s672_F_VTA_03_ASEReadCounter.table","NW_015090842.1:7634825",2,2,0
"CRISPLD2","s672_F_VTA_03_ASEReadCounter.table","NW_015090842.1:7634852",0,1,1
"CRISPLD2","s672_F_VTA_03_ASEReadCounter.table","NW_015090842.1:7635009",3,3,0
"CRISPLD2","s672_F_VTA_03_ASEReadCounter.table","NW_015090842.1:7635208",7,8,1
"CRISPLD2","s672_F_VTA_03_ASEReadCounter.table","NW_015090842.1:7635373",9,12,3
"CRISPLD2","s672_F_VTA_03_ASEReadCounter.table","NW_015090842.1:7635525",9,10,1
"CRISPLD2","s672_F_VTA_03_ASEReadCounter.table","NW_015090842.1:7635583",7,8,1
"CRISPLD2","s672_F_VTA_03_ASEReadCounter.table","NW_015090842.1:7635924",2,2,0
"LOC106888312","s672_F_VTA_03_ASEReadCounter.table","NW_015090842.1:7733046",0,1,1
"LOC106888312","s672_F_VTA_03_ASEReadCounter.table","NW_015090842.1:7733068",0,1,1
"LOC106888312","s672_F_VTA_03_ASEReadCounter.table","NW_015090842.1:7733077",0,1,1
"LOC106888312","s672_F_VTA_03_ASEReadCounter.table","NW_015090842.1:7733096",0,1,1
"LOC106888312","s672_F_VTA_03_ASEReadCounter.table","NW_015090842.1:7733142",0,1,1
"LOC106888312","s672_F_VTA_03_ASEReadCounter.table","NW_015090842.1:7733196",0,1,1
"LOC106888312","s672_F_VTA_03_ASEReadCounter.table","NW_015090842.1:7733470",0,2,2
"LOC106888312","s672_F_VTA_03_ASEReadCounter.table","NW_015090842.1:7733471",0,2,2
"LOC106888312","s672_F_VTA_03_ASEReadCounter.table","NW_015090842.1:7733472",0,2,2
"LOC106888312","s672_F_VTA_03_ASEReadCounter.table","NW_015090842.1:7733507",0,1,1
"LOC106888312","s672_F_VTA_03_ASEReadCounter.table","NW_015090842.1:7733508",0,1,1
"LOC106888312","s672_F_VTA_03_ASEReadCounter.table","NW_015090842.1:7733518",0,1,1
"LOC106888312","s672_F_VTA_03_ASEReadCounter.table","NW_015090842.1:7733609",0,2,2
"LOC106888312","s672_F_VTA_03_ASEReadCounter.table","NW_015090842.1:7733631",0,2,2
"LOC106888312","s672_F_VTA_03_ASEReadCounter.table","NW_015090842.1:7733674",0,1,1
"ZDHHC7","s672_F_VTA_03_ASEReadCounter.table","NW_015090842.1:7737199",24,51,27
"ZDHHC7","s672_F_VTA_03_ASEReadCounter.table","NW_015090842.1:7737332",18,41,23
"ZDHHC7","s672_F_VTA_03_ASEReadCounter.table","NW_015090842.1:7737553",29,59,30
"ZDHHC7","s672_F_VTA_03_ASEReadCounter.table","NW_015090842.1:7737920",17,36,19
"ZDHHC7","s672_F_VTA_03_ASEReadCounter.table","NW_015090842.1:7737953",14,34,20
"ZDHHC7","s672_F_VTA_03_ASEReadCounter.table","NW_015090842.1:7737987",16,35,19
"ZDHHC7","s672_F_VTA_03_ASEReadCounter.table","NW_015090842.1:7738068",10,21,11
"ZDHHC7","s672_F_VTA_03_ASEReadCounter.table","NW_015090842.1:7738204",8,13,5
"LOC106888097","s672_F_VTA_03_ASEReadCounter.table","NW_015090842.1:7767178",1,7,6
"LOC106888097","s672_F_VTA_03_ASEReadCounter.table","NW_015090842.1:7767187",1,10,9
"LOC106888097","s672_F_VTA_03_ASEReadCounter.table","NW_015090842.1:7768144",7,21,14
"LOC106888097","s672_F_VTA_03_ASEReadCounter.table","NW_015090842.1:7768196",9,24,15
"LOC106888097","s672_F_VTA_03_ASEReadCounter.table","NW_015090842.1:7769884",16,25,9
"LOC106888097","s672_F_VTA_03_ASEReadCounter.table","NW_015090842.1:7769893",15,24,9
"LOC106888097","s672_F_VTA_03_ASEReadCounter.table","NW_015090842.1:7770245",13,25,12
"LOC106888097","s672_F_VTA_03_ASEReadCounter.table","NW_015090842.1:7772402",14,27,13
"LOC106888097","s672_F_VTA_03_ASEReadCounter.table","NW_015090842.1:7772483",21,44,23
"LOC106888097","s672_F_VTA_03_ASEReadCounter.table","NW_015090842.1:7772490",25,46,21
"LOC106888097","s672_F_VTA_03_ASEReadCounter.table","NW_015090842.1:7774281",18,62,44
"LOC106888097","s672_F_VTA_03_ASEReadCounter.table","NW_015090842.1:7774552",40,112,72
"LOC106888097","s672_F_VTA_03_ASEReadCounter.table","NW_015090842.1:7774564",37,109,72
"LOC106888097","s672_F_VTA_03_ASEReadCounter.table","NW_015090842.1:7774611",26,91,65
"LOC106888097","s672_F_VTA_03_ASEReadCounter.table","NW_015090842.1:7774681",35,96,61
"LOC106888097","s672_F_VTA_03_ASEReadCounter.table","NW_015090842.1:7774698",27,71,44
"LOC106888097","s672_F_VTA_03_ASEReadCounter.table","NW_015090842.1:7774730",11,34,23
"LOC106888097","s672_F_VTA_03_ASEReadCounter.table","NW_015090842.1:7774778",3,3,0
"LOC106888097","s672_F_VTA_03_ASEReadCounter.table","NW_015090842.1:7774793",3,3,0
"FOXL1","s672_F_VTA_03_ASEReadCounter.table","NW_015090842.1:8113043",0,1,1
"FOXC2","s672_F_VTA_03_ASEReadCounter.table","NW_015090842.1:8129599",3,7,4
"FOXC2","s672_F_VTA_03_ASEReadCounter.table","NW_015090842.1:8129616",3,9,6
"FOXC2","s672_F_VTA_03_ASEReadCounter.table","NW_015090842.1:8129715",7,14,7
"FOXC2","s672_F_VTA_03_ASEReadCounter.table","NW_015090842.1:8129719",7,14,7
"FOXC2","s672_F_VTA_03_ASEReadCounter.table","NW_015090842.1:8130244",6,10,4
"FOXC2","s672_F_VTA_03_ASEReadCounter.table","NW_015090842.1:8130472",1,4,3
"FOXC2","s672_F_VTA_03_ASEReadCounter.table","NW_015090842.1:8130490",1,4,3
"FOXC2","s672_F_VTA_03_ASEReadCounter.table","NW_015090842.1:8130547",0,3,3
"FOXC2","s672_F_VTA_03_ASEReadCounter.table","NW_015090842.1:8130550",0,3,3
"FOXC2","s672_F_VTA_03_ASEReadCounter.table","NW_015090842.1:8130573",0,1,1
"FOXC2","s672_F_VTA_03_ASEReadCounter.table","NW_015090842.1:8130575",0,1,1
"MTHFSD","s672_F_VTA_03_ASEReadCounter.table","NW_015090842.1:8140051",14,19,5
"MTHFSD","s672_F_VTA_03_ASEReadCounter.table","NW_015090842.1:8142923",18,33,15
"MTHFSD","s672_F_VTA_03_ASEReadCounter.table","NW_015090842.1:8143029",13,28,15
"MTHFSD","s672_F_VTA_03_ASEReadCounter.table","NW_015090842.1:8152035",20,37,17
"MTHFSD","s672_F_VTA_03_ASEReadCounter.table","NW_015090842.1:8152315",21,33,12
"MTHFSD","s672_F_VTA_03_ASEReadCounter.table","NW_015090842.1:8152511",13,28,15
"MTHFSD","s672_F_VTA_03_ASEReadCounter.table","NW_015090842.1:8152518",14,28,14
"MTHFSD","s672_F_VTA_03_ASEReadCounter.table","NW_015090842.1:8152553",10,25,15
"MTHFSD","s672_F_VTA_03_ASEReadCounter.table","NW_015090842.1:8152773",12,25,13
"MTHFSD","s672_F_VTA_03_ASEReadCounter.table","NW_015090842.1:8152805",16,30,14
"FOXF1","s672_F_VTA_03_ASEReadCounter.table","NW_015090842.1:8164789",0,1,1
"FOXF1","s672_F_VTA_03_ASEReadCounter.table","NW_015090842.1:8167113",0,1,1
"IRF8","s672_F_VTA_03_ASEReadCounter.table","NW_015090842.1:8406652",9,18,9
"IRF8","s672_F_VTA_03_ASEReadCounter.table","NW_015090842.1:8406703",14,22,8
"IRF8","s672_F_VTA_03_ASEReadCounter.table","NW_015090842.1:8406704",13,21,8
"IRF8","s672_F_VTA_03_ASEReadCounter.table","NW_015090842.1:8406757",14,23,9
"IRF8","s672_F_VTA_03_ASEReadCounter.table","NW_015090842.1:8406778",10,20,10
"IRF8","s672_F_VTA_03_ASEReadCounter.table","NW_015090842.1:8406819",7,21,14
"IRF8","s672_F_VTA_03_ASEReadCounter.table","NW_015090842.1:8406941",5,23,18
"IRF8","s672_F_VTA_03_ASEReadCounter.table","NW_015090842.1:8407008",4,18,14
"IRF8","s672_F_VTA_03_ASEReadCounter.table","NW_015090842.1:8407057",3,16,13
"IRF8","s672_F_VTA_03_ASEReadCounter.table","NW_015090842.1:8407064",2,11,9
"IRF8","s672_F_VTA_03_ASEReadCounter.table","NW_015090842.1:8407069",6,17,11
"IRF8","s672_F_VTA_03_ASEReadCounter.table","NW_015090842.1:8407120",6,13,7
"IRF8","s672_F_VTA_03_ASEReadCounter.table","NW_015090842.1:8407157",10,13,3
"IRF8","s672_F_VTA_03_ASEReadCounter.table","NW_015090842.1:8407203",10,16,6
"IRF8","s672_F_VTA_03_ASEReadCounter.table","NW_015090842.1:8407272",11,18,7
"IRF8","s672_F_VTA_03_ASEReadCounter.table","NW_015090842.1:8407276",9,16,7
"IRF8","s672_F_VTA_03_ASEReadCounter.table","NW_015090842.1:8407303",10,17,7
"IRF8","s672_F_VTA_03_ASEReadCounter.table","NW_015090842.1:8407451",9,14,5
"IRF8","s672_F_VTA_03_ASEReadCounter.table","NW_015090842.1:8407456",8,13,5
"IRF8","s672_F_VTA_03_ASEReadCounter.table","NW_015090842.1:8408564",11,19,8
"IRF8","s672_F_VTA_03_ASEReadCounter.table","NW_015090842.1:8408585",14,14,0
"IRF8","s672_F_VTA_03_ASEReadCounter.table","NW_015090842.1:8408973",3,7,4
"IRF8","s672_F_VTA_03_ASEReadCounter.table","NW_015090842.1:8409060",0,8,8
"IRF8","s672_F_VTA_03_ASEReadCounter.table","NW_015090842.1:8409065",0,6,6
"IRF8","s672_F_VTA_03_ASEReadCounter.table","NW_015090842.1:8409254",7,13,6
"IRF8","s672_F_VTA_03_ASEReadCounter.table","NW_015090842.1:8409255",7,13,6
"IRF8","s672_F_VTA_03_ASEReadCounter.table","NW_015090842.1:8409258",7,13,6
"IRF8","s672_F_VTA_03_ASEReadCounter.table","NW_015090842.1:8409312",8,13,5
"IRF8","s672_F_VTA_03_ASEReadCounter.table","NW_015090842.1:8410216",5,13,8
"IRF8","s672_F_VTA_03_ASEReadCounter.table","NW_015090842.1:8410237",3,12,9
"IRF8","s672_F_VTA_03_ASEReadCounter.table","NW_015090842.1:8410276",11,11,0
"IRF8","s672_F_VTA_03_ASEReadCounter.table","NW_015090842.1:8410813",6,15,9
"IRF8","s672_F_VTA_03_ASEReadCounter.table","NW_015090842.1:8410861",6,13,7
"IRF8","s672_F_VTA_03_ASEReadCounter.table","NW_015090842.1:8411940",4,6,2
"IRF8","s672_F_VTA_03_ASEReadCounter.table","NW_015090842.1:8412006",4,10,6
"IRF8","s672_F_VTA_03_ASEReadCounter.table","NW_015090842.1:8412042",3,9,6
"DUSP15","s672_F_VTA_03_ASEReadCounter.table","NW_015090842.1:8422787",0,2,2
"DUSP15","s672_F_VTA_03_ASEReadCounter.table","NW_015090842.1:8422832",0,2,2
"DUSP15","s672_F_VTA_03_ASEReadCounter.table","NW_015090842.1:8422898",0,1,1
"DUSP15","s672_F_VTA_03_ASEReadCounter.table","NW_015090842.1:8422909",0,1,1
"COX4I1","s672_F_VTA_03_ASEReadCounter.table","NW_015090842.1:8442258",1080,1989,909
"COX4I1","s672_F_VTA_03_ASEReadCounter.table","NW_015090842.1:8442333",852,1598,746
"EMC8","s672_F_VTA_03_ASEReadCounter.table","NW_015090842.1:8444046",36,72,36
"EMC8","s672_F_VTA_03_ASEReadCounter.table","NW_015090842.1:8444064",32,60,28
"EMC8","s672_F_VTA_03_ASEReadCounter.table","NW_015090842.1:8452029",23,56,33
"EMC8","s672_F_VTA_03_ASEReadCounter.table","NW_015090842.1:8452116",18,50,32
"EMC8","s672_F_VTA_03_ASEReadCounter.table","NW_015090842.1:8452121",17,49,32
"EMC8","s672_F_VTA_03_ASEReadCounter.table","NW_015090842.1:8452222",26,44,18
"EMC8","s672_F_VTA_03_ASEReadCounter.table","NW_015090842.1:8452244",25,50,25
"EMC8","s672_F_VTA_03_ASEReadCounter.table","NW_015090842.1:8452477",14,25,11
"EMC8","s672_F_VTA_03_ASEReadCounter.table","NW_015090842.1:8452498",15,23,8
"EMC8","s672_F_VTA_03_ASEReadCounter.table","NW_015090842.1:8452535",10,16,6
"EMC8","s672_F_VTA_03_ASEReadCounter.table","NW_015090842.1:8452575",7,11,4
"EMC8","s672_F_VTA_03_ASEReadCounter.table","NW_015090842.1:8452600",6,12,6
"EMC8","s672_F_VTA_03_ASEReadCounter.table","NW_015090842.1:8452616",7,12,5
"EMC8","s672_F_VTA_03_ASEReadCounter.table","NW_015090842.1:8452630",8,13,5
"EMC8","s672_F_VTA_03_ASEReadCounter.table","NW_015090842.1:8452650",9,15,6
"EMC8","s672_F_VTA_03_ASEReadCounter.table","NW_015090842.1:8452678",10,17,7
"EMC8","s672_F_VTA_03_ASEReadCounter.table","NW_015090842.1:8452724",9,16,7
"EMC8","s672_F_VTA_03_ASEReadCounter.table","NW_015090842.1:8452731",9,16,7
"EMC8","s672_F_VTA_03_ASEReadCounter.table","NW_015090842.1:8452743",8,23,15
"EMC8","s672_F_VTA_03_ASEReadCounter.table","NW_015090842.1:8452750",8,23,15
"EMC8","s672_F_VTA_03_ASEReadCounter.table","NW_015090842.1:8452778",9,22,13
"EMC8","s672_F_VTA_03_ASEReadCounter.table","NW_015090842.1:8452783",10,24,14
"EMC8","s672_F_VTA_03_ASEReadCounter.table","NW_015090842.1:8452800",14,27,13
"EMC8","s672_F_VTA_03_ASEReadCounter.table","NW_015090842.1:8452804",15,28,13
"EMC8","s672_F_VTA_03_ASEReadCounter.table","NW_015090842.1:8452812",13,25,12
"EMC8","s672_F_VTA_03_ASEReadCounter.table","NW_015090842.1:8452858",21,37,16
"EMC8","s672_F_VTA_03_ASEReadCounter.table","NW_015090842.1:8452906",20,41,21
"EMC8","s672_F_VTA_03_ASEReadCounter.table","NW_015090842.1:8452913",20,40,20
"EMC8","s672_F_VTA_03_ASEReadCounter.table","NW_015090842.1:8453000",22,37,15
"EMC8","s672_F_VTA_03_ASEReadCounter.table","NW_015090842.1:8453007",24,39,15
"EMC8","s672_F_VTA_03_ASEReadCounter.table","NW_015090842.1:8453058",26,37,11
"EMC8","s672_F_VTA_03_ASEReadCounter.table","NW_015090842.1:8453106",26,36,10
"GINS2","s672_F_VTA_03_ASEReadCounter.table","NW_015090842.1:8466420",13,14,1
"GINS2","s672_F_VTA_03_ASEReadCounter.table","NW_015090842.1:8466424",14,15,1
"GINS2","s672_F_VTA_03_ASEReadCounter.table","NW_015090842.1:8466518",13,15,2
"GINS2","s672_F_VTA_03_ASEReadCounter.table","NW_015090842.1:8468482",22,24,2
"GINS2","s672_F_VTA_03_ASEReadCounter.table","NW_015090842.1:8470290",21,28,7
"GINS2","s672_F_VTA_03_ASEReadCounter.table","NW_015090842.1:8470305",23,31,8
"GINS2","s672_F_VTA_03_ASEReadCounter.table","NW_015090842.1:8470381",19,27,8
"GINS2","s672_F_VTA_03_ASEReadCounter.table","NW_015090842.1:8470418",19,29,10
"GINS2","s672_F_VTA_03_ASEReadCounter.table","NW_015090842.1:8470421",16,26,10
"GINS2","s672_F_VTA_03_ASEReadCounter.table","NW_015090842.1:8470430",12,22,10
"GINS2","s672_F_VTA_03_ASEReadCounter.table","NW_015090842.1:8470433",12,22,10
"GINS2","s672_F_VTA_03_ASEReadCounter.table","NW_015090842.1:8470457",7,18,11
"GINS2","s672_F_VTA_03_ASEReadCounter.table","NW_015090842.1:8470491",13,24,11
"GINS2","s672_F_VTA_03_ASEReadCounter.table","NW_015090842.1:8470548",16,24,8
"GINS2","s672_F_VTA_03_ASEReadCounter.table","NW_015090842.1:8470649",17,27,10
"GSE1","s672_F_VTA_03_ASEReadCounter.table","NW_015090842.1:8475362",41,87,46
"GSE1","s672_F_VTA_03_ASEReadCounter.table","NW_015090842.1:8475961",37,48,11
"GSE1","s672_F_VTA_03_ASEReadCounter.table","NW_015090842.1:8476027",13,26,13
"GSE1","s672_F_VTA_03_ASEReadCounter.table","NW_015090842.1:8476159",9,12,3
"GSE1","s672_F_VTA_03_ASEReadCounter.table","NW_015090842.1:8477442",0,13,13
"GSE1","s672_F_VTA_03_ASEReadCounter.table","NW_015090842.1:8477448",0,13,13
"GSE1","s672_F_VTA_03_ASEReadCounter.table","NW_015090842.1:8477662",3,13,10
"GSE1","s672_F_VTA_03_ASEReadCounter.table","NW_015090842.1:8477933",8,27,19
"GSE1","s672_F_VTA_03_ASEReadCounter.table","NW_015090842.1:8477945",7,27,20
"GSE1","s672_F_VTA_03_ASEReadCounter.table","NW_015090842.1:8483272",1,20,19
"GSE1","s672_F_VTA_03_ASEReadCounter.table","NW_015090842.1:8483367",0,2,2
"GSE1","s672_F_VTA_03_ASEReadCounter.table","NW_015090842.1:8483411",0,2,2
"GSE1","s672_F_VTA_03_ASEReadCounter.table","NW_015090842.1:8483756",7,21,14
"GSE1","s672_F_VTA_03_ASEReadCounter.table","NW_015090842.1:8486867",10,26,16
"GSE1","s672_F_VTA_03_ASEReadCounter.table","NW_015090842.1:8486939",24,40,16
"GSE1","s672_F_VTA_03_ASEReadCounter.table","NW_015090842.1:8486945",22,40,18
"GSE1","s672_F_VTA_03_ASEReadCounter.table","NW_015090842.1:8486993",21,36,15
"GSE1","s672_F_VTA_03_ASEReadCounter.table","NW_015090842.1:8487062",10,24,14
"GSE1","s672_F_VTA_03_ASEReadCounter.table","NW_015090842.1:8488065",9,16,7
"GSE1","s672_F_VTA_03_ASEReadCounter.table","NW_015090842.1:8488457",12,15,3
"GSE1","s672_F_VTA_03_ASEReadCounter.table","NW_015090842.1:8488463",13,16,3
"GSE1","s672_F_VTA_03_ASEReadCounter.table","NW_015090842.1:8488490",16,16,0
"GSE1","s672_F_VTA_03_ASEReadCounter.table","NW_015090842.1:8488505",12,18,6
"GSE1","s672_F_VTA_03_ASEReadCounter.table","NW_015090842.1:8490180",0,20,20
"KIAA0513","s672_F_VTA_03_ASEReadCounter.table","NW_015090842.1:8668363",60,125,65
"KIAA0513","s672_F_VTA_03_ASEReadCounter.table","NW_015090842.1:8668387",71,133,62
"KIAA0513","s672_F_VTA_03_ASEReadCounter.table","NW_015090842.1:8668390",72,136,64
"KIAA0513","s672_F_VTA_03_ASEReadCounter.table","NW_015090842.1:8673107",66,131,65
"KIAA0513","s672_F_VTA_03_ASEReadCounter.table","NW_015090842.1:8673147",62,135,73
"KIAA0513","s672_F_VTA_03_ASEReadCounter.table","NW_015090842.1:8674661",40,76,36
"KIAA0513","s672_F_VTA_03_ASEReadCounter.table","NW_015090842.1:8674685",49,89,40
"KIAA0513","s672_F_VTA_03_ASEReadCounter.table","NW_015090842.1:8674730",45,78,33
"KIAA0513","s672_F_VTA_03_ASEReadCounter.table","NW_015090842.1:8675525",37,74,37
"KIAA0513","s672_F_VTA_03_ASEReadCounter.table","NW_015090842.1:8675561",36,71,35
"KIAA0513","s672_F_VTA_03_ASEReadCounter.table","NW_015090842.1:8678608",0,10,10
"KIAA0513","s672_F_VTA_03_ASEReadCounter.table","NW_015090842.1:8686455",0,6,6
"KIAA0513","s672_F_VTA_03_ASEReadCounter.table","NW_015090842.1:8686508",0,12,12
"KIAA0513","s672_F_VTA_03_ASEReadCounter.table","NW_015090842.1:8686521",0,12,12
"KIAA0513","s672_F_VTA_03_ASEReadCounter.table","NW_015090842.1:8693642",5,8,3
"KIAA0513","s672_F_VTA_03_ASEReadCounter.table","NW_015090842.1:8693712",4,7,3
"KIAA0513","s672_F_VTA_03_ASEReadCounter.table","NW_015090842.1:8695794",0,1,1
"FBXO31","s672_F_VTA_03_ASEReadCounter.table","NW_015090842.1:8710240",23,33,10
"FBXO31","s672_F_VTA_03_ASEReadCounter.table","NW_015090842.1:8710372",21,29,8
"FBXO31","s672_F_VTA_03_ASEReadCounter.table","NW_015090842.1:8711239",19,42,23
"FBXO31","s672_F_VTA_03_ASEReadCounter.table","NW_015090842.1:8714565",27,47,20
"FBXO31","s672_F_VTA_03_ASEReadCounter.table","NW_015090842.1:8716001",6,17,11
"ZCCHC14","s672_F_VTA_03_ASEReadCounter.table","NW_015090842.1:8750174",26,37,11
"ZCCHC14","s672_F_VTA_03_ASEReadCounter.table","NW_015090842.1:8750189",33,40,7
"ZCCHC14","s672_F_VTA_03_ASEReadCounter.table","NW_015090842.1:8750365",20,42,22
"ZCCHC14","s672_F_VTA_03_ASEReadCounter.table","NW_015090842.1:8750433",21,40,19
"ZCCHC14","s672_F_VTA_03_ASEReadCounter.table","NW_015090842.1:8750449",20,40,20
"ZCCHC14","s672_F_VTA_03_ASEReadCounter.table","NW_015090842.1:8750456",20,39,19
"ZCCHC14","s672_F_VTA_03_ASEReadCounter.table","NW_015090842.1:8750497",25,46,21
"ZCCHC14","s672_F_VTA_03_ASEReadCounter.table","NW_015090842.1:8750547",25,47,22
"ZCCHC14","s672_F_VTA_03_ASEReadCounter.table","NW_015090842.1:8751100",3,13,10
"ZCCHC14","s672_F_VTA_03_ASEReadCounter.table","NW_015090842.1:8751374",6,18,12
"ZCCHC14","s672_F_VTA_03_ASEReadCounter.table","NW_015090842.1:8751403",9,21,12
"ZCCHC14","s672_F_VTA_03_ASEReadCounter.table","NW_015090842.1:8751517",5,15,10
"ZCCHC14","s672_F_VTA_03_ASEReadCounter.table","NW_015090842.1:8752060",13,26,13
"ZCCHC14","s672_F_VTA_03_ASEReadCounter.table","NW_015090842.1:8752172",11,28,17
"ZCCHC14","s672_F_VTA_03_ASEReadCounter.table","NW_015090842.1:8752183",12,26,14
"ZCCHC14","s672_F_VTA_03_ASEReadCounter.table","NW_015090842.1:8752198",10,23,13
"ZCCHC14","s672_F_VTA_03_ASEReadCounter.table","NW_015090842.1:8752248",11,23,12
"ZCCHC14","s672_F_VTA_03_ASEReadCounter.table","NW_015090842.1:8752326",12,35,23
"ZCCHC14","s672_F_VTA_03_ASEReadCounter.table","NW_015090842.1:8752393",13,31,18
"ZCCHC14","s672_F_VTA_03_ASEReadCounter.table","NW_015090842.1:8752914",20,45,25
"ZCCHC14","s672_F_VTA_03_ASEReadCounter.table","NW_015090842.1:8753528",11,16,5
"ZCCHC14","s672_F_VTA_03_ASEReadCounter.table","NW_015090842.1:8753892",4,11,7
"ZCCHC14","s672_F_VTA_03_ASEReadCounter.table","NW_015090842.1:8753910",3,12,9
"ZCCHC14","s672_F_VTA_03_ASEReadCounter.table","NW_015090842.1:8755096",1,5,4
"ZCCHC14","s672_F_VTA_03_ASEReadCounter.table","NW_015090842.1:8755327",4,8,4
"ZCCHC14","s672_F_VTA_03_ASEReadCounter.table","NW_015090842.1:8755723",1,3,2
"ZCCHC14","s672_F_VTA_03_ASEReadCounter.table","NW_015090842.1:8755739",3,5,2
"ZCCHC14","s672_F_VTA_03_ASEReadCounter.table","NW_015090842.1:8756149",2,3,1
"ZCCHC14","s672_F_VTA_03_ASEReadCounter.table","NW_015090842.1:8756347",3,4,1
"ZCCHC14","s672_F_VTA_03_ASEReadCounter.table","NW_015090842.1:8756361",2,3,1
"ZCCHC14","s672_F_VTA_03_ASEReadCounter.table","NW_015090842.1:8756388",3,5,2
"ZCCHC14","s672_F_VTA_03_ASEReadCounter.table","NW_015090842.1:8756389",3,5,2
"ZCCHC14","s672_F_VTA_03_ASEReadCounter.table","NW_015090842.1:8757160",8,10,2
"ZCCHC14","s672_F_VTA_03_ASEReadCounter.table","NW_015090842.1:8804511",0,1,1
"ZCCHC14","s672_F_VTA_03_ASEReadCounter.table","NW_015090842.1:8804979",0,1,1
"JPH3","s672_F_VTA_03_ASEReadCounter.table","NW_015090842.1:8845375",23,41,18
"JPH3","s672_F_VTA_03_ASEReadCounter.table","NW_015090842.1:8845640",20,50,30
"JPH3","s672_F_VTA_03_ASEReadCounter.table","NW_015090842.1:8845654",22,55,33
"JPH3","s672_F_VTA_03_ASEReadCounter.table","NW_015090842.1:8872283",32,58,26
"JPH3","s672_F_VTA_03_ASEReadCounter.table","NW_015090842.1:8872294",34,60,26
"JPH3","s672_F_VTA_03_ASEReadCounter.table","NW_015090842.1:8872730",31,63,32
"JPH3","s672_F_VTA_03_ASEReadCounter.table","NW_015090842.1:8885260",62,129,67
"JPH3","s672_F_VTA_03_ASEReadCounter.table","NW_015090842.1:8885315",50,114,64
"JPH3","s672_F_VTA_03_ASEReadCounter.table","NW_015090842.1:8885328",38,95,57
"JPH3","s672_F_VTA_03_ASEReadCounter.table","NW_015090842.1:8885438",46,91,45
"JPH3","s672_F_VTA_03_ASEReadCounter.table","NW_015090842.1:8885525",10,54,44
"KLHDC4","s672_F_VTA_03_ASEReadCounter.table","NW_015090842.1:8890729",36,56,20
"KLHDC4","s672_F_VTA_03_ASEReadCounter.table","NW_015090842.1:8890749",42,61,19
"KLHDC4","s672_F_VTA_03_ASEReadCounter.table","NW_015090842.1:8890761",44,65,21
"KLHDC4","s672_F_VTA_03_ASEReadCounter.table","NW_015090842.1:8891123",46,70,24
"KLHDC4","s672_F_VTA_03_ASEReadCounter.table","NW_015090842.1:8893124",39,68,29
"KLHDC4","s672_F_VTA_03_ASEReadCounter.table","NW_015090842.1:8894542",29,47,18
"KLHDC4","s672_F_VTA_03_ASEReadCounter.table","NW_015090842.1:8896726",23,35,12
"KLHDC4","s672_F_VTA_03_ASEReadCounter.table","NW_015090842.1:8896767",20,35,15
"KLHDC4","s672_F_VTA_03_ASEReadCounter.table","NW_015090842.1:8904174",15,25,10
"KLHDC4","s672_F_VTA_03_ASEReadCounter.table","NW_015090842.1:8904231",20,26,6
"KLHDC4","s672_F_VTA_03_ASEReadCounter.table","NW_015090842.1:8905251",26,35,9
"KLHDC4","s672_F_VTA_03_ASEReadCounter.table","NW_015090842.1:8905263",25,36,11
"KLHDC4","s672_F_VTA_03_ASEReadCounter.table","NW_015090842.1:8919626",4,4,0
"SLC7A5","s672_F_VTA_03_ASEReadCounter.table","NW_015090842.1:8938782",166,474,308
"SLC7A5","s672_F_VTA_03_ASEReadCounter.table","NW_015090842.1:8938943",131,352,221
"SLC7A5","s672_F_VTA_03_ASEReadCounter.table","NW_015090842.1:8939611",82,141,59
"SLC7A5","s672_F_VTA_03_ASEReadCounter.table","NW_015090842.1:8939738",86,188,102
"SLC7A5","s672_F_VTA_03_ASEReadCounter.table","NW_015090842.1:8939739",87,186,99
"SLC7A5","s672_F_VTA_03_ASEReadCounter.table","NW_015090842.1:8939740",83,190,107
"SLC7A5","s672_F_VTA_03_ASEReadCounter.table","NW_015090842.1:8939795",91,194,103
"SLC7A5","s672_F_VTA_03_ASEReadCounter.table","NW_015090842.1:8939815",82,198,116
"SLC7A5","s672_F_VTA_03_ASEReadCounter.table","NW_015090842.1:8939816",82,195,113
"SLC7A5","s672_F_VTA_03_ASEReadCounter.table","NW_015090842.1:8939817",81,203,122
"SLC7A5","s672_F_VTA_03_ASEReadCounter.table","NW_015090842.1:8939845",84,207,123
"SLC7A5","s672_F_VTA_03_ASEReadCounter.table","NW_015090842.1:8939894",62,197,135
"SLC7A5","s672_F_VTA_03_ASEReadCounter.table","NW_015090842.1:8939895",63,196,133
"SLC7A5","s672_F_VTA_03_ASEReadCounter.table","NW_015090842.1:8939997",309,309,0
"SLC7A5","s672_F_VTA_03_ASEReadCounter.table","NW_015090842.1:8940172",101,221,120
"SLC7A5","s672_F_VTA_03_ASEReadCounter.table","NW_015090842.1:8940331",65,114,49
"SLC7A5","s672_F_VTA_03_ASEReadCounter.table","NW_015090842.1:8940696",55,112,57
"SLC7A5","s672_F_VTA_03_ASEReadCounter.table","NW_015090842.1:8940719",22,108,86
"SLC7A5","s672_F_VTA_03_ASEReadCounter.table","NW_015090842.1:8940737",23,108,85
"SLC7A5","s672_F_VTA_03_ASEReadCounter.table","NW_015090842.1:8940743",23,105,82
"SLC7A5","s672_F_VTA_03_ASEReadCounter.table","NW_015090842.1:8940766",33,118,85
"SLC7A5","s672_F_VTA_03_ASEReadCounter.table","NW_015090842.1:8940769",38,134,96
"SLC7A5","s672_F_VTA_03_ASEReadCounter.table","NW_015090842.1:8940861",43,118,75
"SLC7A5","s672_F_VTA_03_ASEReadCounter.table","NW_015090842.1:8941068",59,134,75
"SLC7A5","s672_F_VTA_03_ASEReadCounter.table","NW_015090842.1:8941467",33,101,68
"SLC7A5","s672_F_VTA_03_ASEReadCounter.table","NW_015090842.1:8941531",35,99,64
"SLC7A5","s672_F_VTA_03_ASEReadCounter.table","NW_015090842.1:8941588",44,106,62
"SLC7A5","s672_F_VTA_03_ASEReadCounter.table","NW_015090842.1:8941698",27,62,35
"SLC7A5","s672_F_VTA_03_ASEReadCounter.table","NW_015090842.1:8941717",32,73,41
"SLC7A5","s672_F_VTA_03_ASEReadCounter.table","NW_015090842.1:8941745",36,85,49
"SLC7A5","s672_F_VTA_03_ASEReadCounter.table","NW_015090842.1:8941781",39,107,68
"SLC7A5","s672_F_VTA_03_ASEReadCounter.table","NW_015090842.1:8941887",29,62,33
"SLC7A5","s672_F_VTA_03_ASEReadCounter.table","NW_015090842.1:8941968",17,60,43
"SLC7A5","s672_F_VTA_03_ASEReadCounter.table","NW_015090842.1:8942025",36,91,55
"SLC7A5","s672_F_VTA_03_ASEReadCounter.table","NW_015090842.1:8942069",36,95,59
"SLC7A5","s672_F_VTA_03_ASEReadCounter.table","NW_015090842.1:8942170",42,112,70
"SLC7A5","s672_F_VTA_03_ASEReadCounter.table","NW_015090842.1:8942241",43,123,80
"SLC7A5","s672_F_VTA_03_ASEReadCounter.table","NW_015090842.1:8942283",39,123,84
"SLC7A5","s672_F_VTA_03_ASEReadCounter.table","NW_015090842.1:8942717",85,211,126
"SLC7A5","s672_F_VTA_03_ASEReadCounter.table","NW_015090842.1:8942756",115,276,161
"SLC7A5","s672_F_VTA_03_ASEReadCounter.table","NW_015090842.1:8942766",112,280,168
"SLC7A5","s672_F_VTA_03_ASEReadCounter.table","NW_015090842.1:8943271",70,144,74
"SLC7A5","s672_F_VTA_03_ASEReadCounter.table","NW_015090842.1:8943524",34,85,51
"SLC7A5","s672_F_VTA_03_ASEReadCounter.table","NW_015090842.1:8943530",36,85,49
"SLC7A5","s672_F_VTA_03_ASEReadCounter.table","NW_015090842.1:8943602",32,79,47
"SLC7A5","s672_F_VTA_03_ASEReadCounter.table","NW_015090842.1:8943622",29,77,48
"SLC7A5","s672_F_VTA_03_ASEReadCounter.table","NW_015090842.1:8943661",29,78,49
"SLC7A5","s672_F_VTA_03_ASEReadCounter.table","NW_015090842.1:8943686",26,74,48
"SLC7A5","s672_F_VTA_03_ASEReadCounter.table","NW_015090842.1:8943788",24,55,31
"SLC7A5","s672_F_VTA_03_ASEReadCounter.table","NW_015090842.1:8943814",26,61,35
"SLC7A5","s672_F_VTA_03_ASEReadCounter.table","NW_015090842.1:8943876",24,65,41
"SLC7A5","s672_F_VTA_03_ASEReadCounter.table","NW_015090842.1:8943892",24,64,40
"SLC7A5","s672_F_VTA_03_ASEReadCounter.table","NW_015090842.1:8944097",26,52,26
"SLC7A5","s672_F_VTA_03_ASEReadCounter.table","NW_015090842.1:8944104",27,49,22
"SLC7A5","s672_F_VTA_03_ASEReadCounter.table","NW_015090842.1:8944293",12,28,16
"SLC7A5","s672_F_VTA_03_ASEReadCounter.table","NW_015090842.1:8944297",12,30,18
"SLC7A5","s672_F_VTA_03_ASEReadCounter.table","NW_015090842.1:8944397",16,29,13
"SLC7A5","s672_F_VTA_03_ASEReadCounter.table","NW_015090842.1:8944552",18,44,26
"SLC7A5","s672_F_VTA_03_ASEReadCounter.table","NW_015090842.1:8944629",20,54,34
"CA5A","s672_F_VTA_03_ASEReadCounter.table","NW_015090842.1:8989479",59,113,54
"CA5A","s672_F_VTA_03_ASEReadCounter.table","NW_015090842.1:8989562",70,154,84
"CA5A","s672_F_VTA_03_ASEReadCounter.table","NW_015090842.1:8989609",88,180,92
"CA5A","s672_F_VTA_03_ASEReadCounter.table","NW_015090842.1:8989693",82,171,89
"CA5A","s672_F_VTA_03_ASEReadCounter.table","NW_015090842.1:8989702",95,171,76
"CA5A","s672_F_VTA_03_ASEReadCounter.table","NW_015090842.1:8989746",98,187,89
"CA5A","s672_F_VTA_03_ASEReadCounter.table","NW_015090842.1:8989880",73,166,93
"CA5A","s672_F_VTA_03_ASEReadCounter.table","NW_015090842.1:8989885",77,168,91
"CA5A","s672_F_VTA_03_ASEReadCounter.table","NW_015090842.1:8989929",75,181,106
"CA5A","s672_F_VTA_03_ASEReadCounter.table","NW_015090842.1:8990002",64,151,87
"CA5A","s672_F_VTA_03_ASEReadCounter.table","NW_015090842.1:8990004",66,154,88
"CA5A","s672_F_VTA_03_ASEReadCounter.table","NW_015090842.1:8990005",67,152,85
"CA5A","s672_F_VTA_03_ASEReadCounter.table","NW_015090842.1:8990017",62,133,71
"CA5A","s672_F_VTA_03_ASEReadCounter.table","NW_015090842.1:8990043",40,97,57
"CA5A","s672_F_VTA_03_ASEReadCounter.table","NW_015090842.1:8990060",101,101,0
"CA5A","s672_F_VTA_03_ASEReadCounter.table","NW_015090842.1:8990080",33,104,71
"CA5A","s672_F_VTA_03_ASEReadCounter.table","NW_015090842.1:8990084",37,107,70
"CA5A","s672_F_VTA_03_ASEReadCounter.table","NW_015090842.1:8990090",37,109,72
"CA5A","s672_F_VTA_03_ASEReadCounter.table","NW_015090842.1:8990095",41,115,74
"CA5A","s672_F_VTA_03_ASEReadCounter.table","NW_015090842.1:8990111",39,115,76
"CA5A","s672_F_VTA_03_ASEReadCounter.table","NW_015090842.1:8990112",39,117,78
"CA5A","s672_F_VTA_03_ASEReadCounter.table","NW_015090842.1:8990115",46,121,75
"CA5A","s672_F_VTA_03_ASEReadCounter.table","NW_015090842.1:8990166",50,119,69
"CA5A","s672_F_VTA_03_ASEReadCounter.table","NW_015090842.1:8990169",54,121,67
"CA5A","s672_F_VTA_03_ASEReadCounter.table","NW_015090842.1:8990193",107,107,0
"CA5A","s672_F_VTA_03_ASEReadCounter.table","NW_015090842.1:8990222",36,89,53
"CA5A","s672_F_VTA_03_ASEReadCounter.table","NW_015090842.1:8990289",52,108,56
"CA5A","s672_F_VTA_03_ASEReadCounter.table","NW_015090842.1:8990314",57,116,59
"CA5A","s672_F_VTA_03_ASEReadCounter.table","NW_015090842.1:8990361",59,104,45
"CA5A","s672_F_VTA_03_ASEReadCounter.table","NW_015090842.1:8990368",57,105,48
"CA5A","s672_F_VTA_03_ASEReadCounter.table","NW_015090842.1:8990429",52,95,43
"CA5A","s672_F_VTA_03_ASEReadCounter.table","NW_015090842.1:8990466",44,83,39
"CA5A","s672_F_VTA_03_ASEReadCounter.table","NW_015090842.1:8990663",50,92,42
"CA5A","s672_F_VTA_03_ASEReadCounter.table","NW_015090842.1:8990797",32,67,35
"CA5A","s672_F_VTA_03_ASEReadCounter.table","NW_015090842.1:8990836",40,79,39
"CA5A","s672_F_VTA_03_ASEReadCounter.table","NW_015090842.1:8990842",37,72,35
"CA5A","s672_F_VTA_03_ASEReadCounter.table","NW_015090842.1:8990851",41,76,35
"CA5A","s672_F_VTA_03_ASEReadCounter.table","NW_015090842.1:8990918",31,70,39
"CA5A","s672_F_VTA_03_ASEReadCounter.table","NW_015090842.1:8990921",30,71,41
"CA5A","s672_F_VTA_03_ASEReadCounter.table","NW_015090842.1:8990942",38,74,36
"CA5A","s672_F_VTA_03_ASEReadCounter.table","NW_015090842.1:8991001",42,93,51
"CA5A","s672_F_VTA_03_ASEReadCounter.table","NW_015090842.1:8991038",41,92,51
"CA5A","s672_F_VTA_03_ASEReadCounter.table","NW_015090842.1:8991149",51,97,46
"CA5A","s672_F_VTA_03_ASEReadCounter.table","NW_015090842.1:8991176",52,105,53
"CA5A","s672_F_VTA_03_ASEReadCounter.table","NW_015090842.1:8991241",49,103,54
"CA5A","s672_F_VTA_03_ASEReadCounter.table","NW_015090842.1:8991262",54,106,52
"CA5A","s672_F_VTA_03_ASEReadCounter.table","NW_015090842.1:8991316",55,62,7
"CA5A","s672_F_VTA_03_ASEReadCounter.table","NW_015090842.1:8991319",51,57,6
"CA5A","s672_F_VTA_03_ASEReadCounter.table","NW_015090842.1:8991330",56,60,4
"CA5A","s672_F_VTA_03_ASEReadCounter.table","NW_015090842.1:8991334",47,57,10
"CA5A","s672_F_VTA_03_ASEReadCounter.table","NW_015090842.1:8991362",42,68,26
"CA5A","s672_F_VTA_03_ASEReadCounter.table","NW_015090842.1:8991368",40,67,27
"CA5A","s672_F_VTA_03_ASEReadCounter.table","NW_015090842.1:8991390",39,66,27
"CA5A","s672_F_VTA_03_ASEReadCounter.table","NW_015090842.1:8991395",39,70,31
"CA5A","s672_F_VTA_03_ASEReadCounter.table","NW_015090842.1:8991422",39,70,31
"CA5A","s672_F_VTA_03_ASEReadCounter.table","NW_015090842.1:8991467",36,71,35
"CA5A","s672_F_VTA_03_ASEReadCounter.table","NW_015090842.1:8991576",21,43,22
"CA5A","s672_F_VTA_03_ASEReadCounter.table","NW_015090842.1:8991587",28,53,25
"CA5A","s672_F_VTA_03_ASEReadCounter.table","NW_015090842.1:8991655",41,72,31
"CA5A","s672_F_VTA_03_ASEReadCounter.table","NW_015090842.1:8991717",31,70,39
"CA5A","s672_F_VTA_03_ASEReadCounter.table","NW_015090842.1:8991726",31,61,30
"CA5A","s672_F_VTA_03_ASEReadCounter.table","NW_015090842.1:8991799",28,56,28
"CA5A","s672_F_VTA_03_ASEReadCounter.table","NW_015090842.1:8991809",23,49,26
"CA5A","s672_F_VTA_03_ASEReadCounter.table","NW_015090842.1:8991848",23,61,38
"CA5A","s672_F_VTA_03_ASEReadCounter.table","NW_015090842.1:8991849",22,60,38
"CA5A","s672_F_VTA_03_ASEReadCounter.table","NW_015090842.1:8991927",31,64,33
"CA5A","s672_F_VTA_03_ASEReadCounter.table","NW_015090842.1:8991941",30,65,35
"CA5A","s672_F_VTA_03_ASEReadCounter.table","NW_015090842.1:8992121",27,75,48
"CA5A","s672_F_VTA_03_ASEReadCounter.table","NW_015090842.1:8992224",32,68,36
"CA5A","s672_F_VTA_03_ASEReadCounter.table","NW_015090842.1:9002570",13,19,6
"CA5A","s672_F_VTA_03_ASEReadCounter.table","NW_015090842.1:9002600",12,21,9
"CA5A","s672_F_VTA_03_ASEReadCounter.table","NW_015090842.1:9004312",11,18,7
"CA5A","s672_F_VTA_03_ASEReadCounter.table","NW_015090842.1:9004506",0,1,1
"CA5A","s672_F_VTA_03_ASEReadCounter.table","NW_015090842.1:9004523",0,1,1
"CA5A","s672_F_VTA_03_ASEReadCounter.table","NW_015090842.1:9004530",0,1,1
"CA5A","s672_F_VTA_03_ASEReadCounter.table","NW_015090842.1:9004556",0,1,1
"CA5A","s672_F_VTA_03_ASEReadCounter.table","NW_015090842.1:9005116",1,4,3
"CA5A","s672_F_VTA_03_ASEReadCounter.table","NW_015090842.1:9005120",2,5,3
"CA5A","s672_F_VTA_03_ASEReadCounter.table","NW_015090842.1:9005140",2,6,4
"CA5A","s672_F_VTA_03_ASEReadCounter.table","NW_015090842.1:9005152",2,6,4
"BANP","s672_F_VTA_03_ASEReadCounter.table","NW_015090842.1:9033407",2,5,3
"BANP","s672_F_VTA_03_ASEReadCounter.table","NW_015090842.1:9033409",2,5,3
"BANP","s672_F_VTA_03_ASEReadCounter.table","NW_015090842.1:9033420",3,6,3
"BANP","s672_F_VTA_03_ASEReadCounter.table","NW_015090842.1:9067974",0,4,4
"BANP","s672_F_VTA_03_ASEReadCounter.table","NW_015090842.1:9102510",15,32,17
"BANP","s672_F_VTA_03_ASEReadCounter.table","NW_015090842.1:9168534",17,42,25
"BANP","s672_F_VTA_03_ASEReadCounter.table","NW_015090842.1:9168818",10,29,19
"ZNF469","s672_F_VTA_03_ASEReadCounter.table","NW_015090842.1:9426367",1,1,0
"ZNF469","s672_F_VTA_03_ASEReadCounter.table","NW_015090842.1:9431317",1,1,0
"ZNF469","s672_F_VTA_03_ASEReadCounter.table","NW_015090842.1:9431325",1,1,0
"ZNF469","s672_F_VTA_03_ASEReadCounter.table","NW_015090842.1:9431700",0,1,1
"ZNF469","s672_F_VTA_03_ASEReadCounter.table","NW_015090842.1:9431901",0,1,1
"ZNF469","s672_F_VTA_03_ASEReadCounter.table","NW_015090842.1:9433268",2,3,1
"ZNF469","s672_F_VTA_03_ASEReadCounter.table","NW_015090842.1:9433678",1,2,1
"ZNF469","s672_F_VTA_03_ASEReadCounter.table","NW_015090842.1:9433902",0,1,1
"ZNF469","s672_F_VTA_03_ASEReadCounter.table","NW_015090842.1:9433980",1,2,1
"ZNF469","s672_F_VTA_03_ASEReadCounter.table","NW_015090842.1:9434259",0,2,2
"ZNF469","s672_F_VTA_03_ASEReadCounter.table","NW_015090842.1:9435221",5,7,2
"ZFPM1","s672_F_VTA_03_ASEReadCounter.table","NW_015090842.1:9458862",2,5,3
"ZFPM1","s672_F_VTA_03_ASEReadCounter.table","NW_015090842.1:9458888",4,6,2
"ZFPM1","s672_F_VTA_03_ASEReadCounter.table","NW_015090842.1:9458904",6,8,2
"ZFPM1","s672_F_VTA_03_ASEReadCounter.table","NW_015090842.1:9458916",8,10,2
"ZFPM1","s672_F_VTA_03_ASEReadCounter.table","NW_015090842.1:9468568",8,13,5
"ZFPM1","s672_F_VTA_03_ASEReadCounter.table","NW_015090842.1:9468593",8,13,5
"ZFPM1","s672_F_VTA_03_ASEReadCounter.table","NW_015090842.1:9471561",5,7,2
"ZFPM1","s672_F_VTA_03_ASEReadCounter.table","NW_015090842.1:9472557",5,9,4
"ZFPM1","s672_F_VTA_03_ASEReadCounter.table","NW_015090842.1:9472565",5,8,3
"ZFPM1","s672_F_VTA_03_ASEReadCounter.table","NW_015090842.1:9472608",6,11,5
"ZFPM1","s672_F_VTA_03_ASEReadCounter.table","NW_015090842.1:9472627",5,10,5
"ZFPM1","s672_F_VTA_03_ASEReadCounter.table","NW_015090842.1:9472668",5,13,8
"ZFPM1","s672_F_VTA_03_ASEReadCounter.table","NW_015090842.1:9473655",4,14,10
"ZFPM1","s672_F_VTA_03_ASEReadCounter.table","NW_015090842.1:9475827",4,10,6
"ZFPM1","s672_F_VTA_03_ASEReadCounter.table","NW_015090842.1:9475842",4,10,6
"ZFPM1","s672_F_VTA_03_ASEReadCounter.table","NW_015090842.1:9476119",2,8,6
"ZFPM1","s672_F_VTA_03_ASEReadCounter.table","NW_015090842.1:9476161",2,8,6
"ZFPM1","s672_F_VTA_03_ASEReadCounter.table","NW_015090842.1:9476219",1,6,5
"ZFPM1","s672_F_VTA_03_ASEReadCounter.table","NW_015090842.1:9476233",1,5,4
"ZFPM1","s672_F_VTA_03_ASEReadCounter.table","NW_015090842.1:9476305",4,8,4
"ZFPM1","s672_F_VTA_03_ASEReadCounter.table","NW_015090842.1:9476395",3,6,3
"ZFPM1","s672_F_VTA_03_ASEReadCounter.table","NW_015090842.1:9476421",6,9,3
"ZFPM1","s672_F_VTA_03_ASEReadCounter.table","NW_015090842.1:9476539",8,15,7
"ZFPM1","s672_F_VTA_03_ASEReadCounter.table","NW_015090842.1:9476576",6,13,7
"ZFPM1","s672_F_VTA_03_ASEReadCounter.table","NW_015090842.1:9476599",14,14,0
"ZFPM1","s672_F_VTA_03_ASEReadCounter.table","NW_015090842.1:9476792",1,9,8
"ZFPM1","s672_F_VTA_03_ASEReadCounter.table","NW_015090842.1:9476803",2,10,8
"ZFPM1","s672_F_VTA_03_ASEReadCounter.table","NW_015090842.1:9477115",1,9,8
"ZFPM1","s672_F_VTA_03_ASEReadCounter.table","NW_015090842.1:9477299",5,11,6
"ZFPM1","s672_F_VTA_03_ASEReadCounter.table","NW_015090842.1:9477398",11,11,0
"ZFPM1","s672_F_VTA_03_ASEReadCounter.table","NW_015090842.1:9477422",1,7,6
"ZFPM1","s672_F_VTA_03_ASEReadCounter.table","NW_015090842.1:9477554",3,12,9
"ZFPM1","s672_F_VTA_03_ASEReadCounter.table","NW_015090842.1:9477575",6,6,0
"ZFPM1","s672_F_VTA_03_ASEReadCounter.table","NW_015090842.1:9477595",3,9,6
"ZFPM1","s672_F_VTA_03_ASEReadCounter.table","NW_015090842.1:9477611",4,12,8
"ZFPM1","s672_F_VTA_03_ASEReadCounter.table","NW_015090842.1:9477659",3,15,12
"ZFPM1","s672_F_VTA_03_ASEReadCounter.table","NW_015090842.1:9477737",6,19,13
"ZFPM1","s672_F_VTA_03_ASEReadCounter.table","NW_015090842.1:9477791",6,18,12
"ZFPM1","s672_F_VTA_03_ASEReadCounter.table","NW_015090842.1:9477844",5,16,11
"ZFPM1","s672_F_VTA_03_ASEReadCounter.table","NW_015090842.1:9477917",7,17,10
"ZFPM1","s672_F_VTA_03_ASEReadCounter.table","NW_015090842.1:9478295",13,27,14
"ZFPM1","s672_F_VTA_03_ASEReadCounter.table","NW_015090842.1:9478349",15,31,16
"ZFPM1","s672_F_VTA_03_ASEReadCounter.table","NW_015090842.1:9478524",6,25,19
"ZFPM1","s672_F_VTA_03_ASEReadCounter.table","NW_015090842.1:9478546",7,27,20
"ZFPM1","s672_F_VTA_03_ASEReadCounter.table","NW_015090842.1:9478573",11,32,21
"ZFPM1","s672_F_VTA_03_ASEReadCounter.table","NW_015090842.1:9478582",11,31,20
"ZFPM1","s672_F_VTA_03_ASEReadCounter.table","NW_015090842.1:9478684",2,18,16
"ZFPM1","s672_F_VTA_03_ASEReadCounter.table","NW_015090842.1:9478711",3,9,6
"ZFPM1","s672_F_VTA_03_ASEReadCounter.table","NW_015090842.1:9478761",4,14,10
"ZFPM1","s672_F_VTA_03_ASEReadCounter.table","NW_015090842.1:9478829",8,8,0
"ZC3H18","s672_F_VTA_03_ASEReadCounter.table","NW_015090842.1:9494271",6,14,8
"ZC3H18","s672_F_VTA_03_ASEReadCounter.table","NW_015090842.1:9501427",6,16,10
"ZC3H18","s672_F_VTA_03_ASEReadCounter.table","NW_015090842.1:9501442",4,14,10
"ZC3H18","s672_F_VTA_03_ASEReadCounter.table","NW_015090842.1:9505538",9,27,18
"ZC3H18","s672_F_VTA_03_ASEReadCounter.table","NW_015090842.1:9506778",16,35,19
"ZC3H18","s672_F_VTA_03_ASEReadCounter.table","NW_015090842.1:9522538",15,33,18
"ZC3H18","s672_F_VTA_03_ASEReadCounter.table","NW_015090842.1:9524350",15,34,19
"ZC3H18","s672_F_VTA_03_ASEReadCounter.table","NW_015090842.1:9524366",16,37,21
"ZC3H18","s672_F_VTA_03_ASEReadCounter.table","NW_015090842.1:9524424",18,36,18
"ZC3H18","s672_F_VTA_03_ASEReadCounter.table","NW_015090842.1:9529649",19,46,27
"ZC3H18","s672_F_VTA_03_ASEReadCounter.table","NW_015090842.1:9529688",15,35,20
"ZC3H18","s672_F_VTA_03_ASEReadCounter.table","NW_015090842.1:9529691",17,35,18
"ZC3H18","s672_F_VTA_03_ASEReadCounter.table","NW_015090842.1:9530977",26,48,22
"ZC3H18","s672_F_VTA_03_ASEReadCounter.table","NW_015090842.1:9536699",0,40,40
"CYBA","s672_F_VTA_03_ASEReadCounter.table","NW_015090842.1:9547281",21,29,8
"CYBA","s672_F_VTA_03_ASEReadCounter.table","NW_015090842.1:9547402",32,53,21
"CYBA","s672_F_VTA_03_ASEReadCounter.table","NW_015090842.1:9547553",22,50,28
"CYBA","s672_F_VTA_03_ASEReadCounter.table","NW_015090842.1:9548052",27,37,10
"CYBA","s672_F_VTA_03_ASEReadCounter.table","NW_015090842.1:9548436",21,33,12
"CYBA","s672_F_VTA_03_ASEReadCounter.table","NW_015090842.1:9548442",23,35,12
"CYBA","s672_F_VTA_03_ASEReadCounter.table","NW_015090842.1:9548478",25,35,10
"CYBA","s672_F_VTA_03_ASEReadCounter.table","NW_015090842.1:9548487",26,36,10
"CYBA","s672_F_VTA_03_ASEReadCounter.table","NW_015090842.1:9548490",27,37,10
"CYBA","s672_F_VTA_03_ASEReadCounter.table","NW_015090842.1:9548717",23,32,9
"CYBA","s672_F_VTA_03_ASEReadCounter.table","NW_015090842.1:9548750",19,29,10
"CYBA","s672_F_VTA_03_ASEReadCounter.table","NW_015090842.1:9548766",15,23,8
"MVD","s672_F_VTA_03_ASEReadCounter.table","NW_015090842.1:9550678",20,35,15
"MVD","s672_F_VTA_03_ASEReadCounter.table","NW_015090842.1:9550690",21,38,17
"MVD","s672_F_VTA_03_ASEReadCounter.table","NW_015090842.1:9550691",22,37,15
"MVD","s672_F_VTA_03_ASEReadCounter.table","NW_015090842.1:9550699",22,40,18
"MVD","s672_F_VTA_03_ASEReadCounter.table","NW_015090842.1:9550719",22,41,19
"MVD","s672_F_VTA_03_ASEReadCounter.table","NW_015090842.1:9551596",39,81,42
"MVD","s672_F_VTA_03_ASEReadCounter.table","NW_015090842.1:9551638",40,86,46
"MVD","s672_F_VTA_03_ASEReadCounter.table","NW_015090842.1:9551899",0,4,4
"MVD","s672_F_VTA_03_ASEReadCounter.table","NW_015090842.1:9551930",0,1,1
"MVD","s672_F_VTA_03_ASEReadCounter.table","NW_015090842.1:9552193",21,56,35
"MVD","s672_F_VTA_03_ASEReadCounter.table","NW_015090842.1:9552202",19,53,34
"MVD","s672_F_VTA_03_ASEReadCounter.table","NW_015090842.1:9552208",20,53,33
"MVD","s672_F_VTA_03_ASEReadCounter.table","NW_015090842.1:9552625",16,33,17
"MVD","s672_F_VTA_03_ASEReadCounter.table","NW_015090842.1:9552629",32,32,0
"MVD","s672_F_VTA_03_ASEReadCounter.table","NW_015090842.1:9552644",13,30,17
"MVD","s672_F_VTA_03_ASEReadCounter.table","NW_015090842.1:9553093",16,40,24
"MVD","s672_F_VTA_03_ASEReadCounter.table","NW_015090842.1:9553114",20,46,26
"RNF166","s672_F_VTA_03_ASEReadCounter.table","NW_015090842.1:9557900",18,38,20
"RNF166","s672_F_VTA_03_ASEReadCounter.table","NW_015090842.1:9558048",15,35,20
"RNF166","s672_F_VTA_03_ASEReadCounter.table","NW_015090842.1:9558116",10,25,15
"RNF166","s672_F_VTA_03_ASEReadCounter.table","NW_015090842.1:9558308",14,31,17
"RNF166","s672_F_VTA_03_ASEReadCounter.table","NW_015090842.1:9558405",12,25,13
"RNF166","s672_F_VTA_03_ASEReadCounter.table","NW_015090842.1:9558549",21,48,27
"RNF166","s672_F_VTA_03_ASEReadCounter.table","NW_015090842.1:9558556",22,47,25
"RNF166","s672_F_VTA_03_ASEReadCounter.table","NW_015090842.1:9558579",24,43,19
"RNF166","s672_F_VTA_03_ASEReadCounter.table","NW_015090842.1:9558599",23,40,17
"RNF166","s672_F_VTA_03_ASEReadCounter.table","NW_015090842.1:9558688",13,29,16
"RNF166","s672_F_VTA_03_ASEReadCounter.table","NW_015090842.1:9558711",16,27,11
"RNF166","s672_F_VTA_03_ASEReadCounter.table","NW_015090842.1:9558733",15,27,12
"RNF166","s672_F_VTA_03_ASEReadCounter.table","NW_015090842.1:9558847",8,23,15
"RNF166","s672_F_VTA_03_ASEReadCounter.table","NW_015090842.1:9559798",7,22,15
"RNF166","s672_F_VTA_03_ASEReadCounter.table","NW_015090842.1:9560575",18,39,21
"RNF166","s672_F_VTA_03_ASEReadCounter.table","NW_015090842.1:9561055",17,35,18
"RNF166","s672_F_VTA_03_ASEReadCounter.table","NW_015090842.1:9562458",13,27,14
"RNF166","s672_F_VTA_03_ASEReadCounter.table","NW_015090842.1:9562497",7,16,9
"RNF166","s672_F_VTA_03_ASEReadCounter.table","NW_015090842.1:9562539",8,20,12
"RNF166","s672_F_VTA_03_ASEReadCounter.table","NW_015090842.1:9564056",1,10,9
"CTU2","s672_F_VTA_03_ASEReadCounter.table","NW_015090842.1:9565149",18,22,4
"CTU2","s672_F_VTA_03_ASEReadCounter.table","NW_015090842.1:9565193",17,23,6
"CTU2","s672_F_VTA_03_ASEReadCounter.table","NW_015090842.1:9565300",13,19,6
"CTU2","s672_F_VTA_03_ASEReadCounter.table","NW_015090842.1:9565321",10,16,6
"CTU2","s672_F_VTA_03_ASEReadCounter.table","NW_015090842.1:9565721",8,19,11
"CTU2","s672_F_VTA_03_ASEReadCounter.table","NW_015090842.1:9565739",7,18,11
"CTU2","s672_F_VTA_03_ASEReadCounter.table","NW_015090842.1:9565905",5,10,5
"CTU2","s672_F_VTA_03_ASEReadCounter.table","NW_015090842.1:9566013",15,15,0
"CTU2","s672_F_VTA_03_ASEReadCounter.table","NW_015090842.1:9566055",11,24,13
"CTU2","s672_F_VTA_03_ASEReadCounter.table","NW_015090842.1:9566056",11,23,12
"CTU2","s672_F_VTA_03_ASEReadCounter.table","NW_015090842.1:9566151",7,18,11
"CTU2","s672_F_VTA_03_ASEReadCounter.table","NW_015090842.1:9566300",16,31,15
"CTU2","s672_F_VTA_03_ASEReadCounter.table","NW_015090842.1:9566342",15,25,10
"CTU2","s672_F_VTA_03_ASEReadCounter.table","NW_015090842.1:9566548",8,24,16
"CTU2","s672_F_VTA_03_ASEReadCounter.table","NW_015090842.1:9566625",14,34,20
"CTU2","s672_F_VTA_03_ASEReadCounter.table","NW_015090842.1:9566633",13,31,18
"CTU2","s672_F_VTA_03_ASEReadCounter.table","NW_015090842.1:9566807",14,28,14
"CTU2","s672_F_VTA_03_ASEReadCounter.table","NW_015090842.1:9567139",20,44,24
"CTU2","s672_F_VTA_03_ASEReadCounter.table","NW_015090842.1:9567156",24,47,23
"CTU2","s672_F_VTA_03_ASEReadCounter.table","NW_015090842.1:9567614",15,33,18
"CTU2","s672_F_VTA_03_ASEReadCounter.table","NW_015090842.1:9567677",22,44,22
"CTU2","s672_F_VTA_03_ASEReadCounter.table","NW_015090842.1:9567747",14,31,17
"CTU2","s672_F_VTA_03_ASEReadCounter.table","NW_015090842.1:9567828",11,28,17
"CTU2","s672_F_VTA_03_ASEReadCounter.table","NW_015090842.1:9567829",10,29,19
"CTU2","s672_F_VTA_03_ASEReadCounter.table","NW_015090842.1:9567885",4,17,13
"PIEZO1","s672_F_VTA_03_ASEReadCounter.table","NW_015090842.1:9568093",38,84,46
"PIEZO1","s672_F_VTA_03_ASEReadCounter.table","NW_015090842.1:9568672",39,93,54
"PIEZO1","s672_F_VTA_03_ASEReadCounter.table","NW_015090842.1:9568948",35,72,37
"PIEZO1","s672_F_VTA_03_ASEReadCounter.table","NW_015090842.1:9568987",60,60,0
"PIEZO1","s672_F_VTA_03_ASEReadCounter.table","NW_015090842.1:9569040",37,70,33
"PIEZO1","s672_F_VTA_03_ASEReadCounter.table","NW_015090842.1:9569180",31,64,33
"PIEZO1","s672_F_VTA_03_ASEReadCounter.table","NW_015090842.1:9569192",28,64,36
"PIEZO1","s672_F_VTA_03_ASEReadCounter.table","NW_015090842.1:9570088",27,63,36
"PIEZO1","s672_F_VTA_03_ASEReadCounter.table","NW_015090842.1:9570480",10,33,23
"PIEZO1","s672_F_VTA_03_ASEReadCounter.table","NW_015090842.1:9570639",14,46,32
"PIEZO1","s672_F_VTA_03_ASEReadCounter.table","NW_015090842.1:9571847",15,44,29
"PIEZO1","s672_F_VTA_03_ASEReadCounter.table","NW_015090842.1:9572371",9,19,10
"PIEZO1","s672_F_VTA_03_ASEReadCounter.table","NW_015090842.1:9572638",8,23,15
"PIEZO1","s672_F_VTA_03_ASEReadCounter.table","NW_015090842.1:9573156",18,38,20
"PIEZO1","s672_F_VTA_03_ASEReadCounter.table","NW_015090842.1:9573280",16,35,19
"PIEZO1","s672_F_VTA_03_ASEReadCounter.table","NW_015090842.1:9573566",12,31,19
"PIEZO1","s672_F_VTA_03_ASEReadCounter.table","NW_015090842.1:9575341",17,27,10
"PIEZO1","s672_F_VTA_03_ASEReadCounter.table","NW_015090842.1:9575367",17,25,8
"PIEZO1","s672_F_VTA_03_ASEReadCounter.table","NW_015090842.1:9575645",13,21,8
"PIEZO1","s672_F_VTA_03_ASEReadCounter.table","NW_015090842.1:9575696",5,16,11
"PIEZO1","s672_F_VTA_03_ASEReadCounter.table","NW_015090842.1:9575897",6,20,14
"PIEZO1","s672_F_VTA_03_ASEReadCounter.table","NW_015090842.1:9576060",6,18,12
"PIEZO1","s672_F_VTA_03_ASEReadCounter.table","NW_015090842.1:9576087",4,18,14
"PIEZO1","s672_F_VTA_03_ASEReadCounter.table","NW_015090842.1:9576093",5,20,15
"PIEZO1","s672_F_VTA_03_ASEReadCounter.table","NW_015090842.1:9576120",7,19,12
"PIEZO1","s672_F_VTA_03_ASEReadCounter.table","NW_015090842.1:9576687",8,18,10
"PIEZO1","s672_F_VTA_03_ASEReadCounter.table","NW_015090842.1:9576710",14,14,0
"PIEZO1","s672_F_VTA_03_ASEReadCounter.table","NW_015090842.1:9576723",5,13,8
"PIEZO1","s672_F_VTA_03_ASEReadCounter.table","NW_015090842.1:9578268",10,21,11
"PIEZO1","s672_F_VTA_03_ASEReadCounter.table","NW_015090842.1:9578770",6,11,5
"PIEZO1","s672_F_VTA_03_ASEReadCounter.table","NW_015090842.1:9578806",7,12,5
"PIEZO1","s672_F_VTA_03_ASEReadCounter.table","NW_015090842.1:9579064",9,19,10
"PIEZO1","s672_F_VTA_03_ASEReadCounter.table","NW_015090842.1:9579065",9,19,10
"PIEZO1","s672_F_VTA_03_ASEReadCounter.table","NW_015090842.1:9579347",6,9,3
"PIEZO1","s672_F_VTA_03_ASEReadCounter.table","NW_015090842.1:9580765",6,12,6
"PIEZO1","s672_F_VTA_03_ASEReadCounter.table","NW_015090842.1:9580996",5,13,8
"PIEZO1","s672_F_VTA_03_ASEReadCounter.table","NW_015090842.1:9581101",5,11,6
"PIEZO1","s672_F_VTA_03_ASEReadCounter.table","NW_015090842.1:9581299",4,10,6
"PIEZO1","s672_F_VTA_03_ASEReadCounter.table","NW_015090842.1:9581875",7,11,4
"PIEZO1","s672_F_VTA_03_ASEReadCounter.table","NW_015090842.1:9582046",2,6,4
"PIEZO1","s672_F_VTA_03_ASEReadCounter.table","NW_015090842.1:9582961",3,7,4
"PIEZO1","s672_F_VTA_03_ASEReadCounter.table","NW_015090842.1:9583298",1,2,1
"PIEZO1","s672_F_VTA_03_ASEReadCounter.table","NW_015090842.1:9584337",3,6,3
"PIEZO1","s672_F_VTA_03_ASEReadCounter.table","NW_015090842.1:9584425",5,8,3
"PIEZO1","s672_F_VTA_03_ASEReadCounter.table","NW_015090842.1:9584435",4,7,3
"PIEZO1","s672_F_VTA_03_ASEReadCounter.table","NW_015090842.1:9584438",4,7,3
"PIEZO1","s672_F_VTA_03_ASEReadCounter.table","NW_015090842.1:9584441",4,8,4
"CDT1","s672_F_VTA_03_ASEReadCounter.table","NW_015090842.1:9597054",5,11,6
"CDT1","s672_F_VTA_03_ASEReadCounter.table","NW_015090842.1:9597074",4,10,6
"CDT1","s672_F_VTA_03_ASEReadCounter.table","NW_015090842.1:9597137",1,5,4
"CDT1","s672_F_VTA_03_ASEReadCounter.table","NW_015090842.1:9597756",4,9,5
"CDT1","s672_F_VTA_03_ASEReadCounter.table","NW_015090842.1:9597766",3,8,5
"CDT1","s672_F_VTA_03_ASEReadCounter.table","NW_015090842.1:9598496",13,19,6
"CDT1","s672_F_VTA_03_ASEReadCounter.table","NW_015090842.1:9598498",13,19,6
"CDT1","s672_F_VTA_03_ASEReadCounter.table","NW_015090842.1:9598816",6,9,3
"CDT1","s672_F_VTA_03_ASEReadCounter.table","NW_015090842.1:9598879",5,8,3
"CDT1","s672_F_VTA_03_ASEReadCounter.table","NW_015090842.1:9598912",6,8,2
"CDT1","s672_F_VTA_03_ASEReadCounter.table","NW_015090842.1:9598959",4,6,2
"CDT1","s672_F_VTA_03_ASEReadCounter.table","NW_015090842.1:9599807",4,7,3
"CDT1","s672_F_VTA_03_ASEReadCounter.table","NW_015090842.1:9599819",3,7,4
"CDT1","s672_F_VTA_03_ASEReadCounter.table","NW_015090842.1:9599845",3,8,5
"CDT1","s672_F_VTA_03_ASEReadCounter.table","NW_015090842.1:9600148",10,16,6
"CDT1","s672_F_VTA_03_ASEReadCounter.table","NW_015090842.1:9600151",10,17,7
"CDT1","s672_F_VTA_03_ASEReadCounter.table","NW_015090842.1:9600217",10,16,6
"CDT1","s672_F_VTA_03_ASEReadCounter.table","NW_015090842.1:9600226",12,18,6
"CDT1","s672_F_VTA_03_ASEReadCounter.table","NW_015090842.1:9600260",16,21,5
"CDT1","s672_F_VTA_03_ASEReadCounter.table","NW_015090842.1:9600268",15,20,5
"CDT1","s672_F_VTA_03_ASEReadCounter.table","NW_015090842.1:9600305",15,21,6
"CDT1","s672_F_VTA_03_ASEReadCounter.table","NW_015090842.1:9600397",10,13,3
"CDT1","s672_F_VTA_03_ASEReadCounter.table","NW_015090842.1:9600447",5,12,7
"CDT1","s672_F_VTA_03_ASEReadCounter.table","NW_015090842.1:9600450",6,13,7
"CDT1","s672_F_VTA_03_ASEReadCounter.table","NW_015090842.1:9600485",11,18,7
"CDT1","s672_F_VTA_03_ASEReadCounter.table","NW_015090842.1:9600579",9,15,6
"APRT","s672_F_VTA_03_ASEReadCounter.table","NW_015090842.1:9602308",30,67,37
"APRT","s672_F_VTA_03_ASEReadCounter.table","NW_015090842.1:9602440",56,125,69
"APRT","s672_F_VTA_03_ASEReadCounter.table","NW_015090842.1:9602449",49,118,69
"APRT","s672_F_VTA_03_ASEReadCounter.table","NW_015090842.1:9602451",52,124,72
"APRT","s672_F_VTA_03_ASEReadCounter.table","NW_015090842.1:9602455",47,123,76
"APRT","s672_F_VTA_03_ASEReadCounter.table","NW_015090842.1:9602462",49,123,74
"APRT","s672_F_VTA_03_ASEReadCounter.table","NW_015090842.1:9602507",34,103,69
"APRT","s672_F_VTA_03_ASEReadCounter.table","NW_015090842.1:9602514",37,103,66
"APRT","s672_F_VTA_03_ASEReadCounter.table","NW_015090842.1:9602530",37,95,58
"APRT","s672_F_VTA_03_ASEReadCounter.table","NW_015090842.1:9602582",37,90,53
"APRT","s672_F_VTA_03_ASEReadCounter.table","NW_015090842.1:9602583",37,90,53
"APRT","s672_F_VTA_03_ASEReadCounter.table","NW_015090842.1:9602650",51,106,55
"APRT","s672_F_VTA_03_ASEReadCounter.table","NW_015090842.1:9602655",46,102,56
"APRT","s672_F_VTA_03_ASEReadCounter.table","NW_015090842.1:9602712",39,102,63
"APRT","s672_F_VTA_03_ASEReadCounter.table","NW_015090842.1:9602764",38,100,62
"APRT","s672_F_VTA_03_ASEReadCounter.table","NW_015090842.1:9602821",33,79,46
"APRT","s672_F_VTA_03_ASEReadCounter.table","NW_015090842.1:9602867",26,59,33
"APRT","s672_F_VTA_03_ASEReadCounter.table","NW_015090842.1:9602883",25,58,33
"APRT","s672_F_VTA_03_ASEReadCounter.table","NW_015090842.1:9602886",27,60,33
"APRT","s672_F_VTA_03_ASEReadCounter.table","NW_015090842.1:9602948",40,84,44
"APRT","s672_F_VTA_03_ASEReadCounter.table","NW_015090842.1:9602958",45,95,50
"APRT","s672_F_VTA_03_ASEReadCounter.table","NW_015090842.1:9603020",50,97,47
"APRT","s672_F_VTA_03_ASEReadCounter.table","NW_015090842.1:9603025",50,98,48
"APRT","s672_F_VTA_03_ASEReadCounter.table","NW_015090842.1:9603154",28,73,45
"APRT","s672_F_VTA_03_ASEReadCounter.table","NW_015090842.1:9603166",38,91,53
"APRT","s672_F_VTA_03_ASEReadCounter.table","NW_015090842.1:9603326",40,96,56
"APRT","s672_F_VTA_03_ASEReadCounter.table","NW_015090842.1:9603419",22,67,45
"APRT","s672_F_VTA_03_ASEReadCounter.table","NW_015090842.1:9603420",18,61,43
"APRT","s672_F_VTA_03_ASEReadCounter.table","NW_015090842.1:9603464",16,49,33
"APRT","s672_F_VTA_03_ASEReadCounter.table","NW_015090842.1:9603528",27,70,43
"APRT","s672_F_VTA_03_ASEReadCounter.table","NW_015090842.1:9603607",25,56,31
"APRT","s672_F_VTA_03_ASEReadCounter.table","NW_015090842.1:9603622",16,40,24
"APRT","s672_F_VTA_03_ASEReadCounter.table","NW_015090842.1:9604361",23,55,32
"APRT","s672_F_VTA_03_ASEReadCounter.table","NW_015090842.1:9605317",15,37,22
"APRT","s672_F_VTA_03_ASEReadCounter.table","NW_015090842.1:9605336",12,30,18
"GALNS","s672_F_VTA_03_ASEReadCounter.table","NW_015090842.1:9612872",7,12,5
"GALNS","s672_F_VTA_03_ASEReadCounter.table","NW_015090842.1:9612873",6,11,5
"GALNS","s672_F_VTA_03_ASEReadCounter.table","NW_015090842.1:9612877",6,10,4
"GALNS","s672_F_VTA_03_ASEReadCounter.table","NW_015090842.1:9612942",14,28,14
"GALNS","s672_F_VTA_03_ASEReadCounter.table","NW_015090842.1:9612987",23,23,0
"GALNS","s672_F_VTA_03_ASEReadCounter.table","NW_015090842.1:9613064",18,37,19
"GALNS","s672_F_VTA_03_ASEReadCounter.table","NW_015090842.1:9613096",23,45,22
"GALNS","s672_F_VTA_03_ASEReadCounter.table","NW_015090842.1:9613123",26,43,17
"GALNS","s672_F_VTA_03_ASEReadCounter.table","NW_015090842.1:9613125",27,43,16
"GALNS","s672_F_VTA_03_ASEReadCounter.table","NW_015090842.1:9613193",30,52,22
"GALNS","s672_F_VTA_03_ASEReadCounter.table","NW_015090842.1:9613226",23,51,28
"GALNS","s672_F_VTA_03_ASEReadCounter.table","NW_015090842.1:9613249",27,60,33
"GALNS","s672_F_VTA_03_ASEReadCounter.table","NW_015090842.1:9613256",32,65,33
"GALNS","s672_F_VTA_03_ASEReadCounter.table","NW_015090842.1:9613317",20,46,26
"GALNS","s672_F_VTA_03_ASEReadCounter.table","NW_015090842.1:9613343",24,55,31
"GALNS","s672_F_VTA_03_ASEReadCounter.table","NW_015090842.1:9613344",23,53,30
"GALNS","s672_F_VTA_03_ASEReadCounter.table","NW_015090842.1:9613371",27,64,37
"GALNS","s672_F_VTA_03_ASEReadCounter.table","NW_015090842.1:9613378",25,65,40
"GALNS","s672_F_VTA_03_ASEReadCounter.table","NW_015090842.1:9613379",26,66,40
"GALNS","s672_F_VTA_03_ASEReadCounter.table","NW_015090842.1:9613516",25,70,45
"GALNS","s672_F_VTA_03_ASEReadCounter.table","NW_015090842.1:9613572",26,60,34
"GALNS","s672_F_VTA_03_ASEReadCounter.table","NW_015090842.1:9613597",22,64,42
"GALNS","s672_F_VTA_03_ASEReadCounter.table","NW_015090842.1:9613627",24,59,35
"GALNS","s672_F_VTA_03_ASEReadCounter.table","NW_015090842.1:9613640",22,58,36
"GALNS","s672_F_VTA_03_ASEReadCounter.table","NW_015090842.1:9614025",24,51,27
"GALNS","s672_F_VTA_03_ASEReadCounter.table","NW_015090842.1:9614169",18,40,22
"GALNS","s672_F_VTA_03_ASEReadCounter.table","NW_015090842.1:9614232",32,32,0
"GALNS","s672_F_VTA_03_ASEReadCounter.table","NW_015090842.1:9614667",12,19,7
"GALNS","s672_F_VTA_03_ASEReadCounter.table","NW_015090842.1:9614709",10,25,15
"GALNS","s672_F_VTA_03_ASEReadCounter.table","NW_015090842.1:9614880",12,24,12
"GALNS","s672_F_VTA_03_ASEReadCounter.table","NW_015090842.1:9614902",11,23,12
"GALNS","s672_F_VTA_03_ASEReadCounter.table","NW_015090842.1:9614960",9,19,10
"GALNS","s672_F_VTA_03_ASEReadCounter.table","NW_015090842.1:9615114",20,34,14
"GALNS","s672_F_VTA_03_ASEReadCounter.table","NW_015090842.1:9615199",16,26,10
"GALNS","s672_F_VTA_03_ASEReadCounter.table","NW_015090842.1:9615217",16,24,8
"GALNS","s672_F_VTA_03_ASEReadCounter.table","NW_015090842.1:9615277",8,16,8
"GALNS","s672_F_VTA_03_ASEReadCounter.table","NW_015090842.1:9615377",15,27,12
"GALNS","s672_F_VTA_03_ASEReadCounter.table","NW_015090842.1:9647858",8,17,9
"GALNS","s672_F_VTA_03_ASEReadCounter.table","NW_015090842.1:9649186",4,11,7
"GALNS","s672_F_VTA_03_ASEReadCounter.table","NW_015090842.1:9649237",8,15,7
"GALNS","s672_F_VTA_03_ASEReadCounter.table","NW_015090842.1:9661193",5,8,3
"TRAPPC2L","s672_F_VTA_03_ASEReadCounter.table","NW_015090842.1:9662951",118,199,81
"TRAPPC2L","s672_F_VTA_03_ASEReadCounter.table","NW_015090842.1:9663014",122,215,93
"TRAPPC2L","s672_F_VTA_03_ASEReadCounter.table","NW_015090842.1:9664305",227,228,1
"TRAPPC2L","s672_F_VTA_03_ASEReadCounter.table","NW_015090842.1:9665155",139,223,84
"TRAPPC2L","s672_F_VTA_03_ASEReadCounter.table","NW_015090842.1:9665211",32,68,36
"PABPN1L","s672_F_VTA_03_ASEReadCounter.table","NW_015090842.1:9669959",0,1,1
"CBFA2T3","s672_F_VTA_03_ASEReadCounter.table","NW_015090842.1:9709469",0,22,22
"CBFA2T3","s672_F_VTA_03_ASEReadCounter.table","NW_015090842.1:9709475",0,24,24
"CBFA2T3","s672_F_VTA_03_ASEReadCounter.table","NW_015090842.1:9711845",0,7,7
"CBFA2T3","s672_F_VTA_03_ASEReadCounter.table","NW_015090842.1:9712157",0,9,9
"CBFA2T3","s672_F_VTA_03_ASEReadCounter.table","NW_015090842.1:9712160",0,10,10
"CBFA2T3","s672_F_VTA_03_ASEReadCounter.table","NW_015090842.1:9712166",0,11,11
"CBFA2T3","s672_F_VTA_03_ASEReadCounter.table","NW_015090842.1:9712536",2,10,8
"CBFA2T3","s672_F_VTA_03_ASEReadCounter.table","NW_015090842.1:9712673",2,8,6
"CBFA2T3","s672_F_VTA_03_ASEReadCounter.table","NW_015090842.1:9712787",3,10,7
"CBFA2T3","s672_F_VTA_03_ASEReadCounter.table","NW_015090842.1:9712791",3,10,7
"CBFA2T3","s672_F_VTA_03_ASEReadCounter.table","NW_015090842.1:9712805",2,6,4
"CBFA2T3","s672_F_VTA_03_ASEReadCounter.table","NW_015090842.1:9712811",2,8,6
"CBFA2T3","s672_F_VTA_03_ASEReadCounter.table","NW_015090842.1:9712848",6,16,10
"CBFA2T3","s672_F_VTA_03_ASEReadCounter.table","NW_015090842.1:9713088",7,11,4
"CBFA2T3","s672_F_VTA_03_ASEReadCounter.table","NW_015090842.1:9713121",10,14,4
"CBFA2T3","s672_F_VTA_03_ASEReadCounter.table","NW_015090842.1:9717058",5,14,9
"CBFA2T3","s672_F_VTA_03_ASEReadCounter.table","NW_015090842.1:9717093",4,14,10
"CBFA2T3","s672_F_VTA_03_ASEReadCounter.table","NW_015090842.1:9717114",6,16,10
"CBFA2T3","s672_F_VTA_03_ASEReadCounter.table","NW_015090842.1:9717139",6,17,11
"CBFA2T3","s672_F_VTA_03_ASEReadCounter.table","NW_015090842.1:9719788",7,17,10
"CBFA2T3","s672_F_VTA_03_ASEReadCounter.table","NW_015090842.1:9728475",1,3,2
"CBFA2T3","s672_F_VTA_03_ASEReadCounter.table","NW_015090842.1:9728522",2,4,2
"CBFA2T3","s672_F_VTA_03_ASEReadCounter.table","NW_015090842.1:9728525",2,4,2
"CBFA2T3","s672_F_VTA_03_ASEReadCounter.table","NW_015090842.1:9728654",1,1,0
"ACSF3","s672_F_VTA_03_ASEReadCounter.table","NW_015090842.1:9773379",0,2,2
"ACSF3","s672_F_VTA_03_ASEReadCounter.table","NW_015090842.1:9773382",0,2,2
"ACSF3","s672_F_VTA_03_ASEReadCounter.table","NW_015090842.1:9773384",0,2,2
"ACSF3","s672_F_VTA_03_ASEReadCounter.table","NW_015090842.1:9773388",0,4,4
"ACSF3","s672_F_VTA_03_ASEReadCounter.table","NW_015090842.1:9776753",5,10,5
"ACSF3","s672_F_VTA_03_ASEReadCounter.table","NW_015090842.1:9776783",5,10,5
"ACSF3","s672_F_VTA_03_ASEReadCounter.table","NW_015090842.1:9776879",11,14,3
"ACSF3","s672_F_VTA_03_ASEReadCounter.table","NW_015090842.1:9776965",7,10,3
"ACSF3","s672_F_VTA_03_ASEReadCounter.table","NW_015090842.1:9777091",7,10,3
"ACSF3","s672_F_VTA_03_ASEReadCounter.table","NW_015090842.1:9777206",9,16,7
"ACSF3","s672_F_VTA_03_ASEReadCounter.table","NW_015090842.1:9777283",11,15,4
"ACSF3","s672_F_VTA_03_ASEReadCounter.table","NW_015090842.1:9778955",11,19,8
"ACSF3","s672_F_VTA_03_ASEReadCounter.table","NW_015090842.1:9778997",10,25,15
"ACSF3","s672_F_VTA_03_ASEReadCounter.table","NW_015090842.1:9789311",7,33,26
"ACSF3","s672_F_VTA_03_ASEReadCounter.table","NW_015090842.1:9789906",1,27,26
"ACSF3","s672_F_VTA_03_ASEReadCounter.table","NW_015090842.1:9834743",26,61,35
"ACSF3","s672_F_VTA_03_ASEReadCounter.table","NW_015090842.1:9834852",37,67,30
"ACSF3","s672_F_VTA_03_ASEReadCounter.table","NW_015090842.1:9834861",33,61,28
"ACSF3","s672_F_VTA_03_ASEReadCounter.table","NW_015090842.1:9839359",20,46,26
"ACSF3","s672_F_VTA_03_ASEReadCounter.table","NW_015090842.1:9839378",15,39,24
"ACSF3","s672_F_VTA_03_ASEReadCounter.table","NW_015090842.1:9839455",22,49,27
"ACSF3","s672_F_VTA_03_ASEReadCounter.table","NW_015090842.1:9839457",22,48,26
"ACSF3","s672_F_VTA_03_ASEReadCounter.table","NW_015090842.1:9839489",19,41,22
"ACSF3","s672_F_VTA_03_ASEReadCounter.table","NW_015090842.1:9839500",16,33,17
"ACSF3","s672_F_VTA_03_ASEReadCounter.table","NW_015090842.1:9839501",16,33,17
"ACSF3","s672_F_VTA_03_ASEReadCounter.table","NW_015090842.1:9839504",16,33,17
"ACSF3","s672_F_VTA_03_ASEReadCounter.table","NW_015090842.1:9839512",14,25,11
"ACSF3","s672_F_VTA_03_ASEReadCounter.table","NW_015090842.1:9839527",11,17,6
"ACSF3","s672_F_VTA_03_ASEReadCounter.table","NW_015090842.1:9839533",7,12,5
"ACSF3","s672_F_VTA_03_ASEReadCounter.table","NW_015090842.1:9839535",7,11,4
"ACSF3","s672_F_VTA_03_ASEReadCounter.table","NW_015090842.1:9839545",4,8,4
"ACSF3","s672_F_VTA_03_ASEReadCounter.table","NW_015090842.1:9839550",3,6,3
"ACSF3","s672_F_VTA_03_ASEReadCounter.table","NW_015090842.1:9839551",3,5,2
"CDH15","s672_F_VTA_03_ASEReadCounter.table","NW_015090842.1:9849473",1,1,0
"CDH15","s672_F_VTA_03_ASEReadCounter.table","NW_015090842.1:9850432",1,1,0
"SLC22A31","s672_F_VTA_03_ASEReadCounter.table","NW_015090842.1:9851117",1,4,3
"SLC22A31","s672_F_VTA_03_ASEReadCounter.table","NW_015090842.1:9851130",1,4,3
"SLC22A31","s672_F_VTA_03_ASEReadCounter.table","NW_015090842.1:9851139",1,4,3
"SLC22A31","s672_F_VTA_03_ASEReadCounter.table","NW_015090842.1:9851265",8,18,10
"SLC22A31","s672_F_VTA_03_ASEReadCounter.table","NW_015090842.1:9851302",4,16,12
"SLC22A31","s672_F_VTA_03_ASEReadCounter.table","NW_015090842.1:9851303",4,16,12
"SLC22A31","s672_F_VTA_03_ASEReadCounter.table","NW_015090842.1:9851305",4,16,12
"SLC22A31","s672_F_VTA_03_ASEReadCounter.table","NW_015090842.1:9851343",2,12,10
"SLC22A31","s672_F_VTA_03_ASEReadCounter.table","NW_015090842.1:9851344",3,13,10
"SLC22A31","s672_F_VTA_03_ASEReadCounter.table","NW_015090842.1:9851361",12,12,0
"SLC22A31","s672_F_VTA_03_ASEReadCounter.table","NW_015090842.1:9851381",4,9,5
"SLC22A31","s672_F_VTA_03_ASEReadCounter.table","NW_015090842.1:9851421",4,11,7
"SLC22A31","s672_F_VTA_03_ASEReadCounter.table","NW_015090842.1:9851501",7,12,5
"SLC22A31","s672_F_VTA_03_ASEReadCounter.table","NW_015090842.1:9851526",5,12,7
"SLC22A31","s672_F_VTA_03_ASEReadCounter.table","NW_015090842.1:9851589",5,11,6
"SLC22A31","s672_F_VTA_03_ASEReadCounter.table","NW_015090842.1:9851712",4,14,10
"SLC22A31","s672_F_VTA_03_ASEReadCounter.table","NW_015090842.1:9851899",3,11,8
"SLC22A31","s672_F_VTA_03_ASEReadCounter.table","NW_015090842.1:9852139",4,12,8
"SLC22A31","s672_F_VTA_03_ASEReadCounter.table","NW_015090842.1:9852380",4,15,11
"SLC22A31","s672_F_VTA_03_ASEReadCounter.table","NW_015090842.1:9852431",2,6,4
"SLC22A31","s672_F_VTA_03_ASEReadCounter.table","NW_015090842.1:9852630",5,6,1
"SLC22A31","s672_F_VTA_03_ASEReadCounter.table","NW_015090842.1:9852711",3,5,2
"SLC22A31","s672_F_VTA_03_ASEReadCounter.table","NW_015090842.1:9853099",4,6,2
"SLC22A31","s672_F_VTA_03_ASEReadCounter.table","NW_015090842.1:9853102",4,6,2
"SLC22A31","s672_F_VTA_03_ASEReadCounter.table","NW_015090842.1:9853421",2,2,0
"SLC22A31","s672_F_VTA_03_ASEReadCounter.table","NW_015090842.1:9853457",2,2,0
"SLC22A31","s672_F_VTA_03_ASEReadCounter.table","NW_015090842.1:9853502",2,2,0
"ANKRD11","s672_F_VTA_03_ASEReadCounter.table","NW_015090842.1:9858863",7,21,14
"ANKRD11","s672_F_VTA_03_ASEReadCounter.table","NW_015090842.1:9859101",107,221,114
"ANKRD11","s672_F_VTA_03_ASEReadCounter.table","NW_015090842.1:9859352",118,321,203
"ANKRD11","s672_F_VTA_03_ASEReadCounter.table","NW_015090842.1:9859381",29,177,148
"ANKRD11","s672_F_VTA_03_ASEReadCounter.table","NW_015090842.1:9859679",131,252,121
"ANKRD11","s672_F_VTA_03_ASEReadCounter.table","NW_015090842.1:9861097",91,185,94
"ANKRD11","s672_F_VTA_03_ASEReadCounter.table","NW_015090842.1:9862571",50,83,33
"ANKRD11","s672_F_VTA_03_ASEReadCounter.table","NW_015090842.1:9862652",37,54,17
"ANKRD11","s672_F_VTA_03_ASEReadCounter.table","NW_015090842.1:9866071",0,59,59
"ANKRD11","s672_F_VTA_03_ASEReadCounter.table","NW_015090842.1:9866200",0,56,56
"ANKRD11","s672_F_VTA_03_ASEReadCounter.table","NW_015090842.1:9867391",16,30,14
"ANKRD11","s672_F_VTA_03_ASEReadCounter.table","NW_015090842.1:9867472",23,45,22
"ANKRD11","s672_F_VTA_03_ASEReadCounter.table","NW_015090842.1:9867559",30,57,27
"ANKRD11","s672_F_VTA_03_ASEReadCounter.table","NW_015090842.1:9867667",30,59,29
"ANKRD11","s672_F_VTA_03_ASEReadCounter.table","NW_015090842.1:9867934",20,41,21
"ANKRD11","s672_F_VTA_03_ASEReadCounter.table","NW_015090842.1:9868064",25,45,20
"ANKRD11","s672_F_VTA_03_ASEReadCounter.table","NW_015090842.1:9868093",24,45,21
"ANKRD11","s672_F_VTA_03_ASEReadCounter.table","NW_015090842.1:9868222",26,56,30
"ANKRD11","s672_F_VTA_03_ASEReadCounter.table","NW_015090842.1:9868327",40,75,35
"ANKRD11","s672_F_VTA_03_ASEReadCounter.table","NW_015090842.1:9868414",38,80,42
"ANKRD11","s672_F_VTA_03_ASEReadCounter.table","NW_015090842.1:9868441",38,76,38
"ANKRD11","s672_F_VTA_03_ASEReadCounter.table","NW_015090842.1:9868444",36,79,43
"ANKRD11","s672_F_VTA_03_ASEReadCounter.table","NW_015090842.1:9868519",54,122,68
"ANKRD11","s672_F_VTA_03_ASEReadCounter.table","NW_015090842.1:9868609",75,141,66
"ANKRD11","s672_F_VTA_03_ASEReadCounter.table","NW_015090842.1:9868666",89,179,90
"ANKRD11","s672_F_VTA_03_ASEReadCounter.table","NW_015090842.1:9868738",196,196,0
"ANKRD11","s672_F_VTA_03_ASEReadCounter.table","NW_015090842.1:9869431",116,219,103
"ANKRD11","s672_F_VTA_03_ASEReadCounter.table","NW_015090842.1:9869578",176,355,179
"ANKRD11","s672_F_VTA_03_ASEReadCounter.table","NW_015090842.1:9869734",185,380,195
"ANKRD11","s672_F_VTA_03_ASEReadCounter.table","NW_015090842.1:9870070",154,343,189
"ANKRD11","s672_F_VTA_03_ASEReadCounter.table","NW_015090842.1:9870349",189,382,193
"ANKRD11","s672_F_VTA_03_ASEReadCounter.table","NW_015090842.1:9870604",182,391,209
"ANKRD11","s672_F_VTA_03_ASEReadCounter.table","NW_015090842.1:9870613",206,427,221
"ANKRD11","s672_F_VTA_03_ASEReadCounter.table","NW_015090842.1:9870685",221,491,270
"ANKRD11","s672_F_VTA_03_ASEReadCounter.table","NW_015090842.1:9870760",196,429,233
"ANKRD11","s672_F_VTA_03_ASEReadCounter.table","NW_015090842.1:9870847",188,394,206
"ANKRD11","s672_F_VTA_03_ASEReadCounter.table","NW_015090842.1:9871103",154,293,139
"ANKRD11","s672_F_VTA_03_ASEReadCounter.table","NW_015090842.1:9871165",154,351,197
"ANKRD11","s672_F_VTA_03_ASEReadCounter.table","NW_015090842.1:9871508",216,216,0
"ANKRD11","s672_F_VTA_03_ASEReadCounter.table","NW_015090842.1:9871820",41,90,49
"ANKRD11","s672_F_VTA_03_ASEReadCounter.table","NW_015090842.1:9872118",45,96,51
"ANKRD11","s672_F_VTA_03_ASEReadCounter.table","NW_015090842.1:9877406",17,32,15
"SPG7","s672_F_VTA_03_ASEReadCounter.table","NW_015090842.1:10051190",61,105,44
"SPG7","s672_F_VTA_03_ASEReadCounter.table","NW_015090842.1:10051218",61,123,62
"SPG7","s672_F_VTA_03_ASEReadCounter.table","NW_015090842.1:10052348",62,128,66
"SPG7","s672_F_VTA_03_ASEReadCounter.table","NW_015090842.1:10052366",66,134,68
"SPG7","s672_F_VTA_03_ASEReadCounter.table","NW_015090842.1:10065173",76,183,107
"SPG7","s672_F_VTA_03_ASEReadCounter.table","NW_015090842.1:10065215",72,158,86
"SPG7","s672_F_VTA_03_ASEReadCounter.table","NW_015090842.1:10066365",77,160,83
"SPG7","s672_F_VTA_03_ASEReadCounter.table","NW_015090842.1:10069752",83,180,97
"SPG7","s672_F_VTA_03_ASEReadCounter.table","NW_015090842.1:10069800",92,209,117
"SPG7","s672_F_VTA_03_ASEReadCounter.table","NW_015090842.1:10071192",108,245,137
"SPG7","s672_F_VTA_03_ASEReadCounter.table","NW_015090842.1:10071219",108,231,123
"SPG7","s672_F_VTA_03_ASEReadCounter.table","NW_015090842.1:10071967",96,229,133
"SPG7","s672_F_VTA_03_ASEReadCounter.table","NW_015090842.1:10075109",179,378,199
"SPG7","s672_F_VTA_03_ASEReadCounter.table","NW_015090842.1:10075114",181,376,195
"SPG7","s672_F_VTA_03_ASEReadCounter.table","NW_015090842.1:10075198",185,308,123
"SPG7","s672_F_VTA_03_ASEReadCounter.table","NW_015090842.1:10075487",147,312,165
"SPG7","s672_F_VTA_03_ASEReadCounter.table","NW_015090842.1:10075488",147,313,166
"SPG7","s672_F_VTA_03_ASEReadCounter.table","NW_015090842.1:10075548",109,222,113
"RPL13","s672_F_VTA_03_ASEReadCounter.table","NW_015090842.1:10077387",411,890,479
"RPL13","s672_F_VTA_03_ASEReadCounter.table","NW_015090842.1:10077978",580,1263,683
"RPL13","s672_F_VTA_03_ASEReadCounter.table","NW_015090842.1:10077992",569,1222,653
"CPNE7","s672_F_VTA_03_ASEReadCounter.table","NW_015090842.1:10084001",4,5,1
"CPNE7","s672_F_VTA_03_ASEReadCounter.table","NW_015090842.1:10084872",1,1,0
"CPNE7","s672_F_VTA_03_ASEReadCounter.table","NW_015090842.1:10084892",1,1,0
"CPNE7","s672_F_VTA_03_ASEReadCounter.table","NW_015090842.1:10084921",4,4,0
"CPNE7","s672_F_VTA_03_ASEReadCounter.table","NW_015090842.1:10084935",4,4,0
"CPNE7","s672_F_VTA_03_ASEReadCounter.table","NW_015090842.1:10085000",4,5,1
"CPNE7","s672_F_VTA_03_ASEReadCounter.table","NW_015090842.1:10085126",0,1,1
"CPNE7","s672_F_VTA_03_ASEReadCounter.table","NW_015090842.1:10085167",5,5,0
"CPNE7","s672_F_VTA_03_ASEReadCounter.table","NW_015090842.1:10085180",0,5,5
"CPNE7","s672_F_VTA_03_ASEReadCounter.table","NW_015090842.1:10085201",0,5,5
"CPNE7","s672_F_VTA_03_ASEReadCounter.table","NW_015090842.1:10088134",1,3,2
"CPNE7","s672_F_VTA_03_ASEReadCounter.table","NW_015090842.1:10088146",1,3,2
"CPNE7","s672_F_VTA_03_ASEReadCounter.table","NW_015090842.1:10088806",3,5,2
"CPNE7","s672_F_VTA_03_ASEReadCounter.table","NW_015090842.1:10088940",2,2,0
"CPNE7","s672_F_VTA_03_ASEReadCounter.table","NW_015090842.1:10088965",4,4,0
"CPNE7","s672_F_VTA_03_ASEReadCounter.table","NW_015090842.1:10088967",4,4,0
"CPNE7","s672_F_VTA_03_ASEReadCounter.table","NW_015090842.1:10088973",4,4,0
"CPNE7","s672_F_VTA_03_ASEReadCounter.table","NW_015090842.1:10090924",10,16,6
"CPNE7","s672_F_VTA_03_ASEReadCounter.table","NW_015090842.1:10090930",9,15,6
"CPNE7","s672_F_VTA_03_ASEReadCounter.table","NW_015090842.1:10091075",11,17,6
"CPNE7","s672_F_VTA_03_ASEReadCounter.table","NW_015090842.1:10091389",14,21,7
"CPNE7","s672_F_VTA_03_ASEReadCounter.table","NW_015090842.1:10091407",15,21,6
"CPNE7","s672_F_VTA_03_ASEReadCounter.table","NW_015090842.1:10091488",22,22,0
"CPNE7","s672_F_VTA_03_ASEReadCounter.table","NW_015090842.1:10091491",26,26,0
"CPNE7","s672_F_VTA_03_ASEReadCounter.table","NW_015090842.1:10091530",17,31,14
"CPNE7","s672_F_VTA_03_ASEReadCounter.table","NW_015090842.1:10091875",22,35,13
"CPNE7","s672_F_VTA_03_ASEReadCounter.table","NW_015090842.1:10091983",13,23,10
"CPNE7","s672_F_VTA_03_ASEReadCounter.table","NW_015090842.1:10091997",14,23,9
"CPNE7","s672_F_VTA_03_ASEReadCounter.table","NW_015090842.1:10092038",3,8,5
"CPNE7","s672_F_VTA_03_ASEReadCounter.table","NW_015090842.1:10092140",9,18,9
"CPNE7","s672_F_VTA_03_ASEReadCounter.table","NW_015090842.1:10092183",5,10,5
"CPNE7","s672_F_VTA_03_ASEReadCounter.table","NW_015090842.1:10092201",5,8,3
"CPNE7","s672_F_VTA_03_ASEReadCounter.table","NW_015090842.1:10092230",3,5,2
"CPNE7","s672_F_VTA_03_ASEReadCounter.table","NW_015090842.1:10092246",2,3,1
"LOC106888185","s672_F_VTA_03_ASEReadCounter.table","NW_015090842.1:10094965",2,6,4
"LOC106888185","s672_F_VTA_03_ASEReadCounter.table","NW_015090842.1:10094966",3,7,4
"LOC106888185","s672_F_VTA_03_ASEReadCounter.table","NW_015090842.1:10094985",3,7,4
"LOC106888185","s672_F_VTA_03_ASEReadCounter.table","NW_015090842.1:10095055",1,3,2
"LOC106888185","s672_F_VTA_03_ASEReadCounter.table","NW_015090842.1:10095062",1,3,2
"LOC106888185","s672_F_VTA_03_ASEReadCounter.table","NW_015090842.1:10095130",1,8,7
"LOC106888185","s672_F_VTA_03_ASEReadCounter.table","NW_015090842.1:10095265",6,15,9
"LOC106888185","s672_F_VTA_03_ASEReadCounter.table","NW_015090842.1:10095586",4,18,14
"LOC106888185","s672_F_VTA_03_ASEReadCounter.table","NW_015090842.1:10095593",4,17,13
"LOC106888185","s672_F_VTA_03_ASEReadCounter.table","NW_015090842.1:10095616",4,14,10
"LOC106888185","s672_F_VTA_03_ASEReadCounter.table","NW_015090842.1:10095662",0,9,9
"LOC106888185","s672_F_VTA_03_ASEReadCounter.table","NW_015090842.1:10095674",0,9,9
"LOC106888185","s672_F_VTA_03_ASEReadCounter.table","NW_015090842.1:10095786",3,9,6
"LOC106888185","s672_F_VTA_03_ASEReadCounter.table","NW_015090842.1:10095831",4,10,6
"LOC106888185","s672_F_VTA_03_ASEReadCounter.table","NW_015090842.1:10096230",1,9,8
"LOC106888185","s672_F_VTA_03_ASEReadCounter.table","NW_015090842.1:10096249",2,10,8
"LOC106888185","s672_F_VTA_03_ASEReadCounter.table","NW_015090842.1:10096272",2,10,8
"LOC106888185","s672_F_VTA_03_ASEReadCounter.table","NW_015090842.1:10096288",2,9,7
"LOC106888185","s672_F_VTA_03_ASEReadCounter.table","NW_015090842.1:10097248",3,10,7
"LOC106888185","s672_F_VTA_03_ASEReadCounter.table","NW_015090842.1:10097265",4,11,7
"LOC106888185","s672_F_VTA_03_ASEReadCounter.table","NW_015090842.1:10097446",0,1,1
"DPEP1","s672_F_VTA_03_ASEReadCounter.table","NW_015090842.1:10098595",0,1,1
"DPEP1","s672_F_VTA_03_ASEReadCounter.table","NW_015090842.1:10098597",0,1,1
"DPEP1","s672_F_VTA_03_ASEReadCounter.table","NW_015090842.1:10098601",0,1,1
"DPEP1","s672_F_VTA_03_ASEReadCounter.table","NW_015090842.1:10098608",0,1,1
"DPEP1","s672_F_VTA_03_ASEReadCounter.table","NW_015090842.1:10099985",0,1,1
"DPEP1","s672_F_VTA_03_ASEReadCounter.table","NW_015090842.1:10099986",0,1,1
"DPEP1","s672_F_VTA_03_ASEReadCounter.table","NW_015090842.1:10099991",0,1,1
"DPEP1","s672_F_VTA_03_ASEReadCounter.table","NW_015090842.1:10100044",0,1,1
"DPEP1","s672_F_VTA_03_ASEReadCounter.table","NW_015090842.1:10100045",0,1,1
"DPEP1","s672_F_VTA_03_ASEReadCounter.table","NW_015090842.1:10100529",0,1,1
"DPEP1","s672_F_VTA_03_ASEReadCounter.table","NW_015090842.1:10100893",0,1,1
"DPEP1","s672_F_VTA_03_ASEReadCounter.table","NW_015090842.1:10100902",0,1,1
"DPEP1","s672_F_VTA_03_ASEReadCounter.table","NW_015090842.1:10101072",0,1,1
"DPEP1","s672_F_VTA_03_ASEReadCounter.table","NW_015090842.1:10101525",0,1,1
"DPEP1","s672_F_VTA_03_ASEReadCounter.table","NW_015090842.1:10101875",0,1,1
"DPEP1","s672_F_VTA_03_ASEReadCounter.table","NW_015090842.1:10101996",0,1,1
"DPEP1","s672_F_VTA_03_ASEReadCounter.table","NW_015090842.1:10102014",0,1,1
"DPEP1","s672_F_VTA_03_ASEReadCounter.table","NW_015090842.1:10102035",0,1,1
"CHMP1A","s672_F_VTA_03_ASEReadCounter.table","NW_015090842.1:10102901",74,151,77
"CHMP1A","s672_F_VTA_03_ASEReadCounter.table","NW_015090842.1:10102961",49,126,77
"CHMP1A","s672_F_VTA_03_ASEReadCounter.table","NW_015090842.1:10102996",36,119,83
"CHMP1A","s672_F_VTA_03_ASEReadCounter.table","NW_015090842.1:10103004",40,128,88
"CHMP1A","s672_F_VTA_03_ASEReadCounter.table","NW_015090842.1:10103006",40,127,87
"CHMP1A","s672_F_VTA_03_ASEReadCounter.table","NW_015090842.1:10103052",80,178,98
"CHMP1A","s672_F_VTA_03_ASEReadCounter.table","NW_015090842.1:10103095",100,207,107
"CHMP1A","s672_F_VTA_03_ASEReadCounter.table","NW_015090842.1:10103096",101,206,105
"CHMP1A","s672_F_VTA_03_ASEReadCounter.table","NW_015090842.1:10103152",80,158,78
"CHMP1A","s672_F_VTA_03_ASEReadCounter.table","NW_015090842.1:10103173",71,139,68
"CHMP1A","s672_F_VTA_03_ASEReadCounter.table","NW_015090842.1:10103334",32,96,64
"CHMP1A","s672_F_VTA_03_ASEReadCounter.table","NW_015090842.1:10103373",16,92,76
"CHMP1A","s672_F_VTA_03_ASEReadCounter.table","NW_015090842.1:10103408",30,109,79
"CHMP1A","s672_F_VTA_03_ASEReadCounter.table","NW_015090842.1:10103412",41,113,72
"CHMP1A","s672_F_VTA_03_ASEReadCounter.table","NW_015090842.1:10103512",52,115,63
"CHMP1A","s672_F_VTA_03_ASEReadCounter.table","NW_015090842.1:10103513",51,112,61
"CHMP1A","s672_F_VTA_03_ASEReadCounter.table","NW_015090842.1:10103583",34,71,37
"CHMP1A","s672_F_VTA_03_ASEReadCounter.table","NW_015090842.1:10103614",38,75,37
"CHMP1A","s672_F_VTA_03_ASEReadCounter.table","NW_015090842.1:10103657",38,91,53
"CHMP1A","s672_F_VTA_03_ASEReadCounter.table","NW_015090842.1:10103669",31,81,50
"CHMP1A","s672_F_VTA_03_ASEReadCounter.table","NW_015090842.1:10103674",31,79,48
"CHMP1A","s672_F_VTA_03_ASEReadCounter.table","NW_015090842.1:10103677",30,77,47
"CHMP1A","s672_F_VTA_03_ASEReadCounter.table","NW_015090842.1:10103729",42,96,54
"CHMP1A","s672_F_VTA_03_ASEReadCounter.table","NW_015090842.1:10103758",42,85,43
"CHMP1A","s672_F_VTA_03_ASEReadCounter.table","NW_015090842.1:10103761",44,86,42
"CHMP1A","s672_F_VTA_03_ASEReadCounter.table","NW_015090842.1:10103788",52,113,61
"CHMP1A","s672_F_VTA_03_ASEReadCounter.table","NW_015090842.1:10103789",52,114,62
"CHMP1A","s672_F_VTA_03_ASEReadCounter.table","NW_015090842.1:10103790",49,112,63
"CHMP1A","s672_F_VTA_03_ASEReadCounter.table","NW_015090842.1:10103950",47,99,52
"CHMP1A","s672_F_VTA_03_ASEReadCounter.table","NW_015090842.1:10104335",31,62,31
"CHMP1A","s672_F_VTA_03_ASEReadCounter.table","NW_015090842.1:10104429",38,87,49
"CHMP1A","s672_F_VTA_03_ASEReadCounter.table","NW_015090842.1:10104532",58,99,41
"CHMP1A","s672_F_VTA_03_ASEReadCounter.table","NW_015090842.1:10104633",35,77,42
"CHMP1A","s672_F_VTA_03_ASEReadCounter.table","NW_015090842.1:10104759",40,73,33
"CHMP1A","s672_F_VTA_03_ASEReadCounter.table","NW_015090842.1:10104794",47,82,35
"CHMP1A","s672_F_VTA_03_ASEReadCounter.table","NW_015090842.1:10104841",64,64,0
"CHMP1A","s672_F_VTA_03_ASEReadCounter.table","NW_015090842.1:10104844",25,63,38
"CHMP1A","s672_F_VTA_03_ASEReadCounter.table","NW_015090842.1:10106242",33,74,41
"CHMP1A","s672_F_VTA_03_ASEReadCounter.table","NW_015090842.1:10106290",28,62,34
"CHMP1A","s672_F_VTA_03_ASEReadCounter.table","NW_015090842.1:10106335",36,76,40
"CHMP1A","s672_F_VTA_03_ASEReadCounter.table","NW_015090842.1:10106383",35,84,49
"CHMP1A","s672_F_VTA_03_ASEReadCounter.table","NW_015090842.1:10106747",42,82,40
"CHMP1A","s672_F_VTA_03_ASEReadCounter.table","NW_015090842.1:10107404",33,71,38
"CHMP1A","s672_F_VTA_03_ASEReadCounter.table","NW_015090842.1:10107876",29,75,46
"CDK10","s672_F_VTA_03_ASEReadCounter.table","NW_015090842.1:10109030",7,8,1
"CDK10","s672_F_VTA_03_ASEReadCounter.table","NW_015090842.1:10109963",15,53,38
"CDK10","s672_F_VTA_03_ASEReadCounter.table","NW_015090842.1:10110887",15,54,39
"CDK10","s672_F_VTA_03_ASEReadCounter.table","NW_015090842.1:10111254",19,56,37
"CDK10","s672_F_VTA_03_ASEReadCounter.table","NW_015090842.1:10111380",19,65,46
"CDK10","s672_F_VTA_03_ASEReadCounter.table","NW_015090842.1:10111395",19,64,45
"CDK10","s672_F_VTA_03_ASEReadCounter.table","NW_015090842.1:10111437",8,63,55
"CDK10","s672_F_VTA_03_ASEReadCounter.table","NW_015090842.1:10111798",34,94,60
"CDK10","s672_F_VTA_03_ASEReadCounter.table","NW_015090842.1:10111840",29,87,58
"CDK10","s672_F_VTA_03_ASEReadCounter.table","NW_015090842.1:10112031",30,101,71
"CDK10","s672_F_VTA_03_ASEReadCounter.table","NW_015090842.1:10112285",33,104,71
"CDK10","s672_F_VTA_03_ASEReadCounter.table","NW_015090842.1:10112398",34,107,73
"CDK10","s672_F_VTA_03_ASEReadCounter.table","NW_015090842.1:10112455",33,107,74
"CDK10","s672_F_VTA_03_ASEReadCounter.table","NW_015090842.1:10112461",28,99,71
"CDK10","s672_F_VTA_03_ASEReadCounter.table","NW_015090842.1:10112497",32,95,63
"CDK10","s672_F_VTA_03_ASEReadCounter.table","NW_015090842.1:10112508",27,94,67
"CDK10","s672_F_VTA_03_ASEReadCounter.table","NW_015090842.1:10112518",17,85,68
"CDK10","s672_F_VTA_03_ASEReadCounter.table","NW_015090842.1:10112540",3,66,63
"CDK10","s672_F_VTA_03_ASEReadCounter.table","NW_015090842.1:10112556",16,81,65
"CDK10","s672_F_VTA_03_ASEReadCounter.table","NW_015090842.1:10112561",20,94,74
"CDK10","s672_F_VTA_03_ASEReadCounter.table","NW_015090842.1:10112596",30,103,73
"CDK10","s672_F_VTA_03_ASEReadCounter.table","NW_015090842.1:10112630",28,92,64
"CDK10","s672_F_VTA_03_ASEReadCounter.table","NW_015090842.1:10112656",23,82,59
"CDK10","s672_F_VTA_03_ASEReadCounter.table","NW_015090842.1:10112665",16,61,45
"CDK10","s672_F_VTA_03_ASEReadCounter.table","NW_015090842.1:10112668",16,60,44
"CDK10","s672_F_VTA_03_ASEReadCounter.table","NW_015090842.1:10112781",13,44,31
"CDK10","s672_F_VTA_03_ASEReadCounter.table","NW_015090842.1:10112782",13,45,32
"CDK10","s672_F_VTA_03_ASEReadCounter.table","NW_015090842.1:10112795",11,42,31
"CDK10","s672_F_VTA_03_ASEReadCounter.table","NW_015090842.1:10112841",4,16,12
"CDK10","s672_F_VTA_03_ASEReadCounter.table","NW_015090842.1:10112861",4,13,9
"SPATA2L","s672_F_VTA_03_ASEReadCounter.table","NW_015090842.1:10113212",21,44,23
"SPATA2L","s672_F_VTA_03_ASEReadCounter.table","NW_015090842.1:10113280",25,76,51
"SPATA2L","s672_F_VTA_03_ASEReadCounter.table","NW_015090842.1:10113296",29,84,55
"SPATA2L","s672_F_VTA_03_ASEReadCounter.table","NW_015090842.1:10113321",34,98,64
"SPATA2L","s672_F_VTA_03_ASEReadCounter.table","NW_015090842.1:10113332",36,102,66
"SPATA2L","s672_F_VTA_03_ASEReadCounter.table","NW_015090842.1:10113380",31,94,63
"SPATA2L","s672_F_VTA_03_ASEReadCounter.table","NW_015090842.1:10113381",31,97,66
"SPATA2L","s672_F_VTA_03_ASEReadCounter.table","NW_015090842.1:10113412",33,101,68
"SPATA2L","s672_F_VTA_03_ASEReadCounter.table","NW_015090842.1:10113421",31,106,75
"SPATA2L","s672_F_VTA_03_ASEReadCounter.table","NW_015090842.1:10113465",25,101,76
"SPATA2L","s672_F_VTA_03_ASEReadCounter.table","NW_015090842.1:10113535",34,87,53
"SPATA2L","s672_F_VTA_03_ASEReadCounter.table","NW_015090842.1:10113645",40,116,76
"SPATA2L","s672_F_VTA_03_ASEReadCounter.table","NW_015090842.1:10113682",39,124,85
"SPATA2L","s672_F_VTA_03_ASEReadCounter.table","NW_015090842.1:10113696",41,126,85
"SPATA2L","s672_F_VTA_03_ASEReadCounter.table","NW_015090842.1:10113727",36,119,83
"SPATA2L","s672_F_VTA_03_ASEReadCounter.table","NW_015090842.1:10113799",56,129,73
"SPATA2L","s672_F_VTA_03_ASEReadCounter.table","NW_015090842.1:10113809",59,137,78
"SPATA2L","s672_F_VTA_03_ASEReadCounter.table","NW_015090842.1:10113827",61,135,74
"SPATA2L","s672_F_VTA_03_ASEReadCounter.table","NW_015090842.1:10113831",60,138,78
"SPATA2L","s672_F_VTA_03_ASEReadCounter.table","NW_015090842.1:10113894",43,103,60
"SPATA2L","s672_F_VTA_03_ASEReadCounter.table","NW_015090842.1:10113905",38,104,66
"SPATA2L","s672_F_VTA_03_ASEReadCounter.table","NW_015090842.1:10113914",41,96,55
"SPATA2L","s672_F_VTA_03_ASEReadCounter.table","NW_015090842.1:10113920",43,95,52
"SPATA2L","s672_F_VTA_03_ASEReadCounter.table","NW_015090842.1:10113937",42,109,67
"SPATA2L","s672_F_VTA_03_ASEReadCounter.table","NW_015090842.1:10113971",35,94,59
"SPATA2L","s672_F_VTA_03_ASEReadCounter.table","NW_015090842.1:10113976",28,95,67
"SPATA2L","s672_F_VTA_03_ASEReadCounter.table","NW_015090842.1:10113985",31,86,55
"SPATA2L","s672_F_VTA_03_ASEReadCounter.table","NW_015090842.1:10113994",32,94,62
"SPATA2L","s672_F_VTA_03_ASEReadCounter.table","NW_015090842.1:10114063",37,86,49
"SPATA2L","s672_F_VTA_03_ASEReadCounter.table","NW_015090842.1:10114066",35,84,49
"SPATA2L","s672_F_VTA_03_ASEReadCounter.table","NW_015090842.1:10114069",35,84,49
"SPATA2L","s672_F_VTA_03_ASEReadCounter.table","NW_015090842.1:10114121",28,60,32
"SPATA2L","s672_F_VTA_03_ASEReadCounter.table","NW_015090842.1:10114159",25,60,35
"SPATA2L","s672_F_VTA_03_ASEReadCounter.table","NW_015090842.1:10114282",65,65,0
"SPATA2L","s672_F_VTA_03_ASEReadCounter.table","NW_015090842.1:10114470",23,56,33
"SPATA2L","s672_F_VTA_03_ASEReadCounter.table","NW_015090842.1:10114524",13,49,36
"VPS9D1","s672_F_VTA_03_ASEReadCounter.table","NW_015090842.1:10116377",14,48,34
"VPS9D1","s672_F_VTA_03_ASEReadCounter.table","NW_015090842.1:10116415",17,61,44
"VPS9D1","s672_F_VTA_03_ASEReadCounter.table","NW_015090842.1:10116607",20,64,44
"VPS9D1","s672_F_VTA_03_ASEReadCounter.table","NW_015090842.1:10116816",47,47,0
"VPS9D1","s672_F_VTA_03_ASEReadCounter.table","NW_015090842.1:10116821",12,44,32
"VPS9D1","s672_F_VTA_03_ASEReadCounter.table","NW_015090842.1:10116825",9,37,28
"VPS9D1","s672_F_VTA_03_ASEReadCounter.table","NW_015090842.1:10116882",11,34,23
"VPS9D1","s672_F_VTA_03_ASEReadCounter.table","NW_015090842.1:10116885",11,32,21
"VPS9D1","s672_F_VTA_03_ASEReadCounter.table","NW_015090842.1:10116933",17,36,19
"VPS9D1","s672_F_VTA_03_ASEReadCounter.table","NW_015090842.1:10116942",16,38,22
"VPS9D1","s672_F_VTA_03_ASEReadCounter.table","NW_015090842.1:10117152",10,36,26
"VPS9D1","s672_F_VTA_03_ASEReadCounter.table","NW_015090842.1:10117396",33,33,0
"VPS9D1","s672_F_VTA_03_ASEReadCounter.table","NW_015090842.1:10117405",25,25,0
"VPS9D1","s672_F_VTA_03_ASEReadCounter.table","NW_015090842.1:10117480",8,33,25
"VPS9D1","s672_F_VTA_03_ASEReadCounter.table","NW_015090842.1:10117497",5,28,23
"VPS9D1","s672_F_VTA_03_ASEReadCounter.table","NW_015090842.1:10117499",4,28,24
"VPS9D1","s672_F_VTA_03_ASEReadCounter.table","NW_015090842.1:10117516",8,33,25
"VPS9D1","s672_F_VTA_03_ASEReadCounter.table","NW_015090842.1:10117525",9,34,25
"VPS9D1","s672_F_VTA_03_ASEReadCounter.table","NW_015090842.1:10117579",14,43,29
"VPS9D1","s672_F_VTA_03_ASEReadCounter.table","NW_015090842.1:10117627",10,35,25
"VPS9D1","s672_F_VTA_03_ASEReadCounter.table","NW_015090842.1:10117678",11,36,25
"VPS9D1","s672_F_VTA_03_ASEReadCounter.table","NW_015090842.1:10117773",20,53,33
"VPS9D1","s672_F_VTA_03_ASEReadCounter.table","NW_015090842.1:10117937",17,55,38
"VPS9D1","s672_F_VTA_03_ASEReadCounter.table","NW_015090842.1:10117961",14,54,40
"VPS9D1","s672_F_VTA_03_ASEReadCounter.table","NW_015090842.1:10118236",14,59,45
"VPS9D1","s672_F_VTA_03_ASEReadCounter.table","NW_015090842.1:10118414",15,44,29
"VPS9D1","s672_F_VTA_03_ASEReadCounter.table","NW_015090842.1:10118973",10,56,46
"VPS9D1","s672_F_VTA_03_ASEReadCounter.table","NW_015090842.1:10119500",12,37,25
"ZNF276","s672_F_VTA_03_ASEReadCounter.table","NW_015090842.1:10121760",2,5,3
"ZNF276","s672_F_VTA_03_ASEReadCounter.table","NW_015090842.1:10121769",2,5,3
"ZNF276","s672_F_VTA_03_ASEReadCounter.table","NW_015090842.1:10121802",3,7,4
"ZNF276","s672_F_VTA_03_ASEReadCounter.table","NW_015090842.1:10121971",11,16,5
"ZNF276","s672_F_VTA_03_ASEReadCounter.table","NW_015090842.1:10122883",11,15,4
"ZNF276","s672_F_VTA_03_ASEReadCounter.table","NW_015090842.1:10123069",9,15,6
"ZNF276","s672_F_VTA_03_ASEReadCounter.table","NW_015090842.1:10123207",19,35,16
"ZNF276","s672_F_VTA_03_ASEReadCounter.table","NW_015090842.1:10125787",14,37,23
"ZNF276","s672_F_VTA_03_ASEReadCounter.table","NW_015090842.1:10126309",22,37,15
"ZNF276","s672_F_VTA_03_ASEReadCounter.table","NW_015090842.1:10126348",33,51,18
"ZNF276","s672_F_VTA_03_ASEReadCounter.table","NW_015090842.1:10126978",22,57,35
"ZNF276","s672_F_VTA_03_ASEReadCounter.table","NW_015090842.1:10126991",23,56,33
"ZNF276","s672_F_VTA_03_ASEReadCounter.table","NW_015090842.1:10127023",21,56,35
"ZNF276","s672_F_VTA_03_ASEReadCounter.table","NW_015090842.1:10127063",19,51,32
"ZNF276","s672_F_VTA_03_ASEReadCounter.table","NW_015090842.1:10127373",27,53,26
"ZNF276","s672_F_VTA_03_ASEReadCounter.table","NW_015090842.1:10127931",13,36,23
"ZNF276","s672_F_VTA_03_ASEReadCounter.table","NW_015090842.1:10128070",29,71,42
"ZNF276","s672_F_VTA_03_ASEReadCounter.table","NW_015090842.1:10128102",33,75,42
"ZNF276","s672_F_VTA_03_ASEReadCounter.table","NW_015090842.1:10128356",26,53,27
"ZNF276","s672_F_VTA_03_ASEReadCounter.table","NW_015090842.1:10128497",19,35,16
"FANCA","s672_F_VTA_03_ASEReadCounter.table","NW_015090842.1:10128743",2,2,0
"FANCA","s672_F_VTA_03_ASEReadCounter.table","NW_015090842.1:10128822",1,3,2
"FANCA","s672_F_VTA_03_ASEReadCounter.table","NW_015090842.1:10129390",1,1,0
"FANCA","s672_F_VTA_03_ASEReadCounter.table","NW_015090842.1:10129422",1,1,0
"FANCA","s672_F_VTA_03_ASEReadCounter.table","NW_015090842.1:10129969",2,2,0
"FANCA","s672_F_VTA_03_ASEReadCounter.table","NW_015090842.1:10138618",0,1,1
"FANCA","s672_F_VTA_03_ASEReadCounter.table","NW_015090842.1:10139140",0,1,1
"FANCA","s672_F_VTA_03_ASEReadCounter.table","NW_015090842.1:10141234",0,1,1
"FANCA","s672_F_VTA_03_ASEReadCounter.table","NW_015090842.1:10145030",2,2,0
"FANCA","s672_F_VTA_03_ASEReadCounter.table","NW_015090842.1:10150518",0,1,1
"FANCA","s672_F_VTA_03_ASEReadCounter.table","NW_015090842.1:10154490",1,1,0
"FANCA","s672_F_VTA_03_ASEReadCounter.table","NW_015090842.1:10162980",1,1,0
"FANCA","s672_F_VTA_03_ASEReadCounter.table","NW_015090842.1:10163667",1,1,0
"FANCA","s672_F_VTA_03_ASEReadCounter.table","NW_015090842.1:10164257",0,1,1
"FANCA","s672_F_VTA_03_ASEReadCounter.table","NW_015090842.1:10165331",0,1,1
"SPIRE2","s672_F_VTA_03_ASEReadCounter.table","NW_015090842.1:10172284",14,21,7
"SPIRE2","s672_F_VTA_03_ASEReadCounter.table","NW_015090842.1:10175262",16,26,10
"SPIRE2","s672_F_VTA_03_ASEReadCounter.table","NW_015090842.1:10175352",12,18,6
"SPIRE2","s672_F_VTA_03_ASEReadCounter.table","NW_015090842.1:10175400",31,54,23
"SPIRE2","s672_F_VTA_03_ASEReadCounter.table","NW_015090842.1:10175418",36,60,24
"SPIRE2","s672_F_VTA_03_ASEReadCounter.table","NW_015090842.1:10175704",46,75,29
"SPIRE2","s672_F_VTA_03_ASEReadCounter.table","NW_015090842.1:10176115",51,97,46
"SPIRE2","s672_F_VTA_03_ASEReadCounter.table","NW_015090842.1:10176561",56,111,55
"SPIRE2","s672_F_VTA_03_ASEReadCounter.table","NW_015090842.1:10176817",49,105,56
"SPIRE2","s672_F_VTA_03_ASEReadCounter.table","NW_015090842.1:10177084",33,75,42
"SPIRE2","s672_F_VTA_03_ASEReadCounter.table","NW_015090842.1:10177110",35,74,39
"SPIRE2","s672_F_VTA_03_ASEReadCounter.table","NW_015090842.1:10177838",58,145,87
"SPIRE2","s672_F_VTA_03_ASEReadCounter.table","NW_015090842.1:10178000",57,139,82
"SPIRE2","s672_F_VTA_03_ASEReadCounter.table","NW_015090842.1:10178164",88,163,75
"SPIRE2","s672_F_VTA_03_ASEReadCounter.table","NW_015090842.1:10178216",92,182,90
"SPIRE2","s672_F_VTA_03_ASEReadCounter.table","NW_015090842.1:10178403",73,144,71
"SPIRE2","s672_F_VTA_03_ASEReadCounter.table","NW_015090842.1:10178409",69,140,71
"SPIRE2","s672_F_VTA_03_ASEReadCounter.table","NW_015090842.1:10178524",73,143,70
"SPIRE2","s672_F_VTA_03_ASEReadCounter.table","NW_015090842.1:10178526",73,145,72
"SPIRE2","s672_F_VTA_03_ASEReadCounter.table","NW_015090842.1:10178531",68,136,68
"SPIRE2","s672_F_VTA_03_ASEReadCounter.table","NW_015090842.1:10178565",76,141,65
"SPIRE2","s672_F_VTA_03_ASEReadCounter.table","NW_015090842.1:10178587",67,123,56
"SPIRE2","s672_F_VTA_03_ASEReadCounter.table","NW_015090842.1:10178640",56,106,50
"SPIRE2","s672_F_VTA_03_ASEReadCounter.table","NW_015090842.1:10178651",62,121,59
"SPIRE2","s672_F_VTA_03_ASEReadCounter.table","NW_015090842.1:10178682",67,113,46
"TCF25","s672_F_VTA_03_ASEReadCounter.table","NW_015090842.1:10180912",37,61,24
"TCF25","s672_F_VTA_03_ASEReadCounter.table","NW_015090842.1:10180924",41,65,24
"TCF25","s672_F_VTA_03_ASEReadCounter.table","NW_015090842.1:10180931",43,67,24
"TCF25","s672_F_VTA_03_ASEReadCounter.table","NW_015090842.1:10185332",96,166,70
"TCF25","s672_F_VTA_03_ASEReadCounter.table","NW_015090842.1:10188816",64,102,38
"MC1R","s672_F_VTA_03_ASEReadCounter.table","NW_015090842.1:10202160",1,1,0
"MC1R","s672_F_VTA_03_ASEReadCounter.table","NW_015090842.1:10202460",2,2,0
"MC1R","s672_F_VTA_03_ASEReadCounter.table","NW_015090842.1:10202465",1,1,0
"DBNDD1","s672_F_VTA_03_ASEReadCounter.table","NW_015090842.1:10223105",77,168,91
"GAS8","s672_F_VTA_03_ASEReadCounter.table","NW_015090842.1:10228982",7,19,12
"GAS8","s672_F_VTA_03_ASEReadCounter.table","NW_015090842.1:10229832",6,9,3
"GAS8","s672_F_VTA_03_ASEReadCounter.table","NW_015090842.1:10232375",31,52,21
"GAS8","s672_F_VTA_03_ASEReadCounter.table","NW_015090842.1:10232901",22,52,30
"GAS8","s672_F_VTA_03_ASEReadCounter.table","NW_015090842.1:10232928",33,67,34
"GAS8","s672_F_VTA_03_ASEReadCounter.table","NW_015090842.1:10232967",34,63,29
"GAS8","s672_F_VTA_03_ASEReadCounter.table","NW_015090842.1:10233032",24,52,28
"GAS8","s672_F_VTA_03_ASEReadCounter.table","NW_015090842.1:10233057",16,36,20
"GAS8","s672_F_VTA_03_ASEReadCounter.table","NW_015090842.1:10233058",16,35,19
"GAS8","s672_F_VTA_03_ASEReadCounter.table","NW_015090842.1:10233176",15,34,19
"GAS8","s672_F_VTA_03_ASEReadCounter.table","NW_015090842.1:10233196",14,34,20
"GAS8","s672_F_VTA_03_ASEReadCounter.table","NW_015090842.1:10233252",7,16,9
"GAS8","s672_F_VTA_03_ASEReadCounter.table","NW_015090842.1:10233303",3,9,6
"LOC106888094","s672_F_VTA_03_ASEReadCounter.table","NW_015090842.1:10233334",5,16,11
"LOC106888094","s672_F_VTA_03_ASEReadCounter.table","NW_015090842.1:10233362",12,33,21
"LOC106888094","s672_F_VTA_03_ASEReadCounter.table","NW_015090842.1:10233373",13,34,21
"LOC106888094","s672_F_VTA_03_ASEReadCounter.table","NW_015090842.1:10233388",18,42,24
"LOC106888094","s672_F_VTA_03_ASEReadCounter.table","NW_015090842.1:10233402",18,41,23
"LOC106888094","s672_F_VTA_03_ASEReadCounter.table","NW_015090842.1:10233465",17,46,29
"LOC106888094","s672_F_VTA_03_ASEReadCounter.table","NW_015090842.1:10233803",32,69,37
"LOC106888094","s672_F_VTA_03_ASEReadCounter.table","NW_015090842.1:10233815",28,60,32
"LOC106888094","s672_F_VTA_03_ASEReadCounter.table","NW_015090842.1:10235484",2,2,0
"LOC106888094","s672_F_VTA_03_ASEReadCounter.table","NW_015090842.1:10235611",3,5,2
"LOC106888094","s672_F_VTA_03_ASEReadCounter.table","NW_015090842.1:10236098",1,1,0
"LOC106888094","s672_F_VTA_03_ASEReadCounter.table","NW_015090842.1:10236161",0,1,1
"LOC106888094","s672_F_VTA_03_ASEReadCounter.table","NW_015090842.1:10236380",1,4,3
"LOC106888094","s672_F_VTA_03_ASEReadCounter.table","NW_015090842.1:10236388",2,5,3
"LOC106888094","s672_F_VTA_03_ASEReadCounter.table","NW_015090842.1:10236425",2,4,2
"LOC106888094","s672_F_VTA_03_ASEReadCounter.table","NW_015090842.1:10236426",2,4,2
"LOC106888094","s672_F_VTA_03_ASEReadCounter.table","NW_015090842.1:10236603",3,4,1
"LOC106888173","s672_F_VTA_03_ASEReadCounter.table","NW_015090842.1:10239596",1,19,18
"LOC106888173","s672_F_VTA_03_ASEReadCounter.table","NW_015090842.1:10240036",7,52,45
"LOC106888173","s672_F_VTA_03_ASEReadCounter.table","NW_015090842.1:10240095",10,60,50
"LOC106888173","s672_F_VTA_03_ASEReadCounter.table","NW_015090842.1:10240280",13,68,55
"LOC106888173","s672_F_VTA_03_ASEReadCounter.table","NW_015090842.1:10240557",13,65,52
"LOC106888173","s672_F_VTA_03_ASEReadCounter.table","NW_015090842.1:10240603",17,74,57
"LOC106888173","s672_F_VTA_03_ASEReadCounter.table","NW_015090842.1:10240609",16,75,59
"LOC106888173","s672_F_VTA_03_ASEReadCounter.table","NW_015090842.1:10240690",18,70,52
"LOC106888173","s672_F_VTA_03_ASEReadCounter.table","NW_015090842.1:10240924",14,73,59
"LOC106888173","s672_F_VTA_03_ASEReadCounter.table","NW_015090842.1:10241037",9,78,69
"LOC106888173","s672_F_VTA_03_ASEReadCounter.table","NW_015090842.1:10241046",11,78,67
"LOC106888173","s672_F_VTA_03_ASEReadCounter.table","NW_015090842.1:10241058",13,79,66
"LOC106888173","s672_F_VTA_03_ASEReadCounter.table","NW_015090842.1:10241064",14,83,69
"LOC106888173","s672_F_VTA_03_ASEReadCounter.table","NW_015090842.1:10241103",100,100,0
"LOC106888173","s672_F_VTA_03_ASEReadCounter.table","NW_015090842.1:10241163",19,94,75
"LOC106888173","s672_F_VTA_03_ASEReadCounter.table","NW_015090842.1:10241803",17,98,81
"LOC106888173","s672_F_VTA_03_ASEReadCounter.table","NW_015090842.1:10241827",20,103,83
"LOC106888173","s672_F_VTA_03_ASEReadCounter.table","NW_015090842.1:10241869",25,91,66
"LOC106888173","s672_F_VTA_03_ASEReadCounter.table","NW_015090842.1:10242079",22,81,59
"LOC106888173","s672_F_VTA_03_ASEReadCounter.table","NW_015090842.1:10242103",19,81,62
"LOC106888173","s672_F_VTA_03_ASEReadCounter.table","NW_015090842.1:10242157",21,96,75
"LOC106888173","s672_F_VTA_03_ASEReadCounter.table","NW_015090842.1:10242455",23,93,70
"LOC106888173","s672_F_VTA_03_ASEReadCounter.table","NW_015090842.1:10242481",20,100,80
"LOC106888173","s672_F_VTA_03_ASEReadCounter.table","NW_015090842.1:10242590",19,106,87
"LOC106888173","s672_F_VTA_03_ASEReadCounter.table","NW_015090842.1:10242794",15,91,76
"LOC106888173","s672_F_VTA_03_ASEReadCounter.table","NW_015090842.1:10242909",13,96,83
"LOC106888173","s672_F_VTA_03_ASEReadCounter.table","NW_015090842.1:10243094",22,99,77
"LOC106888173","s672_F_VTA_03_ASEReadCounter.table","NW_015090842.1:10243133",13,82,69
"LOC106888173","s672_F_VTA_03_ASEReadCounter.table","NW_015090842.1:10243273",33,151,118
"LOC106888173","s672_F_VTA_03_ASEReadCounter.table","NW_015090842.1:10243278",34,151,117
"LOC106888173","s672_F_VTA_03_ASEReadCounter.table","NW_015090842.1:10243281",37,155,118
"LOC106888173","s672_F_VTA_03_ASEReadCounter.table","NW_015090842.1:10243347",61,61,0
"LOC106888173","s672_F_VTA_03_ASEReadCounter.table","NW_015090842.1:10243353",22,59,37
"LOC106888173","s672_F_VTA_03_ASEReadCounter.table","NW_015090842.1:10243363",19,47,28
"LOC106888173","s672_F_VTA_03_ASEReadCounter.table","NW_015090842.1:10243365",19,52,33
"LOC106888173","s672_F_VTA_03_ASEReadCounter.table","NW_015090842.1:10243566",38,154,116
"LOC106888173","s672_F_VTA_03_ASEReadCounter.table","NW_015090842.1:10243605",35,153,118
"LOC106888173","s672_F_VTA_03_ASEReadCounter.table","NW_015090842.1:10243614",29,145,116
"LOC106888173","s672_F_VTA_03_ASEReadCounter.table","NW_015090842.1:10243615",29,147,118
"LOC106888173","s672_F_VTA_03_ASEReadCounter.table","NW_015090842.1:10243640",25,123,98
"LOC106888173","s672_F_VTA_03_ASEReadCounter.table","NW_015090842.1:10243680",31,105,74
"LOC106888173","s672_F_VTA_03_ASEReadCounter.table","NW_015090842.1:10243742",40,130,90
"LOC106888173","s672_F_VTA_03_ASEReadCounter.table","NW_015090842.1:10243804",25,88,63
"LOC106888173","s672_F_VTA_03_ASEReadCounter.table","NW_015090842.1:10243913",10,41,31
"LOC106888173","s672_F_VTA_03_ASEReadCounter.table","NW_015090842.1:10243921",9,36,27
"LOC106888384","s672_F_VTA_03_ASEReadCounter.table","NW_015090842.1:10251339",1,1,0
"LOC106888384","s672_F_VTA_03_ASEReadCounter.table","NW_015090842.1:10251343",1,1,0
"LOC106888384","s672_F_VTA_03_ASEReadCounter.table","NW_015090842.1:10251344",1,1,0
"LOC106888384","s672_F_VTA_03_ASEReadCounter.table","NW_015090842.1:10251354",0,8,8
"LOC106888384","s672_F_VTA_03_ASEReadCounter.table","NW_015090842.1:10251358",0,8,8
"LOC106888384","s672_F_VTA_03_ASEReadCounter.table","NW_015090842.1:10251369",0,8,8
"LOC106888384","s672_F_VTA_03_ASEReadCounter.table","NW_015090842.1:10251370",0,8,8
"LOC106888384","s672_F_VTA_03_ASEReadCounter.table","NW_015090842.1:10251375",0,8,8
"LOC106888384","s672_F_VTA_03_ASEReadCounter.table","NW_015090842.1:10251388",0,7,7
"LOC106888384","s672_F_VTA_03_ASEReadCounter.table","NW_015090842.1:10251390",0,7,7
"LOC106888384","s672_F_VTA_03_ASEReadCounter.table","NW_015090842.1:10251393",0,7,7
"LOC106888384","s672_F_VTA_03_ASEReadCounter.table","NW_015090842.1:10251399",0,6,6
"LOC106888384","s672_F_VTA_03_ASEReadCounter.table","NW_015090842.1:10251492",1,1,0
"LOC106888384","s672_F_VTA_03_ASEReadCounter.table","NW_015090842.1:10253165",1,2,1
"LOC106888384","s672_F_VTA_03_ASEReadCounter.table","NW_015090842.1:10253284",1,2,1
"LOC106888384","s672_F_VTA_03_ASEReadCounter.table","NW_015090842.1:10254028",1,2,1
"LOC106888384","s672_F_VTA_03_ASEReadCounter.table","NW_015090842.1:10254227",1,2,1
"LOC106888384","s672_F_VTA_03_ASEReadCounter.table","NW_015090842.1:10254233",1,2,1
"LOC106888384","s672_F_VTA_03_ASEReadCounter.table","NW_015090842.1:10254263",1,2,1
"LOC106888384","s672_F_VTA_03_ASEReadCounter.table","NW_015090842.1:10254293",0,1,1
"LOC106888384","s672_F_VTA_03_ASEReadCounter.table","NW_015090842.1:10254570",0,1,1
"LOC106888384","s672_F_VTA_03_ASEReadCounter.table","NW_015090842.1:10254605",1,1,0
"LOC106888384","s672_F_VTA_03_ASEReadCounter.table","NW_015090842.1:10254608",1,1,0
"LOC106888384","s672_F_VTA_03_ASEReadCounter.table","NW_015090842.1:10254618",1,1,0
"LOC106888384","s672_F_VTA_03_ASEReadCounter.table","NW_015090842.1:10254620",1,1,0
"LOC106888384","s672_F_VTA_03_ASEReadCounter.table","NW_015090842.1:10254840",0,1,1
"LOC106888384","s672_F_VTA_03_ASEReadCounter.table","NW_015090842.1:10254891",2,2,0
"LOC106888384","s672_F_VTA_03_ASEReadCounter.table","NW_015090842.1:10254900",0,2,2
"LOC106888384","s672_F_VTA_03_ASEReadCounter.table","NW_015090842.1:10254915",0,2,2
"LOC106888384","s672_F_VTA_03_ASEReadCounter.table","NW_015090842.1:10254965",3,3,0
"LOC106888384","s672_F_VTA_03_ASEReadCounter.table","NW_015090842.1:10254975",2,2,0
"LOC106888384","s672_F_VTA_03_ASEReadCounter.table","NW_015090842.1:10255077",3,4,1
"LOC106888384","s672_F_VTA_03_ASEReadCounter.table","NW_015090842.1:10255117",3,4,1
"LOC106888384","s672_F_VTA_03_ASEReadCounter.table","NW_015090842.1:10255138",2,3,1
"LOC106888384","s672_F_VTA_03_ASEReadCounter.table","NW_015090842.1:10255139",2,4,2
"LOC106888384","s672_F_VTA_03_ASEReadCounter.table","NW_015090842.1:10255209",2,3,1
"LOC106888384","s672_F_VTA_03_ASEReadCounter.table","NW_015090842.1:10255211",2,3,1
"LOC106888384","s672_F_VTA_03_ASEReadCounter.table","NW_015090842.1:10255236",2,3,1
"LOC106888384","s672_F_VTA_03_ASEReadCounter.table","NW_015090842.1:10255262",2,2,0
"LOC106888384","s672_F_VTA_03_ASEReadCounter.table","NW_015090842.1:10255264",2,2,0
"LOC106888384","s672_F_VTA_03_ASEReadCounter.table","NW_015090842.1:10255306",3,3,0
"LOC106888384","s672_F_VTA_03_ASEReadCounter.table","NW_015090842.1:10255340",2,2,0
"LOC106888384","s672_F_VTA_03_ASEReadCounter.table","NW_015090842.1:10255410",4,4,0
"LOC106888384","s672_F_VTA_03_ASEReadCounter.table","NW_015090842.1:10255449",6,6,0
"LOC106888384","s672_F_VTA_03_ASEReadCounter.table","NW_015090842.1:10255496",5,6,1
"LOC106888384","s672_F_VTA_03_ASEReadCounter.table","NW_015090842.1:10255505",4,5,1
"LOC106888384","s672_F_VTA_03_ASEReadCounter.table","NW_015090842.1:10255531",4,5,1
"LOC106888384","s672_F_VTA_03_ASEReadCounter.table","NW_015090842.1:10255704",1,2,1
"LOC106888384","s672_F_VTA_03_ASEReadCounter.table","NW_015090842.1:10255731",1,1,0
"LOC106888384","s672_F_VTA_03_ASEReadCounter.table","NW_015090842.1:10255771",0,2,2
"TANGO6","s672_F_VTA_03_ASEReadCounter.table","NW_015090842.1:10257782",9,16,7
"TANGO6","s672_F_VTA_03_ASEReadCounter.table","NW_015090842.1:10258162",9,14,5
"TANGO6","s672_F_VTA_03_ASEReadCounter.table","NW_015090842.1:10258185",9,16,7
"TANGO6","s672_F_VTA_03_ASEReadCounter.table","NW_015090842.1:10259267",7,13,6
"TANGO6","s672_F_VTA_03_ASEReadCounter.table","NW_015090842.1:10260250",17,44,27
"TANGO6","s672_F_VTA_03_ASEReadCounter.table","NW_015090842.1:10260289",12,28,16
"TANGO6","s672_F_VTA_03_ASEReadCounter.table","NW_015090842.1:10260309",8,22,14
"TANGO6","s672_F_VTA_03_ASEReadCounter.table","NW_015090842.1:10260979",11,19,8
"TANGO6","s672_F_VTA_03_ASEReadCounter.table","NW_015090842.1:10261599",9,26,17
"TANGO6","s672_F_VTA_03_ASEReadCounter.table","NW_015090842.1:10268425",26,45,19
"TANGO6","s672_F_VTA_03_ASEReadCounter.table","NW_015090842.1:10269831",25,47,22
"TANGO6","s672_F_VTA_03_ASEReadCounter.table","NW_015090842.1:10270813",25,47,22
"TANGO6","s672_F_VTA_03_ASEReadCounter.table","NW_015090842.1:10274018",24,39,15
"TANGO6","s672_F_VTA_03_ASEReadCounter.table","NW_015090842.1:10275974",23,43,20
"TANGO6","s672_F_VTA_03_ASEReadCounter.table","NW_015090842.1:10275976",24,44,20
"TANGO6","s672_F_VTA_03_ASEReadCounter.table","NW_015090842.1:10276123",32,48,16
"TANGO6","s672_F_VTA_03_ASEReadCounter.table","NW_015090842.1:10276271",22,45,23
"TANGO6","s672_F_VTA_03_ASEReadCounter.table","NW_015090842.1:10276272",17,41,24
"TANGO6","s672_F_VTA_03_ASEReadCounter.table","NW_015090842.1:10276275",20,45,25
"TANGO6","s672_F_VTA_03_ASEReadCounter.table","NW_015090842.1:10276278",22,47,25
"TANGO6","s672_F_VTA_03_ASEReadCounter.table","NW_015090842.1:10276368",18,29,11
"TANGO6","s672_F_VTA_03_ASEReadCounter.table","NW_015090842.1:10276373",18,30,12
"TANGO6","s672_F_VTA_03_ASEReadCounter.table","NW_015090842.1:10276630",20,41,21
"TANGO6","s672_F_VTA_03_ASEReadCounter.table","NW_015090842.1:10281498",24,51,27
"TANGO6","s672_F_VTA_03_ASEReadCounter.table","NW_015090842.1:10281516",29,62,33
"TANGO6","s672_F_VTA_03_ASEReadCounter.table","NW_015090842.1:10282842",34,67,33
"TANGO6","s672_F_VTA_03_ASEReadCounter.table","NW_015090842.1:10282863",27,48,21
"TANGO6","s672_F_VTA_03_ASEReadCounter.table","NW_015090842.1:10282869",29,49,20
"TANGO6","s672_F_VTA_03_ASEReadCounter.table","NW_015090842.1:10282903",29,59,30
"TANGO6","s672_F_VTA_03_ASEReadCounter.table","NW_015090842.1:10283757",32,67,35
"TANGO6","s672_F_VTA_03_ASEReadCounter.table","NW_015090842.1:10283785",32,66,34
"HAS3","s672_F_VTA_03_ASEReadCounter.table","NW_015090842.1:10288093",1,2,1
"HAS3","s672_F_VTA_03_ASEReadCounter.table","NW_015090842.1:10288266",1,1,0
"HAS3","s672_F_VTA_03_ASEReadCounter.table","NW_015090842.1:10288274",1,1,0
"HAS3","s672_F_VTA_03_ASEReadCounter.table","NW_015090842.1:10288364",0,1,1
"HAS3","s672_F_VTA_03_ASEReadCounter.table","NW_015090842.1:10289269",2,3,1
"HAS3","s672_F_VTA_03_ASEReadCounter.table","NW_015090842.1:10289272",2,3,1
"HAS3","s672_F_VTA_03_ASEReadCounter.table","NW_015090842.1:10289469",1,1,0
"HAS3","s672_F_VTA_03_ASEReadCounter.table","NW_015090842.1:10290375",0,2,2
"HAS3","s672_F_VTA_03_ASEReadCounter.table","NW_015090842.1:10290395",0,1,1
"HAS3","s672_F_VTA_03_ASEReadCounter.table","NW_015090842.1:10290439",3,3,0
"HAS3","s672_F_VTA_03_ASEReadCounter.table","NW_015090842.1:10290561",3,3,0
"HAS3","s672_F_VTA_03_ASEReadCounter.table","NW_015090842.1:10290609",2,3,1
"HAS3","s672_F_VTA_03_ASEReadCounter.table","NW_015090842.1:10290666",2,2,0
"HAS3","s672_F_VTA_03_ASEReadCounter.table","NW_015090842.1:10290723",2,3,1
"HAS3","s672_F_VTA_03_ASEReadCounter.table","NW_015090842.1:10290927",2,2,0
"HAS3","s672_F_VTA_03_ASEReadCounter.table","NW_015090842.1:10291004",0,1,1
"CHTF8","s672_F_VTA_03_ASEReadCounter.table","NW_015090842.1:10291319",3,6,3
"CHTF8","s672_F_VTA_03_ASEReadCounter.table","NW_015090842.1:10291491",4,8,4
"CHTF8","s672_F_VTA_03_ASEReadCounter.table","NW_015090842.1:10291520",6,10,4
"CHTF8","s672_F_VTA_03_ASEReadCounter.table","NW_015090842.1:10291593",7,14,7
"CHTF8","s672_F_VTA_03_ASEReadCounter.table","NW_015090842.1:10291600",5,11,6
"CHTF8","s672_F_VTA_03_ASEReadCounter.table","NW_015090842.1:10291609",6,12,6
"CHTF8","s672_F_VTA_03_ASEReadCounter.table","NW_015090842.1:10291639",6,13,7
"CHTF8","s672_F_VTA_03_ASEReadCounter.table","NW_015090842.1:10291641",6,13,7
"CHTF8","s672_F_VTA_03_ASEReadCounter.table","NW_015090842.1:10291648",8,15,7
"CHTF8","s672_F_VTA_03_ASEReadCounter.table","NW_015090842.1:10291656",9,15,6
"CHTF8","s672_F_VTA_03_ASEReadCounter.table","NW_015090842.1:10291675",8,14,6
"CHTF8","s672_F_VTA_03_ASEReadCounter.table","NW_015090842.1:10291696",6,12,6
"CHTF8","s672_F_VTA_03_ASEReadCounter.table","NW_015090842.1:10291714",5,10,5
"CHTF8","s672_F_VTA_03_ASEReadCounter.table","NW_015090842.1:10291732",7,12,5
"CHTF8","s672_F_VTA_03_ASEReadCounter.table","NW_015090842.1:10291755",5,11,6
"CHTF8","s672_F_VTA_03_ASEReadCounter.table","NW_015090842.1:10291756",5,11,6
"CHTF8","s672_F_VTA_03_ASEReadCounter.table","NW_015090842.1:10291758",5,11,6
"CHTF8","s672_F_VTA_03_ASEReadCounter.table","NW_015090842.1:10291792",5,10,5
"CHTF8","s672_F_VTA_03_ASEReadCounter.table","NW_015090842.1:10291895",7,11,4
"CHTF8","s672_F_VTA_03_ASEReadCounter.table","NW_015090842.1:10292132",6,12,6
"CHTF8","s672_F_VTA_03_ASEReadCounter.table","NW_015090842.1:10292314",5,8,3
"CHTF8","s672_F_VTA_03_ASEReadCounter.table","NW_015090842.1:10292317",5,8,3
"UTP4","s672_F_VTA_03_ASEReadCounter.table","NW_015090842.1:10293146",3,13,10
"UTP4","s672_F_VTA_03_ASEReadCounter.table","NW_015090842.1:10293151",3,12,9
"UTP4","s672_F_VTA_03_ASEReadCounter.table","NW_015090842.1:10293191",1,8,7
"UTP4","s672_F_VTA_03_ASEReadCounter.table","NW_015090842.1:10293362",3,9,6
"UTP4","s672_F_VTA_03_ASEReadCounter.table","NW_015090842.1:10293430",4,14,10
"UTP4","s672_F_VTA_03_ASEReadCounter.table","NW_015090842.1:10293625",3,10,7
"UTP4","s672_F_VTA_03_ASEReadCounter.table","NW_015090842.1:10293684",5,8,3
"UTP4","s672_F_VTA_03_ASEReadCounter.table","NW_015090842.1:10294093",5,12,7
"UTP4","s672_F_VTA_03_ASEReadCounter.table","NW_015090842.1:10294622",8,18,10
"UTP4","s672_F_VTA_03_ASEReadCounter.table","NW_015090842.1:10294632",7,18,11
"UTP4","s672_F_VTA_03_ASEReadCounter.table","NW_015090842.1:10295238",6,10,4
"UTP4","s672_F_VTA_03_ASEReadCounter.table","NW_015090842.1:10295880",7,18,11
"UTP4","s672_F_VTA_03_ASEReadCounter.table","NW_015090842.1:10295884",7,18,11
"UTP4","s672_F_VTA_03_ASEReadCounter.table","NW_015090842.1:10295903",9,16,7
"UTP4","s672_F_VTA_03_ASEReadCounter.table","NW_015090842.1:10295906",8,15,7
"UTP4","s672_F_VTA_03_ASEReadCounter.table","NW_015090842.1:10295915",10,18,8
"UTP4","s672_F_VTA_03_ASEReadCounter.table","NW_015090842.1:10295938",8,18,10
"UTP4","s672_F_VTA_03_ASEReadCounter.table","NW_015090842.1:10296175",8,22,14
"UTP4","s672_F_VTA_03_ASEReadCounter.table","NW_015090842.1:10296660",10,18,8
"UTP4","s672_F_VTA_03_ASEReadCounter.table","NW_015090842.1:10296679",9,19,10
"UTP4","s672_F_VTA_03_ASEReadCounter.table","NW_015090842.1:10297193",22,41,19
"UTP4","s672_F_VTA_03_ASEReadCounter.table","NW_015090842.1:10297220",21,44,23
"UTP4","s672_F_VTA_03_ASEReadCounter.table","NW_015090842.1:10297307",26,47,21
"UTP4","s672_F_VTA_03_ASEReadCounter.table","NW_015090842.1:10297558",24,51,27
"UTP4","s672_F_VTA_03_ASEReadCounter.table","NW_015090842.1:10297943",23,43,20
"UTP4","s672_F_VTA_03_ASEReadCounter.table","NW_015090842.1:10297979",16,33,17
"UTP4","s672_F_VTA_03_ASEReadCounter.table","NW_015090842.1:10298022",13,23,10
"UTP4","s672_F_VTA_03_ASEReadCounter.table","NW_015090842.1:10298079",4,7,3
"UTP4","s672_F_VTA_03_ASEReadCounter.table","NW_015090842.1:10298081",4,7,3
"UTP4","s672_F_VTA_03_ASEReadCounter.table","NW_015090842.1:10298082",3,6,3
"SNTB2","s672_F_VTA_03_ASEReadCounter.table","NW_015090842.1:10298928",1,1,0
"SNTB2","s672_F_VTA_03_ASEReadCounter.table","NW_015090842.1:10303506",3,4,1
"SNTB2","s672_F_VTA_03_ASEReadCounter.table","NW_015090842.1:10303524",3,4,1
"SNTB2","s672_F_VTA_03_ASEReadCounter.table","NW_015090842.1:10304059",0,1,1
"SNTB2","s672_F_VTA_03_ASEReadCounter.table","NW_015090842.1:10304089",0,2,2
"SNTB2","s672_F_VTA_03_ASEReadCounter.table","NW_015090842.1:10304167",1,4,3
"SNTB2","s672_F_VTA_03_ASEReadCounter.table","NW_015090842.1:10304176",2,5,3
"SNTB2","s672_F_VTA_03_ASEReadCounter.table","NW_015090842.1:10305069",1,4,3
"SNTB2","s672_F_VTA_03_ASEReadCounter.table","NW_015090842.1:10305099",2,4,2
"SNTB2","s672_F_VTA_03_ASEReadCounter.table","NW_015090842.1:10305171",3,3,0
"SNTB2","s672_F_VTA_03_ASEReadCounter.table","NW_015090842.1:10305177",3,3,0
"SNTB2","s672_F_VTA_03_ASEReadCounter.table","NW_015090842.1:10305451",2,3,1
"SNTB2","s672_F_VTA_03_ASEReadCounter.table","NW_015090842.1:10305547",2,3,1
"SNTB2","s672_F_VTA_03_ASEReadCounter.table","NW_015090842.1:10305847",0,2,2
"SNTB2","s672_F_VTA_03_ASEReadCounter.table","NW_015090842.1:10306173",1,1,0
"SNTB2","s672_F_VTA_03_ASEReadCounter.table","NW_015090842.1:10306275",0,2,2
"SNTB2","s672_F_VTA_03_ASEReadCounter.table","NW_015090842.1:10306457",2,5,3
"SNTB2","s672_F_VTA_03_ASEReadCounter.table","NW_015090842.1:10306496",2,4,2
"SNTB2","s672_F_VTA_03_ASEReadCounter.table","NW_015090842.1:10306499",2,4,2
"VPS4A","s672_F_VTA_03_ASEReadCounter.table","NW_015090842.1:10308566",48,105,57
"VPS4A","s672_F_VTA_03_ASEReadCounter.table","NW_015090842.1:10308573",50,109,59
"VPS4A","s672_F_VTA_03_ASEReadCounter.table","NW_015090842.1:10308856",71,185,114
"VPS4A","s672_F_VTA_03_ASEReadCounter.table","NW_015090842.1:10309056",92,205,113
"VPS4A","s672_F_VTA_03_ASEReadCounter.table","NW_015090842.1:10309089",118,231,113
"VPS4A","s672_F_VTA_03_ASEReadCounter.table","NW_015090842.1:10309392",117,223,106
"VPS4A","s672_F_VTA_03_ASEReadCounter.table","NW_015090842.1:10309413",126,258,132
"VPS4A","s672_F_VTA_03_ASEReadCounter.table","NW_015090842.1:10309467",164,301,137
"VPS4A","s672_F_VTA_03_ASEReadCounter.table","NW_015090842.1:10310230",115,290,175
"VPS4A","s672_F_VTA_03_ASEReadCounter.table","NW_015090842.1:10310425",108,269,161
"VPS4A","s672_F_VTA_03_ASEReadCounter.table","NW_015090842.1:10310639",147,296,149
"VPS4A","s672_F_VTA_03_ASEReadCounter.table","NW_015090842.1:10310734",147,270,123
"VPS4A","s672_F_VTA_03_ASEReadCounter.table","NW_015090842.1:10310737",149,271,122
"VPS4A","s672_F_VTA_03_ASEReadCounter.table","NW_015090842.1:10310746",151,275,124
"VPS4A","s672_F_VTA_03_ASEReadCounter.table","NW_015090842.1:10310767",149,280,131
"VPS4A","s672_F_VTA_03_ASEReadCounter.table","NW_015090842.1:10310995",167,324,157
"VPS4A","s672_F_VTA_03_ASEReadCounter.table","NW_015090842.1:10311004",162,314,152
"VPS4A","s672_F_VTA_03_ASEReadCounter.table","NW_015090842.1:10311007",156,315,159
"VPS4A","s672_F_VTA_03_ASEReadCounter.table","NW_015090842.1:10311013",165,314,149
"VPS4A","s672_F_VTA_03_ASEReadCounter.table","NW_015090842.1:10311022",148,303,155
"VPS4A","s672_F_VTA_03_ASEReadCounter.table","NW_015090842.1:10311023",148,301,153
"VPS4A","s672_F_VTA_03_ASEReadCounter.table","NW_015090842.1:10311426",158,342,184
"VPS4A","s672_F_VTA_03_ASEReadCounter.table","NW_015090842.1:10311489",1,9,8
"VPS4A","s672_F_VTA_03_ASEReadCounter.table","NW_015090842.1:10311490",2,7,5
"VPS4A","s672_F_VTA_03_ASEReadCounter.table","NW_015090842.1:10311525",4,12,8
"VPS4A","s672_F_VTA_03_ASEReadCounter.table","NW_015090842.1:10311529",5,22,17
"VPS4A","s672_F_VTA_03_ASEReadCounter.table","NW_015090842.1:10311530",5,22,17
"VPS4A","s672_F_VTA_03_ASEReadCounter.table","NW_015090842.1:10311552",21,49,28
"VPS4A","s672_F_VTA_03_ASEReadCounter.table","NW_015090842.1:10311689",25,70,45
"VPS4A","s672_F_VTA_03_ASEReadCounter.table","NW_015090842.1:10311700",30,75,45
"VPS4A","s672_F_VTA_03_ASEReadCounter.table","NW_015090842.1:10311701",29,76,47
"VPS4A","s672_F_VTA_03_ASEReadCounter.table","NW_015090842.1:10311703",30,75,45
"COG8","s672_F_VTA_03_ASEReadCounter.table","NW_015090842.1:10313487",15,31,16
"COG8","s672_F_VTA_03_ASEReadCounter.table","NW_015090842.1:10313559",23,43,20
"COG8","s672_F_VTA_03_ASEReadCounter.table","NW_015090842.1:10313579",23,45,22
"COG8","s672_F_VTA_03_ASEReadCounter.table","NW_015090842.1:10313665",15,42,27
"COG8","s672_F_VTA_03_ASEReadCounter.table","NW_015090842.1:10313681",16,45,29
"COG8","s672_F_VTA_03_ASEReadCounter.table","NW_015090842.1:10313768",19,39,20
"COG8","s672_F_VTA_03_ASEReadCounter.table","NW_015090842.1:10313775",17,37,20
"COG8","s672_F_VTA_03_ASEReadCounter.table","NW_015090842.1:10313811",16,32,16
"COG8","s672_F_VTA_03_ASEReadCounter.table","NW_015090842.1:10313858",17,30,13
"COG8","s672_F_VTA_03_ASEReadCounter.table","NW_015090842.1:10314100",20,42,22
"COG8","s672_F_VTA_03_ASEReadCounter.table","NW_015090842.1:10314213",23,38,15
"COG8","s672_F_VTA_03_ASEReadCounter.table","NW_015090842.1:10315093",20,34,14
"COG8","s672_F_VTA_03_ASEReadCounter.table","NW_015090842.1:10315162",13,25,12
"COG8","s672_F_VTA_03_ASEReadCounter.table","NW_015090842.1:10315285",15,33,18
"COG8","s672_F_VTA_03_ASEReadCounter.table","NW_015090842.1:10315360",13,27,14
"COG8","s672_F_VTA_03_ASEReadCounter.table","NW_015090842.1:10315369",14,28,14
"COG8","s672_F_VTA_03_ASEReadCounter.table","NW_015090842.1:10315504",6,11,5
"COG8","s672_F_VTA_03_ASEReadCounter.table","NW_015090842.1:10315508",6,12,6
"COG8","s672_F_VTA_03_ASEReadCounter.table","NW_015090842.1:10315624",12,20,8
"COG8","s672_F_VTA_03_ASEReadCounter.table","NW_015090842.1:10315693",12,21,9
"COG8","s672_F_VTA_03_ASEReadCounter.table","NW_015090842.1:10315698",13,23,10
"COG8","s672_F_VTA_03_ASEReadCounter.table","NW_015090842.1:10315768",16,27,11
"COG8","s672_F_VTA_03_ASEReadCounter.table","NW_015090842.1:10315769",16,27,11
"COG8","s672_F_VTA_03_ASEReadCounter.table","NW_015090842.1:10315784",13,25,12
"COG8","s672_F_VTA_03_ASEReadCounter.table","NW_015090842.1:10316093",4,16,12
"COG8","s672_F_VTA_03_ASEReadCounter.table","NW_015090842.1:10316133",4,9,5
"NIP7","s672_F_VTA_03_ASEReadCounter.table","NW_015090842.1:10316759",14,24,10
"NIP7","s672_F_VTA_03_ASEReadCounter.table","NW_015090842.1:10316967",87,163,76
"NIP7","s672_F_VTA_03_ASEReadCounter.table","NW_015090842.1:10316995",96,185,89
"NIP7","s672_F_VTA_03_ASEReadCounter.table","NW_015090842.1:10317240",125,257,132
"NIP7","s672_F_VTA_03_ASEReadCounter.table","NW_015090842.1:10317247",118,244,126
"NIP7","s672_F_VTA_03_ASEReadCounter.table","NW_015090842.1:10317264",107,215,108
"NIP7","s672_F_VTA_03_ASEReadCounter.table","NW_015090842.1:10317433",136,287,151
"NIP7","s672_F_VTA_03_ASEReadCounter.table","NW_015090842.1:10317738",116,251,135
"NIP7","s672_F_VTA_03_ASEReadCounter.table","NW_015090842.1:10317769",120,251,131
"NIP7","s672_F_VTA_03_ASEReadCounter.table","NW_015090842.1:10317808",78,181,103
"NIP7","s672_F_VTA_03_ASEReadCounter.table","NW_015090842.1:10317870",47,130,83
"NIP7","s672_F_VTA_03_ASEReadCounter.table","NW_015090842.1:10317871",48,125,77
"NIP7","s672_F_VTA_03_ASEReadCounter.table","NW_015090842.1:10317898",39,91,52
"NIP7","s672_F_VTA_03_ASEReadCounter.table","NW_015090842.1:10317911",37,84,47
"TMED6","s672_F_VTA_03_ASEReadCounter.table","NW_015090842.1:10318731",1,2,1
"TERF2","s672_F_VTA_03_ASEReadCounter.table","NW_015090842.1:10321665",9,9,0
"TERF2","s672_F_VTA_03_ASEReadCounter.table","NW_015090842.1:10321768",13,33,20
"TERF2","s672_F_VTA_03_ASEReadCounter.table","NW_015090842.1:10321777",10,31,21
"TERF2","s672_F_VTA_03_ASEReadCounter.table","NW_015090842.1:10321805",13,39,26
"TERF2","s672_F_VTA_03_ASEReadCounter.table","NW_015090842.1:10321878",22,64,42
"TERF2","s672_F_VTA_03_ASEReadCounter.table","NW_015090842.1:10321893",2,56,54
"TERF2","s672_F_VTA_03_ASEReadCounter.table","NW_015090842.1:10321897",20,53,33
"TERF2","s672_F_VTA_03_ASEReadCounter.table","NW_015090842.1:10321908",19,53,34
"TERF2","s672_F_VTA_03_ASEReadCounter.table","NW_015090842.1:10322001",42,83,41
"TERF2","s672_F_VTA_03_ASEReadCounter.table","NW_015090842.1:10322035",34,76,42
"TERF2","s672_F_VTA_03_ASEReadCounter.table","NW_015090842.1:10322051",27,72,45
"TERF2","s672_F_VTA_03_ASEReadCounter.table","NW_015090842.1:10322137",25,59,34
"TERF2","s672_F_VTA_03_ASEReadCounter.table","NW_015090842.1:10322144",27,57,30
"TERF2","s672_F_VTA_03_ASEReadCounter.table","NW_015090842.1:10322388",21,60,39
"TERF2","s672_F_VTA_03_ASEReadCounter.table","NW_015090842.1:10322396",23,60,37
"TERF2","s672_F_VTA_03_ASEReadCounter.table","NW_015090842.1:10322502",35,76,41
"TERF2","s672_F_VTA_03_ASEReadCounter.table","NW_015090842.1:10322504",34,75,41
"TERF2","s672_F_VTA_03_ASEReadCounter.table","NW_015090842.1:10322510",35,73,38
"TERF2","s672_F_VTA_03_ASEReadCounter.table","NW_015090842.1:10323580",24,59,35
"TERF2","s672_F_VTA_03_ASEReadCounter.table","NW_015090842.1:10324314",22,57,35
"TERF2","s672_F_VTA_03_ASEReadCounter.table","NW_015090842.1:10326832",22,47,25
"TERF2","s672_F_VTA_03_ASEReadCounter.table","NW_015090842.1:10327787",14,26,12
"TERF2","s672_F_VTA_03_ASEReadCounter.table","NW_015090842.1:10328588",11,26,15
"TERF2","s672_F_VTA_03_ASEReadCounter.table","NW_015090842.1:10328644",11,20,9
"TERF2","s672_F_VTA_03_ASEReadCounter.table","NW_015090842.1:10329813",3,19,16
"TERF2","s672_F_VTA_03_ASEReadCounter.table","NW_015090842.1:10330749",3,16,13
"TERF2","s672_F_VTA_03_ASEReadCounter.table","NW_015090842.1:10330789",8,23,15
"CYB5B","s672_F_VTA_03_ASEReadCounter.table","NW_015090842.1:10336595",2,4,2
"CYB5B","s672_F_VTA_03_ASEReadCounter.table","NW_015090842.1:10336667",29,66,37
"CYB5B","s672_F_VTA_03_ASEReadCounter.table","NW_015090842.1:10336689",45,91,46
"CYB5B","s672_F_VTA_03_ASEReadCounter.table","NW_015090842.1:10336728",61,124,63
"CYB5B","s672_F_VTA_03_ASEReadCounter.table","NW_015090842.1:10345068",59,121,62
"CYB5B","s672_F_VTA_03_ASEReadCounter.table","NW_015090842.1:10348800",80,161,81
"CYB5B","s672_F_VTA_03_ASEReadCounter.table","NW_015090842.1:10348888",82,156,74
"CYB5B","s672_F_VTA_03_ASEReadCounter.table","NW_015090842.1:10349046",89,185,96
"CYB5B","s672_F_VTA_03_ASEReadCounter.table","NW_015090842.1:10349119",48,133,85
"CYB5B","s672_F_VTA_03_ASEReadCounter.table","NW_015090842.1:10349146",39,133,94
"CYB5B","s672_F_VTA_03_ASEReadCounter.table","NW_015090842.1:10349157",54,154,100
