"gene","id","snp","ref_count","total_count","alt_count"
"CENPN","s672_F_GON_01_ASEReadCounter.table","NW_015090842.1:5801612",26,364,338
"CENPN","s672_F_GON_01_ASEReadCounter.table","NW_015090842.1:5801618",32,387,355
"CENPN","s672_F_GON_01_ASEReadCounter.table","NW_015090842.1:5801623",48,406,358
"CENPN","s672_F_GON_01_ASEReadCounter.table","NW_015090842.1:5801631",68,434,366
"CENPN","s672_F_GON_01_ASEReadCounter.table","NW_015090842.1:5801632",68,429,361
"CENPN","s672_F_GON_01_ASEReadCounter.table","NW_015090842.1:5801655",83,377,294
"CENPN","s672_F_GON_01_ASEReadCounter.table","NW_015090842.1:5801662",88,415,327
"CENPN","s672_F_GON_01_ASEReadCounter.table","NW_015090842.1:5801670",91,438,347
"CENPN","s672_F_GON_01_ASEReadCounter.table","NW_015090842.1:5801674",90,438,348
"CENPN","s672_F_GON_01_ASEReadCounter.table","NW_015090842.1:5801692",99,473,374
"CENPN","s672_F_GON_01_ASEReadCounter.table","NW_015090842.1:5801697",93,469,376
"CENPN","s672_F_GON_01_ASEReadCounter.table","NW_015090842.1:5802008",121,730,609
"CENPN","s672_F_GON_01_ASEReadCounter.table","NW_015090842.1:5802012",126,732,606
"CENPN","s672_F_GON_01_ASEReadCounter.table","NW_015090842.1:5802087",189,974,785
"CENPN","s672_F_GON_01_ASEReadCounter.table","NW_015090842.1:5810113",22,32,10
"CENPN","s672_F_GON_01_ASEReadCounter.table","NW_015090842.1:5810147",36,45,9
"CENPN","s672_F_GON_01_ASEReadCounter.table","NW_015090842.1:5810148",36,44,8
"ATMIN","s672_F_GON_01_ASEReadCounter.table","NW_015090842.1:5818789",11,13,2
"ATMIN","s672_F_GON_01_ASEReadCounter.table","NW_015090842.1:5819958",16,20,4
"ATMIN","s672_F_GON_01_ASEReadCounter.table","NW_015090842.1:5820004",17,22,5
"ATMIN","s672_F_GON_01_ASEReadCounter.table","NW_015090842.1:5820217",11,14,3
"ATMIN","s672_F_GON_01_ASEReadCounter.table","NW_015090842.1:5820250",15,17,2
"ATMIN","s672_F_GON_01_ASEReadCounter.table","NW_015090842.1:5820298",18,19,1
"ATMIN","s672_F_GON_01_ASEReadCounter.table","NW_015090842.1:5820417",2,5,3
"ATMIN","s672_F_GON_01_ASEReadCounter.table","NW_015090842.1:5820421",1,4,3
"ATMIN","s672_F_GON_01_ASEReadCounter.table","NW_015090842.1:5820448",1,3,2
"ATMIN","s672_F_GON_01_ASEReadCounter.table","NW_015090842.1:5820457",1,3,2
"ATMIN","s672_F_GON_01_ASEReadCounter.table","NW_015090842.1:5820510",1,2,1
"ATMIN","s672_F_GON_01_ASEReadCounter.table","NW_015090842.1:5820673",1,1,0
"ATMIN","s672_F_GON_01_ASEReadCounter.table","NW_015090842.1:5820754",0,2,2
"ATMIN","s672_F_GON_01_ASEReadCounter.table","NW_015090842.1:5820820",0,2,2
"ATMIN","s672_F_GON_01_ASEReadCounter.table","NW_015090842.1:5820865",2,4,2
"ATMIN","s672_F_GON_01_ASEReadCounter.table","NW_015090842.1:5820889",2,4,2
"ATMIN","s672_F_GON_01_ASEReadCounter.table","NW_015090842.1:5820891",2,4,2
"ATMIN","s672_F_GON_01_ASEReadCounter.table","NW_015090842.1:5820997",4,5,1
"ATMIN","s672_F_GON_01_ASEReadCounter.table","NW_015090842.1:5821063",4,8,4
"ATMIN","s672_F_GON_01_ASEReadCounter.table","NW_015090842.1:5821132",3,6,3
"ATMIN","s672_F_GON_01_ASEReadCounter.table","NW_015090842.1:5821645",3,6,3
"ATMIN","s672_F_GON_01_ASEReadCounter.table","NW_015090842.1:5825066",6,10,4
"ATMIN","s672_F_GON_01_ASEReadCounter.table","NW_015090842.1:5825106",7,11,4
"ATMIN","s672_F_GON_01_ASEReadCounter.table","NW_015090842.1:5825122",6,11,5
"ATMIN","s672_F_GON_01_ASEReadCounter.table","NW_015090842.1:5825178",5,11,6
"ATMIN","s672_F_GON_01_ASEReadCounter.table","NW_015090842.1:5825194",4,11,7
"ATMIN","s672_F_GON_01_ASEReadCounter.table","NW_015090842.1:5825195",4,11,7
"ATMIN","s672_F_GON_01_ASEReadCounter.table","NW_015090842.1:5825220",3,9,6
"ATMIN","s672_F_GON_01_ASEReadCounter.table","NW_015090842.1:5825240",0,6,6
"ATMIN","s672_F_GON_01_ASEReadCounter.table","NW_015090842.1:5825303",4,12,8
"ATMIN","s672_F_GON_01_ASEReadCounter.table","NW_015090842.1:5825304",4,12,8
"ATMIN","s672_F_GON_01_ASEReadCounter.table","NW_015090842.1:5825310",5,13,8
"ATMIN","s672_F_GON_01_ASEReadCounter.table","NW_015090842.1:5825406",7,10,3
"ATMIN","s672_F_GON_01_ASEReadCounter.table","NW_015090842.1:5825415",5,9,4
"ATMIN","s672_F_GON_01_ASEReadCounter.table","NW_015090842.1:5825438",4,11,7
"ATMIN","s672_F_GON_01_ASEReadCounter.table","NW_015090842.1:5825485",3,12,9
"ATMIN","s672_F_GON_01_ASEReadCounter.table","NW_015090842.1:5825524",2,12,10
"ATMIN","s672_F_GON_01_ASEReadCounter.table","NW_015090842.1:5825557",3,13,10
"ATMIN","s672_F_GON_01_ASEReadCounter.table","NW_015090842.1:5825571",4,14,10
"ATMIN","s672_F_GON_01_ASEReadCounter.table","NW_015090842.1:5825579",4,14,10
"ATMIN","s672_F_GON_01_ASEReadCounter.table","NW_015090842.1:5825590",5,12,7
"ATMIN","s672_F_GON_01_ASEReadCounter.table","NW_015090842.1:5825689",6,15,9
"ATMIN","s672_F_GON_01_ASEReadCounter.table","NW_015090842.1:5825703",7,16,9
"ATMIN","s672_F_GON_01_ASEReadCounter.table","NW_015090842.1:5825787",7,11,4
"ATMIN","s672_F_GON_01_ASEReadCounter.table","NW_015090842.1:5825833",11,18,7
"ATMIN","s672_F_GON_01_ASEReadCounter.table","NW_015090842.1:5825841",9,15,6
"ATMIN","s672_F_GON_01_ASEReadCounter.table","NW_015090842.1:5825895",12,23,11
"ATMIN","s672_F_GON_01_ASEReadCounter.table","NW_015090842.1:5825984",12,24,12
"ATMIN","s672_F_GON_01_ASEReadCounter.table","NW_015090842.1:5826162",14,30,16
"ATMIN","s672_F_GON_01_ASEReadCounter.table","NW_015090842.1:5826194",16,32,16
"ATMIN","s672_F_GON_01_ASEReadCounter.table","NW_015090842.1:5826235",14,29,15
"ATMIN","s672_F_GON_01_ASEReadCounter.table","NW_015090842.1:5826245",13,27,14
"ATMIN","s672_F_GON_01_ASEReadCounter.table","NW_015090842.1:5826335",8,15,7
"ATMIN","s672_F_GON_01_ASEReadCounter.table","NW_015090842.1:5826417",9,18,9
"ATMIN","s672_F_GON_01_ASEReadCounter.table","NW_015090842.1:5826431",10,22,12
"ATMIN","s672_F_GON_01_ASEReadCounter.table","NW_015090842.1:5826438",11,17,6
"ATMIN","s672_F_GON_01_ASEReadCounter.table","NW_015090842.1:5826463",13,28,15
"ATMIN","s672_F_GON_01_ASEReadCounter.table","NW_015090842.1:5826502",14,35,21
"ATMIN","s672_F_GON_01_ASEReadCounter.table","NW_015090842.1:5826511",14,36,22
"ATMIN","s672_F_GON_01_ASEReadCounter.table","NW_015090842.1:5826659",16,27,11
"ATMIN","s672_F_GON_01_ASEReadCounter.table","NW_015090842.1:5826701",19,33,14
"ATMIN","s672_F_GON_01_ASEReadCounter.table","NW_015090842.1:5826702",19,33,14
"ATMIN","s672_F_GON_01_ASEReadCounter.table","NW_015090842.1:5826732",17,29,12
"ATMIN","s672_F_GON_01_ASEReadCounter.table","NW_015090842.1:5826745",17,29,12
"ATMIN","s672_F_GON_01_ASEReadCounter.table","NW_015090842.1:5826835",23,36,13
"ATMIN","s672_F_GON_01_ASEReadCounter.table","NW_015090842.1:5826942",22,40,18
"ATMIN","s672_F_GON_01_ASEReadCounter.table","NW_015090842.1:5827193",73,127,54
"ATMIN","s672_F_GON_01_ASEReadCounter.table","NW_015090842.1:5827196",68,122,54
"ATMIN","s672_F_GON_01_ASEReadCounter.table","NW_015090842.1:5827269",69,120,51
"ATMIN","s672_F_GON_01_ASEReadCounter.table","NW_015090842.1:5827315",48,85,37
"ATMIN","s672_F_GON_01_ASEReadCounter.table","NW_015090842.1:5827316",47,85,38
"ATMIN","s672_F_GON_01_ASEReadCounter.table","NW_015090842.1:5827333",52,88,36
"PPP1R3E","s672_F_GON_01_ASEReadCounter.table","NW_015090842.1:5837733",5,8,3
"PPP1R3E","s672_F_GON_01_ASEReadCounter.table","NW_015090842.1:5837947",2,5,3
"PKD1L2","s672_F_GON_01_ASEReadCounter.table","NW_015090842.1:5867509",6,13,7
"PKD1L2","s672_F_GON_01_ASEReadCounter.table","NW_015090842.1:5867597",7,17,10
"PKD1L2","s672_F_GON_01_ASEReadCounter.table","NW_015090842.1:5867600",8,20,12
"PKD1L2","s672_F_GON_01_ASEReadCounter.table","NW_015090842.1:5867660",10,25,15
"PKD1L2","s672_F_GON_01_ASEReadCounter.table","NW_015090842.1:5867675",10,30,20
"PKD1L2","s672_F_GON_01_ASEReadCounter.table","NW_015090842.1:5867788",12,29,17
"PKD1L2","s672_F_GON_01_ASEReadCounter.table","NW_015090842.1:5867843",9,23,14
"PKD1L2","s672_F_GON_01_ASEReadCounter.table","NW_015090842.1:5871422",5,8,3
"PKD1L2","s672_F_GON_01_ASEReadCounter.table","NW_015090842.1:5872825",3,6,3
"PKD1L2","s672_F_GON_01_ASEReadCounter.table","NW_015090842.1:5872876",2,6,4
"PKD1L2","s672_F_GON_01_ASEReadCounter.table","NW_015090842.1:5872924",4,6,2
"PKD1L2","s672_F_GON_01_ASEReadCounter.table","NW_015090842.1:5872948",3,3,0
"BCO1","s672_F_GON_01_ASEReadCounter.table","NW_015090842.1:5915610",10,15,5
"BCO1","s672_F_GON_01_ASEReadCounter.table","NW_015090842.1:5915646",9,14,5
"BCO1","s672_F_GON_01_ASEReadCounter.table","NW_015090842.1:5917836",9,20,11
"BCO1","s672_F_GON_01_ASEReadCounter.table","NW_015090842.1:5917912",4,16,12
"BCO1","s672_F_GON_01_ASEReadCounter.table","NW_015090842.1:5917941",6,18,12
"BCO1","s672_F_GON_01_ASEReadCounter.table","NW_015090842.1:5917971",8,21,13
"BCO1","s672_F_GON_01_ASEReadCounter.table","NW_015090842.1:5921679",8,22,14
"BCO1","s672_F_GON_01_ASEReadCounter.table","NW_015090842.1:5921726",10,21,11
"BCO1","s672_F_GON_01_ASEReadCounter.table","NW_015090842.1:5925669",8,14,6
"BCO1","s672_F_GON_01_ASEReadCounter.table","NW_015090842.1:5926937",14,20,6
"BCO1","s672_F_GON_01_ASEReadCounter.table","NW_015090842.1:5927921",22,34,12
"BCO1","s672_F_GON_01_ASEReadCounter.table","NW_015090842.1:5927948",19,30,11
"BCO1","s672_F_GON_01_ASEReadCounter.table","NW_015090842.1:5927968",17,27,10
"BCO1","s672_F_GON_01_ASEReadCounter.table","NW_015090842.1:5928052",10,22,12
"BCO1","s672_F_GON_01_ASEReadCounter.table","NW_015090842.1:5932726",22,40,18
"BCO1","s672_F_GON_01_ASEReadCounter.table","NW_015090842.1:5932801",27,38,11
"BCO1","s672_F_GON_01_ASEReadCounter.table","NW_015090842.1:5934558",58,80,22
"BCO1","s672_F_GON_01_ASEReadCounter.table","NW_015090842.1:5934575",59,82,23
"BCO1","s672_F_GON_01_ASEReadCounter.table","NW_015090842.1:5934608",60,83,23
"BCO1","s672_F_GON_01_ASEReadCounter.table","NW_015090842.1:5934647",52,67,15
"BCO1","s672_F_GON_01_ASEReadCounter.table","NW_015090842.1:5934725",49,71,22
"BCO1","s672_F_GON_01_ASEReadCounter.table","NW_015090842.1:5934726",49,68,19
"BCO1","s672_F_GON_01_ASEReadCounter.table","NW_015090842.1:5934733",49,68,19
"BCO1","s672_F_GON_01_ASEReadCounter.table","NW_015090842.1:5934821",36,60,24
"BCO1","s672_F_GON_01_ASEReadCounter.table","NW_015090842.1:5934826",37,69,32
"BCO1","s672_F_GON_01_ASEReadCounter.table","NW_015090842.1:5934844",21,49,28
"BCO1","s672_F_GON_01_ASEReadCounter.table","NW_015090842.1:5934958",59,92,33
"BCO1","s672_F_GON_01_ASEReadCounter.table","NW_015090842.1:5934976",63,97,34
"GAN","s672_F_GON_01_ASEReadCounter.table","NW_015090842.1:5953759",6,15,9
"GAN","s672_F_GON_01_ASEReadCounter.table","NW_015090842.1:5957502",5,25,20
"GAN","s672_F_GON_01_ASEReadCounter.table","NW_015090842.1:5957578",5,23,18
"GAN","s672_F_GON_01_ASEReadCounter.table","NW_015090842.1:5966047",11,32,21
"GAN","s672_F_GON_01_ASEReadCounter.table","NW_015090842.1:5966126",10,31,21
"GAN","s672_F_GON_01_ASEReadCounter.table","NW_015090842.1:5966127",10,30,20
"GAN","s672_F_GON_01_ASEReadCounter.table","NW_015090842.1:5966162",22,47,25
"GAN","s672_F_GON_01_ASEReadCounter.table","NW_015090842.1:5966483",6,24,18
"CMIP","s672_F_GON_01_ASEReadCounter.table","NW_015090842.1:6109159",11,13,2
"CMIP","s672_F_GON_01_ASEReadCounter.table","NW_015090842.1:6109166",11,13,2
"CMIP","s672_F_GON_01_ASEReadCounter.table","NW_015090842.1:6114641",7,16,9
"CMIP","s672_F_GON_01_ASEReadCounter.table","NW_015090842.1:6114751",4,8,4
"CMIP","s672_F_GON_01_ASEReadCounter.table","NW_015090842.1:6114824",7,13,6
"CMIP","s672_F_GON_01_ASEReadCounter.table","NW_015090842.1:6126295",12,12,0
"CMIP","s672_F_GON_01_ASEReadCounter.table","NW_015090842.1:6128998",13,22,9
"CMIP","s672_F_GON_01_ASEReadCounter.table","NW_015090842.1:6130562",22,40,18
"CMIP","s672_F_GON_01_ASEReadCounter.table","NW_015090842.1:6132522",19,38,19
"CMIP","s672_F_GON_01_ASEReadCounter.table","NW_015090842.1:6138265",29,71,42
"CMIP","s672_F_GON_01_ASEReadCounter.table","NW_015090842.1:6138300",31,76,45
"CMIP","s672_F_GON_01_ASEReadCounter.table","NW_015090842.1:6138342",33,60,27
"CMIP","s672_F_GON_01_ASEReadCounter.table","NW_015090842.1:6138343",32,59,27
"CMIP","s672_F_GON_01_ASEReadCounter.table","NW_015090842.1:6138345",31,59,28
"CMIP","s672_F_GON_01_ASEReadCounter.table","NW_015090842.1:6138647",13,32,19
"CMIP","s672_F_GON_01_ASEReadCounter.table","NW_015090842.1:6138745",13,29,16
"CMIP","s672_F_GON_01_ASEReadCounter.table","NW_015090842.1:6138832",2,13,11
"CMIP","s672_F_GON_01_ASEReadCounter.table","NW_015090842.1:6138967",15,32,17
"CMIP","s672_F_GON_01_ASEReadCounter.table","NW_015090842.1:6139131",10,14,4
"CMIP","s672_F_GON_01_ASEReadCounter.table","NW_015090842.1:6139163",3,6,3
"CMIP","s672_F_GON_01_ASEReadCounter.table","NW_015090842.1:6139212",23,23,0
"CMIP","s672_F_GON_01_ASEReadCounter.table","NW_015090842.1:6139360",9,14,5
"CMIP","s672_F_GON_01_ASEReadCounter.table","NW_015090842.1:6139572",5,12,7
"PLCG2","s672_F_GON_01_ASEReadCounter.table","NW_015090842.1:6179613",4,4,0
"PLCG2","s672_F_GON_01_ASEReadCounter.table","NW_015090842.1:6179658",9,9,0
"PLCG2","s672_F_GON_01_ASEReadCounter.table","NW_015090842.1:6203766",3,3,0
"PLCG2","s672_F_GON_01_ASEReadCounter.table","NW_015090842.1:6203775",3,3,0
"PLCG2","s672_F_GON_01_ASEReadCounter.table","NW_015090842.1:6203787",3,3,0
"PLCG2","s672_F_GON_01_ASEReadCounter.table","NW_015090842.1:6209741",6,6,0
"PLCG2","s672_F_GON_01_ASEReadCounter.table","NW_015090842.1:6209798",3,3,0
"PLCG2","s672_F_GON_01_ASEReadCounter.table","NW_015090842.1:6209816",4,4,0
"PLCG2","s672_F_GON_01_ASEReadCounter.table","NW_015090842.1:6217547",7,13,6
"PLCG2","s672_F_GON_01_ASEReadCounter.table","NW_015090842.1:6218641",8,14,6
"PLCG2","s672_F_GON_01_ASEReadCounter.table","NW_015090842.1:6220552",6,7,1
"PLCG2","s672_F_GON_01_ASEReadCounter.table","NW_015090842.1:6221969",8,9,1
"PLCG2","s672_F_GON_01_ASEReadCounter.table","NW_015090842.1:6228672",10,14,4
"PLCG2","s672_F_GON_01_ASEReadCounter.table","NW_015090842.1:6228694",11,13,2
"PLCG2","s672_F_GON_01_ASEReadCounter.table","NW_015090842.1:6228722",9,11,2
"PLCG2","s672_F_GON_01_ASEReadCounter.table","NW_015090842.1:6228747",6,8,2
"PLCG2","s672_F_GON_01_ASEReadCounter.table","NW_015090842.1:6228835",5,11,6
"PLCG2","s672_F_GON_01_ASEReadCounter.table","NW_015090842.1:6228841",6,12,6
"PLCG2","s672_F_GON_01_ASEReadCounter.table","NW_015090842.1:6228865",6,10,4
"PLCG2","s672_F_GON_01_ASEReadCounter.table","NW_015090842.1:6228917",4,8,4
"PLCG2","s672_F_GON_01_ASEReadCounter.table","NW_015090842.1:6228926",5,9,4
"PLCG2","s672_F_GON_01_ASEReadCounter.table","NW_015090842.1:6228954",5,5,0
"PLCG2","s672_F_GON_01_ASEReadCounter.table","NW_015090842.1:6229002",5,6,1
"PLCG2","s672_F_GON_01_ASEReadCounter.table","NW_015090842.1:6229006",6,7,1
"PLCG2","s672_F_GON_01_ASEReadCounter.table","NW_015090842.1:6229081",6,6,0
"PLCG2","s672_F_GON_01_ASEReadCounter.table","NW_015090842.1:6229097",4,4,0
"PLCG2","s672_F_GON_01_ASEReadCounter.table","NW_015090842.1:6229160",2,2,0
"PLCG2","s672_F_GON_01_ASEReadCounter.table","NW_015090842.1:6229213",3,4,1
"PLCG2","s672_F_GON_01_ASEReadCounter.table","NW_015090842.1:6229231",5,7,2
"PLCG2","s672_F_GON_01_ASEReadCounter.table","NW_015090842.1:6229663",6,6,0
"PLCG2","s672_F_GON_01_ASEReadCounter.table","NW_015090842.1:6229748",8,9,1
"PLCG2","s672_F_GON_01_ASEReadCounter.table","NW_015090842.1:6229892",11,12,1
"PLCG2","s672_F_GON_01_ASEReadCounter.table","NW_015090842.1:6230248",10,10,0
"PLCG2","s672_F_GON_01_ASEReadCounter.table","NW_015090842.1:6230255",10,10,0
"PLCG2","s672_F_GON_01_ASEReadCounter.table","NW_015090842.1:6230276",8,8,0
"PLCG2","s672_F_GON_01_ASEReadCounter.table","NW_015090842.1:6230296",3,3,0
"PLCG2","s672_F_GON_01_ASEReadCounter.table","NW_015090842.1:6230349",11,11,0
"PLCG2","s672_F_GON_01_ASEReadCounter.table","NW_015090842.1:6230408",17,18,1
"PLCG2","s672_F_GON_01_ASEReadCounter.table","NW_015090842.1:6230439",11,11,0
"PLCG2","s672_F_GON_01_ASEReadCounter.table","NW_015090842.1:6230757",7,9,2
"PLCG2","s672_F_GON_01_ASEReadCounter.table","NW_015090842.1:6230758",7,8,1
"PLCG2","s672_F_GON_01_ASEReadCounter.table","NW_015090842.1:6230898",15,17,2
"PLCG2","s672_F_GON_01_ASEReadCounter.table","NW_015090842.1:6230976",19,23,4
"PLCG2","s672_F_GON_01_ASEReadCounter.table","NW_015090842.1:6231078",24,26,2
"PLCG2","s672_F_GON_01_ASEReadCounter.table","NW_015090842.1:6231138",35,39,4
"PLCG2","s672_F_GON_01_ASEReadCounter.table","NW_015090842.1:6231177",35,38,3
"PLCG2","s672_F_GON_01_ASEReadCounter.table","NW_015090842.1:6231263",37,37,0
"SDR42E1","s672_F_GON_01_ASEReadCounter.table","NW_015090842.1:6235292",12,38,26
"SDR42E1","s672_F_GON_01_ASEReadCounter.table","NW_015090842.1:6235315",19,55,36
"SDR42E1","s672_F_GON_01_ASEReadCounter.table","NW_015090842.1:6235348",47,101,54
"SDR42E1","s672_F_GON_01_ASEReadCounter.table","NW_015090842.1:6235355",45,98,53
"SDR42E1","s672_F_GON_01_ASEReadCounter.table","NW_015090842.1:6235417",65,135,70
"SDR42E1","s672_F_GON_01_ASEReadCounter.table","NW_015090842.1:6235558",47,121,74
"SDR42E1","s672_F_GON_01_ASEReadCounter.table","NW_015090842.1:6235741",76,141,65
"SDR42E1","s672_F_GON_01_ASEReadCounter.table","NW_015090842.1:6235777",84,143,59
"SDR42E1","s672_F_GON_01_ASEReadCounter.table","NW_015090842.1:6235806",90,158,68
"SDR42E1","s672_F_GON_01_ASEReadCounter.table","NW_015090842.1:6235809",85,153,68
"SDR42E1","s672_F_GON_01_ASEReadCounter.table","NW_015090842.1:6235816",86,155,69
"SDR42E1","s672_F_GON_01_ASEReadCounter.table","NW_015090842.1:6235914",52,114,62
"SDR42E1","s672_F_GON_01_ASEReadCounter.table","NW_015090842.1:6235935",48,109,61
"SDR42E1","s672_F_GON_01_ASEReadCounter.table","NW_015090842.1:6235957",49,108,59
"SDR42E1","s672_F_GON_01_ASEReadCounter.table","NW_015090842.1:6236040",39,80,41
"SDR42E1","s672_F_GON_01_ASEReadCounter.table","NW_015090842.1:6236260",35,76,41
"SDR42E1","s672_F_GON_01_ASEReadCounter.table","NW_015090842.1:6236281",36,82,46
"SDR42E1","s672_F_GON_01_ASEReadCounter.table","NW_015090842.1:6236305",38,84,46
"SDR42E1","s672_F_GON_01_ASEReadCounter.table","NW_015090842.1:6236458",33,73,40
"SDR42E1","s672_F_GON_01_ASEReadCounter.table","NW_015090842.1:6236476",39,86,47
"SDR42E1","s672_F_GON_01_ASEReadCounter.table","NW_015090842.1:6236608",45,83,38
"SDR42E1","s672_F_GON_01_ASEReadCounter.table","NW_015090842.1:6238244",19,42,23
"SDR42E1","s672_F_GON_01_ASEReadCounter.table","NW_015090842.1:6238829",14,30,16
"HSD17B2","s672_F_GON_01_ASEReadCounter.table","NW_015090842.1:6262951",1,3,2
"HSD17B2","s672_F_GON_01_ASEReadCounter.table","NW_015090842.1:6262974",1,3,2
"HSD17B2","s672_F_GON_01_ASEReadCounter.table","NW_015090842.1:6266125",1,1,0
"HSD17B2","s672_F_GON_01_ASEReadCounter.table","NW_015090842.1:6266135",1,1,0
"HSD17B2","s672_F_GON_01_ASEReadCounter.table","NW_015090842.1:6266795",0,2,2
"HSD17B2","s672_F_GON_01_ASEReadCounter.table","NW_015090842.1:6266944",2,4,2
"HSD17B2","s672_F_GON_01_ASEReadCounter.table","NW_015090842.1:6267053",2,2,0
"HSD17B2","s672_F_GON_01_ASEReadCounter.table","NW_015090842.1:6267196",0,3,3
"HSD17B2","s672_F_GON_01_ASEReadCounter.table","NW_015090842.1:6267273",0,2,2
"HSD17B2","s672_F_GON_01_ASEReadCounter.table","NW_015090842.1:6267674",2,4,2
"HSD17B2","s672_F_GON_01_ASEReadCounter.table","NW_015090842.1:6267913",1,2,1
"HSD17B2","s672_F_GON_01_ASEReadCounter.table","NW_015090842.1:6268098",1,1,0
"HSD17B2","s672_F_GON_01_ASEReadCounter.table","NW_015090842.1:6268203",1,1,0
"ARY2","s672_F_GON_01_ASEReadCounter.table","NW_015090842.1:6303922",25,25,0
"ARY2","s672_F_GON_01_ASEReadCounter.table","NW_015090842.1:6303954",29,29,0
"ARY2","s672_F_GON_01_ASEReadCounter.table","NW_015090842.1:6303979",37,37,0
"ARY2","s672_F_GON_01_ASEReadCounter.table","NW_015090842.1:6305848",41,42,1
"ARY2","s672_F_GON_01_ASEReadCounter.table","NW_015090842.1:6305856",38,39,1
"ARY2","s672_F_GON_01_ASEReadCounter.table","NW_015090842.1:6305857",39,40,1
"ARY2","s672_F_GON_01_ASEReadCounter.table","NW_015090842.1:6306017",21,21,0
"ARY2","s672_F_GON_01_ASEReadCounter.table","NW_015090842.1:6306052",27,27,0
"ARY2","s672_F_GON_01_ASEReadCounter.table","NW_015090842.1:6306094",41,43,2
"ARY2","s672_F_GON_01_ASEReadCounter.table","NW_015090842.1:6306100",40,42,2
"ARY2","s672_F_GON_01_ASEReadCounter.table","NW_015090842.1:6306146",40,42,2
"ARY2","s672_F_GON_01_ASEReadCounter.table","NW_015090842.1:6306147",40,42,2
"ARY2","s672_F_GON_01_ASEReadCounter.table","NW_015090842.1:6306390",36,36,0
"ARY2","s672_F_GON_01_ASEReadCounter.table","NW_015090842.1:6306567",21,21,0
"ARY2","s672_F_GON_01_ASEReadCounter.table","NW_015090842.1:6307278",2,2,0
"ARY2","s672_F_GON_01_ASEReadCounter.table","NW_015090842.1:6307305",1,1,0
"ARY2","s672_F_GON_01_ASEReadCounter.table","NW_015090842.1:6307318",2,3,1
"ARY2","s672_F_GON_01_ASEReadCounter.table","NW_015090842.1:6307429",4,5,1
"ARYL","s672_F_GON_01_ASEReadCounter.table","NW_015090842.1:6313360",1,5,4
"ARYL","s672_F_GON_01_ASEReadCounter.table","NW_015090842.1:6313377",1,4,3
"ARYL","s672_F_GON_01_ASEReadCounter.table","NW_015090842.1:6313767",1,2,1
"ARY1","s672_F_GON_01_ASEReadCounter.table","NW_015090842.1:6314296",1,2,1
"ARY1","s672_F_GON_01_ASEReadCounter.table","NW_015090842.1:6314541",2,3,1
"ARY1","s672_F_GON_01_ASEReadCounter.table","NW_015090842.1:6314597",1,2,1
"ARY1","s672_F_GON_01_ASEReadCounter.table","NW_015090842.1:6314750",2,4,2
"ARY1","s672_F_GON_01_ASEReadCounter.table","NW_015090842.1:6314794",2,5,3
"ARY1","s672_F_GON_01_ASEReadCounter.table","NW_015090842.1:6314827",1,4,3
"ARY1","s672_F_GON_01_ASEReadCounter.table","NW_015090842.1:6314859",1,2,1
"ARY1","s672_F_GON_01_ASEReadCounter.table","NW_015090842.1:6315022",2,3,1
"ARY1","s672_F_GON_01_ASEReadCounter.table","NW_015090842.1:6315026",3,5,2
"ARY1","s672_F_GON_01_ASEReadCounter.table","NW_015090842.1:6315043",3,4,1
"ARY1","s672_F_GON_01_ASEReadCounter.table","NW_015090842.1:6315065",2,3,1
"ARY1","s672_F_GON_01_ASEReadCounter.table","NW_015090842.1:6315409",3,7,4
"ARY1","s672_F_GON_01_ASEReadCounter.table","NW_015090842.1:6315479",5,8,3
"ARY1","s672_F_GON_01_ASEReadCounter.table","NW_015090842.1:6318342",4,6,2
"ARY1","s672_F_GON_01_ASEReadCounter.table","NW_015090842.1:6318427",6,8,2
"ARY1","s672_F_GON_01_ASEReadCounter.table","NW_015090842.1:6318603",4,7,3
"ARY1","s672_F_GON_01_ASEReadCounter.table","NW_015090842.1:6318708",2,5,3
"ARY1","s672_F_GON_01_ASEReadCounter.table","NW_015090842.1:6318858",13,17,4
"ARY1","s672_F_GON_01_ASEReadCounter.table","NW_015090842.1:6318952",9,15,6
"MPHOSPH6","s672_F_GON_01_ASEReadCounter.table","NW_015090842.1:6324063",17,26,9
"MPHOSPH6","s672_F_GON_01_ASEReadCounter.table","NW_015090842.1:6324174",32,57,25
"MPHOSPH6","s672_F_GON_01_ASEReadCounter.table","NW_015090842.1:6324270",23,61,38
"MPHOSPH6","s672_F_GON_01_ASEReadCounter.table","NW_015090842.1:6324762",38,76,38
"MPHOSPH6","s672_F_GON_01_ASEReadCounter.table","NW_015090842.1:6324780",38,76,38
"MPHOSPH6","s672_F_GON_01_ASEReadCounter.table","NW_015090842.1:6324902",35,74,39
"MPHOSPH6","s672_F_GON_01_ASEReadCounter.table","NW_015090842.1:6325066",31,73,42
"MPHOSPH6","s672_F_GON_01_ASEReadCounter.table","NW_015090842.1:6325089",41,88,47
"MPHOSPH6","s672_F_GON_01_ASEReadCounter.table","NW_015090842.1:6325877",71,158,87
"MPHOSPH6","s672_F_GON_01_ASEReadCounter.table","NW_015090842.1:6326976",60,119,59
"CDH13","s672_F_GON_01_ASEReadCounter.table","NW_015090842.1:6662283",3,6,3
"CDH13","s672_F_GON_01_ASEReadCounter.table","NW_015090842.1:6693665",1,3,2
"CDH13","s672_F_GON_01_ASEReadCounter.table","NW_015090842.1:6693697",1,4,3
"CDH13","s672_F_GON_01_ASEReadCounter.table","NW_015090842.1:6693712",0,2,2
"CDH13","s672_F_GON_01_ASEReadCounter.table","NW_015090842.1:6693723",0,3,3
"CDH13","s672_F_GON_01_ASEReadCounter.table","NW_015090842.1:6693738",0,3,3
"CDH13","s672_F_GON_01_ASEReadCounter.table","NW_015090842.1:6823730",3,5,2
"CDH13","s672_F_GON_01_ASEReadCounter.table","NW_015090842.1:6889713",5,7,2
"CDH13","s672_F_GON_01_ASEReadCounter.table","NW_015090842.1:6955167",3,10,7
"MLYCD","s672_F_GON_01_ASEReadCounter.table","NW_015090842.1:7150054",41,82,41
"MLYCD","s672_F_GON_01_ASEReadCounter.table","NW_015090842.1:7150131",35,86,51
"MLYCD","s672_F_GON_01_ASEReadCounter.table","NW_015090842.1:7150585",23,41,18
"MLYCD","s672_F_GON_01_ASEReadCounter.table","NW_015090842.1:7150686",23,41,18
"MLYCD","s672_F_GON_01_ASEReadCounter.table","NW_015090842.1:7150696",22,40,18
"MLYCD","s672_F_GON_01_ASEReadCounter.table","NW_015090842.1:7150869",12,33,21
"MLYCD","s672_F_GON_01_ASEReadCounter.table","NW_015090842.1:7151100",11,34,23
"MLYCD","s672_F_GON_01_ASEReadCounter.table","NW_015090842.1:7151127",13,39,26
"MLYCD","s672_F_GON_01_ASEReadCounter.table","NW_015090842.1:7157538",11,33,22
"MLYCD","s672_F_GON_01_ASEReadCounter.table","NW_015090842.1:7167662",3,10,7
"MLYCD","s672_F_GON_01_ASEReadCounter.table","NW_015090842.1:7167675",2,8,6
"MLYCD","s672_F_GON_01_ASEReadCounter.table","NW_015090842.1:7167710",3,9,6
"MLYCD","s672_F_GON_01_ASEReadCounter.table","NW_015090842.1:7167781",4,9,5
"MLYCD","s672_F_GON_01_ASEReadCounter.table","NW_015090842.1:7167803",4,6,2
"MLYCD","s672_F_GON_01_ASEReadCounter.table","NW_015090842.1:7167812",4,6,2
"MLYCD","s672_F_GON_01_ASEReadCounter.table","NW_015090842.1:7167845",4,7,3
"MLYCD","s672_F_GON_01_ASEReadCounter.table","NW_015090842.1:7167862",4,8,4
"MLYCD","s672_F_GON_01_ASEReadCounter.table","NW_015090842.1:7167929",6,10,4
"MLYCD","s672_F_GON_01_ASEReadCounter.table","NW_015090842.1:7167995",1,2,1
"MLYCD","s672_F_GON_01_ASEReadCounter.table","NW_015090842.1:7168005",1,2,1
"MLYCD","s672_F_GON_01_ASEReadCounter.table","NW_015090842.1:7168037",3,6,3
"HSBP1","s672_F_GON_01_ASEReadCounter.table","NW_015090842.1:7245192",111,242,131
"HSBP1","s672_F_GON_01_ASEReadCounter.table","NW_015090842.1:7245226",126,268,142
"HSBP1","s672_F_GON_01_ASEReadCounter.table","NW_015090842.1:7245257",97,216,119
"HSBP1","s672_F_GON_01_ASEReadCounter.table","NW_015090842.1:7245296",98,214,116
"HSBP1","s672_F_GON_01_ASEReadCounter.table","NW_015090842.1:7245389",129,242,113
"HSBP1","s672_F_GON_01_ASEReadCounter.table","NW_015090842.1:7245400",130,234,104
"HSBP1","s672_F_GON_01_ASEReadCounter.table","NW_015090842.1:7245445",110,222,112
"HSBP1","s672_F_GON_01_ASEReadCounter.table","NW_015090842.1:7245495",92,207,115
"HSBP1","s672_F_GON_01_ASEReadCounter.table","NW_015090842.1:7245733",61,114,53
"HSBP1","s672_F_GON_01_ASEReadCounter.table","NW_015090842.1:7245771",66,113,47
"HSBP1","s672_F_GON_01_ASEReadCounter.table","NW_015090842.1:7245813",70,122,52
"HSBP1","s672_F_GON_01_ASEReadCounter.table","NW_015090842.1:7245926",80,152,72
"HSBP1","s672_F_GON_01_ASEReadCounter.table","NW_015090842.1:7245927",82,153,71
"HSBP1","s672_F_GON_01_ASEReadCounter.table","NW_015090842.1:7245933",78,146,68
"HSBP1","s672_F_GON_01_ASEReadCounter.table","NW_015090842.1:7246002",69,130,61
"HSBP1","s672_F_GON_01_ASEReadCounter.table","NW_015090842.1:7246094",86,155,69
"HSBP1","s672_F_GON_01_ASEReadCounter.table","NW_015090842.1:7246167",81,143,62
"HSBP1","s672_F_GON_01_ASEReadCounter.table","NW_015090842.1:7246183",81,142,61
"HSBP1","s672_F_GON_01_ASEReadCounter.table","NW_015090842.1:7247285",44,59,15
"HSBP1","s672_F_GON_01_ASEReadCounter.table","NW_015090842.1:7247651",331,766,435
"HSBP1","s672_F_GON_01_ASEReadCounter.table","NW_015090842.1:7247657",332,773,441
"HSBP1","s672_F_GON_01_ASEReadCounter.table","NW_015090842.1:7248520",308,569,261
"HSBP1","s672_F_GON_01_ASEReadCounter.table","NW_015090842.1:7248535",278,496,218
"KCNG4","s672_F_GON_01_ASEReadCounter.table","NW_015090842.1:7282481",7,24,17
"KCNG4","s672_F_GON_01_ASEReadCounter.table","NW_015090842.1:7282500",6,21,15
"KCNG4","s672_F_GON_01_ASEReadCounter.table","NW_015090842.1:7282542",9,25,16
"KCNG4","s672_F_GON_01_ASEReadCounter.table","NW_015090842.1:7282579",10,25,15
"KCNG4","s672_F_GON_01_ASEReadCounter.table","NW_015090842.1:7282630",8,26,18
"KCNG4","s672_F_GON_01_ASEReadCounter.table","NW_015090842.1:7283056",1,15,14
"KCNG4","s672_F_GON_01_ASEReadCounter.table","NW_015090842.1:7283245",6,22,16
"KCNG4","s672_F_GON_01_ASEReadCounter.table","NW_015090842.1:7301195",7,12,5
"KCNG4","s672_F_GON_01_ASEReadCounter.table","NW_015090842.1:7301227",5,8,3
"KCNG4","s672_F_GON_01_ASEReadCounter.table","NW_015090842.1:7301240",5,8,3
"KCNG4","s672_F_GON_01_ASEReadCounter.table","NW_015090842.1:7301413",5,16,11
"WFDC1","s672_F_GON_01_ASEReadCounter.table","NW_015090842.1:7366517",2,6,4
"WFDC1","s672_F_GON_01_ASEReadCounter.table","NW_015090842.1:7373367",2,5,3
"WFDC1","s672_F_GON_01_ASEReadCounter.table","NW_015090842.1:7375828",0,1,1
"WFDC1","s672_F_GON_01_ASEReadCounter.table","NW_015090842.1:7378036",1,5,4
"WFDC1","s672_F_GON_01_ASEReadCounter.table","NW_015090842.1:7379125",0,2,2
"WFDC1","s672_F_GON_01_ASEReadCounter.table","NW_015090842.1:7379451",1,8,7
"WFDC1","s672_F_GON_01_ASEReadCounter.table","NW_015090842.1:7379471",0,8,8
"WFDC1","s672_F_GON_01_ASEReadCounter.table","NW_015090842.1:7379576",3,6,3
"WFDC1","s672_F_GON_01_ASEReadCounter.table","NW_015090842.1:7379596",2,6,4
"WFDC1","s672_F_GON_01_ASEReadCounter.table","NW_015090842.1:7379605",2,7,5
"WFDC1","s672_F_GON_01_ASEReadCounter.table","NW_015090842.1:7379626",2,6,4
"WFDC1","s672_F_GON_01_ASEReadCounter.table","NW_015090842.1:7379631",1,5,4
"WFDC1","s672_F_GON_01_ASEReadCounter.table","NW_015090842.1:7379632",1,4,3
"WFDC1","s672_F_GON_01_ASEReadCounter.table","NW_015090842.1:7379652",1,3,2
"WFDC1","s672_F_GON_01_ASEReadCounter.table","NW_015090842.1:7379669",1,3,2
"WFDC1","s672_F_GON_01_ASEReadCounter.table","NW_015090842.1:7379674",1,3,2
"WFDC1","s672_F_GON_01_ASEReadCounter.table","NW_015090842.1:7379719",1,2,1
"WFDC1","s672_F_GON_01_ASEReadCounter.table","NW_015090842.1:7379739",0,2,2
"WFDC1","s672_F_GON_01_ASEReadCounter.table","NW_015090842.1:7379821",2,4,2
"WFDC1","s672_F_GON_01_ASEReadCounter.table","NW_015090842.1:7379840",4,5,1
"WFDC1","s672_F_GON_01_ASEReadCounter.table","NW_015090842.1:7379933",4,6,2
"WFDC1","s672_F_GON_01_ASEReadCounter.table","NW_015090842.1:7379935",4,6,2
"WFDC1","s672_F_GON_01_ASEReadCounter.table","NW_015090842.1:7379983",3,7,4
"WFDC1","s672_F_GON_01_ASEReadCounter.table","NW_015090842.1:7380060",4,8,4
"WFDC1","s672_F_GON_01_ASEReadCounter.table","NW_015090842.1:7380136",2,5,3
"WFDC1","s672_F_GON_01_ASEReadCounter.table","NW_015090842.1:7380150",2,5,3
"WFDC1","s672_F_GON_01_ASEReadCounter.table","NW_015090842.1:7380164",3,6,3
"WFDC1","s672_F_GON_01_ASEReadCounter.table","NW_015090842.1:7380237",5,11,6
"WFDC1","s672_F_GON_01_ASEReadCounter.table","NW_015090842.1:7380261",6,13,7
"WFDC1","s672_F_GON_01_ASEReadCounter.table","NW_015090842.1:7380322",3,8,5
"WFDC1","s672_F_GON_01_ASEReadCounter.table","NW_015090842.1:7380491",5,13,8
"WFDC1","s672_F_GON_01_ASEReadCounter.table","NW_015090842.1:7380567",4,10,6
"WFDC1","s672_F_GON_01_ASEReadCounter.table","NW_015090842.1:7380672",2,11,9
"WFDC1","s672_F_GON_01_ASEReadCounter.table","NW_015090842.1:7380721",2,10,8
"WFDC1","s672_F_GON_01_ASEReadCounter.table","NW_015090842.1:7380743",2,13,11
"WFDC1","s672_F_GON_01_ASEReadCounter.table","NW_015090842.1:7380852",3,7,4
"WFDC1","s672_F_GON_01_ASEReadCounter.table","NW_015090842.1:7380878",1,5,4
"WFDC1","s672_F_GON_01_ASEReadCounter.table","NW_015090842.1:7381081",3,17,14
"WFDC1","s672_F_GON_01_ASEReadCounter.table","NW_015090842.1:7381127",4,18,14
"WFDC1","s672_F_GON_01_ASEReadCounter.table","NW_015090842.1:7381195",5,15,10
"WFDC1","s672_F_GON_01_ASEReadCounter.table","NW_015090842.1:7381253",4,20,16
"WFDC1","s672_F_GON_01_ASEReadCounter.table","NW_015090842.1:7381378",3,12,9
"WFDC1","s672_F_GON_01_ASEReadCounter.table","NW_015090842.1:7381433",0,10,10
"WFDC1","s672_F_GON_01_ASEReadCounter.table","NW_015090842.1:7381434",0,11,11
"WFDC1","s672_F_GON_01_ASEReadCounter.table","NW_015090842.1:7381442",0,11,11
"WFDC1","s672_F_GON_01_ASEReadCounter.table","NW_015090842.1:7381517",4,12,8
"WFDC1","s672_F_GON_01_ASEReadCounter.table","NW_015090842.1:7381520",4,14,10
"WFDC1","s672_F_GON_01_ASEReadCounter.table","NW_015090842.1:7381677",3,10,7
"WFDC1","s672_F_GON_01_ASEReadCounter.table","NW_015090842.1:7381709",2,6,4
"ATP2C2","s672_F_GON_01_ASEReadCounter.table","NW_015090842.1:7392613",0,1,1
"ATP2C2","s672_F_GON_01_ASEReadCounter.table","NW_015090842.1:7395366",0,1,1
"ATP2C2","s672_F_GON_01_ASEReadCounter.table","NW_015090842.1:7397049",0,1,1
"ATP2C2","s672_F_GON_01_ASEReadCounter.table","NW_015090842.1:7398395",0,3,3
"ATP2C2","s672_F_GON_01_ASEReadCounter.table","NW_015090842.1:7399774",0,3,3
"ATP2C2","s672_F_GON_01_ASEReadCounter.table","NW_015090842.1:7402554",0,2,2
"ATP2C2","s672_F_GON_01_ASEReadCounter.table","NW_015090842.1:7402578",0,2,2
"ATP2C2","s672_F_GON_01_ASEReadCounter.table","NW_015090842.1:7405621",0,1,1
"ATP2C2","s672_F_GON_01_ASEReadCounter.table","NW_015090842.1:7413855",8,8,0
"ATP2C2","s672_F_GON_01_ASEReadCounter.table","NW_015090842.1:7413869",1,1,0
"ATP2C2","s672_F_GON_01_ASEReadCounter.table","NW_015090842.1:7413875",1,1,0
"TLDC1","s672_F_GON_01_ASEReadCounter.table","NW_015090842.1:7421137",18,29,11
"TLDC1","s672_F_GON_01_ASEReadCounter.table","NW_015090842.1:7421155",15,23,8
"TLDC1","s672_F_GON_01_ASEReadCounter.table","NW_015090842.1:7421218",16,22,6
"TLDC1","s672_F_GON_01_ASEReadCounter.table","NW_015090842.1:7421399",5,12,7
"TLDC1","s672_F_GON_01_ASEReadCounter.table","NW_015090842.1:7421402",5,11,6
"TLDC1","s672_F_GON_01_ASEReadCounter.table","NW_015090842.1:7421528",12,22,10
"TLDC1","s672_F_GON_01_ASEReadCounter.table","NW_015090842.1:7421532",12,22,10
"TLDC1","s672_F_GON_01_ASEReadCounter.table","NW_015090842.1:7421621",11,21,10
"TLDC1","s672_F_GON_01_ASEReadCounter.table","NW_015090842.1:7421647",10,19,9
"TLDC1","s672_F_GON_01_ASEReadCounter.table","NW_015090842.1:7421657",9,17,8
"TLDC1","s672_F_GON_01_ASEReadCounter.table","NW_015090842.1:7421693",13,18,5
"TLDC1","s672_F_GON_01_ASEReadCounter.table","NW_015090842.1:7421796",9,18,9
"TLDC1","s672_F_GON_01_ASEReadCounter.table","NW_015090842.1:7421810",9,18,9
"TLDC1","s672_F_GON_01_ASEReadCounter.table","NW_015090842.1:7421833",12,21,9
"TLDC1","s672_F_GON_01_ASEReadCounter.table","NW_015090842.1:7421879",12,19,7
"TLDC1","s672_F_GON_01_ASEReadCounter.table","NW_015090842.1:7421914",13,21,8
"TLDC1","s672_F_GON_01_ASEReadCounter.table","NW_015090842.1:7421969",6,9,3
"TLDC1","s672_F_GON_01_ASEReadCounter.table","NW_015090842.1:7422015",7,14,7
"TLDC1","s672_F_GON_01_ASEReadCounter.table","NW_015090842.1:7422042",14,22,8
"TLDC1","s672_F_GON_01_ASEReadCounter.table","NW_015090842.1:7422230",11,22,11
"TLDC1","s672_F_GON_01_ASEReadCounter.table","NW_015090842.1:7423349",19,27,8
"TLDC1","s672_F_GON_01_ASEReadCounter.table","NW_015090842.1:7423362",19,26,7
"TLDC1","s672_F_GON_01_ASEReadCounter.table","NW_015090842.1:7426091",3,6,3
"TLDC1","s672_F_GON_01_ASEReadCounter.table","NW_015090842.1:7426485",4,6,2
"TLDC1","s672_F_GON_01_ASEReadCounter.table","NW_015090842.1:7427211",8,17,9
"TLDC1","s672_F_GON_01_ASEReadCounter.table","NW_015090842.1:7428179",6,10,4
"COTL1","s672_F_GON_01_ASEReadCounter.table","NW_015090842.1:7490744",8,22,14
"COTL1","s672_F_GON_01_ASEReadCounter.table","NW_015090842.1:7491051",8,16,8
"COTL1","s672_F_GON_01_ASEReadCounter.table","NW_015090842.1:7491124",7,13,6
"COTL1","s672_F_GON_01_ASEReadCounter.table","NW_015090842.1:7491418",7,12,5
"COTL1","s672_F_GON_01_ASEReadCounter.table","NW_015090842.1:7491539",4,7,3
"COTL1","s672_F_GON_01_ASEReadCounter.table","NW_015090842.1:7491585",10,14,4
"COTL1","s672_F_GON_01_ASEReadCounter.table","NW_015090842.1:7491586",10,14,4
"COTL1","s672_F_GON_01_ASEReadCounter.table","NW_015090842.1:7491646",9,14,5
"COTL1","s672_F_GON_01_ASEReadCounter.table","NW_015090842.1:7491747",6,12,6
"COTL1","s672_F_GON_01_ASEReadCounter.table","NW_015090842.1:7491803",7,10,3
"COTL1","s672_F_GON_01_ASEReadCounter.table","NW_015090842.1:7513196",2,4,2
"COTL1","s672_F_GON_01_ASEReadCounter.table","NW_015090842.1:7513223",2,3,1
"COTL1","s672_F_GON_01_ASEReadCounter.table","NW_015090842.1:7513239",1,3,2
"KLHL36","s672_F_GON_01_ASEReadCounter.table","NW_015090842.1:7514700",2,5,3
"KLHL36","s672_F_GON_01_ASEReadCounter.table","NW_015090842.1:7526160",2,4,2
"KLHL36","s672_F_GON_01_ASEReadCounter.table","NW_015090842.1:7526469",1,2,1
"KLHL36","s672_F_GON_01_ASEReadCounter.table","NW_015090842.1:7526587",0,2,2
"KLHL36","s672_F_GON_01_ASEReadCounter.table","NW_015090842.1:7526997",0,3,3
"KLHL36","s672_F_GON_01_ASEReadCounter.table","NW_015090842.1:7527142",0,2,2
"KLHL36","s672_F_GON_01_ASEReadCounter.table","NW_015090842.1:7535174",2,10,8
"KLHL36","s672_F_GON_01_ASEReadCounter.table","NW_015090842.1:7535384",2,4,2
"KLHL36","s672_F_GON_01_ASEReadCounter.table","NW_015090842.1:7535420",5,8,3
"KLHL36","s672_F_GON_01_ASEReadCounter.table","NW_015090842.1:7535545",3,4,1
"KLHL36","s672_F_GON_01_ASEReadCounter.table","NW_015090842.1:7535829",2,3,1
"KLHL36","s672_F_GON_01_ASEReadCounter.table","NW_015090842.1:7535977",1,1,0
"KLHL36","s672_F_GON_01_ASEReadCounter.table","NW_015090842.1:7536010",3,4,1
"KLHL36","s672_F_GON_01_ASEReadCounter.table","NW_015090842.1:7536051",5,5,0
"KLHL36","s672_F_GON_01_ASEReadCounter.table","NW_015090842.1:7536096",3,4,1
"KLHL36","s672_F_GON_01_ASEReadCounter.table","NW_015090842.1:7536135",1,3,2
"KLHL36","s672_F_GON_01_ASEReadCounter.table","NW_015090842.1:7536136",1,3,2
"KLHL36","s672_F_GON_01_ASEReadCounter.table","NW_015090842.1:7536160",2,4,2
"KLHL36","s672_F_GON_01_ASEReadCounter.table","NW_015090842.1:7536336",1,4,3
"KLHL36","s672_F_GON_01_ASEReadCounter.table","NW_015090842.1:7536352",2,5,3
"KLHL36","s672_F_GON_01_ASEReadCounter.table","NW_015090842.1:7536412",1,3,2
"KLHL36","s672_F_GON_01_ASEReadCounter.table","NW_015090842.1:7536418",1,3,2
"KLHL36","s672_F_GON_01_ASEReadCounter.table","NW_015090842.1:7536465",2,4,2
"KLHL36","s672_F_GON_01_ASEReadCounter.table","NW_015090842.1:7536466",2,3,1
"KLHL36","s672_F_GON_01_ASEReadCounter.table","NW_015090842.1:7536553",3,4,1
"KLHL36","s672_F_GON_01_ASEReadCounter.table","NW_015090842.1:7536698",0,2,2
"KLHL36","s672_F_GON_01_ASEReadCounter.table","NW_015090842.1:7536713",0,2,2
"KLHL36","s672_F_GON_01_ASEReadCounter.table","NW_015090842.1:7536720",3,5,2
"KLHL36","s672_F_GON_01_ASEReadCounter.table","NW_015090842.1:7536791",4,8,4
"KLHL36","s672_F_GON_01_ASEReadCounter.table","NW_015090842.1:7536849",2,3,1
"KLHL36","s672_F_GON_01_ASEReadCounter.table","NW_015090842.1:7536872",2,7,5
"KLHL36","s672_F_GON_01_ASEReadCounter.table","NW_015090842.1:7536878",2,7,5
"KLHL36","s672_F_GON_01_ASEReadCounter.table","NW_015090842.1:7536916",1,5,4
"KLHL36","s672_F_GON_01_ASEReadCounter.table","NW_015090842.1:7536927",2,8,6
"KLHL36","s672_F_GON_01_ASEReadCounter.table","NW_015090842.1:7537315",2,5,3
"KLHL36","s672_F_GON_01_ASEReadCounter.table","NW_015090842.1:7537352",4,9,5
"KLHL36","s672_F_GON_01_ASEReadCounter.table","NW_015090842.1:7537631",8,15,7
"KLHL36","s672_F_GON_01_ASEReadCounter.table","NW_015090842.1:7537830",17,20,3
"KLHL36","s672_F_GON_01_ASEReadCounter.table","NW_015090842.1:7537838",18,22,4
"KLHL36","s672_F_GON_01_ASEReadCounter.table","NW_015090842.1:7538153",16,33,17
"KLHL36","s672_F_GON_01_ASEReadCounter.table","NW_015090842.1:7538256",12,22,10
"KLHL36","s672_F_GON_01_ASEReadCounter.table","NW_015090842.1:7538265",11,22,11
"KLHL36","s672_F_GON_01_ASEReadCounter.table","NW_015090842.1:7538300",15,26,11
"USP10","s672_F_GON_01_ASEReadCounter.table","NW_015090842.1:7563972",6,8,2
"USP10","s672_F_GON_01_ASEReadCounter.table","NW_015090842.1:7571816",11,19,8
"USP10","s672_F_GON_01_ASEReadCounter.table","NW_015090842.1:7571993",3,9,6
"USP10","s672_F_GON_01_ASEReadCounter.table","NW_015090842.1:7572580",5,10,5
"USP10","s672_F_GON_01_ASEReadCounter.table","NW_015090842.1:7587372",18,32,14
"CRISPLD2","s672_F_GON_01_ASEReadCounter.table","NW_015090842.1:7609844",4,4,0
"CRISPLD2","s672_F_GON_01_ASEReadCounter.table","NW_015090842.1:7609845",3,3,0
"CRISPLD2","s672_F_GON_01_ASEReadCounter.table","NW_015090842.1:7609883",4,4,0
"CRISPLD2","s672_F_GON_01_ASEReadCounter.table","NW_015090842.1:7610084",4,4,0
"CRISPLD2","s672_F_GON_01_ASEReadCounter.table","NW_015090842.1:7617757",1,1,0
"CRISPLD2","s672_F_GON_01_ASEReadCounter.table","NW_015090842.1:7617781",1,1,0
"CRISPLD2","s672_F_GON_01_ASEReadCounter.table","NW_015090842.1:7617790",1,1,0
"CRISPLD2","s672_F_GON_01_ASEReadCounter.table","NW_015090842.1:7621452",2,2,0
"CRISPLD2","s672_F_GON_01_ASEReadCounter.table","NW_015090842.1:7625451",5,5,0
"CRISPLD2","s672_F_GON_01_ASEReadCounter.table","NW_015090842.1:7626214",1,1,0
"CRISPLD2","s672_F_GON_01_ASEReadCounter.table","NW_015090842.1:7630784",3,3,0
"CRISPLD2","s672_F_GON_01_ASEReadCounter.table","NW_015090842.1:7630823",5,5,0
"CRISPLD2","s672_F_GON_01_ASEReadCounter.table","NW_015090842.1:7633172",6,6,0
"CRISPLD2","s672_F_GON_01_ASEReadCounter.table","NW_015090842.1:7633326",7,7,0
"CRISPLD2","s672_F_GON_01_ASEReadCounter.table","NW_015090842.1:7633336",7,7,0
"CRISPLD2","s672_F_GON_01_ASEReadCounter.table","NW_015090842.1:7633381",9,10,1
"CRISPLD2","s672_F_GON_01_ASEReadCounter.table","NW_015090842.1:7633388",5,6,1
"CRISPLD2","s672_F_GON_01_ASEReadCounter.table","NW_015090842.1:7633400",6,7,1
"CRISPLD2","s672_F_GON_01_ASEReadCounter.table","NW_015090842.1:7633486",5,7,2
"CRISPLD2","s672_F_GON_01_ASEReadCounter.table","NW_015090842.1:7633503",6,8,2
"CRISPLD2","s672_F_GON_01_ASEReadCounter.table","NW_015090842.1:7633504",6,8,2
"CRISPLD2","s672_F_GON_01_ASEReadCounter.table","NW_015090842.1:7633557",10,10,0
"CRISPLD2","s672_F_GON_01_ASEReadCounter.table","NW_015090842.1:7633571",12,12,0
"CRISPLD2","s672_F_GON_01_ASEReadCounter.table","NW_015090842.1:7633588",10,10,0
"CRISPLD2","s672_F_GON_01_ASEReadCounter.table","NW_015090842.1:7633617",11,11,0
"CRISPLD2","s672_F_GON_01_ASEReadCounter.table","NW_015090842.1:7633695",12,12,0
"CRISPLD2","s672_F_GON_01_ASEReadCounter.table","NW_015090842.1:7633721",10,10,0
"CRISPLD2","s672_F_GON_01_ASEReadCounter.table","NW_015090842.1:7633888",5,5,0
"CRISPLD2","s672_F_GON_01_ASEReadCounter.table","NW_015090842.1:7633910",4,4,0
"CRISPLD2","s672_F_GON_01_ASEReadCounter.table","NW_015090842.1:7634142",6,6,0
"CRISPLD2","s672_F_GON_01_ASEReadCounter.table","NW_015090842.1:7634417",6,7,1
"CRISPLD2","s672_F_GON_01_ASEReadCounter.table","NW_015090842.1:7634825",1,1,0
"CRISPLD2","s672_F_GON_01_ASEReadCounter.table","NW_015090842.1:7634852",1,1,0
"CRISPLD2","s672_F_GON_01_ASEReadCounter.table","NW_015090842.1:7635009",6,7,1
"CRISPLD2","s672_F_GON_01_ASEReadCounter.table","NW_015090842.1:7635208",8,9,1
"CRISPLD2","s672_F_GON_01_ASEReadCounter.table","NW_015090842.1:7635373",13,14,1
"CRISPLD2","s672_F_GON_01_ASEReadCounter.table","NW_015090842.1:7635525",11,11,0
"CRISPLD2","s672_F_GON_01_ASEReadCounter.table","NW_015090842.1:7635583",10,10,0
"CRISPLD2","s672_F_GON_01_ASEReadCounter.table","NW_015090842.1:7635924",17,17,0
"LOC106888312","s672_F_GON_01_ASEReadCounter.table","NW_015090842.1:7713031",4,5,1
"LOC106888312","s672_F_GON_01_ASEReadCounter.table","NW_015090842.1:7727001",7,15,8
"LOC106888312","s672_F_GON_01_ASEReadCounter.table","NW_015090842.1:7727036",5,9,4
"LOC106888312","s672_F_GON_01_ASEReadCounter.table","NW_015090842.1:7727072",3,7,4
"LOC106888312","s672_F_GON_01_ASEReadCounter.table","NW_015090842.1:7727961",3,7,4
"LOC106888312","s672_F_GON_01_ASEReadCounter.table","NW_015090842.1:7732244",4,6,2
"LOC106888312","s672_F_GON_01_ASEReadCounter.table","NW_015090842.1:7732443",2,4,2
"LOC106888312","s672_F_GON_01_ASEReadCounter.table","NW_015090842.1:7732444",2,4,2
"LOC106888312","s672_F_GON_01_ASEReadCounter.table","NW_015090842.1:7732538",0,3,3
"LOC106888312","s672_F_GON_01_ASEReadCounter.table","NW_015090842.1:7732548",0,3,3
"LOC106888312","s672_F_GON_01_ASEReadCounter.table","NW_015090842.1:7732576",0,3,3
"LOC106888312","s672_F_GON_01_ASEReadCounter.table","NW_015090842.1:7732580",0,3,3
"LOC106888312","s672_F_GON_01_ASEReadCounter.table","NW_015090842.1:7732629",0,2,2
"LOC106888312","s672_F_GON_01_ASEReadCounter.table","NW_015090842.1:7732630",0,2,2
"LOC106888312","s672_F_GON_01_ASEReadCounter.table","NW_015090842.1:7732637",0,2,2
"LOC106888312","s672_F_GON_01_ASEReadCounter.table","NW_015090842.1:7732682",0,3,3
"LOC106888312","s672_F_GON_01_ASEReadCounter.table","NW_015090842.1:7732696",0,3,3
"LOC106888312","s672_F_GON_01_ASEReadCounter.table","NW_015090842.1:7732709",0,3,3
"LOC106888312","s672_F_GON_01_ASEReadCounter.table","NW_015090842.1:7732718",0,3,3
"LOC106888312","s672_F_GON_01_ASEReadCounter.table","NW_015090842.1:7732739",0,3,3
"LOC106888312","s672_F_GON_01_ASEReadCounter.table","NW_015090842.1:7732743",0,3,3
"LOC106888312","s672_F_GON_01_ASEReadCounter.table","NW_015090842.1:7732744",0,3,3
"LOC106888312","s672_F_GON_01_ASEReadCounter.table","NW_015090842.1:7732756",0,2,2
"LOC106888312","s672_F_GON_01_ASEReadCounter.table","NW_015090842.1:7732757",0,2,2
"LOC106888312","s672_F_GON_01_ASEReadCounter.table","NW_015090842.1:7732860",0,1,1
"LOC106888312","s672_F_GON_01_ASEReadCounter.table","NW_015090842.1:7732861",0,1,1
"LOC106888312","s672_F_GON_01_ASEReadCounter.table","NW_015090842.1:7732918",0,2,2
"LOC106888312","s672_F_GON_01_ASEReadCounter.table","NW_015090842.1:7732997",0,1,1
"LOC106888312","s672_F_GON_01_ASEReadCounter.table","NW_015090842.1:7733046",1,1,0
"LOC106888312","s672_F_GON_01_ASEReadCounter.table","NW_015090842.1:7733068",0,1,1
"LOC106888312","s672_F_GON_01_ASEReadCounter.table","NW_015090842.1:7733077",0,1,1
"LOC106888312","s672_F_GON_01_ASEReadCounter.table","NW_015090842.1:7733096",1,1,0
"LOC106888312","s672_F_GON_01_ASEReadCounter.table","NW_015090842.1:7733142",1,1,0
"LOC106888312","s672_F_GON_01_ASEReadCounter.table","NW_015090842.1:7733299",1,1,0
"LOC106888312","s672_F_GON_01_ASEReadCounter.table","NW_015090842.1:7733470",1,2,1
"LOC106888312","s672_F_GON_01_ASEReadCounter.table","NW_015090842.1:7733471",1,2,1
"LOC106888312","s672_F_GON_01_ASEReadCounter.table","NW_015090842.1:7733472",1,2,1
"LOC106888312","s672_F_GON_01_ASEReadCounter.table","NW_015090842.1:7733507",0,1,1
"LOC106888312","s672_F_GON_01_ASEReadCounter.table","NW_015090842.1:7733508",0,1,1
"LOC106888312","s672_F_GON_01_ASEReadCounter.table","NW_015090842.1:7733518",0,1,1
"LOC106888312","s672_F_GON_01_ASEReadCounter.table","NW_015090842.1:7733609",0,2,2
"LOC106888312","s672_F_GON_01_ASEReadCounter.table","NW_015090842.1:7733631",0,2,2
"LOC106888312","s672_F_GON_01_ASEReadCounter.table","NW_015090842.1:7733674",0,1,1
"ZDHHC7","s672_F_GON_01_ASEReadCounter.table","NW_015090842.1:7737199",7,15,8
"ZDHHC7","s672_F_GON_01_ASEReadCounter.table","NW_015090842.1:7737332",6,11,5
"ZDHHC7","s672_F_GON_01_ASEReadCounter.table","NW_015090842.1:7737553",11,18,7
"ZDHHC7","s672_F_GON_01_ASEReadCounter.table","NW_015090842.1:7737920",10,23,13
"ZDHHC7","s672_F_GON_01_ASEReadCounter.table","NW_015090842.1:7737953",5,16,11
"ZDHHC7","s672_F_GON_01_ASEReadCounter.table","NW_015090842.1:7737987",6,17,11
"ZDHHC7","s672_F_GON_01_ASEReadCounter.table","NW_015090842.1:7738068",7,11,4
"ZDHHC7","s672_F_GON_01_ASEReadCounter.table","NW_015090842.1:7738204",5,8,3
"LOC106888097","s672_F_GON_01_ASEReadCounter.table","NW_015090842.1:7767178",1,5,4
"LOC106888097","s672_F_GON_01_ASEReadCounter.table","NW_015090842.1:7767187",2,6,4
"LOC106888097","s672_F_GON_01_ASEReadCounter.table","NW_015090842.1:7768144",5,14,9
"LOC106888097","s672_F_GON_01_ASEReadCounter.table","NW_015090842.1:7768196",8,19,11
"LOC106888097","s672_F_GON_01_ASEReadCounter.table","NW_015090842.1:7769884",9,15,6
"LOC106888097","s672_F_GON_01_ASEReadCounter.table","NW_015090842.1:7769893",8,14,6
"LOC106888097","s672_F_GON_01_ASEReadCounter.table","NW_015090842.1:7770245",14,22,8
"LOC106888097","s672_F_GON_01_ASEReadCounter.table","NW_015090842.1:7772402",14,23,9
"LOC106888097","s672_F_GON_01_ASEReadCounter.table","NW_015090842.1:7772483",17,33,16
"LOC106888097","s672_F_GON_01_ASEReadCounter.table","NW_015090842.1:7772490",16,32,16
"LOC106888097","s672_F_GON_01_ASEReadCounter.table","NW_015090842.1:7774281",19,30,11
"LOC106888097","s672_F_GON_01_ASEReadCounter.table","NW_015090842.1:7774552",15,37,22
"LOC106888097","s672_F_GON_01_ASEReadCounter.table","NW_015090842.1:7774564",11,33,22
"LOC106888097","s672_F_GON_01_ASEReadCounter.table","NW_015090842.1:7774611",11,33,22
"LOC106888097","s672_F_GON_01_ASEReadCounter.table","NW_015090842.1:7774681",16,30,14
"LOC106888097","s672_F_GON_01_ASEReadCounter.table","NW_015090842.1:7774698",15,26,11
"LOC106888097","s672_F_GON_01_ASEReadCounter.table","NW_015090842.1:7774730",7,15,8
"LOC106888097","s672_F_GON_01_ASEReadCounter.table","NW_015090842.1:7774778",3,3,0
"LOC106888097","s672_F_GON_01_ASEReadCounter.table","NW_015090842.1:7774793",3,3,0
"FOXC2","s672_F_GON_01_ASEReadCounter.table","NW_015090842.1:8130244",1,1,0
"MTHFSD","s672_F_GON_01_ASEReadCounter.table","NW_015090842.1:8140051",32,67,35
"MTHFSD","s672_F_GON_01_ASEReadCounter.table","NW_015090842.1:8142923",70,156,86
"MTHFSD","s672_F_GON_01_ASEReadCounter.table","NW_015090842.1:8143029",59,143,84
"MTHFSD","s672_F_GON_01_ASEReadCounter.table","NW_015090842.1:8152035",41,99,58
"MTHFSD","s672_F_GON_01_ASEReadCounter.table","NW_015090842.1:8152315",27,65,38
"MTHFSD","s672_F_GON_01_ASEReadCounter.table","NW_015090842.1:8152511",30,63,33
"MTHFSD","s672_F_GON_01_ASEReadCounter.table","NW_015090842.1:8152518",29,62,33
"MTHFSD","s672_F_GON_01_ASEReadCounter.table","NW_015090842.1:8152553",20,46,26
"MTHFSD","s672_F_GON_01_ASEReadCounter.table","NW_015090842.1:8152773",41,99,58
"MTHFSD","s672_F_GON_01_ASEReadCounter.table","NW_015090842.1:8152805",37,91,54
"FOXF1","s672_F_GON_01_ASEReadCounter.table","NW_015090842.1:8164789",0,1,1
"FOXF1","s672_F_GON_01_ASEReadCounter.table","NW_015090842.1:8166883",0,1,1
"IRF8","s672_F_GON_01_ASEReadCounter.table","NW_015090842.1:8406652",0,3,3
"IRF8","s672_F_GON_01_ASEReadCounter.table","NW_015090842.1:8406703",0,2,2
"IRF8","s672_F_GON_01_ASEReadCounter.table","NW_015090842.1:8406704",0,2,2
"IRF8","s672_F_GON_01_ASEReadCounter.table","NW_015090842.1:8406757",0,1,1
"IRF8","s672_F_GON_01_ASEReadCounter.table","NW_015090842.1:8406778",0,3,3
"IRF8","s672_F_GON_01_ASEReadCounter.table","NW_015090842.1:8406819",0,4,4
"IRF8","s672_F_GON_01_ASEReadCounter.table","NW_015090842.1:8406941",0,4,4
"IRF8","s672_F_GON_01_ASEReadCounter.table","NW_015090842.1:8407008",0,1,1
"IRF8","s672_F_GON_01_ASEReadCounter.table","NW_015090842.1:8407057",0,1,1
"IRF8","s672_F_GON_01_ASEReadCounter.table","NW_015090842.1:8407064",0,1,1
"IRF8","s672_F_GON_01_ASEReadCounter.table","NW_015090842.1:8407069",0,1,1
"IRF8","s672_F_GON_01_ASEReadCounter.table","NW_015090842.1:8407120",0,1,1
"IRF8","s672_F_GON_01_ASEReadCounter.table","NW_015090842.1:8407272",1,3,2
"IRF8","s672_F_GON_01_ASEReadCounter.table","NW_015090842.1:8407276",1,3,2
"IRF8","s672_F_GON_01_ASEReadCounter.table","NW_015090842.1:8407303",1,3,2
"IRF8","s672_F_GON_01_ASEReadCounter.table","NW_015090842.1:8407451",0,1,1
"IRF8","s672_F_GON_01_ASEReadCounter.table","NW_015090842.1:8407456",0,1,1
"IRF8","s672_F_GON_01_ASEReadCounter.table","NW_015090842.1:8408564",1,3,2
"IRF8","s672_F_GON_01_ASEReadCounter.table","NW_015090842.1:8408585",4,4,0
"IRF8","s672_F_GON_01_ASEReadCounter.table","NW_015090842.1:8408973",0,1,1
"IRF8","s672_F_GON_01_ASEReadCounter.table","NW_015090842.1:8409060",2,2,0
"IRF8","s672_F_GON_01_ASEReadCounter.table","NW_015090842.1:8409065",2,2,0
"IRF8","s672_F_GON_01_ASEReadCounter.table","NW_015090842.1:8410813",1,1,0
"IRF8","s672_F_GON_01_ASEReadCounter.table","NW_015090842.1:8410861",1,1,0
"COX4I1","s672_F_GON_01_ASEReadCounter.table","NW_015090842.1:8442258",1289,2615,1326
"COX4I1","s672_F_GON_01_ASEReadCounter.table","NW_015090842.1:8442333",1060,2164,1104
"EMC8","s672_F_GON_01_ASEReadCounter.table","NW_015090842.1:8444046",195,382,187
"EMC8","s672_F_GON_01_ASEReadCounter.table","NW_015090842.1:8444064",167,294,127
"EMC8","s672_F_GON_01_ASEReadCounter.table","NW_015090842.1:8452029",23,58,35
"EMC8","s672_F_GON_01_ASEReadCounter.table","NW_015090842.1:8452116",23,63,40
"EMC8","s672_F_GON_01_ASEReadCounter.table","NW_015090842.1:8452121",20,58,38
"EMC8","s672_F_GON_01_ASEReadCounter.table","NW_015090842.1:8452222",34,69,35
"EMC8","s672_F_GON_01_ASEReadCounter.table","NW_015090842.1:8452244",34,83,49
"EMC8","s672_F_GON_01_ASEReadCounter.table","NW_015090842.1:8452477",8,14,6
"EMC8","s672_F_GON_01_ASEReadCounter.table","NW_015090842.1:8452498",2,9,7
"EMC8","s672_F_GON_01_ASEReadCounter.table","NW_015090842.1:8452535",3,10,7
"EMC8","s672_F_GON_01_ASEReadCounter.table","NW_015090842.1:8452575",1,9,8
"EMC8","s672_F_GON_01_ASEReadCounter.table","NW_015090842.1:8452600",6,15,9
"EMC8","s672_F_GON_01_ASEReadCounter.table","NW_015090842.1:8452616",6,15,9
"EMC8","s672_F_GON_01_ASEReadCounter.table","NW_015090842.1:8452630",5,12,7
"EMC8","s672_F_GON_01_ASEReadCounter.table","NW_015090842.1:8452650",7,15,8
"EMC8","s672_F_GON_01_ASEReadCounter.table","NW_015090842.1:8452678",9,17,8
"EMC8","s672_F_GON_01_ASEReadCounter.table","NW_015090842.1:8452724",7,10,3
"EMC8","s672_F_GON_01_ASEReadCounter.table","NW_015090842.1:8452731",7,11,4
"EMC8","s672_F_GON_01_ASEReadCounter.table","NW_015090842.1:8452743",5,10,5
"EMC8","s672_F_GON_01_ASEReadCounter.table","NW_015090842.1:8452750",4,8,4
"EMC8","s672_F_GON_01_ASEReadCounter.table","NW_015090842.1:8452778",5,10,5
"EMC8","s672_F_GON_01_ASEReadCounter.table","NW_015090842.1:8452783",7,12,5
"EMC8","s672_F_GON_01_ASEReadCounter.table","NW_015090842.1:8452800",10,14,4
"EMC8","s672_F_GON_01_ASEReadCounter.table","NW_015090842.1:8452804",10,14,4
"EMC8","s672_F_GON_01_ASEReadCounter.table","NW_015090842.1:8452812",9,13,4
"EMC8","s672_F_GON_01_ASEReadCounter.table","NW_015090842.1:8452858",12,19,7
"EMC8","s672_F_GON_01_ASEReadCounter.table","NW_015090842.1:8452906",17,25,8
"EMC8","s672_F_GON_01_ASEReadCounter.table","NW_015090842.1:8452913",18,27,9
"EMC8","s672_F_GON_01_ASEReadCounter.table","NW_015090842.1:8453000",14,34,20
"EMC8","s672_F_GON_01_ASEReadCounter.table","NW_015090842.1:8453007",13,36,23
"EMC8","s672_F_GON_01_ASEReadCounter.table","NW_015090842.1:8453058",13,33,20
"EMC8","s672_F_GON_01_ASEReadCounter.table","NW_015090842.1:8453106",14,30,16
"GINS2","s672_F_GON_01_ASEReadCounter.table","NW_015090842.1:8466420",146,166,20
"GINS2","s672_F_GON_01_ASEReadCounter.table","NW_015090842.1:8466424",146,166,20
"GINS2","s672_F_GON_01_ASEReadCounter.table","NW_015090842.1:8466518",123,143,20
"GINS2","s672_F_GON_01_ASEReadCounter.table","NW_015090842.1:8468482",290,350,60
"GINS2","s672_F_GON_01_ASEReadCounter.table","NW_015090842.1:8470290",240,297,57
"GINS2","s672_F_GON_01_ASEReadCounter.table","NW_015090842.1:8470305",229,280,51
"GINS2","s672_F_GON_01_ASEReadCounter.table","NW_015090842.1:8470381",257,303,46
"GINS2","s672_F_GON_01_ASEReadCounter.table","NW_015090842.1:8470418",232,279,47
"GINS2","s672_F_GON_01_ASEReadCounter.table","NW_015090842.1:8470421",208,256,48
"GINS2","s672_F_GON_01_ASEReadCounter.table","NW_015090842.1:8470430",169,216,47
"GINS2","s672_F_GON_01_ASEReadCounter.table","NW_015090842.1:8470433",150,199,49
"GINS2","s672_F_GON_01_ASEReadCounter.table","NW_015090842.1:8470457",78,122,44
"GINS2","s672_F_GON_01_ASEReadCounter.table","NW_015090842.1:8470491",149,191,42
"GINS2","s672_F_GON_01_ASEReadCounter.table","NW_015090842.1:8470548",198,237,39
"GINS2","s672_F_GON_01_ASEReadCounter.table","NW_015090842.1:8470649",169,209,40
"GSE1","s672_F_GON_01_ASEReadCounter.table","NW_015090842.1:8475362",1,2,1
"GSE1","s672_F_GON_01_ASEReadCounter.table","NW_015090842.1:8476159",1,1,0
"GSE1","s672_F_GON_01_ASEReadCounter.table","NW_015090842.1:8486867",0,1,1
"GSE1","s672_F_GON_01_ASEReadCounter.table","NW_015090842.1:8486939",0,1,1
"GSE1","s672_F_GON_01_ASEReadCounter.table","NW_015090842.1:8486945",0,1,1
"GSE1","s672_F_GON_01_ASEReadCounter.table","NW_015090842.1:8486993",1,2,1
"GSE1","s672_F_GON_01_ASEReadCounter.table","NW_015090842.1:8487062",1,1,0
"KIAA0513","s672_F_GON_01_ASEReadCounter.table","NW_015090842.1:8668363",13,26,13
"KIAA0513","s672_F_GON_01_ASEReadCounter.table","NW_015090842.1:8668387",13,24,11
"KIAA0513","s672_F_GON_01_ASEReadCounter.table","NW_015090842.1:8668390",13,24,11
"KIAA0513","s672_F_GON_01_ASEReadCounter.table","NW_015090842.1:8673107",16,26,10
"KIAA0513","s672_F_GON_01_ASEReadCounter.table","NW_015090842.1:8673147",14,26,12
"KIAA0513","s672_F_GON_01_ASEReadCounter.table","NW_015090842.1:8674661",7,24,17
"KIAA0513","s672_F_GON_01_ASEReadCounter.table","NW_015090842.1:8674685",9,23,14
"KIAA0513","s672_F_GON_01_ASEReadCounter.table","NW_015090842.1:8674730",9,12,3
"KIAA0513","s672_F_GON_01_ASEReadCounter.table","NW_015090842.1:8675525",9,15,6
"KIAA0513","s672_F_GON_01_ASEReadCounter.table","NW_015090842.1:8675561",9,17,8
"KIAA0513","s672_F_GON_01_ASEReadCounter.table","NW_015090842.1:8678608",0,1,1
"KIAA0513","s672_F_GON_01_ASEReadCounter.table","NW_015090842.1:8686455",0,1,1
"KIAA0513","s672_F_GON_01_ASEReadCounter.table","NW_015090842.1:8686508",0,1,1
"KIAA0513","s672_F_GON_01_ASEReadCounter.table","NW_015090842.1:8686521",0,1,1
"KIAA0513","s672_F_GON_01_ASEReadCounter.table","NW_015090842.1:8693642",2,3,1
"KIAA0513","s672_F_GON_01_ASEReadCounter.table","NW_015090842.1:8693712",2,4,2
"FBXO31","s672_F_GON_01_ASEReadCounter.table","NW_015090842.1:8710240",246,583,337
"FBXO31","s672_F_GON_01_ASEReadCounter.table","NW_015090842.1:8710372",179,453,274
"FBXO31","s672_F_GON_01_ASEReadCounter.table","NW_015090842.1:8711239",143,413,270
"FBXO31","s672_F_GON_01_ASEReadCounter.table","NW_015090842.1:8714565",184,465,281
"FBXO31","s672_F_GON_01_ASEReadCounter.table","NW_015090842.1:8716001",95,259,164
"FBXO31","s672_F_GON_01_ASEReadCounter.table","NW_015090842.1:8725050",5,7,2
"FBXO31","s672_F_GON_01_ASEReadCounter.table","NW_015090842.1:8725057",5,6,1
"FBXO31","s672_F_GON_01_ASEReadCounter.table","NW_015090842.1:8725162",2,3,1
"FBXO31","s672_F_GON_01_ASEReadCounter.table","NW_015090842.1:8725163",2,3,1
"FBXO31","s672_F_GON_01_ASEReadCounter.table","NW_015090842.1:8725170",2,3,1
"FBXO31","s672_F_GON_01_ASEReadCounter.table","NW_015090842.1:8725187",2,3,1
"FBXO31","s672_F_GON_01_ASEReadCounter.table","NW_015090842.1:8725188",2,3,1
"FBXO31","s672_F_GON_01_ASEReadCounter.table","NW_015090842.1:8725190",2,3,1
"FBXO31","s672_F_GON_01_ASEReadCounter.table","NW_015090842.1:8725370",3,3,0
"ZCCHC14","s672_F_GON_01_ASEReadCounter.table","NW_015090842.1:8750174",39,53,14
"ZCCHC14","s672_F_GON_01_ASEReadCounter.table","NW_015090842.1:8750189",49,57,8
"ZCCHC14","s672_F_GON_01_ASEReadCounter.table","NW_015090842.1:8750365",37,51,14
"ZCCHC14","s672_F_GON_01_ASEReadCounter.table","NW_015090842.1:8750433",26,42,16
"ZCCHC14","s672_F_GON_01_ASEReadCounter.table","NW_015090842.1:8750449",28,46,18
"ZCCHC14","s672_F_GON_01_ASEReadCounter.table","NW_015090842.1:8750456",27,42,15
"ZCCHC14","s672_F_GON_01_ASEReadCounter.table","NW_015090842.1:8750497",34,51,17
"ZCCHC14","s672_F_GON_01_ASEReadCounter.table","NW_015090842.1:8750547",31,49,18
"ZCCHC14","s672_F_GON_01_ASEReadCounter.table","NW_015090842.1:8751100",4,6,2
"ZCCHC14","s672_F_GON_01_ASEReadCounter.table","NW_015090842.1:8751374",6,15,9
"ZCCHC14","s672_F_GON_01_ASEReadCounter.table","NW_015090842.1:8751403",9,17,8
"ZCCHC14","s672_F_GON_01_ASEReadCounter.table","NW_015090842.1:8751517",2,9,7
"ZCCHC14","s672_F_GON_01_ASEReadCounter.table","NW_015090842.1:8752060",5,7,2
"ZCCHC14","s672_F_GON_01_ASEReadCounter.table","NW_015090842.1:8752172",7,13,6
"ZCCHC14","s672_F_GON_01_ASEReadCounter.table","NW_015090842.1:8752183",8,13,5
"ZCCHC14","s672_F_GON_01_ASEReadCounter.table","NW_015090842.1:8752198",8,15,7
"ZCCHC14","s672_F_GON_01_ASEReadCounter.table","NW_015090842.1:8752248",9,16,7
"ZCCHC14","s672_F_GON_01_ASEReadCounter.table","NW_015090842.1:8752326",11,15,4
"ZCCHC14","s672_F_GON_01_ASEReadCounter.table","NW_015090842.1:8752393",9,13,4
"ZCCHC14","s672_F_GON_01_ASEReadCounter.table","NW_015090842.1:8752914",21,42,21
"ZCCHC14","s672_F_GON_01_ASEReadCounter.table","NW_015090842.1:8753528",6,10,4
"ZCCHC14","s672_F_GON_01_ASEReadCounter.table","NW_015090842.1:8753892",3,6,3
"ZCCHC14","s672_F_GON_01_ASEReadCounter.table","NW_015090842.1:8753910",5,8,3
"ZCCHC14","s672_F_GON_01_ASEReadCounter.table","NW_015090842.1:8755096",1,1,0
"ZCCHC14","s672_F_GON_01_ASEReadCounter.table","NW_015090842.1:8755327",1,4,3
"ZCCHC14","s672_F_GON_01_ASEReadCounter.table","NW_015090842.1:8755723",1,4,3
"ZCCHC14","s672_F_GON_01_ASEReadCounter.table","NW_015090842.1:8755739",0,3,3
"ZCCHC14","s672_F_GON_01_ASEReadCounter.table","NW_015090842.1:8756149",1,2,1
"ZCCHC14","s672_F_GON_01_ASEReadCounter.table","NW_015090842.1:8756388",1,1,0
"ZCCHC14","s672_F_GON_01_ASEReadCounter.table","NW_015090842.1:8756389",1,1,0
"ZCCHC14","s672_F_GON_01_ASEReadCounter.table","NW_015090842.1:8757160",1,4,3
"ZCCHC14","s672_F_GON_01_ASEReadCounter.table","NW_015090842.1:8804511",1,3,2
"ZCCHC14","s672_F_GON_01_ASEReadCounter.table","NW_015090842.1:8804979",0,1,1
"JPH3","s672_F_GON_01_ASEReadCounter.table","NW_015090842.1:8872283",0,1,1
"JPH3","s672_F_GON_01_ASEReadCounter.table","NW_015090842.1:8872294",0,1,1
"JPH3","s672_F_GON_01_ASEReadCounter.table","NW_015090842.1:8885260",1,1,0
"JPH3","s672_F_GON_01_ASEReadCounter.table","NW_015090842.1:8885315",1,1,0
"JPH3","s672_F_GON_01_ASEReadCounter.table","NW_015090842.1:8885328",1,1,0
"JPH3","s672_F_GON_01_ASEReadCounter.table","NW_015090842.1:8885525",1,1,0
"KLHDC4","s672_F_GON_01_ASEReadCounter.table","NW_015090842.1:8890729",117,156,39
"KLHDC4","s672_F_GON_01_ASEReadCounter.table","NW_015090842.1:8890749",130,169,39
"KLHDC4","s672_F_GON_01_ASEReadCounter.table","NW_015090842.1:8890761",128,167,39
"KLHDC4","s672_F_GON_01_ASEReadCounter.table","NW_015090842.1:8891123",103,137,34
"KLHDC4","s672_F_GON_01_ASEReadCounter.table","NW_015090842.1:8893124",50,93,43
"KLHDC4","s672_F_GON_01_ASEReadCounter.table","NW_015090842.1:8894542",46,73,27
"KLHDC4","s672_F_GON_01_ASEReadCounter.table","NW_015090842.1:8896726",33,54,21
"KLHDC4","s672_F_GON_01_ASEReadCounter.table","NW_015090842.1:8896767",27,53,26
"KLHDC4","s672_F_GON_01_ASEReadCounter.table","NW_015090842.1:8904174",28,45,17
"KLHDC4","s672_F_GON_01_ASEReadCounter.table","NW_015090842.1:8904231",21,35,14
"KLHDC4","s672_F_GON_01_ASEReadCounter.table","NW_015090842.1:8905251",30,48,18
"KLHDC4","s672_F_GON_01_ASEReadCounter.table","NW_015090842.1:8905263",30,47,17
"KLHDC4","s672_F_GON_01_ASEReadCounter.table","NW_015090842.1:8919626",7,9,2
"SLC7A5","s672_F_GON_01_ASEReadCounter.table","NW_015090842.1:8938782",154,241,87
"SLC7A5","s672_F_GON_01_ASEReadCounter.table","NW_015090842.1:8938943",86,151,65
"SLC7A5","s672_F_GON_01_ASEReadCounter.table","NW_015090842.1:8939611",23,33,10
"SLC7A5","s672_F_GON_01_ASEReadCounter.table","NW_015090842.1:8939738",21,38,17
"SLC7A5","s672_F_GON_01_ASEReadCounter.table","NW_015090842.1:8939739",20,36,16
"SLC7A5","s672_F_GON_01_ASEReadCounter.table","NW_015090842.1:8939740",20,36,16
"SLC7A5","s672_F_GON_01_ASEReadCounter.table","NW_015090842.1:8939795",26,40,14
"SLC7A5","s672_F_GON_01_ASEReadCounter.table","NW_015090842.1:8939815",20,36,16
"SLC7A5","s672_F_GON_01_ASEReadCounter.table","NW_015090842.1:8939816",19,33,14
"SLC7A5","s672_F_GON_01_ASEReadCounter.table","NW_015090842.1:8939817",20,36,16
"SLC7A5","s672_F_GON_01_ASEReadCounter.table","NW_015090842.1:8939845",20,36,16
"SLC7A5","s672_F_GON_01_ASEReadCounter.table","NW_015090842.1:8939894",24,39,15
"SLC7A5","s672_F_GON_01_ASEReadCounter.table","NW_015090842.1:8939895",24,37,13
"SLC7A5","s672_F_GON_01_ASEReadCounter.table","NW_015090842.1:8939997",53,53,0
"SLC7A5","s672_F_GON_01_ASEReadCounter.table","NW_015090842.1:8940172",27,45,18
"SLC7A5","s672_F_GON_01_ASEReadCounter.table","NW_015090842.1:8940331",22,33,11
"SLC7A5","s672_F_GON_01_ASEReadCounter.table","NW_015090842.1:8940696",14,23,9
"SLC7A5","s672_F_GON_01_ASEReadCounter.table","NW_015090842.1:8940719",7,17,10
"SLC7A5","s672_F_GON_01_ASEReadCounter.table","NW_015090842.1:8940737",9,23,14
"SLC7A5","s672_F_GON_01_ASEReadCounter.table","NW_015090842.1:8940743",8,22,14
"SLC7A5","s672_F_GON_01_ASEReadCounter.table","NW_015090842.1:8940766",8,24,16
"SLC7A5","s672_F_GON_01_ASEReadCounter.table","NW_015090842.1:8940769",10,28,18
"SLC7A5","s672_F_GON_01_ASEReadCounter.table","NW_015090842.1:8940861",9,18,9
"SLC7A5","s672_F_GON_01_ASEReadCounter.table","NW_015090842.1:8941068",18,33,15
"SLC7A5","s672_F_GON_01_ASEReadCounter.table","NW_015090842.1:8941467",13,21,8
"SLC7A5","s672_F_GON_01_ASEReadCounter.table","NW_015090842.1:8941531",14,26,12
"SLC7A5","s672_F_GON_01_ASEReadCounter.table","NW_015090842.1:8941588",19,29,10
"SLC7A5","s672_F_GON_01_ASEReadCounter.table","NW_015090842.1:8941698",11,16,5
"SLC7A5","s672_F_GON_01_ASEReadCounter.table","NW_015090842.1:8941717",13,17,4
"SLC7A5","s672_F_GON_01_ASEReadCounter.table","NW_015090842.1:8941745",9,15,6
"SLC7A5","s672_F_GON_01_ASEReadCounter.table","NW_015090842.1:8941781",7,13,6
"SLC7A5","s672_F_GON_01_ASEReadCounter.table","NW_015090842.1:8941887",8,12,4
"SLC7A5","s672_F_GON_01_ASEReadCounter.table","NW_015090842.1:8941968",5,8,3
"SLC7A5","s672_F_GON_01_ASEReadCounter.table","NW_015090842.1:8942025",12,16,4
"SLC7A5","s672_F_GON_01_ASEReadCounter.table","NW_015090842.1:8942069",15,20,5
"SLC7A5","s672_F_GON_01_ASEReadCounter.table","NW_015090842.1:8942170",14,21,7
"SLC7A5","s672_F_GON_01_ASEReadCounter.table","NW_015090842.1:8942241",21,28,7
"SLC7A5","s672_F_GON_01_ASEReadCounter.table","NW_015090842.1:8942283",19,27,8
"SLC7A5","s672_F_GON_01_ASEReadCounter.table","NW_015090842.1:8942717",35,46,11
"SLC7A5","s672_F_GON_01_ASEReadCounter.table","NW_015090842.1:8942756",48,69,21
"SLC7A5","s672_F_GON_01_ASEReadCounter.table","NW_015090842.1:8942766",42,63,21
"SLC7A5","s672_F_GON_01_ASEReadCounter.table","NW_015090842.1:8943271",13,22,9
"SLC7A5","s672_F_GON_01_ASEReadCounter.table","NW_015090842.1:8943524",9,17,8
"SLC7A5","s672_F_GON_01_ASEReadCounter.table","NW_015090842.1:8943530",11,18,7
"SLC7A5","s672_F_GON_01_ASEReadCounter.table","NW_015090842.1:8943602",15,19,4
"SLC7A5","s672_F_GON_01_ASEReadCounter.table","NW_015090842.1:8943622",13,17,4
"SLC7A5","s672_F_GON_01_ASEReadCounter.table","NW_015090842.1:8943661",7,15,8
"SLC7A5","s672_F_GON_01_ASEReadCounter.table","NW_015090842.1:8943686",7,14,7
"SLC7A5","s672_F_GON_01_ASEReadCounter.table","NW_015090842.1:8943788",10,13,3
"SLC7A5","s672_F_GON_01_ASEReadCounter.table","NW_015090842.1:8943814",10,15,5
"SLC7A5","s672_F_GON_01_ASEReadCounter.table","NW_015090842.1:8943876",9,14,5
"SLC7A5","s672_F_GON_01_ASEReadCounter.table","NW_015090842.1:8943892",11,16,5
"SLC7A5","s672_F_GON_01_ASEReadCounter.table","NW_015090842.1:8944097",9,11,2
"SLC7A5","s672_F_GON_01_ASEReadCounter.table","NW_015090842.1:8944104",7,9,2
"SLC7A5","s672_F_GON_01_ASEReadCounter.table","NW_015090842.1:8944293",11,14,3
"SLC7A5","s672_F_GON_01_ASEReadCounter.table","NW_015090842.1:8944297",11,14,3
"SLC7A5","s672_F_GON_01_ASEReadCounter.table","NW_015090842.1:8944397",7,12,5
"SLC7A5","s672_F_GON_01_ASEReadCounter.table","NW_015090842.1:8944552",10,15,5
"SLC7A5","s672_F_GON_01_ASEReadCounter.table","NW_015090842.1:8944629",9,14,5
"CA5A","s672_F_GON_01_ASEReadCounter.table","NW_015090842.1:8989479",19,45,26
"CA5A","s672_F_GON_01_ASEReadCounter.table","NW_015090842.1:8989562",20,49,29
"CA5A","s672_F_GON_01_ASEReadCounter.table","NW_015090842.1:8989609",19,51,32
"CA5A","s672_F_GON_01_ASEReadCounter.table","NW_015090842.1:8989693",21,55,34
"CA5A","s672_F_GON_01_ASEReadCounter.table","NW_015090842.1:8989702",21,50,29
"CA5A","s672_F_GON_01_ASEReadCounter.table","NW_015090842.1:8989746",27,59,32
"CA5A","s672_F_GON_01_ASEReadCounter.table","NW_015090842.1:8989880",16,50,34
"CA5A","s672_F_GON_01_ASEReadCounter.table","NW_015090842.1:8989885",18,52,34
"CA5A","s672_F_GON_01_ASEReadCounter.table","NW_015090842.1:8989929",28,65,37
"CA5A","s672_F_GON_01_ASEReadCounter.table","NW_015090842.1:8990002",30,69,39
"CA5A","s672_F_GON_01_ASEReadCounter.table","NW_015090842.1:8990004",30,67,37
"CA5A","s672_F_GON_01_ASEReadCounter.table","NW_015090842.1:8990005",30,69,39
"CA5A","s672_F_GON_01_ASEReadCounter.table","NW_015090842.1:8990017",29,62,33
"CA5A","s672_F_GON_01_ASEReadCounter.table","NW_015090842.1:8990043",25,48,23
"CA5A","s672_F_GON_01_ASEReadCounter.table","NW_015090842.1:8990060",50,50,0
"CA5A","s672_F_GON_01_ASEReadCounter.table","NW_015090842.1:8990080",20,46,26
"CA5A","s672_F_GON_01_ASEReadCounter.table","NW_015090842.1:8990084",19,42,23
"CA5A","s672_F_GON_01_ASEReadCounter.table","NW_015090842.1:8990090",15,39,24
"CA5A","s672_F_GON_01_ASEReadCounter.table","NW_015090842.1:8990095",18,44,26
"CA5A","s672_F_GON_01_ASEReadCounter.table","NW_015090842.1:8990111",12,36,24
"CA5A","s672_F_GON_01_ASEReadCounter.table","NW_015090842.1:8990112",12,39,27
"CA5A","s672_F_GON_01_ASEReadCounter.table","NW_015090842.1:8990115",13,39,26
"CA5A","s672_F_GON_01_ASEReadCounter.table","NW_015090842.1:8990166",10,26,16
"CA5A","s672_F_GON_01_ASEReadCounter.table","NW_015090842.1:8990169",10,27,17
"CA5A","s672_F_GON_01_ASEReadCounter.table","NW_015090842.1:8990193",30,30,0
"CA5A","s672_F_GON_01_ASEReadCounter.table","NW_015090842.1:8990222",11,25,14
"CA5A","s672_F_GON_01_ASEReadCounter.table","NW_015090842.1:8990289",17,34,17
"CA5A","s672_F_GON_01_ASEReadCounter.table","NW_015090842.1:8990314",13,32,19
"CA5A","s672_F_GON_01_ASEReadCounter.table","NW_015090842.1:8990361",10,31,21
"CA5A","s672_F_GON_01_ASEReadCounter.table","NW_015090842.1:8990368",10,30,20
"CA5A","s672_F_GON_01_ASEReadCounter.table","NW_015090842.1:8990429",8,34,26
"CA5A","s672_F_GON_01_ASEReadCounter.table","NW_015090842.1:8990466",5,31,26
"CA5A","s672_F_GON_01_ASEReadCounter.table","NW_015090842.1:8990663",12,34,22
"CA5A","s672_F_GON_01_ASEReadCounter.table","NW_015090842.1:8990797",12,26,14
"CA5A","s672_F_GON_01_ASEReadCounter.table","NW_015090842.1:8990836",7,17,10
"CA5A","s672_F_GON_01_ASEReadCounter.table","NW_015090842.1:8990842",9,19,10
"CA5A","s672_F_GON_01_ASEReadCounter.table","NW_015090842.1:8990851",8,18,10
"CA5A","s672_F_GON_01_ASEReadCounter.table","NW_015090842.1:8990918",5,13,8
"CA5A","s672_F_GON_01_ASEReadCounter.table","NW_015090842.1:8990921",5,14,9
"CA5A","s672_F_GON_01_ASEReadCounter.table","NW_015090842.1:8990942",5,14,9
"CA5A","s672_F_GON_01_ASEReadCounter.table","NW_015090842.1:8991001",8,18,10
"CA5A","s672_F_GON_01_ASEReadCounter.table","NW_015090842.1:8991038",7,15,8
"CA5A","s672_F_GON_01_ASEReadCounter.table","NW_015090842.1:8991149",12,25,13
"CA5A","s672_F_GON_01_ASEReadCounter.table","NW_015090842.1:8991176",11,21,10
"CA5A","s672_F_GON_01_ASEReadCounter.table","NW_015090842.1:8991241",9,21,12
"CA5A","s672_F_GON_01_ASEReadCounter.table","NW_015090842.1:8991262",8,19,11
"CA5A","s672_F_GON_01_ASEReadCounter.table","NW_015090842.1:8991316",11,11,0
"CA5A","s672_F_GON_01_ASEReadCounter.table","NW_015090842.1:8991319",10,10,0
"CA5A","s672_F_GON_01_ASEReadCounter.table","NW_015090842.1:8991330",10,10,0
"CA5A","s672_F_GON_01_ASEReadCounter.table","NW_015090842.1:8991334",9,9,0
"CA5A","s672_F_GON_01_ASEReadCounter.table","NW_015090842.1:8991362",5,11,6
"CA5A","s672_F_GON_01_ASEReadCounter.table","NW_015090842.1:8991368",2,8,6
"CA5A","s672_F_GON_01_ASEReadCounter.table","NW_015090842.1:8991390",5,12,7
"CA5A","s672_F_GON_01_ASEReadCounter.table","NW_015090842.1:8991395",5,13,8
"CA5A","s672_F_GON_01_ASEReadCounter.table","NW_015090842.1:8991422",4,14,10
"CA5A","s672_F_GON_01_ASEReadCounter.table","NW_015090842.1:8991467",9,19,10
"CA5A","s672_F_GON_01_ASEReadCounter.table","NW_015090842.1:8991576",9,17,8
"CA5A","s672_F_GON_01_ASEReadCounter.table","NW_015090842.1:8991587",8,18,10
"CA5A","s672_F_GON_01_ASEReadCounter.table","NW_015090842.1:8991655",5,17,12
"CA5A","s672_F_GON_01_ASEReadCounter.table","NW_015090842.1:8991717",6,19,13
"CA5A","s672_F_GON_01_ASEReadCounter.table","NW_015090842.1:8991726",9,21,12
"CA5A","s672_F_GON_01_ASEReadCounter.table","NW_015090842.1:8991799",10,15,5
"CA5A","s672_F_GON_01_ASEReadCounter.table","NW_015090842.1:8991809",8,12,4
"CA5A","s672_F_GON_01_ASEReadCounter.table","NW_015090842.1:8991848",6,12,6
"CA5A","s672_F_GON_01_ASEReadCounter.table","NW_015090842.1:8991849",6,13,7
"CA5A","s672_F_GON_01_ASEReadCounter.table","NW_015090842.1:8991927",7,16,9
"CA5A","s672_F_GON_01_ASEReadCounter.table","NW_015090842.1:8991941",6,14,8
"CA5A","s672_F_GON_01_ASEReadCounter.table","NW_015090842.1:8992121",6,15,9
"CA5A","s672_F_GON_01_ASEReadCounter.table","NW_015090842.1:8992224",10,16,6
"CA5A","s672_F_GON_01_ASEReadCounter.table","NW_015090842.1:9002570",8,25,17
"CA5A","s672_F_GON_01_ASEReadCounter.table","NW_015090842.1:9002600",9,28,19
"CA5A","s672_F_GON_01_ASEReadCounter.table","NW_015090842.1:9004312",7,19,12
"CA5A","s672_F_GON_01_ASEReadCounter.table","NW_015090842.1:9004506",11,19,8
"CA5A","s672_F_GON_01_ASEReadCounter.table","NW_015090842.1:9004523",13,18,5
"CA5A","s672_F_GON_01_ASEReadCounter.table","NW_015090842.1:9004530",14,20,6
"CA5A","s672_F_GON_01_ASEReadCounter.table","NW_015090842.1:9004556",18,23,5
"CA5A","s672_F_GON_01_ASEReadCounter.table","NW_015090842.1:9005116",36,64,28
"CA5A","s672_F_GON_01_ASEReadCounter.table","NW_015090842.1:9005120",36,61,25
"CA5A","s672_F_GON_01_ASEReadCounter.table","NW_015090842.1:9005140",34,61,27
"CA5A","s672_F_GON_01_ASEReadCounter.table","NW_015090842.1:9005152",32,60,28
"CA5A","s672_F_GON_01_ASEReadCounter.table","NW_015090842.1:9011011",0,1,1
"CA5A","s672_F_GON_01_ASEReadCounter.table","NW_015090842.1:9011189",0,1,1
"CA5A","s672_F_GON_01_ASEReadCounter.table","NW_015090842.1:9011194",0,1,1
"BANP","s672_F_GON_01_ASEReadCounter.table","NW_015090842.1:9033407",1,4,3
"BANP","s672_F_GON_01_ASEReadCounter.table","NW_015090842.1:9033409",1,4,3
"BANP","s672_F_GON_01_ASEReadCounter.table","NW_015090842.1:9033420",1,5,4
"BANP","s672_F_GON_01_ASEReadCounter.table","NW_015090842.1:9067974",0,7,7
"BANP","s672_F_GON_01_ASEReadCounter.table","NW_015090842.1:9102510",9,21,12
"BANP","s672_F_GON_01_ASEReadCounter.table","NW_015090842.1:9168534",14,35,21
"BANP","s672_F_GON_01_ASEReadCounter.table","NW_015090842.1:9168818",11,18,7
"ZNF469","s672_F_GON_01_ASEReadCounter.table","NW_015090842.1:9424301",0,1,1
"ZNF469","s672_F_GON_01_ASEReadCounter.table","NW_015090842.1:9424333",0,1,1
"ZNF469","s672_F_GON_01_ASEReadCounter.table","NW_015090842.1:9428419",0,1,1
"ZNF469","s672_F_GON_01_ASEReadCounter.table","NW_015090842.1:9430560",0,2,2
"ZNF469","s672_F_GON_01_ASEReadCounter.table","NW_015090842.1:9430700",0,2,2
"ZNF469","s672_F_GON_01_ASEReadCounter.table","NW_015090842.1:9431031",0,1,1
"ZNF469","s672_F_GON_01_ASEReadCounter.table","NW_015090842.1:9431214",0,1,1
"ZNF469","s672_F_GON_01_ASEReadCounter.table","NW_015090842.1:9431700",1,1,0
"ZNF469","s672_F_GON_01_ASEReadCounter.table","NW_015090842.1:9432110",0,1,1
"ZNF469","s672_F_GON_01_ASEReadCounter.table","NW_015090842.1:9432302",0,1,1
"ZNF469","s672_F_GON_01_ASEReadCounter.table","NW_015090842.1:9432361",0,1,1
"ZNF469","s672_F_GON_01_ASEReadCounter.table","NW_015090842.1:9432374",1,2,1
"ZNF469","s672_F_GON_01_ASEReadCounter.table","NW_015090842.1:9432382",1,2,1
"ZNF469","s672_F_GON_01_ASEReadCounter.table","NW_015090842.1:9432481",2,2,0
"ZNF469","s672_F_GON_01_ASEReadCounter.table","NW_015090842.1:9432498",2,2,0
"ZNF469","s672_F_GON_01_ASEReadCounter.table","NW_015090842.1:9433268",1,3,2
"ZNF469","s672_F_GON_01_ASEReadCounter.table","NW_015090842.1:9433678",0,1,1
"ZNF469","s672_F_GON_01_ASEReadCounter.table","NW_015090842.1:9433902",0,2,2
"ZNF469","s672_F_GON_01_ASEReadCounter.table","NW_015090842.1:9435221",2,3,1
"ZFPM1","s672_F_GON_01_ASEReadCounter.table","NW_015090842.1:9458862",1,17,16
"ZFPM1","s672_F_GON_01_ASEReadCounter.table","NW_015090842.1:9458888",3,16,13
"ZFPM1","s672_F_GON_01_ASEReadCounter.table","NW_015090842.1:9458904",4,17,13
"ZFPM1","s672_F_GON_01_ASEReadCounter.table","NW_015090842.1:9458916",4,16,12
"ZFPM1","s672_F_GON_01_ASEReadCounter.table","NW_015090842.1:9468568",4,13,9
"ZFPM1","s672_F_GON_01_ASEReadCounter.table","NW_015090842.1:9468593",4,12,8
"ZFPM1","s672_F_GON_01_ASEReadCounter.table","NW_015090842.1:9471561",6,13,7
"ZFPM1","s672_F_GON_01_ASEReadCounter.table","NW_015090842.1:9472557",6,17,11
"ZFPM1","s672_F_GON_01_ASEReadCounter.table","NW_015090842.1:9472565",7,17,10
"ZFPM1","s672_F_GON_01_ASEReadCounter.table","NW_015090842.1:9472608",8,25,17
"ZFPM1","s672_F_GON_01_ASEReadCounter.table","NW_015090842.1:9472627",7,21,14
"ZFPM1","s672_F_GON_01_ASEReadCounter.table","NW_015090842.1:9472668",5,18,13
"ZFPM1","s672_F_GON_01_ASEReadCounter.table","NW_015090842.1:9473655",5,18,13
"ZFPM1","s672_F_GON_01_ASEReadCounter.table","NW_015090842.1:9475827",4,18,14
"ZFPM1","s672_F_GON_01_ASEReadCounter.table","NW_015090842.1:9475842",4,19,15
"ZFPM1","s672_F_GON_01_ASEReadCounter.table","NW_015090842.1:9476119",3,8,5
"ZFPM1","s672_F_GON_01_ASEReadCounter.table","NW_015090842.1:9476161",4,9,5
"ZFPM1","s672_F_GON_01_ASEReadCounter.table","NW_015090842.1:9476219",1,7,6
"ZFPM1","s672_F_GON_01_ASEReadCounter.table","NW_015090842.1:9476233",1,7,6
"ZFPM1","s672_F_GON_01_ASEReadCounter.table","NW_015090842.1:9476305",2,12,10
"ZFPM1","s672_F_GON_01_ASEReadCounter.table","NW_015090842.1:9476395",2,17,15
"ZFPM1","s672_F_GON_01_ASEReadCounter.table","NW_015090842.1:9476421",4,22,18
"ZFPM1","s672_F_GON_01_ASEReadCounter.table","NW_015090842.1:9476539",5,16,11
"ZFPM1","s672_F_GON_01_ASEReadCounter.table","NW_015090842.1:9476576",5,18,13
"ZFPM1","s672_F_GON_01_ASEReadCounter.table","NW_015090842.1:9476599",17,17,0
"ZFPM1","s672_F_GON_01_ASEReadCounter.table","NW_015090842.1:9476792",9,22,13
"ZFPM1","s672_F_GON_01_ASEReadCounter.table","NW_015090842.1:9476803",10,25,15
"ZFPM1","s672_F_GON_01_ASEReadCounter.table","NW_015090842.1:9477115",7,22,15
"ZFPM1","s672_F_GON_01_ASEReadCounter.table","NW_015090842.1:9477299",5,15,10
"ZFPM1","s672_F_GON_01_ASEReadCounter.table","NW_015090842.1:9477398",28,28,0
"ZFPM1","s672_F_GON_01_ASEReadCounter.table","NW_015090842.1:9477422",6,19,13
"ZFPM1","s672_F_GON_01_ASEReadCounter.table","NW_015090842.1:9477554",12,31,19
"ZFPM1","s672_F_GON_01_ASEReadCounter.table","NW_015090842.1:9477575",25,25,0
"ZFPM1","s672_F_GON_01_ASEReadCounter.table","NW_015090842.1:9477595",11,25,14
"ZFPM1","s672_F_GON_01_ASEReadCounter.table","NW_015090842.1:9477611",8,21,13
"ZFPM1","s672_F_GON_01_ASEReadCounter.table","NW_015090842.1:9477659",6,23,17
"ZFPM1","s672_F_GON_01_ASEReadCounter.table","NW_015090842.1:9477737",9,23,14
"ZFPM1","s672_F_GON_01_ASEReadCounter.table","NW_015090842.1:9477791",13,25,12
"ZFPM1","s672_F_GON_01_ASEReadCounter.table","NW_015090842.1:9477844",11,23,12
"ZFPM1","s672_F_GON_01_ASEReadCounter.table","NW_015090842.1:9477917",7,23,16
"ZFPM1","s672_F_GON_01_ASEReadCounter.table","NW_015090842.1:9478295",3,16,13
"ZFPM1","s672_F_GON_01_ASEReadCounter.table","NW_015090842.1:9478349",8,21,13
"ZFPM1","s672_F_GON_01_ASEReadCounter.table","NW_015090842.1:9478524",11,26,15
"ZFPM1","s672_F_GON_01_ASEReadCounter.table","NW_015090842.1:9478546",14,34,20
"ZFPM1","s672_F_GON_01_ASEReadCounter.table","NW_015090842.1:9478573",14,35,21
"ZFPM1","s672_F_GON_01_ASEReadCounter.table","NW_015090842.1:9478582",10,26,16
"ZFPM1","s672_F_GON_01_ASEReadCounter.table","NW_015090842.1:9478684",4,15,11
"ZFPM1","s672_F_GON_01_ASEReadCounter.table","NW_015090842.1:9478711",4,15,11
"ZFPM1","s672_F_GON_01_ASEReadCounter.table","NW_015090842.1:9478761",5,17,12
"ZFPM1","s672_F_GON_01_ASEReadCounter.table","NW_015090842.1:9478829",9,9,0
"CIDEC","s672_F_GON_01_ASEReadCounter.table","NW_015090842.1:9480170",5,5,0
"CIDEC","s672_F_GON_01_ASEReadCounter.table","NW_015090842.1:9480171",6,6,0
"CIDEC","s672_F_GON_01_ASEReadCounter.table","NW_015090842.1:9480212",4,4,0
"CIDEC","s672_F_GON_01_ASEReadCounter.table","NW_015090842.1:9480252",6,11,5
"CIDEC","s672_F_GON_01_ASEReadCounter.table","NW_015090842.1:9480391",9,15,6
"CIDEC","s672_F_GON_01_ASEReadCounter.table","NW_015090842.1:9480394",9,15,6
"CIDEC","s672_F_GON_01_ASEReadCounter.table","NW_015090842.1:9480630",12,15,3
"CIDEC","s672_F_GON_01_ASEReadCounter.table","NW_015090842.1:9480675",11,14,3
"CIDEC","s672_F_GON_01_ASEReadCounter.table","NW_015090842.1:9480686",10,13,3
"CIDEC","s672_F_GON_01_ASEReadCounter.table","NW_015090842.1:9480693",9,13,4
"CIDEC","s672_F_GON_01_ASEReadCounter.table","NW_015090842.1:9480756",9,12,3
"CIDEC","s672_F_GON_01_ASEReadCounter.table","NW_015090842.1:9481199",7,7,0
"ZC3H18","s672_F_GON_01_ASEReadCounter.table","NW_015090842.1:9494271",3,18,15
"ZC3H18","s672_F_GON_01_ASEReadCounter.table","NW_015090842.1:9501427",16,40,24
"ZC3H18","s672_F_GON_01_ASEReadCounter.table","NW_015090842.1:9501442",11,32,21
"ZC3H18","s672_F_GON_01_ASEReadCounter.table","NW_015090842.1:9505538",10,38,28
"ZC3H18","s672_F_GON_01_ASEReadCounter.table","NW_015090842.1:9506778",17,71,54
"ZC3H18","s672_F_GON_01_ASEReadCounter.table","NW_015090842.1:9522538",20,42,22
"ZC3H18","s672_F_GON_01_ASEReadCounter.table","NW_015090842.1:9524350",21,41,20
"ZC3H18","s672_F_GON_01_ASEReadCounter.table","NW_015090842.1:9524366",22,43,21
"ZC3H18","s672_F_GON_01_ASEReadCounter.table","NW_015090842.1:9524424",17,46,29
"ZC3H18","s672_F_GON_01_ASEReadCounter.table","NW_015090842.1:9529649",26,60,34
"ZC3H18","s672_F_GON_01_ASEReadCounter.table","NW_015090842.1:9529688",24,52,28
"ZC3H18","s672_F_GON_01_ASEReadCounter.table","NW_015090842.1:9529691",24,53,29
"ZC3H18","s672_F_GON_01_ASEReadCounter.table","NW_015090842.1:9530977",24,56,32
"ZC3H18","s672_F_GON_01_ASEReadCounter.table","NW_015090842.1:9536699",0,38,38
"CYBA","s672_F_GON_01_ASEReadCounter.table","NW_015090842.1:9547281",53,74,21
"CYBA","s672_F_GON_01_ASEReadCounter.table","NW_015090842.1:9547402",82,143,61
"CYBA","s672_F_GON_01_ASEReadCounter.table","NW_015090842.1:9547553",71,123,52
"CYBA","s672_F_GON_01_ASEReadCounter.table","NW_015090842.1:9548052",88,112,24
"CYBA","s672_F_GON_01_ASEReadCounter.table","NW_015090842.1:9548436",114,144,30
"CYBA","s672_F_GON_01_ASEReadCounter.table","NW_015090842.1:9548442",112,145,33
"CYBA","s672_F_GON_01_ASEReadCounter.table","NW_015090842.1:9548478",130,162,32
"CYBA","s672_F_GON_01_ASEReadCounter.table","NW_015090842.1:9548487",122,154,32
"CYBA","s672_F_GON_01_ASEReadCounter.table","NW_015090842.1:9548490",119,150,31
"CYBA","s672_F_GON_01_ASEReadCounter.table","NW_015090842.1:9548717",112,138,26
"CYBA","s672_F_GON_01_ASEReadCounter.table","NW_015090842.1:9548750",88,111,23
"CYBA","s672_F_GON_01_ASEReadCounter.table","NW_015090842.1:9548766",67,85,18
"MVD","s672_F_GON_01_ASEReadCounter.table","NW_015090842.1:9550678",17,25,8
"MVD","s672_F_GON_01_ASEReadCounter.table","NW_015090842.1:9550690",17,31,14
"MVD","s672_F_GON_01_ASEReadCounter.table","NW_015090842.1:9550691",17,30,13
"MVD","s672_F_GON_01_ASEReadCounter.table","NW_015090842.1:9550699",18,39,21
"MVD","s672_F_GON_01_ASEReadCounter.table","NW_015090842.1:9550719",18,35,17
"MVD","s672_F_GON_01_ASEReadCounter.table","NW_015090842.1:9551596",25,46,21
"MVD","s672_F_GON_01_ASEReadCounter.table","NW_015090842.1:9551638",25,46,21
"MVD","s672_F_GON_01_ASEReadCounter.table","NW_015090842.1:9551899",0,1,1
"MVD","s672_F_GON_01_ASEReadCounter.table","NW_015090842.1:9552193",25,44,19
"MVD","s672_F_GON_01_ASEReadCounter.table","NW_015090842.1:9552202",27,46,19
"MVD","s672_F_GON_01_ASEReadCounter.table","NW_015090842.1:9552208",25,42,17
"MVD","s672_F_GON_01_ASEReadCounter.table","NW_015090842.1:9552625",9,23,14
"MVD","s672_F_GON_01_ASEReadCounter.table","NW_015090842.1:9552629",22,22,0
"MVD","s672_F_GON_01_ASEReadCounter.table","NW_015090842.1:9552644",8,21,13
"MVD","s672_F_GON_01_ASEReadCounter.table","NW_015090842.1:9553093",9,30,21
"MVD","s672_F_GON_01_ASEReadCounter.table","NW_015090842.1:9553114",10,32,22
"RNF166","s672_F_GON_01_ASEReadCounter.table","NW_015090842.1:9557900",11,22,11
"RNF166","s672_F_GON_01_ASEReadCounter.table","NW_015090842.1:9558048",8,21,13
"RNF166","s672_F_GON_01_ASEReadCounter.table","NW_015090842.1:9558116",10,22,12
"RNF166","s672_F_GON_01_ASEReadCounter.table","NW_015090842.1:9558308",12,21,9
"RNF166","s672_F_GON_01_ASEReadCounter.table","NW_015090842.1:9558405",16,30,14
"RNF166","s672_F_GON_01_ASEReadCounter.table","NW_015090842.1:9558549",47,68,21
"RNF166","s672_F_GON_01_ASEReadCounter.table","NW_015090842.1:9558556",44,65,21
"RNF166","s672_F_GON_01_ASEReadCounter.table","NW_015090842.1:9558579",43,63,20
"RNF166","s672_F_GON_01_ASEReadCounter.table","NW_015090842.1:9558599",43,67,24
"RNF166","s672_F_GON_01_ASEReadCounter.table","NW_015090842.1:9558688",28,50,22
"RNF166","s672_F_GON_01_ASEReadCounter.table","NW_015090842.1:9558711",37,59,22
"RNF166","s672_F_GON_01_ASEReadCounter.table","NW_015090842.1:9558733",41,61,20
"RNF166","s672_F_GON_01_ASEReadCounter.table","NW_015090842.1:9558847",45,65,20
"RNF166","s672_F_GON_01_ASEReadCounter.table","NW_015090842.1:9559798",44,70,26
"RNF166","s672_F_GON_01_ASEReadCounter.table","NW_015090842.1:9560575",54,86,32
"RNF166","s672_F_GON_01_ASEReadCounter.table","NW_015090842.1:9561055",44,67,23
"RNF166","s672_F_GON_01_ASEReadCounter.table","NW_015090842.1:9562458",36,53,17
"RNF166","s672_F_GON_01_ASEReadCounter.table","NW_015090842.1:9562497",29,40,11
"RNF166","s672_F_GON_01_ASEReadCounter.table","NW_015090842.1:9562539",28,44,16
"RNF166","s672_F_GON_01_ASEReadCounter.table","NW_015090842.1:9564056",24,34,10
"CTU2","s672_F_GON_01_ASEReadCounter.table","NW_015090842.1:9565149",7,12,5
"CTU2","s672_F_GON_01_ASEReadCounter.table","NW_015090842.1:9565193",3,8,5
"CTU2","s672_F_GON_01_ASEReadCounter.table","NW_015090842.1:9565300",3,9,6
"CTU2","s672_F_GON_01_ASEReadCounter.table","NW_015090842.1:9565321",2,5,3
"CTU2","s672_F_GON_01_ASEReadCounter.table","NW_015090842.1:9565721",9,14,5
"CTU2","s672_F_GON_01_ASEReadCounter.table","NW_015090842.1:9565739",6,11,5
"CTU2","s672_F_GON_01_ASEReadCounter.table","NW_015090842.1:9565905",8,14,6
"CTU2","s672_F_GON_01_ASEReadCounter.table","NW_015090842.1:9566013",13,13,0
"CTU2","s672_F_GON_01_ASEReadCounter.table","NW_015090842.1:9566055",11,16,5
"CTU2","s672_F_GON_01_ASEReadCounter.table","NW_015090842.1:9566056",11,15,4
"CTU2","s672_F_GON_01_ASEReadCounter.table","NW_015090842.1:9566151",4,11,7
"CTU2","s672_F_GON_01_ASEReadCounter.table","NW_015090842.1:9566300",12,15,3
"CTU2","s672_F_GON_01_ASEReadCounter.table","NW_015090842.1:9566342",13,15,2
"CTU2","s672_F_GON_01_ASEReadCounter.table","NW_015090842.1:9566548",9,16,7
"CTU2","s672_F_GON_01_ASEReadCounter.table","NW_015090842.1:9566625",12,19,7
"CTU2","s672_F_GON_01_ASEReadCounter.table","NW_015090842.1:9566633",11,19,8
"CTU2","s672_F_GON_01_ASEReadCounter.table","NW_015090842.1:9566807",13,18,5
"CTU2","s672_F_GON_01_ASEReadCounter.table","NW_015090842.1:9567139",15,22,7
"CTU2","s672_F_GON_01_ASEReadCounter.table","NW_015090842.1:9567156",11,15,4
"CTU2","s672_F_GON_01_ASEReadCounter.table","NW_015090842.1:9567614",9,21,12
"CTU2","s672_F_GON_01_ASEReadCounter.table","NW_015090842.1:9567677",13,30,17
"CTU2","s672_F_GON_01_ASEReadCounter.table","NW_015090842.1:9567747",10,18,8
"CTU2","s672_F_GON_01_ASEReadCounter.table","NW_015090842.1:9567828",9,19,10
"CTU2","s672_F_GON_01_ASEReadCounter.table","NW_015090842.1:9567829",8,19,11
"CTU2","s672_F_GON_01_ASEReadCounter.table","NW_015090842.1:9567885",7,15,8
"PIEZO1","s672_F_GON_01_ASEReadCounter.table","NW_015090842.1:9568093",27,49,22
"PIEZO1","s672_F_GON_01_ASEReadCounter.table","NW_015090842.1:9568672",11,16,5
"PIEZO1","s672_F_GON_01_ASEReadCounter.table","NW_015090842.1:9568948",8,15,7
"PIEZO1","s672_F_GON_01_ASEReadCounter.table","NW_015090842.1:9568987",13,13,0
"PIEZO1","s672_F_GON_01_ASEReadCounter.table","NW_015090842.1:9569040",9,12,3
"PIEZO1","s672_F_GON_01_ASEReadCounter.table","NW_015090842.1:9569180",8,10,2
"PIEZO1","s672_F_GON_01_ASEReadCounter.table","NW_015090842.1:9569192",7,9,2
"PIEZO1","s672_F_GON_01_ASEReadCounter.table","NW_015090842.1:9570088",6,7,1
"PIEZO1","s672_F_GON_01_ASEReadCounter.table","NW_015090842.1:9570480",3,4,1
"PIEZO1","s672_F_GON_01_ASEReadCounter.table","NW_015090842.1:9570639",1,2,1
"PIEZO1","s672_F_GON_01_ASEReadCounter.table","NW_015090842.1:9571847",5,6,1
"PIEZO1","s672_F_GON_01_ASEReadCounter.table","NW_015090842.1:9572371",3,3,0
"PIEZO1","s672_F_GON_01_ASEReadCounter.table","NW_015090842.1:9572638",4,4,0
"PIEZO1","s672_F_GON_01_ASEReadCounter.table","NW_015090842.1:9573156",5,5,0
"PIEZO1","s672_F_GON_01_ASEReadCounter.table","NW_015090842.1:9573280",2,2,0
"PIEZO1","s672_F_GON_01_ASEReadCounter.table","NW_015090842.1:9575341",2,2,0
"PIEZO1","s672_F_GON_01_ASEReadCounter.table","NW_015090842.1:9575367",2,2,0
"PIEZO1","s672_F_GON_01_ASEReadCounter.table","NW_015090842.1:9575645",4,5,1
"PIEZO1","s672_F_GON_01_ASEReadCounter.table","NW_015090842.1:9575696",3,5,2
"PIEZO1","s672_F_GON_01_ASEReadCounter.table","NW_015090842.1:9575897",1,3,2
"PIEZO1","s672_F_GON_01_ASEReadCounter.table","NW_015090842.1:9576060",1,3,2
"PIEZO1","s672_F_GON_01_ASEReadCounter.table","NW_015090842.1:9576087",0,2,2
"PIEZO1","s672_F_GON_01_ASEReadCounter.table","NW_015090842.1:9576093",0,2,2
"PIEZO1","s672_F_GON_01_ASEReadCounter.table","NW_015090842.1:9576120",0,2,2
"PIEZO1","s672_F_GON_01_ASEReadCounter.table","NW_015090842.1:9576687",0,1,1
"PIEZO1","s672_F_GON_01_ASEReadCounter.table","NW_015090842.1:9576710",1,1,0
"PIEZO1","s672_F_GON_01_ASEReadCounter.table","NW_015090842.1:9576723",0,1,1
"PIEZO1","s672_F_GON_01_ASEReadCounter.table","NW_015090842.1:9578268",1,1,0
"PIEZO1","s672_F_GON_01_ASEReadCounter.table","NW_015090842.1:9578770",1,1,0
"PIEZO1","s672_F_GON_01_ASEReadCounter.table","NW_015090842.1:9579347",1,1,0
"PIEZO1","s672_F_GON_01_ASEReadCounter.table","NW_015090842.1:9580765",3,3,0
"PIEZO1","s672_F_GON_01_ASEReadCounter.table","NW_015090842.1:9580996",1,1,0
"PIEZO1","s672_F_GON_01_ASEReadCounter.table","NW_015090842.1:9581101",1,1,0
"PIEZO1","s672_F_GON_01_ASEReadCounter.table","NW_015090842.1:9581299",1,1,0
"CDT1","s672_F_GON_01_ASEReadCounter.table","NW_015090842.1:9596596",1,1,0
"CDT1","s672_F_GON_01_ASEReadCounter.table","NW_015090842.1:9596766",0,1,1
"CDT1","s672_F_GON_01_ASEReadCounter.table","NW_015090842.1:9597054",2,4,2
"CDT1","s672_F_GON_01_ASEReadCounter.table","NW_015090842.1:9597074",3,5,2
"CDT1","s672_F_GON_01_ASEReadCounter.table","NW_015090842.1:9597137",3,5,2
"CDT1","s672_F_GON_01_ASEReadCounter.table","NW_015090842.1:9597756",3,3,0
"CDT1","s672_F_GON_01_ASEReadCounter.table","NW_015090842.1:9597766",2,2,0
"CDT1","s672_F_GON_01_ASEReadCounter.table","NW_015090842.1:9598496",4,8,4
"CDT1","s672_F_GON_01_ASEReadCounter.table","NW_015090842.1:9598498",4,10,6
"CDT1","s672_F_GON_01_ASEReadCounter.table","NW_015090842.1:9598816",8,15,7
"CDT1","s672_F_GON_01_ASEReadCounter.table","NW_015090842.1:9598879",8,15,7
"CDT1","s672_F_GON_01_ASEReadCounter.table","NW_015090842.1:9598912",10,14,4
"CDT1","s672_F_GON_01_ASEReadCounter.table","NW_015090842.1:9598959",8,14,6
"CDT1","s672_F_GON_01_ASEReadCounter.table","NW_015090842.1:9599807",28,32,4
"CDT1","s672_F_GON_01_ASEReadCounter.table","NW_015090842.1:9599819",28,33,5
"CDT1","s672_F_GON_01_ASEReadCounter.table","NW_015090842.1:9599845",25,35,10
"CDT1","s672_F_GON_01_ASEReadCounter.table","NW_015090842.1:9600148",27,36,9
"CDT1","s672_F_GON_01_ASEReadCounter.table","NW_015090842.1:9600151",26,35,9
"CDT1","s672_F_GON_01_ASEReadCounter.table","NW_015090842.1:9600217",28,37,9
"CDT1","s672_F_GON_01_ASEReadCounter.table","NW_015090842.1:9600226",29,37,8
"CDT1","s672_F_GON_01_ASEReadCounter.table","NW_015090842.1:9600260",25,35,10
"CDT1","s672_F_GON_01_ASEReadCounter.table","NW_015090842.1:9600268",26,36,10
"CDT1","s672_F_GON_01_ASEReadCounter.table","NW_015090842.1:9600305",20,31,11
"CDT1","s672_F_GON_01_ASEReadCounter.table","NW_015090842.1:9600397",16,24,8
"CDT1","s672_F_GON_01_ASEReadCounter.table","NW_015090842.1:9600447",13,19,6
"CDT1","s672_F_GON_01_ASEReadCounter.table","NW_015090842.1:9600450",14,20,6
"CDT1","s672_F_GON_01_ASEReadCounter.table","NW_015090842.1:9600485",17,28,11
"CDT1","s672_F_GON_01_ASEReadCounter.table","NW_015090842.1:9600579",13,29,16
"APRT","s672_F_GON_01_ASEReadCounter.table","NW_015090842.1:9602308",26,48,22
"APRT","s672_F_GON_01_ASEReadCounter.table","NW_015090842.1:9602440",53,84,31
"APRT","s672_F_GON_01_ASEReadCounter.table","NW_015090842.1:9602449",56,89,33
"APRT","s672_F_GON_01_ASEReadCounter.table","NW_015090842.1:9602451",55,88,33
"APRT","s672_F_GON_01_ASEReadCounter.table","NW_015090842.1:9602455",55,89,34
"APRT","s672_F_GON_01_ASEReadCounter.table","NW_015090842.1:9602462",56,86,30
"APRT","s672_F_GON_01_ASEReadCounter.table","NW_015090842.1:9602507",40,73,33
"APRT","s672_F_GON_01_ASEReadCounter.table","NW_015090842.1:9602514",39,72,33
"APRT","s672_F_GON_01_ASEReadCounter.table","NW_015090842.1:9602530",39,70,31
"APRT","s672_F_GON_01_ASEReadCounter.table","NW_015090842.1:9602582",30,58,28
"APRT","s672_F_GON_01_ASEReadCounter.table","NW_015090842.1:9602583",30,56,26
"APRT","s672_F_GON_01_ASEReadCounter.table","NW_015090842.1:9602650",43,63,20
"APRT","s672_F_GON_01_ASEReadCounter.table","NW_015090842.1:9602655",42,61,19
"APRT","s672_F_GON_01_ASEReadCounter.table","NW_015090842.1:9602712",37,60,23
"APRT","s672_F_GON_01_ASEReadCounter.table","NW_015090842.1:9602764",44,62,18
"APRT","s672_F_GON_01_ASEReadCounter.table","NW_015090842.1:9602821",35,47,12
"APRT","s672_F_GON_01_ASEReadCounter.table","NW_015090842.1:9602867",35,51,16
"APRT","s672_F_GON_01_ASEReadCounter.table","NW_015090842.1:9602883",35,52,17
"APRT","s672_F_GON_01_ASEReadCounter.table","NW_015090842.1:9602886",36,53,17
"APRT","s672_F_GON_01_ASEReadCounter.table","NW_015090842.1:9602948",38,58,20
"APRT","s672_F_GON_01_ASEReadCounter.table","NW_015090842.1:9602958",36,55,19
"APRT","s672_F_GON_01_ASEReadCounter.table","NW_015090842.1:9603020",47,68,21
"APRT","s672_F_GON_01_ASEReadCounter.table","NW_015090842.1:9603025",46,65,19
"APRT","s672_F_GON_01_ASEReadCounter.table","NW_015090842.1:9603154",35,51,16
"APRT","s672_F_GON_01_ASEReadCounter.table","NW_015090842.1:9603166",38,55,17
"APRT","s672_F_GON_01_ASEReadCounter.table","NW_015090842.1:9603326",35,53,18
"APRT","s672_F_GON_01_ASEReadCounter.table","NW_015090842.1:9603419",24,36,12
"APRT","s672_F_GON_01_ASEReadCounter.table","NW_015090842.1:9603420",23,35,12
"APRT","s672_F_GON_01_ASEReadCounter.table","NW_015090842.1:9603464",44,74,30
"APRT","s672_F_GON_01_ASEReadCounter.table","NW_015090842.1:9603528",75,170,95
"APRT","s672_F_GON_01_ASEReadCounter.table","NW_015090842.1:9603607",87,206,119
"APRT","s672_F_GON_01_ASEReadCounter.table","NW_015090842.1:9603622",90,207,117
"APRT","s672_F_GON_01_ASEReadCounter.table","NW_015090842.1:9604361",115,245,130
"APRT","s672_F_GON_01_ASEReadCounter.table","NW_015090842.1:9605317",102,225,123
"APRT","s672_F_GON_01_ASEReadCounter.table","NW_015090842.1:9605336",107,235,128
"GALNS","s672_F_GON_01_ASEReadCounter.table","NW_015090842.1:9612872",23,42,19
"GALNS","s672_F_GON_01_ASEReadCounter.table","NW_015090842.1:9612873",22,41,19
"GALNS","s672_F_GON_01_ASEReadCounter.table","NW_015090842.1:9612877",22,42,20
"GALNS","s672_F_GON_01_ASEReadCounter.table","NW_015090842.1:9612942",74,144,70
"GALNS","s672_F_GON_01_ASEReadCounter.table","NW_015090842.1:9612987",127,127,0
"GALNS","s672_F_GON_01_ASEReadCounter.table","NW_015090842.1:9613064",82,151,69
"GALNS","s672_F_GON_01_ASEReadCounter.table","NW_015090842.1:9613096",110,190,80
"GALNS","s672_F_GON_01_ASEReadCounter.table","NW_015090842.1:9613123",98,176,78
"GALNS","s672_F_GON_01_ASEReadCounter.table","NW_015090842.1:9613125",98,177,79
"GALNS","s672_F_GON_01_ASEReadCounter.table","NW_015090842.1:9613193",81,160,79
"GALNS","s672_F_GON_01_ASEReadCounter.table","NW_015090842.1:9613226",77,154,77
"GALNS","s672_F_GON_01_ASEReadCounter.table","NW_015090842.1:9613249",89,173,84
"GALNS","s672_F_GON_01_ASEReadCounter.table","NW_015090842.1:9613256",95,179,84
"GALNS","s672_F_GON_01_ASEReadCounter.table","NW_015090842.1:9613317",82,155,73
"GALNS","s672_F_GON_01_ASEReadCounter.table","NW_015090842.1:9613343",80,149,69
"GALNS","s672_F_GON_01_ASEReadCounter.table","NW_015090842.1:9613344",79,147,68
"GALNS","s672_F_GON_01_ASEReadCounter.table","NW_015090842.1:9613371",93,166,73
"GALNS","s672_F_GON_01_ASEReadCounter.table","NW_015090842.1:9613378",93,165,72
"GALNS","s672_F_GON_01_ASEReadCounter.table","NW_015090842.1:9613379",94,167,73
"GALNS","s672_F_GON_01_ASEReadCounter.table","NW_015090842.1:9613516",92,173,81
"GALNS","s672_F_GON_01_ASEReadCounter.table","NW_015090842.1:9613572",96,181,85
"GALNS","s672_F_GON_01_ASEReadCounter.table","NW_015090842.1:9613597",80,178,98
"GALNS","s672_F_GON_01_ASEReadCounter.table","NW_015090842.1:9613627",61,147,86
"GALNS","s672_F_GON_01_ASEReadCounter.table","NW_015090842.1:9613640",52,137,85
"GALNS","s672_F_GON_01_ASEReadCounter.table","NW_015090842.1:9614025",80,142,62
"GALNS","s672_F_GON_01_ASEReadCounter.table","NW_015090842.1:9614169",64,110,46
"GALNS","s672_F_GON_01_ASEReadCounter.table","NW_015090842.1:9614232",106,106,0
"GALNS","s672_F_GON_01_ASEReadCounter.table","NW_015090842.1:9614667",65,111,46
"GALNS","s672_F_GON_01_ASEReadCounter.table","NW_015090842.1:9614709",49,98,49
"GALNS","s672_F_GON_01_ASEReadCounter.table","NW_015090842.1:9614880",80,123,43
"GALNS","s672_F_GON_01_ASEReadCounter.table","NW_015090842.1:9614902",71,114,43
"GALNS","s672_F_GON_01_ASEReadCounter.table","NW_015090842.1:9614960",52,93,41
"GALNS","s672_F_GON_01_ASEReadCounter.table","NW_015090842.1:9615114",77,195,118
"GALNS","s672_F_GON_01_ASEReadCounter.table","NW_015090842.1:9615199",80,210,130
"GALNS","s672_F_GON_01_ASEReadCounter.table","NW_015090842.1:9615217",78,207,129
"GALNS","s672_F_GON_01_ASEReadCounter.table","NW_015090842.1:9615277",71,266,195
"GALNS","s672_F_GON_01_ASEReadCounter.table","NW_015090842.1:9615377",109,445,336
"GALNS","s672_F_GON_01_ASEReadCounter.table","NW_015090842.1:9647858",81,452,371
"GALNS","s672_F_GON_01_ASEReadCounter.table","NW_015090842.1:9649186",75,445,370
"GALNS","s672_F_GON_01_ASEReadCounter.table","NW_015090842.1:9649237",75,406,331
"GALNS","s672_F_GON_01_ASEReadCounter.table","NW_015090842.1:9661193",30,142,112
"TRAPPC2L","s672_F_GON_01_ASEReadCounter.table","NW_015090842.1:9662951",507,862,355
"TRAPPC2L","s672_F_GON_01_ASEReadCounter.table","NW_015090842.1:9663014",559,898,339
"TRAPPC2L","s672_F_GON_01_ASEReadCounter.table","NW_015090842.1:9664305",767,768,1
"TRAPPC2L","s672_F_GON_01_ASEReadCounter.table","NW_015090842.1:9665155",438,702,264
"TRAPPC2L","s672_F_GON_01_ASEReadCounter.table","NW_015090842.1:9665211",118,229,111
"CBFA2T3","s672_F_GON_01_ASEReadCounter.table","NW_015090842.1:9709469",0,1,1
"CBFA2T3","s672_F_GON_01_ASEReadCounter.table","NW_015090842.1:9709475",0,1,1
"CBFA2T3","s672_F_GON_01_ASEReadCounter.table","NW_015090842.1:9717058",2,2,0
"CBFA2T3","s672_F_GON_01_ASEReadCounter.table","NW_015090842.1:9717093",2,2,0
"CBFA2T3","s672_F_GON_01_ASEReadCounter.table","NW_015090842.1:9717114",1,1,0
"CBFA2T3","s672_F_GON_01_ASEReadCounter.table","NW_015090842.1:9717139",1,1,0
"ACSF3","s672_F_GON_01_ASEReadCounter.table","NW_015090842.1:9773379",12,17,5
"ACSF3","s672_F_GON_01_ASEReadCounter.table","NW_015090842.1:9773382",13,19,6
"ACSF3","s672_F_GON_01_ASEReadCounter.table","NW_015090842.1:9773384",13,19,6
"ACSF3","s672_F_GON_01_ASEReadCounter.table","NW_015090842.1:9773388",15,22,7
"ACSF3","s672_F_GON_01_ASEReadCounter.table","NW_015090842.1:9776753",50,78,28
"ACSF3","s672_F_GON_01_ASEReadCounter.table","NW_015090842.1:9776783",55,74,19
"ACSF3","s672_F_GON_01_ASEReadCounter.table","NW_015090842.1:9776879",57,72,15
"ACSF3","s672_F_GON_01_ASEReadCounter.table","NW_015090842.1:9776965",49,71,22
"ACSF3","s672_F_GON_01_ASEReadCounter.table","NW_015090842.1:9777091",65,90,25
"ACSF3","s672_F_GON_01_ASEReadCounter.table","NW_015090842.1:9777206",65,90,25
"ACSF3","s672_F_GON_01_ASEReadCounter.table","NW_015090842.1:9777283",74,101,27
"ACSF3","s672_F_GON_01_ASEReadCounter.table","NW_015090842.1:9778955",68,108,40
"ACSF3","s672_F_GON_01_ASEReadCounter.table","NW_015090842.1:9778997",81,136,55
"ACSF3","s672_F_GON_01_ASEReadCounter.table","NW_015090842.1:9789311",5,9,4
"ACSF3","s672_F_GON_01_ASEReadCounter.table","NW_015090842.1:9789906",1,11,10
"ACSF3","s672_F_GON_01_ASEReadCounter.table","NW_015090842.1:9834743",10,25,15
"ACSF3","s672_F_GON_01_ASEReadCounter.table","NW_015090842.1:9834852",17,32,15
"ACSF3","s672_F_GON_01_ASEReadCounter.table","NW_015090842.1:9834861",17,32,15
"ACSF3","s672_F_GON_01_ASEReadCounter.table","NW_015090842.1:9839359",11,22,11
"ACSF3","s672_F_GON_01_ASEReadCounter.table","NW_015090842.1:9839378",11,20,9
"ACSF3","s672_F_GON_01_ASEReadCounter.table","NW_015090842.1:9839455",16,28,12
"ACSF3","s672_F_GON_01_ASEReadCounter.table","NW_015090842.1:9839457",16,28,12
"ACSF3","s672_F_GON_01_ASEReadCounter.table","NW_015090842.1:9839489",12,22,10
"ACSF3","s672_F_GON_01_ASEReadCounter.table","NW_015090842.1:9839500",5,15,10
"ACSF3","s672_F_GON_01_ASEReadCounter.table","NW_015090842.1:9839501",5,15,10
"ACSF3","s672_F_GON_01_ASEReadCounter.table","NW_015090842.1:9839504",5,13,8
"ACSF3","s672_F_GON_01_ASEReadCounter.table","NW_015090842.1:9839512",5,11,6
"ACSF3","s672_F_GON_01_ASEReadCounter.table","NW_015090842.1:9839527",4,9,5
"ACSF3","s672_F_GON_01_ASEReadCounter.table","NW_015090842.1:9839533",1,6,5
"ACSF3","s672_F_GON_01_ASEReadCounter.table","NW_015090842.1:9839535",1,5,4
"ACSF3","s672_F_GON_01_ASEReadCounter.table","NW_015090842.1:9839545",0,4,4
"ACSF3","s672_F_GON_01_ASEReadCounter.table","NW_015090842.1:9839550",0,4,4
"ACSF3","s672_F_GON_01_ASEReadCounter.table","NW_015090842.1:9839551",0,4,4
"CDH15","s672_F_GON_01_ASEReadCounter.table","NW_015090842.1:9848004",0,1,1
"CDH15","s672_F_GON_01_ASEReadCounter.table","NW_015090842.1:9850141",1,1,0
"CDH15","s672_F_GON_01_ASEReadCounter.table","NW_015090842.1:9850609",0,1,1
"SLC22A31","s672_F_GON_01_ASEReadCounter.table","NW_015090842.1:9850797",0,2,2
"SLC22A31","s672_F_GON_01_ASEReadCounter.table","NW_015090842.1:9850818",0,2,2
"SLC22A31","s672_F_GON_01_ASEReadCounter.table","NW_015090842.1:9850929",0,2,2
"SLC22A31","s672_F_GON_01_ASEReadCounter.table","NW_015090842.1:9850936",0,2,2
"SLC22A31","s672_F_GON_01_ASEReadCounter.table","NW_015090842.1:9850940",0,2,2
"SLC22A31","s672_F_GON_01_ASEReadCounter.table","NW_015090842.1:9850948",0,2,2
"SLC22A31","s672_F_GON_01_ASEReadCounter.table","NW_015090842.1:9850961",0,1,1
"SLC22A31","s672_F_GON_01_ASEReadCounter.table","NW_015090842.1:9850978",0,1,1
"SLC22A31","s672_F_GON_01_ASEReadCounter.table","NW_015090842.1:9850981",1,2,1
"SLC22A31","s672_F_GON_01_ASEReadCounter.table","NW_015090842.1:9851117",35,48,13
"SLC22A31","s672_F_GON_01_ASEReadCounter.table","NW_015090842.1:9851130",38,51,13
"SLC22A31","s672_F_GON_01_ASEReadCounter.table","NW_015090842.1:9851139",39,52,13
"SLC22A31","s672_F_GON_01_ASEReadCounter.table","NW_015090842.1:9851265",63,91,28
"SLC22A31","s672_F_GON_01_ASEReadCounter.table","NW_015090842.1:9851302",53,87,34
"SLC22A31","s672_F_GON_01_ASEReadCounter.table","NW_015090842.1:9851303",53,84,31
"SLC22A31","s672_F_GON_01_ASEReadCounter.table","NW_015090842.1:9851305",53,87,34
"SLC22A31","s672_F_GON_01_ASEReadCounter.table","NW_015090842.1:9851343",60,82,22
"SLC22A31","s672_F_GON_01_ASEReadCounter.table","NW_015090842.1:9851344",67,86,19
"SLC22A31","s672_F_GON_01_ASEReadCounter.table","NW_015090842.1:9851361",90,90,0
"SLC22A31","s672_F_GON_01_ASEReadCounter.table","NW_015090842.1:9851381",81,113,32
"SLC22A31","s672_F_GON_01_ASEReadCounter.table","NW_015090842.1:9851421",95,126,31
"SLC22A31","s672_F_GON_01_ASEReadCounter.table","NW_015090842.1:9851501",67,98,31
"SLC22A31","s672_F_GON_01_ASEReadCounter.table","NW_015090842.1:9851526",89,132,43
"SLC22A31","s672_F_GON_01_ASEReadCounter.table","NW_015090842.1:9851589",90,129,39
"SLC22A31","s672_F_GON_01_ASEReadCounter.table","NW_015090842.1:9851712",113,145,32
"SLC22A31","s672_F_GON_01_ASEReadCounter.table","NW_015090842.1:9851899",107,135,28
"SLC22A31","s672_F_GON_01_ASEReadCounter.table","NW_015090842.1:9852139",96,135,39
"SLC22A31","s672_F_GON_01_ASEReadCounter.table","NW_015090842.1:9852380",114,158,44
"SLC22A31","s672_F_GON_01_ASEReadCounter.table","NW_015090842.1:9852431",84,119,35
"SLC22A31","s672_F_GON_01_ASEReadCounter.table","NW_015090842.1:9852630",97,118,21
"SLC22A31","s672_F_GON_01_ASEReadCounter.table","NW_015090842.1:9852711",61,77,16
"SLC22A31","s672_F_GON_01_ASEReadCounter.table","NW_015090842.1:9853099",61,80,19
"SLC22A31","s672_F_GON_01_ASEReadCounter.table","NW_015090842.1:9853102",64,83,19
"SLC22A31","s672_F_GON_01_ASEReadCounter.table","NW_015090842.1:9853421",51,51,0
"SLC22A31","s672_F_GON_01_ASEReadCounter.table","NW_015090842.1:9853457",59,59,0
"SLC22A31","s672_F_GON_01_ASEReadCounter.table","NW_015090842.1:9853502",42,42,0
"ANKRD11","s672_F_GON_01_ASEReadCounter.table","NW_015090842.1:9858863",1,1,0
"ANKRD11","s672_F_GON_01_ASEReadCounter.table","NW_015090842.1:9859101",13,35,22
"ANKRD11","s672_F_GON_01_ASEReadCounter.table","NW_015090842.1:9859352",15,30,15
"ANKRD11","s672_F_GON_01_ASEReadCounter.table","NW_015090842.1:9859381",2,12,10
"ANKRD11","s672_F_GON_01_ASEReadCounter.table","NW_015090842.1:9859679",15,22,7
"ANKRD11","s672_F_GON_01_ASEReadCounter.table","NW_015090842.1:9861097",8,16,8
"ANKRD11","s672_F_GON_01_ASEReadCounter.table","NW_015090842.1:9862571",2,5,3
"ANKRD11","s672_F_GON_01_ASEReadCounter.table","NW_015090842.1:9862652",3,5,2
"ANKRD11","s672_F_GON_01_ASEReadCounter.table","NW_015090842.1:9866071",0,4,4
"ANKRD11","s672_F_GON_01_ASEReadCounter.table","NW_015090842.1:9866200",0,1,1
"ANKRD11","s672_F_GON_01_ASEReadCounter.table","NW_015090842.1:9867391",1,1,0
"ANKRD11","s672_F_GON_01_ASEReadCounter.table","NW_015090842.1:9867472",1,2,1
"ANKRD11","s672_F_GON_01_ASEReadCounter.table","NW_015090842.1:9867559",1,1,0
"ANKRD11","s672_F_GON_01_ASEReadCounter.table","NW_015090842.1:9867667",2,3,1
"ANKRD11","s672_F_GON_01_ASEReadCounter.table","NW_015090842.1:9867934",4,7,3
"ANKRD11","s672_F_GON_01_ASEReadCounter.table","NW_015090842.1:9868064",1,5,4
"ANKRD11","s672_F_GON_01_ASEReadCounter.table","NW_015090842.1:9868093",3,7,4
"ANKRD11","s672_F_GON_01_ASEReadCounter.table","NW_015090842.1:9868222",0,2,2
"ANKRD11","s672_F_GON_01_ASEReadCounter.table","NW_015090842.1:9868327",4,7,3
"ANKRD11","s672_F_GON_01_ASEReadCounter.table","NW_015090842.1:9868414",3,5,2
"ANKRD11","s672_F_GON_01_ASEReadCounter.table","NW_015090842.1:9868441",0,2,2
"ANKRD11","s672_F_GON_01_ASEReadCounter.table","NW_015090842.1:9868444",0,2,2
"ANKRD11","s672_F_GON_01_ASEReadCounter.table","NW_015090842.1:9868519",4,6,2
"ANKRD11","s672_F_GON_01_ASEReadCounter.table","NW_015090842.1:9868609",2,7,5
"ANKRD11","s672_F_GON_01_ASEReadCounter.table","NW_015090842.1:9868666",1,5,4
"ANKRD11","s672_F_GON_01_ASEReadCounter.table","NW_015090842.1:9868738",8,8,0
"ANKRD11","s672_F_GON_01_ASEReadCounter.table","NW_015090842.1:9869431",2,4,2
"ANKRD11","s672_F_GON_01_ASEReadCounter.table","NW_015090842.1:9869578",1,8,7
"ANKRD11","s672_F_GON_01_ASEReadCounter.table","NW_015090842.1:9869734",2,7,5
"ANKRD11","s672_F_GON_01_ASEReadCounter.table","NW_015090842.1:9870070",5,11,6
"ANKRD11","s672_F_GON_01_ASEReadCounter.table","NW_015090842.1:9870349",7,15,8
"ANKRD11","s672_F_GON_01_ASEReadCounter.table","NW_015090842.1:9870604",3,8,5
"ANKRD11","s672_F_GON_01_ASEReadCounter.table","NW_015090842.1:9870613",4,9,5
"ANKRD11","s672_F_GON_01_ASEReadCounter.table","NW_015090842.1:9870685",6,15,9
"ANKRD11","s672_F_GON_01_ASEReadCounter.table","NW_015090842.1:9870760",9,15,6
"ANKRD11","s672_F_GON_01_ASEReadCounter.table","NW_015090842.1:9870847",11,17,6
"ANKRD11","s672_F_GON_01_ASEReadCounter.table","NW_015090842.1:9871103",6,13,7
"ANKRD11","s672_F_GON_01_ASEReadCounter.table","NW_015090842.1:9871165",8,13,5
"ANKRD11","s672_F_GON_01_ASEReadCounter.table","NW_015090842.1:9871508",2,2,0
"ANKRD11","s672_F_GON_01_ASEReadCounter.table","NW_015090842.1:9871820",1,3,2
"ANKRD11","s672_F_GON_01_ASEReadCounter.table","NW_015090842.1:9872118",2,2,0
"ANKRD11","s672_F_GON_01_ASEReadCounter.table","NW_015090842.1:9877406",2,3,1
"SPG7","s672_F_GON_01_ASEReadCounter.table","NW_015090842.1:10051190",43,102,59
"SPG7","s672_F_GON_01_ASEReadCounter.table","NW_015090842.1:10051218",49,108,59
"SPG7","s672_F_GON_01_ASEReadCounter.table","NW_015090842.1:10052348",62,115,53
"SPG7","s672_F_GON_01_ASEReadCounter.table","NW_015090842.1:10052366",59,118,59
"SPG7","s672_F_GON_01_ASEReadCounter.table","NW_015090842.1:10065173",86,217,131
"SPG7","s672_F_GON_01_ASEReadCounter.table","NW_015090842.1:10065215",76,174,98
"SPG7","s672_F_GON_01_ASEReadCounter.table","NW_015090842.1:10066365",79,168,89
"SPG7","s672_F_GON_01_ASEReadCounter.table","NW_015090842.1:10069752",103,209,106
"SPG7","s672_F_GON_01_ASEReadCounter.table","NW_015090842.1:10069800",97,217,120
"SPG7","s672_F_GON_01_ASEReadCounter.table","NW_015090842.1:10071192",124,248,124
"SPG7","s672_F_GON_01_ASEReadCounter.table","NW_015090842.1:10071219",108,217,109
"SPG7","s672_F_GON_01_ASEReadCounter.table","NW_015090842.1:10071967",84,209,125
"SPG7","s672_F_GON_01_ASEReadCounter.table","NW_015090842.1:10075109",164,368,204
"SPG7","s672_F_GON_01_ASEReadCounter.table","NW_015090842.1:10075114",171,376,205
"SPG7","s672_F_GON_01_ASEReadCounter.table","NW_015090842.1:10075198",142,293,151
"SPG7","s672_F_GON_01_ASEReadCounter.table","NW_015090842.1:10075487",106,262,156
"SPG7","s672_F_GON_01_ASEReadCounter.table","NW_015090842.1:10075488",106,267,161
"SPG7","s672_F_GON_01_ASEReadCounter.table","NW_015090842.1:10075548",78,191,113
"RPL13","s672_F_GON_01_ASEReadCounter.table","NW_015090842.1:10077387",585,1206,621
"RPL13","s672_F_GON_01_ASEReadCounter.table","NW_015090842.1:10077978",890,1861,971
"RPL13","s672_F_GON_01_ASEReadCounter.table","NW_015090842.1:10077992",872,1780,908
"CPNE7","s672_F_GON_01_ASEReadCounter.table","NW_015090842.1:10084001",0,1,1
"CPNE7","s672_F_GON_01_ASEReadCounter.table","NW_015090842.1:10084872",1,1,0
"CPNE7","s672_F_GON_01_ASEReadCounter.table","NW_015090842.1:10084892",1,1,0
"CPNE7","s672_F_GON_01_ASEReadCounter.table","NW_015090842.1:10084921",1,1,0
"CPNE7","s672_F_GON_01_ASEReadCounter.table","NW_015090842.1:10084935",1,1,0
"CPNE7","s672_F_GON_01_ASEReadCounter.table","NW_015090842.1:10085000",2,2,0
"CPNE7","s672_F_GON_01_ASEReadCounter.table","NW_015090842.1:10085089",2,2,0
"CPNE7","s672_F_GON_01_ASEReadCounter.table","NW_015090842.1:10085096",2,2,0
"CPNE7","s672_F_GON_01_ASEReadCounter.table","NW_015090842.1:10085126",2,2,0
"CPNE7","s672_F_GON_01_ASEReadCounter.table","NW_015090842.1:10085167",1,1,0
"CPNE7","s672_F_GON_01_ASEReadCounter.table","NW_015090842.1:10085201",1,1,0
"CPNE7","s672_F_GON_01_ASEReadCounter.table","NW_015090842.1:10088134",1,3,2
"CPNE7","s672_F_GON_01_ASEReadCounter.table","NW_015090842.1:10088146",1,3,2
"CPNE7","s672_F_GON_01_ASEReadCounter.table","NW_015090842.1:10088806",1,4,3
"CPNE7","s672_F_GON_01_ASEReadCounter.table","NW_015090842.1:10088940",2,4,2
"CPNE7","s672_F_GON_01_ASEReadCounter.table","NW_015090842.1:10088965",2,3,1
"CPNE7","s672_F_GON_01_ASEReadCounter.table","NW_015090842.1:10088967",2,3,1
"CPNE7","s672_F_GON_01_ASEReadCounter.table","NW_015090842.1:10088973",2,3,1
"CPNE7","s672_F_GON_01_ASEReadCounter.table","NW_015090842.1:10090924",1,3,2
"CPNE7","s672_F_GON_01_ASEReadCounter.table","NW_015090842.1:10090930",1,3,2
"CPNE7","s672_F_GON_01_ASEReadCounter.table","NW_015090842.1:10091075",1,2,1
"CPNE7","s672_F_GON_01_ASEReadCounter.table","NW_015090842.1:10091389",2,4,2
"CPNE7","s672_F_GON_01_ASEReadCounter.table","NW_015090842.1:10091407",2,3,1
"CPNE7","s672_F_GON_01_ASEReadCounter.table","NW_015090842.1:10091488",4,4,0
"CPNE7","s672_F_GON_01_ASEReadCounter.table","NW_015090842.1:10091491",5,5,0
"CPNE7","s672_F_GON_01_ASEReadCounter.table","NW_015090842.1:10091530",4,9,5
"CPNE7","s672_F_GON_01_ASEReadCounter.table","NW_015090842.1:10091875",1,4,3
"CPNE7","s672_F_GON_01_ASEReadCounter.table","NW_015090842.1:10091983",2,4,2
"CPNE7","s672_F_GON_01_ASEReadCounter.table","NW_015090842.1:10091997",2,4,2
"CPNE7","s672_F_GON_01_ASEReadCounter.table","NW_015090842.1:10092038",1,1,0
"CPNE7","s672_F_GON_01_ASEReadCounter.table","NW_015090842.1:10092140",2,4,2
"CPNE7","s672_F_GON_01_ASEReadCounter.table","NW_015090842.1:10092183",1,3,2
"CPNE7","s672_F_GON_01_ASEReadCounter.table","NW_015090842.1:10092201",1,2,1
"CPNE7","s672_F_GON_01_ASEReadCounter.table","NW_015090842.1:10092230",0,1,1
"LOC106888185","s672_F_GON_01_ASEReadCounter.table","NW_015090842.1:10094965",1,16,15
"LOC106888185","s672_F_GON_01_ASEReadCounter.table","NW_015090842.1:10094966",1,16,15
"LOC106888185","s672_F_GON_01_ASEReadCounter.table","NW_015090842.1:10094985",1,16,15
"LOC106888185","s672_F_GON_01_ASEReadCounter.table","NW_015090842.1:10095055",0,14,14
"LOC106888185","s672_F_GON_01_ASEReadCounter.table","NW_015090842.1:10095062",0,15,15
"LOC106888185","s672_F_GON_01_ASEReadCounter.table","NW_015090842.1:10095130",1,14,13
"LOC106888185","s672_F_GON_01_ASEReadCounter.table","NW_015090842.1:10095265",36,72,36
"LOC106888185","s672_F_GON_01_ASEReadCounter.table","NW_015090842.1:10095586",22,64,42
"LOC106888185","s672_F_GON_01_ASEReadCounter.table","NW_015090842.1:10095593",23,64,41
"LOC106888185","s672_F_GON_01_ASEReadCounter.table","NW_015090842.1:10095616",18,65,47
"LOC106888185","s672_F_GON_01_ASEReadCounter.table","NW_015090842.1:10095662",21,53,32
"LOC106888185","s672_F_GON_01_ASEReadCounter.table","NW_015090842.1:10095674",20,51,31
"LOC106888185","s672_F_GON_01_ASEReadCounter.table","NW_015090842.1:10095786",29,55,26
"LOC106888185","s672_F_GON_01_ASEReadCounter.table","NW_015090842.1:10095831",26,56,30
"LOC106888185","s672_F_GON_01_ASEReadCounter.table","NW_015090842.1:10096230",26,51,25
"LOC106888185","s672_F_GON_01_ASEReadCounter.table","NW_015090842.1:10096249",30,67,37
"LOC106888185","s672_F_GON_01_ASEReadCounter.table","NW_015090842.1:10096272",37,76,39
"LOC106888185","s672_F_GON_01_ASEReadCounter.table","NW_015090842.1:10096288",37,78,41
"LOC106888185","s672_F_GON_01_ASEReadCounter.table","NW_015090842.1:10097248",26,80,54
"LOC106888185","s672_F_GON_01_ASEReadCounter.table","NW_015090842.1:10097265",39,111,72
"LOC106888185","s672_F_GON_01_ASEReadCounter.table","NW_015090842.1:10097446",3,9,6
"DPEP1","s672_F_GON_01_ASEReadCounter.table","NW_015090842.1:10098017",1,5,4
"DPEP1","s672_F_GON_01_ASEReadCounter.table","NW_015090842.1:10098518",0,10,10
"DPEP1","s672_F_GON_01_ASEReadCounter.table","NW_015090842.1:10098595",1,14,13
"DPEP1","s672_F_GON_01_ASEReadCounter.table","NW_015090842.1:10098597",1,14,13
"DPEP1","s672_F_GON_01_ASEReadCounter.table","NW_015090842.1:10098601",1,13,12
"DPEP1","s672_F_GON_01_ASEReadCounter.table","NW_015090842.1:10098608",1,13,12
"DPEP1","s672_F_GON_01_ASEReadCounter.table","NW_015090842.1:10098630",1,8,7
"DPEP1","s672_F_GON_01_ASEReadCounter.table","NW_015090842.1:10098659",1,12,11
"DPEP1","s672_F_GON_01_ASEReadCounter.table","NW_015090842.1:10099765",5,16,11
"DPEP1","s672_F_GON_01_ASEReadCounter.table","NW_015090842.1:10099985",3,15,12
"DPEP1","s672_F_GON_01_ASEReadCounter.table","NW_015090842.1:10099986",3,15,12
"DPEP1","s672_F_GON_01_ASEReadCounter.table","NW_015090842.1:10099991",3,15,12
"DPEP1","s672_F_GON_01_ASEReadCounter.table","NW_015090842.1:10100044",5,18,13
"DPEP1","s672_F_GON_01_ASEReadCounter.table","NW_015090842.1:10100045",4,17,13
"DPEP1","s672_F_GON_01_ASEReadCounter.table","NW_015090842.1:10100084",4,15,11
"DPEP1","s672_F_GON_01_ASEReadCounter.table","NW_015090842.1:10100295",6,16,10
"DPEP1","s672_F_GON_01_ASEReadCounter.table","NW_015090842.1:10100529",4,20,16
"DPEP1","s672_F_GON_01_ASEReadCounter.table","NW_015090842.1:10100893",8,31,23
"DPEP1","s672_F_GON_01_ASEReadCounter.table","NW_015090842.1:10100902",9,32,23
"DPEP1","s672_F_GON_01_ASEReadCounter.table","NW_015090842.1:10101072",4,32,28
"DPEP1","s672_F_GON_01_ASEReadCounter.table","NW_015090842.1:10101199",5,33,28
"DPEP1","s672_F_GON_01_ASEReadCounter.table","NW_015090842.1:10101483",5,25,20
"DPEP1","s672_F_GON_01_ASEReadCounter.table","NW_015090842.1:10101497",7,30,23
"DPEP1","s672_F_GON_01_ASEReadCounter.table","NW_015090842.1:10101525",7,32,25
"DPEP1","s672_F_GON_01_ASEReadCounter.table","NW_015090842.1:10101875",3,26,23
"DPEP1","s672_F_GON_01_ASEReadCounter.table","NW_015090842.1:10101913",3,21,18
"DPEP1","s672_F_GON_01_ASEReadCounter.table","NW_015090842.1:10101996",5,19,14
"DPEP1","s672_F_GON_01_ASEReadCounter.table","NW_015090842.1:10102014",4,16,12
"DPEP1","s672_F_GON_01_ASEReadCounter.table","NW_015090842.1:10102035",3,13,10
"CHMP1A","s672_F_GON_01_ASEReadCounter.table","NW_015090842.1:10102901",73,202,129
"CHMP1A","s672_F_GON_01_ASEReadCounter.table","NW_015090842.1:10102961",62,194,132
"CHMP1A","s672_F_GON_01_ASEReadCounter.table","NW_015090842.1:10102996",42,174,132
"CHMP1A","s672_F_GON_01_ASEReadCounter.table","NW_015090842.1:10103004",47,180,133
"CHMP1A","s672_F_GON_01_ASEReadCounter.table","NW_015090842.1:10103006",47,180,133
"CHMP1A","s672_F_GON_01_ASEReadCounter.table","NW_015090842.1:10103052",88,238,150
"CHMP1A","s672_F_GON_01_ASEReadCounter.table","NW_015090842.1:10103095",85,231,146
"CHMP1A","s672_F_GON_01_ASEReadCounter.table","NW_015090842.1:10103096",86,232,146
"CHMP1A","s672_F_GON_01_ASEReadCounter.table","NW_015090842.1:10103152",74,169,95
"CHMP1A","s672_F_GON_01_ASEReadCounter.table","NW_015090842.1:10103173",81,172,91
"CHMP1A","s672_F_GON_01_ASEReadCounter.table","NW_015090842.1:10103334",71,132,61
"CHMP1A","s672_F_GON_01_ASEReadCounter.table","NW_015090842.1:10103373",51,120,69
"CHMP1A","s672_F_GON_01_ASEReadCounter.table","NW_015090842.1:10103408",66,153,87
"CHMP1A","s672_F_GON_01_ASEReadCounter.table","NW_015090842.1:10103412",71,155,84
"CHMP1A","s672_F_GON_01_ASEReadCounter.table","NW_015090842.1:10103512",95,196,101
"CHMP1A","s672_F_GON_01_ASEReadCounter.table","NW_015090842.1:10103513",95,196,101
"CHMP1A","s672_F_GON_01_ASEReadCounter.table","NW_015090842.1:10103583",43,108,65
"CHMP1A","s672_F_GON_01_ASEReadCounter.table","NW_015090842.1:10103614",48,113,65
"CHMP1A","s672_F_GON_01_ASEReadCounter.table","NW_015090842.1:10103657",42,106,64
"CHMP1A","s672_F_GON_01_ASEReadCounter.table","NW_015090842.1:10103669",37,96,59
"CHMP1A","s672_F_GON_01_ASEReadCounter.table","NW_015090842.1:10103674",36,92,56
"CHMP1A","s672_F_GON_01_ASEReadCounter.table","NW_015090842.1:10103677",33,88,55
"CHMP1A","s672_F_GON_01_ASEReadCounter.table","NW_015090842.1:10103729",63,118,55
"CHMP1A","s672_F_GON_01_ASEReadCounter.table","NW_015090842.1:10103758",65,117,52
"CHMP1A","s672_F_GON_01_ASEReadCounter.table","NW_015090842.1:10103761",67,124,57
"CHMP1A","s672_F_GON_01_ASEReadCounter.table","NW_015090842.1:10103788",75,150,75
"CHMP1A","s672_F_GON_01_ASEReadCounter.table","NW_015090842.1:10103789",76,152,76
"CHMP1A","s672_F_GON_01_ASEReadCounter.table","NW_015090842.1:10103790",75,148,73
"CHMP1A","s672_F_GON_01_ASEReadCounter.table","NW_015090842.1:10103950",54,129,75
"CHMP1A","s672_F_GON_01_ASEReadCounter.table","NW_015090842.1:10104335",47,101,54
"CHMP1A","s672_F_GON_01_ASEReadCounter.table","NW_015090842.1:10104429",52,122,70
"CHMP1A","s672_F_GON_01_ASEReadCounter.table","NW_015090842.1:10104532",61,127,66
"CHMP1A","s672_F_GON_01_ASEReadCounter.table","NW_015090842.1:10104633",53,92,39
"CHMP1A","s672_F_GON_01_ASEReadCounter.table","NW_015090842.1:10104759",44,91,47
"CHMP1A","s672_F_GON_01_ASEReadCounter.table","NW_015090842.1:10104794",56,108,52
"CHMP1A","s672_F_GON_01_ASEReadCounter.table","NW_015090842.1:10104841",92,92,0
"CHMP1A","s672_F_GON_01_ASEReadCounter.table","NW_015090842.1:10104844",39,88,49
"CHMP1A","s672_F_GON_01_ASEReadCounter.table","NW_015090842.1:10106242",46,110,64
"CHMP1A","s672_F_GON_01_ASEReadCounter.table","NW_015090842.1:10106290",41,98,57
"CHMP1A","s672_F_GON_01_ASEReadCounter.table","NW_015090842.1:10106335",57,113,56
"CHMP1A","s672_F_GON_01_ASEReadCounter.table","NW_015090842.1:10106383",75,150,75
"CHMP1A","s672_F_GON_01_ASEReadCounter.table","NW_015090842.1:10106747",66,139,73
"CHMP1A","s672_F_GON_01_ASEReadCounter.table","NW_015090842.1:10107404",55,106,51
"CHMP1A","s672_F_GON_01_ASEReadCounter.table","NW_015090842.1:10107876",52,94,42
"CDK10","s672_F_GON_01_ASEReadCounter.table","NW_015090842.1:10109030",9,11,2
"CDK10","s672_F_GON_01_ASEReadCounter.table","NW_015090842.1:10109963",58,132,74
"CDK10","s672_F_GON_01_ASEReadCounter.table","NW_015090842.1:10110887",69,128,59
"CDK10","s672_F_GON_01_ASEReadCounter.table","NW_015090842.1:10111254",45,95,50
"CDK10","s672_F_GON_01_ASEReadCounter.table","NW_015090842.1:10111380",47,118,71
"CDK10","s672_F_GON_01_ASEReadCounter.table","NW_015090842.1:10111395",47,123,76
"CDK10","s672_F_GON_01_ASEReadCounter.table","NW_015090842.1:10111437",23,93,70
"CDK10","s672_F_GON_01_ASEReadCounter.table","NW_015090842.1:10111798",55,137,82
"CDK10","s672_F_GON_01_ASEReadCounter.table","NW_015090842.1:10111840",67,157,90
"CDK10","s672_F_GON_01_ASEReadCounter.table","NW_015090842.1:10112031",46,138,92
"CDK10","s672_F_GON_01_ASEReadCounter.table","NW_015090842.1:10112285",57,151,94
"CDK10","s672_F_GON_01_ASEReadCounter.table","NW_015090842.1:10112398",62,155,93
"CDK10","s672_F_GON_01_ASEReadCounter.table","NW_015090842.1:10112455",52,149,97
"CDK10","s672_F_GON_01_ASEReadCounter.table","NW_015090842.1:10112461",54,140,86
"CDK10","s672_F_GON_01_ASEReadCounter.table","NW_015090842.1:10112497",41,116,75
"CDK10","s672_F_GON_01_ASEReadCounter.table","NW_015090842.1:10112508",39,119,80
"CDK10","s672_F_GON_01_ASEReadCounter.table","NW_015090842.1:10112518",36,109,73
"CDK10","s672_F_GON_01_ASEReadCounter.table","NW_015090842.1:10112540",15,86,71
"CDK10","s672_F_GON_01_ASEReadCounter.table","NW_015090842.1:10112556",34,103,69
"CDK10","s672_F_GON_01_ASEReadCounter.table","NW_015090842.1:10112561",40,120,80
"CDK10","s672_F_GON_01_ASEReadCounter.table","NW_015090842.1:10112596",55,133,78
"CDK10","s672_F_GON_01_ASEReadCounter.table","NW_015090842.1:10112630",54,122,68
"CDK10","s672_F_GON_01_ASEReadCounter.table","NW_015090842.1:10112656",54,121,67
"CDK10","s672_F_GON_01_ASEReadCounter.table","NW_015090842.1:10112665",45,97,52
"CDK10","s672_F_GON_01_ASEReadCounter.table","NW_015090842.1:10112668",44,94,50
"CDK10","s672_F_GON_01_ASEReadCounter.table","NW_015090842.1:10112781",34,64,30
"CDK10","s672_F_GON_01_ASEReadCounter.table","NW_015090842.1:10112782",34,64,30
"CDK10","s672_F_GON_01_ASEReadCounter.table","NW_015090842.1:10112795",30,59,29
"CDK10","s672_F_GON_01_ASEReadCounter.table","NW_015090842.1:10112841",13,19,6
"CDK10","s672_F_GON_01_ASEReadCounter.table","NW_015090842.1:10112861",8,14,6
"SPATA2L","s672_F_GON_01_ASEReadCounter.table","NW_015090842.1:10113212",2,9,7
"SPATA2L","s672_F_GON_01_ASEReadCounter.table","NW_015090842.1:10113280",7,15,8
"SPATA2L","s672_F_GON_01_ASEReadCounter.table","NW_015090842.1:10113296",7,13,6
"SPATA2L","s672_F_GON_01_ASEReadCounter.table","NW_015090842.1:10113321",7,12,5
"SPATA2L","s672_F_GON_01_ASEReadCounter.table","NW_015090842.1:10113332",9,13,4
"SPATA2L","s672_F_GON_01_ASEReadCounter.table","NW_015090842.1:10113380",11,20,9
"SPATA2L","s672_F_GON_01_ASEReadCounter.table","NW_015090842.1:10113381",11,21,10
"SPATA2L","s672_F_GON_01_ASEReadCounter.table","NW_015090842.1:10113412",10,21,11
"SPATA2L","s672_F_GON_01_ASEReadCounter.table","NW_015090842.1:10113421",10,21,11
"SPATA2L","s672_F_GON_01_ASEReadCounter.table","NW_015090842.1:10113465",5,14,9
"SPATA2L","s672_F_GON_01_ASEReadCounter.table","NW_015090842.1:10113535",10,20,10
"SPATA2L","s672_F_GON_01_ASEReadCounter.table","NW_015090842.1:10113645",7,17,10
"SPATA2L","s672_F_GON_01_ASEReadCounter.table","NW_015090842.1:10113682",8,20,12
"SPATA2L","s672_F_GON_01_ASEReadCounter.table","NW_015090842.1:10113696",8,21,13
"SPATA2L","s672_F_GON_01_ASEReadCounter.table","NW_015090842.1:10113727",8,22,14
"SPATA2L","s672_F_GON_01_ASEReadCounter.table","NW_015090842.1:10113799",11,28,17
"SPATA2L","s672_F_GON_01_ASEReadCounter.table","NW_015090842.1:10113809",11,28,17
"SPATA2L","s672_F_GON_01_ASEReadCounter.table","NW_015090842.1:10113827",11,28,17
"SPATA2L","s672_F_GON_01_ASEReadCounter.table","NW_015090842.1:10113831",10,27,17
"SPATA2L","s672_F_GON_01_ASEReadCounter.table","NW_015090842.1:10113894",14,28,14
"SPATA2L","s672_F_GON_01_ASEReadCounter.table","NW_015090842.1:10113905",11,24,13
"SPATA2L","s672_F_GON_01_ASEReadCounter.table","NW_015090842.1:10113914",15,29,14
"SPATA2L","s672_F_GON_01_ASEReadCounter.table","NW_015090842.1:10113920",18,33,15
"SPATA2L","s672_F_GON_01_ASEReadCounter.table","NW_015090842.1:10113937",19,33,14
"SPATA2L","s672_F_GON_01_ASEReadCounter.table","NW_015090842.1:10113971",13,24,11
"SPATA2L","s672_F_GON_01_ASEReadCounter.table","NW_015090842.1:10113976",8,26,18
"SPATA2L","s672_F_GON_01_ASEReadCounter.table","NW_015090842.1:10113985",8,18,10
"SPATA2L","s672_F_GON_01_ASEReadCounter.table","NW_015090842.1:10113994",10,21,11
"SPATA2L","s672_F_GON_01_ASEReadCounter.table","NW_015090842.1:10114063",6,13,7
"SPATA2L","s672_F_GON_01_ASEReadCounter.table","NW_015090842.1:10114066",6,15,9
"SPATA2L","s672_F_GON_01_ASEReadCounter.table","NW_015090842.1:10114069",6,15,9
"SPATA2L","s672_F_GON_01_ASEReadCounter.table","NW_015090842.1:10114121",3,13,10
"SPATA2L","s672_F_GON_01_ASEReadCounter.table","NW_015090842.1:10114159",3,14,11
"SPATA2L","s672_F_GON_01_ASEReadCounter.table","NW_015090842.1:10114282",18,18,0
"SPATA2L","s672_F_GON_01_ASEReadCounter.table","NW_015090842.1:10114470",7,12,5
"SPATA2L","s672_F_GON_01_ASEReadCounter.table","NW_015090842.1:10114524",1,6,5
"VPS9D1","s672_F_GON_01_ASEReadCounter.table","NW_015090842.1:10116377",3,4,1
"VPS9D1","s672_F_GON_01_ASEReadCounter.table","NW_015090842.1:10116415",2,3,1
"VPS9D1","s672_F_GON_01_ASEReadCounter.table","NW_015090842.1:10116607",2,3,1
"VPS9D1","s672_F_GON_01_ASEReadCounter.table","NW_015090842.1:10116816",3,3,0
"VPS9D1","s672_F_GON_01_ASEReadCounter.table","NW_015090842.1:10116821",2,3,1
"VPS9D1","s672_F_GON_01_ASEReadCounter.table","NW_015090842.1:10116825",2,3,1
"VPS9D1","s672_F_GON_01_ASEReadCounter.table","NW_015090842.1:10116882",2,4,2
"VPS9D1","s672_F_GON_01_ASEReadCounter.table","NW_015090842.1:10116885",2,4,2
"VPS9D1","s672_F_GON_01_ASEReadCounter.table","NW_015090842.1:10116933",2,3,1
"VPS9D1","s672_F_GON_01_ASEReadCounter.table","NW_015090842.1:10116942",2,4,2
"VPS9D1","s672_F_GON_01_ASEReadCounter.table","NW_015090842.1:10117152",0,4,4
"VPS9D1","s672_F_GON_01_ASEReadCounter.table","NW_015090842.1:10117396",2,2,0
"VPS9D1","s672_F_GON_01_ASEReadCounter.table","NW_015090842.1:10117405",2,2,0
"VPS9D1","s672_F_GON_01_ASEReadCounter.table","NW_015090842.1:10117480",0,1,1
"VPS9D1","s672_F_GON_01_ASEReadCounter.table","NW_015090842.1:10117497",1,2,1
"VPS9D1","s672_F_GON_01_ASEReadCounter.table","NW_015090842.1:10117499",1,2,1
"VPS9D1","s672_F_GON_01_ASEReadCounter.table","NW_015090842.1:10117516",2,3,1
"VPS9D1","s672_F_GON_01_ASEReadCounter.table","NW_015090842.1:10117525",2,3,1
"VPS9D1","s672_F_GON_01_ASEReadCounter.table","NW_015090842.1:10117579",1,3,2
"VPS9D1","s672_F_GON_01_ASEReadCounter.table","NW_015090842.1:10117627",0,2,2
"VPS9D1","s672_F_GON_01_ASEReadCounter.table","NW_015090842.1:10117678",0,3,3
"VPS9D1","s672_F_GON_01_ASEReadCounter.table","NW_015090842.1:10117773",4,6,2
"VPS9D1","s672_F_GON_01_ASEReadCounter.table","NW_015090842.1:10117937",3,3,0
"VPS9D1","s672_F_GON_01_ASEReadCounter.table","NW_015090842.1:10117961",2,2,0
"VPS9D1","s672_F_GON_01_ASEReadCounter.table","NW_015090842.1:10118236",2,2,0
"VPS9D1","s672_F_GON_01_ASEReadCounter.table","NW_015090842.1:10118414",2,2,0
"VPS9D1","s672_F_GON_01_ASEReadCounter.table","NW_015090842.1:10118973",2,3,1
"VPS9D1","s672_F_GON_01_ASEReadCounter.table","NW_015090842.1:10119500",1,2,1
"ZNF276","s672_F_GON_01_ASEReadCounter.table","NW_015090842.1:10121760",1,3,2
"ZNF276","s672_F_GON_01_ASEReadCounter.table","NW_015090842.1:10121769",3,5,2
"ZNF276","s672_F_GON_01_ASEReadCounter.table","NW_015090842.1:10121802",1,3,2
"ZNF276","s672_F_GON_01_ASEReadCounter.table","NW_015090842.1:10121971",4,7,3
"ZNF276","s672_F_GON_01_ASEReadCounter.table","NW_015090842.1:10122883",1,3,2
"ZNF276","s672_F_GON_01_ASEReadCounter.table","NW_015090842.1:10123069",5,11,6
"ZNF276","s672_F_GON_01_ASEReadCounter.table","NW_015090842.1:10123207",2,9,7
"ZNF276","s672_F_GON_01_ASEReadCounter.table","NW_015090842.1:10125787",6,21,15
"ZNF276","s672_F_GON_01_ASEReadCounter.table","NW_015090842.1:10126309",6,24,18
"ZNF276","s672_F_GON_01_ASEReadCounter.table","NW_015090842.1:10126348",6,23,17
"ZNF276","s672_F_GON_01_ASEReadCounter.table","NW_015090842.1:10126978",14,30,16
"ZNF276","s672_F_GON_01_ASEReadCounter.table","NW_015090842.1:10126991",14,30,16
"ZNF276","s672_F_GON_01_ASEReadCounter.table","NW_015090842.1:10127023",15,35,20
"ZNF276","s672_F_GON_01_ASEReadCounter.table","NW_015090842.1:10127063",9,29,20
"ZNF276","s672_F_GON_01_ASEReadCounter.table","NW_015090842.1:10127373",7,22,15
"ZNF276","s672_F_GON_01_ASEReadCounter.table","NW_015090842.1:10127931",13,31,18
"ZNF276","s672_F_GON_01_ASEReadCounter.table","NW_015090842.1:10128070",8,26,18
"ZNF276","s672_F_GON_01_ASEReadCounter.table","NW_015090842.1:10128102",7,30,23
"ZNF276","s672_F_GON_01_ASEReadCounter.table","NW_015090842.1:10128356",9,26,17
"ZNF276","s672_F_GON_01_ASEReadCounter.table","NW_015090842.1:10128497",10,24,14
"FANCA","s672_F_GON_01_ASEReadCounter.table","NW_015090842.1:10128743",10,33,23
"FANCA","s672_F_GON_01_ASEReadCounter.table","NW_015090842.1:10128822",11,43,32
"FANCA","s672_F_GON_01_ASEReadCounter.table","NW_015090842.1:10129383",12,35,23
"FANCA","s672_F_GON_01_ASEReadCounter.table","NW_015090842.1:10129390",11,35,24
"FANCA","s672_F_GON_01_ASEReadCounter.table","NW_015090842.1:10129422",11,25,14
"FANCA","s672_F_GON_01_ASEReadCounter.table","NW_015090842.1:10129969",16,30,14
"FANCA","s672_F_GON_01_ASEReadCounter.table","NW_015090842.1:10130399",23,39,16
"FANCA","s672_F_GON_01_ASEReadCounter.table","NW_015090842.1:10130857",19,32,13
"FANCA","s672_F_GON_01_ASEReadCounter.table","NW_015090842.1:10130878",13,27,14
"FANCA","s672_F_GON_01_ASEReadCounter.table","NW_015090842.1:10133530",10,22,12
"FANCA","s672_F_GON_01_ASEReadCounter.table","NW_015090842.1:10133533",10,22,12
"FANCA","s672_F_GON_01_ASEReadCounter.table","NW_015090842.1:10133536",10,23,13
"FANCA","s672_F_GON_01_ASEReadCounter.table","NW_015090842.1:10133601",12,23,11
"FANCA","s672_F_GON_01_ASEReadCounter.table","NW_015090842.1:10134492",8,16,8
"FANCA","s672_F_GON_01_ASEReadCounter.table","NW_015090842.1:10134531",10,26,16
"FANCA","s672_F_GON_01_ASEReadCounter.table","NW_015090842.1:10136957",10,19,9
"FANCA","s672_F_GON_01_ASEReadCounter.table","NW_015090842.1:10136982",6,13,7
"FANCA","s672_F_GON_01_ASEReadCounter.table","NW_015090842.1:10136999",6,12,6
"FANCA","s672_F_GON_01_ASEReadCounter.table","NW_015090842.1:10137019",6,16,10
"FANCA","s672_F_GON_01_ASEReadCounter.table","NW_015090842.1:10137673",8,15,7
"FANCA","s672_F_GON_01_ASEReadCounter.table","NW_015090842.1:10138618",8,10,2
"FANCA","s672_F_GON_01_ASEReadCounter.table","NW_015090842.1:10139140",5,9,4
"FANCA","s672_F_GON_01_ASEReadCounter.table","NW_015090842.1:10140699",3,4,1
"FANCA","s672_F_GON_01_ASEReadCounter.table","NW_015090842.1:10141234",1,3,2
"FANCA","s672_F_GON_01_ASEReadCounter.table","NW_015090842.1:10145030",1,4,3
"FANCA","s672_F_GON_01_ASEReadCounter.table","NW_015090842.1:10150518",0,1,1
"FANCA","s672_F_GON_01_ASEReadCounter.table","NW_015090842.1:10152863",1,1,0
"FANCA","s672_F_GON_01_ASEReadCounter.table","NW_015090842.1:10154490",2,5,3
"FANCA","s672_F_GON_01_ASEReadCounter.table","NW_015090842.1:10158162",1,1,0
"FANCA","s672_F_GON_01_ASEReadCounter.table","NW_015090842.1:10158957",1,1,0
"FANCA","s672_F_GON_01_ASEReadCounter.table","NW_015090842.1:10160177",0,1,1
"FANCA","s672_F_GON_01_ASEReadCounter.table","NW_015090842.1:10162980",1,2,1
"FANCA","s672_F_GON_01_ASEReadCounter.table","NW_015090842.1:10163667",0,2,2
"FANCA","s672_F_GON_01_ASEReadCounter.table","NW_015090842.1:10164257",1,2,1
"SPIRE2","s672_F_GON_01_ASEReadCounter.table","NW_015090842.1:10175262",3,3,0
"SPIRE2","s672_F_GON_01_ASEReadCounter.table","NW_015090842.1:10175352",0,1,1
"SPIRE2","s672_F_GON_01_ASEReadCounter.table","NW_015090842.1:10175400",2,3,1
"SPIRE2","s672_F_GON_01_ASEReadCounter.table","NW_015090842.1:10175418",3,4,1
"SPIRE2","s672_F_GON_01_ASEReadCounter.table","NW_015090842.1:10175704",6,6,0
"SPIRE2","s672_F_GON_01_ASEReadCounter.table","NW_015090842.1:10176115",6,6,0
"SPIRE2","s672_F_GON_01_ASEReadCounter.table","NW_015090842.1:10176561",9,9,0
"SPIRE2","s672_F_GON_01_ASEReadCounter.table","NW_015090842.1:10176817",9,9,0
"SPIRE2","s672_F_GON_01_ASEReadCounter.table","NW_015090842.1:10177084",7,7,0
"SPIRE2","s672_F_GON_01_ASEReadCounter.table","NW_015090842.1:10177110",4,4,0
"SPIRE2","s672_F_GON_01_ASEReadCounter.table","NW_015090842.1:10177838",8,9,1
"SPIRE2","s672_F_GON_01_ASEReadCounter.table","NW_015090842.1:10178000",10,11,1
"SPIRE2","s672_F_GON_01_ASEReadCounter.table","NW_015090842.1:10178164",13,15,2
"SPIRE2","s672_F_GON_01_ASEReadCounter.table","NW_015090842.1:10178216",6,7,1
"SPIRE2","s672_F_GON_01_ASEReadCounter.table","NW_015090842.1:10178403",7,7,0
"SPIRE2","s672_F_GON_01_ASEReadCounter.table","NW_015090842.1:10178409",8,8,0
"SPIRE2","s672_F_GON_01_ASEReadCounter.table","NW_015090842.1:10178524",4,5,1
"SPIRE2","s672_F_GON_01_ASEReadCounter.table","NW_015090842.1:10178526",4,5,1
"SPIRE2","s672_F_GON_01_ASEReadCounter.table","NW_015090842.1:10178531",4,5,1
"SPIRE2","s672_F_GON_01_ASEReadCounter.table","NW_015090842.1:10178565",5,6,1
"SPIRE2","s672_F_GON_01_ASEReadCounter.table","NW_015090842.1:10178587",5,5,0
"SPIRE2","s672_F_GON_01_ASEReadCounter.table","NW_015090842.1:10178640",3,4,1
"SPIRE2","s672_F_GON_01_ASEReadCounter.table","NW_015090842.1:10178651",4,5,1
"SPIRE2","s672_F_GON_01_ASEReadCounter.table","NW_015090842.1:10178682",3,4,1
"TCF25","s672_F_GON_01_ASEReadCounter.table","NW_015090842.1:10180912",31,83,52
"TCF25","s672_F_GON_01_ASEReadCounter.table","NW_015090842.1:10180924",33,84,51
"TCF25","s672_F_GON_01_ASEReadCounter.table","NW_015090842.1:10180931",37,89,52
"TCF25","s672_F_GON_01_ASEReadCounter.table","NW_015090842.1:10185332",93,215,122
"TCF25","s672_F_GON_01_ASEReadCounter.table","NW_015090842.1:10188816",86,154,68
"DBNDD1","s672_F_GON_01_ASEReadCounter.table","NW_015090842.1:10223105",120,241,121
"GAS8","s672_F_GON_01_ASEReadCounter.table","NW_015090842.1:10228982",499,1001,502
"GAS8","s672_F_GON_01_ASEReadCounter.table","NW_015090842.1:10229832",392,827,435
"GAS8","s672_F_GON_01_ASEReadCounter.table","NW_015090842.1:10232375",407,853,446
"GAS8","s672_F_GON_01_ASEReadCounter.table","NW_015090842.1:10232901",392,809,417
"GAS8","s672_F_GON_01_ASEReadCounter.table","NW_015090842.1:10232928",340,672,332
"GAS8","s672_F_GON_01_ASEReadCounter.table","NW_015090842.1:10232967",268,532,264
"GAS8","s672_F_GON_01_ASEReadCounter.table","NW_015090842.1:10233032",151,317,166
"GAS8","s672_F_GON_01_ASEReadCounter.table","NW_015090842.1:10233057",120,269,149
"GAS8","s672_F_GON_01_ASEReadCounter.table","NW_015090842.1:10233058",121,270,149
"GAS8","s672_F_GON_01_ASEReadCounter.table","NW_015090842.1:10233176",111,243,132
"GAS8","s672_F_GON_01_ASEReadCounter.table","NW_015090842.1:10233196",114,250,136
"GAS8","s672_F_GON_01_ASEReadCounter.table","NW_015090842.1:10233252",99,205,106
"GAS8","s672_F_GON_01_ASEReadCounter.table","NW_015090842.1:10233303",40,91,51
"LOC106888094","s672_F_GON_01_ASEReadCounter.table","NW_015090842.1:10233334",5,12,7
"LOC106888094","s672_F_GON_01_ASEReadCounter.table","NW_015090842.1:10233362",11,30,19
"LOC106888094","s672_F_GON_01_ASEReadCounter.table","NW_015090842.1:10233373",11,39,28
"LOC106888094","s672_F_GON_01_ASEReadCounter.table","NW_015090842.1:10233388",14,43,29
"LOC106888094","s672_F_GON_01_ASEReadCounter.table","NW_015090842.1:10233402",18,47,29
"LOC106888094","s672_F_GON_01_ASEReadCounter.table","NW_015090842.1:10233465",23,57,34
"LOC106888094","s672_F_GON_01_ASEReadCounter.table","NW_015090842.1:10233803",31,71,40
"LOC106888094","s672_F_GON_01_ASEReadCounter.table","NW_015090842.1:10233815",29,65,36
"LOC106888094","s672_F_GON_01_ASEReadCounter.table","NW_015090842.1:10235484",14,16,2
"LOC106888094","s672_F_GON_01_ASEReadCounter.table","NW_015090842.1:10235611",15,23,8
"LOC106888094","s672_F_GON_01_ASEReadCounter.table","NW_015090842.1:10236098",3,5,2
"LOC106888094","s672_F_GON_01_ASEReadCounter.table","NW_015090842.1:10236161",8,12,4
"LOC106888094","s672_F_GON_01_ASEReadCounter.table","NW_015090842.1:10236380",1,3,2
"LOC106888094","s672_F_GON_01_ASEReadCounter.table","NW_015090842.1:10236388",3,5,2
"LOC106888094","s672_F_GON_01_ASEReadCounter.table","NW_015090842.1:10236425",5,8,3
"LOC106888094","s672_F_GON_01_ASEReadCounter.table","NW_015090842.1:10236426",4,7,3
"LOC106888094","s672_F_GON_01_ASEReadCounter.table","NW_015090842.1:10236603",4,8,4
"LOC106888173","s672_F_GON_01_ASEReadCounter.table","NW_015090842.1:10239596",1,5,4
"LOC106888173","s672_F_GON_01_ASEReadCounter.table","NW_015090842.1:10240036",6,15,9
"LOC106888173","s672_F_GON_01_ASEReadCounter.table","NW_015090842.1:10240095",6,12,6
"LOC106888173","s672_F_GON_01_ASEReadCounter.table","NW_015090842.1:10240280",7,17,10
"LOC106888173","s672_F_GON_01_ASEReadCounter.table","NW_015090842.1:10240557",14,20,6
"LOC106888173","s672_F_GON_01_ASEReadCounter.table","NW_015090842.1:10240603",11,18,7
"LOC106888173","s672_F_GON_01_ASEReadCounter.table","NW_015090842.1:10240609",11,20,9
"LOC106888173","s672_F_GON_01_ASEReadCounter.table","NW_015090842.1:10240690",14,29,15
"LOC106888173","s672_F_GON_01_ASEReadCounter.table","NW_015090842.1:10240924",8,21,13
"LOC106888173","s672_F_GON_01_ASEReadCounter.table","NW_015090842.1:10241037",4,18,14
"LOC106888173","s672_F_GON_01_ASEReadCounter.table","NW_015090842.1:10241046",4,18,14
"LOC106888173","s672_F_GON_01_ASEReadCounter.table","NW_015090842.1:10241058",4,16,12
"LOC106888173","s672_F_GON_01_ASEReadCounter.table","NW_015090842.1:10241064",5,15,10
"LOC106888173","s672_F_GON_01_ASEReadCounter.table","NW_015090842.1:10241103",26,26,0
"LOC106888173","s672_F_GON_01_ASEReadCounter.table","NW_015090842.1:10241163",9,27,18
"LOC106888173","s672_F_GON_01_ASEReadCounter.table","NW_015090842.1:10241803",14,31,17
"LOC106888173","s672_F_GON_01_ASEReadCounter.table","NW_015090842.1:10241827",14,31,17
"LOC106888173","s672_F_GON_01_ASEReadCounter.table","NW_015090842.1:10241869",12,31,19
"LOC106888173","s672_F_GON_01_ASEReadCounter.table","NW_015090842.1:10242079",15,25,10
"LOC106888173","s672_F_GON_01_ASEReadCounter.table","NW_015090842.1:10242103",13,25,12
"LOC106888173","s672_F_GON_01_ASEReadCounter.table","NW_015090842.1:10242157",14,28,14
"LOC106888173","s672_F_GON_01_ASEReadCounter.table","NW_015090842.1:10242455",13,29,16
"LOC106888173","s672_F_GON_01_ASEReadCounter.table","NW_015090842.1:10242481",11,28,17
"LOC106888173","s672_F_GON_01_ASEReadCounter.table","NW_015090842.1:10242590",22,42,20
"LOC106888173","s672_F_GON_01_ASEReadCounter.table","NW_015090842.1:10242794",14,35,21
"LOC106888173","s672_F_GON_01_ASEReadCounter.table","NW_015090842.1:10242909",12,33,21
"LOC106888173","s672_F_GON_01_ASEReadCounter.table","NW_015090842.1:10243094",20,36,16
"LOC106888173","s672_F_GON_01_ASEReadCounter.table","NW_015090842.1:10243133",18,30,12
"LOC106888173","s672_F_GON_01_ASEReadCounter.table","NW_015090842.1:10243273",29,45,16
"LOC106888173","s672_F_GON_01_ASEReadCounter.table","NW_015090842.1:10243278",29,48,19
"LOC106888173","s672_F_GON_01_ASEReadCounter.table","NW_015090842.1:10243281",29,46,17
"LOC106888173","s672_F_GON_01_ASEReadCounter.table","NW_015090842.1:10243347",22,22,0
"LOC106888173","s672_F_GON_01_ASEReadCounter.table","NW_015090842.1:10243353",16,20,4
"LOC106888173","s672_F_GON_01_ASEReadCounter.table","NW_015090842.1:10243363",13,16,3
"LOC106888173","s672_F_GON_01_ASEReadCounter.table","NW_015090842.1:10243365",13,17,4
"LOC106888173","s672_F_GON_01_ASEReadCounter.table","NW_015090842.1:10243566",22,44,22
"LOC106888173","s672_F_GON_01_ASEReadCounter.table","NW_015090842.1:10243605",27,50,23
"LOC106888173","s672_F_GON_01_ASEReadCounter.table","NW_015090842.1:10243614",26,47,21
"LOC106888173","s672_F_GON_01_ASEReadCounter.table","NW_015090842.1:10243615",26,48,22
"LOC106888173","s672_F_GON_01_ASEReadCounter.table","NW_015090842.1:10243640",15,32,17
"LOC106888173","s672_F_GON_01_ASEReadCounter.table","NW_015090842.1:10243680",17,29,12
"LOC106888173","s672_F_GON_01_ASEReadCounter.table","NW_015090842.1:10243742",22,34,12
"LOC106888173","s672_F_GON_01_ASEReadCounter.table","NW_015090842.1:10243804",12,24,12
"LOC106888173","s672_F_GON_01_ASEReadCounter.table","NW_015090842.1:10243913",8,17,9
"LOC106888173","s672_F_GON_01_ASEReadCounter.table","NW_015090842.1:10243921",8,16,8
"LOC106888384","s672_F_GON_01_ASEReadCounter.table","NW_015090842.1:10244942",1,1,0
"LOC106888384","s672_F_GON_01_ASEReadCounter.table","NW_015090842.1:10250743",1,1,0
"LOC106888384","s672_F_GON_01_ASEReadCounter.table","NW_015090842.1:10250771",1,1,0
"LOC106888384","s672_F_GON_01_ASEReadCounter.table","NW_015090842.1:10251339",1,1,0
"LOC106888384","s672_F_GON_01_ASEReadCounter.table","NW_015090842.1:10251354",0,1,1
"LOC106888384","s672_F_GON_01_ASEReadCounter.table","NW_015090842.1:10251358",0,1,1
"LOC106888384","s672_F_GON_01_ASEReadCounter.table","NW_015090842.1:10251369",0,1,1
"LOC106888384","s672_F_GON_01_ASEReadCounter.table","NW_015090842.1:10251370",0,1,1
"LOC106888384","s672_F_GON_01_ASEReadCounter.table","NW_015090842.1:10251375",0,1,1
"LOC106888384","s672_F_GON_01_ASEReadCounter.table","NW_015090842.1:10251388",0,1,1
"LOC106888384","s672_F_GON_01_ASEReadCounter.table","NW_015090842.1:10251390",0,1,1
"LOC106888384","s672_F_GON_01_ASEReadCounter.table","NW_015090842.1:10251393",0,1,1
"LOC106888384","s672_F_GON_01_ASEReadCounter.table","NW_015090842.1:10251399",0,1,1
"LOC106888384","s672_F_GON_01_ASEReadCounter.table","NW_015090842.1:10253165",0,2,2
"LOC106888384","s672_F_GON_01_ASEReadCounter.table","NW_015090842.1:10253284",0,3,3
"LOC106888384","s672_F_GON_01_ASEReadCounter.table","NW_015090842.1:10254227",0,3,3
"LOC106888384","s672_F_GON_01_ASEReadCounter.table","NW_015090842.1:10254233",0,3,3
"LOC106888384","s672_F_GON_01_ASEReadCounter.table","NW_015090842.1:10254263",1,4,3
"LOC106888384","s672_F_GON_01_ASEReadCounter.table","NW_015090842.1:10254293",1,5,4
"LOC106888384","s672_F_GON_01_ASEReadCounter.table","NW_015090842.1:10254570",0,4,4
"LOC106888384","s672_F_GON_01_ASEReadCounter.table","NW_015090842.1:10254605",2,2,0
"LOC106888384","s672_F_GON_01_ASEReadCounter.table","NW_015090842.1:10254608",2,2,0
"LOC106888384","s672_F_GON_01_ASEReadCounter.table","NW_015090842.1:10254618",2,2,0
"LOC106888384","s672_F_GON_01_ASEReadCounter.table","NW_015090842.1:10254620",2,2,0
"LOC106888384","s672_F_GON_01_ASEReadCounter.table","NW_015090842.1:10254623",2,2,0
"LOC106888384","s672_F_GON_01_ASEReadCounter.table","NW_015090842.1:10254624",2,2,0
"LOC106888384","s672_F_GON_01_ASEReadCounter.table","NW_015090842.1:10254627",2,2,0
"LOC106888384","s672_F_GON_01_ASEReadCounter.table","NW_015090842.1:10254629",2,2,0
"LOC106888384","s672_F_GON_01_ASEReadCounter.table","NW_015090842.1:10254647",0,1,1
"LOC106888384","s672_F_GON_01_ASEReadCounter.table","NW_015090842.1:10254663",0,1,1
"LOC106888384","s672_F_GON_01_ASEReadCounter.table","NW_015090842.1:10254840",0,2,2
"LOC106888384","s672_F_GON_01_ASEReadCounter.table","NW_015090842.1:10254891",3,3,0
"LOC106888384","s672_F_GON_01_ASEReadCounter.table","NW_015090842.1:10254900",0,3,3
"LOC106888384","s672_F_GON_01_ASEReadCounter.table","NW_015090842.1:10254915",0,2,2
"LOC106888384","s672_F_GON_01_ASEReadCounter.table","NW_015090842.1:10255211",1,1,0
"LOC106888384","s672_F_GON_01_ASEReadCounter.table","NW_015090842.1:10255236",2,3,1
"LOC106888384","s672_F_GON_01_ASEReadCounter.table","NW_015090842.1:10255262",1,2,1
"LOC106888384","s672_F_GON_01_ASEReadCounter.table","NW_015090842.1:10255264",1,2,1
"LOC106888384","s672_F_GON_01_ASEReadCounter.table","NW_015090842.1:10255306",1,3,2
"LOC106888384","s672_F_GON_01_ASEReadCounter.table","NW_015090842.1:10255340",2,4,2
"LOC106888384","s672_F_GON_01_ASEReadCounter.table","NW_015090842.1:10255410",2,5,3
"LOC106888384","s672_F_GON_01_ASEReadCounter.table","NW_015090842.1:10255449",0,2,2
"LOC106888384","s672_F_GON_01_ASEReadCounter.table","NW_015090842.1:10255505",0,2,2
"LOC106888384","s672_F_GON_01_ASEReadCounter.table","NW_015090842.1:10255531",0,4,4
"LOC106888384","s672_F_GON_01_ASEReadCounter.table","NW_015090842.1:10255608",2,8,6
"LOC106888384","s672_F_GON_01_ASEReadCounter.table","NW_015090842.1:10255704",129,142,13
"LOC106888384","s672_F_GON_01_ASEReadCounter.table","NW_015090842.1:10255731",143,157,14
"LOC106888384","s672_F_GON_01_ASEReadCounter.table","NW_015090842.1:10255771",115,124,9
"TANGO6","s672_F_GON_01_ASEReadCounter.table","NW_015090842.1:10257782",34,53,19
"TANGO6","s672_F_GON_01_ASEReadCounter.table","NW_015090842.1:10258162",8,22,14
"TANGO6","s672_F_GON_01_ASEReadCounter.table","NW_015090842.1:10258185",13,32,19
"TANGO6","s672_F_GON_01_ASEReadCounter.table","NW_015090842.1:10259267",15,44,29
"TANGO6","s672_F_GON_01_ASEReadCounter.table","NW_015090842.1:10260250",49,88,39
"TANGO6","s672_F_GON_01_ASEReadCounter.table","NW_015090842.1:10260289",42,75,33
"TANGO6","s672_F_GON_01_ASEReadCounter.table","NW_015090842.1:10260309",33,65,32
"TANGO6","s672_F_GON_01_ASEReadCounter.table","NW_015090842.1:10260979",20,48,28
"TANGO6","s672_F_GON_01_ASEReadCounter.table","NW_015090842.1:10261599",18,46,28
"TANGO6","s672_F_GON_01_ASEReadCounter.table","NW_015090842.1:10268425",50,100,50
"TANGO6","s672_F_GON_01_ASEReadCounter.table","NW_015090842.1:10269831",47,91,44
"TANGO6","s672_F_GON_01_ASEReadCounter.table","NW_015090842.1:10270813",48,92,44
"TANGO6","s672_F_GON_01_ASEReadCounter.table","NW_015090842.1:10274018",9,12,3
"TANGO6","s672_F_GON_01_ASEReadCounter.table","NW_015090842.1:10275974",7,15,8
"TANGO6","s672_F_GON_01_ASEReadCounter.table","NW_015090842.1:10275976",7,16,9
"TANGO6","s672_F_GON_01_ASEReadCounter.table","NW_015090842.1:10276123",10,12,2
"TANGO6","s672_F_GON_01_ASEReadCounter.table","NW_015090842.1:10276271",11,17,6
"TANGO6","s672_F_GON_01_ASEReadCounter.table","NW_015090842.1:10276272",11,18,7
"TANGO6","s672_F_GON_01_ASEReadCounter.table","NW_015090842.1:10276275",13,21,8
"TANGO6","s672_F_GON_01_ASEReadCounter.table","NW_015090842.1:10276278",14,22,8
"TANGO6","s672_F_GON_01_ASEReadCounter.table","NW_015090842.1:10276368",11,16,5
"TANGO6","s672_F_GON_01_ASEReadCounter.table","NW_015090842.1:10276373",7,12,5
"TANGO6","s672_F_GON_01_ASEReadCounter.table","NW_015090842.1:10276630",11,12,1
"TANGO6","s672_F_GON_01_ASEReadCounter.table","NW_015090842.1:10281498",10,19,9
"TANGO6","s672_F_GON_01_ASEReadCounter.table","NW_015090842.1:10281516",12,23,11
"TANGO6","s672_F_GON_01_ASEReadCounter.table","NW_015090842.1:10282842",14,22,8
"TANGO6","s672_F_GON_01_ASEReadCounter.table","NW_015090842.1:10282863",13,22,9
"TANGO6","s672_F_GON_01_ASEReadCounter.table","NW_015090842.1:10282869",13,21,8
"TANGO6","s672_F_GON_01_ASEReadCounter.table","NW_015090842.1:10282903",12,27,15
"TANGO6","s672_F_GON_01_ASEReadCounter.table","NW_015090842.1:10283757",22,29,7
"TANGO6","s672_F_GON_01_ASEReadCounter.table","NW_015090842.1:10283785",23,36,13
"HAS3","s672_F_GON_01_ASEReadCounter.table","NW_015090842.1:10288266",0,1,1
"HAS3","s672_F_GON_01_ASEReadCounter.table","NW_015090842.1:10288274",0,1,1
"HAS3","s672_F_GON_01_ASEReadCounter.table","NW_015090842.1:10288364",0,1,1
"HAS3","s672_F_GON_01_ASEReadCounter.table","NW_015090842.1:10289269",0,2,2
"HAS3","s672_F_GON_01_ASEReadCounter.table","NW_015090842.1:10289272",0,2,2
"HAS3","s672_F_GON_01_ASEReadCounter.table","NW_015090842.1:10289469",0,1,1
"HAS3","s672_F_GON_01_ASEReadCounter.table","NW_015090842.1:10290375",0,1,1
"HAS3","s672_F_GON_01_ASEReadCounter.table","NW_015090842.1:10290395",0,2,2
"HAS3","s672_F_GON_01_ASEReadCounter.table","NW_015090842.1:10290439",4,4,0
"HAS3","s672_F_GON_01_ASEReadCounter.table","NW_015090842.1:10290561",1,3,2
"HAS3","s672_F_GON_01_ASEReadCounter.table","NW_015090842.1:10290609",1,3,2
"HAS3","s672_F_GON_01_ASEReadCounter.table","NW_015090842.1:10290666",1,2,1
"HAS3","s672_F_GON_01_ASEReadCounter.table","NW_015090842.1:10290723",1,3,2
"HAS3","s672_F_GON_01_ASEReadCounter.table","NW_015090842.1:10290927",0,2,2
"CHTF8","s672_F_GON_01_ASEReadCounter.table","NW_015090842.1:10291319",20,26,6
"CHTF8","s672_F_GON_01_ASEReadCounter.table","NW_015090842.1:10291491",35,56,21
"CHTF8","s672_F_GON_01_ASEReadCounter.table","NW_015090842.1:10291520",35,67,32
"CHTF8","s672_F_GON_01_ASEReadCounter.table","NW_015090842.1:10291593",43,83,40
"CHTF8","s672_F_GON_01_ASEReadCounter.table","NW_015090842.1:10291600",44,82,38
"CHTF8","s672_F_GON_01_ASEReadCounter.table","NW_015090842.1:10291609",38,76,38
"CHTF8","s672_F_GON_01_ASEReadCounter.table","NW_015090842.1:10291639",49,82,33
"CHTF8","s672_F_GON_01_ASEReadCounter.table","NW_015090842.1:10291641",48,81,33
"CHTF8","s672_F_GON_01_ASEReadCounter.table","NW_015090842.1:10291648",48,84,36
"CHTF8","s672_F_GON_01_ASEReadCounter.table","NW_015090842.1:10291656",45,78,33
"CHTF8","s672_F_GON_01_ASEReadCounter.table","NW_015090842.1:10291675",50,85,35
"CHTF8","s672_F_GON_01_ASEReadCounter.table","NW_015090842.1:10291696",40,74,34
"CHTF8","s672_F_GON_01_ASEReadCounter.table","NW_015090842.1:10291714",44,80,36
"CHTF8","s672_F_GON_01_ASEReadCounter.table","NW_015090842.1:10291732",53,92,39
"CHTF8","s672_F_GON_01_ASEReadCounter.table","NW_015090842.1:10291755",48,87,39
"CHTF8","s672_F_GON_01_ASEReadCounter.table","NW_015090842.1:10291756",49,85,36
"CHTF8","s672_F_GON_01_ASEReadCounter.table","NW_015090842.1:10291758",50,89,39
"CHTF8","s672_F_GON_01_ASEReadCounter.table","NW_015090842.1:10291792",59,95,36
"CHTF8","s672_F_GON_01_ASEReadCounter.table","NW_015090842.1:10291895",39,72,33
"CHTF8","s672_F_GON_01_ASEReadCounter.table","NW_015090842.1:10292132",49,78,29
"CHTF8","s672_F_GON_01_ASEReadCounter.table","NW_015090842.1:10292314",48,82,34
"CHTF8","s672_F_GON_01_ASEReadCounter.table","NW_015090842.1:10292317",48,82,34
"CHTF8","s672_F_GON_01_ASEReadCounter.table","NW_015090842.1:10292928",13,18,5
"UTP4","s672_F_GON_01_ASEReadCounter.table","NW_015090842.1:10293146",7,21,14
"UTP4","s672_F_GON_01_ASEReadCounter.table","NW_015090842.1:10293151",6,19,13
"UTP4","s672_F_GON_01_ASEReadCounter.table","NW_015090842.1:10293191",3,12,9
"UTP4","s672_F_GON_01_ASEReadCounter.table","NW_015090842.1:10293362",6,21,15
"UTP4","s672_F_GON_01_ASEReadCounter.table","NW_015090842.1:10293430",6,14,8
"UTP4","s672_F_GON_01_ASEReadCounter.table","NW_015090842.1:10293625",6,9,3
"UTP4","s672_F_GON_01_ASEReadCounter.table","NW_015090842.1:10293684",6,12,6
"UTP4","s672_F_GON_01_ASEReadCounter.table","NW_015090842.1:10294093",7,13,6
"UTP4","s672_F_GON_01_ASEReadCounter.table","NW_015090842.1:10294622",8,21,13
"UTP4","s672_F_GON_01_ASEReadCounter.table","NW_015090842.1:10294632",8,21,13
"UTP4","s672_F_GON_01_ASEReadCounter.table","NW_015090842.1:10295238",8,22,14
"UTP4","s672_F_GON_01_ASEReadCounter.table","NW_015090842.1:10295880",6,22,16
"UTP4","s672_F_GON_01_ASEReadCounter.table","NW_015090842.1:10295884",5,21,16
"UTP4","s672_F_GON_01_ASEReadCounter.table","NW_015090842.1:10295903",6,20,14
"UTP4","s672_F_GON_01_ASEReadCounter.table","NW_015090842.1:10295906",5,19,14
"UTP4","s672_F_GON_01_ASEReadCounter.table","NW_015090842.1:10295915",5,19,14
"UTP4","s672_F_GON_01_ASEReadCounter.table","NW_015090842.1:10295938",4,13,9
"UTP4","s672_F_GON_01_ASEReadCounter.table","NW_015090842.1:10296175",6,19,13
"UTP4","s672_F_GON_01_ASEReadCounter.table","NW_015090842.1:10296660",8,23,15
"UTP4","s672_F_GON_01_ASEReadCounter.table","NW_015090842.1:10296679",6,23,17
"UTP4","s672_F_GON_01_ASEReadCounter.table","NW_015090842.1:10297193",18,44,26
"UTP4","s672_F_GON_01_ASEReadCounter.table","NW_015090842.1:10297220",16,44,28
"UTP4","s672_F_GON_01_ASEReadCounter.table","NW_015090842.1:10297307",15,41,26
"UTP4","s672_F_GON_01_ASEReadCounter.table","NW_015090842.1:10297558",17,53,36
"UTP4","s672_F_GON_01_ASEReadCounter.table","NW_015090842.1:10297943",15,42,27
"UTP4","s672_F_GON_01_ASEReadCounter.table","NW_015090842.1:10297979",13,45,32
"UTP4","s672_F_GON_01_ASEReadCounter.table","NW_015090842.1:10298022",9,34,25
"UTP4","s672_F_GON_01_ASEReadCounter.table","NW_015090842.1:10298079",0,10,10
"UTP4","s672_F_GON_01_ASEReadCounter.table","NW_015090842.1:10298081",0,10,10
"UTP4","s672_F_GON_01_ASEReadCounter.table","NW_015090842.1:10298082",0,9,9
"SNTB2","s672_F_GON_01_ASEReadCounter.table","NW_015090842.1:10298905",0,1,1
"SNTB2","s672_F_GON_01_ASEReadCounter.table","NW_015090842.1:10298928",0,1,1
"SNTB2","s672_F_GON_01_ASEReadCounter.table","NW_015090842.1:10303506",8,12,4
"SNTB2","s672_F_GON_01_ASEReadCounter.table","NW_015090842.1:10303524",8,12,4
"SNTB2","s672_F_GON_01_ASEReadCounter.table","NW_015090842.1:10304059",9,14,5
"SNTB2","s672_F_GON_01_ASEReadCounter.table","NW_015090842.1:10304089",10,15,5
"SNTB2","s672_F_GON_01_ASEReadCounter.table","NW_015090842.1:10304167",4,7,3
"SNTB2","s672_F_GON_01_ASEReadCounter.table","NW_015090842.1:10304176",4,7,3
"SNTB2","s672_F_GON_01_ASEReadCounter.table","NW_015090842.1:10305069",3,5,2
"SNTB2","s672_F_GON_01_ASEReadCounter.table","NW_015090842.1:10305099",5,7,2
"SNTB2","s672_F_GON_01_ASEReadCounter.table","NW_015090842.1:10305171",5,8,3
"SNTB2","s672_F_GON_01_ASEReadCounter.table","NW_015090842.1:10305177",4,8,4
"SNTB2","s672_F_GON_01_ASEReadCounter.table","NW_015090842.1:10305451",6,12,6
"SNTB2","s672_F_GON_01_ASEReadCounter.table","NW_015090842.1:10305547",8,11,3
"SNTB2","s672_F_GON_01_ASEReadCounter.table","NW_015090842.1:10305847",5,9,4
"SNTB2","s672_F_GON_01_ASEReadCounter.table","NW_015090842.1:10306173",3,9,6
"SNTB2","s672_F_GON_01_ASEReadCounter.table","NW_015090842.1:10306275",4,9,5
"SNTB2","s672_F_GON_01_ASEReadCounter.table","NW_015090842.1:10306457",7,12,5
"SNTB2","s672_F_GON_01_ASEReadCounter.table","NW_015090842.1:10306496",6,11,5
"SNTB2","s672_F_GON_01_ASEReadCounter.table","NW_015090842.1:10306499",6,9,3
"VPS4A","s672_F_GON_01_ASEReadCounter.table","NW_015090842.1:10308566",51,158,107
"VPS4A","s672_F_GON_01_ASEReadCounter.table","NW_015090842.1:10308573",52,161,109
"VPS4A","s672_F_GON_01_ASEReadCounter.table","NW_015090842.1:10308856",75,234,159
"VPS4A","s672_F_GON_01_ASEReadCounter.table","NW_015090842.1:10309056",93,244,151
"VPS4A","s672_F_GON_01_ASEReadCounter.table","NW_015090842.1:10309089",114,271,157
"VPS4A","s672_F_GON_01_ASEReadCounter.table","NW_015090842.1:10309392",88,236,148
"VPS4A","s672_F_GON_01_ASEReadCounter.table","NW_015090842.1:10309413",94,248,154
"VPS4A","s672_F_GON_01_ASEReadCounter.table","NW_015090842.1:10309467",113,307,194
"VPS4A","s672_F_GON_01_ASEReadCounter.table","NW_015090842.1:10310230",101,312,211
"VPS4A","s672_F_GON_01_ASEReadCounter.table","NW_015090842.1:10310425",86,279,193
"VPS4A","s672_F_GON_01_ASEReadCounter.table","NW_015090842.1:10310639",101,306,205
"VPS4A","s672_F_GON_01_ASEReadCounter.table","NW_015090842.1:10310734",101,267,166
"VPS4A","s672_F_GON_01_ASEReadCounter.table","NW_015090842.1:10310737",105,273,168
"VPS4A","s672_F_GON_01_ASEReadCounter.table","NW_015090842.1:10310746",102,268,166
"VPS4A","s672_F_GON_01_ASEReadCounter.table","NW_015090842.1:10310767",120,286,166
"VPS4A","s672_F_GON_01_ASEReadCounter.table","NW_015090842.1:10310995",165,367,202
"VPS4A","s672_F_GON_01_ASEReadCounter.table","NW_015090842.1:10311004",170,372,202
"VPS4A","s672_F_GON_01_ASEReadCounter.table","NW_015090842.1:10311007",171,379,208
"VPS4A","s672_F_GON_01_ASEReadCounter.table","NW_015090842.1:10311013",169,370,201
"VPS4A","s672_F_GON_01_ASEReadCounter.table","NW_015090842.1:10311022",157,346,189
"VPS4A","s672_F_GON_01_ASEReadCounter.table","NW_015090842.1:10311023",157,343,186
"VPS4A","s672_F_GON_01_ASEReadCounter.table","NW_015090842.1:10311426",165,406,241
"VPS4A","s672_F_GON_01_ASEReadCounter.table","NW_015090842.1:10311489",2,13,11
"VPS4A","s672_F_GON_01_ASEReadCounter.table","NW_015090842.1:10311490",4,9,5
"VPS4A","s672_F_GON_01_ASEReadCounter.table","NW_015090842.1:10311525",10,24,14
"VPS4A","s672_F_GON_01_ASEReadCounter.table","NW_015090842.1:10311529",10,35,25
"VPS4A","s672_F_GON_01_ASEReadCounter.table","NW_015090842.1:10311530",10,38,28
"VPS4A","s672_F_GON_01_ASEReadCounter.table","NW_015090842.1:10311552",23,61,38
"VPS4A","s672_F_GON_01_ASEReadCounter.table","NW_015090842.1:10311689",25,75,50
"VPS4A","s672_F_GON_01_ASEReadCounter.table","NW_015090842.1:10311700",31,81,50
"VPS4A","s672_F_GON_01_ASEReadCounter.table","NW_015090842.1:10311701",30,80,50
"VPS4A","s672_F_GON_01_ASEReadCounter.table","NW_015090842.1:10311703",31,81,50
"COG8","s672_F_GON_01_ASEReadCounter.table","NW_015090842.1:10313487",6,21,15
"COG8","s672_F_GON_01_ASEReadCounter.table","NW_015090842.1:10313559",15,33,18
"COG8","s672_F_GON_01_ASEReadCounter.table","NW_015090842.1:10313579",18,34,16
"COG8","s672_F_GON_01_ASEReadCounter.table","NW_015090842.1:10313665",11,22,11
"COG8","s672_F_GON_01_ASEReadCounter.table","NW_015090842.1:10313681",11,24,13
"COG8","s672_F_GON_01_ASEReadCounter.table","NW_015090842.1:10313768",21,43,22
"COG8","s672_F_GON_01_ASEReadCounter.table","NW_015090842.1:10313775",19,39,20
"COG8","s672_F_GON_01_ASEReadCounter.table","NW_015090842.1:10313811",15,26,11
"COG8","s672_F_GON_01_ASEReadCounter.table","NW_015090842.1:10313858",11,22,11
"COG8","s672_F_GON_01_ASEReadCounter.table","NW_015090842.1:10314100",12,25,13
"COG8","s672_F_GON_01_ASEReadCounter.table","NW_015090842.1:10314213",17,33,16
"COG8","s672_F_GON_01_ASEReadCounter.table","NW_015090842.1:10315093",20,31,11
"COG8","s672_F_GON_01_ASEReadCounter.table","NW_015090842.1:10315162",13,23,10
"COG8","s672_F_GON_01_ASEReadCounter.table","NW_015090842.1:10315285",15,26,11
"COG8","s672_F_GON_01_ASEReadCounter.table","NW_015090842.1:10315360",9,22,13
"COG8","s672_F_GON_01_ASEReadCounter.table","NW_015090842.1:10315369",10,21,11
"COG8","s672_F_GON_01_ASEReadCounter.table","NW_015090842.1:10315504",5,8,3
"COG8","s672_F_GON_01_ASEReadCounter.table","NW_015090842.1:10315508",5,9,4
"COG8","s672_F_GON_01_ASEReadCounter.table","NW_015090842.1:10315624",10,18,8
"COG8","s672_F_GON_01_ASEReadCounter.table","NW_015090842.1:10315693",9,17,8
"COG8","s672_F_GON_01_ASEReadCounter.table","NW_015090842.1:10315698",6,13,7
"COG8","s672_F_GON_01_ASEReadCounter.table","NW_015090842.1:10315768",5,12,7
"COG8","s672_F_GON_01_ASEReadCounter.table","NW_015090842.1:10315769",5,12,7
"COG8","s672_F_GON_01_ASEReadCounter.table","NW_015090842.1:10315784",4,11,7
"COG8","s672_F_GON_01_ASEReadCounter.table","NW_015090842.1:10316093",7,16,9
"COG8","s672_F_GON_01_ASEReadCounter.table","NW_015090842.1:10316133",5,12,7
"NIP7","s672_F_GON_01_ASEReadCounter.table","NW_015090842.1:10316759",16,28,12
"NIP7","s672_F_GON_01_ASEReadCounter.table","NW_015090842.1:10316967",111,212,101
"NIP7","s672_F_GON_01_ASEReadCounter.table","NW_015090842.1:10316995",127,245,118
"NIP7","s672_F_GON_01_ASEReadCounter.table","NW_015090842.1:10317240",178,321,143
"NIP7","s672_F_GON_01_ASEReadCounter.table","NW_015090842.1:10317247",176,311,135
"NIP7","s672_F_GON_01_ASEReadCounter.table","NW_015090842.1:10317264",174,295,121
"NIP7","s672_F_GON_01_ASEReadCounter.table","NW_015090842.1:10317433",188,359,171
"NIP7","s672_F_GON_01_ASEReadCounter.table","NW_015090842.1:10317738",195,362,167
"NIP7","s672_F_GON_01_ASEReadCounter.table","NW_015090842.1:10317769",207,363,156
"NIP7","s672_F_GON_01_ASEReadCounter.table","NW_015090842.1:10317808",152,276,124
"NIP7","s672_F_GON_01_ASEReadCounter.table","NW_015090842.1:10317870",87,182,95
"NIP7","s672_F_GON_01_ASEReadCounter.table","NW_015090842.1:10317871",88,181,93
"NIP7","s672_F_GON_01_ASEReadCounter.table","NW_015090842.1:10317898",59,122,63
"NIP7","s672_F_GON_01_ASEReadCounter.table","NW_015090842.1:10317911",53,100,47
"TMED6","s672_F_GON_01_ASEReadCounter.table","NW_015090842.1:10318731",2,2,0
"TERF2","s672_F_GON_01_ASEReadCounter.table","NW_015090842.1:10321665",18,18,0
"TERF2","s672_F_GON_01_ASEReadCounter.table","NW_015090842.1:10321768",47,102,55
"TERF2","s672_F_GON_01_ASEReadCounter.table","NW_015090842.1:10321777",48,101,53
"TERF2","s672_F_GON_01_ASEReadCounter.table","NW_015090842.1:10321805",49,118,69
"TERF2","s672_F_GON_01_ASEReadCounter.table","NW_015090842.1:10321878",64,159,95
"TERF2","s672_F_GON_01_ASEReadCounter.table","NW_015090842.1:10321893",8,153,145
"TERF2","s672_F_GON_01_ASEReadCounter.table","NW_015090842.1:10321897",47,128,81
"TERF2","s672_F_GON_01_ASEReadCounter.table","NW_015090842.1:10321908",44,115,71
"TERF2","s672_F_GON_01_ASEReadCounter.table","NW_015090842.1:10322001",70,185,115
"TERF2","s672_F_GON_01_ASEReadCounter.table","NW_015090842.1:10322035",57,135,78
"TERF2","s672_F_GON_01_ASEReadCounter.table","NW_015090842.1:10322051",51,148,97
"TERF2","s672_F_GON_01_ASEReadCounter.table","NW_015090842.1:10322137",42,127,85
"TERF2","s672_F_GON_01_ASEReadCounter.table","NW_015090842.1:10322144",45,128,83
"TERF2","s672_F_GON_01_ASEReadCounter.table","NW_015090842.1:10322388",34,125,91
"TERF2","s672_F_GON_01_ASEReadCounter.table","NW_015090842.1:10322396",36,121,85
"TERF2","s672_F_GON_01_ASEReadCounter.table","NW_015090842.1:10322502",38,131,93
"TERF2","s672_F_GON_01_ASEReadCounter.table","NW_015090842.1:10322504",41,136,95
"TERF2","s672_F_GON_01_ASEReadCounter.table","NW_015090842.1:10322510",42,141,99
"TERF2","s672_F_GON_01_ASEReadCounter.table","NW_015090842.1:10323580",35,112,77
"TERF2","s672_F_GON_01_ASEReadCounter.table","NW_015090842.1:10324314",27,94,67
"TERF2","s672_F_GON_01_ASEReadCounter.table","NW_015090842.1:10326832",42,101,59
"TERF2","s672_F_GON_01_ASEReadCounter.table","NW_015090842.1:10327787",15,58,43
"TERF2","s672_F_GON_01_ASEReadCounter.table","NW_015090842.1:10328588",19,61,42
"TERF2","s672_F_GON_01_ASEReadCounter.table","NW_015090842.1:10328644",12,45,33
"TERF2","s672_F_GON_01_ASEReadCounter.table","NW_015090842.1:10329813",10,50,40
"TERF2","s672_F_GON_01_ASEReadCounter.table","NW_015090842.1:10330749",16,44,28
"TERF2","s672_F_GON_01_ASEReadCounter.table","NW_015090842.1:10330789",17,43,26
"CYB5B","s672_F_GON_01_ASEReadCounter.table","NW_015090842.1:10336595",13,36,23
"CYB5B","s672_F_GON_01_ASEReadCounter.table","NW_015090842.1:10336667",97,193,96
"CYB5B","s672_F_GON_01_ASEReadCounter.table","NW_015090842.1:10336689",139,284,145
"CYB5B","s672_F_GON_01_ASEReadCounter.table","NW_015090842.1:10336728",201,426,225
"CYB5B","s672_F_GON_01_ASEReadCounter.table","NW_015090842.1:10345068",182,384,202
"CYB5B","s672_F_GON_01_ASEReadCounter.table","NW_015090842.1:10348800",257,533,276
"CYB5B","s672_F_GON_01_ASEReadCounter.table","NW_015090842.1:10348888",187,417,230
"CYB5B","s672_F_GON_01_ASEReadCounter.table","NW_015090842.1:10349046",186,416,230
"CYB5B","s672_F_GON_01_ASEReadCounter.table","NW_015090842.1:10349119",112,334,222
"CYB5B","s672_F_GON_01_ASEReadCounter.table","NW_015090842.1:10349146",70,289,219
"CYB5B","s672_F_GON_01_ASEReadCounter.table","NW_015090842.1:10349157",109,331,222
