"gene","id","snp","ref_count","total_count","alt_count"
"CENPN","s672_F_PIT_01_ASEReadCounter.table","NW_015090842.1:5801612",0,1,1
"CENPN","s672_F_PIT_01_ASEReadCounter.table","NW_015090842.1:5801618",1,2,1
"CENPN","s672_F_PIT_01_ASEReadCounter.table","NW_015090842.1:5801623",1,2,1
"CENPN","s672_F_PIT_01_ASEReadCounter.table","NW_015090842.1:5801631",1,2,1
"CENPN","s672_F_PIT_01_ASEReadCounter.table","NW_015090842.1:5801632",1,2,1
"CENPN","s672_F_PIT_01_ASEReadCounter.table","NW_015090842.1:5801655",1,3,2
"CENPN","s672_F_PIT_01_ASEReadCounter.table","NW_015090842.1:5801662",1,3,2
"CENPN","s672_F_PIT_01_ASEReadCounter.table","NW_015090842.1:5801670",1,3,2
"CENPN","s672_F_PIT_01_ASEReadCounter.table","NW_015090842.1:5801674",1,3,2
"CENPN","s672_F_PIT_01_ASEReadCounter.table","NW_015090842.1:5801692",0,2,2
"CENPN","s672_F_PIT_01_ASEReadCounter.table","NW_015090842.1:5801697",1,3,2
"CENPN","s672_F_PIT_01_ASEReadCounter.table","NW_015090842.1:5802008",0,3,3
"CENPN","s672_F_PIT_01_ASEReadCounter.table","NW_015090842.1:5802012",0,3,3
"CENPN","s672_F_PIT_01_ASEReadCounter.table","NW_015090842.1:5802087",1,9,8
"CENPN","s672_F_PIT_01_ASEReadCounter.table","NW_015090842.1:5810113",5,5,0
"CENPN","s672_F_PIT_01_ASEReadCounter.table","NW_015090842.1:5810147",2,3,1
"CENPN","s672_F_PIT_01_ASEReadCounter.table","NW_015090842.1:5810148",2,3,1
"ATMIN","s672_F_PIT_01_ASEReadCounter.table","NW_015090842.1:5818789",10,15,5
"ATMIN","s672_F_PIT_01_ASEReadCounter.table","NW_015090842.1:5819958",10,19,9
"ATMIN","s672_F_PIT_01_ASEReadCounter.table","NW_015090842.1:5820004",6,16,10
"ATMIN","s672_F_PIT_01_ASEReadCounter.table","NW_015090842.1:5820217",10,19,9
"ATMIN","s672_F_PIT_01_ASEReadCounter.table","NW_015090842.1:5820250",10,15,5
"ATMIN","s672_F_PIT_01_ASEReadCounter.table","NW_015090842.1:5820298",10,18,8
"ATMIN","s672_F_PIT_01_ASEReadCounter.table","NW_015090842.1:5820417",6,10,4
"ATMIN","s672_F_PIT_01_ASEReadCounter.table","NW_015090842.1:5820421",6,10,4
"ATMIN","s672_F_PIT_01_ASEReadCounter.table","NW_015090842.1:5820448",10,17,7
"ATMIN","s672_F_PIT_01_ASEReadCounter.table","NW_015090842.1:5820457",10,17,7
"ATMIN","s672_F_PIT_01_ASEReadCounter.table","NW_015090842.1:5820510",12,22,10
"ATMIN","s672_F_PIT_01_ASEReadCounter.table","NW_015090842.1:5820673",7,15,8
"ATMIN","s672_F_PIT_01_ASEReadCounter.table","NW_015090842.1:5820754",8,13,5
"ATMIN","s672_F_PIT_01_ASEReadCounter.table","NW_015090842.1:5820820",2,3,1
"ATMIN","s672_F_PIT_01_ASEReadCounter.table","NW_015090842.1:5820865",2,9,7
"ATMIN","s672_F_PIT_01_ASEReadCounter.table","NW_015090842.1:5820889",5,15,10
"ATMIN","s672_F_PIT_01_ASEReadCounter.table","NW_015090842.1:5820891",5,15,10
"ATMIN","s672_F_PIT_01_ASEReadCounter.table","NW_015090842.1:5820997",9,20,11
"ATMIN","s672_F_PIT_01_ASEReadCounter.table","NW_015090842.1:5821063",3,16,13
"ATMIN","s672_F_PIT_01_ASEReadCounter.table","NW_015090842.1:5821132",4,15,11
"ATMIN","s672_F_PIT_01_ASEReadCounter.table","NW_015090842.1:5821645",14,30,16
"ATMIN","s672_F_PIT_01_ASEReadCounter.table","NW_015090842.1:5825066",13,22,9
"ATMIN","s672_F_PIT_01_ASEReadCounter.table","NW_015090842.1:5825106",7,23,16
"ATMIN","s672_F_PIT_01_ASEReadCounter.table","NW_015090842.1:5825122",6,23,17
"ATMIN","s672_F_PIT_01_ASEReadCounter.table","NW_015090842.1:5825178",13,28,15
"ATMIN","s672_F_PIT_01_ASEReadCounter.table","NW_015090842.1:5825194",14,31,17
"ATMIN","s672_F_PIT_01_ASEReadCounter.table","NW_015090842.1:5825195",14,32,18
"ATMIN","s672_F_PIT_01_ASEReadCounter.table","NW_015090842.1:5825220",14,32,18
"ATMIN","s672_F_PIT_01_ASEReadCounter.table","NW_015090842.1:5825240",9,23,14
"ATMIN","s672_F_PIT_01_ASEReadCounter.table","NW_015090842.1:5825303",12,35,23
"ATMIN","s672_F_PIT_01_ASEReadCounter.table","NW_015090842.1:5825304",12,34,22
"ATMIN","s672_F_PIT_01_ASEReadCounter.table","NW_015090842.1:5825310",16,40,24
"ATMIN","s672_F_PIT_01_ASEReadCounter.table","NW_015090842.1:5825406",15,31,16
"ATMIN","s672_F_PIT_01_ASEReadCounter.table","NW_015090842.1:5825415",18,34,16
"ATMIN","s672_F_PIT_01_ASEReadCounter.table","NW_015090842.1:5825438",20,31,11
"ATMIN","s672_F_PIT_01_ASEReadCounter.table","NW_015090842.1:5825485",22,32,10
"ATMIN","s672_F_PIT_01_ASEReadCounter.table","NW_015090842.1:5825524",20,36,16
"ATMIN","s672_F_PIT_01_ASEReadCounter.table","NW_015090842.1:5825557",12,31,19
"ATMIN","s672_F_PIT_01_ASEReadCounter.table","NW_015090842.1:5825571",11,29,18
"ATMIN","s672_F_PIT_01_ASEReadCounter.table","NW_015090842.1:5825579",12,31,19
"ATMIN","s672_F_PIT_01_ASEReadCounter.table","NW_015090842.1:5825590",8,24,16
"ATMIN","s672_F_PIT_01_ASEReadCounter.table","NW_015090842.1:5825689",9,22,13
"ATMIN","s672_F_PIT_01_ASEReadCounter.table","NW_015090842.1:5825703",14,28,14
"ATMIN","s672_F_PIT_01_ASEReadCounter.table","NW_015090842.1:5825787",18,30,12
"ATMIN","s672_F_PIT_01_ASEReadCounter.table","NW_015090842.1:5825833",17,34,17
"ATMIN","s672_F_PIT_01_ASEReadCounter.table","NW_015090842.1:5825841",21,39,18
"ATMIN","s672_F_PIT_01_ASEReadCounter.table","NW_015090842.1:5825895",25,45,20
"ATMIN","s672_F_PIT_01_ASEReadCounter.table","NW_015090842.1:5825984",18,42,24
"ATMIN","s672_F_PIT_01_ASEReadCounter.table","NW_015090842.1:5826162",21,46,25
"ATMIN","s672_F_PIT_01_ASEReadCounter.table","NW_015090842.1:5826194",19,42,23
"ATMIN","s672_F_PIT_01_ASEReadCounter.table","NW_015090842.1:5826235",15,36,21
"ATMIN","s672_F_PIT_01_ASEReadCounter.table","NW_015090842.1:5826245",15,37,22
"ATMIN","s672_F_PIT_01_ASEReadCounter.table","NW_015090842.1:5826335",15,30,15
"ATMIN","s672_F_PIT_01_ASEReadCounter.table","NW_015090842.1:5826417",7,23,16
"ATMIN","s672_F_PIT_01_ASEReadCounter.table","NW_015090842.1:5826431",11,29,18
"ATMIN","s672_F_PIT_01_ASEReadCounter.table","NW_015090842.1:5826438",11,30,19
"ATMIN","s672_F_PIT_01_ASEReadCounter.table","NW_015090842.1:5826463",17,45,28
"ATMIN","s672_F_PIT_01_ASEReadCounter.table","NW_015090842.1:5826502",14,42,28
"ATMIN","s672_F_PIT_01_ASEReadCounter.table","NW_015090842.1:5826511",12,38,26
"ATMIN","s672_F_PIT_01_ASEReadCounter.table","NW_015090842.1:5826659",24,50,26
"ATMIN","s672_F_PIT_01_ASEReadCounter.table","NW_015090842.1:5826701",27,53,26
"ATMIN","s672_F_PIT_01_ASEReadCounter.table","NW_015090842.1:5826702",27,51,24
"ATMIN","s672_F_PIT_01_ASEReadCounter.table","NW_015090842.1:5826732",26,53,27
"ATMIN","s672_F_PIT_01_ASEReadCounter.table","NW_015090842.1:5826745",21,46,25
"ATMIN","s672_F_PIT_01_ASEReadCounter.table","NW_015090842.1:5826835",23,36,13
"ATMIN","s672_F_PIT_01_ASEReadCounter.table","NW_015090842.1:5826942",12,41,29
"ATMIN","s672_F_PIT_01_ASEReadCounter.table","NW_015090842.1:5827193",25,48,23
"ATMIN","s672_F_PIT_01_ASEReadCounter.table","NW_015090842.1:5827196",21,45,24
"ATMIN","s672_F_PIT_01_ASEReadCounter.table","NW_015090842.1:5827269",23,40,17
"ATMIN","s672_F_PIT_01_ASEReadCounter.table","NW_015090842.1:5827315",16,30,14
"ATMIN","s672_F_PIT_01_ASEReadCounter.table","NW_015090842.1:5827316",15,30,15
"ATMIN","s672_F_PIT_01_ASEReadCounter.table","NW_015090842.1:5827333",17,31,14
"PPP1R3E","s672_F_PIT_01_ASEReadCounter.table","NW_015090842.1:5837733",13,27,14
"PPP1R3E","s672_F_PIT_01_ASEReadCounter.table","NW_015090842.1:5837947",15,22,7
"PKD1L2","s672_F_PIT_01_ASEReadCounter.table","NW_015090842.1:5867509",2,3,1
"PKD1L2","s672_F_PIT_01_ASEReadCounter.table","NW_015090842.1:5867597",3,3,0
"PKD1L2","s672_F_PIT_01_ASEReadCounter.table","NW_015090842.1:5867600",3,4,1
"PKD1L2","s672_F_PIT_01_ASEReadCounter.table","NW_015090842.1:5867660",2,3,1
"PKD1L2","s672_F_PIT_01_ASEReadCounter.table","NW_015090842.1:5867675",2,4,2
"PKD1L2","s672_F_PIT_01_ASEReadCounter.table","NW_015090842.1:5867788",1,1,0
"PKD1L2","s672_F_PIT_01_ASEReadCounter.table","NW_015090842.1:5867843",1,1,0
"BCO1","s672_F_PIT_01_ASEReadCounter.table","NW_015090842.1:5915646",2,2,0
"BCO1","s672_F_PIT_01_ASEReadCounter.table","NW_015090842.1:5917836",3,4,1
"BCO1","s672_F_PIT_01_ASEReadCounter.table","NW_015090842.1:5917912",11,20,9
"BCO1","s672_F_PIT_01_ASEReadCounter.table","NW_015090842.1:5917941",18,29,11
"BCO1","s672_F_PIT_01_ASEReadCounter.table","NW_015090842.1:5917971",21,35,14
"BCO1","s672_F_PIT_01_ASEReadCounter.table","NW_015090842.1:5921679",14,24,10
"BCO1","s672_F_PIT_01_ASEReadCounter.table","NW_015090842.1:5921726",18,23,5
"BCO1","s672_F_PIT_01_ASEReadCounter.table","NW_015090842.1:5925669",9,15,6
"BCO1","s672_F_PIT_01_ASEReadCounter.table","NW_015090842.1:5926937",10,19,9
"BCO1","s672_F_PIT_01_ASEReadCounter.table","NW_015090842.1:5927921",22,29,7
"BCO1","s672_F_PIT_01_ASEReadCounter.table","NW_015090842.1:5927948",20,27,7
"BCO1","s672_F_PIT_01_ASEReadCounter.table","NW_015090842.1:5927968",18,27,9
"BCO1","s672_F_PIT_01_ASEReadCounter.table","NW_015090842.1:5928052",15,22,7
"BCO1","s672_F_PIT_01_ASEReadCounter.table","NW_015090842.1:5932726",24,33,9
"BCO1","s672_F_PIT_01_ASEReadCounter.table","NW_015090842.1:5932801",17,30,13
"BCO1","s672_F_PIT_01_ASEReadCounter.table","NW_015090842.1:5934558",14,25,11
"BCO1","s672_F_PIT_01_ASEReadCounter.table","NW_015090842.1:5934575",13,26,13
"BCO1","s672_F_PIT_01_ASEReadCounter.table","NW_015090842.1:5934608",13,28,15
"BCO1","s672_F_PIT_01_ASEReadCounter.table","NW_015090842.1:5934647",21,31,10
"BCO1","s672_F_PIT_01_ASEReadCounter.table","NW_015090842.1:5934725",23,29,6
"BCO1","s672_F_PIT_01_ASEReadCounter.table","NW_015090842.1:5934726",23,29,6
"BCO1","s672_F_PIT_01_ASEReadCounter.table","NW_015090842.1:5934733",20,26,6
"BCO1","s672_F_PIT_01_ASEReadCounter.table","NW_015090842.1:5934821",13,21,8
"BCO1","s672_F_PIT_01_ASEReadCounter.table","NW_015090842.1:5934826",14,23,9
"BCO1","s672_F_PIT_01_ASEReadCounter.table","NW_015090842.1:5934844",9,14,5
"BCO1","s672_F_PIT_01_ASEReadCounter.table","NW_015090842.1:5934958",10,17,7
"BCO1","s672_F_PIT_01_ASEReadCounter.table","NW_015090842.1:5934976",11,17,6
"GAN","s672_F_PIT_01_ASEReadCounter.table","NW_015090842.1:5953759",5,8,3
"GAN","s672_F_PIT_01_ASEReadCounter.table","NW_015090842.1:5957502",6,10,4
"GAN","s672_F_PIT_01_ASEReadCounter.table","NW_015090842.1:5957578",7,14,7
"GAN","s672_F_PIT_01_ASEReadCounter.table","NW_015090842.1:5966047",3,9,6
"GAN","s672_F_PIT_01_ASEReadCounter.table","NW_015090842.1:5966126",1,9,8
"GAN","s672_F_PIT_01_ASEReadCounter.table","NW_015090842.1:5966127",1,8,7
"GAN","s672_F_PIT_01_ASEReadCounter.table","NW_015090842.1:5966162",2,10,8
"GAN","s672_F_PIT_01_ASEReadCounter.table","NW_015090842.1:5966483",3,10,7
"CMIP","s672_F_PIT_01_ASEReadCounter.table","NW_015090842.1:6109159",26,40,14
"CMIP","s672_F_PIT_01_ASEReadCounter.table","NW_015090842.1:6109166",22,34,12
"CMIP","s672_F_PIT_01_ASEReadCounter.table","NW_015090842.1:6114641",26,43,17
"CMIP","s672_F_PIT_01_ASEReadCounter.table","NW_015090842.1:6114751",15,30,15
"CMIP","s672_F_PIT_01_ASEReadCounter.table","NW_015090842.1:6114824",12,28,16
"CMIP","s672_F_PIT_01_ASEReadCounter.table","NW_015090842.1:6126295",49,51,2
"CMIP","s672_F_PIT_01_ASEReadCounter.table","NW_015090842.1:6128998",25,57,32
"CMIP","s672_F_PIT_01_ASEReadCounter.table","NW_015090842.1:6130562",30,83,53
"CMIP","s672_F_PIT_01_ASEReadCounter.table","NW_015090842.1:6132522",20,56,36
"CMIP","s672_F_PIT_01_ASEReadCounter.table","NW_015090842.1:6138265",23,99,76
"CMIP","s672_F_PIT_01_ASEReadCounter.table","NW_015090842.1:6138300",25,100,75
"CMIP","s672_F_PIT_01_ASEReadCounter.table","NW_015090842.1:6138342",29,96,67
"CMIP","s672_F_PIT_01_ASEReadCounter.table","NW_015090842.1:6138343",28,95,67
"CMIP","s672_F_PIT_01_ASEReadCounter.table","NW_015090842.1:6138345",30,96,66
"CMIP","s672_F_PIT_01_ASEReadCounter.table","NW_015090842.1:6138647",17,58,41
"CMIP","s672_F_PIT_01_ASEReadCounter.table","NW_015090842.1:6138745",30,76,46
"CMIP","s672_F_PIT_01_ASEReadCounter.table","NW_015090842.1:6138832",8,26,18
"CMIP","s672_F_PIT_01_ASEReadCounter.table","NW_015090842.1:6138967",22,64,42
"CMIP","s672_F_PIT_01_ASEReadCounter.table","NW_015090842.1:6139131",19,39,20
"CMIP","s672_F_PIT_01_ASEReadCounter.table","NW_015090842.1:6139163",4,32,28
"CMIP","s672_F_PIT_01_ASEReadCounter.table","NW_015090842.1:6139212",43,47,4
"CMIP","s672_F_PIT_01_ASEReadCounter.table","NW_015090842.1:6139360",5,13,8
"CMIP","s672_F_PIT_01_ASEReadCounter.table","NW_015090842.1:6139572",3,9,6
"PLCG2","s672_F_PIT_01_ASEReadCounter.table","NW_015090842.1:6179613",8,8,0
"PLCG2","s672_F_PIT_01_ASEReadCounter.table","NW_015090842.1:6179658",13,15,2
"PLCG2","s672_F_PIT_01_ASEReadCounter.table","NW_015090842.1:6203766",15,22,7
"PLCG2","s672_F_PIT_01_ASEReadCounter.table","NW_015090842.1:6203775",17,25,8
"PLCG2","s672_F_PIT_01_ASEReadCounter.table","NW_015090842.1:6203787",18,26,8
"PLCG2","s672_F_PIT_01_ASEReadCounter.table","NW_015090842.1:6209741",17,23,6
"PLCG2","s672_F_PIT_01_ASEReadCounter.table","NW_015090842.1:6209798",17,25,8
"PLCG2","s672_F_PIT_01_ASEReadCounter.table","NW_015090842.1:6209816",19,25,6
"PLCG2","s672_F_PIT_01_ASEReadCounter.table","NW_015090842.1:6217547",22,58,36
"PLCG2","s672_F_PIT_01_ASEReadCounter.table","NW_015090842.1:6218641",15,44,29
"PLCG2","s672_F_PIT_01_ASEReadCounter.table","NW_015090842.1:6220552",20,35,15
"PLCG2","s672_F_PIT_01_ASEReadCounter.table","NW_015090842.1:6221969",16,31,15
"PLCG2","s672_F_PIT_01_ASEReadCounter.table","NW_015090842.1:6228672",31,40,9
"PLCG2","s672_F_PIT_01_ASEReadCounter.table","NW_015090842.1:6228694",30,39,9
"PLCG2","s672_F_PIT_01_ASEReadCounter.table","NW_015090842.1:6228722",27,37,10
"PLCG2","s672_F_PIT_01_ASEReadCounter.table","NW_015090842.1:6228747",20,29,9
"PLCG2","s672_F_PIT_01_ASEReadCounter.table","NW_015090842.1:6228835",17,27,10
"PLCG2","s672_F_PIT_01_ASEReadCounter.table","NW_015090842.1:6228841",16,26,10
"PLCG2","s672_F_PIT_01_ASEReadCounter.table","NW_015090842.1:6228865",16,28,12
"PLCG2","s672_F_PIT_01_ASEReadCounter.table","NW_015090842.1:6228917",16,28,12
"PLCG2","s672_F_PIT_01_ASEReadCounter.table","NW_015090842.1:6228926",15,26,11
"PLCG2","s672_F_PIT_01_ASEReadCounter.table","NW_015090842.1:6228954",14,20,6
"PLCG2","s672_F_PIT_01_ASEReadCounter.table","NW_015090842.1:6229002",18,28,10
"PLCG2","s672_F_PIT_01_ASEReadCounter.table","NW_015090842.1:6229006",18,27,9
"PLCG2","s672_F_PIT_01_ASEReadCounter.table","NW_015090842.1:6229081",13,23,10
"PLCG2","s672_F_PIT_01_ASEReadCounter.table","NW_015090842.1:6229097",12,19,7
"PLCG2","s672_F_PIT_01_ASEReadCounter.table","NW_015090842.1:6229160",13,20,7
"PLCG2","s672_F_PIT_01_ASEReadCounter.table","NW_015090842.1:6229213",18,24,6
"PLCG2","s672_F_PIT_01_ASEReadCounter.table","NW_015090842.1:6229231",20,27,7
"PLCG2","s672_F_PIT_01_ASEReadCounter.table","NW_015090842.1:6229663",20,32,12
"PLCG2","s672_F_PIT_01_ASEReadCounter.table","NW_015090842.1:6229748",20,29,9
"PLCG2","s672_F_PIT_01_ASEReadCounter.table","NW_015090842.1:6229892",15,21,6
"PLCG2","s672_F_PIT_01_ASEReadCounter.table","NW_015090842.1:6230248",27,33,6
"PLCG2","s672_F_PIT_01_ASEReadCounter.table","NW_015090842.1:6230255",25,31,6
"PLCG2","s672_F_PIT_01_ASEReadCounter.table","NW_015090842.1:6230276",23,31,8
"PLCG2","s672_F_PIT_01_ASEReadCounter.table","NW_015090842.1:6230296",22,31,9
"PLCG2","s672_F_PIT_01_ASEReadCounter.table","NW_015090842.1:6230349",36,45,9
"PLCG2","s672_F_PIT_01_ASEReadCounter.table","NW_015090842.1:6230408",35,44,9
"PLCG2","s672_F_PIT_01_ASEReadCounter.table","NW_015090842.1:6230439",26,35,9
"PLCG2","s672_F_PIT_01_ASEReadCounter.table","NW_015090842.1:6230757",12,17,5
"PLCG2","s672_F_PIT_01_ASEReadCounter.table","NW_015090842.1:6230758",12,16,4
"PLCG2","s672_F_PIT_01_ASEReadCounter.table","NW_015090842.1:6230898",25,29,4
"PLCG2","s672_F_PIT_01_ASEReadCounter.table","NW_015090842.1:6230976",23,31,8
"PLCG2","s672_F_PIT_01_ASEReadCounter.table","NW_015090842.1:6231078",23,23,0
"PLCG2","s672_F_PIT_01_ASEReadCounter.table","NW_015090842.1:6231138",31,36,5
"PLCG2","s672_F_PIT_01_ASEReadCounter.table","NW_015090842.1:6231177",30,34,4
"PLCG2","s672_F_PIT_01_ASEReadCounter.table","NW_015090842.1:6231263",13,21,8
"SDR42E1","s672_F_PIT_01_ASEReadCounter.table","NW_015090842.1:6235292",1,4,3
"SDR42E1","s672_F_PIT_01_ASEReadCounter.table","NW_015090842.1:6235315",2,7,5
"SDR42E1","s672_F_PIT_01_ASEReadCounter.table","NW_015090842.1:6235348",4,16,12
"SDR42E1","s672_F_PIT_01_ASEReadCounter.table","NW_015090842.1:6235355",4,19,15
"SDR42E1","s672_F_PIT_01_ASEReadCounter.table","NW_015090842.1:6235417",3,24,21
"SDR42E1","s672_F_PIT_01_ASEReadCounter.table","NW_015090842.1:6235558",5,19,14
"SDR42E1","s672_F_PIT_01_ASEReadCounter.table","NW_015090842.1:6235741",13,32,19
"SDR42E1","s672_F_PIT_01_ASEReadCounter.table","NW_015090842.1:6235777",8,32,24
"SDR42E1","s672_F_PIT_01_ASEReadCounter.table","NW_015090842.1:6235806",8,34,26
"SDR42E1","s672_F_PIT_01_ASEReadCounter.table","NW_015090842.1:6235809",8,34,26
"SDR42E1","s672_F_PIT_01_ASEReadCounter.table","NW_015090842.1:6235816",9,34,25
"SDR42E1","s672_F_PIT_01_ASEReadCounter.table","NW_015090842.1:6235914",3,20,17
"SDR42E1","s672_F_PIT_01_ASEReadCounter.table","NW_015090842.1:6235935",4,28,24
"SDR42E1","s672_F_PIT_01_ASEReadCounter.table","NW_015090842.1:6235957",4,27,23
"SDR42E1","s672_F_PIT_01_ASEReadCounter.table","NW_015090842.1:6236040",7,23,16
"SDR42E1","s672_F_PIT_01_ASEReadCounter.table","NW_015090842.1:6236260",3,20,17
"SDR42E1","s672_F_PIT_01_ASEReadCounter.table","NW_015090842.1:6236281",6,26,20
"SDR42E1","s672_F_PIT_01_ASEReadCounter.table","NW_015090842.1:6236305",6,27,21
"SDR42E1","s672_F_PIT_01_ASEReadCounter.table","NW_015090842.1:6236458",4,24,20
"SDR42E1","s672_F_PIT_01_ASEReadCounter.table","NW_015090842.1:6236476",4,24,20
"SDR42E1","s672_F_PIT_01_ASEReadCounter.table","NW_015090842.1:6236608",8,25,17
"SDR42E1","s672_F_PIT_01_ASEReadCounter.table","NW_015090842.1:6238244",3,17,14
"SDR42E1","s672_F_PIT_01_ASEReadCounter.table","NW_015090842.1:6238829",1,7,6
"HSD17B2","s672_F_PIT_01_ASEReadCounter.table","NW_015090842.1:6262951",0,1,1
"HSD17B2","s672_F_PIT_01_ASEReadCounter.table","NW_015090842.1:6262974",0,1,1
"HSD17B2","s672_F_PIT_01_ASEReadCounter.table","NW_015090842.1:6266944",0,1,1
"HSD17B2","s672_F_PIT_01_ASEReadCounter.table","NW_015090842.1:6267053",0,1,1
"HSD17B2","s672_F_PIT_01_ASEReadCounter.table","NW_015090842.1:6267674",0,1,1
"HSD17B2","s672_F_PIT_01_ASEReadCounter.table","NW_015090842.1:6267913",0,2,2
"HSD17B2","s672_F_PIT_01_ASEReadCounter.table","NW_015090842.1:6268203",0,1,1
"ARY2","s672_F_PIT_01_ASEReadCounter.table","NW_015090842.1:6303922",0,2,2
"ARY2","s672_F_PIT_01_ASEReadCounter.table","NW_015090842.1:6303954",0,1,1
"ARY2","s672_F_PIT_01_ASEReadCounter.table","NW_015090842.1:6303979",1,2,1
"ARY2","s672_F_PIT_01_ASEReadCounter.table","NW_015090842.1:6305848",3,5,2
"ARY2","s672_F_PIT_01_ASEReadCounter.table","NW_015090842.1:6305856",3,5,2
"ARY2","s672_F_PIT_01_ASEReadCounter.table","NW_015090842.1:6305857",3,5,2
"ARY2","s672_F_PIT_01_ASEReadCounter.table","NW_015090842.1:6306017",1,4,3
"ARY2","s672_F_PIT_01_ASEReadCounter.table","NW_015090842.1:6306052",1,5,4
"ARY2","s672_F_PIT_01_ASEReadCounter.table","NW_015090842.1:6306094",2,6,4
"ARY2","s672_F_PIT_01_ASEReadCounter.table","NW_015090842.1:6306100",3,7,4
"ARY2","s672_F_PIT_01_ASEReadCounter.table","NW_015090842.1:6306146",2,3,1
"ARY2","s672_F_PIT_01_ASEReadCounter.table","NW_015090842.1:6306147",2,3,1
"ARY2","s672_F_PIT_01_ASEReadCounter.table","NW_015090842.1:6306390",1,3,2
"ARY2","s672_F_PIT_01_ASEReadCounter.table","NW_015090842.1:6306567",0,1,1
"ARY2","s672_F_PIT_01_ASEReadCounter.table","NW_015090842.1:6306705",4,4,0
"ARY2","s672_F_PIT_01_ASEReadCounter.table","NW_015090842.1:6306773",1,2,1
"ARY2","s672_F_PIT_01_ASEReadCounter.table","NW_015090842.1:6307039",1,1,0
"ARY2","s672_F_PIT_01_ASEReadCounter.table","NW_015090842.1:6307043",1,1,0
"ARY2","s672_F_PIT_01_ASEReadCounter.table","NW_015090842.1:6307093",1,1,0
"ARY2","s672_F_PIT_01_ASEReadCounter.table","NW_015090842.1:6307204",1,2,1
"ARY2","s672_F_PIT_01_ASEReadCounter.table","NW_015090842.1:6307278",2,3,1
"ARY2","s672_F_PIT_01_ASEReadCounter.table","NW_015090842.1:6307305",1,2,1
"ARY2","s672_F_PIT_01_ASEReadCounter.table","NW_015090842.1:6307318",1,2,1
"ARY2","s672_F_PIT_01_ASEReadCounter.table","NW_015090842.1:6307429",2,3,1
"ARY2","s672_F_PIT_01_ASEReadCounter.table","NW_015090842.1:6307487",2,2,0
"ARY2","s672_F_PIT_01_ASEReadCounter.table","NW_015090842.1:6307670",1,1,0
"ARYL","s672_F_PIT_01_ASEReadCounter.table","NW_015090842.1:6313360",1,2,1
"ARYL","s672_F_PIT_01_ASEReadCounter.table","NW_015090842.1:6313377",1,2,1
"ARYL","s672_F_PIT_01_ASEReadCounter.table","NW_015090842.1:6313767",0,1,1
"ARY1","s672_F_PIT_01_ASEReadCounter.table","NW_015090842.1:6314597",0,1,1
"ARY1","s672_F_PIT_01_ASEReadCounter.table","NW_015090842.1:6314750",0,3,3
"ARY1","s672_F_PIT_01_ASEReadCounter.table","NW_015090842.1:6314794",0,2,2
"ARY1","s672_F_PIT_01_ASEReadCounter.table","NW_015090842.1:6314827",1,1,0
"ARY1","s672_F_PIT_01_ASEReadCounter.table","NW_015090842.1:6314859",1,3,2
"ARY1","s672_F_PIT_01_ASEReadCounter.table","NW_015090842.1:6314886",1,3,2
"ARY1","s672_F_PIT_01_ASEReadCounter.table","NW_015090842.1:6315022",4,8,4
"ARY1","s672_F_PIT_01_ASEReadCounter.table","NW_015090842.1:6315026",4,8,4
"ARY1","s672_F_PIT_01_ASEReadCounter.table","NW_015090842.1:6315043",4,8,4
"ARY1","s672_F_PIT_01_ASEReadCounter.table","NW_015090842.1:6315065",3,8,5
"ARY1","s672_F_PIT_01_ASEReadCounter.table","NW_015090842.1:6315409",4,4,0
"ARY1","s672_F_PIT_01_ASEReadCounter.table","NW_015090842.1:6315479",1,2,1
"ARY1","s672_F_PIT_01_ASEReadCounter.table","NW_015090842.1:6318342",5,7,2
"ARY1","s672_F_PIT_01_ASEReadCounter.table","NW_015090842.1:6318427",5,5,0
"ARY1","s672_F_PIT_01_ASEReadCounter.table","NW_015090842.1:6318603",5,6,1
"ARY1","s672_F_PIT_01_ASEReadCounter.table","NW_015090842.1:6318708",1,1,0
"ARY1","s672_F_PIT_01_ASEReadCounter.table","NW_015090842.1:6318858",3,5,2
"ARY1","s672_F_PIT_01_ASEReadCounter.table","NW_015090842.1:6318952",2,6,4
"MPHOSPH6","s672_F_PIT_01_ASEReadCounter.table","NW_015090842.1:6324063",26,60,34
"MPHOSPH6","s672_F_PIT_01_ASEReadCounter.table","NW_015090842.1:6324174",51,108,57
"MPHOSPH6","s672_F_PIT_01_ASEReadCounter.table","NW_015090842.1:6324270",59,141,82
"MPHOSPH6","s672_F_PIT_01_ASEReadCounter.table","NW_015090842.1:6324762",78,162,84
"MPHOSPH6","s672_F_PIT_01_ASEReadCounter.table","NW_015090842.1:6324780",73,149,76
"MPHOSPH6","s672_F_PIT_01_ASEReadCounter.table","NW_015090842.1:6324902",88,175,87
"MPHOSPH6","s672_F_PIT_01_ASEReadCounter.table","NW_015090842.1:6325066",88,198,110
"MPHOSPH6","s672_F_PIT_01_ASEReadCounter.table","NW_015090842.1:6325089",110,252,142
"MPHOSPH6","s672_F_PIT_01_ASEReadCounter.table","NW_015090842.1:6325877",73,193,120
"MPHOSPH6","s672_F_PIT_01_ASEReadCounter.table","NW_015090842.1:6326976",68,148,80
"CDH13","s672_F_PIT_01_ASEReadCounter.table","NW_015090842.1:6662283",5,5,0
"CDH13","s672_F_PIT_01_ASEReadCounter.table","NW_015090842.1:6693665",2,2,0
"CDH13","s672_F_PIT_01_ASEReadCounter.table","NW_015090842.1:6693697",2,2,0
"CDH13","s672_F_PIT_01_ASEReadCounter.table","NW_015090842.1:6693712",2,2,0
"CDH13","s672_F_PIT_01_ASEReadCounter.table","NW_015090842.1:6693723",1,1,0
"CDH13","s672_F_PIT_01_ASEReadCounter.table","NW_015090842.1:6693738",1,1,0
"CDH13","s672_F_PIT_01_ASEReadCounter.table","NW_015090842.1:6823730",1,1,0
"CDH13","s672_F_PIT_01_ASEReadCounter.table","NW_015090842.1:6889713",2,2,0
"CDH13","s672_F_PIT_01_ASEReadCounter.table","NW_015090842.1:6955167",2,3,1
"MLYCD","s672_F_PIT_01_ASEReadCounter.table","NW_015090842.1:7150054",17,48,31
"MLYCD","s672_F_PIT_01_ASEReadCounter.table","NW_015090842.1:7150131",46,111,65
"MLYCD","s672_F_PIT_01_ASEReadCounter.table","NW_015090842.1:7150585",49,88,39
"MLYCD","s672_F_PIT_01_ASEReadCounter.table","NW_015090842.1:7150686",38,71,33
"MLYCD","s672_F_PIT_01_ASEReadCounter.table","NW_015090842.1:7150696",43,75,32
"MLYCD","s672_F_PIT_01_ASEReadCounter.table","NW_015090842.1:7150869",47,104,57
"MLYCD","s672_F_PIT_01_ASEReadCounter.table","NW_015090842.1:7151100",31,90,59
"MLYCD","s672_F_PIT_01_ASEReadCounter.table","NW_015090842.1:7151127",32,89,57
"MLYCD","s672_F_PIT_01_ASEReadCounter.table","NW_015090842.1:7157538",37,80,43
"MLYCD","s672_F_PIT_01_ASEReadCounter.table","NW_015090842.1:7167662",28,55,27
"MLYCD","s672_F_PIT_01_ASEReadCounter.table","NW_015090842.1:7167675",27,53,26
"MLYCD","s672_F_PIT_01_ASEReadCounter.table","NW_015090842.1:7167710",25,43,18
"MLYCD","s672_F_PIT_01_ASEReadCounter.table","NW_015090842.1:7167781",20,41,21
"MLYCD","s672_F_PIT_01_ASEReadCounter.table","NW_015090842.1:7167803",17,37,20
"MLYCD","s672_F_PIT_01_ASEReadCounter.table","NW_015090842.1:7167812",15,33,18
"MLYCD","s672_F_PIT_01_ASEReadCounter.table","NW_015090842.1:7167845",15,41,26
"MLYCD","s672_F_PIT_01_ASEReadCounter.table","NW_015090842.1:7167862",14,37,23
"MLYCD","s672_F_PIT_01_ASEReadCounter.table","NW_015090842.1:7167929",11,31,20
"MLYCD","s672_F_PIT_01_ASEReadCounter.table","NW_015090842.1:7167995",12,23,11
"MLYCD","s672_F_PIT_01_ASEReadCounter.table","NW_015090842.1:7168005",13,25,12
"MLYCD","s672_F_PIT_01_ASEReadCounter.table","NW_015090842.1:7168037",8,20,12
"HSBP1","s672_F_PIT_01_ASEReadCounter.table","NW_015090842.1:7245192",189,343,154
"HSBP1","s672_F_PIT_01_ASEReadCounter.table","NW_015090842.1:7245226",217,419,202
"HSBP1","s672_F_PIT_01_ASEReadCounter.table","NW_015090842.1:7245257",186,368,182
"HSBP1","s672_F_PIT_01_ASEReadCounter.table","NW_015090842.1:7245296",168,360,192
"HSBP1","s672_F_PIT_01_ASEReadCounter.table","NW_015090842.1:7245389",247,466,219
"HSBP1","s672_F_PIT_01_ASEReadCounter.table","NW_015090842.1:7245400",254,456,202
"HSBP1","s672_F_PIT_01_ASEReadCounter.table","NW_015090842.1:7245445",241,434,193
"HSBP1","s672_F_PIT_01_ASEReadCounter.table","NW_015090842.1:7245495",237,428,191
"HSBP1","s672_F_PIT_01_ASEReadCounter.table","NW_015090842.1:7245733",185,364,179
"HSBP1","s672_F_PIT_01_ASEReadCounter.table","NW_015090842.1:7245771",236,420,184
"HSBP1","s672_F_PIT_01_ASEReadCounter.table","NW_015090842.1:7245813",243,394,151
"HSBP1","s672_F_PIT_01_ASEReadCounter.table","NW_015090842.1:7245926",276,456,180
"HSBP1","s672_F_PIT_01_ASEReadCounter.table","NW_015090842.1:7245927",275,454,179
"HSBP1","s672_F_PIT_01_ASEReadCounter.table","NW_015090842.1:7245933",272,443,171
"HSBP1","s672_F_PIT_01_ASEReadCounter.table","NW_015090842.1:7246002",182,325,143
"HSBP1","s672_F_PIT_01_ASEReadCounter.table","NW_015090842.1:7246094",271,450,179
"HSBP1","s672_F_PIT_01_ASEReadCounter.table","NW_015090842.1:7246167",248,422,174
"HSBP1","s672_F_PIT_01_ASEReadCounter.table","NW_015090842.1:7246183",235,403,168
"HSBP1","s672_F_PIT_01_ASEReadCounter.table","NW_015090842.1:7247285",32,50,18
"HSBP1","s672_F_PIT_01_ASEReadCounter.table","NW_015090842.1:7247651",381,800,419
"HSBP1","s672_F_PIT_01_ASEReadCounter.table","NW_015090842.1:7247657",392,814,422
"HSBP1","s672_F_PIT_01_ASEReadCounter.table","NW_015090842.1:7248520",290,532,242
"HSBP1","s672_F_PIT_01_ASEReadCounter.table","NW_015090842.1:7248535",246,431,185
"KCNG4","s672_F_PIT_01_ASEReadCounter.table","NW_015090842.1:7282481",0,2,2
"KCNG4","s672_F_PIT_01_ASEReadCounter.table","NW_015090842.1:7282500",0,2,2
"KCNG4","s672_F_PIT_01_ASEReadCounter.table","NW_015090842.1:7282542",0,1,1
"KCNG4","s672_F_PIT_01_ASEReadCounter.table","NW_015090842.1:7282579",0,1,1
"WFDC1","s672_F_PIT_01_ASEReadCounter.table","NW_015090842.1:7366517",2,2,0
"WFDC1","s672_F_PIT_01_ASEReadCounter.table","NW_015090842.1:7373367",2,3,1
"WFDC1","s672_F_PIT_01_ASEReadCounter.table","NW_015090842.1:7375828",0,2,2
"WFDC1","s672_F_PIT_01_ASEReadCounter.table","NW_015090842.1:7378036",1,1,0
"WFDC1","s672_F_PIT_01_ASEReadCounter.table","NW_015090842.1:7379125",4,5,1
"WFDC1","s672_F_PIT_01_ASEReadCounter.table","NW_015090842.1:7379451",1,2,1
"WFDC1","s672_F_PIT_01_ASEReadCounter.table","NW_015090842.1:7379471",1,2,1
"WFDC1","s672_F_PIT_01_ASEReadCounter.table","NW_015090842.1:7379576",1,3,2
"WFDC1","s672_F_PIT_01_ASEReadCounter.table","NW_015090842.1:7379596",1,2,1
"WFDC1","s672_F_PIT_01_ASEReadCounter.table","NW_015090842.1:7379605",1,2,1
"WFDC1","s672_F_PIT_01_ASEReadCounter.table","NW_015090842.1:7379652",0,1,1
"WFDC1","s672_F_PIT_01_ASEReadCounter.table","NW_015090842.1:7379669",0,1,1
"WFDC1","s672_F_PIT_01_ASEReadCounter.table","NW_015090842.1:7379674",0,1,1
"WFDC1","s672_F_PIT_01_ASEReadCounter.table","NW_015090842.1:7379719",0,1,1
"WFDC1","s672_F_PIT_01_ASEReadCounter.table","NW_015090842.1:7379735",0,1,1
"WFDC1","s672_F_PIT_01_ASEReadCounter.table","NW_015090842.1:7379739",0,1,1
"WFDC1","s672_F_PIT_01_ASEReadCounter.table","NW_015090842.1:7379821",2,5,3
"WFDC1","s672_F_PIT_01_ASEReadCounter.table","NW_015090842.1:7379840",1,4,3
"WFDC1","s672_F_PIT_01_ASEReadCounter.table","NW_015090842.1:7379933",2,2,0
"WFDC1","s672_F_PIT_01_ASEReadCounter.table","NW_015090842.1:7379935",2,2,0
"WFDC1","s672_F_PIT_01_ASEReadCounter.table","NW_015090842.1:7379983",1,1,0
"WFDC1","s672_F_PIT_01_ASEReadCounter.table","NW_015090842.1:7380060",3,6,3
"WFDC1","s672_F_PIT_01_ASEReadCounter.table","NW_015090842.1:7380136",1,2,1
"WFDC1","s672_F_PIT_01_ASEReadCounter.table","NW_015090842.1:7380150",3,4,1
"WFDC1","s672_F_PIT_01_ASEReadCounter.table","NW_015090842.1:7380164",4,6,2
"WFDC1","s672_F_PIT_01_ASEReadCounter.table","NW_015090842.1:7380237",3,5,2
"WFDC1","s672_F_PIT_01_ASEReadCounter.table","NW_015090842.1:7380261",0,1,1
"WFDC1","s672_F_PIT_01_ASEReadCounter.table","NW_015090842.1:7380322",0,2,2
"WFDC1","s672_F_PIT_01_ASEReadCounter.table","NW_015090842.1:7380491",3,3,0
"WFDC1","s672_F_PIT_01_ASEReadCounter.table","NW_015090842.1:7380567",4,5,1
"WFDC1","s672_F_PIT_01_ASEReadCounter.table","NW_015090842.1:7380672",4,5,1
"WFDC1","s672_F_PIT_01_ASEReadCounter.table","NW_015090842.1:7380721",4,5,1
"WFDC1","s672_F_PIT_01_ASEReadCounter.table","NW_015090842.1:7380743",4,4,0
"WFDC1","s672_F_PIT_01_ASEReadCounter.table","NW_015090842.1:7380852",3,4,1
"WFDC1","s672_F_PIT_01_ASEReadCounter.table","NW_015090842.1:7380878",4,5,1
"WFDC1","s672_F_PIT_01_ASEReadCounter.table","NW_015090842.1:7381081",4,6,2
"WFDC1","s672_F_PIT_01_ASEReadCounter.table","NW_015090842.1:7381127",6,8,2
"WFDC1","s672_F_PIT_01_ASEReadCounter.table","NW_015090842.1:7381195",3,3,0
"WFDC1","s672_F_PIT_01_ASEReadCounter.table","NW_015090842.1:7381253",1,2,1
"WFDC1","s672_F_PIT_01_ASEReadCounter.table","NW_015090842.1:7381378",2,4,2
"WFDC1","s672_F_PIT_01_ASEReadCounter.table","NW_015090842.1:7381433",1,2,1
"WFDC1","s672_F_PIT_01_ASEReadCounter.table","NW_015090842.1:7381434",1,2,1
"WFDC1","s672_F_PIT_01_ASEReadCounter.table","NW_015090842.1:7381442",1,3,2
"WFDC1","s672_F_PIT_01_ASEReadCounter.table","NW_015090842.1:7381517",0,2,2
"WFDC1","s672_F_PIT_01_ASEReadCounter.table","NW_015090842.1:7381520",0,2,2
"WFDC1","s672_F_PIT_01_ASEReadCounter.table","NW_015090842.1:7381677",1,3,2
"WFDC1","s672_F_PIT_01_ASEReadCounter.table","NW_015090842.1:7381709",1,2,1
"ATP2C2","s672_F_PIT_01_ASEReadCounter.table","NW_015090842.1:7386804",2,2,0
"ATP2C2","s672_F_PIT_01_ASEReadCounter.table","NW_015090842.1:7386836",4,4,0
"ATP2C2","s672_F_PIT_01_ASEReadCounter.table","NW_015090842.1:7392613",12,18,6
"ATP2C2","s672_F_PIT_01_ASEReadCounter.table","NW_015090842.1:7395230",4,10,6
"ATP2C2","s672_F_PIT_01_ASEReadCounter.table","NW_015090842.1:7395366",5,10,5
"ATP2C2","s672_F_PIT_01_ASEReadCounter.table","NW_015090842.1:7396756",5,10,5
"ATP2C2","s672_F_PIT_01_ASEReadCounter.table","NW_015090842.1:7397049",12,15,3
"ATP2C2","s672_F_PIT_01_ASEReadCounter.table","NW_015090842.1:7398395",7,12,5
"ATP2C2","s672_F_PIT_01_ASEReadCounter.table","NW_015090842.1:7399774",5,10,5
"ATP2C2","s672_F_PIT_01_ASEReadCounter.table","NW_015090842.1:7402554",6,12,6
"ATP2C2","s672_F_PIT_01_ASEReadCounter.table","NW_015090842.1:7402578",8,14,6
"ATP2C2","s672_F_PIT_01_ASEReadCounter.table","NW_015090842.1:7405621",10,21,11
"ATP2C2","s672_F_PIT_01_ASEReadCounter.table","NW_015090842.1:7413855",8,12,4
"ATP2C2","s672_F_PIT_01_ASEReadCounter.table","NW_015090842.1:7413869",1,5,4
"ATP2C2","s672_F_PIT_01_ASEReadCounter.table","NW_015090842.1:7413875",2,6,4
"TLDC1","s672_F_PIT_01_ASEReadCounter.table","NW_015090842.1:7421137",39,70,31
"TLDC1","s672_F_PIT_01_ASEReadCounter.table","NW_015090842.1:7421155",33,60,27
"TLDC1","s672_F_PIT_01_ASEReadCounter.table","NW_015090842.1:7421218",33,73,40
"TLDC1","s672_F_PIT_01_ASEReadCounter.table","NW_015090842.1:7421399",38,67,29
"TLDC1","s672_F_PIT_01_ASEReadCounter.table","NW_015090842.1:7421402",40,69,29
"TLDC1","s672_F_PIT_01_ASEReadCounter.table","NW_015090842.1:7421528",44,71,27
"TLDC1","s672_F_PIT_01_ASEReadCounter.table","NW_015090842.1:7421532",46,71,25
"TLDC1","s672_F_PIT_01_ASEReadCounter.table","NW_015090842.1:7421621",34,60,26
"TLDC1","s672_F_PIT_01_ASEReadCounter.table","NW_015090842.1:7421647",25,57,32
"TLDC1","s672_F_PIT_01_ASEReadCounter.table","NW_015090842.1:7421657",20,46,26
"TLDC1","s672_F_PIT_01_ASEReadCounter.table","NW_015090842.1:7421693",26,57,31
"TLDC1","s672_F_PIT_01_ASEReadCounter.table","NW_015090842.1:7421796",30,69,39
"TLDC1","s672_F_PIT_01_ASEReadCounter.table","NW_015090842.1:7421810",36,74,38
"TLDC1","s672_F_PIT_01_ASEReadCounter.table","NW_015090842.1:7421833",39,81,42
"TLDC1","s672_F_PIT_01_ASEReadCounter.table","NW_015090842.1:7421879",33,74,41
"TLDC1","s672_F_PIT_01_ASEReadCounter.table","NW_015090842.1:7421914",33,69,36
"TLDC1","s672_F_PIT_01_ASEReadCounter.table","NW_015090842.1:7421969",30,66,36
"TLDC1","s672_F_PIT_01_ASEReadCounter.table","NW_015090842.1:7422015",28,67,39
"TLDC1","s672_F_PIT_01_ASEReadCounter.table","NW_015090842.1:7422042",38,82,44
"TLDC1","s672_F_PIT_01_ASEReadCounter.table","NW_015090842.1:7422230",45,78,33
"TLDC1","s672_F_PIT_01_ASEReadCounter.table","NW_015090842.1:7423349",48,83,35
"TLDC1","s672_F_PIT_01_ASEReadCounter.table","NW_015090842.1:7423362",39,72,33
"TLDC1","s672_F_PIT_01_ASEReadCounter.table","NW_015090842.1:7426091",29,58,29
"TLDC1","s672_F_PIT_01_ASEReadCounter.table","NW_015090842.1:7426485",32,54,22
"TLDC1","s672_F_PIT_01_ASEReadCounter.table","NW_015090842.1:7427211",33,61,28
"TLDC1","s672_F_PIT_01_ASEReadCounter.table","NW_015090842.1:7428179",29,65,36
"COTL1","s672_F_PIT_01_ASEReadCounter.table","NW_015090842.1:7490744",115,238,123
"COTL1","s672_F_PIT_01_ASEReadCounter.table","NW_015090842.1:7491051",91,203,112
"COTL1","s672_F_PIT_01_ASEReadCounter.table","NW_015090842.1:7491124",103,216,113
"COTL1","s672_F_PIT_01_ASEReadCounter.table","NW_015090842.1:7491418",76,157,81
"COTL1","s672_F_PIT_01_ASEReadCounter.table","NW_015090842.1:7491539",75,153,78
"COTL1","s672_F_PIT_01_ASEReadCounter.table","NW_015090842.1:7491585",110,208,98
"COTL1","s672_F_PIT_01_ASEReadCounter.table","NW_015090842.1:7491586",108,218,110
"COTL1","s672_F_PIT_01_ASEReadCounter.table","NW_015090842.1:7491646",128,286,158
"COTL1","s672_F_PIT_01_ASEReadCounter.table","NW_015090842.1:7491747",125,252,127
"COTL1","s672_F_PIT_01_ASEReadCounter.table","NW_015090842.1:7491803",99,205,106
"COTL1","s672_F_PIT_01_ASEReadCounter.table","NW_015090842.1:7506078",1,1,0
"COTL1","s672_F_PIT_01_ASEReadCounter.table","NW_015090842.1:7507551",0,1,1
"COTL1","s672_F_PIT_01_ASEReadCounter.table","NW_015090842.1:7507563",0,1,1
"COTL1","s672_F_PIT_01_ASEReadCounter.table","NW_015090842.1:7510900",1,1,0
"COTL1","s672_F_PIT_01_ASEReadCounter.table","NW_015090842.1:7513196",1,2,1
"COTL1","s672_F_PIT_01_ASEReadCounter.table","NW_015090842.1:7513223",2,3,1
"COTL1","s672_F_PIT_01_ASEReadCounter.table","NW_015090842.1:7513239",2,3,1
"KLHL36","s672_F_PIT_01_ASEReadCounter.table","NW_015090842.1:7514700",18,25,7
"KLHL36","s672_F_PIT_01_ASEReadCounter.table","NW_015090842.1:7519691",10,13,3
"KLHL36","s672_F_PIT_01_ASEReadCounter.table","NW_015090842.1:7519696",10,13,3
"KLHL36","s672_F_PIT_01_ASEReadCounter.table","NW_015090842.1:7526160",17,35,18
"KLHL36","s672_F_PIT_01_ASEReadCounter.table","NW_015090842.1:7526469",11,30,19
"KLHL36","s672_F_PIT_01_ASEReadCounter.table","NW_015090842.1:7526587",10,27,17
"KLHL36","s672_F_PIT_01_ASEReadCounter.table","NW_015090842.1:7526997",12,26,14
"KLHL36","s672_F_PIT_01_ASEReadCounter.table","NW_015090842.1:7527142",13,34,21
"KLHL36","s672_F_PIT_01_ASEReadCounter.table","NW_015090842.1:7535174",21,61,40
"KLHL36","s672_F_PIT_01_ASEReadCounter.table","NW_015090842.1:7535384",24,54,30
"KLHL36","s672_F_PIT_01_ASEReadCounter.table","NW_015090842.1:7535420",38,69,31
"KLHL36","s672_F_PIT_01_ASEReadCounter.table","NW_015090842.1:7535545",19,41,22
"KLHL36","s672_F_PIT_01_ASEReadCounter.table","NW_015090842.1:7535829",18,43,25
"KLHL36","s672_F_PIT_01_ASEReadCounter.table","NW_015090842.1:7535977",18,45,27
"KLHL36","s672_F_PIT_01_ASEReadCounter.table","NW_015090842.1:7536010",16,39,23
"KLHL36","s672_F_PIT_01_ASEReadCounter.table","NW_015090842.1:7536051",19,44,25
"KLHL36","s672_F_PIT_01_ASEReadCounter.table","NW_015090842.1:7536096",19,48,29
"KLHL36","s672_F_PIT_01_ASEReadCounter.table","NW_015090842.1:7536135",22,51,29
"KLHL36","s672_F_PIT_01_ASEReadCounter.table","NW_015090842.1:7536136",22,50,28
"KLHL36","s672_F_PIT_01_ASEReadCounter.table","NW_015090842.1:7536160",23,50,27
"KLHL36","s672_F_PIT_01_ASEReadCounter.table","NW_015090842.1:7536336",21,58,37
"KLHL36","s672_F_PIT_01_ASEReadCounter.table","NW_015090842.1:7536352",19,53,34
"KLHL36","s672_F_PIT_01_ASEReadCounter.table","NW_015090842.1:7536412",14,39,25
"KLHL36","s672_F_PIT_01_ASEReadCounter.table","NW_015090842.1:7536418",15,42,27
"KLHL36","s672_F_PIT_01_ASEReadCounter.table","NW_015090842.1:7536465",17,46,29
"KLHL36","s672_F_PIT_01_ASEReadCounter.table","NW_015090842.1:7536466",17,46,29
"KLHL36","s672_F_PIT_01_ASEReadCounter.table","NW_015090842.1:7536553",25,47,22
"KLHL36","s672_F_PIT_01_ASEReadCounter.table","NW_015090842.1:7536698",20,46,26
"KLHL36","s672_F_PIT_01_ASEReadCounter.table","NW_015090842.1:7536713",12,43,31
"KLHL36","s672_F_PIT_01_ASEReadCounter.table","NW_015090842.1:7536720",20,45,25
"KLHL36","s672_F_PIT_01_ASEReadCounter.table","NW_015090842.1:7536791",17,44,27
"KLHL36","s672_F_PIT_01_ASEReadCounter.table","NW_015090842.1:7536849",17,38,21
"KLHL36","s672_F_PIT_01_ASEReadCounter.table","NW_015090842.1:7536872",16,42,26
"KLHL36","s672_F_PIT_01_ASEReadCounter.table","NW_015090842.1:7536878",17,39,22
"KLHL36","s672_F_PIT_01_ASEReadCounter.table","NW_015090842.1:7536916",21,39,18
"KLHL36","s672_F_PIT_01_ASEReadCounter.table","NW_015090842.1:7536927",20,56,36
"KLHL36","s672_F_PIT_01_ASEReadCounter.table","NW_015090842.1:7537315",28,70,42
"KLHL36","s672_F_PIT_01_ASEReadCounter.table","NW_015090842.1:7537352",19,57,38
"KLHL36","s672_F_PIT_01_ASEReadCounter.table","NW_015090842.1:7537631",20,46,26
"KLHL36","s672_F_PIT_01_ASEReadCounter.table","NW_015090842.1:7537830",32,58,26
"KLHL36","s672_F_PIT_01_ASEReadCounter.table","NW_015090842.1:7537838",32,57,25
"KLHL36","s672_F_PIT_01_ASEReadCounter.table","NW_015090842.1:7538153",10,30,20
"KLHL36","s672_F_PIT_01_ASEReadCounter.table","NW_015090842.1:7538256",10,36,26
"KLHL36","s672_F_PIT_01_ASEReadCounter.table","NW_015090842.1:7538265",10,35,25
"KLHL36","s672_F_PIT_01_ASEReadCounter.table","NW_015090842.1:7538300",12,33,21
"USP10","s672_F_PIT_01_ASEReadCounter.table","NW_015090842.1:7563972",8,31,23
"USP10","s672_F_PIT_01_ASEReadCounter.table","NW_015090842.1:7571816",33,69,36
"USP10","s672_F_PIT_01_ASEReadCounter.table","NW_015090842.1:7571993",39,71,32
"USP10","s672_F_PIT_01_ASEReadCounter.table","NW_015090842.1:7572580",59,110,51
"USP10","s672_F_PIT_01_ASEReadCounter.table","NW_015090842.1:7587372",63,124,61
"CRISPLD2","s672_F_PIT_01_ASEReadCounter.table","NW_015090842.1:7609844",1,1,0
"CRISPLD2","s672_F_PIT_01_ASEReadCounter.table","NW_015090842.1:7609845",1,1,0
"CRISPLD2","s672_F_PIT_01_ASEReadCounter.table","NW_015090842.1:7610084",3,3,0
"CRISPLD2","s672_F_PIT_01_ASEReadCounter.table","NW_015090842.1:7617757",1,1,0
"CRISPLD2","s672_F_PIT_01_ASEReadCounter.table","NW_015090842.1:7617781",1,1,0
"CRISPLD2","s672_F_PIT_01_ASEReadCounter.table","NW_015090842.1:7617790",1,1,0
"CRISPLD2","s672_F_PIT_01_ASEReadCounter.table","NW_015090842.1:7633486",2,2,0
"CRISPLD2","s672_F_PIT_01_ASEReadCounter.table","NW_015090842.1:7633503",2,2,0
"CRISPLD2","s672_F_PIT_01_ASEReadCounter.table","NW_015090842.1:7633504",2,2,0
"CRISPLD2","s672_F_PIT_01_ASEReadCounter.table","NW_015090842.1:7633557",2,2,0
"CRISPLD2","s672_F_PIT_01_ASEReadCounter.table","NW_015090842.1:7633571",1,1,0
"CRISPLD2","s672_F_PIT_01_ASEReadCounter.table","NW_015090842.1:7633588",1,1,0
"CRISPLD2","s672_F_PIT_01_ASEReadCounter.table","NW_015090842.1:7633617",4,4,0
"CRISPLD2","s672_F_PIT_01_ASEReadCounter.table","NW_015090842.1:7633695",3,3,0
"CRISPLD2","s672_F_PIT_01_ASEReadCounter.table","NW_015090842.1:7633721",2,2,0
"CRISPLD2","s672_F_PIT_01_ASEReadCounter.table","NW_015090842.1:7633888",1,1,0
"CRISPLD2","s672_F_PIT_01_ASEReadCounter.table","NW_015090842.1:7635009",1,1,0
"CRISPLD2","s672_F_PIT_01_ASEReadCounter.table","NW_015090842.1:7635208",1,1,0
"CRISPLD2","s672_F_PIT_01_ASEReadCounter.table","NW_015090842.1:7635373",1,1,0
"CRISPLD2","s672_F_PIT_01_ASEReadCounter.table","NW_015090842.1:7635525",1,3,2
"CRISPLD2","s672_F_PIT_01_ASEReadCounter.table","NW_015090842.1:7635583",0,2,2
"CRISPLD2","s672_F_PIT_01_ASEReadCounter.table","NW_015090842.1:7635924",2,2,0
"LOC106888312","s672_F_PIT_01_ASEReadCounter.table","NW_015090842.1:7727001",0,1,1
"LOC106888312","s672_F_PIT_01_ASEReadCounter.table","NW_015090842.1:7731961",0,1,1
"LOC106888312","s672_F_PIT_01_ASEReadCounter.table","NW_015090842.1:7732244",0,1,1
"LOC106888312","s672_F_PIT_01_ASEReadCounter.table","NW_015090842.1:7732443",0,1,1
"LOC106888312","s672_F_PIT_01_ASEReadCounter.table","NW_015090842.1:7732444",0,1,1
"LOC106888312","s672_F_PIT_01_ASEReadCounter.table","NW_015090842.1:7732538",0,1,1
"LOC106888312","s672_F_PIT_01_ASEReadCounter.table","NW_015090842.1:7732548",0,1,1
"LOC106888312","s672_F_PIT_01_ASEReadCounter.table","NW_015090842.1:7732682",0,1,1
"LOC106888312","s672_F_PIT_01_ASEReadCounter.table","NW_015090842.1:7732696",0,1,1
"LOC106888312","s672_F_PIT_01_ASEReadCounter.table","NW_015090842.1:7732709",0,1,1
"LOC106888312","s672_F_PIT_01_ASEReadCounter.table","NW_015090842.1:7732718",0,1,1
"LOC106888312","s672_F_PIT_01_ASEReadCounter.table","NW_015090842.1:7732739",0,1,1
"LOC106888312","s672_F_PIT_01_ASEReadCounter.table","NW_015090842.1:7732743",0,1,1
"LOC106888312","s672_F_PIT_01_ASEReadCounter.table","NW_015090842.1:7732744",0,1,1
"LOC106888312","s672_F_PIT_01_ASEReadCounter.table","NW_015090842.1:7732756",0,1,1
"LOC106888312","s672_F_PIT_01_ASEReadCounter.table","NW_015090842.1:7732757",0,1,1
"LOC106888312","s672_F_PIT_01_ASEReadCounter.table","NW_015090842.1:7733470",1,1,0
"LOC106888312","s672_F_PIT_01_ASEReadCounter.table","NW_015090842.1:7733471",1,1,0
"LOC106888312","s672_F_PIT_01_ASEReadCounter.table","NW_015090842.1:7733472",1,1,0
"ZDHHC7","s672_F_PIT_01_ASEReadCounter.table","NW_015090842.1:7737199",37,81,44
"ZDHHC7","s672_F_PIT_01_ASEReadCounter.table","NW_015090842.1:7737332",18,51,33
"ZDHHC7","s672_F_PIT_01_ASEReadCounter.table","NW_015090842.1:7737553",36,88,52
"ZDHHC7","s672_F_PIT_01_ASEReadCounter.table","NW_015090842.1:7737920",25,65,40
"ZDHHC7","s672_F_PIT_01_ASEReadCounter.table","NW_015090842.1:7737953",19,60,41
"ZDHHC7","s672_F_PIT_01_ASEReadCounter.table","NW_015090842.1:7737987",25,68,43
"ZDHHC7","s672_F_PIT_01_ASEReadCounter.table","NW_015090842.1:7738068",32,51,19
"ZDHHC7","s672_F_PIT_01_ASEReadCounter.table","NW_015090842.1:7738204",24,58,34
"LOC106888097","s672_F_PIT_01_ASEReadCounter.table","NW_015090842.1:7767178",21,44,23
"LOC106888097","s672_F_PIT_01_ASEReadCounter.table","NW_015090842.1:7767187",20,41,21
"LOC106888097","s672_F_PIT_01_ASEReadCounter.table","NW_015090842.1:7768144",25,57,32
"LOC106888097","s672_F_PIT_01_ASEReadCounter.table","NW_015090842.1:7768196",26,55,29
"LOC106888097","s672_F_PIT_01_ASEReadCounter.table","NW_015090842.1:7769884",30,62,32
"LOC106888097","s672_F_PIT_01_ASEReadCounter.table","NW_015090842.1:7769893",30,61,31
"LOC106888097","s672_F_PIT_01_ASEReadCounter.table","NW_015090842.1:7770245",31,68,37
"LOC106888097","s672_F_PIT_01_ASEReadCounter.table","NW_015090842.1:7772402",24,58,34
"LOC106888097","s672_F_PIT_01_ASEReadCounter.table","NW_015090842.1:7772483",23,79,56
"LOC106888097","s672_F_PIT_01_ASEReadCounter.table","NW_015090842.1:7772490",27,85,58
"LOC106888097","s672_F_PIT_01_ASEReadCounter.table","NW_015090842.1:7774281",40,95,55
"LOC106888097","s672_F_PIT_01_ASEReadCounter.table","NW_015090842.1:7774552",46,152,106
"LOC106888097","s672_F_PIT_01_ASEReadCounter.table","NW_015090842.1:7774564",44,149,105
"LOC106888097","s672_F_PIT_01_ASEReadCounter.table","NW_015090842.1:7774611",30,111,81
"LOC106888097","s672_F_PIT_01_ASEReadCounter.table","NW_015090842.1:7774681",32,96,64
"LOC106888097","s672_F_PIT_01_ASEReadCounter.table","NW_015090842.1:7774698",27,80,53
"LOC106888097","s672_F_PIT_01_ASEReadCounter.table","NW_015090842.1:7774730",19,50,31
"LOC106888097","s672_F_PIT_01_ASEReadCounter.table","NW_015090842.1:7774778",6,6,0
"LOC106888097","s672_F_PIT_01_ASEReadCounter.table","NW_015090842.1:7774793",5,5,0
"FOXL1","s672_F_PIT_01_ASEReadCounter.table","NW_015090842.1:8113043",1,1,0
"FOXC2","s672_F_PIT_01_ASEReadCounter.table","NW_015090842.1:8129599",0,3,3
"FOXC2","s672_F_PIT_01_ASEReadCounter.table","NW_015090842.1:8129616",1,4,3
"FOXC2","s672_F_PIT_01_ASEReadCounter.table","NW_015090842.1:8129715",0,1,1
"FOXC2","s672_F_PIT_01_ASEReadCounter.table","NW_015090842.1:8129719",0,1,1
"FOXC2","s672_F_PIT_01_ASEReadCounter.table","NW_015090842.1:8130244",1,4,3
"FOXC2","s672_F_PIT_01_ASEReadCounter.table","NW_015090842.1:8130472",0,2,2
"FOXC2","s672_F_PIT_01_ASEReadCounter.table","NW_015090842.1:8130490",0,1,1
"FOXC2","s672_F_PIT_01_ASEReadCounter.table","NW_015090842.1:8130547",0,3,3
"FOXC2","s672_F_PIT_01_ASEReadCounter.table","NW_015090842.1:8130550",0,3,3
"FOXC2","s672_F_PIT_01_ASEReadCounter.table","NW_015090842.1:8130573",0,2,2
"FOXC2","s672_F_PIT_01_ASEReadCounter.table","NW_015090842.1:8130575",0,2,2
"MTHFSD","s672_F_PIT_01_ASEReadCounter.table","NW_015090842.1:8140051",19,38,19
"MTHFSD","s672_F_PIT_01_ASEReadCounter.table","NW_015090842.1:8142923",31,60,29
"MTHFSD","s672_F_PIT_01_ASEReadCounter.table","NW_015090842.1:8143029",29,44,15
"MTHFSD","s672_F_PIT_01_ASEReadCounter.table","NW_015090842.1:8152035",11,34,23
"MTHFSD","s672_F_PIT_01_ASEReadCounter.table","NW_015090842.1:8152315",10,26,16
"MTHFSD","s672_F_PIT_01_ASEReadCounter.table","NW_015090842.1:8152511",17,34,17
"MTHFSD","s672_F_PIT_01_ASEReadCounter.table","NW_015090842.1:8152518",16,34,18
"MTHFSD","s672_F_PIT_01_ASEReadCounter.table","NW_015090842.1:8152553",17,31,14
"MTHFSD","s672_F_PIT_01_ASEReadCounter.table","NW_015090842.1:8152773",13,36,23
"MTHFSD","s672_F_PIT_01_ASEReadCounter.table","NW_015090842.1:8152805",21,43,22
"FOXF1","s672_F_PIT_01_ASEReadCounter.table","NW_015090842.1:8164789",0,2,2
"FOXF1","s672_F_PIT_01_ASEReadCounter.table","NW_015090842.1:8166883",2,5,3
"FOXF1","s672_F_PIT_01_ASEReadCounter.table","NW_015090842.1:8167113",1,3,2
"FOXF1","s672_F_PIT_01_ASEReadCounter.table","NW_015090842.1:8167588",0,2,2
"IRF8","s672_F_PIT_01_ASEReadCounter.table","NW_015090842.1:8406652",3,3,0
"IRF8","s672_F_PIT_01_ASEReadCounter.table","NW_015090842.1:8406703",5,5,0
"IRF8","s672_F_PIT_01_ASEReadCounter.table","NW_015090842.1:8406704",5,5,0
"IRF8","s672_F_PIT_01_ASEReadCounter.table","NW_015090842.1:8406757",6,7,1
"IRF8","s672_F_PIT_01_ASEReadCounter.table","NW_015090842.1:8406778",5,6,1
"IRF8","s672_F_PIT_01_ASEReadCounter.table","NW_015090842.1:8406819",5,7,2
"IRF8","s672_F_PIT_01_ASEReadCounter.table","NW_015090842.1:8406941",4,6,2
"IRF8","s672_F_PIT_01_ASEReadCounter.table","NW_015090842.1:8407008",5,7,2
"IRF8","s672_F_PIT_01_ASEReadCounter.table","NW_015090842.1:8407057",5,8,3
"IRF8","s672_F_PIT_01_ASEReadCounter.table","NW_015090842.1:8407064",5,8,3
"IRF8","s672_F_PIT_01_ASEReadCounter.table","NW_015090842.1:8407069",4,7,3
"IRF8","s672_F_PIT_01_ASEReadCounter.table","NW_015090842.1:8407120",5,8,3
"IRF8","s672_F_PIT_01_ASEReadCounter.table","NW_015090842.1:8407157",4,6,2
"IRF8","s672_F_PIT_01_ASEReadCounter.table","NW_015090842.1:8407203",3,6,3
"IRF8","s672_F_PIT_01_ASEReadCounter.table","NW_015090842.1:8407272",2,13,11
"IRF8","s672_F_PIT_01_ASEReadCounter.table","NW_015090842.1:8407276",3,13,10
"IRF8","s672_F_PIT_01_ASEReadCounter.table","NW_015090842.1:8407303",3,14,11
"IRF8","s672_F_PIT_01_ASEReadCounter.table","NW_015090842.1:8407451",2,8,6
"IRF8","s672_F_PIT_01_ASEReadCounter.table","NW_015090842.1:8407456",3,11,8
"IRF8","s672_F_PIT_01_ASEReadCounter.table","NW_015090842.1:8408564",3,10,7
"IRF8","s672_F_PIT_01_ASEReadCounter.table","NW_015090842.1:8408585",9,9,0
"IRF8","s672_F_PIT_01_ASEReadCounter.table","NW_015090842.1:8408973",5,10,5
"IRF8","s672_F_PIT_01_ASEReadCounter.table","NW_015090842.1:8409060",6,8,2
"IRF8","s672_F_PIT_01_ASEReadCounter.table","NW_015090842.1:8409065",6,8,2
"IRF8","s672_F_PIT_01_ASEReadCounter.table","NW_015090842.1:8409254",0,1,1
"IRF8","s672_F_PIT_01_ASEReadCounter.table","NW_015090842.1:8409255",0,1,1
"IRF8","s672_F_PIT_01_ASEReadCounter.table","NW_015090842.1:8409258",0,1,1
"IRF8","s672_F_PIT_01_ASEReadCounter.table","NW_015090842.1:8409312",4,7,3
"IRF8","s672_F_PIT_01_ASEReadCounter.table","NW_015090842.1:8410216",4,7,3
"IRF8","s672_F_PIT_01_ASEReadCounter.table","NW_015090842.1:8410237",2,5,3
"IRF8","s672_F_PIT_01_ASEReadCounter.table","NW_015090842.1:8410276",6,6,0
"IRF8","s672_F_PIT_01_ASEReadCounter.table","NW_015090842.1:8410813",4,10,6
"IRF8","s672_F_PIT_01_ASEReadCounter.table","NW_015090842.1:8410861",3,11,8
"IRF8","s672_F_PIT_01_ASEReadCounter.table","NW_015090842.1:8411940",4,10,6
"IRF8","s672_F_PIT_01_ASEReadCounter.table","NW_015090842.1:8412006",4,9,5
"IRF8","s672_F_PIT_01_ASEReadCounter.table","NW_015090842.1:8412042",2,6,4
"DUSP15","s672_F_PIT_01_ASEReadCounter.table","NW_015090842.1:8422787",0,1,1
"DUSP15","s672_F_PIT_01_ASEReadCounter.table","NW_015090842.1:8422832",0,1,1
"COX4I1","s672_F_PIT_01_ASEReadCounter.table","NW_015090842.1:8442258",670,1447,777
"COX4I1","s672_F_PIT_01_ASEReadCounter.table","NW_015090842.1:8442333",598,1210,612
"EMC8","s672_F_PIT_01_ASEReadCounter.table","NW_015090842.1:8444046",65,133,68
"EMC8","s672_F_PIT_01_ASEReadCounter.table","NW_015090842.1:8444064",61,114,53
"EMC8","s672_F_PIT_01_ASEReadCounter.table","NW_015090842.1:8452029",18,37,19
"EMC8","s672_F_PIT_01_ASEReadCounter.table","NW_015090842.1:8452116",26,54,28
"EMC8","s672_F_PIT_01_ASEReadCounter.table","NW_015090842.1:8452121",25,54,29
"EMC8","s672_F_PIT_01_ASEReadCounter.table","NW_015090842.1:8452222",20,45,25
"EMC8","s672_F_PIT_01_ASEReadCounter.table","NW_015090842.1:8452244",21,44,23
"EMC8","s672_F_PIT_01_ASEReadCounter.table","NW_015090842.1:8452477",15,20,5
"EMC8","s672_F_PIT_01_ASEReadCounter.table","NW_015090842.1:8452498",10,14,4
"EMC8","s672_F_PIT_01_ASEReadCounter.table","NW_015090842.1:8452535",7,13,6
"EMC8","s672_F_PIT_01_ASEReadCounter.table","NW_015090842.1:8452575",7,13,6
"EMC8","s672_F_PIT_01_ASEReadCounter.table","NW_015090842.1:8452600",6,15,9
"EMC8","s672_F_PIT_01_ASEReadCounter.table","NW_015090842.1:8452616",5,13,8
"EMC8","s672_F_PIT_01_ASEReadCounter.table","NW_015090842.1:8452630",5,12,7
"EMC8","s672_F_PIT_01_ASEReadCounter.table","NW_015090842.1:8452650",5,12,7
"EMC8","s672_F_PIT_01_ASEReadCounter.table","NW_015090842.1:8452678",6,15,9
"EMC8","s672_F_PIT_01_ASEReadCounter.table","NW_015090842.1:8452724",8,11,3
"EMC8","s672_F_PIT_01_ASEReadCounter.table","NW_015090842.1:8452731",11,14,3
"EMC8","s672_F_PIT_01_ASEReadCounter.table","NW_015090842.1:8452743",10,15,5
"EMC8","s672_F_PIT_01_ASEReadCounter.table","NW_015090842.1:8452750",9,14,5
"EMC8","s672_F_PIT_01_ASEReadCounter.table","NW_015090842.1:8452778",6,12,6
"EMC8","s672_F_PIT_01_ASEReadCounter.table","NW_015090842.1:8452783",6,13,7
"EMC8","s672_F_PIT_01_ASEReadCounter.table","NW_015090842.1:8452800",5,12,7
"EMC8","s672_F_PIT_01_ASEReadCounter.table","NW_015090842.1:8452804",5,13,8
"EMC8","s672_F_PIT_01_ASEReadCounter.table","NW_015090842.1:8452812",4,12,8
"EMC8","s672_F_PIT_01_ASEReadCounter.table","NW_015090842.1:8452858",6,12,6
"EMC8","s672_F_PIT_01_ASEReadCounter.table","NW_015090842.1:8452906",8,17,9
"EMC8","s672_F_PIT_01_ASEReadCounter.table","NW_015090842.1:8452913",11,21,10
"EMC8","s672_F_PIT_01_ASEReadCounter.table","NW_015090842.1:8453000",14,22,8
"EMC8","s672_F_PIT_01_ASEReadCounter.table","NW_015090842.1:8453007",14,23,9
"EMC8","s672_F_PIT_01_ASEReadCounter.table","NW_015090842.1:8453058",15,24,9
"EMC8","s672_F_PIT_01_ASEReadCounter.table","NW_015090842.1:8453106",8,17,9
"GINS2","s672_F_PIT_01_ASEReadCounter.table","NW_015090842.1:8466420",31,38,7
"GINS2","s672_F_PIT_01_ASEReadCounter.table","NW_015090842.1:8466424",32,40,8
"GINS2","s672_F_PIT_01_ASEReadCounter.table","NW_015090842.1:8466518",25,32,7
"GINS2","s672_F_PIT_01_ASEReadCounter.table","NW_015090842.1:8468482",38,52,14
"GINS2","s672_F_PIT_01_ASEReadCounter.table","NW_015090842.1:8470290",43,68,25
"GINS2","s672_F_PIT_01_ASEReadCounter.table","NW_015090842.1:8470305",37,57,20
"GINS2","s672_F_PIT_01_ASEReadCounter.table","NW_015090842.1:8470381",44,62,18
"GINS2","s672_F_PIT_01_ASEReadCounter.table","NW_015090842.1:8470418",38,56,18
"GINS2","s672_F_PIT_01_ASEReadCounter.table","NW_015090842.1:8470421",34,51,17
"GINS2","s672_F_PIT_01_ASEReadCounter.table","NW_015090842.1:8470430",27,43,16
"GINS2","s672_F_PIT_01_ASEReadCounter.table","NW_015090842.1:8470433",26,43,17
"GINS2","s672_F_PIT_01_ASEReadCounter.table","NW_015090842.1:8470457",12,24,12
"GINS2","s672_F_PIT_01_ASEReadCounter.table","NW_015090842.1:8470491",25,42,17
"GINS2","s672_F_PIT_01_ASEReadCounter.table","NW_015090842.1:8470548",26,41,15
"GINS2","s672_F_PIT_01_ASEReadCounter.table","NW_015090842.1:8470649",23,34,11
"GSE1","s672_F_PIT_01_ASEReadCounter.table","NW_015090842.1:8475362",45,84,39
"GSE1","s672_F_PIT_01_ASEReadCounter.table","NW_015090842.1:8475961",25,37,12
"GSE1","s672_F_PIT_01_ASEReadCounter.table","NW_015090842.1:8476027",24,40,16
"GSE1","s672_F_PIT_01_ASEReadCounter.table","NW_015090842.1:8476159",9,14,5
"GSE1","s672_F_PIT_01_ASEReadCounter.table","NW_015090842.1:8477442",0,24,24
"GSE1","s672_F_PIT_01_ASEReadCounter.table","NW_015090842.1:8477448",0,23,23
"GSE1","s672_F_PIT_01_ASEReadCounter.table","NW_015090842.1:8477662",1,15,14
"GSE1","s672_F_PIT_01_ASEReadCounter.table","NW_015090842.1:8477933",21,48,27
"GSE1","s672_F_PIT_01_ASEReadCounter.table","NW_015090842.1:8477945",18,42,24
"GSE1","s672_F_PIT_01_ASEReadCounter.table","NW_015090842.1:8483272",5,27,22
"GSE1","s672_F_PIT_01_ASEReadCounter.table","NW_015090842.1:8483367",2,8,6
"GSE1","s672_F_PIT_01_ASEReadCounter.table","NW_015090842.1:8483411",4,11,7
"GSE1","s672_F_PIT_01_ASEReadCounter.table","NW_015090842.1:8483756",9,36,27
"GSE1","s672_F_PIT_01_ASEReadCounter.table","NW_015090842.1:8486867",37,81,44
"GSE1","s672_F_PIT_01_ASEReadCounter.table","NW_015090842.1:8486939",44,98,54
"GSE1","s672_F_PIT_01_ASEReadCounter.table","NW_015090842.1:8486945",45,100,55
"GSE1","s672_F_PIT_01_ASEReadCounter.table","NW_015090842.1:8486993",38,84,46
"GSE1","s672_F_PIT_01_ASEReadCounter.table","NW_015090842.1:8487062",36,74,38
"GSE1","s672_F_PIT_01_ASEReadCounter.table","NW_015090842.1:8488065",26,48,22
"GSE1","s672_F_PIT_01_ASEReadCounter.table","NW_015090842.1:8488457",29,53,24
"GSE1","s672_F_PIT_01_ASEReadCounter.table","NW_015090842.1:8488463",31,56,25
"GSE1","s672_F_PIT_01_ASEReadCounter.table","NW_015090842.1:8488490",51,51,0
"GSE1","s672_F_PIT_01_ASEReadCounter.table","NW_015090842.1:8488505",29,49,20
"GSE1","s672_F_PIT_01_ASEReadCounter.table","NW_015090842.1:8490180",0,43,43
"KIAA0513","s672_F_PIT_01_ASEReadCounter.table","NW_015090842.1:8668363",89,167,78
"KIAA0513","s672_F_PIT_01_ASEReadCounter.table","NW_015090842.1:8668387",87,171,84
"KIAA0513","s672_F_PIT_01_ASEReadCounter.table","NW_015090842.1:8668390",86,168,82
"KIAA0513","s672_F_PIT_01_ASEReadCounter.table","NW_015090842.1:8673107",76,172,96
"KIAA0513","s672_F_PIT_01_ASEReadCounter.table","NW_015090842.1:8673147",85,174,89
"KIAA0513","s672_F_PIT_01_ASEReadCounter.table","NW_015090842.1:8674661",76,141,65
"KIAA0513","s672_F_PIT_01_ASEReadCounter.table","NW_015090842.1:8674685",81,145,64
"KIAA0513","s672_F_PIT_01_ASEReadCounter.table","NW_015090842.1:8674730",74,133,59
"KIAA0513","s672_F_PIT_01_ASEReadCounter.table","NW_015090842.1:8675525",68,132,64
"KIAA0513","s672_F_PIT_01_ASEReadCounter.table","NW_015090842.1:8675561",67,140,73
"KIAA0513","s672_F_PIT_01_ASEReadCounter.table","NW_015090842.1:8678608",2,40,38
"KIAA0513","s672_F_PIT_01_ASEReadCounter.table","NW_015090842.1:8686455",0,24,24
"KIAA0513","s672_F_PIT_01_ASEReadCounter.table","NW_015090842.1:8686508",0,31,31
"KIAA0513","s672_F_PIT_01_ASEReadCounter.table","NW_015090842.1:8686521",0,31,31
"KIAA0513","s672_F_PIT_01_ASEReadCounter.table","NW_015090842.1:8693642",26,44,18
"KIAA0513","s672_F_PIT_01_ASEReadCounter.table","NW_015090842.1:8693712",28,47,19
"KIAA0513","s672_F_PIT_01_ASEReadCounter.table","NW_015090842.1:8695794",1,1,0
"FBXO31","s672_F_PIT_01_ASEReadCounter.table","NW_015090842.1:8710240",36,69,33
"FBXO31","s672_F_PIT_01_ASEReadCounter.table","NW_015090842.1:8710372",27,64,37
"FBXO31","s672_F_PIT_01_ASEReadCounter.table","NW_015090842.1:8711239",29,70,41
"FBXO31","s672_F_PIT_01_ASEReadCounter.table","NW_015090842.1:8714565",37,93,56
"FBXO31","s672_F_PIT_01_ASEReadCounter.table","NW_015090842.1:8716001",16,51,35
"FBXO31","s672_F_PIT_01_ASEReadCounter.table","NW_015090842.1:8725050",2,2,0
"FBXO31","s672_F_PIT_01_ASEReadCounter.table","NW_015090842.1:8725057",2,2,0
"FBXO31","s672_F_PIT_01_ASEReadCounter.table","NW_015090842.1:8725162",4,6,2
"FBXO31","s672_F_PIT_01_ASEReadCounter.table","NW_015090842.1:8725163",4,6,2
"FBXO31","s672_F_PIT_01_ASEReadCounter.table","NW_015090842.1:8725170",4,6,2
"FBXO31","s672_F_PIT_01_ASEReadCounter.table","NW_015090842.1:8725187",4,6,2
"FBXO31","s672_F_PIT_01_ASEReadCounter.table","NW_015090842.1:8725188",4,6,2
"FBXO31","s672_F_PIT_01_ASEReadCounter.table","NW_015090842.1:8725190",4,6,2
"FBXO31","s672_F_PIT_01_ASEReadCounter.table","NW_015090842.1:8725370",1,1,0
"ZCCHC14","s672_F_PIT_01_ASEReadCounter.table","NW_015090842.1:8750174",25,33,8
"ZCCHC14","s672_F_PIT_01_ASEReadCounter.table","NW_015090842.1:8750189",27,34,7
"ZCCHC14","s672_F_PIT_01_ASEReadCounter.table","NW_015090842.1:8750365",23,47,24
"ZCCHC14","s672_F_PIT_01_ASEReadCounter.table","NW_015090842.1:8750433",22,42,20
"ZCCHC14","s672_F_PIT_01_ASEReadCounter.table","NW_015090842.1:8750449",24,44,20
"ZCCHC14","s672_F_PIT_01_ASEReadCounter.table","NW_015090842.1:8750456",25,42,17
"ZCCHC14","s672_F_PIT_01_ASEReadCounter.table","NW_015090842.1:8750497",25,42,17
"ZCCHC14","s672_F_PIT_01_ASEReadCounter.table","NW_015090842.1:8750547",20,36,16
"ZCCHC14","s672_F_PIT_01_ASEReadCounter.table","NW_015090842.1:8751100",8,16,8
"ZCCHC14","s672_F_PIT_01_ASEReadCounter.table","NW_015090842.1:8751374",10,27,17
"ZCCHC14","s672_F_PIT_01_ASEReadCounter.table","NW_015090842.1:8751403",15,35,20
"ZCCHC14","s672_F_PIT_01_ASEReadCounter.table","NW_015090842.1:8751517",4,27,23
"ZCCHC14","s672_F_PIT_01_ASEReadCounter.table","NW_015090842.1:8752060",17,22,5
"ZCCHC14","s672_F_PIT_01_ASEReadCounter.table","NW_015090842.1:8752172",16,34,18
"ZCCHC14","s672_F_PIT_01_ASEReadCounter.table","NW_015090842.1:8752183",14,32,18
"ZCCHC14","s672_F_PIT_01_ASEReadCounter.table","NW_015090842.1:8752198",15,35,20
"ZCCHC14","s672_F_PIT_01_ASEReadCounter.table","NW_015090842.1:8752248",18,35,17
"ZCCHC14","s672_F_PIT_01_ASEReadCounter.table","NW_015090842.1:8752326",16,33,17
"ZCCHC14","s672_F_PIT_01_ASEReadCounter.table","NW_015090842.1:8752393",16,30,14
"ZCCHC14","s672_F_PIT_01_ASEReadCounter.table","NW_015090842.1:8752914",13,24,11
"ZCCHC14","s672_F_PIT_01_ASEReadCounter.table","NW_015090842.1:8753528",9,15,6
"ZCCHC14","s672_F_PIT_01_ASEReadCounter.table","NW_015090842.1:8753892",10,16,6
"ZCCHC14","s672_F_PIT_01_ASEReadCounter.table","NW_015090842.1:8753910",10,17,7
"ZCCHC14","s672_F_PIT_01_ASEReadCounter.table","NW_015090842.1:8755096",12,22,10
"ZCCHC14","s672_F_PIT_01_ASEReadCounter.table","NW_015090842.1:8755327",7,10,3
"ZCCHC14","s672_F_PIT_01_ASEReadCounter.table","NW_015090842.1:8755723",12,24,12
"ZCCHC14","s672_F_PIT_01_ASEReadCounter.table","NW_015090842.1:8755739",9,18,9
"ZCCHC14","s672_F_PIT_01_ASEReadCounter.table","NW_015090842.1:8756149",9,15,6
"ZCCHC14","s672_F_PIT_01_ASEReadCounter.table","NW_015090842.1:8756347",12,27,15
"ZCCHC14","s672_F_PIT_01_ASEReadCounter.table","NW_015090842.1:8756361",11,27,16
"ZCCHC14","s672_F_PIT_01_ASEReadCounter.table","NW_015090842.1:8756388",13,25,12
"ZCCHC14","s672_F_PIT_01_ASEReadCounter.table","NW_015090842.1:8756389",13,25,12
"ZCCHC14","s672_F_PIT_01_ASEReadCounter.table","NW_015090842.1:8757160",12,25,13
"ZCCHC14","s672_F_PIT_01_ASEReadCounter.table","NW_015090842.1:8804511",7,14,7
"ZCCHC14","s672_F_PIT_01_ASEReadCounter.table","NW_015090842.1:8804979",3,5,2
"JPH3","s672_F_PIT_01_ASEReadCounter.table","NW_015090842.1:8845375",3,8,5
"JPH3","s672_F_PIT_01_ASEReadCounter.table","NW_015090842.1:8845640",4,14,10
"JPH3","s672_F_PIT_01_ASEReadCounter.table","NW_015090842.1:8845654",4,12,8
"JPH3","s672_F_PIT_01_ASEReadCounter.table","NW_015090842.1:8872283",8,25,17
"JPH3","s672_F_PIT_01_ASEReadCounter.table","NW_015090842.1:8872294",9,25,16
"JPH3","s672_F_PIT_01_ASEReadCounter.table","NW_015090842.1:8872730",12,23,11
"JPH3","s672_F_PIT_01_ASEReadCounter.table","NW_015090842.1:8885260",18,30,12
"JPH3","s672_F_PIT_01_ASEReadCounter.table","NW_015090842.1:8885315",16,37,21
"JPH3","s672_F_PIT_01_ASEReadCounter.table","NW_015090842.1:8885328",14,35,21
"JPH3","s672_F_PIT_01_ASEReadCounter.table","NW_015090842.1:8885438",14,30,16
"JPH3","s672_F_PIT_01_ASEReadCounter.table","NW_015090842.1:8885525",5,16,11
"KLHDC4","s672_F_PIT_01_ASEReadCounter.table","NW_015090842.1:8890729",31,59,28
"KLHDC4","s672_F_PIT_01_ASEReadCounter.table","NW_015090842.1:8890749",30,61,31
"KLHDC4","s672_F_PIT_01_ASEReadCounter.table","NW_015090842.1:8890761",33,67,34
"KLHDC4","s672_F_PIT_01_ASEReadCounter.table","NW_015090842.1:8891123",66,109,43
"KLHDC4","s672_F_PIT_01_ASEReadCounter.table","NW_015090842.1:8893124",79,121,42
"KLHDC4","s672_F_PIT_01_ASEReadCounter.table","NW_015090842.1:8894542",66,104,38
"KLHDC4","s672_F_PIT_01_ASEReadCounter.table","NW_015090842.1:8896726",41,80,39
"KLHDC4","s672_F_PIT_01_ASEReadCounter.table","NW_015090842.1:8896767",51,101,50
"KLHDC4","s672_F_PIT_01_ASEReadCounter.table","NW_015090842.1:8904174",46,64,18
"KLHDC4","s672_F_PIT_01_ASEReadCounter.table","NW_015090842.1:8904231",42,71,29
"KLHDC4","s672_F_PIT_01_ASEReadCounter.table","NW_015090842.1:8905251",53,72,19
"KLHDC4","s672_F_PIT_01_ASEReadCounter.table","NW_015090842.1:8905263",53,75,22
"KLHDC4","s672_F_PIT_01_ASEReadCounter.table","NW_015090842.1:8919626",6,10,4
"SLC7A5","s672_F_PIT_01_ASEReadCounter.table","NW_015090842.1:8938782",134,209,75
"SLC7A5","s672_F_PIT_01_ASEReadCounter.table","NW_015090842.1:8938943",118,186,68
"SLC7A5","s672_F_PIT_01_ASEReadCounter.table","NW_015090842.1:8939611",92,131,39
"SLC7A5","s672_F_PIT_01_ASEReadCounter.table","NW_015090842.1:8939738",102,179,77
"SLC7A5","s672_F_PIT_01_ASEReadCounter.table","NW_015090842.1:8939739",103,179,76
"SLC7A5","s672_F_PIT_01_ASEReadCounter.table","NW_015090842.1:8939740",100,176,76
"SLC7A5","s672_F_PIT_01_ASEReadCounter.table","NW_015090842.1:8939795",105,166,61
"SLC7A5","s672_F_PIT_01_ASEReadCounter.table","NW_015090842.1:8939815",88,155,67
"SLC7A5","s672_F_PIT_01_ASEReadCounter.table","NW_015090842.1:8939816",88,153,65
"SLC7A5","s672_F_PIT_01_ASEReadCounter.table","NW_015090842.1:8939817",88,160,72
"SLC7A5","s672_F_PIT_01_ASEReadCounter.table","NW_015090842.1:8939845",102,175,73
"SLC7A5","s672_F_PIT_01_ASEReadCounter.table","NW_015090842.1:8939894",90,168,78
"SLC7A5","s672_F_PIT_01_ASEReadCounter.table","NW_015090842.1:8939895",92,169,77
"SLC7A5","s672_F_PIT_01_ASEReadCounter.table","NW_015090842.1:8939997",255,255,0
"SLC7A5","s672_F_PIT_01_ASEReadCounter.table","NW_015090842.1:8940172",119,201,82
"SLC7A5","s672_F_PIT_01_ASEReadCounter.table","NW_015090842.1:8940331",83,140,57
"SLC7A5","s672_F_PIT_01_ASEReadCounter.table","NW_015090842.1:8940696",73,102,29
"SLC7A5","s672_F_PIT_01_ASEReadCounter.table","NW_015090842.1:8940719",52,103,51
"SLC7A5","s672_F_PIT_01_ASEReadCounter.table","NW_015090842.1:8940737",55,104,49
"SLC7A5","s672_F_PIT_01_ASEReadCounter.table","NW_015090842.1:8940743",63,116,53
"SLC7A5","s672_F_PIT_01_ASEReadCounter.table","NW_015090842.1:8940766",80,147,67
"SLC7A5","s672_F_PIT_01_ASEReadCounter.table","NW_015090842.1:8940769",84,155,71
"SLC7A5","s672_F_PIT_01_ASEReadCounter.table","NW_015090842.1:8940861",90,140,50
"SLC7A5","s672_F_PIT_01_ASEReadCounter.table","NW_015090842.1:8941068",131,220,89
"SLC7A5","s672_F_PIT_01_ASEReadCounter.table","NW_015090842.1:8941467",78,156,78
"SLC7A5","s672_F_PIT_01_ASEReadCounter.table","NW_015090842.1:8941531",81,152,71
"SLC7A5","s672_F_PIT_01_ASEReadCounter.table","NW_015090842.1:8941588",108,188,80
"SLC7A5","s672_F_PIT_01_ASEReadCounter.table","NW_015090842.1:8941698",68,117,49
"SLC7A5","s672_F_PIT_01_ASEReadCounter.table","NW_015090842.1:8941717",86,137,51
"SLC7A5","s672_F_PIT_01_ASEReadCounter.table","NW_015090842.1:8941745",81,136,55
"SLC7A5","s672_F_PIT_01_ASEReadCounter.table","NW_015090842.1:8941781",90,153,63
"SLC7A5","s672_F_PIT_01_ASEReadCounter.table","NW_015090842.1:8941887",73,125,52
"SLC7A5","s672_F_PIT_01_ASEReadCounter.table","NW_015090842.1:8941968",43,91,48
"SLC7A5","s672_F_PIT_01_ASEReadCounter.table","NW_015090842.1:8942025",80,122,42
"SLC7A5","s672_F_PIT_01_ASEReadCounter.table","NW_015090842.1:8942069",82,123,41
"SLC7A5","s672_F_PIT_01_ASEReadCounter.table","NW_015090842.1:8942170",88,150,62
"SLC7A5","s672_F_PIT_01_ASEReadCounter.table","NW_015090842.1:8942241",104,155,51
"SLC7A5","s672_F_PIT_01_ASEReadCounter.table","NW_015090842.1:8942283",96,149,53
"SLC7A5","s672_F_PIT_01_ASEReadCounter.table","NW_015090842.1:8942717",81,160,79
"SLC7A5","s672_F_PIT_01_ASEReadCounter.table","NW_015090842.1:8942756",101,194,93
"SLC7A5","s672_F_PIT_01_ASEReadCounter.table","NW_015090842.1:8942766",101,193,92
"SLC7A5","s672_F_PIT_01_ASEReadCounter.table","NW_015090842.1:8943271",82,145,63
"SLC7A5","s672_F_PIT_01_ASEReadCounter.table","NW_015090842.1:8943524",69,109,40
"SLC7A5","s672_F_PIT_01_ASEReadCounter.table","NW_015090842.1:8943530",78,121,43
"SLC7A5","s672_F_PIT_01_ASEReadCounter.table","NW_015090842.1:8943602",62,108,46
"SLC7A5","s672_F_PIT_01_ASEReadCounter.table","NW_015090842.1:8943622",58,104,46
"SLC7A5","s672_F_PIT_01_ASEReadCounter.table","NW_015090842.1:8943661",61,116,55
"SLC7A5","s672_F_PIT_01_ASEReadCounter.table","NW_015090842.1:8943686",62,119,57
"SLC7A5","s672_F_PIT_01_ASEReadCounter.table","NW_015090842.1:8943788",62,114,52
"SLC7A5","s672_F_PIT_01_ASEReadCounter.table","NW_015090842.1:8943814",67,122,55
"SLC7A5","s672_F_PIT_01_ASEReadCounter.table","NW_015090842.1:8943876",67,116,49
"SLC7A5","s672_F_PIT_01_ASEReadCounter.table","NW_015090842.1:8943892",72,125,53
"SLC7A5","s672_F_PIT_01_ASEReadCounter.table","NW_015090842.1:8944097",75,127,52
"SLC7A5","s672_F_PIT_01_ASEReadCounter.table","NW_015090842.1:8944104",73,116,43
"SLC7A5","s672_F_PIT_01_ASEReadCounter.table","NW_015090842.1:8944293",37,62,25
"SLC7A5","s672_F_PIT_01_ASEReadCounter.table","NW_015090842.1:8944297",35,61,26
"SLC7A5","s672_F_PIT_01_ASEReadCounter.table","NW_015090842.1:8944397",35,66,31
"SLC7A5","s672_F_PIT_01_ASEReadCounter.table","NW_015090842.1:8944552",68,117,49
"SLC7A5","s672_F_PIT_01_ASEReadCounter.table","NW_015090842.1:8944629",80,145,65
"CA5A","s672_F_PIT_01_ASEReadCounter.table","NW_015090842.1:8989479",34,69,35
"CA5A","s672_F_PIT_01_ASEReadCounter.table","NW_015090842.1:8989562",46,96,50
"CA5A","s672_F_PIT_01_ASEReadCounter.table","NW_015090842.1:8989609",49,111,62
"CA5A","s672_F_PIT_01_ASEReadCounter.table","NW_015090842.1:8989693",47,118,71
"CA5A","s672_F_PIT_01_ASEReadCounter.table","NW_015090842.1:8989702",46,113,67
"CA5A","s672_F_PIT_01_ASEReadCounter.table","NW_015090842.1:8989746",54,138,84
"CA5A","s672_F_PIT_01_ASEReadCounter.table","NW_015090842.1:8989880",62,145,83
"CA5A","s672_F_PIT_01_ASEReadCounter.table","NW_015090842.1:8989885",61,144,83
"CA5A","s672_F_PIT_01_ASEReadCounter.table","NW_015090842.1:8989929",51,143,92
"CA5A","s672_F_PIT_01_ASEReadCounter.table","NW_015090842.1:8990002",57,137,80
"CA5A","s672_F_PIT_01_ASEReadCounter.table","NW_015090842.1:8990004",57,138,81
"CA5A","s672_F_PIT_01_ASEReadCounter.table","NW_015090842.1:8990005",57,140,83
"CA5A","s672_F_PIT_01_ASEReadCounter.table","NW_015090842.1:8990017",55,121,66
"CA5A","s672_F_PIT_01_ASEReadCounter.table","NW_015090842.1:8990043",39,90,51
"CA5A","s672_F_PIT_01_ASEReadCounter.table","NW_015090842.1:8990060",103,103,0
"CA5A","s672_F_PIT_01_ASEReadCounter.table","NW_015090842.1:8990080",34,99,65
"CA5A","s672_F_PIT_01_ASEReadCounter.table","NW_015090842.1:8990084",37,103,66
"CA5A","s672_F_PIT_01_ASEReadCounter.table","NW_015090842.1:8990090",33,99,66
"CA5A","s672_F_PIT_01_ASEReadCounter.table","NW_015090842.1:8990095",37,101,64
"CA5A","s672_F_PIT_01_ASEReadCounter.table","NW_015090842.1:8990111",33,90,57
"CA5A","s672_F_PIT_01_ASEReadCounter.table","NW_015090842.1:8990112",32,89,57
"CA5A","s672_F_PIT_01_ASEReadCounter.table","NW_015090842.1:8990115",35,91,56
"CA5A","s672_F_PIT_01_ASEReadCounter.table","NW_015090842.1:8990166",40,85,45
"CA5A","s672_F_PIT_01_ASEReadCounter.table","NW_015090842.1:8990169",42,86,44
"CA5A","s672_F_PIT_01_ASEReadCounter.table","NW_015090842.1:8990193",79,79,0
"CA5A","s672_F_PIT_01_ASEReadCounter.table","NW_015090842.1:8990222",43,78,35
"CA5A","s672_F_PIT_01_ASEReadCounter.table","NW_015090842.1:8990289",53,101,48
"CA5A","s672_F_PIT_01_ASEReadCounter.table","NW_015090842.1:8990314",48,97,49
"CA5A","s672_F_PIT_01_ASEReadCounter.table","NW_015090842.1:8990361",36,82,46
"CA5A","s672_F_PIT_01_ASEReadCounter.table","NW_015090842.1:8990368",36,80,44
"CA5A","s672_F_PIT_01_ASEReadCounter.table","NW_015090842.1:8990429",46,89,43
"CA5A","s672_F_PIT_01_ASEReadCounter.table","NW_015090842.1:8990466",45,84,39
"CA5A","s672_F_PIT_01_ASEReadCounter.table","NW_015090842.1:8990663",40,86,46
"CA5A","s672_F_PIT_01_ASEReadCounter.table","NW_015090842.1:8990797",30,69,39
"CA5A","s672_F_PIT_01_ASEReadCounter.table","NW_015090842.1:8990836",38,80,42
"CA5A","s672_F_PIT_01_ASEReadCounter.table","NW_015090842.1:8990842",37,79,42
"CA5A","s672_F_PIT_01_ASEReadCounter.table","NW_015090842.1:8990851",36,77,41
"CA5A","s672_F_PIT_01_ASEReadCounter.table","NW_015090842.1:8990918",40,78,38
"CA5A","s672_F_PIT_01_ASEReadCounter.table","NW_015090842.1:8990921",34,76,42
"CA5A","s672_F_PIT_01_ASEReadCounter.table","NW_015090842.1:8990942",34,77,43
"CA5A","s672_F_PIT_01_ASEReadCounter.table","NW_015090842.1:8991001",43,99,56
"CA5A","s672_F_PIT_01_ASEReadCounter.table","NW_015090842.1:8991038",40,89,49
"CA5A","s672_F_PIT_01_ASEReadCounter.table","NW_015090842.1:8991149",52,106,54
"CA5A","s672_F_PIT_01_ASEReadCounter.table","NW_015090842.1:8991176",52,112,60
"CA5A","s672_F_PIT_01_ASEReadCounter.table","NW_015090842.1:8991241",52,107,55
"CA5A","s672_F_PIT_01_ASEReadCounter.table","NW_015090842.1:8991262",43,93,50
"CA5A","s672_F_PIT_01_ASEReadCounter.table","NW_015090842.1:8991316",35,38,3
"CA5A","s672_F_PIT_01_ASEReadCounter.table","NW_015090842.1:8991319",35,38,3
"CA5A","s672_F_PIT_01_ASEReadCounter.table","NW_015090842.1:8991330",34,36,2
"CA5A","s672_F_PIT_01_ASEReadCounter.table","NW_015090842.1:8991334",33,37,4
"CA5A","s672_F_PIT_01_ASEReadCounter.table","NW_015090842.1:8991362",43,79,36
"CA5A","s672_F_PIT_01_ASEReadCounter.table","NW_015090842.1:8991368",45,82,37
"CA5A","s672_F_PIT_01_ASEReadCounter.table","NW_015090842.1:8991390",47,89,42
"CA5A","s672_F_PIT_01_ASEReadCounter.table","NW_015090842.1:8991395",51,97,46
"CA5A","s672_F_PIT_01_ASEReadCounter.table","NW_015090842.1:8991422",49,108,59
"CA5A","s672_F_PIT_01_ASEReadCounter.table","NW_015090842.1:8991467",52,109,57
"CA5A","s672_F_PIT_01_ASEReadCounter.table","NW_015090842.1:8991576",34,76,42
"CA5A","s672_F_PIT_01_ASEReadCounter.table","NW_015090842.1:8991587",41,87,46
"CA5A","s672_F_PIT_01_ASEReadCounter.table","NW_015090842.1:8991655",50,106,56
"CA5A","s672_F_PIT_01_ASEReadCounter.table","NW_015090842.1:8991717",50,96,46
"CA5A","s672_F_PIT_01_ASEReadCounter.table","NW_015090842.1:8991726",53,102,49
"CA5A","s672_F_PIT_01_ASEReadCounter.table","NW_015090842.1:8991799",44,97,53
"CA5A","s672_F_PIT_01_ASEReadCounter.table","NW_015090842.1:8991809",41,92,51
"CA5A","s672_F_PIT_01_ASEReadCounter.table","NW_015090842.1:8991848",29,66,37
"CA5A","s672_F_PIT_01_ASEReadCounter.table","NW_015090842.1:8991849",30,67,37
"CA5A","s672_F_PIT_01_ASEReadCounter.table","NW_015090842.1:8991927",38,81,43
"CA5A","s672_F_PIT_01_ASEReadCounter.table","NW_015090842.1:8991941",36,74,38
"CA5A","s672_F_PIT_01_ASEReadCounter.table","NW_015090842.1:8992121",30,73,43
"CA5A","s672_F_PIT_01_ASEReadCounter.table","NW_015090842.1:8992224",38,75,37
"CA5A","s672_F_PIT_01_ASEReadCounter.table","NW_015090842.1:9002570",26,52,26
"CA5A","s672_F_PIT_01_ASEReadCounter.table","NW_015090842.1:9002600",27,53,26
"CA5A","s672_F_PIT_01_ASEReadCounter.table","NW_015090842.1:9004312",16,39,23
"CA5A","s672_F_PIT_01_ASEReadCounter.table","NW_015090842.1:9004506",1,1,0
"CA5A","s672_F_PIT_01_ASEReadCounter.table","NW_015090842.1:9004523",1,2,1
"CA5A","s672_F_PIT_01_ASEReadCounter.table","NW_015090842.1:9004530",1,2,1
"CA5A","s672_F_PIT_01_ASEReadCounter.table","NW_015090842.1:9004556",1,2,1
"CA5A","s672_F_PIT_01_ASEReadCounter.table","NW_015090842.1:9005116",3,3,0
"CA5A","s672_F_PIT_01_ASEReadCounter.table","NW_015090842.1:9005120",3,4,1
"CA5A","s672_F_PIT_01_ASEReadCounter.table","NW_015090842.1:9005140",3,3,0
"CA5A","s672_F_PIT_01_ASEReadCounter.table","NW_015090842.1:9005152",2,2,0
"CA5A","s672_F_PIT_01_ASEReadCounter.table","NW_015090842.1:9011011",0,1,1
"BANP","s672_F_PIT_01_ASEReadCounter.table","NW_015090842.1:9033407",12,25,13
"BANP","s672_F_PIT_01_ASEReadCounter.table","NW_015090842.1:9033409",12,26,14
"BANP","s672_F_PIT_01_ASEReadCounter.table","NW_015090842.1:9033420",14,32,18
"BANP","s672_F_PIT_01_ASEReadCounter.table","NW_015090842.1:9067974",0,24,24
"BANP","s672_F_PIT_01_ASEReadCounter.table","NW_015090842.1:9102510",21,51,30
"BANP","s672_F_PIT_01_ASEReadCounter.table","NW_015090842.1:9168534",40,77,37
"BANP","s672_F_PIT_01_ASEReadCounter.table","NW_015090842.1:9168818",21,52,31
"ZNF469","s672_F_PIT_01_ASEReadCounter.table","NW_015090842.1:9424333",1,1,0
"ZNF469","s672_F_PIT_01_ASEReadCounter.table","NW_015090842.1:9425089",1,1,0
"ZNF469","s672_F_PIT_01_ASEReadCounter.table","NW_015090842.1:9425108",1,1,0
"ZNF469","s672_F_PIT_01_ASEReadCounter.table","NW_015090842.1:9426585",1,1,0
"ZNF469","s672_F_PIT_01_ASEReadCounter.table","NW_015090842.1:9428122",0,1,1
"ZNF469","s672_F_PIT_01_ASEReadCounter.table","NW_015090842.1:9428178",0,2,2
"ZNF469","s672_F_PIT_01_ASEReadCounter.table","NW_015090842.1:9428419",1,1,0
"ZNF469","s672_F_PIT_01_ASEReadCounter.table","NW_015090842.1:9429633",0,1,1
"ZNF469","s672_F_PIT_01_ASEReadCounter.table","NW_015090842.1:9429794",1,1,0
"ZNF469","s672_F_PIT_01_ASEReadCounter.table","NW_015090842.1:9430560",2,6,4
"ZNF469","s672_F_PIT_01_ASEReadCounter.table","NW_015090842.1:9430668",1,1,0
"ZNF469","s672_F_PIT_01_ASEReadCounter.table","NW_015090842.1:9431031",2,3,1
"ZNF469","s672_F_PIT_01_ASEReadCounter.table","NW_015090842.1:9431073",2,3,1
"ZNF469","s672_F_PIT_01_ASEReadCounter.table","NW_015090842.1:9431091",2,3,1
"ZNF469","s672_F_PIT_01_ASEReadCounter.table","NW_015090842.1:9431150",1,3,2
"ZNF469","s672_F_PIT_01_ASEReadCounter.table","NW_015090842.1:9431162",1,3,2
"ZNF469","s672_F_PIT_01_ASEReadCounter.table","NW_015090842.1:9431214",0,1,1
"ZNF469","s672_F_PIT_01_ASEReadCounter.table","NW_015090842.1:9431700",2,2,0
"ZNF469","s672_F_PIT_01_ASEReadCounter.table","NW_015090842.1:9432302",1,1,0
"ZNF469","s672_F_PIT_01_ASEReadCounter.table","NW_015090842.1:9432361",1,2,1
"ZNF469","s672_F_PIT_01_ASEReadCounter.table","NW_015090842.1:9432374",1,2,1
"ZNF469","s672_F_PIT_01_ASEReadCounter.table","NW_015090842.1:9432382",1,2,1
"ZNF469","s672_F_PIT_01_ASEReadCounter.table","NW_015090842.1:9432481",0,2,2
"ZNF469","s672_F_PIT_01_ASEReadCounter.table","NW_015090842.1:9432498",0,2,2
"ZNF469","s672_F_PIT_01_ASEReadCounter.table","NW_015090842.1:9433268",1,5,4
"ZNF469","s672_F_PIT_01_ASEReadCounter.table","NW_015090842.1:9433678",1,3,2
"ZNF469","s672_F_PIT_01_ASEReadCounter.table","NW_015090842.1:9433902",1,2,1
"ZNF469","s672_F_PIT_01_ASEReadCounter.table","NW_015090842.1:9433980",3,4,1
"ZNF469","s672_F_PIT_01_ASEReadCounter.table","NW_015090842.1:9434259",3,7,4
"ZNF469","s672_F_PIT_01_ASEReadCounter.table","NW_015090842.1:9435221",2,2,0
"ZFPM1","s672_F_PIT_01_ASEReadCounter.table","NW_015090842.1:9458862",7,16,9
"ZFPM1","s672_F_PIT_01_ASEReadCounter.table","NW_015090842.1:9458888",10,22,12
"ZFPM1","s672_F_PIT_01_ASEReadCounter.table","NW_015090842.1:9458904",12,27,15
"ZFPM1","s672_F_PIT_01_ASEReadCounter.table","NW_015090842.1:9458916",11,29,18
"ZFPM1","s672_F_PIT_01_ASEReadCounter.table","NW_015090842.1:9468568",14,29,15
"ZFPM1","s672_F_PIT_01_ASEReadCounter.table","NW_015090842.1:9468593",12,23,11
"ZFPM1","s672_F_PIT_01_ASEReadCounter.table","NW_015090842.1:9471561",11,20,9
"ZFPM1","s672_F_PIT_01_ASEReadCounter.table","NW_015090842.1:9472557",11,19,8
"ZFPM1","s672_F_PIT_01_ASEReadCounter.table","NW_015090842.1:9472565",10,17,7
"ZFPM1","s672_F_PIT_01_ASEReadCounter.table","NW_015090842.1:9472608",14,22,8
"ZFPM1","s672_F_PIT_01_ASEReadCounter.table","NW_015090842.1:9472627",15,24,9
"ZFPM1","s672_F_PIT_01_ASEReadCounter.table","NW_015090842.1:9472668",14,22,8
"ZFPM1","s672_F_PIT_01_ASEReadCounter.table","NW_015090842.1:9473655",14,31,17
"ZFPM1","s672_F_PIT_01_ASEReadCounter.table","NW_015090842.1:9475827",12,25,13
"ZFPM1","s672_F_PIT_01_ASEReadCounter.table","NW_015090842.1:9475842",13,27,14
"ZFPM1","s672_F_PIT_01_ASEReadCounter.table","NW_015090842.1:9476119",12,24,12
"ZFPM1","s672_F_PIT_01_ASEReadCounter.table","NW_015090842.1:9476161",10,19,9
"ZFPM1","s672_F_PIT_01_ASEReadCounter.table","NW_015090842.1:9476219",4,11,7
"ZFPM1","s672_F_PIT_01_ASEReadCounter.table","NW_015090842.1:9476233",4,9,5
"ZFPM1","s672_F_PIT_01_ASEReadCounter.table","NW_015090842.1:9476305",8,17,9
"ZFPM1","s672_F_PIT_01_ASEReadCounter.table","NW_015090842.1:9476395",14,26,12
"ZFPM1","s672_F_PIT_01_ASEReadCounter.table","NW_015090842.1:9476421",19,30,11
"ZFPM1","s672_F_PIT_01_ASEReadCounter.table","NW_015090842.1:9476539",16,24,8
"ZFPM1","s672_F_PIT_01_ASEReadCounter.table","NW_015090842.1:9476576",14,22,8
"ZFPM1","s672_F_PIT_01_ASEReadCounter.table","NW_015090842.1:9476599",22,22,0
"ZFPM1","s672_F_PIT_01_ASEReadCounter.table","NW_015090842.1:9476792",15,29,14
"ZFPM1","s672_F_PIT_01_ASEReadCounter.table","NW_015090842.1:9476803",17,31,14
"ZFPM1","s672_F_PIT_01_ASEReadCounter.table","NW_015090842.1:9477115",11,23,12
"ZFPM1","s672_F_PIT_01_ASEReadCounter.table","NW_015090842.1:9477299",3,18,15
"ZFPM1","s672_F_PIT_01_ASEReadCounter.table","NW_015090842.1:9477398",27,27,0
"ZFPM1","s672_F_PIT_01_ASEReadCounter.table","NW_015090842.1:9477422",14,27,13
"ZFPM1","s672_F_PIT_01_ASEReadCounter.table","NW_015090842.1:9477554",9,24,15
"ZFPM1","s672_F_PIT_01_ASEReadCounter.table","NW_015090842.1:9477575",24,24,0
"ZFPM1","s672_F_PIT_01_ASEReadCounter.table","NW_015090842.1:9477595",10,25,15
"ZFPM1","s672_F_PIT_01_ASEReadCounter.table","NW_015090842.1:9477611",8,22,14
"ZFPM1","s672_F_PIT_01_ASEReadCounter.table","NW_015090842.1:9477659",16,30,14
"ZFPM1","s672_F_PIT_01_ASEReadCounter.table","NW_015090842.1:9477737",13,27,14
"ZFPM1","s672_F_PIT_01_ASEReadCounter.table","NW_015090842.1:9477791",13,22,9
"ZFPM1","s672_F_PIT_01_ASEReadCounter.table","NW_015090842.1:9477844",10,19,9
"ZFPM1","s672_F_PIT_01_ASEReadCounter.table","NW_015090842.1:9477917",13,19,6
"ZFPM1","s672_F_PIT_01_ASEReadCounter.table","NW_015090842.1:9478295",4,16,12
"ZFPM1","s672_F_PIT_01_ASEReadCounter.table","NW_015090842.1:9478349",7,19,12
"ZFPM1","s672_F_PIT_01_ASEReadCounter.table","NW_015090842.1:9478524",10,22,12
"ZFPM1","s672_F_PIT_01_ASEReadCounter.table","NW_015090842.1:9478546",11,25,14
"ZFPM1","s672_F_PIT_01_ASEReadCounter.table","NW_015090842.1:9478573",10,23,13
"ZFPM1","s672_F_PIT_01_ASEReadCounter.table","NW_015090842.1:9478582",12,24,12
"ZFPM1","s672_F_PIT_01_ASEReadCounter.table","NW_015090842.1:9478684",9,18,9
"ZFPM1","s672_F_PIT_01_ASEReadCounter.table","NW_015090842.1:9478711",7,15,8
"ZFPM1","s672_F_PIT_01_ASEReadCounter.table","NW_015090842.1:9478761",4,13,9
"ZFPM1","s672_F_PIT_01_ASEReadCounter.table","NW_015090842.1:9478829",5,5,0
"CIDEC","s672_F_PIT_01_ASEReadCounter.table","NW_015090842.1:9480170",1,1,0
"CIDEC","s672_F_PIT_01_ASEReadCounter.table","NW_015090842.1:9480171",1,1,0
"CIDEC","s672_F_PIT_01_ASEReadCounter.table","NW_015090842.1:9480212",1,1,0
"CIDEC","s672_F_PIT_01_ASEReadCounter.table","NW_015090842.1:9480252",2,2,0
"CIDEC","s672_F_PIT_01_ASEReadCounter.table","NW_015090842.1:9480391",2,3,1
"CIDEC","s672_F_PIT_01_ASEReadCounter.table","NW_015090842.1:9480394",2,3,1
"CIDEC","s672_F_PIT_01_ASEReadCounter.table","NW_015090842.1:9480630",1,2,1
"CIDEC","s672_F_PIT_01_ASEReadCounter.table","NW_015090842.1:9480675",3,4,1
"CIDEC","s672_F_PIT_01_ASEReadCounter.table","NW_015090842.1:9480686",4,5,1
"CIDEC","s672_F_PIT_01_ASEReadCounter.table","NW_015090842.1:9480693",3,4,1
"CIDEC","s672_F_PIT_01_ASEReadCounter.table","NW_015090842.1:9480756",5,5,0
"CIDEC","s672_F_PIT_01_ASEReadCounter.table","NW_015090842.1:9481199",3,3,0
"ZC3H18","s672_F_PIT_01_ASEReadCounter.table","NW_015090842.1:9494271",11,25,14
"ZC3H18","s672_F_PIT_01_ASEReadCounter.table","NW_015090842.1:9501427",30,57,27
"ZC3H18","s672_F_PIT_01_ASEReadCounter.table","NW_015090842.1:9501442",25,54,29
"ZC3H18","s672_F_PIT_01_ASEReadCounter.table","NW_015090842.1:9505538",28,47,19
"ZC3H18","s672_F_PIT_01_ASEReadCounter.table","NW_015090842.1:9506778",31,56,25
"ZC3H18","s672_F_PIT_01_ASEReadCounter.table","NW_015090842.1:9522538",22,50,28
"ZC3H18","s672_F_PIT_01_ASEReadCounter.table","NW_015090842.1:9524350",21,47,26
"ZC3H18","s672_F_PIT_01_ASEReadCounter.table","NW_015090842.1:9524366",22,49,27
"ZC3H18","s672_F_PIT_01_ASEReadCounter.table","NW_015090842.1:9524424",24,46,22
"ZC3H18","s672_F_PIT_01_ASEReadCounter.table","NW_015090842.1:9529649",31,62,31
"ZC3H18","s672_F_PIT_01_ASEReadCounter.table","NW_015090842.1:9529688",26,54,28
"ZC3H18","s672_F_PIT_01_ASEReadCounter.table","NW_015090842.1:9529691",25,52,27
"ZC3H18","s672_F_PIT_01_ASEReadCounter.table","NW_015090842.1:9530977",36,68,32
"ZC3H18","s672_F_PIT_01_ASEReadCounter.table","NW_015090842.1:9536699",0,22,22
"CYBA","s672_F_PIT_01_ASEReadCounter.table","NW_015090842.1:9547281",51,68,17
"CYBA","s672_F_PIT_01_ASEReadCounter.table","NW_015090842.1:9547402",100,165,65
"CYBA","s672_F_PIT_01_ASEReadCounter.table","NW_015090842.1:9547553",72,135,63
"CYBA","s672_F_PIT_01_ASEReadCounter.table","NW_015090842.1:9548052",86,118,32
"CYBA","s672_F_PIT_01_ASEReadCounter.table","NW_015090842.1:9548436",136,178,42
"CYBA","s672_F_PIT_01_ASEReadCounter.table","NW_015090842.1:9548442",133,174,41
"CYBA","s672_F_PIT_01_ASEReadCounter.table","NW_015090842.1:9548478",164,205,41
"CYBA","s672_F_PIT_01_ASEReadCounter.table","NW_015090842.1:9548487",150,191,41
"CYBA","s672_F_PIT_01_ASEReadCounter.table","NW_015090842.1:9548490",151,189,38
"CYBA","s672_F_PIT_01_ASEReadCounter.table","NW_015090842.1:9548717",153,187,34
"CYBA","s672_F_PIT_01_ASEReadCounter.table","NW_015090842.1:9548750",120,151,31
"CYBA","s672_F_PIT_01_ASEReadCounter.table","NW_015090842.1:9548766",84,108,24
"MVD","s672_F_PIT_01_ASEReadCounter.table","NW_015090842.1:9550678",9,25,16
"MVD","s672_F_PIT_01_ASEReadCounter.table","NW_015090842.1:9550690",10,30,20
"MVD","s672_F_PIT_01_ASEReadCounter.table","NW_015090842.1:9550691",10,30,20
"MVD","s672_F_PIT_01_ASEReadCounter.table","NW_015090842.1:9550699",11,36,25
"MVD","s672_F_PIT_01_ASEReadCounter.table","NW_015090842.1:9550719",12,37,25
"MVD","s672_F_PIT_01_ASEReadCounter.table","NW_015090842.1:9551596",28,54,26
"MVD","s672_F_PIT_01_ASEReadCounter.table","NW_015090842.1:9551638",27,66,39
"MVD","s672_F_PIT_01_ASEReadCounter.table","NW_015090842.1:9551899",0,5,5
"MVD","s672_F_PIT_01_ASEReadCounter.table","NW_015090842.1:9552193",22,58,36
"MVD","s672_F_PIT_01_ASEReadCounter.table","NW_015090842.1:9552202",21,59,38
"MVD","s672_F_PIT_01_ASEReadCounter.table","NW_015090842.1:9552208",23,62,39
"MVD","s672_F_PIT_01_ASEReadCounter.table","NW_015090842.1:9552625",17,42,25
"MVD","s672_F_PIT_01_ASEReadCounter.table","NW_015090842.1:9552629",41,41,0
"MVD","s672_F_PIT_01_ASEReadCounter.table","NW_015090842.1:9552644",17,44,27
"MVD","s672_F_PIT_01_ASEReadCounter.table","NW_015090842.1:9553093",27,58,31
"MVD","s672_F_PIT_01_ASEReadCounter.table","NW_015090842.1:9553114",28,61,33
"RNF166","s672_F_PIT_01_ASEReadCounter.table","NW_015090842.1:9557900",29,83,54
"RNF166","s672_F_PIT_01_ASEReadCounter.table","NW_015090842.1:9558048",43,92,49
"RNF166","s672_F_PIT_01_ASEReadCounter.table","NW_015090842.1:9558116",47,98,51
"RNF166","s672_F_PIT_01_ASEReadCounter.table","NW_015090842.1:9558308",51,105,54
"RNF166","s672_F_PIT_01_ASEReadCounter.table","NW_015090842.1:9558405",43,84,41
"RNF166","s672_F_PIT_01_ASEReadCounter.table","NW_015090842.1:9558549",46,104,58
"RNF166","s672_F_PIT_01_ASEReadCounter.table","NW_015090842.1:9558556",44,105,61
"RNF166","s672_F_PIT_01_ASEReadCounter.table","NW_015090842.1:9558579",48,106,58
"RNF166","s672_F_PIT_01_ASEReadCounter.table","NW_015090842.1:9558599",45,95,50
"RNF166","s672_F_PIT_01_ASEReadCounter.table","NW_015090842.1:9558688",39,94,55
"RNF166","s672_F_PIT_01_ASEReadCounter.table","NW_015090842.1:9558711",39,90,51
"RNF166","s672_F_PIT_01_ASEReadCounter.table","NW_015090842.1:9558733",39,92,53
"RNF166","s672_F_PIT_01_ASEReadCounter.table","NW_015090842.1:9558847",34,83,49
"RNF166","s672_F_PIT_01_ASEReadCounter.table","NW_015090842.1:9559798",34,84,50
"RNF166","s672_F_PIT_01_ASEReadCounter.table","NW_015090842.1:9560575",46,104,58
"RNF166","s672_F_PIT_01_ASEReadCounter.table","NW_015090842.1:9561055",35,88,53
"RNF166","s672_F_PIT_01_ASEReadCounter.table","NW_015090842.1:9562458",35,73,38
"RNF166","s672_F_PIT_01_ASEReadCounter.table","NW_015090842.1:9562497",39,74,35
"RNF166","s672_F_PIT_01_ASEReadCounter.table","NW_015090842.1:9562539",24,55,31
"RNF166","s672_F_PIT_01_ASEReadCounter.table","NW_015090842.1:9564056",27,48,21
"CTU2","s672_F_PIT_01_ASEReadCounter.table","NW_015090842.1:9565149",29,43,14
"CTU2","s672_F_PIT_01_ASEReadCounter.table","NW_015090842.1:9565193",21,42,21
"CTU2","s672_F_PIT_01_ASEReadCounter.table","NW_015090842.1:9565300",19,32,13
"CTU2","s672_F_PIT_01_ASEReadCounter.table","NW_015090842.1:9565321",23,34,11
"CTU2","s672_F_PIT_01_ASEReadCounter.table","NW_015090842.1:9565721",19,32,13
"CTU2","s672_F_PIT_01_ASEReadCounter.table","NW_015090842.1:9565739",19,30,11
"CTU2","s672_F_PIT_01_ASEReadCounter.table","NW_015090842.1:9565905",26,38,12
"CTU2","s672_F_PIT_01_ASEReadCounter.table","NW_015090842.1:9566013",33,33,0
"CTU2","s672_F_PIT_01_ASEReadCounter.table","NW_015090842.1:9566055",26,42,16
"CTU2","s672_F_PIT_01_ASEReadCounter.table","NW_015090842.1:9566056",25,41,16
"CTU2","s672_F_PIT_01_ASEReadCounter.table","NW_015090842.1:9566151",24,43,19
"CTU2","s672_F_PIT_01_ASEReadCounter.table","NW_015090842.1:9566300",38,62,24
"CTU2","s672_F_PIT_01_ASEReadCounter.table","NW_015090842.1:9566342",36,55,19
"CTU2","s672_F_PIT_01_ASEReadCounter.table","NW_015090842.1:9566548",21,39,18
"CTU2","s672_F_PIT_01_ASEReadCounter.table","NW_015090842.1:9566625",24,51,27
"CTU2","s672_F_PIT_01_ASEReadCounter.table","NW_015090842.1:9566633",27,52,25
"CTU2","s672_F_PIT_01_ASEReadCounter.table","NW_015090842.1:9566807",24,46,22
"CTU2","s672_F_PIT_01_ASEReadCounter.table","NW_015090842.1:9567139",22,38,16
"CTU2","s672_F_PIT_01_ASEReadCounter.table","NW_015090842.1:9567156",20,39,19
"CTU2","s672_F_PIT_01_ASEReadCounter.table","NW_015090842.1:9567614",32,52,20
"CTU2","s672_F_PIT_01_ASEReadCounter.table","NW_015090842.1:9567677",28,53,25
"CTU2","s672_F_PIT_01_ASEReadCounter.table","NW_015090842.1:9567747",23,48,25
"CTU2","s672_F_PIT_01_ASEReadCounter.table","NW_015090842.1:9567828",26,42,16
"CTU2","s672_F_PIT_01_ASEReadCounter.table","NW_015090842.1:9567829",26,43,17
"CTU2","s672_F_PIT_01_ASEReadCounter.table","NW_015090842.1:9567885",10,19,9
"PIEZO1","s672_F_PIT_01_ASEReadCounter.table","NW_015090842.1:9568093",18,35,17
"PIEZO1","s672_F_PIT_01_ASEReadCounter.table","NW_015090842.1:9568672",13,39,26
"PIEZO1","s672_F_PIT_01_ASEReadCounter.table","NW_015090842.1:9568948",18,37,19
"PIEZO1","s672_F_PIT_01_ASEReadCounter.table","NW_015090842.1:9568987",28,28,0
"PIEZO1","s672_F_PIT_01_ASEReadCounter.table","NW_015090842.1:9569040",12,21,9
"PIEZO1","s672_F_PIT_01_ASEReadCounter.table","NW_015090842.1:9569180",14,25,11
"PIEZO1","s672_F_PIT_01_ASEReadCounter.table","NW_015090842.1:9569192",15,27,12
"PIEZO1","s672_F_PIT_01_ASEReadCounter.table","NW_015090842.1:9570088",10,27,17
"PIEZO1","s672_F_PIT_01_ASEReadCounter.table","NW_015090842.1:9570480",9,26,17
"PIEZO1","s672_F_PIT_01_ASEReadCounter.table","NW_015090842.1:9570639",11,28,17
"PIEZO1","s672_F_PIT_01_ASEReadCounter.table","NW_015090842.1:9571847",13,25,12
"PIEZO1","s672_F_PIT_01_ASEReadCounter.table","NW_015090842.1:9572371",10,21,11
"PIEZO1","s672_F_PIT_01_ASEReadCounter.table","NW_015090842.1:9572638",7,14,7
"PIEZO1","s672_F_PIT_01_ASEReadCounter.table","NW_015090842.1:9573156",16,37,21
"PIEZO1","s672_F_PIT_01_ASEReadCounter.table","NW_015090842.1:9573280",18,45,27
"PIEZO1","s672_F_PIT_01_ASEReadCounter.table","NW_015090842.1:9573566",14,26,12
"PIEZO1","s672_F_PIT_01_ASEReadCounter.table","NW_015090842.1:9575341",8,22,14
"PIEZO1","s672_F_PIT_01_ASEReadCounter.table","NW_015090842.1:9575367",5,15,10
"PIEZO1","s672_F_PIT_01_ASEReadCounter.table","NW_015090842.1:9575645",8,17,9
"PIEZO1","s672_F_PIT_01_ASEReadCounter.table","NW_015090842.1:9575696",9,19,10
"PIEZO1","s672_F_PIT_01_ASEReadCounter.table","NW_015090842.1:9575897",5,18,13
"PIEZO1","s672_F_PIT_01_ASEReadCounter.table","NW_015090842.1:9576060",4,13,9
"PIEZO1","s672_F_PIT_01_ASEReadCounter.table","NW_015090842.1:9576087",4,9,5
"PIEZO1","s672_F_PIT_01_ASEReadCounter.table","NW_015090842.1:9576093",5,14,9
"PIEZO1","s672_F_PIT_01_ASEReadCounter.table","NW_015090842.1:9576120",5,18,13
"PIEZO1","s672_F_PIT_01_ASEReadCounter.table","NW_015090842.1:9576687",5,13,8
"PIEZO1","s672_F_PIT_01_ASEReadCounter.table","NW_015090842.1:9576710",14,14,0
"PIEZO1","s672_F_PIT_01_ASEReadCounter.table","NW_015090842.1:9576723",5,12,7
"PIEZO1","s672_F_PIT_01_ASEReadCounter.table","NW_015090842.1:9578268",9,17,8
"PIEZO1","s672_F_PIT_01_ASEReadCounter.table","NW_015090842.1:9578770",6,10,4
"PIEZO1","s672_F_PIT_01_ASEReadCounter.table","NW_015090842.1:9578806",5,10,5
"PIEZO1","s672_F_PIT_01_ASEReadCounter.table","NW_015090842.1:9579064",8,14,6
"PIEZO1","s672_F_PIT_01_ASEReadCounter.table","NW_015090842.1:9579065",8,14,6
"PIEZO1","s672_F_PIT_01_ASEReadCounter.table","NW_015090842.1:9579347",4,9,5
"PIEZO1","s672_F_PIT_01_ASEReadCounter.table","NW_015090842.1:9580765",4,11,7
"PIEZO1","s672_F_PIT_01_ASEReadCounter.table","NW_015090842.1:9580996",5,7,2
"PIEZO1","s672_F_PIT_01_ASEReadCounter.table","NW_015090842.1:9581101",2,12,10
"PIEZO1","s672_F_PIT_01_ASEReadCounter.table","NW_015090842.1:9581299",3,12,9
"PIEZO1","s672_F_PIT_01_ASEReadCounter.table","NW_015090842.1:9581875",7,11,4
"PIEZO1","s672_F_PIT_01_ASEReadCounter.table","NW_015090842.1:9582046",7,11,4
"PIEZO1","s672_F_PIT_01_ASEReadCounter.table","NW_015090842.1:9582961",1,4,3
"PIEZO1","s672_F_PIT_01_ASEReadCounter.table","NW_015090842.1:9583298",2,4,2
"PIEZO1","s672_F_PIT_01_ASEReadCounter.table","NW_015090842.1:9584337",2,8,6
"PIEZO1","s672_F_PIT_01_ASEReadCounter.table","NW_015090842.1:9584425",1,10,9
"PIEZO1","s672_F_PIT_01_ASEReadCounter.table","NW_015090842.1:9584435",1,10,9
"PIEZO1","s672_F_PIT_01_ASEReadCounter.table","NW_015090842.1:9584438",1,10,9
"PIEZO1","s672_F_PIT_01_ASEReadCounter.table","NW_015090842.1:9584441",1,10,9
"CDT1","s672_F_PIT_01_ASEReadCounter.table","NW_015090842.1:9596596",5,10,5
"CDT1","s672_F_PIT_01_ASEReadCounter.table","NW_015090842.1:9596766",7,11,4
"CDT1","s672_F_PIT_01_ASEReadCounter.table","NW_015090842.1:9597054",6,12,6
"CDT1","s672_F_PIT_01_ASEReadCounter.table","NW_015090842.1:9597074",6,11,5
"CDT1","s672_F_PIT_01_ASEReadCounter.table","NW_015090842.1:9597137",6,12,6
"CDT1","s672_F_PIT_01_ASEReadCounter.table","NW_015090842.1:9597756",10,17,7
"CDT1","s672_F_PIT_01_ASEReadCounter.table","NW_015090842.1:9597766",11,20,9
"CDT1","s672_F_PIT_01_ASEReadCounter.table","NW_015090842.1:9598496",11,24,13
"CDT1","s672_F_PIT_01_ASEReadCounter.table","NW_015090842.1:9598498",11,24,13
"CDT1","s672_F_PIT_01_ASEReadCounter.table","NW_015090842.1:9598816",8,20,12
"CDT1","s672_F_PIT_01_ASEReadCounter.table","NW_015090842.1:9598879",9,15,6
"CDT1","s672_F_PIT_01_ASEReadCounter.table","NW_015090842.1:9598912",10,16,6
"CDT1","s672_F_PIT_01_ASEReadCounter.table","NW_015090842.1:9598959",13,19,6
"CDT1","s672_F_PIT_01_ASEReadCounter.table","NW_015090842.1:9599807",10,24,14
"CDT1","s672_F_PIT_01_ASEReadCounter.table","NW_015090842.1:9599819",9,22,13
"CDT1","s672_F_PIT_01_ASEReadCounter.table","NW_015090842.1:9599845",10,23,13
"CDT1","s672_F_PIT_01_ASEReadCounter.table","NW_015090842.1:9600148",15,26,11
"CDT1","s672_F_PIT_01_ASEReadCounter.table","NW_015090842.1:9600151",15,27,12
"CDT1","s672_F_PIT_01_ASEReadCounter.table","NW_015090842.1:9600217",16,22,6
"CDT1","s672_F_PIT_01_ASEReadCounter.table","NW_015090842.1:9600226",17,24,7
"CDT1","s672_F_PIT_01_ASEReadCounter.table","NW_015090842.1:9600260",12,20,8
"CDT1","s672_F_PIT_01_ASEReadCounter.table","NW_015090842.1:9600268",10,18,8
"CDT1","s672_F_PIT_01_ASEReadCounter.table","NW_015090842.1:9600305",4,15,11
"CDT1","s672_F_PIT_01_ASEReadCounter.table","NW_015090842.1:9600397",12,21,9
"CDT1","s672_F_PIT_01_ASEReadCounter.table","NW_015090842.1:9600447",6,14,8
"CDT1","s672_F_PIT_01_ASEReadCounter.table","NW_015090842.1:9600450",6,13,7
"CDT1","s672_F_PIT_01_ASEReadCounter.table","NW_015090842.1:9600485",8,16,8
"CDT1","s672_F_PIT_01_ASEReadCounter.table","NW_015090842.1:9600579",7,17,10
"APRT","s672_F_PIT_01_ASEReadCounter.table","NW_015090842.1:9602308",22,72,50
"APRT","s672_F_PIT_01_ASEReadCounter.table","NW_015090842.1:9602440",41,151,110
"APRT","s672_F_PIT_01_ASEReadCounter.table","NW_015090842.1:9602449",45,151,106
"APRT","s672_F_PIT_01_ASEReadCounter.table","NW_015090842.1:9602451",46,155,109
"APRT","s672_F_PIT_01_ASEReadCounter.table","NW_015090842.1:9602455",44,155,111
"APRT","s672_F_PIT_01_ASEReadCounter.table","NW_015090842.1:9602462",46,155,109
"APRT","s672_F_PIT_01_ASEReadCounter.table","NW_015090842.1:9602507",45,147,102
"APRT","s672_F_PIT_01_ASEReadCounter.table","NW_015090842.1:9602514",44,150,106
"APRT","s672_F_PIT_01_ASEReadCounter.table","NW_015090842.1:9602530",40,135,95
"APRT","s672_F_PIT_01_ASEReadCounter.table","NW_015090842.1:9602582",38,129,91
"APRT","s672_F_PIT_01_ASEReadCounter.table","NW_015090842.1:9602583",39,128,89
"APRT","s672_F_PIT_01_ASEReadCounter.table","NW_015090842.1:9602650",51,152,101
"APRT","s672_F_PIT_01_ASEReadCounter.table","NW_015090842.1:9602655",48,142,94
"APRT","s672_F_PIT_01_ASEReadCounter.table","NW_015090842.1:9602712",42,153,111
"APRT","s672_F_PIT_01_ASEReadCounter.table","NW_015090842.1:9602764",50,168,118
"APRT","s672_F_PIT_01_ASEReadCounter.table","NW_015090842.1:9602821",53,175,122
"APRT","s672_F_PIT_01_ASEReadCounter.table","NW_015090842.1:9602867",50,149,99
"APRT","s672_F_PIT_01_ASEReadCounter.table","NW_015090842.1:9602883",52,155,103
"APRT","s672_F_PIT_01_ASEReadCounter.table","NW_015090842.1:9602886",57,158,101
"APRT","s672_F_PIT_01_ASEReadCounter.table","NW_015090842.1:9602948",67,179,112
"APRT","s672_F_PIT_01_ASEReadCounter.table","NW_015090842.1:9602958",70,178,108
"APRT","s672_F_PIT_01_ASEReadCounter.table","NW_015090842.1:9603020",68,191,123
"APRT","s672_F_PIT_01_ASEReadCounter.table","NW_015090842.1:9603025",66,188,122
"APRT","s672_F_PIT_01_ASEReadCounter.table","NW_015090842.1:9603154",49,151,102
"APRT","s672_F_PIT_01_ASEReadCounter.table","NW_015090842.1:9603166",65,181,116
"APRT","s672_F_PIT_01_ASEReadCounter.table","NW_015090842.1:9603326",47,161,114
"APRT","s672_F_PIT_01_ASEReadCounter.table","NW_015090842.1:9603419",55,139,84
"APRT","s672_F_PIT_01_ASEReadCounter.table","NW_015090842.1:9603420",58,141,83
"APRT","s672_F_PIT_01_ASEReadCounter.table","NW_015090842.1:9603464",36,116,80
"APRT","s672_F_PIT_01_ASEReadCounter.table","NW_015090842.1:9603528",44,156,112
"APRT","s672_F_PIT_01_ASEReadCounter.table","NW_015090842.1:9603607",38,134,96
"APRT","s672_F_PIT_01_ASEReadCounter.table","NW_015090842.1:9603622",38,119,81
"APRT","s672_F_PIT_01_ASEReadCounter.table","NW_015090842.1:9604361",43,141,98
"APRT","s672_F_PIT_01_ASEReadCounter.table","NW_015090842.1:9605317",33,101,68
"APRT","s672_F_PIT_01_ASEReadCounter.table","NW_015090842.1:9605336",38,114,76
"GALNS","s672_F_PIT_01_ASEReadCounter.table","NW_015090842.1:9612872",3,6,3
"GALNS","s672_F_PIT_01_ASEReadCounter.table","NW_015090842.1:9612873",3,6,3
"GALNS","s672_F_PIT_01_ASEReadCounter.table","NW_015090842.1:9612877",3,6,3
"GALNS","s672_F_PIT_01_ASEReadCounter.table","NW_015090842.1:9612942",15,30,15
"GALNS","s672_F_PIT_01_ASEReadCounter.table","NW_015090842.1:9612987",30,30,0
"GALNS","s672_F_PIT_01_ASEReadCounter.table","NW_015090842.1:9613064",17,30,13
"GALNS","s672_F_PIT_01_ASEReadCounter.table","NW_015090842.1:9613096",25,42,17
"GALNS","s672_F_PIT_01_ASEReadCounter.table","NW_015090842.1:9613123",22,37,15
"GALNS","s672_F_PIT_01_ASEReadCounter.table","NW_015090842.1:9613125",23,38,15
"GALNS","s672_F_PIT_01_ASEReadCounter.table","NW_015090842.1:9613193",24,34,10
"GALNS","s672_F_PIT_01_ASEReadCounter.table","NW_015090842.1:9613226",24,38,14
"GALNS","s672_F_PIT_01_ASEReadCounter.table","NW_015090842.1:9613249",28,46,18
"GALNS","s672_F_PIT_01_ASEReadCounter.table","NW_015090842.1:9613256",26,46,20
"GALNS","s672_F_PIT_01_ASEReadCounter.table","NW_015090842.1:9613317",23,45,22
"GALNS","s672_F_PIT_01_ASEReadCounter.table","NW_015090842.1:9613343",16,32,16
"GALNS","s672_F_PIT_01_ASEReadCounter.table","NW_015090842.1:9613344",16,31,15
"GALNS","s672_F_PIT_01_ASEReadCounter.table","NW_015090842.1:9613371",16,31,15
"GALNS","s672_F_PIT_01_ASEReadCounter.table","NW_015090842.1:9613378",14,28,14
"GALNS","s672_F_PIT_01_ASEReadCounter.table","NW_015090842.1:9613379",14,28,14
"GALNS","s672_F_PIT_01_ASEReadCounter.table","NW_015090842.1:9613516",17,50,33
"GALNS","s672_F_PIT_01_ASEReadCounter.table","NW_015090842.1:9613572",18,58,40
"GALNS","s672_F_PIT_01_ASEReadCounter.table","NW_015090842.1:9613597",15,54,39
"GALNS","s672_F_PIT_01_ASEReadCounter.table","NW_015090842.1:9613627",13,42,29
"GALNS","s672_F_PIT_01_ASEReadCounter.table","NW_015090842.1:9613640",16,45,29
"GALNS","s672_F_PIT_01_ASEReadCounter.table","NW_015090842.1:9614025",16,49,33
"GALNS","s672_F_PIT_01_ASEReadCounter.table","NW_015090842.1:9614169",22,45,23
"GALNS","s672_F_PIT_01_ASEReadCounter.table","NW_015090842.1:9614232",56,56,0
"GALNS","s672_F_PIT_01_ASEReadCounter.table","NW_015090842.1:9614667",26,33,7
"GALNS","s672_F_PIT_01_ASEReadCounter.table","NW_015090842.1:9614709",14,26,12
"GALNS","s672_F_PIT_01_ASEReadCounter.table","NW_015090842.1:9614880",23,49,26
"GALNS","s672_F_PIT_01_ASEReadCounter.table","NW_015090842.1:9614902",20,46,26
"GALNS","s672_F_PIT_01_ASEReadCounter.table","NW_015090842.1:9614960",13,37,24
"GALNS","s672_F_PIT_01_ASEReadCounter.table","NW_015090842.1:9615114",23,48,25
"GALNS","s672_F_PIT_01_ASEReadCounter.table","NW_015090842.1:9615199",21,45,24
"GALNS","s672_F_PIT_01_ASEReadCounter.table","NW_015090842.1:9615217",17,38,21
"GALNS","s672_F_PIT_01_ASEReadCounter.table","NW_015090842.1:9615277",13,29,16
"GALNS","s672_F_PIT_01_ASEReadCounter.table","NW_015090842.1:9615377",27,54,27
"GALNS","s672_F_PIT_01_ASEReadCounter.table","NW_015090842.1:9647858",13,32,19
"GALNS","s672_F_PIT_01_ASEReadCounter.table","NW_015090842.1:9649186",18,34,16
"GALNS","s672_F_PIT_01_ASEReadCounter.table","NW_015090842.1:9649237",18,35,17
"GALNS","s672_F_PIT_01_ASEReadCounter.table","NW_015090842.1:9661193",5,14,9
"TRAPPC2L","s672_F_PIT_01_ASEReadCounter.table","NW_015090842.1:9662951",70,145,75
"TRAPPC2L","s672_F_PIT_01_ASEReadCounter.table","NW_015090842.1:9663014",83,173,90
"TRAPPC2L","s672_F_PIT_01_ASEReadCounter.table","NW_015090842.1:9664305",137,138,1
"TRAPPC2L","s672_F_PIT_01_ASEReadCounter.table","NW_015090842.1:9665155",69,117,48
"TRAPPC2L","s672_F_PIT_01_ASEReadCounter.table","NW_015090842.1:9665211",22,44,22
"PABPN1L","s672_F_PIT_01_ASEReadCounter.table","NW_015090842.1:9669959",2,2,0
"CBFA2T3","s672_F_PIT_01_ASEReadCounter.table","NW_015090842.1:9709469",0,3,3
"CBFA2T3","s672_F_PIT_01_ASEReadCounter.table","NW_015090842.1:9709475",0,3,3
"CBFA2T3","s672_F_PIT_01_ASEReadCounter.table","NW_015090842.1:9711845",0,3,3
"CBFA2T3","s672_F_PIT_01_ASEReadCounter.table","NW_015090842.1:9712157",0,4,4
"CBFA2T3","s672_F_PIT_01_ASEReadCounter.table","NW_015090842.1:9712160",0,4,4
"CBFA2T3","s672_F_PIT_01_ASEReadCounter.table","NW_015090842.1:9712166",0,4,4
"CBFA2T3","s672_F_PIT_01_ASEReadCounter.table","NW_015090842.1:9712536",2,6,4
"CBFA2T3","s672_F_PIT_01_ASEReadCounter.table","NW_015090842.1:9712673",5,8,3
"CBFA2T3","s672_F_PIT_01_ASEReadCounter.table","NW_015090842.1:9712787",5,12,7
"CBFA2T3","s672_F_PIT_01_ASEReadCounter.table","NW_015090842.1:9712791",6,12,6
"CBFA2T3","s672_F_PIT_01_ASEReadCounter.table","NW_015090842.1:9712805",5,10,5
"CBFA2T3","s672_F_PIT_01_ASEReadCounter.table","NW_015090842.1:9712811",5,14,9
"CBFA2T3","s672_F_PIT_01_ASEReadCounter.table","NW_015090842.1:9712848",6,21,15
"CBFA2T3","s672_F_PIT_01_ASEReadCounter.table","NW_015090842.1:9713088",2,9,7
"CBFA2T3","s672_F_PIT_01_ASEReadCounter.table","NW_015090842.1:9713121",2,7,5
"CBFA2T3","s672_F_PIT_01_ASEReadCounter.table","NW_015090842.1:9717058",9,14,5
"CBFA2T3","s672_F_PIT_01_ASEReadCounter.table","NW_015090842.1:9717093",7,11,4
"CBFA2T3","s672_F_PIT_01_ASEReadCounter.table","NW_015090842.1:9717114",5,8,3
"CBFA2T3","s672_F_PIT_01_ASEReadCounter.table","NW_015090842.1:9717139",6,9,3
"CBFA2T3","s672_F_PIT_01_ASEReadCounter.table","NW_015090842.1:9719788",7,10,3
"CBFA2T3","s672_F_PIT_01_ASEReadCounter.table","NW_015090842.1:9728475",2,4,2
"CBFA2T3","s672_F_PIT_01_ASEReadCounter.table","NW_015090842.1:9728522",0,1,1
"CBFA2T3","s672_F_PIT_01_ASEReadCounter.table","NW_015090842.1:9728525",0,1,1
"CBFA2T3","s672_F_PIT_01_ASEReadCounter.table","NW_015090842.1:9728588",0,1,1
"CBFA2T3","s672_F_PIT_01_ASEReadCounter.table","NW_015090842.1:9728654",1,1,0
"ACSF3","s672_F_PIT_01_ASEReadCounter.table","NW_015090842.1:9773379",0,1,1
"ACSF3","s672_F_PIT_01_ASEReadCounter.table","NW_015090842.1:9773388",0,4,4
"ACSF3","s672_F_PIT_01_ASEReadCounter.table","NW_015090842.1:9776753",15,31,16
"ACSF3","s672_F_PIT_01_ASEReadCounter.table","NW_015090842.1:9776783",18,32,14
"ACSF3","s672_F_PIT_01_ASEReadCounter.table","NW_015090842.1:9776879",21,32,11
"ACSF3","s672_F_PIT_01_ASEReadCounter.table","NW_015090842.1:9776965",18,34,16
"ACSF3","s672_F_PIT_01_ASEReadCounter.table","NW_015090842.1:9777091",12,24,12
"ACSF3","s672_F_PIT_01_ASEReadCounter.table","NW_015090842.1:9777206",22,40,18
"ACSF3","s672_F_PIT_01_ASEReadCounter.table","NW_015090842.1:9777283",28,41,13
"ACSF3","s672_F_PIT_01_ASEReadCounter.table","NW_015090842.1:9778955",21,39,18
"ACSF3","s672_F_PIT_01_ASEReadCounter.table","NW_015090842.1:9778997",28,54,26
"ACSF3","s672_F_PIT_01_ASEReadCounter.table","NW_015090842.1:9789311",15,41,26
"ACSF3","s672_F_PIT_01_ASEReadCounter.table","NW_015090842.1:9789906",1,34,33
"ACSF3","s672_F_PIT_01_ASEReadCounter.table","NW_015090842.1:9834743",35,86,51
"ACSF3","s672_F_PIT_01_ASEReadCounter.table","NW_015090842.1:9834852",39,85,46
"ACSF3","s672_F_PIT_01_ASEReadCounter.table","NW_015090842.1:9834861",33,73,40
"ACSF3","s672_F_PIT_01_ASEReadCounter.table","NW_015090842.1:9839359",19,65,46
"ACSF3","s672_F_PIT_01_ASEReadCounter.table","NW_015090842.1:9839378",15,53,38
"ACSF3","s672_F_PIT_01_ASEReadCounter.table","NW_015090842.1:9839455",28,65,37
"ACSF3","s672_F_PIT_01_ASEReadCounter.table","NW_015090842.1:9839457",28,64,36
"ACSF3","s672_F_PIT_01_ASEReadCounter.table","NW_015090842.1:9839489",23,51,28
"ACSF3","s672_F_PIT_01_ASEReadCounter.table","NW_015090842.1:9839500",22,49,27
"ACSF3","s672_F_PIT_01_ASEReadCounter.table","NW_015090842.1:9839501",22,49,27
"ACSF3","s672_F_PIT_01_ASEReadCounter.table","NW_015090842.1:9839504",23,49,26
"ACSF3","s672_F_PIT_01_ASEReadCounter.table","NW_015090842.1:9839512",18,39,21
"ACSF3","s672_F_PIT_01_ASEReadCounter.table","NW_015090842.1:9839527",13,27,14
"ACSF3","s672_F_PIT_01_ASEReadCounter.table","NW_015090842.1:9839533",8,20,12
"ACSF3","s672_F_PIT_01_ASEReadCounter.table","NW_015090842.1:9839535",8,19,11
"ACSF3","s672_F_PIT_01_ASEReadCounter.table","NW_015090842.1:9839545",5,16,11
"ACSF3","s672_F_PIT_01_ASEReadCounter.table","NW_015090842.1:9839550",6,14,8
"ACSF3","s672_F_PIT_01_ASEReadCounter.table","NW_015090842.1:9839551",6,12,6
"SLC22A31","s672_F_PIT_01_ASEReadCounter.table","NW_015090842.1:9851117",2,6,4
"SLC22A31","s672_F_PIT_01_ASEReadCounter.table","NW_015090842.1:9851130",2,6,4
"SLC22A31","s672_F_PIT_01_ASEReadCounter.table","NW_015090842.1:9851139",2,6,4
"SLC22A31","s672_F_PIT_01_ASEReadCounter.table","NW_015090842.1:9851265",8,18,10
"SLC22A31","s672_F_PIT_01_ASEReadCounter.table","NW_015090842.1:9851302",8,19,11
"SLC22A31","s672_F_PIT_01_ASEReadCounter.table","NW_015090842.1:9851303",8,18,10
"SLC22A31","s672_F_PIT_01_ASEReadCounter.table","NW_015090842.1:9851305",8,20,12
"SLC22A31","s672_F_PIT_01_ASEReadCounter.table","NW_015090842.1:9851343",8,16,8
"SLC22A31","s672_F_PIT_01_ASEReadCounter.table","NW_015090842.1:9851344",8,16,8
"SLC22A31","s672_F_PIT_01_ASEReadCounter.table","NW_015090842.1:9851361",12,12,0
"SLC22A31","s672_F_PIT_01_ASEReadCounter.table","NW_015090842.1:9851381",10,17,7
"SLC22A31","s672_F_PIT_01_ASEReadCounter.table","NW_015090842.1:9851421",8,20,12
"SLC22A31","s672_F_PIT_01_ASEReadCounter.table","NW_015090842.1:9851501",3,10,7
"SLC22A31","s672_F_PIT_01_ASEReadCounter.table","NW_015090842.1:9851526",6,14,8
"SLC22A31","s672_F_PIT_01_ASEReadCounter.table","NW_015090842.1:9851589",9,18,9
"SLC22A31","s672_F_PIT_01_ASEReadCounter.table","NW_015090842.1:9851712",11,27,16
"SLC22A31","s672_F_PIT_01_ASEReadCounter.table","NW_015090842.1:9851899",7,18,11
"SLC22A31","s672_F_PIT_01_ASEReadCounter.table","NW_015090842.1:9852139",8,16,8
"SLC22A31","s672_F_PIT_01_ASEReadCounter.table","NW_015090842.1:9852380",18,26,8
"SLC22A31","s672_F_PIT_01_ASEReadCounter.table","NW_015090842.1:9852431",14,22,8
"SLC22A31","s672_F_PIT_01_ASEReadCounter.table","NW_015090842.1:9852630",5,18,13
"SLC22A31","s672_F_PIT_01_ASEReadCounter.table","NW_015090842.1:9852711",4,14,10
"SLC22A31","s672_F_PIT_01_ASEReadCounter.table","NW_015090842.1:9853099",4,7,3
"SLC22A31","s672_F_PIT_01_ASEReadCounter.table","NW_015090842.1:9853102",4,7,3
"SLC22A31","s672_F_PIT_01_ASEReadCounter.table","NW_015090842.1:9853421",3,3,0
"SLC22A31","s672_F_PIT_01_ASEReadCounter.table","NW_015090842.1:9853457",2,3,1
"SLC22A31","s672_F_PIT_01_ASEReadCounter.table","NW_015090842.1:9853502",0,2,2
"ANKRD11","s672_F_PIT_01_ASEReadCounter.table","NW_015090842.1:9858863",0,4,4
"ANKRD11","s672_F_PIT_01_ASEReadCounter.table","NW_015090842.1:9859101",44,102,58
"ANKRD11","s672_F_PIT_01_ASEReadCounter.table","NW_015090842.1:9859352",59,166,107
"ANKRD11","s672_F_PIT_01_ASEReadCounter.table","NW_015090842.1:9859381",9,90,81
"ANKRD11","s672_F_PIT_01_ASEReadCounter.table","NW_015090842.1:9859679",76,158,82
"ANKRD11","s672_F_PIT_01_ASEReadCounter.table","NW_015090842.1:9861097",76,148,72
"ANKRD11","s672_F_PIT_01_ASEReadCounter.table","NW_015090842.1:9862571",60,104,44
"ANKRD11","s672_F_PIT_01_ASEReadCounter.table","NW_015090842.1:9862652",36,63,27
"ANKRD11","s672_F_PIT_01_ASEReadCounter.table","NW_015090842.1:9866071",0,65,65
"ANKRD11","s672_F_PIT_01_ASEReadCounter.table","NW_015090842.1:9866200",0,69,69
"ANKRD11","s672_F_PIT_01_ASEReadCounter.table","NW_015090842.1:9867391",30,54,24
"ANKRD11","s672_F_PIT_01_ASEReadCounter.table","NW_015090842.1:9867472",38,74,36
"ANKRD11","s672_F_PIT_01_ASEReadCounter.table","NW_015090842.1:9867559",49,96,47
"ANKRD11","s672_F_PIT_01_ASEReadCounter.table","NW_015090842.1:9867667",41,80,39
"ANKRD11","s672_F_PIT_01_ASEReadCounter.table","NW_015090842.1:9867934",42,89,47
"ANKRD11","s672_F_PIT_01_ASEReadCounter.table","NW_015090842.1:9868064",57,95,38
"ANKRD11","s672_F_PIT_01_ASEReadCounter.table","NW_015090842.1:9868093",53,91,38
"ANKRD11","s672_F_PIT_01_ASEReadCounter.table","NW_015090842.1:9868222",53,98,45
"ANKRD11","s672_F_PIT_01_ASEReadCounter.table","NW_015090842.1:9868327",47,96,49
"ANKRD11","s672_F_PIT_01_ASEReadCounter.table","NW_015090842.1:9868414",57,104,47
"ANKRD11","s672_F_PIT_01_ASEReadCounter.table","NW_015090842.1:9868441",55,93,38
"ANKRD11","s672_F_PIT_01_ASEReadCounter.table","NW_015090842.1:9868444",54,95,41
"ANKRD11","s672_F_PIT_01_ASEReadCounter.table","NW_015090842.1:9868519",62,117,55
"ANKRD11","s672_F_PIT_01_ASEReadCounter.table","NW_015090842.1:9868609",63,134,71
"ANKRD11","s672_F_PIT_01_ASEReadCounter.table","NW_015090842.1:9868666",56,118,62
"ANKRD11","s672_F_PIT_01_ASEReadCounter.table","NW_015090842.1:9868738",147,147,0
"ANKRD11","s672_F_PIT_01_ASEReadCounter.table","NW_015090842.1:9869431",46,98,52
"ANKRD11","s672_F_PIT_01_ASEReadCounter.table","NW_015090842.1:9869578",76,158,82
"ANKRD11","s672_F_PIT_01_ASEReadCounter.table","NW_015090842.1:9869734",68,144,76
"ANKRD11","s672_F_PIT_01_ASEReadCounter.table","NW_015090842.1:9870070",42,105,63
"ANKRD11","s672_F_PIT_01_ASEReadCounter.table","NW_015090842.1:9870349",52,92,40
"ANKRD11","s672_F_PIT_01_ASEReadCounter.table","NW_015090842.1:9870604",65,114,49
"ANKRD11","s672_F_PIT_01_ASEReadCounter.table","NW_015090842.1:9870613",65,122,57
"ANKRD11","s672_F_PIT_01_ASEReadCounter.table","NW_015090842.1:9870685",86,157,71
"ANKRD11","s672_F_PIT_01_ASEReadCounter.table","NW_015090842.1:9870760",64,127,63
"ANKRD11","s672_F_PIT_01_ASEReadCounter.table","NW_015090842.1:9870847",58,117,59
"ANKRD11","s672_F_PIT_01_ASEReadCounter.table","NW_015090842.1:9871103",45,92,47
"ANKRD11","s672_F_PIT_01_ASEReadCounter.table","NW_015090842.1:9871165",60,116,56
"ANKRD11","s672_F_PIT_01_ASEReadCounter.table","NW_015090842.1:9871508",72,72,0
"ANKRD11","s672_F_PIT_01_ASEReadCounter.table","NW_015090842.1:9871820",29,57,28
"ANKRD11","s672_F_PIT_01_ASEReadCounter.table","NW_015090842.1:9872118",27,68,41
"ANKRD11","s672_F_PIT_01_ASEReadCounter.table","NW_015090842.1:9877406",28,54,26
"SPG7","s672_F_PIT_01_ASEReadCounter.table","NW_015090842.1:10051190",98,214,116
"SPG7","s672_F_PIT_01_ASEReadCounter.table","NW_015090842.1:10051218",101,238,137
"SPG7","s672_F_PIT_01_ASEReadCounter.table","NW_015090842.1:10052348",102,221,119
"SPG7","s672_F_PIT_01_ASEReadCounter.table","NW_015090842.1:10052366",97,210,113
"SPG7","s672_F_PIT_01_ASEReadCounter.table","NW_015090842.1:10065173",93,213,120
"SPG7","s672_F_PIT_01_ASEReadCounter.table","NW_015090842.1:10065215",84,192,108
"SPG7","s672_F_PIT_01_ASEReadCounter.table","NW_015090842.1:10066365",71,161,90
"SPG7","s672_F_PIT_01_ASEReadCounter.table","NW_015090842.1:10069752",96,197,101
"SPG7","s672_F_PIT_01_ASEReadCounter.table","NW_015090842.1:10069800",111,240,129
"SPG7","s672_F_PIT_01_ASEReadCounter.table","NW_015090842.1:10071192",115,245,130
"SPG7","s672_F_PIT_01_ASEReadCounter.table","NW_015090842.1:10071219",100,212,112
"SPG7","s672_F_PIT_01_ASEReadCounter.table","NW_015090842.1:10071967",89,187,98
"SPG7","s672_F_PIT_01_ASEReadCounter.table","NW_015090842.1:10075109",129,284,155
"SPG7","s672_F_PIT_01_ASEReadCounter.table","NW_015090842.1:10075114",132,279,147
"SPG7","s672_F_PIT_01_ASEReadCounter.table","NW_015090842.1:10075198",110,239,129
"SPG7","s672_F_PIT_01_ASEReadCounter.table","NW_015090842.1:10075487",87,171,84
"SPG7","s672_F_PIT_01_ASEReadCounter.table","NW_015090842.1:10075488",87,173,86
"SPG7","s672_F_PIT_01_ASEReadCounter.table","NW_015090842.1:10075548",68,125,57
"RPL13","s672_F_PIT_01_ASEReadCounter.table","NW_015090842.1:10077387",672,1460,788
"RPL13","s672_F_PIT_01_ASEReadCounter.table","NW_015090842.1:10077978",975,2174,1199
"RPL13","s672_F_PIT_01_ASEReadCounter.table","NW_015090842.1:10077992",926,2064,1138
"CPNE7","s672_F_PIT_01_ASEReadCounter.table","NW_015090842.1:10084856",1,1,0
"CPNE7","s672_F_PIT_01_ASEReadCounter.table","NW_015090842.1:10084872",1,1,0
"CPNE7","s672_F_PIT_01_ASEReadCounter.table","NW_015090842.1:10084892",1,1,0
"CPNE7","s672_F_PIT_01_ASEReadCounter.table","NW_015090842.1:10085000",2,2,0
"CPNE7","s672_F_PIT_01_ASEReadCounter.table","NW_015090842.1:10085126",2,2,0
"CPNE7","s672_F_PIT_01_ASEReadCounter.table","NW_015090842.1:10085167",3,3,0
"CPNE7","s672_F_PIT_01_ASEReadCounter.table","NW_015090842.1:10085180",3,3,0
"CPNE7","s672_F_PIT_01_ASEReadCounter.table","NW_015090842.1:10085201",2,2,0
"CPNE7","s672_F_PIT_01_ASEReadCounter.table","NW_015090842.1:10088134",4,4,0
"CPNE7","s672_F_PIT_01_ASEReadCounter.table","NW_015090842.1:10088146",3,3,0
"CPNE7","s672_F_PIT_01_ASEReadCounter.table","NW_015090842.1:10088806",1,1,0
"CPNE7","s672_F_PIT_01_ASEReadCounter.table","NW_015090842.1:10088940",2,2,0
"CPNE7","s672_F_PIT_01_ASEReadCounter.table","NW_015090842.1:10088965",2,2,0
"CPNE7","s672_F_PIT_01_ASEReadCounter.table","NW_015090842.1:10088967",2,2,0
"CPNE7","s672_F_PIT_01_ASEReadCounter.table","NW_015090842.1:10088973",2,2,0
"CPNE7","s672_F_PIT_01_ASEReadCounter.table","NW_015090842.1:10090924",8,8,0
"CPNE7","s672_F_PIT_01_ASEReadCounter.table","NW_015090842.1:10090930",9,9,0
"CPNE7","s672_F_PIT_01_ASEReadCounter.table","NW_015090842.1:10091075",5,5,0
"CPNE7","s672_F_PIT_01_ASEReadCounter.table","NW_015090842.1:10091389",3,3,0
"CPNE7","s672_F_PIT_01_ASEReadCounter.table","NW_015090842.1:10091407",6,6,0
"CPNE7","s672_F_PIT_01_ASEReadCounter.table","NW_015090842.1:10091488",5,5,0
"CPNE7","s672_F_PIT_01_ASEReadCounter.table","NW_015090842.1:10091491",5,5,0
"CPNE7","s672_F_PIT_01_ASEReadCounter.table","NW_015090842.1:10091530",5,5,0
"CPNE7","s672_F_PIT_01_ASEReadCounter.table","NW_015090842.1:10091875",7,7,0
"CPNE7","s672_F_PIT_01_ASEReadCounter.table","NW_015090842.1:10091983",2,2,0
"CPNE7","s672_F_PIT_01_ASEReadCounter.table","NW_015090842.1:10091997",3,3,0
"CPNE7","s672_F_PIT_01_ASEReadCounter.table","NW_015090842.1:10092038",1,1,0
"CPNE7","s672_F_PIT_01_ASEReadCounter.table","NW_015090842.1:10092140",2,2,0
"CPNE7","s672_F_PIT_01_ASEReadCounter.table","NW_015090842.1:10092201",1,1,0
"CPNE7","s672_F_PIT_01_ASEReadCounter.table","NW_015090842.1:10092230",1,1,0
"CPNE7","s672_F_PIT_01_ASEReadCounter.table","NW_015090842.1:10092246",1,1,0
"LOC106888185","s672_F_PIT_01_ASEReadCounter.table","NW_015090842.1:10094965",3,6,3
"LOC106888185","s672_F_PIT_01_ASEReadCounter.table","NW_015090842.1:10094966",4,7,3
"LOC106888185","s672_F_PIT_01_ASEReadCounter.table","NW_015090842.1:10094985",4,8,4
"LOC106888185","s672_F_PIT_01_ASEReadCounter.table","NW_015090842.1:10095055",0,11,11
"LOC106888185","s672_F_PIT_01_ASEReadCounter.table","NW_015090842.1:10095062",0,10,10
"LOC106888185","s672_F_PIT_01_ASEReadCounter.table","NW_015090842.1:10095130",0,8,8
"LOC106888185","s672_F_PIT_01_ASEReadCounter.table","NW_015090842.1:10095265",19,44,25
"LOC106888185","s672_F_PIT_01_ASEReadCounter.table","NW_015090842.1:10095586",30,63,33
"LOC106888185","s672_F_PIT_01_ASEReadCounter.table","NW_015090842.1:10095593",29,65,36
"LOC106888185","s672_F_PIT_01_ASEReadCounter.table","NW_015090842.1:10095616",31,66,35
"LOC106888185","s672_F_PIT_01_ASEReadCounter.table","NW_015090842.1:10095662",26,63,37
"LOC106888185","s672_F_PIT_01_ASEReadCounter.table","NW_015090842.1:10095674",24,56,32
"LOC106888185","s672_F_PIT_01_ASEReadCounter.table","NW_015090842.1:10095786",16,42,26
"LOC106888185","s672_F_PIT_01_ASEReadCounter.table","NW_015090842.1:10095831",23,46,23
"LOC106888185","s672_F_PIT_01_ASEReadCounter.table","NW_015090842.1:10096230",23,52,29
"LOC106888185","s672_F_PIT_01_ASEReadCounter.table","NW_015090842.1:10096249",22,57,35
"LOC106888185","s672_F_PIT_01_ASEReadCounter.table","NW_015090842.1:10096272",28,73,45
"LOC106888185","s672_F_PIT_01_ASEReadCounter.table","NW_015090842.1:10096288",25,69,44
"LOC106888185","s672_F_PIT_01_ASEReadCounter.table","NW_015090842.1:10097248",28,70,42
"LOC106888185","s672_F_PIT_01_ASEReadCounter.table","NW_015090842.1:10097265",29,78,49
"LOC106888185","s672_F_PIT_01_ASEReadCounter.table","NW_015090842.1:10097446",3,7,4
"DPEP1","s672_F_PIT_01_ASEReadCounter.table","NW_015090842.1:10098017",0,3,3
"DPEP1","s672_F_PIT_01_ASEReadCounter.table","NW_015090842.1:10098518",0,5,5
"DPEP1","s672_F_PIT_01_ASEReadCounter.table","NW_015090842.1:10098595",0,6,6
"DPEP1","s672_F_PIT_01_ASEReadCounter.table","NW_015090842.1:10098597",0,8,8
"DPEP1","s672_F_PIT_01_ASEReadCounter.table","NW_015090842.1:10098601",0,7,7
"DPEP1","s672_F_PIT_01_ASEReadCounter.table","NW_015090842.1:10098608",0,8,8
"DPEP1","s672_F_PIT_01_ASEReadCounter.table","NW_015090842.1:10098630",0,4,4
"DPEP1","s672_F_PIT_01_ASEReadCounter.table","NW_015090842.1:10098659",0,5,5
"DPEP1","s672_F_PIT_01_ASEReadCounter.table","NW_015090842.1:10099765",0,7,7
"DPEP1","s672_F_PIT_01_ASEReadCounter.table","NW_015090842.1:10099985",0,4,4
"DPEP1","s672_F_PIT_01_ASEReadCounter.table","NW_015090842.1:10099986",0,4,4
"DPEP1","s672_F_PIT_01_ASEReadCounter.table","NW_015090842.1:10099991",0,4,4
"DPEP1","s672_F_PIT_01_ASEReadCounter.table","NW_015090842.1:10100044",0,6,6
"DPEP1","s672_F_PIT_01_ASEReadCounter.table","NW_015090842.1:10100045",0,6,6
"DPEP1","s672_F_PIT_01_ASEReadCounter.table","NW_015090842.1:10100084",0,10,10
"DPEP1","s672_F_PIT_01_ASEReadCounter.table","NW_015090842.1:10100295",1,5,4
"DPEP1","s672_F_PIT_01_ASEReadCounter.table","NW_015090842.1:10100529",2,11,9
"DPEP1","s672_F_PIT_01_ASEReadCounter.table","NW_015090842.1:10100893",0,12,12
"DPEP1","s672_F_PIT_01_ASEReadCounter.table","NW_015090842.1:10100902",0,12,12
"DPEP1","s672_F_PIT_01_ASEReadCounter.table","NW_015090842.1:10101072",0,12,12
"DPEP1","s672_F_PIT_01_ASEReadCounter.table","NW_015090842.1:10101199",0,11,11
"DPEP1","s672_F_PIT_01_ASEReadCounter.table","NW_015090842.1:10101483",0,10,10
"DPEP1","s672_F_PIT_01_ASEReadCounter.table","NW_015090842.1:10101497",0,10,10
"DPEP1","s672_F_PIT_01_ASEReadCounter.table","NW_015090842.1:10101525",0,8,8
"DPEP1","s672_F_PIT_01_ASEReadCounter.table","NW_015090842.1:10101875",1,6,5
"DPEP1","s672_F_PIT_01_ASEReadCounter.table","NW_015090842.1:10101913",0,6,6
"DPEP1","s672_F_PIT_01_ASEReadCounter.table","NW_015090842.1:10101996",1,8,7
"DPEP1","s672_F_PIT_01_ASEReadCounter.table","NW_015090842.1:10102014",1,8,7
"DPEP1","s672_F_PIT_01_ASEReadCounter.table","NW_015090842.1:10102035",1,8,7
"CHMP1A","s672_F_PIT_01_ASEReadCounter.table","NW_015090842.1:10102901",62,177,115
"CHMP1A","s672_F_PIT_01_ASEReadCounter.table","NW_015090842.1:10102961",51,178,127
"CHMP1A","s672_F_PIT_01_ASEReadCounter.table","NW_015090842.1:10102996",30,154,124
"CHMP1A","s672_F_PIT_01_ASEReadCounter.table","NW_015090842.1:10103004",35,164,129
"CHMP1A","s672_F_PIT_01_ASEReadCounter.table","NW_015090842.1:10103006",35,167,132
"CHMP1A","s672_F_PIT_01_ASEReadCounter.table","NW_015090842.1:10103052",70,219,149
"CHMP1A","s672_F_PIT_01_ASEReadCounter.table","NW_015090842.1:10103095",89,221,132
"CHMP1A","s672_F_PIT_01_ASEReadCounter.table","NW_015090842.1:10103096",90,223,133
"CHMP1A","s672_F_PIT_01_ASEReadCounter.table","NW_015090842.1:10103152",68,149,81
"CHMP1A","s672_F_PIT_01_ASEReadCounter.table","NW_015090842.1:10103173",75,164,89
"CHMP1A","s672_F_PIT_01_ASEReadCounter.table","NW_015090842.1:10103334",49,125,76
"CHMP1A","s672_F_PIT_01_ASEReadCounter.table","NW_015090842.1:10103373",24,104,80
"CHMP1A","s672_F_PIT_01_ASEReadCounter.table","NW_015090842.1:10103408",48,142,94
"CHMP1A","s672_F_PIT_01_ASEReadCounter.table","NW_015090842.1:10103412",55,149,94
"CHMP1A","s672_F_PIT_01_ASEReadCounter.table","NW_015090842.1:10103512",94,200,106
"CHMP1A","s672_F_PIT_01_ASEReadCounter.table","NW_015090842.1:10103513",95,203,108
"CHMP1A","s672_F_PIT_01_ASEReadCounter.table","NW_015090842.1:10103583",64,164,100
"CHMP1A","s672_F_PIT_01_ASEReadCounter.table","NW_015090842.1:10103614",66,160,94
"CHMP1A","s672_F_PIT_01_ASEReadCounter.table","NW_015090842.1:10103657",73,158,85
"CHMP1A","s672_F_PIT_01_ASEReadCounter.table","NW_015090842.1:10103669",66,152,86
"CHMP1A","s672_F_PIT_01_ASEReadCounter.table","NW_015090842.1:10103674",63,142,79
"CHMP1A","s672_F_PIT_01_ASEReadCounter.table","NW_015090842.1:10103677",62,141,79
"CHMP1A","s672_F_PIT_01_ASEReadCounter.table","NW_015090842.1:10103729",73,161,88
"CHMP1A","s672_F_PIT_01_ASEReadCounter.table","NW_015090842.1:10103758",72,164,92
"CHMP1A","s672_F_PIT_01_ASEReadCounter.table","NW_015090842.1:10103761",72,167,95
"CHMP1A","s672_F_PIT_01_ASEReadCounter.table","NW_015090842.1:10103788",83,219,136
"CHMP1A","s672_F_PIT_01_ASEReadCounter.table","NW_015090842.1:10103789",82,215,133
"CHMP1A","s672_F_PIT_01_ASEReadCounter.table","NW_015090842.1:10103790",82,216,134
"CHMP1A","s672_F_PIT_01_ASEReadCounter.table","NW_015090842.1:10103950",101,210,109
"CHMP1A","s672_F_PIT_01_ASEReadCounter.table","NW_015090842.1:10104335",72,152,80
"CHMP1A","s672_F_PIT_01_ASEReadCounter.table","NW_015090842.1:10104429",105,207,102
"CHMP1A","s672_F_PIT_01_ASEReadCounter.table","NW_015090842.1:10104532",121,249,128
"CHMP1A","s672_F_PIT_01_ASEReadCounter.table","NW_015090842.1:10104633",89,189,100
"CHMP1A","s672_F_PIT_01_ASEReadCounter.table","NW_015090842.1:10104759",82,170,88
"CHMP1A","s672_F_PIT_01_ASEReadCounter.table","NW_015090842.1:10104794",95,197,102
"CHMP1A","s672_F_PIT_01_ASEReadCounter.table","NW_015090842.1:10104841",147,147,0
"CHMP1A","s672_F_PIT_01_ASEReadCounter.table","NW_015090842.1:10104844",68,148,80
"CHMP1A","s672_F_PIT_01_ASEReadCounter.table","NW_015090842.1:10106242",84,199,115
"CHMP1A","s672_F_PIT_01_ASEReadCounter.table","NW_015090842.1:10106290",89,186,97
"CHMP1A","s672_F_PIT_01_ASEReadCounter.table","NW_015090842.1:10106335",102,199,97
"CHMP1A","s672_F_PIT_01_ASEReadCounter.table","NW_015090842.1:10106383",125,248,123
"CHMP1A","s672_F_PIT_01_ASEReadCounter.table","NW_015090842.1:10106747",123,266,143
"CHMP1A","s672_F_PIT_01_ASEReadCounter.table","NW_015090842.1:10107404",112,251,139
"CHMP1A","s672_F_PIT_01_ASEReadCounter.table","NW_015090842.1:10107876",89,206,117
"CDK10","s672_F_PIT_01_ASEReadCounter.table","NW_015090842.1:10109030",11,12,1
"CDK10","s672_F_PIT_01_ASEReadCounter.table","NW_015090842.1:10109963",35,95,60
"CDK10","s672_F_PIT_01_ASEReadCounter.table","NW_015090842.1:10110887",37,84,47
"CDK10","s672_F_PIT_01_ASEReadCounter.table","NW_015090842.1:10111254",24,53,29
"CDK10","s672_F_PIT_01_ASEReadCounter.table","NW_015090842.1:10111380",23,58,35
"CDK10","s672_F_PIT_01_ASEReadCounter.table","NW_015090842.1:10111395",27,60,33
"CDK10","s672_F_PIT_01_ASEReadCounter.table","NW_015090842.1:10111437",20,51,31
"CDK10","s672_F_PIT_01_ASEReadCounter.table","NW_015090842.1:10111798",33,78,45
"CDK10","s672_F_PIT_01_ASEReadCounter.table","NW_015090842.1:10111840",34,81,47
"CDK10","s672_F_PIT_01_ASEReadCounter.table","NW_015090842.1:10112031",31,82,51
"CDK10","s672_F_PIT_01_ASEReadCounter.table","NW_015090842.1:10112285",31,94,63
"CDK10","s672_F_PIT_01_ASEReadCounter.table","NW_015090842.1:10112398",44,100,56
"CDK10","s672_F_PIT_01_ASEReadCounter.table","NW_015090842.1:10112455",34,77,43
"CDK10","s672_F_PIT_01_ASEReadCounter.table","NW_015090842.1:10112461",33,73,40
"CDK10","s672_F_PIT_01_ASEReadCounter.table","NW_015090842.1:10112497",27,63,36
"CDK10","s672_F_PIT_01_ASEReadCounter.table","NW_015090842.1:10112508",24,60,36
"CDK10","s672_F_PIT_01_ASEReadCounter.table","NW_015090842.1:10112518",19,55,36
"CDK10","s672_F_PIT_01_ASEReadCounter.table","NW_015090842.1:10112540",9,44,35
"CDK10","s672_F_PIT_01_ASEReadCounter.table","NW_015090842.1:10112556",20,54,34
"CDK10","s672_F_PIT_01_ASEReadCounter.table","NW_015090842.1:10112561",21,60,39
"CDK10","s672_F_PIT_01_ASEReadCounter.table","NW_015090842.1:10112596",27,62,35
"CDK10","s672_F_PIT_01_ASEReadCounter.table","NW_015090842.1:10112630",23,50,27
"CDK10","s672_F_PIT_01_ASEReadCounter.table","NW_015090842.1:10112656",26,58,32
"CDK10","s672_F_PIT_01_ASEReadCounter.table","NW_015090842.1:10112665",23,46,23
"CDK10","s672_F_PIT_01_ASEReadCounter.table","NW_015090842.1:10112668",23,45,22
"CDK10","s672_F_PIT_01_ASEReadCounter.table","NW_015090842.1:10112781",9,25,16
"CDK10","s672_F_PIT_01_ASEReadCounter.table","NW_015090842.1:10112782",9,25,16
"CDK10","s672_F_PIT_01_ASEReadCounter.table","NW_015090842.1:10112795",8,23,15
"CDK10","s672_F_PIT_01_ASEReadCounter.table","NW_015090842.1:10112841",3,7,4
"CDK10","s672_F_PIT_01_ASEReadCounter.table","NW_015090842.1:10112861",2,5,3
"SPATA2L","s672_F_PIT_01_ASEReadCounter.table","NW_015090842.1:10113212",9,21,12
"SPATA2L","s672_F_PIT_01_ASEReadCounter.table","NW_015090842.1:10113280",13,38,25
"SPATA2L","s672_F_PIT_01_ASEReadCounter.table","NW_015090842.1:10113296",14,42,28
"SPATA2L","s672_F_PIT_01_ASEReadCounter.table","NW_015090842.1:10113321",15,48,33
"SPATA2L","s672_F_PIT_01_ASEReadCounter.table","NW_015090842.1:10113332",15,52,37
"SPATA2L","s672_F_PIT_01_ASEReadCounter.table","NW_015090842.1:10113380",17,55,38
"SPATA2L","s672_F_PIT_01_ASEReadCounter.table","NW_015090842.1:10113381",17,55,38
"SPATA2L","s672_F_PIT_01_ASEReadCounter.table","NW_015090842.1:10113412",19,58,39
"SPATA2L","s672_F_PIT_01_ASEReadCounter.table","NW_015090842.1:10113421",22,55,33
"SPATA2L","s672_F_PIT_01_ASEReadCounter.table","NW_015090842.1:10113465",23,52,29
"SPATA2L","s672_F_PIT_01_ASEReadCounter.table","NW_015090842.1:10113535",38,68,30
"SPATA2L","s672_F_PIT_01_ASEReadCounter.table","NW_015090842.1:10113645",28,70,42
"SPATA2L","s672_F_PIT_01_ASEReadCounter.table","NW_015090842.1:10113682",30,70,40
"SPATA2L","s672_F_PIT_01_ASEReadCounter.table","NW_015090842.1:10113696",25,64,39
"SPATA2L","s672_F_PIT_01_ASEReadCounter.table","NW_015090842.1:10113727",28,74,46
"SPATA2L","s672_F_PIT_01_ASEReadCounter.table","NW_015090842.1:10113799",44,98,54
"SPATA2L","s672_F_PIT_01_ASEReadCounter.table","NW_015090842.1:10113809",45,100,55
"SPATA2L","s672_F_PIT_01_ASEReadCounter.table","NW_015090842.1:10113827",40,90,50
"SPATA2L","s672_F_PIT_01_ASEReadCounter.table","NW_015090842.1:10113831",43,93,50
"SPATA2L","s672_F_PIT_01_ASEReadCounter.table","NW_015090842.1:10113894",31,74,43
"SPATA2L","s672_F_PIT_01_ASEReadCounter.table","NW_015090842.1:10113905",25,72,47
"SPATA2L","s672_F_PIT_01_ASEReadCounter.table","NW_015090842.1:10113914",29,67,38
"SPATA2L","s672_F_PIT_01_ASEReadCounter.table","NW_015090842.1:10113920",33,72,39
"SPATA2L","s672_F_PIT_01_ASEReadCounter.table","NW_015090842.1:10113937",43,86,43
"SPATA2L","s672_F_PIT_01_ASEReadCounter.table","NW_015090842.1:10113971",30,74,44
"SPATA2L","s672_F_PIT_01_ASEReadCounter.table","NW_015090842.1:10113976",29,78,49
"SPATA2L","s672_F_PIT_01_ASEReadCounter.table","NW_015090842.1:10113985",31,70,39
"SPATA2L","s672_F_PIT_01_ASEReadCounter.table","NW_015090842.1:10113994",36,77,41
"SPATA2L","s672_F_PIT_01_ASEReadCounter.table","NW_015090842.1:10114063",40,88,48
"SPATA2L","s672_F_PIT_01_ASEReadCounter.table","NW_015090842.1:10114066",38,87,49
"SPATA2L","s672_F_PIT_01_ASEReadCounter.table","NW_015090842.1:10114069",40,88,48
"SPATA2L","s672_F_PIT_01_ASEReadCounter.table","NW_015090842.1:10114121",28,64,36
"SPATA2L","s672_F_PIT_01_ASEReadCounter.table","NW_015090842.1:10114159",30,68,38
"SPATA2L","s672_F_PIT_01_ASEReadCounter.table","NW_015090842.1:10114282",72,72,0
"SPATA2L","s672_F_PIT_01_ASEReadCounter.table","NW_015090842.1:10114470",24,60,36
"SPATA2L","s672_F_PIT_01_ASEReadCounter.table","NW_015090842.1:10114524",20,48,28
"VPS9D1","s672_F_PIT_01_ASEReadCounter.table","NW_015090842.1:10116377",17,36,19
"VPS9D1","s672_F_PIT_01_ASEReadCounter.table","NW_015090842.1:10116415",15,45,30
"VPS9D1","s672_F_PIT_01_ASEReadCounter.table","NW_015090842.1:10116607",17,41,24
"VPS9D1","s672_F_PIT_01_ASEReadCounter.table","NW_015090842.1:10116816",35,35,0
"VPS9D1","s672_F_PIT_01_ASEReadCounter.table","NW_015090842.1:10116821",13,39,26
"VPS9D1","s672_F_PIT_01_ASEReadCounter.table","NW_015090842.1:10116825",14,39,25
"VPS9D1","s672_F_PIT_01_ASEReadCounter.table","NW_015090842.1:10116882",16,36,20
"VPS9D1","s672_F_PIT_01_ASEReadCounter.table","NW_015090842.1:10116885",15,35,20
"VPS9D1","s672_F_PIT_01_ASEReadCounter.table","NW_015090842.1:10116933",22,31,9
"VPS9D1","s672_F_PIT_01_ASEReadCounter.table","NW_015090842.1:10116942",20,35,15
"VPS9D1","s672_F_PIT_01_ASEReadCounter.table","NW_015090842.1:10117152",12,25,13
"VPS9D1","s672_F_PIT_01_ASEReadCounter.table","NW_015090842.1:10117396",27,27,0
"VPS9D1","s672_F_PIT_01_ASEReadCounter.table","NW_015090842.1:10117405",15,15,0
"VPS9D1","s672_F_PIT_01_ASEReadCounter.table","NW_015090842.1:10117480",11,27,16
"VPS9D1","s672_F_PIT_01_ASEReadCounter.table","NW_015090842.1:10117497",10,25,15
"VPS9D1","s672_F_PIT_01_ASEReadCounter.table","NW_015090842.1:10117499",8,23,15
"VPS9D1","s672_F_PIT_01_ASEReadCounter.table","NW_015090842.1:10117516",11,25,14
"VPS9D1","s672_F_PIT_01_ASEReadCounter.table","NW_015090842.1:10117525",13,27,14
"VPS9D1","s672_F_PIT_01_ASEReadCounter.table","NW_015090842.1:10117579",10,22,12
"VPS9D1","s672_F_PIT_01_ASEReadCounter.table","NW_015090842.1:10117627",14,26,12
"VPS9D1","s672_F_PIT_01_ASEReadCounter.table","NW_015090842.1:10117678",9,26,17
"VPS9D1","s672_F_PIT_01_ASEReadCounter.table","NW_015090842.1:10117773",19,39,20
"VPS9D1","s672_F_PIT_01_ASEReadCounter.table","NW_015090842.1:10117937",18,45,27
"VPS9D1","s672_F_PIT_01_ASEReadCounter.table","NW_015090842.1:10117961",14,41,27
"VPS9D1","s672_F_PIT_01_ASEReadCounter.table","NW_015090842.1:10118236",16,44,28
"VPS9D1","s672_F_PIT_01_ASEReadCounter.table","NW_015090842.1:10118414",18,37,19
"VPS9D1","s672_F_PIT_01_ASEReadCounter.table","NW_015090842.1:10118973",26,44,18
"VPS9D1","s672_F_PIT_01_ASEReadCounter.table","NW_015090842.1:10119500",20,36,16
"ZNF276","s672_F_PIT_01_ASEReadCounter.table","NW_015090842.1:10121760",9,13,4
"ZNF276","s672_F_PIT_01_ASEReadCounter.table","NW_015090842.1:10121769",9,14,5
"ZNF276","s672_F_PIT_01_ASEReadCounter.table","NW_015090842.1:10121802",10,16,6
"ZNF276","s672_F_PIT_01_ASEReadCounter.table","NW_015090842.1:10121971",14,30,16
"ZNF276","s672_F_PIT_01_ASEReadCounter.table","NW_015090842.1:10122883",16,28,12
"ZNF276","s672_F_PIT_01_ASEReadCounter.table","NW_015090842.1:10123069",18,33,15
"ZNF276","s672_F_PIT_01_ASEReadCounter.table","NW_015090842.1:10123207",28,48,20
"ZNF276","s672_F_PIT_01_ASEReadCounter.table","NW_015090842.1:10125787",20,52,32
"ZNF276","s672_F_PIT_01_ASEReadCounter.table","NW_015090842.1:10126309",24,43,19
"ZNF276","s672_F_PIT_01_ASEReadCounter.table","NW_015090842.1:10126348",25,44,19
"ZNF276","s672_F_PIT_01_ASEReadCounter.table","NW_015090842.1:10126978",34,58,24
"ZNF276","s672_F_PIT_01_ASEReadCounter.table","NW_015090842.1:10126991",28,52,24
"ZNF276","s672_F_PIT_01_ASEReadCounter.table","NW_015090842.1:10127023",34,59,25
"ZNF276","s672_F_PIT_01_ASEReadCounter.table","NW_015090842.1:10127063",36,66,30
"ZNF276","s672_F_PIT_01_ASEReadCounter.table","NW_015090842.1:10127373",27,49,22
"ZNF276","s672_F_PIT_01_ASEReadCounter.table","NW_015090842.1:10127931",41,69,28
"ZNF276","s672_F_PIT_01_ASEReadCounter.table","NW_015090842.1:10128070",34,60,26
"ZNF276","s672_F_PIT_01_ASEReadCounter.table","NW_015090842.1:10128102",34,64,30
"ZNF276","s672_F_PIT_01_ASEReadCounter.table","NW_015090842.1:10128356",32,62,30
"ZNF276","s672_F_PIT_01_ASEReadCounter.table","NW_015090842.1:10128497",22,38,16
"FANCA","s672_F_PIT_01_ASEReadCounter.table","NW_015090842.1:10128743",3,6,3
"FANCA","s672_F_PIT_01_ASEReadCounter.table","NW_015090842.1:10128822",4,7,3
"FANCA","s672_F_PIT_01_ASEReadCounter.table","NW_015090842.1:10129383",5,8,3
"FANCA","s672_F_PIT_01_ASEReadCounter.table","NW_015090842.1:10129390",4,7,3
"FANCA","s672_F_PIT_01_ASEReadCounter.table","NW_015090842.1:10129422",3,5,2
"FANCA","s672_F_PIT_01_ASEReadCounter.table","NW_015090842.1:10129969",5,6,1
"FANCA","s672_F_PIT_01_ASEReadCounter.table","NW_015090842.1:10130399",8,13,5
"FANCA","s672_F_PIT_01_ASEReadCounter.table","NW_015090842.1:10130857",5,9,4
"FANCA","s672_F_PIT_01_ASEReadCounter.table","NW_015090842.1:10130878",5,8,3
"FANCA","s672_F_PIT_01_ASEReadCounter.table","NW_015090842.1:10133530",3,6,3
"FANCA","s672_F_PIT_01_ASEReadCounter.table","NW_015090842.1:10133533",3,6,3
"FANCA","s672_F_PIT_01_ASEReadCounter.table","NW_015090842.1:10133536",3,5,2
"FANCA","s672_F_PIT_01_ASEReadCounter.table","NW_015090842.1:10133601",2,6,4
"FANCA","s672_F_PIT_01_ASEReadCounter.table","NW_015090842.1:10134492",3,5,2
"FANCA","s672_F_PIT_01_ASEReadCounter.table","NW_015090842.1:10134531",4,7,3
"FANCA","s672_F_PIT_01_ASEReadCounter.table","NW_015090842.1:10136957",7,8,1
"FANCA","s672_F_PIT_01_ASEReadCounter.table","NW_015090842.1:10136982",3,5,2
"FANCA","s672_F_PIT_01_ASEReadCounter.table","NW_015090842.1:10136999",1,5,4
"FANCA","s672_F_PIT_01_ASEReadCounter.table","NW_015090842.1:10137019",1,5,4
"FANCA","s672_F_PIT_01_ASEReadCounter.table","NW_015090842.1:10137673",3,6,3
"FANCA","s672_F_PIT_01_ASEReadCounter.table","NW_015090842.1:10138618",2,6,4
"FANCA","s672_F_PIT_01_ASEReadCounter.table","NW_015090842.1:10139140",0,3,3
"FANCA","s672_F_PIT_01_ASEReadCounter.table","NW_015090842.1:10141234",1,1,0
"FANCA","s672_F_PIT_01_ASEReadCounter.table","NW_015090842.1:10145030",4,4,0
"FANCA","s672_F_PIT_01_ASEReadCounter.table","NW_015090842.1:10150518",2,4,2
"FANCA","s672_F_PIT_01_ASEReadCounter.table","NW_015090842.1:10152863",2,5,3
"FANCA","s672_F_PIT_01_ASEReadCounter.table","NW_015090842.1:10154490",2,3,1
"FANCA","s672_F_PIT_01_ASEReadCounter.table","NW_015090842.1:10158162",1,3,2
"FANCA","s672_F_PIT_01_ASEReadCounter.table","NW_015090842.1:10158957",2,3,1
"FANCA","s672_F_PIT_01_ASEReadCounter.table","NW_015090842.1:10160177",2,3,1
"FANCA","s672_F_PIT_01_ASEReadCounter.table","NW_015090842.1:10162980",0,1,1
"FANCA","s672_F_PIT_01_ASEReadCounter.table","NW_015090842.1:10163667",1,1,0
"FANCA","s672_F_PIT_01_ASEReadCounter.table","NW_015090842.1:10165331",0,1,1
"SPIRE2","s672_F_PIT_01_ASEReadCounter.table","NW_015090842.1:10172284",13,20,7
"SPIRE2","s672_F_PIT_01_ASEReadCounter.table","NW_015090842.1:10175262",12,21,9
"SPIRE2","s672_F_PIT_01_ASEReadCounter.table","NW_015090842.1:10175352",9,14,5
"SPIRE2","s672_F_PIT_01_ASEReadCounter.table","NW_015090842.1:10175400",29,49,20
"SPIRE2","s672_F_PIT_01_ASEReadCounter.table","NW_015090842.1:10175418",30,51,21
"SPIRE2","s672_F_PIT_01_ASEReadCounter.table","NW_015090842.1:10175704",36,59,23
"SPIRE2","s672_F_PIT_01_ASEReadCounter.table","NW_015090842.1:10176115",50,89,39
"SPIRE2","s672_F_PIT_01_ASEReadCounter.table","NW_015090842.1:10176561",45,80,35
"SPIRE2","s672_F_PIT_01_ASEReadCounter.table","NW_015090842.1:10176817",46,83,37
"SPIRE2","s672_F_PIT_01_ASEReadCounter.table","NW_015090842.1:10177084",26,62,36
"SPIRE2","s672_F_PIT_01_ASEReadCounter.table","NW_015090842.1:10177110",31,60,29
"SPIRE2","s672_F_PIT_01_ASEReadCounter.table","NW_015090842.1:10177838",38,75,37
"SPIRE2","s672_F_PIT_01_ASEReadCounter.table","NW_015090842.1:10178000",37,65,28
"SPIRE2","s672_F_PIT_01_ASEReadCounter.table","NW_015090842.1:10178164",45,84,39
"SPIRE2","s672_F_PIT_01_ASEReadCounter.table","NW_015090842.1:10178216",40,76,36
"SPIRE2","s672_F_PIT_01_ASEReadCounter.table","NW_015090842.1:10178403",30,67,37
"SPIRE2","s672_F_PIT_01_ASEReadCounter.table","NW_015090842.1:10178409",26,60,34
"SPIRE2","s672_F_PIT_01_ASEReadCounter.table","NW_015090842.1:10178524",29,46,17
"SPIRE2","s672_F_PIT_01_ASEReadCounter.table","NW_015090842.1:10178526",30,47,17
"SPIRE2","s672_F_PIT_01_ASEReadCounter.table","NW_015090842.1:10178531",30,47,17
"SPIRE2","s672_F_PIT_01_ASEReadCounter.table","NW_015090842.1:10178565",29,46,17
"SPIRE2","s672_F_PIT_01_ASEReadCounter.table","NW_015090842.1:10178587",30,47,17
"SPIRE2","s672_F_PIT_01_ASEReadCounter.table","NW_015090842.1:10178640",23,37,14
"SPIRE2","s672_F_PIT_01_ASEReadCounter.table","NW_015090842.1:10178651",27,41,14
"SPIRE2","s672_F_PIT_01_ASEReadCounter.table","NW_015090842.1:10178682",22,34,12
"TCF25","s672_F_PIT_01_ASEReadCounter.table","NW_015090842.1:10180912",48,70,22
"TCF25","s672_F_PIT_01_ASEReadCounter.table","NW_015090842.1:10180924",47,71,24
"TCF25","s672_F_PIT_01_ASEReadCounter.table","NW_015090842.1:10180931",48,71,23
"TCF25","s672_F_PIT_01_ASEReadCounter.table","NW_015090842.1:10185332",95,185,90
"TCF25","s672_F_PIT_01_ASEReadCounter.table","NW_015090842.1:10188816",87,157,70
"DBNDD1","s672_F_PIT_01_ASEReadCounter.table","NW_015090842.1:10223105",26,49,23
"GAS8","s672_F_PIT_01_ASEReadCounter.table","NW_015090842.1:10228982",33,71,38
"GAS8","s672_F_PIT_01_ASEReadCounter.table","NW_015090842.1:10229832",36,62,26
"GAS8","s672_F_PIT_01_ASEReadCounter.table","NW_015090842.1:10232375",31,73,42
"GAS8","s672_F_PIT_01_ASEReadCounter.table","NW_015090842.1:10232901",26,62,36
"GAS8","s672_F_PIT_01_ASEReadCounter.table","NW_015090842.1:10232928",33,73,40
"GAS8","s672_F_PIT_01_ASEReadCounter.table","NW_015090842.1:10232967",34,70,36
"GAS8","s672_F_PIT_01_ASEReadCounter.table","NW_015090842.1:10233032",27,62,35
"GAS8","s672_F_PIT_01_ASEReadCounter.table","NW_015090842.1:10233057",23,55,32
"GAS8","s672_F_PIT_01_ASEReadCounter.table","NW_015090842.1:10233058",23,54,31
"GAS8","s672_F_PIT_01_ASEReadCounter.table","NW_015090842.1:10233176",28,42,14
"GAS8","s672_F_PIT_01_ASEReadCounter.table","NW_015090842.1:10233196",25,39,14
"GAS8","s672_F_PIT_01_ASEReadCounter.table","NW_015090842.1:10233252",18,27,9
"GAS8","s672_F_PIT_01_ASEReadCounter.table","NW_015090842.1:10233303",10,11,1
"LOC106888094","s672_F_PIT_01_ASEReadCounter.table","NW_015090842.1:10233334",0,8,8
"LOC106888094","s672_F_PIT_01_ASEReadCounter.table","NW_015090842.1:10233362",4,17,13
"LOC106888094","s672_F_PIT_01_ASEReadCounter.table","NW_015090842.1:10233373",4,19,15
"LOC106888094","s672_F_PIT_01_ASEReadCounter.table","NW_015090842.1:10233388",5,21,16
"LOC106888094","s672_F_PIT_01_ASEReadCounter.table","NW_015090842.1:10233402",5,22,17
"LOC106888094","s672_F_PIT_01_ASEReadCounter.table","NW_015090842.1:10233465",6,21,15
"LOC106888094","s672_F_PIT_01_ASEReadCounter.table","NW_015090842.1:10233803",13,42,29
"LOC106888094","s672_F_PIT_01_ASEReadCounter.table","NW_015090842.1:10233815",16,45,29
"LOC106888094","s672_F_PIT_01_ASEReadCounter.table","NW_015090842.1:10235484",2,3,1
"LOC106888094","s672_F_PIT_01_ASEReadCounter.table","NW_015090842.1:10235611",2,4,2
"LOC106888094","s672_F_PIT_01_ASEReadCounter.table","NW_015090842.1:10236098",3,5,2
"LOC106888094","s672_F_PIT_01_ASEReadCounter.table","NW_015090842.1:10236161",2,7,5
"LOC106888094","s672_F_PIT_01_ASEReadCounter.table","NW_015090842.1:10236380",3,4,1
"LOC106888094","s672_F_PIT_01_ASEReadCounter.table","NW_015090842.1:10236388",2,3,1
"LOC106888094","s672_F_PIT_01_ASEReadCounter.table","NW_015090842.1:10236425",2,3,1
"LOC106888094","s672_F_PIT_01_ASEReadCounter.table","NW_015090842.1:10236426",2,3,1
"LOC106888094","s672_F_PIT_01_ASEReadCounter.table","NW_015090842.1:10236603",1,2,1
"LOC106888173","s672_F_PIT_01_ASEReadCounter.table","NW_015090842.1:10239596",16,38,22
"LOC106888173","s672_F_PIT_01_ASEReadCounter.table","NW_015090842.1:10240036",41,91,50
"LOC106888173","s672_F_PIT_01_ASEReadCounter.table","NW_015090842.1:10240095",56,107,51
"LOC106888173","s672_F_PIT_01_ASEReadCounter.table","NW_015090842.1:10240280",53,109,56
"LOC106888173","s672_F_PIT_01_ASEReadCounter.table","NW_015090842.1:10240557",85,154,69
"LOC106888173","s672_F_PIT_01_ASEReadCounter.table","NW_015090842.1:10240603",73,133,60
"LOC106888173","s672_F_PIT_01_ASEReadCounter.table","NW_015090842.1:10240609",74,137,63
"LOC106888173","s672_F_PIT_01_ASEReadCounter.table","NW_015090842.1:10240690",79,153,74
"LOC106888173","s672_F_PIT_01_ASEReadCounter.table","NW_015090842.1:10240924",67,128,61
"LOC106888173","s672_F_PIT_01_ASEReadCounter.table","NW_015090842.1:10241037",37,107,70
"LOC106888173","s672_F_PIT_01_ASEReadCounter.table","NW_015090842.1:10241046",47,111,64
"LOC106888173","s672_F_PIT_01_ASEReadCounter.table","NW_015090842.1:10241058",51,110,59
"LOC106888173","s672_F_PIT_01_ASEReadCounter.table","NW_015090842.1:10241064",58,118,60
"LOC106888173","s672_F_PIT_01_ASEReadCounter.table","NW_015090842.1:10241103",158,158,0
"LOC106888173","s672_F_PIT_01_ASEReadCounter.table","NW_015090842.1:10241163",67,128,61
"LOC106888173","s672_F_PIT_01_ASEReadCounter.table","NW_015090842.1:10241803",67,125,58
"LOC106888173","s672_F_PIT_01_ASEReadCounter.table","NW_015090842.1:10241827",69,128,59
"LOC106888173","s672_F_PIT_01_ASEReadCounter.table","NW_015090842.1:10241869",69,131,62
"LOC106888173","s672_F_PIT_01_ASEReadCounter.table","NW_015090842.1:10242079",57,111,54
"LOC106888173","s672_F_PIT_01_ASEReadCounter.table","NW_015090842.1:10242103",63,122,59
"LOC106888173","s672_F_PIT_01_ASEReadCounter.table","NW_015090842.1:10242157",89,156,67
"LOC106888173","s672_F_PIT_01_ASEReadCounter.table","NW_015090842.1:10242455",73,133,60
"LOC106888173","s672_F_PIT_01_ASEReadCounter.table","NW_015090842.1:10242481",72,143,71
"LOC106888173","s672_F_PIT_01_ASEReadCounter.table","NW_015090842.1:10242590",64,102,38
"LOC106888173","s672_F_PIT_01_ASEReadCounter.table","NW_015090842.1:10242794",74,128,54
"LOC106888173","s672_F_PIT_01_ASEReadCounter.table","NW_015090842.1:10242909",73,127,54
"LOC106888173","s672_F_PIT_01_ASEReadCounter.table","NW_015090842.1:10243094",85,129,44
"LOC106888173","s672_F_PIT_01_ASEReadCounter.table","NW_015090842.1:10243133",77,115,38
"LOC106888173","s672_F_PIT_01_ASEReadCounter.table","NW_015090842.1:10243273",97,182,85
"LOC106888173","s672_F_PIT_01_ASEReadCounter.table","NW_015090842.1:10243278",98,182,84
"LOC106888173","s672_F_PIT_01_ASEReadCounter.table","NW_015090842.1:10243281",98,183,85
"LOC106888173","s672_F_PIT_01_ASEReadCounter.table","NW_015090842.1:10243347",98,99,1
"LOC106888173","s672_F_PIT_01_ASEReadCounter.table","NW_015090842.1:10243353",61,90,29
"LOC106888173","s672_F_PIT_01_ASEReadCounter.table","NW_015090842.1:10243363",61,79,18
"LOC106888173","s672_F_PIT_01_ASEReadCounter.table","NW_015090842.1:10243365",60,81,21
"LOC106888173","s672_F_PIT_01_ASEReadCounter.table","NW_015090842.1:10243566",90,167,77
"LOC106888173","s672_F_PIT_01_ASEReadCounter.table","NW_015090842.1:10243605",87,164,77
"LOC106888173","s672_F_PIT_01_ASEReadCounter.table","NW_015090842.1:10243614",82,158,76
"LOC106888173","s672_F_PIT_01_ASEReadCounter.table","NW_015090842.1:10243615",81,156,75
"LOC106888173","s672_F_PIT_01_ASEReadCounter.table","NW_015090842.1:10243640",56,130,74
"LOC106888173","s672_F_PIT_01_ASEReadCounter.table","NW_015090842.1:10243680",53,103,50
"LOC106888173","s672_F_PIT_01_ASEReadCounter.table","NW_015090842.1:10243742",77,144,67
"LOC106888173","s672_F_PIT_01_ASEReadCounter.table","NW_015090842.1:10243804",53,95,42
"LOC106888173","s672_F_PIT_01_ASEReadCounter.table","NW_015090842.1:10243913",22,42,20
"LOC106888173","s672_F_PIT_01_ASEReadCounter.table","NW_015090842.1:10243921",22,42,20
"LOC106888384","s672_F_PIT_01_ASEReadCounter.table","NW_015090842.1:10244714",3,6,3
"LOC106888384","s672_F_PIT_01_ASEReadCounter.table","NW_015090842.1:10244942",5,20,15
"LOC106888384","s672_F_PIT_01_ASEReadCounter.table","NW_015090842.1:10244998",3,22,19
"LOC106888384","s672_F_PIT_01_ASEReadCounter.table","NW_015090842.1:10250743",8,27,19
"LOC106888384","s672_F_PIT_01_ASEReadCounter.table","NW_015090842.1:10250771",8,26,18
"LOC106888384","s672_F_PIT_01_ASEReadCounter.table","NW_015090842.1:10251339",11,11,0
"LOC106888384","s672_F_PIT_01_ASEReadCounter.table","NW_015090842.1:10251343",11,11,0
"LOC106888384","s672_F_PIT_01_ASEReadCounter.table","NW_015090842.1:10251344",11,11,0
"LOC106888384","s672_F_PIT_01_ASEReadCounter.table","NW_015090842.1:10251349",11,11,0
"LOC106888384","s672_F_PIT_01_ASEReadCounter.table","NW_015090842.1:10251354",11,29,18
"LOC106888384","s672_F_PIT_01_ASEReadCounter.table","NW_015090842.1:10251358",8,26,18
"LOC106888384","s672_F_PIT_01_ASEReadCounter.table","NW_015090842.1:10251369",3,27,24
"LOC106888384","s672_F_PIT_01_ASEReadCounter.table","NW_015090842.1:10251370",8,27,19
"LOC106888384","s672_F_PIT_01_ASEReadCounter.table","NW_015090842.1:10251375",4,23,19
"LOC106888384","s672_F_PIT_01_ASEReadCounter.table","NW_015090842.1:10251388",0,19,19
"LOC106888384","s672_F_PIT_01_ASEReadCounter.table","NW_015090842.1:10251390",0,19,19
"LOC106888384","s672_F_PIT_01_ASEReadCounter.table","NW_015090842.1:10251393",0,17,17
"LOC106888384","s672_F_PIT_01_ASEReadCounter.table","NW_015090842.1:10251399",0,17,17
"LOC106888384","s672_F_PIT_01_ASEReadCounter.table","NW_015090842.1:10251492",6,6,0
"LOC106888384","s672_F_PIT_01_ASEReadCounter.table","NW_015090842.1:10253165",5,25,20
"LOC106888384","s672_F_PIT_01_ASEReadCounter.table","NW_015090842.1:10253284",8,21,13
"LOC106888384","s672_F_PIT_01_ASEReadCounter.table","NW_015090842.1:10254028",10,33,23
"LOC106888384","s672_F_PIT_01_ASEReadCounter.table","NW_015090842.1:10254227",6,21,15
"LOC106888384","s672_F_PIT_01_ASEReadCounter.table","NW_015090842.1:10254233",6,22,16
"LOC106888384","s672_F_PIT_01_ASEReadCounter.table","NW_015090842.1:10254263",8,29,21
"LOC106888384","s672_F_PIT_01_ASEReadCounter.table","NW_015090842.1:10254293",7,25,18
"LOC106888384","s672_F_PIT_01_ASEReadCounter.table","NW_015090842.1:10254570",6,24,18
"LOC106888384","s672_F_PIT_01_ASEReadCounter.table","NW_015090842.1:10254605",19,19,0
"LOC106888384","s672_F_PIT_01_ASEReadCounter.table","NW_015090842.1:10254608",19,19,0
"LOC106888384","s672_F_PIT_01_ASEReadCounter.table","NW_015090842.1:10254618",17,18,1
"LOC106888384","s672_F_PIT_01_ASEReadCounter.table","NW_015090842.1:10254620",14,16,2
"LOC106888384","s672_F_PIT_01_ASEReadCounter.table","NW_015090842.1:10254623",15,16,1
"LOC106888384","s672_F_PIT_01_ASEReadCounter.table","NW_015090842.1:10254624",14,15,1
"LOC106888384","s672_F_PIT_01_ASEReadCounter.table","NW_015090842.1:10254627",16,17,1
"LOC106888384","s672_F_PIT_01_ASEReadCounter.table","NW_015090842.1:10254629",16,16,0
"LOC106888384","s672_F_PIT_01_ASEReadCounter.table","NW_015090842.1:10254647",4,8,4
"LOC106888384","s672_F_PIT_01_ASEReadCounter.table","NW_015090842.1:10254663",2,5,3
"LOC106888384","s672_F_PIT_01_ASEReadCounter.table","NW_015090842.1:10254840",3,14,11
"LOC106888384","s672_F_PIT_01_ASEReadCounter.table","NW_015090842.1:10254891",24,25,1
"LOC106888384","s672_F_PIT_01_ASEReadCounter.table","NW_015090842.1:10254900",6,25,19
"LOC106888384","s672_F_PIT_01_ASEReadCounter.table","NW_015090842.1:10254915",5,24,19
"LOC106888384","s672_F_PIT_01_ASEReadCounter.table","NW_015090842.1:10254965",12,13,1
"LOC106888384","s672_F_PIT_01_ASEReadCounter.table","NW_015090842.1:10254975",4,13,9
"LOC106888384","s672_F_PIT_01_ASEReadCounter.table","NW_015090842.1:10255077",9,25,16
"LOC106888384","s672_F_PIT_01_ASEReadCounter.table","NW_015090842.1:10255117",9,31,22
"LOC106888384","s672_F_PIT_01_ASEReadCounter.table","NW_015090842.1:10255138",6,26,20
"LOC106888384","s672_F_PIT_01_ASEReadCounter.table","NW_015090842.1:10255139",6,25,19
"LOC106888384","s672_F_PIT_01_ASEReadCounter.table","NW_015090842.1:10255209",8,24,16
"LOC106888384","s672_F_PIT_01_ASEReadCounter.table","NW_015090842.1:10255211",9,23,14
"LOC106888384","s672_F_PIT_01_ASEReadCounter.table","NW_015090842.1:10255236",11,23,12
"LOC106888384","s672_F_PIT_01_ASEReadCounter.table","NW_015090842.1:10255262",10,23,13
"LOC106888384","s672_F_PIT_01_ASEReadCounter.table","NW_015090842.1:10255264",10,28,18
"LOC106888384","s672_F_PIT_01_ASEReadCounter.table","NW_015090842.1:10255306",6,26,20
"LOC106888384","s672_F_PIT_01_ASEReadCounter.table","NW_015090842.1:10255340",6,29,23
"LOC106888384","s672_F_PIT_01_ASEReadCounter.table","NW_015090842.1:10255410",3,26,23
"LOC106888384","s672_F_PIT_01_ASEReadCounter.table","NW_015090842.1:10255449",7,26,19
"LOC106888384","s672_F_PIT_01_ASEReadCounter.table","NW_015090842.1:10255496",12,30,18
"LOC106888384","s672_F_PIT_01_ASEReadCounter.table","NW_015090842.1:10255505",10,23,13
"LOC106888384","s672_F_PIT_01_ASEReadCounter.table","NW_015090842.1:10255531",11,26,15
"LOC106888384","s672_F_PIT_01_ASEReadCounter.table","NW_015090842.1:10255608",7,24,17
"LOC106888384","s672_F_PIT_01_ASEReadCounter.table","NW_015090842.1:10255704",11,25,14
"LOC106888384","s672_F_PIT_01_ASEReadCounter.table","NW_015090842.1:10255731",10,23,13
"LOC106888384","s672_F_PIT_01_ASEReadCounter.table","NW_015090842.1:10255771",8,15,7
"TANGO6","s672_F_PIT_01_ASEReadCounter.table","NW_015090842.1:10257782",7,13,6
"TANGO6","s672_F_PIT_01_ASEReadCounter.table","NW_015090842.1:10258162",14,31,17
"TANGO6","s672_F_PIT_01_ASEReadCounter.table","NW_015090842.1:10258185",17,35,18
"TANGO6","s672_F_PIT_01_ASEReadCounter.table","NW_015090842.1:10259267",16,26,10
"TANGO6","s672_F_PIT_01_ASEReadCounter.table","NW_015090842.1:10260250",43,77,34
"TANGO6","s672_F_PIT_01_ASEReadCounter.table","NW_015090842.1:10260289",34,66,32
"TANGO6","s672_F_PIT_01_ASEReadCounter.table","NW_015090842.1:10260309",22,48,26
"TANGO6","s672_F_PIT_01_ASEReadCounter.table","NW_015090842.1:10260979",17,43,26
"TANGO6","s672_F_PIT_01_ASEReadCounter.table","NW_015090842.1:10261599",19,43,24
"TANGO6","s672_F_PIT_01_ASEReadCounter.table","NW_015090842.1:10268425",36,69,33
"TANGO6","s672_F_PIT_01_ASEReadCounter.table","NW_015090842.1:10269831",34,71,37
"TANGO6","s672_F_PIT_01_ASEReadCounter.table","NW_015090842.1:10270813",27,57,30
"TANGO6","s672_F_PIT_01_ASEReadCounter.table","NW_015090842.1:10274018",29,49,20
"TANGO6","s672_F_PIT_01_ASEReadCounter.table","NW_015090842.1:10275974",17,41,24
"TANGO6","s672_F_PIT_01_ASEReadCounter.table","NW_015090842.1:10275976",16,40,24
"TANGO6","s672_F_PIT_01_ASEReadCounter.table","NW_015090842.1:10276123",19,35,16
"TANGO6","s672_F_PIT_01_ASEReadCounter.table","NW_015090842.1:10276271",21,44,23
"TANGO6","s672_F_PIT_01_ASEReadCounter.table","NW_015090842.1:10276272",21,46,25
"TANGO6","s672_F_PIT_01_ASEReadCounter.table","NW_015090842.1:10276275",20,45,25
"TANGO6","s672_F_PIT_01_ASEReadCounter.table","NW_015090842.1:10276278",21,45,24
"TANGO6","s672_F_PIT_01_ASEReadCounter.table","NW_015090842.1:10276368",13,22,9
"TANGO6","s672_F_PIT_01_ASEReadCounter.table","NW_015090842.1:10276373",13,21,8
"TANGO6","s672_F_PIT_01_ASEReadCounter.table","NW_015090842.1:10276630",16,33,17
"TANGO6","s672_F_PIT_01_ASEReadCounter.table","NW_015090842.1:10281498",16,35,19
"TANGO6","s672_F_PIT_01_ASEReadCounter.table","NW_015090842.1:10281516",16,36,20
"TANGO6","s672_F_PIT_01_ASEReadCounter.table","NW_015090842.1:10282842",20,42,22
"TANGO6","s672_F_PIT_01_ASEReadCounter.table","NW_015090842.1:10282863",16,36,20
"TANGO6","s672_F_PIT_01_ASEReadCounter.table","NW_015090842.1:10282869",16,36,20
"TANGO6","s672_F_PIT_01_ASEReadCounter.table","NW_015090842.1:10282903",18,36,18
"TANGO6","s672_F_PIT_01_ASEReadCounter.table","NW_015090842.1:10283757",17,44,27
"TANGO6","s672_F_PIT_01_ASEReadCounter.table","NW_015090842.1:10283785",17,38,21
"HAS3","s672_F_PIT_01_ASEReadCounter.table","NW_015090842.1:10288266",0,1,1
"HAS3","s672_F_PIT_01_ASEReadCounter.table","NW_015090842.1:10288274",0,1,1
"HAS3","s672_F_PIT_01_ASEReadCounter.table","NW_015090842.1:10290927",2,2,0
"HAS3","s672_F_PIT_01_ASEReadCounter.table","NW_015090842.1:10291004",1,2,1
"CHTF8","s672_F_PIT_01_ASEReadCounter.table","NW_015090842.1:10291319",5,6,1
"CHTF8","s672_F_PIT_01_ASEReadCounter.table","NW_015090842.1:10291491",17,29,12
"CHTF8","s672_F_PIT_01_ASEReadCounter.table","NW_015090842.1:10291520",13,30,17
"CHTF8","s672_F_PIT_01_ASEReadCounter.table","NW_015090842.1:10291593",15,37,22
"CHTF8","s672_F_PIT_01_ASEReadCounter.table","NW_015090842.1:10291600",14,36,22
"CHTF8","s672_F_PIT_01_ASEReadCounter.table","NW_015090842.1:10291609",14,32,18
"CHTF8","s672_F_PIT_01_ASEReadCounter.table","NW_015090842.1:10291639",16,37,21
"CHTF8","s672_F_PIT_01_ASEReadCounter.table","NW_015090842.1:10291641",15,35,20
"CHTF8","s672_F_PIT_01_ASEReadCounter.table","NW_015090842.1:10291648",21,40,19
"CHTF8","s672_F_PIT_01_ASEReadCounter.table","NW_015090842.1:10291656",22,40,18
"CHTF8","s672_F_PIT_01_ASEReadCounter.table","NW_015090842.1:10291675",25,43,18
"CHTF8","s672_F_PIT_01_ASEReadCounter.table","NW_015090842.1:10291696",23,40,17
"CHTF8","s672_F_PIT_01_ASEReadCounter.table","NW_015090842.1:10291714",24,42,18
"CHTF8","s672_F_PIT_01_ASEReadCounter.table","NW_015090842.1:10291732",22,39,17
"CHTF8","s672_F_PIT_01_ASEReadCounter.table","NW_015090842.1:10291755",17,31,14
"CHTF8","s672_F_PIT_01_ASEReadCounter.table","NW_015090842.1:10291756",18,31,13
"CHTF8","s672_F_PIT_01_ASEReadCounter.table","NW_015090842.1:10291758",18,32,14
"CHTF8","s672_F_PIT_01_ASEReadCounter.table","NW_015090842.1:10291792",20,31,11
"CHTF8","s672_F_PIT_01_ASEReadCounter.table","NW_015090842.1:10291895",23,39,16
"CHTF8","s672_F_PIT_01_ASEReadCounter.table","NW_015090842.1:10292132",23,37,14
"CHTF8","s672_F_PIT_01_ASEReadCounter.table","NW_015090842.1:10292314",17,30,13
"CHTF8","s672_F_PIT_01_ASEReadCounter.table","NW_015090842.1:10292317",17,31,14
"CHTF8","s672_F_PIT_01_ASEReadCounter.table","NW_015090842.1:10292928",6,8,2
"UTP4","s672_F_PIT_01_ASEReadCounter.table","NW_015090842.1:10293146",38,76,38
"UTP4","s672_F_PIT_01_ASEReadCounter.table","NW_015090842.1:10293151",40,77,37
"UTP4","s672_F_PIT_01_ASEReadCounter.table","NW_015090842.1:10293191",18,42,24
"UTP4","s672_F_PIT_01_ASEReadCounter.table","NW_015090842.1:10293362",28,62,34
"UTP4","s672_F_PIT_01_ASEReadCounter.table","NW_015090842.1:10293430",31,58,27
"UTP4","s672_F_PIT_01_ASEReadCounter.table","NW_015090842.1:10293625",23,48,25
"UTP4","s672_F_PIT_01_ASEReadCounter.table","NW_015090842.1:10293684",35,59,24
"UTP4","s672_F_PIT_01_ASEReadCounter.table","NW_015090842.1:10294093",35,54,19
"UTP4","s672_F_PIT_01_ASEReadCounter.table","NW_015090842.1:10294622",19,40,21
"UTP4","s672_F_PIT_01_ASEReadCounter.table","NW_015090842.1:10294632",21,41,20
"UTP4","s672_F_PIT_01_ASEReadCounter.table","NW_015090842.1:10295238",24,48,24
"UTP4","s672_F_PIT_01_ASEReadCounter.table","NW_015090842.1:10295880",25,51,26
"UTP4","s672_F_PIT_01_ASEReadCounter.table","NW_015090842.1:10295884",22,49,27
"UTP4","s672_F_PIT_01_ASEReadCounter.table","NW_015090842.1:10295903",22,44,22
"UTP4","s672_F_PIT_01_ASEReadCounter.table","NW_015090842.1:10295906",26,51,25
"UTP4","s672_F_PIT_01_ASEReadCounter.table","NW_015090842.1:10295915",27,56,29
"UTP4","s672_F_PIT_01_ASEReadCounter.table","NW_015090842.1:10295938",23,51,28
"UTP4","s672_F_PIT_01_ASEReadCounter.table","NW_015090842.1:10296175",18,45,27
"UTP4","s672_F_PIT_01_ASEReadCounter.table","NW_015090842.1:10296660",17,54,37
"UTP4","s672_F_PIT_01_ASEReadCounter.table","NW_015090842.1:10296679",19,57,38
"UTP4","s672_F_PIT_01_ASEReadCounter.table","NW_015090842.1:10297193",25,58,33
"UTP4","s672_F_PIT_01_ASEReadCounter.table","NW_015090842.1:10297220",35,62,27
"UTP4","s672_F_PIT_01_ASEReadCounter.table","NW_015090842.1:10297307",33,56,23
"UTP4","s672_F_PIT_01_ASEReadCounter.table","NW_015090842.1:10297558",30,52,22
"UTP4","s672_F_PIT_01_ASEReadCounter.table","NW_015090842.1:10297943",21,34,13
"UTP4","s672_F_PIT_01_ASEReadCounter.table","NW_015090842.1:10297979",27,39,12
"UTP4","s672_F_PIT_01_ASEReadCounter.table","NW_015090842.1:10298022",20,27,7
"UTP4","s672_F_PIT_01_ASEReadCounter.table","NW_015090842.1:10298079",3,7,4
"UTP4","s672_F_PIT_01_ASEReadCounter.table","NW_015090842.1:10298081",3,7,4
"UTP4","s672_F_PIT_01_ASEReadCounter.table","NW_015090842.1:10298082",2,6,4
"SNTB2","s672_F_PIT_01_ASEReadCounter.table","NW_015090842.1:10298905",3,4,1
"SNTB2","s672_F_PIT_01_ASEReadCounter.table","NW_015090842.1:10298928",3,5,2
"SNTB2","s672_F_PIT_01_ASEReadCounter.table","NW_015090842.1:10303506",7,24,17
"SNTB2","s672_F_PIT_01_ASEReadCounter.table","NW_015090842.1:10303524",11,23,12
"SNTB2","s672_F_PIT_01_ASEReadCounter.table","NW_015090842.1:10304059",14,24,10
"SNTB2","s672_F_PIT_01_ASEReadCounter.table","NW_015090842.1:10304089",16,26,10
"SNTB2","s672_F_PIT_01_ASEReadCounter.table","NW_015090842.1:10304167",16,29,13
"SNTB2","s672_F_PIT_01_ASEReadCounter.table","NW_015090842.1:10304176",10,21,11
"SNTB2","s672_F_PIT_01_ASEReadCounter.table","NW_015090842.1:10305069",12,22,10
"SNTB2","s672_F_PIT_01_ASEReadCounter.table","NW_015090842.1:10305099",13,21,8
"SNTB2","s672_F_PIT_01_ASEReadCounter.table","NW_015090842.1:10305171",14,29,15
"SNTB2","s672_F_PIT_01_ASEReadCounter.table","NW_015090842.1:10305177",14,32,18
"SNTB2","s672_F_PIT_01_ASEReadCounter.table","NW_015090842.1:10305451",15,27,12
"SNTB2","s672_F_PIT_01_ASEReadCounter.table","NW_015090842.1:10305547",9,17,8
"SNTB2","s672_F_PIT_01_ASEReadCounter.table","NW_015090842.1:10305847",6,17,11
"SNTB2","s672_F_PIT_01_ASEReadCounter.table","NW_015090842.1:10306173",8,29,21
"SNTB2","s672_F_PIT_01_ASEReadCounter.table","NW_015090842.1:10306275",3,16,13
"SNTB2","s672_F_PIT_01_ASEReadCounter.table","NW_015090842.1:10306457",13,24,11
"SNTB2","s672_F_PIT_01_ASEReadCounter.table","NW_015090842.1:10306496",11,22,11
"SNTB2","s672_F_PIT_01_ASEReadCounter.table","NW_015090842.1:10306499",10,21,11
"VPS4A","s672_F_PIT_01_ASEReadCounter.table","NW_015090842.1:10308566",63,163,100
"VPS4A","s672_F_PIT_01_ASEReadCounter.table","NW_015090842.1:10308573",67,169,102
"VPS4A","s672_F_PIT_01_ASEReadCounter.table","NW_015090842.1:10308856",106,248,142
"VPS4A","s672_F_PIT_01_ASEReadCounter.table","NW_015090842.1:10309056",144,302,158
"VPS4A","s672_F_PIT_01_ASEReadCounter.table","NW_015090842.1:10309089",182,345,163
"VPS4A","s672_F_PIT_01_ASEReadCounter.table","NW_015090842.1:10309392",148,303,155
"VPS4A","s672_F_PIT_01_ASEReadCounter.table","NW_015090842.1:10309413",152,303,151
"VPS4A","s672_F_PIT_01_ASEReadCounter.table","NW_015090842.1:10309467",173,357,184
"VPS4A","s672_F_PIT_01_ASEReadCounter.table","NW_015090842.1:10310230",163,348,185
"VPS4A","s672_F_PIT_01_ASEReadCounter.table","NW_015090842.1:10310425",165,326,161
"VPS4A","s672_F_PIT_01_ASEReadCounter.table","NW_015090842.1:10310639",190,372,182
"VPS4A","s672_F_PIT_01_ASEReadCounter.table","NW_015090842.1:10310734",152,270,118
"VPS4A","s672_F_PIT_01_ASEReadCounter.table","NW_015090842.1:10310737",157,273,116
"VPS4A","s672_F_PIT_01_ASEReadCounter.table","NW_015090842.1:10310746",161,285,124
"VPS4A","s672_F_PIT_01_ASEReadCounter.table","NW_015090842.1:10310767",158,289,131
"VPS4A","s672_F_PIT_01_ASEReadCounter.table","NW_015090842.1:10310995",163,316,153
"VPS4A","s672_F_PIT_01_ASEReadCounter.table","NW_015090842.1:10311004",159,304,145
"VPS4A","s672_F_PIT_01_ASEReadCounter.table","NW_015090842.1:10311007",157,308,151
"VPS4A","s672_F_PIT_01_ASEReadCounter.table","NW_015090842.1:10311013",161,313,152
"VPS4A","s672_F_PIT_01_ASEReadCounter.table","NW_015090842.1:10311022",153,307,154
"VPS4A","s672_F_PIT_01_ASEReadCounter.table","NW_015090842.1:10311023",151,304,153
"VPS4A","s672_F_PIT_01_ASEReadCounter.table","NW_015090842.1:10311426",154,326,172
"VPS4A","s672_F_PIT_01_ASEReadCounter.table","NW_015090842.1:10311489",1,7,6
"VPS4A","s672_F_PIT_01_ASEReadCounter.table","NW_015090842.1:10311490",2,5,3
"VPS4A","s672_F_PIT_01_ASEReadCounter.table","NW_015090842.1:10311525",9,17,8
"VPS4A","s672_F_PIT_01_ASEReadCounter.table","NW_015090842.1:10311529",9,20,11
"VPS4A","s672_F_PIT_01_ASEReadCounter.table","NW_015090842.1:10311530",9,20,11
"VPS4A","s672_F_PIT_01_ASEReadCounter.table","NW_015090842.1:10311552",14,29,15
"VPS4A","s672_F_PIT_01_ASEReadCounter.table","NW_015090842.1:10311689",12,40,28
"VPS4A","s672_F_PIT_01_ASEReadCounter.table","NW_015090842.1:10311700",13,40,27
"VPS4A","s672_F_PIT_01_ASEReadCounter.table","NW_015090842.1:10311701",14,41,27
"VPS4A","s672_F_PIT_01_ASEReadCounter.table","NW_015090842.1:10311703",14,42,28
"COG8","s672_F_PIT_01_ASEReadCounter.table","NW_015090842.1:10313487",19,52,33
"COG8","s672_F_PIT_01_ASEReadCounter.table","NW_015090842.1:10313559",33,72,39
"COG8","s672_F_PIT_01_ASEReadCounter.table","NW_015090842.1:10313579",31,66,35
"COG8","s672_F_PIT_01_ASEReadCounter.table","NW_015090842.1:10313665",20,55,35
"COG8","s672_F_PIT_01_ASEReadCounter.table","NW_015090842.1:10313681",17,52,35
"COG8","s672_F_PIT_01_ASEReadCounter.table","NW_015090842.1:10313768",44,85,41
"COG8","s672_F_PIT_01_ASEReadCounter.table","NW_015090842.1:10313775",43,85,42
"COG8","s672_F_PIT_01_ASEReadCounter.table","NW_015090842.1:10313811",29,61,32
"COG8","s672_F_PIT_01_ASEReadCounter.table","NW_015090842.1:10313858",31,59,28
"COG8","s672_F_PIT_01_ASEReadCounter.table","NW_015090842.1:10314100",42,76,34
"COG8","s672_F_PIT_01_ASEReadCounter.table","NW_015090842.1:10314213",38,62,24
"COG8","s672_F_PIT_01_ASEReadCounter.table","NW_015090842.1:10315093",25,53,28
"COG8","s672_F_PIT_01_ASEReadCounter.table","NW_015090842.1:10315162",24,54,30
"COG8","s672_F_PIT_01_ASEReadCounter.table","NW_015090842.1:10315285",38,73,35
"COG8","s672_F_PIT_01_ASEReadCounter.table","NW_015090842.1:10315360",24,55,31
"COG8","s672_F_PIT_01_ASEReadCounter.table","NW_015090842.1:10315369",27,56,29
"COG8","s672_F_PIT_01_ASEReadCounter.table","NW_015090842.1:10315504",8,30,22
"COG8","s672_F_PIT_01_ASEReadCounter.table","NW_015090842.1:10315508",8,30,22
"COG8","s672_F_PIT_01_ASEReadCounter.table","NW_015090842.1:10315624",25,60,35
"COG8","s672_F_PIT_01_ASEReadCounter.table","NW_015090842.1:10315693",26,55,29
"COG8","s672_F_PIT_01_ASEReadCounter.table","NW_015090842.1:10315698",26,55,29
"COG8","s672_F_PIT_01_ASEReadCounter.table","NW_015090842.1:10315768",17,49,32
"COG8","s672_F_PIT_01_ASEReadCounter.table","NW_015090842.1:10315769",17,49,32
"COG8","s672_F_PIT_01_ASEReadCounter.table","NW_015090842.1:10315784",21,49,28
"COG8","s672_F_PIT_01_ASEReadCounter.table","NW_015090842.1:10316093",24,49,25
"COG8","s672_F_PIT_01_ASEReadCounter.table","NW_015090842.1:10316133",30,56,26
"NIP7","s672_F_PIT_01_ASEReadCounter.table","NW_015090842.1:10316759",15,36,21
"NIP7","s672_F_PIT_01_ASEReadCounter.table","NW_015090842.1:10316967",82,160,78
"NIP7","s672_F_PIT_01_ASEReadCounter.table","NW_015090842.1:10316995",82,175,93
"NIP7","s672_F_PIT_01_ASEReadCounter.table","NW_015090842.1:10317240",87,190,103
"NIP7","s672_F_PIT_01_ASEReadCounter.table","NW_015090842.1:10317247",89,189,100
"NIP7","s672_F_PIT_01_ASEReadCounter.table","NW_015090842.1:10317264",74,163,89
"NIP7","s672_F_PIT_01_ASEReadCounter.table","NW_015090842.1:10317433",81,189,108
"NIP7","s672_F_PIT_01_ASEReadCounter.table","NW_015090842.1:10317738",64,163,99
"NIP7","s672_F_PIT_01_ASEReadCounter.table","NW_015090842.1:10317769",66,152,86
"NIP7","s672_F_PIT_01_ASEReadCounter.table","NW_015090842.1:10317808",47,97,50
"NIP7","s672_F_PIT_01_ASEReadCounter.table","NW_015090842.1:10317870",35,72,37
"NIP7","s672_F_PIT_01_ASEReadCounter.table","NW_015090842.1:10317871",35,71,36
"NIP7","s672_F_PIT_01_ASEReadCounter.table","NW_015090842.1:10317898",26,54,28
"NIP7","s672_F_PIT_01_ASEReadCounter.table","NW_015090842.1:10317911",27,50,23
"TMED6","s672_F_PIT_01_ASEReadCounter.table","NW_015090842.1:10318731",3,4,1
"TERF2","s672_F_PIT_01_ASEReadCounter.table","NW_015090842.1:10321665",18,18,0
"TERF2","s672_F_PIT_01_ASEReadCounter.table","NW_015090842.1:10321768",12,39,27
"TERF2","s672_F_PIT_01_ASEReadCounter.table","NW_015090842.1:10321777",14,41,27
"TERF2","s672_F_PIT_01_ASEReadCounter.table","NW_015090842.1:10321805",13,44,31
"TERF2","s672_F_PIT_01_ASEReadCounter.table","NW_015090842.1:10321878",24,73,49
"TERF2","s672_F_PIT_01_ASEReadCounter.table","NW_015090842.1:10321893",5,74,69
"TERF2","s672_F_PIT_01_ASEReadCounter.table","NW_015090842.1:10321897",20,65,45
"TERF2","s672_F_PIT_01_ASEReadCounter.table","NW_015090842.1:10321908",24,69,45
"TERF2","s672_F_PIT_01_ASEReadCounter.table","NW_015090842.1:10322001",56,115,59
"TERF2","s672_F_PIT_01_ASEReadCounter.table","NW_015090842.1:10322035",40,88,48
"TERF2","s672_F_PIT_01_ASEReadCounter.table","NW_015090842.1:10322051",35,93,58
"TERF2","s672_F_PIT_01_ASEReadCounter.table","NW_015090842.1:10322137",40,79,39
"TERF2","s672_F_PIT_01_ASEReadCounter.table","NW_015090842.1:10322144",44,77,33
"TERF2","s672_F_PIT_01_ASEReadCounter.table","NW_015090842.1:10322388",25,89,64
"TERF2","s672_F_PIT_01_ASEReadCounter.table","NW_015090842.1:10322396",27,84,57
"TERF2","s672_F_PIT_01_ASEReadCounter.table","NW_015090842.1:10322502",45,104,59
"TERF2","s672_F_PIT_01_ASEReadCounter.table","NW_015090842.1:10322504",45,105,60
"TERF2","s672_F_PIT_01_ASEReadCounter.table","NW_015090842.1:10322510",43,108,65
"TERF2","s672_F_PIT_01_ASEReadCounter.table","NW_015090842.1:10323580",43,107,64
"TERF2","s672_F_PIT_01_ASEReadCounter.table","NW_015090842.1:10324314",40,97,57
"TERF2","s672_F_PIT_01_ASEReadCounter.table","NW_015090842.1:10326832",45,84,39
"TERF2","s672_F_PIT_01_ASEReadCounter.table","NW_015090842.1:10327787",31,71,40
"TERF2","s672_F_PIT_01_ASEReadCounter.table","NW_015090842.1:10328588",43,87,44
"TERF2","s672_F_PIT_01_ASEReadCounter.table","NW_015090842.1:10328644",38,77,39
"TERF2","s672_F_PIT_01_ASEReadCounter.table","NW_015090842.1:10329813",39,74,35
"TERF2","s672_F_PIT_01_ASEReadCounter.table","NW_015090842.1:10330749",41,79,38
"TERF2","s672_F_PIT_01_ASEReadCounter.table","NW_015090842.1:10330789",46,90,44
"CYB5B","s672_F_PIT_01_ASEReadCounter.table","NW_015090842.1:10336595",8,18,10
"CYB5B","s672_F_PIT_01_ASEReadCounter.table","NW_015090842.1:10336667",51,140,89
"CYB5B","s672_F_PIT_01_ASEReadCounter.table","NW_015090842.1:10336689",92,237,145
"CYB5B","s672_F_PIT_01_ASEReadCounter.table","NW_015090842.1:10336728",141,344,203
"CYB5B","s672_F_PIT_01_ASEReadCounter.table","NW_015090842.1:10345068",124,318,194
"CYB5B","s672_F_PIT_01_ASEReadCounter.table","NW_015090842.1:10348800",160,395,235
"CYB5B","s672_F_PIT_01_ASEReadCounter.table","NW_015090842.1:10348888",136,319,183
"CYB5B","s672_F_PIT_01_ASEReadCounter.table","NW_015090842.1:10349046",142,308,166
"CYB5B","s672_F_PIT_01_ASEReadCounter.table","NW_015090842.1:10349119",72,211,139
"CYB5B","s672_F_PIT_01_ASEReadCounter.table","NW_015090842.1:10349146",25,165,140
"CYB5B","s672_F_PIT_01_ASEReadCounter.table","NW_015090842.1:10349157",57,208,151
