"gene","id","snp","ref_count","total_count","alt_count"
"CENPN","s672_F_ADR_01_ASEReadCounter.table","NW_015090842.1:5801612",0,3,3
"CENPN","s672_F_ADR_01_ASEReadCounter.table","NW_015090842.1:5801618",0,3,3
"CENPN","s672_F_ADR_01_ASEReadCounter.table","NW_015090842.1:5801623",0,3,3
"CENPN","s672_F_ADR_01_ASEReadCounter.table","NW_015090842.1:5801631",0,3,3
"CENPN","s672_F_ADR_01_ASEReadCounter.table","NW_015090842.1:5801632",0,3,3
"CENPN","s672_F_ADR_01_ASEReadCounter.table","NW_015090842.1:5801655",0,3,3
"CENPN","s672_F_ADR_01_ASEReadCounter.table","NW_015090842.1:5801662",0,3,3
"CENPN","s672_F_ADR_01_ASEReadCounter.table","NW_015090842.1:5801670",0,4,4
"CENPN","s672_F_ADR_01_ASEReadCounter.table","NW_015090842.1:5801674",0,4,4
"CENPN","s672_F_ADR_01_ASEReadCounter.table","NW_015090842.1:5801692",1,5,4
"CENPN","s672_F_ADR_01_ASEReadCounter.table","NW_015090842.1:5801697",1,5,4
"CENPN","s672_F_ADR_01_ASEReadCounter.table","NW_015090842.1:5802008",4,5,1
"CENPN","s672_F_ADR_01_ASEReadCounter.table","NW_015090842.1:5802012",3,4,1
"CENPN","s672_F_ADR_01_ASEReadCounter.table","NW_015090842.1:5802087",5,10,5
"CENPN","s672_F_ADR_01_ASEReadCounter.table","NW_015090842.1:5810113",2,2,0
"CENPN","s672_F_ADR_01_ASEReadCounter.table","NW_015090842.1:5810147",3,3,0
"CENPN","s672_F_ADR_01_ASEReadCounter.table","NW_015090842.1:5810148",3,3,0
"ATMIN","s672_F_ADR_01_ASEReadCounter.table","NW_015090842.1:5818789",6,13,7
"ATMIN","s672_F_ADR_01_ASEReadCounter.table","NW_015090842.1:5819958",13,23,10
"ATMIN","s672_F_ADR_01_ASEReadCounter.table","NW_015090842.1:5820004",11,18,7
"ATMIN","s672_F_ADR_01_ASEReadCounter.table","NW_015090842.1:5820217",4,13,9
"ATMIN","s672_F_ADR_01_ASEReadCounter.table","NW_015090842.1:5820250",8,13,5
"ATMIN","s672_F_ADR_01_ASEReadCounter.table","NW_015090842.1:5820298",10,18,8
"ATMIN","s672_F_ADR_01_ASEReadCounter.table","NW_015090842.1:5820417",11,20,9
"ATMIN","s672_F_ADR_01_ASEReadCounter.table","NW_015090842.1:5820421",12,21,9
"ATMIN","s672_F_ADR_01_ASEReadCounter.table","NW_015090842.1:5820448",11,21,10
"ATMIN","s672_F_ADR_01_ASEReadCounter.table","NW_015090842.1:5820457",12,22,10
"ATMIN","s672_F_ADR_01_ASEReadCounter.table","NW_015090842.1:5820510",7,14,7
"ATMIN","s672_F_ADR_01_ASEReadCounter.table","NW_015090842.1:5820673",5,10,5
"ATMIN","s672_F_ADR_01_ASEReadCounter.table","NW_015090842.1:5820754",11,18,7
"ATMIN","s672_F_ADR_01_ASEReadCounter.table","NW_015090842.1:5820820",7,14,7
"ATMIN","s672_F_ADR_01_ASEReadCounter.table","NW_015090842.1:5820865",5,14,9
"ATMIN","s672_F_ADR_01_ASEReadCounter.table","NW_015090842.1:5820889",3,15,12
"ATMIN","s672_F_ADR_01_ASEReadCounter.table","NW_015090842.1:5820891",3,17,14
"ATMIN","s672_F_ADR_01_ASEReadCounter.table","NW_015090842.1:5820997",6,18,12
"ATMIN","s672_F_ADR_01_ASEReadCounter.table","NW_015090842.1:5821063",10,15,5
"ATMIN","s672_F_ADR_01_ASEReadCounter.table","NW_015090842.1:5821132",8,17,9
"ATMIN","s672_F_ADR_01_ASEReadCounter.table","NW_015090842.1:5821645",4,19,15
"ATMIN","s672_F_ADR_01_ASEReadCounter.table","NW_015090842.1:5825066",9,22,13
"ATMIN","s672_F_ADR_01_ASEReadCounter.table","NW_015090842.1:5825106",6,26,20
"ATMIN","s672_F_ADR_01_ASEReadCounter.table","NW_015090842.1:5825122",8,26,18
"ATMIN","s672_F_ADR_01_ASEReadCounter.table","NW_015090842.1:5825178",13,31,18
"ATMIN","s672_F_ADR_01_ASEReadCounter.table","NW_015090842.1:5825194",11,27,16
"ATMIN","s672_F_ADR_01_ASEReadCounter.table","NW_015090842.1:5825195",11,26,15
"ATMIN","s672_F_ADR_01_ASEReadCounter.table","NW_015090842.1:5825220",10,25,15
"ATMIN","s672_F_ADR_01_ASEReadCounter.table","NW_015090842.1:5825240",8,20,12
"ATMIN","s672_F_ADR_01_ASEReadCounter.table","NW_015090842.1:5825303",14,26,12
"ATMIN","s672_F_ADR_01_ASEReadCounter.table","NW_015090842.1:5825304",15,27,12
"ATMIN","s672_F_ADR_01_ASEReadCounter.table","NW_015090842.1:5825310",17,27,10
"ATMIN","s672_F_ADR_01_ASEReadCounter.table","NW_015090842.1:5825406",15,31,16
"ATMIN","s672_F_ADR_01_ASEReadCounter.table","NW_015090842.1:5825415",15,32,17
"ATMIN","s672_F_ADR_01_ASEReadCounter.table","NW_015090842.1:5825438",15,26,11
"ATMIN","s672_F_ADR_01_ASEReadCounter.table","NW_015090842.1:5825485",19,29,10
"ATMIN","s672_F_ADR_01_ASEReadCounter.table","NW_015090842.1:5825524",17,24,7
"ATMIN","s672_F_ADR_01_ASEReadCounter.table","NW_015090842.1:5825557",12,22,10
"ATMIN","s672_F_ADR_01_ASEReadCounter.table","NW_015090842.1:5825571",15,25,10
"ATMIN","s672_F_ADR_01_ASEReadCounter.table","NW_015090842.1:5825579",15,26,11
"ATMIN","s672_F_ADR_01_ASEReadCounter.table","NW_015090842.1:5825590",10,20,10
"ATMIN","s672_F_ADR_01_ASEReadCounter.table","NW_015090842.1:5825689",21,31,10
"ATMIN","s672_F_ADR_01_ASEReadCounter.table","NW_015090842.1:5825703",19,33,14
"ATMIN","s672_F_ADR_01_ASEReadCounter.table","NW_015090842.1:5825787",14,29,15
"ATMIN","s672_F_ADR_01_ASEReadCounter.table","NW_015090842.1:5825833",12,28,16
"ATMIN","s672_F_ADR_01_ASEReadCounter.table","NW_015090842.1:5825841",10,26,16
"ATMIN","s672_F_ADR_01_ASEReadCounter.table","NW_015090842.1:5825895",15,24,9
"ATMIN","s672_F_ADR_01_ASEReadCounter.table","NW_015090842.1:5825984",10,25,15
"ATMIN","s672_F_ADR_01_ASEReadCounter.table","NW_015090842.1:5826162",11,25,14
"ATMIN","s672_F_ADR_01_ASEReadCounter.table","NW_015090842.1:5826194",21,35,14
"ATMIN","s672_F_ADR_01_ASEReadCounter.table","NW_015090842.1:5826235",18,31,13
"ATMIN","s672_F_ADR_01_ASEReadCounter.table","NW_015090842.1:5826245",20,34,14
"ATMIN","s672_F_ADR_01_ASEReadCounter.table","NW_015090842.1:5826335",12,26,14
"ATMIN","s672_F_ADR_01_ASEReadCounter.table","NW_015090842.1:5826417",16,34,18
"ATMIN","s672_F_ADR_01_ASEReadCounter.table","NW_015090842.1:5826431",12,40,28
"ATMIN","s672_F_ADR_01_ASEReadCounter.table","NW_015090842.1:5826438",14,36,22
"ATMIN","s672_F_ADR_01_ASEReadCounter.table","NW_015090842.1:5826463",17,44,27
"ATMIN","s672_F_ADR_01_ASEReadCounter.table","NW_015090842.1:5826502",13,43,30
"ATMIN","s672_F_ADR_01_ASEReadCounter.table","NW_015090842.1:5826511",13,45,32
"ATMIN","s672_F_ADR_01_ASEReadCounter.table","NW_015090842.1:5826659",13,31,18
"ATMIN","s672_F_ADR_01_ASEReadCounter.table","NW_015090842.1:5826701",18,35,17
"ATMIN","s672_F_ADR_01_ASEReadCounter.table","NW_015090842.1:5826702",18,34,16
"ATMIN","s672_F_ADR_01_ASEReadCounter.table","NW_015090842.1:5826732",17,35,18
"ATMIN","s672_F_ADR_01_ASEReadCounter.table","NW_015090842.1:5826745",15,33,18
"ATMIN","s672_F_ADR_01_ASEReadCounter.table","NW_015090842.1:5826835",14,32,18
"ATMIN","s672_F_ADR_01_ASEReadCounter.table","NW_015090842.1:5826942",9,27,18
"ATMIN","s672_F_ADR_01_ASEReadCounter.table","NW_015090842.1:5827193",12,36,24
"ATMIN","s672_F_ADR_01_ASEReadCounter.table","NW_015090842.1:5827196",13,37,24
"ATMIN","s672_F_ADR_01_ASEReadCounter.table","NW_015090842.1:5827269",15,33,18
"ATMIN","s672_F_ADR_01_ASEReadCounter.table","NW_015090842.1:5827315",13,29,16
"ATMIN","s672_F_ADR_01_ASEReadCounter.table","NW_015090842.1:5827316",13,29,16
"ATMIN","s672_F_ADR_01_ASEReadCounter.table","NW_015090842.1:5827333",11,27,16
"PPP1R3E","s672_F_ADR_01_ASEReadCounter.table","NW_015090842.1:5837733",12,17,5
"PPP1R3E","s672_F_ADR_01_ASEReadCounter.table","NW_015090842.1:5837947",8,13,5
"PKD1L2","s672_F_ADR_01_ASEReadCounter.table","NW_015090842.1:5867597",1,2,1
"PKD1L2","s672_F_ADR_01_ASEReadCounter.table","NW_015090842.1:5867600",1,2,1
"PKD1L2","s672_F_ADR_01_ASEReadCounter.table","NW_015090842.1:5867660",0,2,2
"PKD1L2","s672_F_ADR_01_ASEReadCounter.table","NW_015090842.1:5867675",1,2,1
"PKD1L2","s672_F_ADR_01_ASEReadCounter.table","NW_015090842.1:5867788",0,1,1
"PKD1L2","s672_F_ADR_01_ASEReadCounter.table","NW_015090842.1:5867843",0,2,2
"PKD1L2","s672_F_ADR_01_ASEReadCounter.table","NW_015090842.1:5871422",1,1,0
"BCO1","s672_F_ADR_01_ASEReadCounter.table","NW_015090842.1:5915610",0,1,1
"BCO1","s672_F_ADR_01_ASEReadCounter.table","NW_015090842.1:5915646",1,2,1
"BCO1","s672_F_ADR_01_ASEReadCounter.table","NW_015090842.1:5917836",2,3,1
"BCO1","s672_F_ADR_01_ASEReadCounter.table","NW_015090842.1:5917912",17,27,10
"BCO1","s672_F_ADR_01_ASEReadCounter.table","NW_015090842.1:5917941",25,37,12
"BCO1","s672_F_ADR_01_ASEReadCounter.table","NW_015090842.1:5917971",29,44,15
"BCO1","s672_F_ADR_01_ASEReadCounter.table","NW_015090842.1:5921679",33,53,20
"BCO1","s672_F_ADR_01_ASEReadCounter.table","NW_015090842.1:5921726",22,32,10
"BCO1","s672_F_ADR_01_ASEReadCounter.table","NW_015090842.1:5925669",20,39,19
"BCO1","s672_F_ADR_01_ASEReadCounter.table","NW_015090842.1:5926937",12,28,16
"BCO1","s672_F_ADR_01_ASEReadCounter.table","NW_015090842.1:5927921",24,37,13
"BCO1","s672_F_ADR_01_ASEReadCounter.table","NW_015090842.1:5927948",24,37,13
"BCO1","s672_F_ADR_01_ASEReadCounter.table","NW_015090842.1:5927968",25,38,13
"BCO1","s672_F_ADR_01_ASEReadCounter.table","NW_015090842.1:5928052",27,34,7
"BCO1","s672_F_ADR_01_ASEReadCounter.table","NW_015090842.1:5932726",35,52,17
"BCO1","s672_F_ADR_01_ASEReadCounter.table","NW_015090842.1:5932801",29,40,11
"BCO1","s672_F_ADR_01_ASEReadCounter.table","NW_015090842.1:5934558",22,33,11
"BCO1","s672_F_ADR_01_ASEReadCounter.table","NW_015090842.1:5934575",21,32,11
"BCO1","s672_F_ADR_01_ASEReadCounter.table","NW_015090842.1:5934608",22,37,15
"BCO1","s672_F_ADR_01_ASEReadCounter.table","NW_015090842.1:5934647",29,47,18
"BCO1","s672_F_ADR_01_ASEReadCounter.table","NW_015090842.1:5934725",28,40,12
"BCO1","s672_F_ADR_01_ASEReadCounter.table","NW_015090842.1:5934726",28,41,13
"BCO1","s672_F_ADR_01_ASEReadCounter.table","NW_015090842.1:5934733",21,32,11
"BCO1","s672_F_ADR_01_ASEReadCounter.table","NW_015090842.1:5934821",16,24,8
"BCO1","s672_F_ADR_01_ASEReadCounter.table","NW_015090842.1:5934826",14,23,9
"BCO1","s672_F_ADR_01_ASEReadCounter.table","NW_015090842.1:5934844",7,12,5
"BCO1","s672_F_ADR_01_ASEReadCounter.table","NW_015090842.1:5934958",19,27,8
"BCO1","s672_F_ADR_01_ASEReadCounter.table","NW_015090842.1:5934976",19,26,7
"GAN","s672_F_ADR_01_ASEReadCounter.table","NW_015090842.1:5939249",0,3,3
"GAN","s672_F_ADR_01_ASEReadCounter.table","NW_015090842.1:5953759",6,9,3
"GAN","s672_F_ADR_01_ASEReadCounter.table","NW_015090842.1:5957502",3,9,6
"GAN","s672_F_ADR_01_ASEReadCounter.table","NW_015090842.1:5957578",8,13,5
"GAN","s672_F_ADR_01_ASEReadCounter.table","NW_015090842.1:5966047",0,4,4
"GAN","s672_F_ADR_01_ASEReadCounter.table","NW_015090842.1:5966126",0,2,2
"GAN","s672_F_ADR_01_ASEReadCounter.table","NW_015090842.1:5966127",0,2,2
"GAN","s672_F_ADR_01_ASEReadCounter.table","NW_015090842.1:5966162",4,6,2
"GAN","s672_F_ADR_01_ASEReadCounter.table","NW_015090842.1:5966483",3,8,5
"CMIP","s672_F_ADR_01_ASEReadCounter.table","NW_015090842.1:6109159",8,11,3
"CMIP","s672_F_ADR_01_ASEReadCounter.table","NW_015090842.1:6109166",7,13,6
"CMIP","s672_F_ADR_01_ASEReadCounter.table","NW_015090842.1:6114641",10,26,16
"CMIP","s672_F_ADR_01_ASEReadCounter.table","NW_015090842.1:6114751",8,20,12
"CMIP","s672_F_ADR_01_ASEReadCounter.table","NW_015090842.1:6114824",8,20,12
"CMIP","s672_F_ADR_01_ASEReadCounter.table","NW_015090842.1:6126295",32,33,1
"CMIP","s672_F_ADR_01_ASEReadCounter.table","NW_015090842.1:6128998",12,45,33
"CMIP","s672_F_ADR_01_ASEReadCounter.table","NW_015090842.1:6130562",16,66,50
"CMIP","s672_F_ADR_01_ASEReadCounter.table","NW_015090842.1:6132522",13,48,35
"CMIP","s672_F_ADR_01_ASEReadCounter.table","NW_015090842.1:6138265",13,86,73
"CMIP","s672_F_ADR_01_ASEReadCounter.table","NW_015090842.1:6138300",15,92,77
"CMIP","s672_F_ADR_01_ASEReadCounter.table","NW_015090842.1:6138342",14,75,61
"CMIP","s672_F_ADR_01_ASEReadCounter.table","NW_015090842.1:6138343",14,76,62
"CMIP","s672_F_ADR_01_ASEReadCounter.table","NW_015090842.1:6138345",14,78,64
"CMIP","s672_F_ADR_01_ASEReadCounter.table","NW_015090842.1:6138647",15,65,50
"CMIP","s672_F_ADR_01_ASEReadCounter.table","NW_015090842.1:6138745",11,69,58
"CMIP","s672_F_ADR_01_ASEReadCounter.table","NW_015090842.1:6138832",3,29,26
"CMIP","s672_F_ADR_01_ASEReadCounter.table","NW_015090842.1:6138967",11,48,37
"CMIP","s672_F_ADR_01_ASEReadCounter.table","NW_015090842.1:6139131",1,23,22
"CMIP","s672_F_ADR_01_ASEReadCounter.table","NW_015090842.1:6139163",1,29,28
"CMIP","s672_F_ADR_01_ASEReadCounter.table","NW_015090842.1:6139212",35,50,15
"CMIP","s672_F_ADR_01_ASEReadCounter.table","NW_015090842.1:6139360",3,16,13
"CMIP","s672_F_ADR_01_ASEReadCounter.table","NW_015090842.1:6139572",5,10,5
"PLCG2","s672_F_ADR_01_ASEReadCounter.table","NW_015090842.1:6179613",3,6,3
"PLCG2","s672_F_ADR_01_ASEReadCounter.table","NW_015090842.1:6179658",7,9,2
"PLCG2","s672_F_ADR_01_ASEReadCounter.table","NW_015090842.1:6203766",8,8,0
"PLCG2","s672_F_ADR_01_ASEReadCounter.table","NW_015090842.1:6203775",9,9,0
"PLCG2","s672_F_ADR_01_ASEReadCounter.table","NW_015090842.1:6203787",9,9,0
"PLCG2","s672_F_ADR_01_ASEReadCounter.table","NW_015090842.1:6209741",5,6,1
"PLCG2","s672_F_ADR_01_ASEReadCounter.table","NW_015090842.1:6209798",8,10,2
"PLCG2","s672_F_ADR_01_ASEReadCounter.table","NW_015090842.1:6209816",8,11,3
"PLCG2","s672_F_ADR_01_ASEReadCounter.table","NW_015090842.1:6217547",14,35,21
"PLCG2","s672_F_ADR_01_ASEReadCounter.table","NW_015090842.1:6218641",6,23,17
"PLCG2","s672_F_ADR_01_ASEReadCounter.table","NW_015090842.1:6220552",13,28,15
"PLCG2","s672_F_ADR_01_ASEReadCounter.table","NW_015090842.1:6221969",16,21,5
"PLCG2","s672_F_ADR_01_ASEReadCounter.table","NW_015090842.1:6228672",7,10,3
"PLCG2","s672_F_ADR_01_ASEReadCounter.table","NW_015090842.1:6228694",9,15,6
"PLCG2","s672_F_ADR_01_ASEReadCounter.table","NW_015090842.1:6228722",10,16,6
"PLCG2","s672_F_ADR_01_ASEReadCounter.table","NW_015090842.1:6228747",10,16,6
"PLCG2","s672_F_ADR_01_ASEReadCounter.table","NW_015090842.1:6228835",9,17,8
"PLCG2","s672_F_ADR_01_ASEReadCounter.table","NW_015090842.1:6228841",11,19,8
"PLCG2","s672_F_ADR_01_ASEReadCounter.table","NW_015090842.1:6228865",11,16,5
"PLCG2","s672_F_ADR_01_ASEReadCounter.table","NW_015090842.1:6228917",7,12,5
"PLCG2","s672_F_ADR_01_ASEReadCounter.table","NW_015090842.1:6228926",7,12,5
"PLCG2","s672_F_ADR_01_ASEReadCounter.table","NW_015090842.1:6228954",8,13,5
"PLCG2","s672_F_ADR_01_ASEReadCounter.table","NW_015090842.1:6229002",10,14,4
"PLCG2","s672_F_ADR_01_ASEReadCounter.table","NW_015090842.1:6229006",10,14,4
"PLCG2","s672_F_ADR_01_ASEReadCounter.table","NW_015090842.1:6229081",9,10,1
"PLCG2","s672_F_ADR_01_ASEReadCounter.table","NW_015090842.1:6229097",7,8,1
"PLCG2","s672_F_ADR_01_ASEReadCounter.table","NW_015090842.1:6229160",7,7,0
"PLCG2","s672_F_ADR_01_ASEReadCounter.table","NW_015090842.1:6229213",6,9,3
"PLCG2","s672_F_ADR_01_ASEReadCounter.table","NW_015090842.1:6229231",7,11,4
"PLCG2","s672_F_ADR_01_ASEReadCounter.table","NW_015090842.1:6229663",15,16,1
"PLCG2","s672_F_ADR_01_ASEReadCounter.table","NW_015090842.1:6229748",13,18,5
"PLCG2","s672_F_ADR_01_ASEReadCounter.table","NW_015090842.1:6229892",17,19,2
"PLCG2","s672_F_ADR_01_ASEReadCounter.table","NW_015090842.1:6230248",14,17,3
"PLCG2","s672_F_ADR_01_ASEReadCounter.table","NW_015090842.1:6230255",13,16,3
"PLCG2","s672_F_ADR_01_ASEReadCounter.table","NW_015090842.1:6230276",11,13,2
"PLCG2","s672_F_ADR_01_ASEReadCounter.table","NW_015090842.1:6230296",6,8,2
"PLCG2","s672_F_ADR_01_ASEReadCounter.table","NW_015090842.1:6230349",18,21,3
"PLCG2","s672_F_ADR_01_ASEReadCounter.table","NW_015090842.1:6230408",16,20,4
"PLCG2","s672_F_ADR_01_ASEReadCounter.table","NW_015090842.1:6230439",11,12,1
"PLCG2","s672_F_ADR_01_ASEReadCounter.table","NW_015090842.1:6230757",4,4,0
"PLCG2","s672_F_ADR_01_ASEReadCounter.table","NW_015090842.1:6230758",5,5,0
"PLCG2","s672_F_ADR_01_ASEReadCounter.table","NW_015090842.1:6230898",11,14,3
"PLCG2","s672_F_ADR_01_ASEReadCounter.table","NW_015090842.1:6230976",11,16,5
"PLCG2","s672_F_ADR_01_ASEReadCounter.table","NW_015090842.1:6231078",9,11,2
"PLCG2","s672_F_ADR_01_ASEReadCounter.table","NW_015090842.1:6231138",14,16,2
"PLCG2","s672_F_ADR_01_ASEReadCounter.table","NW_015090842.1:6231177",12,12,0
"PLCG2","s672_F_ADR_01_ASEReadCounter.table","NW_015090842.1:6231263",7,7,0
"SDR42E1","s672_F_ADR_01_ASEReadCounter.table","NW_015090842.1:6235292",0,4,4
"SDR42E1","s672_F_ADR_01_ASEReadCounter.table","NW_015090842.1:6235315",0,4,4
"SDR42E1","s672_F_ADR_01_ASEReadCounter.table","NW_015090842.1:6235348",2,6,4
"SDR42E1","s672_F_ADR_01_ASEReadCounter.table","NW_015090842.1:6235355",3,8,5
"SDR42E1","s672_F_ADR_01_ASEReadCounter.table","NW_015090842.1:6235417",3,9,6
"SDR42E1","s672_F_ADR_01_ASEReadCounter.table","NW_015090842.1:6235558",1,10,9
"SDR42E1","s672_F_ADR_01_ASEReadCounter.table","NW_015090842.1:6235741",5,21,16
"SDR42E1","s672_F_ADR_01_ASEReadCounter.table","NW_015090842.1:6235777",2,15,13
"SDR42E1","s672_F_ADR_01_ASEReadCounter.table","NW_015090842.1:6235806",1,15,14
"SDR42E1","s672_F_ADR_01_ASEReadCounter.table","NW_015090842.1:6235809",1,16,15
"SDR42E1","s672_F_ADR_01_ASEReadCounter.table","NW_015090842.1:6235816",1,16,15
"SDR42E1","s672_F_ADR_01_ASEReadCounter.table","NW_015090842.1:6235914",3,18,15
"SDR42E1","s672_F_ADR_01_ASEReadCounter.table","NW_015090842.1:6235935",4,20,16
"SDR42E1","s672_F_ADR_01_ASEReadCounter.table","NW_015090842.1:6235957",4,19,15
"SDR42E1","s672_F_ADR_01_ASEReadCounter.table","NW_015090842.1:6236040",3,12,9
"SDR42E1","s672_F_ADR_01_ASEReadCounter.table","NW_015090842.1:6236260",4,19,15
"SDR42E1","s672_F_ADR_01_ASEReadCounter.table","NW_015090842.1:6236281",6,17,11
"SDR42E1","s672_F_ADR_01_ASEReadCounter.table","NW_015090842.1:6236305",6,13,7
"SDR42E1","s672_F_ADR_01_ASEReadCounter.table","NW_015090842.1:6236458",6,20,14
"SDR42E1","s672_F_ADR_01_ASEReadCounter.table","NW_015090842.1:6236476",5,19,14
"SDR42E1","s672_F_ADR_01_ASEReadCounter.table","NW_015090842.1:6236608",2,15,13
"SDR42E1","s672_F_ADR_01_ASEReadCounter.table","NW_015090842.1:6238244",1,6,5
"SDR42E1","s672_F_ADR_01_ASEReadCounter.table","NW_015090842.1:6238829",0,4,4
"HSD17B2","s672_F_ADR_01_ASEReadCounter.table","NW_015090842.1:6257616",0,2,2
"HSD17B2","s672_F_ADR_01_ASEReadCounter.table","NW_015090842.1:6257711",0,3,3
"HSD17B2","s672_F_ADR_01_ASEReadCounter.table","NW_015090842.1:6257712",0,3,3
"HSD17B2","s672_F_ADR_01_ASEReadCounter.table","NW_015090842.1:6257737",0,3,3
"HSD17B2","s672_F_ADR_01_ASEReadCounter.table","NW_015090842.1:6257758",0,3,3
"HSD17B2","s672_F_ADR_01_ASEReadCounter.table","NW_015090842.1:6257767",0,3,3
"HSD17B2","s672_F_ADR_01_ASEReadCounter.table","NW_015090842.1:6257829",0,4,4
"HSD17B2","s672_F_ADR_01_ASEReadCounter.table","NW_015090842.1:6257851",0,3,3
"HSD17B2","s672_F_ADR_01_ASEReadCounter.table","NW_015090842.1:6257889",0,4,4
"HSD17B2","s672_F_ADR_01_ASEReadCounter.table","NW_015090842.1:6262951",0,3,3
"HSD17B2","s672_F_ADR_01_ASEReadCounter.table","NW_015090842.1:6262974",0,3,3
"HSD17B2","s672_F_ADR_01_ASEReadCounter.table","NW_015090842.1:6266125",0,1,1
"HSD17B2","s672_F_ADR_01_ASEReadCounter.table","NW_015090842.1:6266135",0,1,1
"HSD17B2","s672_F_ADR_01_ASEReadCounter.table","NW_015090842.1:6266795",0,2,2
"HSD17B2","s672_F_ADR_01_ASEReadCounter.table","NW_015090842.1:6266944",0,1,1
"HSD17B2","s672_F_ADR_01_ASEReadCounter.table","NW_015090842.1:6267053",0,4,4
"HSD17B2","s672_F_ADR_01_ASEReadCounter.table","NW_015090842.1:6267196",0,3,3
"HSD17B2","s672_F_ADR_01_ASEReadCounter.table","NW_015090842.1:6267273",0,4,4
"HSD17B2","s672_F_ADR_01_ASEReadCounter.table","NW_015090842.1:6267674",0,1,1
"HSD17B2","s672_F_ADR_01_ASEReadCounter.table","NW_015090842.1:6267913",0,3,3
"HSD17B2","s672_F_ADR_01_ASEReadCounter.table","NW_015090842.1:6268203",0,1,1
"ARY2","s672_F_ADR_01_ASEReadCounter.table","NW_015090842.1:6303922",7,24,17
"ARY2","s672_F_ADR_01_ASEReadCounter.table","NW_015090842.1:6303954",11,37,26
"ARY2","s672_F_ADR_01_ASEReadCounter.table","NW_015090842.1:6303979",13,49,36
"ARY2","s672_F_ADR_01_ASEReadCounter.table","NW_015090842.1:6305848",8,41,33
"ARY2","s672_F_ADR_01_ASEReadCounter.table","NW_015090842.1:6305856",7,42,35
"ARY2","s672_F_ADR_01_ASEReadCounter.table","NW_015090842.1:6305857",7,42,35
"ARY2","s672_F_ADR_01_ASEReadCounter.table","NW_015090842.1:6306017",16,53,37
"ARY2","s672_F_ADR_01_ASEReadCounter.table","NW_015090842.1:6306052",11,63,52
"ARY2","s672_F_ADR_01_ASEReadCounter.table","NW_015090842.1:6306094",20,74,54
"ARY2","s672_F_ADR_01_ASEReadCounter.table","NW_015090842.1:6306100",23,78,55
"ARY2","s672_F_ADR_01_ASEReadCounter.table","NW_015090842.1:6306146",23,70,47
"ARY2","s672_F_ADR_01_ASEReadCounter.table","NW_015090842.1:6306147",23,69,46
"ARY2","s672_F_ADR_01_ASEReadCounter.table","NW_015090842.1:6306390",18,46,28
"ARY2","s672_F_ADR_01_ASEReadCounter.table","NW_015090842.1:6306567",11,31,20
"ARY2","s672_F_ADR_01_ASEReadCounter.table","NW_015090842.1:6306705",10,33,23
"ARY2","s672_F_ADR_01_ASEReadCounter.table","NW_015090842.1:6306773",13,35,22
"ARY2","s672_F_ADR_01_ASEReadCounter.table","NW_015090842.1:6307039",15,45,30
"ARY2","s672_F_ADR_01_ASEReadCounter.table","NW_015090842.1:6307043",16,48,32
"ARY2","s672_F_ADR_01_ASEReadCounter.table","NW_015090842.1:6307093",19,45,26
"ARY2","s672_F_ADR_01_ASEReadCounter.table","NW_015090842.1:6307138",17,50,33
"ARY2","s672_F_ADR_01_ASEReadCounter.table","NW_015090842.1:6307157",16,50,34
"ARY2","s672_F_ADR_01_ASEReadCounter.table","NW_015090842.1:6307187",15,53,38
"ARY2","s672_F_ADR_01_ASEReadCounter.table","NW_015090842.1:6307204",16,52,36
"ARY2","s672_F_ADR_01_ASEReadCounter.table","NW_015090842.1:6307278",18,47,29
"ARY2","s672_F_ADR_01_ASEReadCounter.table","NW_015090842.1:6307305",22,54,32
"ARY2","s672_F_ADR_01_ASEReadCounter.table","NW_015090842.1:6307318",23,57,34
"ARY2","s672_F_ADR_01_ASEReadCounter.table","NW_015090842.1:6307429",14,39,25
"ARY2","s672_F_ADR_01_ASEReadCounter.table","NW_015090842.1:6307487",10,30,20
"ARY2","s672_F_ADR_01_ASEReadCounter.table","NW_015090842.1:6307670",8,20,12
"ARYL","s672_F_ADR_01_ASEReadCounter.table","NW_015090842.1:6313360",1,1,0
"ARYL","s672_F_ADR_01_ASEReadCounter.table","NW_015090842.1:6313377",2,2,0
"ARYL","s672_F_ADR_01_ASEReadCounter.table","NW_015090842.1:6313767",1,2,1
"ARY1","s672_F_ADR_01_ASEReadCounter.table","NW_015090842.1:6314296",1,1,0
"ARY1","s672_F_ADR_01_ASEReadCounter.table","NW_015090842.1:6314541",1,1,0
"ARY1","s672_F_ADR_01_ASEReadCounter.table","NW_015090842.1:6314597",1,1,0
"ARY1","s672_F_ADR_01_ASEReadCounter.table","NW_015090842.1:6314750",1,2,1
"ARY1","s672_F_ADR_01_ASEReadCounter.table","NW_015090842.1:6314794",1,3,2
"ARY1","s672_F_ADR_01_ASEReadCounter.table","NW_015090842.1:6314827",2,3,1
"ARY1","s672_F_ADR_01_ASEReadCounter.table","NW_015090842.1:6314859",2,4,2
"ARY1","s672_F_ADR_01_ASEReadCounter.table","NW_015090842.1:6314886",0,3,3
"ARY1","s672_F_ADR_01_ASEReadCounter.table","NW_015090842.1:6315022",1,2,1
"ARY1","s672_F_ADR_01_ASEReadCounter.table","NW_015090842.1:6315026",1,2,1
"ARY1","s672_F_ADR_01_ASEReadCounter.table","NW_015090842.1:6315043",1,2,1
"ARY1","s672_F_ADR_01_ASEReadCounter.table","NW_015090842.1:6315065",1,2,1
"ARY1","s672_F_ADR_01_ASEReadCounter.table","NW_015090842.1:6315409",2,2,0
"ARY1","s672_F_ADR_01_ASEReadCounter.table","NW_015090842.1:6315479",4,5,1
"ARY1","s672_F_ADR_01_ASEReadCounter.table","NW_015090842.1:6318342",6,16,10
"ARY1","s672_F_ADR_01_ASEReadCounter.table","NW_015090842.1:6318427",11,14,3
"ARY1","s672_F_ADR_01_ASEReadCounter.table","NW_015090842.1:6318603",9,14,5
"ARY1","s672_F_ADR_01_ASEReadCounter.table","NW_015090842.1:6318708",9,12,3
"ARY1","s672_F_ADR_01_ASEReadCounter.table","NW_015090842.1:6318858",17,18,1
"ARY1","s672_F_ADR_01_ASEReadCounter.table","NW_015090842.1:6318952",14,16,2
"MPHOSPH6","s672_F_ADR_01_ASEReadCounter.table","NW_015090842.1:6324063",32,73,41
"MPHOSPH6","s672_F_ADR_01_ASEReadCounter.table","NW_015090842.1:6324174",44,103,59
"MPHOSPH6","s672_F_ADR_01_ASEReadCounter.table","NW_015090842.1:6324270",68,137,69
"MPHOSPH6","s672_F_ADR_01_ASEReadCounter.table","NW_015090842.1:6324762",58,129,71
"MPHOSPH6","s672_F_ADR_01_ASEReadCounter.table","NW_015090842.1:6324780",50,109,59
"MPHOSPH6","s672_F_ADR_01_ASEReadCounter.table","NW_015090842.1:6324902",80,148,68
"MPHOSPH6","s672_F_ADR_01_ASEReadCounter.table","NW_015090842.1:6325066",79,175,96
"MPHOSPH6","s672_F_ADR_01_ASEReadCounter.table","NW_015090842.1:6325089",79,186,107
"MPHOSPH6","s672_F_ADR_01_ASEReadCounter.table","NW_015090842.1:6325877",90,187,97
"MPHOSPH6","s672_F_ADR_01_ASEReadCounter.table","NW_015090842.1:6326976",56,134,78
"CDH13","s672_F_ADR_01_ASEReadCounter.table","NW_015090842.1:6662283",23,41,18
"CDH13","s672_F_ADR_01_ASEReadCounter.table","NW_015090842.1:6693665",18,30,12
"CDH13","s672_F_ADR_01_ASEReadCounter.table","NW_015090842.1:6693697",20,31,11
"CDH13","s672_F_ADR_01_ASEReadCounter.table","NW_015090842.1:6693712",15,25,10
"CDH13","s672_F_ADR_01_ASEReadCounter.table","NW_015090842.1:6693723",16,25,9
"CDH13","s672_F_ADR_01_ASEReadCounter.table","NW_015090842.1:6693738",22,30,8
"CDH13","s672_F_ADR_01_ASEReadCounter.table","NW_015090842.1:6823730",20,29,9
"CDH13","s672_F_ADR_01_ASEReadCounter.table","NW_015090842.1:6889713",16,29,13
"CDH13","s672_F_ADR_01_ASEReadCounter.table","NW_015090842.1:6955167",17,30,13
"MLYCD","s672_F_ADR_01_ASEReadCounter.table","NW_015090842.1:7150054",20,48,28
"MLYCD","s672_F_ADR_01_ASEReadCounter.table","NW_015090842.1:7150131",37,87,50
"MLYCD","s672_F_ADR_01_ASEReadCounter.table","NW_015090842.1:7150585",36,89,53
"MLYCD","s672_F_ADR_01_ASEReadCounter.table","NW_015090842.1:7150686",28,66,38
"MLYCD","s672_F_ADR_01_ASEReadCounter.table","NW_015090842.1:7150696",31,73,42
"MLYCD","s672_F_ADR_01_ASEReadCounter.table","NW_015090842.1:7150869",29,78,49
"MLYCD","s672_F_ADR_01_ASEReadCounter.table","NW_015090842.1:7151100",43,101,58
"MLYCD","s672_F_ADR_01_ASEReadCounter.table","NW_015090842.1:7151127",40,94,54
"MLYCD","s672_F_ADR_01_ASEReadCounter.table","NW_015090842.1:7157538",47,99,52
"MLYCD","s672_F_ADR_01_ASEReadCounter.table","NW_015090842.1:7167662",22,46,24
"MLYCD","s672_F_ADR_01_ASEReadCounter.table","NW_015090842.1:7167675",25,49,24
"MLYCD","s672_F_ADR_01_ASEReadCounter.table","NW_015090842.1:7167710",22,48,26
"MLYCD","s672_F_ADR_01_ASEReadCounter.table","NW_015090842.1:7167781",21,44,23
"MLYCD","s672_F_ADR_01_ASEReadCounter.table","NW_015090842.1:7167803",15,32,17
"MLYCD","s672_F_ADR_01_ASEReadCounter.table","NW_015090842.1:7167812",12,27,15
"MLYCD","s672_F_ADR_01_ASEReadCounter.table","NW_015090842.1:7167845",10,26,16
"MLYCD","s672_F_ADR_01_ASEReadCounter.table","NW_015090842.1:7167862",10,22,12
"MLYCD","s672_F_ADR_01_ASEReadCounter.table","NW_015090842.1:7167929",17,34,17
"MLYCD","s672_F_ADR_01_ASEReadCounter.table","NW_015090842.1:7167995",16,34,18
"MLYCD","s672_F_ADR_01_ASEReadCounter.table","NW_015090842.1:7168005",15,32,17
"MLYCD","s672_F_ADR_01_ASEReadCounter.table","NW_015090842.1:7168037",15,33,18
"HSBP1","s672_F_ADR_01_ASEReadCounter.table","NW_015090842.1:7245192",106,208,102
"HSBP1","s672_F_ADR_01_ASEReadCounter.table","NW_015090842.1:7245226",145,278,133
"HSBP1","s672_F_ADR_01_ASEReadCounter.table","NW_015090842.1:7245257",128,251,123
"HSBP1","s672_F_ADR_01_ASEReadCounter.table","NW_015090842.1:7245296",123,261,138
"HSBP1","s672_F_ADR_01_ASEReadCounter.table","NW_015090842.1:7245389",172,343,171
"HSBP1","s672_F_ADR_01_ASEReadCounter.table","NW_015090842.1:7245400",173,335,162
"HSBP1","s672_F_ADR_01_ASEReadCounter.table","NW_015090842.1:7245445",152,330,178
"HSBP1","s672_F_ADR_01_ASEReadCounter.table","NW_015090842.1:7245495",143,280,137
"HSBP1","s672_F_ADR_01_ASEReadCounter.table","NW_015090842.1:7245733",91,217,126
"HSBP1","s672_F_ADR_01_ASEReadCounter.table","NW_015090842.1:7245771",118,229,111
"HSBP1","s672_F_ADR_01_ASEReadCounter.table","NW_015090842.1:7245813",121,210,89
"HSBP1","s672_F_ADR_01_ASEReadCounter.table","NW_015090842.1:7245926",127,277,150
"HSBP1","s672_F_ADR_01_ASEReadCounter.table","NW_015090842.1:7245927",124,271,147
"HSBP1","s672_F_ADR_01_ASEReadCounter.table","NW_015090842.1:7245933",125,267,142
"HSBP1","s672_F_ADR_01_ASEReadCounter.table","NW_015090842.1:7246002",98,230,132
"HSBP1","s672_F_ADR_01_ASEReadCounter.table","NW_015090842.1:7246094",131,271,140
"HSBP1","s672_F_ADR_01_ASEReadCounter.table","NW_015090842.1:7246167",141,274,133
"HSBP1","s672_F_ADR_01_ASEReadCounter.table","NW_015090842.1:7246183",136,269,133
"HSBP1","s672_F_ADR_01_ASEReadCounter.table","NW_015090842.1:7247285",19,31,12
"HSBP1","s672_F_ADR_01_ASEReadCounter.table","NW_015090842.1:7247651",284,637,353
"HSBP1","s672_F_ADR_01_ASEReadCounter.table","NW_015090842.1:7247657",278,641,363
"HSBP1","s672_F_ADR_01_ASEReadCounter.table","NW_015090842.1:7248520",193,419,226
"HSBP1","s672_F_ADR_01_ASEReadCounter.table","NW_015090842.1:7248535",161,348,187
"KCNG4","s672_F_ADR_01_ASEReadCounter.table","NW_015090842.1:7282481",1,1,0
"KCNG4","s672_F_ADR_01_ASEReadCounter.table","NW_015090842.1:7282500",1,3,2
"KCNG4","s672_F_ADR_01_ASEReadCounter.table","NW_015090842.1:7282542",1,3,2
"KCNG4","s672_F_ADR_01_ASEReadCounter.table","NW_015090842.1:7282579",0,2,2
"KCNG4","s672_F_ADR_01_ASEReadCounter.table","NW_015090842.1:7282630",0,1,1
"KCNG4","s672_F_ADR_01_ASEReadCounter.table","NW_015090842.1:7283056",0,1,1
"KCNG4","s672_F_ADR_01_ASEReadCounter.table","NW_015090842.1:7283245",1,2,1
"KCNG4","s672_F_ADR_01_ASEReadCounter.table","NW_015090842.1:7301195",0,1,1
"KCNG4","s672_F_ADR_01_ASEReadCounter.table","NW_015090842.1:7301227",0,1,1
"KCNG4","s672_F_ADR_01_ASEReadCounter.table","NW_015090842.1:7301240",0,1,1
"KCNG4","s672_F_ADR_01_ASEReadCounter.table","NW_015090842.1:7301413",0,1,1
"WFDC1","s672_F_ADR_01_ASEReadCounter.table","NW_015090842.1:7366517",17,38,21
"WFDC1","s672_F_ADR_01_ASEReadCounter.table","NW_015090842.1:7373367",7,31,24
"WFDC1","s672_F_ADR_01_ASEReadCounter.table","NW_015090842.1:7375828",15,41,26
"WFDC1","s672_F_ADR_01_ASEReadCounter.table","NW_015090842.1:7378036",13,45,32
"WFDC1","s672_F_ADR_01_ASEReadCounter.table","NW_015090842.1:7379125",14,50,36
"WFDC1","s672_F_ADR_01_ASEReadCounter.table","NW_015090842.1:7379451",20,51,31
"WFDC1","s672_F_ADR_01_ASEReadCounter.table","NW_015090842.1:7379471",17,43,26
"WFDC1","s672_F_ADR_01_ASEReadCounter.table","NW_015090842.1:7379576",14,43,29
"WFDC1","s672_F_ADR_01_ASEReadCounter.table","NW_015090842.1:7379596",12,39,27
"WFDC1","s672_F_ADR_01_ASEReadCounter.table","NW_015090842.1:7379605",11,39,28
"WFDC1","s672_F_ADR_01_ASEReadCounter.table","NW_015090842.1:7379626",9,34,25
"WFDC1","s672_F_ADR_01_ASEReadCounter.table","NW_015090842.1:7379631",8,30,22
"WFDC1","s672_F_ADR_01_ASEReadCounter.table","NW_015090842.1:7379632",8,33,25
"WFDC1","s672_F_ADR_01_ASEReadCounter.table","NW_015090842.1:7379652",11,37,26
"WFDC1","s672_F_ADR_01_ASEReadCounter.table","NW_015090842.1:7379669",10,36,26
"WFDC1","s672_F_ADR_01_ASEReadCounter.table","NW_015090842.1:7379674",10,34,24
"WFDC1","s672_F_ADR_01_ASEReadCounter.table","NW_015090842.1:7379719",5,31,26
"WFDC1","s672_F_ADR_01_ASEReadCounter.table","NW_015090842.1:7379735",0,18,18
"WFDC1","s672_F_ADR_01_ASEReadCounter.table","NW_015090842.1:7379739",0,21,21
"WFDC1","s672_F_ADR_01_ASEReadCounter.table","NW_015090842.1:7379821",11,36,25
"WFDC1","s672_F_ADR_01_ASEReadCounter.table","NW_015090842.1:7379840",14,38,24
"WFDC1","s672_F_ADR_01_ASEReadCounter.table","NW_015090842.1:7379933",20,54,34
"WFDC1","s672_F_ADR_01_ASEReadCounter.table","NW_015090842.1:7379935",20,55,35
"WFDC1","s672_F_ADR_01_ASEReadCounter.table","NW_015090842.1:7379983",20,57,37
"WFDC1","s672_F_ADR_01_ASEReadCounter.table","NW_015090842.1:7380060",13,42,29
"WFDC1","s672_F_ADR_01_ASEReadCounter.table","NW_015090842.1:7380136",13,37,24
"WFDC1","s672_F_ADR_01_ASEReadCounter.table","NW_015090842.1:7380150",15,36,21
"WFDC1","s672_F_ADR_01_ASEReadCounter.table","NW_015090842.1:7380164",19,41,22
"WFDC1","s672_F_ADR_01_ASEReadCounter.table","NW_015090842.1:7380237",15,44,29
"WFDC1","s672_F_ADR_01_ASEReadCounter.table","NW_015090842.1:7380261",12,39,27
"WFDC1","s672_F_ADR_01_ASEReadCounter.table","NW_015090842.1:7380322",10,42,32
"WFDC1","s672_F_ADR_01_ASEReadCounter.table","NW_015090842.1:7380491",13,50,37
"WFDC1","s672_F_ADR_01_ASEReadCounter.table","NW_015090842.1:7380567",16,50,34
"WFDC1","s672_F_ADR_01_ASEReadCounter.table","NW_015090842.1:7380672",18,62,44
"WFDC1","s672_F_ADR_01_ASEReadCounter.table","NW_015090842.1:7380721",19,63,44
"WFDC1","s672_F_ADR_01_ASEReadCounter.table","NW_015090842.1:7380743",23,67,44
"WFDC1","s672_F_ADR_01_ASEReadCounter.table","NW_015090842.1:7380852",12,47,35
"WFDC1","s672_F_ADR_01_ASEReadCounter.table","NW_015090842.1:7380878",13,41,28
"WFDC1","s672_F_ADR_01_ASEReadCounter.table","NW_015090842.1:7381081",12,54,42
"WFDC1","s672_F_ADR_01_ASEReadCounter.table","NW_015090842.1:7381127",13,55,42
"WFDC1","s672_F_ADR_01_ASEReadCounter.table","NW_015090842.1:7381195",21,52,31
"WFDC1","s672_F_ADR_01_ASEReadCounter.table","NW_015090842.1:7381253",24,63,39
"WFDC1","s672_F_ADR_01_ASEReadCounter.table","NW_015090842.1:7381378",16,47,31
"WFDC1","s672_F_ADR_01_ASEReadCounter.table","NW_015090842.1:7381433",17,45,28
"WFDC1","s672_F_ADR_01_ASEReadCounter.table","NW_015090842.1:7381434",17,45,28
"WFDC1","s672_F_ADR_01_ASEReadCounter.table","NW_015090842.1:7381442",15,47,32
"WFDC1","s672_F_ADR_01_ASEReadCounter.table","NW_015090842.1:7381517",20,44,24
"WFDC1","s672_F_ADR_01_ASEReadCounter.table","NW_015090842.1:7381520",23,49,26
"WFDC1","s672_F_ADR_01_ASEReadCounter.table","NW_015090842.1:7381677",19,40,21
"WFDC1","s672_F_ADR_01_ASEReadCounter.table","NW_015090842.1:7381709",9,19,10
"ATP2C2","s672_F_ADR_01_ASEReadCounter.table","NW_015090842.1:7392613",1,1,0
"ATP2C2","s672_F_ADR_01_ASEReadCounter.table","NW_015090842.1:7395230",3,3,0
"ATP2C2","s672_F_ADR_01_ASEReadCounter.table","NW_015090842.1:7395366",3,3,0
"ATP2C2","s672_F_ADR_01_ASEReadCounter.table","NW_015090842.1:7396756",0,1,1
"ATP2C2","s672_F_ADR_01_ASEReadCounter.table","NW_015090842.1:7397049",2,3,1
"ATP2C2","s672_F_ADR_01_ASEReadCounter.table","NW_015090842.1:7398395",0,1,1
"ATP2C2","s672_F_ADR_01_ASEReadCounter.table","NW_015090842.1:7399774",0,1,1
"ATP2C2","s672_F_ADR_01_ASEReadCounter.table","NW_015090842.1:7402554",0,1,1
"ATP2C2","s672_F_ADR_01_ASEReadCounter.table","NW_015090842.1:7405621",3,6,3
"ATP2C2","s672_F_ADR_01_ASEReadCounter.table","NW_015090842.1:7413855",13,17,4
"ATP2C2","s672_F_ADR_01_ASEReadCounter.table","NW_015090842.1:7413869",4,10,6
"ATP2C2","s672_F_ADR_01_ASEReadCounter.table","NW_015090842.1:7413875",4,10,6
"TLDC1","s672_F_ADR_01_ASEReadCounter.table","NW_015090842.1:7421137",63,103,40
"TLDC1","s672_F_ADR_01_ASEReadCounter.table","NW_015090842.1:7421155",57,89,32
"TLDC1","s672_F_ADR_01_ASEReadCounter.table","NW_015090842.1:7421218",56,95,39
"TLDC1","s672_F_ADR_01_ASEReadCounter.table","NW_015090842.1:7421399",48,88,40
"TLDC1","s672_F_ADR_01_ASEReadCounter.table","NW_015090842.1:7421402",49,89,40
"TLDC1","s672_F_ADR_01_ASEReadCounter.table","NW_015090842.1:7421528",51,92,41
"TLDC1","s672_F_ADR_01_ASEReadCounter.table","NW_015090842.1:7421532",51,91,40
"TLDC1","s672_F_ADR_01_ASEReadCounter.table","NW_015090842.1:7421621",59,113,54
"TLDC1","s672_F_ADR_01_ASEReadCounter.table","NW_015090842.1:7421647",56,106,50
"TLDC1","s672_F_ADR_01_ASEReadCounter.table","NW_015090842.1:7421657",49,93,44
"TLDC1","s672_F_ADR_01_ASEReadCounter.table","NW_015090842.1:7421693",47,91,44
"TLDC1","s672_F_ADR_01_ASEReadCounter.table","NW_015090842.1:7421796",52,95,43
"TLDC1","s672_F_ADR_01_ASEReadCounter.table","NW_015090842.1:7421810",52,104,52
"TLDC1","s672_F_ADR_01_ASEReadCounter.table","NW_015090842.1:7421833",43,100,57
"TLDC1","s672_F_ADR_01_ASEReadCounter.table","NW_015090842.1:7421879",50,110,60
"TLDC1","s672_F_ADR_01_ASEReadCounter.table","NW_015090842.1:7421914",50,110,60
"TLDC1","s672_F_ADR_01_ASEReadCounter.table","NW_015090842.1:7421969",42,82,40
"TLDC1","s672_F_ADR_01_ASEReadCounter.table","NW_015090842.1:7422015",36,87,51
"TLDC1","s672_F_ADR_01_ASEReadCounter.table","NW_015090842.1:7422042",55,109,54
"TLDC1","s672_F_ADR_01_ASEReadCounter.table","NW_015090842.1:7422230",71,116,45
"TLDC1","s672_F_ADR_01_ASEReadCounter.table","NW_015090842.1:7423349",58,108,50
"TLDC1","s672_F_ADR_01_ASEReadCounter.table","NW_015090842.1:7423362",61,113,52
"TLDC1","s672_F_ADR_01_ASEReadCounter.table","NW_015090842.1:7426091",42,76,34
"TLDC1","s672_F_ADR_01_ASEReadCounter.table","NW_015090842.1:7426485",58,98,40
"TLDC1","s672_F_ADR_01_ASEReadCounter.table","NW_015090842.1:7427211",78,133,55
"TLDC1","s672_F_ADR_01_ASEReadCounter.table","NW_015090842.1:7428179",45,100,55
"COTL1","s672_F_ADR_01_ASEReadCounter.table","NW_015090842.1:7490744",162,319,157
"COTL1","s672_F_ADR_01_ASEReadCounter.table","NW_015090842.1:7491051",155,316,161
"COTL1","s672_F_ADR_01_ASEReadCounter.table","NW_015090842.1:7491124",147,291,144
"COTL1","s672_F_ADR_01_ASEReadCounter.table","NW_015090842.1:7491418",121,235,114
"COTL1","s672_F_ADR_01_ASEReadCounter.table","NW_015090842.1:7491539",96,190,94
"COTL1","s672_F_ADR_01_ASEReadCounter.table","NW_015090842.1:7491585",160,289,129
"COTL1","s672_F_ADR_01_ASEReadCounter.table","NW_015090842.1:7491586",154,293,139
"COTL1","s672_F_ADR_01_ASEReadCounter.table","NW_015090842.1:7491646",213,407,194
"COTL1","s672_F_ADR_01_ASEReadCounter.table","NW_015090842.1:7491747",194,348,154
"COTL1","s672_F_ADR_01_ASEReadCounter.table","NW_015090842.1:7491803",159,300,141
"COTL1","s672_F_ADR_01_ASEReadCounter.table","NW_015090842.1:7507551",0,1,1
"COTL1","s672_F_ADR_01_ASEReadCounter.table","NW_015090842.1:7507563",0,1,1
"KLHL36","s672_F_ADR_01_ASEReadCounter.table","NW_015090842.1:7514700",11,13,2
"KLHL36","s672_F_ADR_01_ASEReadCounter.table","NW_015090842.1:7519691",6,16,10
"KLHL36","s672_F_ADR_01_ASEReadCounter.table","NW_015090842.1:7519696",6,16,10
"KLHL36","s672_F_ADR_01_ASEReadCounter.table","NW_015090842.1:7526160",22,42,20
"KLHL36","s672_F_ADR_01_ASEReadCounter.table","NW_015090842.1:7526469",14,32,18
"KLHL36","s672_F_ADR_01_ASEReadCounter.table","NW_015090842.1:7526587",18,38,20
"KLHL36","s672_F_ADR_01_ASEReadCounter.table","NW_015090842.1:7526997",14,31,17
"KLHL36","s672_F_ADR_01_ASEReadCounter.table","NW_015090842.1:7527142",15,35,20
"KLHL36","s672_F_ADR_01_ASEReadCounter.table","NW_015090842.1:7535174",29,51,22
"KLHL36","s672_F_ADR_01_ASEReadCounter.table","NW_015090842.1:7535384",16,32,16
"KLHL36","s672_F_ADR_01_ASEReadCounter.table","NW_015090842.1:7535420",20,39,19
"KLHL36","s672_F_ADR_01_ASEReadCounter.table","NW_015090842.1:7535545",13,25,12
"KLHL36","s672_F_ADR_01_ASEReadCounter.table","NW_015090842.1:7535829",26,43,17
"KLHL36","s672_F_ADR_01_ASEReadCounter.table","NW_015090842.1:7535977",16,33,17
"KLHL36","s672_F_ADR_01_ASEReadCounter.table","NW_015090842.1:7536010",21,36,15
"KLHL36","s672_F_ADR_01_ASEReadCounter.table","NW_015090842.1:7536051",19,32,13
"KLHL36","s672_F_ADR_01_ASEReadCounter.table","NW_015090842.1:7536096",23,43,20
"KLHL36","s672_F_ADR_01_ASEReadCounter.table","NW_015090842.1:7536135",25,54,29
"KLHL36","s672_F_ADR_01_ASEReadCounter.table","NW_015090842.1:7536136",25,50,25
"KLHL36","s672_F_ADR_01_ASEReadCounter.table","NW_015090842.1:7536160",25,50,25
"KLHL36","s672_F_ADR_01_ASEReadCounter.table","NW_015090842.1:7536336",19,43,24
"KLHL36","s672_F_ADR_01_ASEReadCounter.table","NW_015090842.1:7536352",18,42,24
"KLHL36","s672_F_ADR_01_ASEReadCounter.table","NW_015090842.1:7536412",8,21,13
"KLHL36","s672_F_ADR_01_ASEReadCounter.table","NW_015090842.1:7536418",9,23,14
"KLHL36","s672_F_ADR_01_ASEReadCounter.table","NW_015090842.1:7536465",10,27,17
"KLHL36","s672_F_ADR_01_ASEReadCounter.table","NW_015090842.1:7536466",10,27,17
"KLHL36","s672_F_ADR_01_ASEReadCounter.table","NW_015090842.1:7536553",17,40,23
"KLHL36","s672_F_ADR_01_ASEReadCounter.table","NW_015090842.1:7536698",16,39,23
"KLHL36","s672_F_ADR_01_ASEReadCounter.table","NW_015090842.1:7536713",8,33,25
"KLHL36","s672_F_ADR_01_ASEReadCounter.table","NW_015090842.1:7536720",20,36,16
"KLHL36","s672_F_ADR_01_ASEReadCounter.table","NW_015090842.1:7536791",20,43,23
"KLHL36","s672_F_ADR_01_ASEReadCounter.table","NW_015090842.1:7536849",18,41,23
"KLHL36","s672_F_ADR_01_ASEReadCounter.table","NW_015090842.1:7536872",19,40,21
"KLHL36","s672_F_ADR_01_ASEReadCounter.table","NW_015090842.1:7536878",19,35,16
"KLHL36","s672_F_ADR_01_ASEReadCounter.table","NW_015090842.1:7536916",19,34,15
"KLHL36","s672_F_ADR_01_ASEReadCounter.table","NW_015090842.1:7536927",19,48,29
"KLHL36","s672_F_ADR_01_ASEReadCounter.table","NW_015090842.1:7537315",21,41,20
"KLHL36","s672_F_ADR_01_ASEReadCounter.table","NW_015090842.1:7537352",26,51,25
"KLHL36","s672_F_ADR_01_ASEReadCounter.table","NW_015090842.1:7537631",25,50,25
"KLHL36","s672_F_ADR_01_ASEReadCounter.table","NW_015090842.1:7537830",35,58,23
"KLHL36","s672_F_ADR_01_ASEReadCounter.table","NW_015090842.1:7537838",30,56,26
"KLHL36","s672_F_ADR_01_ASEReadCounter.table","NW_015090842.1:7538153",13,30,17
"KLHL36","s672_F_ADR_01_ASEReadCounter.table","NW_015090842.1:7538256",6,20,14
"KLHL36","s672_F_ADR_01_ASEReadCounter.table","NW_015090842.1:7538265",6,18,12
"KLHL36","s672_F_ADR_01_ASEReadCounter.table","NW_015090842.1:7538300",7,15,8
"USP10","s672_F_ADR_01_ASEReadCounter.table","NW_015090842.1:7563972",15,31,16
"USP10","s672_F_ADR_01_ASEReadCounter.table","NW_015090842.1:7571816",39,82,43
"USP10","s672_F_ADR_01_ASEReadCounter.table","NW_015090842.1:7571993",50,105,55
"USP10","s672_F_ADR_01_ASEReadCounter.table","NW_015090842.1:7572580",48,105,57
"USP10","s672_F_ADR_01_ASEReadCounter.table","NW_015090842.1:7587372",66,149,83
"CRISPLD2","s672_F_ADR_01_ASEReadCounter.table","NW_015090842.1:7604605",7,13,6
"CRISPLD2","s672_F_ADR_01_ASEReadCounter.table","NW_015090842.1:7609844",22,29,7
"CRISPLD2","s672_F_ADR_01_ASEReadCounter.table","NW_015090842.1:7609845",22,29,7
"CRISPLD2","s672_F_ADR_01_ASEReadCounter.table","NW_015090842.1:7609883",26,33,7
"CRISPLD2","s672_F_ADR_01_ASEReadCounter.table","NW_015090842.1:7610084",33,37,4
"CRISPLD2","s672_F_ADR_01_ASEReadCounter.table","NW_015090842.1:7617757",22,26,4
"CRISPLD2","s672_F_ADR_01_ASEReadCounter.table","NW_015090842.1:7617781",26,31,5
"CRISPLD2","s672_F_ADR_01_ASEReadCounter.table","NW_015090842.1:7617790",24,29,5
"CRISPLD2","s672_F_ADR_01_ASEReadCounter.table","NW_015090842.1:7621452",20,27,7
"CRISPLD2","s672_F_ADR_01_ASEReadCounter.table","NW_015090842.1:7625451",32,40,8
"CRISPLD2","s672_F_ADR_01_ASEReadCounter.table","NW_015090842.1:7626214",32,36,4
"CRISPLD2","s672_F_ADR_01_ASEReadCounter.table","NW_015090842.1:7630784",24,26,2
"CRISPLD2","s672_F_ADR_01_ASEReadCounter.table","NW_015090842.1:7630823",25,27,2
"CRISPLD2","s672_F_ADR_01_ASEReadCounter.table","NW_015090842.1:7633172",20,22,2
"CRISPLD2","s672_F_ADR_01_ASEReadCounter.table","NW_015090842.1:7633326",25,30,5
"CRISPLD2","s672_F_ADR_01_ASEReadCounter.table","NW_015090842.1:7633336",24,29,5
"CRISPLD2","s672_F_ADR_01_ASEReadCounter.table","NW_015090842.1:7633381",25,28,3
"CRISPLD2","s672_F_ADR_01_ASEReadCounter.table","NW_015090842.1:7633388",25,28,3
"CRISPLD2","s672_F_ADR_01_ASEReadCounter.table","NW_015090842.1:7633400",26,32,6
"CRISPLD2","s672_F_ADR_01_ASEReadCounter.table","NW_015090842.1:7633486",30,38,8
"CRISPLD2","s672_F_ADR_01_ASEReadCounter.table","NW_015090842.1:7633503",28,34,6
"CRISPLD2","s672_F_ADR_01_ASEReadCounter.table","NW_015090842.1:7633504",28,34,6
"CRISPLD2","s672_F_ADR_01_ASEReadCounter.table","NW_015090842.1:7633557",44,53,9
"CRISPLD2","s672_F_ADR_01_ASEReadCounter.table","NW_015090842.1:7633571",46,55,9
"CRISPLD2","s672_F_ADR_01_ASEReadCounter.table","NW_015090842.1:7633588",45,52,7
"CRISPLD2","s672_F_ADR_01_ASEReadCounter.table","NW_015090842.1:7633617",38,45,7
"CRISPLD2","s672_F_ADR_01_ASEReadCounter.table","NW_015090842.1:7633695",43,50,7
"CRISPLD2","s672_F_ADR_01_ASEReadCounter.table","NW_015090842.1:7633721",45,50,5
"CRISPLD2","s672_F_ADR_01_ASEReadCounter.table","NW_015090842.1:7633888",22,30,8
"CRISPLD2","s672_F_ADR_01_ASEReadCounter.table","NW_015090842.1:7633910",18,25,7
"CRISPLD2","s672_F_ADR_01_ASEReadCounter.table","NW_015090842.1:7634142",26,38,12
"CRISPLD2","s672_F_ADR_01_ASEReadCounter.table","NW_015090842.1:7634417",28,33,5
"CRISPLD2","s672_F_ADR_01_ASEReadCounter.table","NW_015090842.1:7634825",24,28,4
"CRISPLD2","s672_F_ADR_01_ASEReadCounter.table","NW_015090842.1:7634852",27,32,5
"CRISPLD2","s672_F_ADR_01_ASEReadCounter.table","NW_015090842.1:7635009",39,43,4
"CRISPLD2","s672_F_ADR_01_ASEReadCounter.table","NW_015090842.1:7635208",42,47,5
"CRISPLD2","s672_F_ADR_01_ASEReadCounter.table","NW_015090842.1:7635373",37,48,11
"CRISPLD2","s672_F_ADR_01_ASEReadCounter.table","NW_015090842.1:7635525",34,49,15
"CRISPLD2","s672_F_ADR_01_ASEReadCounter.table","NW_015090842.1:7635583",25,38,13
"CRISPLD2","s672_F_ADR_01_ASEReadCounter.table","NW_015090842.1:7635924",35,44,9
"LOC106888312","s672_F_ADR_01_ASEReadCounter.table","NW_015090842.1:7713031",1,1,0
"LOC106888312","s672_F_ADR_01_ASEReadCounter.table","NW_015090842.1:7727001",0,2,2
"LOC106888312","s672_F_ADR_01_ASEReadCounter.table","NW_015090842.1:7727036",0,2,2
"LOC106888312","s672_F_ADR_01_ASEReadCounter.table","NW_015090842.1:7727072",0,4,4
"LOC106888312","s672_F_ADR_01_ASEReadCounter.table","NW_015090842.1:7727961",0,1,1
"LOC106888312","s672_F_ADR_01_ASEReadCounter.table","NW_015090842.1:7731961",0,2,2
"LOC106888312","s672_F_ADR_01_ASEReadCounter.table","NW_015090842.1:7732244",2,3,1
"LOC106888312","s672_F_ADR_01_ASEReadCounter.table","NW_015090842.1:7732580",1,1,0
"LOC106888312","s672_F_ADR_01_ASEReadCounter.table","NW_015090842.1:7732629",0,2,2
"LOC106888312","s672_F_ADR_01_ASEReadCounter.table","NW_015090842.1:7732630",0,2,2
"LOC106888312","s672_F_ADR_01_ASEReadCounter.table","NW_015090842.1:7732637",2,2,0
"LOC106888312","s672_F_ADR_01_ASEReadCounter.table","NW_015090842.1:7732696",0,1,1
"LOC106888312","s672_F_ADR_01_ASEReadCounter.table","NW_015090842.1:7732709",0,1,1
"LOC106888312","s672_F_ADR_01_ASEReadCounter.table","NW_015090842.1:7732718",0,1,1
"LOC106888312","s672_F_ADR_01_ASEReadCounter.table","NW_015090842.1:7732739",0,1,1
"LOC106888312","s672_F_ADR_01_ASEReadCounter.table","NW_015090842.1:7732743",1,2,1
"LOC106888312","s672_F_ADR_01_ASEReadCounter.table","NW_015090842.1:7732744",1,2,1
"LOC106888312","s672_F_ADR_01_ASEReadCounter.table","NW_015090842.1:7732756",2,3,1
"LOC106888312","s672_F_ADR_01_ASEReadCounter.table","NW_015090842.1:7732757",2,3,1
"LOC106888312","s672_F_ADR_01_ASEReadCounter.table","NW_015090842.1:7732782",2,3,1
"LOC106888312","s672_F_ADR_01_ASEReadCounter.table","NW_015090842.1:7732796",2,2,0
"LOC106888312","s672_F_ADR_01_ASEReadCounter.table","NW_015090842.1:7732860",1,2,1
"LOC106888312","s672_F_ADR_01_ASEReadCounter.table","NW_015090842.1:7732861",1,2,1
"LOC106888312","s672_F_ADR_01_ASEReadCounter.table","NW_015090842.1:7732918",0,2,2
"LOC106888312","s672_F_ADR_01_ASEReadCounter.table","NW_015090842.1:7733068",1,1,0
"LOC106888312","s672_F_ADR_01_ASEReadCounter.table","NW_015090842.1:7733077",1,1,0
"LOC106888312","s672_F_ADR_01_ASEReadCounter.table","NW_015090842.1:7733096",1,1,0
"LOC106888312","s672_F_ADR_01_ASEReadCounter.table","NW_015090842.1:7733142",1,2,1
"LOC106888312","s672_F_ADR_01_ASEReadCounter.table","NW_015090842.1:7733196",1,3,2
"LOC106888312","s672_F_ADR_01_ASEReadCounter.table","NW_015090842.1:7733299",2,4,2
"LOC106888312","s672_F_ADR_01_ASEReadCounter.table","NW_015090842.1:7733470",3,4,1
"LOC106888312","s672_F_ADR_01_ASEReadCounter.table","NW_015090842.1:7733471",3,4,1
"LOC106888312","s672_F_ADR_01_ASEReadCounter.table","NW_015090842.1:7733472",3,4,1
"LOC106888312","s672_F_ADR_01_ASEReadCounter.table","NW_015090842.1:7733507",0,3,3
"LOC106888312","s672_F_ADR_01_ASEReadCounter.table","NW_015090842.1:7733508",0,3,3
"LOC106888312","s672_F_ADR_01_ASEReadCounter.table","NW_015090842.1:7733518",1,2,1
"LOC106888312","s672_F_ADR_01_ASEReadCounter.table","NW_015090842.1:7733609",0,2,2
"LOC106888312","s672_F_ADR_01_ASEReadCounter.table","NW_015090842.1:7733631",0,2,2
"LOC106888312","s672_F_ADR_01_ASEReadCounter.table","NW_015090842.1:7733674",0,4,4
"ZDHHC7","s672_F_ADR_01_ASEReadCounter.table","NW_015090842.1:7737199",39,80,41
"ZDHHC7","s672_F_ADR_01_ASEReadCounter.table","NW_015090842.1:7737332",40,67,27
"ZDHHC7","s672_F_ADR_01_ASEReadCounter.table","NW_015090842.1:7737553",60,106,46
"ZDHHC7","s672_F_ADR_01_ASEReadCounter.table","NW_015090842.1:7737920",48,89,41
"ZDHHC7","s672_F_ADR_01_ASEReadCounter.table","NW_015090842.1:7737953",40,84,44
"ZDHHC7","s672_F_ADR_01_ASEReadCounter.table","NW_015090842.1:7737987",42,85,43
"ZDHHC7","s672_F_ADR_01_ASEReadCounter.table","NW_015090842.1:7738068",37,71,34
"ZDHHC7","s672_F_ADR_01_ASEReadCounter.table","NW_015090842.1:7738204",44,81,37
"LOC106888097","s672_F_ADR_01_ASEReadCounter.table","NW_015090842.1:7767178",35,65,30
"LOC106888097","s672_F_ADR_01_ASEReadCounter.table","NW_015090842.1:7767187",34,67,33
"LOC106888097","s672_F_ADR_01_ASEReadCounter.table","NW_015090842.1:7768144",55,120,65
"LOC106888097","s672_F_ADR_01_ASEReadCounter.table","NW_015090842.1:7768196",58,130,72
"LOC106888097","s672_F_ADR_01_ASEReadCounter.table","NW_015090842.1:7769884",50,95,45
"LOC106888097","s672_F_ADR_01_ASEReadCounter.table","NW_015090842.1:7769893",47,88,41
"LOC106888097","s672_F_ADR_01_ASEReadCounter.table","NW_015090842.1:7770245",49,105,56
"LOC106888097","s672_F_ADR_01_ASEReadCounter.table","NW_015090842.1:7772402",52,125,73
"LOC106888097","s672_F_ADR_01_ASEReadCounter.table","NW_015090842.1:7772483",46,121,75
"LOC106888097","s672_F_ADR_01_ASEReadCounter.table","NW_015090842.1:7772490",52,127,75
"LOC106888097","s672_F_ADR_01_ASEReadCounter.table","NW_015090842.1:7774281",66,147,81
"LOC106888097","s672_F_ADR_01_ASEReadCounter.table","NW_015090842.1:7774552",62,176,114
"LOC106888097","s672_F_ADR_01_ASEReadCounter.table","NW_015090842.1:7774564",58,166,108
"LOC106888097","s672_F_ADR_01_ASEReadCounter.table","NW_015090842.1:7774611",33,123,90
"LOC106888097","s672_F_ADR_01_ASEReadCounter.table","NW_015090842.1:7774681",54,142,88
"LOC106888097","s672_F_ADR_01_ASEReadCounter.table","NW_015090842.1:7774698",49,129,80
"LOC106888097","s672_F_ADR_01_ASEReadCounter.table","NW_015090842.1:7774730",29,75,46
"LOC106888097","s672_F_ADR_01_ASEReadCounter.table","NW_015090842.1:7774778",6,10,4
"LOC106888097","s672_F_ADR_01_ASEReadCounter.table","NW_015090842.1:7774793",4,7,3
"FOXL1","s672_F_ADR_01_ASEReadCounter.table","NW_015090842.1:8113043",1,1,0
"FOXC2","s672_F_ADR_01_ASEReadCounter.table","NW_015090842.1:8129599",5,16,11
"FOXC2","s672_F_ADR_01_ASEReadCounter.table","NW_015090842.1:8129616",7,20,13
"FOXC2","s672_F_ADR_01_ASEReadCounter.table","NW_015090842.1:8129715",14,27,13
"FOXC2","s672_F_ADR_01_ASEReadCounter.table","NW_015090842.1:8129719",14,25,11
"FOXC2","s672_F_ADR_01_ASEReadCounter.table","NW_015090842.1:8130244",9,24,15
"FOXC2","s672_F_ADR_01_ASEReadCounter.table","NW_015090842.1:8130472",11,22,11
"FOXC2","s672_F_ADR_01_ASEReadCounter.table","NW_015090842.1:8130490",14,24,10
"FOXC2","s672_F_ADR_01_ASEReadCounter.table","NW_015090842.1:8130547",9,15,6
"FOXC2","s672_F_ADR_01_ASEReadCounter.table","NW_015090842.1:8130550",9,15,6
"FOXC2","s672_F_ADR_01_ASEReadCounter.table","NW_015090842.1:8130573",8,15,7
"FOXC2","s672_F_ADR_01_ASEReadCounter.table","NW_015090842.1:8130575",8,14,6
"MTHFSD","s672_F_ADR_01_ASEReadCounter.table","NW_015090842.1:8140051",16,38,22
"MTHFSD","s672_F_ADR_01_ASEReadCounter.table","NW_015090842.1:8142923",21,62,41
"MTHFSD","s672_F_ADR_01_ASEReadCounter.table","NW_015090842.1:8143029",18,53,35
"MTHFSD","s672_F_ADR_01_ASEReadCounter.table","NW_015090842.1:8152035",16,37,21
"MTHFSD","s672_F_ADR_01_ASEReadCounter.table","NW_015090842.1:8152315",7,25,18
"MTHFSD","s672_F_ADR_01_ASEReadCounter.table","NW_015090842.1:8152511",16,30,14
"MTHFSD","s672_F_ADR_01_ASEReadCounter.table","NW_015090842.1:8152518",16,29,13
"MTHFSD","s672_F_ADR_01_ASEReadCounter.table","NW_015090842.1:8152553",9,24,15
"MTHFSD","s672_F_ADR_01_ASEReadCounter.table","NW_015090842.1:8152773",20,36,16
"MTHFSD","s672_F_ADR_01_ASEReadCounter.table","NW_015090842.1:8152805",19,36,17
"FOXF1","s672_F_ADR_01_ASEReadCounter.table","NW_015090842.1:8164789",2,14,12
"FOXF1","s672_F_ADR_01_ASEReadCounter.table","NW_015090842.1:8166883",1,11,10
"FOXF1","s672_F_ADR_01_ASEReadCounter.table","NW_015090842.1:8167113",1,10,9
"FOXF1","s672_F_ADR_01_ASEReadCounter.table","NW_015090842.1:8167588",0,6,6
"IRF8","s672_F_ADR_01_ASEReadCounter.table","NW_015090842.1:8406652",15,41,26
"IRF8","s672_F_ADR_01_ASEReadCounter.table","NW_015090842.1:8406703",29,51,22
"IRF8","s672_F_ADR_01_ASEReadCounter.table","NW_015090842.1:8406704",30,52,22
"IRF8","s672_F_ADR_01_ASEReadCounter.table","NW_015090842.1:8406757",33,62,29
"IRF8","s672_F_ADR_01_ASEReadCounter.table","NW_015090842.1:8406778",32,60,28
"IRF8","s672_F_ADR_01_ASEReadCounter.table","NW_015090842.1:8406819",36,66,30
"IRF8","s672_F_ADR_01_ASEReadCounter.table","NW_015090842.1:8406941",37,66,29
"IRF8","s672_F_ADR_01_ASEReadCounter.table","NW_015090842.1:8407008",25,50,25
"IRF8","s672_F_ADR_01_ASEReadCounter.table","NW_015090842.1:8407057",23,41,18
"IRF8","s672_F_ADR_01_ASEReadCounter.table","NW_015090842.1:8407064",26,41,15
"IRF8","s672_F_ADR_01_ASEReadCounter.table","NW_015090842.1:8407069",33,54,21
"IRF8","s672_F_ADR_01_ASEReadCounter.table","NW_015090842.1:8407120",37,57,20
"IRF8","s672_F_ADR_01_ASEReadCounter.table","NW_015090842.1:8407157",45,67,22
"IRF8","s672_F_ADR_01_ASEReadCounter.table","NW_015090842.1:8407203",43,68,25
"IRF8","s672_F_ADR_01_ASEReadCounter.table","NW_015090842.1:8407272",33,61,28
"IRF8","s672_F_ADR_01_ASEReadCounter.table","NW_015090842.1:8407276",30,57,27
"IRF8","s672_F_ADR_01_ASEReadCounter.table","NW_015090842.1:8407303",41,66,25
"IRF8","s672_F_ADR_01_ASEReadCounter.table","NW_015090842.1:8407451",36,55,19
"IRF8","s672_F_ADR_01_ASEReadCounter.table","NW_015090842.1:8407456",35,54,19
"IRF8","s672_F_ADR_01_ASEReadCounter.table","NW_015090842.1:8408564",24,31,7
"IRF8","s672_F_ADR_01_ASEReadCounter.table","NW_015090842.1:8408585",43,43,0
"IRF8","s672_F_ADR_01_ASEReadCounter.table","NW_015090842.1:8408973",43,58,15
"IRF8","s672_F_ADR_01_ASEReadCounter.table","NW_015090842.1:8409060",21,36,15
"IRF8","s672_F_ADR_01_ASEReadCounter.table","NW_015090842.1:8409065",26,41,15
"IRF8","s672_F_ADR_01_ASEReadCounter.table","NW_015090842.1:8409254",19,28,9
"IRF8","s672_F_ADR_01_ASEReadCounter.table","NW_015090842.1:8409255",19,29,10
"IRF8","s672_F_ADR_01_ASEReadCounter.table","NW_015090842.1:8409258",19,28,9
"IRF8","s672_F_ADR_01_ASEReadCounter.table","NW_015090842.1:8409312",30,43,13
"IRF8","s672_F_ADR_01_ASEReadCounter.table","NW_015090842.1:8410216",33,47,14
"IRF8","s672_F_ADR_01_ASEReadCounter.table","NW_015090842.1:8410237",34,46,12
"IRF8","s672_F_ADR_01_ASEReadCounter.table","NW_015090842.1:8410276",56,56,0
"IRF8","s672_F_ADR_01_ASEReadCounter.table","NW_015090842.1:8410813",41,62,21
"IRF8","s672_F_ADR_01_ASEReadCounter.table","NW_015090842.1:8410861",41,68,27
"IRF8","s672_F_ADR_01_ASEReadCounter.table","NW_015090842.1:8411940",27,48,21
"IRF8","s672_F_ADR_01_ASEReadCounter.table","NW_015090842.1:8412006",26,54,28
"IRF8","s672_F_ADR_01_ASEReadCounter.table","NW_015090842.1:8412042",27,54,27
"DUSP15","s672_F_ADR_01_ASEReadCounter.table","NW_015090842.1:8422787",1,2,1
"COX4I1","s672_F_ADR_01_ASEReadCounter.table","NW_015090842.1:8442258",830,1710,880
"COX4I1","s672_F_ADR_01_ASEReadCounter.table","NW_015090842.1:8442333",744,1526,782
"EMC8","s672_F_ADR_01_ASEReadCounter.table","NW_015090842.1:8444046",70,169,99
"EMC8","s672_F_ADR_01_ASEReadCounter.table","NW_015090842.1:8444064",64,143,79
"EMC8","s672_F_ADR_01_ASEReadCounter.table","NW_015090842.1:8452029",13,52,39
"EMC8","s672_F_ADR_01_ASEReadCounter.table","NW_015090842.1:8452116",14,57,43
"EMC8","s672_F_ADR_01_ASEReadCounter.table","NW_015090842.1:8452121",14,60,46
"EMC8","s672_F_ADR_01_ASEReadCounter.table","NW_015090842.1:8452222",22,44,22
"EMC8","s672_F_ADR_01_ASEReadCounter.table","NW_015090842.1:8452244",19,50,31
"EMC8","s672_F_ADR_01_ASEReadCounter.table","NW_015090842.1:8452477",9,17,8
"EMC8","s672_F_ADR_01_ASEReadCounter.table","NW_015090842.1:8452498",7,15,8
"EMC8","s672_F_ADR_01_ASEReadCounter.table","NW_015090842.1:8452535",3,7,4
"EMC8","s672_F_ADR_01_ASEReadCounter.table","NW_015090842.1:8452575",2,4,2
"EMC8","s672_F_ADR_01_ASEReadCounter.table","NW_015090842.1:8452600",2,5,3
"EMC8","s672_F_ADR_01_ASEReadCounter.table","NW_015090842.1:8452616",3,7,4
"EMC8","s672_F_ADR_01_ASEReadCounter.table","NW_015090842.1:8452630",3,6,3
"EMC8","s672_F_ADR_01_ASEReadCounter.table","NW_015090842.1:8452650",3,6,3
"EMC8","s672_F_ADR_01_ASEReadCounter.table","NW_015090842.1:8452678",3,14,11
"EMC8","s672_F_ADR_01_ASEReadCounter.table","NW_015090842.1:8452724",2,12,10
"EMC8","s672_F_ADR_01_ASEReadCounter.table","NW_015090842.1:8452731",2,12,10
"EMC8","s672_F_ADR_01_ASEReadCounter.table","NW_015090842.1:8452743",2,12,10
"EMC8","s672_F_ADR_01_ASEReadCounter.table","NW_015090842.1:8452750",2,14,12
"EMC8","s672_F_ADR_01_ASEReadCounter.table","NW_015090842.1:8452778",2,8,6
"EMC8","s672_F_ADR_01_ASEReadCounter.table","NW_015090842.1:8452783",2,9,7
"EMC8","s672_F_ADR_01_ASEReadCounter.table","NW_015090842.1:8452800",2,10,8
"EMC8","s672_F_ADR_01_ASEReadCounter.table","NW_015090842.1:8452804",2,10,8
"EMC8","s672_F_ADR_01_ASEReadCounter.table","NW_015090842.1:8452812",2,12,10
"EMC8","s672_F_ADR_01_ASEReadCounter.table","NW_015090842.1:8452858",2,9,7
"EMC8","s672_F_ADR_01_ASEReadCounter.table","NW_015090842.1:8452906",5,10,5
"EMC8","s672_F_ADR_01_ASEReadCounter.table","NW_015090842.1:8452913",5,9,4
"EMC8","s672_F_ADR_01_ASEReadCounter.table","NW_015090842.1:8453000",10,18,8
"EMC8","s672_F_ADR_01_ASEReadCounter.table","NW_015090842.1:8453007",10,18,8
"EMC8","s672_F_ADR_01_ASEReadCounter.table","NW_015090842.1:8453058",9,15,6
"EMC8","s672_F_ADR_01_ASEReadCounter.table","NW_015090842.1:8453106",8,11,3
"GINS2","s672_F_ADR_01_ASEReadCounter.table","NW_015090842.1:8466420",20,20,0
"GINS2","s672_F_ADR_01_ASEReadCounter.table","NW_015090842.1:8466424",21,21,0
"GINS2","s672_F_ADR_01_ASEReadCounter.table","NW_015090842.1:8466518",23,24,1
"GINS2","s672_F_ADR_01_ASEReadCounter.table","NW_015090842.1:8468482",28,30,2
"GINS2","s672_F_ADR_01_ASEReadCounter.table","NW_015090842.1:8470290",19,24,5
"GINS2","s672_F_ADR_01_ASEReadCounter.table","NW_015090842.1:8470305",19,24,5
"GINS2","s672_F_ADR_01_ASEReadCounter.table","NW_015090842.1:8470381",28,31,3
"GINS2","s672_F_ADR_01_ASEReadCounter.table","NW_015090842.1:8470418",27,34,7
"GINS2","s672_F_ADR_01_ASEReadCounter.table","NW_015090842.1:8470421",27,34,7
"GINS2","s672_F_ADR_01_ASEReadCounter.table","NW_015090842.1:8470430",19,25,6
"GINS2","s672_F_ADR_01_ASEReadCounter.table","NW_015090842.1:8470433",17,23,6
"GINS2","s672_F_ADR_01_ASEReadCounter.table","NW_015090842.1:8470457",8,13,5
"GINS2","s672_F_ADR_01_ASEReadCounter.table","NW_015090842.1:8470491",11,16,5
"GINS2","s672_F_ADR_01_ASEReadCounter.table","NW_015090842.1:8470548",15,15,0
"GINS2","s672_F_ADR_01_ASEReadCounter.table","NW_015090842.1:8470649",18,25,7
"GSE1","s672_F_ADR_01_ASEReadCounter.table","NW_015090842.1:8475362",25,55,30
"GSE1","s672_F_ADR_01_ASEReadCounter.table","NW_015090842.1:8475961",12,18,6
"GSE1","s672_F_ADR_01_ASEReadCounter.table","NW_015090842.1:8476027",12,23,11
"GSE1","s672_F_ADR_01_ASEReadCounter.table","NW_015090842.1:8476159",6,7,1
"GSE1","s672_F_ADR_01_ASEReadCounter.table","NW_015090842.1:8477442",0,16,16
"GSE1","s672_F_ADR_01_ASEReadCounter.table","NW_015090842.1:8477448",0,15,15
"GSE1","s672_F_ADR_01_ASEReadCounter.table","NW_015090842.1:8477662",2,11,9
"GSE1","s672_F_ADR_01_ASEReadCounter.table","NW_015090842.1:8477933",12,28,16
"GSE1","s672_F_ADR_01_ASEReadCounter.table","NW_015090842.1:8477945",12,27,15
"GSE1","s672_F_ADR_01_ASEReadCounter.table","NW_015090842.1:8483272",4,17,13
"GSE1","s672_F_ADR_01_ASEReadCounter.table","NW_015090842.1:8483367",2,11,9
"GSE1","s672_F_ADR_01_ASEReadCounter.table","NW_015090842.1:8483411",1,4,3
"GSE1","s672_F_ADR_01_ASEReadCounter.table","NW_015090842.1:8483756",6,18,12
"GSE1","s672_F_ADR_01_ASEReadCounter.table","NW_015090842.1:8486867",31,50,19
"GSE1","s672_F_ADR_01_ASEReadCounter.table","NW_015090842.1:8486939",30,56,26
"GSE1","s672_F_ADR_01_ASEReadCounter.table","NW_015090842.1:8486945",27,57,30
"GSE1","s672_F_ADR_01_ASEReadCounter.table","NW_015090842.1:8486993",24,47,23
"GSE1","s672_F_ADR_01_ASEReadCounter.table","NW_015090842.1:8487062",17,36,19
"GSE1","s672_F_ADR_01_ASEReadCounter.table","NW_015090842.1:8488065",11,26,15
"GSE1","s672_F_ADR_01_ASEReadCounter.table","NW_015090842.1:8488457",14,29,15
"GSE1","s672_F_ADR_01_ASEReadCounter.table","NW_015090842.1:8488463",15,32,17
"GSE1","s672_F_ADR_01_ASEReadCounter.table","NW_015090842.1:8488490",25,25,0
"GSE1","s672_F_ADR_01_ASEReadCounter.table","NW_015090842.1:8488505",15,29,14
"GSE1","s672_F_ADR_01_ASEReadCounter.table","NW_015090842.1:8490180",1,36,35
"KIAA0513","s672_F_ADR_01_ASEReadCounter.table","NW_015090842.1:8668363",107,245,138
"KIAA0513","s672_F_ADR_01_ASEReadCounter.table","NW_015090842.1:8668387",111,242,131
"KIAA0513","s672_F_ADR_01_ASEReadCounter.table","NW_015090842.1:8668390",113,238,125
"KIAA0513","s672_F_ADR_01_ASEReadCounter.table","NW_015090842.1:8673107",105,239,134
"KIAA0513","s672_F_ADR_01_ASEReadCounter.table","NW_015090842.1:8673147",117,260,143
"KIAA0513","s672_F_ADR_01_ASEReadCounter.table","NW_015090842.1:8674661",79,210,131
"KIAA0513","s672_F_ADR_01_ASEReadCounter.table","NW_015090842.1:8674685",81,203,122
"KIAA0513","s672_F_ADR_01_ASEReadCounter.table","NW_015090842.1:8674730",74,201,127
"KIAA0513","s672_F_ADR_01_ASEReadCounter.table","NW_015090842.1:8675525",98,227,129
"KIAA0513","s672_F_ADR_01_ASEReadCounter.table","NW_015090842.1:8675561",105,231,126
"KIAA0513","s672_F_ADR_01_ASEReadCounter.table","NW_015090842.1:8678608",3,38,35
"KIAA0513","s672_F_ADR_01_ASEReadCounter.table","NW_015090842.1:8686455",0,19,19
"KIAA0513","s672_F_ADR_01_ASEReadCounter.table","NW_015090842.1:8686508",0,25,25
"KIAA0513","s672_F_ADR_01_ASEReadCounter.table","NW_015090842.1:8686521",0,25,25
"KIAA0513","s672_F_ADR_01_ASEReadCounter.table","NW_015090842.1:8693642",31,56,25
"KIAA0513","s672_F_ADR_01_ASEReadCounter.table","NW_015090842.1:8693712",44,63,19
"KIAA0513","s672_F_ADR_01_ASEReadCounter.table","NW_015090842.1:8695794",0,2,2
"FBXO31","s672_F_ADR_01_ASEReadCounter.table","NW_015090842.1:8710240",24,62,38
"FBXO31","s672_F_ADR_01_ASEReadCounter.table","NW_015090842.1:8710372",24,52,28
"FBXO31","s672_F_ADR_01_ASEReadCounter.table","NW_015090842.1:8711239",40,85,45
"FBXO31","s672_F_ADR_01_ASEReadCounter.table","NW_015090842.1:8714565",49,111,62
"FBXO31","s672_F_ADR_01_ASEReadCounter.table","NW_015090842.1:8716001",25,61,36
"FBXO31","s672_F_ADR_01_ASEReadCounter.table","NW_015090842.1:8725050",1,2,1
"FBXO31","s672_F_ADR_01_ASEReadCounter.table","NW_015090842.1:8725057",1,3,2
"FBXO31","s672_F_ADR_01_ASEReadCounter.table","NW_015090842.1:8725162",2,2,0
"FBXO31","s672_F_ADR_01_ASEReadCounter.table","NW_015090842.1:8725163",2,2,0
"FBXO31","s672_F_ADR_01_ASEReadCounter.table","NW_015090842.1:8725170",1,1,0
"FBXO31","s672_F_ADR_01_ASEReadCounter.table","NW_015090842.1:8725187",1,1,0
"FBXO31","s672_F_ADR_01_ASEReadCounter.table","NW_015090842.1:8725188",1,1,0
"FBXO31","s672_F_ADR_01_ASEReadCounter.table","NW_015090842.1:8725190",1,1,0
"FBXO31","s672_F_ADR_01_ASEReadCounter.table","NW_015090842.1:8725370",2,2,0
"ZCCHC14","s672_F_ADR_01_ASEReadCounter.table","NW_015090842.1:8750174",28,38,10
"ZCCHC14","s672_F_ADR_01_ASEReadCounter.table","NW_015090842.1:8750189",32,36,4
"ZCCHC14","s672_F_ADR_01_ASEReadCounter.table","NW_015090842.1:8750365",16,32,16
"ZCCHC14","s672_F_ADR_01_ASEReadCounter.table","NW_015090842.1:8750433",16,29,13
"ZCCHC14","s672_F_ADR_01_ASEReadCounter.table","NW_015090842.1:8750449",17,30,13
"ZCCHC14","s672_F_ADR_01_ASEReadCounter.table","NW_015090842.1:8750456",17,30,13
"ZCCHC14","s672_F_ADR_01_ASEReadCounter.table","NW_015090842.1:8750497",23,36,13
"ZCCHC14","s672_F_ADR_01_ASEReadCounter.table","NW_015090842.1:8750547",21,31,10
"ZCCHC14","s672_F_ADR_01_ASEReadCounter.table","NW_015090842.1:8751100",4,8,4
"ZCCHC14","s672_F_ADR_01_ASEReadCounter.table","NW_015090842.1:8751374",8,22,14
"ZCCHC14","s672_F_ADR_01_ASEReadCounter.table","NW_015090842.1:8751403",9,27,18
"ZCCHC14","s672_F_ADR_01_ASEReadCounter.table","NW_015090842.1:8751517",6,20,14
"ZCCHC14","s672_F_ADR_01_ASEReadCounter.table","NW_015090842.1:8752060",7,16,9
"ZCCHC14","s672_F_ADR_01_ASEReadCounter.table","NW_015090842.1:8752172",12,24,12
"ZCCHC14","s672_F_ADR_01_ASEReadCounter.table","NW_015090842.1:8752183",12,26,14
"ZCCHC14","s672_F_ADR_01_ASEReadCounter.table","NW_015090842.1:8752198",15,32,17
"ZCCHC14","s672_F_ADR_01_ASEReadCounter.table","NW_015090842.1:8752248",13,33,20
"ZCCHC14","s672_F_ADR_01_ASEReadCounter.table","NW_015090842.1:8752326",16,31,15
"ZCCHC14","s672_F_ADR_01_ASEReadCounter.table","NW_015090842.1:8752393",11,31,20
"ZCCHC14","s672_F_ADR_01_ASEReadCounter.table","NW_015090842.1:8752914",12,22,10
"ZCCHC14","s672_F_ADR_01_ASEReadCounter.table","NW_015090842.1:8753528",14,21,7
"ZCCHC14","s672_F_ADR_01_ASEReadCounter.table","NW_015090842.1:8753892",12,23,11
"ZCCHC14","s672_F_ADR_01_ASEReadCounter.table","NW_015090842.1:8753910",9,21,12
"ZCCHC14","s672_F_ADR_01_ASEReadCounter.table","NW_015090842.1:8755096",6,17,11
"ZCCHC14","s672_F_ADR_01_ASEReadCounter.table","NW_015090842.1:8755327",2,7,5
"ZCCHC14","s672_F_ADR_01_ASEReadCounter.table","NW_015090842.1:8755723",9,14,5
"ZCCHC14","s672_F_ADR_01_ASEReadCounter.table","NW_015090842.1:8755739",9,13,4
"ZCCHC14","s672_F_ADR_01_ASEReadCounter.table","NW_015090842.1:8756149",4,7,3
"ZCCHC14","s672_F_ADR_01_ASEReadCounter.table","NW_015090842.1:8756347",8,15,7
"ZCCHC14","s672_F_ADR_01_ASEReadCounter.table","NW_015090842.1:8756361",6,12,6
"ZCCHC14","s672_F_ADR_01_ASEReadCounter.table","NW_015090842.1:8756388",6,14,8
"ZCCHC14","s672_F_ADR_01_ASEReadCounter.table","NW_015090842.1:8756389",6,14,8
"ZCCHC14","s672_F_ADR_01_ASEReadCounter.table","NW_015090842.1:8757160",11,19,8
"ZCCHC14","s672_F_ADR_01_ASEReadCounter.table","NW_015090842.1:8804511",7,12,5
"ZCCHC14","s672_F_ADR_01_ASEReadCounter.table","NW_015090842.1:8804979",5,8,3
"JPH3","s672_F_ADR_01_ASEReadCounter.table","NW_015090842.1:8845375",6,13,7
"JPH3","s672_F_ADR_01_ASEReadCounter.table","NW_015090842.1:8845640",7,13,6
"JPH3","s672_F_ADR_01_ASEReadCounter.table","NW_015090842.1:8845654",6,13,7
"JPH3","s672_F_ADR_01_ASEReadCounter.table","NW_015090842.1:8872283",11,24,13
"JPH3","s672_F_ADR_01_ASEReadCounter.table","NW_015090842.1:8872294",14,27,13
"JPH3","s672_F_ADR_01_ASEReadCounter.table","NW_015090842.1:8872730",16,27,11
"JPH3","s672_F_ADR_01_ASEReadCounter.table","NW_015090842.1:8885260",11,23,12
"JPH3","s672_F_ADR_01_ASEReadCounter.table","NW_015090842.1:8885315",11,20,9
"JPH3","s672_F_ADR_01_ASEReadCounter.table","NW_015090842.1:8885328",9,17,8
"JPH3","s672_F_ADR_01_ASEReadCounter.table","NW_015090842.1:8885438",8,21,13
"JPH3","s672_F_ADR_01_ASEReadCounter.table","NW_015090842.1:8885525",6,20,14
"KLHDC4","s672_F_ADR_01_ASEReadCounter.table","NW_015090842.1:8890729",22,41,19
"KLHDC4","s672_F_ADR_01_ASEReadCounter.table","NW_015090842.1:8890749",24,44,20
"KLHDC4","s672_F_ADR_01_ASEReadCounter.table","NW_015090842.1:8890761",25,45,20
"KLHDC4","s672_F_ADR_01_ASEReadCounter.table","NW_015090842.1:8891123",64,97,33
"KLHDC4","s672_F_ADR_01_ASEReadCounter.table","NW_015090842.1:8893124",53,77,24
"KLHDC4","s672_F_ADR_01_ASEReadCounter.table","NW_015090842.1:8894542",47,71,24
"KLHDC4","s672_F_ADR_01_ASEReadCounter.table","NW_015090842.1:8896726",48,58,10
"KLHDC4","s672_F_ADR_01_ASEReadCounter.table","NW_015090842.1:8896767",41,51,10
"KLHDC4","s672_F_ADR_01_ASEReadCounter.table","NW_015090842.1:8904174",29,48,19
"KLHDC4","s672_F_ADR_01_ASEReadCounter.table","NW_015090842.1:8904231",36,51,15
"KLHDC4","s672_F_ADR_01_ASEReadCounter.table","NW_015090842.1:8905251",37,50,13
"KLHDC4","s672_F_ADR_01_ASEReadCounter.table","NW_015090842.1:8905263",41,55,14
"KLHDC4","s672_F_ADR_01_ASEReadCounter.table","NW_015090842.1:8919626",5,7,2
"SLC7A5","s672_F_ADR_01_ASEReadCounter.table","NW_015090842.1:8938782",31,77,46
"SLC7A5","s672_F_ADR_01_ASEReadCounter.table","NW_015090842.1:8938943",37,87,50
"SLC7A5","s672_F_ADR_01_ASEReadCounter.table","NW_015090842.1:8939611",23,46,23
"SLC7A5","s672_F_ADR_01_ASEReadCounter.table","NW_015090842.1:8939738",33,82,49
"SLC7A5","s672_F_ADR_01_ASEReadCounter.table","NW_015090842.1:8939739",33,81,48
"SLC7A5","s672_F_ADR_01_ASEReadCounter.table","NW_015090842.1:8939740",32,83,51
"SLC7A5","s672_F_ADR_01_ASEReadCounter.table","NW_015090842.1:8939795",30,69,39
"SLC7A5","s672_F_ADR_01_ASEReadCounter.table","NW_015090842.1:8939815",24,67,43
"SLC7A5","s672_F_ADR_01_ASEReadCounter.table","NW_015090842.1:8939816",24,67,43
"SLC7A5","s672_F_ADR_01_ASEReadCounter.table","NW_015090842.1:8939817",24,73,49
"SLC7A5","s672_F_ADR_01_ASEReadCounter.table","NW_015090842.1:8939845",30,70,40
"SLC7A5","s672_F_ADR_01_ASEReadCounter.table","NW_015090842.1:8939894",28,74,46
"SLC7A5","s672_F_ADR_01_ASEReadCounter.table","NW_015090842.1:8939895",28,75,47
"SLC7A5","s672_F_ADR_01_ASEReadCounter.table","NW_015090842.1:8939997",98,98,0
"SLC7A5","s672_F_ADR_01_ASEReadCounter.table","NW_015090842.1:8940172",29,80,51
"SLC7A5","s672_F_ADR_01_ASEReadCounter.table","NW_015090842.1:8940331",25,50,25
"SLC7A5","s672_F_ADR_01_ASEReadCounter.table","NW_015090842.1:8940696",27,53,26
"SLC7A5","s672_F_ADR_01_ASEReadCounter.table","NW_015090842.1:8940719",12,53,41
"SLC7A5","s672_F_ADR_01_ASEReadCounter.table","NW_015090842.1:8940737",13,49,36
"SLC7A5","s672_F_ADR_01_ASEReadCounter.table","NW_015090842.1:8940743",13,53,40
"SLC7A5","s672_F_ADR_01_ASEReadCounter.table","NW_015090842.1:8940766",20,54,34
"SLC7A5","s672_F_ADR_01_ASEReadCounter.table","NW_015090842.1:8940769",19,57,38
"SLC7A5","s672_F_ADR_01_ASEReadCounter.table","NW_015090842.1:8940861",25,56,31
"SLC7A5","s672_F_ADR_01_ASEReadCounter.table","NW_015090842.1:8941068",29,81,52
"SLC7A5","s672_F_ADR_01_ASEReadCounter.table","NW_015090842.1:8941467",21,63,42
"SLC7A5","s672_F_ADR_01_ASEReadCounter.table","NW_015090842.1:8941531",18,59,41
"SLC7A5","s672_F_ADR_01_ASEReadCounter.table","NW_015090842.1:8941588",21,75,54
"SLC7A5","s672_F_ADR_01_ASEReadCounter.table","NW_015090842.1:8941698",23,49,26
"SLC7A5","s672_F_ADR_01_ASEReadCounter.table","NW_015090842.1:8941717",30,59,29
"SLC7A5","s672_F_ADR_01_ASEReadCounter.table","NW_015090842.1:8941745",28,66,38
"SLC7A5","s672_F_ADR_01_ASEReadCounter.table","NW_015090842.1:8941781",25,74,49
"SLC7A5","s672_F_ADR_01_ASEReadCounter.table","NW_015090842.1:8941887",19,53,34
"SLC7A5","s672_F_ADR_01_ASEReadCounter.table","NW_015090842.1:8941968",8,46,38
"SLC7A5","s672_F_ADR_01_ASEReadCounter.table","NW_015090842.1:8942025",12,49,37
"SLC7A5","s672_F_ADR_01_ASEReadCounter.table","NW_015090842.1:8942069",16,53,37
"SLC7A5","s672_F_ADR_01_ASEReadCounter.table","NW_015090842.1:8942170",15,44,29
"SLC7A5","s672_F_ADR_01_ASEReadCounter.table","NW_015090842.1:8942241",19,54,35
"SLC7A5","s672_F_ADR_01_ASEReadCounter.table","NW_015090842.1:8942283",19,56,37
"SLC7A5","s672_F_ADR_01_ASEReadCounter.table","NW_015090842.1:8942717",29,71,42
"SLC7A5","s672_F_ADR_01_ASEReadCounter.table","NW_015090842.1:8942756",42,100,58
"SLC7A5","s672_F_ADR_01_ASEReadCounter.table","NW_015090842.1:8942766",44,104,60
"SLC7A5","s672_F_ADR_01_ASEReadCounter.table","NW_015090842.1:8943271",16,38,22
"SLC7A5","s672_F_ADR_01_ASEReadCounter.table","NW_015090842.1:8943524",24,66,42
"SLC7A5","s672_F_ADR_01_ASEReadCounter.table","NW_015090842.1:8943530",27,75,48
"SLC7A5","s672_F_ADR_01_ASEReadCounter.table","NW_015090842.1:8943602",23,64,41
"SLC7A5","s672_F_ADR_01_ASEReadCounter.table","NW_015090842.1:8943622",19,53,34
"SLC7A5","s672_F_ADR_01_ASEReadCounter.table","NW_015090842.1:8943661",19,54,35
"SLC7A5","s672_F_ADR_01_ASEReadCounter.table","NW_015090842.1:8943686",17,52,35
"SLC7A5","s672_F_ADR_01_ASEReadCounter.table","NW_015090842.1:8943788",15,45,30
"SLC7A5","s672_F_ADR_01_ASEReadCounter.table","NW_015090842.1:8943814",11,41,30
"SLC7A5","s672_F_ADR_01_ASEReadCounter.table","NW_015090842.1:8943876",10,46,36
"SLC7A5","s672_F_ADR_01_ASEReadCounter.table","NW_015090842.1:8943892",12,47,35
"SLC7A5","s672_F_ADR_01_ASEReadCounter.table","NW_015090842.1:8944097",22,52,30
"SLC7A5","s672_F_ADR_01_ASEReadCounter.table","NW_015090842.1:8944104",22,51,29
"SLC7A5","s672_F_ADR_01_ASEReadCounter.table","NW_015090842.1:8944293",9,28,19
"SLC7A5","s672_F_ADR_01_ASEReadCounter.table","NW_015090842.1:8944297",8,27,19
"SLC7A5","s672_F_ADR_01_ASEReadCounter.table","NW_015090842.1:8944397",16,41,25
"SLC7A5","s672_F_ADR_01_ASEReadCounter.table","NW_015090842.1:8944552",19,50,31
"SLC7A5","s672_F_ADR_01_ASEReadCounter.table","NW_015090842.1:8944629",24,61,37
"CA5A","s672_F_ADR_01_ASEReadCounter.table","NW_015090842.1:8989479",53,92,39
"CA5A","s672_F_ADR_01_ASEReadCounter.table","NW_015090842.1:8989562",58,106,48
"CA5A","s672_F_ADR_01_ASEReadCounter.table","NW_015090842.1:8989609",59,113,54
"CA5A","s672_F_ADR_01_ASEReadCounter.table","NW_015090842.1:8989693",67,129,62
"CA5A","s672_F_ADR_01_ASEReadCounter.table","NW_015090842.1:8989702",65,118,53
"CA5A","s672_F_ADR_01_ASEReadCounter.table","NW_015090842.1:8989746",66,143,77
"CA5A","s672_F_ADR_01_ASEReadCounter.table","NW_015090842.1:8989880",53,121,68
"CA5A","s672_F_ADR_01_ASEReadCounter.table","NW_015090842.1:8989885",59,130,71
"CA5A","s672_F_ADR_01_ASEReadCounter.table","NW_015090842.1:8989929",58,117,59
"CA5A","s672_F_ADR_01_ASEReadCounter.table","NW_015090842.1:8990002",62,123,61
"CA5A","s672_F_ADR_01_ASEReadCounter.table","NW_015090842.1:8990004",62,122,60
"CA5A","s672_F_ADR_01_ASEReadCounter.table","NW_015090842.1:8990005",61,122,61
"CA5A","s672_F_ADR_01_ASEReadCounter.table","NW_015090842.1:8990017",62,116,54
"CA5A","s672_F_ADR_01_ASEReadCounter.table","NW_015090842.1:8990043",50,97,47
"CA5A","s672_F_ADR_01_ASEReadCounter.table","NW_015090842.1:8990060",101,101,0
"CA5A","s672_F_ADR_01_ASEReadCounter.table","NW_015090842.1:8990080",37,94,57
"CA5A","s672_F_ADR_01_ASEReadCounter.table","NW_015090842.1:8990084",34,92,58
"CA5A","s672_F_ADR_01_ASEReadCounter.table","NW_015090842.1:8990090",31,89,58
"CA5A","s672_F_ADR_01_ASEReadCounter.table","NW_015090842.1:8990095",34,91,57
"CA5A","s672_F_ADR_01_ASEReadCounter.table","NW_015090842.1:8990111",35,90,55
"CA5A","s672_F_ADR_01_ASEReadCounter.table","NW_015090842.1:8990112",35,89,54
"CA5A","s672_F_ADR_01_ASEReadCounter.table","NW_015090842.1:8990115",42,96,54
"CA5A","s672_F_ADR_01_ASEReadCounter.table","NW_015090842.1:8990166",57,105,48
"CA5A","s672_F_ADR_01_ASEReadCounter.table","NW_015090842.1:8990169",61,107,46
"CA5A","s672_F_ADR_01_ASEReadCounter.table","NW_015090842.1:8990193",105,105,0
"CA5A","s672_F_ADR_01_ASEReadCounter.table","NW_015090842.1:8990222",46,88,42
"CA5A","s672_F_ADR_01_ASEReadCounter.table","NW_015090842.1:8990289",57,107,50
"CA5A","s672_F_ADR_01_ASEReadCounter.table","NW_015090842.1:8990314",57,108,51
"CA5A","s672_F_ADR_01_ASEReadCounter.table","NW_015090842.1:8990361",49,95,46
"CA5A","s672_F_ADR_01_ASEReadCounter.table","NW_015090842.1:8990368",51,99,48
"CA5A","s672_F_ADR_01_ASEReadCounter.table","NW_015090842.1:8990429",52,104,52
"CA5A","s672_F_ADR_01_ASEReadCounter.table","NW_015090842.1:8990466",45,89,44
"CA5A","s672_F_ADR_01_ASEReadCounter.table","NW_015090842.1:8990663",52,94,42
"CA5A","s672_F_ADR_01_ASEReadCounter.table","NW_015090842.1:8990797",48,92,44
"CA5A","s672_F_ADR_01_ASEReadCounter.table","NW_015090842.1:8990836",45,82,37
"CA5A","s672_F_ADR_01_ASEReadCounter.table","NW_015090842.1:8990842",41,79,38
"CA5A","s672_F_ADR_01_ASEReadCounter.table","NW_015090842.1:8990851",39,73,34
"CA5A","s672_F_ADR_01_ASEReadCounter.table","NW_015090842.1:8990918",40,72,32
"CA5A","s672_F_ADR_01_ASEReadCounter.table","NW_015090842.1:8990921",35,71,36
"CA5A","s672_F_ADR_01_ASEReadCounter.table","NW_015090842.1:8990942",54,94,40
"CA5A","s672_F_ADR_01_ASEReadCounter.table","NW_015090842.1:8991001",74,126,52
"CA5A","s672_F_ADR_01_ASEReadCounter.table","NW_015090842.1:8991038",65,116,51
"CA5A","s672_F_ADR_01_ASEReadCounter.table","NW_015090842.1:8991149",49,94,45
"CA5A","s672_F_ADR_01_ASEReadCounter.table","NW_015090842.1:8991176",58,102,44
"CA5A","s672_F_ADR_01_ASEReadCounter.table","NW_015090842.1:8991241",64,119,55
"CA5A","s672_F_ADR_01_ASEReadCounter.table","NW_015090842.1:8991262",56,109,53
"CA5A","s672_F_ADR_01_ASEReadCounter.table","NW_015090842.1:8991316",71,76,5
"CA5A","s672_F_ADR_01_ASEReadCounter.table","NW_015090842.1:8991319",67,72,5
"CA5A","s672_F_ADR_01_ASEReadCounter.table","NW_015090842.1:8991330",56,57,1
"CA5A","s672_F_ADR_01_ASEReadCounter.table","NW_015090842.1:8991334",55,58,3
"CA5A","s672_F_ADR_01_ASEReadCounter.table","NW_015090842.1:8991362",54,83,29
"CA5A","s672_F_ADR_01_ASEReadCounter.table","NW_015090842.1:8991368",49,81,32
"CA5A","s672_F_ADR_01_ASEReadCounter.table","NW_015090842.1:8991390",49,87,38
"CA5A","s672_F_ADR_01_ASEReadCounter.table","NW_015090842.1:8991395",50,91,41
"CA5A","s672_F_ADR_01_ASEReadCounter.table","NW_015090842.1:8991422",47,95,48
"CA5A","s672_F_ADR_01_ASEReadCounter.table","NW_015090842.1:8991467",45,84,39
"CA5A","s672_F_ADR_01_ASEReadCounter.table","NW_015090842.1:8991576",33,65,32
"CA5A","s672_F_ADR_01_ASEReadCounter.table","NW_015090842.1:8991587",51,85,34
"CA5A","s672_F_ADR_01_ASEReadCounter.table","NW_015090842.1:8991655",56,103,47
"CA5A","s672_F_ADR_01_ASEReadCounter.table","NW_015090842.1:8991717",47,94,47
"CA5A","s672_F_ADR_01_ASEReadCounter.table","NW_015090842.1:8991726",51,100,49
"CA5A","s672_F_ADR_01_ASEReadCounter.table","NW_015090842.1:8991799",44,87,43
"CA5A","s672_F_ADR_01_ASEReadCounter.table","NW_015090842.1:8991809",38,81,43
"CA5A","s672_F_ADR_01_ASEReadCounter.table","NW_015090842.1:8991848",44,89,45
"CA5A","s672_F_ADR_01_ASEReadCounter.table","NW_015090842.1:8991849",45,90,45
"CA5A","s672_F_ADR_01_ASEReadCounter.table","NW_015090842.1:8991927",65,105,40
"CA5A","s672_F_ADR_01_ASEReadCounter.table","NW_015090842.1:8991941",65,98,33
"CA5A","s672_F_ADR_01_ASEReadCounter.table","NW_015090842.1:8992121",34,74,40
"CA5A","s672_F_ADR_01_ASEReadCounter.table","NW_015090842.1:8992224",51,88,37
"CA5A","s672_F_ADR_01_ASEReadCounter.table","NW_015090842.1:9002570",33,65,32
"CA5A","s672_F_ADR_01_ASEReadCounter.table","NW_015090842.1:9002600",29,60,31
"CA5A","s672_F_ADR_01_ASEReadCounter.table","NW_015090842.1:9004312",26,46,20
"CA5A","s672_F_ADR_01_ASEReadCounter.table","NW_015090842.1:9004506",0,1,1
"CA5A","s672_F_ADR_01_ASEReadCounter.table","NW_015090842.1:9004523",0,1,1
"CA5A","s672_F_ADR_01_ASEReadCounter.table","NW_015090842.1:9004530",0,1,1
"CA5A","s672_F_ADR_01_ASEReadCounter.table","NW_015090842.1:9004556",0,1,1
"CA5A","s672_F_ADR_01_ASEReadCounter.table","NW_015090842.1:9005116",1,2,1
"CA5A","s672_F_ADR_01_ASEReadCounter.table","NW_015090842.1:9005120",2,3,1
"CA5A","s672_F_ADR_01_ASEReadCounter.table","NW_015090842.1:9005140",1,2,1
"CA5A","s672_F_ADR_01_ASEReadCounter.table","NW_015090842.1:9005152",1,2,1
"CA5A","s672_F_ADR_01_ASEReadCounter.table","NW_015090842.1:9011011",0,2,2
"CA5A","s672_F_ADR_01_ASEReadCounter.table","NW_015090842.1:9011189",0,2,2
"CA5A","s672_F_ADR_01_ASEReadCounter.table","NW_015090842.1:9011194",1,2,1
"BANP","s672_F_ADR_01_ASEReadCounter.table","NW_015090842.1:9033407",4,15,11
"BANP","s672_F_ADR_01_ASEReadCounter.table","NW_015090842.1:9033409",4,14,10
"BANP","s672_F_ADR_01_ASEReadCounter.table","NW_015090842.1:9033420",7,20,13
"BANP","s672_F_ADR_01_ASEReadCounter.table","NW_015090842.1:9067974",0,19,19
"BANP","s672_F_ADR_01_ASEReadCounter.table","NW_015090842.1:9102510",16,45,29
"BANP","s672_F_ADR_01_ASEReadCounter.table","NW_015090842.1:9168534",20,48,28
"BANP","s672_F_ADR_01_ASEReadCounter.table","NW_015090842.1:9168818",18,38,20
"ZNF469","s672_F_ADR_01_ASEReadCounter.table","NW_015090842.1:9424301",3,3,0
"ZNF469","s672_F_ADR_01_ASEReadCounter.table","NW_015090842.1:9424333",3,3,0
"ZNF469","s672_F_ADR_01_ASEReadCounter.table","NW_015090842.1:9425089",4,5,1
"ZNF469","s672_F_ADR_01_ASEReadCounter.table","NW_015090842.1:9425108",3,4,1
"ZNF469","s672_F_ADR_01_ASEReadCounter.table","NW_015090842.1:9425182",9,10,1
"ZNF469","s672_F_ADR_01_ASEReadCounter.table","NW_015090842.1:9426367",5,6,1
"ZNF469","s672_F_ADR_01_ASEReadCounter.table","NW_015090842.1:9426420",3,3,0
"ZNF469","s672_F_ADR_01_ASEReadCounter.table","NW_015090842.1:9426585",5,7,2
"ZNF469","s672_F_ADR_01_ASEReadCounter.table","NW_015090842.1:9427614",3,3,0
"ZNF469","s672_F_ADR_01_ASEReadCounter.table","NW_015090842.1:9428122",3,3,0
"ZNF469","s672_F_ADR_01_ASEReadCounter.table","NW_015090842.1:9428178",1,1,0
"ZNF469","s672_F_ADR_01_ASEReadCounter.table","NW_015090842.1:9428419",4,5,1
"ZNF469","s672_F_ADR_01_ASEReadCounter.table","NW_015090842.1:9429633",10,13,3
"ZNF469","s672_F_ADR_01_ASEReadCounter.table","NW_015090842.1:9429758",0,4,4
"ZNF469","s672_F_ADR_01_ASEReadCounter.table","NW_015090842.1:9429759",0,4,4
"ZNF469","s672_F_ADR_01_ASEReadCounter.table","NW_015090842.1:9429794",4,6,2
"ZNF469","s672_F_ADR_01_ASEReadCounter.table","NW_015090842.1:9430560",5,8,3
"ZNF469","s672_F_ADR_01_ASEReadCounter.table","NW_015090842.1:9430668",7,8,1
"ZNF469","s672_F_ADR_01_ASEReadCounter.table","NW_015090842.1:9430700",6,6,0
"ZNF469","s672_F_ADR_01_ASEReadCounter.table","NW_015090842.1:9431031",4,9,5
"ZNF469","s672_F_ADR_01_ASEReadCounter.table","NW_015090842.1:9431073",5,5,0
"ZNF469","s672_F_ADR_01_ASEReadCounter.table","NW_015090842.1:9431091",3,6,3
"ZNF469","s672_F_ADR_01_ASEReadCounter.table","NW_015090842.1:9431150",4,7,3
"ZNF469","s672_F_ADR_01_ASEReadCounter.table","NW_015090842.1:9431162",5,8,3
"ZNF469","s672_F_ADR_01_ASEReadCounter.table","NW_015090842.1:9431214",2,4,2
"ZNF469","s672_F_ADR_01_ASEReadCounter.table","NW_015090842.1:9431317",1,1,0
"ZNF469","s672_F_ADR_01_ASEReadCounter.table","NW_015090842.1:9431325",1,1,0
"ZNF469","s672_F_ADR_01_ASEReadCounter.table","NW_015090842.1:9431700",10,15,5
"ZNF469","s672_F_ADR_01_ASEReadCounter.table","NW_015090842.1:9431901",7,9,2
"ZNF469","s672_F_ADR_01_ASEReadCounter.table","NW_015090842.1:9432110",6,9,3
"ZNF469","s672_F_ADR_01_ASEReadCounter.table","NW_015090842.1:9432302",5,8,3
"ZNF469","s672_F_ADR_01_ASEReadCounter.table","NW_015090842.1:9432361",3,6,3
"ZNF469","s672_F_ADR_01_ASEReadCounter.table","NW_015090842.1:9432374",4,7,3
"ZNF469","s672_F_ADR_01_ASEReadCounter.table","NW_015090842.1:9432382",4,7,3
"ZNF469","s672_F_ADR_01_ASEReadCounter.table","NW_015090842.1:9432481",10,13,3
"ZNF469","s672_F_ADR_01_ASEReadCounter.table","NW_015090842.1:9432498",8,11,3
"ZNF469","s672_F_ADR_01_ASEReadCounter.table","NW_015090842.1:9433268",6,10,4
"ZNF469","s672_F_ADR_01_ASEReadCounter.table","NW_015090842.1:9433678",7,13,6
"ZNF469","s672_F_ADR_01_ASEReadCounter.table","NW_015090842.1:9433902",5,7,2
"ZNF469","s672_F_ADR_01_ASEReadCounter.table","NW_015090842.1:9433980",3,5,2
"ZNF469","s672_F_ADR_01_ASEReadCounter.table","NW_015090842.1:9434259",8,14,6
"ZNF469","s672_F_ADR_01_ASEReadCounter.table","NW_015090842.1:9435221",9,14,5
"ZFPM1","s672_F_ADR_01_ASEReadCounter.table","NW_015090842.1:9458862",14,24,10
"ZFPM1","s672_F_ADR_01_ASEReadCounter.table","NW_015090842.1:9458888",19,43,24
"ZFPM1","s672_F_ADR_01_ASEReadCounter.table","NW_015090842.1:9458904",24,48,24
"ZFPM1","s672_F_ADR_01_ASEReadCounter.table","NW_015090842.1:9458916",26,49,23
"ZFPM1","s672_F_ADR_01_ASEReadCounter.table","NW_015090842.1:9468568",33,70,37
"ZFPM1","s672_F_ADR_01_ASEReadCounter.table","NW_015090842.1:9468593",34,66,32
"ZFPM1","s672_F_ADR_01_ASEReadCounter.table","NW_015090842.1:9471561",25,45,20
"ZFPM1","s672_F_ADR_01_ASEReadCounter.table","NW_015090842.1:9472557",28,52,24
"ZFPM1","s672_F_ADR_01_ASEReadCounter.table","NW_015090842.1:9472565",28,49,21
"ZFPM1","s672_F_ADR_01_ASEReadCounter.table","NW_015090842.1:9472608",41,64,23
"ZFPM1","s672_F_ADR_01_ASEReadCounter.table","NW_015090842.1:9472627",36,62,26
"ZFPM1","s672_F_ADR_01_ASEReadCounter.table","NW_015090842.1:9472668",25,54,29
"ZFPM1","s672_F_ADR_01_ASEReadCounter.table","NW_015090842.1:9473655",21,48,27
"ZFPM1","s672_F_ADR_01_ASEReadCounter.table","NW_015090842.1:9475827",24,52,28
"ZFPM1","s672_F_ADR_01_ASEReadCounter.table","NW_015090842.1:9475842",25,56,31
"ZFPM1","s672_F_ADR_01_ASEReadCounter.table","NW_015090842.1:9476119",12,33,21
"ZFPM1","s672_F_ADR_01_ASEReadCounter.table","NW_015090842.1:9476161",14,34,20
"ZFPM1","s672_F_ADR_01_ASEReadCounter.table","NW_015090842.1:9476219",5,22,17
"ZFPM1","s672_F_ADR_01_ASEReadCounter.table","NW_015090842.1:9476233",5,22,17
"ZFPM1","s672_F_ADR_01_ASEReadCounter.table","NW_015090842.1:9476305",13,41,28
"ZFPM1","s672_F_ADR_01_ASEReadCounter.table","NW_015090842.1:9476395",17,38,21
"ZFPM1","s672_F_ADR_01_ASEReadCounter.table","NW_015090842.1:9476421",22,51,29
"ZFPM1","s672_F_ADR_01_ASEReadCounter.table","NW_015090842.1:9476539",17,40,23
"ZFPM1","s672_F_ADR_01_ASEReadCounter.table","NW_015090842.1:9476576",18,37,19
"ZFPM1","s672_F_ADR_01_ASEReadCounter.table","NW_015090842.1:9476599",37,37,0
"ZFPM1","s672_F_ADR_01_ASEReadCounter.table","NW_015090842.1:9476792",24,53,29
"ZFPM1","s672_F_ADR_01_ASEReadCounter.table","NW_015090842.1:9476803",27,54,27
"ZFPM1","s672_F_ADR_01_ASEReadCounter.table","NW_015090842.1:9477115",17,40,23
"ZFPM1","s672_F_ADR_01_ASEReadCounter.table","NW_015090842.1:9477299",5,23,18
"ZFPM1","s672_F_ADR_01_ASEReadCounter.table","NW_015090842.1:9477398",39,39,0
"ZFPM1","s672_F_ADR_01_ASEReadCounter.table","NW_015090842.1:9477422",12,30,18
"ZFPM1","s672_F_ADR_01_ASEReadCounter.table","NW_015090842.1:9477554",21,40,19
"ZFPM1","s672_F_ADR_01_ASEReadCounter.table","NW_015090842.1:9477575",42,42,0
"ZFPM1","s672_F_ADR_01_ASEReadCounter.table","NW_015090842.1:9477595",29,53,24
"ZFPM1","s672_F_ADR_01_ASEReadCounter.table","NW_015090842.1:9477611",27,48,21
"ZFPM1","s672_F_ADR_01_ASEReadCounter.table","NW_015090842.1:9477659",22,52,30
"ZFPM1","s672_F_ADR_01_ASEReadCounter.table","NW_015090842.1:9477737",17,47,30
"ZFPM1","s672_F_ADR_01_ASEReadCounter.table","NW_015090842.1:9477791",20,43,23
"ZFPM1","s672_F_ADR_01_ASEReadCounter.table","NW_015090842.1:9477844",24,53,29
"ZFPM1","s672_F_ADR_01_ASEReadCounter.table","NW_015090842.1:9477917",22,46,24
"ZFPM1","s672_F_ADR_01_ASEReadCounter.table","NW_015090842.1:9478295",33,60,27
"ZFPM1","s672_F_ADR_01_ASEReadCounter.table","NW_015090842.1:9478349",31,59,28
"ZFPM1","s672_F_ADR_01_ASEReadCounter.table","NW_015090842.1:9478524",19,43,24
"ZFPM1","s672_F_ADR_01_ASEReadCounter.table","NW_015090842.1:9478546",21,41,20
"ZFPM1","s672_F_ADR_01_ASEReadCounter.table","NW_015090842.1:9478573",23,47,24
"ZFPM1","s672_F_ADR_01_ASEReadCounter.table","NW_015090842.1:9478582",20,40,20
"ZFPM1","s672_F_ADR_01_ASEReadCounter.table","NW_015090842.1:9478684",5,13,8
"ZFPM1","s672_F_ADR_01_ASEReadCounter.table","NW_015090842.1:9478711",7,14,7
"ZFPM1","s672_F_ADR_01_ASEReadCounter.table","NW_015090842.1:9478761",8,16,8
"ZFPM1","s672_F_ADR_01_ASEReadCounter.table","NW_015090842.1:9478829",10,10,0
"CIDEC","s672_F_ADR_01_ASEReadCounter.table","NW_015090842.1:9480252",1,1,0
"CIDEC","s672_F_ADR_01_ASEReadCounter.table","NW_015090842.1:9480391",1,2,1
"CIDEC","s672_F_ADR_01_ASEReadCounter.table","NW_015090842.1:9480394",1,2,1
"CIDEC","s672_F_ADR_01_ASEReadCounter.table","NW_015090842.1:9480630",1,4,3
"CIDEC","s672_F_ADR_01_ASEReadCounter.table","NW_015090842.1:9480675",2,5,3
"CIDEC","s672_F_ADR_01_ASEReadCounter.table","NW_015090842.1:9480686",2,5,3
"CIDEC","s672_F_ADR_01_ASEReadCounter.table","NW_015090842.1:9480693",2,5,3
"CIDEC","s672_F_ADR_01_ASEReadCounter.table","NW_015090842.1:9480756",3,6,3
"CIDEC","s672_F_ADR_01_ASEReadCounter.table","NW_015090842.1:9481199",4,4,0
"CIDEC","s672_F_ADR_01_ASEReadCounter.table","NW_015090842.1:9481604",1,3,2
"ZC3H18","s672_F_ADR_01_ASEReadCounter.table","NW_015090842.1:9494271",13,24,11
"ZC3H18","s672_F_ADR_01_ASEReadCounter.table","NW_015090842.1:9501427",32,65,33
"ZC3H18","s672_F_ADR_01_ASEReadCounter.table","NW_015090842.1:9501442",31,64,33
"ZC3H18","s672_F_ADR_01_ASEReadCounter.table","NW_015090842.1:9505538",22,49,27
"ZC3H18","s672_F_ADR_01_ASEReadCounter.table","NW_015090842.1:9506778",21,47,26
"ZC3H18","s672_F_ADR_01_ASEReadCounter.table","NW_015090842.1:9522538",21,48,27
"ZC3H18","s672_F_ADR_01_ASEReadCounter.table","NW_015090842.1:9524350",25,63,38
"ZC3H18","s672_F_ADR_01_ASEReadCounter.table","NW_015090842.1:9524366",24,65,41
"ZC3H18","s672_F_ADR_01_ASEReadCounter.table","NW_015090842.1:9524424",25,46,21
"ZC3H18","s672_F_ADR_01_ASEReadCounter.table","NW_015090842.1:9529649",36,77,41
"ZC3H18","s672_F_ADR_01_ASEReadCounter.table","NW_015090842.1:9529688",39,75,36
"ZC3H18","s672_F_ADR_01_ASEReadCounter.table","NW_015090842.1:9529691",40,74,34
"ZC3H18","s672_F_ADR_01_ASEReadCounter.table","NW_015090842.1:9530977",37,79,42
"ZC3H18","s672_F_ADR_01_ASEReadCounter.table","NW_015090842.1:9536699",0,26,26
"CYBA","s672_F_ADR_01_ASEReadCounter.table","NW_015090842.1:9547281",56,115,59
"CYBA","s672_F_ADR_01_ASEReadCounter.table","NW_015090842.1:9547402",98,276,178
"CYBA","s672_F_ADR_01_ASEReadCounter.table","NW_015090842.1:9547553",99,311,212
"CYBA","s672_F_ADR_01_ASEReadCounter.table","NW_015090842.1:9548052",110,223,113
"CYBA","s672_F_ADR_01_ASEReadCounter.table","NW_015090842.1:9548436",159,337,178
"CYBA","s672_F_ADR_01_ASEReadCounter.table","NW_015090842.1:9548442",159,345,186
"CYBA","s672_F_ADR_01_ASEReadCounter.table","NW_015090842.1:9548478",183,375,192
"CYBA","s672_F_ADR_01_ASEReadCounter.table","NW_015090842.1:9548487",171,356,185
"CYBA","s672_F_ADR_01_ASEReadCounter.table","NW_015090842.1:9548490",174,351,177
"CYBA","s672_F_ADR_01_ASEReadCounter.table","NW_015090842.1:9548717",163,318,155
"CYBA","s672_F_ADR_01_ASEReadCounter.table","NW_015090842.1:9548750",123,277,154
"CYBA","s672_F_ADR_01_ASEReadCounter.table","NW_015090842.1:9548766",92,215,123
"MVD","s672_F_ADR_01_ASEReadCounter.table","NW_015090842.1:9550678",174,294,120
"MVD","s672_F_ADR_01_ASEReadCounter.table","NW_015090842.1:9550690",194,348,154
"MVD","s672_F_ADR_01_ASEReadCounter.table","NW_015090842.1:9550691",196,346,150
"MVD","s672_F_ADR_01_ASEReadCounter.table","NW_015090842.1:9550699",238,423,185
"MVD","s672_F_ADR_01_ASEReadCounter.table","NW_015090842.1:9550719",232,404,172
"MVD","s672_F_ADR_01_ASEReadCounter.table","NW_015090842.1:9551596",451,838,387
"MVD","s672_F_ADR_01_ASEReadCounter.table","NW_015090842.1:9551638",482,965,483
"MVD","s672_F_ADR_01_ASEReadCounter.table","NW_015090842.1:9551899",0,32,32
"MVD","s672_F_ADR_01_ASEReadCounter.table","NW_015090842.1:9552193",375,822,447
"MVD","s672_F_ADR_01_ASEReadCounter.table","NW_015090842.1:9552202",379,824,445
"MVD","s672_F_ADR_01_ASEReadCounter.table","NW_015090842.1:9552208",399,834,435
"MVD","s672_F_ADR_01_ASEReadCounter.table","NW_015090842.1:9552625",302,583,281
"MVD","s672_F_ADR_01_ASEReadCounter.table","NW_015090842.1:9552629",582,582,0
"MVD","s672_F_ADR_01_ASEReadCounter.table","NW_015090842.1:9552644",272,566,294
"MVD","s672_F_ADR_01_ASEReadCounter.table","NW_015090842.1:9553093",344,652,308
"MVD","s672_F_ADR_01_ASEReadCounter.table","NW_015090842.1:9553114",375,701,326
"RNF166","s672_F_ADR_01_ASEReadCounter.table","NW_015090842.1:9557900",34,101,67
"RNF166","s672_F_ADR_01_ASEReadCounter.table","NW_015090842.1:9558048",41,113,72
"RNF166","s672_F_ADR_01_ASEReadCounter.table","NW_015090842.1:9558116",63,119,56
"RNF166","s672_F_ADR_01_ASEReadCounter.table","NW_015090842.1:9558308",65,133,68
"RNF166","s672_F_ADR_01_ASEReadCounter.table","NW_015090842.1:9558405",56,101,45
"RNF166","s672_F_ADR_01_ASEReadCounter.table","NW_015090842.1:9558549",55,126,71
"RNF166","s672_F_ADR_01_ASEReadCounter.table","NW_015090842.1:9558556",51,125,74
"RNF166","s672_F_ADR_01_ASEReadCounter.table","NW_015090842.1:9558579",43,109,66
"RNF166","s672_F_ADR_01_ASEReadCounter.table","NW_015090842.1:9558599",38,100,62
"RNF166","s672_F_ADR_01_ASEReadCounter.table","NW_015090842.1:9558688",48,103,55
"RNF166","s672_F_ADR_01_ASEReadCounter.table","NW_015090842.1:9558711",51,114,63
"RNF166","s672_F_ADR_01_ASEReadCounter.table","NW_015090842.1:9558733",51,118,67
"RNF166","s672_F_ADR_01_ASEReadCounter.table","NW_015090842.1:9558847",43,87,44
"RNF166","s672_F_ADR_01_ASEReadCounter.table","NW_015090842.1:9559798",58,112,54
"RNF166","s672_F_ADR_01_ASEReadCounter.table","NW_015090842.1:9560575",62,143,81
"RNF166","s672_F_ADR_01_ASEReadCounter.table","NW_015090842.1:9561055",51,125,74
"RNF166","s672_F_ADR_01_ASEReadCounter.table","NW_015090842.1:9562458",53,116,63
"RNF166","s672_F_ADR_01_ASEReadCounter.table","NW_015090842.1:9562497",42,89,47
"RNF166","s672_F_ADR_01_ASEReadCounter.table","NW_015090842.1:9562539",31,77,46
"RNF166","s672_F_ADR_01_ASEReadCounter.table","NW_015090842.1:9564056",26,72,46
"CTU2","s672_F_ADR_01_ASEReadCounter.table","NW_015090842.1:9565149",27,45,18
"CTU2","s672_F_ADR_01_ASEReadCounter.table","NW_015090842.1:9565193",20,37,17
"CTU2","s672_F_ADR_01_ASEReadCounter.table","NW_015090842.1:9565300",22,43,21
"CTU2","s672_F_ADR_01_ASEReadCounter.table","NW_015090842.1:9565321",18,38,20
"CTU2","s672_F_ADR_01_ASEReadCounter.table","NW_015090842.1:9565721",28,46,18
"CTU2","s672_F_ADR_01_ASEReadCounter.table","NW_015090842.1:9565739",25,41,16
"CTU2","s672_F_ADR_01_ASEReadCounter.table","NW_015090842.1:9565905",30,60,30
"CTU2","s672_F_ADR_01_ASEReadCounter.table","NW_015090842.1:9566013",43,43,0
"CTU2","s672_F_ADR_01_ASEReadCounter.table","NW_015090842.1:9566055",33,52,19
"CTU2","s672_F_ADR_01_ASEReadCounter.table","NW_015090842.1:9566056",33,50,17
"CTU2","s672_F_ADR_01_ASEReadCounter.table","NW_015090842.1:9566151",20,47,27
"CTU2","s672_F_ADR_01_ASEReadCounter.table","NW_015090842.1:9566300",29,64,35
"CTU2","s672_F_ADR_01_ASEReadCounter.table","NW_015090842.1:9566342",23,52,29
"CTU2","s672_F_ADR_01_ASEReadCounter.table","NW_015090842.1:9566548",29,50,21
"CTU2","s672_F_ADR_01_ASEReadCounter.table","NW_015090842.1:9566625",26,45,19
"CTU2","s672_F_ADR_01_ASEReadCounter.table","NW_015090842.1:9566633",31,53,22
"CTU2","s672_F_ADR_01_ASEReadCounter.table","NW_015090842.1:9566807",19,50,31
"CTU2","s672_F_ADR_01_ASEReadCounter.table","NW_015090842.1:9567139",23,53,30
"CTU2","s672_F_ADR_01_ASEReadCounter.table","NW_015090842.1:9567156",21,55,34
"CTU2","s672_F_ADR_01_ASEReadCounter.table","NW_015090842.1:9567614",26,47,21
"CTU2","s672_F_ADR_01_ASEReadCounter.table","NW_015090842.1:9567677",19,40,21
"CTU2","s672_F_ADR_01_ASEReadCounter.table","NW_015090842.1:9567747",19,36,17
"CTU2","s672_F_ADR_01_ASEReadCounter.table","NW_015090842.1:9567828",12,28,16
"CTU2","s672_F_ADR_01_ASEReadCounter.table","NW_015090842.1:9567829",12,28,16
"CTU2","s672_F_ADR_01_ASEReadCounter.table","NW_015090842.1:9567885",10,20,10
"PIEZO1","s672_F_ADR_01_ASEReadCounter.table","NW_015090842.1:9568093",18,44,26
"PIEZO1","s672_F_ADR_01_ASEReadCounter.table","NW_015090842.1:9568672",29,57,28
"PIEZO1","s672_F_ADR_01_ASEReadCounter.table","NW_015090842.1:9568948",21,58,37
"PIEZO1","s672_F_ADR_01_ASEReadCounter.table","NW_015090842.1:9568987",46,46,0
"PIEZO1","s672_F_ADR_01_ASEReadCounter.table","NW_015090842.1:9569040",16,39,23
"PIEZO1","s672_F_ADR_01_ASEReadCounter.table","NW_015090842.1:9569180",12,32,20
"PIEZO1","s672_F_ADR_01_ASEReadCounter.table","NW_015090842.1:9569192",18,40,22
"PIEZO1","s672_F_ADR_01_ASEReadCounter.table","NW_015090842.1:9570088",18,30,12
"PIEZO1","s672_F_ADR_01_ASEReadCounter.table","NW_015090842.1:9570480",11,33,22
"PIEZO1","s672_F_ADR_01_ASEReadCounter.table","NW_015090842.1:9570639",9,24,15
"PIEZO1","s672_F_ADR_01_ASEReadCounter.table","NW_015090842.1:9571847",27,49,22
"PIEZO1","s672_F_ADR_01_ASEReadCounter.table","NW_015090842.1:9572371",13,26,13
"PIEZO1","s672_F_ADR_01_ASEReadCounter.table","NW_015090842.1:9572638",10,19,9
"PIEZO1","s672_F_ADR_01_ASEReadCounter.table","NW_015090842.1:9573156",26,46,20
"PIEZO1","s672_F_ADR_01_ASEReadCounter.table","NW_015090842.1:9573280",11,29,18
"PIEZO1","s672_F_ADR_01_ASEReadCounter.table","NW_015090842.1:9573566",22,45,23
"PIEZO1","s672_F_ADR_01_ASEReadCounter.table","NW_015090842.1:9575341",17,31,14
"PIEZO1","s672_F_ADR_01_ASEReadCounter.table","NW_015090842.1:9575367",15,30,15
"PIEZO1","s672_F_ADR_01_ASEReadCounter.table","NW_015090842.1:9575645",14,24,10
"PIEZO1","s672_F_ADR_01_ASEReadCounter.table","NW_015090842.1:9575696",14,24,10
"PIEZO1","s672_F_ADR_01_ASEReadCounter.table","NW_015090842.1:9575897",6,18,12
"PIEZO1","s672_F_ADR_01_ASEReadCounter.table","NW_015090842.1:9576060",13,24,11
"PIEZO1","s672_F_ADR_01_ASEReadCounter.table","NW_015090842.1:9576087",11,21,10
"PIEZO1","s672_F_ADR_01_ASEReadCounter.table","NW_015090842.1:9576093",10,21,11
"PIEZO1","s672_F_ADR_01_ASEReadCounter.table","NW_015090842.1:9576120",9,20,11
"PIEZO1","s672_F_ADR_01_ASEReadCounter.table","NW_015090842.1:9576687",8,24,16
"PIEZO1","s672_F_ADR_01_ASEReadCounter.table","NW_015090842.1:9576710",26,26,0
"PIEZO1","s672_F_ADR_01_ASEReadCounter.table","NW_015090842.1:9576723",11,25,14
"PIEZO1","s672_F_ADR_01_ASEReadCounter.table","NW_015090842.1:9578268",13,27,14
"PIEZO1","s672_F_ADR_01_ASEReadCounter.table","NW_015090842.1:9578770",11,24,13
"PIEZO1","s672_F_ADR_01_ASEReadCounter.table","NW_015090842.1:9578806",14,29,15
"PIEZO1","s672_F_ADR_01_ASEReadCounter.table","NW_015090842.1:9579064",7,19,12
"PIEZO1","s672_F_ADR_01_ASEReadCounter.table","NW_015090842.1:9579065",7,20,13
"PIEZO1","s672_F_ADR_01_ASEReadCounter.table","NW_015090842.1:9579347",7,21,14
"PIEZO1","s672_F_ADR_01_ASEReadCounter.table","NW_015090842.1:9580765",7,18,11
"PIEZO1","s672_F_ADR_01_ASEReadCounter.table","NW_015090842.1:9580996",9,20,11
"PIEZO1","s672_F_ADR_01_ASEReadCounter.table","NW_015090842.1:9581101",8,16,8
"PIEZO1","s672_F_ADR_01_ASEReadCounter.table","NW_015090842.1:9581299",4,12,8
"PIEZO1","s672_F_ADR_01_ASEReadCounter.table","NW_015090842.1:9581875",10,18,8
"PIEZO1","s672_F_ADR_01_ASEReadCounter.table","NW_015090842.1:9582046",6,9,3
"PIEZO1","s672_F_ADR_01_ASEReadCounter.table","NW_015090842.1:9582961",7,14,7
"PIEZO1","s672_F_ADR_01_ASEReadCounter.table","NW_015090842.1:9583298",11,18,7
"PIEZO1","s672_F_ADR_01_ASEReadCounter.table","NW_015090842.1:9584337",2,8,6
"PIEZO1","s672_F_ADR_01_ASEReadCounter.table","NW_015090842.1:9584425",5,13,8
"PIEZO1","s672_F_ADR_01_ASEReadCounter.table","NW_015090842.1:9584435",6,11,5
"PIEZO1","s672_F_ADR_01_ASEReadCounter.table","NW_015090842.1:9584438",5,12,7
"PIEZO1","s672_F_ADR_01_ASEReadCounter.table","NW_015090842.1:9584441",4,10,6
"CDT1","s672_F_ADR_01_ASEReadCounter.table","NW_015090842.1:9596766",8,9,1
"CDT1","s672_F_ADR_01_ASEReadCounter.table","NW_015090842.1:9597054",5,11,6
"CDT1","s672_F_ADR_01_ASEReadCounter.table","NW_015090842.1:9597074",5,10,5
"CDT1","s672_F_ADR_01_ASEReadCounter.table","NW_015090842.1:9597137",6,13,7
"CDT1","s672_F_ADR_01_ASEReadCounter.table","NW_015090842.1:9597756",7,14,7
"CDT1","s672_F_ADR_01_ASEReadCounter.table","NW_015090842.1:9597766",7,14,7
"CDT1","s672_F_ADR_01_ASEReadCounter.table","NW_015090842.1:9598496",12,19,7
"CDT1","s672_F_ADR_01_ASEReadCounter.table","NW_015090842.1:9598498",12,19,7
"CDT1","s672_F_ADR_01_ASEReadCounter.table","NW_015090842.1:9598816",9,14,5
"CDT1","s672_F_ADR_01_ASEReadCounter.table","NW_015090842.1:9598879",8,12,4
"CDT1","s672_F_ADR_01_ASEReadCounter.table","NW_015090842.1:9598912",6,11,5
"CDT1","s672_F_ADR_01_ASEReadCounter.table","NW_015090842.1:9598959",5,13,8
"CDT1","s672_F_ADR_01_ASEReadCounter.table","NW_015090842.1:9599807",4,15,11
"CDT1","s672_F_ADR_01_ASEReadCounter.table","NW_015090842.1:9599819",3,11,8
"CDT1","s672_F_ADR_01_ASEReadCounter.table","NW_015090842.1:9599845",2,11,9
"CDT1","s672_F_ADR_01_ASEReadCounter.table","NW_015090842.1:9600148",13,22,9
"CDT1","s672_F_ADR_01_ASEReadCounter.table","NW_015090842.1:9600151",13,21,8
"CDT1","s672_F_ADR_01_ASEReadCounter.table","NW_015090842.1:9600217",11,23,12
"CDT1","s672_F_ADR_01_ASEReadCounter.table","NW_015090842.1:9600226",11,19,8
"CDT1","s672_F_ADR_01_ASEReadCounter.table","NW_015090842.1:9600260",11,22,11
"CDT1","s672_F_ADR_01_ASEReadCounter.table","NW_015090842.1:9600268",11,23,12
"CDT1","s672_F_ADR_01_ASEReadCounter.table","NW_015090842.1:9600305",12,21,9
"CDT1","s672_F_ADR_01_ASEReadCounter.table","NW_015090842.1:9600397",8,19,11
"CDT1","s672_F_ADR_01_ASEReadCounter.table","NW_015090842.1:9600447",9,18,9
"CDT1","s672_F_ADR_01_ASEReadCounter.table","NW_015090842.1:9600450",10,17,7
"CDT1","s672_F_ADR_01_ASEReadCounter.table","NW_015090842.1:9600485",11,18,7
"CDT1","s672_F_ADR_01_ASEReadCounter.table","NW_015090842.1:9600579",11,15,4
"APRT","s672_F_ADR_01_ASEReadCounter.table","NW_015090842.1:9602308",21,50,29
"APRT","s672_F_ADR_01_ASEReadCounter.table","NW_015090842.1:9602440",38,129,91
"APRT","s672_F_ADR_01_ASEReadCounter.table","NW_015090842.1:9602449",39,124,85
"APRT","s672_F_ADR_01_ASEReadCounter.table","NW_015090842.1:9602451",39,126,87
"APRT","s672_F_ADR_01_ASEReadCounter.table","NW_015090842.1:9602455",39,127,88
"APRT","s672_F_ADR_01_ASEReadCounter.table","NW_015090842.1:9602462",38,122,84
"APRT","s672_F_ADR_01_ASEReadCounter.table","NW_015090842.1:9602507",34,105,71
"APRT","s672_F_ADR_01_ASEReadCounter.table","NW_015090842.1:9602514",37,112,75
"APRT","s672_F_ADR_01_ASEReadCounter.table","NW_015090842.1:9602530",42,106,64
"APRT","s672_F_ADR_01_ASEReadCounter.table","NW_015090842.1:9602582",49,124,75
"APRT","s672_F_ADR_01_ASEReadCounter.table","NW_015090842.1:9602583",51,125,74
"APRT","s672_F_ADR_01_ASEReadCounter.table","NW_015090842.1:9602650",48,114,66
"APRT","s672_F_ADR_01_ASEReadCounter.table","NW_015090842.1:9602655",44,107,63
"APRT","s672_F_ADR_01_ASEReadCounter.table","NW_015090842.1:9602712",34,116,82
"APRT","s672_F_ADR_01_ASEReadCounter.table","NW_015090842.1:9602764",41,132,91
"APRT","s672_F_ADR_01_ASEReadCounter.table","NW_015090842.1:9602821",44,118,74
"APRT","s672_F_ADR_01_ASEReadCounter.table","NW_015090842.1:9602867",44,110,66
"APRT","s672_F_ADR_01_ASEReadCounter.table","NW_015090842.1:9602883",40,107,67
"APRT","s672_F_ADR_01_ASEReadCounter.table","NW_015090842.1:9602886",44,113,69
"APRT","s672_F_ADR_01_ASEReadCounter.table","NW_015090842.1:9602948",59,137,78
"APRT","s672_F_ADR_01_ASEReadCounter.table","NW_015090842.1:9602958",58,136,78
"APRT","s672_F_ADR_01_ASEReadCounter.table","NW_015090842.1:9603020",60,149,89
"APRT","s672_F_ADR_01_ASEReadCounter.table","NW_015090842.1:9603025",57,144,87
"APRT","s672_F_ADR_01_ASEReadCounter.table","NW_015090842.1:9603154",58,139,81
"APRT","s672_F_ADR_01_ASEReadCounter.table","NW_015090842.1:9603166",63,152,89
"APRT","s672_F_ADR_01_ASEReadCounter.table","NW_015090842.1:9603326",63,156,93
"APRT","s672_F_ADR_01_ASEReadCounter.table","NW_015090842.1:9603419",56,122,66
"APRT","s672_F_ADR_01_ASEReadCounter.table","NW_015090842.1:9603420",56,122,66
"APRT","s672_F_ADR_01_ASEReadCounter.table","NW_015090842.1:9603464",42,92,50
"APRT","s672_F_ADR_01_ASEReadCounter.table","NW_015090842.1:9603528",41,115,74
"APRT","s672_F_ADR_01_ASEReadCounter.table","NW_015090842.1:9603607",42,105,63
"APRT","s672_F_ADR_01_ASEReadCounter.table","NW_015090842.1:9603622",37,91,54
"APRT","s672_F_ADR_01_ASEReadCounter.table","NW_015090842.1:9604361",35,111,76
"APRT","s672_F_ADR_01_ASEReadCounter.table","NW_015090842.1:9605317",30,80,50
"APRT","s672_F_ADR_01_ASEReadCounter.table","NW_015090842.1:9605336",31,87,56
"GALNS","s672_F_ADR_01_ASEReadCounter.table","NW_015090842.1:9612872",7,11,4
"GALNS","s672_F_ADR_01_ASEReadCounter.table","NW_015090842.1:9612873",6,10,4
"GALNS","s672_F_ADR_01_ASEReadCounter.table","NW_015090842.1:9612877",7,10,3
"GALNS","s672_F_ADR_01_ASEReadCounter.table","NW_015090842.1:9612942",14,25,11
"GALNS","s672_F_ADR_01_ASEReadCounter.table","NW_015090842.1:9612987",29,29,0
"GALNS","s672_F_ADR_01_ASEReadCounter.table","NW_015090842.1:9613064",19,40,21
"GALNS","s672_F_ADR_01_ASEReadCounter.table","NW_015090842.1:9613096",21,39,18
"GALNS","s672_F_ADR_01_ASEReadCounter.table","NW_015090842.1:9613123",18,37,19
"GALNS","s672_F_ADR_01_ASEReadCounter.table","NW_015090842.1:9613125",18,37,19
"GALNS","s672_F_ADR_01_ASEReadCounter.table","NW_015090842.1:9613193",14,29,15
"GALNS","s672_F_ADR_01_ASEReadCounter.table","NW_015090842.1:9613226",13,28,15
"GALNS","s672_F_ADR_01_ASEReadCounter.table","NW_015090842.1:9613249",16,36,20
"GALNS","s672_F_ADR_01_ASEReadCounter.table","NW_015090842.1:9613256",22,43,21
"GALNS","s672_F_ADR_01_ASEReadCounter.table","NW_015090842.1:9613317",20,49,29
"GALNS","s672_F_ADR_01_ASEReadCounter.table","NW_015090842.1:9613343",25,56,31
"GALNS","s672_F_ADR_01_ASEReadCounter.table","NW_015090842.1:9613344",24,56,32
"GALNS","s672_F_ADR_01_ASEReadCounter.table","NW_015090842.1:9613371",25,63,38
"GALNS","s672_F_ADR_01_ASEReadCounter.table","NW_015090842.1:9613378",26,64,38
"GALNS","s672_F_ADR_01_ASEReadCounter.table","NW_015090842.1:9613379",27,65,38
"GALNS","s672_F_ADR_01_ASEReadCounter.table","NW_015090842.1:9613516",18,46,28
"GALNS","s672_F_ADR_01_ASEReadCounter.table","NW_015090842.1:9613572",18,49,31
"GALNS","s672_F_ADR_01_ASEReadCounter.table","NW_015090842.1:9613597",15,44,29
"GALNS","s672_F_ADR_01_ASEReadCounter.table","NW_015090842.1:9613627",13,38,25
"GALNS","s672_F_ADR_01_ASEReadCounter.table","NW_015090842.1:9613640",12,36,24
"GALNS","s672_F_ADR_01_ASEReadCounter.table","NW_015090842.1:9614025",23,46,23
"GALNS","s672_F_ADR_01_ASEReadCounter.table","NW_015090842.1:9614169",15,32,17
"GALNS","s672_F_ADR_01_ASEReadCounter.table","NW_015090842.1:9614232",36,36,0
"GALNS","s672_F_ADR_01_ASEReadCounter.table","NW_015090842.1:9614667",14,31,17
"GALNS","s672_F_ADR_01_ASEReadCounter.table","NW_015090842.1:9614709",17,36,19
"GALNS","s672_F_ADR_01_ASEReadCounter.table","NW_015090842.1:9614880",13,37,24
"GALNS","s672_F_ADR_01_ASEReadCounter.table","NW_015090842.1:9614902",13,37,24
"GALNS","s672_F_ADR_01_ASEReadCounter.table","NW_015090842.1:9614960",12,30,18
"GALNS","s672_F_ADR_01_ASEReadCounter.table","NW_015090842.1:9615114",19,46,27
"GALNS","s672_F_ADR_01_ASEReadCounter.table","NW_015090842.1:9615199",18,35,17
"GALNS","s672_F_ADR_01_ASEReadCounter.table","NW_015090842.1:9615217",13,29,16
"GALNS","s672_F_ADR_01_ASEReadCounter.table","NW_015090842.1:9615277",6,26,20
"GALNS","s672_F_ADR_01_ASEReadCounter.table","NW_015090842.1:9615377",18,43,25
"GALNS","s672_F_ADR_01_ASEReadCounter.table","NW_015090842.1:9647858",12,41,29
"GALNS","s672_F_ADR_01_ASEReadCounter.table","NW_015090842.1:9649186",15,34,19
"GALNS","s672_F_ADR_01_ASEReadCounter.table","NW_015090842.1:9649237",17,35,18
"GALNS","s672_F_ADR_01_ASEReadCounter.table","NW_015090842.1:9661193",10,18,8
"TRAPPC2L","s672_F_ADR_01_ASEReadCounter.table","NW_015090842.1:9662951",67,127,60
"TRAPPC2L","s672_F_ADR_01_ASEReadCounter.table","NW_015090842.1:9663014",61,130,69
"TRAPPC2L","s672_F_ADR_01_ASEReadCounter.table","NW_015090842.1:9664305",117,117,0
"TRAPPC2L","s672_F_ADR_01_ASEReadCounter.table","NW_015090842.1:9665155",53,116,63
"TRAPPC2L","s672_F_ADR_01_ASEReadCounter.table","NW_015090842.1:9665211",12,28,16
"CBFA2T3","s672_F_ADR_01_ASEReadCounter.table","NW_015090842.1:9709469",0,9,9
"CBFA2T3","s672_F_ADR_01_ASEReadCounter.table","NW_015090842.1:9709475",0,10,10
"CBFA2T3","s672_F_ADR_01_ASEReadCounter.table","NW_015090842.1:9711845",0,7,7
"CBFA2T3","s672_F_ADR_01_ASEReadCounter.table","NW_015090842.1:9712157",0,11,11
"CBFA2T3","s672_F_ADR_01_ASEReadCounter.table","NW_015090842.1:9712160",0,11,11
"CBFA2T3","s672_F_ADR_01_ASEReadCounter.table","NW_015090842.1:9712166",0,10,10
"CBFA2T3","s672_F_ADR_01_ASEReadCounter.table","NW_015090842.1:9712536",1,6,5
"CBFA2T3","s672_F_ADR_01_ASEReadCounter.table","NW_015090842.1:9712673",2,7,5
"CBFA2T3","s672_F_ADR_01_ASEReadCounter.table","NW_015090842.1:9712787",4,13,9
"CBFA2T3","s672_F_ADR_01_ASEReadCounter.table","NW_015090842.1:9712791",5,13,8
"CBFA2T3","s672_F_ADR_01_ASEReadCounter.table","NW_015090842.1:9712805",4,10,6
"CBFA2T3","s672_F_ADR_01_ASEReadCounter.table","NW_015090842.1:9712811",4,13,9
"CBFA2T3","s672_F_ADR_01_ASEReadCounter.table","NW_015090842.1:9712848",4,15,11
"CBFA2T3","s672_F_ADR_01_ASEReadCounter.table","NW_015090842.1:9713088",7,11,4
"CBFA2T3","s672_F_ADR_01_ASEReadCounter.table","NW_015090842.1:9713121",8,18,10
"CBFA2T3","s672_F_ADR_01_ASEReadCounter.table","NW_015090842.1:9717058",7,15,8
"CBFA2T3","s672_F_ADR_01_ASEReadCounter.table","NW_015090842.1:9717093",8,17,9
"CBFA2T3","s672_F_ADR_01_ASEReadCounter.table","NW_015090842.1:9717114",8,16,8
"CBFA2T3","s672_F_ADR_01_ASEReadCounter.table","NW_015090842.1:9717139",6,15,9
"CBFA2T3","s672_F_ADR_01_ASEReadCounter.table","NW_015090842.1:9719788",5,14,9
"CBFA2T3","s672_F_ADR_01_ASEReadCounter.table","NW_015090842.1:9728475",0,2,2
"CBFA2T3","s672_F_ADR_01_ASEReadCounter.table","NW_015090842.1:9728522",2,3,1
"CBFA2T3","s672_F_ADR_01_ASEReadCounter.table","NW_015090842.1:9728525",2,3,1
"CBFA2T3","s672_F_ADR_01_ASEReadCounter.table","NW_015090842.1:9728588",0,3,3
"CBFA2T3","s672_F_ADR_01_ASEReadCounter.table","NW_015090842.1:9728601",0,2,2
"CBFA2T3","s672_F_ADR_01_ASEReadCounter.table","NW_015090842.1:9728611",0,2,2
"CBFA2T3","s672_F_ADR_01_ASEReadCounter.table","NW_015090842.1:9728654",1,2,1
"ACSF3","s672_F_ADR_01_ASEReadCounter.table","NW_015090842.1:9773379",1,3,2
"ACSF3","s672_F_ADR_01_ASEReadCounter.table","NW_015090842.1:9773382",1,4,3
"ACSF3","s672_F_ADR_01_ASEReadCounter.table","NW_015090842.1:9773384",1,4,3
"ACSF3","s672_F_ADR_01_ASEReadCounter.table","NW_015090842.1:9773388",3,6,3
"ACSF3","s672_F_ADR_01_ASEReadCounter.table","NW_015090842.1:9776753",19,32,13
"ACSF3","s672_F_ADR_01_ASEReadCounter.table","NW_015090842.1:9776783",23,37,14
"ACSF3","s672_F_ADR_01_ASEReadCounter.table","NW_015090842.1:9776879",22,38,16
"ACSF3","s672_F_ADR_01_ASEReadCounter.table","NW_015090842.1:9776965",24,38,14
"ACSF3","s672_F_ADR_01_ASEReadCounter.table","NW_015090842.1:9777091",31,52,21
"ACSF3","s672_F_ADR_01_ASEReadCounter.table","NW_015090842.1:9777206",15,41,26
"ACSF3","s672_F_ADR_01_ASEReadCounter.table","NW_015090842.1:9777283",25,57,32
"ACSF3","s672_F_ADR_01_ASEReadCounter.table","NW_015090842.1:9778955",27,59,32
"ACSF3","s672_F_ADR_01_ASEReadCounter.table","NW_015090842.1:9778997",35,80,45
"ACSF3","s672_F_ADR_01_ASEReadCounter.table","NW_015090842.1:9789311",22,50,28
"ACSF3","s672_F_ADR_01_ASEReadCounter.table","NW_015090842.1:9789906",5,47,42
"ACSF3","s672_F_ADR_01_ASEReadCounter.table","NW_015090842.1:9834743",35,79,44
"ACSF3","s672_F_ADR_01_ASEReadCounter.table","NW_015090842.1:9834852",28,66,38
"ACSF3","s672_F_ADR_01_ASEReadCounter.table","NW_015090842.1:9834861",30,67,37
"ACSF3","s672_F_ADR_01_ASEReadCounter.table","NW_015090842.1:9839359",22,52,30
"ACSF3","s672_F_ADR_01_ASEReadCounter.table","NW_015090842.1:9839378",16,46,30
"ACSF3","s672_F_ADR_01_ASEReadCounter.table","NW_015090842.1:9839455",16,38,22
"ACSF3","s672_F_ADR_01_ASEReadCounter.table","NW_015090842.1:9839457",16,37,21
"ACSF3","s672_F_ADR_01_ASEReadCounter.table","NW_015090842.1:9839489",14,32,18
"ACSF3","s672_F_ADR_01_ASEReadCounter.table","NW_015090842.1:9839500",10,26,16
"ACSF3","s672_F_ADR_01_ASEReadCounter.table","NW_015090842.1:9839501",11,28,17
"ACSF3","s672_F_ADR_01_ASEReadCounter.table","NW_015090842.1:9839504",11,28,17
"ACSF3","s672_F_ADR_01_ASEReadCounter.table","NW_015090842.1:9839512",8,21,13
"ACSF3","s672_F_ADR_01_ASEReadCounter.table","NW_015090842.1:9839527",5,16,11
"ACSF3","s672_F_ADR_01_ASEReadCounter.table","NW_015090842.1:9839533",4,15,11
"ACSF3","s672_F_ADR_01_ASEReadCounter.table","NW_015090842.1:9839535",4,14,10
"ACSF3","s672_F_ADR_01_ASEReadCounter.table","NW_015090842.1:9839545",3,12,9
"ACSF3","s672_F_ADR_01_ASEReadCounter.table","NW_015090842.1:9839550",1,10,9
"ACSF3","s672_F_ADR_01_ASEReadCounter.table","NW_015090842.1:9839551",1,9,8
"CDH15","s672_F_ADR_01_ASEReadCounter.table","NW_015090842.1:9848888",0,1,1
"CDH15","s672_F_ADR_01_ASEReadCounter.table","NW_015090842.1:9848936",0,1,1
"CDH15","s672_F_ADR_01_ASEReadCounter.table","NW_015090842.1:9849473",0,1,1
"SLC22A31","s672_F_ADR_01_ASEReadCounter.table","NW_015090842.1:9851117",4,6,2
"SLC22A31","s672_F_ADR_01_ASEReadCounter.table","NW_015090842.1:9851130",5,7,2
"SLC22A31","s672_F_ADR_01_ASEReadCounter.table","NW_015090842.1:9851139",5,8,3
"SLC22A31","s672_F_ADR_01_ASEReadCounter.table","NW_015090842.1:9851265",19,26,7
"SLC22A31","s672_F_ADR_01_ASEReadCounter.table","NW_015090842.1:9851302",17,24,7
"SLC22A31","s672_F_ADR_01_ASEReadCounter.table","NW_015090842.1:9851303",17,24,7
"SLC22A31","s672_F_ADR_01_ASEReadCounter.table","NW_015090842.1:9851305",17,24,7
"SLC22A31","s672_F_ADR_01_ASEReadCounter.table","NW_015090842.1:9851343",18,22,4
"SLC22A31","s672_F_ADR_01_ASEReadCounter.table","NW_015090842.1:9851344",21,25,4
"SLC22A31","s672_F_ADR_01_ASEReadCounter.table","NW_015090842.1:9851361",30,30,0
"SLC22A31","s672_F_ADR_01_ASEReadCounter.table","NW_015090842.1:9851381",28,34,6
"SLC22A31","s672_F_ADR_01_ASEReadCounter.table","NW_015090842.1:9851421",23,31,8
"SLC22A31","s672_F_ADR_01_ASEReadCounter.table","NW_015090842.1:9851501",25,29,4
"SLC22A31","s672_F_ADR_01_ASEReadCounter.table","NW_015090842.1:9851526",25,29,4
"SLC22A31","s672_F_ADR_01_ASEReadCounter.table","NW_015090842.1:9851589",28,35,7
"SLC22A31","s672_F_ADR_01_ASEReadCounter.table","NW_015090842.1:9851712",29,35,6
"SLC22A31","s672_F_ADR_01_ASEReadCounter.table","NW_015090842.1:9851899",36,43,7
"SLC22A31","s672_F_ADR_01_ASEReadCounter.table","NW_015090842.1:9852139",29,38,9
"SLC22A31","s672_F_ADR_01_ASEReadCounter.table","NW_015090842.1:9852380",40,50,10
"SLC22A31","s672_F_ADR_01_ASEReadCounter.table","NW_015090842.1:9852431",28,35,7
"SLC22A31","s672_F_ADR_01_ASEReadCounter.table","NW_015090842.1:9852630",25,33,8
"SLC22A31","s672_F_ADR_01_ASEReadCounter.table","NW_015090842.1:9852711",25,25,0
"SLC22A31","s672_F_ADR_01_ASEReadCounter.table","NW_015090842.1:9853099",24,30,6
"SLC22A31","s672_F_ADR_01_ASEReadCounter.table","NW_015090842.1:9853102",24,30,6
"SLC22A31","s672_F_ADR_01_ASEReadCounter.table","NW_015090842.1:9853421",18,19,1
"SLC22A31","s672_F_ADR_01_ASEReadCounter.table","NW_015090842.1:9853457",18,19,1
"SLC22A31","s672_F_ADR_01_ASEReadCounter.table","NW_015090842.1:9853502",13,13,0
"ANKRD11","s672_F_ADR_01_ASEReadCounter.table","NW_015090842.1:9858863",0,4,4
"ANKRD11","s672_F_ADR_01_ASEReadCounter.table","NW_015090842.1:9859101",56,113,57
"ANKRD11","s672_F_ADR_01_ASEReadCounter.table","NW_015090842.1:9859352",66,158,92
"ANKRD11","s672_F_ADR_01_ASEReadCounter.table","NW_015090842.1:9859381",13,77,64
"ANKRD11","s672_F_ADR_01_ASEReadCounter.table","NW_015090842.1:9859679",78,162,84
"ANKRD11","s672_F_ADR_01_ASEReadCounter.table","NW_015090842.1:9861097",82,159,77
"ANKRD11","s672_F_ADR_01_ASEReadCounter.table","NW_015090842.1:9862571",57,117,60
"ANKRD11","s672_F_ADR_01_ASEReadCounter.table","NW_015090842.1:9862652",39,71,32
"ANKRD11","s672_F_ADR_01_ASEReadCounter.table","NW_015090842.1:9866071",0,65,65
"ANKRD11","s672_F_ADR_01_ASEReadCounter.table","NW_015090842.1:9866200",0,51,51
"ANKRD11","s672_F_ADR_01_ASEReadCounter.table","NW_015090842.1:9867391",27,49,22
"ANKRD11","s672_F_ADR_01_ASEReadCounter.table","NW_015090842.1:9867472",41,86,45
"ANKRD11","s672_F_ADR_01_ASEReadCounter.table","NW_015090842.1:9867559",48,92,44
"ANKRD11","s672_F_ADR_01_ASEReadCounter.table","NW_015090842.1:9867667",45,88,43
"ANKRD11","s672_F_ADR_01_ASEReadCounter.table","NW_015090842.1:9867934",40,77,37
"ANKRD11","s672_F_ADR_01_ASEReadCounter.table","NW_015090842.1:9868064",53,93,40
"ANKRD11","s672_F_ADR_01_ASEReadCounter.table","NW_015090842.1:9868093",54,100,46
"ANKRD11","s672_F_ADR_01_ASEReadCounter.table","NW_015090842.1:9868222",58,108,50
"ANKRD11","s672_F_ADR_01_ASEReadCounter.table","NW_015090842.1:9868327",53,102,49
"ANKRD11","s672_F_ADR_01_ASEReadCounter.table","NW_015090842.1:9868414",55,114,59
"ANKRD11","s672_F_ADR_01_ASEReadCounter.table","NW_015090842.1:9868441",44,94,50
"ANKRD11","s672_F_ADR_01_ASEReadCounter.table","NW_015090842.1:9868444",43,96,53
"ANKRD11","s672_F_ADR_01_ASEReadCounter.table","NW_015090842.1:9868519",54,98,44
"ANKRD11","s672_F_ADR_01_ASEReadCounter.table","NW_015090842.1:9868609",49,96,47
"ANKRD11","s672_F_ADR_01_ASEReadCounter.table","NW_015090842.1:9868666",52,115,63
"ANKRD11","s672_F_ADR_01_ASEReadCounter.table","NW_015090842.1:9868738",111,111,0
"ANKRD11","s672_F_ADR_01_ASEReadCounter.table","NW_015090842.1:9869431",50,101,51
"ANKRD11","s672_F_ADR_01_ASEReadCounter.table","NW_015090842.1:9869578",71,134,63
"ANKRD11","s672_F_ADR_01_ASEReadCounter.table","NW_015090842.1:9869734",85,155,70
"ANKRD11","s672_F_ADR_01_ASEReadCounter.table","NW_015090842.1:9870070",56,118,62
"ANKRD11","s672_F_ADR_01_ASEReadCounter.table","NW_015090842.1:9870349",49,112,63
"ANKRD11","s672_F_ADR_01_ASEReadCounter.table","NW_015090842.1:9870604",68,130,62
"ANKRD11","s672_F_ADR_01_ASEReadCounter.table","NW_015090842.1:9870613",71,131,60
"ANKRD11","s672_F_ADR_01_ASEReadCounter.table","NW_015090842.1:9870685",68,148,80
"ANKRD11","s672_F_ADR_01_ASEReadCounter.table","NW_015090842.1:9870760",61,142,81
"ANKRD11","s672_F_ADR_01_ASEReadCounter.table","NW_015090842.1:9870847",63,133,70
"ANKRD11","s672_F_ADR_01_ASEReadCounter.table","NW_015090842.1:9871103",42,76,34
"ANKRD11","s672_F_ADR_01_ASEReadCounter.table","NW_015090842.1:9871165",40,90,50
"ANKRD11","s672_F_ADR_01_ASEReadCounter.table","NW_015090842.1:9871508",93,93,0
"ANKRD11","s672_F_ADR_01_ASEReadCounter.table","NW_015090842.1:9871820",39,75,36
"ANKRD11","s672_F_ADR_01_ASEReadCounter.table","NW_015090842.1:9872118",38,74,36
"ANKRD11","s672_F_ADR_01_ASEReadCounter.table","NW_015090842.1:9877406",25,53,28
"SPG7","s672_F_ADR_01_ASEReadCounter.table","NW_015090842.1:10051190",125,276,151
"SPG7","s672_F_ADR_01_ASEReadCounter.table","NW_015090842.1:10051218",137,315,178
"SPG7","s672_F_ADR_01_ASEReadCounter.table","NW_015090842.1:10052348",162,341,179
"SPG7","s672_F_ADR_01_ASEReadCounter.table","NW_015090842.1:10052366",150,323,173
"SPG7","s672_F_ADR_01_ASEReadCounter.table","NW_015090842.1:10065173",177,383,206
"SPG7","s672_F_ADR_01_ASEReadCounter.table","NW_015090842.1:10065215",160,321,161
"SPG7","s672_F_ADR_01_ASEReadCounter.table","NW_015090842.1:10066365",119,274,155
"SPG7","s672_F_ADR_01_ASEReadCounter.table","NW_015090842.1:10069752",150,331,181
"SPG7","s672_F_ADR_01_ASEReadCounter.table","NW_015090842.1:10069800",151,341,190
"SPG7","s672_F_ADR_01_ASEReadCounter.table","NW_015090842.1:10071192",178,381,203
"SPG7","s672_F_ADR_01_ASEReadCounter.table","NW_015090842.1:10071219",166,343,177
"SPG7","s672_F_ADR_01_ASEReadCounter.table","NW_015090842.1:10071967",146,320,174
"SPG7","s672_F_ADR_01_ASEReadCounter.table","NW_015090842.1:10075109",229,424,195
"SPG7","s672_F_ADR_01_ASEReadCounter.table","NW_015090842.1:10075114",227,421,194
"SPG7","s672_F_ADR_01_ASEReadCounter.table","NW_015090842.1:10075198",168,331,163
"SPG7","s672_F_ADR_01_ASEReadCounter.table","NW_015090842.1:10075487",101,214,113
"SPG7","s672_F_ADR_01_ASEReadCounter.table","NW_015090842.1:10075488",101,214,113
"SPG7","s672_F_ADR_01_ASEReadCounter.table","NW_015090842.1:10075548",74,154,80
"RPL13","s672_F_ADR_01_ASEReadCounter.table","NW_015090842.1:10077387",651,1430,779
"RPL13","s672_F_ADR_01_ASEReadCounter.table","NW_015090842.1:10077978",937,2028,1091
"RPL13","s672_F_ADR_01_ASEReadCounter.table","NW_015090842.1:10077992",922,1958,1036
"CPNE7","s672_F_ADR_01_ASEReadCounter.table","NW_015090842.1:10088940",1,1,0
"CPNE7","s672_F_ADR_01_ASEReadCounter.table","NW_015090842.1:10088965",1,1,0
"CPNE7","s672_F_ADR_01_ASEReadCounter.table","NW_015090842.1:10088967",1,1,0
"CPNE7","s672_F_ADR_01_ASEReadCounter.table","NW_015090842.1:10088973",1,1,0
"CPNE7","s672_F_ADR_01_ASEReadCounter.table","NW_015090842.1:10091075",0,1,1
"LOC106888185","s672_F_ADR_01_ASEReadCounter.table","NW_015090842.1:10094965",3,13,10
"LOC106888185","s672_F_ADR_01_ASEReadCounter.table","NW_015090842.1:10094966",3,13,10
"LOC106888185","s672_F_ADR_01_ASEReadCounter.table","NW_015090842.1:10094985",3,15,12
"LOC106888185","s672_F_ADR_01_ASEReadCounter.table","NW_015090842.1:10095055",0,20,20
"LOC106888185","s672_F_ADR_01_ASEReadCounter.table","NW_015090842.1:10095062",0,15,15
"LOC106888185","s672_F_ADR_01_ASEReadCounter.table","NW_015090842.1:10095130",1,18,17
"LOC106888185","s672_F_ADR_01_ASEReadCounter.table","NW_015090842.1:10095265",38,86,48
"LOC106888185","s672_F_ADR_01_ASEReadCounter.table","NW_015090842.1:10095586",38,112,74
"LOC106888185","s672_F_ADR_01_ASEReadCounter.table","NW_015090842.1:10095593",42,115,73
"LOC106888185","s672_F_ADR_01_ASEReadCounter.table","NW_015090842.1:10095616",47,110,63
"LOC106888185","s672_F_ADR_01_ASEReadCounter.table","NW_015090842.1:10095662",29,89,60
"LOC106888185","s672_F_ADR_01_ASEReadCounter.table","NW_015090842.1:10095674",26,78,52
"LOC106888185","s672_F_ADR_01_ASEReadCounter.table","NW_015090842.1:10095786",35,89,54
"LOC106888185","s672_F_ADR_01_ASEReadCounter.table","NW_015090842.1:10095831",41,94,53
"LOC106888185","s672_F_ADR_01_ASEReadCounter.table","NW_015090842.1:10096230",31,90,59
"LOC106888185","s672_F_ADR_01_ASEReadCounter.table","NW_015090842.1:10096249",42,110,68
"LOC106888185","s672_F_ADR_01_ASEReadCounter.table","NW_015090842.1:10096272",43,116,73
"LOC106888185","s672_F_ADR_01_ASEReadCounter.table","NW_015090842.1:10096288",43,111,68
"LOC106888185","s672_F_ADR_01_ASEReadCounter.table","NW_015090842.1:10097248",39,91,52
"LOC106888185","s672_F_ADR_01_ASEReadCounter.table","NW_015090842.1:10097265",53,121,68
"LOC106888185","s672_F_ADR_01_ASEReadCounter.table","NW_015090842.1:10097446",5,22,17
"DPEP1","s672_F_ADR_01_ASEReadCounter.table","NW_015090842.1:10098017",0,2,2
"DPEP1","s672_F_ADR_01_ASEReadCounter.table","NW_015090842.1:10098518",2,12,10
"DPEP1","s672_F_ADR_01_ASEReadCounter.table","NW_015090842.1:10098595",5,20,15
"DPEP1","s672_F_ADR_01_ASEReadCounter.table","NW_015090842.1:10098597",5,20,15
"DPEP1","s672_F_ADR_01_ASEReadCounter.table","NW_015090842.1:10098601",6,21,15
"DPEP1","s672_F_ADR_01_ASEReadCounter.table","NW_015090842.1:10098608",7,19,12
"DPEP1","s672_F_ADR_01_ASEReadCounter.table","NW_015090842.1:10098630",7,18,11
"DPEP1","s672_F_ADR_01_ASEReadCounter.table","NW_015090842.1:10098659",9,24,15
"DPEP1","s672_F_ADR_01_ASEReadCounter.table","NW_015090842.1:10099765",10,23,13
"DPEP1","s672_F_ADR_01_ASEReadCounter.table","NW_015090842.1:10099985",3,10,7
"DPEP1","s672_F_ADR_01_ASEReadCounter.table","NW_015090842.1:10099986",3,11,8
"DPEP1","s672_F_ADR_01_ASEReadCounter.table","NW_015090842.1:10099991",3,11,8
"DPEP1","s672_F_ADR_01_ASEReadCounter.table","NW_015090842.1:10100044",3,11,8
"DPEP1","s672_F_ADR_01_ASEReadCounter.table","NW_015090842.1:10100045",3,11,8
"DPEP1","s672_F_ADR_01_ASEReadCounter.table","NW_015090842.1:10100084",2,13,11
"DPEP1","s672_F_ADR_01_ASEReadCounter.table","NW_015090842.1:10100295",4,15,11
"DPEP1","s672_F_ADR_01_ASEReadCounter.table","NW_015090842.1:10100529",4,19,15
"DPEP1","s672_F_ADR_01_ASEReadCounter.table","NW_015090842.1:10100893",7,34,27
"DPEP1","s672_F_ADR_01_ASEReadCounter.table","NW_015090842.1:10100902",6,33,27
"DPEP1","s672_F_ADR_01_ASEReadCounter.table","NW_015090842.1:10101072",4,24,20
"DPEP1","s672_F_ADR_01_ASEReadCounter.table","NW_015090842.1:10101199",7,26,19
"DPEP1","s672_F_ADR_01_ASEReadCounter.table","NW_015090842.1:10101483",11,26,15
"DPEP1","s672_F_ADR_01_ASEReadCounter.table","NW_015090842.1:10101497",12,29,17
"DPEP1","s672_F_ADR_01_ASEReadCounter.table","NW_015090842.1:10101525",10,25,15
"DPEP1","s672_F_ADR_01_ASEReadCounter.table","NW_015090842.1:10101875",12,25,13
"DPEP1","s672_F_ADR_01_ASEReadCounter.table","NW_015090842.1:10101913",12,16,4
"DPEP1","s672_F_ADR_01_ASEReadCounter.table","NW_015090842.1:10101996",9,16,7
"DPEP1","s672_F_ADR_01_ASEReadCounter.table","NW_015090842.1:10102014",8,15,7
"DPEP1","s672_F_ADR_01_ASEReadCounter.table","NW_015090842.1:10102035",7,11,4
"CHMP1A","s672_F_ADR_01_ASEReadCounter.table","NW_015090842.1:10102901",39,109,70
"CHMP1A","s672_F_ADR_01_ASEReadCounter.table","NW_015090842.1:10102961",27,104,77
"CHMP1A","s672_F_ADR_01_ASEReadCounter.table","NW_015090842.1:10102996",29,100,71
"CHMP1A","s672_F_ADR_01_ASEReadCounter.table","NW_015090842.1:10103004",30,101,71
"CHMP1A","s672_F_ADR_01_ASEReadCounter.table","NW_015090842.1:10103006",29,101,72
"CHMP1A","s672_F_ADR_01_ASEReadCounter.table","NW_015090842.1:10103052",53,135,82
"CHMP1A","s672_F_ADR_01_ASEReadCounter.table","NW_015090842.1:10103095",57,141,84
"CHMP1A","s672_F_ADR_01_ASEReadCounter.table","NW_015090842.1:10103096",58,143,85
"CHMP1A","s672_F_ADR_01_ASEReadCounter.table","NW_015090842.1:10103152",48,107,59
"CHMP1A","s672_F_ADR_01_ASEReadCounter.table","NW_015090842.1:10103173",49,113,64
"CHMP1A","s672_F_ADR_01_ASEReadCounter.table","NW_015090842.1:10103334",36,98,62
"CHMP1A","s672_F_ADR_01_ASEReadCounter.table","NW_015090842.1:10103373",16,75,59
"CHMP1A","s672_F_ADR_01_ASEReadCounter.table","NW_015090842.1:10103408",38,99,61
"CHMP1A","s672_F_ADR_01_ASEReadCounter.table","NW_015090842.1:10103412",38,97,59
"CHMP1A","s672_F_ADR_01_ASEReadCounter.table","NW_015090842.1:10103512",53,126,73
"CHMP1A","s672_F_ADR_01_ASEReadCounter.table","NW_015090842.1:10103513",53,127,74
"CHMP1A","s672_F_ADR_01_ASEReadCounter.table","NW_015090842.1:10103583",45,98,53
"CHMP1A","s672_F_ADR_01_ASEReadCounter.table","NW_015090842.1:10103614",57,117,60
"CHMP1A","s672_F_ADR_01_ASEReadCounter.table","NW_015090842.1:10103657",58,131,73
"CHMP1A","s672_F_ADR_01_ASEReadCounter.table","NW_015090842.1:10103669",45,115,70
"CHMP1A","s672_F_ADR_01_ASEReadCounter.table","NW_015090842.1:10103674",45,110,65
"CHMP1A","s672_F_ADR_01_ASEReadCounter.table","NW_015090842.1:10103677",44,110,66
"CHMP1A","s672_F_ADR_01_ASEReadCounter.table","NW_015090842.1:10103729",42,108,66
"CHMP1A","s672_F_ADR_01_ASEReadCounter.table","NW_015090842.1:10103758",47,109,62
"CHMP1A","s672_F_ADR_01_ASEReadCounter.table","NW_015090842.1:10103761",50,117,67
"CHMP1A","s672_F_ADR_01_ASEReadCounter.table","NW_015090842.1:10103788",70,155,85
"CHMP1A","s672_F_ADR_01_ASEReadCounter.table","NW_015090842.1:10103789",70,155,85
"CHMP1A","s672_F_ADR_01_ASEReadCounter.table","NW_015090842.1:10103790",70,155,85
"CHMP1A","s672_F_ADR_01_ASEReadCounter.table","NW_015090842.1:10103950",59,129,70
"CHMP1A","s672_F_ADR_01_ASEReadCounter.table","NW_015090842.1:10104335",65,135,70
"CHMP1A","s672_F_ADR_01_ASEReadCounter.table","NW_015090842.1:10104429",73,146,73
"CHMP1A","s672_F_ADR_01_ASEReadCounter.table","NW_015090842.1:10104532",68,153,85
"CHMP1A","s672_F_ADR_01_ASEReadCounter.table","NW_015090842.1:10104633",51,140,89
"CHMP1A","s672_F_ADR_01_ASEReadCounter.table","NW_015090842.1:10104759",61,144,83
"CHMP1A","s672_F_ADR_01_ASEReadCounter.table","NW_015090842.1:10104794",73,162,89
"CHMP1A","s672_F_ADR_01_ASEReadCounter.table","NW_015090842.1:10104841",109,109,0
"CHMP1A","s672_F_ADR_01_ASEReadCounter.table","NW_015090842.1:10104844",48,112,64
"CHMP1A","s672_F_ADR_01_ASEReadCounter.table","NW_015090842.1:10106242",69,137,68
"CHMP1A","s672_F_ADR_01_ASEReadCounter.table","NW_015090842.1:10106290",50,119,69
"CHMP1A","s672_F_ADR_01_ASEReadCounter.table","NW_015090842.1:10106335",56,129,73
"CHMP1A","s672_F_ADR_01_ASEReadCounter.table","NW_015090842.1:10106383",74,169,95
"CHMP1A","s672_F_ADR_01_ASEReadCounter.table","NW_015090842.1:10106747",74,164,90
"CHMP1A","s672_F_ADR_01_ASEReadCounter.table","NW_015090842.1:10107404",76,157,81
"CHMP1A","s672_F_ADR_01_ASEReadCounter.table","NW_015090842.1:10107876",74,140,66
"CDK10","s672_F_ADR_01_ASEReadCounter.table","NW_015090842.1:10109030",5,6,1
"CDK10","s672_F_ADR_01_ASEReadCounter.table","NW_015090842.1:10109963",39,98,59
"CDK10","s672_F_ADR_01_ASEReadCounter.table","NW_015090842.1:10110887",25,71,46
"CDK10","s672_F_ADR_01_ASEReadCounter.table","NW_015090842.1:10111254",23,74,51
"CDK10","s672_F_ADR_01_ASEReadCounter.table","NW_015090842.1:10111380",19,84,65
"CDK10","s672_F_ADR_01_ASEReadCounter.table","NW_015090842.1:10111395",20,82,62
"CDK10","s672_F_ADR_01_ASEReadCounter.table","NW_015090842.1:10111437",10,63,53
"CDK10","s672_F_ADR_01_ASEReadCounter.table","NW_015090842.1:10111798",22,83,61
"CDK10","s672_F_ADR_01_ASEReadCounter.table","NW_015090842.1:10111840",23,75,52
"CDK10","s672_F_ADR_01_ASEReadCounter.table","NW_015090842.1:10112031",25,94,69
"CDK10","s672_F_ADR_01_ASEReadCounter.table","NW_015090842.1:10112285",20,91,71
"CDK10","s672_F_ADR_01_ASEReadCounter.table","NW_015090842.1:10112398",31,88,57
"CDK10","s672_F_ADR_01_ASEReadCounter.table","NW_015090842.1:10112455",34,81,47
"CDK10","s672_F_ADR_01_ASEReadCounter.table","NW_015090842.1:10112461",28,69,41
"CDK10","s672_F_ADR_01_ASEReadCounter.table","NW_015090842.1:10112497",29,64,35
"CDK10","s672_F_ADR_01_ASEReadCounter.table","NW_015090842.1:10112508",27,71,44
"CDK10","s672_F_ADR_01_ASEReadCounter.table","NW_015090842.1:10112518",19,61,42
"CDK10","s672_F_ADR_01_ASEReadCounter.table","NW_015090842.1:10112540",2,43,41
"CDK10","s672_F_ADR_01_ASEReadCounter.table","NW_015090842.1:10112556",10,53,43
"CDK10","s672_F_ADR_01_ASEReadCounter.table","NW_015090842.1:10112561",11,62,51
"CDK10","s672_F_ADR_01_ASEReadCounter.table","NW_015090842.1:10112596",15,69,54
"CDK10","s672_F_ADR_01_ASEReadCounter.table","NW_015090842.1:10112630",21,62,41
"CDK10","s672_F_ADR_01_ASEReadCounter.table","NW_015090842.1:10112656",19,62,43
"CDK10","s672_F_ADR_01_ASEReadCounter.table","NW_015090842.1:10112665",17,52,35
"CDK10","s672_F_ADR_01_ASEReadCounter.table","NW_015090842.1:10112668",16,51,35
"CDK10","s672_F_ADR_01_ASEReadCounter.table","NW_015090842.1:10112781",11,29,18
"CDK10","s672_F_ADR_01_ASEReadCounter.table","NW_015090842.1:10112782",11,29,18
"CDK10","s672_F_ADR_01_ASEReadCounter.table","NW_015090842.1:10112795",11,28,17
"CDK10","s672_F_ADR_01_ASEReadCounter.table","NW_015090842.1:10112841",3,12,9
"CDK10","s672_F_ADR_01_ASEReadCounter.table","NW_015090842.1:10112861",3,10,7
"SPATA2L","s672_F_ADR_01_ASEReadCounter.table","NW_015090842.1:10113212",5,16,11
"SPATA2L","s672_F_ADR_01_ASEReadCounter.table","NW_015090842.1:10113280",19,38,19
"SPATA2L","s672_F_ADR_01_ASEReadCounter.table","NW_015090842.1:10113296",22,41,19
"SPATA2L","s672_F_ADR_01_ASEReadCounter.table","NW_015090842.1:10113321",27,50,23
"SPATA2L","s672_F_ADR_01_ASEReadCounter.table","NW_015090842.1:10113332",30,53,23
"SPATA2L","s672_F_ADR_01_ASEReadCounter.table","NW_015090842.1:10113380",19,47,28
"SPATA2L","s672_F_ADR_01_ASEReadCounter.table","NW_015090842.1:10113381",18,47,29
"SPATA2L","s672_F_ADR_01_ASEReadCounter.table","NW_015090842.1:10113412",23,57,34
"SPATA2L","s672_F_ADR_01_ASEReadCounter.table","NW_015090842.1:10113421",21,55,34
"SPATA2L","s672_F_ADR_01_ASEReadCounter.table","NW_015090842.1:10113465",24,57,33
"SPATA2L","s672_F_ADR_01_ASEReadCounter.table","NW_015090842.1:10113535",33,53,20
"SPATA2L","s672_F_ADR_01_ASEReadCounter.table","NW_015090842.1:10113645",33,53,20
"SPATA2L","s672_F_ADR_01_ASEReadCounter.table","NW_015090842.1:10113682",41,71,30
"SPATA2L","s672_F_ADR_01_ASEReadCounter.table","NW_015090842.1:10113696",34,63,29
"SPATA2L","s672_F_ADR_01_ASEReadCounter.table","NW_015090842.1:10113727",40,74,34
"SPATA2L","s672_F_ADR_01_ASEReadCounter.table","NW_015090842.1:10113799",35,70,35
"SPATA2L","s672_F_ADR_01_ASEReadCounter.table","NW_015090842.1:10113809",36,73,37
"SPATA2L","s672_F_ADR_01_ASEReadCounter.table","NW_015090842.1:10113827",36,70,34
"SPATA2L","s672_F_ADR_01_ASEReadCounter.table","NW_015090842.1:10113831",35,71,36
"SPATA2L","s672_F_ADR_01_ASEReadCounter.table","NW_015090842.1:10113894",33,60,27
"SPATA2L","s672_F_ADR_01_ASEReadCounter.table","NW_015090842.1:10113905",26,58,32
"SPATA2L","s672_F_ADR_01_ASEReadCounter.table","NW_015090842.1:10113914",30,64,34
"SPATA2L","s672_F_ADR_01_ASEReadCounter.table","NW_015090842.1:10113920",29,67,38
"SPATA2L","s672_F_ADR_01_ASEReadCounter.table","NW_015090842.1:10113937",31,68,37
"SPATA2L","s672_F_ADR_01_ASEReadCounter.table","NW_015090842.1:10113971",26,61,35
"SPATA2L","s672_F_ADR_01_ASEReadCounter.table","NW_015090842.1:10113976",23,66,43
"SPATA2L","s672_F_ADR_01_ASEReadCounter.table","NW_015090842.1:10113985",25,60,35
"SPATA2L","s672_F_ADR_01_ASEReadCounter.table","NW_015090842.1:10113994",33,68,35
"SPATA2L","s672_F_ADR_01_ASEReadCounter.table","NW_015090842.1:10114063",27,58,31
"SPATA2L","s672_F_ADR_01_ASEReadCounter.table","NW_015090842.1:10114066",28,58,30
"SPATA2L","s672_F_ADR_01_ASEReadCounter.table","NW_015090842.1:10114069",26,57,31
"SPATA2L","s672_F_ADR_01_ASEReadCounter.table","NW_015090842.1:10114121",16,39,23
"SPATA2L","s672_F_ADR_01_ASEReadCounter.table","NW_015090842.1:10114159",23,45,22
"SPATA2L","s672_F_ADR_01_ASEReadCounter.table","NW_015090842.1:10114282",59,59,0
"SPATA2L","s672_F_ADR_01_ASEReadCounter.table","NW_015090842.1:10114470",24,47,23
"SPATA2L","s672_F_ADR_01_ASEReadCounter.table","NW_015090842.1:10114524",14,34,20
"VPS9D1","s672_F_ADR_01_ASEReadCounter.table","NW_015090842.1:10116377",18,32,14
"VPS9D1","s672_F_ADR_01_ASEReadCounter.table","NW_015090842.1:10116415",20,44,24
"VPS9D1","s672_F_ADR_01_ASEReadCounter.table","NW_015090842.1:10116607",23,45,22
"VPS9D1","s672_F_ADR_01_ASEReadCounter.table","NW_015090842.1:10116816",23,23,0
"VPS9D1","s672_F_ADR_01_ASEReadCounter.table","NW_015090842.1:10116821",13,26,13
"VPS9D1","s672_F_ADR_01_ASEReadCounter.table","NW_015090842.1:10116825",14,28,14
"VPS9D1","s672_F_ADR_01_ASEReadCounter.table","NW_015090842.1:10116882",15,32,17
"VPS9D1","s672_F_ADR_01_ASEReadCounter.table","NW_015090842.1:10116885",13,27,14
"VPS9D1","s672_F_ADR_01_ASEReadCounter.table","NW_015090842.1:10116933",14,29,15
"VPS9D1","s672_F_ADR_01_ASEReadCounter.table","NW_015090842.1:10116942",13,29,16
"VPS9D1","s672_F_ADR_01_ASEReadCounter.table","NW_015090842.1:10117152",3,10,7
"VPS9D1","s672_F_ADR_01_ASEReadCounter.table","NW_015090842.1:10117396",15,15,0
"VPS9D1","s672_F_ADR_01_ASEReadCounter.table","NW_015090842.1:10117405",10,10,0
"VPS9D1","s672_F_ADR_01_ASEReadCounter.table","NW_015090842.1:10117480",12,23,11
"VPS9D1","s672_F_ADR_01_ASEReadCounter.table","NW_015090842.1:10117497",12,22,10
"VPS9D1","s672_F_ADR_01_ASEReadCounter.table","NW_015090842.1:10117499",10,21,11
"VPS9D1","s672_F_ADR_01_ASEReadCounter.table","NW_015090842.1:10117516",11,27,16
"VPS9D1","s672_F_ADR_01_ASEReadCounter.table","NW_015090842.1:10117525",11,25,14
"VPS9D1","s672_F_ADR_01_ASEReadCounter.table","NW_015090842.1:10117579",9,21,12
"VPS9D1","s672_F_ADR_01_ASEReadCounter.table","NW_015090842.1:10117627",12,24,12
"VPS9D1","s672_F_ADR_01_ASEReadCounter.table","NW_015090842.1:10117678",7,29,22
"VPS9D1","s672_F_ADR_01_ASEReadCounter.table","NW_015090842.1:10117773",15,37,22
"VPS9D1","s672_F_ADR_01_ASEReadCounter.table","NW_015090842.1:10117937",20,43,23
"VPS9D1","s672_F_ADR_01_ASEReadCounter.table","NW_015090842.1:10117961",17,38,21
"VPS9D1","s672_F_ADR_01_ASEReadCounter.table","NW_015090842.1:10118236",16,42,26
"VPS9D1","s672_F_ADR_01_ASEReadCounter.table","NW_015090842.1:10118414",15,35,20
"VPS9D1","s672_F_ADR_01_ASEReadCounter.table","NW_015090842.1:10118973",14,32,18
"VPS9D1","s672_F_ADR_01_ASEReadCounter.table","NW_015090842.1:10119500",10,19,9
"ZNF276","s672_F_ADR_01_ASEReadCounter.table","NW_015090842.1:10121760",3,7,4
"ZNF276","s672_F_ADR_01_ASEReadCounter.table","NW_015090842.1:10121769",3,7,4
"ZNF276","s672_F_ADR_01_ASEReadCounter.table","NW_015090842.1:10121802",4,10,6
"ZNF276","s672_F_ADR_01_ASEReadCounter.table","NW_015090842.1:10121971",9,21,12
"ZNF276","s672_F_ADR_01_ASEReadCounter.table","NW_015090842.1:10122883",10,21,11
"ZNF276","s672_F_ADR_01_ASEReadCounter.table","NW_015090842.1:10123069",11,18,7
"ZNF276","s672_F_ADR_01_ASEReadCounter.table","NW_015090842.1:10123207",18,34,16
"ZNF276","s672_F_ADR_01_ASEReadCounter.table","NW_015090842.1:10125787",17,31,14
"ZNF276","s672_F_ADR_01_ASEReadCounter.table","NW_015090842.1:10126309",26,44,18
"ZNF276","s672_F_ADR_01_ASEReadCounter.table","NW_015090842.1:10126348",23,39,16
"ZNF276","s672_F_ADR_01_ASEReadCounter.table","NW_015090842.1:10126978",31,54,23
"ZNF276","s672_F_ADR_01_ASEReadCounter.table","NW_015090842.1:10126991",25,46,21
"ZNF276","s672_F_ADR_01_ASEReadCounter.table","NW_015090842.1:10127023",30,52,22
"ZNF276","s672_F_ADR_01_ASEReadCounter.table","NW_015090842.1:10127063",21,38,17
"ZNF276","s672_F_ADR_01_ASEReadCounter.table","NW_015090842.1:10127373",22,37,15
"ZNF276","s672_F_ADR_01_ASEReadCounter.table","NW_015090842.1:10127931",22,38,16
"ZNF276","s672_F_ADR_01_ASEReadCounter.table","NW_015090842.1:10128070",14,32,18
"ZNF276","s672_F_ADR_01_ASEReadCounter.table","NW_015090842.1:10128102",13,27,14
"ZNF276","s672_F_ADR_01_ASEReadCounter.table","NW_015090842.1:10128356",18,31,13
"ZNF276","s672_F_ADR_01_ASEReadCounter.table","NW_015090842.1:10128497",19,31,12
"FANCA","s672_F_ADR_01_ASEReadCounter.table","NW_015090842.1:10129383",1,1,0
"FANCA","s672_F_ADR_01_ASEReadCounter.table","NW_015090842.1:10129390",1,1,0
"FANCA","s672_F_ADR_01_ASEReadCounter.table","NW_015090842.1:10129422",1,1,0
"FANCA","s672_F_ADR_01_ASEReadCounter.table","NW_015090842.1:10129969",2,2,0
"FANCA","s672_F_ADR_01_ASEReadCounter.table","NW_015090842.1:10130399",2,2,0
"FANCA","s672_F_ADR_01_ASEReadCounter.table","NW_015090842.1:10130857",1,2,1
"FANCA","s672_F_ADR_01_ASEReadCounter.table","NW_015090842.1:10130878",1,2,1
"FANCA","s672_F_ADR_01_ASEReadCounter.table","NW_015090842.1:10133530",1,2,1
"FANCA","s672_F_ADR_01_ASEReadCounter.table","NW_015090842.1:10133533",1,2,1
"FANCA","s672_F_ADR_01_ASEReadCounter.table","NW_015090842.1:10133536",1,2,1
"FANCA","s672_F_ADR_01_ASEReadCounter.table","NW_015090842.1:10134492",1,1,0
"FANCA","s672_F_ADR_01_ASEReadCounter.table","NW_015090842.1:10134531",1,2,1
"FANCA","s672_F_ADR_01_ASEReadCounter.table","NW_015090842.1:10136957",2,3,1
"FANCA","s672_F_ADR_01_ASEReadCounter.table","NW_015090842.1:10136982",1,2,1
"FANCA","s672_F_ADR_01_ASEReadCounter.table","NW_015090842.1:10136999",1,2,1
"FANCA","s672_F_ADR_01_ASEReadCounter.table","NW_015090842.1:10137019",0,2,2
"FANCA","s672_F_ADR_01_ASEReadCounter.table","NW_015090842.1:10137673",0,2,2
"FANCA","s672_F_ADR_01_ASEReadCounter.table","NW_015090842.1:10138618",0,2,2
"FANCA","s672_F_ADR_01_ASEReadCounter.table","NW_015090842.1:10139140",1,2,1
"FANCA","s672_F_ADR_01_ASEReadCounter.table","NW_015090842.1:10140699",1,1,0
"FANCA","s672_F_ADR_01_ASEReadCounter.table","NW_015090842.1:10141234",3,3,0
"FANCA","s672_F_ADR_01_ASEReadCounter.table","NW_015090842.1:10145030",2,3,1
"FANCA","s672_F_ADR_01_ASEReadCounter.table","NW_015090842.1:10150518",2,4,2
"FANCA","s672_F_ADR_01_ASEReadCounter.table","NW_015090842.1:10152863",1,1,0
"FANCA","s672_F_ADR_01_ASEReadCounter.table","NW_015090842.1:10158162",1,2,1
"FANCA","s672_F_ADR_01_ASEReadCounter.table","NW_015090842.1:10158957",1,2,1
"FANCA","s672_F_ADR_01_ASEReadCounter.table","NW_015090842.1:10162980",1,1,0
"FANCA","s672_F_ADR_01_ASEReadCounter.table","NW_015090842.1:10163667",2,2,0
"FANCA","s672_F_ADR_01_ASEReadCounter.table","NW_015090842.1:10164257",1,2,1
"SPIRE2","s672_F_ADR_01_ASEReadCounter.table","NW_015090842.1:10172284",4,10,6
"SPIRE2","s672_F_ADR_01_ASEReadCounter.table","NW_015090842.1:10175262",10,15,5
"SPIRE2","s672_F_ADR_01_ASEReadCounter.table","NW_015090842.1:10175352",9,13,4
"SPIRE2","s672_F_ADR_01_ASEReadCounter.table","NW_015090842.1:10175400",17,25,8
"SPIRE2","s672_F_ADR_01_ASEReadCounter.table","NW_015090842.1:10175418",15,24,9
"SPIRE2","s672_F_ADR_01_ASEReadCounter.table","NW_015090842.1:10175704",18,34,16
"SPIRE2","s672_F_ADR_01_ASEReadCounter.table","NW_015090842.1:10176115",20,45,25
"SPIRE2","s672_F_ADR_01_ASEReadCounter.table","NW_015090842.1:10176561",14,29,15
"SPIRE2","s672_F_ADR_01_ASEReadCounter.table","NW_015090842.1:10176817",17,37,20
"SPIRE2","s672_F_ADR_01_ASEReadCounter.table","NW_015090842.1:10177084",3,17,14
"SPIRE2","s672_F_ADR_01_ASEReadCounter.table","NW_015090842.1:10177110",4,14,10
"SPIRE2","s672_F_ADR_01_ASEReadCounter.table","NW_015090842.1:10177838",19,40,21
"SPIRE2","s672_F_ADR_01_ASEReadCounter.table","NW_015090842.1:10178000",8,25,17
"SPIRE2","s672_F_ADR_01_ASEReadCounter.table","NW_015090842.1:10178164",11,31,20
"SPIRE2","s672_F_ADR_01_ASEReadCounter.table","NW_015090842.1:10178216",15,25,10
"SPIRE2","s672_F_ADR_01_ASEReadCounter.table","NW_015090842.1:10178403",13,32,19
"SPIRE2","s672_F_ADR_01_ASEReadCounter.table","NW_015090842.1:10178409",11,29,18
"SPIRE2","s672_F_ADR_01_ASEReadCounter.table","NW_015090842.1:10178524",13,24,11
"SPIRE2","s672_F_ADR_01_ASEReadCounter.table","NW_015090842.1:10178526",13,24,11
"SPIRE2","s672_F_ADR_01_ASEReadCounter.table","NW_015090842.1:10178531",12,23,11
"SPIRE2","s672_F_ADR_01_ASEReadCounter.table","NW_015090842.1:10178565",12,23,11
"SPIRE2","s672_F_ADR_01_ASEReadCounter.table","NW_015090842.1:10178587",12,24,12
"SPIRE2","s672_F_ADR_01_ASEReadCounter.table","NW_015090842.1:10178640",10,21,11
"SPIRE2","s672_F_ADR_01_ASEReadCounter.table","NW_015090842.1:10178651",12,24,12
"SPIRE2","s672_F_ADR_01_ASEReadCounter.table","NW_015090842.1:10178682",11,23,12
"TCF25","s672_F_ADR_01_ASEReadCounter.table","NW_015090842.1:10180912",23,44,21
"TCF25","s672_F_ADR_01_ASEReadCounter.table","NW_015090842.1:10180924",25,45,20
"TCF25","s672_F_ADR_01_ASEReadCounter.table","NW_015090842.1:10180931",26,46,20
"TCF25","s672_F_ADR_01_ASEReadCounter.table","NW_015090842.1:10185332",89,164,75
"TCF25","s672_F_ADR_01_ASEReadCounter.table","NW_015090842.1:10188816",74,138,64
"DBNDD1","s672_F_ADR_01_ASEReadCounter.table","NW_015090842.1:10223105",15,35,20
"GAS8","s672_F_ADR_01_ASEReadCounter.table","NW_015090842.1:10228982",20,42,22
"GAS8","s672_F_ADR_01_ASEReadCounter.table","NW_015090842.1:10229832",14,32,18
"GAS8","s672_F_ADR_01_ASEReadCounter.table","NW_015090842.1:10232375",20,33,13
"GAS8","s672_F_ADR_01_ASEReadCounter.table","NW_015090842.1:10232901",11,30,19
"GAS8","s672_F_ADR_01_ASEReadCounter.table","NW_015090842.1:10232928",13,29,16
"GAS8","s672_F_ADR_01_ASEReadCounter.table","NW_015090842.1:10232967",16,32,16
"GAS8","s672_F_ADR_01_ASEReadCounter.table","NW_015090842.1:10233032",18,30,12
"GAS8","s672_F_ADR_01_ASEReadCounter.table","NW_015090842.1:10233057",12,21,9
"GAS8","s672_F_ADR_01_ASEReadCounter.table","NW_015090842.1:10233058",12,21,9
"GAS8","s672_F_ADR_01_ASEReadCounter.table","NW_015090842.1:10233176",6,12,6
"GAS8","s672_F_ADR_01_ASEReadCounter.table","NW_015090842.1:10233196",6,11,5
"GAS8","s672_F_ADR_01_ASEReadCounter.table","NW_015090842.1:10233252",7,14,7
"GAS8","s672_F_ADR_01_ASEReadCounter.table","NW_015090842.1:10233303",3,6,3
"LOC106888094","s672_F_ADR_01_ASEReadCounter.table","NW_015090842.1:10233334",3,29,26
"LOC106888094","s672_F_ADR_01_ASEReadCounter.table","NW_015090842.1:10233362",15,77,62
"LOC106888094","s672_F_ADR_01_ASEReadCounter.table","NW_015090842.1:10233373",18,90,72
"LOC106888094","s672_F_ADR_01_ASEReadCounter.table","NW_015090842.1:10233388",23,108,85
"LOC106888094","s672_F_ADR_01_ASEReadCounter.table","NW_015090842.1:10233402",27,114,87
"LOC106888094","s672_F_ADR_01_ASEReadCounter.table","NW_015090842.1:10233465",33,137,104
"LOC106888094","s672_F_ADR_01_ASEReadCounter.table","NW_015090842.1:10233803",34,177,143
"LOC106888094","s672_F_ADR_01_ASEReadCounter.table","NW_015090842.1:10233815",27,152,125
"LOC106888094","s672_F_ADR_01_ASEReadCounter.table","NW_015090842.1:10235484",7,10,3
"LOC106888094","s672_F_ADR_01_ASEReadCounter.table","NW_015090842.1:10235611",11,17,6
"LOC106888094","s672_F_ADR_01_ASEReadCounter.table","NW_015090842.1:10236098",11,22,11
"LOC106888094","s672_F_ADR_01_ASEReadCounter.table","NW_015090842.1:10236161",5,22,17
"LOC106888094","s672_F_ADR_01_ASEReadCounter.table","NW_015090842.1:10236380",8,13,5
"LOC106888094","s672_F_ADR_01_ASEReadCounter.table","NW_015090842.1:10236388",11,14,3
"LOC106888094","s672_F_ADR_01_ASEReadCounter.table","NW_015090842.1:10236425",8,14,6
"LOC106888094","s672_F_ADR_01_ASEReadCounter.table","NW_015090842.1:10236426",8,14,6
"LOC106888094","s672_F_ADR_01_ASEReadCounter.table","NW_015090842.1:10236603",6,10,4
"LOC106888173","s672_F_ADR_01_ASEReadCounter.table","NW_015090842.1:10239596",1,16,15
"LOC106888173","s672_F_ADR_01_ASEReadCounter.table","NW_015090842.1:10240036",4,29,25
"LOC106888173","s672_F_ADR_01_ASEReadCounter.table","NW_015090842.1:10240095",7,37,30
"LOC106888173","s672_F_ADR_01_ASEReadCounter.table","NW_015090842.1:10240280",7,47,40
"LOC106888173","s672_F_ADR_01_ASEReadCounter.table","NW_015090842.1:10240557",7,48,41
"LOC106888173","s672_F_ADR_01_ASEReadCounter.table","NW_015090842.1:10240603",6,55,49
"LOC106888173","s672_F_ADR_01_ASEReadCounter.table","NW_015090842.1:10240609",6,55,49
"LOC106888173","s672_F_ADR_01_ASEReadCounter.table","NW_015090842.1:10240690",7,56,49
"LOC106888173","s672_F_ADR_01_ASEReadCounter.table","NW_015090842.1:10240924",6,42,36
"LOC106888173","s672_F_ADR_01_ASEReadCounter.table","NW_015090842.1:10241037",4,45,41
"LOC106888173","s672_F_ADR_01_ASEReadCounter.table","NW_015090842.1:10241046",5,46,41
"LOC106888173","s672_F_ADR_01_ASEReadCounter.table","NW_015090842.1:10241058",5,45,40
"LOC106888173","s672_F_ADR_01_ASEReadCounter.table","NW_015090842.1:10241064",5,41,36
"LOC106888173","s672_F_ADR_01_ASEReadCounter.table","NW_015090842.1:10241103",44,44,0
"LOC106888173","s672_F_ADR_01_ASEReadCounter.table","NW_015090842.1:10241163",6,47,41
"LOC106888173","s672_F_ADR_01_ASEReadCounter.table","NW_015090842.1:10241803",11,57,46
"LOC106888173","s672_F_ADR_01_ASEReadCounter.table","NW_015090842.1:10241827",13,61,48
"LOC106888173","s672_F_ADR_01_ASEReadCounter.table","NW_015090842.1:10241869",12,59,47
"LOC106888173","s672_F_ADR_01_ASEReadCounter.table","NW_015090842.1:10242079",11,53,42
"LOC106888173","s672_F_ADR_01_ASEReadCounter.table","NW_015090842.1:10242103",10,52,42
"LOC106888173","s672_F_ADR_01_ASEReadCounter.table","NW_015090842.1:10242157",11,53,42
"LOC106888173","s672_F_ADR_01_ASEReadCounter.table","NW_015090842.1:10242455",9,59,50
"LOC106888173","s672_F_ADR_01_ASEReadCounter.table","NW_015090842.1:10242481",8,59,51
"LOC106888173","s672_F_ADR_01_ASEReadCounter.table","NW_015090842.1:10242590",8,47,39
"LOC106888173","s672_F_ADR_01_ASEReadCounter.table","NW_015090842.1:10242794",4,52,48
"LOC106888173","s672_F_ADR_01_ASEReadCounter.table","NW_015090842.1:10242909",4,47,43
"LOC106888173","s672_F_ADR_01_ASEReadCounter.table","NW_015090842.1:10243094",7,44,37
"LOC106888173","s672_F_ADR_01_ASEReadCounter.table","NW_015090842.1:10243133",9,44,35
"LOC106888173","s672_F_ADR_01_ASEReadCounter.table","NW_015090842.1:10243273",7,58,51
"LOC106888173","s672_F_ADR_01_ASEReadCounter.table","NW_015090842.1:10243278",9,62,53
"LOC106888173","s672_F_ADR_01_ASEReadCounter.table","NW_015090842.1:10243281",9,62,53
"LOC106888173","s672_F_ADR_01_ASEReadCounter.table","NW_015090842.1:10243347",29,32,3
"LOC106888173","s672_F_ADR_01_ASEReadCounter.table","NW_015090842.1:10243353",6,32,26
"LOC106888173","s672_F_ADR_01_ASEReadCounter.table","NW_015090842.1:10243363",7,26,19
"LOC106888173","s672_F_ADR_01_ASEReadCounter.table","NW_015090842.1:10243365",4,27,23
"LOC106888173","s672_F_ADR_01_ASEReadCounter.table","NW_015090842.1:10243566",22,59,37
"LOC106888173","s672_F_ADR_01_ASEReadCounter.table","NW_015090842.1:10243605",7,58,51
"LOC106888173","s672_F_ADR_01_ASEReadCounter.table","NW_015090842.1:10243614",7,55,48
"LOC106888173","s672_F_ADR_01_ASEReadCounter.table","NW_015090842.1:10243615",7,56,49
"LOC106888173","s672_F_ADR_01_ASEReadCounter.table","NW_015090842.1:10243640",9,45,36
"LOC106888173","s672_F_ADR_01_ASEReadCounter.table","NW_015090842.1:10243680",2,26,24
"LOC106888173","s672_F_ADR_01_ASEReadCounter.table","NW_015090842.1:10243742",1,38,37
"LOC106888173","s672_F_ADR_01_ASEReadCounter.table","NW_015090842.1:10243804",2,32,30
"LOC106888173","s672_F_ADR_01_ASEReadCounter.table","NW_015090842.1:10243913",1,8,7
"LOC106888173","s672_F_ADR_01_ASEReadCounter.table","NW_015090842.1:10243921",1,7,6
"LOC106888384","s672_F_ADR_01_ASEReadCounter.table","NW_015090842.1:10244714",6,12,6
"LOC106888384","s672_F_ADR_01_ASEReadCounter.table","NW_015090842.1:10244942",16,38,22
"LOC106888384","s672_F_ADR_01_ASEReadCounter.table","NW_015090842.1:10244998",18,32,14
"LOC106888384","s672_F_ADR_01_ASEReadCounter.table","NW_015090842.1:10250743",17,35,18
"LOC106888384","s672_F_ADR_01_ASEReadCounter.table","NW_015090842.1:10250771",13,32,19
"LOC106888384","s672_F_ADR_01_ASEReadCounter.table","NW_015090842.1:10251339",25,25,0
"LOC106888384","s672_F_ADR_01_ASEReadCounter.table","NW_015090842.1:10251343",23,23,0
"LOC106888384","s672_F_ADR_01_ASEReadCounter.table","NW_015090842.1:10251344",22,22,0
"LOC106888384","s672_F_ADR_01_ASEReadCounter.table","NW_015090842.1:10251349",19,19,0
"LOC106888384","s672_F_ADR_01_ASEReadCounter.table","NW_015090842.1:10251354",19,21,2
"LOC106888384","s672_F_ADR_01_ASEReadCounter.table","NW_015090842.1:10251358",16,18,2
"LOC106888384","s672_F_ADR_01_ASEReadCounter.table","NW_015090842.1:10251369",5,14,9
"LOC106888384","s672_F_ADR_01_ASEReadCounter.table","NW_015090842.1:10251370",12,14,2
"LOC106888384","s672_F_ADR_01_ASEReadCounter.table","NW_015090842.1:10251375",5,7,2
"LOC106888384","s672_F_ADR_01_ASEReadCounter.table","NW_015090842.1:10251388",1,3,2
"LOC106888384","s672_F_ADR_01_ASEReadCounter.table","NW_015090842.1:10251390",1,3,2
"LOC106888384","s672_F_ADR_01_ASEReadCounter.table","NW_015090842.1:10251393",0,2,2
"LOC106888384","s672_F_ADR_01_ASEReadCounter.table","NW_015090842.1:10251399",0,2,2
"LOC106888384","s672_F_ADR_01_ASEReadCounter.table","NW_015090842.1:10251492",1,1,0
"LOC106888384","s672_F_ADR_01_ASEReadCounter.table","NW_015090842.1:10253165",35,67,32
"LOC106888384","s672_F_ADR_01_ASEReadCounter.table","NW_015090842.1:10253284",18,51,33
"LOC106888384","s672_F_ADR_01_ASEReadCounter.table","NW_015090842.1:10254028",34,77,43
"LOC106888384","s672_F_ADR_01_ASEReadCounter.table","NW_015090842.1:10254227",27,60,33
"LOC106888384","s672_F_ADR_01_ASEReadCounter.table","NW_015090842.1:10254233",28,64,36
"LOC106888384","s672_F_ADR_01_ASEReadCounter.table","NW_015090842.1:10254263",32,67,35
"LOC106888384","s672_F_ADR_01_ASEReadCounter.table","NW_015090842.1:10254293",28,65,37
"LOC106888384","s672_F_ADR_01_ASEReadCounter.table","NW_015090842.1:10254570",25,63,38
"LOC106888384","s672_F_ADR_01_ASEReadCounter.table","NW_015090842.1:10254605",48,48,0
"LOC106888384","s672_F_ADR_01_ASEReadCounter.table","NW_015090842.1:10254608",50,50,0
"LOC106888384","s672_F_ADR_01_ASEReadCounter.table","NW_015090842.1:10254618",34,34,0
"LOC106888384","s672_F_ADR_01_ASEReadCounter.table","NW_015090842.1:10254620",28,29,1
"LOC106888384","s672_F_ADR_01_ASEReadCounter.table","NW_015090842.1:10254623",23,23,0
"LOC106888384","s672_F_ADR_01_ASEReadCounter.table","NW_015090842.1:10254624",23,23,0
"LOC106888384","s672_F_ADR_01_ASEReadCounter.table","NW_015090842.1:10254627",27,27,0
"LOC106888384","s672_F_ADR_01_ASEReadCounter.table","NW_015090842.1:10254629",24,24,0
"LOC106888384","s672_F_ADR_01_ASEReadCounter.table","NW_015090842.1:10254647",7,18,11
"LOC106888384","s672_F_ADR_01_ASEReadCounter.table","NW_015090842.1:10254663",4,11,7
"LOC106888384","s672_F_ADR_01_ASEReadCounter.table","NW_015090842.1:10254840",9,27,18
"LOC106888384","s672_F_ADR_01_ASEReadCounter.table","NW_015090842.1:10254891",43,43,0
"LOC106888384","s672_F_ADR_01_ASEReadCounter.table","NW_015090842.1:10254900",7,40,33
"LOC106888384","s672_F_ADR_01_ASEReadCounter.table","NW_015090842.1:10254915",9,43,34
"LOC106888384","s672_F_ADR_01_ASEReadCounter.table","NW_015090842.1:10254965",32,32,0
"LOC106888384","s672_F_ADR_01_ASEReadCounter.table","NW_015090842.1:10254975",12,36,24
"LOC106888384","s672_F_ADR_01_ASEReadCounter.table","NW_015090842.1:10255077",13,45,32
"LOC106888384","s672_F_ADR_01_ASEReadCounter.table","NW_015090842.1:10255117",15,43,28
"LOC106888384","s672_F_ADR_01_ASEReadCounter.table","NW_015090842.1:10255138",17,43,26
"LOC106888384","s672_F_ADR_01_ASEReadCounter.table","NW_015090842.1:10255139",17,43,26
"LOC106888384","s672_F_ADR_01_ASEReadCounter.table","NW_015090842.1:10255209",29,54,25
"LOC106888384","s672_F_ADR_01_ASEReadCounter.table","NW_015090842.1:10255211",29,50,21
"LOC106888384","s672_F_ADR_01_ASEReadCounter.table","NW_015090842.1:10255236",23,48,25
"LOC106888384","s672_F_ADR_01_ASEReadCounter.table","NW_015090842.1:10255262",15,41,26
"LOC106888384","s672_F_ADR_01_ASEReadCounter.table","NW_015090842.1:10255264",15,43,28
"LOC106888384","s672_F_ADR_01_ASEReadCounter.table","NW_015090842.1:10255306",19,58,39
"LOC106888384","s672_F_ADR_01_ASEReadCounter.table","NW_015090842.1:10255340",25,63,38
"LOC106888384","s672_F_ADR_01_ASEReadCounter.table","NW_015090842.1:10255410",31,69,38
"LOC106888384","s672_F_ADR_01_ASEReadCounter.table","NW_015090842.1:10255449",32,69,37
"LOC106888384","s672_F_ADR_01_ASEReadCounter.table","NW_015090842.1:10255496",28,65,37
"LOC106888384","s672_F_ADR_01_ASEReadCounter.table","NW_015090842.1:10255505",24,55,31
"LOC106888384","s672_F_ADR_01_ASEReadCounter.table","NW_015090842.1:10255531",31,62,31
"LOC106888384","s672_F_ADR_01_ASEReadCounter.table","NW_015090842.1:10255608",30,59,29
"LOC106888384","s672_F_ADR_01_ASEReadCounter.table","NW_015090842.1:10255704",21,38,17
"LOC106888384","s672_F_ADR_01_ASEReadCounter.table","NW_015090842.1:10255731",17,27,10
"LOC106888384","s672_F_ADR_01_ASEReadCounter.table","NW_015090842.1:10255771",11,16,5
"TANGO6","s672_F_ADR_01_ASEReadCounter.table","NW_015090842.1:10257782",5,11,6
"TANGO6","s672_F_ADR_01_ASEReadCounter.table","NW_015090842.1:10258162",8,15,7
"TANGO6","s672_F_ADR_01_ASEReadCounter.table","NW_015090842.1:10258185",8,15,7
"TANGO6","s672_F_ADR_01_ASEReadCounter.table","NW_015090842.1:10259267",8,19,11
"TANGO6","s672_F_ADR_01_ASEReadCounter.table","NW_015090842.1:10260250",24,44,20
"TANGO6","s672_F_ADR_01_ASEReadCounter.table","NW_015090842.1:10260289",25,45,20
"TANGO6","s672_F_ADR_01_ASEReadCounter.table","NW_015090842.1:10260309",19,39,20
"TANGO6","s672_F_ADR_01_ASEReadCounter.table","NW_015090842.1:10260979",26,48,22
"TANGO6","s672_F_ADR_01_ASEReadCounter.table","NW_015090842.1:10261599",21,50,29
"TANGO6","s672_F_ADR_01_ASEReadCounter.table","NW_015090842.1:10268425",39,65,26
"TANGO6","s672_F_ADR_01_ASEReadCounter.table","NW_015090842.1:10269831",20,42,22
"TANGO6","s672_F_ADR_01_ASEReadCounter.table","NW_015090842.1:10270813",25,48,23
"TANGO6","s672_F_ADR_01_ASEReadCounter.table","NW_015090842.1:10274018",21,42,21
"TANGO6","s672_F_ADR_01_ASEReadCounter.table","NW_015090842.1:10275974",15,31,16
"TANGO6","s672_F_ADR_01_ASEReadCounter.table","NW_015090842.1:10275976",16,32,16
"TANGO6","s672_F_ADR_01_ASEReadCounter.table","NW_015090842.1:10276123",18,37,19
"TANGO6","s672_F_ADR_01_ASEReadCounter.table","NW_015090842.1:10276271",22,37,15
"TANGO6","s672_F_ADR_01_ASEReadCounter.table","NW_015090842.1:10276272",20,36,16
"TANGO6","s672_F_ADR_01_ASEReadCounter.table","NW_015090842.1:10276275",24,40,16
"TANGO6","s672_F_ADR_01_ASEReadCounter.table","NW_015090842.1:10276278",23,38,15
"TANGO6","s672_F_ADR_01_ASEReadCounter.table","NW_015090842.1:10276368",15,28,13
"TANGO6","s672_F_ADR_01_ASEReadCounter.table","NW_015090842.1:10276373",15,27,12
"TANGO6","s672_F_ADR_01_ASEReadCounter.table","NW_015090842.1:10276630",15,28,13
"TANGO6","s672_F_ADR_01_ASEReadCounter.table","NW_015090842.1:10281498",23,39,16
"TANGO6","s672_F_ADR_01_ASEReadCounter.table","NW_015090842.1:10281516",18,33,15
"TANGO6","s672_F_ADR_01_ASEReadCounter.table","NW_015090842.1:10282842",15,30,15
"TANGO6","s672_F_ADR_01_ASEReadCounter.table","NW_015090842.1:10282863",10,19,9
"TANGO6","s672_F_ADR_01_ASEReadCounter.table","NW_015090842.1:10282869",9,18,9
"TANGO6","s672_F_ADR_01_ASEReadCounter.table","NW_015090842.1:10282903",15,31,16
"TANGO6","s672_F_ADR_01_ASEReadCounter.table","NW_015090842.1:10283757",19,34,15
"TANGO6","s672_F_ADR_01_ASEReadCounter.table","NW_015090842.1:10283785",15,28,13
"HAS3","s672_F_ADR_01_ASEReadCounter.table","NW_015090842.1:10290609",0,1,1
"HAS3","s672_F_ADR_01_ASEReadCounter.table","NW_015090842.1:10290666",0,1,1
"CHTF8","s672_F_ADR_01_ASEReadCounter.table","NW_015090842.1:10291319",2,2,0
"CHTF8","s672_F_ADR_01_ASEReadCounter.table","NW_015090842.1:10291491",10,15,5
"CHTF8","s672_F_ADR_01_ASEReadCounter.table","NW_015090842.1:10291520",8,16,8
"CHTF8","s672_F_ADR_01_ASEReadCounter.table","NW_015090842.1:10291593",15,25,10
"CHTF8","s672_F_ADR_01_ASEReadCounter.table","NW_015090842.1:10291600",14,23,9
"CHTF8","s672_F_ADR_01_ASEReadCounter.table","NW_015090842.1:10291609",13,20,7
"CHTF8","s672_F_ADR_01_ASEReadCounter.table","NW_015090842.1:10291639",10,15,5
"CHTF8","s672_F_ADR_01_ASEReadCounter.table","NW_015090842.1:10291641",9,14,5
"CHTF8","s672_F_ADR_01_ASEReadCounter.table","NW_015090842.1:10291648",11,17,6
"CHTF8","s672_F_ADR_01_ASEReadCounter.table","NW_015090842.1:10291656",12,18,6
"CHTF8","s672_F_ADR_01_ASEReadCounter.table","NW_015090842.1:10291675",15,23,8
"CHTF8","s672_F_ADR_01_ASEReadCounter.table","NW_015090842.1:10291696",18,26,8
"CHTF8","s672_F_ADR_01_ASEReadCounter.table","NW_015090842.1:10291714",19,26,7
"CHTF8","s672_F_ADR_01_ASEReadCounter.table","NW_015090842.1:10291732",19,29,10
"CHTF8","s672_F_ADR_01_ASEReadCounter.table","NW_015090842.1:10291755",16,25,9
"CHTF8","s672_F_ADR_01_ASEReadCounter.table","NW_015090842.1:10291756",16,25,9
"CHTF8","s672_F_ADR_01_ASEReadCounter.table","NW_015090842.1:10291758",16,25,9
"CHTF8","s672_F_ADR_01_ASEReadCounter.table","NW_015090842.1:10291792",15,22,7
"CHTF8","s672_F_ADR_01_ASEReadCounter.table","NW_015090842.1:10291895",18,27,9
"CHTF8","s672_F_ADR_01_ASEReadCounter.table","NW_015090842.1:10292132",16,24,8
"CHTF8","s672_F_ADR_01_ASEReadCounter.table","NW_015090842.1:10292314",18,26,8
"CHTF8","s672_F_ADR_01_ASEReadCounter.table","NW_015090842.1:10292317",22,30,8
"CHTF8","s672_F_ADR_01_ASEReadCounter.table","NW_015090842.1:10292928",6,7,1
"UTP4","s672_F_ADR_01_ASEReadCounter.table","NW_015090842.1:10293146",34,79,45
"UTP4","s672_F_ADR_01_ASEReadCounter.table","NW_015090842.1:10293151",31,74,43
"UTP4","s672_F_ADR_01_ASEReadCounter.table","NW_015090842.1:10293191",15,44,29
"UTP4","s672_F_ADR_01_ASEReadCounter.table","NW_015090842.1:10293362",24,59,35
"UTP4","s672_F_ADR_01_ASEReadCounter.table","NW_015090842.1:10293430",23,54,31
"UTP4","s672_F_ADR_01_ASEReadCounter.table","NW_015090842.1:10293625",21,48,27
"UTP4","s672_F_ADR_01_ASEReadCounter.table","NW_015090842.1:10293684",19,53,34
"UTP4","s672_F_ADR_01_ASEReadCounter.table","NW_015090842.1:10294093",20,47,27
"UTP4","s672_F_ADR_01_ASEReadCounter.table","NW_015090842.1:10294622",22,60,38
"UTP4","s672_F_ADR_01_ASEReadCounter.table","NW_015090842.1:10294632",18,58,40
"UTP4","s672_F_ADR_01_ASEReadCounter.table","NW_015090842.1:10295238",22,50,28
"UTP4","s672_F_ADR_01_ASEReadCounter.table","NW_015090842.1:10295880",27,63,36
"UTP4","s672_F_ADR_01_ASEReadCounter.table","NW_015090842.1:10295884",25,61,36
"UTP4","s672_F_ADR_01_ASEReadCounter.table","NW_015090842.1:10295903",24,60,36
"UTP4","s672_F_ADR_01_ASEReadCounter.table","NW_015090842.1:10295906",21,57,36
"UTP4","s672_F_ADR_01_ASEReadCounter.table","NW_015090842.1:10295915",24,61,37
"UTP4","s672_F_ADR_01_ASEReadCounter.table","NW_015090842.1:10295938",19,54,35
"UTP4","s672_F_ADR_01_ASEReadCounter.table","NW_015090842.1:10296175",36,60,24
"UTP4","s672_F_ADR_01_ASEReadCounter.table","NW_015090842.1:10296660",21,47,26
"UTP4","s672_F_ADR_01_ASEReadCounter.table","NW_015090842.1:10296679",24,51,27
"UTP4","s672_F_ADR_01_ASEReadCounter.table","NW_015090842.1:10297193",28,64,36
"UTP4","s672_F_ADR_01_ASEReadCounter.table","NW_015090842.1:10297220",30,64,34
"UTP4","s672_F_ADR_01_ASEReadCounter.table","NW_015090842.1:10297307",41,87,46
"UTP4","s672_F_ADR_01_ASEReadCounter.table","NW_015090842.1:10297558",26,65,39
"UTP4","s672_F_ADR_01_ASEReadCounter.table","NW_015090842.1:10297943",25,54,29
"UTP4","s672_F_ADR_01_ASEReadCounter.table","NW_015090842.1:10297979",21,50,29
"UTP4","s672_F_ADR_01_ASEReadCounter.table","NW_015090842.1:10298022",17,32,15
"UTP4","s672_F_ADR_01_ASEReadCounter.table","NW_015090842.1:10298079",2,6,4
"UTP4","s672_F_ADR_01_ASEReadCounter.table","NW_015090842.1:10298081",1,4,3
"UTP4","s672_F_ADR_01_ASEReadCounter.table","NW_015090842.1:10298082",1,4,3
"SNTB2","s672_F_ADR_01_ASEReadCounter.table","NW_015090842.1:10298905",3,6,3
"SNTB2","s672_F_ADR_01_ASEReadCounter.table","NW_015090842.1:10298928",5,12,7
"SNTB2","s672_F_ADR_01_ASEReadCounter.table","NW_015090842.1:10303506",14,24,10
"SNTB2","s672_F_ADR_01_ASEReadCounter.table","NW_015090842.1:10303524",17,26,9
"SNTB2","s672_F_ADR_01_ASEReadCounter.table","NW_015090842.1:10304059",11,15,4
"SNTB2","s672_F_ADR_01_ASEReadCounter.table","NW_015090842.1:10304089",17,23,6
"SNTB2","s672_F_ADR_01_ASEReadCounter.table","NW_015090842.1:10304167",8,16,8
"SNTB2","s672_F_ADR_01_ASEReadCounter.table","NW_015090842.1:10304176",6,14,8
"SNTB2","s672_F_ADR_01_ASEReadCounter.table","NW_015090842.1:10305069",9,21,12
"SNTB2","s672_F_ADR_01_ASEReadCounter.table","NW_015090842.1:10305099",9,19,10
"SNTB2","s672_F_ADR_01_ASEReadCounter.table","NW_015090842.1:10305171",11,23,12
"SNTB2","s672_F_ADR_01_ASEReadCounter.table","NW_015090842.1:10305177",12,24,12
"SNTB2","s672_F_ADR_01_ASEReadCounter.table","NW_015090842.1:10305451",11,20,9
"SNTB2","s672_F_ADR_01_ASEReadCounter.table","NW_015090842.1:10305547",13,24,11
"SNTB2","s672_F_ADR_01_ASEReadCounter.table","NW_015090842.1:10305847",6,15,9
"SNTB2","s672_F_ADR_01_ASEReadCounter.table","NW_015090842.1:10306173",5,18,13
"SNTB2","s672_F_ADR_01_ASEReadCounter.table","NW_015090842.1:10306275",6,18,12
"SNTB2","s672_F_ADR_01_ASEReadCounter.table","NW_015090842.1:10306457",11,21,10
"SNTB2","s672_F_ADR_01_ASEReadCounter.table","NW_015090842.1:10306496",8,17,9
"SNTB2","s672_F_ADR_01_ASEReadCounter.table","NW_015090842.1:10306499",8,16,8
"VPS4A","s672_F_ADR_01_ASEReadCounter.table","NW_015090842.1:10308566",105,203,98
"VPS4A","s672_F_ADR_01_ASEReadCounter.table","NW_015090842.1:10308573",105,211,106
"VPS4A","s672_F_ADR_01_ASEReadCounter.table","NW_015090842.1:10308856",145,312,167
"VPS4A","s672_F_ADR_01_ASEReadCounter.table","NW_015090842.1:10309056",173,364,191
"VPS4A","s672_F_ADR_01_ASEReadCounter.table","NW_015090842.1:10309089",197,394,197
"VPS4A","s672_F_ADR_01_ASEReadCounter.table","NW_015090842.1:10309392",209,381,172
"VPS4A","s672_F_ADR_01_ASEReadCounter.table","NW_015090842.1:10309413",215,406,191
"VPS4A","s672_F_ADR_01_ASEReadCounter.table","NW_015090842.1:10309467",224,454,230
"VPS4A","s672_F_ADR_01_ASEReadCounter.table","NW_015090842.1:10310230",224,477,253
"VPS4A","s672_F_ADR_01_ASEReadCounter.table","NW_015090842.1:10310425",171,379,208
"VPS4A","s672_F_ADR_01_ASEReadCounter.table","NW_015090842.1:10310639",225,444,219
"VPS4A","s672_F_ADR_01_ASEReadCounter.table","NW_015090842.1:10310734",156,365,209
"VPS4A","s672_F_ADR_01_ASEReadCounter.table","NW_015090842.1:10310737",166,384,218
"VPS4A","s672_F_ADR_01_ASEReadCounter.table","NW_015090842.1:10310746",163,383,220
"VPS4A","s672_F_ADR_01_ASEReadCounter.table","NW_015090842.1:10310767",178,385,207
"VPS4A","s672_F_ADR_01_ASEReadCounter.table","NW_015090842.1:10310995",171,366,195
"VPS4A","s672_F_ADR_01_ASEReadCounter.table","NW_015090842.1:10311004",172,351,179
"VPS4A","s672_F_ADR_01_ASEReadCounter.table","NW_015090842.1:10311007",174,362,188
"VPS4A","s672_F_ADR_01_ASEReadCounter.table","NW_015090842.1:10311013",183,365,182
"VPS4A","s672_F_ADR_01_ASEReadCounter.table","NW_015090842.1:10311022",167,341,174
"VPS4A","s672_F_ADR_01_ASEReadCounter.table","NW_015090842.1:10311023",168,344,176
"VPS4A","s672_F_ADR_01_ASEReadCounter.table","NW_015090842.1:10311426",197,416,219
"VPS4A","s672_F_ADR_01_ASEReadCounter.table","NW_015090842.1:10311489",2,11,9
"VPS4A","s672_F_ADR_01_ASEReadCounter.table","NW_015090842.1:10311490",2,10,8
"VPS4A","s672_F_ADR_01_ASEReadCounter.table","NW_015090842.1:10311525",8,17,9
"VPS4A","s672_F_ADR_01_ASEReadCounter.table","NW_015090842.1:10311529",7,18,11
"VPS4A","s672_F_ADR_01_ASEReadCounter.table","NW_015090842.1:10311530",8,23,15
"VPS4A","s672_F_ADR_01_ASEReadCounter.table","NW_015090842.1:10311552",20,43,23
"VPS4A","s672_F_ADR_01_ASEReadCounter.table","NW_015090842.1:10311689",15,39,24
"VPS4A","s672_F_ADR_01_ASEReadCounter.table","NW_015090842.1:10311700",22,45,23
"VPS4A","s672_F_ADR_01_ASEReadCounter.table","NW_015090842.1:10311701",20,44,24
"VPS4A","s672_F_ADR_01_ASEReadCounter.table","NW_015090842.1:10311703",22,45,23
"COG8","s672_F_ADR_01_ASEReadCounter.table","NW_015090842.1:10313487",12,40,28
"COG8","s672_F_ADR_01_ASEReadCounter.table","NW_015090842.1:10313559",29,61,32
"COG8","s672_F_ADR_01_ASEReadCounter.table","NW_015090842.1:10313579",24,60,36
"COG8","s672_F_ADR_01_ASEReadCounter.table","NW_015090842.1:10313665",22,56,34
"COG8","s672_F_ADR_01_ASEReadCounter.table","NW_015090842.1:10313681",25,61,36
"COG8","s672_F_ADR_01_ASEReadCounter.table","NW_015090842.1:10313768",34,68,34
"COG8","s672_F_ADR_01_ASEReadCounter.table","NW_015090842.1:10313775",34,67,33
"COG8","s672_F_ADR_01_ASEReadCounter.table","NW_015090842.1:10313811",22,54,32
"COG8","s672_F_ADR_01_ASEReadCounter.table","NW_015090842.1:10313858",21,56,35
"COG8","s672_F_ADR_01_ASEReadCounter.table","NW_015090842.1:10314100",28,73,45
"COG8","s672_F_ADR_01_ASEReadCounter.table","NW_015090842.1:10314213",25,73,48
"COG8","s672_F_ADR_01_ASEReadCounter.table","NW_015090842.1:10315093",19,52,33
"COG8","s672_F_ADR_01_ASEReadCounter.table","NW_015090842.1:10315162",27,51,24
"COG8","s672_F_ADR_01_ASEReadCounter.table","NW_015090842.1:10315285",31,69,38
"COG8","s672_F_ADR_01_ASEReadCounter.table","NW_015090842.1:10315360",14,51,37
"COG8","s672_F_ADR_01_ASEReadCounter.table","NW_015090842.1:10315369",14,49,35
"COG8","s672_F_ADR_01_ASEReadCounter.table","NW_015090842.1:10315504",7,22,15
"COG8","s672_F_ADR_01_ASEReadCounter.table","NW_015090842.1:10315508",7,24,17
"COG8","s672_F_ADR_01_ASEReadCounter.table","NW_015090842.1:10315624",14,40,26
"COG8","s672_F_ADR_01_ASEReadCounter.table","NW_015090842.1:10315693",16,50,34
"COG8","s672_F_ADR_01_ASEReadCounter.table","NW_015090842.1:10315698",17,52,35
"COG8","s672_F_ADR_01_ASEReadCounter.table","NW_015090842.1:10315768",18,50,32
"COG8","s672_F_ADR_01_ASEReadCounter.table","NW_015090842.1:10315769",18,49,31
"COG8","s672_F_ADR_01_ASEReadCounter.table","NW_015090842.1:10315784",17,46,29
"COG8","s672_F_ADR_01_ASEReadCounter.table","NW_015090842.1:10316093",12,35,23
"COG8","s672_F_ADR_01_ASEReadCounter.table","NW_015090842.1:10316133",9,32,23
"NIP7","s672_F_ADR_01_ASEReadCounter.table","NW_015090842.1:10316759",30,54,24
"NIP7","s672_F_ADR_01_ASEReadCounter.table","NW_015090842.1:10316967",113,227,114
"NIP7","s672_F_ADR_01_ASEReadCounter.table","NW_015090842.1:10316995",104,222,118
"NIP7","s672_F_ADR_01_ASEReadCounter.table","NW_015090842.1:10317240",124,294,170
"NIP7","s672_F_ADR_01_ASEReadCounter.table","NW_015090842.1:10317247",118,281,163
"NIP7","s672_F_ADR_01_ASEReadCounter.table","NW_015090842.1:10317264",114,245,131
"NIP7","s672_F_ADR_01_ASEReadCounter.table","NW_015090842.1:10317433",145,288,143
"NIP7","s672_F_ADR_01_ASEReadCounter.table","NW_015090842.1:10317738",116,258,142
"NIP7","s672_F_ADR_01_ASEReadCounter.table","NW_015090842.1:10317769",122,247,125
"NIP7","s672_F_ADR_01_ASEReadCounter.table","NW_015090842.1:10317808",83,158,75
"NIP7","s672_F_ADR_01_ASEReadCounter.table","NW_015090842.1:10317870",31,98,67
"NIP7","s672_F_ADR_01_ASEReadCounter.table","NW_015090842.1:10317871",31,94,63
"NIP7","s672_F_ADR_01_ASEReadCounter.table","NW_015090842.1:10317898",18,63,45
"NIP7","s672_F_ADR_01_ASEReadCounter.table","NW_015090842.1:10317911",18,55,37
"TMED6","s672_F_ADR_01_ASEReadCounter.table","NW_015090842.1:10318731",1,3,2
"TERF2","s672_F_ADR_01_ASEReadCounter.table","NW_015090842.1:10321665",12,12,0
"TERF2","s672_F_ADR_01_ASEReadCounter.table","NW_015090842.1:10321768",23,55,32
"TERF2","s672_F_ADR_01_ASEReadCounter.table","NW_015090842.1:10321777",21,54,33
"TERF2","s672_F_ADR_01_ASEReadCounter.table","NW_015090842.1:10321805",23,61,38
"TERF2","s672_F_ADR_01_ASEReadCounter.table","NW_015090842.1:10321878",28,60,32
"TERF2","s672_F_ADR_01_ASEReadCounter.table","NW_015090842.1:10321893",3,53,50
"TERF2","s672_F_ADR_01_ASEReadCounter.table","NW_015090842.1:10321897",20,45,25
"TERF2","s672_F_ADR_01_ASEReadCounter.table","NW_015090842.1:10321908",19,47,28
"TERF2","s672_F_ADR_01_ASEReadCounter.table","NW_015090842.1:10322001",36,78,42
"TERF2","s672_F_ADR_01_ASEReadCounter.table","NW_015090842.1:10322035",28,64,36
"TERF2","s672_F_ADR_01_ASEReadCounter.table","NW_015090842.1:10322051",34,67,33
"TERF2","s672_F_ADR_01_ASEReadCounter.table","NW_015090842.1:10322137",28,58,30
"TERF2","s672_F_ADR_01_ASEReadCounter.table","NW_015090842.1:10322144",26,57,31
"TERF2","s672_F_ADR_01_ASEReadCounter.table","NW_015090842.1:10322388",22,57,35
"TERF2","s672_F_ADR_01_ASEReadCounter.table","NW_015090842.1:10322396",22,57,35
"TERF2","s672_F_ADR_01_ASEReadCounter.table","NW_015090842.1:10322502",21,61,40
"TERF2","s672_F_ADR_01_ASEReadCounter.table","NW_015090842.1:10322504",19,60,41
"TERF2","s672_F_ADR_01_ASEReadCounter.table","NW_015090842.1:10322510",20,64,44
"TERF2","s672_F_ADR_01_ASEReadCounter.table","NW_015090842.1:10323580",40,99,59
"TERF2","s672_F_ADR_01_ASEReadCounter.table","NW_015090842.1:10324314",33,89,56
"TERF2","s672_F_ADR_01_ASEReadCounter.table","NW_015090842.1:10326832",29,68,39
"TERF2","s672_F_ADR_01_ASEReadCounter.table","NW_015090842.1:10327787",22,48,26
"TERF2","s672_F_ADR_01_ASEReadCounter.table","NW_015090842.1:10328588",26,53,27
"TERF2","s672_F_ADR_01_ASEReadCounter.table","NW_015090842.1:10328644",21,49,28
"TERF2","s672_F_ADR_01_ASEReadCounter.table","NW_015090842.1:10329813",14,50,36
"TERF2","s672_F_ADR_01_ASEReadCounter.table","NW_015090842.1:10330749",22,50,28
"TERF2","s672_F_ADR_01_ASEReadCounter.table","NW_015090842.1:10330789",26,57,31
"CYB5B","s672_F_ADR_01_ASEReadCounter.table","NW_015090842.1:10336595",14,31,17
"CYB5B","s672_F_ADR_01_ASEReadCounter.table","NW_015090842.1:10336667",97,196,99
"CYB5B","s672_F_ADR_01_ASEReadCounter.table","NW_015090842.1:10336689",144,296,152
"CYB5B","s672_F_ADR_01_ASEReadCounter.table","NW_015090842.1:10336728",224,444,220
"CYB5B","s672_F_ADR_01_ASEReadCounter.table","NW_015090842.1:10345068",215,418,203
"CYB5B","s672_F_ADR_01_ASEReadCounter.table","NW_015090842.1:10348800",219,451,232
"CYB5B","s672_F_ADR_01_ASEReadCounter.table","NW_015090842.1:10348888",187,394,207
"CYB5B","s672_F_ADR_01_ASEReadCounter.table","NW_015090842.1:10349046",174,334,160
"CYB5B","s672_F_ADR_01_ASEReadCounter.table","NW_015090842.1:10349119",87,226,139
"CYB5B","s672_F_ADR_01_ASEReadCounter.table","NW_015090842.1:10349146",46,176,130
"CYB5B","s672_F_ADR_01_ASEReadCounter.table","NW_015090842.1:10349157",83,220,137
