"gene","id","snp","ref_count","total_count","alt_count"
"CENPN","s954_F_ADR_01_ASEReadCounter.table","NW_015090842.1:5801612",1,2,1
"CENPN","s954_F_ADR_01_ASEReadCounter.table","NW_015090842.1:5801618",1,2,1
"CENPN","s954_F_ADR_01_ASEReadCounter.table","NW_015090842.1:5801623",3,4,1
"CENPN","s954_F_ADR_01_ASEReadCounter.table","NW_015090842.1:5801631",3,4,1
"CENPN","s954_F_ADR_01_ASEReadCounter.table","NW_015090842.1:5801632",3,4,1
"CENPN","s954_F_ADR_01_ASEReadCounter.table","NW_015090842.1:5801655",6,9,3
"CENPN","s954_F_ADR_01_ASEReadCounter.table","NW_015090842.1:5801662",6,9,3
"CENPN","s954_F_ADR_01_ASEReadCounter.table","NW_015090842.1:5801670",6,9,3
"CENPN","s954_F_ADR_01_ASEReadCounter.table","NW_015090842.1:5801674",5,8,3
"CENPN","s954_F_ADR_01_ASEReadCounter.table","NW_015090842.1:5801692",6,9,3
"CENPN","s954_F_ADR_01_ASEReadCounter.table","NW_015090842.1:5801697",6,9,3
"CENPN","s954_F_ADR_01_ASEReadCounter.table","NW_015090842.1:5802008",5,8,3
"CENPN","s954_F_ADR_01_ASEReadCounter.table","NW_015090842.1:5802012",5,8,3
"CENPN","s954_F_ADR_01_ASEReadCounter.table","NW_015090842.1:5802087",11,15,4
"CENPN","s954_F_ADR_01_ASEReadCounter.table","NW_015090842.1:5810113",3,4,1
"CENPN","s954_F_ADR_01_ASEReadCounter.table","NW_015090842.1:5810147",4,5,1
"CENPN","s954_F_ADR_01_ASEReadCounter.table","NW_015090842.1:5810148",4,5,1
"ATMIN","s954_F_ADR_01_ASEReadCounter.table","NW_015090842.1:5818789",8,12,4
"ATMIN","s954_F_ADR_01_ASEReadCounter.table","NW_015090842.1:5819958",12,25,13
"ATMIN","s954_F_ADR_01_ASEReadCounter.table","NW_015090842.1:5820004",14,23,9
"ATMIN","s954_F_ADR_01_ASEReadCounter.table","NW_015090842.1:5820217",7,14,7
"ATMIN","s954_F_ADR_01_ASEReadCounter.table","NW_015090842.1:5820250",11,19,8
"ATMIN","s954_F_ADR_01_ASEReadCounter.table","NW_015090842.1:5820298",9,17,8
"ATMIN","s954_F_ADR_01_ASEReadCounter.table","NW_015090842.1:5820417",8,15,7
"ATMIN","s954_F_ADR_01_ASEReadCounter.table","NW_015090842.1:5820421",7,14,7
"ATMIN","s954_F_ADR_01_ASEReadCounter.table","NW_015090842.1:5820448",10,15,5
"ATMIN","s954_F_ADR_01_ASEReadCounter.table","NW_015090842.1:5820457",8,15,7
"ATMIN","s954_F_ADR_01_ASEReadCounter.table","NW_015090842.1:5820510",9,19,10
"ATMIN","s954_F_ADR_01_ASEReadCounter.table","NW_015090842.1:5820673",8,17,9
"ATMIN","s954_F_ADR_01_ASEReadCounter.table","NW_015090842.1:5820754",2,9,7
"ATMIN","s954_F_ADR_01_ASEReadCounter.table","NW_015090842.1:5820820",4,11,7
"ATMIN","s954_F_ADR_01_ASEReadCounter.table","NW_015090842.1:5820865",8,13,5
"ATMIN","s954_F_ADR_01_ASEReadCounter.table","NW_015090842.1:5820889",15,23,8
"ATMIN","s954_F_ADR_01_ASEReadCounter.table","NW_015090842.1:5820891",16,23,7
"ATMIN","s954_F_ADR_01_ASEReadCounter.table","NW_015090842.1:5820997",19,25,6
"ATMIN","s954_F_ADR_01_ASEReadCounter.table","NW_015090842.1:5821063",19,25,6
"ATMIN","s954_F_ADR_01_ASEReadCounter.table","NW_015090842.1:5821132",21,31,10
"ATMIN","s954_F_ADR_01_ASEReadCounter.table","NW_015090842.1:5821645",18,33,15
"ATMIN","s954_F_ADR_01_ASEReadCounter.table","NW_015090842.1:5825066",16,30,14
"ATMIN","s954_F_ADR_01_ASEReadCounter.table","NW_015090842.1:5825106",16,35,19
"ATMIN","s954_F_ADR_01_ASEReadCounter.table","NW_015090842.1:5825122",15,31,16
"ATMIN","s954_F_ADR_01_ASEReadCounter.table","NW_015090842.1:5825178",17,36,19
"ATMIN","s954_F_ADR_01_ASEReadCounter.table","NW_015090842.1:5825194",17,36,19
"ATMIN","s954_F_ADR_01_ASEReadCounter.table","NW_015090842.1:5825195",17,36,19
"ATMIN","s954_F_ADR_01_ASEReadCounter.table","NW_015090842.1:5825220",16,33,17
"ATMIN","s954_F_ADR_01_ASEReadCounter.table","NW_015090842.1:5825240",18,37,19
"ATMIN","s954_F_ADR_01_ASEReadCounter.table","NW_015090842.1:5825303",30,51,21
"ATMIN","s954_F_ADR_01_ASEReadCounter.table","NW_015090842.1:5825304",29,51,22
"ATMIN","s954_F_ADR_01_ASEReadCounter.table","NW_015090842.1:5825310",29,51,22
"ATMIN","s954_F_ADR_01_ASEReadCounter.table","NW_015090842.1:5825406",19,39,20
"ATMIN","s954_F_ADR_01_ASEReadCounter.table","NW_015090842.1:5825415",16,37,21
"ATMIN","s954_F_ADR_01_ASEReadCounter.table","NW_015090842.1:5825438",14,36,22
"ATMIN","s954_F_ADR_01_ASEReadCounter.table","NW_015090842.1:5825485",22,39,17
"ATMIN","s954_F_ADR_01_ASEReadCounter.table","NW_015090842.1:5825524",24,40,16
"ATMIN","s954_F_ADR_01_ASEReadCounter.table","NW_015090842.1:5825557",19,39,20
"ATMIN","s954_F_ADR_01_ASEReadCounter.table","NW_015090842.1:5825571",16,35,19
"ATMIN","s954_F_ADR_01_ASEReadCounter.table","NW_015090842.1:5825579",16,35,19
"ATMIN","s954_F_ADR_01_ASEReadCounter.table","NW_015090842.1:5825590",14,31,17
"ATMIN","s954_F_ADR_01_ASEReadCounter.table","NW_015090842.1:5825689",21,42,21
"ATMIN","s954_F_ADR_01_ASEReadCounter.table","NW_015090842.1:5825703",24,45,21
"ATMIN","s954_F_ADR_01_ASEReadCounter.table","NW_015090842.1:5825787",14,26,12
"ATMIN","s954_F_ADR_01_ASEReadCounter.table","NW_015090842.1:5825833",15,25,10
"ATMIN","s954_F_ADR_01_ASEReadCounter.table","NW_015090842.1:5825841",13,23,10
"ATMIN","s954_F_ADR_01_ASEReadCounter.table","NW_015090842.1:5825895",20,31,11
"ATMIN","s954_F_ADR_01_ASEReadCounter.table","NW_015090842.1:5825984",21,40,19
"ATMIN","s954_F_ADR_01_ASEReadCounter.table","NW_015090842.1:5826162",20,35,15
"ATMIN","s954_F_ADR_01_ASEReadCounter.table","NW_015090842.1:5826194",16,36,20
"ATMIN","s954_F_ADR_01_ASEReadCounter.table","NW_015090842.1:5826235",24,46,22
"ATMIN","s954_F_ADR_01_ASEReadCounter.table","NW_015090842.1:5826245",22,43,21
"ATMIN","s954_F_ADR_01_ASEReadCounter.table","NW_015090842.1:5826335",12,20,8
"ATMIN","s954_F_ADR_01_ASEReadCounter.table","NW_015090842.1:5826417",21,34,13
"ATMIN","s954_F_ADR_01_ASEReadCounter.table","NW_015090842.1:5826431",13,38,25
"ATMIN","s954_F_ADR_01_ASEReadCounter.table","NW_015090842.1:5826438",14,28,14
"ATMIN","s954_F_ADR_01_ASEReadCounter.table","NW_015090842.1:5826463",18,38,20
"ATMIN","s954_F_ADR_01_ASEReadCounter.table","NW_015090842.1:5826502",16,39,23
"ATMIN","s954_F_ADR_01_ASEReadCounter.table","NW_015090842.1:5826511",18,42,24
"ATMIN","s954_F_ADR_01_ASEReadCounter.table","NW_015090842.1:5826659",26,41,15
"ATMIN","s954_F_ADR_01_ASEReadCounter.table","NW_015090842.1:5826701",23,39,16
"ATMIN","s954_F_ADR_01_ASEReadCounter.table","NW_015090842.1:5826702",23,38,15
"ATMIN","s954_F_ADR_01_ASEReadCounter.table","NW_015090842.1:5826732",26,41,15
"ATMIN","s954_F_ADR_01_ASEReadCounter.table","NW_015090842.1:5826745",27,42,15
"ATMIN","s954_F_ADR_01_ASEReadCounter.table","NW_015090842.1:5826835",24,40,16
"ATMIN","s954_F_ADR_01_ASEReadCounter.table","NW_015090842.1:5826942",10,29,19
"ATMIN","s954_F_ADR_01_ASEReadCounter.table","NW_015090842.1:5827193",33,49,16
"ATMIN","s954_F_ADR_01_ASEReadCounter.table","NW_015090842.1:5827196",34,52,18
"ATMIN","s954_F_ADR_01_ASEReadCounter.table","NW_015090842.1:5827269",27,55,28
"ATMIN","s954_F_ADR_01_ASEReadCounter.table","NW_015090842.1:5827315",20,35,15
"ATMIN","s954_F_ADR_01_ASEReadCounter.table","NW_015090842.1:5827316",21,37,16
"ATMIN","s954_F_ADR_01_ASEReadCounter.table","NW_015090842.1:5827333",23,39,16
"PPP1R3E","s954_F_ADR_01_ASEReadCounter.table","NW_015090842.1:5837733",11,13,2
"PPP1R3E","s954_F_ADR_01_ASEReadCounter.table","NW_015090842.1:5837947",8,11,3
"PKD1L2","s954_F_ADR_01_ASEReadCounter.table","NW_015090842.1:5867509",4,6,2
"PKD1L2","s954_F_ADR_01_ASEReadCounter.table","NW_015090842.1:5867597",4,5,1
"PKD1L2","s954_F_ADR_01_ASEReadCounter.table","NW_015090842.1:5867600",4,5,1
"PKD1L2","s954_F_ADR_01_ASEReadCounter.table","NW_015090842.1:5867660",1,1,0
"PKD1L2","s954_F_ADR_01_ASEReadCounter.table","NW_015090842.1:5867788",2,2,0
"PKD1L2","s954_F_ADR_01_ASEReadCounter.table","NW_015090842.1:5867843",2,3,1
"PKD1L2","s954_F_ADR_01_ASEReadCounter.table","NW_015090842.1:5871422",1,1,0
"BCO1","s954_F_ADR_01_ASEReadCounter.table","NW_015090842.1:5915610",2,3,1
"BCO1","s954_F_ADR_01_ASEReadCounter.table","NW_015090842.1:5915646",2,3,1
"BCO1","s954_F_ADR_01_ASEReadCounter.table","NW_015090842.1:5917836",1,1,0
"BCO1","s954_F_ADR_01_ASEReadCounter.table","NW_015090842.1:5917912",19,33,14
"BCO1","s954_F_ADR_01_ASEReadCounter.table","NW_015090842.1:5917941",31,48,17
"BCO1","s954_F_ADR_01_ASEReadCounter.table","NW_015090842.1:5917971",31,49,18
"BCO1","s954_F_ADR_01_ASEReadCounter.table","NW_015090842.1:5921679",27,41,14
"BCO1","s954_F_ADR_01_ASEReadCounter.table","NW_015090842.1:5921726",32,43,11
"BCO1","s954_F_ADR_01_ASEReadCounter.table","NW_015090842.1:5925669",23,38,15
"BCO1","s954_F_ADR_01_ASEReadCounter.table","NW_015090842.1:5926937",28,40,12
"BCO1","s954_F_ADR_01_ASEReadCounter.table","NW_015090842.1:5927921",24,42,18
"BCO1","s954_F_ADR_01_ASEReadCounter.table","NW_015090842.1:5927948",26,42,16
"BCO1","s954_F_ADR_01_ASEReadCounter.table","NW_015090842.1:5927968",24,43,19
"BCO1","s954_F_ADR_01_ASEReadCounter.table","NW_015090842.1:5928052",22,34,12
"BCO1","s954_F_ADR_01_ASEReadCounter.table","NW_015090842.1:5932726",30,49,19
"BCO1","s954_F_ADR_01_ASEReadCounter.table","NW_015090842.1:5932801",26,37,11
"BCO1","s954_F_ADR_01_ASEReadCounter.table","NW_015090842.1:5934558",30,39,9
"BCO1","s954_F_ADR_01_ASEReadCounter.table","NW_015090842.1:5934575",31,40,9
"BCO1","s954_F_ADR_01_ASEReadCounter.table","NW_015090842.1:5934608",33,47,14
"BCO1","s954_F_ADR_01_ASEReadCounter.table","NW_015090842.1:5934647",35,48,13
"BCO1","s954_F_ADR_01_ASEReadCounter.table","NW_015090842.1:5934725",22,33,11
"BCO1","s954_F_ADR_01_ASEReadCounter.table","NW_015090842.1:5934726",22,33,11
"BCO1","s954_F_ADR_01_ASEReadCounter.table","NW_015090842.1:5934733",20,29,9
"BCO1","s954_F_ADR_01_ASEReadCounter.table","NW_015090842.1:5934821",19,27,8
"BCO1","s954_F_ADR_01_ASEReadCounter.table","NW_015090842.1:5934826",18,27,9
"BCO1","s954_F_ADR_01_ASEReadCounter.table","NW_015090842.1:5934844",11,19,8
"BCO1","s954_F_ADR_01_ASEReadCounter.table","NW_015090842.1:5934958",20,33,13
"BCO1","s954_F_ADR_01_ASEReadCounter.table","NW_015090842.1:5934976",20,32,12
"GAN","s954_F_ADR_01_ASEReadCounter.table","NW_015090842.1:5939249",0,1,1
"GAN","s954_F_ADR_01_ASEReadCounter.table","NW_015090842.1:5953759",9,20,11
"GAN","s954_F_ADR_01_ASEReadCounter.table","NW_015090842.1:5957502",10,22,12
"GAN","s954_F_ADR_01_ASEReadCounter.table","NW_015090842.1:5957578",6,18,12
"GAN","s954_F_ADR_01_ASEReadCounter.table","NW_015090842.1:5966047",5,13,8
"GAN","s954_F_ADR_01_ASEReadCounter.table","NW_015090842.1:5966126",7,15,8
"GAN","s954_F_ADR_01_ASEReadCounter.table","NW_015090842.1:5966127",7,16,9
"GAN","s954_F_ADR_01_ASEReadCounter.table","NW_015090842.1:5966162",11,22,11
"GAN","s954_F_ADR_01_ASEReadCounter.table","NW_015090842.1:5966483",8,21,13
"CMIP","s954_F_ADR_01_ASEReadCounter.table","NW_015090842.1:6109159",7,15,8
"CMIP","s954_F_ADR_01_ASEReadCounter.table","NW_015090842.1:6109166",5,14,9
"CMIP","s954_F_ADR_01_ASEReadCounter.table","NW_015090842.1:6114641",13,22,9
"CMIP","s954_F_ADR_01_ASEReadCounter.table","NW_015090842.1:6114751",5,11,6
"CMIP","s954_F_ADR_01_ASEReadCounter.table","NW_015090842.1:6114824",6,16,10
"CMIP","s954_F_ADR_01_ASEReadCounter.table","NW_015090842.1:6126295",30,30,0
"CMIP","s954_F_ADR_01_ASEReadCounter.table","NW_015090842.1:6128998",8,30,22
"CMIP","s954_F_ADR_01_ASEReadCounter.table","NW_015090842.1:6130562",8,53,45
"CMIP","s954_F_ADR_01_ASEReadCounter.table","NW_015090842.1:6132522",10,46,36
"CMIP","s954_F_ADR_01_ASEReadCounter.table","NW_015090842.1:6138265",15,83,68
"CMIP","s954_F_ADR_01_ASEReadCounter.table","NW_015090842.1:6138300",12,85,73
"CMIP","s954_F_ADR_01_ASEReadCounter.table","NW_015090842.1:6138342",7,68,61
"CMIP","s954_F_ADR_01_ASEReadCounter.table","NW_015090842.1:6138343",7,67,60
"CMIP","s954_F_ADR_01_ASEReadCounter.table","NW_015090842.1:6138345",7,66,59
"CMIP","s954_F_ADR_01_ASEReadCounter.table","NW_015090842.1:6138647",19,75,56
"CMIP","s954_F_ADR_01_ASEReadCounter.table","NW_015090842.1:6138745",17,88,71
"CMIP","s954_F_ADR_01_ASEReadCounter.table","NW_015090842.1:6138832",4,35,31
"CMIP","s954_F_ADR_01_ASEReadCounter.table","NW_015090842.1:6138967",20,64,44
"CMIP","s954_F_ADR_01_ASEReadCounter.table","NW_015090842.1:6139131",6,31,25
"CMIP","s954_F_ADR_01_ASEReadCounter.table","NW_015090842.1:6139163",0,24,24
"CMIP","s954_F_ADR_01_ASEReadCounter.table","NW_015090842.1:6139212",26,40,14
"CMIP","s954_F_ADR_01_ASEReadCounter.table","NW_015090842.1:6139360",8,24,16
"CMIP","s954_F_ADR_01_ASEReadCounter.table","NW_015090842.1:6139572",4,9,5
"PLCG2","s954_F_ADR_01_ASEReadCounter.table","NW_015090842.1:6179613",2,2,0
"PLCG2","s954_F_ADR_01_ASEReadCounter.table","NW_015090842.1:6179658",4,4,0
"PLCG2","s954_F_ADR_01_ASEReadCounter.table","NW_015090842.1:6203766",7,9,2
"PLCG2","s954_F_ADR_01_ASEReadCounter.table","NW_015090842.1:6203775",7,9,2
"PLCG2","s954_F_ADR_01_ASEReadCounter.table","NW_015090842.1:6203787",7,9,2
"PLCG2","s954_F_ADR_01_ASEReadCounter.table","NW_015090842.1:6209741",3,5,2
"PLCG2","s954_F_ADR_01_ASEReadCounter.table","NW_015090842.1:6209798",3,4,1
"PLCG2","s954_F_ADR_01_ASEReadCounter.table","NW_015090842.1:6209816",4,4,0
"PLCG2","s954_F_ADR_01_ASEReadCounter.table","NW_015090842.1:6217547",7,22,15
"PLCG2","s954_F_ADR_01_ASEReadCounter.table","NW_015090842.1:6218641",7,15,8
"PLCG2","s954_F_ADR_01_ASEReadCounter.table","NW_015090842.1:6220552",8,18,10
"PLCG2","s954_F_ADR_01_ASEReadCounter.table","NW_015090842.1:6221969",9,15,6
"PLCG2","s954_F_ADR_01_ASEReadCounter.table","NW_015090842.1:6228672",8,13,5
"PLCG2","s954_F_ADR_01_ASEReadCounter.table","NW_015090842.1:6228694",8,13,5
"PLCG2","s954_F_ADR_01_ASEReadCounter.table","NW_015090842.1:6228722",9,17,8
"PLCG2","s954_F_ADR_01_ASEReadCounter.table","NW_015090842.1:6228747",7,16,9
"PLCG2","s954_F_ADR_01_ASEReadCounter.table","NW_015090842.1:6228835",9,16,7
"PLCG2","s954_F_ADR_01_ASEReadCounter.table","NW_015090842.1:6228841",9,16,7
"PLCG2","s954_F_ADR_01_ASEReadCounter.table","NW_015090842.1:6228865",8,12,4
"PLCG2","s954_F_ADR_01_ASEReadCounter.table","NW_015090842.1:6228917",12,15,3
"PLCG2","s954_F_ADR_01_ASEReadCounter.table","NW_015090842.1:6228926",11,14,3
"PLCG2","s954_F_ADR_01_ASEReadCounter.table","NW_015090842.1:6228954",8,12,4
"PLCG2","s954_F_ADR_01_ASEReadCounter.table","NW_015090842.1:6229002",12,16,4
"PLCG2","s954_F_ADR_01_ASEReadCounter.table","NW_015090842.1:6229006",11,15,4
"PLCG2","s954_F_ADR_01_ASEReadCounter.table","NW_015090842.1:6229081",12,16,4
"PLCG2","s954_F_ADR_01_ASEReadCounter.table","NW_015090842.1:6229097",8,13,5
"PLCG2","s954_F_ADR_01_ASEReadCounter.table","NW_015090842.1:6229160",7,10,3
"PLCG2","s954_F_ADR_01_ASEReadCounter.table","NW_015090842.1:6229213",12,14,2
"PLCG2","s954_F_ADR_01_ASEReadCounter.table","NW_015090842.1:6229231",14,15,1
"PLCG2","s954_F_ADR_01_ASEReadCounter.table","NW_015090842.1:6229663",11,13,2
"PLCG2","s954_F_ADR_01_ASEReadCounter.table","NW_015090842.1:6229748",7,9,2
"PLCG2","s954_F_ADR_01_ASEReadCounter.table","NW_015090842.1:6229892",16,18,2
"PLCG2","s954_F_ADR_01_ASEReadCounter.table","NW_015090842.1:6230248",6,13,7
"PLCG2","s954_F_ADR_01_ASEReadCounter.table","NW_015090842.1:6230255",5,12,7
"PLCG2","s954_F_ADR_01_ASEReadCounter.table","NW_015090842.1:6230276",5,11,6
"PLCG2","s954_F_ADR_01_ASEReadCounter.table","NW_015090842.1:6230296",3,9,6
"PLCG2","s954_F_ADR_01_ASEReadCounter.table","NW_015090842.1:6230349",7,14,7
"PLCG2","s954_F_ADR_01_ASEReadCounter.table","NW_015090842.1:6230408",9,12,3
"PLCG2","s954_F_ADR_01_ASEReadCounter.table","NW_015090842.1:6230439",11,12,1
"PLCG2","s954_F_ADR_01_ASEReadCounter.table","NW_015090842.1:6230757",2,5,3
"PLCG2","s954_F_ADR_01_ASEReadCounter.table","NW_015090842.1:6230758",3,5,2
"PLCG2","s954_F_ADR_01_ASEReadCounter.table","NW_015090842.1:6230898",15,19,4
"PLCG2","s954_F_ADR_01_ASEReadCounter.table","NW_015090842.1:6230976",12,14,2
"PLCG2","s954_F_ADR_01_ASEReadCounter.table","NW_015090842.1:6231078",7,8,1
"PLCG2","s954_F_ADR_01_ASEReadCounter.table","NW_015090842.1:6231138",12,13,1
"PLCG2","s954_F_ADR_01_ASEReadCounter.table","NW_015090842.1:6231177",14,16,2
"PLCG2","s954_F_ADR_01_ASEReadCounter.table","NW_015090842.1:6231263",12,13,1
"SDR42E1","s954_F_ADR_01_ASEReadCounter.table","NW_015090842.1:6235292",0,5,5
"SDR42E1","s954_F_ADR_01_ASEReadCounter.table","NW_015090842.1:6235315",0,9,9
"SDR42E1","s954_F_ADR_01_ASEReadCounter.table","NW_015090842.1:6235348",1,12,11
"SDR42E1","s954_F_ADR_01_ASEReadCounter.table","NW_015090842.1:6235355",1,13,12
"SDR42E1","s954_F_ADR_01_ASEReadCounter.table","NW_015090842.1:6235417",3,10,7
"SDR42E1","s954_F_ADR_01_ASEReadCounter.table","NW_015090842.1:6235558",4,13,9
"SDR42E1","s954_F_ADR_01_ASEReadCounter.table","NW_015090842.1:6235741",7,22,15
"SDR42E1","s954_F_ADR_01_ASEReadCounter.table","NW_015090842.1:6235777",9,24,15
"SDR42E1","s954_F_ADR_01_ASEReadCounter.table","NW_015090842.1:6235806",11,29,18
"SDR42E1","s954_F_ADR_01_ASEReadCounter.table","NW_015090842.1:6235809",10,28,18
"SDR42E1","s954_F_ADR_01_ASEReadCounter.table","NW_015090842.1:6235816",9,25,16
"SDR42E1","s954_F_ADR_01_ASEReadCounter.table","NW_015090842.1:6235914",7,14,7
"SDR42E1","s954_F_ADR_01_ASEReadCounter.table","NW_015090842.1:6235935",7,16,9
"SDR42E1","s954_F_ADR_01_ASEReadCounter.table","NW_015090842.1:6235957",6,16,10
"SDR42E1","s954_F_ADR_01_ASEReadCounter.table","NW_015090842.1:6236040",0,5,5
"SDR42E1","s954_F_ADR_01_ASEReadCounter.table","NW_015090842.1:6236260",3,9,6
"SDR42E1","s954_F_ADR_01_ASEReadCounter.table","NW_015090842.1:6236281",4,11,7
"SDR42E1","s954_F_ADR_01_ASEReadCounter.table","NW_015090842.1:6236305",6,17,11
"SDR42E1","s954_F_ADR_01_ASEReadCounter.table","NW_015090842.1:6236458",3,16,13
"SDR42E1","s954_F_ADR_01_ASEReadCounter.table","NW_015090842.1:6236476",4,18,14
"SDR42E1","s954_F_ADR_01_ASEReadCounter.table","NW_015090842.1:6236608",4,21,17
"SDR42E1","s954_F_ADR_01_ASEReadCounter.table","NW_015090842.1:6238244",2,7,5
"SDR42E1","s954_F_ADR_01_ASEReadCounter.table","NW_015090842.1:6238829",2,6,4
"HSD17B2","s954_F_ADR_01_ASEReadCounter.table","NW_015090842.1:6257616",0,1,1
"HSD17B2","s954_F_ADR_01_ASEReadCounter.table","NW_015090842.1:6257711",1,2,1
"HSD17B2","s954_F_ADR_01_ASEReadCounter.table","NW_015090842.1:6257712",1,2,1
"HSD17B2","s954_F_ADR_01_ASEReadCounter.table","NW_015090842.1:6257737",0,1,1
"HSD17B2","s954_F_ADR_01_ASEReadCounter.table","NW_015090842.1:6257758",0,1,1
"HSD17B2","s954_F_ADR_01_ASEReadCounter.table","NW_015090842.1:6257767",0,1,1
"HSD17B2","s954_F_ADR_01_ASEReadCounter.table","NW_015090842.1:6257829",0,2,2
"HSD17B2","s954_F_ADR_01_ASEReadCounter.table","NW_015090842.1:6257851",0,1,1
"HSD17B2","s954_F_ADR_01_ASEReadCounter.table","NW_015090842.1:6257889",0,1,1
"HSD17B2","s954_F_ADR_01_ASEReadCounter.table","NW_015090842.1:6262951",0,3,3
"HSD17B2","s954_F_ADR_01_ASEReadCounter.table","NW_015090842.1:6262974",0,2,2
"HSD17B2","s954_F_ADR_01_ASEReadCounter.table","NW_015090842.1:6266125",0,2,2
"HSD17B2","s954_F_ADR_01_ASEReadCounter.table","NW_015090842.1:6266135",0,2,2
"HSD17B2","s954_F_ADR_01_ASEReadCounter.table","NW_015090842.1:6266795",0,2,2
"HSD17B2","s954_F_ADR_01_ASEReadCounter.table","NW_015090842.1:6266944",0,1,1
"HSD17B2","s954_F_ADR_01_ASEReadCounter.table","NW_015090842.1:6267053",0,1,1
"HSD17B2","s954_F_ADR_01_ASEReadCounter.table","NW_015090842.1:6267196",0,2,2
"HSD17B2","s954_F_ADR_01_ASEReadCounter.table","NW_015090842.1:6267273",1,4,3
"HSD17B2","s954_F_ADR_01_ASEReadCounter.table","NW_015090842.1:6267674",0,2,2
"HSD17B2","s954_F_ADR_01_ASEReadCounter.table","NW_015090842.1:6267913",0,1,1
"HSD17B2","s954_F_ADR_01_ASEReadCounter.table","NW_015090842.1:6268098",0,4,4
"HSD17B2","s954_F_ADR_01_ASEReadCounter.table","NW_015090842.1:6268203",0,1,1
"ARY2","s954_F_ADR_01_ASEReadCounter.table","NW_015090842.1:6303922",31,53,22
"ARY2","s954_F_ADR_01_ASEReadCounter.table","NW_015090842.1:6303954",36,86,50
"ARY2","s954_F_ADR_01_ASEReadCounter.table","NW_015090842.1:6303979",45,104,59
"ARY2","s954_F_ADR_01_ASEReadCounter.table","NW_015090842.1:6305848",30,92,62
"ARY2","s954_F_ADR_01_ASEReadCounter.table","NW_015090842.1:6305856",29,89,60
"ARY2","s954_F_ADR_01_ASEReadCounter.table","NW_015090842.1:6305857",29,89,60
"ARY2","s954_F_ADR_01_ASEReadCounter.table","NW_015090842.1:6306017",29,80,51
"ARY2","s954_F_ADR_01_ASEReadCounter.table","NW_015090842.1:6306052",29,81,52
"ARY2","s954_F_ADR_01_ASEReadCounter.table","NW_015090842.1:6306094",41,105,64
"ARY2","s954_F_ADR_01_ASEReadCounter.table","NW_015090842.1:6306100",44,110,66
"ARY2","s954_F_ADR_01_ASEReadCounter.table","NW_015090842.1:6306146",36,93,57
"ARY2","s954_F_ADR_01_ASEReadCounter.table","NW_015090842.1:6306147",36,94,58
"ARY2","s954_F_ADR_01_ASEReadCounter.table","NW_015090842.1:6306390",34,92,58
"ARY2","s954_F_ADR_01_ASEReadCounter.table","NW_015090842.1:6306567",18,64,46
"ARY2","s954_F_ADR_01_ASEReadCounter.table","NW_015090842.1:6306705",41,81,40
"ARY2","s954_F_ADR_01_ASEReadCounter.table","NW_015090842.1:6306773",41,87,46
"ARY2","s954_F_ADR_01_ASEReadCounter.table","NW_015090842.1:6307039",32,71,39
"ARY2","s954_F_ADR_01_ASEReadCounter.table","NW_015090842.1:6307043",30,70,40
"ARY2","s954_F_ADR_01_ASEReadCounter.table","NW_015090842.1:6307093",34,70,36
"ARY2","s954_F_ADR_01_ASEReadCounter.table","NW_015090842.1:6307138",36,79,43
"ARY2","s954_F_ADR_01_ASEReadCounter.table","NW_015090842.1:6307157",43,89,46
"ARY2","s954_F_ADR_01_ASEReadCounter.table","NW_015090842.1:6307187",41,86,45
"ARY2","s954_F_ADR_01_ASEReadCounter.table","NW_015090842.1:6307204",35,73,38
"ARY2","s954_F_ADR_01_ASEReadCounter.table","NW_015090842.1:6307278",26,65,39
"ARY2","s954_F_ADR_01_ASEReadCounter.table","NW_015090842.1:6307305",26,75,49
"ARY2","s954_F_ADR_01_ASEReadCounter.table","NW_015090842.1:6307318",25,79,54
"ARY2","s954_F_ADR_01_ASEReadCounter.table","NW_015090842.1:6307429",29,85,56
"ARY2","s954_F_ADR_01_ASEReadCounter.table","NW_015090842.1:6307487",26,81,55
"ARY2","s954_F_ADR_01_ASEReadCounter.table","NW_015090842.1:6307670",24,39,15
"ARYL","s954_F_ADR_01_ASEReadCounter.table","NW_015090842.1:6313360",0,4,4
"ARYL","s954_F_ADR_01_ASEReadCounter.table","NW_015090842.1:6313377",0,3,3
"ARYL","s954_F_ADR_01_ASEReadCounter.table","NW_015090842.1:6313767",1,1,0
"ARY1","s954_F_ADR_01_ASEReadCounter.table","NW_015090842.1:6314296",1,1,0
"ARY1","s954_F_ADR_01_ASEReadCounter.table","NW_015090842.1:6314541",1,1,0
"ARY1","s954_F_ADR_01_ASEReadCounter.table","NW_015090842.1:6314597",1,1,0
"ARY1","s954_F_ADR_01_ASEReadCounter.table","NW_015090842.1:6314750",1,3,2
"ARY1","s954_F_ADR_01_ASEReadCounter.table","NW_015090842.1:6314794",2,2,0
"ARY1","s954_F_ADR_01_ASEReadCounter.table","NW_015090842.1:6314827",2,2,0
"ARY1","s954_F_ADR_01_ASEReadCounter.table","NW_015090842.1:6314859",1,2,1
"ARY1","s954_F_ADR_01_ASEReadCounter.table","NW_015090842.1:6314886",2,3,1
"ARY1","s954_F_ADR_01_ASEReadCounter.table","NW_015090842.1:6315022",2,3,1
"ARY1","s954_F_ADR_01_ASEReadCounter.table","NW_015090842.1:6315026",2,3,1
"ARY1","s954_F_ADR_01_ASEReadCounter.table","NW_015090842.1:6315043",2,3,1
"ARY1","s954_F_ADR_01_ASEReadCounter.table","NW_015090842.1:6315065",2,3,1
"ARY1","s954_F_ADR_01_ASEReadCounter.table","NW_015090842.1:6315409",0,1,1
"ARY1","s954_F_ADR_01_ASEReadCounter.table","NW_015090842.1:6315479",2,4,2
"ARY1","s954_F_ADR_01_ASEReadCounter.table","NW_015090842.1:6318342",3,4,1
"ARY1","s954_F_ADR_01_ASEReadCounter.table","NW_015090842.1:6318427",2,3,1
"ARY1","s954_F_ADR_01_ASEReadCounter.table","NW_015090842.1:6318603",2,3,1
"ARY1","s954_F_ADR_01_ASEReadCounter.table","NW_015090842.1:6318708",0,2,2
"ARY1","s954_F_ADR_01_ASEReadCounter.table","NW_015090842.1:6318858",1,2,1
"ARY1","s954_F_ADR_01_ASEReadCounter.table","NW_015090842.1:6318952",1,2,1
"MPHOSPH6","s954_F_ADR_01_ASEReadCounter.table","NW_015090842.1:6324063",29,65,36
"MPHOSPH6","s954_F_ADR_01_ASEReadCounter.table","NW_015090842.1:6324174",49,117,68
"MPHOSPH6","s954_F_ADR_01_ASEReadCounter.table","NW_015090842.1:6324270",84,158,74
"MPHOSPH6","s954_F_ADR_01_ASEReadCounter.table","NW_015090842.1:6324762",95,192,97
"MPHOSPH6","s954_F_ADR_01_ASEReadCounter.table","NW_015090842.1:6324780",94,190,96
"MPHOSPH6","s954_F_ADR_01_ASEReadCounter.table","NW_015090842.1:6324902",112,208,96
"MPHOSPH6","s954_F_ADR_01_ASEReadCounter.table","NW_015090842.1:6325066",118,217,99
"MPHOSPH6","s954_F_ADR_01_ASEReadCounter.table","NW_015090842.1:6325089",128,258,130
"MPHOSPH6","s954_F_ADR_01_ASEReadCounter.table","NW_015090842.1:6325877",121,254,133
"MPHOSPH6","s954_F_ADR_01_ASEReadCounter.table","NW_015090842.1:6326976",99,186,87
"CDH13","s954_F_ADR_01_ASEReadCounter.table","NW_015090842.1:6662283",14,22,8
"CDH13","s954_F_ADR_01_ASEReadCounter.table","NW_015090842.1:6693665",22,39,17
"CDH13","s954_F_ADR_01_ASEReadCounter.table","NW_015090842.1:6693697",22,37,15
"CDH13","s954_F_ADR_01_ASEReadCounter.table","NW_015090842.1:6693712",22,39,17
"CDH13","s954_F_ADR_01_ASEReadCounter.table","NW_015090842.1:6693723",23,39,16
"CDH13","s954_F_ADR_01_ASEReadCounter.table","NW_015090842.1:6693738",21,42,21
"CDH13","s954_F_ADR_01_ASEReadCounter.table","NW_015090842.1:6823730",21,34,13
"CDH13","s954_F_ADR_01_ASEReadCounter.table","NW_015090842.1:6889713",21,34,13
"CDH13","s954_F_ADR_01_ASEReadCounter.table","NW_015090842.1:6955167",34,41,7
"MLYCD","s954_F_ADR_01_ASEReadCounter.table","NW_015090842.1:7150054",32,72,40
"MLYCD","s954_F_ADR_01_ASEReadCounter.table","NW_015090842.1:7150131",59,129,70
"MLYCD","s954_F_ADR_01_ASEReadCounter.table","NW_015090842.1:7150585",59,116,57
"MLYCD","s954_F_ADR_01_ASEReadCounter.table","NW_015090842.1:7150686",46,83,37
"MLYCD","s954_F_ADR_01_ASEReadCounter.table","NW_015090842.1:7150696",53,97,44
"MLYCD","s954_F_ADR_01_ASEReadCounter.table","NW_015090842.1:7150869",41,85,44
"MLYCD","s954_F_ADR_01_ASEReadCounter.table","NW_015090842.1:7151100",57,120,63
"MLYCD","s954_F_ADR_01_ASEReadCounter.table","NW_015090842.1:7151127",63,130,67
"MLYCD","s954_F_ADR_01_ASEReadCounter.table","NW_015090842.1:7157538",57,106,49
"MLYCD","s954_F_ADR_01_ASEReadCounter.table","NW_015090842.1:7167662",28,49,21
"MLYCD","s954_F_ADR_01_ASEReadCounter.table","NW_015090842.1:7167675",28,46,18
"MLYCD","s954_F_ADR_01_ASEReadCounter.table","NW_015090842.1:7167710",32,51,19
"MLYCD","s954_F_ADR_01_ASEReadCounter.table","NW_015090842.1:7167781",30,52,22
"MLYCD","s954_F_ADR_01_ASEReadCounter.table","NW_015090842.1:7167803",21,41,20
"MLYCD","s954_F_ADR_01_ASEReadCounter.table","NW_015090842.1:7167812",22,41,19
"MLYCD","s954_F_ADR_01_ASEReadCounter.table","NW_015090842.1:7167845",19,40,21
"MLYCD","s954_F_ADR_01_ASEReadCounter.table","NW_015090842.1:7167862",16,36,20
"MLYCD","s954_F_ADR_01_ASEReadCounter.table","NW_015090842.1:7167929",16,35,19
"MLYCD","s954_F_ADR_01_ASEReadCounter.table","NW_015090842.1:7167995",15,28,13
"MLYCD","s954_F_ADR_01_ASEReadCounter.table","NW_015090842.1:7168005",14,26,12
"MLYCD","s954_F_ADR_01_ASEReadCounter.table","NW_015090842.1:7168037",13,24,11
"HSBP1","s954_F_ADR_01_ASEReadCounter.table","NW_015090842.1:7245192",158,318,160
"HSBP1","s954_F_ADR_01_ASEReadCounter.table","NW_015090842.1:7245226",176,371,195
"HSBP1","s954_F_ADR_01_ASEReadCounter.table","NW_015090842.1:7245257",162,335,173
"HSBP1","s954_F_ADR_01_ASEReadCounter.table","NW_015090842.1:7245296",142,322,180
"HSBP1","s954_F_ADR_01_ASEReadCounter.table","NW_015090842.1:7245389",220,406,186
"HSBP1","s954_F_ADR_01_ASEReadCounter.table","NW_015090842.1:7245400",224,406,182
"HSBP1","s954_F_ADR_01_ASEReadCounter.table","NW_015090842.1:7245445",211,402,191
"HSBP1","s954_F_ADR_01_ASEReadCounter.table","NW_015090842.1:7245495",182,377,195
"HSBP1","s954_F_ADR_01_ASEReadCounter.table","NW_015090842.1:7245733",140,318,178
"HSBP1","s954_F_ADR_01_ASEReadCounter.table","NW_015090842.1:7245771",181,334,153
"HSBP1","s954_F_ADR_01_ASEReadCounter.table","NW_015090842.1:7245813",171,324,153
"HSBP1","s954_F_ADR_01_ASEReadCounter.table","NW_015090842.1:7245926",176,361,185
"HSBP1","s954_F_ADR_01_ASEReadCounter.table","NW_015090842.1:7245927",180,367,187
"HSBP1","s954_F_ADR_01_ASEReadCounter.table","NW_015090842.1:7245933",182,361,179
"HSBP1","s954_F_ADR_01_ASEReadCounter.table","NW_015090842.1:7246002",161,319,158
"HSBP1","s954_F_ADR_01_ASEReadCounter.table","NW_015090842.1:7246094",202,378,176
"HSBP1","s954_F_ADR_01_ASEReadCounter.table","NW_015090842.1:7246167",208,374,166
"HSBP1","s954_F_ADR_01_ASEReadCounter.table","NW_015090842.1:7246183",203,377,174
"HSBP1","s954_F_ADR_01_ASEReadCounter.table","NW_015090842.1:7247285",23,39,16
"HSBP1","s954_F_ADR_01_ASEReadCounter.table","NW_015090842.1:7247651",389,801,412
"HSBP1","s954_F_ADR_01_ASEReadCounter.table","NW_015090842.1:7247657",390,802,412
"HSBP1","s954_F_ADR_01_ASEReadCounter.table","NW_015090842.1:7248520",286,544,258
"HSBP1","s954_F_ADR_01_ASEReadCounter.table","NW_015090842.1:7248535",237,436,199
"KCNG4","s954_F_ADR_01_ASEReadCounter.table","NW_015090842.1:7282481",5,6,1
"KCNG4","s954_F_ADR_01_ASEReadCounter.table","NW_015090842.1:7282500",3,4,1
"KCNG4","s954_F_ADR_01_ASEReadCounter.table","NW_015090842.1:7282542",3,3,0
"KCNG4","s954_F_ADR_01_ASEReadCounter.table","NW_015090842.1:7282579",3,4,1
"KCNG4","s954_F_ADR_01_ASEReadCounter.table","NW_015090842.1:7282630",3,4,1
"KCNG4","s954_F_ADR_01_ASEReadCounter.table","NW_015090842.1:7283056",2,2,0
"KCNG4","s954_F_ADR_01_ASEReadCounter.table","NW_015090842.1:7283245",1,3,2
"KCNG4","s954_F_ADR_01_ASEReadCounter.table","NW_015090842.1:7301195",1,1,0
"KCNG4","s954_F_ADR_01_ASEReadCounter.table","NW_015090842.1:7301227",1,1,0
"KCNG4","s954_F_ADR_01_ASEReadCounter.table","NW_015090842.1:7301240",2,2,0
"KCNG4","s954_F_ADR_01_ASEReadCounter.table","NW_015090842.1:7301413",2,3,1
"WFDC1","s954_F_ADR_01_ASEReadCounter.table","NW_015090842.1:7366517",10,25,15
"WFDC1","s954_F_ADR_01_ASEReadCounter.table","NW_015090842.1:7373367",13,36,23
"WFDC1","s954_F_ADR_01_ASEReadCounter.table","NW_015090842.1:7375828",27,50,23
"WFDC1","s954_F_ADR_01_ASEReadCounter.table","NW_015090842.1:7378036",10,29,19
"WFDC1","s954_F_ADR_01_ASEReadCounter.table","NW_015090842.1:7379125",9,34,25
"WFDC1","s954_F_ADR_01_ASEReadCounter.table","NW_015090842.1:7379451",8,39,31
"WFDC1","s954_F_ADR_01_ASEReadCounter.table","NW_015090842.1:7379471",8,32,24
"WFDC1","s954_F_ADR_01_ASEReadCounter.table","NW_015090842.1:7379576",10,34,24
"WFDC1","s954_F_ADR_01_ASEReadCounter.table","NW_015090842.1:7379596",7,32,25
"WFDC1","s954_F_ADR_01_ASEReadCounter.table","NW_015090842.1:7379605",8,33,25
"WFDC1","s954_F_ADR_01_ASEReadCounter.table","NW_015090842.1:7379626",9,30,21
"WFDC1","s954_F_ADR_01_ASEReadCounter.table","NW_015090842.1:7379631",8,28,20
"WFDC1","s954_F_ADR_01_ASEReadCounter.table","NW_015090842.1:7379632",7,29,22
"WFDC1","s954_F_ADR_01_ASEReadCounter.table","NW_015090842.1:7379652",11,36,25
"WFDC1","s954_F_ADR_01_ASEReadCounter.table","NW_015090842.1:7379669",11,33,22
"WFDC1","s954_F_ADR_01_ASEReadCounter.table","NW_015090842.1:7379674",11,33,22
"WFDC1","s954_F_ADR_01_ASEReadCounter.table","NW_015090842.1:7379719",8,31,23
"WFDC1","s954_F_ADR_01_ASEReadCounter.table","NW_015090842.1:7379735",3,24,21
"WFDC1","s954_F_ADR_01_ASEReadCounter.table","NW_015090842.1:7379739",2,24,22
"WFDC1","s954_F_ADR_01_ASEReadCounter.table","NW_015090842.1:7379821",16,53,37
"WFDC1","s954_F_ADR_01_ASEReadCounter.table","NW_015090842.1:7379840",12,46,34
"WFDC1","s954_F_ADR_01_ASEReadCounter.table","NW_015090842.1:7379933",15,52,37
"WFDC1","s954_F_ADR_01_ASEReadCounter.table","NW_015090842.1:7379935",15,52,37
"WFDC1","s954_F_ADR_01_ASEReadCounter.table","NW_015090842.1:7379983",19,56,37
"WFDC1","s954_F_ADR_01_ASEReadCounter.table","NW_015090842.1:7380060",16,47,31
"WFDC1","s954_F_ADR_01_ASEReadCounter.table","NW_015090842.1:7380136",8,32,24
"WFDC1","s954_F_ADR_01_ASEReadCounter.table","NW_015090842.1:7380150",11,33,22
"WFDC1","s954_F_ADR_01_ASEReadCounter.table","NW_015090842.1:7380164",12,33,21
"WFDC1","s954_F_ADR_01_ASEReadCounter.table","NW_015090842.1:7380237",14,34,20
"WFDC1","s954_F_ADR_01_ASEReadCounter.table","NW_015090842.1:7380261",13,32,19
"WFDC1","s954_F_ADR_01_ASEReadCounter.table","NW_015090842.1:7380322",9,34,25
"WFDC1","s954_F_ADR_01_ASEReadCounter.table","NW_015090842.1:7380491",14,50,36
"WFDC1","s954_F_ADR_01_ASEReadCounter.table","NW_015090842.1:7380567",19,53,34
"WFDC1","s954_F_ADR_01_ASEReadCounter.table","NW_015090842.1:7380672",13,46,33
"WFDC1","s954_F_ADR_01_ASEReadCounter.table","NW_015090842.1:7380721",11,48,37
"WFDC1","s954_F_ADR_01_ASEReadCounter.table","NW_015090842.1:7380743",8,43,35
"WFDC1","s954_F_ADR_01_ASEReadCounter.table","NW_015090842.1:7380852",8,37,29
"WFDC1","s954_F_ADR_01_ASEReadCounter.table","NW_015090842.1:7380878",7,34,27
"WFDC1","s954_F_ADR_01_ASEReadCounter.table","NW_015090842.1:7381081",20,76,56
"WFDC1","s954_F_ADR_01_ASEReadCounter.table","NW_015090842.1:7381127",14,61,47
"WFDC1","s954_F_ADR_01_ASEReadCounter.table","NW_015090842.1:7381195",14,41,27
"WFDC1","s954_F_ADR_01_ASEReadCounter.table","NW_015090842.1:7381253",11,43,32
"WFDC1","s954_F_ADR_01_ASEReadCounter.table","NW_015090842.1:7381378",22,60,38
"WFDC1","s954_F_ADR_01_ASEReadCounter.table","NW_015090842.1:7381433",23,63,40
"WFDC1","s954_F_ADR_01_ASEReadCounter.table","NW_015090842.1:7381434",24,66,42
"WFDC1","s954_F_ADR_01_ASEReadCounter.table","NW_015090842.1:7381442",27,72,45
"WFDC1","s954_F_ADR_01_ASEReadCounter.table","NW_015090842.1:7381517",14,48,34
"WFDC1","s954_F_ADR_01_ASEReadCounter.table","NW_015090842.1:7381520",16,51,35
"WFDC1","s954_F_ADR_01_ASEReadCounter.table","NW_015090842.1:7381677",9,28,19
"WFDC1","s954_F_ADR_01_ASEReadCounter.table","NW_015090842.1:7381709",4,16,12
"ATP2C2","s954_F_ADR_01_ASEReadCounter.table","NW_015090842.1:7386804",1,3,2
"ATP2C2","s954_F_ADR_01_ASEReadCounter.table","NW_015090842.1:7386836",1,2,1
"ATP2C2","s954_F_ADR_01_ASEReadCounter.table","NW_015090842.1:7392613",1,2,1
"ATP2C2","s954_F_ADR_01_ASEReadCounter.table","NW_015090842.1:7395230",1,1,0
"ATP2C2","s954_F_ADR_01_ASEReadCounter.table","NW_015090842.1:7395366",0,1,1
"ATP2C2","s954_F_ADR_01_ASEReadCounter.table","NW_015090842.1:7396756",2,3,1
"ATP2C2","s954_F_ADR_01_ASEReadCounter.table","NW_015090842.1:7397049",1,2,1
"ATP2C2","s954_F_ADR_01_ASEReadCounter.table","NW_015090842.1:7398395",1,2,1
"ATP2C2","s954_F_ADR_01_ASEReadCounter.table","NW_015090842.1:7399774",1,1,0
"ATP2C2","s954_F_ADR_01_ASEReadCounter.table","NW_015090842.1:7402554",0,1,1
"ATP2C2","s954_F_ADR_01_ASEReadCounter.table","NW_015090842.1:7402578",0,1,1
"ATP2C2","s954_F_ADR_01_ASEReadCounter.table","NW_015090842.1:7405621",2,3,1
"ATP2C2","s954_F_ADR_01_ASEReadCounter.table","NW_015090842.1:7413855",18,25,7
"ATP2C2","s954_F_ADR_01_ASEReadCounter.table","NW_015090842.1:7413869",5,12,7
"ATP2C2","s954_F_ADR_01_ASEReadCounter.table","NW_015090842.1:7413875",6,13,7
"TLDC1","s954_F_ADR_01_ASEReadCounter.table","NW_015090842.1:7421137",84,172,88
"TLDC1","s954_F_ADR_01_ASEReadCounter.table","NW_015090842.1:7421155",67,146,79
"TLDC1","s954_F_ADR_01_ASEReadCounter.table","NW_015090842.1:7421218",72,147,75
"TLDC1","s954_F_ADR_01_ASEReadCounter.table","NW_015090842.1:7421399",74,145,71
"TLDC1","s954_F_ADR_01_ASEReadCounter.table","NW_015090842.1:7421402",75,149,74
"TLDC1","s954_F_ADR_01_ASEReadCounter.table","NW_015090842.1:7421528",58,134,76
"TLDC1","s954_F_ADR_01_ASEReadCounter.table","NW_015090842.1:7421532",62,139,77
"TLDC1","s954_F_ADR_01_ASEReadCounter.table","NW_015090842.1:7421621",62,146,84
"TLDC1","s954_F_ADR_01_ASEReadCounter.table","NW_015090842.1:7421647",58,139,81
"TLDC1","s954_F_ADR_01_ASEReadCounter.table","NW_015090842.1:7421657",52,134,82
"TLDC1","s954_F_ADR_01_ASEReadCounter.table","NW_015090842.1:7421693",66,147,81
"TLDC1","s954_F_ADR_01_ASEReadCounter.table","NW_015090842.1:7421796",56,137,81
"TLDC1","s954_F_ADR_01_ASEReadCounter.table","NW_015090842.1:7421810",65,148,83
"TLDC1","s954_F_ADR_01_ASEReadCounter.table","NW_015090842.1:7421833",62,153,91
"TLDC1","s954_F_ADR_01_ASEReadCounter.table","NW_015090842.1:7421879",69,162,93
"TLDC1","s954_F_ADR_01_ASEReadCounter.table","NW_015090842.1:7421914",64,165,101
"TLDC1","s954_F_ADR_01_ASEReadCounter.table","NW_015090842.1:7421969",57,136,79
"TLDC1","s954_F_ADR_01_ASEReadCounter.table","NW_015090842.1:7422015",46,117,71
"TLDC1","s954_F_ADR_01_ASEReadCounter.table","NW_015090842.1:7422042",65,137,72
"TLDC1","s954_F_ADR_01_ASEReadCounter.table","NW_015090842.1:7422230",90,165,75
"TLDC1","s954_F_ADR_01_ASEReadCounter.table","NW_015090842.1:7423349",85,165,80
"TLDC1","s954_F_ADR_01_ASEReadCounter.table","NW_015090842.1:7423362",80,163,83
"TLDC1","s954_F_ADR_01_ASEReadCounter.table","NW_015090842.1:7426091",45,109,64
"TLDC1","s954_F_ADR_01_ASEReadCounter.table","NW_015090842.1:7426485",63,132,69
"TLDC1","s954_F_ADR_01_ASEReadCounter.table","NW_015090842.1:7427211",86,176,90
"TLDC1","s954_F_ADR_01_ASEReadCounter.table","NW_015090842.1:7428179",53,116,63
"COTL1","s954_F_ADR_01_ASEReadCounter.table","NW_015090842.1:7490744",215,409,194
"COTL1","s954_F_ADR_01_ASEReadCounter.table","NW_015090842.1:7491051",219,360,141
"COTL1","s954_F_ADR_01_ASEReadCounter.table","NW_015090842.1:7491124",226,373,147
"COTL1","s954_F_ADR_01_ASEReadCounter.table","NW_015090842.1:7491418",161,269,108
"COTL1","s954_F_ADR_01_ASEReadCounter.table","NW_015090842.1:7491539",123,223,100
"COTL1","s954_F_ADR_01_ASEReadCounter.table","NW_015090842.1:7491585",163,295,132
"COTL1","s954_F_ADR_01_ASEReadCounter.table","NW_015090842.1:7491586",162,306,144
"COTL1","s954_F_ADR_01_ASEReadCounter.table","NW_015090842.1:7491646",212,403,191
"COTL1","s954_F_ADR_01_ASEReadCounter.table","NW_015090842.1:7491747",195,350,155
"COTL1","s954_F_ADR_01_ASEReadCounter.table","NW_015090842.1:7491803",205,366,161
"COTL1","s954_F_ADR_01_ASEReadCounter.table","NW_015090842.1:7506078",1,2,1
"COTL1","s954_F_ADR_01_ASEReadCounter.table","NW_015090842.1:7507551",1,1,0
"COTL1","s954_F_ADR_01_ASEReadCounter.table","NW_015090842.1:7510900",1,3,2
"COTL1","s954_F_ADR_01_ASEReadCounter.table","NW_015090842.1:7513196",0,1,1
"COTL1","s954_F_ADR_01_ASEReadCounter.table","NW_015090842.1:7513223",0,1,1
"COTL1","s954_F_ADR_01_ASEReadCounter.table","NW_015090842.1:7513239",0,1,1
"KLHL36","s954_F_ADR_01_ASEReadCounter.table","NW_015090842.1:7514700",7,15,8
"KLHL36","s954_F_ADR_01_ASEReadCounter.table","NW_015090842.1:7519691",7,22,15
"KLHL36","s954_F_ADR_01_ASEReadCounter.table","NW_015090842.1:7519696",7,22,15
"KLHL36","s954_F_ADR_01_ASEReadCounter.table","NW_015090842.1:7526160",23,39,16
"KLHL36","s954_F_ADR_01_ASEReadCounter.table","NW_015090842.1:7526469",11,27,16
"KLHL36","s954_F_ADR_01_ASEReadCounter.table","NW_015090842.1:7526587",19,41,22
"KLHL36","s954_F_ADR_01_ASEReadCounter.table","NW_015090842.1:7526997",21,34,13
"KLHL36","s954_F_ADR_01_ASEReadCounter.table","NW_015090842.1:7527142",9,25,16
"KLHL36","s954_F_ADR_01_ASEReadCounter.table","NW_015090842.1:7535174",41,85,44
"KLHL36","s954_F_ADR_01_ASEReadCounter.table","NW_015090842.1:7535384",26,47,21
"KLHL36","s954_F_ADR_01_ASEReadCounter.table","NW_015090842.1:7535420",25,48,23
"KLHL36","s954_F_ADR_01_ASEReadCounter.table","NW_015090842.1:7535545",14,31,17
"KLHL36","s954_F_ADR_01_ASEReadCounter.table","NW_015090842.1:7535829",38,63,25
"KLHL36","s954_F_ADR_01_ASEReadCounter.table","NW_015090842.1:7535977",22,41,19
"KLHL36","s954_F_ADR_01_ASEReadCounter.table","NW_015090842.1:7536010",23,43,20
"KLHL36","s954_F_ADR_01_ASEReadCounter.table","NW_015090842.1:7536051",26,48,22
"KLHL36","s954_F_ADR_01_ASEReadCounter.table","NW_015090842.1:7536096",22,42,20
"KLHL36","s954_F_ADR_01_ASEReadCounter.table","NW_015090842.1:7536135",34,52,18
"KLHL36","s954_F_ADR_01_ASEReadCounter.table","NW_015090842.1:7536136",34,51,17
"KLHL36","s954_F_ADR_01_ASEReadCounter.table","NW_015090842.1:7536160",37,58,21
"KLHL36","s954_F_ADR_01_ASEReadCounter.table","NW_015090842.1:7536336",40,64,24
"KLHL36","s954_F_ADR_01_ASEReadCounter.table","NW_015090842.1:7536352",38,69,31
"KLHL36","s954_F_ADR_01_ASEReadCounter.table","NW_015090842.1:7536412",21,53,32
"KLHL36","s954_F_ADR_01_ASEReadCounter.table","NW_015090842.1:7536418",18,51,33
"KLHL36","s954_F_ADR_01_ASEReadCounter.table","NW_015090842.1:7536465",21,51,30
"KLHL36","s954_F_ADR_01_ASEReadCounter.table","NW_015090842.1:7536466",21,49,28
"KLHL36","s954_F_ADR_01_ASEReadCounter.table","NW_015090842.1:7536553",26,55,29
"KLHL36","s954_F_ADR_01_ASEReadCounter.table","NW_015090842.1:7536698",31,64,33
"KLHL36","s954_F_ADR_01_ASEReadCounter.table","NW_015090842.1:7536713",14,56,42
"KLHL36","s954_F_ADR_01_ASEReadCounter.table","NW_015090842.1:7536720",25,48,23
"KLHL36","s954_F_ADR_01_ASEReadCounter.table","NW_015090842.1:7536791",36,57,21
"KLHL36","s954_F_ADR_01_ASEReadCounter.table","NW_015090842.1:7536849",37,62,25
"KLHL36","s954_F_ADR_01_ASEReadCounter.table","NW_015090842.1:7536872",34,62,28
"KLHL36","s954_F_ADR_01_ASEReadCounter.table","NW_015090842.1:7536878",36,59,23
"KLHL36","s954_F_ADR_01_ASEReadCounter.table","NW_015090842.1:7536916",37,62,25
"KLHL36","s954_F_ADR_01_ASEReadCounter.table","NW_015090842.1:7536927",40,73,33
"KLHL36","s954_F_ADR_01_ASEReadCounter.table","NW_015090842.1:7537315",40,83,43
"KLHL36","s954_F_ADR_01_ASEReadCounter.table","NW_015090842.1:7537352",25,57,32
"KLHL36","s954_F_ADR_01_ASEReadCounter.table","NW_015090842.1:7537631",35,70,35
"KLHL36","s954_F_ADR_01_ASEReadCounter.table","NW_015090842.1:7537830",43,74,31
"KLHL36","s954_F_ADR_01_ASEReadCounter.table","NW_015090842.1:7537838",45,76,31
"KLHL36","s954_F_ADR_01_ASEReadCounter.table","NW_015090842.1:7538153",25,48,23
"KLHL36","s954_F_ADR_01_ASEReadCounter.table","NW_015090842.1:7538256",13,33,20
"KLHL36","s954_F_ADR_01_ASEReadCounter.table","NW_015090842.1:7538265",13,33,20
"KLHL36","s954_F_ADR_01_ASEReadCounter.table","NW_015090842.1:7538300",15,39,24
"USP10","s954_F_ADR_01_ASEReadCounter.table","NW_015090842.1:7563972",13,29,16
"USP10","s954_F_ADR_01_ASEReadCounter.table","NW_015090842.1:7571816",43,97,54
"USP10","s954_F_ADR_01_ASEReadCounter.table","NW_015090842.1:7571993",58,115,57
"USP10","s954_F_ADR_01_ASEReadCounter.table","NW_015090842.1:7572580",53,115,62
"USP10","s954_F_ADR_01_ASEReadCounter.table","NW_015090842.1:7587372",74,165,91
"CRISPLD2","s954_F_ADR_01_ASEReadCounter.table","NW_015090842.1:7604605",7,13,6
"CRISPLD2","s954_F_ADR_01_ASEReadCounter.table","NW_015090842.1:7609844",14,17,3
"CRISPLD2","s954_F_ADR_01_ASEReadCounter.table","NW_015090842.1:7609845",14,17,3
"CRISPLD2","s954_F_ADR_01_ASEReadCounter.table","NW_015090842.1:7609883",11,13,2
"CRISPLD2","s954_F_ADR_01_ASEReadCounter.table","NW_015090842.1:7610084",13,17,4
"CRISPLD2","s954_F_ADR_01_ASEReadCounter.table","NW_015090842.1:7617757",20,22,2
"CRISPLD2","s954_F_ADR_01_ASEReadCounter.table","NW_015090842.1:7617781",21,23,2
"CRISPLD2","s954_F_ADR_01_ASEReadCounter.table","NW_015090842.1:7617790",19,22,3
"CRISPLD2","s954_F_ADR_01_ASEReadCounter.table","NW_015090842.1:7621452",11,15,4
"CRISPLD2","s954_F_ADR_01_ASEReadCounter.table","NW_015090842.1:7625451",24,31,7
"CRISPLD2","s954_F_ADR_01_ASEReadCounter.table","NW_015090842.1:7626214",19,23,4
"CRISPLD2","s954_F_ADR_01_ASEReadCounter.table","NW_015090842.1:7630784",21,22,1
"CRISPLD2","s954_F_ADR_01_ASEReadCounter.table","NW_015090842.1:7630823",27,28,1
"CRISPLD2","s954_F_ADR_01_ASEReadCounter.table","NW_015090842.1:7633172",18,22,4
"CRISPLD2","s954_F_ADR_01_ASEReadCounter.table","NW_015090842.1:7633326",17,21,4
"CRISPLD2","s954_F_ADR_01_ASEReadCounter.table","NW_015090842.1:7633336",19,25,6
"CRISPLD2","s954_F_ADR_01_ASEReadCounter.table","NW_015090842.1:7633381",21,28,7
"CRISPLD2","s954_F_ADR_01_ASEReadCounter.table","NW_015090842.1:7633388",18,25,7
"CRISPLD2","s954_F_ADR_01_ASEReadCounter.table","NW_015090842.1:7633400",23,30,7
"CRISPLD2","s954_F_ADR_01_ASEReadCounter.table","NW_015090842.1:7633486",26,39,13
"CRISPLD2","s954_F_ADR_01_ASEReadCounter.table","NW_015090842.1:7633503",25,39,14
"CRISPLD2","s954_F_ADR_01_ASEReadCounter.table","NW_015090842.1:7633504",24,39,15
"CRISPLD2","s954_F_ADR_01_ASEReadCounter.table","NW_015090842.1:7633557",36,50,14
"CRISPLD2","s954_F_ADR_01_ASEReadCounter.table","NW_015090842.1:7633571",39,48,9
"CRISPLD2","s954_F_ADR_01_ASEReadCounter.table","NW_015090842.1:7633588",40,50,10
"CRISPLD2","s954_F_ADR_01_ASEReadCounter.table","NW_015090842.1:7633617",43,53,10
"CRISPLD2","s954_F_ADR_01_ASEReadCounter.table","NW_015090842.1:7633695",36,44,8
"CRISPLD2","s954_F_ADR_01_ASEReadCounter.table","NW_015090842.1:7633721",37,46,9
"CRISPLD2","s954_F_ADR_01_ASEReadCounter.table","NW_015090842.1:7633888",19,27,8
"CRISPLD2","s954_F_ADR_01_ASEReadCounter.table","NW_015090842.1:7633910",21,29,8
"CRISPLD2","s954_F_ADR_01_ASEReadCounter.table","NW_015090842.1:7634142",23,27,4
"CRISPLD2","s954_F_ADR_01_ASEReadCounter.table","NW_015090842.1:7634417",18,23,5
"CRISPLD2","s954_F_ADR_01_ASEReadCounter.table","NW_015090842.1:7634825",32,41,9
"CRISPLD2","s954_F_ADR_01_ASEReadCounter.table","NW_015090842.1:7634852",27,35,8
"CRISPLD2","s954_F_ADR_01_ASEReadCounter.table","NW_015090842.1:7635009",35,43,8
"CRISPLD2","s954_F_ADR_01_ASEReadCounter.table","NW_015090842.1:7635208",35,44,9
"CRISPLD2","s954_F_ADR_01_ASEReadCounter.table","NW_015090842.1:7635373",46,59,13
"CRISPLD2","s954_F_ADR_01_ASEReadCounter.table","NW_015090842.1:7635525",40,50,10
"CRISPLD2","s954_F_ADR_01_ASEReadCounter.table","NW_015090842.1:7635583",34,44,10
"CRISPLD2","s954_F_ADR_01_ASEReadCounter.table","NW_015090842.1:7635924",36,48,12
"LOC106888312","s954_F_ADR_01_ASEReadCounter.table","NW_015090842.1:7713031",1,1,0
"LOC106888312","s954_F_ADR_01_ASEReadCounter.table","NW_015090842.1:7727001",4,7,3
"LOC106888312","s954_F_ADR_01_ASEReadCounter.table","NW_015090842.1:7727036",5,8,3
"LOC106888312","s954_F_ADR_01_ASEReadCounter.table","NW_015090842.1:7727072",2,4,2
"LOC106888312","s954_F_ADR_01_ASEReadCounter.table","NW_015090842.1:7727961",0,1,1
"LOC106888312","s954_F_ADR_01_ASEReadCounter.table","NW_015090842.1:7731961",1,3,2
"LOC106888312","s954_F_ADR_01_ASEReadCounter.table","NW_015090842.1:7732244",1,3,2
"LOC106888312","s954_F_ADR_01_ASEReadCounter.table","NW_015090842.1:7732443",1,4,3
"LOC106888312","s954_F_ADR_01_ASEReadCounter.table","NW_015090842.1:7732444",1,4,3
"LOC106888312","s954_F_ADR_01_ASEReadCounter.table","NW_015090842.1:7732538",1,3,2
"LOC106888312","s954_F_ADR_01_ASEReadCounter.table","NW_015090842.1:7732548",0,2,2
"LOC106888312","s954_F_ADR_01_ASEReadCounter.table","NW_015090842.1:7732576",1,1,0
"LOC106888312","s954_F_ADR_01_ASEReadCounter.table","NW_015090842.1:7732580",1,1,0
"LOC106888312","s954_F_ADR_01_ASEReadCounter.table","NW_015090842.1:7732629",0,1,1
"LOC106888312","s954_F_ADR_01_ASEReadCounter.table","NW_015090842.1:7732630",0,1,1
"LOC106888312","s954_F_ADR_01_ASEReadCounter.table","NW_015090842.1:7732637",0,1,1
"LOC106888312","s954_F_ADR_01_ASEReadCounter.table","NW_015090842.1:7732682",0,1,1
"LOC106888312","s954_F_ADR_01_ASEReadCounter.table","NW_015090842.1:7732709",0,2,2
"LOC106888312","s954_F_ADR_01_ASEReadCounter.table","NW_015090842.1:7732718",1,3,2
"LOC106888312","s954_F_ADR_01_ASEReadCounter.table","NW_015090842.1:7732739",1,2,1
"LOC106888312","s954_F_ADR_01_ASEReadCounter.table","NW_015090842.1:7732743",1,2,1
"LOC106888312","s954_F_ADR_01_ASEReadCounter.table","NW_015090842.1:7732744",1,2,1
"LOC106888312","s954_F_ADR_01_ASEReadCounter.table","NW_015090842.1:7732756",1,2,1
"LOC106888312","s954_F_ADR_01_ASEReadCounter.table","NW_015090842.1:7732757",1,2,1
"LOC106888312","s954_F_ADR_01_ASEReadCounter.table","NW_015090842.1:7732782",1,1,0
"LOC106888312","s954_F_ADR_01_ASEReadCounter.table","NW_015090842.1:7732796",1,2,1
"LOC106888312","s954_F_ADR_01_ASEReadCounter.table","NW_015090842.1:7732860",2,3,1
"LOC106888312","s954_F_ADR_01_ASEReadCounter.table","NW_015090842.1:7732861",2,3,1
"LOC106888312","s954_F_ADR_01_ASEReadCounter.table","NW_015090842.1:7732918",2,2,0
"LOC106888312","s954_F_ADR_01_ASEReadCounter.table","NW_015090842.1:7732997",1,1,0
"LOC106888312","s954_F_ADR_01_ASEReadCounter.table","NW_015090842.1:7733011",1,1,0
"LOC106888312","s954_F_ADR_01_ASEReadCounter.table","NW_015090842.1:7733046",2,2,0
"LOC106888312","s954_F_ADR_01_ASEReadCounter.table","NW_015090842.1:7733068",2,3,1
"LOC106888312","s954_F_ADR_01_ASEReadCounter.table","NW_015090842.1:7733077",1,2,1
"LOC106888312","s954_F_ADR_01_ASEReadCounter.table","NW_015090842.1:7733096",1,3,2
"LOC106888312","s954_F_ADR_01_ASEReadCounter.table","NW_015090842.1:7733142",1,3,2
"LOC106888312","s954_F_ADR_01_ASEReadCounter.table","NW_015090842.1:7733196",0,2,2
"LOC106888312","s954_F_ADR_01_ASEReadCounter.table","NW_015090842.1:7733299",3,6,3
"LOC106888312","s954_F_ADR_01_ASEReadCounter.table","NW_015090842.1:7733470",0,4,4
"LOC106888312","s954_F_ADR_01_ASEReadCounter.table","NW_015090842.1:7733471",0,3,3
"LOC106888312","s954_F_ADR_01_ASEReadCounter.table","NW_015090842.1:7733472",0,4,4
"LOC106888312","s954_F_ADR_01_ASEReadCounter.table","NW_015090842.1:7733507",0,4,4
"LOC106888312","s954_F_ADR_01_ASEReadCounter.table","NW_015090842.1:7733508",0,4,4
"LOC106888312","s954_F_ADR_01_ASEReadCounter.table","NW_015090842.1:7733518",0,4,4
"LOC106888312","s954_F_ADR_01_ASEReadCounter.table","NW_015090842.1:7733609",0,2,2
"LOC106888312","s954_F_ADR_01_ASEReadCounter.table","NW_015090842.1:7733631",0,2,2
"LOC106888312","s954_F_ADR_01_ASEReadCounter.table","NW_015090842.1:7733674",0,3,3
"ZDHHC7","s954_F_ADR_01_ASEReadCounter.table","NW_015090842.1:7737199",45,91,46
"ZDHHC7","s954_F_ADR_01_ASEReadCounter.table","NW_015090842.1:7737332",21,66,45
"ZDHHC7","s954_F_ADR_01_ASEReadCounter.table","NW_015090842.1:7737553",74,129,55
"ZDHHC7","s954_F_ADR_01_ASEReadCounter.table","NW_015090842.1:7737920",34,75,41
"ZDHHC7","s954_F_ADR_01_ASEReadCounter.table","NW_015090842.1:7737953",32,74,42
"ZDHHC7","s954_F_ADR_01_ASEReadCounter.table","NW_015090842.1:7737987",36,79,43
"ZDHHC7","s954_F_ADR_01_ASEReadCounter.table","NW_015090842.1:7738068",31,77,46
"ZDHHC7","s954_F_ADR_01_ASEReadCounter.table","NW_015090842.1:7738204",37,86,49
"LOC106888097","s954_F_ADR_01_ASEReadCounter.table","NW_015090842.1:7767178",29,82,53
"LOC106888097","s954_F_ADR_01_ASEReadCounter.table","NW_015090842.1:7767187",28,79,51
"LOC106888097","s954_F_ADR_01_ASEReadCounter.table","NW_015090842.1:7768144",35,118,83
"LOC106888097","s954_F_ADR_01_ASEReadCounter.table","NW_015090842.1:7768196",38,131,93
"LOC106888097","s954_F_ADR_01_ASEReadCounter.table","NW_015090842.1:7769884",46,108,62
"LOC106888097","s954_F_ADR_01_ASEReadCounter.table","NW_015090842.1:7769893",40,94,54
"LOC106888097","s954_F_ADR_01_ASEReadCounter.table","NW_015090842.1:7770245",40,126,86
"LOC106888097","s954_F_ADR_01_ASEReadCounter.table","NW_015090842.1:7772402",52,140,88
"LOC106888097","s954_F_ADR_01_ASEReadCounter.table","NW_015090842.1:7772483",54,135,81
"LOC106888097","s954_F_ADR_01_ASEReadCounter.table","NW_015090842.1:7772490",53,135,82
"LOC106888097","s954_F_ADR_01_ASEReadCounter.table","NW_015090842.1:7774281",38,148,110
"LOC106888097","s954_F_ADR_01_ASEReadCounter.table","NW_015090842.1:7774552",70,222,152
"LOC106888097","s954_F_ADR_01_ASEReadCounter.table","NW_015090842.1:7774564",68,218,150
"LOC106888097","s954_F_ADR_01_ASEReadCounter.table","NW_015090842.1:7774611",43,196,153
"LOC106888097","s954_F_ADR_01_ASEReadCounter.table","NW_015090842.1:7774681",61,178,117
"LOC106888097","s954_F_ADR_01_ASEReadCounter.table","NW_015090842.1:7774698",49,140,91
"LOC106888097","s954_F_ADR_01_ASEReadCounter.table","NW_015090842.1:7774730",25,72,47
"LOC106888097","s954_F_ADR_01_ASEReadCounter.table","NW_015090842.1:7774778",1,2,1
"LOC106888097","s954_F_ADR_01_ASEReadCounter.table","NW_015090842.1:7774793",1,1,0
"FOXC2","s954_F_ADR_01_ASEReadCounter.table","NW_015090842.1:8129599",6,26,20
"FOXC2","s954_F_ADR_01_ASEReadCounter.table","NW_015090842.1:8129616",8,28,20
"FOXC2","s954_F_ADR_01_ASEReadCounter.table","NW_015090842.1:8129715",5,29,24
"FOXC2","s954_F_ADR_01_ASEReadCounter.table","NW_015090842.1:8129719",6,28,22
"FOXC2","s954_F_ADR_01_ASEReadCounter.table","NW_015090842.1:8130244",9,31,22
"FOXC2","s954_F_ADR_01_ASEReadCounter.table","NW_015090842.1:8130472",6,25,19
"FOXC2","s954_F_ADR_01_ASEReadCounter.table","NW_015090842.1:8130490",8,25,17
"FOXC2","s954_F_ADR_01_ASEReadCounter.table","NW_015090842.1:8130547",11,22,11
"FOXC2","s954_F_ADR_01_ASEReadCounter.table","NW_015090842.1:8130550",11,22,11
"FOXC2","s954_F_ADR_01_ASEReadCounter.table","NW_015090842.1:8130573",10,18,8
"FOXC2","s954_F_ADR_01_ASEReadCounter.table","NW_015090842.1:8130575",10,18,8
"MTHFSD","s954_F_ADR_01_ASEReadCounter.table","NW_015090842.1:8140051",20,57,37
"MTHFSD","s954_F_ADR_01_ASEReadCounter.table","NW_015090842.1:8142923",25,65,40
"MTHFSD","s954_F_ADR_01_ASEReadCounter.table","NW_015090842.1:8143029",28,86,58
"MTHFSD","s954_F_ADR_01_ASEReadCounter.table","NW_015090842.1:8152035",11,53,42
"MTHFSD","s954_F_ADR_01_ASEReadCounter.table","NW_015090842.1:8152315",17,40,23
"MTHFSD","s954_F_ADR_01_ASEReadCounter.table","NW_015090842.1:8152511",19,52,33
"MTHFSD","s954_F_ADR_01_ASEReadCounter.table","NW_015090842.1:8152518",19,52,33
"MTHFSD","s954_F_ADR_01_ASEReadCounter.table","NW_015090842.1:8152553",19,51,32
"MTHFSD","s954_F_ADR_01_ASEReadCounter.table","NW_015090842.1:8152773",21,44,23
"MTHFSD","s954_F_ADR_01_ASEReadCounter.table","NW_015090842.1:8152805",20,41,21
"FOXF1","s954_F_ADR_01_ASEReadCounter.table","NW_015090842.1:8164789",0,12,12
"FOXF1","s954_F_ADR_01_ASEReadCounter.table","NW_015090842.1:8166883",1,10,9
"FOXF1","s954_F_ADR_01_ASEReadCounter.table","NW_015090842.1:8167113",0,8,8
"FOXF1","s954_F_ADR_01_ASEReadCounter.table","NW_015090842.1:8167588",0,5,5
"IRF8","s954_F_ADR_01_ASEReadCounter.table","NW_015090842.1:8406652",16,26,10
"IRF8","s954_F_ADR_01_ASEReadCounter.table","NW_015090842.1:8406703",11,21,10
"IRF8","s954_F_ADR_01_ASEReadCounter.table","NW_015090842.1:8406704",11,20,9
"IRF8","s954_F_ADR_01_ASEReadCounter.table","NW_015090842.1:8406757",20,41,21
"IRF8","s954_F_ADR_01_ASEReadCounter.table","NW_015090842.1:8406778",23,43,20
"IRF8","s954_F_ADR_01_ASEReadCounter.table","NW_015090842.1:8406819",21,46,25
"IRF8","s954_F_ADR_01_ASEReadCounter.table","NW_015090842.1:8406941",19,45,26
"IRF8","s954_F_ADR_01_ASEReadCounter.table","NW_015090842.1:8407008",9,29,20
"IRF8","s954_F_ADR_01_ASEReadCounter.table","NW_015090842.1:8407057",9,24,15
"IRF8","s954_F_ADR_01_ASEReadCounter.table","NW_015090842.1:8407064",13,28,15
"IRF8","s954_F_ADR_01_ASEReadCounter.table","NW_015090842.1:8407069",15,33,18
"IRF8","s954_F_ADR_01_ASEReadCounter.table","NW_015090842.1:8407120",16,30,14
"IRF8","s954_F_ADR_01_ASEReadCounter.table","NW_015090842.1:8407157",17,31,14
"IRF8","s954_F_ADR_01_ASEReadCounter.table","NW_015090842.1:8407203",17,29,12
"IRF8","s954_F_ADR_01_ASEReadCounter.table","NW_015090842.1:8407272",22,39,17
"IRF8","s954_F_ADR_01_ASEReadCounter.table","NW_015090842.1:8407276",20,37,17
"IRF8","s954_F_ADR_01_ASEReadCounter.table","NW_015090842.1:8407303",24,44,20
"IRF8","s954_F_ADR_01_ASEReadCounter.table","NW_015090842.1:8407451",18,42,24
"IRF8","s954_F_ADR_01_ASEReadCounter.table","NW_015090842.1:8407456",17,40,23
"IRF8","s954_F_ADR_01_ASEReadCounter.table","NW_015090842.1:8408564",21,40,19
"IRF8","s954_F_ADR_01_ASEReadCounter.table","NW_015090842.1:8408585",42,42,0
"IRF8","s954_F_ADR_01_ASEReadCounter.table","NW_015090842.1:8408973",25,45,20
"IRF8","s954_F_ADR_01_ASEReadCounter.table","NW_015090842.1:8409060",15,30,15
"IRF8","s954_F_ADR_01_ASEReadCounter.table","NW_015090842.1:8409065",15,30,15
"IRF8","s954_F_ADR_01_ASEReadCounter.table","NW_015090842.1:8409254",9,17,8
"IRF8","s954_F_ADR_01_ASEReadCounter.table","NW_015090842.1:8409255",9,17,8
"IRF8","s954_F_ADR_01_ASEReadCounter.table","NW_015090842.1:8409258",9,16,7
"IRF8","s954_F_ADR_01_ASEReadCounter.table","NW_015090842.1:8409312",8,18,10
"IRF8","s954_F_ADR_01_ASEReadCounter.table","NW_015090842.1:8410216",10,23,13
"IRF8","s954_F_ADR_01_ASEReadCounter.table","NW_015090842.1:8410237",7,19,12
"IRF8","s954_F_ADR_01_ASEReadCounter.table","NW_015090842.1:8410276",28,28,0
"IRF8","s954_F_ADR_01_ASEReadCounter.table","NW_015090842.1:8410813",16,33,17
"IRF8","s954_F_ADR_01_ASEReadCounter.table","NW_015090842.1:8410861",14,34,20
"IRF8","s954_F_ADR_01_ASEReadCounter.table","NW_015090842.1:8411940",11,28,17
"IRF8","s954_F_ADR_01_ASEReadCounter.table","NW_015090842.1:8412006",8,26,18
"IRF8","s954_F_ADR_01_ASEReadCounter.table","NW_015090842.1:8412042",7,25,18
"DUSP15","s954_F_ADR_01_ASEReadCounter.table","NW_015090842.1:8422787",1,1,0
"DUSP15","s954_F_ADR_01_ASEReadCounter.table","NW_015090842.1:8422832",1,2,1
"DUSP15","s954_F_ADR_01_ASEReadCounter.table","NW_015090842.1:8422898",1,3,2
"DUSP15","s954_F_ADR_01_ASEReadCounter.table","NW_015090842.1:8422909",1,3,2
"COX4I1","s954_F_ADR_01_ASEReadCounter.table","NW_015090842.1:8442258",1086,2226,1140
"COX4I1","s954_F_ADR_01_ASEReadCounter.table","NW_015090842.1:8442333",953,1912,959
"EMC8","s954_F_ADR_01_ASEReadCounter.table","NW_015090842.1:8444046",89,199,110
"EMC8","s954_F_ADR_01_ASEReadCounter.table","NW_015090842.1:8444064",85,174,89
"EMC8","s954_F_ADR_01_ASEReadCounter.table","NW_015090842.1:8452029",18,57,39
"EMC8","s954_F_ADR_01_ASEReadCounter.table","NW_015090842.1:8452116",16,56,40
"EMC8","s954_F_ADR_01_ASEReadCounter.table","NW_015090842.1:8452121",19,58,39
"EMC8","s954_F_ADR_01_ASEReadCounter.table","NW_015090842.1:8452222",28,63,35
"EMC8","s954_F_ADR_01_ASEReadCounter.table","NW_015090842.1:8452244",31,69,38
"EMC8","s954_F_ADR_01_ASEReadCounter.table","NW_015090842.1:8452477",15,25,10
"EMC8","s954_F_ADR_01_ASEReadCounter.table","NW_015090842.1:8452498",10,19,9
"EMC8","s954_F_ADR_01_ASEReadCounter.table","NW_015090842.1:8452535",4,9,5
"EMC8","s954_F_ADR_01_ASEReadCounter.table","NW_015090842.1:8452575",2,5,3
"EMC8","s954_F_ADR_01_ASEReadCounter.table","NW_015090842.1:8452600",7,12,5
"EMC8","s954_F_ADR_01_ASEReadCounter.table","NW_015090842.1:8452616",6,12,6
"EMC8","s954_F_ADR_01_ASEReadCounter.table","NW_015090842.1:8452630",7,11,4
"EMC8","s954_F_ADR_01_ASEReadCounter.table","NW_015090842.1:8452650",8,13,5
"EMC8","s954_F_ADR_01_ASEReadCounter.table","NW_015090842.1:8452678",8,19,11
"EMC8","s954_F_ADR_01_ASEReadCounter.table","NW_015090842.1:8452724",4,14,10
"EMC8","s954_F_ADR_01_ASEReadCounter.table","NW_015090842.1:8452731",3,13,10
"EMC8","s954_F_ADR_01_ASEReadCounter.table","NW_015090842.1:8452743",4,17,13
"EMC8","s954_F_ADR_01_ASEReadCounter.table","NW_015090842.1:8452750",5,18,13
"EMC8","s954_F_ADR_01_ASEReadCounter.table","NW_015090842.1:8452778",3,11,8
"EMC8","s954_F_ADR_01_ASEReadCounter.table","NW_015090842.1:8452783",4,14,10
"EMC8","s954_F_ADR_01_ASEReadCounter.table","NW_015090842.1:8452800",7,19,12
"EMC8","s954_F_ADR_01_ASEReadCounter.table","NW_015090842.1:8452804",7,20,13
"EMC8","s954_F_ADR_01_ASEReadCounter.table","NW_015090842.1:8452812",5,18,13
"EMC8","s954_F_ADR_01_ASEReadCounter.table","NW_015090842.1:8452858",10,27,17
"EMC8","s954_F_ADR_01_ASEReadCounter.table","NW_015090842.1:8452906",12,23,11
"EMC8","s954_F_ADR_01_ASEReadCounter.table","NW_015090842.1:8452913",10,21,11
"EMC8","s954_F_ADR_01_ASEReadCounter.table","NW_015090842.1:8453000",12,24,12
"EMC8","s954_F_ADR_01_ASEReadCounter.table","NW_015090842.1:8453007",12,27,15
"EMC8","s954_F_ADR_01_ASEReadCounter.table","NW_015090842.1:8453058",11,26,15
"EMC8","s954_F_ADR_01_ASEReadCounter.table","NW_015090842.1:8453106",9,22,13
"GINS2","s954_F_ADR_01_ASEReadCounter.table","NW_015090842.1:8466420",16,17,1
"GINS2","s954_F_ADR_01_ASEReadCounter.table","NW_015090842.1:8466424",16,17,1
"GINS2","s954_F_ADR_01_ASEReadCounter.table","NW_015090842.1:8466518",11,11,0
"GINS2","s954_F_ADR_01_ASEReadCounter.table","NW_015090842.1:8468482",29,33,4
"GINS2","s954_F_ADR_01_ASEReadCounter.table","NW_015090842.1:8470290",30,36,6
"GINS2","s954_F_ADR_01_ASEReadCounter.table","NW_015090842.1:8470305",26,31,5
"GINS2","s954_F_ADR_01_ASEReadCounter.table","NW_015090842.1:8470381",26,29,3
"GINS2","s954_F_ADR_01_ASEReadCounter.table","NW_015090842.1:8470418",23,27,4
"GINS2","s954_F_ADR_01_ASEReadCounter.table","NW_015090842.1:8470421",22,25,3
"GINS2","s954_F_ADR_01_ASEReadCounter.table","NW_015090842.1:8470430",16,19,3
"GINS2","s954_F_ADR_01_ASEReadCounter.table","NW_015090842.1:8470433",15,17,2
"GINS2","s954_F_ADR_01_ASEReadCounter.table","NW_015090842.1:8470457",10,12,2
"GINS2","s954_F_ADR_01_ASEReadCounter.table","NW_015090842.1:8470491",13,16,3
"GINS2","s954_F_ADR_01_ASEReadCounter.table","NW_015090842.1:8470548",17,21,4
"GINS2","s954_F_ADR_01_ASEReadCounter.table","NW_015090842.1:8470649",16,17,1
"GSE1","s954_F_ADR_01_ASEReadCounter.table","NW_015090842.1:8475362",26,61,35
"GSE1","s954_F_ADR_01_ASEReadCounter.table","NW_015090842.1:8475961",15,24,9
"GSE1","s954_F_ADR_01_ASEReadCounter.table","NW_015090842.1:8476027",17,31,14
"GSE1","s954_F_ADR_01_ASEReadCounter.table","NW_015090842.1:8476159",2,5,3
"GSE1","s954_F_ADR_01_ASEReadCounter.table","NW_015090842.1:8477442",0,15,15
"GSE1","s954_F_ADR_01_ASEReadCounter.table","NW_015090842.1:8477448",0,15,15
"GSE1","s954_F_ADR_01_ASEReadCounter.table","NW_015090842.1:8477662",1,14,13
"GSE1","s954_F_ADR_01_ASEReadCounter.table","NW_015090842.1:8477933",12,24,12
"GSE1","s954_F_ADR_01_ASEReadCounter.table","NW_015090842.1:8477945",11,22,11
"GSE1","s954_F_ADR_01_ASEReadCounter.table","NW_015090842.1:8483272",1,15,14
"GSE1","s954_F_ADR_01_ASEReadCounter.table","NW_015090842.1:8483367",1,5,4
"GSE1","s954_F_ADR_01_ASEReadCounter.table","NW_015090842.1:8483411",3,5,2
"GSE1","s954_F_ADR_01_ASEReadCounter.table","NW_015090842.1:8483756",5,23,18
"GSE1","s954_F_ADR_01_ASEReadCounter.table","NW_015090842.1:8486867",24,47,23
"GSE1","s954_F_ADR_01_ASEReadCounter.table","NW_015090842.1:8486939",33,58,25
"GSE1","s954_F_ADR_01_ASEReadCounter.table","NW_015090842.1:8486945",30,58,28
"GSE1","s954_F_ADR_01_ASEReadCounter.table","NW_015090842.1:8486993",23,47,24
"GSE1","s954_F_ADR_01_ASEReadCounter.table","NW_015090842.1:8487062",24,40,16
"GSE1","s954_F_ADR_01_ASEReadCounter.table","NW_015090842.1:8488065",15,32,17
"GSE1","s954_F_ADR_01_ASEReadCounter.table","NW_015090842.1:8488457",15,29,14
"GSE1","s954_F_ADR_01_ASEReadCounter.table","NW_015090842.1:8488463",15,29,14
"GSE1","s954_F_ADR_01_ASEReadCounter.table","NW_015090842.1:8488490",29,29,0
"GSE1","s954_F_ADR_01_ASEReadCounter.table","NW_015090842.1:8488505",14,28,14
"GSE1","s954_F_ADR_01_ASEReadCounter.table","NW_015090842.1:8490180",2,32,30
"KIAA0513","s954_F_ADR_01_ASEReadCounter.table","NW_015090842.1:8668363",129,269,140
"KIAA0513","s954_F_ADR_01_ASEReadCounter.table","NW_015090842.1:8668387",134,261,127
"KIAA0513","s954_F_ADR_01_ASEReadCounter.table","NW_015090842.1:8668390",133,258,125
"KIAA0513","s954_F_ADR_01_ASEReadCounter.table","NW_015090842.1:8673107",128,268,140
"KIAA0513","s954_F_ADR_01_ASEReadCounter.table","NW_015090842.1:8673147",124,266,142
"KIAA0513","s954_F_ADR_01_ASEReadCounter.table","NW_015090842.1:8674661",88,201,113
"KIAA0513","s954_F_ADR_01_ASEReadCounter.table","NW_015090842.1:8674685",91,207,116
"KIAA0513","s954_F_ADR_01_ASEReadCounter.table","NW_015090842.1:8674730",89,196,107
"KIAA0513","s954_F_ADR_01_ASEReadCounter.table","NW_015090842.1:8675525",81,206,125
"KIAA0513","s954_F_ADR_01_ASEReadCounter.table","NW_015090842.1:8675561",87,201,114
"KIAA0513","s954_F_ADR_01_ASEReadCounter.table","NW_015090842.1:8678608",4,43,39
"KIAA0513","s954_F_ADR_01_ASEReadCounter.table","NW_015090842.1:8686455",0,19,19
"KIAA0513","s954_F_ADR_01_ASEReadCounter.table","NW_015090842.1:8686508",0,26,26
"KIAA0513","s954_F_ADR_01_ASEReadCounter.table","NW_015090842.1:8686521",0,25,25
"KIAA0513","s954_F_ADR_01_ASEReadCounter.table","NW_015090842.1:8693642",42,80,38
"KIAA0513","s954_F_ADR_01_ASEReadCounter.table","NW_015090842.1:8693712",40,67,27
"KIAA0513","s954_F_ADR_01_ASEReadCounter.table","NW_015090842.1:8695794",0,2,2
"FBXO31","s954_F_ADR_01_ASEReadCounter.table","NW_015090842.1:8710240",33,76,43
"FBXO31","s954_F_ADR_01_ASEReadCounter.table","NW_015090842.1:8710372",28,59,31
"FBXO31","s954_F_ADR_01_ASEReadCounter.table","NW_015090842.1:8711239",31,63,32
"FBXO31","s954_F_ADR_01_ASEReadCounter.table","NW_015090842.1:8714565",46,105,59
"FBXO31","s954_F_ADR_01_ASEReadCounter.table","NW_015090842.1:8716001",25,64,39
"FBXO31","s954_F_ADR_01_ASEReadCounter.table","NW_015090842.1:8725050",3,3,0
"FBXO31","s954_F_ADR_01_ASEReadCounter.table","NW_015090842.1:8725057",2,2,0
"FBXO31","s954_F_ADR_01_ASEReadCounter.table","NW_015090842.1:8725162",2,2,0
"FBXO31","s954_F_ADR_01_ASEReadCounter.table","NW_015090842.1:8725163",2,2,0
"FBXO31","s954_F_ADR_01_ASEReadCounter.table","NW_015090842.1:8725170",2,2,0
"FBXO31","s954_F_ADR_01_ASEReadCounter.table","NW_015090842.1:8725187",3,3,0
"FBXO31","s954_F_ADR_01_ASEReadCounter.table","NW_015090842.1:8725188",3,3,0
"FBXO31","s954_F_ADR_01_ASEReadCounter.table","NW_015090842.1:8725190",3,3,0
"FBXO31","s954_F_ADR_01_ASEReadCounter.table","NW_015090842.1:8725370",2,2,0
"ZCCHC14","s954_F_ADR_01_ASEReadCounter.table","NW_015090842.1:8750174",27,38,11
"ZCCHC14","s954_F_ADR_01_ASEReadCounter.table","NW_015090842.1:8750189",30,35,5
"ZCCHC14","s954_F_ADR_01_ASEReadCounter.table","NW_015090842.1:8750365",11,27,16
"ZCCHC14","s954_F_ADR_01_ASEReadCounter.table","NW_015090842.1:8750433",19,36,17
"ZCCHC14","s954_F_ADR_01_ASEReadCounter.table","NW_015090842.1:8750449",17,31,14
"ZCCHC14","s954_F_ADR_01_ASEReadCounter.table","NW_015090842.1:8750456",15,30,15
"ZCCHC14","s954_F_ADR_01_ASEReadCounter.table","NW_015090842.1:8750497",13,29,16
"ZCCHC14","s954_F_ADR_01_ASEReadCounter.table","NW_015090842.1:8750547",13,29,16
"ZCCHC14","s954_F_ADR_01_ASEReadCounter.table","NW_015090842.1:8751100",8,19,11
"ZCCHC14","s954_F_ADR_01_ASEReadCounter.table","NW_015090842.1:8751374",11,26,15
"ZCCHC14","s954_F_ADR_01_ASEReadCounter.table","NW_015090842.1:8751403",16,37,21
"ZCCHC14","s954_F_ADR_01_ASEReadCounter.table","NW_015090842.1:8751517",21,38,17
"ZCCHC14","s954_F_ADR_01_ASEReadCounter.table","NW_015090842.1:8752060",15,24,9
"ZCCHC14","s954_F_ADR_01_ASEReadCounter.table","NW_015090842.1:8752172",12,29,17
"ZCCHC14","s954_F_ADR_01_ASEReadCounter.table","NW_015090842.1:8752183",15,34,19
"ZCCHC14","s954_F_ADR_01_ASEReadCounter.table","NW_015090842.1:8752198",15,34,19
"ZCCHC14","s954_F_ADR_01_ASEReadCounter.table","NW_015090842.1:8752248",17,32,15
"ZCCHC14","s954_F_ADR_01_ASEReadCounter.table","NW_015090842.1:8752326",15,32,17
"ZCCHC14","s954_F_ADR_01_ASEReadCounter.table","NW_015090842.1:8752393",19,33,14
"ZCCHC14","s954_F_ADR_01_ASEReadCounter.table","NW_015090842.1:8752914",9,15,6
"ZCCHC14","s954_F_ADR_01_ASEReadCounter.table","NW_015090842.1:8753528",13,26,13
"ZCCHC14","s954_F_ADR_01_ASEReadCounter.table","NW_015090842.1:8753892",6,16,10
"ZCCHC14","s954_F_ADR_01_ASEReadCounter.table","NW_015090842.1:8753910",8,20,12
"ZCCHC14","s954_F_ADR_01_ASEReadCounter.table","NW_015090842.1:8755096",11,25,14
"ZCCHC14","s954_F_ADR_01_ASEReadCounter.table","NW_015090842.1:8755327",11,21,10
"ZCCHC14","s954_F_ADR_01_ASEReadCounter.table","NW_015090842.1:8755723",10,20,10
"ZCCHC14","s954_F_ADR_01_ASEReadCounter.table","NW_015090842.1:8755739",10,23,13
"ZCCHC14","s954_F_ADR_01_ASEReadCounter.table","NW_015090842.1:8756149",7,10,3
"ZCCHC14","s954_F_ADR_01_ASEReadCounter.table","NW_015090842.1:8756347",11,16,5
"ZCCHC14","s954_F_ADR_01_ASEReadCounter.table","NW_015090842.1:8756361",12,17,5
"ZCCHC14","s954_F_ADR_01_ASEReadCounter.table","NW_015090842.1:8756388",9,13,4
"ZCCHC14","s954_F_ADR_01_ASEReadCounter.table","NW_015090842.1:8756389",9,13,4
"ZCCHC14","s954_F_ADR_01_ASEReadCounter.table","NW_015090842.1:8757160",11,24,13
"ZCCHC14","s954_F_ADR_01_ASEReadCounter.table","NW_015090842.1:8804511",9,18,9
"ZCCHC14","s954_F_ADR_01_ASEReadCounter.table","NW_015090842.1:8804979",1,3,2
"JPH3","s954_F_ADR_01_ASEReadCounter.table","NW_015090842.1:8845375",12,24,12
"JPH3","s954_F_ADR_01_ASEReadCounter.table","NW_015090842.1:8845640",13,26,13
"JPH3","s954_F_ADR_01_ASEReadCounter.table","NW_015090842.1:8845654",12,26,14
"JPH3","s954_F_ADR_01_ASEReadCounter.table","NW_015090842.1:8872283",19,36,17
"JPH3","s954_F_ADR_01_ASEReadCounter.table","NW_015090842.1:8872294",17,30,13
"JPH3","s954_F_ADR_01_ASEReadCounter.table","NW_015090842.1:8872730",17,39,22
"JPH3","s954_F_ADR_01_ASEReadCounter.table","NW_015090842.1:8885260",21,43,22
"JPH3","s954_F_ADR_01_ASEReadCounter.table","NW_015090842.1:8885315",14,34,20
"JPH3","s954_F_ADR_01_ASEReadCounter.table","NW_015090842.1:8885328",13,30,17
"JPH3","s954_F_ADR_01_ASEReadCounter.table","NW_015090842.1:8885438",23,44,21
"JPH3","s954_F_ADR_01_ASEReadCounter.table","NW_015090842.1:8885525",9,21,12
"KLHDC4","s954_F_ADR_01_ASEReadCounter.table","NW_015090842.1:8890729",26,39,13
"KLHDC4","s954_F_ADR_01_ASEReadCounter.table","NW_015090842.1:8890749",25,39,14
"KLHDC4","s954_F_ADR_01_ASEReadCounter.table","NW_015090842.1:8890761",28,42,14
"KLHDC4","s954_F_ADR_01_ASEReadCounter.table","NW_015090842.1:8891123",68,102,34
"KLHDC4","s954_F_ADR_01_ASEReadCounter.table","NW_015090842.1:8893124",57,94,37
"KLHDC4","s954_F_ADR_01_ASEReadCounter.table","NW_015090842.1:8894542",46,71,25
"KLHDC4","s954_F_ADR_01_ASEReadCounter.table","NW_015090842.1:8896726",34,50,16
"KLHDC4","s954_F_ADR_01_ASEReadCounter.table","NW_015090842.1:8896767",42,55,13
"KLHDC4","s954_F_ADR_01_ASEReadCounter.table","NW_015090842.1:8904174",48,72,24
"KLHDC4","s954_F_ADR_01_ASEReadCounter.table","NW_015090842.1:8904231",51,70,19
"KLHDC4","s954_F_ADR_01_ASEReadCounter.table","NW_015090842.1:8905251",40,58,18
"KLHDC4","s954_F_ADR_01_ASEReadCounter.table","NW_015090842.1:8905263",37,54,17
"KLHDC4","s954_F_ADR_01_ASEReadCounter.table","NW_015090842.1:8919626",14,16,2
"SLC7A5","s954_F_ADR_01_ASEReadCounter.table","NW_015090842.1:8938782",38,99,61
"SLC7A5","s954_F_ADR_01_ASEReadCounter.table","NW_015090842.1:8938943",34,87,53
"SLC7A5","s954_F_ADR_01_ASEReadCounter.table","NW_015090842.1:8939611",24,47,23
"SLC7A5","s954_F_ADR_01_ASEReadCounter.table","NW_015090842.1:8939738",20,70,50
"SLC7A5","s954_F_ADR_01_ASEReadCounter.table","NW_015090842.1:8939739",20,67,47
"SLC7A5","s954_F_ADR_01_ASEReadCounter.table","NW_015090842.1:8939740",20,71,51
"SLC7A5","s954_F_ADR_01_ASEReadCounter.table","NW_015090842.1:8939795",24,70,46
"SLC7A5","s954_F_ADR_01_ASEReadCounter.table","NW_015090842.1:8939815",23,78,55
"SLC7A5","s954_F_ADR_01_ASEReadCounter.table","NW_015090842.1:8939816",23,77,54
"SLC7A5","s954_F_ADR_01_ASEReadCounter.table","NW_015090842.1:8939817",23,80,57
"SLC7A5","s954_F_ADR_01_ASEReadCounter.table","NW_015090842.1:8939845",22,69,47
"SLC7A5","s954_F_ADR_01_ASEReadCounter.table","NW_015090842.1:8939894",18,61,43
"SLC7A5","s954_F_ADR_01_ASEReadCounter.table","NW_015090842.1:8939895",18,61,43
"SLC7A5","s954_F_ADR_01_ASEReadCounter.table","NW_015090842.1:8939997",113,113,0
"SLC7A5","s954_F_ADR_01_ASEReadCounter.table","NW_015090842.1:8940172",43,100,57
"SLC7A5","s954_F_ADR_01_ASEReadCounter.table","NW_015090842.1:8940331",13,39,26
"SLC7A5","s954_F_ADR_01_ASEReadCounter.table","NW_015090842.1:8940696",19,44,25
"SLC7A5","s954_F_ADR_01_ASEReadCounter.table","NW_015090842.1:8940719",5,50,45
"SLC7A5","s954_F_ADR_01_ASEReadCounter.table","NW_015090842.1:8940737",6,49,43
"SLC7A5","s954_F_ADR_01_ASEReadCounter.table","NW_015090842.1:8940743",13,56,43
"SLC7A5","s954_F_ADR_01_ASEReadCounter.table","NW_015090842.1:8940766",16,66,50
"SLC7A5","s954_F_ADR_01_ASEReadCounter.table","NW_015090842.1:8940769",16,70,54
"SLC7A5","s954_F_ADR_01_ASEReadCounter.table","NW_015090842.1:8940861",24,59,35
"SLC7A5","s954_F_ADR_01_ASEReadCounter.table","NW_015090842.1:8941068",28,76,48
"SLC7A5","s954_F_ADR_01_ASEReadCounter.table","NW_015090842.1:8941467",18,53,35
"SLC7A5","s954_F_ADR_01_ASEReadCounter.table","NW_015090842.1:8941531",20,52,32
"SLC7A5","s954_F_ADR_01_ASEReadCounter.table","NW_015090842.1:8941588",23,68,45
"SLC7A5","s954_F_ADR_01_ASEReadCounter.table","NW_015090842.1:8941698",17,40,23
"SLC7A5","s954_F_ADR_01_ASEReadCounter.table","NW_015090842.1:8941717",17,52,35
"SLC7A5","s954_F_ADR_01_ASEReadCounter.table","NW_015090842.1:8941745",18,55,37
"SLC7A5","s954_F_ADR_01_ASEReadCounter.table","NW_015090842.1:8941781",21,65,44
"SLC7A5","s954_F_ADR_01_ASEReadCounter.table","NW_015090842.1:8941887",16,50,34
"SLC7A5","s954_F_ADR_01_ASEReadCounter.table","NW_015090842.1:8941968",8,39,31
"SLC7A5","s954_F_ADR_01_ASEReadCounter.table","NW_015090842.1:8942025",17,47,30
"SLC7A5","s954_F_ADR_01_ASEReadCounter.table","NW_015090842.1:8942069",17,57,40
"SLC7A5","s954_F_ADR_01_ASEReadCounter.table","NW_015090842.1:8942170",34,77,43
"SLC7A5","s954_F_ADR_01_ASEReadCounter.table","NW_015090842.1:8942241",28,67,39
"SLC7A5","s954_F_ADR_01_ASEReadCounter.table","NW_015090842.1:8942283",17,53,36
"SLC7A5","s954_F_ADR_01_ASEReadCounter.table","NW_015090842.1:8942717",30,55,25
"SLC7A5","s954_F_ADR_01_ASEReadCounter.table","NW_015090842.1:8942756",37,77,40
"SLC7A5","s954_F_ADR_01_ASEReadCounter.table","NW_015090842.1:8942766",34,72,38
"SLC7A5","s954_F_ADR_01_ASEReadCounter.table","NW_015090842.1:8943271",24,49,25
"SLC7A5","s954_F_ADR_01_ASEReadCounter.table","NW_015090842.1:8943524",15,40,25
"SLC7A5","s954_F_ADR_01_ASEReadCounter.table","NW_015090842.1:8943530",16,45,29
"SLC7A5","s954_F_ADR_01_ASEReadCounter.table","NW_015090842.1:8943602",17,54,37
"SLC7A5","s954_F_ADR_01_ASEReadCounter.table","NW_015090842.1:8943622",14,53,39
"SLC7A5","s954_F_ADR_01_ASEReadCounter.table","NW_015090842.1:8943661",14,53,39
"SLC7A5","s954_F_ADR_01_ASEReadCounter.table","NW_015090842.1:8943686",11,50,39
"SLC7A5","s954_F_ADR_01_ASEReadCounter.table","NW_015090842.1:8943788",18,50,32
"SLC7A5","s954_F_ADR_01_ASEReadCounter.table","NW_015090842.1:8943814",27,54,27
"SLC7A5","s954_F_ADR_01_ASEReadCounter.table","NW_015090842.1:8943876",21,54,33
"SLC7A5","s954_F_ADR_01_ASEReadCounter.table","NW_015090842.1:8943892",24,56,32
"SLC7A5","s954_F_ADR_01_ASEReadCounter.table","NW_015090842.1:8944097",22,50,28
"SLC7A5","s954_F_ADR_01_ASEReadCounter.table","NW_015090842.1:8944104",22,47,25
"SLC7A5","s954_F_ADR_01_ASEReadCounter.table","NW_015090842.1:8944293",8,21,13
"SLC7A5","s954_F_ADR_01_ASEReadCounter.table","NW_015090842.1:8944297",7,20,13
"SLC7A5","s954_F_ADR_01_ASEReadCounter.table","NW_015090842.1:8944397",17,45,28
"SLC7A5","s954_F_ADR_01_ASEReadCounter.table","NW_015090842.1:8944552",15,56,41
"SLC7A5","s954_F_ADR_01_ASEReadCounter.table","NW_015090842.1:8944629",34,70,36
"CA5A","s954_F_ADR_01_ASEReadCounter.table","NW_015090842.1:8989479",74,131,57
"CA5A","s954_F_ADR_01_ASEReadCounter.table","NW_015090842.1:8989562",99,162,63
"CA5A","s954_F_ADR_01_ASEReadCounter.table","NW_015090842.1:8989609",101,173,72
"CA5A","s954_F_ADR_01_ASEReadCounter.table","NW_015090842.1:8989693",109,188,79
"CA5A","s954_F_ADR_01_ASEReadCounter.table","NW_015090842.1:8989702",118,192,74
"CA5A","s954_F_ADR_01_ASEReadCounter.table","NW_015090842.1:8989746",122,212,90
"CA5A","s954_F_ADR_01_ASEReadCounter.table","NW_015090842.1:8989880",93,196,103
"CA5A","s954_F_ADR_01_ASEReadCounter.table","NW_015090842.1:8989885",94,198,104
"CA5A","s954_F_ADR_01_ASEReadCounter.table","NW_015090842.1:8989929",100,211,111
"CA5A","s954_F_ADR_01_ASEReadCounter.table","NW_015090842.1:8990002",96,202,106
"CA5A","s954_F_ADR_01_ASEReadCounter.table","NW_015090842.1:8990004",94,200,106
"CA5A","s954_F_ADR_01_ASEReadCounter.table","NW_015090842.1:8990005",97,206,109
"CA5A","s954_F_ADR_01_ASEReadCounter.table","NW_015090842.1:8990017",84,186,102
"CA5A","s954_F_ADR_01_ASEReadCounter.table","NW_015090842.1:8990043",67,157,90
"CA5A","s954_F_ADR_01_ASEReadCounter.table","NW_015090842.1:8990060",158,158,0
"CA5A","s954_F_ADR_01_ASEReadCounter.table","NW_015090842.1:8990080",48,136,88
"CA5A","s954_F_ADR_01_ASEReadCounter.table","NW_015090842.1:8990084",46,132,86
"CA5A","s954_F_ADR_01_ASEReadCounter.table","NW_015090842.1:8990090",51,139,88
"CA5A","s954_F_ADR_01_ASEReadCounter.table","NW_015090842.1:8990095",52,139,87
"CA5A","s954_F_ADR_01_ASEReadCounter.table","NW_015090842.1:8990111",55,143,88
"CA5A","s954_F_ADR_01_ASEReadCounter.table","NW_015090842.1:8990112",56,141,85
"CA5A","s954_F_ADR_01_ASEReadCounter.table","NW_015090842.1:8990115",66,146,80
"CA5A","s954_F_ADR_01_ASEReadCounter.table","NW_015090842.1:8990166",71,156,85
"CA5A","s954_F_ADR_01_ASEReadCounter.table","NW_015090842.1:8990169",77,158,81
"CA5A","s954_F_ADR_01_ASEReadCounter.table","NW_015090842.1:8990193",169,169,0
"CA5A","s954_F_ADR_01_ASEReadCounter.table","NW_015090842.1:8990222",74,154,80
"CA5A","s954_F_ADR_01_ASEReadCounter.table","NW_015090842.1:8990289",85,171,86
"CA5A","s954_F_ADR_01_ASEReadCounter.table","NW_015090842.1:8990314",85,170,85
"CA5A","s954_F_ADR_01_ASEReadCounter.table","NW_015090842.1:8990361",85,165,80
"CA5A","s954_F_ADR_01_ASEReadCounter.table","NW_015090842.1:8990368",84,161,77
"CA5A","s954_F_ADR_01_ASEReadCounter.table","NW_015090842.1:8990429",74,145,71
"CA5A","s954_F_ADR_01_ASEReadCounter.table","NW_015090842.1:8990466",72,134,62
"CA5A","s954_F_ADR_01_ASEReadCounter.table","NW_015090842.1:8990663",64,130,66
"CA5A","s954_F_ADR_01_ASEReadCounter.table","NW_015090842.1:8990797",64,117,53
"CA5A","s954_F_ADR_01_ASEReadCounter.table","NW_015090842.1:8990836",61,113,52
"CA5A","s954_F_ADR_01_ASEReadCounter.table","NW_015090842.1:8990842",61,112,51
"CA5A","s954_F_ADR_01_ASEReadCounter.table","NW_015090842.1:8990851",59,106,47
"CA5A","s954_F_ADR_01_ASEReadCounter.table","NW_015090842.1:8990918",71,128,57
"CA5A","s954_F_ADR_01_ASEReadCounter.table","NW_015090842.1:8990921",64,135,71
"CA5A","s954_F_ADR_01_ASEReadCounter.table","NW_015090842.1:8990942",84,149,65
"CA5A","s954_F_ADR_01_ASEReadCounter.table","NW_015090842.1:8991001",91,162,71
"CA5A","s954_F_ADR_01_ASEReadCounter.table","NW_015090842.1:8991038",77,140,63
"CA5A","s954_F_ADR_01_ASEReadCounter.table","NW_015090842.1:8991149",89,150,61
"CA5A","s954_F_ADR_01_ASEReadCounter.table","NW_015090842.1:8991176",82,141,59
"CA5A","s954_F_ADR_01_ASEReadCounter.table","NW_015090842.1:8991241",71,133,62
"CA5A","s954_F_ADR_01_ASEReadCounter.table","NW_015090842.1:8991262",72,127,55
"CA5A","s954_F_ADR_01_ASEReadCounter.table","NW_015090842.1:8991316",79,84,5
"CA5A","s954_F_ADR_01_ASEReadCounter.table","NW_015090842.1:8991319",71,76,5
"CA5A","s954_F_ADR_01_ASEReadCounter.table","NW_015090842.1:8991330",69,72,3
"CA5A","s954_F_ADR_01_ASEReadCounter.table","NW_015090842.1:8991334",72,76,4
"CA5A","s954_F_ADR_01_ASEReadCounter.table","NW_015090842.1:8991362",74,117,43
"CA5A","s954_F_ADR_01_ASEReadCounter.table","NW_015090842.1:8991368",74,118,44
"CA5A","s954_F_ADR_01_ASEReadCounter.table","NW_015090842.1:8991390",66,113,47
"CA5A","s954_F_ADR_01_ASEReadCounter.table","NW_015090842.1:8991395",66,115,49
"CA5A","s954_F_ADR_01_ASEReadCounter.table","NW_015090842.1:8991422",58,123,65
"CA5A","s954_F_ADR_01_ASEReadCounter.table","NW_015090842.1:8991467",62,119,57
"CA5A","s954_F_ADR_01_ASEReadCounter.table","NW_015090842.1:8991576",55,107,52
"CA5A","s954_F_ADR_01_ASEReadCounter.table","NW_015090842.1:8991587",68,132,64
"CA5A","s954_F_ADR_01_ASEReadCounter.table","NW_015090842.1:8991655",72,131,59
"CA5A","s954_F_ADR_01_ASEReadCounter.table","NW_015090842.1:8991717",60,109,49
"CA5A","s954_F_ADR_01_ASEReadCounter.table","NW_015090842.1:8991726",63,109,46
"CA5A","s954_F_ADR_01_ASEReadCounter.table","NW_015090842.1:8991799",60,112,52
"CA5A","s954_F_ADR_01_ASEReadCounter.table","NW_015090842.1:8991809",59,109,50
"CA5A","s954_F_ADR_01_ASEReadCounter.table","NW_015090842.1:8991848",57,114,57
"CA5A","s954_F_ADR_01_ASEReadCounter.table","NW_015090842.1:8991849",58,114,56
"CA5A","s954_F_ADR_01_ASEReadCounter.table","NW_015090842.1:8991927",61,117,56
"CA5A","s954_F_ADR_01_ASEReadCounter.table","NW_015090842.1:8991941",56,106,50
"CA5A","s954_F_ADR_01_ASEReadCounter.table","NW_015090842.1:8992121",35,88,53
"CA5A","s954_F_ADR_01_ASEReadCounter.table","NW_015090842.1:8992224",51,104,53
"CA5A","s954_F_ADR_01_ASEReadCounter.table","NW_015090842.1:9002570",36,70,34
"CA5A","s954_F_ADR_01_ASEReadCounter.table","NW_015090842.1:9002600",33,66,33
"CA5A","s954_F_ADR_01_ASEReadCounter.table","NW_015090842.1:9004312",21,51,30
"CA5A","s954_F_ADR_01_ASEReadCounter.table","NW_015090842.1:9004506",3,4,1
"CA5A","s954_F_ADR_01_ASEReadCounter.table","NW_015090842.1:9004523",3,4,1
"CA5A","s954_F_ADR_01_ASEReadCounter.table","NW_015090842.1:9004530",3,4,1
"CA5A","s954_F_ADR_01_ASEReadCounter.table","NW_015090842.1:9004556",2,3,1
"CA5A","s954_F_ADR_01_ASEReadCounter.table","NW_015090842.1:9005116",4,4,0
"CA5A","s954_F_ADR_01_ASEReadCounter.table","NW_015090842.1:9005120",4,4,0
"CA5A","s954_F_ADR_01_ASEReadCounter.table","NW_015090842.1:9005140",1,1,0
"CA5A","s954_F_ADR_01_ASEReadCounter.table","NW_015090842.1:9005152",1,1,0
"CA5A","s954_F_ADR_01_ASEReadCounter.table","NW_015090842.1:9011189",1,2,1
"CA5A","s954_F_ADR_01_ASEReadCounter.table","NW_015090842.1:9011194",1,2,1
"BANP","s954_F_ADR_01_ASEReadCounter.table","NW_015090842.1:9033407",10,17,7
"BANP","s954_F_ADR_01_ASEReadCounter.table","NW_015090842.1:9033409",10,17,7
"BANP","s954_F_ADR_01_ASEReadCounter.table","NW_015090842.1:9033420",13,26,13
"BANP","s954_F_ADR_01_ASEReadCounter.table","NW_015090842.1:9067974",0,24,24
"BANP","s954_F_ADR_01_ASEReadCounter.table","NW_015090842.1:9102510",22,60,38
"BANP","s954_F_ADR_01_ASEReadCounter.table","NW_015090842.1:9168534",16,55,39
"BANP","s954_F_ADR_01_ASEReadCounter.table","NW_015090842.1:9168818",26,59,33
"ZNF469","s954_F_ADR_01_ASEReadCounter.table","NW_015090842.1:9424301",0,1,1
"ZNF469","s954_F_ADR_01_ASEReadCounter.table","NW_015090842.1:9424333",0,1,1
"ZNF469","s954_F_ADR_01_ASEReadCounter.table","NW_015090842.1:9425089",1,2,1
"ZNF469","s954_F_ADR_01_ASEReadCounter.table","NW_015090842.1:9425108",1,2,1
"ZNF469","s954_F_ADR_01_ASEReadCounter.table","NW_015090842.1:9426367",5,6,1
"ZNF469","s954_F_ADR_01_ASEReadCounter.table","NW_015090842.1:9426420",9,10,1
"ZNF469","s954_F_ADR_01_ASEReadCounter.table","NW_015090842.1:9426585",2,3,1
"ZNF469","s954_F_ADR_01_ASEReadCounter.table","NW_015090842.1:9427067",7,8,1
"ZNF469","s954_F_ADR_01_ASEReadCounter.table","NW_015090842.1:9427614",1,3,2
"ZNF469","s954_F_ADR_01_ASEReadCounter.table","NW_015090842.1:9428122",5,6,1
"ZNF469","s954_F_ADR_01_ASEReadCounter.table","NW_015090842.1:9428178",4,6,2
"ZNF469","s954_F_ADR_01_ASEReadCounter.table","NW_015090842.1:9428419",1,5,4
"ZNF469","s954_F_ADR_01_ASEReadCounter.table","NW_015090842.1:9429633",3,4,1
"ZNF469","s954_F_ADR_01_ASEReadCounter.table","NW_015090842.1:9429758",0,1,1
"ZNF469","s954_F_ADR_01_ASEReadCounter.table","NW_015090842.1:9429759",0,1,1
"ZNF469","s954_F_ADR_01_ASEReadCounter.table","NW_015090842.1:9429794",2,2,0
"ZNF469","s954_F_ADR_01_ASEReadCounter.table","NW_015090842.1:9430560",3,5,2
"ZNF469","s954_F_ADR_01_ASEReadCounter.table","NW_015090842.1:9430668",2,3,1
"ZNF469","s954_F_ADR_01_ASEReadCounter.table","NW_015090842.1:9430700",4,7,3
"ZNF469","s954_F_ADR_01_ASEReadCounter.table","NW_015090842.1:9431031",2,5,3
"ZNF469","s954_F_ADR_01_ASEReadCounter.table","NW_015090842.1:9431073",4,6,2
"ZNF469","s954_F_ADR_01_ASEReadCounter.table","NW_015090842.1:9431091",3,5,2
"ZNF469","s954_F_ADR_01_ASEReadCounter.table","NW_015090842.1:9431150",3,5,2
"ZNF469","s954_F_ADR_01_ASEReadCounter.table","NW_015090842.1:9431162",2,4,2
"ZNF469","s954_F_ADR_01_ASEReadCounter.table","NW_015090842.1:9431214",0,2,2
"ZNF469","s954_F_ADR_01_ASEReadCounter.table","NW_015090842.1:9431317",3,4,1
"ZNF469","s954_F_ADR_01_ASEReadCounter.table","NW_015090842.1:9431325",3,4,1
"ZNF469","s954_F_ADR_01_ASEReadCounter.table","NW_015090842.1:9431700",6,6,0
"ZNF469","s954_F_ADR_01_ASEReadCounter.table","NW_015090842.1:9431901",3,5,2
"ZNF469","s954_F_ADR_01_ASEReadCounter.table","NW_015090842.1:9432110",3,8,5
"ZNF469","s954_F_ADR_01_ASEReadCounter.table","NW_015090842.1:9432302",3,7,4
"ZNF469","s954_F_ADR_01_ASEReadCounter.table","NW_015090842.1:9432361",6,9,3
"ZNF469","s954_F_ADR_01_ASEReadCounter.table","NW_015090842.1:9432374",6,9,3
"ZNF469","s954_F_ADR_01_ASEReadCounter.table","NW_015090842.1:9432382",7,10,3
"ZNF469","s954_F_ADR_01_ASEReadCounter.table","NW_015090842.1:9432481",6,8,2
"ZNF469","s954_F_ADR_01_ASEReadCounter.table","NW_015090842.1:9432498",4,6,2
"ZNF469","s954_F_ADR_01_ASEReadCounter.table","NW_015090842.1:9433268",8,10,2
"ZNF469","s954_F_ADR_01_ASEReadCounter.table","NW_015090842.1:9433678",4,5,1
"ZNF469","s954_F_ADR_01_ASEReadCounter.table","NW_015090842.1:9433902",6,7,1
"ZNF469","s954_F_ADR_01_ASEReadCounter.table","NW_015090842.1:9433980",5,7,2
"ZNF469","s954_F_ADR_01_ASEReadCounter.table","NW_015090842.1:9434259",6,8,2
"ZNF469","s954_F_ADR_01_ASEReadCounter.table","NW_015090842.1:9435221",10,17,7
"ZFPM1","s954_F_ADR_01_ASEReadCounter.table","NW_015090842.1:9458862",9,26,17
"ZFPM1","s954_F_ADR_01_ASEReadCounter.table","NW_015090842.1:9458888",16,48,32
"ZFPM1","s954_F_ADR_01_ASEReadCounter.table","NW_015090842.1:9458904",23,59,36
"ZFPM1","s954_F_ADR_01_ASEReadCounter.table","NW_015090842.1:9458916",24,59,35
"ZFPM1","s954_F_ADR_01_ASEReadCounter.table","NW_015090842.1:9468568",38,74,36
"ZFPM1","s954_F_ADR_01_ASEReadCounter.table","NW_015090842.1:9468593",40,77,37
"ZFPM1","s954_F_ADR_01_ASEReadCounter.table","NW_015090842.1:9471561",25,56,31
"ZFPM1","s954_F_ADR_01_ASEReadCounter.table","NW_015090842.1:9472557",18,50,32
"ZFPM1","s954_F_ADR_01_ASEReadCounter.table","NW_015090842.1:9472565",20,52,32
"ZFPM1","s954_F_ADR_01_ASEReadCounter.table","NW_015090842.1:9472608",37,68,31
"ZFPM1","s954_F_ADR_01_ASEReadCounter.table","NW_015090842.1:9472627",45,74,29
"ZFPM1","s954_F_ADR_01_ASEReadCounter.table","NW_015090842.1:9472668",52,84,32
"ZFPM1","s954_F_ADR_01_ASEReadCounter.table","NW_015090842.1:9473655",30,52,22
"ZFPM1","s954_F_ADR_01_ASEReadCounter.table","NW_015090842.1:9475827",37,82,45
"ZFPM1","s954_F_ADR_01_ASEReadCounter.table","NW_015090842.1:9475842",44,91,47
"ZFPM1","s954_F_ADR_01_ASEReadCounter.table","NW_015090842.1:9476119",32,57,25
"ZFPM1","s954_F_ADR_01_ASEReadCounter.table","NW_015090842.1:9476161",26,52,26
"ZFPM1","s954_F_ADR_01_ASEReadCounter.table","NW_015090842.1:9476219",17,39,22
"ZFPM1","s954_F_ADR_01_ASEReadCounter.table","NW_015090842.1:9476233",15,39,24
"ZFPM1","s954_F_ADR_01_ASEReadCounter.table","NW_015090842.1:9476305",27,58,31
"ZFPM1","s954_F_ADR_01_ASEReadCounter.table","NW_015090842.1:9476395",30,58,28
"ZFPM1","s954_F_ADR_01_ASEReadCounter.table","NW_015090842.1:9476421",37,73,36
"ZFPM1","s954_F_ADR_01_ASEReadCounter.table","NW_015090842.1:9476539",34,74,40
"ZFPM1","s954_F_ADR_01_ASEReadCounter.table","NW_015090842.1:9476576",33,65,32
"ZFPM1","s954_F_ADR_01_ASEReadCounter.table","NW_015090842.1:9476599",70,70,0
"ZFPM1","s954_F_ADR_01_ASEReadCounter.table","NW_015090842.1:9476792",33,75,42
"ZFPM1","s954_F_ADR_01_ASEReadCounter.table","NW_015090842.1:9476803",39,82,43
"ZFPM1","s954_F_ADR_01_ASEReadCounter.table","NW_015090842.1:9477115",19,50,31
"ZFPM1","s954_F_ADR_01_ASEReadCounter.table","NW_015090842.1:9477299",18,52,34
"ZFPM1","s954_F_ADR_01_ASEReadCounter.table","NW_015090842.1:9477398",53,53,0
"ZFPM1","s954_F_ADR_01_ASEReadCounter.table","NW_015090842.1:9477422",22,54,32
"ZFPM1","s954_F_ADR_01_ASEReadCounter.table","NW_015090842.1:9477554",23,64,41
"ZFPM1","s954_F_ADR_01_ASEReadCounter.table","NW_015090842.1:9477575",62,62,0
"ZFPM1","s954_F_ADR_01_ASEReadCounter.table","NW_015090842.1:9477595",25,58,33
"ZFPM1","s954_F_ADR_01_ASEReadCounter.table","NW_015090842.1:9477611",28,64,36
"ZFPM1","s954_F_ADR_01_ASEReadCounter.table","NW_015090842.1:9477659",26,58,32
"ZFPM1","s954_F_ADR_01_ASEReadCounter.table","NW_015090842.1:9477737",26,62,36
"ZFPM1","s954_F_ADR_01_ASEReadCounter.table","NW_015090842.1:9477791",19,46,27
"ZFPM1","s954_F_ADR_01_ASEReadCounter.table","NW_015090842.1:9477844",19,39,20
"ZFPM1","s954_F_ADR_01_ASEReadCounter.table","NW_015090842.1:9477917",23,53,30
"ZFPM1","s954_F_ADR_01_ASEReadCounter.table","NW_015090842.1:9478295",30,70,40
"ZFPM1","s954_F_ADR_01_ASEReadCounter.table","NW_015090842.1:9478349",23,57,34
"ZFPM1","s954_F_ADR_01_ASEReadCounter.table","NW_015090842.1:9478524",19,58,39
"ZFPM1","s954_F_ADR_01_ASEReadCounter.table","NW_015090842.1:9478546",19,57,38
"ZFPM1","s954_F_ADR_01_ASEReadCounter.table","NW_015090842.1:9478573",19,55,36
"ZFPM1","s954_F_ADR_01_ASEReadCounter.table","NW_015090842.1:9478582",13,41,28
"ZFPM1","s954_F_ADR_01_ASEReadCounter.table","NW_015090842.1:9478684",8,18,10
"ZFPM1","s954_F_ADR_01_ASEReadCounter.table","NW_015090842.1:9478711",9,18,9
"ZFPM1","s954_F_ADR_01_ASEReadCounter.table","NW_015090842.1:9478761",11,24,13
"ZFPM1","s954_F_ADR_01_ASEReadCounter.table","NW_015090842.1:9478829",12,12,0
"CIDEC","s954_F_ADR_01_ASEReadCounter.table","NW_015090842.1:9480170",1,1,0
"CIDEC","s954_F_ADR_01_ASEReadCounter.table","NW_015090842.1:9480171",1,1,0
"CIDEC","s954_F_ADR_01_ASEReadCounter.table","NW_015090842.1:9480212",1,1,0
"CIDEC","s954_F_ADR_01_ASEReadCounter.table","NW_015090842.1:9480252",2,2,0
"CIDEC","s954_F_ADR_01_ASEReadCounter.table","NW_015090842.1:9480391",3,3,0
"CIDEC","s954_F_ADR_01_ASEReadCounter.table","NW_015090842.1:9480394",3,3,0
"CIDEC","s954_F_ADR_01_ASEReadCounter.table","NW_015090842.1:9480630",3,4,1
"CIDEC","s954_F_ADR_01_ASEReadCounter.table","NW_015090842.1:9480675",4,5,1
"CIDEC","s954_F_ADR_01_ASEReadCounter.table","NW_015090842.1:9480686",4,5,1
"CIDEC","s954_F_ADR_01_ASEReadCounter.table","NW_015090842.1:9480693",4,5,1
"CIDEC","s954_F_ADR_01_ASEReadCounter.table","NW_015090842.1:9480756",2,2,0
"CIDEC","s954_F_ADR_01_ASEReadCounter.table","NW_015090842.1:9481199",2,2,0
"CIDEC","s954_F_ADR_01_ASEReadCounter.table","NW_015090842.1:9481604",2,3,1
"ZC3H18","s954_F_ADR_01_ASEReadCounter.table","NW_015090842.1:9494271",7,18,11
"ZC3H18","s954_F_ADR_01_ASEReadCounter.table","NW_015090842.1:9501427",32,69,37
"ZC3H18","s954_F_ADR_01_ASEReadCounter.table","NW_015090842.1:9501442",25,64,39
"ZC3H18","s954_F_ADR_01_ASEReadCounter.table","NW_015090842.1:9505538",18,48,30
"ZC3H18","s954_F_ADR_01_ASEReadCounter.table","NW_015090842.1:9506778",30,66,36
"ZC3H18","s954_F_ADR_01_ASEReadCounter.table","NW_015090842.1:9522538",28,63,35
"ZC3H18","s954_F_ADR_01_ASEReadCounter.table","NW_015090842.1:9524350",30,66,36
"ZC3H18","s954_F_ADR_01_ASEReadCounter.table","NW_015090842.1:9524366",31,68,37
"ZC3H18","s954_F_ADR_01_ASEReadCounter.table","NW_015090842.1:9524424",27,59,32
"ZC3H18","s954_F_ADR_01_ASEReadCounter.table","NW_015090842.1:9529649",31,62,31
"ZC3H18","s954_F_ADR_01_ASEReadCounter.table","NW_015090842.1:9529688",34,59,25
"ZC3H18","s954_F_ADR_01_ASEReadCounter.table","NW_015090842.1:9529691",35,57,22
"ZC3H18","s954_F_ADR_01_ASEReadCounter.table","NW_015090842.1:9530977",35,66,31
"ZC3H18","s954_F_ADR_01_ASEReadCounter.table","NW_015090842.1:9536699",0,31,31
"CYBA","s954_F_ADR_01_ASEReadCounter.table","NW_015090842.1:9547281",107,179,72
"CYBA","s954_F_ADR_01_ASEReadCounter.table","NW_015090842.1:9547402",286,553,267
"CYBA","s954_F_ADR_01_ASEReadCounter.table","NW_015090842.1:9547553",155,429,274
"CYBA","s954_F_ADR_01_ASEReadCounter.table","NW_015090842.1:9548052",156,300,144
"CYBA","s954_F_ADR_01_ASEReadCounter.table","NW_015090842.1:9548436",274,478,204
"CYBA","s954_F_ADR_01_ASEReadCounter.table","NW_015090842.1:9548442",273,487,214
"CYBA","s954_F_ADR_01_ASEReadCounter.table","NW_015090842.1:9548478",326,529,203
"CYBA","s954_F_ADR_01_ASEReadCounter.table","NW_015090842.1:9548487",305,499,194
"CYBA","s954_F_ADR_01_ASEReadCounter.table","NW_015090842.1:9548490",299,484,185
"CYBA","s954_F_ADR_01_ASEReadCounter.table","NW_015090842.1:9548717",290,466,176
"CYBA","s954_F_ADR_01_ASEReadCounter.table","NW_015090842.1:9548750",215,371,156
"CYBA","s954_F_ADR_01_ASEReadCounter.table","NW_015090842.1:9548766",125,250,125
"MVD","s954_F_ADR_01_ASEReadCounter.table","NW_015090842.1:9550678",300,512,212
"MVD","s954_F_ADR_01_ASEReadCounter.table","NW_015090842.1:9550690",332,611,279
"MVD","s954_F_ADR_01_ASEReadCounter.table","NW_015090842.1:9550691",334,611,277
"MVD","s954_F_ADR_01_ASEReadCounter.table","NW_015090842.1:9550699",404,750,346
"MVD","s954_F_ADR_01_ASEReadCounter.table","NW_015090842.1:9550719",409,726,317
"MVD","s954_F_ADR_01_ASEReadCounter.table","NW_015090842.1:9551596",691,1381,690
"MVD","s954_F_ADR_01_ASEReadCounter.table","NW_015090842.1:9551638",721,1550,829
"MVD","s954_F_ADR_01_ASEReadCounter.table","NW_015090842.1:9551899",1,56,55
"MVD","s954_F_ADR_01_ASEReadCounter.table","NW_015090842.1:9551927",0,1,1
"MVD","s954_F_ADR_01_ASEReadCounter.table","NW_015090842.1:9551930",0,1,1
"MVD","s954_F_ADR_01_ASEReadCounter.table","NW_015090842.1:9552193",616,1303,687
"MVD","s954_F_ADR_01_ASEReadCounter.table","NW_015090842.1:9552202",613,1297,684
"MVD","s954_F_ADR_01_ASEReadCounter.table","NW_015090842.1:9552208",618,1273,655
"MVD","s954_F_ADR_01_ASEReadCounter.table","NW_015090842.1:9552625",412,837,425
"MVD","s954_F_ADR_01_ASEReadCounter.table","NW_015090842.1:9552629",818,819,1
"MVD","s954_F_ADR_01_ASEReadCounter.table","NW_015090842.1:9552644",395,821,426
"MVD","s954_F_ADR_01_ASEReadCounter.table","NW_015090842.1:9553093",434,923,489
"MVD","s954_F_ADR_01_ASEReadCounter.table","NW_015090842.1:9553114",455,953,498
"RNF166","s954_F_ADR_01_ASEReadCounter.table","NW_015090842.1:9557900",62,149,87
"RNF166","s954_F_ADR_01_ASEReadCounter.table","NW_015090842.1:9558048",64,140,76
"RNF166","s954_F_ADR_01_ASEReadCounter.table","NW_015090842.1:9558116",72,146,74
"RNF166","s954_F_ADR_01_ASEReadCounter.table","NW_015090842.1:9558308",77,172,95
"RNF166","s954_F_ADR_01_ASEReadCounter.table","NW_015090842.1:9558405",53,121,68
"RNF166","s954_F_ADR_01_ASEReadCounter.table","NW_015090842.1:9558549",82,167,85
"RNF166","s954_F_ADR_01_ASEReadCounter.table","NW_015090842.1:9558556",74,161,87
"RNF166","s954_F_ADR_01_ASEReadCounter.table","NW_015090842.1:9558579",69,149,80
"RNF166","s954_F_ADR_01_ASEReadCounter.table","NW_015090842.1:9558599",73,151,78
"RNF166","s954_F_ADR_01_ASEReadCounter.table","NW_015090842.1:9558688",61,143,82
"RNF166","s954_F_ADR_01_ASEReadCounter.table","NW_015090842.1:9558711",62,141,79
"RNF166","s954_F_ADR_01_ASEReadCounter.table","NW_015090842.1:9558733",58,138,80
"RNF166","s954_F_ADR_01_ASEReadCounter.table","NW_015090842.1:9558847",56,127,71
"RNF166","s954_F_ADR_01_ASEReadCounter.table","NW_015090842.1:9559798",69,138,69
"RNF166","s954_F_ADR_01_ASEReadCounter.table","NW_015090842.1:9560575",92,183,91
"RNF166","s954_F_ADR_01_ASEReadCounter.table","NW_015090842.1:9561055",81,162,81
"RNF166","s954_F_ADR_01_ASEReadCounter.table","NW_015090842.1:9562458",65,116,51
"RNF166","s954_F_ADR_01_ASEReadCounter.table","NW_015090842.1:9562497",61,107,46
"RNF166","s954_F_ADR_01_ASEReadCounter.table","NW_015090842.1:9562539",56,92,36
"RNF166","s954_F_ADR_01_ASEReadCounter.table","NW_015090842.1:9564056",57,99,42
"CTU2","s954_F_ADR_01_ASEReadCounter.table","NW_015090842.1:9565149",30,51,21
"CTU2","s954_F_ADR_01_ASEReadCounter.table","NW_015090842.1:9565193",25,54,29
"CTU2","s954_F_ADR_01_ASEReadCounter.table","NW_015090842.1:9565300",24,61,37
"CTU2","s954_F_ADR_01_ASEReadCounter.table","NW_015090842.1:9565321",29,65,36
"CTU2","s954_F_ADR_01_ASEReadCounter.table","NW_015090842.1:9565721",30,67,37
"CTU2","s954_F_ADR_01_ASEReadCounter.table","NW_015090842.1:9565739",33,67,34
"CTU2","s954_F_ADR_01_ASEReadCounter.table","NW_015090842.1:9565905",45,67,22
"CTU2","s954_F_ADR_01_ASEReadCounter.table","NW_015090842.1:9566013",60,60,0
"CTU2","s954_F_ADR_01_ASEReadCounter.table","NW_015090842.1:9566055",40,72,32
"CTU2","s954_F_ADR_01_ASEReadCounter.table","NW_015090842.1:9566056",40,71,31
"CTU2","s954_F_ADR_01_ASEReadCounter.table","NW_015090842.1:9566151",25,46,21
"CTU2","s954_F_ADR_01_ASEReadCounter.table","NW_015090842.1:9566300",31,61,30
"CTU2","s954_F_ADR_01_ASEReadCounter.table","NW_015090842.1:9566342",39,67,28
"CTU2","s954_F_ADR_01_ASEReadCounter.table","NW_015090842.1:9566548",53,87,34
"CTU2","s954_F_ADR_01_ASEReadCounter.table","NW_015090842.1:9566625",44,81,37
"CTU2","s954_F_ADR_01_ASEReadCounter.table","NW_015090842.1:9566633",48,84,36
"CTU2","s954_F_ADR_01_ASEReadCounter.table","NW_015090842.1:9566807",41,73,32
"CTU2","s954_F_ADR_01_ASEReadCounter.table","NW_015090842.1:9567139",44,66,22
"CTU2","s954_F_ADR_01_ASEReadCounter.table","NW_015090842.1:9567156",42,66,24
"CTU2","s954_F_ADR_01_ASEReadCounter.table","NW_015090842.1:9567614",32,68,36
"CTU2","s954_F_ADR_01_ASEReadCounter.table","NW_015090842.1:9567677",32,73,41
"CTU2","s954_F_ADR_01_ASEReadCounter.table","NW_015090842.1:9567747",29,72,43
"CTU2","s954_F_ADR_01_ASEReadCounter.table","NW_015090842.1:9567828",18,41,23
"CTU2","s954_F_ADR_01_ASEReadCounter.table","NW_015090842.1:9567829",17,40,23
"CTU2","s954_F_ADR_01_ASEReadCounter.table","NW_015090842.1:9567885",15,39,24
"PIEZO1","s954_F_ADR_01_ASEReadCounter.table","NW_015090842.1:9568093",17,40,23
"PIEZO1","s954_F_ADR_01_ASEReadCounter.table","NW_015090842.1:9568672",33,72,39
"PIEZO1","s954_F_ADR_01_ASEReadCounter.table","NW_015090842.1:9568948",30,64,34
"PIEZO1","s954_F_ADR_01_ASEReadCounter.table","NW_015090842.1:9568987",53,53,0
"PIEZO1","s954_F_ADR_01_ASEReadCounter.table","NW_015090842.1:9569040",20,50,30
"PIEZO1","s954_F_ADR_01_ASEReadCounter.table","NW_015090842.1:9569180",22,52,30
"PIEZO1","s954_F_ADR_01_ASEReadCounter.table","NW_015090842.1:9569192",27,60,33
"PIEZO1","s954_F_ADR_01_ASEReadCounter.table","NW_015090842.1:9570088",21,41,20
"PIEZO1","s954_F_ADR_01_ASEReadCounter.table","NW_015090842.1:9570480",18,37,19
"PIEZO1","s954_F_ADR_01_ASEReadCounter.table","NW_015090842.1:9570639",11,29,18
"PIEZO1","s954_F_ADR_01_ASEReadCounter.table","NW_015090842.1:9571847",17,31,14
"PIEZO1","s954_F_ADR_01_ASEReadCounter.table","NW_015090842.1:9572371",11,30,19
"PIEZO1","s954_F_ADR_01_ASEReadCounter.table","NW_015090842.1:9572638",12,23,11
"PIEZO1","s954_F_ADR_01_ASEReadCounter.table","NW_015090842.1:9573156",11,38,27
"PIEZO1","s954_F_ADR_01_ASEReadCounter.table","NW_015090842.1:9573280",21,40,19
"PIEZO1","s954_F_ADR_01_ASEReadCounter.table","NW_015090842.1:9573566",19,40,21
"PIEZO1","s954_F_ADR_01_ASEReadCounter.table","NW_015090842.1:9575341",11,24,13
"PIEZO1","s954_F_ADR_01_ASEReadCounter.table","NW_015090842.1:9575367",12,23,11
"PIEZO1","s954_F_ADR_01_ASEReadCounter.table","NW_015090842.1:9575645",12,23,11
"PIEZO1","s954_F_ADR_01_ASEReadCounter.table","NW_015090842.1:9575696",12,29,17
"PIEZO1","s954_F_ADR_01_ASEReadCounter.table","NW_015090842.1:9575897",13,27,14
"PIEZO1","s954_F_ADR_01_ASEReadCounter.table","NW_015090842.1:9576060",9,19,10
"PIEZO1","s954_F_ADR_01_ASEReadCounter.table","NW_015090842.1:9576087",6,24,18
"PIEZO1","s954_F_ADR_01_ASEReadCounter.table","NW_015090842.1:9576093",8,30,22
"PIEZO1","s954_F_ADR_01_ASEReadCounter.table","NW_015090842.1:9576120",9,27,18
"PIEZO1","s954_F_ADR_01_ASEReadCounter.table","NW_015090842.1:9576687",12,34,22
"PIEZO1","s954_F_ADR_01_ASEReadCounter.table","NW_015090842.1:9576710",33,33,0
"PIEZO1","s954_F_ADR_01_ASEReadCounter.table","NW_015090842.1:9576723",16,38,22
"PIEZO1","s954_F_ADR_01_ASEReadCounter.table","NW_015090842.1:9578268",15,28,13
"PIEZO1","s954_F_ADR_01_ASEReadCounter.table","NW_015090842.1:9578770",16,25,9
"PIEZO1","s954_F_ADR_01_ASEReadCounter.table","NW_015090842.1:9578806",13,26,13
"PIEZO1","s954_F_ADR_01_ASEReadCounter.table","NW_015090842.1:9579064",8,16,8
"PIEZO1","s954_F_ADR_01_ASEReadCounter.table","NW_015090842.1:9579065",8,17,9
"PIEZO1","s954_F_ADR_01_ASEReadCounter.table","NW_015090842.1:9579347",5,14,9
"PIEZO1","s954_F_ADR_01_ASEReadCounter.table","NW_015090842.1:9580765",7,18,11
"PIEZO1","s954_F_ADR_01_ASEReadCounter.table","NW_015090842.1:9580996",8,20,12
"PIEZO1","s954_F_ADR_01_ASEReadCounter.table","NW_015090842.1:9581101",6,12,6
"PIEZO1","s954_F_ADR_01_ASEReadCounter.table","NW_015090842.1:9581299",6,10,4
"PIEZO1","s954_F_ADR_01_ASEReadCounter.table","NW_015090842.1:9581875",7,15,8
"PIEZO1","s954_F_ADR_01_ASEReadCounter.table","NW_015090842.1:9582046",6,12,6
"PIEZO1","s954_F_ADR_01_ASEReadCounter.table","NW_015090842.1:9582961",8,14,6
"PIEZO1","s954_F_ADR_01_ASEReadCounter.table","NW_015090842.1:9583298",8,16,8
"PIEZO1","s954_F_ADR_01_ASEReadCounter.table","NW_015090842.1:9584337",9,14,5
"PIEZO1","s954_F_ADR_01_ASEReadCounter.table","NW_015090842.1:9584425",5,8,3
"PIEZO1","s954_F_ADR_01_ASEReadCounter.table","NW_015090842.1:9584435",7,10,3
"PIEZO1","s954_F_ADR_01_ASEReadCounter.table","NW_015090842.1:9584438",6,9,3
"PIEZO1","s954_F_ADR_01_ASEReadCounter.table","NW_015090842.1:9584441",6,9,3
"CDT1","s954_F_ADR_01_ASEReadCounter.table","NW_015090842.1:9596596",1,4,3
"CDT1","s954_F_ADR_01_ASEReadCounter.table","NW_015090842.1:9596766",5,9,4
"CDT1","s954_F_ADR_01_ASEReadCounter.table","NW_015090842.1:9597054",18,28,10
"CDT1","s954_F_ADR_01_ASEReadCounter.table","NW_015090842.1:9597074",18,24,6
"CDT1","s954_F_ADR_01_ASEReadCounter.table","NW_015090842.1:9597137",22,26,4
"CDT1","s954_F_ADR_01_ASEReadCounter.table","NW_015090842.1:9597756",13,21,8
"CDT1","s954_F_ADR_01_ASEReadCounter.table","NW_015090842.1:9597766",12,22,10
"CDT1","s954_F_ADR_01_ASEReadCounter.table","NW_015090842.1:9598496",21,41,20
"CDT1","s954_F_ADR_01_ASEReadCounter.table","NW_015090842.1:9598498",21,42,21
"CDT1","s954_F_ADR_01_ASEReadCounter.table","NW_015090842.1:9598816",16,28,12
"CDT1","s954_F_ADR_01_ASEReadCounter.table","NW_015090842.1:9598879",17,26,9
"CDT1","s954_F_ADR_01_ASEReadCounter.table","NW_015090842.1:9598912",23,34,11
"CDT1","s954_F_ADR_01_ASEReadCounter.table","NW_015090842.1:9598959",17,29,12
"CDT1","s954_F_ADR_01_ASEReadCounter.table","NW_015090842.1:9599807",17,34,17
"CDT1","s954_F_ADR_01_ASEReadCounter.table","NW_015090842.1:9599819",17,33,16
"CDT1","s954_F_ADR_01_ASEReadCounter.table","NW_015090842.1:9599845",19,36,17
"CDT1","s954_F_ADR_01_ASEReadCounter.table","NW_015090842.1:9600148",23,48,25
"CDT1","s954_F_ADR_01_ASEReadCounter.table","NW_015090842.1:9600151",22,48,26
"CDT1","s954_F_ADR_01_ASEReadCounter.table","NW_015090842.1:9600217",16,33,17
"CDT1","s954_F_ADR_01_ASEReadCounter.table","NW_015090842.1:9600226",16,32,16
"CDT1","s954_F_ADR_01_ASEReadCounter.table","NW_015090842.1:9600260",24,40,16
"CDT1","s954_F_ADR_01_ASEReadCounter.table","NW_015090842.1:9600268",26,41,15
"CDT1","s954_F_ADR_01_ASEReadCounter.table","NW_015090842.1:9600305",22,39,17
"CDT1","s954_F_ADR_01_ASEReadCounter.table","NW_015090842.1:9600397",15,27,12
"CDT1","s954_F_ADR_01_ASEReadCounter.table","NW_015090842.1:9600447",17,28,11
"CDT1","s954_F_ADR_01_ASEReadCounter.table","NW_015090842.1:9600450",17,28,11
"CDT1","s954_F_ADR_01_ASEReadCounter.table","NW_015090842.1:9600485",17,30,13
"CDT1","s954_F_ADR_01_ASEReadCounter.table","NW_015090842.1:9600579",13,26,13
"APRT","s954_F_ADR_01_ASEReadCounter.table","NW_015090842.1:9602308",34,73,39
"APRT","s954_F_ADR_01_ASEReadCounter.table","NW_015090842.1:9602440",39,132,93
"APRT","s954_F_ADR_01_ASEReadCounter.table","NW_015090842.1:9602449",42,140,98
"APRT","s954_F_ADR_01_ASEReadCounter.table","NW_015090842.1:9602451",41,143,102
"APRT","s954_F_ADR_01_ASEReadCounter.table","NW_015090842.1:9602455",39,140,101
"APRT","s954_F_ADR_01_ASEReadCounter.table","NW_015090842.1:9602462",42,147,105
"APRT","s954_F_ADR_01_ASEReadCounter.table","NW_015090842.1:9602507",33,137,104
"APRT","s954_F_ADR_01_ASEReadCounter.table","NW_015090842.1:9602514",41,155,114
"APRT","s954_F_ADR_01_ASEReadCounter.table","NW_015090842.1:9602530",42,139,97
"APRT","s954_F_ADR_01_ASEReadCounter.table","NW_015090842.1:9602582",38,135,97
"APRT","s954_F_ADR_01_ASEReadCounter.table","NW_015090842.1:9602583",38,135,97
"APRT","s954_F_ADR_01_ASEReadCounter.table","NW_015090842.1:9602650",47,138,91
"APRT","s954_F_ADR_01_ASEReadCounter.table","NW_015090842.1:9602655",47,135,88
"APRT","s954_F_ADR_01_ASEReadCounter.table","NW_015090842.1:9602712",44,146,102
"APRT","s954_F_ADR_01_ASEReadCounter.table","NW_015090842.1:9602764",48,147,99
"APRT","s954_F_ADR_01_ASEReadCounter.table","NW_015090842.1:9602821",43,141,98
"APRT","s954_F_ADR_01_ASEReadCounter.table","NW_015090842.1:9602867",55,141,86
"APRT","s954_F_ADR_01_ASEReadCounter.table","NW_015090842.1:9602883",57,145,88
"APRT","s954_F_ADR_01_ASEReadCounter.table","NW_015090842.1:9602886",61,150,89
"APRT","s954_F_ADR_01_ASEReadCounter.table","NW_015090842.1:9602948",55,134,79
"APRT","s954_F_ADR_01_ASEReadCounter.table","NW_015090842.1:9602958",58,145,87
"APRT","s954_F_ADR_01_ASEReadCounter.table","NW_015090842.1:9603020",79,197,118
"APRT","s954_F_ADR_01_ASEReadCounter.table","NW_015090842.1:9603025",83,203,120
"APRT","s954_F_ADR_01_ASEReadCounter.table","NW_015090842.1:9603154",67,155,88
"APRT","s954_F_ADR_01_ASEReadCounter.table","NW_015090842.1:9603166",72,164,92
"APRT","s954_F_ADR_01_ASEReadCounter.table","NW_015090842.1:9603326",76,173,97
"APRT","s954_F_ADR_01_ASEReadCounter.table","NW_015090842.1:9603419",71,173,102
"APRT","s954_F_ADR_01_ASEReadCounter.table","NW_015090842.1:9603420",72,174,102
"APRT","s954_F_ADR_01_ASEReadCounter.table","NW_015090842.1:9603464",59,119,60
"APRT","s954_F_ADR_01_ASEReadCounter.table","NW_015090842.1:9603528",66,137,71
"APRT","s954_F_ADR_01_ASEReadCounter.table","NW_015090842.1:9603607",53,126,73
"APRT","s954_F_ADR_01_ASEReadCounter.table","NW_015090842.1:9603622",51,117,66
"APRT","s954_F_ADR_01_ASEReadCounter.table","NW_015090842.1:9604361",41,118,77
"APRT","s954_F_ADR_01_ASEReadCounter.table","NW_015090842.1:9605317",37,105,68
"APRT","s954_F_ADR_01_ASEReadCounter.table","NW_015090842.1:9605336",33,98,65
"GALNS","s954_F_ADR_01_ASEReadCounter.table","NW_015090842.1:9612872",9,16,7
"GALNS","s954_F_ADR_01_ASEReadCounter.table","NW_015090842.1:9612873",6,13,7
"GALNS","s954_F_ADR_01_ASEReadCounter.table","NW_015090842.1:9612877",5,11,6
"GALNS","s954_F_ADR_01_ASEReadCounter.table","NW_015090842.1:9612942",11,28,17
"GALNS","s954_F_ADR_01_ASEReadCounter.table","NW_015090842.1:9612987",22,22,0
"GALNS","s954_F_ADR_01_ASEReadCounter.table","NW_015090842.1:9613064",13,31,18
"GALNS","s954_F_ADR_01_ASEReadCounter.table","NW_015090842.1:9613096",26,50,24
"GALNS","s954_F_ADR_01_ASEReadCounter.table","NW_015090842.1:9613123",24,45,21
"GALNS","s954_F_ADR_01_ASEReadCounter.table","NW_015090842.1:9613125",24,43,19
"GALNS","s954_F_ADR_01_ASEReadCounter.table","NW_015090842.1:9613193",32,50,18
"GALNS","s954_F_ADR_01_ASEReadCounter.table","NW_015090842.1:9613226",30,48,18
"GALNS","s954_F_ADR_01_ASEReadCounter.table","NW_015090842.1:9613249",28,52,24
"GALNS","s954_F_ADR_01_ASEReadCounter.table","NW_015090842.1:9613256",31,56,25
"GALNS","s954_F_ADR_01_ASEReadCounter.table","NW_015090842.1:9613317",21,41,20
"GALNS","s954_F_ADR_01_ASEReadCounter.table","NW_015090842.1:9613343",24,39,15
"GALNS","s954_F_ADR_01_ASEReadCounter.table","NW_015090842.1:9613344",24,39,15
"GALNS","s954_F_ADR_01_ASEReadCounter.table","NW_015090842.1:9613371",25,45,20
"GALNS","s954_F_ADR_01_ASEReadCounter.table","NW_015090842.1:9613378",23,45,22
"GALNS","s954_F_ADR_01_ASEReadCounter.table","NW_015090842.1:9613379",23,47,24
"GALNS","s954_F_ADR_01_ASEReadCounter.table","NW_015090842.1:9613516",22,51,29
"GALNS","s954_F_ADR_01_ASEReadCounter.table","NW_015090842.1:9613572",31,65,34
"GALNS","s954_F_ADR_01_ASEReadCounter.table","NW_015090842.1:9613597",26,56,30
"GALNS","s954_F_ADR_01_ASEReadCounter.table","NW_015090842.1:9613627",13,33,20
"GALNS","s954_F_ADR_01_ASEReadCounter.table","NW_015090842.1:9613640",14,34,20
"GALNS","s954_F_ADR_01_ASEReadCounter.table","NW_015090842.1:9614025",22,58,36
"GALNS","s954_F_ADR_01_ASEReadCounter.table","NW_015090842.1:9614169",26,57,31
"GALNS","s954_F_ADR_01_ASEReadCounter.table","NW_015090842.1:9614232",52,52,0
"GALNS","s954_F_ADR_01_ASEReadCounter.table","NW_015090842.1:9614667",26,47,21
"GALNS","s954_F_ADR_01_ASEReadCounter.table","NW_015090842.1:9614709",38,66,28
"GALNS","s954_F_ADR_01_ASEReadCounter.table","NW_015090842.1:9614880",23,40,17
"GALNS","s954_F_ADR_01_ASEReadCounter.table","NW_015090842.1:9614902",18,38,20
"GALNS","s954_F_ADR_01_ASEReadCounter.table","NW_015090842.1:9614960",17,33,16
"GALNS","s954_F_ADR_01_ASEReadCounter.table","NW_015090842.1:9615114",23,57,34
"GALNS","s954_F_ADR_01_ASEReadCounter.table","NW_015090842.1:9615199",30,54,24
"GALNS","s954_F_ADR_01_ASEReadCounter.table","NW_015090842.1:9615217",19,40,21
"GALNS","s954_F_ADR_01_ASEReadCounter.table","NW_015090842.1:9615277",9,33,24
"GALNS","s954_F_ADR_01_ASEReadCounter.table","NW_015090842.1:9615377",25,50,25
"GALNS","s954_F_ADR_01_ASEReadCounter.table","NW_015090842.1:9647858",22,44,22
"GALNS","s954_F_ADR_01_ASEReadCounter.table","NW_015090842.1:9649186",38,58,20
"GALNS","s954_F_ADR_01_ASEReadCounter.table","NW_015090842.1:9649237",26,43,17
"GALNS","s954_F_ADR_01_ASEReadCounter.table","NW_015090842.1:9661193",7,21,14
"TRAPPC2L","s954_F_ADR_01_ASEReadCounter.table","NW_015090842.1:9662951",99,196,97
"TRAPPC2L","s954_F_ADR_01_ASEReadCounter.table","NW_015090842.1:9663014",85,169,84
"TRAPPC2L","s954_F_ADR_01_ASEReadCounter.table","NW_015090842.1:9664305",144,144,0
"TRAPPC2L","s954_F_ADR_01_ASEReadCounter.table","NW_015090842.1:9665155",55,125,70
"TRAPPC2L","s954_F_ADR_01_ASEReadCounter.table","NW_015090842.1:9665211",17,41,24
"CBFA2T3","s954_F_ADR_01_ASEReadCounter.table","NW_015090842.1:9709469",0,14,14
"CBFA2T3","s954_F_ADR_01_ASEReadCounter.table","NW_015090842.1:9709475",0,17,17
"CBFA2T3","s954_F_ADR_01_ASEReadCounter.table","NW_015090842.1:9711845",0,4,4
"CBFA2T3","s954_F_ADR_01_ASEReadCounter.table","NW_015090842.1:9712157",0,6,6
"CBFA2T3","s954_F_ADR_01_ASEReadCounter.table","NW_015090842.1:9712160",0,6,6
"CBFA2T3","s954_F_ADR_01_ASEReadCounter.table","NW_015090842.1:9712166",0,6,6
"CBFA2T3","s954_F_ADR_01_ASEReadCounter.table","NW_015090842.1:9712536",2,6,4
"CBFA2T3","s954_F_ADR_01_ASEReadCounter.table","NW_015090842.1:9712673",3,13,10
"CBFA2T3","s954_F_ADR_01_ASEReadCounter.table","NW_015090842.1:9712787",9,21,12
"CBFA2T3","s954_F_ADR_01_ASEReadCounter.table","NW_015090842.1:9712791",8,21,13
"CBFA2T3","s954_F_ADR_01_ASEReadCounter.table","NW_015090842.1:9712805",7,21,14
"CBFA2T3","s954_F_ADR_01_ASEReadCounter.table","NW_015090842.1:9712811",7,21,14
"CBFA2T3","s954_F_ADR_01_ASEReadCounter.table","NW_015090842.1:9712848",9,22,13
"CBFA2T3","s954_F_ADR_01_ASEReadCounter.table","NW_015090842.1:9713088",7,18,11
"CBFA2T3","s954_F_ADR_01_ASEReadCounter.table","NW_015090842.1:9713121",11,26,15
"CBFA2T3","s954_F_ADR_01_ASEReadCounter.table","NW_015090842.1:9717058",13,28,15
"CBFA2T3","s954_F_ADR_01_ASEReadCounter.table","NW_015090842.1:9717093",18,33,15
"CBFA2T3","s954_F_ADR_01_ASEReadCounter.table","NW_015090842.1:9717114",16,29,13
"CBFA2T3","s954_F_ADR_01_ASEReadCounter.table","NW_015090842.1:9717139",15,26,11
"CBFA2T3","s954_F_ADR_01_ASEReadCounter.table","NW_015090842.1:9719788",9,19,10
"CBFA2T3","s954_F_ADR_01_ASEReadCounter.table","NW_015090842.1:9728475",4,8,4
"CBFA2T3","s954_F_ADR_01_ASEReadCounter.table","NW_015090842.1:9728522",5,6,1
"CBFA2T3","s954_F_ADR_01_ASEReadCounter.table","NW_015090842.1:9728525",5,6,1
"CBFA2T3","s954_F_ADR_01_ASEReadCounter.table","NW_015090842.1:9728588",0,3,3
"CBFA2T3","s954_F_ADR_01_ASEReadCounter.table","NW_015090842.1:9728601",0,3,3
"CBFA2T3","s954_F_ADR_01_ASEReadCounter.table","NW_015090842.1:9728611",0,3,3
"CBFA2T3","s954_F_ADR_01_ASEReadCounter.table","NW_015090842.1:9728654",3,4,1
"ACSF3","s954_F_ADR_01_ASEReadCounter.table","NW_015090842.1:9773379",1,1,0
"ACSF3","s954_F_ADR_01_ASEReadCounter.table","NW_015090842.1:9773382",1,2,1
"ACSF3","s954_F_ADR_01_ASEReadCounter.table","NW_015090842.1:9773384",1,2,1
"ACSF3","s954_F_ADR_01_ASEReadCounter.table","NW_015090842.1:9773388",1,3,2
"ACSF3","s954_F_ADR_01_ASEReadCounter.table","NW_015090842.1:9776753",24,51,27
"ACSF3","s954_F_ADR_01_ASEReadCounter.table","NW_015090842.1:9776783",28,60,32
"ACSF3","s954_F_ADR_01_ASEReadCounter.table","NW_015090842.1:9776879",29,53,24
"ACSF3","s954_F_ADR_01_ASEReadCounter.table","NW_015090842.1:9776965",26,44,18
"ACSF3","s954_F_ADR_01_ASEReadCounter.table","NW_015090842.1:9777091",30,58,28
"ACSF3","s954_F_ADR_01_ASEReadCounter.table","NW_015090842.1:9777206",53,82,29
"ACSF3","s954_F_ADR_01_ASEReadCounter.table","NW_015090842.1:9777283",62,94,32
"ACSF3","s954_F_ADR_01_ASEReadCounter.table","NW_015090842.1:9778955",36,69,33
"ACSF3","s954_F_ADR_01_ASEReadCounter.table","NW_015090842.1:9778997",48,91,43
"ACSF3","s954_F_ADR_01_ASEReadCounter.table","NW_015090842.1:9789311",47,97,50
"ACSF3","s954_F_ADR_01_ASEReadCounter.table","NW_015090842.1:9789906",3,48,45
"ACSF3","s954_F_ADR_01_ASEReadCounter.table","NW_015090842.1:9834743",62,101,39
"ACSF3","s954_F_ADR_01_ASEReadCounter.table","NW_015090842.1:9834852",63,113,50
"ACSF3","s954_F_ADR_01_ASEReadCounter.table","NW_015090842.1:9834861",59,106,47
"ACSF3","s954_F_ADR_01_ASEReadCounter.table","NW_015090842.1:9839359",45,79,34
"ACSF3","s954_F_ADR_01_ASEReadCounter.table","NW_015090842.1:9839378",44,72,28
"ACSF3","s954_F_ADR_01_ASEReadCounter.table","NW_015090842.1:9839455",35,62,27
"ACSF3","s954_F_ADR_01_ASEReadCounter.table","NW_015090842.1:9839457",35,59,24
"ACSF3","s954_F_ADR_01_ASEReadCounter.table","NW_015090842.1:9839489",37,63,26
"ACSF3","s954_F_ADR_01_ASEReadCounter.table","NW_015090842.1:9839500",32,57,25
"ACSF3","s954_F_ADR_01_ASEReadCounter.table","NW_015090842.1:9839501",32,57,25
"ACSF3","s954_F_ADR_01_ASEReadCounter.table","NW_015090842.1:9839504",36,59,23
"ACSF3","s954_F_ADR_01_ASEReadCounter.table","NW_015090842.1:9839512",29,48,19
"ACSF3","s954_F_ADR_01_ASEReadCounter.table","NW_015090842.1:9839527",24,42,18
"ACSF3","s954_F_ADR_01_ASEReadCounter.table","NW_015090842.1:9839533",15,30,15
"ACSF3","s954_F_ADR_01_ASEReadCounter.table","NW_015090842.1:9839535",14,29,15
"ACSF3","s954_F_ADR_01_ASEReadCounter.table","NW_015090842.1:9839545",12,24,12
"ACSF3","s954_F_ADR_01_ASEReadCounter.table","NW_015090842.1:9839550",8,19,11
"ACSF3","s954_F_ADR_01_ASEReadCounter.table","NW_015090842.1:9839551",8,19,11
"CDH15","s954_F_ADR_01_ASEReadCounter.table","NW_015090842.1:9848531",0,1,1
"CDH15","s954_F_ADR_01_ASEReadCounter.table","NW_015090842.1:9848552",0,1,1
"CDH15","s954_F_ADR_01_ASEReadCounter.table","NW_015090842.1:9848936",0,1,1
"CDH15","s954_F_ADR_01_ASEReadCounter.table","NW_015090842.1:9849119",0,1,1
"CDH15","s954_F_ADR_01_ASEReadCounter.table","NW_015090842.1:9849140",0,1,1
"CDH15","s954_F_ADR_01_ASEReadCounter.table","NW_015090842.1:9849473",1,1,0
"SLC22A31","s954_F_ADR_01_ASEReadCounter.table","NW_015090842.1:9851117",9,11,2
"SLC22A31","s954_F_ADR_01_ASEReadCounter.table","NW_015090842.1:9851130",10,12,2
"SLC22A31","s954_F_ADR_01_ASEReadCounter.table","NW_015090842.1:9851139",10,14,4
"SLC22A31","s954_F_ADR_01_ASEReadCounter.table","NW_015090842.1:9851265",11,21,10
"SLC22A31","s954_F_ADR_01_ASEReadCounter.table","NW_015090842.1:9851302",9,19,10
"SLC22A31","s954_F_ADR_01_ASEReadCounter.table","NW_015090842.1:9851303",9,19,10
"SLC22A31","s954_F_ADR_01_ASEReadCounter.table","NW_015090842.1:9851305",9,19,10
"SLC22A31","s954_F_ADR_01_ASEReadCounter.table","NW_015090842.1:9851343",6,16,10
"SLC22A31","s954_F_ADR_01_ASEReadCounter.table","NW_015090842.1:9851344",7,17,10
"SLC22A31","s954_F_ADR_01_ASEReadCounter.table","NW_015090842.1:9851361",17,17,0
"SLC22A31","s954_F_ADR_01_ASEReadCounter.table","NW_015090842.1:9851381",14,21,7
"SLC22A31","s954_F_ADR_01_ASEReadCounter.table","NW_015090842.1:9851421",21,28,7
"SLC22A31","s954_F_ADR_01_ASEReadCounter.table","NW_015090842.1:9851501",15,21,6
"SLC22A31","s954_F_ADR_01_ASEReadCounter.table","NW_015090842.1:9851526",17,29,12
"SLC22A31","s954_F_ADR_01_ASEReadCounter.table","NW_015090842.1:9851589",21,35,14
"SLC22A31","s954_F_ADR_01_ASEReadCounter.table","NW_015090842.1:9851712",19,34,15
"SLC22A31","s954_F_ADR_01_ASEReadCounter.table","NW_015090842.1:9851899",15,30,15
"SLC22A31","s954_F_ADR_01_ASEReadCounter.table","NW_015090842.1:9852139",14,28,14
"SLC22A31","s954_F_ADR_01_ASEReadCounter.table","NW_015090842.1:9852380",16,27,11
"SLC22A31","s954_F_ADR_01_ASEReadCounter.table","NW_015090842.1:9852431",12,19,7
"SLC22A31","s954_F_ADR_01_ASEReadCounter.table","NW_015090842.1:9852630",9,17,8
"SLC22A31","s954_F_ADR_01_ASEReadCounter.table","NW_015090842.1:9852711",10,18,8
"SLC22A31","s954_F_ADR_01_ASEReadCounter.table","NW_015090842.1:9853099",12,16,4
"SLC22A31","s954_F_ADR_01_ASEReadCounter.table","NW_015090842.1:9853102",12,16,4
"SLC22A31","s954_F_ADR_01_ASEReadCounter.table","NW_015090842.1:9853421",14,14,0
"SLC22A31","s954_F_ADR_01_ASEReadCounter.table","NW_015090842.1:9853457",13,13,0
"SLC22A31","s954_F_ADR_01_ASEReadCounter.table","NW_015090842.1:9853502",5,5,0
"ANKRD11","s954_F_ADR_01_ASEReadCounter.table","NW_015090842.1:9858863",2,5,3
"ANKRD11","s954_F_ADR_01_ASEReadCounter.table","NW_015090842.1:9859101",58,149,91
"ANKRD11","s954_F_ADR_01_ASEReadCounter.table","NW_015090842.1:9859352",83,198,115
"ANKRD11","s954_F_ADR_01_ASEReadCounter.table","NW_015090842.1:9859381",33,114,81
"ANKRD11","s954_F_ADR_01_ASEReadCounter.table","NW_015090842.1:9859679",83,166,83
"ANKRD11","s954_F_ADR_01_ASEReadCounter.table","NW_015090842.1:9861097",101,195,94
"ANKRD11","s954_F_ADR_01_ASEReadCounter.table","NW_015090842.1:9862571",55,108,53
"ANKRD11","s954_F_ADR_01_ASEReadCounter.table","NW_015090842.1:9862652",47,81,34
"ANKRD11","s954_F_ADR_01_ASEReadCounter.table","NW_015090842.1:9866071",0,61,61
"ANKRD11","s954_F_ADR_01_ASEReadCounter.table","NW_015090842.1:9866200",0,63,63
"ANKRD11","s954_F_ADR_01_ASEReadCounter.table","NW_015090842.1:9867391",34,56,22
"ANKRD11","s954_F_ADR_01_ASEReadCounter.table","NW_015090842.1:9867472",41,79,38
"ANKRD11","s954_F_ADR_01_ASEReadCounter.table","NW_015090842.1:9867559",45,92,47
"ANKRD11","s954_F_ADR_01_ASEReadCounter.table","NW_015090842.1:9867667",48,94,46
"ANKRD11","s954_F_ADR_01_ASEReadCounter.table","NW_015090842.1:9867934",43,91,48
"ANKRD11","s954_F_ADR_01_ASEReadCounter.table","NW_015090842.1:9868064",38,79,41
"ANKRD11","s954_F_ADR_01_ASEReadCounter.table","NW_015090842.1:9868093",46,88,42
"ANKRD11","s954_F_ADR_01_ASEReadCounter.table","NW_015090842.1:9868222",43,86,43
"ANKRD11","s954_F_ADR_01_ASEReadCounter.table","NW_015090842.1:9868327",39,81,42
"ANKRD11","s954_F_ADR_01_ASEReadCounter.table","NW_015090842.1:9868414",43,101,58
"ANKRD11","s954_F_ADR_01_ASEReadCounter.table","NW_015090842.1:9868441",42,95,53
"ANKRD11","s954_F_ADR_01_ASEReadCounter.table","NW_015090842.1:9868444",42,103,61
"ANKRD11","s954_F_ADR_01_ASEReadCounter.table","NW_015090842.1:9868519",71,140,69
"ANKRD11","s954_F_ADR_01_ASEReadCounter.table","NW_015090842.1:9868609",67,132,65
"ANKRD11","s954_F_ADR_01_ASEReadCounter.table","NW_015090842.1:9868666",59,127,68
"ANKRD11","s954_F_ADR_01_ASEReadCounter.table","NW_015090842.1:9868738",137,137,0
"ANKRD11","s954_F_ADR_01_ASEReadCounter.table","NW_015090842.1:9869431",64,115,51
"ANKRD11","s954_F_ADR_01_ASEReadCounter.table","NW_015090842.1:9869578",77,140,63
"ANKRD11","s954_F_ADR_01_ASEReadCounter.table","NW_015090842.1:9869734",66,138,72
"ANKRD11","s954_F_ADR_01_ASEReadCounter.table","NW_015090842.1:9870070",71,141,70
"ANKRD11","s954_F_ADR_01_ASEReadCounter.table","NW_015090842.1:9870349",62,128,66
"ANKRD11","s954_F_ADR_01_ASEReadCounter.table","NW_015090842.1:9870604",68,132,64
"ANKRD11","s954_F_ADR_01_ASEReadCounter.table","NW_015090842.1:9870613",66,128,62
"ANKRD11","s954_F_ADR_01_ASEReadCounter.table","NW_015090842.1:9870685",78,150,72
"ANKRD11","s954_F_ADR_01_ASEReadCounter.table","NW_015090842.1:9870760",56,120,64
"ANKRD11","s954_F_ADR_01_ASEReadCounter.table","NW_015090842.1:9870847",50,108,58
"ANKRD11","s954_F_ADR_01_ASEReadCounter.table","NW_015090842.1:9871103",36,80,44
"ANKRD11","s954_F_ADR_01_ASEReadCounter.table","NW_015090842.1:9871165",39,98,59
"ANKRD11","s954_F_ADR_01_ASEReadCounter.table","NW_015090842.1:9871508",101,101,0
"ANKRD11","s954_F_ADR_01_ASEReadCounter.table","NW_015090842.1:9871820",36,74,38
"ANKRD11","s954_F_ADR_01_ASEReadCounter.table","NW_015090842.1:9872118",42,85,43
"ANKRD11","s954_F_ADR_01_ASEReadCounter.table","NW_015090842.1:9877406",28,56,28
"SPG7","s954_F_ADR_01_ASEReadCounter.table","NW_015090842.1:10051190",159,320,161
"SPG7","s954_F_ADR_01_ASEReadCounter.table","NW_015090842.1:10051218",172,359,187
"SPG7","s954_F_ADR_01_ASEReadCounter.table","NW_015090842.1:10052348",210,423,213
"SPG7","s954_F_ADR_01_ASEReadCounter.table","NW_015090842.1:10052366",213,428,215
"SPG7","s954_F_ADR_01_ASEReadCounter.table","NW_015090842.1:10065173",227,446,219
"SPG7","s954_F_ADR_01_ASEReadCounter.table","NW_015090842.1:10065215",213,393,180
"SPG7","s954_F_ADR_01_ASEReadCounter.table","NW_015090842.1:10066365",173,379,206
"SPG7","s954_F_ADR_01_ASEReadCounter.table","NW_015090842.1:10069752",225,449,224
"SPG7","s954_F_ADR_01_ASEReadCounter.table","NW_015090842.1:10069800",209,428,219
"SPG7","s954_F_ADR_01_ASEReadCounter.table","NW_015090842.1:10071192",214,445,231
"SPG7","s954_F_ADR_01_ASEReadCounter.table","NW_015090842.1:10071219",200,425,225
"SPG7","s954_F_ADR_01_ASEReadCounter.table","NW_015090842.1:10071967",189,369,180
"SPG7","s954_F_ADR_01_ASEReadCounter.table","NW_015090842.1:10075109",263,488,225
"SPG7","s954_F_ADR_01_ASEReadCounter.table","NW_015090842.1:10075114",270,490,220
"SPG7","s954_F_ADR_01_ASEReadCounter.table","NW_015090842.1:10075198",237,415,178
"SPG7","s954_F_ADR_01_ASEReadCounter.table","NW_015090842.1:10075487",147,292,145
"SPG7","s954_F_ADR_01_ASEReadCounter.table","NW_015090842.1:10075488",147,298,151
"SPG7","s954_F_ADR_01_ASEReadCounter.table","NW_015090842.1:10075548",106,211,105
"RPL13","s954_F_ADR_01_ASEReadCounter.table","NW_015090842.1:10077387",861,1837,976
"RPL13","s954_F_ADR_01_ASEReadCounter.table","NW_015090842.1:10077978",1251,2770,1519
"RPL13","s954_F_ADR_01_ASEReadCounter.table","NW_015090842.1:10077992",1227,2631,1404
"CPNE7","s954_F_ADR_01_ASEReadCounter.table","NW_015090842.1:10090924",1,2,1
"CPNE7","s954_F_ADR_01_ASEReadCounter.table","NW_015090842.1:10090930",1,2,1
"CPNE7","s954_F_ADR_01_ASEReadCounter.table","NW_015090842.1:10091389",1,2,1
"CPNE7","s954_F_ADR_01_ASEReadCounter.table","NW_015090842.1:10091407",1,2,1
"CPNE7","s954_F_ADR_01_ASEReadCounter.table","NW_015090842.1:10091488",2,2,0
"CPNE7","s954_F_ADR_01_ASEReadCounter.table","NW_015090842.1:10091491",2,2,0
"CPNE7","s954_F_ADR_01_ASEReadCounter.table","NW_015090842.1:10091530",3,3,0
"CPNE7","s954_F_ADR_01_ASEReadCounter.table","NW_015090842.1:10091875",1,1,0
"CPNE7","s954_F_ADR_01_ASEReadCounter.table","NW_015090842.1:10092246",0,1,1
"LOC106888185","s954_F_ADR_01_ASEReadCounter.table","NW_015090842.1:10094965",7,23,16
"LOC106888185","s954_F_ADR_01_ASEReadCounter.table","NW_015090842.1:10094966",8,23,15
"LOC106888185","s954_F_ADR_01_ASEReadCounter.table","NW_015090842.1:10094985",8,23,15
"LOC106888185","s954_F_ADR_01_ASEReadCounter.table","NW_015090842.1:10095055",1,10,9
"LOC106888185","s954_F_ADR_01_ASEReadCounter.table","NW_015090842.1:10095062",1,9,8
"LOC106888185","s954_F_ADR_01_ASEReadCounter.table","NW_015090842.1:10095130",0,12,12
"LOC106888185","s954_F_ADR_01_ASEReadCounter.table","NW_015090842.1:10095265",32,81,49
"LOC106888185","s954_F_ADR_01_ASEReadCounter.table","NW_015090842.1:10095586",48,120,72
"LOC106888185","s954_F_ADR_01_ASEReadCounter.table","NW_015090842.1:10095593",51,117,66
"LOC106888185","s954_F_ADR_01_ASEReadCounter.table","NW_015090842.1:10095616",43,101,58
"LOC106888185","s954_F_ADR_01_ASEReadCounter.table","NW_015090842.1:10095662",28,66,38
"LOC106888185","s954_F_ADR_01_ASEReadCounter.table","NW_015090842.1:10095674",22,59,37
"LOC106888185","s954_F_ADR_01_ASEReadCounter.table","NW_015090842.1:10095786",37,81,44
"LOC106888185","s954_F_ADR_01_ASEReadCounter.table","NW_015090842.1:10095831",30,79,49
"LOC106888185","s954_F_ADR_01_ASEReadCounter.table","NW_015090842.1:10096230",31,79,48
"LOC106888185","s954_F_ADR_01_ASEReadCounter.table","NW_015090842.1:10096249",40,98,58
"LOC106888185","s954_F_ADR_01_ASEReadCounter.table","NW_015090842.1:10096272",40,107,67
"LOC106888185","s954_F_ADR_01_ASEReadCounter.table","NW_015090842.1:10096288",38,105,67
"LOC106888185","s954_F_ADR_01_ASEReadCounter.table","NW_015090842.1:10097248",45,104,59
"LOC106888185","s954_F_ADR_01_ASEReadCounter.table","NW_015090842.1:10097265",47,110,63
"LOC106888185","s954_F_ADR_01_ASEReadCounter.table","NW_015090842.1:10097446",9,32,23
"DPEP1","s954_F_ADR_01_ASEReadCounter.table","NW_015090842.1:10098017",0,6,6
"DPEP1","s954_F_ADR_01_ASEReadCounter.table","NW_015090842.1:10098518",0,6,6
"DPEP1","s954_F_ADR_01_ASEReadCounter.table","NW_015090842.1:10098595",4,9,5
"DPEP1","s954_F_ADR_01_ASEReadCounter.table","NW_015090842.1:10098597",3,8,5
"DPEP1","s954_F_ADR_01_ASEReadCounter.table","NW_015090842.1:10098601",3,7,4
"DPEP1","s954_F_ADR_01_ASEReadCounter.table","NW_015090842.1:10098608",3,7,4
"DPEP1","s954_F_ADR_01_ASEReadCounter.table","NW_015090842.1:10098630",2,4,2
"DPEP1","s954_F_ADR_01_ASEReadCounter.table","NW_015090842.1:10098659",2,6,4
"DPEP1","s954_F_ADR_01_ASEReadCounter.table","NW_015090842.1:10099765",1,8,7
"DPEP1","s954_F_ADR_01_ASEReadCounter.table","NW_015090842.1:10099985",3,12,9
"DPEP1","s954_F_ADR_01_ASEReadCounter.table","NW_015090842.1:10099986",3,13,10
"DPEP1","s954_F_ADR_01_ASEReadCounter.table","NW_015090842.1:10099991",3,13,10
"DPEP1","s954_F_ADR_01_ASEReadCounter.table","NW_015090842.1:10100044",1,10,9
"DPEP1","s954_F_ADR_01_ASEReadCounter.table","NW_015090842.1:10100045",1,10,9
"DPEP1","s954_F_ADR_01_ASEReadCounter.table","NW_015090842.1:10100084",3,12,9
"DPEP1","s954_F_ADR_01_ASEReadCounter.table","NW_015090842.1:10100295",6,16,10
"DPEP1","s954_F_ADR_01_ASEReadCounter.table","NW_015090842.1:10100529",5,14,9
"DPEP1","s954_F_ADR_01_ASEReadCounter.table","NW_015090842.1:10100893",9,17,8
"DPEP1","s954_F_ADR_01_ASEReadCounter.table","NW_015090842.1:10100902",8,17,9
"DPEP1","s954_F_ADR_01_ASEReadCounter.table","NW_015090842.1:10101072",2,11,9
"DPEP1","s954_F_ADR_01_ASEReadCounter.table","NW_015090842.1:10101199",1,14,13
"DPEP1","s954_F_ADR_01_ASEReadCounter.table","NW_015090842.1:10101483",5,16,11
"DPEP1","s954_F_ADR_01_ASEReadCounter.table","NW_015090842.1:10101497",4,16,12
"DPEP1","s954_F_ADR_01_ASEReadCounter.table","NW_015090842.1:10101525",3,12,9
"DPEP1","s954_F_ADR_01_ASEReadCounter.table","NW_015090842.1:10101875",6,14,8
"DPEP1","s954_F_ADR_01_ASEReadCounter.table","NW_015090842.1:10101913",5,9,4
"DPEP1","s954_F_ADR_01_ASEReadCounter.table","NW_015090842.1:10101996",0,3,3
"DPEP1","s954_F_ADR_01_ASEReadCounter.table","NW_015090842.1:10102014",0,3,3
"DPEP1","s954_F_ADR_01_ASEReadCounter.table","NW_015090842.1:10102035",0,3,3
"CHMP1A","s954_F_ADR_01_ASEReadCounter.table","NW_015090842.1:10102901",56,138,82
"CHMP1A","s954_F_ADR_01_ASEReadCounter.table","NW_015090842.1:10102961",41,151,110
"CHMP1A","s954_F_ADR_01_ASEReadCounter.table","NW_015090842.1:10102996",41,138,97
"CHMP1A","s954_F_ADR_01_ASEReadCounter.table","NW_015090842.1:10103004",44,137,93
"CHMP1A","s954_F_ADR_01_ASEReadCounter.table","NW_015090842.1:10103006",44,138,94
"CHMP1A","s954_F_ADR_01_ASEReadCounter.table","NW_015090842.1:10103052",74,175,101
"CHMP1A","s954_F_ADR_01_ASEReadCounter.table","NW_015090842.1:10103095",81,174,93
"CHMP1A","s954_F_ADR_01_ASEReadCounter.table","NW_015090842.1:10103096",81,177,96
"CHMP1A","s954_F_ADR_01_ASEReadCounter.table","NW_015090842.1:10103152",65,113,48
"CHMP1A","s954_F_ADR_01_ASEReadCounter.table","NW_015090842.1:10103173",65,125,60
"CHMP1A","s954_F_ADR_01_ASEReadCounter.table","NW_015090842.1:10103334",47,131,84
"CHMP1A","s954_F_ADR_01_ASEReadCounter.table","NW_015090842.1:10103373",33,111,78
"CHMP1A","s954_F_ADR_01_ASEReadCounter.table","NW_015090842.1:10103408",57,146,89
"CHMP1A","s954_F_ADR_01_ASEReadCounter.table","NW_015090842.1:10103412",64,154,90
"CHMP1A","s954_F_ADR_01_ASEReadCounter.table","NW_015090842.1:10103512",79,181,102
"CHMP1A","s954_F_ADR_01_ASEReadCounter.table","NW_015090842.1:10103513",79,183,104
"CHMP1A","s954_F_ADR_01_ASEReadCounter.table","NW_015090842.1:10103583",58,128,70
"CHMP1A","s954_F_ADR_01_ASEReadCounter.table","NW_015090842.1:10103614",60,136,76
"CHMP1A","s954_F_ADR_01_ASEReadCounter.table","NW_015090842.1:10103657",64,144,80
"CHMP1A","s954_F_ADR_01_ASEReadCounter.table","NW_015090842.1:10103669",61,140,79
"CHMP1A","s954_F_ADR_01_ASEReadCounter.table","NW_015090842.1:10103674",60,139,79
"CHMP1A","s954_F_ADR_01_ASEReadCounter.table","NW_015090842.1:10103677",58,134,76
"CHMP1A","s954_F_ADR_01_ASEReadCounter.table","NW_015090842.1:10103729",87,171,84
"CHMP1A","s954_F_ADR_01_ASEReadCounter.table","NW_015090842.1:10103758",86,162,76
"CHMP1A","s954_F_ADR_01_ASEReadCounter.table","NW_015090842.1:10103761",87,168,81
"CHMP1A","s954_F_ADR_01_ASEReadCounter.table","NW_015090842.1:10103788",79,185,106
"CHMP1A","s954_F_ADR_01_ASEReadCounter.table","NW_015090842.1:10103789",79,183,104
"CHMP1A","s954_F_ADR_01_ASEReadCounter.table","NW_015090842.1:10103790",77,183,106
"CHMP1A","s954_F_ADR_01_ASEReadCounter.table","NW_015090842.1:10103950",89,185,96
"CHMP1A","s954_F_ADR_01_ASEReadCounter.table","NW_015090842.1:10104335",64,147,83
"CHMP1A","s954_F_ADR_01_ASEReadCounter.table","NW_015090842.1:10104429",94,186,92
"CHMP1A","s954_F_ADR_01_ASEReadCounter.table","NW_015090842.1:10104532",86,202,116
"CHMP1A","s954_F_ADR_01_ASEReadCounter.table","NW_015090842.1:10104633",67,147,80
"CHMP1A","s954_F_ADR_01_ASEReadCounter.table","NW_015090842.1:10104759",66,133,67
"CHMP1A","s954_F_ADR_01_ASEReadCounter.table","NW_015090842.1:10104794",77,150,73
"CHMP1A","s954_F_ADR_01_ASEReadCounter.table","NW_015090842.1:10104841",123,123,0
"CHMP1A","s954_F_ADR_01_ASEReadCounter.table","NW_015090842.1:10104844",53,121,68
"CHMP1A","s954_F_ADR_01_ASEReadCounter.table","NW_015090842.1:10106242",62,141,79
"CHMP1A","s954_F_ADR_01_ASEReadCounter.table","NW_015090842.1:10106290",61,138,77
"CHMP1A","s954_F_ADR_01_ASEReadCounter.table","NW_015090842.1:10106335",83,172,89
"CHMP1A","s954_F_ADR_01_ASEReadCounter.table","NW_015090842.1:10106383",101,216,115
"CHMP1A","s954_F_ADR_01_ASEReadCounter.table","NW_015090842.1:10106747",86,195,109
"CHMP1A","s954_F_ADR_01_ASEReadCounter.table","NW_015090842.1:10107404",78,193,115
"CHMP1A","s954_F_ADR_01_ASEReadCounter.table","NW_015090842.1:10107876",74,168,94
"CDK10","s954_F_ADR_01_ASEReadCounter.table","NW_015090842.1:10109030",10,11,1
"CDK10","s954_F_ADR_01_ASEReadCounter.table","NW_015090842.1:10109963",42,109,67
"CDK10","s954_F_ADR_01_ASEReadCounter.table","NW_015090842.1:10110887",39,106,67
"CDK10","s954_F_ADR_01_ASEReadCounter.table","NW_015090842.1:10111254",33,88,55
"CDK10","s954_F_ADR_01_ASEReadCounter.table","NW_015090842.1:10111380",34,105,71
"CDK10","s954_F_ADR_01_ASEReadCounter.table","NW_015090842.1:10111395",36,107,71
"CDK10","s954_F_ADR_01_ASEReadCounter.table","NW_015090842.1:10111437",24,89,65
"CDK10","s954_F_ADR_01_ASEReadCounter.table","NW_015090842.1:10111798",49,104,55
"CDK10","s954_F_ADR_01_ASEReadCounter.table","NW_015090842.1:10111840",41,97,56
"CDK10","s954_F_ADR_01_ASEReadCounter.table","NW_015090842.1:10112031",26,105,79
"CDK10","s954_F_ADR_01_ASEReadCounter.table","NW_015090842.1:10112285",33,106,73
"CDK10","s954_F_ADR_01_ASEReadCounter.table","NW_015090842.1:10112398",32,107,75
"CDK10","s954_F_ADR_01_ASEReadCounter.table","NW_015090842.1:10112455",27,88,61
"CDK10","s954_F_ADR_01_ASEReadCounter.table","NW_015090842.1:10112461",24,82,58
"CDK10","s954_F_ADR_01_ASEReadCounter.table","NW_015090842.1:10112497",20,69,49
"CDK10","s954_F_ADR_01_ASEReadCounter.table","NW_015090842.1:10112508",19,70,51
"CDK10","s954_F_ADR_01_ASEReadCounter.table","NW_015090842.1:10112518",15,61,46
"CDK10","s954_F_ADR_01_ASEReadCounter.table","NW_015090842.1:10112540",6,60,54
"CDK10","s954_F_ADR_01_ASEReadCounter.table","NW_015090842.1:10112556",19,70,51
"CDK10","s954_F_ADR_01_ASEReadCounter.table","NW_015090842.1:10112561",19,73,54
"CDK10","s954_F_ADR_01_ASEReadCounter.table","NW_015090842.1:10112596",21,69,48
"CDK10","s954_F_ADR_01_ASEReadCounter.table","NW_015090842.1:10112630",20,54,34
"CDK10","s954_F_ADR_01_ASEReadCounter.table","NW_015090842.1:10112656",21,59,38
"CDK10","s954_F_ADR_01_ASEReadCounter.table","NW_015090842.1:10112665",19,47,28
"CDK10","s954_F_ADR_01_ASEReadCounter.table","NW_015090842.1:10112668",17,46,29
"CDK10","s954_F_ADR_01_ASEReadCounter.table","NW_015090842.1:10112781",9,25,16
"CDK10","s954_F_ADR_01_ASEReadCounter.table","NW_015090842.1:10112782",9,26,17
"CDK10","s954_F_ADR_01_ASEReadCounter.table","NW_015090842.1:10112795",6,21,15
"CDK10","s954_F_ADR_01_ASEReadCounter.table","NW_015090842.1:10112841",3,9,6
"CDK10","s954_F_ADR_01_ASEReadCounter.table","NW_015090842.1:10112861",2,7,5
"SPATA2L","s954_F_ADR_01_ASEReadCounter.table","NW_015090842.1:10113212",6,30,24
"SPATA2L","s954_F_ADR_01_ASEReadCounter.table","NW_015090842.1:10113280",11,41,30
"SPATA2L","s954_F_ADR_01_ASEReadCounter.table","NW_015090842.1:10113296",16,44,28
"SPATA2L","s954_F_ADR_01_ASEReadCounter.table","NW_015090842.1:10113321",21,56,35
"SPATA2L","s954_F_ADR_01_ASEReadCounter.table","NW_015090842.1:10113332",23,66,43
"SPATA2L","s954_F_ADR_01_ASEReadCounter.table","NW_015090842.1:10113380",26,70,44
"SPATA2L","s954_F_ADR_01_ASEReadCounter.table","NW_015090842.1:10113381",26,69,43
"SPATA2L","s954_F_ADR_01_ASEReadCounter.table","NW_015090842.1:10113412",29,77,48
"SPATA2L","s954_F_ADR_01_ASEReadCounter.table","NW_015090842.1:10113421",31,76,45
"SPATA2L","s954_F_ADR_01_ASEReadCounter.table","NW_015090842.1:10113465",25,60,35
"SPATA2L","s954_F_ADR_01_ASEReadCounter.table","NW_015090842.1:10113535",23,46,23
"SPATA2L","s954_F_ADR_01_ASEReadCounter.table","NW_015090842.1:10113645",28,69,41
"SPATA2L","s954_F_ADR_01_ASEReadCounter.table","NW_015090842.1:10113682",38,91,53
"SPATA2L","s954_F_ADR_01_ASEReadCounter.table","NW_015090842.1:10113696",33,81,48
"SPATA2L","s954_F_ADR_01_ASEReadCounter.table","NW_015090842.1:10113727",35,87,52
"SPATA2L","s954_F_ADR_01_ASEReadCounter.table","NW_015090842.1:10113799",39,91,52
"SPATA2L","s954_F_ADR_01_ASEReadCounter.table","NW_015090842.1:10113809",44,99,55
"SPATA2L","s954_F_ADR_01_ASEReadCounter.table","NW_015090842.1:10113827",45,99,54
"SPATA2L","s954_F_ADR_01_ASEReadCounter.table","NW_015090842.1:10113831",42,98,56
"SPATA2L","s954_F_ADR_01_ASEReadCounter.table","NW_015090842.1:10113894",33,77,44
"SPATA2L","s954_F_ADR_01_ASEReadCounter.table","NW_015090842.1:10113905",28,76,48
"SPATA2L","s954_F_ADR_01_ASEReadCounter.table","NW_015090842.1:10113914",31,73,42
"SPATA2L","s954_F_ADR_01_ASEReadCounter.table","NW_015090842.1:10113920",34,75,41
"SPATA2L","s954_F_ADR_01_ASEReadCounter.table","NW_015090842.1:10113937",42,91,49
"SPATA2L","s954_F_ADR_01_ASEReadCounter.table","NW_015090842.1:10113971",39,88,49
"SPATA2L","s954_F_ADR_01_ASEReadCounter.table","NW_015090842.1:10113976",36,91,55
"SPATA2L","s954_F_ADR_01_ASEReadCounter.table","NW_015090842.1:10113985",38,88,50
"SPATA2L","s954_F_ADR_01_ASEReadCounter.table","NW_015090842.1:10113994",43,93,50
"SPATA2L","s954_F_ADR_01_ASEReadCounter.table","NW_015090842.1:10114063",26,62,36
"SPATA2L","s954_F_ADR_01_ASEReadCounter.table","NW_015090842.1:10114066",28,67,39
"SPATA2L","s954_F_ADR_01_ASEReadCounter.table","NW_015090842.1:10114069",29,68,39
"SPATA2L","s954_F_ADR_01_ASEReadCounter.table","NW_015090842.1:10114121",23,52,29
"SPATA2L","s954_F_ADR_01_ASEReadCounter.table","NW_015090842.1:10114159",28,69,41
"SPATA2L","s954_F_ADR_01_ASEReadCounter.table","NW_015090842.1:10114282",71,71,0
"SPATA2L","s954_F_ADR_01_ASEReadCounter.table","NW_015090842.1:10114470",18,57,39
"SPATA2L","s954_F_ADR_01_ASEReadCounter.table","NW_015090842.1:10114524",13,44,31
"VPS9D1","s954_F_ADR_01_ASEReadCounter.table","NW_015090842.1:10116377",22,45,23
"VPS9D1","s954_F_ADR_01_ASEReadCounter.table","NW_015090842.1:10116415",24,45,21
"VPS9D1","s954_F_ADR_01_ASEReadCounter.table","NW_015090842.1:10116607",29,51,22
"VPS9D1","s954_F_ADR_01_ASEReadCounter.table","NW_015090842.1:10116816",44,44,0
"VPS9D1","s954_F_ADR_01_ASEReadCounter.table","NW_015090842.1:10116821",26,46,20
"VPS9D1","s954_F_ADR_01_ASEReadCounter.table","NW_015090842.1:10116825",26,44,18
"VPS9D1","s954_F_ADR_01_ASEReadCounter.table","NW_015090842.1:10116882",19,32,13
"VPS9D1","s954_F_ADR_01_ASEReadCounter.table","NW_015090842.1:10116885",19,32,13
"VPS9D1","s954_F_ADR_01_ASEReadCounter.table","NW_015090842.1:10116933",12,30,18
"VPS9D1","s954_F_ADR_01_ASEReadCounter.table","NW_015090842.1:10116942",11,28,17
"VPS9D1","s954_F_ADR_01_ASEReadCounter.table","NW_015090842.1:10117152",16,35,19
"VPS9D1","s954_F_ADR_01_ASEReadCounter.table","NW_015090842.1:10117396",22,22,0
"VPS9D1","s954_F_ADR_01_ASEReadCounter.table","NW_015090842.1:10117405",17,17,0
"VPS9D1","s954_F_ADR_01_ASEReadCounter.table","NW_015090842.1:10117480",11,24,13
"VPS9D1","s954_F_ADR_01_ASEReadCounter.table","NW_015090842.1:10117497",15,28,13
"VPS9D1","s954_F_ADR_01_ASEReadCounter.table","NW_015090842.1:10117499",14,28,14
"VPS9D1","s954_F_ADR_01_ASEReadCounter.table","NW_015090842.1:10117516",16,31,15
"VPS9D1","s954_F_ADR_01_ASEReadCounter.table","NW_015090842.1:10117525",19,33,14
"VPS9D1","s954_F_ADR_01_ASEReadCounter.table","NW_015090842.1:10117579",13,24,11
"VPS9D1","s954_F_ADR_01_ASEReadCounter.table","NW_015090842.1:10117627",22,34,12
"VPS9D1","s954_F_ADR_01_ASEReadCounter.table","NW_015090842.1:10117678",16,34,18
"VPS9D1","s954_F_ADR_01_ASEReadCounter.table","NW_015090842.1:10117773",21,43,22
"VPS9D1","s954_F_ADR_01_ASEReadCounter.table","NW_015090842.1:10117937",25,60,35
"VPS9D1","s954_F_ADR_01_ASEReadCounter.table","NW_015090842.1:10117961",27,61,34
"VPS9D1","s954_F_ADR_01_ASEReadCounter.table","NW_015090842.1:10118236",38,76,38
"VPS9D1","s954_F_ADR_01_ASEReadCounter.table","NW_015090842.1:10118414",29,59,30
"VPS9D1","s954_F_ADR_01_ASEReadCounter.table","NW_015090842.1:10118973",33,71,38
"VPS9D1","s954_F_ADR_01_ASEReadCounter.table","NW_015090842.1:10119500",22,40,18
"ZNF276","s954_F_ADR_01_ASEReadCounter.table","NW_015090842.1:10121760",7,11,4
"ZNF276","s954_F_ADR_01_ASEReadCounter.table","NW_015090842.1:10121769",7,10,3
"ZNF276","s954_F_ADR_01_ASEReadCounter.table","NW_015090842.1:10121802",8,13,5
"ZNF276","s954_F_ADR_01_ASEReadCounter.table","NW_015090842.1:10121971",9,17,8
"ZNF276","s954_F_ADR_01_ASEReadCounter.table","NW_015090842.1:10122883",7,19,12
"ZNF276","s954_F_ADR_01_ASEReadCounter.table","NW_015090842.1:10123069",11,24,13
"ZNF276","s954_F_ADR_01_ASEReadCounter.table","NW_015090842.1:10123207",18,34,16
"ZNF276","s954_F_ADR_01_ASEReadCounter.table","NW_015090842.1:10125787",20,42,22
"ZNF276","s954_F_ADR_01_ASEReadCounter.table","NW_015090842.1:10126309",23,41,18
"ZNF276","s954_F_ADR_01_ASEReadCounter.table","NW_015090842.1:10126348",20,41,21
"ZNF276","s954_F_ADR_01_ASEReadCounter.table","NW_015090842.1:10126978",37,58,21
"ZNF276","s954_F_ADR_01_ASEReadCounter.table","NW_015090842.1:10126991",36,58,22
"ZNF276","s954_F_ADR_01_ASEReadCounter.table","NW_015090842.1:10127023",30,57,27
"ZNF276","s954_F_ADR_01_ASEReadCounter.table","NW_015090842.1:10127063",21,47,26
"ZNF276","s954_F_ADR_01_ASEReadCounter.table","NW_015090842.1:10127373",17,36,19
"ZNF276","s954_F_ADR_01_ASEReadCounter.table","NW_015090842.1:10127931",31,47,16
"ZNF276","s954_F_ADR_01_ASEReadCounter.table","NW_015090842.1:10128070",39,65,26
"ZNF276","s954_F_ADR_01_ASEReadCounter.table","NW_015090842.1:10128102",36,56,20
"ZNF276","s954_F_ADR_01_ASEReadCounter.table","NW_015090842.1:10128356",14,35,21
"ZNF276","s954_F_ADR_01_ASEReadCounter.table","NW_015090842.1:10128497",14,25,11
"FANCA","s954_F_ADR_01_ASEReadCounter.table","NW_015090842.1:10128743",2,3,1
"FANCA","s954_F_ADR_01_ASEReadCounter.table","NW_015090842.1:10128822",0,2,2
"FANCA","s954_F_ADR_01_ASEReadCounter.table","NW_015090842.1:10129383",2,3,1
"FANCA","s954_F_ADR_01_ASEReadCounter.table","NW_015090842.1:10129390",2,3,1
"FANCA","s954_F_ADR_01_ASEReadCounter.table","NW_015090842.1:10129422",2,3,1
"FANCA","s954_F_ADR_01_ASEReadCounter.table","NW_015090842.1:10129969",0,2,2
"FANCA","s954_F_ADR_01_ASEReadCounter.table","NW_015090842.1:10130399",1,2,1
"FANCA","s954_F_ADR_01_ASEReadCounter.table","NW_015090842.1:10130857",1,2,1
"FANCA","s954_F_ADR_01_ASEReadCounter.table","NW_015090842.1:10130878",1,4,3
"FANCA","s954_F_ADR_01_ASEReadCounter.table","NW_015090842.1:10133601",3,4,1
"FANCA","s954_F_ADR_01_ASEReadCounter.table","NW_015090842.1:10134492",2,4,2
"FANCA","s954_F_ADR_01_ASEReadCounter.table","NW_015090842.1:10134531",0,2,2
"FANCA","s954_F_ADR_01_ASEReadCounter.table","NW_015090842.1:10136957",3,5,2
"FANCA","s954_F_ADR_01_ASEReadCounter.table","NW_015090842.1:10136982",3,4,1
"FANCA","s954_F_ADR_01_ASEReadCounter.table","NW_015090842.1:10136999",3,4,1
"FANCA","s954_F_ADR_01_ASEReadCounter.table","NW_015090842.1:10137019",2,3,1
"FANCA","s954_F_ADR_01_ASEReadCounter.table","NW_015090842.1:10137673",3,3,0
"FANCA","s954_F_ADR_01_ASEReadCounter.table","NW_015090842.1:10138618",1,2,1
"FANCA","s954_F_ADR_01_ASEReadCounter.table","NW_015090842.1:10139140",0,2,2
"FANCA","s954_F_ADR_01_ASEReadCounter.table","NW_015090842.1:10140699",1,2,1
"FANCA","s954_F_ADR_01_ASEReadCounter.table","NW_015090842.1:10141234",1,1,0
"FANCA","s954_F_ADR_01_ASEReadCounter.table","NW_015090842.1:10145030",4,5,1
"FANCA","s954_F_ADR_01_ASEReadCounter.table","NW_015090842.1:10150518",2,2,0
"FANCA","s954_F_ADR_01_ASEReadCounter.table","NW_015090842.1:10152863",0,1,1
"FANCA","s954_F_ADR_01_ASEReadCounter.table","NW_015090842.1:10154490",1,2,1
"FANCA","s954_F_ADR_01_ASEReadCounter.table","NW_015090842.1:10158162",1,2,1
"FANCA","s954_F_ADR_01_ASEReadCounter.table","NW_015090842.1:10158957",1,2,1
"FANCA","s954_F_ADR_01_ASEReadCounter.table","NW_015090842.1:10163667",1,1,0
"SPIRE2","s954_F_ADR_01_ASEReadCounter.table","NW_015090842.1:10172284",3,7,4
"SPIRE2","s954_F_ADR_01_ASEReadCounter.table","NW_015090842.1:10175262",6,14,8
"SPIRE2","s954_F_ADR_01_ASEReadCounter.table","NW_015090842.1:10175352",6,9,3
"SPIRE2","s954_F_ADR_01_ASEReadCounter.table","NW_015090842.1:10175400",18,37,19
"SPIRE2","s954_F_ADR_01_ASEReadCounter.table","NW_015090842.1:10175418",19,39,20
"SPIRE2","s954_F_ADR_01_ASEReadCounter.table","NW_015090842.1:10175704",17,39,22
"SPIRE2","s954_F_ADR_01_ASEReadCounter.table","NW_015090842.1:10176115",22,45,23
"SPIRE2","s954_F_ADR_01_ASEReadCounter.table","NW_015090842.1:10176561",21,46,25
"SPIRE2","s954_F_ADR_01_ASEReadCounter.table","NW_015090842.1:10176817",30,56,26
"SPIRE2","s954_F_ADR_01_ASEReadCounter.table","NW_015090842.1:10177084",23,43,20
"SPIRE2","s954_F_ADR_01_ASEReadCounter.table","NW_015090842.1:10177110",21,40,19
"SPIRE2","s954_F_ADR_01_ASEReadCounter.table","NW_015090842.1:10177838",19,43,24
"SPIRE2","s954_F_ADR_01_ASEReadCounter.table","NW_015090842.1:10178000",22,49,27
"SPIRE2","s954_F_ADR_01_ASEReadCounter.table","NW_015090842.1:10178164",18,46,28
"SPIRE2","s954_F_ADR_01_ASEReadCounter.table","NW_015090842.1:10178216",17,46,29
"SPIRE2","s954_F_ADR_01_ASEReadCounter.table","NW_015090842.1:10178403",16,36,20
"SPIRE2","s954_F_ADR_01_ASEReadCounter.table","NW_015090842.1:10178409",16,36,20
"SPIRE2","s954_F_ADR_01_ASEReadCounter.table","NW_015090842.1:10178524",19,34,15
"SPIRE2","s954_F_ADR_01_ASEReadCounter.table","NW_015090842.1:10178526",19,34,15
"SPIRE2","s954_F_ADR_01_ASEReadCounter.table","NW_015090842.1:10178531",18,34,16
"SPIRE2","s954_F_ADR_01_ASEReadCounter.table","NW_015090842.1:10178565",13,32,19
"SPIRE2","s954_F_ADR_01_ASEReadCounter.table","NW_015090842.1:10178587",13,33,20
"SPIRE2","s954_F_ADR_01_ASEReadCounter.table","NW_015090842.1:10178640",9,25,16
"SPIRE2","s954_F_ADR_01_ASEReadCounter.table","NW_015090842.1:10178651",11,27,16
"SPIRE2","s954_F_ADR_01_ASEReadCounter.table","NW_015090842.1:10178682",10,21,11
"TCF25","s954_F_ADR_01_ASEReadCounter.table","NW_015090842.1:10180912",41,74,33
"TCF25","s954_F_ADR_01_ASEReadCounter.table","NW_015090842.1:10180924",38,71,33
"TCF25","s954_F_ADR_01_ASEReadCounter.table","NW_015090842.1:10180931",38,73,35
"TCF25","s954_F_ADR_01_ASEReadCounter.table","NW_015090842.1:10185332",94,180,86
"TCF25","s954_F_ADR_01_ASEReadCounter.table","NW_015090842.1:10188816",79,145,66
"MC1R","s954_F_ADR_01_ASEReadCounter.table","NW_015090842.1:10202160",1,2,1
"MC1R","s954_F_ADR_01_ASEReadCounter.table","NW_015090842.1:10202460",0,1,1
"MC1R","s954_F_ADR_01_ASEReadCounter.table","NW_015090842.1:10202465",0,1,1
"DBNDD1","s954_F_ADR_01_ASEReadCounter.table","NW_015090842.1:10223105",20,61,41
"GAS8","s954_F_ADR_01_ASEReadCounter.table","NW_015090842.1:10228982",14,36,22
"GAS8","s954_F_ADR_01_ASEReadCounter.table","NW_015090842.1:10229832",21,50,29
"GAS8","s954_F_ADR_01_ASEReadCounter.table","NW_015090842.1:10232375",19,40,21
"GAS8","s954_F_ADR_01_ASEReadCounter.table","NW_015090842.1:10232901",10,31,21
"GAS8","s954_F_ADR_01_ASEReadCounter.table","NW_015090842.1:10232928",17,39,22
"GAS8","s954_F_ADR_01_ASEReadCounter.table","NW_015090842.1:10232967",15,34,19
"GAS8","s954_F_ADR_01_ASEReadCounter.table","NW_015090842.1:10233032",9,20,11
"GAS8","s954_F_ADR_01_ASEReadCounter.table","NW_015090842.1:10233057",7,16,9
"GAS8","s954_F_ADR_01_ASEReadCounter.table","NW_015090842.1:10233058",7,17,10
"GAS8","s954_F_ADR_01_ASEReadCounter.table","NW_015090842.1:10233176",10,20,10
"GAS8","s954_F_ADR_01_ASEReadCounter.table","NW_015090842.1:10233196",7,17,10
"GAS8","s954_F_ADR_01_ASEReadCounter.table","NW_015090842.1:10233252",11,17,6
"GAS8","s954_F_ADR_01_ASEReadCounter.table","NW_015090842.1:10233303",6,7,1
"LOC106888094","s954_F_ADR_01_ASEReadCounter.table","NW_015090842.1:10233334",3,49,46
"LOC106888094","s954_F_ADR_01_ASEReadCounter.table","NW_015090842.1:10233362",17,110,93
"LOC106888094","s954_F_ADR_01_ASEReadCounter.table","NW_015090842.1:10233373",19,125,106
"LOC106888094","s954_F_ADR_01_ASEReadCounter.table","NW_015090842.1:10233388",25,137,112
"LOC106888094","s954_F_ADR_01_ASEReadCounter.table","NW_015090842.1:10233402",26,142,116
"LOC106888094","s954_F_ADR_01_ASEReadCounter.table","NW_015090842.1:10233465",36,164,128
"LOC106888094","s954_F_ADR_01_ASEReadCounter.table","NW_015090842.1:10233803",35,228,193
"LOC106888094","s954_F_ADR_01_ASEReadCounter.table","NW_015090842.1:10233815",31,209,178
"LOC106888094","s954_F_ADR_01_ASEReadCounter.table","NW_015090842.1:10235484",3,5,2
"LOC106888094","s954_F_ADR_01_ASEReadCounter.table","NW_015090842.1:10235611",2,4,2
"LOC106888094","s954_F_ADR_01_ASEReadCounter.table","NW_015090842.1:10236098",3,11,8
"LOC106888094","s954_F_ADR_01_ASEReadCounter.table","NW_015090842.1:10236161",2,7,5
"LOC106888094","s954_F_ADR_01_ASEReadCounter.table","NW_015090842.1:10236380",0,3,3
"LOC106888094","s954_F_ADR_01_ASEReadCounter.table","NW_015090842.1:10236388",0,3,3
"LOC106888094","s954_F_ADR_01_ASEReadCounter.table","NW_015090842.1:10236425",1,1,0
"LOC106888094","s954_F_ADR_01_ASEReadCounter.table","NW_015090842.1:10236426",1,1,0
"LOC106888094","s954_F_ADR_01_ASEReadCounter.table","NW_015090842.1:10236603",1,5,4
"LOC106888173","s954_F_ADR_01_ASEReadCounter.table","NW_015090842.1:10239596",0,15,15
"LOC106888173","s954_F_ADR_01_ASEReadCounter.table","NW_015090842.1:10240036",2,30,28
"LOC106888173","s954_F_ADR_01_ASEReadCounter.table","NW_015090842.1:10240095",1,38,37
"LOC106888173","s954_F_ADR_01_ASEReadCounter.table","NW_015090842.1:10240280",2,41,39
"LOC106888173","s954_F_ADR_01_ASEReadCounter.table","NW_015090842.1:10240557",7,47,40
"LOC106888173","s954_F_ADR_01_ASEReadCounter.table","NW_015090842.1:10240603",7,47,40
"LOC106888173","s954_F_ADR_01_ASEReadCounter.table","NW_015090842.1:10240609",7,46,39
"LOC106888173","s954_F_ADR_01_ASEReadCounter.table","NW_015090842.1:10240690",3,36,33
"LOC106888173","s954_F_ADR_01_ASEReadCounter.table","NW_015090842.1:10240924",3,31,28
"LOC106888173","s954_F_ADR_01_ASEReadCounter.table","NW_015090842.1:10241037",0,34,34
"LOC106888173","s954_F_ADR_01_ASEReadCounter.table","NW_015090842.1:10241046",0,33,33
"LOC106888173","s954_F_ADR_01_ASEReadCounter.table","NW_015090842.1:10241058",0,39,39
"LOC106888173","s954_F_ADR_01_ASEReadCounter.table","NW_015090842.1:10241064",0,40,40
"LOC106888173","s954_F_ADR_01_ASEReadCounter.table","NW_015090842.1:10241103",39,39,0
"LOC106888173","s954_F_ADR_01_ASEReadCounter.table","NW_015090842.1:10241163",0,36,36
"LOC106888173","s954_F_ADR_01_ASEReadCounter.table","NW_015090842.1:10241803",1,41,40
"LOC106888173","s954_F_ADR_01_ASEReadCounter.table","NW_015090842.1:10241827",2,40,38
"LOC106888173","s954_F_ADR_01_ASEReadCounter.table","NW_015090842.1:10241869",4,39,35
"LOC106888173","s954_F_ADR_01_ASEReadCounter.table","NW_015090842.1:10242079",0,31,31
"LOC106888173","s954_F_ADR_01_ASEReadCounter.table","NW_015090842.1:10242103",0,28,28
"LOC106888173","s954_F_ADR_01_ASEReadCounter.table","NW_015090842.1:10242157",1,27,26
"LOC106888173","s954_F_ADR_01_ASEReadCounter.table","NW_015090842.1:10242455",2,32,30
"LOC106888173","s954_F_ADR_01_ASEReadCounter.table","NW_015090842.1:10242481",2,33,31
"LOC106888173","s954_F_ADR_01_ASEReadCounter.table","NW_015090842.1:10242590",1,42,41
"LOC106888173","s954_F_ADR_01_ASEReadCounter.table","NW_015090842.1:10242794",5,35,30
"LOC106888173","s954_F_ADR_01_ASEReadCounter.table","NW_015090842.1:10242909",1,32,31
"LOC106888173","s954_F_ADR_01_ASEReadCounter.table","NW_015090842.1:10243094",1,38,37
"LOC106888173","s954_F_ADR_01_ASEReadCounter.table","NW_015090842.1:10243133",2,35,33
"LOC106888173","s954_F_ADR_01_ASEReadCounter.table","NW_015090842.1:10243273",1,46,45
"LOC106888173","s954_F_ADR_01_ASEReadCounter.table","NW_015090842.1:10243278",2,46,44
"LOC106888173","s954_F_ADR_01_ASEReadCounter.table","NW_015090842.1:10243281",2,48,46
"LOC106888173","s954_F_ADR_01_ASEReadCounter.table","NW_015090842.1:10243347",19,21,2
"LOC106888173","s954_F_ADR_01_ASEReadCounter.table","NW_015090842.1:10243353",2,17,15
"LOC106888173","s954_F_ADR_01_ASEReadCounter.table","NW_015090842.1:10243363",2,15,13
"LOC106888173","s954_F_ADR_01_ASEReadCounter.table","NW_015090842.1:10243365",2,14,12
"LOC106888173","s954_F_ADR_01_ASEReadCounter.table","NW_015090842.1:10243566",2,38,36
"LOC106888173","s954_F_ADR_01_ASEReadCounter.table","NW_015090842.1:10243605",0,41,41
"LOC106888173","s954_F_ADR_01_ASEReadCounter.table","NW_015090842.1:10243614",0,40,40
"LOC106888173","s954_F_ADR_01_ASEReadCounter.table","NW_015090842.1:10243615",0,40,40
"LOC106888173","s954_F_ADR_01_ASEReadCounter.table","NW_015090842.1:10243640",0,31,31
"LOC106888173","s954_F_ADR_01_ASEReadCounter.table","NW_015090842.1:10243680",0,26,26
"LOC106888173","s954_F_ADR_01_ASEReadCounter.table","NW_015090842.1:10243742",0,22,22
"LOC106888173","s954_F_ADR_01_ASEReadCounter.table","NW_015090842.1:10243804",0,19,19
"LOC106888173","s954_F_ADR_01_ASEReadCounter.table","NW_015090842.1:10243913",0,7,7
"LOC106888173","s954_F_ADR_01_ASEReadCounter.table","NW_015090842.1:10243921",0,6,6
"LOC106888384","s954_F_ADR_01_ASEReadCounter.table","NW_015090842.1:10244714",0,5,5
"LOC106888384","s954_F_ADR_01_ASEReadCounter.table","NW_015090842.1:10244942",0,4,4
"LOC106888384","s954_F_ADR_01_ASEReadCounter.table","NW_015090842.1:10244998",1,6,5
"LOC106888384","s954_F_ADR_01_ASEReadCounter.table","NW_015090842.1:10250743",1,5,4
"LOC106888384","s954_F_ADR_01_ASEReadCounter.table","NW_015090842.1:10250771",1,5,4
"LOC106888384","s954_F_ADR_01_ASEReadCounter.table","NW_015090842.1:10251339",5,5,0
"LOC106888384","s954_F_ADR_01_ASEReadCounter.table","NW_015090842.1:10251343",4,4,0
"LOC106888384","s954_F_ADR_01_ASEReadCounter.table","NW_015090842.1:10251344",4,4,0
"LOC106888384","s954_F_ADR_01_ASEReadCounter.table","NW_015090842.1:10251349",4,4,0
"LOC106888384","s954_F_ADR_01_ASEReadCounter.table","NW_015090842.1:10251354",3,6,3
"LOC106888384","s954_F_ADR_01_ASEReadCounter.table","NW_015090842.1:10251358",3,6,3
"LOC106888384","s954_F_ADR_01_ASEReadCounter.table","NW_015090842.1:10251369",1,6,5
"LOC106888384","s954_F_ADR_01_ASEReadCounter.table","NW_015090842.1:10251370",2,5,3
"LOC106888384","s954_F_ADR_01_ASEReadCounter.table","NW_015090842.1:10251375",1,4,3
"LOC106888384","s954_F_ADR_01_ASEReadCounter.table","NW_015090842.1:10251388",0,3,3
"LOC106888384","s954_F_ADR_01_ASEReadCounter.table","NW_015090842.1:10251390",0,2,2
"LOC106888384","s954_F_ADR_01_ASEReadCounter.table","NW_015090842.1:10251393",0,2,2
"LOC106888384","s954_F_ADR_01_ASEReadCounter.table","NW_015090842.1:10251399",0,2,2
"LOC106888384","s954_F_ADR_01_ASEReadCounter.table","NW_015090842.1:10251492",2,2,0
"LOC106888384","s954_F_ADR_01_ASEReadCounter.table","NW_015090842.1:10253165",5,15,10
"LOC106888384","s954_F_ADR_01_ASEReadCounter.table","NW_015090842.1:10253284",4,8,4
"LOC106888384","s954_F_ADR_01_ASEReadCounter.table","NW_015090842.1:10254028",8,11,3
"LOC106888384","s954_F_ADR_01_ASEReadCounter.table","NW_015090842.1:10254227",9,12,3
"LOC106888384","s954_F_ADR_01_ASEReadCounter.table","NW_015090842.1:10254233",9,12,3
"LOC106888384","s954_F_ADR_01_ASEReadCounter.table","NW_015090842.1:10254263",11,16,5
"LOC106888384","s954_F_ADR_01_ASEReadCounter.table","NW_015090842.1:10254293",10,15,5
"LOC106888384","s954_F_ADR_01_ASEReadCounter.table","NW_015090842.1:10254570",3,9,6
"LOC106888384","s954_F_ADR_01_ASEReadCounter.table","NW_015090842.1:10254605",8,8,0
"LOC106888384","s954_F_ADR_01_ASEReadCounter.table","NW_015090842.1:10254608",7,7,0
"LOC106888384","s954_F_ADR_01_ASEReadCounter.table","NW_015090842.1:10254618",7,7,0
"LOC106888384","s954_F_ADR_01_ASEReadCounter.table","NW_015090842.1:10254620",7,7,0
"LOC106888384","s954_F_ADR_01_ASEReadCounter.table","NW_015090842.1:10254623",6,6,0
"LOC106888384","s954_F_ADR_01_ASEReadCounter.table","NW_015090842.1:10254624",6,6,0
"LOC106888384","s954_F_ADR_01_ASEReadCounter.table","NW_015090842.1:10254627",6,6,0
"LOC106888384","s954_F_ADR_01_ASEReadCounter.table","NW_015090842.1:10254629",6,6,0
"LOC106888384","s954_F_ADR_01_ASEReadCounter.table","NW_015090842.1:10254647",0,2,2
"LOC106888384","s954_F_ADR_01_ASEReadCounter.table","NW_015090842.1:10254663",0,1,1
"LOC106888384","s954_F_ADR_01_ASEReadCounter.table","NW_015090842.1:10254840",1,1,0
"LOC106888384","s954_F_ADR_01_ASEReadCounter.table","NW_015090842.1:10254891",3,3,0
"LOC106888384","s954_F_ADR_01_ASEReadCounter.table","NW_015090842.1:10254900",2,5,3
"LOC106888384","s954_F_ADR_01_ASEReadCounter.table","NW_015090842.1:10254915",2,7,5
"LOC106888384","s954_F_ADR_01_ASEReadCounter.table","NW_015090842.1:10254965",7,7,0
"LOC106888384","s954_F_ADR_01_ASEReadCounter.table","NW_015090842.1:10254975",1,7,6
"LOC106888384","s954_F_ADR_01_ASEReadCounter.table","NW_015090842.1:10255077",2,15,13
"LOC106888384","s954_F_ADR_01_ASEReadCounter.table","NW_015090842.1:10255117",3,13,10
"LOC106888384","s954_F_ADR_01_ASEReadCounter.table","NW_015090842.1:10255138",3,12,9
"LOC106888384","s954_F_ADR_01_ASEReadCounter.table","NW_015090842.1:10255139",3,12,9
"LOC106888384","s954_F_ADR_01_ASEReadCounter.table","NW_015090842.1:10255209",1,6,5
"LOC106888384","s954_F_ADR_01_ASEReadCounter.table","NW_015090842.1:10255211",1,6,5
"LOC106888384","s954_F_ADR_01_ASEReadCounter.table","NW_015090842.1:10255236",1,6,5
"LOC106888384","s954_F_ADR_01_ASEReadCounter.table","NW_015090842.1:10255262",3,8,5
"LOC106888384","s954_F_ADR_01_ASEReadCounter.table","NW_015090842.1:10255264",3,8,5
"LOC106888384","s954_F_ADR_01_ASEReadCounter.table","NW_015090842.1:10255306",2,7,5
"LOC106888384","s954_F_ADR_01_ASEReadCounter.table","NW_015090842.1:10255340",4,12,8
"LOC106888384","s954_F_ADR_01_ASEReadCounter.table","NW_015090842.1:10255410",8,14,6
"LOC106888384","s954_F_ADR_01_ASEReadCounter.table","NW_015090842.1:10255449",8,14,6
"LOC106888384","s954_F_ADR_01_ASEReadCounter.table","NW_015090842.1:10255496",5,11,6
"LOC106888384","s954_F_ADR_01_ASEReadCounter.table","NW_015090842.1:10255505",1,7,6
"LOC106888384","s954_F_ADR_01_ASEReadCounter.table","NW_015090842.1:10255531",3,10,7
"LOC106888384","s954_F_ADR_01_ASEReadCounter.table","NW_015090842.1:10255608",7,13,6
"LOC106888384","s954_F_ADR_01_ASEReadCounter.table","NW_015090842.1:10255704",10,16,6
"LOC106888384","s954_F_ADR_01_ASEReadCounter.table","NW_015090842.1:10255731",8,12,4
"LOC106888384","s954_F_ADR_01_ASEReadCounter.table","NW_015090842.1:10255771",6,8,2
"TANGO6","s954_F_ADR_01_ASEReadCounter.table","NW_015090842.1:10257782",7,14,7
"TANGO6","s954_F_ADR_01_ASEReadCounter.table","NW_015090842.1:10258162",6,12,6
"TANGO6","s954_F_ADR_01_ASEReadCounter.table","NW_015090842.1:10258185",6,14,8
"TANGO6","s954_F_ADR_01_ASEReadCounter.table","NW_015090842.1:10259267",5,16,11
"TANGO6","s954_F_ADR_01_ASEReadCounter.table","NW_015090842.1:10260250",32,57,25
"TANGO6","s954_F_ADR_01_ASEReadCounter.table","NW_015090842.1:10260289",34,53,19
"TANGO6","s954_F_ADR_01_ASEReadCounter.table","NW_015090842.1:10260309",24,41,17
"TANGO6","s954_F_ADR_01_ASEReadCounter.table","NW_015090842.1:10260979",23,46,23
"TANGO6","s954_F_ADR_01_ASEReadCounter.table","NW_015090842.1:10261599",19,42,23
"TANGO6","s954_F_ADR_01_ASEReadCounter.table","NW_015090842.1:10268425",27,61,34
"TANGO6","s954_F_ADR_01_ASEReadCounter.table","NW_015090842.1:10269831",22,60,38
"TANGO6","s954_F_ADR_01_ASEReadCounter.table","NW_015090842.1:10270813",21,49,28
"TANGO6","s954_F_ADR_01_ASEReadCounter.table","NW_015090842.1:10274018",26,44,18
"TANGO6","s954_F_ADR_01_ASEReadCounter.table","NW_015090842.1:10275974",18,31,13
"TANGO6","s954_F_ADR_01_ASEReadCounter.table","NW_015090842.1:10275976",18,30,12
"TANGO6","s954_F_ADR_01_ASEReadCounter.table","NW_015090842.1:10276123",26,44,18
"TANGO6","s954_F_ADR_01_ASEReadCounter.table","NW_015090842.1:10276271",23,45,22
"TANGO6","s954_F_ADR_01_ASEReadCounter.table","NW_015090842.1:10276272",23,46,23
"TANGO6","s954_F_ADR_01_ASEReadCounter.table","NW_015090842.1:10276275",23,49,26
"TANGO6","s954_F_ADR_01_ASEReadCounter.table","NW_015090842.1:10276278",25,50,25
"TANGO6","s954_F_ADR_01_ASEReadCounter.table","NW_015090842.1:10276368",18,33,15
"TANGO6","s954_F_ADR_01_ASEReadCounter.table","NW_015090842.1:10276373",15,31,16
"TANGO6","s954_F_ADR_01_ASEReadCounter.table","NW_015090842.1:10276630",20,42,22
"TANGO6","s954_F_ADR_01_ASEReadCounter.table","NW_015090842.1:10281498",26,47,21
"TANGO6","s954_F_ADR_01_ASEReadCounter.table","NW_015090842.1:10281516",26,44,18
"TANGO6","s954_F_ADR_01_ASEReadCounter.table","NW_015090842.1:10282842",25,46,21
"TANGO6","s954_F_ADR_01_ASEReadCounter.table","NW_015090842.1:10282863",22,40,18
"TANGO6","s954_F_ADR_01_ASEReadCounter.table","NW_015090842.1:10282869",20,39,19
"TANGO6","s954_F_ADR_01_ASEReadCounter.table","NW_015090842.1:10282903",14,33,19
"TANGO6","s954_F_ADR_01_ASEReadCounter.table","NW_015090842.1:10283757",18,41,23
"TANGO6","s954_F_ADR_01_ASEReadCounter.table","NW_015090842.1:10283785",21,39,18
"CHTF8","s954_F_ADR_01_ASEReadCounter.table","NW_015090842.1:10291319",3,3,0
"CHTF8","s954_F_ADR_01_ASEReadCounter.table","NW_015090842.1:10291491",13,15,2
"CHTF8","s954_F_ADR_01_ASEReadCounter.table","NW_015090842.1:10291520",13,20,7
"CHTF8","s954_F_ADR_01_ASEReadCounter.table","NW_015090842.1:10291593",14,22,8
"CHTF8","s954_F_ADR_01_ASEReadCounter.table","NW_015090842.1:10291600",17,25,8
"CHTF8","s954_F_ADR_01_ASEReadCounter.table","NW_015090842.1:10291609",15,25,10
"CHTF8","s954_F_ADR_01_ASEReadCounter.table","NW_015090842.1:10291639",16,24,8
"CHTF8","s954_F_ADR_01_ASEReadCounter.table","NW_015090842.1:10291641",16,24,8
"CHTF8","s954_F_ADR_01_ASEReadCounter.table","NW_015090842.1:10291648",18,27,9
"CHTF8","s954_F_ADR_01_ASEReadCounter.table","NW_015090842.1:10291656",18,27,9
"CHTF8","s954_F_ADR_01_ASEReadCounter.table","NW_015090842.1:10291675",19,28,9
"CHTF8","s954_F_ADR_01_ASEReadCounter.table","NW_015090842.1:10291696",15,26,11
"CHTF8","s954_F_ADR_01_ASEReadCounter.table","NW_015090842.1:10291714",13,25,12
"CHTF8","s954_F_ADR_01_ASEReadCounter.table","NW_015090842.1:10291732",14,26,12
"CHTF8","s954_F_ADR_01_ASEReadCounter.table","NW_015090842.1:10291755",13,23,10
"CHTF8","s954_F_ADR_01_ASEReadCounter.table","NW_015090842.1:10291756",14,24,10
"CHTF8","s954_F_ADR_01_ASEReadCounter.table","NW_015090842.1:10291758",14,24,10
"CHTF8","s954_F_ADR_01_ASEReadCounter.table","NW_015090842.1:10291792",16,26,10
"CHTF8","s954_F_ADR_01_ASEReadCounter.table","NW_015090842.1:10291895",18,26,8
"CHTF8","s954_F_ADR_01_ASEReadCounter.table","NW_015090842.1:10292132",15,26,11
"CHTF8","s954_F_ADR_01_ASEReadCounter.table","NW_015090842.1:10292314",15,28,13
"CHTF8","s954_F_ADR_01_ASEReadCounter.table","NW_015090842.1:10292317",15,27,12
"CHTF8","s954_F_ADR_01_ASEReadCounter.table","NW_015090842.1:10292928",5,7,2
"UTP4","s954_F_ADR_01_ASEReadCounter.table","NW_015090842.1:10293146",24,65,41
"UTP4","s954_F_ADR_01_ASEReadCounter.table","NW_015090842.1:10293151",21,61,40
"UTP4","s954_F_ADR_01_ASEReadCounter.table","NW_015090842.1:10293191",12,39,27
"UTP4","s954_F_ADR_01_ASEReadCounter.table","NW_015090842.1:10293362",26,65,39
"UTP4","s954_F_ADR_01_ASEReadCounter.table","NW_015090842.1:10293430",25,65,40
"UTP4","s954_F_ADR_01_ASEReadCounter.table","NW_015090842.1:10293625",23,53,30
"UTP4","s954_F_ADR_01_ASEReadCounter.table","NW_015090842.1:10293684",30,68,38
"UTP4","s954_F_ADR_01_ASEReadCounter.table","NW_015090842.1:10294093",25,64,39
"UTP4","s954_F_ADR_01_ASEReadCounter.table","NW_015090842.1:10294622",31,59,28
"UTP4","s954_F_ADR_01_ASEReadCounter.table","NW_015090842.1:10294632",31,59,28
"UTP4","s954_F_ADR_01_ASEReadCounter.table","NW_015090842.1:10295238",24,54,30
"UTP4","s954_F_ADR_01_ASEReadCounter.table","NW_015090842.1:10295880",23,65,42
"UTP4","s954_F_ADR_01_ASEReadCounter.table","NW_015090842.1:10295884",21,65,44
"UTP4","s954_F_ADR_01_ASEReadCounter.table","NW_015090842.1:10295903",22,61,39
"UTP4","s954_F_ADR_01_ASEReadCounter.table","NW_015090842.1:10295906",24,61,37
"UTP4","s954_F_ADR_01_ASEReadCounter.table","NW_015090842.1:10295915",27,66,39
"UTP4","s954_F_ADR_01_ASEReadCounter.table","NW_015090842.1:10295938",27,60,33
"UTP4","s954_F_ADR_01_ASEReadCounter.table","NW_015090842.1:10296175",29,58,29
"UTP4","s954_F_ADR_01_ASEReadCounter.table","NW_015090842.1:10296660",31,58,27
"UTP4","s954_F_ADR_01_ASEReadCounter.table","NW_015090842.1:10296679",31,68,37
"UTP4","s954_F_ADR_01_ASEReadCounter.table","NW_015090842.1:10297193",43,83,40
"UTP4","s954_F_ADR_01_ASEReadCounter.table","NW_015090842.1:10297220",39,76,37
"UTP4","s954_F_ADR_01_ASEReadCounter.table","NW_015090842.1:10297307",33,86,53
"UTP4","s954_F_ADR_01_ASEReadCounter.table","NW_015090842.1:10297558",30,83,53
"UTP4","s954_F_ADR_01_ASEReadCounter.table","NW_015090842.1:10297943",24,54,30
"UTP4","s954_F_ADR_01_ASEReadCounter.table","NW_015090842.1:10297979",23,53,30
"UTP4","s954_F_ADR_01_ASEReadCounter.table","NW_015090842.1:10298022",16,41,25
"UTP4","s954_F_ADR_01_ASEReadCounter.table","NW_015090842.1:10298079",0,13,13
"UTP4","s954_F_ADR_01_ASEReadCounter.table","NW_015090842.1:10298081",0,12,12
"UTP4","s954_F_ADR_01_ASEReadCounter.table","NW_015090842.1:10298082",0,11,11
"SNTB2","s954_F_ADR_01_ASEReadCounter.table","NW_015090842.1:10298905",4,7,3
"SNTB2","s954_F_ADR_01_ASEReadCounter.table","NW_015090842.1:10298928",6,13,7
"SNTB2","s954_F_ADR_01_ASEReadCounter.table","NW_015090842.1:10303506",14,28,14
"SNTB2","s954_F_ADR_01_ASEReadCounter.table","NW_015090842.1:10303524",15,29,14
"SNTB2","s954_F_ADR_01_ASEReadCounter.table","NW_015090842.1:10304059",15,27,12
"SNTB2","s954_F_ADR_01_ASEReadCounter.table","NW_015090842.1:10304089",16,28,12
"SNTB2","s954_F_ADR_01_ASEReadCounter.table","NW_015090842.1:10304167",12,21,9
"SNTB2","s954_F_ADR_01_ASEReadCounter.table","NW_015090842.1:10304176",13,22,9
"SNTB2","s954_F_ADR_01_ASEReadCounter.table","NW_015090842.1:10305069",15,29,14
"SNTB2","s954_F_ADR_01_ASEReadCounter.table","NW_015090842.1:10305099",15,26,11
"SNTB2","s954_F_ADR_01_ASEReadCounter.table","NW_015090842.1:10305171",12,19,7
"SNTB2","s954_F_ADR_01_ASEReadCounter.table","NW_015090842.1:10305177",12,19,7
"SNTB2","s954_F_ADR_01_ASEReadCounter.table","NW_015090842.1:10305451",17,28,11
"SNTB2","s954_F_ADR_01_ASEReadCounter.table","NW_015090842.1:10305547",13,26,13
"SNTB2","s954_F_ADR_01_ASEReadCounter.table","NW_015090842.1:10305847",15,28,13
"SNTB2","s954_F_ADR_01_ASEReadCounter.table","NW_015090842.1:10306173",14,26,12
"SNTB2","s954_F_ADR_01_ASEReadCounter.table","NW_015090842.1:10306275",9,22,13
"SNTB2","s954_F_ADR_01_ASEReadCounter.table","NW_015090842.1:10306457",9,22,13
"SNTB2","s954_F_ADR_01_ASEReadCounter.table","NW_015090842.1:10306496",11,23,12
"SNTB2","s954_F_ADR_01_ASEReadCounter.table","NW_015090842.1:10306499",11,23,12
"VPS4A","s954_F_ADR_01_ASEReadCounter.table","NW_015090842.1:10308566",111,262,151
"VPS4A","s954_F_ADR_01_ASEReadCounter.table","NW_015090842.1:10308573",118,269,151
"VPS4A","s954_F_ADR_01_ASEReadCounter.table","NW_015090842.1:10308856",162,405,243
"VPS4A","s954_F_ADR_01_ASEReadCounter.table","NW_015090842.1:10309056",209,476,267
"VPS4A","s954_F_ADR_01_ASEReadCounter.table","NW_015090842.1:10309089",264,508,244
"VPS4A","s954_F_ADR_01_ASEReadCounter.table","NW_015090842.1:10309392",244,475,231
"VPS4A","s954_F_ADR_01_ASEReadCounter.table","NW_015090842.1:10309413",234,473,239
"VPS4A","s954_F_ADR_01_ASEReadCounter.table","NW_015090842.1:10309467",230,538,308
"VPS4A","s954_F_ADR_01_ASEReadCounter.table","NW_015090842.1:10310230",248,521,273
"VPS4A","s954_F_ADR_01_ASEReadCounter.table","NW_015090842.1:10310425",205,451,246
"VPS4A","s954_F_ADR_01_ASEReadCounter.table","NW_015090842.1:10310639",261,540,279
"VPS4A","s954_F_ADR_01_ASEReadCounter.table","NW_015090842.1:10310734",224,445,221
"VPS4A","s954_F_ADR_01_ASEReadCounter.table","NW_015090842.1:10310737",222,445,223
"VPS4A","s954_F_ADR_01_ASEReadCounter.table","NW_015090842.1:10310746",217,440,223
"VPS4A","s954_F_ADR_01_ASEReadCounter.table","NW_015090842.1:10310767",227,446,219
"VPS4A","s954_F_ADR_01_ASEReadCounter.table","NW_015090842.1:10310995",206,435,229
"VPS4A","s954_F_ADR_01_ASEReadCounter.table","NW_015090842.1:10311004",205,416,211
"VPS4A","s954_F_ADR_01_ASEReadCounter.table","NW_015090842.1:10311007",208,429,221
"VPS4A","s954_F_ADR_01_ASEReadCounter.table","NW_015090842.1:10311013",213,436,223
"VPS4A","s954_F_ADR_01_ASEReadCounter.table","NW_015090842.1:10311022",206,436,230
"VPS4A","s954_F_ADR_01_ASEReadCounter.table","NW_015090842.1:10311023",205,427,222
"VPS4A","s954_F_ADR_01_ASEReadCounter.table","NW_015090842.1:10311426",214,466,252
"VPS4A","s954_F_ADR_01_ASEReadCounter.table","NW_015090842.1:10311489",2,13,11
"VPS4A","s954_F_ADR_01_ASEReadCounter.table","NW_015090842.1:10311490",3,8,5
"VPS4A","s954_F_ADR_01_ASEReadCounter.table","NW_015090842.1:10311525",8,29,21
"VPS4A","s954_F_ADR_01_ASEReadCounter.table","NW_015090842.1:10311529",9,39,30
"VPS4A","s954_F_ADR_01_ASEReadCounter.table","NW_015090842.1:10311530",8,39,31
"VPS4A","s954_F_ADR_01_ASEReadCounter.table","NW_015090842.1:10311552",36,78,42
"VPS4A","s954_F_ADR_01_ASEReadCounter.table","NW_015090842.1:10311689",33,73,40
"VPS4A","s954_F_ADR_01_ASEReadCounter.table","NW_015090842.1:10311700",45,82,37
"VPS4A","s954_F_ADR_01_ASEReadCounter.table","NW_015090842.1:10311701",44,82,38
"VPS4A","s954_F_ADR_01_ASEReadCounter.table","NW_015090842.1:10311703",46,85,39
"COG8","s954_F_ADR_01_ASEReadCounter.table","NW_015090842.1:10313487",27,59,32
"COG8","s954_F_ADR_01_ASEReadCounter.table","NW_015090842.1:10313559",34,71,37
"COG8","s954_F_ADR_01_ASEReadCounter.table","NW_015090842.1:10313579",24,61,37
"COG8","s954_F_ADR_01_ASEReadCounter.table","NW_015090842.1:10313665",23,54,31
"COG8","s954_F_ADR_01_ASEReadCounter.table","NW_015090842.1:10313681",30,66,36
"COG8","s954_F_ADR_01_ASEReadCounter.table","NW_015090842.1:10313768",25,71,46
"COG8","s954_F_ADR_01_ASEReadCounter.table","NW_015090842.1:10313775",32,75,43
"COG8","s954_F_ADR_01_ASEReadCounter.table","NW_015090842.1:10313811",33,72,39
"COG8","s954_F_ADR_01_ASEReadCounter.table","NW_015090842.1:10313858",29,60,31
"COG8","s954_F_ADR_01_ASEReadCounter.table","NW_015090842.1:10314100",30,66,36
"COG8","s954_F_ADR_01_ASEReadCounter.table","NW_015090842.1:10314213",33,74,41
"COG8","s954_F_ADR_01_ASEReadCounter.table","NW_015090842.1:10315093",35,65,30
"COG8","s954_F_ADR_01_ASEReadCounter.table","NW_015090842.1:10315162",23,53,30
"COG8","s954_F_ADR_01_ASEReadCounter.table","NW_015090842.1:10315285",28,78,50
"COG8","s954_F_ADR_01_ASEReadCounter.table","NW_015090842.1:10315360",21,61,40
"COG8","s954_F_ADR_01_ASEReadCounter.table","NW_015090842.1:10315369",22,65,43
"COG8","s954_F_ADR_01_ASEReadCounter.table","NW_015090842.1:10315504",13,35,22
"COG8","s954_F_ADR_01_ASEReadCounter.table","NW_015090842.1:10315508",12,35,23
"COG8","s954_F_ADR_01_ASEReadCounter.table","NW_015090842.1:10315624",22,62,40
"COG8","s954_F_ADR_01_ASEReadCounter.table","NW_015090842.1:10315693",18,46,28
"COG8","s954_F_ADR_01_ASEReadCounter.table","NW_015090842.1:10315698",18,49,31
"COG8","s954_F_ADR_01_ASEReadCounter.table","NW_015090842.1:10315768",28,59,31
"COG8","s954_F_ADR_01_ASEReadCounter.table","NW_015090842.1:10315769",28,60,32
"COG8","s954_F_ADR_01_ASEReadCounter.table","NW_015090842.1:10315784",33,61,28
"COG8","s954_F_ADR_01_ASEReadCounter.table","NW_015090842.1:10316093",22,56,34
"COG8","s954_F_ADR_01_ASEReadCounter.table","NW_015090842.1:10316133",17,49,32
"NIP7","s954_F_ADR_01_ASEReadCounter.table","NW_015090842.1:10316759",34,54,20
"NIP7","s954_F_ADR_01_ASEReadCounter.table","NW_015090842.1:10316967",126,236,110
"NIP7","s954_F_ADR_01_ASEReadCounter.table","NW_015090842.1:10316995",137,270,133
"NIP7","s954_F_ADR_01_ASEReadCounter.table","NW_015090842.1:10317240",212,389,177
"NIP7","s954_F_ADR_01_ASEReadCounter.table","NW_015090842.1:10317247",198,376,178
"NIP7","s954_F_ADR_01_ASEReadCounter.table","NW_015090842.1:10317264",190,352,162
"NIP7","s954_F_ADR_01_ASEReadCounter.table","NW_015090842.1:10317433",214,425,211
"NIP7","s954_F_ADR_01_ASEReadCounter.table","NW_015090842.1:10317738",159,320,161
"NIP7","s954_F_ADR_01_ASEReadCounter.table","NW_015090842.1:10317769",173,336,163
"NIP7","s954_F_ADR_01_ASEReadCounter.table","NW_015090842.1:10317808",103,200,97
"NIP7","s954_F_ADR_01_ASEReadCounter.table","NW_015090842.1:10317870",74,149,75
"NIP7","s954_F_ADR_01_ASEReadCounter.table","NW_015090842.1:10317871",74,147,73
"NIP7","s954_F_ADR_01_ASEReadCounter.table","NW_015090842.1:10317898",54,109,55
"NIP7","s954_F_ADR_01_ASEReadCounter.table","NW_015090842.1:10317911",47,91,44
"TMED6","s954_F_ADR_01_ASEReadCounter.table","NW_015090842.1:10318731",1,1,0
"TERF2","s954_F_ADR_01_ASEReadCounter.table","NW_015090842.1:10321665",6,6,0
"TERF2","s954_F_ADR_01_ASEReadCounter.table","NW_015090842.1:10321768",26,59,33
"TERF2","s954_F_ADR_01_ASEReadCounter.table","NW_015090842.1:10321777",26,62,36
"TERF2","s954_F_ADR_01_ASEReadCounter.table","NW_015090842.1:10321805",26,65,39
"TERF2","s954_F_ADR_01_ASEReadCounter.table","NW_015090842.1:10321878",29,71,42
"TERF2","s954_F_ADR_01_ASEReadCounter.table","NW_015090842.1:10321893",3,66,63
"TERF2","s954_F_ADR_01_ASEReadCounter.table","NW_015090842.1:10321897",19,57,38
"TERF2","s954_F_ADR_01_ASEReadCounter.table","NW_015090842.1:10321908",22,56,34
"TERF2","s954_F_ADR_01_ASEReadCounter.table","NW_015090842.1:10322001",39,71,32
"TERF2","s954_F_ADR_01_ASEReadCounter.table","NW_015090842.1:10322035",35,64,29
"TERF2","s954_F_ADR_01_ASEReadCounter.table","NW_015090842.1:10322051",31,69,38
"TERF2","s954_F_ADR_01_ASEReadCounter.table","NW_015090842.1:10322137",26,67,41
"TERF2","s954_F_ADR_01_ASEReadCounter.table","NW_015090842.1:10322144",31,67,36
"TERF2","s954_F_ADR_01_ASEReadCounter.table","NW_015090842.1:10322388",25,85,60
"TERF2","s954_F_ADR_01_ASEReadCounter.table","NW_015090842.1:10322396",26,83,57
"TERF2","s954_F_ADR_01_ASEReadCounter.table","NW_015090842.1:10322502",29,92,63
"TERF2","s954_F_ADR_01_ASEReadCounter.table","NW_015090842.1:10322504",30,94,64
"TERF2","s954_F_ADR_01_ASEReadCounter.table","NW_015090842.1:10322510",31,100,69
"TERF2","s954_F_ADR_01_ASEReadCounter.table","NW_015090842.1:10323580",39,106,67
"TERF2","s954_F_ADR_01_ASEReadCounter.table","NW_015090842.1:10324314",34,90,56
"TERF2","s954_F_ADR_01_ASEReadCounter.table","NW_015090842.1:10326832",34,79,45
"TERF2","s954_F_ADR_01_ASEReadCounter.table","NW_015090842.1:10327787",20,53,33
"TERF2","s954_F_ADR_01_ASEReadCounter.table","NW_015090842.1:10328588",33,72,39
"TERF2","s954_F_ADR_01_ASEReadCounter.table","NW_015090842.1:10328644",31,76,45
"TERF2","s954_F_ADR_01_ASEReadCounter.table","NW_015090842.1:10329813",21,56,35
"TERF2","s954_F_ADR_01_ASEReadCounter.table","NW_015090842.1:10330749",36,63,27
"TERF2","s954_F_ADR_01_ASEReadCounter.table","NW_015090842.1:10330789",31,61,30
"CYB5B","s954_F_ADR_01_ASEReadCounter.table","NW_015090842.1:10336595",20,37,17
"CYB5B","s954_F_ADR_01_ASEReadCounter.table","NW_015090842.1:10336667",122,227,105
"CYB5B","s954_F_ADR_01_ASEReadCounter.table","NW_015090842.1:10336689",165,314,149
"CYB5B","s954_F_ADR_01_ASEReadCounter.table","NW_015090842.1:10336728",205,397,192
"CYB5B","s954_F_ADR_01_ASEReadCounter.table","NW_015090842.1:10345068",215,415,200
"CYB5B","s954_F_ADR_01_ASEReadCounter.table","NW_015090842.1:10348800",291,550,259
"CYB5B","s954_F_ADR_01_ASEReadCounter.table","NW_015090842.1:10348888",235,453,218
"CYB5B","s954_F_ADR_01_ASEReadCounter.table","NW_015090842.1:10349046",216,399,183
"CYB5B","s954_F_ADR_01_ASEReadCounter.table","NW_015090842.1:10349119",136,336,200
"CYB5B","s954_F_ADR_01_ASEReadCounter.table","NW_015090842.1:10349146",95,288,193
"CYB5B","s954_F_ADR_01_ASEReadCounter.table","NW_015090842.1:10349157",146,346,200
