"gene","id","snp","ref_count","total_count","alt_count"
"CENPN","s954_F_HYP_02_ASEReadCounter.table","NW_015090842.1:5801612",1,1,0
"CENPN","s954_F_HYP_02_ASEReadCounter.table","NW_015090842.1:5801618",1,1,0
"CENPN","s954_F_HYP_02_ASEReadCounter.table","NW_015090842.1:5801623",1,1,0
"CENPN","s954_F_HYP_02_ASEReadCounter.table","NW_015090842.1:5801631",2,2,0
"CENPN","s954_F_HYP_02_ASEReadCounter.table","NW_015090842.1:5801632",2,2,0
"CENPN","s954_F_HYP_02_ASEReadCounter.table","NW_015090842.1:5801655",2,3,1
"CENPN","s954_F_HYP_02_ASEReadCounter.table","NW_015090842.1:5801662",2,3,1
"CENPN","s954_F_HYP_02_ASEReadCounter.table","NW_015090842.1:5801670",2,3,1
"CENPN","s954_F_HYP_02_ASEReadCounter.table","NW_015090842.1:5801674",2,3,1
"CENPN","s954_F_HYP_02_ASEReadCounter.table","NW_015090842.1:5801692",3,4,1
"CENPN","s954_F_HYP_02_ASEReadCounter.table","NW_015090842.1:5801697",3,4,1
"CENPN","s954_F_HYP_02_ASEReadCounter.table","NW_015090842.1:5802008",2,5,3
"CENPN","s954_F_HYP_02_ASEReadCounter.table","NW_015090842.1:5802012",2,5,3
"CENPN","s954_F_HYP_02_ASEReadCounter.table","NW_015090842.1:5802087",3,6,3
"CENPN","s954_F_HYP_02_ASEReadCounter.table","NW_015090842.1:5810113",6,6,0
"CENPN","s954_F_HYP_02_ASEReadCounter.table","NW_015090842.1:5810147",8,8,0
"CENPN","s954_F_HYP_02_ASEReadCounter.table","NW_015090842.1:5810148",8,8,0
"ATMIN","s954_F_HYP_02_ASEReadCounter.table","NW_015090842.1:5818789",4,13,9
"ATMIN","s954_F_HYP_02_ASEReadCounter.table","NW_015090842.1:5819958",5,14,9
"ATMIN","s954_F_HYP_02_ASEReadCounter.table","NW_015090842.1:5820004",2,11,9
"ATMIN","s954_F_HYP_02_ASEReadCounter.table","NW_015090842.1:5820217",2,14,12
"ATMIN","s954_F_HYP_02_ASEReadCounter.table","NW_015090842.1:5820250",4,16,12
"ATMIN","s954_F_HYP_02_ASEReadCounter.table","NW_015090842.1:5820298",5,15,10
"ATMIN","s954_F_HYP_02_ASEReadCounter.table","NW_015090842.1:5820417",5,10,5
"ATMIN","s954_F_HYP_02_ASEReadCounter.table","NW_015090842.1:5820421",5,11,6
"ATMIN","s954_F_HYP_02_ASEReadCounter.table","NW_015090842.1:5820448",4,11,7
"ATMIN","s954_F_HYP_02_ASEReadCounter.table","NW_015090842.1:5820457",4,11,7
"ATMIN","s954_F_HYP_02_ASEReadCounter.table","NW_015090842.1:5820510",2,9,7
"ATMIN","s954_F_HYP_02_ASEReadCounter.table","NW_015090842.1:5820673",7,17,10
"ATMIN","s954_F_HYP_02_ASEReadCounter.table","NW_015090842.1:5820754",7,13,6
"ATMIN","s954_F_HYP_02_ASEReadCounter.table","NW_015090842.1:5820820",5,14,9
"ATMIN","s954_F_HYP_02_ASEReadCounter.table","NW_015090842.1:5820865",7,18,11
"ATMIN","s954_F_HYP_02_ASEReadCounter.table","NW_015090842.1:5820889",13,22,9
"ATMIN","s954_F_HYP_02_ASEReadCounter.table","NW_015090842.1:5820891",13,22,9
"ATMIN","s954_F_HYP_02_ASEReadCounter.table","NW_015090842.1:5820997",14,22,8
"ATMIN","s954_F_HYP_02_ASEReadCounter.table","NW_015090842.1:5821063",15,26,11
"ATMIN","s954_F_HYP_02_ASEReadCounter.table","NW_015090842.1:5821132",7,17,10
"ATMIN","s954_F_HYP_02_ASEReadCounter.table","NW_015090842.1:5821645",13,26,13
"ATMIN","s954_F_HYP_02_ASEReadCounter.table","NW_015090842.1:5825066",12,45,33
"ATMIN","s954_F_HYP_02_ASEReadCounter.table","NW_015090842.1:5825106",19,53,34
"ATMIN","s954_F_HYP_02_ASEReadCounter.table","NW_015090842.1:5825122",25,58,33
"ATMIN","s954_F_HYP_02_ASEReadCounter.table","NW_015090842.1:5825178",26,59,33
"ATMIN","s954_F_HYP_02_ASEReadCounter.table","NW_015090842.1:5825194",25,53,28
"ATMIN","s954_F_HYP_02_ASEReadCounter.table","NW_015090842.1:5825195",24,52,28
"ATMIN","s954_F_HYP_02_ASEReadCounter.table","NW_015090842.1:5825220",18,45,27
"ATMIN","s954_F_HYP_02_ASEReadCounter.table","NW_015090842.1:5825240",22,47,25
"ATMIN","s954_F_HYP_02_ASEReadCounter.table","NW_015090842.1:5825303",37,78,41
"ATMIN","s954_F_HYP_02_ASEReadCounter.table","NW_015090842.1:5825304",37,77,40
"ATMIN","s954_F_HYP_02_ASEReadCounter.table","NW_015090842.1:5825310",33,74,41
"ATMIN","s954_F_HYP_02_ASEReadCounter.table","NW_015090842.1:5825406",29,64,35
"ATMIN","s954_F_HYP_02_ASEReadCounter.table","NW_015090842.1:5825415",28,63,35
"ATMIN","s954_F_HYP_02_ASEReadCounter.table","NW_015090842.1:5825438",30,66,36
"ATMIN","s954_F_HYP_02_ASEReadCounter.table","NW_015090842.1:5825485",36,78,42
"ATMIN","s954_F_HYP_02_ASEReadCounter.table","NW_015090842.1:5825524",42,79,37
"ATMIN","s954_F_HYP_02_ASEReadCounter.table","NW_015090842.1:5825557",30,67,37
"ATMIN","s954_F_HYP_02_ASEReadCounter.table","NW_015090842.1:5825571",28,64,36
"ATMIN","s954_F_HYP_02_ASEReadCounter.table","NW_015090842.1:5825579",29,66,37
"ATMIN","s954_F_HYP_02_ASEReadCounter.table","NW_015090842.1:5825590",24,57,33
"ATMIN","s954_F_HYP_02_ASEReadCounter.table","NW_015090842.1:5825689",30,77,47
"ATMIN","s954_F_HYP_02_ASEReadCounter.table","NW_015090842.1:5825703",35,88,53
"ATMIN","s954_F_HYP_02_ASEReadCounter.table","NW_015090842.1:5825787",32,77,45
"ATMIN","s954_F_HYP_02_ASEReadCounter.table","NW_015090842.1:5825833",36,74,38
"ATMIN","s954_F_HYP_02_ASEReadCounter.table","NW_015090842.1:5825841",27,59,32
"ATMIN","s954_F_HYP_02_ASEReadCounter.table","NW_015090842.1:5825895",33,72,39
"ATMIN","s954_F_HYP_02_ASEReadCounter.table","NW_015090842.1:5825984",42,82,40
"ATMIN","s954_F_HYP_02_ASEReadCounter.table","NW_015090842.1:5826162",38,97,59
"ATMIN","s954_F_HYP_02_ASEReadCounter.table","NW_015090842.1:5826194",48,111,63
"ATMIN","s954_F_HYP_02_ASEReadCounter.table","NW_015090842.1:5826235",51,110,59
"ATMIN","s954_F_HYP_02_ASEReadCounter.table","NW_015090842.1:5826245",53,112,59
"ATMIN","s954_F_HYP_02_ASEReadCounter.table","NW_015090842.1:5826335",29,71,42
"ATMIN","s954_F_HYP_02_ASEReadCounter.table","NW_015090842.1:5826417",43,85,42
"ATMIN","s954_F_HYP_02_ASEReadCounter.table","NW_015090842.1:5826431",33,97,64
"ATMIN","s954_F_HYP_02_ASEReadCounter.table","NW_015090842.1:5826438",40,88,48
"ATMIN","s954_F_HYP_02_ASEReadCounter.table","NW_015090842.1:5826463",53,125,72
"ATMIN","s954_F_HYP_02_ASEReadCounter.table","NW_015090842.1:5826502",47,115,68
"ATMIN","s954_F_HYP_02_ASEReadCounter.table","NW_015090842.1:5826511",50,117,67
"ATMIN","s954_F_HYP_02_ASEReadCounter.table","NW_015090842.1:5826659",61,114,53
"ATMIN","s954_F_HYP_02_ASEReadCounter.table","NW_015090842.1:5826701",65,125,60
"ATMIN","s954_F_HYP_02_ASEReadCounter.table","NW_015090842.1:5826702",64,124,60
"ATMIN","s954_F_HYP_02_ASEReadCounter.table","NW_015090842.1:5826732",77,148,71
"ATMIN","s954_F_HYP_02_ASEReadCounter.table","NW_015090842.1:5826745",83,161,78
"ATMIN","s954_F_HYP_02_ASEReadCounter.table","NW_015090842.1:5826835",80,135,55
"ATMIN","s954_F_HYP_02_ASEReadCounter.table","NW_015090842.1:5826942",43,127,84
"ATMIN","s954_F_HYP_02_ASEReadCounter.table","NW_015090842.1:5827193",97,210,113
"ATMIN","s954_F_HYP_02_ASEReadCounter.table","NW_015090842.1:5827196",91,210,119
"ATMIN","s954_F_HYP_02_ASEReadCounter.table","NW_015090842.1:5827269",71,172,101
"ATMIN","s954_F_HYP_02_ASEReadCounter.table","NW_015090842.1:5827315",50,118,68
"ATMIN","s954_F_HYP_02_ASEReadCounter.table","NW_015090842.1:5827316",50,122,72
"ATMIN","s954_F_HYP_02_ASEReadCounter.table","NW_015090842.1:5827333",53,121,68
"PPP1R3E","s954_F_HYP_02_ASEReadCounter.table","NW_015090842.1:5837733",5,12,7
"PPP1R3E","s954_F_HYP_02_ASEReadCounter.table","NW_015090842.1:5837947",4,7,3
"PKD1L2","s954_F_HYP_02_ASEReadCounter.table","NW_015090842.1:5867509",2,2,0
"PKD1L2","s954_F_HYP_02_ASEReadCounter.table","NW_015090842.1:5867597",3,4,1
"PKD1L2","s954_F_HYP_02_ASEReadCounter.table","NW_015090842.1:5867600",3,4,1
"PKD1L2","s954_F_HYP_02_ASEReadCounter.table","NW_015090842.1:5867660",3,4,1
"PKD1L2","s954_F_HYP_02_ASEReadCounter.table","NW_015090842.1:5867675",2,2,0
"PKD1L2","s954_F_HYP_02_ASEReadCounter.table","NW_015090842.1:5867788",1,2,1
"PKD1L2","s954_F_HYP_02_ASEReadCounter.table","NW_015090842.1:5867843",1,2,1
"PKD1L2","s954_F_HYP_02_ASEReadCounter.table","NW_015090842.1:5872876",0,1,1
"PKD1L2","s954_F_HYP_02_ASEReadCounter.table","NW_015090842.1:5872924",0,1,1
"PKD1L2","s954_F_HYP_02_ASEReadCounter.table","NW_015090842.1:5872948",0,1,1
"BCO1","s954_F_HYP_02_ASEReadCounter.table","NW_015090842.1:5915610",3,5,2
"BCO1","s954_F_HYP_02_ASEReadCounter.table","NW_015090842.1:5915646",1,3,2
"BCO1","s954_F_HYP_02_ASEReadCounter.table","NW_015090842.1:5917836",3,5,2
"BCO1","s954_F_HYP_02_ASEReadCounter.table","NW_015090842.1:5917912",9,15,6
"BCO1","s954_F_HYP_02_ASEReadCounter.table","NW_015090842.1:5917941",10,19,9
"BCO1","s954_F_HYP_02_ASEReadCounter.table","NW_015090842.1:5917971",10,20,10
"BCO1","s954_F_HYP_02_ASEReadCounter.table","NW_015090842.1:5921679",10,15,5
"BCO1","s954_F_HYP_02_ASEReadCounter.table","NW_015090842.1:5921726",7,11,4
"BCO1","s954_F_HYP_02_ASEReadCounter.table","NW_015090842.1:5925669",7,9,2
"BCO1","s954_F_HYP_02_ASEReadCounter.table","NW_015090842.1:5926937",7,9,2
"BCO1","s954_F_HYP_02_ASEReadCounter.table","NW_015090842.1:5927921",8,11,3
"BCO1","s954_F_HYP_02_ASEReadCounter.table","NW_015090842.1:5927948",8,12,4
"BCO1","s954_F_HYP_02_ASEReadCounter.table","NW_015090842.1:5927968",11,17,6
"BCO1","s954_F_HYP_02_ASEReadCounter.table","NW_015090842.1:5928052",9,14,5
"BCO1","s954_F_HYP_02_ASEReadCounter.table","NW_015090842.1:5932726",23,29,6
"BCO1","s954_F_HYP_02_ASEReadCounter.table","NW_015090842.1:5932801",15,23,8
"BCO1","s954_F_HYP_02_ASEReadCounter.table","NW_015090842.1:5934558",20,28,8
"BCO1","s954_F_HYP_02_ASEReadCounter.table","NW_015090842.1:5934575",20,29,9
"BCO1","s954_F_HYP_02_ASEReadCounter.table","NW_015090842.1:5934608",21,30,9
"BCO1","s954_F_HYP_02_ASEReadCounter.table","NW_015090842.1:5934647",20,30,10
"BCO1","s954_F_HYP_02_ASEReadCounter.table","NW_015090842.1:5934725",15,21,6
"BCO1","s954_F_HYP_02_ASEReadCounter.table","NW_015090842.1:5934726",15,21,6
"BCO1","s954_F_HYP_02_ASEReadCounter.table","NW_015090842.1:5934733",12,16,4
"BCO1","s954_F_HYP_02_ASEReadCounter.table","NW_015090842.1:5934821",12,19,7
"BCO1","s954_F_HYP_02_ASEReadCounter.table","NW_015090842.1:5934826",9,15,6
"BCO1","s954_F_HYP_02_ASEReadCounter.table","NW_015090842.1:5934844",5,9,4
"BCO1","s954_F_HYP_02_ASEReadCounter.table","NW_015090842.1:5934958",17,23,6
"BCO1","s954_F_HYP_02_ASEReadCounter.table","NW_015090842.1:5934976",17,22,5
"GAN","s954_F_HYP_02_ASEReadCounter.table","NW_015090842.1:5939249",0,3,3
"GAN","s954_F_HYP_02_ASEReadCounter.table","NW_015090842.1:5953759",14,28,14
"GAN","s954_F_HYP_02_ASEReadCounter.table","NW_015090842.1:5957502",13,28,15
"GAN","s954_F_HYP_02_ASEReadCounter.table","NW_015090842.1:5957578",22,41,19
"GAN","s954_F_HYP_02_ASEReadCounter.table","NW_015090842.1:5966047",18,41,23
"GAN","s954_F_HYP_02_ASEReadCounter.table","NW_015090842.1:5966126",8,41,33
"GAN","s954_F_HYP_02_ASEReadCounter.table","NW_015090842.1:5966127",8,42,34
"GAN","s954_F_HYP_02_ASEReadCounter.table","NW_015090842.1:5966162",21,61,40
"GAN","s954_F_HYP_02_ASEReadCounter.table","NW_015090842.1:5966483",32,75,43
"CMIP","s954_F_HYP_02_ASEReadCounter.table","NW_015090842.1:6109159",22,46,24
"CMIP","s954_F_HYP_02_ASEReadCounter.table","NW_015090842.1:6109166",19,42,23
"CMIP","s954_F_HYP_02_ASEReadCounter.table","NW_015090842.1:6114641",34,77,43
"CMIP","s954_F_HYP_02_ASEReadCounter.table","NW_015090842.1:6114751",34,76,42
"CMIP","s954_F_HYP_02_ASEReadCounter.table","NW_015090842.1:6114824",33,75,42
"CMIP","s954_F_HYP_02_ASEReadCounter.table","NW_015090842.1:6126295",93,95,2
"CMIP","s954_F_HYP_02_ASEReadCounter.table","NW_015090842.1:6128998",53,119,66
"CMIP","s954_F_HYP_02_ASEReadCounter.table","NW_015090842.1:6130562",76,200,124
"CMIP","s954_F_HYP_02_ASEReadCounter.table","NW_015090842.1:6132522",60,167,107
"CMIP","s954_F_HYP_02_ASEReadCounter.table","NW_015090842.1:6138265",139,355,216
"CMIP","s954_F_HYP_02_ASEReadCounter.table","NW_015090842.1:6138300",148,377,229
"CMIP","s954_F_HYP_02_ASEReadCounter.table","NW_015090842.1:6138342",119,325,206
"CMIP","s954_F_HYP_02_ASEReadCounter.table","NW_015090842.1:6138343",120,325,205
"CMIP","s954_F_HYP_02_ASEReadCounter.table","NW_015090842.1:6138345",119,324,205
"CMIP","s954_F_HYP_02_ASEReadCounter.table","NW_015090842.1:6138647",114,243,129
"CMIP","s954_F_HYP_02_ASEReadCounter.table","NW_015090842.1:6138745",119,251,132
"CMIP","s954_F_HYP_02_ASEReadCounter.table","NW_015090842.1:6138832",32,96,64
"CMIP","s954_F_HYP_02_ASEReadCounter.table","NW_015090842.1:6138967",91,245,154
"CMIP","s954_F_HYP_02_ASEReadCounter.table","NW_015090842.1:6139131",34,127,93
"CMIP","s954_F_HYP_02_ASEReadCounter.table","NW_015090842.1:6139163",7,116,109
"CMIP","s954_F_HYP_02_ASEReadCounter.table","NW_015090842.1:6139212",202,215,13
"CMIP","s954_F_HYP_02_ASEReadCounter.table","NW_015090842.1:6139360",55,112,57
"CMIP","s954_F_HYP_02_ASEReadCounter.table","NW_015090842.1:6139572",33,85,52
"PLCG2","s954_F_HYP_02_ASEReadCounter.table","NW_015090842.1:6179613",1,1,0
"PLCG2","s954_F_HYP_02_ASEReadCounter.table","NW_015090842.1:6179658",1,2,1
"PLCG2","s954_F_HYP_02_ASEReadCounter.table","NW_015090842.1:6203766",0,1,1
"PLCG2","s954_F_HYP_02_ASEReadCounter.table","NW_015090842.1:6203775",0,1,1
"PLCG2","s954_F_HYP_02_ASEReadCounter.table","NW_015090842.1:6203787",0,1,1
"PLCG2","s954_F_HYP_02_ASEReadCounter.table","NW_015090842.1:6209741",1,4,3
"PLCG2","s954_F_HYP_02_ASEReadCounter.table","NW_015090842.1:6209798",2,3,1
"PLCG2","s954_F_HYP_02_ASEReadCounter.table","NW_015090842.1:6209816",3,4,1
"PLCG2","s954_F_HYP_02_ASEReadCounter.table","NW_015090842.1:6217547",3,11,8
"PLCG2","s954_F_HYP_02_ASEReadCounter.table","NW_015090842.1:6218641",2,10,8
"PLCG2","s954_F_HYP_02_ASEReadCounter.table","NW_015090842.1:6220552",3,5,2
"PLCG2","s954_F_HYP_02_ASEReadCounter.table","NW_015090842.1:6221969",1,2,1
"PLCG2","s954_F_HYP_02_ASEReadCounter.table","NW_015090842.1:6228672",2,4,2
"PLCG2","s954_F_HYP_02_ASEReadCounter.table","NW_015090842.1:6228694",2,5,3
"PLCG2","s954_F_HYP_02_ASEReadCounter.table","NW_015090842.1:6228722",3,5,2
"PLCG2","s954_F_HYP_02_ASEReadCounter.table","NW_015090842.1:6228747",2,4,2
"PLCG2","s954_F_HYP_02_ASEReadCounter.table","NW_015090842.1:6228835",3,5,2
"PLCG2","s954_F_HYP_02_ASEReadCounter.table","NW_015090842.1:6228841",3,5,2
"PLCG2","s954_F_HYP_02_ASEReadCounter.table","NW_015090842.1:6228865",1,2,1
"PLCG2","s954_F_HYP_02_ASEReadCounter.table","NW_015090842.1:6228917",1,3,2
"PLCG2","s954_F_HYP_02_ASEReadCounter.table","NW_015090842.1:6228926",1,4,3
"PLCG2","s954_F_HYP_02_ASEReadCounter.table","NW_015090842.1:6228954",1,4,3
"PLCG2","s954_F_HYP_02_ASEReadCounter.table","NW_015090842.1:6229002",2,6,4
"PLCG2","s954_F_HYP_02_ASEReadCounter.table","NW_015090842.1:6229006",2,6,4
"PLCG2","s954_F_HYP_02_ASEReadCounter.table","NW_015090842.1:6229081",2,5,3
"PLCG2","s954_F_HYP_02_ASEReadCounter.table","NW_015090842.1:6229097",2,4,2
"PLCG2","s954_F_HYP_02_ASEReadCounter.table","NW_015090842.1:6229160",3,5,2
"PLCG2","s954_F_HYP_02_ASEReadCounter.table","NW_015090842.1:6229213",5,6,1
"PLCG2","s954_F_HYP_02_ASEReadCounter.table","NW_015090842.1:6229231",4,7,3
"PLCG2","s954_F_HYP_02_ASEReadCounter.table","NW_015090842.1:6229663",3,3,0
"PLCG2","s954_F_HYP_02_ASEReadCounter.table","NW_015090842.1:6229748",2,4,2
"PLCG2","s954_F_HYP_02_ASEReadCounter.table","NW_015090842.1:6229892",4,5,1
"PLCG2","s954_F_HYP_02_ASEReadCounter.table","NW_015090842.1:6230248",2,7,5
"PLCG2","s954_F_HYP_02_ASEReadCounter.table","NW_015090842.1:6230255",2,7,5
"PLCG2","s954_F_HYP_02_ASEReadCounter.table","NW_015090842.1:6230276",1,4,3
"PLCG2","s954_F_HYP_02_ASEReadCounter.table","NW_015090842.1:6230296",0,2,2
"PLCG2","s954_F_HYP_02_ASEReadCounter.table","NW_015090842.1:6230349",1,5,4
"PLCG2","s954_F_HYP_02_ASEReadCounter.table","NW_015090842.1:6230408",1,2,1
"PLCG2","s954_F_HYP_02_ASEReadCounter.table","NW_015090842.1:6230439",2,3,1
"PLCG2","s954_F_HYP_02_ASEReadCounter.table","NW_015090842.1:6230757",1,2,1
"PLCG2","s954_F_HYP_02_ASEReadCounter.table","NW_015090842.1:6230758",1,2,1
"PLCG2","s954_F_HYP_02_ASEReadCounter.table","NW_015090842.1:6230898",5,7,2
"PLCG2","s954_F_HYP_02_ASEReadCounter.table","NW_015090842.1:6230976",5,6,1
"PLCG2","s954_F_HYP_02_ASEReadCounter.table","NW_015090842.1:6231078",3,3,0
"PLCG2","s954_F_HYP_02_ASEReadCounter.table","NW_015090842.1:6231138",5,6,1
"PLCG2","s954_F_HYP_02_ASEReadCounter.table","NW_015090842.1:6231177",4,6,2
"PLCG2","s954_F_HYP_02_ASEReadCounter.table","NW_015090842.1:6231263",4,6,2
"SDR42E1","s954_F_HYP_02_ASEReadCounter.table","NW_015090842.1:6235292",0,1,1
"SDR42E1","s954_F_HYP_02_ASEReadCounter.table","NW_015090842.1:6235315",1,9,8
"SDR42E1","s954_F_HYP_02_ASEReadCounter.table","NW_015090842.1:6235348",4,15,11
"SDR42E1","s954_F_HYP_02_ASEReadCounter.table","NW_015090842.1:6235355",5,16,11
"SDR42E1","s954_F_HYP_02_ASEReadCounter.table","NW_015090842.1:6235417",6,17,11
"SDR42E1","s954_F_HYP_02_ASEReadCounter.table","NW_015090842.1:6235558",2,15,13
"SDR42E1","s954_F_HYP_02_ASEReadCounter.table","NW_015090842.1:6235741",4,12,8
"SDR42E1","s954_F_HYP_02_ASEReadCounter.table","NW_015090842.1:6235777",6,15,9
"SDR42E1","s954_F_HYP_02_ASEReadCounter.table","NW_015090842.1:6235806",6,16,10
"SDR42E1","s954_F_HYP_02_ASEReadCounter.table","NW_015090842.1:6235809",5,16,11
"SDR42E1","s954_F_HYP_02_ASEReadCounter.table","NW_015090842.1:6235816",5,15,10
"SDR42E1","s954_F_HYP_02_ASEReadCounter.table","NW_015090842.1:6235914",2,12,10
"SDR42E1","s954_F_HYP_02_ASEReadCounter.table","NW_015090842.1:6235935",3,15,12
"SDR42E1","s954_F_HYP_02_ASEReadCounter.table","NW_015090842.1:6235957",3,12,9
"SDR42E1","s954_F_HYP_02_ASEReadCounter.table","NW_015090842.1:6236040",2,11,9
"SDR42E1","s954_F_HYP_02_ASEReadCounter.table","NW_015090842.1:6236260",5,17,12
"SDR42E1","s954_F_HYP_02_ASEReadCounter.table","NW_015090842.1:6236281",4,17,13
"SDR42E1","s954_F_HYP_02_ASEReadCounter.table","NW_015090842.1:6236305",5,19,14
"SDR42E1","s954_F_HYP_02_ASEReadCounter.table","NW_015090842.1:6236458",9,17,8
"SDR42E1","s954_F_HYP_02_ASEReadCounter.table","NW_015090842.1:6236476",8,17,9
"SDR42E1","s954_F_HYP_02_ASEReadCounter.table","NW_015090842.1:6236608",2,12,10
"SDR42E1","s954_F_HYP_02_ASEReadCounter.table","NW_015090842.1:6238244",3,8,5
"SDR42E1","s954_F_HYP_02_ASEReadCounter.table","NW_015090842.1:6238829",1,4,3
"HSD17B2","s954_F_HYP_02_ASEReadCounter.table","NW_015090842.1:6257616",0,1,1
"HSD17B2","s954_F_HYP_02_ASEReadCounter.table","NW_015090842.1:6257711",0,1,1
"HSD17B2","s954_F_HYP_02_ASEReadCounter.table","NW_015090842.1:6257712",0,1,1
"HSD17B2","s954_F_HYP_02_ASEReadCounter.table","NW_015090842.1:6257737",0,3,3
"HSD17B2","s954_F_HYP_02_ASEReadCounter.table","NW_015090842.1:6257758",0,4,4
"HSD17B2","s954_F_HYP_02_ASEReadCounter.table","NW_015090842.1:6257767",0,4,4
"HSD17B2","s954_F_HYP_02_ASEReadCounter.table","NW_015090842.1:6257829",0,5,5
"HSD17B2","s954_F_HYP_02_ASEReadCounter.table","NW_015090842.1:6257851",0,7,7
"HSD17B2","s954_F_HYP_02_ASEReadCounter.table","NW_015090842.1:6257889",0,7,7
"HSD17B2","s954_F_HYP_02_ASEReadCounter.table","NW_015090842.1:6262951",0,7,7
"HSD17B2","s954_F_HYP_02_ASEReadCounter.table","NW_015090842.1:6262974",0,8,8
"HSD17B2","s954_F_HYP_02_ASEReadCounter.table","NW_015090842.1:6266125",0,4,4
"HSD17B2","s954_F_HYP_02_ASEReadCounter.table","NW_015090842.1:6266135",0,4,4
"HSD17B2","s954_F_HYP_02_ASEReadCounter.table","NW_015090842.1:6266795",0,9,9
"HSD17B2","s954_F_HYP_02_ASEReadCounter.table","NW_015090842.1:6266944",0,6,6
"HSD17B2","s954_F_HYP_02_ASEReadCounter.table","NW_015090842.1:6267053",0,8,8
"HSD17B2","s954_F_HYP_02_ASEReadCounter.table","NW_015090842.1:6267196",0,9,9
"HSD17B2","s954_F_HYP_02_ASEReadCounter.table","NW_015090842.1:6267273",0,14,14
"HSD17B2","s954_F_HYP_02_ASEReadCounter.table","NW_015090842.1:6267674",0,5,5
"HSD17B2","s954_F_HYP_02_ASEReadCounter.table","NW_015090842.1:6267913",0,5,5
"HSD17B2","s954_F_HYP_02_ASEReadCounter.table","NW_015090842.1:6268098",0,7,7
"HSD17B2","s954_F_HYP_02_ASEReadCounter.table","NW_015090842.1:6268203",0,9,9
"ARY2","s954_F_HYP_02_ASEReadCounter.table","NW_015090842.1:6303922",35,55,20
"ARY2","s954_F_HYP_02_ASEReadCounter.table","NW_015090842.1:6303954",36,52,16
"ARY2","s954_F_HYP_02_ASEReadCounter.table","NW_015090842.1:6303979",42,63,21
"ARY2","s954_F_HYP_02_ASEReadCounter.table","NW_015090842.1:6305848",39,60,21
"ARY2","s954_F_HYP_02_ASEReadCounter.table","NW_015090842.1:6305856",34,56,22
"ARY2","s954_F_HYP_02_ASEReadCounter.table","NW_015090842.1:6305857",33,55,22
"ARY2","s954_F_HYP_02_ASEReadCounter.table","NW_015090842.1:6306017",35,67,32
"ARY2","s954_F_HYP_02_ASEReadCounter.table","NW_015090842.1:6306052",48,81,33
"ARY2","s954_F_HYP_02_ASEReadCounter.table","NW_015090842.1:6306094",56,96,40
"ARY2","s954_F_HYP_02_ASEReadCounter.table","NW_015090842.1:6306100",58,100,42
"ARY2","s954_F_HYP_02_ASEReadCounter.table","NW_015090842.1:6306146",44,82,38
"ARY2","s954_F_HYP_02_ASEReadCounter.table","NW_015090842.1:6306147",44,81,37
"ARY2","s954_F_HYP_02_ASEReadCounter.table","NW_015090842.1:6306390",39,67,28
"ARY2","s954_F_HYP_02_ASEReadCounter.table","NW_015090842.1:6306567",52,84,32
"ARY2","s954_F_HYP_02_ASEReadCounter.table","NW_015090842.1:6306705",49,69,20
"ARY2","s954_F_HYP_02_ASEReadCounter.table","NW_015090842.1:6306773",51,66,15
"ARY2","s954_F_HYP_02_ASEReadCounter.table","NW_015090842.1:6307039",51,78,27
"ARY2","s954_F_HYP_02_ASEReadCounter.table","NW_015090842.1:6307043",50,79,29
"ARY2","s954_F_HYP_02_ASEReadCounter.table","NW_015090842.1:6307093",46,74,28
"ARY2","s954_F_HYP_02_ASEReadCounter.table","NW_015090842.1:6307138",40,63,23
"ARY2","s954_F_HYP_02_ASEReadCounter.table","NW_015090842.1:6307157",55,81,26
"ARY2","s954_F_HYP_02_ASEReadCounter.table","NW_015090842.1:6307187",63,88,25
"ARY2","s954_F_HYP_02_ASEReadCounter.table","NW_015090842.1:6307204",61,90,29
"ARY2","s954_F_HYP_02_ASEReadCounter.table","NW_015090842.1:6307278",52,75,23
"ARY2","s954_F_HYP_02_ASEReadCounter.table","NW_015090842.1:6307305",60,85,25
"ARY2","s954_F_HYP_02_ASEReadCounter.table","NW_015090842.1:6307318",60,91,31
"ARY2","s954_F_HYP_02_ASEReadCounter.table","NW_015090842.1:6307429",53,82,29
"ARY2","s954_F_HYP_02_ASEReadCounter.table","NW_015090842.1:6307487",44,68,24
"ARY2","s954_F_HYP_02_ASEReadCounter.table","NW_015090842.1:6307670",30,48,18
"ARYL","s954_F_HYP_02_ASEReadCounter.table","NW_015090842.1:6313360",2,4,2
"ARYL","s954_F_HYP_02_ASEReadCounter.table","NW_015090842.1:6313377",1,4,3
"ARYL","s954_F_HYP_02_ASEReadCounter.table","NW_015090842.1:6313767",3,6,3
"ARY1","s954_F_HYP_02_ASEReadCounter.table","NW_015090842.1:6314296",9,12,3
"ARY1","s954_F_HYP_02_ASEReadCounter.table","NW_015090842.1:6314541",7,12,5
"ARY1","s954_F_HYP_02_ASEReadCounter.table","NW_015090842.1:6314597",12,17,5
"ARY1","s954_F_HYP_02_ASEReadCounter.table","NW_015090842.1:6314750",6,9,3
"ARY1","s954_F_HYP_02_ASEReadCounter.table","NW_015090842.1:6314794",9,11,2
"ARY1","s954_F_HYP_02_ASEReadCounter.table","NW_015090842.1:6314827",9,10,1
"ARY1","s954_F_HYP_02_ASEReadCounter.table","NW_015090842.1:6314859",10,13,3
"ARY1","s954_F_HYP_02_ASEReadCounter.table","NW_015090842.1:6314886",7,11,4
"ARY1","s954_F_HYP_02_ASEReadCounter.table","NW_015090842.1:6315022",9,14,5
"ARY1","s954_F_HYP_02_ASEReadCounter.table","NW_015090842.1:6315026",10,15,5
"ARY1","s954_F_HYP_02_ASEReadCounter.table","NW_015090842.1:6315043",11,16,5
"ARY1","s954_F_HYP_02_ASEReadCounter.table","NW_015090842.1:6315065",13,19,6
"ARY1","s954_F_HYP_02_ASEReadCounter.table","NW_015090842.1:6315409",9,12,3
"ARY1","s954_F_HYP_02_ASEReadCounter.table","NW_015090842.1:6315479",10,15,5
"ARY1","s954_F_HYP_02_ASEReadCounter.table","NW_015090842.1:6318342",12,24,12
"ARY1","s954_F_HYP_02_ASEReadCounter.table","NW_015090842.1:6318427",8,18,10
"ARY1","s954_F_HYP_02_ASEReadCounter.table","NW_015090842.1:6318603",7,19,12
"ARY1","s954_F_HYP_02_ASEReadCounter.table","NW_015090842.1:6318708",16,23,7
"ARY1","s954_F_HYP_02_ASEReadCounter.table","NW_015090842.1:6318858",15,21,6
"ARY1","s954_F_HYP_02_ASEReadCounter.table","NW_015090842.1:6318952",15,20,5
"MPHOSPH6","s954_F_HYP_02_ASEReadCounter.table","NW_015090842.1:6324063",65,141,76
"MPHOSPH6","s954_F_HYP_02_ASEReadCounter.table","NW_015090842.1:6324174",97,237,140
"MPHOSPH6","s954_F_HYP_02_ASEReadCounter.table","NW_015090842.1:6324270",119,289,170
"MPHOSPH6","s954_F_HYP_02_ASEReadCounter.table","NW_015090842.1:6324762",112,247,135
"MPHOSPH6","s954_F_HYP_02_ASEReadCounter.table","NW_015090842.1:6324780",109,223,114
"MPHOSPH6","s954_F_HYP_02_ASEReadCounter.table","NW_015090842.1:6324902",126,257,131
"MPHOSPH6","s954_F_HYP_02_ASEReadCounter.table","NW_015090842.1:6325066",109,247,138
"MPHOSPH6","s954_F_HYP_02_ASEReadCounter.table","NW_015090842.1:6325089",129,286,157
"MPHOSPH6","s954_F_HYP_02_ASEReadCounter.table","NW_015090842.1:6325877",119,258,139
"MPHOSPH6","s954_F_HYP_02_ASEReadCounter.table","NW_015090842.1:6326976",100,217,117
"CDH13","s954_F_HYP_02_ASEReadCounter.table","NW_015090842.1:6662283",28,53,25
"CDH13","s954_F_HYP_02_ASEReadCounter.table","NW_015090842.1:6693665",26,53,27
"CDH13","s954_F_HYP_02_ASEReadCounter.table","NW_015090842.1:6693697",32,66,34
"CDH13","s954_F_HYP_02_ASEReadCounter.table","NW_015090842.1:6693712",27,65,38
"CDH13","s954_F_HYP_02_ASEReadCounter.table","NW_015090842.1:6693723",27,62,35
"CDH13","s954_F_HYP_02_ASEReadCounter.table","NW_015090842.1:6693738",25,62,37
"CDH13","s954_F_HYP_02_ASEReadCounter.table","NW_015090842.1:6823730",36,87,51
"CDH13","s954_F_HYP_02_ASEReadCounter.table","NW_015090842.1:6889713",24,65,41
"CDH13","s954_F_HYP_02_ASEReadCounter.table","NW_015090842.1:6955167",50,120,70
"MLYCD","s954_F_HYP_02_ASEReadCounter.table","NW_015090842.1:7150054",77,146,69
"MLYCD","s954_F_HYP_02_ASEReadCounter.table","NW_015090842.1:7150131",119,220,101
"MLYCD","s954_F_HYP_02_ASEReadCounter.table","NW_015090842.1:7150585",82,170,88
"MLYCD","s954_F_HYP_02_ASEReadCounter.table","NW_015090842.1:7150686",65,126,61
"MLYCD","s954_F_HYP_02_ASEReadCounter.table","NW_015090842.1:7150696",64,131,67
"MLYCD","s954_F_HYP_02_ASEReadCounter.table","NW_015090842.1:7150869",86,162,76
"MLYCD","s954_F_HYP_02_ASEReadCounter.table","NW_015090842.1:7151100",82,164,82
"MLYCD","s954_F_HYP_02_ASEReadCounter.table","NW_015090842.1:7151127",91,171,80
"MLYCD","s954_F_HYP_02_ASEReadCounter.table","NW_015090842.1:7157538",59,105,46
"MLYCD","s954_F_HYP_02_ASEReadCounter.table","NW_015090842.1:7167662",22,45,23
"MLYCD","s954_F_HYP_02_ASEReadCounter.table","NW_015090842.1:7167675",22,41,19
"MLYCD","s954_F_HYP_02_ASEReadCounter.table","NW_015090842.1:7167710",20,46,26
"MLYCD","s954_F_HYP_02_ASEReadCounter.table","NW_015090842.1:7167781",12,42,30
"MLYCD","s954_F_HYP_02_ASEReadCounter.table","NW_015090842.1:7167803",10,34,24
"MLYCD","s954_F_HYP_02_ASEReadCounter.table","NW_015090842.1:7167812",9,30,21
"MLYCD","s954_F_HYP_02_ASEReadCounter.table","NW_015090842.1:7167845",11,34,23
"MLYCD","s954_F_HYP_02_ASEReadCounter.table","NW_015090842.1:7167862",16,37,21
"MLYCD","s954_F_HYP_02_ASEReadCounter.table","NW_015090842.1:7167929",19,29,10
"MLYCD","s954_F_HYP_02_ASEReadCounter.table","NW_015090842.1:7167995",21,31,10
"MLYCD","s954_F_HYP_02_ASEReadCounter.table","NW_015090842.1:7168005",20,30,10
"MLYCD","s954_F_HYP_02_ASEReadCounter.table","NW_015090842.1:7168037",16,23,7
"HSBP1","s954_F_HYP_02_ASEReadCounter.table","NW_015090842.1:7245192",526,917,391
"HSBP1","s954_F_HYP_02_ASEReadCounter.table","NW_015090842.1:7245226",605,1096,491
"HSBP1","s954_F_HYP_02_ASEReadCounter.table","NW_015090842.1:7245257",524,957,433
"HSBP1","s954_F_HYP_02_ASEReadCounter.table","NW_015090842.1:7245296",510,1009,499
"HSBP1","s954_F_HYP_02_ASEReadCounter.table","NW_015090842.1:7245389",700,1235,535
"HSBP1","s954_F_HYP_02_ASEReadCounter.table","NW_015090842.1:7245400",736,1230,494
"HSBP1","s954_F_HYP_02_ASEReadCounter.table","NW_015090842.1:7245445",691,1212,521
"HSBP1","s954_F_HYP_02_ASEReadCounter.table","NW_015090842.1:7245495",634,1095,461
"HSBP1","s954_F_HYP_02_ASEReadCounter.table","NW_015090842.1:7245733",420,795,375
"HSBP1","s954_F_HYP_02_ASEReadCounter.table","NW_015090842.1:7245771",468,817,349
"HSBP1","s954_F_HYP_02_ASEReadCounter.table","NW_015090842.1:7245813",484,836,352
"HSBP1","s954_F_HYP_02_ASEReadCounter.table","NW_015090842.1:7245926",554,1002,448
"HSBP1","s954_F_HYP_02_ASEReadCounter.table","NW_015090842.1:7245927",555,1000,445
"HSBP1","s954_F_HYP_02_ASEReadCounter.table","NW_015090842.1:7245933",549,975,426
"HSBP1","s954_F_HYP_02_ASEReadCounter.table","NW_015090842.1:7246002",403,783,380
"HSBP1","s954_F_HYP_02_ASEReadCounter.table","NW_015090842.1:7246094",542,903,361
"HSBP1","s954_F_HYP_02_ASEReadCounter.table","NW_015090842.1:7246167",474,800,326
"HSBP1","s954_F_HYP_02_ASEReadCounter.table","NW_015090842.1:7246183",460,804,344
"HSBP1","s954_F_HYP_02_ASEReadCounter.table","NW_015090842.1:7247285",71,85,14
"HSBP1","s954_F_HYP_02_ASEReadCounter.table","NW_015090842.1:7247651",577,1085,508
"HSBP1","s954_F_HYP_02_ASEReadCounter.table","NW_015090842.1:7247657",564,1083,519
"HSBP1","s954_F_HYP_02_ASEReadCounter.table","NW_015090842.1:7248520",424,755,331
"HSBP1","s954_F_HYP_02_ASEReadCounter.table","NW_015090842.1:7248535",358,624,266
"KCNG4","s954_F_HYP_02_ASEReadCounter.table","NW_015090842.1:7282481",5,8,3
"KCNG4","s954_F_HYP_02_ASEReadCounter.table","NW_015090842.1:7282500",5,6,1
"KCNG4","s954_F_HYP_02_ASEReadCounter.table","NW_015090842.1:7282542",5,7,2
"KCNG4","s954_F_HYP_02_ASEReadCounter.table","NW_015090842.1:7282579",3,6,3
"KCNG4","s954_F_HYP_02_ASEReadCounter.table","NW_015090842.1:7282630",2,5,3
"KCNG4","s954_F_HYP_02_ASEReadCounter.table","NW_015090842.1:7283056",3,3,0
"KCNG4","s954_F_HYP_02_ASEReadCounter.table","NW_015090842.1:7283245",2,6,4
"KCNG4","s954_F_HYP_02_ASEReadCounter.table","NW_015090842.1:7301195",2,2,0
"KCNG4","s954_F_HYP_02_ASEReadCounter.table","NW_015090842.1:7301227",2,2,0
"KCNG4","s954_F_HYP_02_ASEReadCounter.table","NW_015090842.1:7301240",3,3,0
"KCNG4","s954_F_HYP_02_ASEReadCounter.table","NW_015090842.1:7301413",2,2,0
"WFDC1","s954_F_HYP_02_ASEReadCounter.table","NW_015090842.1:7366517",1,4,3
"WFDC1","s954_F_HYP_02_ASEReadCounter.table","NW_015090842.1:7373367",1,1,0
"WFDC1","s954_F_HYP_02_ASEReadCounter.table","NW_015090842.1:7375828",0,1,1
"WFDC1","s954_F_HYP_02_ASEReadCounter.table","NW_015090842.1:7379125",0,1,1
"WFDC1","s954_F_HYP_02_ASEReadCounter.table","NW_015090842.1:7379451",1,3,2
"WFDC1","s954_F_HYP_02_ASEReadCounter.table","NW_015090842.1:7379471",0,2,2
"WFDC1","s954_F_HYP_02_ASEReadCounter.table","NW_015090842.1:7379576",0,1,1
"WFDC1","s954_F_HYP_02_ASEReadCounter.table","NW_015090842.1:7379596",0,1,1
"WFDC1","s954_F_HYP_02_ASEReadCounter.table","NW_015090842.1:7379605",0,1,1
"WFDC1","s954_F_HYP_02_ASEReadCounter.table","NW_015090842.1:7379626",0,1,1
"WFDC1","s954_F_HYP_02_ASEReadCounter.table","NW_015090842.1:7379631",0,1,1
"WFDC1","s954_F_HYP_02_ASEReadCounter.table","NW_015090842.1:7379632",0,1,1
"WFDC1","s954_F_HYP_02_ASEReadCounter.table","NW_015090842.1:7379652",0,2,2
"WFDC1","s954_F_HYP_02_ASEReadCounter.table","NW_015090842.1:7379669",0,2,2
"WFDC1","s954_F_HYP_02_ASEReadCounter.table","NW_015090842.1:7379674",0,2,2
"WFDC1","s954_F_HYP_02_ASEReadCounter.table","NW_015090842.1:7379719",0,3,3
"WFDC1","s954_F_HYP_02_ASEReadCounter.table","NW_015090842.1:7379735",0,3,3
"WFDC1","s954_F_HYP_02_ASEReadCounter.table","NW_015090842.1:7379739",0,3,3
"WFDC1","s954_F_HYP_02_ASEReadCounter.table","NW_015090842.1:7379821",0,1,1
"WFDC1","s954_F_HYP_02_ASEReadCounter.table","NW_015090842.1:7379840",0,1,1
"WFDC1","s954_F_HYP_02_ASEReadCounter.table","NW_015090842.1:7379933",0,2,2
"WFDC1","s954_F_HYP_02_ASEReadCounter.table","NW_015090842.1:7379935",0,2,2
"WFDC1","s954_F_HYP_02_ASEReadCounter.table","NW_015090842.1:7380060",0,4,4
"WFDC1","s954_F_HYP_02_ASEReadCounter.table","NW_015090842.1:7380136",0,1,1
"WFDC1","s954_F_HYP_02_ASEReadCounter.table","NW_015090842.1:7380150",0,2,2
"WFDC1","s954_F_HYP_02_ASEReadCounter.table","NW_015090842.1:7380164",0,2,2
"WFDC1","s954_F_HYP_02_ASEReadCounter.table","NW_015090842.1:7380237",0,4,4
"WFDC1","s954_F_HYP_02_ASEReadCounter.table","NW_015090842.1:7380261",0,3,3
"WFDC1","s954_F_HYP_02_ASEReadCounter.table","NW_015090842.1:7380322",0,1,1
"WFDC1","s954_F_HYP_02_ASEReadCounter.table","NW_015090842.1:7380491",3,6,3
"WFDC1","s954_F_HYP_02_ASEReadCounter.table","NW_015090842.1:7380567",3,5,2
"WFDC1","s954_F_HYP_02_ASEReadCounter.table","NW_015090842.1:7380672",0,1,1
"WFDC1","s954_F_HYP_02_ASEReadCounter.table","NW_015090842.1:7380721",3,4,1
"WFDC1","s954_F_HYP_02_ASEReadCounter.table","NW_015090842.1:7380743",3,6,3
"WFDC1","s954_F_HYP_02_ASEReadCounter.table","NW_015090842.1:7380852",1,2,1
"WFDC1","s954_F_HYP_02_ASEReadCounter.table","NW_015090842.1:7380878",1,2,1
"WFDC1","s954_F_HYP_02_ASEReadCounter.table","NW_015090842.1:7381081",1,7,6
"WFDC1","s954_F_HYP_02_ASEReadCounter.table","NW_015090842.1:7381127",2,7,5
"WFDC1","s954_F_HYP_02_ASEReadCounter.table","NW_015090842.1:7381195",1,5,4
"WFDC1","s954_F_HYP_02_ASEReadCounter.table","NW_015090842.1:7381253",1,5,4
"WFDC1","s954_F_HYP_02_ASEReadCounter.table","NW_015090842.1:7381378",2,6,4
"WFDC1","s954_F_HYP_02_ASEReadCounter.table","NW_015090842.1:7381433",2,5,3
"WFDC1","s954_F_HYP_02_ASEReadCounter.table","NW_015090842.1:7381434",2,5,3
"WFDC1","s954_F_HYP_02_ASEReadCounter.table","NW_015090842.1:7381442",2,5,3
"WFDC1","s954_F_HYP_02_ASEReadCounter.table","NW_015090842.1:7381517",2,3,1
"WFDC1","s954_F_HYP_02_ASEReadCounter.table","NW_015090842.1:7381520",2,3,1
"WFDC1","s954_F_HYP_02_ASEReadCounter.table","NW_015090842.1:7381677",2,4,2
"WFDC1","s954_F_HYP_02_ASEReadCounter.table","NW_015090842.1:7381709",2,2,0
"ATP2C2","s954_F_HYP_02_ASEReadCounter.table","NW_015090842.1:7392613",0,1,1
"ATP2C2","s954_F_HYP_02_ASEReadCounter.table","NW_015090842.1:7395230",0,1,1
"ATP2C2","s954_F_HYP_02_ASEReadCounter.table","NW_015090842.1:7395366",1,1,0
"ATP2C2","s954_F_HYP_02_ASEReadCounter.table","NW_015090842.1:7402554",0,1,1
"ATP2C2","s954_F_HYP_02_ASEReadCounter.table","NW_015090842.1:7402578",0,1,1
"ATP2C2","s954_F_HYP_02_ASEReadCounter.table","NW_015090842.1:7405621",1,1,0
"ATP2C2","s954_F_HYP_02_ASEReadCounter.table","NW_015090842.1:7413855",20,33,13
"ATP2C2","s954_F_HYP_02_ASEReadCounter.table","NW_015090842.1:7413869",4,15,11
"ATP2C2","s954_F_HYP_02_ASEReadCounter.table","NW_015090842.1:7413875",5,16,11
"TLDC1","s954_F_HYP_02_ASEReadCounter.table","NW_015090842.1:7421137",49,95,46
"TLDC1","s954_F_HYP_02_ASEReadCounter.table","NW_015090842.1:7421155",49,103,54
"TLDC1","s954_F_HYP_02_ASEReadCounter.table","NW_015090842.1:7421218",48,92,44
"TLDC1","s954_F_HYP_02_ASEReadCounter.table","NW_015090842.1:7421399",33,71,38
"TLDC1","s954_F_HYP_02_ASEReadCounter.table","NW_015090842.1:7421402",34,70,36
"TLDC1","s954_F_HYP_02_ASEReadCounter.table","NW_015090842.1:7421528",35,85,50
"TLDC1","s954_F_HYP_02_ASEReadCounter.table","NW_015090842.1:7421532",37,85,48
"TLDC1","s954_F_HYP_02_ASEReadCounter.table","NW_015090842.1:7421621",61,106,45
"TLDC1","s954_F_HYP_02_ASEReadCounter.table","NW_015090842.1:7421647",50,92,42
"TLDC1","s954_F_HYP_02_ASEReadCounter.table","NW_015090842.1:7421657",42,83,41
"TLDC1","s954_F_HYP_02_ASEReadCounter.table","NW_015090842.1:7421693",48,94,46
"TLDC1","s954_F_HYP_02_ASEReadCounter.table","NW_015090842.1:7421796",30,73,43
"TLDC1","s954_F_HYP_02_ASEReadCounter.table","NW_015090842.1:7421810",35,81,46
"TLDC1","s954_F_HYP_02_ASEReadCounter.table","NW_015090842.1:7421833",32,80,48
"TLDC1","s954_F_HYP_02_ASEReadCounter.table","NW_015090842.1:7421879",39,90,51
"TLDC1","s954_F_HYP_02_ASEReadCounter.table","NW_015090842.1:7421914",43,92,49
"TLDC1","s954_F_HYP_02_ASEReadCounter.table","NW_015090842.1:7421969",31,62,31
"TLDC1","s954_F_HYP_02_ASEReadCounter.table","NW_015090842.1:7422015",14,55,41
"TLDC1","s954_F_HYP_02_ASEReadCounter.table","NW_015090842.1:7422042",27,76,49
"TLDC1","s954_F_HYP_02_ASEReadCounter.table","NW_015090842.1:7422230",45,75,30
"TLDC1","s954_F_HYP_02_ASEReadCounter.table","NW_015090842.1:7423349",31,63,32
"TLDC1","s954_F_HYP_02_ASEReadCounter.table","NW_015090842.1:7423362",28,61,33
"TLDC1","s954_F_HYP_02_ASEReadCounter.table","NW_015090842.1:7426091",25,44,19
"TLDC1","s954_F_HYP_02_ASEReadCounter.table","NW_015090842.1:7426485",28,51,23
"TLDC1","s954_F_HYP_02_ASEReadCounter.table","NW_015090842.1:7427211",28,60,32
"TLDC1","s954_F_HYP_02_ASEReadCounter.table","NW_015090842.1:7428179",24,45,21
"COTL1","s954_F_HYP_02_ASEReadCounter.table","NW_015090842.1:7490744",652,1453,801
"COTL1","s954_F_HYP_02_ASEReadCounter.table","NW_015090842.1:7491051",534,1198,664
"COTL1","s954_F_HYP_02_ASEReadCounter.table","NW_015090842.1:7491124",503,1160,657
"COTL1","s954_F_HYP_02_ASEReadCounter.table","NW_015090842.1:7491418",395,848,453
"COTL1","s954_F_HYP_02_ASEReadCounter.table","NW_015090842.1:7491539",292,639,347
"COTL1","s954_F_HYP_02_ASEReadCounter.table","NW_015090842.1:7491585",420,919,499
"COTL1","s954_F_HYP_02_ASEReadCounter.table","NW_015090842.1:7491586",415,952,537
"COTL1","s954_F_HYP_02_ASEReadCounter.table","NW_015090842.1:7491646",523,1183,660
"COTL1","s954_F_HYP_02_ASEReadCounter.table","NW_015090842.1:7491747",462,957,495
"COTL1","s954_F_HYP_02_ASEReadCounter.table","NW_015090842.1:7491803",392,850,458
"COTL1","s954_F_HYP_02_ASEReadCounter.table","NW_015090842.1:7506078",1,1,0
"COTL1","s954_F_HYP_02_ASEReadCounter.table","NW_015090842.1:7507551",1,2,1
"COTL1","s954_F_HYP_02_ASEReadCounter.table","NW_015090842.1:7507563",1,3,2
"COTL1","s954_F_HYP_02_ASEReadCounter.table","NW_015090842.1:7510900",0,1,1
"COTL1","s954_F_HYP_02_ASEReadCounter.table","NW_015090842.1:7513196",0,1,1
"COTL1","s954_F_HYP_02_ASEReadCounter.table","NW_015090842.1:7513223",0,2,2
"COTL1","s954_F_HYP_02_ASEReadCounter.table","NW_015090842.1:7513239",0,2,2
"KLHL36","s954_F_HYP_02_ASEReadCounter.table","NW_015090842.1:7514700",43,63,20
"KLHL36","s954_F_HYP_02_ASEReadCounter.table","NW_015090842.1:7519691",2,9,7
"KLHL36","s954_F_HYP_02_ASEReadCounter.table","NW_015090842.1:7519696",2,9,7
"KLHL36","s954_F_HYP_02_ASEReadCounter.table","NW_015090842.1:7526160",33,75,42
"KLHL36","s954_F_HYP_02_ASEReadCounter.table","NW_015090842.1:7526469",24,58,34
"KLHL36","s954_F_HYP_02_ASEReadCounter.table","NW_015090842.1:7526587",21,51,30
"KLHL36","s954_F_HYP_02_ASEReadCounter.table","NW_015090842.1:7526997",34,60,26
"KLHL36","s954_F_HYP_02_ASEReadCounter.table","NW_015090842.1:7527142",31,62,31
"KLHL36","s954_F_HYP_02_ASEReadCounter.table","NW_015090842.1:7535174",53,111,58
"KLHL36","s954_F_HYP_02_ASEReadCounter.table","NW_015090842.1:7535384",36,73,37
"KLHL36","s954_F_HYP_02_ASEReadCounter.table","NW_015090842.1:7535420",48,86,38
"KLHL36","s954_F_HYP_02_ASEReadCounter.table","NW_015090842.1:7535545",27,69,42
"KLHL36","s954_F_HYP_02_ASEReadCounter.table","NW_015090842.1:7535829",61,111,50
"KLHL36","s954_F_HYP_02_ASEReadCounter.table","NW_015090842.1:7535977",45,87,42
"KLHL36","s954_F_HYP_02_ASEReadCounter.table","NW_015090842.1:7536010",44,90,46
"KLHL36","s954_F_HYP_02_ASEReadCounter.table","NW_015090842.1:7536051",46,102,56
"KLHL36","s954_F_HYP_02_ASEReadCounter.table","NW_015090842.1:7536096",55,103,48
"KLHL36","s954_F_HYP_02_ASEReadCounter.table","NW_015090842.1:7536135",58,109,51
"KLHL36","s954_F_HYP_02_ASEReadCounter.table","NW_015090842.1:7536136",58,108,50
"KLHL36","s954_F_HYP_02_ASEReadCounter.table","NW_015090842.1:7536160",60,108,48
"KLHL36","s954_F_HYP_02_ASEReadCounter.table","NW_015090842.1:7536336",53,108,55
"KLHL36","s954_F_HYP_02_ASEReadCounter.table","NW_015090842.1:7536352",51,105,54
"KLHL36","s954_F_HYP_02_ASEReadCounter.table","NW_015090842.1:7536412",36,94,58
"KLHL36","s954_F_HYP_02_ASEReadCounter.table","NW_015090842.1:7536418",34,90,56
"KLHL36","s954_F_HYP_02_ASEReadCounter.table","NW_015090842.1:7536465",33,79,46
"KLHL36","s954_F_HYP_02_ASEReadCounter.table","NW_015090842.1:7536466",33,74,41
"KLHL36","s954_F_HYP_02_ASEReadCounter.table","NW_015090842.1:7536553",56,115,59
"KLHL36","s954_F_HYP_02_ASEReadCounter.table","NW_015090842.1:7536698",53,126,73
"KLHL36","s954_F_HYP_02_ASEReadCounter.table","NW_015090842.1:7536713",34,117,83
"KLHL36","s954_F_HYP_02_ASEReadCounter.table","NW_015090842.1:7536720",50,112,62
"KLHL36","s954_F_HYP_02_ASEReadCounter.table","NW_015090842.1:7536791",72,139,67
"KLHL36","s954_F_HYP_02_ASEReadCounter.table","NW_015090842.1:7536849",70,131,61
"KLHL36","s954_F_HYP_02_ASEReadCounter.table","NW_015090842.1:7536872",75,131,56
"KLHL36","s954_F_HYP_02_ASEReadCounter.table","NW_015090842.1:7536878",90,142,52
"KLHL36","s954_F_HYP_02_ASEReadCounter.table","NW_015090842.1:7536916",90,140,50
"KLHL36","s954_F_HYP_02_ASEReadCounter.table","NW_015090842.1:7536927",94,171,77
"KLHL36","s954_F_HYP_02_ASEReadCounter.table","NW_015090842.1:7537315",70,141,71
"KLHL36","s954_F_HYP_02_ASEReadCounter.table","NW_015090842.1:7537352",71,130,59
"KLHL36","s954_F_HYP_02_ASEReadCounter.table","NW_015090842.1:7537631",80,172,92
"KLHL36","s954_F_HYP_02_ASEReadCounter.table","NW_015090842.1:7537830",117,206,89
"KLHL36","s954_F_HYP_02_ASEReadCounter.table","NW_015090842.1:7537838",112,206,94
"KLHL36","s954_F_HYP_02_ASEReadCounter.table","NW_015090842.1:7538153",86,176,90
"KLHL36","s954_F_HYP_02_ASEReadCounter.table","NW_015090842.1:7538256",40,114,74
"KLHL36","s954_F_HYP_02_ASEReadCounter.table","NW_015090842.1:7538265",40,104,64
"KLHL36","s954_F_HYP_02_ASEReadCounter.table","NW_015090842.1:7538300",38,98,60
"USP10","s954_F_HYP_02_ASEReadCounter.table","NW_015090842.1:7563972",24,41,17
"USP10","s954_F_HYP_02_ASEReadCounter.table","NW_015090842.1:7571816",28,72,44
"USP10","s954_F_HYP_02_ASEReadCounter.table","NW_015090842.1:7571993",46,93,47
"USP10","s954_F_HYP_02_ASEReadCounter.table","NW_015090842.1:7572580",69,150,81
"USP10","s954_F_HYP_02_ASEReadCounter.table","NW_015090842.1:7587372",136,279,143
"CRISPLD2","s954_F_HYP_02_ASEReadCounter.table","NW_015090842.1:7604605",1,1,0
"CRISPLD2","s954_F_HYP_02_ASEReadCounter.table","NW_015090842.1:7609844",1,1,0
"CRISPLD2","s954_F_HYP_02_ASEReadCounter.table","NW_015090842.1:7609845",1,1,0
"CRISPLD2","s954_F_HYP_02_ASEReadCounter.table","NW_015090842.1:7609883",1,1,0
"CRISPLD2","s954_F_HYP_02_ASEReadCounter.table","NW_015090842.1:7610084",1,2,1
"CRISPLD2","s954_F_HYP_02_ASEReadCounter.table","NW_015090842.1:7617757",3,3,0
"CRISPLD2","s954_F_HYP_02_ASEReadCounter.table","NW_015090842.1:7617781",3,3,0
"CRISPLD2","s954_F_HYP_02_ASEReadCounter.table","NW_015090842.1:7617790",3,3,0
"CRISPLD2","s954_F_HYP_02_ASEReadCounter.table","NW_015090842.1:7621452",4,4,0
"CRISPLD2","s954_F_HYP_02_ASEReadCounter.table","NW_015090842.1:7625451",8,9,1
"CRISPLD2","s954_F_HYP_02_ASEReadCounter.table","NW_015090842.1:7626214",5,5,0
"CRISPLD2","s954_F_HYP_02_ASEReadCounter.table","NW_015090842.1:7630784",2,2,0
"CRISPLD2","s954_F_HYP_02_ASEReadCounter.table","NW_015090842.1:7630823",2,2,0
"CRISPLD2","s954_F_HYP_02_ASEReadCounter.table","NW_015090842.1:7633172",3,3,0
"CRISPLD2","s954_F_HYP_02_ASEReadCounter.table","NW_015090842.1:7633326",7,8,1
"CRISPLD2","s954_F_HYP_02_ASEReadCounter.table","NW_015090842.1:7633336",8,9,1
"CRISPLD2","s954_F_HYP_02_ASEReadCounter.table","NW_015090842.1:7633381",6,6,0
"CRISPLD2","s954_F_HYP_02_ASEReadCounter.table","NW_015090842.1:7633388",6,7,1
"CRISPLD2","s954_F_HYP_02_ASEReadCounter.table","NW_015090842.1:7633400",6,8,2
"CRISPLD2","s954_F_HYP_02_ASEReadCounter.table","NW_015090842.1:7633486",7,8,1
"CRISPLD2","s954_F_HYP_02_ASEReadCounter.table","NW_015090842.1:7633503",7,7,0
"CRISPLD2","s954_F_HYP_02_ASEReadCounter.table","NW_015090842.1:7633504",7,7,0
"CRISPLD2","s954_F_HYP_02_ASEReadCounter.table","NW_015090842.1:7633557",1,2,1
"CRISPLD2","s954_F_HYP_02_ASEReadCounter.table","NW_015090842.1:7633571",2,4,2
"CRISPLD2","s954_F_HYP_02_ASEReadCounter.table","NW_015090842.1:7633588",1,3,2
"CRISPLD2","s954_F_HYP_02_ASEReadCounter.table","NW_015090842.1:7633617",2,3,1
"CRISPLD2","s954_F_HYP_02_ASEReadCounter.table","NW_015090842.1:7633695",2,4,2
"CRISPLD2","s954_F_HYP_02_ASEReadCounter.table","NW_015090842.1:7633721",4,5,1
"CRISPLD2","s954_F_HYP_02_ASEReadCounter.table","NW_015090842.1:7633910",1,1,0
"CRISPLD2","s954_F_HYP_02_ASEReadCounter.table","NW_015090842.1:7634142",7,7,0
"CRISPLD2","s954_F_HYP_02_ASEReadCounter.table","NW_015090842.1:7634417",4,4,0
"CRISPLD2","s954_F_HYP_02_ASEReadCounter.table","NW_015090842.1:7634825",7,7,0
"CRISPLD2","s954_F_HYP_02_ASEReadCounter.table","NW_015090842.1:7634852",6,6,0
"CRISPLD2","s954_F_HYP_02_ASEReadCounter.table","NW_015090842.1:7635009",8,9,1
"CRISPLD2","s954_F_HYP_02_ASEReadCounter.table","NW_015090842.1:7635208",5,6,1
"CRISPLD2","s954_F_HYP_02_ASEReadCounter.table","NW_015090842.1:7635373",2,3,1
"CRISPLD2","s954_F_HYP_02_ASEReadCounter.table","NW_015090842.1:7635525",4,6,2
"CRISPLD2","s954_F_HYP_02_ASEReadCounter.table","NW_015090842.1:7635583",3,4,1
"CRISPLD2","s954_F_HYP_02_ASEReadCounter.table","NW_015090842.1:7635924",6,6,0
"LOC106888312","s954_F_HYP_02_ASEReadCounter.table","NW_015090842.1:7732244",0,1,1
"LOC106888312","s954_F_HYP_02_ASEReadCounter.table","NW_015090842.1:7733096",1,1,0
"LOC106888312","s954_F_HYP_02_ASEReadCounter.table","NW_015090842.1:7733142",1,1,0
"LOC106888312","s954_F_HYP_02_ASEReadCounter.table","NW_015090842.1:7733507",1,1,0
"LOC106888312","s954_F_HYP_02_ASEReadCounter.table","NW_015090842.1:7733508",1,1,0
"LOC106888312","s954_F_HYP_02_ASEReadCounter.table","NW_015090842.1:7733518",1,1,0
"LOC106888312","s954_F_HYP_02_ASEReadCounter.table","NW_015090842.1:7733631",0,1,1
"LOC106888312","s954_F_HYP_02_ASEReadCounter.table","NW_015090842.1:7733674",0,1,1
"ZDHHC7","s954_F_HYP_02_ASEReadCounter.table","NW_015090842.1:7737199",60,124,64
"ZDHHC7","s954_F_HYP_02_ASEReadCounter.table","NW_015090842.1:7737332",39,87,48
"ZDHHC7","s954_F_HYP_02_ASEReadCounter.table","NW_015090842.1:7737553",65,147,82
"ZDHHC7","s954_F_HYP_02_ASEReadCounter.table","NW_015090842.1:7737920",47,82,35
"ZDHHC7","s954_F_HYP_02_ASEReadCounter.table","NW_015090842.1:7737953",42,79,37
"ZDHHC7","s954_F_HYP_02_ASEReadCounter.table","NW_015090842.1:7737987",40,73,33
"ZDHHC7","s954_F_HYP_02_ASEReadCounter.table","NW_015090842.1:7738068",39,67,28
"ZDHHC7","s954_F_HYP_02_ASEReadCounter.table","NW_015090842.1:7738204",38,79,41
"LOC106888097","s954_F_HYP_02_ASEReadCounter.table","NW_015090842.1:7767178",6,20,14
"LOC106888097","s954_F_HYP_02_ASEReadCounter.table","NW_015090842.1:7767187",5,18,13
"LOC106888097","s954_F_HYP_02_ASEReadCounter.table","NW_015090842.1:7768144",6,18,12
"LOC106888097","s954_F_HYP_02_ASEReadCounter.table","NW_015090842.1:7768196",12,25,13
"LOC106888097","s954_F_HYP_02_ASEReadCounter.table","NW_015090842.1:7769884",14,29,15
"LOC106888097","s954_F_HYP_02_ASEReadCounter.table","NW_015090842.1:7769893",12,21,9
"LOC106888097","s954_F_HYP_02_ASEReadCounter.table","NW_015090842.1:7770245",24,49,25
"LOC106888097","s954_F_HYP_02_ASEReadCounter.table","NW_015090842.1:7772402",24,49,25
"LOC106888097","s954_F_HYP_02_ASEReadCounter.table","NW_015090842.1:7772483",20,45,25
"LOC106888097","s954_F_HYP_02_ASEReadCounter.table","NW_015090842.1:7772490",19,45,26
"LOC106888097","s954_F_HYP_02_ASEReadCounter.table","NW_015090842.1:7774281",21,50,29
"LOC106888097","s954_F_HYP_02_ASEReadCounter.table","NW_015090842.1:7774552",29,92,63
"LOC106888097","s954_F_HYP_02_ASEReadCounter.table","NW_015090842.1:7774564",28,87,59
"LOC106888097","s954_F_HYP_02_ASEReadCounter.table","NW_015090842.1:7774611",28,75,47
"LOC106888097","s954_F_HYP_02_ASEReadCounter.table","NW_015090842.1:7774681",29,65,36
"LOC106888097","s954_F_HYP_02_ASEReadCounter.table","NW_015090842.1:7774698",23,60,37
"LOC106888097","s954_F_HYP_02_ASEReadCounter.table","NW_015090842.1:7774730",21,42,21
"LOC106888097","s954_F_HYP_02_ASEReadCounter.table","NW_015090842.1:7774778",9,11,2
"LOC106888097","s954_F_HYP_02_ASEReadCounter.table","NW_015090842.1:7774793",9,10,1
"FOXL1","s954_F_HYP_02_ASEReadCounter.table","NW_015090842.1:8113043",0,2,2
"FOXC2","s954_F_HYP_02_ASEReadCounter.table","NW_015090842.1:8129599",5,7,2
"FOXC2","s954_F_HYP_02_ASEReadCounter.table","NW_015090842.1:8129616",5,8,3
"FOXC2","s954_F_HYP_02_ASEReadCounter.table","NW_015090842.1:8129715",5,8,3
"FOXC2","s954_F_HYP_02_ASEReadCounter.table","NW_015090842.1:8129719",5,9,4
"FOXC2","s954_F_HYP_02_ASEReadCounter.table","NW_015090842.1:8130244",2,5,3
"FOXC2","s954_F_HYP_02_ASEReadCounter.table","NW_015090842.1:8130472",1,3,2
"FOXC2","s954_F_HYP_02_ASEReadCounter.table","NW_015090842.1:8130490",1,3,2
"FOXC2","s954_F_HYP_02_ASEReadCounter.table","NW_015090842.1:8130547",1,3,2
"FOXC2","s954_F_HYP_02_ASEReadCounter.table","NW_015090842.1:8130550",1,3,2
"FOXC2","s954_F_HYP_02_ASEReadCounter.table","NW_015090842.1:8130573",1,2,1
"FOXC2","s954_F_HYP_02_ASEReadCounter.table","NW_015090842.1:8130575",1,2,1
"MTHFSD","s954_F_HYP_02_ASEReadCounter.table","NW_015090842.1:8140051",13,33,20
"MTHFSD","s954_F_HYP_02_ASEReadCounter.table","NW_015090842.1:8142923",32,67,35
"MTHFSD","s954_F_HYP_02_ASEReadCounter.table","NW_015090842.1:8143029",22,58,36
"MTHFSD","s954_F_HYP_02_ASEReadCounter.table","NW_015090842.1:8152035",23,54,31
"MTHFSD","s954_F_HYP_02_ASEReadCounter.table","NW_015090842.1:8152315",12,41,29
"MTHFSD","s954_F_HYP_02_ASEReadCounter.table","NW_015090842.1:8152511",10,31,21
"MTHFSD","s954_F_HYP_02_ASEReadCounter.table","NW_015090842.1:8152518",11,32,21
"MTHFSD","s954_F_HYP_02_ASEReadCounter.table","NW_015090842.1:8152553",10,23,13
"MTHFSD","s954_F_HYP_02_ASEReadCounter.table","NW_015090842.1:8152773",13,23,10
"MTHFSD","s954_F_HYP_02_ASEReadCounter.table","NW_015090842.1:8152805",12,28,16
"FOXF1","s954_F_HYP_02_ASEReadCounter.table","NW_015090842.1:8166883",1,1,0
"IRF8","s954_F_HYP_02_ASEReadCounter.table","NW_015090842.1:8406652",6,17,11
"IRF8","s954_F_HYP_02_ASEReadCounter.table","NW_015090842.1:8406703",12,24,12
"IRF8","s954_F_HYP_02_ASEReadCounter.table","NW_015090842.1:8406704",12,23,11
"IRF8","s954_F_HYP_02_ASEReadCounter.table","NW_015090842.1:8406757",17,28,11
"IRF8","s954_F_HYP_02_ASEReadCounter.table","NW_015090842.1:8406778",14,21,7
"IRF8","s954_F_HYP_02_ASEReadCounter.table","NW_015090842.1:8406819",13,24,11
"IRF8","s954_F_HYP_02_ASEReadCounter.table","NW_015090842.1:8406941",11,31,20
"IRF8","s954_F_HYP_02_ASEReadCounter.table","NW_015090842.1:8407008",4,22,18
"IRF8","s954_F_HYP_02_ASEReadCounter.table","NW_015090842.1:8407057",10,15,5
"IRF8","s954_F_HYP_02_ASEReadCounter.table","NW_015090842.1:8407064",11,18,7
"IRF8","s954_F_HYP_02_ASEReadCounter.table","NW_015090842.1:8407069",11,18,7
"IRF8","s954_F_HYP_02_ASEReadCounter.table","NW_015090842.1:8407120",10,19,9
"IRF8","s954_F_HYP_02_ASEReadCounter.table","NW_015090842.1:8407157",10,20,10
"IRF8","s954_F_HYP_02_ASEReadCounter.table","NW_015090842.1:8407203",9,23,14
"IRF8","s954_F_HYP_02_ASEReadCounter.table","NW_015090842.1:8407272",9,22,13
"IRF8","s954_F_HYP_02_ASEReadCounter.table","NW_015090842.1:8407276",7,18,11
"IRF8","s954_F_HYP_02_ASEReadCounter.table","NW_015090842.1:8407303",12,23,11
"IRF8","s954_F_HYP_02_ASEReadCounter.table","NW_015090842.1:8407451",14,25,11
"IRF8","s954_F_HYP_02_ASEReadCounter.table","NW_015090842.1:8407456",14,26,12
"IRF8","s954_F_HYP_02_ASEReadCounter.table","NW_015090842.1:8408564",9,17,8
"IRF8","s954_F_HYP_02_ASEReadCounter.table","NW_015090842.1:8408585",27,27,0
"IRF8","s954_F_HYP_02_ASEReadCounter.table","NW_015090842.1:8408973",14,29,15
"IRF8","s954_F_HYP_02_ASEReadCounter.table","NW_015090842.1:8409060",19,27,8
"IRF8","s954_F_HYP_02_ASEReadCounter.table","NW_015090842.1:8409065",19,27,8
"IRF8","s954_F_HYP_02_ASEReadCounter.table","NW_015090842.1:8409254",10,18,8
"IRF8","s954_F_HYP_02_ASEReadCounter.table","NW_015090842.1:8409255",10,18,8
"IRF8","s954_F_HYP_02_ASEReadCounter.table","NW_015090842.1:8409258",10,18,8
"IRF8","s954_F_HYP_02_ASEReadCounter.table","NW_015090842.1:8409312",11,16,5
"IRF8","s954_F_HYP_02_ASEReadCounter.table","NW_015090842.1:8410216",6,16,10
"IRF8","s954_F_HYP_02_ASEReadCounter.table","NW_015090842.1:8410237",8,20,12
"IRF8","s954_F_HYP_02_ASEReadCounter.table","NW_015090842.1:8410276",24,24,0
"IRF8","s954_F_HYP_02_ASEReadCounter.table","NW_015090842.1:8410813",13,23,10
"IRF8","s954_F_HYP_02_ASEReadCounter.table","NW_015090842.1:8410861",10,18,8
"IRF8","s954_F_HYP_02_ASEReadCounter.table","NW_015090842.1:8411940",9,12,3
"IRF8","s954_F_HYP_02_ASEReadCounter.table","NW_015090842.1:8412006",9,13,4
"IRF8","s954_F_HYP_02_ASEReadCounter.table","NW_015090842.1:8412042",8,13,5
"DUSP15","s954_F_HYP_02_ASEReadCounter.table","NW_015090842.1:8422898",2,2,0
"DUSP15","s954_F_HYP_02_ASEReadCounter.table","NW_015090842.1:8422909",2,2,0
"COX4I1","s954_F_HYP_02_ASEReadCounter.table","NW_015090842.1:8442258",1609,3111,1502
"COX4I1","s954_F_HYP_02_ASEReadCounter.table","NW_015090842.1:8442333",1359,2609,1250
"EMC8","s954_F_HYP_02_ASEReadCounter.table","NW_015090842.1:8444046",68,154,86
"EMC8","s954_F_HYP_02_ASEReadCounter.table","NW_015090842.1:8444064",67,136,69
"EMC8","s954_F_HYP_02_ASEReadCounter.table","NW_015090842.1:8452029",25,80,55
"EMC8","s954_F_HYP_02_ASEReadCounter.table","NW_015090842.1:8452116",45,105,60
"EMC8","s954_F_HYP_02_ASEReadCounter.table","NW_015090842.1:8452121",46,109,63
"EMC8","s954_F_HYP_02_ASEReadCounter.table","NW_015090842.1:8452222",43,91,48
"EMC8","s954_F_HYP_02_ASEReadCounter.table","NW_015090842.1:8452244",53,100,47
"EMC8","s954_F_HYP_02_ASEReadCounter.table","NW_015090842.1:8452477",34,51,17
"EMC8","s954_F_HYP_02_ASEReadCounter.table","NW_015090842.1:8452498",32,51,19
"EMC8","s954_F_HYP_02_ASEReadCounter.table","NW_015090842.1:8452535",17,32,15
"EMC8","s954_F_HYP_02_ASEReadCounter.table","NW_015090842.1:8452575",13,24,11
"EMC8","s954_F_HYP_02_ASEReadCounter.table","NW_015090842.1:8452600",17,27,10
"EMC8","s954_F_HYP_02_ASEReadCounter.table","NW_015090842.1:8452616",17,31,14
"EMC8","s954_F_HYP_02_ASEReadCounter.table","NW_015090842.1:8452630",15,22,7
"EMC8","s954_F_HYP_02_ASEReadCounter.table","NW_015090842.1:8452650",14,26,12
"EMC8","s954_F_HYP_02_ASEReadCounter.table","NW_015090842.1:8452678",19,33,14
"EMC8","s954_F_HYP_02_ASEReadCounter.table","NW_015090842.1:8452724",21,32,11
"EMC8","s954_F_HYP_02_ASEReadCounter.table","NW_015090842.1:8452731",22,35,13
"EMC8","s954_F_HYP_02_ASEReadCounter.table","NW_015090842.1:8452743",21,34,13
"EMC8","s954_F_HYP_02_ASEReadCounter.table","NW_015090842.1:8452750",13,29,16
"EMC8","s954_F_HYP_02_ASEReadCounter.table","NW_015090842.1:8452778",14,26,12
"EMC8","s954_F_HYP_02_ASEReadCounter.table","NW_015090842.1:8452783",12,24,12
"EMC8","s954_F_HYP_02_ASEReadCounter.table","NW_015090842.1:8452800",15,27,12
"EMC8","s954_F_HYP_02_ASEReadCounter.table","NW_015090842.1:8452804",14,26,12
"EMC8","s954_F_HYP_02_ASEReadCounter.table","NW_015090842.1:8452812",14,26,12
"EMC8","s954_F_HYP_02_ASEReadCounter.table","NW_015090842.1:8452858",13,32,19
"EMC8","s954_F_HYP_02_ASEReadCounter.table","NW_015090842.1:8452906",22,43,21
"EMC8","s954_F_HYP_02_ASEReadCounter.table","NW_015090842.1:8452913",20,40,20
"EMC8","s954_F_HYP_02_ASEReadCounter.table","NW_015090842.1:8453000",25,37,12
"EMC8","s954_F_HYP_02_ASEReadCounter.table","NW_015090842.1:8453007",27,42,15
"EMC8","s954_F_HYP_02_ASEReadCounter.table","NW_015090842.1:8453058",23,40,17
"EMC8","s954_F_HYP_02_ASEReadCounter.table","NW_015090842.1:8453106",18,35,17
"GINS2","s954_F_HYP_02_ASEReadCounter.table","NW_015090842.1:8466420",13,16,3
"GINS2","s954_F_HYP_02_ASEReadCounter.table","NW_015090842.1:8466424",13,16,3
"GINS2","s954_F_HYP_02_ASEReadCounter.table","NW_015090842.1:8466518",12,17,5
"GINS2","s954_F_HYP_02_ASEReadCounter.table","NW_015090842.1:8468482",25,31,6
"GINS2","s954_F_HYP_02_ASEReadCounter.table","NW_015090842.1:8470290",28,29,1
"GINS2","s954_F_HYP_02_ASEReadCounter.table","NW_015090842.1:8470305",23,23,0
"GINS2","s954_F_HYP_02_ASEReadCounter.table","NW_015090842.1:8470381",28,30,2
"GINS2","s954_F_HYP_02_ASEReadCounter.table","NW_015090842.1:8470418",20,25,5
"GINS2","s954_F_HYP_02_ASEReadCounter.table","NW_015090842.1:8470421",18,23,5
"GINS2","s954_F_HYP_02_ASEReadCounter.table","NW_015090842.1:8470430",13,18,5
"GINS2","s954_F_HYP_02_ASEReadCounter.table","NW_015090842.1:8470433",14,19,5
"GINS2","s954_F_HYP_02_ASEReadCounter.table","NW_015090842.1:8470457",6,14,8
"GINS2","s954_F_HYP_02_ASEReadCounter.table","NW_015090842.1:8470491",18,26,8
"GINS2","s954_F_HYP_02_ASEReadCounter.table","NW_015090842.1:8470548",22,30,8
"GINS2","s954_F_HYP_02_ASEReadCounter.table","NW_015090842.1:8470649",17,21,4
"GSE1","s954_F_HYP_02_ASEReadCounter.table","NW_015090842.1:8475362",59,133,74
"GSE1","s954_F_HYP_02_ASEReadCounter.table","NW_015090842.1:8475961",41,51,10
"GSE1","s954_F_HYP_02_ASEReadCounter.table","NW_015090842.1:8476027",30,44,14
"GSE1","s954_F_HYP_02_ASEReadCounter.table","NW_015090842.1:8476159",12,15,3
"GSE1","s954_F_HYP_02_ASEReadCounter.table","NW_015090842.1:8477442",0,23,23
"GSE1","s954_F_HYP_02_ASEReadCounter.table","NW_015090842.1:8477448",0,21,21
"GSE1","s954_F_HYP_02_ASEReadCounter.table","NW_015090842.1:8477662",0,18,18
"GSE1","s954_F_HYP_02_ASEReadCounter.table","NW_015090842.1:8477933",24,49,25
"GSE1","s954_F_HYP_02_ASEReadCounter.table","NW_015090842.1:8477945",20,45,25
"GSE1","s954_F_HYP_02_ASEReadCounter.table","NW_015090842.1:8483272",2,28,26
"GSE1","s954_F_HYP_02_ASEReadCounter.table","NW_015090842.1:8483367",3,8,5
"GSE1","s954_F_HYP_02_ASEReadCounter.table","NW_015090842.1:8483411",0,3,3
"GSE1","s954_F_HYP_02_ASEReadCounter.table","NW_015090842.1:8483756",6,24,18
"GSE1","s954_F_HYP_02_ASEReadCounter.table","NW_015090842.1:8486867",24,49,25
"GSE1","s954_F_HYP_02_ASEReadCounter.table","NW_015090842.1:8486939",36,71,35
"GSE1","s954_F_HYP_02_ASEReadCounter.table","NW_015090842.1:8486945",36,70,34
"GSE1","s954_F_HYP_02_ASEReadCounter.table","NW_015090842.1:8486993",24,44,20
"GSE1","s954_F_HYP_02_ASEReadCounter.table","NW_015090842.1:8487062",23,49,26
"GSE1","s954_F_HYP_02_ASEReadCounter.table","NW_015090842.1:8488065",16,21,5
"GSE1","s954_F_HYP_02_ASEReadCounter.table","NW_015090842.1:8488457",22,34,12
"GSE1","s954_F_HYP_02_ASEReadCounter.table","NW_015090842.1:8488463",22,33,11
"GSE1","s954_F_HYP_02_ASEReadCounter.table","NW_015090842.1:8488490",32,32,0
"GSE1","s954_F_HYP_02_ASEReadCounter.table","NW_015090842.1:8488505",20,34,14
"GSE1","s954_F_HYP_02_ASEReadCounter.table","NW_015090842.1:8490180",0,28,28
"KIAA0513","s954_F_HYP_02_ASEReadCounter.table","NW_015090842.1:8668363",130,250,120
"KIAA0513","s954_F_HYP_02_ASEReadCounter.table","NW_015090842.1:8668387",124,242,118
"KIAA0513","s954_F_HYP_02_ASEReadCounter.table","NW_015090842.1:8668390",120,235,115
"KIAA0513","s954_F_HYP_02_ASEReadCounter.table","NW_015090842.1:8673107",103,234,131
"KIAA0513","s954_F_HYP_02_ASEReadCounter.table","NW_015090842.1:8673147",116,258,142
"KIAA0513","s954_F_HYP_02_ASEReadCounter.table","NW_015090842.1:8674661",71,157,86
"KIAA0513","s954_F_HYP_02_ASEReadCounter.table","NW_015090842.1:8674685",62,156,94
"KIAA0513","s954_F_HYP_02_ASEReadCounter.table","NW_015090842.1:8674730",63,148,85
"KIAA0513","s954_F_HYP_02_ASEReadCounter.table","NW_015090842.1:8675525",65,144,79
"KIAA0513","s954_F_HYP_02_ASEReadCounter.table","NW_015090842.1:8675561",60,139,79
"KIAA0513","s954_F_HYP_02_ASEReadCounter.table","NW_015090842.1:8678608",0,37,37
"KIAA0513","s954_F_HYP_02_ASEReadCounter.table","NW_015090842.1:8686455",0,36,36
"KIAA0513","s954_F_HYP_02_ASEReadCounter.table","NW_015090842.1:8686508",0,48,48
"KIAA0513","s954_F_HYP_02_ASEReadCounter.table","NW_015090842.1:8686521",0,45,45
"KIAA0513","s954_F_HYP_02_ASEReadCounter.table","NW_015090842.1:8693642",4,8,4
"KIAA0513","s954_F_HYP_02_ASEReadCounter.table","NW_015090842.1:8693712",4,8,4
"FBXO31","s954_F_HYP_02_ASEReadCounter.table","NW_015090842.1:8710240",48,108,60
"FBXO31","s954_F_HYP_02_ASEReadCounter.table","NW_015090842.1:8710372",37,74,37
"FBXO31","s954_F_HYP_02_ASEReadCounter.table","NW_015090842.1:8711239",36,92,56
"FBXO31","s954_F_HYP_02_ASEReadCounter.table","NW_015090842.1:8714565",49,102,53
"FBXO31","s954_F_HYP_02_ASEReadCounter.table","NW_015090842.1:8716001",33,64,31
"FBXO31","s954_F_HYP_02_ASEReadCounter.table","NW_015090842.1:8725050",2,2,0
"FBXO31","s954_F_HYP_02_ASEReadCounter.table","NW_015090842.1:8725057",2,2,0
"FBXO31","s954_F_HYP_02_ASEReadCounter.table","NW_015090842.1:8725162",0,1,1
"FBXO31","s954_F_HYP_02_ASEReadCounter.table","NW_015090842.1:8725163",0,1,1
"FBXO31","s954_F_HYP_02_ASEReadCounter.table","NW_015090842.1:8725187",1,1,0
"FBXO31","s954_F_HYP_02_ASEReadCounter.table","NW_015090842.1:8725188",1,1,0
"FBXO31","s954_F_HYP_02_ASEReadCounter.table","NW_015090842.1:8725190",1,1,0
"ZCCHC14","s954_F_HYP_02_ASEReadCounter.table","NW_015090842.1:8750174",55,76,21
"ZCCHC14","s954_F_HYP_02_ASEReadCounter.table","NW_015090842.1:8750189",64,87,23
"ZCCHC14","s954_F_HYP_02_ASEReadCounter.table","NW_015090842.1:8750365",42,81,39
"ZCCHC14","s954_F_HYP_02_ASEReadCounter.table","NW_015090842.1:8750433",40,71,31
"ZCCHC14","s954_F_HYP_02_ASEReadCounter.table","NW_015090842.1:8750449",36,67,31
"ZCCHC14","s954_F_HYP_02_ASEReadCounter.table","NW_015090842.1:8750456",33,63,30
"ZCCHC14","s954_F_HYP_02_ASEReadCounter.table","NW_015090842.1:8750497",36,74,38
"ZCCHC14","s954_F_HYP_02_ASEReadCounter.table","NW_015090842.1:8750547",36,74,38
"ZCCHC14","s954_F_HYP_02_ASEReadCounter.table","NW_015090842.1:8751100",12,21,9
"ZCCHC14","s954_F_HYP_02_ASEReadCounter.table","NW_015090842.1:8751374",14,37,23
"ZCCHC14","s954_F_HYP_02_ASEReadCounter.table","NW_015090842.1:8751403",20,40,20
"ZCCHC14","s954_F_HYP_02_ASEReadCounter.table","NW_015090842.1:8751517",21,51,30
"ZCCHC14","s954_F_HYP_02_ASEReadCounter.table","NW_015090842.1:8752060",12,22,10
"ZCCHC14","s954_F_HYP_02_ASEReadCounter.table","NW_015090842.1:8752172",23,42,19
"ZCCHC14","s954_F_HYP_02_ASEReadCounter.table","NW_015090842.1:8752183",22,44,22
"ZCCHC14","s954_F_HYP_02_ASEReadCounter.table","NW_015090842.1:8752198",23,46,23
"ZCCHC14","s954_F_HYP_02_ASEReadCounter.table","NW_015090842.1:8752248",27,54,27
"ZCCHC14","s954_F_HYP_02_ASEReadCounter.table","NW_015090842.1:8752326",24,44,20
"ZCCHC14","s954_F_HYP_02_ASEReadCounter.table","NW_015090842.1:8752393",22,45,23
"ZCCHC14","s954_F_HYP_02_ASEReadCounter.table","NW_015090842.1:8752914",18,38,20
"ZCCHC14","s954_F_HYP_02_ASEReadCounter.table","NW_015090842.1:8753528",11,21,10
"ZCCHC14","s954_F_HYP_02_ASEReadCounter.table","NW_015090842.1:8753892",6,13,7
"ZCCHC14","s954_F_HYP_02_ASEReadCounter.table","NW_015090842.1:8753910",8,14,6
"ZCCHC14","s954_F_HYP_02_ASEReadCounter.table","NW_015090842.1:8755096",13,21,8
"ZCCHC14","s954_F_HYP_02_ASEReadCounter.table","NW_015090842.1:8755327",7,14,7
"ZCCHC14","s954_F_HYP_02_ASEReadCounter.table","NW_015090842.1:8755723",4,11,7
"ZCCHC14","s954_F_HYP_02_ASEReadCounter.table","NW_015090842.1:8755739",3,13,10
"ZCCHC14","s954_F_HYP_02_ASEReadCounter.table","NW_015090842.1:8756149",6,12,6
"ZCCHC14","s954_F_HYP_02_ASEReadCounter.table","NW_015090842.1:8756347",9,12,3
"ZCCHC14","s954_F_HYP_02_ASEReadCounter.table","NW_015090842.1:8756361",11,14,3
"ZCCHC14","s954_F_HYP_02_ASEReadCounter.table","NW_015090842.1:8756388",9,13,4
"ZCCHC14","s954_F_HYP_02_ASEReadCounter.table","NW_015090842.1:8756389",8,12,4
"ZCCHC14","s954_F_HYP_02_ASEReadCounter.table","NW_015090842.1:8757160",6,13,7
"ZCCHC14","s954_F_HYP_02_ASEReadCounter.table","NW_015090842.1:8804511",4,12,8
"JPH3","s954_F_HYP_02_ASEReadCounter.table","NW_015090842.1:8845375",36,73,37
"JPH3","s954_F_HYP_02_ASEReadCounter.table","NW_015090842.1:8845640",57,99,42
"JPH3","s954_F_HYP_02_ASEReadCounter.table","NW_015090842.1:8845654",48,95,47
"JPH3","s954_F_HYP_02_ASEReadCounter.table","NW_015090842.1:8872283",55,108,53
"JPH3","s954_F_HYP_02_ASEReadCounter.table","NW_015090842.1:8872294",57,112,55
"JPH3","s954_F_HYP_02_ASEReadCounter.table","NW_015090842.1:8872730",74,148,74
"JPH3","s954_F_HYP_02_ASEReadCounter.table","NW_015090842.1:8885260",133,253,120
"JPH3","s954_F_HYP_02_ASEReadCounter.table","NW_015090842.1:8885315",73,180,107
"JPH3","s954_F_HYP_02_ASEReadCounter.table","NW_015090842.1:8885328",63,158,95
"JPH3","s954_F_HYP_02_ASEReadCounter.table","NW_015090842.1:8885438",88,194,106
"JPH3","s954_F_HYP_02_ASEReadCounter.table","NW_015090842.1:8885525",41,123,82
"KLHDC4","s954_F_HYP_02_ASEReadCounter.table","NW_015090842.1:8890729",57,100,43
"KLHDC4","s954_F_HYP_02_ASEReadCounter.table","NW_015090842.1:8890749",64,112,48
"KLHDC4","s954_F_HYP_02_ASEReadCounter.table","NW_015090842.1:8890761",58,104,46
"KLHDC4","s954_F_HYP_02_ASEReadCounter.table","NW_015090842.1:8891123",109,164,55
"KLHDC4","s954_F_HYP_02_ASEReadCounter.table","NW_015090842.1:8893124",93,151,58
"KLHDC4","s954_F_HYP_02_ASEReadCounter.table","NW_015090842.1:8894542",86,126,40
"KLHDC4","s954_F_HYP_02_ASEReadCounter.table","NW_015090842.1:8896726",58,77,19
"KLHDC4","s954_F_HYP_02_ASEReadCounter.table","NW_015090842.1:8896767",62,83,21
"KLHDC4","s954_F_HYP_02_ASEReadCounter.table","NW_015090842.1:8904174",41,67,26
"KLHDC4","s954_F_HYP_02_ASEReadCounter.table","NW_015090842.1:8904231",35,57,22
"KLHDC4","s954_F_HYP_02_ASEReadCounter.table","NW_015090842.1:8905251",36,60,24
"KLHDC4","s954_F_HYP_02_ASEReadCounter.table","NW_015090842.1:8905263",40,65,25
"KLHDC4","s954_F_HYP_02_ASEReadCounter.table","NW_015090842.1:8919626",6,11,5
"SLC7A5","s954_F_HYP_02_ASEReadCounter.table","NW_015090842.1:8938782",350,871,521
"SLC7A5","s954_F_HYP_02_ASEReadCounter.table","NW_015090842.1:8938943",301,726,425
"SLC7A5","s954_F_HYP_02_ASEReadCounter.table","NW_015090842.1:8939611",188,386,198
"SLC7A5","s954_F_HYP_02_ASEReadCounter.table","NW_015090842.1:8939738",228,528,300
"SLC7A5","s954_F_HYP_02_ASEReadCounter.table","NW_015090842.1:8939739",234,532,298
"SLC7A5","s954_F_HYP_02_ASEReadCounter.table","NW_015090842.1:8939740",231,545,314
"SLC7A5","s954_F_HYP_02_ASEReadCounter.table","NW_015090842.1:8939795",257,537,280
"SLC7A5","s954_F_HYP_02_ASEReadCounter.table","NW_015090842.1:8939815",214,544,330
"SLC7A5","s954_F_HYP_02_ASEReadCounter.table","NW_015090842.1:8939816",213,547,334
"SLC7A5","s954_F_HYP_02_ASEReadCounter.table","NW_015090842.1:8939817",211,560,349
"SLC7A5","s954_F_HYP_02_ASEReadCounter.table","NW_015090842.1:8939845",217,563,346
"SLC7A5","s954_F_HYP_02_ASEReadCounter.table","NW_015090842.1:8939894",197,558,361
"SLC7A5","s954_F_HYP_02_ASEReadCounter.table","NW_015090842.1:8939895",197,552,355
"SLC7A5","s954_F_HYP_02_ASEReadCounter.table","NW_015090842.1:8939997",795,795,0
"SLC7A5","s954_F_HYP_02_ASEReadCounter.table","NW_015090842.1:8940172",249,596,347
"SLC7A5","s954_F_HYP_02_ASEReadCounter.table","NW_015090842.1:8940331",129,305,176
"SLC7A5","s954_F_HYP_02_ASEReadCounter.table","NW_015090842.1:8940696",213,378,165
"SLC7A5","s954_F_HYP_02_ASEReadCounter.table","NW_015090842.1:8940719",92,288,196
"SLC7A5","s954_F_HYP_02_ASEReadCounter.table","NW_015090842.1:8940737",93,278,185
"SLC7A5","s954_F_HYP_02_ASEReadCounter.table","NW_015090842.1:8940743",111,294,183
"SLC7A5","s954_F_HYP_02_ASEReadCounter.table","NW_015090842.1:8940766",140,348,208
"SLC7A5","s954_F_HYP_02_ASEReadCounter.table","NW_015090842.1:8940769",145,374,229
"SLC7A5","s954_F_HYP_02_ASEReadCounter.table","NW_015090842.1:8940861",175,373,198
"SLC7A5","s954_F_HYP_02_ASEReadCounter.table","NW_015090842.1:8941068",203,468,265
"SLC7A5","s954_F_HYP_02_ASEReadCounter.table","NW_015090842.1:8941467",115,334,219
"SLC7A5","s954_F_HYP_02_ASEReadCounter.table","NW_015090842.1:8941531",130,348,218
"SLC7A5","s954_F_HYP_02_ASEReadCounter.table","NW_015090842.1:8941588",164,403,239
"SLC7A5","s954_F_HYP_02_ASEReadCounter.table","NW_015090842.1:8941698",96,218,122
"SLC7A5","s954_F_HYP_02_ASEReadCounter.table","NW_015090842.1:8941717",126,254,128
"SLC7A5","s954_F_HYP_02_ASEReadCounter.table","NW_015090842.1:8941745",132,280,148
"SLC7A5","s954_F_HYP_02_ASEReadCounter.table","NW_015090842.1:8941781",150,345,195
"SLC7A5","s954_F_HYP_02_ASEReadCounter.table","NW_015090842.1:8941887",112,257,145
"SLC7A5","s954_F_HYP_02_ASEReadCounter.table","NW_015090842.1:8941968",70,233,163
"SLC7A5","s954_F_HYP_02_ASEReadCounter.table","NW_015090842.1:8942025",110,281,171
"SLC7A5","s954_F_HYP_02_ASEReadCounter.table","NW_015090842.1:8942069",103,253,150
"SLC7A5","s954_F_HYP_02_ASEReadCounter.table","NW_015090842.1:8942170",123,285,162
"SLC7A5","s954_F_HYP_02_ASEReadCounter.table","NW_015090842.1:8942241",132,334,202
"SLC7A5","s954_F_HYP_02_ASEReadCounter.table","NW_015090842.1:8942283",104,285,181
"SLC7A5","s954_F_HYP_02_ASEReadCounter.table","NW_015090842.1:8942717",144,400,256
"SLC7A5","s954_F_HYP_02_ASEReadCounter.table","NW_015090842.1:8942756",180,463,283
"SLC7A5","s954_F_HYP_02_ASEReadCounter.table","NW_015090842.1:8942766",179,459,280
"SLC7A5","s954_F_HYP_02_ASEReadCounter.table","NW_015090842.1:8943271",117,268,151
"SLC7A5","s954_F_HYP_02_ASEReadCounter.table","NW_015090842.1:8943524",103,208,105
"SLC7A5","s954_F_HYP_02_ASEReadCounter.table","NW_015090842.1:8943530",107,213,106
"SLC7A5","s954_F_HYP_02_ASEReadCounter.table","NW_015090842.1:8943602",94,211,117
"SLC7A5","s954_F_HYP_02_ASEReadCounter.table","NW_015090842.1:8943622",88,217,129
"SLC7A5","s954_F_HYP_02_ASEReadCounter.table","NW_015090842.1:8943661",104,243,139
"SLC7A5","s954_F_HYP_02_ASEReadCounter.table","NW_015090842.1:8943686",103,242,139
"SLC7A5","s954_F_HYP_02_ASEReadCounter.table","NW_015090842.1:8943788",81,195,114
"SLC7A5","s954_F_HYP_02_ASEReadCounter.table","NW_015090842.1:8943814",74,201,127
"SLC7A5","s954_F_HYP_02_ASEReadCounter.table","NW_015090842.1:8943876",74,198,124
"SLC7A5","s954_F_HYP_02_ASEReadCounter.table","NW_015090842.1:8943892",72,203,131
"SLC7A5","s954_F_HYP_02_ASEReadCounter.table","NW_015090842.1:8944097",80,185,105
"SLC7A5","s954_F_HYP_02_ASEReadCounter.table","NW_015090842.1:8944104",76,183,107
"SLC7A5","s954_F_HYP_02_ASEReadCounter.table","NW_015090842.1:8944293",53,136,83
"SLC7A5","s954_F_HYP_02_ASEReadCounter.table","NW_015090842.1:8944297",54,140,86
"SLC7A5","s954_F_HYP_02_ASEReadCounter.table","NW_015090842.1:8944397",52,121,69
"SLC7A5","s954_F_HYP_02_ASEReadCounter.table","NW_015090842.1:8944552",76,172,96
"SLC7A5","s954_F_HYP_02_ASEReadCounter.table","NW_015090842.1:8944629",85,192,107
"CA5A","s954_F_HYP_02_ASEReadCounter.table","NW_015090842.1:8989479",125,204,79
"CA5A","s954_F_HYP_02_ASEReadCounter.table","NW_015090842.1:8989562",163,244,81
"CA5A","s954_F_HYP_02_ASEReadCounter.table","NW_015090842.1:8989609",177,283,106
"CA5A","s954_F_HYP_02_ASEReadCounter.table","NW_015090842.1:8989693",164,313,149
"CA5A","s954_F_HYP_02_ASEReadCounter.table","NW_015090842.1:8989702",171,311,140
"CA5A","s954_F_HYP_02_ASEReadCounter.table","NW_015090842.1:8989746",182,326,144
"CA5A","s954_F_HYP_02_ASEReadCounter.table","NW_015090842.1:8989880",144,278,134
"CA5A","s954_F_HYP_02_ASEReadCounter.table","NW_015090842.1:8989885",148,284,136
"CA5A","s954_F_HYP_02_ASEReadCounter.table","NW_015090842.1:8989929",149,298,149
"CA5A","s954_F_HYP_02_ASEReadCounter.table","NW_015090842.1:8990002",159,302,143
"CA5A","s954_F_HYP_02_ASEReadCounter.table","NW_015090842.1:8990004",159,298,139
"CA5A","s954_F_HYP_02_ASEReadCounter.table","NW_015090842.1:8990005",155,293,138
"CA5A","s954_F_HYP_02_ASEReadCounter.table","NW_015090842.1:8990017",149,262,113
"CA5A","s954_F_HYP_02_ASEReadCounter.table","NW_015090842.1:8990043",109,213,104
"CA5A","s954_F_HYP_02_ASEReadCounter.table","NW_015090842.1:8990060",223,223,0
"CA5A","s954_F_HYP_02_ASEReadCounter.table","NW_015090842.1:8990080",96,202,106
"CA5A","s954_F_HYP_02_ASEReadCounter.table","NW_015090842.1:8990084",99,205,106
"CA5A","s954_F_HYP_02_ASEReadCounter.table","NW_015090842.1:8990090",96,209,113
"CA5A","s954_F_HYP_02_ASEReadCounter.table","NW_015090842.1:8990095",104,213,109
"CA5A","s954_F_HYP_02_ASEReadCounter.table","NW_015090842.1:8990111",97,205,108
"CA5A","s954_F_HYP_02_ASEReadCounter.table","NW_015090842.1:8990112",96,202,106
"CA5A","s954_F_HYP_02_ASEReadCounter.table","NW_015090842.1:8990115",106,209,103
"CA5A","s954_F_HYP_02_ASEReadCounter.table","NW_015090842.1:8990166",95,195,100
"CA5A","s954_F_HYP_02_ASEReadCounter.table","NW_015090842.1:8990169",107,206,99
"CA5A","s954_F_HYP_02_ASEReadCounter.table","NW_015090842.1:8990193",211,211,0
"CA5A","s954_F_HYP_02_ASEReadCounter.table","NW_015090842.1:8990222",108,186,78
"CA5A","s954_F_HYP_02_ASEReadCounter.table","NW_015090842.1:8990289",113,213,100
"CA5A","s954_F_HYP_02_ASEReadCounter.table","NW_015090842.1:8990314",116,222,106
"CA5A","s954_F_HYP_02_ASEReadCounter.table","NW_015090842.1:8990361",113,209,96
"CA5A","s954_F_HYP_02_ASEReadCounter.table","NW_015090842.1:8990368",115,204,89
"CA5A","s954_F_HYP_02_ASEReadCounter.table","NW_015090842.1:8990429",98,180,82
"CA5A","s954_F_HYP_02_ASEReadCounter.table","NW_015090842.1:8990466",95,166,71
"CA5A","s954_F_HYP_02_ASEReadCounter.table","NW_015090842.1:8990663",109,174,65
"CA5A","s954_F_HYP_02_ASEReadCounter.table","NW_015090842.1:8990797",76,136,60
"CA5A","s954_F_HYP_02_ASEReadCounter.table","NW_015090842.1:8990836",89,150,61
"CA5A","s954_F_HYP_02_ASEReadCounter.table","NW_015090842.1:8990842",90,149,59
"CA5A","s954_F_HYP_02_ASEReadCounter.table","NW_015090842.1:8990851",91,149,58
"CA5A","s954_F_HYP_02_ASEReadCounter.table","NW_015090842.1:8990918",65,120,55
"CA5A","s954_F_HYP_02_ASEReadCounter.table","NW_015090842.1:8990921",58,121,63
"CA5A","s954_F_HYP_02_ASEReadCounter.table","NW_015090842.1:8990942",86,146,60
"CA5A","s954_F_HYP_02_ASEReadCounter.table","NW_015090842.1:8991001",99,175,76
"CA5A","s954_F_HYP_02_ASEReadCounter.table","NW_015090842.1:8991038",90,159,69
"CA5A","s954_F_HYP_02_ASEReadCounter.table","NW_015090842.1:8991149",97,163,66
"CA5A","s954_F_HYP_02_ASEReadCounter.table","NW_015090842.1:8991176",104,169,65
"CA5A","s954_F_HYP_02_ASEReadCounter.table","NW_015090842.1:8991241",101,183,82
"CA5A","s954_F_HYP_02_ASEReadCounter.table","NW_015090842.1:8991262",90,157,67
"CA5A","s954_F_HYP_02_ASEReadCounter.table","NW_015090842.1:8991316",83,88,5
"CA5A","s954_F_HYP_02_ASEReadCounter.table","NW_015090842.1:8991319",87,91,4
"CA5A","s954_F_HYP_02_ASEReadCounter.table","NW_015090842.1:8991330",90,94,4
"CA5A","s954_F_HYP_02_ASEReadCounter.table","NW_015090842.1:8991334",85,91,6
"CA5A","s954_F_HYP_02_ASEReadCounter.table","NW_015090842.1:8991362",99,148,49
"CA5A","s954_F_HYP_02_ASEReadCounter.table","NW_015090842.1:8991368",93,145,52
"CA5A","s954_F_HYP_02_ASEReadCounter.table","NW_015090842.1:8991390",94,149,55
"CA5A","s954_F_HYP_02_ASEReadCounter.table","NW_015090842.1:8991395",87,144,57
"CA5A","s954_F_HYP_02_ASEReadCounter.table","NW_015090842.1:8991422",90,161,71
"CA5A","s954_F_HYP_02_ASEReadCounter.table","NW_015090842.1:8991467",75,136,61
"CA5A","s954_F_HYP_02_ASEReadCounter.table","NW_015090842.1:8991576",59,99,40
"CA5A","s954_F_HYP_02_ASEReadCounter.table","NW_015090842.1:8991587",70,117,47
"CA5A","s954_F_HYP_02_ASEReadCounter.table","NW_015090842.1:8991655",88,151,63
"CA5A","s954_F_HYP_02_ASEReadCounter.table","NW_015090842.1:8991717",81,144,63
"CA5A","s954_F_HYP_02_ASEReadCounter.table","NW_015090842.1:8991726",82,138,56
"CA5A","s954_F_HYP_02_ASEReadCounter.table","NW_015090842.1:8991799",70,128,58
"CA5A","s954_F_HYP_02_ASEReadCounter.table","NW_015090842.1:8991809",58,116,58
"CA5A","s954_F_HYP_02_ASEReadCounter.table","NW_015090842.1:8991848",53,109,56
"CA5A","s954_F_HYP_02_ASEReadCounter.table","NW_015090842.1:8991849",53,110,57
"CA5A","s954_F_HYP_02_ASEReadCounter.table","NW_015090842.1:8991927",75,128,53
"CA5A","s954_F_HYP_02_ASEReadCounter.table","NW_015090842.1:8991941",72,123,51
"CA5A","s954_F_HYP_02_ASEReadCounter.table","NW_015090842.1:8992121",47,94,47
"CA5A","s954_F_HYP_02_ASEReadCounter.table","NW_015090842.1:8992224",56,97,41
"CA5A","s954_F_HYP_02_ASEReadCounter.table","NW_015090842.1:9002570",34,57,23
"CA5A","s954_F_HYP_02_ASEReadCounter.table","NW_015090842.1:9002600",29,45,16
"CA5A","s954_F_HYP_02_ASEReadCounter.table","NW_015090842.1:9004312",15,35,20
"CA5A","s954_F_HYP_02_ASEReadCounter.table","NW_015090842.1:9004506",4,5,1
"CA5A","s954_F_HYP_02_ASEReadCounter.table","NW_015090842.1:9004523",4,5,1
"CA5A","s954_F_HYP_02_ASEReadCounter.table","NW_015090842.1:9004530",4,5,1
"CA5A","s954_F_HYP_02_ASEReadCounter.table","NW_015090842.1:9004556",3,4,1
"CA5A","s954_F_HYP_02_ASEReadCounter.table","NW_015090842.1:9005116",4,5,1
"CA5A","s954_F_HYP_02_ASEReadCounter.table","NW_015090842.1:9005120",5,6,1
"CA5A","s954_F_HYP_02_ASEReadCounter.table","NW_015090842.1:9005140",4,5,1
"CA5A","s954_F_HYP_02_ASEReadCounter.table","NW_015090842.1:9005152",4,5,1
"BANP","s954_F_HYP_02_ASEReadCounter.table","NW_015090842.1:9033407",9,22,13
"BANP","s954_F_HYP_02_ASEReadCounter.table","NW_015090842.1:9033409",9,22,13
"BANP","s954_F_HYP_02_ASEReadCounter.table","NW_015090842.1:9033420",10,23,13
"BANP","s954_F_HYP_02_ASEReadCounter.table","NW_015090842.1:9067974",0,16,16
"BANP","s954_F_HYP_02_ASEReadCounter.table","NW_015090842.1:9102510",24,63,39
"BANP","s954_F_HYP_02_ASEReadCounter.table","NW_015090842.1:9168534",29,75,46
"BANP","s954_F_HYP_02_ASEReadCounter.table","NW_015090842.1:9168818",15,46,31
"ZNF469","s954_F_HYP_02_ASEReadCounter.table","NW_015090842.1:9424301",1,1,0
"ZNF469","s954_F_HYP_02_ASEReadCounter.table","NW_015090842.1:9424333",1,2,1
"ZNF469","s954_F_HYP_02_ASEReadCounter.table","NW_015090842.1:9425089",0,2,2
"ZNF469","s954_F_HYP_02_ASEReadCounter.table","NW_015090842.1:9425108",0,2,2
"ZNF469","s954_F_HYP_02_ASEReadCounter.table","NW_015090842.1:9425182",0,1,1
"ZNF469","s954_F_HYP_02_ASEReadCounter.table","NW_015090842.1:9426420",0,1,1
"ZNF469","s954_F_HYP_02_ASEReadCounter.table","NW_015090842.1:9426585",0,1,1
"ZNF469","s954_F_HYP_02_ASEReadCounter.table","NW_015090842.1:9427614",0,1,1
"ZNF469","s954_F_HYP_02_ASEReadCounter.table","NW_015090842.1:9431031",2,3,1
"ZNF469","s954_F_HYP_02_ASEReadCounter.table","NW_015090842.1:9431073",1,2,1
"ZNF469","s954_F_HYP_02_ASEReadCounter.table","NW_015090842.1:9431091",1,2,1
"ZNF469","s954_F_HYP_02_ASEReadCounter.table","NW_015090842.1:9431150",1,1,0
"ZNF469","s954_F_HYP_02_ASEReadCounter.table","NW_015090842.1:9431162",1,1,0
"ZNF469","s954_F_HYP_02_ASEReadCounter.table","NW_015090842.1:9431317",1,2,1
"ZNF469","s954_F_HYP_02_ASEReadCounter.table","NW_015090842.1:9431325",1,2,1
"ZNF469","s954_F_HYP_02_ASEReadCounter.table","NW_015090842.1:9431700",0,4,4
"ZNF469","s954_F_HYP_02_ASEReadCounter.table","NW_015090842.1:9431901",0,2,2
"ZNF469","s954_F_HYP_02_ASEReadCounter.table","NW_015090842.1:9432110",0,1,1
"ZNF469","s954_F_HYP_02_ASEReadCounter.table","NW_015090842.1:9432302",1,2,1
"ZNF469","s954_F_HYP_02_ASEReadCounter.table","NW_015090842.1:9432361",1,2,1
"ZNF469","s954_F_HYP_02_ASEReadCounter.table","NW_015090842.1:9432374",1,3,2
"ZNF469","s954_F_HYP_02_ASEReadCounter.table","NW_015090842.1:9432382",1,2,1
"ZNF469","s954_F_HYP_02_ASEReadCounter.table","NW_015090842.1:9432481",0,1,1
"ZNF469","s954_F_HYP_02_ASEReadCounter.table","NW_015090842.1:9433268",0,1,1
"ZNF469","s954_F_HYP_02_ASEReadCounter.table","NW_015090842.1:9433678",0,1,1
"ZNF469","s954_F_HYP_02_ASEReadCounter.table","NW_015090842.1:9433902",2,3,1
"ZNF469","s954_F_HYP_02_ASEReadCounter.table","NW_015090842.1:9433980",3,4,1
"ZNF469","s954_F_HYP_02_ASEReadCounter.table","NW_015090842.1:9434259",2,4,2
"ZNF469","s954_F_HYP_02_ASEReadCounter.table","NW_015090842.1:9435221",0,5,5
"ZFPM1","s954_F_HYP_02_ASEReadCounter.table","NW_015090842.1:9458862",5,21,16
"ZFPM1","s954_F_HYP_02_ASEReadCounter.table","NW_015090842.1:9458888",5,21,16
"ZFPM1","s954_F_HYP_02_ASEReadCounter.table","NW_015090842.1:9458904",6,22,16
"ZFPM1","s954_F_HYP_02_ASEReadCounter.table","NW_015090842.1:9458916",7,24,17
"ZFPM1","s954_F_HYP_02_ASEReadCounter.table","NW_015090842.1:9468568",7,25,18
"ZFPM1","s954_F_HYP_02_ASEReadCounter.table","NW_015090842.1:9468593",9,25,16
"ZFPM1","s954_F_HYP_02_ASEReadCounter.table","NW_015090842.1:9471561",5,11,6
"ZFPM1","s954_F_HYP_02_ASEReadCounter.table","NW_015090842.1:9472557",11,26,15
"ZFPM1","s954_F_HYP_02_ASEReadCounter.table","NW_015090842.1:9472565",9,24,15
"ZFPM1","s954_F_HYP_02_ASEReadCounter.table","NW_015090842.1:9472608",12,28,16
"ZFPM1","s954_F_HYP_02_ASEReadCounter.table","NW_015090842.1:9472627",13,27,14
"ZFPM1","s954_F_HYP_02_ASEReadCounter.table","NW_015090842.1:9472668",13,26,13
"ZFPM1","s954_F_HYP_02_ASEReadCounter.table","NW_015090842.1:9473655",11,23,12
"ZFPM1","s954_F_HYP_02_ASEReadCounter.table","NW_015090842.1:9475827",10,16,6
"ZFPM1","s954_F_HYP_02_ASEReadCounter.table","NW_015090842.1:9475842",14,23,9
"ZFPM1","s954_F_HYP_02_ASEReadCounter.table","NW_015090842.1:9476119",10,26,16
"ZFPM1","s954_F_HYP_02_ASEReadCounter.table","NW_015090842.1:9476161",9,21,12
"ZFPM1","s954_F_HYP_02_ASEReadCounter.table","NW_015090842.1:9476219",4,13,9
"ZFPM1","s954_F_HYP_02_ASEReadCounter.table","NW_015090842.1:9476233",3,12,9
"ZFPM1","s954_F_HYP_02_ASEReadCounter.table","NW_015090842.1:9476305",4,10,6
"ZFPM1","s954_F_HYP_02_ASEReadCounter.table","NW_015090842.1:9476395",14,19,5
"ZFPM1","s954_F_HYP_02_ASEReadCounter.table","NW_015090842.1:9476421",17,25,8
"ZFPM1","s954_F_HYP_02_ASEReadCounter.table","NW_015090842.1:9476539",9,15,6
"ZFPM1","s954_F_HYP_02_ASEReadCounter.table","NW_015090842.1:9476576",9,14,5
"ZFPM1","s954_F_HYP_02_ASEReadCounter.table","NW_015090842.1:9476599",17,17,0
"ZFPM1","s954_F_HYP_02_ASEReadCounter.table","NW_015090842.1:9476792",13,32,19
"ZFPM1","s954_F_HYP_02_ASEReadCounter.table","NW_015090842.1:9476803",15,34,19
"ZFPM1","s954_F_HYP_02_ASEReadCounter.table","NW_015090842.1:9477115",10,25,15
"ZFPM1","s954_F_HYP_02_ASEReadCounter.table","NW_015090842.1:9477299",12,25,13
"ZFPM1","s954_F_HYP_02_ASEReadCounter.table","NW_015090842.1:9477398",30,30,0
"ZFPM1","s954_F_HYP_02_ASEReadCounter.table","NW_015090842.1:9477422",11,28,17
"ZFPM1","s954_F_HYP_02_ASEReadCounter.table","NW_015090842.1:9477554",15,31,16
"ZFPM1","s954_F_HYP_02_ASEReadCounter.table","NW_015090842.1:9477575",28,28,0
"ZFPM1","s954_F_HYP_02_ASEReadCounter.table","NW_015090842.1:9477595",17,32,15
"ZFPM1","s954_F_HYP_02_ASEReadCounter.table","NW_015090842.1:9477611",17,32,15
"ZFPM1","s954_F_HYP_02_ASEReadCounter.table","NW_015090842.1:9477659",24,45,21
"ZFPM1","s954_F_HYP_02_ASEReadCounter.table","NW_015090842.1:9477737",12,39,27
"ZFPM1","s954_F_HYP_02_ASEReadCounter.table","NW_015090842.1:9477791",11,24,13
"ZFPM1","s954_F_HYP_02_ASEReadCounter.table","NW_015090842.1:9477844",14,31,17
"ZFPM1","s954_F_HYP_02_ASEReadCounter.table","NW_015090842.1:9477917",14,38,24
"ZFPM1","s954_F_HYP_02_ASEReadCounter.table","NW_015090842.1:9478295",23,51,28
"ZFPM1","s954_F_HYP_02_ASEReadCounter.table","NW_015090842.1:9478349",21,46,25
"ZFPM1","s954_F_HYP_02_ASEReadCounter.table","NW_015090842.1:9478524",27,51,24
"ZFPM1","s954_F_HYP_02_ASEReadCounter.table","NW_015090842.1:9478546",31,60,29
"ZFPM1","s954_F_HYP_02_ASEReadCounter.table","NW_015090842.1:9478573",32,65,33
"ZFPM1","s954_F_HYP_02_ASEReadCounter.table","NW_015090842.1:9478582",26,51,25
"ZFPM1","s954_F_HYP_02_ASEReadCounter.table","NW_015090842.1:9478684",13,36,23
"ZFPM1","s954_F_HYP_02_ASEReadCounter.table","NW_015090842.1:9478711",12,30,18
"ZFPM1","s954_F_HYP_02_ASEReadCounter.table","NW_015090842.1:9478761",12,26,14
"ZFPM1","s954_F_HYP_02_ASEReadCounter.table","NW_015090842.1:9478829",10,10,0
"ZC3H18","s954_F_HYP_02_ASEReadCounter.table","NW_015090842.1:9494271",8,14,6
"ZC3H18","s954_F_HYP_02_ASEReadCounter.table","NW_015090842.1:9501427",21,46,25
"ZC3H18","s954_F_HYP_02_ASEReadCounter.table","NW_015090842.1:9501442",23,45,22
"ZC3H18","s954_F_HYP_02_ASEReadCounter.table","NW_015090842.1:9505538",14,45,31
"ZC3H18","s954_F_HYP_02_ASEReadCounter.table","NW_015090842.1:9506778",22,55,33
"ZC3H18","s954_F_HYP_02_ASEReadCounter.table","NW_015090842.1:9522538",34,73,39
"ZC3H18","s954_F_HYP_02_ASEReadCounter.table","NW_015090842.1:9524350",34,67,33
"ZC3H18","s954_F_HYP_02_ASEReadCounter.table","NW_015090842.1:9524366",34,72,38
"ZC3H18","s954_F_HYP_02_ASEReadCounter.table","NW_015090842.1:9524424",31,66,35
"ZC3H18","s954_F_HYP_02_ASEReadCounter.table","NW_015090842.1:9529649",49,110,61
"ZC3H18","s954_F_HYP_02_ASEReadCounter.table","NW_015090842.1:9529688",46,92,46
"ZC3H18","s954_F_HYP_02_ASEReadCounter.table","NW_015090842.1:9529691",48,92,44
"ZC3H18","s954_F_HYP_02_ASEReadCounter.table","NW_015090842.1:9530977",50,107,57
"ZC3H18","s954_F_HYP_02_ASEReadCounter.table","NW_015090842.1:9536699",0,72,72
"CYBA","s954_F_HYP_02_ASEReadCounter.table","NW_015090842.1:9547281",41,51,10
"CYBA","s954_F_HYP_02_ASEReadCounter.table","NW_015090842.1:9547402",114,144,30
"CYBA","s954_F_HYP_02_ASEReadCounter.table","NW_015090842.1:9547553",63,91,28
"CYBA","s954_F_HYP_02_ASEReadCounter.table","NW_015090842.1:9548052",75,90,15
"CYBA","s954_F_HYP_02_ASEReadCounter.table","NW_015090842.1:9548436",88,106,18
"CYBA","s954_F_HYP_02_ASEReadCounter.table","NW_015090842.1:9548442",88,106,18
"CYBA","s954_F_HYP_02_ASEReadCounter.table","NW_015090842.1:9548478",107,127,20
"CYBA","s954_F_HYP_02_ASEReadCounter.table","NW_015090842.1:9548487",97,115,18
"CYBA","s954_F_HYP_02_ASEReadCounter.table","NW_015090842.1:9548490",98,116,18
"CYBA","s954_F_HYP_02_ASEReadCounter.table","NW_015090842.1:9548717",94,110,16
"CYBA","s954_F_HYP_02_ASEReadCounter.table","NW_015090842.1:9548750",79,96,17
"CYBA","s954_F_HYP_02_ASEReadCounter.table","NW_015090842.1:9548766",59,73,14
"MVD","s954_F_HYP_02_ASEReadCounter.table","NW_015090842.1:9550678",37,57,20
"MVD","s954_F_HYP_02_ASEReadCounter.table","NW_015090842.1:9550690",35,59,24
"MVD","s954_F_HYP_02_ASEReadCounter.table","NW_015090842.1:9550691",35,59,24
"MVD","s954_F_HYP_02_ASEReadCounter.table","NW_015090842.1:9550699",40,69,29
"MVD","s954_F_HYP_02_ASEReadCounter.table","NW_015090842.1:9550719",37,66,29
"MVD","s954_F_HYP_02_ASEReadCounter.table","NW_015090842.1:9551596",61,119,58
"MVD","s954_F_HYP_02_ASEReadCounter.table","NW_015090842.1:9551638",72,140,68
"MVD","s954_F_HYP_02_ASEReadCounter.table","NW_015090842.1:9551899",0,9,9
"MVD","s954_F_HYP_02_ASEReadCounter.table","NW_015090842.1:9552193",48,109,61
"MVD","s954_F_HYP_02_ASEReadCounter.table","NW_015090842.1:9552202",47,108,61
"MVD","s954_F_HYP_02_ASEReadCounter.table","NW_015090842.1:9552208",49,107,58
"MVD","s954_F_HYP_02_ASEReadCounter.table","NW_015090842.1:9552625",32,62,30
"MVD","s954_F_HYP_02_ASEReadCounter.table","NW_015090842.1:9552629",65,65,0
"MVD","s954_F_HYP_02_ASEReadCounter.table","NW_015090842.1:9552644",32,67,35
"MVD","s954_F_HYP_02_ASEReadCounter.table","NW_015090842.1:9553093",29,71,42
"MVD","s954_F_HYP_02_ASEReadCounter.table","NW_015090842.1:9553114",33,78,45
"RNF166","s954_F_HYP_02_ASEReadCounter.table","NW_015090842.1:9557900",30,77,47
"RNF166","s954_F_HYP_02_ASEReadCounter.table","NW_015090842.1:9558048",33,69,36
"RNF166","s954_F_HYP_02_ASEReadCounter.table","NW_015090842.1:9558116",28,62,34
"RNF166","s954_F_HYP_02_ASEReadCounter.table","NW_015090842.1:9558308",31,63,32
"RNF166","s954_F_HYP_02_ASEReadCounter.table","NW_015090842.1:9558405",29,61,32
"RNF166","s954_F_HYP_02_ASEReadCounter.table","NW_015090842.1:9558549",35,68,33
"RNF166","s954_F_HYP_02_ASEReadCounter.table","NW_015090842.1:9558556",29,65,36
"RNF166","s954_F_HYP_02_ASEReadCounter.table","NW_015090842.1:9558579",28,60,32
"RNF166","s954_F_HYP_02_ASEReadCounter.table","NW_015090842.1:9558599",25,51,26
"RNF166","s954_F_HYP_02_ASEReadCounter.table","NW_015090842.1:9558688",24,59,35
"RNF166","s954_F_HYP_02_ASEReadCounter.table","NW_015090842.1:9558711",32,71,39
"RNF166","s954_F_HYP_02_ASEReadCounter.table","NW_015090842.1:9558733",29,68,39
"RNF166","s954_F_HYP_02_ASEReadCounter.table","NW_015090842.1:9558847",22,61,39
"RNF166","s954_F_HYP_02_ASEReadCounter.table","NW_015090842.1:9559798",27,71,44
"RNF166","s954_F_HYP_02_ASEReadCounter.table","NW_015090842.1:9560575",28,71,43
"RNF166","s954_F_HYP_02_ASEReadCounter.table","NW_015090842.1:9561055",33,56,23
"RNF166","s954_F_HYP_02_ASEReadCounter.table","NW_015090842.1:9562458",28,50,22
"RNF166","s954_F_HYP_02_ASEReadCounter.table","NW_015090842.1:9562497",19,33,14
"RNF166","s954_F_HYP_02_ASEReadCounter.table","NW_015090842.1:9562539",16,24,8
"RNF166","s954_F_HYP_02_ASEReadCounter.table","NW_015090842.1:9564056",16,34,18
"CTU2","s954_F_HYP_02_ASEReadCounter.table","NW_015090842.1:9565149",18,38,20
"CTU2","s954_F_HYP_02_ASEReadCounter.table","NW_015090842.1:9565193",17,45,28
"CTU2","s954_F_HYP_02_ASEReadCounter.table","NW_015090842.1:9565300",17,52,35
"CTU2","s954_F_HYP_02_ASEReadCounter.table","NW_015090842.1:9565321",16,54,38
"CTU2","s954_F_HYP_02_ASEReadCounter.table","NW_015090842.1:9565721",25,58,33
"CTU2","s954_F_HYP_02_ASEReadCounter.table","NW_015090842.1:9565739",25,55,30
"CTU2","s954_F_HYP_02_ASEReadCounter.table","NW_015090842.1:9565905",29,59,30
"CTU2","s954_F_HYP_02_ASEReadCounter.table","NW_015090842.1:9566013",44,44,0
"CTU2","s954_F_HYP_02_ASEReadCounter.table","NW_015090842.1:9566055",36,72,36
"CTU2","s954_F_HYP_02_ASEReadCounter.table","NW_015090842.1:9566056",36,69,33
"CTU2","s954_F_HYP_02_ASEReadCounter.table","NW_015090842.1:9566151",24,49,25
"CTU2","s954_F_HYP_02_ASEReadCounter.table","NW_015090842.1:9566300",26,62,36
"CTU2","s954_F_HYP_02_ASEReadCounter.table","NW_015090842.1:9566342",20,57,37
"CTU2","s954_F_HYP_02_ASEReadCounter.table","NW_015090842.1:9566548",25,70,45
"CTU2","s954_F_HYP_02_ASEReadCounter.table","NW_015090842.1:9566625",25,69,44
"CTU2","s954_F_HYP_02_ASEReadCounter.table","NW_015090842.1:9566633",30,75,45
"CTU2","s954_F_HYP_02_ASEReadCounter.table","NW_015090842.1:9566807",44,86,42
"CTU2","s954_F_HYP_02_ASEReadCounter.table","NW_015090842.1:9567139",31,72,41
"CTU2","s954_F_HYP_02_ASEReadCounter.table","NW_015090842.1:9567156",30,74,44
"CTU2","s954_F_HYP_02_ASEReadCounter.table","NW_015090842.1:9567614",39,63,24
"CTU2","s954_F_HYP_02_ASEReadCounter.table","NW_015090842.1:9567677",38,72,34
"CTU2","s954_F_HYP_02_ASEReadCounter.table","NW_015090842.1:9567747",28,67,39
"CTU2","s954_F_HYP_02_ASEReadCounter.table","NW_015090842.1:9567828",33,58,25
"CTU2","s954_F_HYP_02_ASEReadCounter.table","NW_015090842.1:9567829",32,57,25
"CTU2","s954_F_HYP_02_ASEReadCounter.table","NW_015090842.1:9567885",18,33,15
"PIEZO1","s954_F_HYP_02_ASEReadCounter.table","NW_015090842.1:9568093",20,54,34
"PIEZO1","s954_F_HYP_02_ASEReadCounter.table","NW_015090842.1:9568672",25,83,58
"PIEZO1","s954_F_HYP_02_ASEReadCounter.table","NW_015090842.1:9568948",29,70,41
"PIEZO1","s954_F_HYP_02_ASEReadCounter.table","NW_015090842.1:9568987",53,53,0
"PIEZO1","s954_F_HYP_02_ASEReadCounter.table","NW_015090842.1:9569040",24,47,23
"PIEZO1","s954_F_HYP_02_ASEReadCounter.table","NW_015090842.1:9569180",25,56,31
"PIEZO1","s954_F_HYP_02_ASEReadCounter.table","NW_015090842.1:9569192",21,52,31
"PIEZO1","s954_F_HYP_02_ASEReadCounter.table","NW_015090842.1:9570088",22,49,27
"PIEZO1","s954_F_HYP_02_ASEReadCounter.table","NW_015090842.1:9570480",22,52,30
"PIEZO1","s954_F_HYP_02_ASEReadCounter.table","NW_015090842.1:9570639",18,51,33
"PIEZO1","s954_F_HYP_02_ASEReadCounter.table","NW_015090842.1:9571847",13,27,14
"PIEZO1","s954_F_HYP_02_ASEReadCounter.table","NW_015090842.1:9572371",14,31,17
"PIEZO1","s954_F_HYP_02_ASEReadCounter.table","NW_015090842.1:9572638",10,22,12
"PIEZO1","s954_F_HYP_02_ASEReadCounter.table","NW_015090842.1:9573156",20,50,30
"PIEZO1","s954_F_HYP_02_ASEReadCounter.table","NW_015090842.1:9573280",21,47,26
"PIEZO1","s954_F_HYP_02_ASEReadCounter.table","NW_015090842.1:9573566",12,33,21
"PIEZO1","s954_F_HYP_02_ASEReadCounter.table","NW_015090842.1:9575341",9,22,13
"PIEZO1","s954_F_HYP_02_ASEReadCounter.table","NW_015090842.1:9575367",8,19,11
"PIEZO1","s954_F_HYP_02_ASEReadCounter.table","NW_015090842.1:9575645",9,19,10
"PIEZO1","s954_F_HYP_02_ASEReadCounter.table","NW_015090842.1:9575696",12,20,8
"PIEZO1","s954_F_HYP_02_ASEReadCounter.table","NW_015090842.1:9575897",8,18,10
"PIEZO1","s954_F_HYP_02_ASEReadCounter.table","NW_015090842.1:9576060",5,17,12
"PIEZO1","s954_F_HYP_02_ASEReadCounter.table","NW_015090842.1:9576087",5,15,10
"PIEZO1","s954_F_HYP_02_ASEReadCounter.table","NW_015090842.1:9576093",6,16,10
"PIEZO1","s954_F_HYP_02_ASEReadCounter.table","NW_015090842.1:9576120",10,21,11
"PIEZO1","s954_F_HYP_02_ASEReadCounter.table","NW_015090842.1:9576687",5,19,14
"PIEZO1","s954_F_HYP_02_ASEReadCounter.table","NW_015090842.1:9576710",22,22,0
"PIEZO1","s954_F_HYP_02_ASEReadCounter.table","NW_015090842.1:9576723",9,23,14
"PIEZO1","s954_F_HYP_02_ASEReadCounter.table","NW_015090842.1:9578268",9,25,16
"PIEZO1","s954_F_HYP_02_ASEReadCounter.table","NW_015090842.1:9578770",10,16,6
"PIEZO1","s954_F_HYP_02_ASEReadCounter.table","NW_015090842.1:9578806",11,17,6
"PIEZO1","s954_F_HYP_02_ASEReadCounter.table","NW_015090842.1:9579064",8,20,12
"PIEZO1","s954_F_HYP_02_ASEReadCounter.table","NW_015090842.1:9579065",8,19,11
"PIEZO1","s954_F_HYP_02_ASEReadCounter.table","NW_015090842.1:9579347",3,12,9
"PIEZO1","s954_F_HYP_02_ASEReadCounter.table","NW_015090842.1:9580765",5,10,5
"PIEZO1","s954_F_HYP_02_ASEReadCounter.table","NW_015090842.1:9580996",0,15,15
"PIEZO1","s954_F_HYP_02_ASEReadCounter.table","NW_015090842.1:9581101",4,16,12
"PIEZO1","s954_F_HYP_02_ASEReadCounter.table","NW_015090842.1:9581299",4,16,12
"PIEZO1","s954_F_HYP_02_ASEReadCounter.table","NW_015090842.1:9581875",5,12,7
"PIEZO1","s954_F_HYP_02_ASEReadCounter.table","NW_015090842.1:9582046",5,8,3
"PIEZO1","s954_F_HYP_02_ASEReadCounter.table","NW_015090842.1:9582961",2,7,5
"PIEZO1","s954_F_HYP_02_ASEReadCounter.table","NW_015090842.1:9583298",3,9,6
"PIEZO1","s954_F_HYP_02_ASEReadCounter.table","NW_015090842.1:9584337",2,9,7
"PIEZO1","s954_F_HYP_02_ASEReadCounter.table","NW_015090842.1:9584425",4,14,10
"PIEZO1","s954_F_HYP_02_ASEReadCounter.table","NW_015090842.1:9584435",3,11,8
"PIEZO1","s954_F_HYP_02_ASEReadCounter.table","NW_015090842.1:9584438",4,12,8
"PIEZO1","s954_F_HYP_02_ASEReadCounter.table","NW_015090842.1:9584441",4,11,7
"CDT1","s954_F_HYP_02_ASEReadCounter.table","NW_015090842.1:9596596",0,2,2
"CDT1","s954_F_HYP_02_ASEReadCounter.table","NW_015090842.1:9596766",3,5,2
"CDT1","s954_F_HYP_02_ASEReadCounter.table","NW_015090842.1:9597054",6,11,5
"CDT1","s954_F_HYP_02_ASEReadCounter.table","NW_015090842.1:9597074",7,13,6
"CDT1","s954_F_HYP_02_ASEReadCounter.table","NW_015090842.1:9597137",12,19,7
"CDT1","s954_F_HYP_02_ASEReadCounter.table","NW_015090842.1:9597756",13,17,4
"CDT1","s954_F_HYP_02_ASEReadCounter.table","NW_015090842.1:9597766",12,17,5
"CDT1","s954_F_HYP_02_ASEReadCounter.table","NW_015090842.1:9598496",18,26,8
"CDT1","s954_F_HYP_02_ASEReadCounter.table","NW_015090842.1:9598498",18,28,10
"CDT1","s954_F_HYP_02_ASEReadCounter.table","NW_015090842.1:9598816",10,16,6
"CDT1","s954_F_HYP_02_ASEReadCounter.table","NW_015090842.1:9598879",14,23,9
"CDT1","s954_F_HYP_02_ASEReadCounter.table","NW_015090842.1:9598912",16,25,9
"CDT1","s954_F_HYP_02_ASEReadCounter.table","NW_015090842.1:9598959",12,27,15
"CDT1","s954_F_HYP_02_ASEReadCounter.table","NW_015090842.1:9599807",12,17,5
"CDT1","s954_F_HYP_02_ASEReadCounter.table","NW_015090842.1:9599819",12,19,7
"CDT1","s954_F_HYP_02_ASEReadCounter.table","NW_015090842.1:9599845",18,29,11
"CDT1","s954_F_HYP_02_ASEReadCounter.table","NW_015090842.1:9600148",23,43,20
"CDT1","s954_F_HYP_02_ASEReadCounter.table","NW_015090842.1:9600151",24,45,21
"CDT1","s954_F_HYP_02_ASEReadCounter.table","NW_015090842.1:9600217",19,38,19
"CDT1","s954_F_HYP_02_ASEReadCounter.table","NW_015090842.1:9600226",21,40,19
"CDT1","s954_F_HYP_02_ASEReadCounter.table","NW_015090842.1:9600260",20,37,17
"CDT1","s954_F_HYP_02_ASEReadCounter.table","NW_015090842.1:9600268",17,34,17
"CDT1","s954_F_HYP_02_ASEReadCounter.table","NW_015090842.1:9600305",21,38,17
"CDT1","s954_F_HYP_02_ASEReadCounter.table","NW_015090842.1:9600397",15,32,17
"CDT1","s954_F_HYP_02_ASEReadCounter.table","NW_015090842.1:9600447",11,21,10
"CDT1","s954_F_HYP_02_ASEReadCounter.table","NW_015090842.1:9600450",11,21,10
"CDT1","s954_F_HYP_02_ASEReadCounter.table","NW_015090842.1:9600485",19,30,11
"CDT1","s954_F_HYP_02_ASEReadCounter.table","NW_015090842.1:9600579",16,21,5
"APRT","s954_F_HYP_02_ASEReadCounter.table","NW_015090842.1:9602308",45,108,63
"APRT","s954_F_HYP_02_ASEReadCounter.table","NW_015090842.1:9602440",84,195,111
"APRT","s954_F_HYP_02_ASEReadCounter.table","NW_015090842.1:9602449",90,198,108
"APRT","s954_F_HYP_02_ASEReadCounter.table","NW_015090842.1:9602451",90,198,108
"APRT","s954_F_HYP_02_ASEReadCounter.table","NW_015090842.1:9602455",91,206,115
"APRT","s954_F_HYP_02_ASEReadCounter.table","NW_015090842.1:9602462",89,197,108
"APRT","s954_F_HYP_02_ASEReadCounter.table","NW_015090842.1:9602507",71,185,114
"APRT","s954_F_HYP_02_ASEReadCounter.table","NW_015090842.1:9602514",78,191,113
"APRT","s954_F_HYP_02_ASEReadCounter.table","NW_015090842.1:9602530",68,167,99
"APRT","s954_F_HYP_02_ASEReadCounter.table","NW_015090842.1:9602582",70,173,103
"APRT","s954_F_HYP_02_ASEReadCounter.table","NW_015090842.1:9602583",69,169,100
"APRT","s954_F_HYP_02_ASEReadCounter.table","NW_015090842.1:9602650",91,194,103
"APRT","s954_F_HYP_02_ASEReadCounter.table","NW_015090842.1:9602655",87,180,93
"APRT","s954_F_HYP_02_ASEReadCounter.table","NW_015090842.1:9602712",68,164,96
"APRT","s954_F_HYP_02_ASEReadCounter.table","NW_015090842.1:9602764",77,175,98
"APRT","s954_F_HYP_02_ASEReadCounter.table","NW_015090842.1:9602821",61,159,98
"APRT","s954_F_HYP_02_ASEReadCounter.table","NW_015090842.1:9602867",58,153,95
"APRT","s954_F_HYP_02_ASEReadCounter.table","NW_015090842.1:9602883",63,154,91
"APRT","s954_F_HYP_02_ASEReadCounter.table","NW_015090842.1:9602886",65,162,97
"APRT","s954_F_HYP_02_ASEReadCounter.table","NW_015090842.1:9602948",74,181,107
"APRT","s954_F_HYP_02_ASEReadCounter.table","NW_015090842.1:9602958",78,186,108
"APRT","s954_F_HYP_02_ASEReadCounter.table","NW_015090842.1:9603020",97,224,127
"APRT","s954_F_HYP_02_ASEReadCounter.table","NW_015090842.1:9603025",98,219,121
"APRT","s954_F_HYP_02_ASEReadCounter.table","NW_015090842.1:9603154",72,151,79
"APRT","s954_F_HYP_02_ASEReadCounter.table","NW_015090842.1:9603166",76,176,100
"APRT","s954_F_HYP_02_ASEReadCounter.table","NW_015090842.1:9603326",74,158,84
"APRT","s954_F_HYP_02_ASEReadCounter.table","NW_015090842.1:9603419",58,133,75
"APRT","s954_F_HYP_02_ASEReadCounter.table","NW_015090842.1:9603420",57,129,72
"APRT","s954_F_HYP_02_ASEReadCounter.table","NW_015090842.1:9603464",57,110,53
"APRT","s954_F_HYP_02_ASEReadCounter.table","NW_015090842.1:9603528",64,144,80
"APRT","s954_F_HYP_02_ASEReadCounter.table","NW_015090842.1:9603607",54,130,76
"APRT","s954_F_HYP_02_ASEReadCounter.table","NW_015090842.1:9603622",56,124,68
"APRT","s954_F_HYP_02_ASEReadCounter.table","NW_015090842.1:9604361",52,143,91
"APRT","s954_F_HYP_02_ASEReadCounter.table","NW_015090842.1:9605317",35,96,61
"APRT","s954_F_HYP_02_ASEReadCounter.table","NW_015090842.1:9605336",38,98,60
"GALNS","s954_F_HYP_02_ASEReadCounter.table","NW_015090842.1:9612872",4,7,3
"GALNS","s954_F_HYP_02_ASEReadCounter.table","NW_015090842.1:9612873",4,7,3
"GALNS","s954_F_HYP_02_ASEReadCounter.table","NW_015090842.1:9612877",5,7,2
"GALNS","s954_F_HYP_02_ASEReadCounter.table","NW_015090842.1:9612942",13,25,12
"GALNS","s954_F_HYP_02_ASEReadCounter.table","NW_015090842.1:9612987",27,27,0
"GALNS","s954_F_HYP_02_ASEReadCounter.table","NW_015090842.1:9613064",19,38,19
"GALNS","s954_F_HYP_02_ASEReadCounter.table","NW_015090842.1:9613096",29,52,23
"GALNS","s954_F_HYP_02_ASEReadCounter.table","NW_015090842.1:9613123",26,43,17
"GALNS","s954_F_HYP_02_ASEReadCounter.table","NW_015090842.1:9613125",26,42,16
"GALNS","s954_F_HYP_02_ASEReadCounter.table","NW_015090842.1:9613193",30,54,24
"GALNS","s954_F_HYP_02_ASEReadCounter.table","NW_015090842.1:9613226",32,59,27
"GALNS","s954_F_HYP_02_ASEReadCounter.table","NW_015090842.1:9613249",39,68,29
"GALNS","s954_F_HYP_02_ASEReadCounter.table","NW_015090842.1:9613256",42,73,31
"GALNS","s954_F_HYP_02_ASEReadCounter.table","NW_015090842.1:9613317",37,66,29
"GALNS","s954_F_HYP_02_ASEReadCounter.table","NW_015090842.1:9613343",31,58,27
"GALNS","s954_F_HYP_02_ASEReadCounter.table","NW_015090842.1:9613344",31,58,27
"GALNS","s954_F_HYP_02_ASEReadCounter.table","NW_015090842.1:9613371",26,56,30
"GALNS","s954_F_HYP_02_ASEReadCounter.table","NW_015090842.1:9613378",21,55,34
"GALNS","s954_F_HYP_02_ASEReadCounter.table","NW_015090842.1:9613379",21,55,34
"GALNS","s954_F_HYP_02_ASEReadCounter.table","NW_015090842.1:9613516",26,61,35
"GALNS","s954_F_HYP_02_ASEReadCounter.table","NW_015090842.1:9613572",28,56,28
"GALNS","s954_F_HYP_02_ASEReadCounter.table","NW_015090842.1:9613597",22,57,35
"GALNS","s954_F_HYP_02_ASEReadCounter.table","NW_015090842.1:9613627",17,44,27
"GALNS","s954_F_HYP_02_ASEReadCounter.table","NW_015090842.1:9613640",20,54,34
"GALNS","s954_F_HYP_02_ASEReadCounter.table","NW_015090842.1:9614025",31,62,31
"GALNS","s954_F_HYP_02_ASEReadCounter.table","NW_015090842.1:9614169",23,51,28
"GALNS","s954_F_HYP_02_ASEReadCounter.table","NW_015090842.1:9614232",50,50,0
"GALNS","s954_F_HYP_02_ASEReadCounter.table","NW_015090842.1:9614667",17,39,22
"GALNS","s954_F_HYP_02_ASEReadCounter.table","NW_015090842.1:9614709",13,37,24
"GALNS","s954_F_HYP_02_ASEReadCounter.table","NW_015090842.1:9614880",16,34,18
"GALNS","s954_F_HYP_02_ASEReadCounter.table","NW_015090842.1:9614902",14,32,18
"GALNS","s954_F_HYP_02_ASEReadCounter.table","NW_015090842.1:9614960",10,26,16
"GALNS","s954_F_HYP_02_ASEReadCounter.table","NW_015090842.1:9615114",15,34,19
"GALNS","s954_F_HYP_02_ASEReadCounter.table","NW_015090842.1:9615199",10,25,15
"GALNS","s954_F_HYP_02_ASEReadCounter.table","NW_015090842.1:9615217",9,26,17
"GALNS","s954_F_HYP_02_ASEReadCounter.table","NW_015090842.1:9615277",10,23,13
"GALNS","s954_F_HYP_02_ASEReadCounter.table","NW_015090842.1:9615377",17,37,20
"GALNS","s954_F_HYP_02_ASEReadCounter.table","NW_015090842.1:9647858",11,28,17
"GALNS","s954_F_HYP_02_ASEReadCounter.table","NW_015090842.1:9649186",11,25,14
"GALNS","s954_F_HYP_02_ASEReadCounter.table","NW_015090842.1:9649237",10,21,11
"GALNS","s954_F_HYP_02_ASEReadCounter.table","NW_015090842.1:9661193",6,11,5
"TRAPPC2L","s954_F_HYP_02_ASEReadCounter.table","NW_015090842.1:9662951",220,412,192
"TRAPPC2L","s954_F_HYP_02_ASEReadCounter.table","NW_015090842.1:9663014",223,425,202
"TRAPPC2L","s954_F_HYP_02_ASEReadCounter.table","NW_015090842.1:9664305",362,363,1
"TRAPPC2L","s954_F_HYP_02_ASEReadCounter.table","NW_015090842.1:9665155",187,364,177
"TRAPPC2L","s954_F_HYP_02_ASEReadCounter.table","NW_015090842.1:9665211",52,107,55
"PABPN1L","s954_F_HYP_02_ASEReadCounter.table","NW_015090842.1:9669959",0,1,1
"CBFA2T3","s954_F_HYP_02_ASEReadCounter.table","NW_015090842.1:9709469",4,43,39
"CBFA2T3","s954_F_HYP_02_ASEReadCounter.table","NW_015090842.1:9709475",0,40,40
"CBFA2T3","s954_F_HYP_02_ASEReadCounter.table","NW_015090842.1:9711845",0,14,14
"CBFA2T3","s954_F_HYP_02_ASEReadCounter.table","NW_015090842.1:9712157",0,13,13
"CBFA2T3","s954_F_HYP_02_ASEReadCounter.table","NW_015090842.1:9712160",0,12,12
"CBFA2T3","s954_F_HYP_02_ASEReadCounter.table","NW_015090842.1:9712166",0,11,11
"CBFA2T3","s954_F_HYP_02_ASEReadCounter.table","NW_015090842.1:9712536",1,11,10
"CBFA2T3","s954_F_HYP_02_ASEReadCounter.table","NW_015090842.1:9712673",7,22,15
"CBFA2T3","s954_F_HYP_02_ASEReadCounter.table","NW_015090842.1:9712787",13,27,14
"CBFA2T3","s954_F_HYP_02_ASEReadCounter.table","NW_015090842.1:9712791",12,24,12
"CBFA2T3","s954_F_HYP_02_ASEReadCounter.table","NW_015090842.1:9712805",12,25,13
"CBFA2T3","s954_F_HYP_02_ASEReadCounter.table","NW_015090842.1:9712811",12,26,14
"CBFA2T3","s954_F_HYP_02_ASEReadCounter.table","NW_015090842.1:9712848",13,31,18
"CBFA2T3","s954_F_HYP_02_ASEReadCounter.table","NW_015090842.1:9713088",10,24,14
"CBFA2T3","s954_F_HYP_02_ASEReadCounter.table","NW_015090842.1:9713121",12,31,19
"CBFA2T3","s954_F_HYP_02_ASEReadCounter.table","NW_015090842.1:9717058",18,44,26
"CBFA2T3","s954_F_HYP_02_ASEReadCounter.table","NW_015090842.1:9717093",20,42,22
"CBFA2T3","s954_F_HYP_02_ASEReadCounter.table","NW_015090842.1:9717114",19,34,15
"CBFA2T3","s954_F_HYP_02_ASEReadCounter.table","NW_015090842.1:9717139",23,38,15
"CBFA2T3","s954_F_HYP_02_ASEReadCounter.table","NW_015090842.1:9719788",9,18,9
"CBFA2T3","s954_F_HYP_02_ASEReadCounter.table","NW_015090842.1:9728475",1,3,2
"CBFA2T3","s954_F_HYP_02_ASEReadCounter.table","NW_015090842.1:9728522",3,4,1
"CBFA2T3","s954_F_HYP_02_ASEReadCounter.table","NW_015090842.1:9728525",3,4,1
"CBFA2T3","s954_F_HYP_02_ASEReadCounter.table","NW_015090842.1:9728588",0,3,3
"CBFA2T3","s954_F_HYP_02_ASEReadCounter.table","NW_015090842.1:9728601",0,1,1
"CBFA2T3","s954_F_HYP_02_ASEReadCounter.table","NW_015090842.1:9728611",0,1,1
"CBFA2T3","s954_F_HYP_02_ASEReadCounter.table","NW_015090842.1:9728654",2,3,1
"ACSF3","s954_F_HYP_02_ASEReadCounter.table","NW_015090842.1:9773379",1,4,3
"ACSF3","s954_F_HYP_02_ASEReadCounter.table","NW_015090842.1:9773382",1,4,3
"ACSF3","s954_F_HYP_02_ASEReadCounter.table","NW_015090842.1:9773384",1,4,3
"ACSF3","s954_F_HYP_02_ASEReadCounter.table","NW_015090842.1:9773388",2,6,4
"ACSF3","s954_F_HYP_02_ASEReadCounter.table","NW_015090842.1:9776753",19,26,7
"ACSF3","s954_F_HYP_02_ASEReadCounter.table","NW_015090842.1:9776783",21,30,9
"ACSF3","s954_F_HYP_02_ASEReadCounter.table","NW_015090842.1:9776879",8,17,9
"ACSF3","s954_F_HYP_02_ASEReadCounter.table","NW_015090842.1:9776965",19,35,16
"ACSF3","s954_F_HYP_02_ASEReadCounter.table","NW_015090842.1:9777091",18,28,10
"ACSF3","s954_F_HYP_02_ASEReadCounter.table","NW_015090842.1:9777206",19,29,10
"ACSF3","s954_F_HYP_02_ASEReadCounter.table","NW_015090842.1:9777283",26,41,15
"ACSF3","s954_F_HYP_02_ASEReadCounter.table","NW_015090842.1:9778955",24,50,26
"ACSF3","s954_F_HYP_02_ASEReadCounter.table","NW_015090842.1:9778997",28,73,45
"ACSF3","s954_F_HYP_02_ASEReadCounter.table","NW_015090842.1:9789311",27,66,39
"ACSF3","s954_F_HYP_02_ASEReadCounter.table","NW_015090842.1:9789906",4,65,61
"ACSF3","s954_F_HYP_02_ASEReadCounter.table","NW_015090842.1:9834743",54,143,89
"ACSF3","s954_F_HYP_02_ASEReadCounter.table","NW_015090842.1:9834852",69,126,57
"ACSF3","s954_F_HYP_02_ASEReadCounter.table","NW_015090842.1:9834861",66,123,57
"ACSF3","s954_F_HYP_02_ASEReadCounter.table","NW_015090842.1:9839359",41,96,55
"ACSF3","s954_F_HYP_02_ASEReadCounter.table","NW_015090842.1:9839378",39,90,51
"ACSF3","s954_F_HYP_02_ASEReadCounter.table","NW_015090842.1:9839455",36,89,53
"ACSF3","s954_F_HYP_02_ASEReadCounter.table","NW_015090842.1:9839457",36,85,49
"ACSF3","s954_F_HYP_02_ASEReadCounter.table","NW_015090842.1:9839489",25,69,44
"ACSF3","s954_F_HYP_02_ASEReadCounter.table","NW_015090842.1:9839500",23,59,36
"ACSF3","s954_F_HYP_02_ASEReadCounter.table","NW_015090842.1:9839501",23,59,36
"ACSF3","s954_F_HYP_02_ASEReadCounter.table","NW_015090842.1:9839504",26,62,36
"ACSF3","s954_F_HYP_02_ASEReadCounter.table","NW_015090842.1:9839512",20,52,32
"ACSF3","s954_F_HYP_02_ASEReadCounter.table","NW_015090842.1:9839527",17,41,24
"ACSF3","s954_F_HYP_02_ASEReadCounter.table","NW_015090842.1:9839533",8,30,22
"ACSF3","s954_F_HYP_02_ASEReadCounter.table","NW_015090842.1:9839535",8,30,22
"ACSF3","s954_F_HYP_02_ASEReadCounter.table","NW_015090842.1:9839545",8,27,19
"ACSF3","s954_F_HYP_02_ASEReadCounter.table","NW_015090842.1:9839550",5,22,17
"ACSF3","s954_F_HYP_02_ASEReadCounter.table","NW_015090842.1:9839551",5,24,19
"CDH15","s954_F_HYP_02_ASEReadCounter.table","NW_015090842.1:9847163",1,1,0
"CDH15","s954_F_HYP_02_ASEReadCounter.table","NW_015090842.1:9847174",1,1,0
"CDH15","s954_F_HYP_02_ASEReadCounter.table","NW_015090842.1:9848004",0,1,1
"CDH15","s954_F_HYP_02_ASEReadCounter.table","NW_015090842.1:9848220",0,3,3
"CDH15","s954_F_HYP_02_ASEReadCounter.table","NW_015090842.1:9848265",0,2,2
"CDH15","s954_F_HYP_02_ASEReadCounter.table","NW_015090842.1:9848307",0,2,2
"CDH15","s954_F_HYP_02_ASEReadCounter.table","NW_015090842.1:9848310",0,2,2
"CDH15","s954_F_HYP_02_ASEReadCounter.table","NW_015090842.1:9848313",0,2,2
"CDH15","s954_F_HYP_02_ASEReadCounter.table","NW_015090842.1:9848531",2,5,3
"CDH15","s954_F_HYP_02_ASEReadCounter.table","NW_015090842.1:9848552",1,4,3
"CDH15","s954_F_HYP_02_ASEReadCounter.table","NW_015090842.1:9848888",0,2,2
"CDH15","s954_F_HYP_02_ASEReadCounter.table","NW_015090842.1:9849086",1,3,2
"CDH15","s954_F_HYP_02_ASEReadCounter.table","NW_015090842.1:9849119",0,2,2
"CDH15","s954_F_HYP_02_ASEReadCounter.table","NW_015090842.1:9849140",0,1,1
"CDH15","s954_F_HYP_02_ASEReadCounter.table","NW_015090842.1:9849473",0,1,1
"CDH15","s954_F_HYP_02_ASEReadCounter.table","NW_015090842.1:9850141",1,2,1
"CDH15","s954_F_HYP_02_ASEReadCounter.table","NW_015090842.1:9850386",1,3,2
"CDH15","s954_F_HYP_02_ASEReadCounter.table","NW_015090842.1:9850432",0,1,1
"CDH15","s954_F_HYP_02_ASEReadCounter.table","NW_015090842.1:9850609",0,1,1
"SLC22A31","s954_F_HYP_02_ASEReadCounter.table","NW_015090842.1:9850797",2,3,1
"SLC22A31","s954_F_HYP_02_ASEReadCounter.table","NW_015090842.1:9850818",3,4,1
"SLC22A31","s954_F_HYP_02_ASEReadCounter.table","NW_015090842.1:9850929",0,1,1
"SLC22A31","s954_F_HYP_02_ASEReadCounter.table","NW_015090842.1:9850936",0,2,2
"SLC22A31","s954_F_HYP_02_ASEReadCounter.table","NW_015090842.1:9850940",0,1,1
"SLC22A31","s954_F_HYP_02_ASEReadCounter.table","NW_015090842.1:9850948",0,2,2
"SLC22A31","s954_F_HYP_02_ASEReadCounter.table","NW_015090842.1:9850961",0,2,2
"SLC22A31","s954_F_HYP_02_ASEReadCounter.table","NW_015090842.1:9850970",0,2,2
"SLC22A31","s954_F_HYP_02_ASEReadCounter.table","NW_015090842.1:9850978",0,2,2
"SLC22A31","s954_F_HYP_02_ASEReadCounter.table","NW_015090842.1:9850981",0,2,2
"SLC22A31","s954_F_HYP_02_ASEReadCounter.table","NW_015090842.1:9851117",13,23,10
"SLC22A31","s954_F_HYP_02_ASEReadCounter.table","NW_015090842.1:9851130",13,22,9
"SLC22A31","s954_F_HYP_02_ASEReadCounter.table","NW_015090842.1:9851139",13,23,10
"SLC22A31","s954_F_HYP_02_ASEReadCounter.table","NW_015090842.1:9851265",8,28,20
"SLC22A31","s954_F_HYP_02_ASEReadCounter.table","NW_015090842.1:9851302",13,35,22
"SLC22A31","s954_F_HYP_02_ASEReadCounter.table","NW_015090842.1:9851303",13,33,20
"SLC22A31","s954_F_HYP_02_ASEReadCounter.table","NW_015090842.1:9851305",13,35,22
"SLC22A31","s954_F_HYP_02_ASEReadCounter.table","NW_015090842.1:9851343",19,33,14
"SLC22A31","s954_F_HYP_02_ASEReadCounter.table","NW_015090842.1:9851344",22,34,12
"SLC22A31","s954_F_HYP_02_ASEReadCounter.table","NW_015090842.1:9851361",35,35,0
"SLC22A31","s954_F_HYP_02_ASEReadCounter.table","NW_015090842.1:9851381",27,45,18
"SLC22A31","s954_F_HYP_02_ASEReadCounter.table","NW_015090842.1:9851421",20,40,20
"SLC22A31","s954_F_HYP_02_ASEReadCounter.table","NW_015090842.1:9851501",11,24,13
"SLC22A31","s954_F_HYP_02_ASEReadCounter.table","NW_015090842.1:9851526",20,43,23
"SLC22A31","s954_F_HYP_02_ASEReadCounter.table","NW_015090842.1:9851589",14,36,22
"SLC22A31","s954_F_HYP_02_ASEReadCounter.table","NW_015090842.1:9851712",17,42,25
"SLC22A31","s954_F_HYP_02_ASEReadCounter.table","NW_015090842.1:9851899",17,34,17
"SLC22A31","s954_F_HYP_02_ASEReadCounter.table","NW_015090842.1:9852139",14,33,19
"SLC22A31","s954_F_HYP_02_ASEReadCounter.table","NW_015090842.1:9852380",8,22,14
"SLC22A31","s954_F_HYP_02_ASEReadCounter.table","NW_015090842.1:9852431",5,15,10
"SLC22A31","s954_F_HYP_02_ASEReadCounter.table","NW_015090842.1:9852630",10,20,10
"SLC22A31","s954_F_HYP_02_ASEReadCounter.table","NW_015090842.1:9852711",8,20,12
"SLC22A31","s954_F_HYP_02_ASEReadCounter.table","NW_015090842.1:9853099",6,18,12
"SLC22A31","s954_F_HYP_02_ASEReadCounter.table","NW_015090842.1:9853102",6,19,13
"SLC22A31","s954_F_HYP_02_ASEReadCounter.table","NW_015090842.1:9853421",9,11,2
"SLC22A31","s954_F_HYP_02_ASEReadCounter.table","NW_015090842.1:9853457",10,11,1
"SLC22A31","s954_F_HYP_02_ASEReadCounter.table","NW_015090842.1:9853502",4,6,2
"ANKRD11","s954_F_HYP_02_ASEReadCounter.table","NW_015090842.1:9858863",6,21,15
"ANKRD11","s954_F_HYP_02_ASEReadCounter.table","NW_015090842.1:9859101",159,336,177
"ANKRD11","s954_F_HYP_02_ASEReadCounter.table","NW_015090842.1:9859352",166,356,190
"ANKRD11","s954_F_HYP_02_ASEReadCounter.table","NW_015090842.1:9859381",91,257,166
"ANKRD11","s954_F_HYP_02_ASEReadCounter.table","NW_015090842.1:9859679",167,358,191
"ANKRD11","s954_F_HYP_02_ASEReadCounter.table","NW_015090842.1:9861097",152,330,178
"ANKRD11","s954_F_HYP_02_ASEReadCounter.table","NW_015090842.1:9862571",111,217,106
"ANKRD11","s954_F_HYP_02_ASEReadCounter.table","NW_015090842.1:9862652",85,139,54
"ANKRD11","s954_F_HYP_02_ASEReadCounter.table","NW_015090842.1:9866071",0,121,121
"ANKRD11","s954_F_HYP_02_ASEReadCounter.table","NW_015090842.1:9866200",0,99,99
"ANKRD11","s954_F_HYP_02_ASEReadCounter.table","NW_015090842.1:9867391",31,69,38
"ANKRD11","s954_F_HYP_02_ASEReadCounter.table","NW_015090842.1:9867472",49,104,55
"ANKRD11","s954_F_HYP_02_ASEReadCounter.table","NW_015090842.1:9867559",56,120,64
"ANKRD11","s954_F_HYP_02_ASEReadCounter.table","NW_015090842.1:9867667",62,126,64
"ANKRD11","s954_F_HYP_02_ASEReadCounter.table","NW_015090842.1:9867934",56,108,52
"ANKRD11","s954_F_HYP_02_ASEReadCounter.table","NW_015090842.1:9868064",59,118,59
"ANKRD11","s954_F_HYP_02_ASEReadCounter.table","NW_015090842.1:9868093",59,128,69
"ANKRD11","s954_F_HYP_02_ASEReadCounter.table","NW_015090842.1:9868222",71,152,81
"ANKRD11","s954_F_HYP_02_ASEReadCounter.table","NW_015090842.1:9868327",68,151,83
"ANKRD11","s954_F_HYP_02_ASEReadCounter.table","NW_015090842.1:9868414",97,206,109
"ANKRD11","s954_F_HYP_02_ASEReadCounter.table","NW_015090842.1:9868441",84,182,98
"ANKRD11","s954_F_HYP_02_ASEReadCounter.table","NW_015090842.1:9868444",87,193,106
"ANKRD11","s954_F_HYP_02_ASEReadCounter.table","NW_015090842.1:9868519",87,210,123
"ANKRD11","s954_F_HYP_02_ASEReadCounter.table","NW_015090842.1:9868609",105,223,118
"ANKRD11","s954_F_HYP_02_ASEReadCounter.table","NW_015090842.1:9868666",102,235,133
"ANKRD11","s954_F_HYP_02_ASEReadCounter.table","NW_015090842.1:9868738",246,247,1
"ANKRD11","s954_F_HYP_02_ASEReadCounter.table","NW_015090842.1:9869431",159,300,141
"ANKRD11","s954_F_HYP_02_ASEReadCounter.table","NW_015090842.1:9869578",200,416,216
"ANKRD11","s954_F_HYP_02_ASEReadCounter.table","NW_015090842.1:9869734",197,404,207
"ANKRD11","s954_F_HYP_02_ASEReadCounter.table","NW_015090842.1:9870070",188,392,204
"ANKRD11","s954_F_HYP_02_ASEReadCounter.table","NW_015090842.1:9870349",206,425,219
"ANKRD11","s954_F_HYP_02_ASEReadCounter.table","NW_015090842.1:9870604",228,449,221
"ANKRD11","s954_F_HYP_02_ASEReadCounter.table","NW_015090842.1:9870613",253,474,221
"ANKRD11","s954_F_HYP_02_ASEReadCounter.table","NW_015090842.1:9870685",244,551,307
"ANKRD11","s954_F_HYP_02_ASEReadCounter.table","NW_015090842.1:9870760",200,476,276
"ANKRD11","s954_F_HYP_02_ASEReadCounter.table","NW_015090842.1:9870847",195,420,225
"ANKRD11","s954_F_HYP_02_ASEReadCounter.table","NW_015090842.1:9871103",169,342,173
"ANKRD11","s954_F_HYP_02_ASEReadCounter.table","NW_015090842.1:9871165",166,356,190
"ANKRD11","s954_F_HYP_02_ASEReadCounter.table","NW_015090842.1:9871508",281,281,0
"ANKRD11","s954_F_HYP_02_ASEReadCounter.table","NW_015090842.1:9871820",57,137,80
"ANKRD11","s954_F_HYP_02_ASEReadCounter.table","NW_015090842.1:9872118",61,136,75
"ANKRD11","s954_F_HYP_02_ASEReadCounter.table","NW_015090842.1:9877406",39,86,47
"SPG7","s954_F_HYP_02_ASEReadCounter.table","NW_015090842.1:10051190",124,270,146
"SPG7","s954_F_HYP_02_ASEReadCounter.table","NW_015090842.1:10051218",145,326,181
"SPG7","s954_F_HYP_02_ASEReadCounter.table","NW_015090842.1:10052348",184,356,172
"SPG7","s954_F_HYP_02_ASEReadCounter.table","NW_015090842.1:10052366",166,340,174
"SPG7","s954_F_HYP_02_ASEReadCounter.table","NW_015090842.1:10065173",229,426,197
"SPG7","s954_F_HYP_02_ASEReadCounter.table","NW_015090842.1:10065215",221,403,182
"SPG7","s954_F_HYP_02_ASEReadCounter.table","NW_015090842.1:10066365",194,388,194
"SPG7","s954_F_HYP_02_ASEReadCounter.table","NW_015090842.1:10069752",201,417,216
"SPG7","s954_F_HYP_02_ASEReadCounter.table","NW_015090842.1:10069800",221,510,289
"SPG7","s954_F_HYP_02_ASEReadCounter.table","NW_015090842.1:10071192",264,563,299
"SPG7","s954_F_HYP_02_ASEReadCounter.table","NW_015090842.1:10071219",237,507,270
"SPG7","s954_F_HYP_02_ASEReadCounter.table","NW_015090842.1:10071967",259,521,262
"SPG7","s954_F_HYP_02_ASEReadCounter.table","NW_015090842.1:10075109",366,701,335
"SPG7","s954_F_HYP_02_ASEReadCounter.table","NW_015090842.1:10075114",379,704,325
"SPG7","s954_F_HYP_02_ASEReadCounter.table","NW_015090842.1:10075198",301,555,254
"SPG7","s954_F_HYP_02_ASEReadCounter.table","NW_015090842.1:10075487",217,440,223
"SPG7","s954_F_HYP_02_ASEReadCounter.table","NW_015090842.1:10075488",217,438,221
"SPG7","s954_F_HYP_02_ASEReadCounter.table","NW_015090842.1:10075548",160,317,157
"RPL13","s954_F_HYP_02_ASEReadCounter.table","NW_015090842.1:10077387",612,1268,656
"RPL13","s954_F_HYP_02_ASEReadCounter.table","NW_015090842.1:10077978",938,1962,1024
"RPL13","s954_F_HYP_02_ASEReadCounter.table","NW_015090842.1:10077992",937,1912,975
"CPNE7","s954_F_HYP_02_ASEReadCounter.table","NW_015090842.1:10084001",21,40,19
"CPNE7","s954_F_HYP_02_ASEReadCounter.table","NW_015090842.1:10084856",15,25,10
"CPNE7","s954_F_HYP_02_ASEReadCounter.table","NW_015090842.1:10084872",17,28,11
"CPNE7","s954_F_HYP_02_ASEReadCounter.table","NW_015090842.1:10084892",24,42,18
"CPNE7","s954_F_HYP_02_ASEReadCounter.table","NW_015090842.1:10084921",30,50,20
"CPNE7","s954_F_HYP_02_ASEReadCounter.table","NW_015090842.1:10084935",32,52,20
"CPNE7","s954_F_HYP_02_ASEReadCounter.table","NW_015090842.1:10085000",34,45,11
"CPNE7","s954_F_HYP_02_ASEReadCounter.table","NW_015090842.1:10085089",27,40,13
"CPNE7","s954_F_HYP_02_ASEReadCounter.table","NW_015090842.1:10085096",29,43,14
"CPNE7","s954_F_HYP_02_ASEReadCounter.table","NW_015090842.1:10085126",29,48,19
"CPNE7","s954_F_HYP_02_ASEReadCounter.table","NW_015090842.1:10085167",42,42,0
"CPNE7","s954_F_HYP_02_ASEReadCounter.table","NW_015090842.1:10085180",26,42,16
"CPNE7","s954_F_HYP_02_ASEReadCounter.table","NW_015090842.1:10085201",23,35,12
"CPNE7","s954_F_HYP_02_ASEReadCounter.table","NW_015090842.1:10088134",47,81,34
"CPNE7","s954_F_HYP_02_ASEReadCounter.table","NW_015090842.1:10088146",42,74,32
"CPNE7","s954_F_HYP_02_ASEReadCounter.table","NW_015090842.1:10088806",82,118,36
"CPNE7","s954_F_HYP_02_ASEReadCounter.table","NW_015090842.1:10088940",85,125,40
"CPNE7","s954_F_HYP_02_ASEReadCounter.table","NW_015090842.1:10088965",76,122,46
"CPNE7","s954_F_HYP_02_ASEReadCounter.table","NW_015090842.1:10088967",77,122,45
"CPNE7","s954_F_HYP_02_ASEReadCounter.table","NW_015090842.1:10088973",72,118,46
"CPNE7","s954_F_HYP_02_ASEReadCounter.table","NW_015090842.1:10090924",78,135,57
"CPNE7","s954_F_HYP_02_ASEReadCounter.table","NW_015090842.1:10090930",80,137,57
"CPNE7","s954_F_HYP_02_ASEReadCounter.table","NW_015090842.1:10091075",82,132,50
"CPNE7","s954_F_HYP_02_ASEReadCounter.table","NW_015090842.1:10091389",82,136,54
"CPNE7","s954_F_HYP_02_ASEReadCounter.table","NW_015090842.1:10091407",98,151,53
"CPNE7","s954_F_HYP_02_ASEReadCounter.table","NW_015090842.1:10091488",129,129,0
"CPNE7","s954_F_HYP_02_ASEReadCounter.table","NW_015090842.1:10091491",136,136,0
"CPNE7","s954_F_HYP_02_ASEReadCounter.table","NW_015090842.1:10091530",91,142,51
"CPNE7","s954_F_HYP_02_ASEReadCounter.table","NW_015090842.1:10091875",122,189,67
"CPNE7","s954_F_HYP_02_ASEReadCounter.table","NW_015090842.1:10091983",101,159,58
"CPNE7","s954_F_HYP_02_ASEReadCounter.table","NW_015090842.1:10091997",101,157,56
"CPNE7","s954_F_HYP_02_ASEReadCounter.table","NW_015090842.1:10092038",53,90,37
"CPNE7","s954_F_HYP_02_ASEReadCounter.table","NW_015090842.1:10092140",68,110,42
"CPNE7","s954_F_HYP_02_ASEReadCounter.table","NW_015090842.1:10092183",51,76,25
"CPNE7","s954_F_HYP_02_ASEReadCounter.table","NW_015090842.1:10092201",51,72,21
"CPNE7","s954_F_HYP_02_ASEReadCounter.table","NW_015090842.1:10092230",38,52,14
"CPNE7","s954_F_HYP_02_ASEReadCounter.table","NW_015090842.1:10092246",20,33,13
"LOC106888185","s954_F_HYP_02_ASEReadCounter.table","NW_015090842.1:10094965",0,2,2
"LOC106888185","s954_F_HYP_02_ASEReadCounter.table","NW_015090842.1:10094966",0,2,2
"LOC106888185","s954_F_HYP_02_ASEReadCounter.table","NW_015090842.1:10094985",0,2,2
"LOC106888185","s954_F_HYP_02_ASEReadCounter.table","NW_015090842.1:10095130",0,3,3
"LOC106888185","s954_F_HYP_02_ASEReadCounter.table","NW_015090842.1:10095265",4,13,9
"LOC106888185","s954_F_HYP_02_ASEReadCounter.table","NW_015090842.1:10095586",6,15,9
"LOC106888185","s954_F_HYP_02_ASEReadCounter.table","NW_015090842.1:10095593",6,14,8
"LOC106888185","s954_F_HYP_02_ASEReadCounter.table","NW_015090842.1:10095616",2,8,6
"LOC106888185","s954_F_HYP_02_ASEReadCounter.table","NW_015090842.1:10095662",2,15,13
"LOC106888185","s954_F_HYP_02_ASEReadCounter.table","NW_015090842.1:10095674",2,15,13
"LOC106888185","s954_F_HYP_02_ASEReadCounter.table","NW_015090842.1:10095786",4,14,10
"LOC106888185","s954_F_HYP_02_ASEReadCounter.table","NW_015090842.1:10095831",2,8,6
"LOC106888185","s954_F_HYP_02_ASEReadCounter.table","NW_015090842.1:10096230",6,13,7
"LOC106888185","s954_F_HYP_02_ASEReadCounter.table","NW_015090842.1:10096249",5,12,7
"LOC106888185","s954_F_HYP_02_ASEReadCounter.table","NW_015090842.1:10096272",5,12,7
"LOC106888185","s954_F_HYP_02_ASEReadCounter.table","NW_015090842.1:10096288",4,10,6
"LOC106888185","s954_F_HYP_02_ASEReadCounter.table","NW_015090842.1:10097248",5,20,15
"LOC106888185","s954_F_HYP_02_ASEReadCounter.table","NW_015090842.1:10097265",4,18,14
"LOC106888185","s954_F_HYP_02_ASEReadCounter.table","NW_015090842.1:10097446",1,4,3
"DPEP1","s954_F_HYP_02_ASEReadCounter.table","NW_015090842.1:10098630",0,1,1
"DPEP1","s954_F_HYP_02_ASEReadCounter.table","NW_015090842.1:10098659",0,1,1
"DPEP1","s954_F_HYP_02_ASEReadCounter.table","NW_015090842.1:10099765",0,1,1
"DPEP1","s954_F_HYP_02_ASEReadCounter.table","NW_015090842.1:10100529",0,1,1
"DPEP1","s954_F_HYP_02_ASEReadCounter.table","NW_015090842.1:10100902",0,1,1
"DPEP1","s954_F_HYP_02_ASEReadCounter.table","NW_015090842.1:10101072",0,1,1
"DPEP1","s954_F_HYP_02_ASEReadCounter.table","NW_015090842.1:10101497",0,2,2
"DPEP1","s954_F_HYP_02_ASEReadCounter.table","NW_015090842.1:10101525",0,2,2
"DPEP1","s954_F_HYP_02_ASEReadCounter.table","NW_015090842.1:10101875",0,1,1
"DPEP1","s954_F_HYP_02_ASEReadCounter.table","NW_015090842.1:10101913",0,1,1
"CHMP1A","s954_F_HYP_02_ASEReadCounter.table","NW_015090842.1:10102901",99,233,134
"CHMP1A","s954_F_HYP_02_ASEReadCounter.table","NW_015090842.1:10102961",84,231,147
"CHMP1A","s954_F_HYP_02_ASEReadCounter.table","NW_015090842.1:10102996",76,228,152
"CHMP1A","s954_F_HYP_02_ASEReadCounter.table","NW_015090842.1:10103004",79,234,155
"CHMP1A","s954_F_HYP_02_ASEReadCounter.table","NW_015090842.1:10103006",79,234,155
"CHMP1A","s954_F_HYP_02_ASEReadCounter.table","NW_015090842.1:10103052",139,319,180
"CHMP1A","s954_F_HYP_02_ASEReadCounter.table","NW_015090842.1:10103095",135,297,162
"CHMP1A","s954_F_HYP_02_ASEReadCounter.table","NW_015090842.1:10103096",136,296,160
"CHMP1A","s954_F_HYP_02_ASEReadCounter.table","NW_015090842.1:10103152",107,205,98
"CHMP1A","s954_F_HYP_02_ASEReadCounter.table","NW_015090842.1:10103173",107,218,111
"CHMP1A","s954_F_HYP_02_ASEReadCounter.table","NW_015090842.1:10103334",75,192,117
"CHMP1A","s954_F_HYP_02_ASEReadCounter.table","NW_015090842.1:10103373",34,160,126
"CHMP1A","s954_F_HYP_02_ASEReadCounter.table","NW_015090842.1:10103408",80,231,151
"CHMP1A","s954_F_HYP_02_ASEReadCounter.table","NW_015090842.1:10103412",85,231,146
"CHMP1A","s954_F_HYP_02_ASEReadCounter.table","NW_015090842.1:10103512",111,234,123
"CHMP1A","s954_F_HYP_02_ASEReadCounter.table","NW_015090842.1:10103513",110,236,126
"CHMP1A","s954_F_HYP_02_ASEReadCounter.table","NW_015090842.1:10103583",79,168,89
"CHMP1A","s954_F_HYP_02_ASEReadCounter.table","NW_015090842.1:10103614",70,168,98
"CHMP1A","s954_F_HYP_02_ASEReadCounter.table","NW_015090842.1:10103657",88,196,108
"CHMP1A","s954_F_HYP_02_ASEReadCounter.table","NW_015090842.1:10103669",75,182,107
"CHMP1A","s954_F_HYP_02_ASEReadCounter.table","NW_015090842.1:10103674",70,171,101
"CHMP1A","s954_F_HYP_02_ASEReadCounter.table","NW_015090842.1:10103677",66,165,99
"CHMP1A","s954_F_HYP_02_ASEReadCounter.table","NW_015090842.1:10103729",100,209,109
"CHMP1A","s954_F_HYP_02_ASEReadCounter.table","NW_015090842.1:10103758",100,197,97
"CHMP1A","s954_F_HYP_02_ASEReadCounter.table","NW_015090842.1:10103761",99,208,109
"CHMP1A","s954_F_HYP_02_ASEReadCounter.table","NW_015090842.1:10103788",110,236,126
"CHMP1A","s954_F_HYP_02_ASEReadCounter.table","NW_015090842.1:10103789",111,237,126
"CHMP1A","s954_F_HYP_02_ASEReadCounter.table","NW_015090842.1:10103790",111,238,127
"CHMP1A","s954_F_HYP_02_ASEReadCounter.table","NW_015090842.1:10103950",98,217,119
"CHMP1A","s954_F_HYP_02_ASEReadCounter.table","NW_015090842.1:10104335",81,179,98
"CHMP1A","s954_F_HYP_02_ASEReadCounter.table","NW_015090842.1:10104429",101,216,115
"CHMP1A","s954_F_HYP_02_ASEReadCounter.table","NW_015090842.1:10104532",121,244,123
"CHMP1A","s954_F_HYP_02_ASEReadCounter.table","NW_015090842.1:10104633",89,190,101
"CHMP1A","s954_F_HYP_02_ASEReadCounter.table","NW_015090842.1:10104759",64,150,86
"CHMP1A","s954_F_HYP_02_ASEReadCounter.table","NW_015090842.1:10104794",85,174,89
"CHMP1A","s954_F_HYP_02_ASEReadCounter.table","NW_015090842.1:10104841",132,132,0
"CHMP1A","s954_F_HYP_02_ASEReadCounter.table","NW_015090842.1:10104844",63,132,69
"CHMP1A","s954_F_HYP_02_ASEReadCounter.table","NW_015090842.1:10106242",84,165,81
"CHMP1A","s954_F_HYP_02_ASEReadCounter.table","NW_015090842.1:10106290",84,155,71
"CHMP1A","s954_F_HYP_02_ASEReadCounter.table","NW_015090842.1:10106335",100,191,91
"CHMP1A","s954_F_HYP_02_ASEReadCounter.table","NW_015090842.1:10106383",113,234,121
"CHMP1A","s954_F_HYP_02_ASEReadCounter.table","NW_015090842.1:10106747",110,223,113
"CHMP1A","s954_F_HYP_02_ASEReadCounter.table","NW_015090842.1:10107404",84,202,118
"CHMP1A","s954_F_HYP_02_ASEReadCounter.table","NW_015090842.1:10107876",90,196,106
"CDK10","s954_F_HYP_02_ASEReadCounter.table","NW_015090842.1:10109030",8,10,2
"CDK10","s954_F_HYP_02_ASEReadCounter.table","NW_015090842.1:10109963",46,160,114
"CDK10","s954_F_HYP_02_ASEReadCounter.table","NW_015090842.1:10110887",36,134,98
"CDK10","s954_F_HYP_02_ASEReadCounter.table","NW_015090842.1:10111254",28,115,87
"CDK10","s954_F_HYP_02_ASEReadCounter.table","NW_015090842.1:10111380",31,144,113
"CDK10","s954_F_HYP_02_ASEReadCounter.table","NW_015090842.1:10111395",31,139,108
"CDK10","s954_F_HYP_02_ASEReadCounter.table","NW_015090842.1:10111437",21,111,90
"CDK10","s954_F_HYP_02_ASEReadCounter.table","NW_015090842.1:10111798",54,154,100
"CDK10","s954_F_HYP_02_ASEReadCounter.table","NW_015090842.1:10111840",54,156,102
"CDK10","s954_F_HYP_02_ASEReadCounter.table","NW_015090842.1:10112031",55,179,124
"CDK10","s954_F_HYP_02_ASEReadCounter.table","NW_015090842.1:10112285",75,216,141
"CDK10","s954_F_HYP_02_ASEReadCounter.table","NW_015090842.1:10112398",76,228,152
"CDK10","s954_F_HYP_02_ASEReadCounter.table","NW_015090842.1:10112455",56,183,127
"CDK10","s954_F_HYP_02_ASEReadCounter.table","NW_015090842.1:10112461",56,170,114
"CDK10","s954_F_HYP_02_ASEReadCounter.table","NW_015090842.1:10112497",45,145,100
"CDK10","s954_F_HYP_02_ASEReadCounter.table","NW_015090842.1:10112508",41,150,109
"CDK10","s954_F_HYP_02_ASEReadCounter.table","NW_015090842.1:10112518",37,143,106
"CDK10","s954_F_HYP_02_ASEReadCounter.table","NW_015090842.1:10112540",12,114,102
"CDK10","s954_F_HYP_02_ASEReadCounter.table","NW_015090842.1:10112556",34,135,101
"CDK10","s954_F_HYP_02_ASEReadCounter.table","NW_015090842.1:10112561",44,167,123
"CDK10","s954_F_HYP_02_ASEReadCounter.table","NW_015090842.1:10112596",52,161,109
"CDK10","s954_F_HYP_02_ASEReadCounter.table","NW_015090842.1:10112630",45,149,104
"CDK10","s954_F_HYP_02_ASEReadCounter.table","NW_015090842.1:10112656",50,143,93
"CDK10","s954_F_HYP_02_ASEReadCounter.table","NW_015090842.1:10112665",37,100,63
"CDK10","s954_F_HYP_02_ASEReadCounter.table","NW_015090842.1:10112668",37,103,66
"CDK10","s954_F_HYP_02_ASEReadCounter.table","NW_015090842.1:10112781",26,63,37
"CDK10","s954_F_HYP_02_ASEReadCounter.table","NW_015090842.1:10112782",25,62,37
"CDK10","s954_F_HYP_02_ASEReadCounter.table","NW_015090842.1:10112795",23,61,38
"CDK10","s954_F_HYP_02_ASEReadCounter.table","NW_015090842.1:10112841",14,24,10
"CDK10","s954_F_HYP_02_ASEReadCounter.table","NW_015090842.1:10112861",11,18,7
"SPATA2L","s954_F_HYP_02_ASEReadCounter.table","NW_015090842.1:10113212",23,62,39
"SPATA2L","s954_F_HYP_02_ASEReadCounter.table","NW_015090842.1:10113280",37,113,76
"SPATA2L","s954_F_HYP_02_ASEReadCounter.table","NW_015090842.1:10113296",45,124,79
"SPATA2L","s954_F_HYP_02_ASEReadCounter.table","NW_015090842.1:10113321",52,140,88
"SPATA2L","s954_F_HYP_02_ASEReadCounter.table","NW_015090842.1:10113332",57,158,101
"SPATA2L","s954_F_HYP_02_ASEReadCounter.table","NW_015090842.1:10113380",56,159,103
"SPATA2L","s954_F_HYP_02_ASEReadCounter.table","NW_015090842.1:10113381",55,164,109
"SPATA2L","s954_F_HYP_02_ASEReadCounter.table","NW_015090842.1:10113412",60,169,109
"SPATA2L","s954_F_HYP_02_ASEReadCounter.table","NW_015090842.1:10113421",57,169,112
"SPATA2L","s954_F_HYP_02_ASEReadCounter.table","NW_015090842.1:10113465",64,172,108
"SPATA2L","s954_F_HYP_02_ASEReadCounter.table","NW_015090842.1:10113535",78,162,84
"SPATA2L","s954_F_HYP_02_ASEReadCounter.table","NW_015090842.1:10113645",63,195,132
"SPATA2L","s954_F_HYP_02_ASEReadCounter.table","NW_015090842.1:10113682",90,238,148
"SPATA2L","s954_F_HYP_02_ASEReadCounter.table","NW_015090842.1:10113696",77,211,134
"SPATA2L","s954_F_HYP_02_ASEReadCounter.table","NW_015090842.1:10113727",78,224,146
"SPATA2L","s954_F_HYP_02_ASEReadCounter.table","NW_015090842.1:10113799",88,243,155
"SPATA2L","s954_F_HYP_02_ASEReadCounter.table","NW_015090842.1:10113809",103,272,169
"SPATA2L","s954_F_HYP_02_ASEReadCounter.table","NW_015090842.1:10113827",96,241,145
"SPATA2L","s954_F_HYP_02_ASEReadCounter.table","NW_015090842.1:10113831",95,245,150
"SPATA2L","s954_F_HYP_02_ASEReadCounter.table","NW_015090842.1:10113894",71,188,117
"SPATA2L","s954_F_HYP_02_ASEReadCounter.table","NW_015090842.1:10113905",67,169,102
"SPATA2L","s954_F_HYP_02_ASEReadCounter.table","NW_015090842.1:10113914",68,166,98
"SPATA2L","s954_F_HYP_02_ASEReadCounter.table","NW_015090842.1:10113920",80,188,108
"SPATA2L","s954_F_HYP_02_ASEReadCounter.table","NW_015090842.1:10113937",85,205,120
"SPATA2L","s954_F_HYP_02_ASEReadCounter.table","NW_015090842.1:10113971",68,187,119
"SPATA2L","s954_F_HYP_02_ASEReadCounter.table","NW_015090842.1:10113976",53,192,139
"SPATA2L","s954_F_HYP_02_ASEReadCounter.table","NW_015090842.1:10113985",59,173,114
"SPATA2L","s954_F_HYP_02_ASEReadCounter.table","NW_015090842.1:10113994",74,192,118
"SPATA2L","s954_F_HYP_02_ASEReadCounter.table","NW_015090842.1:10114063",66,168,102
"SPATA2L","s954_F_HYP_02_ASEReadCounter.table","NW_015090842.1:10114066",61,159,98
"SPATA2L","s954_F_HYP_02_ASEReadCounter.table","NW_015090842.1:10114069",60,160,100
"SPATA2L","s954_F_HYP_02_ASEReadCounter.table","NW_015090842.1:10114121",34,117,83
"SPATA2L","s954_F_HYP_02_ASEReadCounter.table","NW_015090842.1:10114159",40,127,87
"SPATA2L","s954_F_HYP_02_ASEReadCounter.table","NW_015090842.1:10114282",158,158,0
"SPATA2L","s954_F_HYP_02_ASEReadCounter.table","NW_015090842.1:10114470",28,108,80
"SPATA2L","s954_F_HYP_02_ASEReadCounter.table","NW_015090842.1:10114524",19,85,66
"VPS9D1","s954_F_HYP_02_ASEReadCounter.table","NW_015090842.1:10116377",52,137,85
"VPS9D1","s954_F_HYP_02_ASEReadCounter.table","NW_015090842.1:10116415",60,157,97
"VPS9D1","s954_F_HYP_02_ASEReadCounter.table","NW_015090842.1:10116607",51,146,95
"VPS9D1","s954_F_HYP_02_ASEReadCounter.table","NW_015090842.1:10116816",86,86,0
"VPS9D1","s954_F_HYP_02_ASEReadCounter.table","NW_015090842.1:10116821",38,87,49
"VPS9D1","s954_F_HYP_02_ASEReadCounter.table","NW_015090842.1:10116825",36,78,42
"VPS9D1","s954_F_HYP_02_ASEReadCounter.table","NW_015090842.1:10116882",31,69,38
"VPS9D1","s954_F_HYP_02_ASEReadCounter.table","NW_015090842.1:10116885",31,65,34
"VPS9D1","s954_F_HYP_02_ASEReadCounter.table","NW_015090842.1:10116933",30,66,36
"VPS9D1","s954_F_HYP_02_ASEReadCounter.table","NW_015090842.1:10116942",32,68,36
"VPS9D1","s954_F_HYP_02_ASEReadCounter.table","NW_015090842.1:10117152",37,97,60
"VPS9D1","s954_F_HYP_02_ASEReadCounter.table","NW_015090842.1:10117396",59,59,0
"VPS9D1","s954_F_HYP_02_ASEReadCounter.table","NW_015090842.1:10117405",45,45,0
"VPS9D1","s954_F_HYP_02_ASEReadCounter.table","NW_015090842.1:10117480",25,66,41
"VPS9D1","s954_F_HYP_02_ASEReadCounter.table","NW_015090842.1:10117497",23,56,33
"VPS9D1","s954_F_HYP_02_ASEReadCounter.table","NW_015090842.1:10117499",23,58,35
"VPS9D1","s954_F_HYP_02_ASEReadCounter.table","NW_015090842.1:10117516",24,70,46
"VPS9D1","s954_F_HYP_02_ASEReadCounter.table","NW_015090842.1:10117525",27,79,52
"VPS9D1","s954_F_HYP_02_ASEReadCounter.table","NW_015090842.1:10117579",30,91,61
"VPS9D1","s954_F_HYP_02_ASEReadCounter.table","NW_015090842.1:10117627",30,79,49
"VPS9D1","s954_F_HYP_02_ASEReadCounter.table","NW_015090842.1:10117678",19,84,65
"VPS9D1","s954_F_HYP_02_ASEReadCounter.table","NW_015090842.1:10117773",41,109,68
"VPS9D1","s954_F_HYP_02_ASEReadCounter.table","NW_015090842.1:10117937",49,137,88
"VPS9D1","s954_F_HYP_02_ASEReadCounter.table","NW_015090842.1:10117961",44,124,80
"VPS9D1","s954_F_HYP_02_ASEReadCounter.table","NW_015090842.1:10118236",44,124,80
"VPS9D1","s954_F_HYP_02_ASEReadCounter.table","NW_015090842.1:10118414",40,103,63
"VPS9D1","s954_F_HYP_02_ASEReadCounter.table","NW_015090842.1:10118973",39,99,60
"VPS9D1","s954_F_HYP_02_ASEReadCounter.table","NW_015090842.1:10119500",22,68,46
"ZNF276","s954_F_HYP_02_ASEReadCounter.table","NW_015090842.1:10121760",9,13,4
"ZNF276","s954_F_HYP_02_ASEReadCounter.table","NW_015090842.1:10121769",8,12,4
"ZNF276","s954_F_HYP_02_ASEReadCounter.table","NW_015090842.1:10121802",8,14,6
"ZNF276","s954_F_HYP_02_ASEReadCounter.table","NW_015090842.1:10121971",13,25,12
"ZNF276","s954_F_HYP_02_ASEReadCounter.table","NW_015090842.1:10122883",8,28,20
"ZNF276","s954_F_HYP_02_ASEReadCounter.table","NW_015090842.1:10123069",11,28,17
"ZNF276","s954_F_HYP_02_ASEReadCounter.table","NW_015090842.1:10123207",29,58,29
"ZNF276","s954_F_HYP_02_ASEReadCounter.table","NW_015090842.1:10125787",27,60,33
"ZNF276","s954_F_HYP_02_ASEReadCounter.table","NW_015090842.1:10126309",27,55,28
"ZNF276","s954_F_HYP_02_ASEReadCounter.table","NW_015090842.1:10126348",25,59,34
"ZNF276","s954_F_HYP_02_ASEReadCounter.table","NW_015090842.1:10126978",41,87,46
"ZNF276","s954_F_HYP_02_ASEReadCounter.table","NW_015090842.1:10126991",37,75,38
"ZNF276","s954_F_HYP_02_ASEReadCounter.table","NW_015090842.1:10127023",40,80,40
"ZNF276","s954_F_HYP_02_ASEReadCounter.table","NW_015090842.1:10127063",34,74,40
"ZNF276","s954_F_HYP_02_ASEReadCounter.table","NW_015090842.1:10127373",36,73,37
"ZNF276","s954_F_HYP_02_ASEReadCounter.table","NW_015090842.1:10127931",43,87,44
"ZNF276","s954_F_HYP_02_ASEReadCounter.table","NW_015090842.1:10128070",44,87,43
"ZNF276","s954_F_HYP_02_ASEReadCounter.table","NW_015090842.1:10128102",47,85,38
"ZNF276","s954_F_HYP_02_ASEReadCounter.table","NW_015090842.1:10128356",30,73,43
"ZNF276","s954_F_HYP_02_ASEReadCounter.table","NW_015090842.1:10128497",24,51,27
"FANCA","s954_F_HYP_02_ASEReadCounter.table","NW_015090842.1:10128743",2,2,0
"FANCA","s954_F_HYP_02_ASEReadCounter.table","NW_015090842.1:10128822",2,3,1
"FANCA","s954_F_HYP_02_ASEReadCounter.table","NW_015090842.1:10129383",1,3,2
"FANCA","s954_F_HYP_02_ASEReadCounter.table","NW_015090842.1:10129390",1,2,1
"FANCA","s954_F_HYP_02_ASEReadCounter.table","NW_015090842.1:10129422",0,1,1
"FANCA","s954_F_HYP_02_ASEReadCounter.table","NW_015090842.1:10129969",0,2,2
"FANCA","s954_F_HYP_02_ASEReadCounter.table","NW_015090842.1:10130399",2,4,2
"FANCA","s954_F_HYP_02_ASEReadCounter.table","NW_015090842.1:10130857",0,1,1
"FANCA","s954_F_HYP_02_ASEReadCounter.table","NW_015090842.1:10130878",0,1,1
"FANCA","s954_F_HYP_02_ASEReadCounter.table","NW_015090842.1:10133530",1,2,1
"FANCA","s954_F_HYP_02_ASEReadCounter.table","NW_015090842.1:10133533",2,3,1
"FANCA","s954_F_HYP_02_ASEReadCounter.table","NW_015090842.1:10133536",2,3,1
"FANCA","s954_F_HYP_02_ASEReadCounter.table","NW_015090842.1:10133601",1,3,2
"FANCA","s954_F_HYP_02_ASEReadCounter.table","NW_015090842.1:10134492",1,2,1
"FANCA","s954_F_HYP_02_ASEReadCounter.table","NW_015090842.1:10134531",0,2,2
"FANCA","s954_F_HYP_02_ASEReadCounter.table","NW_015090842.1:10136957",1,1,0
"FANCA","s954_F_HYP_02_ASEReadCounter.table","NW_015090842.1:10139140",1,2,1
"FANCA","s954_F_HYP_02_ASEReadCounter.table","NW_015090842.1:10140699",1,1,0
"FANCA","s954_F_HYP_02_ASEReadCounter.table","NW_015090842.1:10141234",0,1,1
"FANCA","s954_F_HYP_02_ASEReadCounter.table","NW_015090842.1:10145030",0,3,3
"FANCA","s954_F_HYP_02_ASEReadCounter.table","NW_015090842.1:10152863",0,2,2
"FANCA","s954_F_HYP_02_ASEReadCounter.table","NW_015090842.1:10154490",0,1,1
"FANCA","s954_F_HYP_02_ASEReadCounter.table","NW_015090842.1:10158957",1,2,1
"FANCA","s954_F_HYP_02_ASEReadCounter.table","NW_015090842.1:10162980",0,1,1
"FANCA","s954_F_HYP_02_ASEReadCounter.table","NW_015090842.1:10163667",2,2,0
"FANCA","s954_F_HYP_02_ASEReadCounter.table","NW_015090842.1:10165331",1,1,0
"SPIRE2","s954_F_HYP_02_ASEReadCounter.table","NW_015090842.1:10172284",30,46,16
"SPIRE2","s954_F_HYP_02_ASEReadCounter.table","NW_015090842.1:10175262",53,90,37
"SPIRE2","s954_F_HYP_02_ASEReadCounter.table","NW_015090842.1:10175352",24,39,15
"SPIRE2","s954_F_HYP_02_ASEReadCounter.table","NW_015090842.1:10175400",70,129,59
"SPIRE2","s954_F_HYP_02_ASEReadCounter.table","NW_015090842.1:10175418",74,141,67
"SPIRE2","s954_F_HYP_02_ASEReadCounter.table","NW_015090842.1:10175704",78,175,97
"SPIRE2","s954_F_HYP_02_ASEReadCounter.table","NW_015090842.1:10176115",105,213,108
"SPIRE2","s954_F_HYP_02_ASEReadCounter.table","NW_015090842.1:10176561",119,238,119
"SPIRE2","s954_F_HYP_02_ASEReadCounter.table","NW_015090842.1:10176817",122,229,107
"SPIRE2","s954_F_HYP_02_ASEReadCounter.table","NW_015090842.1:10177084",88,167,79
"SPIRE2","s954_F_HYP_02_ASEReadCounter.table","NW_015090842.1:10177110",95,170,75
"SPIRE2","s954_F_HYP_02_ASEReadCounter.table","NW_015090842.1:10177838",132,251,119
"SPIRE2","s954_F_HYP_02_ASEReadCounter.table","NW_015090842.1:10178000",131,262,131
"SPIRE2","s954_F_HYP_02_ASEReadCounter.table","NW_015090842.1:10178164",163,303,140
"SPIRE2","s954_F_HYP_02_ASEReadCounter.table","NW_015090842.1:10178216",174,304,130
"SPIRE2","s954_F_HYP_02_ASEReadCounter.table","NW_015090842.1:10178403",131,255,124
"SPIRE2","s954_F_HYP_02_ASEReadCounter.table","NW_015090842.1:10178409",120,235,115
"SPIRE2","s954_F_HYP_02_ASEReadCounter.table","NW_015090842.1:10178524",126,243,117
"SPIRE2","s954_F_HYP_02_ASEReadCounter.table","NW_015090842.1:10178526",125,241,116
"SPIRE2","s954_F_HYP_02_ASEReadCounter.table","NW_015090842.1:10178531",122,237,115
"SPIRE2","s954_F_HYP_02_ASEReadCounter.table","NW_015090842.1:10178565",99,212,113
"SPIRE2","s954_F_HYP_02_ASEReadCounter.table","NW_015090842.1:10178587",85,182,97
"SPIRE2","s954_F_HYP_02_ASEReadCounter.table","NW_015090842.1:10178640",68,147,79
"SPIRE2","s954_F_HYP_02_ASEReadCounter.table","NW_015090842.1:10178651",79,164,85
"SPIRE2","s954_F_HYP_02_ASEReadCounter.table","NW_015090842.1:10178682",80,156,76
"TCF25","s954_F_HYP_02_ASEReadCounter.table","NW_015090842.1:10180912",54,107,53
"TCF25","s954_F_HYP_02_ASEReadCounter.table","NW_015090842.1:10180924",56,107,51
"TCF25","s954_F_HYP_02_ASEReadCounter.table","NW_015090842.1:10180931",60,113,53
"TCF25","s954_F_HYP_02_ASEReadCounter.table","NW_015090842.1:10185332",157,285,128
"TCF25","s954_F_HYP_02_ASEReadCounter.table","NW_015090842.1:10188816",116,225,109
"MC1R","s954_F_HYP_02_ASEReadCounter.table","NW_015090842.1:10202160",2,2,0
"MC1R","s954_F_HYP_02_ASEReadCounter.table","NW_015090842.1:10202460",2,2,0
"MC1R","s954_F_HYP_02_ASEReadCounter.table","NW_015090842.1:10202465",2,2,0
"DBNDD1","s954_F_HYP_02_ASEReadCounter.table","NW_015090842.1:10223105",108,239,131
"GAS8","s954_F_HYP_02_ASEReadCounter.table","NW_015090842.1:10228982",30,64,34
"GAS8","s954_F_HYP_02_ASEReadCounter.table","NW_015090842.1:10229832",26,46,20
"GAS8","s954_F_HYP_02_ASEReadCounter.table","NW_015090842.1:10232375",29,59,30
"GAS8","s954_F_HYP_02_ASEReadCounter.table","NW_015090842.1:10232901",30,70,40
"GAS8","s954_F_HYP_02_ASEReadCounter.table","NW_015090842.1:10232928",31,64,33
"GAS8","s954_F_HYP_02_ASEReadCounter.table","NW_015090842.1:10232967",38,65,27
"GAS8","s954_F_HYP_02_ASEReadCounter.table","NW_015090842.1:10233032",21,46,25
"GAS8","s954_F_HYP_02_ASEReadCounter.table","NW_015090842.1:10233057",14,35,21
"GAS8","s954_F_HYP_02_ASEReadCounter.table","NW_015090842.1:10233058",13,33,20
"GAS8","s954_F_HYP_02_ASEReadCounter.table","NW_015090842.1:10233176",30,41,11
"GAS8","s954_F_HYP_02_ASEReadCounter.table","NW_015090842.1:10233196",28,39,11
"GAS8","s954_F_HYP_02_ASEReadCounter.table","NW_015090842.1:10233252",21,30,9
"GAS8","s954_F_HYP_02_ASEReadCounter.table","NW_015090842.1:10233303",8,12,4
"LOC106888094","s954_F_HYP_02_ASEReadCounter.table","NW_015090842.1:10233334",3,13,10
"LOC106888094","s954_F_HYP_02_ASEReadCounter.table","NW_015090842.1:10233362",7,28,21
"LOC106888094","s954_F_HYP_02_ASEReadCounter.table","NW_015090842.1:10233373",7,26,19
"LOC106888094","s954_F_HYP_02_ASEReadCounter.table","NW_015090842.1:10233388",11,36,25
"LOC106888094","s954_F_HYP_02_ASEReadCounter.table","NW_015090842.1:10233402",15,38,23
"LOC106888094","s954_F_HYP_02_ASEReadCounter.table","NW_015090842.1:10233465",20,49,29
"LOC106888094","s954_F_HYP_02_ASEReadCounter.table","NW_015090842.1:10233803",24,65,41
"LOC106888094","s954_F_HYP_02_ASEReadCounter.table","NW_015090842.1:10233815",21,58,37
"LOC106888094","s954_F_HYP_02_ASEReadCounter.table","NW_015090842.1:10235484",1,7,6
"LOC106888094","s954_F_HYP_02_ASEReadCounter.table","NW_015090842.1:10235611",1,6,5
"LOC106888094","s954_F_HYP_02_ASEReadCounter.table","NW_015090842.1:10236098",3,5,2
"LOC106888094","s954_F_HYP_02_ASEReadCounter.table","NW_015090842.1:10236161",1,4,3
"LOC106888094","s954_F_HYP_02_ASEReadCounter.table","NW_015090842.1:10236380",0,4,4
"LOC106888094","s954_F_HYP_02_ASEReadCounter.table","NW_015090842.1:10236388",1,5,4
"LOC106888094","s954_F_HYP_02_ASEReadCounter.table","NW_015090842.1:10236425",0,4,4
"LOC106888094","s954_F_HYP_02_ASEReadCounter.table","NW_015090842.1:10236426",0,4,4
"LOC106888094","s954_F_HYP_02_ASEReadCounter.table","NW_015090842.1:10236603",0,4,4
"LOC106888173","s954_F_HYP_02_ASEReadCounter.table","NW_015090842.1:10239596",1,21,20
"LOC106888173","s954_F_HYP_02_ASEReadCounter.table","NW_015090842.1:10240036",3,56,53
"LOC106888173","s954_F_HYP_02_ASEReadCounter.table","NW_015090842.1:10240095",6,54,48
"LOC106888173","s954_F_HYP_02_ASEReadCounter.table","NW_015090842.1:10240280",6,56,50
"LOC106888173","s954_F_HYP_02_ASEReadCounter.table","NW_015090842.1:10240557",6,75,69
"LOC106888173","s954_F_HYP_02_ASEReadCounter.table","NW_015090842.1:10240603",6,91,85
"LOC106888173","s954_F_HYP_02_ASEReadCounter.table","NW_015090842.1:10240609",7,95,88
"LOC106888173","s954_F_HYP_02_ASEReadCounter.table","NW_015090842.1:10240690",7,88,81
"LOC106888173","s954_F_HYP_02_ASEReadCounter.table","NW_015090842.1:10240924",8,71,63
"LOC106888173","s954_F_HYP_02_ASEReadCounter.table","NW_015090842.1:10241037",0,67,67
"LOC106888173","s954_F_HYP_02_ASEReadCounter.table","NW_015090842.1:10241046",0,63,63
"LOC106888173","s954_F_HYP_02_ASEReadCounter.table","NW_015090842.1:10241058",1,65,64
"LOC106888173","s954_F_HYP_02_ASEReadCounter.table","NW_015090842.1:10241064",1,61,60
"LOC106888173","s954_F_HYP_02_ASEReadCounter.table","NW_015090842.1:10241103",87,87,0
"LOC106888173","s954_F_HYP_02_ASEReadCounter.table","NW_015090842.1:10241163",8,81,73
"LOC106888173","s954_F_HYP_02_ASEReadCounter.table","NW_015090842.1:10241803",8,84,76
"LOC106888173","s954_F_HYP_02_ASEReadCounter.table","NW_015090842.1:10241827",5,88,83
"LOC106888173","s954_F_HYP_02_ASEReadCounter.table","NW_015090842.1:10241869",11,97,86
"LOC106888173","s954_F_HYP_02_ASEReadCounter.table","NW_015090842.1:10242079",14,77,63
"LOC106888173","s954_F_HYP_02_ASEReadCounter.table","NW_015090842.1:10242103",9,76,67
"LOC106888173","s954_F_HYP_02_ASEReadCounter.table","NW_015090842.1:10242157",15,83,68
"LOC106888173","s954_F_HYP_02_ASEReadCounter.table","NW_015090842.1:10242455",19,107,88
"LOC106888173","s954_F_HYP_02_ASEReadCounter.table","NW_015090842.1:10242481",19,105,86
"LOC106888173","s954_F_HYP_02_ASEReadCounter.table","NW_015090842.1:10242590",9,93,84
"LOC106888173","s954_F_HYP_02_ASEReadCounter.table","NW_015090842.1:10242794",15,88,73
"LOC106888173","s954_F_HYP_02_ASEReadCounter.table","NW_015090842.1:10242909",4,86,82
"LOC106888173","s954_F_HYP_02_ASEReadCounter.table","NW_015090842.1:10243094",8,94,86
"LOC106888173","s954_F_HYP_02_ASEReadCounter.table","NW_015090842.1:10243133",7,88,81
"LOC106888173","s954_F_HYP_02_ASEReadCounter.table","NW_015090842.1:10243273",12,117,105
"LOC106888173","s954_F_HYP_02_ASEReadCounter.table","NW_015090842.1:10243278",12,118,106
"LOC106888173","s954_F_HYP_02_ASEReadCounter.table","NW_015090842.1:10243281",12,117,105
"LOC106888173","s954_F_HYP_02_ASEReadCounter.table","NW_015090842.1:10243347",58,58,0
"LOC106888173","s954_F_HYP_02_ASEReadCounter.table","NW_015090842.1:10243353",12,58,46
"LOC106888173","s954_F_HYP_02_ASEReadCounter.table","NW_015090842.1:10243363",11,43,32
"LOC106888173","s954_F_HYP_02_ASEReadCounter.table","NW_015090842.1:10243365",10,43,33
"LOC106888173","s954_F_HYP_02_ASEReadCounter.table","NW_015090842.1:10243566",11,126,115
"LOC106888173","s954_F_HYP_02_ASEReadCounter.table","NW_015090842.1:10243605",13,139,126
"LOC106888173","s954_F_HYP_02_ASEReadCounter.table","NW_015090842.1:10243614",13,128,115
"LOC106888173","s954_F_HYP_02_ASEReadCounter.table","NW_015090842.1:10243615",13,132,119
"LOC106888173","s954_F_HYP_02_ASEReadCounter.table","NW_015090842.1:10243640",9,119,110
"LOC106888173","s954_F_HYP_02_ASEReadCounter.table","NW_015090842.1:10243680",8,93,85
"LOC106888173","s954_F_HYP_02_ASEReadCounter.table","NW_015090842.1:10243742",12,100,88
"LOC106888173","s954_F_HYP_02_ASEReadCounter.table","NW_015090842.1:10243804",6,65,59
"LOC106888173","s954_F_HYP_02_ASEReadCounter.table","NW_015090842.1:10243913",2,44,42
"LOC106888173","s954_F_HYP_02_ASEReadCounter.table","NW_015090842.1:10243921",2,42,40
"LOC106888384","s954_F_HYP_02_ASEReadCounter.table","NW_015090842.1:10244714",0,1,1
"LOC106888384","s954_F_HYP_02_ASEReadCounter.table","NW_015090842.1:10251354",0,8,8
"LOC106888384","s954_F_HYP_02_ASEReadCounter.table","NW_015090842.1:10251358",0,7,7
"LOC106888384","s954_F_HYP_02_ASEReadCounter.table","NW_015090842.1:10251369",0,8,8
"LOC106888384","s954_F_HYP_02_ASEReadCounter.table","NW_015090842.1:10251370",0,8,8
"LOC106888384","s954_F_HYP_02_ASEReadCounter.table","NW_015090842.1:10251375",0,7,7
"LOC106888384","s954_F_HYP_02_ASEReadCounter.table","NW_015090842.1:10251388",0,5,5
"LOC106888384","s954_F_HYP_02_ASEReadCounter.table","NW_015090842.1:10251390",0,5,5
"LOC106888384","s954_F_HYP_02_ASEReadCounter.table","NW_015090842.1:10251393",0,5,5
"LOC106888384","s954_F_HYP_02_ASEReadCounter.table","NW_015090842.1:10251399",0,5,5
"LOC106888384","s954_F_HYP_02_ASEReadCounter.table","NW_015090842.1:10251492",0,1,1
"LOC106888384","s954_F_HYP_02_ASEReadCounter.table","NW_015090842.1:10253165",1,1,0
"LOC106888384","s954_F_HYP_02_ASEReadCounter.table","NW_015090842.1:10253284",1,1,0
"LOC106888384","s954_F_HYP_02_ASEReadCounter.table","NW_015090842.1:10254028",2,3,1
"LOC106888384","s954_F_HYP_02_ASEReadCounter.table","NW_015090842.1:10254227",2,3,1
"LOC106888384","s954_F_HYP_02_ASEReadCounter.table","NW_015090842.1:10254233",2,3,1
"LOC106888384","s954_F_HYP_02_ASEReadCounter.table","NW_015090842.1:10254263",3,4,1
"LOC106888384","s954_F_HYP_02_ASEReadCounter.table","NW_015090842.1:10254293",2,3,1
"LOC106888384","s954_F_HYP_02_ASEReadCounter.table","NW_015090842.1:10254570",1,2,1
"LOC106888384","s954_F_HYP_02_ASEReadCounter.table","NW_015090842.1:10254605",2,2,0
"LOC106888384","s954_F_HYP_02_ASEReadCounter.table","NW_015090842.1:10254608",2,2,0
"LOC106888384","s954_F_HYP_02_ASEReadCounter.table","NW_015090842.1:10254618",2,2,0
"LOC106888384","s954_F_HYP_02_ASEReadCounter.table","NW_015090842.1:10254620",2,2,0
"LOC106888384","s954_F_HYP_02_ASEReadCounter.table","NW_015090842.1:10254623",1,1,0
"LOC106888384","s954_F_HYP_02_ASEReadCounter.table","NW_015090842.1:10254624",1,1,0
"LOC106888384","s954_F_HYP_02_ASEReadCounter.table","NW_015090842.1:10254627",1,1,0
"LOC106888384","s954_F_HYP_02_ASEReadCounter.table","NW_015090842.1:10254629",1,1,0
"LOC106888384","s954_F_HYP_02_ASEReadCounter.table","NW_015090842.1:10254647",0,1,1
"LOC106888384","s954_F_HYP_02_ASEReadCounter.table","NW_015090842.1:10254840",0,1,1
"LOC106888384","s954_F_HYP_02_ASEReadCounter.table","NW_015090842.1:10254891",1,1,0
"LOC106888384","s954_F_HYP_02_ASEReadCounter.table","NW_015090842.1:10254900",0,1,1
"LOC106888384","s954_F_HYP_02_ASEReadCounter.table","NW_015090842.1:10254915",0,1,1
"LOC106888384","s954_F_HYP_02_ASEReadCounter.table","NW_015090842.1:10254965",1,1,0
"LOC106888384","s954_F_HYP_02_ASEReadCounter.table","NW_015090842.1:10254975",0,1,1
"LOC106888384","s954_F_HYP_02_ASEReadCounter.table","NW_015090842.1:10255236",0,1,1
"LOC106888384","s954_F_HYP_02_ASEReadCounter.table","NW_015090842.1:10255262",0,1,1
"LOC106888384","s954_F_HYP_02_ASEReadCounter.table","NW_015090842.1:10255264",0,1,1
"LOC106888384","s954_F_HYP_02_ASEReadCounter.table","NW_015090842.1:10255306",2,3,1
"LOC106888384","s954_F_HYP_02_ASEReadCounter.table","NW_015090842.1:10255340",2,3,1
"LOC106888384","s954_F_HYP_02_ASEReadCounter.table","NW_015090842.1:10255410",1,1,0
"LOC106888384","s954_F_HYP_02_ASEReadCounter.table","NW_015090842.1:10255449",1,1,0
"LOC106888384","s954_F_HYP_02_ASEReadCounter.table","NW_015090842.1:10255608",2,2,0
"LOC106888384","s954_F_HYP_02_ASEReadCounter.table","NW_015090842.1:10255704",2,2,0
"LOC106888384","s954_F_HYP_02_ASEReadCounter.table","NW_015090842.1:10255731",3,3,0
"LOC106888384","s954_F_HYP_02_ASEReadCounter.table","NW_015090842.1:10255771",2,2,0
"TANGO6","s954_F_HYP_02_ASEReadCounter.table","NW_015090842.1:10257782",16,23,7
"TANGO6","s954_F_HYP_02_ASEReadCounter.table","NW_015090842.1:10258162",13,26,13
"TANGO6","s954_F_HYP_02_ASEReadCounter.table","NW_015090842.1:10258185",16,32,16
"TANGO6","s954_F_HYP_02_ASEReadCounter.table","NW_015090842.1:10259267",14,31,17
"TANGO6","s954_F_HYP_02_ASEReadCounter.table","NW_015090842.1:10260250",64,99,35
"TANGO6","s954_F_HYP_02_ASEReadCounter.table","NW_015090842.1:10260289",69,108,39
"TANGO6","s954_F_HYP_02_ASEReadCounter.table","NW_015090842.1:10260309",50,81,31
"TANGO6","s954_F_HYP_02_ASEReadCounter.table","NW_015090842.1:10260979",44,74,30
"TANGO6","s954_F_HYP_02_ASEReadCounter.table","NW_015090842.1:10261599",40,77,37
"TANGO6","s954_F_HYP_02_ASEReadCounter.table","NW_015090842.1:10268425",59,102,43
"TANGO6","s954_F_HYP_02_ASEReadCounter.table","NW_015090842.1:10269831",56,111,55
"TANGO6","s954_F_HYP_02_ASEReadCounter.table","NW_015090842.1:10270813",50,112,62
"TANGO6","s954_F_HYP_02_ASEReadCounter.table","NW_015090842.1:10274018",42,79,37
"TANGO6","s954_F_HYP_02_ASEReadCounter.table","NW_015090842.1:10275974",39,82,43
"TANGO6","s954_F_HYP_02_ASEReadCounter.table","NW_015090842.1:10275976",41,84,43
"TANGO6","s954_F_HYP_02_ASEReadCounter.table","NW_015090842.1:10276123",40,83,43
"TANGO6","s954_F_HYP_02_ASEReadCounter.table","NW_015090842.1:10276271",48,90,42
"TANGO6","s954_F_HYP_02_ASEReadCounter.table","NW_015090842.1:10276272",43,86,43
"TANGO6","s954_F_HYP_02_ASEReadCounter.table","NW_015090842.1:10276275",52,96,44
"TANGO6","s954_F_HYP_02_ASEReadCounter.table","NW_015090842.1:10276278",52,96,44
"TANGO6","s954_F_HYP_02_ASEReadCounter.table","NW_015090842.1:10276368",30,59,29
"TANGO6","s954_F_HYP_02_ASEReadCounter.table","NW_015090842.1:10276373",30,58,28
"TANGO6","s954_F_HYP_02_ASEReadCounter.table","NW_015090842.1:10276630",49,88,39
"TANGO6","s954_F_HYP_02_ASEReadCounter.table","NW_015090842.1:10281498",49,95,46
"TANGO6","s954_F_HYP_02_ASEReadCounter.table","NW_015090842.1:10281516",54,101,47
"TANGO6","s954_F_HYP_02_ASEReadCounter.table","NW_015090842.1:10282842",53,97,44
"TANGO6","s954_F_HYP_02_ASEReadCounter.table","NW_015090842.1:10282863",42,83,41
"TANGO6","s954_F_HYP_02_ASEReadCounter.table","NW_015090842.1:10282869",46,84,38
"TANGO6","s954_F_HYP_02_ASEReadCounter.table","NW_015090842.1:10282903",52,104,52
"TANGO6","s954_F_HYP_02_ASEReadCounter.table","NW_015090842.1:10283757",55,124,69
"TANGO6","s954_F_HYP_02_ASEReadCounter.table","NW_015090842.1:10283785",54,112,58
"HAS3","s954_F_HYP_02_ASEReadCounter.table","NW_015090842.1:10288266",1,1,0
"HAS3","s954_F_HYP_02_ASEReadCounter.table","NW_015090842.1:10288274",1,1,0
"HAS3","s954_F_HYP_02_ASEReadCounter.table","NW_015090842.1:10288364",2,2,0
"HAS3","s954_F_HYP_02_ASEReadCounter.table","NW_015090842.1:10289269",3,3,0
"HAS3","s954_F_HYP_02_ASEReadCounter.table","NW_015090842.1:10289272",3,3,0
"HAS3","s954_F_HYP_02_ASEReadCounter.table","NW_015090842.1:10289469",2,3,1
"HAS3","s954_F_HYP_02_ASEReadCounter.table","NW_015090842.1:10290375",1,5,4
"HAS3","s954_F_HYP_02_ASEReadCounter.table","NW_015090842.1:10290395",1,6,5
"HAS3","s954_F_HYP_02_ASEReadCounter.table","NW_015090842.1:10290439",7,7,0
"HAS3","s954_F_HYP_02_ASEReadCounter.table","NW_015090842.1:10290561",3,9,6
"HAS3","s954_F_HYP_02_ASEReadCounter.table","NW_015090842.1:10290609",2,6,4
"HAS3","s954_F_HYP_02_ASEReadCounter.table","NW_015090842.1:10290666",4,8,4
"HAS3","s954_F_HYP_02_ASEReadCounter.table","NW_015090842.1:10290723",1,1,0
"HAS3","s954_F_HYP_02_ASEReadCounter.table","NW_015090842.1:10290927",4,8,4
"HAS3","s954_F_HYP_02_ASEReadCounter.table","NW_015090842.1:10291004",4,8,4
"CHTF8","s954_F_HYP_02_ASEReadCounter.table","NW_015090842.1:10291319",5,8,3
"CHTF8","s954_F_HYP_02_ASEReadCounter.table","NW_015090842.1:10291491",11,15,4
"CHTF8","s954_F_HYP_02_ASEReadCounter.table","NW_015090842.1:10291520",11,16,5
"CHTF8","s954_F_HYP_02_ASEReadCounter.table","NW_015090842.1:10291593",12,24,12
"CHTF8","s954_F_HYP_02_ASEReadCounter.table","NW_015090842.1:10291600",14,28,14
"CHTF8","s954_F_HYP_02_ASEReadCounter.table","NW_015090842.1:10291609",12,25,13
"CHTF8","s954_F_HYP_02_ASEReadCounter.table","NW_015090842.1:10291639",14,26,12
"CHTF8","s954_F_HYP_02_ASEReadCounter.table","NW_015090842.1:10291641",14,27,13
"CHTF8","s954_F_HYP_02_ASEReadCounter.table","NW_015090842.1:10291648",14,26,12
"CHTF8","s954_F_HYP_02_ASEReadCounter.table","NW_015090842.1:10291656",10,20,10
"CHTF8","s954_F_HYP_02_ASEReadCounter.table","NW_015090842.1:10291675",9,18,9
"CHTF8","s954_F_HYP_02_ASEReadCounter.table","NW_015090842.1:10291696",8,17,9
"CHTF8","s954_F_HYP_02_ASEReadCounter.table","NW_015090842.1:10291714",6,16,10
"CHTF8","s954_F_HYP_02_ASEReadCounter.table","NW_015090842.1:10291732",5,19,14
"CHTF8","s954_F_HYP_02_ASEReadCounter.table","NW_015090842.1:10291755",7,21,14
"CHTF8","s954_F_HYP_02_ASEReadCounter.table","NW_015090842.1:10291756",7,21,14
"CHTF8","s954_F_HYP_02_ASEReadCounter.table","NW_015090842.1:10291758",7,21,14
"CHTF8","s954_F_HYP_02_ASEReadCounter.table","NW_015090842.1:10291792",8,26,18
"CHTF8","s954_F_HYP_02_ASEReadCounter.table","NW_015090842.1:10291895",14,28,14
"CHTF8","s954_F_HYP_02_ASEReadCounter.table","NW_015090842.1:10292132",13,18,5
"CHTF8","s954_F_HYP_02_ASEReadCounter.table","NW_015090842.1:10292314",6,18,12
"CHTF8","s954_F_HYP_02_ASEReadCounter.table","NW_015090842.1:10292317",6,18,12
"CHTF8","s954_F_HYP_02_ASEReadCounter.table","NW_015090842.1:10292928",0,2,2
"UTP4","s954_F_HYP_02_ASEReadCounter.table","NW_015090842.1:10293146",15,32,17
"UTP4","s954_F_HYP_02_ASEReadCounter.table","NW_015090842.1:10293151",15,32,17
"UTP4","s954_F_HYP_02_ASEReadCounter.table","NW_015090842.1:10293191",9,21,12
"UTP4","s954_F_HYP_02_ASEReadCounter.table","NW_015090842.1:10293362",17,28,11
"UTP4","s954_F_HYP_02_ASEReadCounter.table","NW_015090842.1:10293430",17,40,23
"UTP4","s954_F_HYP_02_ASEReadCounter.table","NW_015090842.1:10293625",11,21,10
"UTP4","s954_F_HYP_02_ASEReadCounter.table","NW_015090842.1:10293684",18,39,21
"UTP4","s954_F_HYP_02_ASEReadCounter.table","NW_015090842.1:10294093",20,34,14
"UTP4","s954_F_HYP_02_ASEReadCounter.table","NW_015090842.1:10294622",22,54,32
"UTP4","s954_F_HYP_02_ASEReadCounter.table","NW_015090842.1:10294632",22,55,33
"UTP4","s954_F_HYP_02_ASEReadCounter.table","NW_015090842.1:10295238",18,42,24
"UTP4","s954_F_HYP_02_ASEReadCounter.table","NW_015090842.1:10295880",14,39,25
"UTP4","s954_F_HYP_02_ASEReadCounter.table","NW_015090842.1:10295884",13,39,26
"UTP4","s954_F_HYP_02_ASEReadCounter.table","NW_015090842.1:10295903",14,40,26
"UTP4","s954_F_HYP_02_ASEReadCounter.table","NW_015090842.1:10295906",16,42,26
"UTP4","s954_F_HYP_02_ASEReadCounter.table","NW_015090842.1:10295915",16,44,28
"UTP4","s954_F_HYP_02_ASEReadCounter.table","NW_015090842.1:10295938",12,38,26
"UTP4","s954_F_HYP_02_ASEReadCounter.table","NW_015090842.1:10296175",28,64,36
"UTP4","s954_F_HYP_02_ASEReadCounter.table","NW_015090842.1:10296660",19,47,28
"UTP4","s954_F_HYP_02_ASEReadCounter.table","NW_015090842.1:10296679",21,44,23
"UTP4","s954_F_HYP_02_ASEReadCounter.table","NW_015090842.1:10297193",29,66,37
"UTP4","s954_F_HYP_02_ASEReadCounter.table","NW_015090842.1:10297220",31,67,36
"UTP4","s954_F_HYP_02_ASEReadCounter.table","NW_015090842.1:10297307",35,73,38
"UTP4","s954_F_HYP_02_ASEReadCounter.table","NW_015090842.1:10297558",43,85,42
"UTP4","s954_F_HYP_02_ASEReadCounter.table","NW_015090842.1:10297943",27,53,26
"UTP4","s954_F_HYP_02_ASEReadCounter.table","NW_015090842.1:10297979",18,42,24
"UTP4","s954_F_HYP_02_ASEReadCounter.table","NW_015090842.1:10298022",14,35,21
"UTP4","s954_F_HYP_02_ASEReadCounter.table","NW_015090842.1:10298079",4,15,11
"UTP4","s954_F_HYP_02_ASEReadCounter.table","NW_015090842.1:10298081",4,15,11
"UTP4","s954_F_HYP_02_ASEReadCounter.table","NW_015090842.1:10298082",4,15,11
"SNTB2","s954_F_HYP_02_ASEReadCounter.table","NW_015090842.1:10298905",1,1,0
"SNTB2","s954_F_HYP_02_ASEReadCounter.table","NW_015090842.1:10298928",1,1,0
"SNTB2","s954_F_HYP_02_ASEReadCounter.table","NW_015090842.1:10303506",5,11,6
"SNTB2","s954_F_HYP_02_ASEReadCounter.table","NW_015090842.1:10303524",4,9,5
"SNTB2","s954_F_HYP_02_ASEReadCounter.table","NW_015090842.1:10304059",5,6,1
"SNTB2","s954_F_HYP_02_ASEReadCounter.table","NW_015090842.1:10304089",4,7,3
"SNTB2","s954_F_HYP_02_ASEReadCounter.table","NW_015090842.1:10304167",2,4,2
"SNTB2","s954_F_HYP_02_ASEReadCounter.table","NW_015090842.1:10304176",5,7,2
"SNTB2","s954_F_HYP_02_ASEReadCounter.table","NW_015090842.1:10305069",8,11,3
"SNTB2","s954_F_HYP_02_ASEReadCounter.table","NW_015090842.1:10305099",5,11,6
"SNTB2","s954_F_HYP_02_ASEReadCounter.table","NW_015090842.1:10305171",1,5,4
"SNTB2","s954_F_HYP_02_ASEReadCounter.table","NW_015090842.1:10305177",2,4,2
"SNTB2","s954_F_HYP_02_ASEReadCounter.table","NW_015090842.1:10305451",3,4,1
"SNTB2","s954_F_HYP_02_ASEReadCounter.table","NW_015090842.1:10305547",2,8,6
"SNTB2","s954_F_HYP_02_ASEReadCounter.table","NW_015090842.1:10305847",4,10,6
"SNTB2","s954_F_HYP_02_ASEReadCounter.table","NW_015090842.1:10306173",6,8,2
"SNTB2","s954_F_HYP_02_ASEReadCounter.table","NW_015090842.1:10306275",7,9,2
"SNTB2","s954_F_HYP_02_ASEReadCounter.table","NW_015090842.1:10306457",5,10,5
"SNTB2","s954_F_HYP_02_ASEReadCounter.table","NW_015090842.1:10306496",3,9,6
"SNTB2","s954_F_HYP_02_ASEReadCounter.table","NW_015090842.1:10306499",3,9,6
"VPS4A","s954_F_HYP_02_ASEReadCounter.table","NW_015090842.1:10308566",106,222,116
"VPS4A","s954_F_HYP_02_ASEReadCounter.table","NW_015090842.1:10308573",113,229,116
"VPS4A","s954_F_HYP_02_ASEReadCounter.table","NW_015090842.1:10308856",155,337,182
"VPS4A","s954_F_HYP_02_ASEReadCounter.table","NW_015090842.1:10309056",183,381,198
"VPS4A","s954_F_HYP_02_ASEReadCounter.table","NW_015090842.1:10309089",242,476,234
"VPS4A","s954_F_HYP_02_ASEReadCounter.table","NW_015090842.1:10309392",236,457,221
"VPS4A","s954_F_HYP_02_ASEReadCounter.table","NW_015090842.1:10309413",234,463,229
"VPS4A","s954_F_HYP_02_ASEReadCounter.table","NW_015090842.1:10309467",246,521,275
"VPS4A","s954_F_HYP_02_ASEReadCounter.table","NW_015090842.1:10310230",275,582,307
"VPS4A","s954_F_HYP_02_ASEReadCounter.table","NW_015090842.1:10310425",247,509,262
"VPS4A","s954_F_HYP_02_ASEReadCounter.table","NW_015090842.1:10310639",295,574,279
"VPS4A","s954_F_HYP_02_ASEReadCounter.table","NW_015090842.1:10310734",228,457,229
"VPS4A","s954_F_HYP_02_ASEReadCounter.table","NW_015090842.1:10310737",227,461,234
"VPS4A","s954_F_HYP_02_ASEReadCounter.table","NW_015090842.1:10310746",230,479,249
"VPS4A","s954_F_HYP_02_ASEReadCounter.table","NW_015090842.1:10310767",246,515,269
"VPS4A","s954_F_HYP_02_ASEReadCounter.table","NW_015090842.1:10310995",242,512,270
"VPS4A","s954_F_HYP_02_ASEReadCounter.table","NW_015090842.1:10311004",235,491,256
"VPS4A","s954_F_HYP_02_ASEReadCounter.table","NW_015090842.1:10311007",245,509,264
"VPS4A","s954_F_HYP_02_ASEReadCounter.table","NW_015090842.1:10311013",267,543,276
"VPS4A","s954_F_HYP_02_ASEReadCounter.table","NW_015090842.1:10311022",239,498,259
"VPS4A","s954_F_HYP_02_ASEReadCounter.table","NW_015090842.1:10311023",242,498,256
"VPS4A","s954_F_HYP_02_ASEReadCounter.table","NW_015090842.1:10311426",261,545,284
"VPS4A","s954_F_HYP_02_ASEReadCounter.table","NW_015090842.1:10311489",1,14,13
"VPS4A","s954_F_HYP_02_ASEReadCounter.table","NW_015090842.1:10311490",1,15,14
"VPS4A","s954_F_HYP_02_ASEReadCounter.table","NW_015090842.1:10311525",8,21,13
"VPS4A","s954_F_HYP_02_ASEReadCounter.table","NW_015090842.1:10311529",9,29,20
"VPS4A","s954_F_HYP_02_ASEReadCounter.table","NW_015090842.1:10311530",9,31,22
"VPS4A","s954_F_HYP_02_ASEReadCounter.table","NW_015090842.1:10311552",48,81,33
"VPS4A","s954_F_HYP_02_ASEReadCounter.table","NW_015090842.1:10311689",35,93,58
"VPS4A","s954_F_HYP_02_ASEReadCounter.table","NW_015090842.1:10311700",59,117,58
"VPS4A","s954_F_HYP_02_ASEReadCounter.table","NW_015090842.1:10311701",58,114,56
"VPS4A","s954_F_HYP_02_ASEReadCounter.table","NW_015090842.1:10311703",59,117,58
"COG8","s954_F_HYP_02_ASEReadCounter.table","NW_015090842.1:10313487",32,75,43
"COG8","s954_F_HYP_02_ASEReadCounter.table","NW_015090842.1:10313559",53,96,43
"COG8","s954_F_HYP_02_ASEReadCounter.table","NW_015090842.1:10313579",44,88,44
"COG8","s954_F_HYP_02_ASEReadCounter.table","NW_015090842.1:10313665",40,78,38
"COG8","s954_F_HYP_02_ASEReadCounter.table","NW_015090842.1:10313681",42,77,35
"COG8","s954_F_HYP_02_ASEReadCounter.table","NW_015090842.1:10313768",57,110,53
"COG8","s954_F_HYP_02_ASEReadCounter.table","NW_015090842.1:10313775",59,108,49
"COG8","s954_F_HYP_02_ASEReadCounter.table","NW_015090842.1:10313811",40,86,46
"COG8","s954_F_HYP_02_ASEReadCounter.table","NW_015090842.1:10313858",27,69,42
"COG8","s954_F_HYP_02_ASEReadCounter.table","NW_015090842.1:10314100",49,107,58
"COG8","s954_F_HYP_02_ASEReadCounter.table","NW_015090842.1:10314213",38,84,46
"COG8","s954_F_HYP_02_ASEReadCounter.table","NW_015090842.1:10315093",34,65,31
"COG8","s954_F_HYP_02_ASEReadCounter.table","NW_015090842.1:10315162",26,61,35
"COG8","s954_F_HYP_02_ASEReadCounter.table","NW_015090842.1:10315285",44,79,35
"COG8","s954_F_HYP_02_ASEReadCounter.table","NW_015090842.1:10315360",25,57,32
"COG8","s954_F_HYP_02_ASEReadCounter.table","NW_015090842.1:10315369",23,58,35
"COG8","s954_F_HYP_02_ASEReadCounter.table","NW_015090842.1:10315504",16,46,30
"COG8","s954_F_HYP_02_ASEReadCounter.table","NW_015090842.1:10315508",14,47,33
"COG8","s954_F_HYP_02_ASEReadCounter.table","NW_015090842.1:10315624",27,68,41
"COG8","s954_F_HYP_02_ASEReadCounter.table","NW_015090842.1:10315693",24,58,34
"COG8","s954_F_HYP_02_ASEReadCounter.table","NW_015090842.1:10315698",23,64,41
"COG8","s954_F_HYP_02_ASEReadCounter.table","NW_015090842.1:10315768",17,59,42
"COG8","s954_F_HYP_02_ASEReadCounter.table","NW_015090842.1:10315769",18,59,41
"COG8","s954_F_HYP_02_ASEReadCounter.table","NW_015090842.1:10315784",18,58,40
"COG8","s954_F_HYP_02_ASEReadCounter.table","NW_015090842.1:10316093",15,38,23
"COG8","s954_F_HYP_02_ASEReadCounter.table","NW_015090842.1:10316133",14,31,17
"NIP7","s954_F_HYP_02_ASEReadCounter.table","NW_015090842.1:10316759",24,53,29
"NIP7","s954_F_HYP_02_ASEReadCounter.table","NW_015090842.1:10316967",133,277,144
"NIP7","s954_F_HYP_02_ASEReadCounter.table","NW_015090842.1:10316995",162,314,152
"NIP7","s954_F_HYP_02_ASEReadCounter.table","NW_015090842.1:10317240",213,431,218
"NIP7","s954_F_HYP_02_ASEReadCounter.table","NW_015090842.1:10317247",196,407,211
"NIP7","s954_F_HYP_02_ASEReadCounter.table","NW_015090842.1:10317264",178,371,193
"NIP7","s954_F_HYP_02_ASEReadCounter.table","NW_015090842.1:10317433",218,483,265
"NIP7","s954_F_HYP_02_ASEReadCounter.table","NW_015090842.1:10317738",168,383,215
"NIP7","s954_F_HYP_02_ASEReadCounter.table","NW_015090842.1:10317769",193,423,230
"NIP7","s954_F_HYP_02_ASEReadCounter.table","NW_015090842.1:10317808",106,264,158
"NIP7","s954_F_HYP_02_ASEReadCounter.table","NW_015090842.1:10317870",67,184,117
"NIP7","s954_F_HYP_02_ASEReadCounter.table","NW_015090842.1:10317871",68,181,113
"NIP7","s954_F_HYP_02_ASEReadCounter.table","NW_015090842.1:10317898",50,131,81
"NIP7","s954_F_HYP_02_ASEReadCounter.table","NW_015090842.1:10317911",43,110,67
"TERF2","s954_F_HYP_02_ASEReadCounter.table","NW_015090842.1:10321665",18,18,0
"TERF2","s954_F_HYP_02_ASEReadCounter.table","NW_015090842.1:10321768",44,88,44
"TERF2","s954_F_HYP_02_ASEReadCounter.table","NW_015090842.1:10321777",46,94,48
"TERF2","s954_F_HYP_02_ASEReadCounter.table","NW_015090842.1:10321805",40,95,55
"TERF2","s954_F_HYP_02_ASEReadCounter.table","NW_015090842.1:10321878",52,125,73
"TERF2","s954_F_HYP_02_ASEReadCounter.table","NW_015090842.1:10321893",8,130,122
"TERF2","s954_F_HYP_02_ASEReadCounter.table","NW_015090842.1:10321897",42,110,68
"TERF2","s954_F_HYP_02_ASEReadCounter.table","NW_015090842.1:10321908",38,101,63
"TERF2","s954_F_HYP_02_ASEReadCounter.table","NW_015090842.1:10322001",82,157,75
"TERF2","s954_F_HYP_02_ASEReadCounter.table","NW_015090842.1:10322035",76,143,67
"TERF2","s954_F_HYP_02_ASEReadCounter.table","NW_015090842.1:10322051",78,147,69
"TERF2","s954_F_HYP_02_ASEReadCounter.table","NW_015090842.1:10322137",62,123,61
"TERF2","s954_F_HYP_02_ASEReadCounter.table","NW_015090842.1:10322144",66,124,58
"TERF2","s954_F_HYP_02_ASEReadCounter.table","NW_015090842.1:10322388",38,99,61
"TERF2","s954_F_HYP_02_ASEReadCounter.table","NW_015090842.1:10322396",40,98,58
"TERF2","s954_F_HYP_02_ASEReadCounter.table","NW_015090842.1:10322502",57,136,79
"TERF2","s954_F_HYP_02_ASEReadCounter.table","NW_015090842.1:10322504",56,136,80
"TERF2","s954_F_HYP_02_ASEReadCounter.table","NW_015090842.1:10322510",58,135,77
"TERF2","s954_F_HYP_02_ASEReadCounter.table","NW_015090842.1:10323580",63,153,90
"TERF2","s954_F_HYP_02_ASEReadCounter.table","NW_015090842.1:10324314",61,144,83
"TERF2","s954_F_HYP_02_ASEReadCounter.table","NW_015090842.1:10326832",46,108,62
"TERF2","s954_F_HYP_02_ASEReadCounter.table","NW_015090842.1:10327787",25,62,37
"TERF2","s954_F_HYP_02_ASEReadCounter.table","NW_015090842.1:10328588",24,65,41
"TERF2","s954_F_HYP_02_ASEReadCounter.table","NW_015090842.1:10328644",20,54,34
"TERF2","s954_F_HYP_02_ASEReadCounter.table","NW_015090842.1:10329813",19,55,36
"TERF2","s954_F_HYP_02_ASEReadCounter.table","NW_015090842.1:10330749",20,51,31
"TERF2","s954_F_HYP_02_ASEReadCounter.table","NW_015090842.1:10330789",20,51,31
"CYB5B","s954_F_HYP_02_ASEReadCounter.table","NW_015090842.1:10336595",8,16,8
"CYB5B","s954_F_HYP_02_ASEReadCounter.table","NW_015090842.1:10336667",76,138,62
"CYB5B","s954_F_HYP_02_ASEReadCounter.table","NW_015090842.1:10336689",112,220,108
"CYB5B","s954_F_HYP_02_ASEReadCounter.table","NW_015090842.1:10336728",188,332,144
"CYB5B","s954_F_HYP_02_ASEReadCounter.table","NW_015090842.1:10345068",164,303,139
"CYB5B","s954_F_HYP_02_ASEReadCounter.table","NW_015090842.1:10348800",227,397,170
"CYB5B","s954_F_HYP_02_ASEReadCounter.table","NW_015090842.1:10348888",188,338,150
"CYB5B","s954_F_HYP_02_ASEReadCounter.table","NW_015090842.1:10349046",199,377,178
"CYB5B","s954_F_HYP_02_ASEReadCounter.table","NW_015090842.1:10349119",126,293,167
"CYB5B","s954_F_HYP_02_ASEReadCounter.table","NW_015090842.1:10349146",75,237,162
"CYB5B","s954_F_HYP_02_ASEReadCounter.table","NW_015090842.1:10349157",114,288,174
