"gene","id","snp","ref_count","total_count","alt_count"
"CENPN","s954_F_LS_02_ASEReadCounter.table","NW_015090842.1:5801612",0,2,2
"CENPN","s954_F_LS_02_ASEReadCounter.table","NW_015090842.1:5801618",0,2,2
"CENPN","s954_F_LS_02_ASEReadCounter.table","NW_015090842.1:5801623",0,2,2
"CENPN","s954_F_LS_02_ASEReadCounter.table","NW_015090842.1:5801631",1,3,2
"CENPN","s954_F_LS_02_ASEReadCounter.table","NW_015090842.1:5801632",1,3,2
"CENPN","s954_F_LS_02_ASEReadCounter.table","NW_015090842.1:5801655",1,3,2
"CENPN","s954_F_LS_02_ASEReadCounter.table","NW_015090842.1:5801662",1,3,2
"CENPN","s954_F_LS_02_ASEReadCounter.table","NW_015090842.1:5801670",1,3,2
"CENPN","s954_F_LS_02_ASEReadCounter.table","NW_015090842.1:5801674",1,3,2
"CENPN","s954_F_LS_02_ASEReadCounter.table","NW_015090842.1:5801692",1,3,2
"CENPN","s954_F_LS_02_ASEReadCounter.table","NW_015090842.1:5801697",1,3,2
"CENPN","s954_F_LS_02_ASEReadCounter.table","NW_015090842.1:5802008",1,6,5
"CENPN","s954_F_LS_02_ASEReadCounter.table","NW_015090842.1:5802012",2,7,5
"CENPN","s954_F_LS_02_ASEReadCounter.table","NW_015090842.1:5802087",2,5,3
"CENPN","s954_F_LS_02_ASEReadCounter.table","NW_015090842.1:5810113",8,8,0
"CENPN","s954_F_LS_02_ASEReadCounter.table","NW_015090842.1:5810147",14,14,0
"CENPN","s954_F_LS_02_ASEReadCounter.table","NW_015090842.1:5810148",14,14,0
"ATMIN","s954_F_LS_02_ASEReadCounter.table","NW_015090842.1:5818789",3,5,2
"ATMIN","s954_F_LS_02_ASEReadCounter.table","NW_015090842.1:5819958",3,8,5
"ATMIN","s954_F_LS_02_ASEReadCounter.table","NW_015090842.1:5820004",1,5,4
"ATMIN","s954_F_LS_02_ASEReadCounter.table","NW_015090842.1:5820217",4,8,4
"ATMIN","s954_F_LS_02_ASEReadCounter.table","NW_015090842.1:5820250",4,8,4
"ATMIN","s954_F_LS_02_ASEReadCounter.table","NW_015090842.1:5820298",2,8,6
"ATMIN","s954_F_LS_02_ASEReadCounter.table","NW_015090842.1:5820417",6,10,4
"ATMIN","s954_F_LS_02_ASEReadCounter.table","NW_015090842.1:5820421",9,14,5
"ATMIN","s954_F_LS_02_ASEReadCounter.table","NW_015090842.1:5820448",7,12,5
"ATMIN","s954_F_LS_02_ASEReadCounter.table","NW_015090842.1:5820457",6,10,4
"ATMIN","s954_F_LS_02_ASEReadCounter.table","NW_015090842.1:5820510",4,8,4
"ATMIN","s954_F_LS_02_ASEReadCounter.table","NW_015090842.1:5820673",6,11,5
"ATMIN","s954_F_LS_02_ASEReadCounter.table","NW_015090842.1:5820754",7,10,3
"ATMIN","s954_F_LS_02_ASEReadCounter.table","NW_015090842.1:5820820",7,14,7
"ATMIN","s954_F_LS_02_ASEReadCounter.table","NW_015090842.1:5820865",8,12,4
"ATMIN","s954_F_LS_02_ASEReadCounter.table","NW_015090842.1:5820889",9,14,5
"ATMIN","s954_F_LS_02_ASEReadCounter.table","NW_015090842.1:5820891",8,13,5
"ATMIN","s954_F_LS_02_ASEReadCounter.table","NW_015090842.1:5820997",6,14,8
"ATMIN","s954_F_LS_02_ASEReadCounter.table","NW_015090842.1:5821063",9,21,12
"ATMIN","s954_F_LS_02_ASEReadCounter.table","NW_015090842.1:5821132",7,16,9
"ATMIN","s954_F_LS_02_ASEReadCounter.table","NW_015090842.1:5821645",5,20,15
"ATMIN","s954_F_LS_02_ASEReadCounter.table","NW_015090842.1:5825066",19,27,8
"ATMIN","s954_F_LS_02_ASEReadCounter.table","NW_015090842.1:5825106",19,36,17
"ATMIN","s954_F_LS_02_ASEReadCounter.table","NW_015090842.1:5825122",18,38,20
"ATMIN","s954_F_LS_02_ASEReadCounter.table","NW_015090842.1:5825178",15,40,25
"ATMIN","s954_F_LS_02_ASEReadCounter.table","NW_015090842.1:5825194",15,41,26
"ATMIN","s954_F_LS_02_ASEReadCounter.table","NW_015090842.1:5825195",15,41,26
"ATMIN","s954_F_LS_02_ASEReadCounter.table","NW_015090842.1:5825220",19,48,29
"ATMIN","s954_F_LS_02_ASEReadCounter.table","NW_015090842.1:5825240",23,49,26
"ATMIN","s954_F_LS_02_ASEReadCounter.table","NW_015090842.1:5825303",28,61,33
"ATMIN","s954_F_LS_02_ASEReadCounter.table","NW_015090842.1:5825304",29,62,33
"ATMIN","s954_F_LS_02_ASEReadCounter.table","NW_015090842.1:5825310",27,61,34
"ATMIN","s954_F_LS_02_ASEReadCounter.table","NW_015090842.1:5825406",30,62,32
"ATMIN","s954_F_LS_02_ASEReadCounter.table","NW_015090842.1:5825415",29,59,30
"ATMIN","s954_F_LS_02_ASEReadCounter.table","NW_015090842.1:5825438",32,63,31
"ATMIN","s954_F_LS_02_ASEReadCounter.table","NW_015090842.1:5825485",22,52,30
"ATMIN","s954_F_LS_02_ASEReadCounter.table","NW_015090842.1:5825524",33,64,31
"ATMIN","s954_F_LS_02_ASEReadCounter.table","NW_015090842.1:5825557",33,67,34
"ATMIN","s954_F_LS_02_ASEReadCounter.table","NW_015090842.1:5825571",32,70,38
"ATMIN","s954_F_LS_02_ASEReadCounter.table","NW_015090842.1:5825579",35,70,35
"ATMIN","s954_F_LS_02_ASEReadCounter.table","NW_015090842.1:5825590",29,60,31
"ATMIN","s954_F_LS_02_ASEReadCounter.table","NW_015090842.1:5825689",32,65,33
"ATMIN","s954_F_LS_02_ASEReadCounter.table","NW_015090842.1:5825703",39,76,37
"ATMIN","s954_F_LS_02_ASEReadCounter.table","NW_015090842.1:5825787",29,62,33
"ATMIN","s954_F_LS_02_ASEReadCounter.table","NW_015090842.1:5825833",35,68,33
"ATMIN","s954_F_LS_02_ASEReadCounter.table","NW_015090842.1:5825841",31,64,33
"ATMIN","s954_F_LS_02_ASEReadCounter.table","NW_015090842.1:5825895",33,65,32
"ATMIN","s954_F_LS_02_ASEReadCounter.table","NW_015090842.1:5825984",28,70,42
"ATMIN","s954_F_LS_02_ASEReadCounter.table","NW_015090842.1:5826162",38,86,48
"ATMIN","s954_F_LS_02_ASEReadCounter.table","NW_015090842.1:5826194",42,92,50
"ATMIN","s954_F_LS_02_ASEReadCounter.table","NW_015090842.1:5826235",43,97,54
"ATMIN","s954_F_LS_02_ASEReadCounter.table","NW_015090842.1:5826245",42,101,59
"ATMIN","s954_F_LS_02_ASEReadCounter.table","NW_015090842.1:5826335",26,59,33
"ATMIN","s954_F_LS_02_ASEReadCounter.table","NW_015090842.1:5826417",40,93,53
"ATMIN","s954_F_LS_02_ASEReadCounter.table","NW_015090842.1:5826431",32,104,72
"ATMIN","s954_F_LS_02_ASEReadCounter.table","NW_015090842.1:5826438",36,92,56
"ATMIN","s954_F_LS_02_ASEReadCounter.table","NW_015090842.1:5826463",43,109,66
"ATMIN","s954_F_LS_02_ASEReadCounter.table","NW_015090842.1:5826502",42,108,66
"ATMIN","s954_F_LS_02_ASEReadCounter.table","NW_015090842.1:5826511",40,106,66
"ATMIN","s954_F_LS_02_ASEReadCounter.table","NW_015090842.1:5826659",44,85,41
"ATMIN","s954_F_LS_02_ASEReadCounter.table","NW_015090842.1:5826701",47,95,48
"ATMIN","s954_F_LS_02_ASEReadCounter.table","NW_015090842.1:5826702",47,95,48
"ATMIN","s954_F_LS_02_ASEReadCounter.table","NW_015090842.1:5826732",60,125,65
"ATMIN","s954_F_LS_02_ASEReadCounter.table","NW_015090842.1:5826745",56,119,63
"ATMIN","s954_F_LS_02_ASEReadCounter.table","NW_015090842.1:5826835",59,106,47
"ATMIN","s954_F_LS_02_ASEReadCounter.table","NW_015090842.1:5826942",37,106,69
"ATMIN","s954_F_LS_02_ASEReadCounter.table","NW_015090842.1:5827193",63,143,80
"ATMIN","s954_F_LS_02_ASEReadCounter.table","NW_015090842.1:5827196",57,138,81
"ATMIN","s954_F_LS_02_ASEReadCounter.table","NW_015090842.1:5827269",69,147,78
"ATMIN","s954_F_LS_02_ASEReadCounter.table","NW_015090842.1:5827315",48,111,63
"ATMIN","s954_F_LS_02_ASEReadCounter.table","NW_015090842.1:5827316",48,112,64
"ATMIN","s954_F_LS_02_ASEReadCounter.table","NW_015090842.1:5827333",50,112,62
"PPP1R3E","s954_F_LS_02_ASEReadCounter.table","NW_015090842.1:5837733",4,7,3
"PPP1R3E","s954_F_LS_02_ASEReadCounter.table","NW_015090842.1:5837947",4,10,6
"PKD1L2","s954_F_LS_02_ASEReadCounter.table","NW_015090842.1:5867660",1,1,0
"PKD1L2","s954_F_LS_02_ASEReadCounter.table","NW_015090842.1:5867675",1,1,0
"PKD1L2","s954_F_LS_02_ASEReadCounter.table","NW_015090842.1:5867788",2,3,1
"PKD1L2","s954_F_LS_02_ASEReadCounter.table","NW_015090842.1:5867843",2,3,1
"BCO1","s954_F_LS_02_ASEReadCounter.table","NW_015090842.1:5915610",1,1,0
"BCO1","s954_F_LS_02_ASEReadCounter.table","NW_015090842.1:5915646",1,1,0
"BCO1","s954_F_LS_02_ASEReadCounter.table","NW_015090842.1:5917836",1,1,0
"BCO1","s954_F_LS_02_ASEReadCounter.table","NW_015090842.1:5917912",1,1,0
"BCO1","s954_F_LS_02_ASEReadCounter.table","NW_015090842.1:5917941",1,1,0
"BCO1","s954_F_LS_02_ASEReadCounter.table","NW_015090842.1:5917971",1,2,1
"BCO1","s954_F_LS_02_ASEReadCounter.table","NW_015090842.1:5921679",1,1,0
"BCO1","s954_F_LS_02_ASEReadCounter.table","NW_015090842.1:5921726",2,3,1
"BCO1","s954_F_LS_02_ASEReadCounter.table","NW_015090842.1:5925669",2,6,4
"BCO1","s954_F_LS_02_ASEReadCounter.table","NW_015090842.1:5926937",1,3,2
"BCO1","s954_F_LS_02_ASEReadCounter.table","NW_015090842.1:5927921",3,3,0
"BCO1","s954_F_LS_02_ASEReadCounter.table","NW_015090842.1:5927948",2,3,1
"BCO1","s954_F_LS_02_ASEReadCounter.table","NW_015090842.1:5927968",2,3,1
"BCO1","s954_F_LS_02_ASEReadCounter.table","NW_015090842.1:5928052",2,5,3
"BCO1","s954_F_LS_02_ASEReadCounter.table","NW_015090842.1:5932726",13,17,4
"BCO1","s954_F_LS_02_ASEReadCounter.table","NW_015090842.1:5932801",8,12,4
"BCO1","s954_F_LS_02_ASEReadCounter.table","NW_015090842.1:5934558",6,8,2
"BCO1","s954_F_LS_02_ASEReadCounter.table","NW_015090842.1:5934575",7,10,3
"BCO1","s954_F_LS_02_ASEReadCounter.table","NW_015090842.1:5934608",5,9,4
"BCO1","s954_F_LS_02_ASEReadCounter.table","NW_015090842.1:5934647",6,9,3
"BCO1","s954_F_LS_02_ASEReadCounter.table","NW_015090842.1:5934725",8,11,3
"BCO1","s954_F_LS_02_ASEReadCounter.table","NW_015090842.1:5934726",8,11,3
"BCO1","s954_F_LS_02_ASEReadCounter.table","NW_015090842.1:5934733",10,12,2
"BCO1","s954_F_LS_02_ASEReadCounter.table","NW_015090842.1:5934821",11,14,3
"BCO1","s954_F_LS_02_ASEReadCounter.table","NW_015090842.1:5934826",9,14,5
"BCO1","s954_F_LS_02_ASEReadCounter.table","NW_015090842.1:5934844",7,12,5
"BCO1","s954_F_LS_02_ASEReadCounter.table","NW_015090842.1:5934958",11,13,2
"BCO1","s954_F_LS_02_ASEReadCounter.table","NW_015090842.1:5934976",10,12,2
"GAN","s954_F_LS_02_ASEReadCounter.table","NW_015090842.1:5939249",0,3,3
"GAN","s954_F_LS_02_ASEReadCounter.table","NW_015090842.1:5953759",5,14,9
"GAN","s954_F_LS_02_ASEReadCounter.table","NW_015090842.1:5957502",10,32,22
"GAN","s954_F_LS_02_ASEReadCounter.table","NW_015090842.1:5957578",11,38,27
"GAN","s954_F_LS_02_ASEReadCounter.table","NW_015090842.1:5966047",12,40,28
"GAN","s954_F_LS_02_ASEReadCounter.table","NW_015090842.1:5966126",12,43,31
"GAN","s954_F_LS_02_ASEReadCounter.table","NW_015090842.1:5966127",11,42,31
"GAN","s954_F_LS_02_ASEReadCounter.table","NW_015090842.1:5966162",29,64,35
"GAN","s954_F_LS_02_ASEReadCounter.table","NW_015090842.1:5966483",29,81,52
"CMIP","s954_F_LS_02_ASEReadCounter.table","NW_015090842.1:6109159",12,24,12
"CMIP","s954_F_LS_02_ASEReadCounter.table","NW_015090842.1:6109166",11,21,10
"CMIP","s954_F_LS_02_ASEReadCounter.table","NW_015090842.1:6114641",18,37,19
"CMIP","s954_F_LS_02_ASEReadCounter.table","NW_015090842.1:6114751",8,22,14
"CMIP","s954_F_LS_02_ASEReadCounter.table","NW_015090842.1:6114824",20,42,22
"CMIP","s954_F_LS_02_ASEReadCounter.table","NW_015090842.1:6126295",64,70,6
"CMIP","s954_F_LS_02_ASEReadCounter.table","NW_015090842.1:6128998",32,83,51
"CMIP","s954_F_LS_02_ASEReadCounter.table","NW_015090842.1:6130562",50,142,92
"CMIP","s954_F_LS_02_ASEReadCounter.table","NW_015090842.1:6132522",42,104,62
"CMIP","s954_F_LS_02_ASEReadCounter.table","NW_015090842.1:6138265",120,340,220
"CMIP","s954_F_LS_02_ASEReadCounter.table","NW_015090842.1:6138300",124,347,223
"CMIP","s954_F_LS_02_ASEReadCounter.table","NW_015090842.1:6138342",103,289,186
"CMIP","s954_F_LS_02_ASEReadCounter.table","NW_015090842.1:6138343",98,274,176
"CMIP","s954_F_LS_02_ASEReadCounter.table","NW_015090842.1:6138345",100,283,183
"CMIP","s954_F_LS_02_ASEReadCounter.table","NW_015090842.1:6138647",63,177,114
"CMIP","s954_F_LS_02_ASEReadCounter.table","NW_015090842.1:6138745",73,193,120
"CMIP","s954_F_LS_02_ASEReadCounter.table","NW_015090842.1:6138832",22,102,80
"CMIP","s954_F_LS_02_ASEReadCounter.table","NW_015090842.1:6138967",75,181,106
"CMIP","s954_F_LS_02_ASEReadCounter.table","NW_015090842.1:6139131",26,111,85
"CMIP","s954_F_LS_02_ASEReadCounter.table","NW_015090842.1:6139163",5,80,75
"CMIP","s954_F_LS_02_ASEReadCounter.table","NW_015090842.1:6139212",148,162,14
"CMIP","s954_F_LS_02_ASEReadCounter.table","NW_015090842.1:6139360",34,83,49
"CMIP","s954_F_LS_02_ASEReadCounter.table","NW_015090842.1:6139572",22,55,33
"PLCG2","s954_F_LS_02_ASEReadCounter.table","NW_015090842.1:6179613",1,3,2
"PLCG2","s954_F_LS_02_ASEReadCounter.table","NW_015090842.1:6179658",5,7,2
"PLCG2","s954_F_LS_02_ASEReadCounter.table","NW_015090842.1:6203766",1,2,1
"PLCG2","s954_F_LS_02_ASEReadCounter.table","NW_015090842.1:6203775",1,2,1
"PLCG2","s954_F_LS_02_ASEReadCounter.table","NW_015090842.1:6203787",1,2,1
"PLCG2","s954_F_LS_02_ASEReadCounter.table","NW_015090842.1:6209816",0,1,1
"PLCG2","s954_F_LS_02_ASEReadCounter.table","NW_015090842.1:6217547",1,2,1
"PLCG2","s954_F_LS_02_ASEReadCounter.table","NW_015090842.1:6218641",0,1,1
"PLCG2","s954_F_LS_02_ASEReadCounter.table","NW_015090842.1:6221969",1,1,0
"PLCG2","s954_F_LS_02_ASEReadCounter.table","NW_015090842.1:6228672",2,2,0
"PLCG2","s954_F_LS_02_ASEReadCounter.table","NW_015090842.1:6228694",2,2,0
"PLCG2","s954_F_LS_02_ASEReadCounter.table","NW_015090842.1:6228722",1,2,1
"PLCG2","s954_F_LS_02_ASEReadCounter.table","NW_015090842.1:6228747",1,3,2
"PLCG2","s954_F_LS_02_ASEReadCounter.table","NW_015090842.1:6228835",1,2,1
"PLCG2","s954_F_LS_02_ASEReadCounter.table","NW_015090842.1:6228841",1,2,1
"PLCG2","s954_F_LS_02_ASEReadCounter.table","NW_015090842.1:6228865",1,2,1
"PLCG2","s954_F_LS_02_ASEReadCounter.table","NW_015090842.1:6228917",1,1,0
"PLCG2","s954_F_LS_02_ASEReadCounter.table","NW_015090842.1:6228954",0,2,2
"PLCG2","s954_F_LS_02_ASEReadCounter.table","NW_015090842.1:6229002",0,2,2
"PLCG2","s954_F_LS_02_ASEReadCounter.table","NW_015090842.1:6229006",0,2,2
"PLCG2","s954_F_LS_02_ASEReadCounter.table","NW_015090842.1:6229081",2,2,0
"PLCG2","s954_F_LS_02_ASEReadCounter.table","NW_015090842.1:6229097",3,3,0
"PLCG2","s954_F_LS_02_ASEReadCounter.table","NW_015090842.1:6229160",2,2,0
"PLCG2","s954_F_LS_02_ASEReadCounter.table","NW_015090842.1:6229213",2,3,1
"PLCG2","s954_F_LS_02_ASEReadCounter.table","NW_015090842.1:6229231",3,5,2
"PLCG2","s954_F_LS_02_ASEReadCounter.table","NW_015090842.1:6229748",1,2,1
"PLCG2","s954_F_LS_02_ASEReadCounter.table","NW_015090842.1:6229892",2,2,0
"PLCG2","s954_F_LS_02_ASEReadCounter.table","NW_015090842.1:6230248",3,3,0
"PLCG2","s954_F_LS_02_ASEReadCounter.table","NW_015090842.1:6230255",2,2,0
"PLCG2","s954_F_LS_02_ASEReadCounter.table","NW_015090842.1:6230276",2,2,0
"PLCG2","s954_F_LS_02_ASEReadCounter.table","NW_015090842.1:6230408",1,1,0
"PLCG2","s954_F_LS_02_ASEReadCounter.table","NW_015090842.1:6230439",1,1,0
"PLCG2","s954_F_LS_02_ASEReadCounter.table","NW_015090842.1:6230757",1,1,0
"PLCG2","s954_F_LS_02_ASEReadCounter.table","NW_015090842.1:6230758",1,1,0
"PLCG2","s954_F_LS_02_ASEReadCounter.table","NW_015090842.1:6230976",3,3,0
"PLCG2","s954_F_LS_02_ASEReadCounter.table","NW_015090842.1:6231078",3,3,0
"PLCG2","s954_F_LS_02_ASEReadCounter.table","NW_015090842.1:6231138",3,3,0
"PLCG2","s954_F_LS_02_ASEReadCounter.table","NW_015090842.1:6231177",2,2,0
"PLCG2","s954_F_LS_02_ASEReadCounter.table","NW_015090842.1:6231263",5,5,0
"SDR42E1","s954_F_LS_02_ASEReadCounter.table","NW_015090842.1:6235292",0,2,2
"SDR42E1","s954_F_LS_02_ASEReadCounter.table","NW_015090842.1:6235315",1,3,2
"SDR42E1","s954_F_LS_02_ASEReadCounter.table","NW_015090842.1:6235348",1,5,4
"SDR42E1","s954_F_LS_02_ASEReadCounter.table","NW_015090842.1:6235355",2,6,4
"SDR42E1","s954_F_LS_02_ASEReadCounter.table","NW_015090842.1:6235417",4,16,12
"SDR42E1","s954_F_LS_02_ASEReadCounter.table","NW_015090842.1:6235558",2,14,12
"SDR42E1","s954_F_LS_02_ASEReadCounter.table","NW_015090842.1:6235741",3,16,13
"SDR42E1","s954_F_LS_02_ASEReadCounter.table","NW_015090842.1:6235777",4,14,10
"SDR42E1","s954_F_LS_02_ASEReadCounter.table","NW_015090842.1:6235806",6,16,10
"SDR42E1","s954_F_LS_02_ASEReadCounter.table","NW_015090842.1:6235809",7,18,11
"SDR42E1","s954_F_LS_02_ASEReadCounter.table","NW_015090842.1:6235816",7,17,10
"SDR42E1","s954_F_LS_02_ASEReadCounter.table","NW_015090842.1:6235914",2,10,8
"SDR42E1","s954_F_LS_02_ASEReadCounter.table","NW_015090842.1:6235935",1,13,12
"SDR42E1","s954_F_LS_02_ASEReadCounter.table","NW_015090842.1:6235957",3,14,11
"SDR42E1","s954_F_LS_02_ASEReadCounter.table","NW_015090842.1:6236040",0,6,6
"SDR42E1","s954_F_LS_02_ASEReadCounter.table","NW_015090842.1:6236260",0,5,5
"SDR42E1","s954_F_LS_02_ASEReadCounter.table","NW_015090842.1:6236281",1,7,6
"SDR42E1","s954_F_LS_02_ASEReadCounter.table","NW_015090842.1:6236305",2,8,6
"SDR42E1","s954_F_LS_02_ASEReadCounter.table","NW_015090842.1:6236458",2,9,7
"SDR42E1","s954_F_LS_02_ASEReadCounter.table","NW_015090842.1:6236476",2,10,8
"SDR42E1","s954_F_LS_02_ASEReadCounter.table","NW_015090842.1:6236608",1,2,1
"SDR42E1","s954_F_LS_02_ASEReadCounter.table","NW_015090842.1:6238244",0,1,1
"SDR42E1","s954_F_LS_02_ASEReadCounter.table","NW_015090842.1:6238829",2,3,1
"HSD17B2","s954_F_LS_02_ASEReadCounter.table","NW_015090842.1:6262951",0,1,1
"HSD17B2","s954_F_LS_02_ASEReadCounter.table","NW_015090842.1:6262974",0,1,1
"HSD17B2","s954_F_LS_02_ASEReadCounter.table","NW_015090842.1:6266795",0,1,1
"HSD17B2","s954_F_LS_02_ASEReadCounter.table","NW_015090842.1:6267273",1,1,0
"HSD17B2","s954_F_LS_02_ASEReadCounter.table","NW_015090842.1:6268098",0,1,1
"HSD17B2","s954_F_LS_02_ASEReadCounter.table","NW_015090842.1:6268203",0,1,1
"ARY2","s954_F_LS_02_ASEReadCounter.table","NW_015090842.1:6303922",23,31,8
"ARY2","s954_F_LS_02_ASEReadCounter.table","NW_015090842.1:6303954",31,42,11
"ARY2","s954_F_LS_02_ASEReadCounter.table","NW_015090842.1:6303979",32,46,14
"ARY2","s954_F_LS_02_ASEReadCounter.table","NW_015090842.1:6305848",20,30,10
"ARY2","s954_F_LS_02_ASEReadCounter.table","NW_015090842.1:6305856",16,26,10
"ARY2","s954_F_LS_02_ASEReadCounter.table","NW_015090842.1:6305857",16,26,10
"ARY2","s954_F_LS_02_ASEReadCounter.table","NW_015090842.1:6306017",20,34,14
"ARY2","s954_F_LS_02_ASEReadCounter.table","NW_015090842.1:6306052",17,31,14
"ARY2","s954_F_LS_02_ASEReadCounter.table","NW_015090842.1:6306094",20,38,18
"ARY2","s954_F_LS_02_ASEReadCounter.table","NW_015090842.1:6306100",22,38,16
"ARY2","s954_F_LS_02_ASEReadCounter.table","NW_015090842.1:6306146",19,32,13
"ARY2","s954_F_LS_02_ASEReadCounter.table","NW_015090842.1:6306147",18,30,12
"ARY2","s954_F_LS_02_ASEReadCounter.table","NW_015090842.1:6306390",25,35,10
"ARY2","s954_F_LS_02_ASEReadCounter.table","NW_015090842.1:6306567",24,33,9
"ARY2","s954_F_LS_02_ASEReadCounter.table","NW_015090842.1:6306705",21,30,9
"ARY2","s954_F_LS_02_ASEReadCounter.table","NW_015090842.1:6306773",19,25,6
"ARY2","s954_F_LS_02_ASEReadCounter.table","NW_015090842.1:6307039",26,38,12
"ARY2","s954_F_LS_02_ASEReadCounter.table","NW_015090842.1:6307043",26,39,13
"ARY2","s954_F_LS_02_ASEReadCounter.table","NW_015090842.1:6307093",26,36,10
"ARY2","s954_F_LS_02_ASEReadCounter.table","NW_015090842.1:6307138",22,39,17
"ARY2","s954_F_LS_02_ASEReadCounter.table","NW_015090842.1:6307157",24,38,14
"ARY2","s954_F_LS_02_ASEReadCounter.table","NW_015090842.1:6307187",30,43,13
"ARY2","s954_F_LS_02_ASEReadCounter.table","NW_015090842.1:6307204",30,44,14
"ARY2","s954_F_LS_02_ASEReadCounter.table","NW_015090842.1:6307278",37,59,22
"ARY2","s954_F_LS_02_ASEReadCounter.table","NW_015090842.1:6307305",33,51,18
"ARY2","s954_F_LS_02_ASEReadCounter.table","NW_015090842.1:6307318",33,52,19
"ARY2","s954_F_LS_02_ASEReadCounter.table","NW_015090842.1:6307429",36,47,11
"ARY2","s954_F_LS_02_ASEReadCounter.table","NW_015090842.1:6307487",25,34,9
"ARY2","s954_F_LS_02_ASEReadCounter.table","NW_015090842.1:6307670",18,22,4
"ARYL","s954_F_LS_02_ASEReadCounter.table","NW_015090842.1:6313360",1,1,0
"ARYL","s954_F_LS_02_ASEReadCounter.table","NW_015090842.1:6313767",0,3,3
"ARY1","s954_F_LS_02_ASEReadCounter.table","NW_015090842.1:6314296",2,6,4
"ARY1","s954_F_LS_02_ASEReadCounter.table","NW_015090842.1:6314541",10,13,3
"ARY1","s954_F_LS_02_ASEReadCounter.table","NW_015090842.1:6314597",7,10,3
"ARY1","s954_F_LS_02_ASEReadCounter.table","NW_015090842.1:6314750",3,8,5
"ARY1","s954_F_LS_02_ASEReadCounter.table","NW_015090842.1:6314794",3,7,4
"ARY1","s954_F_LS_02_ASEReadCounter.table","NW_015090842.1:6314827",5,6,1
"ARY1","s954_F_LS_02_ASEReadCounter.table","NW_015090842.1:6314859",4,8,4
"ARY1","s954_F_LS_02_ASEReadCounter.table","NW_015090842.1:6314886",7,13,6
"ARY1","s954_F_LS_02_ASEReadCounter.table","NW_015090842.1:6315022",4,13,9
"ARY1","s954_F_LS_02_ASEReadCounter.table","NW_015090842.1:6315026",5,14,9
"ARY1","s954_F_LS_02_ASEReadCounter.table","NW_015090842.1:6315043",5,13,8
"ARY1","s954_F_LS_02_ASEReadCounter.table","NW_015090842.1:6315065",4,10,6
"ARY1","s954_F_LS_02_ASEReadCounter.table","NW_015090842.1:6315409",2,8,6
"ARY1","s954_F_LS_02_ASEReadCounter.table","NW_015090842.1:6315479",10,14,4
"ARY1","s954_F_LS_02_ASEReadCounter.table","NW_015090842.1:6318342",13,16,3
"ARY1","s954_F_LS_02_ASEReadCounter.table","NW_015090842.1:6318427",16,24,8
"ARY1","s954_F_LS_02_ASEReadCounter.table","NW_015090842.1:6318603",13,21,8
"ARY1","s954_F_LS_02_ASEReadCounter.table","NW_015090842.1:6318708",21,27,6
"ARY1","s954_F_LS_02_ASEReadCounter.table","NW_015090842.1:6318858",30,38,8
"ARY1","s954_F_LS_02_ASEReadCounter.table","NW_015090842.1:6318952",12,22,10
"MPHOSPH6","s954_F_LS_02_ASEReadCounter.table","NW_015090842.1:6324063",69,147,78
"MPHOSPH6","s954_F_LS_02_ASEReadCounter.table","NW_015090842.1:6324174",92,218,126
"MPHOSPH6","s954_F_LS_02_ASEReadCounter.table","NW_015090842.1:6324270",167,328,161
"MPHOSPH6","s954_F_LS_02_ASEReadCounter.table","NW_015090842.1:6324762",121,239,118
"MPHOSPH6","s954_F_LS_02_ASEReadCounter.table","NW_015090842.1:6324780",121,229,108
"MPHOSPH6","s954_F_LS_02_ASEReadCounter.table","NW_015090842.1:6324902",116,247,131
"MPHOSPH6","s954_F_LS_02_ASEReadCounter.table","NW_015090842.1:6325066",115,252,137
"MPHOSPH6","s954_F_LS_02_ASEReadCounter.table","NW_015090842.1:6325089",128,279,151
"MPHOSPH6","s954_F_LS_02_ASEReadCounter.table","NW_015090842.1:6325877",100,208,108
"MPHOSPH6","s954_F_LS_02_ASEReadCounter.table","NW_015090842.1:6326976",72,167,95
"CDH13","s954_F_LS_02_ASEReadCounter.table","NW_015090842.1:6662283",12,26,14
"CDH13","s954_F_LS_02_ASEReadCounter.table","NW_015090842.1:6693665",5,16,11
"CDH13","s954_F_LS_02_ASEReadCounter.table","NW_015090842.1:6693697",3,12,9
"CDH13","s954_F_LS_02_ASEReadCounter.table","NW_015090842.1:6693712",5,13,8
"CDH13","s954_F_LS_02_ASEReadCounter.table","NW_015090842.1:6693723",4,12,8
"CDH13","s954_F_LS_02_ASEReadCounter.table","NW_015090842.1:6693738",7,17,10
"CDH13","s954_F_LS_02_ASEReadCounter.table","NW_015090842.1:6823730",12,24,12
"CDH13","s954_F_LS_02_ASEReadCounter.table","NW_015090842.1:6889713",17,25,8
"CDH13","s954_F_LS_02_ASEReadCounter.table","NW_015090842.1:6955167",34,63,29
"MLYCD","s954_F_LS_02_ASEReadCounter.table","NW_015090842.1:7150054",73,139,66
"MLYCD","s954_F_LS_02_ASEReadCounter.table","NW_015090842.1:7150131",118,216,98
"MLYCD","s954_F_LS_02_ASEReadCounter.table","NW_015090842.1:7150585",82,153,71
"MLYCD","s954_F_LS_02_ASEReadCounter.table","NW_015090842.1:7150686",66,120,54
"MLYCD","s954_F_LS_02_ASEReadCounter.table","NW_015090842.1:7150696",76,144,68
"MLYCD","s954_F_LS_02_ASEReadCounter.table","NW_015090842.1:7150869",71,147,76
"MLYCD","s954_F_LS_02_ASEReadCounter.table","NW_015090842.1:7151100",74,126,52
"MLYCD","s954_F_LS_02_ASEReadCounter.table","NW_015090842.1:7151127",70,123,53
"MLYCD","s954_F_LS_02_ASEReadCounter.table","NW_015090842.1:7157538",53,100,47
"MLYCD","s954_F_LS_02_ASEReadCounter.table","NW_015090842.1:7167662",18,38,20
"MLYCD","s954_F_LS_02_ASEReadCounter.table","NW_015090842.1:7167675",18,36,18
"MLYCD","s954_F_LS_02_ASEReadCounter.table","NW_015090842.1:7167710",18,38,20
"MLYCD","s954_F_LS_02_ASEReadCounter.table","NW_015090842.1:7167781",14,36,22
"MLYCD","s954_F_LS_02_ASEReadCounter.table","NW_015090842.1:7167803",10,28,18
"MLYCD","s954_F_LS_02_ASEReadCounter.table","NW_015090842.1:7167812",12,29,17
"MLYCD","s954_F_LS_02_ASEReadCounter.table","NW_015090842.1:7167845",14,26,12
"MLYCD","s954_F_LS_02_ASEReadCounter.table","NW_015090842.1:7167862",13,24,11
"MLYCD","s954_F_LS_02_ASEReadCounter.table","NW_015090842.1:7167929",6,15,9
"MLYCD","s954_F_LS_02_ASEReadCounter.table","NW_015090842.1:7167995",6,13,7
"MLYCD","s954_F_LS_02_ASEReadCounter.table","NW_015090842.1:7168005",7,15,8
"MLYCD","s954_F_LS_02_ASEReadCounter.table","NW_015090842.1:7168037",8,17,9
"HSBP1","s954_F_LS_02_ASEReadCounter.table","NW_015090842.1:7245192",654,1144,490
"HSBP1","s954_F_LS_02_ASEReadCounter.table","NW_015090842.1:7245226",729,1302,573
"HSBP1","s954_F_LS_02_ASEReadCounter.table","NW_015090842.1:7245257",633,1134,501
"HSBP1","s954_F_LS_02_ASEReadCounter.table","NW_015090842.1:7245296",586,1149,563
"HSBP1","s954_F_LS_02_ASEReadCounter.table","NW_015090842.1:7245389",827,1432,605
"HSBP1","s954_F_LS_02_ASEReadCounter.table","NW_015090842.1:7245400",850,1396,546
"HSBP1","s954_F_LS_02_ASEReadCounter.table","NW_015090842.1:7245445",839,1426,587
"HSBP1","s954_F_LS_02_ASEReadCounter.table","NW_015090842.1:7245495",745,1295,550
"HSBP1","s954_F_LS_02_ASEReadCounter.table","NW_015090842.1:7245733",500,974,474
"HSBP1","s954_F_LS_02_ASEReadCounter.table","NW_015090842.1:7245771",601,1044,443
"HSBP1","s954_F_LS_02_ASEReadCounter.table","NW_015090842.1:7245813",569,998,429
"HSBP1","s954_F_LS_02_ASEReadCounter.table","NW_015090842.1:7245926",600,1061,461
"HSBP1","s954_F_LS_02_ASEReadCounter.table","NW_015090842.1:7245927",611,1076,465
"HSBP1","s954_F_LS_02_ASEReadCounter.table","NW_015090842.1:7245933",621,1065,444
"HSBP1","s954_F_LS_02_ASEReadCounter.table","NW_015090842.1:7246002",484,884,400
"HSBP1","s954_F_LS_02_ASEReadCounter.table","NW_015090842.1:7246094",562,963,401
"HSBP1","s954_F_LS_02_ASEReadCounter.table","NW_015090842.1:7246167",574,961,387
"HSBP1","s954_F_LS_02_ASEReadCounter.table","NW_015090842.1:7246183",560,948,388
"HSBP1","s954_F_LS_02_ASEReadCounter.table","NW_015090842.1:7247285",56,77,21
"HSBP1","s954_F_LS_02_ASEReadCounter.table","NW_015090842.1:7247651",535,1091,556
"HSBP1","s954_F_LS_02_ASEReadCounter.table","NW_015090842.1:7247657",542,1096,554
"HSBP1","s954_F_LS_02_ASEReadCounter.table","NW_015090842.1:7248520",423,792,369
"HSBP1","s954_F_LS_02_ASEReadCounter.table","NW_015090842.1:7248535",359,660,301
"KCNG4","s954_F_LS_02_ASEReadCounter.table","NW_015090842.1:7282481",0,1,1
"KCNG4","s954_F_LS_02_ASEReadCounter.table","NW_015090842.1:7282500",0,1,1
"KCNG4","s954_F_LS_02_ASEReadCounter.table","NW_015090842.1:7301227",1,1,0
"KCNG4","s954_F_LS_02_ASEReadCounter.table","NW_015090842.1:7301240",1,1,0
"WFDC1","s954_F_LS_02_ASEReadCounter.table","NW_015090842.1:7366517",1,1,0
"WFDC1","s954_F_LS_02_ASEReadCounter.table","NW_015090842.1:7373367",2,2,0
"WFDC1","s954_F_LS_02_ASEReadCounter.table","NW_015090842.1:7379125",1,2,1
"WFDC1","s954_F_LS_02_ASEReadCounter.table","NW_015090842.1:7379626",1,1,0
"WFDC1","s954_F_LS_02_ASEReadCounter.table","NW_015090842.1:7379631",1,1,0
"WFDC1","s954_F_LS_02_ASEReadCounter.table","NW_015090842.1:7379632",1,1,0
"WFDC1","s954_F_LS_02_ASEReadCounter.table","NW_015090842.1:7379652",1,1,0
"WFDC1","s954_F_LS_02_ASEReadCounter.table","NW_015090842.1:7379669",1,1,0
"WFDC1","s954_F_LS_02_ASEReadCounter.table","NW_015090842.1:7379674",1,1,0
"WFDC1","s954_F_LS_02_ASEReadCounter.table","NW_015090842.1:7379821",1,3,2
"WFDC1","s954_F_LS_02_ASEReadCounter.table","NW_015090842.1:7379840",1,3,2
"WFDC1","s954_F_LS_02_ASEReadCounter.table","NW_015090842.1:7379933",0,1,1
"WFDC1","s954_F_LS_02_ASEReadCounter.table","NW_015090842.1:7379935",0,1,1
"WFDC1","s954_F_LS_02_ASEReadCounter.table","NW_015090842.1:7379983",0,1,1
"WFDC1","s954_F_LS_02_ASEReadCounter.table","NW_015090842.1:7380237",1,3,2
"WFDC1","s954_F_LS_02_ASEReadCounter.table","NW_015090842.1:7380261",1,3,2
"WFDC1","s954_F_LS_02_ASEReadCounter.table","NW_015090842.1:7380322",1,1,0
"WFDC1","s954_F_LS_02_ASEReadCounter.table","NW_015090842.1:7380491",0,1,1
"WFDC1","s954_F_LS_02_ASEReadCounter.table","NW_015090842.1:7380672",1,2,1
"WFDC1","s954_F_LS_02_ASEReadCounter.table","NW_015090842.1:7380721",2,2,0
"WFDC1","s954_F_LS_02_ASEReadCounter.table","NW_015090842.1:7380743",2,2,0
"WFDC1","s954_F_LS_02_ASEReadCounter.table","NW_015090842.1:7380852",4,4,0
"WFDC1","s954_F_LS_02_ASEReadCounter.table","NW_015090842.1:7380878",4,5,1
"WFDC1","s954_F_LS_02_ASEReadCounter.table","NW_015090842.1:7381081",2,5,3
"WFDC1","s954_F_LS_02_ASEReadCounter.table","NW_015090842.1:7381127",1,4,3
"WFDC1","s954_F_LS_02_ASEReadCounter.table","NW_015090842.1:7381195",1,3,2
"WFDC1","s954_F_LS_02_ASEReadCounter.table","NW_015090842.1:7381253",1,2,1
"WFDC1","s954_F_LS_02_ASEReadCounter.table","NW_015090842.1:7381378",2,4,2
"WFDC1","s954_F_LS_02_ASEReadCounter.table","NW_015090842.1:7381433",3,5,2
"WFDC1","s954_F_LS_02_ASEReadCounter.table","NW_015090842.1:7381434",3,5,2
"WFDC1","s954_F_LS_02_ASEReadCounter.table","NW_015090842.1:7381442",3,5,2
"WFDC1","s954_F_LS_02_ASEReadCounter.table","NW_015090842.1:7381517",2,4,2
"WFDC1","s954_F_LS_02_ASEReadCounter.table","NW_015090842.1:7381520",2,4,2
"WFDC1","s954_F_LS_02_ASEReadCounter.table","NW_015090842.1:7381677",2,3,1
"ATP2C2","s954_F_LS_02_ASEReadCounter.table","NW_015090842.1:7392613",1,1,0
"ATP2C2","s954_F_LS_02_ASEReadCounter.table","NW_015090842.1:7395230",1,2,1
"ATP2C2","s954_F_LS_02_ASEReadCounter.table","NW_015090842.1:7395366",1,2,1
"ATP2C2","s954_F_LS_02_ASEReadCounter.table","NW_015090842.1:7396756",1,3,2
"ATP2C2","s954_F_LS_02_ASEReadCounter.table","NW_015090842.1:7397049",0,1,1
"ATP2C2","s954_F_LS_02_ASEReadCounter.table","NW_015090842.1:7399774",0,1,1
"ATP2C2","s954_F_LS_02_ASEReadCounter.table","NW_015090842.1:7402578",1,1,0
"ATP2C2","s954_F_LS_02_ASEReadCounter.table","NW_015090842.1:7405621",0,2,2
"ATP2C2","s954_F_LS_02_ASEReadCounter.table","NW_015090842.1:7413855",17,23,6
"ATP2C2","s954_F_LS_02_ASEReadCounter.table","NW_015090842.1:7413869",2,8,6
"ATP2C2","s954_F_LS_02_ASEReadCounter.table","NW_015090842.1:7413875",4,10,6
"TLDC1","s954_F_LS_02_ASEReadCounter.table","NW_015090842.1:7421137",38,76,38
"TLDC1","s954_F_LS_02_ASEReadCounter.table","NW_015090842.1:7421155",34,71,37
"TLDC1","s954_F_LS_02_ASEReadCounter.table","NW_015090842.1:7421218",33,70,37
"TLDC1","s954_F_LS_02_ASEReadCounter.table","NW_015090842.1:7421399",23,46,23
"TLDC1","s954_F_LS_02_ASEReadCounter.table","NW_015090842.1:7421402",24,48,24
"TLDC1","s954_F_LS_02_ASEReadCounter.table","NW_015090842.1:7421528",21,43,22
"TLDC1","s954_F_LS_02_ASEReadCounter.table","NW_015090842.1:7421532",21,44,23
"TLDC1","s954_F_LS_02_ASEReadCounter.table","NW_015090842.1:7421621",25,47,22
"TLDC1","s954_F_LS_02_ASEReadCounter.table","NW_015090842.1:7421647",19,36,17
"TLDC1","s954_F_LS_02_ASEReadCounter.table","NW_015090842.1:7421657",18,30,12
"TLDC1","s954_F_LS_02_ASEReadCounter.table","NW_015090842.1:7421693",19,30,11
"TLDC1","s954_F_LS_02_ASEReadCounter.table","NW_015090842.1:7421796",18,35,17
"TLDC1","s954_F_LS_02_ASEReadCounter.table","NW_015090842.1:7421810",18,34,16
"TLDC1","s954_F_LS_02_ASEReadCounter.table","NW_015090842.1:7421833",20,36,16
"TLDC1","s954_F_LS_02_ASEReadCounter.table","NW_015090842.1:7421879",16,31,15
"TLDC1","s954_F_LS_02_ASEReadCounter.table","NW_015090842.1:7421914",14,28,14
"TLDC1","s954_F_LS_02_ASEReadCounter.table","NW_015090842.1:7421969",11,21,10
"TLDC1","s954_F_LS_02_ASEReadCounter.table","NW_015090842.1:7422015",8,24,16
"TLDC1","s954_F_LS_02_ASEReadCounter.table","NW_015090842.1:7422042",17,35,18
"TLDC1","s954_F_LS_02_ASEReadCounter.table","NW_015090842.1:7422230",21,52,31
"TLDC1","s954_F_LS_02_ASEReadCounter.table","NW_015090842.1:7423349",26,54,28
"TLDC1","s954_F_LS_02_ASEReadCounter.table","NW_015090842.1:7423362",22,53,31
"TLDC1","s954_F_LS_02_ASEReadCounter.table","NW_015090842.1:7426091",15,31,16
"TLDC1","s954_F_LS_02_ASEReadCounter.table","NW_015090842.1:7426485",13,27,14
"TLDC1","s954_F_LS_02_ASEReadCounter.table","NW_015090842.1:7427211",15,23,8
"TLDC1","s954_F_LS_02_ASEReadCounter.table","NW_015090842.1:7428179",12,24,12
"COTL1","s954_F_LS_02_ASEReadCounter.table","NW_015090842.1:7490744",1108,2700,1592
"COTL1","s954_F_LS_02_ASEReadCounter.table","NW_015090842.1:7491051",903,2138,1235
"COTL1","s954_F_LS_02_ASEReadCounter.table","NW_015090842.1:7491124",844,1936,1092
"COTL1","s954_F_LS_02_ASEReadCounter.table","NW_015090842.1:7491418",587,1324,737
"COTL1","s954_F_LS_02_ASEReadCounter.table","NW_015090842.1:7491539",418,993,575
"COTL1","s954_F_LS_02_ASEReadCounter.table","NW_015090842.1:7491585",691,1444,753
"COTL1","s954_F_LS_02_ASEReadCounter.table","NW_015090842.1:7491586",684,1508,824
"COTL1","s954_F_LS_02_ASEReadCounter.table","NW_015090842.1:7491646",795,1906,1111
"COTL1","s954_F_LS_02_ASEReadCounter.table","NW_015090842.1:7491747",622,1486,864
"COTL1","s954_F_LS_02_ASEReadCounter.table","NW_015090842.1:7491803",596,1406,810
"COTL1","s954_F_LS_02_ASEReadCounter.table","NW_015090842.1:7506078",2,3,1
"COTL1","s954_F_LS_02_ASEReadCounter.table","NW_015090842.1:7510900",1,1,0
"COTL1","s954_F_LS_02_ASEReadCounter.table","NW_015090842.1:7513196",3,3,0
"COTL1","s954_F_LS_02_ASEReadCounter.table","NW_015090842.1:7513223",3,3,0
"COTL1","s954_F_LS_02_ASEReadCounter.table","NW_015090842.1:7513239",2,3,1
"KLHL36","s954_F_LS_02_ASEReadCounter.table","NW_015090842.1:7514700",39,57,18
"KLHL36","s954_F_LS_02_ASEReadCounter.table","NW_015090842.1:7519691",3,4,1
"KLHL36","s954_F_LS_02_ASEReadCounter.table","NW_015090842.1:7519696",4,5,1
"KLHL36","s954_F_LS_02_ASEReadCounter.table","NW_015090842.1:7526160",28,55,27
"KLHL36","s954_F_LS_02_ASEReadCounter.table","NW_015090842.1:7526469",23,60,37
"KLHL36","s954_F_LS_02_ASEReadCounter.table","NW_015090842.1:7526587",15,44,29
"KLHL36","s954_F_LS_02_ASEReadCounter.table","NW_015090842.1:7526997",33,63,30
"KLHL36","s954_F_LS_02_ASEReadCounter.table","NW_015090842.1:7527142",25,43,18
"KLHL36","s954_F_LS_02_ASEReadCounter.table","NW_015090842.1:7535174",51,111,60
"KLHL36","s954_F_LS_02_ASEReadCounter.table","NW_015090842.1:7535384",43,76,33
"KLHL36","s954_F_LS_02_ASEReadCounter.table","NW_015090842.1:7535420",44,85,41
"KLHL36","s954_F_LS_02_ASEReadCounter.table","NW_015090842.1:7535545",28,62,34
"KLHL36","s954_F_LS_02_ASEReadCounter.table","NW_015090842.1:7535829",42,85,43
"KLHL36","s954_F_LS_02_ASEReadCounter.table","NW_015090842.1:7535977",41,80,39
"KLHL36","s954_F_LS_02_ASEReadCounter.table","NW_015090842.1:7536010",34,71,37
"KLHL36","s954_F_LS_02_ASEReadCounter.table","NW_015090842.1:7536051",52,96,44
"KLHL36","s954_F_LS_02_ASEReadCounter.table","NW_015090842.1:7536096",52,111,59
"KLHL36","s954_F_LS_02_ASEReadCounter.table","NW_015090842.1:7536135",60,125,65
"KLHL36","s954_F_LS_02_ASEReadCounter.table","NW_015090842.1:7536136",61,122,61
"KLHL36","s954_F_LS_02_ASEReadCounter.table","NW_015090842.1:7536160",61,123,62
"KLHL36","s954_F_LS_02_ASEReadCounter.table","NW_015090842.1:7536336",57,105,48
"KLHL36","s954_F_LS_02_ASEReadCounter.table","NW_015090842.1:7536352",54,107,53
"KLHL36","s954_F_LS_02_ASEReadCounter.table","NW_015090842.1:7536412",34,88,54
"KLHL36","s954_F_LS_02_ASEReadCounter.table","NW_015090842.1:7536418",30,88,58
"KLHL36","s954_F_LS_02_ASEReadCounter.table","NW_015090842.1:7536465",39,83,44
"KLHL36","s954_F_LS_02_ASEReadCounter.table","NW_015090842.1:7536466",40,84,44
"KLHL36","s954_F_LS_02_ASEReadCounter.table","NW_015090842.1:7536553",78,128,50
"KLHL36","s954_F_LS_02_ASEReadCounter.table","NW_015090842.1:7536698",50,117,67
"KLHL36","s954_F_LS_02_ASEReadCounter.table","NW_015090842.1:7536713",25,107,82
"KLHL36","s954_F_LS_02_ASEReadCounter.table","NW_015090842.1:7536720",39,96,57
"KLHL36","s954_F_LS_02_ASEReadCounter.table","NW_015090842.1:7536791",44,113,69
"KLHL36","s954_F_LS_02_ASEReadCounter.table","NW_015090842.1:7536849",52,115,63
"KLHL36","s954_F_LS_02_ASEReadCounter.table","NW_015090842.1:7536872",56,118,62
"KLHL36","s954_F_LS_02_ASEReadCounter.table","NW_015090842.1:7536878",65,120,55
"KLHL36","s954_F_LS_02_ASEReadCounter.table","NW_015090842.1:7536916",64,110,46
"KLHL36","s954_F_LS_02_ASEReadCounter.table","NW_015090842.1:7536927",61,134,73
"KLHL36","s954_F_LS_02_ASEReadCounter.table","NW_015090842.1:7537315",88,180,92
"KLHL36","s954_F_LS_02_ASEReadCounter.table","NW_015090842.1:7537352",77,167,90
"KLHL36","s954_F_LS_02_ASEReadCounter.table","NW_015090842.1:7537631",101,188,87
"KLHL36","s954_F_LS_02_ASEReadCounter.table","NW_015090842.1:7537830",143,259,116
"KLHL36","s954_F_LS_02_ASEReadCounter.table","NW_015090842.1:7537838",132,253,121
"KLHL36","s954_F_LS_02_ASEReadCounter.table","NW_015090842.1:7538153",87,169,82
"KLHL36","s954_F_LS_02_ASEReadCounter.table","NW_015090842.1:7538256",56,138,82
"KLHL36","s954_F_LS_02_ASEReadCounter.table","NW_015090842.1:7538265",54,128,74
"KLHL36","s954_F_LS_02_ASEReadCounter.table","NW_015090842.1:7538300",59,132,73
"USP10","s954_F_LS_02_ASEReadCounter.table","NW_015090842.1:7563972",9,16,7
"USP10","s954_F_LS_02_ASEReadCounter.table","NW_015090842.1:7571816",19,45,26
"USP10","s954_F_LS_02_ASEReadCounter.table","NW_015090842.1:7571993",22,46,24
"USP10","s954_F_LS_02_ASEReadCounter.table","NW_015090842.1:7572580",29,59,30
"USP10","s954_F_LS_02_ASEReadCounter.table","NW_015090842.1:7587372",91,197,106
"CRISPLD2","s954_F_LS_02_ASEReadCounter.table","NW_015090842.1:7604605",1,1,0
"CRISPLD2","s954_F_LS_02_ASEReadCounter.table","NW_015090842.1:7609883",1,1,0
"CRISPLD2","s954_F_LS_02_ASEReadCounter.table","NW_015090842.1:7610084",1,2,1
"CRISPLD2","s954_F_LS_02_ASEReadCounter.table","NW_015090842.1:7617757",1,1,0
"CRISPLD2","s954_F_LS_02_ASEReadCounter.table","NW_015090842.1:7617781",1,1,0
"CRISPLD2","s954_F_LS_02_ASEReadCounter.table","NW_015090842.1:7621452",0,1,1
"CRISPLD2","s954_F_LS_02_ASEReadCounter.table","NW_015090842.1:7625451",2,3,1
"CRISPLD2","s954_F_LS_02_ASEReadCounter.table","NW_015090842.1:7626214",1,1,0
"CRISPLD2","s954_F_LS_02_ASEReadCounter.table","NW_015090842.1:7630784",1,1,0
"CRISPLD2","s954_F_LS_02_ASEReadCounter.table","NW_015090842.1:7630823",3,3,0
"CRISPLD2","s954_F_LS_02_ASEReadCounter.table","NW_015090842.1:7633172",1,1,0
"CRISPLD2","s954_F_LS_02_ASEReadCounter.table","NW_015090842.1:7633326",3,3,0
"CRISPLD2","s954_F_LS_02_ASEReadCounter.table","NW_015090842.1:7633336",2,2,0
"CRISPLD2","s954_F_LS_02_ASEReadCounter.table","NW_015090842.1:7633381",1,1,0
"CRISPLD2","s954_F_LS_02_ASEReadCounter.table","NW_015090842.1:7633388",2,2,0
"CRISPLD2","s954_F_LS_02_ASEReadCounter.table","NW_015090842.1:7633400",2,2,0
"CRISPLD2","s954_F_LS_02_ASEReadCounter.table","NW_015090842.1:7633486",1,1,0
"CRISPLD2","s954_F_LS_02_ASEReadCounter.table","NW_015090842.1:7633503",3,3,0
"CRISPLD2","s954_F_LS_02_ASEReadCounter.table","NW_015090842.1:7633504",3,3,0
"CRISPLD2","s954_F_LS_02_ASEReadCounter.table","NW_015090842.1:7633557",2,2,0
"CRISPLD2","s954_F_LS_02_ASEReadCounter.table","NW_015090842.1:7633571",1,1,0
"CRISPLD2","s954_F_LS_02_ASEReadCounter.table","NW_015090842.1:7633588",2,2,0
"CRISPLD2","s954_F_LS_02_ASEReadCounter.table","NW_015090842.1:7633617",2,2,0
"CRISPLD2","s954_F_LS_02_ASEReadCounter.table","NW_015090842.1:7633695",6,6,0
"CRISPLD2","s954_F_LS_02_ASEReadCounter.table","NW_015090842.1:7633721",8,8,0
"CRISPLD2","s954_F_LS_02_ASEReadCounter.table","NW_015090842.1:7633888",0,1,1
"CRISPLD2","s954_F_LS_02_ASEReadCounter.table","NW_015090842.1:7633910",1,2,1
"CRISPLD2","s954_F_LS_02_ASEReadCounter.table","NW_015090842.1:7634142",5,6,1
"CRISPLD2","s954_F_LS_02_ASEReadCounter.table","NW_015090842.1:7634417",2,2,0
"CRISPLD2","s954_F_LS_02_ASEReadCounter.table","NW_015090842.1:7634825",2,2,0
"CRISPLD2","s954_F_LS_02_ASEReadCounter.table","NW_015090842.1:7634852",3,3,0
"CRISPLD2","s954_F_LS_02_ASEReadCounter.table","NW_015090842.1:7635009",2,4,2
"CRISPLD2","s954_F_LS_02_ASEReadCounter.table","NW_015090842.1:7635208",4,5,1
"CRISPLD2","s954_F_LS_02_ASEReadCounter.table","NW_015090842.1:7635373",4,6,2
"CRISPLD2","s954_F_LS_02_ASEReadCounter.table","NW_015090842.1:7635525",2,2,0
"CRISPLD2","s954_F_LS_02_ASEReadCounter.table","NW_015090842.1:7635583",4,5,1
"CRISPLD2","s954_F_LS_02_ASEReadCounter.table","NW_015090842.1:7635924",4,6,2
"LOC106888312","s954_F_LS_02_ASEReadCounter.table","NW_015090842.1:7727072",1,1,0
"LOC106888312","s954_F_LS_02_ASEReadCounter.table","NW_015090842.1:7732538",1,1,0
"LOC106888312","s954_F_LS_02_ASEReadCounter.table","NW_015090842.1:7732548",1,1,0
"LOC106888312","s954_F_LS_02_ASEReadCounter.table","NW_015090842.1:7732576",1,2,1
"LOC106888312","s954_F_LS_02_ASEReadCounter.table","NW_015090842.1:7732580",1,2,1
"LOC106888312","s954_F_LS_02_ASEReadCounter.table","NW_015090842.1:7732629",0,1,1
"LOC106888312","s954_F_LS_02_ASEReadCounter.table","NW_015090842.1:7732630",0,1,1
"LOC106888312","s954_F_LS_02_ASEReadCounter.table","NW_015090842.1:7732637",0,1,1
"LOC106888312","s954_F_LS_02_ASEReadCounter.table","NW_015090842.1:7732739",0,1,1
"LOC106888312","s954_F_LS_02_ASEReadCounter.table","NW_015090842.1:7732743",0,1,1
"LOC106888312","s954_F_LS_02_ASEReadCounter.table","NW_015090842.1:7732744",0,1,1
"LOC106888312","s954_F_LS_02_ASEReadCounter.table","NW_015090842.1:7732756",0,1,1
"LOC106888312","s954_F_LS_02_ASEReadCounter.table","NW_015090842.1:7732757",0,1,1
"LOC106888312","s954_F_LS_02_ASEReadCounter.table","NW_015090842.1:7732782",0,1,1
"LOC106888312","s954_F_LS_02_ASEReadCounter.table","NW_015090842.1:7732796",0,1,1
"LOC106888312","s954_F_LS_02_ASEReadCounter.table","NW_015090842.1:7733096",1,1,0
"LOC106888312","s954_F_LS_02_ASEReadCounter.table","NW_015090842.1:7733142",1,1,0
"LOC106888312","s954_F_LS_02_ASEReadCounter.table","NW_015090842.1:7733299",2,2,0
"ZDHHC7","s954_F_LS_02_ASEReadCounter.table","NW_015090842.1:7737199",36,74,38
"ZDHHC7","s954_F_LS_02_ASEReadCounter.table","NW_015090842.1:7737332",28,72,44
"ZDHHC7","s954_F_LS_02_ASEReadCounter.table","NW_015090842.1:7737553",26,75,49
"ZDHHC7","s954_F_LS_02_ASEReadCounter.table","NW_015090842.1:7737920",29,57,28
"ZDHHC7","s954_F_LS_02_ASEReadCounter.table","NW_015090842.1:7737953",24,51,27
"ZDHHC7","s954_F_LS_02_ASEReadCounter.table","NW_015090842.1:7737987",22,52,30
"ZDHHC7","s954_F_LS_02_ASEReadCounter.table","NW_015090842.1:7738068",22,51,29
"ZDHHC7","s954_F_LS_02_ASEReadCounter.table","NW_015090842.1:7738204",19,50,31
"LOC106888097","s954_F_LS_02_ASEReadCounter.table","NW_015090842.1:7767178",2,8,6
"LOC106888097","s954_F_LS_02_ASEReadCounter.table","NW_015090842.1:7767187",1,8,7
"LOC106888097","s954_F_LS_02_ASEReadCounter.table","NW_015090842.1:7768144",2,15,13
"LOC106888097","s954_F_LS_02_ASEReadCounter.table","NW_015090842.1:7768196",3,12,9
"LOC106888097","s954_F_LS_02_ASEReadCounter.table","NW_015090842.1:7769884",10,18,8
"LOC106888097","s954_F_LS_02_ASEReadCounter.table","NW_015090842.1:7769893",10,18,8
"LOC106888097","s954_F_LS_02_ASEReadCounter.table","NW_015090842.1:7770245",11,22,11
"LOC106888097","s954_F_LS_02_ASEReadCounter.table","NW_015090842.1:7772402",10,17,7
"LOC106888097","s954_F_LS_02_ASEReadCounter.table","NW_015090842.1:7772483",19,36,17
"LOC106888097","s954_F_LS_02_ASEReadCounter.table","NW_015090842.1:7772490",17,32,15
"LOC106888097","s954_F_LS_02_ASEReadCounter.table","NW_015090842.1:7774281",21,44,23
"LOC106888097","s954_F_LS_02_ASEReadCounter.table","NW_015090842.1:7774552",19,50,31
"LOC106888097","s954_F_LS_02_ASEReadCounter.table","NW_015090842.1:7774564",22,53,31
"LOC106888097","s954_F_LS_02_ASEReadCounter.table","NW_015090842.1:7774611",12,40,28
"LOC106888097","s954_F_LS_02_ASEReadCounter.table","NW_015090842.1:7774681",12,44,32
"LOC106888097","s954_F_LS_02_ASEReadCounter.table","NW_015090842.1:7774698",8,38,30
"LOC106888097","s954_F_LS_02_ASEReadCounter.table","NW_015090842.1:7774730",6,23,17
"LOC106888097","s954_F_LS_02_ASEReadCounter.table","NW_015090842.1:7774778",1,3,2
"LOC106888097","s954_F_LS_02_ASEReadCounter.table","NW_015090842.1:7774793",1,3,2
"FOXL1","s954_F_LS_02_ASEReadCounter.table","NW_015090842.1:8113043",1,1,0
"FOXC2","s954_F_LS_02_ASEReadCounter.table","NW_015090842.1:8129599",0,2,2
"FOXC2","s954_F_LS_02_ASEReadCounter.table","NW_015090842.1:8129616",0,2,2
"FOXC2","s954_F_LS_02_ASEReadCounter.table","NW_015090842.1:8129715",1,4,3
"FOXC2","s954_F_LS_02_ASEReadCounter.table","NW_015090842.1:8129719",1,5,4
"FOXC2","s954_F_LS_02_ASEReadCounter.table","NW_015090842.1:8130244",2,4,2
"FOXC2","s954_F_LS_02_ASEReadCounter.table","NW_015090842.1:8130472",0,1,1
"FOXC2","s954_F_LS_02_ASEReadCounter.table","NW_015090842.1:8130490",0,1,1
"FOXC2","s954_F_LS_02_ASEReadCounter.table","NW_015090842.1:8130547",0,1,1
"FOXC2","s954_F_LS_02_ASEReadCounter.table","NW_015090842.1:8130550",0,1,1
"FOXC2","s954_F_LS_02_ASEReadCounter.table","NW_015090842.1:8130573",0,2,2
"FOXC2","s954_F_LS_02_ASEReadCounter.table","NW_015090842.1:8130575",0,1,1
"MTHFSD","s954_F_LS_02_ASEReadCounter.table","NW_015090842.1:8140051",9,26,17
"MTHFSD","s954_F_LS_02_ASEReadCounter.table","NW_015090842.1:8142923",23,55,32
"MTHFSD","s954_F_LS_02_ASEReadCounter.table","NW_015090842.1:8143029",33,67,34
"MTHFSD","s954_F_LS_02_ASEReadCounter.table","NW_015090842.1:8152035",22,51,29
"MTHFSD","s954_F_LS_02_ASEReadCounter.table","NW_015090842.1:8152315",14,34,20
"MTHFSD","s954_F_LS_02_ASEReadCounter.table","NW_015090842.1:8152511",23,42,19
"MTHFSD","s954_F_LS_02_ASEReadCounter.table","NW_015090842.1:8152518",24,42,18
"MTHFSD","s954_F_LS_02_ASEReadCounter.table","NW_015090842.1:8152553",16,28,12
"MTHFSD","s954_F_LS_02_ASEReadCounter.table","NW_015090842.1:8152773",16,32,16
"MTHFSD","s954_F_LS_02_ASEReadCounter.table","NW_015090842.1:8152805",13,30,17
"FOXF1","s954_F_LS_02_ASEReadCounter.table","NW_015090842.1:8167588",0,1,1
"IRF8","s954_F_LS_02_ASEReadCounter.table","NW_015090842.1:8406652",6,13,7
"IRF8","s954_F_LS_02_ASEReadCounter.table","NW_015090842.1:8406703",7,15,8
"IRF8","s954_F_LS_02_ASEReadCounter.table","NW_015090842.1:8406704",8,16,8
"IRF8","s954_F_LS_02_ASEReadCounter.table","NW_015090842.1:8406757",15,24,9
"IRF8","s954_F_LS_02_ASEReadCounter.table","NW_015090842.1:8406778",13,22,9
"IRF8","s954_F_LS_02_ASEReadCounter.table","NW_015090842.1:8406819",10,18,8
"IRF8","s954_F_LS_02_ASEReadCounter.table","NW_015090842.1:8406941",7,15,8
"IRF8","s954_F_LS_02_ASEReadCounter.table","NW_015090842.1:8407008",7,18,11
"IRF8","s954_F_LS_02_ASEReadCounter.table","NW_015090842.1:8407057",5,13,8
"IRF8","s954_F_LS_02_ASEReadCounter.table","NW_015090842.1:8407064",5,13,8
"IRF8","s954_F_LS_02_ASEReadCounter.table","NW_015090842.1:8407069",5,11,6
"IRF8","s954_F_LS_02_ASEReadCounter.table","NW_015090842.1:8407120",4,10,6
"IRF8","s954_F_LS_02_ASEReadCounter.table","NW_015090842.1:8407157",3,6,3
"IRF8","s954_F_LS_02_ASEReadCounter.table","NW_015090842.1:8407203",4,8,4
"IRF8","s954_F_LS_02_ASEReadCounter.table","NW_015090842.1:8407272",6,11,5
"IRF8","s954_F_LS_02_ASEReadCounter.table","NW_015090842.1:8407276",6,10,4
"IRF8","s954_F_LS_02_ASEReadCounter.table","NW_015090842.1:8407303",8,14,6
"IRF8","s954_F_LS_02_ASEReadCounter.table","NW_015090842.1:8407451",7,12,5
"IRF8","s954_F_LS_02_ASEReadCounter.table","NW_015090842.1:8407456",7,12,5
"IRF8","s954_F_LS_02_ASEReadCounter.table","NW_015090842.1:8408564",5,13,8
"IRF8","s954_F_LS_02_ASEReadCounter.table","NW_015090842.1:8408585",8,8,0
"IRF8","s954_F_LS_02_ASEReadCounter.table","NW_015090842.1:8408973",4,7,3
"IRF8","s954_F_LS_02_ASEReadCounter.table","NW_015090842.1:8409060",4,8,4
"IRF8","s954_F_LS_02_ASEReadCounter.table","NW_015090842.1:8409065",6,10,4
"IRF8","s954_F_LS_02_ASEReadCounter.table","NW_015090842.1:8409254",2,8,6
"IRF8","s954_F_LS_02_ASEReadCounter.table","NW_015090842.1:8409255",2,8,6
"IRF8","s954_F_LS_02_ASEReadCounter.table","NW_015090842.1:8409258",2,8,6
"IRF8","s954_F_LS_02_ASEReadCounter.table","NW_015090842.1:8409312",1,6,5
"IRF8","s954_F_LS_02_ASEReadCounter.table","NW_015090842.1:8410216",2,7,5
"IRF8","s954_F_LS_02_ASEReadCounter.table","NW_015090842.1:8410237",3,8,5
"IRF8","s954_F_LS_02_ASEReadCounter.table","NW_015090842.1:8410276",10,10,0
"IRF8","s954_F_LS_02_ASEReadCounter.table","NW_015090842.1:8410813",5,9,4
"IRF8","s954_F_LS_02_ASEReadCounter.table","NW_015090842.1:8410861",3,12,9
"IRF8","s954_F_LS_02_ASEReadCounter.table","NW_015090842.1:8411940",3,8,5
"IRF8","s954_F_LS_02_ASEReadCounter.table","NW_015090842.1:8412006",1,3,2
"IRF8","s954_F_LS_02_ASEReadCounter.table","NW_015090842.1:8412042",2,5,3
"DUSP15","s954_F_LS_02_ASEReadCounter.table","NW_015090842.1:8422898",1,1,0
"DUSP15","s954_F_LS_02_ASEReadCounter.table","NW_015090842.1:8422909",1,1,0
"COX4I1","s954_F_LS_02_ASEReadCounter.table","NW_015090842.1:8442258",1443,2694,1251
"COX4I1","s954_F_LS_02_ASEReadCounter.table","NW_015090842.1:8442333",1162,2160,998
"EMC8","s954_F_LS_02_ASEReadCounter.table","NW_015090842.1:8444046",53,133,80
"EMC8","s954_F_LS_02_ASEReadCounter.table","NW_015090842.1:8444064",44,102,58
"EMC8","s954_F_LS_02_ASEReadCounter.table","NW_015090842.1:8452029",40,101,61
"EMC8","s954_F_LS_02_ASEReadCounter.table","NW_015090842.1:8452116",45,116,71
"EMC8","s954_F_LS_02_ASEReadCounter.table","NW_015090842.1:8452121",45,117,72
"EMC8","s954_F_LS_02_ASEReadCounter.table","NW_015090842.1:8452222",41,91,50
"EMC8","s954_F_LS_02_ASEReadCounter.table","NW_015090842.1:8452244",41,96,55
"EMC8","s954_F_LS_02_ASEReadCounter.table","NW_015090842.1:8452477",18,38,20
"EMC8","s954_F_LS_02_ASEReadCounter.table","NW_015090842.1:8452498",20,41,21
"EMC8","s954_F_LS_02_ASEReadCounter.table","NW_015090842.1:8452535",9,23,14
"EMC8","s954_F_LS_02_ASEReadCounter.table","NW_015090842.1:8452575",8,20,12
"EMC8","s954_F_LS_02_ASEReadCounter.table","NW_015090842.1:8452600",12,25,13
"EMC8","s954_F_LS_02_ASEReadCounter.table","NW_015090842.1:8452616",11,22,11
"EMC8","s954_F_LS_02_ASEReadCounter.table","NW_015090842.1:8452630",9,15,6
"EMC8","s954_F_LS_02_ASEReadCounter.table","NW_015090842.1:8452650",9,17,8
"EMC8","s954_F_LS_02_ASEReadCounter.table","NW_015090842.1:8452678",19,33,14
"EMC8","s954_F_LS_02_ASEReadCounter.table","NW_015090842.1:8452724",13,27,14
"EMC8","s954_F_LS_02_ASEReadCounter.table","NW_015090842.1:8452731",12,26,14
"EMC8","s954_F_LS_02_ASEReadCounter.table","NW_015090842.1:8452743",10,27,17
"EMC8","s954_F_LS_02_ASEReadCounter.table","NW_015090842.1:8452750",6,23,17
"EMC8","s954_F_LS_02_ASEReadCounter.table","NW_015090842.1:8452778",10,26,16
"EMC8","s954_F_LS_02_ASEReadCounter.table","NW_015090842.1:8452783",12,31,19
"EMC8","s954_F_LS_02_ASEReadCounter.table","NW_015090842.1:8452800",18,38,20
"EMC8","s954_F_LS_02_ASEReadCounter.table","NW_015090842.1:8452804",19,39,20
"EMC8","s954_F_LS_02_ASEReadCounter.table","NW_015090842.1:8452812",17,36,19
"EMC8","s954_F_LS_02_ASEReadCounter.table","NW_015090842.1:8452858",15,40,25
"EMC8","s954_F_LS_02_ASEReadCounter.table","NW_015090842.1:8452906",34,58,24
"EMC8","s954_F_LS_02_ASEReadCounter.table","NW_015090842.1:8452913",33,56,23
"EMC8","s954_F_LS_02_ASEReadCounter.table","NW_015090842.1:8453000",31,62,31
"EMC8","s954_F_LS_02_ASEReadCounter.table","NW_015090842.1:8453007",32,66,34
"EMC8","s954_F_LS_02_ASEReadCounter.table","NW_015090842.1:8453058",26,55,29
"EMC8","s954_F_LS_02_ASEReadCounter.table","NW_015090842.1:8453106",17,43,26
"GINS2","s954_F_LS_02_ASEReadCounter.table","NW_015090842.1:8466420",13,13,0
"GINS2","s954_F_LS_02_ASEReadCounter.table","NW_015090842.1:8466424",14,14,0
"GINS2","s954_F_LS_02_ASEReadCounter.table","NW_015090842.1:8466518",13,13,0
"GINS2","s954_F_LS_02_ASEReadCounter.table","NW_015090842.1:8468482",27,31,4
"GINS2","s954_F_LS_02_ASEReadCounter.table","NW_015090842.1:8470290",29,33,4
"GINS2","s954_F_LS_02_ASEReadCounter.table","NW_015090842.1:8470305",26,30,4
"GINS2","s954_F_LS_02_ASEReadCounter.table","NW_015090842.1:8470381",28,30,2
"GINS2","s954_F_LS_02_ASEReadCounter.table","NW_015090842.1:8470418",20,23,3
"GINS2","s954_F_LS_02_ASEReadCounter.table","NW_015090842.1:8470421",18,21,3
"GINS2","s954_F_LS_02_ASEReadCounter.table","NW_015090842.1:8470430",16,21,5
"GINS2","s954_F_LS_02_ASEReadCounter.table","NW_015090842.1:8470433",13,18,5
"GINS2","s954_F_LS_02_ASEReadCounter.table","NW_015090842.1:8470457",7,11,4
"GINS2","s954_F_LS_02_ASEReadCounter.table","NW_015090842.1:8470491",17,23,6
"GINS2","s954_F_LS_02_ASEReadCounter.table","NW_015090842.1:8470548",19,24,5
"GINS2","s954_F_LS_02_ASEReadCounter.table","NW_015090842.1:8470649",21,24,3
"GSE1","s954_F_LS_02_ASEReadCounter.table","NW_015090842.1:8475362",65,122,57
"GSE1","s954_F_LS_02_ASEReadCounter.table","NW_015090842.1:8475961",42,52,10
"GSE1","s954_F_LS_02_ASEReadCounter.table","NW_015090842.1:8476027",30,51,21
"GSE1","s954_F_LS_02_ASEReadCounter.table","NW_015090842.1:8476159",9,15,6
"GSE1","s954_F_LS_02_ASEReadCounter.table","NW_015090842.1:8477442",0,23,23
"GSE1","s954_F_LS_02_ASEReadCounter.table","NW_015090842.1:8477448",0,20,20
"GSE1","s954_F_LS_02_ASEReadCounter.table","NW_015090842.1:8477662",1,13,12
"GSE1","s954_F_LS_02_ASEReadCounter.table","NW_015090842.1:8477933",25,41,16
"GSE1","s954_F_LS_02_ASEReadCounter.table","NW_015090842.1:8477945",21,39,18
"GSE1","s954_F_LS_02_ASEReadCounter.table","NW_015090842.1:8483272",3,23,20
"GSE1","s954_F_LS_02_ASEReadCounter.table","NW_015090842.1:8483367",1,5,4
"GSE1","s954_F_LS_02_ASEReadCounter.table","NW_015090842.1:8483411",0,4,4
"GSE1","s954_F_LS_02_ASEReadCounter.table","NW_015090842.1:8483756",4,17,13
"GSE1","s954_F_LS_02_ASEReadCounter.table","NW_015090842.1:8486867",26,44,18
"GSE1","s954_F_LS_02_ASEReadCounter.table","NW_015090842.1:8486939",30,49,19
"GSE1","s954_F_LS_02_ASEReadCounter.table","NW_015090842.1:8486945",33,56,23
"GSE1","s954_F_LS_02_ASEReadCounter.table","NW_015090842.1:8486993",30,42,12
"GSE1","s954_F_LS_02_ASEReadCounter.table","NW_015090842.1:8487062",26,42,16
"GSE1","s954_F_LS_02_ASEReadCounter.table","NW_015090842.1:8488065",27,40,13
"GSE1","s954_F_LS_02_ASEReadCounter.table","NW_015090842.1:8488457",18,30,12
"GSE1","s954_F_LS_02_ASEReadCounter.table","NW_015090842.1:8488463",17,30,13
"GSE1","s954_F_LS_02_ASEReadCounter.table","NW_015090842.1:8488490",26,26,0
"GSE1","s954_F_LS_02_ASEReadCounter.table","NW_015090842.1:8488505",12,26,14
"GSE1","s954_F_LS_02_ASEReadCounter.table","NW_015090842.1:8490180",0,24,24
"KIAA0513","s954_F_LS_02_ASEReadCounter.table","NW_015090842.1:8668363",71,167,96
"KIAA0513","s954_F_LS_02_ASEReadCounter.table","NW_015090842.1:8668387",86,176,90
"KIAA0513","s954_F_LS_02_ASEReadCounter.table","NW_015090842.1:8668390",88,183,95
"KIAA0513","s954_F_LS_02_ASEReadCounter.table","NW_015090842.1:8673107",65,164,99
"KIAA0513","s954_F_LS_02_ASEReadCounter.table","NW_015090842.1:8673147",71,167,96
"KIAA0513","s954_F_LS_02_ASEReadCounter.table","NW_015090842.1:8674661",45,112,67
"KIAA0513","s954_F_LS_02_ASEReadCounter.table","NW_015090842.1:8674685",53,118,65
"KIAA0513","s954_F_LS_02_ASEReadCounter.table","NW_015090842.1:8674730",49,115,66
"KIAA0513","s954_F_LS_02_ASEReadCounter.table","NW_015090842.1:8675525",45,116,71
"KIAA0513","s954_F_LS_02_ASEReadCounter.table","NW_015090842.1:8675561",40,113,73
"KIAA0513","s954_F_LS_02_ASEReadCounter.table","NW_015090842.1:8678608",0,19,19
"KIAA0513","s954_F_LS_02_ASEReadCounter.table","NW_015090842.1:8686455",0,11,11
"KIAA0513","s954_F_LS_02_ASEReadCounter.table","NW_015090842.1:8686508",0,21,21
"KIAA0513","s954_F_LS_02_ASEReadCounter.table","NW_015090842.1:8686521",0,21,21
"KIAA0513","s954_F_LS_02_ASEReadCounter.table","NW_015090842.1:8693642",3,8,5
"KIAA0513","s954_F_LS_02_ASEReadCounter.table","NW_015090842.1:8693712",1,4,3
"FBXO31","s954_F_LS_02_ASEReadCounter.table","NW_015090842.1:8710240",26,58,32
"FBXO31","s954_F_LS_02_ASEReadCounter.table","NW_015090842.1:8710372",23,43,20
"FBXO31","s954_F_LS_02_ASEReadCounter.table","NW_015090842.1:8711239",32,59,27
"FBXO31","s954_F_LS_02_ASEReadCounter.table","NW_015090842.1:8714565",25,55,30
"FBXO31","s954_F_LS_02_ASEReadCounter.table","NW_015090842.1:8716001",17,35,18
"FBXO31","s954_F_LS_02_ASEReadCounter.table","NW_015090842.1:8725050",0,1,1
"ZCCHC14","s954_F_LS_02_ASEReadCounter.table","NW_015090842.1:8750174",38,62,24
"ZCCHC14","s954_F_LS_02_ASEReadCounter.table","NW_015090842.1:8750189",52,67,15
"ZCCHC14","s954_F_LS_02_ASEReadCounter.table","NW_015090842.1:8750365",39,68,29
"ZCCHC14","s954_F_LS_02_ASEReadCounter.table","NW_015090842.1:8750433",43,70,27
"ZCCHC14","s954_F_LS_02_ASEReadCounter.table","NW_015090842.1:8750449",39,65,26
"ZCCHC14","s954_F_LS_02_ASEReadCounter.table","NW_015090842.1:8750456",36,61,25
"ZCCHC14","s954_F_LS_02_ASEReadCounter.table","NW_015090842.1:8750497",52,85,33
"ZCCHC14","s954_F_LS_02_ASEReadCounter.table","NW_015090842.1:8750547",38,73,35
"ZCCHC14","s954_F_LS_02_ASEReadCounter.table","NW_015090842.1:8751100",9,18,9
"ZCCHC14","s954_F_LS_02_ASEReadCounter.table","NW_015090842.1:8751374",19,40,21
"ZCCHC14","s954_F_LS_02_ASEReadCounter.table","NW_015090842.1:8751403",24,45,21
"ZCCHC14","s954_F_LS_02_ASEReadCounter.table","NW_015090842.1:8751517",25,45,20
"ZCCHC14","s954_F_LS_02_ASEReadCounter.table","NW_015090842.1:8752060",14,34,20
"ZCCHC14","s954_F_LS_02_ASEReadCounter.table","NW_015090842.1:8752172",16,39,23
"ZCCHC14","s954_F_LS_02_ASEReadCounter.table","NW_015090842.1:8752183",16,38,22
"ZCCHC14","s954_F_LS_02_ASEReadCounter.table","NW_015090842.1:8752198",14,35,21
"ZCCHC14","s954_F_LS_02_ASEReadCounter.table","NW_015090842.1:8752248",15,35,20
"ZCCHC14","s954_F_LS_02_ASEReadCounter.table","NW_015090842.1:8752326",15,47,32
"ZCCHC14","s954_F_LS_02_ASEReadCounter.table","NW_015090842.1:8752393",16,38,22
"ZCCHC14","s954_F_LS_02_ASEReadCounter.table","NW_015090842.1:8752914",26,62,36
"ZCCHC14","s954_F_LS_02_ASEReadCounter.table","NW_015090842.1:8753528",7,15,8
"ZCCHC14","s954_F_LS_02_ASEReadCounter.table","NW_015090842.1:8753892",6,16,10
"ZCCHC14","s954_F_LS_02_ASEReadCounter.table","NW_015090842.1:8753910",9,19,10
"ZCCHC14","s954_F_LS_02_ASEReadCounter.table","NW_015090842.1:8755096",10,15,5
"ZCCHC14","s954_F_LS_02_ASEReadCounter.table","NW_015090842.1:8755327",9,13,4
"ZCCHC14","s954_F_LS_02_ASEReadCounter.table","NW_015090842.1:8755723",4,6,2
"ZCCHC14","s954_F_LS_02_ASEReadCounter.table","NW_015090842.1:8755739",4,6,2
"ZCCHC14","s954_F_LS_02_ASEReadCounter.table","NW_015090842.1:8756149",1,7,6
"ZCCHC14","s954_F_LS_02_ASEReadCounter.table","NW_015090842.1:8756347",5,7,2
"ZCCHC14","s954_F_LS_02_ASEReadCounter.table","NW_015090842.1:8756361",5,7,2
"ZCCHC14","s954_F_LS_02_ASEReadCounter.table","NW_015090842.1:8756388",2,4,2
"ZCCHC14","s954_F_LS_02_ASEReadCounter.table","NW_015090842.1:8756389",2,4,2
"ZCCHC14","s954_F_LS_02_ASEReadCounter.table","NW_015090842.1:8757160",6,8,2
"ZCCHC14","s954_F_LS_02_ASEReadCounter.table","NW_015090842.1:8804511",2,2,0
"JPH3","s954_F_LS_02_ASEReadCounter.table","NW_015090842.1:8845375",30,53,23
"JPH3","s954_F_LS_02_ASEReadCounter.table","NW_015090842.1:8845640",35,69,34
"JPH3","s954_F_LS_02_ASEReadCounter.table","NW_015090842.1:8845654",38,73,35
"JPH3","s954_F_LS_02_ASEReadCounter.table","NW_015090842.1:8872283",49,89,40
"JPH3","s954_F_LS_02_ASEReadCounter.table","NW_015090842.1:8872294",52,93,41
"JPH3","s954_F_LS_02_ASEReadCounter.table","NW_015090842.1:8872730",65,131,66
"JPH3","s954_F_LS_02_ASEReadCounter.table","NW_015090842.1:8885260",116,229,113
"JPH3","s954_F_LS_02_ASEReadCounter.table","NW_015090842.1:8885315",84,203,119
"JPH3","s954_F_LS_02_ASEReadCounter.table","NW_015090842.1:8885328",73,179,106
"JPH3","s954_F_LS_02_ASEReadCounter.table","NW_015090842.1:8885438",96,207,111
"JPH3","s954_F_LS_02_ASEReadCounter.table","NW_015090842.1:8885525",37,116,79
"KLHDC4","s954_F_LS_02_ASEReadCounter.table","NW_015090842.1:8890729",52,91,39
"KLHDC4","s954_F_LS_02_ASEReadCounter.table","NW_015090842.1:8890749",63,97,34
"KLHDC4","s954_F_LS_02_ASEReadCounter.table","NW_015090842.1:8890761",67,104,37
"KLHDC4","s954_F_LS_02_ASEReadCounter.table","NW_015090842.1:8891123",95,145,50
"KLHDC4","s954_F_LS_02_ASEReadCounter.table","NW_015090842.1:8893124",50,84,34
"KLHDC4","s954_F_LS_02_ASEReadCounter.table","NW_015090842.1:8894542",48,85,37
"KLHDC4","s954_F_LS_02_ASEReadCounter.table","NW_015090842.1:8896726",36,74,38
"KLHDC4","s954_F_LS_02_ASEReadCounter.table","NW_015090842.1:8896767",31,72,41
"KLHDC4","s954_F_LS_02_ASEReadCounter.table","NW_015090842.1:8904174",40,79,39
"KLHDC4","s954_F_LS_02_ASEReadCounter.table","NW_015090842.1:8904231",25,53,28
"KLHDC4","s954_F_LS_02_ASEReadCounter.table","NW_015090842.1:8905251",31,54,23
"KLHDC4","s954_F_LS_02_ASEReadCounter.table","NW_015090842.1:8905263",28,52,24
"KLHDC4","s954_F_LS_02_ASEReadCounter.table","NW_015090842.1:8919626",10,13,3
"SLC7A5","s954_F_LS_02_ASEReadCounter.table","NW_015090842.1:8938782",290,674,384
"SLC7A5","s954_F_LS_02_ASEReadCounter.table","NW_015090842.1:8938943",197,504,307
"SLC7A5","s954_F_LS_02_ASEReadCounter.table","NW_015090842.1:8939611",124,238,114
"SLC7A5","s954_F_LS_02_ASEReadCounter.table","NW_015090842.1:8939738",118,321,203
"SLC7A5","s954_F_LS_02_ASEReadCounter.table","NW_015090842.1:8939739",119,313,194
"SLC7A5","s954_F_LS_02_ASEReadCounter.table","NW_015090842.1:8939740",116,325,209
"SLC7A5","s954_F_LS_02_ASEReadCounter.table","NW_015090842.1:8939795",148,310,162
"SLC7A5","s954_F_LS_02_ASEReadCounter.table","NW_015090842.1:8939815",135,333,198
"SLC7A5","s954_F_LS_02_ASEReadCounter.table","NW_015090842.1:8939816",136,333,197
"SLC7A5","s954_F_LS_02_ASEReadCounter.table","NW_015090842.1:8939817",135,339,204
"SLC7A5","s954_F_LS_02_ASEReadCounter.table","NW_015090842.1:8939845",143,379,236
"SLC7A5","s954_F_LS_02_ASEReadCounter.table","NW_015090842.1:8939894",124,348,224
"SLC7A5","s954_F_LS_02_ASEReadCounter.table","NW_015090842.1:8939895",124,344,220
"SLC7A5","s954_F_LS_02_ASEReadCounter.table","NW_015090842.1:8939997",507,507,0
"SLC7A5","s954_F_LS_02_ASEReadCounter.table","NW_015090842.1:8940172",164,398,234
"SLC7A5","s954_F_LS_02_ASEReadCounter.table","NW_015090842.1:8940331",72,178,106
"SLC7A5","s954_F_LS_02_ASEReadCounter.table","NW_015090842.1:8940696",103,212,109
"SLC7A5","s954_F_LS_02_ASEReadCounter.table","NW_015090842.1:8940719",53,203,150
"SLC7A5","s954_F_LS_02_ASEReadCounter.table","NW_015090842.1:8940737",58,189,131
"SLC7A5","s954_F_LS_02_ASEReadCounter.table","NW_015090842.1:8940743",69,203,134
"SLC7A5","s954_F_LS_02_ASEReadCounter.table","NW_015090842.1:8940766",79,218,139
"SLC7A5","s954_F_LS_02_ASEReadCounter.table","NW_015090842.1:8940769",81,236,155
"SLC7A5","s954_F_LS_02_ASEReadCounter.table","NW_015090842.1:8940861",87,229,142
"SLC7A5","s954_F_LS_02_ASEReadCounter.table","NW_015090842.1:8941068",108,255,147
"SLC7A5","s954_F_LS_02_ASEReadCounter.table","NW_015090842.1:8941467",80,208,128
"SLC7A5","s954_F_LS_02_ASEReadCounter.table","NW_015090842.1:8941531",77,197,120
"SLC7A5","s954_F_LS_02_ASEReadCounter.table","NW_015090842.1:8941588",86,220,134
"SLC7A5","s954_F_LS_02_ASEReadCounter.table","NW_015090842.1:8941698",33,120,87
"SLC7A5","s954_F_LS_02_ASEReadCounter.table","NW_015090842.1:8941717",50,141,91
"SLC7A5","s954_F_LS_02_ASEReadCounter.table","NW_015090842.1:8941745",57,147,90
"SLC7A5","s954_F_LS_02_ASEReadCounter.table","NW_015090842.1:8941781",61,177,116
"SLC7A5","s954_F_LS_02_ASEReadCounter.table","NW_015090842.1:8941887",56,131,75
"SLC7A5","s954_F_LS_02_ASEReadCounter.table","NW_015090842.1:8941968",35,112,77
"SLC7A5","s954_F_LS_02_ASEReadCounter.table","NW_015090842.1:8942025",42,122,80
"SLC7A5","s954_F_LS_02_ASEReadCounter.table","NW_015090842.1:8942069",48,128,80
"SLC7A5","s954_F_LS_02_ASEReadCounter.table","NW_015090842.1:8942170",59,149,90
"SLC7A5","s954_F_LS_02_ASEReadCounter.table","NW_015090842.1:8942241",68,173,105
"SLC7A5","s954_F_LS_02_ASEReadCounter.table","NW_015090842.1:8942283",68,184,116
"SLC7A5","s954_F_LS_02_ASEReadCounter.table","NW_015090842.1:8942717",103,284,181
"SLC7A5","s954_F_LS_02_ASEReadCounter.table","NW_015090842.1:8942756",126,337,211
"SLC7A5","s954_F_LS_02_ASEReadCounter.table","NW_015090842.1:8942766",129,345,216
"SLC7A5","s954_F_LS_02_ASEReadCounter.table","NW_015090842.1:8943271",75,191,116
"SLC7A5","s954_F_LS_02_ASEReadCounter.table","NW_015090842.1:8943524",56,125,69
"SLC7A5","s954_F_LS_02_ASEReadCounter.table","NW_015090842.1:8943530",56,125,69
"SLC7A5","s954_F_LS_02_ASEReadCounter.table","NW_015090842.1:8943602",57,121,64
"SLC7A5","s954_F_LS_02_ASEReadCounter.table","NW_015090842.1:8943622",54,121,67
"SLC7A5","s954_F_LS_02_ASEReadCounter.table","NW_015090842.1:8943661",53,116,63
"SLC7A5","s954_F_LS_02_ASEReadCounter.table","NW_015090842.1:8943686",51,113,62
"SLC7A5","s954_F_LS_02_ASEReadCounter.table","NW_015090842.1:8943788",38,91,53
"SLC7A5","s954_F_LS_02_ASEReadCounter.table","NW_015090842.1:8943814",41,92,51
"SLC7A5","s954_F_LS_02_ASEReadCounter.table","NW_015090842.1:8943876",51,107,56
"SLC7A5","s954_F_LS_02_ASEReadCounter.table","NW_015090842.1:8943892",54,112,58
"SLC7A5","s954_F_LS_02_ASEReadCounter.table","NW_015090842.1:8944097",26,84,58
"SLC7A5","s954_F_LS_02_ASEReadCounter.table","NW_015090842.1:8944104",26,80,54
"SLC7A5","s954_F_LS_02_ASEReadCounter.table","NW_015090842.1:8944293",17,45,28
"SLC7A5","s954_F_LS_02_ASEReadCounter.table","NW_015090842.1:8944297",17,46,29
"SLC7A5","s954_F_LS_02_ASEReadCounter.table","NW_015090842.1:8944397",16,38,22
"SLC7A5","s954_F_LS_02_ASEReadCounter.table","NW_015090842.1:8944552",32,85,53
"SLC7A5","s954_F_LS_02_ASEReadCounter.table","NW_015090842.1:8944629",32,88,56
"CA5A","s954_F_LS_02_ASEReadCounter.table","NW_015090842.1:8989479",84,156,72
"CA5A","s954_F_LS_02_ASEReadCounter.table","NW_015090842.1:8989562",128,195,67
"CA5A","s954_F_LS_02_ASEReadCounter.table","NW_015090842.1:8989609",132,209,77
"CA5A","s954_F_LS_02_ASEReadCounter.table","NW_015090842.1:8989693",126,240,114
"CA5A","s954_F_LS_02_ASEReadCounter.table","NW_015090842.1:8989702",129,235,106
"CA5A","s954_F_LS_02_ASEReadCounter.table","NW_015090842.1:8989746",133,250,117
"CA5A","s954_F_LS_02_ASEReadCounter.table","NW_015090842.1:8989880",102,187,85
"CA5A","s954_F_LS_02_ASEReadCounter.table","NW_015090842.1:8989885",107,192,85
"CA5A","s954_F_LS_02_ASEReadCounter.table","NW_015090842.1:8989929",109,205,96
"CA5A","s954_F_LS_02_ASEReadCounter.table","NW_015090842.1:8990002",92,174,82
"CA5A","s954_F_LS_02_ASEReadCounter.table","NW_015090842.1:8990004",91,172,81
"CA5A","s954_F_LS_02_ASEReadCounter.table","NW_015090842.1:8990005",93,175,82
"CA5A","s954_F_LS_02_ASEReadCounter.table","NW_015090842.1:8990017",84,149,65
"CA5A","s954_F_LS_02_ASEReadCounter.table","NW_015090842.1:8990043",64,121,57
"CA5A","s954_F_LS_02_ASEReadCounter.table","NW_015090842.1:8990060",140,140,0
"CA5A","s954_F_LS_02_ASEReadCounter.table","NW_015090842.1:8990080",57,129,72
"CA5A","s954_F_LS_02_ASEReadCounter.table","NW_015090842.1:8990084",56,127,71
"CA5A","s954_F_LS_02_ASEReadCounter.table","NW_015090842.1:8990090",60,129,69
"CA5A","s954_F_LS_02_ASEReadCounter.table","NW_015090842.1:8990095",62,128,66
"CA5A","s954_F_LS_02_ASEReadCounter.table","NW_015090842.1:8990111",47,119,72
"CA5A","s954_F_LS_02_ASEReadCounter.table","NW_015090842.1:8990112",47,116,69
"CA5A","s954_F_LS_02_ASEReadCounter.table","NW_015090842.1:8990115",53,123,70
"CA5A","s954_F_LS_02_ASEReadCounter.table","NW_015090842.1:8990166",53,97,44
"CA5A","s954_F_LS_02_ASEReadCounter.table","NW_015090842.1:8990169",61,103,42
"CA5A","s954_F_LS_02_ASEReadCounter.table","NW_015090842.1:8990193",108,108,0
"CA5A","s954_F_LS_02_ASEReadCounter.table","NW_015090842.1:8990222",58,93,35
"CA5A","s954_F_LS_02_ASEReadCounter.table","NW_015090842.1:8990289",61,120,59
"CA5A","s954_F_LS_02_ASEReadCounter.table","NW_015090842.1:8990314",64,117,53
"CA5A","s954_F_LS_02_ASEReadCounter.table","NW_015090842.1:8990361",56,102,46
"CA5A","s954_F_LS_02_ASEReadCounter.table","NW_015090842.1:8990368",56,99,43
"CA5A","s954_F_LS_02_ASEReadCounter.table","NW_015090842.1:8990429",53,94,41
"CA5A","s954_F_LS_02_ASEReadCounter.table","NW_015090842.1:8990466",50,82,32
"CA5A","s954_F_LS_02_ASEReadCounter.table","NW_015090842.1:8990663",49,82,33
"CA5A","s954_F_LS_02_ASEReadCounter.table","NW_015090842.1:8990797",38,77,39
"CA5A","s954_F_LS_02_ASEReadCounter.table","NW_015090842.1:8990836",40,73,33
"CA5A","s954_F_LS_02_ASEReadCounter.table","NW_015090842.1:8990842",38,69,31
"CA5A","s954_F_LS_02_ASEReadCounter.table","NW_015090842.1:8990851",39,70,31
"CA5A","s954_F_LS_02_ASEReadCounter.table","NW_015090842.1:8990918",39,65,26
"CA5A","s954_F_LS_02_ASEReadCounter.table","NW_015090842.1:8990921",36,64,28
"CA5A","s954_F_LS_02_ASEReadCounter.table","NW_015090842.1:8990942",48,77,29
"CA5A","s954_F_LS_02_ASEReadCounter.table","NW_015090842.1:8991001",51,82,31
"CA5A","s954_F_LS_02_ASEReadCounter.table","NW_015090842.1:8991038",46,65,19
"CA5A","s954_F_LS_02_ASEReadCounter.table","NW_015090842.1:8991149",57,96,39
"CA5A","s954_F_LS_02_ASEReadCounter.table","NW_015090842.1:8991176",69,101,32
"CA5A","s954_F_LS_02_ASEReadCounter.table","NW_015090842.1:8991241",61,101,40
"CA5A","s954_F_LS_02_ASEReadCounter.table","NW_015090842.1:8991262",56,95,39
"CA5A","s954_F_LS_02_ASEReadCounter.table","NW_015090842.1:8991316",48,52,4
"CA5A","s954_F_LS_02_ASEReadCounter.table","NW_015090842.1:8991319",51,58,7
"CA5A","s954_F_LS_02_ASEReadCounter.table","NW_015090842.1:8991330",53,55,2
"CA5A","s954_F_LS_02_ASEReadCounter.table","NW_015090842.1:8991334",49,56,7
"CA5A","s954_F_LS_02_ASEReadCounter.table","NW_015090842.1:8991362",45,69,24
"CA5A","s954_F_LS_02_ASEReadCounter.table","NW_015090842.1:8991368",45,69,24
"CA5A","s954_F_LS_02_ASEReadCounter.table","NW_015090842.1:8991390",50,78,28
"CA5A","s954_F_LS_02_ASEReadCounter.table","NW_015090842.1:8991395",47,77,30
"CA5A","s954_F_LS_02_ASEReadCounter.table","NW_015090842.1:8991422",44,78,34
"CA5A","s954_F_LS_02_ASEReadCounter.table","NW_015090842.1:8991467",41,69,28
"CA5A","s954_F_LS_02_ASEReadCounter.table","NW_015090842.1:8991576",35,60,25
"CA5A","s954_F_LS_02_ASEReadCounter.table","NW_015090842.1:8991587",36,67,31
"CA5A","s954_F_LS_02_ASEReadCounter.table","NW_015090842.1:8991655",44,84,40
"CA5A","s954_F_LS_02_ASEReadCounter.table","NW_015090842.1:8991717",34,66,32
"CA5A","s954_F_LS_02_ASEReadCounter.table","NW_015090842.1:8991726",33,65,32
"CA5A","s954_F_LS_02_ASEReadCounter.table","NW_015090842.1:8991799",34,68,34
"CA5A","s954_F_LS_02_ASEReadCounter.table","NW_015090842.1:8991809",32,66,34
"CA5A","s954_F_LS_02_ASEReadCounter.table","NW_015090842.1:8991848",30,64,34
"CA5A","s954_F_LS_02_ASEReadCounter.table","NW_015090842.1:8991849",29,61,32
"CA5A","s954_F_LS_02_ASEReadCounter.table","NW_015090842.1:8991927",40,72,32
"CA5A","s954_F_LS_02_ASEReadCounter.table","NW_015090842.1:8991941",39,70,31
"CA5A","s954_F_LS_02_ASEReadCounter.table","NW_015090842.1:8992121",13,39,26
"CA5A","s954_F_LS_02_ASEReadCounter.table","NW_015090842.1:8992224",19,41,22
"CA5A","s954_F_LS_02_ASEReadCounter.table","NW_015090842.1:9002570",14,21,7
"CA5A","s954_F_LS_02_ASEReadCounter.table","NW_015090842.1:9002600",10,17,7
"CA5A","s954_F_LS_02_ASEReadCounter.table","NW_015090842.1:9004312",8,18,10
"CA5A","s954_F_LS_02_ASEReadCounter.table","NW_015090842.1:9004506",4,4,0
"CA5A","s954_F_LS_02_ASEReadCounter.table","NW_015090842.1:9004523",4,4,0
"CA5A","s954_F_LS_02_ASEReadCounter.table","NW_015090842.1:9004530",4,4,0
"CA5A","s954_F_LS_02_ASEReadCounter.table","NW_015090842.1:9004556",5,5,0
"CA5A","s954_F_LS_02_ASEReadCounter.table","NW_015090842.1:9005116",2,2,0
"CA5A","s954_F_LS_02_ASEReadCounter.table","NW_015090842.1:9005120",2,2,0
"CA5A","s954_F_LS_02_ASEReadCounter.table","NW_015090842.1:9005140",2,3,1
"CA5A","s954_F_LS_02_ASEReadCounter.table","NW_015090842.1:9005152",2,3,1
"BANP","s954_F_LS_02_ASEReadCounter.table","NW_015090842.1:9033407",3,14,11
"BANP","s954_F_LS_02_ASEReadCounter.table","NW_015090842.1:9033409",3,13,10
"BANP","s954_F_LS_02_ASEReadCounter.table","NW_015090842.1:9033420",4,15,11
"BANP","s954_F_LS_02_ASEReadCounter.table","NW_015090842.1:9067974",0,14,14
"BANP","s954_F_LS_02_ASEReadCounter.table","NW_015090842.1:9102510",22,40,18
"BANP","s954_F_LS_02_ASEReadCounter.table","NW_015090842.1:9168534",23,55,32
"BANP","s954_F_LS_02_ASEReadCounter.table","NW_015090842.1:9168818",28,51,23
"ZNF469","s954_F_LS_02_ASEReadCounter.table","NW_015090842.1:9424301",1,1,0
"ZNF469","s954_F_LS_02_ASEReadCounter.table","NW_015090842.1:9424333",1,1,0
"ZNF469","s954_F_LS_02_ASEReadCounter.table","NW_015090842.1:9425089",1,1,0
"ZNF469","s954_F_LS_02_ASEReadCounter.table","NW_015090842.1:9425108",1,1,0
"ZNF469","s954_F_LS_02_ASEReadCounter.table","NW_015090842.1:9426585",0,1,1
"ZNF469","s954_F_LS_02_ASEReadCounter.table","NW_015090842.1:9428419",1,1,0
"ZNF469","s954_F_LS_02_ASEReadCounter.table","NW_015090842.1:9429633",0,1,1
"ZNF469","s954_F_LS_02_ASEReadCounter.table","NW_015090842.1:9429794",0,1,1
"ZNF469","s954_F_LS_02_ASEReadCounter.table","NW_015090842.1:9431091",1,1,0
"ZNF469","s954_F_LS_02_ASEReadCounter.table","NW_015090842.1:9431150",1,1,0
"ZNF469","s954_F_LS_02_ASEReadCounter.table","NW_015090842.1:9431162",1,1,0
"ZNF469","s954_F_LS_02_ASEReadCounter.table","NW_015090842.1:9431317",0,1,1
"ZNF469","s954_F_LS_02_ASEReadCounter.table","NW_015090842.1:9431325",0,1,1
"ZNF469","s954_F_LS_02_ASEReadCounter.table","NW_015090842.1:9431700",2,2,0
"ZNF469","s954_F_LS_02_ASEReadCounter.table","NW_015090842.1:9431901",3,3,0
"ZNF469","s954_F_LS_02_ASEReadCounter.table","NW_015090842.1:9432110",2,2,0
"ZNF469","s954_F_LS_02_ASEReadCounter.table","NW_015090842.1:9432302",1,1,0
"ZNF469","s954_F_LS_02_ASEReadCounter.table","NW_015090842.1:9432481",0,1,1
"ZNF469","s954_F_LS_02_ASEReadCounter.table","NW_015090842.1:9432498",0,1,1
"ZNF469","s954_F_LS_02_ASEReadCounter.table","NW_015090842.1:9433268",0,1,1
"ZNF469","s954_F_LS_02_ASEReadCounter.table","NW_015090842.1:9435221",2,3,1
"ZFPM1","s954_F_LS_02_ASEReadCounter.table","NW_015090842.1:9458862",4,8,4
"ZFPM1","s954_F_LS_02_ASEReadCounter.table","NW_015090842.1:9458888",5,10,5
"ZFPM1","s954_F_LS_02_ASEReadCounter.table","NW_015090842.1:9458904",7,11,4
"ZFPM1","s954_F_LS_02_ASEReadCounter.table","NW_015090842.1:9458916",7,10,3
"ZFPM1","s954_F_LS_02_ASEReadCounter.table","NW_015090842.1:9468568",10,14,4
"ZFPM1","s954_F_LS_02_ASEReadCounter.table","NW_015090842.1:9468593",9,12,3
"ZFPM1","s954_F_LS_02_ASEReadCounter.table","NW_015090842.1:9471561",7,11,4
"ZFPM1","s954_F_LS_02_ASEReadCounter.table","NW_015090842.1:9472557",12,16,4
"ZFPM1","s954_F_LS_02_ASEReadCounter.table","NW_015090842.1:9472565",12,16,4
"ZFPM1","s954_F_LS_02_ASEReadCounter.table","NW_015090842.1:9472608",10,16,6
"ZFPM1","s954_F_LS_02_ASEReadCounter.table","NW_015090842.1:9472627",9,14,5
"ZFPM1","s954_F_LS_02_ASEReadCounter.table","NW_015090842.1:9472668",6,9,3
"ZFPM1","s954_F_LS_02_ASEReadCounter.table","NW_015090842.1:9473655",8,12,4
"ZFPM1","s954_F_LS_02_ASEReadCounter.table","NW_015090842.1:9475827",6,12,6
"ZFPM1","s954_F_LS_02_ASEReadCounter.table","NW_015090842.1:9475842",6,14,8
"ZFPM1","s954_F_LS_02_ASEReadCounter.table","NW_015090842.1:9476119",1,10,9
"ZFPM1","s954_F_LS_02_ASEReadCounter.table","NW_015090842.1:9476161",1,7,6
"ZFPM1","s954_F_LS_02_ASEReadCounter.table","NW_015090842.1:9476219",2,6,4
"ZFPM1","s954_F_LS_02_ASEReadCounter.table","NW_015090842.1:9476233",2,6,4
"ZFPM1","s954_F_LS_02_ASEReadCounter.table","NW_015090842.1:9476305",4,11,7
"ZFPM1","s954_F_LS_02_ASEReadCounter.table","NW_015090842.1:9476395",5,13,8
"ZFPM1","s954_F_LS_02_ASEReadCounter.table","NW_015090842.1:9476421",7,17,10
"ZFPM1","s954_F_LS_02_ASEReadCounter.table","NW_015090842.1:9476539",4,13,9
"ZFPM1","s954_F_LS_02_ASEReadCounter.table","NW_015090842.1:9476576",3,13,10
"ZFPM1","s954_F_LS_02_ASEReadCounter.table","NW_015090842.1:9476599",16,16,0
"ZFPM1","s954_F_LS_02_ASEReadCounter.table","NW_015090842.1:9476792",12,21,9
"ZFPM1","s954_F_LS_02_ASEReadCounter.table","NW_015090842.1:9476803",10,21,11
"ZFPM1","s954_F_LS_02_ASEReadCounter.table","NW_015090842.1:9477115",5,10,5
"ZFPM1","s954_F_LS_02_ASEReadCounter.table","NW_015090842.1:9477299",6,14,8
"ZFPM1","s954_F_LS_02_ASEReadCounter.table","NW_015090842.1:9477398",13,13,0
"ZFPM1","s954_F_LS_02_ASEReadCounter.table","NW_015090842.1:9477422",5,17,12
"ZFPM1","s954_F_LS_02_ASEReadCounter.table","NW_015090842.1:9477554",17,26,9
"ZFPM1","s954_F_LS_02_ASEReadCounter.table","NW_015090842.1:9477575",24,24,0
"ZFPM1","s954_F_LS_02_ASEReadCounter.table","NW_015090842.1:9477595",17,21,4
"ZFPM1","s954_F_LS_02_ASEReadCounter.table","NW_015090842.1:9477611",19,28,9
"ZFPM1","s954_F_LS_02_ASEReadCounter.table","NW_015090842.1:9477659",13,24,11
"ZFPM1","s954_F_LS_02_ASEReadCounter.table","NW_015090842.1:9477737",8,19,11
"ZFPM1","s954_F_LS_02_ASEReadCounter.table","NW_015090842.1:9477791",13,26,13
"ZFPM1","s954_F_LS_02_ASEReadCounter.table","NW_015090842.1:9477844",13,25,12
"ZFPM1","s954_F_LS_02_ASEReadCounter.table","NW_015090842.1:9477917",22,30,8
"ZFPM1","s954_F_LS_02_ASEReadCounter.table","NW_015090842.1:9478295",24,43,19
"ZFPM1","s954_F_LS_02_ASEReadCounter.table","NW_015090842.1:9478349",26,42,16
"ZFPM1","s954_F_LS_02_ASEReadCounter.table","NW_015090842.1:9478524",22,41,19
"ZFPM1","s954_F_LS_02_ASEReadCounter.table","NW_015090842.1:9478546",21,37,16
"ZFPM1","s954_F_LS_02_ASEReadCounter.table","NW_015090842.1:9478573",21,35,14
"ZFPM1","s954_F_LS_02_ASEReadCounter.table","NW_015090842.1:9478582",15,25,10
"ZFPM1","s954_F_LS_02_ASEReadCounter.table","NW_015090842.1:9478684",12,20,8
"ZFPM1","s954_F_LS_02_ASEReadCounter.table","NW_015090842.1:9478711",9,18,9
"ZFPM1","s954_F_LS_02_ASEReadCounter.table","NW_015090842.1:9478761",6,17,11
"ZFPM1","s954_F_LS_02_ASEReadCounter.table","NW_015090842.1:9478829",5,5,0
"ZC3H18","s954_F_LS_02_ASEReadCounter.table","NW_015090842.1:9494271",6,12,6
"ZC3H18","s954_F_LS_02_ASEReadCounter.table","NW_015090842.1:9501427",14,32,18
"ZC3H18","s954_F_LS_02_ASEReadCounter.table","NW_015090842.1:9501442",16,35,19
"ZC3H18","s954_F_LS_02_ASEReadCounter.table","NW_015090842.1:9505538",11,34,23
"ZC3H18","s954_F_LS_02_ASEReadCounter.table","NW_015090842.1:9506778",22,42,20
"ZC3H18","s954_F_LS_02_ASEReadCounter.table","NW_015090842.1:9522538",18,45,27
"ZC3H18","s954_F_LS_02_ASEReadCounter.table","NW_015090842.1:9524350",23,49,26
"ZC3H18","s954_F_LS_02_ASEReadCounter.table","NW_015090842.1:9524366",23,53,30
"ZC3H18","s954_F_LS_02_ASEReadCounter.table","NW_015090842.1:9524424",17,42,25
"ZC3H18","s954_F_LS_02_ASEReadCounter.table","NW_015090842.1:9529649",40,85,45
"ZC3H18","s954_F_LS_02_ASEReadCounter.table","NW_015090842.1:9529688",39,72,33
"ZC3H18","s954_F_LS_02_ASEReadCounter.table","NW_015090842.1:9529691",37,69,32
"ZC3H18","s954_F_LS_02_ASEReadCounter.table","NW_015090842.1:9530977",36,82,46
"ZC3H18","s954_F_LS_02_ASEReadCounter.table","NW_015090842.1:9536699",0,59,59
"CYBA","s954_F_LS_02_ASEReadCounter.table","NW_015090842.1:9547281",37,45,8
"CYBA","s954_F_LS_02_ASEReadCounter.table","NW_015090842.1:9547402",90,105,15
"CYBA","s954_F_LS_02_ASEReadCounter.table","NW_015090842.1:9547553",48,80,32
"CYBA","s954_F_LS_02_ASEReadCounter.table","NW_015090842.1:9548052",54,70,16
"CYBA","s954_F_LS_02_ASEReadCounter.table","NW_015090842.1:9548436",52,64,12
"CYBA","s954_F_LS_02_ASEReadCounter.table","NW_015090842.1:9548442",52,64,12
"CYBA","s954_F_LS_02_ASEReadCounter.table","NW_015090842.1:9548478",60,75,15
"CYBA","s954_F_LS_02_ASEReadCounter.table","NW_015090842.1:9548487",56,70,14
"CYBA","s954_F_LS_02_ASEReadCounter.table","NW_015090842.1:9548490",56,68,12
"CYBA","s954_F_LS_02_ASEReadCounter.table","NW_015090842.1:9548717",58,72,14
"CYBA","s954_F_LS_02_ASEReadCounter.table","NW_015090842.1:9548750",40,53,13
"CYBA","s954_F_LS_02_ASEReadCounter.table","NW_015090842.1:9548766",30,38,8
"MVD","s954_F_LS_02_ASEReadCounter.table","NW_015090842.1:9550678",28,47,19
"MVD","s954_F_LS_02_ASEReadCounter.table","NW_015090842.1:9550690",29,50,21
"MVD","s954_F_LS_02_ASEReadCounter.table","NW_015090842.1:9550691",29,49,20
"MVD","s954_F_LS_02_ASEReadCounter.table","NW_015090842.1:9550699",36,59,23
"MVD","s954_F_LS_02_ASEReadCounter.table","NW_015090842.1:9550719",37,57,20
"MVD","s954_F_LS_02_ASEReadCounter.table","NW_015090842.1:9551596",41,81,40
"MVD","s954_F_LS_02_ASEReadCounter.table","NW_015090842.1:9551638",46,93,47
"MVD","s954_F_LS_02_ASEReadCounter.table","NW_015090842.1:9551899",0,5,5
"MVD","s954_F_LS_02_ASEReadCounter.table","NW_015090842.1:9552193",33,67,34
"MVD","s954_F_LS_02_ASEReadCounter.table","NW_015090842.1:9552202",30,60,30
"MVD","s954_F_LS_02_ASEReadCounter.table","NW_015090842.1:9552208",33,61,28
"MVD","s954_F_LS_02_ASEReadCounter.table","NW_015090842.1:9552625",37,57,20
"MVD","s954_F_LS_02_ASEReadCounter.table","NW_015090842.1:9552629",59,59,0
"MVD","s954_F_LS_02_ASEReadCounter.table","NW_015090842.1:9552644",36,58,22
"MVD","s954_F_LS_02_ASEReadCounter.table","NW_015090842.1:9553093",27,45,18
"MVD","s954_F_LS_02_ASEReadCounter.table","NW_015090842.1:9553114",34,51,17
"RNF166","s954_F_LS_02_ASEReadCounter.table","NW_015090842.1:9557900",27,68,41
"RNF166","s954_F_LS_02_ASEReadCounter.table","NW_015090842.1:9558048",43,87,44
"RNF166","s954_F_LS_02_ASEReadCounter.table","NW_015090842.1:9558116",38,81,43
"RNF166","s954_F_LS_02_ASEReadCounter.table","NW_015090842.1:9558308",32,59,27
"RNF166","s954_F_LS_02_ASEReadCounter.table","NW_015090842.1:9558405",25,49,24
"RNF166","s954_F_LS_02_ASEReadCounter.table","NW_015090842.1:9558549",28,61,33
"RNF166","s954_F_LS_02_ASEReadCounter.table","NW_015090842.1:9558556",23,58,35
"RNF166","s954_F_LS_02_ASEReadCounter.table","NW_015090842.1:9558579",21,56,35
"RNF166","s954_F_LS_02_ASEReadCounter.table","NW_015090842.1:9558599",18,53,35
"RNF166","s954_F_LS_02_ASEReadCounter.table","NW_015090842.1:9558688",19,43,24
"RNF166","s954_F_LS_02_ASEReadCounter.table","NW_015090842.1:9558711",21,50,29
"RNF166","s954_F_LS_02_ASEReadCounter.table","NW_015090842.1:9558733",19,47,28
"RNF166","s954_F_LS_02_ASEReadCounter.table","NW_015090842.1:9558847",20,52,32
"RNF166","s954_F_LS_02_ASEReadCounter.table","NW_015090842.1:9559798",31,67,36
"RNF166","s954_F_LS_02_ASEReadCounter.table","NW_015090842.1:9560575",35,68,33
"RNF166","s954_F_LS_02_ASEReadCounter.table","NW_015090842.1:9561055",29,54,25
"RNF166","s954_F_LS_02_ASEReadCounter.table","NW_015090842.1:9562458",23,50,27
"RNF166","s954_F_LS_02_ASEReadCounter.table","NW_015090842.1:9562497",16,36,20
"RNF166","s954_F_LS_02_ASEReadCounter.table","NW_015090842.1:9562539",10,25,15
"RNF166","s954_F_LS_02_ASEReadCounter.table","NW_015090842.1:9564056",7,22,15
"CTU2","s954_F_LS_02_ASEReadCounter.table","NW_015090842.1:9565149",22,34,12
"CTU2","s954_F_LS_02_ASEReadCounter.table","NW_015090842.1:9565193",19,32,13
"CTU2","s954_F_LS_02_ASEReadCounter.table","NW_015090842.1:9565300",18,37,19
"CTU2","s954_F_LS_02_ASEReadCounter.table","NW_015090842.1:9565321",16,38,22
"CTU2","s954_F_LS_02_ASEReadCounter.table","NW_015090842.1:9565721",25,43,18
"CTU2","s954_F_LS_02_ASEReadCounter.table","NW_015090842.1:9565739",22,41,19
"CTU2","s954_F_LS_02_ASEReadCounter.table","NW_015090842.1:9565905",28,45,17
"CTU2","s954_F_LS_02_ASEReadCounter.table","NW_015090842.1:9566013",38,38,0
"CTU2","s954_F_LS_02_ASEReadCounter.table","NW_015090842.1:9566055",38,67,29
"CTU2","s954_F_LS_02_ASEReadCounter.table","NW_015090842.1:9566056",38,67,29
"CTU2","s954_F_LS_02_ASEReadCounter.table","NW_015090842.1:9566151",21,46,25
"CTU2","s954_F_LS_02_ASEReadCounter.table","NW_015090842.1:9566300",30,64,34
"CTU2","s954_F_LS_02_ASEReadCounter.table","NW_015090842.1:9566342",35,62,27
"CTU2","s954_F_LS_02_ASEReadCounter.table","NW_015090842.1:9566548",27,42,15
"CTU2","s954_F_LS_02_ASEReadCounter.table","NW_015090842.1:9566625",30,52,22
"CTU2","s954_F_LS_02_ASEReadCounter.table","NW_015090842.1:9566633",33,58,25
"CTU2","s954_F_LS_02_ASEReadCounter.table","NW_015090842.1:9566807",38,65,27
"CTU2","s954_F_LS_02_ASEReadCounter.table","NW_015090842.1:9567139",28,58,30
"CTU2","s954_F_LS_02_ASEReadCounter.table","NW_015090842.1:9567156",29,62,33
"CTU2","s954_F_LS_02_ASEReadCounter.table","NW_015090842.1:9567614",25,62,37
"CTU2","s954_F_LS_02_ASEReadCounter.table","NW_015090842.1:9567677",28,58,30
"CTU2","s954_F_LS_02_ASEReadCounter.table","NW_015090842.1:9567747",27,58,31
"CTU2","s954_F_LS_02_ASEReadCounter.table","NW_015090842.1:9567828",21,53,32
"CTU2","s954_F_LS_02_ASEReadCounter.table","NW_015090842.1:9567829",21,53,32
"CTU2","s954_F_LS_02_ASEReadCounter.table","NW_015090842.1:9567885",10,29,19
"PIEZO1","s954_F_LS_02_ASEReadCounter.table","NW_015090842.1:9568093",13,34,21
"PIEZO1","s954_F_LS_02_ASEReadCounter.table","NW_015090842.1:9568672",17,44,27
"PIEZO1","s954_F_LS_02_ASEReadCounter.table","NW_015090842.1:9568948",13,27,14
"PIEZO1","s954_F_LS_02_ASEReadCounter.table","NW_015090842.1:9568987",17,17,0
"PIEZO1","s954_F_LS_02_ASEReadCounter.table","NW_015090842.1:9569040",7,20,13
"PIEZO1","s954_F_LS_02_ASEReadCounter.table","NW_015090842.1:9569180",6,18,12
"PIEZO1","s954_F_LS_02_ASEReadCounter.table","NW_015090842.1:9569192",7,23,16
"PIEZO1","s954_F_LS_02_ASEReadCounter.table","NW_015090842.1:9570088",6,24,18
"PIEZO1","s954_F_LS_02_ASEReadCounter.table","NW_015090842.1:9570480",9,22,13
"PIEZO1","s954_F_LS_02_ASEReadCounter.table","NW_015090842.1:9570639",8,21,13
"PIEZO1","s954_F_LS_02_ASEReadCounter.table","NW_015090842.1:9571847",7,15,8
"PIEZO1","s954_F_LS_02_ASEReadCounter.table","NW_015090842.1:9572371",0,4,4
"PIEZO1","s954_F_LS_02_ASEReadCounter.table","NW_015090842.1:9572638",6,11,5
"PIEZO1","s954_F_LS_02_ASEReadCounter.table","NW_015090842.1:9573156",11,27,16
"PIEZO1","s954_F_LS_02_ASEReadCounter.table","NW_015090842.1:9573280",11,25,14
"PIEZO1","s954_F_LS_02_ASEReadCounter.table","NW_015090842.1:9573566",5,10,5
"PIEZO1","s954_F_LS_02_ASEReadCounter.table","NW_015090842.1:9575341",6,15,9
"PIEZO1","s954_F_LS_02_ASEReadCounter.table","NW_015090842.1:9575367",5,13,8
"PIEZO1","s954_F_LS_02_ASEReadCounter.table","NW_015090842.1:9575645",5,11,6
"PIEZO1","s954_F_LS_02_ASEReadCounter.table","NW_015090842.1:9575696",3,9,6
"PIEZO1","s954_F_LS_02_ASEReadCounter.table","NW_015090842.1:9575897",3,7,4
"PIEZO1","s954_F_LS_02_ASEReadCounter.table","NW_015090842.1:9576060",4,7,3
"PIEZO1","s954_F_LS_02_ASEReadCounter.table","NW_015090842.1:9576087",2,7,5
"PIEZO1","s954_F_LS_02_ASEReadCounter.table","NW_015090842.1:9576093",3,9,6
"PIEZO1","s954_F_LS_02_ASEReadCounter.table","NW_015090842.1:9576120",4,10,6
"PIEZO1","s954_F_LS_02_ASEReadCounter.table","NW_015090842.1:9576687",2,6,4
"PIEZO1","s954_F_LS_02_ASEReadCounter.table","NW_015090842.1:9576710",4,4,0
"PIEZO1","s954_F_LS_02_ASEReadCounter.table","NW_015090842.1:9576723",1,4,3
"PIEZO1","s954_F_LS_02_ASEReadCounter.table","NW_015090842.1:9578268",4,7,3
"PIEZO1","s954_F_LS_02_ASEReadCounter.table","NW_015090842.1:9578770",4,6,2
"PIEZO1","s954_F_LS_02_ASEReadCounter.table","NW_015090842.1:9578806",4,6,2
"PIEZO1","s954_F_LS_02_ASEReadCounter.table","NW_015090842.1:9579064",3,6,3
"PIEZO1","s954_F_LS_02_ASEReadCounter.table","NW_015090842.1:9579065",2,5,3
"PIEZO1","s954_F_LS_02_ASEReadCounter.table","NW_015090842.1:9579347",1,3,2
"PIEZO1","s954_F_LS_02_ASEReadCounter.table","NW_015090842.1:9580765",2,4,2
"PIEZO1","s954_F_LS_02_ASEReadCounter.table","NW_015090842.1:9580996",1,2,1
"PIEZO1","s954_F_LS_02_ASEReadCounter.table","NW_015090842.1:9581101",1,2,1
"PIEZO1","s954_F_LS_02_ASEReadCounter.table","NW_015090842.1:9581299",1,2,1
"PIEZO1","s954_F_LS_02_ASEReadCounter.table","NW_015090842.1:9581875",1,6,5
"PIEZO1","s954_F_LS_02_ASEReadCounter.table","NW_015090842.1:9582046",0,5,5
"PIEZO1","s954_F_LS_02_ASEReadCounter.table","NW_015090842.1:9582961",1,4,3
"PIEZO1","s954_F_LS_02_ASEReadCounter.table","NW_015090842.1:9583298",3,7,4
"PIEZO1","s954_F_LS_02_ASEReadCounter.table","NW_015090842.1:9584337",0,4,4
"PIEZO1","s954_F_LS_02_ASEReadCounter.table","NW_015090842.1:9584425",1,5,4
"PIEZO1","s954_F_LS_02_ASEReadCounter.table","NW_015090842.1:9584435",1,5,4
"PIEZO1","s954_F_LS_02_ASEReadCounter.table","NW_015090842.1:9584438",1,5,4
"PIEZO1","s954_F_LS_02_ASEReadCounter.table","NW_015090842.1:9584441",1,5,4
"CDT1","s954_F_LS_02_ASEReadCounter.table","NW_015090842.1:9596596",0,2,2
"CDT1","s954_F_LS_02_ASEReadCounter.table","NW_015090842.1:9597054",2,4,2
"CDT1","s954_F_LS_02_ASEReadCounter.table","NW_015090842.1:9597074",3,5,2
"CDT1","s954_F_LS_02_ASEReadCounter.table","NW_015090842.1:9597137",3,7,4
"CDT1","s954_F_LS_02_ASEReadCounter.table","NW_015090842.1:9597756",3,5,2
"CDT1","s954_F_LS_02_ASEReadCounter.table","NW_015090842.1:9597766",5,7,2
"CDT1","s954_F_LS_02_ASEReadCounter.table","NW_015090842.1:9598496",9,14,5
"CDT1","s954_F_LS_02_ASEReadCounter.table","NW_015090842.1:9598498",9,14,5
"CDT1","s954_F_LS_02_ASEReadCounter.table","NW_015090842.1:9598816",4,7,3
"CDT1","s954_F_LS_02_ASEReadCounter.table","NW_015090842.1:9598879",6,11,5
"CDT1","s954_F_LS_02_ASEReadCounter.table","NW_015090842.1:9598912",6,10,4
"CDT1","s954_F_LS_02_ASEReadCounter.table","NW_015090842.1:9598959",6,9,3
"CDT1","s954_F_LS_02_ASEReadCounter.table","NW_015090842.1:9599807",13,20,7
"CDT1","s954_F_LS_02_ASEReadCounter.table","NW_015090842.1:9599819",12,18,6
"CDT1","s954_F_LS_02_ASEReadCounter.table","NW_015090842.1:9599845",13,20,7
"CDT1","s954_F_LS_02_ASEReadCounter.table","NW_015090842.1:9600148",14,17,3
"CDT1","s954_F_LS_02_ASEReadCounter.table","NW_015090842.1:9600151",14,18,4
"CDT1","s954_F_LS_02_ASEReadCounter.table","NW_015090842.1:9600217",19,24,5
"CDT1","s954_F_LS_02_ASEReadCounter.table","NW_015090842.1:9600226",19,24,5
"CDT1","s954_F_LS_02_ASEReadCounter.table","NW_015090842.1:9600260",18,26,8
"CDT1","s954_F_LS_02_ASEReadCounter.table","NW_015090842.1:9600268",18,26,8
"CDT1","s954_F_LS_02_ASEReadCounter.table","NW_015090842.1:9600305",14,23,9
"CDT1","s954_F_LS_02_ASEReadCounter.table","NW_015090842.1:9600397",20,22,2
"CDT1","s954_F_LS_02_ASEReadCounter.table","NW_015090842.1:9600447",8,12,4
"CDT1","s954_F_LS_02_ASEReadCounter.table","NW_015090842.1:9600450",7,11,4
"CDT1","s954_F_LS_02_ASEReadCounter.table","NW_015090842.1:9600485",9,16,7
"CDT1","s954_F_LS_02_ASEReadCounter.table","NW_015090842.1:9600579",10,15,5
"APRT","s954_F_LS_02_ASEReadCounter.table","NW_015090842.1:9602308",25,72,47
"APRT","s954_F_LS_02_ASEReadCounter.table","NW_015090842.1:9602440",47,127,80
"APRT","s954_F_LS_02_ASEReadCounter.table","NW_015090842.1:9602449",48,132,84
"APRT","s954_F_LS_02_ASEReadCounter.table","NW_015090842.1:9602451",48,137,89
"APRT","s954_F_LS_02_ASEReadCounter.table","NW_015090842.1:9602455",46,139,93
"APRT","s954_F_LS_02_ASEReadCounter.table","NW_015090842.1:9602462",47,137,90
"APRT","s954_F_LS_02_ASEReadCounter.table","NW_015090842.1:9602507",36,117,81
"APRT","s954_F_LS_02_ASEReadCounter.table","NW_015090842.1:9602514",46,130,84
"APRT","s954_F_LS_02_ASEReadCounter.table","NW_015090842.1:9602530",49,134,85
"APRT","s954_F_LS_02_ASEReadCounter.table","NW_015090842.1:9602582",34,114,80
"APRT","s954_F_LS_02_ASEReadCounter.table","NW_015090842.1:9602583",35,114,79
"APRT","s954_F_LS_02_ASEReadCounter.table","NW_015090842.1:9602650",48,134,86
"APRT","s954_F_LS_02_ASEReadCounter.table","NW_015090842.1:9602655",44,126,82
"APRT","s954_F_LS_02_ASEReadCounter.table","NW_015090842.1:9602712",49,149,100
"APRT","s954_F_LS_02_ASEReadCounter.table","NW_015090842.1:9602764",54,168,114
"APRT","s954_F_LS_02_ASEReadCounter.table","NW_015090842.1:9602821",38,135,97
"APRT","s954_F_LS_02_ASEReadCounter.table","NW_015090842.1:9602867",46,128,82
"APRT","s954_F_LS_02_ASEReadCounter.table","NW_015090842.1:9602883",46,131,85
"APRT","s954_F_LS_02_ASEReadCounter.table","NW_015090842.1:9602886",49,137,88
"APRT","s954_F_LS_02_ASEReadCounter.table","NW_015090842.1:9602948",55,147,92
"APRT","s954_F_LS_02_ASEReadCounter.table","NW_015090842.1:9602958",52,144,92
"APRT","s954_F_LS_02_ASEReadCounter.table","NW_015090842.1:9603020",63,174,111
"APRT","s954_F_LS_02_ASEReadCounter.table","NW_015090842.1:9603025",62,173,111
"APRT","s954_F_LS_02_ASEReadCounter.table","NW_015090842.1:9603154",47,137,90
"APRT","s954_F_LS_02_ASEReadCounter.table","NW_015090842.1:9603166",56,149,93
"APRT","s954_F_LS_02_ASEReadCounter.table","NW_015090842.1:9603326",59,136,77
"APRT","s954_F_LS_02_ASEReadCounter.table","NW_015090842.1:9603419",55,119,64
"APRT","s954_F_LS_02_ASEReadCounter.table","NW_015090842.1:9603420",53,119,66
"APRT","s954_F_LS_02_ASEReadCounter.table","NW_015090842.1:9603464",51,108,57
"APRT","s954_F_LS_02_ASEReadCounter.table","NW_015090842.1:9603528",41,117,76
"APRT","s954_F_LS_02_ASEReadCounter.table","NW_015090842.1:9603607",36,107,71
"APRT","s954_F_LS_02_ASEReadCounter.table","NW_015090842.1:9603622",40,94,54
"APRT","s954_F_LS_02_ASEReadCounter.table","NW_015090842.1:9604361",28,89,61
"APRT","s954_F_LS_02_ASEReadCounter.table","NW_015090842.1:9605317",16,64,48
"APRT","s954_F_LS_02_ASEReadCounter.table","NW_015090842.1:9605336",17,63,46
"GALNS","s954_F_LS_02_ASEReadCounter.table","NW_015090842.1:9612872",5,8,3
"GALNS","s954_F_LS_02_ASEReadCounter.table","NW_015090842.1:9612873",5,8,3
"GALNS","s954_F_LS_02_ASEReadCounter.table","NW_015090842.1:9612877",6,8,2
"GALNS","s954_F_LS_02_ASEReadCounter.table","NW_015090842.1:9612942",19,24,5
"GALNS","s954_F_LS_02_ASEReadCounter.table","NW_015090842.1:9612987",21,21,0
"GALNS","s954_F_LS_02_ASEReadCounter.table","NW_015090842.1:9613064",19,30,11
"GALNS","s954_F_LS_02_ASEReadCounter.table","NW_015090842.1:9613096",30,47,17
"GALNS","s954_F_LS_02_ASEReadCounter.table","NW_015090842.1:9613123",23,40,17
"GALNS","s954_F_LS_02_ASEReadCounter.table","NW_015090842.1:9613125",24,41,17
"GALNS","s954_F_LS_02_ASEReadCounter.table","NW_015090842.1:9613193",17,27,10
"GALNS","s954_F_LS_02_ASEReadCounter.table","NW_015090842.1:9613226",16,25,9
"GALNS","s954_F_LS_02_ASEReadCounter.table","NW_015090842.1:9613249",23,40,17
"GALNS","s954_F_LS_02_ASEReadCounter.table","NW_015090842.1:9613256",24,44,20
"GALNS","s954_F_LS_02_ASEReadCounter.table","NW_015090842.1:9613317",18,38,20
"GALNS","s954_F_LS_02_ASEReadCounter.table","NW_015090842.1:9613343",11,28,17
"GALNS","s954_F_LS_02_ASEReadCounter.table","NW_015090842.1:9613344",11,28,17
"GALNS","s954_F_LS_02_ASEReadCounter.table","NW_015090842.1:9613371",11,24,13
"GALNS","s954_F_LS_02_ASEReadCounter.table","NW_015090842.1:9613378",11,24,13
"GALNS","s954_F_LS_02_ASEReadCounter.table","NW_015090842.1:9613379",11,24,13
"GALNS","s954_F_LS_02_ASEReadCounter.table","NW_015090842.1:9613516",12,28,16
"GALNS","s954_F_LS_02_ASEReadCounter.table","NW_015090842.1:9613572",9,25,16
"GALNS","s954_F_LS_02_ASEReadCounter.table","NW_015090842.1:9613597",8,28,20
"GALNS","s954_F_LS_02_ASEReadCounter.table","NW_015090842.1:9613627",9,22,13
"GALNS","s954_F_LS_02_ASEReadCounter.table","NW_015090842.1:9613640",8,24,16
"GALNS","s954_F_LS_02_ASEReadCounter.table","NW_015090842.1:9614025",11,28,17
"GALNS","s954_F_LS_02_ASEReadCounter.table","NW_015090842.1:9614169",13,26,13
"GALNS","s954_F_LS_02_ASEReadCounter.table","NW_015090842.1:9614232",21,21,0
"GALNS","s954_F_LS_02_ASEReadCounter.table","NW_015090842.1:9614667",5,11,6
"GALNS","s954_F_LS_02_ASEReadCounter.table","NW_015090842.1:9614709",5,12,7
"GALNS","s954_F_LS_02_ASEReadCounter.table","NW_015090842.1:9614880",10,16,6
"GALNS","s954_F_LS_02_ASEReadCounter.table","NW_015090842.1:9614902",9,17,8
"GALNS","s954_F_LS_02_ASEReadCounter.table","NW_015090842.1:9614960",7,13,6
"GALNS","s954_F_LS_02_ASEReadCounter.table","NW_015090842.1:9615114",6,20,14
"GALNS","s954_F_LS_02_ASEReadCounter.table","NW_015090842.1:9615199",6,16,10
"GALNS","s954_F_LS_02_ASEReadCounter.table","NW_015090842.1:9615217",4,14,10
"GALNS","s954_F_LS_02_ASEReadCounter.table","NW_015090842.1:9615277",2,14,12
"GALNS","s954_F_LS_02_ASEReadCounter.table","NW_015090842.1:9615377",8,20,12
"GALNS","s954_F_LS_02_ASEReadCounter.table","NW_015090842.1:9647858",4,9,5
"GALNS","s954_F_LS_02_ASEReadCounter.table","NW_015090842.1:9649186",4,5,1
"GALNS","s954_F_LS_02_ASEReadCounter.table","NW_015090842.1:9649237",2,3,1
"GALNS","s954_F_LS_02_ASEReadCounter.table","NW_015090842.1:9661193",2,4,2
"TRAPPC2L","s954_F_LS_02_ASEReadCounter.table","NW_015090842.1:9662951",134,239,105
"TRAPPC2L","s954_F_LS_02_ASEReadCounter.table","NW_015090842.1:9663014",142,239,97
"TRAPPC2L","s954_F_LS_02_ASEReadCounter.table","NW_015090842.1:9664305",187,188,1
"TRAPPC2L","s954_F_LS_02_ASEReadCounter.table","NW_015090842.1:9665155",106,196,90
"TRAPPC2L","s954_F_LS_02_ASEReadCounter.table","NW_015090842.1:9665211",36,70,34
"CBFA2T3","s954_F_LS_02_ASEReadCounter.table","NW_015090842.1:9709469",1,14,13
"CBFA2T3","s954_F_LS_02_ASEReadCounter.table","NW_015090842.1:9709475",1,14,13
"CBFA2T3","s954_F_LS_02_ASEReadCounter.table","NW_015090842.1:9711845",0,6,6
"CBFA2T3","s954_F_LS_02_ASEReadCounter.table","NW_015090842.1:9712157",0,6,6
"CBFA2T3","s954_F_LS_02_ASEReadCounter.table","NW_015090842.1:9712160",0,6,6
"CBFA2T3","s954_F_LS_02_ASEReadCounter.table","NW_015090842.1:9712166",0,6,6
"CBFA2T3","s954_F_LS_02_ASEReadCounter.table","NW_015090842.1:9712536",0,4,4
"CBFA2T3","s954_F_LS_02_ASEReadCounter.table","NW_015090842.1:9712673",1,4,3
"CBFA2T3","s954_F_LS_02_ASEReadCounter.table","NW_015090842.1:9712787",6,10,4
"CBFA2T3","s954_F_LS_02_ASEReadCounter.table","NW_015090842.1:9712791",6,10,4
"CBFA2T3","s954_F_LS_02_ASEReadCounter.table","NW_015090842.1:9712805",7,10,3
"CBFA2T3","s954_F_LS_02_ASEReadCounter.table","NW_015090842.1:9712811",8,12,4
"CBFA2T3","s954_F_LS_02_ASEReadCounter.table","NW_015090842.1:9712848",8,10,2
"CBFA2T3","s954_F_LS_02_ASEReadCounter.table","NW_015090842.1:9713088",10,15,5
"CBFA2T3","s954_F_LS_02_ASEReadCounter.table","NW_015090842.1:9713121",7,11,4
"CBFA2T3","s954_F_LS_02_ASEReadCounter.table","NW_015090842.1:9717058",6,11,5
"CBFA2T3","s954_F_LS_02_ASEReadCounter.table","NW_015090842.1:9717093",3,7,4
"CBFA2T3","s954_F_LS_02_ASEReadCounter.table","NW_015090842.1:9717114",5,11,6
"CBFA2T3","s954_F_LS_02_ASEReadCounter.table","NW_015090842.1:9717139",6,12,6
"CBFA2T3","s954_F_LS_02_ASEReadCounter.table","NW_015090842.1:9719788",3,4,1
"CBFA2T3","s954_F_LS_02_ASEReadCounter.table","NW_015090842.1:9728654",1,1,0
"ACSF3","s954_F_LS_02_ASEReadCounter.table","NW_015090842.1:9773379",0,3,3
"ACSF3","s954_F_LS_02_ASEReadCounter.table","NW_015090842.1:9773382",0,3,3
"ACSF3","s954_F_LS_02_ASEReadCounter.table","NW_015090842.1:9773384",0,3,3
"ACSF3","s954_F_LS_02_ASEReadCounter.table","NW_015090842.1:9773388",0,4,4
"ACSF3","s954_F_LS_02_ASEReadCounter.table","NW_015090842.1:9776753",5,8,3
"ACSF3","s954_F_LS_02_ASEReadCounter.table","NW_015090842.1:9776783",9,12,3
"ACSF3","s954_F_LS_02_ASEReadCounter.table","NW_015090842.1:9776879",7,10,3
"ACSF3","s954_F_LS_02_ASEReadCounter.table","NW_015090842.1:9776965",10,13,3
"ACSF3","s954_F_LS_02_ASEReadCounter.table","NW_015090842.1:9777091",14,19,5
"ACSF3","s954_F_LS_02_ASEReadCounter.table","NW_015090842.1:9777206",13,20,7
"ACSF3","s954_F_LS_02_ASEReadCounter.table","NW_015090842.1:9777283",19,29,10
"ACSF3","s954_F_LS_02_ASEReadCounter.table","NW_015090842.1:9778955",19,35,16
"ACSF3","s954_F_LS_02_ASEReadCounter.table","NW_015090842.1:9778997",32,72,40
"ACSF3","s954_F_LS_02_ASEReadCounter.table","NW_015090842.1:9789311",23,60,37
"ACSF3","s954_F_LS_02_ASEReadCounter.table","NW_015090842.1:9789906",1,30,29
"ACSF3","s954_F_LS_02_ASEReadCounter.table","NW_015090842.1:9834743",40,93,53
"ACSF3","s954_F_LS_02_ASEReadCounter.table","NW_015090842.1:9834852",49,104,55
"ACSF3","s954_F_LS_02_ASEReadCounter.table","NW_015090842.1:9834861",44,99,55
"ACSF3","s954_F_LS_02_ASEReadCounter.table","NW_015090842.1:9839359",35,81,46
"ACSF3","s954_F_LS_02_ASEReadCounter.table","NW_015090842.1:9839378",35,80,45
"ACSF3","s954_F_LS_02_ASEReadCounter.table","NW_015090842.1:9839455",22,69,47
"ACSF3","s954_F_LS_02_ASEReadCounter.table","NW_015090842.1:9839457",22,68,46
"ACSF3","s954_F_LS_02_ASEReadCounter.table","NW_015090842.1:9839489",23,65,42
"ACSF3","s954_F_LS_02_ASEReadCounter.table","NW_015090842.1:9839500",16,55,39
"ACSF3","s954_F_LS_02_ASEReadCounter.table","NW_015090842.1:9839501",16,51,35
"ACSF3","s954_F_LS_02_ASEReadCounter.table","NW_015090842.1:9839504",16,52,36
"ACSF3","s954_F_LS_02_ASEReadCounter.table","NW_015090842.1:9839512",15,44,29
"ACSF3","s954_F_LS_02_ASEReadCounter.table","NW_015090842.1:9839527",13,41,28
"ACSF3","s954_F_LS_02_ASEReadCounter.table","NW_015090842.1:9839533",8,36,28
"ACSF3","s954_F_LS_02_ASEReadCounter.table","NW_015090842.1:9839535",8,33,25
"ACSF3","s954_F_LS_02_ASEReadCounter.table","NW_015090842.1:9839545",3,23,20
"ACSF3","s954_F_LS_02_ASEReadCounter.table","NW_015090842.1:9839550",1,21,20
"ACSF3","s954_F_LS_02_ASEReadCounter.table","NW_015090842.1:9839551",1,21,20
"CDH15","s954_F_LS_02_ASEReadCounter.table","NW_015090842.1:9848004",1,1,0
"CDH15","s954_F_LS_02_ASEReadCounter.table","NW_015090842.1:9848888",1,2,1
"CDH15","s954_F_LS_02_ASEReadCounter.table","NW_015090842.1:9848936",0,1,1
"CDH15","s954_F_LS_02_ASEReadCounter.table","NW_015090842.1:9849086",0,1,1
"CDH15","s954_F_LS_02_ASEReadCounter.table","NW_015090842.1:9849119",0,1,1
"CDH15","s954_F_LS_02_ASEReadCounter.table","NW_015090842.1:9849140",0,1,1
"CDH15","s954_F_LS_02_ASEReadCounter.table","NW_015090842.1:9849473",0,1,1
"CDH15","s954_F_LS_02_ASEReadCounter.table","NW_015090842.1:9850141",1,1,0
"CDH15","s954_F_LS_02_ASEReadCounter.table","NW_015090842.1:9850386",0,1,1
"CDH15","s954_F_LS_02_ASEReadCounter.table","NW_015090842.1:9850432",0,2,2
"SLC22A31","s954_F_LS_02_ASEReadCounter.table","NW_015090842.1:9850797",0,3,3
"SLC22A31","s954_F_LS_02_ASEReadCounter.table","NW_015090842.1:9850818",0,3,3
"SLC22A31","s954_F_LS_02_ASEReadCounter.table","NW_015090842.1:9850929",0,1,1
"SLC22A31","s954_F_LS_02_ASEReadCounter.table","NW_015090842.1:9850936",0,1,1
"SLC22A31","s954_F_LS_02_ASEReadCounter.table","NW_015090842.1:9850940",0,1,1
"SLC22A31","s954_F_LS_02_ASEReadCounter.table","NW_015090842.1:9850948",0,1,1
"SLC22A31","s954_F_LS_02_ASEReadCounter.table","NW_015090842.1:9850978",0,1,1
"SLC22A31","s954_F_LS_02_ASEReadCounter.table","NW_015090842.1:9850981",0,1,1
"SLC22A31","s954_F_LS_02_ASEReadCounter.table","NW_015090842.1:9851117",3,8,5
"SLC22A31","s954_F_LS_02_ASEReadCounter.table","NW_015090842.1:9851130",3,8,5
"SLC22A31","s954_F_LS_02_ASEReadCounter.table","NW_015090842.1:9851139",3,8,5
"SLC22A31","s954_F_LS_02_ASEReadCounter.table","NW_015090842.1:9851265",6,16,10
"SLC22A31","s954_F_LS_02_ASEReadCounter.table","NW_015090842.1:9851302",4,12,8
"SLC22A31","s954_F_LS_02_ASEReadCounter.table","NW_015090842.1:9851303",4,11,7
"SLC22A31","s954_F_LS_02_ASEReadCounter.table","NW_015090842.1:9851305",4,12,8
"SLC22A31","s954_F_LS_02_ASEReadCounter.table","NW_015090842.1:9851343",4,10,6
"SLC22A31","s954_F_LS_02_ASEReadCounter.table","NW_015090842.1:9851344",5,11,6
"SLC22A31","s954_F_LS_02_ASEReadCounter.table","NW_015090842.1:9851361",9,9,0
"SLC22A31","s954_F_LS_02_ASEReadCounter.table","NW_015090842.1:9851381",4,14,10
"SLC22A31","s954_F_LS_02_ASEReadCounter.table","NW_015090842.1:9851421",6,20,14
"SLC22A31","s954_F_LS_02_ASEReadCounter.table","NW_015090842.1:9851501",5,11,6
"SLC22A31","s954_F_LS_02_ASEReadCounter.table","NW_015090842.1:9851526",10,19,9
"SLC22A31","s954_F_LS_02_ASEReadCounter.table","NW_015090842.1:9851589",7,22,15
"SLC22A31","s954_F_LS_02_ASEReadCounter.table","NW_015090842.1:9851712",10,22,12
"SLC22A31","s954_F_LS_02_ASEReadCounter.table","NW_015090842.1:9851899",9,23,14
"SLC22A31","s954_F_LS_02_ASEReadCounter.table","NW_015090842.1:9852139",7,21,14
"SLC22A31","s954_F_LS_02_ASEReadCounter.table","NW_015090842.1:9852380",13,28,15
"SLC22A31","s954_F_LS_02_ASEReadCounter.table","NW_015090842.1:9852431",6,15,9
"SLC22A31","s954_F_LS_02_ASEReadCounter.table","NW_015090842.1:9852630",7,16,9
"SLC22A31","s954_F_LS_02_ASEReadCounter.table","NW_015090842.1:9852711",9,12,3
"SLC22A31","s954_F_LS_02_ASEReadCounter.table","NW_015090842.1:9853099",5,9,4
"SLC22A31","s954_F_LS_02_ASEReadCounter.table","NW_015090842.1:9853102",6,10,4
"SLC22A31","s954_F_LS_02_ASEReadCounter.table","NW_015090842.1:9853421",3,5,2
"SLC22A31","s954_F_LS_02_ASEReadCounter.table","NW_015090842.1:9853457",2,4,2
"SLC22A31","s954_F_LS_02_ASEReadCounter.table","NW_015090842.1:9853502",1,3,2
"ANKRD11","s954_F_LS_02_ASEReadCounter.table","NW_015090842.1:9858863",4,19,15
"ANKRD11","s954_F_LS_02_ASEReadCounter.table","NW_015090842.1:9859101",130,277,147
"ANKRD11","s954_F_LS_02_ASEReadCounter.table","NW_015090842.1:9859352",203,402,199
"ANKRD11","s954_F_LS_02_ASEReadCounter.table","NW_015090842.1:9859381",119,278,159
"ANKRD11","s954_F_LS_02_ASEReadCounter.table","NW_015090842.1:9859679",167,328,161
"ANKRD11","s954_F_LS_02_ASEReadCounter.table","NW_015090842.1:9861097",142,293,151
"ANKRD11","s954_F_LS_02_ASEReadCounter.table","NW_015090842.1:9862571",99,185,86
"ANKRD11","s954_F_LS_02_ASEReadCounter.table","NW_015090842.1:9862652",74,128,54
"ANKRD11","s954_F_LS_02_ASEReadCounter.table","NW_015090842.1:9866071",0,113,113
"ANKRD11","s954_F_LS_02_ASEReadCounter.table","NW_015090842.1:9866200",0,85,85
"ANKRD11","s954_F_LS_02_ASEReadCounter.table","NW_015090842.1:9867391",32,57,25
"ANKRD11","s954_F_LS_02_ASEReadCounter.table","NW_015090842.1:9867472",37,89,52
"ANKRD11","s954_F_LS_02_ASEReadCounter.table","NW_015090842.1:9867559",39,87,48
"ANKRD11","s954_F_LS_02_ASEReadCounter.table","NW_015090842.1:9867667",49,102,53
"ANKRD11","s954_F_LS_02_ASEReadCounter.table","NW_015090842.1:9867934",49,96,47
"ANKRD11","s954_F_LS_02_ASEReadCounter.table","NW_015090842.1:9868064",37,82,45
"ANKRD11","s954_F_LS_02_ASEReadCounter.table","NW_015090842.1:9868093",37,83,46
"ANKRD11","s954_F_LS_02_ASEReadCounter.table","NW_015090842.1:9868222",45,86,41
"ANKRD11","s954_F_LS_02_ASEReadCounter.table","NW_015090842.1:9868327",45,100,55
"ANKRD11","s954_F_LS_02_ASEReadCounter.table","NW_015090842.1:9868414",46,115,69
"ANKRD11","s954_F_LS_02_ASEReadCounter.table","NW_015090842.1:9868441",47,101,54
"ANKRD11","s954_F_LS_02_ASEReadCounter.table","NW_015090842.1:9868444",44,103,59
"ANKRD11","s954_F_LS_02_ASEReadCounter.table","NW_015090842.1:9868519",60,117,57
"ANKRD11","s954_F_LS_02_ASEReadCounter.table","NW_015090842.1:9868609",78,163,85
"ANKRD11","s954_F_LS_02_ASEReadCounter.table","NW_015090842.1:9868666",83,170,87
"ANKRD11","s954_F_LS_02_ASEReadCounter.table","NW_015090842.1:9868738",194,194,0
"ANKRD11","s954_F_LS_02_ASEReadCounter.table","NW_015090842.1:9869431",127,270,143
"ANKRD11","s954_F_LS_02_ASEReadCounter.table","NW_015090842.1:9869578",210,420,210
"ANKRD11","s954_F_LS_02_ASEReadCounter.table","NW_015090842.1:9869734",207,419,212
"ANKRD11","s954_F_LS_02_ASEReadCounter.table","NW_015090842.1:9870070",191,386,195
"ANKRD11","s954_F_LS_02_ASEReadCounter.table","NW_015090842.1:9870349",202,419,217
"ANKRD11","s954_F_LS_02_ASEReadCounter.table","NW_015090842.1:9870604",206,418,212
"ANKRD11","s954_F_LS_02_ASEReadCounter.table","NW_015090842.1:9870613",225,441,216
"ANKRD11","s954_F_LS_02_ASEReadCounter.table","NW_015090842.1:9870685",238,543,305
"ANKRD11","s954_F_LS_02_ASEReadCounter.table","NW_015090842.1:9870760",247,535,288
"ANKRD11","s954_F_LS_02_ASEReadCounter.table","NW_015090842.1:9870847",215,489,274
"ANKRD11","s954_F_LS_02_ASEReadCounter.table","NW_015090842.1:9871103",179,366,187
"ANKRD11","s954_F_LS_02_ASEReadCounter.table","NW_015090842.1:9871165",184,404,220
"ANKRD11","s954_F_LS_02_ASEReadCounter.table","NW_015090842.1:9871508",264,264,0
"ANKRD11","s954_F_LS_02_ASEReadCounter.table","NW_015090842.1:9871820",51,103,52
"ANKRD11","s954_F_LS_02_ASEReadCounter.table","NW_015090842.1:9872118",56,121,65
"ANKRD11","s954_F_LS_02_ASEReadCounter.table","NW_015090842.1:9877406",17,40,23
"SPG7","s954_F_LS_02_ASEReadCounter.table","NW_015090842.1:10051190",104,191,87
"SPG7","s954_F_LS_02_ASEReadCounter.table","NW_015090842.1:10051218",119,227,108
"SPG7","s954_F_LS_02_ASEReadCounter.table","NW_015090842.1:10052348",142,260,118
"SPG7","s954_F_LS_02_ASEReadCounter.table","NW_015090842.1:10052366",146,275,129
"SPG7","s954_F_LS_02_ASEReadCounter.table","NW_015090842.1:10065173",177,339,162
"SPG7","s954_F_LS_02_ASEReadCounter.table","NW_015090842.1:10065215",160,327,167
"SPG7","s954_F_LS_02_ASEReadCounter.table","NW_015090842.1:10066365",133,279,146
"SPG7","s954_F_LS_02_ASEReadCounter.table","NW_015090842.1:10069752",173,349,176
"SPG7","s954_F_LS_02_ASEReadCounter.table","NW_015090842.1:10069800",181,367,186
"SPG7","s954_F_LS_02_ASEReadCounter.table","NW_015090842.1:10071192",214,441,227
"SPG7","s954_F_LS_02_ASEReadCounter.table","NW_015090842.1:10071219",194,409,215
"SPG7","s954_F_LS_02_ASEReadCounter.table","NW_015090842.1:10071967",184,390,206
"SPG7","s954_F_LS_02_ASEReadCounter.table","NW_015090842.1:10075109",330,606,276
"SPG7","s954_F_LS_02_ASEReadCounter.table","NW_015090842.1:10075114",332,609,277
"SPG7","s954_F_LS_02_ASEReadCounter.table","NW_015090842.1:10075198",289,524,235
"SPG7","s954_F_LS_02_ASEReadCounter.table","NW_015090842.1:10075487",215,417,202
"SPG7","s954_F_LS_02_ASEReadCounter.table","NW_015090842.1:10075488",215,416,201
"SPG7","s954_F_LS_02_ASEReadCounter.table","NW_015090842.1:10075548",155,303,148
"RPL13","s954_F_LS_02_ASEReadCounter.table","NW_015090842.1:10077387",584,1158,574
"RPL13","s954_F_LS_02_ASEReadCounter.table","NW_015090842.1:10077978",845,1767,922
"RPL13","s954_F_LS_02_ASEReadCounter.table","NW_015090842.1:10077992",823,1703,880
"CPNE7","s954_F_LS_02_ASEReadCounter.table","NW_015090842.1:10084001",20,37,17
"CPNE7","s954_F_LS_02_ASEReadCounter.table","NW_015090842.1:10084856",12,27,15
"CPNE7","s954_F_LS_02_ASEReadCounter.table","NW_015090842.1:10084872",13,26,13
"CPNE7","s954_F_LS_02_ASEReadCounter.table","NW_015090842.1:10084892",20,33,13
"CPNE7","s954_F_LS_02_ASEReadCounter.table","NW_015090842.1:10084921",27,43,16
"CPNE7","s954_F_LS_02_ASEReadCounter.table","NW_015090842.1:10084935",27,45,18
"CPNE7","s954_F_LS_02_ASEReadCounter.table","NW_015090842.1:10085000",23,54,31
"CPNE7","s954_F_LS_02_ASEReadCounter.table","NW_015090842.1:10085089",24,57,33
"CPNE7","s954_F_LS_02_ASEReadCounter.table","NW_015090842.1:10085096",22,54,32
"CPNE7","s954_F_LS_02_ASEReadCounter.table","NW_015090842.1:10085126",26,54,28
"CPNE7","s954_F_LS_02_ASEReadCounter.table","NW_015090842.1:10085167",45,45,0
"CPNE7","s954_F_LS_02_ASEReadCounter.table","NW_015090842.1:10085180",19,45,26
"CPNE7","s954_F_LS_02_ASEReadCounter.table","NW_015090842.1:10085201",21,42,21
"CPNE7","s954_F_LS_02_ASEReadCounter.table","NW_015090842.1:10088134",49,85,36
"CPNE7","s954_F_LS_02_ASEReadCounter.table","NW_015090842.1:10088146",46,85,39
"CPNE7","s954_F_LS_02_ASEReadCounter.table","NW_015090842.1:10088806",47,89,42
"CPNE7","s954_F_LS_02_ASEReadCounter.table","NW_015090842.1:10088940",66,113,47
"CPNE7","s954_F_LS_02_ASEReadCounter.table","NW_015090842.1:10088965",60,103,43
"CPNE7","s954_F_LS_02_ASEReadCounter.table","NW_015090842.1:10088967",60,103,43
"CPNE7","s954_F_LS_02_ASEReadCounter.table","NW_015090842.1:10088973",53,95,42
"CPNE7","s954_F_LS_02_ASEReadCounter.table","NW_015090842.1:10090924",103,213,110
"CPNE7","s954_F_LS_02_ASEReadCounter.table","NW_015090842.1:10090930",104,217,113
"CPNE7","s954_F_LS_02_ASEReadCounter.table","NW_015090842.1:10091075",95,187,92
"CPNE7","s954_F_LS_02_ASEReadCounter.table","NW_015090842.1:10091389",87,201,114
"CPNE7","s954_F_LS_02_ASEReadCounter.table","NW_015090842.1:10091407",103,222,119
"CPNE7","s954_F_LS_02_ASEReadCounter.table","NW_015090842.1:10091488",222,222,0
"CPNE7","s954_F_LS_02_ASEReadCounter.table","NW_015090842.1:10091491",223,223,0
"CPNE7","s954_F_LS_02_ASEReadCounter.table","NW_015090842.1:10091530",92,215,123
"CPNE7","s954_F_LS_02_ASEReadCounter.table","NW_015090842.1:10091875",125,247,122
"CPNE7","s954_F_LS_02_ASEReadCounter.table","NW_015090842.1:10091983",125,213,88
"CPNE7","s954_F_LS_02_ASEReadCounter.table","NW_015090842.1:10091997",125,220,95
"CPNE7","s954_F_LS_02_ASEReadCounter.table","NW_015090842.1:10092038",66,131,65
"CPNE7","s954_F_LS_02_ASEReadCounter.table","NW_015090842.1:10092140",73,174,101
"CPNE7","s954_F_LS_02_ASEReadCounter.table","NW_015090842.1:10092183",56,115,59
"CPNE7","s954_F_LS_02_ASEReadCounter.table","NW_015090842.1:10092201",47,88,41
"CPNE7","s954_F_LS_02_ASEReadCounter.table","NW_015090842.1:10092230",34,60,26
"CPNE7","s954_F_LS_02_ASEReadCounter.table","NW_015090842.1:10092246",23,39,16
"LOC106888185","s954_F_LS_02_ASEReadCounter.table","NW_015090842.1:10094965",0,1,1
"LOC106888185","s954_F_LS_02_ASEReadCounter.table","NW_015090842.1:10094966",0,1,1
"LOC106888185","s954_F_LS_02_ASEReadCounter.table","NW_015090842.1:10094985",1,3,2
"LOC106888185","s954_F_LS_02_ASEReadCounter.table","NW_015090842.1:10095055",0,1,1
"LOC106888185","s954_F_LS_02_ASEReadCounter.table","NW_015090842.1:10095062",0,1,1
"LOC106888185","s954_F_LS_02_ASEReadCounter.table","NW_015090842.1:10095130",0,5,5
"LOC106888185","s954_F_LS_02_ASEReadCounter.table","NW_015090842.1:10095265",4,8,4
"LOC106888185","s954_F_LS_02_ASEReadCounter.table","NW_015090842.1:10095586",3,9,6
"LOC106888185","s954_F_LS_02_ASEReadCounter.table","NW_015090842.1:10095593",4,11,7
"LOC106888185","s954_F_LS_02_ASEReadCounter.table","NW_015090842.1:10095616",5,13,8
"LOC106888185","s954_F_LS_02_ASEReadCounter.table","NW_015090842.1:10095662",4,10,6
"LOC106888185","s954_F_LS_02_ASEReadCounter.table","NW_015090842.1:10095674",4,8,4
"LOC106888185","s954_F_LS_02_ASEReadCounter.table","NW_015090842.1:10095786",2,5,3
"LOC106888185","s954_F_LS_02_ASEReadCounter.table","NW_015090842.1:10095831",4,9,5
"LOC106888185","s954_F_LS_02_ASEReadCounter.table","NW_015090842.1:10096230",4,8,4
"LOC106888185","s954_F_LS_02_ASEReadCounter.table","NW_015090842.1:10096249",5,10,5
"LOC106888185","s954_F_LS_02_ASEReadCounter.table","NW_015090842.1:10096272",4,11,7
"LOC106888185","s954_F_LS_02_ASEReadCounter.table","NW_015090842.1:10096288",3,9,6
"LOC106888185","s954_F_LS_02_ASEReadCounter.table","NW_015090842.1:10097248",3,5,2
"LOC106888185","s954_F_LS_02_ASEReadCounter.table","NW_015090842.1:10097265",5,9,4
"LOC106888185","s954_F_LS_02_ASEReadCounter.table","NW_015090842.1:10097446",0,1,1
"DPEP1","s954_F_LS_02_ASEReadCounter.table","NW_015090842.1:10098659",1,2,1
"DPEP1","s954_F_LS_02_ASEReadCounter.table","NW_015090842.1:10099765",0,1,1
"DPEP1","s954_F_LS_02_ASEReadCounter.table","NW_015090842.1:10099985",0,1,1
"DPEP1","s954_F_LS_02_ASEReadCounter.table","NW_015090842.1:10099986",0,1,1
"DPEP1","s954_F_LS_02_ASEReadCounter.table","NW_015090842.1:10099991",0,1,1
"DPEP1","s954_F_LS_02_ASEReadCounter.table","NW_015090842.1:10100084",0,2,2
"DPEP1","s954_F_LS_02_ASEReadCounter.table","NW_015090842.1:10100295",0,2,2
"DPEP1","s954_F_LS_02_ASEReadCounter.table","NW_015090842.1:10100893",0,1,1
"DPEP1","s954_F_LS_02_ASEReadCounter.table","NW_015090842.1:10100902",0,1,1
"DPEP1","s954_F_LS_02_ASEReadCounter.table","NW_015090842.1:10101483",0,2,2
"DPEP1","s954_F_LS_02_ASEReadCounter.table","NW_015090842.1:10101497",0,2,2
"DPEP1","s954_F_LS_02_ASEReadCounter.table","NW_015090842.1:10101525",0,2,2
"DPEP1","s954_F_LS_02_ASEReadCounter.table","NW_015090842.1:10101875",0,2,2
"DPEP1","s954_F_LS_02_ASEReadCounter.table","NW_015090842.1:10101913",0,1,1
"CHMP1A","s954_F_LS_02_ASEReadCounter.table","NW_015090842.1:10102901",83,202,119
"CHMP1A","s954_F_LS_02_ASEReadCounter.table","NW_015090842.1:10102961",59,185,126
"CHMP1A","s954_F_LS_02_ASEReadCounter.table","NW_015090842.1:10102996",57,180,123
"CHMP1A","s954_F_LS_02_ASEReadCounter.table","NW_015090842.1:10103004",66,185,119
"CHMP1A","s954_F_LS_02_ASEReadCounter.table","NW_015090842.1:10103006",64,187,123
"CHMP1A","s954_F_LS_02_ASEReadCounter.table","NW_015090842.1:10103052",111,248,137
"CHMP1A","s954_F_LS_02_ASEReadCounter.table","NW_015090842.1:10103095",116,262,146
"CHMP1A","s954_F_LS_02_ASEReadCounter.table","NW_015090842.1:10103096",118,263,145
"CHMP1A","s954_F_LS_02_ASEReadCounter.table","NW_015090842.1:10103152",98,208,110
"CHMP1A","s954_F_LS_02_ASEReadCounter.table","NW_015090842.1:10103173",104,215,111
"CHMP1A","s954_F_LS_02_ASEReadCounter.table","NW_015090842.1:10103334",66,147,81
"CHMP1A","s954_F_LS_02_ASEReadCounter.table","NW_015090842.1:10103373",36,126,90
"CHMP1A","s954_F_LS_02_ASEReadCounter.table","NW_015090842.1:10103408",65,157,92
"CHMP1A","s954_F_LS_02_ASEReadCounter.table","NW_015090842.1:10103412",68,159,91
"CHMP1A","s954_F_LS_02_ASEReadCounter.table","NW_015090842.1:10103512",81,179,98
"CHMP1A","s954_F_LS_02_ASEReadCounter.table","NW_015090842.1:10103513",82,178,96
"CHMP1A","s954_F_LS_02_ASEReadCounter.table","NW_015090842.1:10103583",77,163,86
"CHMP1A","s954_F_LS_02_ASEReadCounter.table","NW_015090842.1:10103614",79,163,84
"CHMP1A","s954_F_LS_02_ASEReadCounter.table","NW_015090842.1:10103657",82,159,77
"CHMP1A","s954_F_LS_02_ASEReadCounter.table","NW_015090842.1:10103669",72,148,76
"CHMP1A","s954_F_LS_02_ASEReadCounter.table","NW_015090842.1:10103674",68,139,71
"CHMP1A","s954_F_LS_02_ASEReadCounter.table","NW_015090842.1:10103677",66,135,69
"CHMP1A","s954_F_LS_02_ASEReadCounter.table","NW_015090842.1:10103729",86,164,78
"CHMP1A","s954_F_LS_02_ASEReadCounter.table","NW_015090842.1:10103758",93,173,80
"CHMP1A","s954_F_LS_02_ASEReadCounter.table","NW_015090842.1:10103761",91,174,83
"CHMP1A","s954_F_LS_02_ASEReadCounter.table","NW_015090842.1:10103788",101,207,106
"CHMP1A","s954_F_LS_02_ASEReadCounter.table","NW_015090842.1:10103789",104,208,104
"CHMP1A","s954_F_LS_02_ASEReadCounter.table","NW_015090842.1:10103790",103,209,106
"CHMP1A","s954_F_LS_02_ASEReadCounter.table","NW_015090842.1:10103950",82,167,85
"CHMP1A","s954_F_LS_02_ASEReadCounter.table","NW_015090842.1:10104335",45,100,55
"CHMP1A","s954_F_LS_02_ASEReadCounter.table","NW_015090842.1:10104429",87,143,56
"CHMP1A","s954_F_LS_02_ASEReadCounter.table","NW_015090842.1:10104532",81,157,76
"CHMP1A","s954_F_LS_02_ASEReadCounter.table","NW_015090842.1:10104633",46,112,66
"CHMP1A","s954_F_LS_02_ASEReadCounter.table","NW_015090842.1:10104759",56,121,65
"CHMP1A","s954_F_LS_02_ASEReadCounter.table","NW_015090842.1:10104794",60,133,73
"CHMP1A","s954_F_LS_02_ASEReadCounter.table","NW_015090842.1:10104841",96,96,0
"CHMP1A","s954_F_LS_02_ASEReadCounter.table","NW_015090842.1:10104844",33,94,61
"CHMP1A","s954_F_LS_02_ASEReadCounter.table","NW_015090842.1:10106242",55,111,56
"CHMP1A","s954_F_LS_02_ASEReadCounter.table","NW_015090842.1:10106290",43,91,48
"CHMP1A","s954_F_LS_02_ASEReadCounter.table","NW_015090842.1:10106335",50,99,49
"CHMP1A","s954_F_LS_02_ASEReadCounter.table","NW_015090842.1:10106383",62,122,60
"CHMP1A","s954_F_LS_02_ASEReadCounter.table","NW_015090842.1:10106747",71,125,54
"CHMP1A","s954_F_LS_02_ASEReadCounter.table","NW_015090842.1:10107404",68,119,51
"CHMP1A","s954_F_LS_02_ASEReadCounter.table","NW_015090842.1:10107876",72,117,45
"CDK10","s954_F_LS_02_ASEReadCounter.table","NW_015090842.1:10109030",11,13,2
"CDK10","s954_F_LS_02_ASEReadCounter.table","NW_015090842.1:10109963",38,120,82
"CDK10","s954_F_LS_02_ASEReadCounter.table","NW_015090842.1:10110887",45,113,68
"CDK10","s954_F_LS_02_ASEReadCounter.table","NW_015090842.1:10111254",32,99,67
"CDK10","s954_F_LS_02_ASEReadCounter.table","NW_015090842.1:10111380",37,125,88
"CDK10","s954_F_LS_02_ASEReadCounter.table","NW_015090842.1:10111395",44,136,92
"CDK10","s954_F_LS_02_ASEReadCounter.table","NW_015090842.1:10111437",30,107,77
"CDK10","s954_F_LS_02_ASEReadCounter.table","NW_015090842.1:10111798",45,125,80
"CDK10","s954_F_LS_02_ASEReadCounter.table","NW_015090842.1:10111840",50,143,93
"CDK10","s954_F_LS_02_ASEReadCounter.table","NW_015090842.1:10112031",53,144,91
"CDK10","s954_F_LS_02_ASEReadCounter.table","NW_015090842.1:10112285",54,163,109
"CDK10","s954_F_LS_02_ASEReadCounter.table","NW_015090842.1:10112398",59,164,105
"CDK10","s954_F_LS_02_ASEReadCounter.table","NW_015090842.1:10112455",52,148,96
"CDK10","s954_F_LS_02_ASEReadCounter.table","NW_015090842.1:10112461",52,139,87
"CDK10","s954_F_LS_02_ASEReadCounter.table","NW_015090842.1:10112497",44,128,84
"CDK10","s954_F_LS_02_ASEReadCounter.table","NW_015090842.1:10112508",40,133,93
"CDK10","s954_F_LS_02_ASEReadCounter.table","NW_015090842.1:10112518",30,114,84
"CDK10","s954_F_LS_02_ASEReadCounter.table","NW_015090842.1:10112540",15,101,86
"CDK10","s954_F_LS_02_ASEReadCounter.table","NW_015090842.1:10112556",39,124,85
"CDK10","s954_F_LS_02_ASEReadCounter.table","NW_015090842.1:10112561",42,140,98
"CDK10","s954_F_LS_02_ASEReadCounter.table","NW_015090842.1:10112596",53,152,99
"CDK10","s954_F_LS_02_ASEReadCounter.table","NW_015090842.1:10112630",49,127,78
"CDK10","s954_F_LS_02_ASEReadCounter.table","NW_015090842.1:10112656",50,126,76
"CDK10","s954_F_LS_02_ASEReadCounter.table","NW_015090842.1:10112665",42,95,53
"CDK10","s954_F_LS_02_ASEReadCounter.table","NW_015090842.1:10112668",42,95,53
"CDK10","s954_F_LS_02_ASEReadCounter.table","NW_015090842.1:10112781",30,53,23
"CDK10","s954_F_LS_02_ASEReadCounter.table","NW_015090842.1:10112782",30,54,24
"CDK10","s954_F_LS_02_ASEReadCounter.table","NW_015090842.1:10112795",30,50,20
"CDK10","s954_F_LS_02_ASEReadCounter.table","NW_015090842.1:10112841",17,24,7
"CDK10","s954_F_LS_02_ASEReadCounter.table","NW_015090842.1:10112861",12,18,6
"SPATA2L","s954_F_LS_02_ASEReadCounter.table","NW_015090842.1:10113212",22,47,25
"SPATA2L","s954_F_LS_02_ASEReadCounter.table","NW_015090842.1:10113280",42,97,55
"SPATA2L","s954_F_LS_02_ASEReadCounter.table","NW_015090842.1:10113296",45,104,59
"SPATA2L","s954_F_LS_02_ASEReadCounter.table","NW_015090842.1:10113321",53,117,64
"SPATA2L","s954_F_LS_02_ASEReadCounter.table","NW_015090842.1:10113332",56,123,67
"SPATA2L","s954_F_LS_02_ASEReadCounter.table","NW_015090842.1:10113380",55,122,67
"SPATA2L","s954_F_LS_02_ASEReadCounter.table","NW_015090842.1:10113381",54,125,71
"SPATA2L","s954_F_LS_02_ASEReadCounter.table","NW_015090842.1:10113412",51,128,77
"SPATA2L","s954_F_LS_02_ASEReadCounter.table","NW_015090842.1:10113421",53,132,79
"SPATA2L","s954_F_LS_02_ASEReadCounter.table","NW_015090842.1:10113465",40,119,79
"SPATA2L","s954_F_LS_02_ASEReadCounter.table","NW_015090842.1:10113535",57,131,74
"SPATA2L","s954_F_LS_02_ASEReadCounter.table","NW_015090842.1:10113645",57,148,91
"SPATA2L","s954_F_LS_02_ASEReadCounter.table","NW_015090842.1:10113682",72,175,103
"SPATA2L","s954_F_LS_02_ASEReadCounter.table","NW_015090842.1:10113696",69,161,92
"SPATA2L","s954_F_LS_02_ASEReadCounter.table","NW_015090842.1:10113727",76,165,89
"SPATA2L","s954_F_LS_02_ASEReadCounter.table","NW_015090842.1:10113799",75,151,76
"SPATA2L","s954_F_LS_02_ASEReadCounter.table","NW_015090842.1:10113809",84,166,82
"SPATA2L","s954_F_LS_02_ASEReadCounter.table","NW_015090842.1:10113827",83,166,83
"SPATA2L","s954_F_LS_02_ASEReadCounter.table","NW_015090842.1:10113831",82,170,88
"SPATA2L","s954_F_LS_02_ASEReadCounter.table","NW_015090842.1:10113894",88,158,70
"SPATA2L","s954_F_LS_02_ASEReadCounter.table","NW_015090842.1:10113905",73,136,63
"SPATA2L","s954_F_LS_02_ASEReadCounter.table","NW_015090842.1:10113914",72,135,63
"SPATA2L","s954_F_LS_02_ASEReadCounter.table","NW_015090842.1:10113920",80,142,62
"SPATA2L","s954_F_LS_02_ASEReadCounter.table","NW_015090842.1:10113937",88,155,67
"SPATA2L","s954_F_LS_02_ASEReadCounter.table","NW_015090842.1:10113971",61,130,69
"SPATA2L","s954_F_LS_02_ASEReadCounter.table","NW_015090842.1:10113976",47,134,87
"SPATA2L","s954_F_LS_02_ASEReadCounter.table","NW_015090842.1:10113985",51,114,63
"SPATA2L","s954_F_LS_02_ASEReadCounter.table","NW_015090842.1:10113994",65,140,75
"SPATA2L","s954_F_LS_02_ASEReadCounter.table","NW_015090842.1:10114063",52,131,79
"SPATA2L","s954_F_LS_02_ASEReadCounter.table","NW_015090842.1:10114066",47,125,78
"SPATA2L","s954_F_LS_02_ASEReadCounter.table","NW_015090842.1:10114069",50,129,79
"SPATA2L","s954_F_LS_02_ASEReadCounter.table","NW_015090842.1:10114121",42,98,56
"SPATA2L","s954_F_LS_02_ASEReadCounter.table","NW_015090842.1:10114159",46,103,57
"SPATA2L","s954_F_LS_02_ASEReadCounter.table","NW_015090842.1:10114282",117,117,0
"SPATA2L","s954_F_LS_02_ASEReadCounter.table","NW_015090842.1:10114470",40,91,51
"SPATA2L","s954_F_LS_02_ASEReadCounter.table","NW_015090842.1:10114524",29,67,38
"VPS9D1","s954_F_LS_02_ASEReadCounter.table","NW_015090842.1:10116377",40,93,53
"VPS9D1","s954_F_LS_02_ASEReadCounter.table","NW_015090842.1:10116415",34,90,56
"VPS9D1","s954_F_LS_02_ASEReadCounter.table","NW_015090842.1:10116607",29,78,49
"VPS9D1","s954_F_LS_02_ASEReadCounter.table","NW_015090842.1:10116816",61,61,0
"VPS9D1","s954_F_LS_02_ASEReadCounter.table","NW_015090842.1:10116821",30,68,38
"VPS9D1","s954_F_LS_02_ASEReadCounter.table","NW_015090842.1:10116825",28,58,30
"VPS9D1","s954_F_LS_02_ASEReadCounter.table","NW_015090842.1:10116882",34,77,43
"VPS9D1","s954_F_LS_02_ASEReadCounter.table","NW_015090842.1:10116885",32,70,38
"VPS9D1","s954_F_LS_02_ASEReadCounter.table","NW_015090842.1:10116933",24,61,37
"VPS9D1","s954_F_LS_02_ASEReadCounter.table","NW_015090842.1:10116942",26,63,37
"VPS9D1","s954_F_LS_02_ASEReadCounter.table","NW_015090842.1:10117152",31,77,46
"VPS9D1","s954_F_LS_02_ASEReadCounter.table","NW_015090842.1:10117396",41,41,0
"VPS9D1","s954_F_LS_02_ASEReadCounter.table","NW_015090842.1:10117405",22,22,0
"VPS9D1","s954_F_LS_02_ASEReadCounter.table","NW_015090842.1:10117480",20,46,26
"VPS9D1","s954_F_LS_02_ASEReadCounter.table","NW_015090842.1:10117497",21,46,25
"VPS9D1","s954_F_LS_02_ASEReadCounter.table","NW_015090842.1:10117499",20,45,25
"VPS9D1","s954_F_LS_02_ASEReadCounter.table","NW_015090842.1:10117516",28,64,36
"VPS9D1","s954_F_LS_02_ASEReadCounter.table","NW_015090842.1:10117525",31,69,38
"VPS9D1","s954_F_LS_02_ASEReadCounter.table","NW_015090842.1:10117579",26,67,41
"VPS9D1","s954_F_LS_02_ASEReadCounter.table","NW_015090842.1:10117627",23,55,32
"VPS9D1","s954_F_LS_02_ASEReadCounter.table","NW_015090842.1:10117678",17,63,46
"VPS9D1","s954_F_LS_02_ASEReadCounter.table","NW_015090842.1:10117773",38,77,39
"VPS9D1","s954_F_LS_02_ASEReadCounter.table","NW_015090842.1:10117937",38,87,49
"VPS9D1","s954_F_LS_02_ASEReadCounter.table","NW_015090842.1:10117961",31,78,47
"VPS9D1","s954_F_LS_02_ASEReadCounter.table","NW_015090842.1:10118236",25,81,56
"VPS9D1","s954_F_LS_02_ASEReadCounter.table","NW_015090842.1:10118414",34,85,51
"VPS9D1","s954_F_LS_02_ASEReadCounter.table","NW_015090842.1:10118973",33,77,44
"VPS9D1","s954_F_LS_02_ASEReadCounter.table","NW_015090842.1:10119500",16,45,29
"ZNF276","s954_F_LS_02_ASEReadCounter.table","NW_015090842.1:10121760",2,2,0
"ZNF276","s954_F_LS_02_ASEReadCounter.table","NW_015090842.1:10121769",2,3,1
"ZNF276","s954_F_LS_02_ASEReadCounter.table","NW_015090842.1:10121802",7,9,2
"ZNF276","s954_F_LS_02_ASEReadCounter.table","NW_015090842.1:10121971",11,19,8
"ZNF276","s954_F_LS_02_ASEReadCounter.table","NW_015090842.1:10122883",10,15,5
"ZNF276","s954_F_LS_02_ASEReadCounter.table","NW_015090842.1:10123069",10,18,8
"ZNF276","s954_F_LS_02_ASEReadCounter.table","NW_015090842.1:10123207",21,35,14
"ZNF276","s954_F_LS_02_ASEReadCounter.table","NW_015090842.1:10125787",14,30,16
"ZNF276","s954_F_LS_02_ASEReadCounter.table","NW_015090842.1:10126309",19,38,19
"ZNF276","s954_F_LS_02_ASEReadCounter.table","NW_015090842.1:10126348",17,47,30
"ZNF276","s954_F_LS_02_ASEReadCounter.table","NW_015090842.1:10126978",26,63,37
"ZNF276","s954_F_LS_02_ASEReadCounter.table","NW_015090842.1:10126991",25,60,35
"ZNF276","s954_F_LS_02_ASEReadCounter.table","NW_015090842.1:10127023",30,64,34
"ZNF276","s954_F_LS_02_ASEReadCounter.table","NW_015090842.1:10127063",26,51,25
"ZNF276","s954_F_LS_02_ASEReadCounter.table","NW_015090842.1:10127373",20,46,26
"ZNF276","s954_F_LS_02_ASEReadCounter.table","NW_015090842.1:10127931",30,55,25
"ZNF276","s954_F_LS_02_ASEReadCounter.table","NW_015090842.1:10128070",38,62,24
"ZNF276","s954_F_LS_02_ASEReadCounter.table","NW_015090842.1:10128102",36,60,24
"ZNF276","s954_F_LS_02_ASEReadCounter.table","NW_015090842.1:10128356",24,49,25
"ZNF276","s954_F_LS_02_ASEReadCounter.table","NW_015090842.1:10128497",24,36,12
"FANCA","s954_F_LS_02_ASEReadCounter.table","NW_015090842.1:10128743",0,1,1
"FANCA","s954_F_LS_02_ASEReadCounter.table","NW_015090842.1:10128822",1,2,1
"FANCA","s954_F_LS_02_ASEReadCounter.table","NW_015090842.1:10129383",1,2,1
"FANCA","s954_F_LS_02_ASEReadCounter.table","NW_015090842.1:10129390",0,1,1
"FANCA","s954_F_LS_02_ASEReadCounter.table","NW_015090842.1:10129422",0,1,1
"FANCA","s954_F_LS_02_ASEReadCounter.table","NW_015090842.1:10129969",0,1,1
"FANCA","s954_F_LS_02_ASEReadCounter.table","NW_015090842.1:10130857",0,2,2
"FANCA","s954_F_LS_02_ASEReadCounter.table","NW_015090842.1:10130878",0,1,1
"FANCA","s954_F_LS_02_ASEReadCounter.table","NW_015090842.1:10133530",0,2,2
"FANCA","s954_F_LS_02_ASEReadCounter.table","NW_015090842.1:10133533",0,2,2
"FANCA","s954_F_LS_02_ASEReadCounter.table","NW_015090842.1:10133536",0,2,2
"FANCA","s954_F_LS_02_ASEReadCounter.table","NW_015090842.1:10133601",0,1,1
"FANCA","s954_F_LS_02_ASEReadCounter.table","NW_015090842.1:10134531",0,1,1
"FANCA","s954_F_LS_02_ASEReadCounter.table","NW_015090842.1:10136957",0,1,1
"FANCA","s954_F_LS_02_ASEReadCounter.table","NW_015090842.1:10137673",0,1,1
"FANCA","s954_F_LS_02_ASEReadCounter.table","NW_015090842.1:10138618",0,1,1
"FANCA","s954_F_LS_02_ASEReadCounter.table","NW_015090842.1:10139140",0,1,1
"FANCA","s954_F_LS_02_ASEReadCounter.table","NW_015090842.1:10158957",0,1,1
"FANCA","s954_F_LS_02_ASEReadCounter.table","NW_015090842.1:10160177",0,1,1
"SPIRE2","s954_F_LS_02_ASEReadCounter.table","NW_015090842.1:10172284",16,27,11
"SPIRE2","s954_F_LS_02_ASEReadCounter.table","NW_015090842.1:10175262",27,42,15
"SPIRE2","s954_F_LS_02_ASEReadCounter.table","NW_015090842.1:10175352",18,32,14
"SPIRE2","s954_F_LS_02_ASEReadCounter.table","NW_015090842.1:10175400",47,93,46
"SPIRE2","s954_F_LS_02_ASEReadCounter.table","NW_015090842.1:10175418",47,97,50
"SPIRE2","s954_F_LS_02_ASEReadCounter.table","NW_015090842.1:10175704",50,93,43
"SPIRE2","s954_F_LS_02_ASEReadCounter.table","NW_015090842.1:10176115",69,139,70
"SPIRE2","s954_F_LS_02_ASEReadCounter.table","NW_015090842.1:10176561",81,142,61
"SPIRE2","s954_F_LS_02_ASEReadCounter.table","NW_015090842.1:10176817",89,166,77
"SPIRE2","s954_F_LS_02_ASEReadCounter.table","NW_015090842.1:10177084",47,110,63
"SPIRE2","s954_F_LS_02_ASEReadCounter.table","NW_015090842.1:10177110",47,97,50
"SPIRE2","s954_F_LS_02_ASEReadCounter.table","NW_015090842.1:10177838",71,150,79
"SPIRE2","s954_F_LS_02_ASEReadCounter.table","NW_015090842.1:10178000",94,177,83
"SPIRE2","s954_F_LS_02_ASEReadCounter.table","NW_015090842.1:10178164",107,195,88
"SPIRE2","s954_F_LS_02_ASEReadCounter.table","NW_015090842.1:10178216",115,203,88
"SPIRE2","s954_F_LS_02_ASEReadCounter.table","NW_015090842.1:10178403",85,154,69
"SPIRE2","s954_F_LS_02_ASEReadCounter.table","NW_015090842.1:10178409",77,146,69
"SPIRE2","s954_F_LS_02_ASEReadCounter.table","NW_015090842.1:10178524",98,159,61
"SPIRE2","s954_F_LS_02_ASEReadCounter.table","NW_015090842.1:10178526",98,160,62
"SPIRE2","s954_F_LS_02_ASEReadCounter.table","NW_015090842.1:10178531",94,151,57
"SPIRE2","s954_F_LS_02_ASEReadCounter.table","NW_015090842.1:10178565",84,142,58
"SPIRE2","s954_F_LS_02_ASEReadCounter.table","NW_015090842.1:10178587",76,127,51
"SPIRE2","s954_F_LS_02_ASEReadCounter.table","NW_015090842.1:10178640",55,105,50
"SPIRE2","s954_F_LS_02_ASEReadCounter.table","NW_015090842.1:10178651",65,123,58
"SPIRE2","s954_F_LS_02_ASEReadCounter.table","NW_015090842.1:10178682",60,116,56
"TCF25","s954_F_LS_02_ASEReadCounter.table","NW_015090842.1:10180912",44,67,23
"TCF25","s954_F_LS_02_ASEReadCounter.table","NW_015090842.1:10180924",47,70,23
"TCF25","s954_F_LS_02_ASEReadCounter.table","NW_015090842.1:10180931",52,75,23
"TCF25","s954_F_LS_02_ASEReadCounter.table","NW_015090842.1:10185332",117,206,89
"TCF25","s954_F_LS_02_ASEReadCounter.table","NW_015090842.1:10188816",105,153,48
"DBNDD1","s954_F_LS_02_ASEReadCounter.table","NW_015090842.1:10223105",52,121,69
"GAS8","s954_F_LS_02_ASEReadCounter.table","NW_015090842.1:10228982",21,42,21
"GAS8","s954_F_LS_02_ASEReadCounter.table","NW_015090842.1:10229832",27,51,24
"GAS8","s954_F_LS_02_ASEReadCounter.table","NW_015090842.1:10232375",31,63,32
"GAS8","s954_F_LS_02_ASEReadCounter.table","NW_015090842.1:10232901",28,63,35
"GAS8","s954_F_LS_02_ASEReadCounter.table","NW_015090842.1:10232928",32,65,33
"GAS8","s954_F_LS_02_ASEReadCounter.table","NW_015090842.1:10232967",35,69,34
"GAS8","s954_F_LS_02_ASEReadCounter.table","NW_015090842.1:10233032",22,44,22
"GAS8","s954_F_LS_02_ASEReadCounter.table","NW_015090842.1:10233057",20,36,16
"GAS8","s954_F_LS_02_ASEReadCounter.table","NW_015090842.1:10233058",20,38,18
"GAS8","s954_F_LS_02_ASEReadCounter.table","NW_015090842.1:10233176",22,36,14
"GAS8","s954_F_LS_02_ASEReadCounter.table","NW_015090842.1:10233196",21,32,11
"GAS8","s954_F_LS_02_ASEReadCounter.table","NW_015090842.1:10233252",18,33,15
"GAS8","s954_F_LS_02_ASEReadCounter.table","NW_015090842.1:10233303",8,15,7
"LOC106888094","s954_F_LS_02_ASEReadCounter.table","NW_015090842.1:10233334",3,10,7
"LOC106888094","s954_F_LS_02_ASEReadCounter.table","NW_015090842.1:10233362",4,12,8
"LOC106888094","s954_F_LS_02_ASEReadCounter.table","NW_015090842.1:10233373",4,15,11
"LOC106888094","s954_F_LS_02_ASEReadCounter.table","NW_015090842.1:10233388",4,15,11
"LOC106888094","s954_F_LS_02_ASEReadCounter.table","NW_015090842.1:10233402",4,15,11
"LOC106888094","s954_F_LS_02_ASEReadCounter.table","NW_015090842.1:10233465",6,20,14
"LOC106888094","s954_F_LS_02_ASEReadCounter.table","NW_015090842.1:10233803",10,28,18
"LOC106888094","s954_F_LS_02_ASEReadCounter.table","NW_015090842.1:10233815",12,28,16
"LOC106888094","s954_F_LS_02_ASEReadCounter.table","NW_015090842.1:10235484",1,1,0
"LOC106888094","s954_F_LS_02_ASEReadCounter.table","NW_015090842.1:10236098",2,3,1
"LOC106888094","s954_F_LS_02_ASEReadCounter.table","NW_015090842.1:10236161",2,2,0
"LOC106888094","s954_F_LS_02_ASEReadCounter.table","NW_015090842.1:10236380",2,2,0
"LOC106888094","s954_F_LS_02_ASEReadCounter.table","NW_015090842.1:10236388",2,2,0
"LOC106888094","s954_F_LS_02_ASEReadCounter.table","NW_015090842.1:10236425",1,1,0
"LOC106888094","s954_F_LS_02_ASEReadCounter.table","NW_015090842.1:10236426",1,1,0
"LOC106888094","s954_F_LS_02_ASEReadCounter.table","NW_015090842.1:10236603",2,2,0
"LOC106888173","s954_F_LS_02_ASEReadCounter.table","NW_015090842.1:10239596",0,8,8
"LOC106888173","s954_F_LS_02_ASEReadCounter.table","NW_015090842.1:10240036",1,13,12
"LOC106888173","s954_F_LS_02_ASEReadCounter.table","NW_015090842.1:10240095",0,14,14
"LOC106888173","s954_F_LS_02_ASEReadCounter.table","NW_015090842.1:10240280",2,18,16
"LOC106888173","s954_F_LS_02_ASEReadCounter.table","NW_015090842.1:10240557",3,28,25
"LOC106888173","s954_F_LS_02_ASEReadCounter.table","NW_015090842.1:10240603",3,23,20
"LOC106888173","s954_F_LS_02_ASEReadCounter.table","NW_015090842.1:10240609",4,24,20
"LOC106888173","s954_F_LS_02_ASEReadCounter.table","NW_015090842.1:10240690",4,32,28
"LOC106888173","s954_F_LS_02_ASEReadCounter.table","NW_015090842.1:10240924",4,22,18
"LOC106888173","s954_F_LS_02_ASEReadCounter.table","NW_015090842.1:10241037",2,23,21
"LOC106888173","s954_F_LS_02_ASEReadCounter.table","NW_015090842.1:10241046",2,27,25
"LOC106888173","s954_F_LS_02_ASEReadCounter.table","NW_015090842.1:10241058",2,29,27
"LOC106888173","s954_F_LS_02_ASEReadCounter.table","NW_015090842.1:10241064",2,28,26
"LOC106888173","s954_F_LS_02_ASEReadCounter.table","NW_015090842.1:10241103",30,30,0
"LOC106888173","s954_F_LS_02_ASEReadCounter.table","NW_015090842.1:10241163",4,32,28
"LOC106888173","s954_F_LS_02_ASEReadCounter.table","NW_015090842.1:10241803",2,27,25
"LOC106888173","s954_F_LS_02_ASEReadCounter.table","NW_015090842.1:10241827",1,26,25
"LOC106888173","s954_F_LS_02_ASEReadCounter.table","NW_015090842.1:10241869",1,29,28
"LOC106888173","s954_F_LS_02_ASEReadCounter.table","NW_015090842.1:10242079",5,33,28
"LOC106888173","s954_F_LS_02_ASEReadCounter.table","NW_015090842.1:10242103",4,39,35
"LOC106888173","s954_F_LS_02_ASEReadCounter.table","NW_015090842.1:10242157",4,38,34
"LOC106888173","s954_F_LS_02_ASEReadCounter.table","NW_015090842.1:10242455",5,36,31
"LOC106888173","s954_F_LS_02_ASEReadCounter.table","NW_015090842.1:10242481",8,39,31
"LOC106888173","s954_F_LS_02_ASEReadCounter.table","NW_015090842.1:10242590",4,34,30
"LOC106888173","s954_F_LS_02_ASEReadCounter.table","NW_015090842.1:10242794",8,37,29
"LOC106888173","s954_F_LS_02_ASEReadCounter.table","NW_015090842.1:10242909",6,35,29
"LOC106888173","s954_F_LS_02_ASEReadCounter.table","NW_015090842.1:10243094",5,43,38
"LOC106888173","s954_F_LS_02_ASEReadCounter.table","NW_015090842.1:10243133",3,29,26
"LOC106888173","s954_F_LS_02_ASEReadCounter.table","NW_015090842.1:10243273",8,60,52
"LOC106888173","s954_F_LS_02_ASEReadCounter.table","NW_015090842.1:10243278",9,61,52
"LOC106888173","s954_F_LS_02_ASEReadCounter.table","NW_015090842.1:10243281",8,60,52
"LOC106888173","s954_F_LS_02_ASEReadCounter.table","NW_015090842.1:10243347",22,22,0
"LOC106888173","s954_F_LS_02_ASEReadCounter.table","NW_015090842.1:10243353",4,21,17
"LOC106888173","s954_F_LS_02_ASEReadCounter.table","NW_015090842.1:10243363",4,19,15
"LOC106888173","s954_F_LS_02_ASEReadCounter.table","NW_015090842.1:10243365",4,19,15
"LOC106888173","s954_F_LS_02_ASEReadCounter.table","NW_015090842.1:10243566",17,68,51
"LOC106888173","s954_F_LS_02_ASEReadCounter.table","NW_015090842.1:10243605",19,64,45
"LOC106888173","s954_F_LS_02_ASEReadCounter.table","NW_015090842.1:10243614",20,63,43
"LOC106888173","s954_F_LS_02_ASEReadCounter.table","NW_015090842.1:10243615",20,62,42
"LOC106888173","s954_F_LS_02_ASEReadCounter.table","NW_015090842.1:10243640",15,60,45
"LOC106888173","s954_F_LS_02_ASEReadCounter.table","NW_015090842.1:10243680",14,58,44
"LOC106888173","s954_F_LS_02_ASEReadCounter.table","NW_015090842.1:10243742",19,65,46
"LOC106888173","s954_F_LS_02_ASEReadCounter.table","NW_015090842.1:10243804",11,42,31
"LOC106888173","s954_F_LS_02_ASEReadCounter.table","NW_015090842.1:10243913",7,19,12
"LOC106888173","s954_F_LS_02_ASEReadCounter.table","NW_015090842.1:10243921",7,17,10
"LOC106888384","s954_F_LS_02_ASEReadCounter.table","NW_015090842.1:10251354",0,1,1
"LOC106888384","s954_F_LS_02_ASEReadCounter.table","NW_015090842.1:10251358",0,1,1
"LOC106888384","s954_F_LS_02_ASEReadCounter.table","NW_015090842.1:10251369",0,1,1
"LOC106888384","s954_F_LS_02_ASEReadCounter.table","NW_015090842.1:10251370",0,1,1
"LOC106888384","s954_F_LS_02_ASEReadCounter.table","NW_015090842.1:10251375",0,1,1
"LOC106888384","s954_F_LS_02_ASEReadCounter.table","NW_015090842.1:10253165",1,1,0
"LOC106888384","s954_F_LS_02_ASEReadCounter.table","NW_015090842.1:10253284",1,1,0
"LOC106888384","s954_F_LS_02_ASEReadCounter.table","NW_015090842.1:10254028",1,1,0
"LOC106888384","s954_F_LS_02_ASEReadCounter.table","NW_015090842.1:10254227",2,2,0
"LOC106888384","s954_F_LS_02_ASEReadCounter.table","NW_015090842.1:10254233",2,2,0
"LOC106888384","s954_F_LS_02_ASEReadCounter.table","NW_015090842.1:10254263",2,2,0
"LOC106888384","s954_F_LS_02_ASEReadCounter.table","NW_015090842.1:10254293",2,2,0
"LOC106888384","s954_F_LS_02_ASEReadCounter.table","NW_015090842.1:10254605",0,1,1
"LOC106888384","s954_F_LS_02_ASEReadCounter.table","NW_015090842.1:10254608",0,1,1
"LOC106888384","s954_F_LS_02_ASEReadCounter.table","NW_015090842.1:10254618",0,1,1
"LOC106888384","s954_F_LS_02_ASEReadCounter.table","NW_015090842.1:10254620",0,1,1
"LOC106888384","s954_F_LS_02_ASEReadCounter.table","NW_015090842.1:10254623",0,1,1
"LOC106888384","s954_F_LS_02_ASEReadCounter.table","NW_015090842.1:10254624",0,1,1
"LOC106888384","s954_F_LS_02_ASEReadCounter.table","NW_015090842.1:10254627",0,1,1
"LOC106888384","s954_F_LS_02_ASEReadCounter.table","NW_015090842.1:10254629",0,1,1
"LOC106888384","s954_F_LS_02_ASEReadCounter.table","NW_015090842.1:10254647",1,1,0
"LOC106888384","s954_F_LS_02_ASEReadCounter.table","NW_015090842.1:10254915",0,1,1
"LOC106888384","s954_F_LS_02_ASEReadCounter.table","NW_015090842.1:10254965",1,1,0
"LOC106888384","s954_F_LS_02_ASEReadCounter.table","NW_015090842.1:10254975",0,1,1
"LOC106888384","s954_F_LS_02_ASEReadCounter.table","NW_015090842.1:10255077",0,1,1
"LOC106888384","s954_F_LS_02_ASEReadCounter.table","NW_015090842.1:10255117",0,1,1
"LOC106888384","s954_F_LS_02_ASEReadCounter.table","NW_015090842.1:10255138",0,1,1
"LOC106888384","s954_F_LS_02_ASEReadCounter.table","NW_015090842.1:10255139",0,1,1
"LOC106888384","s954_F_LS_02_ASEReadCounter.table","NW_015090842.1:10255236",0,1,1
"LOC106888384","s954_F_LS_02_ASEReadCounter.table","NW_015090842.1:10255262",0,1,1
"LOC106888384","s954_F_LS_02_ASEReadCounter.table","NW_015090842.1:10255264",0,1,1
"LOC106888384","s954_F_LS_02_ASEReadCounter.table","NW_015090842.1:10255306",0,1,1
"LOC106888384","s954_F_LS_02_ASEReadCounter.table","NW_015090842.1:10255340",0,1,1
"LOC106888384","s954_F_LS_02_ASEReadCounter.table","NW_015090842.1:10255704",2,2,0
"LOC106888384","s954_F_LS_02_ASEReadCounter.table","NW_015090842.1:10255731",3,3,0
"LOC106888384","s954_F_LS_02_ASEReadCounter.table","NW_015090842.1:10255771",2,2,0
"TANGO6","s954_F_LS_02_ASEReadCounter.table","NW_015090842.1:10257782",13,16,3
"TANGO6","s954_F_LS_02_ASEReadCounter.table","NW_015090842.1:10258162",15,26,11
"TANGO6","s954_F_LS_02_ASEReadCounter.table","NW_015090842.1:10258185",11,27,16
"TANGO6","s954_F_LS_02_ASEReadCounter.table","NW_015090842.1:10259267",13,17,4
"TANGO6","s954_F_LS_02_ASEReadCounter.table","NW_015090842.1:10260250",15,39,24
"TANGO6","s954_F_LS_02_ASEReadCounter.table","NW_015090842.1:10260289",16,41,25
"TANGO6","s954_F_LS_02_ASEReadCounter.table","NW_015090842.1:10260309",13,31,18
"TANGO6","s954_F_LS_02_ASEReadCounter.table","NW_015090842.1:10260979",23,41,18
"TANGO6","s954_F_LS_02_ASEReadCounter.table","NW_015090842.1:10261599",24,45,21
"TANGO6","s954_F_LS_02_ASEReadCounter.table","NW_015090842.1:10268425",47,73,26
"TANGO6","s954_F_LS_02_ASEReadCounter.table","NW_015090842.1:10269831",28,57,29
"TANGO6","s954_F_LS_02_ASEReadCounter.table","NW_015090842.1:10270813",33,52,19
"TANGO6","s954_F_LS_02_ASEReadCounter.table","NW_015090842.1:10274018",26,51,25
"TANGO6","s954_F_LS_02_ASEReadCounter.table","NW_015090842.1:10275974",35,59,24
"TANGO6","s954_F_LS_02_ASEReadCounter.table","NW_015090842.1:10275976",36,59,23
"TANGO6","s954_F_LS_02_ASEReadCounter.table","NW_015090842.1:10276123",35,60,25
"TANGO6","s954_F_LS_02_ASEReadCounter.table","NW_015090842.1:10276271",31,53,22
"TANGO6","s954_F_LS_02_ASEReadCounter.table","NW_015090842.1:10276272",29,51,22
"TANGO6","s954_F_LS_02_ASEReadCounter.table","NW_015090842.1:10276275",34,53,19
"TANGO6","s954_F_LS_02_ASEReadCounter.table","NW_015090842.1:10276278",33,52,19
"TANGO6","s954_F_LS_02_ASEReadCounter.table","NW_015090842.1:10276368",23,34,11
"TANGO6","s954_F_LS_02_ASEReadCounter.table","NW_015090842.1:10276373",22,33,11
"TANGO6","s954_F_LS_02_ASEReadCounter.table","NW_015090842.1:10276630",33,62,29
"TANGO6","s954_F_LS_02_ASEReadCounter.table","NW_015090842.1:10281498",23,61,38
"TANGO6","s954_F_LS_02_ASEReadCounter.table","NW_015090842.1:10281516",38,76,38
"TANGO6","s954_F_LS_02_ASEReadCounter.table","NW_015090842.1:10282842",53,103,50
"TANGO6","s954_F_LS_02_ASEReadCounter.table","NW_015090842.1:10282863",46,78,32
"TANGO6","s954_F_LS_02_ASEReadCounter.table","NW_015090842.1:10282869",46,78,32
"TANGO6","s954_F_LS_02_ASEReadCounter.table","NW_015090842.1:10282903",35,89,54
"TANGO6","s954_F_LS_02_ASEReadCounter.table","NW_015090842.1:10283757",46,96,50
"TANGO6","s954_F_LS_02_ASEReadCounter.table","NW_015090842.1:10283785",47,91,44
"HAS3","s954_F_LS_02_ASEReadCounter.table","NW_015090842.1:10288364",1,1,0
"HAS3","s954_F_LS_02_ASEReadCounter.table","NW_015090842.1:10289269",1,2,1
"HAS3","s954_F_LS_02_ASEReadCounter.table","NW_015090842.1:10289272",1,2,1
"HAS3","s954_F_LS_02_ASEReadCounter.table","NW_015090842.1:10290375",3,4,1
"HAS3","s954_F_LS_02_ASEReadCounter.table","NW_015090842.1:10290395",1,2,1
"HAS3","s954_F_LS_02_ASEReadCounter.table","NW_015090842.1:10290439",2,2,0
"HAS3","s954_F_LS_02_ASEReadCounter.table","NW_015090842.1:10290561",1,1,0
"HAS3","s954_F_LS_02_ASEReadCounter.table","NW_015090842.1:10290609",1,1,0
"HAS3","s954_F_LS_02_ASEReadCounter.table","NW_015090842.1:10290723",1,2,1
"HAS3","s954_F_LS_02_ASEReadCounter.table","NW_015090842.1:10290927",5,10,5
"HAS3","s954_F_LS_02_ASEReadCounter.table","NW_015090842.1:10291004",6,9,3
"CHTF8","s954_F_LS_02_ASEReadCounter.table","NW_015090842.1:10291319",4,15,11
"CHTF8","s954_F_LS_02_ASEReadCounter.table","NW_015090842.1:10291491",8,21,13
"CHTF8","s954_F_LS_02_ASEReadCounter.table","NW_015090842.1:10291520",8,24,16
"CHTF8","s954_F_LS_02_ASEReadCounter.table","NW_015090842.1:10291593",12,30,18
"CHTF8","s954_F_LS_02_ASEReadCounter.table","NW_015090842.1:10291600",11,27,16
"CHTF8","s954_F_LS_02_ASEReadCounter.table","NW_015090842.1:10291609",13,31,18
"CHTF8","s954_F_LS_02_ASEReadCounter.table","NW_015090842.1:10291639",21,35,14
"CHTF8","s954_F_LS_02_ASEReadCounter.table","NW_015090842.1:10291641",21,36,15
"CHTF8","s954_F_LS_02_ASEReadCounter.table","NW_015090842.1:10291648",24,40,16
"CHTF8","s954_F_LS_02_ASEReadCounter.table","NW_015090842.1:10291656",24,39,15
"CHTF8","s954_F_LS_02_ASEReadCounter.table","NW_015090842.1:10291675",33,48,15
"CHTF8","s954_F_LS_02_ASEReadCounter.table","NW_015090842.1:10291696",27,40,13
"CHTF8","s954_F_LS_02_ASEReadCounter.table","NW_015090842.1:10291714",24,36,12
"CHTF8","s954_F_LS_02_ASEReadCounter.table","NW_015090842.1:10291732",20,33,13
"CHTF8","s954_F_LS_02_ASEReadCounter.table","NW_015090842.1:10291755",20,34,14
"CHTF8","s954_F_LS_02_ASEReadCounter.table","NW_015090842.1:10291756",19,33,14
"CHTF8","s954_F_LS_02_ASEReadCounter.table","NW_015090842.1:10291758",19,34,15
"CHTF8","s954_F_LS_02_ASEReadCounter.table","NW_015090842.1:10291792",15,31,16
"CHTF8","s954_F_LS_02_ASEReadCounter.table","NW_015090842.1:10291895",23,41,18
"CHTF8","s954_F_LS_02_ASEReadCounter.table","NW_015090842.1:10292132",8,22,14
"CHTF8","s954_F_LS_02_ASEReadCounter.table","NW_015090842.1:10292314",7,13,6
"CHTF8","s954_F_LS_02_ASEReadCounter.table","NW_015090842.1:10292317",7,15,8
"CHTF8","s954_F_LS_02_ASEReadCounter.table","NW_015090842.1:10292928",3,6,3
"UTP4","s954_F_LS_02_ASEReadCounter.table","NW_015090842.1:10293146",8,25,17
"UTP4","s954_F_LS_02_ASEReadCounter.table","NW_015090842.1:10293151",8,24,16
"UTP4","s954_F_LS_02_ASEReadCounter.table","NW_015090842.1:10293191",5,18,13
"UTP4","s954_F_LS_02_ASEReadCounter.table","NW_015090842.1:10293362",8,21,13
"UTP4","s954_F_LS_02_ASEReadCounter.table","NW_015090842.1:10293430",8,26,18
"UTP4","s954_F_LS_02_ASEReadCounter.table","NW_015090842.1:10293625",10,20,10
"UTP4","s954_F_LS_02_ASEReadCounter.table","NW_015090842.1:10293684",10,21,11
"UTP4","s954_F_LS_02_ASEReadCounter.table","NW_015090842.1:10294093",12,22,10
"UTP4","s954_F_LS_02_ASEReadCounter.table","NW_015090842.1:10294622",8,30,22
"UTP4","s954_F_LS_02_ASEReadCounter.table","NW_015090842.1:10294632",10,31,21
"UTP4","s954_F_LS_02_ASEReadCounter.table","NW_015090842.1:10295238",6,23,17
"UTP4","s954_F_LS_02_ASEReadCounter.table","NW_015090842.1:10295880",7,30,23
"UTP4","s954_F_LS_02_ASEReadCounter.table","NW_015090842.1:10295884",7,31,24
"UTP4","s954_F_LS_02_ASEReadCounter.table","NW_015090842.1:10295903",8,26,18
"UTP4","s954_F_LS_02_ASEReadCounter.table","NW_015090842.1:10295906",9,25,16
"UTP4","s954_F_LS_02_ASEReadCounter.table","NW_015090842.1:10295915",9,31,22
"UTP4","s954_F_LS_02_ASEReadCounter.table","NW_015090842.1:10295938",8,30,22
"UTP4","s954_F_LS_02_ASEReadCounter.table","NW_015090842.1:10296175",18,39,21
"UTP4","s954_F_LS_02_ASEReadCounter.table","NW_015090842.1:10296660",29,48,19
"UTP4","s954_F_LS_02_ASEReadCounter.table","NW_015090842.1:10296679",24,45,21
"UTP4","s954_F_LS_02_ASEReadCounter.table","NW_015090842.1:10297193",22,63,41
"UTP4","s954_F_LS_02_ASEReadCounter.table","NW_015090842.1:10297220",22,66,44
"UTP4","s954_F_LS_02_ASEReadCounter.table","NW_015090842.1:10297307",38,84,46
"UTP4","s954_F_LS_02_ASEReadCounter.table","NW_015090842.1:10297558",32,72,40
"UTP4","s954_F_LS_02_ASEReadCounter.table","NW_015090842.1:10297943",34,74,40
"UTP4","s954_F_LS_02_ASEReadCounter.table","NW_015090842.1:10297979",31,71,40
"UTP4","s954_F_LS_02_ASEReadCounter.table","NW_015090842.1:10298022",25,52,27
"UTP4","s954_F_LS_02_ASEReadCounter.table","NW_015090842.1:10298079",7,20,13
"UTP4","s954_F_LS_02_ASEReadCounter.table","NW_015090842.1:10298081",7,18,11
"UTP4","s954_F_LS_02_ASEReadCounter.table","NW_015090842.1:10298082",7,20,13
"SNTB2","s954_F_LS_02_ASEReadCounter.table","NW_015090842.1:10298905",0,1,1
"SNTB2","s954_F_LS_02_ASEReadCounter.table","NW_015090842.1:10303506",1,3,2
"SNTB2","s954_F_LS_02_ASEReadCounter.table","NW_015090842.1:10303524",2,4,2
"SNTB2","s954_F_LS_02_ASEReadCounter.table","NW_015090842.1:10304059",1,3,2
"SNTB2","s954_F_LS_02_ASEReadCounter.table","NW_015090842.1:10304089",1,1,0
"SNTB2","s954_F_LS_02_ASEReadCounter.table","NW_015090842.1:10304167",4,4,0
"SNTB2","s954_F_LS_02_ASEReadCounter.table","NW_015090842.1:10304176",4,5,1
"SNTB2","s954_F_LS_02_ASEReadCounter.table","NW_015090842.1:10305069",3,5,2
"SNTB2","s954_F_LS_02_ASEReadCounter.table","NW_015090842.1:10305099",3,7,4
"SNTB2","s954_F_LS_02_ASEReadCounter.table","NW_015090842.1:10305171",6,10,4
"SNTB2","s954_F_LS_02_ASEReadCounter.table","NW_015090842.1:10305177",6,9,3
"SNTB2","s954_F_LS_02_ASEReadCounter.table","NW_015090842.1:10305451",5,7,2
"SNTB2","s954_F_LS_02_ASEReadCounter.table","NW_015090842.1:10305547",7,15,8
"SNTB2","s954_F_LS_02_ASEReadCounter.table","NW_015090842.1:10305847",2,5,3
"SNTB2","s954_F_LS_02_ASEReadCounter.table","NW_015090842.1:10306173",1,2,1
"SNTB2","s954_F_LS_02_ASEReadCounter.table","NW_015090842.1:10306275",4,6,2
"SNTB2","s954_F_LS_02_ASEReadCounter.table","NW_015090842.1:10306457",1,6,5
"SNTB2","s954_F_LS_02_ASEReadCounter.table","NW_015090842.1:10306496",2,5,3
"SNTB2","s954_F_LS_02_ASEReadCounter.table","NW_015090842.1:10306499",2,5,3
"VPS4A","s954_F_LS_02_ASEReadCounter.table","NW_015090842.1:10308566",69,150,81
"VPS4A","s954_F_LS_02_ASEReadCounter.table","NW_015090842.1:10308573",75,163,88
"VPS4A","s954_F_LS_02_ASEReadCounter.table","NW_015090842.1:10308856",99,237,138
"VPS4A","s954_F_LS_02_ASEReadCounter.table","NW_015090842.1:10309056",165,330,165
"VPS4A","s954_F_LS_02_ASEReadCounter.table","NW_015090842.1:10309089",192,374,182
"VPS4A","s954_F_LS_02_ASEReadCounter.table","NW_015090842.1:10309392",172,342,170
"VPS4A","s954_F_LS_02_ASEReadCounter.table","NW_015090842.1:10309413",184,350,166
"VPS4A","s954_F_LS_02_ASEReadCounter.table","NW_015090842.1:10309467",176,372,196
"VPS4A","s954_F_LS_02_ASEReadCounter.table","NW_015090842.1:10310230",212,444,232
"VPS4A","s954_F_LS_02_ASEReadCounter.table","NW_015090842.1:10310425",213,418,205
"VPS4A","s954_F_LS_02_ASEReadCounter.table","NW_015090842.1:10310639",216,464,248
"VPS4A","s954_F_LS_02_ASEReadCounter.table","NW_015090842.1:10310734",182,395,213
"VPS4A","s954_F_LS_02_ASEReadCounter.table","NW_015090842.1:10310737",179,400,221
"VPS4A","s954_F_LS_02_ASEReadCounter.table","NW_015090842.1:10310746",176,402,226
"VPS4A","s954_F_LS_02_ASEReadCounter.table","NW_015090842.1:10310767",207,429,222
"VPS4A","s954_F_LS_02_ASEReadCounter.table","NW_015090842.1:10310995",204,402,198
"VPS4A","s954_F_LS_02_ASEReadCounter.table","NW_015090842.1:10311004",205,396,191
"VPS4A","s954_F_LS_02_ASEReadCounter.table","NW_015090842.1:10311007",211,413,202
"VPS4A","s954_F_LS_02_ASEReadCounter.table","NW_015090842.1:10311013",227,423,196
"VPS4A","s954_F_LS_02_ASEReadCounter.table","NW_015090842.1:10311022",206,410,204
"VPS4A","s954_F_LS_02_ASEReadCounter.table","NW_015090842.1:10311023",206,404,198
"VPS4A","s954_F_LS_02_ASEReadCounter.table","NW_015090842.1:10311426",223,467,244
"VPS4A","s954_F_LS_02_ASEReadCounter.table","NW_015090842.1:10311489",3,13,10
"VPS4A","s954_F_LS_02_ASEReadCounter.table","NW_015090842.1:10311490",3,10,7
"VPS4A","s954_F_LS_02_ASEReadCounter.table","NW_015090842.1:10311525",12,21,9
"VPS4A","s954_F_LS_02_ASEReadCounter.table","NW_015090842.1:10311529",13,30,17
"VPS4A","s954_F_LS_02_ASEReadCounter.table","NW_015090842.1:10311530",13,32,19
"VPS4A","s954_F_LS_02_ASEReadCounter.table","NW_015090842.1:10311552",39,67,28
"VPS4A","s954_F_LS_02_ASEReadCounter.table","NW_015090842.1:10311689",36,77,41
"VPS4A","s954_F_LS_02_ASEReadCounter.table","NW_015090842.1:10311700",61,100,39
"VPS4A","s954_F_LS_02_ASEReadCounter.table","NW_015090842.1:10311701",60,99,39
"VPS4A","s954_F_LS_02_ASEReadCounter.table","NW_015090842.1:10311703",61,98,37
"COG8","s954_F_LS_02_ASEReadCounter.table","NW_015090842.1:10313487",23,51,28
"COG8","s954_F_LS_02_ASEReadCounter.table","NW_015090842.1:10313559",37,70,33
"COG8","s954_F_LS_02_ASEReadCounter.table","NW_015090842.1:10313579",32,69,37
"COG8","s954_F_LS_02_ASEReadCounter.table","NW_015090842.1:10313665",36,61,25
"COG8","s954_F_LS_02_ASEReadCounter.table","NW_015090842.1:10313681",33,61,28
"COG8","s954_F_LS_02_ASEReadCounter.table","NW_015090842.1:10313768",51,87,36
"COG8","s954_F_LS_02_ASEReadCounter.table","NW_015090842.1:10313775",51,87,36
"COG8","s954_F_LS_02_ASEReadCounter.table","NW_015090842.1:10313811",34,66,32
"COG8","s954_F_LS_02_ASEReadCounter.table","NW_015090842.1:10313858",23,62,39
"COG8","s954_F_LS_02_ASEReadCounter.table","NW_015090842.1:10314100",35,73,38
"COG8","s954_F_LS_02_ASEReadCounter.table","NW_015090842.1:10314213",29,59,30
"COG8","s954_F_LS_02_ASEReadCounter.table","NW_015090842.1:10315093",26,47,21
"COG8","s954_F_LS_02_ASEReadCounter.table","NW_015090842.1:10315162",23,49,26
"COG8","s954_F_LS_02_ASEReadCounter.table","NW_015090842.1:10315285",28,47,19
"COG8","s954_F_LS_02_ASEReadCounter.table","NW_015090842.1:10315360",27,42,15
"COG8","s954_F_LS_02_ASEReadCounter.table","NW_015090842.1:10315369",27,42,15
"COG8","s954_F_LS_02_ASEReadCounter.table","NW_015090842.1:10315504",12,28,16
"COG8","s954_F_LS_02_ASEReadCounter.table","NW_015090842.1:10315508",13,30,17
"COG8","s954_F_LS_02_ASEReadCounter.table","NW_015090842.1:10315624",23,46,23
"COG8","s954_F_LS_02_ASEReadCounter.table","NW_015090842.1:10315693",19,34,15
"COG8","s954_F_LS_02_ASEReadCounter.table","NW_015090842.1:10315698",17,33,16
"COG8","s954_F_LS_02_ASEReadCounter.table","NW_015090842.1:10315768",16,33,17
"COG8","s954_F_LS_02_ASEReadCounter.table","NW_015090842.1:10315769",16,33,17
"COG8","s954_F_LS_02_ASEReadCounter.table","NW_015090842.1:10315784",21,35,14
"COG8","s954_F_LS_02_ASEReadCounter.table","NW_015090842.1:10316093",9,19,10
"COG8","s954_F_LS_02_ASEReadCounter.table","NW_015090842.1:10316133",10,17,7
"NIP7","s954_F_LS_02_ASEReadCounter.table","NW_015090842.1:10316759",18,44,26
"NIP7","s954_F_LS_02_ASEReadCounter.table","NW_015090842.1:10316967",126,264,138
"NIP7","s954_F_LS_02_ASEReadCounter.table","NW_015090842.1:10316995",160,312,152
"NIP7","s954_F_LS_02_ASEReadCounter.table","NW_015090842.1:10317240",205,397,192
"NIP7","s954_F_LS_02_ASEReadCounter.table","NW_015090842.1:10317247",200,390,190
"NIP7","s954_F_LS_02_ASEReadCounter.table","NW_015090842.1:10317264",207,390,183
"NIP7","s954_F_LS_02_ASEReadCounter.table","NW_015090842.1:10317433",250,501,251
"NIP7","s954_F_LS_02_ASEReadCounter.table","NW_015090842.1:10317738",200,403,203
"NIP7","s954_F_LS_02_ASEReadCounter.table","NW_015090842.1:10317769",220,422,202
"NIP7","s954_F_LS_02_ASEReadCounter.table","NW_015090842.1:10317808",131,263,132
"NIP7","s954_F_LS_02_ASEReadCounter.table","NW_015090842.1:10317870",97,207,110
"NIP7","s954_F_LS_02_ASEReadCounter.table","NW_015090842.1:10317871",97,202,105
"NIP7","s954_F_LS_02_ASEReadCounter.table","NW_015090842.1:10317898",74,153,79
"NIP7","s954_F_LS_02_ASEReadCounter.table","NW_015090842.1:10317911",65,132,67
"TMED6","s954_F_LS_02_ASEReadCounter.table","NW_015090842.1:10318731",1,3,2
"TERF2","s954_F_LS_02_ASEReadCounter.table","NW_015090842.1:10321665",10,10,0
"TERF2","s954_F_LS_02_ASEReadCounter.table","NW_015090842.1:10321768",28,67,39
"TERF2","s954_F_LS_02_ASEReadCounter.table","NW_015090842.1:10321777",31,70,39
"TERF2","s954_F_LS_02_ASEReadCounter.table","NW_015090842.1:10321805",27,68,41
"TERF2","s954_F_LS_02_ASEReadCounter.table","NW_015090842.1:10321878",27,77,50
"TERF2","s954_F_LS_02_ASEReadCounter.table","NW_015090842.1:10321893",8,82,74
"TERF2","s954_F_LS_02_ASEReadCounter.table","NW_015090842.1:10321897",25,70,45
"TERF2","s954_F_LS_02_ASEReadCounter.table","NW_015090842.1:10321908",27,74,47
"TERF2","s954_F_LS_02_ASEReadCounter.table","NW_015090842.1:10322001",62,128,66
"TERF2","s954_F_LS_02_ASEReadCounter.table","NW_015090842.1:10322035",44,94,50
"TERF2","s954_F_LS_02_ASEReadCounter.table","NW_015090842.1:10322051",42,99,57
"TERF2","s954_F_LS_02_ASEReadCounter.table","NW_015090842.1:10322137",41,86,45
"TERF2","s954_F_LS_02_ASEReadCounter.table","NW_015090842.1:10322144",41,84,43
"TERF2","s954_F_LS_02_ASEReadCounter.table","NW_015090842.1:10322388",28,93,65
"TERF2","s954_F_LS_02_ASEReadCounter.table","NW_015090842.1:10322396",28,92,64
"TERF2","s954_F_LS_02_ASEReadCounter.table","NW_015090842.1:10322502",44,105,61
"TERF2","s954_F_LS_02_ASEReadCounter.table","NW_015090842.1:10322504",44,107,63
"TERF2","s954_F_LS_02_ASEReadCounter.table","NW_015090842.1:10322510",46,108,62
"TERF2","s954_F_LS_02_ASEReadCounter.table","NW_015090842.1:10323580",44,97,53
"TERF2","s954_F_LS_02_ASEReadCounter.table","NW_015090842.1:10324314",45,91,46
"TERF2","s954_F_LS_02_ASEReadCounter.table","NW_015090842.1:10326832",35,73,38
"TERF2","s954_F_LS_02_ASEReadCounter.table","NW_015090842.1:10327787",20,45,25
"TERF2","s954_F_LS_02_ASEReadCounter.table","NW_015090842.1:10328588",19,42,23
"TERF2","s954_F_LS_02_ASEReadCounter.table","NW_015090842.1:10328644",16,38,22
"TERF2","s954_F_LS_02_ASEReadCounter.table","NW_015090842.1:10329813",13,32,19
"TERF2","s954_F_LS_02_ASEReadCounter.table","NW_015090842.1:10330749",12,26,14
"TERF2","s954_F_LS_02_ASEReadCounter.table","NW_015090842.1:10330789",15,28,13
"CYB5B","s954_F_LS_02_ASEReadCounter.table","NW_015090842.1:10336595",3,7,4
"CYB5B","s954_F_LS_02_ASEReadCounter.table","NW_015090842.1:10336667",39,80,41
"CYB5B","s954_F_LS_02_ASEReadCounter.table","NW_015090842.1:10336689",63,130,67
"CYB5B","s954_F_LS_02_ASEReadCounter.table","NW_015090842.1:10336728",111,210,99
"CYB5B","s954_F_LS_02_ASEReadCounter.table","NW_015090842.1:10345068",101,205,104
"CYB5B","s954_F_LS_02_ASEReadCounter.table","NW_015090842.1:10348800",163,296,133
"CYB5B","s954_F_LS_02_ASEReadCounter.table","NW_015090842.1:10348888",157,265,108
"CYB5B","s954_F_LS_02_ASEReadCounter.table","NW_015090842.1:10349046",147,269,122
"CYB5B","s954_F_LS_02_ASEReadCounter.table","NW_015090842.1:10349119",93,231,138
"CYB5B","s954_F_LS_02_ASEReadCounter.table","NW_015090842.1:10349146",62,198,136
"CYB5B","s954_F_LS_02_ASEReadCounter.table","NW_015090842.1:10349157",98,239,141
