"gene","id","snp","ref_count","total_count","alt_count"
"CENPN","s954_F_POA_02_ASEReadCounter.table","NW_015090842.1:5801623",1,1,0
"CENPN","s954_F_POA_02_ASEReadCounter.table","NW_015090842.1:5801631",2,2,0
"CENPN","s954_F_POA_02_ASEReadCounter.table","NW_015090842.1:5801632",2,2,0
"CENPN","s954_F_POA_02_ASEReadCounter.table","NW_015090842.1:5801655",4,5,1
"CENPN","s954_F_POA_02_ASEReadCounter.table","NW_015090842.1:5801662",4,5,1
"CENPN","s954_F_POA_02_ASEReadCounter.table","NW_015090842.1:5801670",4,5,1
"CENPN","s954_F_POA_02_ASEReadCounter.table","NW_015090842.1:5801674",4,5,1
"CENPN","s954_F_POA_02_ASEReadCounter.table","NW_015090842.1:5801692",4,5,1
"CENPN","s954_F_POA_02_ASEReadCounter.table","NW_015090842.1:5801697",4,5,1
"CENPN","s954_F_POA_02_ASEReadCounter.table","NW_015090842.1:5802008",2,3,1
"CENPN","s954_F_POA_02_ASEReadCounter.table","NW_015090842.1:5802012",2,3,1
"CENPN","s954_F_POA_02_ASEReadCounter.table","NW_015090842.1:5802087",4,7,3
"CENPN","s954_F_POA_02_ASEReadCounter.table","NW_015090842.1:5810113",2,2,0
"CENPN","s954_F_POA_02_ASEReadCounter.table","NW_015090842.1:5810147",5,5,0
"CENPN","s954_F_POA_02_ASEReadCounter.table","NW_015090842.1:5810148",6,6,0
"ATMIN","s954_F_POA_02_ASEReadCounter.table","NW_015090842.1:5818789",7,10,3
"ATMIN","s954_F_POA_02_ASEReadCounter.table","NW_015090842.1:5819958",5,15,10
"ATMIN","s954_F_POA_02_ASEReadCounter.table","NW_015090842.1:5820004",2,12,10
"ATMIN","s954_F_POA_02_ASEReadCounter.table","NW_015090842.1:5820217",5,10,5
"ATMIN","s954_F_POA_02_ASEReadCounter.table","NW_015090842.1:5820250",8,13,5
"ATMIN","s954_F_POA_02_ASEReadCounter.table","NW_015090842.1:5820298",6,10,4
"ATMIN","s954_F_POA_02_ASEReadCounter.table","NW_015090842.1:5820417",9,15,6
"ATMIN","s954_F_POA_02_ASEReadCounter.table","NW_015090842.1:5820421",9,14,5
"ATMIN","s954_F_POA_02_ASEReadCounter.table","NW_015090842.1:5820448",8,17,9
"ATMIN","s954_F_POA_02_ASEReadCounter.table","NW_015090842.1:5820457",7,16,9
"ATMIN","s954_F_POA_02_ASEReadCounter.table","NW_015090842.1:5820510",6,14,8
"ATMIN","s954_F_POA_02_ASEReadCounter.table","NW_015090842.1:5820673",9,20,11
"ATMIN","s954_F_POA_02_ASEReadCounter.table","NW_015090842.1:5820754",6,14,8
"ATMIN","s954_F_POA_02_ASEReadCounter.table","NW_015090842.1:5820820",6,12,6
"ATMIN","s954_F_POA_02_ASEReadCounter.table","NW_015090842.1:5820865",9,14,5
"ATMIN","s954_F_POA_02_ASEReadCounter.table","NW_015090842.1:5820889",11,19,8
"ATMIN","s954_F_POA_02_ASEReadCounter.table","NW_015090842.1:5820891",11,19,8
"ATMIN","s954_F_POA_02_ASEReadCounter.table","NW_015090842.1:5820997",14,24,10
"ATMIN","s954_F_POA_02_ASEReadCounter.table","NW_015090842.1:5821063",17,31,14
"ATMIN","s954_F_POA_02_ASEReadCounter.table","NW_015090842.1:5821132",8,22,14
"ATMIN","s954_F_POA_02_ASEReadCounter.table","NW_015090842.1:5821645",13,21,8
"ATMIN","s954_F_POA_02_ASEReadCounter.table","NW_015090842.1:5825066",21,43,22
"ATMIN","s954_F_POA_02_ASEReadCounter.table","NW_015090842.1:5825106",20,49,29
"ATMIN","s954_F_POA_02_ASEReadCounter.table","NW_015090842.1:5825122",16,43,27
"ATMIN","s954_F_POA_02_ASEReadCounter.table","NW_015090842.1:5825178",16,45,29
"ATMIN","s954_F_POA_02_ASEReadCounter.table","NW_015090842.1:5825194",16,44,28
"ATMIN","s954_F_POA_02_ASEReadCounter.table","NW_015090842.1:5825195",16,44,28
"ATMIN","s954_F_POA_02_ASEReadCounter.table","NW_015090842.1:5825220",14,39,25
"ATMIN","s954_F_POA_02_ASEReadCounter.table","NW_015090842.1:5825240",13,38,25
"ATMIN","s954_F_POA_02_ASEReadCounter.table","NW_015090842.1:5825303",25,54,29
"ATMIN","s954_F_POA_02_ASEReadCounter.table","NW_015090842.1:5825304",25,58,33
"ATMIN","s954_F_POA_02_ASEReadCounter.table","NW_015090842.1:5825310",25,59,34
"ATMIN","s954_F_POA_02_ASEReadCounter.table","NW_015090842.1:5825406",28,66,38
"ATMIN","s954_F_POA_02_ASEReadCounter.table","NW_015090842.1:5825415",30,66,36
"ATMIN","s954_F_POA_02_ASEReadCounter.table","NW_015090842.1:5825438",24,62,38
"ATMIN","s954_F_POA_02_ASEReadCounter.table","NW_015090842.1:5825485",22,54,32
"ATMIN","s954_F_POA_02_ASEReadCounter.table","NW_015090842.1:5825524",25,63,38
"ATMIN","s954_F_POA_02_ASEReadCounter.table","NW_015090842.1:5825557",21,58,37
"ATMIN","s954_F_POA_02_ASEReadCounter.table","NW_015090842.1:5825571",20,60,40
"ATMIN","s954_F_POA_02_ASEReadCounter.table","NW_015090842.1:5825579",24,66,42
"ATMIN","s954_F_POA_02_ASEReadCounter.table","NW_015090842.1:5825590",21,57,36
"ATMIN","s954_F_POA_02_ASEReadCounter.table","NW_015090842.1:5825689",32,67,35
"ATMIN","s954_F_POA_02_ASEReadCounter.table","NW_015090842.1:5825703",34,72,38
"ATMIN","s954_F_POA_02_ASEReadCounter.table","NW_015090842.1:5825787",26,59,33
"ATMIN","s954_F_POA_02_ASEReadCounter.table","NW_015090842.1:5825833",31,72,41
"ATMIN","s954_F_POA_02_ASEReadCounter.table","NW_015090842.1:5825841",31,70,39
"ATMIN","s954_F_POA_02_ASEReadCounter.table","NW_015090842.1:5825895",38,74,36
"ATMIN","s954_F_POA_02_ASEReadCounter.table","NW_015090842.1:5825984",22,61,39
"ATMIN","s954_F_POA_02_ASEReadCounter.table","NW_015090842.1:5826162",23,64,41
"ATMIN","s954_F_POA_02_ASEReadCounter.table","NW_015090842.1:5826194",28,70,42
"ATMIN","s954_F_POA_02_ASEReadCounter.table","NW_015090842.1:5826235",38,78,40
"ATMIN","s954_F_POA_02_ASEReadCounter.table","NW_015090842.1:5826245",39,83,44
"ATMIN","s954_F_POA_02_ASEReadCounter.table","NW_015090842.1:5826335",16,46,30
"ATMIN","s954_F_POA_02_ASEReadCounter.table","NW_015090842.1:5826417",27,65,38
"ATMIN","s954_F_POA_02_ASEReadCounter.table","NW_015090842.1:5826431",24,78,54
"ATMIN","s954_F_POA_02_ASEReadCounter.table","NW_015090842.1:5826438",26,69,43
"ATMIN","s954_F_POA_02_ASEReadCounter.table","NW_015090842.1:5826463",38,87,49
"ATMIN","s954_F_POA_02_ASEReadCounter.table","NW_015090842.1:5826502",39,94,55
"ATMIN","s954_F_POA_02_ASEReadCounter.table","NW_015090842.1:5826511",45,102,57
"ATMIN","s954_F_POA_02_ASEReadCounter.table","NW_015090842.1:5826659",42,91,49
"ATMIN","s954_F_POA_02_ASEReadCounter.table","NW_015090842.1:5826701",47,105,58
"ATMIN","s954_F_POA_02_ASEReadCounter.table","NW_015090842.1:5826702",47,105,58
"ATMIN","s954_F_POA_02_ASEReadCounter.table","NW_015090842.1:5826732",43,96,53
"ATMIN","s954_F_POA_02_ASEReadCounter.table","NW_015090842.1:5826745",39,93,54
"ATMIN","s954_F_POA_02_ASEReadCounter.table","NW_015090842.1:5826835",55,102,47
"ATMIN","s954_F_POA_02_ASEReadCounter.table","NW_015090842.1:5826942",29,82,53
"ATMIN","s954_F_POA_02_ASEReadCounter.table","NW_015090842.1:5827193",50,126,76
"ATMIN","s954_F_POA_02_ASEReadCounter.table","NW_015090842.1:5827196",51,126,75
"ATMIN","s954_F_POA_02_ASEReadCounter.table","NW_015090842.1:5827269",52,101,49
"ATMIN","s954_F_POA_02_ASEReadCounter.table","NW_015090842.1:5827315",32,73,41
"ATMIN","s954_F_POA_02_ASEReadCounter.table","NW_015090842.1:5827316",32,77,45
"ATMIN","s954_F_POA_02_ASEReadCounter.table","NW_015090842.1:5827333",31,74,43
"PPP1R3E","s954_F_POA_02_ASEReadCounter.table","NW_015090842.1:5837733",7,9,2
"PPP1R3E","s954_F_POA_02_ASEReadCounter.table","NW_015090842.1:5837947",3,7,4
"PKD1L2","s954_F_POA_02_ASEReadCounter.table","NW_015090842.1:5867660",1,1,0
"PKD1L2","s954_F_POA_02_ASEReadCounter.table","NW_015090842.1:5867675",1,1,0
"PKD1L2","s954_F_POA_02_ASEReadCounter.table","NW_015090842.1:5867788",3,3,0
"PKD1L2","s954_F_POA_02_ASEReadCounter.table","NW_015090842.1:5867843",3,4,1
"PKD1L2","s954_F_POA_02_ASEReadCounter.table","NW_015090842.1:5872825",1,1,0
"BCO1","s954_F_POA_02_ASEReadCounter.table","NW_015090842.1:5915610",1,2,1
"BCO1","s954_F_POA_02_ASEReadCounter.table","NW_015090842.1:5915646",2,3,1
"BCO1","s954_F_POA_02_ASEReadCounter.table","NW_015090842.1:5917836",2,4,2
"BCO1","s954_F_POA_02_ASEReadCounter.table","NW_015090842.1:5917912",2,3,1
"BCO1","s954_F_POA_02_ASEReadCounter.table","NW_015090842.1:5917941",3,4,1
"BCO1","s954_F_POA_02_ASEReadCounter.table","NW_015090842.1:5917971",2,3,1
"BCO1","s954_F_POA_02_ASEReadCounter.table","NW_015090842.1:5921679",4,8,4
"BCO1","s954_F_POA_02_ASEReadCounter.table","NW_015090842.1:5921726",2,8,6
"BCO1","s954_F_POA_02_ASEReadCounter.table","NW_015090842.1:5925669",4,4,0
"BCO1","s954_F_POA_02_ASEReadCounter.table","NW_015090842.1:5926937",2,5,3
"BCO1","s954_F_POA_02_ASEReadCounter.table","NW_015090842.1:5927921",4,4,0
"BCO1","s954_F_POA_02_ASEReadCounter.table","NW_015090842.1:5927948",5,5,0
"BCO1","s954_F_POA_02_ASEReadCounter.table","NW_015090842.1:5927968",5,6,1
"BCO1","s954_F_POA_02_ASEReadCounter.table","NW_015090842.1:5928052",7,8,1
"BCO1","s954_F_POA_02_ASEReadCounter.table","NW_015090842.1:5932726",7,13,6
"BCO1","s954_F_POA_02_ASEReadCounter.table","NW_015090842.1:5932801",8,12,4
"BCO1","s954_F_POA_02_ASEReadCounter.table","NW_015090842.1:5934558",7,12,5
"BCO1","s954_F_POA_02_ASEReadCounter.table","NW_015090842.1:5934575",9,14,5
"BCO1","s954_F_POA_02_ASEReadCounter.table","NW_015090842.1:5934608",10,12,2
"BCO1","s954_F_POA_02_ASEReadCounter.table","NW_015090842.1:5934647",8,11,3
"BCO1","s954_F_POA_02_ASEReadCounter.table","NW_015090842.1:5934725",5,10,5
"BCO1","s954_F_POA_02_ASEReadCounter.table","NW_015090842.1:5934726",5,10,5
"BCO1","s954_F_POA_02_ASEReadCounter.table","NW_015090842.1:5934733",3,8,5
"BCO1","s954_F_POA_02_ASEReadCounter.table","NW_015090842.1:5934821",3,6,3
"BCO1","s954_F_POA_02_ASEReadCounter.table","NW_015090842.1:5934826",3,6,3
"BCO1","s954_F_POA_02_ASEReadCounter.table","NW_015090842.1:5934844",0,1,1
"BCO1","s954_F_POA_02_ASEReadCounter.table","NW_015090842.1:5934958",3,6,3
"BCO1","s954_F_POA_02_ASEReadCounter.table","NW_015090842.1:5934976",2,4,2
"GAN","s954_F_POA_02_ASEReadCounter.table","NW_015090842.1:5939249",1,4,3
"GAN","s954_F_POA_02_ASEReadCounter.table","NW_015090842.1:5953759",6,22,16
"GAN","s954_F_POA_02_ASEReadCounter.table","NW_015090842.1:5957502",11,26,15
"GAN","s954_F_POA_02_ASEReadCounter.table","NW_015090842.1:5957578",12,22,10
"GAN","s954_F_POA_02_ASEReadCounter.table","NW_015090842.1:5966047",9,26,17
"GAN","s954_F_POA_02_ASEReadCounter.table","NW_015090842.1:5966126",8,27,19
"GAN","s954_F_POA_02_ASEReadCounter.table","NW_015090842.1:5966127",8,28,20
"GAN","s954_F_POA_02_ASEReadCounter.table","NW_015090842.1:5966162",16,36,20
"GAN","s954_F_POA_02_ASEReadCounter.table","NW_015090842.1:5966483",23,49,26
"CMIP","s954_F_POA_02_ASEReadCounter.table","NW_015090842.1:6109159",16,26,10
"CMIP","s954_F_POA_02_ASEReadCounter.table","NW_015090842.1:6109166",13,26,13
"CMIP","s954_F_POA_02_ASEReadCounter.table","NW_015090842.1:6114641",30,49,19
"CMIP","s954_F_POA_02_ASEReadCounter.table","NW_015090842.1:6114751",24,43,19
"CMIP","s954_F_POA_02_ASEReadCounter.table","NW_015090842.1:6114824",16,42,26
"CMIP","s954_F_POA_02_ASEReadCounter.table","NW_015090842.1:6126295",60,62,2
"CMIP","s954_F_POA_02_ASEReadCounter.table","NW_015090842.1:6128998",32,61,29
"CMIP","s954_F_POA_02_ASEReadCounter.table","NW_015090842.1:6130562",30,119,89
"CMIP","s954_F_POA_02_ASEReadCounter.table","NW_015090842.1:6132522",39,88,49
"CMIP","s954_F_POA_02_ASEReadCounter.table","NW_015090842.1:6138265",63,182,119
"CMIP","s954_F_POA_02_ASEReadCounter.table","NW_015090842.1:6138300",64,176,112
"CMIP","s954_F_POA_02_ASEReadCounter.table","NW_015090842.1:6138342",64,158,94
"CMIP","s954_F_POA_02_ASEReadCounter.table","NW_015090842.1:6138343",63,154,91
"CMIP","s954_F_POA_02_ASEReadCounter.table","NW_015090842.1:6138345",62,161,99
"CMIP","s954_F_POA_02_ASEReadCounter.table","NW_015090842.1:6138647",65,161,96
"CMIP","s954_F_POA_02_ASEReadCounter.table","NW_015090842.1:6138745",68,167,99
"CMIP","s954_F_POA_02_ASEReadCounter.table","NW_015090842.1:6138832",16,78,62
"CMIP","s954_F_POA_02_ASEReadCounter.table","NW_015090842.1:6138967",44,126,82
"CMIP","s954_F_POA_02_ASEReadCounter.table","NW_015090842.1:6139131",16,73,57
"CMIP","s954_F_POA_02_ASEReadCounter.table","NW_015090842.1:6139163",2,61,59
"CMIP","s954_F_POA_02_ASEReadCounter.table","NW_015090842.1:6139212",127,138,11
"CMIP","s954_F_POA_02_ASEReadCounter.table","NW_015090842.1:6139360",30,65,35
"CMIP","s954_F_POA_02_ASEReadCounter.table","NW_015090842.1:6139572",14,34,20
"PLCG2","s954_F_POA_02_ASEReadCounter.table","NW_015090842.1:6179613",1,1,0
"PLCG2","s954_F_POA_02_ASEReadCounter.table","NW_015090842.1:6179658",2,2,0
"PLCG2","s954_F_POA_02_ASEReadCounter.table","NW_015090842.1:6203766",1,3,2
"PLCG2","s954_F_POA_02_ASEReadCounter.table","NW_015090842.1:6203775",1,3,2
"PLCG2","s954_F_POA_02_ASEReadCounter.table","NW_015090842.1:6203787",1,3,2
"PLCG2","s954_F_POA_02_ASEReadCounter.table","NW_015090842.1:6209798",1,2,1
"PLCG2","s954_F_POA_02_ASEReadCounter.table","NW_015090842.1:6209816",1,2,1
"PLCG2","s954_F_POA_02_ASEReadCounter.table","NW_015090842.1:6217547",1,7,6
"PLCG2","s954_F_POA_02_ASEReadCounter.table","NW_015090842.1:6218641",0,4,4
"PLCG2","s954_F_POA_02_ASEReadCounter.table","NW_015090842.1:6220552",1,5,4
"PLCG2","s954_F_POA_02_ASEReadCounter.table","NW_015090842.1:6221969",2,5,3
"PLCG2","s954_F_POA_02_ASEReadCounter.table","NW_015090842.1:6228672",0,2,2
"PLCG2","s954_F_POA_02_ASEReadCounter.table","NW_015090842.1:6228694",0,2,2
"PLCG2","s954_F_POA_02_ASEReadCounter.table","NW_015090842.1:6228722",0,2,2
"PLCG2","s954_F_POA_02_ASEReadCounter.table","NW_015090842.1:6228747",0,3,3
"PLCG2","s954_F_POA_02_ASEReadCounter.table","NW_015090842.1:6228835",1,2,1
"PLCG2","s954_F_POA_02_ASEReadCounter.table","NW_015090842.1:6228841",1,2,1
"PLCG2","s954_F_POA_02_ASEReadCounter.table","NW_015090842.1:6228865",2,3,1
"PLCG2","s954_F_POA_02_ASEReadCounter.table","NW_015090842.1:6228917",2,3,1
"PLCG2","s954_F_POA_02_ASEReadCounter.table","NW_015090842.1:6228926",2,3,1
"PLCG2","s954_F_POA_02_ASEReadCounter.table","NW_015090842.1:6229002",0,1,1
"PLCG2","s954_F_POA_02_ASEReadCounter.table","NW_015090842.1:6229006",0,1,1
"PLCG2","s954_F_POA_02_ASEReadCounter.table","NW_015090842.1:6229160",0,1,1
"PLCG2","s954_F_POA_02_ASEReadCounter.table","NW_015090842.1:6229213",1,1,0
"PLCG2","s954_F_POA_02_ASEReadCounter.table","NW_015090842.1:6229231",1,1,0
"PLCG2","s954_F_POA_02_ASEReadCounter.table","NW_015090842.1:6229663",1,2,1
"PLCG2","s954_F_POA_02_ASEReadCounter.table","NW_015090842.1:6229748",1,1,0
"PLCG2","s954_F_POA_02_ASEReadCounter.table","NW_015090842.1:6229892",2,2,0
"PLCG2","s954_F_POA_02_ASEReadCounter.table","NW_015090842.1:6230248",3,3,0
"PLCG2","s954_F_POA_02_ASEReadCounter.table","NW_015090842.1:6230255",3,3,0
"PLCG2","s954_F_POA_02_ASEReadCounter.table","NW_015090842.1:6230276",3,3,0
"PLCG2","s954_F_POA_02_ASEReadCounter.table","NW_015090842.1:6230296",4,4,0
"PLCG2","s954_F_POA_02_ASEReadCounter.table","NW_015090842.1:6230349",3,3,0
"PLCG2","s954_F_POA_02_ASEReadCounter.table","NW_015090842.1:6230408",3,4,1
"PLCG2","s954_F_POA_02_ASEReadCounter.table","NW_015090842.1:6230439",0,2,2
"PLCG2","s954_F_POA_02_ASEReadCounter.table","NW_015090842.1:6230898",4,4,0
"PLCG2","s954_F_POA_02_ASEReadCounter.table","NW_015090842.1:6230976",1,1,0
"PLCG2","s954_F_POA_02_ASEReadCounter.table","NW_015090842.1:6231078",4,5,1
"PLCG2","s954_F_POA_02_ASEReadCounter.table","NW_015090842.1:6231138",3,3,0
"PLCG2","s954_F_POA_02_ASEReadCounter.table","NW_015090842.1:6231177",5,5,0
"PLCG2","s954_F_POA_02_ASEReadCounter.table","NW_015090842.1:6231263",0,1,1
"SDR42E1","s954_F_POA_02_ASEReadCounter.table","NW_015090842.1:6235292",2,4,2
"SDR42E1","s954_F_POA_02_ASEReadCounter.table","NW_015090842.1:6235315",3,6,3
"SDR42E1","s954_F_POA_02_ASEReadCounter.table","NW_015090842.1:6235348",5,8,3
"SDR42E1","s954_F_POA_02_ASEReadCounter.table","NW_015090842.1:6235355",5,8,3
"SDR42E1","s954_F_POA_02_ASEReadCounter.table","NW_015090842.1:6235417",5,12,7
"SDR42E1","s954_F_POA_02_ASEReadCounter.table","NW_015090842.1:6235558",4,13,9
"SDR42E1","s954_F_POA_02_ASEReadCounter.table","NW_015090842.1:6235741",4,9,5
"SDR42E1","s954_F_POA_02_ASEReadCounter.table","NW_015090842.1:6235777",2,10,8
"SDR42E1","s954_F_POA_02_ASEReadCounter.table","NW_015090842.1:6235806",2,10,8
"SDR42E1","s954_F_POA_02_ASEReadCounter.table","NW_015090842.1:6235809",2,10,8
"SDR42E1","s954_F_POA_02_ASEReadCounter.table","NW_015090842.1:6235816",3,11,8
"SDR42E1","s954_F_POA_02_ASEReadCounter.table","NW_015090842.1:6235914",3,10,7
"SDR42E1","s954_F_POA_02_ASEReadCounter.table","NW_015090842.1:6235935",3,10,7
"SDR42E1","s954_F_POA_02_ASEReadCounter.table","NW_015090842.1:6235957",2,9,7
"SDR42E1","s954_F_POA_02_ASEReadCounter.table","NW_015090842.1:6236040",2,5,3
"SDR42E1","s954_F_POA_02_ASEReadCounter.table","NW_015090842.1:6236260",2,7,5
"SDR42E1","s954_F_POA_02_ASEReadCounter.table","NW_015090842.1:6236281",2,6,4
"SDR42E1","s954_F_POA_02_ASEReadCounter.table","NW_015090842.1:6236305",1,8,7
"SDR42E1","s954_F_POA_02_ASEReadCounter.table","NW_015090842.1:6236458",2,7,5
"SDR42E1","s954_F_POA_02_ASEReadCounter.table","NW_015090842.1:6236476",2,8,6
"SDR42E1","s954_F_POA_02_ASEReadCounter.table","NW_015090842.1:6236608",3,3,0
"SDR42E1","s954_F_POA_02_ASEReadCounter.table","NW_015090842.1:6238244",2,4,2
"SDR42E1","s954_F_POA_02_ASEReadCounter.table","NW_015090842.1:6238829",2,5,3
"HSD17B2","s954_F_POA_02_ASEReadCounter.table","NW_015090842.1:6262974",0,2,2
"HSD17B2","s954_F_POA_02_ASEReadCounter.table","NW_015090842.1:6266125",0,2,2
"HSD17B2","s954_F_POA_02_ASEReadCounter.table","NW_015090842.1:6266135",0,2,2
"HSD17B2","s954_F_POA_02_ASEReadCounter.table","NW_015090842.1:6266795",0,1,1
"HSD17B2","s954_F_POA_02_ASEReadCounter.table","NW_015090842.1:6267053",0,1,1
"HSD17B2","s954_F_POA_02_ASEReadCounter.table","NW_015090842.1:6267196",0,2,2
"HSD17B2","s954_F_POA_02_ASEReadCounter.table","NW_015090842.1:6267273",0,1,1
"HSD17B2","s954_F_POA_02_ASEReadCounter.table","NW_015090842.1:6267674",0,1,1
"HSD17B2","s954_F_POA_02_ASEReadCounter.table","NW_015090842.1:6268098",0,2,2
"HSD17B2","s954_F_POA_02_ASEReadCounter.table","NW_015090842.1:6268203",0,2,2
"ARY2","s954_F_POA_02_ASEReadCounter.table","NW_015090842.1:6303922",28,45,17
"ARY2","s954_F_POA_02_ASEReadCounter.table","NW_015090842.1:6303954",29,48,19
"ARY2","s954_F_POA_02_ASEReadCounter.table","NW_015090842.1:6303979",26,42,16
"ARY2","s954_F_POA_02_ASEReadCounter.table","NW_015090842.1:6305848",29,59,30
"ARY2","s954_F_POA_02_ASEReadCounter.table","NW_015090842.1:6305856",31,57,26
"ARY2","s954_F_POA_02_ASEReadCounter.table","NW_015090842.1:6305857",31,56,25
"ARY2","s954_F_POA_02_ASEReadCounter.table","NW_015090842.1:6306017",18,34,16
"ARY2","s954_F_POA_02_ASEReadCounter.table","NW_015090842.1:6306052",19,34,15
"ARY2","s954_F_POA_02_ASEReadCounter.table","NW_015090842.1:6306094",35,55,20
"ARY2","s954_F_POA_02_ASEReadCounter.table","NW_015090842.1:6306100",35,55,20
"ARY2","s954_F_POA_02_ASEReadCounter.table","NW_015090842.1:6306146",31,57,26
"ARY2","s954_F_POA_02_ASEReadCounter.table","NW_015090842.1:6306147",31,57,26
"ARY2","s954_F_POA_02_ASEReadCounter.table","NW_015090842.1:6306390",31,49,18
"ARY2","s954_F_POA_02_ASEReadCounter.table","NW_015090842.1:6306567",27,44,17
"ARY2","s954_F_POA_02_ASEReadCounter.table","NW_015090842.1:6306705",22,32,10
"ARY2","s954_F_POA_02_ASEReadCounter.table","NW_015090842.1:6306773",25,36,11
"ARY2","s954_F_POA_02_ASEReadCounter.table","NW_015090842.1:6307039",47,61,14
"ARY2","s954_F_POA_02_ASEReadCounter.table","NW_015090842.1:6307043",45,63,18
"ARY2","s954_F_POA_02_ASEReadCounter.table","NW_015090842.1:6307093",36,48,12
"ARY2","s954_F_POA_02_ASEReadCounter.table","NW_015090842.1:6307138",35,53,18
"ARY2","s954_F_POA_02_ASEReadCounter.table","NW_015090842.1:6307157",32,52,20
"ARY2","s954_F_POA_02_ASEReadCounter.table","NW_015090842.1:6307187",35,53,18
"ARY2","s954_F_POA_02_ASEReadCounter.table","NW_015090842.1:6307204",32,46,14
"ARY2","s954_F_POA_02_ASEReadCounter.table","NW_015090842.1:6307278",35,47,12
"ARY2","s954_F_POA_02_ASEReadCounter.table","NW_015090842.1:6307305",33,47,14
"ARY2","s954_F_POA_02_ASEReadCounter.table","NW_015090842.1:6307318",32,47,15
"ARY2","s954_F_POA_02_ASEReadCounter.table","NW_015090842.1:6307429",40,49,9
"ARY2","s954_F_POA_02_ASEReadCounter.table","NW_015090842.1:6307487",34,45,11
"ARY2","s954_F_POA_02_ASEReadCounter.table","NW_015090842.1:6307670",25,31,6
"ARYL","s954_F_POA_02_ASEReadCounter.table","NW_015090842.1:6313360",6,6,0
"ARYL","s954_F_POA_02_ASEReadCounter.table","NW_015090842.1:6313377",7,7,0
"ARYL","s954_F_POA_02_ASEReadCounter.table","NW_015090842.1:6313767",0,1,1
"ARY1","s954_F_POA_02_ASEReadCounter.table","NW_015090842.1:6314296",7,8,1
"ARY1","s954_F_POA_02_ASEReadCounter.table","NW_015090842.1:6314541",5,6,1
"ARY1","s954_F_POA_02_ASEReadCounter.table","NW_015090842.1:6314597",5,7,2
"ARY1","s954_F_POA_02_ASEReadCounter.table","NW_015090842.1:6314750",2,7,5
"ARY1","s954_F_POA_02_ASEReadCounter.table","NW_015090842.1:6314794",2,5,3
"ARY1","s954_F_POA_02_ASEReadCounter.table","NW_015090842.1:6314827",3,3,0
"ARY1","s954_F_POA_02_ASEReadCounter.table","NW_015090842.1:6314859",5,6,1
"ARY1","s954_F_POA_02_ASEReadCounter.table","NW_015090842.1:6314886",5,6,1
"ARY1","s954_F_POA_02_ASEReadCounter.table","NW_015090842.1:6315022",4,6,2
"ARY1","s954_F_POA_02_ASEReadCounter.table","NW_015090842.1:6315026",4,6,2
"ARY1","s954_F_POA_02_ASEReadCounter.table","NW_015090842.1:6315043",3,4,1
"ARY1","s954_F_POA_02_ASEReadCounter.table","NW_015090842.1:6315065",2,5,3
"ARY1","s954_F_POA_02_ASEReadCounter.table","NW_015090842.1:6315409",8,12,4
"ARY1","s954_F_POA_02_ASEReadCounter.table","NW_015090842.1:6315479",9,17,8
"ARY1","s954_F_POA_02_ASEReadCounter.table","NW_015090842.1:6318342",7,9,2
"ARY1","s954_F_POA_02_ASEReadCounter.table","NW_015090842.1:6318427",9,14,5
"ARY1","s954_F_POA_02_ASEReadCounter.table","NW_015090842.1:6318603",13,15,2
"ARY1","s954_F_POA_02_ASEReadCounter.table","NW_015090842.1:6318708",12,15,3
"ARY1","s954_F_POA_02_ASEReadCounter.table","NW_015090842.1:6318858",14,18,4
"ARY1","s954_F_POA_02_ASEReadCounter.table","NW_015090842.1:6318952",13,18,5
"MPHOSPH6","s954_F_POA_02_ASEReadCounter.table","NW_015090842.1:6324063",44,93,49
"MPHOSPH6","s954_F_POA_02_ASEReadCounter.table","NW_015090842.1:6324174",71,160,89
"MPHOSPH6","s954_F_POA_02_ASEReadCounter.table","NW_015090842.1:6324270",83,194,111
"MPHOSPH6","s954_F_POA_02_ASEReadCounter.table","NW_015090842.1:6324762",71,157,86
"MPHOSPH6","s954_F_POA_02_ASEReadCounter.table","NW_015090842.1:6324780",69,150,81
"MPHOSPH6","s954_F_POA_02_ASEReadCounter.table","NW_015090842.1:6324902",86,179,93
"MPHOSPH6","s954_F_POA_02_ASEReadCounter.table","NW_015090842.1:6325066",97,204,107
"MPHOSPH6","s954_F_POA_02_ASEReadCounter.table","NW_015090842.1:6325089",108,233,125
"MPHOSPH6","s954_F_POA_02_ASEReadCounter.table","NW_015090842.1:6325877",83,198,115
"MPHOSPH6","s954_F_POA_02_ASEReadCounter.table","NW_015090842.1:6326976",59,142,83
"CDH13","s954_F_POA_02_ASEReadCounter.table","NW_015090842.1:6662283",24,34,10
"CDH13","s954_F_POA_02_ASEReadCounter.table","NW_015090842.1:6693665",16,36,20
"CDH13","s954_F_POA_02_ASEReadCounter.table","NW_015090842.1:6693697",20,35,15
"CDH13","s954_F_POA_02_ASEReadCounter.table","NW_015090842.1:6693712",16,30,14
"CDH13","s954_F_POA_02_ASEReadCounter.table","NW_015090842.1:6693723",18,25,7
"CDH13","s954_F_POA_02_ASEReadCounter.table","NW_015090842.1:6693738",16,26,10
"CDH13","s954_F_POA_02_ASEReadCounter.table","NW_015090842.1:6823730",26,44,18
"CDH13","s954_F_POA_02_ASEReadCounter.table","NW_015090842.1:6889713",24,39,15
"CDH13","s954_F_POA_02_ASEReadCounter.table","NW_015090842.1:6955167",41,82,41
"MLYCD","s954_F_POA_02_ASEReadCounter.table","NW_015090842.1:7150054",32,70,38
"MLYCD","s954_F_POA_02_ASEReadCounter.table","NW_015090842.1:7150131",52,116,64
"MLYCD","s954_F_POA_02_ASEReadCounter.table","NW_015090842.1:7150585",50,103,53
"MLYCD","s954_F_POA_02_ASEReadCounter.table","NW_015090842.1:7150686",55,105,50
"MLYCD","s954_F_POA_02_ASEReadCounter.table","NW_015090842.1:7150696",64,118,54
"MLYCD","s954_F_POA_02_ASEReadCounter.table","NW_015090842.1:7150869",46,87,41
"MLYCD","s954_F_POA_02_ASEReadCounter.table","NW_015090842.1:7151100",47,98,51
"MLYCD","s954_F_POA_02_ASEReadCounter.table","NW_015090842.1:7151127",46,95,49
"MLYCD","s954_F_POA_02_ASEReadCounter.table","NW_015090842.1:7157538",37,84,47
"MLYCD","s954_F_POA_02_ASEReadCounter.table","NW_015090842.1:7167662",15,33,18
"MLYCD","s954_F_POA_02_ASEReadCounter.table","NW_015090842.1:7167675",18,35,17
"MLYCD","s954_F_POA_02_ASEReadCounter.table","NW_015090842.1:7167710",19,34,15
"MLYCD","s954_F_POA_02_ASEReadCounter.table","NW_015090842.1:7167781",20,37,17
"MLYCD","s954_F_POA_02_ASEReadCounter.table","NW_015090842.1:7167803",17,30,13
"MLYCD","s954_F_POA_02_ASEReadCounter.table","NW_015090842.1:7167812",15,28,13
"MLYCD","s954_F_POA_02_ASEReadCounter.table","NW_015090842.1:7167845",22,32,10
"MLYCD","s954_F_POA_02_ASEReadCounter.table","NW_015090842.1:7167862",17,29,12
"MLYCD","s954_F_POA_02_ASEReadCounter.table","NW_015090842.1:7167929",12,24,12
"MLYCD","s954_F_POA_02_ASEReadCounter.table","NW_015090842.1:7167995",12,20,8
"MLYCD","s954_F_POA_02_ASEReadCounter.table","NW_015090842.1:7168005",13,21,8
"MLYCD","s954_F_POA_02_ASEReadCounter.table","NW_015090842.1:7168037",15,24,9
"HSBP1","s954_F_POA_02_ASEReadCounter.table","NW_015090842.1:7245192",435,777,342
"HSBP1","s954_F_POA_02_ASEReadCounter.table","NW_015090842.1:7245226",505,908,403
"HSBP1","s954_F_POA_02_ASEReadCounter.table","NW_015090842.1:7245257",428,785,357
"HSBP1","s954_F_POA_02_ASEReadCounter.table","NW_015090842.1:7245296",427,842,415
"HSBP1","s954_F_POA_02_ASEReadCounter.table","NW_015090842.1:7245389",552,1003,451
"HSBP1","s954_F_POA_02_ASEReadCounter.table","NW_015090842.1:7245400",588,993,405
"HSBP1","s954_F_POA_02_ASEReadCounter.table","NW_015090842.1:7245445",551,972,421
"HSBP1","s954_F_POA_02_ASEReadCounter.table","NW_015090842.1:7245495",530,944,414
"HSBP1","s954_F_POA_02_ASEReadCounter.table","NW_015090842.1:7245733",355,703,348
"HSBP1","s954_F_POA_02_ASEReadCounter.table","NW_015090842.1:7245771",401,723,322
"HSBP1","s954_F_POA_02_ASEReadCounter.table","NW_015090842.1:7245813",422,691,269
"HSBP1","s954_F_POA_02_ASEReadCounter.table","NW_015090842.1:7245926",467,844,377
"HSBP1","s954_F_POA_02_ASEReadCounter.table","NW_015090842.1:7245927",471,844,373
"HSBP1","s954_F_POA_02_ASEReadCounter.table","NW_015090842.1:7245933",457,816,359
"HSBP1","s954_F_POA_02_ASEReadCounter.table","NW_015090842.1:7246002",308,645,337
"HSBP1","s954_F_POA_02_ASEReadCounter.table","NW_015090842.1:7246094",436,785,349
"HSBP1","s954_F_POA_02_ASEReadCounter.table","NW_015090842.1:7246167",445,773,328
"HSBP1","s954_F_POA_02_ASEReadCounter.table","NW_015090842.1:7246183",438,771,333
"HSBP1","s954_F_POA_02_ASEReadCounter.table","NW_015090842.1:7247285",40,47,7
"HSBP1","s954_F_POA_02_ASEReadCounter.table","NW_015090842.1:7247651",426,854,428
"HSBP1","s954_F_POA_02_ASEReadCounter.table","NW_015090842.1:7247657",424,862,438
"HSBP1","s954_F_POA_02_ASEReadCounter.table","NW_015090842.1:7248520",299,577,278
"HSBP1","s954_F_POA_02_ASEReadCounter.table","NW_015090842.1:7248535",253,484,231
"KCNG4","s954_F_POA_02_ASEReadCounter.table","NW_015090842.1:7282481",3,5,2
"KCNG4","s954_F_POA_02_ASEReadCounter.table","NW_015090842.1:7282500",3,5,2
"KCNG4","s954_F_POA_02_ASEReadCounter.table","NW_015090842.1:7282542",3,6,3
"KCNG4","s954_F_POA_02_ASEReadCounter.table","NW_015090842.1:7282579",2,4,2
"KCNG4","s954_F_POA_02_ASEReadCounter.table","NW_015090842.1:7282630",0,2,2
"KCNG4","s954_F_POA_02_ASEReadCounter.table","NW_015090842.1:7283056",1,1,0
"KCNG4","s954_F_POA_02_ASEReadCounter.table","NW_015090842.1:7301195",1,2,1
"KCNG4","s954_F_POA_02_ASEReadCounter.table","NW_015090842.1:7301227",0,1,1
"KCNG4","s954_F_POA_02_ASEReadCounter.table","NW_015090842.1:7301240",0,1,1
"WFDC1","s954_F_POA_02_ASEReadCounter.table","NW_015090842.1:7366517",0,3,3
"WFDC1","s954_F_POA_02_ASEReadCounter.table","NW_015090842.1:7373367",1,6,5
"WFDC1","s954_F_POA_02_ASEReadCounter.table","NW_015090842.1:7375828",2,10,8
"WFDC1","s954_F_POA_02_ASEReadCounter.table","NW_015090842.1:7378036",4,7,3
"WFDC1","s954_F_POA_02_ASEReadCounter.table","NW_015090842.1:7379125",3,11,8
"WFDC1","s954_F_POA_02_ASEReadCounter.table","NW_015090842.1:7379451",5,9,4
"WFDC1","s954_F_POA_02_ASEReadCounter.table","NW_015090842.1:7379471",4,9,5
"WFDC1","s954_F_POA_02_ASEReadCounter.table","NW_015090842.1:7379576",2,5,3
"WFDC1","s954_F_POA_02_ASEReadCounter.table","NW_015090842.1:7379596",2,6,4
"WFDC1","s954_F_POA_02_ASEReadCounter.table","NW_015090842.1:7379605",2,5,3
"WFDC1","s954_F_POA_02_ASEReadCounter.table","NW_015090842.1:7379626",1,5,4
"WFDC1","s954_F_POA_02_ASEReadCounter.table","NW_015090842.1:7379631",1,5,4
"WFDC1","s954_F_POA_02_ASEReadCounter.table","NW_015090842.1:7379632",1,6,5
"WFDC1","s954_F_POA_02_ASEReadCounter.table","NW_015090842.1:7379652",3,8,5
"WFDC1","s954_F_POA_02_ASEReadCounter.table","NW_015090842.1:7379669",2,5,3
"WFDC1","s954_F_POA_02_ASEReadCounter.table","NW_015090842.1:7379674",2,5,3
"WFDC1","s954_F_POA_02_ASEReadCounter.table","NW_015090842.1:7379719",2,8,6
"WFDC1","s954_F_POA_02_ASEReadCounter.table","NW_015090842.1:7379735",1,4,3
"WFDC1","s954_F_POA_02_ASEReadCounter.table","NW_015090842.1:7379739",0,3,3
"WFDC1","s954_F_POA_02_ASEReadCounter.table","NW_015090842.1:7379821",5,12,7
"WFDC1","s954_F_POA_02_ASEReadCounter.table","NW_015090842.1:7379840",5,13,8
"WFDC1","s954_F_POA_02_ASEReadCounter.table","NW_015090842.1:7379933",2,12,10
"WFDC1","s954_F_POA_02_ASEReadCounter.table","NW_015090842.1:7379935",2,11,9
"WFDC1","s954_F_POA_02_ASEReadCounter.table","NW_015090842.1:7379983",4,13,9
"WFDC1","s954_F_POA_02_ASEReadCounter.table","NW_015090842.1:7380060",3,7,4
"WFDC1","s954_F_POA_02_ASEReadCounter.table","NW_015090842.1:7380136",3,4,1
"WFDC1","s954_F_POA_02_ASEReadCounter.table","NW_015090842.1:7380150",5,6,1
"WFDC1","s954_F_POA_02_ASEReadCounter.table","NW_015090842.1:7380164",5,6,1
"WFDC1","s954_F_POA_02_ASEReadCounter.table","NW_015090842.1:7380237",2,9,7
"WFDC1","s954_F_POA_02_ASEReadCounter.table","NW_015090842.1:7380261",0,7,7
"WFDC1","s954_F_POA_02_ASEReadCounter.table","NW_015090842.1:7380322",3,8,5
"WFDC1","s954_F_POA_02_ASEReadCounter.table","NW_015090842.1:7380491",1,8,7
"WFDC1","s954_F_POA_02_ASEReadCounter.table","NW_015090842.1:7380567",4,7,3
"WFDC1","s954_F_POA_02_ASEReadCounter.table","NW_015090842.1:7380672",3,11,8
"WFDC1","s954_F_POA_02_ASEReadCounter.table","NW_015090842.1:7380721",2,13,11
"WFDC1","s954_F_POA_02_ASEReadCounter.table","NW_015090842.1:7380743",3,13,10
"WFDC1","s954_F_POA_02_ASEReadCounter.table","NW_015090842.1:7380852",3,8,5
"WFDC1","s954_F_POA_02_ASEReadCounter.table","NW_015090842.1:7380878",3,9,6
"WFDC1","s954_F_POA_02_ASEReadCounter.table","NW_015090842.1:7381081",5,13,8
"WFDC1","s954_F_POA_02_ASEReadCounter.table","NW_015090842.1:7381127",3,12,9
"WFDC1","s954_F_POA_02_ASEReadCounter.table","NW_015090842.1:7381195",2,7,5
"WFDC1","s954_F_POA_02_ASEReadCounter.table","NW_015090842.1:7381253",0,3,3
"WFDC1","s954_F_POA_02_ASEReadCounter.table","NW_015090842.1:7381378",2,11,9
"WFDC1","s954_F_POA_02_ASEReadCounter.table","NW_015090842.1:7381433",2,10,8
"WFDC1","s954_F_POA_02_ASEReadCounter.table","NW_015090842.1:7381434",2,10,8
"WFDC1","s954_F_POA_02_ASEReadCounter.table","NW_015090842.1:7381442",2,12,10
"WFDC1","s954_F_POA_02_ASEReadCounter.table","NW_015090842.1:7381517",3,10,7
"WFDC1","s954_F_POA_02_ASEReadCounter.table","NW_015090842.1:7381520",4,11,7
"WFDC1","s954_F_POA_02_ASEReadCounter.table","NW_015090842.1:7381677",3,9,6
"WFDC1","s954_F_POA_02_ASEReadCounter.table","NW_015090842.1:7381709",0,3,3
"ATP2C2","s954_F_POA_02_ASEReadCounter.table","NW_015090842.1:7392613",0,1,1
"ATP2C2","s954_F_POA_02_ASEReadCounter.table","NW_015090842.1:7397049",0,1,1
"ATP2C2","s954_F_POA_02_ASEReadCounter.table","NW_015090842.1:7398395",0,1,1
"ATP2C2","s954_F_POA_02_ASEReadCounter.table","NW_015090842.1:7402554",0,1,1
"ATP2C2","s954_F_POA_02_ASEReadCounter.table","NW_015090842.1:7402578",0,1,1
"ATP2C2","s954_F_POA_02_ASEReadCounter.table","NW_015090842.1:7405621",1,3,2
"ATP2C2","s954_F_POA_02_ASEReadCounter.table","NW_015090842.1:7413855",11,20,9
"ATP2C2","s954_F_POA_02_ASEReadCounter.table","NW_015090842.1:7413869",1,11,10
"ATP2C2","s954_F_POA_02_ASEReadCounter.table","NW_015090842.1:7413875",5,15,10
"TLDC1","s954_F_POA_02_ASEReadCounter.table","NW_015090842.1:7421137",46,80,34
"TLDC1","s954_F_POA_02_ASEReadCounter.table","NW_015090842.1:7421155",34,67,33
"TLDC1","s954_F_POA_02_ASEReadCounter.table","NW_015090842.1:7421218",35,66,31
"TLDC1","s954_F_POA_02_ASEReadCounter.table","NW_015090842.1:7421399",26,49,23
"TLDC1","s954_F_POA_02_ASEReadCounter.table","NW_015090842.1:7421402",26,50,24
"TLDC1","s954_F_POA_02_ASEReadCounter.table","NW_015090842.1:7421528",22,46,24
"TLDC1","s954_F_POA_02_ASEReadCounter.table","NW_015090842.1:7421532",21,43,22
"TLDC1","s954_F_POA_02_ASEReadCounter.table","NW_015090842.1:7421621",22,43,21
"TLDC1","s954_F_POA_02_ASEReadCounter.table","NW_015090842.1:7421647",21,38,17
"TLDC1","s954_F_POA_02_ASEReadCounter.table","NW_015090842.1:7421657",20,38,18
"TLDC1","s954_F_POA_02_ASEReadCounter.table","NW_015090842.1:7421693",29,57,28
"TLDC1","s954_F_POA_02_ASEReadCounter.table","NW_015090842.1:7421796",21,49,28
"TLDC1","s954_F_POA_02_ASEReadCounter.table","NW_015090842.1:7421810",22,54,32
"TLDC1","s954_F_POA_02_ASEReadCounter.table","NW_015090842.1:7421833",27,60,33
"TLDC1","s954_F_POA_02_ASEReadCounter.table","NW_015090842.1:7421879",34,62,28
"TLDC1","s954_F_POA_02_ASEReadCounter.table","NW_015090842.1:7421914",37,62,25
"TLDC1","s954_F_POA_02_ASEReadCounter.table","NW_015090842.1:7421969",19,35,16
"TLDC1","s954_F_POA_02_ASEReadCounter.table","NW_015090842.1:7422015",21,42,21
"TLDC1","s954_F_POA_02_ASEReadCounter.table","NW_015090842.1:7422042",32,61,29
"TLDC1","s954_F_POA_02_ASEReadCounter.table","NW_015090842.1:7422230",26,64,38
"TLDC1","s954_F_POA_02_ASEReadCounter.table","NW_015090842.1:7423349",36,80,44
"TLDC1","s954_F_POA_02_ASEReadCounter.table","NW_015090842.1:7423362",32,69,37
"TLDC1","s954_F_POA_02_ASEReadCounter.table","NW_015090842.1:7426091",21,43,22
"TLDC1","s954_F_POA_02_ASEReadCounter.table","NW_015090842.1:7426485",17,38,21
"TLDC1","s954_F_POA_02_ASEReadCounter.table","NW_015090842.1:7427211",18,46,28
"TLDC1","s954_F_POA_02_ASEReadCounter.table","NW_015090842.1:7428179",17,27,10
"COTL1","s954_F_POA_02_ASEReadCounter.table","NW_015090842.1:7490744",515,1152,637
"COTL1","s954_F_POA_02_ASEReadCounter.table","NW_015090842.1:7491051",397,898,501
"COTL1","s954_F_POA_02_ASEReadCounter.table","NW_015090842.1:7491124",412,902,490
"COTL1","s954_F_POA_02_ASEReadCounter.table","NW_015090842.1:7491418",278,588,310
"COTL1","s954_F_POA_02_ASEReadCounter.table","NW_015090842.1:7491539",248,502,254
"COTL1","s954_F_POA_02_ASEReadCounter.table","NW_015090842.1:7491585",339,683,344
"COTL1","s954_F_POA_02_ASEReadCounter.table","NW_015090842.1:7491586",332,705,373
"COTL1","s954_F_POA_02_ASEReadCounter.table","NW_015090842.1:7491646",422,874,452
"COTL1","s954_F_POA_02_ASEReadCounter.table","NW_015090842.1:7491747",348,758,410
"COTL1","s954_F_POA_02_ASEReadCounter.table","NW_015090842.1:7491803",328,700,372
"COTL1","s954_F_POA_02_ASEReadCounter.table","NW_015090842.1:7506078",1,3,2
"COTL1","s954_F_POA_02_ASEReadCounter.table","NW_015090842.1:7507551",1,3,2
"COTL1","s954_F_POA_02_ASEReadCounter.table","NW_015090842.1:7507563",0,2,2
"COTL1","s954_F_POA_02_ASEReadCounter.table","NW_015090842.1:7510900",1,1,0
"COTL1","s954_F_POA_02_ASEReadCounter.table","NW_015090842.1:7513223",1,1,0
"COTL1","s954_F_POA_02_ASEReadCounter.table","NW_015090842.1:7513239",1,1,0
"KLHL36","s954_F_POA_02_ASEReadCounter.table","NW_015090842.1:7514700",25,35,10
"KLHL36","s954_F_POA_02_ASEReadCounter.table","NW_015090842.1:7519691",1,3,2
"KLHL36","s954_F_POA_02_ASEReadCounter.table","NW_015090842.1:7519696",1,3,2
"KLHL36","s954_F_POA_02_ASEReadCounter.table","NW_015090842.1:7526160",31,61,30
"KLHL36","s954_F_POA_02_ASEReadCounter.table","NW_015090842.1:7526469",22,50,28
"KLHL36","s954_F_POA_02_ASEReadCounter.table","NW_015090842.1:7526587",22,42,20
"KLHL36","s954_F_POA_02_ASEReadCounter.table","NW_015090842.1:7526997",21,48,27
"KLHL36","s954_F_POA_02_ASEReadCounter.table","NW_015090842.1:7527142",27,44,17
"KLHL36","s954_F_POA_02_ASEReadCounter.table","NW_015090842.1:7535174",45,100,55
"KLHL36","s954_F_POA_02_ASEReadCounter.table","NW_015090842.1:7535384",33,66,33
"KLHL36","s954_F_POA_02_ASEReadCounter.table","NW_015090842.1:7535420",31,74,43
"KLHL36","s954_F_POA_02_ASEReadCounter.table","NW_015090842.1:7535545",39,68,29
"KLHL36","s954_F_POA_02_ASEReadCounter.table","NW_015090842.1:7535829",40,76,36
"KLHL36","s954_F_POA_02_ASEReadCounter.table","NW_015090842.1:7535977",44,86,42
"KLHL36","s954_F_POA_02_ASEReadCounter.table","NW_015090842.1:7536010",40,82,42
"KLHL36","s954_F_POA_02_ASEReadCounter.table","NW_015090842.1:7536051",31,72,41
"KLHL36","s954_F_POA_02_ASEReadCounter.table","NW_015090842.1:7536096",36,75,39
"KLHL36","s954_F_POA_02_ASEReadCounter.table","NW_015090842.1:7536135",43,91,48
"KLHL36","s954_F_POA_02_ASEReadCounter.table","NW_015090842.1:7536136",44,90,46
"KLHL36","s954_F_POA_02_ASEReadCounter.table","NW_015090842.1:7536160",52,102,50
"KLHL36","s954_F_POA_02_ASEReadCounter.table","NW_015090842.1:7536336",34,91,57
"KLHL36","s954_F_POA_02_ASEReadCounter.table","NW_015090842.1:7536352",31,91,60
"KLHL36","s954_F_POA_02_ASEReadCounter.table","NW_015090842.1:7536412",14,66,52
"KLHL36","s954_F_POA_02_ASEReadCounter.table","NW_015090842.1:7536418",14,65,51
"KLHL36","s954_F_POA_02_ASEReadCounter.table","NW_015090842.1:7536465",24,73,49
"KLHL36","s954_F_POA_02_ASEReadCounter.table","NW_015090842.1:7536466",24,73,49
"KLHL36","s954_F_POA_02_ASEReadCounter.table","NW_015090842.1:7536553",42,89,47
"KLHL36","s954_F_POA_02_ASEReadCounter.table","NW_015090842.1:7536698",36,94,58
"KLHL36","s954_F_POA_02_ASEReadCounter.table","NW_015090842.1:7536713",15,79,64
"KLHL36","s954_F_POA_02_ASEReadCounter.table","NW_015090842.1:7536720",29,75,46
"KLHL36","s954_F_POA_02_ASEReadCounter.table","NW_015090842.1:7536791",52,96,44
"KLHL36","s954_F_POA_02_ASEReadCounter.table","NW_015090842.1:7536849",44,88,44
"KLHL36","s954_F_POA_02_ASEReadCounter.table","NW_015090842.1:7536872",46,96,50
"KLHL36","s954_F_POA_02_ASEReadCounter.table","NW_015090842.1:7536878",52,100,48
"KLHL36","s954_F_POA_02_ASEReadCounter.table","NW_015090842.1:7536916",54,98,44
"KLHL36","s954_F_POA_02_ASEReadCounter.table","NW_015090842.1:7536927",56,115,59
"KLHL36","s954_F_POA_02_ASEReadCounter.table","NW_015090842.1:7537315",59,119,60
"KLHL36","s954_F_POA_02_ASEReadCounter.table","NW_015090842.1:7537352",55,113,58
"KLHL36","s954_F_POA_02_ASEReadCounter.table","NW_015090842.1:7537631",71,136,65
"KLHL36","s954_F_POA_02_ASEReadCounter.table","NW_015090842.1:7537830",64,139,75
"KLHL36","s954_F_POA_02_ASEReadCounter.table","NW_015090842.1:7537838",59,134,75
"KLHL36","s954_F_POA_02_ASEReadCounter.table","NW_015090842.1:7538153",43,94,51
"KLHL36","s954_F_POA_02_ASEReadCounter.table","NW_015090842.1:7538256",29,73,44
"KLHL36","s954_F_POA_02_ASEReadCounter.table","NW_015090842.1:7538265",27,67,40
"KLHL36","s954_F_POA_02_ASEReadCounter.table","NW_015090842.1:7538300",22,74,52
"USP10","s954_F_POA_02_ASEReadCounter.table","NW_015090842.1:7563972",4,18,14
"USP10","s954_F_POA_02_ASEReadCounter.table","NW_015090842.1:7571816",20,48,28
"USP10","s954_F_POA_02_ASEReadCounter.table","NW_015090842.1:7571993",34,64,30
"USP10","s954_F_POA_02_ASEReadCounter.table","NW_015090842.1:7572580",44,86,42
"USP10","s954_F_POA_02_ASEReadCounter.table","NW_015090842.1:7587372",87,195,108
"CRISPLD2","s954_F_POA_02_ASEReadCounter.table","NW_015090842.1:7604605",2,3,1
"CRISPLD2","s954_F_POA_02_ASEReadCounter.table","NW_015090842.1:7609844",2,2,0
"CRISPLD2","s954_F_POA_02_ASEReadCounter.table","NW_015090842.1:7609845",2,2,0
"CRISPLD2","s954_F_POA_02_ASEReadCounter.table","NW_015090842.1:7609883",3,3,0
"CRISPLD2","s954_F_POA_02_ASEReadCounter.table","NW_015090842.1:7610084",2,2,0
"CRISPLD2","s954_F_POA_02_ASEReadCounter.table","NW_015090842.1:7617757",2,2,0
"CRISPLD2","s954_F_POA_02_ASEReadCounter.table","NW_015090842.1:7617781",2,2,0
"CRISPLD2","s954_F_POA_02_ASEReadCounter.table","NW_015090842.1:7617790",2,2,0
"CRISPLD2","s954_F_POA_02_ASEReadCounter.table","NW_015090842.1:7625451",6,7,1
"CRISPLD2","s954_F_POA_02_ASEReadCounter.table","NW_015090842.1:7626214",6,6,0
"CRISPLD2","s954_F_POA_02_ASEReadCounter.table","NW_015090842.1:7630784",3,4,1
"CRISPLD2","s954_F_POA_02_ASEReadCounter.table","NW_015090842.1:7630823",4,4,0
"CRISPLD2","s954_F_POA_02_ASEReadCounter.table","NW_015090842.1:7633172",7,9,2
"CRISPLD2","s954_F_POA_02_ASEReadCounter.table","NW_015090842.1:7633326",6,6,0
"CRISPLD2","s954_F_POA_02_ASEReadCounter.table","NW_015090842.1:7633336",6,6,0
"CRISPLD2","s954_F_POA_02_ASEReadCounter.table","NW_015090842.1:7633381",5,6,1
"CRISPLD2","s954_F_POA_02_ASEReadCounter.table","NW_015090842.1:7633388",6,7,1
"CRISPLD2","s954_F_POA_02_ASEReadCounter.table","NW_015090842.1:7633400",5,6,1
"CRISPLD2","s954_F_POA_02_ASEReadCounter.table","NW_015090842.1:7633486",5,5,0
"CRISPLD2","s954_F_POA_02_ASEReadCounter.table","NW_015090842.1:7633503",5,5,0
"CRISPLD2","s954_F_POA_02_ASEReadCounter.table","NW_015090842.1:7633504",5,5,0
"CRISPLD2","s954_F_POA_02_ASEReadCounter.table","NW_015090842.1:7633557",4,5,1
"CRISPLD2","s954_F_POA_02_ASEReadCounter.table","NW_015090842.1:7633571",5,6,1
"CRISPLD2","s954_F_POA_02_ASEReadCounter.table","NW_015090842.1:7633588",6,7,1
"CRISPLD2","s954_F_POA_02_ASEReadCounter.table","NW_015090842.1:7633617",4,5,1
"CRISPLD2","s954_F_POA_02_ASEReadCounter.table","NW_015090842.1:7633695",6,7,1
"CRISPLD2","s954_F_POA_02_ASEReadCounter.table","NW_015090842.1:7633721",7,7,0
"CRISPLD2","s954_F_POA_02_ASEReadCounter.table","NW_015090842.1:7633888",3,4,1
"CRISPLD2","s954_F_POA_02_ASEReadCounter.table","NW_015090842.1:7633910",4,5,1
"CRISPLD2","s954_F_POA_02_ASEReadCounter.table","NW_015090842.1:7634142",7,7,0
"CRISPLD2","s954_F_POA_02_ASEReadCounter.table","NW_015090842.1:7634417",4,5,1
"CRISPLD2","s954_F_POA_02_ASEReadCounter.table","NW_015090842.1:7634825",1,3,2
"CRISPLD2","s954_F_POA_02_ASEReadCounter.table","NW_015090842.1:7634852",0,3,3
"CRISPLD2","s954_F_POA_02_ASEReadCounter.table","NW_015090842.1:7635009",3,4,1
"CRISPLD2","s954_F_POA_02_ASEReadCounter.table","NW_015090842.1:7635208",12,12,0
"CRISPLD2","s954_F_POA_02_ASEReadCounter.table","NW_015090842.1:7635373",5,6,1
"CRISPLD2","s954_F_POA_02_ASEReadCounter.table","NW_015090842.1:7635525",9,12,3
"CRISPLD2","s954_F_POA_02_ASEReadCounter.table","NW_015090842.1:7635583",11,12,1
"CRISPLD2","s954_F_POA_02_ASEReadCounter.table","NW_015090842.1:7635924",7,7,0
"LOC106888312","s954_F_POA_02_ASEReadCounter.table","NW_015090842.1:7713031",1,1,0
"LOC106888312","s954_F_POA_02_ASEReadCounter.table","NW_015090842.1:7732244",1,1,0
"LOC106888312","s954_F_POA_02_ASEReadCounter.table","NW_015090842.1:7732443",0,1,1
"LOC106888312","s954_F_POA_02_ASEReadCounter.table","NW_015090842.1:7732444",0,1,1
"LOC106888312","s954_F_POA_02_ASEReadCounter.table","NW_015090842.1:7732538",0,1,1
"LOC106888312","s954_F_POA_02_ASEReadCounter.table","NW_015090842.1:7732548",0,1,1
"LOC106888312","s954_F_POA_02_ASEReadCounter.table","NW_015090842.1:7732576",0,1,1
"LOC106888312","s954_F_POA_02_ASEReadCounter.table","NW_015090842.1:7732580",0,1,1
"LOC106888312","s954_F_POA_02_ASEReadCounter.table","NW_015090842.1:7732782",1,1,0
"LOC106888312","s954_F_POA_02_ASEReadCounter.table","NW_015090842.1:7732796",1,1,0
"LOC106888312","s954_F_POA_02_ASEReadCounter.table","NW_015090842.1:7733196",2,3,1
"LOC106888312","s954_F_POA_02_ASEReadCounter.table","NW_015090842.1:7733299",1,1,0
"LOC106888312","s954_F_POA_02_ASEReadCounter.table","NW_015090842.1:7733470",1,2,1
"LOC106888312","s954_F_POA_02_ASEReadCounter.table","NW_015090842.1:7733471",1,2,1
"LOC106888312","s954_F_POA_02_ASEReadCounter.table","NW_015090842.1:7733472",1,2,1
"LOC106888312","s954_F_POA_02_ASEReadCounter.table","NW_015090842.1:7733507",1,2,1
"LOC106888312","s954_F_POA_02_ASEReadCounter.table","NW_015090842.1:7733508",1,2,1
"LOC106888312","s954_F_POA_02_ASEReadCounter.table","NW_015090842.1:7733518",1,2,1
"LOC106888312","s954_F_POA_02_ASEReadCounter.table","NW_015090842.1:7733609",0,1,1
"LOC106888312","s954_F_POA_02_ASEReadCounter.table","NW_015090842.1:7733631",0,1,1
"ZDHHC7","s954_F_POA_02_ASEReadCounter.table","NW_015090842.1:7737199",23,55,32
"ZDHHC7","s954_F_POA_02_ASEReadCounter.table","NW_015090842.1:7737332",18,48,30
"ZDHHC7","s954_F_POA_02_ASEReadCounter.table","NW_015090842.1:7737553",30,76,46
"ZDHHC7","s954_F_POA_02_ASEReadCounter.table","NW_015090842.1:7737920",27,54,27
"ZDHHC7","s954_F_POA_02_ASEReadCounter.table","NW_015090842.1:7737953",24,52,28
"ZDHHC7","s954_F_POA_02_ASEReadCounter.table","NW_015090842.1:7737987",19,46,27
"ZDHHC7","s954_F_POA_02_ASEReadCounter.table","NW_015090842.1:7738068",25,46,21
"ZDHHC7","s954_F_POA_02_ASEReadCounter.table","NW_015090842.1:7738204",25,54,29
"LOC106888097","s954_F_POA_02_ASEReadCounter.table","NW_015090842.1:7767178",10,14,4
"LOC106888097","s954_F_POA_02_ASEReadCounter.table","NW_015090842.1:7767187",9,14,5
"LOC106888097","s954_F_POA_02_ASEReadCounter.table","NW_015090842.1:7768144",9,22,13
"LOC106888097","s954_F_POA_02_ASEReadCounter.table","NW_015090842.1:7768196",13,28,15
"LOC106888097","s954_F_POA_02_ASEReadCounter.table","NW_015090842.1:7769884",9,28,19
"LOC106888097","s954_F_POA_02_ASEReadCounter.table","NW_015090842.1:7769893",8,24,16
"LOC106888097","s954_F_POA_02_ASEReadCounter.table","NW_015090842.1:7770245",22,44,22
"LOC106888097","s954_F_POA_02_ASEReadCounter.table","NW_015090842.1:7772402",22,40,18
"LOC106888097","s954_F_POA_02_ASEReadCounter.table","NW_015090842.1:7772483",25,50,25
"LOC106888097","s954_F_POA_02_ASEReadCounter.table","NW_015090842.1:7772490",24,49,25
"LOC106888097","s954_F_POA_02_ASEReadCounter.table","NW_015090842.1:7774281",35,69,34
"LOC106888097","s954_F_POA_02_ASEReadCounter.table","NW_015090842.1:7774552",35,77,42
"LOC106888097","s954_F_POA_02_ASEReadCounter.table","NW_015090842.1:7774564",36,75,39
"LOC106888097","s954_F_POA_02_ASEReadCounter.table","NW_015090842.1:7774611",22,67,45
"LOC106888097","s954_F_POA_02_ASEReadCounter.table","NW_015090842.1:7774681",22,63,41
"LOC106888097","s954_F_POA_02_ASEReadCounter.table","NW_015090842.1:7774698",21,60,39
"LOC106888097","s954_F_POA_02_ASEReadCounter.table","NW_015090842.1:7774730",10,30,20
"LOC106888097","s954_F_POA_02_ASEReadCounter.table","NW_015090842.1:7774778",2,2,0
"LOC106888097","s954_F_POA_02_ASEReadCounter.table","NW_015090842.1:7774793",2,2,0
"FOXL1","s954_F_POA_02_ASEReadCounter.table","NW_015090842.1:8113043",1,1,0
"FOXC2","s954_F_POA_02_ASEReadCounter.table","NW_015090842.1:8129599",14,31,17
"FOXC2","s954_F_POA_02_ASEReadCounter.table","NW_015090842.1:8129616",14,35,21
"FOXC2","s954_F_POA_02_ASEReadCounter.table","NW_015090842.1:8129715",15,30,15
"FOXC2","s954_F_POA_02_ASEReadCounter.table","NW_015090842.1:8129719",16,32,16
"FOXC2","s954_F_POA_02_ASEReadCounter.table","NW_015090842.1:8130244",9,19,10
"FOXC2","s954_F_POA_02_ASEReadCounter.table","NW_015090842.1:8130472",7,17,10
"FOXC2","s954_F_POA_02_ASEReadCounter.table","NW_015090842.1:8130490",7,16,9
"FOXC2","s954_F_POA_02_ASEReadCounter.table","NW_015090842.1:8130547",7,14,7
"FOXC2","s954_F_POA_02_ASEReadCounter.table","NW_015090842.1:8130550",7,14,7
"FOXC2","s954_F_POA_02_ASEReadCounter.table","NW_015090842.1:8130573",7,14,7
"FOXC2","s954_F_POA_02_ASEReadCounter.table","NW_015090842.1:8130575",7,14,7
"MTHFSD","s954_F_POA_02_ASEReadCounter.table","NW_015090842.1:8140051",13,19,6
"MTHFSD","s954_F_POA_02_ASEReadCounter.table","NW_015090842.1:8142923",15,29,14
"MTHFSD","s954_F_POA_02_ASEReadCounter.table","NW_015090842.1:8143029",13,32,19
"MTHFSD","s954_F_POA_02_ASEReadCounter.table","NW_015090842.1:8152035",13,34,21
"MTHFSD","s954_F_POA_02_ASEReadCounter.table","NW_015090842.1:8152315",13,33,20
"MTHFSD","s954_F_POA_02_ASEReadCounter.table","NW_015090842.1:8152511",12,27,15
"MTHFSD","s954_F_POA_02_ASEReadCounter.table","NW_015090842.1:8152518",13,28,15
"MTHFSD","s954_F_POA_02_ASEReadCounter.table","NW_015090842.1:8152553",8,21,13
"MTHFSD","s954_F_POA_02_ASEReadCounter.table","NW_015090842.1:8152773",16,30,14
"MTHFSD","s954_F_POA_02_ASEReadCounter.table","NW_015090842.1:8152805",13,28,15
"FOXF1","s954_F_POA_02_ASEReadCounter.table","NW_015090842.1:8164789",0,1,1
"IRF8","s954_F_POA_02_ASEReadCounter.table","NW_015090842.1:8406652",9,17,8
"IRF8","s954_F_POA_02_ASEReadCounter.table","NW_015090842.1:8406703",11,20,9
"IRF8","s954_F_POA_02_ASEReadCounter.table","NW_015090842.1:8406704",11,20,9
"IRF8","s954_F_POA_02_ASEReadCounter.table","NW_015090842.1:8406757",12,23,11
"IRF8","s954_F_POA_02_ASEReadCounter.table","NW_015090842.1:8406778",10,22,12
"IRF8","s954_F_POA_02_ASEReadCounter.table","NW_015090842.1:8406819",7,20,13
"IRF8","s954_F_POA_02_ASEReadCounter.table","NW_015090842.1:8406941",9,14,5
"IRF8","s954_F_POA_02_ASEReadCounter.table","NW_015090842.1:8407008",10,18,8
"IRF8","s954_F_POA_02_ASEReadCounter.table","NW_015090842.1:8407057",6,11,5
"IRF8","s954_F_POA_02_ASEReadCounter.table","NW_015090842.1:8407064",8,11,3
"IRF8","s954_F_POA_02_ASEReadCounter.table","NW_015090842.1:8407069",9,14,5
"IRF8","s954_F_POA_02_ASEReadCounter.table","NW_015090842.1:8407120",11,14,3
"IRF8","s954_F_POA_02_ASEReadCounter.table","NW_015090842.1:8407157",8,13,5
"IRF8","s954_F_POA_02_ASEReadCounter.table","NW_015090842.1:8407203",6,11,5
"IRF8","s954_F_POA_02_ASEReadCounter.table","NW_015090842.1:8407272",10,15,5
"IRF8","s954_F_POA_02_ASEReadCounter.table","NW_015090842.1:8407276",10,15,5
"IRF8","s954_F_POA_02_ASEReadCounter.table","NW_015090842.1:8407303",10,18,8
"IRF8","s954_F_POA_02_ASEReadCounter.table","NW_015090842.1:8407451",3,12,9
"IRF8","s954_F_POA_02_ASEReadCounter.table","NW_015090842.1:8407456",4,13,9
"IRF8","s954_F_POA_02_ASEReadCounter.table","NW_015090842.1:8408564",3,9,6
"IRF8","s954_F_POA_02_ASEReadCounter.table","NW_015090842.1:8408585",9,9,0
"IRF8","s954_F_POA_02_ASEReadCounter.table","NW_015090842.1:8408973",10,12,2
"IRF8","s954_F_POA_02_ASEReadCounter.table","NW_015090842.1:8409060",6,7,1
"IRF8","s954_F_POA_02_ASEReadCounter.table","NW_015090842.1:8409065",6,7,1
"IRF8","s954_F_POA_02_ASEReadCounter.table","NW_015090842.1:8409254",2,6,4
"IRF8","s954_F_POA_02_ASEReadCounter.table","NW_015090842.1:8409255",2,6,4
"IRF8","s954_F_POA_02_ASEReadCounter.table","NW_015090842.1:8409258",2,6,4
"IRF8","s954_F_POA_02_ASEReadCounter.table","NW_015090842.1:8409312",4,10,6
"IRF8","s954_F_POA_02_ASEReadCounter.table","NW_015090842.1:8410216",3,11,8
"IRF8","s954_F_POA_02_ASEReadCounter.table","NW_015090842.1:8410237",3,12,9
"IRF8","s954_F_POA_02_ASEReadCounter.table","NW_015090842.1:8410276",10,10,0
"IRF8","s954_F_POA_02_ASEReadCounter.table","NW_015090842.1:8410813",8,13,5
"IRF8","s954_F_POA_02_ASEReadCounter.table","NW_015090842.1:8410861",6,12,6
"IRF8","s954_F_POA_02_ASEReadCounter.table","NW_015090842.1:8411940",6,8,2
"IRF8","s954_F_POA_02_ASEReadCounter.table","NW_015090842.1:8412006",2,6,4
"IRF8","s954_F_POA_02_ASEReadCounter.table","NW_015090842.1:8412042",2,6,4
"DUSP15","s954_F_POA_02_ASEReadCounter.table","NW_015090842.1:8422787",2,3,1
"DUSP15","s954_F_POA_02_ASEReadCounter.table","NW_015090842.1:8422832",1,2,1
"DUSP15","s954_F_POA_02_ASEReadCounter.table","NW_015090842.1:8422898",1,2,1
"DUSP15","s954_F_POA_02_ASEReadCounter.table","NW_015090842.1:8422909",1,2,1
"COX4I1","s954_F_POA_02_ASEReadCounter.table","NW_015090842.1:8442258",1062,2052,990
"COX4I1","s954_F_POA_02_ASEReadCounter.table","NW_015090842.1:8442333",930,1807,877
"EMC8","s954_F_POA_02_ASEReadCounter.table","NW_015090842.1:8444046",53,118,65
"EMC8","s954_F_POA_02_ASEReadCounter.table","NW_015090842.1:8444064",43,101,58
"EMC8","s954_F_POA_02_ASEReadCounter.table","NW_015090842.1:8452029",25,69,44
"EMC8","s954_F_POA_02_ASEReadCounter.table","NW_015090842.1:8452116",44,86,42
"EMC8","s954_F_POA_02_ASEReadCounter.table","NW_015090842.1:8452121",43,83,40
"EMC8","s954_F_POA_02_ASEReadCounter.table","NW_015090842.1:8452222",34,68,34
"EMC8","s954_F_POA_02_ASEReadCounter.table","NW_015090842.1:8452244",35,70,35
"EMC8","s954_F_POA_02_ASEReadCounter.table","NW_015090842.1:8452477",14,27,13
"EMC8","s954_F_POA_02_ASEReadCounter.table","NW_015090842.1:8452498",10,23,13
"EMC8","s954_F_POA_02_ASEReadCounter.table","NW_015090842.1:8452535",8,18,10
"EMC8","s954_F_POA_02_ASEReadCounter.table","NW_015090842.1:8452575",7,13,6
"EMC8","s954_F_POA_02_ASEReadCounter.table","NW_015090842.1:8452600",8,17,9
"EMC8","s954_F_POA_02_ASEReadCounter.table","NW_015090842.1:8452616",9,18,9
"EMC8","s954_F_POA_02_ASEReadCounter.table","NW_015090842.1:8452630",9,16,7
"EMC8","s954_F_POA_02_ASEReadCounter.table","NW_015090842.1:8452650",9,14,5
"EMC8","s954_F_POA_02_ASEReadCounter.table","NW_015090842.1:8452678",15,26,11
"EMC8","s954_F_POA_02_ASEReadCounter.table","NW_015090842.1:8452724",14,26,12
"EMC8","s954_F_POA_02_ASEReadCounter.table","NW_015090842.1:8452731",14,26,12
"EMC8","s954_F_POA_02_ASEReadCounter.table","NW_015090842.1:8452743",13,29,16
"EMC8","s954_F_POA_02_ASEReadCounter.table","NW_015090842.1:8452750",10,25,15
"EMC8","s954_F_POA_02_ASEReadCounter.table","NW_015090842.1:8452778",5,21,16
"EMC8","s954_F_POA_02_ASEReadCounter.table","NW_015090842.1:8452783",5,23,18
"EMC8","s954_F_POA_02_ASEReadCounter.table","NW_015090842.1:8452800",9,27,18
"EMC8","s954_F_POA_02_ASEReadCounter.table","NW_015090842.1:8452804",9,27,18
"EMC8","s954_F_POA_02_ASEReadCounter.table","NW_015090842.1:8452812",9,28,19
"EMC8","s954_F_POA_02_ASEReadCounter.table","NW_015090842.1:8452858",11,33,22
"EMC8","s954_F_POA_02_ASEReadCounter.table","NW_015090842.1:8452906",15,36,21
"EMC8","s954_F_POA_02_ASEReadCounter.table","NW_015090842.1:8452913",14,32,18
"EMC8","s954_F_POA_02_ASEReadCounter.table","NW_015090842.1:8453000",17,30,13
"EMC8","s954_F_POA_02_ASEReadCounter.table","NW_015090842.1:8453007",18,31,13
"EMC8","s954_F_POA_02_ASEReadCounter.table","NW_015090842.1:8453058",14,27,13
"EMC8","s954_F_POA_02_ASEReadCounter.table","NW_015090842.1:8453106",12,30,18
"GINS2","s954_F_POA_02_ASEReadCounter.table","NW_015090842.1:8466420",6,8,2
"GINS2","s954_F_POA_02_ASEReadCounter.table","NW_015090842.1:8466424",8,10,2
"GINS2","s954_F_POA_02_ASEReadCounter.table","NW_015090842.1:8466518",7,9,2
"GINS2","s954_F_POA_02_ASEReadCounter.table","NW_015090842.1:8468482",19,20,1
"GINS2","s954_F_POA_02_ASEReadCounter.table","NW_015090842.1:8470290",14,19,5
"GINS2","s954_F_POA_02_ASEReadCounter.table","NW_015090842.1:8470305",20,25,5
"GINS2","s954_F_POA_02_ASEReadCounter.table","NW_015090842.1:8470381",25,28,3
"GINS2","s954_F_POA_02_ASEReadCounter.table","NW_015090842.1:8470418",19,22,3
"GINS2","s954_F_POA_02_ASEReadCounter.table","NW_015090842.1:8470421",15,18,3
"GINS2","s954_F_POA_02_ASEReadCounter.table","NW_015090842.1:8470430",13,16,3
"GINS2","s954_F_POA_02_ASEReadCounter.table","NW_015090842.1:8470433",13,16,3
"GINS2","s954_F_POA_02_ASEReadCounter.table","NW_015090842.1:8470457",5,7,2
"GINS2","s954_F_POA_02_ASEReadCounter.table","NW_015090842.1:8470491",7,10,3
"GINS2","s954_F_POA_02_ASEReadCounter.table","NW_015090842.1:8470548",3,6,3
"GINS2","s954_F_POA_02_ASEReadCounter.table","NW_015090842.1:8470649",9,11,2
"GSE1","s954_F_POA_02_ASEReadCounter.table","NW_015090842.1:8475362",57,108,51
"GSE1","s954_F_POA_02_ASEReadCounter.table","NW_015090842.1:8475961",27,40,13
"GSE1","s954_F_POA_02_ASEReadCounter.table","NW_015090842.1:8476027",24,45,21
"GSE1","s954_F_POA_02_ASEReadCounter.table","NW_015090842.1:8476159",5,9,4
"GSE1","s954_F_POA_02_ASEReadCounter.table","NW_015090842.1:8477442",0,18,18
"GSE1","s954_F_POA_02_ASEReadCounter.table","NW_015090842.1:8477448",0,17,17
"GSE1","s954_F_POA_02_ASEReadCounter.table","NW_015090842.1:8477662",0,10,10
"GSE1","s954_F_POA_02_ASEReadCounter.table","NW_015090842.1:8477933",12,23,11
"GSE1","s954_F_POA_02_ASEReadCounter.table","NW_015090842.1:8477945",15,26,11
"GSE1","s954_F_POA_02_ASEReadCounter.table","NW_015090842.1:8483272",1,25,24
"GSE1","s954_F_POA_02_ASEReadCounter.table","NW_015090842.1:8483367",1,9,8
"GSE1","s954_F_POA_02_ASEReadCounter.table","NW_015090842.1:8483411",1,9,8
"GSE1","s954_F_POA_02_ASEReadCounter.table","NW_015090842.1:8483756",4,22,18
"GSE1","s954_F_POA_02_ASEReadCounter.table","NW_015090842.1:8486867",20,44,24
"GSE1","s954_F_POA_02_ASEReadCounter.table","NW_015090842.1:8486939",28,53,25
"GSE1","s954_F_POA_02_ASEReadCounter.table","NW_015090842.1:8486945",23,49,26
"GSE1","s954_F_POA_02_ASEReadCounter.table","NW_015090842.1:8486993",22,35,13
"GSE1","s954_F_POA_02_ASEReadCounter.table","NW_015090842.1:8487062",20,33,13
"GSE1","s954_F_POA_02_ASEReadCounter.table","NW_015090842.1:8488065",8,26,18
"GSE1","s954_F_POA_02_ASEReadCounter.table","NW_015090842.1:8488457",22,41,19
"GSE1","s954_F_POA_02_ASEReadCounter.table","NW_015090842.1:8488463",23,40,17
"GSE1","s954_F_POA_02_ASEReadCounter.table","NW_015090842.1:8488490",38,38,0
"GSE1","s954_F_POA_02_ASEReadCounter.table","NW_015090842.1:8488505",18,35,17
"GSE1","s954_F_POA_02_ASEReadCounter.table","NW_015090842.1:8490180",0,29,29
"KIAA0513","s954_F_POA_02_ASEReadCounter.table","NW_015090842.1:8668363",78,187,109
"KIAA0513","s954_F_POA_02_ASEReadCounter.table","NW_015090842.1:8668387",67,157,90
"KIAA0513","s954_F_POA_02_ASEReadCounter.table","NW_015090842.1:8668390",65,152,87
"KIAA0513","s954_F_POA_02_ASEReadCounter.table","NW_015090842.1:8673107",85,189,104
"KIAA0513","s954_F_POA_02_ASEReadCounter.table","NW_015090842.1:8673147",79,191,112
"KIAA0513","s954_F_POA_02_ASEReadCounter.table","NW_015090842.1:8674661",48,114,66
"KIAA0513","s954_F_POA_02_ASEReadCounter.table","NW_015090842.1:8674685",54,128,74
"KIAA0513","s954_F_POA_02_ASEReadCounter.table","NW_015090842.1:8674730",53,123,70
"KIAA0513","s954_F_POA_02_ASEReadCounter.table","NW_015090842.1:8675525",38,104,66
"KIAA0513","s954_F_POA_02_ASEReadCounter.table","NW_015090842.1:8675561",39,112,73
"KIAA0513","s954_F_POA_02_ASEReadCounter.table","NW_015090842.1:8678608",0,28,28
"KIAA0513","s954_F_POA_02_ASEReadCounter.table","NW_015090842.1:8686455",0,22,22
"KIAA0513","s954_F_POA_02_ASEReadCounter.table","NW_015090842.1:8686508",0,30,30
"KIAA0513","s954_F_POA_02_ASEReadCounter.table","NW_015090842.1:8686521",0,30,30
"KIAA0513","s954_F_POA_02_ASEReadCounter.table","NW_015090842.1:8693642",5,7,2
"KIAA0513","s954_F_POA_02_ASEReadCounter.table","NW_015090842.1:8693712",5,8,3
"KIAA0513","s954_F_POA_02_ASEReadCounter.table","NW_015090842.1:8695794",1,1,0
"FBXO31","s954_F_POA_02_ASEReadCounter.table","NW_015090842.1:8710240",45,71,26
"FBXO31","s954_F_POA_02_ASEReadCounter.table","NW_015090842.1:8710372",35,53,18
"FBXO31","s954_F_POA_02_ASEReadCounter.table","NW_015090842.1:8711239",29,64,35
"FBXO31","s954_F_POA_02_ASEReadCounter.table","NW_015090842.1:8714565",33,72,39
"FBXO31","s954_F_POA_02_ASEReadCounter.table","NW_015090842.1:8716001",26,50,24
"FBXO31","s954_F_POA_02_ASEReadCounter.table","NW_015090842.1:8725050",0,1,1
"FBXO31","s954_F_POA_02_ASEReadCounter.table","NW_015090842.1:8725057",0,1,1
"FBXO31","s954_F_POA_02_ASEReadCounter.table","NW_015090842.1:8725162",1,2,1
"FBXO31","s954_F_POA_02_ASEReadCounter.table","NW_015090842.1:8725163",1,2,1
"FBXO31","s954_F_POA_02_ASEReadCounter.table","NW_015090842.1:8725170",1,2,1
"FBXO31","s954_F_POA_02_ASEReadCounter.table","NW_015090842.1:8725187",1,2,1
"FBXO31","s954_F_POA_02_ASEReadCounter.table","NW_015090842.1:8725188",1,2,1
"FBXO31","s954_F_POA_02_ASEReadCounter.table","NW_015090842.1:8725190",1,2,1
"FBXO31","s954_F_POA_02_ASEReadCounter.table","NW_015090842.1:8725370",1,1,0
"ZCCHC14","s954_F_POA_02_ASEReadCounter.table","NW_015090842.1:8750174",62,76,14
"ZCCHC14","s954_F_POA_02_ASEReadCounter.table","NW_015090842.1:8750189",72,84,12
"ZCCHC14","s954_F_POA_02_ASEReadCounter.table","NW_015090842.1:8750365",47,83,36
"ZCCHC14","s954_F_POA_02_ASEReadCounter.table","NW_015090842.1:8750433",36,52,16
"ZCCHC14","s954_F_POA_02_ASEReadCounter.table","NW_015090842.1:8750449",33,50,17
"ZCCHC14","s954_F_POA_02_ASEReadCounter.table","NW_015090842.1:8750456",28,46,18
"ZCCHC14","s954_F_POA_02_ASEReadCounter.table","NW_015090842.1:8750497",52,70,18
"ZCCHC14","s954_F_POA_02_ASEReadCounter.table","NW_015090842.1:8750547",50,81,31
"ZCCHC14","s954_F_POA_02_ASEReadCounter.table","NW_015090842.1:8751100",17,31,14
"ZCCHC14","s954_F_POA_02_ASEReadCounter.table","NW_015090842.1:8751374",20,38,18
"ZCCHC14","s954_F_POA_02_ASEReadCounter.table","NW_015090842.1:8751403",24,51,27
"ZCCHC14","s954_F_POA_02_ASEReadCounter.table","NW_015090842.1:8751517",18,44,26
"ZCCHC14","s954_F_POA_02_ASEReadCounter.table","NW_015090842.1:8752060",20,26,6
"ZCCHC14","s954_F_POA_02_ASEReadCounter.table","NW_015090842.1:8752172",19,35,16
"ZCCHC14","s954_F_POA_02_ASEReadCounter.table","NW_015090842.1:8752183",18,36,18
"ZCCHC14","s954_F_POA_02_ASEReadCounter.table","NW_015090842.1:8752198",21,39,18
"ZCCHC14","s954_F_POA_02_ASEReadCounter.table","NW_015090842.1:8752248",23,44,21
"ZCCHC14","s954_F_POA_02_ASEReadCounter.table","NW_015090842.1:8752326",21,38,17
"ZCCHC14","s954_F_POA_02_ASEReadCounter.table","NW_015090842.1:8752393",21,41,20
"ZCCHC14","s954_F_POA_02_ASEReadCounter.table","NW_015090842.1:8752914",23,45,22
"ZCCHC14","s954_F_POA_02_ASEReadCounter.table","NW_015090842.1:8753528",4,12,8
"ZCCHC14","s954_F_POA_02_ASEReadCounter.table","NW_015090842.1:8753892",9,20,11
"ZCCHC14","s954_F_POA_02_ASEReadCounter.table","NW_015090842.1:8753910",11,21,10
"ZCCHC14","s954_F_POA_02_ASEReadCounter.table","NW_015090842.1:8755096",9,17,8
"ZCCHC14","s954_F_POA_02_ASEReadCounter.table","NW_015090842.1:8755327",4,11,7
"ZCCHC14","s954_F_POA_02_ASEReadCounter.table","NW_015090842.1:8755723",7,16,9
"ZCCHC14","s954_F_POA_02_ASEReadCounter.table","NW_015090842.1:8755739",7,16,9
"ZCCHC14","s954_F_POA_02_ASEReadCounter.table","NW_015090842.1:8756149",2,10,8
"ZCCHC14","s954_F_POA_02_ASEReadCounter.table","NW_015090842.1:8756347",4,14,10
"ZCCHC14","s954_F_POA_02_ASEReadCounter.table","NW_015090842.1:8756361",4,15,11
"ZCCHC14","s954_F_POA_02_ASEReadCounter.table","NW_015090842.1:8756388",3,11,8
"ZCCHC14","s954_F_POA_02_ASEReadCounter.table","NW_015090842.1:8756389",3,11,8
"ZCCHC14","s954_F_POA_02_ASEReadCounter.table","NW_015090842.1:8757160",5,6,1
"ZCCHC14","s954_F_POA_02_ASEReadCounter.table","NW_015090842.1:8804511",2,4,2
"ZCCHC14","s954_F_POA_02_ASEReadCounter.table","NW_015090842.1:8804979",2,2,0
"JPH3","s954_F_POA_02_ASEReadCounter.table","NW_015090842.1:8845375",27,50,23
"JPH3","s954_F_POA_02_ASEReadCounter.table","NW_015090842.1:8845640",46,89,43
"JPH3","s954_F_POA_02_ASEReadCounter.table","NW_015090842.1:8845654",40,84,44
"JPH3","s954_F_POA_02_ASEReadCounter.table","NW_015090842.1:8872283",48,104,56
"JPH3","s954_F_POA_02_ASEReadCounter.table","NW_015090842.1:8872294",45,98,53
"JPH3","s954_F_POA_02_ASEReadCounter.table","NW_015090842.1:8872730",60,119,59
"JPH3","s954_F_POA_02_ASEReadCounter.table","NW_015090842.1:8885260",91,221,130
"JPH3","s954_F_POA_02_ASEReadCounter.table","NW_015090842.1:8885315",60,170,110
"JPH3","s954_F_POA_02_ASEReadCounter.table","NW_015090842.1:8885328",50,155,105
"JPH3","s954_F_POA_02_ASEReadCounter.table","NW_015090842.1:8885438",52,135,83
"JPH3","s954_F_POA_02_ASEReadCounter.table","NW_015090842.1:8885525",25,85,60
"KLHDC4","s954_F_POA_02_ASEReadCounter.table","NW_015090842.1:8890729",36,57,21
"KLHDC4","s954_F_POA_02_ASEReadCounter.table","NW_015090842.1:8890749",40,60,20
"KLHDC4","s954_F_POA_02_ASEReadCounter.table","NW_015090842.1:8890761",40,61,21
"KLHDC4","s954_F_POA_02_ASEReadCounter.table","NW_015090842.1:8891123",67,108,41
"KLHDC4","s954_F_POA_02_ASEReadCounter.table","NW_015090842.1:8893124",56,84,28
"KLHDC4","s954_F_POA_02_ASEReadCounter.table","NW_015090842.1:8894542",39,67,28
"KLHDC4","s954_F_POA_02_ASEReadCounter.table","NW_015090842.1:8896726",44,75,31
"KLHDC4","s954_F_POA_02_ASEReadCounter.table","NW_015090842.1:8896767",40,70,30
"KLHDC4","s954_F_POA_02_ASEReadCounter.table","NW_015090842.1:8904174",46,70,24
"KLHDC4","s954_F_POA_02_ASEReadCounter.table","NW_015090842.1:8904231",34,54,20
"KLHDC4","s954_F_POA_02_ASEReadCounter.table","NW_015090842.1:8905251",32,55,23
"KLHDC4","s954_F_POA_02_ASEReadCounter.table","NW_015090842.1:8905263",32,58,26
"KLHDC4","s954_F_POA_02_ASEReadCounter.table","NW_015090842.1:8919626",4,7,3
"SLC7A5","s954_F_POA_02_ASEReadCounter.table","NW_015090842.1:8938782",263,643,380
"SLC7A5","s954_F_POA_02_ASEReadCounter.table","NW_015090842.1:8938943",197,487,290
"SLC7A5","s954_F_POA_02_ASEReadCounter.table","NW_015090842.1:8939611",125,246,121
"SLC7A5","s954_F_POA_02_ASEReadCounter.table","NW_015090842.1:8939738",127,340,213
"SLC7A5","s954_F_POA_02_ASEReadCounter.table","NW_015090842.1:8939739",126,335,209
"SLC7A5","s954_F_POA_02_ASEReadCounter.table","NW_015090842.1:8939740",124,341,217
"SLC7A5","s954_F_POA_02_ASEReadCounter.table","NW_015090842.1:8939795",162,330,168
"SLC7A5","s954_F_POA_02_ASEReadCounter.table","NW_015090842.1:8939815",146,345,199
"SLC7A5","s954_F_POA_02_ASEReadCounter.table","NW_015090842.1:8939816",148,342,194
"SLC7A5","s954_F_POA_02_ASEReadCounter.table","NW_015090842.1:8939817",148,362,214
"SLC7A5","s954_F_POA_02_ASEReadCounter.table","NW_015090842.1:8939845",161,367,206
"SLC7A5","s954_F_POA_02_ASEReadCounter.table","NW_015090842.1:8939894",125,339,214
"SLC7A5","s954_F_POA_02_ASEReadCounter.table","NW_015090842.1:8939895",124,326,202
"SLC7A5","s954_F_POA_02_ASEReadCounter.table","NW_015090842.1:8939997",525,525,0
"SLC7A5","s954_F_POA_02_ASEReadCounter.table","NW_015090842.1:8940172",162,376,214
"SLC7A5","s954_F_POA_02_ASEReadCounter.table","NW_015090842.1:8940331",77,195,118
"SLC7A5","s954_F_POA_02_ASEReadCounter.table","NW_015090842.1:8940696",114,225,111
"SLC7A5","s954_F_POA_02_ASEReadCounter.table","NW_015090842.1:8940719",42,185,143
"SLC7A5","s954_F_POA_02_ASEReadCounter.table","NW_015090842.1:8940737",47,175,128
"SLC7A5","s954_F_POA_02_ASEReadCounter.table","NW_015090842.1:8940743",60,188,128
"SLC7A5","s954_F_POA_02_ASEReadCounter.table","NW_015090842.1:8940766",80,216,136
"SLC7A5","s954_F_POA_02_ASEReadCounter.table","NW_015090842.1:8940769",86,236,150
"SLC7A5","s954_F_POA_02_ASEReadCounter.table","NW_015090842.1:8940861",98,246,148
"SLC7A5","s954_F_POA_02_ASEReadCounter.table","NW_015090842.1:8941068",120,310,190
"SLC7A5","s954_F_POA_02_ASEReadCounter.table","NW_015090842.1:8941467",84,232,148
"SLC7A5","s954_F_POA_02_ASEReadCounter.table","NW_015090842.1:8941531",78,216,138
"SLC7A5","s954_F_POA_02_ASEReadCounter.table","NW_015090842.1:8941588",89,255,166
"SLC7A5","s954_F_POA_02_ASEReadCounter.table","NW_015090842.1:8941698",64,168,104
"SLC7A5","s954_F_POA_02_ASEReadCounter.table","NW_015090842.1:8941717",83,195,112
"SLC7A5","s954_F_POA_02_ASEReadCounter.table","NW_015090842.1:8941745",72,191,119
"SLC7A5","s954_F_POA_02_ASEReadCounter.table","NW_015090842.1:8941781",97,240,143
"SLC7A5","s954_F_POA_02_ASEReadCounter.table","NW_015090842.1:8941887",57,149,92
"SLC7A5","s954_F_POA_02_ASEReadCounter.table","NW_015090842.1:8941968",47,148,101
"SLC7A5","s954_F_POA_02_ASEReadCounter.table","NW_015090842.1:8942025",59,156,97
"SLC7A5","s954_F_POA_02_ASEReadCounter.table","NW_015090842.1:8942069",66,185,119
"SLC7A5","s954_F_POA_02_ASEReadCounter.table","NW_015090842.1:8942170",71,170,99
"SLC7A5","s954_F_POA_02_ASEReadCounter.table","NW_015090842.1:8942241",80,197,117
"SLC7A5","s954_F_POA_02_ASEReadCounter.table","NW_015090842.1:8942283",72,192,120
"SLC7A5","s954_F_POA_02_ASEReadCounter.table","NW_015090842.1:8942717",79,248,169
"SLC7A5","s954_F_POA_02_ASEReadCounter.table","NW_015090842.1:8942756",114,315,201
"SLC7A5","s954_F_POA_02_ASEReadCounter.table","NW_015090842.1:8942766",112,310,198
"SLC7A5","s954_F_POA_02_ASEReadCounter.table","NW_015090842.1:8943271",74,205,131
"SLC7A5","s954_F_POA_02_ASEReadCounter.table","NW_015090842.1:8943524",68,157,89
"SLC7A5","s954_F_POA_02_ASEReadCounter.table","NW_015090842.1:8943530",69,159,90
"SLC7A5","s954_F_POA_02_ASEReadCounter.table","NW_015090842.1:8943602",66,157,91
"SLC7A5","s954_F_POA_02_ASEReadCounter.table","NW_015090842.1:8943622",56,152,96
"SLC7A5","s954_F_POA_02_ASEReadCounter.table","NW_015090842.1:8943661",58,181,123
"SLC7A5","s954_F_POA_02_ASEReadCounter.table","NW_015090842.1:8943686",61,177,116
"SLC7A5","s954_F_POA_02_ASEReadCounter.table","NW_015090842.1:8943788",53,118,65
"SLC7A5","s954_F_POA_02_ASEReadCounter.table","NW_015090842.1:8943814",55,122,67
"SLC7A5","s954_F_POA_02_ASEReadCounter.table","NW_015090842.1:8943876",39,103,64
"SLC7A5","s954_F_POA_02_ASEReadCounter.table","NW_015090842.1:8943892",41,112,71
"SLC7A5","s954_F_POA_02_ASEReadCounter.table","NW_015090842.1:8944097",51,140,89
"SLC7A5","s954_F_POA_02_ASEReadCounter.table","NW_015090842.1:8944104",51,131,80
"SLC7A5","s954_F_POA_02_ASEReadCounter.table","NW_015090842.1:8944293",35,79,44
"SLC7A5","s954_F_POA_02_ASEReadCounter.table","NW_015090842.1:8944297",35,78,43
"SLC7A5","s954_F_POA_02_ASEReadCounter.table","NW_015090842.1:8944397",38,74,36
"SLC7A5","s954_F_POA_02_ASEReadCounter.table","NW_015090842.1:8944552",45,109,64
"SLC7A5","s954_F_POA_02_ASEReadCounter.table","NW_015090842.1:8944629",54,106,52
"CA5A","s954_F_POA_02_ASEReadCounter.table","NW_015090842.1:8989479",65,110,45
"CA5A","s954_F_POA_02_ASEReadCounter.table","NW_015090842.1:8989562",106,161,55
"CA5A","s954_F_POA_02_ASEReadCounter.table","NW_015090842.1:8989609",106,176,70
"CA5A","s954_F_POA_02_ASEReadCounter.table","NW_015090842.1:8989693",94,169,75
"CA5A","s954_F_POA_02_ASEReadCounter.table","NW_015090842.1:8989702",101,172,71
"CA5A","s954_F_POA_02_ASEReadCounter.table","NW_015090842.1:8989746",112,195,83
"CA5A","s954_F_POA_02_ASEReadCounter.table","NW_015090842.1:8989880",84,171,87
"CA5A","s954_F_POA_02_ASEReadCounter.table","NW_015090842.1:8989885",86,171,85
"CA5A","s954_F_POA_02_ASEReadCounter.table","NW_015090842.1:8989929",78,160,82
"CA5A","s954_F_POA_02_ASEReadCounter.table","NW_015090842.1:8990002",70,132,62
"CA5A","s954_F_POA_02_ASEReadCounter.table","NW_015090842.1:8990004",71,133,62
"CA5A","s954_F_POA_02_ASEReadCounter.table","NW_015090842.1:8990005",70,132,62
"CA5A","s954_F_POA_02_ASEReadCounter.table","NW_015090842.1:8990017",64,118,54
"CA5A","s954_F_POA_02_ASEReadCounter.table","NW_015090842.1:8990043",60,109,49
"CA5A","s954_F_POA_02_ASEReadCounter.table","NW_015090842.1:8990060",112,112,0
"CA5A","s954_F_POA_02_ASEReadCounter.table","NW_015090842.1:8990080",45,100,55
"CA5A","s954_F_POA_02_ASEReadCounter.table","NW_015090842.1:8990084",48,105,57
"CA5A","s954_F_POA_02_ASEReadCounter.table","NW_015090842.1:8990090",51,109,58
"CA5A","s954_F_POA_02_ASEReadCounter.table","NW_015090842.1:8990095",53,109,56
"CA5A","s954_F_POA_02_ASEReadCounter.table","NW_015090842.1:8990111",40,95,55
"CA5A","s954_F_POA_02_ASEReadCounter.table","NW_015090842.1:8990112",39,91,52
"CA5A","s954_F_POA_02_ASEReadCounter.table","NW_015090842.1:8990115",46,97,51
"CA5A","s954_F_POA_02_ASEReadCounter.table","NW_015090842.1:8990166",37,81,44
"CA5A","s954_F_POA_02_ASEReadCounter.table","NW_015090842.1:8990169",51,92,41
"CA5A","s954_F_POA_02_ASEReadCounter.table","NW_015090842.1:8990193",100,100,0
"CA5A","s954_F_POA_02_ASEReadCounter.table","NW_015090842.1:8990222",49,89,40
"CA5A","s954_F_POA_02_ASEReadCounter.table","NW_015090842.1:8990289",52,95,43
"CA5A","s954_F_POA_02_ASEReadCounter.table","NW_015090842.1:8990314",57,97,40
"CA5A","s954_F_POA_02_ASEReadCounter.table","NW_015090842.1:8990361",61,106,45
"CA5A","s954_F_POA_02_ASEReadCounter.table","NW_015090842.1:8990368",59,105,46
"CA5A","s954_F_POA_02_ASEReadCounter.table","NW_015090842.1:8990429",55,100,45
"CA5A","s954_F_POA_02_ASEReadCounter.table","NW_015090842.1:8990466",52,90,38
"CA5A","s954_F_POA_02_ASEReadCounter.table","NW_015090842.1:8990663",54,81,27
"CA5A","s954_F_POA_02_ASEReadCounter.table","NW_015090842.1:8990797",42,67,25
"CA5A","s954_F_POA_02_ASEReadCounter.table","NW_015090842.1:8990836",36,64,28
"CA5A","s954_F_POA_02_ASEReadCounter.table","NW_015090842.1:8990842",36,63,27
"CA5A","s954_F_POA_02_ASEReadCounter.table","NW_015090842.1:8990851",37,63,26
"CA5A","s954_F_POA_02_ASEReadCounter.table","NW_015090842.1:8990918",41,75,34
"CA5A","s954_F_POA_02_ASEReadCounter.table","NW_015090842.1:8990921",40,76,36
"CA5A","s954_F_POA_02_ASEReadCounter.table","NW_015090842.1:8990942",50,78,28
"CA5A","s954_F_POA_02_ASEReadCounter.table","NW_015090842.1:8991001",47,88,41
"CA5A","s954_F_POA_02_ASEReadCounter.table","NW_015090842.1:8991038",31,68,37
"CA5A","s954_F_POA_02_ASEReadCounter.table","NW_015090842.1:8991149",51,86,35
"CA5A","s954_F_POA_02_ASEReadCounter.table","NW_015090842.1:8991176",53,86,33
"CA5A","s954_F_POA_02_ASEReadCounter.table","NW_015090842.1:8991241",46,79,33
"CA5A","s954_F_POA_02_ASEReadCounter.table","NW_015090842.1:8991262",43,73,30
"CA5A","s954_F_POA_02_ASEReadCounter.table","NW_015090842.1:8991316",40,46,6
"CA5A","s954_F_POA_02_ASEReadCounter.table","NW_015090842.1:8991319",38,44,6
"CA5A","s954_F_POA_02_ASEReadCounter.table","NW_015090842.1:8991330",39,41,2
"CA5A","s954_F_POA_02_ASEReadCounter.table","NW_015090842.1:8991334",33,38,5
"CA5A","s954_F_POA_02_ASEReadCounter.table","NW_015090842.1:8991362",34,66,32
"CA5A","s954_F_POA_02_ASEReadCounter.table","NW_015090842.1:8991368",34,68,34
"CA5A","s954_F_POA_02_ASEReadCounter.table","NW_015090842.1:8991390",38,74,36
"CA5A","s954_F_POA_02_ASEReadCounter.table","NW_015090842.1:8991395",36,72,36
"CA5A","s954_F_POA_02_ASEReadCounter.table","NW_015090842.1:8991422",36,74,38
"CA5A","s954_F_POA_02_ASEReadCounter.table","NW_015090842.1:8991467",36,56,20
"CA5A","s954_F_POA_02_ASEReadCounter.table","NW_015090842.1:8991576",15,41,26
"CA5A","s954_F_POA_02_ASEReadCounter.table","NW_015090842.1:8991587",25,52,27
"CA5A","s954_F_POA_02_ASEReadCounter.table","NW_015090842.1:8991655",42,72,30
"CA5A","s954_F_POA_02_ASEReadCounter.table","NW_015090842.1:8991717",38,68,30
"CA5A","s954_F_POA_02_ASEReadCounter.table","NW_015090842.1:8991726",37,68,31
"CA5A","s954_F_POA_02_ASEReadCounter.table","NW_015090842.1:8991799",36,66,30
"CA5A","s954_F_POA_02_ASEReadCounter.table","NW_015090842.1:8991809",33,58,25
"CA5A","s954_F_POA_02_ASEReadCounter.table","NW_015090842.1:8991848",24,53,29
"CA5A","s954_F_POA_02_ASEReadCounter.table","NW_015090842.1:8991849",24,52,28
"CA5A","s954_F_POA_02_ASEReadCounter.table","NW_015090842.1:8991927",31,64,33
"CA5A","s954_F_POA_02_ASEReadCounter.table","NW_015090842.1:8991941",31,64,33
"CA5A","s954_F_POA_02_ASEReadCounter.table","NW_015090842.1:8992121",11,32,21
"CA5A","s954_F_POA_02_ASEReadCounter.table","NW_015090842.1:8992224",25,42,17
"CA5A","s954_F_POA_02_ASEReadCounter.table","NW_015090842.1:9002570",14,25,11
"CA5A","s954_F_POA_02_ASEReadCounter.table","NW_015090842.1:9002600",10,19,9
"CA5A","s954_F_POA_02_ASEReadCounter.table","NW_015090842.1:9004312",9,15,6
"CA5A","s954_F_POA_02_ASEReadCounter.table","NW_015090842.1:9004506",2,3,1
"CA5A","s954_F_POA_02_ASEReadCounter.table","NW_015090842.1:9004523",2,3,1
"CA5A","s954_F_POA_02_ASEReadCounter.table","NW_015090842.1:9004530",2,3,1
"CA5A","s954_F_POA_02_ASEReadCounter.table","NW_015090842.1:9004556",3,4,1
"CA5A","s954_F_POA_02_ASEReadCounter.table","NW_015090842.1:9005116",6,8,2
"CA5A","s954_F_POA_02_ASEReadCounter.table","NW_015090842.1:9005120",7,10,3
"CA5A","s954_F_POA_02_ASEReadCounter.table","NW_015090842.1:9005140",6,10,4
"CA5A","s954_F_POA_02_ASEReadCounter.table","NW_015090842.1:9005152",5,9,4
"CA5A","s954_F_POA_02_ASEReadCounter.table","NW_015090842.1:9011189",0,1,1
"CA5A","s954_F_POA_02_ASEReadCounter.table","NW_015090842.1:9011194",0,1,1
"BANP","s954_F_POA_02_ASEReadCounter.table","NW_015090842.1:9033407",2,6,4
"BANP","s954_F_POA_02_ASEReadCounter.table","NW_015090842.1:9033409",2,6,4
"BANP","s954_F_POA_02_ASEReadCounter.table","NW_015090842.1:9033420",2,7,5
"BANP","s954_F_POA_02_ASEReadCounter.table","NW_015090842.1:9067974",0,10,10
"BANP","s954_F_POA_02_ASEReadCounter.table","NW_015090842.1:9102510",13,31,18
"BANP","s954_F_POA_02_ASEReadCounter.table","NW_015090842.1:9168534",15,50,35
"BANP","s954_F_POA_02_ASEReadCounter.table","NW_015090842.1:9168818",8,36,28
"ZNF469","s954_F_POA_02_ASEReadCounter.table","NW_015090842.1:9431031",0,1,1
"ZNF469","s954_F_POA_02_ASEReadCounter.table","NW_015090842.1:9431150",0,1,1
"ZNF469","s954_F_POA_02_ASEReadCounter.table","NW_015090842.1:9431162",0,1,1
"ZNF469","s954_F_POA_02_ASEReadCounter.table","NW_015090842.1:9432110",0,1,1
"ZNF469","s954_F_POA_02_ASEReadCounter.table","NW_015090842.1:9432361",1,1,0
"ZNF469","s954_F_POA_02_ASEReadCounter.table","NW_015090842.1:9432374",1,1,0
"ZNF469","s954_F_POA_02_ASEReadCounter.table","NW_015090842.1:9432382",1,1,0
"ZNF469","s954_F_POA_02_ASEReadCounter.table","NW_015090842.1:9432481",1,2,1
"ZNF469","s954_F_POA_02_ASEReadCounter.table","NW_015090842.1:9432498",1,2,1
"ZNF469","s954_F_POA_02_ASEReadCounter.table","NW_015090842.1:9433268",1,1,0
"ZNF469","s954_F_POA_02_ASEReadCounter.table","NW_015090842.1:9433902",0,2,2
"ZNF469","s954_F_POA_02_ASEReadCounter.table","NW_015090842.1:9433980",0,1,1
"ZNF469","s954_F_POA_02_ASEReadCounter.table","NW_015090842.1:9435221",1,1,0
"ZFPM1","s954_F_POA_02_ASEReadCounter.table","NW_015090842.1:9458862",6,14,8
"ZFPM1","s954_F_POA_02_ASEReadCounter.table","NW_015090842.1:9458888",6,15,9
"ZFPM1","s954_F_POA_02_ASEReadCounter.table","NW_015090842.1:9458904",10,19,9
"ZFPM1","s954_F_POA_02_ASEReadCounter.table","NW_015090842.1:9458916",10,17,7
"ZFPM1","s954_F_POA_02_ASEReadCounter.table","NW_015090842.1:9468568",14,19,5
"ZFPM1","s954_F_POA_02_ASEReadCounter.table","NW_015090842.1:9468593",9,17,8
"ZFPM1","s954_F_POA_02_ASEReadCounter.table","NW_015090842.1:9471561",7,12,5
"ZFPM1","s954_F_POA_02_ASEReadCounter.table","NW_015090842.1:9472557",7,13,6
"ZFPM1","s954_F_POA_02_ASEReadCounter.table","NW_015090842.1:9472565",6,12,6
"ZFPM1","s954_F_POA_02_ASEReadCounter.table","NW_015090842.1:9472608",4,13,9
"ZFPM1","s954_F_POA_02_ASEReadCounter.table","NW_015090842.1:9472627",5,18,13
"ZFPM1","s954_F_POA_02_ASEReadCounter.table","NW_015090842.1:9472668",4,17,13
"ZFPM1","s954_F_POA_02_ASEReadCounter.table","NW_015090842.1:9473655",8,19,11
"ZFPM1","s954_F_POA_02_ASEReadCounter.table","NW_015090842.1:9475827",3,11,8
"ZFPM1","s954_F_POA_02_ASEReadCounter.table","NW_015090842.1:9475842",4,16,12
"ZFPM1","s954_F_POA_02_ASEReadCounter.table","NW_015090842.1:9476119",11,16,5
"ZFPM1","s954_F_POA_02_ASEReadCounter.table","NW_015090842.1:9476161",9,14,5
"ZFPM1","s954_F_POA_02_ASEReadCounter.table","NW_015090842.1:9476219",6,12,6
"ZFPM1","s954_F_POA_02_ASEReadCounter.table","NW_015090842.1:9476233",5,12,7
"ZFPM1","s954_F_POA_02_ASEReadCounter.table","NW_015090842.1:9476305",5,15,10
"ZFPM1","s954_F_POA_02_ASEReadCounter.table","NW_015090842.1:9476395",6,14,8
"ZFPM1","s954_F_POA_02_ASEReadCounter.table","NW_015090842.1:9476421",9,20,11
"ZFPM1","s954_F_POA_02_ASEReadCounter.table","NW_015090842.1:9476539",15,21,6
"ZFPM1","s954_F_POA_02_ASEReadCounter.table","NW_015090842.1:9476576",14,23,9
"ZFPM1","s954_F_POA_02_ASEReadCounter.table","NW_015090842.1:9476599",22,22,0
"ZFPM1","s954_F_POA_02_ASEReadCounter.table","NW_015090842.1:9476792",13,23,10
"ZFPM1","s954_F_POA_02_ASEReadCounter.table","NW_015090842.1:9476803",12,21,9
"ZFPM1","s954_F_POA_02_ASEReadCounter.table","NW_015090842.1:9477115",10,15,5
"ZFPM1","s954_F_POA_02_ASEReadCounter.table","NW_015090842.1:9477299",6,14,8
"ZFPM1","s954_F_POA_02_ASEReadCounter.table","NW_015090842.1:9477398",12,12,0
"ZFPM1","s954_F_POA_02_ASEReadCounter.table","NW_015090842.1:9477422",5,11,6
"ZFPM1","s954_F_POA_02_ASEReadCounter.table","NW_015090842.1:9477554",12,17,5
"ZFPM1","s954_F_POA_02_ASEReadCounter.table","NW_015090842.1:9477575",17,17,0
"ZFPM1","s954_F_POA_02_ASEReadCounter.table","NW_015090842.1:9477595",13,19,6
"ZFPM1","s954_F_POA_02_ASEReadCounter.table","NW_015090842.1:9477611",13,22,9
"ZFPM1","s954_F_POA_02_ASEReadCounter.table","NW_015090842.1:9477659",11,21,10
"ZFPM1","s954_F_POA_02_ASEReadCounter.table","NW_015090842.1:9477737",5,20,15
"ZFPM1","s954_F_POA_02_ASEReadCounter.table","NW_015090842.1:9477791",8,24,16
"ZFPM1","s954_F_POA_02_ASEReadCounter.table","NW_015090842.1:9477844",11,26,15
"ZFPM1","s954_F_POA_02_ASEReadCounter.table","NW_015090842.1:9477917",10,25,15
"ZFPM1","s954_F_POA_02_ASEReadCounter.table","NW_015090842.1:9478295",18,34,16
"ZFPM1","s954_F_POA_02_ASEReadCounter.table","NW_015090842.1:9478349",16,36,20
"ZFPM1","s954_F_POA_02_ASEReadCounter.table","NW_015090842.1:9478524",20,43,23
"ZFPM1","s954_F_POA_02_ASEReadCounter.table","NW_015090842.1:9478546",20,43,23
"ZFPM1","s954_F_POA_02_ASEReadCounter.table","NW_015090842.1:9478573",15,32,17
"ZFPM1","s954_F_POA_02_ASEReadCounter.table","NW_015090842.1:9478582",14,27,13
"ZFPM1","s954_F_POA_02_ASEReadCounter.table","NW_015090842.1:9478684",5,16,11
"ZFPM1","s954_F_POA_02_ASEReadCounter.table","NW_015090842.1:9478711",2,9,7
"ZFPM1","s954_F_POA_02_ASEReadCounter.table","NW_015090842.1:9478761",3,12,9
"ZFPM1","s954_F_POA_02_ASEReadCounter.table","NW_015090842.1:9478829",3,3,0
"CIDEC","s954_F_POA_02_ASEReadCounter.table","NW_015090842.1:9480686",1,1,0
"CIDEC","s954_F_POA_02_ASEReadCounter.table","NW_015090842.1:9480693",1,1,0
"CIDEC","s954_F_POA_02_ASEReadCounter.table","NW_015090842.1:9480756",1,1,0
"ZC3H18","s954_F_POA_02_ASEReadCounter.table","NW_015090842.1:9494271",3,13,10
"ZC3H18","s954_F_POA_02_ASEReadCounter.table","NW_015090842.1:9501427",13,36,23
"ZC3H18","s954_F_POA_02_ASEReadCounter.table","NW_015090842.1:9501442",11,29,18
"ZC3H18","s954_F_POA_02_ASEReadCounter.table","NW_015090842.1:9505538",14,26,12
"ZC3H18","s954_F_POA_02_ASEReadCounter.table","NW_015090842.1:9506778",13,31,18
"ZC3H18","s954_F_POA_02_ASEReadCounter.table","NW_015090842.1:9522538",22,51,29
"ZC3H18","s954_F_POA_02_ASEReadCounter.table","NW_015090842.1:9524350",22,52,30
"ZC3H18","s954_F_POA_02_ASEReadCounter.table","NW_015090842.1:9524366",24,54,30
"ZC3H18","s954_F_POA_02_ASEReadCounter.table","NW_015090842.1:9524424",21,44,23
"ZC3H18","s954_F_POA_02_ASEReadCounter.table","NW_015090842.1:9529649",29,73,44
"ZC3H18","s954_F_POA_02_ASEReadCounter.table","NW_015090842.1:9529688",23,68,45
"ZC3H18","s954_F_POA_02_ASEReadCounter.table","NW_015090842.1:9529691",25,68,43
"ZC3H18","s954_F_POA_02_ASEReadCounter.table","NW_015090842.1:9530977",27,68,41
"ZC3H18","s954_F_POA_02_ASEReadCounter.table","NW_015090842.1:9536699",1,42,41
"CYBA","s954_F_POA_02_ASEReadCounter.table","NW_015090842.1:9547281",38,44,6
"CYBA","s954_F_POA_02_ASEReadCounter.table","NW_015090842.1:9547402",103,130,27
"CYBA","s954_F_POA_02_ASEReadCounter.table","NW_015090842.1:9547553",55,89,34
"CYBA","s954_F_POA_02_ASEReadCounter.table","NW_015090842.1:9548052",56,66,10
"CYBA","s954_F_POA_02_ASEReadCounter.table","NW_015090842.1:9548436",58,86,28
"CYBA","s954_F_POA_02_ASEReadCounter.table","NW_015090842.1:9548442",61,89,28
"CYBA","s954_F_POA_02_ASEReadCounter.table","NW_015090842.1:9548478",71,98,27
"CYBA","s954_F_POA_02_ASEReadCounter.table","NW_015090842.1:9548487",66,95,29
"CYBA","s954_F_POA_02_ASEReadCounter.table","NW_015090842.1:9548490",65,90,25
"CYBA","s954_F_POA_02_ASEReadCounter.table","NW_015090842.1:9548717",61,84,23
"CYBA","s954_F_POA_02_ASEReadCounter.table","NW_015090842.1:9548750",54,72,18
"CYBA","s954_F_POA_02_ASEReadCounter.table","NW_015090842.1:9548766",41,55,14
"MVD","s954_F_POA_02_ASEReadCounter.table","NW_015090842.1:9550678",18,29,11
"MVD","s954_F_POA_02_ASEReadCounter.table","NW_015090842.1:9550690",19,32,13
"MVD","s954_F_POA_02_ASEReadCounter.table","NW_015090842.1:9550691",20,32,12
"MVD","s954_F_POA_02_ASEReadCounter.table","NW_015090842.1:9550699",24,38,14
"MVD","s954_F_POA_02_ASEReadCounter.table","NW_015090842.1:9550719",22,33,11
"MVD","s954_F_POA_02_ASEReadCounter.table","NW_015090842.1:9551596",44,89,45
"MVD","s954_F_POA_02_ASEReadCounter.table","NW_015090842.1:9551638",43,94,51
"MVD","s954_F_POA_02_ASEReadCounter.table","NW_015090842.1:9551899",0,13,13
"MVD","s954_F_POA_02_ASEReadCounter.table","NW_015090842.1:9552193",33,74,41
"MVD","s954_F_POA_02_ASEReadCounter.table","NW_015090842.1:9552202",33,74,41
"MVD","s954_F_POA_02_ASEReadCounter.table","NW_015090842.1:9552208",32,74,42
"MVD","s954_F_POA_02_ASEReadCounter.table","NW_015090842.1:9552625",19,48,29
"MVD","s954_F_POA_02_ASEReadCounter.table","NW_015090842.1:9552629",51,51,0
"MVD","s954_F_POA_02_ASEReadCounter.table","NW_015090842.1:9552644",21,51,30
"MVD","s954_F_POA_02_ASEReadCounter.table","NW_015090842.1:9553093",25,45,20
"MVD","s954_F_POA_02_ASEReadCounter.table","NW_015090842.1:9553114",24,47,23
"RNF166","s954_F_POA_02_ASEReadCounter.table","NW_015090842.1:9557900",19,61,42
"RNF166","s954_F_POA_02_ASEReadCounter.table","NW_015090842.1:9558048",23,65,42
"RNF166","s954_F_POA_02_ASEReadCounter.table","NW_015090842.1:9558116",20,54,34
"RNF166","s954_F_POA_02_ASEReadCounter.table","NW_015090842.1:9558308",19,56,37
"RNF166","s954_F_POA_02_ASEReadCounter.table","NW_015090842.1:9558405",21,47,26
"RNF166","s954_F_POA_02_ASEReadCounter.table","NW_015090842.1:9558549",22,54,32
"RNF166","s954_F_POA_02_ASEReadCounter.table","NW_015090842.1:9558556",22,54,32
"RNF166","s954_F_POA_02_ASEReadCounter.table","NW_015090842.1:9558579",21,50,29
"RNF166","s954_F_POA_02_ASEReadCounter.table","NW_015090842.1:9558599",24,47,23
"RNF166","s954_F_POA_02_ASEReadCounter.table","NW_015090842.1:9558688",21,40,19
"RNF166","s954_F_POA_02_ASEReadCounter.table","NW_015090842.1:9558711",21,43,22
"RNF166","s954_F_POA_02_ASEReadCounter.table","NW_015090842.1:9558733",24,47,23
"RNF166","s954_F_POA_02_ASEReadCounter.table","NW_015090842.1:9558847",22,40,18
"RNF166","s954_F_POA_02_ASEReadCounter.table","NW_015090842.1:9559798",24,46,22
"RNF166","s954_F_POA_02_ASEReadCounter.table","NW_015090842.1:9560575",25,50,25
"RNF166","s954_F_POA_02_ASEReadCounter.table","NW_015090842.1:9561055",24,45,21
"RNF166","s954_F_POA_02_ASEReadCounter.table","NW_015090842.1:9562458",19,38,19
"RNF166","s954_F_POA_02_ASEReadCounter.table","NW_015090842.1:9562497",15,28,13
"RNF166","s954_F_POA_02_ASEReadCounter.table","NW_015090842.1:9562539",10,22,12
"RNF166","s954_F_POA_02_ASEReadCounter.table","NW_015090842.1:9564056",16,34,18
"CTU2","s954_F_POA_02_ASEReadCounter.table","NW_015090842.1:9565149",13,31,18
"CTU2","s954_F_POA_02_ASEReadCounter.table","NW_015090842.1:9565193",9,23,14
"CTU2","s954_F_POA_02_ASEReadCounter.table","NW_015090842.1:9565300",11,30,19
"CTU2","s954_F_POA_02_ASEReadCounter.table","NW_015090842.1:9565321",8,28,20
"CTU2","s954_F_POA_02_ASEReadCounter.table","NW_015090842.1:9565721",19,38,19
"CTU2","s954_F_POA_02_ASEReadCounter.table","NW_015090842.1:9565739",17,34,17
"CTU2","s954_F_POA_02_ASEReadCounter.table","NW_015090842.1:9565905",23,33,10
"CTU2","s954_F_POA_02_ASEReadCounter.table","NW_015090842.1:9566013",33,33,0
"CTU2","s954_F_POA_02_ASEReadCounter.table","NW_015090842.1:9566055",23,38,15
"CTU2","s954_F_POA_02_ASEReadCounter.table","NW_015090842.1:9566056",22,37,15
"CTU2","s954_F_POA_02_ASEReadCounter.table","NW_015090842.1:9566151",20,30,10
"CTU2","s954_F_POA_02_ASEReadCounter.table","NW_015090842.1:9566300",21,33,12
"CTU2","s954_F_POA_02_ASEReadCounter.table","NW_015090842.1:9566342",18,30,12
"CTU2","s954_F_POA_02_ASEReadCounter.table","NW_015090842.1:9566548",18,42,24
"CTU2","s954_F_POA_02_ASEReadCounter.table","NW_015090842.1:9566625",23,49,26
"CTU2","s954_F_POA_02_ASEReadCounter.table","NW_015090842.1:9566633",24,51,27
"CTU2","s954_F_POA_02_ASEReadCounter.table","NW_015090842.1:9566807",32,61,29
"CTU2","s954_F_POA_02_ASEReadCounter.table","NW_015090842.1:9567139",20,44,24
"CTU2","s954_F_POA_02_ASEReadCounter.table","NW_015090842.1:9567156",21,40,19
"CTU2","s954_F_POA_02_ASEReadCounter.table","NW_015090842.1:9567614",30,60,30
"CTU2","s954_F_POA_02_ASEReadCounter.table","NW_015090842.1:9567677",21,51,30
"CTU2","s954_F_POA_02_ASEReadCounter.table","NW_015090842.1:9567747",19,44,25
"CTU2","s954_F_POA_02_ASEReadCounter.table","NW_015090842.1:9567828",16,43,27
"CTU2","s954_F_POA_02_ASEReadCounter.table","NW_015090842.1:9567829",15,41,26
"CTU2","s954_F_POA_02_ASEReadCounter.table","NW_015090842.1:9567885",11,31,20
"PIEZO1","s954_F_POA_02_ASEReadCounter.table","NW_015090842.1:9568093",9,32,23
"PIEZO1","s954_F_POA_02_ASEReadCounter.table","NW_015090842.1:9568672",23,50,27
"PIEZO1","s954_F_POA_02_ASEReadCounter.table","NW_015090842.1:9568948",15,33,18
"PIEZO1","s954_F_POA_02_ASEReadCounter.table","NW_015090842.1:9568987",29,29,0
"PIEZO1","s954_F_POA_02_ASEReadCounter.table","NW_015090842.1:9569040",10,33,23
"PIEZO1","s954_F_POA_02_ASEReadCounter.table","NW_015090842.1:9569180",11,33,22
"PIEZO1","s954_F_POA_02_ASEReadCounter.table","NW_015090842.1:9569192",11,32,21
"PIEZO1","s954_F_POA_02_ASEReadCounter.table","NW_015090842.1:9570088",14,18,4
"PIEZO1","s954_F_POA_02_ASEReadCounter.table","NW_015090842.1:9570480",11,19,8
"PIEZO1","s954_F_POA_02_ASEReadCounter.table","NW_015090842.1:9570639",11,17,6
"PIEZO1","s954_F_POA_02_ASEReadCounter.table","NW_015090842.1:9571847",9,21,12
"PIEZO1","s954_F_POA_02_ASEReadCounter.table","NW_015090842.1:9572371",7,9,2
"PIEZO1","s954_F_POA_02_ASEReadCounter.table","NW_015090842.1:9572638",5,12,7
"PIEZO1","s954_F_POA_02_ASEReadCounter.table","NW_015090842.1:9573156",6,10,4
"PIEZO1","s954_F_POA_02_ASEReadCounter.table","NW_015090842.1:9573280",4,12,8
"PIEZO1","s954_F_POA_02_ASEReadCounter.table","NW_015090842.1:9573566",5,9,4
"PIEZO1","s954_F_POA_02_ASEReadCounter.table","NW_015090842.1:9575341",6,15,9
"PIEZO1","s954_F_POA_02_ASEReadCounter.table","NW_015090842.1:9575367",5,11,6
"PIEZO1","s954_F_POA_02_ASEReadCounter.table","NW_015090842.1:9575645",5,8,3
"PIEZO1","s954_F_POA_02_ASEReadCounter.table","NW_015090842.1:9575696",5,7,2
"PIEZO1","s954_F_POA_02_ASEReadCounter.table","NW_015090842.1:9575897",4,5,1
"PIEZO1","s954_F_POA_02_ASEReadCounter.table","NW_015090842.1:9576060",4,7,3
"PIEZO1","s954_F_POA_02_ASEReadCounter.table","NW_015090842.1:9576087",3,10,7
"PIEZO1","s954_F_POA_02_ASEReadCounter.table","NW_015090842.1:9576093",4,11,7
"PIEZO1","s954_F_POA_02_ASEReadCounter.table","NW_015090842.1:9576120",6,12,6
"PIEZO1","s954_F_POA_02_ASEReadCounter.table","NW_015090842.1:9576687",3,13,10
"PIEZO1","s954_F_POA_02_ASEReadCounter.table","NW_015090842.1:9576710",11,11,0
"PIEZO1","s954_F_POA_02_ASEReadCounter.table","NW_015090842.1:9576723",3,13,10
"PIEZO1","s954_F_POA_02_ASEReadCounter.table","NW_015090842.1:9578268",6,9,3
"PIEZO1","s954_F_POA_02_ASEReadCounter.table","NW_015090842.1:9578770",0,2,2
"PIEZO1","s954_F_POA_02_ASEReadCounter.table","NW_015090842.1:9578806",5,6,1
"PIEZO1","s954_F_POA_02_ASEReadCounter.table","NW_015090842.1:9579064",3,4,1
"PIEZO1","s954_F_POA_02_ASEReadCounter.table","NW_015090842.1:9579065",3,5,2
"PIEZO1","s954_F_POA_02_ASEReadCounter.table","NW_015090842.1:9579347",4,8,4
"PIEZO1","s954_F_POA_02_ASEReadCounter.table","NW_015090842.1:9580765",1,3,2
"PIEZO1","s954_F_POA_02_ASEReadCounter.table","NW_015090842.1:9580996",2,6,4
"PIEZO1","s954_F_POA_02_ASEReadCounter.table","NW_015090842.1:9581101",3,6,3
"PIEZO1","s954_F_POA_02_ASEReadCounter.table","NW_015090842.1:9581299",1,1,0
"PIEZO1","s954_F_POA_02_ASEReadCounter.table","NW_015090842.1:9581875",3,5,2
"PIEZO1","s954_F_POA_02_ASEReadCounter.table","NW_015090842.1:9582046",0,4,4
"PIEZO1","s954_F_POA_02_ASEReadCounter.table","NW_015090842.1:9582961",3,6,3
"PIEZO1","s954_F_POA_02_ASEReadCounter.table","NW_015090842.1:9583298",3,6,3
"PIEZO1","s954_F_POA_02_ASEReadCounter.table","NW_015090842.1:9584337",1,2,1
"PIEZO1","s954_F_POA_02_ASEReadCounter.table","NW_015090842.1:9584425",0,1,1
"PIEZO1","s954_F_POA_02_ASEReadCounter.table","NW_015090842.1:9584435",0,1,1
"PIEZO1","s954_F_POA_02_ASEReadCounter.table","NW_015090842.1:9584438",0,1,1
"PIEZO1","s954_F_POA_02_ASEReadCounter.table","NW_015090842.1:9584441",0,1,1
"CDT1","s954_F_POA_02_ASEReadCounter.table","NW_015090842.1:9596596",1,2,1
"CDT1","s954_F_POA_02_ASEReadCounter.table","NW_015090842.1:9596766",4,7,3
"CDT1","s954_F_POA_02_ASEReadCounter.table","NW_015090842.1:9597054",5,10,5
"CDT1","s954_F_POA_02_ASEReadCounter.table","NW_015090842.1:9597074",7,11,4
"CDT1","s954_F_POA_02_ASEReadCounter.table","NW_015090842.1:9597137",10,12,2
"CDT1","s954_F_POA_02_ASEReadCounter.table","NW_015090842.1:9597756",4,8,4
"CDT1","s954_F_POA_02_ASEReadCounter.table","NW_015090842.1:9597766",3,11,8
"CDT1","s954_F_POA_02_ASEReadCounter.table","NW_015090842.1:9598496",8,16,8
"CDT1","s954_F_POA_02_ASEReadCounter.table","NW_015090842.1:9598498",8,15,7
"CDT1","s954_F_POA_02_ASEReadCounter.table","NW_015090842.1:9598816",6,12,6
"CDT1","s954_F_POA_02_ASEReadCounter.table","NW_015090842.1:9598879",8,18,10
"CDT1","s954_F_POA_02_ASEReadCounter.table","NW_015090842.1:9598912",10,21,11
"CDT1","s954_F_POA_02_ASEReadCounter.table","NW_015090842.1:9598959",9,16,7
"CDT1","s954_F_POA_02_ASEReadCounter.table","NW_015090842.1:9599807",8,15,7
"CDT1","s954_F_POA_02_ASEReadCounter.table","NW_015090842.1:9599819",8,14,6
"CDT1","s954_F_POA_02_ASEReadCounter.table","NW_015090842.1:9599845",11,16,5
"CDT1","s954_F_POA_02_ASEReadCounter.table","NW_015090842.1:9600148",8,16,8
"CDT1","s954_F_POA_02_ASEReadCounter.table","NW_015090842.1:9600151",9,18,9
"CDT1","s954_F_POA_02_ASEReadCounter.table","NW_015090842.1:9600217",8,15,7
"CDT1","s954_F_POA_02_ASEReadCounter.table","NW_015090842.1:9600226",8,14,6
"CDT1","s954_F_POA_02_ASEReadCounter.table","NW_015090842.1:9600260",7,15,8
"CDT1","s954_F_POA_02_ASEReadCounter.table","NW_015090842.1:9600268",8,16,8
"CDT1","s954_F_POA_02_ASEReadCounter.table","NW_015090842.1:9600305",7,15,8
"CDT1","s954_F_POA_02_ASEReadCounter.table","NW_015090842.1:9600397",11,11,0
"CDT1","s954_F_POA_02_ASEReadCounter.table","NW_015090842.1:9600447",7,8,1
"CDT1","s954_F_POA_02_ASEReadCounter.table","NW_015090842.1:9600450",7,8,1
"CDT1","s954_F_POA_02_ASEReadCounter.table","NW_015090842.1:9600485",7,8,1
"CDT1","s954_F_POA_02_ASEReadCounter.table","NW_015090842.1:9600579",6,7,1
"APRT","s954_F_POA_02_ASEReadCounter.table","NW_015090842.1:9602308",24,64,40
"APRT","s954_F_POA_02_ASEReadCounter.table","NW_015090842.1:9602440",33,103,70
"APRT","s954_F_POA_02_ASEReadCounter.table","NW_015090842.1:9602449",36,108,72
"APRT","s954_F_POA_02_ASEReadCounter.table","NW_015090842.1:9602451",36,111,75
"APRT","s954_F_POA_02_ASEReadCounter.table","NW_015090842.1:9602455",38,117,79
"APRT","s954_F_POA_02_ASEReadCounter.table","NW_015090842.1:9602462",40,121,81
"APRT","s954_F_POA_02_ASEReadCounter.table","NW_015090842.1:9602507",33,102,69
"APRT","s954_F_POA_02_ASEReadCounter.table","NW_015090842.1:9602514",37,104,67
"APRT","s954_F_POA_02_ASEReadCounter.table","NW_015090842.1:9602530",41,111,70
"APRT","s954_F_POA_02_ASEReadCounter.table","NW_015090842.1:9602582",34,103,69
"APRT","s954_F_POA_02_ASEReadCounter.table","NW_015090842.1:9602583",35,104,69
"APRT","s954_F_POA_02_ASEReadCounter.table","NW_015090842.1:9602650",38,104,66
"APRT","s954_F_POA_02_ASEReadCounter.table","NW_015090842.1:9602655",39,102,63
"APRT","s954_F_POA_02_ASEReadCounter.table","NW_015090842.1:9602712",32,99,67
"APRT","s954_F_POA_02_ASEReadCounter.table","NW_015090842.1:9602764",43,113,70
"APRT","s954_F_POA_02_ASEReadCounter.table","NW_015090842.1:9602821",47,107,60
"APRT","s954_F_POA_02_ASEReadCounter.table","NW_015090842.1:9602867",40,94,54
"APRT","s954_F_POA_02_ASEReadCounter.table","NW_015090842.1:9602883",34,88,54
"APRT","s954_F_POA_02_ASEReadCounter.table","NW_015090842.1:9602886",33,84,51
"APRT","s954_F_POA_02_ASEReadCounter.table","NW_015090842.1:9602948",44,121,77
"APRT","s954_F_POA_02_ASEReadCounter.table","NW_015090842.1:9602958",51,128,77
"APRT","s954_F_POA_02_ASEReadCounter.table","NW_015090842.1:9603020",60,144,84
"APRT","s954_F_POA_02_ASEReadCounter.table","NW_015090842.1:9603025",58,142,84
"APRT","s954_F_POA_02_ASEReadCounter.table","NW_015090842.1:9603154",43,113,70
"APRT","s954_F_POA_02_ASEReadCounter.table","NW_015090842.1:9603166",44,127,83
"APRT","s954_F_POA_02_ASEReadCounter.table","NW_015090842.1:9603326",42,105,63
"APRT","s954_F_POA_02_ASEReadCounter.table","NW_015090842.1:9603419",51,120,69
"APRT","s954_F_POA_02_ASEReadCounter.table","NW_015090842.1:9603420",52,119,67
"APRT","s954_F_POA_02_ASEReadCounter.table","NW_015090842.1:9603464",31,83,52
"APRT","s954_F_POA_02_ASEReadCounter.table","NW_015090842.1:9603528",31,104,73
"APRT","s954_F_POA_02_ASEReadCounter.table","NW_015090842.1:9603607",37,107,70
"APRT","s954_F_POA_02_ASEReadCounter.table","NW_015090842.1:9603622",34,91,57
"APRT","s954_F_POA_02_ASEReadCounter.table","NW_015090842.1:9604361",32,81,49
"APRT","s954_F_POA_02_ASEReadCounter.table","NW_015090842.1:9605317",34,86,52
"APRT","s954_F_POA_02_ASEReadCounter.table","NW_015090842.1:9605336",36,97,61
"GALNS","s954_F_POA_02_ASEReadCounter.table","NW_015090842.1:9612872",6,8,2
"GALNS","s954_F_POA_02_ASEReadCounter.table","NW_015090842.1:9612873",5,7,2
"GALNS","s954_F_POA_02_ASEReadCounter.table","NW_015090842.1:9612877",6,8,2
"GALNS","s954_F_POA_02_ASEReadCounter.table","NW_015090842.1:9612942",16,26,10
"GALNS","s954_F_POA_02_ASEReadCounter.table","NW_015090842.1:9612987",21,21,0
"GALNS","s954_F_POA_02_ASEReadCounter.table","NW_015090842.1:9613064",10,29,19
"GALNS","s954_F_POA_02_ASEReadCounter.table","NW_015090842.1:9613096",19,44,25
"GALNS","s954_F_POA_02_ASEReadCounter.table","NW_015090842.1:9613123",15,33,18
"GALNS","s954_F_POA_02_ASEReadCounter.table","NW_015090842.1:9613125",15,32,17
"GALNS","s954_F_POA_02_ASEReadCounter.table","NW_015090842.1:9613193",16,32,16
"GALNS","s954_F_POA_02_ASEReadCounter.table","NW_015090842.1:9613226",18,34,16
"GALNS","s954_F_POA_02_ASEReadCounter.table","NW_015090842.1:9613249",17,39,22
"GALNS","s954_F_POA_02_ASEReadCounter.table","NW_015090842.1:9613256",17,40,23
"GALNS","s954_F_POA_02_ASEReadCounter.table","NW_015090842.1:9613317",18,40,22
"GALNS","s954_F_POA_02_ASEReadCounter.table","NW_015090842.1:9613343",18,40,22
"GALNS","s954_F_POA_02_ASEReadCounter.table","NW_015090842.1:9613344",18,39,21
"GALNS","s954_F_POA_02_ASEReadCounter.table","NW_015090842.1:9613371",19,36,17
"GALNS","s954_F_POA_02_ASEReadCounter.table","NW_015090842.1:9613378",18,36,18
"GALNS","s954_F_POA_02_ASEReadCounter.table","NW_015090842.1:9613379",18,36,18
"GALNS","s954_F_POA_02_ASEReadCounter.table","NW_015090842.1:9613516",13,31,18
"GALNS","s954_F_POA_02_ASEReadCounter.table","NW_015090842.1:9613572",17,31,14
"GALNS","s954_F_POA_02_ASEReadCounter.table","NW_015090842.1:9613597",14,27,13
"GALNS","s954_F_POA_02_ASEReadCounter.table","NW_015090842.1:9613627",10,20,10
"GALNS","s954_F_POA_02_ASEReadCounter.table","NW_015090842.1:9613640",11,23,12
"GALNS","s954_F_POA_02_ASEReadCounter.table","NW_015090842.1:9614025",8,19,11
"GALNS","s954_F_POA_02_ASEReadCounter.table","NW_015090842.1:9614169",16,28,12
"GALNS","s954_F_POA_02_ASEReadCounter.table","NW_015090842.1:9614232",27,27,0
"GALNS","s954_F_POA_02_ASEReadCounter.table","NW_015090842.1:9614667",12,22,10
"GALNS","s954_F_POA_02_ASEReadCounter.table","NW_015090842.1:9614709",10,17,7
"GALNS","s954_F_POA_02_ASEReadCounter.table","NW_015090842.1:9614880",12,19,7
"GALNS","s954_F_POA_02_ASEReadCounter.table","NW_015090842.1:9614902",9,19,10
"GALNS","s954_F_POA_02_ASEReadCounter.table","NW_015090842.1:9614960",6,15,9
"GALNS","s954_F_POA_02_ASEReadCounter.table","NW_015090842.1:9615114",11,26,15
"GALNS","s954_F_POA_02_ASEReadCounter.table","NW_015090842.1:9615199",9,19,10
"GALNS","s954_F_POA_02_ASEReadCounter.table","NW_015090842.1:9615217",7,18,11
"GALNS","s954_F_POA_02_ASEReadCounter.table","NW_015090842.1:9615277",7,18,11
"GALNS","s954_F_POA_02_ASEReadCounter.table","NW_015090842.1:9615377",9,21,12
"GALNS","s954_F_POA_02_ASEReadCounter.table","NW_015090842.1:9647858",3,10,7
"GALNS","s954_F_POA_02_ASEReadCounter.table","NW_015090842.1:9649186",5,8,3
"GALNS","s954_F_POA_02_ASEReadCounter.table","NW_015090842.1:9649237",5,8,3
"GALNS","s954_F_POA_02_ASEReadCounter.table","NW_015090842.1:9661193",4,9,5
"TRAPPC2L","s954_F_POA_02_ASEReadCounter.table","NW_015090842.1:9662951",149,285,136
"TRAPPC2L","s954_F_POA_02_ASEReadCounter.table","NW_015090842.1:9663014",144,262,118
"TRAPPC2L","s954_F_POA_02_ASEReadCounter.table","NW_015090842.1:9664305",243,243,0
"TRAPPC2L","s954_F_POA_02_ASEReadCounter.table","NW_015090842.1:9665155",123,237,114
"TRAPPC2L","s954_F_POA_02_ASEReadCounter.table","NW_015090842.1:9665211",25,58,33
"CBFA2T3","s954_F_POA_02_ASEReadCounter.table","NW_015090842.1:9709469",0,28,28
"CBFA2T3","s954_F_POA_02_ASEReadCounter.table","NW_015090842.1:9709475",0,30,30
"CBFA2T3","s954_F_POA_02_ASEReadCounter.table","NW_015090842.1:9711845",0,21,21
"CBFA2T3","s954_F_POA_02_ASEReadCounter.table","NW_015090842.1:9712157",0,22,22
"CBFA2T3","s954_F_POA_02_ASEReadCounter.table","NW_015090842.1:9712160",0,23,23
"CBFA2T3","s954_F_POA_02_ASEReadCounter.table","NW_015090842.1:9712166",0,22,22
"CBFA2T3","s954_F_POA_02_ASEReadCounter.table","NW_015090842.1:9712536",5,16,11
"CBFA2T3","s954_F_POA_02_ASEReadCounter.table","NW_015090842.1:9712673",2,18,16
"CBFA2T3","s954_F_POA_02_ASEReadCounter.table","NW_015090842.1:9712787",9,18,9
"CBFA2T3","s954_F_POA_02_ASEReadCounter.table","NW_015090842.1:9712791",10,15,5
"CBFA2T3","s954_F_POA_02_ASEReadCounter.table","NW_015090842.1:9712805",11,20,9
"CBFA2T3","s954_F_POA_02_ASEReadCounter.table","NW_015090842.1:9712811",11,21,10
"CBFA2T3","s954_F_POA_02_ASEReadCounter.table","NW_015090842.1:9712848",12,26,14
"CBFA2T3","s954_F_POA_02_ASEReadCounter.table","NW_015090842.1:9713088",9,25,16
"CBFA2T3","s954_F_POA_02_ASEReadCounter.table","NW_015090842.1:9713121",8,23,15
"CBFA2T3","s954_F_POA_02_ASEReadCounter.table","NW_015090842.1:9717058",13,33,20
"CBFA2T3","s954_F_POA_02_ASEReadCounter.table","NW_015090842.1:9717093",18,32,14
"CBFA2T3","s954_F_POA_02_ASEReadCounter.table","NW_015090842.1:9717114",14,27,13
"CBFA2T3","s954_F_POA_02_ASEReadCounter.table","NW_015090842.1:9717139",16,25,9
"CBFA2T3","s954_F_POA_02_ASEReadCounter.table","NW_015090842.1:9719788",6,14,8
"ACSF3","s954_F_POA_02_ASEReadCounter.table","NW_015090842.1:9773379",1,3,2
"ACSF3","s954_F_POA_02_ASEReadCounter.table","NW_015090842.1:9773382",2,4,2
"ACSF3","s954_F_POA_02_ASEReadCounter.table","NW_015090842.1:9773384",2,4,2
"ACSF3","s954_F_POA_02_ASEReadCounter.table","NW_015090842.1:9773388",2,4,2
"ACSF3","s954_F_POA_02_ASEReadCounter.table","NW_015090842.1:9776753",8,18,10
"ACSF3","s954_F_POA_02_ASEReadCounter.table","NW_015090842.1:9776783",11,22,11
"ACSF3","s954_F_POA_02_ASEReadCounter.table","NW_015090842.1:9776879",11,19,8
"ACSF3","s954_F_POA_02_ASEReadCounter.table","NW_015090842.1:9776965",15,22,7
"ACSF3","s954_F_POA_02_ASEReadCounter.table","NW_015090842.1:9777091",14,20,6
"ACSF3","s954_F_POA_02_ASEReadCounter.table","NW_015090842.1:9777206",8,21,13
"ACSF3","s954_F_POA_02_ASEReadCounter.table","NW_015090842.1:9777283",18,33,15
"ACSF3","s954_F_POA_02_ASEReadCounter.table","NW_015090842.1:9778955",15,28,13
"ACSF3","s954_F_POA_02_ASEReadCounter.table","NW_015090842.1:9778997",15,36,21
"ACSF3","s954_F_POA_02_ASEReadCounter.table","NW_015090842.1:9789311",25,53,28
"ACSF3","s954_F_POA_02_ASEReadCounter.table","NW_015090842.1:9789906",3,30,27
"ACSF3","s954_F_POA_02_ASEReadCounter.table","NW_015090842.1:9834743",42,87,45
"ACSF3","s954_F_POA_02_ASEReadCounter.table","NW_015090842.1:9834852",41,89,48
"ACSF3","s954_F_POA_02_ASEReadCounter.table","NW_015090842.1:9834861",35,81,46
"ACSF3","s954_F_POA_02_ASEReadCounter.table","NW_015090842.1:9839359",28,70,42
"ACSF3","s954_F_POA_02_ASEReadCounter.table","NW_015090842.1:9839378",28,62,34
"ACSF3","s954_F_POA_02_ASEReadCounter.table","NW_015090842.1:9839455",33,72,39
"ACSF3","s954_F_POA_02_ASEReadCounter.table","NW_015090842.1:9839457",32,68,36
"ACSF3","s954_F_POA_02_ASEReadCounter.table","NW_015090842.1:9839489",25,58,33
"ACSF3","s954_F_POA_02_ASEReadCounter.table","NW_015090842.1:9839500",20,50,30
"ACSF3","s954_F_POA_02_ASEReadCounter.table","NW_015090842.1:9839501",20,50,30
"ACSF3","s954_F_POA_02_ASEReadCounter.table","NW_015090842.1:9839504",25,53,28
"ACSF3","s954_F_POA_02_ASEReadCounter.table","NW_015090842.1:9839512",24,47,23
"ACSF3","s954_F_POA_02_ASEReadCounter.table","NW_015090842.1:9839527",18,37,19
"ACSF3","s954_F_POA_02_ASEReadCounter.table","NW_015090842.1:9839533",11,29,18
"ACSF3","s954_F_POA_02_ASEReadCounter.table","NW_015090842.1:9839535",11,26,15
"ACSF3","s954_F_POA_02_ASEReadCounter.table","NW_015090842.1:9839545",7,22,15
"ACSF3","s954_F_POA_02_ASEReadCounter.table","NW_015090842.1:9839550",6,21,15
"ACSF3","s954_F_POA_02_ASEReadCounter.table","NW_015090842.1:9839551",7,22,15
"CDH15","s954_F_POA_02_ASEReadCounter.table","NW_015090842.1:9848004",1,1,0
"CDH15","s954_F_POA_02_ASEReadCounter.table","NW_015090842.1:9848220",0,1,1
"CDH15","s954_F_POA_02_ASEReadCounter.table","NW_015090842.1:9848265",0,2,2
"CDH15","s954_F_POA_02_ASEReadCounter.table","NW_015090842.1:9848307",0,2,2
"CDH15","s954_F_POA_02_ASEReadCounter.table","NW_015090842.1:9848310",0,2,2
"CDH15","s954_F_POA_02_ASEReadCounter.table","NW_015090842.1:9848313",0,1,1
"CDH15","s954_F_POA_02_ASEReadCounter.table","NW_015090842.1:9848531",0,1,1
"CDH15","s954_F_POA_02_ASEReadCounter.table","NW_015090842.1:9848552",0,1,1
"CDH15","s954_F_POA_02_ASEReadCounter.table","NW_015090842.1:9849086",1,2,1
"CDH15","s954_F_POA_02_ASEReadCounter.table","NW_015090842.1:9849119",1,1,0
"CDH15","s954_F_POA_02_ASEReadCounter.table","NW_015090842.1:9849140",1,1,0
"CDH15","s954_F_POA_02_ASEReadCounter.table","NW_015090842.1:9849473",1,1,0
"CDH15","s954_F_POA_02_ASEReadCounter.table","NW_015090842.1:9850141",1,1,0
"SLC22A31","s954_F_POA_02_ASEReadCounter.table","NW_015090842.1:9850797",0,4,4
"SLC22A31","s954_F_POA_02_ASEReadCounter.table","NW_015090842.1:9850818",0,4,4
"SLC22A31","s954_F_POA_02_ASEReadCounter.table","NW_015090842.1:9850929",1,3,2
"SLC22A31","s954_F_POA_02_ASEReadCounter.table","NW_015090842.1:9850936",1,4,3
"SLC22A31","s954_F_POA_02_ASEReadCounter.table","NW_015090842.1:9850940",1,4,3
"SLC22A31","s954_F_POA_02_ASEReadCounter.table","NW_015090842.1:9850948",1,4,3
"SLC22A31","s954_F_POA_02_ASEReadCounter.table","NW_015090842.1:9850961",1,4,3
"SLC22A31","s954_F_POA_02_ASEReadCounter.table","NW_015090842.1:9850970",1,4,3
"SLC22A31","s954_F_POA_02_ASEReadCounter.table","NW_015090842.1:9850978",0,1,1
"SLC22A31","s954_F_POA_02_ASEReadCounter.table","NW_015090842.1:9850981",0,1,1
"SLC22A31","s954_F_POA_02_ASEReadCounter.table","NW_015090842.1:9851117",3,8,5
"SLC22A31","s954_F_POA_02_ASEReadCounter.table","NW_015090842.1:9851130",3,8,5
"SLC22A31","s954_F_POA_02_ASEReadCounter.table","NW_015090842.1:9851139",3,8,5
"SLC22A31","s954_F_POA_02_ASEReadCounter.table","NW_015090842.1:9851265",4,15,11
"SLC22A31","s954_F_POA_02_ASEReadCounter.table","NW_015090842.1:9851302",4,14,10
"SLC22A31","s954_F_POA_02_ASEReadCounter.table","NW_015090842.1:9851303",4,14,10
"SLC22A31","s954_F_POA_02_ASEReadCounter.table","NW_015090842.1:9851305",4,14,10
"SLC22A31","s954_F_POA_02_ASEReadCounter.table","NW_015090842.1:9851343",4,11,7
"SLC22A31","s954_F_POA_02_ASEReadCounter.table","NW_015090842.1:9851344",5,12,7
"SLC22A31","s954_F_POA_02_ASEReadCounter.table","NW_015090842.1:9851361",15,15,0
"SLC22A31","s954_F_POA_02_ASEReadCounter.table","NW_015090842.1:9851381",5,18,13
"SLC22A31","s954_F_POA_02_ASEReadCounter.table","NW_015090842.1:9851421",10,24,14
"SLC22A31","s954_F_POA_02_ASEReadCounter.table","NW_015090842.1:9851501",5,10,5
"SLC22A31","s954_F_POA_02_ASEReadCounter.table","NW_015090842.1:9851526",8,26,18
"SLC22A31","s954_F_POA_02_ASEReadCounter.table","NW_015090842.1:9851589",11,27,16
"SLC22A31","s954_F_POA_02_ASEReadCounter.table","NW_015090842.1:9851712",10,21,11
"SLC22A31","s954_F_POA_02_ASEReadCounter.table","NW_015090842.1:9851899",11,19,8
"SLC22A31","s954_F_POA_02_ASEReadCounter.table","NW_015090842.1:9852139",11,26,15
"SLC22A31","s954_F_POA_02_ASEReadCounter.table","NW_015090842.1:9852380",9,20,11
"SLC22A31","s954_F_POA_02_ASEReadCounter.table","NW_015090842.1:9852431",10,25,15
"SLC22A31","s954_F_POA_02_ASEReadCounter.table","NW_015090842.1:9852630",12,25,13
"SLC22A31","s954_F_POA_02_ASEReadCounter.table","NW_015090842.1:9852711",4,14,10
"SLC22A31","s954_F_POA_02_ASEReadCounter.table","NW_015090842.1:9853099",4,10,6
"SLC22A31","s954_F_POA_02_ASEReadCounter.table","NW_015090842.1:9853102",4,10,6
"SLC22A31","s954_F_POA_02_ASEReadCounter.table","NW_015090842.1:9853421",7,9,2
"SLC22A31","s954_F_POA_02_ASEReadCounter.table","NW_015090842.1:9853457",5,7,2
"SLC22A31","s954_F_POA_02_ASEReadCounter.table","NW_015090842.1:9853502",2,4,2
"ANKRD11","s954_F_POA_02_ASEReadCounter.table","NW_015090842.1:9858863",5,11,6
"ANKRD11","s954_F_POA_02_ASEReadCounter.table","NW_015090842.1:9859101",108,207,99
"ANKRD11","s954_F_POA_02_ASEReadCounter.table","NW_015090842.1:9859352",126,274,148
"ANKRD11","s954_F_POA_02_ASEReadCounter.table","NW_015090842.1:9859381",59,172,113
"ANKRD11","s954_F_POA_02_ASEReadCounter.table","NW_015090842.1:9859679",120,242,122
"ANKRD11","s954_F_POA_02_ASEReadCounter.table","NW_015090842.1:9861097",126,243,117
"ANKRD11","s954_F_POA_02_ASEReadCounter.table","NW_015090842.1:9862571",82,169,87
"ANKRD11","s954_F_POA_02_ASEReadCounter.table","NW_015090842.1:9862652",62,104,42
"ANKRD11","s954_F_POA_02_ASEReadCounter.table","NW_015090842.1:9866071",0,88,88
"ANKRD11","s954_F_POA_02_ASEReadCounter.table","NW_015090842.1:9866200",0,89,89
"ANKRD11","s954_F_POA_02_ASEReadCounter.table","NW_015090842.1:9867391",19,45,26
"ANKRD11","s954_F_POA_02_ASEReadCounter.table","NW_015090842.1:9867472",40,68,28
"ANKRD11","s954_F_POA_02_ASEReadCounter.table","NW_015090842.1:9867559",56,89,33
"ANKRD11","s954_F_POA_02_ASEReadCounter.table","NW_015090842.1:9867667",47,92,45
"ANKRD11","s954_F_POA_02_ASEReadCounter.table","NW_015090842.1:9867934",53,98,45
"ANKRD11","s954_F_POA_02_ASEReadCounter.table","NW_015090842.1:9868064",43,80,37
"ANKRD11","s954_F_POA_02_ASEReadCounter.table","NW_015090842.1:9868093",42,75,33
"ANKRD11","s954_F_POA_02_ASEReadCounter.table","NW_015090842.1:9868222",47,95,48
"ANKRD11","s954_F_POA_02_ASEReadCounter.table","NW_015090842.1:9868327",57,111,54
"ANKRD11","s954_F_POA_02_ASEReadCounter.table","NW_015090842.1:9868414",65,111,46
"ANKRD11","s954_F_POA_02_ASEReadCounter.table","NW_015090842.1:9868441",61,105,44
"ANKRD11","s954_F_POA_02_ASEReadCounter.table","NW_015090842.1:9868444",61,110,49
"ANKRD11","s954_F_POA_02_ASEReadCounter.table","NW_015090842.1:9868519",72,131,59
"ANKRD11","s954_F_POA_02_ASEReadCounter.table","NW_015090842.1:9868609",77,152,75
"ANKRD11","s954_F_POA_02_ASEReadCounter.table","NW_015090842.1:9868666",80,146,66
"ANKRD11","s954_F_POA_02_ASEReadCounter.table","NW_015090842.1:9868738",179,179,0
"ANKRD11","s954_F_POA_02_ASEReadCounter.table","NW_015090842.1:9869431",88,178,90
"ANKRD11","s954_F_POA_02_ASEReadCounter.table","NW_015090842.1:9869578",147,292,145
"ANKRD11","s954_F_POA_02_ASEReadCounter.table","NW_015090842.1:9869734",142,292,150
"ANKRD11","s954_F_POA_02_ASEReadCounter.table","NW_015090842.1:9870070",118,259,141
"ANKRD11","s954_F_POA_02_ASEReadCounter.table","NW_015090842.1:9870349",146,293,147
"ANKRD11","s954_F_POA_02_ASEReadCounter.table","NW_015090842.1:9870604",151,301,150
"ANKRD11","s954_F_POA_02_ASEReadCounter.table","NW_015090842.1:9870613",159,310,151
"ANKRD11","s954_F_POA_02_ASEReadCounter.table","NW_015090842.1:9870685",184,376,192
"ANKRD11","s954_F_POA_02_ASEReadCounter.table","NW_015090842.1:9870760",173,354,181
"ANKRD11","s954_F_POA_02_ASEReadCounter.table","NW_015090842.1:9870847",147,307,160
"ANKRD11","s954_F_POA_02_ASEReadCounter.table","NW_015090842.1:9871103",124,248,124
"ANKRD11","s954_F_POA_02_ASEReadCounter.table","NW_015090842.1:9871165",117,277,160
"ANKRD11","s954_F_POA_02_ASEReadCounter.table","NW_015090842.1:9871508",192,192,0
"ANKRD11","s954_F_POA_02_ASEReadCounter.table","NW_015090842.1:9871820",31,80,49
"ANKRD11","s954_F_POA_02_ASEReadCounter.table","NW_015090842.1:9872118",51,100,49
"ANKRD11","s954_F_POA_02_ASEReadCounter.table","NW_015090842.1:9877406",28,56,28
"SPG7","s954_F_POA_02_ASEReadCounter.table","NW_015090842.1:10051190",98,186,88
"SPG7","s954_F_POA_02_ASEReadCounter.table","NW_015090842.1:10051218",116,222,106
"SPG7","s954_F_POA_02_ASEReadCounter.table","NW_015090842.1:10052348",128,236,108
"SPG7","s954_F_POA_02_ASEReadCounter.table","NW_015090842.1:10052366",123,229,106
"SPG7","s954_F_POA_02_ASEReadCounter.table","NW_015090842.1:10065173",164,323,159
"SPG7","s954_F_POA_02_ASEReadCounter.table","NW_015090842.1:10065215",153,304,151
"SPG7","s954_F_POA_02_ASEReadCounter.table","NW_015090842.1:10066365",144,272,128
"SPG7","s954_F_POA_02_ASEReadCounter.table","NW_015090842.1:10069752",177,340,163
"SPG7","s954_F_POA_02_ASEReadCounter.table","NW_015090842.1:10069800",153,342,189
"SPG7","s954_F_POA_02_ASEReadCounter.table","NW_015090842.1:10071192",169,348,179
"SPG7","s954_F_POA_02_ASEReadCounter.table","NW_015090842.1:10071219",164,337,173
"SPG7","s954_F_POA_02_ASEReadCounter.table","NW_015090842.1:10071967",157,306,149
"SPG7","s954_F_POA_02_ASEReadCounter.table","NW_015090842.1:10075109",232,457,225
"SPG7","s954_F_POA_02_ASEReadCounter.table","NW_015090842.1:10075114",247,469,222
"SPG7","s954_F_POA_02_ASEReadCounter.table","NW_015090842.1:10075198",205,379,174
"SPG7","s954_F_POA_02_ASEReadCounter.table","NW_015090842.1:10075487",167,322,155
"SPG7","s954_F_POA_02_ASEReadCounter.table","NW_015090842.1:10075488",166,322,156
"SPG7","s954_F_POA_02_ASEReadCounter.table","NW_015090842.1:10075548",105,221,116
"RPL13","s954_F_POA_02_ASEReadCounter.table","NW_015090842.1:10077387",461,932,471
"RPL13","s954_F_POA_02_ASEReadCounter.table","NW_015090842.1:10077978",718,1447,729
"RPL13","s954_F_POA_02_ASEReadCounter.table","NW_015090842.1:10077992",705,1377,672
"CPNE7","s954_F_POA_02_ASEReadCounter.table","NW_015090842.1:10084001",36,72,36
"CPNE7","s954_F_POA_02_ASEReadCounter.table","NW_015090842.1:10084856",26,54,28
"CPNE7","s954_F_POA_02_ASEReadCounter.table","NW_015090842.1:10084872",24,52,28
"CPNE7","s954_F_POA_02_ASEReadCounter.table","NW_015090842.1:10084892",26,52,26
"CPNE7","s954_F_POA_02_ASEReadCounter.table","NW_015090842.1:10084921",34,58,24
"CPNE7","s954_F_POA_02_ASEReadCounter.table","NW_015090842.1:10084935",36,59,23
"CPNE7","s954_F_POA_02_ASEReadCounter.table","NW_015090842.1:10085000",40,65,25
"CPNE7","s954_F_POA_02_ASEReadCounter.table","NW_015090842.1:10085089",36,64,28
"CPNE7","s954_F_POA_02_ASEReadCounter.table","NW_015090842.1:10085096",39,69,30
"CPNE7","s954_F_POA_02_ASEReadCounter.table","NW_015090842.1:10085126",43,70,27
"CPNE7","s954_F_POA_02_ASEReadCounter.table","NW_015090842.1:10085167",69,69,0
"CPNE7","s954_F_POA_02_ASEReadCounter.table","NW_015090842.1:10085180",42,72,30
"CPNE7","s954_F_POA_02_ASEReadCounter.table","NW_015090842.1:10085201",37,60,23
"CPNE7","s954_F_POA_02_ASEReadCounter.table","NW_015090842.1:10088134",57,122,65
"CPNE7","s954_F_POA_02_ASEReadCounter.table","NW_015090842.1:10088146",57,127,70
"CPNE7","s954_F_POA_02_ASEReadCounter.table","NW_015090842.1:10088806",70,126,56
"CPNE7","s954_F_POA_02_ASEReadCounter.table","NW_015090842.1:10088940",84,152,68
"CPNE7","s954_F_POA_02_ASEReadCounter.table","NW_015090842.1:10088965",74,143,69
"CPNE7","s954_F_POA_02_ASEReadCounter.table","NW_015090842.1:10088967",73,139,66
"CPNE7","s954_F_POA_02_ASEReadCounter.table","NW_015090842.1:10088973",81,153,72
"CPNE7","s954_F_POA_02_ASEReadCounter.table","NW_015090842.1:10090924",115,215,100
"CPNE7","s954_F_POA_02_ASEReadCounter.table","NW_015090842.1:10090930",122,222,100
"CPNE7","s954_F_POA_02_ASEReadCounter.table","NW_015090842.1:10091075",115,208,93
"CPNE7","s954_F_POA_02_ASEReadCounter.table","NW_015090842.1:10091389",116,223,107
"CPNE7","s954_F_POA_02_ASEReadCounter.table","NW_015090842.1:10091407",120,226,106
"CPNE7","s954_F_POA_02_ASEReadCounter.table","NW_015090842.1:10091488",183,183,0
"CPNE7","s954_F_POA_02_ASEReadCounter.table","NW_015090842.1:10091491",184,184,0
"CPNE7","s954_F_POA_02_ASEReadCounter.table","NW_015090842.1:10091530",101,202,101
"CPNE7","s954_F_POA_02_ASEReadCounter.table","NW_015090842.1:10091875",132,225,93
"CPNE7","s954_F_POA_02_ASEReadCounter.table","NW_015090842.1:10091983",129,210,81
"CPNE7","s954_F_POA_02_ASEReadCounter.table","NW_015090842.1:10091997",139,218,79
"CPNE7","s954_F_POA_02_ASEReadCounter.table","NW_015090842.1:10092038",73,127,54
"CPNE7","s954_F_POA_02_ASEReadCounter.table","NW_015090842.1:10092140",77,154,77
"CPNE7","s954_F_POA_02_ASEReadCounter.table","NW_015090842.1:10092183",61,102,41
"CPNE7","s954_F_POA_02_ASEReadCounter.table","NW_015090842.1:10092201",61,94,33
"CPNE7","s954_F_POA_02_ASEReadCounter.table","NW_015090842.1:10092230",44,69,25
"CPNE7","s954_F_POA_02_ASEReadCounter.table","NW_015090842.1:10092246",28,43,15
"LOC106888185","s954_F_POA_02_ASEReadCounter.table","NW_015090842.1:10094965",2,5,3
"LOC106888185","s954_F_POA_02_ASEReadCounter.table","NW_015090842.1:10094966",2,5,3
"LOC106888185","s954_F_POA_02_ASEReadCounter.table","NW_015090842.1:10094985",2,5,3
"LOC106888185","s954_F_POA_02_ASEReadCounter.table","NW_015090842.1:10095055",1,3,2
"LOC106888185","s954_F_POA_02_ASEReadCounter.table","NW_015090842.1:10095062",1,2,1
"LOC106888185","s954_F_POA_02_ASEReadCounter.table","NW_015090842.1:10095130",0,2,2
"LOC106888185","s954_F_POA_02_ASEReadCounter.table","NW_015090842.1:10095265",10,15,5
"LOC106888185","s954_F_POA_02_ASEReadCounter.table","NW_015090842.1:10095586",6,12,6
"LOC106888185","s954_F_POA_02_ASEReadCounter.table","NW_015090842.1:10095593",6,12,6
"LOC106888185","s954_F_POA_02_ASEReadCounter.table","NW_015090842.1:10095616",5,11,6
"LOC106888185","s954_F_POA_02_ASEReadCounter.table","NW_015090842.1:10095662",8,12,4
"LOC106888185","s954_F_POA_02_ASEReadCounter.table","NW_015090842.1:10095674",7,10,3
"LOC106888185","s954_F_POA_02_ASEReadCounter.table","NW_015090842.1:10095786",6,12,6
"LOC106888185","s954_F_POA_02_ASEReadCounter.table","NW_015090842.1:10095831",7,14,7
"LOC106888185","s954_F_POA_02_ASEReadCounter.table","NW_015090842.1:10096230",8,13,5
"LOC106888185","s954_F_POA_02_ASEReadCounter.table","NW_015090842.1:10096249",10,17,7
"LOC106888185","s954_F_POA_02_ASEReadCounter.table","NW_015090842.1:10096272",7,17,10
"LOC106888185","s954_F_POA_02_ASEReadCounter.table","NW_015090842.1:10096288",7,17,10
"LOC106888185","s954_F_POA_02_ASEReadCounter.table","NW_015090842.1:10097248",2,13,11
"LOC106888185","s954_F_POA_02_ASEReadCounter.table","NW_015090842.1:10097265",4,16,12
"LOC106888185","s954_F_POA_02_ASEReadCounter.table","NW_015090842.1:10097446",1,5,4
"DPEP1","s954_F_POA_02_ASEReadCounter.table","NW_015090842.1:10098518",0,1,1
"DPEP1","s954_F_POA_02_ASEReadCounter.table","NW_015090842.1:10099765",0,1,1
"DPEP1","s954_F_POA_02_ASEReadCounter.table","NW_015090842.1:10099985",0,1,1
"DPEP1","s954_F_POA_02_ASEReadCounter.table","NW_015090842.1:10099986",0,1,1
"DPEP1","s954_F_POA_02_ASEReadCounter.table","NW_015090842.1:10099991",0,1,1
"DPEP1","s954_F_POA_02_ASEReadCounter.table","NW_015090842.1:10100044",0,1,1
"DPEP1","s954_F_POA_02_ASEReadCounter.table","NW_015090842.1:10100045",0,1,1
"DPEP1","s954_F_POA_02_ASEReadCounter.table","NW_015090842.1:10100529",0,2,2
"DPEP1","s954_F_POA_02_ASEReadCounter.table","NW_015090842.1:10100893",0,4,4
"DPEP1","s954_F_POA_02_ASEReadCounter.table","NW_015090842.1:10100902",0,4,4
"DPEP1","s954_F_POA_02_ASEReadCounter.table","NW_015090842.1:10101072",0,1,1
"DPEP1","s954_F_POA_02_ASEReadCounter.table","NW_015090842.1:10101199",0,1,1
"DPEP1","s954_F_POA_02_ASEReadCounter.table","NW_015090842.1:10101483",0,2,2
"DPEP1","s954_F_POA_02_ASEReadCounter.table","NW_015090842.1:10101497",0,2,2
"DPEP1","s954_F_POA_02_ASEReadCounter.table","NW_015090842.1:10101525",0,1,1
"DPEP1","s954_F_POA_02_ASEReadCounter.table","NW_015090842.1:10101875",0,1,1
"DPEP1","s954_F_POA_02_ASEReadCounter.table","NW_015090842.1:10101913",0,2,2
"DPEP1","s954_F_POA_02_ASEReadCounter.table","NW_015090842.1:10101996",0,2,2
"DPEP1","s954_F_POA_02_ASEReadCounter.table","NW_015090842.1:10102014",0,2,2
"DPEP1","s954_F_POA_02_ASEReadCounter.table","NW_015090842.1:10102035",0,2,2
"CHMP1A","s954_F_POA_02_ASEReadCounter.table","NW_015090842.1:10102901",78,190,112
"CHMP1A","s954_F_POA_02_ASEReadCounter.table","NW_015090842.1:10102961",63,185,122
"CHMP1A","s954_F_POA_02_ASEReadCounter.table","NW_015090842.1:10102996",50,164,114
"CHMP1A","s954_F_POA_02_ASEReadCounter.table","NW_015090842.1:10103004",56,168,112
"CHMP1A","s954_F_POA_02_ASEReadCounter.table","NW_015090842.1:10103006",56,170,114
"CHMP1A","s954_F_POA_02_ASEReadCounter.table","NW_015090842.1:10103052",86,220,134
"CHMP1A","s954_F_POA_02_ASEReadCounter.table","NW_015090842.1:10103095",93,222,129
"CHMP1A","s954_F_POA_02_ASEReadCounter.table","NW_015090842.1:10103096",93,224,131
"CHMP1A","s954_F_POA_02_ASEReadCounter.table","NW_015090842.1:10103152",80,164,84
"CHMP1A","s954_F_POA_02_ASEReadCounter.table","NW_015090842.1:10103173",85,175,90
"CHMP1A","s954_F_POA_02_ASEReadCounter.table","NW_015090842.1:10103334",67,141,74
"CHMP1A","s954_F_POA_02_ASEReadCounter.table","NW_015090842.1:10103373",41,129,88
"CHMP1A","s954_F_POA_02_ASEReadCounter.table","NW_015090842.1:10103408",63,161,98
"CHMP1A","s954_F_POA_02_ASEReadCounter.table","NW_015090842.1:10103412",73,172,99
"CHMP1A","s954_F_POA_02_ASEReadCounter.table","NW_015090842.1:10103512",96,196,100
"CHMP1A","s954_F_POA_02_ASEReadCounter.table","NW_015090842.1:10103513",96,198,102
"CHMP1A","s954_F_POA_02_ASEReadCounter.table","NW_015090842.1:10103583",59,128,69
"CHMP1A","s954_F_POA_02_ASEReadCounter.table","NW_015090842.1:10103614",59,120,61
"CHMP1A","s954_F_POA_02_ASEReadCounter.table","NW_015090842.1:10103657",73,137,64
"CHMP1A","s954_F_POA_02_ASEReadCounter.table","NW_015090842.1:10103669",60,121,61
"CHMP1A","s954_F_POA_02_ASEReadCounter.table","NW_015090842.1:10103674",61,119,58
"CHMP1A","s954_F_POA_02_ASEReadCounter.table","NW_015090842.1:10103677",57,116,59
"CHMP1A","s954_F_POA_02_ASEReadCounter.table","NW_015090842.1:10103729",79,150,71
"CHMP1A","s954_F_POA_02_ASEReadCounter.table","NW_015090842.1:10103758",81,156,75
"CHMP1A","s954_F_POA_02_ASEReadCounter.table","NW_015090842.1:10103761",82,160,78
"CHMP1A","s954_F_POA_02_ASEReadCounter.table","NW_015090842.1:10103788",88,175,87
"CHMP1A","s954_F_POA_02_ASEReadCounter.table","NW_015090842.1:10103789",91,180,89
"CHMP1A","s954_F_POA_02_ASEReadCounter.table","NW_015090842.1:10103790",91,181,90
"CHMP1A","s954_F_POA_02_ASEReadCounter.table","NW_015090842.1:10103950",95,176,81
"CHMP1A","s954_F_POA_02_ASEReadCounter.table","NW_015090842.1:10104335",63,122,59
"CHMP1A","s954_F_POA_02_ASEReadCounter.table","NW_015090842.1:10104429",72,152,80
"CHMP1A","s954_F_POA_02_ASEReadCounter.table","NW_015090842.1:10104532",87,153,66
"CHMP1A","s954_F_POA_02_ASEReadCounter.table","NW_015090842.1:10104633",61,136,75
"CHMP1A","s954_F_POA_02_ASEReadCounter.table","NW_015090842.1:10104759",56,116,60
"CHMP1A","s954_F_POA_02_ASEReadCounter.table","NW_015090842.1:10104794",79,147,68
"CHMP1A","s954_F_POA_02_ASEReadCounter.table","NW_015090842.1:10104841",111,111,0
"CHMP1A","s954_F_POA_02_ASEReadCounter.table","NW_015090842.1:10104844",51,108,57
"CHMP1A","s954_F_POA_02_ASEReadCounter.table","NW_015090842.1:10106242",60,132,72
"CHMP1A","s954_F_POA_02_ASEReadCounter.table","NW_015090842.1:10106290",42,118,76
"CHMP1A","s954_F_POA_02_ASEReadCounter.table","NW_015090842.1:10106335",52,143,91
"CHMP1A","s954_F_POA_02_ASEReadCounter.table","NW_015090842.1:10106383",77,166,89
"CHMP1A","s954_F_POA_02_ASEReadCounter.table","NW_015090842.1:10106747",74,155,81
"CHMP1A","s954_F_POA_02_ASEReadCounter.table","NW_015090842.1:10107404",69,136,67
"CHMP1A","s954_F_POA_02_ASEReadCounter.table","NW_015090842.1:10107876",69,127,58
"CDK10","s954_F_POA_02_ASEReadCounter.table","NW_015090842.1:10109030",12,13,1
"CDK10","s954_F_POA_02_ASEReadCounter.table","NW_015090842.1:10109963",37,89,52
"CDK10","s954_F_POA_02_ASEReadCounter.table","NW_015090842.1:10110887",21,72,51
"CDK10","s954_F_POA_02_ASEReadCounter.table","NW_015090842.1:10111254",24,69,45
"CDK10","s954_F_POA_02_ASEReadCounter.table","NW_015090842.1:10111380",28,95,67
"CDK10","s954_F_POA_02_ASEReadCounter.table","NW_015090842.1:10111395",28,100,72
"CDK10","s954_F_POA_02_ASEReadCounter.table","NW_015090842.1:10111437",19,87,68
"CDK10","s954_F_POA_02_ASEReadCounter.table","NW_015090842.1:10111798",32,104,72
"CDK10","s954_F_POA_02_ASEReadCounter.table","NW_015090842.1:10111840",32,109,77
"CDK10","s954_F_POA_02_ASEReadCounter.table","NW_015090842.1:10112031",45,133,88
"CDK10","s954_F_POA_02_ASEReadCounter.table","NW_015090842.1:10112285",53,135,82
"CDK10","s954_F_POA_02_ASEReadCounter.table","NW_015090842.1:10112398",59,150,91
"CDK10","s954_F_POA_02_ASEReadCounter.table","NW_015090842.1:10112455",50,131,81
"CDK10","s954_F_POA_02_ASEReadCounter.table","NW_015090842.1:10112461",45,114,69
"CDK10","s954_F_POA_02_ASEReadCounter.table","NW_015090842.1:10112497",37,105,68
"CDK10","s954_F_POA_02_ASEReadCounter.table","NW_015090842.1:10112508",31,104,73
"CDK10","s954_F_POA_02_ASEReadCounter.table","NW_015090842.1:10112518",27,99,72
"CDK10","s954_F_POA_02_ASEReadCounter.table","NW_015090842.1:10112540",9,81,72
"CDK10","s954_F_POA_02_ASEReadCounter.table","NW_015090842.1:10112556",18,80,62
"CDK10","s954_F_POA_02_ASEReadCounter.table","NW_015090842.1:10112561",20,91,71
"CDK10","s954_F_POA_02_ASEReadCounter.table","NW_015090842.1:10112596",27,91,64
"CDK10","s954_F_POA_02_ASEReadCounter.table","NW_015090842.1:10112630",24,74,50
"CDK10","s954_F_POA_02_ASEReadCounter.table","NW_015090842.1:10112656",29,80,51
"CDK10","s954_F_POA_02_ASEReadCounter.table","NW_015090842.1:10112665",21,62,41
"CDK10","s954_F_POA_02_ASEReadCounter.table","NW_015090842.1:10112668",20,62,42
"CDK10","s954_F_POA_02_ASEReadCounter.table","NW_015090842.1:10112781",17,40,23
"CDK10","s954_F_POA_02_ASEReadCounter.table","NW_015090842.1:10112782",17,40,23
"CDK10","s954_F_POA_02_ASEReadCounter.table","NW_015090842.1:10112795",16,39,23
"CDK10","s954_F_POA_02_ASEReadCounter.table","NW_015090842.1:10112841",6,17,11
"CDK10","s954_F_POA_02_ASEReadCounter.table","NW_015090842.1:10112861",3,13,10
"SPATA2L","s954_F_POA_02_ASEReadCounter.table","NW_015090842.1:10113212",13,43,30
"SPATA2L","s954_F_POA_02_ASEReadCounter.table","NW_015090842.1:10113280",31,73,42
"SPATA2L","s954_F_POA_02_ASEReadCounter.table","NW_015090842.1:10113296",28,73,45
"SPATA2L","s954_F_POA_02_ASEReadCounter.table","NW_015090842.1:10113321",36,82,46
"SPATA2L","s954_F_POA_02_ASEReadCounter.table","NW_015090842.1:10113332",37,89,52
"SPATA2L","s954_F_POA_02_ASEReadCounter.table","NW_015090842.1:10113380",35,98,63
"SPATA2L","s954_F_POA_02_ASEReadCounter.table","NW_015090842.1:10113381",35,100,65
"SPATA2L","s954_F_POA_02_ASEReadCounter.table","NW_015090842.1:10113412",38,105,67
"SPATA2L","s954_F_POA_02_ASEReadCounter.table","NW_015090842.1:10113421",41,108,67
"SPATA2L","s954_F_POA_02_ASEReadCounter.table","NW_015090842.1:10113465",40,97,57
"SPATA2L","s954_F_POA_02_ASEReadCounter.table","NW_015090842.1:10113535",59,117,58
"SPATA2L","s954_F_POA_02_ASEReadCounter.table","NW_015090842.1:10113645",51,157,106
"SPATA2L","s954_F_POA_02_ASEReadCounter.table","NW_015090842.1:10113682",64,176,112
"SPATA2L","s954_F_POA_02_ASEReadCounter.table","NW_015090842.1:10113696",56,151,95
"SPATA2L","s954_F_POA_02_ASEReadCounter.table","NW_015090842.1:10113727",63,163,100
"SPATA2L","s954_F_POA_02_ASEReadCounter.table","NW_015090842.1:10113799",68,165,97
"SPATA2L","s954_F_POA_02_ASEReadCounter.table","NW_015090842.1:10113809",79,189,110
"SPATA2L","s954_F_POA_02_ASEReadCounter.table","NW_015090842.1:10113827",76,168,92
"SPATA2L","s954_F_POA_02_ASEReadCounter.table","NW_015090842.1:10113831",76,168,92
"SPATA2L","s954_F_POA_02_ASEReadCounter.table","NW_015090842.1:10113894",70,142,72
"SPATA2L","s954_F_POA_02_ASEReadCounter.table","NW_015090842.1:10113905",57,131,74
"SPATA2L","s954_F_POA_02_ASEReadCounter.table","NW_015090842.1:10113914",52,125,73
"SPATA2L","s954_F_POA_02_ASEReadCounter.table","NW_015090842.1:10113920",56,138,82
"SPATA2L","s954_F_POA_02_ASEReadCounter.table","NW_015090842.1:10113937",57,148,91
"SPATA2L","s954_F_POA_02_ASEReadCounter.table","NW_015090842.1:10113971",42,133,91
"SPATA2L","s954_F_POA_02_ASEReadCounter.table","NW_015090842.1:10113976",40,143,103
"SPATA2L","s954_F_POA_02_ASEReadCounter.table","NW_015090842.1:10113985",47,135,88
"SPATA2L","s954_F_POA_02_ASEReadCounter.table","NW_015090842.1:10113994",60,152,92
"SPATA2L","s954_F_POA_02_ASEReadCounter.table","NW_015090842.1:10114063",43,111,68
"SPATA2L","s954_F_POA_02_ASEReadCounter.table","NW_015090842.1:10114066",38,109,71
"SPATA2L","s954_F_POA_02_ASEReadCounter.table","NW_015090842.1:10114069",41,111,70
"SPATA2L","s954_F_POA_02_ASEReadCounter.table","NW_015090842.1:10114121",36,97,61
"SPATA2L","s954_F_POA_02_ASEReadCounter.table","NW_015090842.1:10114159",47,117,70
"SPATA2L","s954_F_POA_02_ASEReadCounter.table","NW_015090842.1:10114282",119,119,0
"SPATA2L","s954_F_POA_02_ASEReadCounter.table","NW_015090842.1:10114470",39,101,62
"SPATA2L","s954_F_POA_02_ASEReadCounter.table","NW_015090842.1:10114524",23,65,42
"VPS9D1","s954_F_POA_02_ASEReadCounter.table","NW_015090842.1:10116377",40,107,67
"VPS9D1","s954_F_POA_02_ASEReadCounter.table","NW_015090842.1:10116415",46,109,63
"VPS9D1","s954_F_POA_02_ASEReadCounter.table","NW_015090842.1:10116607",36,94,58
"VPS9D1","s954_F_POA_02_ASEReadCounter.table","NW_015090842.1:10116816",49,49,0
"VPS9D1","s954_F_POA_02_ASEReadCounter.table","NW_015090842.1:10116821",14,51,37
"VPS9D1","s954_F_POA_02_ASEReadCounter.table","NW_015090842.1:10116825",15,47,32
"VPS9D1","s954_F_POA_02_ASEReadCounter.table","NW_015090842.1:10116882",19,53,34
"VPS9D1","s954_F_POA_02_ASEReadCounter.table","NW_015090842.1:10116885",22,57,35
"VPS9D1","s954_F_POA_02_ASEReadCounter.table","NW_015090842.1:10116933",33,61,28
"VPS9D1","s954_F_POA_02_ASEReadCounter.table","NW_015090842.1:10116942",30,62,32
"VPS9D1","s954_F_POA_02_ASEReadCounter.table","NW_015090842.1:10117152",29,67,38
"VPS9D1","s954_F_POA_02_ASEReadCounter.table","NW_015090842.1:10117396",38,38,0
"VPS9D1","s954_F_POA_02_ASEReadCounter.table","NW_015090842.1:10117405",25,25,0
"VPS9D1","s954_F_POA_02_ASEReadCounter.table","NW_015090842.1:10117480",15,45,30
"VPS9D1","s954_F_POA_02_ASEReadCounter.table","NW_015090842.1:10117497",20,52,32
"VPS9D1","s954_F_POA_02_ASEReadCounter.table","NW_015090842.1:10117499",16,49,33
"VPS9D1","s954_F_POA_02_ASEReadCounter.table","NW_015090842.1:10117516",24,64,40
"VPS9D1","s954_F_POA_02_ASEReadCounter.table","NW_015090842.1:10117525",30,72,42
"VPS9D1","s954_F_POA_02_ASEReadCounter.table","NW_015090842.1:10117579",22,72,50
"VPS9D1","s954_F_POA_02_ASEReadCounter.table","NW_015090842.1:10117627",18,59,41
"VPS9D1","s954_F_POA_02_ASEReadCounter.table","NW_015090842.1:10117678",11,50,39
"VPS9D1","s954_F_POA_02_ASEReadCounter.table","NW_015090842.1:10117773",27,75,48
"VPS9D1","s954_F_POA_02_ASEReadCounter.table","NW_015090842.1:10117937",35,78,43
"VPS9D1","s954_F_POA_02_ASEReadCounter.table","NW_015090842.1:10117961",29,67,38
"VPS9D1","s954_F_POA_02_ASEReadCounter.table","NW_015090842.1:10118236",26,68,42
"VPS9D1","s954_F_POA_02_ASEReadCounter.table","NW_015090842.1:10118414",31,76,45
"VPS9D1","s954_F_POA_02_ASEReadCounter.table","NW_015090842.1:10118973",31,79,48
"VPS9D1","s954_F_POA_02_ASEReadCounter.table","NW_015090842.1:10119500",22,52,30
"ZNF276","s954_F_POA_02_ASEReadCounter.table","NW_015090842.1:10121760",4,7,3
"ZNF276","s954_F_POA_02_ASEReadCounter.table","NW_015090842.1:10121769",4,7,3
"ZNF276","s954_F_POA_02_ASEReadCounter.table","NW_015090842.1:10121802",4,7,3
"ZNF276","s954_F_POA_02_ASEReadCounter.table","NW_015090842.1:10121971",6,12,6
"ZNF276","s954_F_POA_02_ASEReadCounter.table","NW_015090842.1:10122883",8,19,11
"ZNF276","s954_F_POA_02_ASEReadCounter.table","NW_015090842.1:10123069",10,22,12
"ZNF276","s954_F_POA_02_ASEReadCounter.table","NW_015090842.1:10123207",16,33,17
"ZNF276","s954_F_POA_02_ASEReadCounter.table","NW_015090842.1:10125787",16,42,26
"ZNF276","s954_F_POA_02_ASEReadCounter.table","NW_015090842.1:10126309",26,51,25
"ZNF276","s954_F_POA_02_ASEReadCounter.table","NW_015090842.1:10126348",24,50,26
"ZNF276","s954_F_POA_02_ASEReadCounter.table","NW_015090842.1:10126978",30,49,19
"ZNF276","s954_F_POA_02_ASEReadCounter.table","NW_015090842.1:10126991",27,43,16
"ZNF276","s954_F_POA_02_ASEReadCounter.table","NW_015090842.1:10127023",23,40,17
"ZNF276","s954_F_POA_02_ASEReadCounter.table","NW_015090842.1:10127063",20,39,19
"ZNF276","s954_F_POA_02_ASEReadCounter.table","NW_015090842.1:10127373",23,39,16
"ZNF276","s954_F_POA_02_ASEReadCounter.table","NW_015090842.1:10127931",34,55,21
"ZNF276","s954_F_POA_02_ASEReadCounter.table","NW_015090842.1:10128070",34,55,21
"ZNF276","s954_F_POA_02_ASEReadCounter.table","NW_015090842.1:10128102",31,53,22
"ZNF276","s954_F_POA_02_ASEReadCounter.table","NW_015090842.1:10128356",25,47,22
"ZNF276","s954_F_POA_02_ASEReadCounter.table","NW_015090842.1:10128497",19,43,24
"FANCA","s954_F_POA_02_ASEReadCounter.table","NW_015090842.1:10128743",2,3,1
"FANCA","s954_F_POA_02_ASEReadCounter.table","NW_015090842.1:10128822",2,2,0
"FANCA","s954_F_POA_02_ASEReadCounter.table","NW_015090842.1:10129383",1,1,0
"FANCA","s954_F_POA_02_ASEReadCounter.table","NW_015090842.1:10129390",1,1,0
"FANCA","s954_F_POA_02_ASEReadCounter.table","NW_015090842.1:10129422",1,1,0
"FANCA","s954_F_POA_02_ASEReadCounter.table","NW_015090842.1:10130399",1,3,2
"FANCA","s954_F_POA_02_ASEReadCounter.table","NW_015090842.1:10133530",1,3,2
"FANCA","s954_F_POA_02_ASEReadCounter.table","NW_015090842.1:10133533",1,3,2
"FANCA","s954_F_POA_02_ASEReadCounter.table","NW_015090842.1:10133536",1,3,2
"FANCA","s954_F_POA_02_ASEReadCounter.table","NW_015090842.1:10133601",1,3,2
"FANCA","s954_F_POA_02_ASEReadCounter.table","NW_015090842.1:10134492",1,2,1
"FANCA","s954_F_POA_02_ASEReadCounter.table","NW_015090842.1:10134531",1,1,0
"FANCA","s954_F_POA_02_ASEReadCounter.table","NW_015090842.1:10136957",0,2,2
"FANCA","s954_F_POA_02_ASEReadCounter.table","NW_015090842.1:10136982",0,2,2
"FANCA","s954_F_POA_02_ASEReadCounter.table","NW_015090842.1:10136999",0,3,3
"FANCA","s954_F_POA_02_ASEReadCounter.table","NW_015090842.1:10137019",0,2,2
"FANCA","s954_F_POA_02_ASEReadCounter.table","NW_015090842.1:10137673",0,1,1
"FANCA","s954_F_POA_02_ASEReadCounter.table","NW_015090842.1:10150518",0,1,1
"FANCA","s954_F_POA_02_ASEReadCounter.table","NW_015090842.1:10152863",0,1,1
"FANCA","s954_F_POA_02_ASEReadCounter.table","NW_015090842.1:10162980",1,1,0
"SPIRE2","s954_F_POA_02_ASEReadCounter.table","NW_015090842.1:10172284",19,28,9
"SPIRE2","s954_F_POA_02_ASEReadCounter.table","NW_015090842.1:10175262",27,45,18
"SPIRE2","s954_F_POA_02_ASEReadCounter.table","NW_015090842.1:10175352",16,29,13
"SPIRE2","s954_F_POA_02_ASEReadCounter.table","NW_015090842.1:10175400",47,96,49
"SPIRE2","s954_F_POA_02_ASEReadCounter.table","NW_015090842.1:10175418",54,107,53
"SPIRE2","s954_F_POA_02_ASEReadCounter.table","NW_015090842.1:10175704",65,120,55
"SPIRE2","s954_F_POA_02_ASEReadCounter.table","NW_015090842.1:10176115",96,174,78
"SPIRE2","s954_F_POA_02_ASEReadCounter.table","NW_015090842.1:10176561",81,169,88
"SPIRE2","s954_F_POA_02_ASEReadCounter.table","NW_015090842.1:10176817",86,163,77
"SPIRE2","s954_F_POA_02_ASEReadCounter.table","NW_015090842.1:10177084",59,136,77
"SPIRE2","s954_F_POA_02_ASEReadCounter.table","NW_015090842.1:10177110",62,126,64
"SPIRE2","s954_F_POA_02_ASEReadCounter.table","NW_015090842.1:10177838",79,182,103
"SPIRE2","s954_F_POA_02_ASEReadCounter.table","NW_015090842.1:10178000",83,188,105
"SPIRE2","s954_F_POA_02_ASEReadCounter.table","NW_015090842.1:10178164",99,202,103
"SPIRE2","s954_F_POA_02_ASEReadCounter.table","NW_015090842.1:10178216",94,203,109
"SPIRE2","s954_F_POA_02_ASEReadCounter.table","NW_015090842.1:10178403",88,179,91
"SPIRE2","s954_F_POA_02_ASEReadCounter.table","NW_015090842.1:10178409",86,176,90
"SPIRE2","s954_F_POA_02_ASEReadCounter.table","NW_015090842.1:10178524",64,132,68
"SPIRE2","s954_F_POA_02_ASEReadCounter.table","NW_015090842.1:10178526",66,134,68
"SPIRE2","s954_F_POA_02_ASEReadCounter.table","NW_015090842.1:10178531",67,133,66
"SPIRE2","s954_F_POA_02_ASEReadCounter.table","NW_015090842.1:10178565",64,126,62
"SPIRE2","s954_F_POA_02_ASEReadCounter.table","NW_015090842.1:10178587",60,117,57
"SPIRE2","s954_F_POA_02_ASEReadCounter.table","NW_015090842.1:10178640",51,101,50
"SPIRE2","s954_F_POA_02_ASEReadCounter.table","NW_015090842.1:10178651",56,107,51
"SPIRE2","s954_F_POA_02_ASEReadCounter.table","NW_015090842.1:10178682",54,105,51
"TCF25","s954_F_POA_02_ASEReadCounter.table","NW_015090842.1:10180912",31,56,25
"TCF25","s954_F_POA_02_ASEReadCounter.table","NW_015090842.1:10180924",35,63,28
"TCF25","s954_F_POA_02_ASEReadCounter.table","NW_015090842.1:10180931",34,62,28
"TCF25","s954_F_POA_02_ASEReadCounter.table","NW_015090842.1:10185332",98,174,76
"TCF25","s954_F_POA_02_ASEReadCounter.table","NW_015090842.1:10188816",72,147,75
"MC1R","s954_F_POA_02_ASEReadCounter.table","NW_015090842.1:10202160",1,1,0
"DBNDD1","s954_F_POA_02_ASEReadCounter.table","NW_015090842.1:10223105",52,119,67
"GAS8","s954_F_POA_02_ASEReadCounter.table","NW_015090842.1:10228982",14,29,15
"GAS8","s954_F_POA_02_ASEReadCounter.table","NW_015090842.1:10229832",14,34,20
"GAS8","s954_F_POA_02_ASEReadCounter.table","NW_015090842.1:10232375",15,41,26
"GAS8","s954_F_POA_02_ASEReadCounter.table","NW_015090842.1:10232901",33,52,19
"GAS8","s954_F_POA_02_ASEReadCounter.table","NW_015090842.1:10232928",28,47,19
"GAS8","s954_F_POA_02_ASEReadCounter.table","NW_015090842.1:10232967",26,49,23
"GAS8","s954_F_POA_02_ASEReadCounter.table","NW_015090842.1:10233032",19,40,21
"GAS8","s954_F_POA_02_ASEReadCounter.table","NW_015090842.1:10233057",17,39,22
"GAS8","s954_F_POA_02_ASEReadCounter.table","NW_015090842.1:10233058",17,38,21
"GAS8","s954_F_POA_02_ASEReadCounter.table","NW_015090842.1:10233176",12,24,12
"GAS8","s954_F_POA_02_ASEReadCounter.table","NW_015090842.1:10233196",12,22,10
"GAS8","s954_F_POA_02_ASEReadCounter.table","NW_015090842.1:10233252",9,18,9
"GAS8","s954_F_POA_02_ASEReadCounter.table","NW_015090842.1:10233303",4,8,4
"LOC106888094","s954_F_POA_02_ASEReadCounter.table","NW_015090842.1:10233334",1,6,5
"LOC106888094","s954_F_POA_02_ASEReadCounter.table","NW_015090842.1:10233362",5,19,14
"LOC106888094","s954_F_POA_02_ASEReadCounter.table","NW_015090842.1:10233373",5,19,14
"LOC106888094","s954_F_POA_02_ASEReadCounter.table","NW_015090842.1:10233388",7,22,15
"LOC106888094","s954_F_POA_02_ASEReadCounter.table","NW_015090842.1:10233402",8,20,12
"LOC106888094","s954_F_POA_02_ASEReadCounter.table","NW_015090842.1:10233465",11,25,14
"LOC106888094","s954_F_POA_02_ASEReadCounter.table","NW_015090842.1:10233803",12,37,25
"LOC106888094","s954_F_POA_02_ASEReadCounter.table","NW_015090842.1:10233815",8,29,21
"LOC106888094","s954_F_POA_02_ASEReadCounter.table","NW_015090842.1:10235484",2,4,2
"LOC106888094","s954_F_POA_02_ASEReadCounter.table","NW_015090842.1:10235611",0,3,3
"LOC106888094","s954_F_POA_02_ASEReadCounter.table","NW_015090842.1:10236098",0,1,1
"LOC106888094","s954_F_POA_02_ASEReadCounter.table","NW_015090842.1:10236161",1,2,1
"LOC106888173","s954_F_POA_02_ASEReadCounter.table","NW_015090842.1:10239596",0,6,6
"LOC106888173","s954_F_POA_02_ASEReadCounter.table","NW_015090842.1:10240036",2,12,10
"LOC106888173","s954_F_POA_02_ASEReadCounter.table","NW_015090842.1:10240095",2,14,12
"LOC106888173","s954_F_POA_02_ASEReadCounter.table","NW_015090842.1:10240280",1,15,14
"LOC106888173","s954_F_POA_02_ASEReadCounter.table","NW_015090842.1:10240557",6,24,18
"LOC106888173","s954_F_POA_02_ASEReadCounter.table","NW_015090842.1:10240603",5,27,22
"LOC106888173","s954_F_POA_02_ASEReadCounter.table","NW_015090842.1:10240609",5,28,23
"LOC106888173","s954_F_POA_02_ASEReadCounter.table","NW_015090842.1:10240690",7,30,23
"LOC106888173","s954_F_POA_02_ASEReadCounter.table","NW_015090842.1:10240924",1,23,22
"LOC106888173","s954_F_POA_02_ASEReadCounter.table","NW_015090842.1:10241037",0,20,20
"LOC106888173","s954_F_POA_02_ASEReadCounter.table","NW_015090842.1:10241046",0,23,23
"LOC106888173","s954_F_POA_02_ASEReadCounter.table","NW_015090842.1:10241058",0,20,20
"LOC106888173","s954_F_POA_02_ASEReadCounter.table","NW_015090842.1:10241064",1,23,22
"LOC106888173","s954_F_POA_02_ASEReadCounter.table","NW_015090842.1:10241103",26,26,0
"LOC106888173","s954_F_POA_02_ASEReadCounter.table","NW_015090842.1:10241163",3,22,19
"LOC106888173","s954_F_POA_02_ASEReadCounter.table","NW_015090842.1:10241803",6,27,21
"LOC106888173","s954_F_POA_02_ASEReadCounter.table","NW_015090842.1:10241827",6,24,18
"LOC106888173","s954_F_POA_02_ASEReadCounter.table","NW_015090842.1:10241869",4,29,25
"LOC106888173","s954_F_POA_02_ASEReadCounter.table","NW_015090842.1:10242079",4,36,32
"LOC106888173","s954_F_POA_02_ASEReadCounter.table","NW_015090842.1:10242103",6,38,32
"LOC106888173","s954_F_POA_02_ASEReadCounter.table","NW_015090842.1:10242157",7,29,22
"LOC106888173","s954_F_POA_02_ASEReadCounter.table","NW_015090842.1:10242455",5,46,41
"LOC106888173","s954_F_POA_02_ASEReadCounter.table","NW_015090842.1:10242481",4,45,41
"LOC106888173","s954_F_POA_02_ASEReadCounter.table","NW_015090842.1:10242590",6,31,25
"LOC106888173","s954_F_POA_02_ASEReadCounter.table","NW_015090842.1:10242794",2,42,40
"LOC106888173","s954_F_POA_02_ASEReadCounter.table","NW_015090842.1:10242909",3,34,31
"LOC106888173","s954_F_POA_02_ASEReadCounter.table","NW_015090842.1:10243094",8,47,39
"LOC106888173","s954_F_POA_02_ASEReadCounter.table","NW_015090842.1:10243133",3,36,33
"LOC106888173","s954_F_POA_02_ASEReadCounter.table","NW_015090842.1:10243273",7,41,34
"LOC106888173","s954_F_POA_02_ASEReadCounter.table","NW_015090842.1:10243278",7,40,33
"LOC106888173","s954_F_POA_02_ASEReadCounter.table","NW_015090842.1:10243281",7,41,34
"LOC106888173","s954_F_POA_02_ASEReadCounter.table","NW_015090842.1:10243347",22,22,0
"LOC106888173","s954_F_POA_02_ASEReadCounter.table","NW_015090842.1:10243353",3,19,16
"LOC106888173","s954_F_POA_02_ASEReadCounter.table","NW_015090842.1:10243363",3,12,9
"LOC106888173","s954_F_POA_02_ASEReadCounter.table","NW_015090842.1:10243365",3,13,10
"LOC106888173","s954_F_POA_02_ASEReadCounter.table","NW_015090842.1:10243566",7,54,47
"LOC106888173","s954_F_POA_02_ASEReadCounter.table","NW_015090842.1:10243605",8,50,42
"LOC106888173","s954_F_POA_02_ASEReadCounter.table","NW_015090842.1:10243614",8,43,35
"LOC106888173","s954_F_POA_02_ASEReadCounter.table","NW_015090842.1:10243615",8,45,37
"LOC106888173","s954_F_POA_02_ASEReadCounter.table","NW_015090842.1:10243640",4,32,28
"LOC106888173","s954_F_POA_02_ASEReadCounter.table","NW_015090842.1:10243680",5,28,23
"LOC106888173","s954_F_POA_02_ASEReadCounter.table","NW_015090842.1:10243742",8,37,29
"LOC106888173","s954_F_POA_02_ASEReadCounter.table","NW_015090842.1:10243804",3,23,20
"LOC106888173","s954_F_POA_02_ASEReadCounter.table","NW_015090842.1:10243913",4,14,10
"LOC106888173","s954_F_POA_02_ASEReadCounter.table","NW_015090842.1:10243921",3,12,9
"LOC106888384","s954_F_POA_02_ASEReadCounter.table","NW_015090842.1:10251354",0,3,3
"LOC106888384","s954_F_POA_02_ASEReadCounter.table","NW_015090842.1:10251358",0,3,3
"LOC106888384","s954_F_POA_02_ASEReadCounter.table","NW_015090842.1:10251369",0,3,3
"LOC106888384","s954_F_POA_02_ASEReadCounter.table","NW_015090842.1:10251370",0,3,3
"LOC106888384","s954_F_POA_02_ASEReadCounter.table","NW_015090842.1:10251375",0,3,3
"LOC106888384","s954_F_POA_02_ASEReadCounter.table","NW_015090842.1:10251388",0,3,3
"LOC106888384","s954_F_POA_02_ASEReadCounter.table","NW_015090842.1:10251390",0,3,3
"LOC106888384","s954_F_POA_02_ASEReadCounter.table","NW_015090842.1:10251393",0,3,3
"LOC106888384","s954_F_POA_02_ASEReadCounter.table","NW_015090842.1:10251399",0,3,3
"LOC106888384","s954_F_POA_02_ASEReadCounter.table","NW_015090842.1:10251492",1,1,0
"LOC106888384","s954_F_POA_02_ASEReadCounter.table","NW_015090842.1:10254028",1,1,0
"LOC106888384","s954_F_POA_02_ASEReadCounter.table","NW_015090842.1:10254227",0,1,1
"LOC106888384","s954_F_POA_02_ASEReadCounter.table","NW_015090842.1:10254233",0,1,1
"LOC106888384","s954_F_POA_02_ASEReadCounter.table","NW_015090842.1:10254263",1,2,1
"LOC106888384","s954_F_POA_02_ASEReadCounter.table","NW_015090842.1:10254293",1,2,1
"LOC106888384","s954_F_POA_02_ASEReadCounter.table","NW_015090842.1:10254605",1,2,1
"LOC106888384","s954_F_POA_02_ASEReadCounter.table","NW_015090842.1:10254608",1,2,1
"LOC106888384","s954_F_POA_02_ASEReadCounter.table","NW_015090842.1:10254618",1,1,0
"LOC106888384","s954_F_POA_02_ASEReadCounter.table","NW_015090842.1:10254620",0,3,3
"LOC106888384","s954_F_POA_02_ASEReadCounter.table","NW_015090842.1:10254623",1,2,1
"LOC106888384","s954_F_POA_02_ASEReadCounter.table","NW_015090842.1:10254624",1,3,2
"LOC106888384","s954_F_POA_02_ASEReadCounter.table","NW_015090842.1:10254627",1,2,1
"LOC106888384","s954_F_POA_02_ASEReadCounter.table","NW_015090842.1:10254629",1,1,0
"LOC106888384","s954_F_POA_02_ASEReadCounter.table","NW_015090842.1:10254647",3,3,0
"LOC106888384","s954_F_POA_02_ASEReadCounter.table","NW_015090842.1:10254965",0,2,2
"LOC106888384","s954_F_POA_02_ASEReadCounter.table","NW_015090842.1:10254975",1,3,2
"LOC106888384","s954_F_POA_02_ASEReadCounter.table","NW_015090842.1:10255077",1,1,0
"LOC106888384","s954_F_POA_02_ASEReadCounter.table","NW_015090842.1:10255117",2,2,0
"LOC106888384","s954_F_POA_02_ASEReadCounter.table","NW_015090842.1:10255138",1,1,0
"LOC106888384","s954_F_POA_02_ASEReadCounter.table","NW_015090842.1:10255139",1,1,0
"LOC106888384","s954_F_POA_02_ASEReadCounter.table","NW_015090842.1:10255209",1,1,0
"LOC106888384","s954_F_POA_02_ASEReadCounter.table","NW_015090842.1:10255211",1,1,0
"LOC106888384","s954_F_POA_02_ASEReadCounter.table","NW_015090842.1:10255236",1,1,0
"LOC106888384","s954_F_POA_02_ASEReadCounter.table","NW_015090842.1:10255410",1,1,0
"LOC106888384","s954_F_POA_02_ASEReadCounter.table","NW_015090842.1:10255449",2,2,0
"LOC106888384","s954_F_POA_02_ASEReadCounter.table","NW_015090842.1:10255496",3,3,0
"LOC106888384","s954_F_POA_02_ASEReadCounter.table","NW_015090842.1:10255505",3,3,0
"LOC106888384","s954_F_POA_02_ASEReadCounter.table","NW_015090842.1:10255531",4,4,0
"LOC106888384","s954_F_POA_02_ASEReadCounter.table","NW_015090842.1:10255608",3,3,0
"LOC106888384","s954_F_POA_02_ASEReadCounter.table","NW_015090842.1:10255704",2,2,0
"LOC106888384","s954_F_POA_02_ASEReadCounter.table","NW_015090842.1:10255731",1,1,0
"TANGO6","s954_F_POA_02_ASEReadCounter.table","NW_015090842.1:10257782",9,17,8
"TANGO6","s954_F_POA_02_ASEReadCounter.table","NW_015090842.1:10258162",11,25,14
"TANGO6","s954_F_POA_02_ASEReadCounter.table","NW_015090842.1:10258185",12,26,14
"TANGO6","s954_F_POA_02_ASEReadCounter.table","NW_015090842.1:10259267",10,21,11
"TANGO6","s954_F_POA_02_ASEReadCounter.table","NW_015090842.1:10260250",30,62,32
"TANGO6","s954_F_POA_02_ASEReadCounter.table","NW_015090842.1:10260289",29,53,24
"TANGO6","s954_F_POA_02_ASEReadCounter.table","NW_015090842.1:10260309",21,41,20
"TANGO6","s954_F_POA_02_ASEReadCounter.table","NW_015090842.1:10260979",22,44,22
"TANGO6","s954_F_POA_02_ASEReadCounter.table","NW_015090842.1:10261599",23,40,17
"TANGO6","s954_F_POA_02_ASEReadCounter.table","NW_015090842.1:10268425",44,75,31
"TANGO6","s954_F_POA_02_ASEReadCounter.table","NW_015090842.1:10269831",30,55,25
"TANGO6","s954_F_POA_02_ASEReadCounter.table","NW_015090842.1:10270813",35,76,41
"TANGO6","s954_F_POA_02_ASEReadCounter.table","NW_015090842.1:10274018",17,43,26
"TANGO6","s954_F_POA_02_ASEReadCounter.table","NW_015090842.1:10275974",31,54,23
"TANGO6","s954_F_POA_02_ASEReadCounter.table","NW_015090842.1:10275976",31,54,23
"TANGO6","s954_F_POA_02_ASEReadCounter.table","NW_015090842.1:10276123",40,63,23
"TANGO6","s954_F_POA_02_ASEReadCounter.table","NW_015090842.1:10276271",32,55,23
"TANGO6","s954_F_POA_02_ASEReadCounter.table","NW_015090842.1:10276272",30,52,22
"TANGO6","s954_F_POA_02_ASEReadCounter.table","NW_015090842.1:10276275",36,56,20
"TANGO6","s954_F_POA_02_ASEReadCounter.table","NW_015090842.1:10276278",35,55,20
"TANGO6","s954_F_POA_02_ASEReadCounter.table","NW_015090842.1:10276368",28,46,18
"TANGO6","s954_F_POA_02_ASEReadCounter.table","NW_015090842.1:10276373",26,46,20
"TANGO6","s954_F_POA_02_ASEReadCounter.table","NW_015090842.1:10276630",34,56,22
"TANGO6","s954_F_POA_02_ASEReadCounter.table","NW_015090842.1:10281498",40,67,27
"TANGO6","s954_F_POA_02_ASEReadCounter.table","NW_015090842.1:10281516",44,77,33
"TANGO6","s954_F_POA_02_ASEReadCounter.table","NW_015090842.1:10282842",43,80,37
"TANGO6","s954_F_POA_02_ASEReadCounter.table","NW_015090842.1:10282863",34,65,31
"TANGO6","s954_F_POA_02_ASEReadCounter.table","NW_015090842.1:10282869",34,61,27
"TANGO6","s954_F_POA_02_ASEReadCounter.table","NW_015090842.1:10282903",32,60,28
"TANGO6","s954_F_POA_02_ASEReadCounter.table","NW_015090842.1:10283757",42,75,33
"TANGO6","s954_F_POA_02_ASEReadCounter.table","NW_015090842.1:10283785",44,80,36
"HAS3","s954_F_POA_02_ASEReadCounter.table","NW_015090842.1:10288093",1,2,1
"HAS3","s954_F_POA_02_ASEReadCounter.table","NW_015090842.1:10288266",1,2,1
"HAS3","s954_F_POA_02_ASEReadCounter.table","NW_015090842.1:10288274",1,2,1
"HAS3","s954_F_POA_02_ASEReadCounter.table","NW_015090842.1:10288364",1,2,1
"HAS3","s954_F_POA_02_ASEReadCounter.table","NW_015090842.1:10289269",1,2,1
"HAS3","s954_F_POA_02_ASEReadCounter.table","NW_015090842.1:10289272",1,2,1
"HAS3","s954_F_POA_02_ASEReadCounter.table","NW_015090842.1:10289469",1,1,0
"HAS3","s954_F_POA_02_ASEReadCounter.table","NW_015090842.1:10290375",0,1,1
"HAS3","s954_F_POA_02_ASEReadCounter.table","NW_015090842.1:10290395",0,1,1
"HAS3","s954_F_POA_02_ASEReadCounter.table","NW_015090842.1:10290439",2,2,0
"HAS3","s954_F_POA_02_ASEReadCounter.table","NW_015090842.1:10290561",1,2,1
"HAS3","s954_F_POA_02_ASEReadCounter.table","NW_015090842.1:10290609",2,3,1
"HAS3","s954_F_POA_02_ASEReadCounter.table","NW_015090842.1:10290666",1,1,0
"HAS3","s954_F_POA_02_ASEReadCounter.table","NW_015090842.1:10290927",1,5,4
"HAS3","s954_F_POA_02_ASEReadCounter.table","NW_015090842.1:10291004",1,3,2
"CHTF8","s954_F_POA_02_ASEReadCounter.table","NW_015090842.1:10291319",3,8,5
"CHTF8","s954_F_POA_02_ASEReadCounter.table","NW_015090842.1:10291491",6,9,3
"CHTF8","s954_F_POA_02_ASEReadCounter.table","NW_015090842.1:10291520",6,12,6
"CHTF8","s954_F_POA_02_ASEReadCounter.table","NW_015090842.1:10291593",4,16,12
"CHTF8","s954_F_POA_02_ASEReadCounter.table","NW_015090842.1:10291600",4,16,12
"CHTF8","s954_F_POA_02_ASEReadCounter.table","NW_015090842.1:10291609",5,15,10
"CHTF8","s954_F_POA_02_ASEReadCounter.table","NW_015090842.1:10291639",6,13,7
"CHTF8","s954_F_POA_02_ASEReadCounter.table","NW_015090842.1:10291641",6,13,7
"CHTF8","s954_F_POA_02_ASEReadCounter.table","NW_015090842.1:10291648",7,15,8
"CHTF8","s954_F_POA_02_ASEReadCounter.table","NW_015090842.1:10291656",7,14,7
"CHTF8","s954_F_POA_02_ASEReadCounter.table","NW_015090842.1:10291675",7,13,6
"CHTF8","s954_F_POA_02_ASEReadCounter.table","NW_015090842.1:10291696",8,14,6
"CHTF8","s954_F_POA_02_ASEReadCounter.table","NW_015090842.1:10291714",6,15,9
"CHTF8","s954_F_POA_02_ASEReadCounter.table","NW_015090842.1:10291732",11,21,10
"CHTF8","s954_F_POA_02_ASEReadCounter.table","NW_015090842.1:10291755",10,18,8
"CHTF8","s954_F_POA_02_ASEReadCounter.table","NW_015090842.1:10291756",10,19,9
"CHTF8","s954_F_POA_02_ASEReadCounter.table","NW_015090842.1:10291758",10,20,10
"CHTF8","s954_F_POA_02_ASEReadCounter.table","NW_015090842.1:10291792",12,21,9
"CHTF8","s954_F_POA_02_ASEReadCounter.table","NW_015090842.1:10291895",9,16,7
"CHTF8","s954_F_POA_02_ASEReadCounter.table","NW_015090842.1:10292132",7,16,9
"CHTF8","s954_F_POA_02_ASEReadCounter.table","NW_015090842.1:10292314",8,12,4
"CHTF8","s954_F_POA_02_ASEReadCounter.table","NW_015090842.1:10292317",8,12,4
"CHTF8","s954_F_POA_02_ASEReadCounter.table","NW_015090842.1:10292928",1,4,3
"UTP4","s954_F_POA_02_ASEReadCounter.table","NW_015090842.1:10293146",9,28,19
"UTP4","s954_F_POA_02_ASEReadCounter.table","NW_015090842.1:10293151",9,28,19
"UTP4","s954_F_POA_02_ASEReadCounter.table","NW_015090842.1:10293191",7,21,14
"UTP4","s954_F_POA_02_ASEReadCounter.table","NW_015090842.1:10293362",12,27,15
"UTP4","s954_F_POA_02_ASEReadCounter.table","NW_015090842.1:10293430",15,30,15
"UTP4","s954_F_POA_02_ASEReadCounter.table","NW_015090842.1:10293625",14,28,14
"UTP4","s954_F_POA_02_ASEReadCounter.table","NW_015090842.1:10293684",12,25,13
"UTP4","s954_F_POA_02_ASEReadCounter.table","NW_015090842.1:10294093",22,29,7
"UTP4","s954_F_POA_02_ASEReadCounter.table","NW_015090842.1:10294622",18,37,19
"UTP4","s954_F_POA_02_ASEReadCounter.table","NW_015090842.1:10294632",17,36,19
"UTP4","s954_F_POA_02_ASEReadCounter.table","NW_015090842.1:10295238",16,38,22
"UTP4","s954_F_POA_02_ASEReadCounter.table","NW_015090842.1:10295880",19,43,24
"UTP4","s954_F_POA_02_ASEReadCounter.table","NW_015090842.1:10295884",18,42,24
"UTP4","s954_F_POA_02_ASEReadCounter.table","NW_015090842.1:10295903",13,36,23
"UTP4","s954_F_POA_02_ASEReadCounter.table","NW_015090842.1:10295906",13,37,24
"UTP4","s954_F_POA_02_ASEReadCounter.table","NW_015090842.1:10295915",15,40,25
"UTP4","s954_F_POA_02_ASEReadCounter.table","NW_015090842.1:10295938",14,33,19
"UTP4","s954_F_POA_02_ASEReadCounter.table","NW_015090842.1:10296175",23,45,22
"UTP4","s954_F_POA_02_ASEReadCounter.table","NW_015090842.1:10296660",21,42,21
"UTP4","s954_F_POA_02_ASEReadCounter.table","NW_015090842.1:10296679",21,39,18
"UTP4","s954_F_POA_02_ASEReadCounter.table","NW_015090842.1:10297193",21,45,24
"UTP4","s954_F_POA_02_ASEReadCounter.table","NW_015090842.1:10297220",19,54,35
"UTP4","s954_F_POA_02_ASEReadCounter.table","NW_015090842.1:10297307",26,52,26
"UTP4","s954_F_POA_02_ASEReadCounter.table","NW_015090842.1:10297558",18,45,27
"UTP4","s954_F_POA_02_ASEReadCounter.table","NW_015090842.1:10297943",19,45,26
"UTP4","s954_F_POA_02_ASEReadCounter.table","NW_015090842.1:10297979",9,35,26
"UTP4","s954_F_POA_02_ASEReadCounter.table","NW_015090842.1:10298022",11,31,20
"UTP4","s954_F_POA_02_ASEReadCounter.table","NW_015090842.1:10298079",1,11,10
"UTP4","s954_F_POA_02_ASEReadCounter.table","NW_015090842.1:10298081",1,10,9
"UTP4","s954_F_POA_02_ASEReadCounter.table","NW_015090842.1:10298082",0,8,8
"SNTB2","s954_F_POA_02_ASEReadCounter.table","NW_015090842.1:10298905",0,1,1
"SNTB2","s954_F_POA_02_ASEReadCounter.table","NW_015090842.1:10298928",1,2,1
"SNTB2","s954_F_POA_02_ASEReadCounter.table","NW_015090842.1:10303506",6,8,2
"SNTB2","s954_F_POA_02_ASEReadCounter.table","NW_015090842.1:10303524",5,7,2
"SNTB2","s954_F_POA_02_ASEReadCounter.table","NW_015090842.1:10304059",5,6,1
"SNTB2","s954_F_POA_02_ASEReadCounter.table","NW_015090842.1:10304089",7,10,3
"SNTB2","s954_F_POA_02_ASEReadCounter.table","NW_015090842.1:10304167",3,10,7
"SNTB2","s954_F_POA_02_ASEReadCounter.table","NW_015090842.1:10304176",2,8,6
"SNTB2","s954_F_POA_02_ASEReadCounter.table","NW_015090842.1:10305069",1,6,5
"SNTB2","s954_F_POA_02_ASEReadCounter.table","NW_015090842.1:10305099",1,7,6
"SNTB2","s954_F_POA_02_ASEReadCounter.table","NW_015090842.1:10305171",7,10,3
"SNTB2","s954_F_POA_02_ASEReadCounter.table","NW_015090842.1:10305177",7,11,4
"SNTB2","s954_F_POA_02_ASEReadCounter.table","NW_015090842.1:10305451",3,9,6
"SNTB2","s954_F_POA_02_ASEReadCounter.table","NW_015090842.1:10305547",2,5,3
"SNTB2","s954_F_POA_02_ASEReadCounter.table","NW_015090842.1:10305847",3,8,5
"SNTB2","s954_F_POA_02_ASEReadCounter.table","NW_015090842.1:10306173",3,7,4
"SNTB2","s954_F_POA_02_ASEReadCounter.table","NW_015090842.1:10306275",5,7,2
"SNTB2","s954_F_POA_02_ASEReadCounter.table","NW_015090842.1:10306457",4,5,1
"SNTB2","s954_F_POA_02_ASEReadCounter.table","NW_015090842.1:10306496",3,6,3
"SNTB2","s954_F_POA_02_ASEReadCounter.table","NW_015090842.1:10306499",3,5,2
"VPS4A","s954_F_POA_02_ASEReadCounter.table","NW_015090842.1:10308566",76,154,78
"VPS4A","s954_F_POA_02_ASEReadCounter.table","NW_015090842.1:10308573",80,160,80
"VPS4A","s954_F_POA_02_ASEReadCounter.table","NW_015090842.1:10308856",118,274,156
"VPS4A","s954_F_POA_02_ASEReadCounter.table","NW_015090842.1:10309056",169,338,169
"VPS4A","s954_F_POA_02_ASEReadCounter.table","NW_015090842.1:10309089",182,357,175
"VPS4A","s954_F_POA_02_ASEReadCounter.table","NW_015090842.1:10309392",172,311,139
"VPS4A","s954_F_POA_02_ASEReadCounter.table","NW_015090842.1:10309413",179,331,152
"VPS4A","s954_F_POA_02_ASEReadCounter.table","NW_015090842.1:10309467",174,358,184
"VPS4A","s954_F_POA_02_ASEReadCounter.table","NW_015090842.1:10310230",194,396,202
"VPS4A","s954_F_POA_02_ASEReadCounter.table","NW_015090842.1:10310425",177,361,184
"VPS4A","s954_F_POA_02_ASEReadCounter.table","NW_015090842.1:10310639",231,432,201
"VPS4A","s954_F_POA_02_ASEReadCounter.table","NW_015090842.1:10310734",154,341,187
"VPS4A","s954_F_POA_02_ASEReadCounter.table","NW_015090842.1:10310737",164,355,191
"VPS4A","s954_F_POA_02_ASEReadCounter.table","NW_015090842.1:10310746",166,357,191
"VPS4A","s954_F_POA_02_ASEReadCounter.table","NW_015090842.1:10310767",196,385,189
"VPS4A","s954_F_POA_02_ASEReadCounter.table","NW_015090842.1:10310995",154,308,154
"VPS4A","s954_F_POA_02_ASEReadCounter.table","NW_015090842.1:10311004",163,318,155
"VPS4A","s954_F_POA_02_ASEReadCounter.table","NW_015090842.1:10311007",171,333,162
"VPS4A","s954_F_POA_02_ASEReadCounter.table","NW_015090842.1:10311013",176,340,164
"VPS4A","s954_F_POA_02_ASEReadCounter.table","NW_015090842.1:10311022",167,323,156
"VPS4A","s954_F_POA_02_ASEReadCounter.table","NW_015090842.1:10311023",168,328,160
"VPS4A","s954_F_POA_02_ASEReadCounter.table","NW_015090842.1:10311426",181,390,209
"VPS4A","s954_F_POA_02_ASEReadCounter.table","NW_015090842.1:10311489",3,9,6
"VPS4A","s954_F_POA_02_ASEReadCounter.table","NW_015090842.1:10311490",4,8,4
"VPS4A","s954_F_POA_02_ASEReadCounter.table","NW_015090842.1:10311525",5,11,6
"VPS4A","s954_F_POA_02_ASEReadCounter.table","NW_015090842.1:10311529",6,20,14
"VPS4A","s954_F_POA_02_ASEReadCounter.table","NW_015090842.1:10311530",6,23,17
"VPS4A","s954_F_POA_02_ASEReadCounter.table","NW_015090842.1:10311552",34,59,25
"VPS4A","s954_F_POA_02_ASEReadCounter.table","NW_015090842.1:10311689",23,66,43
"VPS4A","s954_F_POA_02_ASEReadCounter.table","NW_015090842.1:10311700",30,70,40
"VPS4A","s954_F_POA_02_ASEReadCounter.table","NW_015090842.1:10311701",31,74,43
"VPS4A","s954_F_POA_02_ASEReadCounter.table","NW_015090842.1:10311703",31,74,43
"COG8","s954_F_POA_02_ASEReadCounter.table","NW_015090842.1:10313487",20,40,20
"COG8","s954_F_POA_02_ASEReadCounter.table","NW_015090842.1:10313559",32,62,30
"COG8","s954_F_POA_02_ASEReadCounter.table","NW_015090842.1:10313579",32,60,28
"COG8","s954_F_POA_02_ASEReadCounter.table","NW_015090842.1:10313665",31,58,27
"COG8","s954_F_POA_02_ASEReadCounter.table","NW_015090842.1:10313681",29,59,30
"COG8","s954_F_POA_02_ASEReadCounter.table","NW_015090842.1:10313768",41,74,33
"COG8","s954_F_POA_02_ASEReadCounter.table","NW_015090842.1:10313775",41,77,36
"COG8","s954_F_POA_02_ASEReadCounter.table","NW_015090842.1:10313811",37,66,29
"COG8","s954_F_POA_02_ASEReadCounter.table","NW_015090842.1:10313858",29,52,23
"COG8","s954_F_POA_02_ASEReadCounter.table","NW_015090842.1:10314100",42,76,34
"COG8","s954_F_POA_02_ASEReadCounter.table","NW_015090842.1:10314213",31,49,18
"COG8","s954_F_POA_02_ASEReadCounter.table","NW_015090842.1:10315093",24,36,12
"COG8","s954_F_POA_02_ASEReadCounter.table","NW_015090842.1:10315162",28,51,23
"COG8","s954_F_POA_02_ASEReadCounter.table","NW_015090842.1:10315285",25,49,24
"COG8","s954_F_POA_02_ASEReadCounter.table","NW_015090842.1:10315360",25,54,29
"COG8","s954_F_POA_02_ASEReadCounter.table","NW_015090842.1:10315369",23,51,28
"COG8","s954_F_POA_02_ASEReadCounter.table","NW_015090842.1:10315504",14,30,16
"COG8","s954_F_POA_02_ASEReadCounter.table","NW_015090842.1:10315508",15,32,17
"COG8","s954_F_POA_02_ASEReadCounter.table","NW_015090842.1:10315624",16,44,28
"COG8","s954_F_POA_02_ASEReadCounter.table","NW_015090842.1:10315693",13,39,26
"COG8","s954_F_POA_02_ASEReadCounter.table","NW_015090842.1:10315698",14,38,24
"COG8","s954_F_POA_02_ASEReadCounter.table","NW_015090842.1:10315768",18,42,24
"COG8","s954_F_POA_02_ASEReadCounter.table","NW_015090842.1:10315769",18,42,24
"COG8","s954_F_POA_02_ASEReadCounter.table","NW_015090842.1:10315784",18,37,19
"COG8","s954_F_POA_02_ASEReadCounter.table","NW_015090842.1:10316093",17,34,17
"COG8","s954_F_POA_02_ASEReadCounter.table","NW_015090842.1:10316133",9,27,18
"NIP7","s954_F_POA_02_ASEReadCounter.table","NW_015090842.1:10316759",16,47,31
"NIP7","s954_F_POA_02_ASEReadCounter.table","NW_015090842.1:10316967",116,245,129
"NIP7","s954_F_POA_02_ASEReadCounter.table","NW_015090842.1:10316995",139,271,132
"NIP7","s954_F_POA_02_ASEReadCounter.table","NW_015090842.1:10317240",193,349,156
"NIP7","s954_F_POA_02_ASEReadCounter.table","NW_015090842.1:10317247",187,332,145
"NIP7","s954_F_POA_02_ASEReadCounter.table","NW_015090842.1:10317264",180,317,137
"NIP7","s954_F_POA_02_ASEReadCounter.table","NW_015090842.1:10317433",210,414,204
"NIP7","s954_F_POA_02_ASEReadCounter.table","NW_015090842.1:10317738",145,304,159
"NIP7","s954_F_POA_02_ASEReadCounter.table","NW_015090842.1:10317769",154,314,160
"NIP7","s954_F_POA_02_ASEReadCounter.table","NW_015090842.1:10317808",82,207,125
"NIP7","s954_F_POA_02_ASEReadCounter.table","NW_015090842.1:10317870",48,151,103
"NIP7","s954_F_POA_02_ASEReadCounter.table","NW_015090842.1:10317871",48,149,101
"NIP7","s954_F_POA_02_ASEReadCounter.table","NW_015090842.1:10317898",32,95,63
"NIP7","s954_F_POA_02_ASEReadCounter.table","NW_015090842.1:10317911",30,77,47
"TMED6","s954_F_POA_02_ASEReadCounter.table","NW_015090842.1:10318731",1,2,1
"TERF2","s954_F_POA_02_ASEReadCounter.table","NW_015090842.1:10321665",18,18,0
"TERF2","s954_F_POA_02_ASEReadCounter.table","NW_015090842.1:10321768",26,53,27
"TERF2","s954_F_POA_02_ASEReadCounter.table","NW_015090842.1:10321777",23,50,27
"TERF2","s954_F_POA_02_ASEReadCounter.table","NW_015090842.1:10321805",22,57,35
"TERF2","s954_F_POA_02_ASEReadCounter.table","NW_015090842.1:10321878",43,95,52
"TERF2","s954_F_POA_02_ASEReadCounter.table","NW_015090842.1:10321893",4,90,86
"TERF2","s954_F_POA_02_ASEReadCounter.table","NW_015090842.1:10321897",34,82,48
"TERF2","s954_F_POA_02_ASEReadCounter.table","NW_015090842.1:10321908",30,77,47
"TERF2","s954_F_POA_02_ASEReadCounter.table","NW_015090842.1:10322001",53,109,56
"TERF2","s954_F_POA_02_ASEReadCounter.table","NW_015090842.1:10322035",49,103,54
"TERF2","s954_F_POA_02_ASEReadCounter.table","NW_015090842.1:10322051",52,111,59
"TERF2","s954_F_POA_02_ASEReadCounter.table","NW_015090842.1:10322137",42,83,41
"TERF2","s954_F_POA_02_ASEReadCounter.table","NW_015090842.1:10322144",37,72,35
"TERF2","s954_F_POA_02_ASEReadCounter.table","NW_015090842.1:10322388",29,81,52
"TERF2","s954_F_POA_02_ASEReadCounter.table","NW_015090842.1:10322396",30,75,45
"TERF2","s954_F_POA_02_ASEReadCounter.table","NW_015090842.1:10322502",40,94,54
"TERF2","s954_F_POA_02_ASEReadCounter.table","NW_015090842.1:10322504",38,94,56
"TERF2","s954_F_POA_02_ASEReadCounter.table","NW_015090842.1:10322510",41,101,60
"TERF2","s954_F_POA_02_ASEReadCounter.table","NW_015090842.1:10323580",42,93,51
"TERF2","s954_F_POA_02_ASEReadCounter.table","NW_015090842.1:10324314",30,82,52
"TERF2","s954_F_POA_02_ASEReadCounter.table","NW_015090842.1:10326832",25,65,40
"TERF2","s954_F_POA_02_ASEReadCounter.table","NW_015090842.1:10327787",22,47,25
"TERF2","s954_F_POA_02_ASEReadCounter.table","NW_015090842.1:10328588",27,48,21
"TERF2","s954_F_POA_02_ASEReadCounter.table","NW_015090842.1:10328644",18,37,19
"TERF2","s954_F_POA_02_ASEReadCounter.table","NW_015090842.1:10329813",22,37,15
"TERF2","s954_F_POA_02_ASEReadCounter.table","NW_015090842.1:10330749",19,37,18
"TERF2","s954_F_POA_02_ASEReadCounter.table","NW_015090842.1:10330789",20,40,20
"CYB5B","s954_F_POA_02_ASEReadCounter.table","NW_015090842.1:10336595",1,12,11
"CYB5B","s954_F_POA_02_ASEReadCounter.table","NW_015090842.1:10336667",55,96,41
"CYB5B","s954_F_POA_02_ASEReadCounter.table","NW_015090842.1:10336689",74,124,50
"CYB5B","s954_F_POA_02_ASEReadCounter.table","NW_015090842.1:10336728",113,198,85
"CYB5B","s954_F_POA_02_ASEReadCounter.table","NW_015090842.1:10345068",98,201,103
"CYB5B","s954_F_POA_02_ASEReadCounter.table","NW_015090842.1:10348800",142,291,149
"CYB5B","s954_F_POA_02_ASEReadCounter.table","NW_015090842.1:10348888",103,244,141
"CYB5B","s954_F_POA_02_ASEReadCounter.table","NW_015090842.1:10349046",139,266,127
"CYB5B","s954_F_POA_02_ASEReadCounter.table","NW_015090842.1:10349119",82,212,130
"CYB5B","s954_F_POA_02_ASEReadCounter.table","NW_015090842.1:10349146",48,173,125
"CYB5B","s954_F_POA_02_ASEReadCounter.table","NW_015090842.1:10349157",81,207,126
