"gene","id","snp","ref_count","total_count","alt_count"
"CENPN","s954_F_TNA_03_ASEReadCounter.table","NW_015090842.1:5801612",0,2,2
"CENPN","s954_F_TNA_03_ASEReadCounter.table","NW_015090842.1:5801618",0,2,2
"CENPN","s954_F_TNA_03_ASEReadCounter.table","NW_015090842.1:5801623",0,2,2
"CENPN","s954_F_TNA_03_ASEReadCounter.table","NW_015090842.1:5801631",0,2,2
"CENPN","s954_F_TNA_03_ASEReadCounter.table","NW_015090842.1:5801632",0,2,2
"CENPN","s954_F_TNA_03_ASEReadCounter.table","NW_015090842.1:5801655",0,2,2
"CENPN","s954_F_TNA_03_ASEReadCounter.table","NW_015090842.1:5801662",0,2,2
"CENPN","s954_F_TNA_03_ASEReadCounter.table","NW_015090842.1:5801670",0,2,2
"CENPN","s954_F_TNA_03_ASEReadCounter.table","NW_015090842.1:5801674",0,2,2
"CENPN","s954_F_TNA_03_ASEReadCounter.table","NW_015090842.1:5801692",0,3,3
"CENPN","s954_F_TNA_03_ASEReadCounter.table","NW_015090842.1:5801697",0,3,3
"CENPN","s954_F_TNA_03_ASEReadCounter.table","NW_015090842.1:5802008",0,1,1
"CENPN","s954_F_TNA_03_ASEReadCounter.table","NW_015090842.1:5802012",0,1,1
"CENPN","s954_F_TNA_03_ASEReadCounter.table","NW_015090842.1:5802087",1,3,2
"CENPN","s954_F_TNA_03_ASEReadCounter.table","NW_015090842.1:5810113",3,3,0
"CENPN","s954_F_TNA_03_ASEReadCounter.table","NW_015090842.1:5810147",5,5,0
"CENPN","s954_F_TNA_03_ASEReadCounter.table","NW_015090842.1:5810148",5,5,0
"ATMIN","s954_F_TNA_03_ASEReadCounter.table","NW_015090842.1:5818789",4,7,3
"ATMIN","s954_F_TNA_03_ASEReadCounter.table","NW_015090842.1:5819958",5,10,5
"ATMIN","s954_F_TNA_03_ASEReadCounter.table","NW_015090842.1:5820004",7,12,5
"ATMIN","s954_F_TNA_03_ASEReadCounter.table","NW_015090842.1:5820217",3,8,5
"ATMIN","s954_F_TNA_03_ASEReadCounter.table","NW_015090842.1:5820250",3,3,0
"ATMIN","s954_F_TNA_03_ASEReadCounter.table","NW_015090842.1:5820298",3,4,1
"ATMIN","s954_F_TNA_03_ASEReadCounter.table","NW_015090842.1:5820417",5,8,3
"ATMIN","s954_F_TNA_03_ASEReadCounter.table","NW_015090842.1:5820421",5,8,3
"ATMIN","s954_F_TNA_03_ASEReadCounter.table","NW_015090842.1:5820448",4,8,4
"ATMIN","s954_F_TNA_03_ASEReadCounter.table","NW_015090842.1:5820457",2,6,4
"ATMIN","s954_F_TNA_03_ASEReadCounter.table","NW_015090842.1:5820510",3,7,4
"ATMIN","s954_F_TNA_03_ASEReadCounter.table","NW_015090842.1:5820673",3,6,3
"ATMIN","s954_F_TNA_03_ASEReadCounter.table","NW_015090842.1:5820754",5,11,6
"ATMIN","s954_F_TNA_03_ASEReadCounter.table","NW_015090842.1:5820820",6,12,6
"ATMIN","s954_F_TNA_03_ASEReadCounter.table","NW_015090842.1:5820865",7,10,3
"ATMIN","s954_F_TNA_03_ASEReadCounter.table","NW_015090842.1:5820889",7,9,2
"ATMIN","s954_F_TNA_03_ASEReadCounter.table","NW_015090842.1:5820891",7,9,2
"ATMIN","s954_F_TNA_03_ASEReadCounter.table","NW_015090842.1:5820997",9,11,2
"ATMIN","s954_F_TNA_03_ASEReadCounter.table","NW_015090842.1:5821063",4,7,3
"ATMIN","s954_F_TNA_03_ASEReadCounter.table","NW_015090842.1:5821132",3,9,6
"ATMIN","s954_F_TNA_03_ASEReadCounter.table","NW_015090842.1:5821645",10,23,13
"ATMIN","s954_F_TNA_03_ASEReadCounter.table","NW_015090842.1:5825066",10,19,9
"ATMIN","s954_F_TNA_03_ASEReadCounter.table","NW_015090842.1:5825106",13,22,9
"ATMIN","s954_F_TNA_03_ASEReadCounter.table","NW_015090842.1:5825122",14,22,8
"ATMIN","s954_F_TNA_03_ASEReadCounter.table","NW_015090842.1:5825178",18,26,8
"ATMIN","s954_F_TNA_03_ASEReadCounter.table","NW_015090842.1:5825194",16,23,7
"ATMIN","s954_F_TNA_03_ASEReadCounter.table","NW_015090842.1:5825195",16,23,7
"ATMIN","s954_F_TNA_03_ASEReadCounter.table","NW_015090842.1:5825220",13,23,10
"ATMIN","s954_F_TNA_03_ASEReadCounter.table","NW_015090842.1:5825240",17,29,12
"ATMIN","s954_F_TNA_03_ASEReadCounter.table","NW_015090842.1:5825303",26,46,20
"ATMIN","s954_F_TNA_03_ASEReadCounter.table","NW_015090842.1:5825304",26,48,22
"ATMIN","s954_F_TNA_03_ASEReadCounter.table","NW_015090842.1:5825310",26,48,22
"ATMIN","s954_F_TNA_03_ASEReadCounter.table","NW_015090842.1:5825406",22,42,20
"ATMIN","s954_F_TNA_03_ASEReadCounter.table","NW_015090842.1:5825415",22,41,19
"ATMIN","s954_F_TNA_03_ASEReadCounter.table","NW_015090842.1:5825438",25,46,21
"ATMIN","s954_F_TNA_03_ASEReadCounter.table","NW_015090842.1:5825485",33,52,19
"ATMIN","s954_F_TNA_03_ASEReadCounter.table","NW_015090842.1:5825524",36,54,18
"ATMIN","s954_F_TNA_03_ASEReadCounter.table","NW_015090842.1:5825557",29,46,17
"ATMIN","s954_F_TNA_03_ASEReadCounter.table","NW_015090842.1:5825571",28,47,19
"ATMIN","s954_F_TNA_03_ASEReadCounter.table","NW_015090842.1:5825579",27,46,19
"ATMIN","s954_F_TNA_03_ASEReadCounter.table","NW_015090842.1:5825590",19,34,15
"ATMIN","s954_F_TNA_03_ASEReadCounter.table","NW_015090842.1:5825689",31,57,26
"ATMIN","s954_F_TNA_03_ASEReadCounter.table","NW_015090842.1:5825703",34,63,29
"ATMIN","s954_F_TNA_03_ASEReadCounter.table","NW_015090842.1:5825787",28,53,25
"ATMIN","s954_F_TNA_03_ASEReadCounter.table","NW_015090842.1:5825833",30,57,27
"ATMIN","s954_F_TNA_03_ASEReadCounter.table","NW_015090842.1:5825841",29,55,26
"ATMIN","s954_F_TNA_03_ASEReadCounter.table","NW_015090842.1:5825895",31,60,29
"ATMIN","s954_F_TNA_03_ASEReadCounter.table","NW_015090842.1:5825984",16,43,27
"ATMIN","s954_F_TNA_03_ASEReadCounter.table","NW_015090842.1:5826162",40,74,34
"ATMIN","s954_F_TNA_03_ASEReadCounter.table","NW_015090842.1:5826194",48,86,38
"ATMIN","s954_F_TNA_03_ASEReadCounter.table","NW_015090842.1:5826235",46,83,37
"ATMIN","s954_F_TNA_03_ASEReadCounter.table","NW_015090842.1:5826245",47,85,38
"ATMIN","s954_F_TNA_03_ASEReadCounter.table","NW_015090842.1:5826335",14,35,21
"ATMIN","s954_F_TNA_03_ASEReadCounter.table","NW_015090842.1:5826417",28,55,27
"ATMIN","s954_F_TNA_03_ASEReadCounter.table","NW_015090842.1:5826431",24,60,36
"ATMIN","s954_F_TNA_03_ASEReadCounter.table","NW_015090842.1:5826438",29,57,28
"ATMIN","s954_F_TNA_03_ASEReadCounter.table","NW_015090842.1:5826463",29,78,49
"ATMIN","s954_F_TNA_03_ASEReadCounter.table","NW_015090842.1:5826502",29,82,53
"ATMIN","s954_F_TNA_03_ASEReadCounter.table","NW_015090842.1:5826511",28,85,57
"ATMIN","s954_F_TNA_03_ASEReadCounter.table","NW_015090842.1:5826659",33,67,34
"ATMIN","s954_F_TNA_03_ASEReadCounter.table","NW_015090842.1:5826701",48,82,34
"ATMIN","s954_F_TNA_03_ASEReadCounter.table","NW_015090842.1:5826702",45,78,33
"ATMIN","s954_F_TNA_03_ASEReadCounter.table","NW_015090842.1:5826732",58,100,42
"ATMIN","s954_F_TNA_03_ASEReadCounter.table","NW_015090842.1:5826745",51,94,43
"ATMIN","s954_F_TNA_03_ASEReadCounter.table","NW_015090842.1:5826835",52,92,40
"ATMIN","s954_F_TNA_03_ASEReadCounter.table","NW_015090842.1:5826942",34,92,58
"ATMIN","s954_F_TNA_03_ASEReadCounter.table","NW_015090842.1:5827193",65,139,74
"ATMIN","s954_F_TNA_03_ASEReadCounter.table","NW_015090842.1:5827196",65,139,74
"ATMIN","s954_F_TNA_03_ASEReadCounter.table","NW_015090842.1:5827269",61,122,61
"ATMIN","s954_F_TNA_03_ASEReadCounter.table","NW_015090842.1:5827315",50,99,49
"ATMIN","s954_F_TNA_03_ASEReadCounter.table","NW_015090842.1:5827316",49,98,49
"ATMIN","s954_F_TNA_03_ASEReadCounter.table","NW_015090842.1:5827333",42,88,46
"PPP1R3E","s954_F_TNA_03_ASEReadCounter.table","NW_015090842.1:5837733",4,4,0
"PPP1R3E","s954_F_TNA_03_ASEReadCounter.table","NW_015090842.1:5837947",5,6,1
"PKD1L2","s954_F_TNA_03_ASEReadCounter.table","NW_015090842.1:5867509",0,1,1
"PKD1L2","s954_F_TNA_03_ASEReadCounter.table","NW_015090842.1:5867675",2,2,0
"PKD1L2","s954_F_TNA_03_ASEReadCounter.table","NW_015090842.1:5867788",1,2,1
"PKD1L2","s954_F_TNA_03_ASEReadCounter.table","NW_015090842.1:5867843",1,1,0
"BCO1","s954_F_TNA_03_ASEReadCounter.table","NW_015090842.1:5915610",1,2,1
"BCO1","s954_F_TNA_03_ASEReadCounter.table","NW_015090842.1:5915646",1,1,0
"BCO1","s954_F_TNA_03_ASEReadCounter.table","NW_015090842.1:5917912",0,1,1
"BCO1","s954_F_TNA_03_ASEReadCounter.table","NW_015090842.1:5917941",1,2,1
"BCO1","s954_F_TNA_03_ASEReadCounter.table","NW_015090842.1:5917971",2,3,1
"BCO1","s954_F_TNA_03_ASEReadCounter.table","NW_015090842.1:5921679",1,1,0
"BCO1","s954_F_TNA_03_ASEReadCounter.table","NW_015090842.1:5921726",1,2,1
"BCO1","s954_F_TNA_03_ASEReadCounter.table","NW_015090842.1:5925669",1,4,3
"BCO1","s954_F_TNA_03_ASEReadCounter.table","NW_015090842.1:5926937",0,2,2
"BCO1","s954_F_TNA_03_ASEReadCounter.table","NW_015090842.1:5927921",3,6,3
"BCO1","s954_F_TNA_03_ASEReadCounter.table","NW_015090842.1:5927948",4,6,2
"BCO1","s954_F_TNA_03_ASEReadCounter.table","NW_015090842.1:5927968",3,4,1
"BCO1","s954_F_TNA_03_ASEReadCounter.table","NW_015090842.1:5928052",1,1,0
"BCO1","s954_F_TNA_03_ASEReadCounter.table","NW_015090842.1:5932726",5,8,3
"BCO1","s954_F_TNA_03_ASEReadCounter.table","NW_015090842.1:5932801",1,1,0
"BCO1","s954_F_TNA_03_ASEReadCounter.table","NW_015090842.1:5934558",8,11,3
"BCO1","s954_F_TNA_03_ASEReadCounter.table","NW_015090842.1:5934575",8,11,3
"BCO1","s954_F_TNA_03_ASEReadCounter.table","NW_015090842.1:5934608",6,8,2
"BCO1","s954_F_TNA_03_ASEReadCounter.table","NW_015090842.1:5934647",7,8,1
"BCO1","s954_F_TNA_03_ASEReadCounter.table","NW_015090842.1:5934725",7,9,2
"BCO1","s954_F_TNA_03_ASEReadCounter.table","NW_015090842.1:5934726",7,9,2
"BCO1","s954_F_TNA_03_ASEReadCounter.table","NW_015090842.1:5934733",8,10,2
"BCO1","s954_F_TNA_03_ASEReadCounter.table","NW_015090842.1:5934821",3,5,2
"BCO1","s954_F_TNA_03_ASEReadCounter.table","NW_015090842.1:5934826",4,6,2
"BCO1","s954_F_TNA_03_ASEReadCounter.table","NW_015090842.1:5934844",1,4,3
"BCO1","s954_F_TNA_03_ASEReadCounter.table","NW_015090842.1:5934958",4,6,2
"BCO1","s954_F_TNA_03_ASEReadCounter.table","NW_015090842.1:5934976",5,7,2
"GAN","s954_F_TNA_03_ASEReadCounter.table","NW_015090842.1:5939249",0,4,4
"GAN","s954_F_TNA_03_ASEReadCounter.table","NW_015090842.1:5953759",6,22,16
"GAN","s954_F_TNA_03_ASEReadCounter.table","NW_015090842.1:5957502",15,30,15
"GAN","s954_F_TNA_03_ASEReadCounter.table","NW_015090842.1:5957578",22,46,24
"GAN","s954_F_TNA_03_ASEReadCounter.table","NW_015090842.1:5966047",16,39,23
"GAN","s954_F_TNA_03_ASEReadCounter.table","NW_015090842.1:5966126",7,33,26
"GAN","s954_F_TNA_03_ASEReadCounter.table","NW_015090842.1:5966127",7,34,27
"GAN","s954_F_TNA_03_ASEReadCounter.table","NW_015090842.1:5966162",26,63,37
"GAN","s954_F_TNA_03_ASEReadCounter.table","NW_015090842.1:5966483",34,77,43
"CMIP","s954_F_TNA_03_ASEReadCounter.table","NW_015090842.1:6109159",21,39,18
"CMIP","s954_F_TNA_03_ASEReadCounter.table","NW_015090842.1:6109166",19,34,15
"CMIP","s954_F_TNA_03_ASEReadCounter.table","NW_015090842.1:6114641",20,39,19
"CMIP","s954_F_TNA_03_ASEReadCounter.table","NW_015090842.1:6114751",19,36,17
"CMIP","s954_F_TNA_03_ASEReadCounter.table","NW_015090842.1:6114824",19,39,20
"CMIP","s954_F_TNA_03_ASEReadCounter.table","NW_015090842.1:6126295",73,73,0
"CMIP","s954_F_TNA_03_ASEReadCounter.table","NW_015090842.1:6128998",29,72,43
"CMIP","s954_F_TNA_03_ASEReadCounter.table","NW_015090842.1:6130562",57,140,83
"CMIP","s954_F_TNA_03_ASEReadCounter.table","NW_015090842.1:6132522",45,108,63
"CMIP","s954_F_TNA_03_ASEReadCounter.table","NW_015090842.1:6138265",100,236,136
"CMIP","s954_F_TNA_03_ASEReadCounter.table","NW_015090842.1:6138300",98,254,156
"CMIP","s954_F_TNA_03_ASEReadCounter.table","NW_015090842.1:6138342",76,207,131
"CMIP","s954_F_TNA_03_ASEReadCounter.table","NW_015090842.1:6138343",72,203,131
"CMIP","s954_F_TNA_03_ASEReadCounter.table","NW_015090842.1:6138345",77,204,127
"CMIP","s954_F_TNA_03_ASEReadCounter.table","NW_015090842.1:6138647",59,133,74
"CMIP","s954_F_TNA_03_ASEReadCounter.table","NW_015090842.1:6138745",78,167,89
"CMIP","s954_F_TNA_03_ASEReadCounter.table","NW_015090842.1:6138832",8,47,39
"CMIP","s954_F_TNA_03_ASEReadCounter.table","NW_015090842.1:6138967",60,140,80
"CMIP","s954_F_TNA_03_ASEReadCounter.table","NW_015090842.1:6139131",16,73,57
"CMIP","s954_F_TNA_03_ASEReadCounter.table","NW_015090842.1:6139163",3,51,48
"CMIP","s954_F_TNA_03_ASEReadCounter.table","NW_015090842.1:6139212",100,102,2
"CMIP","s954_F_TNA_03_ASEReadCounter.table","NW_015090842.1:6139360",32,63,31
"CMIP","s954_F_TNA_03_ASEReadCounter.table","NW_015090842.1:6139572",31,57,26
"PLCG2","s954_F_TNA_03_ASEReadCounter.table","NW_015090842.1:6179658",1,2,1
"PLCG2","s954_F_TNA_03_ASEReadCounter.table","NW_015090842.1:6217547",2,2,0
"PLCG2","s954_F_TNA_03_ASEReadCounter.table","NW_015090842.1:6218641",0,1,1
"PLCG2","s954_F_TNA_03_ASEReadCounter.table","NW_015090842.1:6220552",1,2,1
"PLCG2","s954_F_TNA_03_ASEReadCounter.table","NW_015090842.1:6221969",0,2,2
"PLCG2","s954_F_TNA_03_ASEReadCounter.table","NW_015090842.1:6228722",1,1,0
"PLCG2","s954_F_TNA_03_ASEReadCounter.table","NW_015090842.1:6228747",1,1,0
"PLCG2","s954_F_TNA_03_ASEReadCounter.table","NW_015090842.1:6228835",1,1,0
"PLCG2","s954_F_TNA_03_ASEReadCounter.table","NW_015090842.1:6228841",1,1,0
"PLCG2","s954_F_TNA_03_ASEReadCounter.table","NW_015090842.1:6228865",2,2,0
"PLCG2","s954_F_TNA_03_ASEReadCounter.table","NW_015090842.1:6228917",3,3,0
"PLCG2","s954_F_TNA_03_ASEReadCounter.table","NW_015090842.1:6228926",3,3,0
"PLCG2","s954_F_TNA_03_ASEReadCounter.table","NW_015090842.1:6228954",1,1,0
"PLCG2","s954_F_TNA_03_ASEReadCounter.table","NW_015090842.1:6229002",1,1,0
"PLCG2","s954_F_TNA_03_ASEReadCounter.table","NW_015090842.1:6229006",1,1,0
"PLCG2","s954_F_TNA_03_ASEReadCounter.table","NW_015090842.1:6229081",1,1,0
"PLCG2","s954_F_TNA_03_ASEReadCounter.table","NW_015090842.1:6229097",1,1,0
"PLCG2","s954_F_TNA_03_ASEReadCounter.table","NW_015090842.1:6229748",3,3,0
"PLCG2","s954_F_TNA_03_ASEReadCounter.table","NW_015090842.1:6229892",2,2,0
"PLCG2","s954_F_TNA_03_ASEReadCounter.table","NW_015090842.1:6230248",2,2,0
"PLCG2","s954_F_TNA_03_ASEReadCounter.table","NW_015090842.1:6230255",2,2,0
"PLCG2","s954_F_TNA_03_ASEReadCounter.table","NW_015090842.1:6230276",2,2,0
"PLCG2","s954_F_TNA_03_ASEReadCounter.table","NW_015090842.1:6230296",2,2,0
"PLCG2","s954_F_TNA_03_ASEReadCounter.table","NW_015090842.1:6230349",2,3,1
"PLCG2","s954_F_TNA_03_ASEReadCounter.table","NW_015090842.1:6230408",1,2,1
"PLCG2","s954_F_TNA_03_ASEReadCounter.table","NW_015090842.1:6230439",2,3,1
"PLCG2","s954_F_TNA_03_ASEReadCounter.table","NW_015090842.1:6230898",1,1,0
"PLCG2","s954_F_TNA_03_ASEReadCounter.table","NW_015090842.1:6230976",2,2,0
"PLCG2","s954_F_TNA_03_ASEReadCounter.table","NW_015090842.1:6231078",4,4,0
"PLCG2","s954_F_TNA_03_ASEReadCounter.table","NW_015090842.1:6231138",4,4,0
"PLCG2","s954_F_TNA_03_ASEReadCounter.table","NW_015090842.1:6231177",1,1,0
"PLCG2","s954_F_TNA_03_ASEReadCounter.table","NW_015090842.1:6231263",2,2,0
"SDR42E1","s954_F_TNA_03_ASEReadCounter.table","NW_015090842.1:6235315",1,1,0
"SDR42E1","s954_F_TNA_03_ASEReadCounter.table","NW_015090842.1:6235348",1,1,0
"SDR42E1","s954_F_TNA_03_ASEReadCounter.table","NW_015090842.1:6235355",1,2,1
"SDR42E1","s954_F_TNA_03_ASEReadCounter.table","NW_015090842.1:6235417",0,2,2
"SDR42E1","s954_F_TNA_03_ASEReadCounter.table","NW_015090842.1:6235741",3,8,5
"SDR42E1","s954_F_TNA_03_ASEReadCounter.table","NW_015090842.1:6235777",6,11,5
"SDR42E1","s954_F_TNA_03_ASEReadCounter.table","NW_015090842.1:6235806",6,10,4
"SDR42E1","s954_F_TNA_03_ASEReadCounter.table","NW_015090842.1:6235809",6,10,4
"SDR42E1","s954_F_TNA_03_ASEReadCounter.table","NW_015090842.1:6235816",5,8,3
"SDR42E1","s954_F_TNA_03_ASEReadCounter.table","NW_015090842.1:6235914",3,6,3
"SDR42E1","s954_F_TNA_03_ASEReadCounter.table","NW_015090842.1:6235935",2,5,3
"SDR42E1","s954_F_TNA_03_ASEReadCounter.table","NW_015090842.1:6235957",2,6,4
"SDR42E1","s954_F_TNA_03_ASEReadCounter.table","NW_015090842.1:6236040",2,4,2
"SDR42E1","s954_F_TNA_03_ASEReadCounter.table","NW_015090842.1:6236260",0,2,2
"SDR42E1","s954_F_TNA_03_ASEReadCounter.table","NW_015090842.1:6236281",0,4,4
"SDR42E1","s954_F_TNA_03_ASEReadCounter.table","NW_015090842.1:6236305",0,3,3
"SDR42E1","s954_F_TNA_03_ASEReadCounter.table","NW_015090842.1:6236458",0,7,7
"SDR42E1","s954_F_TNA_03_ASEReadCounter.table","NW_015090842.1:6236476",0,6,6
"SDR42E1","s954_F_TNA_03_ASEReadCounter.table","NW_015090842.1:6236608",0,7,7
"SDR42E1","s954_F_TNA_03_ASEReadCounter.table","NW_015090842.1:6238244",3,6,3
"HSD17B2","s954_F_TNA_03_ASEReadCounter.table","NW_015090842.1:6257616",0,1,1
"HSD17B2","s954_F_TNA_03_ASEReadCounter.table","NW_015090842.1:6257711",0,1,1
"HSD17B2","s954_F_TNA_03_ASEReadCounter.table","NW_015090842.1:6257712",0,1,1
"HSD17B2","s954_F_TNA_03_ASEReadCounter.table","NW_015090842.1:6262951",0,1,1
"HSD17B2","s954_F_TNA_03_ASEReadCounter.table","NW_015090842.1:6262974",0,1,1
"HSD17B2","s954_F_TNA_03_ASEReadCounter.table","NW_015090842.1:6266125",0,1,1
"HSD17B2","s954_F_TNA_03_ASEReadCounter.table","NW_015090842.1:6266135",0,1,1
"HSD17B2","s954_F_TNA_03_ASEReadCounter.table","NW_015090842.1:6266795",0,3,3
"HSD17B2","s954_F_TNA_03_ASEReadCounter.table","NW_015090842.1:6266944",0,2,2
"HSD17B2","s954_F_TNA_03_ASEReadCounter.table","NW_015090842.1:6267196",0,1,1
"HSD17B2","s954_F_TNA_03_ASEReadCounter.table","NW_015090842.1:6267273",0,1,1
"HSD17B2","s954_F_TNA_03_ASEReadCounter.table","NW_015090842.1:6267913",0,1,1
"HSD17B2","s954_F_TNA_03_ASEReadCounter.table","NW_015090842.1:6268203",0,1,1
"ARY2","s954_F_TNA_03_ASEReadCounter.table","NW_015090842.1:6303922",3,11,8
"ARY2","s954_F_TNA_03_ASEReadCounter.table","NW_015090842.1:6303954",3,12,9
"ARY2","s954_F_TNA_03_ASEReadCounter.table","NW_015090842.1:6303979",1,10,9
"ARY2","s954_F_TNA_03_ASEReadCounter.table","NW_015090842.1:6305848",4,10,6
"ARY2","s954_F_TNA_03_ASEReadCounter.table","NW_015090842.1:6305856",2,8,6
"ARY2","s954_F_TNA_03_ASEReadCounter.table","NW_015090842.1:6305857",2,8,6
"ARY2","s954_F_TNA_03_ASEReadCounter.table","NW_015090842.1:6306017",6,8,2
"ARY2","s954_F_TNA_03_ASEReadCounter.table","NW_015090842.1:6306052",5,9,4
"ARY2","s954_F_TNA_03_ASEReadCounter.table","NW_015090842.1:6306094",5,11,6
"ARY2","s954_F_TNA_03_ASEReadCounter.table","NW_015090842.1:6306100",4,10,6
"ARY2","s954_F_TNA_03_ASEReadCounter.table","NW_015090842.1:6306146",8,13,5
"ARY2","s954_F_TNA_03_ASEReadCounter.table","NW_015090842.1:6306147",8,13,5
"ARY2","s954_F_TNA_03_ASEReadCounter.table","NW_015090842.1:6306390",5,12,7
"ARY2","s954_F_TNA_03_ASEReadCounter.table","NW_015090842.1:6306567",5,12,7
"ARY2","s954_F_TNA_03_ASEReadCounter.table","NW_015090842.1:6306705",2,5,3
"ARY2","s954_F_TNA_03_ASEReadCounter.table","NW_015090842.1:6306773",3,10,7
"ARY2","s954_F_TNA_03_ASEReadCounter.table","NW_015090842.1:6307039",6,11,5
"ARY2","s954_F_TNA_03_ASEReadCounter.table","NW_015090842.1:6307043",6,11,5
"ARY2","s954_F_TNA_03_ASEReadCounter.table","NW_015090842.1:6307093",8,12,4
"ARY2","s954_F_TNA_03_ASEReadCounter.table","NW_015090842.1:6307138",8,12,4
"ARY2","s954_F_TNA_03_ASEReadCounter.table","NW_015090842.1:6307157",5,8,3
"ARY2","s954_F_TNA_03_ASEReadCounter.table","NW_015090842.1:6307187",7,11,4
"ARY2","s954_F_TNA_03_ASEReadCounter.table","NW_015090842.1:6307204",7,12,5
"ARY2","s954_F_TNA_03_ASEReadCounter.table","NW_015090842.1:6307278",5,12,7
"ARY2","s954_F_TNA_03_ASEReadCounter.table","NW_015090842.1:6307305",8,14,6
"ARY2","s954_F_TNA_03_ASEReadCounter.table","NW_015090842.1:6307318",7,14,7
"ARY2","s954_F_TNA_03_ASEReadCounter.table","NW_015090842.1:6307429",11,19,8
"ARY2","s954_F_TNA_03_ASEReadCounter.table","NW_015090842.1:6307487",6,12,6
"ARY2","s954_F_TNA_03_ASEReadCounter.table","NW_015090842.1:6307670",7,9,2
"ARYL","s954_F_TNA_03_ASEReadCounter.table","NW_015090842.1:6313360",2,3,1
"ARYL","s954_F_TNA_03_ASEReadCounter.table","NW_015090842.1:6313377",2,3,1
"ARYL","s954_F_TNA_03_ASEReadCounter.table","NW_015090842.1:6313767",2,4,2
"ARY1","s954_F_TNA_03_ASEReadCounter.table","NW_015090842.1:6314296",3,6,3
"ARY1","s954_F_TNA_03_ASEReadCounter.table","NW_015090842.1:6314541",2,6,4
"ARY1","s954_F_TNA_03_ASEReadCounter.table","NW_015090842.1:6314597",2,5,3
"ARY1","s954_F_TNA_03_ASEReadCounter.table","NW_015090842.1:6314750",8,13,5
"ARY1","s954_F_TNA_03_ASEReadCounter.table","NW_015090842.1:6314794",5,13,8
"ARY1","s954_F_TNA_03_ASEReadCounter.table","NW_015090842.1:6314827",7,11,4
"ARY1","s954_F_TNA_03_ASEReadCounter.table","NW_015090842.1:6314859",7,10,3
"ARY1","s954_F_TNA_03_ASEReadCounter.table","NW_015090842.1:6314886",9,14,5
"ARY1","s954_F_TNA_03_ASEReadCounter.table","NW_015090842.1:6315022",2,9,7
"ARY1","s954_F_TNA_03_ASEReadCounter.table","NW_015090842.1:6315026",2,10,8
"ARY1","s954_F_TNA_03_ASEReadCounter.table","NW_015090842.1:6315043",3,9,6
"ARY1","s954_F_TNA_03_ASEReadCounter.table","NW_015090842.1:6315065",3,10,7
"ARY1","s954_F_TNA_03_ASEReadCounter.table","NW_015090842.1:6315409",2,5,3
"ARY1","s954_F_TNA_03_ASEReadCounter.table","NW_015090842.1:6315479",8,12,4
"ARY1","s954_F_TNA_03_ASEReadCounter.table","NW_015090842.1:6318342",10,14,4
"ARY1","s954_F_TNA_03_ASEReadCounter.table","NW_015090842.1:6318427",9,15,6
"ARY1","s954_F_TNA_03_ASEReadCounter.table","NW_015090842.1:6318603",10,18,8
"ARY1","s954_F_TNA_03_ASEReadCounter.table","NW_015090842.1:6318708",7,15,8
"ARY1","s954_F_TNA_03_ASEReadCounter.table","NW_015090842.1:6318858",8,13,5
"ARY1","s954_F_TNA_03_ASEReadCounter.table","NW_015090842.1:6318952",12,18,6
"MPHOSPH6","s954_F_TNA_03_ASEReadCounter.table","NW_015090842.1:6324063",32,82,50
"MPHOSPH6","s954_F_TNA_03_ASEReadCounter.table","NW_015090842.1:6324174",61,152,91
"MPHOSPH6","s954_F_TNA_03_ASEReadCounter.table","NW_015090842.1:6324270",89,198,109
"MPHOSPH6","s954_F_TNA_03_ASEReadCounter.table","NW_015090842.1:6324762",79,185,106
"MPHOSPH6","s954_F_TNA_03_ASEReadCounter.table","NW_015090842.1:6324780",67,171,104
"MPHOSPH6","s954_F_TNA_03_ASEReadCounter.table","NW_015090842.1:6324902",78,161,83
"MPHOSPH6","s954_F_TNA_03_ASEReadCounter.table","NW_015090842.1:6325066",73,150,77
"MPHOSPH6","s954_F_TNA_03_ASEReadCounter.table","NW_015090842.1:6325089",84,187,103
"MPHOSPH6","s954_F_TNA_03_ASEReadCounter.table","NW_015090842.1:6325877",84,169,85
"MPHOSPH6","s954_F_TNA_03_ASEReadCounter.table","NW_015090842.1:6326976",56,138,82
"CDH13","s954_F_TNA_03_ASEReadCounter.table","NW_015090842.1:6662283",1,8,7
"CDH13","s954_F_TNA_03_ASEReadCounter.table","NW_015090842.1:6693665",6,13,7
"CDH13","s954_F_TNA_03_ASEReadCounter.table","NW_015090842.1:6693697",6,13,7
"CDH13","s954_F_TNA_03_ASEReadCounter.table","NW_015090842.1:6693712",5,11,6
"CDH13","s954_F_TNA_03_ASEReadCounter.table","NW_015090842.1:6693723",4,10,6
"CDH13","s954_F_TNA_03_ASEReadCounter.table","NW_015090842.1:6693738",3,10,7
"CDH13","s954_F_TNA_03_ASEReadCounter.table","NW_015090842.1:6823730",7,22,15
"CDH13","s954_F_TNA_03_ASEReadCounter.table","NW_015090842.1:6889713",9,19,10
"CDH13","s954_F_TNA_03_ASEReadCounter.table","NW_015090842.1:6955167",8,28,20
"MLYCD","s954_F_TNA_03_ASEReadCounter.table","NW_015090842.1:7150054",47,111,64
"MLYCD","s954_F_TNA_03_ASEReadCounter.table","NW_015090842.1:7150131",68,160,92
"MLYCD","s954_F_TNA_03_ASEReadCounter.table","NW_015090842.1:7150585",55,124,69
"MLYCD","s954_F_TNA_03_ASEReadCounter.table","NW_015090842.1:7150686",41,90,49
"MLYCD","s954_F_TNA_03_ASEReadCounter.table","NW_015090842.1:7150696",45,93,48
"MLYCD","s954_F_TNA_03_ASEReadCounter.table","NW_015090842.1:7150869",42,89,47
"MLYCD","s954_F_TNA_03_ASEReadCounter.table","NW_015090842.1:7151100",38,84,46
"MLYCD","s954_F_TNA_03_ASEReadCounter.table","NW_015090842.1:7151127",33,80,47
"MLYCD","s954_F_TNA_03_ASEReadCounter.table","NW_015090842.1:7157538",34,75,41
"MLYCD","s954_F_TNA_03_ASEReadCounter.table","NW_015090842.1:7167662",13,30,17
"MLYCD","s954_F_TNA_03_ASEReadCounter.table","NW_015090842.1:7167675",15,31,16
"MLYCD","s954_F_TNA_03_ASEReadCounter.table","NW_015090842.1:7167710",13,32,19
"MLYCD","s954_F_TNA_03_ASEReadCounter.table","NW_015090842.1:7167781",11,23,12
"MLYCD","s954_F_TNA_03_ASEReadCounter.table","NW_015090842.1:7167803",8,18,10
"MLYCD","s954_F_TNA_03_ASEReadCounter.table","NW_015090842.1:7167812",4,12,8
"MLYCD","s954_F_TNA_03_ASEReadCounter.table","NW_015090842.1:7167845",8,15,7
"MLYCD","s954_F_TNA_03_ASEReadCounter.table","NW_015090842.1:7167862",9,14,5
"MLYCD","s954_F_TNA_03_ASEReadCounter.table","NW_015090842.1:7167929",6,13,7
"MLYCD","s954_F_TNA_03_ASEReadCounter.table","NW_015090842.1:7167995",3,9,6
"MLYCD","s954_F_TNA_03_ASEReadCounter.table","NW_015090842.1:7168005",3,9,6
"MLYCD","s954_F_TNA_03_ASEReadCounter.table","NW_015090842.1:7168037",6,13,7
"HSBP1","s954_F_TNA_03_ASEReadCounter.table","NW_015090842.1:7245192",453,778,325
"HSBP1","s954_F_TNA_03_ASEReadCounter.table","NW_015090842.1:7245226",509,932,423
"HSBP1","s954_F_TNA_03_ASEReadCounter.table","NW_015090842.1:7245257",448,829,381
"HSBP1","s954_F_TNA_03_ASEReadCounter.table","NW_015090842.1:7245296",384,797,413
"HSBP1","s954_F_TNA_03_ASEReadCounter.table","NW_015090842.1:7245389",519,956,437
"HSBP1","s954_F_TNA_03_ASEReadCounter.table","NW_015090842.1:7245400",519,940,421
"HSBP1","s954_F_TNA_03_ASEReadCounter.table","NW_015090842.1:7245445",484,897,413
"HSBP1","s954_F_TNA_03_ASEReadCounter.table","NW_015090842.1:7245495",440,803,363
"HSBP1","s954_F_TNA_03_ASEReadCounter.table","NW_015090842.1:7245733",311,628,317
"HSBP1","s954_F_TNA_03_ASEReadCounter.table","NW_015090842.1:7245771",369,640,271
"HSBP1","s954_F_TNA_03_ASEReadCounter.table","NW_015090842.1:7245813",363,626,263
"HSBP1","s954_F_TNA_03_ASEReadCounter.table","NW_015090842.1:7245926",429,743,314
"HSBP1","s954_F_TNA_03_ASEReadCounter.table","NW_015090842.1:7245927",433,742,309
"HSBP1","s954_F_TNA_03_ASEReadCounter.table","NW_015090842.1:7245933",437,724,287
"HSBP1","s954_F_TNA_03_ASEReadCounter.table","NW_015090842.1:7246002",299,559,260
"HSBP1","s954_F_TNA_03_ASEReadCounter.table","NW_015090842.1:7246094",381,668,287
"HSBP1","s954_F_TNA_03_ASEReadCounter.table","NW_015090842.1:7246167",349,622,273
"HSBP1","s954_F_TNA_03_ASEReadCounter.table","NW_015090842.1:7246183",326,608,282
"HSBP1","s954_F_TNA_03_ASEReadCounter.table","NW_015090842.1:7247285",37,52,15
"HSBP1","s954_F_TNA_03_ASEReadCounter.table","NW_015090842.1:7247651",359,697,338
"HSBP1","s954_F_TNA_03_ASEReadCounter.table","NW_015090842.1:7247657",349,681,332
"HSBP1","s954_F_TNA_03_ASEReadCounter.table","NW_015090842.1:7248520",255,463,208
"HSBP1","s954_F_TNA_03_ASEReadCounter.table","NW_015090842.1:7248535",220,391,171
"KCNG4","s954_F_TNA_03_ASEReadCounter.table","NW_015090842.1:7282481",2,3,1
"KCNG4","s954_F_TNA_03_ASEReadCounter.table","NW_015090842.1:7282500",2,3,1
"KCNG4","s954_F_TNA_03_ASEReadCounter.table","NW_015090842.1:7282542",3,4,1
"KCNG4","s954_F_TNA_03_ASEReadCounter.table","NW_015090842.1:7282579",3,4,1
"KCNG4","s954_F_TNA_03_ASEReadCounter.table","NW_015090842.1:7282630",1,2,1
"KCNG4","s954_F_TNA_03_ASEReadCounter.table","NW_015090842.1:7283056",1,1,0
"KCNG4","s954_F_TNA_03_ASEReadCounter.table","NW_015090842.1:7283245",2,5,3
"KCNG4","s954_F_TNA_03_ASEReadCounter.table","NW_015090842.1:7301195",0,1,1
"KCNG4","s954_F_TNA_03_ASEReadCounter.table","NW_015090842.1:7301227",0,1,1
"KCNG4","s954_F_TNA_03_ASEReadCounter.table","NW_015090842.1:7301240",0,1,1
"KCNG4","s954_F_TNA_03_ASEReadCounter.table","NW_015090842.1:7301413",1,5,4
"WFDC1","s954_F_TNA_03_ASEReadCounter.table","NW_015090842.1:7366517",0,2,2
"WFDC1","s954_F_TNA_03_ASEReadCounter.table","NW_015090842.1:7373367",1,3,2
"WFDC1","s954_F_TNA_03_ASEReadCounter.table","NW_015090842.1:7375828",2,2,0
"WFDC1","s954_F_TNA_03_ASEReadCounter.table","NW_015090842.1:7378036",3,5,2
"WFDC1","s954_F_TNA_03_ASEReadCounter.table","NW_015090842.1:7379125",0,2,2
"WFDC1","s954_F_TNA_03_ASEReadCounter.table","NW_015090842.1:7379451",1,3,2
"WFDC1","s954_F_TNA_03_ASEReadCounter.table","NW_015090842.1:7379471",2,4,2
"WFDC1","s954_F_TNA_03_ASEReadCounter.table","NW_015090842.1:7379576",1,5,4
"WFDC1","s954_F_TNA_03_ASEReadCounter.table","NW_015090842.1:7379596",1,5,4
"WFDC1","s954_F_TNA_03_ASEReadCounter.table","NW_015090842.1:7379605",1,5,4
"WFDC1","s954_F_TNA_03_ASEReadCounter.table","NW_015090842.1:7379626",2,6,4
"WFDC1","s954_F_TNA_03_ASEReadCounter.table","NW_015090842.1:7379631",2,6,4
"WFDC1","s954_F_TNA_03_ASEReadCounter.table","NW_015090842.1:7379632",2,6,4
"WFDC1","s954_F_TNA_03_ASEReadCounter.table","NW_015090842.1:7379652",2,5,3
"WFDC1","s954_F_TNA_03_ASEReadCounter.table","NW_015090842.1:7379669",2,4,2
"WFDC1","s954_F_TNA_03_ASEReadCounter.table","NW_015090842.1:7379674",2,4,2
"WFDC1","s954_F_TNA_03_ASEReadCounter.table","NW_015090842.1:7379719",1,2,1
"WFDC1","s954_F_TNA_03_ASEReadCounter.table","NW_015090842.1:7379735",0,1,1
"WFDC1","s954_F_TNA_03_ASEReadCounter.table","NW_015090842.1:7379739",0,1,1
"WFDC1","s954_F_TNA_03_ASEReadCounter.table","NW_015090842.1:7379821",4,8,4
"WFDC1","s954_F_TNA_03_ASEReadCounter.table","NW_015090842.1:7379840",4,8,4
"WFDC1","s954_F_TNA_03_ASEReadCounter.table","NW_015090842.1:7379933",3,8,5
"WFDC1","s954_F_TNA_03_ASEReadCounter.table","NW_015090842.1:7379935",3,8,5
"WFDC1","s954_F_TNA_03_ASEReadCounter.table","NW_015090842.1:7379983",3,4,1
"WFDC1","s954_F_TNA_03_ASEReadCounter.table","NW_015090842.1:7380060",4,8,4
"WFDC1","s954_F_TNA_03_ASEReadCounter.table","NW_015090842.1:7380136",2,3,1
"WFDC1","s954_F_TNA_03_ASEReadCounter.table","NW_015090842.1:7380150",2,4,2
"WFDC1","s954_F_TNA_03_ASEReadCounter.table","NW_015090842.1:7380164",2,5,3
"WFDC1","s954_F_TNA_03_ASEReadCounter.table","NW_015090842.1:7380237",3,8,5
"WFDC1","s954_F_TNA_03_ASEReadCounter.table","NW_015090842.1:7380261",4,8,4
"WFDC1","s954_F_TNA_03_ASEReadCounter.table","NW_015090842.1:7380322",4,8,4
"WFDC1","s954_F_TNA_03_ASEReadCounter.table","NW_015090842.1:7380491",2,7,5
"WFDC1","s954_F_TNA_03_ASEReadCounter.table","NW_015090842.1:7380567",2,9,7
"WFDC1","s954_F_TNA_03_ASEReadCounter.table","NW_015090842.1:7380672",3,10,7
"WFDC1","s954_F_TNA_03_ASEReadCounter.table","NW_015090842.1:7380721",4,10,6
"WFDC1","s954_F_TNA_03_ASEReadCounter.table","NW_015090842.1:7380743",3,10,7
"WFDC1","s954_F_TNA_03_ASEReadCounter.table","NW_015090842.1:7380852",4,10,6
"WFDC1","s954_F_TNA_03_ASEReadCounter.table","NW_015090842.1:7380878",4,10,6
"WFDC1","s954_F_TNA_03_ASEReadCounter.table","NW_015090842.1:7381081",2,12,10
"WFDC1","s954_F_TNA_03_ASEReadCounter.table","NW_015090842.1:7381127",1,11,10
"WFDC1","s954_F_TNA_03_ASEReadCounter.table","NW_015090842.1:7381195",3,10,7
"WFDC1","s954_F_TNA_03_ASEReadCounter.table","NW_015090842.1:7381253",4,11,7
"WFDC1","s954_F_TNA_03_ASEReadCounter.table","NW_015090842.1:7381378",11,23,12
"WFDC1","s954_F_TNA_03_ASEReadCounter.table","NW_015090842.1:7381433",8,20,12
"WFDC1","s954_F_TNA_03_ASEReadCounter.table","NW_015090842.1:7381434",8,20,12
"WFDC1","s954_F_TNA_03_ASEReadCounter.table","NW_015090842.1:7381442",8,21,13
"WFDC1","s954_F_TNA_03_ASEReadCounter.table","NW_015090842.1:7381517",7,13,6
"WFDC1","s954_F_TNA_03_ASEReadCounter.table","NW_015090842.1:7381520",7,13,6
"WFDC1","s954_F_TNA_03_ASEReadCounter.table","NW_015090842.1:7381677",4,7,3
"WFDC1","s954_F_TNA_03_ASEReadCounter.table","NW_015090842.1:7381709",1,3,2
"ATP2C2","s954_F_TNA_03_ASEReadCounter.table","NW_015090842.1:7395230",0,1,1
"ATP2C2","s954_F_TNA_03_ASEReadCounter.table","NW_015090842.1:7395366",1,1,0
"ATP2C2","s954_F_TNA_03_ASEReadCounter.table","NW_015090842.1:7397049",1,2,1
"ATP2C2","s954_F_TNA_03_ASEReadCounter.table","NW_015090842.1:7405621",0,1,1
"ATP2C2","s954_F_TNA_03_ASEReadCounter.table","NW_015090842.1:7413855",27,49,22
"ATP2C2","s954_F_TNA_03_ASEReadCounter.table","NW_015090842.1:7413869",6,26,20
"ATP2C2","s954_F_TNA_03_ASEReadCounter.table","NW_015090842.1:7413875",8,28,20
"TLDC1","s954_F_TNA_03_ASEReadCounter.table","NW_015090842.1:7421137",36,76,40
"TLDC1","s954_F_TNA_03_ASEReadCounter.table","NW_015090842.1:7421155",33,68,35
"TLDC1","s954_F_TNA_03_ASEReadCounter.table","NW_015090842.1:7421218",28,69,41
"TLDC1","s954_F_TNA_03_ASEReadCounter.table","NW_015090842.1:7421399",28,60,32
"TLDC1","s954_F_TNA_03_ASEReadCounter.table","NW_015090842.1:7421402",28,55,27
"TLDC1","s954_F_TNA_03_ASEReadCounter.table","NW_015090842.1:7421528",36,77,41
"TLDC1","s954_F_TNA_03_ASEReadCounter.table","NW_015090842.1:7421532",38,79,41
"TLDC1","s954_F_TNA_03_ASEReadCounter.table","NW_015090842.1:7421621",29,71,42
"TLDC1","s954_F_TNA_03_ASEReadCounter.table","NW_015090842.1:7421647",31,67,36
"TLDC1","s954_F_TNA_03_ASEReadCounter.table","NW_015090842.1:7421657",32,66,34
"TLDC1","s954_F_TNA_03_ASEReadCounter.table","NW_015090842.1:7421693",36,79,43
"TLDC1","s954_F_TNA_03_ASEReadCounter.table","NW_015090842.1:7421796",31,64,33
"TLDC1","s954_F_TNA_03_ASEReadCounter.table","NW_015090842.1:7421810",31,66,35
"TLDC1","s954_F_TNA_03_ASEReadCounter.table","NW_015090842.1:7421833",26,62,36
"TLDC1","s954_F_TNA_03_ASEReadCounter.table","NW_015090842.1:7421879",20,58,38
"TLDC1","s954_F_TNA_03_ASEReadCounter.table","NW_015090842.1:7421914",24,68,44
"TLDC1","s954_F_TNA_03_ASEReadCounter.table","NW_015090842.1:7421969",29,70,41
"TLDC1","s954_F_TNA_03_ASEReadCounter.table","NW_015090842.1:7422015",25,68,43
"TLDC1","s954_F_TNA_03_ASEReadCounter.table","NW_015090842.1:7422042",34,79,45
"TLDC1","s954_F_TNA_03_ASEReadCounter.table","NW_015090842.1:7422230",26,64,38
"TLDC1","s954_F_TNA_03_ASEReadCounter.table","NW_015090842.1:7423349",38,57,19
"TLDC1","s954_F_TNA_03_ASEReadCounter.table","NW_015090842.1:7423362",34,54,20
"TLDC1","s954_F_TNA_03_ASEReadCounter.table","NW_015090842.1:7426091",21,39,18
"TLDC1","s954_F_TNA_03_ASEReadCounter.table","NW_015090842.1:7426485",19,37,18
"TLDC1","s954_F_TNA_03_ASEReadCounter.table","NW_015090842.1:7427211",20,41,21
"TLDC1","s954_F_TNA_03_ASEReadCounter.table","NW_015090842.1:7428179",14,42,28
"COTL1","s954_F_TNA_03_ASEReadCounter.table","NW_015090842.1:7490744",514,1121,607
"COTL1","s954_F_TNA_03_ASEReadCounter.table","NW_015090842.1:7491051",393,854,461
"COTL1","s954_F_TNA_03_ASEReadCounter.table","NW_015090842.1:7491124",386,844,458
"COTL1","s954_F_TNA_03_ASEReadCounter.table","NW_015090842.1:7491418",241,498,257
"COTL1","s954_F_TNA_03_ASEReadCounter.table","NW_015090842.1:7491539",177,376,199
"COTL1","s954_F_TNA_03_ASEReadCounter.table","NW_015090842.1:7491585",290,593,303
"COTL1","s954_F_TNA_03_ASEReadCounter.table","NW_015090842.1:7491586",285,608,323
"COTL1","s954_F_TNA_03_ASEReadCounter.table","NW_015090842.1:7491646",332,734,402
"COTL1","s954_F_TNA_03_ASEReadCounter.table","NW_015090842.1:7491747",275,573,298
"COTL1","s954_F_TNA_03_ASEReadCounter.table","NW_015090842.1:7491803",253,517,264
"KLHL36","s954_F_TNA_03_ASEReadCounter.table","NW_015090842.1:7514700",33,46,13
"KLHL36","s954_F_TNA_03_ASEReadCounter.table","NW_015090842.1:7519691",0,2,2
"KLHL36","s954_F_TNA_03_ASEReadCounter.table","NW_015090842.1:7519696",0,2,2
"KLHL36","s954_F_TNA_03_ASEReadCounter.table","NW_015090842.1:7526160",15,39,24
"KLHL36","s954_F_TNA_03_ASEReadCounter.table","NW_015090842.1:7526469",12,30,18
"KLHL36","s954_F_TNA_03_ASEReadCounter.table","NW_015090842.1:7526587",25,40,15
"KLHL36","s954_F_TNA_03_ASEReadCounter.table","NW_015090842.1:7526997",22,39,17
"KLHL36","s954_F_TNA_03_ASEReadCounter.table","NW_015090842.1:7527142",20,46,26
"KLHL36","s954_F_TNA_03_ASEReadCounter.table","NW_015090842.1:7535174",49,95,46
"KLHL36","s954_F_TNA_03_ASEReadCounter.table","NW_015090842.1:7535384",25,48,23
"KLHL36","s954_F_TNA_03_ASEReadCounter.table","NW_015090842.1:7535420",25,64,39
"KLHL36","s954_F_TNA_03_ASEReadCounter.table","NW_015090842.1:7535545",24,42,18
"KLHL36","s954_F_TNA_03_ASEReadCounter.table","NW_015090842.1:7535829",36,69,33
"KLHL36","s954_F_TNA_03_ASEReadCounter.table","NW_015090842.1:7535977",20,59,39
"KLHL36","s954_F_TNA_03_ASEReadCounter.table","NW_015090842.1:7536010",29,62,33
"KLHL36","s954_F_TNA_03_ASEReadCounter.table","NW_015090842.1:7536051",36,70,34
"KLHL36","s954_F_TNA_03_ASEReadCounter.table","NW_015090842.1:7536096",32,75,43
"KLHL36","s954_F_TNA_03_ASEReadCounter.table","NW_015090842.1:7536135",38,82,44
"KLHL36","s954_F_TNA_03_ASEReadCounter.table","NW_015090842.1:7536136",37,79,42
"KLHL36","s954_F_TNA_03_ASEReadCounter.table","NW_015090842.1:7536160",38,77,39
"KLHL36","s954_F_TNA_03_ASEReadCounter.table","NW_015090842.1:7536336",38,66,28
"KLHL36","s954_F_TNA_03_ASEReadCounter.table","NW_015090842.1:7536352",41,72,31
"KLHL36","s954_F_TNA_03_ASEReadCounter.table","NW_015090842.1:7536412",19,53,34
"KLHL36","s954_F_TNA_03_ASEReadCounter.table","NW_015090842.1:7536418",17,49,32
"KLHL36","s954_F_TNA_03_ASEReadCounter.table","NW_015090842.1:7536465",23,50,27
"KLHL36","s954_F_TNA_03_ASEReadCounter.table","NW_015090842.1:7536466",23,49,26
"KLHL36","s954_F_TNA_03_ASEReadCounter.table","NW_015090842.1:7536553",35,70,35
"KLHL36","s954_F_TNA_03_ASEReadCounter.table","NW_015090842.1:7536698",41,79,38
"KLHL36","s954_F_TNA_03_ASEReadCounter.table","NW_015090842.1:7536713",34,75,41
"KLHL36","s954_F_TNA_03_ASEReadCounter.table","NW_015090842.1:7536720",46,78,32
"KLHL36","s954_F_TNA_03_ASEReadCounter.table","NW_015090842.1:7536791",49,86,37
"KLHL36","s954_F_TNA_03_ASEReadCounter.table","NW_015090842.1:7536849",50,90,40
"KLHL36","s954_F_TNA_03_ASEReadCounter.table","NW_015090842.1:7536872",51,87,36
"KLHL36","s954_F_TNA_03_ASEReadCounter.table","NW_015090842.1:7536878",53,88,35
"KLHL36","s954_F_TNA_03_ASEReadCounter.table","NW_015090842.1:7536916",53,87,34
"KLHL36","s954_F_TNA_03_ASEReadCounter.table","NW_015090842.1:7536927",51,104,53
"KLHL36","s954_F_TNA_03_ASEReadCounter.table","NW_015090842.1:7537315",58,120,62
"KLHL36","s954_F_TNA_03_ASEReadCounter.table","NW_015090842.1:7537352",55,111,56
"KLHL36","s954_F_TNA_03_ASEReadCounter.table","NW_015090842.1:7537631",49,112,63
"KLHL36","s954_F_TNA_03_ASEReadCounter.table","NW_015090842.1:7537830",70,125,55
"KLHL36","s954_F_TNA_03_ASEReadCounter.table","NW_015090842.1:7537838",64,120,56
"KLHL36","s954_F_TNA_03_ASEReadCounter.table","NW_015090842.1:7538153",65,129,64
"KLHL36","s954_F_TNA_03_ASEReadCounter.table","NW_015090842.1:7538256",31,85,54
"KLHL36","s954_F_TNA_03_ASEReadCounter.table","NW_015090842.1:7538265",29,76,47
"KLHL36","s954_F_TNA_03_ASEReadCounter.table","NW_015090842.1:7538300",38,86,48
"USP10","s954_F_TNA_03_ASEReadCounter.table","NW_015090842.1:7563972",7,13,6
"USP10","s954_F_TNA_03_ASEReadCounter.table","NW_015090842.1:7571816",14,39,25
"USP10","s954_F_TNA_03_ASEReadCounter.table","NW_015090842.1:7571993",19,57,38
"USP10","s954_F_TNA_03_ASEReadCounter.table","NW_015090842.1:7572580",20,60,40
"USP10","s954_F_TNA_03_ASEReadCounter.table","NW_015090842.1:7587372",87,177,90
"CRISPLD2","s954_F_TNA_03_ASEReadCounter.table","NW_015090842.1:7604605",1,1,0
"CRISPLD2","s954_F_TNA_03_ASEReadCounter.table","NW_015090842.1:7609844",1,1,0
"CRISPLD2","s954_F_TNA_03_ASEReadCounter.table","NW_015090842.1:7609845",1,1,0
"CRISPLD2","s954_F_TNA_03_ASEReadCounter.table","NW_015090842.1:7625451",3,6,3
"CRISPLD2","s954_F_TNA_03_ASEReadCounter.table","NW_015090842.1:7626214",2,3,1
"CRISPLD2","s954_F_TNA_03_ASEReadCounter.table","NW_015090842.1:7630784",5,6,1
"CRISPLD2","s954_F_TNA_03_ASEReadCounter.table","NW_015090842.1:7630823",5,5,0
"CRISPLD2","s954_F_TNA_03_ASEReadCounter.table","NW_015090842.1:7633172",3,4,1
"CRISPLD2","s954_F_TNA_03_ASEReadCounter.table","NW_015090842.1:7633326",5,5,0
"CRISPLD2","s954_F_TNA_03_ASEReadCounter.table","NW_015090842.1:7633336",6,7,1
"CRISPLD2","s954_F_TNA_03_ASEReadCounter.table","NW_015090842.1:7633381",5,8,3
"CRISPLD2","s954_F_TNA_03_ASEReadCounter.table","NW_015090842.1:7633388",6,9,3
"CRISPLD2","s954_F_TNA_03_ASEReadCounter.table","NW_015090842.1:7633400",6,9,3
"CRISPLD2","s954_F_TNA_03_ASEReadCounter.table","NW_015090842.1:7633486",6,6,0
"CRISPLD2","s954_F_TNA_03_ASEReadCounter.table","NW_015090842.1:7633503",7,7,0
"CRISPLD2","s954_F_TNA_03_ASEReadCounter.table","NW_015090842.1:7633504",8,8,0
"CRISPLD2","s954_F_TNA_03_ASEReadCounter.table","NW_015090842.1:7633557",5,5,0
"CRISPLD2","s954_F_TNA_03_ASEReadCounter.table","NW_015090842.1:7633571",6,6,0
"CRISPLD2","s954_F_TNA_03_ASEReadCounter.table","NW_015090842.1:7633588",3,3,0
"CRISPLD2","s954_F_TNA_03_ASEReadCounter.table","NW_015090842.1:7633617",2,2,0
"CRISPLD2","s954_F_TNA_03_ASEReadCounter.table","NW_015090842.1:7633695",7,7,0
"CRISPLD2","s954_F_TNA_03_ASEReadCounter.table","NW_015090842.1:7633721",9,9,0
"CRISPLD2","s954_F_TNA_03_ASEReadCounter.table","NW_015090842.1:7633888",4,5,1
"CRISPLD2","s954_F_TNA_03_ASEReadCounter.table","NW_015090842.1:7633910",5,6,1
"CRISPLD2","s954_F_TNA_03_ASEReadCounter.table","NW_015090842.1:7634142",5,8,3
"CRISPLD2","s954_F_TNA_03_ASEReadCounter.table","NW_015090842.1:7634417",2,6,4
"CRISPLD2","s954_F_TNA_03_ASEReadCounter.table","NW_015090842.1:7634825",3,3,0
"CRISPLD2","s954_F_TNA_03_ASEReadCounter.table","NW_015090842.1:7634852",7,7,0
"CRISPLD2","s954_F_TNA_03_ASEReadCounter.table","NW_015090842.1:7635009",2,3,1
"CRISPLD2","s954_F_TNA_03_ASEReadCounter.table","NW_015090842.1:7635208",4,5,1
"CRISPLD2","s954_F_TNA_03_ASEReadCounter.table","NW_015090842.1:7635373",9,10,1
"CRISPLD2","s954_F_TNA_03_ASEReadCounter.table","NW_015090842.1:7635525",3,3,0
"CRISPLD2","s954_F_TNA_03_ASEReadCounter.table","NW_015090842.1:7635583",5,6,1
"CRISPLD2","s954_F_TNA_03_ASEReadCounter.table","NW_015090842.1:7635924",14,14,0
"LOC106888312","s954_F_TNA_03_ASEReadCounter.table","NW_015090842.1:7732918",0,1,1
"LOC106888312","s954_F_TNA_03_ASEReadCounter.table","NW_015090842.1:7732997",0,2,2
"LOC106888312","s954_F_TNA_03_ASEReadCounter.table","NW_015090842.1:7733011",0,1,1
"LOC106888312","s954_F_TNA_03_ASEReadCounter.table","NW_015090842.1:7733046",0,1,1
"LOC106888312","s954_F_TNA_03_ASEReadCounter.table","NW_015090842.1:7733068",1,2,1
"LOC106888312","s954_F_TNA_03_ASEReadCounter.table","NW_015090842.1:7733077",1,3,2
"LOC106888312","s954_F_TNA_03_ASEReadCounter.table","NW_015090842.1:7733096",1,3,2
"LOC106888312","s954_F_TNA_03_ASEReadCounter.table","NW_015090842.1:7733142",1,2,1
"LOC106888312","s954_F_TNA_03_ASEReadCounter.table","NW_015090842.1:7733196",1,1,0
"LOC106888312","s954_F_TNA_03_ASEReadCounter.table","NW_015090842.1:7733609",0,1,1
"LOC106888312","s954_F_TNA_03_ASEReadCounter.table","NW_015090842.1:7733631",0,1,1
"LOC106888312","s954_F_TNA_03_ASEReadCounter.table","NW_015090842.1:7733674",0,1,1
"ZDHHC7","s954_F_TNA_03_ASEReadCounter.table","NW_015090842.1:7737199",32,54,22
"ZDHHC7","s954_F_TNA_03_ASEReadCounter.table","NW_015090842.1:7737332",13,45,32
"ZDHHC7","s954_F_TNA_03_ASEReadCounter.table","NW_015090842.1:7737553",25,61,36
"ZDHHC7","s954_F_TNA_03_ASEReadCounter.table","NW_015090842.1:7737920",16,31,15
"ZDHHC7","s954_F_TNA_03_ASEReadCounter.table","NW_015090842.1:7737953",17,32,15
"ZDHHC7","s954_F_TNA_03_ASEReadCounter.table","NW_015090842.1:7737987",20,33,13
"ZDHHC7","s954_F_TNA_03_ASEReadCounter.table","NW_015090842.1:7738068",16,32,16
"ZDHHC7","s954_F_TNA_03_ASEReadCounter.table","NW_015090842.1:7738204",22,31,9
"LOC106888097","s954_F_TNA_03_ASEReadCounter.table","NW_015090842.1:7767178",3,8,5
"LOC106888097","s954_F_TNA_03_ASEReadCounter.table","NW_015090842.1:7767187",3,7,4
"LOC106888097","s954_F_TNA_03_ASEReadCounter.table","NW_015090842.1:7768144",6,13,7
"LOC106888097","s954_F_TNA_03_ASEReadCounter.table","NW_015090842.1:7768196",5,12,7
"LOC106888097","s954_F_TNA_03_ASEReadCounter.table","NW_015090842.1:7769884",13,23,10
"LOC106888097","s954_F_TNA_03_ASEReadCounter.table","NW_015090842.1:7769893",12,21,9
"LOC106888097","s954_F_TNA_03_ASEReadCounter.table","NW_015090842.1:7770245",12,23,11
"LOC106888097","s954_F_TNA_03_ASEReadCounter.table","NW_015090842.1:7772402",9,22,13
"LOC106888097","s954_F_TNA_03_ASEReadCounter.table","NW_015090842.1:7772483",14,28,14
"LOC106888097","s954_F_TNA_03_ASEReadCounter.table","NW_015090842.1:7772490",13,27,14
"LOC106888097","s954_F_TNA_03_ASEReadCounter.table","NW_015090842.1:7774281",13,35,22
"LOC106888097","s954_F_TNA_03_ASEReadCounter.table","NW_015090842.1:7774552",14,52,38
"LOC106888097","s954_F_TNA_03_ASEReadCounter.table","NW_015090842.1:7774564",16,51,35
"LOC106888097","s954_F_TNA_03_ASEReadCounter.table","NW_015090842.1:7774611",10,38,28
"LOC106888097","s954_F_TNA_03_ASEReadCounter.table","NW_015090842.1:7774681",12,39,27
"LOC106888097","s954_F_TNA_03_ASEReadCounter.table","NW_015090842.1:7774698",13,37,24
"LOC106888097","s954_F_TNA_03_ASEReadCounter.table","NW_015090842.1:7774730",7,23,16
"LOC106888097","s954_F_TNA_03_ASEReadCounter.table","NW_015090842.1:7774778",1,1,0
"LOC106888097","s954_F_TNA_03_ASEReadCounter.table","NW_015090842.1:7774793",1,1,0
"FOXC2","s954_F_TNA_03_ASEReadCounter.table","NW_015090842.1:8129599",5,13,8
"FOXC2","s954_F_TNA_03_ASEReadCounter.table","NW_015090842.1:8129616",4,9,5
"FOXC2","s954_F_TNA_03_ASEReadCounter.table","NW_015090842.1:8129715",5,11,6
"FOXC2","s954_F_TNA_03_ASEReadCounter.table","NW_015090842.1:8129719",5,12,7
"FOXC2","s954_F_TNA_03_ASEReadCounter.table","NW_015090842.1:8130244",2,4,2
"FOXC2","s954_F_TNA_03_ASEReadCounter.table","NW_015090842.1:8130472",1,6,5
"FOXC2","s954_F_TNA_03_ASEReadCounter.table","NW_015090842.1:8130490",3,9,6
"FOXC2","s954_F_TNA_03_ASEReadCounter.table","NW_015090842.1:8130547",2,6,4
"FOXC2","s954_F_TNA_03_ASEReadCounter.table","NW_015090842.1:8130550",3,8,5
"FOXC2","s954_F_TNA_03_ASEReadCounter.table","NW_015090842.1:8130573",2,5,3
"FOXC2","s954_F_TNA_03_ASEReadCounter.table","NW_015090842.1:8130575",2,5,3
"MTHFSD","s954_F_TNA_03_ASEReadCounter.table","NW_015090842.1:8140051",5,11,6
"MTHFSD","s954_F_TNA_03_ASEReadCounter.table","NW_015090842.1:8142923",10,32,22
"MTHFSD","s954_F_TNA_03_ASEReadCounter.table","NW_015090842.1:8143029",14,41,27
"MTHFSD","s954_F_TNA_03_ASEReadCounter.table","NW_015090842.1:8152035",6,20,14
"MTHFSD","s954_F_TNA_03_ASEReadCounter.table","NW_015090842.1:8152315",11,29,18
"MTHFSD","s954_F_TNA_03_ASEReadCounter.table","NW_015090842.1:8152511",6,23,17
"MTHFSD","s954_F_TNA_03_ASEReadCounter.table","NW_015090842.1:8152518",6,21,15
"MTHFSD","s954_F_TNA_03_ASEReadCounter.table","NW_015090842.1:8152553",8,23,15
"MTHFSD","s954_F_TNA_03_ASEReadCounter.table","NW_015090842.1:8152773",8,26,18
"MTHFSD","s954_F_TNA_03_ASEReadCounter.table","NW_015090842.1:8152805",9,27,18
"IRF8","s954_F_TNA_03_ASEReadCounter.table","NW_015090842.1:8406652",6,13,7
"IRF8","s954_F_TNA_03_ASEReadCounter.table","NW_015090842.1:8406703",5,15,10
"IRF8","s954_F_TNA_03_ASEReadCounter.table","NW_015090842.1:8406704",6,15,9
"IRF8","s954_F_TNA_03_ASEReadCounter.table","NW_015090842.1:8406757",3,14,11
"IRF8","s954_F_TNA_03_ASEReadCounter.table","NW_015090842.1:8406778",4,15,11
"IRF8","s954_F_TNA_03_ASEReadCounter.table","NW_015090842.1:8406819",3,11,8
"IRF8","s954_F_TNA_03_ASEReadCounter.table","NW_015090842.1:8406941",5,11,6
"IRF8","s954_F_TNA_03_ASEReadCounter.table","NW_015090842.1:8407008",6,13,7
"IRF8","s954_F_TNA_03_ASEReadCounter.table","NW_015090842.1:8407057",3,6,3
"IRF8","s954_F_TNA_03_ASEReadCounter.table","NW_015090842.1:8407064",4,7,3
"IRF8","s954_F_TNA_03_ASEReadCounter.table","NW_015090842.1:8407069",4,11,7
"IRF8","s954_F_TNA_03_ASEReadCounter.table","NW_015090842.1:8407120",3,12,9
"IRF8","s954_F_TNA_03_ASEReadCounter.table","NW_015090842.1:8407157",5,11,6
"IRF8","s954_F_TNA_03_ASEReadCounter.table","NW_015090842.1:8407203",3,11,8
"IRF8","s954_F_TNA_03_ASEReadCounter.table","NW_015090842.1:8407272",10,17,7
"IRF8","s954_F_TNA_03_ASEReadCounter.table","NW_015090842.1:8407276",9,15,6
"IRF8","s954_F_TNA_03_ASEReadCounter.table","NW_015090842.1:8407303",12,19,7
"IRF8","s954_F_TNA_03_ASEReadCounter.table","NW_015090842.1:8407451",6,10,4
"IRF8","s954_F_TNA_03_ASEReadCounter.table","NW_015090842.1:8407456",4,8,4
"IRF8","s954_F_TNA_03_ASEReadCounter.table","NW_015090842.1:8408564",3,7,4
"IRF8","s954_F_TNA_03_ASEReadCounter.table","NW_015090842.1:8408585",9,9,0
"IRF8","s954_F_TNA_03_ASEReadCounter.table","NW_015090842.1:8408973",5,12,7
"IRF8","s954_F_TNA_03_ASEReadCounter.table","NW_015090842.1:8409060",0,4,4
"IRF8","s954_F_TNA_03_ASEReadCounter.table","NW_015090842.1:8409065",0,4,4
"IRF8","s954_F_TNA_03_ASEReadCounter.table","NW_015090842.1:8409254",2,9,7
"IRF8","s954_F_TNA_03_ASEReadCounter.table","NW_015090842.1:8409255",2,9,7
"IRF8","s954_F_TNA_03_ASEReadCounter.table","NW_015090842.1:8409258",2,7,5
"IRF8","s954_F_TNA_03_ASEReadCounter.table","NW_015090842.1:8409312",5,9,4
"IRF8","s954_F_TNA_03_ASEReadCounter.table","NW_015090842.1:8410216",2,7,5
"IRF8","s954_F_TNA_03_ASEReadCounter.table","NW_015090842.1:8410237",4,9,5
"IRF8","s954_F_TNA_03_ASEReadCounter.table","NW_015090842.1:8410276",11,11,0
"IRF8","s954_F_TNA_03_ASEReadCounter.table","NW_015090842.1:8410813",6,8,2
"IRF8","s954_F_TNA_03_ASEReadCounter.table","NW_015090842.1:8410861",5,8,3
"IRF8","s954_F_TNA_03_ASEReadCounter.table","NW_015090842.1:8411940",5,8,3
"IRF8","s954_F_TNA_03_ASEReadCounter.table","NW_015090842.1:8412006",3,5,2
"IRF8","s954_F_TNA_03_ASEReadCounter.table","NW_015090842.1:8412042",4,6,2
"DUSP15","s954_F_TNA_03_ASEReadCounter.table","NW_015090842.1:8422787",1,1,0
"DUSP15","s954_F_TNA_03_ASEReadCounter.table","NW_015090842.1:8422898",1,1,0
"DUSP15","s954_F_TNA_03_ASEReadCounter.table","NW_015090842.1:8422909",1,1,0
"COX4I1","s954_F_TNA_03_ASEReadCounter.table","NW_015090842.1:8442258",1085,2058,973
"COX4I1","s954_F_TNA_03_ASEReadCounter.table","NW_015090842.1:8442333",877,1724,847
"EMC8","s954_F_TNA_03_ASEReadCounter.table","NW_015090842.1:8444046",45,103,58
"EMC8","s954_F_TNA_03_ASEReadCounter.table","NW_015090842.1:8444064",43,89,46
"EMC8","s954_F_TNA_03_ASEReadCounter.table","NW_015090842.1:8452029",28,73,45
"EMC8","s954_F_TNA_03_ASEReadCounter.table","NW_015090842.1:8452116",46,101,55
"EMC8","s954_F_TNA_03_ASEReadCounter.table","NW_015090842.1:8452121",45,101,56
"EMC8","s954_F_TNA_03_ASEReadCounter.table","NW_015090842.1:8452222",50,89,39
"EMC8","s954_F_TNA_03_ASEReadCounter.table","NW_015090842.1:8452244",48,97,49
"EMC8","s954_F_TNA_03_ASEReadCounter.table","NW_015090842.1:8452477",19,39,20
"EMC8","s954_F_TNA_03_ASEReadCounter.table","NW_015090842.1:8452498",16,33,17
"EMC8","s954_F_TNA_03_ASEReadCounter.table","NW_015090842.1:8452535",11,22,11
"EMC8","s954_F_TNA_03_ASEReadCounter.table","NW_015090842.1:8452575",3,14,11
"EMC8","s954_F_TNA_03_ASEReadCounter.table","NW_015090842.1:8452600",4,10,6
"EMC8","s954_F_TNA_03_ASEReadCounter.table","NW_015090842.1:8452616",6,11,5
"EMC8","s954_F_TNA_03_ASEReadCounter.table","NW_015090842.1:8452630",4,9,5
"EMC8","s954_F_TNA_03_ASEReadCounter.table","NW_015090842.1:8452650",7,11,4
"EMC8","s954_F_TNA_03_ASEReadCounter.table","NW_015090842.1:8452678",11,21,10
"EMC8","s954_F_TNA_03_ASEReadCounter.table","NW_015090842.1:8452724",9,21,12
"EMC8","s954_F_TNA_03_ASEReadCounter.table","NW_015090842.1:8452731",10,21,11
"EMC8","s954_F_TNA_03_ASEReadCounter.table","NW_015090842.1:8452743",8,21,13
"EMC8","s954_F_TNA_03_ASEReadCounter.table","NW_015090842.1:8452750",7,19,12
"EMC8","s954_F_TNA_03_ASEReadCounter.table","NW_015090842.1:8452778",6,17,11
"EMC8","s954_F_TNA_03_ASEReadCounter.table","NW_015090842.1:8452783",7,19,12
"EMC8","s954_F_TNA_03_ASEReadCounter.table","NW_015090842.1:8452800",10,21,11
"EMC8","s954_F_TNA_03_ASEReadCounter.table","NW_015090842.1:8452804",10,21,11
"EMC8","s954_F_TNA_03_ASEReadCounter.table","NW_015090842.1:8452812",8,19,11
"EMC8","s954_F_TNA_03_ASEReadCounter.table","NW_015090842.1:8452858",14,28,14
"EMC8","s954_F_TNA_03_ASEReadCounter.table","NW_015090842.1:8452906",19,32,13
"EMC8","s954_F_TNA_03_ASEReadCounter.table","NW_015090842.1:8452913",21,33,12
"EMC8","s954_F_TNA_03_ASEReadCounter.table","NW_015090842.1:8453000",26,35,9
"EMC8","s954_F_TNA_03_ASEReadCounter.table","NW_015090842.1:8453007",28,38,10
"EMC8","s954_F_TNA_03_ASEReadCounter.table","NW_015090842.1:8453058",21,36,15
"EMC8","s954_F_TNA_03_ASEReadCounter.table","NW_015090842.1:8453106",19,33,14
"GINS2","s954_F_TNA_03_ASEReadCounter.table","NW_015090842.1:8466420",6,8,2
"GINS2","s954_F_TNA_03_ASEReadCounter.table","NW_015090842.1:8466424",6,8,2
"GINS2","s954_F_TNA_03_ASEReadCounter.table","NW_015090842.1:8466518",7,8,1
"GINS2","s954_F_TNA_03_ASEReadCounter.table","NW_015090842.1:8468482",12,13,1
"GINS2","s954_F_TNA_03_ASEReadCounter.table","NW_015090842.1:8470290",14,17,3
"GINS2","s954_F_TNA_03_ASEReadCounter.table","NW_015090842.1:8470305",15,18,3
"GINS2","s954_F_TNA_03_ASEReadCounter.table","NW_015090842.1:8470381",20,22,2
"GINS2","s954_F_TNA_03_ASEReadCounter.table","NW_015090842.1:8470418",17,21,4
"GINS2","s954_F_TNA_03_ASEReadCounter.table","NW_015090842.1:8470421",15,19,4
"GINS2","s954_F_TNA_03_ASEReadCounter.table","NW_015090842.1:8470430",12,16,4
"GINS2","s954_F_TNA_03_ASEReadCounter.table","NW_015090842.1:8470433",11,15,4
"GINS2","s954_F_TNA_03_ASEReadCounter.table","NW_015090842.1:8470457",6,11,5
"GINS2","s954_F_TNA_03_ASEReadCounter.table","NW_015090842.1:8470491",5,9,4
"GINS2","s954_F_TNA_03_ASEReadCounter.table","NW_015090842.1:8470548",12,14,2
"GINS2","s954_F_TNA_03_ASEReadCounter.table","NW_015090842.1:8470649",6,11,5
"GSE1","s954_F_TNA_03_ASEReadCounter.table","NW_015090842.1:8475362",48,91,43
"GSE1","s954_F_TNA_03_ASEReadCounter.table","NW_015090842.1:8475961",18,31,13
"GSE1","s954_F_TNA_03_ASEReadCounter.table","NW_015090842.1:8476027",13,30,17
"GSE1","s954_F_TNA_03_ASEReadCounter.table","NW_015090842.1:8476159",4,10,6
"GSE1","s954_F_TNA_03_ASEReadCounter.table","NW_015090842.1:8477442",0,11,11
"GSE1","s954_F_TNA_03_ASEReadCounter.table","NW_015090842.1:8477448",0,10,10
"GSE1","s954_F_TNA_03_ASEReadCounter.table","NW_015090842.1:8477662",1,12,11
"GSE1","s954_F_TNA_03_ASEReadCounter.table","NW_015090842.1:8477933",10,23,13
"GSE1","s954_F_TNA_03_ASEReadCounter.table","NW_015090842.1:8477945",11,24,13
"GSE1","s954_F_TNA_03_ASEReadCounter.table","NW_015090842.1:8483272",3,13,10
"GSE1","s954_F_TNA_03_ASEReadCounter.table","NW_015090842.1:8483367",2,5,3
"GSE1","s954_F_TNA_03_ASEReadCounter.table","NW_015090842.1:8483756",5,12,7
"GSE1","s954_F_TNA_03_ASEReadCounter.table","NW_015090842.1:8486867",9,23,14
"GSE1","s954_F_TNA_03_ASEReadCounter.table","NW_015090842.1:8486939",15,33,18
"GSE1","s954_F_TNA_03_ASEReadCounter.table","NW_015090842.1:8486945",16,34,18
"GSE1","s954_F_TNA_03_ASEReadCounter.table","NW_015090842.1:8486993",14,26,12
"GSE1","s954_F_TNA_03_ASEReadCounter.table","NW_015090842.1:8487062",15,30,15
"GSE1","s954_F_TNA_03_ASEReadCounter.table","NW_015090842.1:8488065",15,25,10
"GSE1","s954_F_TNA_03_ASEReadCounter.table","NW_015090842.1:8488457",4,6,2
"GSE1","s954_F_TNA_03_ASEReadCounter.table","NW_015090842.1:8488463",6,9,3
"GSE1","s954_F_TNA_03_ASEReadCounter.table","NW_015090842.1:8488490",14,14,0
"GSE1","s954_F_TNA_03_ASEReadCounter.table","NW_015090842.1:8488505",8,15,7
"GSE1","s954_F_TNA_03_ASEReadCounter.table","NW_015090842.1:8490180",0,22,22
"KIAA0513","s954_F_TNA_03_ASEReadCounter.table","NW_015090842.1:8668363",91,199,108
"KIAA0513","s954_F_TNA_03_ASEReadCounter.table","NW_015090842.1:8668387",90,186,96
"KIAA0513","s954_F_TNA_03_ASEReadCounter.table","NW_015090842.1:8668390",90,180,90
"KIAA0513","s954_F_TNA_03_ASEReadCounter.table","NW_015090842.1:8673107",63,162,99
"KIAA0513","s954_F_TNA_03_ASEReadCounter.table","NW_015090842.1:8673147",70,181,111
"KIAA0513","s954_F_TNA_03_ASEReadCounter.table","NW_015090842.1:8674661",53,120,67
"KIAA0513","s954_F_TNA_03_ASEReadCounter.table","NW_015090842.1:8674685",51,111,60
"KIAA0513","s954_F_TNA_03_ASEReadCounter.table","NW_015090842.1:8674730",46,92,46
"KIAA0513","s954_F_TNA_03_ASEReadCounter.table","NW_015090842.1:8675525",44,109,65
"KIAA0513","s954_F_TNA_03_ASEReadCounter.table","NW_015090842.1:8675561",42,101,59
"KIAA0513","s954_F_TNA_03_ASEReadCounter.table","NW_015090842.1:8678608",0,15,15
"KIAA0513","s954_F_TNA_03_ASEReadCounter.table","NW_015090842.1:8686455",0,28,28
"KIAA0513","s954_F_TNA_03_ASEReadCounter.table","NW_015090842.1:8686508",0,34,34
"KIAA0513","s954_F_TNA_03_ASEReadCounter.table","NW_015090842.1:8686521",0,33,33
"KIAA0513","s954_F_TNA_03_ASEReadCounter.table","NW_015090842.1:8693642",0,2,2
"FBXO31","s954_F_TNA_03_ASEReadCounter.table","NW_015090842.1:8710240",41,83,42
"FBXO31","s954_F_TNA_03_ASEReadCounter.table","NW_015090842.1:8710372",25,45,20
"FBXO31","s954_F_TNA_03_ASEReadCounter.table","NW_015090842.1:8711239",35,65,30
"FBXO31","s954_F_TNA_03_ASEReadCounter.table","NW_015090842.1:8714565",34,58,24
"FBXO31","s954_F_TNA_03_ASEReadCounter.table","NW_015090842.1:8716001",18,41,23
"ZCCHC14","s954_F_TNA_03_ASEReadCounter.table","NW_015090842.1:8750174",38,54,16
"ZCCHC14","s954_F_TNA_03_ASEReadCounter.table","NW_015090842.1:8750189",46,54,8
"ZCCHC14","s954_F_TNA_03_ASEReadCounter.table","NW_015090842.1:8750365",47,83,36
"ZCCHC14","s954_F_TNA_03_ASEReadCounter.table","NW_015090842.1:8750433",34,58,24
"ZCCHC14","s954_F_TNA_03_ASEReadCounter.table","NW_015090842.1:8750449",30,57,27
"ZCCHC14","s954_F_TNA_03_ASEReadCounter.table","NW_015090842.1:8750456",28,53,25
"ZCCHC14","s954_F_TNA_03_ASEReadCounter.table","NW_015090842.1:8750497",47,70,23
"ZCCHC14","s954_F_TNA_03_ASEReadCounter.table","NW_015090842.1:8750547",54,82,28
"ZCCHC14","s954_F_TNA_03_ASEReadCounter.table","NW_015090842.1:8751100",9,21,12
"ZCCHC14","s954_F_TNA_03_ASEReadCounter.table","NW_015090842.1:8751374",18,35,17
"ZCCHC14","s954_F_TNA_03_ASEReadCounter.table","NW_015090842.1:8751403",19,37,18
"ZCCHC14","s954_F_TNA_03_ASEReadCounter.table","NW_015090842.1:8751517",15,42,27
"ZCCHC14","s954_F_TNA_03_ASEReadCounter.table","NW_015090842.1:8752060",8,22,14
"ZCCHC14","s954_F_TNA_03_ASEReadCounter.table","NW_015090842.1:8752172",16,39,23
"ZCCHC14","s954_F_TNA_03_ASEReadCounter.table","NW_015090842.1:8752183",11,34,23
"ZCCHC14","s954_F_TNA_03_ASEReadCounter.table","NW_015090842.1:8752198",11,34,23
"ZCCHC14","s954_F_TNA_03_ASEReadCounter.table","NW_015090842.1:8752248",16,34,18
"ZCCHC14","s954_F_TNA_03_ASEReadCounter.table","NW_015090842.1:8752326",18,35,17
"ZCCHC14","s954_F_TNA_03_ASEReadCounter.table","NW_015090842.1:8752393",21,46,25
"ZCCHC14","s954_F_TNA_03_ASEReadCounter.table","NW_015090842.1:8752914",25,50,25
"ZCCHC14","s954_F_TNA_03_ASEReadCounter.table","NW_015090842.1:8753528",7,13,6
"ZCCHC14","s954_F_TNA_03_ASEReadCounter.table","NW_015090842.1:8753892",9,17,8
"ZCCHC14","s954_F_TNA_03_ASEReadCounter.table","NW_015090842.1:8753910",9,17,8
"ZCCHC14","s954_F_TNA_03_ASEReadCounter.table","NW_015090842.1:8755096",6,11,5
"ZCCHC14","s954_F_TNA_03_ASEReadCounter.table","NW_015090842.1:8755327",5,11,6
"ZCCHC14","s954_F_TNA_03_ASEReadCounter.table","NW_015090842.1:8755723",5,9,4
"ZCCHC14","s954_F_TNA_03_ASEReadCounter.table","NW_015090842.1:8755739",6,10,4
"ZCCHC14","s954_F_TNA_03_ASEReadCounter.table","NW_015090842.1:8756149",4,7,3
"ZCCHC14","s954_F_TNA_03_ASEReadCounter.table","NW_015090842.1:8756347",4,9,5
"ZCCHC14","s954_F_TNA_03_ASEReadCounter.table","NW_015090842.1:8756361",4,9,5
"ZCCHC14","s954_F_TNA_03_ASEReadCounter.table","NW_015090842.1:8756388",5,9,4
"ZCCHC14","s954_F_TNA_03_ASEReadCounter.table","NW_015090842.1:8756389",5,9,4
"ZCCHC14","s954_F_TNA_03_ASEReadCounter.table","NW_015090842.1:8757160",8,13,5
"ZCCHC14","s954_F_TNA_03_ASEReadCounter.table","NW_015090842.1:8804511",0,3,3
"ZCCHC14","s954_F_TNA_03_ASEReadCounter.table","NW_015090842.1:8804979",0,1,1
"JPH3","s954_F_TNA_03_ASEReadCounter.table","NW_015090842.1:8845375",36,80,44
"JPH3","s954_F_TNA_03_ASEReadCounter.table","NW_015090842.1:8845640",57,122,65
"JPH3","s954_F_TNA_03_ASEReadCounter.table","NW_015090842.1:8845654",52,122,70
"JPH3","s954_F_TNA_03_ASEReadCounter.table","NW_015090842.1:8872283",71,150,79
"JPH3","s954_F_TNA_03_ASEReadCounter.table","NW_015090842.1:8872294",72,148,76
"JPH3","s954_F_TNA_03_ASEReadCounter.table","NW_015090842.1:8872730",90,176,86
"JPH3","s954_F_TNA_03_ASEReadCounter.table","NW_015090842.1:8885260",143,293,150
"JPH3","s954_F_TNA_03_ASEReadCounter.table","NW_015090842.1:8885315",102,223,121
"JPH3","s954_F_TNA_03_ASEReadCounter.table","NW_015090842.1:8885328",85,200,115
"JPH3","s954_F_TNA_03_ASEReadCounter.table","NW_015090842.1:8885438",143,279,136
"JPH3","s954_F_TNA_03_ASEReadCounter.table","NW_015090842.1:8885525",30,130,100
"KLHDC4","s954_F_TNA_03_ASEReadCounter.table","NW_015090842.1:8890729",39,75,36
"KLHDC4","s954_F_TNA_03_ASEReadCounter.table","NW_015090842.1:8890749",43,75,32
"KLHDC4","s954_F_TNA_03_ASEReadCounter.table","NW_015090842.1:8890761",45,82,37
"KLHDC4","s954_F_TNA_03_ASEReadCounter.table","NW_015090842.1:8891123",74,126,52
"KLHDC4","s954_F_TNA_03_ASEReadCounter.table","NW_015090842.1:8893124",61,98,37
"KLHDC4","s954_F_TNA_03_ASEReadCounter.table","NW_015090842.1:8894542",39,72,33
"KLHDC4","s954_F_TNA_03_ASEReadCounter.table","NW_015090842.1:8896726",30,64,34
"KLHDC4","s954_F_TNA_03_ASEReadCounter.table","NW_015090842.1:8896767",25,58,33
"KLHDC4","s954_F_TNA_03_ASEReadCounter.table","NW_015090842.1:8904174",27,43,16
"KLHDC4","s954_F_TNA_03_ASEReadCounter.table","NW_015090842.1:8904231",25,48,23
"KLHDC4","s954_F_TNA_03_ASEReadCounter.table","NW_015090842.1:8905251",23,38,15
"KLHDC4","s954_F_TNA_03_ASEReadCounter.table","NW_015090842.1:8905263",26,42,16
"KLHDC4","s954_F_TNA_03_ASEReadCounter.table","NW_015090842.1:8919626",4,7,3
"SLC7A5","s954_F_TNA_03_ASEReadCounter.table","NW_015090842.1:8938782",204,477,273
"SLC7A5","s954_F_TNA_03_ASEReadCounter.table","NW_015090842.1:8938943",154,360,206
"SLC7A5","s954_F_TNA_03_ASEReadCounter.table","NW_015090842.1:8939611",93,182,89
"SLC7A5","s954_F_TNA_03_ASEReadCounter.table","NW_015090842.1:8939738",122,279,157
"SLC7A5","s954_F_TNA_03_ASEReadCounter.table","NW_015090842.1:8939739",124,277,153
"SLC7A5","s954_F_TNA_03_ASEReadCounter.table","NW_015090842.1:8939740",118,281,163
"SLC7A5","s954_F_TNA_03_ASEReadCounter.table","NW_015090842.1:8939795",116,259,143
"SLC7A5","s954_F_TNA_03_ASEReadCounter.table","NW_015090842.1:8939815",96,249,153
"SLC7A5","s954_F_TNA_03_ASEReadCounter.table","NW_015090842.1:8939816",95,248,153
"SLC7A5","s954_F_TNA_03_ASEReadCounter.table","NW_015090842.1:8939817",94,260,166
"SLC7A5","s954_F_TNA_03_ASEReadCounter.table","NW_015090842.1:8939845",101,273,172
"SLC7A5","s954_F_TNA_03_ASEReadCounter.table","NW_015090842.1:8939894",83,239,156
"SLC7A5","s954_F_TNA_03_ASEReadCounter.table","NW_015090842.1:8939895",83,231,148
"SLC7A5","s954_F_TNA_03_ASEReadCounter.table","NW_015090842.1:8939997",427,427,0
"SLC7A5","s954_F_TNA_03_ASEReadCounter.table","NW_015090842.1:8940172",147,331,184
"SLC7A5","s954_F_TNA_03_ASEReadCounter.table","NW_015090842.1:8940331",59,136,77
"SLC7A5","s954_F_TNA_03_ASEReadCounter.table","NW_015090842.1:8940696",101,169,68
"SLC7A5","s954_F_TNA_03_ASEReadCounter.table","NW_015090842.1:8940719",50,142,92
"SLC7A5","s954_F_TNA_03_ASEReadCounter.table","NW_015090842.1:8940737",48,130,82
"SLC7A5","s954_F_TNA_03_ASEReadCounter.table","NW_015090842.1:8940743",56,136,80
"SLC7A5","s954_F_TNA_03_ASEReadCounter.table","NW_015090842.1:8940766",71,164,93
"SLC7A5","s954_F_TNA_03_ASEReadCounter.table","NW_015090842.1:8940769",73,177,104
"SLC7A5","s954_F_TNA_03_ASEReadCounter.table","NW_015090842.1:8940861",74,164,90
"SLC7A5","s954_F_TNA_03_ASEReadCounter.table","NW_015090842.1:8941068",80,200,120
"SLC7A5","s954_F_TNA_03_ASEReadCounter.table","NW_015090842.1:8941467",60,153,93
"SLC7A5","s954_F_TNA_03_ASEReadCounter.table","NW_015090842.1:8941531",55,142,87
"SLC7A5","s954_F_TNA_03_ASEReadCounter.table","NW_015090842.1:8941588",86,192,106
"SLC7A5","s954_F_TNA_03_ASEReadCounter.table","NW_015090842.1:8941698",43,99,56
"SLC7A5","s954_F_TNA_03_ASEReadCounter.table","NW_015090842.1:8941717",53,115,62
"SLC7A5","s954_F_TNA_03_ASEReadCounter.table","NW_015090842.1:8941745",60,131,71
"SLC7A5","s954_F_TNA_03_ASEReadCounter.table","NW_015090842.1:8941781",66,146,80
"SLC7A5","s954_F_TNA_03_ASEReadCounter.table","NW_015090842.1:8941887",50,106,56
"SLC7A5","s954_F_TNA_03_ASEReadCounter.table","NW_015090842.1:8941968",27,102,75
"SLC7A5","s954_F_TNA_03_ASEReadCounter.table","NW_015090842.1:8942025",42,118,76
"SLC7A5","s954_F_TNA_03_ASEReadCounter.table","NW_015090842.1:8942069",48,129,81
"SLC7A5","s954_F_TNA_03_ASEReadCounter.table","NW_015090842.1:8942170",46,143,97
"SLC7A5","s954_F_TNA_03_ASEReadCounter.table","NW_015090842.1:8942241",61,163,102
"SLC7A5","s954_F_TNA_03_ASEReadCounter.table","NW_015090842.1:8942283",53,142,89
"SLC7A5","s954_F_TNA_03_ASEReadCounter.table","NW_015090842.1:8942717",99,208,109
"SLC7A5","s954_F_TNA_03_ASEReadCounter.table","NW_015090842.1:8942756",130,267,137
"SLC7A5","s954_F_TNA_03_ASEReadCounter.table","NW_015090842.1:8942766",125,264,139
"SLC7A5","s954_F_TNA_03_ASEReadCounter.table","NW_015090842.1:8943271",71,187,116
"SLC7A5","s954_F_TNA_03_ASEReadCounter.table","NW_015090842.1:8943524",40,106,66
"SLC7A5","s954_F_TNA_03_ASEReadCounter.table","NW_015090842.1:8943530",40,106,66
"SLC7A5","s954_F_TNA_03_ASEReadCounter.table","NW_015090842.1:8943602",39,101,62
"SLC7A5","s954_F_TNA_03_ASEReadCounter.table","NW_015090842.1:8943622",31,84,53
"SLC7A5","s954_F_TNA_03_ASEReadCounter.table","NW_015090842.1:8943661",28,81,53
"SLC7A5","s954_F_TNA_03_ASEReadCounter.table","NW_015090842.1:8943686",29,84,55
"SLC7A5","s954_F_TNA_03_ASEReadCounter.table","NW_015090842.1:8943788",35,88,53
"SLC7A5","s954_F_TNA_03_ASEReadCounter.table","NW_015090842.1:8943814",32,80,48
"SLC7A5","s954_F_TNA_03_ASEReadCounter.table","NW_015090842.1:8943876",23,58,35
"SLC7A5","s954_F_TNA_03_ASEReadCounter.table","NW_015090842.1:8943892",26,69,43
"SLC7A5","s954_F_TNA_03_ASEReadCounter.table","NW_015090842.1:8944097",38,100,62
"SLC7A5","s954_F_TNA_03_ASEReadCounter.table","NW_015090842.1:8944104",40,104,64
"SLC7A5","s954_F_TNA_03_ASEReadCounter.table","NW_015090842.1:8944293",20,46,26
"SLC7A5","s954_F_TNA_03_ASEReadCounter.table","NW_015090842.1:8944297",20,45,25
"SLC7A5","s954_F_TNA_03_ASEReadCounter.table","NW_015090842.1:8944397",19,38,19
"SLC7A5","s954_F_TNA_03_ASEReadCounter.table","NW_015090842.1:8944552",17,40,23
"SLC7A5","s954_F_TNA_03_ASEReadCounter.table","NW_015090842.1:8944629",31,62,31
"CA5A","s954_F_TNA_03_ASEReadCounter.table","NW_015090842.1:8989479",57,97,40
"CA5A","s954_F_TNA_03_ASEReadCounter.table","NW_015090842.1:8989562",73,117,44
"CA5A","s954_F_TNA_03_ASEReadCounter.table","NW_015090842.1:8989609",67,116,49
"CA5A","s954_F_TNA_03_ASEReadCounter.table","NW_015090842.1:8989693",99,169,70
"CA5A","s954_F_TNA_03_ASEReadCounter.table","NW_015090842.1:8989702",102,172,70
"CA5A","s954_F_TNA_03_ASEReadCounter.table","NW_015090842.1:8989746",106,171,65
"CA5A","s954_F_TNA_03_ASEReadCounter.table","NW_015090842.1:8989880",58,105,47
"CA5A","s954_F_TNA_03_ASEReadCounter.table","NW_015090842.1:8989885",58,106,48
"CA5A","s954_F_TNA_03_ASEReadCounter.table","NW_015090842.1:8989929",62,120,58
"CA5A","s954_F_TNA_03_ASEReadCounter.table","NW_015090842.1:8990002",56,119,63
"CA5A","s954_F_TNA_03_ASEReadCounter.table","NW_015090842.1:8990004",57,119,62
"CA5A","s954_F_TNA_03_ASEReadCounter.table","NW_015090842.1:8990005",57,121,64
"CA5A","s954_F_TNA_03_ASEReadCounter.table","NW_015090842.1:8990017",59,122,63
"CA5A","s954_F_TNA_03_ASEReadCounter.table","NW_015090842.1:8990043",45,102,57
"CA5A","s954_F_TNA_03_ASEReadCounter.table","NW_015090842.1:8990060",101,101,0
"CA5A","s954_F_TNA_03_ASEReadCounter.table","NW_015090842.1:8990080",35,92,57
"CA5A","s954_F_TNA_03_ASEReadCounter.table","NW_015090842.1:8990084",34,88,54
"CA5A","s954_F_TNA_03_ASEReadCounter.table","NW_015090842.1:8990090",29,84,55
"CA5A","s954_F_TNA_03_ASEReadCounter.table","NW_015090842.1:8990095",34,90,56
"CA5A","s954_F_TNA_03_ASEReadCounter.table","NW_015090842.1:8990111",36,90,54
"CA5A","s954_F_TNA_03_ASEReadCounter.table","NW_015090842.1:8990112",36,89,53
"CA5A","s954_F_TNA_03_ASEReadCounter.table","NW_015090842.1:8990115",42,96,54
"CA5A","s954_F_TNA_03_ASEReadCounter.table","NW_015090842.1:8990166",45,72,27
"CA5A","s954_F_TNA_03_ASEReadCounter.table","NW_015090842.1:8990169",51,77,26
"CA5A","s954_F_TNA_03_ASEReadCounter.table","NW_015090842.1:8990193",76,76,0
"CA5A","s954_F_TNA_03_ASEReadCounter.table","NW_015090842.1:8990222",40,64,24
"CA5A","s954_F_TNA_03_ASEReadCounter.table","NW_015090842.1:8990289",54,91,37
"CA5A","s954_F_TNA_03_ASEReadCounter.table","NW_015090842.1:8990314",57,93,36
"CA5A","s954_F_TNA_03_ASEReadCounter.table","NW_015090842.1:8990361",34,59,25
"CA5A","s954_F_TNA_03_ASEReadCounter.table","NW_015090842.1:8990368",33,56,23
"CA5A","s954_F_TNA_03_ASEReadCounter.table","NW_015090842.1:8990429",38,60,22
"CA5A","s954_F_TNA_03_ASEReadCounter.table","NW_015090842.1:8990466",34,58,24
"CA5A","s954_F_TNA_03_ASEReadCounter.table","NW_015090842.1:8990663",32,59,27
"CA5A","s954_F_TNA_03_ASEReadCounter.table","NW_015090842.1:8990797",20,39,19
"CA5A","s954_F_TNA_03_ASEReadCounter.table","NW_015090842.1:8990836",30,55,25
"CA5A","s954_F_TNA_03_ASEReadCounter.table","NW_015090842.1:8990842",34,60,26
"CA5A","s954_F_TNA_03_ASEReadCounter.table","NW_015090842.1:8990851",33,57,24
"CA5A","s954_F_TNA_03_ASEReadCounter.table","NW_015090842.1:8990918",37,60,23
"CA5A","s954_F_TNA_03_ASEReadCounter.table","NW_015090842.1:8990921",33,55,22
"CA5A","s954_F_TNA_03_ASEReadCounter.table","NW_015090842.1:8990942",34,54,20
"CA5A","s954_F_TNA_03_ASEReadCounter.table","NW_015090842.1:8991001",30,54,24
"CA5A","s954_F_TNA_03_ASEReadCounter.table","NW_015090842.1:8991038",31,61,30
"CA5A","s954_F_TNA_03_ASEReadCounter.table","NW_015090842.1:8991149",37,59,22
"CA5A","s954_F_TNA_03_ASEReadCounter.table","NW_015090842.1:8991176",41,76,35
"CA5A","s954_F_TNA_03_ASEReadCounter.table","NW_015090842.1:8991241",31,63,32
"CA5A","s954_F_TNA_03_ASEReadCounter.table","NW_015090842.1:8991262",24,50,26
"CA5A","s954_F_TNA_03_ASEReadCounter.table","NW_015090842.1:8991316",35,36,1
"CA5A","s954_F_TNA_03_ASEReadCounter.table","NW_015090842.1:8991319",32,33,1
"CA5A","s954_F_TNA_03_ASEReadCounter.table","NW_015090842.1:8991330",35,36,1
"CA5A","s954_F_TNA_03_ASEReadCounter.table","NW_015090842.1:8991334",33,34,1
"CA5A","s954_F_TNA_03_ASEReadCounter.table","NW_015090842.1:8991362",36,58,22
"CA5A","s954_F_TNA_03_ASEReadCounter.table","NW_015090842.1:8991368",37,58,21
"CA5A","s954_F_TNA_03_ASEReadCounter.table","NW_015090842.1:8991390",37,59,22
"CA5A","s954_F_TNA_03_ASEReadCounter.table","NW_015090842.1:8991395",36,61,25
"CA5A","s954_F_TNA_03_ASEReadCounter.table","NW_015090842.1:8991422",31,59,28
"CA5A","s954_F_TNA_03_ASEReadCounter.table","NW_015090842.1:8991467",30,53,23
"CA5A","s954_F_TNA_03_ASEReadCounter.table","NW_015090842.1:8991576",21,32,11
"CA5A","s954_F_TNA_03_ASEReadCounter.table","NW_015090842.1:8991587",24,39,15
"CA5A","s954_F_TNA_03_ASEReadCounter.table","NW_015090842.1:8991655",28,53,25
"CA5A","s954_F_TNA_03_ASEReadCounter.table","NW_015090842.1:8991717",19,44,25
"CA5A","s954_F_TNA_03_ASEReadCounter.table","NW_015090842.1:8991726",22,43,21
"CA5A","s954_F_TNA_03_ASEReadCounter.table","NW_015090842.1:8991799",25,39,14
"CA5A","s954_F_TNA_03_ASEReadCounter.table","NW_015090842.1:8991809",20,33,13
"CA5A","s954_F_TNA_03_ASEReadCounter.table","NW_015090842.1:8991848",15,28,13
"CA5A","s954_F_TNA_03_ASEReadCounter.table","NW_015090842.1:8991849",15,28,13
"CA5A","s954_F_TNA_03_ASEReadCounter.table","NW_015090842.1:8991927",16,30,14
"CA5A","s954_F_TNA_03_ASEReadCounter.table","NW_015090842.1:8991941",17,32,15
"CA5A","s954_F_TNA_03_ASEReadCounter.table","NW_015090842.1:8992121",21,41,20
"CA5A","s954_F_TNA_03_ASEReadCounter.table","NW_015090842.1:8992224",21,38,17
"CA5A","s954_F_TNA_03_ASEReadCounter.table","NW_015090842.1:9002570",7,13,6
"CA5A","s954_F_TNA_03_ASEReadCounter.table","NW_015090842.1:9002600",6,13,7
"CA5A","s954_F_TNA_03_ASEReadCounter.table","NW_015090842.1:9004312",8,11,3
"CA5A","s954_F_TNA_03_ASEReadCounter.table","NW_015090842.1:9004506",1,1,0
"CA5A","s954_F_TNA_03_ASEReadCounter.table","NW_015090842.1:9004523",1,1,0
"CA5A","s954_F_TNA_03_ASEReadCounter.table","NW_015090842.1:9004530",1,1,0
"CA5A","s954_F_TNA_03_ASEReadCounter.table","NW_015090842.1:9004556",1,1,0
"CA5A","s954_F_TNA_03_ASEReadCounter.table","NW_015090842.1:9005116",1,3,2
"CA5A","s954_F_TNA_03_ASEReadCounter.table","NW_015090842.1:9005120",1,3,2
"CA5A","s954_F_TNA_03_ASEReadCounter.table","NW_015090842.1:9005140",2,4,2
"CA5A","s954_F_TNA_03_ASEReadCounter.table","NW_015090842.1:9005152",2,4,2
"BANP","s954_F_TNA_03_ASEReadCounter.table","NW_015090842.1:9033407",6,12,6
"BANP","s954_F_TNA_03_ASEReadCounter.table","NW_015090842.1:9033409",5,9,4
"BANP","s954_F_TNA_03_ASEReadCounter.table","NW_015090842.1:9033420",6,13,7
"BANP","s954_F_TNA_03_ASEReadCounter.table","NW_015090842.1:9067974",0,10,10
"BANP","s954_F_TNA_03_ASEReadCounter.table","NW_015090842.1:9102510",9,21,12
"BANP","s954_F_TNA_03_ASEReadCounter.table","NW_015090842.1:9168534",13,32,19
"BANP","s954_F_TNA_03_ASEReadCounter.table","NW_015090842.1:9168818",15,25,10
"ZNF469","s954_F_TNA_03_ASEReadCounter.table","NW_015090842.1:9430668",0,1,1
"ZNF469","s954_F_TNA_03_ASEReadCounter.table","NW_015090842.1:9430700",0,1,1
"ZNF469","s954_F_TNA_03_ASEReadCounter.table","NW_015090842.1:9432302",1,1,0
"ZNF469","s954_F_TNA_03_ASEReadCounter.table","NW_015090842.1:9433902",1,1,0
"ZNF469","s954_F_TNA_03_ASEReadCounter.table","NW_015090842.1:9433980",1,1,0
"ZNF469","s954_F_TNA_03_ASEReadCounter.table","NW_015090842.1:9435221",1,4,3
"ZFPM1","s954_F_TNA_03_ASEReadCounter.table","NW_015090842.1:9458862",2,6,4
"ZFPM1","s954_F_TNA_03_ASEReadCounter.table","NW_015090842.1:9458888",3,7,4
"ZFPM1","s954_F_TNA_03_ASEReadCounter.table","NW_015090842.1:9458904",2,7,5
"ZFPM1","s954_F_TNA_03_ASEReadCounter.table","NW_015090842.1:9458916",2,7,5
"ZFPM1","s954_F_TNA_03_ASEReadCounter.table","NW_015090842.1:9468568",4,9,5
"ZFPM1","s954_F_TNA_03_ASEReadCounter.table","NW_015090842.1:9468593",5,11,6
"ZFPM1","s954_F_TNA_03_ASEReadCounter.table","NW_015090842.1:9471561",4,9,5
"ZFPM1","s954_F_TNA_03_ASEReadCounter.table","NW_015090842.1:9472557",2,4,2
"ZFPM1","s954_F_TNA_03_ASEReadCounter.table","NW_015090842.1:9472565",1,3,2
"ZFPM1","s954_F_TNA_03_ASEReadCounter.table","NW_015090842.1:9472608",1,4,3
"ZFPM1","s954_F_TNA_03_ASEReadCounter.table","NW_015090842.1:9472627",1,3,2
"ZFPM1","s954_F_TNA_03_ASEReadCounter.table","NW_015090842.1:9472668",4,5,1
"ZFPM1","s954_F_TNA_03_ASEReadCounter.table","NW_015090842.1:9473655",6,8,2
"ZFPM1","s954_F_TNA_03_ASEReadCounter.table","NW_015090842.1:9475827",3,4,1
"ZFPM1","s954_F_TNA_03_ASEReadCounter.table","NW_015090842.1:9475842",3,5,2
"ZFPM1","s954_F_TNA_03_ASEReadCounter.table","NW_015090842.1:9476119",6,7,1
"ZFPM1","s954_F_TNA_03_ASEReadCounter.table","NW_015090842.1:9476161",2,3,1
"ZFPM1","s954_F_TNA_03_ASEReadCounter.table","NW_015090842.1:9476219",2,3,1
"ZFPM1","s954_F_TNA_03_ASEReadCounter.table","NW_015090842.1:9476233",4,6,2
"ZFPM1","s954_F_TNA_03_ASEReadCounter.table","NW_015090842.1:9476305",7,10,3
"ZFPM1","s954_F_TNA_03_ASEReadCounter.table","NW_015090842.1:9476395",4,8,4
"ZFPM1","s954_F_TNA_03_ASEReadCounter.table","NW_015090842.1:9476421",6,14,8
"ZFPM1","s954_F_TNA_03_ASEReadCounter.table","NW_015090842.1:9476539",6,8,2
"ZFPM1","s954_F_TNA_03_ASEReadCounter.table","NW_015090842.1:9476576",6,10,4
"ZFPM1","s954_F_TNA_03_ASEReadCounter.table","NW_015090842.1:9476599",10,10,0
"ZFPM1","s954_F_TNA_03_ASEReadCounter.table","NW_015090842.1:9476792",7,15,8
"ZFPM1","s954_F_TNA_03_ASEReadCounter.table","NW_015090842.1:9476803",10,20,10
"ZFPM1","s954_F_TNA_03_ASEReadCounter.table","NW_015090842.1:9477115",7,11,4
"ZFPM1","s954_F_TNA_03_ASEReadCounter.table","NW_015090842.1:9477299",3,9,6
"ZFPM1","s954_F_TNA_03_ASEReadCounter.table","NW_015090842.1:9477398",8,8,0
"ZFPM1","s954_F_TNA_03_ASEReadCounter.table","NW_015090842.1:9477422",3,4,1
"ZFPM1","s954_F_TNA_03_ASEReadCounter.table","NW_015090842.1:9477554",9,17,8
"ZFPM1","s954_F_TNA_03_ASEReadCounter.table","NW_015090842.1:9477575",19,19,0
"ZFPM1","s954_F_TNA_03_ASEReadCounter.table","NW_015090842.1:9477595",11,19,8
"ZFPM1","s954_F_TNA_03_ASEReadCounter.table","NW_015090842.1:9477611",11,18,7
"ZFPM1","s954_F_TNA_03_ASEReadCounter.table","NW_015090842.1:9477659",11,18,7
"ZFPM1","s954_F_TNA_03_ASEReadCounter.table","NW_015090842.1:9477737",11,22,11
"ZFPM1","s954_F_TNA_03_ASEReadCounter.table","NW_015090842.1:9477791",6,14,8
"ZFPM1","s954_F_TNA_03_ASEReadCounter.table","NW_015090842.1:9477844",10,15,5
"ZFPM1","s954_F_TNA_03_ASEReadCounter.table","NW_015090842.1:9477917",14,26,12
"ZFPM1","s954_F_TNA_03_ASEReadCounter.table","NW_015090842.1:9478295",19,36,17
"ZFPM1","s954_F_TNA_03_ASEReadCounter.table","NW_015090842.1:9478349",20,41,21
"ZFPM1","s954_F_TNA_03_ASEReadCounter.table","NW_015090842.1:9478524",19,30,11
"ZFPM1","s954_F_TNA_03_ASEReadCounter.table","NW_015090842.1:9478546",17,27,10
"ZFPM1","s954_F_TNA_03_ASEReadCounter.table","NW_015090842.1:9478573",17,27,10
"ZFPM1","s954_F_TNA_03_ASEReadCounter.table","NW_015090842.1:9478582",18,25,7
"ZFPM1","s954_F_TNA_03_ASEReadCounter.table","NW_015090842.1:9478684",2,8,6
"ZFPM1","s954_F_TNA_03_ASEReadCounter.table","NW_015090842.1:9478711",3,7,4
"ZFPM1","s954_F_TNA_03_ASEReadCounter.table","NW_015090842.1:9478761",3,9,6
"ZFPM1","s954_F_TNA_03_ASEReadCounter.table","NW_015090842.1:9478829",4,4,0
"ZC3H18","s954_F_TNA_03_ASEReadCounter.table","NW_015090842.1:9494271",3,12,9
"ZC3H18","s954_F_TNA_03_ASEReadCounter.table","NW_015090842.1:9501427",13,31,18
"ZC3H18","s954_F_TNA_03_ASEReadCounter.table","NW_015090842.1:9501442",9,24,15
"ZC3H18","s954_F_TNA_03_ASEReadCounter.table","NW_015090842.1:9505538",19,30,11
"ZC3H18","s954_F_TNA_03_ASEReadCounter.table","NW_015090842.1:9506778",21,39,18
"ZC3H18","s954_F_TNA_03_ASEReadCounter.table","NW_015090842.1:9522538",23,41,18
"ZC3H18","s954_F_TNA_03_ASEReadCounter.table","NW_015090842.1:9524350",12,30,18
"ZC3H18","s954_F_TNA_03_ASEReadCounter.table","NW_015090842.1:9524366",13,36,23
"ZC3H18","s954_F_TNA_03_ASEReadCounter.table","NW_015090842.1:9524424",22,44,22
"ZC3H18","s954_F_TNA_03_ASEReadCounter.table","NW_015090842.1:9529649",30,65,35
"ZC3H18","s954_F_TNA_03_ASEReadCounter.table","NW_015090842.1:9529688",26,61,35
"ZC3H18","s954_F_TNA_03_ASEReadCounter.table","NW_015090842.1:9529691",25,57,32
"ZC3H18","s954_F_TNA_03_ASEReadCounter.table","NW_015090842.1:9530977",27,76,49
"ZC3H18","s954_F_TNA_03_ASEReadCounter.table","NW_015090842.1:9536699",0,39,39
"CYBA","s954_F_TNA_03_ASEReadCounter.table","NW_015090842.1:9547281",16,22,6
"CYBA","s954_F_TNA_03_ASEReadCounter.table","NW_015090842.1:9547402",49,63,14
"CYBA","s954_F_TNA_03_ASEReadCounter.table","NW_015090842.1:9547553",38,55,17
"CYBA","s954_F_TNA_03_ASEReadCounter.table","NW_015090842.1:9548052",31,38,7
"CYBA","s954_F_TNA_03_ASEReadCounter.table","NW_015090842.1:9548436",36,48,12
"CYBA","s954_F_TNA_03_ASEReadCounter.table","NW_015090842.1:9548442",40,51,11
"CYBA","s954_F_TNA_03_ASEReadCounter.table","NW_015090842.1:9548478",43,54,11
"CYBA","s954_F_TNA_03_ASEReadCounter.table","NW_015090842.1:9548487",42,55,13
"CYBA","s954_F_TNA_03_ASEReadCounter.table","NW_015090842.1:9548490",42,53,11
"CYBA","s954_F_TNA_03_ASEReadCounter.table","NW_015090842.1:9548717",38,46,8
"CYBA","s954_F_TNA_03_ASEReadCounter.table","NW_015090842.1:9548750",26,35,9
"CYBA","s954_F_TNA_03_ASEReadCounter.table","NW_015090842.1:9548766",20,27,7
"MVD","s954_F_TNA_03_ASEReadCounter.table","NW_015090842.1:9550678",25,40,15
"MVD","s954_F_TNA_03_ASEReadCounter.table","NW_015090842.1:9550690",27,46,19
"MVD","s954_F_TNA_03_ASEReadCounter.table","NW_015090842.1:9550691",27,45,18
"MVD","s954_F_TNA_03_ASEReadCounter.table","NW_015090842.1:9550699",30,51,21
"MVD","s954_F_TNA_03_ASEReadCounter.table","NW_015090842.1:9550719",27,47,20
"MVD","s954_F_TNA_03_ASEReadCounter.table","NW_015090842.1:9551596",46,77,31
"MVD","s954_F_TNA_03_ASEReadCounter.table","NW_015090842.1:9551638",44,85,41
"MVD","s954_F_TNA_03_ASEReadCounter.table","NW_015090842.1:9551899",0,6,6
"MVD","s954_F_TNA_03_ASEReadCounter.table","NW_015090842.1:9552193",24,59,35
"MVD","s954_F_TNA_03_ASEReadCounter.table","NW_015090842.1:9552202",23,58,35
"MVD","s954_F_TNA_03_ASEReadCounter.table","NW_015090842.1:9552208",23,57,34
"MVD","s954_F_TNA_03_ASEReadCounter.table","NW_015090842.1:9552625",17,34,17
"MVD","s954_F_TNA_03_ASEReadCounter.table","NW_015090842.1:9552629",36,36,0
"MVD","s954_F_TNA_03_ASEReadCounter.table","NW_015090842.1:9552644",15,35,20
"MVD","s954_F_TNA_03_ASEReadCounter.table","NW_015090842.1:9553093",25,43,18
"MVD","s954_F_TNA_03_ASEReadCounter.table","NW_015090842.1:9553114",30,50,20
"RNF166","s954_F_TNA_03_ASEReadCounter.table","NW_015090842.1:9557900",21,63,42
"RNF166","s954_F_TNA_03_ASEReadCounter.table","NW_015090842.1:9558048",16,45,29
"RNF166","s954_F_TNA_03_ASEReadCounter.table","NW_015090842.1:9558116",25,51,26
"RNF166","s954_F_TNA_03_ASEReadCounter.table","NW_015090842.1:9558308",22,53,31
"RNF166","s954_F_TNA_03_ASEReadCounter.table","NW_015090842.1:9558405",15,38,23
"RNF166","s954_F_TNA_03_ASEReadCounter.table","NW_015090842.1:9558549",24,53,29
"RNF166","s954_F_TNA_03_ASEReadCounter.table","NW_015090842.1:9558556",23,52,29
"RNF166","s954_F_TNA_03_ASEReadCounter.table","NW_015090842.1:9558579",23,49,26
"RNF166","s954_F_TNA_03_ASEReadCounter.table","NW_015090842.1:9558599",22,40,18
"RNF166","s954_F_TNA_03_ASEReadCounter.table","NW_015090842.1:9558688",21,43,22
"RNF166","s954_F_TNA_03_ASEReadCounter.table","NW_015090842.1:9558711",26,51,25
"RNF166","s954_F_TNA_03_ASEReadCounter.table","NW_015090842.1:9558733",25,51,26
"RNF166","s954_F_TNA_03_ASEReadCounter.table","NW_015090842.1:9558847",26,54,28
"RNF166","s954_F_TNA_03_ASEReadCounter.table","NW_015090842.1:9559798",26,50,24
"RNF166","s954_F_TNA_03_ASEReadCounter.table","NW_015090842.1:9560575",32,53,21
"RNF166","s954_F_TNA_03_ASEReadCounter.table","NW_015090842.1:9561055",27,48,21
"RNF166","s954_F_TNA_03_ASEReadCounter.table","NW_015090842.1:9562458",20,32,12
"RNF166","s954_F_TNA_03_ASEReadCounter.table","NW_015090842.1:9562497",19,26,7
"RNF166","s954_F_TNA_03_ASEReadCounter.table","NW_015090842.1:9562539",10,17,7
"RNF166","s954_F_TNA_03_ASEReadCounter.table","NW_015090842.1:9564056",6,14,8
"CTU2","s954_F_TNA_03_ASEReadCounter.table","NW_015090842.1:9565149",12,22,10
"CTU2","s954_F_TNA_03_ASEReadCounter.table","NW_015090842.1:9565193",9,21,12
"CTU2","s954_F_TNA_03_ASEReadCounter.table","NW_015090842.1:9565300",5,22,17
"CTU2","s954_F_TNA_03_ASEReadCounter.table","NW_015090842.1:9565321",7,24,17
"CTU2","s954_F_TNA_03_ASEReadCounter.table","NW_015090842.1:9565721",9,27,18
"CTU2","s954_F_TNA_03_ASEReadCounter.table","NW_015090842.1:9565739",9,28,19
"CTU2","s954_F_TNA_03_ASEReadCounter.table","NW_015090842.1:9565905",16,38,22
"CTU2","s954_F_TNA_03_ASEReadCounter.table","NW_015090842.1:9566013",27,27,0
"CTU2","s954_F_TNA_03_ASEReadCounter.table","NW_015090842.1:9566055",16,35,19
"CTU2","s954_F_TNA_03_ASEReadCounter.table","NW_015090842.1:9566056",16,33,17
"CTU2","s954_F_TNA_03_ASEReadCounter.table","NW_015090842.1:9566151",10,19,9
"CTU2","s954_F_TNA_03_ASEReadCounter.table","NW_015090842.1:9566300",21,35,14
"CTU2","s954_F_TNA_03_ASEReadCounter.table","NW_015090842.1:9566342",17,38,21
"CTU2","s954_F_TNA_03_ASEReadCounter.table","NW_015090842.1:9566548",18,39,21
"CTU2","s954_F_TNA_03_ASEReadCounter.table","NW_015090842.1:9566625",14,44,30
"CTU2","s954_F_TNA_03_ASEReadCounter.table","NW_015090842.1:9566633",16,45,29
"CTU2","s954_F_TNA_03_ASEReadCounter.table","NW_015090842.1:9566807",19,45,26
"CTU2","s954_F_TNA_03_ASEReadCounter.table","NW_015090842.1:9567139",30,57,27
"CTU2","s954_F_TNA_03_ASEReadCounter.table","NW_015090842.1:9567156",34,55,21
"CTU2","s954_F_TNA_03_ASEReadCounter.table","NW_015090842.1:9567614",35,50,15
"CTU2","s954_F_TNA_03_ASEReadCounter.table","NW_015090842.1:9567677",23,50,27
"CTU2","s954_F_TNA_03_ASEReadCounter.table","NW_015090842.1:9567747",23,53,30
"CTU2","s954_F_TNA_03_ASEReadCounter.table","NW_015090842.1:9567828",12,30,18
"CTU2","s954_F_TNA_03_ASEReadCounter.table","NW_015090842.1:9567829",12,32,20
"CTU2","s954_F_TNA_03_ASEReadCounter.table","NW_015090842.1:9567885",10,28,18
"PIEZO1","s954_F_TNA_03_ASEReadCounter.table","NW_015090842.1:9568093",6,24,18
"PIEZO1","s954_F_TNA_03_ASEReadCounter.table","NW_015090842.1:9568672",19,32,13
"PIEZO1","s954_F_TNA_03_ASEReadCounter.table","NW_015090842.1:9568948",10,25,15
"PIEZO1","s954_F_TNA_03_ASEReadCounter.table","NW_015090842.1:9568987",19,19,0
"PIEZO1","s954_F_TNA_03_ASEReadCounter.table","NW_015090842.1:9569040",8,19,11
"PIEZO1","s954_F_TNA_03_ASEReadCounter.table","NW_015090842.1:9569180",7,13,6
"PIEZO1","s954_F_TNA_03_ASEReadCounter.table","NW_015090842.1:9569192",10,16,6
"PIEZO1","s954_F_TNA_03_ASEReadCounter.table","NW_015090842.1:9570088",9,20,11
"PIEZO1","s954_F_TNA_03_ASEReadCounter.table","NW_015090842.1:9570480",6,17,11
"PIEZO1","s954_F_TNA_03_ASEReadCounter.table","NW_015090842.1:9570639",7,13,6
"PIEZO1","s954_F_TNA_03_ASEReadCounter.table","NW_015090842.1:9571847",8,14,6
"PIEZO1","s954_F_TNA_03_ASEReadCounter.table","NW_015090842.1:9572371",2,4,2
"PIEZO1","s954_F_TNA_03_ASEReadCounter.table","NW_015090842.1:9572638",2,5,3
"PIEZO1","s954_F_TNA_03_ASEReadCounter.table","NW_015090842.1:9573156",7,17,10
"PIEZO1","s954_F_TNA_03_ASEReadCounter.table","NW_015090842.1:9573280",4,14,10
"PIEZO1","s954_F_TNA_03_ASEReadCounter.table","NW_015090842.1:9573566",4,10,6
"PIEZO1","s954_F_TNA_03_ASEReadCounter.table","NW_015090842.1:9575341",2,2,0
"PIEZO1","s954_F_TNA_03_ASEReadCounter.table","NW_015090842.1:9575367",2,2,0
"PIEZO1","s954_F_TNA_03_ASEReadCounter.table","NW_015090842.1:9575645",3,4,1
"PIEZO1","s954_F_TNA_03_ASEReadCounter.table","NW_015090842.1:9575696",5,6,1
"PIEZO1","s954_F_TNA_03_ASEReadCounter.table","NW_015090842.1:9575897",2,4,2
"PIEZO1","s954_F_TNA_03_ASEReadCounter.table","NW_015090842.1:9576060",2,4,2
"PIEZO1","s954_F_TNA_03_ASEReadCounter.table","NW_015090842.1:9576087",2,5,3
"PIEZO1","s954_F_TNA_03_ASEReadCounter.table","NW_015090842.1:9576093",2,3,1
"PIEZO1","s954_F_TNA_03_ASEReadCounter.table","NW_015090842.1:9576120",0,2,2
"PIEZO1","s954_F_TNA_03_ASEReadCounter.table","NW_015090842.1:9576687",5,6,1
"PIEZO1","s954_F_TNA_03_ASEReadCounter.table","NW_015090842.1:9576710",7,7,0
"PIEZO1","s954_F_TNA_03_ASEReadCounter.table","NW_015090842.1:9576723",6,7,1
"PIEZO1","s954_F_TNA_03_ASEReadCounter.table","NW_015090842.1:9578268",4,9,5
"PIEZO1","s954_F_TNA_03_ASEReadCounter.table","NW_015090842.1:9578770",1,3,2
"PIEZO1","s954_F_TNA_03_ASEReadCounter.table","NW_015090842.1:9578806",1,3,2
"PIEZO1","s954_F_TNA_03_ASEReadCounter.table","NW_015090842.1:9579064",4,8,4
"PIEZO1","s954_F_TNA_03_ASEReadCounter.table","NW_015090842.1:9579065",4,9,5
"PIEZO1","s954_F_TNA_03_ASEReadCounter.table","NW_015090842.1:9579347",1,5,4
"PIEZO1","s954_F_TNA_03_ASEReadCounter.table","NW_015090842.1:9580765",3,6,3
"PIEZO1","s954_F_TNA_03_ASEReadCounter.table","NW_015090842.1:9580996",4,5,1
"PIEZO1","s954_F_TNA_03_ASEReadCounter.table","NW_015090842.1:9581101",1,3,2
"PIEZO1","s954_F_TNA_03_ASEReadCounter.table","NW_015090842.1:9581299",4,7,3
"PIEZO1","s954_F_TNA_03_ASEReadCounter.table","NW_015090842.1:9581875",3,5,2
"PIEZO1","s954_F_TNA_03_ASEReadCounter.table","NW_015090842.1:9582046",0,3,3
"PIEZO1","s954_F_TNA_03_ASEReadCounter.table","NW_015090842.1:9582961",1,3,2
"PIEZO1","s954_F_TNA_03_ASEReadCounter.table","NW_015090842.1:9583298",1,2,1
"PIEZO1","s954_F_TNA_03_ASEReadCounter.table","NW_015090842.1:9584337",1,1,0
"PIEZO1","s954_F_TNA_03_ASEReadCounter.table","NW_015090842.1:9584425",0,1,1
"PIEZO1","s954_F_TNA_03_ASEReadCounter.table","NW_015090842.1:9584435",0,1,1
"PIEZO1","s954_F_TNA_03_ASEReadCounter.table","NW_015090842.1:9584438",0,1,1
"PIEZO1","s954_F_TNA_03_ASEReadCounter.table","NW_015090842.1:9584441",0,1,1
"CDT1","s954_F_TNA_03_ASEReadCounter.table","NW_015090842.1:9596596",2,2,0
"CDT1","s954_F_TNA_03_ASEReadCounter.table","NW_015090842.1:9596766",3,3,0
"CDT1","s954_F_TNA_03_ASEReadCounter.table","NW_015090842.1:9597054",2,6,4
"CDT1","s954_F_TNA_03_ASEReadCounter.table","NW_015090842.1:9597074",3,5,2
"CDT1","s954_F_TNA_03_ASEReadCounter.table","NW_015090842.1:9597137",4,6,2
"CDT1","s954_F_TNA_03_ASEReadCounter.table","NW_015090842.1:9597756",3,5,2
"CDT1","s954_F_TNA_03_ASEReadCounter.table","NW_015090842.1:9597766",3,5,2
"CDT1","s954_F_TNA_03_ASEReadCounter.table","NW_015090842.1:9598496",4,10,6
"CDT1","s954_F_TNA_03_ASEReadCounter.table","NW_015090842.1:9598498",4,8,4
"CDT1","s954_F_TNA_03_ASEReadCounter.table","NW_015090842.1:9598816",4,9,5
"CDT1","s954_F_TNA_03_ASEReadCounter.table","NW_015090842.1:9598879",6,13,7
"CDT1","s954_F_TNA_03_ASEReadCounter.table","NW_015090842.1:9598912",4,10,6
"CDT1","s954_F_TNA_03_ASEReadCounter.table","NW_015090842.1:9598959",2,7,5
"CDT1","s954_F_TNA_03_ASEReadCounter.table","NW_015090842.1:9599807",7,8,1
"CDT1","s954_F_TNA_03_ASEReadCounter.table","NW_015090842.1:9599819",7,8,1
"CDT1","s954_F_TNA_03_ASEReadCounter.table","NW_015090842.1:9599845",5,6,1
"CDT1","s954_F_TNA_03_ASEReadCounter.table","NW_015090842.1:9600148",9,15,6
"CDT1","s954_F_TNA_03_ASEReadCounter.table","NW_015090842.1:9600151",11,17,6
"CDT1","s954_F_TNA_03_ASEReadCounter.table","NW_015090842.1:9600217",12,17,5
"CDT1","s954_F_TNA_03_ASEReadCounter.table","NW_015090842.1:9600226",10,15,5
"CDT1","s954_F_TNA_03_ASEReadCounter.table","NW_015090842.1:9600260",13,18,5
"CDT1","s954_F_TNA_03_ASEReadCounter.table","NW_015090842.1:9600268",13,17,4
"CDT1","s954_F_TNA_03_ASEReadCounter.table","NW_015090842.1:9600305",15,21,6
"CDT1","s954_F_TNA_03_ASEReadCounter.table","NW_015090842.1:9600397",8,13,5
"CDT1","s954_F_TNA_03_ASEReadCounter.table","NW_015090842.1:9600447",1,4,3
"CDT1","s954_F_TNA_03_ASEReadCounter.table","NW_015090842.1:9600450",1,3,2
"CDT1","s954_F_TNA_03_ASEReadCounter.table","NW_015090842.1:9600485",4,7,3
"CDT1","s954_F_TNA_03_ASEReadCounter.table","NW_015090842.1:9600579",3,9,6
"APRT","s954_F_TNA_03_ASEReadCounter.table","NW_015090842.1:9602308",18,42,24
"APRT","s954_F_TNA_03_ASEReadCounter.table","NW_015090842.1:9602440",46,120,74
"APRT","s954_F_TNA_03_ASEReadCounter.table","NW_015090842.1:9602449",48,118,70
"APRT","s954_F_TNA_03_ASEReadCounter.table","NW_015090842.1:9602451",49,123,74
"APRT","s954_F_TNA_03_ASEReadCounter.table","NW_015090842.1:9602455",46,122,76
"APRT","s954_F_TNA_03_ASEReadCounter.table","NW_015090842.1:9602462",44,119,75
"APRT","s954_F_TNA_03_ASEReadCounter.table","NW_015090842.1:9602507",27,89,62
"APRT","s954_F_TNA_03_ASEReadCounter.table","NW_015090842.1:9602514",31,99,68
"APRT","s954_F_TNA_03_ASEReadCounter.table","NW_015090842.1:9602530",32,89,57
"APRT","s954_F_TNA_03_ASEReadCounter.table","NW_015090842.1:9602582",36,90,54
"APRT","s954_F_TNA_03_ASEReadCounter.table","NW_015090842.1:9602583",36,92,56
"APRT","s954_F_TNA_03_ASEReadCounter.table","NW_015090842.1:9602650",36,103,67
"APRT","s954_F_TNA_03_ASEReadCounter.table","NW_015090842.1:9602655",37,100,63
"APRT","s954_F_TNA_03_ASEReadCounter.table","NW_015090842.1:9602712",34,108,74
"APRT","s954_F_TNA_03_ASEReadCounter.table","NW_015090842.1:9602764",32,107,75
"APRT","s954_F_TNA_03_ASEReadCounter.table","NW_015090842.1:9602821",28,84,56
"APRT","s954_F_TNA_03_ASEReadCounter.table","NW_015090842.1:9602867",35,93,58
"APRT","s954_F_TNA_03_ASEReadCounter.table","NW_015090842.1:9602883",35,93,58
"APRT","s954_F_TNA_03_ASEReadCounter.table","NW_015090842.1:9602886",36,92,56
"APRT","s954_F_TNA_03_ASEReadCounter.table","NW_015090842.1:9602948",34,92,58
"APRT","s954_F_TNA_03_ASEReadCounter.table","NW_015090842.1:9602958",39,100,61
"APRT","s954_F_TNA_03_ASEReadCounter.table","NW_015090842.1:9603020",54,134,80
"APRT","s954_F_TNA_03_ASEReadCounter.table","NW_015090842.1:9603025",54,136,82
"APRT","s954_F_TNA_03_ASEReadCounter.table","NW_015090842.1:9603154",38,95,57
"APRT","s954_F_TNA_03_ASEReadCounter.table","NW_015090842.1:9603166",43,111,68
"APRT","s954_F_TNA_03_ASEReadCounter.table","NW_015090842.1:9603326",42,111,69
"APRT","s954_F_TNA_03_ASEReadCounter.table","NW_015090842.1:9603419",26,98,72
"APRT","s954_F_TNA_03_ASEReadCounter.table","NW_015090842.1:9603420",26,96,70
"APRT","s954_F_TNA_03_ASEReadCounter.table","NW_015090842.1:9603464",22,60,38
"APRT","s954_F_TNA_03_ASEReadCounter.table","NW_015090842.1:9603528",38,88,50
"APRT","s954_F_TNA_03_ASEReadCounter.table","NW_015090842.1:9603607",18,81,63
"APRT","s954_F_TNA_03_ASEReadCounter.table","NW_015090842.1:9603622",17,71,54
"APRT","s954_F_TNA_03_ASEReadCounter.table","NW_015090842.1:9604361",31,84,53
"APRT","s954_F_TNA_03_ASEReadCounter.table","NW_015090842.1:9605317",26,57,31
"APRT","s954_F_TNA_03_ASEReadCounter.table","NW_015090842.1:9605336",30,60,30
"GALNS","s954_F_TNA_03_ASEReadCounter.table","NW_015090842.1:9612872",2,5,3
"GALNS","s954_F_TNA_03_ASEReadCounter.table","NW_015090842.1:9612873",1,4,3
"GALNS","s954_F_TNA_03_ASEReadCounter.table","NW_015090842.1:9612877",1,4,3
"GALNS","s954_F_TNA_03_ASEReadCounter.table","NW_015090842.1:9612942",13,22,9
"GALNS","s954_F_TNA_03_ASEReadCounter.table","NW_015090842.1:9612987",18,18,0
"GALNS","s954_F_TNA_03_ASEReadCounter.table","NW_015090842.1:9613064",19,30,11
"GALNS","s954_F_TNA_03_ASEReadCounter.table","NW_015090842.1:9613096",25,41,16
"GALNS","s954_F_TNA_03_ASEReadCounter.table","NW_015090842.1:9613123",20,37,17
"GALNS","s954_F_TNA_03_ASEReadCounter.table","NW_015090842.1:9613125",20,37,17
"GALNS","s954_F_TNA_03_ASEReadCounter.table","NW_015090842.1:9613193",10,27,17
"GALNS","s954_F_TNA_03_ASEReadCounter.table","NW_015090842.1:9613226",10,24,14
"GALNS","s954_F_TNA_03_ASEReadCounter.table","NW_015090842.1:9613249",9,20,11
"GALNS","s954_F_TNA_03_ASEReadCounter.table","NW_015090842.1:9613256",10,21,11
"GALNS","s954_F_TNA_03_ASEReadCounter.table","NW_015090842.1:9613317",15,25,10
"GALNS","s954_F_TNA_03_ASEReadCounter.table","NW_015090842.1:9613343",13,27,14
"GALNS","s954_F_TNA_03_ASEReadCounter.table","NW_015090842.1:9613344",12,25,13
"GALNS","s954_F_TNA_03_ASEReadCounter.table","NW_015090842.1:9613371",10,23,13
"GALNS","s954_F_TNA_03_ASEReadCounter.table","NW_015090842.1:9613378",10,24,14
"GALNS","s954_F_TNA_03_ASEReadCounter.table","NW_015090842.1:9613379",9,23,14
"GALNS","s954_F_TNA_03_ASEReadCounter.table","NW_015090842.1:9613516",16,31,15
"GALNS","s954_F_TNA_03_ASEReadCounter.table","NW_015090842.1:9613572",14,35,21
"GALNS","s954_F_TNA_03_ASEReadCounter.table","NW_015090842.1:9613597",13,37,24
"GALNS","s954_F_TNA_03_ASEReadCounter.table","NW_015090842.1:9613627",12,26,14
"GALNS","s954_F_TNA_03_ASEReadCounter.table","NW_015090842.1:9613640",13,25,12
"GALNS","s954_F_TNA_03_ASEReadCounter.table","NW_015090842.1:9614025",17,28,11
"GALNS","s954_F_TNA_03_ASEReadCounter.table","NW_015090842.1:9614169",8,20,12
"GALNS","s954_F_TNA_03_ASEReadCounter.table","NW_015090842.1:9614232",23,23,0
"GALNS","s954_F_TNA_03_ASEReadCounter.table","NW_015090842.1:9614667",2,8,6
"GALNS","s954_F_TNA_03_ASEReadCounter.table","NW_015090842.1:9614709",3,11,8
"GALNS","s954_F_TNA_03_ASEReadCounter.table","NW_015090842.1:9614880",5,11,6
"GALNS","s954_F_TNA_03_ASEReadCounter.table","NW_015090842.1:9614902",4,9,5
"GALNS","s954_F_TNA_03_ASEReadCounter.table","NW_015090842.1:9614960",2,4,2
"GALNS","s954_F_TNA_03_ASEReadCounter.table","NW_015090842.1:9615114",12,19,7
"GALNS","s954_F_TNA_03_ASEReadCounter.table","NW_015090842.1:9615199",9,19,10
"GALNS","s954_F_TNA_03_ASEReadCounter.table","NW_015090842.1:9615217",6,15,9
"GALNS","s954_F_TNA_03_ASEReadCounter.table","NW_015090842.1:9615277",6,13,7
"GALNS","s954_F_TNA_03_ASEReadCounter.table","NW_015090842.1:9615377",9,22,13
"GALNS","s954_F_TNA_03_ASEReadCounter.table","NW_015090842.1:9647858",3,8,5
"GALNS","s954_F_TNA_03_ASEReadCounter.table","NW_015090842.1:9649186",6,13,7
"GALNS","s954_F_TNA_03_ASEReadCounter.table","NW_015090842.1:9649237",5,11,6
"GALNS","s954_F_TNA_03_ASEReadCounter.table","NW_015090842.1:9661193",1,1,0
"TRAPPC2L","s954_F_TNA_03_ASEReadCounter.table","NW_015090842.1:9662951",120,199,79
"TRAPPC2L","s954_F_TNA_03_ASEReadCounter.table","NW_015090842.1:9663014",109,198,89
"TRAPPC2L","s954_F_TNA_03_ASEReadCounter.table","NW_015090842.1:9664305",179,180,1
"TRAPPC2L","s954_F_TNA_03_ASEReadCounter.table","NW_015090842.1:9665155",108,193,85
"TRAPPC2L","s954_F_TNA_03_ASEReadCounter.table","NW_015090842.1:9665211",23,59,36
"CBFA2T3","s954_F_TNA_03_ASEReadCounter.table","NW_015090842.1:9709469",0,25,25
"CBFA2T3","s954_F_TNA_03_ASEReadCounter.table","NW_015090842.1:9709475",0,24,24
"CBFA2T3","s954_F_TNA_03_ASEReadCounter.table","NW_015090842.1:9711845",0,9,9
"CBFA2T3","s954_F_TNA_03_ASEReadCounter.table","NW_015090842.1:9712157",0,15,15
"CBFA2T3","s954_F_TNA_03_ASEReadCounter.table","NW_015090842.1:9712160",0,15,15
"CBFA2T3","s954_F_TNA_03_ASEReadCounter.table","NW_015090842.1:9712166",0,15,15
"CBFA2T3","s954_F_TNA_03_ASEReadCounter.table","NW_015090842.1:9712536",3,8,5
"CBFA2T3","s954_F_TNA_03_ASEReadCounter.table","NW_015090842.1:9712673",3,13,10
"CBFA2T3","s954_F_TNA_03_ASEReadCounter.table","NW_015090842.1:9712787",5,22,17
"CBFA2T3","s954_F_TNA_03_ASEReadCounter.table","NW_015090842.1:9712791",6,20,14
"CBFA2T3","s954_F_TNA_03_ASEReadCounter.table","NW_015090842.1:9712805",6,17,11
"CBFA2T3","s954_F_TNA_03_ASEReadCounter.table","NW_015090842.1:9712811",5,23,18
"CBFA2T3","s954_F_TNA_03_ASEReadCounter.table","NW_015090842.1:9712848",8,30,22
"CBFA2T3","s954_F_TNA_03_ASEReadCounter.table","NW_015090842.1:9713088",10,24,14
"CBFA2T3","s954_F_TNA_03_ASEReadCounter.table","NW_015090842.1:9713121",8,27,19
"CBFA2T3","s954_F_TNA_03_ASEReadCounter.table","NW_015090842.1:9717058",9,32,23
"CBFA2T3","s954_F_TNA_03_ASEReadCounter.table","NW_015090842.1:9717093",10,33,23
"CBFA2T3","s954_F_TNA_03_ASEReadCounter.table","NW_015090842.1:9717114",9,30,21
"CBFA2T3","s954_F_TNA_03_ASEReadCounter.table","NW_015090842.1:9717139",9,32,23
"CBFA2T3","s954_F_TNA_03_ASEReadCounter.table","NW_015090842.1:9719788",10,20,10
"CBFA2T3","s954_F_TNA_03_ASEReadCounter.table","NW_015090842.1:9728475",3,4,1
"CBFA2T3","s954_F_TNA_03_ASEReadCounter.table","NW_015090842.1:9728522",2,3,1
"CBFA2T3","s954_F_TNA_03_ASEReadCounter.table","NW_015090842.1:9728525",2,3,1
"CBFA2T3","s954_F_TNA_03_ASEReadCounter.table","NW_015090842.1:9728588",0,1,1
"CBFA2T3","s954_F_TNA_03_ASEReadCounter.table","NW_015090842.1:9728601",0,1,1
"CBFA2T3","s954_F_TNA_03_ASEReadCounter.table","NW_015090842.1:9728611",0,1,1
"CBFA2T3","s954_F_TNA_03_ASEReadCounter.table","NW_015090842.1:9728654",1,2,1
"ACSF3","s954_F_TNA_03_ASEReadCounter.table","NW_015090842.1:9773379",0,4,4
"ACSF3","s954_F_TNA_03_ASEReadCounter.table","NW_015090842.1:9773382",0,4,4
"ACSF3","s954_F_TNA_03_ASEReadCounter.table","NW_015090842.1:9773384",0,5,5
"ACSF3","s954_F_TNA_03_ASEReadCounter.table","NW_015090842.1:9773388",1,9,8
"ACSF3","s954_F_TNA_03_ASEReadCounter.table","NW_015090842.1:9776753",3,6,3
"ACSF3","s954_F_TNA_03_ASEReadCounter.table","NW_015090842.1:9776783",7,10,3
"ACSF3","s954_F_TNA_03_ASEReadCounter.table","NW_015090842.1:9776879",7,12,5
"ACSF3","s954_F_TNA_03_ASEReadCounter.table","NW_015090842.1:9776965",9,17,8
"ACSF3","s954_F_TNA_03_ASEReadCounter.table","NW_015090842.1:9777091",12,24,12
"ACSF3","s954_F_TNA_03_ASEReadCounter.table","NW_015090842.1:9777206",10,15,5
"ACSF3","s954_F_TNA_03_ASEReadCounter.table","NW_015090842.1:9777283",16,19,3
"ACSF3","s954_F_TNA_03_ASEReadCounter.table","NW_015090842.1:9778955",23,45,22
"ACSF3","s954_F_TNA_03_ASEReadCounter.table","NW_015090842.1:9778997",19,52,33
"ACSF3","s954_F_TNA_03_ASEReadCounter.table","NW_015090842.1:9789311",12,41,29
"ACSF3","s954_F_TNA_03_ASEReadCounter.table","NW_015090842.1:9789906",2,38,36
"ACSF3","s954_F_TNA_03_ASEReadCounter.table","NW_015090842.1:9834743",27,59,32
"ACSF3","s954_F_TNA_03_ASEReadCounter.table","NW_015090842.1:9834852",35,83,48
"ACSF3","s954_F_TNA_03_ASEReadCounter.table","NW_015090842.1:9834861",29,69,40
"ACSF3","s954_F_TNA_03_ASEReadCounter.table","NW_015090842.1:9839359",26,69,43
"ACSF3","s954_F_TNA_03_ASEReadCounter.table","NW_015090842.1:9839378",27,74,47
"ACSF3","s954_F_TNA_03_ASEReadCounter.table","NW_015090842.1:9839455",20,70,50
"ACSF3","s954_F_TNA_03_ASEReadCounter.table","NW_015090842.1:9839457",20,65,45
"ACSF3","s954_F_TNA_03_ASEReadCounter.table","NW_015090842.1:9839489",18,56,38
"ACSF3","s954_F_TNA_03_ASEReadCounter.table","NW_015090842.1:9839500",14,43,29
"ACSF3","s954_F_TNA_03_ASEReadCounter.table","NW_015090842.1:9839501",14,44,30
"ACSF3","s954_F_TNA_03_ASEReadCounter.table","NW_015090842.1:9839504",16,47,31
"ACSF3","s954_F_TNA_03_ASEReadCounter.table","NW_015090842.1:9839512",15,36,21
"ACSF3","s954_F_TNA_03_ASEReadCounter.table","NW_015090842.1:9839527",14,31,17
"ACSF3","s954_F_TNA_03_ASEReadCounter.table","NW_015090842.1:9839533",9,25,16
"ACSF3","s954_F_TNA_03_ASEReadCounter.table","NW_015090842.1:9839535",9,23,14
"ACSF3","s954_F_TNA_03_ASEReadCounter.table","NW_015090842.1:9839545",8,22,14
"ACSF3","s954_F_TNA_03_ASEReadCounter.table","NW_015090842.1:9839550",5,19,14
"ACSF3","s954_F_TNA_03_ASEReadCounter.table","NW_015090842.1:9839551",6,19,13
"CDH15","s954_F_TNA_03_ASEReadCounter.table","NW_015090842.1:9848004",1,1,0
"CDH15","s954_F_TNA_03_ASEReadCounter.table","NW_015090842.1:9848220",0,1,1
"CDH15","s954_F_TNA_03_ASEReadCounter.table","NW_015090842.1:9848265",0,1,1
"CDH15","s954_F_TNA_03_ASEReadCounter.table","NW_015090842.1:9848307",1,2,1
"CDH15","s954_F_TNA_03_ASEReadCounter.table","NW_015090842.1:9848310",1,1,0
"CDH15","s954_F_TNA_03_ASEReadCounter.table","NW_015090842.1:9848313",1,1,0
"CDH15","s954_F_TNA_03_ASEReadCounter.table","NW_015090842.1:9848531",1,2,1
"CDH15","s954_F_TNA_03_ASEReadCounter.table","NW_015090842.1:9848552",0,1,1
"CDH15","s954_F_TNA_03_ASEReadCounter.table","NW_015090842.1:9848888",1,3,2
"CDH15","s954_F_TNA_03_ASEReadCounter.table","NW_015090842.1:9848936",1,3,2
"CDH15","s954_F_TNA_03_ASEReadCounter.table","NW_015090842.1:9849086",2,2,0
"CDH15","s954_F_TNA_03_ASEReadCounter.table","NW_015090842.1:9849119",1,1,0
"CDH15","s954_F_TNA_03_ASEReadCounter.table","NW_015090842.1:9849140",1,1,0
"CDH15","s954_F_TNA_03_ASEReadCounter.table","NW_015090842.1:9849473",2,3,1
"CDH15","s954_F_TNA_03_ASEReadCounter.table","NW_015090842.1:9850386",1,2,1
"CDH15","s954_F_TNA_03_ASEReadCounter.table","NW_015090842.1:9850432",0,2,2
"CDH15","s954_F_TNA_03_ASEReadCounter.table","NW_015090842.1:9850609",2,4,2
"SLC22A31","s954_F_TNA_03_ASEReadCounter.table","NW_015090842.1:9850797",1,2,1
"SLC22A31","s954_F_TNA_03_ASEReadCounter.table","NW_015090842.1:9850818",0,1,1
"SLC22A31","s954_F_TNA_03_ASEReadCounter.table","NW_015090842.1:9850929",0,1,1
"SLC22A31","s954_F_TNA_03_ASEReadCounter.table","NW_015090842.1:9850936",1,2,1
"SLC22A31","s954_F_TNA_03_ASEReadCounter.table","NW_015090842.1:9850940",1,2,1
"SLC22A31","s954_F_TNA_03_ASEReadCounter.table","NW_015090842.1:9850948",1,2,1
"SLC22A31","s954_F_TNA_03_ASEReadCounter.table","NW_015090842.1:9850961",1,2,1
"SLC22A31","s954_F_TNA_03_ASEReadCounter.table","NW_015090842.1:9850970",1,3,2
"SLC22A31","s954_F_TNA_03_ASEReadCounter.table","NW_015090842.1:9850978",1,3,2
"SLC22A31","s954_F_TNA_03_ASEReadCounter.table","NW_015090842.1:9850981",1,3,2
"SLC22A31","s954_F_TNA_03_ASEReadCounter.table","NW_015090842.1:9851117",5,12,7
"SLC22A31","s954_F_TNA_03_ASEReadCounter.table","NW_015090842.1:9851130",5,11,6
"SLC22A31","s954_F_TNA_03_ASEReadCounter.table","NW_015090842.1:9851139",5,12,7
"SLC22A31","s954_F_TNA_03_ASEReadCounter.table","NW_015090842.1:9851265",8,19,11
"SLC22A31","s954_F_TNA_03_ASEReadCounter.table","NW_015090842.1:9851302",9,20,11
"SLC22A31","s954_F_TNA_03_ASEReadCounter.table","NW_015090842.1:9851303",9,20,11
"SLC22A31","s954_F_TNA_03_ASEReadCounter.table","NW_015090842.1:9851305",9,20,11
"SLC22A31","s954_F_TNA_03_ASEReadCounter.table","NW_015090842.1:9851343",7,10,3
"SLC22A31","s954_F_TNA_03_ASEReadCounter.table","NW_015090842.1:9851344",8,12,4
"SLC22A31","s954_F_TNA_03_ASEReadCounter.table","NW_015090842.1:9851361",16,16,0
"SLC22A31","s954_F_TNA_03_ASEReadCounter.table","NW_015090842.1:9851381",14,22,8
"SLC22A31","s954_F_TNA_03_ASEReadCounter.table","NW_015090842.1:9851421",13,23,10
"SLC22A31","s954_F_TNA_03_ASEReadCounter.table","NW_015090842.1:9851501",10,20,10
"SLC22A31","s954_F_TNA_03_ASEReadCounter.table","NW_015090842.1:9851526",9,20,11
"SLC22A31","s954_F_TNA_03_ASEReadCounter.table","NW_015090842.1:9851589",8,24,16
"SLC22A31","s954_F_TNA_03_ASEReadCounter.table","NW_015090842.1:9851712",11,23,12
"SLC22A31","s954_F_TNA_03_ASEReadCounter.table","NW_015090842.1:9851899",7,21,14
"SLC22A31","s954_F_TNA_03_ASEReadCounter.table","NW_015090842.1:9852139",6,19,13
"SLC22A31","s954_F_TNA_03_ASEReadCounter.table","NW_015090842.1:9852380",12,29,17
"SLC22A31","s954_F_TNA_03_ASEReadCounter.table","NW_015090842.1:9852431",6,15,9
"SLC22A31","s954_F_TNA_03_ASEReadCounter.table","NW_015090842.1:9852630",3,14,11
"SLC22A31","s954_F_TNA_03_ASEReadCounter.table","NW_015090842.1:9852711",2,8,6
"SLC22A31","s954_F_TNA_03_ASEReadCounter.table","NW_015090842.1:9853099",4,9,5
"SLC22A31","s954_F_TNA_03_ASEReadCounter.table","NW_015090842.1:9853102",4,9,5
"SLC22A31","s954_F_TNA_03_ASEReadCounter.table","NW_015090842.1:9853421",7,7,0
"SLC22A31","s954_F_TNA_03_ASEReadCounter.table","NW_015090842.1:9853457",6,7,1
"SLC22A31","s954_F_TNA_03_ASEReadCounter.table","NW_015090842.1:9853502",3,4,1
"ANKRD11","s954_F_TNA_03_ASEReadCounter.table","NW_015090842.1:9858863",8,22,14
"ANKRD11","s954_F_TNA_03_ASEReadCounter.table","NW_015090842.1:9859101",159,325,166
"ANKRD11","s954_F_TNA_03_ASEReadCounter.table","NW_015090842.1:9859352",202,428,226
"ANKRD11","s954_F_TNA_03_ASEReadCounter.table","NW_015090842.1:9859381",99,285,186
"ANKRD11","s954_F_TNA_03_ASEReadCounter.table","NW_015090842.1:9859679",169,328,159
"ANKRD11","s954_F_TNA_03_ASEReadCounter.table","NW_015090842.1:9861097",151,292,141
"ANKRD11","s954_F_TNA_03_ASEReadCounter.table","NW_015090842.1:9862571",91,173,82
"ANKRD11","s954_F_TNA_03_ASEReadCounter.table","NW_015090842.1:9862652",72,111,39
"ANKRD11","s954_F_TNA_03_ASEReadCounter.table","NW_015090842.1:9866071",0,98,98
"ANKRD11","s954_F_TNA_03_ASEReadCounter.table","NW_015090842.1:9866200",0,84,84
"ANKRD11","s954_F_TNA_03_ASEReadCounter.table","NW_015090842.1:9867391",30,53,23
"ANKRD11","s954_F_TNA_03_ASEReadCounter.table","NW_015090842.1:9867472",46,85,39
"ANKRD11","s954_F_TNA_03_ASEReadCounter.table","NW_015090842.1:9867559",67,108,41
"ANKRD11","s954_F_TNA_03_ASEReadCounter.table","NW_015090842.1:9867667",62,114,52
"ANKRD11","s954_F_TNA_03_ASEReadCounter.table","NW_015090842.1:9867934",64,103,39
"ANKRD11","s954_F_TNA_03_ASEReadCounter.table","NW_015090842.1:9868064",65,112,47
"ANKRD11","s954_F_TNA_03_ASEReadCounter.table","NW_015090842.1:9868093",63,118,55
"ANKRD11","s954_F_TNA_03_ASEReadCounter.table","NW_015090842.1:9868222",60,117,57
"ANKRD11","s954_F_TNA_03_ASEReadCounter.table","NW_015090842.1:9868327",59,127,68
"ANKRD11","s954_F_TNA_03_ASEReadCounter.table","NW_015090842.1:9868414",76,167,91
"ANKRD11","s954_F_TNA_03_ASEReadCounter.table","NW_015090842.1:9868441",80,155,75
"ANKRD11","s954_F_TNA_03_ASEReadCounter.table","NW_015090842.1:9868444",83,165,82
"ANKRD11","s954_F_TNA_03_ASEReadCounter.table","NW_015090842.1:9868519",98,194,96
"ANKRD11","s954_F_TNA_03_ASEReadCounter.table","NW_015090842.1:9868609",106,224,118
"ANKRD11","s954_F_TNA_03_ASEReadCounter.table","NW_015090842.1:9868666",119,252,133
"ANKRD11","s954_F_TNA_03_ASEReadCounter.table","NW_015090842.1:9868738",279,279,0
"ANKRD11","s954_F_TNA_03_ASEReadCounter.table","NW_015090842.1:9869431",151,312,161
"ANKRD11","s954_F_TNA_03_ASEReadCounter.table","NW_015090842.1:9869578",241,493,252
"ANKRD11","s954_F_TNA_03_ASEReadCounter.table","NW_015090842.1:9869734",281,542,261
"ANKRD11","s954_F_TNA_03_ASEReadCounter.table","NW_015090842.1:9870070",205,465,260
"ANKRD11","s954_F_TNA_03_ASEReadCounter.table","NW_015090842.1:9870349",257,512,255
"ANKRD11","s954_F_TNA_03_ASEReadCounter.table","NW_015090842.1:9870604",261,512,251
"ANKRD11","s954_F_TNA_03_ASEReadCounter.table","NW_015090842.1:9870613",282,563,281
"ANKRD11","s954_F_TNA_03_ASEReadCounter.table","NW_015090842.1:9870685",278,635,357
"ANKRD11","s954_F_TNA_03_ASEReadCounter.table","NW_015090842.1:9870760",292,603,311
"ANKRD11","s954_F_TNA_03_ASEReadCounter.table","NW_015090842.1:9870847",239,524,285
"ANKRD11","s954_F_TNA_03_ASEReadCounter.table","NW_015090842.1:9871103",184,382,198
"ANKRD11","s954_F_TNA_03_ASEReadCounter.table","NW_015090842.1:9871165",176,426,250
"ANKRD11","s954_F_TNA_03_ASEReadCounter.table","NW_015090842.1:9871508",318,318,0
"ANKRD11","s954_F_TNA_03_ASEReadCounter.table","NW_015090842.1:9871820",79,156,77
"ANKRD11","s954_F_TNA_03_ASEReadCounter.table","NW_015090842.1:9872118",77,192,115
"ANKRD11","s954_F_TNA_03_ASEReadCounter.table","NW_015090842.1:9877406",26,71,45
"SPG7","s954_F_TNA_03_ASEReadCounter.table","NW_015090842.1:10051190",87,169,82
"SPG7","s954_F_TNA_03_ASEReadCounter.table","NW_015090842.1:10051218",102,201,99
"SPG7","s954_F_TNA_03_ASEReadCounter.table","NW_015090842.1:10052348",114,228,114
"SPG7","s954_F_TNA_03_ASEReadCounter.table","NW_015090842.1:10052366",109,230,121
"SPG7","s954_F_TNA_03_ASEReadCounter.table","NW_015090842.1:10065173",154,297,143
"SPG7","s954_F_TNA_03_ASEReadCounter.table","NW_015090842.1:10065215",143,267,124
"SPG7","s954_F_TNA_03_ASEReadCounter.table","NW_015090842.1:10066365",145,272,127
"SPG7","s954_F_TNA_03_ASEReadCounter.table","NW_015090842.1:10069752",175,339,164
"SPG7","s954_F_TNA_03_ASEReadCounter.table","NW_015090842.1:10069800",164,341,177
"SPG7","s954_F_TNA_03_ASEReadCounter.table","NW_015090842.1:10071192",181,379,198
"SPG7","s954_F_TNA_03_ASEReadCounter.table","NW_015090842.1:10071219",180,361,181
"SPG7","s954_F_TNA_03_ASEReadCounter.table","NW_015090842.1:10071967",161,325,164
"SPG7","s954_F_TNA_03_ASEReadCounter.table","NW_015090842.1:10075109",281,535,254
"SPG7","s954_F_TNA_03_ASEReadCounter.table","NW_015090842.1:10075114",288,527,239
"SPG7","s954_F_TNA_03_ASEReadCounter.table","NW_015090842.1:10075198",253,469,216
"SPG7","s954_F_TNA_03_ASEReadCounter.table","NW_015090842.1:10075487",177,332,155
"SPG7","s954_F_TNA_03_ASEReadCounter.table","NW_015090842.1:10075488",177,336,159
"SPG7","s954_F_TNA_03_ASEReadCounter.table","NW_015090842.1:10075548",126,247,121
"RPL13","s954_F_TNA_03_ASEReadCounter.table","NW_015090842.1:10077387",398,827,429
"RPL13","s954_F_TNA_03_ASEReadCounter.table","NW_015090842.1:10077978",631,1295,664
"RPL13","s954_F_TNA_03_ASEReadCounter.table","NW_015090842.1:10077992",627,1236,609
"CPNE7","s954_F_TNA_03_ASEReadCounter.table","NW_015090842.1:10084001",107,218,111
"CPNE7","s954_F_TNA_03_ASEReadCounter.table","NW_015090842.1:10084856",79,165,86
"CPNE7","s954_F_TNA_03_ASEReadCounter.table","NW_015090842.1:10084872",84,169,85
"CPNE7","s954_F_TNA_03_ASEReadCounter.table","NW_015090842.1:10084892",96,182,86
"CPNE7","s954_F_TNA_03_ASEReadCounter.table","NW_015090842.1:10084921",120,208,88
"CPNE7","s954_F_TNA_03_ASEReadCounter.table","NW_015090842.1:10084935",130,229,99
"CPNE7","s954_F_TNA_03_ASEReadCounter.table","NW_015090842.1:10085000",131,263,132
"CPNE7","s954_F_TNA_03_ASEReadCounter.table","NW_015090842.1:10085089",117,249,132
"CPNE7","s954_F_TNA_03_ASEReadCounter.table","NW_015090842.1:10085096",120,263,143
"CPNE7","s954_F_TNA_03_ASEReadCounter.table","NW_015090842.1:10085126",126,262,136
"CPNE7","s954_F_TNA_03_ASEReadCounter.table","NW_015090842.1:10085167",250,250,0
"CPNE7","s954_F_TNA_03_ASEReadCounter.table","NW_015090842.1:10085180",124,255,131
"CPNE7","s954_F_TNA_03_ASEReadCounter.table","NW_015090842.1:10085201",111,226,115
"CPNE7","s954_F_TNA_03_ASEReadCounter.table","NW_015090842.1:10088134",226,505,279
"CPNE7","s954_F_TNA_03_ASEReadCounter.table","NW_015090842.1:10088146",224,490,266
"CPNE7","s954_F_TNA_03_ASEReadCounter.table","NW_015090842.1:10088806",281,588,307
"CPNE7","s954_F_TNA_03_ASEReadCounter.table","NW_015090842.1:10088940",355,741,386
"CPNE7","s954_F_TNA_03_ASEReadCounter.table","NW_015090842.1:10088965",309,667,358
"CPNE7","s954_F_TNA_03_ASEReadCounter.table","NW_015090842.1:10088967",313,660,347
"CPNE7","s954_F_TNA_03_ASEReadCounter.table","NW_015090842.1:10088973",315,671,356
"CPNE7","s954_F_TNA_03_ASEReadCounter.table","NW_015090842.1:10090924",424,966,542
"CPNE7","s954_F_TNA_03_ASEReadCounter.table","NW_015090842.1:10090930",416,942,526
"CPNE7","s954_F_TNA_03_ASEReadCounter.table","NW_015090842.1:10091075",417,920,503
"CPNE7","s954_F_TNA_03_ASEReadCounter.table","NW_015090842.1:10091389",426,1015,589
"CPNE7","s954_F_TNA_03_ASEReadCounter.table","NW_015090842.1:10091407",483,1096,613
"CPNE7","s954_F_TNA_03_ASEReadCounter.table","NW_015090842.1:10091488",950,951,1
"CPNE7","s954_F_TNA_03_ASEReadCounter.table","NW_015090842.1:10091491",983,983,0
"CPNE7","s954_F_TNA_03_ASEReadCounter.table","NW_015090842.1:10091530",420,985,565
"CPNE7","s954_F_TNA_03_ASEReadCounter.table","NW_015090842.1:10091875",555,1202,647
"CPNE7","s954_F_TNA_03_ASEReadCounter.table","NW_015090842.1:10091983",472,986,514
"CPNE7","s954_F_TNA_03_ASEReadCounter.table","NW_015090842.1:10091997",479,1012,533
"CPNE7","s954_F_TNA_03_ASEReadCounter.table","NW_015090842.1:10092038",247,630,383
"CPNE7","s954_F_TNA_03_ASEReadCounter.table","NW_015090842.1:10092140",356,828,472
"CPNE7","s954_F_TNA_03_ASEReadCounter.table","NW_015090842.1:10092183",255,584,329
"CPNE7","s954_F_TNA_03_ASEReadCounter.table","NW_015090842.1:10092201",226,509,283
"CPNE7","s954_F_TNA_03_ASEReadCounter.table","NW_015090842.1:10092230",152,359,207
"CPNE7","s954_F_TNA_03_ASEReadCounter.table","NW_015090842.1:10092246",96,259,163
"LOC106888185","s954_F_TNA_03_ASEReadCounter.table","NW_015090842.1:10094965",1,2,1
"LOC106888185","s954_F_TNA_03_ASEReadCounter.table","NW_015090842.1:10094966",1,2,1
"LOC106888185","s954_F_TNA_03_ASEReadCounter.table","NW_015090842.1:10094985",1,2,1
"LOC106888185","s954_F_TNA_03_ASEReadCounter.table","NW_015090842.1:10095055",0,1,1
"LOC106888185","s954_F_TNA_03_ASEReadCounter.table","NW_015090842.1:10095062",0,1,1
"LOC106888185","s954_F_TNA_03_ASEReadCounter.table","NW_015090842.1:10095130",0,1,1
"LOC106888185","s954_F_TNA_03_ASEReadCounter.table","NW_015090842.1:10095265",5,6,1
"LOC106888185","s954_F_TNA_03_ASEReadCounter.table","NW_015090842.1:10095586",2,8,6
"LOC106888185","s954_F_TNA_03_ASEReadCounter.table","NW_015090842.1:10095593",2,8,6
"LOC106888185","s954_F_TNA_03_ASEReadCounter.table","NW_015090842.1:10095616",2,6,4
"LOC106888185","s954_F_TNA_03_ASEReadCounter.table","NW_015090842.1:10095662",1,5,4
"LOC106888185","s954_F_TNA_03_ASEReadCounter.table","NW_015090842.1:10095674",1,5,4
"LOC106888185","s954_F_TNA_03_ASEReadCounter.table","NW_015090842.1:10095786",4,12,8
"LOC106888185","s954_F_TNA_03_ASEReadCounter.table","NW_015090842.1:10095831",4,11,7
"LOC106888185","s954_F_TNA_03_ASEReadCounter.table","NW_015090842.1:10096230",3,6,3
"LOC106888185","s954_F_TNA_03_ASEReadCounter.table","NW_015090842.1:10096249",3,5,2
"LOC106888185","s954_F_TNA_03_ASEReadCounter.table","NW_015090842.1:10096272",2,6,4
"LOC106888185","s954_F_TNA_03_ASEReadCounter.table","NW_015090842.1:10096288",3,7,4
"LOC106888185","s954_F_TNA_03_ASEReadCounter.table","NW_015090842.1:10097248",4,7,3
"LOC106888185","s954_F_TNA_03_ASEReadCounter.table","NW_015090842.1:10097265",3,6,3
"LOC106888185","s954_F_TNA_03_ASEReadCounter.table","NW_015090842.1:10097446",1,2,1
"DPEP1","s954_F_TNA_03_ASEReadCounter.table","NW_015090842.1:10098518",0,1,1
"DPEP1","s954_F_TNA_03_ASEReadCounter.table","NW_015090842.1:10098595",0,3,3
"DPEP1","s954_F_TNA_03_ASEReadCounter.table","NW_015090842.1:10098597",0,3,3
"DPEP1","s954_F_TNA_03_ASEReadCounter.table","NW_015090842.1:10098601",0,3,3
"DPEP1","s954_F_TNA_03_ASEReadCounter.table","NW_015090842.1:10098608",0,3,3
"DPEP1","s954_F_TNA_03_ASEReadCounter.table","NW_015090842.1:10098630",0,3,3
"DPEP1","s954_F_TNA_03_ASEReadCounter.table","NW_015090842.1:10098659",0,2,2
"DPEP1","s954_F_TNA_03_ASEReadCounter.table","NW_015090842.1:10099765",0,1,1
"DPEP1","s954_F_TNA_03_ASEReadCounter.table","NW_015090842.1:10099985",0,1,1
"DPEP1","s954_F_TNA_03_ASEReadCounter.table","NW_015090842.1:10099986",0,1,1
"DPEP1","s954_F_TNA_03_ASEReadCounter.table","NW_015090842.1:10099991",0,1,1
"DPEP1","s954_F_TNA_03_ASEReadCounter.table","NW_015090842.1:10100044",0,1,1
"DPEP1","s954_F_TNA_03_ASEReadCounter.table","NW_015090842.1:10100045",0,1,1
"DPEP1","s954_F_TNA_03_ASEReadCounter.table","NW_015090842.1:10100084",0,3,3
"DPEP1","s954_F_TNA_03_ASEReadCounter.table","NW_015090842.1:10100295",1,3,2
"DPEP1","s954_F_TNA_03_ASEReadCounter.table","NW_015090842.1:10100529",0,2,2
"DPEP1","s954_F_TNA_03_ASEReadCounter.table","NW_015090842.1:10100893",1,3,2
"DPEP1","s954_F_TNA_03_ASEReadCounter.table","NW_015090842.1:10100902",1,3,2
"DPEP1","s954_F_TNA_03_ASEReadCounter.table","NW_015090842.1:10101072",0,1,1
"DPEP1","s954_F_TNA_03_ASEReadCounter.table","NW_015090842.1:10101199",0,1,1
"DPEP1","s954_F_TNA_03_ASEReadCounter.table","NW_015090842.1:10101483",1,5,4
"DPEP1","s954_F_TNA_03_ASEReadCounter.table","NW_015090842.1:10101497",1,5,4
"DPEP1","s954_F_TNA_03_ASEReadCounter.table","NW_015090842.1:10101525",1,5,4
"DPEP1","s954_F_TNA_03_ASEReadCounter.table","NW_015090842.1:10101875",1,6,5
"DPEP1","s954_F_TNA_03_ASEReadCounter.table","NW_015090842.1:10101913",1,4,3
"DPEP1","s954_F_TNA_03_ASEReadCounter.table","NW_015090842.1:10101996",0,1,1
"DPEP1","s954_F_TNA_03_ASEReadCounter.table","NW_015090842.1:10102014",0,1,1
"DPEP1","s954_F_TNA_03_ASEReadCounter.table","NW_015090842.1:10102035",0,1,1
"CHMP1A","s954_F_TNA_03_ASEReadCounter.table","NW_015090842.1:10102901",55,144,89
"CHMP1A","s954_F_TNA_03_ASEReadCounter.table","NW_015090842.1:10102961",39,144,105
"CHMP1A","s954_F_TNA_03_ASEReadCounter.table","NW_015090842.1:10102996",53,162,109
"CHMP1A","s954_F_TNA_03_ASEReadCounter.table","NW_015090842.1:10103004",59,175,116
"CHMP1A","s954_F_TNA_03_ASEReadCounter.table","NW_015090842.1:10103006",59,173,114
"CHMP1A","s954_F_TNA_03_ASEReadCounter.table","NW_015090842.1:10103052",103,227,124
"CHMP1A","s954_F_TNA_03_ASEReadCounter.table","NW_015090842.1:10103095",101,216,115
"CHMP1A","s954_F_TNA_03_ASEReadCounter.table","NW_015090842.1:10103096",101,214,113
"CHMP1A","s954_F_TNA_03_ASEReadCounter.table","NW_015090842.1:10103152",87,167,80
"CHMP1A","s954_F_TNA_03_ASEReadCounter.table","NW_015090842.1:10103173",85,165,80
"CHMP1A","s954_F_TNA_03_ASEReadCounter.table","NW_015090842.1:10103334",42,104,62
"CHMP1A","s954_F_TNA_03_ASEReadCounter.table","NW_015090842.1:10103373",23,101,78
"CHMP1A","s954_F_TNA_03_ASEReadCounter.table","NW_015090842.1:10103408",45,131,86
"CHMP1A","s954_F_TNA_03_ASEReadCounter.table","NW_015090842.1:10103412",51,130,79
"CHMP1A","s954_F_TNA_03_ASEReadCounter.table","NW_015090842.1:10103512",85,191,106
"CHMP1A","s954_F_TNA_03_ASEReadCounter.table","NW_015090842.1:10103513",86,190,104
"CHMP1A","s954_F_TNA_03_ASEReadCounter.table","NW_015090842.1:10103583",54,116,62
"CHMP1A","s954_F_TNA_03_ASEReadCounter.table","NW_015090842.1:10103614",58,114,56
"CHMP1A","s954_F_TNA_03_ASEReadCounter.table","NW_015090842.1:10103657",56,116,60
"CHMP1A","s954_F_TNA_03_ASEReadCounter.table","NW_015090842.1:10103669",47,103,56
"CHMP1A","s954_F_TNA_03_ASEReadCounter.table","NW_015090842.1:10103674",54,106,52
"CHMP1A","s954_F_TNA_03_ASEReadCounter.table","NW_015090842.1:10103677",55,108,53
"CHMP1A","s954_F_TNA_03_ASEReadCounter.table","NW_015090842.1:10103729",59,101,42
"CHMP1A","s954_F_TNA_03_ASEReadCounter.table","NW_015090842.1:10103758",60,96,36
"CHMP1A","s954_F_TNA_03_ASEReadCounter.table","NW_015090842.1:10103761",60,99,39
"CHMP1A","s954_F_TNA_03_ASEReadCounter.table","NW_015090842.1:10103788",66,131,65
"CHMP1A","s954_F_TNA_03_ASEReadCounter.table","NW_015090842.1:10103789",66,130,64
"CHMP1A","s954_F_TNA_03_ASEReadCounter.table","NW_015090842.1:10103790",65,131,66
"CHMP1A","s954_F_TNA_03_ASEReadCounter.table","NW_015090842.1:10103950",58,125,67
"CHMP1A","s954_F_TNA_03_ASEReadCounter.table","NW_015090842.1:10104335",42,90,48
"CHMP1A","s954_F_TNA_03_ASEReadCounter.table","NW_015090842.1:10104429",63,141,78
"CHMP1A","s954_F_TNA_03_ASEReadCounter.table","NW_015090842.1:10104532",85,165,80
"CHMP1A","s954_F_TNA_03_ASEReadCounter.table","NW_015090842.1:10104633",47,99,52
"CHMP1A","s954_F_TNA_03_ASEReadCounter.table","NW_015090842.1:10104759",52,101,49
"CHMP1A","s954_F_TNA_03_ASEReadCounter.table","NW_015090842.1:10104794",58,109,51
"CHMP1A","s954_F_TNA_03_ASEReadCounter.table","NW_015090842.1:10104841",81,81,0
"CHMP1A","s954_F_TNA_03_ASEReadCounter.table","NW_015090842.1:10104844",39,73,34
"CHMP1A","s954_F_TNA_03_ASEReadCounter.table","NW_015090842.1:10106242",34,84,50
"CHMP1A","s954_F_TNA_03_ASEReadCounter.table","NW_015090842.1:10106290",39,85,46
"CHMP1A","s954_F_TNA_03_ASEReadCounter.table","NW_015090842.1:10106335",51,99,48
"CHMP1A","s954_F_TNA_03_ASEReadCounter.table","NW_015090842.1:10106383",58,116,58
"CHMP1A","s954_F_TNA_03_ASEReadCounter.table","NW_015090842.1:10106747",43,104,61
"CHMP1A","s954_F_TNA_03_ASEReadCounter.table","NW_015090842.1:10107404",41,97,56
"CHMP1A","s954_F_TNA_03_ASEReadCounter.table","NW_015090842.1:10107876",34,91,57
"CDK10","s954_F_TNA_03_ASEReadCounter.table","NW_015090842.1:10109030",3,3,0
"CDK10","s954_F_TNA_03_ASEReadCounter.table","NW_015090842.1:10109963",39,114,75
"CDK10","s954_F_TNA_03_ASEReadCounter.table","NW_015090842.1:10110887",29,94,65
"CDK10","s954_F_TNA_03_ASEReadCounter.table","NW_015090842.1:10111254",28,95,67
"CDK10","s954_F_TNA_03_ASEReadCounter.table","NW_015090842.1:10111380",31,116,85
"CDK10","s954_F_TNA_03_ASEReadCounter.table","NW_015090842.1:10111395",31,109,78
"CDK10","s954_F_TNA_03_ASEReadCounter.table","NW_015090842.1:10111437",18,90,72
"CDK10","s954_F_TNA_03_ASEReadCounter.table","NW_015090842.1:10111798",40,123,83
"CDK10","s954_F_TNA_03_ASEReadCounter.table","NW_015090842.1:10111840",39,126,87
"CDK10","s954_F_TNA_03_ASEReadCounter.table","NW_015090842.1:10112031",49,127,78
"CDK10","s954_F_TNA_03_ASEReadCounter.table","NW_015090842.1:10112285",59,154,95
"CDK10","s954_F_TNA_03_ASEReadCounter.table","NW_015090842.1:10112398",70,169,99
"CDK10","s954_F_TNA_03_ASEReadCounter.table","NW_015090842.1:10112455",49,155,106
"CDK10","s954_F_TNA_03_ASEReadCounter.table","NW_015090842.1:10112461",44,137,93
"CDK10","s954_F_TNA_03_ASEReadCounter.table","NW_015090842.1:10112497",45,129,84
"CDK10","s954_F_TNA_03_ASEReadCounter.table","NW_015090842.1:10112508",43,123,80
"CDK10","s954_F_TNA_03_ASEReadCounter.table","NW_015090842.1:10112518",41,115,74
"CDK10","s954_F_TNA_03_ASEReadCounter.table","NW_015090842.1:10112540",13,94,81
"CDK10","s954_F_TNA_03_ASEReadCounter.table","NW_015090842.1:10112556",34,114,80
"CDK10","s954_F_TNA_03_ASEReadCounter.table","NW_015090842.1:10112561",36,127,91
"CDK10","s954_F_TNA_03_ASEReadCounter.table","NW_015090842.1:10112596",43,139,96
"CDK10","s954_F_TNA_03_ASEReadCounter.table","NW_015090842.1:10112630",37,121,84
"CDK10","s954_F_TNA_03_ASEReadCounter.table","NW_015090842.1:10112656",45,125,80
"CDK10","s954_F_TNA_03_ASEReadCounter.table","NW_015090842.1:10112665",40,104,64
"CDK10","s954_F_TNA_03_ASEReadCounter.table","NW_015090842.1:10112668",39,99,60
"CDK10","s954_F_TNA_03_ASEReadCounter.table","NW_015090842.1:10112781",23,38,15
"CDK10","s954_F_TNA_03_ASEReadCounter.table","NW_015090842.1:10112782",23,39,16
"CDK10","s954_F_TNA_03_ASEReadCounter.table","NW_015090842.1:10112795",20,38,18
"CDK10","s954_F_TNA_03_ASEReadCounter.table","NW_015090842.1:10112841",13,22,9
"CDK10","s954_F_TNA_03_ASEReadCounter.table","NW_015090842.1:10112861",6,13,7
"SPATA2L","s954_F_TNA_03_ASEReadCounter.table","NW_015090842.1:10113212",28,76,48
"SPATA2L","s954_F_TNA_03_ASEReadCounter.table","NW_015090842.1:10113280",44,132,88
"SPATA2L","s954_F_TNA_03_ASEReadCounter.table","NW_015090842.1:10113296",48,135,87
"SPATA2L","s954_F_TNA_03_ASEReadCounter.table","NW_015090842.1:10113321",62,152,90
"SPATA2L","s954_F_TNA_03_ASEReadCounter.table","NW_015090842.1:10113332",66,172,106
"SPATA2L","s954_F_TNA_03_ASEReadCounter.table","NW_015090842.1:10113380",63,150,87
"SPATA2L","s954_F_TNA_03_ASEReadCounter.table","NW_015090842.1:10113381",63,155,92
"SPATA2L","s954_F_TNA_03_ASEReadCounter.table","NW_015090842.1:10113412",50,150,100
"SPATA2L","s954_F_TNA_03_ASEReadCounter.table","NW_015090842.1:10113421",50,148,98
"SPATA2L","s954_F_TNA_03_ASEReadCounter.table","NW_015090842.1:10113465",51,142,91
"SPATA2L","s954_F_TNA_03_ASEReadCounter.table","NW_015090842.1:10113535",75,155,80
"SPATA2L","s954_F_TNA_03_ASEReadCounter.table","NW_015090842.1:10113645",79,207,128
"SPATA2L","s954_F_TNA_03_ASEReadCounter.table","NW_015090842.1:10113682",88,236,148
"SPATA2L","s954_F_TNA_03_ASEReadCounter.table","NW_015090842.1:10113696",81,211,130
"SPATA2L","s954_F_TNA_03_ASEReadCounter.table","NW_015090842.1:10113727",86,215,129
"SPATA2L","s954_F_TNA_03_ASEReadCounter.table","NW_015090842.1:10113799",88,222,134
"SPATA2L","s954_F_TNA_03_ASEReadCounter.table","NW_015090842.1:10113809",94,236,142
"SPATA2L","s954_F_TNA_03_ASEReadCounter.table","NW_015090842.1:10113827",97,238,141
"SPATA2L","s954_F_TNA_03_ASEReadCounter.table","NW_015090842.1:10113831",100,250,150
"SPATA2L","s954_F_TNA_03_ASEReadCounter.table","NW_015090842.1:10113894",88,220,132
"SPATA2L","s954_F_TNA_03_ASEReadCounter.table","NW_015090842.1:10113905",69,204,135
"SPATA2L","s954_F_TNA_03_ASEReadCounter.table","NW_015090842.1:10113914",64,185,121
"SPATA2L","s954_F_TNA_03_ASEReadCounter.table","NW_015090842.1:10113920",71,187,116
"SPATA2L","s954_F_TNA_03_ASEReadCounter.table","NW_015090842.1:10113937",96,229,133
"SPATA2L","s954_F_TNA_03_ASEReadCounter.table","NW_015090842.1:10113971",75,198,123
"SPATA2L","s954_F_TNA_03_ASEReadCounter.table","NW_015090842.1:10113976",60,200,140
"SPATA2L","s954_F_TNA_03_ASEReadCounter.table","NW_015090842.1:10113985",66,180,114
"SPATA2L","s954_F_TNA_03_ASEReadCounter.table","NW_015090842.1:10113994",82,200,118
"SPATA2L","s954_F_TNA_03_ASEReadCounter.table","NW_015090842.1:10114063",66,177,111
"SPATA2L","s954_F_TNA_03_ASEReadCounter.table","NW_015090842.1:10114066",61,175,114
"SPATA2L","s954_F_TNA_03_ASEReadCounter.table","NW_015090842.1:10114069",61,175,114
"SPATA2L","s954_F_TNA_03_ASEReadCounter.table","NW_015090842.1:10114121",37,123,86
"SPATA2L","s954_F_TNA_03_ASEReadCounter.table","NW_015090842.1:10114159",39,133,94
"SPATA2L","s954_F_TNA_03_ASEReadCounter.table","NW_015090842.1:10114282",151,151,0
"SPATA2L","s954_F_TNA_03_ASEReadCounter.table","NW_015090842.1:10114470",46,125,79
"SPATA2L","s954_F_TNA_03_ASEReadCounter.table","NW_015090842.1:10114524",25,73,48
"VPS9D1","s954_F_TNA_03_ASEReadCounter.table","NW_015090842.1:10116377",48,118,70
"VPS9D1","s954_F_TNA_03_ASEReadCounter.table","NW_015090842.1:10116415",49,138,89
"VPS9D1","s954_F_TNA_03_ASEReadCounter.table","NW_015090842.1:10116607",56,133,77
"VPS9D1","s954_F_TNA_03_ASEReadCounter.table","NW_015090842.1:10116816",88,88,0
"VPS9D1","s954_F_TNA_03_ASEReadCounter.table","NW_015090842.1:10116821",28,89,61
"VPS9D1","s954_F_TNA_03_ASEReadCounter.table","NW_015090842.1:10116825",31,88,57
"VPS9D1","s954_F_TNA_03_ASEReadCounter.table","NW_015090842.1:10116882",45,88,43
"VPS9D1","s954_F_TNA_03_ASEReadCounter.table","NW_015090842.1:10116885",43,87,44
"VPS9D1","s954_F_TNA_03_ASEReadCounter.table","NW_015090842.1:10116933",48,89,41
"VPS9D1","s954_F_TNA_03_ASEReadCounter.table","NW_015090842.1:10116942",41,93,52
"VPS9D1","s954_F_TNA_03_ASEReadCounter.table","NW_015090842.1:10117152",36,78,42
"VPS9D1","s954_F_TNA_03_ASEReadCounter.table","NW_015090842.1:10117396",68,68,0
"VPS9D1","s954_F_TNA_03_ASEReadCounter.table","NW_015090842.1:10117405",50,50,0
"VPS9D1","s954_F_TNA_03_ASEReadCounter.table","NW_015090842.1:10117480",18,60,42
"VPS9D1","s954_F_TNA_03_ASEReadCounter.table","NW_015090842.1:10117497",17,52,35
"VPS9D1","s954_F_TNA_03_ASEReadCounter.table","NW_015090842.1:10117499",16,55,39
"VPS9D1","s954_F_TNA_03_ASEReadCounter.table","NW_015090842.1:10117516",23,67,44
"VPS9D1","s954_F_TNA_03_ASEReadCounter.table","NW_015090842.1:10117525",25,70,45
"VPS9D1","s954_F_TNA_03_ASEReadCounter.table","NW_015090842.1:10117579",25,76,51
"VPS9D1","s954_F_TNA_03_ASEReadCounter.table","NW_015090842.1:10117627",23,75,52
"VPS9D1","s954_F_TNA_03_ASEReadCounter.table","NW_015090842.1:10117678",24,74,50
"VPS9D1","s954_F_TNA_03_ASEReadCounter.table","NW_015090842.1:10117773",32,103,71
"VPS9D1","s954_F_TNA_03_ASEReadCounter.table","NW_015090842.1:10117937",39,116,77
"VPS9D1","s954_F_TNA_03_ASEReadCounter.table","NW_015090842.1:10117961",30,97,67
"VPS9D1","s954_F_TNA_03_ASEReadCounter.table","NW_015090842.1:10118236",28,102,74
"VPS9D1","s954_F_TNA_03_ASEReadCounter.table","NW_015090842.1:10118414",36,119,83
"VPS9D1","s954_F_TNA_03_ASEReadCounter.table","NW_015090842.1:10118973",49,128,79
"VPS9D1","s954_F_TNA_03_ASEReadCounter.table","NW_015090842.1:10119500",27,67,40
"ZNF276","s954_F_TNA_03_ASEReadCounter.table","NW_015090842.1:10121760",3,4,1
"ZNF276","s954_F_TNA_03_ASEReadCounter.table","NW_015090842.1:10121769",3,4,1
"ZNF276","s954_F_TNA_03_ASEReadCounter.table","NW_015090842.1:10121802",5,6,1
"ZNF276","s954_F_TNA_03_ASEReadCounter.table","NW_015090842.1:10121971",4,14,10
"ZNF276","s954_F_TNA_03_ASEReadCounter.table","NW_015090842.1:10122883",7,13,6
"ZNF276","s954_F_TNA_03_ASEReadCounter.table","NW_015090842.1:10123069",7,18,11
"ZNF276","s954_F_TNA_03_ASEReadCounter.table","NW_015090842.1:10123207",15,33,18
"ZNF276","s954_F_TNA_03_ASEReadCounter.table","NW_015090842.1:10125787",21,36,15
"ZNF276","s954_F_TNA_03_ASEReadCounter.table","NW_015090842.1:10126309",13,32,19
"ZNF276","s954_F_TNA_03_ASEReadCounter.table","NW_015090842.1:10126348",18,36,18
"ZNF276","s954_F_TNA_03_ASEReadCounter.table","NW_015090842.1:10126978",23,49,26
"ZNF276","s954_F_TNA_03_ASEReadCounter.table","NW_015090842.1:10126991",19,44,25
"ZNF276","s954_F_TNA_03_ASEReadCounter.table","NW_015090842.1:10127023",18,44,26
"ZNF276","s954_F_TNA_03_ASEReadCounter.table","NW_015090842.1:10127063",9,29,20
"ZNF276","s954_F_TNA_03_ASEReadCounter.table","NW_015090842.1:10127373",11,32,21
"ZNF276","s954_F_TNA_03_ASEReadCounter.table","NW_015090842.1:10127931",21,49,28
"ZNF276","s954_F_TNA_03_ASEReadCounter.table","NW_015090842.1:10128070",20,45,25
"ZNF276","s954_F_TNA_03_ASEReadCounter.table","NW_015090842.1:10128102",18,39,21
"ZNF276","s954_F_TNA_03_ASEReadCounter.table","NW_015090842.1:10128356",21,43,22
"ZNF276","s954_F_TNA_03_ASEReadCounter.table","NW_015090842.1:10128497",24,43,19
"FANCA","s954_F_TNA_03_ASEReadCounter.table","NW_015090842.1:10128743",1,1,0
"FANCA","s954_F_TNA_03_ASEReadCounter.table","NW_015090842.1:10128822",1,2,1
"FANCA","s954_F_TNA_03_ASEReadCounter.table","NW_015090842.1:10129383",0,2,2
"FANCA","s954_F_TNA_03_ASEReadCounter.table","NW_015090842.1:10129390",0,2,2
"FANCA","s954_F_TNA_03_ASEReadCounter.table","NW_015090842.1:10129422",1,3,2
"FANCA","s954_F_TNA_03_ASEReadCounter.table","NW_015090842.1:10130399",0,1,1
"FANCA","s954_F_TNA_03_ASEReadCounter.table","NW_015090842.1:10130857",1,1,0
"FANCA","s954_F_TNA_03_ASEReadCounter.table","NW_015090842.1:10130878",2,3,1
"FANCA","s954_F_TNA_03_ASEReadCounter.table","NW_015090842.1:10133530",0,2,2
"FANCA","s954_F_TNA_03_ASEReadCounter.table","NW_015090842.1:10133533",0,2,2
"FANCA","s954_F_TNA_03_ASEReadCounter.table","NW_015090842.1:10133536",0,2,2
"FANCA","s954_F_TNA_03_ASEReadCounter.table","NW_015090842.1:10133601",1,3,2
"FANCA","s954_F_TNA_03_ASEReadCounter.table","NW_015090842.1:10134492",2,3,1
"FANCA","s954_F_TNA_03_ASEReadCounter.table","NW_015090842.1:10134531",1,2,1
"FANCA","s954_F_TNA_03_ASEReadCounter.table","NW_015090842.1:10137019",1,1,0
"FANCA","s954_F_TNA_03_ASEReadCounter.table","NW_015090842.1:10137673",1,2,1
"FANCA","s954_F_TNA_03_ASEReadCounter.table","NW_015090842.1:10152863",1,1,0
"FANCA","s954_F_TNA_03_ASEReadCounter.table","NW_015090842.1:10158957",0,1,1
"FANCA","s954_F_TNA_03_ASEReadCounter.table","NW_015090842.1:10160177",0,1,1
"FANCA","s954_F_TNA_03_ASEReadCounter.table","NW_015090842.1:10164257",0,1,1
"SPIRE2","s954_F_TNA_03_ASEReadCounter.table","NW_015090842.1:10172284",33,52,19
"SPIRE2","s954_F_TNA_03_ASEReadCounter.table","NW_015090842.1:10175262",77,107,30
"SPIRE2","s954_F_TNA_03_ASEReadCounter.table","NW_015090842.1:10175352",31,45,14
"SPIRE2","s954_F_TNA_03_ASEReadCounter.table","NW_015090842.1:10175400",86,138,52
"SPIRE2","s954_F_TNA_03_ASEReadCounter.table","NW_015090842.1:10175418",96,155,59
"SPIRE2","s954_F_TNA_03_ASEReadCounter.table","NW_015090842.1:10175704",87,159,72
"SPIRE2","s954_F_TNA_03_ASEReadCounter.table","NW_015090842.1:10176115",131,245,114
"SPIRE2","s954_F_TNA_03_ASEReadCounter.table","NW_015090842.1:10176561",134,271,137
"SPIRE2","s954_F_TNA_03_ASEReadCounter.table","NW_015090842.1:10176817",132,255,123
"SPIRE2","s954_F_TNA_03_ASEReadCounter.table","NW_015090842.1:10177084",82,177,95
"SPIRE2","s954_F_TNA_03_ASEReadCounter.table","NW_015090842.1:10177110",93,190,97
"SPIRE2","s954_F_TNA_03_ASEReadCounter.table","NW_015090842.1:10177838",136,259,123
"SPIRE2","s954_F_TNA_03_ASEReadCounter.table","NW_015090842.1:10178000",135,254,119
"SPIRE2","s954_F_TNA_03_ASEReadCounter.table","NW_015090842.1:10178164",140,288,148
"SPIRE2","s954_F_TNA_03_ASEReadCounter.table","NW_015090842.1:10178216",165,337,172
"SPIRE2","s954_F_TNA_03_ASEReadCounter.table","NW_015090842.1:10178403",146,279,133
"SPIRE2","s954_F_TNA_03_ASEReadCounter.table","NW_015090842.1:10178409",141,272,131
"SPIRE2","s954_F_TNA_03_ASEReadCounter.table","NW_015090842.1:10178524",133,242,109
"SPIRE2","s954_F_TNA_03_ASEReadCounter.table","NW_015090842.1:10178526",135,242,107
"SPIRE2","s954_F_TNA_03_ASEReadCounter.table","NW_015090842.1:10178531",139,250,111
"SPIRE2","s954_F_TNA_03_ASEReadCounter.table","NW_015090842.1:10178565",119,229,110
"SPIRE2","s954_F_TNA_03_ASEReadCounter.table","NW_015090842.1:10178587",103,193,90
"SPIRE2","s954_F_TNA_03_ASEReadCounter.table","NW_015090842.1:10178640",78,165,87
"SPIRE2","s954_F_TNA_03_ASEReadCounter.table","NW_015090842.1:10178651",81,173,92
"SPIRE2","s954_F_TNA_03_ASEReadCounter.table","NW_015090842.1:10178682",79,156,77
"TCF25","s954_F_TNA_03_ASEReadCounter.table","NW_015090842.1:10180912",30,53,23
"TCF25","s954_F_TNA_03_ASEReadCounter.table","NW_015090842.1:10180924",32,55,23
"TCF25","s954_F_TNA_03_ASEReadCounter.table","NW_015090842.1:10180931",32,58,26
"TCF25","s954_F_TNA_03_ASEReadCounter.table","NW_015090842.1:10185332",86,179,93
"TCF25","s954_F_TNA_03_ASEReadCounter.table","NW_015090842.1:10188816",69,126,57
"MC1R","s954_F_TNA_03_ASEReadCounter.table","NW_015090842.1:10202460",2,2,0
"MC1R","s954_F_TNA_03_ASEReadCounter.table","NW_015090842.1:10202465",2,2,0
"DBNDD1","s954_F_TNA_03_ASEReadCounter.table","NW_015090842.1:10223105",52,99,47
"GAS8","s954_F_TNA_03_ASEReadCounter.table","NW_015090842.1:10228982",13,24,11
"GAS8","s954_F_TNA_03_ASEReadCounter.table","NW_015090842.1:10229832",16,31,15
"GAS8","s954_F_TNA_03_ASEReadCounter.table","NW_015090842.1:10232375",21,33,12
"GAS8","s954_F_TNA_03_ASEReadCounter.table","NW_015090842.1:10232901",13,28,15
"GAS8","s954_F_TNA_03_ASEReadCounter.table","NW_015090842.1:10232928",17,34,17
"GAS8","s954_F_TNA_03_ASEReadCounter.table","NW_015090842.1:10232967",16,30,14
"GAS8","s954_F_TNA_03_ASEReadCounter.table","NW_015090842.1:10233032",10,21,11
"GAS8","s954_F_TNA_03_ASEReadCounter.table","NW_015090842.1:10233057",9,21,12
"GAS8","s954_F_TNA_03_ASEReadCounter.table","NW_015090842.1:10233058",9,20,11
"GAS8","s954_F_TNA_03_ASEReadCounter.table","NW_015090842.1:10233176",8,15,7
"GAS8","s954_F_TNA_03_ASEReadCounter.table","NW_015090842.1:10233196",7,15,8
"GAS8","s954_F_TNA_03_ASEReadCounter.table","NW_015090842.1:10233252",7,14,7
"GAS8","s954_F_TNA_03_ASEReadCounter.table","NW_015090842.1:10233303",1,4,3
"LOC106888094","s954_F_TNA_03_ASEReadCounter.table","NW_015090842.1:10233334",1,4,3
"LOC106888094","s954_F_TNA_03_ASEReadCounter.table","NW_015090842.1:10233362",4,10,6
"LOC106888094","s954_F_TNA_03_ASEReadCounter.table","NW_015090842.1:10233373",5,12,7
"LOC106888094","s954_F_TNA_03_ASEReadCounter.table","NW_015090842.1:10233388",5,12,7
"LOC106888094","s954_F_TNA_03_ASEReadCounter.table","NW_015090842.1:10233402",5,12,7
"LOC106888094","s954_F_TNA_03_ASEReadCounter.table","NW_015090842.1:10233465",7,16,9
"LOC106888094","s954_F_TNA_03_ASEReadCounter.table","NW_015090842.1:10233803",10,23,13
"LOC106888094","s954_F_TNA_03_ASEReadCounter.table","NW_015090842.1:10233815",11,23,12
"LOC106888094","s954_F_TNA_03_ASEReadCounter.table","NW_015090842.1:10236380",1,2,1
"LOC106888094","s954_F_TNA_03_ASEReadCounter.table","NW_015090842.1:10236388",1,2,1
"LOC106888094","s954_F_TNA_03_ASEReadCounter.table","NW_015090842.1:10236425",1,1,0
"LOC106888094","s954_F_TNA_03_ASEReadCounter.table","NW_015090842.1:10236426",1,1,0
"LOC106888173","s954_F_TNA_03_ASEReadCounter.table","NW_015090842.1:10239596",2,9,7
"LOC106888173","s954_F_TNA_03_ASEReadCounter.table","NW_015090842.1:10240036",1,10,9
"LOC106888173","s954_F_TNA_03_ASEReadCounter.table","NW_015090842.1:10240095",2,16,14
"LOC106888173","s954_F_TNA_03_ASEReadCounter.table","NW_015090842.1:10240280",1,15,14
"LOC106888173","s954_F_TNA_03_ASEReadCounter.table","NW_015090842.1:10240557",2,21,19
"LOC106888173","s954_F_TNA_03_ASEReadCounter.table","NW_015090842.1:10240603",2,20,18
"LOC106888173","s954_F_TNA_03_ASEReadCounter.table","NW_015090842.1:10240609",2,21,19
"LOC106888173","s954_F_TNA_03_ASEReadCounter.table","NW_015090842.1:10240690",1,17,16
"LOC106888173","s954_F_TNA_03_ASEReadCounter.table","NW_015090842.1:10240924",0,13,13
"LOC106888173","s954_F_TNA_03_ASEReadCounter.table","NW_015090842.1:10241037",1,16,15
"LOC106888173","s954_F_TNA_03_ASEReadCounter.table","NW_015090842.1:10241046",1,18,17
"LOC106888173","s954_F_TNA_03_ASEReadCounter.table","NW_015090842.1:10241058",2,21,19
"LOC106888173","s954_F_TNA_03_ASEReadCounter.table","NW_015090842.1:10241064",3,20,17
"LOC106888173","s954_F_TNA_03_ASEReadCounter.table","NW_015090842.1:10241103",24,24,0
"LOC106888173","s954_F_TNA_03_ASEReadCounter.table","NW_015090842.1:10241163",1,18,17
"LOC106888173","s954_F_TNA_03_ASEReadCounter.table","NW_015090842.1:10241803",1,24,23
"LOC106888173","s954_F_TNA_03_ASEReadCounter.table","NW_015090842.1:10241827",1,22,21
"LOC106888173","s954_F_TNA_03_ASEReadCounter.table","NW_015090842.1:10241869",1,20,19
"LOC106888173","s954_F_TNA_03_ASEReadCounter.table","NW_015090842.1:10242079",2,25,23
"LOC106888173","s954_F_TNA_03_ASEReadCounter.table","NW_015090842.1:10242103",2,24,22
"LOC106888173","s954_F_TNA_03_ASEReadCounter.table","NW_015090842.1:10242157",2,18,16
"LOC106888173","s954_F_TNA_03_ASEReadCounter.table","NW_015090842.1:10242455",3,23,20
"LOC106888173","s954_F_TNA_03_ASEReadCounter.table","NW_015090842.1:10242481",2,22,20
"LOC106888173","s954_F_TNA_03_ASEReadCounter.table","NW_015090842.1:10242590",4,21,17
"LOC106888173","s954_F_TNA_03_ASEReadCounter.table","NW_015090842.1:10242794",1,26,25
"LOC106888173","s954_F_TNA_03_ASEReadCounter.table","NW_015090842.1:10242909",1,26,25
"LOC106888173","s954_F_TNA_03_ASEReadCounter.table","NW_015090842.1:10243094",4,32,28
"LOC106888173","s954_F_TNA_03_ASEReadCounter.table","NW_015090842.1:10243133",5,26,21
"LOC106888173","s954_F_TNA_03_ASEReadCounter.table","NW_015090842.1:10243273",4,41,37
"LOC106888173","s954_F_TNA_03_ASEReadCounter.table","NW_015090842.1:10243278",7,43,36
"LOC106888173","s954_F_TNA_03_ASEReadCounter.table","NW_015090842.1:10243281",6,43,37
"LOC106888173","s954_F_TNA_03_ASEReadCounter.table","NW_015090842.1:10243347",23,23,0
"LOC106888173","s954_F_TNA_03_ASEReadCounter.table","NW_015090842.1:10243353",3,21,18
"LOC106888173","s954_F_TNA_03_ASEReadCounter.table","NW_015090842.1:10243363",3,15,12
"LOC106888173","s954_F_TNA_03_ASEReadCounter.table","NW_015090842.1:10243365",3,18,15
"LOC106888173","s954_F_TNA_03_ASEReadCounter.table","NW_015090842.1:10243566",1,41,40
"LOC106888173","s954_F_TNA_03_ASEReadCounter.table","NW_015090842.1:10243605",2,46,44
"LOC106888173","s954_F_TNA_03_ASEReadCounter.table","NW_015090842.1:10243614",2,43,41
"LOC106888173","s954_F_TNA_03_ASEReadCounter.table","NW_015090842.1:10243615",2,43,41
"LOC106888173","s954_F_TNA_03_ASEReadCounter.table","NW_015090842.1:10243640",1,36,35
"LOC106888173","s954_F_TNA_03_ASEReadCounter.table","NW_015090842.1:10243680",7,30,23
"LOC106888173","s954_F_TNA_03_ASEReadCounter.table","NW_015090842.1:10243742",7,39,32
"LOC106888173","s954_F_TNA_03_ASEReadCounter.table","NW_015090842.1:10243804",2,26,24
"LOC106888173","s954_F_TNA_03_ASEReadCounter.table","NW_015090842.1:10243913",3,17,14
"LOC106888173","s954_F_TNA_03_ASEReadCounter.table","NW_015090842.1:10243921",3,17,14
"LOC106888384","s954_F_TNA_03_ASEReadCounter.table","NW_015090842.1:10244942",1,1,0
"LOC106888384","s954_F_TNA_03_ASEReadCounter.table","NW_015090842.1:10244998",1,1,0
"LOC106888384","s954_F_TNA_03_ASEReadCounter.table","NW_015090842.1:10251354",0,2,2
"LOC106888384","s954_F_TNA_03_ASEReadCounter.table","NW_015090842.1:10251358",0,2,2
"LOC106888384","s954_F_TNA_03_ASEReadCounter.table","NW_015090842.1:10251369",0,2,2
"LOC106888384","s954_F_TNA_03_ASEReadCounter.table","NW_015090842.1:10251370",0,2,2
"LOC106888384","s954_F_TNA_03_ASEReadCounter.table","NW_015090842.1:10251375",0,2,2
"LOC106888384","s954_F_TNA_03_ASEReadCounter.table","NW_015090842.1:10251388",0,1,1
"LOC106888384","s954_F_TNA_03_ASEReadCounter.table","NW_015090842.1:10251390",0,1,1
"LOC106888384","s954_F_TNA_03_ASEReadCounter.table","NW_015090842.1:10251393",0,1,1
"LOC106888384","s954_F_TNA_03_ASEReadCounter.table","NW_015090842.1:10251399",0,1,1
"LOC106888384","s954_F_TNA_03_ASEReadCounter.table","NW_015090842.1:10253165",1,1,0
"LOC106888384","s954_F_TNA_03_ASEReadCounter.table","NW_015090842.1:10253284",2,2,0
"LOC106888384","s954_F_TNA_03_ASEReadCounter.table","NW_015090842.1:10254028",1,1,0
"LOC106888384","s954_F_TNA_03_ASEReadCounter.table","NW_015090842.1:10255449",0,1,1
"LOC106888384","s954_F_TNA_03_ASEReadCounter.table","NW_015090842.1:10255496",0,1,1
"LOC106888384","s954_F_TNA_03_ASEReadCounter.table","NW_015090842.1:10255505",0,1,1
"LOC106888384","s954_F_TNA_03_ASEReadCounter.table","NW_015090842.1:10255704",1,1,0
"LOC106888384","s954_F_TNA_03_ASEReadCounter.table","NW_015090842.1:10255731",1,1,0
"LOC106888384","s954_F_TNA_03_ASEReadCounter.table","NW_015090842.1:10255771",4,5,1
"TANGO6","s954_F_TNA_03_ASEReadCounter.table","NW_015090842.1:10257782",9,14,5
"TANGO6","s954_F_TNA_03_ASEReadCounter.table","NW_015090842.1:10258162",3,10,7
"TANGO6","s954_F_TNA_03_ASEReadCounter.table","NW_015090842.1:10258185",4,12,8
"TANGO6","s954_F_TNA_03_ASEReadCounter.table","NW_015090842.1:10259267",6,17,11
"TANGO6","s954_F_TNA_03_ASEReadCounter.table","NW_015090842.1:10260250",33,54,21
"TANGO6","s954_F_TNA_03_ASEReadCounter.table","NW_015090842.1:10260289",32,58,26
"TANGO6","s954_F_TNA_03_ASEReadCounter.table","NW_015090842.1:10260309",22,45,23
"TANGO6","s954_F_TNA_03_ASEReadCounter.table","NW_015090842.1:10260979",18,31,13
"TANGO6","s954_F_TNA_03_ASEReadCounter.table","NW_015090842.1:10261599",17,27,10
"TANGO6","s954_F_TNA_03_ASEReadCounter.table","NW_015090842.1:10268425",40,73,33
"TANGO6","s954_F_TNA_03_ASEReadCounter.table","NW_015090842.1:10269831",37,62,25
"TANGO6","s954_F_TNA_03_ASEReadCounter.table","NW_015090842.1:10270813",29,60,31
"TANGO6","s954_F_TNA_03_ASEReadCounter.table","NW_015090842.1:10274018",25,44,19
"TANGO6","s954_F_TNA_03_ASEReadCounter.table","NW_015090842.1:10275974",19,40,21
"TANGO6","s954_F_TNA_03_ASEReadCounter.table","NW_015090842.1:10275976",20,41,21
"TANGO6","s954_F_TNA_03_ASEReadCounter.table","NW_015090842.1:10276123",24,48,24
"TANGO6","s954_F_TNA_03_ASEReadCounter.table","NW_015090842.1:10276271",25,43,18
"TANGO6","s954_F_TNA_03_ASEReadCounter.table","NW_015090842.1:10276272",24,43,19
"TANGO6","s954_F_TNA_03_ASEReadCounter.table","NW_015090842.1:10276275",24,44,20
"TANGO6","s954_F_TNA_03_ASEReadCounter.table","NW_015090842.1:10276278",25,43,18
"TANGO6","s954_F_TNA_03_ASEReadCounter.table","NW_015090842.1:10276368",16,34,18
"TANGO6","s954_F_TNA_03_ASEReadCounter.table","NW_015090842.1:10276373",15,32,17
"TANGO6","s954_F_TNA_03_ASEReadCounter.table","NW_015090842.1:10276630",27,46,19
"TANGO6","s954_F_TNA_03_ASEReadCounter.table","NW_015090842.1:10281498",24,49,25
"TANGO6","s954_F_TNA_03_ASEReadCounter.table","NW_015090842.1:10281516",23,55,32
"TANGO6","s954_F_TNA_03_ASEReadCounter.table","NW_015090842.1:10282842",24,55,31
"TANGO6","s954_F_TNA_03_ASEReadCounter.table","NW_015090842.1:10282863",17,36,19
"TANGO6","s954_F_TNA_03_ASEReadCounter.table","NW_015090842.1:10282869",17,37,20
"TANGO6","s954_F_TNA_03_ASEReadCounter.table","NW_015090842.1:10282903",24,43,19
"TANGO6","s954_F_TNA_03_ASEReadCounter.table","NW_015090842.1:10283757",27,60,33
"TANGO6","s954_F_TNA_03_ASEReadCounter.table","NW_015090842.1:10283785",33,65,32
"HAS3","s954_F_TNA_03_ASEReadCounter.table","NW_015090842.1:10288093",2,2,0
"HAS3","s954_F_TNA_03_ASEReadCounter.table","NW_015090842.1:10288266",1,1,0
"HAS3","s954_F_TNA_03_ASEReadCounter.table","NW_015090842.1:10288274",1,2,1
"HAS3","s954_F_TNA_03_ASEReadCounter.table","NW_015090842.1:10288364",1,2,1
"HAS3","s954_F_TNA_03_ASEReadCounter.table","NW_015090842.1:10289269",0,1,1
"HAS3","s954_F_TNA_03_ASEReadCounter.table","NW_015090842.1:10289272",0,1,1
"HAS3","s954_F_TNA_03_ASEReadCounter.table","NW_015090842.1:10289469",0,1,1
"HAS3","s954_F_TNA_03_ASEReadCounter.table","NW_015090842.1:10290375",1,2,1
"HAS3","s954_F_TNA_03_ASEReadCounter.table","NW_015090842.1:10290395",0,2,2
"HAS3","s954_F_TNA_03_ASEReadCounter.table","NW_015090842.1:10290439",2,2,0
"HAS3","s954_F_TNA_03_ASEReadCounter.table","NW_015090842.1:10290561",3,4,1
"HAS3","s954_F_TNA_03_ASEReadCounter.table","NW_015090842.1:10290609",2,3,1
"HAS3","s954_F_TNA_03_ASEReadCounter.table","NW_015090842.1:10290666",1,2,1
"HAS3","s954_F_TNA_03_ASEReadCounter.table","NW_015090842.1:10290723",2,3,1
"HAS3","s954_F_TNA_03_ASEReadCounter.table","NW_015090842.1:10290927",3,6,3
"HAS3","s954_F_TNA_03_ASEReadCounter.table","NW_015090842.1:10291004",4,7,3
"CHTF8","s954_F_TNA_03_ASEReadCounter.table","NW_015090842.1:10291319",3,7,4
"CHTF8","s954_F_TNA_03_ASEReadCounter.table","NW_015090842.1:10291491",6,8,2
"CHTF8","s954_F_TNA_03_ASEReadCounter.table","NW_015090842.1:10291520",10,15,5
"CHTF8","s954_F_TNA_03_ASEReadCounter.table","NW_015090842.1:10291593",10,17,7
"CHTF8","s954_F_TNA_03_ASEReadCounter.table","NW_015090842.1:10291600",8,17,9
"CHTF8","s954_F_TNA_03_ASEReadCounter.table","NW_015090842.1:10291609",7,15,8
"CHTF8","s954_F_TNA_03_ASEReadCounter.table","NW_015090842.1:10291639",7,14,7
"CHTF8","s954_F_TNA_03_ASEReadCounter.table","NW_015090842.1:10291641",7,14,7
"CHTF8","s954_F_TNA_03_ASEReadCounter.table","NW_015090842.1:10291648",9,15,6
"CHTF8","s954_F_TNA_03_ASEReadCounter.table","NW_015090842.1:10291656",8,14,6
"CHTF8","s954_F_TNA_03_ASEReadCounter.table","NW_015090842.1:10291675",11,18,7
"CHTF8","s954_F_TNA_03_ASEReadCounter.table","NW_015090842.1:10291696",9,15,6
"CHTF8","s954_F_TNA_03_ASEReadCounter.table","NW_015090842.1:10291714",7,11,4
"CHTF8","s954_F_TNA_03_ASEReadCounter.table","NW_015090842.1:10291732",7,11,4
"CHTF8","s954_F_TNA_03_ASEReadCounter.table","NW_015090842.1:10291755",6,10,4
"CHTF8","s954_F_TNA_03_ASEReadCounter.table","NW_015090842.1:10291756",5,9,4
"CHTF8","s954_F_TNA_03_ASEReadCounter.table","NW_015090842.1:10291758",5,9,4
"CHTF8","s954_F_TNA_03_ASEReadCounter.table","NW_015090842.1:10291792",8,10,2
"CHTF8","s954_F_TNA_03_ASEReadCounter.table","NW_015090842.1:10291895",5,13,8
"CHTF8","s954_F_TNA_03_ASEReadCounter.table","NW_015090842.1:10292132",3,7,4
"CHTF8","s954_F_TNA_03_ASEReadCounter.table","NW_015090842.1:10292314",5,10,5
"CHTF8","s954_F_TNA_03_ASEReadCounter.table","NW_015090842.1:10292317",5,10,5
"UTP4","s954_F_TNA_03_ASEReadCounter.table","NW_015090842.1:10293146",14,29,15
"UTP4","s954_F_TNA_03_ASEReadCounter.table","NW_015090842.1:10293151",14,28,14
"UTP4","s954_F_TNA_03_ASEReadCounter.table","NW_015090842.1:10293191",9,14,5
"UTP4","s954_F_TNA_03_ASEReadCounter.table","NW_015090842.1:10293362",11,20,9
"UTP4","s954_F_TNA_03_ASEReadCounter.table","NW_015090842.1:10293430",21,30,9
"UTP4","s954_F_TNA_03_ASEReadCounter.table","NW_015090842.1:10293625",9,23,14
"UTP4","s954_F_TNA_03_ASEReadCounter.table","NW_015090842.1:10293684",6,15,9
"UTP4","s954_F_TNA_03_ASEReadCounter.table","NW_015090842.1:10294093",12,29,17
"UTP4","s954_F_TNA_03_ASEReadCounter.table","NW_015090842.1:10294622",15,31,16
"UTP4","s954_F_TNA_03_ASEReadCounter.table","NW_015090842.1:10294632",13,32,19
"UTP4","s954_F_TNA_03_ASEReadCounter.table","NW_015090842.1:10295238",11,29,18
"UTP4","s954_F_TNA_03_ASEReadCounter.table","NW_015090842.1:10295880",10,27,17
"UTP4","s954_F_TNA_03_ASEReadCounter.table","NW_015090842.1:10295884",12,30,18
"UTP4","s954_F_TNA_03_ASEReadCounter.table","NW_015090842.1:10295903",10,28,18
"UTP4","s954_F_TNA_03_ASEReadCounter.table","NW_015090842.1:10295906",10,29,19
"UTP4","s954_F_TNA_03_ASEReadCounter.table","NW_015090842.1:10295915",10,33,23
"UTP4","s954_F_TNA_03_ASEReadCounter.table","NW_015090842.1:10295938",11,30,19
"UTP4","s954_F_TNA_03_ASEReadCounter.table","NW_015090842.1:10296175",13,30,17
"UTP4","s954_F_TNA_03_ASEReadCounter.table","NW_015090842.1:10296660",17,37,20
"UTP4","s954_F_TNA_03_ASEReadCounter.table","NW_015090842.1:10296679",21,44,23
"UTP4","s954_F_TNA_03_ASEReadCounter.table","NW_015090842.1:10297193",21,49,28
"UTP4","s954_F_TNA_03_ASEReadCounter.table","NW_015090842.1:10297220",26,50,24
"UTP4","s954_F_TNA_03_ASEReadCounter.table","NW_015090842.1:10297307",31,57,26
"UTP4","s954_F_TNA_03_ASEReadCounter.table","NW_015090842.1:10297558",29,69,40
"UTP4","s954_F_TNA_03_ASEReadCounter.table","NW_015090842.1:10297943",25,53,28
"UTP4","s954_F_TNA_03_ASEReadCounter.table","NW_015090842.1:10297979",28,50,22
"UTP4","s954_F_TNA_03_ASEReadCounter.table","NW_015090842.1:10298022",18,34,16
"UTP4","s954_F_TNA_03_ASEReadCounter.table","NW_015090842.1:10298079",2,9,7
"UTP4","s954_F_TNA_03_ASEReadCounter.table","NW_015090842.1:10298081",2,9,7
"UTP4","s954_F_TNA_03_ASEReadCounter.table","NW_015090842.1:10298082",1,8,7
"SNTB2","s954_F_TNA_03_ASEReadCounter.table","NW_015090842.1:10303506",4,9,5
"SNTB2","s954_F_TNA_03_ASEReadCounter.table","NW_015090842.1:10303524",4,10,6
"SNTB2","s954_F_TNA_03_ASEReadCounter.table","NW_015090842.1:10304059",1,2,1
"SNTB2","s954_F_TNA_03_ASEReadCounter.table","NW_015090842.1:10304089",2,4,2
"SNTB2","s954_F_TNA_03_ASEReadCounter.table","NW_015090842.1:10304167",4,6,2
"SNTB2","s954_F_TNA_03_ASEReadCounter.table","NW_015090842.1:10304176",4,6,2
"SNTB2","s954_F_TNA_03_ASEReadCounter.table","NW_015090842.1:10305069",2,6,4
"SNTB2","s954_F_TNA_03_ASEReadCounter.table","NW_015090842.1:10305099",2,5,3
"SNTB2","s954_F_TNA_03_ASEReadCounter.table","NW_015090842.1:10305171",2,4,2
"SNTB2","s954_F_TNA_03_ASEReadCounter.table","NW_015090842.1:10305177",2,4,2
"SNTB2","s954_F_TNA_03_ASEReadCounter.table","NW_015090842.1:10305451",4,6,2
"SNTB2","s954_F_TNA_03_ASEReadCounter.table","NW_015090842.1:10305547",2,7,5
"SNTB2","s954_F_TNA_03_ASEReadCounter.table","NW_015090842.1:10305847",1,6,5
"SNTB2","s954_F_TNA_03_ASEReadCounter.table","NW_015090842.1:10306173",3,6,3
"SNTB2","s954_F_TNA_03_ASEReadCounter.table","NW_015090842.1:10306275",1,5,4
"SNTB2","s954_F_TNA_03_ASEReadCounter.table","NW_015090842.1:10306457",0,7,7
"SNTB2","s954_F_TNA_03_ASEReadCounter.table","NW_015090842.1:10306496",0,6,6
"SNTB2","s954_F_TNA_03_ASEReadCounter.table","NW_015090842.1:10306499",0,5,5
"VPS4A","s954_F_TNA_03_ASEReadCounter.table","NW_015090842.1:10308566",85,172,87
"VPS4A","s954_F_TNA_03_ASEReadCounter.table","NW_015090842.1:10308573",92,187,95
"VPS4A","s954_F_TNA_03_ASEReadCounter.table","NW_015090842.1:10308856",120,256,136
"VPS4A","s954_F_TNA_03_ASEReadCounter.table","NW_015090842.1:10309056",151,295,144
"VPS4A","s954_F_TNA_03_ASEReadCounter.table","NW_015090842.1:10309089",165,310,145
"VPS4A","s954_F_TNA_03_ASEReadCounter.table","NW_015090842.1:10309392",164,290,126
"VPS4A","s954_F_TNA_03_ASEReadCounter.table","NW_015090842.1:10309413",163,314,151
"VPS4A","s954_F_TNA_03_ASEReadCounter.table","NW_015090842.1:10309467",159,339,180
"VPS4A","s954_F_TNA_03_ASEReadCounter.table","NW_015090842.1:10310230",182,405,223
"VPS4A","s954_F_TNA_03_ASEReadCounter.table","NW_015090842.1:10310425",168,372,204
"VPS4A","s954_F_TNA_03_ASEReadCounter.table","NW_015090842.1:10310639",184,387,203
"VPS4A","s954_F_TNA_03_ASEReadCounter.table","NW_015090842.1:10310734",187,343,156
"VPS4A","s954_F_TNA_03_ASEReadCounter.table","NW_015090842.1:10310737",186,346,160
"VPS4A","s954_F_TNA_03_ASEReadCounter.table","NW_015090842.1:10310746",190,359,169
"VPS4A","s954_F_TNA_03_ASEReadCounter.table","NW_015090842.1:10310767",204,383,179
"VPS4A","s954_F_TNA_03_ASEReadCounter.table","NW_015090842.1:10310995",206,398,192
"VPS4A","s954_F_TNA_03_ASEReadCounter.table","NW_015090842.1:10311004",198,385,187
"VPS4A","s954_F_TNA_03_ASEReadCounter.table","NW_015090842.1:10311007",204,395,191
"VPS4A","s954_F_TNA_03_ASEReadCounter.table","NW_015090842.1:10311013",217,404,187
"VPS4A","s954_F_TNA_03_ASEReadCounter.table","NW_015090842.1:10311022",214,400,186
"VPS4A","s954_F_TNA_03_ASEReadCounter.table","NW_015090842.1:10311023",212,398,186
"VPS4A","s954_F_TNA_03_ASEReadCounter.table","NW_015090842.1:10311426",186,385,199
"VPS4A","s954_F_TNA_03_ASEReadCounter.table","NW_015090842.1:10311489",1,9,8
"VPS4A","s954_F_TNA_03_ASEReadCounter.table","NW_015090842.1:10311490",1,7,6
"VPS4A","s954_F_TNA_03_ASEReadCounter.table","NW_015090842.1:10311525",7,17,10
"VPS4A","s954_F_TNA_03_ASEReadCounter.table","NW_015090842.1:10311529",8,29,21
"VPS4A","s954_F_TNA_03_ASEReadCounter.table","NW_015090842.1:10311530",8,31,23
"VPS4A","s954_F_TNA_03_ASEReadCounter.table","NW_015090842.1:10311552",43,75,32
"VPS4A","s954_F_TNA_03_ASEReadCounter.table","NW_015090842.1:10311689",38,83,45
"VPS4A","s954_F_TNA_03_ASEReadCounter.table","NW_015090842.1:10311700",51,100,49
"VPS4A","s954_F_TNA_03_ASEReadCounter.table","NW_015090842.1:10311701",50,100,50
"VPS4A","s954_F_TNA_03_ASEReadCounter.table","NW_015090842.1:10311703",51,99,48
"COG8","s954_F_TNA_03_ASEReadCounter.table","NW_015090842.1:10313487",20,44,24
"COG8","s954_F_TNA_03_ASEReadCounter.table","NW_015090842.1:10313559",26,57,31
"COG8","s954_F_TNA_03_ASEReadCounter.table","NW_015090842.1:10313579",21,53,32
"COG8","s954_F_TNA_03_ASEReadCounter.table","NW_015090842.1:10313665",28,54,26
"COG8","s954_F_TNA_03_ASEReadCounter.table","NW_015090842.1:10313681",28,58,30
"COG8","s954_F_TNA_03_ASEReadCounter.table","NW_015090842.1:10313768",28,69,41
"COG8","s954_F_TNA_03_ASEReadCounter.table","NW_015090842.1:10313775",31,73,42
"COG8","s954_F_TNA_03_ASEReadCounter.table","NW_015090842.1:10313811",25,56,31
"COG8","s954_F_TNA_03_ASEReadCounter.table","NW_015090842.1:10313858",15,39,24
"COG8","s954_F_TNA_03_ASEReadCounter.table","NW_015090842.1:10314100",17,43,26
"COG8","s954_F_TNA_03_ASEReadCounter.table","NW_015090842.1:10314213",23,50,27
"COG8","s954_F_TNA_03_ASEReadCounter.table","NW_015090842.1:10315093",19,30,11
"COG8","s954_F_TNA_03_ASEReadCounter.table","NW_015090842.1:10315162",20,43,23
"COG8","s954_F_TNA_03_ASEReadCounter.table","NW_015090842.1:10315285",21,52,31
"COG8","s954_F_TNA_03_ASEReadCounter.table","NW_015090842.1:10315360",19,42,23
"COG8","s954_F_TNA_03_ASEReadCounter.table","NW_015090842.1:10315369",19,44,25
"COG8","s954_F_TNA_03_ASEReadCounter.table","NW_015090842.1:10315504",6,19,13
"COG8","s954_F_TNA_03_ASEReadCounter.table","NW_015090842.1:10315508",6,19,13
"COG8","s954_F_TNA_03_ASEReadCounter.table","NW_015090842.1:10315624",14,34,20
"COG8","s954_F_TNA_03_ASEReadCounter.table","NW_015090842.1:10315693",15,29,14
"COG8","s954_F_TNA_03_ASEReadCounter.table","NW_015090842.1:10315698",15,30,15
"COG8","s954_F_TNA_03_ASEReadCounter.table","NW_015090842.1:10315768",10,20,10
"COG8","s954_F_TNA_03_ASEReadCounter.table","NW_015090842.1:10315769",10,21,11
"COG8","s954_F_TNA_03_ASEReadCounter.table","NW_015090842.1:10315784",8,20,12
"COG8","s954_F_TNA_03_ASEReadCounter.table","NW_015090842.1:10316093",13,26,13
"COG8","s954_F_TNA_03_ASEReadCounter.table","NW_015090842.1:10316133",11,17,6
"NIP7","s954_F_TNA_03_ASEReadCounter.table","NW_015090842.1:10316759",15,39,24
"NIP7","s954_F_TNA_03_ASEReadCounter.table","NW_015090842.1:10316967",105,210,105
"NIP7","s954_F_TNA_03_ASEReadCounter.table","NW_015090842.1:10316995",122,239,117
"NIP7","s954_F_TNA_03_ASEReadCounter.table","NW_015090842.1:10317240",148,278,130
"NIP7","s954_F_TNA_03_ASEReadCounter.table","NW_015090842.1:10317247",149,281,132
"NIP7","s954_F_TNA_03_ASEReadCounter.table","NW_015090842.1:10317264",143,263,120
"NIP7","s954_F_TNA_03_ASEReadCounter.table","NW_015090842.1:10317433",177,356,179
"NIP7","s954_F_TNA_03_ASEReadCounter.table","NW_015090842.1:10317738",139,302,163
"NIP7","s954_F_TNA_03_ASEReadCounter.table","NW_015090842.1:10317769",155,311,156
"NIP7","s954_F_TNA_03_ASEReadCounter.table","NW_015090842.1:10317808",104,201,97
"NIP7","s954_F_TNA_03_ASEReadCounter.table","NW_015090842.1:10317870",52,142,90
"NIP7","s954_F_TNA_03_ASEReadCounter.table","NW_015090842.1:10317871",52,139,87
"NIP7","s954_F_TNA_03_ASEReadCounter.table","NW_015090842.1:10317898",39,101,62
"NIP7","s954_F_TNA_03_ASEReadCounter.table","NW_015090842.1:10317911",31,87,56
"TERF2","s954_F_TNA_03_ASEReadCounter.table","NW_015090842.1:10321665",12,12,0
"TERF2","s954_F_TNA_03_ASEReadCounter.table","NW_015090842.1:10321768",25,60,35
"TERF2","s954_F_TNA_03_ASEReadCounter.table","NW_015090842.1:10321777",23,58,35
"TERF2","s954_F_TNA_03_ASEReadCounter.table","NW_015090842.1:10321805",20,58,38
"TERF2","s954_F_TNA_03_ASEReadCounter.table","NW_015090842.1:10321878",38,81,43
"TERF2","s954_F_TNA_03_ASEReadCounter.table","NW_015090842.1:10321893",3,76,73
"TERF2","s954_F_TNA_03_ASEReadCounter.table","NW_015090842.1:10321897",30,66,36
"TERF2","s954_F_TNA_03_ASEReadCounter.table","NW_015090842.1:10321908",28,65,37
"TERF2","s954_F_TNA_03_ASEReadCounter.table","NW_015090842.1:10322001",39,82,43
"TERF2","s954_F_TNA_03_ASEReadCounter.table","NW_015090842.1:10322035",41,77,36
"TERF2","s954_F_TNA_03_ASEReadCounter.table","NW_015090842.1:10322051",37,81,44
"TERF2","s954_F_TNA_03_ASEReadCounter.table","NW_015090842.1:10322137",31,65,34
"TERF2","s954_F_TNA_03_ASEReadCounter.table","NW_015090842.1:10322144",33,66,33
"TERF2","s954_F_TNA_03_ASEReadCounter.table","NW_015090842.1:10322388",22,58,36
"TERF2","s954_F_TNA_03_ASEReadCounter.table","NW_015090842.1:10322396",22,58,36
"TERF2","s954_F_TNA_03_ASEReadCounter.table","NW_015090842.1:10322502",35,75,40
"TERF2","s954_F_TNA_03_ASEReadCounter.table","NW_015090842.1:10322504",36,78,42
"TERF2","s954_F_TNA_03_ASEReadCounter.table","NW_015090842.1:10322510",36,79,43
"TERF2","s954_F_TNA_03_ASEReadCounter.table","NW_015090842.1:10323580",29,61,32
"TERF2","s954_F_TNA_03_ASEReadCounter.table","NW_015090842.1:10324314",28,62,34
"TERF2","s954_F_TNA_03_ASEReadCounter.table","NW_015090842.1:10326832",26,51,25
"TERF2","s954_F_TNA_03_ASEReadCounter.table","NW_015090842.1:10327787",12,36,24
"TERF2","s954_F_TNA_03_ASEReadCounter.table","NW_015090842.1:10328588",22,39,17
"TERF2","s954_F_TNA_03_ASEReadCounter.table","NW_015090842.1:10328644",16,31,15
"TERF2","s954_F_TNA_03_ASEReadCounter.table","NW_015090842.1:10329813",12,23,11
"TERF2","s954_F_TNA_03_ASEReadCounter.table","NW_015090842.1:10330749",7,19,12
"TERF2","s954_F_TNA_03_ASEReadCounter.table","NW_015090842.1:10330789",8,19,11
"CYB5B","s954_F_TNA_03_ASEReadCounter.table","NW_015090842.1:10336595",1,8,7
"CYB5B","s954_F_TNA_03_ASEReadCounter.table","NW_015090842.1:10336667",41,86,45
"CYB5B","s954_F_TNA_03_ASEReadCounter.table","NW_015090842.1:10336689",61,124,63
"CYB5B","s954_F_TNA_03_ASEReadCounter.table","NW_015090842.1:10336728",76,171,95
"CYB5B","s954_F_TNA_03_ASEReadCounter.table","NW_015090842.1:10345068",88,171,83
"CYB5B","s954_F_TNA_03_ASEReadCounter.table","NW_015090842.1:10348800",105,226,121
"CYB5B","s954_F_TNA_03_ASEReadCounter.table","NW_015090842.1:10348888",87,204,117
"CYB5B","s954_F_TNA_03_ASEReadCounter.table","NW_015090842.1:10349046",77,199,122
"CYB5B","s954_F_TNA_03_ASEReadCounter.table","NW_015090842.1:10349119",64,181,117
"CYB5B","s954_F_TNA_03_ASEReadCounter.table","NW_015090842.1:10349146",49,170,121
"CYB5B","s954_F_TNA_03_ASEReadCounter.table","NW_015090842.1:10349157",73,197,124
