"gene","id","snp","ref_count","total_count","alt_count"
"CENPN","s1324_S_PIT_01_ASEReadCounter.table","NW_015090842.1:5801612",0,2,2
"CENPN","s1324_S_PIT_01_ASEReadCounter.table","NW_015090842.1:5801618",0,2,2
"CENPN","s1324_S_PIT_01_ASEReadCounter.table","NW_015090842.1:5801623",0,2,2
"CENPN","s1324_S_PIT_01_ASEReadCounter.table","NW_015090842.1:5801631",0,2,2
"CENPN","s1324_S_PIT_01_ASEReadCounter.table","NW_015090842.1:5801632",0,2,2
"CENPN","s1324_S_PIT_01_ASEReadCounter.table","NW_015090842.1:5801655",2,4,2
"CENPN","s1324_S_PIT_01_ASEReadCounter.table","NW_015090842.1:5801670",2,4,2
"CENPN","s1324_S_PIT_01_ASEReadCounter.table","NW_015090842.1:5801674",2,4,2
"CENPN","s1324_S_PIT_01_ASEReadCounter.table","NW_015090842.1:5801692",2,2,0
"CENPN","s1324_S_PIT_01_ASEReadCounter.table","NW_015090842.1:5802008",0,3,3
"CENPN","s1324_S_PIT_01_ASEReadCounter.table","NW_015090842.1:5802012",0,3,3
"CENPN","s1324_S_PIT_01_ASEReadCounter.table","NW_015090842.1:5802087",1,9,8
"CENPN","s1324_S_PIT_01_ASEReadCounter.table","NW_015090842.1:5810113",3,4,1
"CENPN","s1324_S_PIT_01_ASEReadCounter.table","NW_015090842.1:5810147",3,4,1
"CENPN","s1324_S_PIT_01_ASEReadCounter.table","NW_015090842.1:5810148",4,5,1
"ATMIN","s1324_S_PIT_01_ASEReadCounter.table","NW_015090842.1:5818789",1,5,4
"ATMIN","s1324_S_PIT_01_ASEReadCounter.table","NW_015090842.1:5819958",2,5,3
"ATMIN","s1324_S_PIT_01_ASEReadCounter.table","NW_015090842.1:5820004",4,6,2
"ATMIN","s1324_S_PIT_01_ASEReadCounter.table","NW_015090842.1:5820217",1,2,1
"ATMIN","s1324_S_PIT_01_ASEReadCounter.table","NW_015090842.1:5820250",2,3,1
"ATMIN","s1324_S_PIT_01_ASEReadCounter.table","NW_015090842.1:5820298",3,4,1
"ATMIN","s1324_S_PIT_01_ASEReadCounter.table","NW_015090842.1:5820417",2,5,3
"ATMIN","s1324_S_PIT_01_ASEReadCounter.table","NW_015090842.1:5820421",1,4,3
"ATMIN","s1324_S_PIT_01_ASEReadCounter.table","NW_015090842.1:5820448",4,8,4
"ATMIN","s1324_S_PIT_01_ASEReadCounter.table","NW_015090842.1:5820457",4,9,5
"ATMIN","s1324_S_PIT_01_ASEReadCounter.table","NW_015090842.1:5820510",5,9,4
"ATMIN","s1324_S_PIT_01_ASEReadCounter.table","NW_015090842.1:5820673",1,3,2
"ATMIN","s1324_S_PIT_01_ASEReadCounter.table","NW_015090842.1:5820754",1,5,4
"ATMIN","s1324_S_PIT_01_ASEReadCounter.table","NW_015090842.1:5820820",1,4,3
"ATMIN","s1324_S_PIT_01_ASEReadCounter.table","NW_015090842.1:5820865",2,4,2
"ATMIN","s1324_S_PIT_01_ASEReadCounter.table","NW_015090842.1:5820889",2,5,3
"ATMIN","s1324_S_PIT_01_ASEReadCounter.table","NW_015090842.1:5820891",2,5,3
"ATMIN","s1324_S_PIT_01_ASEReadCounter.table","NW_015090842.1:5820997",3,6,3
"ATMIN","s1324_S_PIT_01_ASEReadCounter.table","NW_015090842.1:5821063",2,7,5
"ATMIN","s1324_S_PIT_01_ASEReadCounter.table","NW_015090842.1:5821132",2,5,3
"ATMIN","s1324_S_PIT_01_ASEReadCounter.table","NW_015090842.1:5821645",2,4,2
"ATMIN","s1324_S_PIT_01_ASEReadCounter.table","NW_015090842.1:5825066",8,9,1
"ATMIN","s1324_S_PIT_01_ASEReadCounter.table","NW_015090842.1:5825106",5,7,2
"ATMIN","s1324_S_PIT_01_ASEReadCounter.table","NW_015090842.1:5825122",3,8,5
"ATMIN","s1324_S_PIT_01_ASEReadCounter.table","NW_015090842.1:5825178",4,13,9
"ATMIN","s1324_S_PIT_01_ASEReadCounter.table","NW_015090842.1:5825194",5,13,8
"ATMIN","s1324_S_PIT_01_ASEReadCounter.table","NW_015090842.1:5825195",5,13,8
"ATMIN","s1324_S_PIT_01_ASEReadCounter.table","NW_015090842.1:5825220",7,12,5
"ATMIN","s1324_S_PIT_01_ASEReadCounter.table","NW_015090842.1:5825240",9,14,5
"ATMIN","s1324_S_PIT_01_ASEReadCounter.table","NW_015090842.1:5825303",7,16,9
"ATMIN","s1324_S_PIT_01_ASEReadCounter.table","NW_015090842.1:5825304",7,16,9
"ATMIN","s1324_S_PIT_01_ASEReadCounter.table","NW_015090842.1:5825310",8,17,9
"ATMIN","s1324_S_PIT_01_ASEReadCounter.table","NW_015090842.1:5825406",9,16,7
"ATMIN","s1324_S_PIT_01_ASEReadCounter.table","NW_015090842.1:5825415",9,16,7
"ATMIN","s1324_S_PIT_01_ASEReadCounter.table","NW_015090842.1:5825438",8,14,6
"ATMIN","s1324_S_PIT_01_ASEReadCounter.table","NW_015090842.1:5825485",2,8,6
"ATMIN","s1324_S_PIT_01_ASEReadCounter.table","NW_015090842.1:5825524",1,6,5
"ATMIN","s1324_S_PIT_01_ASEReadCounter.table","NW_015090842.1:5825557",2,8,6
"ATMIN","s1324_S_PIT_01_ASEReadCounter.table","NW_015090842.1:5825571",2,8,6
"ATMIN","s1324_S_PIT_01_ASEReadCounter.table","NW_015090842.1:5825579",2,6,4
"ATMIN","s1324_S_PIT_01_ASEReadCounter.table","NW_015090842.1:5825590",2,6,4
"ATMIN","s1324_S_PIT_01_ASEReadCounter.table","NW_015090842.1:5825689",4,7,3
"ATMIN","s1324_S_PIT_01_ASEReadCounter.table","NW_015090842.1:5825703",4,8,4
"ATMIN","s1324_S_PIT_01_ASEReadCounter.table","NW_015090842.1:5825787",5,10,5
"ATMIN","s1324_S_PIT_01_ASEReadCounter.table","NW_015090842.1:5825833",4,6,2
"ATMIN","s1324_S_PIT_01_ASEReadCounter.table","NW_015090842.1:5825841",2,4,2
"ATMIN","s1324_S_PIT_01_ASEReadCounter.table","NW_015090842.1:5825895",0,2,2
"ATMIN","s1324_S_PIT_01_ASEReadCounter.table","NW_015090842.1:5825984",3,9,6
"ATMIN","s1324_S_PIT_01_ASEReadCounter.table","NW_015090842.1:5826162",4,9,5
"ATMIN","s1324_S_PIT_01_ASEReadCounter.table","NW_015090842.1:5826194",4,10,6
"ATMIN","s1324_S_PIT_01_ASEReadCounter.table","NW_015090842.1:5826235",6,10,4
"ATMIN","s1324_S_PIT_01_ASEReadCounter.table","NW_015090842.1:5826245",7,10,3
"ATMIN","s1324_S_PIT_01_ASEReadCounter.table","NW_015090842.1:5826335",5,9,4
"ATMIN","s1324_S_PIT_01_ASEReadCounter.table","NW_015090842.1:5826417",5,7,2
"ATMIN","s1324_S_PIT_01_ASEReadCounter.table","NW_015090842.1:5826431",2,8,6
"ATMIN","s1324_S_PIT_01_ASEReadCounter.table","NW_015090842.1:5826438",4,9,5
"ATMIN","s1324_S_PIT_01_ASEReadCounter.table","NW_015090842.1:5826463",8,14,6
"ATMIN","s1324_S_PIT_01_ASEReadCounter.table","NW_015090842.1:5826502",9,15,6
"ATMIN","s1324_S_PIT_01_ASEReadCounter.table","NW_015090842.1:5826511",9,15,6
"ATMIN","s1324_S_PIT_01_ASEReadCounter.table","NW_015090842.1:5826659",6,14,8
"ATMIN","s1324_S_PIT_01_ASEReadCounter.table","NW_015090842.1:5826701",8,15,7
"ATMIN","s1324_S_PIT_01_ASEReadCounter.table","NW_015090842.1:5826702",8,15,7
"ATMIN","s1324_S_PIT_01_ASEReadCounter.table","NW_015090842.1:5826732",5,12,7
"ATMIN","s1324_S_PIT_01_ASEReadCounter.table","NW_015090842.1:5826745",6,14,8
"ATMIN","s1324_S_PIT_01_ASEReadCounter.table","NW_015090842.1:5826835",14,22,8
"ATMIN","s1324_S_PIT_01_ASEReadCounter.table","NW_015090842.1:5826910",8,18,10
"ATMIN","s1324_S_PIT_01_ASEReadCounter.table","NW_015090842.1:5826942",5,17,12
"ATMIN","s1324_S_PIT_01_ASEReadCounter.table","NW_015090842.1:5827193",15,26,11
"ATMIN","s1324_S_PIT_01_ASEReadCounter.table","NW_015090842.1:5827196",14,25,11
"ATMIN","s1324_S_PIT_01_ASEReadCounter.table","NW_015090842.1:5827269",14,28,14
"ATMIN","s1324_S_PIT_01_ASEReadCounter.table","NW_015090842.1:5827315",8,22,14
"ATMIN","s1324_S_PIT_01_ASEReadCounter.table","NW_015090842.1:5827316",8,22,14
"ATMIN","s1324_S_PIT_01_ASEReadCounter.table","NW_015090842.1:5827333",9,21,12
"PPP1R3E","s1324_S_PIT_01_ASEReadCounter.table","NW_015090842.1:5837733",4,6,2
"PPP1R3E","s1324_S_PIT_01_ASEReadCounter.table","NW_015090842.1:5837947",4,5,1
"PKD1L2","s1324_S_PIT_01_ASEReadCounter.table","NW_015090842.1:5867788",1,1,0
"BCO1","s1324_S_PIT_01_ASEReadCounter.table","NW_015090842.1:5917836",0,1,1
"BCO1","s1324_S_PIT_01_ASEReadCounter.table","NW_015090842.1:5917912",7,9,2
"BCO1","s1324_S_PIT_01_ASEReadCounter.table","NW_015090842.1:5917941",9,12,3
"BCO1","s1324_S_PIT_01_ASEReadCounter.table","NW_015090842.1:5917971",11,14,3
"BCO1","s1324_S_PIT_01_ASEReadCounter.table","NW_015090842.1:5921679",7,8,1
"BCO1","s1324_S_PIT_01_ASEReadCounter.table","NW_015090842.1:5921726",8,10,2
"BCO1","s1324_S_PIT_01_ASEReadCounter.table","NW_015090842.1:5925669",6,6,0
"BCO1","s1324_S_PIT_01_ASEReadCounter.table","NW_015090842.1:5925753",9,10,1
"BCO1","s1324_S_PIT_01_ASEReadCounter.table","NW_015090842.1:5926937",10,12,2
"BCO1","s1324_S_PIT_01_ASEReadCounter.table","NW_015090842.1:5927921",3,4,1
"BCO1","s1324_S_PIT_01_ASEReadCounter.table","NW_015090842.1:5927948",4,5,1
"BCO1","s1324_S_PIT_01_ASEReadCounter.table","NW_015090842.1:5927968",6,8,2
"BCO1","s1324_S_PIT_01_ASEReadCounter.table","NW_015090842.1:5928052",10,11,1
"BCO1","s1324_S_PIT_01_ASEReadCounter.table","NW_015090842.1:5932726",14,18,4
"BCO1","s1324_S_PIT_01_ASEReadCounter.table","NW_015090842.1:5932801",6,9,3
"BCO1","s1324_S_PIT_01_ASEReadCounter.table","NW_015090842.1:5934558",14,19,5
"BCO1","s1324_S_PIT_01_ASEReadCounter.table","NW_015090842.1:5934575",14,18,4
"BCO1","s1324_S_PIT_01_ASEReadCounter.table","NW_015090842.1:5934608",11,16,5
"BCO1","s1324_S_PIT_01_ASEReadCounter.table","NW_015090842.1:5934647",14,16,2
"BCO1","s1324_S_PIT_01_ASEReadCounter.table","NW_015090842.1:5934725",11,15,4
"BCO1","s1324_S_PIT_01_ASEReadCounter.table","NW_015090842.1:5934726",10,14,4
"BCO1","s1324_S_PIT_01_ASEReadCounter.table","NW_015090842.1:5934733",10,14,4
"BCO1","s1324_S_PIT_01_ASEReadCounter.table","NW_015090842.1:5934821",13,17,4
"BCO1","s1324_S_PIT_01_ASEReadCounter.table","NW_015090842.1:5934826",12,14,2
"BCO1","s1324_S_PIT_01_ASEReadCounter.table","NW_015090842.1:5934844",7,9,2
"BCO1","s1324_S_PIT_01_ASEReadCounter.table","NW_015090842.1:5934958",11,14,3
"BCO1","s1324_S_PIT_01_ASEReadCounter.table","NW_015090842.1:5934976",11,14,3
"GAN","s1324_S_PIT_01_ASEReadCounter.table","NW_015090842.1:5953759",4,4,0
"GAN","s1324_S_PIT_01_ASEReadCounter.table","NW_015090842.1:5957502",0,5,5
"GAN","s1324_S_PIT_01_ASEReadCounter.table","NW_015090842.1:5957578",0,5,5
"GAN","s1324_S_PIT_01_ASEReadCounter.table","NW_015090842.1:5965028",2,3,1
"GAN","s1324_S_PIT_01_ASEReadCounter.table","NW_015090842.1:5966047",0,1,1
"GAN","s1324_S_PIT_01_ASEReadCounter.table","NW_015090842.1:5966126",0,2,2
"GAN","s1324_S_PIT_01_ASEReadCounter.table","NW_015090842.1:5966127",0,2,2
"GAN","s1324_S_PIT_01_ASEReadCounter.table","NW_015090842.1:5966162",4,6,2
"GAN","s1324_S_PIT_01_ASEReadCounter.table","NW_015090842.1:5966483",0,1,1
"CMIP","s1324_S_PIT_01_ASEReadCounter.table","NW_015090842.1:6109159",6,7,1
"CMIP","s1324_S_PIT_01_ASEReadCounter.table","NW_015090842.1:6109166",4,5,1
"CMIP","s1324_S_PIT_01_ASEReadCounter.table","NW_015090842.1:6114641",2,9,7
"CMIP","s1324_S_PIT_01_ASEReadCounter.table","NW_015090842.1:6114751",4,8,4
"CMIP","s1324_S_PIT_01_ASEReadCounter.table","NW_015090842.1:6114824",3,6,3
"CMIP","s1324_S_PIT_01_ASEReadCounter.table","NW_015090842.1:6128998",5,11,6
"CMIP","s1324_S_PIT_01_ASEReadCounter.table","NW_015090842.1:6130562",6,19,13
"CMIP","s1324_S_PIT_01_ASEReadCounter.table","NW_015090842.1:6132522",11,16,5
"CMIP","s1324_S_PIT_01_ASEReadCounter.table","NW_015090842.1:6134088",6,13,7
"CMIP","s1324_S_PIT_01_ASEReadCounter.table","NW_015090842.1:6138265",23,55,32
"CMIP","s1324_S_PIT_01_ASEReadCounter.table","NW_015090842.1:6138300",23,56,33
"CMIP","s1324_S_PIT_01_ASEReadCounter.table","NW_015090842.1:6138342",17,38,21
"CMIP","s1324_S_PIT_01_ASEReadCounter.table","NW_015090842.1:6138343",17,37,20
"CMIP","s1324_S_PIT_01_ASEReadCounter.table","NW_015090842.1:6138345",17,38,21
"CMIP","s1324_S_PIT_01_ASEReadCounter.table","NW_015090842.1:6138647",8,24,16
"CMIP","s1324_S_PIT_01_ASEReadCounter.table","NW_015090842.1:6138745",20,39,19
"CMIP","s1324_S_PIT_01_ASEReadCounter.table","NW_015090842.1:6138832",5,22,17
"CMIP","s1324_S_PIT_01_ASEReadCounter.table","NW_015090842.1:6138967",20,38,18
"CMIP","s1324_S_PIT_01_ASEReadCounter.table","NW_015090842.1:6139131",12,24,12
"CMIP","s1324_S_PIT_01_ASEReadCounter.table","NW_015090842.1:6139163",3,12,9
"CMIP","s1324_S_PIT_01_ASEReadCounter.table","NW_015090842.1:6139360",9,16,7
"CMIP","s1324_S_PIT_01_ASEReadCounter.table","NW_015090842.1:6139572",6,10,4
"CMIP","s1324_S_PIT_01_ASEReadCounter.table","NW_015090842.1:6139773",17,18,1
"PLCG2","s1324_S_PIT_01_ASEReadCounter.table","NW_015090842.1:6179613",5,9,4
"PLCG2","s1324_S_PIT_01_ASEReadCounter.table","NW_015090842.1:6179658",8,13,5
"PLCG2","s1324_S_PIT_01_ASEReadCounter.table","NW_015090842.1:6203766",3,5,2
"PLCG2","s1324_S_PIT_01_ASEReadCounter.table","NW_015090842.1:6203775",2,4,2
"PLCG2","s1324_S_PIT_01_ASEReadCounter.table","NW_015090842.1:6203787",2,4,2
"PLCG2","s1324_S_PIT_01_ASEReadCounter.table","NW_015090842.1:6205047",0,3,3
"PLCG2","s1324_S_PIT_01_ASEReadCounter.table","NW_015090842.1:6208541",0,3,3
"PLCG2","s1324_S_PIT_01_ASEReadCounter.table","NW_015090842.1:6209741",1,4,3
"PLCG2","s1324_S_PIT_01_ASEReadCounter.table","NW_015090842.1:6209798",1,6,5
"PLCG2","s1324_S_PIT_01_ASEReadCounter.table","NW_015090842.1:6209816",1,6,5
"PLCG2","s1324_S_PIT_01_ASEReadCounter.table","NW_015090842.1:6217547",1,7,6
"PLCG2","s1324_S_PIT_01_ASEReadCounter.table","NW_015090842.1:6218641",4,7,3
"PLCG2","s1324_S_PIT_01_ASEReadCounter.table","NW_015090842.1:6220552",5,13,8
"PLCG2","s1324_S_PIT_01_ASEReadCounter.table","NW_015090842.1:6221969",3,7,4
"PLCG2","s1324_S_PIT_01_ASEReadCounter.table","NW_015090842.1:6228672",4,14,10
"PLCG2","s1324_S_PIT_01_ASEReadCounter.table","NW_015090842.1:6228694",4,15,11
"PLCG2","s1324_S_PIT_01_ASEReadCounter.table","NW_015090842.1:6228722",4,14,10
"PLCG2","s1324_S_PIT_01_ASEReadCounter.table","NW_015090842.1:6228747",4,12,8
"PLCG2","s1324_S_PIT_01_ASEReadCounter.table","NW_015090842.1:6228835",6,12,6
"PLCG2","s1324_S_PIT_01_ASEReadCounter.table","NW_015090842.1:6228841",5,11,6
"PLCG2","s1324_S_PIT_01_ASEReadCounter.table","NW_015090842.1:6228865",5,10,5
"PLCG2","s1324_S_PIT_01_ASEReadCounter.table","NW_015090842.1:6228917",6,14,8
"PLCG2","s1324_S_PIT_01_ASEReadCounter.table","NW_015090842.1:6228926",6,15,9
"PLCG2","s1324_S_PIT_01_ASEReadCounter.table","NW_015090842.1:6228954",4,11,7
"PLCG2","s1324_S_PIT_01_ASEReadCounter.table","NW_015090842.1:6229002",4,13,9
"PLCG2","s1324_S_PIT_01_ASEReadCounter.table","NW_015090842.1:6229006",4,13,9
"PLCG2","s1324_S_PIT_01_ASEReadCounter.table","NW_015090842.1:6229081",5,13,8
"PLCG2","s1324_S_PIT_01_ASEReadCounter.table","NW_015090842.1:6229097",4,9,5
"PLCG2","s1324_S_PIT_01_ASEReadCounter.table","NW_015090842.1:6229160",1,2,1
"PLCG2","s1324_S_PIT_01_ASEReadCounter.table","NW_015090842.1:6229213",1,3,2
"PLCG2","s1324_S_PIT_01_ASEReadCounter.table","NW_015090842.1:6229231",3,6,3
"PLCG2","s1324_S_PIT_01_ASEReadCounter.table","NW_015090842.1:6229663",7,11,4
"PLCG2","s1324_S_PIT_01_ASEReadCounter.table","NW_015090842.1:6229748",5,6,1
"PLCG2","s1324_S_PIT_01_ASEReadCounter.table","NW_015090842.1:6229892",6,7,1
"PLCG2","s1324_S_PIT_01_ASEReadCounter.table","NW_015090842.1:6230248",4,7,3
"PLCG2","s1324_S_PIT_01_ASEReadCounter.table","NW_015090842.1:6230255",4,6,2
"PLCG2","s1324_S_PIT_01_ASEReadCounter.table","NW_015090842.1:6230296",2,4,2
"PLCG2","s1324_S_PIT_01_ASEReadCounter.table","NW_015090842.1:6230349",6,8,2
"PLCG2","s1324_S_PIT_01_ASEReadCounter.table","NW_015090842.1:6230381",5,6,1
"PLCG2","s1324_S_PIT_01_ASEReadCounter.table","NW_015090842.1:6230408",10,11,1
"PLCG2","s1324_S_PIT_01_ASEReadCounter.table","NW_015090842.1:6230439",10,11,1
"PLCG2","s1324_S_PIT_01_ASEReadCounter.table","NW_015090842.1:6230757",3,3,0
"PLCG2","s1324_S_PIT_01_ASEReadCounter.table","NW_015090842.1:6230758",3,3,0
"PLCG2","s1324_S_PIT_01_ASEReadCounter.table","NW_015090842.1:6230898",17,19,2
"PLCG2","s1324_S_PIT_01_ASEReadCounter.table","NW_015090842.1:6230976",13,14,1
"PLCG2","s1324_S_PIT_01_ASEReadCounter.table","NW_015090842.1:6231078",4,7,3
"PLCG2","s1324_S_PIT_01_ASEReadCounter.table","NW_015090842.1:6231138",8,8,0
"PLCG2","s1324_S_PIT_01_ASEReadCounter.table","NW_015090842.1:6231177",8,8,0
"PLCG2","s1324_S_PIT_01_ASEReadCounter.table","NW_015090842.1:6231263",11,16,5
"PLCG2","s1324_S_PIT_01_ASEReadCounter.table","NW_015090842.1:6231309",9,12,3
"SDR42E1","s1324_S_PIT_01_ASEReadCounter.table","NW_015090842.1:6235292",0,4,4
"SDR42E1","s1324_S_PIT_01_ASEReadCounter.table","NW_015090842.1:6235315",0,9,9
"SDR42E1","s1324_S_PIT_01_ASEReadCounter.table","NW_015090842.1:6235348",4,14,10
"SDR42E1","s1324_S_PIT_01_ASEReadCounter.table","NW_015090842.1:6235355",4,13,9
"SDR42E1","s1324_S_PIT_01_ASEReadCounter.table","NW_015090842.1:6235417",7,15,8
"SDR42E1","s1324_S_PIT_01_ASEReadCounter.table","NW_015090842.1:6235526",11,11,0
"SDR42E1","s1324_S_PIT_01_ASEReadCounter.table","NW_015090842.1:6235558",5,9,4
"SDR42E1","s1324_S_PIT_01_ASEReadCounter.table","NW_015090842.1:6235603",22,22,0
"SDR42E1","s1324_S_PIT_01_ASEReadCounter.table","NW_015090842.1:6235741",17,26,9
"SDR42E1","s1324_S_PIT_01_ASEReadCounter.table","NW_015090842.1:6235777",17,29,12
"SDR42E1","s1324_S_PIT_01_ASEReadCounter.table","NW_015090842.1:6235806",13,33,20
"SDR42E1","s1324_S_PIT_01_ASEReadCounter.table","NW_015090842.1:6235809",12,32,20
"SDR42E1","s1324_S_PIT_01_ASEReadCounter.table","NW_015090842.1:6235816",12,34,22
"SDR42E1","s1324_S_PIT_01_ASEReadCounter.table","NW_015090842.1:6235914",9,26,17
"SDR42E1","s1324_S_PIT_01_ASEReadCounter.table","NW_015090842.1:6235935",11,27,16
"SDR42E1","s1324_S_PIT_01_ASEReadCounter.table","NW_015090842.1:6235957",8,23,15
"SDR42E1","s1324_S_PIT_01_ASEReadCounter.table","NW_015090842.1:6236040",5,16,11
"SDR42E1","s1324_S_PIT_01_ASEReadCounter.table","NW_015090842.1:6236260",4,13,9
"SDR42E1","s1324_S_PIT_01_ASEReadCounter.table","NW_015090842.1:6236281",3,16,13
"SDR42E1","s1324_S_PIT_01_ASEReadCounter.table","NW_015090842.1:6236305",5,23,18
"SDR42E1","s1324_S_PIT_01_ASEReadCounter.table","NW_015090842.1:6236458",8,24,16
"SDR42E1","s1324_S_PIT_01_ASEReadCounter.table","NW_015090842.1:6236476",11,31,20
"SDR42E1","s1324_S_PIT_01_ASEReadCounter.table","NW_015090842.1:6236608",10,21,11
"SDR42E1","s1324_S_PIT_01_ASEReadCounter.table","NW_015090842.1:6238244",8,14,6
"SDR42E1","s1324_S_PIT_01_ASEReadCounter.table","NW_015090842.1:6238829",1,3,2
"HSD17B2","s1324_S_PIT_01_ASEReadCounter.table","NW_015090842.1:6268098",0,1,1
"ARY2","s1324_S_PIT_01_ASEReadCounter.table","NW_015090842.1:6305848",1,1,0
"ARY2","s1324_S_PIT_01_ASEReadCounter.table","NW_015090842.1:6305856",1,1,0
"ARY2","s1324_S_PIT_01_ASEReadCounter.table","NW_015090842.1:6305857",1,1,0
"ARY2","s1324_S_PIT_01_ASEReadCounter.table","NW_015090842.1:6306017",0,4,4
"ARY2","s1324_S_PIT_01_ASEReadCounter.table","NW_015090842.1:6306052",0,4,4
"ARY2","s1324_S_PIT_01_ASEReadCounter.table","NW_015090842.1:6306094",0,3,3
"ARY2","s1324_S_PIT_01_ASEReadCounter.table","NW_015090842.1:6306100",0,3,3
"ARY2","s1324_S_PIT_01_ASEReadCounter.table","NW_015090842.1:6306146",0,2,2
"ARY2","s1324_S_PIT_01_ASEReadCounter.table","NW_015090842.1:6306147",0,2,2
"ARY2","s1324_S_PIT_01_ASEReadCounter.table","NW_015090842.1:6306390",0,2,2
"ARY2","s1324_S_PIT_01_ASEReadCounter.table","NW_015090842.1:6306567",0,1,1
"ARY2","s1324_S_PIT_01_ASEReadCounter.table","NW_015090842.1:6306705",1,1,0
"ARY2","s1324_S_PIT_01_ASEReadCounter.table","NW_015090842.1:6306713",1,1,0
"ARY2","s1324_S_PIT_01_ASEReadCounter.table","NW_015090842.1:6306773",1,2,1
"ARY2","s1324_S_PIT_01_ASEReadCounter.table","NW_015090842.1:6307039",1,3,2
"ARY2","s1324_S_PIT_01_ASEReadCounter.table","NW_015090842.1:6307043",1,3,2
"ARY2","s1324_S_PIT_01_ASEReadCounter.table","NW_015090842.1:6307093",1,3,2
"ARY2","s1324_S_PIT_01_ASEReadCounter.table","NW_015090842.1:6307138",1,3,2
"ARY2","s1324_S_PIT_01_ASEReadCounter.table","NW_015090842.1:6307157",0,2,2
"ARY2","s1324_S_PIT_01_ASEReadCounter.table","NW_015090842.1:6307187",1,3,2
"ARY2","s1324_S_PIT_01_ASEReadCounter.table","NW_015090842.1:6307278",0,2,2
"ARY2","s1324_S_PIT_01_ASEReadCounter.table","NW_015090842.1:6307305",0,2,2
"ARY2","s1324_S_PIT_01_ASEReadCounter.table","NW_015090842.1:6307318",0,1,1
"ARY2","s1324_S_PIT_01_ASEReadCounter.table","NW_015090842.1:6307429",1,1,0
"ARY2","s1324_S_PIT_01_ASEReadCounter.table","NW_015090842.1:6307487",0,1,1
"ARY2","s1324_S_PIT_01_ASEReadCounter.table","NW_015090842.1:6307670",1,3,2
"ARYL","s1324_S_PIT_01_ASEReadCounter.table","NW_015090842.1:6313360",1,1,0
"ARYL","s1324_S_PIT_01_ASEReadCounter.table","NW_015090842.1:6313377",1,1,0
"ARY1","s1324_S_PIT_01_ASEReadCounter.table","NW_015090842.1:6314296",1,2,1
"ARY1","s1324_S_PIT_01_ASEReadCounter.table","NW_015090842.1:6314541",1,1,0
"ARY1","s1324_S_PIT_01_ASEReadCounter.table","NW_015090842.1:6314750",0,1,1
"ARY1","s1324_S_PIT_01_ASEReadCounter.table","NW_015090842.1:6314794",0,2,2
"ARY1","s1324_S_PIT_01_ASEReadCounter.table","NW_015090842.1:6314827",0,2,2
"ARY1","s1324_S_PIT_01_ASEReadCounter.table","NW_015090842.1:6314843",0,2,2
"ARY1","s1324_S_PIT_01_ASEReadCounter.table","NW_015090842.1:6314859",0,2,2
"ARY1","s1324_S_PIT_01_ASEReadCounter.table","NW_015090842.1:6314886",0,2,2
"ARY1","s1324_S_PIT_01_ASEReadCounter.table","NW_015090842.1:6314949",1,1,0
"ARY1","s1324_S_PIT_01_ASEReadCounter.table","NW_015090842.1:6315022",0,2,2
"ARY1","s1324_S_PIT_01_ASEReadCounter.table","NW_015090842.1:6315026",0,2,2
"ARY1","s1324_S_PIT_01_ASEReadCounter.table","NW_015090842.1:6315043",0,2,2
"ARY1","s1324_S_PIT_01_ASEReadCounter.table","NW_015090842.1:6315065",0,1,1
"ARY1","s1324_S_PIT_01_ASEReadCounter.table","NW_015090842.1:6318603",1,1,0
"MPHOSPH6","s1324_S_PIT_01_ASEReadCounter.table","NW_015090842.1:6324063",17,55,38
"MPHOSPH6","s1324_S_PIT_01_ASEReadCounter.table","NW_015090842.1:6324174",51,114,63
"MPHOSPH6","s1324_S_PIT_01_ASEReadCounter.table","NW_015090842.1:6324270",67,128,61
"MPHOSPH6","s1324_S_PIT_01_ASEReadCounter.table","NW_015090842.1:6324762",73,167,94
"MPHOSPH6","s1324_S_PIT_01_ASEReadCounter.table","NW_015090842.1:6324772",72,155,83
"MPHOSPH6","s1324_S_PIT_01_ASEReadCounter.table","NW_015090842.1:6324780",69,158,89
"MPHOSPH6","s1324_S_PIT_01_ASEReadCounter.table","NW_015090842.1:6324902",93,190,97
"MPHOSPH6","s1324_S_PIT_01_ASEReadCounter.table","NW_015090842.1:6324910",197,197,0
"MPHOSPH6","s1324_S_PIT_01_ASEReadCounter.table","NW_015090842.1:6325066",89,190,101
"MPHOSPH6","s1324_S_PIT_01_ASEReadCounter.table","NW_015090842.1:6325089",89,216,127
"MPHOSPH6","s1324_S_PIT_01_ASEReadCounter.table","NW_015090842.1:6325298",127,308,181
"MPHOSPH6","s1324_S_PIT_01_ASEReadCounter.table","NW_015090842.1:6325877",97,216,119
"MPHOSPH6","s1324_S_PIT_01_ASEReadCounter.table","NW_015090842.1:6326976",84,174,90
"MLYCD","s1324_S_PIT_01_ASEReadCounter.table","NW_015090842.1:7150054",21,51,30
"MLYCD","s1324_S_PIT_01_ASEReadCounter.table","NW_015090842.1:7150131",43,88,45
"MLYCD","s1324_S_PIT_01_ASEReadCounter.table","NW_015090842.1:7150585",13,48,35
"MLYCD","s1324_S_PIT_01_ASEReadCounter.table","NW_015090842.1:7150686",22,59,37
"MLYCD","s1324_S_PIT_01_ASEReadCounter.table","NW_015090842.1:7150696",24,64,40
"MLYCD","s1324_S_PIT_01_ASEReadCounter.table","NW_015090842.1:7150698",64,64,0
"MLYCD","s1324_S_PIT_01_ASEReadCounter.table","NW_015090842.1:7150869",20,58,38
"MLYCD","s1324_S_PIT_01_ASEReadCounter.table","NW_015090842.1:7151100",21,51,30
"MLYCD","s1324_S_PIT_01_ASEReadCounter.table","NW_015090842.1:7151127",22,50,28
"MLYCD","s1324_S_PIT_01_ASEReadCounter.table","NW_015090842.1:7157538",20,43,23
"MLYCD","s1324_S_PIT_01_ASEReadCounter.table","NW_015090842.1:7167662",10,17,7
"MLYCD","s1324_S_PIT_01_ASEReadCounter.table","NW_015090842.1:7167675",12,19,7
"MLYCD","s1324_S_PIT_01_ASEReadCounter.table","NW_015090842.1:7167710",9,17,8
"MLYCD","s1324_S_PIT_01_ASEReadCounter.table","NW_015090842.1:7167781",8,14,6
"MLYCD","s1324_S_PIT_01_ASEReadCounter.table","NW_015090842.1:7167803",7,10,3
"MLYCD","s1324_S_PIT_01_ASEReadCounter.table","NW_015090842.1:7167812",7,13,6
"MLYCD","s1324_S_PIT_01_ASEReadCounter.table","NW_015090842.1:7167845",7,13,6
"MLYCD","s1324_S_PIT_01_ASEReadCounter.table","NW_015090842.1:7167862",6,14,8
"MLYCD","s1324_S_PIT_01_ASEReadCounter.table","NW_015090842.1:7167929",6,9,3
"MLYCD","s1324_S_PIT_01_ASEReadCounter.table","NW_015090842.1:7167995",6,7,1
"MLYCD","s1324_S_PIT_01_ASEReadCounter.table","NW_015090842.1:7168005",6,9,3
"MLYCD","s1324_S_PIT_01_ASEReadCounter.table","NW_015090842.1:7168037",4,10,6
"HSBP1","s1324_S_PIT_01_ASEReadCounter.table","NW_015090842.1:7245192",145,274,129
"HSBP1","s1324_S_PIT_01_ASEReadCounter.table","NW_015090842.1:7245226",170,321,151
"HSBP1","s1324_S_PIT_01_ASEReadCounter.table","NW_015090842.1:7245257",148,268,120
"HSBP1","s1324_S_PIT_01_ASEReadCounter.table","NW_015090842.1:7245296",131,250,119
"HSBP1","s1324_S_PIT_01_ASEReadCounter.table","NW_015090842.1:7245389",221,397,176
"HSBP1","s1324_S_PIT_01_ASEReadCounter.table","NW_015090842.1:7245400",226,384,158
"HSBP1","s1324_S_PIT_01_ASEReadCounter.table","NW_015090842.1:7245445",209,357,148
"HSBP1","s1324_S_PIT_01_ASEReadCounter.table","NW_015090842.1:7245495",171,301,130
"HSBP1","s1324_S_PIT_01_ASEReadCounter.table","NW_015090842.1:7245515",211,357,146
"HSBP1","s1324_S_PIT_01_ASEReadCounter.table","NW_015090842.1:7245733",139,260,121
"HSBP1","s1324_S_PIT_01_ASEReadCounter.table","NW_015090842.1:7245771",166,281,115
"HSBP1","s1324_S_PIT_01_ASEReadCounter.table","NW_015090842.1:7245813",148,260,112
"HSBP1","s1324_S_PIT_01_ASEReadCounter.table","NW_015090842.1:7245926",168,310,142
"HSBP1","s1324_S_PIT_01_ASEReadCounter.table","NW_015090842.1:7245927",171,313,142
"HSBP1","s1324_S_PIT_01_ASEReadCounter.table","NW_015090842.1:7245933",175,315,140
"HSBP1","s1324_S_PIT_01_ASEReadCounter.table","NW_015090842.1:7246002",123,244,121
"HSBP1","s1324_S_PIT_01_ASEReadCounter.table","NW_015090842.1:7246094",126,254,128
"HSBP1","s1324_S_PIT_01_ASEReadCounter.table","NW_015090842.1:7246167",139,259,120
"HSBP1","s1324_S_PIT_01_ASEReadCounter.table","NW_015090842.1:7246183",129,242,113
"HSBP1","s1324_S_PIT_01_ASEReadCounter.table","NW_015090842.1:7247285",36,63,27
"HSBP1","s1324_S_PIT_01_ASEReadCounter.table","NW_015090842.1:7247651",341,715,374
"HSBP1","s1324_S_PIT_01_ASEReadCounter.table","NW_015090842.1:7247657",342,727,385
"HSBP1","s1324_S_PIT_01_ASEReadCounter.table","NW_015090842.1:7248520",235,455,220
"HSBP1","s1324_S_PIT_01_ASEReadCounter.table","NW_015090842.1:7248535",198,371,173
"KCNG4","s1324_S_PIT_01_ASEReadCounter.table","NW_015090842.1:7282542",0,1,1
"KCNG4","s1324_S_PIT_01_ASEReadCounter.table","NW_015090842.1:7282579",0,1,1
"KCNG4","s1324_S_PIT_01_ASEReadCounter.table","NW_015090842.1:7283056",0,1,1
"TLDC1","s1324_S_PIT_01_ASEReadCounter.table","NW_015090842.1:7421997",20,36,16
"COTL1","s1324_S_PIT_01_ASEReadCounter.table","NW_015090842.1:7490707",85,157,72
"COTL1","s1324_S_PIT_01_ASEReadCounter.table","NW_015090842.1:7490708",85,158,73
"COTL1","s1324_S_PIT_01_ASEReadCounter.table","NW_015090842.1:7490711",91,165,74
"COTL1","s1324_S_PIT_01_ASEReadCounter.table","NW_015090842.1:7490739",87,166,79
"COTL1","s1324_S_PIT_01_ASEReadCounter.table","NW_015090842.1:7490785",81,149,68
"COTL1","s1324_S_PIT_01_ASEReadCounter.table","NW_015090842.1:7490820",10,95,85
"COTL1","s1324_S_PIT_01_ASEReadCounter.table","NW_015090842.1:7490846",77,161,84
"KLHL36","s1324_S_PIT_01_ASEReadCounter.table","NW_015090842.1:7526337",9,9,0
"KLHL36","s1324_S_PIT_01_ASEReadCounter.table","NW_015090842.1:7537681",16,16,0
"USP10","s1324_S_PIT_01_ASEReadCounter.table","NW_015090842.1:7572213",12,24,12
"USP10","s1324_S_PIT_01_ASEReadCounter.table","NW_015090842.1:7572358",16,16,0
"CRISPLD2","s1324_S_PIT_01_ASEReadCounter.table","NW_015090842.1:7633611",3,3,0
"CRISPLD2","s1324_S_PIT_01_ASEReadCounter.table","NW_015090842.1:7634023",1,2,1
"CRISPLD2","s1324_S_PIT_01_ASEReadCounter.table","NW_015090842.1:7634620",5,5,0
"CRISPLD2","s1324_S_PIT_01_ASEReadCounter.table","NW_015090842.1:7636315",2,2,0
"LOC106888312","s1324_S_PIT_01_ASEReadCounter.table","NW_015090842.1:7732198",0,1,1
"MTHFSD","s1324_S_PIT_01_ASEReadCounter.table","NW_015090842.1:8152578",4,14,10
"DUSP15","s1324_S_PIT_01_ASEReadCounter.table","NW_015090842.1:8422840",0,3,3
"DUSP15","s1324_S_PIT_01_ASEReadCounter.table","NW_015090842.1:8431988",0,3,3
"EMC8","s1324_S_PIT_01_ASEReadCounter.table","NW_015090842.1:8452385",3,14,11
"GINS2","s1324_S_PIT_01_ASEReadCounter.table","NW_015090842.1:8467469",45,45,0
"GINS2","s1324_S_PIT_01_ASEReadCounter.table","NW_015090842.1:8470290",39,88,49
"GINS2","s1324_S_PIT_01_ASEReadCounter.table","NW_015090842.1:8470305",36,85,49
"GINS2","s1324_S_PIT_01_ASEReadCounter.table","NW_015090842.1:8470376",32,66,34
"GINS2","s1324_S_PIT_01_ASEReadCounter.table","NW_015090842.1:8471057",4,8,4
"KIAA0513","s1324_S_PIT_01_ASEReadCounter.table","NW_015090842.1:8674736",36,36,0
"KIAA0513","s1324_S_PIT_01_ASEReadCounter.table","NW_015090842.1:8687268",0,1,1
"KIAA0513","s1324_S_PIT_01_ASEReadCounter.table","NW_015090842.1:8693655",18,18,0
"ZCCHC14","s1324_S_PIT_01_ASEReadCounter.table","NW_015090842.1:8750189",24,24,0
"JPH3","s1324_S_PIT_01_ASEReadCounter.table","NW_015090842.1:8872294",5,12,7
"KLHDC4","s1324_S_PIT_01_ASEReadCounter.table","NW_015090842.1:8891175",49,101,52
"KLHDC4","s1324_S_PIT_01_ASEReadCounter.table","NW_015090842.1:8905251",15,27,12
"KLHDC4","s1324_S_PIT_01_ASEReadCounter.table","NW_015090842.1:8919630",5,10,5
"SLC7A5","s1324_S_PIT_01_ASEReadCounter.table","NW_015090842.1:8940382",45,45,0
"SLC7A5","s1324_S_PIT_01_ASEReadCounter.table","NW_015090842.1:8941818",34,34,0
"SLC7A5","s1324_S_PIT_01_ASEReadCounter.table","NW_015090842.1:8944655",18,18,0
"CA5A","s1324_S_PIT_01_ASEReadCounter.table","NW_015090842.1:8989479",13,31,18
"CA5A","s1324_S_PIT_01_ASEReadCounter.table","NW_015090842.1:8989562",19,43,24
"CA5A","s1324_S_PIT_01_ASEReadCounter.table","NW_015090842.1:8989609",21,48,27
"CA5A","s1324_S_PIT_01_ASEReadCounter.table","NW_015090842.1:8989693",19,57,38
"CA5A","s1324_S_PIT_01_ASEReadCounter.table","NW_015090842.1:8989702",21,58,37
"CA5A","s1324_S_PIT_01_ASEReadCounter.table","NW_015090842.1:8989746",28,65,37
"CA5A","s1324_S_PIT_01_ASEReadCounter.table","NW_015090842.1:8989880",17,49,32
"CA5A","s1324_S_PIT_01_ASEReadCounter.table","NW_015090842.1:8989885",18,49,31
"CA5A","s1324_S_PIT_01_ASEReadCounter.table","NW_015090842.1:8989929",15,49,34
"CA5A","s1324_S_PIT_01_ASEReadCounter.table","NW_015090842.1:8990002",14,40,26
"CA5A","s1324_S_PIT_01_ASEReadCounter.table","NW_015090842.1:8990004",14,39,25
"CA5A","s1324_S_PIT_01_ASEReadCounter.table","NW_015090842.1:8990005",14,42,28
"CA5A","s1324_S_PIT_01_ASEReadCounter.table","NW_015090842.1:8990017",15,39,24
"CA5A","s1324_S_PIT_01_ASEReadCounter.table","NW_015090842.1:8990043",10,32,22
"CA5A","s1324_S_PIT_01_ASEReadCounter.table","NW_015090842.1:8990080",11,35,24
"CA5A","s1324_S_PIT_01_ASEReadCounter.table","NW_015090842.1:8990084",11,34,23
"CA5A","s1324_S_PIT_01_ASEReadCounter.table","NW_015090842.1:8990090",13,36,23
"CA5A","s1324_S_PIT_01_ASEReadCounter.table","NW_015090842.1:8990095",13,36,23
"CA5A","s1324_S_PIT_01_ASEReadCounter.table","NW_015090842.1:8990111",9,30,21
"CA5A","s1324_S_PIT_01_ASEReadCounter.table","NW_015090842.1:8990112",9,28,19
"CA5A","s1324_S_PIT_01_ASEReadCounter.table","NW_015090842.1:8990115",11,30,19
"CA5A","s1324_S_PIT_01_ASEReadCounter.table","NW_015090842.1:8990166",17,30,13
"CA5A","s1324_S_PIT_01_ASEReadCounter.table","NW_015090842.1:8990169",18,31,13
"CA5A","s1324_S_PIT_01_ASEReadCounter.table","NW_015090842.1:8990222",8,22,14
"CA5A","s1324_S_PIT_01_ASEReadCounter.table","NW_015090842.1:8990289",13,31,18
"CA5A","s1324_S_PIT_01_ASEReadCounter.table","NW_015090842.1:8990314",16,30,14
"CA5A","s1324_S_PIT_01_ASEReadCounter.table","NW_015090842.1:8990361",14,29,15
"CA5A","s1324_S_PIT_01_ASEReadCounter.table","NW_015090842.1:8990368",15,32,17
"CA5A","s1324_S_PIT_01_ASEReadCounter.table","NW_015090842.1:8990429",10,26,16
"CA5A","s1324_S_PIT_01_ASEReadCounter.table","NW_015090842.1:8990466",11,25,14
"CA5A","s1324_S_PIT_01_ASEReadCounter.table","NW_015090842.1:8990663",12,33,21
"CA5A","s1324_S_PIT_01_ASEReadCounter.table","NW_015090842.1:8990797",8,22,14
"CA5A","s1324_S_PIT_01_ASEReadCounter.table","NW_015090842.1:8990836",12,25,13
"CA5A","s1324_S_PIT_01_ASEReadCounter.table","NW_015090842.1:8990842",11,24,13
"CA5A","s1324_S_PIT_01_ASEReadCounter.table","NW_015090842.1:8990851",11,23,12
"CA5A","s1324_S_PIT_01_ASEReadCounter.table","NW_015090842.1:8990918",8,22,14
"CA5A","s1324_S_PIT_01_ASEReadCounter.table","NW_015090842.1:8990921",8,26,18
"CA5A","s1324_S_PIT_01_ASEReadCounter.table","NW_015090842.1:8990942",8,25,17
"CA5A","s1324_S_PIT_01_ASEReadCounter.table","NW_015090842.1:8991001",12,32,20
"CA5A","s1324_S_PIT_01_ASEReadCounter.table","NW_015090842.1:8991038",13,28,15
"CA5A","s1324_S_PIT_01_ASEReadCounter.table","NW_015090842.1:8991149",6,19,13
"CA5A","s1324_S_PIT_01_ASEReadCounter.table","NW_015090842.1:8991176",7,22,15
"CA5A","s1324_S_PIT_01_ASEReadCounter.table","NW_015090842.1:8991241",6,23,17
"CA5A","s1324_S_PIT_01_ASEReadCounter.table","NW_015090842.1:8991262",8,25,17
"CA5A","s1324_S_PIT_01_ASEReadCounter.table","NW_015090842.1:8991316",10,13,3
"CA5A","s1324_S_PIT_01_ASEReadCounter.table","NW_015090842.1:8991319",11,14,3
"CA5A","s1324_S_PIT_01_ASEReadCounter.table","NW_015090842.1:8991330",9,11,2
"CA5A","s1324_S_PIT_01_ASEReadCounter.table","NW_015090842.1:8991334",9,11,2
"CA5A","s1324_S_PIT_01_ASEReadCounter.table","NW_015090842.1:8991362",10,19,9
"CA5A","s1324_S_PIT_01_ASEReadCounter.table","NW_015090842.1:8991368",9,17,8
"CA5A","s1324_S_PIT_01_ASEReadCounter.table","NW_015090842.1:8991390",11,22,11
"CA5A","s1324_S_PIT_01_ASEReadCounter.table","NW_015090842.1:8991395",10,21,11
"CA5A","s1324_S_PIT_01_ASEReadCounter.table","NW_015090842.1:8991422",9,22,13
"CA5A","s1324_S_PIT_01_ASEReadCounter.table","NW_015090842.1:8991467",8,20,12
"CA5A","s1324_S_PIT_01_ASEReadCounter.table","NW_015090842.1:8991576",5,18,13
"CA5A","s1324_S_PIT_01_ASEReadCounter.table","NW_015090842.1:8991587",7,20,13
"CA5A","s1324_S_PIT_01_ASEReadCounter.table","NW_015090842.1:8991655",10,22,12
"CA5A","s1324_S_PIT_01_ASEReadCounter.table","NW_015090842.1:8991717",7,20,13
"CA5A","s1324_S_PIT_01_ASEReadCounter.table","NW_015090842.1:8991726",9,23,14
"CA5A","s1324_S_PIT_01_ASEReadCounter.table","NW_015090842.1:8991799",9,20,11
"CA5A","s1324_S_PIT_01_ASEReadCounter.table","NW_015090842.1:8991809",10,18,8
"CA5A","s1324_S_PIT_01_ASEReadCounter.table","NW_015090842.1:8991848",9,19,10
"CA5A","s1324_S_PIT_01_ASEReadCounter.table","NW_015090842.1:8991849",9,19,10
"CA5A","s1324_S_PIT_01_ASEReadCounter.table","NW_015090842.1:8991927",12,18,6
"CA5A","s1324_S_PIT_01_ASEReadCounter.table","NW_015090842.1:8991941",11,18,7
"CA5A","s1324_S_PIT_01_ASEReadCounter.table","NW_015090842.1:8992121",8,21,13
"CA5A","s1324_S_PIT_01_ASEReadCounter.table","NW_015090842.1:8992224",7,13,6
"CA5A","s1324_S_PIT_01_ASEReadCounter.table","NW_015090842.1:9002570",4,10,6
"CA5A","s1324_S_PIT_01_ASEReadCounter.table","NW_015090842.1:9002600",5,9,4
"CA5A","s1324_S_PIT_01_ASEReadCounter.table","NW_015090842.1:9004312",1,5,4
"CA5A","s1324_S_PIT_01_ASEReadCounter.table","NW_015090842.1:9004506",1,1,0
"CA5A","s1324_S_PIT_01_ASEReadCounter.table","NW_015090842.1:9004523",1,1,0
"CA5A","s1324_S_PIT_01_ASEReadCounter.table","NW_015090842.1:9004530",1,1,0
"CA5A","s1324_S_PIT_01_ASEReadCounter.table","NW_015090842.1:9004556",2,2,0
"CA5A","s1324_S_PIT_01_ASEReadCounter.table","NW_015090842.1:9004620",1,2,1
"CA5A","s1324_S_PIT_01_ASEReadCounter.table","NW_015090842.1:9005116",2,3,1
"CA5A","s1324_S_PIT_01_ASEReadCounter.table","NW_015090842.1:9005120",2,3,1
"CA5A","s1324_S_PIT_01_ASEReadCounter.table","NW_015090842.1:9005140",2,3,1
"CA5A","s1324_S_PIT_01_ASEReadCounter.table","NW_015090842.1:9005152",3,4,1
"BANP","s1324_S_PIT_01_ASEReadCounter.table","NW_015090842.1:9033407",2,6,4
"BANP","s1324_S_PIT_01_ASEReadCounter.table","NW_015090842.1:9033409",2,5,3
"BANP","s1324_S_PIT_01_ASEReadCounter.table","NW_015090842.1:9033420",2,6,4
"BANP","s1324_S_PIT_01_ASEReadCounter.table","NW_015090842.1:9055284",3,14,11
"ZC3H18","s1324_S_PIT_01_ASEReadCounter.table","NW_015090842.1:9528933",6,10,4
"MVD","s1324_S_PIT_01_ASEReadCounter.table","NW_015090842.1:9550690",26,26,0
"MVD","s1324_S_PIT_01_ASEReadCounter.table","NW_015090842.1:9550691",26,26,0
"MVD","s1324_S_PIT_01_ASEReadCounter.table","NW_015090842.1:9550699",31,32,1
"MVD","s1324_S_PIT_01_ASEReadCounter.table","NW_015090842.1:9550701",31,31,0
"MVD","s1324_S_PIT_01_ASEReadCounter.table","NW_015090842.1:9552202",45,45,0
"MVD","s1324_S_PIT_01_ASEReadCounter.table","NW_015090842.1:9552223",45,45,0
"MVD","s1324_S_PIT_01_ASEReadCounter.table","NW_015090842.1:9552533",36,36,0
"MVD","s1324_S_PIT_01_ASEReadCounter.table","NW_015090842.1:9552644",15,24,9
"PIEZO1","s1324_S_PIT_01_ASEReadCounter.table","NW_015090842.1:9579101",0,1,1
"PIEZO1","s1324_S_PIT_01_ASEReadCounter.table","NW_015090842.1:9582976",0,1,1
"CDT1","s1324_S_PIT_01_ASEReadCounter.table","NW_015090842.1:9596711",6,8,2
"CDT1","s1324_S_PIT_01_ASEReadCounter.table","NW_015090842.1:9597033",11,11,0
"CDT1","s1324_S_PIT_01_ASEReadCounter.table","NW_015090842.1:9597756",3,10,7
"CDT1","s1324_S_PIT_01_ASEReadCounter.table","NW_015090842.1:9598873",7,7,0
"PABPN1L","s1324_S_PIT_01_ASEReadCounter.table","NW_015090842.1:9669510",0,2,2
"ACSF3","s1324_S_PIT_01_ASEReadCounter.table","NW_015090842.1:9776737",2,8,6
"ACSF3","s1324_S_PIT_01_ASEReadCounter.table","NW_015090842.1:9809639",92,92,0
"ACSF3","s1324_S_PIT_01_ASEReadCounter.table","NW_015090842.1:9834743",76,139,63
"ACSF3","s1324_S_PIT_01_ASEReadCounter.table","NW_015090842.1:9834762",137,137,0
"ACSF3","s1324_S_PIT_01_ASEReadCounter.table","NW_015090842.1:9834852",75,126,51
"ACSF3","s1324_S_PIT_01_ASEReadCounter.table","NW_015090842.1:9834861",62,109,47
"ACSF3","s1324_S_PIT_01_ASEReadCounter.table","NW_015090842.1:9839359",49,79,30
"ACSF3","s1324_S_PIT_01_ASEReadCounter.table","NW_015090842.1:9839378",49,88,39
"ACSF3","s1324_S_PIT_01_ASEReadCounter.table","NW_015090842.1:9839455",43,86,43
"ACSF3","s1324_S_PIT_01_ASEReadCounter.table","NW_015090842.1:9839457",43,83,40
"ACSF3","s1324_S_PIT_01_ASEReadCounter.table","NW_015090842.1:9839489",31,65,34
"ACSF3","s1324_S_PIT_01_ASEReadCounter.table","NW_015090842.1:9839500",21,51,30
"ACSF3","s1324_S_PIT_01_ASEReadCounter.table","NW_015090842.1:9839501",21,50,29
"ACSF3","s1324_S_PIT_01_ASEReadCounter.table","NW_015090842.1:9839504",22,50,28
"ACSF3","s1324_S_PIT_01_ASEReadCounter.table","NW_015090842.1:9839512",21,47,26
"ACSF3","s1324_S_PIT_01_ASEReadCounter.table","NW_015090842.1:9839527",18,43,25
"ACSF3","s1324_S_PIT_01_ASEReadCounter.table","NW_015090842.1:9839533",14,35,21
"ACSF3","s1324_S_PIT_01_ASEReadCounter.table","NW_015090842.1:9839535",14,35,21
"ACSF3","s1324_S_PIT_01_ASEReadCounter.table","NW_015090842.1:9839545",9,26,17
"ACSF3","s1324_S_PIT_01_ASEReadCounter.table","NW_015090842.1:9839550",5,21,16
"ACSF3","s1324_S_PIT_01_ASEReadCounter.table","NW_015090842.1:9839551",5,20,15
"SLC22A31","s1324_S_PIT_01_ASEReadCounter.table","NW_015090842.1:9851130",2,5,3
"SLC22A31","s1324_S_PIT_01_ASEReadCounter.table","NW_015090842.1:9851139",2,5,3
"SLC22A31","s1324_S_PIT_01_ASEReadCounter.table","NW_015090842.1:9851265",1,3,2
"SLC22A31","s1324_S_PIT_01_ASEReadCounter.table","NW_015090842.1:9851302",3,5,2
"SLC22A31","s1324_S_PIT_01_ASEReadCounter.table","NW_015090842.1:9851303",3,5,2
"SLC22A31","s1324_S_PIT_01_ASEReadCounter.table","NW_015090842.1:9851305",3,5,2
"SLC22A31","s1324_S_PIT_01_ASEReadCounter.table","NW_015090842.1:9851343",2,3,1
"SLC22A31","s1324_S_PIT_01_ASEReadCounter.table","NW_015090842.1:9851344",3,4,1
"SLC22A31","s1324_S_PIT_01_ASEReadCounter.table","NW_015090842.1:9851381",4,7,3
"SLC22A31","s1324_S_PIT_01_ASEReadCounter.table","NW_015090842.1:9851421",3,6,3
"SLC22A31","s1324_S_PIT_01_ASEReadCounter.table","NW_015090842.1:9851526",6,8,2
"SLC22A31","s1324_S_PIT_01_ASEReadCounter.table","NW_015090842.1:9851589",5,6,1
"SLC22A31","s1324_S_PIT_01_ASEReadCounter.table","NW_015090842.1:9851712",4,6,2
"SLC22A31","s1324_S_PIT_01_ASEReadCounter.table","NW_015090842.1:9851899",5,8,3
"SLC22A31","s1324_S_PIT_01_ASEReadCounter.table","NW_015090842.1:9852139",1,4,3
"SLC22A31","s1324_S_PIT_01_ASEReadCounter.table","NW_015090842.1:9852380",3,8,5
"SLC22A31","s1324_S_PIT_01_ASEReadCounter.table","NW_015090842.1:9852431",2,6,4
"SLC22A31","s1324_S_PIT_01_ASEReadCounter.table","NW_015090842.1:9852630",3,9,6
"SLC22A31","s1324_S_PIT_01_ASEReadCounter.table","NW_015090842.1:9852711",2,7,5
"SLC22A31","s1324_S_PIT_01_ASEReadCounter.table","NW_015090842.1:9852742",2,6,4
"SLC22A31","s1324_S_PIT_01_ASEReadCounter.table","NW_015090842.1:9853099",2,3,1
"SLC22A31","s1324_S_PIT_01_ASEReadCounter.table","NW_015090842.1:9853102",2,3,1
"SLC22A31","s1324_S_PIT_01_ASEReadCounter.table","NW_015090842.1:9853421",2,4,2
"SLC22A31","s1324_S_PIT_01_ASEReadCounter.table","NW_015090842.1:9853457",1,2,1
"SLC22A31","s1324_S_PIT_01_ASEReadCounter.table","NW_015090842.1:9853502",1,2,1
"ANKRD11","s1324_S_PIT_01_ASEReadCounter.table","NW_015090842.1:9858863",4,5,1
"ANKRD11","s1324_S_PIT_01_ASEReadCounter.table","NW_015090842.1:9859101",30,61,31
"ANKRD11","s1324_S_PIT_01_ASEReadCounter.table","NW_015090842.1:9859352",41,86,45
"ANKRD11","s1324_S_PIT_01_ASEReadCounter.table","NW_015090842.1:9859381",9,45,36
"ANKRD11","s1324_S_PIT_01_ASEReadCounter.table","NW_015090842.1:9859527",16,38,22
"ANKRD11","s1324_S_PIT_01_ASEReadCounter.table","NW_015090842.1:9859529",17,39,22
"ANKRD11","s1324_S_PIT_01_ASEReadCounter.table","NW_015090842.1:9859679",31,57,26
"ANKRD11","s1324_S_PIT_01_ASEReadCounter.table","NW_015090842.1:9861097",8,28,20
"ANKRD11","s1324_S_PIT_01_ASEReadCounter.table","NW_015090842.1:9862571",13,20,7
"ANKRD11","s1324_S_PIT_01_ASEReadCounter.table","NW_015090842.1:9866071",0,7,7
"ANKRD11","s1324_S_PIT_01_ASEReadCounter.table","NW_015090842.1:9866200",0,5,5
"ANKRD11","s1324_S_PIT_01_ASEReadCounter.table","NW_015090842.1:9867391",5,5,0
"ANKRD11","s1324_S_PIT_01_ASEReadCounter.table","NW_015090842.1:9867472",0,1,1
"ANKRD11","s1324_S_PIT_01_ASEReadCounter.table","NW_015090842.1:9867559",3,6,3
"ANKRD11","s1324_S_PIT_01_ASEReadCounter.table","NW_015090842.1:9867934",4,5,1
"ANKRD11","s1324_S_PIT_01_ASEReadCounter.table","NW_015090842.1:9868093",3,7,4
"ANKRD11","s1324_S_PIT_01_ASEReadCounter.table","NW_015090842.1:9868222",6,8,2
"ANKRD11","s1324_S_PIT_01_ASEReadCounter.table","NW_015090842.1:9868327",5,8,3
"ANKRD11","s1324_S_PIT_01_ASEReadCounter.table","NW_015090842.1:9868414",4,8,4
"ANKRD11","s1324_S_PIT_01_ASEReadCounter.table","NW_015090842.1:9868441",4,8,4
"ANKRD11","s1324_S_PIT_01_ASEReadCounter.table","NW_015090842.1:9868444",4,10,6
"ANKRD11","s1324_S_PIT_01_ASEReadCounter.table","NW_015090842.1:9868519",5,10,5
"ANKRD11","s1324_S_PIT_01_ASEReadCounter.table","NW_015090842.1:9868609",3,8,5
"ANKRD11","s1324_S_PIT_01_ASEReadCounter.table","NW_015090842.1:9868666",4,6,2
"ANKRD11","s1324_S_PIT_01_ASEReadCounter.table","NW_015090842.1:9869431",4,10,6
"ANKRD11","s1324_S_PIT_01_ASEReadCounter.table","NW_015090842.1:9869578",11,16,5
"ANKRD11","s1324_S_PIT_01_ASEReadCounter.table","NW_015090842.1:9869734",6,18,12
"ANKRD11","s1324_S_PIT_01_ASEReadCounter.table","NW_015090842.1:9870070",6,15,9
"ANKRD11","s1324_S_PIT_01_ASEReadCounter.table","NW_015090842.1:9870349",10,23,13
"ANKRD11","s1324_S_PIT_01_ASEReadCounter.table","NW_015090842.1:9870604",16,25,9
"ANKRD11","s1324_S_PIT_01_ASEReadCounter.table","NW_015090842.1:9870613",18,31,13
"ANKRD11","s1324_S_PIT_01_ASEReadCounter.table","NW_015090842.1:9870685",27,44,17
"ANKRD11","s1324_S_PIT_01_ASEReadCounter.table","NW_015090842.1:9870847",29,53,24
"ANKRD11","s1324_S_PIT_01_ASEReadCounter.table","NW_015090842.1:9871103",13,25,12
"ANKRD11","s1324_S_PIT_01_ASEReadCounter.table","NW_015090842.1:9871165",15,27,12
"ANKRD11","s1324_S_PIT_01_ASEReadCounter.table","NW_015090842.1:9871820",4,10,6
"ANKRD11","s1324_S_PIT_01_ASEReadCounter.table","NW_015090842.1:9871994",9,9,0
"ANKRD11","s1324_S_PIT_01_ASEReadCounter.table","NW_015090842.1:9872118",6,9,3
"SPG7","s1324_S_PIT_01_ASEReadCounter.table","NW_015090842.1:10051190",24,42,18
"SPG7","s1324_S_PIT_01_ASEReadCounter.table","NW_015090842.1:10051218",24,48,24
"SPG7","s1324_S_PIT_01_ASEReadCounter.table","NW_015090842.1:10052348",36,61,25
"SPG7","s1324_S_PIT_01_ASEReadCounter.table","NW_015090842.1:10052366",31,51,20
"SPG7","s1324_S_PIT_01_ASEReadCounter.table","NW_015090842.1:10065173",29,56,27
"SPG7","s1324_S_PIT_01_ASEReadCounter.table","NW_015090842.1:10065215",26,44,18
"SPG7","s1324_S_PIT_01_ASEReadCounter.table","NW_015090842.1:10066301",24,40,16
"SPG7","s1324_S_PIT_01_ASEReadCounter.table","NW_015090842.1:10066365",20,40,20
"SPG7","s1324_S_PIT_01_ASEReadCounter.table","NW_015090842.1:10069752",29,59,30
"SPG7","s1324_S_PIT_01_ASEReadCounter.table","NW_015090842.1:10069800",23,53,30
"SPG7","s1324_S_PIT_01_ASEReadCounter.table","NW_015090842.1:10071192",32,66,34
"SPG7","s1324_S_PIT_01_ASEReadCounter.table","NW_015090842.1:10071204",35,72,37
"SPG7","s1324_S_PIT_01_ASEReadCounter.table","NW_015090842.1:10071219",31,64,33
"SPG7","s1324_S_PIT_01_ASEReadCounter.table","NW_015090842.1:10071967",32,61,29
"SPG7","s1324_S_PIT_01_ASEReadCounter.table","NW_015090842.1:10075109",57,105,48
"SPG7","s1324_S_PIT_01_ASEReadCounter.table","NW_015090842.1:10075114",58,104,46
"SPG7","s1324_S_PIT_01_ASEReadCounter.table","NW_015090842.1:10075198",47,80,33
"SPG7","s1324_S_PIT_01_ASEReadCounter.table","NW_015090842.1:10075487",27,59,32
"SPG7","s1324_S_PIT_01_ASEReadCounter.table","NW_015090842.1:10075488",27,60,33
"SPG7","s1324_S_PIT_01_ASEReadCounter.table","NW_015090842.1:10075548",23,48,25
"RPL13","s1324_S_PIT_01_ASEReadCounter.table","NW_015090842.1:10076979",2,3,1
"RPL13","s1324_S_PIT_01_ASEReadCounter.table","NW_015090842.1:10077387",873,2002,1129
"RPL13","s1324_S_PIT_01_ASEReadCounter.table","NW_015090842.1:10077978",1421,2934,1513
"RPL13","s1324_S_PIT_01_ASEReadCounter.table","NW_015090842.1:10077992",1420,2850,1430
"CPNE7","s1324_S_PIT_01_ASEReadCounter.table","NW_015090842.1:10088134",1,1,0
"CPNE7","s1324_S_PIT_01_ASEReadCounter.table","NW_015090842.1:10088146",1,1,0
"CPNE7","s1324_S_PIT_01_ASEReadCounter.table","NW_015090842.1:10088940",1,1,0
"CPNE7","s1324_S_PIT_01_ASEReadCounter.table","NW_015090842.1:10091389",1,1,0
"CPNE7","s1324_S_PIT_01_ASEReadCounter.table","NW_015090842.1:10091407",1,1,0
"CPNE7","s1324_S_PIT_01_ASEReadCounter.table","NW_015090842.1:10091530",1,1,0
"CPNE7","s1324_S_PIT_01_ASEReadCounter.table","NW_015090842.1:10092140",1,1,0
"CPNE7","s1324_S_PIT_01_ASEReadCounter.table","NW_015090842.1:10092183",1,1,0
"CPNE7","s1324_S_PIT_01_ASEReadCounter.table","NW_015090842.1:10092201",1,1,0
"CPNE7","s1324_S_PIT_01_ASEReadCounter.table","NW_015090842.1:10092230",1,1,0
"CPNE7","s1324_S_PIT_01_ASEReadCounter.table","NW_015090842.1:10092246",1,1,0
"LOC106888185","s1324_S_PIT_01_ASEReadCounter.table","NW_015090842.1:10094965",6,20,14
"LOC106888185","s1324_S_PIT_01_ASEReadCounter.table","NW_015090842.1:10094966",7,20,13
"LOC106888185","s1324_S_PIT_01_ASEReadCounter.table","NW_015090842.1:10094985",7,23,16
"LOC106888185","s1324_S_PIT_01_ASEReadCounter.table","NW_015090842.1:10095055",1,15,14
"LOC106888185","s1324_S_PIT_01_ASEReadCounter.table","NW_015090842.1:10095062",1,11,10
"LOC106888185","s1324_S_PIT_01_ASEReadCounter.table","NW_015090842.1:10095130",0,9,9
"LOC106888185","s1324_S_PIT_01_ASEReadCounter.table","NW_015090842.1:10095265",49,81,32
"LOC106888185","s1324_S_PIT_01_ASEReadCounter.table","NW_015090842.1:10095586",34,77,43
"LOC106888185","s1324_S_PIT_01_ASEReadCounter.table","NW_015090842.1:10095593",37,81,44
"LOC106888185","s1324_S_PIT_01_ASEReadCounter.table","NW_015090842.1:10095616",32,70,38
"LOC106888185","s1324_S_PIT_01_ASEReadCounter.table","NW_015090842.1:10095662",19,57,38
"LOC106888185","s1324_S_PIT_01_ASEReadCounter.table","NW_015090842.1:10095674",18,56,38
"LOC106888185","s1324_S_PIT_01_ASEReadCounter.table","NW_015090842.1:10095786",29,68,39
"LOC106888185","s1324_S_PIT_01_ASEReadCounter.table","NW_015090842.1:10095831",31,64,33
"LOC106888185","s1324_S_PIT_01_ASEReadCounter.table","NW_015090842.1:10096230",28,64,36
"LOC106888185","s1324_S_PIT_01_ASEReadCounter.table","NW_015090842.1:10096249",35,74,39
"LOC106888185","s1324_S_PIT_01_ASEReadCounter.table","NW_015090842.1:10096272",36,76,40
"LOC106888185","s1324_S_PIT_01_ASEReadCounter.table","NW_015090842.1:10096288",36,76,40
"LOC106888185","s1324_S_PIT_01_ASEReadCounter.table","NW_015090842.1:10097248",37,92,55
"LOC106888185","s1324_S_PIT_01_ASEReadCounter.table","NW_015090842.1:10097265",41,103,62
"LOC106888185","s1324_S_PIT_01_ASEReadCounter.table","NW_015090842.1:10097446",4,32,28
"DPEP1","s1324_S_PIT_01_ASEReadCounter.table","NW_015090842.1:10098017",0,7,7
"DPEP1","s1324_S_PIT_01_ASEReadCounter.table","NW_015090842.1:10098518",0,9,9
"DPEP1","s1324_S_PIT_01_ASEReadCounter.table","NW_015090842.1:10098595",0,4,4
"DPEP1","s1324_S_PIT_01_ASEReadCounter.table","NW_015090842.1:10098597",0,4,4
"DPEP1","s1324_S_PIT_01_ASEReadCounter.table","NW_015090842.1:10098601",0,4,4
"DPEP1","s1324_S_PIT_01_ASEReadCounter.table","NW_015090842.1:10098608",0,4,4
"DPEP1","s1324_S_PIT_01_ASEReadCounter.table","NW_015090842.1:10098630",0,4,4
"DPEP1","s1324_S_PIT_01_ASEReadCounter.table","NW_015090842.1:10098659",0,4,4
"DPEP1","s1324_S_PIT_01_ASEReadCounter.table","NW_015090842.1:10099765",0,6,6
"DPEP1","s1324_S_PIT_01_ASEReadCounter.table","NW_015090842.1:10099985",0,4,4
"DPEP1","s1324_S_PIT_01_ASEReadCounter.table","NW_015090842.1:10099986",0,4,4
"DPEP1","s1324_S_PIT_01_ASEReadCounter.table","NW_015090842.1:10099991",0,4,4
"DPEP1","s1324_S_PIT_01_ASEReadCounter.table","NW_015090842.1:10100044",0,5,5
"DPEP1","s1324_S_PIT_01_ASEReadCounter.table","NW_015090842.1:10100045",0,5,5
"DPEP1","s1324_S_PIT_01_ASEReadCounter.table","NW_015090842.1:10100084",0,5,5
"DPEP1","s1324_S_PIT_01_ASEReadCounter.table","NW_015090842.1:10100295",0,2,2
"DPEP1","s1324_S_PIT_01_ASEReadCounter.table","NW_015090842.1:10100529",1,6,5
"DPEP1","s1324_S_PIT_01_ASEReadCounter.table","NW_015090842.1:10100893",2,17,15
"DPEP1","s1324_S_PIT_01_ASEReadCounter.table","NW_015090842.1:10100902",2,18,16
"DPEP1","s1324_S_PIT_01_ASEReadCounter.table","NW_015090842.1:10101072",0,14,14
"DPEP1","s1324_S_PIT_01_ASEReadCounter.table","NW_015090842.1:10101199",0,10,10
"DPEP1","s1324_S_PIT_01_ASEReadCounter.table","NW_015090842.1:10101483",2,13,11
"DPEP1","s1324_S_PIT_01_ASEReadCounter.table","NW_015090842.1:10101497",2,12,10
"DPEP1","s1324_S_PIT_01_ASEReadCounter.table","NW_015090842.1:10101525",2,12,10
"DPEP1","s1324_S_PIT_01_ASEReadCounter.table","NW_015090842.1:10101875",0,7,7
"DPEP1","s1324_S_PIT_01_ASEReadCounter.table","NW_015090842.1:10101913",0,3,3
"DPEP1","s1324_S_PIT_01_ASEReadCounter.table","NW_015090842.1:10101996",0,4,4
"DPEP1","s1324_S_PIT_01_ASEReadCounter.table","NW_015090842.1:10102014",0,4,4
"DPEP1","s1324_S_PIT_01_ASEReadCounter.table","NW_015090842.1:10102035",0,1,1
"DPEP1","s1324_S_PIT_01_ASEReadCounter.table","NW_015090842.1:10102076",0,1,1
"DPEP1","s1324_S_PIT_01_ASEReadCounter.table","NW_015090842.1:10102077",0,1,1
"CHMP1A","s1324_S_PIT_01_ASEReadCounter.table","NW_015090842.1:10102901",44,91,47
"CHMP1A","s1324_S_PIT_01_ASEReadCounter.table","NW_015090842.1:10102961",25,82,57
"CHMP1A","s1324_S_PIT_01_ASEReadCounter.table","NW_015090842.1:10102996",17,79,62
"CHMP1A","s1324_S_PIT_01_ASEReadCounter.table","NW_015090842.1:10103004",19,82,63
"CHMP1A","s1324_S_PIT_01_ASEReadCounter.table","NW_015090842.1:10103006",19,84,65
"CHMP1A","s1324_S_PIT_01_ASEReadCounter.table","NW_015090842.1:10103052",47,114,67
"CHMP1A","s1324_S_PIT_01_ASEReadCounter.table","NW_015090842.1:10103095",57,126,69
"CHMP1A","s1324_S_PIT_01_ASEReadCounter.table","NW_015090842.1:10103096",56,124,68
"CHMP1A","s1324_S_PIT_01_ASEReadCounter.table","NW_015090842.1:10103152",40,97,57
"CHMP1A","s1324_S_PIT_01_ASEReadCounter.table","NW_015090842.1:10103334",32,64,32
"CHMP1A","s1324_S_PIT_01_ASEReadCounter.table","NW_015090842.1:10103373",22,62,40
"CHMP1A","s1324_S_PIT_01_ASEReadCounter.table","NW_015090842.1:10103408",23,69,46
"CHMP1A","s1324_S_PIT_01_ASEReadCounter.table","NW_015090842.1:10103412",28,68,40
"CHMP1A","s1324_S_PIT_01_ASEReadCounter.table","NW_015090842.1:10103512",39,79,40
"CHMP1A","s1324_S_PIT_01_ASEReadCounter.table","NW_015090842.1:10103513",40,80,40
"CHMP1A","s1324_S_PIT_01_ASEReadCounter.table","NW_015090842.1:10103583",24,50,26
"CHMP1A","s1324_S_PIT_01_ASEReadCounter.table","NW_015090842.1:10103614",28,52,24
"CHMP1A","s1324_S_PIT_01_ASEReadCounter.table","NW_015090842.1:10103657",35,62,27
"CHMP1A","s1324_S_PIT_01_ASEReadCounter.table","NW_015090842.1:10103669",32,56,24
"CHMP1A","s1324_S_PIT_01_ASEReadCounter.table","NW_015090842.1:10103674",32,55,23
"CHMP1A","s1324_S_PIT_01_ASEReadCounter.table","NW_015090842.1:10103677",31,54,23
"CHMP1A","s1324_S_PIT_01_ASEReadCounter.table","NW_015090842.1:10103729",30,63,33
"CHMP1A","s1324_S_PIT_01_ASEReadCounter.table","NW_015090842.1:10103758",26,54,28
"CHMP1A","s1324_S_PIT_01_ASEReadCounter.table","NW_015090842.1:10103761",26,57,31
"CHMP1A","s1324_S_PIT_01_ASEReadCounter.table","NW_015090842.1:10103788",34,78,44
"CHMP1A","s1324_S_PIT_01_ASEReadCounter.table","NW_015090842.1:10103789",33,78,45
"CHMP1A","s1324_S_PIT_01_ASEReadCounter.table","NW_015090842.1:10103790",31,75,44
"CHMP1A","s1324_S_PIT_01_ASEReadCounter.table","NW_015090842.1:10103950",41,65,24
"CHMP1A","s1324_S_PIT_01_ASEReadCounter.table","NW_015090842.1:10104335",31,57,26
"CHMP1A","s1324_S_PIT_01_ASEReadCounter.table","NW_015090842.1:10104429",49,93,44
"CHMP1A","s1324_S_PIT_01_ASEReadCounter.table","NW_015090842.1:10104532",64,110,46
"CHMP1A","s1324_S_PIT_01_ASEReadCounter.table","NW_015090842.1:10104633",38,81,43
"CHMP1A","s1324_S_PIT_01_ASEReadCounter.table","NW_015090842.1:10104759",29,72,43
"CHMP1A","s1324_S_PIT_01_ASEReadCounter.table","NW_015090842.1:10104794",41,87,46
"CHMP1A","s1324_S_PIT_01_ASEReadCounter.table","NW_015090842.1:10104844",34,63,29
"CHMP1A","s1324_S_PIT_01_ASEReadCounter.table","NW_015090842.1:10106290",31,68,37
"CHMP1A","s1324_S_PIT_01_ASEReadCounter.table","NW_015090842.1:10106335",38,67,29
"CHMP1A","s1324_S_PIT_01_ASEReadCounter.table","NW_015090842.1:10106383",46,78,32
"CHMP1A","s1324_S_PIT_01_ASEReadCounter.table","NW_015090842.1:10106747",45,77,32
"CHMP1A","s1324_S_PIT_01_ASEReadCounter.table","NW_015090842.1:10107404",42,80,38
"CHMP1A","s1324_S_PIT_01_ASEReadCounter.table","NW_015090842.1:10107410",42,81,39
"CHMP1A","s1324_S_PIT_01_ASEReadCounter.table","NW_015090842.1:10107876",29,66,37
"CDK10","s1324_S_PIT_01_ASEReadCounter.table","NW_015090842.1:10109030",11,12,1
"CDK10","s1324_S_PIT_01_ASEReadCounter.table","NW_015090842.1:10109963",34,100,66
"CDK10","s1324_S_PIT_01_ASEReadCounter.table","NW_015090842.1:10110887",44,98,54
"CDK10","s1324_S_PIT_01_ASEReadCounter.table","NW_015090842.1:10111254",30,79,49
"CDK10","s1324_S_PIT_01_ASEReadCounter.table","NW_015090842.1:10111380",27,77,50
"CDK10","s1324_S_PIT_01_ASEReadCounter.table","NW_015090842.1:10111395",28,78,50
"CDK10","s1324_S_PIT_01_ASEReadCounter.table","NW_015090842.1:10111437",17,60,43
"CDK10","s1324_S_PIT_01_ASEReadCounter.table","NW_015090842.1:10111798",29,76,47
"CDK10","s1324_S_PIT_01_ASEReadCounter.table","NW_015090842.1:10111840",27,77,50
"CDK10","s1324_S_PIT_01_ASEReadCounter.table","NW_015090842.1:10112031",23,87,64
"CDK10","s1324_S_PIT_01_ASEReadCounter.table","NW_015090842.1:10112285",27,72,45
"CDK10","s1324_S_PIT_01_ASEReadCounter.table","NW_015090842.1:10112398",30,68,38
"CDK10","s1324_S_PIT_01_ASEReadCounter.table","NW_015090842.1:10112455",25,65,40
"CDK10","s1324_S_PIT_01_ASEReadCounter.table","NW_015090842.1:10112461",25,64,39
"CDK10","s1324_S_PIT_01_ASEReadCounter.table","NW_015090842.1:10112497",21,55,34
"CDK10","s1324_S_PIT_01_ASEReadCounter.table","NW_015090842.1:10112508",19,59,40
"CDK10","s1324_S_PIT_01_ASEReadCounter.table","NW_015090842.1:10112518",17,51,34
"CDK10","s1324_S_PIT_01_ASEReadCounter.table","NW_015090842.1:10112540",3,40,37
"CDK10","s1324_S_PIT_01_ASEReadCounter.table","NW_015090842.1:10112556",11,45,34
"CDK10","s1324_S_PIT_01_ASEReadCounter.table","NW_015090842.1:10112561",12,51,39
"CDK10","s1324_S_PIT_01_ASEReadCounter.table","NW_015090842.1:10112596",20,63,43
"CDK10","s1324_S_PIT_01_ASEReadCounter.table","NW_015090842.1:10112630",23,53,30
"CDK10","s1324_S_PIT_01_ASEReadCounter.table","NW_015090842.1:10112656",26,58,32
"CDK10","s1324_S_PIT_01_ASEReadCounter.table","NW_015090842.1:10112665",23,52,29
"CDK10","s1324_S_PIT_01_ASEReadCounter.table","NW_015090842.1:10112668",22,52,30
"CDK10","s1324_S_PIT_01_ASEReadCounter.table","NW_015090842.1:10112781",13,24,11
"CDK10","s1324_S_PIT_01_ASEReadCounter.table","NW_015090842.1:10112782",13,24,11
"CDK10","s1324_S_PIT_01_ASEReadCounter.table","NW_015090842.1:10112795",13,26,13
"CDK10","s1324_S_PIT_01_ASEReadCounter.table","NW_015090842.1:10112841",4,9,5
"CDK10","s1324_S_PIT_01_ASEReadCounter.table","NW_015090842.1:10112861",3,8,5
"SPATA2L","s1324_S_PIT_01_ASEReadCounter.table","NW_015090842.1:10113212",8,22,14
"SPATA2L","s1324_S_PIT_01_ASEReadCounter.table","NW_015090842.1:10113280",12,31,19
"SPATA2L","s1324_S_PIT_01_ASEReadCounter.table","NW_015090842.1:10113296",11,29,18
"SPATA2L","s1324_S_PIT_01_ASEReadCounter.table","NW_015090842.1:10113321",11,33,22
"SPATA2L","s1324_S_PIT_01_ASEReadCounter.table","NW_015090842.1:10113332",11,36,25
"SPATA2L","s1324_S_PIT_01_ASEReadCounter.table","NW_015090842.1:10113380",9,37,28
"SPATA2L","s1324_S_PIT_01_ASEReadCounter.table","NW_015090842.1:10113381",9,37,28
"SPATA2L","s1324_S_PIT_01_ASEReadCounter.table","NW_015090842.1:10113412",13,40,27
"SPATA2L","s1324_S_PIT_01_ASEReadCounter.table","NW_015090842.1:10113421",10,40,30
"SPATA2L","s1324_S_PIT_01_ASEReadCounter.table","NW_015090842.1:10113465",13,38,25
"SPATA2L","s1324_S_PIT_01_ASEReadCounter.table","NW_015090842.1:10113535",21,42,21
"SPATA2L","s1324_S_PIT_01_ASEReadCounter.table","NW_015090842.1:10113645",14,36,22
"SPATA2L","s1324_S_PIT_01_ASEReadCounter.table","NW_015090842.1:10113682",19,46,27
"SPATA2L","s1324_S_PIT_01_ASEReadCounter.table","NW_015090842.1:10113696",20,45,25
"SPATA2L","s1324_S_PIT_01_ASEReadCounter.table","NW_015090842.1:10113727",24,49,25
"SPATA2L","s1324_S_PIT_01_ASEReadCounter.table","NW_015090842.1:10113729",25,50,25
"SPATA2L","s1324_S_PIT_01_ASEReadCounter.table","NW_015090842.1:10113799",27,54,27
"SPATA2L","s1324_S_PIT_01_ASEReadCounter.table","NW_015090842.1:10113809",21,50,29
"SPATA2L","s1324_S_PIT_01_ASEReadCounter.table","NW_015090842.1:10113827",20,50,30
"SPATA2L","s1324_S_PIT_01_ASEReadCounter.table","NW_015090842.1:10113831",18,49,31
"SPATA2L","s1324_S_PIT_01_ASEReadCounter.table","NW_015090842.1:10113894",22,45,23
"SPATA2L","s1324_S_PIT_01_ASEReadCounter.table","NW_015090842.1:10113905",20,40,20
"SPATA2L","s1324_S_PIT_01_ASEReadCounter.table","NW_015090842.1:10113914",22,39,17
"SPATA2L","s1324_S_PIT_01_ASEReadCounter.table","NW_015090842.1:10113920",22,41,19
"SPATA2L","s1324_S_PIT_01_ASEReadCounter.table","NW_015090842.1:10113937",21,38,17
"SPATA2L","s1324_S_PIT_01_ASEReadCounter.table","NW_015090842.1:10113971",19,39,20
"SPATA2L","s1324_S_PIT_01_ASEReadCounter.table","NW_015090842.1:10113976",18,44,26
"SPATA2L","s1324_S_PIT_01_ASEReadCounter.table","NW_015090842.1:10113985",19,36,17
"SPATA2L","s1324_S_PIT_01_ASEReadCounter.table","NW_015090842.1:10113994",29,49,20
"SPATA2L","s1324_S_PIT_01_ASEReadCounter.table","NW_015090842.1:10114063",25,43,18
"SPATA2L","s1324_S_PIT_01_ASEReadCounter.table","NW_015090842.1:10114066",24,43,19
"SPATA2L","s1324_S_PIT_01_ASEReadCounter.table","NW_015090842.1:10114069",26,45,19
"SPATA2L","s1324_S_PIT_01_ASEReadCounter.table","NW_015090842.1:10114159",17,29,12
"SPATA2L","s1324_S_PIT_01_ASEReadCounter.table","NW_015090842.1:10114262",24,24,0
"SPATA2L","s1324_S_PIT_01_ASEReadCounter.table","NW_015090842.1:10114470",11,30,19
"SPATA2L","s1324_S_PIT_01_ASEReadCounter.table","NW_015090842.1:10114524",7,18,11
"VPS9D1","s1324_S_PIT_01_ASEReadCounter.table","NW_015090842.1:10116377",6,16,10
"VPS9D1","s1324_S_PIT_01_ASEReadCounter.table","NW_015090842.1:10116415",7,17,10
"VPS9D1","s1324_S_PIT_01_ASEReadCounter.table","NW_015090842.1:10116607",8,19,11
"VPS9D1","s1324_S_PIT_01_ASEReadCounter.table","NW_015090842.1:10116821",7,11,4
"VPS9D1","s1324_S_PIT_01_ASEReadCounter.table","NW_015090842.1:10116825",7,12,5
"VPS9D1","s1324_S_PIT_01_ASEReadCounter.table","NW_015090842.1:10116882",2,10,8
"VPS9D1","s1324_S_PIT_01_ASEReadCounter.table","NW_015090842.1:10116933",6,16,10
"VPS9D1","s1324_S_PIT_01_ASEReadCounter.table","NW_015090842.1:10116942",6,18,12
"VPS9D1","s1324_S_PIT_01_ASEReadCounter.table","NW_015090842.1:10117152",2,12,10
"VPS9D1","s1324_S_PIT_01_ASEReadCounter.table","NW_015090842.1:10117480",2,9,7
"VPS9D1","s1324_S_PIT_01_ASEReadCounter.table","NW_015090842.1:10117497",2,7,5
"VPS9D1","s1324_S_PIT_01_ASEReadCounter.table","NW_015090842.1:10117499",2,7,5
"VPS9D1","s1324_S_PIT_01_ASEReadCounter.table","NW_015090842.1:10117516",5,10,5
"VPS9D1","s1324_S_PIT_01_ASEReadCounter.table","NW_015090842.1:10117525",5,10,5
"VPS9D1","s1324_S_PIT_01_ASEReadCounter.table","NW_015090842.1:10117579",4,7,3
"VPS9D1","s1324_S_PIT_01_ASEReadCounter.table","NW_015090842.1:10117627",4,5,1
"VPS9D1","s1324_S_PIT_01_ASEReadCounter.table","NW_015090842.1:10117678",7,9,2
"VPS9D1","s1324_S_PIT_01_ASEReadCounter.table","NW_015090842.1:10117773",13,20,7
"VPS9D1","s1324_S_PIT_01_ASEReadCounter.table","NW_015090842.1:10117937",10,18,8
"VPS9D1","s1324_S_PIT_01_ASEReadCounter.table","NW_015090842.1:10117961",11,20,9
"VPS9D1","s1324_S_PIT_01_ASEReadCounter.table","NW_015090842.1:10118236",13,24,11
"VPS9D1","s1324_S_PIT_01_ASEReadCounter.table","NW_015090842.1:10118414",12,24,12
"VPS9D1","s1324_S_PIT_01_ASEReadCounter.table","NW_015090842.1:10118973",11,21,10
"VPS9D1","s1324_S_PIT_01_ASEReadCounter.table","NW_015090842.1:10119500",4,10,6
"ZNF276","s1324_S_PIT_01_ASEReadCounter.table","NW_015090842.1:10121760",4,6,2
"ZNF276","s1324_S_PIT_01_ASEReadCounter.table","NW_015090842.1:10121769",4,6,2
"ZNF276","s1324_S_PIT_01_ASEReadCounter.table","NW_015090842.1:10121802",4,8,4
"ZNF276","s1324_S_PIT_01_ASEReadCounter.table","NW_015090842.1:10121971",9,19,10
"ZNF276","s1324_S_PIT_01_ASEReadCounter.table","NW_015090842.1:10122161",10,10,0
"ZNF276","s1324_S_PIT_01_ASEReadCounter.table","NW_015090842.1:10122164",8,8,0
"ZNF276","s1324_S_PIT_01_ASEReadCounter.table","NW_015090842.1:10122184",7,7,0
"ZNF276","s1324_S_PIT_01_ASEReadCounter.table","NW_015090842.1:10122883",3,8,5
"ZNF276","s1324_S_PIT_01_ASEReadCounter.table","NW_015090842.1:10122997",7,15,8
"ZNF276","s1324_S_PIT_01_ASEReadCounter.table","NW_015090842.1:10123069",3,10,7
"ZNF276","s1324_S_PIT_01_ASEReadCounter.table","NW_015090842.1:10123207",5,17,12
"ZNF276","s1324_S_PIT_01_ASEReadCounter.table","NW_015090842.1:10125787",13,29,16
"ZNF276","s1324_S_PIT_01_ASEReadCounter.table","NW_015090842.1:10126309",13,29,16
"ZNF276","s1324_S_PIT_01_ASEReadCounter.table","NW_015090842.1:10126348",12,27,15
"ZNF276","s1324_S_PIT_01_ASEReadCounter.table","NW_015090842.1:10126978",17,30,13
"ZNF276","s1324_S_PIT_01_ASEReadCounter.table","NW_015090842.1:10126991",13,26,13
"ZNF276","s1324_S_PIT_01_ASEReadCounter.table","NW_015090842.1:10127023",11,20,9
"ZNF276","s1324_S_PIT_01_ASEReadCounter.table","NW_015090842.1:10127063",10,21,11
"ZNF276","s1324_S_PIT_01_ASEReadCounter.table","NW_015090842.1:10127373",8,15,7
"ZNF276","s1324_S_PIT_01_ASEReadCounter.table","NW_015090842.1:10127931",19,36,17
"ZNF276","s1324_S_PIT_01_ASEReadCounter.table","NW_015090842.1:10128070",21,33,12
"ZNF276","s1324_S_PIT_01_ASEReadCounter.table","NW_015090842.1:10128102",21,36,15
"ZNF276","s1324_S_PIT_01_ASEReadCounter.table","NW_015090842.1:10128356",9,33,24
"ZNF276","s1324_S_PIT_01_ASEReadCounter.table","NW_015090842.1:10128497",11,24,13
"FANCA","s1324_S_PIT_01_ASEReadCounter.table","NW_015090842.1:10128743",1,2,1
"FANCA","s1324_S_PIT_01_ASEReadCounter.table","NW_015090842.1:10128822",2,3,1
"FANCA","s1324_S_PIT_01_ASEReadCounter.table","NW_015090842.1:10129383",1,3,2
"FANCA","s1324_S_PIT_01_ASEReadCounter.table","NW_015090842.1:10129390",1,3,2
"FANCA","s1324_S_PIT_01_ASEReadCounter.table","NW_015090842.1:10129422",0,2,2
"FANCA","s1324_S_PIT_01_ASEReadCounter.table","NW_015090842.1:10129969",1,2,1
"FANCA","s1324_S_PIT_01_ASEReadCounter.table","NW_015090842.1:10130399",2,2,0
"FANCA","s1324_S_PIT_01_ASEReadCounter.table","NW_015090842.1:10136957",0,1,1
"FANCA","s1324_S_PIT_01_ASEReadCounter.table","NW_015090842.1:10136982",0,1,1
"FANCA","s1324_S_PIT_01_ASEReadCounter.table","NW_015090842.1:10136999",0,1,1
"FANCA","s1324_S_PIT_01_ASEReadCounter.table","NW_015090842.1:10137019",0,1,1
"FANCA","s1324_S_PIT_01_ASEReadCounter.table","NW_015090842.1:10137673",0,1,1
"FANCA","s1324_S_PIT_01_ASEReadCounter.table","NW_015090842.1:10140699",1,1,0
"FANCA","s1324_S_PIT_01_ASEReadCounter.table","NW_015090842.1:10141234",0,1,1
"FANCA","s1324_S_PIT_01_ASEReadCounter.table","NW_015090842.1:10152863",1,4,3
"FANCA","s1324_S_PIT_01_ASEReadCounter.table","NW_015090842.1:10154490",1,1,0
"FANCA","s1324_S_PIT_01_ASEReadCounter.table","NW_015090842.1:10158162",1,1,0
"FANCA","s1324_S_PIT_01_ASEReadCounter.table","NW_015090842.1:10158957",1,1,0
"FANCA","s1324_S_PIT_01_ASEReadCounter.table","NW_015090842.1:10160177",1,1,0
"FANCA","s1324_S_PIT_01_ASEReadCounter.table","NW_015090842.1:10164257",1,1,0
"SPIRE2","s1324_S_PIT_01_ASEReadCounter.table","NW_015090842.1:10172284",5,11,6
"SPIRE2","s1324_S_PIT_01_ASEReadCounter.table","NW_015090842.1:10175262",11,18,7
"SPIRE2","s1324_S_PIT_01_ASEReadCounter.table","NW_015090842.1:10175352",14,19,5
"SPIRE2","s1324_S_PIT_01_ASEReadCounter.table","NW_015090842.1:10175400",29,44,15
"SPIRE2","s1324_S_PIT_01_ASEReadCounter.table","NW_015090842.1:10175418",31,46,15
"SPIRE2","s1324_S_PIT_01_ASEReadCounter.table","NW_015090842.1:10175704",24,52,28
"SPIRE2","s1324_S_PIT_01_ASEReadCounter.table","NW_015090842.1:10176115",40,70,30
"SPIRE2","s1324_S_PIT_01_ASEReadCounter.table","NW_015090842.1:10176561",20,50,30
"SPIRE2","s1324_S_PIT_01_ASEReadCounter.table","NW_015090842.1:10176817",32,54,22
"SPIRE2","s1324_S_PIT_01_ASEReadCounter.table","NW_015090842.1:10177084",15,25,10
"SPIRE2","s1324_S_PIT_01_ASEReadCounter.table","NW_015090842.1:10177838",20,40,20
"SPIRE2","s1324_S_PIT_01_ASEReadCounter.table","NW_015090842.1:10178000",29,54,25
"SPIRE2","s1324_S_PIT_01_ASEReadCounter.table","NW_015090842.1:10178164",34,59,25
"SPIRE2","s1324_S_PIT_01_ASEReadCounter.table","NW_015090842.1:10178216",29,65,36
"SPIRE2","s1324_S_PIT_01_ASEReadCounter.table","NW_015090842.1:10178303",38,62,24
"SPIRE2","s1324_S_PIT_01_ASEReadCounter.table","NW_015090842.1:10178403",29,57,28
"SPIRE2","s1324_S_PIT_01_ASEReadCounter.table","NW_015090842.1:10178409",29,55,26
"SPIRE2","s1324_S_PIT_01_ASEReadCounter.table","NW_015090842.1:10178524",27,48,21
"SPIRE2","s1324_S_PIT_01_ASEReadCounter.table","NW_015090842.1:10178526",27,49,22
"SPIRE2","s1324_S_PIT_01_ASEReadCounter.table","NW_015090842.1:10178531",30,50,20
"SPIRE2","s1324_S_PIT_01_ASEReadCounter.table","NW_015090842.1:10178565",24,43,19
"SPIRE2","s1324_S_PIT_01_ASEReadCounter.table","NW_015090842.1:10178587",22,40,18
"SPIRE2","s1324_S_PIT_01_ASEReadCounter.table","NW_015090842.1:10178640",13,24,11
"SPIRE2","s1324_S_PIT_01_ASEReadCounter.table","NW_015090842.1:10178651",15,30,15
"SPIRE2","s1324_S_PIT_01_ASEReadCounter.table","NW_015090842.1:10178682",14,25,11
"TCF25","s1324_S_PIT_01_ASEReadCounter.table","NW_015090842.1:10180912",17,36,19
"TCF25","s1324_S_PIT_01_ASEReadCounter.table","NW_015090842.1:10180924",17,36,19
"TCF25","s1324_S_PIT_01_ASEReadCounter.table","NW_015090842.1:10180931",17,36,19
"TCF25","s1324_S_PIT_01_ASEReadCounter.table","NW_015090842.1:10185332",54,92,38
"TCF25","s1324_S_PIT_01_ASEReadCounter.table","NW_015090842.1:10196561",38,53,15
"TCF25","s1324_S_PIT_01_ASEReadCounter.table","NW_015090842.1:10197399",81,81,0
"TUBB3","s1324_S_PIT_01_ASEReadCounter.table","NW_015090842.1:10205322",0,7,7
"GAS8","s1324_S_PIT_01_ASEReadCounter.table","NW_015090842.1:10228982",26,43,17
"GAS8","s1324_S_PIT_01_ASEReadCounter.table","NW_015090842.1:10229832",11,28,17
"GAS8","s1324_S_PIT_01_ASEReadCounter.table","NW_015090842.1:10232901",24,40,16
"GAS8","s1324_S_PIT_01_ASEReadCounter.table","NW_015090842.1:10232928",23,34,11
"GAS8","s1324_S_PIT_01_ASEReadCounter.table","NW_015090842.1:10232967",21,38,17
"GAS8","s1324_S_PIT_01_ASEReadCounter.table","NW_015090842.1:10233032",14,31,17
"GAS8","s1324_S_PIT_01_ASEReadCounter.table","NW_015090842.1:10233057",13,31,18
"GAS8","s1324_S_PIT_01_ASEReadCounter.table","NW_015090842.1:10233058",13,31,18
"GAS8","s1324_S_PIT_01_ASEReadCounter.table","NW_015090842.1:10233176",8,21,13
"GAS8","s1324_S_PIT_01_ASEReadCounter.table","NW_015090842.1:10233196",10,21,11
"GAS8","s1324_S_PIT_01_ASEReadCounter.table","NW_015090842.1:10233252",7,11,4
"GAS8","s1324_S_PIT_01_ASEReadCounter.table","NW_015090842.1:10233303",3,7,4
"LOC106888094","s1324_S_PIT_01_ASEReadCounter.table","NW_015090842.1:10233334",3,10,7
"LOC106888094","s1324_S_PIT_01_ASEReadCounter.table","NW_015090842.1:10233362",6,16,10
"LOC106888094","s1324_S_PIT_01_ASEReadCounter.table","NW_015090842.1:10233373",6,19,13
"LOC106888094","s1324_S_PIT_01_ASEReadCounter.table","NW_015090842.1:10233388",5,20,15
"LOC106888094","s1324_S_PIT_01_ASEReadCounter.table","NW_015090842.1:10233402",7,21,14
"LOC106888094","s1324_S_PIT_01_ASEReadCounter.table","NW_015090842.1:10233465",14,45,31
"LOC106888094","s1324_S_PIT_01_ASEReadCounter.table","NW_015090842.1:10233803",20,67,47
"LOC106888094","s1324_S_PIT_01_ASEReadCounter.table","NW_015090842.1:10233815",10,49,39
"LOC106888094","s1324_S_PIT_01_ASEReadCounter.table","NW_015090842.1:10235484",3,4,1
"LOC106888094","s1324_S_PIT_01_ASEReadCounter.table","NW_015090842.1:10235611",0,1,1
"LOC106888094","s1324_S_PIT_01_ASEReadCounter.table","NW_015090842.1:10236098",1,3,2
"LOC106888094","s1324_S_PIT_01_ASEReadCounter.table","NW_015090842.1:10236161",1,2,1
"LOC106888094","s1324_S_PIT_01_ASEReadCounter.table","NW_015090842.1:10236380",1,1,0
"LOC106888094","s1324_S_PIT_01_ASEReadCounter.table","NW_015090842.1:10236388",1,1,0
"LOC106888173","s1324_S_PIT_01_ASEReadCounter.table","NW_015090842.1:10239596",1,3,2
"LOC106888173","s1324_S_PIT_01_ASEReadCounter.table","NW_015090842.1:10240036",5,16,11
"LOC106888173","s1324_S_PIT_01_ASEReadCounter.table","NW_015090842.1:10240095",5,13,8
"LOC106888173","s1324_S_PIT_01_ASEReadCounter.table","NW_015090842.1:10240280",4,16,12
"LOC106888173","s1324_S_PIT_01_ASEReadCounter.table","NW_015090842.1:10240557",7,15,8
"LOC106888173","s1324_S_PIT_01_ASEReadCounter.table","NW_015090842.1:10240603",8,18,10
"LOC106888173","s1324_S_PIT_01_ASEReadCounter.table","NW_015090842.1:10240609",9,20,11
"LOC106888173","s1324_S_PIT_01_ASEReadCounter.table","NW_015090842.1:10240924",5,15,10
"LOC106888173","s1324_S_PIT_01_ASEReadCounter.table","NW_015090842.1:10241037",3,17,14
"LOC106888173","s1324_S_PIT_01_ASEReadCounter.table","NW_015090842.1:10241046",4,17,13
"LOC106888173","s1324_S_PIT_01_ASEReadCounter.table","NW_015090842.1:10241058",4,22,18
"LOC106888173","s1324_S_PIT_01_ASEReadCounter.table","NW_015090842.1:10241064",5,27,22
"LOC106888173","s1324_S_PIT_01_ASEReadCounter.table","NW_015090842.1:10241163",11,24,13
"LOC106888173","s1324_S_PIT_01_ASEReadCounter.table","NW_015090842.1:10241803",10,34,24
"LOC106888173","s1324_S_PIT_01_ASEReadCounter.table","NW_015090842.1:10241827",7,28,21
"LOC106888173","s1324_S_PIT_01_ASEReadCounter.table","NW_015090842.1:10241869",6,30,24
"LOC106888173","s1324_S_PIT_01_ASEReadCounter.table","NW_015090842.1:10242079",13,33,20
"LOC106888173","s1324_S_PIT_01_ASEReadCounter.table","NW_015090842.1:10242103",16,34,18
"LOC106888173","s1324_S_PIT_01_ASEReadCounter.table","NW_015090842.1:10242157",17,31,14
"LOC106888173","s1324_S_PIT_01_ASEReadCounter.table","NW_015090842.1:10242455",10,18,8
"LOC106888173","s1324_S_PIT_01_ASEReadCounter.table","NW_015090842.1:10242481",9,20,11
"LOC106888173","s1324_S_PIT_01_ASEReadCounter.table","NW_015090842.1:10242590",13,27,14
"LOC106888173","s1324_S_PIT_01_ASEReadCounter.table","NW_015090842.1:10242794",7,19,12
"LOC106888173","s1324_S_PIT_01_ASEReadCounter.table","NW_015090842.1:10242909",12,20,8
"LOC106888173","s1324_S_PIT_01_ASEReadCounter.table","NW_015090842.1:10243094",25,38,13
"LOC106888173","s1324_S_PIT_01_ASEReadCounter.table","NW_015090842.1:10243133",19,31,12
"LOC106888173","s1324_S_PIT_01_ASEReadCounter.table","NW_015090842.1:10243273",23,37,14
"LOC106888173","s1324_S_PIT_01_ASEReadCounter.table","NW_015090842.1:10243278",22,35,13
"LOC106888173","s1324_S_PIT_01_ASEReadCounter.table","NW_015090842.1:10243281",22,36,14
"LOC106888173","s1324_S_PIT_01_ASEReadCounter.table","NW_015090842.1:10243347",24,24,0
"LOC106888173","s1324_S_PIT_01_ASEReadCounter.table","NW_015090842.1:10243353",16,23,7
"LOC106888173","s1324_S_PIT_01_ASEReadCounter.table","NW_015090842.1:10243363",13,17,4
"LOC106888173","s1324_S_PIT_01_ASEReadCounter.table","NW_015090842.1:10243365",11,15,4
"LOC106888173","s1324_S_PIT_01_ASEReadCounter.table","NW_015090842.1:10243529",18,22,4
"LOC106888173","s1324_S_PIT_01_ASEReadCounter.table","NW_015090842.1:10243566",29,35,6
"LOC106888173","s1324_S_PIT_01_ASEReadCounter.table","NW_015090842.1:10243605",26,36,10
"LOC106888173","s1324_S_PIT_01_ASEReadCounter.table","NW_015090842.1:10243614",20,29,9
"LOC106888173","s1324_S_PIT_01_ASEReadCounter.table","NW_015090842.1:10243615",20,30,10
"LOC106888173","s1324_S_PIT_01_ASEReadCounter.table","NW_015090842.1:10243640",20,29,9
"LOC106888173","s1324_S_PIT_01_ASEReadCounter.table","NW_015090842.1:10243680",18,27,9
"LOC106888173","s1324_S_PIT_01_ASEReadCounter.table","NW_015090842.1:10243742",25,36,11
"LOC106888173","s1324_S_PIT_01_ASEReadCounter.table","NW_015090842.1:10243804",22,30,8
"LOC106888173","s1324_S_PIT_01_ASEReadCounter.table","NW_015090842.1:10243913",13,15,2
"LOC106888173","s1324_S_PIT_01_ASEReadCounter.table","NW_015090842.1:10243921",14,16,2
"LOC106888384","s1324_S_PIT_01_ASEReadCounter.table","NW_015090842.1:10244998",1,1,0
"LOC106888384","s1324_S_PIT_01_ASEReadCounter.table","NW_015090842.1:10250743",2,3,1
"LOC106888384","s1324_S_PIT_01_ASEReadCounter.table","NW_015090842.1:10250771",3,4,1
"LOC106888384","s1324_S_PIT_01_ASEReadCounter.table","NW_015090842.1:10251343",2,2,0
"LOC106888384","s1324_S_PIT_01_ASEReadCounter.table","NW_015090842.1:10251344",2,2,0
"LOC106888384","s1324_S_PIT_01_ASEReadCounter.table","NW_015090842.1:10251349",2,2,0
"LOC106888384","s1324_S_PIT_01_ASEReadCounter.table","NW_015090842.1:10251354",2,3,1
"LOC106888384","s1324_S_PIT_01_ASEReadCounter.table","NW_015090842.1:10251358",1,2,1
"LOC106888384","s1324_S_PIT_01_ASEReadCounter.table","NW_015090842.1:10251369",0,1,1
"LOC106888384","s1324_S_PIT_01_ASEReadCounter.table","NW_015090842.1:10251370",0,1,1
"LOC106888384","s1324_S_PIT_01_ASEReadCounter.table","NW_015090842.1:10251375",0,1,1
"LOC106888384","s1324_S_PIT_01_ASEReadCounter.table","NW_015090842.1:10251388",0,1,1
"LOC106888384","s1324_S_PIT_01_ASEReadCounter.table","NW_015090842.1:10251390",0,1,1
"LOC106888384","s1324_S_PIT_01_ASEReadCounter.table","NW_015090842.1:10251393",0,1,1
"LOC106888384","s1324_S_PIT_01_ASEReadCounter.table","NW_015090842.1:10251399",0,1,1
"LOC106888384","s1324_S_PIT_01_ASEReadCounter.table","NW_015090842.1:10253165",0,1,1
"LOC106888384","s1324_S_PIT_01_ASEReadCounter.table","NW_015090842.1:10253284",0,2,2
"LOC106888384","s1324_S_PIT_01_ASEReadCounter.table","NW_015090842.1:10253605",5,5,0
"LOC106888384","s1324_S_PIT_01_ASEReadCounter.table","NW_015090842.1:10254028",2,4,2
"LOC106888384","s1324_S_PIT_01_ASEReadCounter.table","NW_015090842.1:10254227",2,2,0
"LOC106888384","s1324_S_PIT_01_ASEReadCounter.table","NW_015090842.1:10254233",2,2,0
"LOC106888384","s1324_S_PIT_01_ASEReadCounter.table","NW_015090842.1:10254263",2,2,0
"LOC106888384","s1324_S_PIT_01_ASEReadCounter.table","NW_015090842.1:10254293",3,6,3
"LOC106888384","s1324_S_PIT_01_ASEReadCounter.table","NW_015090842.1:10254570",3,7,4
"LOC106888384","s1324_S_PIT_01_ASEReadCounter.table","NW_015090842.1:10254647",1,2,1
"LOC106888384","s1324_S_PIT_01_ASEReadCounter.table","NW_015090842.1:10254663",1,1,0
"LOC106888384","s1324_S_PIT_01_ASEReadCounter.table","NW_015090842.1:10254840",2,5,3
"LOC106888384","s1324_S_PIT_01_ASEReadCounter.table","NW_015090842.1:10254854",5,5,0
"LOC106888384","s1324_S_PIT_01_ASEReadCounter.table","NW_015090842.1:10254891",3,3,0
"LOC106888384","s1324_S_PIT_01_ASEReadCounter.table","NW_015090842.1:10254900",0,3,3
"LOC106888384","s1324_S_PIT_01_ASEReadCounter.table","NW_015090842.1:10254915",1,4,3
"LOC106888384","s1324_S_PIT_01_ASEReadCounter.table","NW_015090842.1:10254965",3,3,0
"LOC106888384","s1324_S_PIT_01_ASEReadCounter.table","NW_015090842.1:10254975",2,4,2
"LOC106888384","s1324_S_PIT_01_ASEReadCounter.table","NW_015090842.1:10255077",0,5,5
"LOC106888384","s1324_S_PIT_01_ASEReadCounter.table","NW_015090842.1:10255117",0,6,6
"LOC106888384","s1324_S_PIT_01_ASEReadCounter.table","NW_015090842.1:10255138",0,3,3
"LOC106888384","s1324_S_PIT_01_ASEReadCounter.table","NW_015090842.1:10255139",0,3,3
"LOC106888384","s1324_S_PIT_01_ASEReadCounter.table","NW_015090842.1:10255209",0,4,4
"LOC106888384","s1324_S_PIT_01_ASEReadCounter.table","NW_015090842.1:10255211",0,4,4
"LOC106888384","s1324_S_PIT_01_ASEReadCounter.table","NW_015090842.1:10255236",0,3,3
"LOC106888384","s1324_S_PIT_01_ASEReadCounter.table","NW_015090842.1:10255262",1,4,3
"LOC106888384","s1324_S_PIT_01_ASEReadCounter.table","NW_015090842.1:10255264",1,4,3
"LOC106888384","s1324_S_PIT_01_ASEReadCounter.table","NW_015090842.1:10255306",2,4,2
"LOC106888384","s1324_S_PIT_01_ASEReadCounter.table","NW_015090842.1:10255340",3,9,6
"LOC106888384","s1324_S_PIT_01_ASEReadCounter.table","NW_015090842.1:10255410",2,9,7
"LOC106888384","s1324_S_PIT_01_ASEReadCounter.table","NW_015090842.1:10255449",1,8,7
"LOC106888384","s1324_S_PIT_01_ASEReadCounter.table","NW_015090842.1:10255496",3,11,8
"LOC106888384","s1324_S_PIT_01_ASEReadCounter.table","NW_015090842.1:10255505",4,11,7
"LOC106888384","s1324_S_PIT_01_ASEReadCounter.table","NW_015090842.1:10255531",4,11,7
"LOC106888384","s1324_S_PIT_01_ASEReadCounter.table","NW_015090842.1:10255608",4,8,4
"LOC106888384","s1324_S_PIT_01_ASEReadCounter.table","NW_015090842.1:10255614",5,9,4
"LOC106888384","s1324_S_PIT_01_ASEReadCounter.table","NW_015090842.1:10255704",10,17,7
"LOC106888384","s1324_S_PIT_01_ASEReadCounter.table","NW_015090842.1:10255731",12,16,4
"LOC106888384","s1324_S_PIT_01_ASEReadCounter.table","NW_015090842.1:10255771",10,12,2
"TANGO6","s1324_S_PIT_01_ASEReadCounter.table","NW_015090842.1:10257782",4,7,3
"TANGO6","s1324_S_PIT_01_ASEReadCounter.table","NW_015090842.1:10258162",4,12,8
"TANGO6","s1324_S_PIT_01_ASEReadCounter.table","NW_015090842.1:10258185",4,12,8
"TANGO6","s1324_S_PIT_01_ASEReadCounter.table","NW_015090842.1:10259267",1,1,0
"TANGO6","s1324_S_PIT_01_ASEReadCounter.table","NW_015090842.1:10260250",10,19,9
"TANGO6","s1324_S_PIT_01_ASEReadCounter.table","NW_015090842.1:10260979",6,11,5
"TANGO6","s1324_S_PIT_01_ASEReadCounter.table","NW_015090842.1:10261599",6,6,0
"TANGO6","s1324_S_PIT_01_ASEReadCounter.table","NW_015090842.1:10268425",13,19,6
"TANGO6","s1324_S_PIT_01_ASEReadCounter.table","NW_015090842.1:10269831",7,10,3
"TANGO6","s1324_S_PIT_01_ASEReadCounter.table","NW_015090842.1:10270813",6,13,7
"TANGO6","s1324_S_PIT_01_ASEReadCounter.table","NW_015090842.1:10273952",3,6,3
"TANGO6","s1324_S_PIT_01_ASEReadCounter.table","NW_015090842.1:10273970",3,6,3
"TANGO6","s1324_S_PIT_01_ASEReadCounter.table","NW_015090842.1:10274018",1,5,4
"TANGO6","s1324_S_PIT_01_ASEReadCounter.table","NW_015090842.1:10275974",9,12,3
"TANGO6","s1324_S_PIT_01_ASEReadCounter.table","NW_015090842.1:10275976",9,12,3
"TANGO6","s1324_S_PIT_01_ASEReadCounter.table","NW_015090842.1:10276123",4,7,3
"TANGO6","s1324_S_PIT_01_ASEReadCounter.table","NW_015090842.1:10276271",7,9,2
"TANGO6","s1324_S_PIT_01_ASEReadCounter.table","NW_015090842.1:10276272",7,9,2
"TANGO6","s1324_S_PIT_01_ASEReadCounter.table","NW_015090842.1:10276275",8,10,2
"TANGO6","s1324_S_PIT_01_ASEReadCounter.table","NW_015090842.1:10276278",8,9,1
"TANGO6","s1324_S_PIT_01_ASEReadCounter.table","NW_015090842.1:10276368",4,7,3
"TANGO6","s1324_S_PIT_01_ASEReadCounter.table","NW_015090842.1:10276373",3,6,3
"TANGO6","s1324_S_PIT_01_ASEReadCounter.table","NW_015090842.1:10276630",9,12,3
"TANGO6","s1324_S_PIT_01_ASEReadCounter.table","NW_015090842.1:10281498",3,8,5
"TANGO6","s1324_S_PIT_01_ASEReadCounter.table","NW_015090842.1:10282842",1,4,3
"TANGO6","s1324_S_PIT_01_ASEReadCounter.table","NW_015090842.1:10282863",4,7,3
"TANGO6","s1324_S_PIT_01_ASEReadCounter.table","NW_015090842.1:10282869",5,8,3
"TANGO6","s1324_S_PIT_01_ASEReadCounter.table","NW_015090842.1:10282903",9,15,6
"TANGO6","s1324_S_PIT_01_ASEReadCounter.table","NW_015090842.1:10283757",13,20,7
"TANGO6","s1324_S_PIT_01_ASEReadCounter.table","NW_015090842.1:10283785",9,15,6
"HAS3","s1324_S_PIT_01_ASEReadCounter.table","NW_015090842.1:10290927",1,2,1
"HAS3","s1324_S_PIT_01_ASEReadCounter.table","NW_015090842.1:10291004",1,1,0
"CHTF8","s1324_S_PIT_01_ASEReadCounter.table","NW_015090842.1:10291319",3,5,2
"CHTF8","s1324_S_PIT_01_ASEReadCounter.table","NW_015090842.1:10291342",7,10,3
"CHTF8","s1324_S_PIT_01_ASEReadCounter.table","NW_015090842.1:10291491",18,28,10
"CHTF8","s1324_S_PIT_01_ASEReadCounter.table","NW_015090842.1:10291520",15,30,15
"CHTF8","s1324_S_PIT_01_ASEReadCounter.table","NW_015090842.1:10291593",17,34,17
"CHTF8","s1324_S_PIT_01_ASEReadCounter.table","NW_015090842.1:10291600",17,33,16
"CHTF8","s1324_S_PIT_01_ASEReadCounter.table","NW_015090842.1:10291609",14,28,14
"CHTF8","s1324_S_PIT_01_ASEReadCounter.table","NW_015090842.1:10291639",23,42,19
"CHTF8","s1324_S_PIT_01_ASEReadCounter.table","NW_015090842.1:10291641",23,42,19
"CHTF8","s1324_S_PIT_01_ASEReadCounter.table","NW_015090842.1:10291648",27,47,20
"CHTF8","s1324_S_PIT_01_ASEReadCounter.table","NW_015090842.1:10291656",23,42,19
"CHTF8","s1324_S_PIT_01_ASEReadCounter.table","NW_015090842.1:10291675",23,43,20
"CHTF8","s1324_S_PIT_01_ASEReadCounter.table","NW_015090842.1:10291696",24,42,18
"CHTF8","s1324_S_PIT_01_ASEReadCounter.table","NW_015090842.1:10291714",22,40,18
"CHTF8","s1324_S_PIT_01_ASEReadCounter.table","NW_015090842.1:10291732",21,42,21
"CHTF8","s1324_S_PIT_01_ASEReadCounter.table","NW_015090842.1:10291755",18,38,20
"CHTF8","s1324_S_PIT_01_ASEReadCounter.table","NW_015090842.1:10291756",17,34,17
"CHTF8","s1324_S_PIT_01_ASEReadCounter.table","NW_015090842.1:10291758",18,35,17
"CHTF8","s1324_S_PIT_01_ASEReadCounter.table","NW_015090842.1:10291792",20,39,19
"CHTF8","s1324_S_PIT_01_ASEReadCounter.table","NW_015090842.1:10291895",19,36,17
"CHTF8","s1324_S_PIT_01_ASEReadCounter.table","NW_015090842.1:10292132",26,42,16
"CHTF8","s1324_S_PIT_01_ASEReadCounter.table","NW_015090842.1:10292314",25,51,26
"CHTF8","s1324_S_PIT_01_ASEReadCounter.table","NW_015090842.1:10292317",25,52,27
"CHTF8","s1324_S_PIT_01_ASEReadCounter.table","NW_015090842.1:10292928",2,4,2
"UTP4","s1324_S_PIT_01_ASEReadCounter.table","NW_015090842.1:10293146",11,25,14
"UTP4","s1324_S_PIT_01_ASEReadCounter.table","NW_015090842.1:10293151",9,22,13
"UTP4","s1324_S_PIT_01_ASEReadCounter.table","NW_015090842.1:10293191",5,11,6
"UTP4","s1324_S_PIT_01_ASEReadCounter.table","NW_015090842.1:10293362",8,18,10
"UTP4","s1324_S_PIT_01_ASEReadCounter.table","NW_015090842.1:10293430",8,18,10
"UTP4","s1324_S_PIT_01_ASEReadCounter.table","NW_015090842.1:10293625",9,17,8
"UTP4","s1324_S_PIT_01_ASEReadCounter.table","NW_015090842.1:10293684",9,20,11
"UTP4","s1324_S_PIT_01_ASEReadCounter.table","NW_015090842.1:10294093",8,16,8
"UTP4","s1324_S_PIT_01_ASEReadCounter.table","NW_015090842.1:10294568",13,28,15
"UTP4","s1324_S_PIT_01_ASEReadCounter.table","NW_015090842.1:10294622",13,27,14
"UTP4","s1324_S_PIT_01_ASEReadCounter.table","NW_015090842.1:10294632",14,28,14
"UTP4","s1324_S_PIT_01_ASEReadCounter.table","NW_015090842.1:10295238",10,21,11
"UTP4","s1324_S_PIT_01_ASEReadCounter.table","NW_015090842.1:10295880",11,23,12
"UTP4","s1324_S_PIT_01_ASEReadCounter.table","NW_015090842.1:10295884",10,23,13
"UTP4","s1324_S_PIT_01_ASEReadCounter.table","NW_015090842.1:10295903",10,22,12
"UTP4","s1324_S_PIT_01_ASEReadCounter.table","NW_015090842.1:10295906",11,23,12
"UTP4","s1324_S_PIT_01_ASEReadCounter.table","NW_015090842.1:10295915",13,26,13
"UTP4","s1324_S_PIT_01_ASEReadCounter.table","NW_015090842.1:10295938",12,25,13
"UTP4","s1324_S_PIT_01_ASEReadCounter.table","NW_015090842.1:10296175",10,19,9
"UTP4","s1324_S_PIT_01_ASEReadCounter.table","NW_015090842.1:10296660",11,21,10
"UTP4","s1324_S_PIT_01_ASEReadCounter.table","NW_015090842.1:10296679",14,21,7
"UTP4","s1324_S_PIT_01_ASEReadCounter.table","NW_015090842.1:10297193",12,22,10
"UTP4","s1324_S_PIT_01_ASEReadCounter.table","NW_015090842.1:10297220",13,27,14
"UTP4","s1324_S_PIT_01_ASEReadCounter.table","NW_015090842.1:10297307",16,31,15
"UTP4","s1324_S_PIT_01_ASEReadCounter.table","NW_015090842.1:10297558",16,30,14
"UTP4","s1324_S_PIT_01_ASEReadCounter.table","NW_015090842.1:10297943",10,28,18
"UTP4","s1324_S_PIT_01_ASEReadCounter.table","NW_015090842.1:10297979",7,23,16
"UTP4","s1324_S_PIT_01_ASEReadCounter.table","NW_015090842.1:10298022",2,12,10
"UTP4","s1324_S_PIT_01_ASEReadCounter.table","NW_015090842.1:10298079",0,3,3
"UTP4","s1324_S_PIT_01_ASEReadCounter.table","NW_015090842.1:10298081",0,3,3
"UTP4","s1324_S_PIT_01_ASEReadCounter.table","NW_015090842.1:10298082",0,3,3
"SNTB2","s1324_S_PIT_01_ASEReadCounter.table","NW_015090842.1:10298905",1,1,0
"SNTB2","s1324_S_PIT_01_ASEReadCounter.table","NW_015090842.1:10298928",1,3,2
"SNTB2","s1324_S_PIT_01_ASEReadCounter.table","NW_015090842.1:10303506",7,13,6
"SNTB2","s1324_S_PIT_01_ASEReadCounter.table","NW_015090842.1:10303524",8,14,6
"SNTB2","s1324_S_PIT_01_ASEReadCounter.table","NW_015090842.1:10304059",3,5,2
"SNTB2","s1324_S_PIT_01_ASEReadCounter.table","NW_015090842.1:10304089",4,7,3
"SNTB2","s1324_S_PIT_01_ASEReadCounter.table","NW_015090842.1:10304167",0,6,6
"SNTB2","s1324_S_PIT_01_ASEReadCounter.table","NW_015090842.1:10304176",0,5,5
"SNTB2","s1324_S_PIT_01_ASEReadCounter.table","NW_015090842.1:10305069",3,6,3
"SNTB2","s1324_S_PIT_01_ASEReadCounter.table","NW_015090842.1:10305099",4,8,4
"SNTB2","s1324_S_PIT_01_ASEReadCounter.table","NW_015090842.1:10305451",2,6,4
"SNTB2","s1324_S_PIT_01_ASEReadCounter.table","NW_015090842.1:10305547",9,17,8
"SNTB2","s1324_S_PIT_01_ASEReadCounter.table","NW_015090842.1:10305847",5,12,7
"SNTB2","s1324_S_PIT_01_ASEReadCounter.table","NW_015090842.1:10305911",4,10,6
"SNTB2","s1324_S_PIT_01_ASEReadCounter.table","NW_015090842.1:10306173",9,16,7
"SNTB2","s1324_S_PIT_01_ASEReadCounter.table","NW_015090842.1:10306275",4,12,8
"SNTB2","s1324_S_PIT_01_ASEReadCounter.table","NW_015090842.1:10306457",3,9,6
"SNTB2","s1324_S_PIT_01_ASEReadCounter.table","NW_015090842.1:10306496",5,10,5
"SNTB2","s1324_S_PIT_01_ASEReadCounter.table","NW_015090842.1:10306499",5,10,5
"VPS4A","s1324_S_PIT_01_ASEReadCounter.table","NW_015090842.1:10308566",59,129,70
"VPS4A","s1324_S_PIT_01_ASEReadCounter.table","NW_015090842.1:10308573",61,141,80
"VPS4A","s1324_S_PIT_01_ASEReadCounter.table","NW_015090842.1:10308856",81,203,122
"VPS4A","s1324_S_PIT_01_ASEReadCounter.table","NW_015090842.1:10309056",98,229,131
"VPS4A","s1324_S_PIT_01_ASEReadCounter.table","NW_015090842.1:10309089",119,268,149
"VPS4A","s1324_S_PIT_01_ASEReadCounter.table","NW_015090842.1:10309392",123,268,145
"VPS4A","s1324_S_PIT_01_ASEReadCounter.table","NW_015090842.1:10309413",118,262,144
"VPS4A","s1324_S_PIT_01_ASEReadCounter.table","NW_015090842.1:10309467",117,269,152
"VPS4A","s1324_S_PIT_01_ASEReadCounter.table","NW_015090842.1:10310230",119,282,163
"VPS4A","s1324_S_PIT_01_ASEReadCounter.table","NW_015090842.1:10310425",104,248,144
"VPS4A","s1324_S_PIT_01_ASEReadCounter.table","NW_015090842.1:10310639",96,230,134
"VPS4A","s1324_S_PIT_01_ASEReadCounter.table","NW_015090842.1:10310640",226,226,0
"VPS4A","s1324_S_PIT_01_ASEReadCounter.table","NW_015090842.1:10310687",101,250,149
"VPS4A","s1324_S_PIT_01_ASEReadCounter.table","NW_015090842.1:10310734",78,183,105
"VPS4A","s1324_S_PIT_01_ASEReadCounter.table","NW_015090842.1:10310737",79,183,104
"VPS4A","s1324_S_PIT_01_ASEReadCounter.table","NW_015090842.1:10310746",79,184,105
"VPS4A","s1324_S_PIT_01_ASEReadCounter.table","NW_015090842.1:10310767",75,179,104
"VPS4A","s1324_S_PIT_01_ASEReadCounter.table","NW_015090842.1:10310995",111,213,102
"VPS4A","s1324_S_PIT_01_ASEReadCounter.table","NW_015090842.1:10311004",105,207,102
"VPS4A","s1324_S_PIT_01_ASEReadCounter.table","NW_015090842.1:10311007",108,211,103
"VPS4A","s1324_S_PIT_01_ASEReadCounter.table","NW_015090842.1:10311013",112,215,103
"VPS4A","s1324_S_PIT_01_ASEReadCounter.table","NW_015090842.1:10311022",108,213,105
"VPS4A","s1324_S_PIT_01_ASEReadCounter.table","NW_015090842.1:10311023",107,208,101
"VPS4A","s1324_S_PIT_01_ASEReadCounter.table","NW_015090842.1:10311426",106,223,117
"VPS4A","s1324_S_PIT_01_ASEReadCounter.table","NW_015090842.1:10311489",1,5,4
"VPS4A","s1324_S_PIT_01_ASEReadCounter.table","NW_015090842.1:10311490",2,4,2
"VPS4A","s1324_S_PIT_01_ASEReadCounter.table","NW_015090842.1:10311525",6,15,9
"VPS4A","s1324_S_PIT_01_ASEReadCounter.table","NW_015090842.1:10311529",6,22,16
"VPS4A","s1324_S_PIT_01_ASEReadCounter.table","NW_015090842.1:10311530",6,23,17
"VPS4A","s1324_S_PIT_01_ASEReadCounter.table","NW_015090842.1:10311552",18,36,18
"VPS4A","s1324_S_PIT_01_ASEReadCounter.table","NW_015090842.1:10311689",18,29,11
"VPS4A","s1324_S_PIT_01_ASEReadCounter.table","NW_015090842.1:10311700",24,38,14
"VPS4A","s1324_S_PIT_01_ASEReadCounter.table","NW_015090842.1:10311701",24,38,14
"VPS4A","s1324_S_PIT_01_ASEReadCounter.table","NW_015090842.1:10311703",25,39,14
"COG8","s1324_S_PIT_01_ASEReadCounter.table","NW_015090842.1:10313487",7,18,11
"COG8","s1324_S_PIT_01_ASEReadCounter.table","NW_015090842.1:10313559",11,27,16
"COG8","s1324_S_PIT_01_ASEReadCounter.table","NW_015090842.1:10313579",10,25,15
"COG8","s1324_S_PIT_01_ASEReadCounter.table","NW_015090842.1:10313665",18,29,11
"COG8","s1324_S_PIT_01_ASEReadCounter.table","NW_015090842.1:10313681",15,30,15
"COG8","s1324_S_PIT_01_ASEReadCounter.table","NW_015090842.1:10313768",8,27,19
"COG8","s1324_S_PIT_01_ASEReadCounter.table","NW_015090842.1:10313775",8,25,17
"COG8","s1324_S_PIT_01_ASEReadCounter.table","NW_015090842.1:10313811",10,21,11
"COG8","s1324_S_PIT_01_ASEReadCounter.table","NW_015090842.1:10313858",6,20,14
"COG8","s1324_S_PIT_01_ASEReadCounter.table","NW_015090842.1:10313859",19,19,0
"COG8","s1324_S_PIT_01_ASEReadCounter.table","NW_015090842.1:10314100",12,26,14
"COG8","s1324_S_PIT_01_ASEReadCounter.table","NW_015090842.1:10314213",12,24,12
"COG8","s1324_S_PIT_01_ASEReadCounter.table","NW_015090842.1:10315093",9,21,12
"COG8","s1324_S_PIT_01_ASEReadCounter.table","NW_015090842.1:10315162",5,20,15
"COG8","s1324_S_PIT_01_ASEReadCounter.table","NW_015090842.1:10315285",15,21,6
"COG8","s1324_S_PIT_01_ASEReadCounter.table","NW_015090842.1:10315360",6,16,10
"COG8","s1324_S_PIT_01_ASEReadCounter.table","NW_015090842.1:10315369",6,17,11
"COG8","s1324_S_PIT_01_ASEReadCounter.table","NW_015090842.1:10315508",4,7,3
"COG8","s1324_S_PIT_01_ASEReadCounter.table","NW_015090842.1:10315624",12,25,13
"COG8","s1324_S_PIT_01_ASEReadCounter.table","NW_015090842.1:10315693",8,16,8
"COG8","s1324_S_PIT_01_ASEReadCounter.table","NW_015090842.1:10315698",10,17,7
"COG8","s1324_S_PIT_01_ASEReadCounter.table","NW_015090842.1:10315768",8,19,11
"COG8","s1324_S_PIT_01_ASEReadCounter.table","NW_015090842.1:10315769",8,18,10
"COG8","s1324_S_PIT_01_ASEReadCounter.table","NW_015090842.1:10315784",6,14,8
"COG8","s1324_S_PIT_01_ASEReadCounter.table","NW_015090842.1:10316093",10,20,10
"COG8","s1324_S_PIT_01_ASEReadCounter.table","NW_015090842.1:10316133",5,10,5
"NIP7","s1324_S_PIT_01_ASEReadCounter.table","NW_015090842.1:10316759",15,28,13
"NIP7","s1324_S_PIT_01_ASEReadCounter.table","NW_015090842.1:10316967",84,168,84
"NIP7","s1324_S_PIT_01_ASEReadCounter.table","NW_015090842.1:10316995",91,188,97
"NIP7","s1324_S_PIT_01_ASEReadCounter.table","NW_015090842.1:10317240",124,235,111
"NIP7","s1324_S_PIT_01_ASEReadCounter.table","NW_015090842.1:10317247",119,230,111
"NIP7","s1324_S_PIT_01_ASEReadCounter.table","NW_015090842.1:10317264",113,211,98
"NIP7","s1324_S_PIT_01_ASEReadCounter.table","NW_015090842.1:10317433",102,229,127
"NIP7","s1324_S_PIT_01_ASEReadCounter.table","NW_015090842.1:10317738",103,202,99
"NIP7","s1324_S_PIT_01_ASEReadCounter.table","NW_015090842.1:10317769",101,194,93
"NIP7","s1324_S_PIT_01_ASEReadCounter.table","NW_015090842.1:10317808",64,138,74
"NIP7","s1324_S_PIT_01_ASEReadCounter.table","NW_015090842.1:10317870",44,94,50
"NIP7","s1324_S_PIT_01_ASEReadCounter.table","NW_015090842.1:10317871",45,94,49
"NIP7","s1324_S_PIT_01_ASEReadCounter.table","NW_015090842.1:10317898",34,70,36
"NIP7","s1324_S_PIT_01_ASEReadCounter.table","NW_015090842.1:10317911",33,61,28
"TMED6","s1324_S_PIT_01_ASEReadCounter.table","NW_015090842.1:10318514",6,7,1
"TMED6","s1324_S_PIT_01_ASEReadCounter.table","NW_015090842.1:10318731",5,5,0
"TERF2","s1324_S_PIT_01_ASEReadCounter.table","NW_015090842.1:10321768",9,20,11
"TERF2","s1324_S_PIT_01_ASEReadCounter.table","NW_015090842.1:10321777",8,19,11
"TERF2","s1324_S_PIT_01_ASEReadCounter.table","NW_015090842.1:10321805",8,20,12
"TERF2","s1324_S_PIT_01_ASEReadCounter.table","NW_015090842.1:10321878",15,33,18
"TERF2","s1324_S_PIT_01_ASEReadCounter.table","NW_015090842.1:10321893",16,32,16
"TERF2","s1324_S_PIT_01_ASEReadCounter.table","NW_015090842.1:10321897",16,31,15
"TERF2","s1324_S_PIT_01_ASEReadCounter.table","NW_015090842.1:10321908",15,30,15
"TERF2","s1324_S_PIT_01_ASEReadCounter.table","NW_015090842.1:10322001",19,56,37
"TERF2","s1324_S_PIT_01_ASEReadCounter.table","NW_015090842.1:10322035",14,48,34
"TERF2","s1324_S_PIT_01_ASEReadCounter.table","NW_015090842.1:10322051",15,53,38
"TERF2","s1324_S_PIT_01_ASEReadCounter.table","NW_015090842.1:10322137",8,38,30
"TERF2","s1324_S_PIT_01_ASEReadCounter.table","NW_015090842.1:10322144",9,37,28
"TERF2","s1324_S_PIT_01_ASEReadCounter.table","NW_015090842.1:10322388",9,38,29
"TERF2","s1324_S_PIT_01_ASEReadCounter.table","NW_015090842.1:10322396",9,40,31
"TERF2","s1324_S_PIT_01_ASEReadCounter.table","NW_015090842.1:10322502",19,41,22
"TERF2","s1324_S_PIT_01_ASEReadCounter.table","NW_015090842.1:10322504",20,43,23
"TERF2","s1324_S_PIT_01_ASEReadCounter.table","NW_015090842.1:10322510",19,41,22
"TERF2","s1324_S_PIT_01_ASEReadCounter.table","NW_015090842.1:10323580",16,40,24
"TERF2","s1324_S_PIT_01_ASEReadCounter.table","NW_015090842.1:10324314",9,37,28
"TERF2","s1324_S_PIT_01_ASEReadCounter.table","NW_015090842.1:10326832",13,24,11
"TERF2","s1324_S_PIT_01_ASEReadCounter.table","NW_015090842.1:10327787",5,22,17
"TERF2","s1324_S_PIT_01_ASEReadCounter.table","NW_015090842.1:10328588",7,24,17
"TERF2","s1324_S_PIT_01_ASEReadCounter.table","NW_015090842.1:10328644",5,19,14
"TERF2","s1324_S_PIT_01_ASEReadCounter.table","NW_015090842.1:10329813",7,20,13
"TERF2","s1324_S_PIT_01_ASEReadCounter.table","NW_015090842.1:10330749",4,22,18
"TERF2","s1324_S_PIT_01_ASEReadCounter.table","NW_015090842.1:10330789",7,22,15
"CYB5B","s1324_S_PIT_01_ASEReadCounter.table","NW_015090842.1:10336595",5,17,12
"CYB5B","s1324_S_PIT_01_ASEReadCounter.table","NW_015090842.1:10336667",56,137,81
"CYB5B","s1324_S_PIT_01_ASEReadCounter.table","NW_015090842.1:10336689",100,222,122
"CYB5B","s1324_S_PIT_01_ASEReadCounter.table","NW_015090842.1:10336728",143,314,171
"CYB5B","s1324_S_PIT_01_ASEReadCounter.table","NW_015090842.1:10345068",138,302,164
"CYB5B","s1324_S_PIT_01_ASEReadCounter.table","NW_015090842.1:10348800",170,368,198
"CYB5B","s1324_S_PIT_01_ASEReadCounter.table","NW_015090842.1:10349046",122,264,142
"CYB5B","s1324_S_PIT_01_ASEReadCounter.table","NW_015090842.1:10349119",67,197,130
"CYB5B","s1324_S_PIT_01_ASEReadCounter.table","NW_015090842.1:10349146",46,173,127
"CYB5B","s1324_S_PIT_01_ASEReadCounter.table","NW_015090842.1:10349157",61,184,123
"CYB5B","s1324_S_PIT_01_ASEReadCounter.table","NW_015090842.1:10349263",169,169,0
