"gene","id","snp","ref_count","total_count","alt_count"
"CENPN","s1324_S_TNA_03_ASEReadCounter.table","NW_015090842.1:5801612",0,1,1
"CENPN","s1324_S_TNA_03_ASEReadCounter.table","NW_015090842.1:5801618",0,1,1
"CENPN","s1324_S_TNA_03_ASEReadCounter.table","NW_015090842.1:5801623",0,1,1
"CENPN","s1324_S_TNA_03_ASEReadCounter.table","NW_015090842.1:5801631",0,1,1
"CENPN","s1324_S_TNA_03_ASEReadCounter.table","NW_015090842.1:5801632",0,1,1
"CENPN","s1324_S_TNA_03_ASEReadCounter.table","NW_015090842.1:5801670",1,1,0
"CENPN","s1324_S_TNA_03_ASEReadCounter.table","NW_015090842.1:5801674",1,1,0
"CENPN","s1324_S_TNA_03_ASEReadCounter.table","NW_015090842.1:5801692",1,1,0
"CENPN","s1324_S_TNA_03_ASEReadCounter.table","NW_015090842.1:5802008",0,4,4
"CENPN","s1324_S_TNA_03_ASEReadCounter.table","NW_015090842.1:5802012",0,4,4
"CENPN","s1324_S_TNA_03_ASEReadCounter.table","NW_015090842.1:5802087",3,7,4
"CENPN","s1324_S_TNA_03_ASEReadCounter.table","NW_015090842.1:5810113",5,5,0
"CENPN","s1324_S_TNA_03_ASEReadCounter.table","NW_015090842.1:5810147",4,4,0
"CENPN","s1324_S_TNA_03_ASEReadCounter.table","NW_015090842.1:5810148",4,4,0
"ATMIN","s1324_S_TNA_03_ASEReadCounter.table","NW_015090842.1:5818789",1,3,2
"ATMIN","s1324_S_TNA_03_ASEReadCounter.table","NW_015090842.1:5819958",2,3,1
"ATMIN","s1324_S_TNA_03_ASEReadCounter.table","NW_015090842.1:5820004",3,6,3
"ATMIN","s1324_S_TNA_03_ASEReadCounter.table","NW_015090842.1:5820217",3,6,3
"ATMIN","s1324_S_TNA_03_ASEReadCounter.table","NW_015090842.1:5820250",3,7,4
"ATMIN","s1324_S_TNA_03_ASEReadCounter.table","NW_015090842.1:5820298",4,9,5
"ATMIN","s1324_S_TNA_03_ASEReadCounter.table","NW_015090842.1:5820417",4,10,6
"ATMIN","s1324_S_TNA_03_ASEReadCounter.table","NW_015090842.1:5820421",3,9,6
"ATMIN","s1324_S_TNA_03_ASEReadCounter.table","NW_015090842.1:5820448",4,9,5
"ATMIN","s1324_S_TNA_03_ASEReadCounter.table","NW_015090842.1:5820457",5,10,5
"ATMIN","s1324_S_TNA_03_ASEReadCounter.table","NW_015090842.1:5820510",4,10,6
"ATMIN","s1324_S_TNA_03_ASEReadCounter.table","NW_015090842.1:5820673",3,5,2
"ATMIN","s1324_S_TNA_03_ASEReadCounter.table","NW_015090842.1:5820754",5,5,0
"ATMIN","s1324_S_TNA_03_ASEReadCounter.table","NW_015090842.1:5820820",1,4,3
"ATMIN","s1324_S_TNA_03_ASEReadCounter.table","NW_015090842.1:5820865",5,10,5
"ATMIN","s1324_S_TNA_03_ASEReadCounter.table","NW_015090842.1:5820889",4,8,4
"ATMIN","s1324_S_TNA_03_ASEReadCounter.table","NW_015090842.1:5820891",4,8,4
"ATMIN","s1324_S_TNA_03_ASEReadCounter.table","NW_015090842.1:5820997",5,7,2
"ATMIN","s1324_S_TNA_03_ASEReadCounter.table","NW_015090842.1:5821063",3,4,1
"ATMIN","s1324_S_TNA_03_ASEReadCounter.table","NW_015090842.1:5821132",2,7,5
"ATMIN","s1324_S_TNA_03_ASEReadCounter.table","NW_015090842.1:5821645",4,13,9
"ATMIN","s1324_S_TNA_03_ASEReadCounter.table","NW_015090842.1:5825066",15,33,18
"ATMIN","s1324_S_TNA_03_ASEReadCounter.table","NW_015090842.1:5825106",14,36,22
"ATMIN","s1324_S_TNA_03_ASEReadCounter.table","NW_015090842.1:5825122",18,36,18
"ATMIN","s1324_S_TNA_03_ASEReadCounter.table","NW_015090842.1:5825178",14,33,19
"ATMIN","s1324_S_TNA_03_ASEReadCounter.table","NW_015090842.1:5825194",14,35,21
"ATMIN","s1324_S_TNA_03_ASEReadCounter.table","NW_015090842.1:5825195",13,34,21
"ATMIN","s1324_S_TNA_03_ASEReadCounter.table","NW_015090842.1:5825220",10,31,21
"ATMIN","s1324_S_TNA_03_ASEReadCounter.table","NW_015090842.1:5825240",9,31,22
"ATMIN","s1324_S_TNA_03_ASEReadCounter.table","NW_015090842.1:5825303",18,44,26
"ATMIN","s1324_S_TNA_03_ASEReadCounter.table","NW_015090842.1:5825304",18,45,27
"ATMIN","s1324_S_TNA_03_ASEReadCounter.table","NW_015090842.1:5825310",18,46,28
"ATMIN","s1324_S_TNA_03_ASEReadCounter.table","NW_015090842.1:5825406",24,46,22
"ATMIN","s1324_S_TNA_03_ASEReadCounter.table","NW_015090842.1:5825415",22,42,20
"ATMIN","s1324_S_TNA_03_ASEReadCounter.table","NW_015090842.1:5825438",24,45,21
"ATMIN","s1324_S_TNA_03_ASEReadCounter.table","NW_015090842.1:5825485",28,45,17
"ATMIN","s1324_S_TNA_03_ASEReadCounter.table","NW_015090842.1:5825524",27,48,21
"ATMIN","s1324_S_TNA_03_ASEReadCounter.table","NW_015090842.1:5825557",18,42,24
"ATMIN","s1324_S_TNA_03_ASEReadCounter.table","NW_015090842.1:5825571",20,43,23
"ATMIN","s1324_S_TNA_03_ASEReadCounter.table","NW_015090842.1:5825579",24,49,25
"ATMIN","s1324_S_TNA_03_ASEReadCounter.table","NW_015090842.1:5825590",21,41,20
"ATMIN","s1324_S_TNA_03_ASEReadCounter.table","NW_015090842.1:5825689",20,46,26
"ATMIN","s1324_S_TNA_03_ASEReadCounter.table","NW_015090842.1:5825703",21,49,28
"ATMIN","s1324_S_TNA_03_ASEReadCounter.table","NW_015090842.1:5825787",24,41,17
"ATMIN","s1324_S_TNA_03_ASEReadCounter.table","NW_015090842.1:5825833",24,42,18
"ATMIN","s1324_S_TNA_03_ASEReadCounter.table","NW_015090842.1:5825841",21,42,21
"ATMIN","s1324_S_TNA_03_ASEReadCounter.table","NW_015090842.1:5825895",23,52,29
"ATMIN","s1324_S_TNA_03_ASEReadCounter.table","NW_015090842.1:5825984",22,53,31
"ATMIN","s1324_S_TNA_03_ASEReadCounter.table","NW_015090842.1:5826162",34,63,29
"ATMIN","s1324_S_TNA_03_ASEReadCounter.table","NW_015090842.1:5826194",34,75,41
"ATMIN","s1324_S_TNA_03_ASEReadCounter.table","NW_015090842.1:5826235",33,73,40
"ATMIN","s1324_S_TNA_03_ASEReadCounter.table","NW_015090842.1:5826245",34,73,39
"ATMIN","s1324_S_TNA_03_ASEReadCounter.table","NW_015090842.1:5826335",15,46,31
"ATMIN","s1324_S_TNA_03_ASEReadCounter.table","NW_015090842.1:5826417",23,56,33
"ATMIN","s1324_S_TNA_03_ASEReadCounter.table","NW_015090842.1:5826431",25,62,37
"ATMIN","s1324_S_TNA_03_ASEReadCounter.table","NW_015090842.1:5826438",27,58,31
"ATMIN","s1324_S_TNA_03_ASEReadCounter.table","NW_015090842.1:5826463",31,68,37
"ATMIN","s1324_S_TNA_03_ASEReadCounter.table","NW_015090842.1:5826502",29,66,37
"ATMIN","s1324_S_TNA_03_ASEReadCounter.table","NW_015090842.1:5826511",30,71,41
"ATMIN","s1324_S_TNA_03_ASEReadCounter.table","NW_015090842.1:5826659",17,48,31
"ATMIN","s1324_S_TNA_03_ASEReadCounter.table","NW_015090842.1:5826701",27,64,37
"ATMIN","s1324_S_TNA_03_ASEReadCounter.table","NW_015090842.1:5826702",28,64,36
"ATMIN","s1324_S_TNA_03_ASEReadCounter.table","NW_015090842.1:5826732",38,79,41
"ATMIN","s1324_S_TNA_03_ASEReadCounter.table","NW_015090842.1:5826745",39,79,40
"ATMIN","s1324_S_TNA_03_ASEReadCounter.table","NW_015090842.1:5826835",34,70,36
"ATMIN","s1324_S_TNA_03_ASEReadCounter.table","NW_015090842.1:5826910",35,75,40
"ATMIN","s1324_S_TNA_03_ASEReadCounter.table","NW_015090842.1:5826942",34,88,54
"ATMIN","s1324_S_TNA_03_ASEReadCounter.table","NW_015090842.1:5827193",58,114,56
"ATMIN","s1324_S_TNA_03_ASEReadCounter.table","NW_015090842.1:5827196",60,116,56
"ATMIN","s1324_S_TNA_03_ASEReadCounter.table","NW_015090842.1:5827269",68,116,48
"ATMIN","s1324_S_TNA_03_ASEReadCounter.table","NW_015090842.1:5827315",46,86,40
"ATMIN","s1324_S_TNA_03_ASEReadCounter.table","NW_015090842.1:5827316",47,87,40
"ATMIN","s1324_S_TNA_03_ASEReadCounter.table","NW_015090842.1:5827333",49,90,41
"PPP1R3E","s1324_S_TNA_03_ASEReadCounter.table","NW_015090842.1:5837733",7,8,1
"PPP1R3E","s1324_S_TNA_03_ASEReadCounter.table","NW_015090842.1:5837947",7,7,0
"PKD1L2","s1324_S_TNA_03_ASEReadCounter.table","NW_015090842.1:5867509",0,2,2
"PKD1L2","s1324_S_TNA_03_ASEReadCounter.table","NW_015090842.1:5867597",1,1,0
"PKD1L2","s1324_S_TNA_03_ASEReadCounter.table","NW_015090842.1:5867600",1,1,0
"PKD1L2","s1324_S_TNA_03_ASEReadCounter.table","NW_015090842.1:5867660",1,1,0
"PKD1L2","s1324_S_TNA_03_ASEReadCounter.table","NW_015090842.1:5867675",1,1,0
"PKD1L2","s1324_S_TNA_03_ASEReadCounter.table","NW_015090842.1:5867788",1,2,1
"PKD1L2","s1324_S_TNA_03_ASEReadCounter.table","NW_015090842.1:5867843",3,3,0
"BCO1","s1324_S_TNA_03_ASEReadCounter.table","NW_015090842.1:5915610",1,1,0
"BCO1","s1324_S_TNA_03_ASEReadCounter.table","NW_015090842.1:5915646",1,1,0
"BCO1","s1324_S_TNA_03_ASEReadCounter.table","NW_015090842.1:5917836",1,1,0
"BCO1","s1324_S_TNA_03_ASEReadCounter.table","NW_015090842.1:5917912",3,4,1
"BCO1","s1324_S_TNA_03_ASEReadCounter.table","NW_015090842.1:5917941",3,5,2
"BCO1","s1324_S_TNA_03_ASEReadCounter.table","NW_015090842.1:5917971",3,4,1
"BCO1","s1324_S_TNA_03_ASEReadCounter.table","NW_015090842.1:5921679",3,4,1
"BCO1","s1324_S_TNA_03_ASEReadCounter.table","NW_015090842.1:5921726",3,3,0
"BCO1","s1324_S_TNA_03_ASEReadCounter.table","NW_015090842.1:5925669",1,1,0
"BCO1","s1324_S_TNA_03_ASEReadCounter.table","NW_015090842.1:5925753",4,6,2
"BCO1","s1324_S_TNA_03_ASEReadCounter.table","NW_015090842.1:5926937",6,7,1
"BCO1","s1324_S_TNA_03_ASEReadCounter.table","NW_015090842.1:5927921",2,4,2
"BCO1","s1324_S_TNA_03_ASEReadCounter.table","NW_015090842.1:5927948",1,2,1
"BCO1","s1324_S_TNA_03_ASEReadCounter.table","NW_015090842.1:5927968",1,1,0
"BCO1","s1324_S_TNA_03_ASEReadCounter.table","NW_015090842.1:5928052",3,3,0
"BCO1","s1324_S_TNA_03_ASEReadCounter.table","NW_015090842.1:5932726",6,7,1
"BCO1","s1324_S_TNA_03_ASEReadCounter.table","NW_015090842.1:5932801",3,3,0
"BCO1","s1324_S_TNA_03_ASEReadCounter.table","NW_015090842.1:5934558",10,13,3
"BCO1","s1324_S_TNA_03_ASEReadCounter.table","NW_015090842.1:5934575",11,14,3
"BCO1","s1324_S_TNA_03_ASEReadCounter.table","NW_015090842.1:5934608",10,12,2
"BCO1","s1324_S_TNA_03_ASEReadCounter.table","NW_015090842.1:5934647",8,11,3
"BCO1","s1324_S_TNA_03_ASEReadCounter.table","NW_015090842.1:5934725",6,8,2
"BCO1","s1324_S_TNA_03_ASEReadCounter.table","NW_015090842.1:5934726",6,9,3
"BCO1","s1324_S_TNA_03_ASEReadCounter.table","NW_015090842.1:5934733",6,9,3
"BCO1","s1324_S_TNA_03_ASEReadCounter.table","NW_015090842.1:5934821",4,8,4
"BCO1","s1324_S_TNA_03_ASEReadCounter.table","NW_015090842.1:5934826",5,9,4
"BCO1","s1324_S_TNA_03_ASEReadCounter.table","NW_015090842.1:5934844",3,5,2
"BCO1","s1324_S_TNA_03_ASEReadCounter.table","NW_015090842.1:5934958",5,7,2
"BCO1","s1324_S_TNA_03_ASEReadCounter.table","NW_015090842.1:5934976",5,6,1
"GAN","s1324_S_TNA_03_ASEReadCounter.table","NW_015090842.1:5953759",7,19,12
"GAN","s1324_S_TNA_03_ASEReadCounter.table","NW_015090842.1:5957502",11,31,20
"GAN","s1324_S_TNA_03_ASEReadCounter.table","NW_015090842.1:5957578",16,42,26
"GAN","s1324_S_TNA_03_ASEReadCounter.table","NW_015090842.1:5965028",12,52,40
"GAN","s1324_S_TNA_03_ASEReadCounter.table","NW_015090842.1:5966047",14,52,38
"GAN","s1324_S_TNA_03_ASEReadCounter.table","NW_015090842.1:5966126",6,43,37
"GAN","s1324_S_TNA_03_ASEReadCounter.table","NW_015090842.1:5966127",6,44,38
"GAN","s1324_S_TNA_03_ASEReadCounter.table","NW_015090842.1:5966162",13,54,41
"GAN","s1324_S_TNA_03_ASEReadCounter.table","NW_015090842.1:5966483",50,94,44
"CMIP","s1324_S_TNA_03_ASEReadCounter.table","NW_015090842.1:6109159",22,33,11
"CMIP","s1324_S_TNA_03_ASEReadCounter.table","NW_015090842.1:6109166",21,32,11
"CMIP","s1324_S_TNA_03_ASEReadCounter.table","NW_015090842.1:6114641",23,41,18
"CMIP","s1324_S_TNA_03_ASEReadCounter.table","NW_015090842.1:6114751",26,41,15
"CMIP","s1324_S_TNA_03_ASEReadCounter.table","NW_015090842.1:6114824",21,45,24
"CMIP","s1324_S_TNA_03_ASEReadCounter.table","NW_015090842.1:6128998",48,85,37
"CMIP","s1324_S_TNA_03_ASEReadCounter.table","NW_015090842.1:6130562",66,145,79
"CMIP","s1324_S_TNA_03_ASEReadCounter.table","NW_015090842.1:6132522",40,99,59
"CMIP","s1324_S_TNA_03_ASEReadCounter.table","NW_015090842.1:6134088",50,114,64
"CMIP","s1324_S_TNA_03_ASEReadCounter.table","NW_015090842.1:6138265",89,229,140
"CMIP","s1324_S_TNA_03_ASEReadCounter.table","NW_015090842.1:6138300",101,245,144
"CMIP","s1324_S_TNA_03_ASEReadCounter.table","NW_015090842.1:6138342",90,199,109
"CMIP","s1324_S_TNA_03_ASEReadCounter.table","NW_015090842.1:6138343",93,205,112
"CMIP","s1324_S_TNA_03_ASEReadCounter.table","NW_015090842.1:6138345",92,197,105
"CMIP","s1324_S_TNA_03_ASEReadCounter.table","NW_015090842.1:6138647",69,133,64
"CMIP","s1324_S_TNA_03_ASEReadCounter.table","NW_015090842.1:6138745",83,148,65
"CMIP","s1324_S_TNA_03_ASEReadCounter.table","NW_015090842.1:6138832",14,63,49
"CMIP","s1324_S_TNA_03_ASEReadCounter.table","NW_015090842.1:6138967",70,159,89
"CMIP","s1324_S_TNA_03_ASEReadCounter.table","NW_015090842.1:6139131",52,96,44
"CMIP","s1324_S_TNA_03_ASEReadCounter.table","NW_015090842.1:6139163",28,70,42
"CMIP","s1324_S_TNA_03_ASEReadCounter.table","NW_015090842.1:6139360",30,43,13
"CMIP","s1324_S_TNA_03_ASEReadCounter.table","NW_015090842.1:6139572",26,46,20
"CMIP","s1324_S_TNA_03_ASEReadCounter.table","NW_015090842.1:6139773",70,70,0
"PLCG2","s1324_S_TNA_03_ASEReadCounter.table","NW_015090842.1:6179613",1,2,1
"PLCG2","s1324_S_TNA_03_ASEReadCounter.table","NW_015090842.1:6179658",2,4,2
"PLCG2","s1324_S_TNA_03_ASEReadCounter.table","NW_015090842.1:6203766",1,1,0
"PLCG2","s1324_S_TNA_03_ASEReadCounter.table","NW_015090842.1:6203775",1,2,1
"PLCG2","s1324_S_TNA_03_ASEReadCounter.table","NW_015090842.1:6203787",1,2,1
"PLCG2","s1324_S_TNA_03_ASEReadCounter.table","NW_015090842.1:6205047",1,5,4
"PLCG2","s1324_S_TNA_03_ASEReadCounter.table","NW_015090842.1:6208541",0,4,4
"PLCG2","s1324_S_TNA_03_ASEReadCounter.table","NW_015090842.1:6209741",0,1,1
"PLCG2","s1324_S_TNA_03_ASEReadCounter.table","NW_015090842.1:6209798",0,2,2
"PLCG2","s1324_S_TNA_03_ASEReadCounter.table","NW_015090842.1:6209816",0,1,1
"PLCG2","s1324_S_TNA_03_ASEReadCounter.table","NW_015090842.1:6217547",1,4,3
"PLCG2","s1324_S_TNA_03_ASEReadCounter.table","NW_015090842.1:6218641",2,3,1
"PLCG2","s1324_S_TNA_03_ASEReadCounter.table","NW_015090842.1:6220552",1,1,0
"PLCG2","s1324_S_TNA_03_ASEReadCounter.table","NW_015090842.1:6221969",1,4,3
"PLCG2","s1324_S_TNA_03_ASEReadCounter.table","NW_015090842.1:6228672",0,5,5
"PLCG2","s1324_S_TNA_03_ASEReadCounter.table","NW_015090842.1:6228694",0,5,5
"PLCG2","s1324_S_TNA_03_ASEReadCounter.table","NW_015090842.1:6228722",0,5,5
"PLCG2","s1324_S_TNA_03_ASEReadCounter.table","NW_015090842.1:6228747",0,4,4
"PLCG2","s1324_S_TNA_03_ASEReadCounter.table","NW_015090842.1:6228835",0,3,3
"PLCG2","s1324_S_TNA_03_ASEReadCounter.table","NW_015090842.1:6228841",0,2,2
"PLCG2","s1324_S_TNA_03_ASEReadCounter.table","NW_015090842.1:6228865",0,2,2
"PLCG2","s1324_S_TNA_03_ASEReadCounter.table","NW_015090842.1:6228917",0,4,4
"PLCG2","s1324_S_TNA_03_ASEReadCounter.table","NW_015090842.1:6228926",0,4,4
"PLCG2","s1324_S_TNA_03_ASEReadCounter.table","NW_015090842.1:6228954",1,5,4
"PLCG2","s1324_S_TNA_03_ASEReadCounter.table","NW_015090842.1:6229002",1,4,3
"PLCG2","s1324_S_TNA_03_ASEReadCounter.table","NW_015090842.1:6229006",1,4,3
"PLCG2","s1324_S_TNA_03_ASEReadCounter.table","NW_015090842.1:6229081",0,1,1
"PLCG2","s1324_S_TNA_03_ASEReadCounter.table","NW_015090842.1:6229160",0,1,1
"PLCG2","s1324_S_TNA_03_ASEReadCounter.table","NW_015090842.1:6229213",1,2,1
"PLCG2","s1324_S_TNA_03_ASEReadCounter.table","NW_015090842.1:6229231",1,3,2
"PLCG2","s1324_S_TNA_03_ASEReadCounter.table","NW_015090842.1:6229663",1,1,0
"PLCG2","s1324_S_TNA_03_ASEReadCounter.table","NW_015090842.1:6229748",1,2,1
"PLCG2","s1324_S_TNA_03_ASEReadCounter.table","NW_015090842.1:6229892",0,2,2
"PLCG2","s1324_S_TNA_03_ASEReadCounter.table","NW_015090842.1:6230248",2,4,2
"PLCG2","s1324_S_TNA_03_ASEReadCounter.table","NW_015090842.1:6230255",2,4,2
"PLCG2","s1324_S_TNA_03_ASEReadCounter.table","NW_015090842.1:6230296",1,3,2
"PLCG2","s1324_S_TNA_03_ASEReadCounter.table","NW_015090842.1:6230349",0,2,2
"PLCG2","s1324_S_TNA_03_ASEReadCounter.table","NW_015090842.1:6230381",0,1,1
"PLCG2","s1324_S_TNA_03_ASEReadCounter.table","NW_015090842.1:6230408",0,1,1
"PLCG2","s1324_S_TNA_03_ASEReadCounter.table","NW_015090842.1:6230439",1,1,0
"PLCG2","s1324_S_TNA_03_ASEReadCounter.table","NW_015090842.1:6230757",0,1,1
"PLCG2","s1324_S_TNA_03_ASEReadCounter.table","NW_015090842.1:6230758",0,1,1
"PLCG2","s1324_S_TNA_03_ASEReadCounter.table","NW_015090842.1:6230898",1,1,0
"PLCG2","s1324_S_TNA_03_ASEReadCounter.table","NW_015090842.1:6231078",2,3,1
"PLCG2","s1324_S_TNA_03_ASEReadCounter.table","NW_015090842.1:6231138",3,3,0
"PLCG2","s1324_S_TNA_03_ASEReadCounter.table","NW_015090842.1:6231177",2,2,0
"PLCG2","s1324_S_TNA_03_ASEReadCounter.table","NW_015090842.1:6231263",3,3,0
"PLCG2","s1324_S_TNA_03_ASEReadCounter.table","NW_015090842.1:6231309",2,2,0
"SDR42E1","s1324_S_TNA_03_ASEReadCounter.table","NW_015090842.1:6235315",1,3,2
"SDR42E1","s1324_S_TNA_03_ASEReadCounter.table","NW_015090842.1:6235348",1,5,4
"SDR42E1","s1324_S_TNA_03_ASEReadCounter.table","NW_015090842.1:6235355",2,7,5
"SDR42E1","s1324_S_TNA_03_ASEReadCounter.table","NW_015090842.1:6235417",2,5,3
"SDR42E1","s1324_S_TNA_03_ASEReadCounter.table","NW_015090842.1:6235526",10,10,0
"SDR42E1","s1324_S_TNA_03_ASEReadCounter.table","NW_015090842.1:6235558",0,9,9
"SDR42E1","s1324_S_TNA_03_ASEReadCounter.table","NW_015090842.1:6235603",11,11,0
"SDR42E1","s1324_S_TNA_03_ASEReadCounter.table","NW_015090842.1:6235741",4,10,6
"SDR42E1","s1324_S_TNA_03_ASEReadCounter.table","NW_015090842.1:6235777",2,6,4
"SDR42E1","s1324_S_TNA_03_ASEReadCounter.table","NW_015090842.1:6235806",1,5,4
"SDR42E1","s1324_S_TNA_03_ASEReadCounter.table","NW_015090842.1:6235809",1,6,5
"SDR42E1","s1324_S_TNA_03_ASEReadCounter.table","NW_015090842.1:6235816",1,6,5
"SDR42E1","s1324_S_TNA_03_ASEReadCounter.table","NW_015090842.1:6235914",1,6,5
"SDR42E1","s1324_S_TNA_03_ASEReadCounter.table","NW_015090842.1:6235935",2,8,6
"SDR42E1","s1324_S_TNA_03_ASEReadCounter.table","NW_015090842.1:6235957",2,9,7
"SDR42E1","s1324_S_TNA_03_ASEReadCounter.table","NW_015090842.1:6236040",0,3,3
"SDR42E1","s1324_S_TNA_03_ASEReadCounter.table","NW_015090842.1:6236260",0,6,6
"SDR42E1","s1324_S_TNA_03_ASEReadCounter.table","NW_015090842.1:6236281",0,6,6
"SDR42E1","s1324_S_TNA_03_ASEReadCounter.table","NW_015090842.1:6236305",1,6,5
"SDR42E1","s1324_S_TNA_03_ASEReadCounter.table","NW_015090842.1:6236458",2,4,2
"SDR42E1","s1324_S_TNA_03_ASEReadCounter.table","NW_015090842.1:6236476",2,5,3
"SDR42E1","s1324_S_TNA_03_ASEReadCounter.table","NW_015090842.1:6236608",0,6,6
"SDR42E1","s1324_S_TNA_03_ASEReadCounter.table","NW_015090842.1:6238244",2,6,4
"SDR42E1","s1324_S_TNA_03_ASEReadCounter.table","NW_015090842.1:6238829",0,5,5
"HSD17B2","s1324_S_TNA_03_ASEReadCounter.table","NW_015090842.1:6267273",1,1,0
"HSD17B2","s1324_S_TNA_03_ASEReadCounter.table","NW_015090842.1:6267358",0,2,2
"HSD17B2","s1324_S_TNA_03_ASEReadCounter.table","NW_015090842.1:6267913",1,1,0
"ARY2","s1324_S_TNA_03_ASEReadCounter.table","NW_015090842.1:6303922",3,6,3
"ARY2","s1324_S_TNA_03_ASEReadCounter.table","NW_015090842.1:6303954",3,7,4
"ARY2","s1324_S_TNA_03_ASEReadCounter.table","NW_015090842.1:6303979",2,6,4
"ARY2","s1324_S_TNA_03_ASEReadCounter.table","NW_015090842.1:6305848",6,11,5
"ARY2","s1324_S_TNA_03_ASEReadCounter.table","NW_015090842.1:6305856",6,12,6
"ARY2","s1324_S_TNA_03_ASEReadCounter.table","NW_015090842.1:6305857",6,11,5
"ARY2","s1324_S_TNA_03_ASEReadCounter.table","NW_015090842.1:6306017",4,12,8
"ARY2","s1324_S_TNA_03_ASEReadCounter.table","NW_015090842.1:6306052",6,14,8
"ARY2","s1324_S_TNA_03_ASEReadCounter.table","NW_015090842.1:6306094",8,21,13
"ARY2","s1324_S_TNA_03_ASEReadCounter.table","NW_015090842.1:6306100",8,21,13
"ARY2","s1324_S_TNA_03_ASEReadCounter.table","NW_015090842.1:6306146",8,22,14
"ARY2","s1324_S_TNA_03_ASEReadCounter.table","NW_015090842.1:6306147",8,22,14
"ARY2","s1324_S_TNA_03_ASEReadCounter.table","NW_015090842.1:6306390",10,24,14
"ARY2","s1324_S_TNA_03_ASEReadCounter.table","NW_015090842.1:6306567",8,13,5
"ARY2","s1324_S_TNA_03_ASEReadCounter.table","NW_015090842.1:6306705",9,12,3
"ARY2","s1324_S_TNA_03_ASEReadCounter.table","NW_015090842.1:6306713",12,12,0
"ARY2","s1324_S_TNA_03_ASEReadCounter.table","NW_015090842.1:6306773",10,12,2
"ARY2","s1324_S_TNA_03_ASEReadCounter.table","NW_015090842.1:6307039",11,16,5
"ARY2","s1324_S_TNA_03_ASEReadCounter.table","NW_015090842.1:6307043",10,14,4
"ARY2","s1324_S_TNA_03_ASEReadCounter.table","NW_015090842.1:6307093",8,12,4
"ARY2","s1324_S_TNA_03_ASEReadCounter.table","NW_015090842.1:6307138",7,13,6
"ARY2","s1324_S_TNA_03_ASEReadCounter.table","NW_015090842.1:6307157",8,14,6
"ARY2","s1324_S_TNA_03_ASEReadCounter.table","NW_015090842.1:6307187",8,13,5
"ARY2","s1324_S_TNA_03_ASEReadCounter.table","NW_015090842.1:6307278",9,13,4
"ARY2","s1324_S_TNA_03_ASEReadCounter.table","NW_015090842.1:6307305",10,13,3
"ARY2","s1324_S_TNA_03_ASEReadCounter.table","NW_015090842.1:6307318",10,12,2
"ARY2","s1324_S_TNA_03_ASEReadCounter.table","NW_015090842.1:6307429",15,20,5
"ARY2","s1324_S_TNA_03_ASEReadCounter.table","NW_015090842.1:6307487",10,17,7
"ARY2","s1324_S_TNA_03_ASEReadCounter.table","NW_015090842.1:6307670",9,11,2
"ARYL","s1324_S_TNA_03_ASEReadCounter.table","NW_015090842.1:6313360",3,4,1
"ARYL","s1324_S_TNA_03_ASEReadCounter.table","NW_015090842.1:6313377",4,5,1
"ARYL","s1324_S_TNA_03_ASEReadCounter.table","NW_015090842.1:6313767",9,10,1
"ARY1","s1324_S_TNA_03_ASEReadCounter.table","NW_015090842.1:6313909",6,6,0
"ARY1","s1324_S_TNA_03_ASEReadCounter.table","NW_015090842.1:6314296",5,6,1
"ARY1","s1324_S_TNA_03_ASEReadCounter.table","NW_015090842.1:6314541",3,4,1
"ARY1","s1324_S_TNA_03_ASEReadCounter.table","NW_015090842.1:6314597",2,3,1
"ARY1","s1324_S_TNA_03_ASEReadCounter.table","NW_015090842.1:6314750",3,3,0
"ARY1","s1324_S_TNA_03_ASEReadCounter.table","NW_015090842.1:6314794",5,9,4
"ARY1","s1324_S_TNA_03_ASEReadCounter.table","NW_015090842.1:6314827",5,10,5
"ARY1","s1324_S_TNA_03_ASEReadCounter.table","NW_015090842.1:6314843",5,11,6
"ARY1","s1324_S_TNA_03_ASEReadCounter.table","NW_015090842.1:6314859",6,12,6
"ARY1","s1324_S_TNA_03_ASEReadCounter.table","NW_015090842.1:6314886",7,15,8
"ARY1","s1324_S_TNA_03_ASEReadCounter.table","NW_015090842.1:6314943",17,17,0
"ARY1","s1324_S_TNA_03_ASEReadCounter.table","NW_015090842.1:6314949",18,18,0
"ARY1","s1324_S_TNA_03_ASEReadCounter.table","NW_015090842.1:6315022",4,11,7
"ARY1","s1324_S_TNA_03_ASEReadCounter.table","NW_015090842.1:6315026",5,12,7
"ARY1","s1324_S_TNA_03_ASEReadCounter.table","NW_015090842.1:6315043",4,12,8
"ARY1","s1324_S_TNA_03_ASEReadCounter.table","NW_015090842.1:6315065",2,8,6
"ARY1","s1324_S_TNA_03_ASEReadCounter.table","NW_015090842.1:6315409",10,14,4
"ARY1","s1324_S_TNA_03_ASEReadCounter.table","NW_015090842.1:6315479",12,14,2
"ARY1","s1324_S_TNA_03_ASEReadCounter.table","NW_015090842.1:6318342",20,23,3
"ARY1","s1324_S_TNA_03_ASEReadCounter.table","NW_015090842.1:6318427",12,19,7
"ARY1","s1324_S_TNA_03_ASEReadCounter.table","NW_015090842.1:6318603",6,17,11
"ARY1","s1324_S_TNA_03_ASEReadCounter.table","NW_015090842.1:6318708",13,20,7
"ARY1","s1324_S_TNA_03_ASEReadCounter.table","NW_015090842.1:6318858",17,22,5
"ARY1","s1324_S_TNA_03_ASEReadCounter.table","NW_015090842.1:6318952",20,27,7
"MPHOSPH6","s1324_S_TNA_03_ASEReadCounter.table","NW_015090842.1:6324063",34,90,56
"MPHOSPH6","s1324_S_TNA_03_ASEReadCounter.table","NW_015090842.1:6324174",77,188,111
"MPHOSPH6","s1324_S_TNA_03_ASEReadCounter.table","NW_015090842.1:6324270",108,239,131
"MPHOSPH6","s1324_S_TNA_03_ASEReadCounter.table","NW_015090842.1:6324762",90,180,90
"MPHOSPH6","s1324_S_TNA_03_ASEReadCounter.table","NW_015090842.1:6324772",86,170,84
"MPHOSPH6","s1324_S_TNA_03_ASEReadCounter.table","NW_015090842.1:6324780",83,165,82
"MPHOSPH6","s1324_S_TNA_03_ASEReadCounter.table","NW_015090842.1:6324902",85,200,115
"MPHOSPH6","s1324_S_TNA_03_ASEReadCounter.table","NW_015090842.1:6324910",204,204,0
"MPHOSPH6","s1324_S_TNA_03_ASEReadCounter.table","NW_015090842.1:6325066",76,188,112
"MPHOSPH6","s1324_S_TNA_03_ASEReadCounter.table","NW_015090842.1:6325089",87,216,129
"MPHOSPH6","s1324_S_TNA_03_ASEReadCounter.table","NW_015090842.1:6325298",134,280,146
"MPHOSPH6","s1324_S_TNA_03_ASEReadCounter.table","NW_015090842.1:6325877",115,229,114
"MPHOSPH6","s1324_S_TNA_03_ASEReadCounter.table","NW_015090842.1:6326976",74,163,89
"CDH13","s1324_S_TNA_03_ASEReadCounter.table","NW_015090842.1:6662283",4,8,4
"CDH13","s1324_S_TNA_03_ASEReadCounter.table","NW_015090842.1:6693665",2,10,8
"CDH13","s1324_S_TNA_03_ASEReadCounter.table","NW_015090842.1:6693697",2,11,9
"CDH13","s1324_S_TNA_03_ASEReadCounter.table","NW_015090842.1:6693712",2,11,9
"CDH13","s1324_S_TNA_03_ASEReadCounter.table","NW_015090842.1:6693723",2,10,8
"CDH13","s1324_S_TNA_03_ASEReadCounter.table","NW_015090842.1:6693738",3,12,9
"CDH13","s1324_S_TNA_03_ASEReadCounter.table","NW_015090842.1:6823730",3,11,8
"CDH13","s1324_S_TNA_03_ASEReadCounter.table","NW_015090842.1:6889713",5,13,8
"CDH13","s1324_S_TNA_03_ASEReadCounter.table","NW_015090842.1:6955167",11,18,7
"MLYCD","s1324_S_TNA_03_ASEReadCounter.table","NW_015090842.1:7150054",51,117,66
"MLYCD","s1324_S_TNA_03_ASEReadCounter.table","NW_015090842.1:7150131",104,210,106
"MLYCD","s1324_S_TNA_03_ASEReadCounter.table","NW_015090842.1:7150585",88,151,63
"MLYCD","s1324_S_TNA_03_ASEReadCounter.table","NW_015090842.1:7150686",51,101,50
"MLYCD","s1324_S_TNA_03_ASEReadCounter.table","NW_015090842.1:7150696",57,112,55
"MLYCD","s1324_S_TNA_03_ASEReadCounter.table","NW_015090842.1:7150698",109,109,0
"MLYCD","s1324_S_TNA_03_ASEReadCounter.table","NW_015090842.1:7150869",70,121,51
"MLYCD","s1324_S_TNA_03_ASEReadCounter.table","NW_015090842.1:7151100",73,146,73
"MLYCD","s1324_S_TNA_03_ASEReadCounter.table","NW_015090842.1:7151127",61,132,71
"MLYCD","s1324_S_TNA_03_ASEReadCounter.table","NW_015090842.1:7157538",48,90,42
"MLYCD","s1324_S_TNA_03_ASEReadCounter.table","NW_015090842.1:7167662",16,39,23
"MLYCD","s1324_S_TNA_03_ASEReadCounter.table","NW_015090842.1:7167675",18,37,19
"MLYCD","s1324_S_TNA_03_ASEReadCounter.table","NW_015090842.1:7167710",19,34,15
"MLYCD","s1324_S_TNA_03_ASEReadCounter.table","NW_015090842.1:7167781",13,27,14
"MLYCD","s1324_S_TNA_03_ASEReadCounter.table","NW_015090842.1:7167803",6,20,14
"MLYCD","s1324_S_TNA_03_ASEReadCounter.table","NW_015090842.1:7167812",6,21,15
"MLYCD","s1324_S_TNA_03_ASEReadCounter.table","NW_015090842.1:7167845",7,22,15
"MLYCD","s1324_S_TNA_03_ASEReadCounter.table","NW_015090842.1:7167862",8,21,13
"MLYCD","s1324_S_TNA_03_ASEReadCounter.table","NW_015090842.1:7167929",7,16,9
"MLYCD","s1324_S_TNA_03_ASEReadCounter.table","NW_015090842.1:7167995",5,13,8
"MLYCD","s1324_S_TNA_03_ASEReadCounter.table","NW_015090842.1:7168005",7,14,7
"MLYCD","s1324_S_TNA_03_ASEReadCounter.table","NW_015090842.1:7168037",5,15,10
"HSBP1","s1324_S_TNA_03_ASEReadCounter.table","NW_015090842.1:7245192",517,879,362
"HSBP1","s1324_S_TNA_03_ASEReadCounter.table","NW_015090842.1:7245226",598,1035,437
"HSBP1","s1324_S_TNA_03_ASEReadCounter.table","NW_015090842.1:7245257",487,869,382
"HSBP1","s1324_S_TNA_03_ASEReadCounter.table","NW_015090842.1:7245296",429,845,416
"HSBP1","s1324_S_TNA_03_ASEReadCounter.table","NW_015090842.1:7245389",667,1155,488
"HSBP1","s1324_S_TNA_03_ASEReadCounter.table","NW_015090842.1:7245400",676,1109,433
"HSBP1","s1324_S_TNA_03_ASEReadCounter.table","NW_015090842.1:7245445",605,1022,417
"HSBP1","s1324_S_TNA_03_ASEReadCounter.table","NW_015090842.1:7245495",567,976,409
"HSBP1","s1324_S_TNA_03_ASEReadCounter.table","NW_015090842.1:7245515",665,1098,433
"HSBP1","s1324_S_TNA_03_ASEReadCounter.table","NW_015090842.1:7245733",383,719,336
"HSBP1","s1324_S_TNA_03_ASEReadCounter.table","NW_015090842.1:7245771",408,714,306
"HSBP1","s1324_S_TNA_03_ASEReadCounter.table","NW_015090842.1:7245813",414,686,272
"HSBP1","s1324_S_TNA_03_ASEReadCounter.table","NW_015090842.1:7245926",462,802,340
"HSBP1","s1324_S_TNA_03_ASEReadCounter.table","NW_015090842.1:7245927",462,800,338
"HSBP1","s1324_S_TNA_03_ASEReadCounter.table","NW_015090842.1:7245933",472,797,325
"HSBP1","s1324_S_TNA_03_ASEReadCounter.table","NW_015090842.1:7246002",333,644,311
"HSBP1","s1324_S_TNA_03_ASEReadCounter.table","NW_015090842.1:7246094",420,718,298
"HSBP1","s1324_S_TNA_03_ASEReadCounter.table","NW_015090842.1:7246167",418,697,279
"HSBP1","s1324_S_TNA_03_ASEReadCounter.table","NW_015090842.1:7246183",406,696,290
"HSBP1","s1324_S_TNA_03_ASEReadCounter.table","NW_015090842.1:7247285",32,47,15
"HSBP1","s1324_S_TNA_03_ASEReadCounter.table","NW_015090842.1:7247651",396,792,396
"HSBP1","s1324_S_TNA_03_ASEReadCounter.table","NW_015090842.1:7247657",384,803,419
"HSBP1","s1324_S_TNA_03_ASEReadCounter.table","NW_015090842.1:7248520",329,586,257
"HSBP1","s1324_S_TNA_03_ASEReadCounter.table","NW_015090842.1:7248535",270,485,215
"KCNG4","s1324_S_TNA_03_ASEReadCounter.table","NW_015090842.1:7282481",5,9,4
"KCNG4","s1324_S_TNA_03_ASEReadCounter.table","NW_015090842.1:7282500",3,5,2
"KCNG4","s1324_S_TNA_03_ASEReadCounter.table","NW_015090842.1:7282542",4,8,4
"KCNG4","s1324_S_TNA_03_ASEReadCounter.table","NW_015090842.1:7282579",10,14,4
"KCNG4","s1324_S_TNA_03_ASEReadCounter.table","NW_015090842.1:7282630",12,14,2
"KCNG4","s1324_S_TNA_03_ASEReadCounter.table","NW_015090842.1:7282760",7,11,4
"KCNG4","s1324_S_TNA_03_ASEReadCounter.table","NW_015090842.1:7283056",7,13,6
"KCNG4","s1324_S_TNA_03_ASEReadCounter.table","NW_015090842.1:7283245",7,13,6
"KCNG4","s1324_S_TNA_03_ASEReadCounter.table","NW_015090842.1:7299491",7,13,6
"KCNG4","s1324_S_TNA_03_ASEReadCounter.table","NW_015090842.1:7301195",3,5,2
"KCNG4","s1324_S_TNA_03_ASEReadCounter.table","NW_015090842.1:7301227",4,6,2
"KCNG4","s1324_S_TNA_03_ASEReadCounter.table","NW_015090842.1:7301240",4,7,3
"KCNG4","s1324_S_TNA_03_ASEReadCounter.table","NW_015090842.1:7301413",2,8,6
"WFDC1","s1324_S_TNA_03_ASEReadCounter.table","NW_015090842.1:7366517",1,1,0
"ATP2C2","s1324_S_TNA_03_ASEReadCounter.table","NW_015090842.1:7413747",2,5,3
"TLDC1","s1324_S_TNA_03_ASEReadCounter.table","NW_015090842.1:7421997",43,72,29
"COTL1","s1324_S_TNA_03_ASEReadCounter.table","NW_015090842.1:7490707",664,1361,697
"COTL1","s1324_S_TNA_03_ASEReadCounter.table","NW_015090842.1:7490708",659,1360,701
"COTL1","s1324_S_TNA_03_ASEReadCounter.table","NW_015090842.1:7490711",666,1371,705
"COTL1","s1324_S_TNA_03_ASEReadCounter.table","NW_015090842.1:7490739",654,1362,708
"COTL1","s1324_S_TNA_03_ASEReadCounter.table","NW_015090842.1:7490785",615,1269,654
"COTL1","s1324_S_TNA_03_ASEReadCounter.table","NW_015090842.1:7490820",74,830,756
"COTL1","s1324_S_TNA_03_ASEReadCounter.table","NW_015090842.1:7490846",629,1258,629
"COTL1","s1324_S_TNA_03_ASEReadCounter.table","NW_015090842.1:7505571",2,2,0
"KLHL36","s1324_S_TNA_03_ASEReadCounter.table","NW_015090842.1:7526337",61,61,0
"KLHL36","s1324_S_TNA_03_ASEReadCounter.table","NW_015090842.1:7537681",156,156,0
"USP10","s1324_S_TNA_03_ASEReadCounter.table","NW_015090842.1:7572213",47,83,36
"USP10","s1324_S_TNA_03_ASEReadCounter.table","NW_015090842.1:7572358",52,52,0
"CRISPLD2","s1324_S_TNA_03_ASEReadCounter.table","NW_015090842.1:7630779",4,4,0
"CRISPLD2","s1324_S_TNA_03_ASEReadCounter.table","NW_015090842.1:7633611",6,6,0
"CRISPLD2","s1324_S_TNA_03_ASEReadCounter.table","NW_015090842.1:7633787",3,6,3
"CRISPLD2","s1324_S_TNA_03_ASEReadCounter.table","NW_015090842.1:7634023",1,1,0
"CRISPLD2","s1324_S_TNA_03_ASEReadCounter.table","NW_015090842.1:7634620",11,11,0
"CRISPLD2","s1324_S_TNA_03_ASEReadCounter.table","NW_015090842.1:7636315",1,2,1
"LOC106888312","s1324_S_TNA_03_ASEReadCounter.table","NW_015090842.1:7732198",1,2,1
"MTHFSD","s1324_S_TNA_03_ASEReadCounter.table","NW_015090842.1:8152578",9,25,16
"DUSP15","s1324_S_TNA_03_ASEReadCounter.table","NW_015090842.1:8422840",1,1,0
"DUSP15","s1324_S_TNA_03_ASEReadCounter.table","NW_015090842.1:8431988",0,1,1
"EMC8","s1324_S_TNA_03_ASEReadCounter.table","NW_015090842.1:8452385",29,47,18
"GINS2","s1324_S_TNA_03_ASEReadCounter.table","NW_015090842.1:8467469",18,18,0
"GINS2","s1324_S_TNA_03_ASEReadCounter.table","NW_015090842.1:8470290",36,74,38
"GINS2","s1324_S_TNA_03_ASEReadCounter.table","NW_015090842.1:8470305",33,73,40
"GINS2","s1324_S_TNA_03_ASEReadCounter.table","NW_015090842.1:8470376",31,68,37
"GINS2","s1324_S_TNA_03_ASEReadCounter.table","NW_015090842.1:8471057",2,11,9
"GSE1","s1324_S_TNA_03_ASEReadCounter.table","NW_015090842.1:8483570",6,6,0
"KIAA0513","s1324_S_TNA_03_ASEReadCounter.table","NW_015090842.1:8674736",127,127,0
"KIAA0513","s1324_S_TNA_03_ASEReadCounter.table","NW_015090842.1:8687268",1,1,0
"ZCCHC14","s1324_S_TNA_03_ASEReadCounter.table","NW_015090842.1:8750189",111,111,0
"JPH3","s1324_S_TNA_03_ASEReadCounter.table","NW_015090842.1:8872294",62,134,72
"KLHDC4","s1324_S_TNA_03_ASEReadCounter.table","NW_015090842.1:8891175",91,165,74
"KLHDC4","s1324_S_TNA_03_ASEReadCounter.table","NW_015090842.1:8905251",31,55,24
"KLHDC4","s1324_S_TNA_03_ASEReadCounter.table","NW_015090842.1:8919630",7,11,4
"SLC7A5","s1324_S_TNA_03_ASEReadCounter.table","NW_015090842.1:8940382",165,165,0
"SLC7A5","s1324_S_TNA_03_ASEReadCounter.table","NW_015090842.1:8941818",108,108,0
"SLC7A5","s1324_S_TNA_03_ASEReadCounter.table","NW_015090842.1:8944655",43,43,0
"CA5A","s1324_S_TNA_03_ASEReadCounter.table","NW_015090842.1:8989479",68,113,45
"CA5A","s1324_S_TNA_03_ASEReadCounter.table","NW_015090842.1:8989562",98,164,66
"CA5A","s1324_S_TNA_03_ASEReadCounter.table","NW_015090842.1:8989609",113,183,70
"CA5A","s1324_S_TNA_03_ASEReadCounter.table","NW_015090842.1:8989693",119,203,84
"CA5A","s1324_S_TNA_03_ASEReadCounter.table","NW_015090842.1:8989702",123,202,79
"CA5A","s1324_S_TNA_03_ASEReadCounter.table","NW_015090842.1:8989746",127,220,93
"CA5A","s1324_S_TNA_03_ASEReadCounter.table","NW_015090842.1:8989880",103,182,79
"CA5A","s1324_S_TNA_03_ASEReadCounter.table","NW_015090842.1:8989885",107,188,81
"CA5A","s1324_S_TNA_03_ASEReadCounter.table","NW_015090842.1:8989929",103,189,86
"CA5A","s1324_S_TNA_03_ASEReadCounter.table","NW_015090842.1:8990002",96,160,64
"CA5A","s1324_S_TNA_03_ASEReadCounter.table","NW_015090842.1:8990004",97,163,66
"CA5A","s1324_S_TNA_03_ASEReadCounter.table","NW_015090842.1:8990005",97,163,66
"CA5A","s1324_S_TNA_03_ASEReadCounter.table","NW_015090842.1:8990017",93,153,60
"CA5A","s1324_S_TNA_03_ASEReadCounter.table","NW_015090842.1:8990043",76,125,49
"CA5A","s1324_S_TNA_03_ASEReadCounter.table","NW_015090842.1:8990080",69,126,57
"CA5A","s1324_S_TNA_03_ASEReadCounter.table","NW_015090842.1:8990084",65,122,57
"CA5A","s1324_S_TNA_03_ASEReadCounter.table","NW_015090842.1:8990090",62,120,58
"CA5A","s1324_S_TNA_03_ASEReadCounter.table","NW_015090842.1:8990095",55,111,56
"CA5A","s1324_S_TNA_03_ASEReadCounter.table","NW_015090842.1:8990111",48,105,57
"CA5A","s1324_S_TNA_03_ASEReadCounter.table","NW_015090842.1:8990112",49,103,54
"CA5A","s1324_S_TNA_03_ASEReadCounter.table","NW_015090842.1:8990115",58,115,57
"CA5A","s1324_S_TNA_03_ASEReadCounter.table","NW_015090842.1:8990166",59,113,54
"CA5A","s1324_S_TNA_03_ASEReadCounter.table","NW_015090842.1:8990169",65,120,55
"CA5A","s1324_S_TNA_03_ASEReadCounter.table","NW_015090842.1:8990222",57,103,46
"CA5A","s1324_S_TNA_03_ASEReadCounter.table","NW_015090842.1:8990289",60,103,43
"CA5A","s1324_S_TNA_03_ASEReadCounter.table","NW_015090842.1:8990314",64,112,48
"CA5A","s1324_S_TNA_03_ASEReadCounter.table","NW_015090842.1:8990361",62,105,43
"CA5A","s1324_S_TNA_03_ASEReadCounter.table","NW_015090842.1:8990368",62,103,41
"CA5A","s1324_S_TNA_03_ASEReadCounter.table","NW_015090842.1:8990429",54,99,45
"CA5A","s1324_S_TNA_03_ASEReadCounter.table","NW_015090842.1:8990466",41,76,35
"CA5A","s1324_S_TNA_03_ASEReadCounter.table","NW_015090842.1:8990663",58,93,35
"CA5A","s1324_S_TNA_03_ASEReadCounter.table","NW_015090842.1:8990797",43,68,25
"CA5A","s1324_S_TNA_03_ASEReadCounter.table","NW_015090842.1:8990836",47,72,25
"CA5A","s1324_S_TNA_03_ASEReadCounter.table","NW_015090842.1:8990842",47,72,25
"CA5A","s1324_S_TNA_03_ASEReadCounter.table","NW_015090842.1:8990851",49,75,26
"CA5A","s1324_S_TNA_03_ASEReadCounter.table","NW_015090842.1:8990918",51,75,24
"CA5A","s1324_S_TNA_03_ASEReadCounter.table","NW_015090842.1:8990921",49,82,33
"CA5A","s1324_S_TNA_03_ASEReadCounter.table","NW_015090842.1:8990942",52,82,30
"CA5A","s1324_S_TNA_03_ASEReadCounter.table","NW_015090842.1:8991001",47,88,41
"CA5A","s1324_S_TNA_03_ASEReadCounter.table","NW_015090842.1:8991038",45,80,35
"CA5A","s1324_S_TNA_03_ASEReadCounter.table","NW_015090842.1:8991149",55,83,28
"CA5A","s1324_S_TNA_03_ASEReadCounter.table","NW_015090842.1:8991176",60,86,26
"CA5A","s1324_S_TNA_03_ASEReadCounter.table","NW_015090842.1:8991241",59,91,32
"CA5A","s1324_S_TNA_03_ASEReadCounter.table","NW_015090842.1:8991262",60,89,29
"CA5A","s1324_S_TNA_03_ASEReadCounter.table","NW_015090842.1:8991316",61,65,4
"CA5A","s1324_S_TNA_03_ASEReadCounter.table","NW_015090842.1:8991319",56,59,3
"CA5A","s1324_S_TNA_03_ASEReadCounter.table","NW_015090842.1:8991330",53,55,2
"CA5A","s1324_S_TNA_03_ASEReadCounter.table","NW_015090842.1:8991334",47,52,5
"CA5A","s1324_S_TNA_03_ASEReadCounter.table","NW_015090842.1:8991362",51,68,17
"CA5A","s1324_S_TNA_03_ASEReadCounter.table","NW_015090842.1:8991368",51,69,18
"CA5A","s1324_S_TNA_03_ASEReadCounter.table","NW_015090842.1:8991390",49,70,21
"CA5A","s1324_S_TNA_03_ASEReadCounter.table","NW_015090842.1:8991395",50,74,24
"CA5A","s1324_S_TNA_03_ASEReadCounter.table","NW_015090842.1:8991422",40,65,25
"CA5A","s1324_S_TNA_03_ASEReadCounter.table","NW_015090842.1:8991467",38,70,32
"CA5A","s1324_S_TNA_03_ASEReadCounter.table","NW_015090842.1:8991576",23,46,23
"CA5A","s1324_S_TNA_03_ASEReadCounter.table","NW_015090842.1:8991587",30,57,27
"CA5A","s1324_S_TNA_03_ASEReadCounter.table","NW_015090842.1:8991655",46,83,37
"CA5A","s1324_S_TNA_03_ASEReadCounter.table","NW_015090842.1:8991717",40,68,28
"CA5A","s1324_S_TNA_03_ASEReadCounter.table","NW_015090842.1:8991726",45,72,27
"CA5A","s1324_S_TNA_03_ASEReadCounter.table","NW_015090842.1:8991799",36,61,25
"CA5A","s1324_S_TNA_03_ASEReadCounter.table","NW_015090842.1:8991809",33,57,24
"CA5A","s1324_S_TNA_03_ASEReadCounter.table","NW_015090842.1:8991848",30,54,24
"CA5A","s1324_S_TNA_03_ASEReadCounter.table","NW_015090842.1:8991849",30,55,25
"CA5A","s1324_S_TNA_03_ASEReadCounter.table","NW_015090842.1:8991927",42,66,24
"CA5A","s1324_S_TNA_03_ASEReadCounter.table","NW_015090842.1:8991941",39,59,20
"CA5A","s1324_S_TNA_03_ASEReadCounter.table","NW_015090842.1:8992121",24,48,24
"CA5A","s1324_S_TNA_03_ASEReadCounter.table","NW_015090842.1:8992224",30,52,22
"CA5A","s1324_S_TNA_03_ASEReadCounter.table","NW_015090842.1:9002570",16,27,11
"CA5A","s1324_S_TNA_03_ASEReadCounter.table","NW_015090842.1:9002600",16,25,9
"CA5A","s1324_S_TNA_03_ASEReadCounter.table","NW_015090842.1:9004312",16,24,8
"CA5A","s1324_S_TNA_03_ASEReadCounter.table","NW_015090842.1:9004506",1,1,0
"CA5A","s1324_S_TNA_03_ASEReadCounter.table","NW_015090842.1:9004523",2,2,0
"CA5A","s1324_S_TNA_03_ASEReadCounter.table","NW_015090842.1:9004530",2,2,0
"CA5A","s1324_S_TNA_03_ASEReadCounter.table","NW_015090842.1:9004556",2,2,0
"CA5A","s1324_S_TNA_03_ASEReadCounter.table","NW_015090842.1:9004620",1,1,0
"CA5A","s1324_S_TNA_03_ASEReadCounter.table","NW_015090842.1:9005116",1,1,0
"CA5A","s1324_S_TNA_03_ASEReadCounter.table","NW_015090842.1:9005120",1,1,0
"CA5A","s1324_S_TNA_03_ASEReadCounter.table","NW_015090842.1:9005152",1,1,0
"BANP","s1324_S_TNA_03_ASEReadCounter.table","NW_015090842.1:9033407",1,2,1
"BANP","s1324_S_TNA_03_ASEReadCounter.table","NW_015090842.1:9033409",1,2,1
"BANP","s1324_S_TNA_03_ASEReadCounter.table","NW_015090842.1:9033420",0,2,2
"BANP","s1324_S_TNA_03_ASEReadCounter.table","NW_015090842.1:9055284",7,12,5
"ZC3H18","s1324_S_TNA_03_ASEReadCounter.table","NW_015090842.1:9528933",23,48,25
"MVD","s1324_S_TNA_03_ASEReadCounter.table","NW_015090842.1:9550690",66,66,0
"MVD","s1324_S_TNA_03_ASEReadCounter.table","NW_015090842.1:9550691",66,66,0
"MVD","s1324_S_TNA_03_ASEReadCounter.table","NW_015090842.1:9550699",82,82,0
"MVD","s1324_S_TNA_03_ASEReadCounter.table","NW_015090842.1:9550701",81,81,0
"MVD","s1324_S_TNA_03_ASEReadCounter.table","NW_015090842.1:9552202",95,95,0
"MVD","s1324_S_TNA_03_ASEReadCounter.table","NW_015090842.1:9552223",78,78,0
"MVD","s1324_S_TNA_03_ASEReadCounter.table","NW_015090842.1:9552533",59,59,0
"MVD","s1324_S_TNA_03_ASEReadCounter.table","NW_015090842.1:9552644",34,63,29
"PIEZO1","s1324_S_TNA_03_ASEReadCounter.table","NW_015090842.1:9577447",5,7,2
"PIEZO1","s1324_S_TNA_03_ASEReadCounter.table","NW_015090842.1:9579101",6,12,6
"PIEZO1","s1324_S_TNA_03_ASEReadCounter.table","NW_015090842.1:9582630",0,3,3
"PIEZO1","s1324_S_TNA_03_ASEReadCounter.table","NW_015090842.1:9582976",1,2,1
"PIEZO1","s1324_S_TNA_03_ASEReadCounter.table","NW_015090842.1:9583326",2,2,0
"CDT1","s1324_S_TNA_03_ASEReadCounter.table","NW_015090842.1:9596711",1,1,0
"CDT1","s1324_S_TNA_03_ASEReadCounter.table","NW_015090842.1:9597033",6,6,0
"CDT1","s1324_S_TNA_03_ASEReadCounter.table","NW_015090842.1:9597756",7,10,3
"CDT1","s1324_S_TNA_03_ASEReadCounter.table","NW_015090842.1:9598873",11,11,0
"ACSF3","s1324_S_TNA_03_ASEReadCounter.table","NW_015090842.1:9776737",4,7,3
"ACSF3","s1324_S_TNA_03_ASEReadCounter.table","NW_015090842.1:9809639",90,90,0
"ACSF3","s1324_S_TNA_03_ASEReadCounter.table","NW_015090842.1:9834743",57,102,45
"ACSF3","s1324_S_TNA_03_ASEReadCounter.table","NW_015090842.1:9834762",94,94,0
"ACSF3","s1324_S_TNA_03_ASEReadCounter.table","NW_015090842.1:9834852",74,118,44
"ACSF3","s1324_S_TNA_03_ASEReadCounter.table","NW_015090842.1:9834861",67,112,45
"ACSF3","s1324_S_TNA_03_ASEReadCounter.table","NW_015090842.1:9839359",42,72,30
"ACSF3","s1324_S_TNA_03_ASEReadCounter.table","NW_015090842.1:9839378",41,68,27
"ACSF3","s1324_S_TNA_03_ASEReadCounter.table","NW_015090842.1:9839455",44,74,30
"ACSF3","s1324_S_TNA_03_ASEReadCounter.table","NW_015090842.1:9839457",44,73,29
"ACSF3","s1324_S_TNA_03_ASEReadCounter.table","NW_015090842.1:9839489",36,64,28
"ACSF3","s1324_S_TNA_03_ASEReadCounter.table","NW_015090842.1:9839500",25,48,23
"ACSF3","s1324_S_TNA_03_ASEReadCounter.table","NW_015090842.1:9839501",25,48,23
"ACSF3","s1324_S_TNA_03_ASEReadCounter.table","NW_015090842.1:9839504",27,49,22
"ACSF3","s1324_S_TNA_03_ASEReadCounter.table","NW_015090842.1:9839512",23,40,17
"ACSF3","s1324_S_TNA_03_ASEReadCounter.table","NW_015090842.1:9839527",18,32,14
"ACSF3","s1324_S_TNA_03_ASEReadCounter.table","NW_015090842.1:9839533",12,22,10
"ACSF3","s1324_S_TNA_03_ASEReadCounter.table","NW_015090842.1:9839535",12,20,8
"ACSF3","s1324_S_TNA_03_ASEReadCounter.table","NW_015090842.1:9839545",7,14,7
"ACSF3","s1324_S_TNA_03_ASEReadCounter.table","NW_015090842.1:9839550",4,11,7
"ACSF3","s1324_S_TNA_03_ASEReadCounter.table","NW_015090842.1:9839551",5,11,6
"CDH15","s1324_S_TNA_03_ASEReadCounter.table","NW_015090842.1:9847163",0,2,2
"CDH15","s1324_S_TNA_03_ASEReadCounter.table","NW_015090842.1:9847174",0,2,2
"CDH15","s1324_S_TNA_03_ASEReadCounter.table","NW_015090842.1:9848220",3,4,1
"CDH15","s1324_S_TNA_03_ASEReadCounter.table","NW_015090842.1:9848265",2,3,1
"CDH15","s1324_S_TNA_03_ASEReadCounter.table","NW_015090842.1:9848531",1,1,0
"CDH15","s1324_S_TNA_03_ASEReadCounter.table","NW_015090842.1:9848552",1,1,0
"CDH15","s1324_S_TNA_03_ASEReadCounter.table","NW_015090842.1:9848888",1,2,1
"CDH15","s1324_S_TNA_03_ASEReadCounter.table","NW_015090842.1:9849119",0,1,1
"CDH15","s1324_S_TNA_03_ASEReadCounter.table","NW_015090842.1:9849140",0,1,1
"CDH15","s1324_S_TNA_03_ASEReadCounter.table","NW_015090842.1:9849473",2,3,1
"CDH15","s1324_S_TNA_03_ASEReadCounter.table","NW_015090842.1:9850141",1,2,1
"CDH15","s1324_S_TNA_03_ASEReadCounter.table","NW_015090842.1:9850386",1,4,3
"CDH15","s1324_S_TNA_03_ASEReadCounter.table","NW_015090842.1:9850432",0,2,2
"CDH15","s1324_S_TNA_03_ASEReadCounter.table","NW_015090842.1:9850609",2,4,2
"SLC22A31","s1324_S_TNA_03_ASEReadCounter.table","NW_015090842.1:9850797",2,4,2
"SLC22A31","s1324_S_TNA_03_ASEReadCounter.table","NW_015090842.1:9850818",2,4,2
"SLC22A31","s1324_S_TNA_03_ASEReadCounter.table","NW_015090842.1:9850948",1,1,0
"SLC22A31","s1324_S_TNA_03_ASEReadCounter.table","NW_015090842.1:9850961",1,1,0
"SLC22A31","s1324_S_TNA_03_ASEReadCounter.table","NW_015090842.1:9850970",1,1,0
"SLC22A31","s1324_S_TNA_03_ASEReadCounter.table","NW_015090842.1:9850978",1,1,0
"SLC22A31","s1324_S_TNA_03_ASEReadCounter.table","NW_015090842.1:9850981",1,1,0
"SLC22A31","s1324_S_TNA_03_ASEReadCounter.table","NW_015090842.1:9851130",3,8,5
"SLC22A31","s1324_S_TNA_03_ASEReadCounter.table","NW_015090842.1:9851139",4,10,6
"SLC22A31","s1324_S_TNA_03_ASEReadCounter.table","NW_015090842.1:9851265",7,26,19
"SLC22A31","s1324_S_TNA_03_ASEReadCounter.table","NW_015090842.1:9851302",6,26,20
"SLC22A31","s1324_S_TNA_03_ASEReadCounter.table","NW_015090842.1:9851303",6,26,20
"SLC22A31","s1324_S_TNA_03_ASEReadCounter.table","NW_015090842.1:9851305",6,26,20
"SLC22A31","s1324_S_TNA_03_ASEReadCounter.table","NW_015090842.1:9851343",5,16,11
"SLC22A31","s1324_S_TNA_03_ASEReadCounter.table","NW_015090842.1:9851344",8,19,11
"SLC22A31","s1324_S_TNA_03_ASEReadCounter.table","NW_015090842.1:9851381",10,27,17
"SLC22A31","s1324_S_TNA_03_ASEReadCounter.table","NW_015090842.1:9851421",8,24,16
"SLC22A31","s1324_S_TNA_03_ASEReadCounter.table","NW_015090842.1:9851526",8,22,14
"SLC22A31","s1324_S_TNA_03_ASEReadCounter.table","NW_015090842.1:9851589",13,28,15
"SLC22A31","s1324_S_TNA_03_ASEReadCounter.table","NW_015090842.1:9851712",13,31,18
"SLC22A31","s1324_S_TNA_03_ASEReadCounter.table","NW_015090842.1:9851899",8,21,13
"SLC22A31","s1324_S_TNA_03_ASEReadCounter.table","NW_015090842.1:9852139",10,16,6
"SLC22A31","s1324_S_TNA_03_ASEReadCounter.table","NW_015090842.1:9852380",8,26,18
"SLC22A31","s1324_S_TNA_03_ASEReadCounter.table","NW_015090842.1:9852431",6,15,9
"SLC22A31","s1324_S_TNA_03_ASEReadCounter.table","NW_015090842.1:9852630",5,16,11
"SLC22A31","s1324_S_TNA_03_ASEReadCounter.table","NW_015090842.1:9852711",5,7,2
"SLC22A31","s1324_S_TNA_03_ASEReadCounter.table","NW_015090842.1:9852742",4,6,2
"SLC22A31","s1324_S_TNA_03_ASEReadCounter.table","NW_015090842.1:9853099",4,6,2
"SLC22A31","s1324_S_TNA_03_ASEReadCounter.table","NW_015090842.1:9853102",4,8,4
"SLC22A31","s1324_S_TNA_03_ASEReadCounter.table","NW_015090842.1:9853421",6,8,2
"SLC22A31","s1324_S_TNA_03_ASEReadCounter.table","NW_015090842.1:9853457",8,10,2
"SLC22A31","s1324_S_TNA_03_ASEReadCounter.table","NW_015090842.1:9853502",7,7,0
"ANKRD11","s1324_S_TNA_03_ASEReadCounter.table","NW_015090842.1:9858863",17,33,16
"ANKRD11","s1324_S_TNA_03_ASEReadCounter.table","NW_015090842.1:9859101",162,335,173
"ANKRD11","s1324_S_TNA_03_ASEReadCounter.table","NW_015090842.1:9859352",174,419,245
"ANKRD11","s1324_S_TNA_03_ASEReadCounter.table","NW_015090842.1:9859381",52,226,174
"ANKRD11","s1324_S_TNA_03_ASEReadCounter.table","NW_015090842.1:9859527",69,159,90
"ANKRD11","s1324_S_TNA_03_ASEReadCounter.table","NW_015090842.1:9859529",69,159,90
"ANKRD11","s1324_S_TNA_03_ASEReadCounter.table","NW_015090842.1:9859679",183,350,167
"ANKRD11","s1324_S_TNA_03_ASEReadCounter.table","NW_015090842.1:9861097",143,291,148
"ANKRD11","s1324_S_TNA_03_ASEReadCounter.table","NW_015090842.1:9862571",97,170,73
"ANKRD11","s1324_S_TNA_03_ASEReadCounter.table","NW_015090842.1:9866071",0,92,92
"ANKRD11","s1324_S_TNA_03_ASEReadCounter.table","NW_015090842.1:9866200",0,68,68
"ANKRD11","s1324_S_TNA_03_ASEReadCounter.table","NW_015090842.1:9867391",26,52,26
"ANKRD11","s1324_S_TNA_03_ASEReadCounter.table","NW_015090842.1:9867472",46,82,36
"ANKRD11","s1324_S_TNA_03_ASEReadCounter.table","NW_015090842.1:9867559",41,78,37
"ANKRD11","s1324_S_TNA_03_ASEReadCounter.table","NW_015090842.1:9867934",56,97,41
"ANKRD11","s1324_S_TNA_03_ASEReadCounter.table","NW_015090842.1:9868093",50,104,54
"ANKRD11","s1324_S_TNA_03_ASEReadCounter.table","NW_015090842.1:9868222",60,112,52
"ANKRD11","s1324_S_TNA_03_ASEReadCounter.table","NW_015090842.1:9868327",63,121,58
"ANKRD11","s1324_S_TNA_03_ASEReadCounter.table","NW_015090842.1:9868414",65,147,82
"ANKRD11","s1324_S_TNA_03_ASEReadCounter.table","NW_015090842.1:9868441",69,142,73
"ANKRD11","s1324_S_TNA_03_ASEReadCounter.table","NW_015090842.1:9868444",66,143,77
"ANKRD11","s1324_S_TNA_03_ASEReadCounter.table","NW_015090842.1:9868519",103,200,97
"ANKRD11","s1324_S_TNA_03_ASEReadCounter.table","NW_015090842.1:9868609",108,236,128
"ANKRD11","s1324_S_TNA_03_ASEReadCounter.table","NW_015090842.1:9868666",120,241,121
"ANKRD11","s1324_S_TNA_03_ASEReadCounter.table","NW_015090842.1:9869431",173,330,157
"ANKRD11","s1324_S_TNA_03_ASEReadCounter.table","NW_015090842.1:9869578",259,526,267
"ANKRD11","s1324_S_TNA_03_ASEReadCounter.table","NW_015090842.1:9869734",240,510,270
"ANKRD11","s1324_S_TNA_03_ASEReadCounter.table","NW_015090842.1:9870070",227,476,249
"ANKRD11","s1324_S_TNA_03_ASEReadCounter.table","NW_015090842.1:9870349",254,530,276
"ANKRD11","s1324_S_TNA_03_ASEReadCounter.table","NW_015090842.1:9870604",266,529,263
"ANKRD11","s1324_S_TNA_03_ASEReadCounter.table","NW_015090842.1:9870613",275,558,283
"ANKRD11","s1324_S_TNA_03_ASEReadCounter.table","NW_015090842.1:9870685",317,684,367
"ANKRD11","s1324_S_TNA_03_ASEReadCounter.table","NW_015090842.1:9870847",285,591,306
"ANKRD11","s1324_S_TNA_03_ASEReadCounter.table","NW_015090842.1:9871103",204,413,209
"ANKRD11","s1324_S_TNA_03_ASEReadCounter.table","NW_015090842.1:9871165",208,499,291
"ANKRD11","s1324_S_TNA_03_ASEReadCounter.table","NW_015090842.1:9871820",65,128,63
"ANKRD11","s1324_S_TNA_03_ASEReadCounter.table","NW_015090842.1:9871994",145,145,0
"ANKRD11","s1324_S_TNA_03_ASEReadCounter.table","NW_015090842.1:9872118",73,161,88
"SPG7","s1324_S_TNA_03_ASEReadCounter.table","NW_015090842.1:10051190",99,213,114
"SPG7","s1324_S_TNA_03_ASEReadCounter.table","NW_015090842.1:10051218",117,249,132
"SPG7","s1324_S_TNA_03_ASEReadCounter.table","NW_015090842.1:10052348",155,273,118
"SPG7","s1324_S_TNA_03_ASEReadCounter.table","NW_015090842.1:10052366",156,288,132
"SPG7","s1324_S_TNA_03_ASEReadCounter.table","NW_015090842.1:10065173",165,348,183
"SPG7","s1324_S_TNA_03_ASEReadCounter.table","NW_015090842.1:10065215",139,296,157
"SPG7","s1324_S_TNA_03_ASEReadCounter.table","NW_015090842.1:10066301",121,244,123
"SPG7","s1324_S_TNA_03_ASEReadCounter.table","NW_015090842.1:10066365",152,302,150
"SPG7","s1324_S_TNA_03_ASEReadCounter.table","NW_015090842.1:10069752",176,359,183
"SPG7","s1324_S_TNA_03_ASEReadCounter.table","NW_015090842.1:10069800",181,382,201
"SPG7","s1324_S_TNA_03_ASEReadCounter.table","NW_015090842.1:10071192",196,418,222
"SPG7","s1324_S_TNA_03_ASEReadCounter.table","NW_015090842.1:10071204",180,396,216
"SPG7","s1324_S_TNA_03_ASEReadCounter.table","NW_015090842.1:10071219",170,382,212
"SPG7","s1324_S_TNA_03_ASEReadCounter.table","NW_015090842.1:10071967",185,387,202
"SPG7","s1324_S_TNA_03_ASEReadCounter.table","NW_015090842.1:10075109",325,631,306
"SPG7","s1324_S_TNA_03_ASEReadCounter.table","NW_015090842.1:10075114",334,629,295
"SPG7","s1324_S_TNA_03_ASEReadCounter.table","NW_015090842.1:10075198",288,516,228
"SPG7","s1324_S_TNA_03_ASEReadCounter.table","NW_015090842.1:10075487",184,407,223
"SPG7","s1324_S_TNA_03_ASEReadCounter.table","NW_015090842.1:10075488",185,410,225
"SPG7","s1324_S_TNA_03_ASEReadCounter.table","NW_015090842.1:10075548",135,276,141
"RPL13","s1324_S_TNA_03_ASEReadCounter.table","NW_015090842.1:10076979",5,11,6
"RPL13","s1324_S_TNA_03_ASEReadCounter.table","NW_015090842.1:10077387",445,1055,610
"RPL13","s1324_S_TNA_03_ASEReadCounter.table","NW_015090842.1:10077978",725,1590,865
"RPL13","s1324_S_TNA_03_ASEReadCounter.table","NW_015090842.1:10077992",714,1526,812
"CPNE7","s1324_S_TNA_03_ASEReadCounter.table","NW_015090842.1:10084001",95,233,138
"CPNE7","s1324_S_TNA_03_ASEReadCounter.table","NW_015090842.1:10084856",64,161,97
"CPNE7","s1324_S_TNA_03_ASEReadCounter.table","NW_015090842.1:10084872",74,176,102
"CPNE7","s1324_S_TNA_03_ASEReadCounter.table","NW_015090842.1:10084892",86,200,114
"CPNE7","s1324_S_TNA_03_ASEReadCounter.table","NW_015090842.1:10084921",100,221,121
"CPNE7","s1324_S_TNA_03_ASEReadCounter.table","NW_015090842.1:10084935",99,224,125
"CPNE7","s1324_S_TNA_03_ASEReadCounter.table","NW_015090842.1:10085000",119,245,126
"CPNE7","s1324_S_TNA_03_ASEReadCounter.table","NW_015090842.1:10085089",115,259,144
"CPNE7","s1324_S_TNA_03_ASEReadCounter.table","NW_015090842.1:10085096",123,277,154
"CPNE7","s1324_S_TNA_03_ASEReadCounter.table","NW_015090842.1:10085126",130,290,160
"CPNE7","s1324_S_TNA_03_ASEReadCounter.table","NW_015090842.1:10085180",135,305,170
"CPNE7","s1324_S_TNA_03_ASEReadCounter.table","NW_015090842.1:10085201",120,272,152
"CPNE7","s1324_S_TNA_03_ASEReadCounter.table","NW_015090842.1:10088134",225,521,296
"CPNE7","s1324_S_TNA_03_ASEReadCounter.table","NW_015090842.1:10088146",227,521,294
"CPNE7","s1324_S_TNA_03_ASEReadCounter.table","NW_015090842.1:10088940",372,763,391
"CPNE7","s1324_S_TNA_03_ASEReadCounter.table","NW_015090842.1:10088965",361,733,372
"CPNE7","s1324_S_TNA_03_ASEReadCounter.table","NW_015090842.1:10088967",362,719,357
"CPNE7","s1324_S_TNA_03_ASEReadCounter.table","NW_015090842.1:10088973",372,739,367
"CPNE7","s1324_S_TNA_03_ASEReadCounter.table","NW_015090842.1:10090924",476,1075,599
"CPNE7","s1324_S_TNA_03_ASEReadCounter.table","NW_015090842.1:10090930",480,1065,585
"CPNE7","s1324_S_TNA_03_ASEReadCounter.table","NW_015090842.1:10091075",451,1053,602
"CPNE7","s1324_S_TNA_03_ASEReadCounter.table","NW_015090842.1:10091389",468,1115,647
"CPNE7","s1324_S_TNA_03_ASEReadCounter.table","NW_015090842.1:10091407",506,1172,666
"CPNE7","s1324_S_TNA_03_ASEReadCounter.table","NW_015090842.1:10091530",461,1131,670
"CPNE7","s1324_S_TNA_03_ASEReadCounter.table","NW_015090842.1:10091875",593,1401,808
"CPNE7","s1324_S_TNA_03_ASEReadCounter.table","NW_015090842.1:10091983",559,1216,657
"CPNE7","s1324_S_TNA_03_ASEReadCounter.table","NW_015090842.1:10091997",569,1256,687
"CPNE7","s1324_S_TNA_03_ASEReadCounter.table","NW_015090842.1:10092038",300,790,490
"CPNE7","s1324_S_TNA_03_ASEReadCounter.table","NW_015090842.1:10092140",322,885,563
"CPNE7","s1324_S_TNA_03_ASEReadCounter.table","NW_015090842.1:10092183",266,668,402
"CPNE7","s1324_S_TNA_03_ASEReadCounter.table","NW_015090842.1:10092201",242,561,319
"CPNE7","s1324_S_TNA_03_ASEReadCounter.table","NW_015090842.1:10092230",183,413,230
"CPNE7","s1324_S_TNA_03_ASEReadCounter.table","NW_015090842.1:10092246",104,264,160
"LOC106888185","s1324_S_TNA_03_ASEReadCounter.table","NW_015090842.1:10094965",0,5,5
"LOC106888185","s1324_S_TNA_03_ASEReadCounter.table","NW_015090842.1:10094966",0,4,4
"LOC106888185","s1324_S_TNA_03_ASEReadCounter.table","NW_015090842.1:10094985",0,4,4
"LOC106888185","s1324_S_TNA_03_ASEReadCounter.table","NW_015090842.1:10095055",0,3,3
"LOC106888185","s1324_S_TNA_03_ASEReadCounter.table","NW_015090842.1:10095062",0,3,3
"LOC106888185","s1324_S_TNA_03_ASEReadCounter.table","NW_015090842.1:10095130",0,3,3
"LOC106888185","s1324_S_TNA_03_ASEReadCounter.table","NW_015090842.1:10095265",4,16,12
"LOC106888185","s1324_S_TNA_03_ASEReadCounter.table","NW_015090842.1:10095586",8,19,11
"LOC106888185","s1324_S_TNA_03_ASEReadCounter.table","NW_015090842.1:10095593",6,16,10
"LOC106888185","s1324_S_TNA_03_ASEReadCounter.table","NW_015090842.1:10095616",7,11,4
"LOC106888185","s1324_S_TNA_03_ASEReadCounter.table","NW_015090842.1:10095662",6,12,6
"LOC106888185","s1324_S_TNA_03_ASEReadCounter.table","NW_015090842.1:10095674",5,13,8
"LOC106888185","s1324_S_TNA_03_ASEReadCounter.table","NW_015090842.1:10095786",6,18,12
"LOC106888185","s1324_S_TNA_03_ASEReadCounter.table","NW_015090842.1:10095831",3,14,11
"LOC106888185","s1324_S_TNA_03_ASEReadCounter.table","NW_015090842.1:10096230",5,8,3
"LOC106888185","s1324_S_TNA_03_ASEReadCounter.table","NW_015090842.1:10096249",6,8,2
"LOC106888185","s1324_S_TNA_03_ASEReadCounter.table","NW_015090842.1:10096272",5,8,3
"LOC106888185","s1324_S_TNA_03_ASEReadCounter.table","NW_015090842.1:10096288",4,8,4
"LOC106888185","s1324_S_TNA_03_ASEReadCounter.table","NW_015090842.1:10097248",7,11,4
"LOC106888185","s1324_S_TNA_03_ASEReadCounter.table","NW_015090842.1:10097265",6,10,4
"LOC106888185","s1324_S_TNA_03_ASEReadCounter.table","NW_015090842.1:10097446",1,4,3
"DPEP1","s1324_S_TNA_03_ASEReadCounter.table","NW_015090842.1:10098017",0,3,3
"DPEP1","s1324_S_TNA_03_ASEReadCounter.table","NW_015090842.1:10098518",0,3,3
"DPEP1","s1324_S_TNA_03_ASEReadCounter.table","NW_015090842.1:10098595",1,5,4
"DPEP1","s1324_S_TNA_03_ASEReadCounter.table","NW_015090842.1:10098597",1,6,5
"DPEP1","s1324_S_TNA_03_ASEReadCounter.table","NW_015090842.1:10098601",1,6,5
"DPEP1","s1324_S_TNA_03_ASEReadCounter.table","NW_015090842.1:10098608",1,4,3
"DPEP1","s1324_S_TNA_03_ASEReadCounter.table","NW_015090842.1:10098630",1,4,3
"DPEP1","s1324_S_TNA_03_ASEReadCounter.table","NW_015090842.1:10098659",1,6,5
"DPEP1","s1324_S_TNA_03_ASEReadCounter.table","NW_015090842.1:10099765",1,5,4
"DPEP1","s1324_S_TNA_03_ASEReadCounter.table","NW_015090842.1:10099985",0,3,3
"DPEP1","s1324_S_TNA_03_ASEReadCounter.table","NW_015090842.1:10099986",0,3,3
"DPEP1","s1324_S_TNA_03_ASEReadCounter.table","NW_015090842.1:10099991",0,3,3
"DPEP1","s1324_S_TNA_03_ASEReadCounter.table","NW_015090842.1:10100044",0,3,3
"DPEP1","s1324_S_TNA_03_ASEReadCounter.table","NW_015090842.1:10100045",0,3,3
"DPEP1","s1324_S_TNA_03_ASEReadCounter.table","NW_015090842.1:10100084",0,3,3
"DPEP1","s1324_S_TNA_03_ASEReadCounter.table","NW_015090842.1:10100295",1,4,3
"DPEP1","s1324_S_TNA_03_ASEReadCounter.table","NW_015090842.1:10100529",1,5,4
"DPEP1","s1324_S_TNA_03_ASEReadCounter.table","NW_015090842.1:10100893",1,4,3
"DPEP1","s1324_S_TNA_03_ASEReadCounter.table","NW_015090842.1:10100902",1,6,5
"DPEP1","s1324_S_TNA_03_ASEReadCounter.table","NW_015090842.1:10101072",0,3,3
"DPEP1","s1324_S_TNA_03_ASEReadCounter.table","NW_015090842.1:10101199",0,5,5
"DPEP1","s1324_S_TNA_03_ASEReadCounter.table","NW_015090842.1:10101483",0,3,3
"DPEP1","s1324_S_TNA_03_ASEReadCounter.table","NW_015090842.1:10101497",1,4,3
"DPEP1","s1324_S_TNA_03_ASEReadCounter.table","NW_015090842.1:10101525",1,4,3
"DPEP1","s1324_S_TNA_03_ASEReadCounter.table","NW_015090842.1:10101875",1,6,5
"DPEP1","s1324_S_TNA_03_ASEReadCounter.table","NW_015090842.1:10101913",0,6,6
"DPEP1","s1324_S_TNA_03_ASEReadCounter.table","NW_015090842.1:10101996",0,1,1
"DPEP1","s1324_S_TNA_03_ASEReadCounter.table","NW_015090842.1:10102014",1,4,3
"DPEP1","s1324_S_TNA_03_ASEReadCounter.table","NW_015090842.1:10102035",0,2,2
"DPEP1","s1324_S_TNA_03_ASEReadCounter.table","NW_015090842.1:10102076",1,2,1
"DPEP1","s1324_S_TNA_03_ASEReadCounter.table","NW_015090842.1:10102077",1,3,2
"CHMP1A","s1324_S_TNA_03_ASEReadCounter.table","NW_015090842.1:10102901",65,171,106
"CHMP1A","s1324_S_TNA_03_ASEReadCounter.table","NW_015090842.1:10102961",45,178,133
"CHMP1A","s1324_S_TNA_03_ASEReadCounter.table","NW_015090842.1:10102996",50,177,127
"CHMP1A","s1324_S_TNA_03_ASEReadCounter.table","NW_015090842.1:10103004",61,190,129
"CHMP1A","s1324_S_TNA_03_ASEReadCounter.table","NW_015090842.1:10103006",61,193,132
"CHMP1A","s1324_S_TNA_03_ASEReadCounter.table","NW_015090842.1:10103052",92,220,128
"CHMP1A","s1324_S_TNA_03_ASEReadCounter.table","NW_015090842.1:10103095",107,241,134
"CHMP1A","s1324_S_TNA_03_ASEReadCounter.table","NW_015090842.1:10103096",106,240,134
"CHMP1A","s1324_S_TNA_03_ASEReadCounter.table","NW_015090842.1:10103152",96,202,106
"CHMP1A","s1324_S_TNA_03_ASEReadCounter.table","NW_015090842.1:10103334",50,127,77
"CHMP1A","s1324_S_TNA_03_ASEReadCounter.table","NW_015090842.1:10103373",25,113,88
"CHMP1A","s1324_S_TNA_03_ASEReadCounter.table","NW_015090842.1:10103408",49,152,103
"CHMP1A","s1324_S_TNA_03_ASEReadCounter.table","NW_015090842.1:10103412",52,154,102
"CHMP1A","s1324_S_TNA_03_ASEReadCounter.table","NW_015090842.1:10103512",67,158,91
"CHMP1A","s1324_S_TNA_03_ASEReadCounter.table","NW_015090842.1:10103513",66,156,90
"CHMP1A","s1324_S_TNA_03_ASEReadCounter.table","NW_015090842.1:10103583",48,112,64
"CHMP1A","s1324_S_TNA_03_ASEReadCounter.table","NW_015090842.1:10103614",50,116,66
"CHMP1A","s1324_S_TNA_03_ASEReadCounter.table","NW_015090842.1:10103657",48,110,62
"CHMP1A","s1324_S_TNA_03_ASEReadCounter.table","NW_015090842.1:10103669",45,107,62
"CHMP1A","s1324_S_TNA_03_ASEReadCounter.table","NW_015090842.1:10103674",46,108,62
"CHMP1A","s1324_S_TNA_03_ASEReadCounter.table","NW_015090842.1:10103677",46,103,57
"CHMP1A","s1324_S_TNA_03_ASEReadCounter.table","NW_015090842.1:10103729",66,137,71
"CHMP1A","s1324_S_TNA_03_ASEReadCounter.table","NW_015090842.1:10103758",65,130,65
"CHMP1A","s1324_S_TNA_03_ASEReadCounter.table","NW_015090842.1:10103761",64,129,65
"CHMP1A","s1324_S_TNA_03_ASEReadCounter.table","NW_015090842.1:10103788",77,147,70
"CHMP1A","s1324_S_TNA_03_ASEReadCounter.table","NW_015090842.1:10103789",80,150,70
"CHMP1A","s1324_S_TNA_03_ASEReadCounter.table","NW_015090842.1:10103790",77,146,69
"CHMP1A","s1324_S_TNA_03_ASEReadCounter.table","NW_015090842.1:10103950",64,142,78
"CHMP1A","s1324_S_TNA_03_ASEReadCounter.table","NW_015090842.1:10104335",47,95,48
"CHMP1A","s1324_S_TNA_03_ASEReadCounter.table","NW_015090842.1:10104429",74,134,60
"CHMP1A","s1324_S_TNA_03_ASEReadCounter.table","NW_015090842.1:10104532",57,125,68
"CHMP1A","s1324_S_TNA_03_ASEReadCounter.table","NW_015090842.1:10104633",43,83,40
"CHMP1A","s1324_S_TNA_03_ASEReadCounter.table","NW_015090842.1:10104759",46,108,62
"CHMP1A","s1324_S_TNA_03_ASEReadCounter.table","NW_015090842.1:10104794",47,113,66
"CHMP1A","s1324_S_TNA_03_ASEReadCounter.table","NW_015090842.1:10104844",31,84,53
"CHMP1A","s1324_S_TNA_03_ASEReadCounter.table","NW_015090842.1:10106290",46,84,38
"CHMP1A","s1324_S_TNA_03_ASEReadCounter.table","NW_015090842.1:10106335",54,102,48
"CHMP1A","s1324_S_TNA_03_ASEReadCounter.table","NW_015090842.1:10106383",70,139,69
"CHMP1A","s1324_S_TNA_03_ASEReadCounter.table","NW_015090842.1:10106747",72,129,57
"CHMP1A","s1324_S_TNA_03_ASEReadCounter.table","NW_015090842.1:10107404",40,105,65
"CHMP1A","s1324_S_TNA_03_ASEReadCounter.table","NW_015090842.1:10107410",45,112,67
"CHMP1A","s1324_S_TNA_03_ASEReadCounter.table","NW_015090842.1:10107876",42,91,49
"CDK10","s1324_S_TNA_03_ASEReadCounter.table","NW_015090842.1:10109030",11,12,1
"CDK10","s1324_S_TNA_03_ASEReadCounter.table","NW_015090842.1:10109963",45,143,98
"CDK10","s1324_S_TNA_03_ASEReadCounter.table","NW_015090842.1:10110887",34,113,79
"CDK10","s1324_S_TNA_03_ASEReadCounter.table","NW_015090842.1:10111254",28,103,75
"CDK10","s1324_S_TNA_03_ASEReadCounter.table","NW_015090842.1:10111380",30,119,89
"CDK10","s1324_S_TNA_03_ASEReadCounter.table","NW_015090842.1:10111395",37,123,86
"CDK10","s1324_S_TNA_03_ASEReadCounter.table","NW_015090842.1:10111437",25,118,93
"CDK10","s1324_S_TNA_03_ASEReadCounter.table","NW_015090842.1:10111798",43,142,99
"CDK10","s1324_S_TNA_03_ASEReadCounter.table","NW_015090842.1:10111840",53,153,100
"CDK10","s1324_S_TNA_03_ASEReadCounter.table","NW_015090842.1:10112031",49,186,137
"CDK10","s1324_S_TNA_03_ASEReadCounter.table","NW_015090842.1:10112285",51,205,154
"CDK10","s1324_S_TNA_03_ASEReadCounter.table","NW_015090842.1:10112398",60,210,150
"CDK10","s1324_S_TNA_03_ASEReadCounter.table","NW_015090842.1:10112455",55,201,146
"CDK10","s1324_S_TNA_03_ASEReadCounter.table","NW_015090842.1:10112461",51,179,128
"CDK10","s1324_S_TNA_03_ASEReadCounter.table","NW_015090842.1:10112497",45,156,111
"CDK10","s1324_S_TNA_03_ASEReadCounter.table","NW_015090842.1:10112508",36,152,116
"CDK10","s1324_S_TNA_03_ASEReadCounter.table","NW_015090842.1:10112518",31,143,112
"CDK10","s1324_S_TNA_03_ASEReadCounter.table","NW_015090842.1:10112540",12,128,116
"CDK10","s1324_S_TNA_03_ASEReadCounter.table","NW_015090842.1:10112556",35,147,112
"CDK10","s1324_S_TNA_03_ASEReadCounter.table","NW_015090842.1:10112561",40,163,123
"CDK10","s1324_S_TNA_03_ASEReadCounter.table","NW_015090842.1:10112596",50,172,122
"CDK10","s1324_S_TNA_03_ASEReadCounter.table","NW_015090842.1:10112630",36,137,101
"CDK10","s1324_S_TNA_03_ASEReadCounter.table","NW_015090842.1:10112656",39,137,98
"CDK10","s1324_S_TNA_03_ASEReadCounter.table","NW_015090842.1:10112665",41,122,81
"CDK10","s1324_S_TNA_03_ASEReadCounter.table","NW_015090842.1:10112668",39,118,79
"CDK10","s1324_S_TNA_03_ASEReadCounter.table","NW_015090842.1:10112781",25,58,33
"CDK10","s1324_S_TNA_03_ASEReadCounter.table","NW_015090842.1:10112782",25,57,32
"CDK10","s1324_S_TNA_03_ASEReadCounter.table","NW_015090842.1:10112795",19,49,30
"CDK10","s1324_S_TNA_03_ASEReadCounter.table","NW_015090842.1:10112841",9,23,14
"CDK10","s1324_S_TNA_03_ASEReadCounter.table","NW_015090842.1:10112861",6,16,10
"SPATA2L","s1324_S_TNA_03_ASEReadCounter.table","NW_015090842.1:10113212",35,78,43
"SPATA2L","s1324_S_TNA_03_ASEReadCounter.table","NW_015090842.1:10113280",58,123,65
"SPATA2L","s1324_S_TNA_03_ASEReadCounter.table","NW_015090842.1:10113296",61,133,72
"SPATA2L","s1324_S_TNA_03_ASEReadCounter.table","NW_015090842.1:10113321",67,153,86
"SPATA2L","s1324_S_TNA_03_ASEReadCounter.table","NW_015090842.1:10113332",70,168,98
"SPATA2L","s1324_S_TNA_03_ASEReadCounter.table","NW_015090842.1:10113380",72,186,114
"SPATA2L","s1324_S_TNA_03_ASEReadCounter.table","NW_015090842.1:10113381",70,189,119
"SPATA2L","s1324_S_TNA_03_ASEReadCounter.table","NW_015090842.1:10113412",74,201,127
"SPATA2L","s1324_S_TNA_03_ASEReadCounter.table","NW_015090842.1:10113421",73,193,120
"SPATA2L","s1324_S_TNA_03_ASEReadCounter.table","NW_015090842.1:10113465",63,170,107
"SPATA2L","s1324_S_TNA_03_ASEReadCounter.table","NW_015090842.1:10113535",88,183,95
"SPATA2L","s1324_S_TNA_03_ASEReadCounter.table","NW_015090842.1:10113645",82,236,154
"SPATA2L","s1324_S_TNA_03_ASEReadCounter.table","NW_015090842.1:10113682",103,265,162
"SPATA2L","s1324_S_TNA_03_ASEReadCounter.table","NW_015090842.1:10113696",90,240,150
"SPATA2L","s1324_S_TNA_03_ASEReadCounter.table","NW_015090842.1:10113727",105,270,165
"SPATA2L","s1324_S_TNA_03_ASEReadCounter.table","NW_015090842.1:10113729",105,266,161
"SPATA2L","s1324_S_TNA_03_ASEReadCounter.table","NW_015090842.1:10113799",130,285,155
"SPATA2L","s1324_S_TNA_03_ASEReadCounter.table","NW_015090842.1:10113809",134,304,170
"SPATA2L","s1324_S_TNA_03_ASEReadCounter.table","NW_015090842.1:10113827",125,277,152
"SPATA2L","s1324_S_TNA_03_ASEReadCounter.table","NW_015090842.1:10113831",123,282,159
"SPATA2L","s1324_S_TNA_03_ASEReadCounter.table","NW_015090842.1:10113894",95,230,135
"SPATA2L","s1324_S_TNA_03_ASEReadCounter.table","NW_015090842.1:10113905",82,210,128
"SPATA2L","s1324_S_TNA_03_ASEReadCounter.table","NW_015090842.1:10113914",94,216,122
"SPATA2L","s1324_S_TNA_03_ASEReadCounter.table","NW_015090842.1:10113920",99,227,128
"SPATA2L","s1324_S_TNA_03_ASEReadCounter.table","NW_015090842.1:10113937",115,250,135
"SPATA2L","s1324_S_TNA_03_ASEReadCounter.table","NW_015090842.1:10113971",91,218,127
"SPATA2L","s1324_S_TNA_03_ASEReadCounter.table","NW_015090842.1:10113976",72,219,147
"SPATA2L","s1324_S_TNA_03_ASEReadCounter.table","NW_015090842.1:10113985",80,198,118
"SPATA2L","s1324_S_TNA_03_ASEReadCounter.table","NW_015090842.1:10113994",92,225,133
"SPATA2L","s1324_S_TNA_03_ASEReadCounter.table","NW_015090842.1:10114063",77,195,118
"SPATA2L","s1324_S_TNA_03_ASEReadCounter.table","NW_015090842.1:10114066",81,198,117
"SPATA2L","s1324_S_TNA_03_ASEReadCounter.table","NW_015090842.1:10114069",79,196,117
"SPATA2L","s1324_S_TNA_03_ASEReadCounter.table","NW_015090842.1:10114159",56,148,92
"SPATA2L","s1324_S_TNA_03_ASEReadCounter.table","NW_015090842.1:10114262",188,188,0
"SPATA2L","s1324_S_TNA_03_ASEReadCounter.table","NW_015090842.1:10114470",46,134,88
"SPATA2L","s1324_S_TNA_03_ASEReadCounter.table","NW_015090842.1:10114524",33,106,73
"VPS9D1","s1324_S_TNA_03_ASEReadCounter.table","NW_015090842.1:10116377",47,134,87
"VPS9D1","s1324_S_TNA_03_ASEReadCounter.table","NW_015090842.1:10116415",43,147,104
"VPS9D1","s1324_S_TNA_03_ASEReadCounter.table","NW_015090842.1:10116607",35,125,90
"VPS9D1","s1324_S_TNA_03_ASEReadCounter.table","NW_015090842.1:10116821",40,122,82
"VPS9D1","s1324_S_TNA_03_ASEReadCounter.table","NW_015090842.1:10116825",37,117,80
"VPS9D1","s1324_S_TNA_03_ASEReadCounter.table","NW_015090842.1:10116882",31,93,62
"VPS9D1","s1324_S_TNA_03_ASEReadCounter.table","NW_015090842.1:10116933",28,91,63
"VPS9D1","s1324_S_TNA_03_ASEReadCounter.table","NW_015090842.1:10116942",29,105,76
"VPS9D1","s1324_S_TNA_03_ASEReadCounter.table","NW_015090842.1:10117152",29,95,66
"VPS9D1","s1324_S_TNA_03_ASEReadCounter.table","NW_015090842.1:10117480",24,61,37
"VPS9D1","s1324_S_TNA_03_ASEReadCounter.table","NW_015090842.1:10117497",22,65,43
"VPS9D1","s1324_S_TNA_03_ASEReadCounter.table","NW_015090842.1:10117499",19,66,47
"VPS9D1","s1324_S_TNA_03_ASEReadCounter.table","NW_015090842.1:10117516",26,80,54
"VPS9D1","s1324_S_TNA_03_ASEReadCounter.table","NW_015090842.1:10117525",28,82,54
"VPS9D1","s1324_S_TNA_03_ASEReadCounter.table","NW_015090842.1:10117579",29,88,59
"VPS9D1","s1324_S_TNA_03_ASEReadCounter.table","NW_015090842.1:10117627",34,92,58
"VPS9D1","s1324_S_TNA_03_ASEReadCounter.table","NW_015090842.1:10117678",25,96,71
"VPS9D1","s1324_S_TNA_03_ASEReadCounter.table","NW_015090842.1:10117773",48,107,59
"VPS9D1","s1324_S_TNA_03_ASEReadCounter.table","NW_015090842.1:10117937",52,135,83
"VPS9D1","s1324_S_TNA_03_ASEReadCounter.table","NW_015090842.1:10117961",50,135,85
"VPS9D1","s1324_S_TNA_03_ASEReadCounter.table","NW_015090842.1:10118236",53,145,92
"VPS9D1","s1324_S_TNA_03_ASEReadCounter.table","NW_015090842.1:10118414",45,126,81
"VPS9D1","s1324_S_TNA_03_ASEReadCounter.table","NW_015090842.1:10118973",47,116,69
"VPS9D1","s1324_S_TNA_03_ASEReadCounter.table","NW_015090842.1:10119500",29,58,29
"ZNF276","s1324_S_TNA_03_ASEReadCounter.table","NW_015090842.1:10121760",5,11,6
"ZNF276","s1324_S_TNA_03_ASEReadCounter.table","NW_015090842.1:10121769",6,12,6
"ZNF276","s1324_S_TNA_03_ASEReadCounter.table","NW_015090842.1:10121802",8,15,7
"ZNF276","s1324_S_TNA_03_ASEReadCounter.table","NW_015090842.1:10121971",11,25,14
"ZNF276","s1324_S_TNA_03_ASEReadCounter.table","NW_015090842.1:10122161",22,22,0
"ZNF276","s1324_S_TNA_03_ASEReadCounter.table","NW_015090842.1:10122164",21,21,0
"ZNF276","s1324_S_TNA_03_ASEReadCounter.table","NW_015090842.1:10122184",19,19,0
"ZNF276","s1324_S_TNA_03_ASEReadCounter.table","NW_015090842.1:10122883",11,17,6
"ZNF276","s1324_S_TNA_03_ASEReadCounter.table","NW_015090842.1:10122997",8,13,5
"ZNF276","s1324_S_TNA_03_ASEReadCounter.table","NW_015090842.1:10123069",10,16,6
"ZNF276","s1324_S_TNA_03_ASEReadCounter.table","NW_015090842.1:10123207",16,34,18
"ZNF276","s1324_S_TNA_03_ASEReadCounter.table","NW_015090842.1:10125787",22,47,25
"ZNF276","s1324_S_TNA_03_ASEReadCounter.table","NW_015090842.1:10126309",33,61,28
"ZNF276","s1324_S_TNA_03_ASEReadCounter.table","NW_015090842.1:10126348",28,55,27
"ZNF276","s1324_S_TNA_03_ASEReadCounter.table","NW_015090842.1:10126978",33,66,33
"ZNF276","s1324_S_TNA_03_ASEReadCounter.table","NW_015090842.1:10126991",30,58,28
"ZNF276","s1324_S_TNA_03_ASEReadCounter.table","NW_015090842.1:10127023",28,57,29
"ZNF276","s1324_S_TNA_03_ASEReadCounter.table","NW_015090842.1:10127063",24,41,17
"ZNF276","s1324_S_TNA_03_ASEReadCounter.table","NW_015090842.1:10127373",23,38,15
"ZNF276","s1324_S_TNA_03_ASEReadCounter.table","NW_015090842.1:10127931",28,61,33
"ZNF276","s1324_S_TNA_03_ASEReadCounter.table","NW_015090842.1:10128070",25,60,35
"ZNF276","s1324_S_TNA_03_ASEReadCounter.table","NW_015090842.1:10128102",27,63,36
"ZNF276","s1324_S_TNA_03_ASEReadCounter.table","NW_015090842.1:10128356",29,58,29
"ZNF276","s1324_S_TNA_03_ASEReadCounter.table","NW_015090842.1:10128497",20,42,22
"FANCA","s1324_S_TNA_03_ASEReadCounter.table","NW_015090842.1:10128743",0,1,1
"FANCA","s1324_S_TNA_03_ASEReadCounter.table","NW_015090842.1:10128822",1,1,0
"FANCA","s1324_S_TNA_03_ASEReadCounter.table","NW_015090842.1:10129383",1,2,1
"FANCA","s1324_S_TNA_03_ASEReadCounter.table","NW_015090842.1:10129390",1,2,1
"FANCA","s1324_S_TNA_03_ASEReadCounter.table","NW_015090842.1:10129422",1,1,0
"FANCA","s1324_S_TNA_03_ASEReadCounter.table","NW_015090842.1:10129969",0,1,1
"FANCA","s1324_S_TNA_03_ASEReadCounter.table","NW_015090842.1:10130399",1,1,0
"FANCA","s1324_S_TNA_03_ASEReadCounter.table","NW_015090842.1:10130857",1,3,2
"FANCA","s1324_S_TNA_03_ASEReadCounter.table","NW_015090842.1:10130878",1,3,2
"FANCA","s1324_S_TNA_03_ASEReadCounter.table","NW_015090842.1:10133530",1,2,1
"FANCA","s1324_S_TNA_03_ASEReadCounter.table","NW_015090842.1:10133533",1,2,1
"FANCA","s1324_S_TNA_03_ASEReadCounter.table","NW_015090842.1:10133536",1,2,1
"FANCA","s1324_S_TNA_03_ASEReadCounter.table","NW_015090842.1:10133601",1,2,1
"FANCA","s1324_S_TNA_03_ASEReadCounter.table","NW_015090842.1:10134492",1,1,0
"FANCA","s1324_S_TNA_03_ASEReadCounter.table","NW_015090842.1:10137673",1,2,1
"FANCA","s1324_S_TNA_03_ASEReadCounter.table","NW_015090842.1:10145030",0,1,1
"FANCA","s1324_S_TNA_03_ASEReadCounter.table","NW_015090842.1:10150518",0,2,2
"SPIRE2","s1324_S_TNA_03_ASEReadCounter.table","NW_015090842.1:10172284",36,58,22
"SPIRE2","s1324_S_TNA_03_ASEReadCounter.table","NW_015090842.1:10175262",57,102,45
"SPIRE2","s1324_S_TNA_03_ASEReadCounter.table","NW_015090842.1:10175352",32,51,19
"SPIRE2","s1324_S_TNA_03_ASEReadCounter.table","NW_015090842.1:10175400",80,166,86
"SPIRE2","s1324_S_TNA_03_ASEReadCounter.table","NW_015090842.1:10175418",105,193,88
"SPIRE2","s1324_S_TNA_03_ASEReadCounter.table","NW_015090842.1:10175704",112,216,104
"SPIRE2","s1324_S_TNA_03_ASEReadCounter.table","NW_015090842.1:10176115",118,289,171
"SPIRE2","s1324_S_TNA_03_ASEReadCounter.table","NW_015090842.1:10176561",135,308,173
"SPIRE2","s1324_S_TNA_03_ASEReadCounter.table","NW_015090842.1:10176817",143,337,194
"SPIRE2","s1324_S_TNA_03_ASEReadCounter.table","NW_015090842.1:10177084",98,211,113
"SPIRE2","s1324_S_TNA_03_ASEReadCounter.table","NW_015090842.1:10177838",141,306,165
"SPIRE2","s1324_S_TNA_03_ASEReadCounter.table","NW_015090842.1:10178000",156,332,176
"SPIRE2","s1324_S_TNA_03_ASEReadCounter.table","NW_015090842.1:10178164",175,374,199
"SPIRE2","s1324_S_TNA_03_ASEReadCounter.table","NW_015090842.1:10178216",184,414,230
"SPIRE2","s1324_S_TNA_03_ASEReadCounter.table","NW_015090842.1:10178303",156,330,174
"SPIRE2","s1324_S_TNA_03_ASEReadCounter.table","NW_015090842.1:10178403",168,348,180
"SPIRE2","s1324_S_TNA_03_ASEReadCounter.table","NW_015090842.1:10178409",165,332,167
"SPIRE2","s1324_S_TNA_03_ASEReadCounter.table","NW_015090842.1:10178524",166,333,167
"SPIRE2","s1324_S_TNA_03_ASEReadCounter.table","NW_015090842.1:10178526",166,336,170
"SPIRE2","s1324_S_TNA_03_ASEReadCounter.table","NW_015090842.1:10178531",170,339,169
"SPIRE2","s1324_S_TNA_03_ASEReadCounter.table","NW_015090842.1:10178565",157,323,166
"SPIRE2","s1324_S_TNA_03_ASEReadCounter.table","NW_015090842.1:10178587",136,284,148
"SPIRE2","s1324_S_TNA_03_ASEReadCounter.table","NW_015090842.1:10178640",105,210,105
"SPIRE2","s1324_S_TNA_03_ASEReadCounter.table","NW_015090842.1:10178651",114,231,117
"SPIRE2","s1324_S_TNA_03_ASEReadCounter.table","NW_015090842.1:10178682",106,205,99
"TCF25","s1324_S_TNA_03_ASEReadCounter.table","NW_015090842.1:10180912",32,63,31
"TCF25","s1324_S_TNA_03_ASEReadCounter.table","NW_015090842.1:10180924",34,65,31
"TCF25","s1324_S_TNA_03_ASEReadCounter.table","NW_015090842.1:10180931",35,68,33
"TCF25","s1324_S_TNA_03_ASEReadCounter.table","NW_015090842.1:10185332",120,233,113
"TCF25","s1324_S_TNA_03_ASEReadCounter.table","NW_015090842.1:10196561",79,151,72
"TCF25","s1324_S_TNA_03_ASEReadCounter.table","NW_015090842.1:10197399",197,197,0
"MC1R","s1324_S_TNA_03_ASEReadCounter.table","NW_015090842.1:10201853",1,2,1
"MC1R","s1324_S_TNA_03_ASEReadCounter.table","NW_015090842.1:10201986",4,6,2
"MC1R","s1324_S_TNA_03_ASEReadCounter.table","NW_015090842.1:10202160",2,4,2
"MC1R","s1324_S_TNA_03_ASEReadCounter.table","NW_015090842.1:10202447",1,2,1
"TUBB3","s1324_S_TNA_03_ASEReadCounter.table","NW_015090842.1:10205322",0,395,395
"GAS8","s1324_S_TNA_03_ASEReadCounter.table","NW_015090842.1:10228982",20,37,17
"GAS8","s1324_S_TNA_03_ASEReadCounter.table","NW_015090842.1:10229832",16,30,14
"GAS8","s1324_S_TNA_03_ASEReadCounter.table","NW_015090842.1:10232901",12,37,25
"GAS8","s1324_S_TNA_03_ASEReadCounter.table","NW_015090842.1:10232928",15,39,24
"GAS8","s1324_S_TNA_03_ASEReadCounter.table","NW_015090842.1:10232967",16,40,24
"GAS8","s1324_S_TNA_03_ASEReadCounter.table","NW_015090842.1:10233032",13,26,13
"GAS8","s1324_S_TNA_03_ASEReadCounter.table","NW_015090842.1:10233057",11,24,13
"GAS8","s1324_S_TNA_03_ASEReadCounter.table","NW_015090842.1:10233058",12,24,12
"GAS8","s1324_S_TNA_03_ASEReadCounter.table","NW_015090842.1:10233176",13,28,15
"GAS8","s1324_S_TNA_03_ASEReadCounter.table","NW_015090842.1:10233196",13,25,12
"GAS8","s1324_S_TNA_03_ASEReadCounter.table","NW_015090842.1:10233252",14,21,7
"GAS8","s1324_S_TNA_03_ASEReadCounter.table","NW_015090842.1:10233303",4,9,5
"LOC106888094","s1324_S_TNA_03_ASEReadCounter.table","NW_015090842.1:10233334",2,4,2
"LOC106888094","s1324_S_TNA_03_ASEReadCounter.table","NW_015090842.1:10233362",3,11,8
"LOC106888094","s1324_S_TNA_03_ASEReadCounter.table","NW_015090842.1:10233373",4,15,11
"LOC106888094","s1324_S_TNA_03_ASEReadCounter.table","NW_015090842.1:10233388",5,17,12
"LOC106888094","s1324_S_TNA_03_ASEReadCounter.table","NW_015090842.1:10233402",8,19,11
"LOC106888094","s1324_S_TNA_03_ASEReadCounter.table","NW_015090842.1:10233465",17,26,9
"LOC106888094","s1324_S_TNA_03_ASEReadCounter.table","NW_015090842.1:10233803",19,36,17
"LOC106888094","s1324_S_TNA_03_ASEReadCounter.table","NW_015090842.1:10233815",17,33,16
"LOC106888094","s1324_S_TNA_03_ASEReadCounter.table","NW_015090842.1:10236098",0,2,2
"LOC106888094","s1324_S_TNA_03_ASEReadCounter.table","NW_015090842.1:10236161",1,3,2
"LOC106888094","s1324_S_TNA_03_ASEReadCounter.table","NW_015090842.1:10236380",1,2,1
"LOC106888094","s1324_S_TNA_03_ASEReadCounter.table","NW_015090842.1:10236388",1,2,1
"LOC106888094","s1324_S_TNA_03_ASEReadCounter.table","NW_015090842.1:10236425",2,2,0
"LOC106888094","s1324_S_TNA_03_ASEReadCounter.table","NW_015090842.1:10236426",2,2,0
"LOC106888094","s1324_S_TNA_03_ASEReadCounter.table","NW_015090842.1:10236603",1,1,0
"LOC106888173","s1324_S_TNA_03_ASEReadCounter.table","NW_015090842.1:10239596",2,7,5
"LOC106888173","s1324_S_TNA_03_ASEReadCounter.table","NW_015090842.1:10240036",1,17,16
"LOC106888173","s1324_S_TNA_03_ASEReadCounter.table","NW_015090842.1:10240095",2,18,16
"LOC106888173","s1324_S_TNA_03_ASEReadCounter.table","NW_015090842.1:10240280",0,23,23
"LOC106888173","s1324_S_TNA_03_ASEReadCounter.table","NW_015090842.1:10240557",5,17,12
"LOC106888173","s1324_S_TNA_03_ASEReadCounter.table","NW_015090842.1:10240603",5,18,13
"LOC106888173","s1324_S_TNA_03_ASEReadCounter.table","NW_015090842.1:10240609",5,18,13
"LOC106888173","s1324_S_TNA_03_ASEReadCounter.table","NW_015090842.1:10240924",6,22,16
"LOC106888173","s1324_S_TNA_03_ASEReadCounter.table","NW_015090842.1:10241037",5,21,16
"LOC106888173","s1324_S_TNA_03_ASEReadCounter.table","NW_015090842.1:10241046",5,19,14
"LOC106888173","s1324_S_TNA_03_ASEReadCounter.table","NW_015090842.1:10241058",5,20,15
"LOC106888173","s1324_S_TNA_03_ASEReadCounter.table","NW_015090842.1:10241064",5,23,18
"LOC106888173","s1324_S_TNA_03_ASEReadCounter.table","NW_015090842.1:10241163",6,24,18
"LOC106888173","s1324_S_TNA_03_ASEReadCounter.table","NW_015090842.1:10241803",7,21,14
"LOC106888173","s1324_S_TNA_03_ASEReadCounter.table","NW_015090842.1:10241827",9,26,17
"LOC106888173","s1324_S_TNA_03_ASEReadCounter.table","NW_015090842.1:10241869",8,27,19
"LOC106888173","s1324_S_TNA_03_ASEReadCounter.table","NW_015090842.1:10242079",3,27,24
"LOC106888173","s1324_S_TNA_03_ASEReadCounter.table","NW_015090842.1:10242103",2,29,27
"LOC106888173","s1324_S_TNA_03_ASEReadCounter.table","NW_015090842.1:10242157",2,31,29
"LOC106888173","s1324_S_TNA_03_ASEReadCounter.table","NW_015090842.1:10242455",5,33,28
"LOC106888173","s1324_S_TNA_03_ASEReadCounter.table","NW_015090842.1:10242481",5,31,26
"LOC106888173","s1324_S_TNA_03_ASEReadCounter.table","NW_015090842.1:10242590",0,22,22
"LOC106888173","s1324_S_TNA_03_ASEReadCounter.table","NW_015090842.1:10242794",3,19,16
"LOC106888173","s1324_S_TNA_03_ASEReadCounter.table","NW_015090842.1:10242909",4,18,14
"LOC106888173","s1324_S_TNA_03_ASEReadCounter.table","NW_015090842.1:10243094",8,24,16
"LOC106888173","s1324_S_TNA_03_ASEReadCounter.table","NW_015090842.1:10243133",7,21,14
"LOC106888173","s1324_S_TNA_03_ASEReadCounter.table","NW_015090842.1:10243273",6,23,17
"LOC106888173","s1324_S_TNA_03_ASEReadCounter.table","NW_015090842.1:10243278",7,23,16
"LOC106888173","s1324_S_TNA_03_ASEReadCounter.table","NW_015090842.1:10243281",7,23,16
"LOC106888173","s1324_S_TNA_03_ASEReadCounter.table","NW_015090842.1:10243347",10,10,0
"LOC106888173","s1324_S_TNA_03_ASEReadCounter.table","NW_015090842.1:10243353",4,9,5
"LOC106888173","s1324_S_TNA_03_ASEReadCounter.table","NW_015090842.1:10243363",3,8,5
"LOC106888173","s1324_S_TNA_03_ASEReadCounter.table","NW_015090842.1:10243365",3,8,5
"LOC106888173","s1324_S_TNA_03_ASEReadCounter.table","NW_015090842.1:10243529",3,14,11
"LOC106888173","s1324_S_TNA_03_ASEReadCounter.table","NW_015090842.1:10243566",4,23,19
"LOC106888173","s1324_S_TNA_03_ASEReadCounter.table","NW_015090842.1:10243605",4,26,22
"LOC106888173","s1324_S_TNA_03_ASEReadCounter.table","NW_015090842.1:10243614",3,23,20
"LOC106888173","s1324_S_TNA_03_ASEReadCounter.table","NW_015090842.1:10243615",3,22,19
"LOC106888173","s1324_S_TNA_03_ASEReadCounter.table","NW_015090842.1:10243640",5,24,19
"LOC106888173","s1324_S_TNA_03_ASEReadCounter.table","NW_015090842.1:10243680",3,15,12
"LOC106888173","s1324_S_TNA_03_ASEReadCounter.table","NW_015090842.1:10243742",4,16,12
"LOC106888173","s1324_S_TNA_03_ASEReadCounter.table","NW_015090842.1:10243804",7,15,8
"LOC106888173","s1324_S_TNA_03_ASEReadCounter.table","NW_015090842.1:10243913",3,7,4
"LOC106888173","s1324_S_TNA_03_ASEReadCounter.table","NW_015090842.1:10243921",3,7,4
"LOC106888384","s1324_S_TNA_03_ASEReadCounter.table","NW_015090842.1:10251354",0,4,4
"LOC106888384","s1324_S_TNA_03_ASEReadCounter.table","NW_015090842.1:10251358",0,4,4
"LOC106888384","s1324_S_TNA_03_ASEReadCounter.table","NW_015090842.1:10251369",0,4,4
"LOC106888384","s1324_S_TNA_03_ASEReadCounter.table","NW_015090842.1:10251370",0,4,4
"LOC106888384","s1324_S_TNA_03_ASEReadCounter.table","NW_015090842.1:10251375",0,3,3
"LOC106888384","s1324_S_TNA_03_ASEReadCounter.table","NW_015090842.1:10251388",0,3,3
"LOC106888384","s1324_S_TNA_03_ASEReadCounter.table","NW_015090842.1:10251390",0,3,3
"LOC106888384","s1324_S_TNA_03_ASEReadCounter.table","NW_015090842.1:10251393",0,3,3
"LOC106888384","s1324_S_TNA_03_ASEReadCounter.table","NW_015090842.1:10251399",0,3,3
"LOC106888384","s1324_S_TNA_03_ASEReadCounter.table","NW_015090842.1:10254233",0,1,1
"LOC106888384","s1324_S_TNA_03_ASEReadCounter.table","NW_015090842.1:10254263",0,1,1
"LOC106888384","s1324_S_TNA_03_ASEReadCounter.table","NW_015090842.1:10254293",0,1,1
"LOC106888384","s1324_S_TNA_03_ASEReadCounter.table","NW_015090842.1:10254570",0,1,1
"LOC106888384","s1324_S_TNA_03_ASEReadCounter.table","NW_015090842.1:10254647",0,1,1
"LOC106888384","s1324_S_TNA_03_ASEReadCounter.table","NW_015090842.1:10254663",0,1,1
"LOC106888384","s1324_S_TNA_03_ASEReadCounter.table","NW_015090842.1:10255496",1,1,0
"LOC106888384","s1324_S_TNA_03_ASEReadCounter.table","NW_015090842.1:10255505",1,1,0
"LOC106888384","s1324_S_TNA_03_ASEReadCounter.table","NW_015090842.1:10255531",1,1,0
"LOC106888384","s1324_S_TNA_03_ASEReadCounter.table","NW_015090842.1:10255608",1,1,0
"LOC106888384","s1324_S_TNA_03_ASEReadCounter.table","NW_015090842.1:10255614",1,1,0
"LOC106888384","s1324_S_TNA_03_ASEReadCounter.table","NW_015090842.1:10255704",3,3,0
"LOC106888384","s1324_S_TNA_03_ASEReadCounter.table","NW_015090842.1:10255731",3,3,0
"LOC106888384","s1324_S_TNA_03_ASEReadCounter.table","NW_015090842.1:10255771",1,1,0
"TANGO6","s1324_S_TNA_03_ASEReadCounter.table","NW_015090842.1:10257782",7,12,5
"TANGO6","s1324_S_TNA_03_ASEReadCounter.table","NW_015090842.1:10258162",10,14,4
"TANGO6","s1324_S_TNA_03_ASEReadCounter.table","NW_015090842.1:10258185",11,13,2
"TANGO6","s1324_S_TNA_03_ASEReadCounter.table","NW_015090842.1:10259267",6,10,4
"TANGO6","s1324_S_TNA_03_ASEReadCounter.table","NW_015090842.1:10260250",36,53,17
"TANGO6","s1324_S_TNA_03_ASEReadCounter.table","NW_015090842.1:10260979",22,36,14
"TANGO6","s1324_S_TNA_03_ASEReadCounter.table","NW_015090842.1:10261599",30,42,12
"TANGO6","s1324_S_TNA_03_ASEReadCounter.table","NW_015090842.1:10268425",22,43,21
"TANGO6","s1324_S_TNA_03_ASEReadCounter.table","NW_015090842.1:10269831",20,31,11
"TANGO6","s1324_S_TNA_03_ASEReadCounter.table","NW_015090842.1:10270813",23,33,10
"TANGO6","s1324_S_TNA_03_ASEReadCounter.table","NW_015090842.1:10273952",18,26,8
"TANGO6","s1324_S_TNA_03_ASEReadCounter.table","NW_015090842.1:10273970",27,41,14
"TANGO6","s1324_S_TNA_03_ASEReadCounter.table","NW_015090842.1:10274018",27,41,14
"TANGO6","s1324_S_TNA_03_ASEReadCounter.table","NW_015090842.1:10275974",27,34,7
"TANGO6","s1324_S_TNA_03_ASEReadCounter.table","NW_015090842.1:10275976",27,34,7
"TANGO6","s1324_S_TNA_03_ASEReadCounter.table","NW_015090842.1:10276123",18,22,4
"TANGO6","s1324_S_TNA_03_ASEReadCounter.table","NW_015090842.1:10276271",25,36,11
"TANGO6","s1324_S_TNA_03_ASEReadCounter.table","NW_015090842.1:10276272",24,35,11
"TANGO6","s1324_S_TNA_03_ASEReadCounter.table","NW_015090842.1:10276275",23,35,12
"TANGO6","s1324_S_TNA_03_ASEReadCounter.table","NW_015090842.1:10276278",22,34,12
"TANGO6","s1324_S_TNA_03_ASEReadCounter.table","NW_015090842.1:10276368",18,25,7
"TANGO6","s1324_S_TNA_03_ASEReadCounter.table","NW_015090842.1:10276373",20,27,7
"TANGO6","s1324_S_TNA_03_ASEReadCounter.table","NW_015090842.1:10276630",19,29,10
"TANGO6","s1324_S_TNA_03_ASEReadCounter.table","NW_015090842.1:10281498",25,33,8
"TANGO6","s1324_S_TNA_03_ASEReadCounter.table","NW_015090842.1:10282842",23,34,11
"TANGO6","s1324_S_TNA_03_ASEReadCounter.table","NW_015090842.1:10282863",24,29,5
"TANGO6","s1324_S_TNA_03_ASEReadCounter.table","NW_015090842.1:10282869",22,28,6
"TANGO6","s1324_S_TNA_03_ASEReadCounter.table","NW_015090842.1:10282903",21,32,11
"TANGO6","s1324_S_TNA_03_ASEReadCounter.table","NW_015090842.1:10283757",25,43,18
"TANGO6","s1324_S_TNA_03_ASEReadCounter.table","NW_015090842.1:10283785",31,49,18
"HAS3","s1324_S_TNA_03_ASEReadCounter.table","NW_015090842.1:10288093",0,2,2
"HAS3","s1324_S_TNA_03_ASEReadCounter.table","NW_015090842.1:10288266",2,3,1
"HAS3","s1324_S_TNA_03_ASEReadCounter.table","NW_015090842.1:10288274",2,4,2
"HAS3","s1324_S_TNA_03_ASEReadCounter.table","NW_015090842.1:10288364",1,2,1
"HAS3","s1324_S_TNA_03_ASEReadCounter.table","NW_015090842.1:10289469",1,2,1
"HAS3","s1324_S_TNA_03_ASEReadCounter.table","NW_015090842.1:10289708",0,3,3
"HAS3","s1324_S_TNA_03_ASEReadCounter.table","NW_015090842.1:10290375",1,2,1
"HAS3","s1324_S_TNA_03_ASEReadCounter.table","NW_015090842.1:10290395",0,1,1
"HAS3","s1324_S_TNA_03_ASEReadCounter.table","NW_015090842.1:10290561",1,4,3
"HAS3","s1324_S_TNA_03_ASEReadCounter.table","NW_015090842.1:10290609",3,4,1
"HAS3","s1324_S_TNA_03_ASEReadCounter.table","NW_015090842.1:10290666",3,5,2
"HAS3","s1324_S_TNA_03_ASEReadCounter.table","NW_015090842.1:10290723",3,6,3
"HAS3","s1324_S_TNA_03_ASEReadCounter.table","NW_015090842.1:10290927",1,3,2
"HAS3","s1324_S_TNA_03_ASEReadCounter.table","NW_015090842.1:10291004",3,5,2
"CHTF8","s1324_S_TNA_03_ASEReadCounter.table","NW_015090842.1:10291319",0,1,1
"CHTF8","s1324_S_TNA_03_ASEReadCounter.table","NW_015090842.1:10291342",1,2,1
"CHTF8","s1324_S_TNA_03_ASEReadCounter.table","NW_015090842.1:10291491",3,8,5
"CHTF8","s1324_S_TNA_03_ASEReadCounter.table","NW_015090842.1:10291520",4,12,8
"CHTF8","s1324_S_TNA_03_ASEReadCounter.table","NW_015090842.1:10291593",7,14,7
"CHTF8","s1324_S_TNA_03_ASEReadCounter.table","NW_015090842.1:10291600",6,12,6
"CHTF8","s1324_S_TNA_03_ASEReadCounter.table","NW_015090842.1:10291609",7,15,8
"CHTF8","s1324_S_TNA_03_ASEReadCounter.table","NW_015090842.1:10291639",5,10,5
"CHTF8","s1324_S_TNA_03_ASEReadCounter.table","NW_015090842.1:10291641",5,9,4
"CHTF8","s1324_S_TNA_03_ASEReadCounter.table","NW_015090842.1:10291648",5,11,6
"CHTF8","s1324_S_TNA_03_ASEReadCounter.table","NW_015090842.1:10291656",4,10,6
"CHTF8","s1324_S_TNA_03_ASEReadCounter.table","NW_015090842.1:10291675",6,13,7
"CHTF8","s1324_S_TNA_03_ASEReadCounter.table","NW_015090842.1:10291696",6,14,8
"CHTF8","s1324_S_TNA_03_ASEReadCounter.table","NW_015090842.1:10291714",5,14,9
"CHTF8","s1324_S_TNA_03_ASEReadCounter.table","NW_015090842.1:10291732",9,17,8
"CHTF8","s1324_S_TNA_03_ASEReadCounter.table","NW_015090842.1:10291755",8,13,5
"CHTF8","s1324_S_TNA_03_ASEReadCounter.table","NW_015090842.1:10291756",8,13,5
"CHTF8","s1324_S_TNA_03_ASEReadCounter.table","NW_015090842.1:10291758",8,13,5
"CHTF8","s1324_S_TNA_03_ASEReadCounter.table","NW_015090842.1:10291792",8,14,6
"CHTF8","s1324_S_TNA_03_ASEReadCounter.table","NW_015090842.1:10291895",6,10,4
"CHTF8","s1324_S_TNA_03_ASEReadCounter.table","NW_015090842.1:10292132",3,7,4
"CHTF8","s1324_S_TNA_03_ASEReadCounter.table","NW_015090842.1:10292314",3,8,5
"CHTF8","s1324_S_TNA_03_ASEReadCounter.table","NW_015090842.1:10292317",3,10,7
"CHTF8","s1324_S_TNA_03_ASEReadCounter.table","NW_015090842.1:10292928",0,2,2
"UTP4","s1324_S_TNA_03_ASEReadCounter.table","NW_015090842.1:10293146",14,27,13
"UTP4","s1324_S_TNA_03_ASEReadCounter.table","NW_015090842.1:10293151",14,28,14
"UTP4","s1324_S_TNA_03_ASEReadCounter.table","NW_015090842.1:10293191",7,18,11
"UTP4","s1324_S_TNA_03_ASEReadCounter.table","NW_015090842.1:10293362",9,25,16
"UTP4","s1324_S_TNA_03_ASEReadCounter.table","NW_015090842.1:10293430",13,28,15
"UTP4","s1324_S_TNA_03_ASEReadCounter.table","NW_015090842.1:10293625",14,34,20
"UTP4","s1324_S_TNA_03_ASEReadCounter.table","NW_015090842.1:10293684",13,29,16
"UTP4","s1324_S_TNA_03_ASEReadCounter.table","NW_015090842.1:10294093",6,18,12
"UTP4","s1324_S_TNA_03_ASEReadCounter.table","NW_015090842.1:10294568",12,27,15
"UTP4","s1324_S_TNA_03_ASEReadCounter.table","NW_015090842.1:10294622",11,23,12
"UTP4","s1324_S_TNA_03_ASEReadCounter.table","NW_015090842.1:10294632",11,25,14
"UTP4","s1324_S_TNA_03_ASEReadCounter.table","NW_015090842.1:10295238",15,32,17
"UTP4","s1324_S_TNA_03_ASEReadCounter.table","NW_015090842.1:10295880",16,39,23
"UTP4","s1324_S_TNA_03_ASEReadCounter.table","NW_015090842.1:10295884",16,39,23
"UTP4","s1324_S_TNA_03_ASEReadCounter.table","NW_015090842.1:10295903",15,38,23
"UTP4","s1324_S_TNA_03_ASEReadCounter.table","NW_015090842.1:10295906",16,35,19
"UTP4","s1324_S_TNA_03_ASEReadCounter.table","NW_015090842.1:10295915",19,41,22
"UTP4","s1324_S_TNA_03_ASEReadCounter.table","NW_015090842.1:10295938",18,37,19
"UTP4","s1324_S_TNA_03_ASEReadCounter.table","NW_015090842.1:10296175",17,38,21
"UTP4","s1324_S_TNA_03_ASEReadCounter.table","NW_015090842.1:10296660",20,40,20
"UTP4","s1324_S_TNA_03_ASEReadCounter.table","NW_015090842.1:10296679",22,45,23
"UTP4","s1324_S_TNA_03_ASEReadCounter.table","NW_015090842.1:10297193",23,48,25
"UTP4","s1324_S_TNA_03_ASEReadCounter.table","NW_015090842.1:10297220",27,52,25
"UTP4","s1324_S_TNA_03_ASEReadCounter.table","NW_015090842.1:10297307",29,64,35
"UTP4","s1324_S_TNA_03_ASEReadCounter.table","NW_015090842.1:10297558",33,62,29
"UTP4","s1324_S_TNA_03_ASEReadCounter.table","NW_015090842.1:10297943",26,54,28
"UTP4","s1324_S_TNA_03_ASEReadCounter.table","NW_015090842.1:10297979",18,43,25
"UTP4","s1324_S_TNA_03_ASEReadCounter.table","NW_015090842.1:10298022",19,29,10
"UTP4","s1324_S_TNA_03_ASEReadCounter.table","NW_015090842.1:10298079",1,3,2
"UTP4","s1324_S_TNA_03_ASEReadCounter.table","NW_015090842.1:10298081",1,3,2
"UTP4","s1324_S_TNA_03_ASEReadCounter.table","NW_015090842.1:10298082",1,4,3
"SNTB2","s1324_S_TNA_03_ASEReadCounter.table","NW_015090842.1:10298905",2,2,0
"SNTB2","s1324_S_TNA_03_ASEReadCounter.table","NW_015090842.1:10298928",2,2,0
"SNTB2","s1324_S_TNA_03_ASEReadCounter.table","NW_015090842.1:10303506",5,11,6
"SNTB2","s1324_S_TNA_03_ASEReadCounter.table","NW_015090842.1:10303524",4,12,8
"SNTB2","s1324_S_TNA_03_ASEReadCounter.table","NW_015090842.1:10304059",7,11,4
"SNTB2","s1324_S_TNA_03_ASEReadCounter.table","NW_015090842.1:10304089",8,13,5
"SNTB2","s1324_S_TNA_03_ASEReadCounter.table","NW_015090842.1:10304167",1,3,2
"SNTB2","s1324_S_TNA_03_ASEReadCounter.table","NW_015090842.1:10304176",0,3,3
"SNTB2","s1324_S_TNA_03_ASEReadCounter.table","NW_015090842.1:10305069",6,9,3
"SNTB2","s1324_S_TNA_03_ASEReadCounter.table","NW_015090842.1:10305099",7,12,5
"SNTB2","s1324_S_TNA_03_ASEReadCounter.table","NW_015090842.1:10305451",2,7,5
"SNTB2","s1324_S_TNA_03_ASEReadCounter.table","NW_015090842.1:10305547",5,9,4
"SNTB2","s1324_S_TNA_03_ASEReadCounter.table","NW_015090842.1:10305847",5,7,2
"SNTB2","s1324_S_TNA_03_ASEReadCounter.table","NW_015090842.1:10305911",6,7,1
"SNTB2","s1324_S_TNA_03_ASEReadCounter.table","NW_015090842.1:10306173",10,13,3
"SNTB2","s1324_S_TNA_03_ASEReadCounter.table","NW_015090842.1:10306275",6,14,8
"SNTB2","s1324_S_TNA_03_ASEReadCounter.table","NW_015090842.1:10306457",5,8,3
"SNTB2","s1324_S_TNA_03_ASEReadCounter.table","NW_015090842.1:10306496",5,10,5
"SNTB2","s1324_S_TNA_03_ASEReadCounter.table","NW_015090842.1:10306499",5,9,4
"VPS4A","s1324_S_TNA_03_ASEReadCounter.table","NW_015090842.1:10308566",91,182,91
"VPS4A","s1324_S_TNA_03_ASEReadCounter.table","NW_015090842.1:10308573",92,180,88
"VPS4A","s1324_S_TNA_03_ASEReadCounter.table","NW_015090842.1:10308856",130,291,161
"VPS4A","s1324_S_TNA_03_ASEReadCounter.table","NW_015090842.1:10309056",180,355,175
"VPS4A","s1324_S_TNA_03_ASEReadCounter.table","NW_015090842.1:10309089",202,396,194
"VPS4A","s1324_S_TNA_03_ASEReadCounter.table","NW_015090842.1:10309392",186,372,186
"VPS4A","s1324_S_TNA_03_ASEReadCounter.table","NW_015090842.1:10309413",183,378,195
"VPS4A","s1324_S_TNA_03_ASEReadCounter.table","NW_015090842.1:10309467",193,416,223
"VPS4A","s1324_S_TNA_03_ASEReadCounter.table","NW_015090842.1:10310230",221,477,256
"VPS4A","s1324_S_TNA_03_ASEReadCounter.table","NW_015090842.1:10310425",197,411,214
"VPS4A","s1324_S_TNA_03_ASEReadCounter.table","NW_015090842.1:10310639",213,442,229
"VPS4A","s1324_S_TNA_03_ASEReadCounter.table","NW_015090842.1:10310640",427,427,0
"VPS4A","s1324_S_TNA_03_ASEReadCounter.table","NW_015090842.1:10310687",236,468,232
"VPS4A","s1324_S_TNA_03_ASEReadCounter.table","NW_015090842.1:10310734",216,411,195
"VPS4A","s1324_S_TNA_03_ASEReadCounter.table","NW_015090842.1:10310737",217,415,198
"VPS4A","s1324_S_TNA_03_ASEReadCounter.table","NW_015090842.1:10310746",212,409,197
"VPS4A","s1324_S_TNA_03_ASEReadCounter.table","NW_015090842.1:10310767",213,421,208
"VPS4A","s1324_S_TNA_03_ASEReadCounter.table","NW_015090842.1:10310995",186,404,218
"VPS4A","s1324_S_TNA_03_ASEReadCounter.table","NW_015090842.1:10311004",197,403,206
"VPS4A","s1324_S_TNA_03_ASEReadCounter.table","NW_015090842.1:10311007",186,404,218
"VPS4A","s1324_S_TNA_03_ASEReadCounter.table","NW_015090842.1:10311013",206,426,220
"VPS4A","s1324_S_TNA_03_ASEReadCounter.table","NW_015090842.1:10311022",187,408,221
"VPS4A","s1324_S_TNA_03_ASEReadCounter.table","NW_015090842.1:10311023",186,403,217
"VPS4A","s1324_S_TNA_03_ASEReadCounter.table","NW_015090842.1:10311426",215,464,249
"VPS4A","s1324_S_TNA_03_ASEReadCounter.table","NW_015090842.1:10311489",6,20,14
"VPS4A","s1324_S_TNA_03_ASEReadCounter.table","NW_015090842.1:10311490",7,18,11
"VPS4A","s1324_S_TNA_03_ASEReadCounter.table","NW_015090842.1:10311525",12,22,10
"VPS4A","s1324_S_TNA_03_ASEReadCounter.table","NW_015090842.1:10311529",12,28,16
"VPS4A","s1324_S_TNA_03_ASEReadCounter.table","NW_015090842.1:10311530",12,30,18
"VPS4A","s1324_S_TNA_03_ASEReadCounter.table","NW_015090842.1:10311552",55,86,31
"VPS4A","s1324_S_TNA_03_ASEReadCounter.table","NW_015090842.1:10311689",55,94,39
"VPS4A","s1324_S_TNA_03_ASEReadCounter.table","NW_015090842.1:10311700",68,108,40
"VPS4A","s1324_S_TNA_03_ASEReadCounter.table","NW_015090842.1:10311701",67,109,42
"VPS4A","s1324_S_TNA_03_ASEReadCounter.table","NW_015090842.1:10311703",68,114,46
"COG8","s1324_S_TNA_03_ASEReadCounter.table","NW_015090842.1:10313487",17,41,24
"COG8","s1324_S_TNA_03_ASEReadCounter.table","NW_015090842.1:10313559",24,52,28
"COG8","s1324_S_TNA_03_ASEReadCounter.table","NW_015090842.1:10313579",18,44,26
"COG8","s1324_S_TNA_03_ASEReadCounter.table","NW_015090842.1:10313665",29,57,28
"COG8","s1324_S_TNA_03_ASEReadCounter.table","NW_015090842.1:10313681",30,64,34
"COG8","s1324_S_TNA_03_ASEReadCounter.table","NW_015090842.1:10313768",35,78,43
"COG8","s1324_S_TNA_03_ASEReadCounter.table","NW_015090842.1:10313775",36,77,41
"COG8","s1324_S_TNA_03_ASEReadCounter.table","NW_015090842.1:10313811",29,59,30
"COG8","s1324_S_TNA_03_ASEReadCounter.table","NW_015090842.1:10313858",23,56,33
"COG8","s1324_S_TNA_03_ASEReadCounter.table","NW_015090842.1:10313859",56,56,0
"COG8","s1324_S_TNA_03_ASEReadCounter.table","NW_015090842.1:10314100",30,58,28
"COG8","s1324_S_TNA_03_ASEReadCounter.table","NW_015090842.1:10314213",21,50,29
"COG8","s1324_S_TNA_03_ASEReadCounter.table","NW_015090842.1:10315093",22,41,19
"COG8","s1324_S_TNA_03_ASEReadCounter.table","NW_015090842.1:10315162",21,37,16
"COG8","s1324_S_TNA_03_ASEReadCounter.table","NW_015090842.1:10315285",25,50,25
"COG8","s1324_S_TNA_03_ASEReadCounter.table","NW_015090842.1:10315360",13,45,32
"COG8","s1324_S_TNA_03_ASEReadCounter.table","NW_015090842.1:10315369",11,41,30
"COG8","s1324_S_TNA_03_ASEReadCounter.table","NW_015090842.1:10315508",9,21,12
"COG8","s1324_S_TNA_03_ASEReadCounter.table","NW_015090842.1:10315624",10,29,19
"COG8","s1324_S_TNA_03_ASEReadCounter.table","NW_015090842.1:10315693",7,26,19
"COG8","s1324_S_TNA_03_ASEReadCounter.table","NW_015090842.1:10315698",7,26,19
"COG8","s1324_S_TNA_03_ASEReadCounter.table","NW_015090842.1:10315768",7,21,14
"COG8","s1324_S_TNA_03_ASEReadCounter.table","NW_015090842.1:10315769",7,21,14
"COG8","s1324_S_TNA_03_ASEReadCounter.table","NW_015090842.1:10315784",6,20,14
"COG8","s1324_S_TNA_03_ASEReadCounter.table","NW_015090842.1:10316093",16,28,12
"COG8","s1324_S_TNA_03_ASEReadCounter.table","NW_015090842.1:10316133",13,25,12
"NIP7","s1324_S_TNA_03_ASEReadCounter.table","NW_015090842.1:10316759",13,29,16
"NIP7","s1324_S_TNA_03_ASEReadCounter.table","NW_015090842.1:10316967",123,247,124
"NIP7","s1324_S_TNA_03_ASEReadCounter.table","NW_015090842.1:10316995",139,272,133
"NIP7","s1324_S_TNA_03_ASEReadCounter.table","NW_015090842.1:10317240",207,363,156
"NIP7","s1324_S_TNA_03_ASEReadCounter.table","NW_015090842.1:10317247",201,370,169
"NIP7","s1324_S_TNA_03_ASEReadCounter.table","NW_015090842.1:10317264",192,355,163
"NIP7","s1324_S_TNA_03_ASEReadCounter.table","NW_015090842.1:10317433",198,423,225
"NIP7","s1324_S_TNA_03_ASEReadCounter.table","NW_015090842.1:10317738",179,430,251
"NIP7","s1324_S_TNA_03_ASEReadCounter.table","NW_015090842.1:10317769",183,418,235
"NIP7","s1324_S_TNA_03_ASEReadCounter.table","NW_015090842.1:10317808",141,297,156
"NIP7","s1324_S_TNA_03_ASEReadCounter.table","NW_015090842.1:10317870",88,225,137
"NIP7","s1324_S_TNA_03_ASEReadCounter.table","NW_015090842.1:10317871",87,222,135
"NIP7","s1324_S_TNA_03_ASEReadCounter.table","NW_015090842.1:10317898",59,148,89
"NIP7","s1324_S_TNA_03_ASEReadCounter.table","NW_015090842.1:10317911",55,140,85
"TMED6","s1324_S_TNA_03_ASEReadCounter.table","NW_015090842.1:10318514",1,2,1
"TMED6","s1324_S_TNA_03_ASEReadCounter.table","NW_015090842.1:10318731",1,2,1
"TERF2","s1324_S_TNA_03_ASEReadCounter.table","NW_015090842.1:10321768",29,53,24
"TERF2","s1324_S_TNA_03_ASEReadCounter.table","NW_015090842.1:10321777",27,52,25
"TERF2","s1324_S_TNA_03_ASEReadCounter.table","NW_015090842.1:10321805",27,56,29
"TERF2","s1324_S_TNA_03_ASEReadCounter.table","NW_015090842.1:10321878",34,88,54
"TERF2","s1324_S_TNA_03_ASEReadCounter.table","NW_015090842.1:10321893",34,88,54
"TERF2","s1324_S_TNA_03_ASEReadCounter.table","NW_015090842.1:10321897",33,81,48
"TERF2","s1324_S_TNA_03_ASEReadCounter.table","NW_015090842.1:10321908",33,79,46
"TERF2","s1324_S_TNA_03_ASEReadCounter.table","NW_015090842.1:10322001",41,104,63
"TERF2","s1324_S_TNA_03_ASEReadCounter.table","NW_015090842.1:10322035",39,92,53
"TERF2","s1324_S_TNA_03_ASEReadCounter.table","NW_015090842.1:10322051",36,96,60
"TERF2","s1324_S_TNA_03_ASEReadCounter.table","NW_015090842.1:10322137",28,70,42
"TERF2","s1324_S_TNA_03_ASEReadCounter.table","NW_015090842.1:10322144",29,67,38
"TERF2","s1324_S_TNA_03_ASEReadCounter.table","NW_015090842.1:10322388",16,75,59
"TERF2","s1324_S_TNA_03_ASEReadCounter.table","NW_015090842.1:10322396",17,75,58
"TERF2","s1324_S_TNA_03_ASEReadCounter.table","NW_015090842.1:10322502",43,96,53
"TERF2","s1324_S_TNA_03_ASEReadCounter.table","NW_015090842.1:10322504",43,96,53
"TERF2","s1324_S_TNA_03_ASEReadCounter.table","NW_015090842.1:10322510",41,91,50
"TERF2","s1324_S_TNA_03_ASEReadCounter.table","NW_015090842.1:10323580",40,80,40
"TERF2","s1324_S_TNA_03_ASEReadCounter.table","NW_015090842.1:10324314",33,76,43
"TERF2","s1324_S_TNA_03_ASEReadCounter.table","NW_015090842.1:10326832",26,52,26
"TERF2","s1324_S_TNA_03_ASEReadCounter.table","NW_015090842.1:10327787",22,41,19
"TERF2","s1324_S_TNA_03_ASEReadCounter.table","NW_015090842.1:10328588",19,32,13
"TERF2","s1324_S_TNA_03_ASEReadCounter.table","NW_015090842.1:10328644",22,39,17
"TERF2","s1324_S_TNA_03_ASEReadCounter.table","NW_015090842.1:10329813",10,28,18
"TERF2","s1324_S_TNA_03_ASEReadCounter.table","NW_015090842.1:10330749",13,26,13
"TERF2","s1324_S_TNA_03_ASEReadCounter.table","NW_015090842.1:10330789",14,31,17
"CYB5B","s1324_S_TNA_03_ASEReadCounter.table","NW_015090842.1:10336595",4,13,9
"CYB5B","s1324_S_TNA_03_ASEReadCounter.table","NW_015090842.1:10336667",44,107,63
"CYB5B","s1324_S_TNA_03_ASEReadCounter.table","NW_015090842.1:10336689",69,156,87
"CYB5B","s1324_S_TNA_03_ASEReadCounter.table","NW_015090842.1:10336728",92,212,120
"CYB5B","s1324_S_TNA_03_ASEReadCounter.table","NW_015090842.1:10345068",89,224,135
"CYB5B","s1324_S_TNA_03_ASEReadCounter.table","NW_015090842.1:10348800",158,316,158
"CYB5B","s1324_S_TNA_03_ASEReadCounter.table","NW_015090842.1:10349046",156,310,154
"CYB5B","s1324_S_TNA_03_ASEReadCounter.table","NW_015090842.1:10349119",65,228,163
"CYB5B","s1324_S_TNA_03_ASEReadCounter.table","NW_015090842.1:10349146",44,209,165
"CYB5B","s1324_S_TNA_03_ASEReadCounter.table","NW_015090842.1:10349157",70,231,161
"CYB5B","s1324_S_TNA_03_ASEReadCounter.table","NW_015090842.1:10349263",210,210,0
