"gene","id","snp","ref_count","total_count","alt_count"
"CENPN","s1324_S_NC_02_ASEReadCounter.table","NW_015090842.1:5802008",1,3,2
"CENPN","s1324_S_NC_02_ASEReadCounter.table","NW_015090842.1:5802012",1,3,2
"CENPN","s1324_S_NC_02_ASEReadCounter.table","NW_015090842.1:5802087",1,2,1
"CENPN","s1324_S_NC_02_ASEReadCounter.table","NW_015090842.1:5810113",4,4,0
"CENPN","s1324_S_NC_02_ASEReadCounter.table","NW_015090842.1:5810147",2,2,0
"CENPN","s1324_S_NC_02_ASEReadCounter.table","NW_015090842.1:5810148",2,2,0
"ATMIN","s1324_S_NC_02_ASEReadCounter.table","NW_015090842.1:5818789",0,3,3
"ATMIN","s1324_S_NC_02_ASEReadCounter.table","NW_015090842.1:5819958",0,2,2
"ATMIN","s1324_S_NC_02_ASEReadCounter.table","NW_015090842.1:5820004",1,2,1
"ATMIN","s1324_S_NC_02_ASEReadCounter.table","NW_015090842.1:5820217",2,5,3
"ATMIN","s1324_S_NC_02_ASEReadCounter.table","NW_015090842.1:5820250",2,6,4
"ATMIN","s1324_S_NC_02_ASEReadCounter.table","NW_015090842.1:5820298",2,4,2
"ATMIN","s1324_S_NC_02_ASEReadCounter.table","NW_015090842.1:5820417",4,9,5
"ATMIN","s1324_S_NC_02_ASEReadCounter.table","NW_015090842.1:5820421",3,7,4
"ATMIN","s1324_S_NC_02_ASEReadCounter.table","NW_015090842.1:5820448",4,8,4
"ATMIN","s1324_S_NC_02_ASEReadCounter.table","NW_015090842.1:5820457",3,7,4
"ATMIN","s1324_S_NC_02_ASEReadCounter.table","NW_015090842.1:5820510",6,12,6
"ATMIN","s1324_S_NC_02_ASEReadCounter.table","NW_015090842.1:5820673",2,4,2
"ATMIN","s1324_S_NC_02_ASEReadCounter.table","NW_015090842.1:5820754",1,6,5
"ATMIN","s1324_S_NC_02_ASEReadCounter.table","NW_015090842.1:5820820",3,7,4
"ATMIN","s1324_S_NC_02_ASEReadCounter.table","NW_015090842.1:5820865",3,5,2
"ATMIN","s1324_S_NC_02_ASEReadCounter.table","NW_015090842.1:5820889",5,7,2
"ATMIN","s1324_S_NC_02_ASEReadCounter.table","NW_015090842.1:5820891",5,7,2
"ATMIN","s1324_S_NC_02_ASEReadCounter.table","NW_015090842.1:5820997",7,12,5
"ATMIN","s1324_S_NC_02_ASEReadCounter.table","NW_015090842.1:5821063",5,7,2
"ATMIN","s1324_S_NC_02_ASEReadCounter.table","NW_015090842.1:5821132",5,10,5
"ATMIN","s1324_S_NC_02_ASEReadCounter.table","NW_015090842.1:5821645",5,10,5
"ATMIN","s1324_S_NC_02_ASEReadCounter.table","NW_015090842.1:5825066",12,22,10
"ATMIN","s1324_S_NC_02_ASEReadCounter.table","NW_015090842.1:5825106",9,24,15
"ATMIN","s1324_S_NC_02_ASEReadCounter.table","NW_015090842.1:5825122",3,21,18
"ATMIN","s1324_S_NC_02_ASEReadCounter.table","NW_015090842.1:5825178",6,18,12
"ATMIN","s1324_S_NC_02_ASEReadCounter.table","NW_015090842.1:5825194",9,17,8
"ATMIN","s1324_S_NC_02_ASEReadCounter.table","NW_015090842.1:5825195",9,19,10
"ATMIN","s1324_S_NC_02_ASEReadCounter.table","NW_015090842.1:5825220",10,18,8
"ATMIN","s1324_S_NC_02_ASEReadCounter.table","NW_015090842.1:5825240",17,26,9
"ATMIN","s1324_S_NC_02_ASEReadCounter.table","NW_015090842.1:5825303",15,34,19
"ATMIN","s1324_S_NC_02_ASEReadCounter.table","NW_015090842.1:5825304",15,37,22
"ATMIN","s1324_S_NC_02_ASEReadCounter.table","NW_015090842.1:5825310",16,38,22
"ATMIN","s1324_S_NC_02_ASEReadCounter.table","NW_015090842.1:5825406",14,30,16
"ATMIN","s1324_S_NC_02_ASEReadCounter.table","NW_015090842.1:5825415",14,30,16
"ATMIN","s1324_S_NC_02_ASEReadCounter.table","NW_015090842.1:5825438",14,33,19
"ATMIN","s1324_S_NC_02_ASEReadCounter.table","NW_015090842.1:5825485",16,29,13
"ATMIN","s1324_S_NC_02_ASEReadCounter.table","NW_015090842.1:5825524",15,31,16
"ATMIN","s1324_S_NC_02_ASEReadCounter.table","NW_015090842.1:5825557",14,31,17
"ATMIN","s1324_S_NC_02_ASEReadCounter.table","NW_015090842.1:5825571",16,33,17
"ATMIN","s1324_S_NC_02_ASEReadCounter.table","NW_015090842.1:5825579",16,34,18
"ATMIN","s1324_S_NC_02_ASEReadCounter.table","NW_015090842.1:5825590",15,28,13
"ATMIN","s1324_S_NC_02_ASEReadCounter.table","NW_015090842.1:5825689",18,33,15
"ATMIN","s1324_S_NC_02_ASEReadCounter.table","NW_015090842.1:5825703",21,33,12
"ATMIN","s1324_S_NC_02_ASEReadCounter.table","NW_015090842.1:5825787",17,37,20
"ATMIN","s1324_S_NC_02_ASEReadCounter.table","NW_015090842.1:5825833",15,40,25
"ATMIN","s1324_S_NC_02_ASEReadCounter.table","NW_015090842.1:5825841",15,39,24
"ATMIN","s1324_S_NC_02_ASEReadCounter.table","NW_015090842.1:5825895",16,42,26
"ATMIN","s1324_S_NC_02_ASEReadCounter.table","NW_015090842.1:5825984",13,47,34
"ATMIN","s1324_S_NC_02_ASEReadCounter.table","NW_015090842.1:5826162",15,44,29
"ATMIN","s1324_S_NC_02_ASEReadCounter.table","NW_015090842.1:5826194",21,48,27
"ATMIN","s1324_S_NC_02_ASEReadCounter.table","NW_015090842.1:5826235",26,57,31
"ATMIN","s1324_S_NC_02_ASEReadCounter.table","NW_015090842.1:5826245",25,57,32
"ATMIN","s1324_S_NC_02_ASEReadCounter.table","NW_015090842.1:5826335",13,34,21
"ATMIN","s1324_S_NC_02_ASEReadCounter.table","NW_015090842.1:5826417",18,48,30
"ATMIN","s1324_S_NC_02_ASEReadCounter.table","NW_015090842.1:5826431",17,60,43
"ATMIN","s1324_S_NC_02_ASEReadCounter.table","NW_015090842.1:5826438",20,57,37
"ATMIN","s1324_S_NC_02_ASEReadCounter.table","NW_015090842.1:5826463",22,62,40
"ATMIN","s1324_S_NC_02_ASEReadCounter.table","NW_015090842.1:5826502",26,69,43
"ATMIN","s1324_S_NC_02_ASEReadCounter.table","NW_015090842.1:5826511",28,68,40
"ATMIN","s1324_S_NC_02_ASEReadCounter.table","NW_015090842.1:5826659",24,53,29
"ATMIN","s1324_S_NC_02_ASEReadCounter.table","NW_015090842.1:5826701",30,57,27
"ATMIN","s1324_S_NC_02_ASEReadCounter.table","NW_015090842.1:5826702",30,57,27
"ATMIN","s1324_S_NC_02_ASEReadCounter.table","NW_015090842.1:5826732",32,66,34
"ATMIN","s1324_S_NC_02_ASEReadCounter.table","NW_015090842.1:5826745",36,73,37
"ATMIN","s1324_S_NC_02_ASEReadCounter.table","NW_015090842.1:5826835",48,98,50
"ATMIN","s1324_S_NC_02_ASEReadCounter.table","NW_015090842.1:5826910",36,83,47
"ATMIN","s1324_S_NC_02_ASEReadCounter.table","NW_015090842.1:5826942",22,70,48
"ATMIN","s1324_S_NC_02_ASEReadCounter.table","NW_015090842.1:5827193",49,99,50
"ATMIN","s1324_S_NC_02_ASEReadCounter.table","NW_015090842.1:5827196",50,101,51
"ATMIN","s1324_S_NC_02_ASEReadCounter.table","NW_015090842.1:5827269",47,98,51
"ATMIN","s1324_S_NC_02_ASEReadCounter.table","NW_015090842.1:5827315",42,84,42
"ATMIN","s1324_S_NC_02_ASEReadCounter.table","NW_015090842.1:5827316",42,85,43
"ATMIN","s1324_S_NC_02_ASEReadCounter.table","NW_015090842.1:5827333",39,82,43
"PPP1R3E","s1324_S_NC_02_ASEReadCounter.table","NW_015090842.1:5837733",5,7,2
"PPP1R3E","s1324_S_NC_02_ASEReadCounter.table","NW_015090842.1:5837947",5,10,5
"PKD1L2","s1324_S_NC_02_ASEReadCounter.table","NW_015090842.1:5867509",1,1,0
"PKD1L2","s1324_S_NC_02_ASEReadCounter.table","NW_015090842.1:5867675",1,1,0
"PKD1L2","s1324_S_NC_02_ASEReadCounter.table","NW_015090842.1:5867788",1,1,0
"BCO1","s1324_S_NC_02_ASEReadCounter.table","NW_015090842.1:5915646",1,1,0
"BCO1","s1324_S_NC_02_ASEReadCounter.table","NW_015090842.1:5917836",1,1,0
"BCO1","s1324_S_NC_02_ASEReadCounter.table","NW_015090842.1:5917912",2,2,0
"BCO1","s1324_S_NC_02_ASEReadCounter.table","NW_015090842.1:5917941",2,2,0
"BCO1","s1324_S_NC_02_ASEReadCounter.table","NW_015090842.1:5917971",2,2,0
"BCO1","s1324_S_NC_02_ASEReadCounter.table","NW_015090842.1:5921679",1,1,0
"BCO1","s1324_S_NC_02_ASEReadCounter.table","NW_015090842.1:5921726",2,2,0
"BCO1","s1324_S_NC_02_ASEReadCounter.table","NW_015090842.1:5925669",1,1,0
"BCO1","s1324_S_NC_02_ASEReadCounter.table","NW_015090842.1:5927948",1,1,0
"BCO1","s1324_S_NC_02_ASEReadCounter.table","NW_015090842.1:5927968",1,1,0
"BCO1","s1324_S_NC_02_ASEReadCounter.table","NW_015090842.1:5932726",3,6,3
"BCO1","s1324_S_NC_02_ASEReadCounter.table","NW_015090842.1:5932801",6,8,2
"BCO1","s1324_S_NC_02_ASEReadCounter.table","NW_015090842.1:5934558",4,7,3
"BCO1","s1324_S_NC_02_ASEReadCounter.table","NW_015090842.1:5934575",3,7,4
"BCO1","s1324_S_NC_02_ASEReadCounter.table","NW_015090842.1:5934608",4,9,5
"BCO1","s1324_S_NC_02_ASEReadCounter.table","NW_015090842.1:5934647",4,9,5
"BCO1","s1324_S_NC_02_ASEReadCounter.table","NW_015090842.1:5934725",3,5,2
"BCO1","s1324_S_NC_02_ASEReadCounter.table","NW_015090842.1:5934726",3,5,2
"BCO1","s1324_S_NC_02_ASEReadCounter.table","NW_015090842.1:5934733",2,4,2
"BCO1","s1324_S_NC_02_ASEReadCounter.table","NW_015090842.1:5934821",2,5,3
"BCO1","s1324_S_NC_02_ASEReadCounter.table","NW_015090842.1:5934826",3,6,3
"BCO1","s1324_S_NC_02_ASEReadCounter.table","NW_015090842.1:5934844",1,3,2
"BCO1","s1324_S_NC_02_ASEReadCounter.table","NW_015090842.1:5934958",6,10,4
"BCO1","s1324_S_NC_02_ASEReadCounter.table","NW_015090842.1:5934976",6,10,4
"GAN","s1324_S_NC_02_ASEReadCounter.table","NW_015090842.1:5953759",4,12,8
"GAN","s1324_S_NC_02_ASEReadCounter.table","NW_015090842.1:5957502",9,26,17
"GAN","s1324_S_NC_02_ASEReadCounter.table","NW_015090842.1:5957578",13,25,12
"GAN","s1324_S_NC_02_ASEReadCounter.table","NW_015090842.1:5965028",7,23,16
"GAN","s1324_S_NC_02_ASEReadCounter.table","NW_015090842.1:5966047",8,24,16
"GAN","s1324_S_NC_02_ASEReadCounter.table","NW_015090842.1:5966126",9,29,20
"GAN","s1324_S_NC_02_ASEReadCounter.table","NW_015090842.1:5966127",8,29,21
"GAN","s1324_S_NC_02_ASEReadCounter.table","NW_015090842.1:5966162",15,37,22
"GAN","s1324_S_NC_02_ASEReadCounter.table","NW_015090842.1:5966483",32,69,37
"CMIP","s1324_S_NC_02_ASEReadCounter.table","NW_015090842.1:6109159",4,12,8
"CMIP","s1324_S_NC_02_ASEReadCounter.table","NW_015090842.1:6109166",3,8,5
"CMIP","s1324_S_NC_02_ASEReadCounter.table","NW_015090842.1:6114641",11,24,13
"CMIP","s1324_S_NC_02_ASEReadCounter.table","NW_015090842.1:6114751",15,26,11
"CMIP","s1324_S_NC_02_ASEReadCounter.table","NW_015090842.1:6114824",12,24,12
"CMIP","s1324_S_NC_02_ASEReadCounter.table","NW_015090842.1:6128998",23,37,14
"CMIP","s1324_S_NC_02_ASEReadCounter.table","NW_015090842.1:6130562",24,61,37
"CMIP","s1324_S_NC_02_ASEReadCounter.table","NW_015090842.1:6132522",21,51,30
"CMIP","s1324_S_NC_02_ASEReadCounter.table","NW_015090842.1:6134088",27,59,32
"CMIP","s1324_S_NC_02_ASEReadCounter.table","NW_015090842.1:6138265",72,175,103
"CMIP","s1324_S_NC_02_ASEReadCounter.table","NW_015090842.1:6138300",74,178,104
"CMIP","s1324_S_NC_02_ASEReadCounter.table","NW_015090842.1:6138342",63,134,71
"CMIP","s1324_S_NC_02_ASEReadCounter.table","NW_015090842.1:6138343",62,137,75
"CMIP","s1324_S_NC_02_ASEReadCounter.table","NW_015090842.1:6138345",63,139,76
"CMIP","s1324_S_NC_02_ASEReadCounter.table","NW_015090842.1:6138647",40,90,50
"CMIP","s1324_S_NC_02_ASEReadCounter.table","NW_015090842.1:6138745",39,89,50
"CMIP","s1324_S_NC_02_ASEReadCounter.table","NW_015090842.1:6138832",7,33,26
"CMIP","s1324_S_NC_02_ASEReadCounter.table","NW_015090842.1:6138967",45,91,46
"CMIP","s1324_S_NC_02_ASEReadCounter.table","NW_015090842.1:6139131",30,58,28
"CMIP","s1324_S_NC_02_ASEReadCounter.table","NW_015090842.1:6139163",15,49,34
"CMIP","s1324_S_NC_02_ASEReadCounter.table","NW_015090842.1:6139360",20,38,18
"CMIP","s1324_S_NC_02_ASEReadCounter.table","NW_015090842.1:6139572",9,24,15
"CMIP","s1324_S_NC_02_ASEReadCounter.table","NW_015090842.1:6139773",60,60,0
"PLCG2","s1324_S_NC_02_ASEReadCounter.table","NW_015090842.1:6179613",1,1,0
"PLCG2","s1324_S_NC_02_ASEReadCounter.table","NW_015090842.1:6179658",2,2,0
"PLCG2","s1324_S_NC_02_ASEReadCounter.table","NW_015090842.1:6205047",0,2,2
"PLCG2","s1324_S_NC_02_ASEReadCounter.table","NW_015090842.1:6208541",0,2,2
"PLCG2","s1324_S_NC_02_ASEReadCounter.table","NW_015090842.1:6209741",0,1,1
"PLCG2","s1324_S_NC_02_ASEReadCounter.table","NW_015090842.1:6209798",0,1,1
"PLCG2","s1324_S_NC_02_ASEReadCounter.table","NW_015090842.1:6209816",0,1,1
"PLCG2","s1324_S_NC_02_ASEReadCounter.table","NW_015090842.1:6217547",0,1,1
"PLCG2","s1324_S_NC_02_ASEReadCounter.table","NW_015090842.1:6220552",0,4,4
"PLCG2","s1324_S_NC_02_ASEReadCounter.table","NW_015090842.1:6221969",0,2,2
"PLCG2","s1324_S_NC_02_ASEReadCounter.table","NW_015090842.1:6228672",0,1,1
"PLCG2","s1324_S_NC_02_ASEReadCounter.table","NW_015090842.1:6228694",0,1,1
"PLCG2","s1324_S_NC_02_ASEReadCounter.table","NW_015090842.1:6228722",0,1,1
"PLCG2","s1324_S_NC_02_ASEReadCounter.table","NW_015090842.1:6228835",0,1,1
"PLCG2","s1324_S_NC_02_ASEReadCounter.table","NW_015090842.1:6228841",0,1,1
"PLCG2","s1324_S_NC_02_ASEReadCounter.table","NW_015090842.1:6228865",0,1,1
"PLCG2","s1324_S_NC_02_ASEReadCounter.table","NW_015090842.1:6228917",1,2,1
"PLCG2","s1324_S_NC_02_ASEReadCounter.table","NW_015090842.1:6228926",1,2,1
"PLCG2","s1324_S_NC_02_ASEReadCounter.table","NW_015090842.1:6228954",1,2,1
"PLCG2","s1324_S_NC_02_ASEReadCounter.table","NW_015090842.1:6229213",1,1,0
"PLCG2","s1324_S_NC_02_ASEReadCounter.table","NW_015090842.1:6229231",1,1,0
"PLCG2","s1324_S_NC_02_ASEReadCounter.table","NW_015090842.1:6229663",2,3,1
"PLCG2","s1324_S_NC_02_ASEReadCounter.table","NW_015090842.1:6229748",1,1,0
"PLCG2","s1324_S_NC_02_ASEReadCounter.table","NW_015090842.1:6229892",0,2,2
"PLCG2","s1324_S_NC_02_ASEReadCounter.table","NW_015090842.1:6230248",1,2,1
"PLCG2","s1324_S_NC_02_ASEReadCounter.table","NW_015090842.1:6230255",1,2,1
"PLCG2","s1324_S_NC_02_ASEReadCounter.table","NW_015090842.1:6230296",1,1,0
"PLCG2","s1324_S_NC_02_ASEReadCounter.table","NW_015090842.1:6230349",3,3,0
"PLCG2","s1324_S_NC_02_ASEReadCounter.table","NW_015090842.1:6230381",2,2,0
"PLCG2","s1324_S_NC_02_ASEReadCounter.table","NW_015090842.1:6230408",2,2,0
"PLCG2","s1324_S_NC_02_ASEReadCounter.table","NW_015090842.1:6230439",1,1,0
"PLCG2","s1324_S_NC_02_ASEReadCounter.table","NW_015090842.1:6230757",0,1,1
"PLCG2","s1324_S_NC_02_ASEReadCounter.table","NW_015090842.1:6230758",0,1,1
"PLCG2","s1324_S_NC_02_ASEReadCounter.table","NW_015090842.1:6230898",1,1,0
"PLCG2","s1324_S_NC_02_ASEReadCounter.table","NW_015090842.1:6230976",2,4,2
"PLCG2","s1324_S_NC_02_ASEReadCounter.table","NW_015090842.1:6231078",1,1,0
"PLCG2","s1324_S_NC_02_ASEReadCounter.table","NW_015090842.1:6231138",1,1,0
"PLCG2","s1324_S_NC_02_ASEReadCounter.table","NW_015090842.1:6231177",1,1,0
"PLCG2","s1324_S_NC_02_ASEReadCounter.table","NW_015090842.1:6231263",2,2,0
"PLCG2","s1324_S_NC_02_ASEReadCounter.table","NW_015090842.1:6231309",2,2,0
"SDR42E1","s1324_S_NC_02_ASEReadCounter.table","NW_015090842.1:6235315",0,3,3
"SDR42E1","s1324_S_NC_02_ASEReadCounter.table","NW_015090842.1:6235348",1,4,3
"SDR42E1","s1324_S_NC_02_ASEReadCounter.table","NW_015090842.1:6235355",1,5,4
"SDR42E1","s1324_S_NC_02_ASEReadCounter.table","NW_015090842.1:6235417",1,6,5
"SDR42E1","s1324_S_NC_02_ASEReadCounter.table","NW_015090842.1:6235526",3,3,0
"SDR42E1","s1324_S_NC_02_ASEReadCounter.table","NW_015090842.1:6235558",1,3,2
"SDR42E1","s1324_S_NC_02_ASEReadCounter.table","NW_015090842.1:6235603",6,6,0
"SDR42E1","s1324_S_NC_02_ASEReadCounter.table","NW_015090842.1:6235741",1,6,5
"SDR42E1","s1324_S_NC_02_ASEReadCounter.table","NW_015090842.1:6235777",1,5,4
"SDR42E1","s1324_S_NC_02_ASEReadCounter.table","NW_015090842.1:6235806",1,6,5
"SDR42E1","s1324_S_NC_02_ASEReadCounter.table","NW_015090842.1:6235809",1,6,5
"SDR42E1","s1324_S_NC_02_ASEReadCounter.table","NW_015090842.1:6235816",1,6,5
"SDR42E1","s1324_S_NC_02_ASEReadCounter.table","NW_015090842.1:6235914",1,3,2
"SDR42E1","s1324_S_NC_02_ASEReadCounter.table","NW_015090842.1:6235935",1,3,2
"SDR42E1","s1324_S_NC_02_ASEReadCounter.table","NW_015090842.1:6235957",1,3,2
"SDR42E1","s1324_S_NC_02_ASEReadCounter.table","NW_015090842.1:6236040",1,1,0
"SDR42E1","s1324_S_NC_02_ASEReadCounter.table","NW_015090842.1:6236260",0,1,1
"SDR42E1","s1324_S_NC_02_ASEReadCounter.table","NW_015090842.1:6236281",0,2,2
"SDR42E1","s1324_S_NC_02_ASEReadCounter.table","NW_015090842.1:6236305",0,3,3
"SDR42E1","s1324_S_NC_02_ASEReadCounter.table","NW_015090842.1:6236458",0,5,5
"SDR42E1","s1324_S_NC_02_ASEReadCounter.table","NW_015090842.1:6236476",0,5,5
"SDR42E1","s1324_S_NC_02_ASEReadCounter.table","NW_015090842.1:6236608",2,3,1
"HSD17B2","s1324_S_NC_02_ASEReadCounter.table","NW_015090842.1:6257829",0,2,2
"HSD17B2","s1324_S_NC_02_ASEReadCounter.table","NW_015090842.1:6262951",0,3,3
"HSD17B2","s1324_S_NC_02_ASEReadCounter.table","NW_015090842.1:6262974",0,2,2
"HSD17B2","s1324_S_NC_02_ASEReadCounter.table","NW_015090842.1:6266125",0,2,2
"HSD17B2","s1324_S_NC_02_ASEReadCounter.table","NW_015090842.1:6266135",0,2,2
"HSD17B2","s1324_S_NC_02_ASEReadCounter.table","NW_015090842.1:6266795",0,1,1
"HSD17B2","s1324_S_NC_02_ASEReadCounter.table","NW_015090842.1:6266918",0,2,2
"HSD17B2","s1324_S_NC_02_ASEReadCounter.table","NW_015090842.1:6266944",0,2,2
"HSD17B2","s1324_S_NC_02_ASEReadCounter.table","NW_015090842.1:6266997",0,2,2
"HSD17B2","s1324_S_NC_02_ASEReadCounter.table","NW_015090842.1:6267053",0,1,1
"HSD17B2","s1324_S_NC_02_ASEReadCounter.table","NW_015090842.1:6267196",0,1,1
"HSD17B2","s1324_S_NC_02_ASEReadCounter.table","NW_015090842.1:6267273",0,1,1
"HSD17B2","s1324_S_NC_02_ASEReadCounter.table","NW_015090842.1:6267358",0,2,2
"HSD17B2","s1324_S_NC_02_ASEReadCounter.table","NW_015090842.1:6267674",0,6,6
"HSD17B2","s1324_S_NC_02_ASEReadCounter.table","NW_015090842.1:6267913",0,1,1
"ARY2","s1324_S_NC_02_ASEReadCounter.table","NW_015090842.1:6303922",4,5,1
"ARY2","s1324_S_NC_02_ASEReadCounter.table","NW_015090842.1:6303954",3,5,2
"ARY2","s1324_S_NC_02_ASEReadCounter.table","NW_015090842.1:6303979",2,4,2
"ARY2","s1324_S_NC_02_ASEReadCounter.table","NW_015090842.1:6305848",5,6,1
"ARY2","s1324_S_NC_02_ASEReadCounter.table","NW_015090842.1:6305856",5,6,1
"ARY2","s1324_S_NC_02_ASEReadCounter.table","NW_015090842.1:6305857",5,6,1
"ARY2","s1324_S_NC_02_ASEReadCounter.table","NW_015090842.1:6306017",3,7,4
"ARY2","s1324_S_NC_02_ASEReadCounter.table","NW_015090842.1:6306052",4,7,3
"ARY2","s1324_S_NC_02_ASEReadCounter.table","NW_015090842.1:6306094",2,5,3
"ARY2","s1324_S_NC_02_ASEReadCounter.table","NW_015090842.1:6306100",2,5,3
"ARY2","s1324_S_NC_02_ASEReadCounter.table","NW_015090842.1:6306146",0,2,2
"ARY2","s1324_S_NC_02_ASEReadCounter.table","NW_015090842.1:6306147",0,2,2
"ARY2","s1324_S_NC_02_ASEReadCounter.table","NW_015090842.1:6306390",5,11,6
"ARY2","s1324_S_NC_02_ASEReadCounter.table","NW_015090842.1:6306567",2,4,2
"ARY2","s1324_S_NC_02_ASEReadCounter.table","NW_015090842.1:6306705",5,6,1
"ARY2","s1324_S_NC_02_ASEReadCounter.table","NW_015090842.1:6306713",6,6,0
"ARY2","s1324_S_NC_02_ASEReadCounter.table","NW_015090842.1:6306773",1,1,0
"ARY2","s1324_S_NC_02_ASEReadCounter.table","NW_015090842.1:6307039",7,10,3
"ARY2","s1324_S_NC_02_ASEReadCounter.table","NW_015090842.1:6307043",7,10,3
"ARY2","s1324_S_NC_02_ASEReadCounter.table","NW_015090842.1:6307093",10,12,2
"ARY2","s1324_S_NC_02_ASEReadCounter.table","NW_015090842.1:6307138",6,8,2
"ARY2","s1324_S_NC_02_ASEReadCounter.table","NW_015090842.1:6307157",3,5,2
"ARY2","s1324_S_NC_02_ASEReadCounter.table","NW_015090842.1:6307187",7,9,2
"ARY2","s1324_S_NC_02_ASEReadCounter.table","NW_015090842.1:6307278",4,6,2
"ARY2","s1324_S_NC_02_ASEReadCounter.table","NW_015090842.1:6307305",5,7,2
"ARY2","s1324_S_NC_02_ASEReadCounter.table","NW_015090842.1:6307318",3,5,2
"ARY2","s1324_S_NC_02_ASEReadCounter.table","NW_015090842.1:6307429",8,9,1
"ARY2","s1324_S_NC_02_ASEReadCounter.table","NW_015090842.1:6307487",7,8,1
"ARY2","s1324_S_NC_02_ASEReadCounter.table","NW_015090842.1:6307670",4,5,1
"ARYL","s1324_S_NC_02_ASEReadCounter.table","NW_015090842.1:6313360",5,7,2
"ARYL","s1324_S_NC_02_ASEReadCounter.table","NW_015090842.1:6313377",4,6,2
"ARYL","s1324_S_NC_02_ASEReadCounter.table","NW_015090842.1:6313767",4,5,1
"ARY1","s1324_S_NC_02_ASEReadCounter.table","NW_015090842.1:6313909",3,3,0
"ARY1","s1324_S_NC_02_ASEReadCounter.table","NW_015090842.1:6314296",5,7,2
"ARY1","s1324_S_NC_02_ASEReadCounter.table","NW_015090842.1:6314541",1,3,2
"ARY1","s1324_S_NC_02_ASEReadCounter.table","NW_015090842.1:6314597",0,3,3
"ARY1","s1324_S_NC_02_ASEReadCounter.table","NW_015090842.1:6314750",1,3,2
"ARY1","s1324_S_NC_02_ASEReadCounter.table","NW_015090842.1:6314794",2,4,2
"ARY1","s1324_S_NC_02_ASEReadCounter.table","NW_015090842.1:6314827",3,4,1
"ARY1","s1324_S_NC_02_ASEReadCounter.table","NW_015090842.1:6314843",4,5,1
"ARY1","s1324_S_NC_02_ASEReadCounter.table","NW_015090842.1:6314859",3,5,2
"ARY1","s1324_S_NC_02_ASEReadCounter.table","NW_015090842.1:6314886",3,5,2
"ARY1","s1324_S_NC_02_ASEReadCounter.table","NW_015090842.1:6314943",7,7,0
"ARY1","s1324_S_NC_02_ASEReadCounter.table","NW_015090842.1:6314949",5,5,0
"ARY1","s1324_S_NC_02_ASEReadCounter.table","NW_015090842.1:6315022",3,7,4
"ARY1","s1324_S_NC_02_ASEReadCounter.table","NW_015090842.1:6315026",3,7,4
"ARY1","s1324_S_NC_02_ASEReadCounter.table","NW_015090842.1:6315043",1,4,3
"ARY1","s1324_S_NC_02_ASEReadCounter.table","NW_015090842.1:6315065",1,2,1
"ARY1","s1324_S_NC_02_ASEReadCounter.table","NW_015090842.1:6315409",5,6,1
"ARY1","s1324_S_NC_02_ASEReadCounter.table","NW_015090842.1:6315479",3,6,3
"ARY1","s1324_S_NC_02_ASEReadCounter.table","NW_015090842.1:6318342",8,11,3
"ARY1","s1324_S_NC_02_ASEReadCounter.table","NW_015090842.1:6318427",11,15,4
"ARY1","s1324_S_NC_02_ASEReadCounter.table","NW_015090842.1:6318603",8,10,2
"ARY1","s1324_S_NC_02_ASEReadCounter.table","NW_015090842.1:6318708",6,9,3
"ARY1","s1324_S_NC_02_ASEReadCounter.table","NW_015090842.1:6318858",10,10,0
"ARY1","s1324_S_NC_02_ASEReadCounter.table","NW_015090842.1:6318952",9,16,7
"MPHOSPH6","s1324_S_NC_02_ASEReadCounter.table","NW_015090842.1:6324063",39,90,51
"MPHOSPH6","s1324_S_NC_02_ASEReadCounter.table","NW_015090842.1:6324174",75,155,80
"MPHOSPH6","s1324_S_NC_02_ASEReadCounter.table","NW_015090842.1:6324270",74,171,97
"MPHOSPH6","s1324_S_NC_02_ASEReadCounter.table","NW_015090842.1:6324762",58,113,55
"MPHOSPH6","s1324_S_NC_02_ASEReadCounter.table","NW_015090842.1:6324772",53,101,48
"MPHOSPH6","s1324_S_NC_02_ASEReadCounter.table","NW_015090842.1:6324780",51,96,45
"MPHOSPH6","s1324_S_NC_02_ASEReadCounter.table","NW_015090842.1:6324902",69,119,50
"MPHOSPH6","s1324_S_NC_02_ASEReadCounter.table","NW_015090842.1:6324910",125,125,0
"MPHOSPH6","s1324_S_NC_02_ASEReadCounter.table","NW_015090842.1:6325066",53,102,49
"MPHOSPH6","s1324_S_NC_02_ASEReadCounter.table","NW_015090842.1:6325089",57,120,63
"MPHOSPH6","s1324_S_NC_02_ASEReadCounter.table","NW_015090842.1:6325298",77,149,72
"MPHOSPH6","s1324_S_NC_02_ASEReadCounter.table","NW_015090842.1:6325877",47,106,59
"MPHOSPH6","s1324_S_NC_02_ASEReadCounter.table","NW_015090842.1:6326976",23,65,42
"CDH13","s1324_S_NC_02_ASEReadCounter.table","NW_015090842.1:6662283",5,9,4
"CDH13","s1324_S_NC_02_ASEReadCounter.table","NW_015090842.1:6693665",4,13,9
"CDH13","s1324_S_NC_02_ASEReadCounter.table","NW_015090842.1:6693697",3,14,11
"CDH13","s1324_S_NC_02_ASEReadCounter.table","NW_015090842.1:6693712",2,11,9
"CDH13","s1324_S_NC_02_ASEReadCounter.table","NW_015090842.1:6693723",2,11,9
"CDH13","s1324_S_NC_02_ASEReadCounter.table","NW_015090842.1:6693738",2,8,6
"CDH13","s1324_S_NC_02_ASEReadCounter.table","NW_015090842.1:6823730",6,12,6
"CDH13","s1324_S_NC_02_ASEReadCounter.table","NW_015090842.1:6889713",11,22,11
"CDH13","s1324_S_NC_02_ASEReadCounter.table","NW_015090842.1:6955167",15,26,11
"MLYCD","s1324_S_NC_02_ASEReadCounter.table","NW_015090842.1:7150054",45,89,44
"MLYCD","s1324_S_NC_02_ASEReadCounter.table","NW_015090842.1:7150131",62,117,55
"MLYCD","s1324_S_NC_02_ASEReadCounter.table","NW_015090842.1:7150585",46,81,35
"MLYCD","s1324_S_NC_02_ASEReadCounter.table","NW_015090842.1:7150686",34,55,21
"MLYCD","s1324_S_NC_02_ASEReadCounter.table","NW_015090842.1:7150696",37,59,22
"MLYCD","s1324_S_NC_02_ASEReadCounter.table","NW_015090842.1:7150698",60,60,0
"MLYCD","s1324_S_NC_02_ASEReadCounter.table","NW_015090842.1:7150869",30,64,34
"MLYCD","s1324_S_NC_02_ASEReadCounter.table","NW_015090842.1:7151100",32,56,24
"MLYCD","s1324_S_NC_02_ASEReadCounter.table","NW_015090842.1:7151127",23,51,28
"MLYCD","s1324_S_NC_02_ASEReadCounter.table","NW_015090842.1:7157538",17,35,18
"MLYCD","s1324_S_NC_02_ASEReadCounter.table","NW_015090842.1:7167662",8,21,13
"MLYCD","s1324_S_NC_02_ASEReadCounter.table","NW_015090842.1:7167675",9,22,13
"MLYCD","s1324_S_NC_02_ASEReadCounter.table","NW_015090842.1:7167710",6,14,8
"MLYCD","s1324_S_NC_02_ASEReadCounter.table","NW_015090842.1:7167781",2,6,4
"MLYCD","s1324_S_NC_02_ASEReadCounter.table","NW_015090842.1:7167803",1,3,2
"MLYCD","s1324_S_NC_02_ASEReadCounter.table","NW_015090842.1:7167812",1,4,3
"MLYCD","s1324_S_NC_02_ASEReadCounter.table","NW_015090842.1:7167845",3,10,7
"MLYCD","s1324_S_NC_02_ASEReadCounter.table","NW_015090842.1:7167862",4,12,8
"MLYCD","s1324_S_NC_02_ASEReadCounter.table","NW_015090842.1:7167929",3,10,7
"MLYCD","s1324_S_NC_02_ASEReadCounter.table","NW_015090842.1:7167995",3,4,1
"MLYCD","s1324_S_NC_02_ASEReadCounter.table","NW_015090842.1:7168005",3,4,1
"MLYCD","s1324_S_NC_02_ASEReadCounter.table","NW_015090842.1:7168037",3,7,4
"HSBP1","s1324_S_NC_02_ASEReadCounter.table","NW_015090842.1:7245192",318,580,262
"HSBP1","s1324_S_NC_02_ASEReadCounter.table","NW_015090842.1:7245226",372,690,318
"HSBP1","s1324_S_NC_02_ASEReadCounter.table","NW_015090842.1:7245257",340,636,296
"HSBP1","s1324_S_NC_02_ASEReadCounter.table","NW_015090842.1:7245296",307,633,326
"HSBP1","s1324_S_NC_02_ASEReadCounter.table","NW_015090842.1:7245389",420,738,318
"HSBP1","s1324_S_NC_02_ASEReadCounter.table","NW_015090842.1:7245400",425,711,286
"HSBP1","s1324_S_NC_02_ASEReadCounter.table","NW_015090842.1:7245445",422,722,300
"HSBP1","s1324_S_NC_02_ASEReadCounter.table","NW_015090842.1:7245495",425,721,296
"HSBP1","s1324_S_NC_02_ASEReadCounter.table","NW_015090842.1:7245515",480,797,317
"HSBP1","s1324_S_NC_02_ASEReadCounter.table","NW_015090842.1:7245733",217,448,231
"HSBP1","s1324_S_NC_02_ASEReadCounter.table","NW_015090842.1:7245771",232,435,203
"HSBP1","s1324_S_NC_02_ASEReadCounter.table","NW_015090842.1:7245813",244,431,187
"HSBP1","s1324_S_NC_02_ASEReadCounter.table","NW_015090842.1:7245926",278,520,242
"HSBP1","s1324_S_NC_02_ASEReadCounter.table","NW_015090842.1:7245927",278,520,242
"HSBP1","s1324_S_NC_02_ASEReadCounter.table","NW_015090842.1:7245933",281,507,226
"HSBP1","s1324_S_NC_02_ASEReadCounter.table","NW_015090842.1:7246002",220,394,174
"HSBP1","s1324_S_NC_02_ASEReadCounter.table","NW_015090842.1:7246094",279,485,206
"HSBP1","s1324_S_NC_02_ASEReadCounter.table","NW_015090842.1:7246167",244,452,208
"HSBP1","s1324_S_NC_02_ASEReadCounter.table","NW_015090842.1:7246183",224,424,200
"HSBP1","s1324_S_NC_02_ASEReadCounter.table","NW_015090842.1:7247285",20,27,7
"HSBP1","s1324_S_NC_02_ASEReadCounter.table","NW_015090842.1:7247651",241,523,282
"HSBP1","s1324_S_NC_02_ASEReadCounter.table","NW_015090842.1:7247657",234,516,282
"HSBP1","s1324_S_NC_02_ASEReadCounter.table","NW_015090842.1:7248520",181,341,160
"HSBP1","s1324_S_NC_02_ASEReadCounter.table","NW_015090842.1:7248535",158,293,135
"KCNG4","s1324_S_NC_02_ASEReadCounter.table","NW_015090842.1:7282481",1,4,3
"KCNG4","s1324_S_NC_02_ASEReadCounter.table","NW_015090842.1:7282500",0,2,2
"KCNG4","s1324_S_NC_02_ASEReadCounter.table","NW_015090842.1:7282542",0,2,2
"KCNG4","s1324_S_NC_02_ASEReadCounter.table","NW_015090842.1:7282630",1,2,1
"KCNG4","s1324_S_NC_02_ASEReadCounter.table","NW_015090842.1:7282760",0,1,1
"KCNG4","s1324_S_NC_02_ASEReadCounter.table","NW_015090842.1:7283056",1,2,1
"KCNG4","s1324_S_NC_02_ASEReadCounter.table","NW_015090842.1:7283245",1,2,1
"KCNG4","s1324_S_NC_02_ASEReadCounter.table","NW_015090842.1:7299491",0,1,1
"WFDC1","s1324_S_NC_02_ASEReadCounter.table","NW_015090842.1:7366517",1,1,0
"ATP2C2","s1324_S_NC_02_ASEReadCounter.table","NW_015090842.1:7413747",4,10,6
"TLDC1","s1324_S_NC_02_ASEReadCounter.table","NW_015090842.1:7421997",15,34,19
"COTL1","s1324_S_NC_02_ASEReadCounter.table","NW_015090842.1:7490707",349,670,321
"COTL1","s1324_S_NC_02_ASEReadCounter.table","NW_015090842.1:7490708",349,670,321
"COTL1","s1324_S_NC_02_ASEReadCounter.table","NW_015090842.1:7490711",350,669,319
"COTL1","s1324_S_NC_02_ASEReadCounter.table","NW_015090842.1:7490739",334,653,319
"COTL1","s1324_S_NC_02_ASEReadCounter.table","NW_015090842.1:7490785",318,630,312
"COTL1","s1324_S_NC_02_ASEReadCounter.table","NW_015090842.1:7490820",30,437,407
"COTL1","s1324_S_NC_02_ASEReadCounter.table","NW_015090842.1:7490846",296,614,318
"KLHL36","s1324_S_NC_02_ASEReadCounter.table","NW_015090842.1:7526337",28,28,0
"KLHL36","s1324_S_NC_02_ASEReadCounter.table","NW_015090842.1:7537681",73,73,0
"USP10","s1324_S_NC_02_ASEReadCounter.table","NW_015090842.1:7572213",16,47,31
"USP10","s1324_S_NC_02_ASEReadCounter.table","NW_015090842.1:7572358",35,35,0
"CRISPLD2","s1324_S_NC_02_ASEReadCounter.table","NW_015090842.1:7619796",0,1,1
"CRISPLD2","s1324_S_NC_02_ASEReadCounter.table","NW_015090842.1:7630779",7,7,0
"CRISPLD2","s1324_S_NC_02_ASEReadCounter.table","NW_015090842.1:7633611",3,3,0
"CRISPLD2","s1324_S_NC_02_ASEReadCounter.table","NW_015090842.1:7633787",3,9,6
"CRISPLD2","s1324_S_NC_02_ASEReadCounter.table","NW_015090842.1:7634023",2,2,0
"CRISPLD2","s1324_S_NC_02_ASEReadCounter.table","NW_015090842.1:7634620",3,3,0
"CRISPLD2","s1324_S_NC_02_ASEReadCounter.table","NW_015090842.1:7636315",0,1,1
"LOC106888312","s1324_S_NC_02_ASEReadCounter.table","NW_015090842.1:7732198",1,1,0
"MTHFSD","s1324_S_NC_02_ASEReadCounter.table","NW_015090842.1:8152578",4,10,6
"EMC8","s1324_S_NC_02_ASEReadCounter.table","NW_015090842.1:8452385",17,38,21
"GINS2","s1324_S_NC_02_ASEReadCounter.table","NW_015090842.1:8467469",20,20,0
"GINS2","s1324_S_NC_02_ASEReadCounter.table","NW_015090842.1:8470290",17,44,27
"GINS2","s1324_S_NC_02_ASEReadCounter.table","NW_015090842.1:8470305",13,40,27
"GINS2","s1324_S_NC_02_ASEReadCounter.table","NW_015090842.1:8470376",14,44,30
"GINS2","s1324_S_NC_02_ASEReadCounter.table","NW_015090842.1:8471057",2,6,4
"GSE1","s1324_S_NC_02_ASEReadCounter.table","NW_015090842.1:8483570",4,4,0
"KIAA0513","s1324_S_NC_02_ASEReadCounter.table","NW_015090842.1:8674736",67,67,0
"KIAA0513","s1324_S_NC_02_ASEReadCounter.table","NW_015090842.1:8687268",0,1,1
"KIAA0513","s1324_S_NC_02_ASEReadCounter.table","NW_015090842.1:8693655",1,1,0
"ZCCHC14","s1324_S_NC_02_ASEReadCounter.table","NW_015090842.1:8750189",104,104,0
"JPH3","s1324_S_NC_02_ASEReadCounter.table","NW_015090842.1:8872294",66,130,64
"KLHDC4","s1324_S_NC_02_ASEReadCounter.table","NW_015090842.1:8891175",86,153,67
"KLHDC4","s1324_S_NC_02_ASEReadCounter.table","NW_015090842.1:8905251",17,34,17
"KLHDC4","s1324_S_NC_02_ASEReadCounter.table","NW_015090842.1:8919630",8,12,4
"SLC7A5","s1324_S_NC_02_ASEReadCounter.table","NW_015090842.1:8940382",116,116,0
"SLC7A5","s1324_S_NC_02_ASEReadCounter.table","NW_015090842.1:8941818",90,90,0
"SLC7A5","s1324_S_NC_02_ASEReadCounter.table","NW_015090842.1:8944655",31,31,0
"CA5A","s1324_S_NC_02_ASEReadCounter.table","NW_015090842.1:8989479",45,73,28
"CA5A","s1324_S_NC_02_ASEReadCounter.table","NW_015090842.1:8989562",74,105,31
"CA5A","s1324_S_NC_02_ASEReadCounter.table","NW_015090842.1:8989609",68,107,39
"CA5A","s1324_S_NC_02_ASEReadCounter.table","NW_015090842.1:8989693",58,109,51
"CA5A","s1324_S_NC_02_ASEReadCounter.table","NW_015090842.1:8989702",59,107,48
"CA5A","s1324_S_NC_02_ASEReadCounter.table","NW_015090842.1:8989746",74,126,52
"CA5A","s1324_S_NC_02_ASEReadCounter.table","NW_015090842.1:8989880",54,90,36
"CA5A","s1324_S_NC_02_ASEReadCounter.table","NW_015090842.1:8989885",58,96,38
"CA5A","s1324_S_NC_02_ASEReadCounter.table","NW_015090842.1:8989929",57,96,39
"CA5A","s1324_S_NC_02_ASEReadCounter.table","NW_015090842.1:8990002",45,83,38
"CA5A","s1324_S_NC_02_ASEReadCounter.table","NW_015090842.1:8990004",44,82,38
"CA5A","s1324_S_NC_02_ASEReadCounter.table","NW_015090842.1:8990005",46,83,37
"CA5A","s1324_S_NC_02_ASEReadCounter.table","NW_015090842.1:8990017",45,79,34
"CA5A","s1324_S_NC_02_ASEReadCounter.table","NW_015090842.1:8990043",44,67,23
"CA5A","s1324_S_NC_02_ASEReadCounter.table","NW_015090842.1:8990080",29,55,26
"CA5A","s1324_S_NC_02_ASEReadCounter.table","NW_015090842.1:8990084",30,55,25
"CA5A","s1324_S_NC_02_ASEReadCounter.table","NW_015090842.1:8990090",39,62,23
"CA5A","s1324_S_NC_02_ASEReadCounter.table","NW_015090842.1:8990095",39,62,23
"CA5A","s1324_S_NC_02_ASEReadCounter.table","NW_015090842.1:8990111",35,57,22
"CA5A","s1324_S_NC_02_ASEReadCounter.table","NW_015090842.1:8990112",34,55,21
"CA5A","s1324_S_NC_02_ASEReadCounter.table","NW_015090842.1:8990115",39,61,22
"CA5A","s1324_S_NC_02_ASEReadCounter.table","NW_015090842.1:8990166",30,54,24
"CA5A","s1324_S_NC_02_ASEReadCounter.table","NW_015090842.1:8990169",33,57,24
"CA5A","s1324_S_NC_02_ASEReadCounter.table","NW_015090842.1:8990222",29,53,24
"CA5A","s1324_S_NC_02_ASEReadCounter.table","NW_015090842.1:8990289",37,65,28
"CA5A","s1324_S_NC_02_ASEReadCounter.table","NW_015090842.1:8990314",37,64,27
"CA5A","s1324_S_NC_02_ASEReadCounter.table","NW_015090842.1:8990361",33,59,26
"CA5A","s1324_S_NC_02_ASEReadCounter.table","NW_015090842.1:8990368",33,57,24
"CA5A","s1324_S_NC_02_ASEReadCounter.table","NW_015090842.1:8990429",25,36,11
"CA5A","s1324_S_NC_02_ASEReadCounter.table","NW_015090842.1:8990466",26,36,10
"CA5A","s1324_S_NC_02_ASEReadCounter.table","NW_015090842.1:8990663",25,41,16
"CA5A","s1324_S_NC_02_ASEReadCounter.table","NW_015090842.1:8990797",23,40,17
"CA5A","s1324_S_NC_02_ASEReadCounter.table","NW_015090842.1:8990836",24,37,13
"CA5A","s1324_S_NC_02_ASEReadCounter.table","NW_015090842.1:8990842",22,35,13
"CA5A","s1324_S_NC_02_ASEReadCounter.table","NW_015090842.1:8990851",21,34,13
"CA5A","s1324_S_NC_02_ASEReadCounter.table","NW_015090842.1:8990918",12,27,15
"CA5A","s1324_S_NC_02_ASEReadCounter.table","NW_015090842.1:8990921",13,27,14
"CA5A","s1324_S_NC_02_ASEReadCounter.table","NW_015090842.1:8990942",21,35,14
"CA5A","s1324_S_NC_02_ASEReadCounter.table","NW_015090842.1:8991001",28,43,15
"CA5A","s1324_S_NC_02_ASEReadCounter.table","NW_015090842.1:8991038",20,35,15
"CA5A","s1324_S_NC_02_ASEReadCounter.table","NW_015090842.1:8991149",29,52,23
"CA5A","s1324_S_NC_02_ASEReadCounter.table","NW_015090842.1:8991176",35,58,23
"CA5A","s1324_S_NC_02_ASEReadCounter.table","NW_015090842.1:8991241",28,49,21
"CA5A","s1324_S_NC_02_ASEReadCounter.table","NW_015090842.1:8991262",27,46,19
"CA5A","s1324_S_NC_02_ASEReadCounter.table","NW_015090842.1:8991316",21,23,2
"CA5A","s1324_S_NC_02_ASEReadCounter.table","NW_015090842.1:8991319",19,21,2
"CA5A","s1324_S_NC_02_ASEReadCounter.table","NW_015090842.1:8991330",21,22,1
"CA5A","s1324_S_NC_02_ASEReadCounter.table","NW_015090842.1:8991334",19,21,2
"CA5A","s1324_S_NC_02_ASEReadCounter.table","NW_015090842.1:8991362",25,39,14
"CA5A","s1324_S_NC_02_ASEReadCounter.table","NW_015090842.1:8991368",25,40,15
"CA5A","s1324_S_NC_02_ASEReadCounter.table","NW_015090842.1:8991390",23,40,17
"CA5A","s1324_S_NC_02_ASEReadCounter.table","NW_015090842.1:8991395",26,43,17
"CA5A","s1324_S_NC_02_ASEReadCounter.table","NW_015090842.1:8991422",20,41,21
"CA5A","s1324_S_NC_02_ASEReadCounter.table","NW_015090842.1:8991467",22,37,15
"CA5A","s1324_S_NC_02_ASEReadCounter.table","NW_015090842.1:8991576",14,27,13
"CA5A","s1324_S_NC_02_ASEReadCounter.table","NW_015090842.1:8991587",17,33,16
"CA5A","s1324_S_NC_02_ASEReadCounter.table","NW_015090842.1:8991655",21,31,10
"CA5A","s1324_S_NC_02_ASEReadCounter.table","NW_015090842.1:8991717",16,23,7
"CA5A","s1324_S_NC_02_ASEReadCounter.table","NW_015090842.1:8991726",19,28,9
"CA5A","s1324_S_NC_02_ASEReadCounter.table","NW_015090842.1:8991799",17,30,13
"CA5A","s1324_S_NC_02_ASEReadCounter.table","NW_015090842.1:8991809",13,25,12
"CA5A","s1324_S_NC_02_ASEReadCounter.table","NW_015090842.1:8991848",8,17,9
"CA5A","s1324_S_NC_02_ASEReadCounter.table","NW_015090842.1:8991849",8,18,10
"CA5A","s1324_S_NC_02_ASEReadCounter.table","NW_015090842.1:8991927",12,25,13
"CA5A","s1324_S_NC_02_ASEReadCounter.table","NW_015090842.1:8991941",11,21,10
"CA5A","s1324_S_NC_02_ASEReadCounter.table","NW_015090842.1:8992121",14,26,12
"CA5A","s1324_S_NC_02_ASEReadCounter.table","NW_015090842.1:8992224",16,25,9
"CA5A","s1324_S_NC_02_ASEReadCounter.table","NW_015090842.1:9002570",10,13,3
"CA5A","s1324_S_NC_02_ASEReadCounter.table","NW_015090842.1:9002600",9,10,1
"CA5A","s1324_S_NC_02_ASEReadCounter.table","NW_015090842.1:9004312",7,7,0
"BANP","s1324_S_NC_02_ASEReadCounter.table","NW_015090842.1:9033407",4,4,0
"BANP","s1324_S_NC_02_ASEReadCounter.table","NW_015090842.1:9033409",4,4,0
"BANP","s1324_S_NC_02_ASEReadCounter.table","NW_015090842.1:9033420",4,4,0
"BANP","s1324_S_NC_02_ASEReadCounter.table","NW_015090842.1:9055284",3,5,2
"ZC3H18","s1324_S_NC_02_ASEReadCounter.table","NW_015090842.1:9528933",10,23,13
"MVD","s1324_S_NC_02_ASEReadCounter.table","NW_015090842.1:9550690",49,49,0
"MVD","s1324_S_NC_02_ASEReadCounter.table","NW_015090842.1:9550691",49,49,0
"MVD","s1324_S_NC_02_ASEReadCounter.table","NW_015090842.1:9550699",55,55,0
"MVD","s1324_S_NC_02_ASEReadCounter.table","NW_015090842.1:9550701",54,54,0
"MVD","s1324_S_NC_02_ASEReadCounter.table","NW_015090842.1:9552202",57,57,0
"MVD","s1324_S_NC_02_ASEReadCounter.table","NW_015090842.1:9552223",53,53,0
"MVD","s1324_S_NC_02_ASEReadCounter.table","NW_015090842.1:9552533",57,57,0
"MVD","s1324_S_NC_02_ASEReadCounter.table","NW_015090842.1:9552644",22,47,25
"PIEZO1","s1324_S_NC_02_ASEReadCounter.table","NW_015090842.1:9577447",2,5,3
"PIEZO1","s1324_S_NC_02_ASEReadCounter.table","NW_015090842.1:9579101",2,3,1
"PIEZO1","s1324_S_NC_02_ASEReadCounter.table","NW_015090842.1:9582630",1,3,2
"PIEZO1","s1324_S_NC_02_ASEReadCounter.table","NW_015090842.1:9582976",3,6,3
"PIEZO1","s1324_S_NC_02_ASEReadCounter.table","NW_015090842.1:9583326",1,1,0
"CDT1","s1324_S_NC_02_ASEReadCounter.table","NW_015090842.1:9596711",0,1,1
"CDT1","s1324_S_NC_02_ASEReadCounter.table","NW_015090842.1:9597033",8,8,0
"CDT1","s1324_S_NC_02_ASEReadCounter.table","NW_015090842.1:9597756",5,7,2
"CDT1","s1324_S_NC_02_ASEReadCounter.table","NW_015090842.1:9598873",15,15,0
"ACSF3","s1324_S_NC_02_ASEReadCounter.table","NW_015090842.1:9776737",5,9,4
"ACSF3","s1324_S_NC_02_ASEReadCounter.table","NW_015090842.1:9809639",63,63,0
"ACSF3","s1324_S_NC_02_ASEReadCounter.table","NW_015090842.1:9834743",43,69,26
"ACSF3","s1324_S_NC_02_ASEReadCounter.table","NW_015090842.1:9834762",65,65,0
"ACSF3","s1324_S_NC_02_ASEReadCounter.table","NW_015090842.1:9834852",54,83,29
"ACSF3","s1324_S_NC_02_ASEReadCounter.table","NW_015090842.1:9834861",44,71,27
"ACSF3","s1324_S_NC_02_ASEReadCounter.table","NW_015090842.1:9839359",28,51,23
"ACSF3","s1324_S_NC_02_ASEReadCounter.table","NW_015090842.1:9839378",31,51,20
"ACSF3","s1324_S_NC_02_ASEReadCounter.table","NW_015090842.1:9839455",29,45,16
"ACSF3","s1324_S_NC_02_ASEReadCounter.table","NW_015090842.1:9839457",29,44,15
"ACSF3","s1324_S_NC_02_ASEReadCounter.table","NW_015090842.1:9839489",20,32,12
"ACSF3","s1324_S_NC_02_ASEReadCounter.table","NW_015090842.1:9839500",16,26,10
"ACSF3","s1324_S_NC_02_ASEReadCounter.table","NW_015090842.1:9839501",16,26,10
"ACSF3","s1324_S_NC_02_ASEReadCounter.table","NW_015090842.1:9839504",19,28,9
"ACSF3","s1324_S_NC_02_ASEReadCounter.table","NW_015090842.1:9839512",15,22,7
"ACSF3","s1324_S_NC_02_ASEReadCounter.table","NW_015090842.1:9839527",13,19,6
"ACSF3","s1324_S_NC_02_ASEReadCounter.table","NW_015090842.1:9839533",10,16,6
"ACSF3","s1324_S_NC_02_ASEReadCounter.table","NW_015090842.1:9839535",10,16,6
"ACSF3","s1324_S_NC_02_ASEReadCounter.table","NW_015090842.1:9839545",7,12,5
"ACSF3","s1324_S_NC_02_ASEReadCounter.table","NW_015090842.1:9839550",5,10,5
"ACSF3","s1324_S_NC_02_ASEReadCounter.table","NW_015090842.1:9839551",4,9,5
"CDH15","s1324_S_NC_02_ASEReadCounter.table","NW_015090842.1:9847163",2,2,0
"CDH15","s1324_S_NC_02_ASEReadCounter.table","NW_015090842.1:9847174",2,2,0
"CDH15","s1324_S_NC_02_ASEReadCounter.table","NW_015090842.1:9848888",0,1,1
"CDH15","s1324_S_NC_02_ASEReadCounter.table","NW_015090842.1:9849473",1,1,0
"CDH15","s1324_S_NC_02_ASEReadCounter.table","NW_015090842.1:9850141",1,1,0
"CDH15","s1324_S_NC_02_ASEReadCounter.table","NW_015090842.1:9850386",1,1,0
"SLC22A31","s1324_S_NC_02_ASEReadCounter.table","NW_015090842.1:9850797",0,1,1
"SLC22A31","s1324_S_NC_02_ASEReadCounter.table","NW_015090842.1:9850818",0,1,1
"SLC22A31","s1324_S_NC_02_ASEReadCounter.table","NW_015090842.1:9850929",1,1,0
"SLC22A31","s1324_S_NC_02_ASEReadCounter.table","NW_015090842.1:9850936",1,1,0
"SLC22A31","s1324_S_NC_02_ASEReadCounter.table","NW_015090842.1:9850940",1,1,0
"SLC22A31","s1324_S_NC_02_ASEReadCounter.table","NW_015090842.1:9850978",1,1,0
"SLC22A31","s1324_S_NC_02_ASEReadCounter.table","NW_015090842.1:9850981",2,2,0
"SLC22A31","s1324_S_NC_02_ASEReadCounter.table","NW_015090842.1:9851032",4,4,0
"SLC22A31","s1324_S_NC_02_ASEReadCounter.table","NW_015090842.1:9851053",3,3,0
"SLC22A31","s1324_S_NC_02_ASEReadCounter.table","NW_015090842.1:9851130",3,9,6
"SLC22A31","s1324_S_NC_02_ASEReadCounter.table","NW_015090842.1:9851139",3,9,6
"SLC22A31","s1324_S_NC_02_ASEReadCounter.table","NW_015090842.1:9851265",8,23,15
"SLC22A31","s1324_S_NC_02_ASEReadCounter.table","NW_015090842.1:9851302",3,19,16
"SLC22A31","s1324_S_NC_02_ASEReadCounter.table","NW_015090842.1:9851303",3,19,16
"SLC22A31","s1324_S_NC_02_ASEReadCounter.table","NW_015090842.1:9851305",3,19,16
"SLC22A31","s1324_S_NC_02_ASEReadCounter.table","NW_015090842.1:9851343",6,16,10
"SLC22A31","s1324_S_NC_02_ASEReadCounter.table","NW_015090842.1:9851344",7,16,9
"SLC22A31","s1324_S_NC_02_ASEReadCounter.table","NW_015090842.1:9851381",9,22,13
"SLC22A31","s1324_S_NC_02_ASEReadCounter.table","NW_015090842.1:9851421",11,20,9
"SLC22A31","s1324_S_NC_02_ASEReadCounter.table","NW_015090842.1:9851526",5,14,9
"SLC22A31","s1324_S_NC_02_ASEReadCounter.table","NW_015090842.1:9851589",6,18,12
"SLC22A31","s1324_S_NC_02_ASEReadCounter.table","NW_015090842.1:9851712",9,19,10
"SLC22A31","s1324_S_NC_02_ASEReadCounter.table","NW_015090842.1:9851899",8,14,6
"SLC22A31","s1324_S_NC_02_ASEReadCounter.table","NW_015090842.1:9852139",9,14,5
"SLC22A31","s1324_S_NC_02_ASEReadCounter.table","NW_015090842.1:9852380",5,9,4
"SLC22A31","s1324_S_NC_02_ASEReadCounter.table","NW_015090842.1:9852431",3,6,3
"SLC22A31","s1324_S_NC_02_ASEReadCounter.table","NW_015090842.1:9852630",3,10,7
"SLC22A31","s1324_S_NC_02_ASEReadCounter.table","NW_015090842.1:9852711",3,12,9
"SLC22A31","s1324_S_NC_02_ASEReadCounter.table","NW_015090842.1:9852742",3,9,6
"SLC22A31","s1324_S_NC_02_ASEReadCounter.table","NW_015090842.1:9853099",2,5,3
"SLC22A31","s1324_S_NC_02_ASEReadCounter.table","NW_015090842.1:9853102",2,6,4
"SLC22A31","s1324_S_NC_02_ASEReadCounter.table","NW_015090842.1:9853421",5,5,0
"SLC22A31","s1324_S_NC_02_ASEReadCounter.table","NW_015090842.1:9853457",6,6,0
"SLC22A31","s1324_S_NC_02_ASEReadCounter.table","NW_015090842.1:9853502",2,2,0
"ANKRD11","s1324_S_NC_02_ASEReadCounter.table","NW_015090842.1:9858863",14,37,23
"ANKRD11","s1324_S_NC_02_ASEReadCounter.table","NW_015090842.1:9859101",136,294,158
"ANKRD11","s1324_S_NC_02_ASEReadCounter.table","NW_015090842.1:9859352",151,329,178
"ANKRD11","s1324_S_NC_02_ASEReadCounter.table","NW_015090842.1:9859381",37,178,141
"ANKRD11","s1324_S_NC_02_ASEReadCounter.table","NW_015090842.1:9859527",48,135,87
"ANKRD11","s1324_S_NC_02_ASEReadCounter.table","NW_015090842.1:9859529",48,144,96
"ANKRD11","s1324_S_NC_02_ASEReadCounter.table","NW_015090842.1:9859679",163,324,161
"ANKRD11","s1324_S_NC_02_ASEReadCounter.table","NW_015090842.1:9861097",100,234,134
"ANKRD11","s1324_S_NC_02_ASEReadCounter.table","NW_015090842.1:9862571",82,140,58
"ANKRD11","s1324_S_NC_02_ASEReadCounter.table","NW_015090842.1:9866071",0,64,64
"ANKRD11","s1324_S_NC_02_ASEReadCounter.table","NW_015090842.1:9866200",0,68,68
"ANKRD11","s1324_S_NC_02_ASEReadCounter.table","NW_015090842.1:9867391",17,26,9
"ANKRD11","s1324_S_NC_02_ASEReadCounter.table","NW_015090842.1:9867472",33,69,36
"ANKRD11","s1324_S_NC_02_ASEReadCounter.table","NW_015090842.1:9867559",27,63,36
"ANKRD11","s1324_S_NC_02_ASEReadCounter.table","NW_015090842.1:9867934",31,55,24
"ANKRD11","s1324_S_NC_02_ASEReadCounter.table","NW_015090842.1:9868093",38,64,26
"ANKRD11","s1324_S_NC_02_ASEReadCounter.table","NW_015090842.1:9868222",35,77,42
"ANKRD11","s1324_S_NC_02_ASEReadCounter.table","NW_015090842.1:9868327",38,82,44
"ANKRD11","s1324_S_NC_02_ASEReadCounter.table","NW_015090842.1:9868414",46,91,45
"ANKRD11","s1324_S_NC_02_ASEReadCounter.table","NW_015090842.1:9868441",53,95,42
"ANKRD11","s1324_S_NC_02_ASEReadCounter.table","NW_015090842.1:9868444",54,100,46
"ANKRD11","s1324_S_NC_02_ASEReadCounter.table","NW_015090842.1:9868519",61,115,54
"ANKRD11","s1324_S_NC_02_ASEReadCounter.table","NW_015090842.1:9868609",54,110,56
"ANKRD11","s1324_S_NC_02_ASEReadCounter.table","NW_015090842.1:9868666",70,134,64
"ANKRD11","s1324_S_NC_02_ASEReadCounter.table","NW_015090842.1:9869431",139,240,101
"ANKRD11","s1324_S_NC_02_ASEReadCounter.table","NW_015090842.1:9869578",182,342,160
"ANKRD11","s1324_S_NC_02_ASEReadCounter.table","NW_015090842.1:9869734",213,373,160
"ANKRD11","s1324_S_NC_02_ASEReadCounter.table","NW_015090842.1:9870070",188,371,183
"ANKRD11","s1324_S_NC_02_ASEReadCounter.table","NW_015090842.1:9870349",196,402,206
"ANKRD11","s1324_S_NC_02_ASEReadCounter.table","NW_015090842.1:9870604",227,451,224
"ANKRD11","s1324_S_NC_02_ASEReadCounter.table","NW_015090842.1:9870613",249,486,237
"ANKRD11","s1324_S_NC_02_ASEReadCounter.table","NW_015090842.1:9870685",277,555,278
"ANKRD11","s1324_S_NC_02_ASEReadCounter.table","NW_015090842.1:9870847",265,480,215
"ANKRD11","s1324_S_NC_02_ASEReadCounter.table","NW_015090842.1:9871103",170,330,160
"ANKRD11","s1324_S_NC_02_ASEReadCounter.table","NW_015090842.1:9871165",172,380,208
"ANKRD11","s1324_S_NC_02_ASEReadCounter.table","NW_015090842.1:9871820",46,92,46
"ANKRD11","s1324_S_NC_02_ASEReadCounter.table","NW_015090842.1:9871994",87,87,0
"ANKRD11","s1324_S_NC_02_ASEReadCounter.table","NW_015090842.1:9872118",45,88,43
"SPG7","s1324_S_NC_02_ASEReadCounter.table","NW_015090842.1:10051190",61,126,65
"SPG7","s1324_S_NC_02_ASEReadCounter.table","NW_015090842.1:10051218",60,139,79
"SPG7","s1324_S_NC_02_ASEReadCounter.table","NW_015090842.1:10052348",84,148,64
"SPG7","s1324_S_NC_02_ASEReadCounter.table","NW_015090842.1:10052366",81,148,67
"SPG7","s1324_S_NC_02_ASEReadCounter.table","NW_015090842.1:10065173",96,216,120
"SPG7","s1324_S_NC_02_ASEReadCounter.table","NW_015090842.1:10065215",76,181,105
"SPG7","s1324_S_NC_02_ASEReadCounter.table","NW_015090842.1:10066301",66,151,85
"SPG7","s1324_S_NC_02_ASEReadCounter.table","NW_015090842.1:10066365",71,159,88
"SPG7","s1324_S_NC_02_ASEReadCounter.table","NW_015090842.1:10069752",108,221,113
"SPG7","s1324_S_NC_02_ASEReadCounter.table","NW_015090842.1:10069800",127,257,130
"SPG7","s1324_S_NC_02_ASEReadCounter.table","NW_015090842.1:10071192",160,298,138
"SPG7","s1324_S_NC_02_ASEReadCounter.table","NW_015090842.1:10071204",154,285,131
"SPG7","s1324_S_NC_02_ASEReadCounter.table","NW_015090842.1:10071219",149,275,126
"SPG7","s1324_S_NC_02_ASEReadCounter.table","NW_015090842.1:10071967",122,246,124
"SPG7","s1324_S_NC_02_ASEReadCounter.table","NW_015090842.1:10075109",242,470,228
"SPG7","s1324_S_NC_02_ASEReadCounter.table","NW_015090842.1:10075114",255,480,225
"SPG7","s1324_S_NC_02_ASEReadCounter.table","NW_015090842.1:10075198",198,369,171
"SPG7","s1324_S_NC_02_ASEReadCounter.table","NW_015090842.1:10075487",145,290,145
"SPG7","s1324_S_NC_02_ASEReadCounter.table","NW_015090842.1:10075488",145,290,145
"SPG7","s1324_S_NC_02_ASEReadCounter.table","NW_015090842.1:10075548",102,222,120
"RPL13","s1324_S_NC_02_ASEReadCounter.table","NW_015090842.1:10076979",3,4,1
"RPL13","s1324_S_NC_02_ASEReadCounter.table","NW_015090842.1:10077387",302,732,430
"RPL13","s1324_S_NC_02_ASEReadCounter.table","NW_015090842.1:10077978",503,1095,592
"RPL13","s1324_S_NC_02_ASEReadCounter.table","NW_015090842.1:10077992",486,1050,564
"CPNE7","s1324_S_NC_02_ASEReadCounter.table","NW_015090842.1:10084001",23,35,12
"CPNE7","s1324_S_NC_02_ASEReadCounter.table","NW_015090842.1:10084856",15,25,10
"CPNE7","s1324_S_NC_02_ASEReadCounter.table","NW_015090842.1:10084872",18,28,10
"CPNE7","s1324_S_NC_02_ASEReadCounter.table","NW_015090842.1:10084892",21,35,14
"CPNE7","s1324_S_NC_02_ASEReadCounter.table","NW_015090842.1:10084921",22,38,16
"CPNE7","s1324_S_NC_02_ASEReadCounter.table","NW_015090842.1:10084935",20,40,20
"CPNE7","s1324_S_NC_02_ASEReadCounter.table","NW_015090842.1:10085000",16,30,14
"CPNE7","s1324_S_NC_02_ASEReadCounter.table","NW_015090842.1:10085089",18,36,18
"CPNE7","s1324_S_NC_02_ASEReadCounter.table","NW_015090842.1:10085096",19,38,19
"CPNE7","s1324_S_NC_02_ASEReadCounter.table","NW_015090842.1:10085126",25,44,19
"CPNE7","s1324_S_NC_02_ASEReadCounter.table","NW_015090842.1:10085180",22,43,21
"CPNE7","s1324_S_NC_02_ASEReadCounter.table","NW_015090842.1:10085201",20,37,17
"CPNE7","s1324_S_NC_02_ASEReadCounter.table","NW_015090842.1:10088134",35,69,34
"CPNE7","s1324_S_NC_02_ASEReadCounter.table","NW_015090842.1:10088146",33,64,31
"CPNE7","s1324_S_NC_02_ASEReadCounter.table","NW_015090842.1:10088940",66,113,47
"CPNE7","s1324_S_NC_02_ASEReadCounter.table","NW_015090842.1:10088965",59,103,44
"CPNE7","s1324_S_NC_02_ASEReadCounter.table","NW_015090842.1:10088967",59,102,43
"CPNE7","s1324_S_NC_02_ASEReadCounter.table","NW_015090842.1:10088973",60,104,44
"CPNE7","s1324_S_NC_02_ASEReadCounter.table","NW_015090842.1:10090924",81,150,69
"CPNE7","s1324_S_NC_02_ASEReadCounter.table","NW_015090842.1:10090930",79,147,68
"CPNE7","s1324_S_NC_02_ASEReadCounter.table","NW_015090842.1:10091075",75,144,69
"CPNE7","s1324_S_NC_02_ASEReadCounter.table","NW_015090842.1:10091389",81,162,81
"CPNE7","s1324_S_NC_02_ASEReadCounter.table","NW_015090842.1:10091407",88,172,84
"CPNE7","s1324_S_NC_02_ASEReadCounter.table","NW_015090842.1:10091530",94,179,85
"CPNE7","s1324_S_NC_02_ASEReadCounter.table","NW_015090842.1:10091875",120,221,101
"CPNE7","s1324_S_NC_02_ASEReadCounter.table","NW_015090842.1:10091983",104,198,94
"CPNE7","s1324_S_NC_02_ASEReadCounter.table","NW_015090842.1:10091997",110,207,97
"CPNE7","s1324_S_NC_02_ASEReadCounter.table","NW_015090842.1:10092038",71,126,55
"CPNE7","s1324_S_NC_02_ASEReadCounter.table","NW_015090842.1:10092140",89,165,76
"CPNE7","s1324_S_NC_02_ASEReadCounter.table","NW_015090842.1:10092183",64,113,49
"CPNE7","s1324_S_NC_02_ASEReadCounter.table","NW_015090842.1:10092201",54,94,40
"CPNE7","s1324_S_NC_02_ASEReadCounter.table","NW_015090842.1:10092230",35,70,35
"CPNE7","s1324_S_NC_02_ASEReadCounter.table","NW_015090842.1:10092246",12,35,23
"LOC106888185","s1324_S_NC_02_ASEReadCounter.table","NW_015090842.1:10094965",2,3,1
"LOC106888185","s1324_S_NC_02_ASEReadCounter.table","NW_015090842.1:10094966",2,3,1
"LOC106888185","s1324_S_NC_02_ASEReadCounter.table","NW_015090842.1:10094985",2,3,1
"LOC106888185","s1324_S_NC_02_ASEReadCounter.table","NW_015090842.1:10095055",1,1,0
"LOC106888185","s1324_S_NC_02_ASEReadCounter.table","NW_015090842.1:10095062",1,1,0
"LOC106888185","s1324_S_NC_02_ASEReadCounter.table","NW_015090842.1:10095130",0,1,1
"LOC106888185","s1324_S_NC_02_ASEReadCounter.table","NW_015090842.1:10095265",6,8,2
"LOC106888185","s1324_S_NC_02_ASEReadCounter.table","NW_015090842.1:10095586",3,9,6
"LOC106888185","s1324_S_NC_02_ASEReadCounter.table","NW_015090842.1:10095593",3,10,7
"LOC106888185","s1324_S_NC_02_ASEReadCounter.table","NW_015090842.1:10095616",4,11,7
"LOC106888185","s1324_S_NC_02_ASEReadCounter.table","NW_015090842.1:10095662",1,7,6
"LOC106888185","s1324_S_NC_02_ASEReadCounter.table","NW_015090842.1:10095674",1,5,4
"LOC106888185","s1324_S_NC_02_ASEReadCounter.table","NW_015090842.1:10095786",2,5,3
"LOC106888185","s1324_S_NC_02_ASEReadCounter.table","NW_015090842.1:10095831",0,2,2
"LOC106888185","s1324_S_NC_02_ASEReadCounter.table","NW_015090842.1:10096230",1,3,2
"LOC106888185","s1324_S_NC_02_ASEReadCounter.table","NW_015090842.1:10096249",1,6,5
"LOC106888185","s1324_S_NC_02_ASEReadCounter.table","NW_015090842.1:10096272",1,6,5
"LOC106888185","s1324_S_NC_02_ASEReadCounter.table","NW_015090842.1:10096288",1,6,5
"LOC106888185","s1324_S_NC_02_ASEReadCounter.table","NW_015090842.1:10097248",2,3,1
"LOC106888185","s1324_S_NC_02_ASEReadCounter.table","NW_015090842.1:10097265",2,2,0
"LOC106888185","s1324_S_NC_02_ASEReadCounter.table","NW_015090842.1:10097446",0,2,2
"DPEP1","s1324_S_NC_02_ASEReadCounter.table","NW_015090842.1:10098017",0,1,1
"DPEP1","s1324_S_NC_02_ASEReadCounter.table","NW_015090842.1:10099765",1,1,0
"DPEP1","s1324_S_NC_02_ASEReadCounter.table","NW_015090842.1:10099985",1,1,0
"DPEP1","s1324_S_NC_02_ASEReadCounter.table","NW_015090842.1:10099986",1,1,0
"DPEP1","s1324_S_NC_02_ASEReadCounter.table","NW_015090842.1:10099991",1,1,0
"CHMP1A","s1324_S_NC_02_ASEReadCounter.table","NW_015090842.1:10102901",52,124,72
"CHMP1A","s1324_S_NC_02_ASEReadCounter.table","NW_015090842.1:10102961",48,145,97
"CHMP1A","s1324_S_NC_02_ASEReadCounter.table","NW_015090842.1:10102996",40,134,94
"CHMP1A","s1324_S_NC_02_ASEReadCounter.table","NW_015090842.1:10103004",45,140,95
"CHMP1A","s1324_S_NC_02_ASEReadCounter.table","NW_015090842.1:10103006",45,139,94
"CHMP1A","s1324_S_NC_02_ASEReadCounter.table","NW_015090842.1:10103052",70,170,100
"CHMP1A","s1324_S_NC_02_ASEReadCounter.table","NW_015090842.1:10103095",78,177,99
"CHMP1A","s1324_S_NC_02_ASEReadCounter.table","NW_015090842.1:10103096",76,174,98
"CHMP1A","s1324_S_NC_02_ASEReadCounter.table","NW_015090842.1:10103152",55,123,68
"CHMP1A","s1324_S_NC_02_ASEReadCounter.table","NW_015090842.1:10103334",41,99,58
"CHMP1A","s1324_S_NC_02_ASEReadCounter.table","NW_015090842.1:10103373",26,81,55
"CHMP1A","s1324_S_NC_02_ASEReadCounter.table","NW_015090842.1:10103408",38,95,57
"CHMP1A","s1324_S_NC_02_ASEReadCounter.table","NW_015090842.1:10103412",40,97,57
"CHMP1A","s1324_S_NC_02_ASEReadCounter.table","NW_015090842.1:10103512",48,97,49
"CHMP1A","s1324_S_NC_02_ASEReadCounter.table","NW_015090842.1:10103513",49,99,50
"CHMP1A","s1324_S_NC_02_ASEReadCounter.table","NW_015090842.1:10103583",34,79,45
"CHMP1A","s1324_S_NC_02_ASEReadCounter.table","NW_015090842.1:10103614",39,86,47
"CHMP1A","s1324_S_NC_02_ASEReadCounter.table","NW_015090842.1:10103657",44,89,45
"CHMP1A","s1324_S_NC_02_ASEReadCounter.table","NW_015090842.1:10103669",41,84,43
"CHMP1A","s1324_S_NC_02_ASEReadCounter.table","NW_015090842.1:10103674",39,77,38
"CHMP1A","s1324_S_NC_02_ASEReadCounter.table","NW_015090842.1:10103677",37,74,37
"CHMP1A","s1324_S_NC_02_ASEReadCounter.table","NW_015090842.1:10103729",57,105,48
"CHMP1A","s1324_S_NC_02_ASEReadCounter.table","NW_015090842.1:10103758",51,99,48
"CHMP1A","s1324_S_NC_02_ASEReadCounter.table","NW_015090842.1:10103761",51,99,48
"CHMP1A","s1324_S_NC_02_ASEReadCounter.table","NW_015090842.1:10103788",63,121,58
"CHMP1A","s1324_S_NC_02_ASEReadCounter.table","NW_015090842.1:10103789",62,121,59
"CHMP1A","s1324_S_NC_02_ASEReadCounter.table","NW_015090842.1:10103790",61,120,59
"CHMP1A","s1324_S_NC_02_ASEReadCounter.table","NW_015090842.1:10103950",41,75,34
"CHMP1A","s1324_S_NC_02_ASEReadCounter.table","NW_015090842.1:10104335",33,71,38
"CHMP1A","s1324_S_NC_02_ASEReadCounter.table","NW_015090842.1:10104429",30,66,36
"CHMP1A","s1324_S_NC_02_ASEReadCounter.table","NW_015090842.1:10104532",40,89,49
"CHMP1A","s1324_S_NC_02_ASEReadCounter.table","NW_015090842.1:10104633",32,57,25
"CHMP1A","s1324_S_NC_02_ASEReadCounter.table","NW_015090842.1:10104759",41,81,40
"CHMP1A","s1324_S_NC_02_ASEReadCounter.table","NW_015090842.1:10104794",41,88,47
"CHMP1A","s1324_S_NC_02_ASEReadCounter.table","NW_015090842.1:10104844",20,65,45
"CHMP1A","s1324_S_NC_02_ASEReadCounter.table","NW_015090842.1:10106290",17,53,36
"CHMP1A","s1324_S_NC_02_ASEReadCounter.table","NW_015090842.1:10106335",30,67,37
"CHMP1A","s1324_S_NC_02_ASEReadCounter.table","NW_015090842.1:10106383",44,87,43
"CHMP1A","s1324_S_NC_02_ASEReadCounter.table","NW_015090842.1:10106747",37,69,32
"CHMP1A","s1324_S_NC_02_ASEReadCounter.table","NW_015090842.1:10107404",36,66,30
"CHMP1A","s1324_S_NC_02_ASEReadCounter.table","NW_015090842.1:10107410",36,66,30
"CHMP1A","s1324_S_NC_02_ASEReadCounter.table","NW_015090842.1:10107876",37,64,27
"CDK10","s1324_S_NC_02_ASEReadCounter.table","NW_015090842.1:10109030",8,8,0
"CDK10","s1324_S_NC_02_ASEReadCounter.table","NW_015090842.1:10109963",18,66,48
"CDK10","s1324_S_NC_02_ASEReadCounter.table","NW_015090842.1:10110887",12,69,57
"CDK10","s1324_S_NC_02_ASEReadCounter.table","NW_015090842.1:10111254",18,72,54
"CDK10","s1324_S_NC_02_ASEReadCounter.table","NW_015090842.1:10111380",21,86,65
"CDK10","s1324_S_NC_02_ASEReadCounter.table","NW_015090842.1:10111395",29,94,65
"CDK10","s1324_S_NC_02_ASEReadCounter.table","NW_015090842.1:10111437",19,74,55
"CDK10","s1324_S_NC_02_ASEReadCounter.table","NW_015090842.1:10111798",27,88,61
"CDK10","s1324_S_NC_02_ASEReadCounter.table","NW_015090842.1:10111840",28,99,71
"CDK10","s1324_S_NC_02_ASEReadCounter.table","NW_015090842.1:10112031",47,114,67
"CDK10","s1324_S_NC_02_ASEReadCounter.table","NW_015090842.1:10112285",37,109,72
"CDK10","s1324_S_NC_02_ASEReadCounter.table","NW_015090842.1:10112398",37,109,72
"CDK10","s1324_S_NC_02_ASEReadCounter.table","NW_015090842.1:10112455",39,113,74
"CDK10","s1324_S_NC_02_ASEReadCounter.table","NW_015090842.1:10112461",38,112,74
"CDK10","s1324_S_NC_02_ASEReadCounter.table","NW_015090842.1:10112497",32,87,55
"CDK10","s1324_S_NC_02_ASEReadCounter.table","NW_015090842.1:10112508",27,91,64
"CDK10","s1324_S_NC_02_ASEReadCounter.table","NW_015090842.1:10112518",21,79,58
"CDK10","s1324_S_NC_02_ASEReadCounter.table","NW_015090842.1:10112540",8,69,61
"CDK10","s1324_S_NC_02_ASEReadCounter.table","NW_015090842.1:10112556",23,80,57
"CDK10","s1324_S_NC_02_ASEReadCounter.table","NW_015090842.1:10112561",24,96,72
"CDK10","s1324_S_NC_02_ASEReadCounter.table","NW_015090842.1:10112596",31,97,66
"CDK10","s1324_S_NC_02_ASEReadCounter.table","NW_015090842.1:10112630",28,89,61
"CDK10","s1324_S_NC_02_ASEReadCounter.table","NW_015090842.1:10112656",33,90,57
"CDK10","s1324_S_NC_02_ASEReadCounter.table","NW_015090842.1:10112665",27,66,39
"CDK10","s1324_S_NC_02_ASEReadCounter.table","NW_015090842.1:10112668",25,63,38
"CDK10","s1324_S_NC_02_ASEReadCounter.table","NW_015090842.1:10112781",19,42,23
"CDK10","s1324_S_NC_02_ASEReadCounter.table","NW_015090842.1:10112782",19,42,23
"CDK10","s1324_S_NC_02_ASEReadCounter.table","NW_015090842.1:10112795",16,38,22
"CDK10","s1324_S_NC_02_ASEReadCounter.table","NW_015090842.1:10112841",8,16,8
"CDK10","s1324_S_NC_02_ASEReadCounter.table","NW_015090842.1:10112861",4,10,6
"SPATA2L","s1324_S_NC_02_ASEReadCounter.table","NW_015090842.1:10113212",30,72,42
"SPATA2L","s1324_S_NC_02_ASEReadCounter.table","NW_015090842.1:10113280",47,135,88
"SPATA2L","s1324_S_NC_02_ASEReadCounter.table","NW_015090842.1:10113296",48,139,91
"SPATA2L","s1324_S_NC_02_ASEReadCounter.table","NW_015090842.1:10113321",59,160,101
"SPATA2L","s1324_S_NC_02_ASEReadCounter.table","NW_015090842.1:10113332",63,176,113
"SPATA2L","s1324_S_NC_02_ASEReadCounter.table","NW_015090842.1:10113380",55,163,108
"SPATA2L","s1324_S_NC_02_ASEReadCounter.table","NW_015090842.1:10113381",56,165,109
"SPATA2L","s1324_S_NC_02_ASEReadCounter.table","NW_015090842.1:10113412",53,182,129
"SPATA2L","s1324_S_NC_02_ASEReadCounter.table","NW_015090842.1:10113421",56,171,115
"SPATA2L","s1324_S_NC_02_ASEReadCounter.table","NW_015090842.1:10113465",57,163,106
"SPATA2L","s1324_S_NC_02_ASEReadCounter.table","NW_015090842.1:10113535",77,167,90
"SPATA2L","s1324_S_NC_02_ASEReadCounter.table","NW_015090842.1:10113645",57,178,121
"SPATA2L","s1324_S_NC_02_ASEReadCounter.table","NW_015090842.1:10113682",79,208,129
"SPATA2L","s1324_S_NC_02_ASEReadCounter.table","NW_015090842.1:10113696",74,190,116
"SPATA2L","s1324_S_NC_02_ASEReadCounter.table","NW_015090842.1:10113727",82,205,123
"SPATA2L","s1324_S_NC_02_ASEReadCounter.table","NW_015090842.1:10113729",82,201,119
"SPATA2L","s1324_S_NC_02_ASEReadCounter.table","NW_015090842.1:10113799",93,205,112
"SPATA2L","s1324_S_NC_02_ASEReadCounter.table","NW_015090842.1:10113809",95,211,116
"SPATA2L","s1324_S_NC_02_ASEReadCounter.table","NW_015090842.1:10113827",88,204,116
"SPATA2L","s1324_S_NC_02_ASEReadCounter.table","NW_015090842.1:10113831",93,208,115
"SPATA2L","s1324_S_NC_02_ASEReadCounter.table","NW_015090842.1:10113894",91,171,80
"SPATA2L","s1324_S_NC_02_ASEReadCounter.table","NW_015090842.1:10113905",77,156,79
"SPATA2L","s1324_S_NC_02_ASEReadCounter.table","NW_015090842.1:10113914",85,168,83
"SPATA2L","s1324_S_NC_02_ASEReadCounter.table","NW_015090842.1:10113920",89,178,89
"SPATA2L","s1324_S_NC_02_ASEReadCounter.table","NW_015090842.1:10113937",100,202,102
"SPATA2L","s1324_S_NC_02_ASEReadCounter.table","NW_015090842.1:10113971",62,159,97
"SPATA2L","s1324_S_NC_02_ASEReadCounter.table","NW_015090842.1:10113976",61,173,112
"SPATA2L","s1324_S_NC_02_ASEReadCounter.table","NW_015090842.1:10113985",67,162,95
"SPATA2L","s1324_S_NC_02_ASEReadCounter.table","NW_015090842.1:10113994",82,195,113
"SPATA2L","s1324_S_NC_02_ASEReadCounter.table","NW_015090842.1:10114063",72,168,96
"SPATA2L","s1324_S_NC_02_ASEReadCounter.table","NW_015090842.1:10114066",66,162,96
"SPATA2L","s1324_S_NC_02_ASEReadCounter.table","NW_015090842.1:10114069",67,160,93
"SPATA2L","s1324_S_NC_02_ASEReadCounter.table","NW_015090842.1:10114159",32,124,92
"SPATA2L","s1324_S_NC_02_ASEReadCounter.table","NW_015090842.1:10114262",140,140,0
"SPATA2L","s1324_S_NC_02_ASEReadCounter.table","NW_015090842.1:10114470",36,90,54
"SPATA2L","s1324_S_NC_02_ASEReadCounter.table","NW_015090842.1:10114524",24,66,42
"VPS9D1","s1324_S_NC_02_ASEReadCounter.table","NW_015090842.1:10116377",39,118,79
"VPS9D1","s1324_S_NC_02_ASEReadCounter.table","NW_015090842.1:10116415",46,130,84
"VPS9D1","s1324_S_NC_02_ASEReadCounter.table","NW_015090842.1:10116607",39,99,60
"VPS9D1","s1324_S_NC_02_ASEReadCounter.table","NW_015090842.1:10116821",40,103,63
"VPS9D1","s1324_S_NC_02_ASEReadCounter.table","NW_015090842.1:10116825",39,93,54
"VPS9D1","s1324_S_NC_02_ASEReadCounter.table","NW_015090842.1:10116882",32,84,52
"VPS9D1","s1324_S_NC_02_ASEReadCounter.table","NW_015090842.1:10116933",25,69,44
"VPS9D1","s1324_S_NC_02_ASEReadCounter.table","NW_015090842.1:10116942",28,73,45
"VPS9D1","s1324_S_NC_02_ASEReadCounter.table","NW_015090842.1:10117152",29,77,48
"VPS9D1","s1324_S_NC_02_ASEReadCounter.table","NW_015090842.1:10117480",23,63,40
"VPS9D1","s1324_S_NC_02_ASEReadCounter.table","NW_015090842.1:10117497",24,59,35
"VPS9D1","s1324_S_NC_02_ASEReadCounter.table","NW_015090842.1:10117499",21,59,38
"VPS9D1","s1324_S_NC_02_ASEReadCounter.table","NW_015090842.1:10117516",26,72,46
"VPS9D1","s1324_S_NC_02_ASEReadCounter.table","NW_015090842.1:10117525",25,67,42
"VPS9D1","s1324_S_NC_02_ASEReadCounter.table","NW_015090842.1:10117579",22,77,55
"VPS9D1","s1324_S_NC_02_ASEReadCounter.table","NW_015090842.1:10117627",18,67,49
"VPS9D1","s1324_S_NC_02_ASEReadCounter.table","NW_015090842.1:10117678",16,73,57
"VPS9D1","s1324_S_NC_02_ASEReadCounter.table","NW_015090842.1:10117773",25,86,61
"VPS9D1","s1324_S_NC_02_ASEReadCounter.table","NW_015090842.1:10117937",39,112,73
"VPS9D1","s1324_S_NC_02_ASEReadCounter.table","NW_015090842.1:10117961",39,106,67
"VPS9D1","s1324_S_NC_02_ASEReadCounter.table","NW_015090842.1:10118236",30,108,78
"VPS9D1","s1324_S_NC_02_ASEReadCounter.table","NW_015090842.1:10118414",30,89,59
"VPS9D1","s1324_S_NC_02_ASEReadCounter.table","NW_015090842.1:10118973",28,80,52
"VPS9D1","s1324_S_NC_02_ASEReadCounter.table","NW_015090842.1:10119500",18,57,39
"ZNF276","s1324_S_NC_02_ASEReadCounter.table","NW_015090842.1:10121760",2,4,2
"ZNF276","s1324_S_NC_02_ASEReadCounter.table","NW_015090842.1:10121769",2,4,2
"ZNF276","s1324_S_NC_02_ASEReadCounter.table","NW_015090842.1:10121802",2,5,3
"ZNF276","s1324_S_NC_02_ASEReadCounter.table","NW_015090842.1:10121971",10,16,6
"ZNF276","s1324_S_NC_02_ASEReadCounter.table","NW_015090842.1:10122161",13,13,0
"ZNF276","s1324_S_NC_02_ASEReadCounter.table","NW_015090842.1:10122164",13,13,0
"ZNF276","s1324_S_NC_02_ASEReadCounter.table","NW_015090842.1:10122184",11,11,0
"ZNF276","s1324_S_NC_02_ASEReadCounter.table","NW_015090842.1:10122883",4,14,10
"ZNF276","s1324_S_NC_02_ASEReadCounter.table","NW_015090842.1:10122997",7,12,5
"ZNF276","s1324_S_NC_02_ASEReadCounter.table","NW_015090842.1:10123069",10,16,6
"ZNF276","s1324_S_NC_02_ASEReadCounter.table","NW_015090842.1:10123207",16,34,18
"ZNF276","s1324_S_NC_02_ASEReadCounter.table","NW_015090842.1:10125787",14,29,15
"ZNF276","s1324_S_NC_02_ASEReadCounter.table","NW_015090842.1:10126309",21,44,23
"ZNF276","s1324_S_NC_02_ASEReadCounter.table","NW_015090842.1:10126348",21,43,22
"ZNF276","s1324_S_NC_02_ASEReadCounter.table","NW_015090842.1:10126978",18,41,23
"ZNF276","s1324_S_NC_02_ASEReadCounter.table","NW_015090842.1:10126991",17,37,20
"ZNF276","s1324_S_NC_02_ASEReadCounter.table","NW_015090842.1:10127023",15,40,25
"ZNF276","s1324_S_NC_02_ASEReadCounter.table","NW_015090842.1:10127063",18,36,18
"ZNF276","s1324_S_NC_02_ASEReadCounter.table","NW_015090842.1:10127373",18,36,18
"ZNF276","s1324_S_NC_02_ASEReadCounter.table","NW_015090842.1:10127931",32,61,29
"ZNF276","s1324_S_NC_02_ASEReadCounter.table","NW_015090842.1:10128070",24,57,33
"ZNF276","s1324_S_NC_02_ASEReadCounter.table","NW_015090842.1:10128102",27,71,44
"ZNF276","s1324_S_NC_02_ASEReadCounter.table","NW_015090842.1:10128356",15,47,32
"ZNF276","s1324_S_NC_02_ASEReadCounter.table","NW_015090842.1:10128497",12,32,20
"FANCA","s1324_S_NC_02_ASEReadCounter.table","NW_015090842.1:10128743",0,1,1
"FANCA","s1324_S_NC_02_ASEReadCounter.table","NW_015090842.1:10128822",0,1,1
"FANCA","s1324_S_NC_02_ASEReadCounter.table","NW_015090842.1:10129383",0,1,1
"FANCA","s1324_S_NC_02_ASEReadCounter.table","NW_015090842.1:10129390",0,2,2
"FANCA","s1324_S_NC_02_ASEReadCounter.table","NW_015090842.1:10129422",0,2,2
"FANCA","s1324_S_NC_02_ASEReadCounter.table","NW_015090842.1:10129969",0,1,1
"FANCA","s1324_S_NC_02_ASEReadCounter.table","NW_015090842.1:10130399",1,1,0
"FANCA","s1324_S_NC_02_ASEReadCounter.table","NW_015090842.1:10130857",1,1,0
"FANCA","s1324_S_NC_02_ASEReadCounter.table","NW_015090842.1:10130878",1,1,0
"FANCA","s1324_S_NC_02_ASEReadCounter.table","NW_015090842.1:10134492",2,2,0
"FANCA","s1324_S_NC_02_ASEReadCounter.table","NW_015090842.1:10136957",1,1,0
"FANCA","s1324_S_NC_02_ASEReadCounter.table","NW_015090842.1:10139140",1,1,0
"FANCA","s1324_S_NC_02_ASEReadCounter.table","NW_015090842.1:10163667",0,1,1
"SPIRE2","s1324_S_NC_02_ASEReadCounter.table","NW_015090842.1:10172284",24,47,23
"SPIRE2","s1324_S_NC_02_ASEReadCounter.table","NW_015090842.1:10175262",41,79,38
"SPIRE2","s1324_S_NC_02_ASEReadCounter.table","NW_015090842.1:10175352",20,39,19
"SPIRE2","s1324_S_NC_02_ASEReadCounter.table","NW_015090842.1:10175400",59,134,75
"SPIRE2","s1324_S_NC_02_ASEReadCounter.table","NW_015090842.1:10175418",65,146,81
"SPIRE2","s1324_S_NC_02_ASEReadCounter.table","NW_015090842.1:10175704",112,198,86
"SPIRE2","s1324_S_NC_02_ASEReadCounter.table","NW_015090842.1:10176115",113,223,110
"SPIRE2","s1324_S_NC_02_ASEReadCounter.table","NW_015090842.1:10176561",123,245,122
"SPIRE2","s1324_S_NC_02_ASEReadCounter.table","NW_015090842.1:10176817",116,230,114
"SPIRE2","s1324_S_NC_02_ASEReadCounter.table","NW_015090842.1:10177084",74,151,77
"SPIRE2","s1324_S_NC_02_ASEReadCounter.table","NW_015090842.1:10177838",131,270,139
"SPIRE2","s1324_S_NC_02_ASEReadCounter.table","NW_015090842.1:10178000",133,258,125
"SPIRE2","s1324_S_NC_02_ASEReadCounter.table","NW_015090842.1:10178164",128,264,136
"SPIRE2","s1324_S_NC_02_ASEReadCounter.table","NW_015090842.1:10178216",142,320,178
"SPIRE2","s1324_S_NC_02_ASEReadCounter.table","NW_015090842.1:10178303",132,268,136
"SPIRE2","s1324_S_NC_02_ASEReadCounter.table","NW_015090842.1:10178403",140,287,147
"SPIRE2","s1324_S_NC_02_ASEReadCounter.table","NW_015090842.1:10178409",133,273,140
"SPIRE2","s1324_S_NC_02_ASEReadCounter.table","NW_015090842.1:10178524",142,282,140
"SPIRE2","s1324_S_NC_02_ASEReadCounter.table","NW_015090842.1:10178526",143,281,138
"SPIRE2","s1324_S_NC_02_ASEReadCounter.table","NW_015090842.1:10178531",145,285,140
"SPIRE2","s1324_S_NC_02_ASEReadCounter.table","NW_015090842.1:10178565",137,284,147
"SPIRE2","s1324_S_NC_02_ASEReadCounter.table","NW_015090842.1:10178587",124,255,131
"SPIRE2","s1324_S_NC_02_ASEReadCounter.table","NW_015090842.1:10178640",90,202,112
"SPIRE2","s1324_S_NC_02_ASEReadCounter.table","NW_015090842.1:10178651",94,214,120
"SPIRE2","s1324_S_NC_02_ASEReadCounter.table","NW_015090842.1:10178682",97,199,102
"TCF25","s1324_S_NC_02_ASEReadCounter.table","NW_015090842.1:10180912",30,53,23
"TCF25","s1324_S_NC_02_ASEReadCounter.table","NW_015090842.1:10180924",31,55,24
"TCF25","s1324_S_NC_02_ASEReadCounter.table","NW_015090842.1:10180931",32,55,23
"TCF25","s1324_S_NC_02_ASEReadCounter.table","NW_015090842.1:10185332",79,152,73
"TCF25","s1324_S_NC_02_ASEReadCounter.table","NW_015090842.1:10196561",52,114,62
"TCF25","s1324_S_NC_02_ASEReadCounter.table","NW_015090842.1:10197399",166,166,0
"MC1R","s1324_S_NC_02_ASEReadCounter.table","NW_015090842.1:10201853",1,2,1
"MC1R","s1324_S_NC_02_ASEReadCounter.table","NW_015090842.1:10202160",1,1,0
"MC1R","s1324_S_NC_02_ASEReadCounter.table","NW_015090842.1:10202447",0,1,1
"TUBB3","s1324_S_NC_02_ASEReadCounter.table","NW_015090842.1:10205322",0,181,181
"GAS8","s1324_S_NC_02_ASEReadCounter.table","NW_015090842.1:10228982",11,26,15
"GAS8","s1324_S_NC_02_ASEReadCounter.table","NW_015090842.1:10229832",8,19,11
"GAS8","s1324_S_NC_02_ASEReadCounter.table","NW_015090842.1:10232901",17,32,15
"GAS8","s1324_S_NC_02_ASEReadCounter.table","NW_015090842.1:10232928",15,33,18
"GAS8","s1324_S_NC_02_ASEReadCounter.table","NW_015090842.1:10232967",17,33,16
"GAS8","s1324_S_NC_02_ASEReadCounter.table","NW_015090842.1:10233032",13,24,11
"GAS8","s1324_S_NC_02_ASEReadCounter.table","NW_015090842.1:10233057",6,13,7
"GAS8","s1324_S_NC_02_ASEReadCounter.table","NW_015090842.1:10233058",6,13,7
"GAS8","s1324_S_NC_02_ASEReadCounter.table","NW_015090842.1:10233176",10,16,6
"GAS8","s1324_S_NC_02_ASEReadCounter.table","NW_015090842.1:10233196",9,17,8
"GAS8","s1324_S_NC_02_ASEReadCounter.table","NW_015090842.1:10233252",7,11,4
"GAS8","s1324_S_NC_02_ASEReadCounter.table","NW_015090842.1:10233303",4,6,2
"LOC106888094","s1324_S_NC_02_ASEReadCounter.table","NW_015090842.1:10233334",2,6,4
"LOC106888094","s1324_S_NC_02_ASEReadCounter.table","NW_015090842.1:10233362",3,12,9
"LOC106888094","s1324_S_NC_02_ASEReadCounter.table","NW_015090842.1:10233373",4,14,10
"LOC106888094","s1324_S_NC_02_ASEReadCounter.table","NW_015090842.1:10233388",4,15,11
"LOC106888094","s1324_S_NC_02_ASEReadCounter.table","NW_015090842.1:10233402",4,15,11
"LOC106888094","s1324_S_NC_02_ASEReadCounter.table","NW_015090842.1:10233465",6,12,6
"LOC106888094","s1324_S_NC_02_ASEReadCounter.table","NW_015090842.1:10233803",6,16,10
"LOC106888094","s1324_S_NC_02_ASEReadCounter.table","NW_015090842.1:10233815",5,17,12
"LOC106888094","s1324_S_NC_02_ASEReadCounter.table","NW_015090842.1:10235977",1,1,0
"LOC106888094","s1324_S_NC_02_ASEReadCounter.table","NW_015090842.1:10236603",0,1,1
"LOC106888173","s1324_S_NC_02_ASEReadCounter.table","NW_015090842.1:10239596",0,1,1
"LOC106888173","s1324_S_NC_02_ASEReadCounter.table","NW_015090842.1:10240036",0,4,4
"LOC106888173","s1324_S_NC_02_ASEReadCounter.table","NW_015090842.1:10240095",0,7,7
"LOC106888173","s1324_S_NC_02_ASEReadCounter.table","NW_015090842.1:10240280",0,6,6
"LOC106888173","s1324_S_NC_02_ASEReadCounter.table","NW_015090842.1:10240557",2,5,3
"LOC106888173","s1324_S_NC_02_ASEReadCounter.table","NW_015090842.1:10240603",0,1,1
"LOC106888173","s1324_S_NC_02_ASEReadCounter.table","NW_015090842.1:10240609",0,1,1
"LOC106888173","s1324_S_NC_02_ASEReadCounter.table","NW_015090842.1:10240924",1,5,4
"LOC106888173","s1324_S_NC_02_ASEReadCounter.table","NW_015090842.1:10241037",1,7,6
"LOC106888173","s1324_S_NC_02_ASEReadCounter.table","NW_015090842.1:10241046",2,7,5
"LOC106888173","s1324_S_NC_02_ASEReadCounter.table","NW_015090842.1:10241058",2,8,6
"LOC106888173","s1324_S_NC_02_ASEReadCounter.table","NW_015090842.1:10241064",2,8,6
"LOC106888173","s1324_S_NC_02_ASEReadCounter.table","NW_015090842.1:10241163",1,9,8
"LOC106888173","s1324_S_NC_02_ASEReadCounter.table","NW_015090842.1:10241803",2,13,11
"LOC106888173","s1324_S_NC_02_ASEReadCounter.table","NW_015090842.1:10241827",1,11,10
"LOC106888173","s1324_S_NC_02_ASEReadCounter.table","NW_015090842.1:10241869",1,9,8
"LOC106888173","s1324_S_NC_02_ASEReadCounter.table","NW_015090842.1:10242079",1,5,4
"LOC106888173","s1324_S_NC_02_ASEReadCounter.table","NW_015090842.1:10242103",1,7,6
"LOC106888173","s1324_S_NC_02_ASEReadCounter.table","NW_015090842.1:10242157",1,7,6
"LOC106888173","s1324_S_NC_02_ASEReadCounter.table","NW_015090842.1:10242455",0,4,4
"LOC106888173","s1324_S_NC_02_ASEReadCounter.table","NW_015090842.1:10242481",0,7,7
"LOC106888173","s1324_S_NC_02_ASEReadCounter.table","NW_015090842.1:10242590",0,5,5
"LOC106888173","s1324_S_NC_02_ASEReadCounter.table","NW_015090842.1:10242794",0,6,6
"LOC106888173","s1324_S_NC_02_ASEReadCounter.table","NW_015090842.1:10242909",0,3,3
"LOC106888173","s1324_S_NC_02_ASEReadCounter.table","NW_015090842.1:10243094",0,7,7
"LOC106888173","s1324_S_NC_02_ASEReadCounter.table","NW_015090842.1:10243133",0,7,7
"LOC106888173","s1324_S_NC_02_ASEReadCounter.table","NW_015090842.1:10243273",1,12,11
"LOC106888173","s1324_S_NC_02_ASEReadCounter.table","NW_015090842.1:10243278",1,12,11
"LOC106888173","s1324_S_NC_02_ASEReadCounter.table","NW_015090842.1:10243281",1,12,11
"LOC106888173","s1324_S_NC_02_ASEReadCounter.table","NW_015090842.1:10243347",5,5,0
"LOC106888173","s1324_S_NC_02_ASEReadCounter.table","NW_015090842.1:10243353",0,5,5
"LOC106888173","s1324_S_NC_02_ASEReadCounter.table","NW_015090842.1:10243363",0,5,5
"LOC106888173","s1324_S_NC_02_ASEReadCounter.table","NW_015090842.1:10243365",0,5,5
"LOC106888173","s1324_S_NC_02_ASEReadCounter.table","NW_015090842.1:10243529",1,6,5
"LOC106888173","s1324_S_NC_02_ASEReadCounter.table","NW_015090842.1:10243566",2,11,9
"LOC106888173","s1324_S_NC_02_ASEReadCounter.table","NW_015090842.1:10243605",2,11,9
"LOC106888173","s1324_S_NC_02_ASEReadCounter.table","NW_015090842.1:10243614",2,10,8
"LOC106888173","s1324_S_NC_02_ASEReadCounter.table","NW_015090842.1:10243615",2,10,8
"LOC106888173","s1324_S_NC_02_ASEReadCounter.table","NW_015090842.1:10243640",2,9,7
"LOC106888173","s1324_S_NC_02_ASEReadCounter.table","NW_015090842.1:10243680",1,3,2
"LOC106888173","s1324_S_NC_02_ASEReadCounter.table","NW_015090842.1:10243742",2,5,3
"LOC106888173","s1324_S_NC_02_ASEReadCounter.table","NW_015090842.1:10243804",1,4,3
"LOC106888173","s1324_S_NC_02_ASEReadCounter.table","NW_015090842.1:10243913",0,1,1
"LOC106888173","s1324_S_NC_02_ASEReadCounter.table","NW_015090842.1:10243921",0,2,2
"LOC106888384","s1324_S_NC_02_ASEReadCounter.table","NW_015090842.1:10251354",0,1,1
"LOC106888384","s1324_S_NC_02_ASEReadCounter.table","NW_015090842.1:10251358",0,1,1
"LOC106888384","s1324_S_NC_02_ASEReadCounter.table","NW_015090842.1:10251369",0,1,1
"LOC106888384","s1324_S_NC_02_ASEReadCounter.table","NW_015090842.1:10251370",0,1,1
"LOC106888384","s1324_S_NC_02_ASEReadCounter.table","NW_015090842.1:10251375",0,1,1
"LOC106888384","s1324_S_NC_02_ASEReadCounter.table","NW_015090842.1:10251388",0,1,1
"LOC106888384","s1324_S_NC_02_ASEReadCounter.table","NW_015090842.1:10251390",0,1,1
"LOC106888384","s1324_S_NC_02_ASEReadCounter.table","NW_015090842.1:10251393",0,1,1
"LOC106888384","s1324_S_NC_02_ASEReadCounter.table","NW_015090842.1:10251399",0,1,1
"LOC106888384","s1324_S_NC_02_ASEReadCounter.table","NW_015090842.1:10251492",1,1,0
"LOC106888384","s1324_S_NC_02_ASEReadCounter.table","NW_015090842.1:10255704",1,2,1
"LOC106888384","s1324_S_NC_02_ASEReadCounter.table","NW_015090842.1:10255731",1,2,1
"LOC106888384","s1324_S_NC_02_ASEReadCounter.table","NW_015090842.1:10255771",1,2,1
"TANGO6","s1324_S_NC_02_ASEReadCounter.table","NW_015090842.1:10257782",6,6,0
"TANGO6","s1324_S_NC_02_ASEReadCounter.table","NW_015090842.1:10258162",7,11,4
"TANGO6","s1324_S_NC_02_ASEReadCounter.table","NW_015090842.1:10258185",9,11,2
"TANGO6","s1324_S_NC_02_ASEReadCounter.table","NW_015090842.1:10259267",3,6,3
"TANGO6","s1324_S_NC_02_ASEReadCounter.table","NW_015090842.1:10260250",14,22,8
"TANGO6","s1324_S_NC_02_ASEReadCounter.table","NW_015090842.1:10260979",10,19,9
"TANGO6","s1324_S_NC_02_ASEReadCounter.table","NW_015090842.1:10261599",14,20,6
"TANGO6","s1324_S_NC_02_ASEReadCounter.table","NW_015090842.1:10268425",20,29,9
"TANGO6","s1324_S_NC_02_ASEReadCounter.table","NW_015090842.1:10269831",18,26,8
"TANGO6","s1324_S_NC_02_ASEReadCounter.table","NW_015090842.1:10270813",20,25,5
"TANGO6","s1324_S_NC_02_ASEReadCounter.table","NW_015090842.1:10273952",14,25,11
"TANGO6","s1324_S_NC_02_ASEReadCounter.table","NW_015090842.1:10273970",16,30,14
"TANGO6","s1324_S_NC_02_ASEReadCounter.table","NW_015090842.1:10274018",18,29,11
"TANGO6","s1324_S_NC_02_ASEReadCounter.table","NW_015090842.1:10275974",15,20,5
"TANGO6","s1324_S_NC_02_ASEReadCounter.table","NW_015090842.1:10275976",15,20,5
"TANGO6","s1324_S_NC_02_ASEReadCounter.table","NW_015090842.1:10276123",18,27,9
"TANGO6","s1324_S_NC_02_ASEReadCounter.table","NW_015090842.1:10276271",19,26,7
"TANGO6","s1324_S_NC_02_ASEReadCounter.table","NW_015090842.1:10276272",18,25,7
"TANGO6","s1324_S_NC_02_ASEReadCounter.table","NW_015090842.1:10276275",22,29,7
"TANGO6","s1324_S_NC_02_ASEReadCounter.table","NW_015090842.1:10276278",23,30,7
"TANGO6","s1324_S_NC_02_ASEReadCounter.table","NW_015090842.1:10276368",15,23,8
"TANGO6","s1324_S_NC_02_ASEReadCounter.table","NW_015090842.1:10276373",15,24,9
"TANGO6","s1324_S_NC_02_ASEReadCounter.table","NW_015090842.1:10276630",20,31,11
"TANGO6","s1324_S_NC_02_ASEReadCounter.table","NW_015090842.1:10281498",19,36,17
"TANGO6","s1324_S_NC_02_ASEReadCounter.table","NW_015090842.1:10282842",22,39,17
"TANGO6","s1324_S_NC_02_ASEReadCounter.table","NW_015090842.1:10282863",21,37,16
"TANGO6","s1324_S_NC_02_ASEReadCounter.table","NW_015090842.1:10282869",21,37,16
"TANGO6","s1324_S_NC_02_ASEReadCounter.table","NW_015090842.1:10282903",23,36,13
"TANGO6","s1324_S_NC_02_ASEReadCounter.table","NW_015090842.1:10283757",25,35,10
"TANGO6","s1324_S_NC_02_ASEReadCounter.table","NW_015090842.1:10283785",25,38,13
"HAS3","s1324_S_NC_02_ASEReadCounter.table","NW_015090842.1:10288093",1,1,0
"HAS3","s1324_S_NC_02_ASEReadCounter.table","NW_015090842.1:10288266",0,1,1
"HAS3","s1324_S_NC_02_ASEReadCounter.table","NW_015090842.1:10288274",0,1,1
"HAS3","s1324_S_NC_02_ASEReadCounter.table","NW_015090842.1:10289708",2,4,2
"HAS3","s1324_S_NC_02_ASEReadCounter.table","NW_015090842.1:10290609",1,1,0
"HAS3","s1324_S_NC_02_ASEReadCounter.table","NW_015090842.1:10290666",2,2,0
"HAS3","s1324_S_NC_02_ASEReadCounter.table","NW_015090842.1:10290723",2,2,0
"HAS3","s1324_S_NC_02_ASEReadCounter.table","NW_015090842.1:10290927",3,3,0
"HAS3","s1324_S_NC_02_ASEReadCounter.table","NW_015090842.1:10291004",1,1,0
"CHTF8","s1324_S_NC_02_ASEReadCounter.table","NW_015090842.1:10291319",1,3,2
"CHTF8","s1324_S_NC_02_ASEReadCounter.table","NW_015090842.1:10291342",1,3,2
"CHTF8","s1324_S_NC_02_ASEReadCounter.table","NW_015090842.1:10291520",2,5,3
"CHTF8","s1324_S_NC_02_ASEReadCounter.table","NW_015090842.1:10291593",7,11,4
"CHTF8","s1324_S_NC_02_ASEReadCounter.table","NW_015090842.1:10291600",7,11,4
"CHTF8","s1324_S_NC_02_ASEReadCounter.table","NW_015090842.1:10291609",6,9,3
"CHTF8","s1324_S_NC_02_ASEReadCounter.table","NW_015090842.1:10291639",7,11,4
"CHTF8","s1324_S_NC_02_ASEReadCounter.table","NW_015090842.1:10291641",7,11,4
"CHTF8","s1324_S_NC_02_ASEReadCounter.table","NW_015090842.1:10291648",8,12,4
"CHTF8","s1324_S_NC_02_ASEReadCounter.table","NW_015090842.1:10291656",8,10,2
"CHTF8","s1324_S_NC_02_ASEReadCounter.table","NW_015090842.1:10291675",7,11,4
"CHTF8","s1324_S_NC_02_ASEReadCounter.table","NW_015090842.1:10291696",7,10,3
"CHTF8","s1324_S_NC_02_ASEReadCounter.table","NW_015090842.1:10291714",6,10,4
"CHTF8","s1324_S_NC_02_ASEReadCounter.table","NW_015090842.1:10291732",3,9,6
"CHTF8","s1324_S_NC_02_ASEReadCounter.table","NW_015090842.1:10291755",1,6,5
"CHTF8","s1324_S_NC_02_ASEReadCounter.table","NW_015090842.1:10291756",1,6,5
"CHTF8","s1324_S_NC_02_ASEReadCounter.table","NW_015090842.1:10291758",1,6,5
"CHTF8","s1324_S_NC_02_ASEReadCounter.table","NW_015090842.1:10291792",1,5,4
"CHTF8","s1324_S_NC_02_ASEReadCounter.table","NW_015090842.1:10291895",4,7,3
"CHTF8","s1324_S_NC_02_ASEReadCounter.table","NW_015090842.1:10292132",4,5,1
"CHTF8","s1324_S_NC_02_ASEReadCounter.table","NW_015090842.1:10292314",3,7,4
"CHTF8","s1324_S_NC_02_ASEReadCounter.table","NW_015090842.1:10292317",2,6,4
"CHTF8","s1324_S_NC_02_ASEReadCounter.table","NW_015090842.1:10292928",1,2,1
"UTP4","s1324_S_NC_02_ASEReadCounter.table","NW_015090842.1:10293146",8,18,10
"UTP4","s1324_S_NC_02_ASEReadCounter.table","NW_015090842.1:10293151",7,17,10
"UTP4","s1324_S_NC_02_ASEReadCounter.table","NW_015090842.1:10293191",3,7,4
"UTP4","s1324_S_NC_02_ASEReadCounter.table","NW_015090842.1:10293362",7,13,6
"UTP4","s1324_S_NC_02_ASEReadCounter.table","NW_015090842.1:10293430",10,19,9
"UTP4","s1324_S_NC_02_ASEReadCounter.table","NW_015090842.1:10293625",8,18,10
"UTP4","s1324_S_NC_02_ASEReadCounter.table","NW_015090842.1:10293684",13,22,9
"UTP4","s1324_S_NC_02_ASEReadCounter.table","NW_015090842.1:10294093",7,19,12
"UTP4","s1324_S_NC_02_ASEReadCounter.table","NW_015090842.1:10294568",7,19,12
"UTP4","s1324_S_NC_02_ASEReadCounter.table","NW_015090842.1:10294622",9,21,12
"UTP4","s1324_S_NC_02_ASEReadCounter.table","NW_015090842.1:10294632",10,22,12
"UTP4","s1324_S_NC_02_ASEReadCounter.table","NW_015090842.1:10295238",11,24,13
"UTP4","s1324_S_NC_02_ASEReadCounter.table","NW_015090842.1:10295880",16,35,19
"UTP4","s1324_S_NC_02_ASEReadCounter.table","NW_015090842.1:10295884",17,36,19
"UTP4","s1324_S_NC_02_ASEReadCounter.table","NW_015090842.1:10295903",17,35,18
"UTP4","s1324_S_NC_02_ASEReadCounter.table","NW_015090842.1:10295906",14,35,21
"UTP4","s1324_S_NC_02_ASEReadCounter.table","NW_015090842.1:10295915",15,38,23
"UTP4","s1324_S_NC_02_ASEReadCounter.table","NW_015090842.1:10295938",16,38,22
"UTP4","s1324_S_NC_02_ASEReadCounter.table","NW_015090842.1:10296175",12,27,15
"UTP4","s1324_S_NC_02_ASEReadCounter.table","NW_015090842.1:10296660",8,28,20
"UTP4","s1324_S_NC_02_ASEReadCounter.table","NW_015090842.1:10296679",8,31,23
"UTP4","s1324_S_NC_02_ASEReadCounter.table","NW_015090842.1:10297193",16,37,21
"UTP4","s1324_S_NC_02_ASEReadCounter.table","NW_015090842.1:10297220",25,46,21
"UTP4","s1324_S_NC_02_ASEReadCounter.table","NW_015090842.1:10297307",21,45,24
"UTP4","s1324_S_NC_02_ASEReadCounter.table","NW_015090842.1:10297558",26,56,30
"UTP4","s1324_S_NC_02_ASEReadCounter.table","NW_015090842.1:10297943",26,55,29
"UTP4","s1324_S_NC_02_ASEReadCounter.table","NW_015090842.1:10297979",26,57,31
"UTP4","s1324_S_NC_02_ASEReadCounter.table","NW_015090842.1:10298022",22,46,24
"UTP4","s1324_S_NC_02_ASEReadCounter.table","NW_015090842.1:10298079",5,18,13
"UTP4","s1324_S_NC_02_ASEReadCounter.table","NW_015090842.1:10298081",3,14,11
"UTP4","s1324_S_NC_02_ASEReadCounter.table","NW_015090842.1:10298082",3,14,11
"SNTB2","s1324_S_NC_02_ASEReadCounter.table","NW_015090842.1:10298905",0,1,1
"SNTB2","s1324_S_NC_02_ASEReadCounter.table","NW_015090842.1:10298928",0,1,1
"SNTB2","s1324_S_NC_02_ASEReadCounter.table","NW_015090842.1:10303506",6,7,1
"SNTB2","s1324_S_NC_02_ASEReadCounter.table","NW_015090842.1:10303524",4,5,1
"SNTB2","s1324_S_NC_02_ASEReadCounter.table","NW_015090842.1:10304059",3,4,1
"SNTB2","s1324_S_NC_02_ASEReadCounter.table","NW_015090842.1:10304089",2,3,1
"SNTB2","s1324_S_NC_02_ASEReadCounter.table","NW_015090842.1:10304167",2,2,0
"SNTB2","s1324_S_NC_02_ASEReadCounter.table","NW_015090842.1:10304176",2,2,0
"SNTB2","s1324_S_NC_02_ASEReadCounter.table","NW_015090842.1:10305069",6,9,3
"SNTB2","s1324_S_NC_02_ASEReadCounter.table","NW_015090842.1:10305099",9,13,4
"SNTB2","s1324_S_NC_02_ASEReadCounter.table","NW_015090842.1:10305451",3,5,2
"SNTB2","s1324_S_NC_02_ASEReadCounter.table","NW_015090842.1:10305547",4,7,3
"SNTB2","s1324_S_NC_02_ASEReadCounter.table","NW_015090842.1:10305847",3,6,3
"SNTB2","s1324_S_NC_02_ASEReadCounter.table","NW_015090842.1:10305911",0,2,2
"SNTB2","s1324_S_NC_02_ASEReadCounter.table","NW_015090842.1:10306173",2,5,3
"SNTB2","s1324_S_NC_02_ASEReadCounter.table","NW_015090842.1:10306275",3,7,4
"SNTB2","s1324_S_NC_02_ASEReadCounter.table","NW_015090842.1:10306457",4,11,7
"SNTB2","s1324_S_NC_02_ASEReadCounter.table","NW_015090842.1:10306496",5,11,6
"SNTB2","s1324_S_NC_02_ASEReadCounter.table","NW_015090842.1:10306499",5,11,6
"VPS4A","s1324_S_NC_02_ASEReadCounter.table","NW_015090842.1:10308566",58,123,65
"VPS4A","s1324_S_NC_02_ASEReadCounter.table","NW_015090842.1:10308573",57,128,71
"VPS4A","s1324_S_NC_02_ASEReadCounter.table","NW_015090842.1:10308856",95,199,104
"VPS4A","s1324_S_NC_02_ASEReadCounter.table","NW_015090842.1:10309056",105,231,126
"VPS4A","s1324_S_NC_02_ASEReadCounter.table","NW_015090842.1:10309089",126,262,136
"VPS4A","s1324_S_NC_02_ASEReadCounter.table","NW_015090842.1:10309392",143,265,122
"VPS4A","s1324_S_NC_02_ASEReadCounter.table","NW_015090842.1:10309413",148,286,138
"VPS4A","s1324_S_NC_02_ASEReadCounter.table","NW_015090842.1:10309467",151,324,173
"VPS4A","s1324_S_NC_02_ASEReadCounter.table","NW_015090842.1:10310230",170,358,188
"VPS4A","s1324_S_NC_02_ASEReadCounter.table","NW_015090842.1:10310425",156,318,162
"VPS4A","s1324_S_NC_02_ASEReadCounter.table","NW_015090842.1:10310639",175,359,184
"VPS4A","s1324_S_NC_02_ASEReadCounter.table","NW_015090842.1:10310640",359,359,0
"VPS4A","s1324_S_NC_02_ASEReadCounter.table","NW_015090842.1:10310687",187,384,197
"VPS4A","s1324_S_NC_02_ASEReadCounter.table","NW_015090842.1:10310734",160,327,167
"VPS4A","s1324_S_NC_02_ASEReadCounter.table","NW_015090842.1:10310737",161,333,172
"VPS4A","s1324_S_NC_02_ASEReadCounter.table","NW_015090842.1:10310746",153,328,175
"VPS4A","s1324_S_NC_02_ASEReadCounter.table","NW_015090842.1:10310767",164,337,173
"VPS4A","s1324_S_NC_02_ASEReadCounter.table","NW_015090842.1:10310995",162,316,154
"VPS4A","s1324_S_NC_02_ASEReadCounter.table","NW_015090842.1:10311004",166,313,147
"VPS4A","s1324_S_NC_02_ASEReadCounter.table","NW_015090842.1:10311007",170,326,156
"VPS4A","s1324_S_NC_02_ASEReadCounter.table","NW_015090842.1:10311013",185,339,154
"VPS4A","s1324_S_NC_02_ASEReadCounter.table","NW_015090842.1:10311022",156,312,156
"VPS4A","s1324_S_NC_02_ASEReadCounter.table","NW_015090842.1:10311023",157,310,153
"VPS4A","s1324_S_NC_02_ASEReadCounter.table","NW_015090842.1:10311426",171,350,179
"VPS4A","s1324_S_NC_02_ASEReadCounter.table","NW_015090842.1:10311489",0,5,5
"VPS4A","s1324_S_NC_02_ASEReadCounter.table","NW_015090842.1:10311490",0,3,3
"VPS4A","s1324_S_NC_02_ASEReadCounter.table","NW_015090842.1:10311525",4,15,11
"VPS4A","s1324_S_NC_02_ASEReadCounter.table","NW_015090842.1:10311529",5,21,16
"VPS4A","s1324_S_NC_02_ASEReadCounter.table","NW_015090842.1:10311530",5,22,17
"VPS4A","s1324_S_NC_02_ASEReadCounter.table","NW_015090842.1:10311552",26,50,24
"VPS4A","s1324_S_NC_02_ASEReadCounter.table","NW_015090842.1:10311689",43,74,31
"VPS4A","s1324_S_NC_02_ASEReadCounter.table","NW_015090842.1:10311700",54,87,33
"VPS4A","s1324_S_NC_02_ASEReadCounter.table","NW_015090842.1:10311701",53,86,33
"VPS4A","s1324_S_NC_02_ASEReadCounter.table","NW_015090842.1:10311703",54,89,35
"COG8","s1324_S_NC_02_ASEReadCounter.table","NW_015090842.1:10313487",12,29,17
"COG8","s1324_S_NC_02_ASEReadCounter.table","NW_015090842.1:10313559",20,41,21
"COG8","s1324_S_NC_02_ASEReadCounter.table","NW_015090842.1:10313579",17,44,27
"COG8","s1324_S_NC_02_ASEReadCounter.table","NW_015090842.1:10313665",18,36,18
"COG8","s1324_S_NC_02_ASEReadCounter.table","NW_015090842.1:10313681",19,35,16
"COG8","s1324_S_NC_02_ASEReadCounter.table","NW_015090842.1:10313768",28,50,22
"COG8","s1324_S_NC_02_ASEReadCounter.table","NW_015090842.1:10313775",28,53,25
"COG8","s1324_S_NC_02_ASEReadCounter.table","NW_015090842.1:10313811",27,44,17
"COG8","s1324_S_NC_02_ASEReadCounter.table","NW_015090842.1:10313858",17,29,12
"COG8","s1324_S_NC_02_ASEReadCounter.table","NW_015090842.1:10313859",29,29,0
"COG8","s1324_S_NC_02_ASEReadCounter.table","NW_015090842.1:10314100",23,45,22
"COG8","s1324_S_NC_02_ASEReadCounter.table","NW_015090842.1:10314213",12,21,9
"COG8","s1324_S_NC_02_ASEReadCounter.table","NW_015090842.1:10315093",13,29,16
"COG8","s1324_S_NC_02_ASEReadCounter.table","NW_015090842.1:10315162",16,36,20
"COG8","s1324_S_NC_02_ASEReadCounter.table","NW_015090842.1:10315285",15,26,11
"COG8","s1324_S_NC_02_ASEReadCounter.table","NW_015090842.1:10315360",9,23,14
"COG8","s1324_S_NC_02_ASEReadCounter.table","NW_015090842.1:10315369",9,24,15
"COG8","s1324_S_NC_02_ASEReadCounter.table","NW_015090842.1:10315508",6,14,8
"COG8","s1324_S_NC_02_ASEReadCounter.table","NW_015090842.1:10315624",15,33,18
"COG8","s1324_S_NC_02_ASEReadCounter.table","NW_015090842.1:10315693",11,25,14
"COG8","s1324_S_NC_02_ASEReadCounter.table","NW_015090842.1:10315698",9,22,13
"COG8","s1324_S_NC_02_ASEReadCounter.table","NW_015090842.1:10315768",5,14,9
"COG8","s1324_S_NC_02_ASEReadCounter.table","NW_015090842.1:10315769",5,14,9
"COG8","s1324_S_NC_02_ASEReadCounter.table","NW_015090842.1:10315784",4,13,9
"COG8","s1324_S_NC_02_ASEReadCounter.table","NW_015090842.1:10316093",7,13,6
"COG8","s1324_S_NC_02_ASEReadCounter.table","NW_015090842.1:10316133",7,12,5
"NIP7","s1324_S_NC_02_ASEReadCounter.table","NW_015090842.1:10316759",19,36,17
"NIP7","s1324_S_NC_02_ASEReadCounter.table","NW_015090842.1:10316967",93,179,86
"NIP7","s1324_S_NC_02_ASEReadCounter.table","NW_015090842.1:10316995",112,199,87
"NIP7","s1324_S_NC_02_ASEReadCounter.table","NW_015090842.1:10317240",140,267,127
"NIP7","s1324_S_NC_02_ASEReadCounter.table","NW_015090842.1:10317247",140,280,140
"NIP7","s1324_S_NC_02_ASEReadCounter.table","NW_015090842.1:10317264",137,261,124
"NIP7","s1324_S_NC_02_ASEReadCounter.table","NW_015090842.1:10317433",170,342,172
"NIP7","s1324_S_NC_02_ASEReadCounter.table","NW_015090842.1:10317738",125,285,160
"NIP7","s1324_S_NC_02_ASEReadCounter.table","NW_015090842.1:10317769",121,285,164
"NIP7","s1324_S_NC_02_ASEReadCounter.table","NW_015090842.1:10317808",84,183,99
"NIP7","s1324_S_NC_02_ASEReadCounter.table","NW_015090842.1:10317870",66,142,76
"NIP7","s1324_S_NC_02_ASEReadCounter.table","NW_015090842.1:10317871",66,138,72
"NIP7","s1324_S_NC_02_ASEReadCounter.table","NW_015090842.1:10317898",44,94,50
"NIP7","s1324_S_NC_02_ASEReadCounter.table","NW_015090842.1:10317911",39,87,48
"TMED6","s1324_S_NC_02_ASEReadCounter.table","NW_015090842.1:10318514",2,2,0
"TMED6","s1324_S_NC_02_ASEReadCounter.table","NW_015090842.1:10318731",1,4,3
"TERF2","s1324_S_NC_02_ASEReadCounter.table","NW_015090842.1:10321768",23,49,26
"TERF2","s1324_S_NC_02_ASEReadCounter.table","NW_015090842.1:10321777",19,48,29
"TERF2","s1324_S_NC_02_ASEReadCounter.table","NW_015090842.1:10321805",19,54,35
"TERF2","s1324_S_NC_02_ASEReadCounter.table","NW_015090842.1:10321878",33,71,38
"TERF2","s1324_S_NC_02_ASEReadCounter.table","NW_015090842.1:10321893",27,67,40
"TERF2","s1324_S_NC_02_ASEReadCounter.table","NW_015090842.1:10321897",24,61,37
"TERF2","s1324_S_NC_02_ASEReadCounter.table","NW_015090842.1:10321908",23,55,32
"TERF2","s1324_S_NC_02_ASEReadCounter.table","NW_015090842.1:10322001",48,96,48
"TERF2","s1324_S_NC_02_ASEReadCounter.table","NW_015090842.1:10322035",34,76,42
"TERF2","s1324_S_NC_02_ASEReadCounter.table","NW_015090842.1:10322051",37,82,45
"TERF2","s1324_S_NC_02_ASEReadCounter.table","NW_015090842.1:10322137",27,63,36
"TERF2","s1324_S_NC_02_ASEReadCounter.table","NW_015090842.1:10322144",31,68,37
"TERF2","s1324_S_NC_02_ASEReadCounter.table","NW_015090842.1:10322388",18,63,45
"TERF2","s1324_S_NC_02_ASEReadCounter.table","NW_015090842.1:10322396",19,66,47
"TERF2","s1324_S_NC_02_ASEReadCounter.table","NW_015090842.1:10322502",38,80,42
"TERF2","s1324_S_NC_02_ASEReadCounter.table","NW_015090842.1:10322504",38,78,40
"TERF2","s1324_S_NC_02_ASEReadCounter.table","NW_015090842.1:10322510",40,84,44
"TERF2","s1324_S_NC_02_ASEReadCounter.table","NW_015090842.1:10323580",21,59,38
"TERF2","s1324_S_NC_02_ASEReadCounter.table","NW_015090842.1:10324314",18,53,35
"TERF2","s1324_S_NC_02_ASEReadCounter.table","NW_015090842.1:10326832",14,30,16
"TERF2","s1324_S_NC_02_ASEReadCounter.table","NW_015090842.1:10327787",15,28,13
"TERF2","s1324_S_NC_02_ASEReadCounter.table","NW_015090842.1:10328588",9,20,11
"TERF2","s1324_S_NC_02_ASEReadCounter.table","NW_015090842.1:10328644",6,16,10
"TERF2","s1324_S_NC_02_ASEReadCounter.table","NW_015090842.1:10329813",7,21,14
"TERF2","s1324_S_NC_02_ASEReadCounter.table","NW_015090842.1:10330749",11,17,6
"TERF2","s1324_S_NC_02_ASEReadCounter.table","NW_015090842.1:10330789",12,18,6
"CYB5B","s1324_S_NC_02_ASEReadCounter.table","NW_015090842.1:10336595",2,9,7
"CYB5B","s1324_S_NC_02_ASEReadCounter.table","NW_015090842.1:10336667",31,64,33
"CYB5B","s1324_S_NC_02_ASEReadCounter.table","NW_015090842.1:10336689",41,82,41
"CYB5B","s1324_S_NC_02_ASEReadCounter.table","NW_015090842.1:10336728",52,118,66
"CYB5B","s1324_S_NC_02_ASEReadCounter.table","NW_015090842.1:10345068",54,112,58
"CYB5B","s1324_S_NC_02_ASEReadCounter.table","NW_015090842.1:10348800",84,158,74
"CYB5B","s1324_S_NC_02_ASEReadCounter.table","NW_015090842.1:10349046",87,185,98
"CYB5B","s1324_S_NC_02_ASEReadCounter.table","NW_015090842.1:10349119",52,144,92
"CYB5B","s1324_S_NC_02_ASEReadCounter.table","NW_015090842.1:10349146",36,127,91
"CYB5B","s1324_S_NC_02_ASEReadCounter.table","NW_015090842.1:10349157",55,150,95
"CYB5B","s1324_S_NC_02_ASEReadCounter.table","NW_015090842.1:10349263",151,151,0
