"gene","id","snp","ref_count","total_count","alt_count"
"CENPN","s1321_S_PIT_01_ASEReadCounter.table","NW_015090842.1:5801612",0,1,1
"CENPN","s1321_S_PIT_01_ASEReadCounter.table","NW_015090842.1:5801618",0,1,1
"CENPN","s1321_S_PIT_01_ASEReadCounter.table","NW_015090842.1:5801623",0,1,1
"CENPN","s1321_S_PIT_01_ASEReadCounter.table","NW_015090842.1:5801631",0,1,1
"CENPN","s1321_S_PIT_01_ASEReadCounter.table","NW_015090842.1:5801632",0,1,1
"CENPN","s1321_S_PIT_01_ASEReadCounter.table","NW_015090842.1:5801655",0,3,3
"CENPN","s1321_S_PIT_01_ASEReadCounter.table","NW_015090842.1:5801670",0,3,3
"CENPN","s1321_S_PIT_01_ASEReadCounter.table","NW_015090842.1:5801674",0,3,3
"CENPN","s1321_S_PIT_01_ASEReadCounter.table","NW_015090842.1:5801692",1,3,2
"CENPN","s1321_S_PIT_01_ASEReadCounter.table","NW_015090842.1:5802008",3,5,2
"CENPN","s1321_S_PIT_01_ASEReadCounter.table","NW_015090842.1:5802012",3,5,2
"CENPN","s1321_S_PIT_01_ASEReadCounter.table","NW_015090842.1:5802087",4,9,5
"CENPN","s1321_S_PIT_01_ASEReadCounter.table","NW_015090842.1:5810113",3,3,0
"CENPN","s1321_S_PIT_01_ASEReadCounter.table","NW_015090842.1:5810147",5,5,0
"CENPN","s1321_S_PIT_01_ASEReadCounter.table","NW_015090842.1:5810148",5,5,0
"ATMIN","s1321_S_PIT_01_ASEReadCounter.table","NW_015090842.1:5818789",7,12,5
"ATMIN","s1321_S_PIT_01_ASEReadCounter.table","NW_015090842.1:5819958",8,16,8
"ATMIN","s1321_S_PIT_01_ASEReadCounter.table","NW_015090842.1:5820004",7,19,12
"ATMIN","s1321_S_PIT_01_ASEReadCounter.table","NW_015090842.1:5820217",4,11,7
"ATMIN","s1321_S_PIT_01_ASEReadCounter.table","NW_015090842.1:5820250",4,12,8
"ATMIN","s1321_S_PIT_01_ASEReadCounter.table","NW_015090842.1:5820298",6,11,5
"ATMIN","s1321_S_PIT_01_ASEReadCounter.table","NW_015090842.1:5820417",3,7,4
"ATMIN","s1321_S_PIT_01_ASEReadCounter.table","NW_015090842.1:5820421",3,8,5
"ATMIN","s1321_S_PIT_01_ASEReadCounter.table","NW_015090842.1:5820448",6,12,6
"ATMIN","s1321_S_PIT_01_ASEReadCounter.table","NW_015090842.1:5820457",6,11,5
"ATMIN","s1321_S_PIT_01_ASEReadCounter.table","NW_015090842.1:5820510",8,11,3
"ATMIN","s1321_S_PIT_01_ASEReadCounter.table","NW_015090842.1:5820673",7,17,10
"ATMIN","s1321_S_PIT_01_ASEReadCounter.table","NW_015090842.1:5820754",4,12,8
"ATMIN","s1321_S_PIT_01_ASEReadCounter.table","NW_015090842.1:5820820",4,17,13
"ATMIN","s1321_S_PIT_01_ASEReadCounter.table","NW_015090842.1:5820865",5,20,15
"ATMIN","s1321_S_PIT_01_ASEReadCounter.table","NW_015090842.1:5820889",7,21,14
"ATMIN","s1321_S_PIT_01_ASEReadCounter.table","NW_015090842.1:5820891",7,21,14
"ATMIN","s1321_S_PIT_01_ASEReadCounter.table","NW_015090842.1:5820997",5,13,8
"ATMIN","s1321_S_PIT_01_ASEReadCounter.table","NW_015090842.1:5821063",7,17,10
"ATMIN","s1321_S_PIT_01_ASEReadCounter.table","NW_015090842.1:5821132",8,16,8
"ATMIN","s1321_S_PIT_01_ASEReadCounter.table","NW_015090842.1:5821645",6,19,13
"ATMIN","s1321_S_PIT_01_ASEReadCounter.table","NW_015090842.1:5825066",18,35,17
"ATMIN","s1321_S_PIT_01_ASEReadCounter.table","NW_015090842.1:5825106",17,34,17
"ATMIN","s1321_S_PIT_01_ASEReadCounter.table","NW_015090842.1:5825122",14,31,17
"ATMIN","s1321_S_PIT_01_ASEReadCounter.table","NW_015090842.1:5825178",22,35,13
"ATMIN","s1321_S_PIT_01_ASEReadCounter.table","NW_015090842.1:5825194",21,34,13
"ATMIN","s1321_S_PIT_01_ASEReadCounter.table","NW_015090842.1:5825195",21,34,13
"ATMIN","s1321_S_PIT_01_ASEReadCounter.table","NW_015090842.1:5825220",21,33,12
"ATMIN","s1321_S_PIT_01_ASEReadCounter.table","NW_015090842.1:5825240",15,31,16
"ATMIN","s1321_S_PIT_01_ASEReadCounter.table","NW_015090842.1:5825303",17,38,21
"ATMIN","s1321_S_PIT_01_ASEReadCounter.table","NW_015090842.1:5825304",17,42,25
"ATMIN","s1321_S_PIT_01_ASEReadCounter.table","NW_015090842.1:5825310",18,42,24
"ATMIN","s1321_S_PIT_01_ASEReadCounter.table","NW_015090842.1:5825406",20,39,19
"ATMIN","s1321_S_PIT_01_ASEReadCounter.table","NW_015090842.1:5825415",25,42,17
"ATMIN","s1321_S_PIT_01_ASEReadCounter.table","NW_015090842.1:5825438",22,43,21
"ATMIN","s1321_S_PIT_01_ASEReadCounter.table","NW_015090842.1:5825485",29,54,25
"ATMIN","s1321_S_PIT_01_ASEReadCounter.table","NW_015090842.1:5825524",29,48,19
"ATMIN","s1321_S_PIT_01_ASEReadCounter.table","NW_015090842.1:5825557",24,39,15
"ATMIN","s1321_S_PIT_01_ASEReadCounter.table","NW_015090842.1:5825571",25,39,14
"ATMIN","s1321_S_PIT_01_ASEReadCounter.table","NW_015090842.1:5825579",24,37,13
"ATMIN","s1321_S_PIT_01_ASEReadCounter.table","NW_015090842.1:5825590",20,27,7
"ATMIN","s1321_S_PIT_01_ASEReadCounter.table","NW_015090842.1:5825689",20,47,27
"ATMIN","s1321_S_PIT_01_ASEReadCounter.table","NW_015090842.1:5825703",27,56,29
"ATMIN","s1321_S_PIT_01_ASEReadCounter.table","NW_015090842.1:5825787",26,47,21
"ATMIN","s1321_S_PIT_01_ASEReadCounter.table","NW_015090842.1:5825833",20,46,26
"ATMIN","s1321_S_PIT_01_ASEReadCounter.table","NW_015090842.1:5825841",14,39,25
"ATMIN","s1321_S_PIT_01_ASEReadCounter.table","NW_015090842.1:5825895",17,37,20
"ATMIN","s1321_S_PIT_01_ASEReadCounter.table","NW_015090842.1:5825984",17,48,31
"ATMIN","s1321_S_PIT_01_ASEReadCounter.table","NW_015090842.1:5826162",22,45,23
"ATMIN","s1321_S_PIT_01_ASEReadCounter.table","NW_015090842.1:5826194",25,44,19
"ATMIN","s1321_S_PIT_01_ASEReadCounter.table","NW_015090842.1:5826235",29,48,19
"ATMIN","s1321_S_PIT_01_ASEReadCounter.table","NW_015090842.1:5826245",28,47,19
"ATMIN","s1321_S_PIT_01_ASEReadCounter.table","NW_015090842.1:5826335",24,45,21
"ATMIN","s1321_S_PIT_01_ASEReadCounter.table","NW_015090842.1:5826417",16,33,17
"ATMIN","s1321_S_PIT_01_ASEReadCounter.table","NW_015090842.1:5826431",13,41,28
"ATMIN","s1321_S_PIT_01_ASEReadCounter.table","NW_015090842.1:5826438",17,36,19
"ATMIN","s1321_S_PIT_01_ASEReadCounter.table","NW_015090842.1:5826463",23,52,29
"ATMIN","s1321_S_PIT_01_ASEReadCounter.table","NW_015090842.1:5826502",19,48,29
"ATMIN","s1321_S_PIT_01_ASEReadCounter.table","NW_015090842.1:5826511",22,53,31
"ATMIN","s1321_S_PIT_01_ASEReadCounter.table","NW_015090842.1:5826659",27,51,24
"ATMIN","s1321_S_PIT_01_ASEReadCounter.table","NW_015090842.1:5826701",32,57,25
"ATMIN","s1321_S_PIT_01_ASEReadCounter.table","NW_015090842.1:5826702",32,57,25
"ATMIN","s1321_S_PIT_01_ASEReadCounter.table","NW_015090842.1:5826732",31,57,26
"ATMIN","s1321_S_PIT_01_ASEReadCounter.table","NW_015090842.1:5826745",35,67,32
"ATMIN","s1321_S_PIT_01_ASEReadCounter.table","NW_015090842.1:5826835",32,66,34
"ATMIN","s1321_S_PIT_01_ASEReadCounter.table","NW_015090842.1:5826910",23,49,26
"ATMIN","s1321_S_PIT_01_ASEReadCounter.table","NW_015090842.1:5826942",16,46,30
"ATMIN","s1321_S_PIT_01_ASEReadCounter.table","NW_015090842.1:5827193",33,58,25
"ATMIN","s1321_S_PIT_01_ASEReadCounter.table","NW_015090842.1:5827196",34,61,27
"ATMIN","s1321_S_PIT_01_ASEReadCounter.table","NW_015090842.1:5827269",36,66,30
"ATMIN","s1321_S_PIT_01_ASEReadCounter.table","NW_015090842.1:5827315",29,57,28
"ATMIN","s1321_S_PIT_01_ASEReadCounter.table","NW_015090842.1:5827316",29,57,28
"ATMIN","s1321_S_PIT_01_ASEReadCounter.table","NW_015090842.1:5827333",28,53,25
"PPP1R3E","s1321_S_PIT_01_ASEReadCounter.table","NW_015090842.1:5837733",12,19,7
"PPP1R3E","s1321_S_PIT_01_ASEReadCounter.table","NW_015090842.1:5837947",4,6,2
"PKD1L2","s1321_S_PIT_01_ASEReadCounter.table","NW_015090842.1:5867509",0,1,1
"PKD1L2","s1321_S_PIT_01_ASEReadCounter.table","NW_015090842.1:5867597",1,1,0
"PKD1L2","s1321_S_PIT_01_ASEReadCounter.table","NW_015090842.1:5867600",1,1,0
"PKD1L2","s1321_S_PIT_01_ASEReadCounter.table","NW_015090842.1:5867675",0,2,2
"PKD1L2","s1321_S_PIT_01_ASEReadCounter.table","NW_015090842.1:5867788",2,4,2
"PKD1L2","s1321_S_PIT_01_ASEReadCounter.table","NW_015090842.1:5867843",1,3,2
"BCO1","s1321_S_PIT_01_ASEReadCounter.table","NW_015090842.1:5917836",2,4,2
"BCO1","s1321_S_PIT_01_ASEReadCounter.table","NW_015090842.1:5917912",12,19,7
"BCO1","s1321_S_PIT_01_ASEReadCounter.table","NW_015090842.1:5917941",15,24,9
"BCO1","s1321_S_PIT_01_ASEReadCounter.table","NW_015090842.1:5917971",14,23,9
"BCO1","s1321_S_PIT_01_ASEReadCounter.table","NW_015090842.1:5921679",11,26,15
"BCO1","s1321_S_PIT_01_ASEReadCounter.table","NW_015090842.1:5921726",15,30,15
"BCO1","s1321_S_PIT_01_ASEReadCounter.table","NW_015090842.1:5925669",14,20,6
"BCO1","s1321_S_PIT_01_ASEReadCounter.table","NW_015090842.1:5925753",10,16,6
"BCO1","s1321_S_PIT_01_ASEReadCounter.table","NW_015090842.1:5926937",14,17,3
"BCO1","s1321_S_PIT_01_ASEReadCounter.table","NW_015090842.1:5927921",23,26,3
"BCO1","s1321_S_PIT_01_ASEReadCounter.table","NW_015090842.1:5927948",20,24,4
"BCO1","s1321_S_PIT_01_ASEReadCounter.table","NW_015090842.1:5927968",20,25,5
"BCO1","s1321_S_PIT_01_ASEReadCounter.table","NW_015090842.1:5928052",19,28,9
"BCO1","s1321_S_PIT_01_ASEReadCounter.table","NW_015090842.1:5932726",45,58,13
"BCO1","s1321_S_PIT_01_ASEReadCounter.table","NW_015090842.1:5932801",26,33,7
"BCO1","s1321_S_PIT_01_ASEReadCounter.table","NW_015090842.1:5934558",34,42,8
"BCO1","s1321_S_PIT_01_ASEReadCounter.table","NW_015090842.1:5934575",34,42,8
"BCO1","s1321_S_PIT_01_ASEReadCounter.table","NW_015090842.1:5934608",37,43,6
"BCO1","s1321_S_PIT_01_ASEReadCounter.table","NW_015090842.1:5934647",44,54,10
"BCO1","s1321_S_PIT_01_ASEReadCounter.table","NW_015090842.1:5934725",34,44,10
"BCO1","s1321_S_PIT_01_ASEReadCounter.table","NW_015090842.1:5934726",33,43,10
"BCO1","s1321_S_PIT_01_ASEReadCounter.table","NW_015090842.1:5934733",34,41,7
"BCO1","s1321_S_PIT_01_ASEReadCounter.table","NW_015090842.1:5934821",28,33,5
"BCO1","s1321_S_PIT_01_ASEReadCounter.table","NW_015090842.1:5934826",29,33,4
"BCO1","s1321_S_PIT_01_ASEReadCounter.table","NW_015090842.1:5934844",16,19,3
"BCO1","s1321_S_PIT_01_ASEReadCounter.table","NW_015090842.1:5934958",27,37,10
"BCO1","s1321_S_PIT_01_ASEReadCounter.table","NW_015090842.1:5934976",25,37,12
"GAN","s1321_S_PIT_01_ASEReadCounter.table","NW_015090842.1:5953759",2,6,4
"GAN","s1321_S_PIT_01_ASEReadCounter.table","NW_015090842.1:5957502",10,16,6
"GAN","s1321_S_PIT_01_ASEReadCounter.table","NW_015090842.1:5957578",11,21,10
"GAN","s1321_S_PIT_01_ASEReadCounter.table","NW_015090842.1:5965028",7,14,7
"GAN","s1321_S_PIT_01_ASEReadCounter.table","NW_015090842.1:5966047",8,16,8
"GAN","s1321_S_PIT_01_ASEReadCounter.table","NW_015090842.1:5966126",8,13,5
"GAN","s1321_S_PIT_01_ASEReadCounter.table","NW_015090842.1:5966127",7,12,5
"GAN","s1321_S_PIT_01_ASEReadCounter.table","NW_015090842.1:5966162",7,11,4
"GAN","s1321_S_PIT_01_ASEReadCounter.table","NW_015090842.1:5966483",10,18,8
"CMIP","s1321_S_PIT_01_ASEReadCounter.table","NW_015090842.1:6109159",15,28,13
"CMIP","s1321_S_PIT_01_ASEReadCounter.table","NW_015090842.1:6109166",17,31,14
"CMIP","s1321_S_PIT_01_ASEReadCounter.table","NW_015090842.1:6114641",29,60,31
"CMIP","s1321_S_PIT_01_ASEReadCounter.table","NW_015090842.1:6114751",20,49,29
"CMIP","s1321_S_PIT_01_ASEReadCounter.table","NW_015090842.1:6114824",17,43,26
"CMIP","s1321_S_PIT_01_ASEReadCounter.table","NW_015090842.1:6128998",39,73,34
"CMIP","s1321_S_PIT_01_ASEReadCounter.table","NW_015090842.1:6130562",49,100,51
"CMIP","s1321_S_PIT_01_ASEReadCounter.table","NW_015090842.1:6132522",44,85,41
"CMIP","s1321_S_PIT_01_ASEReadCounter.table","NW_015090842.1:6134088",40,73,33
"CMIP","s1321_S_PIT_01_ASEReadCounter.table","NW_015090842.1:6138265",42,112,70
"CMIP","s1321_S_PIT_01_ASEReadCounter.table","NW_015090842.1:6138300",49,123,74
"CMIP","s1321_S_PIT_01_ASEReadCounter.table","NW_015090842.1:6138342",41,103,62
"CMIP","s1321_S_PIT_01_ASEReadCounter.table","NW_015090842.1:6138343",41,102,61
"CMIP","s1321_S_PIT_01_ASEReadCounter.table","NW_015090842.1:6138345",41,107,66
"CMIP","s1321_S_PIT_01_ASEReadCounter.table","NW_015090842.1:6138647",38,99,61
"CMIP","s1321_S_PIT_01_ASEReadCounter.table","NW_015090842.1:6138745",43,102,59
"CMIP","s1321_S_PIT_01_ASEReadCounter.table","NW_015090842.1:6138832",13,45,32
"CMIP","s1321_S_PIT_01_ASEReadCounter.table","NW_015090842.1:6138967",51,110,59
"CMIP","s1321_S_PIT_01_ASEReadCounter.table","NW_015090842.1:6139131",39,65,26
"CMIP","s1321_S_PIT_01_ASEReadCounter.table","NW_015090842.1:6139163",19,50,31
"CMIP","s1321_S_PIT_01_ASEReadCounter.table","NW_015090842.1:6139360",17,32,15
"CMIP","s1321_S_PIT_01_ASEReadCounter.table","NW_015090842.1:6139572",10,18,8
"CMIP","s1321_S_PIT_01_ASEReadCounter.table","NW_015090842.1:6139773",38,59,21
"PLCG2","s1321_S_PIT_01_ASEReadCounter.table","NW_015090842.1:6179613",3,8,5
"PLCG2","s1321_S_PIT_01_ASEReadCounter.table","NW_015090842.1:6179658",11,16,5
"PLCG2","s1321_S_PIT_01_ASEReadCounter.table","NW_015090842.1:6203766",6,21,15
"PLCG2","s1321_S_PIT_01_ASEReadCounter.table","NW_015090842.1:6203775",4,19,15
"PLCG2","s1321_S_PIT_01_ASEReadCounter.table","NW_015090842.1:6203787",5,19,14
"PLCG2","s1321_S_PIT_01_ASEReadCounter.table","NW_015090842.1:6205047",8,28,20
"PLCG2","s1321_S_PIT_01_ASEReadCounter.table","NW_015090842.1:6208541",9,26,17
"PLCG2","s1321_S_PIT_01_ASEReadCounter.table","NW_015090842.1:6209741",5,19,14
"PLCG2","s1321_S_PIT_01_ASEReadCounter.table","NW_015090842.1:6209798",5,19,14
"PLCG2","s1321_S_PIT_01_ASEReadCounter.table","NW_015090842.1:6209816",4,18,14
"PLCG2","s1321_S_PIT_01_ASEReadCounter.table","NW_015090842.1:6217547",17,45,28
"PLCG2","s1321_S_PIT_01_ASEReadCounter.table","NW_015090842.1:6218641",21,38,17
"PLCG2","s1321_S_PIT_01_ASEReadCounter.table","NW_015090842.1:6220552",14,45,31
"PLCG2","s1321_S_PIT_01_ASEReadCounter.table","NW_015090842.1:6221969",16,44,28
"PLCG2","s1321_S_PIT_01_ASEReadCounter.table","NW_015090842.1:6228672",21,50,29
"PLCG2","s1321_S_PIT_01_ASEReadCounter.table","NW_015090842.1:6228694",21,46,25
"PLCG2","s1321_S_PIT_01_ASEReadCounter.table","NW_015090842.1:6228722",23,53,30
"PLCG2","s1321_S_PIT_01_ASEReadCounter.table","NW_015090842.1:6228747",15,46,31
"PLCG2","s1321_S_PIT_01_ASEReadCounter.table","NW_015090842.1:6228835",16,46,30
"PLCG2","s1321_S_PIT_01_ASEReadCounter.table","NW_015090842.1:6228841",18,48,30
"PLCG2","s1321_S_PIT_01_ASEReadCounter.table","NW_015090842.1:6228865",21,47,26
"PLCG2","s1321_S_PIT_01_ASEReadCounter.table","NW_015090842.1:6228917",20,47,27
"PLCG2","s1321_S_PIT_01_ASEReadCounter.table","NW_015090842.1:6228926",18,45,27
"PLCG2","s1321_S_PIT_01_ASEReadCounter.table","NW_015090842.1:6228954",19,43,24
"PLCG2","s1321_S_PIT_01_ASEReadCounter.table","NW_015090842.1:6229002",20,42,22
"PLCG2","s1321_S_PIT_01_ASEReadCounter.table","NW_015090842.1:6229006",19,40,21
"PLCG2","s1321_S_PIT_01_ASEReadCounter.table","NW_015090842.1:6229081",9,28,19
"PLCG2","s1321_S_PIT_01_ASEReadCounter.table","NW_015090842.1:6229097",11,25,14
"PLCG2","s1321_S_PIT_01_ASEReadCounter.table","NW_015090842.1:6229160",15,24,9
"PLCG2","s1321_S_PIT_01_ASEReadCounter.table","NW_015090842.1:6229213",13,21,8
"PLCG2","s1321_S_PIT_01_ASEReadCounter.table","NW_015090842.1:6229231",14,27,13
"PLCG2","s1321_S_PIT_01_ASEReadCounter.table","NW_015090842.1:6229663",25,37,12
"PLCG2","s1321_S_PIT_01_ASEReadCounter.table","NW_015090842.1:6229748",17,27,10
"PLCG2","s1321_S_PIT_01_ASEReadCounter.table","NW_015090842.1:6229892",25,33,8
"PLCG2","s1321_S_PIT_01_ASEReadCounter.table","NW_015090842.1:6230248",14,20,6
"PLCG2","s1321_S_PIT_01_ASEReadCounter.table","NW_015090842.1:6230255",13,21,8
"PLCG2","s1321_S_PIT_01_ASEReadCounter.table","NW_015090842.1:6230296",11,17,6
"PLCG2","s1321_S_PIT_01_ASEReadCounter.table","NW_015090842.1:6230349",22,32,10
"PLCG2","s1321_S_PIT_01_ASEReadCounter.table","NW_015090842.1:6230381",25,37,12
"PLCG2","s1321_S_PIT_01_ASEReadCounter.table","NW_015090842.1:6230408",30,45,15
"PLCG2","s1321_S_PIT_01_ASEReadCounter.table","NW_015090842.1:6230439",29,41,12
"PLCG2","s1321_S_PIT_01_ASEReadCounter.table","NW_015090842.1:6230757",4,19,15
"PLCG2","s1321_S_PIT_01_ASEReadCounter.table","NW_015090842.1:6230758",5,18,13
"PLCG2","s1321_S_PIT_01_ASEReadCounter.table","NW_015090842.1:6230898",19,26,7
"PLCG2","s1321_S_PIT_01_ASEReadCounter.table","NW_015090842.1:6230976",24,31,7
"PLCG2","s1321_S_PIT_01_ASEReadCounter.table","NW_015090842.1:6231078",30,37,7
"PLCG2","s1321_S_PIT_01_ASEReadCounter.table","NW_015090842.1:6231138",31,42,11
"PLCG2","s1321_S_PIT_01_ASEReadCounter.table","NW_015090842.1:6231177",31,45,14
"PLCG2","s1321_S_PIT_01_ASEReadCounter.table","NW_015090842.1:6231263",24,33,9
"PLCG2","s1321_S_PIT_01_ASEReadCounter.table","NW_015090842.1:6231309",20,24,4
"SDR42E1","s1321_S_PIT_01_ASEReadCounter.table","NW_015090842.1:6235292",1,6,5
"SDR42E1","s1321_S_PIT_01_ASEReadCounter.table","NW_015090842.1:6235315",3,10,7
"SDR42E1","s1321_S_PIT_01_ASEReadCounter.table","NW_015090842.1:6235348",4,12,8
"SDR42E1","s1321_S_PIT_01_ASEReadCounter.table","NW_015090842.1:6235355",4,13,9
"SDR42E1","s1321_S_PIT_01_ASEReadCounter.table","NW_015090842.1:6235417",6,24,18
"SDR42E1","s1321_S_PIT_01_ASEReadCounter.table","NW_015090842.1:6235526",30,30,0
"SDR42E1","s1321_S_PIT_01_ASEReadCounter.table","NW_015090842.1:6235558",7,24,17
"SDR42E1","s1321_S_PIT_01_ASEReadCounter.table","NW_015090842.1:6235603",34,34,0
"SDR42E1","s1321_S_PIT_01_ASEReadCounter.table","NW_015090842.1:6235741",11,34,23
"SDR42E1","s1321_S_PIT_01_ASEReadCounter.table","NW_015090842.1:6235777",11,32,21
"SDR42E1","s1321_S_PIT_01_ASEReadCounter.table","NW_015090842.1:6235806",15,43,28
"SDR42E1","s1321_S_PIT_01_ASEReadCounter.table","NW_015090842.1:6235809",16,44,28
"SDR42E1","s1321_S_PIT_01_ASEReadCounter.table","NW_015090842.1:6235816",16,42,26
"SDR42E1","s1321_S_PIT_01_ASEReadCounter.table","NW_015090842.1:6235914",16,42,26
"SDR42E1","s1321_S_PIT_01_ASEReadCounter.table","NW_015090842.1:6235935",15,42,27
"SDR42E1","s1321_S_PIT_01_ASEReadCounter.table","NW_015090842.1:6235957",11,36,25
"SDR42E1","s1321_S_PIT_01_ASEReadCounter.table","NW_015090842.1:6236040",12,31,19
"SDR42E1","s1321_S_PIT_01_ASEReadCounter.table","NW_015090842.1:6236260",11,41,30
"SDR42E1","s1321_S_PIT_01_ASEReadCounter.table","NW_015090842.1:6236281",9,36,27
"SDR42E1","s1321_S_PIT_01_ASEReadCounter.table","NW_015090842.1:6236305",11,42,31
"SDR42E1","s1321_S_PIT_01_ASEReadCounter.table","NW_015090842.1:6236458",10,29,19
"SDR42E1","s1321_S_PIT_01_ASEReadCounter.table","NW_015090842.1:6236476",11,42,31
"SDR42E1","s1321_S_PIT_01_ASEReadCounter.table","NW_015090842.1:6236608",16,35,19
"SDR42E1","s1321_S_PIT_01_ASEReadCounter.table","NW_015090842.1:6238244",5,23,18
"SDR42E1","s1321_S_PIT_01_ASEReadCounter.table","NW_015090842.1:6238829",1,5,4
"ARY2","s1321_S_PIT_01_ASEReadCounter.table","NW_015090842.1:6303922",1,3,2
"ARY2","s1321_S_PIT_01_ASEReadCounter.table","NW_015090842.1:6303954",2,6,4
"ARY2","s1321_S_PIT_01_ASEReadCounter.table","NW_015090842.1:6303979",5,10,5
"ARY2","s1321_S_PIT_01_ASEReadCounter.table","NW_015090842.1:6305848",5,13,8
"ARY2","s1321_S_PIT_01_ASEReadCounter.table","NW_015090842.1:6305856",5,12,7
"ARY2","s1321_S_PIT_01_ASEReadCounter.table","NW_015090842.1:6305857",5,12,7
"ARY2","s1321_S_PIT_01_ASEReadCounter.table","NW_015090842.1:6306017",4,7,3
"ARY2","s1321_S_PIT_01_ASEReadCounter.table","NW_015090842.1:6306052",7,11,4
"ARY2","s1321_S_PIT_01_ASEReadCounter.table","NW_015090842.1:6306094",8,13,5
"ARY2","s1321_S_PIT_01_ASEReadCounter.table","NW_015090842.1:6306100",8,13,5
"ARY2","s1321_S_PIT_01_ASEReadCounter.table","NW_015090842.1:6306146",6,12,6
"ARY2","s1321_S_PIT_01_ASEReadCounter.table","NW_015090842.1:6306147",6,12,6
"ARY2","s1321_S_PIT_01_ASEReadCounter.table","NW_015090842.1:6306390",11,22,11
"ARY2","s1321_S_PIT_01_ASEReadCounter.table","NW_015090842.1:6306567",8,15,7
"ARY2","s1321_S_PIT_01_ASEReadCounter.table","NW_015090842.1:6306705",10,11,1
"ARY2","s1321_S_PIT_01_ASEReadCounter.table","NW_015090842.1:6306713",11,11,0
"ARY2","s1321_S_PIT_01_ASEReadCounter.table","NW_015090842.1:6306773",2,7,5
"ARY2","s1321_S_PIT_01_ASEReadCounter.table","NW_015090842.1:6307039",5,12,7
"ARY2","s1321_S_PIT_01_ASEReadCounter.table","NW_015090842.1:6307043",5,12,7
"ARY2","s1321_S_PIT_01_ASEReadCounter.table","NW_015090842.1:6307093",6,8,2
"ARY2","s1321_S_PIT_01_ASEReadCounter.table","NW_015090842.1:6307138",4,5,1
"ARY2","s1321_S_PIT_01_ASEReadCounter.table","NW_015090842.1:6307157",1,2,1
"ARY2","s1321_S_PIT_01_ASEReadCounter.table","NW_015090842.1:6307187",3,5,2
"ARY2","s1321_S_PIT_01_ASEReadCounter.table","NW_015090842.1:6307278",4,8,4
"ARY2","s1321_S_PIT_01_ASEReadCounter.table","NW_015090842.1:6307305",1,4,3
"ARY2","s1321_S_PIT_01_ASEReadCounter.table","NW_015090842.1:6307318",1,4,3
"ARY2","s1321_S_PIT_01_ASEReadCounter.table","NW_015090842.1:6307429",4,5,1
"ARY2","s1321_S_PIT_01_ASEReadCounter.table","NW_015090842.1:6307487",4,6,2
"ARY2","s1321_S_PIT_01_ASEReadCounter.table","NW_015090842.1:6307670",2,4,2
"ARYL","s1321_S_PIT_01_ASEReadCounter.table","NW_015090842.1:6313360",2,2,0
"ARYL","s1321_S_PIT_01_ASEReadCounter.table","NW_015090842.1:6313377",2,2,0
"ARYL","s1321_S_PIT_01_ASEReadCounter.table","NW_015090842.1:6313767",1,2,1
"ARY1","s1321_S_PIT_01_ASEReadCounter.table","NW_015090842.1:6313909",4,4,0
"ARY1","s1321_S_PIT_01_ASEReadCounter.table","NW_015090842.1:6314296",2,3,1
"ARY1","s1321_S_PIT_01_ASEReadCounter.table","NW_015090842.1:6314541",1,2,1
"ARY1","s1321_S_PIT_01_ASEReadCounter.table","NW_015090842.1:6314597",3,4,1
"ARY1","s1321_S_PIT_01_ASEReadCounter.table","NW_015090842.1:6314750",2,5,3
"ARY1","s1321_S_PIT_01_ASEReadCounter.table","NW_015090842.1:6314794",0,4,4
"ARY1","s1321_S_PIT_01_ASEReadCounter.table","NW_015090842.1:6314827",0,3,3
"ARY1","s1321_S_PIT_01_ASEReadCounter.table","NW_015090842.1:6314843",2,2,0
"ARY1","s1321_S_PIT_01_ASEReadCounter.table","NW_015090842.1:6314859",2,5,3
"ARY1","s1321_S_PIT_01_ASEReadCounter.table","NW_015090842.1:6314886",4,7,3
"ARY1","s1321_S_PIT_01_ASEReadCounter.table","NW_015090842.1:6314943",7,7,0
"ARY1","s1321_S_PIT_01_ASEReadCounter.table","NW_015090842.1:6314949",6,6,0
"ARY1","s1321_S_PIT_01_ASEReadCounter.table","NW_015090842.1:6315022",3,6,3
"ARY1","s1321_S_PIT_01_ASEReadCounter.table","NW_015090842.1:6315026",3,6,3
"ARY1","s1321_S_PIT_01_ASEReadCounter.table","NW_015090842.1:6315043",3,6,3
"ARY1","s1321_S_PIT_01_ASEReadCounter.table","NW_015090842.1:6315065",3,8,5
"ARY1","s1321_S_PIT_01_ASEReadCounter.table","NW_015090842.1:6315409",2,4,2
"ARY1","s1321_S_PIT_01_ASEReadCounter.table","NW_015090842.1:6315479",4,7,3
"ARY1","s1321_S_PIT_01_ASEReadCounter.table","NW_015090842.1:6318342",3,7,4
"ARY1","s1321_S_PIT_01_ASEReadCounter.table","NW_015090842.1:6318427",8,13,5
"ARY1","s1321_S_PIT_01_ASEReadCounter.table","NW_015090842.1:6318603",2,6,4
"ARY1","s1321_S_PIT_01_ASEReadCounter.table","NW_015090842.1:6318708",2,3,1
"ARY1","s1321_S_PIT_01_ASEReadCounter.table","NW_015090842.1:6318858",3,7,4
"ARY1","s1321_S_PIT_01_ASEReadCounter.table","NW_015090842.1:6318952",2,5,3
"MPHOSPH6","s1321_S_PIT_01_ASEReadCounter.table","NW_015090842.1:6324063",27,69,42
"MPHOSPH6","s1321_S_PIT_01_ASEReadCounter.table","NW_015090842.1:6324174",65,158,93
"MPHOSPH6","s1321_S_PIT_01_ASEReadCounter.table","NW_015090842.1:6324270",78,186,108
"MPHOSPH6","s1321_S_PIT_01_ASEReadCounter.table","NW_015090842.1:6324762",77,178,101
"MPHOSPH6","s1321_S_PIT_01_ASEReadCounter.table","NW_015090842.1:6324772",80,174,94
"MPHOSPH6","s1321_S_PIT_01_ASEReadCounter.table","NW_015090842.1:6324780",78,164,86
"MPHOSPH6","s1321_S_PIT_01_ASEReadCounter.table","NW_015090842.1:6324902",71,183,112
"MPHOSPH6","s1321_S_PIT_01_ASEReadCounter.table","NW_015090842.1:6324910",187,187,0
"MPHOSPH6","s1321_S_PIT_01_ASEReadCounter.table","NW_015090842.1:6325066",92,232,140
"MPHOSPH6","s1321_S_PIT_01_ASEReadCounter.table","NW_015090842.1:6325089",100,245,145
"MPHOSPH6","s1321_S_PIT_01_ASEReadCounter.table","NW_015090842.1:6325298",128,307,179
"MPHOSPH6","s1321_S_PIT_01_ASEReadCounter.table","NW_015090842.1:6325877",95,237,142
"MPHOSPH6","s1321_S_PIT_01_ASEReadCounter.table","NW_015090842.1:6326976",62,164,102
"CDH13","s1321_S_PIT_01_ASEReadCounter.table","NW_015090842.1:6662283",7,14,7
"CDH13","s1321_S_PIT_01_ASEReadCounter.table","NW_015090842.1:6693665",7,9,2
"CDH13","s1321_S_PIT_01_ASEReadCounter.table","NW_015090842.1:6693697",7,10,3
"CDH13","s1321_S_PIT_01_ASEReadCounter.table","NW_015090842.1:6693712",7,10,3
"CDH13","s1321_S_PIT_01_ASEReadCounter.table","NW_015090842.1:6693723",7,9,2
"CDH13","s1321_S_PIT_01_ASEReadCounter.table","NW_015090842.1:6693738",5,9,4
"CDH13","s1321_S_PIT_01_ASEReadCounter.table","NW_015090842.1:6823730",15,20,5
"CDH13","s1321_S_PIT_01_ASEReadCounter.table","NW_015090842.1:6889713",9,17,8
"CDH13","s1321_S_PIT_01_ASEReadCounter.table","NW_015090842.1:6955167",3,7,4
"MLYCD","s1321_S_PIT_01_ASEReadCounter.table","NW_015090842.1:7150054",37,91,54
"MLYCD","s1321_S_PIT_01_ASEReadCounter.table","NW_015090842.1:7150131",56,137,81
"MLYCD","s1321_S_PIT_01_ASEReadCounter.table","NW_015090842.1:7150585",57,129,72
"MLYCD","s1321_S_PIT_01_ASEReadCounter.table","NW_015090842.1:7150686",35,93,58
"MLYCD","s1321_S_PIT_01_ASEReadCounter.table","NW_015090842.1:7150696",39,99,60
"MLYCD","s1321_S_PIT_01_ASEReadCounter.table","NW_015090842.1:7150698",100,100,0
"MLYCD","s1321_S_PIT_01_ASEReadCounter.table","NW_015090842.1:7150869",48,101,53
"MLYCD","s1321_S_PIT_01_ASEReadCounter.table","NW_015090842.1:7151100",49,116,67
"MLYCD","s1321_S_PIT_01_ASEReadCounter.table","NW_015090842.1:7151127",49,118,69
"MLYCD","s1321_S_PIT_01_ASEReadCounter.table","NW_015090842.1:7157538",47,99,52
"MLYCD","s1321_S_PIT_01_ASEReadCounter.table","NW_015090842.1:7167662",16,38,22
"MLYCD","s1321_S_PIT_01_ASEReadCounter.table","NW_015090842.1:7167675",18,38,20
"MLYCD","s1321_S_PIT_01_ASEReadCounter.table","NW_015090842.1:7167710",17,43,26
"MLYCD","s1321_S_PIT_01_ASEReadCounter.table","NW_015090842.1:7167781",19,45,26
"MLYCD","s1321_S_PIT_01_ASEReadCounter.table","NW_015090842.1:7167803",13,31,18
"MLYCD","s1321_S_PIT_01_ASEReadCounter.table","NW_015090842.1:7167812",13,32,19
"MLYCD","s1321_S_PIT_01_ASEReadCounter.table","NW_015090842.1:7167845",15,31,16
"MLYCD","s1321_S_PIT_01_ASEReadCounter.table","NW_015090842.1:7167862",9,23,14
"MLYCD","s1321_S_PIT_01_ASEReadCounter.table","NW_015090842.1:7167929",10,22,12
"MLYCD","s1321_S_PIT_01_ASEReadCounter.table","NW_015090842.1:7167995",7,19,12
"MLYCD","s1321_S_PIT_01_ASEReadCounter.table","NW_015090842.1:7168005",6,19,13
"MLYCD","s1321_S_PIT_01_ASEReadCounter.table","NW_015090842.1:7168037",9,23,14
"HSBP1","s1321_S_PIT_01_ASEReadCounter.table","NW_015090842.1:7245192",278,499,221
"HSBP1","s1321_S_PIT_01_ASEReadCounter.table","NW_015090842.1:7245226",302,556,254
"HSBP1","s1321_S_PIT_01_ASEReadCounter.table","NW_015090842.1:7245257",270,481,211
"HSBP1","s1321_S_PIT_01_ASEReadCounter.table","NW_015090842.1:7245296",258,472,214
"HSBP1","s1321_S_PIT_01_ASEReadCounter.table","NW_015090842.1:7245389",372,646,274
"HSBP1","s1321_S_PIT_01_ASEReadCounter.table","NW_015090842.1:7245400",378,640,262
"HSBP1","s1321_S_PIT_01_ASEReadCounter.table","NW_015090842.1:7245445",365,653,288
"HSBP1","s1321_S_PIT_01_ASEReadCounter.table","NW_015090842.1:7245495",351,619,268
"HSBP1","s1321_S_PIT_01_ASEReadCounter.table","NW_015090842.1:7245515",400,700,300
"HSBP1","s1321_S_PIT_01_ASEReadCounter.table","NW_015090842.1:7245733",236,427,191
"HSBP1","s1321_S_PIT_01_ASEReadCounter.table","NW_015090842.1:7245771",263,444,181
"HSBP1","s1321_S_PIT_01_ASEReadCounter.table","NW_015090842.1:7245813",264,451,187
"HSBP1","s1321_S_PIT_01_ASEReadCounter.table","NW_015090842.1:7245926",291,509,218
"HSBP1","s1321_S_PIT_01_ASEReadCounter.table","NW_015090842.1:7245927",294,510,216
"HSBP1","s1321_S_PIT_01_ASEReadCounter.table","NW_015090842.1:7245933",297,503,206
"HSBP1","s1321_S_PIT_01_ASEReadCounter.table","NW_015090842.1:7246002",221,404,183
"HSBP1","s1321_S_PIT_01_ASEReadCounter.table","NW_015090842.1:7246094",290,506,216
"HSBP1","s1321_S_PIT_01_ASEReadCounter.table","NW_015090842.1:7246167",285,487,202
"HSBP1","s1321_S_PIT_01_ASEReadCounter.table","NW_015090842.1:7246183",276,465,189
"HSBP1","s1321_S_PIT_01_ASEReadCounter.table","NW_015090842.1:7247285",55,76,21
"HSBP1","s1321_S_PIT_01_ASEReadCounter.table","NW_015090842.1:7247651",499,893,394
"HSBP1","s1321_S_PIT_01_ASEReadCounter.table","NW_015090842.1:7247657",497,900,403
"HSBP1","s1321_S_PIT_01_ASEReadCounter.table","NW_015090842.1:7248520",328,575,247
"HSBP1","s1321_S_PIT_01_ASEReadCounter.table","NW_015090842.1:7248535",259,460,201
"KCNG4","s1321_S_PIT_01_ASEReadCounter.table","NW_015090842.1:7282481",0,2,2
"KCNG4","s1321_S_PIT_01_ASEReadCounter.table","NW_015090842.1:7282500",0,1,1
"KCNG4","s1321_S_PIT_01_ASEReadCounter.table","NW_015090842.1:7282630",0,1,1
"KCNG4","s1321_S_PIT_01_ASEReadCounter.table","NW_015090842.1:7282760",0,1,1
"KCNG4","s1321_S_PIT_01_ASEReadCounter.table","NW_015090842.1:7301195",0,1,1
"KCNG4","s1321_S_PIT_01_ASEReadCounter.table","NW_015090842.1:7301227",0,1,1
"KCNG4","s1321_S_PIT_01_ASEReadCounter.table","NW_015090842.1:7301240",0,1,1
"KCNG4","s1321_S_PIT_01_ASEReadCounter.table","NW_015090842.1:7301413",1,1,0
"ATP2C2","s1321_S_PIT_01_ASEReadCounter.table","NW_015090842.1:7413747",1,7,6
"TLDC1","s1321_S_PIT_01_ASEReadCounter.table","NW_015090842.1:7421997",34,75,41
"COTL1","s1321_S_PIT_01_ASEReadCounter.table","NW_015090842.1:7490707",134,292,158
"COTL1","s1321_S_PIT_01_ASEReadCounter.table","NW_015090842.1:7490708",135,292,157
"COTL1","s1321_S_PIT_01_ASEReadCounter.table","NW_015090842.1:7490711",137,297,160
"COTL1","s1321_S_PIT_01_ASEReadCounter.table","NW_015090842.1:7490739",119,275,156
"COTL1","s1321_S_PIT_01_ASEReadCounter.table","NW_015090842.1:7490785",121,272,151
"COTL1","s1321_S_PIT_01_ASEReadCounter.table","NW_015090842.1:7490820",16,197,181
"COTL1","s1321_S_PIT_01_ASEReadCounter.table","NW_015090842.1:7490846",306,306,0
"COTL1","s1321_S_PIT_01_ASEReadCounter.table","NW_015090842.1:7505571",0,3,3
"COTL1","s1321_S_PIT_01_ASEReadCounter.table","NW_015090842.1:7505672",1,3,2
"KLHL36","s1321_S_PIT_01_ASEReadCounter.table","NW_015090842.1:7526337",13,22,9
"KLHL36","s1321_S_PIT_01_ASEReadCounter.table","NW_015090842.1:7537681",49,49,0
"USP10","s1321_S_PIT_01_ASEReadCounter.table","NW_015090842.1:7572213",39,85,46
"USP10","s1321_S_PIT_01_ASEReadCounter.table","NW_015090842.1:7572358",76,76,0
"CRISPLD2","s1321_S_PIT_01_ASEReadCounter.table","NW_015090842.1:7619796",1,2,1
"CRISPLD2","s1321_S_PIT_01_ASEReadCounter.table","NW_015090842.1:7630779",2,2,0
"CRISPLD2","s1321_S_PIT_01_ASEReadCounter.table","NW_015090842.1:7633611",1,1,0
"CRISPLD2","s1321_S_PIT_01_ASEReadCounter.table","NW_015090842.1:7633787",2,3,1
"CRISPLD2","s1321_S_PIT_01_ASEReadCounter.table","NW_015090842.1:7634023",1,1,0
"LOC106888312","s1321_S_PIT_01_ASEReadCounter.table","NW_015090842.1:7732198",1,1,0
"MTHFSD","s1321_S_PIT_01_ASEReadCounter.table","NW_015090842.1:8152578",14,26,12
"DUSP15","s1321_S_PIT_01_ASEReadCounter.table","NW_015090842.1:8422840",4,6,2
"DUSP15","s1321_S_PIT_01_ASEReadCounter.table","NW_015090842.1:8427711",1,1,0
"DUSP15","s1321_S_PIT_01_ASEReadCounter.table","NW_015090842.1:8431988",0,7,7
"EMC8","s1321_S_PIT_01_ASEReadCounter.table","NW_015090842.1:8452385",21,37,16
"GINS2","s1321_S_PIT_01_ASEReadCounter.table","NW_015090842.1:8467469",59,59,0
"GINS2","s1321_S_PIT_01_ASEReadCounter.table","NW_015090842.1:8470290",48,119,71
"GINS2","s1321_S_PIT_01_ASEReadCounter.table","NW_015090842.1:8470305",49,115,66
"GINS2","s1321_S_PIT_01_ASEReadCounter.table","NW_015090842.1:8470376",46,104,58
"GINS2","s1321_S_PIT_01_ASEReadCounter.table","NW_015090842.1:8471057",7,19,12
"GSE1","s1321_S_PIT_01_ASEReadCounter.table","NW_015090842.1:8483570",14,14,0
"KIAA0513","s1321_S_PIT_01_ASEReadCounter.table","NW_015090842.1:8674736",122,122,0
"KIAA0513","s1321_S_PIT_01_ASEReadCounter.table","NW_015090842.1:8693655",65,65,0
"ZCCHC14","s1321_S_PIT_01_ASEReadCounter.table","NW_015090842.1:8750189",75,75,0
"JPH3","s1321_S_PIT_01_ASEReadCounter.table","NW_015090842.1:8872294",20,44,24
"KLHDC4","s1321_S_PIT_01_ASEReadCounter.table","NW_015090842.1:8891175",231,231,0
"KLHDC4","s1321_S_PIT_01_ASEReadCounter.table","NW_015090842.1:8905251",45,81,36
"KLHDC4","s1321_S_PIT_01_ASEReadCounter.table","NW_015090842.1:8919630",12,18,6
"SLC7A5","s1321_S_PIT_01_ASEReadCounter.table","NW_015090842.1:8940382",272,272,0
"SLC7A5","s1321_S_PIT_01_ASEReadCounter.table","NW_015090842.1:8941818",235,235,0
"SLC7A5","s1321_S_PIT_01_ASEReadCounter.table","NW_015090842.1:8944655",160,160,0
"CA5A","s1321_S_PIT_01_ASEReadCounter.table","NW_015090842.1:8989479",67,171,104
"CA5A","s1321_S_PIT_01_ASEReadCounter.table","NW_015090842.1:8989562",87,201,114
"CA5A","s1321_S_PIT_01_ASEReadCounter.table","NW_015090842.1:8989609",100,223,123
"CA5A","s1321_S_PIT_01_ASEReadCounter.table","NW_015090842.1:8989693",110,292,182
"CA5A","s1321_S_PIT_01_ASEReadCounter.table","NW_015090842.1:8989702",112,282,170
"CA5A","s1321_S_PIT_01_ASEReadCounter.table","NW_015090842.1:8989746",116,306,190
"CA5A","s1321_S_PIT_01_ASEReadCounter.table","NW_015090842.1:8989880",92,255,163
"CA5A","s1321_S_PIT_01_ASEReadCounter.table","NW_015090842.1:8989885",96,265,169
"CA5A","s1321_S_PIT_01_ASEReadCounter.table","NW_015090842.1:8989929",92,248,156
"CA5A","s1321_S_PIT_01_ASEReadCounter.table","NW_015090842.1:8990002",84,250,166
"CA5A","s1321_S_PIT_01_ASEReadCounter.table","NW_015090842.1:8990004",83,248,165
"CA5A","s1321_S_PIT_01_ASEReadCounter.table","NW_015090842.1:8990005",80,247,167
"CA5A","s1321_S_PIT_01_ASEReadCounter.table","NW_015090842.1:8990017",79,236,157
"CA5A","s1321_S_PIT_01_ASEReadCounter.table","NW_015090842.1:8990043",72,211,139
"CA5A","s1321_S_PIT_01_ASEReadCounter.table","NW_015090842.1:8990080",60,198,138
"CA5A","s1321_S_PIT_01_ASEReadCounter.table","NW_015090842.1:8990084",60,201,141
"CA5A","s1321_S_PIT_01_ASEReadCounter.table","NW_015090842.1:8990090",70,212,142
"CA5A","s1321_S_PIT_01_ASEReadCounter.table","NW_015090842.1:8990095",69,211,142
"CA5A","s1321_S_PIT_01_ASEReadCounter.table","NW_015090842.1:8990111",62,199,137
"CA5A","s1321_S_PIT_01_ASEReadCounter.table","NW_015090842.1:8990112",62,195,133
"CA5A","s1321_S_PIT_01_ASEReadCounter.table","NW_015090842.1:8990115",63,191,128
"CA5A","s1321_S_PIT_01_ASEReadCounter.table","NW_015090842.1:8990166",58,173,115
"CA5A","s1321_S_PIT_01_ASEReadCounter.table","NW_015090842.1:8990169",62,176,114
"CA5A","s1321_S_PIT_01_ASEReadCounter.table","NW_015090842.1:8990222",73,162,89
"CA5A","s1321_S_PIT_01_ASEReadCounter.table","NW_015090842.1:8990289",73,184,111
"CA5A","s1321_S_PIT_01_ASEReadCounter.table","NW_015090842.1:8990314",75,194,119
"CA5A","s1321_S_PIT_01_ASEReadCounter.table","NW_015090842.1:8990361",66,178,112
"CA5A","s1321_S_PIT_01_ASEReadCounter.table","NW_015090842.1:8990368",64,179,115
"CA5A","s1321_S_PIT_01_ASEReadCounter.table","NW_015090842.1:8990429",69,174,105
"CA5A","s1321_S_PIT_01_ASEReadCounter.table","NW_015090842.1:8990466",65,163,98
"CA5A","s1321_S_PIT_01_ASEReadCounter.table","NW_015090842.1:8990663",68,158,90
"CA5A","s1321_S_PIT_01_ASEReadCounter.table","NW_015090842.1:8990797",49,131,82
"CA5A","s1321_S_PIT_01_ASEReadCounter.table","NW_015090842.1:8990836",69,153,84
"CA5A","s1321_S_PIT_01_ASEReadCounter.table","NW_015090842.1:8990842",70,154,84
"CA5A","s1321_S_PIT_01_ASEReadCounter.table","NW_015090842.1:8990851",70,144,74
"CA5A","s1321_S_PIT_01_ASEReadCounter.table","NW_015090842.1:8990918",60,148,88
"CA5A","s1321_S_PIT_01_ASEReadCounter.table","NW_015090842.1:8990921",55,148,93
"CA5A","s1321_S_PIT_01_ASEReadCounter.table","NW_015090842.1:8990942",65,152,87
"CA5A","s1321_S_PIT_01_ASEReadCounter.table","NW_015090842.1:8991001",78,203,125
"CA5A","s1321_S_PIT_01_ASEReadCounter.table","NW_015090842.1:8991038",72,187,115
"CA5A","s1321_S_PIT_01_ASEReadCounter.table","NW_015090842.1:8991149",65,170,105
"CA5A","s1321_S_PIT_01_ASEReadCounter.table","NW_015090842.1:8991176",77,178,101
"CA5A","s1321_S_PIT_01_ASEReadCounter.table","NW_015090842.1:8991241",72,167,95
"CA5A","s1321_S_PIT_01_ASEReadCounter.table","NW_015090842.1:8991262",64,157,93
"CA5A","s1321_S_PIT_01_ASEReadCounter.table","NW_015090842.1:8991316",57,68,11
"CA5A","s1321_S_PIT_01_ASEReadCounter.table","NW_015090842.1:8991319",57,67,10
"CA5A","s1321_S_PIT_01_ASEReadCounter.table","NW_015090842.1:8991330",57,63,6
"CA5A","s1321_S_PIT_01_ASEReadCounter.table","NW_015090842.1:8991334",54,65,11
"CA5A","s1321_S_PIT_01_ASEReadCounter.table","NW_015090842.1:8991362",57,136,79
"CA5A","s1321_S_PIT_01_ASEReadCounter.table","NW_015090842.1:8991368",56,139,83
"CA5A","s1321_S_PIT_01_ASEReadCounter.table","NW_015090842.1:8991390",53,141,88
"CA5A","s1321_S_PIT_01_ASEReadCounter.table","NW_015090842.1:8991395",54,148,94
"CA5A","s1321_S_PIT_01_ASEReadCounter.table","NW_015090842.1:8991422",52,156,104
"CA5A","s1321_S_PIT_01_ASEReadCounter.table","NW_015090842.1:8991467",55,143,88
"CA5A","s1321_S_PIT_01_ASEReadCounter.table","NW_015090842.1:8991576",40,121,81
"CA5A","s1321_S_PIT_01_ASEReadCounter.table","NW_015090842.1:8991587",52,146,94
"CA5A","s1321_S_PIT_01_ASEReadCounter.table","NW_015090842.1:8991655",69,167,98
"CA5A","s1321_S_PIT_01_ASEReadCounter.table","NW_015090842.1:8991717",53,140,87
"CA5A","s1321_S_PIT_01_ASEReadCounter.table","NW_015090842.1:8991726",59,141,82
"CA5A","s1321_S_PIT_01_ASEReadCounter.table","NW_015090842.1:8991799",57,149,92
"CA5A","s1321_S_PIT_01_ASEReadCounter.table","NW_015090842.1:8991809",52,144,92
"CA5A","s1321_S_PIT_01_ASEReadCounter.table","NW_015090842.1:8991848",41,123,82
"CA5A","s1321_S_PIT_01_ASEReadCounter.table","NW_015090842.1:8991849",40,122,82
"CA5A","s1321_S_PIT_01_ASEReadCounter.table","NW_015090842.1:8991927",59,139,80
"CA5A","s1321_S_PIT_01_ASEReadCounter.table","NW_015090842.1:8991941",54,132,78
"CA5A","s1321_S_PIT_01_ASEReadCounter.table","NW_015090842.1:8992121",40,108,68
"CA5A","s1321_S_PIT_01_ASEReadCounter.table","NW_015090842.1:8992224",41,108,67
"CA5A","s1321_S_PIT_01_ASEReadCounter.table","NW_015090842.1:9002570",27,71,44
"CA5A","s1321_S_PIT_01_ASEReadCounter.table","NW_015090842.1:9002600",21,58,37
"CA5A","s1321_S_PIT_01_ASEReadCounter.table","NW_015090842.1:9004312",19,42,23
"CA5A","s1321_S_PIT_01_ASEReadCounter.table","NW_015090842.1:9004556",1,1,0
"CA5A","s1321_S_PIT_01_ASEReadCounter.table","NW_015090842.1:9004620",1,2,1
"CA5A","s1321_S_PIT_01_ASEReadCounter.table","NW_015090842.1:9005116",0,2,2
"CA5A","s1321_S_PIT_01_ASEReadCounter.table","NW_015090842.1:9005120",1,3,2
"CA5A","s1321_S_PIT_01_ASEReadCounter.table","NW_015090842.1:9005140",1,2,1
"CA5A","s1321_S_PIT_01_ASEReadCounter.table","NW_015090842.1:9005152",1,2,1
"BANP","s1321_S_PIT_01_ASEReadCounter.table","NW_015090842.1:9033407",5,20,15
"BANP","s1321_S_PIT_01_ASEReadCounter.table","NW_015090842.1:9033409",5,20,15
"BANP","s1321_S_PIT_01_ASEReadCounter.table","NW_015090842.1:9033420",5,23,18
"BANP","s1321_S_PIT_01_ASEReadCounter.table","NW_015090842.1:9055284",11,19,8
"ZC3H18","s1321_S_PIT_01_ASEReadCounter.table","NW_015090842.1:9528933",27,56,29
"MVD","s1321_S_PIT_01_ASEReadCounter.table","NW_015090842.1:9550690",31,31,0
"MVD","s1321_S_PIT_01_ASEReadCounter.table","NW_015090842.1:9550691",29,29,0
"MVD","s1321_S_PIT_01_ASEReadCounter.table","NW_015090842.1:9550699",40,40,0
"MVD","s1321_S_PIT_01_ASEReadCounter.table","NW_015090842.1:9550701",41,41,0
"MVD","s1321_S_PIT_01_ASEReadCounter.table","NW_015090842.1:9552202",80,80,0
"MVD","s1321_S_PIT_01_ASEReadCounter.table","NW_015090842.1:9552223",83,83,0
"MVD","s1321_S_PIT_01_ASEReadCounter.table","NW_015090842.1:9552533",63,63,0
"MVD","s1321_S_PIT_01_ASEReadCounter.table","NW_015090842.1:9552644",21,53,32
"PIEZO1","s1321_S_PIT_01_ASEReadCounter.table","NW_015090842.1:9577447",1,3,2
"PIEZO1","s1321_S_PIT_01_ASEReadCounter.table","NW_015090842.1:9579101",4,5,1
"PIEZO1","s1321_S_PIT_01_ASEReadCounter.table","NW_015090842.1:9582630",0,1,1
"PIEZO1","s1321_S_PIT_01_ASEReadCounter.table","NW_015090842.1:9582976",2,5,3
"PIEZO1","s1321_S_PIT_01_ASEReadCounter.table","NW_015090842.1:9583326",1,1,0
"CDT1","s1321_S_PIT_01_ASEReadCounter.table","NW_015090842.1:9596711",6,14,8
"CDT1","s1321_S_PIT_01_ASEReadCounter.table","NW_015090842.1:9597033",24,24,0
"CDT1","s1321_S_PIT_01_ASEReadCounter.table","NW_015090842.1:9597756",12,22,10
"CDT1","s1321_S_PIT_01_ASEReadCounter.table","NW_015090842.1:9598873",26,26,0
"PABPN1L","s1321_S_PIT_01_ASEReadCounter.table","NW_015090842.1:9669510",0,1,1
"ACSF3","s1321_S_PIT_01_ASEReadCounter.table","NW_015090842.1:9776737",9,16,7
"ACSF3","s1321_S_PIT_01_ASEReadCounter.table","NW_015090842.1:9809639",88,88,0
"ACSF3","s1321_S_PIT_01_ASEReadCounter.table","NW_015090842.1:9834743",61,115,54
"ACSF3","s1321_S_PIT_01_ASEReadCounter.table","NW_015090842.1:9834762",113,113,0
"ACSF3","s1321_S_PIT_01_ASEReadCounter.table","NW_015090842.1:9834852",90,148,58
"ACSF3","s1321_S_PIT_01_ASEReadCounter.table","NW_015090842.1:9834861",82,132,50
"ACSF3","s1321_S_PIT_01_ASEReadCounter.table","NW_015090842.1:9839359",51,101,50
"ACSF3","s1321_S_PIT_01_ASEReadCounter.table","NW_015090842.1:9839378",49,89,40
"ACSF3","s1321_S_PIT_01_ASEReadCounter.table","NW_015090842.1:9839455",46,86,40
"ACSF3","s1321_S_PIT_01_ASEReadCounter.table","NW_015090842.1:9839457",45,83,38
"ACSF3","s1321_S_PIT_01_ASEReadCounter.table","NW_015090842.1:9839489",40,75,35
"ACSF3","s1321_S_PIT_01_ASEReadCounter.table","NW_015090842.1:9839500",37,65,28
"ACSF3","s1321_S_PIT_01_ASEReadCounter.table","NW_015090842.1:9839501",37,66,29
"ACSF3","s1321_S_PIT_01_ASEReadCounter.table","NW_015090842.1:9839504",40,68,28
"ACSF3","s1321_S_PIT_01_ASEReadCounter.table","NW_015090842.1:9839512",32,53,21
"ACSF3","s1321_S_PIT_01_ASEReadCounter.table","NW_015090842.1:9839527",21,40,19
"ACSF3","s1321_S_PIT_01_ASEReadCounter.table","NW_015090842.1:9839533",10,27,17
"ACSF3","s1321_S_PIT_01_ASEReadCounter.table","NW_015090842.1:9839535",10,27,17
"ACSF3","s1321_S_PIT_01_ASEReadCounter.table","NW_015090842.1:9839545",5,18,13
"ACSF3","s1321_S_PIT_01_ASEReadCounter.table","NW_015090842.1:9839550",4,17,13
"ACSF3","s1321_S_PIT_01_ASEReadCounter.table","NW_015090842.1:9839551",5,16,11
"CDH15","s1321_S_PIT_01_ASEReadCounter.table","NW_015090842.1:9849086",1,1,0
"CDH15","s1321_S_PIT_01_ASEReadCounter.table","NW_015090842.1:9849119",1,1,0
"CDH15","s1321_S_PIT_01_ASEReadCounter.table","NW_015090842.1:9849140",1,1,0
"CDH15","s1321_S_PIT_01_ASEReadCounter.table","NW_015090842.1:9849473",1,1,0
"SLC22A31","s1321_S_PIT_01_ASEReadCounter.table","NW_015090842.1:9851130",3,4,1
"SLC22A31","s1321_S_PIT_01_ASEReadCounter.table","NW_015090842.1:9851139",5,6,1
"SLC22A31","s1321_S_PIT_01_ASEReadCounter.table","NW_015090842.1:9851265",5,12,7
"SLC22A31","s1321_S_PIT_01_ASEReadCounter.table","NW_015090842.1:9851302",3,6,3
"SLC22A31","s1321_S_PIT_01_ASEReadCounter.table","NW_015090842.1:9851303",3,6,3
"SLC22A31","s1321_S_PIT_01_ASEReadCounter.table","NW_015090842.1:9851305",2,5,3
"SLC22A31","s1321_S_PIT_01_ASEReadCounter.table","NW_015090842.1:9851343",3,3,0
"SLC22A31","s1321_S_PIT_01_ASEReadCounter.table","NW_015090842.1:9851344",4,4,0
"SLC22A31","s1321_S_PIT_01_ASEReadCounter.table","NW_015090842.1:9851381",8,11,3
"SLC22A31","s1321_S_PIT_01_ASEReadCounter.table","NW_015090842.1:9851421",8,17,9
"SLC22A31","s1321_S_PIT_01_ASEReadCounter.table","NW_015090842.1:9851526",10,19,9
"SLC22A31","s1321_S_PIT_01_ASEReadCounter.table","NW_015090842.1:9851589",10,21,11
"SLC22A31","s1321_S_PIT_01_ASEReadCounter.table","NW_015090842.1:9851712",10,20,10
"SLC22A31","s1321_S_PIT_01_ASEReadCounter.table","NW_015090842.1:9851899",4,13,9
"SLC22A31","s1321_S_PIT_01_ASEReadCounter.table","NW_015090842.1:9852139",11,22,11
"SLC22A31","s1321_S_PIT_01_ASEReadCounter.table","NW_015090842.1:9852380",10,17,7
"SLC22A31","s1321_S_PIT_01_ASEReadCounter.table","NW_015090842.1:9852431",8,12,4
"SLC22A31","s1321_S_PIT_01_ASEReadCounter.table","NW_015090842.1:9852630",3,6,3
"SLC22A31","s1321_S_PIT_01_ASEReadCounter.table","NW_015090842.1:9852711",8,10,2
"SLC22A31","s1321_S_PIT_01_ASEReadCounter.table","NW_015090842.1:9852742",9,11,2
"SLC22A31","s1321_S_PIT_01_ASEReadCounter.table","NW_015090842.1:9853099",7,8,1
"SLC22A31","s1321_S_PIT_01_ASEReadCounter.table","NW_015090842.1:9853102",7,8,1
"SLC22A31","s1321_S_PIT_01_ASEReadCounter.table","NW_015090842.1:9853421",5,6,1
"SLC22A31","s1321_S_PIT_01_ASEReadCounter.table","NW_015090842.1:9853457",7,7,0
"SLC22A31","s1321_S_PIT_01_ASEReadCounter.table","NW_015090842.1:9853502",5,5,0
"ANKRD11","s1321_S_PIT_01_ASEReadCounter.table","NW_015090842.1:9858863",5,12,7
"ANKRD11","s1321_S_PIT_01_ASEReadCounter.table","NW_015090842.1:9859101",83,180,97
"ANKRD11","s1321_S_PIT_01_ASEReadCounter.table","NW_015090842.1:9859352",85,212,127
"ANKRD11","s1321_S_PIT_01_ASEReadCounter.table","NW_015090842.1:9859381",17,111,94
"ANKRD11","s1321_S_PIT_01_ASEReadCounter.table","NW_015090842.1:9859527",39,89,50
"ANKRD11","s1321_S_PIT_01_ASEReadCounter.table","NW_015090842.1:9859529",39,93,54
"ANKRD11","s1321_S_PIT_01_ASEReadCounter.table","NW_015090842.1:9859679",96,185,89
"ANKRD11","s1321_S_PIT_01_ASEReadCounter.table","NW_015090842.1:9861097",83,164,81
"ANKRD11","s1321_S_PIT_01_ASEReadCounter.table","NW_015090842.1:9862571",49,94,45
"ANKRD11","s1321_S_PIT_01_ASEReadCounter.table","NW_015090842.1:9866071",0,63,63
"ANKRD11","s1321_S_PIT_01_ASEReadCounter.table","NW_015090842.1:9866200",1,58,57
"ANKRD11","s1321_S_PIT_01_ASEReadCounter.table","NW_015090842.1:9867391",24,45,21
"ANKRD11","s1321_S_PIT_01_ASEReadCounter.table","NW_015090842.1:9867472",33,70,37
"ANKRD11","s1321_S_PIT_01_ASEReadCounter.table","NW_015090842.1:9867559",43,70,27
"ANKRD11","s1321_S_PIT_01_ASEReadCounter.table","NW_015090842.1:9867934",57,92,35
"ANKRD11","s1321_S_PIT_01_ASEReadCounter.table","NW_015090842.1:9868093",43,82,39
"ANKRD11","s1321_S_PIT_01_ASEReadCounter.table","NW_015090842.1:9868222",30,61,31
"ANKRD11","s1321_S_PIT_01_ASEReadCounter.table","NW_015090842.1:9868327",23,56,33
"ANKRD11","s1321_S_PIT_01_ASEReadCounter.table","NW_015090842.1:9868414",35,73,38
"ANKRD11","s1321_S_PIT_01_ASEReadCounter.table","NW_015090842.1:9868441",36,68,32
"ANKRD11","s1321_S_PIT_01_ASEReadCounter.table","NW_015090842.1:9868444",37,73,36
"ANKRD11","s1321_S_PIT_01_ASEReadCounter.table","NW_015090842.1:9868519",46,81,35
"ANKRD11","s1321_S_PIT_01_ASEReadCounter.table","NW_015090842.1:9868609",47,89,42
"ANKRD11","s1321_S_PIT_01_ASEReadCounter.table","NW_015090842.1:9868666",31,63,32
"ANKRD11","s1321_S_PIT_01_ASEReadCounter.table","NW_015090842.1:9869431",45,83,38
"ANKRD11","s1321_S_PIT_01_ASEReadCounter.table","NW_015090842.1:9869578",52,110,58
"ANKRD11","s1321_S_PIT_01_ASEReadCounter.table","NW_015090842.1:9869734",54,114,60
"ANKRD11","s1321_S_PIT_01_ASEReadCounter.table","NW_015090842.1:9870070",42,89,47
"ANKRD11","s1321_S_PIT_01_ASEReadCounter.table","NW_015090842.1:9870349",65,112,47
"ANKRD11","s1321_S_PIT_01_ASEReadCounter.table","NW_015090842.1:9870604",50,95,45
"ANKRD11","s1321_S_PIT_01_ASEReadCounter.table","NW_015090842.1:9870613",57,107,50
"ANKRD11","s1321_S_PIT_01_ASEReadCounter.table","NW_015090842.1:9870685",63,133,70
"ANKRD11","s1321_S_PIT_01_ASEReadCounter.table","NW_015090842.1:9870847",57,110,53
"ANKRD11","s1321_S_PIT_01_ASEReadCounter.table","NW_015090842.1:9871103",37,72,35
"ANKRD11","s1321_S_PIT_01_ASEReadCounter.table","NW_015090842.1:9871165",40,73,33
"ANKRD11","s1321_S_PIT_01_ASEReadCounter.table","NW_015090842.1:9871820",23,42,19
"ANKRD11","s1321_S_PIT_01_ASEReadCounter.table","NW_015090842.1:9871994",40,40,0
"ANKRD11","s1321_S_PIT_01_ASEReadCounter.table","NW_015090842.1:9872118",17,39,22
"SPG7","s1321_S_PIT_01_ASEReadCounter.table","NW_015090842.1:10051190",98,177,79
"SPG7","s1321_S_PIT_01_ASEReadCounter.table","NW_015090842.1:10051218",106,209,103
"SPG7","s1321_S_PIT_01_ASEReadCounter.table","NW_015090842.1:10052348",120,239,119
"SPG7","s1321_S_PIT_01_ASEReadCounter.table","NW_015090842.1:10052366",130,253,123
"SPG7","s1321_S_PIT_01_ASEReadCounter.table","NW_015090842.1:10065173",117,244,127
"SPG7","s1321_S_PIT_01_ASEReadCounter.table","NW_015090842.1:10065215",106,221,115
"SPG7","s1321_S_PIT_01_ASEReadCounter.table","NW_015090842.1:10066301",84,178,94
"SPG7","s1321_S_PIT_01_ASEReadCounter.table","NW_015090842.1:10066365",97,211,114
"SPG7","s1321_S_PIT_01_ASEReadCounter.table","NW_015090842.1:10069752",127,251,124
"SPG7","s1321_S_PIT_01_ASEReadCounter.table","NW_015090842.1:10069800",117,257,140
"SPG7","s1321_S_PIT_01_ASEReadCounter.table","NW_015090842.1:10071192",123,280,157
"SPG7","s1321_S_PIT_01_ASEReadCounter.table","NW_015090842.1:10071204",129,272,143
"SPG7","s1321_S_PIT_01_ASEReadCounter.table","NW_015090842.1:10071219",122,256,134
"SPG7","s1321_S_PIT_01_ASEReadCounter.table","NW_015090842.1:10071967",114,248,134
"SPG7","s1321_S_PIT_01_ASEReadCounter.table","NW_015090842.1:10075109",158,328,170
"SPG7","s1321_S_PIT_01_ASEReadCounter.table","NW_015090842.1:10075114",173,337,164
"SPG7","s1321_S_PIT_01_ASEReadCounter.table","NW_015090842.1:10075198",141,263,122
"SPG7","s1321_S_PIT_01_ASEReadCounter.table","NW_015090842.1:10075487",96,177,81
"SPG7","s1321_S_PIT_01_ASEReadCounter.table","NW_015090842.1:10075488",96,178,82
"SPG7","s1321_S_PIT_01_ASEReadCounter.table","NW_015090842.1:10075548",62,123,61
"RPL13","s1321_S_PIT_01_ASEReadCounter.table","NW_015090842.1:10076979",0,2,2
"RPL13","s1321_S_PIT_01_ASEReadCounter.table","NW_015090842.1:10077387",670,1582,912
"RPL13","s1321_S_PIT_01_ASEReadCounter.table","NW_015090842.1:10077978",1001,2219,1218
"RPL13","s1321_S_PIT_01_ASEReadCounter.table","NW_015090842.1:10077992",999,2163,1164
"CPNE7","s1321_S_PIT_01_ASEReadCounter.table","NW_015090842.1:10084001",3,3,0
"CPNE7","s1321_S_PIT_01_ASEReadCounter.table","NW_015090842.1:10084856",2,2,0
"CPNE7","s1321_S_PIT_01_ASEReadCounter.table","NW_015090842.1:10084872",3,3,0
"CPNE7","s1321_S_PIT_01_ASEReadCounter.table","NW_015090842.1:10084892",2,2,0
"CPNE7","s1321_S_PIT_01_ASEReadCounter.table","NW_015090842.1:10084921",1,1,0
"CPNE7","s1321_S_PIT_01_ASEReadCounter.table","NW_015090842.1:10084935",2,2,0
"CPNE7","s1321_S_PIT_01_ASEReadCounter.table","NW_015090842.1:10085000",3,3,0
"CPNE7","s1321_S_PIT_01_ASEReadCounter.table","NW_015090842.1:10085089",5,5,0
"CPNE7","s1321_S_PIT_01_ASEReadCounter.table","NW_015090842.1:10085096",4,4,0
"CPNE7","s1321_S_PIT_01_ASEReadCounter.table","NW_015090842.1:10085126",4,4,0
"CPNE7","s1321_S_PIT_01_ASEReadCounter.table","NW_015090842.1:10085180",5,5,0
"CPNE7","s1321_S_PIT_01_ASEReadCounter.table","NW_015090842.1:10085201",6,6,0
"CPNE7","s1321_S_PIT_01_ASEReadCounter.table","NW_015090842.1:10088134",5,5,0
"CPNE7","s1321_S_PIT_01_ASEReadCounter.table","NW_015090842.1:10088146",4,4,0
"CPNE7","s1321_S_PIT_01_ASEReadCounter.table","NW_015090842.1:10088940",5,5,0
"CPNE7","s1321_S_PIT_01_ASEReadCounter.table","NW_015090842.1:10088965",2,2,0
"CPNE7","s1321_S_PIT_01_ASEReadCounter.table","NW_015090842.1:10088967",3,3,0
"CPNE7","s1321_S_PIT_01_ASEReadCounter.table","NW_015090842.1:10088973",4,4,0
"CPNE7","s1321_S_PIT_01_ASEReadCounter.table","NW_015090842.1:10090924",4,4,0
"CPNE7","s1321_S_PIT_01_ASEReadCounter.table","NW_015090842.1:10090930",4,4,0
"CPNE7","s1321_S_PIT_01_ASEReadCounter.table","NW_015090842.1:10091075",4,5,1
"CPNE7","s1321_S_PIT_01_ASEReadCounter.table","NW_015090842.1:10091389",5,5,0
"CPNE7","s1321_S_PIT_01_ASEReadCounter.table","NW_015090842.1:10091407",6,6,0
"CPNE7","s1321_S_PIT_01_ASEReadCounter.table","NW_015090842.1:10091530",10,10,0
"CPNE7","s1321_S_PIT_01_ASEReadCounter.table","NW_015090842.1:10091875",5,5,0
"CPNE7","s1321_S_PIT_01_ASEReadCounter.table","NW_015090842.1:10091983",4,4,0
"CPNE7","s1321_S_PIT_01_ASEReadCounter.table","NW_015090842.1:10091997",4,4,0
"CPNE7","s1321_S_PIT_01_ASEReadCounter.table","NW_015090842.1:10092038",1,1,0
"CPNE7","s1321_S_PIT_01_ASEReadCounter.table","NW_015090842.1:10092140",2,2,0
"CPNE7","s1321_S_PIT_01_ASEReadCounter.table","NW_015090842.1:10092183",2,2,0
"CPNE7","s1321_S_PIT_01_ASEReadCounter.table","NW_015090842.1:10092201",2,2,0
"CPNE7","s1321_S_PIT_01_ASEReadCounter.table","NW_015090842.1:10092230",1,1,0
"LOC106888185","s1321_S_PIT_01_ASEReadCounter.table","NW_015090842.1:10094965",1,12,11
"LOC106888185","s1321_S_PIT_01_ASEReadCounter.table","NW_015090842.1:10094966",1,11,10
"LOC106888185","s1321_S_PIT_01_ASEReadCounter.table","NW_015090842.1:10094985",1,12,11
"LOC106888185","s1321_S_PIT_01_ASEReadCounter.table","NW_015090842.1:10095055",0,10,10
"LOC106888185","s1321_S_PIT_01_ASEReadCounter.table","NW_015090842.1:10095062",0,10,10
"LOC106888185","s1321_S_PIT_01_ASEReadCounter.table","NW_015090842.1:10095130",1,14,13
"LOC106888185","s1321_S_PIT_01_ASEReadCounter.table","NW_015090842.1:10095265",38,86,48
"LOC106888185","s1321_S_PIT_01_ASEReadCounter.table","NW_015090842.1:10095586",32,76,44
"LOC106888185","s1321_S_PIT_01_ASEReadCounter.table","NW_015090842.1:10095593",35,76,41
"LOC106888185","s1321_S_PIT_01_ASEReadCounter.table","NW_015090842.1:10095616",33,78,45
"LOC106888185","s1321_S_PIT_01_ASEReadCounter.table","NW_015090842.1:10095662",20,50,30
"LOC106888185","s1321_S_PIT_01_ASEReadCounter.table","NW_015090842.1:10095674",16,47,31
"LOC106888185","s1321_S_PIT_01_ASEReadCounter.table","NW_015090842.1:10095786",22,66,44
"LOC106888185","s1321_S_PIT_01_ASEReadCounter.table","NW_015090842.1:10095831",26,72,46
"LOC106888185","s1321_S_PIT_01_ASEReadCounter.table","NW_015090842.1:10096230",26,67,41
"LOC106888185","s1321_S_PIT_01_ASEReadCounter.table","NW_015090842.1:10096249",28,69,41
"LOC106888185","s1321_S_PIT_01_ASEReadCounter.table","NW_015090842.1:10096272",33,81,48
"LOC106888185","s1321_S_PIT_01_ASEReadCounter.table","NW_015090842.1:10096288",29,78,49
"LOC106888185","s1321_S_PIT_01_ASEReadCounter.table","NW_015090842.1:10097248",33,86,53
"LOC106888185","s1321_S_PIT_01_ASEReadCounter.table","NW_015090842.1:10097265",34,99,65
"LOC106888185","s1321_S_PIT_01_ASEReadCounter.table","NW_015090842.1:10097446",7,22,15
"DPEP1","s1321_S_PIT_01_ASEReadCounter.table","NW_015090842.1:10098017",0,2,2
"DPEP1","s1321_S_PIT_01_ASEReadCounter.table","NW_015090842.1:10098518",1,4,3
"DPEP1","s1321_S_PIT_01_ASEReadCounter.table","NW_015090842.1:10098595",1,9,8
"DPEP1","s1321_S_PIT_01_ASEReadCounter.table","NW_015090842.1:10098597",1,9,8
"DPEP1","s1321_S_PIT_01_ASEReadCounter.table","NW_015090842.1:10098601",1,10,9
"DPEP1","s1321_S_PIT_01_ASEReadCounter.table","NW_015090842.1:10098608",1,10,9
"DPEP1","s1321_S_PIT_01_ASEReadCounter.table","NW_015090842.1:10098630",0,8,8
"DPEP1","s1321_S_PIT_01_ASEReadCounter.table","NW_015090842.1:10098659",0,5,5
"DPEP1","s1321_S_PIT_01_ASEReadCounter.table","NW_015090842.1:10099765",1,6,5
"DPEP1","s1321_S_PIT_01_ASEReadCounter.table","NW_015090842.1:10099985",2,12,10
"DPEP1","s1321_S_PIT_01_ASEReadCounter.table","NW_015090842.1:10099986",2,12,10
"DPEP1","s1321_S_PIT_01_ASEReadCounter.table","NW_015090842.1:10099991",1,10,9
"DPEP1","s1321_S_PIT_01_ASEReadCounter.table","NW_015090842.1:10100044",1,12,11
"DPEP1","s1321_S_PIT_01_ASEReadCounter.table","NW_015090842.1:10100045",1,12,11
"DPEP1","s1321_S_PIT_01_ASEReadCounter.table","NW_015090842.1:10100084",1,7,6
"DPEP1","s1321_S_PIT_01_ASEReadCounter.table","NW_015090842.1:10100295",1,10,9
"DPEP1","s1321_S_PIT_01_ASEReadCounter.table","NW_015090842.1:10100529",0,10,10
"DPEP1","s1321_S_PIT_01_ASEReadCounter.table","NW_015090842.1:10100893",1,16,15
"DPEP1","s1321_S_PIT_01_ASEReadCounter.table","NW_015090842.1:10100902",1,13,12
"DPEP1","s1321_S_PIT_01_ASEReadCounter.table","NW_015090842.1:10101072",0,11,11
"DPEP1","s1321_S_PIT_01_ASEReadCounter.table","NW_015090842.1:10101199",0,9,9
"DPEP1","s1321_S_PIT_01_ASEReadCounter.table","NW_015090842.1:10101483",0,12,12
"DPEP1","s1321_S_PIT_01_ASEReadCounter.table","NW_015090842.1:10101497",0,9,9
"DPEP1","s1321_S_PIT_01_ASEReadCounter.table","NW_015090842.1:10101525",0,8,8
"DPEP1","s1321_S_PIT_01_ASEReadCounter.table","NW_015090842.1:10101875",0,10,10
"DPEP1","s1321_S_PIT_01_ASEReadCounter.table","NW_015090842.1:10101913",0,8,8
"DPEP1","s1321_S_PIT_01_ASEReadCounter.table","NW_015090842.1:10101996",0,8,8
"DPEP1","s1321_S_PIT_01_ASEReadCounter.table","NW_015090842.1:10102014",0,6,6
"DPEP1","s1321_S_PIT_01_ASEReadCounter.table","NW_015090842.1:10102035",0,6,6
"DPEP1","s1321_S_PIT_01_ASEReadCounter.table","NW_015090842.1:10102076",0,2,2
"DPEP1","s1321_S_PIT_01_ASEReadCounter.table","NW_015090842.1:10102077",0,2,2
"CHMP1A","s1321_S_PIT_01_ASEReadCounter.table","NW_015090842.1:10102901",85,208,123
"CHMP1A","s1321_S_PIT_01_ASEReadCounter.table","NW_015090842.1:10102961",64,197,133
"CHMP1A","s1321_S_PIT_01_ASEReadCounter.table","NW_015090842.1:10102996",56,185,129
"CHMP1A","s1321_S_PIT_01_ASEReadCounter.table","NW_015090842.1:10103004",60,197,137
"CHMP1A","s1321_S_PIT_01_ASEReadCounter.table","NW_015090842.1:10103006",60,199,139
"CHMP1A","s1321_S_PIT_01_ASEReadCounter.table","NW_015090842.1:10103052",110,271,161
"CHMP1A","s1321_S_PIT_01_ASEReadCounter.table","NW_015090842.1:10103095",120,285,165
"CHMP1A","s1321_S_PIT_01_ASEReadCounter.table","NW_015090842.1:10103096",120,282,162
"CHMP1A","s1321_S_PIT_01_ASEReadCounter.table","NW_015090842.1:10103152",107,227,120
"CHMP1A","s1321_S_PIT_01_ASEReadCounter.table","NW_015090842.1:10103334",84,183,99
"CHMP1A","s1321_S_PIT_01_ASEReadCounter.table","NW_015090842.1:10103373",47,170,123
"CHMP1A","s1321_S_PIT_01_ASEReadCounter.table","NW_015090842.1:10103408",75,215,140
"CHMP1A","s1321_S_PIT_01_ASEReadCounter.table","NW_015090842.1:10103412",88,221,133
"CHMP1A","s1321_S_PIT_01_ASEReadCounter.table","NW_015090842.1:10103512",115,267,152
"CHMP1A","s1321_S_PIT_01_ASEReadCounter.table","NW_015090842.1:10103513",113,267,154
"CHMP1A","s1321_S_PIT_01_ASEReadCounter.table","NW_015090842.1:10103583",79,183,104
"CHMP1A","s1321_S_PIT_01_ASEReadCounter.table","NW_015090842.1:10103614",74,186,112
"CHMP1A","s1321_S_PIT_01_ASEReadCounter.table","NW_015090842.1:10103657",87,204,117
"CHMP1A","s1321_S_PIT_01_ASEReadCounter.table","NW_015090842.1:10103669",76,196,120
"CHMP1A","s1321_S_PIT_01_ASEReadCounter.table","NW_015090842.1:10103674",80,197,117
"CHMP1A","s1321_S_PIT_01_ASEReadCounter.table","NW_015090842.1:10103677",75,190,115
"CHMP1A","s1321_S_PIT_01_ASEReadCounter.table","NW_015090842.1:10103729",97,214,117
"CHMP1A","s1321_S_PIT_01_ASEReadCounter.table","NW_015090842.1:10103758",88,192,104
"CHMP1A","s1321_S_PIT_01_ASEReadCounter.table","NW_015090842.1:10103761",88,192,104
"CHMP1A","s1321_S_PIT_01_ASEReadCounter.table","NW_015090842.1:10103788",97,231,134
"CHMP1A","s1321_S_PIT_01_ASEReadCounter.table","NW_015090842.1:10103789",97,231,134
"CHMP1A","s1321_S_PIT_01_ASEReadCounter.table","NW_015090842.1:10103790",95,230,135
"CHMP1A","s1321_S_PIT_01_ASEReadCounter.table","NW_015090842.1:10103950",108,237,129
"CHMP1A","s1321_S_PIT_01_ASEReadCounter.table","NW_015090842.1:10104335",90,186,96
"CHMP1A","s1321_S_PIT_01_ASEReadCounter.table","NW_015090842.1:10104429",130,236,106
"CHMP1A","s1321_S_PIT_01_ASEReadCounter.table","NW_015090842.1:10104532",120,250,130
"CHMP1A","s1321_S_PIT_01_ASEReadCounter.table","NW_015090842.1:10104633",114,234,120
"CHMP1A","s1321_S_PIT_01_ASEReadCounter.table","NW_015090842.1:10104759",88,220,132
"CHMP1A","s1321_S_PIT_01_ASEReadCounter.table","NW_015090842.1:10104794",99,234,135
"CHMP1A","s1321_S_PIT_01_ASEReadCounter.table","NW_015090842.1:10104844",72,171,99
"CHMP1A","s1321_S_PIT_01_ASEReadCounter.table","NW_015090842.1:10106290",80,184,104
"CHMP1A","s1321_S_PIT_01_ASEReadCounter.table","NW_015090842.1:10106335",98,220,122
"CHMP1A","s1321_S_PIT_01_ASEReadCounter.table","NW_015090842.1:10106383",127,287,160
"CHMP1A","s1321_S_PIT_01_ASEReadCounter.table","NW_015090842.1:10106747",122,275,153
"CHMP1A","s1321_S_PIT_01_ASEReadCounter.table","NW_015090842.1:10107404",88,244,156
"CHMP1A","s1321_S_PIT_01_ASEReadCounter.table","NW_015090842.1:10107410",95,252,157
"CHMP1A","s1321_S_PIT_01_ASEReadCounter.table","NW_015090842.1:10107876",93,207,114
"CDK10","s1321_S_PIT_01_ASEReadCounter.table","NW_015090842.1:10109030",7,8,1
"CDK10","s1321_S_PIT_01_ASEReadCounter.table","NW_015090842.1:10109963",37,94,57
"CDK10","s1321_S_PIT_01_ASEReadCounter.table","NW_015090842.1:10110887",38,87,49
"CDK10","s1321_S_PIT_01_ASEReadCounter.table","NW_015090842.1:10111254",31,75,44
"CDK10","s1321_S_PIT_01_ASEReadCounter.table","NW_015090842.1:10111380",30,84,54
"CDK10","s1321_S_PIT_01_ASEReadCounter.table","NW_015090842.1:10111395",31,83,52
"CDK10","s1321_S_PIT_01_ASEReadCounter.table","NW_015090842.1:10111437",18,69,51
"CDK10","s1321_S_PIT_01_ASEReadCounter.table","NW_015090842.1:10111798",36,99,63
"CDK10","s1321_S_PIT_01_ASEReadCounter.table","NW_015090842.1:10111840",38,85,47
"CDK10","s1321_S_PIT_01_ASEReadCounter.table","NW_015090842.1:10112031",41,108,67
"CDK10","s1321_S_PIT_01_ASEReadCounter.table","NW_015090842.1:10112285",36,104,68
"CDK10","s1321_S_PIT_01_ASEReadCounter.table","NW_015090842.1:10112398",49,111,62
"CDK10","s1321_S_PIT_01_ASEReadCounter.table","NW_015090842.1:10112455",39,108,69
"CDK10","s1321_S_PIT_01_ASEReadCounter.table","NW_015090842.1:10112461",36,98,62
"CDK10","s1321_S_PIT_01_ASEReadCounter.table","NW_015090842.1:10112497",26,78,52
"CDK10","s1321_S_PIT_01_ASEReadCounter.table","NW_015090842.1:10112508",24,78,54
"CDK10","s1321_S_PIT_01_ASEReadCounter.table","NW_015090842.1:10112518",17,68,51
"CDK10","s1321_S_PIT_01_ASEReadCounter.table","NW_015090842.1:10112540",9,61,52
"CDK10","s1321_S_PIT_01_ASEReadCounter.table","NW_015090842.1:10112556",22,70,48
"CDK10","s1321_S_PIT_01_ASEReadCounter.table","NW_015090842.1:10112561",23,79,56
"CDK10","s1321_S_PIT_01_ASEReadCounter.table","NW_015090842.1:10112596",27,80,53
"CDK10","s1321_S_PIT_01_ASEReadCounter.table","NW_015090842.1:10112630",22,62,40
"CDK10","s1321_S_PIT_01_ASEReadCounter.table","NW_015090842.1:10112656",27,61,34
"CDK10","s1321_S_PIT_01_ASEReadCounter.table","NW_015090842.1:10112665",22,46,24
"CDK10","s1321_S_PIT_01_ASEReadCounter.table","NW_015090842.1:10112668",21,45,24
"CDK10","s1321_S_PIT_01_ASEReadCounter.table","NW_015090842.1:10112781",13,32,19
"CDK10","s1321_S_PIT_01_ASEReadCounter.table","NW_015090842.1:10112782",13,32,19
"CDK10","s1321_S_PIT_01_ASEReadCounter.table","NW_015090842.1:10112795",11,30,19
"CDK10","s1321_S_PIT_01_ASEReadCounter.table","NW_015090842.1:10112841",6,14,8
"CDK10","s1321_S_PIT_01_ASEReadCounter.table","NW_015090842.1:10112861",2,10,8
"SPATA2L","s1321_S_PIT_01_ASEReadCounter.table","NW_015090842.1:10113212",8,25,17
"SPATA2L","s1321_S_PIT_01_ASEReadCounter.table","NW_015090842.1:10113280",12,45,33
"SPATA2L","s1321_S_PIT_01_ASEReadCounter.table","NW_015090842.1:10113296",14,49,35
"SPATA2L","s1321_S_PIT_01_ASEReadCounter.table","NW_015090842.1:10113321",16,55,39
"SPATA2L","s1321_S_PIT_01_ASEReadCounter.table","NW_015090842.1:10113332",16,58,42
"SPATA2L","s1321_S_PIT_01_ASEReadCounter.table","NW_015090842.1:10113380",25,65,40
"SPATA2L","s1321_S_PIT_01_ASEReadCounter.table","NW_015090842.1:10113381",25,67,42
"SPATA2L","s1321_S_PIT_01_ASEReadCounter.table","NW_015090842.1:10113412",25,65,40
"SPATA2L","s1321_S_PIT_01_ASEReadCounter.table","NW_015090842.1:10113421",29,68,39
"SPATA2L","s1321_S_PIT_01_ASEReadCounter.table","NW_015090842.1:10113465",22,59,37
"SPATA2L","s1321_S_PIT_01_ASEReadCounter.table","NW_015090842.1:10113535",35,66,31
"SPATA2L","s1321_S_PIT_01_ASEReadCounter.table","NW_015090842.1:10113645",34,92,58
"SPATA2L","s1321_S_PIT_01_ASEReadCounter.table","NW_015090842.1:10113682",39,102,63
"SPATA2L","s1321_S_PIT_01_ASEReadCounter.table","NW_015090842.1:10113696",39,96,57
"SPATA2L","s1321_S_PIT_01_ASEReadCounter.table","NW_015090842.1:10113727",53,123,70
"SPATA2L","s1321_S_PIT_01_ASEReadCounter.table","NW_015090842.1:10113729",118,118,0
"SPATA2L","s1321_S_PIT_01_ASEReadCounter.table","NW_015090842.1:10113799",44,102,58
"SPATA2L","s1321_S_PIT_01_ASEReadCounter.table","NW_015090842.1:10113809",43,102,59
"SPATA2L","s1321_S_PIT_01_ASEReadCounter.table","NW_015090842.1:10113827",37,94,57
"SPATA2L","s1321_S_PIT_01_ASEReadCounter.table","NW_015090842.1:10113831",38,92,54
"SPATA2L","s1321_S_PIT_01_ASEReadCounter.table","NW_015090842.1:10113894",31,89,58
"SPATA2L","s1321_S_PIT_01_ASEReadCounter.table","NW_015090842.1:10113905",25,80,55
"SPATA2L","s1321_S_PIT_01_ASEReadCounter.table","NW_015090842.1:10113914",25,72,47
"SPATA2L","s1321_S_PIT_01_ASEReadCounter.table","NW_015090842.1:10113920",31,81,50
"SPATA2L","s1321_S_PIT_01_ASEReadCounter.table","NW_015090842.1:10113937",32,88,56
"SPATA2L","s1321_S_PIT_01_ASEReadCounter.table","NW_015090842.1:10113971",22,75,53
"SPATA2L","s1321_S_PIT_01_ASEReadCounter.table","NW_015090842.1:10113976",24,81,57
"SPATA2L","s1321_S_PIT_01_ASEReadCounter.table","NW_015090842.1:10113985",26,70,44
"SPATA2L","s1321_S_PIT_01_ASEReadCounter.table","NW_015090842.1:10113994",31,83,52
"SPATA2L","s1321_S_PIT_01_ASEReadCounter.table","NW_015090842.1:10114063",31,70,39
"SPATA2L","s1321_S_PIT_01_ASEReadCounter.table","NW_015090842.1:10114066",29,71,42
"SPATA2L","s1321_S_PIT_01_ASEReadCounter.table","NW_015090842.1:10114069",29,70,41
"SPATA2L","s1321_S_PIT_01_ASEReadCounter.table","NW_015090842.1:10114159",24,64,40
"SPATA2L","s1321_S_PIT_01_ASEReadCounter.table","NW_015090842.1:10114262",75,75,0
"SPATA2L","s1321_S_PIT_01_ASEReadCounter.table","NW_015090842.1:10114470",27,57,30
"SPATA2L","s1321_S_PIT_01_ASEReadCounter.table","NW_015090842.1:10114524",20,44,24
"VPS9D1","s1321_S_PIT_01_ASEReadCounter.table","NW_015090842.1:10116377",14,39,25
"VPS9D1","s1321_S_PIT_01_ASEReadCounter.table","NW_015090842.1:10116415",15,36,21
"VPS9D1","s1321_S_PIT_01_ASEReadCounter.table","NW_015090842.1:10116607",14,38,24
"VPS9D1","s1321_S_PIT_01_ASEReadCounter.table","NW_015090842.1:10116821",13,36,23
"VPS9D1","s1321_S_PIT_01_ASEReadCounter.table","NW_015090842.1:10116825",15,35,20
"VPS9D1","s1321_S_PIT_01_ASEReadCounter.table","NW_015090842.1:10116882",10,36,26
"VPS9D1","s1321_S_PIT_01_ASEReadCounter.table","NW_015090842.1:10116933",9,34,25
"VPS9D1","s1321_S_PIT_01_ASEReadCounter.table","NW_015090842.1:10116942",8,32,24
"VPS9D1","s1321_S_PIT_01_ASEReadCounter.table","NW_015090842.1:10117152",12,36,24
"VPS9D1","s1321_S_PIT_01_ASEReadCounter.table","NW_015090842.1:10117480",10,19,9
"VPS9D1","s1321_S_PIT_01_ASEReadCounter.table","NW_015090842.1:10117497",12,21,9
"VPS9D1","s1321_S_PIT_01_ASEReadCounter.table","NW_015090842.1:10117499",10,21,11
"VPS9D1","s1321_S_PIT_01_ASEReadCounter.table","NW_015090842.1:10117516",13,25,12
"VPS9D1","s1321_S_PIT_01_ASEReadCounter.table","NW_015090842.1:10117525",13,23,10
"VPS9D1","s1321_S_PIT_01_ASEReadCounter.table","NW_015090842.1:10117579",12,36,24
"VPS9D1","s1321_S_PIT_01_ASEReadCounter.table","NW_015090842.1:10117627",14,31,17
"VPS9D1","s1321_S_PIT_01_ASEReadCounter.table","NW_015090842.1:10117678",10,30,20
"VPS9D1","s1321_S_PIT_01_ASEReadCounter.table","NW_015090842.1:10117773",18,43,25
"VPS9D1","s1321_S_PIT_01_ASEReadCounter.table","NW_015090842.1:10117937",27,57,30
"VPS9D1","s1321_S_PIT_01_ASEReadCounter.table","NW_015090842.1:10117961",22,48,26
"VPS9D1","s1321_S_PIT_01_ASEReadCounter.table","NW_015090842.1:10118236",28,55,27
"VPS9D1","s1321_S_PIT_01_ASEReadCounter.table","NW_015090842.1:10118414",18,45,27
"VPS9D1","s1321_S_PIT_01_ASEReadCounter.table","NW_015090842.1:10118973",27,54,27
"VPS9D1","s1321_S_PIT_01_ASEReadCounter.table","NW_015090842.1:10119500",15,34,19
"ZNF276","s1321_S_PIT_01_ASEReadCounter.table","NW_015090842.1:10121760",3,11,8
"ZNF276","s1321_S_PIT_01_ASEReadCounter.table","NW_015090842.1:10121769",4,12,8
"ZNF276","s1321_S_PIT_01_ASEReadCounter.table","NW_015090842.1:10121802",3,12,9
"ZNF276","s1321_S_PIT_01_ASEReadCounter.table","NW_015090842.1:10121971",9,30,21
"ZNF276","s1321_S_PIT_01_ASEReadCounter.table","NW_015090842.1:10122161",25,25,0
"ZNF276","s1321_S_PIT_01_ASEReadCounter.table","NW_015090842.1:10122164",23,23,0
"ZNF276","s1321_S_PIT_01_ASEReadCounter.table","NW_015090842.1:10122184",24,25,1
"ZNF276","s1321_S_PIT_01_ASEReadCounter.table","NW_015090842.1:10122883",11,28,17
"ZNF276","s1321_S_PIT_01_ASEReadCounter.table","NW_015090842.1:10122997",13,25,12
"ZNF276","s1321_S_PIT_01_ASEReadCounter.table","NW_015090842.1:10123069",16,31,15
"ZNF276","s1321_S_PIT_01_ASEReadCounter.table","NW_015090842.1:10123207",29,60,31
"ZNF276","s1321_S_PIT_01_ASEReadCounter.table","NW_015090842.1:10125787",30,65,35
"ZNF276","s1321_S_PIT_01_ASEReadCounter.table","NW_015090842.1:10126309",26,59,33
"ZNF276","s1321_S_PIT_01_ASEReadCounter.table","NW_015090842.1:10126348",28,62,34
"ZNF276","s1321_S_PIT_01_ASEReadCounter.table","NW_015090842.1:10126978",37,72,35
"ZNF276","s1321_S_PIT_01_ASEReadCounter.table","NW_015090842.1:10126991",37,68,31
"ZNF276","s1321_S_PIT_01_ASEReadCounter.table","NW_015090842.1:10127023",38,73,35
"ZNF276","s1321_S_PIT_01_ASEReadCounter.table","NW_015090842.1:10127063",31,68,37
"ZNF276","s1321_S_PIT_01_ASEReadCounter.table","NW_015090842.1:10127373",29,68,39
"ZNF276","s1321_S_PIT_01_ASEReadCounter.table","NW_015090842.1:10127931",48,81,33
"ZNF276","s1321_S_PIT_01_ASEReadCounter.table","NW_015090842.1:10128070",35,65,30
"ZNF276","s1321_S_PIT_01_ASEReadCounter.table","NW_015090842.1:10128102",33,67,34
"ZNF276","s1321_S_PIT_01_ASEReadCounter.table","NW_015090842.1:10128356",21,54,33
"ZNF276","s1321_S_PIT_01_ASEReadCounter.table","NW_015090842.1:10128497",21,36,15
"FANCA","s1321_S_PIT_01_ASEReadCounter.table","NW_015090842.1:10128743",4,6,2
"FANCA","s1321_S_PIT_01_ASEReadCounter.table","NW_015090842.1:10128822",5,11,6
"FANCA","s1321_S_PIT_01_ASEReadCounter.table","NW_015090842.1:10129383",3,6,3
"FANCA","s1321_S_PIT_01_ASEReadCounter.table","NW_015090842.1:10129390",2,5,3
"FANCA","s1321_S_PIT_01_ASEReadCounter.table","NW_015090842.1:10129422",2,5,3
"FANCA","s1321_S_PIT_01_ASEReadCounter.table","NW_015090842.1:10129969",4,8,4
"FANCA","s1321_S_PIT_01_ASEReadCounter.table","NW_015090842.1:10130399",4,8,4
"FANCA","s1321_S_PIT_01_ASEReadCounter.table","NW_015090842.1:10130857",2,4,2
"FANCA","s1321_S_PIT_01_ASEReadCounter.table","NW_015090842.1:10130878",2,4,2
"FANCA","s1321_S_PIT_01_ASEReadCounter.table","NW_015090842.1:10133530",5,8,3
"FANCA","s1321_S_PIT_01_ASEReadCounter.table","NW_015090842.1:10133533",6,9,3
"FANCA","s1321_S_PIT_01_ASEReadCounter.table","NW_015090842.1:10133536",6,9,3
"FANCA","s1321_S_PIT_01_ASEReadCounter.table","NW_015090842.1:10133601",2,5,3
"FANCA","s1321_S_PIT_01_ASEReadCounter.table","NW_015090842.1:10134492",5,7,2
"FANCA","s1321_S_PIT_01_ASEReadCounter.table","NW_015090842.1:10136957",3,6,3
"FANCA","s1321_S_PIT_01_ASEReadCounter.table","NW_015090842.1:10136982",2,5,3
"FANCA","s1321_S_PIT_01_ASEReadCounter.table","NW_015090842.1:10136999",0,2,2
"FANCA","s1321_S_PIT_01_ASEReadCounter.table","NW_015090842.1:10137019",1,4,3
"FANCA","s1321_S_PIT_01_ASEReadCounter.table","NW_015090842.1:10137673",2,6,4
"FANCA","s1321_S_PIT_01_ASEReadCounter.table","NW_015090842.1:10138618",2,4,2
"FANCA","s1321_S_PIT_01_ASEReadCounter.table","NW_015090842.1:10139140",0,4,4
"FANCA","s1321_S_PIT_01_ASEReadCounter.table","NW_015090842.1:10140699",3,5,2
"FANCA","s1321_S_PIT_01_ASEReadCounter.table","NW_015090842.1:10141234",1,2,1
"FANCA","s1321_S_PIT_01_ASEReadCounter.table","NW_015090842.1:10145030",1,4,3
"FANCA","s1321_S_PIT_01_ASEReadCounter.table","NW_015090842.1:10150518",2,2,0
"FANCA","s1321_S_PIT_01_ASEReadCounter.table","NW_015090842.1:10152863",1,1,0
"FANCA","s1321_S_PIT_01_ASEReadCounter.table","NW_015090842.1:10154490",2,4,2
"FANCA","s1321_S_PIT_01_ASEReadCounter.table","NW_015090842.1:10158162",3,4,1
"FANCA","s1321_S_PIT_01_ASEReadCounter.table","NW_015090842.1:10158957",0,1,1
"FANCA","s1321_S_PIT_01_ASEReadCounter.table","NW_015090842.1:10160177",1,1,0
"SPIRE2","s1321_S_PIT_01_ASEReadCounter.table","NW_015090842.1:10172284",8,14,6
"SPIRE2","s1321_S_PIT_01_ASEReadCounter.table","NW_015090842.1:10175262",12,23,11
"SPIRE2","s1321_S_PIT_01_ASEReadCounter.table","NW_015090842.1:10175352",6,11,5
"SPIRE2","s1321_S_PIT_01_ASEReadCounter.table","NW_015090842.1:10175400",34,64,30
"SPIRE2","s1321_S_PIT_01_ASEReadCounter.table","NW_015090842.1:10175418",39,70,31
"SPIRE2","s1321_S_PIT_01_ASEReadCounter.table","NW_015090842.1:10175704",38,67,29
"SPIRE2","s1321_S_PIT_01_ASEReadCounter.table","NW_015090842.1:10176115",51,100,49
"SPIRE2","s1321_S_PIT_01_ASEReadCounter.table","NW_015090842.1:10176561",58,106,48
"SPIRE2","s1321_S_PIT_01_ASEReadCounter.table","NW_015090842.1:10176817",39,82,43
"SPIRE2","s1321_S_PIT_01_ASEReadCounter.table","NW_015090842.1:10177084",23,53,30
"SPIRE2","s1321_S_PIT_01_ASEReadCounter.table","NW_015090842.1:10177838",44,87,43
"SPIRE2","s1321_S_PIT_01_ASEReadCounter.table","NW_015090842.1:10178000",36,72,36
"SPIRE2","s1321_S_PIT_01_ASEReadCounter.table","NW_015090842.1:10178164",40,81,41
"SPIRE2","s1321_S_PIT_01_ASEReadCounter.table","NW_015090842.1:10178216",31,72,41
"SPIRE2","s1321_S_PIT_01_ASEReadCounter.table","NW_015090842.1:10178303",40,70,30
"SPIRE2","s1321_S_PIT_01_ASEReadCounter.table","NW_015090842.1:10178403",38,73,35
"SPIRE2","s1321_S_PIT_01_ASEReadCounter.table","NW_015090842.1:10178409",35,70,35
"SPIRE2","s1321_S_PIT_01_ASEReadCounter.table","NW_015090842.1:10178524",28,49,21
"SPIRE2","s1321_S_PIT_01_ASEReadCounter.table","NW_015090842.1:10178526",28,49,21
"SPIRE2","s1321_S_PIT_01_ASEReadCounter.table","NW_015090842.1:10178531",28,48,20
"SPIRE2","s1321_S_PIT_01_ASEReadCounter.table","NW_015090842.1:10178565",25,46,21
"SPIRE2","s1321_S_PIT_01_ASEReadCounter.table","NW_015090842.1:10178587",29,46,17
"SPIRE2","s1321_S_PIT_01_ASEReadCounter.table","NW_015090842.1:10178640",22,33,11
"SPIRE2","s1321_S_PIT_01_ASEReadCounter.table","NW_015090842.1:10178651",22,35,13
"SPIRE2","s1321_S_PIT_01_ASEReadCounter.table","NW_015090842.1:10178682",19,33,14
"TCF25","s1321_S_PIT_01_ASEReadCounter.table","NW_015090842.1:10180912",33,62,29
"TCF25","s1321_S_PIT_01_ASEReadCounter.table","NW_015090842.1:10180924",34,64,30
"TCF25","s1321_S_PIT_01_ASEReadCounter.table","NW_015090842.1:10180931",35,66,31
"TCF25","s1321_S_PIT_01_ASEReadCounter.table","NW_015090842.1:10185332",87,180,93
"TCF25","s1321_S_PIT_01_ASEReadCounter.table","NW_015090842.1:10196561",73,162,89
"TCF25","s1321_S_PIT_01_ASEReadCounter.table","NW_015090842.1:10197399",203,203,0
"MC1R","s1321_S_PIT_01_ASEReadCounter.table","NW_015090842.1:10201986",2,2,0
"GAS8","s1321_S_PIT_01_ASEReadCounter.table","NW_015090842.1:10228982",50,97,47
"GAS8","s1321_S_PIT_01_ASEReadCounter.table","NW_015090842.1:10229832",32,68,36
"GAS8","s1321_S_PIT_01_ASEReadCounter.table","NW_015090842.1:10232901",48,79,31
"GAS8","s1321_S_PIT_01_ASEReadCounter.table","NW_015090842.1:10232928",47,81,34
"GAS8","s1321_S_PIT_01_ASEReadCounter.table","NW_015090842.1:10232967",44,73,29
"GAS8","s1321_S_PIT_01_ASEReadCounter.table","NW_015090842.1:10233032",26,45,19
"GAS8","s1321_S_PIT_01_ASEReadCounter.table","NW_015090842.1:10233057",24,46,22
"GAS8","s1321_S_PIT_01_ASEReadCounter.table","NW_015090842.1:10233058",24,47,23
"GAS8","s1321_S_PIT_01_ASEReadCounter.table","NW_015090842.1:10233176",20,44,24
"GAS8","s1321_S_PIT_01_ASEReadCounter.table","NW_015090842.1:10233196",18,44,26
"GAS8","s1321_S_PIT_01_ASEReadCounter.table","NW_015090842.1:10233252",19,34,15
"GAS8","s1321_S_PIT_01_ASEReadCounter.table","NW_015090842.1:10233303",6,13,7
"LOC106888094","s1321_S_PIT_01_ASEReadCounter.table","NW_015090842.1:10233334",0,8,8
"LOC106888094","s1321_S_PIT_01_ASEReadCounter.table","NW_015090842.1:10233362",2,20,18
"LOC106888094","s1321_S_PIT_01_ASEReadCounter.table","NW_015090842.1:10233373",2,22,20
"LOC106888094","s1321_S_PIT_01_ASEReadCounter.table","NW_015090842.1:10233388",4,24,20
"LOC106888094","s1321_S_PIT_01_ASEReadCounter.table","NW_015090842.1:10233402",5,26,21
"LOC106888094","s1321_S_PIT_01_ASEReadCounter.table","NW_015090842.1:10233465",6,27,21
"LOC106888094","s1321_S_PIT_01_ASEReadCounter.table","NW_015090842.1:10233803",15,39,24
"LOC106888094","s1321_S_PIT_01_ASEReadCounter.table","NW_015090842.1:10233815",14,38,24
"LOC106888094","s1321_S_PIT_01_ASEReadCounter.table","NW_015090842.1:10235484",1,8,7
"LOC106888094","s1321_S_PIT_01_ASEReadCounter.table","NW_015090842.1:10235611",1,6,5
"LOC106888094","s1321_S_PIT_01_ASEReadCounter.table","NW_015090842.1:10235977",6,6,0
"LOC106888094","s1321_S_PIT_01_ASEReadCounter.table","NW_015090842.1:10236098",2,3,1
"LOC106888094","s1321_S_PIT_01_ASEReadCounter.table","NW_015090842.1:10236161",0,4,4
"LOC106888094","s1321_S_PIT_01_ASEReadCounter.table","NW_015090842.1:10236380",0,4,4
"LOC106888094","s1321_S_PIT_01_ASEReadCounter.table","NW_015090842.1:10236388",2,5,3
"LOC106888094","s1321_S_PIT_01_ASEReadCounter.table","NW_015090842.1:10236425",1,6,5
"LOC106888094","s1321_S_PIT_01_ASEReadCounter.table","NW_015090842.1:10236426",1,6,5
"LOC106888094","s1321_S_PIT_01_ASEReadCounter.table","NW_015090842.1:10236603",0,4,4
"LOC106888173","s1321_S_PIT_01_ASEReadCounter.table","NW_015090842.1:10239596",11,18,7
"LOC106888173","s1321_S_PIT_01_ASEReadCounter.table","NW_015090842.1:10240036",39,48,9
"LOC106888173","s1321_S_PIT_01_ASEReadCounter.table","NW_015090842.1:10240095",46,62,16
"LOC106888173","s1321_S_PIT_01_ASEReadCounter.table","NW_015090842.1:10240280",45,63,18
"LOC106888173","s1321_S_PIT_01_ASEReadCounter.table","NW_015090842.1:10240557",71,92,21
"LOC106888173","s1321_S_PIT_01_ASEReadCounter.table","NW_015090842.1:10240603",75,94,19
"LOC106888173","s1321_S_PIT_01_ASEReadCounter.table","NW_015090842.1:10240609",75,92,17
"LOC106888173","s1321_S_PIT_01_ASEReadCounter.table","NW_015090842.1:10240924",53,71,18
"LOC106888173","s1321_S_PIT_01_ASEReadCounter.table","NW_015090842.1:10241037",37,64,27
"LOC106888173","s1321_S_PIT_01_ASEReadCounter.table","NW_015090842.1:10241046",46,73,27
"LOC106888173","s1321_S_PIT_01_ASEReadCounter.table","NW_015090842.1:10241058",55,83,28
"LOC106888173","s1321_S_PIT_01_ASEReadCounter.table","NW_015090842.1:10241064",61,89,28
"LOC106888173","s1321_S_PIT_01_ASEReadCounter.table","NW_015090842.1:10241163",69,88,19
"LOC106888173","s1321_S_PIT_01_ASEReadCounter.table","NW_015090842.1:10241803",82,106,24
"LOC106888173","s1321_S_PIT_01_ASEReadCounter.table","NW_015090842.1:10241827",77,100,23
"LOC106888173","s1321_S_PIT_01_ASEReadCounter.table","NW_015090842.1:10241869",76,100,24
"LOC106888173","s1321_S_PIT_01_ASEReadCounter.table","NW_015090842.1:10242079",68,95,27
"LOC106888173","s1321_S_PIT_01_ASEReadCounter.table","NW_015090842.1:10242103",75,106,31
"LOC106888173","s1321_S_PIT_01_ASEReadCounter.table","NW_015090842.1:10242157",85,125,40
"LOC106888173","s1321_S_PIT_01_ASEReadCounter.table","NW_015090842.1:10242455",74,104,30
"LOC106888173","s1321_S_PIT_01_ASEReadCounter.table","NW_015090842.1:10242481",72,99,27
"LOC106888173","s1321_S_PIT_01_ASEReadCounter.table","NW_015090842.1:10242590",80,104,24
"LOC106888173","s1321_S_PIT_01_ASEReadCounter.table","NW_015090842.1:10242794",62,80,18
"LOC106888173","s1321_S_PIT_01_ASEReadCounter.table","NW_015090842.1:10242909",77,101,24
"LOC106888173","s1321_S_PIT_01_ASEReadCounter.table","NW_015090842.1:10243094",111,133,22
"LOC106888173","s1321_S_PIT_01_ASEReadCounter.table","NW_015090842.1:10243133",92,114,22
"LOC106888173","s1321_S_PIT_01_ASEReadCounter.table","NW_015090842.1:10243273",120,143,23
"LOC106888173","s1321_S_PIT_01_ASEReadCounter.table","NW_015090842.1:10243278",128,149,21
"LOC106888173","s1321_S_PIT_01_ASEReadCounter.table","NW_015090842.1:10243281",127,147,20
"LOC106888173","s1321_S_PIT_01_ASEReadCounter.table","NW_015090842.1:10243347",95,95,0
"LOC106888173","s1321_S_PIT_01_ASEReadCounter.table","NW_015090842.1:10243353",73,86,13
"LOC106888173","s1321_S_PIT_01_ASEReadCounter.table","NW_015090842.1:10243363",59,70,11
"LOC106888173","s1321_S_PIT_01_ASEReadCounter.table","NW_015090842.1:10243365",59,70,11
"LOC106888173","s1321_S_PIT_01_ASEReadCounter.table","NW_015090842.1:10243529",67,76,9
"LOC106888173","s1321_S_PIT_01_ASEReadCounter.table","NW_015090842.1:10243566",104,123,19
"LOC106888173","s1321_S_PIT_01_ASEReadCounter.table","NW_015090842.1:10243605",98,125,27
"LOC106888173","s1321_S_PIT_01_ASEReadCounter.table","NW_015090842.1:10243614",88,114,26
"LOC106888173","s1321_S_PIT_01_ASEReadCounter.table","NW_015090842.1:10243615",87,112,25
"LOC106888173","s1321_S_PIT_01_ASEReadCounter.table","NW_015090842.1:10243640",67,87,20
"LOC106888173","s1321_S_PIT_01_ASEReadCounter.table","NW_015090842.1:10243680",58,77,19
"LOC106888173","s1321_S_PIT_01_ASEReadCounter.table","NW_015090842.1:10243742",81,94,13
"LOC106888173","s1321_S_PIT_01_ASEReadCounter.table","NW_015090842.1:10243804",62,71,9
"LOC106888173","s1321_S_PIT_01_ASEReadCounter.table","NW_015090842.1:10243913",26,39,13
"LOC106888173","s1321_S_PIT_01_ASEReadCounter.table","NW_015090842.1:10243921",24,37,13
"LOC106888384","s1321_S_PIT_01_ASEReadCounter.table","NW_015090842.1:10244714",0,2,2
"LOC106888384","s1321_S_PIT_01_ASEReadCounter.table","NW_015090842.1:10244998",0,5,5
"LOC106888384","s1321_S_PIT_01_ASEReadCounter.table","NW_015090842.1:10250743",2,12,10
"LOC106888384","s1321_S_PIT_01_ASEReadCounter.table","NW_015090842.1:10250771",3,10,7
"LOC106888384","s1321_S_PIT_01_ASEReadCounter.table","NW_015090842.1:10251343",8,8,0
"LOC106888384","s1321_S_PIT_01_ASEReadCounter.table","NW_015090842.1:10251344",7,7,0
"LOC106888384","s1321_S_PIT_01_ASEReadCounter.table","NW_015090842.1:10251349",7,7,0
"LOC106888384","s1321_S_PIT_01_ASEReadCounter.table","NW_015090842.1:10251354",7,20,13
"LOC106888384","s1321_S_PIT_01_ASEReadCounter.table","NW_015090842.1:10251358",7,20,13
"LOC106888384","s1321_S_PIT_01_ASEReadCounter.table","NW_015090842.1:10251369",0,16,16
"LOC106888384","s1321_S_PIT_01_ASEReadCounter.table","NW_015090842.1:10251370",3,15,12
"LOC106888384","s1321_S_PIT_01_ASEReadCounter.table","NW_015090842.1:10251375",2,14,12
"LOC106888384","s1321_S_PIT_01_ASEReadCounter.table","NW_015090842.1:10251388",0,10,10
"LOC106888384","s1321_S_PIT_01_ASEReadCounter.table","NW_015090842.1:10251390",0,10,10
"LOC106888384","s1321_S_PIT_01_ASEReadCounter.table","NW_015090842.1:10251393",0,10,10
"LOC106888384","s1321_S_PIT_01_ASEReadCounter.table","NW_015090842.1:10251399",0,9,9
"LOC106888384","s1321_S_PIT_01_ASEReadCounter.table","NW_015090842.1:10251492",3,3,0
"LOC106888384","s1321_S_PIT_01_ASEReadCounter.table","NW_015090842.1:10253165",11,31,20
"LOC106888384","s1321_S_PIT_01_ASEReadCounter.table","NW_015090842.1:10253284",11,26,15
"LOC106888384","s1321_S_PIT_01_ASEReadCounter.table","NW_015090842.1:10253605",11,19,8
"LOC106888384","s1321_S_PIT_01_ASEReadCounter.table","NW_015090842.1:10254028",5,20,15
"LOC106888384","s1321_S_PIT_01_ASEReadCounter.table","NW_015090842.1:10254227",11,25,14
"LOC106888384","s1321_S_PIT_01_ASEReadCounter.table","NW_015090842.1:10254233",10,26,16
"LOC106888384","s1321_S_PIT_01_ASEReadCounter.table","NW_015090842.1:10254263",10,28,18
"LOC106888384","s1321_S_PIT_01_ASEReadCounter.table","NW_015090842.1:10254293",9,27,18
"LOC106888384","s1321_S_PIT_01_ASEReadCounter.table","NW_015090842.1:10254570",13,28,15
"LOC106888384","s1321_S_PIT_01_ASEReadCounter.table","NW_015090842.1:10254647",9,21,12
"LOC106888384","s1321_S_PIT_01_ASEReadCounter.table","NW_015090842.1:10254663",5,13,8
"LOC106888384","s1321_S_PIT_01_ASEReadCounter.table","NW_015090842.1:10254840",1,5,4
"LOC106888384","s1321_S_PIT_01_ASEReadCounter.table","NW_015090842.1:10254854",7,7,0
"LOC106888384","s1321_S_PIT_01_ASEReadCounter.table","NW_015090842.1:10254891",10,10,0
"LOC106888384","s1321_S_PIT_01_ASEReadCounter.table","NW_015090842.1:10254900",1,11,10
"LOC106888384","s1321_S_PIT_01_ASEReadCounter.table","NW_015090842.1:10254915",1,10,9
"LOC106888384","s1321_S_PIT_01_ASEReadCounter.table","NW_015090842.1:10254965",6,6,0
"LOC106888384","s1321_S_PIT_01_ASEReadCounter.table","NW_015090842.1:10254975",0,7,7
"LOC106888384","s1321_S_PIT_01_ASEReadCounter.table","NW_015090842.1:10255077",8,24,16
"LOC106888384","s1321_S_PIT_01_ASEReadCounter.table","NW_015090842.1:10255117",6,20,14
"LOC106888384","s1321_S_PIT_01_ASEReadCounter.table","NW_015090842.1:10255138",5,20,15
"LOC106888384","s1321_S_PIT_01_ASEReadCounter.table","NW_015090842.1:10255139",5,18,13
"LOC106888384","s1321_S_PIT_01_ASEReadCounter.table","NW_015090842.1:10255209",9,24,15
"LOC106888384","s1321_S_PIT_01_ASEReadCounter.table","NW_015090842.1:10255211",10,25,15
"LOC106888384","s1321_S_PIT_01_ASEReadCounter.table","NW_015090842.1:10255236",12,26,14
"LOC106888384","s1321_S_PIT_01_ASEReadCounter.table","NW_015090842.1:10255262",9,24,15
"LOC106888384","s1321_S_PIT_01_ASEReadCounter.table","NW_015090842.1:10255264",9,24,15
"LOC106888384","s1321_S_PIT_01_ASEReadCounter.table","NW_015090842.1:10255306",11,33,22
"LOC106888384","s1321_S_PIT_01_ASEReadCounter.table","NW_015090842.1:10255340",12,40,28
"LOC106888384","s1321_S_PIT_01_ASEReadCounter.table","NW_015090842.1:10255410",16,38,22
"LOC106888384","s1321_S_PIT_01_ASEReadCounter.table","NW_015090842.1:10255449",13,33,20
"LOC106888384","s1321_S_PIT_01_ASEReadCounter.table","NW_015090842.1:10255496",11,27,16
"LOC106888384","s1321_S_PIT_01_ASEReadCounter.table","NW_015090842.1:10255505",8,23,15
"LOC106888384","s1321_S_PIT_01_ASEReadCounter.table","NW_015090842.1:10255531",8,23,15
"LOC106888384","s1321_S_PIT_01_ASEReadCounter.table","NW_015090842.1:10255608",12,23,11
"LOC106888384","s1321_S_PIT_01_ASEReadCounter.table","NW_015090842.1:10255614",15,23,8
"LOC106888384","s1321_S_PIT_01_ASEReadCounter.table","NW_015090842.1:10255704",14,34,20
"LOC106888384","s1321_S_PIT_01_ASEReadCounter.table","NW_015090842.1:10255731",10,25,15
"LOC106888384","s1321_S_PIT_01_ASEReadCounter.table","NW_015090842.1:10255771",7,13,6
"TANGO6","s1321_S_PIT_01_ASEReadCounter.table","NW_015090842.1:10257782",5,14,9
"TANGO6","s1321_S_PIT_01_ASEReadCounter.table","NW_015090842.1:10258162",11,23,12
"TANGO6","s1321_S_PIT_01_ASEReadCounter.table","NW_015090842.1:10258185",14,27,13
"TANGO6","s1321_S_PIT_01_ASEReadCounter.table","NW_015090842.1:10259267",13,25,12
"TANGO6","s1321_S_PIT_01_ASEReadCounter.table","NW_015090842.1:10260250",43,69,26
"TANGO6","s1321_S_PIT_01_ASEReadCounter.table","NW_015090842.1:10260979",15,28,13
"TANGO6","s1321_S_PIT_01_ASEReadCounter.table","NW_015090842.1:10261599",18,38,20
"TANGO6","s1321_S_PIT_01_ASEReadCounter.table","NW_015090842.1:10268425",37,63,26
"TANGO6","s1321_S_PIT_01_ASEReadCounter.table","NW_015090842.1:10269831",28,63,35
"TANGO6","s1321_S_PIT_01_ASEReadCounter.table","NW_015090842.1:10270813",29,50,21
"TANGO6","s1321_S_PIT_01_ASEReadCounter.table","NW_015090842.1:10273952",12,19,7
"TANGO6","s1321_S_PIT_01_ASEReadCounter.table","NW_015090842.1:10273970",16,24,8
"TANGO6","s1321_S_PIT_01_ASEReadCounter.table","NW_015090842.1:10274018",19,30,11
"TANGO6","s1321_S_PIT_01_ASEReadCounter.table","NW_015090842.1:10275974",21,36,15
"TANGO6","s1321_S_PIT_01_ASEReadCounter.table","NW_015090842.1:10275976",21,35,14
"TANGO6","s1321_S_PIT_01_ASEReadCounter.table","NW_015090842.1:10276123",16,26,10
"TANGO6","s1321_S_PIT_01_ASEReadCounter.table","NW_015090842.1:10276271",20,35,15
"TANGO6","s1321_S_PIT_01_ASEReadCounter.table","NW_015090842.1:10276272",20,34,14
"TANGO6","s1321_S_PIT_01_ASEReadCounter.table","NW_015090842.1:10276275",19,33,14
"TANGO6","s1321_S_PIT_01_ASEReadCounter.table","NW_015090842.1:10276278",19,34,15
"TANGO6","s1321_S_PIT_01_ASEReadCounter.table","NW_015090842.1:10276368",15,26,11
"TANGO6","s1321_S_PIT_01_ASEReadCounter.table","NW_015090842.1:10276373",15,26,11
"TANGO6","s1321_S_PIT_01_ASEReadCounter.table","NW_015090842.1:10276630",20,35,15
"TANGO6","s1321_S_PIT_01_ASEReadCounter.table","NW_015090842.1:10281498",14,33,19
"TANGO6","s1321_S_PIT_01_ASEReadCounter.table","NW_015090842.1:10282842",22,36,14
"TANGO6","s1321_S_PIT_01_ASEReadCounter.table","NW_015090842.1:10282863",21,33,12
"TANGO6","s1321_S_PIT_01_ASEReadCounter.table","NW_015090842.1:10282869",22,34,12
"TANGO6","s1321_S_PIT_01_ASEReadCounter.table","NW_015090842.1:10282903",25,39,14
"TANGO6","s1321_S_PIT_01_ASEReadCounter.table","NW_015090842.1:10283757",29,42,13
"TANGO6","s1321_S_PIT_01_ASEReadCounter.table","NW_015090842.1:10283785",20,34,14
"HAS3","s1321_S_PIT_01_ASEReadCounter.table","NW_015090842.1:10290927",0,1,1
"HAS3","s1321_S_PIT_01_ASEReadCounter.table","NW_015090842.1:10291004",1,3,2
"CHTF8","s1321_S_PIT_01_ASEReadCounter.table","NW_015090842.1:10291319",3,4,1
"CHTF8","s1321_S_PIT_01_ASEReadCounter.table","NW_015090842.1:10291342",4,6,2
"CHTF8","s1321_S_PIT_01_ASEReadCounter.table","NW_015090842.1:10291491",23,31,8
"CHTF8","s1321_S_PIT_01_ASEReadCounter.table","NW_015090842.1:10291520",20,36,16
"CHTF8","s1321_S_PIT_01_ASEReadCounter.table","NW_015090842.1:10291593",35,60,25
"CHTF8","s1321_S_PIT_01_ASEReadCounter.table","NW_015090842.1:10291600",34,58,24
"CHTF8","s1321_S_PIT_01_ASEReadCounter.table","NW_015090842.1:10291609",33,56,23
"CHTF8","s1321_S_PIT_01_ASEReadCounter.table","NW_015090842.1:10291639",35,59,24
"CHTF8","s1321_S_PIT_01_ASEReadCounter.table","NW_015090842.1:10291641",34,57,23
"CHTF8","s1321_S_PIT_01_ASEReadCounter.table","NW_015090842.1:10291648",39,63,24
"CHTF8","s1321_S_PIT_01_ASEReadCounter.table","NW_015090842.1:10291656",36,60,24
"CHTF8","s1321_S_PIT_01_ASEReadCounter.table","NW_015090842.1:10291675",31,53,22
"CHTF8","s1321_S_PIT_01_ASEReadCounter.table","NW_015090842.1:10291696",25,48,23
"CHTF8","s1321_S_PIT_01_ASEReadCounter.table","NW_015090842.1:10291714",24,45,21
"CHTF8","s1321_S_PIT_01_ASEReadCounter.table","NW_015090842.1:10291732",22,43,21
"CHTF8","s1321_S_PIT_01_ASEReadCounter.table","NW_015090842.1:10291755",17,32,15
"CHTF8","s1321_S_PIT_01_ASEReadCounter.table","NW_015090842.1:10291756",17,32,15
"CHTF8","s1321_S_PIT_01_ASEReadCounter.table","NW_015090842.1:10291758",17,34,17
"CHTF8","s1321_S_PIT_01_ASEReadCounter.table","NW_015090842.1:10291792",19,35,16
"CHTF8","s1321_S_PIT_01_ASEReadCounter.table","NW_015090842.1:10291895",37,56,19
"CHTF8","s1321_S_PIT_01_ASEReadCounter.table","NW_015090842.1:10292132",23,40,17
"CHTF8","s1321_S_PIT_01_ASEReadCounter.table","NW_015090842.1:10292314",23,39,16
"CHTF8","s1321_S_PIT_01_ASEReadCounter.table","NW_015090842.1:10292317",23,39,16
"CHTF8","s1321_S_PIT_01_ASEReadCounter.table","NW_015090842.1:10292928",3,8,5
"UTP4","s1321_S_PIT_01_ASEReadCounter.table","NW_015090842.1:10293146",28,50,22
"UTP4","s1321_S_PIT_01_ASEReadCounter.table","NW_015090842.1:10293151",32,53,21
"UTP4","s1321_S_PIT_01_ASEReadCounter.table","NW_015090842.1:10293191",16,31,15
"UTP4","s1321_S_PIT_01_ASEReadCounter.table","NW_015090842.1:10293362",17,43,26
"UTP4","s1321_S_PIT_01_ASEReadCounter.table","NW_015090842.1:10293430",14,43,29
"UTP4","s1321_S_PIT_01_ASEReadCounter.table","NW_015090842.1:10293625",19,48,29
"UTP4","s1321_S_PIT_01_ASEReadCounter.table","NW_015090842.1:10293684",22,55,33
"UTP4","s1321_S_PIT_01_ASEReadCounter.table","NW_015090842.1:10294093",22,35,13
"UTP4","s1321_S_PIT_01_ASEReadCounter.table","NW_015090842.1:10294568",25,55,30
"UTP4","s1321_S_PIT_01_ASEReadCounter.table","NW_015090842.1:10294622",18,45,27
"UTP4","s1321_S_PIT_01_ASEReadCounter.table","NW_015090842.1:10294632",18,45,27
"UTP4","s1321_S_PIT_01_ASEReadCounter.table","NW_015090842.1:10295238",26,57,31
"UTP4","s1321_S_PIT_01_ASEReadCounter.table","NW_015090842.1:10295880",28,61,33
"UTP4","s1321_S_PIT_01_ASEReadCounter.table","NW_015090842.1:10295884",29,62,33
"UTP4","s1321_S_PIT_01_ASEReadCounter.table","NW_015090842.1:10295903",26,59,33
"UTP4","s1321_S_PIT_01_ASEReadCounter.table","NW_015090842.1:10295906",27,61,34
"UTP4","s1321_S_PIT_01_ASEReadCounter.table","NW_015090842.1:10295915",28,63,35
"UTP4","s1321_S_PIT_01_ASEReadCounter.table","NW_015090842.1:10295938",26,53,27
"UTP4","s1321_S_PIT_01_ASEReadCounter.table","NW_015090842.1:10296175",25,53,28
"UTP4","s1321_S_PIT_01_ASEReadCounter.table","NW_015090842.1:10296660",31,54,23
"UTP4","s1321_S_PIT_01_ASEReadCounter.table","NW_015090842.1:10296679",28,51,23
"UTP4","s1321_S_PIT_01_ASEReadCounter.table","NW_015090842.1:10297193",33,73,40
"UTP4","s1321_S_PIT_01_ASEReadCounter.table","NW_015090842.1:10297220",32,69,37
"UTP4","s1321_S_PIT_01_ASEReadCounter.table","NW_015090842.1:10297307",43,79,36
"UTP4","s1321_S_PIT_01_ASEReadCounter.table","NW_015090842.1:10297558",31,71,40
"UTP4","s1321_S_PIT_01_ASEReadCounter.table","NW_015090842.1:10297943",23,49,26
"UTP4","s1321_S_PIT_01_ASEReadCounter.table","NW_015090842.1:10297979",25,56,31
"UTP4","s1321_S_PIT_01_ASEReadCounter.table","NW_015090842.1:10298022",24,49,25
"UTP4","s1321_S_PIT_01_ASEReadCounter.table","NW_015090842.1:10298079",2,9,7
"UTP4","s1321_S_PIT_01_ASEReadCounter.table","NW_015090842.1:10298081",3,8,5
"UTP4","s1321_S_PIT_01_ASEReadCounter.table","NW_015090842.1:10298082",2,8,6
"SNTB2","s1321_S_PIT_01_ASEReadCounter.table","NW_015090842.1:10303506",13,23,10
"SNTB2","s1321_S_PIT_01_ASEReadCounter.table","NW_015090842.1:10303524",12,20,8
"SNTB2","s1321_S_PIT_01_ASEReadCounter.table","NW_015090842.1:10304059",13,21,8
"SNTB2","s1321_S_PIT_01_ASEReadCounter.table","NW_015090842.1:10304089",13,24,11
"SNTB2","s1321_S_PIT_01_ASEReadCounter.table","NW_015090842.1:10304167",12,21,9
"SNTB2","s1321_S_PIT_01_ASEReadCounter.table","NW_015090842.1:10304176",11,20,9
"SNTB2","s1321_S_PIT_01_ASEReadCounter.table","NW_015090842.1:10305069",11,21,10
"SNTB2","s1321_S_PIT_01_ASEReadCounter.table","NW_015090842.1:10305099",11,22,11
"SNTB2","s1321_S_PIT_01_ASEReadCounter.table","NW_015090842.1:10305451",8,16,8
"SNTB2","s1321_S_PIT_01_ASEReadCounter.table","NW_015090842.1:10305547",15,27,12
"SNTB2","s1321_S_PIT_01_ASEReadCounter.table","NW_015090842.1:10305847",11,19,8
"SNTB2","s1321_S_PIT_01_ASEReadCounter.table","NW_015090842.1:10305911",9,19,10
"SNTB2","s1321_S_PIT_01_ASEReadCounter.table","NW_015090842.1:10306173",9,18,9
"SNTB2","s1321_S_PIT_01_ASEReadCounter.table","NW_015090842.1:10306275",8,13,5
"SNTB2","s1321_S_PIT_01_ASEReadCounter.table","NW_015090842.1:10306457",10,18,8
"SNTB2","s1321_S_PIT_01_ASEReadCounter.table","NW_015090842.1:10306496",10,16,6
"SNTB2","s1321_S_PIT_01_ASEReadCounter.table","NW_015090842.1:10306499",8,14,6
"VPS4A","s1321_S_PIT_01_ASEReadCounter.table","NW_015090842.1:10308566",92,199,107
"VPS4A","s1321_S_PIT_01_ASEReadCounter.table","NW_015090842.1:10308573",97,205,108
"VPS4A","s1321_S_PIT_01_ASEReadCounter.table","NW_015090842.1:10308856",147,318,171
"VPS4A","s1321_S_PIT_01_ASEReadCounter.table","NW_015090842.1:10309056",154,334,180
"VPS4A","s1321_S_PIT_01_ASEReadCounter.table","NW_015090842.1:10309089",193,372,179
"VPS4A","s1321_S_PIT_01_ASEReadCounter.table","NW_015090842.1:10309392",197,363,166
"VPS4A","s1321_S_PIT_01_ASEReadCounter.table","NW_015090842.1:10309413",197,372,175
"VPS4A","s1321_S_PIT_01_ASEReadCounter.table","NW_015090842.1:10309467",190,399,209
"VPS4A","s1321_S_PIT_01_ASEReadCounter.table","NW_015090842.1:10310230",201,409,208
"VPS4A","s1321_S_PIT_01_ASEReadCounter.table","NW_015090842.1:10310425",166,365,199
"VPS4A","s1321_S_PIT_01_ASEReadCounter.table","NW_015090842.1:10310639",191,430,239
"VPS4A","s1321_S_PIT_01_ASEReadCounter.table","NW_015090842.1:10310640",191,434,243
"VPS4A","s1321_S_PIT_01_ASEReadCounter.table","NW_015090842.1:10310687",216,454,238
"VPS4A","s1321_S_PIT_01_ASEReadCounter.table","NW_015090842.1:10310734",171,340,169
"VPS4A","s1321_S_PIT_01_ASEReadCounter.table","NW_015090842.1:10310737",174,345,171
"VPS4A","s1321_S_PIT_01_ASEReadCounter.table","NW_015090842.1:10310746",168,344,176
"VPS4A","s1321_S_PIT_01_ASEReadCounter.table","NW_015090842.1:10310767",185,357,172
"VPS4A","s1321_S_PIT_01_ASEReadCounter.table","NW_015090842.1:10310995",176,384,208
"VPS4A","s1321_S_PIT_01_ASEReadCounter.table","NW_015090842.1:10311004",176,374,198
"VPS4A","s1321_S_PIT_01_ASEReadCounter.table","NW_015090842.1:10311007",170,379,209
"VPS4A","s1321_S_PIT_01_ASEReadCounter.table","NW_015090842.1:10311013",179,373,194
"VPS4A","s1321_S_PIT_01_ASEReadCounter.table","NW_015090842.1:10311022",165,358,193
"VPS4A","s1321_S_PIT_01_ASEReadCounter.table","NW_015090842.1:10311023",164,350,186
"VPS4A","s1321_S_PIT_01_ASEReadCounter.table","NW_015090842.1:10311426",164,356,192
"VPS4A","s1321_S_PIT_01_ASEReadCounter.table","NW_015090842.1:10311489",2,9,7
"VPS4A","s1321_S_PIT_01_ASEReadCounter.table","NW_015090842.1:10311490",2,6,4
"VPS4A","s1321_S_PIT_01_ASEReadCounter.table","NW_015090842.1:10311525",4,16,12
"VPS4A","s1321_S_PIT_01_ASEReadCounter.table","NW_015090842.1:10311529",5,24,19
"VPS4A","s1321_S_PIT_01_ASEReadCounter.table","NW_015090842.1:10311530",5,24,19
"VPS4A","s1321_S_PIT_01_ASEReadCounter.table","NW_015090842.1:10311552",18,40,22
"VPS4A","s1321_S_PIT_01_ASEReadCounter.table","NW_015090842.1:10311689",24,45,21
"VPS4A","s1321_S_PIT_01_ASEReadCounter.table","NW_015090842.1:10311700",29,53,24
"VPS4A","s1321_S_PIT_01_ASEReadCounter.table","NW_015090842.1:10311701",27,51,24
"VPS4A","s1321_S_PIT_01_ASEReadCounter.table","NW_015090842.1:10311703",29,55,26
"COG8","s1321_S_PIT_01_ASEReadCounter.table","NW_015090842.1:10313487",17,45,28
"COG8","s1321_S_PIT_01_ASEReadCounter.table","NW_015090842.1:10313559",34,65,31
"COG8","s1321_S_PIT_01_ASEReadCounter.table","NW_015090842.1:10313579",36,68,32
"COG8","s1321_S_PIT_01_ASEReadCounter.table","NW_015090842.1:10313665",26,59,33
"COG8","s1321_S_PIT_01_ASEReadCounter.table","NW_015090842.1:10313681",30,71,41
"COG8","s1321_S_PIT_01_ASEReadCounter.table","NW_015090842.1:10313768",43,78,35
"COG8","s1321_S_PIT_01_ASEReadCounter.table","NW_015090842.1:10313775",44,79,35
"COG8","s1321_S_PIT_01_ASEReadCounter.table","NW_015090842.1:10313811",28,54,26
"COG8","s1321_S_PIT_01_ASEReadCounter.table","NW_015090842.1:10313858",27,53,26
"COG8","s1321_S_PIT_01_ASEReadCounter.table","NW_015090842.1:10313859",53,53,0
"COG8","s1321_S_PIT_01_ASEReadCounter.table","NW_015090842.1:10314100",35,84,49
"COG8","s1321_S_PIT_01_ASEReadCounter.table","NW_015090842.1:10314213",34,76,42
"COG8","s1321_S_PIT_01_ASEReadCounter.table","NW_015090842.1:10315093",35,72,37
"COG8","s1321_S_PIT_01_ASEReadCounter.table","NW_015090842.1:10315162",23,59,36
"COG8","s1321_S_PIT_01_ASEReadCounter.table","NW_015090842.1:10315285",44,84,40
"COG8","s1321_S_PIT_01_ASEReadCounter.table","NW_015090842.1:10315360",28,66,38
"COG8","s1321_S_PIT_01_ASEReadCounter.table","NW_015090842.1:10315369",29,68,39
"COG8","s1321_S_PIT_01_ASEReadCounter.table","NW_015090842.1:10315508",17,38,21
"COG8","s1321_S_PIT_01_ASEReadCounter.table","NW_015090842.1:10315624",40,75,35
"COG8","s1321_S_PIT_01_ASEReadCounter.table","NW_015090842.1:10315693",25,67,42
"COG8","s1321_S_PIT_01_ASEReadCounter.table","NW_015090842.1:10315698",28,68,40
"COG8","s1321_S_PIT_01_ASEReadCounter.table","NW_015090842.1:10315768",27,60,33
"COG8","s1321_S_PIT_01_ASEReadCounter.table","NW_015090842.1:10315769",26,59,33
"COG8","s1321_S_PIT_01_ASEReadCounter.table","NW_015090842.1:10315784",23,49,26
"COG8","s1321_S_PIT_01_ASEReadCounter.table","NW_015090842.1:10316093",28,64,36
"COG8","s1321_S_PIT_01_ASEReadCounter.table","NW_015090842.1:10316133",30,56,26
"NIP7","s1321_S_PIT_01_ASEReadCounter.table","NW_015090842.1:10316759",20,31,11
"NIP7","s1321_S_PIT_01_ASEReadCounter.table","NW_015090842.1:10316967",71,154,83
"NIP7","s1321_S_PIT_01_ASEReadCounter.table","NW_015090842.1:10316995",86,183,97
"NIP7","s1321_S_PIT_01_ASEReadCounter.table","NW_015090842.1:10317240",131,247,116
"NIP7","s1321_S_PIT_01_ASEReadCounter.table","NW_015090842.1:10317247",128,239,111
"NIP7","s1321_S_PIT_01_ASEReadCounter.table","NW_015090842.1:10317264",122,222,100
"NIP7","s1321_S_PIT_01_ASEReadCounter.table","NW_015090842.1:10317433",126,246,120
"NIP7","s1321_S_PIT_01_ASEReadCounter.table","NW_015090842.1:10317738",82,178,96
"NIP7","s1321_S_PIT_01_ASEReadCounter.table","NW_015090842.1:10317769",85,170,85
"NIP7","s1321_S_PIT_01_ASEReadCounter.table","NW_015090842.1:10317808",64,131,67
"NIP7","s1321_S_PIT_01_ASEReadCounter.table","NW_015090842.1:10317870",40,88,48
"NIP7","s1321_S_PIT_01_ASEReadCounter.table","NW_015090842.1:10317871",40,85,45
"NIP7","s1321_S_PIT_01_ASEReadCounter.table","NW_015090842.1:10317898",28,52,24
"NIP7","s1321_S_PIT_01_ASEReadCounter.table","NW_015090842.1:10317911",27,48,21
"TMED6","s1321_S_PIT_01_ASEReadCounter.table","NW_015090842.1:10318514",7,10,3
"TMED6","s1321_S_PIT_01_ASEReadCounter.table","NW_015090842.1:10318731",5,5,0
"TERF2","s1321_S_PIT_01_ASEReadCounter.table","NW_015090842.1:10321768",34,69,35
"TERF2","s1321_S_PIT_01_ASEReadCounter.table","NW_015090842.1:10321777",33,68,35
"TERF2","s1321_S_PIT_01_ASEReadCounter.table","NW_015090842.1:10321805",29,61,32
"TERF2","s1321_S_PIT_01_ASEReadCounter.table","NW_015090842.1:10321878",43,100,57
"TERF2","s1321_S_PIT_01_ASEReadCounter.table","NW_015090842.1:10321893",45,103,58
"TERF2","s1321_S_PIT_01_ASEReadCounter.table","NW_015090842.1:10321897",41,92,51
"TERF2","s1321_S_PIT_01_ASEReadCounter.table","NW_015090842.1:10321908",39,89,50
"TERF2","s1321_S_PIT_01_ASEReadCounter.table","NW_015090842.1:10322001",47,118,71
"TERF2","s1321_S_PIT_01_ASEReadCounter.table","NW_015090842.1:10322035",42,106,64
"TERF2","s1321_S_PIT_01_ASEReadCounter.table","NW_015090842.1:10322051",41,116,75
"TERF2","s1321_S_PIT_01_ASEReadCounter.table","NW_015090842.1:10322137",48,106,58
"TERF2","s1321_S_PIT_01_ASEReadCounter.table","NW_015090842.1:10322144",48,108,60
"TERF2","s1321_S_PIT_01_ASEReadCounter.table","NW_015090842.1:10322388",39,114,75
"TERF2","s1321_S_PIT_01_ASEReadCounter.table","NW_015090842.1:10322396",40,113,73
"TERF2","s1321_S_PIT_01_ASEReadCounter.table","NW_015090842.1:10322502",67,129,62
"TERF2","s1321_S_PIT_01_ASEReadCounter.table","NW_015090842.1:10322504",67,131,64
"TERF2","s1321_S_PIT_01_ASEReadCounter.table","NW_015090842.1:10322510",67,133,66
"TERF2","s1321_S_PIT_01_ASEReadCounter.table","NW_015090842.1:10323580",62,136,74
"TERF2","s1321_S_PIT_01_ASEReadCounter.table","NW_015090842.1:10324314",52,122,70
"TERF2","s1321_S_PIT_01_ASEReadCounter.table","NW_015090842.1:10326832",51,115,64
"TERF2","s1321_S_PIT_01_ASEReadCounter.table","NW_015090842.1:10327787",34,73,39
"TERF2","s1321_S_PIT_01_ASEReadCounter.table","NW_015090842.1:10328588",39,92,53
"TERF2","s1321_S_PIT_01_ASEReadCounter.table","NW_015090842.1:10328644",30,76,46
"TERF2","s1321_S_PIT_01_ASEReadCounter.table","NW_015090842.1:10329813",36,76,40
"TERF2","s1321_S_PIT_01_ASEReadCounter.table","NW_015090842.1:10330749",30,63,33
"TERF2","s1321_S_PIT_01_ASEReadCounter.table","NW_015090842.1:10330789",33,64,31
"CYB5B","s1321_S_PIT_01_ASEReadCounter.table","NW_015090842.1:10336595",3,19,16
"CYB5B","s1321_S_PIT_01_ASEReadCounter.table","NW_015090842.1:10336667",101,207,106
"CYB5B","s1321_S_PIT_01_ASEReadCounter.table","NW_015090842.1:10336689",156,311,155
"CYB5B","s1321_S_PIT_01_ASEReadCounter.table","NW_015090842.1:10336728",201,445,244
"CYB5B","s1321_S_PIT_01_ASEReadCounter.table","NW_015090842.1:10345068",204,437,233
"CYB5B","s1321_S_PIT_01_ASEReadCounter.table","NW_015090842.1:10348800",240,533,293
"CYB5B","s1321_S_PIT_01_ASEReadCounter.table","NW_015090842.1:10349046",183,411,228
"CYB5B","s1321_S_PIT_01_ASEReadCounter.table","NW_015090842.1:10349119",105,303,198
"CYB5B","s1321_S_PIT_01_ASEReadCounter.table","NW_015090842.1:10349146",64,265,201
"CYB5B","s1321_S_PIT_01_ASEReadCounter.table","NW_015090842.1:10349157",97,308,211
"CYB5B","s1321_S_PIT_01_ASEReadCounter.table","NW_015090842.1:10349263",286,287,1
