"gene","id","snp","ref_count","total_count","alt_count"
"CENPN","s1321_S_ADR_02_ASEReadCounter.table","NW_015090842.1:5801612",3,8,5
"CENPN","s1321_S_ADR_02_ASEReadCounter.table","NW_015090842.1:5801618",5,10,5
"CENPN","s1321_S_ADR_02_ASEReadCounter.table","NW_015090842.1:5801623",5,10,5
"CENPN","s1321_S_ADR_02_ASEReadCounter.table","NW_015090842.1:5801631",5,10,5
"CENPN","s1321_S_ADR_02_ASEReadCounter.table","NW_015090842.1:5801632",5,10,5
"CENPN","s1321_S_ADR_02_ASEReadCounter.table","NW_015090842.1:5801655",6,10,4
"CENPN","s1321_S_ADR_02_ASEReadCounter.table","NW_015090842.1:5801670",7,11,4
"CENPN","s1321_S_ADR_02_ASEReadCounter.table","NW_015090842.1:5801674",7,11,4
"CENPN","s1321_S_ADR_02_ASEReadCounter.table","NW_015090842.1:5801692",6,10,4
"CENPN","s1321_S_ADR_02_ASEReadCounter.table","NW_015090842.1:5802008",8,16,8
"CENPN","s1321_S_ADR_02_ASEReadCounter.table","NW_015090842.1:5802012",8,16,8
"CENPN","s1321_S_ADR_02_ASEReadCounter.table","NW_015090842.1:5802087",9,17,8
"CENPN","s1321_S_ADR_02_ASEReadCounter.table","NW_015090842.1:5810113",4,5,1
"CENPN","s1321_S_ADR_02_ASEReadCounter.table","NW_015090842.1:5810147",5,6,1
"CENPN","s1321_S_ADR_02_ASEReadCounter.table","NW_015090842.1:5810148",5,6,1
"ATMIN","s1321_S_ADR_02_ASEReadCounter.table","NW_015090842.1:5818789",13,28,15
"ATMIN","s1321_S_ADR_02_ASEReadCounter.table","NW_015090842.1:5819958",22,33,11
"ATMIN","s1321_S_ADR_02_ASEReadCounter.table","NW_015090842.1:5820004",22,36,14
"ATMIN","s1321_S_ADR_02_ASEReadCounter.table","NW_015090842.1:5820217",13,27,14
"ATMIN","s1321_S_ADR_02_ASEReadCounter.table","NW_015090842.1:5820250",21,37,16
"ATMIN","s1321_S_ADR_02_ASEReadCounter.table","NW_015090842.1:5820298",22,39,17
"ATMIN","s1321_S_ADR_02_ASEReadCounter.table","NW_015090842.1:5820417",15,23,8
"ATMIN","s1321_S_ADR_02_ASEReadCounter.table","NW_015090842.1:5820421",12,21,9
"ATMIN","s1321_S_ADR_02_ASEReadCounter.table","NW_015090842.1:5820448",13,23,10
"ATMIN","s1321_S_ADR_02_ASEReadCounter.table","NW_015090842.1:5820457",11,20,9
"ATMIN","s1321_S_ADR_02_ASEReadCounter.table","NW_015090842.1:5820510",20,32,12
"ATMIN","s1321_S_ADR_02_ASEReadCounter.table","NW_015090842.1:5820673",19,33,14
"ATMIN","s1321_S_ADR_02_ASEReadCounter.table","NW_015090842.1:5820754",15,27,12
"ATMIN","s1321_S_ADR_02_ASEReadCounter.table","NW_015090842.1:5820820",16,31,15
"ATMIN","s1321_S_ADR_02_ASEReadCounter.table","NW_015090842.1:5820865",10,23,13
"ATMIN","s1321_S_ADR_02_ASEReadCounter.table","NW_015090842.1:5820889",12,31,19
"ATMIN","s1321_S_ADR_02_ASEReadCounter.table","NW_015090842.1:5820891",12,31,19
"ATMIN","s1321_S_ADR_02_ASEReadCounter.table","NW_015090842.1:5820997",17,32,15
"ATMIN","s1321_S_ADR_02_ASEReadCounter.table","NW_015090842.1:5821063",18,37,19
"ATMIN","s1321_S_ADR_02_ASEReadCounter.table","NW_015090842.1:5821132",25,40,15
"ATMIN","s1321_S_ADR_02_ASEReadCounter.table","NW_015090842.1:5821645",23,41,18
"ATMIN","s1321_S_ADR_02_ASEReadCounter.table","NW_015090842.1:5825066",19,35,16
"ATMIN","s1321_S_ADR_02_ASEReadCounter.table","NW_015090842.1:5825106",14,33,19
"ATMIN","s1321_S_ADR_02_ASEReadCounter.table","NW_015090842.1:5825122",13,31,18
"ATMIN","s1321_S_ADR_02_ASEReadCounter.table","NW_015090842.1:5825178",21,41,20
"ATMIN","s1321_S_ADR_02_ASEReadCounter.table","NW_015090842.1:5825194",20,40,20
"ATMIN","s1321_S_ADR_02_ASEReadCounter.table","NW_015090842.1:5825195",20,39,19
"ATMIN","s1321_S_ADR_02_ASEReadCounter.table","NW_015090842.1:5825220",14,28,14
"ATMIN","s1321_S_ADR_02_ASEReadCounter.table","NW_015090842.1:5825240",16,30,14
"ATMIN","s1321_S_ADR_02_ASEReadCounter.table","NW_015090842.1:5825303",20,39,19
"ATMIN","s1321_S_ADR_02_ASEReadCounter.table","NW_015090842.1:5825304",20,39,19
"ATMIN","s1321_S_ADR_02_ASEReadCounter.table","NW_015090842.1:5825310",20,40,20
"ATMIN","s1321_S_ADR_02_ASEReadCounter.table","NW_015090842.1:5825406",16,32,16
"ATMIN","s1321_S_ADR_02_ASEReadCounter.table","NW_015090842.1:5825415",18,37,19
"ATMIN","s1321_S_ADR_02_ASEReadCounter.table","NW_015090842.1:5825438",20,38,18
"ATMIN","s1321_S_ADR_02_ASEReadCounter.table","NW_015090842.1:5825485",23,42,19
"ATMIN","s1321_S_ADR_02_ASEReadCounter.table","NW_015090842.1:5825524",27,47,20
"ATMIN","s1321_S_ADR_02_ASEReadCounter.table","NW_015090842.1:5825557",19,40,21
"ATMIN","s1321_S_ADR_02_ASEReadCounter.table","NW_015090842.1:5825571",17,35,18
"ATMIN","s1321_S_ADR_02_ASEReadCounter.table","NW_015090842.1:5825579",16,35,19
"ATMIN","s1321_S_ADR_02_ASEReadCounter.table","NW_015090842.1:5825590",10,29,19
"ATMIN","s1321_S_ADR_02_ASEReadCounter.table","NW_015090842.1:5825689",27,52,25
"ATMIN","s1321_S_ADR_02_ASEReadCounter.table","NW_015090842.1:5825703",33,60,27
"ATMIN","s1321_S_ADR_02_ASEReadCounter.table","NW_015090842.1:5825787",23,48,25
"ATMIN","s1321_S_ADR_02_ASEReadCounter.table","NW_015090842.1:5825833",23,47,24
"ATMIN","s1321_S_ADR_02_ASEReadCounter.table","NW_015090842.1:5825841",16,38,22
"ATMIN","s1321_S_ADR_02_ASEReadCounter.table","NW_015090842.1:5825895",24,47,23
"ATMIN","s1321_S_ADR_02_ASEReadCounter.table","NW_015090842.1:5825984",22,43,21
"ATMIN","s1321_S_ADR_02_ASEReadCounter.table","NW_015090842.1:5826162",22,44,22
"ATMIN","s1321_S_ADR_02_ASEReadCounter.table","NW_015090842.1:5826194",23,44,21
"ATMIN","s1321_S_ADR_02_ASEReadCounter.table","NW_015090842.1:5826235",26,51,25
"ATMIN","s1321_S_ADR_02_ASEReadCounter.table","NW_015090842.1:5826245",23,46,23
"ATMIN","s1321_S_ADR_02_ASEReadCounter.table","NW_015090842.1:5826335",11,24,13
"ATMIN","s1321_S_ADR_02_ASEReadCounter.table","NW_015090842.1:5826417",17,29,12
"ATMIN","s1321_S_ADR_02_ASEReadCounter.table","NW_015090842.1:5826431",18,33,15
"ATMIN","s1321_S_ADR_02_ASEReadCounter.table","NW_015090842.1:5826438",20,31,11
"ATMIN","s1321_S_ADR_02_ASEReadCounter.table","NW_015090842.1:5826463",26,46,20
"ATMIN","s1321_S_ADR_02_ASEReadCounter.table","NW_015090842.1:5826502",23,43,20
"ATMIN","s1321_S_ADR_02_ASEReadCounter.table","NW_015090842.1:5826511",24,43,19
"ATMIN","s1321_S_ADR_02_ASEReadCounter.table","NW_015090842.1:5826659",19,40,21
"ATMIN","s1321_S_ADR_02_ASEReadCounter.table","NW_015090842.1:5826701",19,40,21
"ATMIN","s1321_S_ADR_02_ASEReadCounter.table","NW_015090842.1:5826702",19,41,22
"ATMIN","s1321_S_ADR_02_ASEReadCounter.table","NW_015090842.1:5826732",23,44,21
"ATMIN","s1321_S_ADR_02_ASEReadCounter.table","NW_015090842.1:5826745",27,47,20
"ATMIN","s1321_S_ADR_02_ASEReadCounter.table","NW_015090842.1:5826835",17,33,16
"ATMIN","s1321_S_ADR_02_ASEReadCounter.table","NW_015090842.1:5826910",9,17,8
"ATMIN","s1321_S_ADR_02_ASEReadCounter.table","NW_015090842.1:5826942",9,26,17
"ATMIN","s1321_S_ADR_02_ASEReadCounter.table","NW_015090842.1:5827193",21,45,24
"ATMIN","s1321_S_ADR_02_ASEReadCounter.table","NW_015090842.1:5827196",22,46,24
"ATMIN","s1321_S_ADR_02_ASEReadCounter.table","NW_015090842.1:5827269",22,50,28
"ATMIN","s1321_S_ADR_02_ASEReadCounter.table","NW_015090842.1:5827315",18,30,12
"ATMIN","s1321_S_ADR_02_ASEReadCounter.table","NW_015090842.1:5827316",18,32,14
"ATMIN","s1321_S_ADR_02_ASEReadCounter.table","NW_015090842.1:5827333",20,33,13
"PPP1R3E","s1321_S_ADR_02_ASEReadCounter.table","NW_015090842.1:5837733",27,49,22
"PPP1R3E","s1321_S_ADR_02_ASEReadCounter.table","NW_015090842.1:5837947",22,42,20
"PKD1L2","s1321_S_ADR_02_ASEReadCounter.table","NW_015090842.1:5867509",0,1,1
"PKD1L2","s1321_S_ADR_02_ASEReadCounter.table","NW_015090842.1:5867597",2,3,1
"PKD1L2","s1321_S_ADR_02_ASEReadCounter.table","NW_015090842.1:5867600",2,3,1
"PKD1L2","s1321_S_ADR_02_ASEReadCounter.table","NW_015090842.1:5867660",1,3,2
"PKD1L2","s1321_S_ADR_02_ASEReadCounter.table","NW_015090842.1:5867675",2,4,2
"PKD1L2","s1321_S_ADR_02_ASEReadCounter.table","NW_015090842.1:5867788",3,5,2
"PKD1L2","s1321_S_ADR_02_ASEReadCounter.table","NW_015090842.1:5867843",2,6,4
"PKD1L2","s1321_S_ADR_02_ASEReadCounter.table","NW_015090842.1:5872948",2,2,0
"BCO1","s1321_S_ADR_02_ASEReadCounter.table","NW_015090842.1:5915610",4,15,11
"BCO1","s1321_S_ADR_02_ASEReadCounter.table","NW_015090842.1:5915646",6,14,8
"BCO1","s1321_S_ADR_02_ASEReadCounter.table","NW_015090842.1:5917836",7,19,12
"BCO1","s1321_S_ADR_02_ASEReadCounter.table","NW_015090842.1:5917912",47,105,58
"BCO1","s1321_S_ADR_02_ASEReadCounter.table","NW_015090842.1:5917941",70,147,77
"BCO1","s1321_S_ADR_02_ASEReadCounter.table","NW_015090842.1:5917971",87,181,94
"BCO1","s1321_S_ADR_02_ASEReadCounter.table","NW_015090842.1:5921679",88,203,115
"BCO1","s1321_S_ADR_02_ASEReadCounter.table","NW_015090842.1:5921726",99,195,96
"BCO1","s1321_S_ADR_02_ASEReadCounter.table","NW_015090842.1:5925669",60,147,87
"BCO1","s1321_S_ADR_02_ASEReadCounter.table","NW_015090842.1:5925753",76,165,89
"BCO1","s1321_S_ADR_02_ASEReadCounter.table","NW_015090842.1:5926937",68,160,92
"BCO1","s1321_S_ADR_02_ASEReadCounter.table","NW_015090842.1:5927921",73,170,97
"BCO1","s1321_S_ADR_02_ASEReadCounter.table","NW_015090842.1:5927948",62,158,96
"BCO1","s1321_S_ADR_02_ASEReadCounter.table","NW_015090842.1:5927968",63,163,100
"BCO1","s1321_S_ADR_02_ASEReadCounter.table","NW_015090842.1:5928052",60,146,86
"BCO1","s1321_S_ADR_02_ASEReadCounter.table","NW_015090842.1:5932726",101,213,112
"BCO1","s1321_S_ADR_02_ASEReadCounter.table","NW_015090842.1:5932801",76,166,90
"BCO1","s1321_S_ADR_02_ASEReadCounter.table","NW_015090842.1:5934558",65,135,70
"BCO1","s1321_S_ADR_02_ASEReadCounter.table","NW_015090842.1:5934575",69,139,70
"BCO1","s1321_S_ADR_02_ASEReadCounter.table","NW_015090842.1:5934608",72,157,85
"BCO1","s1321_S_ADR_02_ASEReadCounter.table","NW_015090842.1:5934647",58,127,69
"BCO1","s1321_S_ADR_02_ASEReadCounter.table","NW_015090842.1:5934725",42,97,55
"BCO1","s1321_S_ADR_02_ASEReadCounter.table","NW_015090842.1:5934726",42,93,51
"BCO1","s1321_S_ADR_02_ASEReadCounter.table","NW_015090842.1:5934733",35,88,53
"BCO1","s1321_S_ADR_02_ASEReadCounter.table","NW_015090842.1:5934821",44,105,61
"BCO1","s1321_S_ADR_02_ASEReadCounter.table","NW_015090842.1:5934826",41,105,64
"BCO1","s1321_S_ADR_02_ASEReadCounter.table","NW_015090842.1:5934844",24,65,41
"BCO1","s1321_S_ADR_02_ASEReadCounter.table","NW_015090842.1:5934958",51,91,40
"BCO1","s1321_S_ADR_02_ASEReadCounter.table","NW_015090842.1:5934976",48,96,48
"GAN","s1321_S_ADR_02_ASEReadCounter.table","NW_015090842.1:5953759",8,12,4
"GAN","s1321_S_ADR_02_ASEReadCounter.table","NW_015090842.1:5957502",5,17,12
"GAN","s1321_S_ADR_02_ASEReadCounter.table","NW_015090842.1:5957578",7,20,13
"GAN","s1321_S_ADR_02_ASEReadCounter.table","NW_015090842.1:5965028",8,15,7
"GAN","s1321_S_ADR_02_ASEReadCounter.table","NW_015090842.1:5966047",7,16,9
"GAN","s1321_S_ADR_02_ASEReadCounter.table","NW_015090842.1:5966126",4,10,6
"GAN","s1321_S_ADR_02_ASEReadCounter.table","NW_015090842.1:5966127",4,10,6
"GAN","s1321_S_ADR_02_ASEReadCounter.table","NW_015090842.1:5966162",10,20,10
"GAN","s1321_S_ADR_02_ASEReadCounter.table","NW_015090842.1:5966483",8,15,7
"CMIP","s1321_S_ADR_02_ASEReadCounter.table","NW_015090842.1:6109159",16,27,11
"CMIP","s1321_S_ADR_02_ASEReadCounter.table","NW_015090842.1:6109166",17,28,11
"CMIP","s1321_S_ADR_02_ASEReadCounter.table","NW_015090842.1:6114641",29,47,18
"CMIP","s1321_S_ADR_02_ASEReadCounter.table","NW_015090842.1:6114751",12,29,17
"CMIP","s1321_S_ADR_02_ASEReadCounter.table","NW_015090842.1:6114824",13,27,14
"CMIP","s1321_S_ADR_02_ASEReadCounter.table","NW_015090842.1:6128998",21,34,13
"CMIP","s1321_S_ADR_02_ASEReadCounter.table","NW_015090842.1:6130562",42,70,28
"CMIP","s1321_S_ADR_02_ASEReadCounter.table","NW_015090842.1:6132522",26,38,12
"CMIP","s1321_S_ADR_02_ASEReadCounter.table","NW_015090842.1:6134088",27,43,16
"CMIP","s1321_S_ADR_02_ASEReadCounter.table","NW_015090842.1:6138265",17,28,11
"CMIP","s1321_S_ADR_02_ASEReadCounter.table","NW_015090842.1:6138300",15,28,13
"CMIP","s1321_S_ADR_02_ASEReadCounter.table","NW_015090842.1:6138342",15,34,19
"CMIP","s1321_S_ADR_02_ASEReadCounter.table","NW_015090842.1:6138343",15,35,20
"CMIP","s1321_S_ADR_02_ASEReadCounter.table","NW_015090842.1:6138345",14,33,19
"CMIP","s1321_S_ADR_02_ASEReadCounter.table","NW_015090842.1:6138647",18,33,15
"CMIP","s1321_S_ADR_02_ASEReadCounter.table","NW_015090842.1:6138745",22,39,17
"CMIP","s1321_S_ADR_02_ASEReadCounter.table","NW_015090842.1:6138832",2,9,7
"CMIP","s1321_S_ADR_02_ASEReadCounter.table","NW_015090842.1:6138967",16,30,14
"CMIP","s1321_S_ADR_02_ASEReadCounter.table","NW_015090842.1:6139131",6,15,9
"CMIP","s1321_S_ADR_02_ASEReadCounter.table","NW_015090842.1:6139163",2,12,10
"CMIP","s1321_S_ADR_02_ASEReadCounter.table","NW_015090842.1:6139360",7,8,1
"CMIP","s1321_S_ADR_02_ASEReadCounter.table","NW_015090842.1:6139572",4,4,0
"CMIP","s1321_S_ADR_02_ASEReadCounter.table","NW_015090842.1:6139773",4,6,2
"PLCG2","s1321_S_ADR_02_ASEReadCounter.table","NW_015090842.1:6179613",8,12,4
"PLCG2","s1321_S_ADR_02_ASEReadCounter.table","NW_015090842.1:6179658",12,20,8
"PLCG2","s1321_S_ADR_02_ASEReadCounter.table","NW_015090842.1:6203766",27,50,23
"PLCG2","s1321_S_ADR_02_ASEReadCounter.table","NW_015090842.1:6203775",26,49,23
"PLCG2","s1321_S_ADR_02_ASEReadCounter.table","NW_015090842.1:6203787",24,45,21
"PLCG2","s1321_S_ADR_02_ASEReadCounter.table","NW_015090842.1:6205047",27,57,30
"PLCG2","s1321_S_ADR_02_ASEReadCounter.table","NW_015090842.1:6208541",22,56,34
"PLCG2","s1321_S_ADR_02_ASEReadCounter.table","NW_015090842.1:6209741",26,56,30
"PLCG2","s1321_S_ADR_02_ASEReadCounter.table","NW_015090842.1:6209798",29,60,31
"PLCG2","s1321_S_ADR_02_ASEReadCounter.table","NW_015090842.1:6209816",26,59,33
"PLCG2","s1321_S_ADR_02_ASEReadCounter.table","NW_015090842.1:6217547",25,62,37
"PLCG2","s1321_S_ADR_02_ASEReadCounter.table","NW_015090842.1:6218641",26,59,33
"PLCG2","s1321_S_ADR_02_ASEReadCounter.table","NW_015090842.1:6220552",19,46,27
"PLCG2","s1321_S_ADR_02_ASEReadCounter.table","NW_015090842.1:6221969",29,72,43
"PLCG2","s1321_S_ADR_02_ASEReadCounter.table","NW_015090842.1:6228672",25,52,27
"PLCG2","s1321_S_ADR_02_ASEReadCounter.table","NW_015090842.1:6228694",26,50,24
"PLCG2","s1321_S_ADR_02_ASEReadCounter.table","NW_015090842.1:6228722",29,65,36
"PLCG2","s1321_S_ADR_02_ASEReadCounter.table","NW_015090842.1:6228747",20,59,39
"PLCG2","s1321_S_ADR_02_ASEReadCounter.table","NW_015090842.1:6228835",26,59,33
"PLCG2","s1321_S_ADR_02_ASEReadCounter.table","NW_015090842.1:6228841",25,64,39
"PLCG2","s1321_S_ADR_02_ASEReadCounter.table","NW_015090842.1:6228865",25,62,37
"PLCG2","s1321_S_ADR_02_ASEReadCounter.table","NW_015090842.1:6228917",33,66,33
"PLCG2","s1321_S_ADR_02_ASEReadCounter.table","NW_015090842.1:6228926",33,64,31
"PLCG2","s1321_S_ADR_02_ASEReadCounter.table","NW_015090842.1:6228954",30,49,19
"PLCG2","s1321_S_ADR_02_ASEReadCounter.table","NW_015090842.1:6229002",31,54,23
"PLCG2","s1321_S_ADR_02_ASEReadCounter.table","NW_015090842.1:6229006",30,52,22
"PLCG2","s1321_S_ADR_02_ASEReadCounter.table","NW_015090842.1:6229081",22,38,16
"PLCG2","s1321_S_ADR_02_ASEReadCounter.table","NW_015090842.1:6229097",13,25,12
"PLCG2","s1321_S_ADR_02_ASEReadCounter.table","NW_015090842.1:6229160",17,27,10
"PLCG2","s1321_S_ADR_02_ASEReadCounter.table","NW_015090842.1:6229213",21,28,7
"PLCG2","s1321_S_ADR_02_ASEReadCounter.table","NW_015090842.1:6229231",23,34,11
"PLCG2","s1321_S_ADR_02_ASEReadCounter.table","NW_015090842.1:6229663",21,43,22
"PLCG2","s1321_S_ADR_02_ASEReadCounter.table","NW_015090842.1:6229748",22,41,19
"PLCG2","s1321_S_ADR_02_ASEReadCounter.table","NW_015090842.1:6229892",24,38,14
"PLCG2","s1321_S_ADR_02_ASEReadCounter.table","NW_015090842.1:6230248",8,20,12
"PLCG2","s1321_S_ADR_02_ASEReadCounter.table","NW_015090842.1:6230255",8,24,16
"PLCG2","s1321_S_ADR_02_ASEReadCounter.table","NW_015090842.1:6230296",7,25,18
"PLCG2","s1321_S_ADR_02_ASEReadCounter.table","NW_015090842.1:6230349",23,40,17
"PLCG2","s1321_S_ADR_02_ASEReadCounter.table","NW_015090842.1:6230381",26,35,9
"PLCG2","s1321_S_ADR_02_ASEReadCounter.table","NW_015090842.1:6230408",31,44,13
"PLCG2","s1321_S_ADR_02_ASEReadCounter.table","NW_015090842.1:6230439",21,34,13
"PLCG2","s1321_S_ADR_02_ASEReadCounter.table","NW_015090842.1:6230757",5,11,6
"PLCG2","s1321_S_ADR_02_ASEReadCounter.table","NW_015090842.1:6230758",5,11,6
"PLCG2","s1321_S_ADR_02_ASEReadCounter.table","NW_015090842.1:6230898",18,32,14
"PLCG2","s1321_S_ADR_02_ASEReadCounter.table","NW_015090842.1:6230976",16,32,16
"PLCG2","s1321_S_ADR_02_ASEReadCounter.table","NW_015090842.1:6231078",28,45,17
"PLCG2","s1321_S_ADR_02_ASEReadCounter.table","NW_015090842.1:6231138",31,54,23
"PLCG2","s1321_S_ADR_02_ASEReadCounter.table","NW_015090842.1:6231177",30,45,15
"PLCG2","s1321_S_ADR_02_ASEReadCounter.table","NW_015090842.1:6231263",22,29,7
"PLCG2","s1321_S_ADR_02_ASEReadCounter.table","NW_015090842.1:6231309",20,26,6
"SDR42E1","s1321_S_ADR_02_ASEReadCounter.table","NW_015090842.1:6235292",0,6,6
"SDR42E1","s1321_S_ADR_02_ASEReadCounter.table","NW_015090842.1:6235315",0,9,9
"SDR42E1","s1321_S_ADR_02_ASEReadCounter.table","NW_015090842.1:6235348",1,14,13
"SDR42E1","s1321_S_ADR_02_ASEReadCounter.table","NW_015090842.1:6235355",1,16,15
"SDR42E1","s1321_S_ADR_02_ASEReadCounter.table","NW_015090842.1:6235417",6,24,18
"SDR42E1","s1321_S_ADR_02_ASEReadCounter.table","NW_015090842.1:6235526",28,28,0
"SDR42E1","s1321_S_ADR_02_ASEReadCounter.table","NW_015090842.1:6235558",5,26,21
"SDR42E1","s1321_S_ADR_02_ASEReadCounter.table","NW_015090842.1:6235603",22,22,0
"SDR42E1","s1321_S_ADR_02_ASEReadCounter.table","NW_015090842.1:6235741",17,44,27
"SDR42E1","s1321_S_ADR_02_ASEReadCounter.table","NW_015090842.1:6235777",15,36,21
"SDR42E1","s1321_S_ADR_02_ASEReadCounter.table","NW_015090842.1:6235806",17,42,25
"SDR42E1","s1321_S_ADR_02_ASEReadCounter.table","NW_015090842.1:6235809",18,44,26
"SDR42E1","s1321_S_ADR_02_ASEReadCounter.table","NW_015090842.1:6235816",18,41,23
"SDR42E1","s1321_S_ADR_02_ASEReadCounter.table","NW_015090842.1:6235914",13,39,26
"SDR42E1","s1321_S_ADR_02_ASEReadCounter.table","NW_015090842.1:6235935",17,42,25
"SDR42E1","s1321_S_ADR_02_ASEReadCounter.table","NW_015090842.1:6235957",17,39,22
"SDR42E1","s1321_S_ADR_02_ASEReadCounter.table","NW_015090842.1:6236040",11,31,20
"SDR42E1","s1321_S_ADR_02_ASEReadCounter.table","NW_015090842.1:6236260",7,22,15
"SDR42E1","s1321_S_ADR_02_ASEReadCounter.table","NW_015090842.1:6236281",7,21,14
"SDR42E1","s1321_S_ADR_02_ASEReadCounter.table","NW_015090842.1:6236305",9,25,16
"SDR42E1","s1321_S_ADR_02_ASEReadCounter.table","NW_015090842.1:6236458",18,31,13
"SDR42E1","s1321_S_ADR_02_ASEReadCounter.table","NW_015090842.1:6236476",22,41,19
"SDR42E1","s1321_S_ADR_02_ASEReadCounter.table","NW_015090842.1:6236608",21,36,15
"SDR42E1","s1321_S_ADR_02_ASEReadCounter.table","NW_015090842.1:6238244",11,25,14
"SDR42E1","s1321_S_ADR_02_ASEReadCounter.table","NW_015090842.1:6238829",3,8,5
"HSD17B2","s1321_S_ADR_02_ASEReadCounter.table","NW_015090842.1:6257670",1,2,1
"HSD17B2","s1321_S_ADR_02_ASEReadCounter.table","NW_015090842.1:6257684",1,2,1
"HSD17B2","s1321_S_ADR_02_ASEReadCounter.table","NW_015090842.1:6257829",1,3,2
"HSD17B2","s1321_S_ADR_02_ASEReadCounter.table","NW_015090842.1:6262974",0,1,1
"HSD17B2","s1321_S_ADR_02_ASEReadCounter.table","NW_015090842.1:6266125",0,1,1
"HSD17B2","s1321_S_ADR_02_ASEReadCounter.table","NW_015090842.1:6266135",0,1,1
"HSD17B2","s1321_S_ADR_02_ASEReadCounter.table","NW_015090842.1:6266795",0,1,1
"HSD17B2","s1321_S_ADR_02_ASEReadCounter.table","NW_015090842.1:6266918",0,1,1
"HSD17B2","s1321_S_ADR_02_ASEReadCounter.table","NW_015090842.1:6267196",0,1,1
"HSD17B2","s1321_S_ADR_02_ASEReadCounter.table","NW_015090842.1:6267273",0,1,1
"HSD17B2","s1321_S_ADR_02_ASEReadCounter.table","NW_015090842.1:6267913",0,2,2
"HSD17B2","s1321_S_ADR_02_ASEReadCounter.table","NW_015090842.1:6268098",0,1,1
"ARY2","s1321_S_ADR_02_ASEReadCounter.table","NW_015090842.1:6303922",14,23,9
"ARY2","s1321_S_ADR_02_ASEReadCounter.table","NW_015090842.1:6303954",26,49,23
"ARY2","s1321_S_ADR_02_ASEReadCounter.table","NW_015090842.1:6303979",25,50,25
"ARY2","s1321_S_ADR_02_ASEReadCounter.table","NW_015090842.1:6305848",21,45,24
"ARY2","s1321_S_ADR_02_ASEReadCounter.table","NW_015090842.1:6305856",23,45,22
"ARY2","s1321_S_ADR_02_ASEReadCounter.table","NW_015090842.1:6305857",23,46,23
"ARY2","s1321_S_ADR_02_ASEReadCounter.table","NW_015090842.1:6306017",16,48,32
"ARY2","s1321_S_ADR_02_ASEReadCounter.table","NW_015090842.1:6306052",16,42,26
"ARY2","s1321_S_ADR_02_ASEReadCounter.table","NW_015090842.1:6306094",20,50,30
"ARY2","s1321_S_ADR_02_ASEReadCounter.table","NW_015090842.1:6306100",21,52,31
"ARY2","s1321_S_ADR_02_ASEReadCounter.table","NW_015090842.1:6306146",22,53,31
"ARY2","s1321_S_ADR_02_ASEReadCounter.table","NW_015090842.1:6306147",23,52,29
"ARY2","s1321_S_ADR_02_ASEReadCounter.table","NW_015090842.1:6306390",23,46,23
"ARY2","s1321_S_ADR_02_ASEReadCounter.table","NW_015090842.1:6306567",15,38,23
"ARY2","s1321_S_ADR_02_ASEReadCounter.table","NW_015090842.1:6306705",12,27,15
"ARY2","s1321_S_ADR_02_ASEReadCounter.table","NW_015090842.1:6306713",27,27,0
"ARY2","s1321_S_ADR_02_ASEReadCounter.table","NW_015090842.1:6306773",16,30,14
"ARY2","s1321_S_ADR_02_ASEReadCounter.table","NW_015090842.1:6307039",25,50,25
"ARY2","s1321_S_ADR_02_ASEReadCounter.table","NW_015090842.1:6307043",25,53,28
"ARY2","s1321_S_ADR_02_ASEReadCounter.table","NW_015090842.1:6307093",15,35,20
"ARY2","s1321_S_ADR_02_ASEReadCounter.table","NW_015090842.1:6307138",10,32,22
"ARY2","s1321_S_ADR_02_ASEReadCounter.table","NW_015090842.1:6307157",13,34,21
"ARY2","s1321_S_ADR_02_ASEReadCounter.table","NW_015090842.1:6307187",18,38,20
"ARY2","s1321_S_ADR_02_ASEReadCounter.table","NW_015090842.1:6307278",22,38,16
"ARY2","s1321_S_ADR_02_ASEReadCounter.table","NW_015090842.1:6307305",22,35,13
"ARY2","s1321_S_ADR_02_ASEReadCounter.table","NW_015090842.1:6307318",19,35,16
"ARY2","s1321_S_ADR_02_ASEReadCounter.table","NW_015090842.1:6307429",20,41,21
"ARY2","s1321_S_ADR_02_ASEReadCounter.table","NW_015090842.1:6307487",18,44,26
"ARY2","s1321_S_ADR_02_ASEReadCounter.table","NW_015090842.1:6307670",8,14,6
"ARYL","s1321_S_ADR_02_ASEReadCounter.table","NW_015090842.1:6313360",6,11,5
"ARYL","s1321_S_ADR_02_ASEReadCounter.table","NW_015090842.1:6313377",7,12,5
"ARYL","s1321_S_ADR_02_ASEReadCounter.table","NW_015090842.1:6313767",11,15,4
"ARY1","s1321_S_ADR_02_ASEReadCounter.table","NW_015090842.1:6313909",15,15,0
"ARY1","s1321_S_ADR_02_ASEReadCounter.table","NW_015090842.1:6314296",11,19,8
"ARY1","s1321_S_ADR_02_ASEReadCounter.table","NW_015090842.1:6314541",10,17,7
"ARY1","s1321_S_ADR_02_ASEReadCounter.table","NW_015090842.1:6314597",17,24,7
"ARY1","s1321_S_ADR_02_ASEReadCounter.table","NW_015090842.1:6314750",15,20,5
"ARY1","s1321_S_ADR_02_ASEReadCounter.table","NW_015090842.1:6314794",15,23,8
"ARY1","s1321_S_ADR_02_ASEReadCounter.table","NW_015090842.1:6314827",15,23,8
"ARY1","s1321_S_ADR_02_ASEReadCounter.table","NW_015090842.1:6314843",15,15,0
"ARY1","s1321_S_ADR_02_ASEReadCounter.table","NW_015090842.1:6314859",11,21,10
"ARY1","s1321_S_ADR_02_ASEReadCounter.table","NW_015090842.1:6314886",10,24,14
"ARY1","s1321_S_ADR_02_ASEReadCounter.table","NW_015090842.1:6314943",33,33,0
"ARY1","s1321_S_ADR_02_ASEReadCounter.table","NW_015090842.1:6314949",31,31,0
"ARY1","s1321_S_ADR_02_ASEReadCounter.table","NW_015090842.1:6315022",15,27,12
"ARY1","s1321_S_ADR_02_ASEReadCounter.table","NW_015090842.1:6315026",17,30,13
"ARY1","s1321_S_ADR_02_ASEReadCounter.table","NW_015090842.1:6315043",15,28,13
"ARY1","s1321_S_ADR_02_ASEReadCounter.table","NW_015090842.1:6315065",14,27,13
"ARY1","s1321_S_ADR_02_ASEReadCounter.table","NW_015090842.1:6315409",7,17,10
"ARY1","s1321_S_ADR_02_ASEReadCounter.table","NW_015090842.1:6315479",3,13,10
"ARY1","s1321_S_ADR_02_ASEReadCounter.table","NW_015090842.1:6318342",88,133,45
"ARY1","s1321_S_ADR_02_ASEReadCounter.table","NW_015090842.1:6318427",93,152,59
"ARY1","s1321_S_ADR_02_ASEReadCounter.table","NW_015090842.1:6318603",93,129,36
"ARY1","s1321_S_ADR_02_ASEReadCounter.table","NW_015090842.1:6318708",88,135,47
"ARY1","s1321_S_ADR_02_ASEReadCounter.table","NW_015090842.1:6318858",115,168,53
"ARY1","s1321_S_ADR_02_ASEReadCounter.table","NW_015090842.1:6318952",87,134,47
"MPHOSPH6","s1321_S_ADR_02_ASEReadCounter.table","NW_015090842.1:6324063",18,46,28
"MPHOSPH6","s1321_S_ADR_02_ASEReadCounter.table","NW_015090842.1:6324174",43,85,42
"MPHOSPH6","s1321_S_ADR_02_ASEReadCounter.table","NW_015090842.1:6324270",54,122,68
"MPHOSPH6","s1321_S_ADR_02_ASEReadCounter.table","NW_015090842.1:6324762",80,176,96
"MPHOSPH6","s1321_S_ADR_02_ASEReadCounter.table","NW_015090842.1:6324772",73,153,80
"MPHOSPH6","s1321_S_ADR_02_ASEReadCounter.table","NW_015090842.1:6324780",69,155,86
"MPHOSPH6","s1321_S_ADR_02_ASEReadCounter.table","NW_015090842.1:6324902",114,231,117
"MPHOSPH6","s1321_S_ADR_02_ASEReadCounter.table","NW_015090842.1:6324910",222,222,0
"MPHOSPH6","s1321_S_ADR_02_ASEReadCounter.table","NW_015090842.1:6325066",91,197,106
"MPHOSPH6","s1321_S_ADR_02_ASEReadCounter.table","NW_015090842.1:6325089",113,230,117
"MPHOSPH6","s1321_S_ADR_02_ASEReadCounter.table","NW_015090842.1:6325298",128,273,145
"MPHOSPH6","s1321_S_ADR_02_ASEReadCounter.table","NW_015090842.1:6325877",114,241,127
"MPHOSPH6","s1321_S_ADR_02_ASEReadCounter.table","NW_015090842.1:6326976",76,172,96
"CDH13","s1321_S_ADR_02_ASEReadCounter.table","NW_015090842.1:6662283",47,59,12
"CDH13","s1321_S_ADR_02_ASEReadCounter.table","NW_015090842.1:6693665",49,68,19
"CDH13","s1321_S_ADR_02_ASEReadCounter.table","NW_015090842.1:6693697",54,74,20
"CDH13","s1321_S_ADR_02_ASEReadCounter.table","NW_015090842.1:6693712",45,65,20
"CDH13","s1321_S_ADR_02_ASEReadCounter.table","NW_015090842.1:6693723",39,56,17
"CDH13","s1321_S_ADR_02_ASEReadCounter.table","NW_015090842.1:6693738",41,56,15
"CDH13","s1321_S_ADR_02_ASEReadCounter.table","NW_015090842.1:6823730",52,68,16
"CDH13","s1321_S_ADR_02_ASEReadCounter.table","NW_015090842.1:6889713",53,64,11
"CDH13","s1321_S_ADR_02_ASEReadCounter.table","NW_015090842.1:6955167",53,75,22
"MLYCD","s1321_S_ADR_02_ASEReadCounter.table","NW_015090842.1:7150054",22,54,32
"MLYCD","s1321_S_ADR_02_ASEReadCounter.table","NW_015090842.1:7150131",41,91,50
"MLYCD","s1321_S_ADR_02_ASEReadCounter.table","NW_015090842.1:7150585",63,111,48
"MLYCD","s1321_S_ADR_02_ASEReadCounter.table","NW_015090842.1:7150686",35,68,33
"MLYCD","s1321_S_ADR_02_ASEReadCounter.table","NW_015090842.1:7150696",38,74,36
"MLYCD","s1321_S_ADR_02_ASEReadCounter.table","NW_015090842.1:7150698",74,74,0
"MLYCD","s1321_S_ADR_02_ASEReadCounter.table","NW_015090842.1:7150869",44,97,53
"MLYCD","s1321_S_ADR_02_ASEReadCounter.table","NW_015090842.1:7151100",58,123,65
"MLYCD","s1321_S_ADR_02_ASEReadCounter.table","NW_015090842.1:7151127",60,122,62
"MLYCD","s1321_S_ADR_02_ASEReadCounter.table","NW_015090842.1:7157538",55,107,52
"MLYCD","s1321_S_ADR_02_ASEReadCounter.table","NW_015090842.1:7167662",24,56,32
"MLYCD","s1321_S_ADR_02_ASEReadCounter.table","NW_015090842.1:7167675",27,61,34
"MLYCD","s1321_S_ADR_02_ASEReadCounter.table","NW_015090842.1:7167710",28,62,34
"MLYCD","s1321_S_ADR_02_ASEReadCounter.table","NW_015090842.1:7167781",19,39,20
"MLYCD","s1321_S_ADR_02_ASEReadCounter.table","NW_015090842.1:7167803",16,27,11
"MLYCD","s1321_S_ADR_02_ASEReadCounter.table","NW_015090842.1:7167812",16,30,14
"MLYCD","s1321_S_ADR_02_ASEReadCounter.table","NW_015090842.1:7167845",17,38,21
"MLYCD","s1321_S_ADR_02_ASEReadCounter.table","NW_015090842.1:7167862",17,36,19
"MLYCD","s1321_S_ADR_02_ASEReadCounter.table","NW_015090842.1:7167929",15,36,21
"MLYCD","s1321_S_ADR_02_ASEReadCounter.table","NW_015090842.1:7167995",15,36,21
"MLYCD","s1321_S_ADR_02_ASEReadCounter.table","NW_015090842.1:7168005",15,36,21
"MLYCD","s1321_S_ADR_02_ASEReadCounter.table","NW_015090842.1:7168037",9,26,17
"HSBP1","s1321_S_ADR_02_ASEReadCounter.table","NW_015090842.1:7245192",146,290,144
"HSBP1","s1321_S_ADR_02_ASEReadCounter.table","NW_015090842.1:7245226",199,390,191
"HSBP1","s1321_S_ADR_02_ASEReadCounter.table","NW_015090842.1:7245257",172,331,159
"HSBP1","s1321_S_ADR_02_ASEReadCounter.table","NW_015090842.1:7245296",154,306,152
"HSBP1","s1321_S_ADR_02_ASEReadCounter.table","NW_015090842.1:7245389",243,455,212
"HSBP1","s1321_S_ADR_02_ASEReadCounter.table","NW_015090842.1:7245400",248,450,202
"HSBP1","s1321_S_ADR_02_ASEReadCounter.table","NW_015090842.1:7245445",226,442,216
"HSBP1","s1321_S_ADR_02_ASEReadCounter.table","NW_015090842.1:7245495",211,409,198
"HSBP1","s1321_S_ADR_02_ASEReadCounter.table","NW_015090842.1:7245515",225,432,207
"HSBP1","s1321_S_ADR_02_ASEReadCounter.table","NW_015090842.1:7245733",149,327,178
"HSBP1","s1321_S_ADR_02_ASEReadCounter.table","NW_015090842.1:7245771",175,337,162
"HSBP1","s1321_S_ADR_02_ASEReadCounter.table","NW_015090842.1:7245813",181,328,147
"HSBP1","s1321_S_ADR_02_ASEReadCounter.table","NW_015090842.1:7245926",206,378,172
"HSBP1","s1321_S_ADR_02_ASEReadCounter.table","NW_015090842.1:7245927",206,380,174
"HSBP1","s1321_S_ADR_02_ASEReadCounter.table","NW_015090842.1:7245933",202,368,166
"HSBP1","s1321_S_ADR_02_ASEReadCounter.table","NW_015090842.1:7246002",182,354,172
"HSBP1","s1321_S_ADR_02_ASEReadCounter.table","NW_015090842.1:7246094",227,432,205
"HSBP1","s1321_S_ADR_02_ASEReadCounter.table","NW_015090842.1:7246167",218,403,185
"HSBP1","s1321_S_ADR_02_ASEReadCounter.table","NW_015090842.1:7246183",204,397,193
"HSBP1","s1321_S_ADR_02_ASEReadCounter.table","NW_015090842.1:7247285",44,63,19
"HSBP1","s1321_S_ADR_02_ASEReadCounter.table","NW_015090842.1:7247651",391,867,476
"HSBP1","s1321_S_ADR_02_ASEReadCounter.table","NW_015090842.1:7247657",411,899,488
"HSBP1","s1321_S_ADR_02_ASEReadCounter.table","NW_015090842.1:7248520",305,618,313
"HSBP1","s1321_S_ADR_02_ASEReadCounter.table","NW_015090842.1:7248535",258,495,237
"KCNG4","s1321_S_ADR_02_ASEReadCounter.table","NW_015090842.1:7282481",1,3,2
"KCNG4","s1321_S_ADR_02_ASEReadCounter.table","NW_015090842.1:7282500",1,2,1
"KCNG4","s1321_S_ADR_02_ASEReadCounter.table","NW_015090842.1:7282542",0,1,1
"KCNG4","s1321_S_ADR_02_ASEReadCounter.table","NW_015090842.1:7282630",1,1,0
"KCNG4","s1321_S_ADR_02_ASEReadCounter.table","NW_015090842.1:7282760",0,1,1
"KCNG4","s1321_S_ADR_02_ASEReadCounter.table","NW_015090842.1:7283056",0,1,1
"KCNG4","s1321_S_ADR_02_ASEReadCounter.table","NW_015090842.1:7283245",1,2,1
"KCNG4","s1321_S_ADR_02_ASEReadCounter.table","NW_015090842.1:7299491",1,4,3
"KCNG4","s1321_S_ADR_02_ASEReadCounter.table","NW_015090842.1:7301195",2,2,0
"KCNG4","s1321_S_ADR_02_ASEReadCounter.table","NW_015090842.1:7301227",2,3,1
"KCNG4","s1321_S_ADR_02_ASEReadCounter.table","NW_015090842.1:7301240",2,3,1
"KCNG4","s1321_S_ADR_02_ASEReadCounter.table","NW_015090842.1:7301413",2,3,1
"WFDC1","s1321_S_ADR_02_ASEReadCounter.table","NW_015090842.1:7366517",16,32,16
"ATP2C2","s1321_S_ADR_02_ASEReadCounter.table","NW_015090842.1:7413747",3,10,7
"TLDC1","s1321_S_ADR_02_ASEReadCounter.table","NW_015090842.1:7421997",95,184,89
"COTL1","s1321_S_ADR_02_ASEReadCounter.table","NW_015090842.1:7490707",306,597,291
"COTL1","s1321_S_ADR_02_ASEReadCounter.table","NW_015090842.1:7490708",303,595,292
"COTL1","s1321_S_ADR_02_ASEReadCounter.table","NW_015090842.1:7490711",308,606,298
"COTL1","s1321_S_ADR_02_ASEReadCounter.table","NW_015090842.1:7490739",291,602,311
"COTL1","s1321_S_ADR_02_ASEReadCounter.table","NW_015090842.1:7490785",318,619,301
"COTL1","s1321_S_ADR_02_ASEReadCounter.table","NW_015090842.1:7490820",37,400,363
"COTL1","s1321_S_ADR_02_ASEReadCounter.table","NW_015090842.1:7490846",586,586,0
"COTL1","s1321_S_ADR_02_ASEReadCounter.table","NW_015090842.1:7505571",1,1,0
"COTL1","s1321_S_ADR_02_ASEReadCounter.table","NW_015090842.1:7505672",2,3,1
"KLHL36","s1321_S_ADR_02_ASEReadCounter.table","NW_015090842.1:7526337",26,45,19
"KLHL36","s1321_S_ADR_02_ASEReadCounter.table","NW_015090842.1:7537681",29,29,0
"USP10","s1321_S_ADR_02_ASEReadCounter.table","NW_015090842.1:7572213",96,182,86
"USP10","s1321_S_ADR_02_ASEReadCounter.table","NW_015090842.1:7572358",130,130,0
"CRISPLD2","s1321_S_ADR_02_ASEReadCounter.table","NW_015090842.1:7619796",98,183,85
"CRISPLD2","s1321_S_ADR_02_ASEReadCounter.table","NW_015090842.1:7630779",167,167,0
"CRISPLD2","s1321_S_ADR_02_ASEReadCounter.table","NW_015090842.1:7633611",227,227,0
"CRISPLD2","s1321_S_ADR_02_ASEReadCounter.table","NW_015090842.1:7633787",95,214,119
"CRISPLD2","s1321_S_ADR_02_ASEReadCounter.table","NW_015090842.1:7634023",73,143,70
"CRISPLD2","s1321_S_ADR_02_ASEReadCounter.table","NW_015090842.1:7634620",182,182,0
"CRISPLD2","s1321_S_ADR_02_ASEReadCounter.table","NW_015090842.1:7636315",19,29,10
"LOC106888312","s1321_S_ADR_02_ASEReadCounter.table","NW_015090842.1:7732198",19,19,0
"MTHFSD","s1321_S_ADR_02_ASEReadCounter.table","NW_015090842.1:8152578",16,27,11
"DUSP15","s1321_S_ADR_02_ASEReadCounter.table","NW_015090842.1:8422840",7,9,2
"DUSP15","s1321_S_ADR_02_ASEReadCounter.table","NW_015090842.1:8431988",0,2,2
"EMC8","s1321_S_ADR_02_ASEReadCounter.table","NW_015090842.1:8452385",16,26,10
"GINS2","s1321_S_ADR_02_ASEReadCounter.table","NW_015090842.1:8467469",31,31,0
"GINS2","s1321_S_ADR_02_ASEReadCounter.table","NW_015090842.1:8470290",30,66,36
"GINS2","s1321_S_ADR_02_ASEReadCounter.table","NW_015090842.1:8470305",31,60,29
"GINS2","s1321_S_ADR_02_ASEReadCounter.table","NW_015090842.1:8470376",31,60,29
"GINS2","s1321_S_ADR_02_ASEReadCounter.table","NW_015090842.1:8471057",4,7,3
"GSE1","s1321_S_ADR_02_ASEReadCounter.table","NW_015090842.1:8483570",4,4,0
"KIAA0513","s1321_S_ADR_02_ASEReadCounter.table","NW_015090842.1:8674736",171,171,0
"KIAA0513","s1321_S_ADR_02_ASEReadCounter.table","NW_015090842.1:8687268",0,2,2
"KIAA0513","s1321_S_ADR_02_ASEReadCounter.table","NW_015090842.1:8693655",40,40,0
"ZCCHC14","s1321_S_ADR_02_ASEReadCounter.table","NW_015090842.1:8750189",58,58,0
"JPH3","s1321_S_ADR_02_ASEReadCounter.table","NW_015090842.1:8872294",5,10,5
"KLHDC4","s1321_S_ADR_02_ASEReadCounter.table","NW_015090842.1:8891175",146,146,0
"KLHDC4","s1321_S_ADR_02_ASEReadCounter.table","NW_015090842.1:8905251",71,112,41
"KLHDC4","s1321_S_ADR_02_ASEReadCounter.table","NW_015090842.1:8919630",14,23,9
"SLC7A5","s1321_S_ADR_02_ASEReadCounter.table","NW_015090842.1:8940382",83,83,0
"SLC7A5","s1321_S_ADR_02_ASEReadCounter.table","NW_015090842.1:8941818",86,86,0
"SLC7A5","s1321_S_ADR_02_ASEReadCounter.table","NW_015090842.1:8944655",89,89,0
"CA5A","s1321_S_ADR_02_ASEReadCounter.table","NW_015090842.1:8989479",71,154,83
"CA5A","s1321_S_ADR_02_ASEReadCounter.table","NW_015090842.1:8989562",97,180,83
"CA5A","s1321_S_ADR_02_ASEReadCounter.table","NW_015090842.1:8989609",116,220,104
"CA5A","s1321_S_ADR_02_ASEReadCounter.table","NW_015090842.1:8989693",110,230,120
"CA5A","s1321_S_ADR_02_ASEReadCounter.table","NW_015090842.1:8989702",118,240,122
"CA5A","s1321_S_ADR_02_ASEReadCounter.table","NW_015090842.1:8989746",130,272,142
"CA5A","s1321_S_ADR_02_ASEReadCounter.table","NW_015090842.1:8989880",133,271,138
"CA5A","s1321_S_ADR_02_ASEReadCounter.table","NW_015090842.1:8989885",134,274,140
"CA5A","s1321_S_ADR_02_ASEReadCounter.table","NW_015090842.1:8989929",129,264,135
"CA5A","s1321_S_ADR_02_ASEReadCounter.table","NW_015090842.1:8990002",102,216,114
"CA5A","s1321_S_ADR_02_ASEReadCounter.table","NW_015090842.1:8990004",100,216,116
"CA5A","s1321_S_ADR_02_ASEReadCounter.table","NW_015090842.1:8990005",99,215,116
"CA5A","s1321_S_ADR_02_ASEReadCounter.table","NW_015090842.1:8990017",101,213,112
"CA5A","s1321_S_ADR_02_ASEReadCounter.table","NW_015090842.1:8990043",84,186,102
"CA5A","s1321_S_ADR_02_ASEReadCounter.table","NW_015090842.1:8990080",86,202,116
"CA5A","s1321_S_ADR_02_ASEReadCounter.table","NW_015090842.1:8990084",88,203,115
"CA5A","s1321_S_ADR_02_ASEReadCounter.table","NW_015090842.1:8990090",105,225,120
"CA5A","s1321_S_ADR_02_ASEReadCounter.table","NW_015090842.1:8990095",104,220,116
"CA5A","s1321_S_ADR_02_ASEReadCounter.table","NW_015090842.1:8990111",88,205,117
"CA5A","s1321_S_ADR_02_ASEReadCounter.table","NW_015090842.1:8990112",88,203,115
"CA5A","s1321_S_ADR_02_ASEReadCounter.table","NW_015090842.1:8990115",97,215,118
"CA5A","s1321_S_ADR_02_ASEReadCounter.table","NW_015090842.1:8990166",89,193,104
"CA5A","s1321_S_ADR_02_ASEReadCounter.table","NW_015090842.1:8990169",98,196,98
"CA5A","s1321_S_ADR_02_ASEReadCounter.table","NW_015090842.1:8990222",82,169,87
"CA5A","s1321_S_ADR_02_ASEReadCounter.table","NW_015090842.1:8990289",97,209,112
"CA5A","s1321_S_ADR_02_ASEReadCounter.table","NW_015090842.1:8990314",93,200,107
"CA5A","s1321_S_ADR_02_ASEReadCounter.table","NW_015090842.1:8990361",95,203,108
"CA5A","s1321_S_ADR_02_ASEReadCounter.table","NW_015090842.1:8990368",96,200,104
"CA5A","s1321_S_ADR_02_ASEReadCounter.table","NW_015090842.1:8990429",83,177,94
"CA5A","s1321_S_ADR_02_ASEReadCounter.table","NW_015090842.1:8990466",80,159,79
"CA5A","s1321_S_ADR_02_ASEReadCounter.table","NW_015090842.1:8990663",103,174,71
"CA5A","s1321_S_ADR_02_ASEReadCounter.table","NW_015090842.1:8990797",79,155,76
"CA5A","s1321_S_ADR_02_ASEReadCounter.table","NW_015090842.1:8990836",95,172,77
"CA5A","s1321_S_ADR_02_ASEReadCounter.table","NW_015090842.1:8990842",95,175,80
"CA5A","s1321_S_ADR_02_ASEReadCounter.table","NW_015090842.1:8990851",97,174,77
"CA5A","s1321_S_ADR_02_ASEReadCounter.table","NW_015090842.1:8990918",91,171,80
"CA5A","s1321_S_ADR_02_ASEReadCounter.table","NW_015090842.1:8990921",83,167,84
"CA5A","s1321_S_ADR_02_ASEReadCounter.table","NW_015090842.1:8990942",95,179,84
"CA5A","s1321_S_ADR_02_ASEReadCounter.table","NW_015090842.1:8991001",107,214,107
"CA5A","s1321_S_ADR_02_ASEReadCounter.table","NW_015090842.1:8991038",90,181,91
"CA5A","s1321_S_ADR_02_ASEReadCounter.table","NW_015090842.1:8991149",120,233,113
"CA5A","s1321_S_ADR_02_ASEReadCounter.table","NW_015090842.1:8991176",133,225,92
"CA5A","s1321_S_ADR_02_ASEReadCounter.table","NW_015090842.1:8991241",131,209,78
"CA5A","s1321_S_ADR_02_ASEReadCounter.table","NW_015090842.1:8991262",122,197,75
"CA5A","s1321_S_ADR_02_ASEReadCounter.table","NW_015090842.1:8991316",122,132,10
"CA5A","s1321_S_ADR_02_ASEReadCounter.table","NW_015090842.1:8991319",110,120,10
"CA5A","s1321_S_ADR_02_ASEReadCounter.table","NW_015090842.1:8991330",106,110,4
"CA5A","s1321_S_ADR_02_ASEReadCounter.table","NW_015090842.1:8991334",104,109,5
"CA5A","s1321_S_ADR_02_ASEReadCounter.table","NW_015090842.1:8991362",99,155,56
"CA5A","s1321_S_ADR_02_ASEReadCounter.table","NW_015090842.1:8991368",100,160,60
"CA5A","s1321_S_ADR_02_ASEReadCounter.table","NW_015090842.1:8991390",99,164,65
"CA5A","s1321_S_ADR_02_ASEReadCounter.table","NW_015090842.1:8991395",102,170,68
"CA5A","s1321_S_ADR_02_ASEReadCounter.table","NW_015090842.1:8991422",100,187,87
"CA5A","s1321_S_ADR_02_ASEReadCounter.table","NW_015090842.1:8991467",94,175,81
"CA5A","s1321_S_ADR_02_ASEReadCounter.table","NW_015090842.1:8991576",74,150,76
"CA5A","s1321_S_ADR_02_ASEReadCounter.table","NW_015090842.1:8991587",91,185,94
"CA5A","s1321_S_ADR_02_ASEReadCounter.table","NW_015090842.1:8991655",107,200,93
"CA5A","s1321_S_ADR_02_ASEReadCounter.table","NW_015090842.1:8991717",86,176,90
"CA5A","s1321_S_ADR_02_ASEReadCounter.table","NW_015090842.1:8991726",100,195,95
"CA5A","s1321_S_ADR_02_ASEReadCounter.table","NW_015090842.1:8991799",89,189,100
"CA5A","s1321_S_ADR_02_ASEReadCounter.table","NW_015090842.1:8991809",83,182,99
"CA5A","s1321_S_ADR_02_ASEReadCounter.table","NW_015090842.1:8991848",81,175,94
"CA5A","s1321_S_ADR_02_ASEReadCounter.table","NW_015090842.1:8991849",81,175,94
"CA5A","s1321_S_ADR_02_ASEReadCounter.table","NW_015090842.1:8991927",81,169,88
"CA5A","s1321_S_ADR_02_ASEReadCounter.table","NW_015090842.1:8991941",82,171,89
"CA5A","s1321_S_ADR_02_ASEReadCounter.table","NW_015090842.1:8992121",70,160,90
"CA5A","s1321_S_ADR_02_ASEReadCounter.table","NW_015090842.1:8992224",83,171,88
"CA5A","s1321_S_ADR_02_ASEReadCounter.table","NW_015090842.1:9002570",68,132,64
"CA5A","s1321_S_ADR_02_ASEReadCounter.table","NW_015090842.1:9002600",72,127,55
"CA5A","s1321_S_ADR_02_ASEReadCounter.table","NW_015090842.1:9004312",37,77,40
"CA5A","s1321_S_ADR_02_ASEReadCounter.table","NW_015090842.1:9004506",1,2,1
"CA5A","s1321_S_ADR_02_ASEReadCounter.table","NW_015090842.1:9004523",1,2,1
"CA5A","s1321_S_ADR_02_ASEReadCounter.table","NW_015090842.1:9004530",1,2,1
"CA5A","s1321_S_ADR_02_ASEReadCounter.table","NW_015090842.1:9004556",1,3,2
"CA5A","s1321_S_ADR_02_ASEReadCounter.table","NW_015090842.1:9004620",1,3,2
"CA5A","s1321_S_ADR_02_ASEReadCounter.table","NW_015090842.1:9005116",1,4,3
"CA5A","s1321_S_ADR_02_ASEReadCounter.table","NW_015090842.1:9005120",2,5,3
"CA5A","s1321_S_ADR_02_ASEReadCounter.table","NW_015090842.1:9005140",2,4,2
"CA5A","s1321_S_ADR_02_ASEReadCounter.table","NW_015090842.1:9005152",1,3,2
"CA5A","s1321_S_ADR_02_ASEReadCounter.table","NW_015090842.1:9011011",14,36,22
"CA5A","s1321_S_ADR_02_ASEReadCounter.table","NW_015090842.1:9011189",10,19,9
"CA5A","s1321_S_ADR_02_ASEReadCounter.table","NW_015090842.1:9011194",10,20,10
"BANP","s1321_S_ADR_02_ASEReadCounter.table","NW_015090842.1:9033407",11,25,14
"BANP","s1321_S_ADR_02_ASEReadCounter.table","NW_015090842.1:9033409",11,24,13
"BANP","s1321_S_ADR_02_ASEReadCounter.table","NW_015090842.1:9033420",11,25,14
"BANP","s1321_S_ADR_02_ASEReadCounter.table","NW_015090842.1:9055284",11,25,14
"CIDEC","s1321_S_ADR_02_ASEReadCounter.table","NW_015090842.1:9481199",24,57,33
"ZC3H18","s1321_S_ADR_02_ASEReadCounter.table","NW_015090842.1:9528933",34,79,45
"MVD","s1321_S_ADR_02_ASEReadCounter.table","NW_015090842.1:9550690",231,231,0
"MVD","s1321_S_ADR_02_ASEReadCounter.table","NW_015090842.1:9550691",231,231,0
"MVD","s1321_S_ADR_02_ASEReadCounter.table","NW_015090842.1:9550699",272,272,0
"MVD","s1321_S_ADR_02_ASEReadCounter.table","NW_015090842.1:9550701",268,268,0
"MVD","s1321_S_ADR_02_ASEReadCounter.table","NW_015090842.1:9552202",540,540,0
"MVD","s1321_S_ADR_02_ASEReadCounter.table","NW_015090842.1:9552223",532,532,0
"MVD","s1321_S_ADR_02_ASEReadCounter.table","NW_015090842.1:9552533",463,464,1
"MVD","s1321_S_ADR_02_ASEReadCounter.table","NW_015090842.1:9552644",198,440,242
"PIEZO1","s1321_S_ADR_02_ASEReadCounter.table","NW_015090842.1:9577447",25,51,26
"PIEZO1","s1321_S_ADR_02_ASEReadCounter.table","NW_015090842.1:9579101",20,39,19
"PIEZO1","s1321_S_ADR_02_ASEReadCounter.table","NW_015090842.1:9582630",18,38,20
"PIEZO1","s1321_S_ADR_02_ASEReadCounter.table","NW_015090842.1:9582976",24,46,22
"PIEZO1","s1321_S_ADR_02_ASEReadCounter.table","NW_015090842.1:9583326",21,21,0
"CDT1","s1321_S_ADR_02_ASEReadCounter.table","NW_015090842.1:9596711",5,13,8
"CDT1","s1321_S_ADR_02_ASEReadCounter.table","NW_015090842.1:9597033",27,27,0
"CDT1","s1321_S_ADR_02_ASEReadCounter.table","NW_015090842.1:9597756",16,27,11
"CDT1","s1321_S_ADR_02_ASEReadCounter.table","NW_015090842.1:9598873",36,36,0
"PABPN1L","s1321_S_ADR_02_ASEReadCounter.table","NW_015090842.1:9669510",0,1,1
"ACSF3","s1321_S_ADR_02_ASEReadCounter.table","NW_015090842.1:9776737",47,65,18
"ACSF3","s1321_S_ADR_02_ASEReadCounter.table","NW_015090842.1:9809639",98,98,0
"ACSF3","s1321_S_ADR_02_ASEReadCounter.table","NW_015090842.1:9834743",68,112,44
"ACSF3","s1321_S_ADR_02_ASEReadCounter.table","NW_015090842.1:9834762",119,119,0
"ACSF3","s1321_S_ADR_02_ASEReadCounter.table","NW_015090842.1:9834852",67,108,41
"ACSF3","s1321_S_ADR_02_ASEReadCounter.table","NW_015090842.1:9834861",67,102,35
"ACSF3","s1321_S_ADR_02_ASEReadCounter.table","NW_015090842.1:9839359",37,67,30
"ACSF3","s1321_S_ADR_02_ASEReadCounter.table","NW_015090842.1:9839378",36,67,31
"ACSF3","s1321_S_ADR_02_ASEReadCounter.table","NW_015090842.1:9839455",41,72,31
"ACSF3","s1321_S_ADR_02_ASEReadCounter.table","NW_015090842.1:9839457",41,69,28
"ACSF3","s1321_S_ADR_02_ASEReadCounter.table","NW_015090842.1:9839489",41,59,18
"ACSF3","s1321_S_ADR_02_ASEReadCounter.table","NW_015090842.1:9839500",31,47,16
"ACSF3","s1321_S_ADR_02_ASEReadCounter.table","NW_015090842.1:9839501",31,48,17
"ACSF3","s1321_S_ADR_02_ASEReadCounter.table","NW_015090842.1:9839504",31,48,17
"ACSF3","s1321_S_ADR_02_ASEReadCounter.table","NW_015090842.1:9839512",33,44,11
"ACSF3","s1321_S_ADR_02_ASEReadCounter.table","NW_015090842.1:9839527",26,37,11
"ACSF3","s1321_S_ADR_02_ASEReadCounter.table","NW_015090842.1:9839533",19,24,5
"ACSF3","s1321_S_ADR_02_ASEReadCounter.table","NW_015090842.1:9839535",19,24,5
"ACSF3","s1321_S_ADR_02_ASEReadCounter.table","NW_015090842.1:9839545",9,15,6
"ACSF3","s1321_S_ADR_02_ASEReadCounter.table","NW_015090842.1:9839550",3,9,6
"ACSF3","s1321_S_ADR_02_ASEReadCounter.table","NW_015090842.1:9839551",3,9,6
"CDH15","s1321_S_ADR_02_ASEReadCounter.table","NW_015090842.1:9848220",0,4,4
"CDH15","s1321_S_ADR_02_ASEReadCounter.table","NW_015090842.1:9848265",0,2,2
"CDH15","s1321_S_ADR_02_ASEReadCounter.table","NW_015090842.1:9848531",0,2,2
"CDH15","s1321_S_ADR_02_ASEReadCounter.table","NW_015090842.1:9848552",0,1,1
"CDH15","s1321_S_ADR_02_ASEReadCounter.table","NW_015090842.1:9848888",0,1,1
"CDH15","s1321_S_ADR_02_ASEReadCounter.table","NW_015090842.1:9849086",0,3,3
"CDH15","s1321_S_ADR_02_ASEReadCounter.table","NW_015090842.1:9849119",1,1,0
"CDH15","s1321_S_ADR_02_ASEReadCounter.table","NW_015090842.1:9849140",1,1,0
"CDH15","s1321_S_ADR_02_ASEReadCounter.table","NW_015090842.1:9849473",1,2,1
"CDH15","s1321_S_ADR_02_ASEReadCounter.table","NW_015090842.1:9850141",1,3,2
"CDH15","s1321_S_ADR_02_ASEReadCounter.table","NW_015090842.1:9850386",0,2,2
"CDH15","s1321_S_ADR_02_ASEReadCounter.table","NW_015090842.1:9850432",0,1,1
"SLC22A31","s1321_S_ADR_02_ASEReadCounter.table","NW_015090842.1:9850797",0,1,1
"SLC22A31","s1321_S_ADR_02_ASEReadCounter.table","NW_015090842.1:9850929",0,1,1
"SLC22A31","s1321_S_ADR_02_ASEReadCounter.table","NW_015090842.1:9850970",0,1,1
"SLC22A31","s1321_S_ADR_02_ASEReadCounter.table","NW_015090842.1:9850978",0,1,1
"SLC22A31","s1321_S_ADR_02_ASEReadCounter.table","NW_015090842.1:9850981",0,1,1
"SLC22A31","s1321_S_ADR_02_ASEReadCounter.table","NW_015090842.1:9851032",0,1,1
"SLC22A31","s1321_S_ADR_02_ASEReadCounter.table","NW_015090842.1:9851053",0,1,1
"SLC22A31","s1321_S_ADR_02_ASEReadCounter.table","NW_015090842.1:9851130",70,87,17
"SLC22A31","s1321_S_ADR_02_ASEReadCounter.table","NW_015090842.1:9851139",73,89,16
"SLC22A31","s1321_S_ADR_02_ASEReadCounter.table","NW_015090842.1:9851265",149,176,27
"SLC22A31","s1321_S_ADR_02_ASEReadCounter.table","NW_015090842.1:9851302",138,167,29
"SLC22A31","s1321_S_ADR_02_ASEReadCounter.table","NW_015090842.1:9851303",141,168,27
"SLC22A31","s1321_S_ADR_02_ASEReadCounter.table","NW_015090842.1:9851305",139,168,29
"SLC22A31","s1321_S_ADR_02_ASEReadCounter.table","NW_015090842.1:9851343",143,166,23
"SLC22A31","s1321_S_ADR_02_ASEReadCounter.table","NW_015090842.1:9851344",163,185,22
"SLC22A31","s1321_S_ADR_02_ASEReadCounter.table","NW_015090842.1:9851381",181,212,31
"SLC22A31","s1321_S_ADR_02_ASEReadCounter.table","NW_015090842.1:9851421",182,222,40
"SLC22A31","s1321_S_ADR_02_ASEReadCounter.table","NW_015090842.1:9851526",185,222,37
"SLC22A31","s1321_S_ADR_02_ASEReadCounter.table","NW_015090842.1:9851589",229,272,43
"SLC22A31","s1321_S_ADR_02_ASEReadCounter.table","NW_015090842.1:9851712",228,269,41
"SLC22A31","s1321_S_ADR_02_ASEReadCounter.table","NW_015090842.1:9851899",263,303,40
"SLC22A31","s1321_S_ADR_02_ASEReadCounter.table","NW_015090842.1:9852139",249,283,34
"SLC22A31","s1321_S_ADR_02_ASEReadCounter.table","NW_015090842.1:9852380",258,313,55
"SLC22A31","s1321_S_ADR_02_ASEReadCounter.table","NW_015090842.1:9852431",169,212,43
"SLC22A31","s1321_S_ADR_02_ASEReadCounter.table","NW_015090842.1:9852630",207,239,32
"SLC22A31","s1321_S_ADR_02_ASEReadCounter.table","NW_015090842.1:9852711",141,175,34
"SLC22A31","s1321_S_ADR_02_ASEReadCounter.table","NW_015090842.1:9852742",126,157,31
"SLC22A31","s1321_S_ADR_02_ASEReadCounter.table","NW_015090842.1:9853099",138,164,26
"SLC22A31","s1321_S_ADR_02_ASEReadCounter.table","NW_015090842.1:9853102",143,170,27
"SLC22A31","s1321_S_ADR_02_ASEReadCounter.table","NW_015090842.1:9853421",133,136,3
"SLC22A31","s1321_S_ADR_02_ASEReadCounter.table","NW_015090842.1:9853457",149,152,3
"SLC22A31","s1321_S_ADR_02_ASEReadCounter.table","NW_015090842.1:9853502",120,121,1
"ANKRD11","s1321_S_ADR_02_ASEReadCounter.table","NW_015090842.1:9858863",8,11,3
"ANKRD11","s1321_S_ADR_02_ASEReadCounter.table","NW_015090842.1:9859101",64,149,85
"ANKRD11","s1321_S_ADR_02_ASEReadCounter.table","NW_015090842.1:9859352",97,229,132
"ANKRD11","s1321_S_ADR_02_ASEReadCounter.table","NW_015090842.1:9859381",17,120,103
"ANKRD11","s1321_S_ADR_02_ASEReadCounter.table","NW_015090842.1:9859527",34,73,39
"ANKRD11","s1321_S_ADR_02_ASEReadCounter.table","NW_015090842.1:9859529",34,77,43
"ANKRD11","s1321_S_ADR_02_ASEReadCounter.table","NW_015090842.1:9859679",99,206,107
"ANKRD11","s1321_S_ADR_02_ASEReadCounter.table","NW_015090842.1:9861097",80,181,101
"ANKRD11","s1321_S_ADR_02_ASEReadCounter.table","NW_015090842.1:9862571",56,122,66
"ANKRD11","s1321_S_ADR_02_ASEReadCounter.table","NW_015090842.1:9866071",0,82,82
"ANKRD11","s1321_S_ADR_02_ASEReadCounter.table","NW_015090842.1:9866200",0,83,83
"ANKRD11","s1321_S_ADR_02_ASEReadCounter.table","NW_015090842.1:9867391",39,72,33
"ANKRD11","s1321_S_ADR_02_ASEReadCounter.table","NW_015090842.1:9867472",67,121,54
"ANKRD11","s1321_S_ADR_02_ASEReadCounter.table","NW_015090842.1:9867559",85,140,55
"ANKRD11","s1321_S_ADR_02_ASEReadCounter.table","NW_015090842.1:9867934",68,125,57
"ANKRD11","s1321_S_ADR_02_ASEReadCounter.table","NW_015090842.1:9868093",63,144,81
"ANKRD11","s1321_S_ADR_02_ASEReadCounter.table","NW_015090842.1:9868222",62,134,72
"ANKRD11","s1321_S_ADR_02_ASEReadCounter.table","NW_015090842.1:9868327",68,138,70
"ANKRD11","s1321_S_ADR_02_ASEReadCounter.table","NW_015090842.1:9868414",91,195,104
"ANKRD11","s1321_S_ADR_02_ASEReadCounter.table","NW_015090842.1:9868441",87,173,86
"ANKRD11","s1321_S_ADR_02_ASEReadCounter.table","NW_015090842.1:9868444",83,171,88
"ANKRD11","s1321_S_ADR_02_ASEReadCounter.table","NW_015090842.1:9868519",93,192,99
"ANKRD11","s1321_S_ADR_02_ASEReadCounter.table","NW_015090842.1:9868609",85,192,107
"ANKRD11","s1321_S_ADR_02_ASEReadCounter.table","NW_015090842.1:9868666",118,226,108
"ANKRD11","s1321_S_ADR_02_ASEReadCounter.table","NW_015090842.1:9869431",109,189,80
"ANKRD11","s1321_S_ADR_02_ASEReadCounter.table","NW_015090842.1:9869578",116,222,106
"ANKRD11","s1321_S_ADR_02_ASEReadCounter.table","NW_015090842.1:9869734",112,241,129
"ANKRD11","s1321_S_ADR_02_ASEReadCounter.table","NW_015090842.1:9870070",81,170,89
"ANKRD11","s1321_S_ADR_02_ASEReadCounter.table","NW_015090842.1:9870349",84,183,99
"ANKRD11","s1321_S_ADR_02_ASEReadCounter.table","NW_015090842.1:9870604",89,183,94
"ANKRD11","s1321_S_ADR_02_ASEReadCounter.table","NW_015090842.1:9870613",97,198,101
"ANKRD11","s1321_S_ADR_02_ASEReadCounter.table","NW_015090842.1:9870685",118,233,115
"ANKRD11","s1321_S_ADR_02_ASEReadCounter.table","NW_015090842.1:9870847",90,190,100
"ANKRD11","s1321_S_ADR_02_ASEReadCounter.table","NW_015090842.1:9871103",79,163,84
"ANKRD11","s1321_S_ADR_02_ASEReadCounter.table","NW_015090842.1:9871165",83,184,101
"ANKRD11","s1321_S_ADR_02_ASEReadCounter.table","NW_015090842.1:9871820",40,97,57
"ANKRD11","s1321_S_ADR_02_ASEReadCounter.table","NW_015090842.1:9871994",120,120,0
"ANKRD11","s1321_S_ADR_02_ASEReadCounter.table","NW_015090842.1:9872118",67,132,65
"SPG7","s1321_S_ADR_02_ASEReadCounter.table","NW_015090842.1:10051190",171,348,177
"SPG7","s1321_S_ADR_02_ASEReadCounter.table","NW_015090842.1:10051218",172,391,219
"SPG7","s1321_S_ADR_02_ASEReadCounter.table","NW_015090842.1:10052348",234,469,235
"SPG7","s1321_S_ADR_02_ASEReadCounter.table","NW_015090842.1:10052366",245,464,219
"SPG7","s1321_S_ADR_02_ASEReadCounter.table","NW_015090842.1:10065173",188,391,203
"SPG7","s1321_S_ADR_02_ASEReadCounter.table","NW_015090842.1:10065215",199,396,197
"SPG7","s1321_S_ADR_02_ASEReadCounter.table","NW_015090842.1:10066301",159,313,154
"SPG7","s1321_S_ADR_02_ASEReadCounter.table","NW_015090842.1:10066365",167,349,182
"SPG7","s1321_S_ADR_02_ASEReadCounter.table","NW_015090842.1:10069752",207,426,219
"SPG7","s1321_S_ADR_02_ASEReadCounter.table","NW_015090842.1:10069800",180,412,232
"SPG7","s1321_S_ADR_02_ASEReadCounter.table","NW_015090842.1:10071192",218,456,238
"SPG7","s1321_S_ADR_02_ASEReadCounter.table","NW_015090842.1:10071204",218,447,229
"SPG7","s1321_S_ADR_02_ASEReadCounter.table","NW_015090842.1:10071219",205,430,225
"SPG7","s1321_S_ADR_02_ASEReadCounter.table","NW_015090842.1:10071967",198,412,214
"SPG7","s1321_S_ADR_02_ASEReadCounter.table","NW_015090842.1:10075109",232,440,208
"SPG7","s1321_S_ADR_02_ASEReadCounter.table","NW_015090842.1:10075114",235,444,209
"SPG7","s1321_S_ADR_02_ASEReadCounter.table","NW_015090842.1:10075198",189,342,153
"SPG7","s1321_S_ADR_02_ASEReadCounter.table","NW_015090842.1:10075487",124,264,140
"SPG7","s1321_S_ADR_02_ASEReadCounter.table","NW_015090842.1:10075488",123,265,142
"SPG7","s1321_S_ADR_02_ASEReadCounter.table","NW_015090842.1:10075548",84,173,89
"RPL13","s1321_S_ADR_02_ASEReadCounter.table","NW_015090842.1:10076979",2,5,3
"RPL13","s1321_S_ADR_02_ASEReadCounter.table","NW_015090842.1:10077387",683,1669,986
"RPL13","s1321_S_ADR_02_ASEReadCounter.table","NW_015090842.1:10077978",1100,2459,1359
"RPL13","s1321_S_ADR_02_ASEReadCounter.table","NW_015090842.1:10077992",1096,2379,1283
"CPNE7","s1321_S_ADR_02_ASEReadCounter.table","NW_015090842.1:10088940",1,1,0
"CPNE7","s1321_S_ADR_02_ASEReadCounter.table","NW_015090842.1:10088965",1,1,0
"CPNE7","s1321_S_ADR_02_ASEReadCounter.table","NW_015090842.1:10088967",1,1,0
"CPNE7","s1321_S_ADR_02_ASEReadCounter.table","NW_015090842.1:10088973",1,1,0
"LOC106888185","s1321_S_ADR_02_ASEReadCounter.table","NW_015090842.1:10094965",1,8,7
"LOC106888185","s1321_S_ADR_02_ASEReadCounter.table","NW_015090842.1:10094966",1,8,7
"LOC106888185","s1321_S_ADR_02_ASEReadCounter.table","NW_015090842.1:10094985",1,6,5
"LOC106888185","s1321_S_ADR_02_ASEReadCounter.table","NW_015090842.1:10095055",1,15,14
"LOC106888185","s1321_S_ADR_02_ASEReadCounter.table","NW_015090842.1:10095062",1,13,12
"LOC106888185","s1321_S_ADR_02_ASEReadCounter.table","NW_015090842.1:10095130",1,22,21
"LOC106888185","s1321_S_ADR_02_ASEReadCounter.table","NW_015090842.1:10095265",45,95,50
"LOC106888185","s1321_S_ADR_02_ASEReadCounter.table","NW_015090842.1:10095586",49,155,106
"LOC106888185","s1321_S_ADR_02_ASEReadCounter.table","NW_015090842.1:10095593",56,166,110
"LOC106888185","s1321_S_ADR_02_ASEReadCounter.table","NW_015090842.1:10095616",45,139,94
"LOC106888185","s1321_S_ADR_02_ASEReadCounter.table","NW_015090842.1:10095662",49,125,76
"LOC106888185","s1321_S_ADR_02_ASEReadCounter.table","NW_015090842.1:10095674",42,114,72
"LOC106888185","s1321_S_ADR_02_ASEReadCounter.table","NW_015090842.1:10095786",41,133,92
"LOC106888185","s1321_S_ADR_02_ASEReadCounter.table","NW_015090842.1:10095831",44,123,79
"LOC106888185","s1321_S_ADR_02_ASEReadCounter.table","NW_015090842.1:10096230",71,144,73
"LOC106888185","s1321_S_ADR_02_ASEReadCounter.table","NW_015090842.1:10096249",77,162,85
"LOC106888185","s1321_S_ADR_02_ASEReadCounter.table","NW_015090842.1:10096272",85,179,94
"LOC106888185","s1321_S_ADR_02_ASEReadCounter.table","NW_015090842.1:10096288",84,172,88
"LOC106888185","s1321_S_ADR_02_ASEReadCounter.table","NW_015090842.1:10097248",68,148,80
"LOC106888185","s1321_S_ADR_02_ASEReadCounter.table","NW_015090842.1:10097265",90,191,101
"LOC106888185","s1321_S_ADR_02_ASEReadCounter.table","NW_015090842.1:10097446",17,51,34
"DPEP1","s1321_S_ADR_02_ASEReadCounter.table","NW_015090842.1:10098017",1,8,7
"DPEP1","s1321_S_ADR_02_ASEReadCounter.table","NW_015090842.1:10098518",20,49,29
"DPEP1","s1321_S_ADR_02_ASEReadCounter.table","NW_015090842.1:10098595",52,103,51
"DPEP1","s1321_S_ADR_02_ASEReadCounter.table","NW_015090842.1:10098597",52,99,47
"DPEP1","s1321_S_ADR_02_ASEReadCounter.table","NW_015090842.1:10098601",50,100,50
"DPEP1","s1321_S_ADR_02_ASEReadCounter.table","NW_015090842.1:10098608",48,91,43
"DPEP1","s1321_S_ADR_02_ASEReadCounter.table","NW_015090842.1:10098630",49,90,41
"DPEP1","s1321_S_ADR_02_ASEReadCounter.table","NW_015090842.1:10098659",47,91,44
"DPEP1","s1321_S_ADR_02_ASEReadCounter.table","NW_015090842.1:10099765",51,103,52
"DPEP1","s1321_S_ADR_02_ASEReadCounter.table","NW_015090842.1:10099985",57,109,52
"DPEP1","s1321_S_ADR_02_ASEReadCounter.table","NW_015090842.1:10099986",58,110,52
"DPEP1","s1321_S_ADR_02_ASEReadCounter.table","NW_015090842.1:10099991",55,110,55
"DPEP1","s1321_S_ADR_02_ASEReadCounter.table","NW_015090842.1:10100044",66,117,51
"DPEP1","s1321_S_ADR_02_ASEReadCounter.table","NW_015090842.1:10100045",67,116,49
"DPEP1","s1321_S_ADR_02_ASEReadCounter.table","NW_015090842.1:10100084",68,118,50
"DPEP1","s1321_S_ADR_02_ASEReadCounter.table","NW_015090842.1:10100295",70,119,49
"DPEP1","s1321_S_ADR_02_ASEReadCounter.table","NW_015090842.1:10100529",47,96,49
"DPEP1","s1321_S_ADR_02_ASEReadCounter.table","NW_015090842.1:10100893",80,147,67
"DPEP1","s1321_S_ADR_02_ASEReadCounter.table","NW_015090842.1:10100902",78,148,70
"DPEP1","s1321_S_ADR_02_ASEReadCounter.table","NW_015090842.1:10101072",72,128,56
"DPEP1","s1321_S_ADR_02_ASEReadCounter.table","NW_015090842.1:10101199",56,113,57
"DPEP1","s1321_S_ADR_02_ASEReadCounter.table","NW_015090842.1:10101483",59,118,59
"DPEP1","s1321_S_ADR_02_ASEReadCounter.table","NW_015090842.1:10101497",60,119,59
"DPEP1","s1321_S_ADR_02_ASEReadCounter.table","NW_015090842.1:10101525",51,118,67
"DPEP1","s1321_S_ADR_02_ASEReadCounter.table","NW_015090842.1:10101875",44,90,46
"DPEP1","s1321_S_ADR_02_ASEReadCounter.table","NW_015090842.1:10101913",29,72,43
"DPEP1","s1321_S_ADR_02_ASEReadCounter.table","NW_015090842.1:10101996",33,73,40
"DPEP1","s1321_S_ADR_02_ASEReadCounter.table","NW_015090842.1:10102014",27,60,33
"DPEP1","s1321_S_ADR_02_ASEReadCounter.table","NW_015090842.1:10102035",18,38,20
"DPEP1","s1321_S_ADR_02_ASEReadCounter.table","NW_015090842.1:10102076",1,6,5
"DPEP1","s1321_S_ADR_02_ASEReadCounter.table","NW_015090842.1:10102077",1,7,6
"CHMP1A","s1321_S_ADR_02_ASEReadCounter.table","NW_015090842.1:10102901",37,100,63
"CHMP1A","s1321_S_ADR_02_ASEReadCounter.table","NW_015090842.1:10102961",29,109,80
"CHMP1A","s1321_S_ADR_02_ASEReadCounter.table","NW_015090842.1:10102996",28,100,72
"CHMP1A","s1321_S_ADR_02_ASEReadCounter.table","NW_015090842.1:10103004",35,108,73
"CHMP1A","s1321_S_ADR_02_ASEReadCounter.table","NW_015090842.1:10103006",35,108,73
"CHMP1A","s1321_S_ADR_02_ASEReadCounter.table","NW_015090842.1:10103052",52,123,71
"CHMP1A","s1321_S_ADR_02_ASEReadCounter.table","NW_015090842.1:10103095",62,143,81
"CHMP1A","s1321_S_ADR_02_ASEReadCounter.table","NW_015090842.1:10103096",63,144,81
"CHMP1A","s1321_S_ADR_02_ASEReadCounter.table","NW_015090842.1:10103152",68,147,79
"CHMP1A","s1321_S_ADR_02_ASEReadCounter.table","NW_015090842.1:10103334",59,142,83
"CHMP1A","s1321_S_ADR_02_ASEReadCounter.table","NW_015090842.1:10103373",38,109,71
"CHMP1A","s1321_S_ADR_02_ASEReadCounter.table","NW_015090842.1:10103408",67,146,79
"CHMP1A","s1321_S_ADR_02_ASEReadCounter.table","NW_015090842.1:10103412",67,142,75
"CHMP1A","s1321_S_ADR_02_ASEReadCounter.table","NW_015090842.1:10103512",84,171,87
"CHMP1A","s1321_S_ADR_02_ASEReadCounter.table","NW_015090842.1:10103513",82,167,85
"CHMP1A","s1321_S_ADR_02_ASEReadCounter.table","NW_015090842.1:10103583",61,120,59
"CHMP1A","s1321_S_ADR_02_ASEReadCounter.table","NW_015090842.1:10103614",63,134,71
"CHMP1A","s1321_S_ADR_02_ASEReadCounter.table","NW_015090842.1:10103657",70,144,74
"CHMP1A","s1321_S_ADR_02_ASEReadCounter.table","NW_015090842.1:10103669",61,131,70
"CHMP1A","s1321_S_ADR_02_ASEReadCounter.table","NW_015090842.1:10103674",62,132,70
"CHMP1A","s1321_S_ADR_02_ASEReadCounter.table","NW_015090842.1:10103677",60,129,69
"CHMP1A","s1321_S_ADR_02_ASEReadCounter.table","NW_015090842.1:10103729",83,160,77
"CHMP1A","s1321_S_ADR_02_ASEReadCounter.table","NW_015090842.1:10103758",87,165,78
"CHMP1A","s1321_S_ADR_02_ASEReadCounter.table","NW_015090842.1:10103761",86,167,81
"CHMP1A","s1321_S_ADR_02_ASEReadCounter.table","NW_015090842.1:10103788",92,196,104
"CHMP1A","s1321_S_ADR_02_ASEReadCounter.table","NW_015090842.1:10103789",92,198,106
"CHMP1A","s1321_S_ADR_02_ASEReadCounter.table","NW_015090842.1:10103790",92,197,105
"CHMP1A","s1321_S_ADR_02_ASEReadCounter.table","NW_015090842.1:10103950",103,201,98
"CHMP1A","s1321_S_ADR_02_ASEReadCounter.table","NW_015090842.1:10104335",65,121,56
"CHMP1A","s1321_S_ADR_02_ASEReadCounter.table","NW_015090842.1:10104429",95,193,98
"CHMP1A","s1321_S_ADR_02_ASEReadCounter.table","NW_015090842.1:10104532",89,203,114
"CHMP1A","s1321_S_ADR_02_ASEReadCounter.table","NW_015090842.1:10104633",79,169,90
"CHMP1A","s1321_S_ADR_02_ASEReadCounter.table","NW_015090842.1:10104759",73,173,100
"CHMP1A","s1321_S_ADR_02_ASEReadCounter.table","NW_015090842.1:10104794",92,201,109
"CHMP1A","s1321_S_ADR_02_ASEReadCounter.table","NW_015090842.1:10104844",62,143,81
"CHMP1A","s1321_S_ADR_02_ASEReadCounter.table","NW_015090842.1:10106290",92,177,85
"CHMP1A","s1321_S_ADR_02_ASEReadCounter.table","NW_015090842.1:10106335",97,185,88
"CHMP1A","s1321_S_ADR_02_ASEReadCounter.table","NW_015090842.1:10106383",123,241,118
"CHMP1A","s1321_S_ADR_02_ASEReadCounter.table","NW_015090842.1:10106747",137,282,145
"CHMP1A","s1321_S_ADR_02_ASEReadCounter.table","NW_015090842.1:10107404",110,237,127
"CHMP1A","s1321_S_ADR_02_ASEReadCounter.table","NW_015090842.1:10107410",108,234,126
"CHMP1A","s1321_S_ADR_02_ASEReadCounter.table","NW_015090842.1:10107876",90,197,107
"CDK10","s1321_S_ADR_02_ASEReadCounter.table","NW_015090842.1:10109030",8,11,3
"CDK10","s1321_S_ADR_02_ASEReadCounter.table","NW_015090842.1:10109963",43,100,57
"CDK10","s1321_S_ADR_02_ASEReadCounter.table","NW_015090842.1:10110887",47,103,56
"CDK10","s1321_S_ADR_02_ASEReadCounter.table","NW_015090842.1:10111254",29,86,57
"CDK10","s1321_S_ADR_02_ASEReadCounter.table","NW_015090842.1:10111380",26,105,79
"CDK10","s1321_S_ADR_02_ASEReadCounter.table","NW_015090842.1:10111395",31,107,76
"CDK10","s1321_S_ADR_02_ASEReadCounter.table","NW_015090842.1:10111437",23,94,71
"CDK10","s1321_S_ADR_02_ASEReadCounter.table","NW_015090842.1:10111798",38,99,61
"CDK10","s1321_S_ADR_02_ASEReadCounter.table","NW_015090842.1:10111840",33,115,82
"CDK10","s1321_S_ADR_02_ASEReadCounter.table","NW_015090842.1:10112031",44,110,66
"CDK10","s1321_S_ADR_02_ASEReadCounter.table","NW_015090842.1:10112285",39,108,69
"CDK10","s1321_S_ADR_02_ASEReadCounter.table","NW_015090842.1:10112398",38,109,71
"CDK10","s1321_S_ADR_02_ASEReadCounter.table","NW_015090842.1:10112455",40,108,68
"CDK10","s1321_S_ADR_02_ASEReadCounter.table","NW_015090842.1:10112461",36,99,63
"CDK10","s1321_S_ADR_02_ASEReadCounter.table","NW_015090842.1:10112497",31,89,58
"CDK10","s1321_S_ADR_02_ASEReadCounter.table","NW_015090842.1:10112508",24,82,58
"CDK10","s1321_S_ADR_02_ASEReadCounter.table","NW_015090842.1:10112518",18,68,50
"CDK10","s1321_S_ADR_02_ASEReadCounter.table","NW_015090842.1:10112540",8,55,47
"CDK10","s1321_S_ADR_02_ASEReadCounter.table","NW_015090842.1:10112556",21,65,44
"CDK10","s1321_S_ADR_02_ASEReadCounter.table","NW_015090842.1:10112561",21,71,50
"CDK10","s1321_S_ADR_02_ASEReadCounter.table","NW_015090842.1:10112596",27,74,47
"CDK10","s1321_S_ADR_02_ASEReadCounter.table","NW_015090842.1:10112630",21,63,42
"CDK10","s1321_S_ADR_02_ASEReadCounter.table","NW_015090842.1:10112656",21,64,43
"CDK10","s1321_S_ADR_02_ASEReadCounter.table","NW_015090842.1:10112665",19,55,36
"CDK10","s1321_S_ADR_02_ASEReadCounter.table","NW_015090842.1:10112668",19,54,35
"CDK10","s1321_S_ADR_02_ASEReadCounter.table","NW_015090842.1:10112781",3,16,13
"CDK10","s1321_S_ADR_02_ASEReadCounter.table","NW_015090842.1:10112782",3,17,14
"CDK10","s1321_S_ADR_02_ASEReadCounter.table","NW_015090842.1:10112795",3,13,10
"CDK10","s1321_S_ADR_02_ASEReadCounter.table","NW_015090842.1:10112841",2,5,3
"CDK10","s1321_S_ADR_02_ASEReadCounter.table","NW_015090842.1:10112861",0,3,3
"SPATA2L","s1321_S_ADR_02_ASEReadCounter.table","NW_015090842.1:10113212",7,12,5
"SPATA2L","s1321_S_ADR_02_ASEReadCounter.table","NW_015090842.1:10113280",8,21,13
"SPATA2L","s1321_S_ADR_02_ASEReadCounter.table","NW_015090842.1:10113296",12,27,15
"SPATA2L","s1321_S_ADR_02_ASEReadCounter.table","NW_015090842.1:10113321",15,32,17
"SPATA2L","s1321_S_ADR_02_ASEReadCounter.table","NW_015090842.1:10113332",17,36,19
"SPATA2L","s1321_S_ADR_02_ASEReadCounter.table","NW_015090842.1:10113380",16,33,17
"SPATA2L","s1321_S_ADR_02_ASEReadCounter.table","NW_015090842.1:10113381",16,34,18
"SPATA2L","s1321_S_ADR_02_ASEReadCounter.table","NW_015090842.1:10113412",19,39,20
"SPATA2L","s1321_S_ADR_02_ASEReadCounter.table","NW_015090842.1:10113421",23,41,18
"SPATA2L","s1321_S_ADR_02_ASEReadCounter.table","NW_015090842.1:10113465",27,47,20
"SPATA2L","s1321_S_ADR_02_ASEReadCounter.table","NW_015090842.1:10113535",31,55,24
"SPATA2L","s1321_S_ADR_02_ASEReadCounter.table","NW_015090842.1:10113645",24,62,38
"SPATA2L","s1321_S_ADR_02_ASEReadCounter.table","NW_015090842.1:10113682",38,77,39
"SPATA2L","s1321_S_ADR_02_ASEReadCounter.table","NW_015090842.1:10113696",30,66,36
"SPATA2L","s1321_S_ADR_02_ASEReadCounter.table","NW_015090842.1:10113727",34,74,40
"SPATA2L","s1321_S_ADR_02_ASEReadCounter.table","NW_015090842.1:10113729",73,73,0
"SPATA2L","s1321_S_ADR_02_ASEReadCounter.table","NW_015090842.1:10113799",39,92,53
"SPATA2L","s1321_S_ADR_02_ASEReadCounter.table","NW_015090842.1:10113809",39,95,56
"SPATA2L","s1321_S_ADR_02_ASEReadCounter.table","NW_015090842.1:10113827",34,90,56
"SPATA2L","s1321_S_ADR_02_ASEReadCounter.table","NW_015090842.1:10113831",34,88,54
"SPATA2L","s1321_S_ADR_02_ASEReadCounter.table","NW_015090842.1:10113894",30,63,33
"SPATA2L","s1321_S_ADR_02_ASEReadCounter.table","NW_015090842.1:10113905",27,55,28
"SPATA2L","s1321_S_ADR_02_ASEReadCounter.table","NW_015090842.1:10113914",32,61,29
"SPATA2L","s1321_S_ADR_02_ASEReadCounter.table","NW_015090842.1:10113920",33,59,26
"SPATA2L","s1321_S_ADR_02_ASEReadCounter.table","NW_015090842.1:10113937",40,79,39
"SPATA2L","s1321_S_ADR_02_ASEReadCounter.table","NW_015090842.1:10113971",35,69,34
"SPATA2L","s1321_S_ADR_02_ASEReadCounter.table","NW_015090842.1:10113976",30,71,41
"SPATA2L","s1321_S_ADR_02_ASEReadCounter.table","NW_015090842.1:10113985",30,64,34
"SPATA2L","s1321_S_ADR_02_ASEReadCounter.table","NW_015090842.1:10113994",37,78,41
"SPATA2L","s1321_S_ADR_02_ASEReadCounter.table","NW_015090842.1:10114063",30,60,30
"SPATA2L","s1321_S_ADR_02_ASEReadCounter.table","NW_015090842.1:10114066",28,58,30
"SPATA2L","s1321_S_ADR_02_ASEReadCounter.table","NW_015090842.1:10114069",28,60,32
"SPATA2L","s1321_S_ADR_02_ASEReadCounter.table","NW_015090842.1:10114159",16,49,33
"SPATA2L","s1321_S_ADR_02_ASEReadCounter.table","NW_015090842.1:10114262",72,72,0
"SPATA2L","s1321_S_ADR_02_ASEReadCounter.table","NW_015090842.1:10114470",20,44,24
"SPATA2L","s1321_S_ADR_02_ASEReadCounter.table","NW_015090842.1:10114524",17,35,18
"VPS9D1","s1321_S_ADR_02_ASEReadCounter.table","NW_015090842.1:10116377",20,39,19
"VPS9D1","s1321_S_ADR_02_ASEReadCounter.table","NW_015090842.1:10116415",26,47,21
"VPS9D1","s1321_S_ADR_02_ASEReadCounter.table","NW_015090842.1:10116607",26,46,20
"VPS9D1","s1321_S_ADR_02_ASEReadCounter.table","NW_015090842.1:10116821",23,42,19
"VPS9D1","s1321_S_ADR_02_ASEReadCounter.table","NW_015090842.1:10116825",20,37,17
"VPS9D1","s1321_S_ADR_02_ASEReadCounter.table","NW_015090842.1:10116882",16,33,17
"VPS9D1","s1321_S_ADR_02_ASEReadCounter.table","NW_015090842.1:10116933",23,37,14
"VPS9D1","s1321_S_ADR_02_ASEReadCounter.table","NW_015090842.1:10116942",23,37,14
"VPS9D1","s1321_S_ADR_02_ASEReadCounter.table","NW_015090842.1:10117152",22,44,22
"VPS9D1","s1321_S_ADR_02_ASEReadCounter.table","NW_015090842.1:10117480",18,36,18
"VPS9D1","s1321_S_ADR_02_ASEReadCounter.table","NW_015090842.1:10117497",13,33,20
"VPS9D1","s1321_S_ADR_02_ASEReadCounter.table","NW_015090842.1:10117499",12,35,23
"VPS9D1","s1321_S_ADR_02_ASEReadCounter.table","NW_015090842.1:10117516",13,39,26
"VPS9D1","s1321_S_ADR_02_ASEReadCounter.table","NW_015090842.1:10117525",12,39,27
"VPS9D1","s1321_S_ADR_02_ASEReadCounter.table","NW_015090842.1:10117579",12,36,24
"VPS9D1","s1321_S_ADR_02_ASEReadCounter.table","NW_015090842.1:10117627",23,36,13
"VPS9D1","s1321_S_ADR_02_ASEReadCounter.table","NW_015090842.1:10117678",18,33,15
"VPS9D1","s1321_S_ADR_02_ASEReadCounter.table","NW_015090842.1:10117773",20,38,18
"VPS9D1","s1321_S_ADR_02_ASEReadCounter.table","NW_015090842.1:10117937",36,51,15
"VPS9D1","s1321_S_ADR_02_ASEReadCounter.table","NW_015090842.1:10117961",33,53,20
"VPS9D1","s1321_S_ADR_02_ASEReadCounter.table","NW_015090842.1:10118236",31,52,21
"VPS9D1","s1321_S_ADR_02_ASEReadCounter.table","NW_015090842.1:10118414",28,45,17
"VPS9D1","s1321_S_ADR_02_ASEReadCounter.table","NW_015090842.1:10118973",31,56,25
"VPS9D1","s1321_S_ADR_02_ASEReadCounter.table","NW_015090842.1:10119500",20,34,14
"ZNF276","s1321_S_ADR_02_ASEReadCounter.table","NW_015090842.1:10121760",7,11,4
"ZNF276","s1321_S_ADR_02_ASEReadCounter.table","NW_015090842.1:10121769",6,10,4
"ZNF276","s1321_S_ADR_02_ASEReadCounter.table","NW_015090842.1:10121802",4,13,9
"ZNF276","s1321_S_ADR_02_ASEReadCounter.table","NW_015090842.1:10121971",16,32,16
"ZNF276","s1321_S_ADR_02_ASEReadCounter.table","NW_015090842.1:10122161",40,40,0
"ZNF276","s1321_S_ADR_02_ASEReadCounter.table","NW_015090842.1:10122164",41,41,0
"ZNF276","s1321_S_ADR_02_ASEReadCounter.table","NW_015090842.1:10122184",45,45,0
"ZNF276","s1321_S_ADR_02_ASEReadCounter.table","NW_015090842.1:10122883",25,44,19
"ZNF276","s1321_S_ADR_02_ASEReadCounter.table","NW_015090842.1:10122997",11,24,13
"ZNF276","s1321_S_ADR_02_ASEReadCounter.table","NW_015090842.1:10123069",17,37,20
"ZNF276","s1321_S_ADR_02_ASEReadCounter.table","NW_015090842.1:10123207",22,48,26
"ZNF276","s1321_S_ADR_02_ASEReadCounter.table","NW_015090842.1:10125787",28,52,24
"ZNF276","s1321_S_ADR_02_ASEReadCounter.table","NW_015090842.1:10126309",27,58,31
"ZNF276","s1321_S_ADR_02_ASEReadCounter.table","NW_015090842.1:10126348",26,56,30
"ZNF276","s1321_S_ADR_02_ASEReadCounter.table","NW_015090842.1:10126978",33,59,26
"ZNF276","s1321_S_ADR_02_ASEReadCounter.table","NW_015090842.1:10126991",29,49,20
"ZNF276","s1321_S_ADR_02_ASEReadCounter.table","NW_015090842.1:10127023",30,54,24
"ZNF276","s1321_S_ADR_02_ASEReadCounter.table","NW_015090842.1:10127063",30,55,25
"ZNF276","s1321_S_ADR_02_ASEReadCounter.table","NW_015090842.1:10127373",31,58,27
"ZNF276","s1321_S_ADR_02_ASEReadCounter.table","NW_015090842.1:10127931",42,73,31
"ZNF276","s1321_S_ADR_02_ASEReadCounter.table","NW_015090842.1:10128070",39,69,30
"ZNF276","s1321_S_ADR_02_ASEReadCounter.table","NW_015090842.1:10128102",34,63,29
"ZNF276","s1321_S_ADR_02_ASEReadCounter.table","NW_015090842.1:10128356",17,35,18
"ZNF276","s1321_S_ADR_02_ASEReadCounter.table","NW_015090842.1:10128497",16,25,9
"FANCA","s1321_S_ADR_02_ASEReadCounter.table","NW_015090842.1:10128743",6,6,0
"FANCA","s1321_S_ADR_02_ASEReadCounter.table","NW_015090842.1:10128822",8,9,1
"FANCA","s1321_S_ADR_02_ASEReadCounter.table","NW_015090842.1:10129383",4,5,1
"FANCA","s1321_S_ADR_02_ASEReadCounter.table","NW_015090842.1:10129390",4,5,1
"FANCA","s1321_S_ADR_02_ASEReadCounter.table","NW_015090842.1:10129422",5,5,0
"FANCA","s1321_S_ADR_02_ASEReadCounter.table","NW_015090842.1:10129969",3,4,1
"FANCA","s1321_S_ADR_02_ASEReadCounter.table","NW_015090842.1:10130399",4,6,2
"FANCA","s1321_S_ADR_02_ASEReadCounter.table","NW_015090842.1:10130857",3,4,1
"FANCA","s1321_S_ADR_02_ASEReadCounter.table","NW_015090842.1:10130878",3,4,1
"FANCA","s1321_S_ADR_02_ASEReadCounter.table","NW_015090842.1:10133530",2,2,0
"FANCA","s1321_S_ADR_02_ASEReadCounter.table","NW_015090842.1:10133533",3,3,0
"FANCA","s1321_S_ADR_02_ASEReadCounter.table","NW_015090842.1:10133536",3,3,0
"FANCA","s1321_S_ADR_02_ASEReadCounter.table","NW_015090842.1:10133601",5,8,3
"FANCA","s1321_S_ADR_02_ASEReadCounter.table","NW_015090842.1:10134492",2,3,1
"FANCA","s1321_S_ADR_02_ASEReadCounter.table","NW_015090842.1:10136957",1,2,1
"FANCA","s1321_S_ADR_02_ASEReadCounter.table","NW_015090842.1:10136982",1,1,0
"FANCA","s1321_S_ADR_02_ASEReadCounter.table","NW_015090842.1:10136999",2,2,0
"FANCA","s1321_S_ADR_02_ASEReadCounter.table","NW_015090842.1:10137019",2,2,0
"FANCA","s1321_S_ADR_02_ASEReadCounter.table","NW_015090842.1:10137673",2,3,1
"FANCA","s1321_S_ADR_02_ASEReadCounter.table","NW_015090842.1:10138618",6,9,3
"FANCA","s1321_S_ADR_02_ASEReadCounter.table","NW_015090842.1:10139140",4,7,3
"FANCA","s1321_S_ADR_02_ASEReadCounter.table","NW_015090842.1:10140699",5,8,3
"FANCA","s1321_S_ADR_02_ASEReadCounter.table","NW_015090842.1:10141234",0,1,1
"FANCA","s1321_S_ADR_02_ASEReadCounter.table","NW_015090842.1:10145030",5,5,0
"FANCA","s1321_S_ADR_02_ASEReadCounter.table","NW_015090842.1:10150518",3,5,2
"FANCA","s1321_S_ADR_02_ASEReadCounter.table","NW_015090842.1:10152863",1,2,1
"FANCA","s1321_S_ADR_02_ASEReadCounter.table","NW_015090842.1:10154490",2,5,3
"FANCA","s1321_S_ADR_02_ASEReadCounter.table","NW_015090842.1:10158162",3,4,1
"FANCA","s1321_S_ADR_02_ASEReadCounter.table","NW_015090842.1:10158957",3,3,0
"FANCA","s1321_S_ADR_02_ASEReadCounter.table","NW_015090842.1:10160177",2,2,0
"FANCA","s1321_S_ADR_02_ASEReadCounter.table","NW_015090842.1:10163667",3,3,0
"FANCA","s1321_S_ADR_02_ASEReadCounter.table","NW_015090842.1:10164257",1,2,1
"FANCA","s1321_S_ADR_02_ASEReadCounter.table","NW_015090842.1:10165331",2,3,1
"SPIRE2","s1321_S_ADR_02_ASEReadCounter.table","NW_015090842.1:10172284",4,7,3
"SPIRE2","s1321_S_ADR_02_ASEReadCounter.table","NW_015090842.1:10175262",9,11,2
"SPIRE2","s1321_S_ADR_02_ASEReadCounter.table","NW_015090842.1:10175352",2,3,1
"SPIRE2","s1321_S_ADR_02_ASEReadCounter.table","NW_015090842.1:10175400",5,14,9
"SPIRE2","s1321_S_ADR_02_ASEReadCounter.table","NW_015090842.1:10175418",6,15,9
"SPIRE2","s1321_S_ADR_02_ASEReadCounter.table","NW_015090842.1:10175704",8,22,14
"SPIRE2","s1321_S_ADR_02_ASEReadCounter.table","NW_015090842.1:10176115",9,27,18
"SPIRE2","s1321_S_ADR_02_ASEReadCounter.table","NW_015090842.1:10176561",15,33,18
"SPIRE2","s1321_S_ADR_02_ASEReadCounter.table","NW_015090842.1:10176817",16,31,15
"SPIRE2","s1321_S_ADR_02_ASEReadCounter.table","NW_015090842.1:10177084",13,23,10
"SPIRE2","s1321_S_ADR_02_ASEReadCounter.table","NW_015090842.1:10177838",12,28,16
"SPIRE2","s1321_S_ADR_02_ASEReadCounter.table","NW_015090842.1:10178000",10,20,10
"SPIRE2","s1321_S_ADR_02_ASEReadCounter.table","NW_015090842.1:10178164",21,33,12
"SPIRE2","s1321_S_ADR_02_ASEReadCounter.table","NW_015090842.1:10178216",20,33,13
"SPIRE2","s1321_S_ADR_02_ASEReadCounter.table","NW_015090842.1:10178303",16,26,10
"SPIRE2","s1321_S_ADR_02_ASEReadCounter.table","NW_015090842.1:10178403",8,20,12
"SPIRE2","s1321_S_ADR_02_ASEReadCounter.table","NW_015090842.1:10178409",8,18,10
"SPIRE2","s1321_S_ADR_02_ASEReadCounter.table","NW_015090842.1:10178524",9,18,9
"SPIRE2","s1321_S_ADR_02_ASEReadCounter.table","NW_015090842.1:10178526",9,19,10
"SPIRE2","s1321_S_ADR_02_ASEReadCounter.table","NW_015090842.1:10178531",8,18,10
"SPIRE2","s1321_S_ADR_02_ASEReadCounter.table","NW_015090842.1:10178565",6,15,9
"SPIRE2","s1321_S_ADR_02_ASEReadCounter.table","NW_015090842.1:10178587",4,14,10
"SPIRE2","s1321_S_ADR_02_ASEReadCounter.table","NW_015090842.1:10178640",1,10,9
"SPIRE2","s1321_S_ADR_02_ASEReadCounter.table","NW_015090842.1:10178651",2,12,10
"SPIRE2","s1321_S_ADR_02_ASEReadCounter.table","NW_015090842.1:10178682",2,8,6
"TCF25","s1321_S_ADR_02_ASEReadCounter.table","NW_015090842.1:10180912",46,80,34
"TCF25","s1321_S_ADR_02_ASEReadCounter.table","NW_015090842.1:10180924",48,83,35
"TCF25","s1321_S_ADR_02_ASEReadCounter.table","NW_015090842.1:10180931",46,82,36
"TCF25","s1321_S_ADR_02_ASEReadCounter.table","NW_015090842.1:10185332",120,213,93
"TCF25","s1321_S_ADR_02_ASEReadCounter.table","NW_015090842.1:10196561",92,181,89
"TCF25","s1321_S_ADR_02_ASEReadCounter.table","NW_015090842.1:10197399",232,232,0
"MC1R","s1321_S_ADR_02_ASEReadCounter.table","NW_015090842.1:10201853",1,1,0
"TUBB3","s1321_S_ADR_02_ASEReadCounter.table","NW_015090842.1:10205322",1,1,0
"GAS8","s1321_S_ADR_02_ASEReadCounter.table","NW_015090842.1:10228982",72,143,71
"GAS8","s1321_S_ADR_02_ASEReadCounter.table","NW_015090842.1:10229832",56,101,45
"GAS8","s1321_S_ADR_02_ASEReadCounter.table","NW_015090842.1:10232901",47,89,42
"GAS8","s1321_S_ADR_02_ASEReadCounter.table","NW_015090842.1:10232928",42,79,37
"GAS8","s1321_S_ADR_02_ASEReadCounter.table","NW_015090842.1:10232967",50,90,40
"GAS8","s1321_S_ADR_02_ASEReadCounter.table","NW_015090842.1:10233032",39,76,37
"GAS8","s1321_S_ADR_02_ASEReadCounter.table","NW_015090842.1:10233057",28,56,28
"GAS8","s1321_S_ADR_02_ASEReadCounter.table","NW_015090842.1:10233058",28,56,28
"GAS8","s1321_S_ADR_02_ASEReadCounter.table","NW_015090842.1:10233176",18,37,19
"GAS8","s1321_S_ADR_02_ASEReadCounter.table","NW_015090842.1:10233196",16,40,24
"GAS8","s1321_S_ADR_02_ASEReadCounter.table","NW_015090842.1:10233252",11,28,17
"GAS8","s1321_S_ADR_02_ASEReadCounter.table","NW_015090842.1:10233303",0,5,5
"LOC106888094","s1321_S_ADR_02_ASEReadCounter.table","NW_015090842.1:10233334",13,43,30
"LOC106888094","s1321_S_ADR_02_ASEReadCounter.table","NW_015090842.1:10233362",20,84,64
"LOC106888094","s1321_S_ADR_02_ASEReadCounter.table","NW_015090842.1:10233373",21,96,75
"LOC106888094","s1321_S_ADR_02_ASEReadCounter.table","NW_015090842.1:10233388",33,114,81
"LOC106888094","s1321_S_ADR_02_ASEReadCounter.table","NW_015090842.1:10233402",36,115,79
"LOC106888094","s1321_S_ADR_02_ASEReadCounter.table","NW_015090842.1:10233465",49,149,100
"LOC106888094","s1321_S_ADR_02_ASEReadCounter.table","NW_015090842.1:10233803",57,211,154
"LOC106888094","s1321_S_ADR_02_ASEReadCounter.table","NW_015090842.1:10233815",49,182,133
"LOC106888094","s1321_S_ADR_02_ASEReadCounter.table","NW_015090842.1:10235484",9,18,9
"LOC106888094","s1321_S_ADR_02_ASEReadCounter.table","NW_015090842.1:10235611",8,13,5
"LOC106888094","s1321_S_ADR_02_ASEReadCounter.table","NW_015090842.1:10235977",19,19,0
"LOC106888094","s1321_S_ADR_02_ASEReadCounter.table","NW_015090842.1:10236098",30,55,25
"LOC106888094","s1321_S_ADR_02_ASEReadCounter.table","NW_015090842.1:10236161",9,44,35
"LOC106888094","s1321_S_ADR_02_ASEReadCounter.table","NW_015090842.1:10236380",9,24,15
"LOC106888094","s1321_S_ADR_02_ASEReadCounter.table","NW_015090842.1:10236388",13,24,11
"LOC106888094","s1321_S_ADR_02_ASEReadCounter.table","NW_015090842.1:10236425",13,34,21
"LOC106888094","s1321_S_ADR_02_ASEReadCounter.table","NW_015090842.1:10236426",13,34,21
"LOC106888094","s1321_S_ADR_02_ASEReadCounter.table","NW_015090842.1:10236603",11,21,10
"LOC106888173","s1321_S_ADR_02_ASEReadCounter.table","NW_015090842.1:10239596",19,24,5
"LOC106888173","s1321_S_ADR_02_ASEReadCounter.table","NW_015090842.1:10240036",33,57,24
"LOC106888173","s1321_S_ADR_02_ASEReadCounter.table","NW_015090842.1:10240095",44,71,27
"LOC106888173","s1321_S_ADR_02_ASEReadCounter.table","NW_015090842.1:10240280",42,64,22
"LOC106888173","s1321_S_ADR_02_ASEReadCounter.table","NW_015090842.1:10240557",66,90,24
"LOC106888173","s1321_S_ADR_02_ASEReadCounter.table","NW_015090842.1:10240603",60,82,22
"LOC106888173","s1321_S_ADR_02_ASEReadCounter.table","NW_015090842.1:10240609",57,80,23
"LOC106888173","s1321_S_ADR_02_ASEReadCounter.table","NW_015090842.1:10240924",44,71,27
"LOC106888173","s1321_S_ADR_02_ASEReadCounter.table","NW_015090842.1:10241037",20,52,32
"LOC106888173","s1321_S_ADR_02_ASEReadCounter.table","NW_015090842.1:10241046",30,60,30
"LOC106888173","s1321_S_ADR_02_ASEReadCounter.table","NW_015090842.1:10241058",34,60,26
"LOC106888173","s1321_S_ADR_02_ASEReadCounter.table","NW_015090842.1:10241064",39,62,23
"LOC106888173","s1321_S_ADR_02_ASEReadCounter.table","NW_015090842.1:10241163",55,84,29
"LOC106888173","s1321_S_ADR_02_ASEReadCounter.table","NW_015090842.1:10241803",49,77,28
"LOC106888173","s1321_S_ADR_02_ASEReadCounter.table","NW_015090842.1:10241827",43,69,26
"LOC106888173","s1321_S_ADR_02_ASEReadCounter.table","NW_015090842.1:10241869",69,101,32
"LOC106888173","s1321_S_ADR_02_ASEReadCounter.table","NW_015090842.1:10242079",65,92,27
"LOC106888173","s1321_S_ADR_02_ASEReadCounter.table","NW_015090842.1:10242103",57,83,26
"LOC106888173","s1321_S_ADR_02_ASEReadCounter.table","NW_015090842.1:10242157",52,76,24
"LOC106888173","s1321_S_ADR_02_ASEReadCounter.table","NW_015090842.1:10242455",60,85,25
"LOC106888173","s1321_S_ADR_02_ASEReadCounter.table","NW_015090842.1:10242481",59,85,26
"LOC106888173","s1321_S_ADR_02_ASEReadCounter.table","NW_015090842.1:10242590",47,74,27
"LOC106888173","s1321_S_ADR_02_ASEReadCounter.table","NW_015090842.1:10242794",46,84,38
"LOC106888173","s1321_S_ADR_02_ASEReadCounter.table","NW_015090842.1:10242909",30,58,28
"LOC106888173","s1321_S_ADR_02_ASEReadCounter.table","NW_015090842.1:10243094",45,72,27
"LOC106888173","s1321_S_ADR_02_ASEReadCounter.table","NW_015090842.1:10243133",38,63,25
"LOC106888173","s1321_S_ADR_02_ASEReadCounter.table","NW_015090842.1:10243273",41,64,23
"LOC106888173","s1321_S_ADR_02_ASEReadCounter.table","NW_015090842.1:10243278",43,70,27
"LOC106888173","s1321_S_ADR_02_ASEReadCounter.table","NW_015090842.1:10243281",43,70,27
"LOC106888173","s1321_S_ADR_02_ASEReadCounter.table","NW_015090842.1:10243347",41,53,12
"LOC106888173","s1321_S_ADR_02_ASEReadCounter.table","NW_015090842.1:10243353",26,50,24
"LOC106888173","s1321_S_ADR_02_ASEReadCounter.table","NW_015090842.1:10243363",23,45,22
"LOC106888173","s1321_S_ADR_02_ASEReadCounter.table","NW_015090842.1:10243365",22,44,22
"LOC106888173","s1321_S_ADR_02_ASEReadCounter.table","NW_015090842.1:10243529",58,74,16
"LOC106888173","s1321_S_ADR_02_ASEReadCounter.table","NW_015090842.1:10243566",77,102,25
"LOC106888173","s1321_S_ADR_02_ASEReadCounter.table","NW_015090842.1:10243605",42,108,66
"LOC106888173","s1321_S_ADR_02_ASEReadCounter.table","NW_015090842.1:10243614",37,102,65
"LOC106888173","s1321_S_ADR_02_ASEReadCounter.table","NW_015090842.1:10243615",37,102,65
"LOC106888173","s1321_S_ADR_02_ASEReadCounter.table","NW_015090842.1:10243640",54,75,21
"LOC106888173","s1321_S_ADR_02_ASEReadCounter.table","NW_015090842.1:10243680",30,49,19
"LOC106888173","s1321_S_ADR_02_ASEReadCounter.table","NW_015090842.1:10243742",38,54,16
"LOC106888173","s1321_S_ADR_02_ASEReadCounter.table","NW_015090842.1:10243804",25,38,13
"LOC106888173","s1321_S_ADR_02_ASEReadCounter.table","NW_015090842.1:10243913",10,14,4
"LOC106888173","s1321_S_ADR_02_ASEReadCounter.table","NW_015090842.1:10243921",10,14,4
"LOC106888384","s1321_S_ADR_02_ASEReadCounter.table","NW_015090842.1:10244714",55,134,79
"LOC106888384","s1321_S_ADR_02_ASEReadCounter.table","NW_015090842.1:10244998",132,291,159
"LOC106888384","s1321_S_ADR_02_ASEReadCounter.table","NW_015090842.1:10250743",156,350,194
"LOC106888384","s1321_S_ADR_02_ASEReadCounter.table","NW_015090842.1:10250771",159,365,206
"LOC106888384","s1321_S_ADR_02_ASEReadCounter.table","NW_015090842.1:10251343",285,285,0
"LOC106888384","s1321_S_ADR_02_ASEReadCounter.table","NW_015090842.1:10251344",284,285,1
"LOC106888384","s1321_S_ADR_02_ASEReadCounter.table","NW_015090842.1:10251349",266,266,0
"LOC106888384","s1321_S_ADR_02_ASEReadCounter.table","NW_015090842.1:10251354",250,260,10
"LOC106888384","s1321_S_ADR_02_ASEReadCounter.table","NW_015090842.1:10251358",241,251,10
"LOC106888384","s1321_S_ADR_02_ASEReadCounter.table","NW_015090842.1:10251369",77,227,150
"LOC106888384","s1321_S_ADR_02_ASEReadCounter.table","NW_015090842.1:10251370",199,209,10
"LOC106888384","s1321_S_ADR_02_ASEReadCounter.table","NW_015090842.1:10251375",189,199,10
"LOC106888384","s1321_S_ADR_02_ASEReadCounter.table","NW_015090842.1:10251388",112,121,9
"LOC106888384","s1321_S_ADR_02_ASEReadCounter.table","NW_015090842.1:10251390",111,120,9
"LOC106888384","s1321_S_ADR_02_ASEReadCounter.table","NW_015090842.1:10251393",107,116,9
"LOC106888384","s1321_S_ADR_02_ASEReadCounter.table","NW_015090842.1:10251399",112,120,8
"LOC106888384","s1321_S_ADR_02_ASEReadCounter.table","NW_015090842.1:10251492",129,129,0
"LOC106888384","s1321_S_ADR_02_ASEReadCounter.table","NW_015090842.1:10253165",254,547,293
"LOC106888384","s1321_S_ADR_02_ASEReadCounter.table","NW_015090842.1:10253284",245,526,281
"LOC106888384","s1321_S_ADR_02_ASEReadCounter.table","NW_015090842.1:10253605",295,581,286
"LOC106888384","s1321_S_ADR_02_ASEReadCounter.table","NW_015090842.1:10254028",267,556,289
"LOC106888384","s1321_S_ADR_02_ASEReadCounter.table","NW_015090842.1:10254227",247,530,283
"LOC106888384","s1321_S_ADR_02_ASEReadCounter.table","NW_015090842.1:10254233",244,541,297
"LOC106888384","s1321_S_ADR_02_ASEReadCounter.table","NW_015090842.1:10254263",278,596,318
"LOC106888384","s1321_S_ADR_02_ASEReadCounter.table","NW_015090842.1:10254293",259,510,251
"LOC106888384","s1321_S_ADR_02_ASEReadCounter.table","NW_015090842.1:10254570",243,524,281
"LOC106888384","s1321_S_ADR_02_ASEReadCounter.table","NW_015090842.1:10254647",147,306,159
"LOC106888384","s1321_S_ADR_02_ASEReadCounter.table","NW_015090842.1:10254663",104,233,129
"LOC106888384","s1321_S_ADR_02_ASEReadCounter.table","NW_015090842.1:10254840",59,163,104
"LOC106888384","s1321_S_ADR_02_ASEReadCounter.table","NW_015090842.1:10254854",210,210,0
"LOC106888384","s1321_S_ADR_02_ASEReadCounter.table","NW_015090842.1:10254891",304,304,0
"LOC106888384","s1321_S_ADR_02_ASEReadCounter.table","NW_015090842.1:10254900",104,304,200
"LOC106888384","s1321_S_ADR_02_ASEReadCounter.table","NW_015090842.1:10254915",105,317,212
"LOC106888384","s1321_S_ADR_02_ASEReadCounter.table","NW_015090842.1:10254965",204,204,0
"LOC106888384","s1321_S_ADR_02_ASEReadCounter.table","NW_015090842.1:10254975",76,213,137
"LOC106888384","s1321_S_ADR_02_ASEReadCounter.table","NW_015090842.1:10255077",134,340,206
"LOC106888384","s1321_S_ADR_02_ASEReadCounter.table","NW_015090842.1:10255117",140,361,221
"LOC106888384","s1321_S_ADR_02_ASEReadCounter.table","NW_015090842.1:10255138",104,309,205
"LOC106888384","s1321_S_ADR_02_ASEReadCounter.table","NW_015090842.1:10255139",105,304,199
"LOC106888384","s1321_S_ADR_02_ASEReadCounter.table","NW_015090842.1:10255209",134,345,211
"LOC106888384","s1321_S_ADR_02_ASEReadCounter.table","NW_015090842.1:10255211",139,347,208
"LOC106888384","s1321_S_ADR_02_ASEReadCounter.table","NW_015090842.1:10255236",146,357,211
"LOC106888384","s1321_S_ADR_02_ASEReadCounter.table","NW_015090842.1:10255262",128,345,217
"LOC106888384","s1321_S_ADR_02_ASEReadCounter.table","NW_015090842.1:10255264",127,367,240
"LOC106888384","s1321_S_ADR_02_ASEReadCounter.table","NW_015090842.1:10255306",187,433,246
"LOC106888384","s1321_S_ADR_02_ASEReadCounter.table","NW_015090842.1:10255340",216,493,277
"LOC106888384","s1321_S_ADR_02_ASEReadCounter.table","NW_015090842.1:10255410",189,449,260
"LOC106888384","s1321_S_ADR_02_ASEReadCounter.table","NW_015090842.1:10255449",194,445,251
"LOC106888384","s1321_S_ADR_02_ASEReadCounter.table","NW_015090842.1:10255496",217,475,258
"LOC106888384","s1321_S_ADR_02_ASEReadCounter.table","NW_015090842.1:10255505",180,410,230
"LOC106888384","s1321_S_ADR_02_ASEReadCounter.table","NW_015090842.1:10255531",184,419,235
"LOC106888384","s1321_S_ADR_02_ASEReadCounter.table","NW_015090842.1:10255608",181,420,239
"LOC106888384","s1321_S_ADR_02_ASEReadCounter.table","NW_015090842.1:10255614",171,379,208
"LOC106888384","s1321_S_ADR_02_ASEReadCounter.table","NW_015090842.1:10255704",140,318,178
"LOC106888384","s1321_S_ADR_02_ASEReadCounter.table","NW_015090842.1:10255731",112,253,141
"LOC106888384","s1321_S_ADR_02_ASEReadCounter.table","NW_015090842.1:10255771",74,146,72
"TANGO6","s1321_S_ADR_02_ASEReadCounter.table","NW_015090842.1:10257782",8,12,4
"TANGO6","s1321_S_ADR_02_ASEReadCounter.table","NW_015090842.1:10258162",11,22,11
"TANGO6","s1321_S_ADR_02_ASEReadCounter.table","NW_015090842.1:10258185",12,25,13
"TANGO6","s1321_S_ADR_02_ASEReadCounter.table","NW_015090842.1:10259267",17,35,18
"TANGO6","s1321_S_ADR_02_ASEReadCounter.table","NW_015090842.1:10260250",42,82,40
"TANGO6","s1321_S_ADR_02_ASEReadCounter.table","NW_015090842.1:10260979",34,66,32
"TANGO6","s1321_S_ADR_02_ASEReadCounter.table","NW_015090842.1:10261599",33,65,32
"TANGO6","s1321_S_ADR_02_ASEReadCounter.table","NW_015090842.1:10268425",44,87,43
"TANGO6","s1321_S_ADR_02_ASEReadCounter.table","NW_015090842.1:10269831",27,67,40
"TANGO6","s1321_S_ADR_02_ASEReadCounter.table","NW_015090842.1:10270813",35,52,17
"TANGO6","s1321_S_ADR_02_ASEReadCounter.table","NW_015090842.1:10273952",25,41,16
"TANGO6","s1321_S_ADR_02_ASEReadCounter.table","NW_015090842.1:10273970",30,46,16
"TANGO6","s1321_S_ADR_02_ASEReadCounter.table","NW_015090842.1:10274018",29,41,12
"TANGO6","s1321_S_ADR_02_ASEReadCounter.table","NW_015090842.1:10275974",20,42,22
"TANGO6","s1321_S_ADR_02_ASEReadCounter.table","NW_015090842.1:10275976",20,42,22
"TANGO6","s1321_S_ADR_02_ASEReadCounter.table","NW_015090842.1:10276123",24,34,10
"TANGO6","s1321_S_ADR_02_ASEReadCounter.table","NW_015090842.1:10276271",23,42,19
"TANGO6","s1321_S_ADR_02_ASEReadCounter.table","NW_015090842.1:10276272",23,42,19
"TANGO6","s1321_S_ADR_02_ASEReadCounter.table","NW_015090842.1:10276275",25,44,19
"TANGO6","s1321_S_ADR_02_ASEReadCounter.table","NW_015090842.1:10276278",24,42,18
"TANGO6","s1321_S_ADR_02_ASEReadCounter.table","NW_015090842.1:10276368",25,42,17
"TANGO6","s1321_S_ADR_02_ASEReadCounter.table","NW_015090842.1:10276373",22,40,18
"TANGO6","s1321_S_ADR_02_ASEReadCounter.table","NW_015090842.1:10276630",30,46,16
"TANGO6","s1321_S_ADR_02_ASEReadCounter.table","NW_015090842.1:10281498",17,33,16
"TANGO6","s1321_S_ADR_02_ASEReadCounter.table","NW_015090842.1:10282842",19,35,16
"TANGO6","s1321_S_ADR_02_ASEReadCounter.table","NW_015090842.1:10282863",15,28,13
"TANGO6","s1321_S_ADR_02_ASEReadCounter.table","NW_015090842.1:10282869",16,30,14
"TANGO6","s1321_S_ADR_02_ASEReadCounter.table","NW_015090842.1:10282903",18,31,13
"TANGO6","s1321_S_ADR_02_ASEReadCounter.table","NW_015090842.1:10283757",18,39,21
"TANGO6","s1321_S_ADR_02_ASEReadCounter.table","NW_015090842.1:10283785",20,39,19
"HAS3","s1321_S_ADR_02_ASEReadCounter.table","NW_015090842.1:10288364",1,1,0
"HAS3","s1321_S_ADR_02_ASEReadCounter.table","NW_015090842.1:10288405",1,1,0
"HAS3","s1321_S_ADR_02_ASEReadCounter.table","NW_015090842.1:10290375",1,1,0
"HAS3","s1321_S_ADR_02_ASEReadCounter.table","NW_015090842.1:10290395",1,1,0
"CHTF8","s1321_S_ADR_02_ASEReadCounter.table","NW_015090842.1:10291319",1,3,2
"CHTF8","s1321_S_ADR_02_ASEReadCounter.table","NW_015090842.1:10291342",2,5,3
"CHTF8","s1321_S_ADR_02_ASEReadCounter.table","NW_015090842.1:10291491",15,21,6
"CHTF8","s1321_S_ADR_02_ASEReadCounter.table","NW_015090842.1:10291520",21,26,5
"CHTF8","s1321_S_ADR_02_ASEReadCounter.table","NW_015090842.1:10291593",20,29,9
"CHTF8","s1321_S_ADR_02_ASEReadCounter.table","NW_015090842.1:10291600",18,28,10
"CHTF8","s1321_S_ADR_02_ASEReadCounter.table","NW_015090842.1:10291609",17,27,10
"CHTF8","s1321_S_ADR_02_ASEReadCounter.table","NW_015090842.1:10291639",18,31,13
"CHTF8","s1321_S_ADR_02_ASEReadCounter.table","NW_015090842.1:10291641",18,31,13
"CHTF8","s1321_S_ADR_02_ASEReadCounter.table","NW_015090842.1:10291648",21,35,14
"CHTF8","s1321_S_ADR_02_ASEReadCounter.table","NW_015090842.1:10291656",21,36,15
"CHTF8","s1321_S_ADR_02_ASEReadCounter.table","NW_015090842.1:10291675",19,36,17
"CHTF8","s1321_S_ADR_02_ASEReadCounter.table","NW_015090842.1:10291696",25,39,14
"CHTF8","s1321_S_ADR_02_ASEReadCounter.table","NW_015090842.1:10291714",31,45,14
"CHTF8","s1321_S_ADR_02_ASEReadCounter.table","NW_015090842.1:10291732",33,48,15
"CHTF8","s1321_S_ADR_02_ASEReadCounter.table","NW_015090842.1:10291755",30,44,14
"CHTF8","s1321_S_ADR_02_ASEReadCounter.table","NW_015090842.1:10291756",31,44,13
"CHTF8","s1321_S_ADR_02_ASEReadCounter.table","NW_015090842.1:10291758",31,44,13
"CHTF8","s1321_S_ADR_02_ASEReadCounter.table","NW_015090842.1:10291792",23,38,15
"CHTF8","s1321_S_ADR_02_ASEReadCounter.table","NW_015090842.1:10291895",27,41,14
"CHTF8","s1321_S_ADR_02_ASEReadCounter.table","NW_015090842.1:10292132",19,27,8
"CHTF8","s1321_S_ADR_02_ASEReadCounter.table","NW_015090842.1:10292314",14,27,13
"CHTF8","s1321_S_ADR_02_ASEReadCounter.table","NW_015090842.1:10292317",14,27,13
"CHTF8","s1321_S_ADR_02_ASEReadCounter.table","NW_015090842.1:10292928",2,7,5
"UTP4","s1321_S_ADR_02_ASEReadCounter.table","NW_015090842.1:10293146",37,75,38
"UTP4","s1321_S_ADR_02_ASEReadCounter.table","NW_015090842.1:10293151",45,83,38
"UTP4","s1321_S_ADR_02_ASEReadCounter.table","NW_015090842.1:10293191",26,51,25
"UTP4","s1321_S_ADR_02_ASEReadCounter.table","NW_015090842.1:10293362",49,96,47
"UTP4","s1321_S_ADR_02_ASEReadCounter.table","NW_015090842.1:10293430",37,84,47
"UTP4","s1321_S_ADR_02_ASEReadCounter.table","NW_015090842.1:10293625",38,75,37
"UTP4","s1321_S_ADR_02_ASEReadCounter.table","NW_015090842.1:10293684",36,77,41
"UTP4","s1321_S_ADR_02_ASEReadCounter.table","NW_015090842.1:10294093",44,70,26
"UTP4","s1321_S_ADR_02_ASEReadCounter.table","NW_015090842.1:10294568",34,72,38
"UTP4","s1321_S_ADR_02_ASEReadCounter.table","NW_015090842.1:10294622",34,69,35
"UTP4","s1321_S_ADR_02_ASEReadCounter.table","NW_015090842.1:10294632",33,65,32
"UTP4","s1321_S_ADR_02_ASEReadCounter.table","NW_015090842.1:10295238",46,88,42
"UTP4","s1321_S_ADR_02_ASEReadCounter.table","NW_015090842.1:10295880",44,88,44
"UTP4","s1321_S_ADR_02_ASEReadCounter.table","NW_015090842.1:10295884",42,91,49
"UTP4","s1321_S_ADR_02_ASEReadCounter.table","NW_015090842.1:10295903",38,83,45
"UTP4","s1321_S_ADR_02_ASEReadCounter.table","NW_015090842.1:10295906",38,85,47
"UTP4","s1321_S_ADR_02_ASEReadCounter.table","NW_015090842.1:10295915",35,80,45
"UTP4","s1321_S_ADR_02_ASEReadCounter.table","NW_015090842.1:10295938",33,76,43
"UTP4","s1321_S_ADR_02_ASEReadCounter.table","NW_015090842.1:10296175",32,83,51
"UTP4","s1321_S_ADR_02_ASEReadCounter.table","NW_015090842.1:10296660",28,64,36
"UTP4","s1321_S_ADR_02_ASEReadCounter.table","NW_015090842.1:10296679",28,56,28
"UTP4","s1321_S_ADR_02_ASEReadCounter.table","NW_015090842.1:10297193",44,89,45
"UTP4","s1321_S_ADR_02_ASEReadCounter.table","NW_015090842.1:10297220",35,74,39
"UTP4","s1321_S_ADR_02_ASEReadCounter.table","NW_015090842.1:10297307",41,88,47
"UTP4","s1321_S_ADR_02_ASEReadCounter.table","NW_015090842.1:10297558",33,67,34
"UTP4","s1321_S_ADR_02_ASEReadCounter.table","NW_015090842.1:10297943",34,68,34
"UTP4","s1321_S_ADR_02_ASEReadCounter.table","NW_015090842.1:10297979",29,60,31
"UTP4","s1321_S_ADR_02_ASEReadCounter.table","NW_015090842.1:10298022",15,35,20
"UTP4","s1321_S_ADR_02_ASEReadCounter.table","NW_015090842.1:10298079",1,9,8
"UTP4","s1321_S_ADR_02_ASEReadCounter.table","NW_015090842.1:10298081",1,8,7
"UTP4","s1321_S_ADR_02_ASEReadCounter.table","NW_015090842.1:10298082",1,9,8
"SNTB2","s1321_S_ADR_02_ASEReadCounter.table","NW_015090842.1:10298905",4,7,3
"SNTB2","s1321_S_ADR_02_ASEReadCounter.table","NW_015090842.1:10298928",6,9,3
"SNTB2","s1321_S_ADR_02_ASEReadCounter.table","NW_015090842.1:10303506",25,44,19
"SNTB2","s1321_S_ADR_02_ASEReadCounter.table","NW_015090842.1:10303524",23,42,19
"SNTB2","s1321_S_ADR_02_ASEReadCounter.table","NW_015090842.1:10304059",23,43,20
"SNTB2","s1321_S_ADR_02_ASEReadCounter.table","NW_015090842.1:10304089",20,42,22
"SNTB2","s1321_S_ADR_02_ASEReadCounter.table","NW_015090842.1:10304167",16,25,9
"SNTB2","s1321_S_ADR_02_ASEReadCounter.table","NW_015090842.1:10304176",18,25,7
"SNTB2","s1321_S_ADR_02_ASEReadCounter.table","NW_015090842.1:10305069",22,36,14
"SNTB2","s1321_S_ADR_02_ASEReadCounter.table","NW_015090842.1:10305099",19,36,17
"SNTB2","s1321_S_ADR_02_ASEReadCounter.table","NW_015090842.1:10305451",22,45,23
"SNTB2","s1321_S_ADR_02_ASEReadCounter.table","NW_015090842.1:10305547",23,36,13
"SNTB2","s1321_S_ADR_02_ASEReadCounter.table","NW_015090842.1:10305847",19,39,20
"SNTB2","s1321_S_ADR_02_ASEReadCounter.table","NW_015090842.1:10305911",20,39,19
"SNTB2","s1321_S_ADR_02_ASEReadCounter.table","NW_015090842.1:10306173",15,37,22
"SNTB2","s1321_S_ADR_02_ASEReadCounter.table","NW_015090842.1:10306275",19,29,10
"SNTB2","s1321_S_ADR_02_ASEReadCounter.table","NW_015090842.1:10306457",25,38,13
"SNTB2","s1321_S_ADR_02_ASEReadCounter.table","NW_015090842.1:10306496",27,42,15
"SNTB2","s1321_S_ADR_02_ASEReadCounter.table","NW_015090842.1:10306499",25,40,15
"VPS4A","s1321_S_ADR_02_ASEReadCounter.table","NW_015090842.1:10308566",121,298,177
"VPS4A","s1321_S_ADR_02_ASEReadCounter.table","NW_015090842.1:10308573",126,307,181
"VPS4A","s1321_S_ADR_02_ASEReadCounter.table","NW_015090842.1:10308856",155,383,228
"VPS4A","s1321_S_ADR_02_ASEReadCounter.table","NW_015090842.1:10309056",179,443,264
"VPS4A","s1321_S_ADR_02_ASEReadCounter.table","NW_015090842.1:10309089",240,519,279
"VPS4A","s1321_S_ADR_02_ASEReadCounter.table","NW_015090842.1:10309392",247,475,228
"VPS4A","s1321_S_ADR_02_ASEReadCounter.table","NW_015090842.1:10309413",247,492,245
"VPS4A","s1321_S_ADR_02_ASEReadCounter.table","NW_015090842.1:10309467",263,581,318
"VPS4A","s1321_S_ADR_02_ASEReadCounter.table","NW_015090842.1:10310230",254,557,303
"VPS4A","s1321_S_ADR_02_ASEReadCounter.table","NW_015090842.1:10310425",222,501,279
"VPS4A","s1321_S_ADR_02_ASEReadCounter.table","NW_015090842.1:10310639",248,529,281
"VPS4A","s1321_S_ADR_02_ASEReadCounter.table","NW_015090842.1:10310640",248,531,283
"VPS4A","s1321_S_ADR_02_ASEReadCounter.table","NW_015090842.1:10310687",246,554,308
"VPS4A","s1321_S_ADR_02_ASEReadCounter.table","NW_015090842.1:10310734",197,422,225
"VPS4A","s1321_S_ADR_02_ASEReadCounter.table","NW_015090842.1:10310737",203,435,232
"VPS4A","s1321_S_ADR_02_ASEReadCounter.table","NW_015090842.1:10310746",202,435,233
"VPS4A","s1321_S_ADR_02_ASEReadCounter.table","NW_015090842.1:10310767",231,456,225
"VPS4A","s1321_S_ADR_02_ASEReadCounter.table","NW_015090842.1:10310995",229,482,253
"VPS4A","s1321_S_ADR_02_ASEReadCounter.table","NW_015090842.1:10311004",231,473,242
"VPS4A","s1321_S_ADR_02_ASEReadCounter.table","NW_015090842.1:10311007",229,477,248
"VPS4A","s1321_S_ADR_02_ASEReadCounter.table","NW_015090842.1:10311013",241,493,252
"VPS4A","s1321_S_ADR_02_ASEReadCounter.table","NW_015090842.1:10311022",215,456,241
"VPS4A","s1321_S_ADR_02_ASEReadCounter.table","NW_015090842.1:10311023",211,454,243
"VPS4A","s1321_S_ADR_02_ASEReadCounter.table","NW_015090842.1:10311426",210,452,242
"VPS4A","s1321_S_ADR_02_ASEReadCounter.table","NW_015090842.1:10311489",3,11,8
"VPS4A","s1321_S_ADR_02_ASEReadCounter.table","NW_015090842.1:10311490",3,9,6
"VPS4A","s1321_S_ADR_02_ASEReadCounter.table","NW_015090842.1:10311525",5,14,9
"VPS4A","s1321_S_ADR_02_ASEReadCounter.table","NW_015090842.1:10311529",6,16,10
"VPS4A","s1321_S_ADR_02_ASEReadCounter.table","NW_015090842.1:10311530",6,16,10
"VPS4A","s1321_S_ADR_02_ASEReadCounter.table","NW_015090842.1:10311552",31,52,21
"VPS4A","s1321_S_ADR_02_ASEReadCounter.table","NW_015090842.1:10311689",20,43,23
"VPS4A","s1321_S_ADR_02_ASEReadCounter.table","NW_015090842.1:10311700",20,46,26
"VPS4A","s1321_S_ADR_02_ASEReadCounter.table","NW_015090842.1:10311701",21,47,26
"VPS4A","s1321_S_ADR_02_ASEReadCounter.table","NW_015090842.1:10311703",21,45,24
"COG8","s1321_S_ADR_02_ASEReadCounter.table","NW_015090842.1:10313487",21,48,27
"COG8","s1321_S_ADR_02_ASEReadCounter.table","NW_015090842.1:10313559",27,64,37
"COG8","s1321_S_ADR_02_ASEReadCounter.table","NW_015090842.1:10313579",26,63,37
"COG8","s1321_S_ADR_02_ASEReadCounter.table","NW_015090842.1:10313665",34,63,29
"COG8","s1321_S_ADR_02_ASEReadCounter.table","NW_015090842.1:10313681",36,67,31
"COG8","s1321_S_ADR_02_ASEReadCounter.table","NW_015090842.1:10313768",42,105,63
"COG8","s1321_S_ADR_02_ASEReadCounter.table","NW_015090842.1:10313775",41,102,61
"COG8","s1321_S_ADR_02_ASEReadCounter.table","NW_015090842.1:10313811",30,77,47
"COG8","s1321_S_ADR_02_ASEReadCounter.table","NW_015090842.1:10313858",24,55,31
"COG8","s1321_S_ADR_02_ASEReadCounter.table","NW_015090842.1:10313859",55,55,0
"COG8","s1321_S_ADR_02_ASEReadCounter.table","NW_015090842.1:10314100",31,70,39
"COG8","s1321_S_ADR_02_ASEReadCounter.table","NW_015090842.1:10314213",37,81,44
"COG8","s1321_S_ADR_02_ASEReadCounter.table","NW_015090842.1:10315093",29,57,28
"COG8","s1321_S_ADR_02_ASEReadCounter.table","NW_015090842.1:10315162",40,74,34
"COG8","s1321_S_ADR_02_ASEReadCounter.table","NW_015090842.1:10315285",44,69,25
"COG8","s1321_S_ADR_02_ASEReadCounter.table","NW_015090842.1:10315360",23,57,34
"COG8","s1321_S_ADR_02_ASEReadCounter.table","NW_015090842.1:10315369",25,64,39
"COG8","s1321_S_ADR_02_ASEReadCounter.table","NW_015090842.1:10315508",21,39,18
"COG8","s1321_S_ADR_02_ASEReadCounter.table","NW_015090842.1:10315624",34,69,35
"COG8","s1321_S_ADR_02_ASEReadCounter.table","NW_015090842.1:10315693",34,65,31
"COG8","s1321_S_ADR_02_ASEReadCounter.table","NW_015090842.1:10315698",34,67,33
"COG8","s1321_S_ADR_02_ASEReadCounter.table","NW_015090842.1:10315768",29,64,35
"COG8","s1321_S_ADR_02_ASEReadCounter.table","NW_015090842.1:10315769",29,63,34
"COG8","s1321_S_ADR_02_ASEReadCounter.table","NW_015090842.1:10315784",29,68,39
"COG8","s1321_S_ADR_02_ASEReadCounter.table","NW_015090842.1:10316093",29,68,39
"COG8","s1321_S_ADR_02_ASEReadCounter.table","NW_015090842.1:10316133",26,61,35
"NIP7","s1321_S_ADR_02_ASEReadCounter.table","NW_015090842.1:10316759",20,47,27
"NIP7","s1321_S_ADR_02_ASEReadCounter.table","NW_015090842.1:10316967",97,209,112
"NIP7","s1321_S_ADR_02_ASEReadCounter.table","NW_015090842.1:10316995",106,223,117
"NIP7","s1321_S_ADR_02_ASEReadCounter.table","NW_015090842.1:10317240",181,359,178
"NIP7","s1321_S_ADR_02_ASEReadCounter.table","NW_015090842.1:10317247",178,358,180
"NIP7","s1321_S_ADR_02_ASEReadCounter.table","NW_015090842.1:10317264",173,338,165
"NIP7","s1321_S_ADR_02_ASEReadCounter.table","NW_015090842.1:10317433",196,384,188
"NIP7","s1321_S_ADR_02_ASEReadCounter.table","NW_015090842.1:10317738",110,239,129
"NIP7","s1321_S_ADR_02_ASEReadCounter.table","NW_015090842.1:10317769",109,232,123
"NIP7","s1321_S_ADR_02_ASEReadCounter.table","NW_015090842.1:10317808",68,148,80
"NIP7","s1321_S_ADR_02_ASEReadCounter.table","NW_015090842.1:10317870",44,106,62
"NIP7","s1321_S_ADR_02_ASEReadCounter.table","NW_015090842.1:10317871",45,102,57
"NIP7","s1321_S_ADR_02_ASEReadCounter.table","NW_015090842.1:10317898",29,63,34
"NIP7","s1321_S_ADR_02_ASEReadCounter.table","NW_015090842.1:10317911",28,58,30
"TMED6","s1321_S_ADR_02_ASEReadCounter.table","NW_015090842.1:10318514",4,6,2
"TMED6","s1321_S_ADR_02_ASEReadCounter.table","NW_015090842.1:10318731",2,4,2
"TERF2","s1321_S_ADR_02_ASEReadCounter.table","NW_015090842.1:10321768",15,45,30
"TERF2","s1321_S_ADR_02_ASEReadCounter.table","NW_015090842.1:10321777",14,41,27
"TERF2","s1321_S_ADR_02_ASEReadCounter.table","NW_015090842.1:10321805",18,55,37
"TERF2","s1321_S_ADR_02_ASEReadCounter.table","NW_015090842.1:10321878",22,66,44
"TERF2","s1321_S_ADR_02_ASEReadCounter.table","NW_015090842.1:10321893",20,61,41
"TERF2","s1321_S_ADR_02_ASEReadCounter.table","NW_015090842.1:10321897",17,54,37
"TERF2","s1321_S_ADR_02_ASEReadCounter.table","NW_015090842.1:10321908",15,48,33
"TERF2","s1321_S_ADR_02_ASEReadCounter.table","NW_015090842.1:10322001",33,89,56
"TERF2","s1321_S_ADR_02_ASEReadCounter.table","NW_015090842.1:10322035",28,70,42
"TERF2","s1321_S_ADR_02_ASEReadCounter.table","NW_015090842.1:10322051",31,82,51
"TERF2","s1321_S_ADR_02_ASEReadCounter.table","NW_015090842.1:10322137",22,68,46
"TERF2","s1321_S_ADR_02_ASEReadCounter.table","NW_015090842.1:10322144",25,73,48
"TERF2","s1321_S_ADR_02_ASEReadCounter.table","NW_015090842.1:10322388",24,67,43
"TERF2","s1321_S_ADR_02_ASEReadCounter.table","NW_015090842.1:10322396",24,66,42
"TERF2","s1321_S_ADR_02_ASEReadCounter.table","NW_015090842.1:10322502",39,78,39
"TERF2","s1321_S_ADR_02_ASEReadCounter.table","NW_015090842.1:10322504",40,79,39
"TERF2","s1321_S_ADR_02_ASEReadCounter.table","NW_015090842.1:10322510",38,82,44
"TERF2","s1321_S_ADR_02_ASEReadCounter.table","NW_015090842.1:10323580",54,106,52
"TERF2","s1321_S_ADR_02_ASEReadCounter.table","NW_015090842.1:10324314",50,100,50
"TERF2","s1321_S_ADR_02_ASEReadCounter.table","NW_015090842.1:10326832",43,83,40
"TERF2","s1321_S_ADR_02_ASEReadCounter.table","NW_015090842.1:10327787",34,82,48
"TERF2","s1321_S_ADR_02_ASEReadCounter.table","NW_015090842.1:10328588",41,73,32
"TERF2","s1321_S_ADR_02_ASEReadCounter.table","NW_015090842.1:10328644",38,77,39
"TERF2","s1321_S_ADR_02_ASEReadCounter.table","NW_015090842.1:10329813",23,60,37
"TERF2","s1321_S_ADR_02_ASEReadCounter.table","NW_015090842.1:10330749",26,66,40
"TERF2","s1321_S_ADR_02_ASEReadCounter.table","NW_015090842.1:10330789",31,68,37
"CYB5B","s1321_S_ADR_02_ASEReadCounter.table","NW_015090842.1:10336595",6,25,19
"CYB5B","s1321_S_ADR_02_ASEReadCounter.table","NW_015090842.1:10336667",102,219,117
"CYB5B","s1321_S_ADR_02_ASEReadCounter.table","NW_015090842.1:10336689",137,291,154
"CYB5B","s1321_S_ADR_02_ASEReadCounter.table","NW_015090842.1:10336728",184,390,206
"CYB5B","s1321_S_ADR_02_ASEReadCounter.table","NW_015090842.1:10345068",207,448,241
"CYB5B","s1321_S_ADR_02_ASEReadCounter.table","NW_015090842.1:10348800",261,579,318
"CYB5B","s1321_S_ADR_02_ASEReadCounter.table","NW_015090842.1:10349046",200,419,219
"CYB5B","s1321_S_ADR_02_ASEReadCounter.table","NW_015090842.1:10349119",98,302,204
"CYB5B","s1321_S_ADR_02_ASEReadCounter.table","NW_015090842.1:10349146",51,247,196
"CYB5B","s1321_S_ADR_02_ASEReadCounter.table","NW_015090842.1:10349157",94,299,205
"CYB5B","s1321_S_ADR_02_ASEReadCounter.table","NW_015090842.1:10349263",248,248,0
