"gene","id","snp","ref_count","total_count","alt_count"
"CENPN","s1321_S_LIV_01_ASEReadCounter.table","NW_015090842.1:5801612",0,3,3
"CENPN","s1321_S_LIV_01_ASEReadCounter.table","NW_015090842.1:5801618",0,3,3
"CENPN","s1321_S_LIV_01_ASEReadCounter.table","NW_015090842.1:5801623",0,3,3
"CENPN","s1321_S_LIV_01_ASEReadCounter.table","NW_015090842.1:5801631",0,3,3
"CENPN","s1321_S_LIV_01_ASEReadCounter.table","NW_015090842.1:5801632",0,3,3
"CENPN","s1321_S_LIV_01_ASEReadCounter.table","NW_015090842.1:5801655",0,1,1
"CENPN","s1321_S_LIV_01_ASEReadCounter.table","NW_015090842.1:5801670",0,1,1
"CENPN","s1321_S_LIV_01_ASEReadCounter.table","NW_015090842.1:5801674",1,2,1
"CENPN","s1321_S_LIV_01_ASEReadCounter.table","NW_015090842.1:5801692",2,3,1
"CENPN","s1321_S_LIV_01_ASEReadCounter.table","NW_015090842.1:5802008",1,2,1
"CENPN","s1321_S_LIV_01_ASEReadCounter.table","NW_015090842.1:5802012",1,2,1
"CENPN","s1321_S_LIV_01_ASEReadCounter.table","NW_015090842.1:5802087",2,6,4
"CENPN","s1321_S_LIV_01_ASEReadCounter.table","NW_015090842.1:5810113",1,1,0
"CENPN","s1321_S_LIV_01_ASEReadCounter.table","NW_015090842.1:5810147",1,1,0
"CENPN","s1321_S_LIV_01_ASEReadCounter.table","NW_015090842.1:5810148",1,1,0
"ATMIN","s1321_S_LIV_01_ASEReadCounter.table","NW_015090842.1:5818789",2,7,5
"ATMIN","s1321_S_LIV_01_ASEReadCounter.table","NW_015090842.1:5819958",10,12,2
"ATMIN","s1321_S_LIV_01_ASEReadCounter.table","NW_015090842.1:5820004",16,21,5
"ATMIN","s1321_S_LIV_01_ASEReadCounter.table","NW_015090842.1:5820217",8,12,4
"ATMIN","s1321_S_LIV_01_ASEReadCounter.table","NW_015090842.1:5820250",10,12,2
"ATMIN","s1321_S_LIV_01_ASEReadCounter.table","NW_015090842.1:5820298",9,11,2
"ATMIN","s1321_S_LIV_01_ASEReadCounter.table","NW_015090842.1:5820417",8,12,4
"ATMIN","s1321_S_LIV_01_ASEReadCounter.table","NW_015090842.1:5820421",7,11,4
"ATMIN","s1321_S_LIV_01_ASEReadCounter.table","NW_015090842.1:5820448",10,13,3
"ATMIN","s1321_S_LIV_01_ASEReadCounter.table","NW_015090842.1:5820457",10,14,4
"ATMIN","s1321_S_LIV_01_ASEReadCounter.table","NW_015090842.1:5820510",14,21,7
"ATMIN","s1321_S_LIV_01_ASEReadCounter.table","NW_015090842.1:5820673",5,10,5
"ATMIN","s1321_S_LIV_01_ASEReadCounter.table","NW_015090842.1:5820754",4,9,5
"ATMIN","s1321_S_LIV_01_ASEReadCounter.table","NW_015090842.1:5820820",4,9,5
"ATMIN","s1321_S_LIV_01_ASEReadCounter.table","NW_015090842.1:5820865",7,14,7
"ATMIN","s1321_S_LIV_01_ASEReadCounter.table","NW_015090842.1:5820889",6,15,9
"ATMIN","s1321_S_LIV_01_ASEReadCounter.table","NW_015090842.1:5820891",6,15,9
"ATMIN","s1321_S_LIV_01_ASEReadCounter.table","NW_015090842.1:5820997",11,16,5
"ATMIN","s1321_S_LIV_01_ASEReadCounter.table","NW_015090842.1:5821063",15,21,6
"ATMIN","s1321_S_LIV_01_ASEReadCounter.table","NW_015090842.1:5821132",17,25,8
"ATMIN","s1321_S_LIV_01_ASEReadCounter.table","NW_015090842.1:5821645",9,18,9
"ATMIN","s1321_S_LIV_01_ASEReadCounter.table","NW_015090842.1:5825066",14,20,6
"ATMIN","s1321_S_LIV_01_ASEReadCounter.table","NW_015090842.1:5825106",16,24,8
"ATMIN","s1321_S_LIV_01_ASEReadCounter.table","NW_015090842.1:5825122",12,17,5
"ATMIN","s1321_S_LIV_01_ASEReadCounter.table","NW_015090842.1:5825178",8,11,3
"ATMIN","s1321_S_LIV_01_ASEReadCounter.table","NW_015090842.1:5825194",11,13,2
"ATMIN","s1321_S_LIV_01_ASEReadCounter.table","NW_015090842.1:5825195",11,13,2
"ATMIN","s1321_S_LIV_01_ASEReadCounter.table","NW_015090842.1:5825220",11,13,2
"ATMIN","s1321_S_LIV_01_ASEReadCounter.table","NW_015090842.1:5825240",9,12,3
"ATMIN","s1321_S_LIV_01_ASEReadCounter.table","NW_015090842.1:5825303",9,18,9
"ATMIN","s1321_S_LIV_01_ASEReadCounter.table","NW_015090842.1:5825304",9,17,8
"ATMIN","s1321_S_LIV_01_ASEReadCounter.table","NW_015090842.1:5825310",9,18,9
"ATMIN","s1321_S_LIV_01_ASEReadCounter.table","NW_015090842.1:5825406",13,23,10
"ATMIN","s1321_S_LIV_01_ASEReadCounter.table","NW_015090842.1:5825415",15,25,10
"ATMIN","s1321_S_LIV_01_ASEReadCounter.table","NW_015090842.1:5825438",14,23,9
"ATMIN","s1321_S_LIV_01_ASEReadCounter.table","NW_015090842.1:5825485",14,24,10
"ATMIN","s1321_S_LIV_01_ASEReadCounter.table","NW_015090842.1:5825524",17,22,5
"ATMIN","s1321_S_LIV_01_ASEReadCounter.table","NW_015090842.1:5825557",13,17,4
"ATMIN","s1321_S_LIV_01_ASEReadCounter.table","NW_015090842.1:5825571",13,18,5
"ATMIN","s1321_S_LIV_01_ASEReadCounter.table","NW_015090842.1:5825579",14,19,5
"ATMIN","s1321_S_LIV_01_ASEReadCounter.table","NW_015090842.1:5825590",12,16,4
"ATMIN","s1321_S_LIV_01_ASEReadCounter.table","NW_015090842.1:5825689",16,23,7
"ATMIN","s1321_S_LIV_01_ASEReadCounter.table","NW_015090842.1:5825703",23,30,7
"ATMIN","s1321_S_LIV_01_ASEReadCounter.table","NW_015090842.1:5825787",13,22,9
"ATMIN","s1321_S_LIV_01_ASEReadCounter.table","NW_015090842.1:5825833",11,20,9
"ATMIN","s1321_S_LIV_01_ASEReadCounter.table","NW_015090842.1:5825841",9,19,10
"ATMIN","s1321_S_LIV_01_ASEReadCounter.table","NW_015090842.1:5825895",14,23,9
"ATMIN","s1321_S_LIV_01_ASEReadCounter.table","NW_015090842.1:5825984",11,26,15
"ATMIN","s1321_S_LIV_01_ASEReadCounter.table","NW_015090842.1:5826162",10,24,14
"ATMIN","s1321_S_LIV_01_ASEReadCounter.table","NW_015090842.1:5826194",12,26,14
"ATMIN","s1321_S_LIV_01_ASEReadCounter.table","NW_015090842.1:5826235",14,21,7
"ATMIN","s1321_S_LIV_01_ASEReadCounter.table","NW_015090842.1:5826245",14,23,9
"ATMIN","s1321_S_LIV_01_ASEReadCounter.table","NW_015090842.1:5826335",9,15,6
"ATMIN","s1321_S_LIV_01_ASEReadCounter.table","NW_015090842.1:5826417",7,16,9
"ATMIN","s1321_S_LIV_01_ASEReadCounter.table","NW_015090842.1:5826431",6,20,14
"ATMIN","s1321_S_LIV_01_ASEReadCounter.table","NW_015090842.1:5826438",7,16,9
"ATMIN","s1321_S_LIV_01_ASEReadCounter.table","NW_015090842.1:5826463",11,23,12
"ATMIN","s1321_S_LIV_01_ASEReadCounter.table","NW_015090842.1:5826502",13,24,11
"ATMIN","s1321_S_LIV_01_ASEReadCounter.table","NW_015090842.1:5826511",13,26,13
"ATMIN","s1321_S_LIV_01_ASEReadCounter.table","NW_015090842.1:5826659",19,27,8
"ATMIN","s1321_S_LIV_01_ASEReadCounter.table","NW_015090842.1:5826701",18,26,8
"ATMIN","s1321_S_LIV_01_ASEReadCounter.table","NW_015090842.1:5826702",17,25,8
"ATMIN","s1321_S_LIV_01_ASEReadCounter.table","NW_015090842.1:5826732",22,37,15
"ATMIN","s1321_S_LIV_01_ASEReadCounter.table","NW_015090842.1:5826745",22,38,16
"ATMIN","s1321_S_LIV_01_ASEReadCounter.table","NW_015090842.1:5826835",21,42,21
"ATMIN","s1321_S_LIV_01_ASEReadCounter.table","NW_015090842.1:5826910",12,25,13
"ATMIN","s1321_S_LIV_01_ASEReadCounter.table","NW_015090842.1:5826942",7,26,19
"ATMIN","s1321_S_LIV_01_ASEReadCounter.table","NW_015090842.1:5827193",25,41,16
"ATMIN","s1321_S_LIV_01_ASEReadCounter.table","NW_015090842.1:5827196",25,41,16
"ATMIN","s1321_S_LIV_01_ASEReadCounter.table","NW_015090842.1:5827269",24,41,17
"ATMIN","s1321_S_LIV_01_ASEReadCounter.table","NW_015090842.1:5827315",18,28,10
"ATMIN","s1321_S_LIV_01_ASEReadCounter.table","NW_015090842.1:5827316",18,30,12
"ATMIN","s1321_S_LIV_01_ASEReadCounter.table","NW_015090842.1:5827333",19,28,9
"PPP1R3E","s1321_S_LIV_01_ASEReadCounter.table","NW_015090842.1:5837733",14,17,3
"PPP1R3E","s1321_S_LIV_01_ASEReadCounter.table","NW_015090842.1:5837947",11,17,6
"PKD1L2","s1321_S_LIV_01_ASEReadCounter.table","NW_015090842.1:5867509",0,1,1
"PKD1L2","s1321_S_LIV_01_ASEReadCounter.table","NW_015090842.1:5867660",0,1,1
"PKD1L2","s1321_S_LIV_01_ASEReadCounter.table","NW_015090842.1:5867675",0,1,1
"PKD1L2","s1321_S_LIV_01_ASEReadCounter.table","NW_015090842.1:5867788",1,2,1
"PKD1L2","s1321_S_LIV_01_ASEReadCounter.table","NW_015090842.1:5872948",0,1,1
"BCO1","s1321_S_LIV_01_ASEReadCounter.table","NW_015090842.1:5915610",34,140,106
"BCO1","s1321_S_LIV_01_ASEReadCounter.table","NW_015090842.1:5915646",35,136,101
"BCO1","s1321_S_LIV_01_ASEReadCounter.table","NW_015090842.1:5917836",66,217,151
"BCO1","s1321_S_LIV_01_ASEReadCounter.table","NW_015090842.1:5917912",434,1223,789
"BCO1","s1321_S_LIV_01_ASEReadCounter.table","NW_015090842.1:5917941",566,1538,972
"BCO1","s1321_S_LIV_01_ASEReadCounter.table","NW_015090842.1:5917971",616,1720,1104
"BCO1","s1321_S_LIV_01_ASEReadCounter.table","NW_015090842.1:5921679",632,1796,1164
"BCO1","s1321_S_LIV_01_ASEReadCounter.table","NW_015090842.1:5921726",614,1724,1110
"BCO1","s1321_S_LIV_01_ASEReadCounter.table","NW_015090842.1:5925669",445,1357,912
"BCO1","s1321_S_LIV_01_ASEReadCounter.table","NW_015090842.1:5925753",538,1446,908
"BCO1","s1321_S_LIV_01_ASEReadCounter.table","NW_015090842.1:5926937",504,1461,957
"BCO1","s1321_S_LIV_01_ASEReadCounter.table","NW_015090842.1:5927921",594,1579,985
"BCO1","s1321_S_LIV_01_ASEReadCounter.table","NW_015090842.1:5927948",589,1623,1034
"BCO1","s1321_S_LIV_01_ASEReadCounter.table","NW_015090842.1:5927968",593,1674,1081
"BCO1","s1321_S_LIV_01_ASEReadCounter.table","NW_015090842.1:5928052",507,1448,941
"BCO1","s1321_S_LIV_01_ASEReadCounter.table","NW_015090842.1:5932726",729,2050,1321
"BCO1","s1321_S_LIV_01_ASEReadCounter.table","NW_015090842.1:5932801",589,1637,1048
"BCO1","s1321_S_LIV_01_ASEReadCounter.table","NW_015090842.1:5934558",465,1199,734
"BCO1","s1321_S_LIV_01_ASEReadCounter.table","NW_015090842.1:5934575",470,1249,779
"BCO1","s1321_S_LIV_01_ASEReadCounter.table","NW_015090842.1:5934608",499,1342,843
"BCO1","s1321_S_LIV_01_ASEReadCounter.table","NW_015090842.1:5934647",444,1208,764
"BCO1","s1321_S_LIV_01_ASEReadCounter.table","NW_015090842.1:5934725",399,1070,671
"BCO1","s1321_S_LIV_01_ASEReadCounter.table","NW_015090842.1:5934726",397,1046,649
"BCO1","s1321_S_LIV_01_ASEReadCounter.table","NW_015090842.1:5934733",374,976,602
"BCO1","s1321_S_LIV_01_ASEReadCounter.table","NW_015090842.1:5934821",345,915,570
"BCO1","s1321_S_LIV_01_ASEReadCounter.table","NW_015090842.1:5934826",307,899,592
"BCO1","s1321_S_LIV_01_ASEReadCounter.table","NW_015090842.1:5934844",189,593,404
"BCO1","s1321_S_LIV_01_ASEReadCounter.table","NW_015090842.1:5934958",394,871,477
"BCO1","s1321_S_LIV_01_ASEReadCounter.table","NW_015090842.1:5934976",393,909,516
"GAN","s1321_S_LIV_01_ASEReadCounter.table","NW_015090842.1:5953759",4,9,5
"GAN","s1321_S_LIV_01_ASEReadCounter.table","NW_015090842.1:5957502",6,16,10
"GAN","s1321_S_LIV_01_ASEReadCounter.table","NW_015090842.1:5957578",11,21,10
"GAN","s1321_S_LIV_01_ASEReadCounter.table","NW_015090842.1:5965028",3,15,12
"GAN","s1321_S_LIV_01_ASEReadCounter.table","NW_015090842.1:5966047",6,13,7
"GAN","s1321_S_LIV_01_ASEReadCounter.table","NW_015090842.1:5966126",4,6,2
"GAN","s1321_S_LIV_01_ASEReadCounter.table","NW_015090842.1:5966127",4,6,2
"GAN","s1321_S_LIV_01_ASEReadCounter.table","NW_015090842.1:5966162",8,10,2
"GAN","s1321_S_LIV_01_ASEReadCounter.table","NW_015090842.1:5966483",9,16,7
"CMIP","s1321_S_LIV_01_ASEReadCounter.table","NW_015090842.1:6109159",18,27,9
"CMIP","s1321_S_LIV_01_ASEReadCounter.table","NW_015090842.1:6109166",17,24,7
"CMIP","s1321_S_LIV_01_ASEReadCounter.table","NW_015090842.1:6114641",24,33,9
"CMIP","s1321_S_LIV_01_ASEReadCounter.table","NW_015090842.1:6114751",16,28,12
"CMIP","s1321_S_LIV_01_ASEReadCounter.table","NW_015090842.1:6114824",19,31,12
"CMIP","s1321_S_LIV_01_ASEReadCounter.table","NW_015090842.1:6128998",26,37,11
"CMIP","s1321_S_LIV_01_ASEReadCounter.table","NW_015090842.1:6130562",29,53,24
"CMIP","s1321_S_LIV_01_ASEReadCounter.table","NW_015090842.1:6132522",26,39,13
"CMIP","s1321_S_LIV_01_ASEReadCounter.table","NW_015090842.1:6134088",23,42,19
"CMIP","s1321_S_LIV_01_ASEReadCounter.table","NW_015090842.1:6138265",23,32,9
"CMIP","s1321_S_LIV_01_ASEReadCounter.table","NW_015090842.1:6138300",24,42,18
"CMIP","s1321_S_LIV_01_ASEReadCounter.table","NW_015090842.1:6138342",28,42,14
"CMIP","s1321_S_LIV_01_ASEReadCounter.table","NW_015090842.1:6138343",28,42,14
"CMIP","s1321_S_LIV_01_ASEReadCounter.table","NW_015090842.1:6138345",27,42,15
"CMIP","s1321_S_LIV_01_ASEReadCounter.table","NW_015090842.1:6138647",15,29,14
"CMIP","s1321_S_LIV_01_ASEReadCounter.table","NW_015090842.1:6138745",20,39,19
"CMIP","s1321_S_LIV_01_ASEReadCounter.table","NW_015090842.1:6138832",6,13,7
"CMIP","s1321_S_LIV_01_ASEReadCounter.table","NW_015090842.1:6138967",22,35,13
"CMIP","s1321_S_LIV_01_ASEReadCounter.table","NW_015090842.1:6139131",12,22,10
"CMIP","s1321_S_LIV_01_ASEReadCounter.table","NW_015090842.1:6139163",4,14,10
"CMIP","s1321_S_LIV_01_ASEReadCounter.table","NW_015090842.1:6139360",12,18,6
"CMIP","s1321_S_LIV_01_ASEReadCounter.table","NW_015090842.1:6139572",0,3,3
"CMIP","s1321_S_LIV_01_ASEReadCounter.table","NW_015090842.1:6139773",10,14,4
"PLCG2","s1321_S_LIV_01_ASEReadCounter.table","NW_015090842.1:6179613",6,17,11
"PLCG2","s1321_S_LIV_01_ASEReadCounter.table","NW_015090842.1:6179658",15,22,7
"PLCG2","s1321_S_LIV_01_ASEReadCounter.table","NW_015090842.1:6203766",10,27,17
"PLCG2","s1321_S_LIV_01_ASEReadCounter.table","NW_015090842.1:6203775",11,24,13
"PLCG2","s1321_S_LIV_01_ASEReadCounter.table","NW_015090842.1:6203787",13,25,12
"PLCG2","s1321_S_LIV_01_ASEReadCounter.table","NW_015090842.1:6205047",10,29,19
"PLCG2","s1321_S_LIV_01_ASEReadCounter.table","NW_015090842.1:6208541",17,34,17
"PLCG2","s1321_S_LIV_01_ASEReadCounter.table","NW_015090842.1:6209741",16,37,21
"PLCG2","s1321_S_LIV_01_ASEReadCounter.table","NW_015090842.1:6209798",17,43,26
"PLCG2","s1321_S_LIV_01_ASEReadCounter.table","NW_015090842.1:6209816",13,35,22
"PLCG2","s1321_S_LIV_01_ASEReadCounter.table","NW_015090842.1:6217547",17,60,43
"PLCG2","s1321_S_LIV_01_ASEReadCounter.table","NW_015090842.1:6218641",22,54,32
"PLCG2","s1321_S_LIV_01_ASEReadCounter.table","NW_015090842.1:6220552",20,55,35
"PLCG2","s1321_S_LIV_01_ASEReadCounter.table","NW_015090842.1:6221969",17,47,30
"PLCG2","s1321_S_LIV_01_ASEReadCounter.table","NW_015090842.1:6228672",17,47,30
"PLCG2","s1321_S_LIV_01_ASEReadCounter.table","NW_015090842.1:6228694",17,47,30
"PLCG2","s1321_S_LIV_01_ASEReadCounter.table","NW_015090842.1:6228722",16,50,34
"PLCG2","s1321_S_LIV_01_ASEReadCounter.table","NW_015090842.1:6228747",9,49,40
"PLCG2","s1321_S_LIV_01_ASEReadCounter.table","NW_015090842.1:6228835",20,45,25
"PLCG2","s1321_S_LIV_01_ASEReadCounter.table","NW_015090842.1:6228841",17,41,24
"PLCG2","s1321_S_LIV_01_ASEReadCounter.table","NW_015090842.1:6228865",21,46,25
"PLCG2","s1321_S_LIV_01_ASEReadCounter.table","NW_015090842.1:6228917",22,40,18
"PLCG2","s1321_S_LIV_01_ASEReadCounter.table","NW_015090842.1:6228926",20,39,19
"PLCG2","s1321_S_LIV_01_ASEReadCounter.table","NW_015090842.1:6228954",14,24,10
"PLCG2","s1321_S_LIV_01_ASEReadCounter.table","NW_015090842.1:6229002",20,32,12
"PLCG2","s1321_S_LIV_01_ASEReadCounter.table","NW_015090842.1:6229006",22,34,12
"PLCG2","s1321_S_LIV_01_ASEReadCounter.table","NW_015090842.1:6229081",18,29,11
"PLCG2","s1321_S_LIV_01_ASEReadCounter.table","NW_015090842.1:6229097",10,22,12
"PLCG2","s1321_S_LIV_01_ASEReadCounter.table","NW_015090842.1:6229160",13,22,9
"PLCG2","s1321_S_LIV_01_ASEReadCounter.table","NW_015090842.1:6229213",16,25,9
"PLCG2","s1321_S_LIV_01_ASEReadCounter.table","NW_015090842.1:6229231",17,27,10
"PLCG2","s1321_S_LIV_01_ASEReadCounter.table","NW_015090842.1:6229663",22,27,5
"PLCG2","s1321_S_LIV_01_ASEReadCounter.table","NW_015090842.1:6229748",22,29,7
"PLCG2","s1321_S_LIV_01_ASEReadCounter.table","NW_015090842.1:6229892",20,27,7
"PLCG2","s1321_S_LIV_01_ASEReadCounter.table","NW_015090842.1:6230248",15,19,4
"PLCG2","s1321_S_LIV_01_ASEReadCounter.table","NW_015090842.1:6230255",16,20,4
"PLCG2","s1321_S_LIV_01_ASEReadCounter.table","NW_015090842.1:6230296",11,15,4
"PLCG2","s1321_S_LIV_01_ASEReadCounter.table","NW_015090842.1:6230349",18,27,9
"PLCG2","s1321_S_LIV_01_ASEReadCounter.table","NW_015090842.1:6230381",22,33,11
"PLCG2","s1321_S_LIV_01_ASEReadCounter.table","NW_015090842.1:6230408",20,34,14
"PLCG2","s1321_S_LIV_01_ASEReadCounter.table","NW_015090842.1:6230439",21,32,11
"PLCG2","s1321_S_LIV_01_ASEReadCounter.table","NW_015090842.1:6230757",1,2,1
"PLCG2","s1321_S_LIV_01_ASEReadCounter.table","NW_015090842.1:6230758",1,2,1
"PLCG2","s1321_S_LIV_01_ASEReadCounter.table","NW_015090842.1:6230898",23,28,5
"PLCG2","s1321_S_LIV_01_ASEReadCounter.table","NW_015090842.1:6230976",20,25,5
"PLCG2","s1321_S_LIV_01_ASEReadCounter.table","NW_015090842.1:6231078",23,29,6
"PLCG2","s1321_S_LIV_01_ASEReadCounter.table","NW_015090842.1:6231138",25,34,9
"PLCG2","s1321_S_LIV_01_ASEReadCounter.table","NW_015090842.1:6231177",22,29,7
"PLCG2","s1321_S_LIV_01_ASEReadCounter.table","NW_015090842.1:6231263",15,20,5
"PLCG2","s1321_S_LIV_01_ASEReadCounter.table","NW_015090842.1:6231309",9,13,4
"SDR42E1","s1321_S_LIV_01_ASEReadCounter.table","NW_015090842.1:6235292",1,5,4
"SDR42E1","s1321_S_LIV_01_ASEReadCounter.table","NW_015090842.1:6235315",4,10,6
"SDR42E1","s1321_S_LIV_01_ASEReadCounter.table","NW_015090842.1:6235348",11,20,9
"SDR42E1","s1321_S_LIV_01_ASEReadCounter.table","NW_015090842.1:6235355",12,22,10
"SDR42E1","s1321_S_LIV_01_ASEReadCounter.table","NW_015090842.1:6235417",17,28,11
"SDR42E1","s1321_S_LIV_01_ASEReadCounter.table","NW_015090842.1:6235526",44,44,0
"SDR42E1","s1321_S_LIV_01_ASEReadCounter.table","NW_015090842.1:6235558",19,34,15
"SDR42E1","s1321_S_LIV_01_ASEReadCounter.table","NW_015090842.1:6235603",40,40,0
"SDR42E1","s1321_S_LIV_01_ASEReadCounter.table","NW_015090842.1:6235741",40,54,14
"SDR42E1","s1321_S_LIV_01_ASEReadCounter.table","NW_015090842.1:6235777",43,56,13
"SDR42E1","s1321_S_LIV_01_ASEReadCounter.table","NW_015090842.1:6235806",44,66,22
"SDR42E1","s1321_S_LIV_01_ASEReadCounter.table","NW_015090842.1:6235809",41,62,21
"SDR42E1","s1321_S_LIV_01_ASEReadCounter.table","NW_015090842.1:6235816",41,64,23
"SDR42E1","s1321_S_LIV_01_ASEReadCounter.table","NW_015090842.1:6235914",18,33,15
"SDR42E1","s1321_S_LIV_01_ASEReadCounter.table","NW_015090842.1:6235935",23,36,13
"SDR42E1","s1321_S_LIV_01_ASEReadCounter.table","NW_015090842.1:6235957",23,37,14
"SDR42E1","s1321_S_LIV_01_ASEReadCounter.table","NW_015090842.1:6236040",19,36,17
"SDR42E1","s1321_S_LIV_01_ASEReadCounter.table","NW_015090842.1:6236260",27,33,6
"SDR42E1","s1321_S_LIV_01_ASEReadCounter.table","NW_015090842.1:6236281",23,30,7
"SDR42E1","s1321_S_LIV_01_ASEReadCounter.table","NW_015090842.1:6236305",27,41,14
"SDR42E1","s1321_S_LIV_01_ASEReadCounter.table","NW_015090842.1:6236458",29,40,11
"SDR42E1","s1321_S_LIV_01_ASEReadCounter.table","NW_015090842.1:6236476",36,48,12
"SDR42E1","s1321_S_LIV_01_ASEReadCounter.table","NW_015090842.1:6236608",39,52,13
"SDR42E1","s1321_S_LIV_01_ASEReadCounter.table","NW_015090842.1:6238244",30,38,8
"SDR42E1","s1321_S_LIV_01_ASEReadCounter.table","NW_015090842.1:6238829",6,9,3
"HSD17B2","s1321_S_LIV_01_ASEReadCounter.table","NW_015090842.1:6257670",1,1,0
"HSD17B2","s1321_S_LIV_01_ASEReadCounter.table","NW_015090842.1:6257684",2,2,0
"HSD17B2","s1321_S_LIV_01_ASEReadCounter.table","NW_015090842.1:6257829",1,1,0
"HSD17B2","s1321_S_LIV_01_ASEReadCounter.table","NW_015090842.1:6262951",4,4,0
"HSD17B2","s1321_S_LIV_01_ASEReadCounter.table","NW_015090842.1:6262974",5,5,0
"HSD17B2","s1321_S_LIV_01_ASEReadCounter.table","NW_015090842.1:6266125",3,3,0
"HSD17B2","s1321_S_LIV_01_ASEReadCounter.table","NW_015090842.1:6266135",2,2,0
"HSD17B2","s1321_S_LIV_01_ASEReadCounter.table","NW_015090842.1:6266795",2,2,0
"HSD17B2","s1321_S_LIV_01_ASEReadCounter.table","NW_015090842.1:6266918",2,3,1
"HSD17B2","s1321_S_LIV_01_ASEReadCounter.table","NW_015090842.1:6266944",2,3,1
"HSD17B2","s1321_S_LIV_01_ASEReadCounter.table","NW_015090842.1:6266997",1,1,0
"HSD17B2","s1321_S_LIV_01_ASEReadCounter.table","NW_015090842.1:6267053",1,2,1
"HSD17B2","s1321_S_LIV_01_ASEReadCounter.table","NW_015090842.1:6267196",0,1,1
"HSD17B2","s1321_S_LIV_01_ASEReadCounter.table","NW_015090842.1:6267273",0,2,2
"HSD17B2","s1321_S_LIV_01_ASEReadCounter.table","NW_015090842.1:6267358",4,5,1
"HSD17B2","s1321_S_LIV_01_ASEReadCounter.table","NW_015090842.1:6267674",1,2,1
"HSD17B2","s1321_S_LIV_01_ASEReadCounter.table","NW_015090842.1:6267913",1,2,1
"HSD17B2","s1321_S_LIV_01_ASEReadCounter.table","NW_015090842.1:6268098",4,8,4
"HSD17B2","s1321_S_LIV_01_ASEReadCounter.table","NW_015090842.1:6268180",4,4,0
"HSD17B2","s1321_S_LIV_01_ASEReadCounter.table","NW_015090842.1:6268203",2,2,0
"ARY2","s1321_S_LIV_01_ASEReadCounter.table","NW_015090842.1:6303922",6,9,3
"ARY2","s1321_S_LIV_01_ASEReadCounter.table","NW_015090842.1:6303954",13,24,11
"ARY2","s1321_S_LIV_01_ASEReadCounter.table","NW_015090842.1:6303979",18,31,13
"ARY2","s1321_S_LIV_01_ASEReadCounter.table","NW_015090842.1:6305848",23,37,14
"ARY2","s1321_S_LIV_01_ASEReadCounter.table","NW_015090842.1:6305856",21,36,15
"ARY2","s1321_S_LIV_01_ASEReadCounter.table","NW_015090842.1:6305857",22,37,15
"ARY2","s1321_S_LIV_01_ASEReadCounter.table","NW_015090842.1:6306017",15,34,19
"ARY2","s1321_S_LIV_01_ASEReadCounter.table","NW_015090842.1:6306052",12,34,22
"ARY2","s1321_S_LIV_01_ASEReadCounter.table","NW_015090842.1:6306094",19,39,20
"ARY2","s1321_S_LIV_01_ASEReadCounter.table","NW_015090842.1:6306100",19,43,24
"ARY2","s1321_S_LIV_01_ASEReadCounter.table","NW_015090842.1:6306146",18,38,20
"ARY2","s1321_S_LIV_01_ASEReadCounter.table","NW_015090842.1:6306147",18,40,22
"ARY2","s1321_S_LIV_01_ASEReadCounter.table","NW_015090842.1:6306390",19,30,11
"ARY2","s1321_S_LIV_01_ASEReadCounter.table","NW_015090842.1:6306567",11,19,8
"ARY2","s1321_S_LIV_01_ASEReadCounter.table","NW_015090842.1:6306705",8,15,7
"ARY2","s1321_S_LIV_01_ASEReadCounter.table","NW_015090842.1:6306713",13,13,0
"ARY2","s1321_S_LIV_01_ASEReadCounter.table","NW_015090842.1:6306773",5,9,4
"ARY2","s1321_S_LIV_01_ASEReadCounter.table","NW_015090842.1:6307039",7,11,4
"ARY2","s1321_S_LIV_01_ASEReadCounter.table","NW_015090842.1:6307043",7,11,4
"ARY2","s1321_S_LIV_01_ASEReadCounter.table","NW_015090842.1:6307093",9,12,3
"ARY2","s1321_S_LIV_01_ASEReadCounter.table","NW_015090842.1:6307138",4,6,2
"ARY2","s1321_S_LIV_01_ASEReadCounter.table","NW_015090842.1:6307157",8,10,2
"ARY2","s1321_S_LIV_01_ASEReadCounter.table","NW_015090842.1:6307187",6,8,2
"ARY2","s1321_S_LIV_01_ASEReadCounter.table","NW_015090842.1:6307278",7,9,2
"ARY2","s1321_S_LIV_01_ASEReadCounter.table","NW_015090842.1:6307305",11,13,2
"ARY2","s1321_S_LIV_01_ASEReadCounter.table","NW_015090842.1:6307318",10,13,3
"ARY2","s1321_S_LIV_01_ASEReadCounter.table","NW_015090842.1:6307429",11,12,1
"ARY2","s1321_S_LIV_01_ASEReadCounter.table","NW_015090842.1:6307487",7,8,1
"ARY2","s1321_S_LIV_01_ASEReadCounter.table","NW_015090842.1:6307670",7,10,3
"ARYL","s1321_S_LIV_01_ASEReadCounter.table","NW_015090842.1:6313360",39,95,56
"ARYL","s1321_S_LIV_01_ASEReadCounter.table","NW_015090842.1:6313377",34,76,42
"ARYL","s1321_S_LIV_01_ASEReadCounter.table","NW_015090842.1:6313767",29,72,43
"ARY1","s1321_S_LIV_01_ASEReadCounter.table","NW_015090842.1:6313909",79,79,0
"ARY1","s1321_S_LIV_01_ASEReadCounter.table","NW_015090842.1:6314296",45,105,60
"ARY1","s1321_S_LIV_01_ASEReadCounter.table","NW_015090842.1:6314541",42,89,47
"ARY1","s1321_S_LIV_01_ASEReadCounter.table","NW_015090842.1:6314597",49,98,49
"ARY1","s1321_S_LIV_01_ASEReadCounter.table","NW_015090842.1:6314750",47,98,51
"ARY1","s1321_S_LIV_01_ASEReadCounter.table","NW_015090842.1:6314794",49,93,44
"ARY1","s1321_S_LIV_01_ASEReadCounter.table","NW_015090842.1:6314827",51,90,39
"ARY1","s1321_S_LIV_01_ASEReadCounter.table","NW_015090842.1:6314843",81,81,0
"ARY1","s1321_S_LIV_01_ASEReadCounter.table","NW_015090842.1:6314859",54,99,45
"ARY1","s1321_S_LIV_01_ASEReadCounter.table","NW_015090842.1:6314886",57,103,46
"ARY1","s1321_S_LIV_01_ASEReadCounter.table","NW_015090842.1:6314943",90,90,0
"ARY1","s1321_S_LIV_01_ASEReadCounter.table","NW_015090842.1:6314949",88,88,0
"ARY1","s1321_S_LIV_01_ASEReadCounter.table","NW_015090842.1:6315022",61,108,47
"ARY1","s1321_S_LIV_01_ASEReadCounter.table","NW_015090842.1:6315026",61,108,47
"ARY1","s1321_S_LIV_01_ASEReadCounter.table","NW_015090842.1:6315043",60,107,47
"ARY1","s1321_S_LIV_01_ASEReadCounter.table","NW_015090842.1:6315065",55,99,44
"ARY1","s1321_S_LIV_01_ASEReadCounter.table","NW_015090842.1:6315409",38,73,35
"ARY1","s1321_S_LIV_01_ASEReadCounter.table","NW_015090842.1:6315479",42,82,40
"ARY1","s1321_S_LIV_01_ASEReadCounter.table","NW_015090842.1:6318342",88,152,64
"ARY1","s1321_S_LIV_01_ASEReadCounter.table","NW_015090842.1:6318427",80,137,57
"ARY1","s1321_S_LIV_01_ASEReadCounter.table","NW_015090842.1:6318603",66,112,46
"ARY1","s1321_S_LIV_01_ASEReadCounter.table","NW_015090842.1:6318708",54,104,50
"ARY1","s1321_S_LIV_01_ASEReadCounter.table","NW_015090842.1:6318858",59,108,49
"ARY1","s1321_S_LIV_01_ASEReadCounter.table","NW_015090842.1:6318952",68,118,50
"MPHOSPH6","s1321_S_LIV_01_ASEReadCounter.table","NW_015090842.1:6324063",7,30,23
"MPHOSPH6","s1321_S_LIV_01_ASEReadCounter.table","NW_015090842.1:6324174",28,60,32
"MPHOSPH6","s1321_S_LIV_01_ASEReadCounter.table","NW_015090842.1:6324270",45,93,48
"MPHOSPH6","s1321_S_LIV_01_ASEReadCounter.table","NW_015090842.1:6324762",46,109,63
"MPHOSPH6","s1321_S_LIV_01_ASEReadCounter.table","NW_015090842.1:6324772",48,103,55
"MPHOSPH6","s1321_S_LIV_01_ASEReadCounter.table","NW_015090842.1:6324780",45,103,58
"MPHOSPH6","s1321_S_LIV_01_ASEReadCounter.table","NW_015090842.1:6324902",73,151,78
"MPHOSPH6","s1321_S_LIV_01_ASEReadCounter.table","NW_015090842.1:6324910",154,154,0
"MPHOSPH6","s1321_S_LIV_01_ASEReadCounter.table","NW_015090842.1:6325066",62,130,68
"MPHOSPH6","s1321_S_LIV_01_ASEReadCounter.table","NW_015090842.1:6325089",76,166,90
"MPHOSPH6","s1321_S_LIV_01_ASEReadCounter.table","NW_015090842.1:6325298",100,215,115
"MPHOSPH6","s1321_S_LIV_01_ASEReadCounter.table","NW_015090842.1:6325877",94,193,99
"MPHOSPH6","s1321_S_LIV_01_ASEReadCounter.table","NW_015090842.1:6326976",59,134,75
"CDH13","s1321_S_LIV_01_ASEReadCounter.table","NW_015090842.1:6662283",2,2,0
"CDH13","s1321_S_LIV_01_ASEReadCounter.table","NW_015090842.1:6693665",1,1,0
"CDH13","s1321_S_LIV_01_ASEReadCounter.table","NW_015090842.1:6693697",1,1,0
"CDH13","s1321_S_LIV_01_ASEReadCounter.table","NW_015090842.1:6693712",1,1,0
"CDH13","s1321_S_LIV_01_ASEReadCounter.table","NW_015090842.1:6693723",1,1,0
"CDH13","s1321_S_LIV_01_ASEReadCounter.table","NW_015090842.1:6693738",1,2,1
"CDH13","s1321_S_LIV_01_ASEReadCounter.table","NW_015090842.1:6823730",3,6,3
"CDH13","s1321_S_LIV_01_ASEReadCounter.table","NW_015090842.1:6955167",2,3,1
"MLYCD","s1321_S_LIV_01_ASEReadCounter.table","NW_015090842.1:7150054",17,44,27
"MLYCD","s1321_S_LIV_01_ASEReadCounter.table","NW_015090842.1:7150131",27,80,53
"MLYCD","s1321_S_LIV_01_ASEReadCounter.table","NW_015090842.1:7150585",23,64,41
"MLYCD","s1321_S_LIV_01_ASEReadCounter.table","NW_015090842.1:7150686",19,50,31
"MLYCD","s1321_S_LIV_01_ASEReadCounter.table","NW_015090842.1:7150696",21,52,31
"MLYCD","s1321_S_LIV_01_ASEReadCounter.table","NW_015090842.1:7150698",50,50,0
"MLYCD","s1321_S_LIV_01_ASEReadCounter.table","NW_015090842.1:7150869",22,59,37
"MLYCD","s1321_S_LIV_01_ASEReadCounter.table","NW_015090842.1:7151100",21,70,49
"MLYCD","s1321_S_LIV_01_ASEReadCounter.table","NW_015090842.1:7151127",19,74,55
"MLYCD","s1321_S_LIV_01_ASEReadCounter.table","NW_015090842.1:7157538",37,84,47
"MLYCD","s1321_S_LIV_01_ASEReadCounter.table","NW_015090842.1:7167662",8,43,35
"MLYCD","s1321_S_LIV_01_ASEReadCounter.table","NW_015090842.1:7167675",9,43,34
"MLYCD","s1321_S_LIV_01_ASEReadCounter.table","NW_015090842.1:7167710",7,39,32
"MLYCD","s1321_S_LIV_01_ASEReadCounter.table","NW_015090842.1:7167781",11,36,25
"MLYCD","s1321_S_LIV_01_ASEReadCounter.table","NW_015090842.1:7167803",8,23,15
"MLYCD","s1321_S_LIV_01_ASEReadCounter.table","NW_015090842.1:7167812",8,23,15
"MLYCD","s1321_S_LIV_01_ASEReadCounter.table","NW_015090842.1:7167845",9,27,18
"MLYCD","s1321_S_LIV_01_ASEReadCounter.table","NW_015090842.1:7167862",6,26,20
"MLYCD","s1321_S_LIV_01_ASEReadCounter.table","NW_015090842.1:7167929",12,34,22
"MLYCD","s1321_S_LIV_01_ASEReadCounter.table","NW_015090842.1:7167995",7,25,18
"MLYCD","s1321_S_LIV_01_ASEReadCounter.table","NW_015090842.1:7168005",6,24,18
"MLYCD","s1321_S_LIV_01_ASEReadCounter.table","NW_015090842.1:7168037",7,23,16
"HSBP1","s1321_S_LIV_01_ASEReadCounter.table","NW_015090842.1:7245192",61,126,65
"HSBP1","s1321_S_LIV_01_ASEReadCounter.table","NW_015090842.1:7245226",79,145,66
"HSBP1","s1321_S_LIV_01_ASEReadCounter.table","NW_015090842.1:7245257",67,129,62
"HSBP1","s1321_S_LIV_01_ASEReadCounter.table","NW_015090842.1:7245296",54,123,69
"HSBP1","s1321_S_LIV_01_ASEReadCounter.table","NW_015090842.1:7245389",78,148,70
"HSBP1","s1321_S_LIV_01_ASEReadCounter.table","NW_015090842.1:7245400",79,144,65
"HSBP1","s1321_S_LIV_01_ASEReadCounter.table","NW_015090842.1:7245445",72,148,76
"HSBP1","s1321_S_LIV_01_ASEReadCounter.table","NW_015090842.1:7245495",67,141,74
"HSBP1","s1321_S_LIV_01_ASEReadCounter.table","NW_015090842.1:7245515",83,160,77
"HSBP1","s1321_S_LIV_01_ASEReadCounter.table","NW_015090842.1:7245733",57,113,56
"HSBP1","s1321_S_LIV_01_ASEReadCounter.table","NW_015090842.1:7245771",60,107,47
"HSBP1","s1321_S_LIV_01_ASEReadCounter.table","NW_015090842.1:7245813",63,108,45
"HSBP1","s1321_S_LIV_01_ASEReadCounter.table","NW_015090842.1:7245926",75,145,70
"HSBP1","s1321_S_LIV_01_ASEReadCounter.table","NW_015090842.1:7245927",75,145,70
"HSBP1","s1321_S_LIV_01_ASEReadCounter.table","NW_015090842.1:7245933",77,144,67
"HSBP1","s1321_S_LIV_01_ASEReadCounter.table","NW_015090842.1:7246002",66,134,68
"HSBP1","s1321_S_LIV_01_ASEReadCounter.table","NW_015090842.1:7246094",67,148,81
"HSBP1","s1321_S_LIV_01_ASEReadCounter.table","NW_015090842.1:7246167",70,162,92
"HSBP1","s1321_S_LIV_01_ASEReadCounter.table","NW_015090842.1:7246183",68,163,95
"HSBP1","s1321_S_LIV_01_ASEReadCounter.table","NW_015090842.1:7247285",25,29,4
"HSBP1","s1321_S_LIV_01_ASEReadCounter.table","NW_015090842.1:7247651",178,394,216
"HSBP1","s1321_S_LIV_01_ASEReadCounter.table","NW_015090842.1:7247657",175,392,217
"HSBP1","s1321_S_LIV_01_ASEReadCounter.table","NW_015090842.1:7248520",132,266,134
"HSBP1","s1321_S_LIV_01_ASEReadCounter.table","NW_015090842.1:7248535",106,217,111
"WFDC1","s1321_S_LIV_01_ASEReadCounter.table","NW_015090842.1:7366517",1,1,0
"ATP2C2","s1321_S_LIV_01_ASEReadCounter.table","NW_015090842.1:7413747",1,6,5
"TLDC1","s1321_S_LIV_01_ASEReadCounter.table","NW_015090842.1:7421997",53,91,38
"COTL1","s1321_S_LIV_01_ASEReadCounter.table","NW_015090842.1:7490707",95,224,129
"COTL1","s1321_S_LIV_01_ASEReadCounter.table","NW_015090842.1:7490708",95,224,129
"COTL1","s1321_S_LIV_01_ASEReadCounter.table","NW_015090842.1:7490711",98,230,132
"COTL1","s1321_S_LIV_01_ASEReadCounter.table","NW_015090842.1:7490739",93,217,124
"COTL1","s1321_S_LIV_01_ASEReadCounter.table","NW_015090842.1:7490785",106,218,112
"COTL1","s1321_S_LIV_01_ASEReadCounter.table","NW_015090842.1:7490820",8,143,135
"COTL1","s1321_S_LIV_01_ASEReadCounter.table","NW_015090842.1:7490846",235,235,0
"KLHL36","s1321_S_LIV_01_ASEReadCounter.table","NW_015090842.1:7526337",3,4,1
"KLHL36","s1321_S_LIV_01_ASEReadCounter.table","NW_015090842.1:7537681",6,6,0
"USP10","s1321_S_LIV_01_ASEReadCounter.table","NW_015090842.1:7572213",69,133,64
"USP10","s1321_S_LIV_01_ASEReadCounter.table","NW_015090842.1:7572358",64,64,0
"CRISPLD2","s1321_S_LIV_01_ASEReadCounter.table","NW_015090842.1:7619796",6,9,3
"CRISPLD2","s1321_S_LIV_01_ASEReadCounter.table","NW_015090842.1:7630779",8,8,0
"CRISPLD2","s1321_S_LIV_01_ASEReadCounter.table","NW_015090842.1:7633611",10,10,0
"CRISPLD2","s1321_S_LIV_01_ASEReadCounter.table","NW_015090842.1:7633787",3,7,4
"CRISPLD2","s1321_S_LIV_01_ASEReadCounter.table","NW_015090842.1:7634023",4,7,3
"CRISPLD2","s1321_S_LIV_01_ASEReadCounter.table","NW_015090842.1:7634620",11,11,0
"CRISPLD2","s1321_S_LIV_01_ASEReadCounter.table","NW_015090842.1:7636315",0,1,1
"LOC106888312","s1321_S_LIV_01_ASEReadCounter.table","NW_015090842.1:7732198",274,274,0
"MTHFSD","s1321_S_LIV_01_ASEReadCounter.table","NW_015090842.1:8152578",20,51,31
"DUSP15","s1321_S_LIV_01_ASEReadCounter.table","NW_015090842.1:8422840",3,5,2
"DUSP15","s1321_S_LIV_01_ASEReadCounter.table","NW_015090842.1:8431988",0,1,1
"EMC8","s1321_S_LIV_01_ASEReadCounter.table","NW_015090842.1:8452385",17,27,10
"GINS2","s1321_S_LIV_01_ASEReadCounter.table","NW_015090842.1:8467469",22,22,0
"GINS2","s1321_S_LIV_01_ASEReadCounter.table","NW_015090842.1:8470290",18,28,10
"GINS2","s1321_S_LIV_01_ASEReadCounter.table","NW_015090842.1:8470305",24,37,13
"GINS2","s1321_S_LIV_01_ASEReadCounter.table","NW_015090842.1:8470376",22,34,12
"GINS2","s1321_S_LIV_01_ASEReadCounter.table","NW_015090842.1:8471057",2,3,1
"GSE1","s1321_S_LIV_01_ASEReadCounter.table","NW_015090842.1:8483570",1,1,0
"KIAA0513","s1321_S_LIV_01_ASEReadCounter.table","NW_015090842.1:8674736",41,41,0
"KIAA0513","s1321_S_LIV_01_ASEReadCounter.table","NW_015090842.1:8693655",22,22,0
"ZCCHC14","s1321_S_LIV_01_ASEReadCounter.table","NW_015090842.1:8750189",27,28,1
"KLHDC4","s1321_S_LIV_01_ASEReadCounter.table","NW_015090842.1:8891175",169,169,0
"KLHDC4","s1321_S_LIV_01_ASEReadCounter.table","NW_015090842.1:8905251",38,71,33
"KLHDC4","s1321_S_LIV_01_ASEReadCounter.table","NW_015090842.1:8919630",7,19,12
"SLC7A5","s1321_S_LIV_01_ASEReadCounter.table","NW_015090842.1:8940382",32,32,0
"SLC7A5","s1321_S_LIV_01_ASEReadCounter.table","NW_015090842.1:8941818",37,37,0
"SLC7A5","s1321_S_LIV_01_ASEReadCounter.table","NW_015090842.1:8944655",27,27,0
"CA5A","s1321_S_LIV_01_ASEReadCounter.table","NW_015090842.1:8989479",120,199,79
"CA5A","s1321_S_LIV_01_ASEReadCounter.table","NW_015090842.1:8989562",140,230,90
"CA5A","s1321_S_LIV_01_ASEReadCounter.table","NW_015090842.1:8989609",176,300,124
"CA5A","s1321_S_LIV_01_ASEReadCounter.table","NW_015090842.1:8989693",230,397,167
"CA5A","s1321_S_LIV_01_ASEReadCounter.table","NW_015090842.1:8989702",253,408,155
"CA5A","s1321_S_LIV_01_ASEReadCounter.table","NW_015090842.1:8989746",249,414,165
"CA5A","s1321_S_LIV_01_ASEReadCounter.table","NW_015090842.1:8989880",210,366,156
"CA5A","s1321_S_LIV_01_ASEReadCounter.table","NW_015090842.1:8989885",227,386,159
"CA5A","s1321_S_LIV_01_ASEReadCounter.table","NW_015090842.1:8989929",211,382,171
"CA5A","s1321_S_LIV_01_ASEReadCounter.table","NW_015090842.1:8990002",168,324,156
"CA5A","s1321_S_LIV_01_ASEReadCounter.table","NW_015090842.1:8990004",170,327,157
"CA5A","s1321_S_LIV_01_ASEReadCounter.table","NW_015090842.1:8990005",169,329,160
"CA5A","s1321_S_LIV_01_ASEReadCounter.table","NW_015090842.1:8990017",177,316,139
"CA5A","s1321_S_LIV_01_ASEReadCounter.table","NW_015090842.1:8990043",159,271,112
"CA5A","s1321_S_LIV_01_ASEReadCounter.table","NW_015090842.1:8990080",145,259,114
"CA5A","s1321_S_LIV_01_ASEReadCounter.table","NW_015090842.1:8990084",147,257,110
"CA5A","s1321_S_LIV_01_ASEReadCounter.table","NW_015090842.1:8990090",157,272,115
"CA5A","s1321_S_LIV_01_ASEReadCounter.table","NW_015090842.1:8990095",154,265,111
"CA5A","s1321_S_LIV_01_ASEReadCounter.table","NW_015090842.1:8990111",122,226,104
"CA5A","s1321_S_LIV_01_ASEReadCounter.table","NW_015090842.1:8990112",123,226,103
"CA5A","s1321_S_LIV_01_ASEReadCounter.table","NW_015090842.1:8990115",141,246,105
"CA5A","s1321_S_LIV_01_ASEReadCounter.table","NW_015090842.1:8990166",153,240,87
"CA5A","s1321_S_LIV_01_ASEReadCounter.table","NW_015090842.1:8990169",167,254,87
"CA5A","s1321_S_LIV_01_ASEReadCounter.table","NW_015090842.1:8990222",144,220,76
"CA5A","s1321_S_LIV_01_ASEReadCounter.table","NW_015090842.1:8990289",150,239,89
"CA5A","s1321_S_LIV_01_ASEReadCounter.table","NW_015090842.1:8990314",142,248,106
"CA5A","s1321_S_LIV_01_ASEReadCounter.table","NW_015090842.1:8990361",135,228,93
"CA5A","s1321_S_LIV_01_ASEReadCounter.table","NW_015090842.1:8990368",140,233,93
"CA5A","s1321_S_LIV_01_ASEReadCounter.table","NW_015090842.1:8990429",126,223,97
"CA5A","s1321_S_LIV_01_ASEReadCounter.table","NW_015090842.1:8990466",112,201,89
"CA5A","s1321_S_LIV_01_ASEReadCounter.table","NW_015090842.1:8990663",137,236,99
"CA5A","s1321_S_LIV_01_ASEReadCounter.table","NW_015090842.1:8990797",128,211,83
"CA5A","s1321_S_LIV_01_ASEReadCounter.table","NW_015090842.1:8990836",123,192,69
"CA5A","s1321_S_LIV_01_ASEReadCounter.table","NW_015090842.1:8990842",120,186,66
"CA5A","s1321_S_LIV_01_ASEReadCounter.table","NW_015090842.1:8990851",122,185,63
"CA5A","s1321_S_LIV_01_ASEReadCounter.table","NW_015090842.1:8990918",126,192,66
"CA5A","s1321_S_LIV_01_ASEReadCounter.table","NW_015090842.1:8990921",119,195,76
"CA5A","s1321_S_LIV_01_ASEReadCounter.table","NW_015090842.1:8990942",151,238,87
"CA5A","s1321_S_LIV_01_ASEReadCounter.table","NW_015090842.1:8991001",175,283,108
"CA5A","s1321_S_LIV_01_ASEReadCounter.table","NW_015090842.1:8991038",155,251,96
"CA5A","s1321_S_LIV_01_ASEReadCounter.table","NW_015090842.1:8991149",179,288,109
"CA5A","s1321_S_LIV_01_ASEReadCounter.table","NW_015090842.1:8991176",172,284,112
"CA5A","s1321_S_LIV_01_ASEReadCounter.table","NW_015090842.1:8991241",151,265,114
"CA5A","s1321_S_LIV_01_ASEReadCounter.table","NW_015090842.1:8991262",163,263,100
"CA5A","s1321_S_LIV_01_ASEReadCounter.table","NW_015090842.1:8991316",168,173,5
"CA5A","s1321_S_LIV_01_ASEReadCounter.table","NW_015090842.1:8991319",165,171,6
"CA5A","s1321_S_LIV_01_ASEReadCounter.table","NW_015090842.1:8991330",164,167,3
"CA5A","s1321_S_LIV_01_ASEReadCounter.table","NW_015090842.1:8991334",147,155,8
"CA5A","s1321_S_LIV_01_ASEReadCounter.table","NW_015090842.1:8991362",166,243,77
"CA5A","s1321_S_LIV_01_ASEReadCounter.table","NW_015090842.1:8991368",160,239,79
"CA5A","s1321_S_LIV_01_ASEReadCounter.table","NW_015090842.1:8991390",153,237,84
"CA5A","s1321_S_LIV_01_ASEReadCounter.table","NW_015090842.1:8991395",159,251,92
"CA5A","s1321_S_LIV_01_ASEReadCounter.table","NW_015090842.1:8991422",166,279,113
"CA5A","s1321_S_LIV_01_ASEReadCounter.table","NW_015090842.1:8991467",160,246,86
"CA5A","s1321_S_LIV_01_ASEReadCounter.table","NW_015090842.1:8991576",107,182,75
"CA5A","s1321_S_LIV_01_ASEReadCounter.table","NW_015090842.1:8991587",134,221,87
"CA5A","s1321_S_LIV_01_ASEReadCounter.table","NW_015090842.1:8991655",144,256,112
"CA5A","s1321_S_LIV_01_ASEReadCounter.table","NW_015090842.1:8991717",128,234,106
"CA5A","s1321_S_LIV_01_ASEReadCounter.table","NW_015090842.1:8991726",132,240,108
"CA5A","s1321_S_LIV_01_ASEReadCounter.table","NW_015090842.1:8991799",104,211,107
"CA5A","s1321_S_LIV_01_ASEReadCounter.table","NW_015090842.1:8991809",100,202,102
"CA5A","s1321_S_LIV_01_ASEReadCounter.table","NW_015090842.1:8991848",96,198,102
"CA5A","s1321_S_LIV_01_ASEReadCounter.table","NW_015090842.1:8991849",95,197,102
"CA5A","s1321_S_LIV_01_ASEReadCounter.table","NW_015090842.1:8991927",120,227,107
"CA5A","s1321_S_LIV_01_ASEReadCounter.table","NW_015090842.1:8991941",119,213,94
"CA5A","s1321_S_LIV_01_ASEReadCounter.table","NW_015090842.1:8992121",103,178,75
"CA5A","s1321_S_LIV_01_ASEReadCounter.table","NW_015090842.1:8992224",116,195,79
"CA5A","s1321_S_LIV_01_ASEReadCounter.table","NW_015090842.1:9002570",123,185,62
"CA5A","s1321_S_LIV_01_ASEReadCounter.table","NW_015090842.1:9002600",128,194,66
"CA5A","s1321_S_LIV_01_ASEReadCounter.table","NW_015090842.1:9004312",2,6,4
"CA5A","s1321_S_LIV_01_ASEReadCounter.table","NW_015090842.1:9004506",2,3,1
"CA5A","s1321_S_LIV_01_ASEReadCounter.table","NW_015090842.1:9004523",2,2,0
"CA5A","s1321_S_LIV_01_ASEReadCounter.table","NW_015090842.1:9004530",2,3,1
"CA5A","s1321_S_LIV_01_ASEReadCounter.table","NW_015090842.1:9004556",3,4,1
"CA5A","s1321_S_LIV_01_ASEReadCounter.table","NW_015090842.1:9004620",3,3,0
"CA5A","s1321_S_LIV_01_ASEReadCounter.table","NW_015090842.1:9005116",2,2,0
"CA5A","s1321_S_LIV_01_ASEReadCounter.table","NW_015090842.1:9005120",3,3,0
"CA5A","s1321_S_LIV_01_ASEReadCounter.table","NW_015090842.1:9005140",3,4,1
"CA5A","s1321_S_LIV_01_ASEReadCounter.table","NW_015090842.1:9005152",3,4,1
"CA5A","s1321_S_LIV_01_ASEReadCounter.table","NW_015090842.1:9011011",144,264,120
"CA5A","s1321_S_LIV_01_ASEReadCounter.table","NW_015090842.1:9011189",94,170,76
"CA5A","s1321_S_LIV_01_ASEReadCounter.table","NW_015090842.1:9011194",92,171,79
"BANP","s1321_S_LIV_01_ASEReadCounter.table","NW_015090842.1:9033407",5,13,8
"BANP","s1321_S_LIV_01_ASEReadCounter.table","NW_015090842.1:9033409",5,11,6
"BANP","s1321_S_LIV_01_ASEReadCounter.table","NW_015090842.1:9033420",5,13,8
"BANP","s1321_S_LIV_01_ASEReadCounter.table","NW_015090842.1:9055284",8,17,9
"CIDEC","s1321_S_LIV_01_ASEReadCounter.table","NW_015090842.1:9481199",195,419,224
"ZC3H18","s1321_S_LIV_01_ASEReadCounter.table","NW_015090842.1:9528933",12,40,28
"MVD","s1321_S_LIV_01_ASEReadCounter.table","NW_015090842.1:9550690",160,160,0
"MVD","s1321_S_LIV_01_ASEReadCounter.table","NW_015090842.1:9550691",160,160,0
"MVD","s1321_S_LIV_01_ASEReadCounter.table","NW_015090842.1:9550699",190,190,0
"MVD","s1321_S_LIV_01_ASEReadCounter.table","NW_015090842.1:9550701",189,189,0
"MVD","s1321_S_LIV_01_ASEReadCounter.table","NW_015090842.1:9552202",413,413,0
"MVD","s1321_S_LIV_01_ASEReadCounter.table","NW_015090842.1:9552223",384,384,0
"MVD","s1321_S_LIV_01_ASEReadCounter.table","NW_015090842.1:9552533",307,307,0
"MVD","s1321_S_LIV_01_ASEReadCounter.table","NW_015090842.1:9552644",132,291,159
"PIEZO1","s1321_S_LIV_01_ASEReadCounter.table","NW_015090842.1:9577447",5,9,4
"PIEZO1","s1321_S_LIV_01_ASEReadCounter.table","NW_015090842.1:9579101",4,14,10
"PIEZO1","s1321_S_LIV_01_ASEReadCounter.table","NW_015090842.1:9582630",1,4,3
"PIEZO1","s1321_S_LIV_01_ASEReadCounter.table","NW_015090842.1:9582976",0,1,1
"PIEZO1","s1321_S_LIV_01_ASEReadCounter.table","NW_015090842.1:9583326",3,3,0
"CDT1","s1321_S_LIV_01_ASEReadCounter.table","NW_015090842.1:9596711",3,7,4
"CDT1","s1321_S_LIV_01_ASEReadCounter.table","NW_015090842.1:9597033",27,27,0
"CDT1","s1321_S_LIV_01_ASEReadCounter.table","NW_015090842.1:9597756",11,25,14
"CDT1","s1321_S_LIV_01_ASEReadCounter.table","NW_015090842.1:9598873",28,28,0
"ACSF3","s1321_S_LIV_01_ASEReadCounter.table","NW_015090842.1:9776737",25,39,14
"ACSF3","s1321_S_LIV_01_ASEReadCounter.table","NW_015090842.1:9809639",98,98,0
"ACSF3","s1321_S_LIV_01_ASEReadCounter.table","NW_015090842.1:9834743",86,140,54
"ACSF3","s1321_S_LIV_01_ASEReadCounter.table","NW_015090842.1:9834762",131,131,0
"ACSF3","s1321_S_LIV_01_ASEReadCounter.table","NW_015090842.1:9834852",86,137,51
"ACSF3","s1321_S_LIV_01_ASEReadCounter.table","NW_015090842.1:9834861",73,118,45
"ACSF3","s1321_S_LIV_01_ASEReadCounter.table","NW_015090842.1:9839359",46,75,29
"ACSF3","s1321_S_LIV_01_ASEReadCounter.table","NW_015090842.1:9839378",42,72,30
"ACSF3","s1321_S_LIV_01_ASEReadCounter.table","NW_015090842.1:9839455",41,73,32
"ACSF3","s1321_S_LIV_01_ASEReadCounter.table","NW_015090842.1:9839457",40,68,28
"ACSF3","s1321_S_LIV_01_ASEReadCounter.table","NW_015090842.1:9839489",30,55,25
"ACSF3","s1321_S_LIV_01_ASEReadCounter.table","NW_015090842.1:9839500",25,47,22
"ACSF3","s1321_S_LIV_01_ASEReadCounter.table","NW_015090842.1:9839501",25,46,21
"ACSF3","s1321_S_LIV_01_ASEReadCounter.table","NW_015090842.1:9839504",26,46,20
"ACSF3","s1321_S_LIV_01_ASEReadCounter.table","NW_015090842.1:9839512",19,38,19
"ACSF3","s1321_S_LIV_01_ASEReadCounter.table","NW_015090842.1:9839527",13,28,15
"ACSF3","s1321_S_LIV_01_ASEReadCounter.table","NW_015090842.1:9839533",7,20,13
"ACSF3","s1321_S_LIV_01_ASEReadCounter.table","NW_015090842.1:9839535",7,18,11
"ACSF3","s1321_S_LIV_01_ASEReadCounter.table","NW_015090842.1:9839545",4,13,9
"ACSF3","s1321_S_LIV_01_ASEReadCounter.table","NW_015090842.1:9839550",3,12,9
"ACSF3","s1321_S_LIV_01_ASEReadCounter.table","NW_015090842.1:9839551",3,12,9
"SLC22A31","s1321_S_LIV_01_ASEReadCounter.table","NW_015090842.1:9851130",1,1,0
"SLC22A31","s1321_S_LIV_01_ASEReadCounter.table","NW_015090842.1:9851139",2,2,0
"SLC22A31","s1321_S_LIV_01_ASEReadCounter.table","NW_015090842.1:9851265",5,5,0
"SLC22A31","s1321_S_LIV_01_ASEReadCounter.table","NW_015090842.1:9851302",5,5,0
"SLC22A31","s1321_S_LIV_01_ASEReadCounter.table","NW_015090842.1:9851303",5,5,0
"SLC22A31","s1321_S_LIV_01_ASEReadCounter.table","NW_015090842.1:9851305",5,5,0
"SLC22A31","s1321_S_LIV_01_ASEReadCounter.table","NW_015090842.1:9851343",5,5,0
"SLC22A31","s1321_S_LIV_01_ASEReadCounter.table","NW_015090842.1:9851344",6,6,0
"SLC22A31","s1321_S_LIV_01_ASEReadCounter.table","NW_015090842.1:9851381",5,5,0
"SLC22A31","s1321_S_LIV_01_ASEReadCounter.table","NW_015090842.1:9851421",6,6,0
"SLC22A31","s1321_S_LIV_01_ASEReadCounter.table","NW_015090842.1:9851526",5,5,0
"SLC22A31","s1321_S_LIV_01_ASEReadCounter.table","NW_015090842.1:9851589",13,13,0
"SLC22A31","s1321_S_LIV_01_ASEReadCounter.table","NW_015090842.1:9851712",8,8,0
"SLC22A31","s1321_S_LIV_01_ASEReadCounter.table","NW_015090842.1:9851899",7,7,0
"SLC22A31","s1321_S_LIV_01_ASEReadCounter.table","NW_015090842.1:9852139",8,8,0
"SLC22A31","s1321_S_LIV_01_ASEReadCounter.table","NW_015090842.1:9852380",12,13,1
"SLC22A31","s1321_S_LIV_01_ASEReadCounter.table","NW_015090842.1:9852431",6,7,1
"SLC22A31","s1321_S_LIV_01_ASEReadCounter.table","NW_015090842.1:9852630",6,7,1
"SLC22A31","s1321_S_LIV_01_ASEReadCounter.table","NW_015090842.1:9852711",7,7,0
"SLC22A31","s1321_S_LIV_01_ASEReadCounter.table","NW_015090842.1:9852742",5,5,0
"SLC22A31","s1321_S_LIV_01_ASEReadCounter.table","NW_015090842.1:9853099",6,6,0
"SLC22A31","s1321_S_LIV_01_ASEReadCounter.table","NW_015090842.1:9853102",6,6,0
"SLC22A31","s1321_S_LIV_01_ASEReadCounter.table","NW_015090842.1:9853421",7,7,0
"SLC22A31","s1321_S_LIV_01_ASEReadCounter.table","NW_015090842.1:9853457",7,7,0
"SLC22A31","s1321_S_LIV_01_ASEReadCounter.table","NW_015090842.1:9853502",2,2,0
"ANKRD11","s1321_S_LIV_01_ASEReadCounter.table","NW_015090842.1:9858863",1,1,0
"ANKRD11","s1321_S_LIV_01_ASEReadCounter.table","NW_015090842.1:9859101",23,50,27
"ANKRD11","s1321_S_LIV_01_ASEReadCounter.table","NW_015090842.1:9859352",31,67,36
"ANKRD11","s1321_S_LIV_01_ASEReadCounter.table","NW_015090842.1:9859381",2,30,28
"ANKRD11","s1321_S_LIV_01_ASEReadCounter.table","NW_015090842.1:9859527",6,19,13
"ANKRD11","s1321_S_LIV_01_ASEReadCounter.table","NW_015090842.1:9859529",6,19,13
"ANKRD11","s1321_S_LIV_01_ASEReadCounter.table","NW_015090842.1:9859679",27,60,33
"ANKRD11","s1321_S_LIV_01_ASEReadCounter.table","NW_015090842.1:9861097",24,50,26
"ANKRD11","s1321_S_LIV_01_ASEReadCounter.table","NW_015090842.1:9862571",19,38,19
"ANKRD11","s1321_S_LIV_01_ASEReadCounter.table","NW_015090842.1:9866071",0,24,24
"ANKRD11","s1321_S_LIV_01_ASEReadCounter.table","NW_015090842.1:9866200",0,16,16
"ANKRD11","s1321_S_LIV_01_ASEReadCounter.table","NW_015090842.1:9867391",8,14,6
"ANKRD11","s1321_S_LIV_01_ASEReadCounter.table","NW_015090842.1:9867472",19,37,18
"ANKRD11","s1321_S_LIV_01_ASEReadCounter.table","NW_015090842.1:9867559",27,41,14
"ANKRD11","s1321_S_LIV_01_ASEReadCounter.table","NW_015090842.1:9867934",15,30,15
"ANKRD11","s1321_S_LIV_01_ASEReadCounter.table","NW_015090842.1:9868093",18,34,16
"ANKRD11","s1321_S_LIV_01_ASEReadCounter.table","NW_015090842.1:9868222",15,31,16
"ANKRD11","s1321_S_LIV_01_ASEReadCounter.table","NW_015090842.1:9868327",23,40,17
"ANKRD11","s1321_S_LIV_01_ASEReadCounter.table","NW_015090842.1:9868414",22,39,17
"ANKRD11","s1321_S_LIV_01_ASEReadCounter.table","NW_015090842.1:9868441",21,34,13
"ANKRD11","s1321_S_LIV_01_ASEReadCounter.table","NW_015090842.1:9868444",19,36,17
"ANKRD11","s1321_S_LIV_01_ASEReadCounter.table","NW_015090842.1:9868519",20,41,21
"ANKRD11","s1321_S_LIV_01_ASEReadCounter.table","NW_015090842.1:9868609",24,45,21
"ANKRD11","s1321_S_LIV_01_ASEReadCounter.table","NW_015090842.1:9868666",25,49,24
"ANKRD11","s1321_S_LIV_01_ASEReadCounter.table","NW_015090842.1:9869431",19,40,21
"ANKRD11","s1321_S_LIV_01_ASEReadCounter.table","NW_015090842.1:9869578",29,53,24
"ANKRD11","s1321_S_LIV_01_ASEReadCounter.table","NW_015090842.1:9869734",23,50,27
"ANKRD11","s1321_S_LIV_01_ASEReadCounter.table","NW_015090842.1:9870070",19,38,19
"ANKRD11","s1321_S_LIV_01_ASEReadCounter.table","NW_015090842.1:9870349",16,40,24
"ANKRD11","s1321_S_LIV_01_ASEReadCounter.table","NW_015090842.1:9870604",13,27,14
"ANKRD11","s1321_S_LIV_01_ASEReadCounter.table","NW_015090842.1:9870613",13,31,18
"ANKRD11","s1321_S_LIV_01_ASEReadCounter.table","NW_015090842.1:9870685",29,54,25
"ANKRD11","s1321_S_LIV_01_ASEReadCounter.table","NW_015090842.1:9870847",15,32,17
"ANKRD11","s1321_S_LIV_01_ASEReadCounter.table","NW_015090842.1:9871103",14,34,20
"ANKRD11","s1321_S_LIV_01_ASEReadCounter.table","NW_015090842.1:9871165",20,39,19
"ANKRD11","s1321_S_LIV_01_ASEReadCounter.table","NW_015090842.1:9871820",9,19,10
"ANKRD11","s1321_S_LIV_01_ASEReadCounter.table","NW_015090842.1:9871994",13,13,0
"ANKRD11","s1321_S_LIV_01_ASEReadCounter.table","NW_015090842.1:9872118",11,21,10
"SPG7","s1321_S_LIV_01_ASEReadCounter.table","NW_015090842.1:10051190",79,138,59
"SPG7","s1321_S_LIV_01_ASEReadCounter.table","NW_015090842.1:10051218",74,147,73
"SPG7","s1321_S_LIV_01_ASEReadCounter.table","NW_015090842.1:10052348",96,169,73
"SPG7","s1321_S_LIV_01_ASEReadCounter.table","NW_015090842.1:10052366",91,168,77
"SPG7","s1321_S_LIV_01_ASEReadCounter.table","NW_015090842.1:10065173",82,150,68
"SPG7","s1321_S_LIV_01_ASEReadCounter.table","NW_015090842.1:10065215",78,140,62
"SPG7","s1321_S_LIV_01_ASEReadCounter.table","NW_015090842.1:10066301",65,120,55
"SPG7","s1321_S_LIV_01_ASEReadCounter.table","NW_015090842.1:10066365",66,128,62
"SPG7","s1321_S_LIV_01_ASEReadCounter.table","NW_015090842.1:10069752",68,132,64
"SPG7","s1321_S_LIV_01_ASEReadCounter.table","NW_015090842.1:10069800",75,153,78
"SPG7","s1321_S_LIV_01_ASEReadCounter.table","NW_015090842.1:10071192",90,159,69
"SPG7","s1321_S_LIV_01_ASEReadCounter.table","NW_015090842.1:10071204",90,157,67
"SPG7","s1321_S_LIV_01_ASEReadCounter.table","NW_015090842.1:10071219",76,143,67
"SPG7","s1321_S_LIV_01_ASEReadCounter.table","NW_015090842.1:10071967",86,156,70
"SPG7","s1321_S_LIV_01_ASEReadCounter.table","NW_015090842.1:10075109",112,180,68
"SPG7","s1321_S_LIV_01_ASEReadCounter.table","NW_015090842.1:10075114",112,182,70
"SPG7","s1321_S_LIV_01_ASEReadCounter.table","NW_015090842.1:10075198",93,151,58
"SPG7","s1321_S_LIV_01_ASEReadCounter.table","NW_015090842.1:10075487",56,117,61
"SPG7","s1321_S_LIV_01_ASEReadCounter.table","NW_015090842.1:10075488",56,118,62
"SPG7","s1321_S_LIV_01_ASEReadCounter.table","NW_015090842.1:10075548",41,71,30
"RPL13","s1321_S_LIV_01_ASEReadCounter.table","NW_015090842.1:10076979",0,2,2
"RPL13","s1321_S_LIV_01_ASEReadCounter.table","NW_015090842.1:10077387",950,2237,1287
"RPL13","s1321_S_LIV_01_ASEReadCounter.table","NW_015090842.1:10077978",1401,3079,1678
"RPL13","s1321_S_LIV_01_ASEReadCounter.table","NW_015090842.1:10077992",1421,3007,1586
"LOC106888185","s1321_S_LIV_01_ASEReadCounter.table","NW_015090842.1:10094965",3,10,7
"LOC106888185","s1321_S_LIV_01_ASEReadCounter.table","NW_015090842.1:10094966",3,10,7
"LOC106888185","s1321_S_LIV_01_ASEReadCounter.table","NW_015090842.1:10094985",3,11,8
"LOC106888185","s1321_S_LIV_01_ASEReadCounter.table","NW_015090842.1:10095055",1,7,6
"LOC106888185","s1321_S_LIV_01_ASEReadCounter.table","NW_015090842.1:10095062",1,7,6
"LOC106888185","s1321_S_LIV_01_ASEReadCounter.table","NW_015090842.1:10095130",1,12,11
"LOC106888185","s1321_S_LIV_01_ASEReadCounter.table","NW_015090842.1:10095265",27,59,32
"LOC106888185","s1321_S_LIV_01_ASEReadCounter.table","NW_015090842.1:10095586",30,80,50
"LOC106888185","s1321_S_LIV_01_ASEReadCounter.table","NW_015090842.1:10095593",33,87,54
"LOC106888185","s1321_S_LIV_01_ASEReadCounter.table","NW_015090842.1:10095616",23,72,49
"LOC106888185","s1321_S_LIV_01_ASEReadCounter.table","NW_015090842.1:10095662",17,48,31
"LOC106888185","s1321_S_LIV_01_ASEReadCounter.table","NW_015090842.1:10095674",16,43,27
"LOC106888185","s1321_S_LIV_01_ASEReadCounter.table","NW_015090842.1:10095786",23,59,36
"LOC106888185","s1321_S_LIV_01_ASEReadCounter.table","NW_015090842.1:10095831",21,51,30
"LOC106888185","s1321_S_LIV_01_ASEReadCounter.table","NW_015090842.1:10096230",23,68,45
"LOC106888185","s1321_S_LIV_01_ASEReadCounter.table","NW_015090842.1:10096249",37,81,44
"LOC106888185","s1321_S_LIV_01_ASEReadCounter.table","NW_015090842.1:10096272",42,90,48
"LOC106888185","s1321_S_LIV_01_ASEReadCounter.table","NW_015090842.1:10096288",43,88,45
"LOC106888185","s1321_S_LIV_01_ASEReadCounter.table","NW_015090842.1:10097248",36,85,49
"LOC106888185","s1321_S_LIV_01_ASEReadCounter.table","NW_015090842.1:10097265",45,93,48
"LOC106888185","s1321_S_LIV_01_ASEReadCounter.table","NW_015090842.1:10097446",8,21,13
"DPEP1","s1321_S_LIV_01_ASEReadCounter.table","NW_015090842.1:10098017",0,4,4
"DPEP1","s1321_S_LIV_01_ASEReadCounter.table","NW_015090842.1:10098518",167,181,14
"DPEP1","s1321_S_LIV_01_ASEReadCounter.table","NW_015090842.1:10098595",256,267,11
"DPEP1","s1321_S_LIV_01_ASEReadCounter.table","NW_015090842.1:10098597",257,268,11
"DPEP1","s1321_S_LIV_01_ASEReadCounter.table","NW_015090842.1:10098601",260,270,10
"DPEP1","s1321_S_LIV_01_ASEReadCounter.table","NW_015090842.1:10098608",244,254,10
"DPEP1","s1321_S_LIV_01_ASEReadCounter.table","NW_015090842.1:10098630",235,247,12
"DPEP1","s1321_S_LIV_01_ASEReadCounter.table","NW_015090842.1:10098659",261,278,17
"DPEP1","s1321_S_LIV_01_ASEReadCounter.table","NW_015090842.1:10099765",270,285,15
"DPEP1","s1321_S_LIV_01_ASEReadCounter.table","NW_015090842.1:10099985",283,297,14
"DPEP1","s1321_S_LIV_01_ASEReadCounter.table","NW_015090842.1:10099986",283,297,14
"DPEP1","s1321_S_LIV_01_ASEReadCounter.table","NW_015090842.1:10099991",285,299,14
"DPEP1","s1321_S_LIV_01_ASEReadCounter.table","NW_015090842.1:10100044",341,356,15
"DPEP1","s1321_S_LIV_01_ASEReadCounter.table","NW_015090842.1:10100045",343,357,14
"DPEP1","s1321_S_LIV_01_ASEReadCounter.table","NW_015090842.1:10100084",361,373,12
"DPEP1","s1321_S_LIV_01_ASEReadCounter.table","NW_015090842.1:10100295",324,344,20
"DPEP1","s1321_S_LIV_01_ASEReadCounter.table","NW_015090842.1:10100529",276,294,18
"DPEP1","s1321_S_LIV_01_ASEReadCounter.table","NW_015090842.1:10100893",387,411,24
"DPEP1","s1321_S_LIV_01_ASEReadCounter.table","NW_015090842.1:10100902",379,402,23
"DPEP1","s1321_S_LIV_01_ASEReadCounter.table","NW_015090842.1:10101072",344,367,23
"DPEP1","s1321_S_LIV_01_ASEReadCounter.table","NW_015090842.1:10101199",367,389,22
"DPEP1","s1321_S_LIV_01_ASEReadCounter.table","NW_015090842.1:10101483",305,322,17
"DPEP1","s1321_S_LIV_01_ASEReadCounter.table","NW_015090842.1:10101497",332,350,18
"DPEP1","s1321_S_LIV_01_ASEReadCounter.table","NW_015090842.1:10101525",346,362,16
"DPEP1","s1321_S_LIV_01_ASEReadCounter.table","NW_015090842.1:10101875",307,323,16
"DPEP1","s1321_S_LIV_01_ASEReadCounter.table","NW_015090842.1:10101913",288,298,10
"DPEP1","s1321_S_LIV_01_ASEReadCounter.table","NW_015090842.1:10101996",195,202,7
"DPEP1","s1321_S_LIV_01_ASEReadCounter.table","NW_015090842.1:10102014",174,181,7
"DPEP1","s1321_S_LIV_01_ASEReadCounter.table","NW_015090842.1:10102035",136,139,3
"DPEP1","s1321_S_LIV_01_ASEReadCounter.table","NW_015090842.1:10102076",20,21,1
"DPEP1","s1321_S_LIV_01_ASEReadCounter.table","NW_015090842.1:10102077",18,19,1
"CHMP1A","s1321_S_LIV_01_ASEReadCounter.table","NW_015090842.1:10102901",24,58,34
"CHMP1A","s1321_S_LIV_01_ASEReadCounter.table","NW_015090842.1:10102961",23,84,61
"CHMP1A","s1321_S_LIV_01_ASEReadCounter.table","NW_015090842.1:10102996",19,81,62
"CHMP1A","s1321_S_LIV_01_ASEReadCounter.table","NW_015090842.1:10103004",23,87,64
"CHMP1A","s1321_S_LIV_01_ASEReadCounter.table","NW_015090842.1:10103006",23,86,63
"CHMP1A","s1321_S_LIV_01_ASEReadCounter.table","NW_015090842.1:10103052",40,103,63
"CHMP1A","s1321_S_LIV_01_ASEReadCounter.table","NW_015090842.1:10103095",44,103,59
"CHMP1A","s1321_S_LIV_01_ASEReadCounter.table","NW_015090842.1:10103096",44,106,62
"CHMP1A","s1321_S_LIV_01_ASEReadCounter.table","NW_015090842.1:10103152",35,72,37
"CHMP1A","s1321_S_LIV_01_ASEReadCounter.table","NW_015090842.1:10103334",29,69,40
"CHMP1A","s1321_S_LIV_01_ASEReadCounter.table","NW_015090842.1:10103373",15,59,44
"CHMP1A","s1321_S_LIV_01_ASEReadCounter.table","NW_015090842.1:10103408",28,86,58
"CHMP1A","s1321_S_LIV_01_ASEReadCounter.table","NW_015090842.1:10103412",33,86,53
"CHMP1A","s1321_S_LIV_01_ASEReadCounter.table","NW_015090842.1:10103512",27,73,46
"CHMP1A","s1321_S_LIV_01_ASEReadCounter.table","NW_015090842.1:10103513",28,75,47
"CHMP1A","s1321_S_LIV_01_ASEReadCounter.table","NW_015090842.1:10103583",24,80,56
"CHMP1A","s1321_S_LIV_01_ASEReadCounter.table","NW_015090842.1:10103614",32,92,60
"CHMP1A","s1321_S_LIV_01_ASEReadCounter.table","NW_015090842.1:10103657",26,86,60
"CHMP1A","s1321_S_LIV_01_ASEReadCounter.table","NW_015090842.1:10103669",22,76,54
"CHMP1A","s1321_S_LIV_01_ASEReadCounter.table","NW_015090842.1:10103674",22,73,51
"CHMP1A","s1321_S_LIV_01_ASEReadCounter.table","NW_015090842.1:10103677",20,70,50
"CHMP1A","s1321_S_LIV_01_ASEReadCounter.table","NW_015090842.1:10103729",36,93,57
"CHMP1A","s1321_S_LIV_01_ASEReadCounter.table","NW_015090842.1:10103758",38,92,54
"CHMP1A","s1321_S_LIV_01_ASEReadCounter.table","NW_015090842.1:10103761",37,91,54
"CHMP1A","s1321_S_LIV_01_ASEReadCounter.table","NW_015090842.1:10103788",42,108,66
"CHMP1A","s1321_S_LIV_01_ASEReadCounter.table","NW_015090842.1:10103789",43,109,66
"CHMP1A","s1321_S_LIV_01_ASEReadCounter.table","NW_015090842.1:10103790",43,111,68
"CHMP1A","s1321_S_LIV_01_ASEReadCounter.table","NW_015090842.1:10103950",34,89,55
"CHMP1A","s1321_S_LIV_01_ASEReadCounter.table","NW_015090842.1:10104335",36,72,36
"CHMP1A","s1321_S_LIV_01_ASEReadCounter.table","NW_015090842.1:10104429",43,95,52
"CHMP1A","s1321_S_LIV_01_ASEReadCounter.table","NW_015090842.1:10104532",45,120,75
"CHMP1A","s1321_S_LIV_01_ASEReadCounter.table","NW_015090842.1:10104633",40,87,47
"CHMP1A","s1321_S_LIV_01_ASEReadCounter.table","NW_015090842.1:10104759",35,82,47
"CHMP1A","s1321_S_LIV_01_ASEReadCounter.table","NW_015090842.1:10104794",36,81,45
"CHMP1A","s1321_S_LIV_01_ASEReadCounter.table","NW_015090842.1:10104844",22,59,37
"CHMP1A","s1321_S_LIV_01_ASEReadCounter.table","NW_015090842.1:10106290",27,66,39
"CHMP1A","s1321_S_LIV_01_ASEReadCounter.table","NW_015090842.1:10106335",33,75,42
"CHMP1A","s1321_S_LIV_01_ASEReadCounter.table","NW_015090842.1:10106383",44,97,53
"CHMP1A","s1321_S_LIV_01_ASEReadCounter.table","NW_015090842.1:10106747",51,125,74
"CHMP1A","s1321_S_LIV_01_ASEReadCounter.table","NW_015090842.1:10107404",54,131,77
"CHMP1A","s1321_S_LIV_01_ASEReadCounter.table","NW_015090842.1:10107410",53,132,79
"CHMP1A","s1321_S_LIV_01_ASEReadCounter.table","NW_015090842.1:10107876",48,103,55
"CDK10","s1321_S_LIV_01_ASEReadCounter.table","NW_015090842.1:10109030",10,11,1
"CDK10","s1321_S_LIV_01_ASEReadCounter.table","NW_015090842.1:10109963",22,58,36
"CDK10","s1321_S_LIV_01_ASEReadCounter.table","NW_015090842.1:10110887",23,49,26
"CDK10","s1321_S_LIV_01_ASEReadCounter.table","NW_015090842.1:10111254",15,42,27
"CDK10","s1321_S_LIV_01_ASEReadCounter.table","NW_015090842.1:10111380",10,37,27
"CDK10","s1321_S_LIV_01_ASEReadCounter.table","NW_015090842.1:10111395",10,40,30
"CDK10","s1321_S_LIV_01_ASEReadCounter.table","NW_015090842.1:10111437",6,36,30
"CDK10","s1321_S_LIV_01_ASEReadCounter.table","NW_015090842.1:10111798",20,45,25
"CDK10","s1321_S_LIV_01_ASEReadCounter.table","NW_015090842.1:10111840",24,45,21
"CDK10","s1321_S_LIV_01_ASEReadCounter.table","NW_015090842.1:10112031",20,51,31
"CDK10","s1321_S_LIV_01_ASEReadCounter.table","NW_015090842.1:10112285",23,53,30
"CDK10","s1321_S_LIV_01_ASEReadCounter.table","NW_015090842.1:10112398",27,60,33
"CDK10","s1321_S_LIV_01_ASEReadCounter.table","NW_015090842.1:10112455",30,55,25
"CDK10","s1321_S_LIV_01_ASEReadCounter.table","NW_015090842.1:10112461",27,50,23
"CDK10","s1321_S_LIV_01_ASEReadCounter.table","NW_015090842.1:10112497",14,30,16
"CDK10","s1321_S_LIV_01_ASEReadCounter.table","NW_015090842.1:10112508",13,34,21
"CDK10","s1321_S_LIV_01_ASEReadCounter.table","NW_015090842.1:10112518",8,28,20
"CDK10","s1321_S_LIV_01_ASEReadCounter.table","NW_015090842.1:10112540",4,26,22
"CDK10","s1321_S_LIV_01_ASEReadCounter.table","NW_015090842.1:10112556",12,37,25
"CDK10","s1321_S_LIV_01_ASEReadCounter.table","NW_015090842.1:10112561",13,43,30
"CDK10","s1321_S_LIV_01_ASEReadCounter.table","NW_015090842.1:10112596",13,38,25
"CDK10","s1321_S_LIV_01_ASEReadCounter.table","NW_015090842.1:10112630",7,26,19
"CDK10","s1321_S_LIV_01_ASEReadCounter.table","NW_015090842.1:10112656",7,20,13
"CDK10","s1321_S_LIV_01_ASEReadCounter.table","NW_015090842.1:10112665",6,14,8
"CDK10","s1321_S_LIV_01_ASEReadCounter.table","NW_015090842.1:10112668",7,15,8
"CDK10","s1321_S_LIV_01_ASEReadCounter.table","NW_015090842.1:10112781",7,12,5
"CDK10","s1321_S_LIV_01_ASEReadCounter.table","NW_015090842.1:10112782",7,12,5
"CDK10","s1321_S_LIV_01_ASEReadCounter.table","NW_015090842.1:10112795",6,11,5
"CDK10","s1321_S_LIV_01_ASEReadCounter.table","NW_015090842.1:10112841",5,6,1
"CDK10","s1321_S_LIV_01_ASEReadCounter.table","NW_015090842.1:10112861",2,3,1
"SPATA2L","s1321_S_LIV_01_ASEReadCounter.table","NW_015090842.1:10113212",7,15,8
"SPATA2L","s1321_S_LIV_01_ASEReadCounter.table","NW_015090842.1:10113280",10,23,13
"SPATA2L","s1321_S_LIV_01_ASEReadCounter.table","NW_015090842.1:10113296",13,32,19
"SPATA2L","s1321_S_LIV_01_ASEReadCounter.table","NW_015090842.1:10113321",11,32,21
"SPATA2L","s1321_S_LIV_01_ASEReadCounter.table","NW_015090842.1:10113332",12,34,22
"SPATA2L","s1321_S_LIV_01_ASEReadCounter.table","NW_015090842.1:10113380",13,33,20
"SPATA2L","s1321_S_LIV_01_ASEReadCounter.table","NW_015090842.1:10113381",13,33,20
"SPATA2L","s1321_S_LIV_01_ASEReadCounter.table","NW_015090842.1:10113412",9,30,21
"SPATA2L","s1321_S_LIV_01_ASEReadCounter.table","NW_015090842.1:10113421",10,33,23
"SPATA2L","s1321_S_LIV_01_ASEReadCounter.table","NW_015090842.1:10113465",4,25,21
"SPATA2L","s1321_S_LIV_01_ASEReadCounter.table","NW_015090842.1:10113535",10,27,17
"SPATA2L","s1321_S_LIV_01_ASEReadCounter.table","NW_015090842.1:10113645",12,48,36
"SPATA2L","s1321_S_LIV_01_ASEReadCounter.table","NW_015090842.1:10113682",18,55,37
"SPATA2L","s1321_S_LIV_01_ASEReadCounter.table","NW_015090842.1:10113696",13,47,34
"SPATA2L","s1321_S_LIV_01_ASEReadCounter.table","NW_015090842.1:10113727",11,43,32
"SPATA2L","s1321_S_LIV_01_ASEReadCounter.table","NW_015090842.1:10113729",43,43,0
"SPATA2L","s1321_S_LIV_01_ASEReadCounter.table","NW_015090842.1:10113799",15,49,34
"SPATA2L","s1321_S_LIV_01_ASEReadCounter.table","NW_015090842.1:10113809",18,53,35
"SPATA2L","s1321_S_LIV_01_ASEReadCounter.table","NW_015090842.1:10113827",18,57,39
"SPATA2L","s1321_S_LIV_01_ASEReadCounter.table","NW_015090842.1:10113831",18,56,38
"SPATA2L","s1321_S_LIV_01_ASEReadCounter.table","NW_015090842.1:10113894",19,57,38
"SPATA2L","s1321_S_LIV_01_ASEReadCounter.table","NW_015090842.1:10113905",16,51,35
"SPATA2L","s1321_S_LIV_01_ASEReadCounter.table","NW_015090842.1:10113914",18,53,35
"SPATA2L","s1321_S_LIV_01_ASEReadCounter.table","NW_015090842.1:10113920",16,51,35
"SPATA2L","s1321_S_LIV_01_ASEReadCounter.table","NW_015090842.1:10113937",20,57,37
"SPATA2L","s1321_S_LIV_01_ASEReadCounter.table","NW_015090842.1:10113971",15,46,31
"SPATA2L","s1321_S_LIV_01_ASEReadCounter.table","NW_015090842.1:10113976",12,45,33
"SPATA2L","s1321_S_LIV_01_ASEReadCounter.table","NW_015090842.1:10113985",14,37,23
"SPATA2L","s1321_S_LIV_01_ASEReadCounter.table","NW_015090842.1:10113994",15,41,26
"SPATA2L","s1321_S_LIV_01_ASEReadCounter.table","NW_015090842.1:10114063",13,38,25
"SPATA2L","s1321_S_LIV_01_ASEReadCounter.table","NW_015090842.1:10114066",11,36,25
"SPATA2L","s1321_S_LIV_01_ASEReadCounter.table","NW_015090842.1:10114069",11,34,23
"SPATA2L","s1321_S_LIV_01_ASEReadCounter.table","NW_015090842.1:10114159",8,26,18
"SPATA2L","s1321_S_LIV_01_ASEReadCounter.table","NW_015090842.1:10114262",41,41,0
"SPATA2L","s1321_S_LIV_01_ASEReadCounter.table","NW_015090842.1:10114470",14,34,20
"SPATA2L","s1321_S_LIV_01_ASEReadCounter.table","NW_015090842.1:10114524",12,19,7
"VPS9D1","s1321_S_LIV_01_ASEReadCounter.table","NW_015090842.1:10116377",8,15,7
"VPS9D1","s1321_S_LIV_01_ASEReadCounter.table","NW_015090842.1:10116415",8,14,6
"VPS9D1","s1321_S_LIV_01_ASEReadCounter.table","NW_015090842.1:10116607",5,12,7
"VPS9D1","s1321_S_LIV_01_ASEReadCounter.table","NW_015090842.1:10116821",6,13,7
"VPS9D1","s1321_S_LIV_01_ASEReadCounter.table","NW_015090842.1:10116825",6,12,6
"VPS9D1","s1321_S_LIV_01_ASEReadCounter.table","NW_015090842.1:10116882",4,8,4
"VPS9D1","s1321_S_LIV_01_ASEReadCounter.table","NW_015090842.1:10116933",6,8,2
"VPS9D1","s1321_S_LIV_01_ASEReadCounter.table","NW_015090842.1:10116942",8,10,2
"VPS9D1","s1321_S_LIV_01_ASEReadCounter.table","NW_015090842.1:10117152",5,10,5
"VPS9D1","s1321_S_LIV_01_ASEReadCounter.table","NW_015090842.1:10117480",4,15,11
"VPS9D1","s1321_S_LIV_01_ASEReadCounter.table","NW_015090842.1:10117497",4,15,11
"VPS9D1","s1321_S_LIV_01_ASEReadCounter.table","NW_015090842.1:10117499",4,16,12
"VPS9D1","s1321_S_LIV_01_ASEReadCounter.table","NW_015090842.1:10117516",5,17,12
"VPS9D1","s1321_S_LIV_01_ASEReadCounter.table","NW_015090842.1:10117525",5,15,10
"VPS9D1","s1321_S_LIV_01_ASEReadCounter.table","NW_015090842.1:10117579",5,11,6
"VPS9D1","s1321_S_LIV_01_ASEReadCounter.table","NW_015090842.1:10117627",5,11,6
"VPS9D1","s1321_S_LIV_01_ASEReadCounter.table","NW_015090842.1:10117678",8,18,10
"VPS9D1","s1321_S_LIV_01_ASEReadCounter.table","NW_015090842.1:10117773",11,19,8
"VPS9D1","s1321_S_LIV_01_ASEReadCounter.table","NW_015090842.1:10117937",10,19,9
"VPS9D1","s1321_S_LIV_01_ASEReadCounter.table","NW_015090842.1:10117961",10,17,7
"VPS9D1","s1321_S_LIV_01_ASEReadCounter.table","NW_015090842.1:10118236",7,14,7
"VPS9D1","s1321_S_LIV_01_ASEReadCounter.table","NW_015090842.1:10118414",10,16,6
"VPS9D1","s1321_S_LIV_01_ASEReadCounter.table","NW_015090842.1:10118973",10,18,8
"VPS9D1","s1321_S_LIV_01_ASEReadCounter.table","NW_015090842.1:10119500",4,6,2
"ZNF276","s1321_S_LIV_01_ASEReadCounter.table","NW_015090842.1:10121760",3,5,2
"ZNF276","s1321_S_LIV_01_ASEReadCounter.table","NW_015090842.1:10121769",3,4,1
"ZNF276","s1321_S_LIV_01_ASEReadCounter.table","NW_015090842.1:10121802",7,8,1
"ZNF276","s1321_S_LIV_01_ASEReadCounter.table","NW_015090842.1:10121971",12,16,4
"ZNF276","s1321_S_LIV_01_ASEReadCounter.table","NW_015090842.1:10122161",20,20,0
"ZNF276","s1321_S_LIV_01_ASEReadCounter.table","NW_015090842.1:10122164",20,20,0
"ZNF276","s1321_S_LIV_01_ASEReadCounter.table","NW_015090842.1:10122184",18,18,0
"ZNF276","s1321_S_LIV_01_ASEReadCounter.table","NW_015090842.1:10122883",5,12,7
"ZNF276","s1321_S_LIV_01_ASEReadCounter.table","NW_015090842.1:10122997",8,14,6
"ZNF276","s1321_S_LIV_01_ASEReadCounter.table","NW_015090842.1:10123069",5,10,5
"ZNF276","s1321_S_LIV_01_ASEReadCounter.table","NW_015090842.1:10123207",11,20,9
"ZNF276","s1321_S_LIV_01_ASEReadCounter.table","NW_015090842.1:10125787",14,18,4
"ZNF276","s1321_S_LIV_01_ASEReadCounter.table","NW_015090842.1:10126309",19,25,6
"ZNF276","s1321_S_LIV_01_ASEReadCounter.table","NW_015090842.1:10126348",14,26,12
"ZNF276","s1321_S_LIV_01_ASEReadCounter.table","NW_015090842.1:10126978",15,31,16
"ZNF276","s1321_S_LIV_01_ASEReadCounter.table","NW_015090842.1:10126991",14,28,14
"ZNF276","s1321_S_LIV_01_ASEReadCounter.table","NW_015090842.1:10127023",15,29,14
"ZNF276","s1321_S_LIV_01_ASEReadCounter.table","NW_015090842.1:10127063",9,23,14
"ZNF276","s1321_S_LIV_01_ASEReadCounter.table","NW_015090842.1:10127373",10,21,11
"ZNF276","s1321_S_LIV_01_ASEReadCounter.table","NW_015090842.1:10127931",13,27,14
"ZNF276","s1321_S_LIV_01_ASEReadCounter.table","NW_015090842.1:10128070",17,25,8
"ZNF276","s1321_S_LIV_01_ASEReadCounter.table","NW_015090842.1:10128102",16,29,13
"ZNF276","s1321_S_LIV_01_ASEReadCounter.table","NW_015090842.1:10128356",5,13,8
"ZNF276","s1321_S_LIV_01_ASEReadCounter.table","NW_015090842.1:10128497",6,7,1
"FANCA","s1321_S_LIV_01_ASEReadCounter.table","NW_015090842.1:10128743",1,2,1
"FANCA","s1321_S_LIV_01_ASEReadCounter.table","NW_015090842.1:10129383",0,1,1
"FANCA","s1321_S_LIV_01_ASEReadCounter.table","NW_015090842.1:10129390",0,1,1
"FANCA","s1321_S_LIV_01_ASEReadCounter.table","NW_015090842.1:10129422",3,3,0
"FANCA","s1321_S_LIV_01_ASEReadCounter.table","NW_015090842.1:10129969",1,1,0
"FANCA","s1321_S_LIV_01_ASEReadCounter.table","NW_015090842.1:10130399",1,1,0
"FANCA","s1321_S_LIV_01_ASEReadCounter.table","NW_015090842.1:10130857",3,3,0
"FANCA","s1321_S_LIV_01_ASEReadCounter.table","NW_015090842.1:10130878",2,2,0
"FANCA","s1321_S_LIV_01_ASEReadCounter.table","NW_015090842.1:10133530",1,2,1
"FANCA","s1321_S_LIV_01_ASEReadCounter.table","NW_015090842.1:10133533",1,3,2
"FANCA","s1321_S_LIV_01_ASEReadCounter.table","NW_015090842.1:10133536",1,3,2
"FANCA","s1321_S_LIV_01_ASEReadCounter.table","NW_015090842.1:10133601",1,1,0
"FANCA","s1321_S_LIV_01_ASEReadCounter.table","NW_015090842.1:10134492",0,2,2
"FANCA","s1321_S_LIV_01_ASEReadCounter.table","NW_015090842.1:10136957",0,2,2
"FANCA","s1321_S_LIV_01_ASEReadCounter.table","NW_015090842.1:10136982",1,3,2
"FANCA","s1321_S_LIV_01_ASEReadCounter.table","NW_015090842.1:10136999",1,3,2
"FANCA","s1321_S_LIV_01_ASEReadCounter.table","NW_015090842.1:10137019",1,2,1
"FANCA","s1321_S_LIV_01_ASEReadCounter.table","NW_015090842.1:10137673",1,2,1
"FANCA","s1321_S_LIV_01_ASEReadCounter.table","NW_015090842.1:10138618",1,1,0
"FANCA","s1321_S_LIV_01_ASEReadCounter.table","NW_015090842.1:10139140",1,1,0
"FANCA","s1321_S_LIV_01_ASEReadCounter.table","NW_015090842.1:10140699",1,1,0
"FANCA","s1321_S_LIV_01_ASEReadCounter.table","NW_015090842.1:10141234",1,1,0
"FANCA","s1321_S_LIV_01_ASEReadCounter.table","NW_015090842.1:10145030",1,1,0
"FANCA","s1321_S_LIV_01_ASEReadCounter.table","NW_015090842.1:10150518",0,1,1
"FANCA","s1321_S_LIV_01_ASEReadCounter.table","NW_015090842.1:10154490",1,2,1
"FANCA","s1321_S_LIV_01_ASEReadCounter.table","NW_015090842.1:10158162",0,1,1
"FANCA","s1321_S_LIV_01_ASEReadCounter.table","NW_015090842.1:10158957",0,1,1
"FANCA","s1321_S_LIV_01_ASEReadCounter.table","NW_015090842.1:10160177",0,1,1
"FANCA","s1321_S_LIV_01_ASEReadCounter.table","NW_015090842.1:10165331",1,1,0
"SPIRE2","s1321_S_LIV_01_ASEReadCounter.table","NW_015090842.1:10176115",0,1,1
"SPIRE2","s1321_S_LIV_01_ASEReadCounter.table","NW_015090842.1:10178000",1,2,1
"SPIRE2","s1321_S_LIV_01_ASEReadCounter.table","NW_015090842.1:10178164",1,2,1
"SPIRE2","s1321_S_LIV_01_ASEReadCounter.table","NW_015090842.1:10178216",0,1,1
"SPIRE2","s1321_S_LIV_01_ASEReadCounter.table","NW_015090842.1:10178303",0,1,1
"SPIRE2","s1321_S_LIV_01_ASEReadCounter.table","NW_015090842.1:10178403",0,1,1
"SPIRE2","s1321_S_LIV_01_ASEReadCounter.table","NW_015090842.1:10178409",0,1,1
"SPIRE2","s1321_S_LIV_01_ASEReadCounter.table","NW_015090842.1:10178524",0,1,1
"SPIRE2","s1321_S_LIV_01_ASEReadCounter.table","NW_015090842.1:10178526",0,1,1
"SPIRE2","s1321_S_LIV_01_ASEReadCounter.table","NW_015090842.1:10178531",0,1,1
"SPIRE2","s1321_S_LIV_01_ASEReadCounter.table","NW_015090842.1:10178565",0,1,1
"SPIRE2","s1321_S_LIV_01_ASEReadCounter.table","NW_015090842.1:10178587",0,1,1
"SPIRE2","s1321_S_LIV_01_ASEReadCounter.table","NW_015090842.1:10178640",0,1,1
"SPIRE2","s1321_S_LIV_01_ASEReadCounter.table","NW_015090842.1:10178651",0,1,1
"SPIRE2","s1321_S_LIV_01_ASEReadCounter.table","NW_015090842.1:10178682",0,1,1
"TCF25","s1321_S_LIV_01_ASEReadCounter.table","NW_015090842.1:10180912",27,52,25
"TCF25","s1321_S_LIV_01_ASEReadCounter.table","NW_015090842.1:10180924",28,53,25
"TCF25","s1321_S_LIV_01_ASEReadCounter.table","NW_015090842.1:10180931",30,54,24
"TCF25","s1321_S_LIV_01_ASEReadCounter.table","NW_015090842.1:10185332",77,150,73
"TCF25","s1321_S_LIV_01_ASEReadCounter.table","NW_015090842.1:10196561",72,129,57
"TCF25","s1321_S_LIV_01_ASEReadCounter.table","NW_015090842.1:10197399",147,147,0
"GAS8","s1321_S_LIV_01_ASEReadCounter.table","NW_015090842.1:10228982",9,21,12
"GAS8","s1321_S_LIV_01_ASEReadCounter.table","NW_015090842.1:10229832",2,8,6
"GAS8","s1321_S_LIV_01_ASEReadCounter.table","NW_015090842.1:10232901",2,8,6
"GAS8","s1321_S_LIV_01_ASEReadCounter.table","NW_015090842.1:10232928",2,6,4
"GAS8","s1321_S_LIV_01_ASEReadCounter.table","NW_015090842.1:10232967",1,8,7
"GAS8","s1321_S_LIV_01_ASEReadCounter.table","NW_015090842.1:10233032",0,5,5
"GAS8","s1321_S_LIV_01_ASEReadCounter.table","NW_015090842.1:10233057",1,4,3
"GAS8","s1321_S_LIV_01_ASEReadCounter.table","NW_015090842.1:10233058",1,4,3
"GAS8","s1321_S_LIV_01_ASEReadCounter.table","NW_015090842.1:10233176",2,9,7
"GAS8","s1321_S_LIV_01_ASEReadCounter.table","NW_015090842.1:10233196",2,9,7
"GAS8","s1321_S_LIV_01_ASEReadCounter.table","NW_015090842.1:10233252",2,7,5
"GAS8","s1321_S_LIV_01_ASEReadCounter.table","NW_015090842.1:10233303",0,2,2
"LOC106888094","s1321_S_LIV_01_ASEReadCounter.table","NW_015090842.1:10233334",13,51,38
"LOC106888094","s1321_S_LIV_01_ASEReadCounter.table","NW_015090842.1:10233362",37,122,85
"LOC106888094","s1321_S_LIV_01_ASEReadCounter.table","NW_015090842.1:10233373",39,137,98
"LOC106888094","s1321_S_LIV_01_ASEReadCounter.table","NW_015090842.1:10233388",53,165,112
"LOC106888094","s1321_S_LIV_01_ASEReadCounter.table","NW_015090842.1:10233402",60,172,112
"LOC106888094","s1321_S_LIV_01_ASEReadCounter.table","NW_015090842.1:10233465",76,228,152
"LOC106888094","s1321_S_LIV_01_ASEReadCounter.table","NW_015090842.1:10233803",88,246,158
"LOC106888094","s1321_S_LIV_01_ASEReadCounter.table","NW_015090842.1:10233815",72,220,148
"LOC106888094","s1321_S_LIV_01_ASEReadCounter.table","NW_015090842.1:10235977",1,1,0
"LOC106888094","s1321_S_LIV_01_ASEReadCounter.table","NW_015090842.1:10236098",17,29,12
"LOC106888094","s1321_S_LIV_01_ASEReadCounter.table","NW_015090842.1:10236161",0,25,25
"LOC106888094","s1321_S_LIV_01_ASEReadCounter.table","NW_015090842.1:10236380",0,1,1
"LOC106888094","s1321_S_LIV_01_ASEReadCounter.table","NW_015090842.1:10236388",1,1,0
"LOC106888094","s1321_S_LIV_01_ASEReadCounter.table","NW_015090842.1:10236425",0,1,1
"LOC106888094","s1321_S_LIV_01_ASEReadCounter.table","NW_015090842.1:10236426",0,1,1
"LOC106888173","s1321_S_LIV_01_ASEReadCounter.table","NW_015090842.1:10239596",1,1,0
"LOC106888173","s1321_S_LIV_01_ASEReadCounter.table","NW_015090842.1:10240036",1,1,0
"LOC106888173","s1321_S_LIV_01_ASEReadCounter.table","NW_015090842.1:10240095",2,3,1
"LOC106888173","s1321_S_LIV_01_ASEReadCounter.table","NW_015090842.1:10240280",4,4,0
"LOC106888173","s1321_S_LIV_01_ASEReadCounter.table","NW_015090842.1:10240557",1,4,3
"LOC106888173","s1321_S_LIV_01_ASEReadCounter.table","NW_015090842.1:10240603",1,2,1
"LOC106888173","s1321_S_LIV_01_ASEReadCounter.table","NW_015090842.1:10240609",1,2,1
"LOC106888173","s1321_S_LIV_01_ASEReadCounter.table","NW_015090842.1:10240924",1,2,1
"LOC106888173","s1321_S_LIV_01_ASEReadCounter.table","NW_015090842.1:10241037",1,2,1
"LOC106888173","s1321_S_LIV_01_ASEReadCounter.table","NW_015090842.1:10241046",1,1,0
"LOC106888173","s1321_S_LIV_01_ASEReadCounter.table","NW_015090842.1:10241058",1,2,1
"LOC106888173","s1321_S_LIV_01_ASEReadCounter.table","NW_015090842.1:10241064",1,1,0
"LOC106888173","s1321_S_LIV_01_ASEReadCounter.table","NW_015090842.1:10241163",0,1,1
"LOC106888173","s1321_S_LIV_01_ASEReadCounter.table","NW_015090842.1:10241803",2,5,3
"LOC106888173","s1321_S_LIV_01_ASEReadCounter.table","NW_015090842.1:10241827",1,3,2
"LOC106888173","s1321_S_LIV_01_ASEReadCounter.table","NW_015090842.1:10241869",1,3,2
"LOC106888173","s1321_S_LIV_01_ASEReadCounter.table","NW_015090842.1:10242157",0,1,1
"LOC106888173","s1321_S_LIV_01_ASEReadCounter.table","NW_015090842.1:10242455",0,1,1
"LOC106888173","s1321_S_LIV_01_ASEReadCounter.table","NW_015090842.1:10242481",0,1,1
"LOC106888173","s1321_S_LIV_01_ASEReadCounter.table","NW_015090842.1:10242590",0,2,2
"LOC106888173","s1321_S_LIV_01_ASEReadCounter.table","NW_015090842.1:10242794",1,2,1
"LOC106888173","s1321_S_LIV_01_ASEReadCounter.table","NW_015090842.1:10242909",0,2,2
"LOC106888173","s1321_S_LIV_01_ASEReadCounter.table","NW_015090842.1:10243094",1,4,3
"LOC106888173","s1321_S_LIV_01_ASEReadCounter.table","NW_015090842.1:10243133",1,2,1
"LOC106888173","s1321_S_LIV_01_ASEReadCounter.table","NW_015090842.1:10243273",2,4,2
"LOC106888173","s1321_S_LIV_01_ASEReadCounter.table","NW_015090842.1:10243278",2,4,2
"LOC106888173","s1321_S_LIV_01_ASEReadCounter.table","NW_015090842.1:10243281",2,4,2
"LOC106888173","s1321_S_LIV_01_ASEReadCounter.table","NW_015090842.1:10243347",4,7,3
"LOC106888173","s1321_S_LIV_01_ASEReadCounter.table","NW_015090842.1:10243353",2,6,4
"LOC106888173","s1321_S_LIV_01_ASEReadCounter.table","NW_015090842.1:10243363",0,4,4
"LOC106888173","s1321_S_LIV_01_ASEReadCounter.table","NW_015090842.1:10243365",0,4,4
"LOC106888173","s1321_S_LIV_01_ASEReadCounter.table","NW_015090842.1:10243529",20,21,1
"LOC106888173","s1321_S_LIV_01_ASEReadCounter.table","NW_015090842.1:10243566",21,23,2
"LOC106888173","s1321_S_LIV_01_ASEReadCounter.table","NW_015090842.1:10243605",1,27,26
"LOC106888173","s1321_S_LIV_01_ASEReadCounter.table","NW_015090842.1:10243614",1,25,24
"LOC106888173","s1321_S_LIV_01_ASEReadCounter.table","NW_015090842.1:10243615",1,25,24
"LOC106888173","s1321_S_LIV_01_ASEReadCounter.table","NW_015090842.1:10243640",14,15,1
"LOC106888173","s1321_S_LIV_01_ASEReadCounter.table","NW_015090842.1:10243680",0,2,2
"LOC106888173","s1321_S_LIV_01_ASEReadCounter.table","NW_015090842.1:10243804",1,2,1
"LOC106888173","s1321_S_LIV_01_ASEReadCounter.table","NW_015090842.1:10243913",1,2,1
"LOC106888173","s1321_S_LIV_01_ASEReadCounter.table","NW_015090842.1:10243921",1,1,0
"LOC106888384","s1321_S_LIV_01_ASEReadCounter.table","NW_015090842.1:10244714",36,66,30
"LOC106888384","s1321_S_LIV_01_ASEReadCounter.table","NW_015090842.1:10244998",66,129,63
"LOC106888384","s1321_S_LIV_01_ASEReadCounter.table","NW_015090842.1:10250743",73,185,112
"LOC106888384","s1321_S_LIV_01_ASEReadCounter.table","NW_015090842.1:10250771",71,187,116
"LOC106888384","s1321_S_LIV_01_ASEReadCounter.table","NW_015090842.1:10251343",111,111,0
"LOC106888384","s1321_S_LIV_01_ASEReadCounter.table","NW_015090842.1:10251344",111,111,0
"LOC106888384","s1321_S_LIV_01_ASEReadCounter.table","NW_015090842.1:10251349",99,99,0
"LOC106888384","s1321_S_LIV_01_ASEReadCounter.table","NW_015090842.1:10251354",98,98,0
"LOC106888384","s1321_S_LIV_01_ASEReadCounter.table","NW_015090842.1:10251358",92,92,0
"LOC106888384","s1321_S_LIV_01_ASEReadCounter.table","NW_015090842.1:10251369",35,75,40
"LOC106888384","s1321_S_LIV_01_ASEReadCounter.table","NW_015090842.1:10251370",73,73,0
"LOC106888384","s1321_S_LIV_01_ASEReadCounter.table","NW_015090842.1:10251375",70,70,0
"LOC106888384","s1321_S_LIV_01_ASEReadCounter.table","NW_015090842.1:10251388",51,51,0
"LOC106888384","s1321_S_LIV_01_ASEReadCounter.table","NW_015090842.1:10251390",51,51,0
"LOC106888384","s1321_S_LIV_01_ASEReadCounter.table","NW_015090842.1:10251393",54,54,0
"LOC106888384","s1321_S_LIV_01_ASEReadCounter.table","NW_015090842.1:10251399",51,51,0
"LOC106888384","s1321_S_LIV_01_ASEReadCounter.table","NW_015090842.1:10251492",56,56,0
"LOC106888384","s1321_S_LIV_01_ASEReadCounter.table","NW_015090842.1:10253165",119,237,118
"LOC106888384","s1321_S_LIV_01_ASEReadCounter.table","NW_015090842.1:10253284",97,220,123
"LOC106888384","s1321_S_LIV_01_ASEReadCounter.table","NW_015090842.1:10253605",113,261,148
"LOC106888384","s1321_S_LIV_01_ASEReadCounter.table","NW_015090842.1:10254028",145,266,121
"LOC106888384","s1321_S_LIV_01_ASEReadCounter.table","NW_015090842.1:10254227",111,229,118
"LOC106888384","s1321_S_LIV_01_ASEReadCounter.table","NW_015090842.1:10254233",114,247,133
"LOC106888384","s1321_S_LIV_01_ASEReadCounter.table","NW_015090842.1:10254263",142,294,152
"LOC106888384","s1321_S_LIV_01_ASEReadCounter.table","NW_015090842.1:10254293",140,278,138
"LOC106888384","s1321_S_LIV_01_ASEReadCounter.table","NW_015090842.1:10254570",129,294,165
"LOC106888384","s1321_S_LIV_01_ASEReadCounter.table","NW_015090842.1:10254647",79,167,88
"LOC106888384","s1321_S_LIV_01_ASEReadCounter.table","NW_015090842.1:10254663",63,138,75
"LOC106888384","s1321_S_LIV_01_ASEReadCounter.table","NW_015090842.1:10254840",28,91,63
"LOC106888384","s1321_S_LIV_01_ASEReadCounter.table","NW_015090842.1:10254854",113,113,0
"LOC106888384","s1321_S_LIV_01_ASEReadCounter.table","NW_015090842.1:10254891",148,148,0
"LOC106888384","s1321_S_LIV_01_ASEReadCounter.table","NW_015090842.1:10254900",36,147,111
"LOC106888384","s1321_S_LIV_01_ASEReadCounter.table","NW_015090842.1:10254915",35,156,121
"LOC106888384","s1321_S_LIV_01_ASEReadCounter.table","NW_015090842.1:10254965",82,82,0
"LOC106888384","s1321_S_LIV_01_ASEReadCounter.table","NW_015090842.1:10254975",27,92,65
"LOC106888384","s1321_S_LIV_01_ASEReadCounter.table","NW_015090842.1:10255077",71,174,103
"LOC106888384","s1321_S_LIV_01_ASEReadCounter.table","NW_015090842.1:10255117",72,174,102
"LOC106888384","s1321_S_LIV_01_ASEReadCounter.table","NW_015090842.1:10255138",55,135,80
"LOC106888384","s1321_S_LIV_01_ASEReadCounter.table","NW_015090842.1:10255139",54,135,81
"LOC106888384","s1321_S_LIV_01_ASEReadCounter.table","NW_015090842.1:10255209",72,167,95
"LOC106888384","s1321_S_LIV_01_ASEReadCounter.table","NW_015090842.1:10255211",73,166,93
"LOC106888384","s1321_S_LIV_01_ASEReadCounter.table","NW_015090842.1:10255236",76,180,104
"LOC106888384","s1321_S_LIV_01_ASEReadCounter.table","NW_015090842.1:10255262",82,188,106
"LOC106888384","s1321_S_LIV_01_ASEReadCounter.table","NW_015090842.1:10255264",82,194,112
"LOC106888384","s1321_S_LIV_01_ASEReadCounter.table","NW_015090842.1:10255306",112,232,120
"LOC106888384","s1321_S_LIV_01_ASEReadCounter.table","NW_015090842.1:10255340",111,244,133
"LOC106888384","s1321_S_LIV_01_ASEReadCounter.table","NW_015090842.1:10255410",111,260,149
"LOC106888384","s1321_S_LIV_01_ASEReadCounter.table","NW_015090842.1:10255449",106,229,123
"LOC106888384","s1321_S_LIV_01_ASEReadCounter.table","NW_015090842.1:10255496",102,222,120
"LOC106888384","s1321_S_LIV_01_ASEReadCounter.table","NW_015090842.1:10255505",80,190,110
"LOC106888384","s1321_S_LIV_01_ASEReadCounter.table","NW_015090842.1:10255531",97,214,117
"LOC106888384","s1321_S_LIV_01_ASEReadCounter.table","NW_015090842.1:10255608",128,236,108
"LOC106888384","s1321_S_LIV_01_ASEReadCounter.table","NW_015090842.1:10255614",116,220,104
"LOC106888384","s1321_S_LIV_01_ASEReadCounter.table","NW_015090842.1:10255704",93,192,99
"LOC106888384","s1321_S_LIV_01_ASEReadCounter.table","NW_015090842.1:10255731",82,155,73
"LOC106888384","s1321_S_LIV_01_ASEReadCounter.table","NW_015090842.1:10255771",41,67,26
"TANGO6","s1321_S_LIV_01_ASEReadCounter.table","NW_015090842.1:10257782",9,15,6
"TANGO6","s1321_S_LIV_01_ASEReadCounter.table","NW_015090842.1:10258162",10,15,5
"TANGO6","s1321_S_LIV_01_ASEReadCounter.table","NW_015090842.1:10258185",12,18,6
"TANGO6","s1321_S_LIV_01_ASEReadCounter.table","NW_015090842.1:10259267",4,14,10
"TANGO6","s1321_S_LIV_01_ASEReadCounter.table","NW_015090842.1:10260250",38,62,24
"TANGO6","s1321_S_LIV_01_ASEReadCounter.table","NW_015090842.1:10260979",24,41,17
"TANGO6","s1321_S_LIV_01_ASEReadCounter.table","NW_015090842.1:10261599",24,39,15
"TANGO6","s1321_S_LIV_01_ASEReadCounter.table","NW_015090842.1:10268425",29,56,27
"TANGO6","s1321_S_LIV_01_ASEReadCounter.table","NW_015090842.1:10269831",26,43,17
"TANGO6","s1321_S_LIV_01_ASEReadCounter.table","NW_015090842.1:10270813",15,32,17
"TANGO6","s1321_S_LIV_01_ASEReadCounter.table","NW_015090842.1:10273952",12,32,20
"TANGO6","s1321_S_LIV_01_ASEReadCounter.table","NW_015090842.1:10273970",14,39,25
"TANGO6","s1321_S_LIV_01_ASEReadCounter.table","NW_015090842.1:10274018",17,38,21
"TANGO6","s1321_S_LIV_01_ASEReadCounter.table","NW_015090842.1:10275974",13,43,30
"TANGO6","s1321_S_LIV_01_ASEReadCounter.table","NW_015090842.1:10275976",13,43,30
"TANGO6","s1321_S_LIV_01_ASEReadCounter.table","NW_015090842.1:10276123",17,39,22
"TANGO6","s1321_S_LIV_01_ASEReadCounter.table","NW_015090842.1:10276271",17,32,15
"TANGO6","s1321_S_LIV_01_ASEReadCounter.table","NW_015090842.1:10276272",17,32,15
"TANGO6","s1321_S_LIV_01_ASEReadCounter.table","NW_015090842.1:10276275",20,34,14
"TANGO6","s1321_S_LIV_01_ASEReadCounter.table","NW_015090842.1:10276278",21,36,15
"TANGO6","s1321_S_LIV_01_ASEReadCounter.table","NW_015090842.1:10276368",20,30,10
"TANGO6","s1321_S_LIV_01_ASEReadCounter.table","NW_015090842.1:10276373",22,33,11
"TANGO6","s1321_S_LIV_01_ASEReadCounter.table","NW_015090842.1:10276630",21,29,8
"TANGO6","s1321_S_LIV_01_ASEReadCounter.table","NW_015090842.1:10281498",17,36,19
"TANGO6","s1321_S_LIV_01_ASEReadCounter.table","NW_015090842.1:10282842",23,38,15
"TANGO6","s1321_S_LIV_01_ASEReadCounter.table","NW_015090842.1:10282863",18,27,9
"TANGO6","s1321_S_LIV_01_ASEReadCounter.table","NW_015090842.1:10282869",17,28,11
"TANGO6","s1321_S_LIV_01_ASEReadCounter.table","NW_015090842.1:10282903",21,35,14
"TANGO6","s1321_S_LIV_01_ASEReadCounter.table","NW_015090842.1:10283757",15,32,17
"TANGO6","s1321_S_LIV_01_ASEReadCounter.table","NW_015090842.1:10283785",16,38,22
"HAS3","s1321_S_LIV_01_ASEReadCounter.table","NW_015090842.1:10290927",1,1,0
"CHTF8","s1321_S_LIV_01_ASEReadCounter.table","NW_015090842.1:10291342",1,1,0
"CHTF8","s1321_S_LIV_01_ASEReadCounter.table","NW_015090842.1:10291491",6,7,1
"CHTF8","s1321_S_LIV_01_ASEReadCounter.table","NW_015090842.1:10291520",13,17,4
"CHTF8","s1321_S_LIV_01_ASEReadCounter.table","NW_015090842.1:10291593",9,15,6
"CHTF8","s1321_S_LIV_01_ASEReadCounter.table","NW_015090842.1:10291600",6,13,7
"CHTF8","s1321_S_LIV_01_ASEReadCounter.table","NW_015090842.1:10291609",4,9,5
"CHTF8","s1321_S_LIV_01_ASEReadCounter.table","NW_015090842.1:10291639",8,16,8
"CHTF8","s1321_S_LIV_01_ASEReadCounter.table","NW_015090842.1:10291641",8,16,8
"CHTF8","s1321_S_LIV_01_ASEReadCounter.table","NW_015090842.1:10291648",10,19,9
"CHTF8","s1321_S_LIV_01_ASEReadCounter.table","NW_015090842.1:10291656",12,21,9
"CHTF8","s1321_S_LIV_01_ASEReadCounter.table","NW_015090842.1:10291675",12,22,10
"CHTF8","s1321_S_LIV_01_ASEReadCounter.table","NW_015090842.1:10291696",12,20,8
"CHTF8","s1321_S_LIV_01_ASEReadCounter.table","NW_015090842.1:10291714",14,23,9
"CHTF8","s1321_S_LIV_01_ASEReadCounter.table","NW_015090842.1:10291732",12,21,9
"CHTF8","s1321_S_LIV_01_ASEReadCounter.table","NW_015090842.1:10291755",10,19,9
"CHTF8","s1321_S_LIV_01_ASEReadCounter.table","NW_015090842.1:10291756",9,18,9
"CHTF8","s1321_S_LIV_01_ASEReadCounter.table","NW_015090842.1:10291758",10,19,9
"CHTF8","s1321_S_LIV_01_ASEReadCounter.table","NW_015090842.1:10291792",14,22,8
"CHTF8","s1321_S_LIV_01_ASEReadCounter.table","NW_015090842.1:10291895",12,18,6
"CHTF8","s1321_S_LIV_01_ASEReadCounter.table","NW_015090842.1:10292132",7,11,4
"CHTF8","s1321_S_LIV_01_ASEReadCounter.table","NW_015090842.1:10292314",9,13,4
"CHTF8","s1321_S_LIV_01_ASEReadCounter.table","NW_015090842.1:10292317",9,13,4
"CHTF8","s1321_S_LIV_01_ASEReadCounter.table","NW_015090842.1:10292928",1,1,0
"UTP4","s1321_S_LIV_01_ASEReadCounter.table","NW_015090842.1:10293146",55,127,72
"UTP4","s1321_S_LIV_01_ASEReadCounter.table","NW_015090842.1:10293151",52,121,69
"UTP4","s1321_S_LIV_01_ASEReadCounter.table","NW_015090842.1:10293191",35,83,48
"UTP4","s1321_S_LIV_01_ASEReadCounter.table","NW_015090842.1:10293362",51,103,52
"UTP4","s1321_S_LIV_01_ASEReadCounter.table","NW_015090842.1:10293430",49,104,55
"UTP4","s1321_S_LIV_01_ASEReadCounter.table","NW_015090842.1:10293625",45,99,54
"UTP4","s1321_S_LIV_01_ASEReadCounter.table","NW_015090842.1:10293684",60,109,49
"UTP4","s1321_S_LIV_01_ASEReadCounter.table","NW_015090842.1:10294093",47,90,43
"UTP4","s1321_S_LIV_01_ASEReadCounter.table","NW_015090842.1:10294568",56,98,42
"UTP4","s1321_S_LIV_01_ASEReadCounter.table","NW_015090842.1:10294622",41,83,42
"UTP4","s1321_S_LIV_01_ASEReadCounter.table","NW_015090842.1:10294632",43,87,44
"UTP4","s1321_S_LIV_01_ASEReadCounter.table","NW_015090842.1:10295238",44,90,46
"UTP4","s1321_S_LIV_01_ASEReadCounter.table","NW_015090842.1:10295880",48,94,46
"UTP4","s1321_S_LIV_01_ASEReadCounter.table","NW_015090842.1:10295884",48,97,49
"UTP4","s1321_S_LIV_01_ASEReadCounter.table","NW_015090842.1:10295903",44,84,40
"UTP4","s1321_S_LIV_01_ASEReadCounter.table","NW_015090842.1:10295906",40,86,46
"UTP4","s1321_S_LIV_01_ASEReadCounter.table","NW_015090842.1:10295915",42,91,49
"UTP4","s1321_S_LIV_01_ASEReadCounter.table","NW_015090842.1:10295938",36,90,54
"UTP4","s1321_S_LIV_01_ASEReadCounter.table","NW_015090842.1:10296175",35,90,55
"UTP4","s1321_S_LIV_01_ASEReadCounter.table","NW_015090842.1:10296660",34,86,52
"UTP4","s1321_S_LIV_01_ASEReadCounter.table","NW_015090842.1:10296679",35,81,46
"UTP4","s1321_S_LIV_01_ASEReadCounter.table","NW_015090842.1:10297193",49,95,46
"UTP4","s1321_S_LIV_01_ASEReadCounter.table","NW_015090842.1:10297220",56,107,51
"UTP4","s1321_S_LIV_01_ASEReadCounter.table","NW_015090842.1:10297307",62,121,59
"UTP4","s1321_S_LIV_01_ASEReadCounter.table","NW_015090842.1:10297558",62,106,44
"UTP4","s1321_S_LIV_01_ASEReadCounter.table","NW_015090842.1:10297943",47,79,32
"UTP4","s1321_S_LIV_01_ASEReadCounter.table","NW_015090842.1:10297979",47,82,35
"UTP4","s1321_S_LIV_01_ASEReadCounter.table","NW_015090842.1:10298022",31,59,28
"UTP4","s1321_S_LIV_01_ASEReadCounter.table","NW_015090842.1:10298079",5,15,10
"UTP4","s1321_S_LIV_01_ASEReadCounter.table","NW_015090842.1:10298081",5,14,9
"UTP4","s1321_S_LIV_01_ASEReadCounter.table","NW_015090842.1:10298082",5,13,8
"SNTB2","s1321_S_LIV_01_ASEReadCounter.table","NW_015090842.1:10298905",0,4,4
"SNTB2","s1321_S_LIV_01_ASEReadCounter.table","NW_015090842.1:10298928",1,6,5
"SNTB2","s1321_S_LIV_01_ASEReadCounter.table","NW_015090842.1:10303506",6,24,18
"SNTB2","s1321_S_LIV_01_ASEReadCounter.table","NW_015090842.1:10303524",9,25,16
"SNTB2","s1321_S_LIV_01_ASEReadCounter.table","NW_015090842.1:10304059",6,25,19
"SNTB2","s1321_S_LIV_01_ASEReadCounter.table","NW_015090842.1:10304089",6,17,11
"SNTB2","s1321_S_LIV_01_ASEReadCounter.table","NW_015090842.1:10304167",9,21,12
"SNTB2","s1321_S_LIV_01_ASEReadCounter.table","NW_015090842.1:10304176",9,21,12
"SNTB2","s1321_S_LIV_01_ASEReadCounter.table","NW_015090842.1:10305069",11,15,4
"SNTB2","s1321_S_LIV_01_ASEReadCounter.table","NW_015090842.1:10305099",11,18,7
"SNTB2","s1321_S_LIV_01_ASEReadCounter.table","NW_015090842.1:10305451",10,16,6
"SNTB2","s1321_S_LIV_01_ASEReadCounter.table","NW_015090842.1:10305547",9,20,11
"SNTB2","s1321_S_LIV_01_ASEReadCounter.table","NW_015090842.1:10305847",4,14,10
"SNTB2","s1321_S_LIV_01_ASEReadCounter.table","NW_015090842.1:10305911",9,18,9
"SNTB2","s1321_S_LIV_01_ASEReadCounter.table","NW_015090842.1:10306173",6,15,9
"SNTB2","s1321_S_LIV_01_ASEReadCounter.table","NW_015090842.1:10306275",6,19,13
"SNTB2","s1321_S_LIV_01_ASEReadCounter.table","NW_015090842.1:10306457",14,25,11
"SNTB2","s1321_S_LIV_01_ASEReadCounter.table","NW_015090842.1:10306496",14,25,11
"SNTB2","s1321_S_LIV_01_ASEReadCounter.table","NW_015090842.1:10306499",14,22,8
"VPS4A","s1321_S_LIV_01_ASEReadCounter.table","NW_015090842.1:10308566",69,167,98
"VPS4A","s1321_S_LIV_01_ASEReadCounter.table","NW_015090842.1:10308573",72,167,95
"VPS4A","s1321_S_LIV_01_ASEReadCounter.table","NW_015090842.1:10308856",98,236,138
"VPS4A","s1321_S_LIV_01_ASEReadCounter.table","NW_015090842.1:10309056",111,257,146
"VPS4A","s1321_S_LIV_01_ASEReadCounter.table","NW_015090842.1:10309089",134,286,152
"VPS4A","s1321_S_LIV_01_ASEReadCounter.table","NW_015090842.1:10309392",147,288,141
"VPS4A","s1321_S_LIV_01_ASEReadCounter.table","NW_015090842.1:10309413",154,309,155
"VPS4A","s1321_S_LIV_01_ASEReadCounter.table","NW_015090842.1:10309467",150,325,175
"VPS4A","s1321_S_LIV_01_ASEReadCounter.table","NW_015090842.1:10310230",154,350,196
"VPS4A","s1321_S_LIV_01_ASEReadCounter.table","NW_015090842.1:10310425",133,287,154
"VPS4A","s1321_S_LIV_01_ASEReadCounter.table","NW_015090842.1:10310639",167,368,201
"VPS4A","s1321_S_LIV_01_ASEReadCounter.table","NW_015090842.1:10310640",167,370,203
"VPS4A","s1321_S_LIV_01_ASEReadCounter.table","NW_015090842.1:10310687",164,357,193
"VPS4A","s1321_S_LIV_01_ASEReadCounter.table","NW_015090842.1:10310734",119,257,138
"VPS4A","s1321_S_LIV_01_ASEReadCounter.table","NW_015090842.1:10310737",123,258,135
"VPS4A","s1321_S_LIV_01_ASEReadCounter.table","NW_015090842.1:10310746",124,261,137
"VPS4A","s1321_S_LIV_01_ASEReadCounter.table","NW_015090842.1:10310767",150,286,136
"VPS4A","s1321_S_LIV_01_ASEReadCounter.table","NW_015090842.1:10310995",135,288,153
"VPS4A","s1321_S_LIV_01_ASEReadCounter.table","NW_015090842.1:10311004",139,281,142
"VPS4A","s1321_S_LIV_01_ASEReadCounter.table","NW_015090842.1:10311007",130,273,143
"VPS4A","s1321_S_LIV_01_ASEReadCounter.table","NW_015090842.1:10311013",142,274,132
"VPS4A","s1321_S_LIV_01_ASEReadCounter.table","NW_015090842.1:10311022",124,256,132
"VPS4A","s1321_S_LIV_01_ASEReadCounter.table","NW_015090842.1:10311023",123,251,128
"VPS4A","s1321_S_LIV_01_ASEReadCounter.table","NW_015090842.1:10311426",146,327,181
"VPS4A","s1321_S_LIV_01_ASEReadCounter.table","NW_015090842.1:10311489",2,6,4
"VPS4A","s1321_S_LIV_01_ASEReadCounter.table","NW_015090842.1:10311490",2,4,2
"VPS4A","s1321_S_LIV_01_ASEReadCounter.table","NW_015090842.1:10311525",6,13,7
"VPS4A","s1321_S_LIV_01_ASEReadCounter.table","NW_015090842.1:10311529",7,16,9
"VPS4A","s1321_S_LIV_01_ASEReadCounter.table","NW_015090842.1:10311530",7,17,10
"VPS4A","s1321_S_LIV_01_ASEReadCounter.table","NW_015090842.1:10311552",15,31,16
"VPS4A","s1321_S_LIV_01_ASEReadCounter.table","NW_015090842.1:10311689",13,26,13
"VPS4A","s1321_S_LIV_01_ASEReadCounter.table","NW_015090842.1:10311700",18,33,15
"VPS4A","s1321_S_LIV_01_ASEReadCounter.table","NW_015090842.1:10311701",17,33,16
"VPS4A","s1321_S_LIV_01_ASEReadCounter.table","NW_015090842.1:10311703",17,32,15
"COG8","s1321_S_LIV_01_ASEReadCounter.table","NW_015090842.1:10313487",6,22,16
"COG8","s1321_S_LIV_01_ASEReadCounter.table","NW_015090842.1:10313559",9,28,19
"COG8","s1321_S_LIV_01_ASEReadCounter.table","NW_015090842.1:10313579",6,22,16
"COG8","s1321_S_LIV_01_ASEReadCounter.table","NW_015090842.1:10313665",6,19,13
"COG8","s1321_S_LIV_01_ASEReadCounter.table","NW_015090842.1:10313681",9,25,16
"COG8","s1321_S_LIV_01_ASEReadCounter.table","NW_015090842.1:10313768",11,38,27
"COG8","s1321_S_LIV_01_ASEReadCounter.table","NW_015090842.1:10313775",15,42,27
"COG8","s1321_S_LIV_01_ASEReadCounter.table","NW_015090842.1:10313811",10,31,21
"COG8","s1321_S_LIV_01_ASEReadCounter.table","NW_015090842.1:10313858",8,30,22
"COG8","s1321_S_LIV_01_ASEReadCounter.table","NW_015090842.1:10313859",28,28,0
"COG8","s1321_S_LIV_01_ASEReadCounter.table","NW_015090842.1:10314100",13,36,23
"COG8","s1321_S_LIV_01_ASEReadCounter.table","NW_015090842.1:10314213",21,42,21
"COG8","s1321_S_LIV_01_ASEReadCounter.table","NW_015090842.1:10315093",15,31,16
"COG8","s1321_S_LIV_01_ASEReadCounter.table","NW_015090842.1:10315162",10,33,23
"COG8","s1321_S_LIV_01_ASEReadCounter.table","NW_015090842.1:10315285",20,44,24
"COG8","s1321_S_LIV_01_ASEReadCounter.table","NW_015090842.1:10315360",12,32,20
"COG8","s1321_S_LIV_01_ASEReadCounter.table","NW_015090842.1:10315369",14,34,20
"COG8","s1321_S_LIV_01_ASEReadCounter.table","NW_015090842.1:10315508",15,32,17
"COG8","s1321_S_LIV_01_ASEReadCounter.table","NW_015090842.1:10315624",14,30,16
"COG8","s1321_S_LIV_01_ASEReadCounter.table","NW_015090842.1:10315693",9,19,10
"COG8","s1321_S_LIV_01_ASEReadCounter.table","NW_015090842.1:10315698",12,21,9
"COG8","s1321_S_LIV_01_ASEReadCounter.table","NW_015090842.1:10315768",5,21,16
"COG8","s1321_S_LIV_01_ASEReadCounter.table","NW_015090842.1:10315769",6,23,17
"COG8","s1321_S_LIV_01_ASEReadCounter.table","NW_015090842.1:10315784",7,23,16
"COG8","s1321_S_LIV_01_ASEReadCounter.table","NW_015090842.1:10316093",11,32,21
"COG8","s1321_S_LIV_01_ASEReadCounter.table","NW_015090842.1:10316133",11,26,15
"NIP7","s1321_S_LIV_01_ASEReadCounter.table","NW_015090842.1:10316759",23,47,24
"NIP7","s1321_S_LIV_01_ASEReadCounter.table","NW_015090842.1:10316967",120,219,99
"NIP7","s1321_S_LIV_01_ASEReadCounter.table","NW_015090842.1:10316995",134,245,111
"NIP7","s1321_S_LIV_01_ASEReadCounter.table","NW_015090842.1:10317240",155,303,148
"NIP7","s1321_S_LIV_01_ASEReadCounter.table","NW_015090842.1:10317247",142,287,145
"NIP7","s1321_S_LIV_01_ASEReadCounter.table","NW_015090842.1:10317264",139,268,129
"NIP7","s1321_S_LIV_01_ASEReadCounter.table","NW_015090842.1:10317433",145,311,166
"NIP7","s1321_S_LIV_01_ASEReadCounter.table","NW_015090842.1:10317738",117,275,158
"NIP7","s1321_S_LIV_01_ASEReadCounter.table","NW_015090842.1:10317769",125,268,143
"NIP7","s1321_S_LIV_01_ASEReadCounter.table","NW_015090842.1:10317808",80,163,83
"NIP7","s1321_S_LIV_01_ASEReadCounter.table","NW_015090842.1:10317870",39,110,71
"NIP7","s1321_S_LIV_01_ASEReadCounter.table","NW_015090842.1:10317871",40,111,71
"NIP7","s1321_S_LIV_01_ASEReadCounter.table","NW_015090842.1:10317898",27,82,55
"NIP7","s1321_S_LIV_01_ASEReadCounter.table","NW_015090842.1:10317911",26,73,47
"TERF2","s1321_S_LIV_01_ASEReadCounter.table","NW_015090842.1:10321768",11,26,15
"TERF2","s1321_S_LIV_01_ASEReadCounter.table","NW_015090842.1:10321777",9,25,16
"TERF2","s1321_S_LIV_01_ASEReadCounter.table","NW_015090842.1:10321805",9,30,21
"TERF2","s1321_S_LIV_01_ASEReadCounter.table","NW_015090842.1:10321878",15,44,29
"TERF2","s1321_S_LIV_01_ASEReadCounter.table","NW_015090842.1:10321893",14,43,29
"TERF2","s1321_S_LIV_01_ASEReadCounter.table","NW_015090842.1:10321897",12,38,26
"TERF2","s1321_S_LIV_01_ASEReadCounter.table","NW_015090842.1:10321908",13,41,28
"TERF2","s1321_S_LIV_01_ASEReadCounter.table","NW_015090842.1:10322001",22,70,48
"TERF2","s1321_S_LIV_01_ASEReadCounter.table","NW_015090842.1:10322035",21,60,39
"TERF2","s1321_S_LIV_01_ASEReadCounter.table","NW_015090842.1:10322051",20,58,38
"TERF2","s1321_S_LIV_01_ASEReadCounter.table","NW_015090842.1:10322137",14,40,26
"TERF2","s1321_S_LIV_01_ASEReadCounter.table","NW_015090842.1:10322144",14,41,27
"TERF2","s1321_S_LIV_01_ASEReadCounter.table","NW_015090842.1:10322388",14,44,30
"TERF2","s1321_S_LIV_01_ASEReadCounter.table","NW_015090842.1:10322396",14,45,31
"TERF2","s1321_S_LIV_01_ASEReadCounter.table","NW_015090842.1:10322502",24,55,31
"TERF2","s1321_S_LIV_01_ASEReadCounter.table","NW_015090842.1:10322504",24,55,31
"TERF2","s1321_S_LIV_01_ASEReadCounter.table","NW_015090842.1:10322510",23,54,31
"TERF2","s1321_S_LIV_01_ASEReadCounter.table","NW_015090842.1:10323580",28,74,46
"TERF2","s1321_S_LIV_01_ASEReadCounter.table","NW_015090842.1:10324314",23,68,45
"TERF2","s1321_S_LIV_01_ASEReadCounter.table","NW_015090842.1:10326832",19,43,24
"TERF2","s1321_S_LIV_01_ASEReadCounter.table","NW_015090842.1:10327787",24,53,29
"TERF2","s1321_S_LIV_01_ASEReadCounter.table","NW_015090842.1:10328588",27,54,27
"TERF2","s1321_S_LIV_01_ASEReadCounter.table","NW_015090842.1:10328644",20,41,21
"TERF2","s1321_S_LIV_01_ASEReadCounter.table","NW_015090842.1:10329813",14,40,26
"TERF2","s1321_S_LIV_01_ASEReadCounter.table","NW_015090842.1:10330749",20,43,23
"TERF2","s1321_S_LIV_01_ASEReadCounter.table","NW_015090842.1:10330789",19,48,29
"CYB5B","s1321_S_LIV_01_ASEReadCounter.table","NW_015090842.1:10336595",7,20,13
"CYB5B","s1321_S_LIV_01_ASEReadCounter.table","NW_015090842.1:10336667",80,158,78
"CYB5B","s1321_S_LIV_01_ASEReadCounter.table","NW_015090842.1:10336689",122,247,125
"CYB5B","s1321_S_LIV_01_ASEReadCounter.table","NW_015090842.1:10336728",164,335,171
"CYB5B","s1321_S_LIV_01_ASEReadCounter.table","NW_015090842.1:10345068",143,322,179
"CYB5B","s1321_S_LIV_01_ASEReadCounter.table","NW_015090842.1:10348800",173,375,202
"CYB5B","s1321_S_LIV_01_ASEReadCounter.table","NW_015090842.1:10349046",120,284,164
"CYB5B","s1321_S_LIV_01_ASEReadCounter.table","NW_015090842.1:10349119",68,198,130
"CYB5B","s1321_S_LIV_01_ASEReadCounter.table","NW_015090842.1:10349146",37,173,136
"CYB5B","s1321_S_LIV_01_ASEReadCounter.table","NW_015090842.1:10349157",57,199,142
"CYB5B","s1321_S_LIV_01_ASEReadCounter.table","NW_015090842.1:10349263",161,162,1
