"gene","id","snp","ref_count","total_count","alt_count"
"CENPN","s1324_S_HYP_02_ASEReadCounter.table","NW_015090842.1:5801618",0,1,1
"CENPN","s1324_S_HYP_02_ASEReadCounter.table","NW_015090842.1:5801623",0,1,1
"CENPN","s1324_S_HYP_02_ASEReadCounter.table","NW_015090842.1:5801631",0,1,1
"CENPN","s1324_S_HYP_02_ASEReadCounter.table","NW_015090842.1:5801632",0,1,1
"CENPN","s1324_S_HYP_02_ASEReadCounter.table","NW_015090842.1:5801655",1,4,3
"CENPN","s1324_S_HYP_02_ASEReadCounter.table","NW_015090842.1:5801670",1,4,3
"CENPN","s1324_S_HYP_02_ASEReadCounter.table","NW_015090842.1:5801674",1,4,3
"CENPN","s1324_S_HYP_02_ASEReadCounter.table","NW_015090842.1:5801692",2,5,3
"CENPN","s1324_S_HYP_02_ASEReadCounter.table","NW_015090842.1:5802008",1,3,2
"CENPN","s1324_S_HYP_02_ASEReadCounter.table","NW_015090842.1:5802012",1,3,2
"CENPN","s1324_S_HYP_02_ASEReadCounter.table","NW_015090842.1:5802087",1,3,2
"CENPN","s1324_S_HYP_02_ASEReadCounter.table","NW_015090842.1:5810113",7,7,0
"CENPN","s1324_S_HYP_02_ASEReadCounter.table","NW_015090842.1:5810147",8,8,0
"CENPN","s1324_S_HYP_02_ASEReadCounter.table","NW_015090842.1:5810148",8,8,0
"ATMIN","s1324_S_HYP_02_ASEReadCounter.table","NW_015090842.1:5818789",3,4,1
"ATMIN","s1324_S_HYP_02_ASEReadCounter.table","NW_015090842.1:5819958",3,7,4
"ATMIN","s1324_S_HYP_02_ASEReadCounter.table","NW_015090842.1:5820004",4,7,3
"ATMIN","s1324_S_HYP_02_ASEReadCounter.table","NW_015090842.1:5820217",6,13,7
"ATMIN","s1324_S_HYP_02_ASEReadCounter.table","NW_015090842.1:5820250",8,11,3
"ATMIN","s1324_S_HYP_02_ASEReadCounter.table","NW_015090842.1:5820298",9,13,4
"ATMIN","s1324_S_HYP_02_ASEReadCounter.table","NW_015090842.1:5820417",5,10,5
"ATMIN","s1324_S_HYP_02_ASEReadCounter.table","NW_015090842.1:5820421",6,11,5
"ATMIN","s1324_S_HYP_02_ASEReadCounter.table","NW_015090842.1:5820448",6,9,3
"ATMIN","s1324_S_HYP_02_ASEReadCounter.table","NW_015090842.1:5820457",6,8,2
"ATMIN","s1324_S_HYP_02_ASEReadCounter.table","NW_015090842.1:5820510",6,9,3
"ATMIN","s1324_S_HYP_02_ASEReadCounter.table","NW_015090842.1:5820673",4,8,4
"ATMIN","s1324_S_HYP_02_ASEReadCounter.table","NW_015090842.1:5820754",4,8,4
"ATMIN","s1324_S_HYP_02_ASEReadCounter.table","NW_015090842.1:5820820",7,14,7
"ATMIN","s1324_S_HYP_02_ASEReadCounter.table","NW_015090842.1:5820865",5,13,8
"ATMIN","s1324_S_HYP_02_ASEReadCounter.table","NW_015090842.1:5820889",5,12,7
"ATMIN","s1324_S_HYP_02_ASEReadCounter.table","NW_015090842.1:5820891",6,12,6
"ATMIN","s1324_S_HYP_02_ASEReadCounter.table","NW_015090842.1:5820997",5,14,9
"ATMIN","s1324_S_HYP_02_ASEReadCounter.table","NW_015090842.1:5821063",2,5,3
"ATMIN","s1324_S_HYP_02_ASEReadCounter.table","NW_015090842.1:5821132",5,13,8
"ATMIN","s1324_S_HYP_02_ASEReadCounter.table","NW_015090842.1:5821645",10,14,4
"ATMIN","s1324_S_HYP_02_ASEReadCounter.table","NW_015090842.1:5825066",19,31,12
"ATMIN","s1324_S_HYP_02_ASEReadCounter.table","NW_015090842.1:5825106",22,39,17
"ATMIN","s1324_S_HYP_02_ASEReadCounter.table","NW_015090842.1:5825122",13,30,17
"ATMIN","s1324_S_HYP_02_ASEReadCounter.table","NW_015090842.1:5825178",11,34,23
"ATMIN","s1324_S_HYP_02_ASEReadCounter.table","NW_015090842.1:5825194",9,27,18
"ATMIN","s1324_S_HYP_02_ASEReadCounter.table","NW_015090842.1:5825195",8,27,19
"ATMIN","s1324_S_HYP_02_ASEReadCounter.table","NW_015090842.1:5825220",15,37,22
"ATMIN","s1324_S_HYP_02_ASEReadCounter.table","NW_015090842.1:5825240",19,41,22
"ATMIN","s1324_S_HYP_02_ASEReadCounter.table","NW_015090842.1:5825303",32,63,31
"ATMIN","s1324_S_HYP_02_ASEReadCounter.table","NW_015090842.1:5825304",31,62,31
"ATMIN","s1324_S_HYP_02_ASEReadCounter.table","NW_015090842.1:5825310",32,62,30
"ATMIN","s1324_S_HYP_02_ASEReadCounter.table","NW_015090842.1:5825406",19,43,24
"ATMIN","s1324_S_HYP_02_ASEReadCounter.table","NW_015090842.1:5825415",17,39,22
"ATMIN","s1324_S_HYP_02_ASEReadCounter.table","NW_015090842.1:5825438",22,39,17
"ATMIN","s1324_S_HYP_02_ASEReadCounter.table","NW_015090842.1:5825485",28,44,16
"ATMIN","s1324_S_HYP_02_ASEReadCounter.table","NW_015090842.1:5825524",25,38,13
"ATMIN","s1324_S_HYP_02_ASEReadCounter.table","NW_015090842.1:5825557",20,40,20
"ATMIN","s1324_S_HYP_02_ASEReadCounter.table","NW_015090842.1:5825571",15,37,22
"ATMIN","s1324_S_HYP_02_ASEReadCounter.table","NW_015090842.1:5825579",13,36,23
"ATMIN","s1324_S_HYP_02_ASEReadCounter.table","NW_015090842.1:5825590",11,34,23
"ATMIN","s1324_S_HYP_02_ASEReadCounter.table","NW_015090842.1:5825689",13,38,25
"ATMIN","s1324_S_HYP_02_ASEReadCounter.table","NW_015090842.1:5825703",14,43,29
"ATMIN","s1324_S_HYP_02_ASEReadCounter.table","NW_015090842.1:5825787",17,39,22
"ATMIN","s1324_S_HYP_02_ASEReadCounter.table","NW_015090842.1:5825833",17,40,23
"ATMIN","s1324_S_HYP_02_ASEReadCounter.table","NW_015090842.1:5825841",17,40,23
"ATMIN","s1324_S_HYP_02_ASEReadCounter.table","NW_015090842.1:5825895",20,43,23
"ATMIN","s1324_S_HYP_02_ASEReadCounter.table","NW_015090842.1:5825984",22,45,23
"ATMIN","s1324_S_HYP_02_ASEReadCounter.table","NW_015090842.1:5826162",30,61,31
"ATMIN","s1324_S_HYP_02_ASEReadCounter.table","NW_015090842.1:5826194",30,66,36
"ATMIN","s1324_S_HYP_02_ASEReadCounter.table","NW_015090842.1:5826235",45,85,40
"ATMIN","s1324_S_HYP_02_ASEReadCounter.table","NW_015090842.1:5826245",44,86,42
"ATMIN","s1324_S_HYP_02_ASEReadCounter.table","NW_015090842.1:5826335",20,31,11
"ATMIN","s1324_S_HYP_02_ASEReadCounter.table","NW_015090842.1:5826417",20,53,33
"ATMIN","s1324_S_HYP_02_ASEReadCounter.table","NW_015090842.1:5826431",22,65,43
"ATMIN","s1324_S_HYP_02_ASEReadCounter.table","NW_015090842.1:5826438",24,62,38
"ATMIN","s1324_S_HYP_02_ASEReadCounter.table","NW_015090842.1:5826463",37,82,45
"ATMIN","s1324_S_HYP_02_ASEReadCounter.table","NW_015090842.1:5826502",35,79,44
"ATMIN","s1324_S_HYP_02_ASEReadCounter.table","NW_015090842.1:5826511",37,82,45
"ATMIN","s1324_S_HYP_02_ASEReadCounter.table","NW_015090842.1:5826659",26,67,41
"ATMIN","s1324_S_HYP_02_ASEReadCounter.table","NW_015090842.1:5826701",27,66,39
"ATMIN","s1324_S_HYP_02_ASEReadCounter.table","NW_015090842.1:5826702",27,67,40
"ATMIN","s1324_S_HYP_02_ASEReadCounter.table","NW_015090842.1:5826732",35,83,48
"ATMIN","s1324_S_HYP_02_ASEReadCounter.table","NW_015090842.1:5826745",37,87,50
"ATMIN","s1324_S_HYP_02_ASEReadCounter.table","NW_015090842.1:5826835",33,82,49
"ATMIN","s1324_S_HYP_02_ASEReadCounter.table","NW_015090842.1:5826910",34,75,41
"ATMIN","s1324_S_HYP_02_ASEReadCounter.table","NW_015090842.1:5826942",20,76,56
"ATMIN","s1324_S_HYP_02_ASEReadCounter.table","NW_015090842.1:5827193",52,129,77
"ATMIN","s1324_S_HYP_02_ASEReadCounter.table","NW_015090842.1:5827196",50,127,77
"ATMIN","s1324_S_HYP_02_ASEReadCounter.table","NW_015090842.1:5827269",48,101,53
"ATMIN","s1324_S_HYP_02_ASEReadCounter.table","NW_015090842.1:5827315",30,64,34
"ATMIN","s1324_S_HYP_02_ASEReadCounter.table","NW_015090842.1:5827316",30,67,37
"ATMIN","s1324_S_HYP_02_ASEReadCounter.table","NW_015090842.1:5827333",29,64,35
"PPP1R3E","s1324_S_HYP_02_ASEReadCounter.table","NW_015090842.1:5837733",5,8,3
"PPP1R3E","s1324_S_HYP_02_ASEReadCounter.table","NW_015090842.1:5837947",5,5,0
"PKD1L2","s1324_S_HYP_02_ASEReadCounter.table","NW_015090842.1:5867509",2,2,0
"PKD1L2","s1324_S_HYP_02_ASEReadCounter.table","NW_015090842.1:5867597",2,2,0
"PKD1L2","s1324_S_HYP_02_ASEReadCounter.table","NW_015090842.1:5867600",3,3,0
"PKD1L2","s1324_S_HYP_02_ASEReadCounter.table","NW_015090842.1:5867660",4,4,0
"PKD1L2","s1324_S_HYP_02_ASEReadCounter.table","NW_015090842.1:5867675",4,4,0
"PKD1L2","s1324_S_HYP_02_ASEReadCounter.table","NW_015090842.1:5867788",3,3,0
"PKD1L2","s1324_S_HYP_02_ASEReadCounter.table","NW_015090842.1:5867843",1,1,0
"BCO1","s1324_S_HYP_02_ASEReadCounter.table","NW_015090842.1:5915610",1,2,1
"BCO1","s1324_S_HYP_02_ASEReadCounter.table","NW_015090842.1:5915646",1,3,2
"BCO1","s1324_S_HYP_02_ASEReadCounter.table","NW_015090842.1:5917836",2,4,2
"BCO1","s1324_S_HYP_02_ASEReadCounter.table","NW_015090842.1:5917912",5,6,1
"BCO1","s1324_S_HYP_02_ASEReadCounter.table","NW_015090842.1:5917941",5,7,2
"BCO1","s1324_S_HYP_02_ASEReadCounter.table","NW_015090842.1:5917971",4,6,2
"BCO1","s1324_S_HYP_02_ASEReadCounter.table","NW_015090842.1:5921679",5,7,2
"BCO1","s1324_S_HYP_02_ASEReadCounter.table","NW_015090842.1:5921726",8,8,0
"BCO1","s1324_S_HYP_02_ASEReadCounter.table","NW_015090842.1:5925669",2,5,3
"BCO1","s1324_S_HYP_02_ASEReadCounter.table","NW_015090842.1:5925753",4,8,4
"BCO1","s1324_S_HYP_02_ASEReadCounter.table","NW_015090842.1:5926937",2,4,2
"BCO1","s1324_S_HYP_02_ASEReadCounter.table","NW_015090842.1:5927921",5,9,4
"BCO1","s1324_S_HYP_02_ASEReadCounter.table","NW_015090842.1:5927948",5,10,5
"BCO1","s1324_S_HYP_02_ASEReadCounter.table","NW_015090842.1:5927968",6,11,5
"BCO1","s1324_S_HYP_02_ASEReadCounter.table","NW_015090842.1:5928052",8,9,1
"BCO1","s1324_S_HYP_02_ASEReadCounter.table","NW_015090842.1:5932726",16,20,4
"BCO1","s1324_S_HYP_02_ASEReadCounter.table","NW_015090842.1:5932801",9,13,4
"BCO1","s1324_S_HYP_02_ASEReadCounter.table","NW_015090842.1:5934558",10,14,4
"BCO1","s1324_S_HYP_02_ASEReadCounter.table","NW_015090842.1:5934575",12,16,4
"BCO1","s1324_S_HYP_02_ASEReadCounter.table","NW_015090842.1:5934608",8,15,7
"BCO1","s1324_S_HYP_02_ASEReadCounter.table","NW_015090842.1:5934647",7,13,6
"BCO1","s1324_S_HYP_02_ASEReadCounter.table","NW_015090842.1:5934725",6,11,5
"BCO1","s1324_S_HYP_02_ASEReadCounter.table","NW_015090842.1:5934726",6,11,5
"BCO1","s1324_S_HYP_02_ASEReadCounter.table","NW_015090842.1:5934733",5,9,4
"BCO1","s1324_S_HYP_02_ASEReadCounter.table","NW_015090842.1:5934821",6,9,3
"BCO1","s1324_S_HYP_02_ASEReadCounter.table","NW_015090842.1:5934826",5,8,3
"BCO1","s1324_S_HYP_02_ASEReadCounter.table","NW_015090842.1:5934844",2,3,1
"BCO1","s1324_S_HYP_02_ASEReadCounter.table","NW_015090842.1:5934958",8,11,3
"BCO1","s1324_S_HYP_02_ASEReadCounter.table","NW_015090842.1:5934976",11,15,4
"GAN","s1324_S_HYP_02_ASEReadCounter.table","NW_015090842.1:5953759",7,16,9
"GAN","s1324_S_HYP_02_ASEReadCounter.table","NW_015090842.1:5957502",8,16,8
"GAN","s1324_S_HYP_02_ASEReadCounter.table","NW_015090842.1:5957578",12,27,15
"GAN","s1324_S_HYP_02_ASEReadCounter.table","NW_015090842.1:5965028",14,28,14
"GAN","s1324_S_HYP_02_ASEReadCounter.table","NW_015090842.1:5966047",17,43,26
"GAN","s1324_S_HYP_02_ASEReadCounter.table","NW_015090842.1:5966126",8,28,20
"GAN","s1324_S_HYP_02_ASEReadCounter.table","NW_015090842.1:5966127",8,29,21
"GAN","s1324_S_HYP_02_ASEReadCounter.table","NW_015090842.1:5966162",15,47,32
"GAN","s1324_S_HYP_02_ASEReadCounter.table","NW_015090842.1:5966483",24,61,37
"CMIP","s1324_S_HYP_02_ASEReadCounter.table","NW_015090842.1:6109159",17,34,17
"CMIP","s1324_S_HYP_02_ASEReadCounter.table","NW_015090842.1:6109166",16,33,17
"CMIP","s1324_S_HYP_02_ASEReadCounter.table","NW_015090842.1:6114641",26,56,30
"CMIP","s1324_S_HYP_02_ASEReadCounter.table","NW_015090842.1:6114751",33,65,32
"CMIP","s1324_S_HYP_02_ASEReadCounter.table","NW_015090842.1:6114824",23,59,36
"CMIP","s1324_S_HYP_02_ASEReadCounter.table","NW_015090842.1:6128998",43,72,29
"CMIP","s1324_S_HYP_02_ASEReadCounter.table","NW_015090842.1:6130562",63,128,65
"CMIP","s1324_S_HYP_02_ASEReadCounter.table","NW_015090842.1:6132522",65,137,72
"CMIP","s1324_S_HYP_02_ASEReadCounter.table","NW_015090842.1:6134088",67,145,78
"CMIP","s1324_S_HYP_02_ASEReadCounter.table","NW_015090842.1:6138265",86,219,133
"CMIP","s1324_S_HYP_02_ASEReadCounter.table","NW_015090842.1:6138300",78,212,134
"CMIP","s1324_S_HYP_02_ASEReadCounter.table","NW_015090842.1:6138342",79,192,113
"CMIP","s1324_S_HYP_02_ASEReadCounter.table","NW_015090842.1:6138343",75,192,117
"CMIP","s1324_S_HYP_02_ASEReadCounter.table","NW_015090842.1:6138345",80,199,119
"CMIP","s1324_S_HYP_02_ASEReadCounter.table","NW_015090842.1:6138647",70,148,78
"CMIP","s1324_S_HYP_02_ASEReadCounter.table","NW_015090842.1:6138745",79,161,82
"CMIP","s1324_S_HYP_02_ASEReadCounter.table","NW_015090842.1:6138832",30,82,52
"CMIP","s1324_S_HYP_02_ASEReadCounter.table","NW_015090842.1:6138967",75,158,83
"CMIP","s1324_S_HYP_02_ASEReadCounter.table","NW_015090842.1:6139131",50,117,67
"CMIP","s1324_S_HYP_02_ASEReadCounter.table","NW_015090842.1:6139163",19,77,58
"CMIP","s1324_S_HYP_02_ASEReadCounter.table","NW_015090842.1:6139360",40,65,25
"CMIP","s1324_S_HYP_02_ASEReadCounter.table","NW_015090842.1:6139572",33,46,13
"CMIP","s1324_S_HYP_02_ASEReadCounter.table","NW_015090842.1:6139773",67,67,0
"PLCG2","s1324_S_HYP_02_ASEReadCounter.table","NW_015090842.1:6179613",1,2,1
"PLCG2","s1324_S_HYP_02_ASEReadCounter.table","NW_015090842.1:6179658",5,7,2
"PLCG2","s1324_S_HYP_02_ASEReadCounter.table","NW_015090842.1:6203766",0,1,1
"PLCG2","s1324_S_HYP_02_ASEReadCounter.table","NW_015090842.1:6203775",0,1,1
"PLCG2","s1324_S_HYP_02_ASEReadCounter.table","NW_015090842.1:6203787",0,1,1
"PLCG2","s1324_S_HYP_02_ASEReadCounter.table","NW_015090842.1:6205047",0,2,2
"PLCG2","s1324_S_HYP_02_ASEReadCounter.table","NW_015090842.1:6208541",0,5,5
"PLCG2","s1324_S_HYP_02_ASEReadCounter.table","NW_015090842.1:6209741",1,5,4
"PLCG2","s1324_S_HYP_02_ASEReadCounter.table","NW_015090842.1:6209798",0,3,3
"PLCG2","s1324_S_HYP_02_ASEReadCounter.table","NW_015090842.1:6209816",0,3,3
"PLCG2","s1324_S_HYP_02_ASEReadCounter.table","NW_015090842.1:6217547",1,5,4
"PLCG2","s1324_S_HYP_02_ASEReadCounter.table","NW_015090842.1:6218641",1,5,4
"PLCG2","s1324_S_HYP_02_ASEReadCounter.table","NW_015090842.1:6220552",2,8,6
"PLCG2","s1324_S_HYP_02_ASEReadCounter.table","NW_015090842.1:6221969",0,10,10
"PLCG2","s1324_S_HYP_02_ASEReadCounter.table","NW_015090842.1:6228672",1,8,7
"PLCG2","s1324_S_HYP_02_ASEReadCounter.table","NW_015090842.1:6228694",0,10,10
"PLCG2","s1324_S_HYP_02_ASEReadCounter.table","NW_015090842.1:6228722",1,9,8
"PLCG2","s1324_S_HYP_02_ASEReadCounter.table","NW_015090842.1:6228747",1,9,8
"PLCG2","s1324_S_HYP_02_ASEReadCounter.table","NW_015090842.1:6228835",2,13,11
"PLCG2","s1324_S_HYP_02_ASEReadCounter.table","NW_015090842.1:6228841",2,14,12
"PLCG2","s1324_S_HYP_02_ASEReadCounter.table","NW_015090842.1:6228865",3,15,12
"PLCG2","s1324_S_HYP_02_ASEReadCounter.table","NW_015090842.1:6228917",3,17,14
"PLCG2","s1324_S_HYP_02_ASEReadCounter.table","NW_015090842.1:6228926",2,15,13
"PLCG2","s1324_S_HYP_02_ASEReadCounter.table","NW_015090842.1:6228954",2,10,8
"PLCG2","s1324_S_HYP_02_ASEReadCounter.table","NW_015090842.1:6229002",2,10,8
"PLCG2","s1324_S_HYP_02_ASEReadCounter.table","NW_015090842.1:6229006",2,9,7
"PLCG2","s1324_S_HYP_02_ASEReadCounter.table","NW_015090842.1:6229081",1,8,7
"PLCG2","s1324_S_HYP_02_ASEReadCounter.table","NW_015090842.1:6229097",0,5,5
"PLCG2","s1324_S_HYP_02_ASEReadCounter.table","NW_015090842.1:6229160",0,4,4
"PLCG2","s1324_S_HYP_02_ASEReadCounter.table","NW_015090842.1:6229213",0,7,7
"PLCG2","s1324_S_HYP_02_ASEReadCounter.table","NW_015090842.1:6229231",0,8,8
"PLCG2","s1324_S_HYP_02_ASEReadCounter.table","NW_015090842.1:6229663",1,3,2
"PLCG2","s1324_S_HYP_02_ASEReadCounter.table","NW_015090842.1:6229748",1,2,1
"PLCG2","s1324_S_HYP_02_ASEReadCounter.table","NW_015090842.1:6229892",2,5,3
"PLCG2","s1324_S_HYP_02_ASEReadCounter.table","NW_015090842.1:6230248",4,8,4
"PLCG2","s1324_S_HYP_02_ASEReadCounter.table","NW_015090842.1:6230255",4,8,4
"PLCG2","s1324_S_HYP_02_ASEReadCounter.table","NW_015090842.1:6230296",2,6,4
"PLCG2","s1324_S_HYP_02_ASEReadCounter.table","NW_015090842.1:6230349",4,7,3
"PLCG2","s1324_S_HYP_02_ASEReadCounter.table","NW_015090842.1:6230381",5,9,4
"PLCG2","s1324_S_HYP_02_ASEReadCounter.table","NW_015090842.1:6230408",5,8,3
"PLCG2","s1324_S_HYP_02_ASEReadCounter.table","NW_015090842.1:6230439",2,5,3
"PLCG2","s1324_S_HYP_02_ASEReadCounter.table","NW_015090842.1:6230757",1,2,1
"PLCG2","s1324_S_HYP_02_ASEReadCounter.table","NW_015090842.1:6230758",2,3,1
"PLCG2","s1324_S_HYP_02_ASEReadCounter.table","NW_015090842.1:6230898",5,8,3
"PLCG2","s1324_S_HYP_02_ASEReadCounter.table","NW_015090842.1:6230976",6,9,3
"PLCG2","s1324_S_HYP_02_ASEReadCounter.table","NW_015090842.1:6231078",4,7,3
"PLCG2","s1324_S_HYP_02_ASEReadCounter.table","NW_015090842.1:6231138",6,13,7
"PLCG2","s1324_S_HYP_02_ASEReadCounter.table","NW_015090842.1:6231177",3,8,5
"PLCG2","s1324_S_HYP_02_ASEReadCounter.table","NW_015090842.1:6231263",2,5,3
"PLCG2","s1324_S_HYP_02_ASEReadCounter.table","NW_015090842.1:6231309",2,5,3
"SDR42E1","s1324_S_HYP_02_ASEReadCounter.table","NW_015090842.1:6235292",0,4,4
"SDR42E1","s1324_S_HYP_02_ASEReadCounter.table","NW_015090842.1:6235315",0,6,6
"SDR42E1","s1324_S_HYP_02_ASEReadCounter.table","NW_015090842.1:6235348",2,7,5
"SDR42E1","s1324_S_HYP_02_ASEReadCounter.table","NW_015090842.1:6235355",2,8,6
"SDR42E1","s1324_S_HYP_02_ASEReadCounter.table","NW_015090842.1:6235417",3,13,10
"SDR42E1","s1324_S_HYP_02_ASEReadCounter.table","NW_015090842.1:6235526",13,13,0
"SDR42E1","s1324_S_HYP_02_ASEReadCounter.table","NW_015090842.1:6235558",4,13,9
"SDR42E1","s1324_S_HYP_02_ASEReadCounter.table","NW_015090842.1:6235603",12,12,0
"SDR42E1","s1324_S_HYP_02_ASEReadCounter.table","NW_015090842.1:6235741",4,15,11
"SDR42E1","s1324_S_HYP_02_ASEReadCounter.table","NW_015090842.1:6235777",7,23,16
"SDR42E1","s1324_S_HYP_02_ASEReadCounter.table","NW_015090842.1:6235806",10,28,18
"SDR42E1","s1324_S_HYP_02_ASEReadCounter.table","NW_015090842.1:6235809",10,28,18
"SDR42E1","s1324_S_HYP_02_ASEReadCounter.table","NW_015090842.1:6235816",8,26,18
"SDR42E1","s1324_S_HYP_02_ASEReadCounter.table","NW_015090842.1:6235914",5,13,8
"SDR42E1","s1324_S_HYP_02_ASEReadCounter.table","NW_015090842.1:6235935",7,14,7
"SDR42E1","s1324_S_HYP_02_ASEReadCounter.table","NW_015090842.1:6235957",6,11,5
"SDR42E1","s1324_S_HYP_02_ASEReadCounter.table","NW_015090842.1:6236040",2,13,11
"SDR42E1","s1324_S_HYP_02_ASEReadCounter.table","NW_015090842.1:6236260",4,12,8
"SDR42E1","s1324_S_HYP_02_ASEReadCounter.table","NW_015090842.1:6236281",2,10,8
"SDR42E1","s1324_S_HYP_02_ASEReadCounter.table","NW_015090842.1:6236305",1,11,10
"SDR42E1","s1324_S_HYP_02_ASEReadCounter.table","NW_015090842.1:6236458",2,9,7
"SDR42E1","s1324_S_HYP_02_ASEReadCounter.table","NW_015090842.1:6236476",2,14,12
"SDR42E1","s1324_S_HYP_02_ASEReadCounter.table","NW_015090842.1:6236608",4,15,11
"SDR42E1","s1324_S_HYP_02_ASEReadCounter.table","NW_015090842.1:6238244",4,10,6
"SDR42E1","s1324_S_HYP_02_ASEReadCounter.table","NW_015090842.1:6238829",0,3,3
"HSD17B2","s1324_S_HYP_02_ASEReadCounter.table","NW_015090842.1:6257616",0,2,2
"HSD17B2","s1324_S_HYP_02_ASEReadCounter.table","NW_015090842.1:6257670",0,3,3
"HSD17B2","s1324_S_HYP_02_ASEReadCounter.table","NW_015090842.1:6257684",0,3,3
"HSD17B2","s1324_S_HYP_02_ASEReadCounter.table","NW_015090842.1:6257829",1,5,4
"HSD17B2","s1324_S_HYP_02_ASEReadCounter.table","NW_015090842.1:6266125",0,2,2
"HSD17B2","s1324_S_HYP_02_ASEReadCounter.table","NW_015090842.1:6266135",0,2,2
"HSD17B2","s1324_S_HYP_02_ASEReadCounter.table","NW_015090842.1:6266795",0,4,4
"HSD17B2","s1324_S_HYP_02_ASEReadCounter.table","NW_015090842.1:6266918",0,4,4
"HSD17B2","s1324_S_HYP_02_ASEReadCounter.table","NW_015090842.1:6266944",0,4,4
"HSD17B2","s1324_S_HYP_02_ASEReadCounter.table","NW_015090842.1:6266997",0,1,1
"HSD17B2","s1324_S_HYP_02_ASEReadCounter.table","NW_015090842.1:6267053",0,4,4
"HSD17B2","s1324_S_HYP_02_ASEReadCounter.table","NW_015090842.1:6267196",0,1,1
"HSD17B2","s1324_S_HYP_02_ASEReadCounter.table","NW_015090842.1:6267273",0,4,4
"HSD17B2","s1324_S_HYP_02_ASEReadCounter.table","NW_015090842.1:6267358",0,4,4
"HSD17B2","s1324_S_HYP_02_ASEReadCounter.table","NW_015090842.1:6267674",0,1,1
"HSD17B2","s1324_S_HYP_02_ASEReadCounter.table","NW_015090842.1:6267913",0,2,2
"HSD17B2","s1324_S_HYP_02_ASEReadCounter.table","NW_015090842.1:6268098",0,5,5
"ARY2","s1324_S_HYP_02_ASEReadCounter.table","NW_015090842.1:6303922",23,42,19
"ARY2","s1324_S_HYP_02_ASEReadCounter.table","NW_015090842.1:6303954",21,35,14
"ARY2","s1324_S_HYP_02_ASEReadCounter.table","NW_015090842.1:6303979",23,38,15
"ARY2","s1324_S_HYP_02_ASEReadCounter.table","NW_015090842.1:6305848",24,42,18
"ARY2","s1324_S_HYP_02_ASEReadCounter.table","NW_015090842.1:6305856",21,40,19
"ARY2","s1324_S_HYP_02_ASEReadCounter.table","NW_015090842.1:6305857",21,39,18
"ARY2","s1324_S_HYP_02_ASEReadCounter.table","NW_015090842.1:6306017",33,50,17
"ARY2","s1324_S_HYP_02_ASEReadCounter.table","NW_015090842.1:6306052",36,55,19
"ARY2","s1324_S_HYP_02_ASEReadCounter.table","NW_015090842.1:6306094",34,58,24
"ARY2","s1324_S_HYP_02_ASEReadCounter.table","NW_015090842.1:6306100",35,61,26
"ARY2","s1324_S_HYP_02_ASEReadCounter.table","NW_015090842.1:6306146",31,62,31
"ARY2","s1324_S_HYP_02_ASEReadCounter.table","NW_015090842.1:6306147",30,60,30
"ARY2","s1324_S_HYP_02_ASEReadCounter.table","NW_015090842.1:6306390",30,48,18
"ARY2","s1324_S_HYP_02_ASEReadCounter.table","NW_015090842.1:6306567",32,56,24
"ARY2","s1324_S_HYP_02_ASEReadCounter.table","NW_015090842.1:6306705",45,65,20
"ARY2","s1324_S_HYP_02_ASEReadCounter.table","NW_015090842.1:6306713",67,67,0
"ARY2","s1324_S_HYP_02_ASEReadCounter.table","NW_015090842.1:6306773",44,67,23
"ARY2","s1324_S_HYP_02_ASEReadCounter.table","NW_015090842.1:6307039",32,43,11
"ARY2","s1324_S_HYP_02_ASEReadCounter.table","NW_015090842.1:6307043",32,43,11
"ARY2","s1324_S_HYP_02_ASEReadCounter.table","NW_015090842.1:6307093",35,48,13
"ARY2","s1324_S_HYP_02_ASEReadCounter.table","NW_015090842.1:6307138",29,47,18
"ARY2","s1324_S_HYP_02_ASEReadCounter.table","NW_015090842.1:6307157",32,47,15
"ARY2","s1324_S_HYP_02_ASEReadCounter.table","NW_015090842.1:6307187",37,54,17
"ARY2","s1324_S_HYP_02_ASEReadCounter.table","NW_015090842.1:6307278",37,48,11
"ARY2","s1324_S_HYP_02_ASEReadCounter.table","NW_015090842.1:6307305",40,54,14
"ARY2","s1324_S_HYP_02_ASEReadCounter.table","NW_015090842.1:6307318",35,50,15
"ARY2","s1324_S_HYP_02_ASEReadCounter.table","NW_015090842.1:6307429",41,64,23
"ARY2","s1324_S_HYP_02_ASEReadCounter.table","NW_015090842.1:6307487",40,62,22
"ARY2","s1324_S_HYP_02_ASEReadCounter.table","NW_015090842.1:6307670",25,34,9
"ARYL","s1324_S_HYP_02_ASEReadCounter.table","NW_015090842.1:6313360",3,5,2
"ARYL","s1324_S_HYP_02_ASEReadCounter.table","NW_015090842.1:6313377",4,5,1
"ARYL","s1324_S_HYP_02_ASEReadCounter.table","NW_015090842.1:6313767",1,2,1
"ARY1","s1324_S_HYP_02_ASEReadCounter.table","NW_015090842.1:6313909",8,8,0
"ARY1","s1324_S_HYP_02_ASEReadCounter.table","NW_015090842.1:6314296",7,10,3
"ARY1","s1324_S_HYP_02_ASEReadCounter.table","NW_015090842.1:6314541",10,11,1
"ARY1","s1324_S_HYP_02_ASEReadCounter.table","NW_015090842.1:6314597",12,15,3
"ARY1","s1324_S_HYP_02_ASEReadCounter.table","NW_015090842.1:6314750",8,11,3
"ARY1","s1324_S_HYP_02_ASEReadCounter.table","NW_015090842.1:6314794",5,6,1
"ARY1","s1324_S_HYP_02_ASEReadCounter.table","NW_015090842.1:6314827",6,9,3
"ARY1","s1324_S_HYP_02_ASEReadCounter.table","NW_015090842.1:6314843",7,11,4
"ARY1","s1324_S_HYP_02_ASEReadCounter.table","NW_015090842.1:6314859",11,17,6
"ARY1","s1324_S_HYP_02_ASEReadCounter.table","NW_015090842.1:6314886",14,21,7
"ARY1","s1324_S_HYP_02_ASEReadCounter.table","NW_015090842.1:6314943",20,20,0
"ARY1","s1324_S_HYP_02_ASEReadCounter.table","NW_015090842.1:6314949",18,18,0
"ARY1","s1324_S_HYP_02_ASEReadCounter.table","NW_015090842.1:6315022",13,20,7
"ARY1","s1324_S_HYP_02_ASEReadCounter.table","NW_015090842.1:6315026",12,18,6
"ARY1","s1324_S_HYP_02_ASEReadCounter.table","NW_015090842.1:6315043",11,18,7
"ARY1","s1324_S_HYP_02_ASEReadCounter.table","NW_015090842.1:6315065",10,17,7
"ARY1","s1324_S_HYP_02_ASEReadCounter.table","NW_015090842.1:6315409",7,10,3
"ARY1","s1324_S_HYP_02_ASEReadCounter.table","NW_015090842.1:6315479",10,16,6
"ARY1","s1324_S_HYP_02_ASEReadCounter.table","NW_015090842.1:6318342",17,20,3
"ARY1","s1324_S_HYP_02_ASEReadCounter.table","NW_015090842.1:6318427",16,20,4
"ARY1","s1324_S_HYP_02_ASEReadCounter.table","NW_015090842.1:6318603",14,22,8
"ARY1","s1324_S_HYP_02_ASEReadCounter.table","NW_015090842.1:6318708",12,18,6
"ARY1","s1324_S_HYP_02_ASEReadCounter.table","NW_015090842.1:6318858",15,23,8
"ARY1","s1324_S_HYP_02_ASEReadCounter.table","NW_015090842.1:6318952",11,24,13
"MPHOSPH6","s1324_S_HYP_02_ASEReadCounter.table","NW_015090842.1:6324063",46,98,52
"MPHOSPH6","s1324_S_HYP_02_ASEReadCounter.table","NW_015090842.1:6324174",62,155,93
"MPHOSPH6","s1324_S_HYP_02_ASEReadCounter.table","NW_015090842.1:6324270",82,189,107
"MPHOSPH6","s1324_S_HYP_02_ASEReadCounter.table","NW_015090842.1:6324762",70,158,88
"MPHOSPH6","s1324_S_HYP_02_ASEReadCounter.table","NW_015090842.1:6324772",73,153,80
"MPHOSPH6","s1324_S_HYP_02_ASEReadCounter.table","NW_015090842.1:6324780",70,147,77
"MPHOSPH6","s1324_S_HYP_02_ASEReadCounter.table","NW_015090842.1:6324902",110,197,87
"MPHOSPH6","s1324_S_HYP_02_ASEReadCounter.table","NW_015090842.1:6324910",193,193,0
"MPHOSPH6","s1324_S_HYP_02_ASEReadCounter.table","NW_015090842.1:6325066",98,197,99
"MPHOSPH6","s1324_S_HYP_02_ASEReadCounter.table","NW_015090842.1:6325089",101,208,107
"MPHOSPH6","s1324_S_HYP_02_ASEReadCounter.table","NW_015090842.1:6325298",103,247,144
"MPHOSPH6","s1324_S_HYP_02_ASEReadCounter.table","NW_015090842.1:6325877",76,196,120
"MPHOSPH6","s1324_S_HYP_02_ASEReadCounter.table","NW_015090842.1:6326976",48,133,85
"CDH13","s1324_S_HYP_02_ASEReadCounter.table","NW_015090842.1:6662283",8,19,11
"CDH13","s1324_S_HYP_02_ASEReadCounter.table","NW_015090842.1:6693665",8,24,16
"CDH13","s1324_S_HYP_02_ASEReadCounter.table","NW_015090842.1:6693697",16,28,12
"CDH13","s1324_S_HYP_02_ASEReadCounter.table","NW_015090842.1:6693712",12,23,11
"CDH13","s1324_S_HYP_02_ASEReadCounter.table","NW_015090842.1:6693723",11,22,11
"CDH13","s1324_S_HYP_02_ASEReadCounter.table","NW_015090842.1:6693738",11,25,14
"CDH13","s1324_S_HYP_02_ASEReadCounter.table","NW_015090842.1:6823730",14,31,17
"CDH13","s1324_S_HYP_02_ASEReadCounter.table","NW_015090842.1:6889713",13,18,5
"CDH13","s1324_S_HYP_02_ASEReadCounter.table","NW_015090842.1:6955167",32,64,32
"MLYCD","s1324_S_HYP_02_ASEReadCounter.table","NW_015090842.1:7150054",49,93,44
"MLYCD","s1324_S_HYP_02_ASEReadCounter.table","NW_015090842.1:7150131",81,149,68
"MLYCD","s1324_S_HYP_02_ASEReadCounter.table","NW_015090842.1:7150585",63,135,72
"MLYCD","s1324_S_HYP_02_ASEReadCounter.table","NW_015090842.1:7150686",42,97,55
"MLYCD","s1324_S_HYP_02_ASEReadCounter.table","NW_015090842.1:7150696",41,100,59
"MLYCD","s1324_S_HYP_02_ASEReadCounter.table","NW_015090842.1:7150698",100,100,0
"MLYCD","s1324_S_HYP_02_ASEReadCounter.table","NW_015090842.1:7150869",58,99,41
"MLYCD","s1324_S_HYP_02_ASEReadCounter.table","NW_015090842.1:7151100",58,116,58
"MLYCD","s1324_S_HYP_02_ASEReadCounter.table","NW_015090842.1:7151127",51,113,62
"MLYCD","s1324_S_HYP_02_ASEReadCounter.table","NW_015090842.1:7157538",44,80,36
"MLYCD","s1324_S_HYP_02_ASEReadCounter.table","NW_015090842.1:7167662",13,37,24
"MLYCD","s1324_S_HYP_02_ASEReadCounter.table","NW_015090842.1:7167675",12,32,20
"MLYCD","s1324_S_HYP_02_ASEReadCounter.table","NW_015090842.1:7167710",12,31,19
"MLYCD","s1324_S_HYP_02_ASEReadCounter.table","NW_015090842.1:7167781",10,24,14
"MLYCD","s1324_S_HYP_02_ASEReadCounter.table","NW_015090842.1:7167803",8,19,11
"MLYCD","s1324_S_HYP_02_ASEReadCounter.table","NW_015090842.1:7167812",8,20,12
"MLYCD","s1324_S_HYP_02_ASEReadCounter.table","NW_015090842.1:7167845",10,23,13
"MLYCD","s1324_S_HYP_02_ASEReadCounter.table","NW_015090842.1:7167862",12,21,9
"MLYCD","s1324_S_HYP_02_ASEReadCounter.table","NW_015090842.1:7167929",14,21,7
"MLYCD","s1324_S_HYP_02_ASEReadCounter.table","NW_015090842.1:7167995",8,16,8
"MLYCD","s1324_S_HYP_02_ASEReadCounter.table","NW_015090842.1:7168005",7,15,8
"MLYCD","s1324_S_HYP_02_ASEReadCounter.table","NW_015090842.1:7168037",8,13,5
"HSBP1","s1324_S_HYP_02_ASEReadCounter.table","NW_015090842.1:7245192",395,690,295
"HSBP1","s1324_S_HYP_02_ASEReadCounter.table","NW_015090842.1:7245226",438,789,351
"HSBP1","s1324_S_HYP_02_ASEReadCounter.table","NW_015090842.1:7245257",393,715,322
"HSBP1","s1324_S_HYP_02_ASEReadCounter.table","NW_015090842.1:7245296",330,685,355
"HSBP1","s1324_S_HYP_02_ASEReadCounter.table","NW_015090842.1:7245389",511,934,423
"HSBP1","s1324_S_HYP_02_ASEReadCounter.table","NW_015090842.1:7245400",536,939,403
"HSBP1","s1324_S_HYP_02_ASEReadCounter.table","NW_015090842.1:7245445",485,879,394
"HSBP1","s1324_S_HYP_02_ASEReadCounter.table","NW_015090842.1:7245495",464,818,354
"HSBP1","s1324_S_HYP_02_ASEReadCounter.table","NW_015090842.1:7245515",527,914,387
"HSBP1","s1324_S_HYP_02_ASEReadCounter.table","NW_015090842.1:7245733",314,591,277
"HSBP1","s1324_S_HYP_02_ASEReadCounter.table","NW_015090842.1:7245771",355,609,254
"HSBP1","s1324_S_HYP_02_ASEReadCounter.table","NW_015090842.1:7245813",328,554,226
"HSBP1","s1324_S_HYP_02_ASEReadCounter.table","NW_015090842.1:7245926",411,695,284
"HSBP1","s1324_S_HYP_02_ASEReadCounter.table","NW_015090842.1:7245927",410,693,283
"HSBP1","s1324_S_HYP_02_ASEReadCounter.table","NW_015090842.1:7245933",391,664,273
"HSBP1","s1324_S_HYP_02_ASEReadCounter.table","NW_015090842.1:7246002",263,500,237
"HSBP1","s1324_S_HYP_02_ASEReadCounter.table","NW_015090842.1:7246094",370,604,234
"HSBP1","s1324_S_HYP_02_ASEReadCounter.table","NW_015090842.1:7246167",351,612,261
"HSBP1","s1324_S_HYP_02_ASEReadCounter.table","NW_015090842.1:7246183",336,600,264
"HSBP1","s1324_S_HYP_02_ASEReadCounter.table","NW_015090842.1:7247285",43,53,10
"HSBP1","s1324_S_HYP_02_ASEReadCounter.table","NW_015090842.1:7247651",397,773,376
"HSBP1","s1324_S_HYP_02_ASEReadCounter.table","NW_015090842.1:7247657",399,787,388
"HSBP1","s1324_S_HYP_02_ASEReadCounter.table","NW_015090842.1:7248520",288,559,271
"HSBP1","s1324_S_HYP_02_ASEReadCounter.table","NW_015090842.1:7248535",234,462,228
"KCNG4","s1324_S_HYP_02_ASEReadCounter.table","NW_015090842.1:7282481",3,6,3
"KCNG4","s1324_S_HYP_02_ASEReadCounter.table","NW_015090842.1:7282500",5,9,4
"KCNG4","s1324_S_HYP_02_ASEReadCounter.table","NW_015090842.1:7282542",5,7,2
"KCNG4","s1324_S_HYP_02_ASEReadCounter.table","NW_015090842.1:7282579",5,7,2
"KCNG4","s1324_S_HYP_02_ASEReadCounter.table","NW_015090842.1:7282630",3,3,0
"KCNG4","s1324_S_HYP_02_ASEReadCounter.table","NW_015090842.1:7282760",3,4,1
"KCNG4","s1324_S_HYP_02_ASEReadCounter.table","NW_015090842.1:7283056",3,3,0
"KCNG4","s1324_S_HYP_02_ASEReadCounter.table","NW_015090842.1:7283245",1,5,4
"KCNG4","s1324_S_HYP_02_ASEReadCounter.table","NW_015090842.1:7299491",1,3,2
"KCNG4","s1324_S_HYP_02_ASEReadCounter.table","NW_015090842.1:7301413",1,1,0
"ATP2C2","s1324_S_HYP_02_ASEReadCounter.table","NW_015090842.1:7413747",0,5,5
"TLDC1","s1324_S_HYP_02_ASEReadCounter.table","NW_015090842.1:7421997",39,83,44
"COTL1","s1324_S_HYP_02_ASEReadCounter.table","NW_015090842.1:7490707",455,1013,558
"COTL1","s1324_S_HYP_02_ASEReadCounter.table","NW_015090842.1:7490708",457,1016,559
"COTL1","s1324_S_HYP_02_ASEReadCounter.table","NW_015090842.1:7490711",464,1033,569
"COTL1","s1324_S_HYP_02_ASEReadCounter.table","NW_015090842.1:7490739",442,1024,582
"COTL1","s1324_S_HYP_02_ASEReadCounter.table","NW_015090842.1:7490785",433,984,551
"COTL1","s1324_S_HYP_02_ASEReadCounter.table","NW_015090842.1:7490820",38,689,651
"COTL1","s1324_S_HYP_02_ASEReadCounter.table","NW_015090842.1:7490846",464,1018,554
"COTL1","s1324_S_HYP_02_ASEReadCounter.table","NW_015090842.1:7505571",1,2,1
"COTL1","s1324_S_HYP_02_ASEReadCounter.table","NW_015090842.1:7505672",2,2,0
"KLHL36","s1324_S_HYP_02_ASEReadCounter.table","NW_015090842.1:7526337",38,38,0
"KLHL36","s1324_S_HYP_02_ASEReadCounter.table","NW_015090842.1:7537681",76,76,0
"USP10","s1324_S_HYP_02_ASEReadCounter.table","NW_015090842.1:7572213",30,72,42
"USP10","s1324_S_HYP_02_ASEReadCounter.table","NW_015090842.1:7572358",55,55,0
"CRISPLD2","s1324_S_HYP_02_ASEReadCounter.table","NW_015090842.1:7619796",1,3,2
"CRISPLD2","s1324_S_HYP_02_ASEReadCounter.table","NW_015090842.1:7630779",2,2,0
"CRISPLD2","s1324_S_HYP_02_ASEReadCounter.table","NW_015090842.1:7633611",5,5,0
"CRISPLD2","s1324_S_HYP_02_ASEReadCounter.table","NW_015090842.1:7633787",0,5,5
"CRISPLD2","s1324_S_HYP_02_ASEReadCounter.table","NW_015090842.1:7634023",4,6,2
"CRISPLD2","s1324_S_HYP_02_ASEReadCounter.table","NW_015090842.1:7634620",5,5,0
"CRISPLD2","s1324_S_HYP_02_ASEReadCounter.table","NW_015090842.1:7636315",1,3,2
"MTHFSD","s1324_S_HYP_02_ASEReadCounter.table","NW_015090842.1:8152578",10,26,16
"DUSP15","s1324_S_HYP_02_ASEReadCounter.table","NW_015090842.1:8422840",0,1,1
"DUSP15","s1324_S_HYP_02_ASEReadCounter.table","NW_015090842.1:8431988",0,1,1
"EMC8","s1324_S_HYP_02_ASEReadCounter.table","NW_015090842.1:8452385",13,34,21
"GINS2","s1324_S_HYP_02_ASEReadCounter.table","NW_015090842.1:8467469",20,20,0
"GINS2","s1324_S_HYP_02_ASEReadCounter.table","NW_015090842.1:8470290",25,56,31
"GINS2","s1324_S_HYP_02_ASEReadCounter.table","NW_015090842.1:8470305",25,56,31
"GINS2","s1324_S_HYP_02_ASEReadCounter.table","NW_015090842.1:8470376",26,62,36
"GINS2","s1324_S_HYP_02_ASEReadCounter.table","NW_015090842.1:8471057",7,17,10
"GSE1","s1324_S_HYP_02_ASEReadCounter.table","NW_015090842.1:8483570",4,4,0
"KIAA0513","s1324_S_HYP_02_ASEReadCounter.table","NW_015090842.1:8674736",86,86,0
"KIAA0513","s1324_S_HYP_02_ASEReadCounter.table","NW_015090842.1:8687268",0,1,1
"KIAA0513","s1324_S_HYP_02_ASEReadCounter.table","NW_015090842.1:8693655",4,4,0
"ZCCHC14","s1324_S_HYP_02_ASEReadCounter.table","NW_015090842.1:8750189",92,92,0
"JPH3","s1324_S_HYP_02_ASEReadCounter.table","NW_015090842.1:8872294",52,85,33
"KLHDC4","s1324_S_HYP_02_ASEReadCounter.table","NW_015090842.1:8891175",138,256,118
"KLHDC4","s1324_S_HYP_02_ASEReadCounter.table","NW_015090842.1:8905251",40,71,31
"KLHDC4","s1324_S_HYP_02_ASEReadCounter.table","NW_015090842.1:8919630",8,16,8
"SLC7A5","s1324_S_HYP_02_ASEReadCounter.table","NW_015090842.1:8940382",254,254,0
"SLC7A5","s1324_S_HYP_02_ASEReadCounter.table","NW_015090842.1:8941818",169,169,0
"SLC7A5","s1324_S_HYP_02_ASEReadCounter.table","NW_015090842.1:8944655",67,67,0
"CA5A","s1324_S_HYP_02_ASEReadCounter.table","NW_015090842.1:8989479",101,161,60
"CA5A","s1324_S_HYP_02_ASEReadCounter.table","NW_015090842.1:8989562",115,189,74
"CA5A","s1324_S_HYP_02_ASEReadCounter.table","NW_015090842.1:8989609",129,213,84
"CA5A","s1324_S_HYP_02_ASEReadCounter.table","NW_015090842.1:8989693",141,262,121
"CA5A","s1324_S_HYP_02_ASEReadCounter.table","NW_015090842.1:8989702",152,260,108
"CA5A","s1324_S_HYP_02_ASEReadCounter.table","NW_015090842.1:8989746",147,277,130
"CA5A","s1324_S_HYP_02_ASEReadCounter.table","NW_015090842.1:8989880",112,203,91
"CA5A","s1324_S_HYP_02_ASEReadCounter.table","NW_015090842.1:8989885",116,209,93
"CA5A","s1324_S_HYP_02_ASEReadCounter.table","NW_015090842.1:8989929",124,226,102
"CA5A","s1324_S_HYP_02_ASEReadCounter.table","NW_015090842.1:8990002",107,199,92
"CA5A","s1324_S_HYP_02_ASEReadCounter.table","NW_015090842.1:8990004",107,200,93
"CA5A","s1324_S_HYP_02_ASEReadCounter.table","NW_015090842.1:8990005",106,200,94
"CA5A","s1324_S_HYP_02_ASEReadCounter.table","NW_015090842.1:8990017",101,175,74
"CA5A","s1324_S_HYP_02_ASEReadCounter.table","NW_015090842.1:8990043",85,152,67
"CA5A","s1324_S_HYP_02_ASEReadCounter.table","NW_015090842.1:8990080",77,148,71
"CA5A","s1324_S_HYP_02_ASEReadCounter.table","NW_015090842.1:8990084",84,156,72
"CA5A","s1324_S_HYP_02_ASEReadCounter.table","NW_015090842.1:8990090",90,157,67
"CA5A","s1324_S_HYP_02_ASEReadCounter.table","NW_015090842.1:8990095",90,156,66
"CA5A","s1324_S_HYP_02_ASEReadCounter.table","NW_015090842.1:8990111",80,145,65
"CA5A","s1324_S_HYP_02_ASEReadCounter.table","NW_015090842.1:8990112",79,143,64
"CA5A","s1324_S_HYP_02_ASEReadCounter.table","NW_015090842.1:8990115",85,149,64
"CA5A","s1324_S_HYP_02_ASEReadCounter.table","NW_015090842.1:8990166",87,132,45
"CA5A","s1324_S_HYP_02_ASEReadCounter.table","NW_015090842.1:8990169",96,140,44
"CA5A","s1324_S_HYP_02_ASEReadCounter.table","NW_015090842.1:8990222",93,141,48
"CA5A","s1324_S_HYP_02_ASEReadCounter.table","NW_015090842.1:8990289",83,137,54
"CA5A","s1324_S_HYP_02_ASEReadCounter.table","NW_015090842.1:8990314",83,139,56
"CA5A","s1324_S_HYP_02_ASEReadCounter.table","NW_015090842.1:8990361",75,135,60
"CA5A","s1324_S_HYP_02_ASEReadCounter.table","NW_015090842.1:8990368",79,145,66
"CA5A","s1324_S_HYP_02_ASEReadCounter.table","NW_015090842.1:8990429",70,132,62
"CA5A","s1324_S_HYP_02_ASEReadCounter.table","NW_015090842.1:8990466",70,123,53
"CA5A","s1324_S_HYP_02_ASEReadCounter.table","NW_015090842.1:8990663",79,129,50
"CA5A","s1324_S_HYP_02_ASEReadCounter.table","NW_015090842.1:8990797",68,102,34
"CA5A","s1324_S_HYP_02_ASEReadCounter.table","NW_015090842.1:8990836",65,93,28
"CA5A","s1324_S_HYP_02_ASEReadCounter.table","NW_015090842.1:8990842",70,98,28
"CA5A","s1324_S_HYP_02_ASEReadCounter.table","NW_015090842.1:8990851",67,98,31
"CA5A","s1324_S_HYP_02_ASEReadCounter.table","NW_015090842.1:8990918",54,89,35
"CA5A","s1324_S_HYP_02_ASEReadCounter.table","NW_015090842.1:8990921",55,94,39
"CA5A","s1324_S_HYP_02_ASEReadCounter.table","NW_015090842.1:8990942",71,113,42
"CA5A","s1324_S_HYP_02_ASEReadCounter.table","NW_015090842.1:8991001",91,150,59
"CA5A","s1324_S_HYP_02_ASEReadCounter.table","NW_015090842.1:8991038",84,143,59
"CA5A","s1324_S_HYP_02_ASEReadCounter.table","NW_015090842.1:8991149",76,142,66
"CA5A","s1324_S_HYP_02_ASEReadCounter.table","NW_015090842.1:8991176",84,151,67
"CA5A","s1324_S_HYP_02_ASEReadCounter.table","NW_015090842.1:8991241",74,152,78
"CA5A","s1324_S_HYP_02_ASEReadCounter.table","NW_015090842.1:8991262",72,140,68
"CA5A","s1324_S_HYP_02_ASEReadCounter.table","NW_015090842.1:8991316",80,90,10
"CA5A","s1324_S_HYP_02_ASEReadCounter.table","NW_015090842.1:8991319",76,85,9
"CA5A","s1324_S_HYP_02_ASEReadCounter.table","NW_015090842.1:8991330",74,79,5
"CA5A","s1324_S_HYP_02_ASEReadCounter.table","NW_015090842.1:8991334",71,79,8
"CA5A","s1324_S_HYP_02_ASEReadCounter.table","NW_015090842.1:8991362",72,112,40
"CA5A","s1324_S_HYP_02_ASEReadCounter.table","NW_015090842.1:8991368",74,115,41
"CA5A","s1324_S_HYP_02_ASEReadCounter.table","NW_015090842.1:8991390",80,123,43
"CA5A","s1324_S_HYP_02_ASEReadCounter.table","NW_015090842.1:8991395",75,121,46
"CA5A","s1324_S_HYP_02_ASEReadCounter.table","NW_015090842.1:8991422",69,128,59
"CA5A","s1324_S_HYP_02_ASEReadCounter.table","NW_015090842.1:8991467",65,116,51
"CA5A","s1324_S_HYP_02_ASEReadCounter.table","NW_015090842.1:8991576",39,69,30
"CA5A","s1324_S_HYP_02_ASEReadCounter.table","NW_015090842.1:8991587",44,80,36
"CA5A","s1324_S_HYP_02_ASEReadCounter.table","NW_015090842.1:8991655",52,94,42
"CA5A","s1324_S_HYP_02_ASEReadCounter.table","NW_015090842.1:8991717",37,74,37
"CA5A","s1324_S_HYP_02_ASEReadCounter.table","NW_015090842.1:8991726",42,80,38
"CA5A","s1324_S_HYP_02_ASEReadCounter.table","NW_015090842.1:8991799",46,89,43
"CA5A","s1324_S_HYP_02_ASEReadCounter.table","NW_015090842.1:8991809",44,82,38
"CA5A","s1324_S_HYP_02_ASEReadCounter.table","NW_015090842.1:8991848",42,81,39
"CA5A","s1324_S_HYP_02_ASEReadCounter.table","NW_015090842.1:8991849",41,80,39
"CA5A","s1324_S_HYP_02_ASEReadCounter.table","NW_015090842.1:8991927",57,107,50
"CA5A","s1324_S_HYP_02_ASEReadCounter.table","NW_015090842.1:8991941",50,100,50
"CA5A","s1324_S_HYP_02_ASEReadCounter.table","NW_015090842.1:8992121",44,79,35
"CA5A","s1324_S_HYP_02_ASEReadCounter.table","NW_015090842.1:8992224",53,103,50
"CA5A","s1324_S_HYP_02_ASEReadCounter.table","NW_015090842.1:9002570",31,43,12
"CA5A","s1324_S_HYP_02_ASEReadCounter.table","NW_015090842.1:9002600",36,47,11
"CA5A","s1324_S_HYP_02_ASEReadCounter.table","NW_015090842.1:9004312",21,30,9
"CA5A","s1324_S_HYP_02_ASEReadCounter.table","NW_015090842.1:9004506",1,1,0
"CA5A","s1324_S_HYP_02_ASEReadCounter.table","NW_015090842.1:9004523",1,1,0
"CA5A","s1324_S_HYP_02_ASEReadCounter.table","NW_015090842.1:9004530",2,2,0
"CA5A","s1324_S_HYP_02_ASEReadCounter.table","NW_015090842.1:9004556",3,4,1
"CA5A","s1324_S_HYP_02_ASEReadCounter.table","NW_015090842.1:9004620",1,2,1
"CA5A","s1324_S_HYP_02_ASEReadCounter.table","NW_015090842.1:9005116",2,3,1
"CA5A","s1324_S_HYP_02_ASEReadCounter.table","NW_015090842.1:9005120",2,2,0
"CA5A","s1324_S_HYP_02_ASEReadCounter.table","NW_015090842.1:9005140",2,2,0
"CA5A","s1324_S_HYP_02_ASEReadCounter.table","NW_015090842.1:9005152",2,2,0
"BANP","s1324_S_HYP_02_ASEReadCounter.table","NW_015090842.1:9033407",5,9,4
"BANP","s1324_S_HYP_02_ASEReadCounter.table","NW_015090842.1:9033409",5,9,4
"BANP","s1324_S_HYP_02_ASEReadCounter.table","NW_015090842.1:9033420",5,8,3
"BANP","s1324_S_HYP_02_ASEReadCounter.table","NW_015090842.1:9055284",3,9,6
"ZC3H18","s1324_S_HYP_02_ASEReadCounter.table","NW_015090842.1:9528933",23,49,26
"MVD","s1324_S_HYP_02_ASEReadCounter.table","NW_015090842.1:9550690",41,41,0
"MVD","s1324_S_HYP_02_ASEReadCounter.table","NW_015090842.1:9550691",41,41,0
"MVD","s1324_S_HYP_02_ASEReadCounter.table","NW_015090842.1:9550699",45,45,0
"MVD","s1324_S_HYP_02_ASEReadCounter.table","NW_015090842.1:9550701",45,45,0
"MVD","s1324_S_HYP_02_ASEReadCounter.table","NW_015090842.1:9552202",78,78,0
"MVD","s1324_S_HYP_02_ASEReadCounter.table","NW_015090842.1:9552223",62,62,0
"MVD","s1324_S_HYP_02_ASEReadCounter.table","NW_015090842.1:9552533",52,52,0
"MVD","s1324_S_HYP_02_ASEReadCounter.table","NW_015090842.1:9552644",25,50,25
"PIEZO1","s1324_S_HYP_02_ASEReadCounter.table","NW_015090842.1:9577447",7,12,5
"PIEZO1","s1324_S_HYP_02_ASEReadCounter.table","NW_015090842.1:9579101",1,5,4
"PIEZO1","s1324_S_HYP_02_ASEReadCounter.table","NW_015090842.1:9582630",1,5,4
"PIEZO1","s1324_S_HYP_02_ASEReadCounter.table","NW_015090842.1:9582976",2,4,2
"PIEZO1","s1324_S_HYP_02_ASEReadCounter.table","NW_015090842.1:9583326",6,6,0
"CDT1","s1324_S_HYP_02_ASEReadCounter.table","NW_015090842.1:9596711",0,2,2
"CDT1","s1324_S_HYP_02_ASEReadCounter.table","NW_015090842.1:9597033",14,14,0
"CDT1","s1324_S_HYP_02_ASEReadCounter.table","NW_015090842.1:9597756",6,12,6
"CDT1","s1324_S_HYP_02_ASEReadCounter.table","NW_015090842.1:9598873",25,25,0
"PABPN1L","s1324_S_HYP_02_ASEReadCounter.table","NW_015090842.1:9669510",0,1,1
"ACSF3","s1324_S_HYP_02_ASEReadCounter.table","NW_015090842.1:9776737",7,9,2
"ACSF3","s1324_S_HYP_02_ASEReadCounter.table","NW_015090842.1:9809639",74,75,1
"ACSF3","s1324_S_HYP_02_ASEReadCounter.table","NW_015090842.1:9834743",64,108,44
"ACSF3","s1324_S_HYP_02_ASEReadCounter.table","NW_015090842.1:9834762",105,106,1
"ACSF3","s1324_S_HYP_02_ASEReadCounter.table","NW_015090842.1:9834852",66,117,51
"ACSF3","s1324_S_HYP_02_ASEReadCounter.table","NW_015090842.1:9834861",60,113,53
"ACSF3","s1324_S_HYP_02_ASEReadCounter.table","NW_015090842.1:9839359",47,78,31
"ACSF3","s1324_S_HYP_02_ASEReadCounter.table","NW_015090842.1:9839378",47,70,23
"ACSF3","s1324_S_HYP_02_ASEReadCounter.table","NW_015090842.1:9839455",37,64,27
"ACSF3","s1324_S_HYP_02_ASEReadCounter.table","NW_015090842.1:9839457",39,63,24
"ACSF3","s1324_S_HYP_02_ASEReadCounter.table","NW_015090842.1:9839489",36,62,26
"ACSF3","s1324_S_HYP_02_ASEReadCounter.table","NW_015090842.1:9839500",31,54,23
"ACSF3","s1324_S_HYP_02_ASEReadCounter.table","NW_015090842.1:9839501",31,54,23
"ACSF3","s1324_S_HYP_02_ASEReadCounter.table","NW_015090842.1:9839504",37,61,24
"ACSF3","s1324_S_HYP_02_ASEReadCounter.table","NW_015090842.1:9839512",37,59,22
"ACSF3","s1324_S_HYP_02_ASEReadCounter.table","NW_015090842.1:9839527",30,48,18
"ACSF3","s1324_S_HYP_02_ASEReadCounter.table","NW_015090842.1:9839533",22,38,16
"ACSF3","s1324_S_HYP_02_ASEReadCounter.table","NW_015090842.1:9839535",22,34,12
"ACSF3","s1324_S_HYP_02_ASEReadCounter.table","NW_015090842.1:9839545",14,25,11
"ACSF3","s1324_S_HYP_02_ASEReadCounter.table","NW_015090842.1:9839550",12,24,12
"ACSF3","s1324_S_HYP_02_ASEReadCounter.table","NW_015090842.1:9839551",12,24,12
"CDH15","s1324_S_HYP_02_ASEReadCounter.table","NW_015090842.1:9847163",0,1,1
"CDH15","s1324_S_HYP_02_ASEReadCounter.table","NW_015090842.1:9847174",0,1,1
"CDH15","s1324_S_HYP_02_ASEReadCounter.table","NW_015090842.1:9848888",0,2,2
"CDH15","s1324_S_HYP_02_ASEReadCounter.table","NW_015090842.1:9849473",0,1,1
"CDH15","s1324_S_HYP_02_ASEReadCounter.table","NW_015090842.1:9850386",0,1,1
"CDH15","s1324_S_HYP_02_ASEReadCounter.table","NW_015090842.1:9850609",1,1,0
"SLC22A31","s1324_S_HYP_02_ASEReadCounter.table","NW_015090842.1:9850797",1,1,0
"SLC22A31","s1324_S_HYP_02_ASEReadCounter.table","NW_015090842.1:9850818",1,1,0
"SLC22A31","s1324_S_HYP_02_ASEReadCounter.table","NW_015090842.1:9850929",1,1,0
"SLC22A31","s1324_S_HYP_02_ASEReadCounter.table","NW_015090842.1:9850936",1,1,0
"SLC22A31","s1324_S_HYP_02_ASEReadCounter.table","NW_015090842.1:9850940",0,1,1
"SLC22A31","s1324_S_HYP_02_ASEReadCounter.table","NW_015090842.1:9851130",5,11,6
"SLC22A31","s1324_S_HYP_02_ASEReadCounter.table","NW_015090842.1:9851139",5,11,6
"SLC22A31","s1324_S_HYP_02_ASEReadCounter.table","NW_015090842.1:9851265",8,17,9
"SLC22A31","s1324_S_HYP_02_ASEReadCounter.table","NW_015090842.1:9851302",3,10,7
"SLC22A31","s1324_S_HYP_02_ASEReadCounter.table","NW_015090842.1:9851303",2,9,7
"SLC22A31","s1324_S_HYP_02_ASEReadCounter.table","NW_015090842.1:9851305",3,11,8
"SLC22A31","s1324_S_HYP_02_ASEReadCounter.table","NW_015090842.1:9851343",4,12,8
"SLC22A31","s1324_S_HYP_02_ASEReadCounter.table","NW_015090842.1:9851344",6,12,6
"SLC22A31","s1324_S_HYP_02_ASEReadCounter.table","NW_015090842.1:9851381",8,21,13
"SLC22A31","s1324_S_HYP_02_ASEReadCounter.table","NW_015090842.1:9851421",11,24,13
"SLC22A31","s1324_S_HYP_02_ASEReadCounter.table","NW_015090842.1:9851526",4,15,11
"SLC22A31","s1324_S_HYP_02_ASEReadCounter.table","NW_015090842.1:9851589",9,16,7
"SLC22A31","s1324_S_HYP_02_ASEReadCounter.table","NW_015090842.1:9851712",14,22,8
"SLC22A31","s1324_S_HYP_02_ASEReadCounter.table","NW_015090842.1:9851899",13,24,11
"SLC22A31","s1324_S_HYP_02_ASEReadCounter.table","NW_015090842.1:9852139",13,22,9
"SLC22A31","s1324_S_HYP_02_ASEReadCounter.table","NW_015090842.1:9852380",11,24,13
"SLC22A31","s1324_S_HYP_02_ASEReadCounter.table","NW_015090842.1:9852431",9,12,3
"SLC22A31","s1324_S_HYP_02_ASEReadCounter.table","NW_015090842.1:9852630",8,17,9
"SLC22A31","s1324_S_HYP_02_ASEReadCounter.table","NW_015090842.1:9852711",4,7,3
"SLC22A31","s1324_S_HYP_02_ASEReadCounter.table","NW_015090842.1:9852742",6,8,2
"SLC22A31","s1324_S_HYP_02_ASEReadCounter.table","NW_015090842.1:9853099",3,4,1
"SLC22A31","s1324_S_HYP_02_ASEReadCounter.table","NW_015090842.1:9853102",3,4,1
"SLC22A31","s1324_S_HYP_02_ASEReadCounter.table","NW_015090842.1:9853421",2,2,0
"SLC22A31","s1324_S_HYP_02_ASEReadCounter.table","NW_015090842.1:9853457",4,4,0
"SLC22A31","s1324_S_HYP_02_ASEReadCounter.table","NW_015090842.1:9853502",4,4,0
"ANKRD11","s1324_S_HYP_02_ASEReadCounter.table","NW_015090842.1:9858863",10,27,17
"ANKRD11","s1324_S_HYP_02_ASEReadCounter.table","NW_015090842.1:9859101",132,270,138
"ANKRD11","s1324_S_HYP_02_ASEReadCounter.table","NW_015090842.1:9859352",140,321,181
"ANKRD11","s1324_S_HYP_02_ASEReadCounter.table","NW_015090842.1:9859381",28,177,149
"ANKRD11","s1324_S_HYP_02_ASEReadCounter.table","NW_015090842.1:9859527",45,127,82
"ANKRD11","s1324_S_HYP_02_ASEReadCounter.table","NW_015090842.1:9859529",45,128,83
"ANKRD11","s1324_S_HYP_02_ASEReadCounter.table","NW_015090842.1:9859679",125,259,134
"ANKRD11","s1324_S_HYP_02_ASEReadCounter.table","NW_015090842.1:9861097",124,240,116
"ANKRD11","s1324_S_HYP_02_ASEReadCounter.table","NW_015090842.1:9862571",97,178,81
"ANKRD11","s1324_S_HYP_02_ASEReadCounter.table","NW_015090842.1:9866071",0,78,78
"ANKRD11","s1324_S_HYP_02_ASEReadCounter.table","NW_015090842.1:9866200",0,59,59
"ANKRD11","s1324_S_HYP_02_ASEReadCounter.table","NW_015090842.1:9867391",16,37,21
"ANKRD11","s1324_S_HYP_02_ASEReadCounter.table","NW_015090842.1:9867472",31,57,26
"ANKRD11","s1324_S_HYP_02_ASEReadCounter.table","NW_015090842.1:9867559",45,74,29
"ANKRD11","s1324_S_HYP_02_ASEReadCounter.table","NW_015090842.1:9867934",33,70,37
"ANKRD11","s1324_S_HYP_02_ASEReadCounter.table","NW_015090842.1:9868093",40,75,35
"ANKRD11","s1324_S_HYP_02_ASEReadCounter.table","NW_015090842.1:9868222",34,84,50
"ANKRD11","s1324_S_HYP_02_ASEReadCounter.table","NW_015090842.1:9868327",46,110,64
"ANKRD11","s1324_S_HYP_02_ASEReadCounter.table","NW_015090842.1:9868414",59,126,67
"ANKRD11","s1324_S_HYP_02_ASEReadCounter.table","NW_015090842.1:9868441",57,111,54
"ANKRD11","s1324_S_HYP_02_ASEReadCounter.table","NW_015090842.1:9868444",56,114,58
"ANKRD11","s1324_S_HYP_02_ASEReadCounter.table","NW_015090842.1:9868519",74,132,58
"ANKRD11","s1324_S_HYP_02_ASEReadCounter.table","NW_015090842.1:9868609",68,148,80
"ANKRD11","s1324_S_HYP_02_ASEReadCounter.table","NW_015090842.1:9868666",87,171,84
"ANKRD11","s1324_S_HYP_02_ASEReadCounter.table","NW_015090842.1:9869431",120,215,95
"ANKRD11","s1324_S_HYP_02_ASEReadCounter.table","NW_015090842.1:9869578",168,316,148
"ANKRD11","s1324_S_HYP_02_ASEReadCounter.table","NW_015090842.1:9869734",162,308,146
"ANKRD11","s1324_S_HYP_02_ASEReadCounter.table","NW_015090842.1:9870070",144,333,189
"ANKRD11","s1324_S_HYP_02_ASEReadCounter.table","NW_015090842.1:9870349",186,348,162
"ANKRD11","s1324_S_HYP_02_ASEReadCounter.table","NW_015090842.1:9870604",190,366,176
"ANKRD11","s1324_S_HYP_02_ASEReadCounter.table","NW_015090842.1:9870613",206,391,185
"ANKRD11","s1324_S_HYP_02_ASEReadCounter.table","NW_015090842.1:9870685",214,457,243
"ANKRD11","s1324_S_HYP_02_ASEReadCounter.table","NW_015090842.1:9870847",141,311,170
"ANKRD11","s1324_S_HYP_02_ASEReadCounter.table","NW_015090842.1:9871103",148,270,122
"ANKRD11","s1324_S_HYP_02_ASEReadCounter.table","NW_015090842.1:9871165",148,299,151
"ANKRD11","s1324_S_HYP_02_ASEReadCounter.table","NW_015090842.1:9871820",44,94,50
"ANKRD11","s1324_S_HYP_02_ASEReadCounter.table","NW_015090842.1:9871994",101,101,0
"ANKRD11","s1324_S_HYP_02_ASEReadCounter.table","NW_015090842.1:9872118",49,103,54
"SPG7","s1324_S_HYP_02_ASEReadCounter.table","NW_015090842.1:10051190",107,216,109
"SPG7","s1324_S_HYP_02_ASEReadCounter.table","NW_015090842.1:10051218",113,246,133
"SPG7","s1324_S_HYP_02_ASEReadCounter.table","NW_015090842.1:10052348",130,245,115
"SPG7","s1324_S_HYP_02_ASEReadCounter.table","NW_015090842.1:10052366",129,261,132
"SPG7","s1324_S_HYP_02_ASEReadCounter.table","NW_015090842.1:10065173",179,357,178
"SPG7","s1324_S_HYP_02_ASEReadCounter.table","NW_015090842.1:10065215",148,300,152
"SPG7","s1324_S_HYP_02_ASEReadCounter.table","NW_015090842.1:10066301",122,227,105
"SPG7","s1324_S_HYP_02_ASEReadCounter.table","NW_015090842.1:10066365",143,262,119
"SPG7","s1324_S_HYP_02_ASEReadCounter.table","NW_015090842.1:10069752",174,319,145
"SPG7","s1324_S_HYP_02_ASEReadCounter.table","NW_015090842.1:10069800",205,388,183
"SPG7","s1324_S_HYP_02_ASEReadCounter.table","NW_015090842.1:10071192",191,382,191
"SPG7","s1324_S_HYP_02_ASEReadCounter.table","NW_015090842.1:10071204",177,351,174
"SPG7","s1324_S_HYP_02_ASEReadCounter.table","NW_015090842.1:10071219",146,311,165
"SPG7","s1324_S_HYP_02_ASEReadCounter.table","NW_015090842.1:10071967",164,343,179
"SPG7","s1324_S_HYP_02_ASEReadCounter.table","NW_015090842.1:10075109",241,503,262
"SPG7","s1324_S_HYP_02_ASEReadCounter.table","NW_015090842.1:10075114",258,521,263
"SPG7","s1324_S_HYP_02_ASEReadCounter.table","NW_015090842.1:10075198",230,418,188
"SPG7","s1324_S_HYP_02_ASEReadCounter.table","NW_015090842.1:10075487",178,349,171
"SPG7","s1324_S_HYP_02_ASEReadCounter.table","NW_015090842.1:10075488",177,350,173
"SPG7","s1324_S_HYP_02_ASEReadCounter.table","NW_015090842.1:10075548",121,246,125
"RPL13","s1324_S_HYP_02_ASEReadCounter.table","NW_015090842.1:10076979",5,8,3
"RPL13","s1324_S_HYP_02_ASEReadCounter.table","NW_015090842.1:10077387",464,1070,606
"RPL13","s1324_S_HYP_02_ASEReadCounter.table","NW_015090842.1:10077978",716,1515,799
"RPL13","s1324_S_HYP_02_ASEReadCounter.table","NW_015090842.1:10077992",715,1478,763
"CPNE7","s1324_S_HYP_02_ASEReadCounter.table","NW_015090842.1:10084001",20,30,10
"CPNE7","s1324_S_HYP_02_ASEReadCounter.table","NW_015090842.1:10084856",10,19,9
"CPNE7","s1324_S_HYP_02_ASEReadCounter.table","NW_015090842.1:10084872",10,22,12
"CPNE7","s1324_S_HYP_02_ASEReadCounter.table","NW_015090842.1:10084892",14,25,11
"CPNE7","s1324_S_HYP_02_ASEReadCounter.table","NW_015090842.1:10084921",15,30,15
"CPNE7","s1324_S_HYP_02_ASEReadCounter.table","NW_015090842.1:10084935",17,32,15
"CPNE7","s1324_S_HYP_02_ASEReadCounter.table","NW_015090842.1:10085000",20,37,17
"CPNE7","s1324_S_HYP_02_ASEReadCounter.table","NW_015090842.1:10085089",18,25,7
"CPNE7","s1324_S_HYP_02_ASEReadCounter.table","NW_015090842.1:10085096",16,26,10
"CPNE7","s1324_S_HYP_02_ASEReadCounter.table","NW_015090842.1:10085126",15,27,12
"CPNE7","s1324_S_HYP_02_ASEReadCounter.table","NW_015090842.1:10085180",17,29,12
"CPNE7","s1324_S_HYP_02_ASEReadCounter.table","NW_015090842.1:10085201",15,25,10
"CPNE7","s1324_S_HYP_02_ASEReadCounter.table","NW_015090842.1:10088134",40,66,26
"CPNE7","s1324_S_HYP_02_ASEReadCounter.table","NW_015090842.1:10088146",39,63,24
"CPNE7","s1324_S_HYP_02_ASEReadCounter.table","NW_015090842.1:10088940",55,89,34
"CPNE7","s1324_S_HYP_02_ASEReadCounter.table","NW_015090842.1:10088965",55,88,33
"CPNE7","s1324_S_HYP_02_ASEReadCounter.table","NW_015090842.1:10088967",56,87,31
"CPNE7","s1324_S_HYP_02_ASEReadCounter.table","NW_015090842.1:10088973",59,91,32
"CPNE7","s1324_S_HYP_02_ASEReadCounter.table","NW_015090842.1:10090924",67,112,45
"CPNE7","s1324_S_HYP_02_ASEReadCounter.table","NW_015090842.1:10090930",65,108,43
"CPNE7","s1324_S_HYP_02_ASEReadCounter.table","NW_015090842.1:10091075",68,114,46
"CPNE7","s1324_S_HYP_02_ASEReadCounter.table","NW_015090842.1:10091389",89,131,42
"CPNE7","s1324_S_HYP_02_ASEReadCounter.table","NW_015090842.1:10091407",92,128,36
"CPNE7","s1324_S_HYP_02_ASEReadCounter.table","NW_015090842.1:10091530",74,112,38
"CPNE7","s1324_S_HYP_02_ASEReadCounter.table","NW_015090842.1:10091875",88,147,59
"CPNE7","s1324_S_HYP_02_ASEReadCounter.table","NW_015090842.1:10091983",70,119,49
"CPNE7","s1324_S_HYP_02_ASEReadCounter.table","NW_015090842.1:10091997",75,127,52
"CPNE7","s1324_S_HYP_02_ASEReadCounter.table","NW_015090842.1:10092038",43,77,34
"CPNE7","s1324_S_HYP_02_ASEReadCounter.table","NW_015090842.1:10092140",50,81,31
"CPNE7","s1324_S_HYP_02_ASEReadCounter.table","NW_015090842.1:10092183",32,54,22
"CPNE7","s1324_S_HYP_02_ASEReadCounter.table","NW_015090842.1:10092201",29,45,16
"CPNE7","s1324_S_HYP_02_ASEReadCounter.table","NW_015090842.1:10092230",24,37,13
"CPNE7","s1324_S_HYP_02_ASEReadCounter.table","NW_015090842.1:10092246",9,17,8
"LOC106888185","s1324_S_HYP_02_ASEReadCounter.table","NW_015090842.1:10094965",0,4,4
"LOC106888185","s1324_S_HYP_02_ASEReadCounter.table","NW_015090842.1:10094966",0,4,4
"LOC106888185","s1324_S_HYP_02_ASEReadCounter.table","NW_015090842.1:10094985",0,4,4
"LOC106888185","s1324_S_HYP_02_ASEReadCounter.table","NW_015090842.1:10095055",0,2,2
"LOC106888185","s1324_S_HYP_02_ASEReadCounter.table","NW_015090842.1:10095062",0,3,3
"LOC106888185","s1324_S_HYP_02_ASEReadCounter.table","NW_015090842.1:10095130",0,6,6
"LOC106888185","s1324_S_HYP_02_ASEReadCounter.table","NW_015090842.1:10095265",4,12,8
"LOC106888185","s1324_S_HYP_02_ASEReadCounter.table","NW_015090842.1:10095586",5,12,7
"LOC106888185","s1324_S_HYP_02_ASEReadCounter.table","NW_015090842.1:10095593",6,12,6
"LOC106888185","s1324_S_HYP_02_ASEReadCounter.table","NW_015090842.1:10095616",4,11,7
"LOC106888185","s1324_S_HYP_02_ASEReadCounter.table","NW_015090842.1:10095662",3,4,1
"LOC106888185","s1324_S_HYP_02_ASEReadCounter.table","NW_015090842.1:10095674",2,4,2
"LOC106888185","s1324_S_HYP_02_ASEReadCounter.table","NW_015090842.1:10095786",3,10,7
"LOC106888185","s1324_S_HYP_02_ASEReadCounter.table","NW_015090842.1:10095831",4,12,8
"LOC106888185","s1324_S_HYP_02_ASEReadCounter.table","NW_015090842.1:10096230",6,10,4
"LOC106888185","s1324_S_HYP_02_ASEReadCounter.table","NW_015090842.1:10096249",7,13,6
"LOC106888185","s1324_S_HYP_02_ASEReadCounter.table","NW_015090842.1:10096272",12,20,8
"LOC106888185","s1324_S_HYP_02_ASEReadCounter.table","NW_015090842.1:10096288",11,21,10
"LOC106888185","s1324_S_HYP_02_ASEReadCounter.table","NW_015090842.1:10097248",7,12,5
"LOC106888185","s1324_S_HYP_02_ASEReadCounter.table","NW_015090842.1:10097265",8,17,9
"LOC106888185","s1324_S_HYP_02_ASEReadCounter.table","NW_015090842.1:10097446",0,1,1
"DPEP1","s1324_S_HYP_02_ASEReadCounter.table","NW_015090842.1:10098017",0,2,2
"DPEP1","s1324_S_HYP_02_ASEReadCounter.table","NW_015090842.1:10098595",0,1,1
"DPEP1","s1324_S_HYP_02_ASEReadCounter.table","NW_015090842.1:10098597",0,1,1
"DPEP1","s1324_S_HYP_02_ASEReadCounter.table","NW_015090842.1:10098601",0,1,1
"DPEP1","s1324_S_HYP_02_ASEReadCounter.table","NW_015090842.1:10098608",0,1,1
"DPEP1","s1324_S_HYP_02_ASEReadCounter.table","NW_015090842.1:10098630",0,1,1
"DPEP1","s1324_S_HYP_02_ASEReadCounter.table","NW_015090842.1:10098659",0,1,1
"DPEP1","s1324_S_HYP_02_ASEReadCounter.table","NW_015090842.1:10099985",0,1,1
"DPEP1","s1324_S_HYP_02_ASEReadCounter.table","NW_015090842.1:10100295",0,1,1
"DPEP1","s1324_S_HYP_02_ASEReadCounter.table","NW_015090842.1:10100529",0,1,1
"DPEP1","s1324_S_HYP_02_ASEReadCounter.table","NW_015090842.1:10100902",0,1,1
"DPEP1","s1324_S_HYP_02_ASEReadCounter.table","NW_015090842.1:10101072",0,1,1
"DPEP1","s1324_S_HYP_02_ASEReadCounter.table","NW_015090842.1:10101497",0,1,1
"DPEP1","s1324_S_HYP_02_ASEReadCounter.table","NW_015090842.1:10101525",0,1,1
"DPEP1","s1324_S_HYP_02_ASEReadCounter.table","NW_015090842.1:10101875",0,1,1
"DPEP1","s1324_S_HYP_02_ASEReadCounter.table","NW_015090842.1:10101913",0,1,1
"DPEP1","s1324_S_HYP_02_ASEReadCounter.table","NW_015090842.1:10101996",0,2,2
"DPEP1","s1324_S_HYP_02_ASEReadCounter.table","NW_015090842.1:10102014",0,2,2
"DPEP1","s1324_S_HYP_02_ASEReadCounter.table","NW_015090842.1:10102035",0,2,2
"CHMP1A","s1324_S_HYP_02_ASEReadCounter.table","NW_015090842.1:10102901",79,191,112
"CHMP1A","s1324_S_HYP_02_ASEReadCounter.table","NW_015090842.1:10102961",56,183,127
"CHMP1A","s1324_S_HYP_02_ASEReadCounter.table","NW_015090842.1:10102996",49,172,123
"CHMP1A","s1324_S_HYP_02_ASEReadCounter.table","NW_015090842.1:10103004",53,175,122
"CHMP1A","s1324_S_HYP_02_ASEReadCounter.table","NW_015090842.1:10103006",52,177,125
"CHMP1A","s1324_S_HYP_02_ASEReadCounter.table","NW_015090842.1:10103052",93,230,137
"CHMP1A","s1324_S_HYP_02_ASEReadCounter.table","NW_015090842.1:10103095",97,244,147
"CHMP1A","s1324_S_HYP_02_ASEReadCounter.table","NW_015090842.1:10103096",96,243,147
"CHMP1A","s1324_S_HYP_02_ASEReadCounter.table","NW_015090842.1:10103152",80,172,92
"CHMP1A","s1324_S_HYP_02_ASEReadCounter.table","NW_015090842.1:10103334",55,149,94
"CHMP1A","s1324_S_HYP_02_ASEReadCounter.table","NW_015090842.1:10103373",35,135,100
"CHMP1A","s1324_S_HYP_02_ASEReadCounter.table","NW_015090842.1:10103408",48,145,97
"CHMP1A","s1324_S_HYP_02_ASEReadCounter.table","NW_015090842.1:10103412",56,151,95
"CHMP1A","s1324_S_HYP_02_ASEReadCounter.table","NW_015090842.1:10103512",97,206,109
"CHMP1A","s1324_S_HYP_02_ASEReadCounter.table","NW_015090842.1:10103513",97,209,112
"CHMP1A","s1324_S_HYP_02_ASEReadCounter.table","NW_015090842.1:10103583",59,139,80
"CHMP1A","s1324_S_HYP_02_ASEReadCounter.table","NW_015090842.1:10103614",56,134,78
"CHMP1A","s1324_S_HYP_02_ASEReadCounter.table","NW_015090842.1:10103657",57,142,85
"CHMP1A","s1324_S_HYP_02_ASEReadCounter.table","NW_015090842.1:10103669",48,131,83
"CHMP1A","s1324_S_HYP_02_ASEReadCounter.table","NW_015090842.1:10103674",49,126,77
"CHMP1A","s1324_S_HYP_02_ASEReadCounter.table","NW_015090842.1:10103677",49,127,78
"CHMP1A","s1324_S_HYP_02_ASEReadCounter.table","NW_015090842.1:10103729",58,145,87
"CHMP1A","s1324_S_HYP_02_ASEReadCounter.table","NW_015090842.1:10103758",55,137,82
"CHMP1A","s1324_S_HYP_02_ASEReadCounter.table","NW_015090842.1:10103761",55,139,84
"CHMP1A","s1324_S_HYP_02_ASEReadCounter.table","NW_015090842.1:10103788",53,152,99
"CHMP1A","s1324_S_HYP_02_ASEReadCounter.table","NW_015090842.1:10103789",53,150,97
"CHMP1A","s1324_S_HYP_02_ASEReadCounter.table","NW_015090842.1:10103790",52,153,101
"CHMP1A","s1324_S_HYP_02_ASEReadCounter.table","NW_015090842.1:10103950",63,153,90
"CHMP1A","s1324_S_HYP_02_ASEReadCounter.table","NW_015090842.1:10104335",57,127,70
"CHMP1A","s1324_S_HYP_02_ASEReadCounter.table","NW_015090842.1:10104429",83,165,82
"CHMP1A","s1324_S_HYP_02_ASEReadCounter.table","NW_015090842.1:10104532",88,166,78
"CHMP1A","s1324_S_HYP_02_ASEReadCounter.table","NW_015090842.1:10104633",48,106,58
"CHMP1A","s1324_S_HYP_02_ASEReadCounter.table","NW_015090842.1:10104759",41,110,69
"CHMP1A","s1324_S_HYP_02_ASEReadCounter.table","NW_015090842.1:10104794",53,129,76
"CHMP1A","s1324_S_HYP_02_ASEReadCounter.table","NW_015090842.1:10104844",33,88,55
"CHMP1A","s1324_S_HYP_02_ASEReadCounter.table","NW_015090842.1:10106290",48,105,57
"CHMP1A","s1324_S_HYP_02_ASEReadCounter.table","NW_015090842.1:10106335",56,116,60
"CHMP1A","s1324_S_HYP_02_ASEReadCounter.table","NW_015090842.1:10106383",75,152,77
"CHMP1A","s1324_S_HYP_02_ASEReadCounter.table","NW_015090842.1:10106747",79,147,68
"CHMP1A","s1324_S_HYP_02_ASEReadCounter.table","NW_015090842.1:10107404",56,117,61
"CHMP1A","s1324_S_HYP_02_ASEReadCounter.table","NW_015090842.1:10107410",57,119,62
"CHMP1A","s1324_S_HYP_02_ASEReadCounter.table","NW_015090842.1:10107876",60,116,56
"CDK10","s1324_S_HYP_02_ASEReadCounter.table","NW_015090842.1:10109030",13,16,3
"CDK10","s1324_S_HYP_02_ASEReadCounter.table","NW_015090842.1:10109963",39,118,79
"CDK10","s1324_S_HYP_02_ASEReadCounter.table","NW_015090842.1:10110887",47,100,53
"CDK10","s1324_S_HYP_02_ASEReadCounter.table","NW_015090842.1:10111254",34,87,53
"CDK10","s1324_S_HYP_02_ASEReadCounter.table","NW_015090842.1:10111380",33,117,84
"CDK10","s1324_S_HYP_02_ASEReadCounter.table","NW_015090842.1:10111395",38,123,85
"CDK10","s1324_S_HYP_02_ASEReadCounter.table","NW_015090842.1:10111437",23,107,84
"CDK10","s1324_S_HYP_02_ASEReadCounter.table","NW_015090842.1:10111798",37,126,89
"CDK10","s1324_S_HYP_02_ASEReadCounter.table","NW_015090842.1:10111840",45,141,96
"CDK10","s1324_S_HYP_02_ASEReadCounter.table","NW_015090842.1:10112031",52,149,97
"CDK10","s1324_S_HYP_02_ASEReadCounter.table","NW_015090842.1:10112285",36,127,91
"CDK10","s1324_S_HYP_02_ASEReadCounter.table","NW_015090842.1:10112398",43,140,97
"CDK10","s1324_S_HYP_02_ASEReadCounter.table","NW_015090842.1:10112455",39,136,97
"CDK10","s1324_S_HYP_02_ASEReadCounter.table","NW_015090842.1:10112461",37,127,90
"CDK10","s1324_S_HYP_02_ASEReadCounter.table","NW_015090842.1:10112497",31,127,96
"CDK10","s1324_S_HYP_02_ASEReadCounter.table","NW_015090842.1:10112508",31,131,100
"CDK10","s1324_S_HYP_02_ASEReadCounter.table","NW_015090842.1:10112518",20,113,93
"CDK10","s1324_S_HYP_02_ASEReadCounter.table","NW_015090842.1:10112540",10,105,95
"CDK10","s1324_S_HYP_02_ASEReadCounter.table","NW_015090842.1:10112556",25,119,94
"CDK10","s1324_S_HYP_02_ASEReadCounter.table","NW_015090842.1:10112561",28,151,123
"CDK10","s1324_S_HYP_02_ASEReadCounter.table","NW_015090842.1:10112596",37,147,110
"CDK10","s1324_S_HYP_02_ASEReadCounter.table","NW_015090842.1:10112630",30,129,99
"CDK10","s1324_S_HYP_02_ASEReadCounter.table","NW_015090842.1:10112656",39,135,96
"CDK10","s1324_S_HYP_02_ASEReadCounter.table","NW_015090842.1:10112665",34,100,66
"CDK10","s1324_S_HYP_02_ASEReadCounter.table","NW_015090842.1:10112668",33,99,66
"CDK10","s1324_S_HYP_02_ASEReadCounter.table","NW_015090842.1:10112781",17,48,31
"CDK10","s1324_S_HYP_02_ASEReadCounter.table","NW_015090842.1:10112782",17,46,29
"CDK10","s1324_S_HYP_02_ASEReadCounter.table","NW_015090842.1:10112795",16,41,25
"CDK10","s1324_S_HYP_02_ASEReadCounter.table","NW_015090842.1:10112841",9,17,8
"CDK10","s1324_S_HYP_02_ASEReadCounter.table","NW_015090842.1:10112861",7,14,7
"SPATA2L","s1324_S_HYP_02_ASEReadCounter.table","NW_015090842.1:10113212",17,54,37
"SPATA2L","s1324_S_HYP_02_ASEReadCounter.table","NW_015090842.1:10113280",31,86,55
"SPATA2L","s1324_S_HYP_02_ASEReadCounter.table","NW_015090842.1:10113296",33,88,55
"SPATA2L","s1324_S_HYP_02_ASEReadCounter.table","NW_015090842.1:10113321",41,107,66
"SPATA2L","s1324_S_HYP_02_ASEReadCounter.table","NW_015090842.1:10113332",46,120,74
"SPATA2L","s1324_S_HYP_02_ASEReadCounter.table","NW_015090842.1:10113380",44,123,79
"SPATA2L","s1324_S_HYP_02_ASEReadCounter.table","NW_015090842.1:10113381",44,126,82
"SPATA2L","s1324_S_HYP_02_ASEReadCounter.table","NW_015090842.1:10113412",50,129,79
"SPATA2L","s1324_S_HYP_02_ASEReadCounter.table","NW_015090842.1:10113421",50,126,76
"SPATA2L","s1324_S_HYP_02_ASEReadCounter.table","NW_015090842.1:10113465",48,119,71
"SPATA2L","s1324_S_HYP_02_ASEReadCounter.table","NW_015090842.1:10113535",60,128,68
"SPATA2L","s1324_S_HYP_02_ASEReadCounter.table","NW_015090842.1:10113645",68,152,84
"SPATA2L","s1324_S_HYP_02_ASEReadCounter.table","NW_015090842.1:10113682",75,178,103
"SPATA2L","s1324_S_HYP_02_ASEReadCounter.table","NW_015090842.1:10113696",70,165,95
"SPATA2L","s1324_S_HYP_02_ASEReadCounter.table","NW_015090842.1:10113727",69,171,102
"SPATA2L","s1324_S_HYP_02_ASEReadCounter.table","NW_015090842.1:10113729",69,170,101
"SPATA2L","s1324_S_HYP_02_ASEReadCounter.table","NW_015090842.1:10113799",81,198,117
"SPATA2L","s1324_S_HYP_02_ASEReadCounter.table","NW_015090842.1:10113809",84,207,123
"SPATA2L","s1324_S_HYP_02_ASEReadCounter.table","NW_015090842.1:10113827",81,194,113
"SPATA2L","s1324_S_HYP_02_ASEReadCounter.table","NW_015090842.1:10113831",79,195,116
"SPATA2L","s1324_S_HYP_02_ASEReadCounter.table","NW_015090842.1:10113894",67,167,100
"SPATA2L","s1324_S_HYP_02_ASEReadCounter.table","NW_015090842.1:10113905",56,152,96
"SPATA2L","s1324_S_HYP_02_ASEReadCounter.table","NW_015090842.1:10113914",60,153,93
"SPATA2L","s1324_S_HYP_02_ASEReadCounter.table","NW_015090842.1:10113920",61,158,97
"SPATA2L","s1324_S_HYP_02_ASEReadCounter.table","NW_015090842.1:10113937",73,178,105
"SPATA2L","s1324_S_HYP_02_ASEReadCounter.table","NW_015090842.1:10113971",47,150,103
"SPATA2L","s1324_S_HYP_02_ASEReadCounter.table","NW_015090842.1:10113976",48,153,105
"SPATA2L","s1324_S_HYP_02_ASEReadCounter.table","NW_015090842.1:10113985",53,138,85
"SPATA2L","s1324_S_HYP_02_ASEReadCounter.table","NW_015090842.1:10113994",60,157,97
"SPATA2L","s1324_S_HYP_02_ASEReadCounter.table","NW_015090842.1:10114063",58,140,82
"SPATA2L","s1324_S_HYP_02_ASEReadCounter.table","NW_015090842.1:10114066",58,141,83
"SPATA2L","s1324_S_HYP_02_ASEReadCounter.table","NW_015090842.1:10114069",58,141,83
"SPATA2L","s1324_S_HYP_02_ASEReadCounter.table","NW_015090842.1:10114159",38,103,65
"SPATA2L","s1324_S_HYP_02_ASEReadCounter.table","NW_015090842.1:10114262",136,136,0
"SPATA2L","s1324_S_HYP_02_ASEReadCounter.table","NW_015090842.1:10114470",46,98,52
"SPATA2L","s1324_S_HYP_02_ASEReadCounter.table","NW_015090842.1:10114524",31,69,38
"VPS9D1","s1324_S_HYP_02_ASEReadCounter.table","NW_015090842.1:10116377",31,94,63
"VPS9D1","s1324_S_HYP_02_ASEReadCounter.table","NW_015090842.1:10116415",32,99,67
"VPS9D1","s1324_S_HYP_02_ASEReadCounter.table","NW_015090842.1:10116607",28,93,65
"VPS9D1","s1324_S_HYP_02_ASEReadCounter.table","NW_015090842.1:10116821",28,73,45
"VPS9D1","s1324_S_HYP_02_ASEReadCounter.table","NW_015090842.1:10116825",28,76,48
"VPS9D1","s1324_S_HYP_02_ASEReadCounter.table","NW_015090842.1:10116882",23,65,42
"VPS9D1","s1324_S_HYP_02_ASEReadCounter.table","NW_015090842.1:10116933",26,63,37
"VPS9D1","s1324_S_HYP_02_ASEReadCounter.table","NW_015090842.1:10116942",29,67,38
"VPS9D1","s1324_S_HYP_02_ASEReadCounter.table","NW_015090842.1:10117152",26,72,46
"VPS9D1","s1324_S_HYP_02_ASEReadCounter.table","NW_015090842.1:10117480",16,49,33
"VPS9D1","s1324_S_HYP_02_ASEReadCounter.table","NW_015090842.1:10117497",20,53,33
"VPS9D1","s1324_S_HYP_02_ASEReadCounter.table","NW_015090842.1:10117499",17,50,33
"VPS9D1","s1324_S_HYP_02_ASEReadCounter.table","NW_015090842.1:10117516",23,62,39
"VPS9D1","s1324_S_HYP_02_ASEReadCounter.table","NW_015090842.1:10117525",22,59,37
"VPS9D1","s1324_S_HYP_02_ASEReadCounter.table","NW_015090842.1:10117579",23,67,44
"VPS9D1","s1324_S_HYP_02_ASEReadCounter.table","NW_015090842.1:10117627",27,77,50
"VPS9D1","s1324_S_HYP_02_ASEReadCounter.table","NW_015090842.1:10117678",26,78,52
"VPS9D1","s1324_S_HYP_02_ASEReadCounter.table","NW_015090842.1:10117773",30,83,53
"VPS9D1","s1324_S_HYP_02_ASEReadCounter.table","NW_015090842.1:10117937",38,91,53
"VPS9D1","s1324_S_HYP_02_ASEReadCounter.table","NW_015090842.1:10117961",33,83,50
"VPS9D1","s1324_S_HYP_02_ASEReadCounter.table","NW_015090842.1:10118236",31,74,43
"VPS9D1","s1324_S_HYP_02_ASEReadCounter.table","NW_015090842.1:10118414",34,74,40
"VPS9D1","s1324_S_HYP_02_ASEReadCounter.table","NW_015090842.1:10118973",29,86,57
"VPS9D1","s1324_S_HYP_02_ASEReadCounter.table","NW_015090842.1:10119500",14,52,38
"ZNF276","s1324_S_HYP_02_ASEReadCounter.table","NW_015090842.1:10121760",1,5,4
"ZNF276","s1324_S_HYP_02_ASEReadCounter.table","NW_015090842.1:10121769",1,5,4
"ZNF276","s1324_S_HYP_02_ASEReadCounter.table","NW_015090842.1:10121802",3,10,7
"ZNF276","s1324_S_HYP_02_ASEReadCounter.table","NW_015090842.1:10121971",7,19,12
"ZNF276","s1324_S_HYP_02_ASEReadCounter.table","NW_015090842.1:10122161",19,19,0
"ZNF276","s1324_S_HYP_02_ASEReadCounter.table","NW_015090842.1:10122164",19,19,0
"ZNF276","s1324_S_HYP_02_ASEReadCounter.table","NW_015090842.1:10122184",17,17,0
"ZNF276","s1324_S_HYP_02_ASEReadCounter.table","NW_015090842.1:10122883",9,10,1
"ZNF276","s1324_S_HYP_02_ASEReadCounter.table","NW_015090842.1:10122997",7,20,13
"ZNF276","s1324_S_HYP_02_ASEReadCounter.table","NW_015090842.1:10123069",14,23,9
"ZNF276","s1324_S_HYP_02_ASEReadCounter.table","NW_015090842.1:10123207",22,50,28
"ZNF276","s1324_S_HYP_02_ASEReadCounter.table","NW_015090842.1:10125787",20,56,36
"ZNF276","s1324_S_HYP_02_ASEReadCounter.table","NW_015090842.1:10126309",33,60,27
"ZNF276","s1324_S_HYP_02_ASEReadCounter.table","NW_015090842.1:10126348",32,60,28
"ZNF276","s1324_S_HYP_02_ASEReadCounter.table","NW_015090842.1:10126978",25,51,26
"ZNF276","s1324_S_HYP_02_ASEReadCounter.table","NW_015090842.1:10126991",23,52,29
"ZNF276","s1324_S_HYP_02_ASEReadCounter.table","NW_015090842.1:10127023",24,60,36
"ZNF276","s1324_S_HYP_02_ASEReadCounter.table","NW_015090842.1:10127063",24,56,32
"ZNF276","s1324_S_HYP_02_ASEReadCounter.table","NW_015090842.1:10127373",22,45,23
"ZNF276","s1324_S_HYP_02_ASEReadCounter.table","NW_015090842.1:10127931",33,67,34
"ZNF276","s1324_S_HYP_02_ASEReadCounter.table","NW_015090842.1:10128070",25,60,35
"ZNF276","s1324_S_HYP_02_ASEReadCounter.table","NW_015090842.1:10128102",25,60,35
"ZNF276","s1324_S_HYP_02_ASEReadCounter.table","NW_015090842.1:10128356",13,46,33
"ZNF276","s1324_S_HYP_02_ASEReadCounter.table","NW_015090842.1:10128497",15,32,17
"FANCA","s1324_S_HYP_02_ASEReadCounter.table","NW_015090842.1:10128743",0,1,1
"FANCA","s1324_S_HYP_02_ASEReadCounter.table","NW_015090842.1:10128822",1,3,2
"FANCA","s1324_S_HYP_02_ASEReadCounter.table","NW_015090842.1:10129383",1,2,1
"FANCA","s1324_S_HYP_02_ASEReadCounter.table","NW_015090842.1:10129390",1,2,1
"FANCA","s1324_S_HYP_02_ASEReadCounter.table","NW_015090842.1:10129422",2,3,1
"FANCA","s1324_S_HYP_02_ASEReadCounter.table","NW_015090842.1:10129969",1,3,2
"FANCA","s1324_S_HYP_02_ASEReadCounter.table","NW_015090842.1:10130399",2,4,2
"FANCA","s1324_S_HYP_02_ASEReadCounter.table","NW_015090842.1:10130857",0,2,2
"FANCA","s1324_S_HYP_02_ASEReadCounter.table","NW_015090842.1:10130878",1,3,2
"FANCA","s1324_S_HYP_02_ASEReadCounter.table","NW_015090842.1:10133530",0,2,2
"FANCA","s1324_S_HYP_02_ASEReadCounter.table","NW_015090842.1:10133533",0,2,2
"FANCA","s1324_S_HYP_02_ASEReadCounter.table","NW_015090842.1:10133536",0,2,2
"FANCA","s1324_S_HYP_02_ASEReadCounter.table","NW_015090842.1:10133601",0,3,3
"FANCA","s1324_S_HYP_02_ASEReadCounter.table","NW_015090842.1:10136957",0,2,2
"FANCA","s1324_S_HYP_02_ASEReadCounter.table","NW_015090842.1:10136982",0,2,2
"FANCA","s1324_S_HYP_02_ASEReadCounter.table","NW_015090842.1:10136999",1,4,3
"FANCA","s1324_S_HYP_02_ASEReadCounter.table","NW_015090842.1:10137019",0,2,2
"FANCA","s1324_S_HYP_02_ASEReadCounter.table","NW_015090842.1:10137673",1,2,1
"FANCA","s1324_S_HYP_02_ASEReadCounter.table","NW_015090842.1:10138618",0,2,2
"FANCA","s1324_S_HYP_02_ASEReadCounter.table","NW_015090842.1:10139140",0,1,1
"FANCA","s1324_S_HYP_02_ASEReadCounter.table","NW_015090842.1:10140699",0,2,2
"FANCA","s1324_S_HYP_02_ASEReadCounter.table","NW_015090842.1:10141234",0,1,1
"FANCA","s1324_S_HYP_02_ASEReadCounter.table","NW_015090842.1:10145030",0,1,1
"FANCA","s1324_S_HYP_02_ASEReadCounter.table","NW_015090842.1:10150518",1,1,0
"FANCA","s1324_S_HYP_02_ASEReadCounter.table","NW_015090842.1:10152863",0,1,1
"FANCA","s1324_S_HYP_02_ASEReadCounter.table","NW_015090842.1:10154490",0,1,1
"FANCA","s1324_S_HYP_02_ASEReadCounter.table","NW_015090842.1:10158162",0,1,1
"FANCA","s1324_S_HYP_02_ASEReadCounter.table","NW_015090842.1:10158957",0,1,1
"FANCA","s1324_S_HYP_02_ASEReadCounter.table","NW_015090842.1:10164257",1,2,1
"FANCA","s1324_S_HYP_02_ASEReadCounter.table","NW_015090842.1:10165331",1,2,1
"SPIRE2","s1324_S_HYP_02_ASEReadCounter.table","NW_015090842.1:10172284",17,33,16
"SPIRE2","s1324_S_HYP_02_ASEReadCounter.table","NW_015090842.1:10175262",29,53,24
"SPIRE2","s1324_S_HYP_02_ASEReadCounter.table","NW_015090842.1:10175352",25,39,14
"SPIRE2","s1324_S_HYP_02_ASEReadCounter.table","NW_015090842.1:10175400",65,130,65
"SPIRE2","s1324_S_HYP_02_ASEReadCounter.table","NW_015090842.1:10175418",74,142,68
"SPIRE2","s1324_S_HYP_02_ASEReadCounter.table","NW_015090842.1:10175704",84,169,85
"SPIRE2","s1324_S_HYP_02_ASEReadCounter.table","NW_015090842.1:10176115",80,201,121
"SPIRE2","s1324_S_HYP_02_ASEReadCounter.table","NW_015090842.1:10176561",86,182,96
"SPIRE2","s1324_S_HYP_02_ASEReadCounter.table","NW_015090842.1:10176817",102,213,111
"SPIRE2","s1324_S_HYP_02_ASEReadCounter.table","NW_015090842.1:10177084",57,143,86
"SPIRE2","s1324_S_HYP_02_ASEReadCounter.table","NW_015090842.1:10177838",105,218,113
"SPIRE2","s1324_S_HYP_02_ASEReadCounter.table","NW_015090842.1:10178000",112,221,109
"SPIRE2","s1324_S_HYP_02_ASEReadCounter.table","NW_015090842.1:10178164",111,224,113
"SPIRE2","s1324_S_HYP_02_ASEReadCounter.table","NW_015090842.1:10178216",100,217,117
"SPIRE2","s1324_S_HYP_02_ASEReadCounter.table","NW_015090842.1:10178303",81,189,108
"SPIRE2","s1324_S_HYP_02_ASEReadCounter.table","NW_015090842.1:10178403",101,203,102
"SPIRE2","s1324_S_HYP_02_ASEReadCounter.table","NW_015090842.1:10178409",100,203,103
"SPIRE2","s1324_S_HYP_02_ASEReadCounter.table","NW_015090842.1:10178524",84,183,99
"SPIRE2","s1324_S_HYP_02_ASEReadCounter.table","NW_015090842.1:10178526",85,182,97
"SPIRE2","s1324_S_HYP_02_ASEReadCounter.table","NW_015090842.1:10178531",86,182,96
"SPIRE2","s1324_S_HYP_02_ASEReadCounter.table","NW_015090842.1:10178565",73,175,102
"SPIRE2","s1324_S_HYP_02_ASEReadCounter.table","NW_015090842.1:10178587",66,165,99
"SPIRE2","s1324_S_HYP_02_ASEReadCounter.table","NW_015090842.1:10178640",54,126,72
"SPIRE2","s1324_S_HYP_02_ASEReadCounter.table","NW_015090842.1:10178651",61,138,77
"SPIRE2","s1324_S_HYP_02_ASEReadCounter.table","NW_015090842.1:10178682",59,124,65
"TCF25","s1324_S_HYP_02_ASEReadCounter.table","NW_015090842.1:10180912",40,74,34
"TCF25","s1324_S_HYP_02_ASEReadCounter.table","NW_015090842.1:10180924",41,75,34
"TCF25","s1324_S_HYP_02_ASEReadCounter.table","NW_015090842.1:10180931",41,77,36
"TCF25","s1324_S_HYP_02_ASEReadCounter.table","NW_015090842.1:10185332",94,195,101
"TCF25","s1324_S_HYP_02_ASEReadCounter.table","NW_015090842.1:10196561",97,184,87
"TCF25","s1324_S_HYP_02_ASEReadCounter.table","NW_015090842.1:10197399",239,239,0
"MC1R","s1324_S_HYP_02_ASEReadCounter.table","NW_015090842.1:10201853",3,5,2
"MC1R","s1324_S_HYP_02_ASEReadCounter.table","NW_015090842.1:10201986",4,4,0
"MC1R","s1324_S_HYP_02_ASEReadCounter.table","NW_015090842.1:10202160",0,1,1
"MC1R","s1324_S_HYP_02_ASEReadCounter.table","NW_015090842.1:10202447",1,2,1
"TUBB3","s1324_S_HYP_02_ASEReadCounter.table","NW_015090842.1:10205322",1,542,541
"GAS8","s1324_S_HYP_02_ASEReadCounter.table","NW_015090842.1:10228982",20,49,29
"GAS8","s1324_S_HYP_02_ASEReadCounter.table","NW_015090842.1:10229832",25,45,20
"GAS8","s1324_S_HYP_02_ASEReadCounter.table","NW_015090842.1:10232901",36,68,32
"GAS8","s1324_S_HYP_02_ASEReadCounter.table","NW_015090842.1:10232928",42,78,36
"GAS8","s1324_S_HYP_02_ASEReadCounter.table","NW_015090842.1:10232967",42,71,29
"GAS8","s1324_S_HYP_02_ASEReadCounter.table","NW_015090842.1:10233032",29,49,20
"GAS8","s1324_S_HYP_02_ASEReadCounter.table","NW_015090842.1:10233057",28,45,17
"GAS8","s1324_S_HYP_02_ASEReadCounter.table","NW_015090842.1:10233058",28,47,19
"GAS8","s1324_S_HYP_02_ASEReadCounter.table","NW_015090842.1:10233176",24,37,13
"GAS8","s1324_S_HYP_02_ASEReadCounter.table","NW_015090842.1:10233196",22,39,17
"GAS8","s1324_S_HYP_02_ASEReadCounter.table","NW_015090842.1:10233252",20,31,11
"GAS8","s1324_S_HYP_02_ASEReadCounter.table","NW_015090842.1:10233303",9,14,5
"LOC106888094","s1324_S_HYP_02_ASEReadCounter.table","NW_015090842.1:10233334",2,8,6
"LOC106888094","s1324_S_HYP_02_ASEReadCounter.table","NW_015090842.1:10233362",6,15,9
"LOC106888094","s1324_S_HYP_02_ASEReadCounter.table","NW_015090842.1:10233373",8,17,9
"LOC106888094","s1324_S_HYP_02_ASEReadCounter.table","NW_015090842.1:10233388",9,20,11
"LOC106888094","s1324_S_HYP_02_ASEReadCounter.table","NW_015090842.1:10233402",13,22,9
"LOC106888094","s1324_S_HYP_02_ASEReadCounter.table","NW_015090842.1:10233465",18,30,12
"LOC106888094","s1324_S_HYP_02_ASEReadCounter.table","NW_015090842.1:10233803",14,32,18
"LOC106888094","s1324_S_HYP_02_ASEReadCounter.table","NW_015090842.1:10233815",13,30,17
"LOC106888094","s1324_S_HYP_02_ASEReadCounter.table","NW_015090842.1:10235484",1,3,2
"LOC106888094","s1324_S_HYP_02_ASEReadCounter.table","NW_015090842.1:10235611",1,4,3
"LOC106888094","s1324_S_HYP_02_ASEReadCounter.table","NW_015090842.1:10235977",3,3,0
"LOC106888094","s1324_S_HYP_02_ASEReadCounter.table","NW_015090842.1:10236098",3,5,2
"LOC106888094","s1324_S_HYP_02_ASEReadCounter.table","NW_015090842.1:10236161",3,6,3
"LOC106888094","s1324_S_HYP_02_ASEReadCounter.table","NW_015090842.1:10236380",0,2,2
"LOC106888094","s1324_S_HYP_02_ASEReadCounter.table","NW_015090842.1:10236388",0,2,2
"LOC106888094","s1324_S_HYP_02_ASEReadCounter.table","NW_015090842.1:10236425",2,3,1
"LOC106888094","s1324_S_HYP_02_ASEReadCounter.table","NW_015090842.1:10236426",2,3,1
"LOC106888094","s1324_S_HYP_02_ASEReadCounter.table","NW_015090842.1:10236603",3,4,1
"LOC106888173","s1324_S_HYP_02_ASEReadCounter.table","NW_015090842.1:10239596",1,17,16
"LOC106888173","s1324_S_HYP_02_ASEReadCounter.table","NW_015090842.1:10240036",5,31,26
"LOC106888173","s1324_S_HYP_02_ASEReadCounter.table","NW_015090842.1:10240095",8,38,30
"LOC106888173","s1324_S_HYP_02_ASEReadCounter.table","NW_015090842.1:10240280",6,28,22
"LOC106888173","s1324_S_HYP_02_ASEReadCounter.table","NW_015090842.1:10240557",8,39,31
"LOC106888173","s1324_S_HYP_02_ASEReadCounter.table","NW_015090842.1:10240603",8,48,40
"LOC106888173","s1324_S_HYP_02_ASEReadCounter.table","NW_015090842.1:10240609",8,49,41
"LOC106888173","s1324_S_HYP_02_ASEReadCounter.table","NW_015090842.1:10240924",8,46,38
"LOC106888173","s1324_S_HYP_02_ASEReadCounter.table","NW_015090842.1:10241037",9,48,39
"LOC106888173","s1324_S_HYP_02_ASEReadCounter.table","NW_015090842.1:10241046",9,46,37
"LOC106888173","s1324_S_HYP_02_ASEReadCounter.table","NW_015090842.1:10241058",9,49,40
"LOC106888173","s1324_S_HYP_02_ASEReadCounter.table","NW_015090842.1:10241064",9,50,41
"LOC106888173","s1324_S_HYP_02_ASEReadCounter.table","NW_015090842.1:10241163",8,43,35
"LOC106888173","s1324_S_HYP_02_ASEReadCounter.table","NW_015090842.1:10241803",18,59,41
"LOC106888173","s1324_S_HYP_02_ASEReadCounter.table","NW_015090842.1:10241827",18,65,47
"LOC106888173","s1324_S_HYP_02_ASEReadCounter.table","NW_015090842.1:10241869",18,74,56
"LOC106888173","s1324_S_HYP_02_ASEReadCounter.table","NW_015090842.1:10242079",11,55,44
"LOC106888173","s1324_S_HYP_02_ASEReadCounter.table","NW_015090842.1:10242103",13,59,46
"LOC106888173","s1324_S_HYP_02_ASEReadCounter.table","NW_015090842.1:10242157",22,54,32
"LOC106888173","s1324_S_HYP_02_ASEReadCounter.table","NW_015090842.1:10242455",15,49,34
"LOC106888173","s1324_S_HYP_02_ASEReadCounter.table","NW_015090842.1:10242481",16,57,41
"LOC106888173","s1324_S_HYP_02_ASEReadCounter.table","NW_015090842.1:10242590",16,59,43
"LOC106888173","s1324_S_HYP_02_ASEReadCounter.table","NW_015090842.1:10242794",18,52,34
"LOC106888173","s1324_S_HYP_02_ASEReadCounter.table","NW_015090842.1:10242909",17,51,34
"LOC106888173","s1324_S_HYP_02_ASEReadCounter.table","NW_015090842.1:10243094",19,44,25
"LOC106888173","s1324_S_HYP_02_ASEReadCounter.table","NW_015090842.1:10243133",16,45,29
"LOC106888173","s1324_S_HYP_02_ASEReadCounter.table","NW_015090842.1:10243273",16,60,44
"LOC106888173","s1324_S_HYP_02_ASEReadCounter.table","NW_015090842.1:10243278",20,63,43
"LOC106888173","s1324_S_HYP_02_ASEReadCounter.table","NW_015090842.1:10243281",19,62,43
"LOC106888173","s1324_S_HYP_02_ASEReadCounter.table","NW_015090842.1:10243347",29,29,0
"LOC106888173","s1324_S_HYP_02_ASEReadCounter.table","NW_015090842.1:10243353",13,28,15
"LOC106888173","s1324_S_HYP_02_ASEReadCounter.table","NW_015090842.1:10243363",12,22,10
"LOC106888173","s1324_S_HYP_02_ASEReadCounter.table","NW_015090842.1:10243365",12,22,10
"LOC106888173","s1324_S_HYP_02_ASEReadCounter.table","NW_015090842.1:10243529",12,29,17
"LOC106888173","s1324_S_HYP_02_ASEReadCounter.table","NW_015090842.1:10243566",16,43,27
"LOC106888173","s1324_S_HYP_02_ASEReadCounter.table","NW_015090842.1:10243605",17,41,24
"LOC106888173","s1324_S_HYP_02_ASEReadCounter.table","NW_015090842.1:10243614",14,37,23
"LOC106888173","s1324_S_HYP_02_ASEReadCounter.table","NW_015090842.1:10243615",14,37,23
"LOC106888173","s1324_S_HYP_02_ASEReadCounter.table","NW_015090842.1:10243640",11,32,21
"LOC106888173","s1324_S_HYP_02_ASEReadCounter.table","NW_015090842.1:10243680",8,28,20
"LOC106888173","s1324_S_HYP_02_ASEReadCounter.table","NW_015090842.1:10243742",16,41,25
"LOC106888173","s1324_S_HYP_02_ASEReadCounter.table","NW_015090842.1:10243804",9,26,17
"LOC106888173","s1324_S_HYP_02_ASEReadCounter.table","NW_015090842.1:10243913",4,14,10
"LOC106888173","s1324_S_HYP_02_ASEReadCounter.table","NW_015090842.1:10243921",4,15,11
"LOC106888384","s1324_S_HYP_02_ASEReadCounter.table","NW_015090842.1:10244998",0,1,1
"LOC106888384","s1324_S_HYP_02_ASEReadCounter.table","NW_015090842.1:10250743",1,1,0
"LOC106888384","s1324_S_HYP_02_ASEReadCounter.table","NW_015090842.1:10250771",1,1,0
"LOC106888384","s1324_S_HYP_02_ASEReadCounter.table","NW_015090842.1:10251343",1,1,0
"LOC106888384","s1324_S_HYP_02_ASEReadCounter.table","NW_015090842.1:10251344",1,1,0
"LOC106888384","s1324_S_HYP_02_ASEReadCounter.table","NW_015090842.1:10251349",1,1,0
"LOC106888384","s1324_S_HYP_02_ASEReadCounter.table","NW_015090842.1:10251354",1,4,3
"LOC106888384","s1324_S_HYP_02_ASEReadCounter.table","NW_015090842.1:10251358",1,4,3
"LOC106888384","s1324_S_HYP_02_ASEReadCounter.table","NW_015090842.1:10251369",1,5,4
"LOC106888384","s1324_S_HYP_02_ASEReadCounter.table","NW_015090842.1:10251370",2,5,3
"LOC106888384","s1324_S_HYP_02_ASEReadCounter.table","NW_015090842.1:10251375",2,5,3
"LOC106888384","s1324_S_HYP_02_ASEReadCounter.table","NW_015090842.1:10251388",1,4,3
"LOC106888384","s1324_S_HYP_02_ASEReadCounter.table","NW_015090842.1:10251390",1,4,3
"LOC106888384","s1324_S_HYP_02_ASEReadCounter.table","NW_015090842.1:10251393",1,4,3
"LOC106888384","s1324_S_HYP_02_ASEReadCounter.table","NW_015090842.1:10251399",1,4,3
"LOC106888384","s1324_S_HYP_02_ASEReadCounter.table","NW_015090842.1:10251492",1,1,0
"LOC106888384","s1324_S_HYP_02_ASEReadCounter.table","NW_015090842.1:10253165",0,1,1
"LOC106888384","s1324_S_HYP_02_ASEReadCounter.table","NW_015090842.1:10253284",2,2,0
"LOC106888384","s1324_S_HYP_02_ASEReadCounter.table","NW_015090842.1:10254227",1,1,0
"LOC106888384","s1324_S_HYP_02_ASEReadCounter.table","NW_015090842.1:10254233",1,1,0
"LOC106888384","s1324_S_HYP_02_ASEReadCounter.table","NW_015090842.1:10254263",1,1,0
"LOC106888384","s1324_S_HYP_02_ASEReadCounter.table","NW_015090842.1:10254975",1,1,0
"LOC106888384","s1324_S_HYP_02_ASEReadCounter.table","NW_015090842.1:10255077",2,2,0
"LOC106888384","s1324_S_HYP_02_ASEReadCounter.table","NW_015090842.1:10255117",2,2,0
"LOC106888384","s1324_S_HYP_02_ASEReadCounter.table","NW_015090842.1:10255138",2,2,0
"LOC106888384","s1324_S_HYP_02_ASEReadCounter.table","NW_015090842.1:10255139",2,2,0
"LOC106888384","s1324_S_HYP_02_ASEReadCounter.table","NW_015090842.1:10255209",2,2,0
"LOC106888384","s1324_S_HYP_02_ASEReadCounter.table","NW_015090842.1:10255211",2,2,0
"LOC106888384","s1324_S_HYP_02_ASEReadCounter.table","NW_015090842.1:10255236",2,2,0
"LOC106888384","s1324_S_HYP_02_ASEReadCounter.table","NW_015090842.1:10255340",1,1,0
"LOC106888384","s1324_S_HYP_02_ASEReadCounter.table","NW_015090842.1:10255410",2,2,0
"LOC106888384","s1324_S_HYP_02_ASEReadCounter.table","NW_015090842.1:10255449",3,3,0
"LOC106888384","s1324_S_HYP_02_ASEReadCounter.table","NW_015090842.1:10255496",3,3,0
"LOC106888384","s1324_S_HYP_02_ASEReadCounter.table","NW_015090842.1:10255505",3,3,0
"LOC106888384","s1324_S_HYP_02_ASEReadCounter.table","NW_015090842.1:10255531",2,2,0
"LOC106888384","s1324_S_HYP_02_ASEReadCounter.table","NW_015090842.1:10255608",4,4,0
"LOC106888384","s1324_S_HYP_02_ASEReadCounter.table","NW_015090842.1:10255614",4,4,0
"LOC106888384","s1324_S_HYP_02_ASEReadCounter.table","NW_015090842.1:10255704",5,5,0
"LOC106888384","s1324_S_HYP_02_ASEReadCounter.table","NW_015090842.1:10255731",5,5,0
"LOC106888384","s1324_S_HYP_02_ASEReadCounter.table","NW_015090842.1:10255771",2,2,0
"TANGO6","s1324_S_HYP_02_ASEReadCounter.table","NW_015090842.1:10257782",8,15,7
"TANGO6","s1324_S_HYP_02_ASEReadCounter.table","NW_015090842.1:10258162",16,22,6
"TANGO6","s1324_S_HYP_02_ASEReadCounter.table","NW_015090842.1:10258185",10,17,7
"TANGO6","s1324_S_HYP_02_ASEReadCounter.table","NW_015090842.1:10259267",9,18,9
"TANGO6","s1324_S_HYP_02_ASEReadCounter.table","NW_015090842.1:10260250",25,49,24
"TANGO6","s1324_S_HYP_02_ASEReadCounter.table","NW_015090842.1:10260979",21,35,14
"TANGO6","s1324_S_HYP_02_ASEReadCounter.table","NW_015090842.1:10261599",24,44,20
"TANGO6","s1324_S_HYP_02_ASEReadCounter.table","NW_015090842.1:10268425",34,56,22
"TANGO6","s1324_S_HYP_02_ASEReadCounter.table","NW_015090842.1:10269831",30,59,29
"TANGO6","s1324_S_HYP_02_ASEReadCounter.table","NW_015090842.1:10270813",34,52,18
"TANGO6","s1324_S_HYP_02_ASEReadCounter.table","NW_015090842.1:10273952",27,40,13
"TANGO6","s1324_S_HYP_02_ASEReadCounter.table","NW_015090842.1:10273970",33,55,22
"TANGO6","s1324_S_HYP_02_ASEReadCounter.table","NW_015090842.1:10274018",29,53,24
"TANGO6","s1324_S_HYP_02_ASEReadCounter.table","NW_015090842.1:10275974",27,50,23
"TANGO6","s1324_S_HYP_02_ASEReadCounter.table","NW_015090842.1:10275976",27,50,23
"TANGO6","s1324_S_HYP_02_ASEReadCounter.table","NW_015090842.1:10276123",20,34,14
"TANGO6","s1324_S_HYP_02_ASEReadCounter.table","NW_015090842.1:10276271",32,47,15
"TANGO6","s1324_S_HYP_02_ASEReadCounter.table","NW_015090842.1:10276272",33,47,14
"TANGO6","s1324_S_HYP_02_ASEReadCounter.table","NW_015090842.1:10276275",37,53,16
"TANGO6","s1324_S_HYP_02_ASEReadCounter.table","NW_015090842.1:10276278",35,51,16
"TANGO6","s1324_S_HYP_02_ASEReadCounter.table","NW_015090842.1:10276368",20,36,16
"TANGO6","s1324_S_HYP_02_ASEReadCounter.table","NW_015090842.1:10276373",20,34,14
"TANGO6","s1324_S_HYP_02_ASEReadCounter.table","NW_015090842.1:10276630",38,49,11
"TANGO6","s1324_S_HYP_02_ASEReadCounter.table","NW_015090842.1:10281498",38,55,17
"TANGO6","s1324_S_HYP_02_ASEReadCounter.table","NW_015090842.1:10282842",49,69,20
"TANGO6","s1324_S_HYP_02_ASEReadCounter.table","NW_015090842.1:10282863",39,57,18
"TANGO6","s1324_S_HYP_02_ASEReadCounter.table","NW_015090842.1:10282869",39,56,17
"TANGO6","s1324_S_HYP_02_ASEReadCounter.table","NW_015090842.1:10282903",37,59,22
"TANGO6","s1324_S_HYP_02_ASEReadCounter.table","NW_015090842.1:10283757",32,51,19
"TANGO6","s1324_S_HYP_02_ASEReadCounter.table","NW_015090842.1:10283785",32,59,27
"HAS3","s1324_S_HYP_02_ASEReadCounter.table","NW_015090842.1:10288093",1,2,1
"HAS3","s1324_S_HYP_02_ASEReadCounter.table","NW_015090842.1:10288364",1,1,0
"HAS3","s1324_S_HYP_02_ASEReadCounter.table","NW_015090842.1:10288405",0,1,1
"HAS3","s1324_S_HYP_02_ASEReadCounter.table","NW_015090842.1:10289708",1,3,2
"HAS3","s1324_S_HYP_02_ASEReadCounter.table","NW_015090842.1:10290375",1,4,3
"HAS3","s1324_S_HYP_02_ASEReadCounter.table","NW_015090842.1:10290395",1,4,3
"HAS3","s1324_S_HYP_02_ASEReadCounter.table","NW_015090842.1:10290561",2,5,3
"HAS3","s1324_S_HYP_02_ASEReadCounter.table","NW_015090842.1:10290609",1,5,4
"HAS3","s1324_S_HYP_02_ASEReadCounter.table","NW_015090842.1:10290666",1,4,3
"HAS3","s1324_S_HYP_02_ASEReadCounter.table","NW_015090842.1:10290723",1,3,2
"HAS3","s1324_S_HYP_02_ASEReadCounter.table","NW_015090842.1:10290927",2,7,5
"HAS3","s1324_S_HYP_02_ASEReadCounter.table","NW_015090842.1:10291004",0,1,1
"CHTF8","s1324_S_HYP_02_ASEReadCounter.table","NW_015090842.1:10291319",2,3,1
"CHTF8","s1324_S_HYP_02_ASEReadCounter.table","NW_015090842.1:10291342",5,7,2
"CHTF8","s1324_S_HYP_02_ASEReadCounter.table","NW_015090842.1:10291491",6,11,5
"CHTF8","s1324_S_HYP_02_ASEReadCounter.table","NW_015090842.1:10291520",10,18,8
"CHTF8","s1324_S_HYP_02_ASEReadCounter.table","NW_015090842.1:10291593",10,14,4
"CHTF8","s1324_S_HYP_02_ASEReadCounter.table","NW_015090842.1:10291600",8,13,5
"CHTF8","s1324_S_HYP_02_ASEReadCounter.table","NW_015090842.1:10291609",8,11,3
"CHTF8","s1324_S_HYP_02_ASEReadCounter.table","NW_015090842.1:10291639",9,14,5
"CHTF8","s1324_S_HYP_02_ASEReadCounter.table","NW_015090842.1:10291641",9,14,5
"CHTF8","s1324_S_HYP_02_ASEReadCounter.table","NW_015090842.1:10291648",10,16,6
"CHTF8","s1324_S_HYP_02_ASEReadCounter.table","NW_015090842.1:10291656",9,14,5
"CHTF8","s1324_S_HYP_02_ASEReadCounter.table","NW_015090842.1:10291675",14,21,7
"CHTF8","s1324_S_HYP_02_ASEReadCounter.table","NW_015090842.1:10291696",13,19,6
"CHTF8","s1324_S_HYP_02_ASEReadCounter.table","NW_015090842.1:10291714",13,20,7
"CHTF8","s1324_S_HYP_02_ASEReadCounter.table","NW_015090842.1:10291732",11,18,7
"CHTF8","s1324_S_HYP_02_ASEReadCounter.table","NW_015090842.1:10291755",9,15,6
"CHTF8","s1324_S_HYP_02_ASEReadCounter.table","NW_015090842.1:10291756",10,15,5
"CHTF8","s1324_S_HYP_02_ASEReadCounter.table","NW_015090842.1:10291758",10,15,5
"CHTF8","s1324_S_HYP_02_ASEReadCounter.table","NW_015090842.1:10291792",9,15,6
"CHTF8","s1324_S_HYP_02_ASEReadCounter.table","NW_015090842.1:10291895",7,11,4
"CHTF8","s1324_S_HYP_02_ASEReadCounter.table","NW_015090842.1:10292132",7,11,4
"CHTF8","s1324_S_HYP_02_ASEReadCounter.table","NW_015090842.1:10292314",11,15,4
"CHTF8","s1324_S_HYP_02_ASEReadCounter.table","NW_015090842.1:10292317",11,15,4
"CHTF8","s1324_S_HYP_02_ASEReadCounter.table","NW_015090842.1:10292928",3,3,0
"UTP4","s1324_S_HYP_02_ASEReadCounter.table","NW_015090842.1:10293146",13,26,13
"UTP4","s1324_S_HYP_02_ASEReadCounter.table","NW_015090842.1:10293151",11,23,12
"UTP4","s1324_S_HYP_02_ASEReadCounter.table","NW_015090842.1:10293191",3,10,7
"UTP4","s1324_S_HYP_02_ASEReadCounter.table","NW_015090842.1:10293362",13,23,10
"UTP4","s1324_S_HYP_02_ASEReadCounter.table","NW_015090842.1:10293430",17,25,8
"UTP4","s1324_S_HYP_02_ASEReadCounter.table","NW_015090842.1:10293625",9,25,16
"UTP4","s1324_S_HYP_02_ASEReadCounter.table","NW_015090842.1:10293684",13,27,14
"UTP4","s1324_S_HYP_02_ASEReadCounter.table","NW_015090842.1:10294093",9,25,16
"UTP4","s1324_S_HYP_02_ASEReadCounter.table","NW_015090842.1:10294568",14,26,12
"UTP4","s1324_S_HYP_02_ASEReadCounter.table","NW_015090842.1:10294622",13,31,18
"UTP4","s1324_S_HYP_02_ASEReadCounter.table","NW_015090842.1:10294632",13,32,19
"UTP4","s1324_S_HYP_02_ASEReadCounter.table","NW_015090842.1:10295238",13,29,16
"UTP4","s1324_S_HYP_02_ASEReadCounter.table","NW_015090842.1:10295880",22,43,21
"UTP4","s1324_S_HYP_02_ASEReadCounter.table","NW_015090842.1:10295884",21,44,23
"UTP4","s1324_S_HYP_02_ASEReadCounter.table","NW_015090842.1:10295903",14,31,17
"UTP4","s1324_S_HYP_02_ASEReadCounter.table","NW_015090842.1:10295906",14,32,18
"UTP4","s1324_S_HYP_02_ASEReadCounter.table","NW_015090842.1:10295915",12,30,18
"UTP4","s1324_S_HYP_02_ASEReadCounter.table","NW_015090842.1:10295938",10,28,18
"UTP4","s1324_S_HYP_02_ASEReadCounter.table","NW_015090842.1:10296175",20,40,20
"UTP4","s1324_S_HYP_02_ASEReadCounter.table","NW_015090842.1:10296660",27,55,28
"UTP4","s1324_S_HYP_02_ASEReadCounter.table","NW_015090842.1:10296679",22,46,24
"UTP4","s1324_S_HYP_02_ASEReadCounter.table","NW_015090842.1:10297193",28,51,23
"UTP4","s1324_S_HYP_02_ASEReadCounter.table","NW_015090842.1:10297220",30,57,27
"UTP4","s1324_S_HYP_02_ASEReadCounter.table","NW_015090842.1:10297307",23,57,34
"UTP4","s1324_S_HYP_02_ASEReadCounter.table","NW_015090842.1:10297558",31,64,33
"UTP4","s1324_S_HYP_02_ASEReadCounter.table","NW_015090842.1:10297943",21,56,35
"UTP4","s1324_S_HYP_02_ASEReadCounter.table","NW_015090842.1:10297979",26,57,31
"UTP4","s1324_S_HYP_02_ASEReadCounter.table","NW_015090842.1:10298022",15,35,20
"UTP4","s1324_S_HYP_02_ASEReadCounter.table","NW_015090842.1:10298079",3,16,13
"UTP4","s1324_S_HYP_02_ASEReadCounter.table","NW_015090842.1:10298081",3,16,13
"UTP4","s1324_S_HYP_02_ASEReadCounter.table","NW_015090842.1:10298082",3,15,12
"SNTB2","s1324_S_HYP_02_ASEReadCounter.table","NW_015090842.1:10298905",1,1,0
"SNTB2","s1324_S_HYP_02_ASEReadCounter.table","NW_015090842.1:10298928",1,2,1
"SNTB2","s1324_S_HYP_02_ASEReadCounter.table","NW_015090842.1:10303506",2,5,3
"SNTB2","s1324_S_HYP_02_ASEReadCounter.table","NW_015090842.1:10303524",2,5,3
"SNTB2","s1324_S_HYP_02_ASEReadCounter.table","NW_015090842.1:10304059",5,8,3
"SNTB2","s1324_S_HYP_02_ASEReadCounter.table","NW_015090842.1:10304089",4,5,1
"SNTB2","s1324_S_HYP_02_ASEReadCounter.table","NW_015090842.1:10304167",3,3,0
"SNTB2","s1324_S_HYP_02_ASEReadCounter.table","NW_015090842.1:10304176",5,6,1
"SNTB2","s1324_S_HYP_02_ASEReadCounter.table","NW_015090842.1:10305069",2,5,3
"SNTB2","s1324_S_HYP_02_ASEReadCounter.table","NW_015090842.1:10305099",1,4,3
"SNTB2","s1324_S_HYP_02_ASEReadCounter.table","NW_015090842.1:10305451",1,3,2
"SNTB2","s1324_S_HYP_02_ASEReadCounter.table","NW_015090842.1:10305547",3,5,2
"SNTB2","s1324_S_HYP_02_ASEReadCounter.table","NW_015090842.1:10305847",2,5,3
"SNTB2","s1324_S_HYP_02_ASEReadCounter.table","NW_015090842.1:10305911",3,5,2
"SNTB2","s1324_S_HYP_02_ASEReadCounter.table","NW_015090842.1:10306173",4,8,4
"SNTB2","s1324_S_HYP_02_ASEReadCounter.table","NW_015090842.1:10306275",4,9,5
"SNTB2","s1324_S_HYP_02_ASEReadCounter.table","NW_015090842.1:10306457",1,6,5
"SNTB2","s1324_S_HYP_02_ASEReadCounter.table","NW_015090842.1:10306496",2,7,5
"SNTB2","s1324_S_HYP_02_ASEReadCounter.table","NW_015090842.1:10306499",2,6,4
"VPS4A","s1324_S_HYP_02_ASEReadCounter.table","NW_015090842.1:10308566",94,175,81
"VPS4A","s1324_S_HYP_02_ASEReadCounter.table","NW_015090842.1:10308573",102,190,88
"VPS4A","s1324_S_HYP_02_ASEReadCounter.table","NW_015090842.1:10308856",108,230,122
"VPS4A","s1324_S_HYP_02_ASEReadCounter.table","NW_015090842.1:10309056",151,331,180
"VPS4A","s1324_S_HYP_02_ASEReadCounter.table","NW_015090842.1:10309089",162,369,207
"VPS4A","s1324_S_HYP_02_ASEReadCounter.table","NW_015090842.1:10309392",171,363,192
"VPS4A","s1324_S_HYP_02_ASEReadCounter.table","NW_015090842.1:10309413",181,377,196
"VPS4A","s1324_S_HYP_02_ASEReadCounter.table","NW_015090842.1:10309467",201,422,221
"VPS4A","s1324_S_HYP_02_ASEReadCounter.table","NW_015090842.1:10310230",212,458,246
"VPS4A","s1324_S_HYP_02_ASEReadCounter.table","NW_015090842.1:10310425",197,422,225
"VPS4A","s1324_S_HYP_02_ASEReadCounter.table","NW_015090842.1:10310639",211,455,244
"VPS4A","s1324_S_HYP_02_ASEReadCounter.table","NW_015090842.1:10310640",447,447,0
"VPS4A","s1324_S_HYP_02_ASEReadCounter.table","NW_015090842.1:10310687",236,482,246
"VPS4A","s1324_S_HYP_02_ASEReadCounter.table","NW_015090842.1:10310734",206,384,178
"VPS4A","s1324_S_HYP_02_ASEReadCounter.table","NW_015090842.1:10310737",207,384,177
"VPS4A","s1324_S_HYP_02_ASEReadCounter.table","NW_015090842.1:10310746",205,387,182
"VPS4A","s1324_S_HYP_02_ASEReadCounter.table","NW_015090842.1:10310767",192,380,188
"VPS4A","s1324_S_HYP_02_ASEReadCounter.table","NW_015090842.1:10310995",202,421,219
"VPS4A","s1324_S_HYP_02_ASEReadCounter.table","NW_015090842.1:10311004",210,416,206
"VPS4A","s1324_S_HYP_02_ASEReadCounter.table","NW_015090842.1:10311007",212,427,215
"VPS4A","s1324_S_HYP_02_ASEReadCounter.table","NW_015090842.1:10311013",219,425,206
"VPS4A","s1324_S_HYP_02_ASEReadCounter.table","NW_015090842.1:10311022",198,402,204
"VPS4A","s1324_S_HYP_02_ASEReadCounter.table","NW_015090842.1:10311023",197,390,193
"VPS4A","s1324_S_HYP_02_ASEReadCounter.table","NW_015090842.1:10311426",221,464,243
"VPS4A","s1324_S_HYP_02_ASEReadCounter.table","NW_015090842.1:10311489",2,11,9
"VPS4A","s1324_S_HYP_02_ASEReadCounter.table","NW_015090842.1:10311490",2,9,7
"VPS4A","s1324_S_HYP_02_ASEReadCounter.table","NW_015090842.1:10311525",15,25,10
"VPS4A","s1324_S_HYP_02_ASEReadCounter.table","NW_015090842.1:10311529",15,29,14
"VPS4A","s1324_S_HYP_02_ASEReadCounter.table","NW_015090842.1:10311530",14,33,19
"VPS4A","s1324_S_HYP_02_ASEReadCounter.table","NW_015090842.1:10311552",43,67,24
"VPS4A","s1324_S_HYP_02_ASEReadCounter.table","NW_015090842.1:10311689",42,72,30
"VPS4A","s1324_S_HYP_02_ASEReadCounter.table","NW_015090842.1:10311700",49,77,28
"VPS4A","s1324_S_HYP_02_ASEReadCounter.table","NW_015090842.1:10311701",47,76,29
"VPS4A","s1324_S_HYP_02_ASEReadCounter.table","NW_015090842.1:10311703",49,77,28
"COG8","s1324_S_HYP_02_ASEReadCounter.table","NW_015090842.1:10313487",16,47,31
"COG8","s1324_S_HYP_02_ASEReadCounter.table","NW_015090842.1:10313559",30,70,40
"COG8","s1324_S_HYP_02_ASEReadCounter.table","NW_015090842.1:10313579",24,63,39
"COG8","s1324_S_HYP_02_ASEReadCounter.table","NW_015090842.1:10313665",24,58,34
"COG8","s1324_S_HYP_02_ASEReadCounter.table","NW_015090842.1:10313681",21,57,36
"COG8","s1324_S_HYP_02_ASEReadCounter.table","NW_015090842.1:10313768",33,65,32
"COG8","s1324_S_HYP_02_ASEReadCounter.table","NW_015090842.1:10313775",31,64,33
"COG8","s1324_S_HYP_02_ASEReadCounter.table","NW_015090842.1:10313811",25,51,26
"COG8","s1324_S_HYP_02_ASEReadCounter.table","NW_015090842.1:10313858",12,37,25
"COG8","s1324_S_HYP_02_ASEReadCounter.table","NW_015090842.1:10313859",37,38,1
"COG8","s1324_S_HYP_02_ASEReadCounter.table","NW_015090842.1:10314100",21,50,29
"COG8","s1324_S_HYP_02_ASEReadCounter.table","NW_015090842.1:10314213",33,61,28
"COG8","s1324_S_HYP_02_ASEReadCounter.table","NW_015090842.1:10315093",23,46,23
"COG8","s1324_S_HYP_02_ASEReadCounter.table","NW_015090842.1:10315162",14,36,22
"COG8","s1324_S_HYP_02_ASEReadCounter.table","NW_015090842.1:10315285",23,53,30
"COG8","s1324_S_HYP_02_ASEReadCounter.table","NW_015090842.1:10315360",10,37,27
"COG8","s1324_S_HYP_02_ASEReadCounter.table","NW_015090842.1:10315369",9,37,28
"COG8","s1324_S_HYP_02_ASEReadCounter.table","NW_015090842.1:10315508",12,28,16
"COG8","s1324_S_HYP_02_ASEReadCounter.table","NW_015090842.1:10315624",11,28,17
"COG8","s1324_S_HYP_02_ASEReadCounter.table","NW_015090842.1:10315693",13,31,18
"COG8","s1324_S_HYP_02_ASEReadCounter.table","NW_015090842.1:10315698",14,31,17
"COG8","s1324_S_HYP_02_ASEReadCounter.table","NW_015090842.1:10315768",8,24,16
"COG8","s1324_S_HYP_02_ASEReadCounter.table","NW_015090842.1:10315769",8,24,16
"COG8","s1324_S_HYP_02_ASEReadCounter.table","NW_015090842.1:10315784",8,21,13
"COG8","s1324_S_HYP_02_ASEReadCounter.table","NW_015090842.1:10316093",10,21,11
"COG8","s1324_S_HYP_02_ASEReadCounter.table","NW_015090842.1:10316133",13,21,8
"NIP7","s1324_S_HYP_02_ASEReadCounter.table","NW_015090842.1:10316759",19,40,21
"NIP7","s1324_S_HYP_02_ASEReadCounter.table","NW_015090842.1:10316967",113,220,107
"NIP7","s1324_S_HYP_02_ASEReadCounter.table","NW_015090842.1:10316995",130,253,123
"NIP7","s1324_S_HYP_02_ASEReadCounter.table","NW_015090842.1:10317240",165,320,155
"NIP7","s1324_S_HYP_02_ASEReadCounter.table","NW_015090842.1:10317247",159,306,147
"NIP7","s1324_S_HYP_02_ASEReadCounter.table","NW_015090842.1:10317264",162,296,134
"NIP7","s1324_S_HYP_02_ASEReadCounter.table","NW_015090842.1:10317433",184,376,192
"NIP7","s1324_S_HYP_02_ASEReadCounter.table","NW_015090842.1:10317738",160,333,173
"NIP7","s1324_S_HYP_02_ASEReadCounter.table","NW_015090842.1:10317769",169,339,170
"NIP7","s1324_S_HYP_02_ASEReadCounter.table","NW_015090842.1:10317808",119,232,113
"NIP7","s1324_S_HYP_02_ASEReadCounter.table","NW_015090842.1:10317870",68,159,91
"NIP7","s1324_S_HYP_02_ASEReadCounter.table","NW_015090842.1:10317871",68,156,88
"NIP7","s1324_S_HYP_02_ASEReadCounter.table","NW_015090842.1:10317898",45,104,59
"NIP7","s1324_S_HYP_02_ASEReadCounter.table","NW_015090842.1:10317911",45,98,53
"TMED6","s1324_S_HYP_02_ASEReadCounter.table","NW_015090842.1:10318514",0,1,1
"TMED6","s1324_S_HYP_02_ASEReadCounter.table","NW_015090842.1:10318731",1,2,1
"TERF2","s1324_S_HYP_02_ASEReadCounter.table","NW_015090842.1:10321768",25,48,23
"TERF2","s1324_S_HYP_02_ASEReadCounter.table","NW_015090842.1:10321777",18,42,24
"TERF2","s1324_S_HYP_02_ASEReadCounter.table","NW_015090842.1:10321805",16,53,37
"TERF2","s1324_S_HYP_02_ASEReadCounter.table","NW_015090842.1:10321878",39,98,59
"TERF2","s1324_S_HYP_02_ASEReadCounter.table","NW_015090842.1:10321893",36,92,56
"TERF2","s1324_S_HYP_02_ASEReadCounter.table","NW_015090842.1:10321897",38,89,51
"TERF2","s1324_S_HYP_02_ASEReadCounter.table","NW_015090842.1:10321908",32,78,46
"TERF2","s1324_S_HYP_02_ASEReadCounter.table","NW_015090842.1:10322001",43,91,48
"TERF2","s1324_S_HYP_02_ASEReadCounter.table","NW_015090842.1:10322035",32,77,45
"TERF2","s1324_S_HYP_02_ASEReadCounter.table","NW_015090842.1:10322051",31,85,54
"TERF2","s1324_S_HYP_02_ASEReadCounter.table","NW_015090842.1:10322137",39,74,35
"TERF2","s1324_S_HYP_02_ASEReadCounter.table","NW_015090842.1:10322144",37,71,34
"TERF2","s1324_S_HYP_02_ASEReadCounter.table","NW_015090842.1:10322388",26,84,58
"TERF2","s1324_S_HYP_02_ASEReadCounter.table","NW_015090842.1:10322396",26,81,55
"TERF2","s1324_S_HYP_02_ASEReadCounter.table","NW_015090842.1:10322502",33,71,38
"TERF2","s1324_S_HYP_02_ASEReadCounter.table","NW_015090842.1:10322504",34,72,38
"TERF2","s1324_S_HYP_02_ASEReadCounter.table","NW_015090842.1:10322510",35,72,37
"TERF2","s1324_S_HYP_02_ASEReadCounter.table","NW_015090842.1:10323580",41,88,47
"TERF2","s1324_S_HYP_02_ASEReadCounter.table","NW_015090842.1:10324314",42,85,43
"TERF2","s1324_S_HYP_02_ASEReadCounter.table","NW_015090842.1:10326832",31,64,33
"TERF2","s1324_S_HYP_02_ASEReadCounter.table","NW_015090842.1:10327787",21,39,18
"TERF2","s1324_S_HYP_02_ASEReadCounter.table","NW_015090842.1:10328588",18,42,24
"TERF2","s1324_S_HYP_02_ASEReadCounter.table","NW_015090842.1:10328644",11,36,25
"TERF2","s1324_S_HYP_02_ASEReadCounter.table","NW_015090842.1:10329813",13,38,25
"TERF2","s1324_S_HYP_02_ASEReadCounter.table","NW_015090842.1:10330749",12,34,22
"TERF2","s1324_S_HYP_02_ASEReadCounter.table","NW_015090842.1:10330789",15,44,29
"CYB5B","s1324_S_HYP_02_ASEReadCounter.table","NW_015090842.1:10336595",3,18,15
"CYB5B","s1324_S_HYP_02_ASEReadCounter.table","NW_015090842.1:10336667",46,117,71
"CYB5B","s1324_S_HYP_02_ASEReadCounter.table","NW_015090842.1:10336689",78,192,114
"CYB5B","s1324_S_HYP_02_ASEReadCounter.table","NW_015090842.1:10336728",119,268,149
"CYB5B","s1324_S_HYP_02_ASEReadCounter.table","NW_015090842.1:10345068",96,229,133
"CYB5B","s1324_S_HYP_02_ASEReadCounter.table","NW_015090842.1:10348800",175,333,158
"CYB5B","s1324_S_HYP_02_ASEReadCounter.table","NW_015090842.1:10349046",146,302,156
"CYB5B","s1324_S_HYP_02_ASEReadCounter.table","NW_015090842.1:10349119",82,213,131
"CYB5B","s1324_S_HYP_02_ASEReadCounter.table","NW_015090842.1:10349146",43,190,147
"CYB5B","s1324_S_HYP_02_ASEReadCounter.table","NW_015090842.1:10349157",71,217,146
"CYB5B","s1324_S_HYP_02_ASEReadCounter.table","NW_015090842.1:10349263",224,224,0
