"gene","id","snp","ref_count","total_count","alt_count"
"CENPN","s1324_S_POA_02_ASEReadCounter.table","NW_015090842.1:5801655",0,1,1
"CENPN","s1324_S_POA_02_ASEReadCounter.table","NW_015090842.1:5801670",0,2,2
"CENPN","s1324_S_POA_02_ASEReadCounter.table","NW_015090842.1:5801674",0,2,2
"CENPN","s1324_S_POA_02_ASEReadCounter.table","NW_015090842.1:5801692",1,3,2
"CENPN","s1324_S_POA_02_ASEReadCounter.table","NW_015090842.1:5802008",1,6,5
"CENPN","s1324_S_POA_02_ASEReadCounter.table","NW_015090842.1:5802012",1,6,5
"CENPN","s1324_S_POA_02_ASEReadCounter.table","NW_015090842.1:5802087",1,7,6
"CENPN","s1324_S_POA_02_ASEReadCounter.table","NW_015090842.1:5810113",9,9,0
"CENPN","s1324_S_POA_02_ASEReadCounter.table","NW_015090842.1:5810147",13,13,0
"CENPN","s1324_S_POA_02_ASEReadCounter.table","NW_015090842.1:5810148",13,13,0
"ATMIN","s1324_S_POA_02_ASEReadCounter.table","NW_015090842.1:5818789",4,9,5
"ATMIN","s1324_S_POA_02_ASEReadCounter.table","NW_015090842.1:5819958",3,5,2
"ATMIN","s1324_S_POA_02_ASEReadCounter.table","NW_015090842.1:5820004",4,5,1
"ATMIN","s1324_S_POA_02_ASEReadCounter.table","NW_015090842.1:5820217",2,3,1
"ATMIN","s1324_S_POA_02_ASEReadCounter.table","NW_015090842.1:5820250",2,3,1
"ATMIN","s1324_S_POA_02_ASEReadCounter.table","NW_015090842.1:5820298",1,3,2
"ATMIN","s1324_S_POA_02_ASEReadCounter.table","NW_015090842.1:5820417",1,2,1
"ATMIN","s1324_S_POA_02_ASEReadCounter.table","NW_015090842.1:5820421",2,3,1
"ATMIN","s1324_S_POA_02_ASEReadCounter.table","NW_015090842.1:5820448",2,4,2
"ATMIN","s1324_S_POA_02_ASEReadCounter.table","NW_015090842.1:5820457",2,4,2
"ATMIN","s1324_S_POA_02_ASEReadCounter.table","NW_015090842.1:5820510",4,5,1
"ATMIN","s1324_S_POA_02_ASEReadCounter.table","NW_015090842.1:5820673",3,7,4
"ATMIN","s1324_S_POA_02_ASEReadCounter.table","NW_015090842.1:5820754",4,8,4
"ATMIN","s1324_S_POA_02_ASEReadCounter.table","NW_015090842.1:5820820",2,7,5
"ATMIN","s1324_S_POA_02_ASEReadCounter.table","NW_015090842.1:5820865",4,9,5
"ATMIN","s1324_S_POA_02_ASEReadCounter.table","NW_015090842.1:5820889",5,13,8
"ATMIN","s1324_S_POA_02_ASEReadCounter.table","NW_015090842.1:5820891",5,13,8
"ATMIN","s1324_S_POA_02_ASEReadCounter.table","NW_015090842.1:5820997",3,9,6
"ATMIN","s1324_S_POA_02_ASEReadCounter.table","NW_015090842.1:5821063",4,14,10
"ATMIN","s1324_S_POA_02_ASEReadCounter.table","NW_015090842.1:5821132",4,12,8
"ATMIN","s1324_S_POA_02_ASEReadCounter.table","NW_015090842.1:5821645",11,21,10
"ATMIN","s1324_S_POA_02_ASEReadCounter.table","NW_015090842.1:5825066",18,28,10
"ATMIN","s1324_S_POA_02_ASEReadCounter.table","NW_015090842.1:5825106",17,33,16
"ATMIN","s1324_S_POA_02_ASEReadCounter.table","NW_015090842.1:5825122",13,27,14
"ATMIN","s1324_S_POA_02_ASEReadCounter.table","NW_015090842.1:5825178",11,29,18
"ATMIN","s1324_S_POA_02_ASEReadCounter.table","NW_015090842.1:5825194",10,30,20
"ATMIN","s1324_S_POA_02_ASEReadCounter.table","NW_015090842.1:5825195",10,30,20
"ATMIN","s1324_S_POA_02_ASEReadCounter.table","NW_015090842.1:5825220",12,29,17
"ATMIN","s1324_S_POA_02_ASEReadCounter.table","NW_015090842.1:5825240",14,26,12
"ATMIN","s1324_S_POA_02_ASEReadCounter.table","NW_015090842.1:5825303",14,36,22
"ATMIN","s1324_S_POA_02_ASEReadCounter.table","NW_015090842.1:5825304",14,36,22
"ATMIN","s1324_S_POA_02_ASEReadCounter.table","NW_015090842.1:5825310",15,37,22
"ATMIN","s1324_S_POA_02_ASEReadCounter.table","NW_015090842.1:5825406",13,39,26
"ATMIN","s1324_S_POA_02_ASEReadCounter.table","NW_015090842.1:5825415",12,38,26
"ATMIN","s1324_S_POA_02_ASEReadCounter.table","NW_015090842.1:5825438",11,37,26
"ATMIN","s1324_S_POA_02_ASEReadCounter.table","NW_015090842.1:5825485",15,35,20
"ATMIN","s1324_S_POA_02_ASEReadCounter.table","NW_015090842.1:5825524",21,32,11
"ATMIN","s1324_S_POA_02_ASEReadCounter.table","NW_015090842.1:5825557",20,40,20
"ATMIN","s1324_S_POA_02_ASEReadCounter.table","NW_015090842.1:5825571",19,40,21
"ATMIN","s1324_S_POA_02_ASEReadCounter.table","NW_015090842.1:5825579",20,42,22
"ATMIN","s1324_S_POA_02_ASEReadCounter.table","NW_015090842.1:5825590",19,41,22
"ATMIN","s1324_S_POA_02_ASEReadCounter.table","NW_015090842.1:5825689",21,43,22
"ATMIN","s1324_S_POA_02_ASEReadCounter.table","NW_015090842.1:5825703",22,47,25
"ATMIN","s1324_S_POA_02_ASEReadCounter.table","NW_015090842.1:5825787",16,38,22
"ATMIN","s1324_S_POA_02_ASEReadCounter.table","NW_015090842.1:5825833",11,31,20
"ATMIN","s1324_S_POA_02_ASEReadCounter.table","NW_015090842.1:5825841",12,31,19
"ATMIN","s1324_S_POA_02_ASEReadCounter.table","NW_015090842.1:5825895",13,30,17
"ATMIN","s1324_S_POA_02_ASEReadCounter.table","NW_015090842.1:5825984",18,43,25
"ATMIN","s1324_S_POA_02_ASEReadCounter.table","NW_015090842.1:5826162",28,60,32
"ATMIN","s1324_S_POA_02_ASEReadCounter.table","NW_015090842.1:5826194",28,64,36
"ATMIN","s1324_S_POA_02_ASEReadCounter.table","NW_015090842.1:5826235",31,67,36
"ATMIN","s1324_S_POA_02_ASEReadCounter.table","NW_015090842.1:5826245",29,63,34
"ATMIN","s1324_S_POA_02_ASEReadCounter.table","NW_015090842.1:5826335",16,34,18
"ATMIN","s1324_S_POA_02_ASEReadCounter.table","NW_015090842.1:5826417",34,62,28
"ATMIN","s1324_S_POA_02_ASEReadCounter.table","NW_015090842.1:5826431",29,72,43
"ATMIN","s1324_S_POA_02_ASEReadCounter.table","NW_015090842.1:5826438",33,67,34
"ATMIN","s1324_S_POA_02_ASEReadCounter.table","NW_015090842.1:5826463",40,78,38
"ATMIN","s1324_S_POA_02_ASEReadCounter.table","NW_015090842.1:5826502",32,77,45
"ATMIN","s1324_S_POA_02_ASEReadCounter.table","NW_015090842.1:5826511",36,82,46
"ATMIN","s1324_S_POA_02_ASEReadCounter.table","NW_015090842.1:5826659",26,66,40
"ATMIN","s1324_S_POA_02_ASEReadCounter.table","NW_015090842.1:5826701",30,70,40
"ATMIN","s1324_S_POA_02_ASEReadCounter.table","NW_015090842.1:5826702",29,69,40
"ATMIN","s1324_S_POA_02_ASEReadCounter.table","NW_015090842.1:5826732",30,74,44
"ATMIN","s1324_S_POA_02_ASEReadCounter.table","NW_015090842.1:5826745",29,74,45
"ATMIN","s1324_S_POA_02_ASEReadCounter.table","NW_015090842.1:5826835",40,85,45
"ATMIN","s1324_S_POA_02_ASEReadCounter.table","NW_015090842.1:5826910",34,66,32
"ATMIN","s1324_S_POA_02_ASEReadCounter.table","NW_015090842.1:5826942",28,73,45
"ATMIN","s1324_S_POA_02_ASEReadCounter.table","NW_015090842.1:5827193",64,121,57
"ATMIN","s1324_S_POA_02_ASEReadCounter.table","NW_015090842.1:5827196",63,121,58
"ATMIN","s1324_S_POA_02_ASEReadCounter.table","NW_015090842.1:5827269",55,104,49
"ATMIN","s1324_S_POA_02_ASEReadCounter.table","NW_015090842.1:5827315",41,83,42
"ATMIN","s1324_S_POA_02_ASEReadCounter.table","NW_015090842.1:5827316",41,83,42
"ATMIN","s1324_S_POA_02_ASEReadCounter.table","NW_015090842.1:5827333",45,87,42
"PPP1R3E","s1324_S_POA_02_ASEReadCounter.table","NW_015090842.1:5837733",5,5,0
"PPP1R3E","s1324_S_POA_02_ASEReadCounter.table","NW_015090842.1:5837947",2,8,6
"PKD1L2","s1324_S_POA_02_ASEReadCounter.table","NW_015090842.1:5867597",2,2,0
"PKD1L2","s1324_S_POA_02_ASEReadCounter.table","NW_015090842.1:5867600",2,2,0
"PKD1L2","s1324_S_POA_02_ASEReadCounter.table","NW_015090842.1:5867660",2,3,1
"PKD1L2","s1324_S_POA_02_ASEReadCounter.table","NW_015090842.1:5867675",2,3,1
"PKD1L2","s1324_S_POA_02_ASEReadCounter.table","NW_015090842.1:5867788",2,2,0
"PKD1L2","s1324_S_POA_02_ASEReadCounter.table","NW_015090842.1:5867843",1,2,1
"BCO1","s1324_S_POA_02_ASEReadCounter.table","NW_015090842.1:5915610",0,1,1
"BCO1","s1324_S_POA_02_ASEReadCounter.table","NW_015090842.1:5915646",0,1,1
"BCO1","s1324_S_POA_02_ASEReadCounter.table","NW_015090842.1:5917836",1,1,0
"BCO1","s1324_S_POA_02_ASEReadCounter.table","NW_015090842.1:5917912",6,8,2
"BCO1","s1324_S_POA_02_ASEReadCounter.table","NW_015090842.1:5917941",8,10,2
"BCO1","s1324_S_POA_02_ASEReadCounter.table","NW_015090842.1:5917971",6,7,1
"BCO1","s1324_S_POA_02_ASEReadCounter.table","NW_015090842.1:5921679",2,2,0
"BCO1","s1324_S_POA_02_ASEReadCounter.table","NW_015090842.1:5921726",7,7,0
"BCO1","s1324_S_POA_02_ASEReadCounter.table","NW_015090842.1:5925669",8,10,2
"BCO1","s1324_S_POA_02_ASEReadCounter.table","NW_015090842.1:5925753",5,9,4
"BCO1","s1324_S_POA_02_ASEReadCounter.table","NW_015090842.1:5926937",4,9,5
"BCO1","s1324_S_POA_02_ASEReadCounter.table","NW_015090842.1:5927921",5,9,4
"BCO1","s1324_S_POA_02_ASEReadCounter.table","NW_015090842.1:5927948",6,10,4
"BCO1","s1324_S_POA_02_ASEReadCounter.table","NW_015090842.1:5927968",9,10,1
"BCO1","s1324_S_POA_02_ASEReadCounter.table","NW_015090842.1:5928052",6,7,1
"BCO1","s1324_S_POA_02_ASEReadCounter.table","NW_015090842.1:5932726",20,25,5
"BCO1","s1324_S_POA_02_ASEReadCounter.table","NW_015090842.1:5932801",9,12,3
"BCO1","s1324_S_POA_02_ASEReadCounter.table","NW_015090842.1:5934558",12,16,4
"BCO1","s1324_S_POA_02_ASEReadCounter.table","NW_015090842.1:5934575",14,18,4
"BCO1","s1324_S_POA_02_ASEReadCounter.table","NW_015090842.1:5934608",17,21,4
"BCO1","s1324_S_POA_02_ASEReadCounter.table","NW_015090842.1:5934647",12,16,4
"BCO1","s1324_S_POA_02_ASEReadCounter.table","NW_015090842.1:5934725",9,11,2
"BCO1","s1324_S_POA_02_ASEReadCounter.table","NW_015090842.1:5934726",9,11,2
"BCO1","s1324_S_POA_02_ASEReadCounter.table","NW_015090842.1:5934733",9,11,2
"BCO1","s1324_S_POA_02_ASEReadCounter.table","NW_015090842.1:5934821",4,6,2
"BCO1","s1324_S_POA_02_ASEReadCounter.table","NW_015090842.1:5934826",3,6,3
"BCO1","s1324_S_POA_02_ASEReadCounter.table","NW_015090842.1:5934844",2,4,2
"BCO1","s1324_S_POA_02_ASEReadCounter.table","NW_015090842.1:5934958",8,10,2
"BCO1","s1324_S_POA_02_ASEReadCounter.table","NW_015090842.1:5934976",9,13,4
"GAN","s1324_S_POA_02_ASEReadCounter.table","NW_015090842.1:5953759",4,11,7
"GAN","s1324_S_POA_02_ASEReadCounter.table","NW_015090842.1:5957502",5,14,9
"GAN","s1324_S_POA_02_ASEReadCounter.table","NW_015090842.1:5957578",8,19,11
"GAN","s1324_S_POA_02_ASEReadCounter.table","NW_015090842.1:5965028",12,29,17
"GAN","s1324_S_POA_02_ASEReadCounter.table","NW_015090842.1:5966047",14,34,20
"GAN","s1324_S_POA_02_ASEReadCounter.table","NW_015090842.1:5966126",12,31,19
"GAN","s1324_S_POA_02_ASEReadCounter.table","NW_015090842.1:5966127",12,32,20
"GAN","s1324_S_POA_02_ASEReadCounter.table","NW_015090842.1:5966162",19,43,24
"GAN","s1324_S_POA_02_ASEReadCounter.table","NW_015090842.1:5966483",27,64,37
"CMIP","s1324_S_POA_02_ASEReadCounter.table","NW_015090842.1:6109159",15,29,14
"CMIP","s1324_S_POA_02_ASEReadCounter.table","NW_015090842.1:6109166",13,26,13
"CMIP","s1324_S_POA_02_ASEReadCounter.table","NW_015090842.1:6114641",20,48,28
"CMIP","s1324_S_POA_02_ASEReadCounter.table","NW_015090842.1:6114751",19,43,24
"CMIP","s1324_S_POA_02_ASEReadCounter.table","NW_015090842.1:6114824",22,45,23
"CMIP","s1324_S_POA_02_ASEReadCounter.table","NW_015090842.1:6128998",31,65,34
"CMIP","s1324_S_POA_02_ASEReadCounter.table","NW_015090842.1:6130562",56,120,64
"CMIP","s1324_S_POA_02_ASEReadCounter.table","NW_015090842.1:6132522",51,111,60
"CMIP","s1324_S_POA_02_ASEReadCounter.table","NW_015090842.1:6134088",47,103,56
"CMIP","s1324_S_POA_02_ASEReadCounter.table","NW_015090842.1:6138265",72,200,128
"CMIP","s1324_S_POA_02_ASEReadCounter.table","NW_015090842.1:6138300",85,223,138
"CMIP","s1324_S_POA_02_ASEReadCounter.table","NW_015090842.1:6138342",69,181,112
"CMIP","s1324_S_POA_02_ASEReadCounter.table","NW_015090842.1:6138343",66,181,115
"CMIP","s1324_S_POA_02_ASEReadCounter.table","NW_015090842.1:6138345",68,182,114
"CMIP","s1324_S_POA_02_ASEReadCounter.table","NW_015090842.1:6138647",54,125,71
"CMIP","s1324_S_POA_02_ASEReadCounter.table","NW_015090842.1:6138745",61,133,72
"CMIP","s1324_S_POA_02_ASEReadCounter.table","NW_015090842.1:6138832",22,69,47
"CMIP","s1324_S_POA_02_ASEReadCounter.table","NW_015090842.1:6138967",83,159,76
"CMIP","s1324_S_POA_02_ASEReadCounter.table","NW_015090842.1:6139131",42,89,47
"CMIP","s1324_S_POA_02_ASEReadCounter.table","NW_015090842.1:6139163",13,63,50
"CMIP","s1324_S_POA_02_ASEReadCounter.table","NW_015090842.1:6139360",31,52,21
"CMIP","s1324_S_POA_02_ASEReadCounter.table","NW_015090842.1:6139572",18,31,13
"CMIP","s1324_S_POA_02_ASEReadCounter.table","NW_015090842.1:6139773",82,82,0
"PLCG2","s1324_S_POA_02_ASEReadCounter.table","NW_015090842.1:6179613",0,3,3
"PLCG2","s1324_S_POA_02_ASEReadCounter.table","NW_015090842.1:6179658",2,3,1
"PLCG2","s1324_S_POA_02_ASEReadCounter.table","NW_015090842.1:6203766",2,5,3
"PLCG2","s1324_S_POA_02_ASEReadCounter.table","NW_015090842.1:6203775",2,6,4
"PLCG2","s1324_S_POA_02_ASEReadCounter.table","NW_015090842.1:6203787",2,6,4
"PLCG2","s1324_S_POA_02_ASEReadCounter.table","NW_015090842.1:6205047",0,2,2
"PLCG2","s1324_S_POA_02_ASEReadCounter.table","NW_015090842.1:6208541",0,4,4
"PLCG2","s1324_S_POA_02_ASEReadCounter.table","NW_015090842.1:6209741",0,2,2
"PLCG2","s1324_S_POA_02_ASEReadCounter.table","NW_015090842.1:6209798",0,1,1
"PLCG2","s1324_S_POA_02_ASEReadCounter.table","NW_015090842.1:6209816",0,1,1
"PLCG2","s1324_S_POA_02_ASEReadCounter.table","NW_015090842.1:6217547",0,1,1
"PLCG2","s1324_S_POA_02_ASEReadCounter.table","NW_015090842.1:6218641",0,5,5
"PLCG2","s1324_S_POA_02_ASEReadCounter.table","NW_015090842.1:6220552",0,4,4
"PLCG2","s1324_S_POA_02_ASEReadCounter.table","NW_015090842.1:6221969",2,6,4
"PLCG2","s1324_S_POA_02_ASEReadCounter.table","NW_015090842.1:6228672",0,10,10
"PLCG2","s1324_S_POA_02_ASEReadCounter.table","NW_015090842.1:6228694",1,12,11
"PLCG2","s1324_S_POA_02_ASEReadCounter.table","NW_015090842.1:6228722",1,13,12
"PLCG2","s1324_S_POA_02_ASEReadCounter.table","NW_015090842.1:6228747",1,14,13
"PLCG2","s1324_S_POA_02_ASEReadCounter.table","NW_015090842.1:6228835",2,14,12
"PLCG2","s1324_S_POA_02_ASEReadCounter.table","NW_015090842.1:6228841",4,16,12
"PLCG2","s1324_S_POA_02_ASEReadCounter.table","NW_015090842.1:6228865",3,15,12
"PLCG2","s1324_S_POA_02_ASEReadCounter.table","NW_015090842.1:6228917",3,18,15
"PLCG2","s1324_S_POA_02_ASEReadCounter.table","NW_015090842.1:6228926",3,18,15
"PLCG2","s1324_S_POA_02_ASEReadCounter.table","NW_015090842.1:6228954",2,15,13
"PLCG2","s1324_S_POA_02_ASEReadCounter.table","NW_015090842.1:6229002",4,14,10
"PLCG2","s1324_S_POA_02_ASEReadCounter.table","NW_015090842.1:6229006",4,14,10
"PLCG2","s1324_S_POA_02_ASEReadCounter.table","NW_015090842.1:6229081",4,8,4
"PLCG2","s1324_S_POA_02_ASEReadCounter.table","NW_015090842.1:6229097",2,4,2
"PLCG2","s1324_S_POA_02_ASEReadCounter.table","NW_015090842.1:6229160",2,4,2
"PLCG2","s1324_S_POA_02_ASEReadCounter.table","NW_015090842.1:6229213",1,1,0
"PLCG2","s1324_S_POA_02_ASEReadCounter.table","NW_015090842.1:6229231",0,2,2
"PLCG2","s1324_S_POA_02_ASEReadCounter.table","NW_015090842.1:6229663",1,1,0
"PLCG2","s1324_S_POA_02_ASEReadCounter.table","NW_015090842.1:6229748",1,3,2
"PLCG2","s1324_S_POA_02_ASEReadCounter.table","NW_015090842.1:6229892",2,2,0
"PLCG2","s1324_S_POA_02_ASEReadCounter.table","NW_015090842.1:6230248",3,3,0
"PLCG2","s1324_S_POA_02_ASEReadCounter.table","NW_015090842.1:6230255",3,3,0
"PLCG2","s1324_S_POA_02_ASEReadCounter.table","NW_015090842.1:6230296",5,5,0
"PLCG2","s1324_S_POA_02_ASEReadCounter.table","NW_015090842.1:6230349",2,2,0
"PLCG2","s1324_S_POA_02_ASEReadCounter.table","NW_015090842.1:6230381",2,2,0
"PLCG2","s1324_S_POA_02_ASEReadCounter.table","NW_015090842.1:6230408",1,1,0
"PLCG2","s1324_S_POA_02_ASEReadCounter.table","NW_015090842.1:6230439",2,2,0
"PLCG2","s1324_S_POA_02_ASEReadCounter.table","NW_015090842.1:6230757",1,1,0
"PLCG2","s1324_S_POA_02_ASEReadCounter.table","NW_015090842.1:6230758",1,1,0
"PLCG2","s1324_S_POA_02_ASEReadCounter.table","NW_015090842.1:6230898",7,9,2
"PLCG2","s1324_S_POA_02_ASEReadCounter.table","NW_015090842.1:6230976",8,10,2
"PLCG2","s1324_S_POA_02_ASEReadCounter.table","NW_015090842.1:6231078",2,5,3
"PLCG2","s1324_S_POA_02_ASEReadCounter.table","NW_015090842.1:6231138",4,6,2
"PLCG2","s1324_S_POA_02_ASEReadCounter.table","NW_015090842.1:6231177",4,6,2
"PLCG2","s1324_S_POA_02_ASEReadCounter.table","NW_015090842.1:6231263",3,6,3
"PLCG2","s1324_S_POA_02_ASEReadCounter.table","NW_015090842.1:6231309",1,3,2
"SDR42E1","s1324_S_POA_02_ASEReadCounter.table","NW_015090842.1:6235292",1,6,5
"SDR42E1","s1324_S_POA_02_ASEReadCounter.table","NW_015090842.1:6235315",3,10,7
"SDR42E1","s1324_S_POA_02_ASEReadCounter.table","NW_015090842.1:6235348",4,12,8
"SDR42E1","s1324_S_POA_02_ASEReadCounter.table","NW_015090842.1:6235355",4,11,7
"SDR42E1","s1324_S_POA_02_ASEReadCounter.table","NW_015090842.1:6235417",2,9,7
"SDR42E1","s1324_S_POA_02_ASEReadCounter.table","NW_015090842.1:6235526",16,16,0
"SDR42E1","s1324_S_POA_02_ASEReadCounter.table","NW_015090842.1:6235558",4,13,9
"SDR42E1","s1324_S_POA_02_ASEReadCounter.table","NW_015090842.1:6235603",21,21,0
"SDR42E1","s1324_S_POA_02_ASEReadCounter.table","NW_015090842.1:6235741",10,29,19
"SDR42E1","s1324_S_POA_02_ASEReadCounter.table","NW_015090842.1:6235777",9,19,10
"SDR42E1","s1324_S_POA_02_ASEReadCounter.table","NW_015090842.1:6235806",6,20,14
"SDR42E1","s1324_S_POA_02_ASEReadCounter.table","NW_015090842.1:6235809",6,20,14
"SDR42E1","s1324_S_POA_02_ASEReadCounter.table","NW_015090842.1:6235816",5,18,13
"SDR42E1","s1324_S_POA_02_ASEReadCounter.table","NW_015090842.1:6235914",3,13,10
"SDR42E1","s1324_S_POA_02_ASEReadCounter.table","NW_015090842.1:6235935",6,15,9
"SDR42E1","s1324_S_POA_02_ASEReadCounter.table","NW_015090842.1:6235957",5,19,14
"SDR42E1","s1324_S_POA_02_ASEReadCounter.table","NW_015090842.1:6236040",4,11,7
"SDR42E1","s1324_S_POA_02_ASEReadCounter.table","NW_015090842.1:6236260",4,12,8
"SDR42E1","s1324_S_POA_02_ASEReadCounter.table","NW_015090842.1:6236281",5,16,11
"SDR42E1","s1324_S_POA_02_ASEReadCounter.table","NW_015090842.1:6236305",3,13,10
"SDR42E1","s1324_S_POA_02_ASEReadCounter.table","NW_015090842.1:6236458",4,13,9
"SDR42E1","s1324_S_POA_02_ASEReadCounter.table","NW_015090842.1:6236476",4,12,8
"SDR42E1","s1324_S_POA_02_ASEReadCounter.table","NW_015090842.1:6236608",4,15,11
"SDR42E1","s1324_S_POA_02_ASEReadCounter.table","NW_015090842.1:6238244",0,2,2
"SDR42E1","s1324_S_POA_02_ASEReadCounter.table","NW_015090842.1:6238829",1,5,4
"HSD17B2","s1324_S_POA_02_ASEReadCounter.table","NW_015090842.1:6262951",0,1,1
"HSD17B2","s1324_S_POA_02_ASEReadCounter.table","NW_015090842.1:6262974",0,1,1
"HSD17B2","s1324_S_POA_02_ASEReadCounter.table","NW_015090842.1:6266125",0,1,1
"HSD17B2","s1324_S_POA_02_ASEReadCounter.table","NW_015090842.1:6266135",0,1,1
"HSD17B2","s1324_S_POA_02_ASEReadCounter.table","NW_015090842.1:6266795",0,2,2
"HSD17B2","s1324_S_POA_02_ASEReadCounter.table","NW_015090842.1:6266918",0,1,1
"HSD17B2","s1324_S_POA_02_ASEReadCounter.table","NW_015090842.1:6266944",0,1,1
"HSD17B2","s1324_S_POA_02_ASEReadCounter.table","NW_015090842.1:6267358",0,1,1
"HSD17B2","s1324_S_POA_02_ASEReadCounter.table","NW_015090842.1:6267674",0,1,1
"HSD17B2","s1324_S_POA_02_ASEReadCounter.table","NW_015090842.1:6268098",0,1,1
"ARY2","s1324_S_POA_02_ASEReadCounter.table","NW_015090842.1:6303922",21,34,13
"ARY2","s1324_S_POA_02_ASEReadCounter.table","NW_015090842.1:6303954",22,36,14
"ARY2","s1324_S_POA_02_ASEReadCounter.table","NW_015090842.1:6303979",22,41,19
"ARY2","s1324_S_POA_02_ASEReadCounter.table","NW_015090842.1:6305848",18,34,16
"ARY2","s1324_S_POA_02_ASEReadCounter.table","NW_015090842.1:6305856",17,35,18
"ARY2","s1324_S_POA_02_ASEReadCounter.table","NW_015090842.1:6305857",16,34,18
"ARY2","s1324_S_POA_02_ASEReadCounter.table","NW_015090842.1:6306017",21,31,10
"ARY2","s1324_S_POA_02_ASEReadCounter.table","NW_015090842.1:6306052",18,32,14
"ARY2","s1324_S_POA_02_ASEReadCounter.table","NW_015090842.1:6306094",26,44,18
"ARY2","s1324_S_POA_02_ASEReadCounter.table","NW_015090842.1:6306100",29,49,20
"ARY2","s1324_S_POA_02_ASEReadCounter.table","NW_015090842.1:6306146",29,45,16
"ARY2","s1324_S_POA_02_ASEReadCounter.table","NW_015090842.1:6306147",30,46,16
"ARY2","s1324_S_POA_02_ASEReadCounter.table","NW_015090842.1:6306390",27,43,16
"ARY2","s1324_S_POA_02_ASEReadCounter.table","NW_015090842.1:6306567",23,40,17
"ARY2","s1324_S_POA_02_ASEReadCounter.table","NW_015090842.1:6306705",26,34,8
"ARY2","s1324_S_POA_02_ASEReadCounter.table","NW_015090842.1:6306713",33,33,0
"ARY2","s1324_S_POA_02_ASEReadCounter.table","NW_015090842.1:6306773",37,53,16
"ARY2","s1324_S_POA_02_ASEReadCounter.table","NW_015090842.1:6307039",27,40,13
"ARY2","s1324_S_POA_02_ASEReadCounter.table","NW_015090842.1:6307043",27,41,14
"ARY2","s1324_S_POA_02_ASEReadCounter.table","NW_015090842.1:6307093",29,42,13
"ARY2","s1324_S_POA_02_ASEReadCounter.table","NW_015090842.1:6307138",37,51,14
"ARY2","s1324_S_POA_02_ASEReadCounter.table","NW_015090842.1:6307157",41,58,17
"ARY2","s1324_S_POA_02_ASEReadCounter.table","NW_015090842.1:6307187",46,59,13
"ARY2","s1324_S_POA_02_ASEReadCounter.table","NW_015090842.1:6307278",40,57,17
"ARY2","s1324_S_POA_02_ASEReadCounter.table","NW_015090842.1:6307305",42,55,13
"ARY2","s1324_S_POA_02_ASEReadCounter.table","NW_015090842.1:6307318",40,53,13
"ARY2","s1324_S_POA_02_ASEReadCounter.table","NW_015090842.1:6307429",49,63,14
"ARY2","s1324_S_POA_02_ASEReadCounter.table","NW_015090842.1:6307487",44,54,10
"ARY2","s1324_S_POA_02_ASEReadCounter.table","NW_015090842.1:6307670",29,36,7
"ARYL","s1324_S_POA_02_ASEReadCounter.table","NW_015090842.1:6313360",1,2,1
"ARYL","s1324_S_POA_02_ASEReadCounter.table","NW_015090842.1:6313377",1,2,1
"ARYL","s1324_S_POA_02_ASEReadCounter.table","NW_015090842.1:6313767",5,8,3
"ARY1","s1324_S_POA_02_ASEReadCounter.table","NW_015090842.1:6313909",3,3,0
"ARY1","s1324_S_POA_02_ASEReadCounter.table","NW_015090842.1:6314296",4,6,2
"ARY1","s1324_S_POA_02_ASEReadCounter.table","NW_015090842.1:6314541",0,2,2
"ARY1","s1324_S_POA_02_ASEReadCounter.table","NW_015090842.1:6314597",1,2,1
"ARY1","s1324_S_POA_02_ASEReadCounter.table","NW_015090842.1:6314750",2,5,3
"ARY1","s1324_S_POA_02_ASEReadCounter.table","NW_015090842.1:6314794",2,5,3
"ARY1","s1324_S_POA_02_ASEReadCounter.table","NW_015090842.1:6314827",6,9,3
"ARY1","s1324_S_POA_02_ASEReadCounter.table","NW_015090842.1:6314843",7,10,3
"ARY1","s1324_S_POA_02_ASEReadCounter.table","NW_015090842.1:6314859",10,13,3
"ARY1","s1324_S_POA_02_ASEReadCounter.table","NW_015090842.1:6314886",10,13,3
"ARY1","s1324_S_POA_02_ASEReadCounter.table","NW_015090842.1:6314943",7,7,0
"ARY1","s1324_S_POA_02_ASEReadCounter.table","NW_015090842.1:6314949",7,7,0
"ARY1","s1324_S_POA_02_ASEReadCounter.table","NW_015090842.1:6315022",4,8,4
"ARY1","s1324_S_POA_02_ASEReadCounter.table","NW_015090842.1:6315026",3,6,3
"ARY1","s1324_S_POA_02_ASEReadCounter.table","NW_015090842.1:6315043",2,7,5
"ARY1","s1324_S_POA_02_ASEReadCounter.table","NW_015090842.1:6315065",2,7,5
"ARY1","s1324_S_POA_02_ASEReadCounter.table","NW_015090842.1:6315409",2,5,3
"ARY1","s1324_S_POA_02_ASEReadCounter.table","NW_015090842.1:6315479",2,7,5
"ARY1","s1324_S_POA_02_ASEReadCounter.table","NW_015090842.1:6318342",9,14,5
"ARY1","s1324_S_POA_02_ASEReadCounter.table","NW_015090842.1:6318427",17,22,5
"ARY1","s1324_S_POA_02_ASEReadCounter.table","NW_015090842.1:6318603",9,14,5
"ARY1","s1324_S_POA_02_ASEReadCounter.table","NW_015090842.1:6318708",6,8,2
"ARY1","s1324_S_POA_02_ASEReadCounter.table","NW_015090842.1:6318858",11,17,6
"ARY1","s1324_S_POA_02_ASEReadCounter.table","NW_015090842.1:6318952",7,12,5
"MPHOSPH6","s1324_S_POA_02_ASEReadCounter.table","NW_015090842.1:6324063",42,95,53
"MPHOSPH6","s1324_S_POA_02_ASEReadCounter.table","NW_015090842.1:6324174",75,176,101
"MPHOSPH6","s1324_S_POA_02_ASEReadCounter.table","NW_015090842.1:6324270",80,199,119
"MPHOSPH6","s1324_S_POA_02_ASEReadCounter.table","NW_015090842.1:6324762",70,150,80
"MPHOSPH6","s1324_S_POA_02_ASEReadCounter.table","NW_015090842.1:6324772",71,147,76
"MPHOSPH6","s1324_S_POA_02_ASEReadCounter.table","NW_015090842.1:6324780",61,135,74
"MPHOSPH6","s1324_S_POA_02_ASEReadCounter.table","NW_015090842.1:6324902",70,156,86
"MPHOSPH6","s1324_S_POA_02_ASEReadCounter.table","NW_015090842.1:6324910",156,156,0
"MPHOSPH6","s1324_S_POA_02_ASEReadCounter.table","NW_015090842.1:6325066",68,164,96
"MPHOSPH6","s1324_S_POA_02_ASEReadCounter.table","NW_015090842.1:6325089",85,191,106
"MPHOSPH6","s1324_S_POA_02_ASEReadCounter.table","NW_015090842.1:6325298",107,231,124
"MPHOSPH6","s1324_S_POA_02_ASEReadCounter.table","NW_015090842.1:6325877",87,176,89
"MPHOSPH6","s1324_S_POA_02_ASEReadCounter.table","NW_015090842.1:6326976",65,141,76
"CDH13","s1324_S_POA_02_ASEReadCounter.table","NW_015090842.1:6662283",12,23,11
"CDH13","s1324_S_POA_02_ASEReadCounter.table","NW_015090842.1:6693665",16,24,8
"CDH13","s1324_S_POA_02_ASEReadCounter.table","NW_015090842.1:6693697",15,24,9
"CDH13","s1324_S_POA_02_ASEReadCounter.table","NW_015090842.1:6693712",13,21,8
"CDH13","s1324_S_POA_02_ASEReadCounter.table","NW_015090842.1:6693723",13,23,10
"CDH13","s1324_S_POA_02_ASEReadCounter.table","NW_015090842.1:6693738",11,21,10
"CDH13","s1324_S_POA_02_ASEReadCounter.table","NW_015090842.1:6823730",18,31,13
"CDH13","s1324_S_POA_02_ASEReadCounter.table","NW_015090842.1:6889713",20,39,19
"CDH13","s1324_S_POA_02_ASEReadCounter.table","NW_015090842.1:6955167",29,52,23
"MLYCD","s1324_S_POA_02_ASEReadCounter.table","NW_015090842.1:7150054",47,95,48
"MLYCD","s1324_S_POA_02_ASEReadCounter.table","NW_015090842.1:7150131",84,157,73
"MLYCD","s1324_S_POA_02_ASEReadCounter.table","NW_015090842.1:7150585",69,128,59
"MLYCD","s1324_S_POA_02_ASEReadCounter.table","NW_015090842.1:7150686",50,99,49
"MLYCD","s1324_S_POA_02_ASEReadCounter.table","NW_015090842.1:7150696",58,109,51
"MLYCD","s1324_S_POA_02_ASEReadCounter.table","NW_015090842.1:7150698",108,108,0
"MLYCD","s1324_S_POA_02_ASEReadCounter.table","NW_015090842.1:7150869",47,104,57
"MLYCD","s1324_S_POA_02_ASEReadCounter.table","NW_015090842.1:7151100",36,86,50
"MLYCD","s1324_S_POA_02_ASEReadCounter.table","NW_015090842.1:7151127",37,82,45
"MLYCD","s1324_S_POA_02_ASEReadCounter.table","NW_015090842.1:7157538",41,80,39
"MLYCD","s1324_S_POA_02_ASEReadCounter.table","NW_015090842.1:7167662",13,31,18
"MLYCD","s1324_S_POA_02_ASEReadCounter.table","NW_015090842.1:7167675",14,34,20
"MLYCD","s1324_S_POA_02_ASEReadCounter.table","NW_015090842.1:7167710",13,33,20
"MLYCD","s1324_S_POA_02_ASEReadCounter.table","NW_015090842.1:7167781",12,27,15
"MLYCD","s1324_S_POA_02_ASEReadCounter.table","NW_015090842.1:7167803",8,16,8
"MLYCD","s1324_S_POA_02_ASEReadCounter.table","NW_015090842.1:7167812",8,18,10
"MLYCD","s1324_S_POA_02_ASEReadCounter.table","NW_015090842.1:7167845",11,26,15
"MLYCD","s1324_S_POA_02_ASEReadCounter.table","NW_015090842.1:7167862",12,30,18
"MLYCD","s1324_S_POA_02_ASEReadCounter.table","NW_015090842.1:7167929",11,24,13
"MLYCD","s1324_S_POA_02_ASEReadCounter.table","NW_015090842.1:7167995",8,11,3
"MLYCD","s1324_S_POA_02_ASEReadCounter.table","NW_015090842.1:7168005",9,12,3
"MLYCD","s1324_S_POA_02_ASEReadCounter.table","NW_015090842.1:7168037",14,19,5
"HSBP1","s1324_S_POA_02_ASEReadCounter.table","NW_015090842.1:7245192",441,718,277
"HSBP1","s1324_S_POA_02_ASEReadCounter.table","NW_015090842.1:7245226",468,818,350
"HSBP1","s1324_S_POA_02_ASEReadCounter.table","NW_015090842.1:7245257",395,711,316
"HSBP1","s1324_S_POA_02_ASEReadCounter.table","NW_015090842.1:7245296",351,696,345
"HSBP1","s1324_S_POA_02_ASEReadCounter.table","NW_015090842.1:7245389",500,888,388
"HSBP1","s1324_S_POA_02_ASEReadCounter.table","NW_015090842.1:7245400",523,904,381
"HSBP1","s1324_S_POA_02_ASEReadCounter.table","NW_015090842.1:7245445",486,876,390
"HSBP1","s1324_S_POA_02_ASEReadCounter.table","NW_015090842.1:7245495",447,779,332
"HSBP1","s1324_S_POA_02_ASEReadCounter.table","NW_015090842.1:7245515",489,857,368
"HSBP1","s1324_S_POA_02_ASEReadCounter.table","NW_015090842.1:7245733",292,559,267
"HSBP1","s1324_S_POA_02_ASEReadCounter.table","NW_015090842.1:7245771",354,605,251
"HSBP1","s1324_S_POA_02_ASEReadCounter.table","NW_015090842.1:7245813",324,541,217
"HSBP1","s1324_S_POA_02_ASEReadCounter.table","NW_015090842.1:7245926",400,681,281
"HSBP1","s1324_S_POA_02_ASEReadCounter.table","NW_015090842.1:7245927",400,681,281
"HSBP1","s1324_S_POA_02_ASEReadCounter.table","NW_015090842.1:7245933",388,659,271
"HSBP1","s1324_S_POA_02_ASEReadCounter.table","NW_015090842.1:7246002",260,495,235
"HSBP1","s1324_S_POA_02_ASEReadCounter.table","NW_015090842.1:7246094",349,586,237
"HSBP1","s1324_S_POA_02_ASEReadCounter.table","NW_015090842.1:7246167",346,604,258
"HSBP1","s1324_S_POA_02_ASEReadCounter.table","NW_015090842.1:7246183",340,609,269
"HSBP1","s1324_S_POA_02_ASEReadCounter.table","NW_015090842.1:7247285",32,40,8
"HSBP1","s1324_S_POA_02_ASEReadCounter.table","NW_015090842.1:7247651",358,746,388
"HSBP1","s1324_S_POA_02_ASEReadCounter.table","NW_015090842.1:7247657",374,765,391
"HSBP1","s1324_S_POA_02_ASEReadCounter.table","NW_015090842.1:7248520",266,506,240
"HSBP1","s1324_S_POA_02_ASEReadCounter.table","NW_015090842.1:7248535",223,420,197
"KCNG4","s1324_S_POA_02_ASEReadCounter.table","NW_015090842.1:7282481",1,1,0
"KCNG4","s1324_S_POA_02_ASEReadCounter.table","NW_015090842.1:7282500",1,1,0
"KCNG4","s1324_S_POA_02_ASEReadCounter.table","NW_015090842.1:7282542",1,1,0
"KCNG4","s1324_S_POA_02_ASEReadCounter.table","NW_015090842.1:7282579",1,2,1
"KCNG4","s1324_S_POA_02_ASEReadCounter.table","NW_015090842.1:7282630",2,3,1
"KCNG4","s1324_S_POA_02_ASEReadCounter.table","NW_015090842.1:7282760",1,1,0
"KCNG4","s1324_S_POA_02_ASEReadCounter.table","NW_015090842.1:7283245",3,3,0
"KCNG4","s1324_S_POA_02_ASEReadCounter.table","NW_015090842.1:7299491",3,3,0
"ATP2C2","s1324_S_POA_02_ASEReadCounter.table","NW_015090842.1:7413747",0,8,8
"TLDC1","s1324_S_POA_02_ASEReadCounter.table","NW_015090842.1:7421997",24,40,16
"COTL1","s1324_S_POA_02_ASEReadCounter.table","NW_015090842.1:7490707",535,1064,529
"COTL1","s1324_S_POA_02_ASEReadCounter.table","NW_015090842.1:7490708",534,1068,534
"COTL1","s1324_S_POA_02_ASEReadCounter.table","NW_015090842.1:7490711",543,1085,542
"COTL1","s1324_S_POA_02_ASEReadCounter.table","NW_015090842.1:7490739",534,1099,565
"COTL1","s1324_S_POA_02_ASEReadCounter.table","NW_015090842.1:7490785",520,1107,587
"COTL1","s1324_S_POA_02_ASEReadCounter.table","NW_015090842.1:7490820",60,753,693
"COTL1","s1324_S_POA_02_ASEReadCounter.table","NW_015090842.1:7490846",552,1100,548
"COTL1","s1324_S_POA_02_ASEReadCounter.table","NW_015090842.1:7505571",1,1,0
"COTL1","s1324_S_POA_02_ASEReadCounter.table","NW_015090842.1:7505672",1,1,0
"KLHL36","s1324_S_POA_02_ASEReadCounter.table","NW_015090842.1:7526337",36,36,0
"KLHL36","s1324_S_POA_02_ASEReadCounter.table","NW_015090842.1:7537681",101,101,0
"USP10","s1324_S_POA_02_ASEReadCounter.table","NW_015090842.1:7572213",36,68,32
"USP10","s1324_S_POA_02_ASEReadCounter.table","NW_015090842.1:7572358",54,54,0
"CRISPLD2","s1324_S_POA_02_ASEReadCounter.table","NW_015090842.1:7619796",0,3,3
"CRISPLD2","s1324_S_POA_02_ASEReadCounter.table","NW_015090842.1:7630779",9,9,0
"CRISPLD2","s1324_S_POA_02_ASEReadCounter.table","NW_015090842.1:7633611",7,7,0
"CRISPLD2","s1324_S_POA_02_ASEReadCounter.table","NW_015090842.1:7633787",4,6,2
"CRISPLD2","s1324_S_POA_02_ASEReadCounter.table","NW_015090842.1:7634023",1,6,5
"CRISPLD2","s1324_S_POA_02_ASEReadCounter.table","NW_015090842.1:7634620",3,3,0
"CRISPLD2","s1324_S_POA_02_ASEReadCounter.table","NW_015090842.1:7636315",0,2,2
"MTHFSD","s1324_S_POA_02_ASEReadCounter.table","NW_015090842.1:8152578",12,20,8
"DUSP15","s1324_S_POA_02_ASEReadCounter.table","NW_015090842.1:8422840",1,3,2
"DUSP15","s1324_S_POA_02_ASEReadCounter.table","NW_015090842.1:8431988",0,1,1
"EMC8","s1324_S_POA_02_ASEReadCounter.table","NW_015090842.1:8452385",18,39,21
"GINS2","s1324_S_POA_02_ASEReadCounter.table","NW_015090842.1:8467469",25,25,0
"GINS2","s1324_S_POA_02_ASEReadCounter.table","NW_015090842.1:8470290",21,47,26
"GINS2","s1324_S_POA_02_ASEReadCounter.table","NW_015090842.1:8470305",17,39,22
"GINS2","s1324_S_POA_02_ASEReadCounter.table","NW_015090842.1:8470376",13,46,33
"GINS2","s1324_S_POA_02_ASEReadCounter.table","NW_015090842.1:8471057",4,11,7
"GSE1","s1324_S_POA_02_ASEReadCounter.table","NW_015090842.1:8483570",8,8,0
"KIAA0513","s1324_S_POA_02_ASEReadCounter.table","NW_015090842.1:8674736",107,107,0
"KIAA0513","s1324_S_POA_02_ASEReadCounter.table","NW_015090842.1:8687268",1,1,0
"KIAA0513","s1324_S_POA_02_ASEReadCounter.table","NW_015090842.1:8693655",8,8,0
"ZCCHC14","s1324_S_POA_02_ASEReadCounter.table","NW_015090842.1:8750189",109,109,0
"JPH3","s1324_S_POA_02_ASEReadCounter.table","NW_015090842.1:8872294",46,79,33
"KLHDC4","s1324_S_POA_02_ASEReadCounter.table","NW_015090842.1:8891175",120,210,90
"KLHDC4","s1324_S_POA_02_ASEReadCounter.table","NW_015090842.1:8905251",30,56,26
"KLHDC4","s1324_S_POA_02_ASEReadCounter.table","NW_015090842.1:8919630",5,11,6
"SLC7A5","s1324_S_POA_02_ASEReadCounter.table","NW_015090842.1:8940382",248,248,0
"SLC7A5","s1324_S_POA_02_ASEReadCounter.table","NW_015090842.1:8941818",157,157,0
"SLC7A5","s1324_S_POA_02_ASEReadCounter.table","NW_015090842.1:8944655",67,67,0
"CA5A","s1324_S_POA_02_ASEReadCounter.table","NW_015090842.1:8989479",98,176,78
"CA5A","s1324_S_POA_02_ASEReadCounter.table","NW_015090842.1:8989562",147,239,92
"CA5A","s1324_S_POA_02_ASEReadCounter.table","NW_015090842.1:8989609",166,280,114
"CA5A","s1324_S_POA_02_ASEReadCounter.table","NW_015090842.1:8989693",157,284,127
"CA5A","s1324_S_POA_02_ASEReadCounter.table","NW_015090842.1:8989702",162,272,110
"CA5A","s1324_S_POA_02_ASEReadCounter.table","NW_015090842.1:8989746",180,305,125
"CA5A","s1324_S_POA_02_ASEReadCounter.table","NW_015090842.1:8989880",137,256,119
"CA5A","s1324_S_POA_02_ASEReadCounter.table","NW_015090842.1:8989885",141,262,121
"CA5A","s1324_S_POA_02_ASEReadCounter.table","NW_015090842.1:8989929",140,258,118
"CA5A","s1324_S_POA_02_ASEReadCounter.table","NW_015090842.1:8990002",120,234,114
"CA5A","s1324_S_POA_02_ASEReadCounter.table","NW_015090842.1:8990004",118,232,114
"CA5A","s1324_S_POA_02_ASEReadCounter.table","NW_015090842.1:8990005",119,232,113
"CA5A","s1324_S_POA_02_ASEReadCounter.table","NW_015090842.1:8990017",124,223,99
"CA5A","s1324_S_POA_02_ASEReadCounter.table","NW_015090842.1:8990043",109,197,88
"CA5A","s1324_S_POA_02_ASEReadCounter.table","NW_015090842.1:8990080",91,187,96
"CA5A","s1324_S_POA_02_ASEReadCounter.table","NW_015090842.1:8990084",91,184,93
"CA5A","s1324_S_POA_02_ASEReadCounter.table","NW_015090842.1:8990090",101,196,95
"CA5A","s1324_S_POA_02_ASEReadCounter.table","NW_015090842.1:8990095",104,192,88
"CA5A","s1324_S_POA_02_ASEReadCounter.table","NW_015090842.1:8990111",90,177,87
"CA5A","s1324_S_POA_02_ASEReadCounter.table","NW_015090842.1:8990112",91,175,84
"CA5A","s1324_S_POA_02_ASEReadCounter.table","NW_015090842.1:8990115",97,183,86
"CA5A","s1324_S_POA_02_ASEReadCounter.table","NW_015090842.1:8990166",95,165,70
"CA5A","s1324_S_POA_02_ASEReadCounter.table","NW_015090842.1:8990169",101,171,70
"CA5A","s1324_S_POA_02_ASEReadCounter.table","NW_015090842.1:8990222",87,140,53
"CA5A","s1324_S_POA_02_ASEReadCounter.table","NW_015090842.1:8990289",88,166,78
"CA5A","s1324_S_POA_02_ASEReadCounter.table","NW_015090842.1:8990314",86,175,89
"CA5A","s1324_S_POA_02_ASEReadCounter.table","NW_015090842.1:8990361",92,173,81
"CA5A","s1324_S_POA_02_ASEReadCounter.table","NW_015090842.1:8990368",94,168,74
"CA5A","s1324_S_POA_02_ASEReadCounter.table","NW_015090842.1:8990429",74,137,63
"CA5A","s1324_S_POA_02_ASEReadCounter.table","NW_015090842.1:8990466",61,118,57
"CA5A","s1324_S_POA_02_ASEReadCounter.table","NW_015090842.1:8990663",94,149,55
"CA5A","s1324_S_POA_02_ASEReadCounter.table","NW_015090842.1:8990797",60,104,44
"CA5A","s1324_S_POA_02_ASEReadCounter.table","NW_015090842.1:8990836",71,110,39
"CA5A","s1324_S_POA_02_ASEReadCounter.table","NW_015090842.1:8990842",70,109,39
"CA5A","s1324_S_POA_02_ASEReadCounter.table","NW_015090842.1:8990851",69,104,35
"CA5A","s1324_S_POA_02_ASEReadCounter.table","NW_015090842.1:8990918",64,102,38
"CA5A","s1324_S_POA_02_ASEReadCounter.table","NW_015090842.1:8990921",64,104,40
"CA5A","s1324_S_POA_02_ASEReadCounter.table","NW_015090842.1:8990942",80,121,41
"CA5A","s1324_S_POA_02_ASEReadCounter.table","NW_015090842.1:8991001",92,148,56
"CA5A","s1324_S_POA_02_ASEReadCounter.table","NW_015090842.1:8991038",77,130,53
"CA5A","s1324_S_POA_02_ASEReadCounter.table","NW_015090842.1:8991149",83,142,59
"CA5A","s1324_S_POA_02_ASEReadCounter.table","NW_015090842.1:8991176",91,153,62
"CA5A","s1324_S_POA_02_ASEReadCounter.table","NW_015090842.1:8991241",73,143,70
"CA5A","s1324_S_POA_02_ASEReadCounter.table","NW_015090842.1:8991262",68,129,61
"CA5A","s1324_S_POA_02_ASEReadCounter.table","NW_015090842.1:8991316",76,81,5
"CA5A","s1324_S_POA_02_ASEReadCounter.table","NW_015090842.1:8991319",79,85,6
"CA5A","s1324_S_POA_02_ASEReadCounter.table","NW_015090842.1:8991330",80,82,2
"CA5A","s1324_S_POA_02_ASEReadCounter.table","NW_015090842.1:8991334",76,81,5
"CA5A","s1324_S_POA_02_ASEReadCounter.table","NW_015090842.1:8991362",86,139,53
"CA5A","s1324_S_POA_02_ASEReadCounter.table","NW_015090842.1:8991368",82,139,57
"CA5A","s1324_S_POA_02_ASEReadCounter.table","NW_015090842.1:8991390",80,139,59
"CA5A","s1324_S_POA_02_ASEReadCounter.table","NW_015090842.1:8991395",83,148,65
"CA5A","s1324_S_POA_02_ASEReadCounter.table","NW_015090842.1:8991422",76,147,71
"CA5A","s1324_S_POA_02_ASEReadCounter.table","NW_015090842.1:8991467",76,132,56
"CA5A","s1324_S_POA_02_ASEReadCounter.table","NW_015090842.1:8991576",56,99,43
"CA5A","s1324_S_POA_02_ASEReadCounter.table","NW_015090842.1:8991587",67,112,45
"CA5A","s1324_S_POA_02_ASEReadCounter.table","NW_015090842.1:8991655",76,123,47
"CA5A","s1324_S_POA_02_ASEReadCounter.table","NW_015090842.1:8991717",50,96,46
"CA5A","s1324_S_POA_02_ASEReadCounter.table","NW_015090842.1:8991726",52,94,42
"CA5A","s1324_S_POA_02_ASEReadCounter.table","NW_015090842.1:8991799",43,89,46
"CA5A","s1324_S_POA_02_ASEReadCounter.table","NW_015090842.1:8991809",41,82,41
"CA5A","s1324_S_POA_02_ASEReadCounter.table","NW_015090842.1:8991848",49,95,46
"CA5A","s1324_S_POA_02_ASEReadCounter.table","NW_015090842.1:8991849",49,93,44
"CA5A","s1324_S_POA_02_ASEReadCounter.table","NW_015090842.1:8991927",59,98,39
"CA5A","s1324_S_POA_02_ASEReadCounter.table","NW_015090842.1:8991941",54,95,41
"CA5A","s1324_S_POA_02_ASEReadCounter.table","NW_015090842.1:8992121",49,95,46
"CA5A","s1324_S_POA_02_ASEReadCounter.table","NW_015090842.1:8992224",48,97,49
"CA5A","s1324_S_POA_02_ASEReadCounter.table","NW_015090842.1:9002570",24,46,22
"CA5A","s1324_S_POA_02_ASEReadCounter.table","NW_015090842.1:9002600",19,40,21
"CA5A","s1324_S_POA_02_ASEReadCounter.table","NW_015090842.1:9004312",21,38,17
"CA5A","s1324_S_POA_02_ASEReadCounter.table","NW_015090842.1:9004506",1,1,0
"CA5A","s1324_S_POA_02_ASEReadCounter.table","NW_015090842.1:9004523",1,1,0
"CA5A","s1324_S_POA_02_ASEReadCounter.table","NW_015090842.1:9004530",1,2,1
"CA5A","s1324_S_POA_02_ASEReadCounter.table","NW_015090842.1:9004556",2,3,1
"CA5A","s1324_S_POA_02_ASEReadCounter.table","NW_015090842.1:9004620",4,5,1
"CA5A","s1324_S_POA_02_ASEReadCounter.table","NW_015090842.1:9005116",3,5,2
"CA5A","s1324_S_POA_02_ASEReadCounter.table","NW_015090842.1:9005120",3,5,2
"CA5A","s1324_S_POA_02_ASEReadCounter.table","NW_015090842.1:9005140",1,5,4
"CA5A","s1324_S_POA_02_ASEReadCounter.table","NW_015090842.1:9005152",1,5,4
"CA5A","s1324_S_POA_02_ASEReadCounter.table","NW_015090842.1:9011011",0,1,1
"CA5A","s1324_S_POA_02_ASEReadCounter.table","NW_015090842.1:9011189",0,1,1
"CA5A","s1324_S_POA_02_ASEReadCounter.table","NW_015090842.1:9011194",0,1,1
"BANP","s1324_S_POA_02_ASEReadCounter.table","NW_015090842.1:9033407",4,13,9
"BANP","s1324_S_POA_02_ASEReadCounter.table","NW_015090842.1:9033409",4,12,8
"BANP","s1324_S_POA_02_ASEReadCounter.table","NW_015090842.1:9033420",3,14,11
"BANP","s1324_S_POA_02_ASEReadCounter.table","NW_015090842.1:9055284",7,10,3
"ZC3H18","s1324_S_POA_02_ASEReadCounter.table","NW_015090842.1:9528933",23,52,29
"MVD","s1324_S_POA_02_ASEReadCounter.table","NW_015090842.1:9550690",52,52,0
"MVD","s1324_S_POA_02_ASEReadCounter.table","NW_015090842.1:9550691",53,53,0
"MVD","s1324_S_POA_02_ASEReadCounter.table","NW_015090842.1:9550699",58,58,0
"MVD","s1324_S_POA_02_ASEReadCounter.table","NW_015090842.1:9550701",59,59,0
"MVD","s1324_S_POA_02_ASEReadCounter.table","NW_015090842.1:9552202",95,95,0
"MVD","s1324_S_POA_02_ASEReadCounter.table","NW_015090842.1:9552223",69,69,0
"MVD","s1324_S_POA_02_ASEReadCounter.table","NW_015090842.1:9552533",67,67,0
"MVD","s1324_S_POA_02_ASEReadCounter.table","NW_015090842.1:9552644",27,64,37
"PIEZO1","s1324_S_POA_02_ASEReadCounter.table","NW_015090842.1:9577447",7,13,6
"PIEZO1","s1324_S_POA_02_ASEReadCounter.table","NW_015090842.1:9579101",5,11,6
"PIEZO1","s1324_S_POA_02_ASEReadCounter.table","NW_015090842.1:9582630",2,4,2
"PIEZO1","s1324_S_POA_02_ASEReadCounter.table","NW_015090842.1:9582976",2,5,3
"PIEZO1","s1324_S_POA_02_ASEReadCounter.table","NW_015090842.1:9583326",2,2,0
"CDT1","s1324_S_POA_02_ASEReadCounter.table","NW_015090842.1:9596711",4,6,2
"CDT1","s1324_S_POA_02_ASEReadCounter.table","NW_015090842.1:9597033",15,15,0
"CDT1","s1324_S_POA_02_ASEReadCounter.table","NW_015090842.1:9597756",3,12,9
"CDT1","s1324_S_POA_02_ASEReadCounter.table","NW_015090842.1:9598873",21,21,0
"PABPN1L","s1324_S_POA_02_ASEReadCounter.table","NW_015090842.1:9669510",0,1,1
"ACSF3","s1324_S_POA_02_ASEReadCounter.table","NW_015090842.1:9776737",5,5,0
"ACSF3","s1324_S_POA_02_ASEReadCounter.table","NW_015090842.1:9809639",75,75,0
"ACSF3","s1324_S_POA_02_ASEReadCounter.table","NW_015090842.1:9834743",67,104,37
"ACSF3","s1324_S_POA_02_ASEReadCounter.table","NW_015090842.1:9834762",107,107,0
"ACSF3","s1324_S_POA_02_ASEReadCounter.table","NW_015090842.1:9834852",68,113,45
"ACSF3","s1324_S_POA_02_ASEReadCounter.table","NW_015090842.1:9834861",65,101,36
"ACSF3","s1324_S_POA_02_ASEReadCounter.table","NW_015090842.1:9839359",39,73,34
"ACSF3","s1324_S_POA_02_ASEReadCounter.table","NW_015090842.1:9839378",40,78,38
"ACSF3","s1324_S_POA_02_ASEReadCounter.table","NW_015090842.1:9839455",47,82,35
"ACSF3","s1324_S_POA_02_ASEReadCounter.table","NW_015090842.1:9839457",47,80,33
"ACSF3","s1324_S_POA_02_ASEReadCounter.table","NW_015090842.1:9839489",35,57,22
"ACSF3","s1324_S_POA_02_ASEReadCounter.table","NW_015090842.1:9839500",25,46,21
"ACSF3","s1324_S_POA_02_ASEReadCounter.table","NW_015090842.1:9839501",25,46,21
"ACSF3","s1324_S_POA_02_ASEReadCounter.table","NW_015090842.1:9839504",29,50,21
"ACSF3","s1324_S_POA_02_ASEReadCounter.table","NW_015090842.1:9839512",26,45,19
"ACSF3","s1324_S_POA_02_ASEReadCounter.table","NW_015090842.1:9839527",19,35,16
"ACSF3","s1324_S_POA_02_ASEReadCounter.table","NW_015090842.1:9839533",15,30,15
"ACSF3","s1324_S_POA_02_ASEReadCounter.table","NW_015090842.1:9839535",15,29,14
"ACSF3","s1324_S_POA_02_ASEReadCounter.table","NW_015090842.1:9839545",11,23,12
"ACSF3","s1324_S_POA_02_ASEReadCounter.table","NW_015090842.1:9839550",7,19,12
"ACSF3","s1324_S_POA_02_ASEReadCounter.table","NW_015090842.1:9839551",8,20,12
"CDH15","s1324_S_POA_02_ASEReadCounter.table","NW_015090842.1:9848220",0,2,2
"CDH15","s1324_S_POA_02_ASEReadCounter.table","NW_015090842.1:9848265",1,2,1
"CDH15","s1324_S_POA_02_ASEReadCounter.table","NW_015090842.1:9848531",0,1,1
"CDH15","s1324_S_POA_02_ASEReadCounter.table","NW_015090842.1:9849086",0,1,1
"CDH15","s1324_S_POA_02_ASEReadCounter.table","NW_015090842.1:9850386",1,1,0
"CDH15","s1324_S_POA_02_ASEReadCounter.table","NW_015090842.1:9850609",1,2,1
"SLC22A31","s1324_S_POA_02_ASEReadCounter.table","NW_015090842.1:9851130",6,10,4
"SLC22A31","s1324_S_POA_02_ASEReadCounter.table","NW_015090842.1:9851139",6,10,4
"SLC22A31","s1324_S_POA_02_ASEReadCounter.table","NW_015090842.1:9851265",6,16,10
"SLC22A31","s1324_S_POA_02_ASEReadCounter.table","NW_015090842.1:9851302",5,15,10
"SLC22A31","s1324_S_POA_02_ASEReadCounter.table","NW_015090842.1:9851303",5,15,10
"SLC22A31","s1324_S_POA_02_ASEReadCounter.table","NW_015090842.1:9851305",5,15,10
"SLC22A31","s1324_S_POA_02_ASEReadCounter.table","NW_015090842.1:9851343",8,19,11
"SLC22A31","s1324_S_POA_02_ASEReadCounter.table","NW_015090842.1:9851344",8,17,9
"SLC22A31","s1324_S_POA_02_ASEReadCounter.table","NW_015090842.1:9851381",9,21,12
"SLC22A31","s1324_S_POA_02_ASEReadCounter.table","NW_015090842.1:9851421",6,14,8
"SLC22A31","s1324_S_POA_02_ASEReadCounter.table","NW_015090842.1:9851526",10,15,5
"SLC22A31","s1324_S_POA_02_ASEReadCounter.table","NW_015090842.1:9851589",10,16,6
"SLC22A31","s1324_S_POA_02_ASEReadCounter.table","NW_015090842.1:9851712",8,17,9
"SLC22A31","s1324_S_POA_02_ASEReadCounter.table","NW_015090842.1:9851899",7,12,5
"SLC22A31","s1324_S_POA_02_ASEReadCounter.table","NW_015090842.1:9852139",13,21,8
"SLC22A31","s1324_S_POA_02_ASEReadCounter.table","NW_015090842.1:9852380",11,15,4
"SLC22A31","s1324_S_POA_02_ASEReadCounter.table","NW_015090842.1:9852431",5,10,5
"SLC22A31","s1324_S_POA_02_ASEReadCounter.table","NW_015090842.1:9852630",7,13,6
"SLC22A31","s1324_S_POA_02_ASEReadCounter.table","NW_015090842.1:9852711",8,12,4
"SLC22A31","s1324_S_POA_02_ASEReadCounter.table","NW_015090842.1:9852742",5,9,4
"SLC22A31","s1324_S_POA_02_ASEReadCounter.table","NW_015090842.1:9853099",5,7,2
"SLC22A31","s1324_S_POA_02_ASEReadCounter.table","NW_015090842.1:9853102",6,9,3
"SLC22A31","s1324_S_POA_02_ASEReadCounter.table","NW_015090842.1:9853421",5,5,0
"SLC22A31","s1324_S_POA_02_ASEReadCounter.table","NW_015090842.1:9853457",4,4,0
"SLC22A31","s1324_S_POA_02_ASEReadCounter.table","NW_015090842.1:9853502",3,3,0
"ANKRD11","s1324_S_POA_02_ASEReadCounter.table","NW_015090842.1:9858863",13,31,18
"ANKRD11","s1324_S_POA_02_ASEReadCounter.table","NW_015090842.1:9859101",127,273,146
"ANKRD11","s1324_S_POA_02_ASEReadCounter.table","NW_015090842.1:9859352",161,345,184
"ANKRD11","s1324_S_POA_02_ASEReadCounter.table","NW_015090842.1:9859381",31,190,159
"ANKRD11","s1324_S_POA_02_ASEReadCounter.table","NW_015090842.1:9859527",61,134,73
"ANKRD11","s1324_S_POA_02_ASEReadCounter.table","NW_015090842.1:9859529",62,136,74
"ANKRD11","s1324_S_POA_02_ASEReadCounter.table","NW_015090842.1:9859679",179,313,134
"ANKRD11","s1324_S_POA_02_ASEReadCounter.table","NW_015090842.1:9861097",105,225,120
"ANKRD11","s1324_S_POA_02_ASEReadCounter.table","NW_015090842.1:9862571",73,142,69
"ANKRD11","s1324_S_POA_02_ASEReadCounter.table","NW_015090842.1:9866071",0,86,86
"ANKRD11","s1324_S_POA_02_ASEReadCounter.table","NW_015090842.1:9866200",0,66,66
"ANKRD11","s1324_S_POA_02_ASEReadCounter.table","NW_015090842.1:9867391",21,38,17
"ANKRD11","s1324_S_POA_02_ASEReadCounter.table","NW_015090842.1:9867472",32,62,30
"ANKRD11","s1324_S_POA_02_ASEReadCounter.table","NW_015090842.1:9867559",40,75,35
"ANKRD11","s1324_S_POA_02_ASEReadCounter.table","NW_015090842.1:9867934",19,51,32
"ANKRD11","s1324_S_POA_02_ASEReadCounter.table","NW_015090842.1:9868093",34,84,50
"ANKRD11","s1324_S_POA_02_ASEReadCounter.table","NW_015090842.1:9868222",31,59,28
"ANKRD11","s1324_S_POA_02_ASEReadCounter.table","NW_015090842.1:9868327",40,78,38
"ANKRD11","s1324_S_POA_02_ASEReadCounter.table","NW_015090842.1:9868414",44,99,55
"ANKRD11","s1324_S_POA_02_ASEReadCounter.table","NW_015090842.1:9868441",43,93,50
"ANKRD11","s1324_S_POA_02_ASEReadCounter.table","NW_015090842.1:9868444",44,100,56
"ANKRD11","s1324_S_POA_02_ASEReadCounter.table","NW_015090842.1:9868519",46,101,55
"ANKRD11","s1324_S_POA_02_ASEReadCounter.table","NW_015090842.1:9868609",66,127,61
"ANKRD11","s1324_S_POA_02_ASEReadCounter.table","NW_015090842.1:9868666",84,166,82
"ANKRD11","s1324_S_POA_02_ASEReadCounter.table","NW_015090842.1:9869431",108,210,102
"ANKRD11","s1324_S_POA_02_ASEReadCounter.table","NW_015090842.1:9869578",172,315,143
"ANKRD11","s1324_S_POA_02_ASEReadCounter.table","NW_015090842.1:9869734",178,328,150
"ANKRD11","s1324_S_POA_02_ASEReadCounter.table","NW_015090842.1:9870070",114,272,158
"ANKRD11","s1324_S_POA_02_ASEReadCounter.table","NW_015090842.1:9870349",163,346,183
"ANKRD11","s1324_S_POA_02_ASEReadCounter.table","NW_015090842.1:9870604",172,338,166
"ANKRD11","s1324_S_POA_02_ASEReadCounter.table","NW_015090842.1:9870613",185,351,166
"ANKRD11","s1324_S_POA_02_ASEReadCounter.table","NW_015090842.1:9870685",200,416,216
"ANKRD11","s1324_S_POA_02_ASEReadCounter.table","NW_015090842.1:9870847",169,365,196
"ANKRD11","s1324_S_POA_02_ASEReadCounter.table","NW_015090842.1:9871103",136,288,152
"ANKRD11","s1324_S_POA_02_ASEReadCounter.table","NW_015090842.1:9871165",132,292,160
"ANKRD11","s1324_S_POA_02_ASEReadCounter.table","NW_015090842.1:9871820",36,77,41
"ANKRD11","s1324_S_POA_02_ASEReadCounter.table","NW_015090842.1:9871994",81,81,0
"ANKRD11","s1324_S_POA_02_ASEReadCounter.table","NW_015090842.1:9872118",50,100,50
"SPG7","s1324_S_POA_02_ASEReadCounter.table","NW_015090842.1:10051190",82,172,90
"SPG7","s1324_S_POA_02_ASEReadCounter.table","NW_015090842.1:10051218",91,200,109
"SPG7","s1324_S_POA_02_ASEReadCounter.table","NW_015090842.1:10052348",107,210,103
"SPG7","s1324_S_POA_02_ASEReadCounter.table","NW_015090842.1:10052366",102,199,97
"SPG7","s1324_S_POA_02_ASEReadCounter.table","NW_015090842.1:10065173",114,256,142
"SPG7","s1324_S_POA_02_ASEReadCounter.table","NW_015090842.1:10065215",123,236,113
"SPG7","s1324_S_POA_02_ASEReadCounter.table","NW_015090842.1:10066301",93,191,98
"SPG7","s1324_S_POA_02_ASEReadCounter.table","NW_015090842.1:10066365",127,220,93
"SPG7","s1324_S_POA_02_ASEReadCounter.table","NW_015090842.1:10069752",148,281,133
"SPG7","s1324_S_POA_02_ASEReadCounter.table","NW_015090842.1:10069800",175,312,137
"SPG7","s1324_S_POA_02_ASEReadCounter.table","NW_015090842.1:10071192",200,367,167
"SPG7","s1324_S_POA_02_ASEReadCounter.table","NW_015090842.1:10071204",192,350,158
"SPG7","s1324_S_POA_02_ASEReadCounter.table","NW_015090842.1:10071219",185,344,159
"SPG7","s1324_S_POA_02_ASEReadCounter.table","NW_015090842.1:10071967",159,320,161
"SPG7","s1324_S_POA_02_ASEReadCounter.table","NW_015090842.1:10075109",259,491,232
"SPG7","s1324_S_POA_02_ASEReadCounter.table","NW_015090842.1:10075114",264,495,231
"SPG7","s1324_S_POA_02_ASEReadCounter.table","NW_015090842.1:10075198",231,439,208
"SPG7","s1324_S_POA_02_ASEReadCounter.table","NW_015090842.1:10075487",171,351,180
"SPG7","s1324_S_POA_02_ASEReadCounter.table","NW_015090842.1:10075488",171,351,180
"SPG7","s1324_S_POA_02_ASEReadCounter.table","NW_015090842.1:10075548",121,252,131
"RPL13","s1324_S_POA_02_ASEReadCounter.table","NW_015090842.1:10076979",1,1,0
"RPL13","s1324_S_POA_02_ASEReadCounter.table","NW_015090842.1:10077387",451,1020,569
"RPL13","s1324_S_POA_02_ASEReadCounter.table","NW_015090842.1:10077978",702,1513,811
"RPL13","s1324_S_POA_02_ASEReadCounter.table","NW_015090842.1:10077992",698,1470,772
"CPNE7","s1324_S_POA_02_ASEReadCounter.table","NW_015090842.1:10084001",18,22,4
"CPNE7","s1324_S_POA_02_ASEReadCounter.table","NW_015090842.1:10084856",12,14,2
"CPNE7","s1324_S_POA_02_ASEReadCounter.table","NW_015090842.1:10084872",15,18,3
"CPNE7","s1324_S_POA_02_ASEReadCounter.table","NW_015090842.1:10084892",17,22,5
"CPNE7","s1324_S_POA_02_ASEReadCounter.table","NW_015090842.1:10084921",19,26,7
"CPNE7","s1324_S_POA_02_ASEReadCounter.table","NW_015090842.1:10084935",21,29,8
"CPNE7","s1324_S_POA_02_ASEReadCounter.table","NW_015090842.1:10085000",28,36,8
"CPNE7","s1324_S_POA_02_ASEReadCounter.table","NW_015090842.1:10085089",27,32,5
"CPNE7","s1324_S_POA_02_ASEReadCounter.table","NW_015090842.1:10085096",27,32,5
"CPNE7","s1324_S_POA_02_ASEReadCounter.table","NW_015090842.1:10085126",28,33,5
"CPNE7","s1324_S_POA_02_ASEReadCounter.table","NW_015090842.1:10085180",18,22,4
"CPNE7","s1324_S_POA_02_ASEReadCounter.table","NW_015090842.1:10085201",15,22,7
"CPNE7","s1324_S_POA_02_ASEReadCounter.table","NW_015090842.1:10088134",35,52,17
"CPNE7","s1324_S_POA_02_ASEReadCounter.table","NW_015090842.1:10088146",38,54,16
"CPNE7","s1324_S_POA_02_ASEReadCounter.table","NW_015090842.1:10088940",56,76,20
"CPNE7","s1324_S_POA_02_ASEReadCounter.table","NW_015090842.1:10088965",56,74,18
"CPNE7","s1324_S_POA_02_ASEReadCounter.table","NW_015090842.1:10088967",56,73,17
"CPNE7","s1324_S_POA_02_ASEReadCounter.table","NW_015090842.1:10088973",52,73,21
"CPNE7","s1324_S_POA_02_ASEReadCounter.table","NW_015090842.1:10090924",54,91,37
"CPNE7","s1324_S_POA_02_ASEReadCounter.table","NW_015090842.1:10090930",53,87,34
"CPNE7","s1324_S_POA_02_ASEReadCounter.table","NW_015090842.1:10091075",51,87,36
"CPNE7","s1324_S_POA_02_ASEReadCounter.table","NW_015090842.1:10091389",58,95,37
"CPNE7","s1324_S_POA_02_ASEReadCounter.table","NW_015090842.1:10091407",70,104,34
"CPNE7","s1324_S_POA_02_ASEReadCounter.table","NW_015090842.1:10091530",80,108,28
"CPNE7","s1324_S_POA_02_ASEReadCounter.table","NW_015090842.1:10091875",90,136,46
"CPNE7","s1324_S_POA_02_ASEReadCounter.table","NW_015090842.1:10091983",85,130,45
"CPNE7","s1324_S_POA_02_ASEReadCounter.table","NW_015090842.1:10091997",86,134,48
"CPNE7","s1324_S_POA_02_ASEReadCounter.table","NW_015090842.1:10092038",50,86,36
"CPNE7","s1324_S_POA_02_ASEReadCounter.table","NW_015090842.1:10092140",47,84,37
"CPNE7","s1324_S_POA_02_ASEReadCounter.table","NW_015090842.1:10092183",32,65,33
"CPNE7","s1324_S_POA_02_ASEReadCounter.table","NW_015090842.1:10092201",26,54,28
"CPNE7","s1324_S_POA_02_ASEReadCounter.table","NW_015090842.1:10092230",20,40,20
"CPNE7","s1324_S_POA_02_ASEReadCounter.table","NW_015090842.1:10092246",8,24,16
"LOC106888185","s1324_S_POA_02_ASEReadCounter.table","NW_015090842.1:10094965",1,6,5
"LOC106888185","s1324_S_POA_02_ASEReadCounter.table","NW_015090842.1:10094966",1,5,4
"LOC106888185","s1324_S_POA_02_ASEReadCounter.table","NW_015090842.1:10094985",1,5,4
"LOC106888185","s1324_S_POA_02_ASEReadCounter.table","NW_015090842.1:10095055",0,6,6
"LOC106888185","s1324_S_POA_02_ASEReadCounter.table","NW_015090842.1:10095062",0,7,7
"LOC106888185","s1324_S_POA_02_ASEReadCounter.table","NW_015090842.1:10095130",0,10,10
"LOC106888185","s1324_S_POA_02_ASEReadCounter.table","NW_015090842.1:10095265",3,22,19
"LOC106888185","s1324_S_POA_02_ASEReadCounter.table","NW_015090842.1:10095586",6,16,10
"LOC106888185","s1324_S_POA_02_ASEReadCounter.table","NW_015090842.1:10095593",6,16,10
"LOC106888185","s1324_S_POA_02_ASEReadCounter.table","NW_015090842.1:10095616",6,16,10
"LOC106888185","s1324_S_POA_02_ASEReadCounter.table","NW_015090842.1:10095662",3,10,7
"LOC106888185","s1324_S_POA_02_ASEReadCounter.table","NW_015090842.1:10095674",3,10,7
"LOC106888185","s1324_S_POA_02_ASEReadCounter.table","NW_015090842.1:10095786",4,10,6
"LOC106888185","s1324_S_POA_02_ASEReadCounter.table","NW_015090842.1:10095831",4,13,9
"LOC106888185","s1324_S_POA_02_ASEReadCounter.table","NW_015090842.1:10096230",7,15,8
"LOC106888185","s1324_S_POA_02_ASEReadCounter.table","NW_015090842.1:10096249",9,19,10
"LOC106888185","s1324_S_POA_02_ASEReadCounter.table","NW_015090842.1:10096272",7,17,10
"LOC106888185","s1324_S_POA_02_ASEReadCounter.table","NW_015090842.1:10096288",8,18,10
"LOC106888185","s1324_S_POA_02_ASEReadCounter.table","NW_015090842.1:10097248",6,13,7
"LOC106888185","s1324_S_POA_02_ASEReadCounter.table","NW_015090842.1:10097265",7,15,8
"LOC106888185","s1324_S_POA_02_ASEReadCounter.table","NW_015090842.1:10097446",0,3,3
"DPEP1","s1324_S_POA_02_ASEReadCounter.table","NW_015090842.1:10099985",0,1,1
"DPEP1","s1324_S_POA_02_ASEReadCounter.table","NW_015090842.1:10099986",0,1,1
"DPEP1","s1324_S_POA_02_ASEReadCounter.table","NW_015090842.1:10099991",0,1,1
"DPEP1","s1324_S_POA_02_ASEReadCounter.table","NW_015090842.1:10100893",1,2,1
"DPEP1","s1324_S_POA_02_ASEReadCounter.table","NW_015090842.1:10100902",1,2,1
"DPEP1","s1324_S_POA_02_ASEReadCounter.table","NW_015090842.1:10101483",0,1,1
"DPEP1","s1324_S_POA_02_ASEReadCounter.table","NW_015090842.1:10101875",1,4,3
"DPEP1","s1324_S_POA_02_ASEReadCounter.table","NW_015090842.1:10101913",1,3,2
"DPEP1","s1324_S_POA_02_ASEReadCounter.table","NW_015090842.1:10101996",0,1,1
"DPEP1","s1324_S_POA_02_ASEReadCounter.table","NW_015090842.1:10102014",0,1,1
"DPEP1","s1324_S_POA_02_ASEReadCounter.table","NW_015090842.1:10102035",0,1,1
"CHMP1A","s1324_S_POA_02_ASEReadCounter.table","NW_015090842.1:10102901",80,199,119
"CHMP1A","s1324_S_POA_02_ASEReadCounter.table","NW_015090842.1:10102961",58,194,136
"CHMP1A","s1324_S_POA_02_ASEReadCounter.table","NW_015090842.1:10102996",52,187,135
"CHMP1A","s1324_S_POA_02_ASEReadCounter.table","NW_015090842.1:10103004",59,197,138
"CHMP1A","s1324_S_POA_02_ASEReadCounter.table","NW_015090842.1:10103006",59,200,141
"CHMP1A","s1324_S_POA_02_ASEReadCounter.table","NW_015090842.1:10103052",104,255,151
"CHMP1A","s1324_S_POA_02_ASEReadCounter.table","NW_015090842.1:10103095",107,255,148
"CHMP1A","s1324_S_POA_02_ASEReadCounter.table","NW_015090842.1:10103096",106,255,149
"CHMP1A","s1324_S_POA_02_ASEReadCounter.table","NW_015090842.1:10103152",78,169,91
"CHMP1A","s1324_S_POA_02_ASEReadCounter.table","NW_015090842.1:10103334",59,135,76
"CHMP1A","s1324_S_POA_02_ASEReadCounter.table","NW_015090842.1:10103373",39,124,85
"CHMP1A","s1324_S_POA_02_ASEReadCounter.table","NW_015090842.1:10103408",67,168,101
"CHMP1A","s1324_S_POA_02_ASEReadCounter.table","NW_015090842.1:10103412",79,176,97
"CHMP1A","s1324_S_POA_02_ASEReadCounter.table","NW_015090842.1:10103512",85,189,104
"CHMP1A","s1324_S_POA_02_ASEReadCounter.table","NW_015090842.1:10103513",82,187,105
"CHMP1A","s1324_S_POA_02_ASEReadCounter.table","NW_015090842.1:10103583",61,124,63
"CHMP1A","s1324_S_POA_02_ASEReadCounter.table","NW_015090842.1:10103614",63,123,60
"CHMP1A","s1324_S_POA_02_ASEReadCounter.table","NW_015090842.1:10103657",72,155,83
"CHMP1A","s1324_S_POA_02_ASEReadCounter.table","NW_015090842.1:10103669",63,139,76
"CHMP1A","s1324_S_POA_02_ASEReadCounter.table","NW_015090842.1:10103674",65,137,72
"CHMP1A","s1324_S_POA_02_ASEReadCounter.table","NW_015090842.1:10103677",61,132,71
"CHMP1A","s1324_S_POA_02_ASEReadCounter.table","NW_015090842.1:10103729",67,139,72
"CHMP1A","s1324_S_POA_02_ASEReadCounter.table","NW_015090842.1:10103758",66,132,66
"CHMP1A","s1324_S_POA_02_ASEReadCounter.table","NW_015090842.1:10103761",68,136,68
"CHMP1A","s1324_S_POA_02_ASEReadCounter.table","NW_015090842.1:10103788",77,167,90
"CHMP1A","s1324_S_POA_02_ASEReadCounter.table","NW_015090842.1:10103789",77,167,90
"CHMP1A","s1324_S_POA_02_ASEReadCounter.table","NW_015090842.1:10103790",74,164,90
"CHMP1A","s1324_S_POA_02_ASEReadCounter.table","NW_015090842.1:10103950",86,172,86
"CHMP1A","s1324_S_POA_02_ASEReadCounter.table","NW_015090842.1:10104335",52,103,51
"CHMP1A","s1324_S_POA_02_ASEReadCounter.table","NW_015090842.1:10104429",72,139,67
"CHMP1A","s1324_S_POA_02_ASEReadCounter.table","NW_015090842.1:10104532",59,127,68
"CHMP1A","s1324_S_POA_02_ASEReadCounter.table","NW_015090842.1:10104633",51,117,66
"CHMP1A","s1324_S_POA_02_ASEReadCounter.table","NW_015090842.1:10104759",37,106,69
"CHMP1A","s1324_S_POA_02_ASEReadCounter.table","NW_015090842.1:10104794",48,119,71
"CHMP1A","s1324_S_POA_02_ASEReadCounter.table","NW_015090842.1:10104844",34,97,63
"CHMP1A","s1324_S_POA_02_ASEReadCounter.table","NW_015090842.1:10106290",53,103,50
"CHMP1A","s1324_S_POA_02_ASEReadCounter.table","NW_015090842.1:10106335",62,121,59
"CHMP1A","s1324_S_POA_02_ASEReadCounter.table","NW_015090842.1:10106383",66,148,82
"CHMP1A","s1324_S_POA_02_ASEReadCounter.table","NW_015090842.1:10106747",79,156,77
"CHMP1A","s1324_S_POA_02_ASEReadCounter.table","NW_015090842.1:10107404",46,115,69
"CHMP1A","s1324_S_POA_02_ASEReadCounter.table","NW_015090842.1:10107410",49,116,67
"CHMP1A","s1324_S_POA_02_ASEReadCounter.table","NW_015090842.1:10107876",44,96,52
"CDK10","s1324_S_POA_02_ASEReadCounter.table","NW_015090842.1:10109030",9,12,3
"CDK10","s1324_S_POA_02_ASEReadCounter.table","NW_015090842.1:10109963",34,108,74
"CDK10","s1324_S_POA_02_ASEReadCounter.table","NW_015090842.1:10110887",31,88,57
"CDK10","s1324_S_POA_02_ASEReadCounter.table","NW_015090842.1:10111254",24,73,49
"CDK10","s1324_S_POA_02_ASEReadCounter.table","NW_015090842.1:10111380",32,92,60
"CDK10","s1324_S_POA_02_ASEReadCounter.table","NW_015090842.1:10111395",35,97,62
"CDK10","s1324_S_POA_02_ASEReadCounter.table","NW_015090842.1:10111437",22,78,56
"CDK10","s1324_S_POA_02_ASEReadCounter.table","NW_015090842.1:10111798",38,99,61
"CDK10","s1324_S_POA_02_ASEReadCounter.table","NW_015090842.1:10111840",44,108,64
"CDK10","s1324_S_POA_02_ASEReadCounter.table","NW_015090842.1:10112031",62,159,97
"CDK10","s1324_S_POA_02_ASEReadCounter.table","NW_015090842.1:10112285",57,159,102
"CDK10","s1324_S_POA_02_ASEReadCounter.table","NW_015090842.1:10112398",54,155,101
"CDK10","s1324_S_POA_02_ASEReadCounter.table","NW_015090842.1:10112455",49,142,93
"CDK10","s1324_S_POA_02_ASEReadCounter.table","NW_015090842.1:10112461",44,128,84
"CDK10","s1324_S_POA_02_ASEReadCounter.table","NW_015090842.1:10112497",43,122,79
"CDK10","s1324_S_POA_02_ASEReadCounter.table","NW_015090842.1:10112508",40,122,82
"CDK10","s1324_S_POA_02_ASEReadCounter.table","NW_015090842.1:10112518",32,110,78
"CDK10","s1324_S_POA_02_ASEReadCounter.table","NW_015090842.1:10112540",10,86,76
"CDK10","s1324_S_POA_02_ASEReadCounter.table","NW_015090842.1:10112556",31,111,80
"CDK10","s1324_S_POA_02_ASEReadCounter.table","NW_015090842.1:10112561",35,136,101
"CDK10","s1324_S_POA_02_ASEReadCounter.table","NW_015090842.1:10112596",44,150,106
"CDK10","s1324_S_POA_02_ASEReadCounter.table","NW_015090842.1:10112630",41,121,80
"CDK10","s1324_S_POA_02_ASEReadCounter.table","NW_015090842.1:10112656",38,119,81
"CDK10","s1324_S_POA_02_ASEReadCounter.table","NW_015090842.1:10112665",28,88,60
"CDK10","s1324_S_POA_02_ASEReadCounter.table","NW_015090842.1:10112668",29,90,61
"CDK10","s1324_S_POA_02_ASEReadCounter.table","NW_015090842.1:10112781",15,37,22
"CDK10","s1324_S_POA_02_ASEReadCounter.table","NW_015090842.1:10112782",15,37,22
"CDK10","s1324_S_POA_02_ASEReadCounter.table","NW_015090842.1:10112795",11,32,21
"CDK10","s1324_S_POA_02_ASEReadCounter.table","NW_015090842.1:10112841",3,13,10
"CDK10","s1324_S_POA_02_ASEReadCounter.table","NW_015090842.1:10112861",2,9,7
"SPATA2L","s1324_S_POA_02_ASEReadCounter.table","NW_015090842.1:10113212",30,76,46
"SPATA2L","s1324_S_POA_02_ASEReadCounter.table","NW_015090842.1:10113280",38,104,66
"SPATA2L","s1324_S_POA_02_ASEReadCounter.table","NW_015090842.1:10113296",43,114,71
"SPATA2L","s1324_S_POA_02_ASEReadCounter.table","NW_015090842.1:10113321",42,117,75
"SPATA2L","s1324_S_POA_02_ASEReadCounter.table","NW_015090842.1:10113332",49,129,80
"SPATA2L","s1324_S_POA_02_ASEReadCounter.table","NW_015090842.1:10113380",53,140,87
"SPATA2L","s1324_S_POA_02_ASEReadCounter.table","NW_015090842.1:10113381",53,144,91
"SPATA2L","s1324_S_POA_02_ASEReadCounter.table","NW_015090842.1:10113412",48,153,105
"SPATA2L","s1324_S_POA_02_ASEReadCounter.table","NW_015090842.1:10113421",46,155,109
"SPATA2L","s1324_S_POA_02_ASEReadCounter.table","NW_015090842.1:10113465",41,143,102
"SPATA2L","s1324_S_POA_02_ASEReadCounter.table","NW_015090842.1:10113535",67,147,80
"SPATA2L","s1324_S_POA_02_ASEReadCounter.table","NW_015090842.1:10113645",59,153,94
"SPATA2L","s1324_S_POA_02_ASEReadCounter.table","NW_015090842.1:10113682",76,180,104
"SPATA2L","s1324_S_POA_02_ASEReadCounter.table","NW_015090842.1:10113696",58,153,95
"SPATA2L","s1324_S_POA_02_ASEReadCounter.table","NW_015090842.1:10113727",68,168,100
"SPATA2L","s1324_S_POA_02_ASEReadCounter.table","NW_015090842.1:10113729",68,165,97
"SPATA2L","s1324_S_POA_02_ASEReadCounter.table","NW_015090842.1:10113799",72,166,94
"SPATA2L","s1324_S_POA_02_ASEReadCounter.table","NW_015090842.1:10113809",84,186,102
"SPATA2L","s1324_S_POA_02_ASEReadCounter.table","NW_015090842.1:10113827",79,165,86
"SPATA2L","s1324_S_POA_02_ASEReadCounter.table","NW_015090842.1:10113831",80,176,96
"SPATA2L","s1324_S_POA_02_ASEReadCounter.table","NW_015090842.1:10113894",73,168,95
"SPATA2L","s1324_S_POA_02_ASEReadCounter.table","NW_015090842.1:10113905",52,140,88
"SPATA2L","s1324_S_POA_02_ASEReadCounter.table","NW_015090842.1:10113914",57,140,83
"SPATA2L","s1324_S_POA_02_ASEReadCounter.table","NW_015090842.1:10113920",70,159,89
"SPATA2L","s1324_S_POA_02_ASEReadCounter.table","NW_015090842.1:10113937",77,160,83
"SPATA2L","s1324_S_POA_02_ASEReadCounter.table","NW_015090842.1:10113971",59,136,77
"SPATA2L","s1324_S_POA_02_ASEReadCounter.table","NW_015090842.1:10113976",48,144,96
"SPATA2L","s1324_S_POA_02_ASEReadCounter.table","NW_015090842.1:10113985",53,120,67
"SPATA2L","s1324_S_POA_02_ASEReadCounter.table","NW_015090842.1:10113994",62,135,73
"SPATA2L","s1324_S_POA_02_ASEReadCounter.table","NW_015090842.1:10114063",42,121,79
"SPATA2L","s1324_S_POA_02_ASEReadCounter.table","NW_015090842.1:10114066",41,119,78
"SPATA2L","s1324_S_POA_02_ASEReadCounter.table","NW_015090842.1:10114069",42,119,77
"SPATA2L","s1324_S_POA_02_ASEReadCounter.table","NW_015090842.1:10114159",43,103,60
"SPATA2L","s1324_S_POA_02_ASEReadCounter.table","NW_015090842.1:10114262",117,117,0
"SPATA2L","s1324_S_POA_02_ASEReadCounter.table","NW_015090842.1:10114470",36,89,53
"SPATA2L","s1324_S_POA_02_ASEReadCounter.table","NW_015090842.1:10114524",25,68,43
"VPS9D1","s1324_S_POA_02_ASEReadCounter.table","NW_015090842.1:10116377",36,87,51
"VPS9D1","s1324_S_POA_02_ASEReadCounter.table","NW_015090842.1:10116415",32,86,54
"VPS9D1","s1324_S_POA_02_ASEReadCounter.table","NW_015090842.1:10116607",33,88,55
"VPS9D1","s1324_S_POA_02_ASEReadCounter.table","NW_015090842.1:10116821",26,62,36
"VPS9D1","s1324_S_POA_02_ASEReadCounter.table","NW_015090842.1:10116825",27,63,36
"VPS9D1","s1324_S_POA_02_ASEReadCounter.table","NW_015090842.1:10116882",26,59,33
"VPS9D1","s1324_S_POA_02_ASEReadCounter.table","NW_015090842.1:10116933",38,79,41
"VPS9D1","s1324_S_POA_02_ASEReadCounter.table","NW_015090842.1:10116942",41,87,46
"VPS9D1","s1324_S_POA_02_ASEReadCounter.table","NW_015090842.1:10117152",25,76,51
"VPS9D1","s1324_S_POA_02_ASEReadCounter.table","NW_015090842.1:10117480",18,42,24
"VPS9D1","s1324_S_POA_02_ASEReadCounter.table","NW_015090842.1:10117497",15,40,25
"VPS9D1","s1324_S_POA_02_ASEReadCounter.table","NW_015090842.1:10117499",15,39,24
"VPS9D1","s1324_S_POA_02_ASEReadCounter.table","NW_015090842.1:10117516",16,45,29
"VPS9D1","s1324_S_POA_02_ASEReadCounter.table","NW_015090842.1:10117525",16,51,35
"VPS9D1","s1324_S_POA_02_ASEReadCounter.table","NW_015090842.1:10117579",13,48,35
"VPS9D1","s1324_S_POA_02_ASEReadCounter.table","NW_015090842.1:10117627",16,46,30
"VPS9D1","s1324_S_POA_02_ASEReadCounter.table","NW_015090842.1:10117678",18,60,42
"VPS9D1","s1324_S_POA_02_ASEReadCounter.table","NW_015090842.1:10117773",25,71,46
"VPS9D1","s1324_S_POA_02_ASEReadCounter.table","NW_015090842.1:10117937",26,80,54
"VPS9D1","s1324_S_POA_02_ASEReadCounter.table","NW_015090842.1:10117961",22,77,55
"VPS9D1","s1324_S_POA_02_ASEReadCounter.table","NW_015090842.1:10118236",17,73,56
"VPS9D1","s1324_S_POA_02_ASEReadCounter.table","NW_015090842.1:10118414",19,57,38
"VPS9D1","s1324_S_POA_02_ASEReadCounter.table","NW_015090842.1:10118973",29,84,55
"VPS9D1","s1324_S_POA_02_ASEReadCounter.table","NW_015090842.1:10119500",23,58,35
"ZNF276","s1324_S_POA_02_ASEReadCounter.table","NW_015090842.1:10121760",4,7,3
"ZNF276","s1324_S_POA_02_ASEReadCounter.table","NW_015090842.1:10121769",4,6,2
"ZNF276","s1324_S_POA_02_ASEReadCounter.table","NW_015090842.1:10121802",3,6,3
"ZNF276","s1324_S_POA_02_ASEReadCounter.table","NW_015090842.1:10121971",18,30,12
"ZNF276","s1324_S_POA_02_ASEReadCounter.table","NW_015090842.1:10122161",35,35,0
"ZNF276","s1324_S_POA_02_ASEReadCounter.table","NW_015090842.1:10122164",36,36,0
"ZNF276","s1324_S_POA_02_ASEReadCounter.table","NW_015090842.1:10122184",24,24,0
"ZNF276","s1324_S_POA_02_ASEReadCounter.table","NW_015090842.1:10122883",9,20,11
"ZNF276","s1324_S_POA_02_ASEReadCounter.table","NW_015090842.1:10122997",15,26,11
"ZNF276","s1324_S_POA_02_ASEReadCounter.table","NW_015090842.1:10123069",11,19,8
"ZNF276","s1324_S_POA_02_ASEReadCounter.table","NW_015090842.1:10123207",22,53,31
"ZNF276","s1324_S_POA_02_ASEReadCounter.table","NW_015090842.1:10125787",19,53,34
"ZNF276","s1324_S_POA_02_ASEReadCounter.table","NW_015090842.1:10126309",36,76,40
"ZNF276","s1324_S_POA_02_ASEReadCounter.table","NW_015090842.1:10126348",33,64,31
"ZNF276","s1324_S_POA_02_ASEReadCounter.table","NW_015090842.1:10126978",35,71,36
"ZNF276","s1324_S_POA_02_ASEReadCounter.table","NW_015090842.1:10126991",32,65,33
"ZNF276","s1324_S_POA_02_ASEReadCounter.table","NW_015090842.1:10127023",34,73,39
"ZNF276","s1324_S_POA_02_ASEReadCounter.table","NW_015090842.1:10127063",38,77,39
"ZNF276","s1324_S_POA_02_ASEReadCounter.table","NW_015090842.1:10127373",31,54,23
"ZNF276","s1324_S_POA_02_ASEReadCounter.table","NW_015090842.1:10127931",40,79,39
"ZNF276","s1324_S_POA_02_ASEReadCounter.table","NW_015090842.1:10128070",41,62,21
"ZNF276","s1324_S_POA_02_ASEReadCounter.table","NW_015090842.1:10128102",41,62,21
"ZNF276","s1324_S_POA_02_ASEReadCounter.table","NW_015090842.1:10128356",22,60,38
"ZNF276","s1324_S_POA_02_ASEReadCounter.table","NW_015090842.1:10128497",15,43,28
"FANCA","s1324_S_POA_02_ASEReadCounter.table","NW_015090842.1:10128743",0,3,3
"FANCA","s1324_S_POA_02_ASEReadCounter.table","NW_015090842.1:10128822",0,3,3
"FANCA","s1324_S_POA_02_ASEReadCounter.table","NW_015090842.1:10129383",2,4,2
"FANCA","s1324_S_POA_02_ASEReadCounter.table","NW_015090842.1:10129390",2,4,2
"FANCA","s1324_S_POA_02_ASEReadCounter.table","NW_015090842.1:10129422",2,4,2
"FANCA","s1324_S_POA_02_ASEReadCounter.table","NW_015090842.1:10133530",1,2,1
"FANCA","s1324_S_POA_02_ASEReadCounter.table","NW_015090842.1:10133533",1,2,1
"FANCA","s1324_S_POA_02_ASEReadCounter.table","NW_015090842.1:10133536",1,2,1
"FANCA","s1324_S_POA_02_ASEReadCounter.table","NW_015090842.1:10133601",0,1,1
"FANCA","s1324_S_POA_02_ASEReadCounter.table","NW_015090842.1:10134492",0,2,2
"FANCA","s1324_S_POA_02_ASEReadCounter.table","NW_015090842.1:10136957",1,3,2
"FANCA","s1324_S_POA_02_ASEReadCounter.table","NW_015090842.1:10136982",0,2,2
"FANCA","s1324_S_POA_02_ASEReadCounter.table","NW_015090842.1:10136999",0,2,2
"FANCA","s1324_S_POA_02_ASEReadCounter.table","NW_015090842.1:10137019",0,2,2
"FANCA","s1324_S_POA_02_ASEReadCounter.table","NW_015090842.1:10137673",1,1,0
"FANCA","s1324_S_POA_02_ASEReadCounter.table","NW_015090842.1:10138618",0,1,1
"FANCA","s1324_S_POA_02_ASEReadCounter.table","NW_015090842.1:10140699",2,3,1
"FANCA","s1324_S_POA_02_ASEReadCounter.table","NW_015090842.1:10145030",0,1,1
"FANCA","s1324_S_POA_02_ASEReadCounter.table","NW_015090842.1:10150518",1,1,0
"FANCA","s1324_S_POA_02_ASEReadCounter.table","NW_015090842.1:10158957",0,1,1
"SPIRE2","s1324_S_POA_02_ASEReadCounter.table","NW_015090842.1:10172284",17,32,15
"SPIRE2","s1324_S_POA_02_ASEReadCounter.table","NW_015090842.1:10175262",26,45,19
"SPIRE2","s1324_S_POA_02_ASEReadCounter.table","NW_015090842.1:10175352",13,21,8
"SPIRE2","s1324_S_POA_02_ASEReadCounter.table","NW_015090842.1:10175400",42,78,36
"SPIRE2","s1324_S_POA_02_ASEReadCounter.table","NW_015090842.1:10175418",47,88,41
"SPIRE2","s1324_S_POA_02_ASEReadCounter.table","NW_015090842.1:10175704",51,114,63
"SPIRE2","s1324_S_POA_02_ASEReadCounter.table","NW_015090842.1:10176115",78,159,81
"SPIRE2","s1324_S_POA_02_ASEReadCounter.table","NW_015090842.1:10176561",68,163,95
"SPIRE2","s1324_S_POA_02_ASEReadCounter.table","NW_015090842.1:10176817",64,132,68
"SPIRE2","s1324_S_POA_02_ASEReadCounter.table","NW_015090842.1:10177084",44,115,71
"SPIRE2","s1324_S_POA_02_ASEReadCounter.table","NW_015090842.1:10177838",86,177,91
"SPIRE2","s1324_S_POA_02_ASEReadCounter.table","NW_015090842.1:10178000",90,186,96
"SPIRE2","s1324_S_POA_02_ASEReadCounter.table","NW_015090842.1:10178164",107,207,100
"SPIRE2","s1324_S_POA_02_ASEReadCounter.table","NW_015090842.1:10178216",105,226,121
"SPIRE2","s1324_S_POA_02_ASEReadCounter.table","NW_015090842.1:10178303",102,183,81
"SPIRE2","s1324_S_POA_02_ASEReadCounter.table","NW_015090842.1:10178403",87,199,112
"SPIRE2","s1324_S_POA_02_ASEReadCounter.table","NW_015090842.1:10178409",87,196,109
"SPIRE2","s1324_S_POA_02_ASEReadCounter.table","NW_015090842.1:10178524",86,196,110
"SPIRE2","s1324_S_POA_02_ASEReadCounter.table","NW_015090842.1:10178526",87,199,112
"SPIRE2","s1324_S_POA_02_ASEReadCounter.table","NW_015090842.1:10178531",90,203,113
"SPIRE2","s1324_S_POA_02_ASEReadCounter.table","NW_015090842.1:10178565",78,184,106
"SPIRE2","s1324_S_POA_02_ASEReadCounter.table","NW_015090842.1:10178587",74,164,90
"SPIRE2","s1324_S_POA_02_ASEReadCounter.table","NW_015090842.1:10178640",67,139,72
"SPIRE2","s1324_S_POA_02_ASEReadCounter.table","NW_015090842.1:10178651",74,150,76
"SPIRE2","s1324_S_POA_02_ASEReadCounter.table","NW_015090842.1:10178682",80,144,64
"TCF25","s1324_S_POA_02_ASEReadCounter.table","NW_015090842.1:10180912",33,72,39
"TCF25","s1324_S_POA_02_ASEReadCounter.table","NW_015090842.1:10180924",33,72,39
"TCF25","s1324_S_POA_02_ASEReadCounter.table","NW_015090842.1:10180931",34,73,39
"TCF25","s1324_S_POA_02_ASEReadCounter.table","NW_015090842.1:10185332",87,184,97
"TCF25","s1324_S_POA_02_ASEReadCounter.table","NW_015090842.1:10196561",80,164,84
"TCF25","s1324_S_POA_02_ASEReadCounter.table","NW_015090842.1:10197399",225,225,0
"MC1R","s1324_S_POA_02_ASEReadCounter.table","NW_015090842.1:10201986",1,1,0
"TUBB3","s1324_S_POA_02_ASEReadCounter.table","NW_015090842.1:10205322",0,403,403
"GAS8","s1324_S_POA_02_ASEReadCounter.table","NW_015090842.1:10228982",20,45,25
"GAS8","s1324_S_POA_02_ASEReadCounter.table","NW_015090842.1:10229832",15,30,15
"GAS8","s1324_S_POA_02_ASEReadCounter.table","NW_015090842.1:10232901",37,64,27
"GAS8","s1324_S_POA_02_ASEReadCounter.table","NW_015090842.1:10232928",32,61,29
"GAS8","s1324_S_POA_02_ASEReadCounter.table","NW_015090842.1:10232967",35,64,29
"GAS8","s1324_S_POA_02_ASEReadCounter.table","NW_015090842.1:10233032",29,51,22
"GAS8","s1324_S_POA_02_ASEReadCounter.table","NW_015090842.1:10233057",22,39,17
"GAS8","s1324_S_POA_02_ASEReadCounter.table","NW_015090842.1:10233058",22,40,18
"GAS8","s1324_S_POA_02_ASEReadCounter.table","NW_015090842.1:10233176",19,33,14
"GAS8","s1324_S_POA_02_ASEReadCounter.table","NW_015090842.1:10233196",21,33,12
"GAS8","s1324_S_POA_02_ASEReadCounter.table","NW_015090842.1:10233252",22,34,12
"GAS8","s1324_S_POA_02_ASEReadCounter.table","NW_015090842.1:10233303",7,15,8
"LOC106888094","s1324_S_POA_02_ASEReadCounter.table","NW_015090842.1:10233334",3,7,4
"LOC106888094","s1324_S_POA_02_ASEReadCounter.table","NW_015090842.1:10233362",4,12,8
"LOC106888094","s1324_S_POA_02_ASEReadCounter.table","NW_015090842.1:10233373",5,16,11
"LOC106888094","s1324_S_POA_02_ASEReadCounter.table","NW_015090842.1:10233388",8,21,13
"LOC106888094","s1324_S_POA_02_ASEReadCounter.table","NW_015090842.1:10233402",7,21,14
"LOC106888094","s1324_S_POA_02_ASEReadCounter.table","NW_015090842.1:10233465",9,34,25
"LOC106888094","s1324_S_POA_02_ASEReadCounter.table","NW_015090842.1:10233803",18,39,21
"LOC106888094","s1324_S_POA_02_ASEReadCounter.table","NW_015090842.1:10233815",13,32,19
"LOC106888094","s1324_S_POA_02_ASEReadCounter.table","NW_015090842.1:10235484",0,1,1
"LOC106888094","s1324_S_POA_02_ASEReadCounter.table","NW_015090842.1:10235611",5,6,1
"LOC106888094","s1324_S_POA_02_ASEReadCounter.table","NW_015090842.1:10235977",2,2,0
"LOC106888094","s1324_S_POA_02_ASEReadCounter.table","NW_015090842.1:10236098",2,2,0
"LOC106888094","s1324_S_POA_02_ASEReadCounter.table","NW_015090842.1:10236161",2,2,0
"LOC106888094","s1324_S_POA_02_ASEReadCounter.table","NW_015090842.1:10236603",1,1,0
"LOC106888173","s1324_S_POA_02_ASEReadCounter.table","NW_015090842.1:10239596",1,14,13
"LOC106888173","s1324_S_POA_02_ASEReadCounter.table","NW_015090842.1:10240036",8,34,26
"LOC106888173","s1324_S_POA_02_ASEReadCounter.table","NW_015090842.1:10240095",6,35,29
"LOC106888173","s1324_S_POA_02_ASEReadCounter.table","NW_015090842.1:10240280",6,38,32
"LOC106888173","s1324_S_POA_02_ASEReadCounter.table","NW_015090842.1:10240557",10,39,29
"LOC106888173","s1324_S_POA_02_ASEReadCounter.table","NW_015090842.1:10240603",16,50,34
"LOC106888173","s1324_S_POA_02_ASEReadCounter.table","NW_015090842.1:10240609",15,52,37
"LOC106888173","s1324_S_POA_02_ASEReadCounter.table","NW_015090842.1:10240924",10,47,37
"LOC106888173","s1324_S_POA_02_ASEReadCounter.table","NW_015090842.1:10241037",7,41,34
"LOC106888173","s1324_S_POA_02_ASEReadCounter.table","NW_015090842.1:10241046",8,42,34
"LOC106888173","s1324_S_POA_02_ASEReadCounter.table","NW_015090842.1:10241058",8,42,34
"LOC106888173","s1324_S_POA_02_ASEReadCounter.table","NW_015090842.1:10241064",9,39,30
"LOC106888173","s1324_S_POA_02_ASEReadCounter.table","NW_015090842.1:10241163",14,46,32
"LOC106888173","s1324_S_POA_02_ASEReadCounter.table","NW_015090842.1:10241803",16,41,25
"LOC106888173","s1324_S_POA_02_ASEReadCounter.table","NW_015090842.1:10241827",9,32,23
"LOC106888173","s1324_S_POA_02_ASEReadCounter.table","NW_015090842.1:10241869",14,46,32
"LOC106888173","s1324_S_POA_02_ASEReadCounter.table","NW_015090842.1:10242079",15,49,34
"LOC106888173","s1324_S_POA_02_ASEReadCounter.table","NW_015090842.1:10242103",11,39,28
"LOC106888173","s1324_S_POA_02_ASEReadCounter.table","NW_015090842.1:10242157",14,44,30
"LOC106888173","s1324_S_POA_02_ASEReadCounter.table","NW_015090842.1:10242455",11,41,30
"LOC106888173","s1324_S_POA_02_ASEReadCounter.table","NW_015090842.1:10242481",12,41,29
"LOC106888173","s1324_S_POA_02_ASEReadCounter.table","NW_015090842.1:10242590",6,36,30
"LOC106888173","s1324_S_POA_02_ASEReadCounter.table","NW_015090842.1:10242794",9,32,23
"LOC106888173","s1324_S_POA_02_ASEReadCounter.table","NW_015090842.1:10242909",9,35,26
"LOC106888173","s1324_S_POA_02_ASEReadCounter.table","NW_015090842.1:10243094",7,38,31
"LOC106888173","s1324_S_POA_02_ASEReadCounter.table","NW_015090842.1:10243133",7,35,28
"LOC106888173","s1324_S_POA_02_ASEReadCounter.table","NW_015090842.1:10243273",16,57,41
"LOC106888173","s1324_S_POA_02_ASEReadCounter.table","NW_015090842.1:10243278",15,57,42
"LOC106888173","s1324_S_POA_02_ASEReadCounter.table","NW_015090842.1:10243281",17,59,42
"LOC106888173","s1324_S_POA_02_ASEReadCounter.table","NW_015090842.1:10243347",29,29,0
"LOC106888173","s1324_S_POA_02_ASEReadCounter.table","NW_015090842.1:10243353",10,28,18
"LOC106888173","s1324_S_POA_02_ASEReadCounter.table","NW_015090842.1:10243363",9,23,14
"LOC106888173","s1324_S_POA_02_ASEReadCounter.table","NW_015090842.1:10243365",9,24,15
"LOC106888173","s1324_S_POA_02_ASEReadCounter.table","NW_015090842.1:10243529",11,29,18
"LOC106888173","s1324_S_POA_02_ASEReadCounter.table","NW_015090842.1:10243566",15,45,30
"LOC106888173","s1324_S_POA_02_ASEReadCounter.table","NW_015090842.1:10243605",11,39,28
"LOC106888173","s1324_S_POA_02_ASEReadCounter.table","NW_015090842.1:10243614",11,41,30
"LOC106888173","s1324_S_POA_02_ASEReadCounter.table","NW_015090842.1:10243615",11,41,30
"LOC106888173","s1324_S_POA_02_ASEReadCounter.table","NW_015090842.1:10243640",8,30,22
"LOC106888173","s1324_S_POA_02_ASEReadCounter.table","NW_015090842.1:10243680",7,30,23
"LOC106888173","s1324_S_POA_02_ASEReadCounter.table","NW_015090842.1:10243742",14,45,31
"LOC106888173","s1324_S_POA_02_ASEReadCounter.table","NW_015090842.1:10243804",14,44,30
"LOC106888173","s1324_S_POA_02_ASEReadCounter.table","NW_015090842.1:10243913",8,20,12
"LOC106888173","s1324_S_POA_02_ASEReadCounter.table","NW_015090842.1:10243921",7,19,12
"LOC106888384","s1324_S_POA_02_ASEReadCounter.table","NW_015090842.1:10250743",1,1,0
"LOC106888384","s1324_S_POA_02_ASEReadCounter.table","NW_015090842.1:10250771",1,1,0
"LOC106888384","s1324_S_POA_02_ASEReadCounter.table","NW_015090842.1:10251343",3,3,0
"LOC106888384","s1324_S_POA_02_ASEReadCounter.table","NW_015090842.1:10251344",2,3,1
"LOC106888384","s1324_S_POA_02_ASEReadCounter.table","NW_015090842.1:10251349",2,2,0
"LOC106888384","s1324_S_POA_02_ASEReadCounter.table","NW_015090842.1:10251354",2,4,2
"LOC106888384","s1324_S_POA_02_ASEReadCounter.table","NW_015090842.1:10251358",2,4,2
"LOC106888384","s1324_S_POA_02_ASEReadCounter.table","NW_015090842.1:10251369",2,4,2
"LOC106888384","s1324_S_POA_02_ASEReadCounter.table","NW_015090842.1:10251370",2,4,2
"LOC106888384","s1324_S_POA_02_ASEReadCounter.table","NW_015090842.1:10251375",2,4,2
"LOC106888384","s1324_S_POA_02_ASEReadCounter.table","NW_015090842.1:10251388",0,1,1
"LOC106888384","s1324_S_POA_02_ASEReadCounter.table","NW_015090842.1:10251390",0,1,1
"LOC106888384","s1324_S_POA_02_ASEReadCounter.table","NW_015090842.1:10251393",0,1,1
"LOC106888384","s1324_S_POA_02_ASEReadCounter.table","NW_015090842.1:10251399",1,2,1
"LOC106888384","s1324_S_POA_02_ASEReadCounter.table","NW_015090842.1:10251492",2,2,0
"LOC106888384","s1324_S_POA_02_ASEReadCounter.table","NW_015090842.1:10253165",0,1,1
"LOC106888384","s1324_S_POA_02_ASEReadCounter.table","NW_015090842.1:10253284",0,1,1
"LOC106888384","s1324_S_POA_02_ASEReadCounter.table","NW_015090842.1:10254227",1,1,0
"LOC106888384","s1324_S_POA_02_ASEReadCounter.table","NW_015090842.1:10254233",1,1,0
"LOC106888384","s1324_S_POA_02_ASEReadCounter.table","NW_015090842.1:10254263",2,2,0
"LOC106888384","s1324_S_POA_02_ASEReadCounter.table","NW_015090842.1:10254293",2,2,0
"LOC106888384","s1324_S_POA_02_ASEReadCounter.table","NW_015090842.1:10254570",2,2,0
"LOC106888384","s1324_S_POA_02_ASEReadCounter.table","NW_015090842.1:10254663",0,1,1
"LOC106888384","s1324_S_POA_02_ASEReadCounter.table","NW_015090842.1:10254965",2,2,0
"LOC106888384","s1324_S_POA_02_ASEReadCounter.table","NW_015090842.1:10254975",1,2,1
"LOC106888384","s1324_S_POA_02_ASEReadCounter.table","NW_015090842.1:10255077",2,2,0
"LOC106888384","s1324_S_POA_02_ASEReadCounter.table","NW_015090842.1:10255117",2,2,0
"LOC106888384","s1324_S_POA_02_ASEReadCounter.table","NW_015090842.1:10255138",2,2,0
"LOC106888384","s1324_S_POA_02_ASEReadCounter.table","NW_015090842.1:10255139",2,2,0
"LOC106888384","s1324_S_POA_02_ASEReadCounter.table","NW_015090842.1:10255306",1,1,0
"LOC106888384","s1324_S_POA_02_ASEReadCounter.table","NW_015090842.1:10255340",1,1,0
"LOC106888384","s1324_S_POA_02_ASEReadCounter.table","NW_015090842.1:10255410",1,1,0
"LOC106888384","s1324_S_POA_02_ASEReadCounter.table","NW_015090842.1:10255449",1,1,0
"LOC106888384","s1324_S_POA_02_ASEReadCounter.table","NW_015090842.1:10255496",1,1,0
"LOC106888384","s1324_S_POA_02_ASEReadCounter.table","NW_015090842.1:10255505",1,1,0
"LOC106888384","s1324_S_POA_02_ASEReadCounter.table","NW_015090842.1:10255531",1,1,0
"LOC106888384","s1324_S_POA_02_ASEReadCounter.table","NW_015090842.1:10255704",2,3,1
"LOC106888384","s1324_S_POA_02_ASEReadCounter.table","NW_015090842.1:10255731",2,3,1
"LOC106888384","s1324_S_POA_02_ASEReadCounter.table","NW_015090842.1:10255771",0,1,1
"TANGO6","s1324_S_POA_02_ASEReadCounter.table","NW_015090842.1:10257782",7,8,1
"TANGO6","s1324_S_POA_02_ASEReadCounter.table","NW_015090842.1:10258162",9,16,7
"TANGO6","s1324_S_POA_02_ASEReadCounter.table","NW_015090842.1:10258185",8,15,7
"TANGO6","s1324_S_POA_02_ASEReadCounter.table","NW_015090842.1:10259267",18,28,10
"TANGO6","s1324_S_POA_02_ASEReadCounter.table","NW_015090842.1:10260250",32,52,20
"TANGO6","s1324_S_POA_02_ASEReadCounter.table","NW_015090842.1:10260979",25,37,12
"TANGO6","s1324_S_POA_02_ASEReadCounter.table","NW_015090842.1:10261599",17,28,11
"TANGO6","s1324_S_POA_02_ASEReadCounter.table","NW_015090842.1:10268425",29,47,18
"TANGO6","s1324_S_POA_02_ASEReadCounter.table","NW_015090842.1:10269831",30,42,12
"TANGO6","s1324_S_POA_02_ASEReadCounter.table","NW_015090842.1:10270813",35,43,8
"TANGO6","s1324_S_POA_02_ASEReadCounter.table","NW_015090842.1:10273952",18,29,11
"TANGO6","s1324_S_POA_02_ASEReadCounter.table","NW_015090842.1:10273970",20,36,16
"TANGO6","s1324_S_POA_02_ASEReadCounter.table","NW_015090842.1:10274018",22,39,17
"TANGO6","s1324_S_POA_02_ASEReadCounter.table","NW_015090842.1:10275974",28,44,16
"TANGO6","s1324_S_POA_02_ASEReadCounter.table","NW_015090842.1:10275976",28,44,16
"TANGO6","s1324_S_POA_02_ASEReadCounter.table","NW_015090842.1:10276123",27,45,18
"TANGO6","s1324_S_POA_02_ASEReadCounter.table","NW_015090842.1:10276271",21,45,24
"TANGO6","s1324_S_POA_02_ASEReadCounter.table","NW_015090842.1:10276272",20,44,24
"TANGO6","s1324_S_POA_02_ASEReadCounter.table","NW_015090842.1:10276275",21,45,24
"TANGO6","s1324_S_POA_02_ASEReadCounter.table","NW_015090842.1:10276278",21,46,25
"TANGO6","s1324_S_POA_02_ASEReadCounter.table","NW_015090842.1:10276368",20,34,14
"TANGO6","s1324_S_POA_02_ASEReadCounter.table","NW_015090842.1:10276373",21,38,17
"TANGO6","s1324_S_POA_02_ASEReadCounter.table","NW_015090842.1:10276630",34,55,21
"TANGO6","s1324_S_POA_02_ASEReadCounter.table","NW_015090842.1:10281498",33,49,16
"TANGO6","s1324_S_POA_02_ASEReadCounter.table","NW_015090842.1:10282842",32,52,20
"TANGO6","s1324_S_POA_02_ASEReadCounter.table","NW_015090842.1:10282863",31,48,17
"TANGO6","s1324_S_POA_02_ASEReadCounter.table","NW_015090842.1:10282869",31,48,17
"TANGO6","s1324_S_POA_02_ASEReadCounter.table","NW_015090842.1:10282903",35,58,23
"TANGO6","s1324_S_POA_02_ASEReadCounter.table","NW_015090842.1:10283757",60,91,31
"TANGO6","s1324_S_POA_02_ASEReadCounter.table","NW_015090842.1:10283785",71,101,30
"HAS3","s1324_S_POA_02_ASEReadCounter.table","NW_015090842.1:10288266",0,1,1
"HAS3","s1324_S_POA_02_ASEReadCounter.table","NW_015090842.1:10288274",0,2,2
"HAS3","s1324_S_POA_02_ASEReadCounter.table","NW_015090842.1:10288364",1,4,3
"HAS3","s1324_S_POA_02_ASEReadCounter.table","NW_015090842.1:10288405",1,2,1
"HAS3","s1324_S_POA_02_ASEReadCounter.table","NW_015090842.1:10289469",2,4,2
"HAS3","s1324_S_POA_02_ASEReadCounter.table","NW_015090842.1:10289708",1,3,2
"HAS3","s1324_S_POA_02_ASEReadCounter.table","NW_015090842.1:10290375",0,1,1
"HAS3","s1324_S_POA_02_ASEReadCounter.table","NW_015090842.1:10290395",0,3,3
"HAS3","s1324_S_POA_02_ASEReadCounter.table","NW_015090842.1:10290561",0,2,2
"HAS3","s1324_S_POA_02_ASEReadCounter.table","NW_015090842.1:10290609",1,2,1
"HAS3","s1324_S_POA_02_ASEReadCounter.table","NW_015090842.1:10290666",1,2,1
"HAS3","s1324_S_POA_02_ASEReadCounter.table","NW_015090842.1:10290927",2,2,0
"HAS3","s1324_S_POA_02_ASEReadCounter.table","NW_015090842.1:10291004",2,2,0
"CHTF8","s1324_S_POA_02_ASEReadCounter.table","NW_015090842.1:10291319",2,3,1
"CHTF8","s1324_S_POA_02_ASEReadCounter.table","NW_015090842.1:10291342",1,1,0
"CHTF8","s1324_S_POA_02_ASEReadCounter.table","NW_015090842.1:10291491",2,9,7
"CHTF8","s1324_S_POA_02_ASEReadCounter.table","NW_015090842.1:10291520",6,15,9
"CHTF8","s1324_S_POA_02_ASEReadCounter.table","NW_015090842.1:10291593",10,19,9
"CHTF8","s1324_S_POA_02_ASEReadCounter.table","NW_015090842.1:10291600",8,16,8
"CHTF8","s1324_S_POA_02_ASEReadCounter.table","NW_015090842.1:10291609",7,15,8
"CHTF8","s1324_S_POA_02_ASEReadCounter.table","NW_015090842.1:10291639",11,19,8
"CHTF8","s1324_S_POA_02_ASEReadCounter.table","NW_015090842.1:10291641",11,19,8
"CHTF8","s1324_S_POA_02_ASEReadCounter.table","NW_015090842.1:10291648",14,22,8
"CHTF8","s1324_S_POA_02_ASEReadCounter.table","NW_015090842.1:10291656",14,25,11
"CHTF8","s1324_S_POA_02_ASEReadCounter.table","NW_015090842.1:10291675",13,26,13
"CHTF8","s1324_S_POA_02_ASEReadCounter.table","NW_015090842.1:10291696",14,27,13
"CHTF8","s1324_S_POA_02_ASEReadCounter.table","NW_015090842.1:10291714",13,24,11
"CHTF8","s1324_S_POA_02_ASEReadCounter.table","NW_015090842.1:10291732",9,20,11
"CHTF8","s1324_S_POA_02_ASEReadCounter.table","NW_015090842.1:10291755",8,17,9
"CHTF8","s1324_S_POA_02_ASEReadCounter.table","NW_015090842.1:10291756",8,14,6
"CHTF8","s1324_S_POA_02_ASEReadCounter.table","NW_015090842.1:10291758",9,17,8
"CHTF8","s1324_S_POA_02_ASEReadCounter.table","NW_015090842.1:10291792",8,15,7
"CHTF8","s1324_S_POA_02_ASEReadCounter.table","NW_015090842.1:10291895",14,21,7
"CHTF8","s1324_S_POA_02_ASEReadCounter.table","NW_015090842.1:10292132",8,16,8
"CHTF8","s1324_S_POA_02_ASEReadCounter.table","NW_015090842.1:10292314",6,10,4
"CHTF8","s1324_S_POA_02_ASEReadCounter.table","NW_015090842.1:10292317",9,16,7
"CHTF8","s1324_S_POA_02_ASEReadCounter.table","NW_015090842.1:10292928",3,4,1
"UTP4","s1324_S_POA_02_ASEReadCounter.table","NW_015090842.1:10293146",15,31,16
"UTP4","s1324_S_POA_02_ASEReadCounter.table","NW_015090842.1:10293151",13,29,16
"UTP4","s1324_S_POA_02_ASEReadCounter.table","NW_015090842.1:10293191",8,18,10
"UTP4","s1324_S_POA_02_ASEReadCounter.table","NW_015090842.1:10293362",15,26,11
"UTP4","s1324_S_POA_02_ASEReadCounter.table","NW_015090842.1:10293430",17,33,16
"UTP4","s1324_S_POA_02_ASEReadCounter.table","NW_015090842.1:10293625",7,23,16
"UTP4","s1324_S_POA_02_ASEReadCounter.table","NW_015090842.1:10293684",5,24,19
"UTP4","s1324_S_POA_02_ASEReadCounter.table","NW_015090842.1:10294093",13,31,18
"UTP4","s1324_S_POA_02_ASEReadCounter.table","NW_015090842.1:10294568",14,32,18
"UTP4","s1324_S_POA_02_ASEReadCounter.table","NW_015090842.1:10294622",12,30,18
"UTP4","s1324_S_POA_02_ASEReadCounter.table","NW_015090842.1:10294632",11,31,20
"UTP4","s1324_S_POA_02_ASEReadCounter.table","NW_015090842.1:10295238",6,28,22
"UTP4","s1324_S_POA_02_ASEReadCounter.table","NW_015090842.1:10295880",15,30,15
"UTP4","s1324_S_POA_02_ASEReadCounter.table","NW_015090842.1:10295884",15,31,16
"UTP4","s1324_S_POA_02_ASEReadCounter.table","NW_015090842.1:10295903",14,32,18
"UTP4","s1324_S_POA_02_ASEReadCounter.table","NW_015090842.1:10295906",14,32,18
"UTP4","s1324_S_POA_02_ASEReadCounter.table","NW_015090842.1:10295915",14,32,18
"UTP4","s1324_S_POA_02_ASEReadCounter.table","NW_015090842.1:10295938",13,32,19
"UTP4","s1324_S_POA_02_ASEReadCounter.table","NW_015090842.1:10296175",11,32,21
"UTP4","s1324_S_POA_02_ASEReadCounter.table","NW_015090842.1:10296660",16,39,23
"UTP4","s1324_S_POA_02_ASEReadCounter.table","NW_015090842.1:10296679",21,42,21
"UTP4","s1324_S_POA_02_ASEReadCounter.table","NW_015090842.1:10297193",22,57,35
"UTP4","s1324_S_POA_02_ASEReadCounter.table","NW_015090842.1:10297220",28,56,28
"UTP4","s1324_S_POA_02_ASEReadCounter.table","NW_015090842.1:10297307",24,68,44
"UTP4","s1324_S_POA_02_ASEReadCounter.table","NW_015090842.1:10297558",29,59,30
"UTP4","s1324_S_POA_02_ASEReadCounter.table","NW_015090842.1:10297943",31,64,33
"UTP4","s1324_S_POA_02_ASEReadCounter.table","NW_015090842.1:10297979",31,58,27
"UTP4","s1324_S_POA_02_ASEReadCounter.table","NW_015090842.1:10298022",23,42,19
"UTP4","s1324_S_POA_02_ASEReadCounter.table","NW_015090842.1:10298079",6,18,12
"UTP4","s1324_S_POA_02_ASEReadCounter.table","NW_015090842.1:10298081",4,15,11
"UTP4","s1324_S_POA_02_ASEReadCounter.table","NW_015090842.1:10298082",4,16,12
"SNTB2","s1324_S_POA_02_ASEReadCounter.table","NW_015090842.1:10298905",0,1,1
"SNTB2","s1324_S_POA_02_ASEReadCounter.table","NW_015090842.1:10298928",0,2,2
"SNTB2","s1324_S_POA_02_ASEReadCounter.table","NW_015090842.1:10303506",6,9,3
"SNTB2","s1324_S_POA_02_ASEReadCounter.table","NW_015090842.1:10303524",8,12,4
"SNTB2","s1324_S_POA_02_ASEReadCounter.table","NW_015090842.1:10304059",5,10,5
"SNTB2","s1324_S_POA_02_ASEReadCounter.table","NW_015090842.1:10304089",5,10,5
"SNTB2","s1324_S_POA_02_ASEReadCounter.table","NW_015090842.1:10304167",2,2,0
"SNTB2","s1324_S_POA_02_ASEReadCounter.table","NW_015090842.1:10304176",2,2,0
"SNTB2","s1324_S_POA_02_ASEReadCounter.table","NW_015090842.1:10305069",2,5,3
"SNTB2","s1324_S_POA_02_ASEReadCounter.table","NW_015090842.1:10305099",4,11,7
"SNTB2","s1324_S_POA_02_ASEReadCounter.table","NW_015090842.1:10305451",0,3,3
"SNTB2","s1324_S_POA_02_ASEReadCounter.table","NW_015090842.1:10305547",3,9,6
"SNTB2","s1324_S_POA_02_ASEReadCounter.table","NW_015090842.1:10305847",2,3,1
"SNTB2","s1324_S_POA_02_ASEReadCounter.table","NW_015090842.1:10305911",3,5,2
"SNTB2","s1324_S_POA_02_ASEReadCounter.table","NW_015090842.1:10306173",0,2,2
"SNTB2","s1324_S_POA_02_ASEReadCounter.table","NW_015090842.1:10306275",7,11,4
"SNTB2","s1324_S_POA_02_ASEReadCounter.table","NW_015090842.1:10306457",9,14,5
"SNTB2","s1324_S_POA_02_ASEReadCounter.table","NW_015090842.1:10306496",11,16,5
"SNTB2","s1324_S_POA_02_ASEReadCounter.table","NW_015090842.1:10306499",11,15,4
"VPS4A","s1324_S_POA_02_ASEReadCounter.table","NW_015090842.1:10308566",78,159,81
"VPS4A","s1324_S_POA_02_ASEReadCounter.table","NW_015090842.1:10308573",84,173,89
"VPS4A","s1324_S_POA_02_ASEReadCounter.table","NW_015090842.1:10308856",131,269,138
"VPS4A","s1324_S_POA_02_ASEReadCounter.table","NW_015090842.1:10309056",161,354,193
"VPS4A","s1324_S_POA_02_ASEReadCounter.table","NW_015090842.1:10309089",183,370,187
"VPS4A","s1324_S_POA_02_ASEReadCounter.table","NW_015090842.1:10309392",179,332,153
"VPS4A","s1324_S_POA_02_ASEReadCounter.table","NW_015090842.1:10309413",187,347,160
"VPS4A","s1324_S_POA_02_ASEReadCounter.table","NW_015090842.1:10309467",192,382,190
"VPS4A","s1324_S_POA_02_ASEReadCounter.table","NW_015090842.1:10310230",169,389,220
"VPS4A","s1324_S_POA_02_ASEReadCounter.table","NW_015090842.1:10310425",180,363,183
"VPS4A","s1324_S_POA_02_ASEReadCounter.table","NW_015090842.1:10310639",209,434,225
"VPS4A","s1324_S_POA_02_ASEReadCounter.table","NW_015090842.1:10310640",437,437,0
"VPS4A","s1324_S_POA_02_ASEReadCounter.table","NW_015090842.1:10310687",212,447,235
"VPS4A","s1324_S_POA_02_ASEReadCounter.table","NW_015090842.1:10310734",200,381,181
"VPS4A","s1324_S_POA_02_ASEReadCounter.table","NW_015090842.1:10310737",209,392,183
"VPS4A","s1324_S_POA_02_ASEReadCounter.table","NW_015090842.1:10310746",209,400,191
"VPS4A","s1324_S_POA_02_ASEReadCounter.table","NW_015090842.1:10310767",228,425,197
"VPS4A","s1324_S_POA_02_ASEReadCounter.table","NW_015090842.1:10310995",192,395,203
"VPS4A","s1324_S_POA_02_ASEReadCounter.table","NW_015090842.1:10311004",197,394,197
"VPS4A","s1324_S_POA_02_ASEReadCounter.table","NW_015090842.1:10311007",206,414,208
"VPS4A","s1324_S_POA_02_ASEReadCounter.table","NW_015090842.1:10311013",209,405,196
"VPS4A","s1324_S_POA_02_ASEReadCounter.table","NW_015090842.1:10311022",190,387,197
"VPS4A","s1324_S_POA_02_ASEReadCounter.table","NW_015090842.1:10311023",189,387,198
"VPS4A","s1324_S_POA_02_ASEReadCounter.table","NW_015090842.1:10311426",202,419,217
"VPS4A","s1324_S_POA_02_ASEReadCounter.table","NW_015090842.1:10311489",2,13,11
"VPS4A","s1324_S_POA_02_ASEReadCounter.table","NW_015090842.1:10311490",3,12,9
"VPS4A","s1324_S_POA_02_ASEReadCounter.table","NW_015090842.1:10311525",13,22,9
"VPS4A","s1324_S_POA_02_ASEReadCounter.table","NW_015090842.1:10311529",18,34,16
"VPS4A","s1324_S_POA_02_ASEReadCounter.table","NW_015090842.1:10311530",18,37,19
"VPS4A","s1324_S_POA_02_ASEReadCounter.table","NW_015090842.1:10311552",41,71,30
"VPS4A","s1324_S_POA_02_ASEReadCounter.table","NW_015090842.1:10311689",39,70,31
"VPS4A","s1324_S_POA_02_ASEReadCounter.table","NW_015090842.1:10311700",53,89,36
"VPS4A","s1324_S_POA_02_ASEReadCounter.table","NW_015090842.1:10311701",52,87,35
"VPS4A","s1324_S_POA_02_ASEReadCounter.table","NW_015090842.1:10311703",52,87,35
"COG8","s1324_S_POA_02_ASEReadCounter.table","NW_015090842.1:10313487",22,61,39
"COG8","s1324_S_POA_02_ASEReadCounter.table","NW_015090842.1:10313559",28,73,45
"COG8","s1324_S_POA_02_ASEReadCounter.table","NW_015090842.1:10313579",28,73,45
"COG8","s1324_S_POA_02_ASEReadCounter.table","NW_015090842.1:10313665",22,62,40
"COG8","s1324_S_POA_02_ASEReadCounter.table","NW_015090842.1:10313681",20,62,42
"COG8","s1324_S_POA_02_ASEReadCounter.table","NW_015090842.1:10313768",26,67,41
"COG8","s1324_S_POA_02_ASEReadCounter.table","NW_015090842.1:10313775",27,66,39
"COG8","s1324_S_POA_02_ASEReadCounter.table","NW_015090842.1:10313811",20,56,36
"COG8","s1324_S_POA_02_ASEReadCounter.table","NW_015090842.1:10313858",26,60,34
"COG8","s1324_S_POA_02_ASEReadCounter.table","NW_015090842.1:10313859",60,60,0
"COG8","s1324_S_POA_02_ASEReadCounter.table","NW_015090842.1:10314100",25,60,35
"COG8","s1324_S_POA_02_ASEReadCounter.table","NW_015090842.1:10314213",29,66,37
"COG8","s1324_S_POA_02_ASEReadCounter.table","NW_015090842.1:10315093",28,55,27
"COG8","s1324_S_POA_02_ASEReadCounter.table","NW_015090842.1:10315162",19,47,28
"COG8","s1324_S_POA_02_ASEReadCounter.table","NW_015090842.1:10315285",33,54,21
"COG8","s1324_S_POA_02_ASEReadCounter.table","NW_015090842.1:10315360",25,52,27
"COG8","s1324_S_POA_02_ASEReadCounter.table","NW_015090842.1:10315369",28,56,28
"COG8","s1324_S_POA_02_ASEReadCounter.table","NW_015090842.1:10315508",15,35,20
"COG8","s1324_S_POA_02_ASEReadCounter.table","NW_015090842.1:10315624",15,50,35
"COG8","s1324_S_POA_02_ASEReadCounter.table","NW_015090842.1:10315693",16,36,20
"COG8","s1324_S_POA_02_ASEReadCounter.table","NW_015090842.1:10315698",14,35,21
"COG8","s1324_S_POA_02_ASEReadCounter.table","NW_015090842.1:10315768",8,26,18
"COG8","s1324_S_POA_02_ASEReadCounter.table","NW_015090842.1:10315769",9,26,17
"COG8","s1324_S_POA_02_ASEReadCounter.table","NW_015090842.1:10315784",9,28,19
"COG8","s1324_S_POA_02_ASEReadCounter.table","NW_015090842.1:10316093",5,25,20
"COG8","s1324_S_POA_02_ASEReadCounter.table","NW_015090842.1:10316133",7,25,18
"NIP7","s1324_S_POA_02_ASEReadCounter.table","NW_015090842.1:10316759",14,33,19
"NIP7","s1324_S_POA_02_ASEReadCounter.table","NW_015090842.1:10316967",102,232,130
"NIP7","s1324_S_POA_02_ASEReadCounter.table","NW_015090842.1:10316995",118,258,140
"NIP7","s1324_S_POA_02_ASEReadCounter.table","NW_015090842.1:10317240",161,313,152
"NIP7","s1324_S_POA_02_ASEReadCounter.table","NW_015090842.1:10317247",164,311,147
"NIP7","s1324_S_POA_02_ASEReadCounter.table","NW_015090842.1:10317264",157,295,138
"NIP7","s1324_S_POA_02_ASEReadCounter.table","NW_015090842.1:10317433",179,386,207
"NIP7","s1324_S_POA_02_ASEReadCounter.table","NW_015090842.1:10317738",137,340,203
"NIP7","s1324_S_POA_02_ASEReadCounter.table","NW_015090842.1:10317769",151,345,194
"NIP7","s1324_S_POA_02_ASEReadCounter.table","NW_015090842.1:10317808",119,241,122
"NIP7","s1324_S_POA_02_ASEReadCounter.table","NW_015090842.1:10317870",73,150,77
"NIP7","s1324_S_POA_02_ASEReadCounter.table","NW_015090842.1:10317871",73,146,73
"NIP7","s1324_S_POA_02_ASEReadCounter.table","NW_015090842.1:10317898",49,102,53
"NIP7","s1324_S_POA_02_ASEReadCounter.table","NW_015090842.1:10317911",48,91,43
"TERF2","s1324_S_POA_02_ASEReadCounter.table","NW_015090842.1:10321768",22,51,29
"TERF2","s1324_S_POA_02_ASEReadCounter.table","NW_015090842.1:10321777",18,47,29
"TERF2","s1324_S_POA_02_ASEReadCounter.table","NW_015090842.1:10321805",18,56,38
"TERF2","s1324_S_POA_02_ASEReadCounter.table","NW_015090842.1:10321878",32,83,51
"TERF2","s1324_S_POA_02_ASEReadCounter.table","NW_015090842.1:10321893",35,82,47
"TERF2","s1324_S_POA_02_ASEReadCounter.table","NW_015090842.1:10321897",34,79,45
"TERF2","s1324_S_POA_02_ASEReadCounter.table","NW_015090842.1:10321908",32,73,41
"TERF2","s1324_S_POA_02_ASEReadCounter.table","NW_015090842.1:10322001",48,107,59
"TERF2","s1324_S_POA_02_ASEReadCounter.table","NW_015090842.1:10322035",44,100,56
"TERF2","s1324_S_POA_02_ASEReadCounter.table","NW_015090842.1:10322051",46,112,66
"TERF2","s1324_S_POA_02_ASEReadCounter.table","NW_015090842.1:10322137",40,91,51
"TERF2","s1324_S_POA_02_ASEReadCounter.table","NW_015090842.1:10322144",39,92,53
"TERF2","s1324_S_POA_02_ASEReadCounter.table","NW_015090842.1:10322388",29,94,65
"TERF2","s1324_S_POA_02_ASEReadCounter.table","NW_015090842.1:10322396",30,92,62
"TERF2","s1324_S_POA_02_ASEReadCounter.table","NW_015090842.1:10322502",42,94,52
"TERF2","s1324_S_POA_02_ASEReadCounter.table","NW_015090842.1:10322504",43,97,54
"TERF2","s1324_S_POA_02_ASEReadCounter.table","NW_015090842.1:10322510",41,92,51
"TERF2","s1324_S_POA_02_ASEReadCounter.table","NW_015090842.1:10323580",48,100,52
"TERF2","s1324_S_POA_02_ASEReadCounter.table","NW_015090842.1:10324314",38,88,50
"TERF2","s1324_S_POA_02_ASEReadCounter.table","NW_015090842.1:10326832",30,62,32
"TERF2","s1324_S_POA_02_ASEReadCounter.table","NW_015090842.1:10327787",22,48,26
"TERF2","s1324_S_POA_02_ASEReadCounter.table","NW_015090842.1:10328588",21,46,25
"TERF2","s1324_S_POA_02_ASEReadCounter.table","NW_015090842.1:10328644",22,44,22
"TERF2","s1324_S_POA_02_ASEReadCounter.table","NW_015090842.1:10329813",17,35,18
"TERF2","s1324_S_POA_02_ASEReadCounter.table","NW_015090842.1:10330749",14,29,15
"TERF2","s1324_S_POA_02_ASEReadCounter.table","NW_015090842.1:10330789",19,33,14
"CYB5B","s1324_S_POA_02_ASEReadCounter.table","NW_015090842.1:10336595",3,15,12
"CYB5B","s1324_S_POA_02_ASEReadCounter.table","NW_015090842.1:10336667",47,109,62
"CYB5B","s1324_S_POA_02_ASEReadCounter.table","NW_015090842.1:10336689",67,150,83
"CYB5B","s1324_S_POA_02_ASEReadCounter.table","NW_015090842.1:10336728",101,223,122
"CYB5B","s1324_S_POA_02_ASEReadCounter.table","NW_015090842.1:10345068",107,233,126
"CYB5B","s1324_S_POA_02_ASEReadCounter.table","NW_015090842.1:10348800",146,299,153
"CYB5B","s1324_S_POA_02_ASEReadCounter.table","NW_015090842.1:10349046",122,257,135
"CYB5B","s1324_S_POA_02_ASEReadCounter.table","NW_015090842.1:10349119",66,201,135
"CYB5B","s1324_S_POA_02_ASEReadCounter.table","NW_015090842.1:10349146",38,182,144
"CYB5B","s1324_S_POA_02_ASEReadCounter.table","NW_015090842.1:10349157",58,209,151
"CYB5B","s1324_S_POA_02_ASEReadCounter.table","NW_015090842.1:10349263",203,203,0
