"gene","id","snp","ref_count","total_count","alt_count"
"CENPN","s1324_S_VTA_03_ASEReadCounter.table","NW_015090842.1:5801612",1,1,0
"CENPN","s1324_S_VTA_03_ASEReadCounter.table","NW_015090842.1:5801618",1,1,0
"CENPN","s1324_S_VTA_03_ASEReadCounter.table","NW_015090842.1:5801623",1,1,0
"CENPN","s1324_S_VTA_03_ASEReadCounter.table","NW_015090842.1:5801631",1,1,0
"CENPN","s1324_S_VTA_03_ASEReadCounter.table","NW_015090842.1:5801632",1,1,0
"CENPN","s1324_S_VTA_03_ASEReadCounter.table","NW_015090842.1:5801655",1,2,1
"CENPN","s1324_S_VTA_03_ASEReadCounter.table","NW_015090842.1:5801670",0,1,1
"CENPN","s1324_S_VTA_03_ASEReadCounter.table","NW_015090842.1:5801674",0,1,1
"CENPN","s1324_S_VTA_03_ASEReadCounter.table","NW_015090842.1:5801692",1,2,1
"CENPN","s1324_S_VTA_03_ASEReadCounter.table","NW_015090842.1:5802008",2,6,4
"CENPN","s1324_S_VTA_03_ASEReadCounter.table","NW_015090842.1:5802012",2,5,3
"CENPN","s1324_S_VTA_03_ASEReadCounter.table","NW_015090842.1:5802087",0,4,4
"CENPN","s1324_S_VTA_03_ASEReadCounter.table","NW_015090842.1:5810113",5,5,0
"CENPN","s1324_S_VTA_03_ASEReadCounter.table","NW_015090842.1:5810147",9,9,0
"CENPN","s1324_S_VTA_03_ASEReadCounter.table","NW_015090842.1:5810148",9,9,0
"ATMIN","s1324_S_VTA_03_ASEReadCounter.table","NW_015090842.1:5818789",1,3,2
"ATMIN","s1324_S_VTA_03_ASEReadCounter.table","NW_015090842.1:5819958",0,1,1
"ATMIN","s1324_S_VTA_03_ASEReadCounter.table","NW_015090842.1:5820004",2,4,2
"ATMIN","s1324_S_VTA_03_ASEReadCounter.table","NW_015090842.1:5820217",3,3,0
"ATMIN","s1324_S_VTA_03_ASEReadCounter.table","NW_015090842.1:5820250",3,3,0
"ATMIN","s1324_S_VTA_03_ASEReadCounter.table","NW_015090842.1:5820298",3,3,0
"ATMIN","s1324_S_VTA_03_ASEReadCounter.table","NW_015090842.1:5820417",1,2,1
"ATMIN","s1324_S_VTA_03_ASEReadCounter.table","NW_015090842.1:5820421",1,3,2
"ATMIN","s1324_S_VTA_03_ASEReadCounter.table","NW_015090842.1:5820448",1,2,1
"ATMIN","s1324_S_VTA_03_ASEReadCounter.table","NW_015090842.1:5820457",1,2,1
"ATMIN","s1324_S_VTA_03_ASEReadCounter.table","NW_015090842.1:5820510",2,2,0
"ATMIN","s1324_S_VTA_03_ASEReadCounter.table","NW_015090842.1:5820673",2,5,3
"ATMIN","s1324_S_VTA_03_ASEReadCounter.table","NW_015090842.1:5820754",2,3,1
"ATMIN","s1324_S_VTA_03_ASEReadCounter.table","NW_015090842.1:5820820",3,4,1
"ATMIN","s1324_S_VTA_03_ASEReadCounter.table","NW_015090842.1:5820865",5,6,1
"ATMIN","s1324_S_VTA_03_ASEReadCounter.table","NW_015090842.1:5820889",3,4,1
"ATMIN","s1324_S_VTA_03_ASEReadCounter.table","NW_015090842.1:5820891",3,4,1
"ATMIN","s1324_S_VTA_03_ASEReadCounter.table","NW_015090842.1:5820997",2,4,2
"ATMIN","s1324_S_VTA_03_ASEReadCounter.table","NW_015090842.1:5821063",5,7,2
"ATMIN","s1324_S_VTA_03_ASEReadCounter.table","NW_015090842.1:5821132",7,9,2
"ATMIN","s1324_S_VTA_03_ASEReadCounter.table","NW_015090842.1:5821645",3,7,4
"ATMIN","s1324_S_VTA_03_ASEReadCounter.table","NW_015090842.1:5825066",9,19,10
"ATMIN","s1324_S_VTA_03_ASEReadCounter.table","NW_015090842.1:5825106",8,21,13
"ATMIN","s1324_S_VTA_03_ASEReadCounter.table","NW_015090842.1:5825122",8,19,11
"ATMIN","s1324_S_VTA_03_ASEReadCounter.table","NW_015090842.1:5825178",13,23,10
"ATMIN","s1324_S_VTA_03_ASEReadCounter.table","NW_015090842.1:5825194",12,22,10
"ATMIN","s1324_S_VTA_03_ASEReadCounter.table","NW_015090842.1:5825195",12,22,10
"ATMIN","s1324_S_VTA_03_ASEReadCounter.table","NW_015090842.1:5825220",10,20,10
"ATMIN","s1324_S_VTA_03_ASEReadCounter.table","NW_015090842.1:5825240",14,24,10
"ATMIN","s1324_S_VTA_03_ASEReadCounter.table","NW_015090842.1:5825303",18,27,9
"ATMIN","s1324_S_VTA_03_ASEReadCounter.table","NW_015090842.1:5825304",18,27,9
"ATMIN","s1324_S_VTA_03_ASEReadCounter.table","NW_015090842.1:5825310",16,24,8
"ATMIN","s1324_S_VTA_03_ASEReadCounter.table","NW_015090842.1:5825406",14,23,9
"ATMIN","s1324_S_VTA_03_ASEReadCounter.table","NW_015090842.1:5825415",12,19,7
"ATMIN","s1324_S_VTA_03_ASEReadCounter.table","NW_015090842.1:5825438",11,19,8
"ATMIN","s1324_S_VTA_03_ASEReadCounter.table","NW_015090842.1:5825485",14,21,7
"ATMIN","s1324_S_VTA_03_ASEReadCounter.table","NW_015090842.1:5825524",13,19,6
"ATMIN","s1324_S_VTA_03_ASEReadCounter.table","NW_015090842.1:5825557",6,12,6
"ATMIN","s1324_S_VTA_03_ASEReadCounter.table","NW_015090842.1:5825571",9,18,9
"ATMIN","s1324_S_VTA_03_ASEReadCounter.table","NW_015090842.1:5825579",10,22,12
"ATMIN","s1324_S_VTA_03_ASEReadCounter.table","NW_015090842.1:5825590",9,20,11
"ATMIN","s1324_S_VTA_03_ASEReadCounter.table","NW_015090842.1:5825689",17,31,14
"ATMIN","s1324_S_VTA_03_ASEReadCounter.table","NW_015090842.1:5825703",22,38,16
"ATMIN","s1324_S_VTA_03_ASEReadCounter.table","NW_015090842.1:5825787",16,30,14
"ATMIN","s1324_S_VTA_03_ASEReadCounter.table","NW_015090842.1:5825833",14,32,18
"ATMIN","s1324_S_VTA_03_ASEReadCounter.table","NW_015090842.1:5825841",14,30,16
"ATMIN","s1324_S_VTA_03_ASEReadCounter.table","NW_015090842.1:5825895",15,32,17
"ATMIN","s1324_S_VTA_03_ASEReadCounter.table","NW_015090842.1:5825984",9,23,14
"ATMIN","s1324_S_VTA_03_ASEReadCounter.table","NW_015090842.1:5826162",22,45,23
"ATMIN","s1324_S_VTA_03_ASEReadCounter.table","NW_015090842.1:5826194",32,56,24
"ATMIN","s1324_S_VTA_03_ASEReadCounter.table","NW_015090842.1:5826235",27,57,30
"ATMIN","s1324_S_VTA_03_ASEReadCounter.table","NW_015090842.1:5826245",29,58,29
"ATMIN","s1324_S_VTA_03_ASEReadCounter.table","NW_015090842.1:5826335",10,27,17
"ATMIN","s1324_S_VTA_03_ASEReadCounter.table","NW_015090842.1:5826417",11,28,17
"ATMIN","s1324_S_VTA_03_ASEReadCounter.table","NW_015090842.1:5826431",9,33,24
"ATMIN","s1324_S_VTA_03_ASEReadCounter.table","NW_015090842.1:5826438",11,28,17
"ATMIN","s1324_S_VTA_03_ASEReadCounter.table","NW_015090842.1:5826463",14,39,25
"ATMIN","s1324_S_VTA_03_ASEReadCounter.table","NW_015090842.1:5826502",21,49,28
"ATMIN","s1324_S_VTA_03_ASEReadCounter.table","NW_015090842.1:5826511",22,49,27
"ATMIN","s1324_S_VTA_03_ASEReadCounter.table","NW_015090842.1:5826659",14,39,25
"ATMIN","s1324_S_VTA_03_ASEReadCounter.table","NW_015090842.1:5826701",20,53,33
"ATMIN","s1324_S_VTA_03_ASEReadCounter.table","NW_015090842.1:5826702",20,53,33
"ATMIN","s1324_S_VTA_03_ASEReadCounter.table","NW_015090842.1:5826732",22,61,39
"ATMIN","s1324_S_VTA_03_ASEReadCounter.table","NW_015090842.1:5826745",22,54,32
"ATMIN","s1324_S_VTA_03_ASEReadCounter.table","NW_015090842.1:5826835",15,38,23
"ATMIN","s1324_S_VTA_03_ASEReadCounter.table","NW_015090842.1:5826910",17,40,23
"ATMIN","s1324_S_VTA_03_ASEReadCounter.table","NW_015090842.1:5826942",9,45,36
"ATMIN","s1324_S_VTA_03_ASEReadCounter.table","NW_015090842.1:5827193",38,87,49
"ATMIN","s1324_S_VTA_03_ASEReadCounter.table","NW_015090842.1:5827196",38,86,48
"ATMIN","s1324_S_VTA_03_ASEReadCounter.table","NW_015090842.1:5827269",34,75,41
"ATMIN","s1324_S_VTA_03_ASEReadCounter.table","NW_015090842.1:5827315",26,56,30
"ATMIN","s1324_S_VTA_03_ASEReadCounter.table","NW_015090842.1:5827316",27,58,31
"ATMIN","s1324_S_VTA_03_ASEReadCounter.table","NW_015090842.1:5827333",29,60,31
"PPP1R3E","s1324_S_VTA_03_ASEReadCounter.table","NW_015090842.1:5837733",5,8,3
"PPP1R3E","s1324_S_VTA_03_ASEReadCounter.table","NW_015090842.1:5837947",2,7,5
"PKD1L2","s1324_S_VTA_03_ASEReadCounter.table","NW_015090842.1:5867597",0,1,1
"PKD1L2","s1324_S_VTA_03_ASEReadCounter.table","NW_015090842.1:5867600",0,1,1
"PKD1L2","s1324_S_VTA_03_ASEReadCounter.table","NW_015090842.1:5867660",0,2,2
"PKD1L2","s1324_S_VTA_03_ASEReadCounter.table","NW_015090842.1:5867675",0,2,2
"BCO1","s1324_S_VTA_03_ASEReadCounter.table","NW_015090842.1:5915610",0,1,1
"BCO1","s1324_S_VTA_03_ASEReadCounter.table","NW_015090842.1:5915646",1,2,1
"BCO1","s1324_S_VTA_03_ASEReadCounter.table","NW_015090842.1:5917836",0,1,1
"BCO1","s1324_S_VTA_03_ASEReadCounter.table","NW_015090842.1:5917912",3,5,2
"BCO1","s1324_S_VTA_03_ASEReadCounter.table","NW_015090842.1:5917941",3,5,2
"BCO1","s1324_S_VTA_03_ASEReadCounter.table","NW_015090842.1:5917971",3,4,1
"BCO1","s1324_S_VTA_03_ASEReadCounter.table","NW_015090842.1:5921679",4,4,0
"BCO1","s1324_S_VTA_03_ASEReadCounter.table","NW_015090842.1:5921726",6,7,1
"BCO1","s1324_S_VTA_03_ASEReadCounter.table","NW_015090842.1:5925669",4,5,1
"BCO1","s1324_S_VTA_03_ASEReadCounter.table","NW_015090842.1:5925753",2,4,2
"BCO1","s1324_S_VTA_03_ASEReadCounter.table","NW_015090842.1:5926937",3,3,0
"BCO1","s1324_S_VTA_03_ASEReadCounter.table","NW_015090842.1:5927948",1,1,0
"BCO1","s1324_S_VTA_03_ASEReadCounter.table","NW_015090842.1:5927968",3,4,1
"BCO1","s1324_S_VTA_03_ASEReadCounter.table","NW_015090842.1:5928052",6,7,1
"BCO1","s1324_S_VTA_03_ASEReadCounter.table","NW_015090842.1:5932726",10,14,4
"BCO1","s1324_S_VTA_03_ASEReadCounter.table","NW_015090842.1:5932801",7,10,3
"BCO1","s1324_S_VTA_03_ASEReadCounter.table","NW_015090842.1:5934558",14,20,6
"BCO1","s1324_S_VTA_03_ASEReadCounter.table","NW_015090842.1:5934575",13,18,5
"BCO1","s1324_S_VTA_03_ASEReadCounter.table","NW_015090842.1:5934608",12,17,5
"BCO1","s1324_S_VTA_03_ASEReadCounter.table","NW_015090842.1:5934647",7,12,5
"BCO1","s1324_S_VTA_03_ASEReadCounter.table","NW_015090842.1:5934725",7,13,6
"BCO1","s1324_S_VTA_03_ASEReadCounter.table","NW_015090842.1:5934726",7,11,4
"BCO1","s1324_S_VTA_03_ASEReadCounter.table","NW_015090842.1:5934733",8,13,5
"BCO1","s1324_S_VTA_03_ASEReadCounter.table","NW_015090842.1:5934821",10,14,4
"BCO1","s1324_S_VTA_03_ASEReadCounter.table","NW_015090842.1:5934826",8,12,4
"BCO1","s1324_S_VTA_03_ASEReadCounter.table","NW_015090842.1:5934844",3,6,3
"BCO1","s1324_S_VTA_03_ASEReadCounter.table","NW_015090842.1:5934958",9,19,10
"BCO1","s1324_S_VTA_03_ASEReadCounter.table","NW_015090842.1:5934976",10,18,8
"GAN","s1324_S_VTA_03_ASEReadCounter.table","NW_015090842.1:5953759",6,14,8
"GAN","s1324_S_VTA_03_ASEReadCounter.table","NW_015090842.1:5957502",13,18,5
"GAN","s1324_S_VTA_03_ASEReadCounter.table","NW_015090842.1:5957578",17,26,9
"GAN","s1324_S_VTA_03_ASEReadCounter.table","NW_015090842.1:5965028",7,28,21
"GAN","s1324_S_VTA_03_ASEReadCounter.table","NW_015090842.1:5966047",9,22,13
"GAN","s1324_S_VTA_03_ASEReadCounter.table","NW_015090842.1:5966126",2,18,16
"GAN","s1324_S_VTA_03_ASEReadCounter.table","NW_015090842.1:5966127",2,19,17
"GAN","s1324_S_VTA_03_ASEReadCounter.table","NW_015090842.1:5966162",9,31,22
"GAN","s1324_S_VTA_03_ASEReadCounter.table","NW_015090842.1:5966483",32,70,38
"CMIP","s1324_S_VTA_03_ASEReadCounter.table","NW_015090842.1:6109159",23,33,10
"CMIP","s1324_S_VTA_03_ASEReadCounter.table","NW_015090842.1:6109166",18,30,12
"CMIP","s1324_S_VTA_03_ASEReadCounter.table","NW_015090842.1:6114641",27,50,23
"CMIP","s1324_S_VTA_03_ASEReadCounter.table","NW_015090842.1:6114751",15,33,18
"CMIP","s1324_S_VTA_03_ASEReadCounter.table","NW_015090842.1:6114824",16,42,26
"CMIP","s1324_S_VTA_03_ASEReadCounter.table","NW_015090842.1:6128998",36,71,35
"CMIP","s1324_S_VTA_03_ASEReadCounter.table","NW_015090842.1:6130562",50,98,48
"CMIP","s1324_S_VTA_03_ASEReadCounter.table","NW_015090842.1:6132522",43,83,40
"CMIP","s1324_S_VTA_03_ASEReadCounter.table","NW_015090842.1:6134088",42,77,35
"CMIP","s1324_S_VTA_03_ASEReadCounter.table","NW_015090842.1:6138265",77,178,101
"CMIP","s1324_S_VTA_03_ASEReadCounter.table","NW_015090842.1:6138300",85,188,103
"CMIP","s1324_S_VTA_03_ASEReadCounter.table","NW_015090842.1:6138342",74,151,77
"CMIP","s1324_S_VTA_03_ASEReadCounter.table","NW_015090842.1:6138343",73,147,74
"CMIP","s1324_S_VTA_03_ASEReadCounter.table","NW_015090842.1:6138345",73,148,75
"CMIP","s1324_S_VTA_03_ASEReadCounter.table","NW_015090842.1:6138647",62,124,62
"CMIP","s1324_S_VTA_03_ASEReadCounter.table","NW_015090842.1:6138745",65,136,71
"CMIP","s1324_S_VTA_03_ASEReadCounter.table","NW_015090842.1:6138832",11,52,41
"CMIP","s1324_S_VTA_03_ASEReadCounter.table","NW_015090842.1:6138967",67,135,68
"CMIP","s1324_S_VTA_03_ASEReadCounter.table","NW_015090842.1:6139131",32,66,34
"CMIP","s1324_S_VTA_03_ASEReadCounter.table","NW_015090842.1:6139163",10,37,27
"CMIP","s1324_S_VTA_03_ASEReadCounter.table","NW_015090842.1:6139360",29,45,16
"CMIP","s1324_S_VTA_03_ASEReadCounter.table","NW_015090842.1:6139572",17,32,15
"CMIP","s1324_S_VTA_03_ASEReadCounter.table","NW_015090842.1:6139773",78,78,0
"PLCG2","s1324_S_VTA_03_ASEReadCounter.table","NW_015090842.1:6179613",3,5,2
"PLCG2","s1324_S_VTA_03_ASEReadCounter.table","NW_015090842.1:6179658",5,9,4
"PLCG2","s1324_S_VTA_03_ASEReadCounter.table","NW_015090842.1:6203766",3,5,2
"PLCG2","s1324_S_VTA_03_ASEReadCounter.table","NW_015090842.1:6203775",4,6,2
"PLCG2","s1324_S_VTA_03_ASEReadCounter.table","NW_015090842.1:6203787",4,7,3
"PLCG2","s1324_S_VTA_03_ASEReadCounter.table","NW_015090842.1:6205047",0,5,5
"PLCG2","s1324_S_VTA_03_ASEReadCounter.table","NW_015090842.1:6208541",0,5,5
"PLCG2","s1324_S_VTA_03_ASEReadCounter.table","NW_015090842.1:6209741",0,3,3
"PLCG2","s1324_S_VTA_03_ASEReadCounter.table","NW_015090842.1:6209798",1,3,2
"PLCG2","s1324_S_VTA_03_ASEReadCounter.table","NW_015090842.1:6209816",1,2,1
"PLCG2","s1324_S_VTA_03_ASEReadCounter.table","NW_015090842.1:6217547",1,7,6
"PLCG2","s1324_S_VTA_03_ASEReadCounter.table","NW_015090842.1:6218641",1,5,4
"PLCG2","s1324_S_VTA_03_ASEReadCounter.table","NW_015090842.1:6220552",1,12,11
"PLCG2","s1324_S_VTA_03_ASEReadCounter.table","NW_015090842.1:6221969",1,5,4
"PLCG2","s1324_S_VTA_03_ASEReadCounter.table","NW_015090842.1:6228672",1,9,8
"PLCG2","s1324_S_VTA_03_ASEReadCounter.table","NW_015090842.1:6228694",1,10,9
"PLCG2","s1324_S_VTA_03_ASEReadCounter.table","NW_015090842.1:6228722",1,11,10
"PLCG2","s1324_S_VTA_03_ASEReadCounter.table","NW_015090842.1:6228747",1,10,9
"PLCG2","s1324_S_VTA_03_ASEReadCounter.table","NW_015090842.1:6228835",1,8,7
"PLCG2","s1324_S_VTA_03_ASEReadCounter.table","NW_015090842.1:6228841",1,8,7
"PLCG2","s1324_S_VTA_03_ASEReadCounter.table","NW_015090842.1:6228865",1,13,12
"PLCG2","s1324_S_VTA_03_ASEReadCounter.table","NW_015090842.1:6228917",1,14,13
"PLCG2","s1324_S_VTA_03_ASEReadCounter.table","NW_015090842.1:6228926",1,13,12
"PLCG2","s1324_S_VTA_03_ASEReadCounter.table","NW_015090842.1:6228954",0,5,5
"PLCG2","s1324_S_VTA_03_ASEReadCounter.table","NW_015090842.1:6229002",1,6,5
"PLCG2","s1324_S_VTA_03_ASEReadCounter.table","NW_015090842.1:6229006",1,5,4
"PLCG2","s1324_S_VTA_03_ASEReadCounter.table","NW_015090842.1:6229081",0,3,3
"PLCG2","s1324_S_VTA_03_ASEReadCounter.table","NW_015090842.1:6229097",0,1,1
"PLCG2","s1324_S_VTA_03_ASEReadCounter.table","NW_015090842.1:6229160",0,2,2
"PLCG2","s1324_S_VTA_03_ASEReadCounter.table","NW_015090842.1:6229213",2,4,2
"PLCG2","s1324_S_VTA_03_ASEReadCounter.table","NW_015090842.1:6229231",3,6,3
"PLCG2","s1324_S_VTA_03_ASEReadCounter.table","NW_015090842.1:6229663",2,3,1
"PLCG2","s1324_S_VTA_03_ASEReadCounter.table","NW_015090842.1:6229748",1,3,2
"PLCG2","s1324_S_VTA_03_ASEReadCounter.table","NW_015090842.1:6229892",5,5,0
"PLCG2","s1324_S_VTA_03_ASEReadCounter.table","NW_015090842.1:6230248",3,3,0
"PLCG2","s1324_S_VTA_03_ASEReadCounter.table","NW_015090842.1:6230255",3,3,0
"PLCG2","s1324_S_VTA_03_ASEReadCounter.table","NW_015090842.1:6230296",1,1,0
"PLCG2","s1324_S_VTA_03_ASEReadCounter.table","NW_015090842.1:6230349",2,2,0
"PLCG2","s1324_S_VTA_03_ASEReadCounter.table","NW_015090842.1:6230381",2,3,1
"PLCG2","s1324_S_VTA_03_ASEReadCounter.table","NW_015090842.1:6230408",1,2,1
"PLCG2","s1324_S_VTA_03_ASEReadCounter.table","NW_015090842.1:6230439",1,2,1
"PLCG2","s1324_S_VTA_03_ASEReadCounter.table","NW_015090842.1:6230757",0,1,1
"PLCG2","s1324_S_VTA_03_ASEReadCounter.table","NW_015090842.1:6230898",2,5,3
"PLCG2","s1324_S_VTA_03_ASEReadCounter.table","NW_015090842.1:6230976",3,5,2
"PLCG2","s1324_S_VTA_03_ASEReadCounter.table","NW_015090842.1:6231078",4,7,3
"PLCG2","s1324_S_VTA_03_ASEReadCounter.table","NW_015090842.1:6231138",6,10,4
"PLCG2","s1324_S_VTA_03_ASEReadCounter.table","NW_015090842.1:6231177",5,6,1
"PLCG2","s1324_S_VTA_03_ASEReadCounter.table","NW_015090842.1:6231263",3,4,1
"PLCG2","s1324_S_VTA_03_ASEReadCounter.table","NW_015090842.1:6231309",2,2,0
"SDR42E1","s1324_S_VTA_03_ASEReadCounter.table","NW_015090842.1:6235292",0,5,5
"SDR42E1","s1324_S_VTA_03_ASEReadCounter.table","NW_015090842.1:6235315",1,9,8
"SDR42E1","s1324_S_VTA_03_ASEReadCounter.table","NW_015090842.1:6235348",2,10,8
"SDR42E1","s1324_S_VTA_03_ASEReadCounter.table","NW_015090842.1:6235355",2,8,6
"SDR42E1","s1324_S_VTA_03_ASEReadCounter.table","NW_015090842.1:6235417",3,8,5
"SDR42E1","s1324_S_VTA_03_ASEReadCounter.table","NW_015090842.1:6235526",13,13,0
"SDR42E1","s1324_S_VTA_03_ASEReadCounter.table","NW_015090842.1:6235558",2,13,11
"SDR42E1","s1324_S_VTA_03_ASEReadCounter.table","NW_015090842.1:6235603",10,10,0
"SDR42E1","s1324_S_VTA_03_ASEReadCounter.table","NW_015090842.1:6235741",4,15,11
"SDR42E1","s1324_S_VTA_03_ASEReadCounter.table","NW_015090842.1:6235777",6,19,13
"SDR42E1","s1324_S_VTA_03_ASEReadCounter.table","NW_015090842.1:6235806",6,17,11
"SDR42E1","s1324_S_VTA_03_ASEReadCounter.table","NW_015090842.1:6235809",6,17,11
"SDR42E1","s1324_S_VTA_03_ASEReadCounter.table","NW_015090842.1:6235816",6,16,10
"SDR42E1","s1324_S_VTA_03_ASEReadCounter.table","NW_015090842.1:6235914",5,16,11
"SDR42E1","s1324_S_VTA_03_ASEReadCounter.table","NW_015090842.1:6235935",4,15,11
"SDR42E1","s1324_S_VTA_03_ASEReadCounter.table","NW_015090842.1:6235957",4,14,10
"SDR42E1","s1324_S_VTA_03_ASEReadCounter.table","NW_015090842.1:6236040",6,7,1
"SDR42E1","s1324_S_VTA_03_ASEReadCounter.table","NW_015090842.1:6236260",1,7,6
"SDR42E1","s1324_S_VTA_03_ASEReadCounter.table","NW_015090842.1:6236281",1,9,8
"SDR42E1","s1324_S_VTA_03_ASEReadCounter.table","NW_015090842.1:6236305",2,10,8
"SDR42E1","s1324_S_VTA_03_ASEReadCounter.table","NW_015090842.1:6236458",2,8,6
"SDR42E1","s1324_S_VTA_03_ASEReadCounter.table","NW_015090842.1:6236476",3,9,6
"SDR42E1","s1324_S_VTA_03_ASEReadCounter.table","NW_015090842.1:6236608",1,9,8
"SDR42E1","s1324_S_VTA_03_ASEReadCounter.table","NW_015090842.1:6238244",2,6,4
"SDR42E1","s1324_S_VTA_03_ASEReadCounter.table","NW_015090842.1:6238829",0,3,3
"HSD17B2","s1324_S_VTA_03_ASEReadCounter.table","NW_015090842.1:6262951",0,1,1
"HSD17B2","s1324_S_VTA_03_ASEReadCounter.table","NW_015090842.1:6262974",0,2,2
"HSD17B2","s1324_S_VTA_03_ASEReadCounter.table","NW_015090842.1:6266125",0,1,1
"HSD17B2","s1324_S_VTA_03_ASEReadCounter.table","NW_015090842.1:6266135",0,1,1
"HSD17B2","s1324_S_VTA_03_ASEReadCounter.table","NW_015090842.1:6266795",0,2,2
"HSD17B2","s1324_S_VTA_03_ASEReadCounter.table","NW_015090842.1:6266918",0,2,2
"HSD17B2","s1324_S_VTA_03_ASEReadCounter.table","NW_015090842.1:6267674",0,3,3
"HSD17B2","s1324_S_VTA_03_ASEReadCounter.table","NW_015090842.1:6268098",0,3,3
"HSD17B2","s1324_S_VTA_03_ASEReadCounter.table","NW_015090842.1:6268180",0,2,2
"ARY2","s1324_S_VTA_03_ASEReadCounter.table","NW_015090842.1:6303922",14,22,8
"ARY2","s1324_S_VTA_03_ASEReadCounter.table","NW_015090842.1:6303954",13,20,7
"ARY2","s1324_S_VTA_03_ASEReadCounter.table","NW_015090842.1:6303979",16,23,7
"ARY2","s1324_S_VTA_03_ASEReadCounter.table","NW_015090842.1:6305848",14,26,12
"ARY2","s1324_S_VTA_03_ASEReadCounter.table","NW_015090842.1:6305856",16,28,12
"ARY2","s1324_S_VTA_03_ASEReadCounter.table","NW_015090842.1:6305857",16,27,11
"ARY2","s1324_S_VTA_03_ASEReadCounter.table","NW_015090842.1:6306017",13,20,7
"ARY2","s1324_S_VTA_03_ASEReadCounter.table","NW_015090842.1:6306052",10,16,6
"ARY2","s1324_S_VTA_03_ASEReadCounter.table","NW_015090842.1:6306094",16,22,6
"ARY2","s1324_S_VTA_03_ASEReadCounter.table","NW_015090842.1:6306100",16,22,6
"ARY2","s1324_S_VTA_03_ASEReadCounter.table","NW_015090842.1:6306146",10,17,7
"ARY2","s1324_S_VTA_03_ASEReadCounter.table","NW_015090842.1:6306147",11,18,7
"ARY2","s1324_S_VTA_03_ASEReadCounter.table","NW_015090842.1:6306390",13,24,11
"ARY2","s1324_S_VTA_03_ASEReadCounter.table","NW_015090842.1:6306567",20,32,12
"ARY2","s1324_S_VTA_03_ASEReadCounter.table","NW_015090842.1:6306705",17,20,3
"ARY2","s1324_S_VTA_03_ASEReadCounter.table","NW_015090842.1:6306713",20,20,0
"ARY2","s1324_S_VTA_03_ASEReadCounter.table","NW_015090842.1:6306773",11,17,6
"ARY2","s1324_S_VTA_03_ASEReadCounter.table","NW_015090842.1:6307039",25,32,7
"ARY2","s1324_S_VTA_03_ASEReadCounter.table","NW_015090842.1:6307043",24,32,8
"ARY2","s1324_S_VTA_03_ASEReadCounter.table","NW_015090842.1:6307093",23,31,8
"ARY2","s1324_S_VTA_03_ASEReadCounter.table","NW_015090842.1:6307138",16,23,7
"ARY2","s1324_S_VTA_03_ASEReadCounter.table","NW_015090842.1:6307157",15,24,9
"ARY2","s1324_S_VTA_03_ASEReadCounter.table","NW_015090842.1:6307187",20,31,11
"ARY2","s1324_S_VTA_03_ASEReadCounter.table","NW_015090842.1:6307278",17,29,12
"ARY2","s1324_S_VTA_03_ASEReadCounter.table","NW_015090842.1:6307305",24,33,9
"ARY2","s1324_S_VTA_03_ASEReadCounter.table","NW_015090842.1:6307318",22,34,12
"ARY2","s1324_S_VTA_03_ASEReadCounter.table","NW_015090842.1:6307429",14,23,9
"ARY2","s1324_S_VTA_03_ASEReadCounter.table","NW_015090842.1:6307487",16,27,11
"ARY2","s1324_S_VTA_03_ASEReadCounter.table","NW_015090842.1:6307670",17,22,5
"ARYL","s1324_S_VTA_03_ASEReadCounter.table","NW_015090842.1:6313360",4,4,0
"ARYL","s1324_S_VTA_03_ASEReadCounter.table","NW_015090842.1:6313377",2,2,0
"ARYL","s1324_S_VTA_03_ASEReadCounter.table","NW_015090842.1:6313767",3,4,1
"ARY1","s1324_S_VTA_03_ASEReadCounter.table","NW_015090842.1:6313909",1,1,0
"ARY1","s1324_S_VTA_03_ASEReadCounter.table","NW_015090842.1:6314296",7,7,0
"ARY1","s1324_S_VTA_03_ASEReadCounter.table","NW_015090842.1:6314541",2,3,1
"ARY1","s1324_S_VTA_03_ASEReadCounter.table","NW_015090842.1:6314597",5,7,2
"ARY1","s1324_S_VTA_03_ASEReadCounter.table","NW_015090842.1:6314750",4,6,2
"ARY1","s1324_S_VTA_03_ASEReadCounter.table","NW_015090842.1:6314794",6,10,4
"ARY1","s1324_S_VTA_03_ASEReadCounter.table","NW_015090842.1:6314827",5,9,4
"ARY1","s1324_S_VTA_03_ASEReadCounter.table","NW_015090842.1:6314843",4,8,4
"ARY1","s1324_S_VTA_03_ASEReadCounter.table","NW_015090842.1:6314859",6,10,4
"ARY1","s1324_S_VTA_03_ASEReadCounter.table","NW_015090842.1:6314886",5,8,3
"ARY1","s1324_S_VTA_03_ASEReadCounter.table","NW_015090842.1:6314943",9,9,0
"ARY1","s1324_S_VTA_03_ASEReadCounter.table","NW_015090842.1:6314949",11,11,0
"ARY1","s1324_S_VTA_03_ASEReadCounter.table","NW_015090842.1:6315022",5,10,5
"ARY1","s1324_S_VTA_03_ASEReadCounter.table","NW_015090842.1:6315026",5,10,5
"ARY1","s1324_S_VTA_03_ASEReadCounter.table","NW_015090842.1:6315043",4,8,4
"ARY1","s1324_S_VTA_03_ASEReadCounter.table","NW_015090842.1:6315065",4,8,4
"ARY1","s1324_S_VTA_03_ASEReadCounter.table","NW_015090842.1:6315409",3,8,5
"ARY1","s1324_S_VTA_03_ASEReadCounter.table","NW_015090842.1:6315479",6,10,4
"ARY1","s1324_S_VTA_03_ASEReadCounter.table","NW_015090842.1:6318342",16,21,5
"ARY1","s1324_S_VTA_03_ASEReadCounter.table","NW_015090842.1:6318427",11,20,9
"ARY1","s1324_S_VTA_03_ASEReadCounter.table","NW_015090842.1:6318603",5,8,3
"ARY1","s1324_S_VTA_03_ASEReadCounter.table","NW_015090842.1:6318708",13,15,2
"ARY1","s1324_S_VTA_03_ASEReadCounter.table","NW_015090842.1:6318858",14,18,4
"ARY1","s1324_S_VTA_03_ASEReadCounter.table","NW_015090842.1:6318952",11,19,8
"MPHOSPH6","s1324_S_VTA_03_ASEReadCounter.table","NW_015090842.1:6324063",29,69,40
"MPHOSPH6","s1324_S_VTA_03_ASEReadCounter.table","NW_015090842.1:6324174",50,126,76
"MPHOSPH6","s1324_S_VTA_03_ASEReadCounter.table","NW_015090842.1:6324270",59,129,70
"MPHOSPH6","s1324_S_VTA_03_ASEReadCounter.table","NW_015090842.1:6324762",50,122,72
"MPHOSPH6","s1324_S_VTA_03_ASEReadCounter.table","NW_015090842.1:6324772",44,115,71
"MPHOSPH6","s1324_S_VTA_03_ASEReadCounter.table","NW_015090842.1:6324780",39,109,70
"MPHOSPH6","s1324_S_VTA_03_ASEReadCounter.table","NW_015090842.1:6324902",49,124,75
"MPHOSPH6","s1324_S_VTA_03_ASEReadCounter.table","NW_015090842.1:6324910",114,114,0
"MPHOSPH6","s1324_S_VTA_03_ASEReadCounter.table","NW_015090842.1:6325066",41,109,68
"MPHOSPH6","s1324_S_VTA_03_ASEReadCounter.table","NW_015090842.1:6325089",48,115,67
"MPHOSPH6","s1324_S_VTA_03_ASEReadCounter.table","NW_015090842.1:6325298",74,167,93
"MPHOSPH6","s1324_S_VTA_03_ASEReadCounter.table","NW_015090842.1:6325877",57,132,75
"MPHOSPH6","s1324_S_VTA_03_ASEReadCounter.table","NW_015090842.1:6326976",30,94,64
"CDH13","s1324_S_VTA_03_ASEReadCounter.table","NW_015090842.1:6662283",7,14,7
"CDH13","s1324_S_VTA_03_ASEReadCounter.table","NW_015090842.1:6693665",6,10,4
"CDH13","s1324_S_VTA_03_ASEReadCounter.table","NW_015090842.1:6693697",8,13,5
"CDH13","s1324_S_VTA_03_ASEReadCounter.table","NW_015090842.1:6693712",8,12,4
"CDH13","s1324_S_VTA_03_ASEReadCounter.table","NW_015090842.1:6693723",10,15,5
"CDH13","s1324_S_VTA_03_ASEReadCounter.table","NW_015090842.1:6693738",11,18,7
"CDH13","s1324_S_VTA_03_ASEReadCounter.table","NW_015090842.1:6823730",12,27,15
"CDH13","s1324_S_VTA_03_ASEReadCounter.table","NW_015090842.1:6889713",13,28,15
"CDH13","s1324_S_VTA_03_ASEReadCounter.table","NW_015090842.1:6955167",7,24,17
"MLYCD","s1324_S_VTA_03_ASEReadCounter.table","NW_015090842.1:7150054",48,89,41
"MLYCD","s1324_S_VTA_03_ASEReadCounter.table","NW_015090842.1:7150131",90,168,78
"MLYCD","s1324_S_VTA_03_ASEReadCounter.table","NW_015090842.1:7150585",46,89,43
"MLYCD","s1324_S_VTA_03_ASEReadCounter.table","NW_015090842.1:7150686",36,68,32
"MLYCD","s1324_S_VTA_03_ASEReadCounter.table","NW_015090842.1:7150696",35,71,36
"MLYCD","s1324_S_VTA_03_ASEReadCounter.table","NW_015090842.1:7150698",71,71,0
"MLYCD","s1324_S_VTA_03_ASEReadCounter.table","NW_015090842.1:7150869",43,74,31
"MLYCD","s1324_S_VTA_03_ASEReadCounter.table","NW_015090842.1:7151100",45,82,37
"MLYCD","s1324_S_VTA_03_ASEReadCounter.table","NW_015090842.1:7151127",40,77,37
"MLYCD","s1324_S_VTA_03_ASEReadCounter.table","NW_015090842.1:7157538",26,53,27
"MLYCD","s1324_S_VTA_03_ASEReadCounter.table","NW_015090842.1:7167662",14,27,13
"MLYCD","s1324_S_VTA_03_ASEReadCounter.table","NW_015090842.1:7167675",15,27,12
"MLYCD","s1324_S_VTA_03_ASEReadCounter.table","NW_015090842.1:7167710",14,29,15
"MLYCD","s1324_S_VTA_03_ASEReadCounter.table","NW_015090842.1:7167781",9,22,13
"MLYCD","s1324_S_VTA_03_ASEReadCounter.table","NW_015090842.1:7167803",9,17,8
"MLYCD","s1324_S_VTA_03_ASEReadCounter.table","NW_015090842.1:7167812",9,17,8
"MLYCD","s1324_S_VTA_03_ASEReadCounter.table","NW_015090842.1:7167845",9,19,10
"MLYCD","s1324_S_VTA_03_ASEReadCounter.table","NW_015090842.1:7167862",7,14,7
"MLYCD","s1324_S_VTA_03_ASEReadCounter.table","NW_015090842.1:7167929",5,13,8
"MLYCD","s1324_S_VTA_03_ASEReadCounter.table","NW_015090842.1:7167995",7,13,6
"MLYCD","s1324_S_VTA_03_ASEReadCounter.table","NW_015090842.1:7168005",6,12,6
"MLYCD","s1324_S_VTA_03_ASEReadCounter.table","NW_015090842.1:7168037",5,12,7
"HSBP1","s1324_S_VTA_03_ASEReadCounter.table","NW_015090842.1:7245192",258,422,164
"HSBP1","s1324_S_VTA_03_ASEReadCounter.table","NW_015090842.1:7245226",287,506,219
"HSBP1","s1324_S_VTA_03_ASEReadCounter.table","NW_015090842.1:7245257",262,446,184
"HSBP1","s1324_S_VTA_03_ASEReadCounter.table","NW_015090842.1:7245296",225,432,207
"HSBP1","s1324_S_VTA_03_ASEReadCounter.table","NW_015090842.1:7245389",314,537,223
"HSBP1","s1324_S_VTA_03_ASEReadCounter.table","NW_015090842.1:7245400",315,523,208
"HSBP1","s1324_S_VTA_03_ASEReadCounter.table","NW_015090842.1:7245445",296,499,203
"HSBP1","s1324_S_VTA_03_ASEReadCounter.table","NW_015090842.1:7245495",287,494,207
"HSBP1","s1324_S_VTA_03_ASEReadCounter.table","NW_015090842.1:7245515",311,537,226
"HSBP1","s1324_S_VTA_03_ASEReadCounter.table","NW_015090842.1:7245733",194,356,162
"HSBP1","s1324_S_VTA_03_ASEReadCounter.table","NW_015090842.1:7245771",221,375,154
"HSBP1","s1324_S_VTA_03_ASEReadCounter.table","NW_015090842.1:7245813",222,368,146
"HSBP1","s1324_S_VTA_03_ASEReadCounter.table","NW_015090842.1:7245926",239,417,178
"HSBP1","s1324_S_VTA_03_ASEReadCounter.table","NW_015090842.1:7245927",239,417,178
"HSBP1","s1324_S_VTA_03_ASEReadCounter.table","NW_015090842.1:7245933",229,404,175
"HSBP1","s1324_S_VTA_03_ASEReadCounter.table","NW_015090842.1:7246002",179,319,140
"HSBP1","s1324_S_VTA_03_ASEReadCounter.table","NW_015090842.1:7246094",208,356,148
"HSBP1","s1324_S_VTA_03_ASEReadCounter.table","NW_015090842.1:7246167",205,347,142
"HSBP1","s1324_S_VTA_03_ASEReadCounter.table","NW_015090842.1:7246183",198,333,135
"HSBP1","s1324_S_VTA_03_ASEReadCounter.table","NW_015090842.1:7247285",27,32,5
"HSBP1","s1324_S_VTA_03_ASEReadCounter.table","NW_015090842.1:7247651",225,464,239
"HSBP1","s1324_S_VTA_03_ASEReadCounter.table","NW_015090842.1:7247657",229,470,241
"HSBP1","s1324_S_VTA_03_ASEReadCounter.table","NW_015090842.1:7248520",176,334,158
"HSBP1","s1324_S_VTA_03_ASEReadCounter.table","NW_015090842.1:7248535",149,280,131
"KCNG4","s1324_S_VTA_03_ASEReadCounter.table","NW_015090842.1:7282481",2,6,4
"KCNG4","s1324_S_VTA_03_ASEReadCounter.table","NW_015090842.1:7282500",2,6,4
"KCNG4","s1324_S_VTA_03_ASEReadCounter.table","NW_015090842.1:7282542",1,6,5
"KCNG4","s1324_S_VTA_03_ASEReadCounter.table","NW_015090842.1:7282579",1,7,6
"KCNG4","s1324_S_VTA_03_ASEReadCounter.table","NW_015090842.1:7282630",3,11,8
"KCNG4","s1324_S_VTA_03_ASEReadCounter.table","NW_015090842.1:7282760",2,5,3
"KCNG4","s1324_S_VTA_03_ASEReadCounter.table","NW_015090842.1:7283056",1,3,2
"KCNG4","s1324_S_VTA_03_ASEReadCounter.table","NW_015090842.1:7283245",3,4,1
"KCNG4","s1324_S_VTA_03_ASEReadCounter.table","NW_015090842.1:7299491",1,4,3
"KCNG4","s1324_S_VTA_03_ASEReadCounter.table","NW_015090842.1:7301227",2,2,0
"KCNG4","s1324_S_VTA_03_ASEReadCounter.table","NW_015090842.1:7301240",2,2,0
"KCNG4","s1324_S_VTA_03_ASEReadCounter.table","NW_015090842.1:7301413",1,1,0
"WFDC1","s1324_S_VTA_03_ASEReadCounter.table","NW_015090842.1:7366517",2,2,0
"ATP2C2","s1324_S_VTA_03_ASEReadCounter.table","NW_015090842.1:7413747",0,7,7
"TLDC1","s1324_S_VTA_03_ASEReadCounter.table","NW_015090842.1:7421997",39,60,21
"COTL1","s1324_S_VTA_03_ASEReadCounter.table","NW_015090842.1:7490707",387,749,362
"COTL1","s1324_S_VTA_03_ASEReadCounter.table","NW_015090842.1:7490708",385,754,369
"COTL1","s1324_S_VTA_03_ASEReadCounter.table","NW_015090842.1:7490711",393,763,370
"COTL1","s1324_S_VTA_03_ASEReadCounter.table","NW_015090842.1:7490739",372,738,366
"COTL1","s1324_S_VTA_03_ASEReadCounter.table","NW_015090842.1:7490785",372,750,378
"COTL1","s1324_S_VTA_03_ASEReadCounter.table","NW_015090842.1:7490820",37,466,429
"COTL1","s1324_S_VTA_03_ASEReadCounter.table","NW_015090842.1:7490846",343,662,319
"KLHL36","s1324_S_VTA_03_ASEReadCounter.table","NW_015090842.1:7526337",24,24,0
"KLHL36","s1324_S_VTA_03_ASEReadCounter.table","NW_015090842.1:7537681",65,65,0
"USP10","s1324_S_VTA_03_ASEReadCounter.table","NW_015090842.1:7572213",23,42,19
"USP10","s1324_S_VTA_03_ASEReadCounter.table","NW_015090842.1:7572358",38,38,0
"CRISPLD2","s1324_S_VTA_03_ASEReadCounter.table","NW_015090842.1:7619796",1,4,3
"CRISPLD2","s1324_S_VTA_03_ASEReadCounter.table","NW_015090842.1:7630779",13,13,0
"CRISPLD2","s1324_S_VTA_03_ASEReadCounter.table","NW_015090842.1:7633611",11,11,0
"CRISPLD2","s1324_S_VTA_03_ASEReadCounter.table","NW_015090842.1:7633787",6,8,2
"CRISPLD2","s1324_S_VTA_03_ASEReadCounter.table","NW_015090842.1:7634023",4,7,3
"CRISPLD2","s1324_S_VTA_03_ASEReadCounter.table","NW_015090842.1:7634620",14,14,0
"CRISPLD2","s1324_S_VTA_03_ASEReadCounter.table","NW_015090842.1:7636315",1,3,2
"LOC106888312","s1324_S_VTA_03_ASEReadCounter.table","NW_015090842.1:7732198",0,1,1
"MTHFSD","s1324_S_VTA_03_ASEReadCounter.table","NW_015090842.1:8152578",10,23,13
"DUSP15","s1324_S_VTA_03_ASEReadCounter.table","NW_015090842.1:8431988",0,1,1
"EMC8","s1324_S_VTA_03_ASEReadCounter.table","NW_015090842.1:8452385",16,29,13
"GINS2","s1324_S_VTA_03_ASEReadCounter.table","NW_015090842.1:8467469",25,25,0
"GINS2","s1324_S_VTA_03_ASEReadCounter.table","NW_015090842.1:8470290",15,36,21
"GINS2","s1324_S_VTA_03_ASEReadCounter.table","NW_015090842.1:8470305",21,41,20
"GINS2","s1324_S_VTA_03_ASEReadCounter.table","NW_015090842.1:8470376",27,52,25
"GINS2","s1324_S_VTA_03_ASEReadCounter.table","NW_015090842.1:8471057",1,9,8
"GSE1","s1324_S_VTA_03_ASEReadCounter.table","NW_015090842.1:8483570",8,8,0
"KIAA0513","s1324_S_VTA_03_ASEReadCounter.table","NW_015090842.1:8674736",80,80,0
"KIAA0513","s1324_S_VTA_03_ASEReadCounter.table","NW_015090842.1:8693655",11,11,0
"ZCCHC14","s1324_S_VTA_03_ASEReadCounter.table","NW_015090842.1:8750189",57,57,0
"JPH3","s1324_S_VTA_03_ASEReadCounter.table","NW_015090842.1:8872294",34,68,34
"KLHDC4","s1324_S_VTA_03_ASEReadCounter.table","NW_015090842.1:8891175",85,153,68
"KLHDC4","s1324_S_VTA_03_ASEReadCounter.table","NW_015090842.1:8905251",26,39,13
"KLHDC4","s1324_S_VTA_03_ASEReadCounter.table","NW_015090842.1:8919630",2,3,1
"SLC7A5","s1324_S_VTA_03_ASEReadCounter.table","NW_015090842.1:8940382",165,165,0
"SLC7A5","s1324_S_VTA_03_ASEReadCounter.table","NW_015090842.1:8941818",101,101,0
"SLC7A5","s1324_S_VTA_03_ASEReadCounter.table","NW_015090842.1:8944655",43,43,0
"CA5A","s1324_S_VTA_03_ASEReadCounter.table","NW_015090842.1:8989479",68,148,80
"CA5A","s1324_S_VTA_03_ASEReadCounter.table","NW_015090842.1:8989562",104,173,69
"CA5A","s1324_S_VTA_03_ASEReadCounter.table","NW_015090842.1:8989609",114,200,86
"CA5A","s1324_S_VTA_03_ASEReadCounter.table","NW_015090842.1:8989693",127,229,102
"CA5A","s1324_S_VTA_03_ASEReadCounter.table","NW_015090842.1:8989702",142,238,96
"CA5A","s1324_S_VTA_03_ASEReadCounter.table","NW_015090842.1:8989746",142,255,113
"CA5A","s1324_S_VTA_03_ASEReadCounter.table","NW_015090842.1:8989880",102,204,102
"CA5A","s1324_S_VTA_03_ASEReadCounter.table","NW_015090842.1:8989885",106,205,99
"CA5A","s1324_S_VTA_03_ASEReadCounter.table","NW_015090842.1:8989929",106,205,99
"CA5A","s1324_S_VTA_03_ASEReadCounter.table","NW_015090842.1:8990002",83,168,85
"CA5A","s1324_S_VTA_03_ASEReadCounter.table","NW_015090842.1:8990004",81,165,84
"CA5A","s1324_S_VTA_03_ASEReadCounter.table","NW_015090842.1:8990005",80,165,85
"CA5A","s1324_S_VTA_03_ASEReadCounter.table","NW_015090842.1:8990017",83,157,74
"CA5A","s1324_S_VTA_03_ASEReadCounter.table","NW_015090842.1:8990043",66,126,60
"CA5A","s1324_S_VTA_03_ASEReadCounter.table","NW_015090842.1:8990080",52,123,71
"CA5A","s1324_S_VTA_03_ASEReadCounter.table","NW_015090842.1:8990084",58,126,68
"CA5A","s1324_S_VTA_03_ASEReadCounter.table","NW_015090842.1:8990090",60,127,67
"CA5A","s1324_S_VTA_03_ASEReadCounter.table","NW_015090842.1:8990095",60,125,65
"CA5A","s1324_S_VTA_03_ASEReadCounter.table","NW_015090842.1:8990111",49,115,66
"CA5A","s1324_S_VTA_03_ASEReadCounter.table","NW_015090842.1:8990112",48,110,62
"CA5A","s1324_S_VTA_03_ASEReadCounter.table","NW_015090842.1:8990115",49,112,63
"CA5A","s1324_S_VTA_03_ASEReadCounter.table","NW_015090842.1:8990166",58,109,51
"CA5A","s1324_S_VTA_03_ASEReadCounter.table","NW_015090842.1:8990169",65,117,52
"CA5A","s1324_S_VTA_03_ASEReadCounter.table","NW_015090842.1:8990222",63,118,55
"CA5A","s1324_S_VTA_03_ASEReadCounter.table","NW_015090842.1:8990289",64,126,62
"CA5A","s1324_S_VTA_03_ASEReadCounter.table","NW_015090842.1:8990314",71,128,57
"CA5A","s1324_S_VTA_03_ASEReadCounter.table","NW_015090842.1:8990361",68,115,47
"CA5A","s1324_S_VTA_03_ASEReadCounter.table","NW_015090842.1:8990368",67,117,50
"CA5A","s1324_S_VTA_03_ASEReadCounter.table","NW_015090842.1:8990429",50,98,48
"CA5A","s1324_S_VTA_03_ASEReadCounter.table","NW_015090842.1:8990466",38,82,44
"CA5A","s1324_S_VTA_03_ASEReadCounter.table","NW_015090842.1:8990663",44,92,48
"CA5A","s1324_S_VTA_03_ASEReadCounter.table","NW_015090842.1:8990797",42,83,41
"CA5A","s1324_S_VTA_03_ASEReadCounter.table","NW_015090842.1:8990836",35,73,38
"CA5A","s1324_S_VTA_03_ASEReadCounter.table","NW_015090842.1:8990842",42,79,37
"CA5A","s1324_S_VTA_03_ASEReadCounter.table","NW_015090842.1:8990851",41,75,34
"CA5A","s1324_S_VTA_03_ASEReadCounter.table","NW_015090842.1:8990918",47,84,37
"CA5A","s1324_S_VTA_03_ASEReadCounter.table","NW_015090842.1:8990921",43,80,37
"CA5A","s1324_S_VTA_03_ASEReadCounter.table","NW_015090842.1:8990942",59,97,38
"CA5A","s1324_S_VTA_03_ASEReadCounter.table","NW_015090842.1:8991001",66,111,45
"CA5A","s1324_S_VTA_03_ASEReadCounter.table","NW_015090842.1:8991038",47,95,48
"CA5A","s1324_S_VTA_03_ASEReadCounter.table","NW_015090842.1:8991149",51,91,40
"CA5A","s1324_S_VTA_03_ASEReadCounter.table","NW_015090842.1:8991176",58,100,42
"CA5A","s1324_S_VTA_03_ASEReadCounter.table","NW_015090842.1:8991241",52,94,42
"CA5A","s1324_S_VTA_03_ASEReadCounter.table","NW_015090842.1:8991262",48,90,42
"CA5A","s1324_S_VTA_03_ASEReadCounter.table","NW_015090842.1:8991316",50,58,8
"CA5A","s1324_S_VTA_03_ASEReadCounter.table","NW_015090842.1:8991319",51,59,8
"CA5A","s1324_S_VTA_03_ASEReadCounter.table","NW_015090842.1:8991330",52,56,4
"CA5A","s1324_S_VTA_03_ASEReadCounter.table","NW_015090842.1:8991334",48,55,7
"CA5A","s1324_S_VTA_03_ASEReadCounter.table","NW_015090842.1:8991362",52,85,33
"CA5A","s1324_S_VTA_03_ASEReadCounter.table","NW_015090842.1:8991368",49,81,32
"CA5A","s1324_S_VTA_03_ASEReadCounter.table","NW_015090842.1:8991390",51,89,38
"CA5A","s1324_S_VTA_03_ASEReadCounter.table","NW_015090842.1:8991395",52,93,41
"CA5A","s1324_S_VTA_03_ASEReadCounter.table","NW_015090842.1:8991422",52,90,38
"CA5A","s1324_S_VTA_03_ASEReadCounter.table","NW_015090842.1:8991467",56,88,32
"CA5A","s1324_S_VTA_03_ASEReadCounter.table","NW_015090842.1:8991576",47,71,24
"CA5A","s1324_S_VTA_03_ASEReadCounter.table","NW_015090842.1:8991587",53,85,32
"CA5A","s1324_S_VTA_03_ASEReadCounter.table","NW_015090842.1:8991655",43,82,39
"CA5A","s1324_S_VTA_03_ASEReadCounter.table","NW_015090842.1:8991717",33,68,35
"CA5A","s1324_S_VTA_03_ASEReadCounter.table","NW_015090842.1:8991726",36,71,35
"CA5A","s1324_S_VTA_03_ASEReadCounter.table","NW_015090842.1:8991799",41,79,38
"CA5A","s1324_S_VTA_03_ASEReadCounter.table","NW_015090842.1:8991809",35,71,36
"CA5A","s1324_S_VTA_03_ASEReadCounter.table","NW_015090842.1:8991848",26,56,30
"CA5A","s1324_S_VTA_03_ASEReadCounter.table","NW_015090842.1:8991849",28,58,30
"CA5A","s1324_S_VTA_03_ASEReadCounter.table","NW_015090842.1:8991927",29,55,26
"CA5A","s1324_S_VTA_03_ASEReadCounter.table","NW_015090842.1:8991941",25,48,23
"CA5A","s1324_S_VTA_03_ASEReadCounter.table","NW_015090842.1:8992121",34,66,32
"CA5A","s1324_S_VTA_03_ASEReadCounter.table","NW_015090842.1:8992224",38,65,27
"CA5A","s1324_S_VTA_03_ASEReadCounter.table","NW_015090842.1:9002570",16,23,7
"CA5A","s1324_S_VTA_03_ASEReadCounter.table","NW_015090842.1:9002600",17,26,9
"CA5A","s1324_S_VTA_03_ASEReadCounter.table","NW_015090842.1:9004312",16,25,9
"CA5A","s1324_S_VTA_03_ASEReadCounter.table","NW_015090842.1:9004620",1,3,2
"CA5A","s1324_S_VTA_03_ASEReadCounter.table","NW_015090842.1:9005116",1,4,3
"CA5A","s1324_S_VTA_03_ASEReadCounter.table","NW_015090842.1:9005120",0,3,3
"CA5A","s1324_S_VTA_03_ASEReadCounter.table","NW_015090842.1:9005140",0,3,3
"CA5A","s1324_S_VTA_03_ASEReadCounter.table","NW_015090842.1:9005152",0,2,2
"BANP","s1324_S_VTA_03_ASEReadCounter.table","NW_015090842.1:9033407",2,6,4
"BANP","s1324_S_VTA_03_ASEReadCounter.table","NW_015090842.1:9033409",1,4,3
"BANP","s1324_S_VTA_03_ASEReadCounter.table","NW_015090842.1:9033420",2,6,4
"BANP","s1324_S_VTA_03_ASEReadCounter.table","NW_015090842.1:9055284",3,6,3
"ZC3H18","s1324_S_VTA_03_ASEReadCounter.table","NW_015090842.1:9528933",28,45,17
"MVD","s1324_S_VTA_03_ASEReadCounter.table","NW_015090842.1:9550690",50,50,0
"MVD","s1324_S_VTA_03_ASEReadCounter.table","NW_015090842.1:9550691",49,49,0
"MVD","s1324_S_VTA_03_ASEReadCounter.table","NW_015090842.1:9550699",53,53,0
"MVD","s1324_S_VTA_03_ASEReadCounter.table","NW_015090842.1:9550701",54,54,0
"MVD","s1324_S_VTA_03_ASEReadCounter.table","NW_015090842.1:9552202",56,56,0
"MVD","s1324_S_VTA_03_ASEReadCounter.table","NW_015090842.1:9552223",47,47,0
"MVD","s1324_S_VTA_03_ASEReadCounter.table","NW_015090842.1:9552533",52,52,0
"MVD","s1324_S_VTA_03_ASEReadCounter.table","NW_015090842.1:9552644",11,30,19
"PIEZO1","s1324_S_VTA_03_ASEReadCounter.table","NW_015090842.1:9577447",5,13,8
"PIEZO1","s1324_S_VTA_03_ASEReadCounter.table","NW_015090842.1:9579101",2,3,1
"PIEZO1","s1324_S_VTA_03_ASEReadCounter.table","NW_015090842.1:9582630",3,7,4
"PIEZO1","s1324_S_VTA_03_ASEReadCounter.table","NW_015090842.1:9582976",3,6,3
"PIEZO1","s1324_S_VTA_03_ASEReadCounter.table","NW_015090842.1:9583326",4,4,0
"CDT1","s1324_S_VTA_03_ASEReadCounter.table","NW_015090842.1:9596711",3,6,3
"CDT1","s1324_S_VTA_03_ASEReadCounter.table","NW_015090842.1:9597033",7,7,0
"CDT1","s1324_S_VTA_03_ASEReadCounter.table","NW_015090842.1:9597756",3,3,0
"CDT1","s1324_S_VTA_03_ASEReadCounter.table","NW_015090842.1:9598873",14,14,0
"PABPN1L","s1324_S_VTA_03_ASEReadCounter.table","NW_015090842.1:9669510",1,1,0
"ACSF3","s1324_S_VTA_03_ASEReadCounter.table","NW_015090842.1:9776737",4,8,4
"ACSF3","s1324_S_VTA_03_ASEReadCounter.table","NW_015090842.1:9809639",77,78,1
"ACSF3","s1324_S_VTA_03_ASEReadCounter.table","NW_015090842.1:9834743",61,91,30
"ACSF3","s1324_S_VTA_03_ASEReadCounter.table","NW_015090842.1:9834762",87,87,0
"ACSF3","s1324_S_VTA_03_ASEReadCounter.table","NW_015090842.1:9834852",68,105,37
"ACSF3","s1324_S_VTA_03_ASEReadCounter.table","NW_015090842.1:9834861",56,91,35
"ACSF3","s1324_S_VTA_03_ASEReadCounter.table","NW_015090842.1:9839359",37,58,21
"ACSF3","s1324_S_VTA_03_ASEReadCounter.table","NW_015090842.1:9839378",34,53,19
"ACSF3","s1324_S_VTA_03_ASEReadCounter.table","NW_015090842.1:9839455",34,60,26
"ACSF3","s1324_S_VTA_03_ASEReadCounter.table","NW_015090842.1:9839457",34,58,24
"ACSF3","s1324_S_VTA_03_ASEReadCounter.table","NW_015090842.1:9839489",32,59,27
"ACSF3","s1324_S_VTA_03_ASEReadCounter.table","NW_015090842.1:9839500",20,44,24
"ACSF3","s1324_S_VTA_03_ASEReadCounter.table","NW_015090842.1:9839501",20,43,23
"ACSF3","s1324_S_VTA_03_ASEReadCounter.table","NW_015090842.1:9839504",22,42,20
"ACSF3","s1324_S_VTA_03_ASEReadCounter.table","NW_015090842.1:9839512",20,35,15
"ACSF3","s1324_S_VTA_03_ASEReadCounter.table","NW_015090842.1:9839527",18,31,13
"ACSF3","s1324_S_VTA_03_ASEReadCounter.table","NW_015090842.1:9839533",11,23,12
"ACSF3","s1324_S_VTA_03_ASEReadCounter.table","NW_015090842.1:9839535",11,21,10
"ACSF3","s1324_S_VTA_03_ASEReadCounter.table","NW_015090842.1:9839545",6,16,10
"ACSF3","s1324_S_VTA_03_ASEReadCounter.table","NW_015090842.1:9839550",5,15,10
"ACSF3","s1324_S_VTA_03_ASEReadCounter.table","NW_015090842.1:9839551",5,15,10
"CDH15","s1324_S_VTA_03_ASEReadCounter.table","NW_015090842.1:9848265",1,1,0
"CDH15","s1324_S_VTA_03_ASEReadCounter.table","NW_015090842.1:9848531",2,2,0
"CDH15","s1324_S_VTA_03_ASEReadCounter.table","NW_015090842.1:9848552",2,2,0
"CDH15","s1324_S_VTA_03_ASEReadCounter.table","NW_015090842.1:9848888",2,2,0
"CDH15","s1324_S_VTA_03_ASEReadCounter.table","NW_015090842.1:9849119",1,1,0
"CDH15","s1324_S_VTA_03_ASEReadCounter.table","NW_015090842.1:9849140",1,1,0
"CDH15","s1324_S_VTA_03_ASEReadCounter.table","NW_015090842.1:9850141",1,3,2
"CDH15","s1324_S_VTA_03_ASEReadCounter.table","NW_015090842.1:9850386",3,4,1
"CDH15","s1324_S_VTA_03_ASEReadCounter.table","NW_015090842.1:9850432",0,1,1
"CDH15","s1324_S_VTA_03_ASEReadCounter.table","NW_015090842.1:9850609",2,2,0
"SLC22A31","s1324_S_VTA_03_ASEReadCounter.table","NW_015090842.1:9850929",1,1,0
"SLC22A31","s1324_S_VTA_03_ASEReadCounter.table","NW_015090842.1:9850936",1,1,0
"SLC22A31","s1324_S_VTA_03_ASEReadCounter.table","NW_015090842.1:9850940",1,1,0
"SLC22A31","s1324_S_VTA_03_ASEReadCounter.table","NW_015090842.1:9850948",1,1,0
"SLC22A31","s1324_S_VTA_03_ASEReadCounter.table","NW_015090842.1:9850961",1,1,0
"SLC22A31","s1324_S_VTA_03_ASEReadCounter.table","NW_015090842.1:9850970",1,1,0
"SLC22A31","s1324_S_VTA_03_ASEReadCounter.table","NW_015090842.1:9850978",1,1,0
"SLC22A31","s1324_S_VTA_03_ASEReadCounter.table","NW_015090842.1:9850981",1,1,0
"SLC22A31","s1324_S_VTA_03_ASEReadCounter.table","NW_015090842.1:9851130",0,1,1
"SLC22A31","s1324_S_VTA_03_ASEReadCounter.table","NW_015090842.1:9851139",0,1,1
"SLC22A31","s1324_S_VTA_03_ASEReadCounter.table","NW_015090842.1:9851265",2,7,5
"SLC22A31","s1324_S_VTA_03_ASEReadCounter.table","NW_015090842.1:9851302",1,6,5
"SLC22A31","s1324_S_VTA_03_ASEReadCounter.table","NW_015090842.1:9851303",1,6,5
"SLC22A31","s1324_S_VTA_03_ASEReadCounter.table","NW_015090842.1:9851305",1,6,5
"SLC22A31","s1324_S_VTA_03_ASEReadCounter.table","NW_015090842.1:9851343",2,6,4
"SLC22A31","s1324_S_VTA_03_ASEReadCounter.table","NW_015090842.1:9851344",2,7,5
"SLC22A31","s1324_S_VTA_03_ASEReadCounter.table","NW_015090842.1:9851381",7,12,5
"SLC22A31","s1324_S_VTA_03_ASEReadCounter.table","NW_015090842.1:9851421",9,12,3
"SLC22A31","s1324_S_VTA_03_ASEReadCounter.table","NW_015090842.1:9851526",6,13,7
"SLC22A31","s1324_S_VTA_03_ASEReadCounter.table","NW_015090842.1:9851589",9,14,5
"SLC22A31","s1324_S_VTA_03_ASEReadCounter.table","NW_015090842.1:9851712",5,11,6
"SLC22A31","s1324_S_VTA_03_ASEReadCounter.table","NW_015090842.1:9851899",5,8,3
"SLC22A31","s1324_S_VTA_03_ASEReadCounter.table","NW_015090842.1:9852139",6,9,3
"SLC22A31","s1324_S_VTA_03_ASEReadCounter.table","NW_015090842.1:9852380",5,9,4
"SLC22A31","s1324_S_VTA_03_ASEReadCounter.table","NW_015090842.1:9852431",5,9,4
"SLC22A31","s1324_S_VTA_03_ASEReadCounter.table","NW_015090842.1:9852630",2,8,6
"SLC22A31","s1324_S_VTA_03_ASEReadCounter.table","NW_015090842.1:9852711",1,6,5
"SLC22A31","s1324_S_VTA_03_ASEReadCounter.table","NW_015090842.1:9852742",1,2,1
"SLC22A31","s1324_S_VTA_03_ASEReadCounter.table","NW_015090842.1:9853099",3,4,1
"SLC22A31","s1324_S_VTA_03_ASEReadCounter.table","NW_015090842.1:9853102",3,4,1
"SLC22A31","s1324_S_VTA_03_ASEReadCounter.table","NW_015090842.1:9853421",1,2,1
"SLC22A31","s1324_S_VTA_03_ASEReadCounter.table","NW_015090842.1:9853457",1,2,1
"SLC22A31","s1324_S_VTA_03_ASEReadCounter.table","NW_015090842.1:9853502",2,3,1
"ANKRD11","s1324_S_VTA_03_ASEReadCounter.table","NW_015090842.1:9858863",9,20,11
"ANKRD11","s1324_S_VTA_03_ASEReadCounter.table","NW_015090842.1:9859101",94,201,107
"ANKRD11","s1324_S_VTA_03_ASEReadCounter.table","NW_015090842.1:9859352",89,225,136
"ANKRD11","s1324_S_VTA_03_ASEReadCounter.table","NW_015090842.1:9859381",23,124,101
"ANKRD11","s1324_S_VTA_03_ASEReadCounter.table","NW_015090842.1:9859527",51,105,54
"ANKRD11","s1324_S_VTA_03_ASEReadCounter.table","NW_015090842.1:9859529",50,105,55
"ANKRD11","s1324_S_VTA_03_ASEReadCounter.table","NW_015090842.1:9859679",102,204,102
"ANKRD11","s1324_S_VTA_03_ASEReadCounter.table","NW_015090842.1:9861097",66,165,99
"ANKRD11","s1324_S_VTA_03_ASEReadCounter.table","NW_015090842.1:9862571",56,102,46
"ANKRD11","s1324_S_VTA_03_ASEReadCounter.table","NW_015090842.1:9866071",0,66,66
"ANKRD11","s1324_S_VTA_03_ASEReadCounter.table","NW_015090842.1:9866200",0,43,43
"ANKRD11","s1324_S_VTA_03_ASEReadCounter.table","NW_015090842.1:9867391",21,33,12
"ANKRD11","s1324_S_VTA_03_ASEReadCounter.table","NW_015090842.1:9867472",18,30,12
"ANKRD11","s1324_S_VTA_03_ASEReadCounter.table","NW_015090842.1:9867559",28,48,20
"ANKRD11","s1324_S_VTA_03_ASEReadCounter.table","NW_015090842.1:9867934",29,49,20
"ANKRD11","s1324_S_VTA_03_ASEReadCounter.table","NW_015090842.1:9868093",29,68,39
"ANKRD11","s1324_S_VTA_03_ASEReadCounter.table","NW_015090842.1:9868222",21,63,42
"ANKRD11","s1324_S_VTA_03_ASEReadCounter.table","NW_015090842.1:9868327",28,70,42
"ANKRD11","s1324_S_VTA_03_ASEReadCounter.table","NW_015090842.1:9868414",38,80,42
"ANKRD11","s1324_S_VTA_03_ASEReadCounter.table","NW_015090842.1:9868441",37,71,34
"ANKRD11","s1324_S_VTA_03_ASEReadCounter.table","NW_015090842.1:9868444",41,82,41
"ANKRD11","s1324_S_VTA_03_ASEReadCounter.table","NW_015090842.1:9868519",47,105,58
"ANKRD11","s1324_S_VTA_03_ASEReadCounter.table","NW_015090842.1:9868609",47,119,72
"ANKRD11","s1324_S_VTA_03_ASEReadCounter.table","NW_015090842.1:9868666",58,127,69
"ANKRD11","s1324_S_VTA_03_ASEReadCounter.table","NW_015090842.1:9869431",101,177,76
"ANKRD11","s1324_S_VTA_03_ASEReadCounter.table","NW_015090842.1:9869578",154,318,164
"ANKRD11","s1324_S_VTA_03_ASEReadCounter.table","NW_015090842.1:9869734",153,319,166
"ANKRD11","s1324_S_VTA_03_ASEReadCounter.table","NW_015090842.1:9870070",140,281,141
"ANKRD11","s1324_S_VTA_03_ASEReadCounter.table","NW_015090842.1:9870349",143,281,138
"ANKRD11","s1324_S_VTA_03_ASEReadCounter.table","NW_015090842.1:9870604",178,332,154
"ANKRD11","s1324_S_VTA_03_ASEReadCounter.table","NW_015090842.1:9870613",204,360,156
"ANKRD11","s1324_S_VTA_03_ASEReadCounter.table","NW_015090842.1:9870685",213,389,176
"ANKRD11","s1324_S_VTA_03_ASEReadCounter.table","NW_015090842.1:9870847",152,314,162
"ANKRD11","s1324_S_VTA_03_ASEReadCounter.table","NW_015090842.1:9871103",125,256,131
"ANKRD11","s1324_S_VTA_03_ASEReadCounter.table","NW_015090842.1:9871165",144,288,144
"ANKRD11","s1324_S_VTA_03_ASEReadCounter.table","NW_015090842.1:9871820",38,86,48
"ANKRD11","s1324_S_VTA_03_ASEReadCounter.table","NW_015090842.1:9871994",79,79,0
"ANKRD11","s1324_S_VTA_03_ASEReadCounter.table","NW_015090842.1:9872118",46,93,47
"SPG7","s1324_S_VTA_03_ASEReadCounter.table","NW_015090842.1:10051190",54,113,59
"SPG7","s1324_S_VTA_03_ASEReadCounter.table","NW_015090842.1:10051218",54,139,85
"SPG7","s1324_S_VTA_03_ASEReadCounter.table","NW_015090842.1:10052348",68,140,72
"SPG7","s1324_S_VTA_03_ASEReadCounter.table","NW_015090842.1:10052366",70,154,84
"SPG7","s1324_S_VTA_03_ASEReadCounter.table","NW_015090842.1:10065173",131,229,98
"SPG7","s1324_S_VTA_03_ASEReadCounter.table","NW_015090842.1:10065215",108,192,84
"SPG7","s1324_S_VTA_03_ASEReadCounter.table","NW_015090842.1:10066301",89,178,89
"SPG7","s1324_S_VTA_03_ASEReadCounter.table","NW_015090842.1:10066365",80,171,91
"SPG7","s1324_S_VTA_03_ASEReadCounter.table","NW_015090842.1:10069752",115,217,102
"SPG7","s1324_S_VTA_03_ASEReadCounter.table","NW_015090842.1:10069800",135,249,114
"SPG7","s1324_S_VTA_03_ASEReadCounter.table","NW_015090842.1:10071192",155,290,135
"SPG7","s1324_S_VTA_03_ASEReadCounter.table","NW_015090842.1:10071204",136,258,122
"SPG7","s1324_S_VTA_03_ASEReadCounter.table","NW_015090842.1:10071219",131,258,127
"SPG7","s1324_S_VTA_03_ASEReadCounter.table","NW_015090842.1:10071967",107,248,141
"SPG7","s1324_S_VTA_03_ASEReadCounter.table","NW_015090842.1:10075109",205,384,179
"SPG7","s1324_S_VTA_03_ASEReadCounter.table","NW_015090842.1:10075114",202,366,164
"SPG7","s1324_S_VTA_03_ASEReadCounter.table","NW_015090842.1:10075198",190,344,154
"SPG7","s1324_S_VTA_03_ASEReadCounter.table","NW_015090842.1:10075487",129,271,142
"SPG7","s1324_S_VTA_03_ASEReadCounter.table","NW_015090842.1:10075488",129,273,144
"SPG7","s1324_S_VTA_03_ASEReadCounter.table","NW_015090842.1:10075548",94,197,103
"RPL13","s1324_S_VTA_03_ASEReadCounter.table","NW_015090842.1:10076979",1,5,4
"RPL13","s1324_S_VTA_03_ASEReadCounter.table","NW_015090842.1:10077387",369,821,452
"RPL13","s1324_S_VTA_03_ASEReadCounter.table","NW_015090842.1:10077978",544,1182,638
"RPL13","s1324_S_VTA_03_ASEReadCounter.table","NW_015090842.1:10077992",556,1167,611
"CPNE7","s1324_S_VTA_03_ASEReadCounter.table","NW_015090842.1:10084001",2,2,0
"CPNE7","s1324_S_VTA_03_ASEReadCounter.table","NW_015090842.1:10084856",1,1,0
"CPNE7","s1324_S_VTA_03_ASEReadCounter.table","NW_015090842.1:10084872",1,1,0
"CPNE7","s1324_S_VTA_03_ASEReadCounter.table","NW_015090842.1:10084892",1,1,0
"CPNE7","s1324_S_VTA_03_ASEReadCounter.table","NW_015090842.1:10084921",1,2,1
"CPNE7","s1324_S_VTA_03_ASEReadCounter.table","NW_015090842.1:10084935",1,2,1
"CPNE7","s1324_S_VTA_03_ASEReadCounter.table","NW_015090842.1:10085000",3,4,1
"CPNE7","s1324_S_VTA_03_ASEReadCounter.table","NW_015090842.1:10085089",4,5,1
"CPNE7","s1324_S_VTA_03_ASEReadCounter.table","NW_015090842.1:10085096",4,5,1
"CPNE7","s1324_S_VTA_03_ASEReadCounter.table","NW_015090842.1:10085126",5,5,0
"CPNE7","s1324_S_VTA_03_ASEReadCounter.table","NW_015090842.1:10085180",4,5,1
"CPNE7","s1324_S_VTA_03_ASEReadCounter.table","NW_015090842.1:10085201",2,3,1
"CPNE7","s1324_S_VTA_03_ASEReadCounter.table","NW_015090842.1:10088134",3,7,4
"CPNE7","s1324_S_VTA_03_ASEReadCounter.table","NW_015090842.1:10088146",4,8,4
"CPNE7","s1324_S_VTA_03_ASEReadCounter.table","NW_015090842.1:10088940",7,8,1
"CPNE7","s1324_S_VTA_03_ASEReadCounter.table","NW_015090842.1:10088965",7,8,1
"CPNE7","s1324_S_VTA_03_ASEReadCounter.table","NW_015090842.1:10088967",7,8,1
"CPNE7","s1324_S_VTA_03_ASEReadCounter.table","NW_015090842.1:10088973",6,7,1
"CPNE7","s1324_S_VTA_03_ASEReadCounter.table","NW_015090842.1:10090924",12,14,2
"CPNE7","s1324_S_VTA_03_ASEReadCounter.table","NW_015090842.1:10090930",9,13,4
"CPNE7","s1324_S_VTA_03_ASEReadCounter.table","NW_015090842.1:10091075",7,12,5
"CPNE7","s1324_S_VTA_03_ASEReadCounter.table","NW_015090842.1:10091389",9,17,8
"CPNE7","s1324_S_VTA_03_ASEReadCounter.table","NW_015090842.1:10091407",9,19,10
"CPNE7","s1324_S_VTA_03_ASEReadCounter.table","NW_015090842.1:10091530",11,18,7
"CPNE7","s1324_S_VTA_03_ASEReadCounter.table","NW_015090842.1:10091875",12,24,12
"CPNE7","s1324_S_VTA_03_ASEReadCounter.table","NW_015090842.1:10091983",10,18,8
"CPNE7","s1324_S_VTA_03_ASEReadCounter.table","NW_015090842.1:10091997",11,19,8
"CPNE7","s1324_S_VTA_03_ASEReadCounter.table","NW_015090842.1:10092038",6,11,5
"CPNE7","s1324_S_VTA_03_ASEReadCounter.table","NW_015090842.1:10092140",7,12,5
"CPNE7","s1324_S_VTA_03_ASEReadCounter.table","NW_015090842.1:10092183",6,9,3
"CPNE7","s1324_S_VTA_03_ASEReadCounter.table","NW_015090842.1:10092201",4,7,3
"CPNE7","s1324_S_VTA_03_ASEReadCounter.table","NW_015090842.1:10092230",1,4,3
"CPNE7","s1324_S_VTA_03_ASEReadCounter.table","NW_015090842.1:10092246",1,3,2
"LOC106888185","s1324_S_VTA_03_ASEReadCounter.table","NW_015090842.1:10094965",0,4,4
"LOC106888185","s1324_S_VTA_03_ASEReadCounter.table","NW_015090842.1:10094966",0,4,4
"LOC106888185","s1324_S_VTA_03_ASEReadCounter.table","NW_015090842.1:10094985",0,3,3
"LOC106888185","s1324_S_VTA_03_ASEReadCounter.table","NW_015090842.1:10095055",0,2,2
"LOC106888185","s1324_S_VTA_03_ASEReadCounter.table","NW_015090842.1:10095062",0,3,3
"LOC106888185","s1324_S_VTA_03_ASEReadCounter.table","NW_015090842.1:10095130",0,4,4
"LOC106888185","s1324_S_VTA_03_ASEReadCounter.table","NW_015090842.1:10095265",13,27,14
"LOC106888185","s1324_S_VTA_03_ASEReadCounter.table","NW_015090842.1:10095586",6,18,12
"LOC106888185","s1324_S_VTA_03_ASEReadCounter.table","NW_015090842.1:10095593",5,15,10
"LOC106888185","s1324_S_VTA_03_ASEReadCounter.table","NW_015090842.1:10095616",4,12,8
"LOC106888185","s1324_S_VTA_03_ASEReadCounter.table","NW_015090842.1:10095662",8,15,7
"LOC106888185","s1324_S_VTA_03_ASEReadCounter.table","NW_015090842.1:10095674",8,15,7
"LOC106888185","s1324_S_VTA_03_ASEReadCounter.table","NW_015090842.1:10095786",5,12,7
"LOC106888185","s1324_S_VTA_03_ASEReadCounter.table","NW_015090842.1:10095831",10,17,7
"LOC106888185","s1324_S_VTA_03_ASEReadCounter.table","NW_015090842.1:10096230",6,16,10
"LOC106888185","s1324_S_VTA_03_ASEReadCounter.table","NW_015090842.1:10096249",6,15,9
"LOC106888185","s1324_S_VTA_03_ASEReadCounter.table","NW_015090842.1:10096272",6,16,10
"LOC106888185","s1324_S_VTA_03_ASEReadCounter.table","NW_015090842.1:10096288",8,17,9
"LOC106888185","s1324_S_VTA_03_ASEReadCounter.table","NW_015090842.1:10097248",6,8,2
"LOC106888185","s1324_S_VTA_03_ASEReadCounter.table","NW_015090842.1:10097265",9,13,4
"LOC106888185","s1324_S_VTA_03_ASEReadCounter.table","NW_015090842.1:10097446",0,1,1
"DPEP1","s1324_S_VTA_03_ASEReadCounter.table","NW_015090842.1:10098518",0,2,2
"DPEP1","s1324_S_VTA_03_ASEReadCounter.table","NW_015090842.1:10098595",0,1,1
"DPEP1","s1324_S_VTA_03_ASEReadCounter.table","NW_015090842.1:10098597",0,1,1
"DPEP1","s1324_S_VTA_03_ASEReadCounter.table","NW_015090842.1:10098659",0,1,1
"DPEP1","s1324_S_VTA_03_ASEReadCounter.table","NW_015090842.1:10099765",0,1,1
"DPEP1","s1324_S_VTA_03_ASEReadCounter.table","NW_015090842.1:10100044",0,1,1
"DPEP1","s1324_S_VTA_03_ASEReadCounter.table","NW_015090842.1:10100045",0,1,1
"DPEP1","s1324_S_VTA_03_ASEReadCounter.table","NW_015090842.1:10100084",0,1,1
"DPEP1","s1324_S_VTA_03_ASEReadCounter.table","NW_015090842.1:10100902",0,1,1
"DPEP1","s1324_S_VTA_03_ASEReadCounter.table","NW_015090842.1:10101072",0,2,2
"DPEP1","s1324_S_VTA_03_ASEReadCounter.table","NW_015090842.1:10101199",0,1,1
"DPEP1","s1324_S_VTA_03_ASEReadCounter.table","NW_015090842.1:10101525",0,1,1
"DPEP1","s1324_S_VTA_03_ASEReadCounter.table","NW_015090842.1:10101875",0,1,1
"DPEP1","s1324_S_VTA_03_ASEReadCounter.table","NW_015090842.1:10101913",0,1,1
"DPEP1","s1324_S_VTA_03_ASEReadCounter.table","NW_015090842.1:10101996",0,1,1
"CHMP1A","s1324_S_VTA_03_ASEReadCounter.table","NW_015090842.1:10102901",44,135,91
"CHMP1A","s1324_S_VTA_03_ASEReadCounter.table","NW_015090842.1:10102961",29,121,92
"CHMP1A","s1324_S_VTA_03_ASEReadCounter.table","NW_015090842.1:10102996",33,122,89
"CHMP1A","s1324_S_VTA_03_ASEReadCounter.table","NW_015090842.1:10103004",34,128,94
"CHMP1A","s1324_S_VTA_03_ASEReadCounter.table","NW_015090842.1:10103006",34,127,93
"CHMP1A","s1324_S_VTA_03_ASEReadCounter.table","NW_015090842.1:10103052",67,175,108
"CHMP1A","s1324_S_VTA_03_ASEReadCounter.table","NW_015090842.1:10103095",64,178,114
"CHMP1A","s1324_S_VTA_03_ASEReadCounter.table","NW_015090842.1:10103096",65,177,112
"CHMP1A","s1324_S_VTA_03_ASEReadCounter.table","NW_015090842.1:10103152",47,115,68
"CHMP1A","s1324_S_VTA_03_ASEReadCounter.table","NW_015090842.1:10103334",44,104,60
"CHMP1A","s1324_S_VTA_03_ASEReadCounter.table","NW_015090842.1:10103373",19,76,57
"CHMP1A","s1324_S_VTA_03_ASEReadCounter.table","NW_015090842.1:10103408",38,114,76
"CHMP1A","s1324_S_VTA_03_ASEReadCounter.table","NW_015090842.1:10103412",42,113,71
"CHMP1A","s1324_S_VTA_03_ASEReadCounter.table","NW_015090842.1:10103512",64,135,71
"CHMP1A","s1324_S_VTA_03_ASEReadCounter.table","NW_015090842.1:10103513",64,135,71
"CHMP1A","s1324_S_VTA_03_ASEReadCounter.table","NW_015090842.1:10103583",37,70,33
"CHMP1A","s1324_S_VTA_03_ASEReadCounter.table","NW_015090842.1:10103614",41,79,38
"CHMP1A","s1324_S_VTA_03_ASEReadCounter.table","NW_015090842.1:10103657",44,86,42
"CHMP1A","s1324_S_VTA_03_ASEReadCounter.table","NW_015090842.1:10103669",37,77,40
"CHMP1A","s1324_S_VTA_03_ASEReadCounter.table","NW_015090842.1:10103674",39,78,39
"CHMP1A","s1324_S_VTA_03_ASEReadCounter.table","NW_015090842.1:10103677",36,76,40
"CHMP1A","s1324_S_VTA_03_ASEReadCounter.table","NW_015090842.1:10103729",43,89,46
"CHMP1A","s1324_S_VTA_03_ASEReadCounter.table","NW_015090842.1:10103758",52,90,38
"CHMP1A","s1324_S_VTA_03_ASEReadCounter.table","NW_015090842.1:10103761",52,91,39
"CHMP1A","s1324_S_VTA_03_ASEReadCounter.table","NW_015090842.1:10103788",58,120,62
"CHMP1A","s1324_S_VTA_03_ASEReadCounter.table","NW_015090842.1:10103789",59,122,63
"CHMP1A","s1324_S_VTA_03_ASEReadCounter.table","NW_015090842.1:10103790",57,118,61
"CHMP1A","s1324_S_VTA_03_ASEReadCounter.table","NW_015090842.1:10103950",36,101,65
"CHMP1A","s1324_S_VTA_03_ASEReadCounter.table","NW_015090842.1:10104335",45,85,40
"CHMP1A","s1324_S_VTA_03_ASEReadCounter.table","NW_015090842.1:10104429",48,98,50
"CHMP1A","s1324_S_VTA_03_ASEReadCounter.table","NW_015090842.1:10104532",52,105,53
"CHMP1A","s1324_S_VTA_03_ASEReadCounter.table","NW_015090842.1:10104633",35,71,36
"CHMP1A","s1324_S_VTA_03_ASEReadCounter.table","NW_015090842.1:10104759",35,71,36
"CHMP1A","s1324_S_VTA_03_ASEReadCounter.table","NW_015090842.1:10104794",47,93,46
"CHMP1A","s1324_S_VTA_03_ASEReadCounter.table","NW_015090842.1:10104844",35,76,41
"CHMP1A","s1324_S_VTA_03_ASEReadCounter.table","NW_015090842.1:10106290",29,74,45
"CHMP1A","s1324_S_VTA_03_ASEReadCounter.table","NW_015090842.1:10106335",41,99,58
"CHMP1A","s1324_S_VTA_03_ASEReadCounter.table","NW_015090842.1:10106383",41,103,62
"CHMP1A","s1324_S_VTA_03_ASEReadCounter.table","NW_015090842.1:10106747",38,84,46
"CHMP1A","s1324_S_VTA_03_ASEReadCounter.table","NW_015090842.1:10107404",27,92,65
"CHMP1A","s1324_S_VTA_03_ASEReadCounter.table","NW_015090842.1:10107410",26,91,65
"CHMP1A","s1324_S_VTA_03_ASEReadCounter.table","NW_015090842.1:10107876",24,73,49
"CDK10","s1324_S_VTA_03_ASEReadCounter.table","NW_015090842.1:10109030",7,11,4
"CDK10","s1324_S_VTA_03_ASEReadCounter.table","NW_015090842.1:10109963",33,92,59
"CDK10","s1324_S_VTA_03_ASEReadCounter.table","NW_015090842.1:10110887",31,76,45
"CDK10","s1324_S_VTA_03_ASEReadCounter.table","NW_015090842.1:10111254",25,64,39
"CDK10","s1324_S_VTA_03_ASEReadCounter.table","NW_015090842.1:10111380",29,79,50
"CDK10","s1324_S_VTA_03_ASEReadCounter.table","NW_015090842.1:10111395",35,77,42
"CDK10","s1324_S_VTA_03_ASEReadCounter.table","NW_015090842.1:10111437",20,73,53
"CDK10","s1324_S_VTA_03_ASEReadCounter.table","NW_015090842.1:10111798",28,89,61
"CDK10","s1324_S_VTA_03_ASEReadCounter.table","NW_015090842.1:10111840",34,92,58
"CDK10","s1324_S_VTA_03_ASEReadCounter.table","NW_015090842.1:10112031",48,123,75
"CDK10","s1324_S_VTA_03_ASEReadCounter.table","NW_015090842.1:10112285",38,117,79
"CDK10","s1324_S_VTA_03_ASEReadCounter.table","NW_015090842.1:10112398",37,115,78
"CDK10","s1324_S_VTA_03_ASEReadCounter.table","NW_015090842.1:10112455",51,114,63
"CDK10","s1324_S_VTA_03_ASEReadCounter.table","NW_015090842.1:10112461",50,102,52
"CDK10","s1324_S_VTA_03_ASEReadCounter.table","NW_015090842.1:10112497",40,92,52
"CDK10","s1324_S_VTA_03_ASEReadCounter.table","NW_015090842.1:10112508",34,102,68
"CDK10","s1324_S_VTA_03_ASEReadCounter.table","NW_015090842.1:10112518",26,94,68
"CDK10","s1324_S_VTA_03_ASEReadCounter.table","NW_015090842.1:10112540",15,85,70
"CDK10","s1324_S_VTA_03_ASEReadCounter.table","NW_015090842.1:10112556",34,109,75
"CDK10","s1324_S_VTA_03_ASEReadCounter.table","NW_015090842.1:10112561",36,119,83
"CDK10","s1324_S_VTA_03_ASEReadCounter.table","NW_015090842.1:10112596",42,122,80
"CDK10","s1324_S_VTA_03_ASEReadCounter.table","NW_015090842.1:10112630",26,90,64
"CDK10","s1324_S_VTA_03_ASEReadCounter.table","NW_015090842.1:10112656",24,86,62
"CDK10","s1324_S_VTA_03_ASEReadCounter.table","NW_015090842.1:10112665",18,63,45
"CDK10","s1324_S_VTA_03_ASEReadCounter.table","NW_015090842.1:10112668",17,63,46
"CDK10","s1324_S_VTA_03_ASEReadCounter.table","NW_015090842.1:10112781",16,40,24
"CDK10","s1324_S_VTA_03_ASEReadCounter.table","NW_015090842.1:10112782",16,40,24
"CDK10","s1324_S_VTA_03_ASEReadCounter.table","NW_015090842.1:10112795",17,38,21
"CDK10","s1324_S_VTA_03_ASEReadCounter.table","NW_015090842.1:10112841",2,11,9
"CDK10","s1324_S_VTA_03_ASEReadCounter.table","NW_015090842.1:10112861",2,8,6
"SPATA2L","s1324_S_VTA_03_ASEReadCounter.table","NW_015090842.1:10113212",24,53,29
"SPATA2L","s1324_S_VTA_03_ASEReadCounter.table","NW_015090842.1:10113280",39,89,50
"SPATA2L","s1324_S_VTA_03_ASEReadCounter.table","NW_015090842.1:10113296",38,90,52
"SPATA2L","s1324_S_VTA_03_ASEReadCounter.table","NW_015090842.1:10113321",41,104,63
"SPATA2L","s1324_S_VTA_03_ASEReadCounter.table","NW_015090842.1:10113332",45,111,66
"SPATA2L","s1324_S_VTA_03_ASEReadCounter.table","NW_015090842.1:10113380",42,108,66
"SPATA2L","s1324_S_VTA_03_ASEReadCounter.table","NW_015090842.1:10113381",42,110,68
"SPATA2L","s1324_S_VTA_03_ASEReadCounter.table","NW_015090842.1:10113412",48,121,73
"SPATA2L","s1324_S_VTA_03_ASEReadCounter.table","NW_015090842.1:10113421",49,122,73
"SPATA2L","s1324_S_VTA_03_ASEReadCounter.table","NW_015090842.1:10113465",41,111,70
"SPATA2L","s1324_S_VTA_03_ASEReadCounter.table","NW_015090842.1:10113535",46,99,53
"SPATA2L","s1324_S_VTA_03_ASEReadCounter.table","NW_015090842.1:10113645",49,141,92
"SPATA2L","s1324_S_VTA_03_ASEReadCounter.table","NW_015090842.1:10113682",57,164,107
"SPATA2L","s1324_S_VTA_03_ASEReadCounter.table","NW_015090842.1:10113696",54,144,90
"SPATA2L","s1324_S_VTA_03_ASEReadCounter.table","NW_015090842.1:10113727",57,145,88
"SPATA2L","s1324_S_VTA_03_ASEReadCounter.table","NW_015090842.1:10113729",57,142,85
"SPATA2L","s1324_S_VTA_03_ASEReadCounter.table","NW_015090842.1:10113799",64,158,94
"SPATA2L","s1324_S_VTA_03_ASEReadCounter.table","NW_015090842.1:10113809",64,166,102
"SPATA2L","s1324_S_VTA_03_ASEReadCounter.table","NW_015090842.1:10113827",64,162,98
"SPATA2L","s1324_S_VTA_03_ASEReadCounter.table","NW_015090842.1:10113831",63,168,105
"SPATA2L","s1324_S_VTA_03_ASEReadCounter.table","NW_015090842.1:10113894",66,149,83
"SPATA2L","s1324_S_VTA_03_ASEReadCounter.table","NW_015090842.1:10113905",54,137,83
"SPATA2L","s1324_S_VTA_03_ASEReadCounter.table","NW_015090842.1:10113914",53,128,75
"SPATA2L","s1324_S_VTA_03_ASEReadCounter.table","NW_015090842.1:10113920",57,129,72
"SPATA2L","s1324_S_VTA_03_ASEReadCounter.table","NW_015090842.1:10113937",56,141,85
"SPATA2L","s1324_S_VTA_03_ASEReadCounter.table","NW_015090842.1:10113971",38,116,78
"SPATA2L","s1324_S_VTA_03_ASEReadCounter.table","NW_015090842.1:10113976",29,117,88
"SPATA2L","s1324_S_VTA_03_ASEReadCounter.table","NW_015090842.1:10113985",30,109,79
"SPATA2L","s1324_S_VTA_03_ASEReadCounter.table","NW_015090842.1:10113994",38,128,90
"SPATA2L","s1324_S_VTA_03_ASEReadCounter.table","NW_015090842.1:10114063",37,112,75
"SPATA2L","s1324_S_VTA_03_ASEReadCounter.table","NW_015090842.1:10114066",36,114,78
"SPATA2L","s1324_S_VTA_03_ASEReadCounter.table","NW_015090842.1:10114069",38,114,76
"SPATA2L","s1324_S_VTA_03_ASEReadCounter.table","NW_015090842.1:10114159",26,76,50
"SPATA2L","s1324_S_VTA_03_ASEReadCounter.table","NW_015090842.1:10114262",106,106,0
"SPATA2L","s1324_S_VTA_03_ASEReadCounter.table","NW_015090842.1:10114470",27,72,45
"SPATA2L","s1324_S_VTA_03_ASEReadCounter.table","NW_015090842.1:10114524",23,62,39
"VPS9D1","s1324_S_VTA_03_ASEReadCounter.table","NW_015090842.1:10116377",29,72,43
"VPS9D1","s1324_S_VTA_03_ASEReadCounter.table","NW_015090842.1:10116415",29,84,55
"VPS9D1","s1324_S_VTA_03_ASEReadCounter.table","NW_015090842.1:10116607",22,65,43
"VPS9D1","s1324_S_VTA_03_ASEReadCounter.table","NW_015090842.1:10116821",11,35,24
"VPS9D1","s1324_S_VTA_03_ASEReadCounter.table","NW_015090842.1:10116825",12,36,24
"VPS9D1","s1324_S_VTA_03_ASEReadCounter.table","NW_015090842.1:10116882",11,32,21
"VPS9D1","s1324_S_VTA_03_ASEReadCounter.table","NW_015090842.1:10116933",13,34,21
"VPS9D1","s1324_S_VTA_03_ASEReadCounter.table","NW_015090842.1:10116942",16,39,23
"VPS9D1","s1324_S_VTA_03_ASEReadCounter.table","NW_015090842.1:10117152",18,50,32
"VPS9D1","s1324_S_VTA_03_ASEReadCounter.table","NW_015090842.1:10117480",16,47,31
"VPS9D1","s1324_S_VTA_03_ASEReadCounter.table","NW_015090842.1:10117497",16,47,31
"VPS9D1","s1324_S_VTA_03_ASEReadCounter.table","NW_015090842.1:10117499",14,46,32
"VPS9D1","s1324_S_VTA_03_ASEReadCounter.table","NW_015090842.1:10117516",16,52,36
"VPS9D1","s1324_S_VTA_03_ASEReadCounter.table","NW_015090842.1:10117525",15,50,35
"VPS9D1","s1324_S_VTA_03_ASEReadCounter.table","NW_015090842.1:10117579",9,49,40
"VPS9D1","s1324_S_VTA_03_ASEReadCounter.table","NW_015090842.1:10117627",12,53,41
"VPS9D1","s1324_S_VTA_03_ASEReadCounter.table","NW_015090842.1:10117678",9,47,38
"VPS9D1","s1324_S_VTA_03_ASEReadCounter.table","NW_015090842.1:10117773",13,56,43
"VPS9D1","s1324_S_VTA_03_ASEReadCounter.table","NW_015090842.1:10117937",20,69,49
"VPS9D1","s1324_S_VTA_03_ASEReadCounter.table","NW_015090842.1:10117961",20,65,45
"VPS9D1","s1324_S_VTA_03_ASEReadCounter.table","NW_015090842.1:10118236",24,77,53
"VPS9D1","s1324_S_VTA_03_ASEReadCounter.table","NW_015090842.1:10118414",25,82,57
"VPS9D1","s1324_S_VTA_03_ASEReadCounter.table","NW_015090842.1:10118973",18,71,53
"VPS9D1","s1324_S_VTA_03_ASEReadCounter.table","NW_015090842.1:10119500",15,37,22
"ZNF276","s1324_S_VTA_03_ASEReadCounter.table","NW_015090842.1:10121760",2,3,1
"ZNF276","s1324_S_VTA_03_ASEReadCounter.table","NW_015090842.1:10121769",2,3,1
"ZNF276","s1324_S_VTA_03_ASEReadCounter.table","NW_015090842.1:10121802",1,3,2
"ZNF276","s1324_S_VTA_03_ASEReadCounter.table","NW_015090842.1:10121971",7,14,7
"ZNF276","s1324_S_VTA_03_ASEReadCounter.table","NW_015090842.1:10122161",17,17,0
"ZNF276","s1324_S_VTA_03_ASEReadCounter.table","NW_015090842.1:10122164",16,16,0
"ZNF276","s1324_S_VTA_03_ASEReadCounter.table","NW_015090842.1:10122184",17,17,0
"ZNF276","s1324_S_VTA_03_ASEReadCounter.table","NW_015090842.1:10122883",8,14,6
"ZNF276","s1324_S_VTA_03_ASEReadCounter.table","NW_015090842.1:10122997",4,10,6
"ZNF276","s1324_S_VTA_03_ASEReadCounter.table","NW_015090842.1:10123069",13,20,7
"ZNF276","s1324_S_VTA_03_ASEReadCounter.table","NW_015090842.1:10123207",18,37,19
"ZNF276","s1324_S_VTA_03_ASEReadCounter.table","NW_015090842.1:10125787",16,34,18
"ZNF276","s1324_S_VTA_03_ASEReadCounter.table","NW_015090842.1:10126309",12,38,26
"ZNF276","s1324_S_VTA_03_ASEReadCounter.table","NW_015090842.1:10126348",22,56,34
"ZNF276","s1324_S_VTA_03_ASEReadCounter.table","NW_015090842.1:10126978",23,50,27
"ZNF276","s1324_S_VTA_03_ASEReadCounter.table","NW_015090842.1:10126991",22,45,23
"ZNF276","s1324_S_VTA_03_ASEReadCounter.table","NW_015090842.1:10127023",25,53,28
"ZNF276","s1324_S_VTA_03_ASEReadCounter.table","NW_015090842.1:10127063",30,62,32
"ZNF276","s1324_S_VTA_03_ASEReadCounter.table","NW_015090842.1:10127373",26,61,35
"ZNF276","s1324_S_VTA_03_ASEReadCounter.table","NW_015090842.1:10127931",16,53,37
"ZNF276","s1324_S_VTA_03_ASEReadCounter.table","NW_015090842.1:10128070",23,53,30
"ZNF276","s1324_S_VTA_03_ASEReadCounter.table","NW_015090842.1:10128102",27,59,32
"ZNF276","s1324_S_VTA_03_ASEReadCounter.table","NW_015090842.1:10128356",24,57,33
"ZNF276","s1324_S_VTA_03_ASEReadCounter.table","NW_015090842.1:10128497",16,33,17
"FANCA","s1324_S_VTA_03_ASEReadCounter.table","NW_015090842.1:10128743",0,1,1
"FANCA","s1324_S_VTA_03_ASEReadCounter.table","NW_015090842.1:10128822",1,1,0
"FANCA","s1324_S_VTA_03_ASEReadCounter.table","NW_015090842.1:10129383",1,1,0
"FANCA","s1324_S_VTA_03_ASEReadCounter.table","NW_015090842.1:10129390",1,1,0
"FANCA","s1324_S_VTA_03_ASEReadCounter.table","NW_015090842.1:10129969",1,2,1
"FANCA","s1324_S_VTA_03_ASEReadCounter.table","NW_015090842.1:10130399",1,2,1
"FANCA","s1324_S_VTA_03_ASEReadCounter.table","NW_015090842.1:10130857",0,2,2
"FANCA","s1324_S_VTA_03_ASEReadCounter.table","NW_015090842.1:10130878",0,2,2
"FANCA","s1324_S_VTA_03_ASEReadCounter.table","NW_015090842.1:10133601",0,1,1
"FANCA","s1324_S_VTA_03_ASEReadCounter.table","NW_015090842.1:10134492",1,2,1
"FANCA","s1324_S_VTA_03_ASEReadCounter.table","NW_015090842.1:10136957",1,2,1
"FANCA","s1324_S_VTA_03_ASEReadCounter.table","NW_015090842.1:10136982",1,2,1
"FANCA","s1324_S_VTA_03_ASEReadCounter.table","NW_015090842.1:10136999",0,1,1
"FANCA","s1324_S_VTA_03_ASEReadCounter.table","NW_015090842.1:10137019",1,2,1
"FANCA","s1324_S_VTA_03_ASEReadCounter.table","NW_015090842.1:10137673",1,1,0
"FANCA","s1324_S_VTA_03_ASEReadCounter.table","NW_015090842.1:10138618",1,2,1
"FANCA","s1324_S_VTA_03_ASEReadCounter.table","NW_015090842.1:10140699",2,2,0
"FANCA","s1324_S_VTA_03_ASEReadCounter.table","NW_015090842.1:10141234",0,1,1
"FANCA","s1324_S_VTA_03_ASEReadCounter.table","NW_015090842.1:10145030",1,1,0
"FANCA","s1324_S_VTA_03_ASEReadCounter.table","NW_015090842.1:10152863",0,1,1
"FANCA","s1324_S_VTA_03_ASEReadCounter.table","NW_015090842.1:10158957",1,1,0
"SPIRE2","s1324_S_VTA_03_ASEReadCounter.table","NW_015090842.1:10172284",24,37,13
"SPIRE2","s1324_S_VTA_03_ASEReadCounter.table","NW_015090842.1:10175262",29,49,20
"SPIRE2","s1324_S_VTA_03_ASEReadCounter.table","NW_015090842.1:10175352",24,31,7
"SPIRE2","s1324_S_VTA_03_ASEReadCounter.table","NW_015090842.1:10175400",51,89,38
"SPIRE2","s1324_S_VTA_03_ASEReadCounter.table","NW_015090842.1:10175418",58,100,42
"SPIRE2","s1324_S_VTA_03_ASEReadCounter.table","NW_015090842.1:10175704",56,119,63
"SPIRE2","s1324_S_VTA_03_ASEReadCounter.table","NW_015090842.1:10176115",82,173,91
"SPIRE2","s1324_S_VTA_03_ASEReadCounter.table","NW_015090842.1:10176561",96,191,95
"SPIRE2","s1324_S_VTA_03_ASEReadCounter.table","NW_015090842.1:10176817",91,188,97
"SPIRE2","s1324_S_VTA_03_ASEReadCounter.table","NW_015090842.1:10177084",47,123,76
"SPIRE2","s1324_S_VTA_03_ASEReadCounter.table","NW_015090842.1:10177838",80,179,99
"SPIRE2","s1324_S_VTA_03_ASEReadCounter.table","NW_015090842.1:10178000",97,213,116
"SPIRE2","s1324_S_VTA_03_ASEReadCounter.table","NW_015090842.1:10178164",100,194,94
"SPIRE2","s1324_S_VTA_03_ASEReadCounter.table","NW_015090842.1:10178216",113,235,122
"SPIRE2","s1324_S_VTA_03_ASEReadCounter.table","NW_015090842.1:10178303",84,176,92
"SPIRE2","s1324_S_VTA_03_ASEReadCounter.table","NW_015090842.1:10178403",92,210,118
"SPIRE2","s1324_S_VTA_03_ASEReadCounter.table","NW_015090842.1:10178409",85,199,114
"SPIRE2","s1324_S_VTA_03_ASEReadCounter.table","NW_015090842.1:10178524",104,220,116
"SPIRE2","s1324_S_VTA_03_ASEReadCounter.table","NW_015090842.1:10178526",103,219,116
"SPIRE2","s1324_S_VTA_03_ASEReadCounter.table","NW_015090842.1:10178531",103,221,118
"SPIRE2","s1324_S_VTA_03_ASEReadCounter.table","NW_015090842.1:10178565",79,195,116
"SPIRE2","s1324_S_VTA_03_ASEReadCounter.table","NW_015090842.1:10178587",65,161,96
"SPIRE2","s1324_S_VTA_03_ASEReadCounter.table","NW_015090842.1:10178640",49,133,84
"SPIRE2","s1324_S_VTA_03_ASEReadCounter.table","NW_015090842.1:10178651",53,142,89
"SPIRE2","s1324_S_VTA_03_ASEReadCounter.table","NW_015090842.1:10178682",51,128,77
"TCF25","s1324_S_VTA_03_ASEReadCounter.table","NW_015090842.1:10180912",45,73,28
"TCF25","s1324_S_VTA_03_ASEReadCounter.table","NW_015090842.1:10180924",45,72,27
"TCF25","s1324_S_VTA_03_ASEReadCounter.table","NW_015090842.1:10180931",45,72,27
"TCF25","s1324_S_VTA_03_ASEReadCounter.table","NW_015090842.1:10185332",113,205,92
"TCF25","s1324_S_VTA_03_ASEReadCounter.table","NW_015090842.1:10196561",91,160,69
"TCF25","s1324_S_VTA_03_ASEReadCounter.table","NW_015090842.1:10197399",194,194,0
"MC1R","s1324_S_VTA_03_ASEReadCounter.table","NW_015090842.1:10201853",1,3,2
"MC1R","s1324_S_VTA_03_ASEReadCounter.table","NW_015090842.1:10201986",1,2,1
"MC1R","s1324_S_VTA_03_ASEReadCounter.table","NW_015090842.1:10202447",0,1,1
"TUBB3","s1324_S_VTA_03_ASEReadCounter.table","NW_015090842.1:10205322",0,355,355
"GAS8","s1324_S_VTA_03_ASEReadCounter.table","NW_015090842.1:10228982",12,21,9
"GAS8","s1324_S_VTA_03_ASEReadCounter.table","NW_015090842.1:10229832",15,26,11
"GAS8","s1324_S_VTA_03_ASEReadCounter.table","NW_015090842.1:10232901",19,37,18
"GAS8","s1324_S_VTA_03_ASEReadCounter.table","NW_015090842.1:10232928",27,50,23
"GAS8","s1324_S_VTA_03_ASEReadCounter.table","NW_015090842.1:10232967",28,50,22
"GAS8","s1324_S_VTA_03_ASEReadCounter.table","NW_015090842.1:10233032",22,34,12
"GAS8","s1324_S_VTA_03_ASEReadCounter.table","NW_015090842.1:10233057",19,29,10
"GAS8","s1324_S_VTA_03_ASEReadCounter.table","NW_015090842.1:10233058",19,31,12
"GAS8","s1324_S_VTA_03_ASEReadCounter.table","NW_015090842.1:10233176",17,23,6
"GAS8","s1324_S_VTA_03_ASEReadCounter.table","NW_015090842.1:10233196",17,28,11
"GAS8","s1324_S_VTA_03_ASEReadCounter.table","NW_015090842.1:10233252",13,24,11
"GAS8","s1324_S_VTA_03_ASEReadCounter.table","NW_015090842.1:10233303",5,11,6
"LOC106888094","s1324_S_VTA_03_ASEReadCounter.table","NW_015090842.1:10233334",5,9,4
"LOC106888094","s1324_S_VTA_03_ASEReadCounter.table","NW_015090842.1:10233362",11,20,9
"LOC106888094","s1324_S_VTA_03_ASEReadCounter.table","NW_015090842.1:10233373",11,24,13
"LOC106888094","s1324_S_VTA_03_ASEReadCounter.table","NW_015090842.1:10233388",14,29,15
"LOC106888094","s1324_S_VTA_03_ASEReadCounter.table","NW_015090842.1:10233402",15,27,12
"LOC106888094","s1324_S_VTA_03_ASEReadCounter.table","NW_015090842.1:10233465",15,43,28
"LOC106888094","s1324_S_VTA_03_ASEReadCounter.table","NW_015090842.1:10233803",23,45,22
"LOC106888094","s1324_S_VTA_03_ASEReadCounter.table","NW_015090842.1:10233815",21,42,21
"LOC106888094","s1324_S_VTA_03_ASEReadCounter.table","NW_015090842.1:10235484",4,7,3
"LOC106888094","s1324_S_VTA_03_ASEReadCounter.table","NW_015090842.1:10235611",1,4,3
"LOC106888094","s1324_S_VTA_03_ASEReadCounter.table","NW_015090842.1:10235977",3,3,0
"LOC106888094","s1324_S_VTA_03_ASEReadCounter.table","NW_015090842.1:10236098",1,1,0
"LOC106888094","s1324_S_VTA_03_ASEReadCounter.table","NW_015090842.1:10236380",0,1,1
"LOC106888094","s1324_S_VTA_03_ASEReadCounter.table","NW_015090842.1:10236388",0,1,1
"LOC106888094","s1324_S_VTA_03_ASEReadCounter.table","NW_015090842.1:10236603",0,1,1
"LOC106888173","s1324_S_VTA_03_ASEReadCounter.table","NW_015090842.1:10239596",0,10,10
"LOC106888173","s1324_S_VTA_03_ASEReadCounter.table","NW_015090842.1:10240036",2,18,16
"LOC106888173","s1324_S_VTA_03_ASEReadCounter.table","NW_015090842.1:10240095",7,28,21
"LOC106888173","s1324_S_VTA_03_ASEReadCounter.table","NW_015090842.1:10240280",8,30,22
"LOC106888173","s1324_S_VTA_03_ASEReadCounter.table","NW_015090842.1:10240557",10,37,27
"LOC106888173","s1324_S_VTA_03_ASEReadCounter.table","NW_015090842.1:10240603",13,42,29
"LOC106888173","s1324_S_VTA_03_ASEReadCounter.table","NW_015090842.1:10240609",13,42,29
"LOC106888173","s1324_S_VTA_03_ASEReadCounter.table","NW_015090842.1:10240924",7,24,17
"LOC106888173","s1324_S_VTA_03_ASEReadCounter.table","NW_015090842.1:10241037",6,27,21
"LOC106888173","s1324_S_VTA_03_ASEReadCounter.table","NW_015090842.1:10241046",7,28,21
"LOC106888173","s1324_S_VTA_03_ASEReadCounter.table","NW_015090842.1:10241058",6,29,23
"LOC106888173","s1324_S_VTA_03_ASEReadCounter.table","NW_015090842.1:10241064",6,31,25
"LOC106888173","s1324_S_VTA_03_ASEReadCounter.table","NW_015090842.1:10241163",13,33,20
"LOC106888173","s1324_S_VTA_03_ASEReadCounter.table","NW_015090842.1:10241803",10,40,30
"LOC106888173","s1324_S_VTA_03_ASEReadCounter.table","NW_015090842.1:10241827",8,31,23
"LOC106888173","s1324_S_VTA_03_ASEReadCounter.table","NW_015090842.1:10241869",13,37,24
"LOC106888173","s1324_S_VTA_03_ASEReadCounter.table","NW_015090842.1:10242079",15,41,26
"LOC106888173","s1324_S_VTA_03_ASEReadCounter.table","NW_015090842.1:10242103",14,40,26
"LOC106888173","s1324_S_VTA_03_ASEReadCounter.table","NW_015090842.1:10242157",17,42,25
"LOC106888173","s1324_S_VTA_03_ASEReadCounter.table","NW_015090842.1:10242455",24,56,32
"LOC106888173","s1324_S_VTA_03_ASEReadCounter.table","NW_015090842.1:10242481",21,51,30
"LOC106888173","s1324_S_VTA_03_ASEReadCounter.table","NW_015090842.1:10242590",19,47,28
"LOC106888173","s1324_S_VTA_03_ASEReadCounter.table","NW_015090842.1:10242794",16,42,26
"LOC106888173","s1324_S_VTA_03_ASEReadCounter.table","NW_015090842.1:10242909",18,43,25
"LOC106888173","s1324_S_VTA_03_ASEReadCounter.table","NW_015090842.1:10243094",16,46,30
"LOC106888173","s1324_S_VTA_03_ASEReadCounter.table","NW_015090842.1:10243133",11,34,23
"LOC106888173","s1324_S_VTA_03_ASEReadCounter.table","NW_015090842.1:10243273",21,54,33
"LOC106888173","s1324_S_VTA_03_ASEReadCounter.table","NW_015090842.1:10243278",24,57,33
"LOC106888173","s1324_S_VTA_03_ASEReadCounter.table","NW_015090842.1:10243281",23,57,34
"LOC106888173","s1324_S_VTA_03_ASEReadCounter.table","NW_015090842.1:10243347",33,33,0
"LOC106888173","s1324_S_VTA_03_ASEReadCounter.table","NW_015090842.1:10243353",18,32,14
"LOC106888173","s1324_S_VTA_03_ASEReadCounter.table","NW_015090842.1:10243363",13,24,11
"LOC106888173","s1324_S_VTA_03_ASEReadCounter.table","NW_015090842.1:10243365",13,23,10
"LOC106888173","s1324_S_VTA_03_ASEReadCounter.table","NW_015090842.1:10243529",12,25,13
"LOC106888173","s1324_S_VTA_03_ASEReadCounter.table","NW_015090842.1:10243566",23,46,23
"LOC106888173","s1324_S_VTA_03_ASEReadCounter.table","NW_015090842.1:10243605",23,52,29
"LOC106888173","s1324_S_VTA_03_ASEReadCounter.table","NW_015090842.1:10243614",20,49,29
"LOC106888173","s1324_S_VTA_03_ASEReadCounter.table","NW_015090842.1:10243615",19,49,30
"LOC106888173","s1324_S_VTA_03_ASEReadCounter.table","NW_015090842.1:10243640",19,46,27
"LOC106888173","s1324_S_VTA_03_ASEReadCounter.table","NW_015090842.1:10243680",15,35,20
"LOC106888173","s1324_S_VTA_03_ASEReadCounter.table","NW_015090842.1:10243742",24,47,23
"LOC106888173","s1324_S_VTA_03_ASEReadCounter.table","NW_015090842.1:10243804",19,40,21
"LOC106888173","s1324_S_VTA_03_ASEReadCounter.table","NW_015090842.1:10243913",9,14,5
"LOC106888173","s1324_S_VTA_03_ASEReadCounter.table","NW_015090842.1:10243921",9,14,5
"LOC106888384","s1324_S_VTA_03_ASEReadCounter.table","NW_015090842.1:10244714",1,1,0
"LOC106888384","s1324_S_VTA_03_ASEReadCounter.table","NW_015090842.1:10250743",1,1,0
"LOC106888384","s1324_S_VTA_03_ASEReadCounter.table","NW_015090842.1:10250771",2,2,0
"LOC106888384","s1324_S_VTA_03_ASEReadCounter.table","NW_015090842.1:10251343",1,1,0
"LOC106888384","s1324_S_VTA_03_ASEReadCounter.table","NW_015090842.1:10251344",1,1,0
"LOC106888384","s1324_S_VTA_03_ASEReadCounter.table","NW_015090842.1:10251349",1,1,0
"LOC106888384","s1324_S_VTA_03_ASEReadCounter.table","NW_015090842.1:10251354",1,4,3
"LOC106888384","s1324_S_VTA_03_ASEReadCounter.table","NW_015090842.1:10251358",1,4,3
"LOC106888384","s1324_S_VTA_03_ASEReadCounter.table","NW_015090842.1:10251369",1,4,3
"LOC106888384","s1324_S_VTA_03_ASEReadCounter.table","NW_015090842.1:10251370",1,4,3
"LOC106888384","s1324_S_VTA_03_ASEReadCounter.table","NW_015090842.1:10251375",1,4,3
"LOC106888384","s1324_S_VTA_03_ASEReadCounter.table","NW_015090842.1:10251388",0,3,3
"LOC106888384","s1324_S_VTA_03_ASEReadCounter.table","NW_015090842.1:10251390",0,2,2
"LOC106888384","s1324_S_VTA_03_ASEReadCounter.table","NW_015090842.1:10251393",0,2,2
"LOC106888384","s1324_S_VTA_03_ASEReadCounter.table","NW_015090842.1:10251399",0,2,2
"LOC106888384","s1324_S_VTA_03_ASEReadCounter.table","NW_015090842.1:10251492",2,2,0
"LOC106888384","s1324_S_VTA_03_ASEReadCounter.table","NW_015090842.1:10254028",2,3,1
"LOC106888384","s1324_S_VTA_03_ASEReadCounter.table","NW_015090842.1:10254233",1,1,0
"LOC106888384","s1324_S_VTA_03_ASEReadCounter.table","NW_015090842.1:10254263",1,1,0
"LOC106888384","s1324_S_VTA_03_ASEReadCounter.table","NW_015090842.1:10254293",1,1,0
"LOC106888384","s1324_S_VTA_03_ASEReadCounter.table","NW_015090842.1:10254570",2,2,0
"LOC106888384","s1324_S_VTA_03_ASEReadCounter.table","NW_015090842.1:10254647",1,1,0
"LOC106888384","s1324_S_VTA_03_ASEReadCounter.table","NW_015090842.1:10254663",1,1,0
"LOC106888384","s1324_S_VTA_03_ASEReadCounter.table","NW_015090842.1:10254891",1,1,0
"LOC106888384","s1324_S_VTA_03_ASEReadCounter.table","NW_015090842.1:10254900",1,1,0
"LOC106888384","s1324_S_VTA_03_ASEReadCounter.table","NW_015090842.1:10254915",1,1,0
"LOC106888384","s1324_S_VTA_03_ASEReadCounter.table","NW_015090842.1:10255236",1,1,0
"LOC106888384","s1324_S_VTA_03_ASEReadCounter.table","NW_015090842.1:10255262",1,1,0
"LOC106888384","s1324_S_VTA_03_ASEReadCounter.table","NW_015090842.1:10255264",1,1,0
"LOC106888384","s1324_S_VTA_03_ASEReadCounter.table","NW_015090842.1:10255306",1,1,0
"LOC106888384","s1324_S_VTA_03_ASEReadCounter.table","NW_015090842.1:10255449",1,1,0
"LOC106888384","s1324_S_VTA_03_ASEReadCounter.table","NW_015090842.1:10255496",3,3,0
"LOC106888384","s1324_S_VTA_03_ASEReadCounter.table","NW_015090842.1:10255505",3,3,0
"LOC106888384","s1324_S_VTA_03_ASEReadCounter.table","NW_015090842.1:10255531",3,3,0
"LOC106888384","s1324_S_VTA_03_ASEReadCounter.table","NW_015090842.1:10255608",2,2,0
"LOC106888384","s1324_S_VTA_03_ASEReadCounter.table","NW_015090842.1:10255614",2,2,0
"LOC106888384","s1324_S_VTA_03_ASEReadCounter.table","NW_015090842.1:10255704",5,5,0
"LOC106888384","s1324_S_VTA_03_ASEReadCounter.table","NW_015090842.1:10255731",5,5,0
"LOC106888384","s1324_S_VTA_03_ASEReadCounter.table","NW_015090842.1:10255771",3,3,0
"TANGO6","s1324_S_VTA_03_ASEReadCounter.table","NW_015090842.1:10257782",6,7,1
"TANGO6","s1324_S_VTA_03_ASEReadCounter.table","NW_015090842.1:10258162",12,17,5
"TANGO6","s1324_S_VTA_03_ASEReadCounter.table","NW_015090842.1:10258185",12,20,8
"TANGO6","s1324_S_VTA_03_ASEReadCounter.table","NW_015090842.1:10259267",7,14,7
"TANGO6","s1324_S_VTA_03_ASEReadCounter.table","NW_015090842.1:10260250",31,47,16
"TANGO6","s1324_S_VTA_03_ASEReadCounter.table","NW_015090842.1:10260979",14,25,11
"TANGO6","s1324_S_VTA_03_ASEReadCounter.table","NW_015090842.1:10261599",19,29,10
"TANGO6","s1324_S_VTA_03_ASEReadCounter.table","NW_015090842.1:10268425",35,57,22
"TANGO6","s1324_S_VTA_03_ASEReadCounter.table","NW_015090842.1:10269831",24,47,23
"TANGO6","s1324_S_VTA_03_ASEReadCounter.table","NW_015090842.1:10270813",24,35,11
"TANGO6","s1324_S_VTA_03_ASEReadCounter.table","NW_015090842.1:10273952",20,35,15
"TANGO6","s1324_S_VTA_03_ASEReadCounter.table","NW_015090842.1:10273970",27,41,14
"TANGO6","s1324_S_VTA_03_ASEReadCounter.table","NW_015090842.1:10274018",22,36,14
"TANGO6","s1324_S_VTA_03_ASEReadCounter.table","NW_015090842.1:10275974",22,33,11
"TANGO6","s1324_S_VTA_03_ASEReadCounter.table","NW_015090842.1:10275976",22,33,11
"TANGO6","s1324_S_VTA_03_ASEReadCounter.table","NW_015090842.1:10276123",23,40,17
"TANGO6","s1324_S_VTA_03_ASEReadCounter.table","NW_015090842.1:10276271",19,45,26
"TANGO6","s1324_S_VTA_03_ASEReadCounter.table","NW_015090842.1:10276272",18,45,27
"TANGO6","s1324_S_VTA_03_ASEReadCounter.table","NW_015090842.1:10276275",20,47,27
"TANGO6","s1324_S_VTA_03_ASEReadCounter.table","NW_015090842.1:10276278",22,48,26
"TANGO6","s1324_S_VTA_03_ASEReadCounter.table","NW_015090842.1:10276368",26,36,10
"TANGO6","s1324_S_VTA_03_ASEReadCounter.table","NW_015090842.1:10276373",26,37,11
"TANGO6","s1324_S_VTA_03_ASEReadCounter.table","NW_015090842.1:10276630",30,44,14
"TANGO6","s1324_S_VTA_03_ASEReadCounter.table","NW_015090842.1:10281498",22,45,23
"TANGO6","s1324_S_VTA_03_ASEReadCounter.table","NW_015090842.1:10282842",37,62,25
"TANGO6","s1324_S_VTA_03_ASEReadCounter.table","NW_015090842.1:10282863",29,44,15
"TANGO6","s1324_S_VTA_03_ASEReadCounter.table","NW_015090842.1:10282869",30,47,17
"TANGO6","s1324_S_VTA_03_ASEReadCounter.table","NW_015090842.1:10282903",26,45,19
"TANGO6","s1324_S_VTA_03_ASEReadCounter.table","NW_015090842.1:10283757",42,58,16
"TANGO6","s1324_S_VTA_03_ASEReadCounter.table","NW_015090842.1:10283785",41,61,20
"HAS3","s1324_S_VTA_03_ASEReadCounter.table","NW_015090842.1:10288266",2,4,2
"HAS3","s1324_S_VTA_03_ASEReadCounter.table","NW_015090842.1:10288274",1,3,2
"HAS3","s1324_S_VTA_03_ASEReadCounter.table","NW_015090842.1:10288364",1,1,0
"HAS3","s1324_S_VTA_03_ASEReadCounter.table","NW_015090842.1:10289469",2,2,0
"HAS3","s1324_S_VTA_03_ASEReadCounter.table","NW_015090842.1:10289708",2,2,0
"HAS3","s1324_S_VTA_03_ASEReadCounter.table","NW_015090842.1:10290375",1,1,0
"HAS3","s1324_S_VTA_03_ASEReadCounter.table","NW_015090842.1:10290395",1,1,0
"HAS3","s1324_S_VTA_03_ASEReadCounter.table","NW_015090842.1:10290561",1,3,2
"HAS3","s1324_S_VTA_03_ASEReadCounter.table","NW_015090842.1:10290609",0,2,2
"HAS3","s1324_S_VTA_03_ASEReadCounter.table","NW_015090842.1:10290666",0,1,1
"HAS3","s1324_S_VTA_03_ASEReadCounter.table","NW_015090842.1:10290927",2,5,3
"HAS3","s1324_S_VTA_03_ASEReadCounter.table","NW_015090842.1:10291004",3,5,2
"CHTF8","s1324_S_VTA_03_ASEReadCounter.table","NW_015090842.1:10291319",3,7,4
"CHTF8","s1324_S_VTA_03_ASEReadCounter.table","NW_015090842.1:10291342",2,3,1
"CHTF8","s1324_S_VTA_03_ASEReadCounter.table","NW_015090842.1:10291491",9,12,3
"CHTF8","s1324_S_VTA_03_ASEReadCounter.table","NW_015090842.1:10291520",9,13,4
"CHTF8","s1324_S_VTA_03_ASEReadCounter.table","NW_015090842.1:10291593",6,11,5
"CHTF8","s1324_S_VTA_03_ASEReadCounter.table","NW_015090842.1:10291600",5,9,4
"CHTF8","s1324_S_VTA_03_ASEReadCounter.table","NW_015090842.1:10291609",5,9,4
"CHTF8","s1324_S_VTA_03_ASEReadCounter.table","NW_015090842.1:10291639",6,10,4
"CHTF8","s1324_S_VTA_03_ASEReadCounter.table","NW_015090842.1:10291641",6,10,4
"CHTF8","s1324_S_VTA_03_ASEReadCounter.table","NW_015090842.1:10291648",7,11,4
"CHTF8","s1324_S_VTA_03_ASEReadCounter.table","NW_015090842.1:10291656",8,12,4
"CHTF8","s1324_S_VTA_03_ASEReadCounter.table","NW_015090842.1:10291675",7,12,5
"CHTF8","s1324_S_VTA_03_ASEReadCounter.table","NW_015090842.1:10291696",7,12,5
"CHTF8","s1324_S_VTA_03_ASEReadCounter.table","NW_015090842.1:10291714",9,15,6
"CHTF8","s1324_S_VTA_03_ASEReadCounter.table","NW_015090842.1:10291732",10,19,9
"CHTF8","s1324_S_VTA_03_ASEReadCounter.table","NW_015090842.1:10291755",9,17,8
"CHTF8","s1324_S_VTA_03_ASEReadCounter.table","NW_015090842.1:10291756",9,17,8
"CHTF8","s1324_S_VTA_03_ASEReadCounter.table","NW_015090842.1:10291758",9,18,9
"CHTF8","s1324_S_VTA_03_ASEReadCounter.table","NW_015090842.1:10291792",9,16,7
"CHTF8","s1324_S_VTA_03_ASEReadCounter.table","NW_015090842.1:10291895",8,15,7
"CHTF8","s1324_S_VTA_03_ASEReadCounter.table","NW_015090842.1:10292132",4,9,5
"CHTF8","s1324_S_VTA_03_ASEReadCounter.table","NW_015090842.1:10292314",5,11,6
"CHTF8","s1324_S_VTA_03_ASEReadCounter.table","NW_015090842.1:10292317",4,10,6
"CHTF8","s1324_S_VTA_03_ASEReadCounter.table","NW_015090842.1:10292928",1,1,0
"UTP4","s1324_S_VTA_03_ASEReadCounter.table","NW_015090842.1:10293146",10,22,12
"UTP4","s1324_S_VTA_03_ASEReadCounter.table","NW_015090842.1:10293151",10,21,11
"UTP4","s1324_S_VTA_03_ASEReadCounter.table","NW_015090842.1:10293191",6,14,8
"UTP4","s1324_S_VTA_03_ASEReadCounter.table","NW_015090842.1:10293362",8,15,7
"UTP4","s1324_S_VTA_03_ASEReadCounter.table","NW_015090842.1:10293430",8,14,6
"UTP4","s1324_S_VTA_03_ASEReadCounter.table","NW_015090842.1:10293625",3,7,4
"UTP4","s1324_S_VTA_03_ASEReadCounter.table","NW_015090842.1:10293684",8,12,4
"UTP4","s1324_S_VTA_03_ASEReadCounter.table","NW_015090842.1:10294093",5,12,7
"UTP4","s1324_S_VTA_03_ASEReadCounter.table","NW_015090842.1:10294568",10,23,13
"UTP4","s1324_S_VTA_03_ASEReadCounter.table","NW_015090842.1:10294622",12,20,8
"UTP4","s1324_S_VTA_03_ASEReadCounter.table","NW_015090842.1:10294632",13,24,11
"UTP4","s1324_S_VTA_03_ASEReadCounter.table","NW_015090842.1:10295238",8,21,13
"UTP4","s1324_S_VTA_03_ASEReadCounter.table","NW_015090842.1:10295880",9,20,11
"UTP4","s1324_S_VTA_03_ASEReadCounter.table","NW_015090842.1:10295884",9,22,13
"UTP4","s1324_S_VTA_03_ASEReadCounter.table","NW_015090842.1:10295903",8,17,9
"UTP4","s1324_S_VTA_03_ASEReadCounter.table","NW_015090842.1:10295906",8,18,10
"UTP4","s1324_S_VTA_03_ASEReadCounter.table","NW_015090842.1:10295915",8,20,12
"UTP4","s1324_S_VTA_03_ASEReadCounter.table","NW_015090842.1:10295938",9,19,10
"UTP4","s1324_S_VTA_03_ASEReadCounter.table","NW_015090842.1:10296175",10,19,9
"UTP4","s1324_S_VTA_03_ASEReadCounter.table","NW_015090842.1:10296660",12,24,12
"UTP4","s1324_S_VTA_03_ASEReadCounter.table","NW_015090842.1:10296679",13,24,11
"UTP4","s1324_S_VTA_03_ASEReadCounter.table","NW_015090842.1:10297193",22,40,18
"UTP4","s1324_S_VTA_03_ASEReadCounter.table","NW_015090842.1:10297220",21,39,18
"UTP4","s1324_S_VTA_03_ASEReadCounter.table","NW_015090842.1:10297307",17,40,23
"UTP4","s1324_S_VTA_03_ASEReadCounter.table","NW_015090842.1:10297558",21,44,23
"UTP4","s1324_S_VTA_03_ASEReadCounter.table","NW_015090842.1:10297943",18,43,25
"UTP4","s1324_S_VTA_03_ASEReadCounter.table","NW_015090842.1:10297979",12,33,21
"UTP4","s1324_S_VTA_03_ASEReadCounter.table","NW_015090842.1:10298022",7,20,13
"UTP4","s1324_S_VTA_03_ASEReadCounter.table","NW_015090842.1:10298079",2,8,6
"UTP4","s1324_S_VTA_03_ASEReadCounter.table","NW_015090842.1:10298081",2,8,6
"UTP4","s1324_S_VTA_03_ASEReadCounter.table","NW_015090842.1:10298082",2,8,6
"SNTB2","s1324_S_VTA_03_ASEReadCounter.table","NW_015090842.1:10298905",1,1,0
"SNTB2","s1324_S_VTA_03_ASEReadCounter.table","NW_015090842.1:10298928",1,1,0
"SNTB2","s1324_S_VTA_03_ASEReadCounter.table","NW_015090842.1:10303506",0,3,3
"SNTB2","s1324_S_VTA_03_ASEReadCounter.table","NW_015090842.1:10303524",1,3,2
"SNTB2","s1324_S_VTA_03_ASEReadCounter.table","NW_015090842.1:10304059",4,6,2
"SNTB2","s1324_S_VTA_03_ASEReadCounter.table","NW_015090842.1:10304089",4,6,2
"SNTB2","s1324_S_VTA_03_ASEReadCounter.table","NW_015090842.1:10304167",4,5,1
"SNTB2","s1324_S_VTA_03_ASEReadCounter.table","NW_015090842.1:10304176",3,4,1
"SNTB2","s1324_S_VTA_03_ASEReadCounter.table","NW_015090842.1:10305069",4,7,3
"SNTB2","s1324_S_VTA_03_ASEReadCounter.table","NW_015090842.1:10305099",4,6,2
"SNTB2","s1324_S_VTA_03_ASEReadCounter.table","NW_015090842.1:10305451",2,4,2
"SNTB2","s1324_S_VTA_03_ASEReadCounter.table","NW_015090842.1:10305547",1,3,2
"SNTB2","s1324_S_VTA_03_ASEReadCounter.table","NW_015090842.1:10305847",2,4,2
"SNTB2","s1324_S_VTA_03_ASEReadCounter.table","NW_015090842.1:10305911",2,6,4
"SNTB2","s1324_S_VTA_03_ASEReadCounter.table","NW_015090842.1:10306173",4,8,4
"SNTB2","s1324_S_VTA_03_ASEReadCounter.table","NW_015090842.1:10306275",5,9,4
"SNTB2","s1324_S_VTA_03_ASEReadCounter.table","NW_015090842.1:10306457",0,5,5
"SNTB2","s1324_S_VTA_03_ASEReadCounter.table","NW_015090842.1:10306496",1,5,4
"SNTB2","s1324_S_VTA_03_ASEReadCounter.table","NW_015090842.1:10306499",1,3,2
"VPS4A","s1324_S_VTA_03_ASEReadCounter.table","NW_015090842.1:10308566",65,147,82
"VPS4A","s1324_S_VTA_03_ASEReadCounter.table","NW_015090842.1:10308573",69,153,84
"VPS4A","s1324_S_VTA_03_ASEReadCounter.table","NW_015090842.1:10308856",100,226,126
"VPS4A","s1324_S_VTA_03_ASEReadCounter.table","NW_015090842.1:10309056",118,260,142
"VPS4A","s1324_S_VTA_03_ASEReadCounter.table","NW_015090842.1:10309089",139,297,158
"VPS4A","s1324_S_VTA_03_ASEReadCounter.table","NW_015090842.1:10309392",142,283,141
"VPS4A","s1324_S_VTA_03_ASEReadCounter.table","NW_015090842.1:10309413",123,261,138
"VPS4A","s1324_S_VTA_03_ASEReadCounter.table","NW_015090842.1:10309467",114,287,173
"VPS4A","s1324_S_VTA_03_ASEReadCounter.table","NW_015090842.1:10310230",152,318,166
"VPS4A","s1324_S_VTA_03_ASEReadCounter.table","NW_015090842.1:10310425",147,304,157
"VPS4A","s1324_S_VTA_03_ASEReadCounter.table","NW_015090842.1:10310639",136,319,183
"VPS4A","s1324_S_VTA_03_ASEReadCounter.table","NW_015090842.1:10310640",311,311,0
"VPS4A","s1324_S_VTA_03_ASEReadCounter.table","NW_015090842.1:10310687",148,336,188
"VPS4A","s1324_S_VTA_03_ASEReadCounter.table","NW_015090842.1:10310734",123,271,148
"VPS4A","s1324_S_VTA_03_ASEReadCounter.table","NW_015090842.1:10310737",127,274,147
"VPS4A","s1324_S_VTA_03_ASEReadCounter.table","NW_015090842.1:10310746",128,275,147
"VPS4A","s1324_S_VTA_03_ASEReadCounter.table","NW_015090842.1:10310767",147,292,145
"VPS4A","s1324_S_VTA_03_ASEReadCounter.table","NW_015090842.1:10310995",147,317,170
"VPS4A","s1324_S_VTA_03_ASEReadCounter.table","NW_015090842.1:10311004",159,315,156
"VPS4A","s1324_S_VTA_03_ASEReadCounter.table","NW_015090842.1:10311007",157,321,164
"VPS4A","s1324_S_VTA_03_ASEReadCounter.table","NW_015090842.1:10311013",169,320,151
"VPS4A","s1324_S_VTA_03_ASEReadCounter.table","NW_015090842.1:10311022",156,310,154
"VPS4A","s1324_S_VTA_03_ASEReadCounter.table","NW_015090842.1:10311023",154,305,151
"VPS4A","s1324_S_VTA_03_ASEReadCounter.table","NW_015090842.1:10311426",170,348,178
"VPS4A","s1324_S_VTA_03_ASEReadCounter.table","NW_015090842.1:10311489",3,12,9
"VPS4A","s1324_S_VTA_03_ASEReadCounter.table","NW_015090842.1:10311490",3,9,6
"VPS4A","s1324_S_VTA_03_ASEReadCounter.table","NW_015090842.1:10311525",8,17,9
"VPS4A","s1324_S_VTA_03_ASEReadCounter.table","NW_015090842.1:10311529",8,24,16
"VPS4A","s1324_S_VTA_03_ASEReadCounter.table","NW_015090842.1:10311530",8,25,17
"VPS4A","s1324_S_VTA_03_ASEReadCounter.table","NW_015090842.1:10311552",31,51,20
"VPS4A","s1324_S_VTA_03_ASEReadCounter.table","NW_015090842.1:10311689",27,52,25
"VPS4A","s1324_S_VTA_03_ASEReadCounter.table","NW_015090842.1:10311700",39,64,25
"VPS4A","s1324_S_VTA_03_ASEReadCounter.table","NW_015090842.1:10311701",39,67,28
"VPS4A","s1324_S_VTA_03_ASEReadCounter.table","NW_015090842.1:10311703",40,65,25
"COG8","s1324_S_VTA_03_ASEReadCounter.table","NW_015090842.1:10313487",11,32,21
"COG8","s1324_S_VTA_03_ASEReadCounter.table","NW_015090842.1:10313559",25,49,24
"COG8","s1324_S_VTA_03_ASEReadCounter.table","NW_015090842.1:10313579",28,56,28
"COG8","s1324_S_VTA_03_ASEReadCounter.table","NW_015090842.1:10313665",25,56,31
"COG8","s1324_S_VTA_03_ASEReadCounter.table","NW_015090842.1:10313681",22,52,30
"COG8","s1324_S_VTA_03_ASEReadCounter.table","NW_015090842.1:10313768",18,55,37
"COG8","s1324_S_VTA_03_ASEReadCounter.table","NW_015090842.1:10313775",19,56,37
"COG8","s1324_S_VTA_03_ASEReadCounter.table","NW_015090842.1:10313811",12,43,31
"COG8","s1324_S_VTA_03_ASEReadCounter.table","NW_015090842.1:10313858",12,38,26
"COG8","s1324_S_VTA_03_ASEReadCounter.table","NW_015090842.1:10313859",38,38,0
"COG8","s1324_S_VTA_03_ASEReadCounter.table","NW_015090842.1:10314100",18,47,29
"COG8","s1324_S_VTA_03_ASEReadCounter.table","NW_015090842.1:10314213",28,49,21
"COG8","s1324_S_VTA_03_ASEReadCounter.table","NW_015090842.1:10315093",23,40,17
"COG8","s1324_S_VTA_03_ASEReadCounter.table","NW_015090842.1:10315162",12,32,20
"COG8","s1324_S_VTA_03_ASEReadCounter.table","NW_015090842.1:10315285",21,39,18
"COG8","s1324_S_VTA_03_ASEReadCounter.table","NW_015090842.1:10315360",7,27,20
"COG8","s1324_S_VTA_03_ASEReadCounter.table","NW_015090842.1:10315369",7,28,21
"COG8","s1324_S_VTA_03_ASEReadCounter.table","NW_015090842.1:10315508",7,20,13
"COG8","s1324_S_VTA_03_ASEReadCounter.table","NW_015090842.1:10315624",11,34,23
"COG8","s1324_S_VTA_03_ASEReadCounter.table","NW_015090842.1:10315693",12,30,18
"COG8","s1324_S_VTA_03_ASEReadCounter.table","NW_015090842.1:10315698",11,30,19
"COG8","s1324_S_VTA_03_ASEReadCounter.table","NW_015090842.1:10315768",7,27,20
"COG8","s1324_S_VTA_03_ASEReadCounter.table","NW_015090842.1:10315769",7,25,18
"COG8","s1324_S_VTA_03_ASEReadCounter.table","NW_015090842.1:10315784",9,26,17
"COG8","s1324_S_VTA_03_ASEReadCounter.table","NW_015090842.1:10316093",10,24,14
"COG8","s1324_S_VTA_03_ASEReadCounter.table","NW_015090842.1:10316133",7,17,10
"NIP7","s1324_S_VTA_03_ASEReadCounter.table","NW_015090842.1:10316759",8,30,22
"NIP7","s1324_S_VTA_03_ASEReadCounter.table","NW_015090842.1:10316967",57,145,88
"NIP7","s1324_S_VTA_03_ASEReadCounter.table","NW_015090842.1:10316995",76,173,97
"NIP7","s1324_S_VTA_03_ASEReadCounter.table","NW_015090842.1:10317240",123,239,116
"NIP7","s1324_S_VTA_03_ASEReadCounter.table","NW_015090842.1:10317247",124,240,116
"NIP7","s1324_S_VTA_03_ASEReadCounter.table","NW_015090842.1:10317264",128,237,109
"NIP7","s1324_S_VTA_03_ASEReadCounter.table","NW_015090842.1:10317433",133,268,135
"NIP7","s1324_S_VTA_03_ASEReadCounter.table","NW_015090842.1:10317738",126,273,147
"NIP7","s1324_S_VTA_03_ASEReadCounter.table","NW_015090842.1:10317769",131,264,133
"NIP7","s1324_S_VTA_03_ASEReadCounter.table","NW_015090842.1:10317808",82,175,93
"NIP7","s1324_S_VTA_03_ASEReadCounter.table","NW_015090842.1:10317870",49,114,65
"NIP7","s1324_S_VTA_03_ASEReadCounter.table","NW_015090842.1:10317871",48,110,62
"NIP7","s1324_S_VTA_03_ASEReadCounter.table","NW_015090842.1:10317898",35,83,48
"NIP7","s1324_S_VTA_03_ASEReadCounter.table","NW_015090842.1:10317911",30,70,40
"TMED6","s1324_S_VTA_03_ASEReadCounter.table","NW_015090842.1:10318514",2,2,0
"TMED6","s1324_S_VTA_03_ASEReadCounter.table","NW_015090842.1:10318731",1,1,0
"TERF2","s1324_S_VTA_03_ASEReadCounter.table","NW_015090842.1:10321768",18,43,25
"TERF2","s1324_S_VTA_03_ASEReadCounter.table","NW_015090842.1:10321777",19,44,25
"TERF2","s1324_S_VTA_03_ASEReadCounter.table","NW_015090842.1:10321805",22,58,36
"TERF2","s1324_S_VTA_03_ASEReadCounter.table","NW_015090842.1:10321878",37,91,54
"TERF2","s1324_S_VTA_03_ASEReadCounter.table","NW_015090842.1:10321893",35,85,50
"TERF2","s1324_S_VTA_03_ASEReadCounter.table","NW_015090842.1:10321897",33,82,49
"TERF2","s1324_S_VTA_03_ASEReadCounter.table","NW_015090842.1:10321908",27,69,42
"TERF2","s1324_S_VTA_03_ASEReadCounter.table","NW_015090842.1:10322001",34,88,54
"TERF2","s1324_S_VTA_03_ASEReadCounter.table","NW_015090842.1:10322035",29,83,54
"TERF2","s1324_S_VTA_03_ASEReadCounter.table","NW_015090842.1:10322051",30,92,62
"TERF2","s1324_S_VTA_03_ASEReadCounter.table","NW_015090842.1:10322137",31,62,31
"TERF2","s1324_S_VTA_03_ASEReadCounter.table","NW_015090842.1:10322144",27,60,33
"TERF2","s1324_S_VTA_03_ASEReadCounter.table","NW_015090842.1:10322388",17,60,43
"TERF2","s1324_S_VTA_03_ASEReadCounter.table","NW_015090842.1:10322396",17,53,36
"TERF2","s1324_S_VTA_03_ASEReadCounter.table","NW_015090842.1:10322502",37,70,33
"TERF2","s1324_S_VTA_03_ASEReadCounter.table","NW_015090842.1:10322504",37,71,34
"TERF2","s1324_S_VTA_03_ASEReadCounter.table","NW_015090842.1:10322510",35,72,37
"TERF2","s1324_S_VTA_03_ASEReadCounter.table","NW_015090842.1:10323580",44,85,41
"TERF2","s1324_S_VTA_03_ASEReadCounter.table","NW_015090842.1:10324314",41,75,34
"TERF2","s1324_S_VTA_03_ASEReadCounter.table","NW_015090842.1:10326832",31,52,21
"TERF2","s1324_S_VTA_03_ASEReadCounter.table","NW_015090842.1:10327787",15,30,15
"TERF2","s1324_S_VTA_03_ASEReadCounter.table","NW_015090842.1:10328588",18,38,20
"TERF2","s1324_S_VTA_03_ASEReadCounter.table","NW_015090842.1:10328644",18,35,17
"TERF2","s1324_S_VTA_03_ASEReadCounter.table","NW_015090842.1:10329813",9,16,7
"TERF2","s1324_S_VTA_03_ASEReadCounter.table","NW_015090842.1:10330749",6,14,8
"TERF2","s1324_S_VTA_03_ASEReadCounter.table","NW_015090842.1:10330789",9,19,10
"CYB5B","s1324_S_VTA_03_ASEReadCounter.table","NW_015090842.1:10336595",8,13,5
"CYB5B","s1324_S_VTA_03_ASEReadCounter.table","NW_015090842.1:10336667",28,71,43
"CYB5B","s1324_S_VTA_03_ASEReadCounter.table","NW_015090842.1:10336689",47,112,65
"CYB5B","s1324_S_VTA_03_ASEReadCounter.table","NW_015090842.1:10336728",79,173,94
"CYB5B","s1324_S_VTA_03_ASEReadCounter.table","NW_015090842.1:10345068",80,160,80
"CYB5B","s1324_S_VTA_03_ASEReadCounter.table","NW_015090842.1:10348800",114,231,117
"CYB5B","s1324_S_VTA_03_ASEReadCounter.table","NW_015090842.1:10349046",104,229,125
"CYB5B","s1324_S_VTA_03_ASEReadCounter.table","NW_015090842.1:10349119",59,173,114
"CYB5B","s1324_S_VTA_03_ASEReadCounter.table","NW_015090842.1:10349146",32,140,108
"CYB5B","s1324_S_VTA_03_ASEReadCounter.table","NW_015090842.1:10349157",62,182,120
"CYB5B","s1324_S_VTA_03_ASEReadCounter.table","NW_015090842.1:10349263",180,180,0
