"gene","id","snp","ref_count","total_count","alt_count"
"CENPN","s1633_S_HYP_02_ASEReadCounter.table","NW_015090842.1:5801612",0,3,3
"CENPN","s1633_S_HYP_02_ASEReadCounter.table","NW_015090842.1:5801618",0,3,3
"CENPN","s1633_S_HYP_02_ASEReadCounter.table","NW_015090842.1:5801623",0,3,3
"CENPN","s1633_S_HYP_02_ASEReadCounter.table","NW_015090842.1:5801631",0,3,3
"CENPN","s1633_S_HYP_02_ASEReadCounter.table","NW_015090842.1:5801632",0,3,3
"CENPN","s1633_S_HYP_02_ASEReadCounter.table","NW_015090842.1:5801655",0,3,3
"CENPN","s1633_S_HYP_02_ASEReadCounter.table","NW_015090842.1:5801670",0,3,3
"CENPN","s1633_S_HYP_02_ASEReadCounter.table","NW_015090842.1:5801674",0,3,3
"CENPN","s1633_S_HYP_02_ASEReadCounter.table","NW_015090842.1:5802008",0,3,3
"CENPN","s1633_S_HYP_02_ASEReadCounter.table","NW_015090842.1:5802012",0,3,3
"CENPN","s1633_S_HYP_02_ASEReadCounter.table","NW_015090842.1:5802087",0,2,2
"CENPN","s1633_S_HYP_02_ASEReadCounter.table","NW_015090842.1:5810113",7,7,0
"CENPN","s1633_S_HYP_02_ASEReadCounter.table","NW_015090842.1:5810147",9,9,0
"CENPN","s1633_S_HYP_02_ASEReadCounter.table","NW_015090842.1:5810148",9,9,0
"ATMIN","s1633_S_HYP_02_ASEReadCounter.table","NW_015090842.1:5818789",1,2,1
"ATMIN","s1633_S_HYP_02_ASEReadCounter.table","NW_015090842.1:5819958",1,3,2
"ATMIN","s1633_S_HYP_02_ASEReadCounter.table","NW_015090842.1:5820004",2,6,4
"ATMIN","s1633_S_HYP_02_ASEReadCounter.table","NW_015090842.1:5820217",3,5,2
"ATMIN","s1633_S_HYP_02_ASEReadCounter.table","NW_015090842.1:5820250",1,3,2
"ATMIN","s1633_S_HYP_02_ASEReadCounter.table","NW_015090842.1:5820298",1,1,0
"ATMIN","s1633_S_HYP_02_ASEReadCounter.table","NW_015090842.1:5820417",0,1,1
"ATMIN","s1633_S_HYP_02_ASEReadCounter.table","NW_015090842.1:5820421",0,1,1
"ATMIN","s1633_S_HYP_02_ASEReadCounter.table","NW_015090842.1:5820448",1,2,1
"ATMIN","s1633_S_HYP_02_ASEReadCounter.table","NW_015090842.1:5820457",1,2,1
"ATMIN","s1633_S_HYP_02_ASEReadCounter.table","NW_015090842.1:5820510",2,2,0
"ATMIN","s1633_S_HYP_02_ASEReadCounter.table","NW_015090842.1:5820673",2,2,0
"ATMIN","s1633_S_HYP_02_ASEReadCounter.table","NW_015090842.1:5820754",1,1,0
"ATMIN","s1633_S_HYP_02_ASEReadCounter.table","NW_015090842.1:5820820",0,1,1
"ATMIN","s1633_S_HYP_02_ASEReadCounter.table","NW_015090842.1:5820865",2,4,2
"ATMIN","s1633_S_HYP_02_ASEReadCounter.table","NW_015090842.1:5820889",2,4,2
"ATMIN","s1633_S_HYP_02_ASEReadCounter.table","NW_015090842.1:5820891",2,4,2
"ATMIN","s1633_S_HYP_02_ASEReadCounter.table","NW_015090842.1:5820997",0,4,4
"ATMIN","s1633_S_HYP_02_ASEReadCounter.table","NW_015090842.1:5821063",3,7,4
"ATMIN","s1633_S_HYP_02_ASEReadCounter.table","NW_015090842.1:5821132",2,6,4
"ATMIN","s1633_S_HYP_02_ASEReadCounter.table","NW_015090842.1:5821645",4,7,3
"ATMIN","s1633_S_HYP_02_ASEReadCounter.table","NW_015090842.1:5825066",9,15,6
"ATMIN","s1633_S_HYP_02_ASEReadCounter.table","NW_015090842.1:5825106",10,19,9
"ATMIN","s1633_S_HYP_02_ASEReadCounter.table","NW_015090842.1:5825122",7,18,11
"ATMIN","s1633_S_HYP_02_ASEReadCounter.table","NW_015090842.1:5825178",11,21,10
"ATMIN","s1633_S_HYP_02_ASEReadCounter.table","NW_015090842.1:5825194",12,24,12
"ATMIN","s1633_S_HYP_02_ASEReadCounter.table","NW_015090842.1:5825195",12,24,12
"ATMIN","s1633_S_HYP_02_ASEReadCounter.table","NW_015090842.1:5825220",9,23,14
"ATMIN","s1633_S_HYP_02_ASEReadCounter.table","NW_015090842.1:5825240",10,27,17
"ATMIN","s1633_S_HYP_02_ASEReadCounter.table","NW_015090842.1:5825303",14,33,19
"ATMIN","s1633_S_HYP_02_ASEReadCounter.table","NW_015090842.1:5825304",14,32,18
"ATMIN","s1633_S_HYP_02_ASEReadCounter.table","NW_015090842.1:5825310",15,33,18
"ATMIN","s1633_S_HYP_02_ASEReadCounter.table","NW_015090842.1:5825406",14,22,8
"ATMIN","s1633_S_HYP_02_ASEReadCounter.table","NW_015090842.1:5825415",14,23,9
"ATMIN","s1633_S_HYP_02_ASEReadCounter.table","NW_015090842.1:5825438",14,24,10
"ATMIN","s1633_S_HYP_02_ASEReadCounter.table","NW_015090842.1:5825485",7,15,8
"ATMIN","s1633_S_HYP_02_ASEReadCounter.table","NW_015090842.1:5825524",6,18,12
"ATMIN","s1633_S_HYP_02_ASEReadCounter.table","NW_015090842.1:5825557",5,15,10
"ATMIN","s1633_S_HYP_02_ASEReadCounter.table","NW_015090842.1:5825571",7,18,11
"ATMIN","s1633_S_HYP_02_ASEReadCounter.table","NW_015090842.1:5825579",7,17,10
"ATMIN","s1633_S_HYP_02_ASEReadCounter.table","NW_015090842.1:5825590",7,15,8
"ATMIN","s1633_S_HYP_02_ASEReadCounter.table","NW_015090842.1:5825689",9,29,20
"ATMIN","s1633_S_HYP_02_ASEReadCounter.table","NW_015090842.1:5825703",10,28,18
"ATMIN","s1633_S_HYP_02_ASEReadCounter.table","NW_015090842.1:5825787",6,20,14
"ATMIN","s1633_S_HYP_02_ASEReadCounter.table","NW_015090842.1:5825833",9,23,14
"ATMIN","s1633_S_HYP_02_ASEReadCounter.table","NW_015090842.1:5825841",9,23,14
"ATMIN","s1633_S_HYP_02_ASEReadCounter.table","NW_015090842.1:5825895",11,27,16
"ATMIN","s1633_S_HYP_02_ASEReadCounter.table","NW_015090842.1:5825984",15,36,21
"ATMIN","s1633_S_HYP_02_ASEReadCounter.table","NW_015090842.1:5826162",22,58,36
"ATMIN","s1633_S_HYP_02_ASEReadCounter.table","NW_015090842.1:5826194",19,54,35
"ATMIN","s1633_S_HYP_02_ASEReadCounter.table","NW_015090842.1:5826235",23,63,40
"ATMIN","s1633_S_HYP_02_ASEReadCounter.table","NW_015090842.1:5826245",19,60,41
"ATMIN","s1633_S_HYP_02_ASEReadCounter.table","NW_015090842.1:5826335",16,44,28
"ATMIN","s1633_S_HYP_02_ASEReadCounter.table","NW_015090842.1:5826417",22,54,32
"ATMIN","s1633_S_HYP_02_ASEReadCounter.table","NW_015090842.1:5826431",19,61,42
"ATMIN","s1633_S_HYP_02_ASEReadCounter.table","NW_015090842.1:5826438",23,60,37
"ATMIN","s1633_S_HYP_02_ASEReadCounter.table","NW_015090842.1:5826463",28,75,47
"ATMIN","s1633_S_HYP_02_ASEReadCounter.table","NW_015090842.1:5826502",28,72,44
"ATMIN","s1633_S_HYP_02_ASEReadCounter.table","NW_015090842.1:5826511",26,73,47
"ATMIN","s1633_S_HYP_02_ASEReadCounter.table","NW_015090842.1:5826659",28,66,38
"ATMIN","s1633_S_HYP_02_ASEReadCounter.table","NW_015090842.1:5826701",38,84,46
"ATMIN","s1633_S_HYP_02_ASEReadCounter.table","NW_015090842.1:5826702",37,83,46
"ATMIN","s1633_S_HYP_02_ASEReadCounter.table","NW_015090842.1:5826732",38,85,47
"ATMIN","s1633_S_HYP_02_ASEReadCounter.table","NW_015090842.1:5826745",36,81,45
"ATMIN","s1633_S_HYP_02_ASEReadCounter.table","NW_015090842.1:5826835",56,103,47
"ATMIN","s1633_S_HYP_02_ASEReadCounter.table","NW_015090842.1:5826910",44,87,43
"ATMIN","s1633_S_HYP_02_ASEReadCounter.table","NW_015090842.1:5826942",25,76,51
"ATMIN","s1633_S_HYP_02_ASEReadCounter.table","NW_015090842.1:5827193",62,150,88
"ATMIN","s1633_S_HYP_02_ASEReadCounter.table","NW_015090842.1:5827196",62,151,89
"ATMIN","s1633_S_HYP_02_ASEReadCounter.table","NW_015090842.1:5827269",68,151,83
"ATMIN","s1633_S_HYP_02_ASEReadCounter.table","NW_015090842.1:5827315",47,124,77
"ATMIN","s1633_S_HYP_02_ASEReadCounter.table","NW_015090842.1:5827316",47,127,80
"ATMIN","s1633_S_HYP_02_ASEReadCounter.table","NW_015090842.1:5827333",42,123,81
"PPP1R3E","s1633_S_HYP_02_ASEReadCounter.table","NW_015090842.1:5837733",1,3,2
"PPP1R3E","s1633_S_HYP_02_ASEReadCounter.table","NW_015090842.1:5837947",1,4,3
"PKD1L2","s1633_S_HYP_02_ASEReadCounter.table","NW_015090842.1:5867509",2,2,0
"PKD1L2","s1633_S_HYP_02_ASEReadCounter.table","NW_015090842.1:5867597",2,2,0
"PKD1L2","s1633_S_HYP_02_ASEReadCounter.table","NW_015090842.1:5867600",2,2,0
"PKD1L2","s1633_S_HYP_02_ASEReadCounter.table","NW_015090842.1:5867660",1,1,0
"PKD1L2","s1633_S_HYP_02_ASEReadCounter.table","NW_015090842.1:5867675",1,1,0
"PKD1L2","s1633_S_HYP_02_ASEReadCounter.table","NW_015090842.1:5867788",1,1,0
"BCO1","s1633_S_HYP_02_ASEReadCounter.table","NW_015090842.1:5917836",1,1,0
"BCO1","s1633_S_HYP_02_ASEReadCounter.table","NW_015090842.1:5917912",1,3,2
"BCO1","s1633_S_HYP_02_ASEReadCounter.table","NW_015090842.1:5917941",1,4,3
"BCO1","s1633_S_HYP_02_ASEReadCounter.table","NW_015090842.1:5917971",3,6,3
"BCO1","s1633_S_HYP_02_ASEReadCounter.table","NW_015090842.1:5921679",2,4,2
"BCO1","s1633_S_HYP_02_ASEReadCounter.table","NW_015090842.1:5921726",3,6,3
"BCO1","s1633_S_HYP_02_ASEReadCounter.table","NW_015090842.1:5925669",0,2,2
"BCO1","s1633_S_HYP_02_ASEReadCounter.table","NW_015090842.1:5925753",3,6,3
"BCO1","s1633_S_HYP_02_ASEReadCounter.table","NW_015090842.1:5926937",4,5,1
"BCO1","s1633_S_HYP_02_ASEReadCounter.table","NW_015090842.1:5927921",0,1,1
"BCO1","s1633_S_HYP_02_ASEReadCounter.table","NW_015090842.1:5927948",2,3,1
"BCO1","s1633_S_HYP_02_ASEReadCounter.table","NW_015090842.1:5927968",4,7,3
"BCO1","s1633_S_HYP_02_ASEReadCounter.table","NW_015090842.1:5928052",4,6,2
"BCO1","s1633_S_HYP_02_ASEReadCounter.table","NW_015090842.1:5932726",11,13,2
"BCO1","s1633_S_HYP_02_ASEReadCounter.table","NW_015090842.1:5932801",6,10,4
"BCO1","s1633_S_HYP_02_ASEReadCounter.table","NW_015090842.1:5934558",19,28,9
"BCO1","s1633_S_HYP_02_ASEReadCounter.table","NW_015090842.1:5934575",20,28,8
"BCO1","s1633_S_HYP_02_ASEReadCounter.table","NW_015090842.1:5934608",22,32,10
"BCO1","s1633_S_HYP_02_ASEReadCounter.table","NW_015090842.1:5934647",16,22,6
"BCO1","s1633_S_HYP_02_ASEReadCounter.table","NW_015090842.1:5934725",17,21,4
"BCO1","s1633_S_HYP_02_ASEReadCounter.table","NW_015090842.1:5934726",18,22,4
"BCO1","s1633_S_HYP_02_ASEReadCounter.table","NW_015090842.1:5934733",17,23,6
"BCO1","s1633_S_HYP_02_ASEReadCounter.table","NW_015090842.1:5934821",16,20,4
"BCO1","s1633_S_HYP_02_ASEReadCounter.table","NW_015090842.1:5934826",14,19,5
"BCO1","s1633_S_HYP_02_ASEReadCounter.table","NW_015090842.1:5934844",9,12,3
"BCO1","s1633_S_HYP_02_ASEReadCounter.table","NW_015090842.1:5934958",22,25,3
"BCO1","s1633_S_HYP_02_ASEReadCounter.table","NW_015090842.1:5934976",20,26,6
"GAN","s1633_S_HYP_02_ASEReadCounter.table","NW_015090842.1:5953759",7,14,7
"GAN","s1633_S_HYP_02_ASEReadCounter.table","NW_015090842.1:5957502",14,24,10
"GAN","s1633_S_HYP_02_ASEReadCounter.table","NW_015090842.1:5957578",19,33,14
"GAN","s1633_S_HYP_02_ASEReadCounter.table","NW_015090842.1:5965028",15,33,18
"GAN","s1633_S_HYP_02_ASEReadCounter.table","NW_015090842.1:5966047",16,52,36
"GAN","s1633_S_HYP_02_ASEReadCounter.table","NW_015090842.1:5966126",10,45,35
"GAN","s1633_S_HYP_02_ASEReadCounter.table","NW_015090842.1:5966127",10,46,36
"GAN","s1633_S_HYP_02_ASEReadCounter.table","NW_015090842.1:5966162",19,64,45
"GAN","s1633_S_HYP_02_ASEReadCounter.table","NW_015090842.1:5966483",66,135,69
"CMIP","s1633_S_HYP_02_ASEReadCounter.table","NW_015090842.1:6109159",13,17,4
"CMIP","s1633_S_HYP_02_ASEReadCounter.table","NW_015090842.1:6109166",9,14,5
"CMIP","s1633_S_HYP_02_ASEReadCounter.table","NW_015090842.1:6114641",12,24,12
"CMIP","s1633_S_HYP_02_ASEReadCounter.table","NW_015090842.1:6114751",7,16,9
"CMIP","s1633_S_HYP_02_ASEReadCounter.table","NW_015090842.1:6114824",6,16,10
"CMIP","s1633_S_HYP_02_ASEReadCounter.table","NW_015090842.1:6128998",23,47,24
"CMIP","s1633_S_HYP_02_ASEReadCounter.table","NW_015090842.1:6130562",28,64,36
"CMIP","s1633_S_HYP_02_ASEReadCounter.table","NW_015090842.1:6132522",26,65,39
"CMIP","s1633_S_HYP_02_ASEReadCounter.table","NW_015090842.1:6134088",38,74,36
"CMIP","s1633_S_HYP_02_ASEReadCounter.table","NW_015090842.1:6138265",108,284,176
"CMIP","s1633_S_HYP_02_ASEReadCounter.table","NW_015090842.1:6138300",112,284,172
"CMIP","s1633_S_HYP_02_ASEReadCounter.table","NW_015090842.1:6138342",93,230,137
"CMIP","s1633_S_HYP_02_ASEReadCounter.table","NW_015090842.1:6138343",91,225,134
"CMIP","s1633_S_HYP_02_ASEReadCounter.table","NW_015090842.1:6138345",92,229,137
"CMIP","s1633_S_HYP_02_ASEReadCounter.table","NW_015090842.1:6138647",54,139,85
"CMIP","s1633_S_HYP_02_ASEReadCounter.table","NW_015090842.1:6138745",64,140,76
"CMIP","s1633_S_HYP_02_ASEReadCounter.table","NW_015090842.1:6138832",12,60,48
"CMIP","s1633_S_HYP_02_ASEReadCounter.table","NW_015090842.1:6138967",75,152,77
"CMIP","s1633_S_HYP_02_ASEReadCounter.table","NW_015090842.1:6139131",44,86,42
"CMIP","s1633_S_HYP_02_ASEReadCounter.table","NW_015090842.1:6139163",16,61,45
"CMIP","s1633_S_HYP_02_ASEReadCounter.table","NW_015090842.1:6139360",32,60,28
"CMIP","s1633_S_HYP_02_ASEReadCounter.table","NW_015090842.1:6139572",45,64,19
"CMIP","s1633_S_HYP_02_ASEReadCounter.table","NW_015090842.1:6139773",131,132,1
"PLCG2","s1633_S_HYP_02_ASEReadCounter.table","NW_015090842.1:6179613",2,10,8
"PLCG2","s1633_S_HYP_02_ASEReadCounter.table","NW_015090842.1:6179658",2,10,8
"PLCG2","s1633_S_HYP_02_ASEReadCounter.table","NW_015090842.1:6203766",1,2,1
"PLCG2","s1633_S_HYP_02_ASEReadCounter.table","NW_015090842.1:6203775",1,3,2
"PLCG2","s1633_S_HYP_02_ASEReadCounter.table","NW_015090842.1:6203787",1,3,2
"PLCG2","s1633_S_HYP_02_ASEReadCounter.table","NW_015090842.1:6205047",1,9,8
"PLCG2","s1633_S_HYP_02_ASEReadCounter.table","NW_015090842.1:6208541",2,4,2
"PLCG2","s1633_S_HYP_02_ASEReadCounter.table","NW_015090842.1:6209741",1,2,1
"PLCG2","s1633_S_HYP_02_ASEReadCounter.table","NW_015090842.1:6209798",0,2,2
"PLCG2","s1633_S_HYP_02_ASEReadCounter.table","NW_015090842.1:6209816",0,2,2
"PLCG2","s1633_S_HYP_02_ASEReadCounter.table","NW_015090842.1:6217547",0,6,6
"PLCG2","s1633_S_HYP_02_ASEReadCounter.table","NW_015090842.1:6218641",0,4,4
"PLCG2","s1633_S_HYP_02_ASEReadCounter.table","NW_015090842.1:6220552",0,7,7
"PLCG2","s1633_S_HYP_02_ASEReadCounter.table","NW_015090842.1:6221969",0,3,3
"PLCG2","s1633_S_HYP_02_ASEReadCounter.table","NW_015090842.1:6228672",0,5,5
"PLCG2","s1633_S_HYP_02_ASEReadCounter.table","NW_015090842.1:6228694",0,6,6
"PLCG2","s1633_S_HYP_02_ASEReadCounter.table","NW_015090842.1:6228722",0,9,9
"PLCG2","s1633_S_HYP_02_ASEReadCounter.table","NW_015090842.1:6228747",0,9,9
"PLCG2","s1633_S_HYP_02_ASEReadCounter.table","NW_015090842.1:6228835",0,11,11
"PLCG2","s1633_S_HYP_02_ASEReadCounter.table","NW_015090842.1:6228841",0,12,12
"PLCG2","s1633_S_HYP_02_ASEReadCounter.table","NW_015090842.1:6228865",0,13,13
"PLCG2","s1633_S_HYP_02_ASEReadCounter.table","NW_015090842.1:6228917",2,12,10
"PLCG2","s1633_S_HYP_02_ASEReadCounter.table","NW_015090842.1:6228926",2,11,9
"PLCG2","s1633_S_HYP_02_ASEReadCounter.table","NW_015090842.1:6228954",2,7,5
"PLCG2","s1633_S_HYP_02_ASEReadCounter.table","NW_015090842.1:6229002",2,6,4
"PLCG2","s1633_S_HYP_02_ASEReadCounter.table","NW_015090842.1:6229006",2,6,4
"PLCG2","s1633_S_HYP_02_ASEReadCounter.table","NW_015090842.1:6229081",1,5,4
"PLCG2","s1633_S_HYP_02_ASEReadCounter.table","NW_015090842.1:6229097",1,5,4
"PLCG2","s1633_S_HYP_02_ASEReadCounter.table","NW_015090842.1:6229160",0,4,4
"PLCG2","s1633_S_HYP_02_ASEReadCounter.table","NW_015090842.1:6229213",0,8,8
"PLCG2","s1633_S_HYP_02_ASEReadCounter.table","NW_015090842.1:6229231",0,11,11
"PLCG2","s1633_S_HYP_02_ASEReadCounter.table","NW_015090842.1:6229663",0,3,3
"PLCG2","s1633_S_HYP_02_ASEReadCounter.table","NW_015090842.1:6229748",2,2,0
"PLCG2","s1633_S_HYP_02_ASEReadCounter.table","NW_015090842.1:6229892",2,3,1
"PLCG2","s1633_S_HYP_02_ASEReadCounter.table","NW_015090842.1:6230248",4,5,1
"PLCG2","s1633_S_HYP_02_ASEReadCounter.table","NW_015090842.1:6230255",3,4,1
"PLCG2","s1633_S_HYP_02_ASEReadCounter.table","NW_015090842.1:6230296",1,1,0
"PLCG2","s1633_S_HYP_02_ASEReadCounter.table","NW_015090842.1:6230349",0,1,1
"PLCG2","s1633_S_HYP_02_ASEReadCounter.table","NW_015090842.1:6230381",0,1,1
"PLCG2","s1633_S_HYP_02_ASEReadCounter.table","NW_015090842.1:6230408",1,3,2
"PLCG2","s1633_S_HYP_02_ASEReadCounter.table","NW_015090842.1:6230439",1,3,2
"PLCG2","s1633_S_HYP_02_ASEReadCounter.table","NW_015090842.1:6230757",2,4,2
"PLCG2","s1633_S_HYP_02_ASEReadCounter.table","NW_015090842.1:6230758",2,4,2
"PLCG2","s1633_S_HYP_02_ASEReadCounter.table","NW_015090842.1:6230898",2,2,0
"PLCG2","s1633_S_HYP_02_ASEReadCounter.table","NW_015090842.1:6230976",4,4,0
"PLCG2","s1633_S_HYP_02_ASEReadCounter.table","NW_015090842.1:6231078",5,6,1
"PLCG2","s1633_S_HYP_02_ASEReadCounter.table","NW_015090842.1:6231138",3,7,4
"PLCG2","s1633_S_HYP_02_ASEReadCounter.table","NW_015090842.1:6231177",2,5,3
"PLCG2","s1633_S_HYP_02_ASEReadCounter.table","NW_015090842.1:6231263",3,7,4
"PLCG2","s1633_S_HYP_02_ASEReadCounter.table","NW_015090842.1:6231309",1,4,3
"SDR42E1","s1633_S_HYP_02_ASEReadCounter.table","NW_015090842.1:6235292",1,3,2
"SDR42E1","s1633_S_HYP_02_ASEReadCounter.table","NW_015090842.1:6235315",1,7,6
"SDR42E1","s1633_S_HYP_02_ASEReadCounter.table","NW_015090842.1:6235348",1,12,11
"SDR42E1","s1633_S_HYP_02_ASEReadCounter.table","NW_015090842.1:6235355",1,12,11
"SDR42E1","s1633_S_HYP_02_ASEReadCounter.table","NW_015090842.1:6235417",2,20,18
"SDR42E1","s1633_S_HYP_02_ASEReadCounter.table","NW_015090842.1:6235526",17,17,0
"SDR42E1","s1633_S_HYP_02_ASEReadCounter.table","NW_015090842.1:6235558",4,17,13
"SDR42E1","s1633_S_HYP_02_ASEReadCounter.table","NW_015090842.1:6235603",11,11,0
"SDR42E1","s1633_S_HYP_02_ASEReadCounter.table","NW_015090842.1:6235741",5,19,14
"SDR42E1","s1633_S_HYP_02_ASEReadCounter.table","NW_015090842.1:6235777",5,21,16
"SDR42E1","s1633_S_HYP_02_ASEReadCounter.table","NW_015090842.1:6235806",4,20,16
"SDR42E1","s1633_S_HYP_02_ASEReadCounter.table","NW_015090842.1:6235809",4,21,17
"SDR42E1","s1633_S_HYP_02_ASEReadCounter.table","NW_015090842.1:6235816",4,20,16
"SDR42E1","s1633_S_HYP_02_ASEReadCounter.table","NW_015090842.1:6235914",2,12,10
"SDR42E1","s1633_S_HYP_02_ASEReadCounter.table","NW_015090842.1:6235935",3,15,12
"SDR42E1","s1633_S_HYP_02_ASEReadCounter.table","NW_015090842.1:6235957",1,11,10
"SDR42E1","s1633_S_HYP_02_ASEReadCounter.table","NW_015090842.1:6236040",2,7,5
"SDR42E1","s1633_S_HYP_02_ASEReadCounter.table","NW_015090842.1:6236260",2,6,4
"SDR42E1","s1633_S_HYP_02_ASEReadCounter.table","NW_015090842.1:6236281",3,7,4
"SDR42E1","s1633_S_HYP_02_ASEReadCounter.table","NW_015090842.1:6236305",3,7,4
"SDR42E1","s1633_S_HYP_02_ASEReadCounter.table","NW_015090842.1:6236458",0,9,9
"SDR42E1","s1633_S_HYP_02_ASEReadCounter.table","NW_015090842.1:6236476",0,9,9
"SDR42E1","s1633_S_HYP_02_ASEReadCounter.table","NW_015090842.1:6236608",0,4,4
"SDR42E1","s1633_S_HYP_02_ASEReadCounter.table","NW_015090842.1:6238244",0,2,2
"SDR42E1","s1633_S_HYP_02_ASEReadCounter.table","NW_015090842.1:6238829",0,4,4
"HSD17B2","s1633_S_HYP_02_ASEReadCounter.table","NW_015090842.1:6257670",0,1,1
"HSD17B2","s1633_S_HYP_02_ASEReadCounter.table","NW_015090842.1:6257684",0,1,1
"HSD17B2","s1633_S_HYP_02_ASEReadCounter.table","NW_015090842.1:6257829",0,1,1
"HSD17B2","s1633_S_HYP_02_ASEReadCounter.table","NW_015090842.1:6262951",0,1,1
"HSD17B2","s1633_S_HYP_02_ASEReadCounter.table","NW_015090842.1:6266125",1,2,1
"HSD17B2","s1633_S_HYP_02_ASEReadCounter.table","NW_015090842.1:6266135",1,2,1
"HSD17B2","s1633_S_HYP_02_ASEReadCounter.table","NW_015090842.1:6266795",0,2,2
"HSD17B2","s1633_S_HYP_02_ASEReadCounter.table","NW_015090842.1:6266918",0,1,1
"HSD17B2","s1633_S_HYP_02_ASEReadCounter.table","NW_015090842.1:6266944",0,2,2
"HSD17B2","s1633_S_HYP_02_ASEReadCounter.table","NW_015090842.1:6266997",0,1,1
"HSD17B2","s1633_S_HYP_02_ASEReadCounter.table","NW_015090842.1:6267196",0,2,2
"HSD17B2","s1633_S_HYP_02_ASEReadCounter.table","NW_015090842.1:6267273",0,1,1
"HSD17B2","s1633_S_HYP_02_ASEReadCounter.table","NW_015090842.1:6267358",0,3,3
"HSD17B2","s1633_S_HYP_02_ASEReadCounter.table","NW_015090842.1:6267674",0,1,1
"HSD17B2","s1633_S_HYP_02_ASEReadCounter.table","NW_015090842.1:6267913",0,1,1
"HSD17B2","s1633_S_HYP_02_ASEReadCounter.table","NW_015090842.1:6268098",0,1,1
"HSD17B2","s1633_S_HYP_02_ASEReadCounter.table","NW_015090842.1:6268180",0,1,1
"HSD17B2","s1633_S_HYP_02_ASEReadCounter.table","NW_015090842.1:6268203",0,1,1
"ARY2","s1633_S_HYP_02_ASEReadCounter.table","NW_015090842.1:6303922",9,23,14
"ARY2","s1633_S_HYP_02_ASEReadCounter.table","NW_015090842.1:6303954",11,20,9
"ARY2","s1633_S_HYP_02_ASEReadCounter.table","NW_015090842.1:6303979",12,24,12
"ARY2","s1633_S_HYP_02_ASEReadCounter.table","NW_015090842.1:6305848",14,21,7
"ARY2","s1633_S_HYP_02_ASEReadCounter.table","NW_015090842.1:6305856",11,19,8
"ARY2","s1633_S_HYP_02_ASEReadCounter.table","NW_015090842.1:6305857",11,18,7
"ARY2","s1633_S_HYP_02_ASEReadCounter.table","NW_015090842.1:6306017",8,20,12
"ARY2","s1633_S_HYP_02_ASEReadCounter.table","NW_015090842.1:6306052",8,27,19
"ARY2","s1633_S_HYP_02_ASEReadCounter.table","NW_015090842.1:6306094",12,34,22
"ARY2","s1633_S_HYP_02_ASEReadCounter.table","NW_015090842.1:6306100",13,35,22
"ARY2","s1633_S_HYP_02_ASEReadCounter.table","NW_015090842.1:6306146",20,37,17
"ARY2","s1633_S_HYP_02_ASEReadCounter.table","NW_015090842.1:6306147",19,36,17
"ARY2","s1633_S_HYP_02_ASEReadCounter.table","NW_015090842.1:6306390",16,35,19
"ARY2","s1633_S_HYP_02_ASEReadCounter.table","NW_015090842.1:6306567",17,35,18
"ARY2","s1633_S_HYP_02_ASEReadCounter.table","NW_015090842.1:6306705",23,30,7
"ARY2","s1633_S_HYP_02_ASEReadCounter.table","NW_015090842.1:6306713",27,27,0
"ARY2","s1633_S_HYP_02_ASEReadCounter.table","NW_015090842.1:6306773",24,25,1
"ARY2","s1633_S_HYP_02_ASEReadCounter.table","NW_015090842.1:6307039",25,35,10
"ARY2","s1633_S_HYP_02_ASEReadCounter.table","NW_015090842.1:6307043",25,35,10
"ARY2","s1633_S_HYP_02_ASEReadCounter.table","NW_015090842.1:6307093",21,29,8
"ARY2","s1633_S_HYP_02_ASEReadCounter.table","NW_015090842.1:6307138",20,32,12
"ARY2","s1633_S_HYP_02_ASEReadCounter.table","NW_015090842.1:6307157",26,39,13
"ARY2","s1633_S_HYP_02_ASEReadCounter.table","NW_015090842.1:6307187",28,42,14
"ARY2","s1633_S_HYP_02_ASEReadCounter.table","NW_015090842.1:6307278",37,54,17
"ARY2","s1633_S_HYP_02_ASEReadCounter.table","NW_015090842.1:6307305",48,65,17
"ARY2","s1633_S_HYP_02_ASEReadCounter.table","NW_015090842.1:6307318",48,65,17
"ARY2","s1633_S_HYP_02_ASEReadCounter.table","NW_015090842.1:6307429",43,66,23
"ARY2","s1633_S_HYP_02_ASEReadCounter.table","NW_015090842.1:6307487",41,65,24
"ARY2","s1633_S_HYP_02_ASEReadCounter.table","NW_015090842.1:6307670",40,54,14
"ARYL","s1633_S_HYP_02_ASEReadCounter.table","NW_015090842.1:6313360",1,1,0
"ARYL","s1633_S_HYP_02_ASEReadCounter.table","NW_015090842.1:6313767",1,2,1
"ARY1","s1633_S_HYP_02_ASEReadCounter.table","NW_015090842.1:6313909",1,1,0
"ARY1","s1633_S_HYP_02_ASEReadCounter.table","NW_015090842.1:6314296",0,2,2
"ARY1","s1633_S_HYP_02_ASEReadCounter.table","NW_015090842.1:6314541",1,3,2
"ARY1","s1633_S_HYP_02_ASEReadCounter.table","NW_015090842.1:6314597",3,6,3
"ARY1","s1633_S_HYP_02_ASEReadCounter.table","NW_015090842.1:6314750",0,4,4
"ARY1","s1633_S_HYP_02_ASEReadCounter.table","NW_015090842.1:6314794",0,4,4
"ARY1","s1633_S_HYP_02_ASEReadCounter.table","NW_015090842.1:6314827",0,3,3
"ARY1","s1633_S_HYP_02_ASEReadCounter.table","NW_015090842.1:6314843",1,4,3
"ARY1","s1633_S_HYP_02_ASEReadCounter.table","NW_015090842.1:6314859",2,5,3
"ARY1","s1633_S_HYP_02_ASEReadCounter.table","NW_015090842.1:6314886",2,5,3
"ARY1","s1633_S_HYP_02_ASEReadCounter.table","NW_015090842.1:6314943",4,4,0
"ARY1","s1633_S_HYP_02_ASEReadCounter.table","NW_015090842.1:6314949",5,5,0
"ARY1","s1633_S_HYP_02_ASEReadCounter.table","NW_015090842.1:6315022",3,6,3
"ARY1","s1633_S_HYP_02_ASEReadCounter.table","NW_015090842.1:6315026",3,6,3
"ARY1","s1633_S_HYP_02_ASEReadCounter.table","NW_015090842.1:6315043",3,5,2
"ARY1","s1633_S_HYP_02_ASEReadCounter.table","NW_015090842.1:6315065",3,5,2
"ARY1","s1633_S_HYP_02_ASEReadCounter.table","NW_015090842.1:6315409",4,7,3
"ARY1","s1633_S_HYP_02_ASEReadCounter.table","NW_015090842.1:6315479",2,6,4
"ARY1","s1633_S_HYP_02_ASEReadCounter.table","NW_015090842.1:6318342",7,11,4
"ARY1","s1633_S_HYP_02_ASEReadCounter.table","NW_015090842.1:6318427",8,12,4
"ARY1","s1633_S_HYP_02_ASEReadCounter.table","NW_015090842.1:6318603",9,14,5
"ARY1","s1633_S_HYP_02_ASEReadCounter.table","NW_015090842.1:6318708",8,12,4
"ARY1","s1633_S_HYP_02_ASEReadCounter.table","NW_015090842.1:6318858",8,13,5
"ARY1","s1633_S_HYP_02_ASEReadCounter.table","NW_015090842.1:6318952",8,14,6
"MPHOSPH6","s1633_S_HYP_02_ASEReadCounter.table","NW_015090842.1:6324063",66,142,76
"MPHOSPH6","s1633_S_HYP_02_ASEReadCounter.table","NW_015090842.1:6324174",107,247,140
"MPHOSPH6","s1633_S_HYP_02_ASEReadCounter.table","NW_015090842.1:6324270",119,275,156
"MPHOSPH6","s1633_S_HYP_02_ASEReadCounter.table","NW_015090842.1:6324762",65,143,78
"MPHOSPH6","s1633_S_HYP_02_ASEReadCounter.table","NW_015090842.1:6324772",56,126,70
"MPHOSPH6","s1633_S_HYP_02_ASEReadCounter.table","NW_015090842.1:6324780",55,121,66
"MPHOSPH6","s1633_S_HYP_02_ASEReadCounter.table","NW_015090842.1:6324902",58,150,92
"MPHOSPH6","s1633_S_HYP_02_ASEReadCounter.table","NW_015090842.1:6324910",139,139,0
"MPHOSPH6","s1633_S_HYP_02_ASEReadCounter.table","NW_015090842.1:6325066",60,152,92
"MPHOSPH6","s1633_S_HYP_02_ASEReadCounter.table","NW_015090842.1:6325089",73,173,100
"MPHOSPH6","s1633_S_HYP_02_ASEReadCounter.table","NW_015090842.1:6325298",70,171,101
"MPHOSPH6","s1633_S_HYP_02_ASEReadCounter.table","NW_015090842.1:6325877",48,123,75
"MPHOSPH6","s1633_S_HYP_02_ASEReadCounter.table","NW_015090842.1:6326976",40,92,52
"CDH13","s1633_S_HYP_02_ASEReadCounter.table","NW_015090842.1:6662283",1,3,2
"CDH13","s1633_S_HYP_02_ASEReadCounter.table","NW_015090842.1:6693665",4,7,3
"CDH13","s1633_S_HYP_02_ASEReadCounter.table","NW_015090842.1:6693697",3,5,2
"CDH13","s1633_S_HYP_02_ASEReadCounter.table","NW_015090842.1:6693712",3,5,2
"CDH13","s1633_S_HYP_02_ASEReadCounter.table","NW_015090842.1:6693723",3,5,2
"CDH13","s1633_S_HYP_02_ASEReadCounter.table","NW_015090842.1:6693738",3,5,2
"CDH13","s1633_S_HYP_02_ASEReadCounter.table","NW_015090842.1:6823730",3,5,2
"CDH13","s1633_S_HYP_02_ASEReadCounter.table","NW_015090842.1:6889713",2,5,3
"CDH13","s1633_S_HYP_02_ASEReadCounter.table","NW_015090842.1:6955167",6,14,8
"MLYCD","s1633_S_HYP_02_ASEReadCounter.table","NW_015090842.1:7150054",68,157,89
"MLYCD","s1633_S_HYP_02_ASEReadCounter.table","NW_015090842.1:7150131",86,205,119
"MLYCD","s1633_S_HYP_02_ASEReadCounter.table","NW_015090842.1:7150585",54,114,60
"MLYCD","s1633_S_HYP_02_ASEReadCounter.table","NW_015090842.1:7150686",38,87,49
"MLYCD","s1633_S_HYP_02_ASEReadCounter.table","NW_015090842.1:7150696",40,94,54
"MLYCD","s1633_S_HYP_02_ASEReadCounter.table","NW_015090842.1:7150698",94,94,0
"MLYCD","s1633_S_HYP_02_ASEReadCounter.table","NW_015090842.1:7150869",31,76,45
"MLYCD","s1633_S_HYP_02_ASEReadCounter.table","NW_015090842.1:7151100",30,64,34
"MLYCD","s1633_S_HYP_02_ASEReadCounter.table","NW_015090842.1:7151127",31,69,38
"MLYCD","s1633_S_HYP_02_ASEReadCounter.table","NW_015090842.1:7157538",19,39,20
"MLYCD","s1633_S_HYP_02_ASEReadCounter.table","NW_015090842.1:7167662",9,13,4
"MLYCD","s1633_S_HYP_02_ASEReadCounter.table","NW_015090842.1:7167675",6,10,4
"MLYCD","s1633_S_HYP_02_ASEReadCounter.table","NW_015090842.1:7167710",7,11,4
"MLYCD","s1633_S_HYP_02_ASEReadCounter.table","NW_015090842.1:7167781",10,14,4
"MLYCD","s1633_S_HYP_02_ASEReadCounter.table","NW_015090842.1:7167803",7,11,4
"MLYCD","s1633_S_HYP_02_ASEReadCounter.table","NW_015090842.1:7167812",9,13,4
"MLYCD","s1633_S_HYP_02_ASEReadCounter.table","NW_015090842.1:7167845",8,14,6
"MLYCD","s1633_S_HYP_02_ASEReadCounter.table","NW_015090842.1:7167862",8,14,6
"MLYCD","s1633_S_HYP_02_ASEReadCounter.table","NW_015090842.1:7167929",6,11,5
"MLYCD","s1633_S_HYP_02_ASEReadCounter.table","NW_015090842.1:7167995",3,6,3
"MLYCD","s1633_S_HYP_02_ASEReadCounter.table","NW_015090842.1:7168005",2,6,4
"MLYCD","s1633_S_HYP_02_ASEReadCounter.table","NW_015090842.1:7168037",3,6,3
"HSBP1","s1633_S_HYP_02_ASEReadCounter.table","NW_015090842.1:7245192",394,683,289
"HSBP1","s1633_S_HYP_02_ASEReadCounter.table","NW_015090842.1:7245226",442,787,345
"HSBP1","s1633_S_HYP_02_ASEReadCounter.table","NW_015090842.1:7245257",375,677,302
"HSBP1","s1633_S_HYP_02_ASEReadCounter.table","NW_015090842.1:7245296",351,686,335
"HSBP1","s1633_S_HYP_02_ASEReadCounter.table","NW_015090842.1:7245389",488,843,355
"HSBP1","s1633_S_HYP_02_ASEReadCounter.table","NW_015090842.1:7245400",504,842,338
"HSBP1","s1633_S_HYP_02_ASEReadCounter.table","NW_015090842.1:7245445",463,808,345
"HSBP1","s1633_S_HYP_02_ASEReadCounter.table","NW_015090842.1:7245495",465,800,335
"HSBP1","s1633_S_HYP_02_ASEReadCounter.table","NW_015090842.1:7245515",505,869,364
"HSBP1","s1633_S_HYP_02_ASEReadCounter.table","NW_015090842.1:7245733",245,444,199
"HSBP1","s1633_S_HYP_02_ASEReadCounter.table","NW_015090842.1:7245771",244,441,197
"HSBP1","s1633_S_HYP_02_ASEReadCounter.table","NW_015090842.1:7245813",258,458,200
"HSBP1","s1633_S_HYP_02_ASEReadCounter.table","NW_015090842.1:7245926",263,481,218
"HSBP1","s1633_S_HYP_02_ASEReadCounter.table","NW_015090842.1:7245927",264,482,218
"HSBP1","s1633_S_HYP_02_ASEReadCounter.table","NW_015090842.1:7245933",264,473,209
"HSBP1","s1633_S_HYP_02_ASEReadCounter.table","NW_015090842.1:7246002",194,367,173
"HSBP1","s1633_S_HYP_02_ASEReadCounter.table","NW_015090842.1:7246094",242,379,137
"HSBP1","s1633_S_HYP_02_ASEReadCounter.table","NW_015090842.1:7246167",240,384,144
"HSBP1","s1633_S_HYP_02_ASEReadCounter.table","NW_015090842.1:7246183",216,365,149
"HSBP1","s1633_S_HYP_02_ASEReadCounter.table","NW_015090842.1:7247285",23,35,12
"HSBP1","s1633_S_HYP_02_ASEReadCounter.table","NW_015090842.1:7247651",283,561,278
"HSBP1","s1633_S_HYP_02_ASEReadCounter.table","NW_015090842.1:7247657",283,561,278
"HSBP1","s1633_S_HYP_02_ASEReadCounter.table","NW_015090842.1:7248520",171,343,172
"HSBP1","s1633_S_HYP_02_ASEReadCounter.table","NW_015090842.1:7248535",135,276,141
"KCNG4","s1633_S_HYP_02_ASEReadCounter.table","NW_015090842.1:7282481",2,4,2
"KCNG4","s1633_S_HYP_02_ASEReadCounter.table","NW_015090842.1:7282500",2,3,1
"KCNG4","s1633_S_HYP_02_ASEReadCounter.table","NW_015090842.1:7282542",2,4,2
"KCNG4","s1633_S_HYP_02_ASEReadCounter.table","NW_015090842.1:7282579",2,3,1
"KCNG4","s1633_S_HYP_02_ASEReadCounter.table","NW_015090842.1:7282630",2,3,1
"KCNG4","s1633_S_HYP_02_ASEReadCounter.table","NW_015090842.1:7282760",1,2,1
"KCNG4","s1633_S_HYP_02_ASEReadCounter.table","NW_015090842.1:7283056",2,4,2
"KCNG4","s1633_S_HYP_02_ASEReadCounter.table","NW_015090842.1:7283245",2,3,1
"ATP2C2","s1633_S_HYP_02_ASEReadCounter.table","NW_015090842.1:7413747",6,15,9
"TLDC1","s1633_S_HYP_02_ASEReadCounter.table","NW_015090842.1:7421997",19,34,15
"COTL1","s1633_S_HYP_02_ASEReadCounter.table","NW_015090842.1:7490707",529,1176,647
"COTL1","s1633_S_HYP_02_ASEReadCounter.table","NW_015090842.1:7490708",520,1175,655
"COTL1","s1633_S_HYP_02_ASEReadCounter.table","NW_015090842.1:7490711",540,1202,662
"COTL1","s1633_S_HYP_02_ASEReadCounter.table","NW_015090842.1:7490739",502,1153,651
"COTL1","s1633_S_HYP_02_ASEReadCounter.table","NW_015090842.1:7490785",455,1056,601
"COTL1","s1633_S_HYP_02_ASEReadCounter.table","NW_015090842.1:7490820",37,686,649
"COTL1","s1633_S_HYP_02_ASEReadCounter.table","NW_015090842.1:7490846",471,1042,571
"COTL1","s1633_S_HYP_02_ASEReadCounter.table","NW_015090842.1:7505571",1,1,0
"KLHL36","s1633_S_HYP_02_ASEReadCounter.table","NW_015090842.1:7526337",45,45,0
"KLHL36","s1633_S_HYP_02_ASEReadCounter.table","NW_015090842.1:7537681",120,120,0
"USP10","s1633_S_HYP_02_ASEReadCounter.table","NW_015090842.1:7572213",15,26,11
"USP10","s1633_S_HYP_02_ASEReadCounter.table","NW_015090842.1:7572358",15,15,0
"CRISPLD2","s1633_S_HYP_02_ASEReadCounter.table","NW_015090842.1:7630779",5,5,0
"CRISPLD2","s1633_S_HYP_02_ASEReadCounter.table","NW_015090842.1:7633611",4,4,0
"CRISPLD2","s1633_S_HYP_02_ASEReadCounter.table","NW_015090842.1:7633787",1,5,4
"CRISPLD2","s1633_S_HYP_02_ASEReadCounter.table","NW_015090842.1:7634023",0,2,2
"CRISPLD2","s1633_S_HYP_02_ASEReadCounter.table","NW_015090842.1:7634620",2,2,0
"MTHFSD","s1633_S_HYP_02_ASEReadCounter.table","NW_015090842.1:8152578",15,31,16
"DUSP15","s1633_S_HYP_02_ASEReadCounter.table","NW_015090842.1:8427711",1,3,2
"DUSP15","s1633_S_HYP_02_ASEReadCounter.table","NW_015090842.1:8431988",0,2,2
"EMC8","s1633_S_HYP_02_ASEReadCounter.table","NW_015090842.1:8452385",22,44,22
"GINS2","s1633_S_HYP_02_ASEReadCounter.table","NW_015090842.1:8467469",17,17,0
"GINS2","s1633_S_HYP_02_ASEReadCounter.table","NW_015090842.1:8470290",19,41,22
"GINS2","s1633_S_HYP_02_ASEReadCounter.table","NW_015090842.1:8470305",22,46,24
"GINS2","s1633_S_HYP_02_ASEReadCounter.table","NW_015090842.1:8470376",19,51,32
"GINS2","s1633_S_HYP_02_ASEReadCounter.table","NW_015090842.1:8471057",0,16,16
"KIAA0513","s1633_S_HYP_02_ASEReadCounter.table","NW_015090842.1:8674736",31,31,0
"KIAA0513","s1633_S_HYP_02_ASEReadCounter.table","NW_015090842.1:8687268",0,1,1
"KIAA0513","s1633_S_HYP_02_ASEReadCounter.table","NW_015090842.1:8693655",2,2,0
"ZCCHC14","s1633_S_HYP_02_ASEReadCounter.table","NW_015090842.1:8750189",117,117,0
"JPH3","s1633_S_HYP_02_ASEReadCounter.table","NW_015090842.1:8872294",31,64,33
"KLHDC4","s1633_S_HYP_02_ASEReadCounter.table","NW_015090842.1:8891175",58,162,104
"KLHDC4","s1633_S_HYP_02_ASEReadCounter.table","NW_015090842.1:8905251",14,30,16
"KLHDC4","s1633_S_HYP_02_ASEReadCounter.table","NW_015090842.1:8919630",6,10,4
"SLC7A5","s1633_S_HYP_02_ASEReadCounter.table","NW_015090842.1:8940382",195,195,0
"SLC7A5","s1633_S_HYP_02_ASEReadCounter.table","NW_015090842.1:8941818",67,67,0
"SLC7A5","s1633_S_HYP_02_ASEReadCounter.table","NW_015090842.1:8944655",40,40,0
"CA5A","s1633_S_HYP_02_ASEReadCounter.table","NW_015090842.1:8989479",68,113,45
"CA5A","s1633_S_HYP_02_ASEReadCounter.table","NW_015090842.1:8989562",57,108,51
"CA5A","s1633_S_HYP_02_ASEReadCounter.table","NW_015090842.1:8989609",69,139,70
"CA5A","s1633_S_HYP_02_ASEReadCounter.table","NW_015090842.1:8989693",76,174,98
"CA5A","s1633_S_HYP_02_ASEReadCounter.table","NW_015090842.1:8989702",70,167,97
"CA5A","s1633_S_HYP_02_ASEReadCounter.table","NW_015090842.1:8989746",73,174,101
"CA5A","s1633_S_HYP_02_ASEReadCounter.table","NW_015090842.1:8989880",58,127,69
"CA5A","s1633_S_HYP_02_ASEReadCounter.table","NW_015090842.1:8989885",61,129,68
"CA5A","s1633_S_HYP_02_ASEReadCounter.table","NW_015090842.1:8989929",59,123,64
"CA5A","s1633_S_HYP_02_ASEReadCounter.table","NW_015090842.1:8990002",63,123,60
"CA5A","s1633_S_HYP_02_ASEReadCounter.table","NW_015090842.1:8990004",62,121,59
"CA5A","s1633_S_HYP_02_ASEReadCounter.table","NW_015090842.1:8990005",62,123,61
"CA5A","s1633_S_HYP_02_ASEReadCounter.table","NW_015090842.1:8990017",58,113,55
"CA5A","s1633_S_HYP_02_ASEReadCounter.table","NW_015090842.1:8990043",48,93,45
"CA5A","s1633_S_HYP_02_ASEReadCounter.table","NW_015090842.1:8990080",42,97,55
"CA5A","s1633_S_HYP_02_ASEReadCounter.table","NW_015090842.1:8990084",40,93,53
"CA5A","s1633_S_HYP_02_ASEReadCounter.table","NW_015090842.1:8990090",44,98,54
"CA5A","s1633_S_HYP_02_ASEReadCounter.table","NW_015090842.1:8990095",43,94,51
"CA5A","s1633_S_HYP_02_ASEReadCounter.table","NW_015090842.1:8990111",36,86,50
"CA5A","s1633_S_HYP_02_ASEReadCounter.table","NW_015090842.1:8990112",36,84,48
"CA5A","s1633_S_HYP_02_ASEReadCounter.table","NW_015090842.1:8990115",34,79,45
"CA5A","s1633_S_HYP_02_ASEReadCounter.table","NW_015090842.1:8990166",40,74,34
"CA5A","s1633_S_HYP_02_ASEReadCounter.table","NW_015090842.1:8990169",43,76,33
"CA5A","s1633_S_HYP_02_ASEReadCounter.table","NW_015090842.1:8990222",33,65,32
"CA5A","s1633_S_HYP_02_ASEReadCounter.table","NW_015090842.1:8990289",37,77,40
"CA5A","s1633_S_HYP_02_ASEReadCounter.table","NW_015090842.1:8990314",32,71,39
"CA5A","s1633_S_HYP_02_ASEReadCounter.table","NW_015090842.1:8990361",31,64,33
"CA5A","s1633_S_HYP_02_ASEReadCounter.table","NW_015090842.1:8990368",29,62,33
"CA5A","s1633_S_HYP_02_ASEReadCounter.table","NW_015090842.1:8990429",28,48,20
"CA5A","s1633_S_HYP_02_ASEReadCounter.table","NW_015090842.1:8990466",16,33,17
"CA5A","s1633_S_HYP_02_ASEReadCounter.table","NW_015090842.1:8990663",22,41,19
"CA5A","s1633_S_HYP_02_ASEReadCounter.table","NW_015090842.1:8990797",26,51,25
"CA5A","s1633_S_HYP_02_ASEReadCounter.table","NW_015090842.1:8990836",22,43,21
"CA5A","s1633_S_HYP_02_ASEReadCounter.table","NW_015090842.1:8990842",21,43,22
"CA5A","s1633_S_HYP_02_ASEReadCounter.table","NW_015090842.1:8990851",20,40,20
"CA5A","s1633_S_HYP_02_ASEReadCounter.table","NW_015090842.1:8990918",15,36,21
"CA5A","s1633_S_HYP_02_ASEReadCounter.table","NW_015090842.1:8990921",13,39,26
"CA5A","s1633_S_HYP_02_ASEReadCounter.table","NW_015090842.1:8990942",16,52,36
"CA5A","s1633_S_HYP_02_ASEReadCounter.table","NW_015090842.1:8991001",25,62,37
"CA5A","s1633_S_HYP_02_ASEReadCounter.table","NW_015090842.1:8991038",29,59,30
"CA5A","s1633_S_HYP_02_ASEReadCounter.table","NW_015090842.1:8991149",26,43,17
"CA5A","s1633_S_HYP_02_ASEReadCounter.table","NW_015090842.1:8991176",30,52,22
"CA5A","s1633_S_HYP_02_ASEReadCounter.table","NW_015090842.1:8991241",25,60,35
"CA5A","s1633_S_HYP_02_ASEReadCounter.table","NW_015090842.1:8991262",21,54,33
"CA5A","s1633_S_HYP_02_ASEReadCounter.table","NW_015090842.1:8991316",19,23,4
"CA5A","s1633_S_HYP_02_ASEReadCounter.table","NW_015090842.1:8991319",19,22,3
"CA5A","s1633_S_HYP_02_ASEReadCounter.table","NW_015090842.1:8991330",14,17,3
"CA5A","s1633_S_HYP_02_ASEReadCounter.table","NW_015090842.1:8991334",15,19,4
"CA5A","s1633_S_HYP_02_ASEReadCounter.table","NW_015090842.1:8991362",18,34,16
"CA5A","s1633_S_HYP_02_ASEReadCounter.table","NW_015090842.1:8991368",19,36,17
"CA5A","s1633_S_HYP_02_ASEReadCounter.table","NW_015090842.1:8991390",21,37,16
"CA5A","s1633_S_HYP_02_ASEReadCounter.table","NW_015090842.1:8991395",21,39,18
"CA5A","s1633_S_HYP_02_ASEReadCounter.table","NW_015090842.1:8991422",18,44,26
"CA5A","s1633_S_HYP_02_ASEReadCounter.table","NW_015090842.1:8991467",14,38,24
"CA5A","s1633_S_HYP_02_ASEReadCounter.table","NW_015090842.1:8991576",8,21,13
"CA5A","s1633_S_HYP_02_ASEReadCounter.table","NW_015090842.1:8991587",11,28,17
"CA5A","s1633_S_HYP_02_ASEReadCounter.table","NW_015090842.1:8991655",13,31,18
"CA5A","s1633_S_HYP_02_ASEReadCounter.table","NW_015090842.1:8991717",13,33,20
"CA5A","s1633_S_HYP_02_ASEReadCounter.table","NW_015090842.1:8991726",15,33,18
"CA5A","s1633_S_HYP_02_ASEReadCounter.table","NW_015090842.1:8991799",18,39,21
"CA5A","s1633_S_HYP_02_ASEReadCounter.table","NW_015090842.1:8991809",20,38,18
"CA5A","s1633_S_HYP_02_ASEReadCounter.table","NW_015090842.1:8991848",16,35,19
"CA5A","s1633_S_HYP_02_ASEReadCounter.table","NW_015090842.1:8991849",16,35,19
"CA5A","s1633_S_HYP_02_ASEReadCounter.table","NW_015090842.1:8991927",19,33,14
"CA5A","s1633_S_HYP_02_ASEReadCounter.table","NW_015090842.1:8991941",20,35,15
"CA5A","s1633_S_HYP_02_ASEReadCounter.table","NW_015090842.1:8992121",9,28,19
"CA5A","s1633_S_HYP_02_ASEReadCounter.table","NW_015090842.1:8992224",12,25,13
"CA5A","s1633_S_HYP_02_ASEReadCounter.table","NW_015090842.1:9002570",4,10,6
"CA5A","s1633_S_HYP_02_ASEReadCounter.table","NW_015090842.1:9002600",4,11,7
"CA5A","s1633_S_HYP_02_ASEReadCounter.table","NW_015090842.1:9004312",10,17,7
"CA5A","s1633_S_HYP_02_ASEReadCounter.table","NW_015090842.1:9005116",2,2,0
"CA5A","s1633_S_HYP_02_ASEReadCounter.table","NW_015090842.1:9005120",2,2,0
"CA5A","s1633_S_HYP_02_ASEReadCounter.table","NW_015090842.1:9005140",2,2,0
"CA5A","s1633_S_HYP_02_ASEReadCounter.table","NW_015090842.1:9005152",2,2,0
"BANP","s1633_S_HYP_02_ASEReadCounter.table","NW_015090842.1:9033407",3,9,6
"BANP","s1633_S_HYP_02_ASEReadCounter.table","NW_015090842.1:9033409",3,8,5
"BANP","s1633_S_HYP_02_ASEReadCounter.table","NW_015090842.1:9033420",3,7,4
"BANP","s1633_S_HYP_02_ASEReadCounter.table","NW_015090842.1:9055284",5,10,5
"ZC3H18","s1633_S_HYP_02_ASEReadCounter.table","NW_015090842.1:9528933",21,38,17
"MVD","s1633_S_HYP_02_ASEReadCounter.table","NW_015090842.1:9550690",83,83,0
"MVD","s1633_S_HYP_02_ASEReadCounter.table","NW_015090842.1:9550691",86,86,0
"MVD","s1633_S_HYP_02_ASEReadCounter.table","NW_015090842.1:9550699",95,95,0
"MVD","s1633_S_HYP_02_ASEReadCounter.table","NW_015090842.1:9550701",94,94,0
"MVD","s1633_S_HYP_02_ASEReadCounter.table","NW_015090842.1:9552202",79,79,0
"MVD","s1633_S_HYP_02_ASEReadCounter.table","NW_015090842.1:9552223",63,63,0
"MVD","s1633_S_HYP_02_ASEReadCounter.table","NW_015090842.1:9552533",52,52,0
"MVD","s1633_S_HYP_02_ASEReadCounter.table","NW_015090842.1:9552644",21,46,25
"PIEZO1","s1633_S_HYP_02_ASEReadCounter.table","NW_015090842.1:9577447",8,13,5
"PIEZO1","s1633_S_HYP_02_ASEReadCounter.table","NW_015090842.1:9579101",6,13,7
"PIEZO1","s1633_S_HYP_02_ASEReadCounter.table","NW_015090842.1:9582630",0,3,3
"PIEZO1","s1633_S_HYP_02_ASEReadCounter.table","NW_015090842.1:9582976",2,4,2
"PIEZO1","s1633_S_HYP_02_ASEReadCounter.table","NW_015090842.1:9583326",6,6,0
"CDT1","s1633_S_HYP_02_ASEReadCounter.table","NW_015090842.1:9596711",0,3,3
"CDT1","s1633_S_HYP_02_ASEReadCounter.table","NW_015090842.1:9597033",4,4,0
"CDT1","s1633_S_HYP_02_ASEReadCounter.table","NW_015090842.1:9597756",2,3,1
"CDT1","s1633_S_HYP_02_ASEReadCounter.table","NW_015090842.1:9598873",8,8,0
"ACSF3","s1633_S_HYP_02_ASEReadCounter.table","NW_015090842.1:9776737",0,2,2
"ACSF3","s1633_S_HYP_02_ASEReadCounter.table","NW_015090842.1:9809639",61,61,0
"ACSF3","s1633_S_HYP_02_ASEReadCounter.table","NW_015090842.1:9834743",36,77,41
"ACSF3","s1633_S_HYP_02_ASEReadCounter.table","NW_015090842.1:9834762",78,78,0
"ACSF3","s1633_S_HYP_02_ASEReadCounter.table","NW_015090842.1:9834852",37,80,43
"ACSF3","s1633_S_HYP_02_ASEReadCounter.table","NW_015090842.1:9834861",32,73,41
"ACSF3","s1633_S_HYP_02_ASEReadCounter.table","NW_015090842.1:9839359",27,60,33
"ACSF3","s1633_S_HYP_02_ASEReadCounter.table","NW_015090842.1:9839378",27,60,33
"ACSF3","s1633_S_HYP_02_ASEReadCounter.table","NW_015090842.1:9839455",25,63,38
"ACSF3","s1633_S_HYP_02_ASEReadCounter.table","NW_015090842.1:9839457",26,59,33
"ACSF3","s1633_S_HYP_02_ASEReadCounter.table","NW_015090842.1:9839489",22,50,28
"ACSF3","s1633_S_HYP_02_ASEReadCounter.table","NW_015090842.1:9839500",14,40,26
"ACSF3","s1633_S_HYP_02_ASEReadCounter.table","NW_015090842.1:9839501",14,39,25
"ACSF3","s1633_S_HYP_02_ASEReadCounter.table","NW_015090842.1:9839504",15,39,24
"ACSF3","s1633_S_HYP_02_ASEReadCounter.table","NW_015090842.1:9839512",14,31,17
"ACSF3","s1633_S_HYP_02_ASEReadCounter.table","NW_015090842.1:9839527",11,23,12
"ACSF3","s1633_S_HYP_02_ASEReadCounter.table","NW_015090842.1:9839533",8,19,11
"ACSF3","s1633_S_HYP_02_ASEReadCounter.table","NW_015090842.1:9839535",8,19,11
"ACSF3","s1633_S_HYP_02_ASEReadCounter.table","NW_015090842.1:9839545",5,14,9
"ACSF3","s1633_S_HYP_02_ASEReadCounter.table","NW_015090842.1:9839550",5,14,9
"ACSF3","s1633_S_HYP_02_ASEReadCounter.table","NW_015090842.1:9839551",5,14,9
"CDH15","s1633_S_HYP_02_ASEReadCounter.table","NW_015090842.1:9847163",1,1,0
"CDH15","s1633_S_HYP_02_ASEReadCounter.table","NW_015090842.1:9847174",1,1,0
"CDH15","s1633_S_HYP_02_ASEReadCounter.table","NW_015090842.1:9848220",1,1,0
"CDH15","s1633_S_HYP_02_ASEReadCounter.table","NW_015090842.1:9848265",1,1,0
"CDH15","s1633_S_HYP_02_ASEReadCounter.table","NW_015090842.1:9848531",1,1,0
"CDH15","s1633_S_HYP_02_ASEReadCounter.table","NW_015090842.1:9848552",1,1,0
"CDH15","s1633_S_HYP_02_ASEReadCounter.table","NW_015090842.1:9849473",1,1,0
"CDH15","s1633_S_HYP_02_ASEReadCounter.table","NW_015090842.1:9850141",2,2,0
"CDH15","s1633_S_HYP_02_ASEReadCounter.table","NW_015090842.1:9850386",1,2,1
"CDH15","s1633_S_HYP_02_ASEReadCounter.table","NW_015090842.1:9850432",1,2,1
"CDH15","s1633_S_HYP_02_ASEReadCounter.table","NW_015090842.1:9850609",1,1,0
"SLC22A31","s1633_S_HYP_02_ASEReadCounter.table","NW_015090842.1:9850797",2,3,1
"SLC22A31","s1633_S_HYP_02_ASEReadCounter.table","NW_015090842.1:9850818",3,4,1
"SLC22A31","s1633_S_HYP_02_ASEReadCounter.table","NW_015090842.1:9850929",1,1,0
"SLC22A31","s1633_S_HYP_02_ASEReadCounter.table","NW_015090842.1:9850936",1,1,0
"SLC22A31","s1633_S_HYP_02_ASEReadCounter.table","NW_015090842.1:9850940",1,1,0
"SLC22A31","s1633_S_HYP_02_ASEReadCounter.table","NW_015090842.1:9850961",1,2,1
"SLC22A31","s1633_S_HYP_02_ASEReadCounter.table","NW_015090842.1:9850970",1,2,1
"SLC22A31","s1633_S_HYP_02_ASEReadCounter.table","NW_015090842.1:9850978",1,3,2
"SLC22A31","s1633_S_HYP_02_ASEReadCounter.table","NW_015090842.1:9850981",1,3,2
"SLC22A31","s1633_S_HYP_02_ASEReadCounter.table","NW_015090842.1:9851032",1,4,3
"SLC22A31","s1633_S_HYP_02_ASEReadCounter.table","NW_015090842.1:9851053",0,3,3
"SLC22A31","s1633_S_HYP_02_ASEReadCounter.table","NW_015090842.1:9851130",3,11,8
"SLC22A31","s1633_S_HYP_02_ASEReadCounter.table","NW_015090842.1:9851139",2,11,9
"SLC22A31","s1633_S_HYP_02_ASEReadCounter.table","NW_015090842.1:9851265",8,24,16
"SLC22A31","s1633_S_HYP_02_ASEReadCounter.table","NW_015090842.1:9851302",4,17,13
"SLC22A31","s1633_S_HYP_02_ASEReadCounter.table","NW_015090842.1:9851303",4,16,12
"SLC22A31","s1633_S_HYP_02_ASEReadCounter.table","NW_015090842.1:9851305",4,17,13
"SLC22A31","s1633_S_HYP_02_ASEReadCounter.table","NW_015090842.1:9851343",6,14,8
"SLC22A31","s1633_S_HYP_02_ASEReadCounter.table","NW_015090842.1:9851344",6,11,5
"SLC22A31","s1633_S_HYP_02_ASEReadCounter.table","NW_015090842.1:9851381",11,20,9
"SLC22A31","s1633_S_HYP_02_ASEReadCounter.table","NW_015090842.1:9851421",8,21,13
"SLC22A31","s1633_S_HYP_02_ASEReadCounter.table","NW_015090842.1:9851526",12,25,13
"SLC22A31","s1633_S_HYP_02_ASEReadCounter.table","NW_015090842.1:9851589",9,20,11
"SLC22A31","s1633_S_HYP_02_ASEReadCounter.table","NW_015090842.1:9851712",11,22,11
"SLC22A31","s1633_S_HYP_02_ASEReadCounter.table","NW_015090842.1:9851899",4,14,10
"SLC22A31","s1633_S_HYP_02_ASEReadCounter.table","NW_015090842.1:9852139",12,21,9
"SLC22A31","s1633_S_HYP_02_ASEReadCounter.table","NW_015090842.1:9852380",6,22,16
"SLC22A31","s1633_S_HYP_02_ASEReadCounter.table","NW_015090842.1:9852431",1,13,12
"SLC22A31","s1633_S_HYP_02_ASEReadCounter.table","NW_015090842.1:9852630",1,7,6
"SLC22A31","s1633_S_HYP_02_ASEReadCounter.table","NW_015090842.1:9852711",1,13,12
"SLC22A31","s1633_S_HYP_02_ASEReadCounter.table","NW_015090842.1:9852742",1,11,10
"SLC22A31","s1633_S_HYP_02_ASEReadCounter.table","NW_015090842.1:9853099",3,9,6
"SLC22A31","s1633_S_HYP_02_ASEReadCounter.table","NW_015090842.1:9853102",3,9,6
"SLC22A31","s1633_S_HYP_02_ASEReadCounter.table","NW_015090842.1:9853421",0,3,3
"SLC22A31","s1633_S_HYP_02_ASEReadCounter.table","NW_015090842.1:9853457",0,4,4
"SLC22A31","s1633_S_HYP_02_ASEReadCounter.table","NW_015090842.1:9853502",0,2,2
"ANKRD11","s1633_S_HYP_02_ASEReadCounter.table","NW_015090842.1:9858863",21,52,31
"ANKRD11","s1633_S_HYP_02_ASEReadCounter.table","NW_015090842.1:9859101",151,308,157
"ANKRD11","s1633_S_HYP_02_ASEReadCounter.table","NW_015090842.1:9859352",151,326,175
"ANKRD11","s1633_S_HYP_02_ASEReadCounter.table","NW_015090842.1:9859381",42,180,138
"ANKRD11","s1633_S_HYP_02_ASEReadCounter.table","NW_015090842.1:9859527",45,118,73
"ANKRD11","s1633_S_HYP_02_ASEReadCounter.table","NW_015090842.1:9859529",46,119,73
"ANKRD11","s1633_S_HYP_02_ASEReadCounter.table","NW_015090842.1:9859679",127,281,154
"ANKRD11","s1633_S_HYP_02_ASEReadCounter.table","NW_015090842.1:9861097",71,158,87
"ANKRD11","s1633_S_HYP_02_ASEReadCounter.table","NW_015090842.1:9862571",54,110,56
"ANKRD11","s1633_S_HYP_02_ASEReadCounter.table","NW_015090842.1:9866071",0,47,47
"ANKRD11","s1633_S_HYP_02_ASEReadCounter.table","NW_015090842.1:9866200",0,34,34
"ANKRD11","s1633_S_HYP_02_ASEReadCounter.table","NW_015090842.1:9867391",13,24,11
"ANKRD11","s1633_S_HYP_02_ASEReadCounter.table","NW_015090842.1:9867472",17,32,15
"ANKRD11","s1633_S_HYP_02_ASEReadCounter.table","NW_015090842.1:9867559",19,39,20
"ANKRD11","s1633_S_HYP_02_ASEReadCounter.table","NW_015090842.1:9867934",13,34,21
"ANKRD11","s1633_S_HYP_02_ASEReadCounter.table","NW_015090842.1:9868093",21,45,24
"ANKRD11","s1633_S_HYP_02_ASEReadCounter.table","NW_015090842.1:9868222",29,48,19
"ANKRD11","s1633_S_HYP_02_ASEReadCounter.table","NW_015090842.1:9868327",45,78,33
"ANKRD11","s1633_S_HYP_02_ASEReadCounter.table","NW_015090842.1:9868414",44,100,56
"ANKRD11","s1633_S_HYP_02_ASEReadCounter.table","NW_015090842.1:9868441",47,98,51
"ANKRD11","s1633_S_HYP_02_ASEReadCounter.table","NW_015090842.1:9868444",47,100,53
"ANKRD11","s1633_S_HYP_02_ASEReadCounter.table","NW_015090842.1:9868519",63,115,52
"ANKRD11","s1633_S_HYP_02_ASEReadCounter.table","NW_015090842.1:9868609",54,108,54
"ANKRD11","s1633_S_HYP_02_ASEReadCounter.table","NW_015090842.1:9868666",67,134,67
"ANKRD11","s1633_S_HYP_02_ASEReadCounter.table","NW_015090842.1:9869431",132,288,156
"ANKRD11","s1633_S_HYP_02_ASEReadCounter.table","NW_015090842.1:9869578",225,427,202
"ANKRD11","s1633_S_HYP_02_ASEReadCounter.table","NW_015090842.1:9869734",175,383,208
"ANKRD11","s1633_S_HYP_02_ASEReadCounter.table","NW_015090842.1:9870070",234,433,199
"ANKRD11","s1633_S_HYP_02_ASEReadCounter.table","NW_015090842.1:9870349",266,528,262
"ANKRD11","s1633_S_HYP_02_ASEReadCounter.table","NW_015090842.1:9870604",303,598,295
"ANKRD11","s1633_S_HYP_02_ASEReadCounter.table","NW_015090842.1:9870613",321,621,300
"ANKRD11","s1633_S_HYP_02_ASEReadCounter.table","NW_015090842.1:9870685",336,755,419
"ANKRD11","s1633_S_HYP_02_ASEReadCounter.table","NW_015090842.1:9870847",328,680,352
"ANKRD11","s1633_S_HYP_02_ASEReadCounter.table","NW_015090842.1:9871103",226,474,248
"ANKRD11","s1633_S_HYP_02_ASEReadCounter.table","NW_015090842.1:9871165",237,485,248
"ANKRD11","s1633_S_HYP_02_ASEReadCounter.table","NW_015090842.1:9871820",45,83,38
"ANKRD11","s1633_S_HYP_02_ASEReadCounter.table","NW_015090842.1:9871994",68,68,0
"ANKRD11","s1633_S_HYP_02_ASEReadCounter.table","NW_015090842.1:9872118",40,81,41
"SPG7","s1633_S_HYP_02_ASEReadCounter.table","NW_015090842.1:10051190",34,70,36
"SPG7","s1633_S_HYP_02_ASEReadCounter.table","NW_015090842.1:10051218",37,85,48
"SPG7","s1633_S_HYP_02_ASEReadCounter.table","NW_015090842.1:10052348",53,99,46
"SPG7","s1633_S_HYP_02_ASEReadCounter.table","NW_015090842.1:10052366",56,94,38
"SPG7","s1633_S_HYP_02_ASEReadCounter.table","NW_015090842.1:10065173",97,190,93
"SPG7","s1633_S_HYP_02_ASEReadCounter.table","NW_015090842.1:10065215",85,175,90
"SPG7","s1633_S_HYP_02_ASEReadCounter.table","NW_015090842.1:10066301",74,149,75
"SPG7","s1633_S_HYP_02_ASEReadCounter.table","NW_015090842.1:10066365",91,189,98
"SPG7","s1633_S_HYP_02_ASEReadCounter.table","NW_015090842.1:10069752",115,232,117
"SPG7","s1633_S_HYP_02_ASEReadCounter.table","NW_015090842.1:10069800",121,270,149
"SPG7","s1633_S_HYP_02_ASEReadCounter.table","NW_015090842.1:10071192",143,289,146
"SPG7","s1633_S_HYP_02_ASEReadCounter.table","NW_015090842.1:10071204",149,289,140
"SPG7","s1633_S_HYP_02_ASEReadCounter.table","NW_015090842.1:10071219",140,281,141
"SPG7","s1633_S_HYP_02_ASEReadCounter.table","NW_015090842.1:10071967",149,284,135
"SPG7","s1633_S_HYP_02_ASEReadCounter.table","NW_015090842.1:10075109",312,606,294
"SPG7","s1633_S_HYP_02_ASEReadCounter.table","NW_015090842.1:10075114",321,615,294
"SPG7","s1633_S_HYP_02_ASEReadCounter.table","NW_015090842.1:10075198",262,487,225
"SPG7","s1633_S_HYP_02_ASEReadCounter.table","NW_015090842.1:10075487",231,462,231
"SPG7","s1633_S_HYP_02_ASEReadCounter.table","NW_015090842.1:10075488",233,468,235
"SPG7","s1633_S_HYP_02_ASEReadCounter.table","NW_015090842.1:10075548",184,359,175
"RPL13","s1633_S_HYP_02_ASEReadCounter.table","NW_015090842.1:10076979",1,2,1
"RPL13","s1633_S_HYP_02_ASEReadCounter.table","NW_015090842.1:10077387",338,777,439
"RPL13","s1633_S_HYP_02_ASEReadCounter.table","NW_015090842.1:10077978",575,1198,623
"RPL13","s1633_S_HYP_02_ASEReadCounter.table","NW_015090842.1:10077992",583,1195,612
"CPNE7","s1633_S_HYP_02_ASEReadCounter.table","NW_015090842.1:10084001",1,4,3
"CPNE7","s1633_S_HYP_02_ASEReadCounter.table","NW_015090842.1:10084856",2,6,4
"CPNE7","s1633_S_HYP_02_ASEReadCounter.table","NW_015090842.1:10084872",2,6,4
"CPNE7","s1633_S_HYP_02_ASEReadCounter.table","NW_015090842.1:10084892",4,8,4
"CPNE7","s1633_S_HYP_02_ASEReadCounter.table","NW_015090842.1:10084921",4,8,4
"CPNE7","s1633_S_HYP_02_ASEReadCounter.table","NW_015090842.1:10084935",4,6,2
"CPNE7","s1633_S_HYP_02_ASEReadCounter.table","NW_015090842.1:10085000",4,6,2
"CPNE7","s1633_S_HYP_02_ASEReadCounter.table","NW_015090842.1:10085089",6,8,2
"CPNE7","s1633_S_HYP_02_ASEReadCounter.table","NW_015090842.1:10085096",7,9,2
"CPNE7","s1633_S_HYP_02_ASEReadCounter.table","NW_015090842.1:10085126",6,9,3
"CPNE7","s1633_S_HYP_02_ASEReadCounter.table","NW_015090842.1:10085180",4,6,2
"CPNE7","s1633_S_HYP_02_ASEReadCounter.table","NW_015090842.1:10085201",2,5,3
"CPNE7","s1633_S_HYP_02_ASEReadCounter.table","NW_015090842.1:10088134",5,14,9
"CPNE7","s1633_S_HYP_02_ASEReadCounter.table","NW_015090842.1:10088146",7,16,9
"CPNE7","s1633_S_HYP_02_ASEReadCounter.table","NW_015090842.1:10088940",9,15,6
"CPNE7","s1633_S_HYP_02_ASEReadCounter.table","NW_015090842.1:10088965",10,17,7
"CPNE7","s1633_S_HYP_02_ASEReadCounter.table","NW_015090842.1:10088967",10,16,6
"CPNE7","s1633_S_HYP_02_ASEReadCounter.table","NW_015090842.1:10088973",10,15,5
"CPNE7","s1633_S_HYP_02_ASEReadCounter.table","NW_015090842.1:10090924",34,53,19
"CPNE7","s1633_S_HYP_02_ASEReadCounter.table","NW_015090842.1:10090930",33,52,19
"CPNE7","s1633_S_HYP_02_ASEReadCounter.table","NW_015090842.1:10091075",36,54,18
"CPNE7","s1633_S_HYP_02_ASEReadCounter.table","NW_015090842.1:10091389",47,72,25
"CPNE7","s1633_S_HYP_02_ASEReadCounter.table","NW_015090842.1:10091407",47,70,23
"CPNE7","s1633_S_HYP_02_ASEReadCounter.table","NW_015090842.1:10091530",41,62,21
"CPNE7","s1633_S_HYP_02_ASEReadCounter.table","NW_015090842.1:10091875",79,110,31
"CPNE7","s1633_S_HYP_02_ASEReadCounter.table","NW_015090842.1:10091983",67,95,28
"CPNE7","s1633_S_HYP_02_ASEReadCounter.table","NW_015090842.1:10091997",74,102,28
"CPNE7","s1633_S_HYP_02_ASEReadCounter.table","NW_015090842.1:10092038",53,73,20
"CPNE7","s1633_S_HYP_02_ASEReadCounter.table","NW_015090842.1:10092140",61,82,21
"CPNE7","s1633_S_HYP_02_ASEReadCounter.table","NW_015090842.1:10092183",41,55,14
"CPNE7","s1633_S_HYP_02_ASEReadCounter.table","NW_015090842.1:10092201",34,50,16
"CPNE7","s1633_S_HYP_02_ASEReadCounter.table","NW_015090842.1:10092230",26,42,16
"CPNE7","s1633_S_HYP_02_ASEReadCounter.table","NW_015090842.1:10092246",15,29,14
"LOC106888185","s1633_S_HYP_02_ASEReadCounter.table","NW_015090842.1:10094965",1,4,3
"LOC106888185","s1633_S_HYP_02_ASEReadCounter.table","NW_015090842.1:10094966",1,4,3
"LOC106888185","s1633_S_HYP_02_ASEReadCounter.table","NW_015090842.1:10094985",1,4,3
"LOC106888185","s1633_S_HYP_02_ASEReadCounter.table","NW_015090842.1:10095055",0,1,1
"LOC106888185","s1633_S_HYP_02_ASEReadCounter.table","NW_015090842.1:10095265",6,12,6
"LOC106888185","s1633_S_HYP_02_ASEReadCounter.table","NW_015090842.1:10095586",2,9,7
"LOC106888185","s1633_S_HYP_02_ASEReadCounter.table","NW_015090842.1:10095593",2,11,9
"LOC106888185","s1633_S_HYP_02_ASEReadCounter.table","NW_015090842.1:10095616",2,13,11
"LOC106888185","s1633_S_HYP_02_ASEReadCounter.table","NW_015090842.1:10095662",1,9,8
"LOC106888185","s1633_S_HYP_02_ASEReadCounter.table","NW_015090842.1:10095674",1,7,6
"LOC106888185","s1633_S_HYP_02_ASEReadCounter.table","NW_015090842.1:10095786",6,11,5
"LOC106888185","s1633_S_HYP_02_ASEReadCounter.table","NW_015090842.1:10095831",3,8,5
"LOC106888185","s1633_S_HYP_02_ASEReadCounter.table","NW_015090842.1:10096230",1,6,5
"LOC106888185","s1633_S_HYP_02_ASEReadCounter.table","NW_015090842.1:10096249",3,6,3
"LOC106888185","s1633_S_HYP_02_ASEReadCounter.table","NW_015090842.1:10096272",2,5,3
"LOC106888185","s1633_S_HYP_02_ASEReadCounter.table","NW_015090842.1:10096288",2,5,3
"LOC106888185","s1633_S_HYP_02_ASEReadCounter.table","NW_015090842.1:10097248",1,3,2
"LOC106888185","s1633_S_HYP_02_ASEReadCounter.table","NW_015090842.1:10097265",1,3,2
"DPEP1","s1633_S_HYP_02_ASEReadCounter.table","NW_015090842.1:10099985",0,1,1
"DPEP1","s1633_S_HYP_02_ASEReadCounter.table","NW_015090842.1:10099986",0,1,1
"DPEP1","s1633_S_HYP_02_ASEReadCounter.table","NW_015090842.1:10099991",0,1,1
"DPEP1","s1633_S_HYP_02_ASEReadCounter.table","NW_015090842.1:10100295",0,1,1
"DPEP1","s1633_S_HYP_02_ASEReadCounter.table","NW_015090842.1:10100529",0,2,2
"DPEP1","s1633_S_HYP_02_ASEReadCounter.table","NW_015090842.1:10100893",0,1,1
"DPEP1","s1633_S_HYP_02_ASEReadCounter.table","NW_015090842.1:10100902",0,1,1
"DPEP1","s1633_S_HYP_02_ASEReadCounter.table","NW_015090842.1:10101199",0,1,1
"DPEP1","s1633_S_HYP_02_ASEReadCounter.table","NW_015090842.1:10101483",0,3,3
"DPEP1","s1633_S_HYP_02_ASEReadCounter.table","NW_015090842.1:10101497",0,2,2
"DPEP1","s1633_S_HYP_02_ASEReadCounter.table","NW_015090842.1:10101875",0,2,2
"DPEP1","s1633_S_HYP_02_ASEReadCounter.table","NW_015090842.1:10101913",0,2,2
"CHMP1A","s1633_S_HYP_02_ASEReadCounter.table","NW_015090842.1:10102901",81,204,123
"CHMP1A","s1633_S_HYP_02_ASEReadCounter.table","NW_015090842.1:10102961",77,211,134
"CHMP1A","s1633_S_HYP_02_ASEReadCounter.table","NW_015090842.1:10102996",58,212,154
"CHMP1A","s1633_S_HYP_02_ASEReadCounter.table","NW_015090842.1:10103004",62,218,156
"CHMP1A","s1633_S_HYP_02_ASEReadCounter.table","NW_015090842.1:10103006",63,218,155
"CHMP1A","s1633_S_HYP_02_ASEReadCounter.table","NW_015090842.1:10103052",114,285,171
"CHMP1A","s1633_S_HYP_02_ASEReadCounter.table","NW_015090842.1:10103095",125,300,175
"CHMP1A","s1633_S_HYP_02_ASEReadCounter.table","NW_015090842.1:10103096",125,299,174
"CHMP1A","s1633_S_HYP_02_ASEReadCounter.table","NW_015090842.1:10103152",96,203,107
"CHMP1A","s1633_S_HYP_02_ASEReadCounter.table","NW_015090842.1:10103334",39,126,87
"CHMP1A","s1633_S_HYP_02_ASEReadCounter.table","NW_015090842.1:10103373",26,124,98
"CHMP1A","s1633_S_HYP_02_ASEReadCounter.table","NW_015090842.1:10103408",53,156,103
"CHMP1A","s1633_S_HYP_02_ASEReadCounter.table","NW_015090842.1:10103412",62,163,101
"CHMP1A","s1633_S_HYP_02_ASEReadCounter.table","NW_015090842.1:10103512",79,171,92
"CHMP1A","s1633_S_HYP_02_ASEReadCounter.table","NW_015090842.1:10103513",81,173,92
"CHMP1A","s1633_S_HYP_02_ASEReadCounter.table","NW_015090842.1:10103583",56,109,53
"CHMP1A","s1633_S_HYP_02_ASEReadCounter.table","NW_015090842.1:10103614",61,113,52
"CHMP1A","s1633_S_HYP_02_ASEReadCounter.table","NW_015090842.1:10103657",72,131,59
"CHMP1A","s1633_S_HYP_02_ASEReadCounter.table","NW_015090842.1:10103669",64,118,54
"CHMP1A","s1633_S_HYP_02_ASEReadCounter.table","NW_015090842.1:10103674",63,109,46
"CHMP1A","s1633_S_HYP_02_ASEReadCounter.table","NW_015090842.1:10103677",61,108,47
"CHMP1A","s1633_S_HYP_02_ASEReadCounter.table","NW_015090842.1:10103729",66,126,60
"CHMP1A","s1633_S_HYP_02_ASEReadCounter.table","NW_015090842.1:10103758",60,114,54
"CHMP1A","s1633_S_HYP_02_ASEReadCounter.table","NW_015090842.1:10103761",58,112,54
"CHMP1A","s1633_S_HYP_02_ASEReadCounter.table","NW_015090842.1:10103788",59,128,69
"CHMP1A","s1633_S_HYP_02_ASEReadCounter.table","NW_015090842.1:10103789",59,129,70
"CHMP1A","s1633_S_HYP_02_ASEReadCounter.table","NW_015090842.1:10103790",60,133,73
"CHMP1A","s1633_S_HYP_02_ASEReadCounter.table","NW_015090842.1:10103950",68,120,52
"CHMP1A","s1633_S_HYP_02_ASEReadCounter.table","NW_015090842.1:10104335",44,92,48
"CHMP1A","s1633_S_HYP_02_ASEReadCounter.table","NW_015090842.1:10104429",54,101,47
"CHMP1A","s1633_S_HYP_02_ASEReadCounter.table","NW_015090842.1:10104532",31,74,43
"CHMP1A","s1633_S_HYP_02_ASEReadCounter.table","NW_015090842.1:10104633",26,66,40
"CHMP1A","s1633_S_HYP_02_ASEReadCounter.table","NW_015090842.1:10104759",18,61,43
"CHMP1A","s1633_S_HYP_02_ASEReadCounter.table","NW_015090842.1:10104794",26,66,40
"CHMP1A","s1633_S_HYP_02_ASEReadCounter.table","NW_015090842.1:10104844",20,57,37
"CHMP1A","s1633_S_HYP_02_ASEReadCounter.table","NW_015090842.1:10106290",16,45,29
"CHMP1A","s1633_S_HYP_02_ASEReadCounter.table","NW_015090842.1:10106335",26,54,28
"CHMP1A","s1633_S_HYP_02_ASEReadCounter.table","NW_015090842.1:10106383",34,73,39
"CHMP1A","s1633_S_HYP_02_ASEReadCounter.table","NW_015090842.1:10106747",29,62,33
"CHMP1A","s1633_S_HYP_02_ASEReadCounter.table","NW_015090842.1:10107404",19,52,33
"CHMP1A","s1633_S_HYP_02_ASEReadCounter.table","NW_015090842.1:10107410",18,48,30
"CHMP1A","s1633_S_HYP_02_ASEReadCounter.table","NW_015090842.1:10107876",20,52,32
"CDK10","s1633_S_HYP_02_ASEReadCounter.table","NW_015090842.1:10109030",8,8,0
"CDK10","s1633_S_HYP_02_ASEReadCounter.table","NW_015090842.1:10109963",36,77,41
"CDK10","s1633_S_HYP_02_ASEReadCounter.table","NW_015090842.1:10110887",25,66,41
"CDK10","s1633_S_HYP_02_ASEReadCounter.table","NW_015090842.1:10111254",16,60,44
"CDK10","s1633_S_HYP_02_ASEReadCounter.table","NW_015090842.1:10111380",27,75,48
"CDK10","s1633_S_HYP_02_ASEReadCounter.table","NW_015090842.1:10111395",30,78,48
"CDK10","s1633_S_HYP_02_ASEReadCounter.table","NW_015090842.1:10111437",23,77,54
"CDK10","s1633_S_HYP_02_ASEReadCounter.table","NW_015090842.1:10111798",30,78,48
"CDK10","s1633_S_HYP_02_ASEReadCounter.table","NW_015090842.1:10111840",31,83,52
"CDK10","s1633_S_HYP_02_ASEReadCounter.table","NW_015090842.1:10112031",39,139,100
"CDK10","s1633_S_HYP_02_ASEReadCounter.table","NW_015090842.1:10112285",53,142,89
"CDK10","s1633_S_HYP_02_ASEReadCounter.table","NW_015090842.1:10112398",64,152,88
"CDK10","s1633_S_HYP_02_ASEReadCounter.table","NW_015090842.1:10112455",60,164,104
"CDK10","s1633_S_HYP_02_ASEReadCounter.table","NW_015090842.1:10112461",56,150,94
"CDK10","s1633_S_HYP_02_ASEReadCounter.table","NW_015090842.1:10112497",55,141,86
"CDK10","s1633_S_HYP_02_ASEReadCounter.table","NW_015090842.1:10112508",50,137,87
"CDK10","s1633_S_HYP_02_ASEReadCounter.table","NW_015090842.1:10112518",41,127,86
"CDK10","s1633_S_HYP_02_ASEReadCounter.table","NW_015090842.1:10112540",13,111,98
"CDK10","s1633_S_HYP_02_ASEReadCounter.table","NW_015090842.1:10112556",30,122,92
"CDK10","s1633_S_HYP_02_ASEReadCounter.table","NW_015090842.1:10112561",39,145,106
"CDK10","s1633_S_HYP_02_ASEReadCounter.table","NW_015090842.1:10112596",50,159,109
"CDK10","s1633_S_HYP_02_ASEReadCounter.table","NW_015090842.1:10112630",50,144,94
"CDK10","s1633_S_HYP_02_ASEReadCounter.table","NW_015090842.1:10112656",50,146,96
"CDK10","s1633_S_HYP_02_ASEReadCounter.table","NW_015090842.1:10112665",37,108,71
"CDK10","s1633_S_HYP_02_ASEReadCounter.table","NW_015090842.1:10112668",37,108,71
"CDK10","s1633_S_HYP_02_ASEReadCounter.table","NW_015090842.1:10112781",27,68,41
"CDK10","s1633_S_HYP_02_ASEReadCounter.table","NW_015090842.1:10112782",26,66,40
"CDK10","s1633_S_HYP_02_ASEReadCounter.table","NW_015090842.1:10112795",22,63,41
"CDK10","s1633_S_HYP_02_ASEReadCounter.table","NW_015090842.1:10112841",13,31,18
"CDK10","s1633_S_HYP_02_ASEReadCounter.table","NW_015090842.1:10112861",10,25,15
"SPATA2L","s1633_S_HYP_02_ASEReadCounter.table","NW_015090842.1:10113212",30,77,47
"SPATA2L","s1633_S_HYP_02_ASEReadCounter.table","NW_015090842.1:10113280",43,128,85
"SPATA2L","s1633_S_HYP_02_ASEReadCounter.table","NW_015090842.1:10113296",43,130,87
"SPATA2L","s1633_S_HYP_02_ASEReadCounter.table","NW_015090842.1:10113321",53,147,94
"SPATA2L","s1633_S_HYP_02_ASEReadCounter.table","NW_015090842.1:10113332",55,163,108
"SPATA2L","s1633_S_HYP_02_ASEReadCounter.table","NW_015090842.1:10113380",57,158,101
"SPATA2L","s1633_S_HYP_02_ASEReadCounter.table","NW_015090842.1:10113381",57,160,103
"SPATA2L","s1633_S_HYP_02_ASEReadCounter.table","NW_015090842.1:10113412",57,168,111
"SPATA2L","s1633_S_HYP_02_ASEReadCounter.table","NW_015090842.1:10113421",62,173,111
"SPATA2L","s1633_S_HYP_02_ASEReadCounter.table","NW_015090842.1:10113465",59,152,93
"SPATA2L","s1633_S_HYP_02_ASEReadCounter.table","NW_015090842.1:10113535",77,175,98
"SPATA2L","s1633_S_HYP_02_ASEReadCounter.table","NW_015090842.1:10113645",69,188,119
"SPATA2L","s1633_S_HYP_02_ASEReadCounter.table","NW_015090842.1:10113682",89,234,145
"SPATA2L","s1633_S_HYP_02_ASEReadCounter.table","NW_015090842.1:10113696",70,202,132
"SPATA2L","s1633_S_HYP_02_ASEReadCounter.table","NW_015090842.1:10113727",56,186,130
"SPATA2L","s1633_S_HYP_02_ASEReadCounter.table","NW_015090842.1:10113729",57,184,127
"SPATA2L","s1633_S_HYP_02_ASEReadCounter.table","NW_015090842.1:10113799",93,190,97
"SPATA2L","s1633_S_HYP_02_ASEReadCounter.table","NW_015090842.1:10113809",96,204,108
"SPATA2L","s1633_S_HYP_02_ASEReadCounter.table","NW_015090842.1:10113827",85,194,109
"SPATA2L","s1633_S_HYP_02_ASEReadCounter.table","NW_015090842.1:10113831",87,197,110
"SPATA2L","s1633_S_HYP_02_ASEReadCounter.table","NW_015090842.1:10113894",82,175,93
"SPATA2L","s1633_S_HYP_02_ASEReadCounter.table","NW_015090842.1:10113905",69,156,87
"SPATA2L","s1633_S_HYP_02_ASEReadCounter.table","NW_015090842.1:10113914",74,152,78
"SPATA2L","s1633_S_HYP_02_ASEReadCounter.table","NW_015090842.1:10113920",85,163,78
"SPATA2L","s1633_S_HYP_02_ASEReadCounter.table","NW_015090842.1:10113937",95,190,95
"SPATA2L","s1633_S_HYP_02_ASEReadCounter.table","NW_015090842.1:10113971",78,171,93
"SPATA2L","s1633_S_HYP_02_ASEReadCounter.table","NW_015090842.1:10113976",67,166,99
"SPATA2L","s1633_S_HYP_02_ASEReadCounter.table","NW_015090842.1:10113985",70,153,83
"SPATA2L","s1633_S_HYP_02_ASEReadCounter.table","NW_015090842.1:10113994",86,177,91
"SPATA2L","s1633_S_HYP_02_ASEReadCounter.table","NW_015090842.1:10114063",64,149,85
"SPATA2L","s1633_S_HYP_02_ASEReadCounter.table","NW_015090842.1:10114066",64,150,86
"SPATA2L","s1633_S_HYP_02_ASEReadCounter.table","NW_015090842.1:10114069",70,155,85
"SPATA2L","s1633_S_HYP_02_ASEReadCounter.table","NW_015090842.1:10114159",36,93,57
"SPATA2L","s1633_S_HYP_02_ASEReadCounter.table","NW_015090842.1:10114262",117,117,0
"SPATA2L","s1633_S_HYP_02_ASEReadCounter.table","NW_015090842.1:10114470",28,88,60
"SPATA2L","s1633_S_HYP_02_ASEReadCounter.table","NW_015090842.1:10114524",17,68,51
"VPS9D1","s1633_S_HYP_02_ASEReadCounter.table","NW_015090842.1:10116377",22,70,48
"VPS9D1","s1633_S_HYP_02_ASEReadCounter.table","NW_015090842.1:10116415",24,76,52
"VPS9D1","s1633_S_HYP_02_ASEReadCounter.table","NW_015090842.1:10116607",27,74,47
"VPS9D1","s1633_S_HYP_02_ASEReadCounter.table","NW_015090842.1:10116821",15,58,43
"VPS9D1","s1633_S_HYP_02_ASEReadCounter.table","NW_015090842.1:10116825",16,53,37
"VPS9D1","s1633_S_HYP_02_ASEReadCounter.table","NW_015090842.1:10116882",14,49,35
"VPS9D1","s1633_S_HYP_02_ASEReadCounter.table","NW_015090842.1:10116933",25,64,39
"VPS9D1","s1633_S_HYP_02_ASEReadCounter.table","NW_015090842.1:10116942",28,69,41
"VPS9D1","s1633_S_HYP_02_ASEReadCounter.table","NW_015090842.1:10117152",22,56,34
"VPS9D1","s1633_S_HYP_02_ASEReadCounter.table","NW_015090842.1:10117480",15,38,23
"VPS9D1","s1633_S_HYP_02_ASEReadCounter.table","NW_015090842.1:10117497",14,27,13
"VPS9D1","s1633_S_HYP_02_ASEReadCounter.table","NW_015090842.1:10117499",13,26,13
"VPS9D1","s1633_S_HYP_02_ASEReadCounter.table","NW_015090842.1:10117516",14,31,17
"VPS9D1","s1633_S_HYP_02_ASEReadCounter.table","NW_015090842.1:10117525",16,31,15
"VPS9D1","s1633_S_HYP_02_ASEReadCounter.table","NW_015090842.1:10117579",9,31,22
"VPS9D1","s1633_S_HYP_02_ASEReadCounter.table","NW_015090842.1:10117627",12,38,26
"VPS9D1","s1633_S_HYP_02_ASEReadCounter.table","NW_015090842.1:10117678",5,31,26
"VPS9D1","s1633_S_HYP_02_ASEReadCounter.table","NW_015090842.1:10117773",21,59,38
"VPS9D1","s1633_S_HYP_02_ASEReadCounter.table","NW_015090842.1:10117937",27,64,37
"VPS9D1","s1633_S_HYP_02_ASEReadCounter.table","NW_015090842.1:10117961",27,65,38
"VPS9D1","s1633_S_HYP_02_ASEReadCounter.table","NW_015090842.1:10118236",22,66,44
"VPS9D1","s1633_S_HYP_02_ASEReadCounter.table","NW_015090842.1:10118414",23,59,36
"VPS9D1","s1633_S_HYP_02_ASEReadCounter.table","NW_015090842.1:10118973",16,52,36
"VPS9D1","s1633_S_HYP_02_ASEReadCounter.table","NW_015090842.1:10119500",14,44,30
"ZNF276","s1633_S_HYP_02_ASEReadCounter.table","NW_015090842.1:10121760",2,8,6
"ZNF276","s1633_S_HYP_02_ASEReadCounter.table","NW_015090842.1:10121769",2,9,7
"ZNF276","s1633_S_HYP_02_ASEReadCounter.table","NW_015090842.1:10121802",2,10,8
"ZNF276","s1633_S_HYP_02_ASEReadCounter.table","NW_015090842.1:10121971",9,17,8
"ZNF276","s1633_S_HYP_02_ASEReadCounter.table","NW_015090842.1:10122161",16,16,0
"ZNF276","s1633_S_HYP_02_ASEReadCounter.table","NW_015090842.1:10122164",16,16,0
"ZNF276","s1633_S_HYP_02_ASEReadCounter.table","NW_015090842.1:10122184",17,17,0
"ZNF276","s1633_S_HYP_02_ASEReadCounter.table","NW_015090842.1:10122883",3,6,3
"ZNF276","s1633_S_HYP_02_ASEReadCounter.table","NW_015090842.1:10122997",6,12,6
"ZNF276","s1633_S_HYP_02_ASEReadCounter.table","NW_015090842.1:10123069",9,14,5
"ZNF276","s1633_S_HYP_02_ASEReadCounter.table","NW_015090842.1:10123207",15,31,16
"ZNF276","s1633_S_HYP_02_ASEReadCounter.table","NW_015090842.1:10125787",17,40,23
"ZNF276","s1633_S_HYP_02_ASEReadCounter.table","NW_015090842.1:10126309",13,37,24
"ZNF276","s1633_S_HYP_02_ASEReadCounter.table","NW_015090842.1:10126348",16,44,28
"ZNF276","s1633_S_HYP_02_ASEReadCounter.table","NW_015090842.1:10126978",26,59,33
"ZNF276","s1633_S_HYP_02_ASEReadCounter.table","NW_015090842.1:10126991",25,54,29
"ZNF276","s1633_S_HYP_02_ASEReadCounter.table","NW_015090842.1:10127023",27,59,32
"ZNF276","s1633_S_HYP_02_ASEReadCounter.table","NW_015090842.1:10127063",23,54,31
"ZNF276","s1633_S_HYP_02_ASEReadCounter.table","NW_015090842.1:10127373",21,51,30
"ZNF276","s1633_S_HYP_02_ASEReadCounter.table","NW_015090842.1:10127931",41,67,26
"ZNF276","s1633_S_HYP_02_ASEReadCounter.table","NW_015090842.1:10128070",43,79,36
"ZNF276","s1633_S_HYP_02_ASEReadCounter.table","NW_015090842.1:10128102",40,81,41
"ZNF276","s1633_S_HYP_02_ASEReadCounter.table","NW_015090842.1:10128356",23,69,46
"ZNF276","s1633_S_HYP_02_ASEReadCounter.table","NW_015090842.1:10128497",22,44,22
"FANCA","s1633_S_HYP_02_ASEReadCounter.table","NW_015090842.1:10128743",0,1,1
"FANCA","s1633_S_HYP_02_ASEReadCounter.table","NW_015090842.1:10128822",3,5,2
"FANCA","s1633_S_HYP_02_ASEReadCounter.table","NW_015090842.1:10129383",1,2,1
"FANCA","s1633_S_HYP_02_ASEReadCounter.table","NW_015090842.1:10129390",1,3,2
"FANCA","s1633_S_HYP_02_ASEReadCounter.table","NW_015090842.1:10129422",1,3,2
"FANCA","s1633_S_HYP_02_ASEReadCounter.table","NW_015090842.1:10130857",1,2,1
"FANCA","s1633_S_HYP_02_ASEReadCounter.table","NW_015090842.1:10130878",1,2,1
"FANCA","s1633_S_HYP_02_ASEReadCounter.table","NW_015090842.1:10133530",1,1,0
"FANCA","s1633_S_HYP_02_ASEReadCounter.table","NW_015090842.1:10133533",1,1,0
"FANCA","s1633_S_HYP_02_ASEReadCounter.table","NW_015090842.1:10133536",1,1,0
"FANCA","s1633_S_HYP_02_ASEReadCounter.table","NW_015090842.1:10133601",1,1,0
"FANCA","s1633_S_HYP_02_ASEReadCounter.table","NW_015090842.1:10136957",1,2,1
"FANCA","s1633_S_HYP_02_ASEReadCounter.table","NW_015090842.1:10136982",2,3,1
"FANCA","s1633_S_HYP_02_ASEReadCounter.table","NW_015090842.1:10136999",2,4,2
"FANCA","s1633_S_HYP_02_ASEReadCounter.table","NW_015090842.1:10137019",2,4,2
"FANCA","s1633_S_HYP_02_ASEReadCounter.table","NW_015090842.1:10137673",0,1,1
"FANCA","s1633_S_HYP_02_ASEReadCounter.table","NW_015090842.1:10138618",0,1,1
"FANCA","s1633_S_HYP_02_ASEReadCounter.table","NW_015090842.1:10140699",0,1,1
"FANCA","s1633_S_HYP_02_ASEReadCounter.table","NW_015090842.1:10145030",0,1,1
"SPIRE2","s1633_S_HYP_02_ASEReadCounter.table","NW_015090842.1:10172284",14,24,10
"SPIRE2","s1633_S_HYP_02_ASEReadCounter.table","NW_015090842.1:10175262",17,32,15
"SPIRE2","s1633_S_HYP_02_ASEReadCounter.table","NW_015090842.1:10175352",10,13,3
"SPIRE2","s1633_S_HYP_02_ASEReadCounter.table","NW_015090842.1:10175400",31,63,32
"SPIRE2","s1633_S_HYP_02_ASEReadCounter.table","NW_015090842.1:10175418",34,68,34
"SPIRE2","s1633_S_HYP_02_ASEReadCounter.table","NW_015090842.1:10175704",34,85,51
"SPIRE2","s1633_S_HYP_02_ASEReadCounter.table","NW_015090842.1:10176115",54,142,88
"SPIRE2","s1633_S_HYP_02_ASEReadCounter.table","NW_015090842.1:10176561",52,139,87
"SPIRE2","s1633_S_HYP_02_ASEReadCounter.table","NW_015090842.1:10176817",64,143,79
"SPIRE2","s1633_S_HYP_02_ASEReadCounter.table","NW_015090842.1:10177084",43,100,57
"SPIRE2","s1633_S_HYP_02_ASEReadCounter.table","NW_015090842.1:10177838",80,180,100
"SPIRE2","s1633_S_HYP_02_ASEReadCounter.table","NW_015090842.1:10178000",96,193,97
"SPIRE2","s1633_S_HYP_02_ASEReadCounter.table","NW_015090842.1:10178164",102,211,109
"SPIRE2","s1633_S_HYP_02_ASEReadCounter.table","NW_015090842.1:10178216",112,238,126
"SPIRE2","s1633_S_HYP_02_ASEReadCounter.table","NW_015090842.1:10178303",115,226,111
"SPIRE2","s1633_S_HYP_02_ASEReadCounter.table","NW_015090842.1:10178403",111,225,114
"SPIRE2","s1633_S_HYP_02_ASEReadCounter.table","NW_015090842.1:10178409",103,207,104
"SPIRE2","s1633_S_HYP_02_ASEReadCounter.table","NW_015090842.1:10178524",115,236,121
"SPIRE2","s1633_S_HYP_02_ASEReadCounter.table","NW_015090842.1:10178526",114,236,122
"SPIRE2","s1633_S_HYP_02_ASEReadCounter.table","NW_015090842.1:10178531",116,239,123
"SPIRE2","s1633_S_HYP_02_ASEReadCounter.table","NW_015090842.1:10178565",109,238,129
"SPIRE2","s1633_S_HYP_02_ASEReadCounter.table","NW_015090842.1:10178587",108,222,114
"SPIRE2","s1633_S_HYP_02_ASEReadCounter.table","NW_015090842.1:10178640",81,184,103
"SPIRE2","s1633_S_HYP_02_ASEReadCounter.table","NW_015090842.1:10178651",98,210,112
"SPIRE2","s1633_S_HYP_02_ASEReadCounter.table","NW_015090842.1:10178682",95,198,103
"TCF25","s1633_S_HYP_02_ASEReadCounter.table","NW_015090842.1:10180912",33,71,38
"TCF25","s1633_S_HYP_02_ASEReadCounter.table","NW_015090842.1:10180924",38,76,38
"TCF25","s1633_S_HYP_02_ASEReadCounter.table","NW_015090842.1:10180931",39,76,37
"TCF25","s1633_S_HYP_02_ASEReadCounter.table","NW_015090842.1:10185332",122,205,83
"TCF25","s1633_S_HYP_02_ASEReadCounter.table","NW_015090842.1:10196561",89,157,68
"TCF25","s1633_S_HYP_02_ASEReadCounter.table","NW_015090842.1:10197399",227,227,0
"MC1R","s1633_S_HYP_02_ASEReadCounter.table","NW_015090842.1:10201853",0,3,3
"MC1R","s1633_S_HYP_02_ASEReadCounter.table","NW_015090842.1:10201986",1,3,2
"TUBB3","s1633_S_HYP_02_ASEReadCounter.table","NW_015090842.1:10205322",1,174,173
"GAS8","s1633_S_HYP_02_ASEReadCounter.table","NW_015090842.1:10228982",16,42,26
"GAS8","s1633_S_HYP_02_ASEReadCounter.table","NW_015090842.1:10229832",17,40,23
"GAS8","s1633_S_HYP_02_ASEReadCounter.table","NW_015090842.1:10232901",28,59,31
"GAS8","s1633_S_HYP_02_ASEReadCounter.table","NW_015090842.1:10232928",33,59,26
"GAS8","s1633_S_HYP_02_ASEReadCounter.table","NW_015090842.1:10232967",41,65,24
"GAS8","s1633_S_HYP_02_ASEReadCounter.table","NW_015090842.1:10233032",24,48,24
"GAS8","s1633_S_HYP_02_ASEReadCounter.table","NW_015090842.1:10233057",26,54,28
"GAS8","s1633_S_HYP_02_ASEReadCounter.table","NW_015090842.1:10233058",26,55,29
"GAS8","s1633_S_HYP_02_ASEReadCounter.table","NW_015090842.1:10233176",28,53,25
"GAS8","s1633_S_HYP_02_ASEReadCounter.table","NW_015090842.1:10233196",29,53,24
"GAS8","s1633_S_HYP_02_ASEReadCounter.table","NW_015090842.1:10233252",23,41,18
"GAS8","s1633_S_HYP_02_ASEReadCounter.table","NW_015090842.1:10233303",8,19,11
"LOC106888094","s1633_S_HYP_02_ASEReadCounter.table","NW_015090842.1:10233334",5,12,7
"LOC106888094","s1633_S_HYP_02_ASEReadCounter.table","NW_015090842.1:10233362",5,16,11
"LOC106888094","s1633_S_HYP_02_ASEReadCounter.table","NW_015090842.1:10233373",5,16,11
"LOC106888094","s1633_S_HYP_02_ASEReadCounter.table","NW_015090842.1:10233388",7,18,11
"LOC106888094","s1633_S_HYP_02_ASEReadCounter.table","NW_015090842.1:10233402",8,18,10
"LOC106888094","s1633_S_HYP_02_ASEReadCounter.table","NW_015090842.1:10233465",10,19,9
"LOC106888094","s1633_S_HYP_02_ASEReadCounter.table","NW_015090842.1:10233803",11,29,18
"LOC106888094","s1633_S_HYP_02_ASEReadCounter.table","NW_015090842.1:10233815",7,24,17
"LOC106888094","s1633_S_HYP_02_ASEReadCounter.table","NW_015090842.1:10235484",2,4,2
"LOC106888094","s1633_S_HYP_02_ASEReadCounter.table","NW_015090842.1:10235611",1,4,3
"LOC106888094","s1633_S_HYP_02_ASEReadCounter.table","NW_015090842.1:10235977",3,3,0
"LOC106888094","s1633_S_HYP_02_ASEReadCounter.table","NW_015090842.1:10236098",2,3,1
"LOC106888094","s1633_S_HYP_02_ASEReadCounter.table","NW_015090842.1:10236161",1,2,1
"LOC106888094","s1633_S_HYP_02_ASEReadCounter.table","NW_015090842.1:10236380",1,1,0
"LOC106888094","s1633_S_HYP_02_ASEReadCounter.table","NW_015090842.1:10236388",1,1,0
"LOC106888094","s1633_S_HYP_02_ASEReadCounter.table","NW_015090842.1:10236425",2,3,1
"LOC106888094","s1633_S_HYP_02_ASEReadCounter.table","NW_015090842.1:10236426",2,3,1
"LOC106888094","s1633_S_HYP_02_ASEReadCounter.table","NW_015090842.1:10236603",3,4,1
"LOC106888173","s1633_S_HYP_02_ASEReadCounter.table","NW_015090842.1:10239596",1,16,15
"LOC106888173","s1633_S_HYP_02_ASEReadCounter.table","NW_015090842.1:10240036",3,37,34
"LOC106888173","s1633_S_HYP_02_ASEReadCounter.table","NW_015090842.1:10240095",4,44,40
"LOC106888173","s1633_S_HYP_02_ASEReadCounter.table","NW_015090842.1:10240280",5,48,43
"LOC106888173","s1633_S_HYP_02_ASEReadCounter.table","NW_015090842.1:10240557",10,43,33
"LOC106888173","s1633_S_HYP_02_ASEReadCounter.table","NW_015090842.1:10240603",9,47,38
"LOC106888173","s1633_S_HYP_02_ASEReadCounter.table","NW_015090842.1:10240609",9,47,38
"LOC106888173","s1633_S_HYP_02_ASEReadCounter.table","NW_015090842.1:10240924",3,35,32
"LOC106888173","s1633_S_HYP_02_ASEReadCounter.table","NW_015090842.1:10241037",2,43,41
"LOC106888173","s1633_S_HYP_02_ASEReadCounter.table","NW_015090842.1:10241046",2,50,48
"LOC106888173","s1633_S_HYP_02_ASEReadCounter.table","NW_015090842.1:10241058",2,52,50
"LOC106888173","s1633_S_HYP_02_ASEReadCounter.table","NW_015090842.1:10241064",5,60,55
"LOC106888173","s1633_S_HYP_02_ASEReadCounter.table","NW_015090842.1:10241163",3,62,59
"LOC106888173","s1633_S_HYP_02_ASEReadCounter.table","NW_015090842.1:10241803",5,51,46
"LOC106888173","s1633_S_HYP_02_ASEReadCounter.table","NW_015090842.1:10241827",5,50,45
"LOC106888173","s1633_S_HYP_02_ASEReadCounter.table","NW_015090842.1:10241869",6,49,43
"LOC106888173","s1633_S_HYP_02_ASEReadCounter.table","NW_015090842.1:10242079",4,55,51
"LOC106888173","s1633_S_HYP_02_ASEReadCounter.table","NW_015090842.1:10242103",5,61,56
"LOC106888173","s1633_S_HYP_02_ASEReadCounter.table","NW_015090842.1:10242157",10,67,57
"LOC106888173","s1633_S_HYP_02_ASEReadCounter.table","NW_015090842.1:10242455",6,69,63
"LOC106888173","s1633_S_HYP_02_ASEReadCounter.table","NW_015090842.1:10242481",5,81,76
"LOC106888173","s1633_S_HYP_02_ASEReadCounter.table","NW_015090842.1:10242590",4,59,55
"LOC106888173","s1633_S_HYP_02_ASEReadCounter.table","NW_015090842.1:10242794",6,62,56
"LOC106888173","s1633_S_HYP_02_ASEReadCounter.table","NW_015090842.1:10242909",9,60,51
"LOC106888173","s1633_S_HYP_02_ASEReadCounter.table","NW_015090842.1:10243094",9,56,47
"LOC106888173","s1633_S_HYP_02_ASEReadCounter.table","NW_015090842.1:10243133",7,49,42
"LOC106888173","s1633_S_HYP_02_ASEReadCounter.table","NW_015090842.1:10243273",7,70,63
"LOC106888173","s1633_S_HYP_02_ASEReadCounter.table","NW_015090842.1:10243278",8,71,63
"LOC106888173","s1633_S_HYP_02_ASEReadCounter.table","NW_015090842.1:10243281",7,70,63
"LOC106888173","s1633_S_HYP_02_ASEReadCounter.table","NW_015090842.1:10243347",31,31,0
"LOC106888173","s1633_S_HYP_02_ASEReadCounter.table","NW_015090842.1:10243353",3,32,29
"LOC106888173","s1633_S_HYP_02_ASEReadCounter.table","NW_015090842.1:10243363",2,21,19
"LOC106888173","s1633_S_HYP_02_ASEReadCounter.table","NW_015090842.1:10243365",2,24,22
"LOC106888173","s1633_S_HYP_02_ASEReadCounter.table","NW_015090842.1:10243529",4,51,47
"LOC106888173","s1633_S_HYP_02_ASEReadCounter.table","NW_015090842.1:10243566",10,72,62
"LOC106888173","s1633_S_HYP_02_ASEReadCounter.table","NW_015090842.1:10243605",12,74,62
"LOC106888173","s1633_S_HYP_02_ASEReadCounter.table","NW_015090842.1:10243614",11,67,56
"LOC106888173","s1633_S_HYP_02_ASEReadCounter.table","NW_015090842.1:10243615",11,67,56
"LOC106888173","s1633_S_HYP_02_ASEReadCounter.table","NW_015090842.1:10243640",8,63,55
"LOC106888173","s1633_S_HYP_02_ASEReadCounter.table","NW_015090842.1:10243680",7,44,37
"LOC106888173","s1633_S_HYP_02_ASEReadCounter.table","NW_015090842.1:10243742",14,63,49
"LOC106888173","s1633_S_HYP_02_ASEReadCounter.table","NW_015090842.1:10243804",10,49,39
"LOC106888173","s1633_S_HYP_02_ASEReadCounter.table","NW_015090842.1:10243913",6,30,24
"LOC106888173","s1633_S_HYP_02_ASEReadCounter.table","NW_015090842.1:10243921",6,25,19
"LOC106888384","s1633_S_HYP_02_ASEReadCounter.table","NW_015090842.1:10251354",0,1,1
"LOC106888384","s1633_S_HYP_02_ASEReadCounter.table","NW_015090842.1:10251358",0,1,1
"LOC106888384","s1633_S_HYP_02_ASEReadCounter.table","NW_015090842.1:10251369",0,1,1
"LOC106888384","s1633_S_HYP_02_ASEReadCounter.table","NW_015090842.1:10251370",0,1,1
"LOC106888384","s1633_S_HYP_02_ASEReadCounter.table","NW_015090842.1:10251375",0,1,1
"LOC106888384","s1633_S_HYP_02_ASEReadCounter.table","NW_015090842.1:10253165",0,2,2
"LOC106888384","s1633_S_HYP_02_ASEReadCounter.table","NW_015090842.1:10253284",1,2,1
"LOC106888384","s1633_S_HYP_02_ASEReadCounter.table","NW_015090842.1:10253605",1,1,0
"LOC106888384","s1633_S_HYP_02_ASEReadCounter.table","NW_015090842.1:10254028",1,1,0
"LOC106888384","s1633_S_HYP_02_ASEReadCounter.table","NW_015090842.1:10254227",2,2,0
"LOC106888384","s1633_S_HYP_02_ASEReadCounter.table","NW_015090842.1:10254233",2,2,0
"LOC106888384","s1633_S_HYP_02_ASEReadCounter.table","NW_015090842.1:10254263",2,2,0
"LOC106888384","s1633_S_HYP_02_ASEReadCounter.table","NW_015090842.1:10254570",1,1,0
"LOC106888384","s1633_S_HYP_02_ASEReadCounter.table","NW_015090842.1:10254647",1,1,0
"LOC106888384","s1633_S_HYP_02_ASEReadCounter.table","NW_015090842.1:10254663",1,1,0
"LOC106888384","s1633_S_HYP_02_ASEReadCounter.table","NW_015090842.1:10254854",1,1,0
"LOC106888384","s1633_S_HYP_02_ASEReadCounter.table","NW_015090842.1:10254891",1,1,0
"LOC106888384","s1633_S_HYP_02_ASEReadCounter.table","NW_015090842.1:10254900",1,1,0
"LOC106888384","s1633_S_HYP_02_ASEReadCounter.table","NW_015090842.1:10254915",1,1,0
"LOC106888384","s1633_S_HYP_02_ASEReadCounter.table","NW_015090842.1:10255077",2,2,0
"LOC106888384","s1633_S_HYP_02_ASEReadCounter.table","NW_015090842.1:10255117",2,2,0
"LOC106888384","s1633_S_HYP_02_ASEReadCounter.table","NW_015090842.1:10255138",2,2,0
"LOC106888384","s1633_S_HYP_02_ASEReadCounter.table","NW_015090842.1:10255139",2,2,0
"LOC106888384","s1633_S_HYP_02_ASEReadCounter.table","NW_015090842.1:10255209",0,1,1
"LOC106888384","s1633_S_HYP_02_ASEReadCounter.table","NW_015090842.1:10255211",1,2,1
"LOC106888384","s1633_S_HYP_02_ASEReadCounter.table","NW_015090842.1:10255236",1,2,1
"LOC106888384","s1633_S_HYP_02_ASEReadCounter.table","NW_015090842.1:10255262",3,4,1
"LOC106888384","s1633_S_HYP_02_ASEReadCounter.table","NW_015090842.1:10255264",3,4,1
"LOC106888384","s1633_S_HYP_02_ASEReadCounter.table","NW_015090842.1:10255306",3,4,1
"LOC106888384","s1633_S_HYP_02_ASEReadCounter.table","NW_015090842.1:10255340",3,3,0
"LOC106888384","s1633_S_HYP_02_ASEReadCounter.table","NW_015090842.1:10255410",2,3,1
"LOC106888384","s1633_S_HYP_02_ASEReadCounter.table","NW_015090842.1:10255449",1,2,1
"LOC106888384","s1633_S_HYP_02_ASEReadCounter.table","NW_015090842.1:10255496",0,1,1
"LOC106888384","s1633_S_HYP_02_ASEReadCounter.table","NW_015090842.1:10255505",1,2,1
"LOC106888384","s1633_S_HYP_02_ASEReadCounter.table","NW_015090842.1:10255531",3,4,1
"LOC106888384","s1633_S_HYP_02_ASEReadCounter.table","NW_015090842.1:10255608",2,2,0
"LOC106888384","s1633_S_HYP_02_ASEReadCounter.table","NW_015090842.1:10255614",2,2,0
"LOC106888384","s1633_S_HYP_02_ASEReadCounter.table","NW_015090842.1:10255704",4,4,0
"LOC106888384","s1633_S_HYP_02_ASEReadCounter.table","NW_015090842.1:10255731",4,4,0
"LOC106888384","s1633_S_HYP_02_ASEReadCounter.table","NW_015090842.1:10255771",1,1,0
"TANGO6","s1633_S_HYP_02_ASEReadCounter.table","NW_015090842.1:10257782",8,11,3
"TANGO6","s1633_S_HYP_02_ASEReadCounter.table","NW_015090842.1:10258162",9,13,4
"TANGO6","s1633_S_HYP_02_ASEReadCounter.table","NW_015090842.1:10258185",10,14,4
"TANGO6","s1633_S_HYP_02_ASEReadCounter.table","NW_015090842.1:10259267",7,13,6
"TANGO6","s1633_S_HYP_02_ASEReadCounter.table","NW_015090842.1:10260250",10,18,8
"TANGO6","s1633_S_HYP_02_ASEReadCounter.table","NW_015090842.1:10260979",13,25,12
"TANGO6","s1633_S_HYP_02_ASEReadCounter.table","NW_015090842.1:10261599",11,15,4
"TANGO6","s1633_S_HYP_02_ASEReadCounter.table","NW_015090842.1:10268425",26,34,8
"TANGO6","s1633_S_HYP_02_ASEReadCounter.table","NW_015090842.1:10269831",21,30,9
"TANGO6","s1633_S_HYP_02_ASEReadCounter.table","NW_015090842.1:10270813",24,37,13
"TANGO6","s1633_S_HYP_02_ASEReadCounter.table","NW_015090842.1:10273952",19,28,9
"TANGO6","s1633_S_HYP_02_ASEReadCounter.table","NW_015090842.1:10273970",23,34,11
"TANGO6","s1633_S_HYP_02_ASEReadCounter.table","NW_015090842.1:10274018",21,30,9
"TANGO6","s1633_S_HYP_02_ASEReadCounter.table","NW_015090842.1:10275974",22,38,16
"TANGO6","s1633_S_HYP_02_ASEReadCounter.table","NW_015090842.1:10275976",22,37,15
"TANGO6","s1633_S_HYP_02_ASEReadCounter.table","NW_015090842.1:10276123",24,39,15
"TANGO6","s1633_S_HYP_02_ASEReadCounter.table","NW_015090842.1:10276271",35,52,17
"TANGO6","s1633_S_HYP_02_ASEReadCounter.table","NW_015090842.1:10276272",35,53,18
"TANGO6","s1633_S_HYP_02_ASEReadCounter.table","NW_015090842.1:10276275",39,57,18
"TANGO6","s1633_S_HYP_02_ASEReadCounter.table","NW_015090842.1:10276278",38,56,18
"TANGO6","s1633_S_HYP_02_ASEReadCounter.table","NW_015090842.1:10276368",19,31,12
"TANGO6","s1633_S_HYP_02_ASEReadCounter.table","NW_015090842.1:10276373",15,27,12
"TANGO6","s1633_S_HYP_02_ASEReadCounter.table","NW_015090842.1:10276630",28,44,16
"TANGO6","s1633_S_HYP_02_ASEReadCounter.table","NW_015090842.1:10281498",36,57,21
"TANGO6","s1633_S_HYP_02_ASEReadCounter.table","NW_015090842.1:10282842",42,67,25
"TANGO6","s1633_S_HYP_02_ASEReadCounter.table","NW_015090842.1:10282863",35,51,16
"TANGO6","s1633_S_HYP_02_ASEReadCounter.table","NW_015090842.1:10282869",35,53,18
"TANGO6","s1633_S_HYP_02_ASEReadCounter.table","NW_015090842.1:10282903",42,67,25
"TANGO6","s1633_S_HYP_02_ASEReadCounter.table","NW_015090842.1:10283757",69,88,19
"TANGO6","s1633_S_HYP_02_ASEReadCounter.table","NW_015090842.1:10283785",61,83,22
"HAS3","s1633_S_HYP_02_ASEReadCounter.table","NW_015090842.1:10288274",0,1,1
"HAS3","s1633_S_HYP_02_ASEReadCounter.table","NW_015090842.1:10288364",0,2,2
"HAS3","s1633_S_HYP_02_ASEReadCounter.table","NW_015090842.1:10288405",0,1,1
"HAS3","s1633_S_HYP_02_ASEReadCounter.table","NW_015090842.1:10289469",0,1,1
"HAS3","s1633_S_HYP_02_ASEReadCounter.table","NW_015090842.1:10289708",1,2,1
"HAS3","s1633_S_HYP_02_ASEReadCounter.table","NW_015090842.1:10290375",0,4,4
"HAS3","s1633_S_HYP_02_ASEReadCounter.table","NW_015090842.1:10290395",0,3,3
"HAS3","s1633_S_HYP_02_ASEReadCounter.table","NW_015090842.1:10290561",0,4,4
"HAS3","s1633_S_HYP_02_ASEReadCounter.table","NW_015090842.1:10290609",1,3,2
"HAS3","s1633_S_HYP_02_ASEReadCounter.table","NW_015090842.1:10290666",1,4,3
"HAS3","s1633_S_HYP_02_ASEReadCounter.table","NW_015090842.1:10290723",2,6,4
"HAS3","s1633_S_HYP_02_ASEReadCounter.table","NW_015090842.1:10290927",3,5,2
"HAS3","s1633_S_HYP_02_ASEReadCounter.table","NW_015090842.1:10291004",2,7,5
"CHTF8","s1633_S_HYP_02_ASEReadCounter.table","NW_015090842.1:10291319",6,9,3
"CHTF8","s1633_S_HYP_02_ASEReadCounter.table","NW_015090842.1:10291342",6,9,3
"CHTF8","s1633_S_HYP_02_ASEReadCounter.table","NW_015090842.1:10291491",4,9,5
"CHTF8","s1633_S_HYP_02_ASEReadCounter.table","NW_015090842.1:10291520",7,17,10
"CHTF8","s1633_S_HYP_02_ASEReadCounter.table","NW_015090842.1:10291593",9,20,11
"CHTF8","s1633_S_HYP_02_ASEReadCounter.table","NW_015090842.1:10291600",8,17,9
"CHTF8","s1633_S_HYP_02_ASEReadCounter.table","NW_015090842.1:10291609",5,12,7
"CHTF8","s1633_S_HYP_02_ASEReadCounter.table","NW_015090842.1:10291639",8,15,7
"CHTF8","s1633_S_HYP_02_ASEReadCounter.table","NW_015090842.1:10291641",8,15,7
"CHTF8","s1633_S_HYP_02_ASEReadCounter.table","NW_015090842.1:10291648",8,16,8
"CHTF8","s1633_S_HYP_02_ASEReadCounter.table","NW_015090842.1:10291656",8,16,8
"CHTF8","s1633_S_HYP_02_ASEReadCounter.table","NW_015090842.1:10291675",10,19,9
"CHTF8","s1633_S_HYP_02_ASEReadCounter.table","NW_015090842.1:10291696",7,17,10
"CHTF8","s1633_S_HYP_02_ASEReadCounter.table","NW_015090842.1:10291714",5,16,11
"CHTF8","s1633_S_HYP_02_ASEReadCounter.table","NW_015090842.1:10291732",8,18,10
"CHTF8","s1633_S_HYP_02_ASEReadCounter.table","NW_015090842.1:10291755",6,14,8
"CHTF8","s1633_S_HYP_02_ASEReadCounter.table","NW_015090842.1:10291756",6,14,8
"CHTF8","s1633_S_HYP_02_ASEReadCounter.table","NW_015090842.1:10291758",6,14,8
"CHTF8","s1633_S_HYP_02_ASEReadCounter.table","NW_015090842.1:10291792",7,13,6
"CHTF8","s1633_S_HYP_02_ASEReadCounter.table","NW_015090842.1:10291895",8,16,8
"CHTF8","s1633_S_HYP_02_ASEReadCounter.table","NW_015090842.1:10292132",4,8,4
"CHTF8","s1633_S_HYP_02_ASEReadCounter.table","NW_015090842.1:10292314",6,8,2
"CHTF8","s1633_S_HYP_02_ASEReadCounter.table","NW_015090842.1:10292317",5,7,2
"CHTF8","s1633_S_HYP_02_ASEReadCounter.table","NW_015090842.1:10292928",1,2,1
"UTP4","s1633_S_HYP_02_ASEReadCounter.table","NW_015090842.1:10293146",2,6,4
"UTP4","s1633_S_HYP_02_ASEReadCounter.table","NW_015090842.1:10293151",2,6,4
"UTP4","s1633_S_HYP_02_ASEReadCounter.table","NW_015090842.1:10293191",1,5,4
"UTP4","s1633_S_HYP_02_ASEReadCounter.table","NW_015090842.1:10293362",3,11,8
"UTP4","s1633_S_HYP_02_ASEReadCounter.table","NW_015090842.1:10293430",5,12,7
"UTP4","s1633_S_HYP_02_ASEReadCounter.table","NW_015090842.1:10293625",6,12,6
"UTP4","s1633_S_HYP_02_ASEReadCounter.table","NW_015090842.1:10293684",8,12,4
"UTP4","s1633_S_HYP_02_ASEReadCounter.table","NW_015090842.1:10294093",9,14,5
"UTP4","s1633_S_HYP_02_ASEReadCounter.table","NW_015090842.1:10294568",9,19,10
"UTP4","s1633_S_HYP_02_ASEReadCounter.table","NW_015090842.1:10294622",8,15,7
"UTP4","s1633_S_HYP_02_ASEReadCounter.table","NW_015090842.1:10294632",9,16,7
"UTP4","s1633_S_HYP_02_ASEReadCounter.table","NW_015090842.1:10295238",9,21,12
"UTP4","s1633_S_HYP_02_ASEReadCounter.table","NW_015090842.1:10295880",13,22,9
"UTP4","s1633_S_HYP_02_ASEReadCounter.table","NW_015090842.1:10295884",13,22,9
"UTP4","s1633_S_HYP_02_ASEReadCounter.table","NW_015090842.1:10295903",12,20,8
"UTP4","s1633_S_HYP_02_ASEReadCounter.table","NW_015090842.1:10295906",12,19,7
"UTP4","s1633_S_HYP_02_ASEReadCounter.table","NW_015090842.1:10295915",12,20,8
"UTP4","s1633_S_HYP_02_ASEReadCounter.table","NW_015090842.1:10295938",8,14,6
"UTP4","s1633_S_HYP_02_ASEReadCounter.table","NW_015090842.1:10296175",6,19,13
"UTP4","s1633_S_HYP_02_ASEReadCounter.table","NW_015090842.1:10296660",7,22,15
"UTP4","s1633_S_HYP_02_ASEReadCounter.table","NW_015090842.1:10296679",6,16,10
"UTP4","s1633_S_HYP_02_ASEReadCounter.table","NW_015090842.1:10297193",15,36,21
"UTP4","s1633_S_HYP_02_ASEReadCounter.table","NW_015090842.1:10297220",19,39,20
"UTP4","s1633_S_HYP_02_ASEReadCounter.table","NW_015090842.1:10297307",37,64,27
"UTP4","s1633_S_HYP_02_ASEReadCounter.table","NW_015090842.1:10297558",31,62,31
"UTP4","s1633_S_HYP_02_ASEReadCounter.table","NW_015090842.1:10297943",24,55,31
"UTP4","s1633_S_HYP_02_ASEReadCounter.table","NW_015090842.1:10297979",24,52,28
"UTP4","s1633_S_HYP_02_ASEReadCounter.table","NW_015090842.1:10298022",19,39,20
"UTP4","s1633_S_HYP_02_ASEReadCounter.table","NW_015090842.1:10298079",6,17,11
"UTP4","s1633_S_HYP_02_ASEReadCounter.table","NW_015090842.1:10298081",5,16,11
"UTP4","s1633_S_HYP_02_ASEReadCounter.table","NW_015090842.1:10298082",5,17,12
"SNTB2","s1633_S_HYP_02_ASEReadCounter.table","NW_015090842.1:10303506",7,8,1
"SNTB2","s1633_S_HYP_02_ASEReadCounter.table","NW_015090842.1:10303524",6,7,1
"SNTB2","s1633_S_HYP_02_ASEReadCounter.table","NW_015090842.1:10304059",3,6,3
"SNTB2","s1633_S_HYP_02_ASEReadCounter.table","NW_015090842.1:10304089",2,4,2
"SNTB2","s1633_S_HYP_02_ASEReadCounter.table","NW_015090842.1:10304167",3,5,2
"SNTB2","s1633_S_HYP_02_ASEReadCounter.table","NW_015090842.1:10304176",3,5,2
"SNTB2","s1633_S_HYP_02_ASEReadCounter.table","NW_015090842.1:10305069",4,7,3
"SNTB2","s1633_S_HYP_02_ASEReadCounter.table","NW_015090842.1:10305099",1,4,3
"SNTB2","s1633_S_HYP_02_ASEReadCounter.table","NW_015090842.1:10305451",2,2,0
"SNTB2","s1633_S_HYP_02_ASEReadCounter.table","NW_015090842.1:10305547",1,2,1
"SNTB2","s1633_S_HYP_02_ASEReadCounter.table","NW_015090842.1:10305847",5,8,3
"SNTB2","s1633_S_HYP_02_ASEReadCounter.table","NW_015090842.1:10305911",3,4,1
"SNTB2","s1633_S_HYP_02_ASEReadCounter.table","NW_015090842.1:10306173",8,12,4
"SNTB2","s1633_S_HYP_02_ASEReadCounter.table","NW_015090842.1:10306275",6,8,2
"SNTB2","s1633_S_HYP_02_ASEReadCounter.table","NW_015090842.1:10306457",6,9,3
"SNTB2","s1633_S_HYP_02_ASEReadCounter.table","NW_015090842.1:10306496",6,9,3
"SNTB2","s1633_S_HYP_02_ASEReadCounter.table","NW_015090842.1:10306499",7,10,3
"VPS4A","s1633_S_HYP_02_ASEReadCounter.table","NW_015090842.1:10308566",43,92,49
"VPS4A","s1633_S_HYP_02_ASEReadCounter.table","NW_015090842.1:10308573",46,95,49
"VPS4A","s1633_S_HYP_02_ASEReadCounter.table","NW_015090842.1:10308856",62,144,82
"VPS4A","s1633_S_HYP_02_ASEReadCounter.table","NW_015090842.1:10309056",74,190,116
"VPS4A","s1633_S_HYP_02_ASEReadCounter.table","NW_015090842.1:10309089",94,227,133
"VPS4A","s1633_S_HYP_02_ASEReadCounter.table","NW_015090842.1:10309392",89,201,112
"VPS4A","s1633_S_HYP_02_ASEReadCounter.table","NW_015090842.1:10309413",96,201,105
"VPS4A","s1633_S_HYP_02_ASEReadCounter.table","NW_015090842.1:10309467",100,224,124
"VPS4A","s1633_S_HYP_02_ASEReadCounter.table","NW_015090842.1:10310230",146,316,170
"VPS4A","s1633_S_HYP_02_ASEReadCounter.table","NW_015090842.1:10310425",138,284,146
"VPS4A","s1633_S_HYP_02_ASEReadCounter.table","NW_015090842.1:10310639",142,307,165
"VPS4A","s1633_S_HYP_02_ASEReadCounter.table","NW_015090842.1:10310640",298,298,0
"VPS4A","s1633_S_HYP_02_ASEReadCounter.table","NW_015090842.1:10310687",170,348,178
"VPS4A","s1633_S_HYP_02_ASEReadCounter.table","NW_015090842.1:10310734",161,322,161
"VPS4A","s1633_S_HYP_02_ASEReadCounter.table","NW_015090842.1:10310737",171,337,166
"VPS4A","s1633_S_HYP_02_ASEReadCounter.table","NW_015090842.1:10310746",171,340,169
"VPS4A","s1633_S_HYP_02_ASEReadCounter.table","NW_015090842.1:10310767",182,347,165
"VPS4A","s1633_S_HYP_02_ASEReadCounter.table","NW_015090842.1:10310995",197,388,191
"VPS4A","s1633_S_HYP_02_ASEReadCounter.table","NW_015090842.1:10311004",206,400,194
"VPS4A","s1633_S_HYP_02_ASEReadCounter.table","NW_015090842.1:10311007",219,420,201
"VPS4A","s1633_S_HYP_02_ASEReadCounter.table","NW_015090842.1:10311013",231,427,196
"VPS4A","s1633_S_HYP_02_ASEReadCounter.table","NW_015090842.1:10311022",205,400,195
"VPS4A","s1633_S_HYP_02_ASEReadCounter.table","NW_015090842.1:10311023",208,398,190
"VPS4A","s1633_S_HYP_02_ASEReadCounter.table","NW_015090842.1:10311426",197,422,225
"VPS4A","s1633_S_HYP_02_ASEReadCounter.table","NW_015090842.1:10311489",2,7,5
"VPS4A","s1633_S_HYP_02_ASEReadCounter.table","NW_015090842.1:10311490",2,2,0
"VPS4A","s1633_S_HYP_02_ASEReadCounter.table","NW_015090842.1:10311525",10,21,11
"VPS4A","s1633_S_HYP_02_ASEReadCounter.table","NW_015090842.1:10311529",12,34,22
"VPS4A","s1633_S_HYP_02_ASEReadCounter.table","NW_015090842.1:10311530",12,37,25
"VPS4A","s1633_S_HYP_02_ASEReadCounter.table","NW_015090842.1:10311552",28,54,26
"VPS4A","s1633_S_HYP_02_ASEReadCounter.table","NW_015090842.1:10311689",38,77,39
"VPS4A","s1633_S_HYP_02_ASEReadCounter.table","NW_015090842.1:10311700",47,87,40
"VPS4A","s1633_S_HYP_02_ASEReadCounter.table","NW_015090842.1:10311701",47,89,42
"VPS4A","s1633_S_HYP_02_ASEReadCounter.table","NW_015090842.1:10311703",47,89,42
"COG8","s1633_S_HYP_02_ASEReadCounter.table","NW_015090842.1:10313487",11,33,22
"COG8","s1633_S_HYP_02_ASEReadCounter.table","NW_015090842.1:10313559",22,47,25
"COG8","s1633_S_HYP_02_ASEReadCounter.table","NW_015090842.1:10313579",28,51,23
"COG8","s1633_S_HYP_02_ASEReadCounter.table","NW_015090842.1:10313665",31,49,18
"COG8","s1633_S_HYP_02_ASEReadCounter.table","NW_015090842.1:10313681",29,52,23
"COG8","s1633_S_HYP_02_ASEReadCounter.table","NW_015090842.1:10313768",32,59,27
"COG8","s1633_S_HYP_02_ASEReadCounter.table","NW_015090842.1:10313775",30,57,27
"COG8","s1633_S_HYP_02_ASEReadCounter.table","NW_015090842.1:10313811",29,52,23
"COG8","s1633_S_HYP_02_ASEReadCounter.table","NW_015090842.1:10313858",24,40,16
"COG8","s1633_S_HYP_02_ASEReadCounter.table","NW_015090842.1:10313859",40,40,0
"COG8","s1633_S_HYP_02_ASEReadCounter.table","NW_015090842.1:10314100",26,50,24
"COG8","s1633_S_HYP_02_ASEReadCounter.table","NW_015090842.1:10314213",22,49,27
"COG8","s1633_S_HYP_02_ASEReadCounter.table","NW_015090842.1:10315093",14,28,14
"COG8","s1633_S_HYP_02_ASEReadCounter.table","NW_015090842.1:10315162",12,31,19
"COG8","s1633_S_HYP_02_ASEReadCounter.table","NW_015090842.1:10315285",14,43,29
"COG8","s1633_S_HYP_02_ASEReadCounter.table","NW_015090842.1:10315360",10,22,12
"COG8","s1633_S_HYP_02_ASEReadCounter.table","NW_015090842.1:10315369",10,24,14
"COG8","s1633_S_HYP_02_ASEReadCounter.table","NW_015090842.1:10315508",6,13,7
"COG8","s1633_S_HYP_02_ASEReadCounter.table","NW_015090842.1:10315624",9,20,11
"COG8","s1633_S_HYP_02_ASEReadCounter.table","NW_015090842.1:10315693",16,21,5
"COG8","s1633_S_HYP_02_ASEReadCounter.table","NW_015090842.1:10315698",16,21,5
"COG8","s1633_S_HYP_02_ASEReadCounter.table","NW_015090842.1:10315768",8,12,4
"COG8","s1633_S_HYP_02_ASEReadCounter.table","NW_015090842.1:10315769",8,12,4
"COG8","s1633_S_HYP_02_ASEReadCounter.table","NW_015090842.1:10315784",10,15,5
"COG8","s1633_S_HYP_02_ASEReadCounter.table","NW_015090842.1:10316093",6,16,10
"COG8","s1633_S_HYP_02_ASEReadCounter.table","NW_015090842.1:10316133",5,10,5
"NIP7","s1633_S_HYP_02_ASEReadCounter.table","NW_015090842.1:10316759",19,40,21
"NIP7","s1633_S_HYP_02_ASEReadCounter.table","NW_015090842.1:10316967",103,203,100
"NIP7","s1633_S_HYP_02_ASEReadCounter.table","NW_015090842.1:10316995",121,231,110
"NIP7","s1633_S_HYP_02_ASEReadCounter.table","NW_015090842.1:10317240",152,304,152
"NIP7","s1633_S_HYP_02_ASEReadCounter.table","NW_015090842.1:10317247",156,301,145
"NIP7","s1633_S_HYP_02_ASEReadCounter.table","NW_015090842.1:10317264",160,297,137
"NIP7","s1633_S_HYP_02_ASEReadCounter.table","NW_015090842.1:10317433",220,434,214
"NIP7","s1633_S_HYP_02_ASEReadCounter.table","NW_015090842.1:10317738",183,406,223
"NIP7","s1633_S_HYP_02_ASEReadCounter.table","NW_015090842.1:10317769",179,397,218
"NIP7","s1633_S_HYP_02_ASEReadCounter.table","NW_015090842.1:10317808",122,295,173
"NIP7","s1633_S_HYP_02_ASEReadCounter.table","NW_015090842.1:10317870",96,223,127
"NIP7","s1633_S_HYP_02_ASEReadCounter.table","NW_015090842.1:10317871",96,222,126
"NIP7","s1633_S_HYP_02_ASEReadCounter.table","NW_015090842.1:10317898",69,162,93
"NIP7","s1633_S_HYP_02_ASEReadCounter.table","NW_015090842.1:10317911",63,141,78
"TMED6","s1633_S_HYP_02_ASEReadCounter.table","NW_015090842.1:10318514",5,6,1
"TMED6","s1633_S_HYP_02_ASEReadCounter.table","NW_015090842.1:10318731",2,3,1
"TERF2","s1633_S_HYP_02_ASEReadCounter.table","NW_015090842.1:10321768",37,77,40
"TERF2","s1633_S_HYP_02_ASEReadCounter.table","NW_015090842.1:10321777",36,76,40
"TERF2","s1633_S_HYP_02_ASEReadCounter.table","NW_015090842.1:10321805",34,82,48
"TERF2","s1633_S_HYP_02_ASEReadCounter.table","NW_015090842.1:10321878",49,114,65
"TERF2","s1633_S_HYP_02_ASEReadCounter.table","NW_015090842.1:10321893",39,101,62
"TERF2","s1633_S_HYP_02_ASEReadCounter.table","NW_015090842.1:10321897",42,96,54
"TERF2","s1633_S_HYP_02_ASEReadCounter.table","NW_015090842.1:10321908",37,87,50
"TERF2","s1633_S_HYP_02_ASEReadCounter.table","NW_015090842.1:10322001",50,120,70
"TERF2","s1633_S_HYP_02_ASEReadCounter.table","NW_015090842.1:10322035",42,104,62
"TERF2","s1633_S_HYP_02_ASEReadCounter.table","NW_015090842.1:10322051",47,121,74
"TERF2","s1633_S_HYP_02_ASEReadCounter.table","NW_015090842.1:10322137",38,102,64
"TERF2","s1633_S_HYP_02_ASEReadCounter.table","NW_015090842.1:10322144",41,106,65
"TERF2","s1633_S_HYP_02_ASEReadCounter.table","NW_015090842.1:10322388",20,87,67
"TERF2","s1633_S_HYP_02_ASEReadCounter.table","NW_015090842.1:10322396",19,80,61
"TERF2","s1633_S_HYP_02_ASEReadCounter.table","NW_015090842.1:10322502",37,91,54
"TERF2","s1633_S_HYP_02_ASEReadCounter.table","NW_015090842.1:10322504",36,92,56
"TERF2","s1633_S_HYP_02_ASEReadCounter.table","NW_015090842.1:10322510",37,90,53
"TERF2","s1633_S_HYP_02_ASEReadCounter.table","NW_015090842.1:10323580",30,65,35
"TERF2","s1633_S_HYP_02_ASEReadCounter.table","NW_015090842.1:10324314",27,61,34
"TERF2","s1633_S_HYP_02_ASEReadCounter.table","NW_015090842.1:10326832",24,52,28
"TERF2","s1633_S_HYP_02_ASEReadCounter.table","NW_015090842.1:10327787",7,28,21
"TERF2","s1633_S_HYP_02_ASEReadCounter.table","NW_015090842.1:10328588",13,25,12
"TERF2","s1633_S_HYP_02_ASEReadCounter.table","NW_015090842.1:10328644",8,20,12
"TERF2","s1633_S_HYP_02_ASEReadCounter.table","NW_015090842.1:10329813",5,12,7
"TERF2","s1633_S_HYP_02_ASEReadCounter.table","NW_015090842.1:10330749",5,14,9
"TERF2","s1633_S_HYP_02_ASEReadCounter.table","NW_015090842.1:10330789",6,16,10
"CYB5B","s1633_S_HYP_02_ASEReadCounter.table","NW_015090842.1:10336595",0,3,3
"CYB5B","s1633_S_HYP_02_ASEReadCounter.table","NW_015090842.1:10336667",33,68,35
"CYB5B","s1633_S_HYP_02_ASEReadCounter.table","NW_015090842.1:10336689",53,99,46
"CYB5B","s1633_S_HYP_02_ASEReadCounter.table","NW_015090842.1:10336728",75,145,70
"CYB5B","s1633_S_HYP_02_ASEReadCounter.table","NW_015090842.1:10345068",71,142,71
"CYB5B","s1633_S_HYP_02_ASEReadCounter.table","NW_015090842.1:10348800",101,215,114
"CYB5B","s1633_S_HYP_02_ASEReadCounter.table","NW_015090842.1:10349046",117,251,134
"CYB5B","s1633_S_HYP_02_ASEReadCounter.table","NW_015090842.1:10349119",71,211,140
"CYB5B","s1633_S_HYP_02_ASEReadCounter.table","NW_015090842.1:10349146",51,197,146
"CYB5B","s1633_S_HYP_02_ASEReadCounter.table","NW_015090842.1:10349157",82,238,156
"CYB5B","s1633_S_HYP_02_ASEReadCounter.table","NW_015090842.1:10349263",232,234,2
