"gene","id","snp","ref_count","total_count","alt_count"
"CENPN","s1633_S_ADR_01_ASEReadCounter.table","NW_015090842.1:5801612",0,5,5
"CENPN","s1633_S_ADR_01_ASEReadCounter.table","NW_015090842.1:5801618",0,8,8
"CENPN","s1633_S_ADR_01_ASEReadCounter.table","NW_015090842.1:5801623",0,8,8
"CENPN","s1633_S_ADR_01_ASEReadCounter.table","NW_015090842.1:5801631",0,7,7
"CENPN","s1633_S_ADR_01_ASEReadCounter.table","NW_015090842.1:5801632",0,8,8
"CENPN","s1633_S_ADR_01_ASEReadCounter.table","NW_015090842.1:5801655",2,8,6
"CENPN","s1633_S_ADR_01_ASEReadCounter.table","NW_015090842.1:5801670",2,8,6
"CENPN","s1633_S_ADR_01_ASEReadCounter.table","NW_015090842.1:5801674",2,9,7
"CENPN","s1633_S_ADR_01_ASEReadCounter.table","NW_015090842.1:5801692",2,7,5
"CENPN","s1633_S_ADR_01_ASEReadCounter.table","NW_015090842.1:5802008",3,12,9
"CENPN","s1633_S_ADR_01_ASEReadCounter.table","NW_015090842.1:5802012",3,12,9
"CENPN","s1633_S_ADR_01_ASEReadCounter.table","NW_015090842.1:5802087",5,21,16
"CENPN","s1633_S_ADR_01_ASEReadCounter.table","NW_015090842.1:5810113",3,3,0
"CENPN","s1633_S_ADR_01_ASEReadCounter.table","NW_015090842.1:5810147",7,7,0
"CENPN","s1633_S_ADR_01_ASEReadCounter.table","NW_015090842.1:5810148",7,7,0
"ATMIN","s1633_S_ADR_01_ASEReadCounter.table","NW_015090842.1:5818789",8,18,10
"ATMIN","s1633_S_ADR_01_ASEReadCounter.table","NW_015090842.1:5819958",11,19,8
"ATMIN","s1633_S_ADR_01_ASEReadCounter.table","NW_015090842.1:5820004",8,20,12
"ATMIN","s1633_S_ADR_01_ASEReadCounter.table","NW_015090842.1:5820217",8,15,7
"ATMIN","s1633_S_ADR_01_ASEReadCounter.table","NW_015090842.1:5820250",10,17,7
"ATMIN","s1633_S_ADR_01_ASEReadCounter.table","NW_015090842.1:5820298",9,13,4
"ATMIN","s1633_S_ADR_01_ASEReadCounter.table","NW_015090842.1:5820417",9,16,7
"ATMIN","s1633_S_ADR_01_ASEReadCounter.table","NW_015090842.1:5820421",10,16,6
"ATMIN","s1633_S_ADR_01_ASEReadCounter.table","NW_015090842.1:5820448",8,14,6
"ATMIN","s1633_S_ADR_01_ASEReadCounter.table","NW_015090842.1:5820457",6,11,5
"ATMIN","s1633_S_ADR_01_ASEReadCounter.table","NW_015090842.1:5820510",7,13,6
"ATMIN","s1633_S_ADR_01_ASEReadCounter.table","NW_015090842.1:5820673",4,11,7
"ATMIN","s1633_S_ADR_01_ASEReadCounter.table","NW_015090842.1:5820754",10,21,11
"ATMIN","s1633_S_ADR_01_ASEReadCounter.table","NW_015090842.1:5820820",10,19,9
"ATMIN","s1633_S_ADR_01_ASEReadCounter.table","NW_015090842.1:5820865",11,16,5
"ATMIN","s1633_S_ADR_01_ASEReadCounter.table","NW_015090842.1:5820889",9,13,4
"ATMIN","s1633_S_ADR_01_ASEReadCounter.table","NW_015090842.1:5820891",9,13,4
"ATMIN","s1633_S_ADR_01_ASEReadCounter.table","NW_015090842.1:5820997",12,21,9
"ATMIN","s1633_S_ADR_01_ASEReadCounter.table","NW_015090842.1:5821063",9,20,11
"ATMIN","s1633_S_ADR_01_ASEReadCounter.table","NW_015090842.1:5821132",9,16,7
"ATMIN","s1633_S_ADR_01_ASEReadCounter.table","NW_015090842.1:5821645",14,22,8
"ATMIN","s1633_S_ADR_01_ASEReadCounter.table","NW_015090842.1:5825066",9,20,11
"ATMIN","s1633_S_ADR_01_ASEReadCounter.table","NW_015090842.1:5825106",6,21,15
"ATMIN","s1633_S_ADR_01_ASEReadCounter.table","NW_015090842.1:5825122",5,20,15
"ATMIN","s1633_S_ADR_01_ASEReadCounter.table","NW_015090842.1:5825178",10,22,12
"ATMIN","s1633_S_ADR_01_ASEReadCounter.table","NW_015090842.1:5825194",15,26,11
"ATMIN","s1633_S_ADR_01_ASEReadCounter.table","NW_015090842.1:5825195",14,25,11
"ATMIN","s1633_S_ADR_01_ASEReadCounter.table","NW_015090842.1:5825220",13,23,10
"ATMIN","s1633_S_ADR_01_ASEReadCounter.table","NW_015090842.1:5825240",15,24,9
"ATMIN","s1633_S_ADR_01_ASEReadCounter.table","NW_015090842.1:5825303",8,22,14
"ATMIN","s1633_S_ADR_01_ASEReadCounter.table","NW_015090842.1:5825304",10,24,14
"ATMIN","s1633_S_ADR_01_ASEReadCounter.table","NW_015090842.1:5825310",10,24,14
"ATMIN","s1633_S_ADR_01_ASEReadCounter.table","NW_015090842.1:5825406",7,15,8
"ATMIN","s1633_S_ADR_01_ASEReadCounter.table","NW_015090842.1:5825415",7,17,10
"ATMIN","s1633_S_ADR_01_ASEReadCounter.table","NW_015090842.1:5825438",12,21,9
"ATMIN","s1633_S_ADR_01_ASEReadCounter.table","NW_015090842.1:5825485",11,24,13
"ATMIN","s1633_S_ADR_01_ASEReadCounter.table","NW_015090842.1:5825524",10,22,12
"ATMIN","s1633_S_ADR_01_ASEReadCounter.table","NW_015090842.1:5825557",16,26,10
"ATMIN","s1633_S_ADR_01_ASEReadCounter.table","NW_015090842.1:5825571",19,31,12
"ATMIN","s1633_S_ADR_01_ASEReadCounter.table","NW_015090842.1:5825579",20,30,10
"ATMIN","s1633_S_ADR_01_ASEReadCounter.table","NW_015090842.1:5825590",16,25,9
"ATMIN","s1633_S_ADR_01_ASEReadCounter.table","NW_015090842.1:5825689",17,30,13
"ATMIN","s1633_S_ADR_01_ASEReadCounter.table","NW_015090842.1:5825703",18,33,15
"ATMIN","s1633_S_ADR_01_ASEReadCounter.table","NW_015090842.1:5825787",24,40,16
"ATMIN","s1633_S_ADR_01_ASEReadCounter.table","NW_015090842.1:5825833",24,42,18
"ATMIN","s1633_S_ADR_01_ASEReadCounter.table","NW_015090842.1:5825841",18,37,19
"ATMIN","s1633_S_ADR_01_ASEReadCounter.table","NW_015090842.1:5825895",17,33,16
"ATMIN","s1633_S_ADR_01_ASEReadCounter.table","NW_015090842.1:5825984",10,29,19
"ATMIN","s1633_S_ADR_01_ASEReadCounter.table","NW_015090842.1:5826162",16,34,18
"ATMIN","s1633_S_ADR_01_ASEReadCounter.table","NW_015090842.1:5826194",13,30,17
"ATMIN","s1633_S_ADR_01_ASEReadCounter.table","NW_015090842.1:5826235",20,42,22
"ATMIN","s1633_S_ADR_01_ASEReadCounter.table","NW_015090842.1:5826245",21,43,22
"ATMIN","s1633_S_ADR_01_ASEReadCounter.table","NW_015090842.1:5826335",6,13,7
"ATMIN","s1633_S_ADR_01_ASEReadCounter.table","NW_015090842.1:5826417",13,25,12
"ATMIN","s1633_S_ADR_01_ASEReadCounter.table","NW_015090842.1:5826431",9,28,19
"ATMIN","s1633_S_ADR_01_ASEReadCounter.table","NW_015090842.1:5826438",11,24,13
"ATMIN","s1633_S_ADR_01_ASEReadCounter.table","NW_015090842.1:5826463",16,35,19
"ATMIN","s1633_S_ADR_01_ASEReadCounter.table","NW_015090842.1:5826502",16,34,18
"ATMIN","s1633_S_ADR_01_ASEReadCounter.table","NW_015090842.1:5826511",18,37,19
"ATMIN","s1633_S_ADR_01_ASEReadCounter.table","NW_015090842.1:5826659",19,33,14
"ATMIN","s1633_S_ADR_01_ASEReadCounter.table","NW_015090842.1:5826701",21,35,14
"ATMIN","s1633_S_ADR_01_ASEReadCounter.table","NW_015090842.1:5826702",20,34,14
"ATMIN","s1633_S_ADR_01_ASEReadCounter.table","NW_015090842.1:5826732",21,36,15
"ATMIN","s1633_S_ADR_01_ASEReadCounter.table","NW_015090842.1:5826745",25,39,14
"ATMIN","s1633_S_ADR_01_ASEReadCounter.table","NW_015090842.1:5826835",30,43,13
"ATMIN","s1633_S_ADR_01_ASEReadCounter.table","NW_015090842.1:5826910",17,29,12
"ATMIN","s1633_S_ADR_01_ASEReadCounter.table","NW_015090842.1:5826942",14,34,20
"ATMIN","s1633_S_ADR_01_ASEReadCounter.table","NW_015090842.1:5827193",28,46,18
"ATMIN","s1633_S_ADR_01_ASEReadCounter.table","NW_015090842.1:5827196",26,45,19
"ATMIN","s1633_S_ADR_01_ASEReadCounter.table","NW_015090842.1:5827269",22,39,17
"ATMIN","s1633_S_ADR_01_ASEReadCounter.table","NW_015090842.1:5827315",16,33,17
"ATMIN","s1633_S_ADR_01_ASEReadCounter.table","NW_015090842.1:5827316",16,33,17
"ATMIN","s1633_S_ADR_01_ASEReadCounter.table","NW_015090842.1:5827333",18,36,18
"PPP1R3E","s1633_S_ADR_01_ASEReadCounter.table","NW_015090842.1:5837733",15,21,6
"PPP1R3E","s1633_S_ADR_01_ASEReadCounter.table","NW_015090842.1:5837947",10,18,8
"PKD1L2","s1633_S_ADR_01_ASEReadCounter.table","NW_015090842.1:5867509",0,1,1
"PKD1L2","s1633_S_ADR_01_ASEReadCounter.table","NW_015090842.1:5867597",2,4,2
"PKD1L2","s1633_S_ADR_01_ASEReadCounter.table","NW_015090842.1:5867600",2,4,2
"PKD1L2","s1633_S_ADR_01_ASEReadCounter.table","NW_015090842.1:5867660",4,5,1
"PKD1L2","s1633_S_ADR_01_ASEReadCounter.table","NW_015090842.1:5867675",3,4,1
"PKD1L2","s1633_S_ADR_01_ASEReadCounter.table","NW_015090842.1:5867788",1,2,1
"PKD1L2","s1633_S_ADR_01_ASEReadCounter.table","NW_015090842.1:5867843",1,1,0
"BCO1","s1633_S_ADR_01_ASEReadCounter.table","NW_015090842.1:5915610",0,2,2
"BCO1","s1633_S_ADR_01_ASEReadCounter.table","NW_015090842.1:5915646",0,2,2
"BCO1","s1633_S_ADR_01_ASEReadCounter.table","NW_015090842.1:5917836",0,4,4
"BCO1","s1633_S_ADR_01_ASEReadCounter.table","NW_015090842.1:5917912",26,40,14
"BCO1","s1633_S_ADR_01_ASEReadCounter.table","NW_015090842.1:5917941",38,59,21
"BCO1","s1633_S_ADR_01_ASEReadCounter.table","NW_015090842.1:5917971",40,63,23
"BCO1","s1633_S_ADR_01_ASEReadCounter.table","NW_015090842.1:5921679",45,65,20
"BCO1","s1633_S_ADR_01_ASEReadCounter.table","NW_015090842.1:5921726",45,65,20
"BCO1","s1633_S_ADR_01_ASEReadCounter.table","NW_015090842.1:5925669",28,41,13
"BCO1","s1633_S_ADR_01_ASEReadCounter.table","NW_015090842.1:5925753",33,50,17
"BCO1","s1633_S_ADR_01_ASEReadCounter.table","NW_015090842.1:5926937",39,60,21
"BCO1","s1633_S_ADR_01_ASEReadCounter.table","NW_015090842.1:5927921",28,49,21
"BCO1","s1633_S_ADR_01_ASEReadCounter.table","NW_015090842.1:5927948",38,63,25
"BCO1","s1633_S_ADR_01_ASEReadCounter.table","NW_015090842.1:5927968",46,72,26
"BCO1","s1633_S_ADR_01_ASEReadCounter.table","NW_015090842.1:5928052",39,63,24
"BCO1","s1633_S_ADR_01_ASEReadCounter.table","NW_015090842.1:5932726",50,79,29
"BCO1","s1633_S_ADR_01_ASEReadCounter.table","NW_015090842.1:5932801",40,61,21
"BCO1","s1633_S_ADR_01_ASEReadCounter.table","NW_015090842.1:5934558",41,52,11
"BCO1","s1633_S_ADR_01_ASEReadCounter.table","NW_015090842.1:5934575",42,55,13
"BCO1","s1633_S_ADR_01_ASEReadCounter.table","NW_015090842.1:5934608",46,60,14
"BCO1","s1633_S_ADR_01_ASEReadCounter.table","NW_015090842.1:5934647",37,52,15
"BCO1","s1633_S_ADR_01_ASEReadCounter.table","NW_015090842.1:5934725",31,46,15
"BCO1","s1633_S_ADR_01_ASEReadCounter.table","NW_015090842.1:5934726",31,46,15
"BCO1","s1633_S_ADR_01_ASEReadCounter.table","NW_015090842.1:5934733",24,35,11
"BCO1","s1633_S_ADR_01_ASEReadCounter.table","NW_015090842.1:5934821",19,26,7
"BCO1","s1633_S_ADR_01_ASEReadCounter.table","NW_015090842.1:5934826",20,30,10
"BCO1","s1633_S_ADR_01_ASEReadCounter.table","NW_015090842.1:5934844",16,25,9
"BCO1","s1633_S_ADR_01_ASEReadCounter.table","NW_015090842.1:5934958",25,39,14
"BCO1","s1633_S_ADR_01_ASEReadCounter.table","NW_015090842.1:5934976",29,44,15
"GAN","s1633_S_ADR_01_ASEReadCounter.table","NW_015090842.1:5953759",8,20,12
"GAN","s1633_S_ADR_01_ASEReadCounter.table","NW_015090842.1:5957502",7,11,4
"GAN","s1633_S_ADR_01_ASEReadCounter.table","NW_015090842.1:5957578",9,16,7
"GAN","s1633_S_ADR_01_ASEReadCounter.table","NW_015090842.1:5965028",8,17,9
"GAN","s1633_S_ADR_01_ASEReadCounter.table","NW_015090842.1:5966047",10,17,7
"GAN","s1633_S_ADR_01_ASEReadCounter.table","NW_015090842.1:5966126",1,8,7
"GAN","s1633_S_ADR_01_ASEReadCounter.table","NW_015090842.1:5966127",1,9,8
"GAN","s1633_S_ADR_01_ASEReadCounter.table","NW_015090842.1:5966162",5,15,10
"GAN","s1633_S_ADR_01_ASEReadCounter.table","NW_015090842.1:5966483",14,18,4
"CMIP","s1633_S_ADR_01_ASEReadCounter.table","NW_015090842.1:6109159",12,22,10
"CMIP","s1633_S_ADR_01_ASEReadCounter.table","NW_015090842.1:6109166",12,21,9
"CMIP","s1633_S_ADR_01_ASEReadCounter.table","NW_015090842.1:6114641",9,19,10
"CMIP","s1633_S_ADR_01_ASEReadCounter.table","NW_015090842.1:6114751",2,10,8
"CMIP","s1633_S_ADR_01_ASEReadCounter.table","NW_015090842.1:6114824",10,17,7
"CMIP","s1633_S_ADR_01_ASEReadCounter.table","NW_015090842.1:6128998",7,13,6
"CMIP","s1633_S_ADR_01_ASEReadCounter.table","NW_015090842.1:6130562",15,33,18
"CMIP","s1633_S_ADR_01_ASEReadCounter.table","NW_015090842.1:6132522",11,22,11
"CMIP","s1633_S_ADR_01_ASEReadCounter.table","NW_015090842.1:6134088",8,12,4
"CMIP","s1633_S_ADR_01_ASEReadCounter.table","NW_015090842.1:6138265",10,19,9
"CMIP","s1633_S_ADR_01_ASEReadCounter.table","NW_015090842.1:6138300",12,21,9
"CMIP","s1633_S_ADR_01_ASEReadCounter.table","NW_015090842.1:6138342",15,30,15
"CMIP","s1633_S_ADR_01_ASEReadCounter.table","NW_015090842.1:6138343",15,31,16
"CMIP","s1633_S_ADR_01_ASEReadCounter.table","NW_015090842.1:6138345",14,31,17
"CMIP","s1633_S_ADR_01_ASEReadCounter.table","NW_015090842.1:6138647",11,22,11
"CMIP","s1633_S_ADR_01_ASEReadCounter.table","NW_015090842.1:6138745",22,38,16
"CMIP","s1633_S_ADR_01_ASEReadCounter.table","NW_015090842.1:6138832",2,12,10
"CMIP","s1633_S_ADR_01_ASEReadCounter.table","NW_015090842.1:6138967",11,29,18
"CMIP","s1633_S_ADR_01_ASEReadCounter.table","NW_015090842.1:6139131",9,17,8
"CMIP","s1633_S_ADR_01_ASEReadCounter.table","NW_015090842.1:6139163",3,11,8
"CMIP","s1633_S_ADR_01_ASEReadCounter.table","NW_015090842.1:6139360",4,5,1
"CMIP","s1633_S_ADR_01_ASEReadCounter.table","NW_015090842.1:6139572",1,1,0
"CMIP","s1633_S_ADR_01_ASEReadCounter.table","NW_015090842.1:6139773",8,8,0
"PLCG2","s1633_S_ADR_01_ASEReadCounter.table","NW_015090842.1:6179613",2,11,9
"PLCG2","s1633_S_ADR_01_ASEReadCounter.table","NW_015090842.1:6179658",4,14,10
"PLCG2","s1633_S_ADR_01_ASEReadCounter.table","NW_015090842.1:6203766",4,12,8
"PLCG2","s1633_S_ADR_01_ASEReadCounter.table","NW_015090842.1:6203775",4,13,9
"PLCG2","s1633_S_ADR_01_ASEReadCounter.table","NW_015090842.1:6203787",4,12,8
"PLCG2","s1633_S_ADR_01_ASEReadCounter.table","NW_015090842.1:6205047",7,26,19
"PLCG2","s1633_S_ADR_01_ASEReadCounter.table","NW_015090842.1:6208541",8,18,10
"PLCG2","s1633_S_ADR_01_ASEReadCounter.table","NW_015090842.1:6209741",6,30,24
"PLCG2","s1633_S_ADR_01_ASEReadCounter.table","NW_015090842.1:6209798",3,22,19
"PLCG2","s1633_S_ADR_01_ASEReadCounter.table","NW_015090842.1:6209816",3,18,15
"PLCG2","s1633_S_ADR_01_ASEReadCounter.table","NW_015090842.1:6217547",6,25,19
"PLCG2","s1633_S_ADR_01_ASEReadCounter.table","NW_015090842.1:6218641",9,23,14
"PLCG2","s1633_S_ADR_01_ASEReadCounter.table","NW_015090842.1:6220552",7,29,22
"PLCG2","s1633_S_ADR_01_ASEReadCounter.table","NW_015090842.1:6221969",7,29,22
"PLCG2","s1633_S_ADR_01_ASEReadCounter.table","NW_015090842.1:6228672",1,24,23
"PLCG2","s1633_S_ADR_01_ASEReadCounter.table","NW_015090842.1:6228694",1,18,17
"PLCG2","s1633_S_ADR_01_ASEReadCounter.table","NW_015090842.1:6228722",3,19,16
"PLCG2","s1633_S_ADR_01_ASEReadCounter.table","NW_015090842.1:6228747",4,27,23
"PLCG2","s1633_S_ADR_01_ASEReadCounter.table","NW_015090842.1:6228835",12,38,26
"PLCG2","s1633_S_ADR_01_ASEReadCounter.table","NW_015090842.1:6228841",12,35,23
"PLCG2","s1633_S_ADR_01_ASEReadCounter.table","NW_015090842.1:6228865",11,31,20
"PLCG2","s1633_S_ADR_01_ASEReadCounter.table","NW_015090842.1:6228917",7,30,23
"PLCG2","s1633_S_ADR_01_ASEReadCounter.table","NW_015090842.1:6228926",4,26,22
"PLCG2","s1633_S_ADR_01_ASEReadCounter.table","NW_015090842.1:6228954",5,20,15
"PLCG2","s1633_S_ADR_01_ASEReadCounter.table","NW_015090842.1:6229002",9,25,16
"PLCG2","s1633_S_ADR_01_ASEReadCounter.table","NW_015090842.1:6229006",8,24,16
"PLCG2","s1633_S_ADR_01_ASEReadCounter.table","NW_015090842.1:6229081",6,17,11
"PLCG2","s1633_S_ADR_01_ASEReadCounter.table","NW_015090842.1:6229097",4,6,2
"PLCG2","s1633_S_ADR_01_ASEReadCounter.table","NW_015090842.1:6229160",3,12,9
"PLCG2","s1633_S_ADR_01_ASEReadCounter.table","NW_015090842.1:6229213",6,16,10
"PLCG2","s1633_S_ADR_01_ASEReadCounter.table","NW_015090842.1:6229231",6,14,8
"PLCG2","s1633_S_ADR_01_ASEReadCounter.table","NW_015090842.1:6229663",8,14,6
"PLCG2","s1633_S_ADR_01_ASEReadCounter.table","NW_015090842.1:6229748",8,15,7
"PLCG2","s1633_S_ADR_01_ASEReadCounter.table","NW_015090842.1:6229892",7,13,6
"PLCG2","s1633_S_ADR_01_ASEReadCounter.table","NW_015090842.1:6230248",2,7,5
"PLCG2","s1633_S_ADR_01_ASEReadCounter.table","NW_015090842.1:6230255",2,7,5
"PLCG2","s1633_S_ADR_01_ASEReadCounter.table","NW_015090842.1:6230296",0,3,3
"PLCG2","s1633_S_ADR_01_ASEReadCounter.table","NW_015090842.1:6230349",4,10,6
"PLCG2","s1633_S_ADR_01_ASEReadCounter.table","NW_015090842.1:6230381",6,12,6
"PLCG2","s1633_S_ADR_01_ASEReadCounter.table","NW_015090842.1:6230408",8,15,7
"PLCG2","s1633_S_ADR_01_ASEReadCounter.table","NW_015090842.1:6230439",6,14,8
"PLCG2","s1633_S_ADR_01_ASEReadCounter.table","NW_015090842.1:6230757",3,3,0
"PLCG2","s1633_S_ADR_01_ASEReadCounter.table","NW_015090842.1:6230758",2,2,0
"PLCG2","s1633_S_ADR_01_ASEReadCounter.table","NW_015090842.1:6230898",5,10,5
"PLCG2","s1633_S_ADR_01_ASEReadCounter.table","NW_015090842.1:6230976",4,14,10
"PLCG2","s1633_S_ADR_01_ASEReadCounter.table","NW_015090842.1:6231078",12,17,5
"PLCG2","s1633_S_ADR_01_ASEReadCounter.table","NW_015090842.1:6231138",17,28,11
"PLCG2","s1633_S_ADR_01_ASEReadCounter.table","NW_015090842.1:6231177",14,21,7
"PLCG2","s1633_S_ADR_01_ASEReadCounter.table","NW_015090842.1:6231263",8,15,7
"PLCG2","s1633_S_ADR_01_ASEReadCounter.table","NW_015090842.1:6231309",4,9,5
"SDR42E1","s1633_S_ADR_01_ASEReadCounter.table","NW_015090842.1:6235292",1,3,2
"SDR42E1","s1633_S_ADR_01_ASEReadCounter.table","NW_015090842.1:6235315",1,4,3
"SDR42E1","s1633_S_ADR_01_ASEReadCounter.table","NW_015090842.1:6235348",0,5,5
"SDR42E1","s1633_S_ADR_01_ASEReadCounter.table","NW_015090842.1:6235355",1,5,4
"SDR42E1","s1633_S_ADR_01_ASEReadCounter.table","NW_015090842.1:6235417",1,9,8
"SDR42E1","s1633_S_ADR_01_ASEReadCounter.table","NW_015090842.1:6235526",17,17,0
"SDR42E1","s1633_S_ADR_01_ASEReadCounter.table","NW_015090842.1:6235558",4,15,11
"SDR42E1","s1633_S_ADR_01_ASEReadCounter.table","NW_015090842.1:6235603",10,10,0
"SDR42E1","s1633_S_ADR_01_ASEReadCounter.table","NW_015090842.1:6235741",6,15,9
"SDR42E1","s1633_S_ADR_01_ASEReadCounter.table","NW_015090842.1:6235777",6,16,10
"SDR42E1","s1633_S_ADR_01_ASEReadCounter.table","NW_015090842.1:6235806",5,18,13
"SDR42E1","s1633_S_ADR_01_ASEReadCounter.table","NW_015090842.1:6235809",5,19,14
"SDR42E1","s1633_S_ADR_01_ASEReadCounter.table","NW_015090842.1:6235816",3,18,15
"SDR42E1","s1633_S_ADR_01_ASEReadCounter.table","NW_015090842.1:6235914",4,14,10
"SDR42E1","s1633_S_ADR_01_ASEReadCounter.table","NW_015090842.1:6235935",3,14,11
"SDR42E1","s1633_S_ADR_01_ASEReadCounter.table","NW_015090842.1:6235957",3,16,13
"SDR42E1","s1633_S_ADR_01_ASEReadCounter.table","NW_015090842.1:6236040",1,12,11
"SDR42E1","s1633_S_ADR_01_ASEReadCounter.table","NW_015090842.1:6236260",3,21,18
"SDR42E1","s1633_S_ADR_01_ASEReadCounter.table","NW_015090842.1:6236281",3,22,19
"SDR42E1","s1633_S_ADR_01_ASEReadCounter.table","NW_015090842.1:6236305",2,22,20
"SDR42E1","s1633_S_ADR_01_ASEReadCounter.table","NW_015090842.1:6236458",3,17,14
"SDR42E1","s1633_S_ADR_01_ASEReadCounter.table","NW_015090842.1:6236476",2,21,19
"SDR42E1","s1633_S_ADR_01_ASEReadCounter.table","NW_015090842.1:6236608",2,16,14
"SDR42E1","s1633_S_ADR_01_ASEReadCounter.table","NW_015090842.1:6238244",2,13,11
"SDR42E1","s1633_S_ADR_01_ASEReadCounter.table","NW_015090842.1:6238829",2,8,6
"HSD17B2","s1633_S_ADR_01_ASEReadCounter.table","NW_015090842.1:6257616",0,2,2
"HSD17B2","s1633_S_ADR_01_ASEReadCounter.table","NW_015090842.1:6257670",0,2,2
"HSD17B2","s1633_S_ADR_01_ASEReadCounter.table","NW_015090842.1:6257684",0,2,2
"HSD17B2","s1633_S_ADR_01_ASEReadCounter.table","NW_015090842.1:6257829",0,1,1
"HSD17B2","s1633_S_ADR_01_ASEReadCounter.table","NW_015090842.1:6262951",0,1,1
"HSD17B2","s1633_S_ADR_01_ASEReadCounter.table","NW_015090842.1:6262974",0,2,2
"HSD17B2","s1633_S_ADR_01_ASEReadCounter.table","NW_015090842.1:6266795",1,2,1
"HSD17B2","s1633_S_ADR_01_ASEReadCounter.table","NW_015090842.1:6266918",1,2,1
"HSD17B2","s1633_S_ADR_01_ASEReadCounter.table","NW_015090842.1:6266944",1,2,1
"HSD17B2","s1633_S_ADR_01_ASEReadCounter.table","NW_015090842.1:6266997",0,3,3
"HSD17B2","s1633_S_ADR_01_ASEReadCounter.table","NW_015090842.1:6267053",0,3,3
"HSD17B2","s1633_S_ADR_01_ASEReadCounter.table","NW_015090842.1:6267196",0,1,1
"HSD17B2","s1633_S_ADR_01_ASEReadCounter.table","NW_015090842.1:6267273",0,1,1
"HSD17B2","s1633_S_ADR_01_ASEReadCounter.table","NW_015090842.1:6267358",1,3,2
"HSD17B2","s1633_S_ADR_01_ASEReadCounter.table","NW_015090842.1:6267674",0,1,1
"HSD17B2","s1633_S_ADR_01_ASEReadCounter.table","NW_015090842.1:6268098",0,4,4
"HSD17B2","s1633_S_ADR_01_ASEReadCounter.table","NW_015090842.1:6268180",0,1,1
"HSD17B2","s1633_S_ADR_01_ASEReadCounter.table","NW_015090842.1:6268203",0,1,1
"ARY2","s1633_S_ADR_01_ASEReadCounter.table","NW_015090842.1:6303922",18,41,23
"ARY2","s1633_S_ADR_01_ASEReadCounter.table","NW_015090842.1:6303954",23,69,46
"ARY2","s1633_S_ADR_01_ASEReadCounter.table","NW_015090842.1:6303979",26,75,49
"ARY2","s1633_S_ADR_01_ASEReadCounter.table","NW_015090842.1:6305848",21,59,38
"ARY2","s1633_S_ADR_01_ASEReadCounter.table","NW_015090842.1:6305856",22,62,40
"ARY2","s1633_S_ADR_01_ASEReadCounter.table","NW_015090842.1:6305857",22,60,38
"ARY2","s1633_S_ADR_01_ASEReadCounter.table","NW_015090842.1:6306017",17,53,36
"ARY2","s1633_S_ADR_01_ASEReadCounter.table","NW_015090842.1:6306052",18,67,49
"ARY2","s1633_S_ADR_01_ASEReadCounter.table","NW_015090842.1:6306094",21,79,58
"ARY2","s1633_S_ADR_01_ASEReadCounter.table","NW_015090842.1:6306100",20,78,58
"ARY2","s1633_S_ADR_01_ASEReadCounter.table","NW_015090842.1:6306146",13,62,49
"ARY2","s1633_S_ADR_01_ASEReadCounter.table","NW_015090842.1:6306147",13,65,52
"ARY2","s1633_S_ADR_01_ASEReadCounter.table","NW_015090842.1:6306390",20,62,42
"ARY2","s1633_S_ADR_01_ASEReadCounter.table","NW_015090842.1:6306567",16,55,39
"ARY2","s1633_S_ADR_01_ASEReadCounter.table","NW_015090842.1:6306705",30,79,49
"ARY2","s1633_S_ADR_01_ASEReadCounter.table","NW_015090842.1:6306713",80,80,0
"ARY2","s1633_S_ADR_01_ASEReadCounter.table","NW_015090842.1:6306773",23,58,35
"ARY2","s1633_S_ADR_01_ASEReadCounter.table","NW_015090842.1:6307039",24,74,50
"ARY2","s1633_S_ADR_01_ASEReadCounter.table","NW_015090842.1:6307043",24,75,51
"ARY2","s1633_S_ADR_01_ASEReadCounter.table","NW_015090842.1:6307093",20,62,42
"ARY2","s1633_S_ADR_01_ASEReadCounter.table","NW_015090842.1:6307138",22,73,51
"ARY2","s1633_S_ADR_01_ASEReadCounter.table","NW_015090842.1:6307157",22,73,51
"ARY2","s1633_S_ADR_01_ASEReadCounter.table","NW_015090842.1:6307187",24,74,50
"ARY2","s1633_S_ADR_01_ASEReadCounter.table","NW_015090842.1:6307278",18,47,29
"ARY2","s1633_S_ADR_01_ASEReadCounter.table","NW_015090842.1:6307305",15,51,36
"ARY2","s1633_S_ADR_01_ASEReadCounter.table","NW_015090842.1:6307318",13,53,40
"ARY2","s1633_S_ADR_01_ASEReadCounter.table","NW_015090842.1:6307429",20,45,25
"ARY2","s1633_S_ADR_01_ASEReadCounter.table","NW_015090842.1:6307487",16,47,31
"ARY2","s1633_S_ADR_01_ASEReadCounter.table","NW_015090842.1:6307670",6,24,18
"ARYL","s1633_S_ADR_01_ASEReadCounter.table","NW_015090842.1:6313360",0,2,2
"ARYL","s1633_S_ADR_01_ASEReadCounter.table","NW_015090842.1:6313377",0,3,3
"ARYL","s1633_S_ADR_01_ASEReadCounter.table","NW_015090842.1:6313767",0,2,2
"ARY1","s1633_S_ADR_01_ASEReadCounter.table","NW_015090842.1:6313909",1,1,0
"ARY1","s1633_S_ADR_01_ASEReadCounter.table","NW_015090842.1:6314541",1,1,0
"ARY1","s1633_S_ADR_01_ASEReadCounter.table","NW_015090842.1:6314597",0,1,1
"ARY1","s1633_S_ADR_01_ASEReadCounter.table","NW_015090842.1:6314750",1,2,1
"ARY1","s1633_S_ADR_01_ASEReadCounter.table","NW_015090842.1:6314794",1,2,1
"ARY1","s1633_S_ADR_01_ASEReadCounter.table","NW_015090842.1:6314827",1,2,1
"ARY1","s1633_S_ADR_01_ASEReadCounter.table","NW_015090842.1:6314843",0,1,1
"ARY1","s1633_S_ADR_01_ASEReadCounter.table","NW_015090842.1:6314859",0,1,1
"ARY1","s1633_S_ADR_01_ASEReadCounter.table","NW_015090842.1:6314886",0,1,1
"ARY1","s1633_S_ADR_01_ASEReadCounter.table","NW_015090842.1:6314943",2,2,0
"ARY1","s1633_S_ADR_01_ASEReadCounter.table","NW_015090842.1:6314949",2,2,0
"ARY1","s1633_S_ADR_01_ASEReadCounter.table","NW_015090842.1:6315022",1,2,1
"ARY1","s1633_S_ADR_01_ASEReadCounter.table","NW_015090842.1:6315026",1,2,1
"ARY1","s1633_S_ADR_01_ASEReadCounter.table","NW_015090842.1:6315043",1,1,0
"ARY1","s1633_S_ADR_01_ASEReadCounter.table","NW_015090842.1:6315065",1,3,2
"ARY1","s1633_S_ADR_01_ASEReadCounter.table","NW_015090842.1:6315409",1,4,3
"ARY1","s1633_S_ADR_01_ASEReadCounter.table","NW_015090842.1:6315479",2,3,1
"ARY1","s1633_S_ADR_01_ASEReadCounter.table","NW_015090842.1:6318342",11,14,3
"ARY1","s1633_S_ADR_01_ASEReadCounter.table","NW_015090842.1:6318427",13,18,5
"ARY1","s1633_S_ADR_01_ASEReadCounter.table","NW_015090842.1:6318603",12,17,5
"ARY1","s1633_S_ADR_01_ASEReadCounter.table","NW_015090842.1:6318708",7,13,6
"ARY1","s1633_S_ADR_01_ASEReadCounter.table","NW_015090842.1:6318858",10,13,3
"ARY1","s1633_S_ADR_01_ASEReadCounter.table","NW_015090842.1:6318952",8,11,3
"MPHOSPH6","s1633_S_ADR_01_ASEReadCounter.table","NW_015090842.1:6324063",27,63,36
"MPHOSPH6","s1633_S_ADR_01_ASEReadCounter.table","NW_015090842.1:6324174",75,133,58
"MPHOSPH6","s1633_S_ADR_01_ASEReadCounter.table","NW_015090842.1:6324270",72,144,72
"MPHOSPH6","s1633_S_ADR_01_ASEReadCounter.table","NW_015090842.1:6324762",85,175,90
"MPHOSPH6","s1633_S_ADR_01_ASEReadCounter.table","NW_015090842.1:6324772",85,168,83
"MPHOSPH6","s1633_S_ADR_01_ASEReadCounter.table","NW_015090842.1:6324780",80,165,85
"MPHOSPH6","s1633_S_ADR_01_ASEReadCounter.table","NW_015090842.1:6324902",96,190,94
"MPHOSPH6","s1633_S_ADR_01_ASEReadCounter.table","NW_015090842.1:6324910",191,191,0
"MPHOSPH6","s1633_S_ADR_01_ASEReadCounter.table","NW_015090842.1:6325066",91,210,119
"MPHOSPH6","s1633_S_ADR_01_ASEReadCounter.table","NW_015090842.1:6325089",123,243,120
"MPHOSPH6","s1633_S_ADR_01_ASEReadCounter.table","NW_015090842.1:6325298",160,315,155
"MPHOSPH6","s1633_S_ADR_01_ASEReadCounter.table","NW_015090842.1:6325877",122,243,121
"MPHOSPH6","s1633_S_ADR_01_ASEReadCounter.table","NW_015090842.1:6326976",91,203,112
"CDH13","s1633_S_ADR_01_ASEReadCounter.table","NW_015090842.1:6662283",27,47,20
"CDH13","s1633_S_ADR_01_ASEReadCounter.table","NW_015090842.1:6693665",20,44,24
"CDH13","s1633_S_ADR_01_ASEReadCounter.table","NW_015090842.1:6693697",21,37,16
"CDH13","s1633_S_ADR_01_ASEReadCounter.table","NW_015090842.1:6693712",19,31,12
"CDH13","s1633_S_ADR_01_ASEReadCounter.table","NW_015090842.1:6693723",17,26,9
"CDH13","s1633_S_ADR_01_ASEReadCounter.table","NW_015090842.1:6693738",22,35,13
"CDH13","s1633_S_ADR_01_ASEReadCounter.table","NW_015090842.1:6823730",29,45,16
"CDH13","s1633_S_ADR_01_ASEReadCounter.table","NW_015090842.1:6889713",32,56,24
"CDH13","s1633_S_ADR_01_ASEReadCounter.table","NW_015090842.1:6955167",30,49,19
"MLYCD","s1633_S_ADR_01_ASEReadCounter.table","NW_015090842.1:7150054",27,56,29
"MLYCD","s1633_S_ADR_01_ASEReadCounter.table","NW_015090842.1:7150131",45,97,52
"MLYCD","s1633_S_ADR_01_ASEReadCounter.table","NW_015090842.1:7150585",28,80,52
"MLYCD","s1633_S_ADR_01_ASEReadCounter.table","NW_015090842.1:7150686",40,79,39
"MLYCD","s1633_S_ADR_01_ASEReadCounter.table","NW_015090842.1:7150696",39,80,41
"MLYCD","s1633_S_ADR_01_ASEReadCounter.table","NW_015090842.1:7150698",80,80,0
"MLYCD","s1633_S_ADR_01_ASEReadCounter.table","NW_015090842.1:7150869",37,82,45
"MLYCD","s1633_S_ADR_01_ASEReadCounter.table","NW_015090842.1:7151100",41,92,51
"MLYCD","s1633_S_ADR_01_ASEReadCounter.table","NW_015090842.1:7151127",44,100,56
"MLYCD","s1633_S_ADR_01_ASEReadCounter.table","NW_015090842.1:7157538",35,82,47
"MLYCD","s1633_S_ADR_01_ASEReadCounter.table","NW_015090842.1:7167662",23,46,23
"MLYCD","s1633_S_ADR_01_ASEReadCounter.table","NW_015090842.1:7167675",22,46,24
"MLYCD","s1633_S_ADR_01_ASEReadCounter.table","NW_015090842.1:7167710",21,43,22
"MLYCD","s1633_S_ADR_01_ASEReadCounter.table","NW_015090842.1:7167781",15,35,20
"MLYCD","s1633_S_ADR_01_ASEReadCounter.table","NW_015090842.1:7167803",13,26,13
"MLYCD","s1633_S_ADR_01_ASEReadCounter.table","NW_015090842.1:7167812",16,30,14
"MLYCD","s1633_S_ADR_01_ASEReadCounter.table","NW_015090842.1:7167845",18,37,19
"MLYCD","s1633_S_ADR_01_ASEReadCounter.table","NW_015090842.1:7167862",18,38,20
"MLYCD","s1633_S_ADR_01_ASEReadCounter.table","NW_015090842.1:7167929",13,35,22
"MLYCD","s1633_S_ADR_01_ASEReadCounter.table","NW_015090842.1:7167995",11,28,17
"MLYCD","s1633_S_ADR_01_ASEReadCounter.table","NW_015090842.1:7168005",11,28,17
"MLYCD","s1633_S_ADR_01_ASEReadCounter.table","NW_015090842.1:7168037",13,28,15
"HSBP1","s1633_S_ADR_01_ASEReadCounter.table","NW_015090842.1:7245192",159,318,159
"HSBP1","s1633_S_ADR_01_ASEReadCounter.table","NW_015090842.1:7245226",181,361,180
"HSBP1","s1633_S_ADR_01_ASEReadCounter.table","NW_015090842.1:7245257",164,322,158
"HSBP1","s1633_S_ADR_01_ASEReadCounter.table","NW_015090842.1:7245296",127,292,165
"HSBP1","s1633_S_ADR_01_ASEReadCounter.table","NW_015090842.1:7245389",226,434,208
"HSBP1","s1633_S_ADR_01_ASEReadCounter.table","NW_015090842.1:7245400",213,405,192
"HSBP1","s1633_S_ADR_01_ASEReadCounter.table","NW_015090842.1:7245445",204,403,199
"HSBP1","s1633_S_ADR_01_ASEReadCounter.table","NW_015090842.1:7245495",197,388,191
"HSBP1","s1633_S_ADR_01_ASEReadCounter.table","NW_015090842.1:7245515",226,428,202
"HSBP1","s1633_S_ADR_01_ASEReadCounter.table","NW_015090842.1:7245733",139,287,148
"HSBP1","s1633_S_ADR_01_ASEReadCounter.table","NW_015090842.1:7245771",168,303,135
"HSBP1","s1633_S_ADR_01_ASEReadCounter.table","NW_015090842.1:7245813",183,312,129
"HSBP1","s1633_S_ADR_01_ASEReadCounter.table","NW_015090842.1:7245926",185,383,198
"HSBP1","s1633_S_ADR_01_ASEReadCounter.table","NW_015090842.1:7245927",184,380,196
"HSBP1","s1633_S_ADR_01_ASEReadCounter.table","NW_015090842.1:7245933",192,378,186
"HSBP1","s1633_S_ADR_01_ASEReadCounter.table","NW_015090842.1:7246002",148,329,181
"HSBP1","s1633_S_ADR_01_ASEReadCounter.table","NW_015090842.1:7246094",207,405,198
"HSBP1","s1633_S_ADR_01_ASEReadCounter.table","NW_015090842.1:7246167",194,388,194
"HSBP1","s1633_S_ADR_01_ASEReadCounter.table","NW_015090842.1:7246183",191,384,193
"HSBP1","s1633_S_ADR_01_ASEReadCounter.table","NW_015090842.1:7247285",40,48,8
"HSBP1","s1633_S_ADR_01_ASEReadCounter.table","NW_015090842.1:7247651",379,825,446
"HSBP1","s1633_S_ADR_01_ASEReadCounter.table","NW_015090842.1:7247657",388,848,460
"HSBP1","s1633_S_ADR_01_ASEReadCounter.table","NW_015090842.1:7248520",268,581,313
"HSBP1","s1633_S_ADR_01_ASEReadCounter.table","NW_015090842.1:7248535",234,484,250
"KCNG4","s1633_S_ADR_01_ASEReadCounter.table","NW_015090842.1:7299491",1,1,0
"KCNG4","s1633_S_ADR_01_ASEReadCounter.table","NW_015090842.1:7301195",1,3,2
"KCNG4","s1633_S_ADR_01_ASEReadCounter.table","NW_015090842.1:7301227",1,3,2
"KCNG4","s1633_S_ADR_01_ASEReadCounter.table","NW_015090842.1:7301240",1,1,0
"KCNG4","s1633_S_ADR_01_ASEReadCounter.table","NW_015090842.1:7301413",2,2,0
"WFDC1","s1633_S_ADR_01_ASEReadCounter.table","NW_015090842.1:7366517",53,53,0
"ATP2C2","s1633_S_ADR_01_ASEReadCounter.table","NW_015090842.1:7413747",0,6,6
"TLDC1","s1633_S_ADR_01_ASEReadCounter.table","NW_015090842.1:7421997",90,183,93
"COTL1","s1633_S_ADR_01_ASEReadCounter.table","NW_015090842.1:7490707",181,353,172
"COTL1","s1633_S_ADR_01_ASEReadCounter.table","NW_015090842.1:7490708",181,357,176
"COTL1","s1633_S_ADR_01_ASEReadCounter.table","NW_015090842.1:7490711",186,365,179
"COTL1","s1633_S_ADR_01_ASEReadCounter.table","NW_015090842.1:7490739",175,342,167
"COTL1","s1633_S_ADR_01_ASEReadCounter.table","NW_015090842.1:7490785",169,321,152
"COTL1","s1633_S_ADR_01_ASEReadCounter.table","NW_015090842.1:7490820",18,219,201
"COTL1","s1633_S_ADR_01_ASEReadCounter.table","NW_015090842.1:7490846",189,345,156
"KLHL36","s1633_S_ADR_01_ASEReadCounter.table","NW_015090842.1:7526337",33,33,0
"KLHL36","s1633_S_ADR_01_ASEReadCounter.table","NW_015090842.1:7537681",37,37,0
"USP10","s1633_S_ADR_01_ASEReadCounter.table","NW_015090842.1:7572213",73,147,74
"USP10","s1633_S_ADR_01_ASEReadCounter.table","NW_015090842.1:7572358",87,87,0
"CRISPLD2","s1633_S_ADR_01_ASEReadCounter.table","NW_015090842.1:7619796",32,82,50
"CRISPLD2","s1633_S_ADR_01_ASEReadCounter.table","NW_015090842.1:7630779",95,95,0
"CRISPLD2","s1633_S_ADR_01_ASEReadCounter.table","NW_015090842.1:7633611",152,152,0
"CRISPLD2","s1633_S_ADR_01_ASEReadCounter.table","NW_015090842.1:7633787",77,156,79
"CRISPLD2","s1633_S_ADR_01_ASEReadCounter.table","NW_015090842.1:7634023",44,83,39
"CRISPLD2","s1633_S_ADR_01_ASEReadCounter.table","NW_015090842.1:7634620",113,114,1
"CRISPLD2","s1633_S_ADR_01_ASEReadCounter.table","NW_015090842.1:7636315",14,23,9
"LOC106888312","s1633_S_ADR_01_ASEReadCounter.table","NW_015090842.1:7732198",1,2,1
"MTHFSD","s1633_S_ADR_01_ASEReadCounter.table","NW_015090842.1:8152578",14,37,23
"DUSP15","s1633_S_ADR_01_ASEReadCounter.table","NW_015090842.1:8422840",1,3,2
"DUSP15","s1633_S_ADR_01_ASEReadCounter.table","NW_015090842.1:8431988",0,3,3
"EMC8","s1633_S_ADR_01_ASEReadCounter.table","NW_015090842.1:8452385",9,22,13
"GINS2","s1633_S_ADR_01_ASEReadCounter.table","NW_015090842.1:8467469",50,50,0
"GINS2","s1633_S_ADR_01_ASEReadCounter.table","NW_015090842.1:8470290",33,62,29
"GINS2","s1633_S_ADR_01_ASEReadCounter.table","NW_015090842.1:8470305",25,49,24
"GINS2","s1633_S_ADR_01_ASEReadCounter.table","NW_015090842.1:8470376",26,60,34
"GINS2","s1633_S_ADR_01_ASEReadCounter.table","NW_015090842.1:8471057",0,5,5
"KIAA0513","s1633_S_ADR_01_ASEReadCounter.table","NW_015090842.1:8674736",219,219,0
"KIAA0513","s1633_S_ADR_01_ASEReadCounter.table","NW_015090842.1:8687268",0,6,6
"KIAA0513","s1633_S_ADR_01_ASEReadCounter.table","NW_015090842.1:8693655",82,82,0
"ZCCHC14","s1633_S_ADR_01_ASEReadCounter.table","NW_015090842.1:8750189",40,40,0
"JPH3","s1633_S_ADR_01_ASEReadCounter.table","NW_015090842.1:8872294",16,28,12
"KLHDC4","s1633_S_ADR_01_ASEReadCounter.table","NW_015090842.1:8891175",91,209,118
"KLHDC4","s1633_S_ADR_01_ASEReadCounter.table","NW_015090842.1:8905251",38,81,43
"KLHDC4","s1633_S_ADR_01_ASEReadCounter.table","NW_015090842.1:8919630",14,22,8
"SLC7A5","s1633_S_ADR_01_ASEReadCounter.table","NW_015090842.1:8940382",69,69,0
"SLC7A5","s1633_S_ADR_01_ASEReadCounter.table","NW_015090842.1:8941818",68,68,0
"SLC7A5","s1633_S_ADR_01_ASEReadCounter.table","NW_015090842.1:8944655",53,53,0
"CA5A","s1633_S_ADR_01_ASEReadCounter.table","NW_015090842.1:8989479",50,137,87
"CA5A","s1633_S_ADR_01_ASEReadCounter.table","NW_015090842.1:8989562",73,159,86
"CA5A","s1633_S_ADR_01_ASEReadCounter.table","NW_015090842.1:8989609",83,174,91
"CA5A","s1633_S_ADR_01_ASEReadCounter.table","NW_015090842.1:8989693",84,213,129
"CA5A","s1633_S_ADR_01_ASEReadCounter.table","NW_015090842.1:8989702",79,194,115
"CA5A","s1633_S_ADR_01_ASEReadCounter.table","NW_015090842.1:8989746",79,215,136
"CA5A","s1633_S_ADR_01_ASEReadCounter.table","NW_015090842.1:8989880",77,175,98
"CA5A","s1633_S_ADR_01_ASEReadCounter.table","NW_015090842.1:8989885",79,175,96
"CA5A","s1633_S_ADR_01_ASEReadCounter.table","NW_015090842.1:8989929",80,183,103
"CA5A","s1633_S_ADR_01_ASEReadCounter.table","NW_015090842.1:8990002",70,189,119
"CA5A","s1633_S_ADR_01_ASEReadCounter.table","NW_015090842.1:8990004",71,190,119
"CA5A","s1633_S_ADR_01_ASEReadCounter.table","NW_015090842.1:8990005",71,191,120
"CA5A","s1633_S_ADR_01_ASEReadCounter.table","NW_015090842.1:8990017",73,188,115
"CA5A","s1633_S_ADR_01_ASEReadCounter.table","NW_015090842.1:8990043",67,163,96
"CA5A","s1633_S_ADR_01_ASEReadCounter.table","NW_015090842.1:8990080",66,164,98
"CA5A","s1633_S_ADR_01_ASEReadCounter.table","NW_015090842.1:8990084",69,167,98
"CA5A","s1633_S_ADR_01_ASEReadCounter.table","NW_015090842.1:8990090",74,172,98
"CA5A","s1633_S_ADR_01_ASEReadCounter.table","NW_015090842.1:8990095",70,163,93
"CA5A","s1633_S_ADR_01_ASEReadCounter.table","NW_015090842.1:8990111",62,155,93
"CA5A","s1633_S_ADR_01_ASEReadCounter.table","NW_015090842.1:8990112",63,151,88
"CA5A","s1633_S_ADR_01_ASEReadCounter.table","NW_015090842.1:8990115",69,157,88
"CA5A","s1633_S_ADR_01_ASEReadCounter.table","NW_015090842.1:8990166",60,130,70
"CA5A","s1633_S_ADR_01_ASEReadCounter.table","NW_015090842.1:8990169",64,135,71
"CA5A","s1633_S_ADR_01_ASEReadCounter.table","NW_015090842.1:8990222",48,103,55
"CA5A","s1633_S_ADR_01_ASEReadCounter.table","NW_015090842.1:8990289",54,135,81
"CA5A","s1633_S_ADR_01_ASEReadCounter.table","NW_015090842.1:8990314",59,137,78
"CA5A","s1633_S_ADR_01_ASEReadCounter.table","NW_015090842.1:8990361",65,136,71
"CA5A","s1633_S_ADR_01_ASEReadCounter.table","NW_015090842.1:8990368",64,126,62
"CA5A","s1633_S_ADR_01_ASEReadCounter.table","NW_015090842.1:8990429",67,141,74
"CA5A","s1633_S_ADR_01_ASEReadCounter.table","NW_015090842.1:8990466",50,108,58
"CA5A","s1633_S_ADR_01_ASEReadCounter.table","NW_015090842.1:8990663",65,149,84
"CA5A","s1633_S_ADR_01_ASEReadCounter.table","NW_015090842.1:8990797",61,119,58
"CA5A","s1633_S_ADR_01_ASEReadCounter.table","NW_015090842.1:8990836",59,128,69
"CA5A","s1633_S_ADR_01_ASEReadCounter.table","NW_015090842.1:8990842",56,121,65
"CA5A","s1633_S_ADR_01_ASEReadCounter.table","NW_015090842.1:8990851",57,122,65
"CA5A","s1633_S_ADR_01_ASEReadCounter.table","NW_015090842.1:8990918",51,108,57
"CA5A","s1633_S_ADR_01_ASEReadCounter.table","NW_015090842.1:8990921",50,108,58
"CA5A","s1633_S_ADR_01_ASEReadCounter.table","NW_015090842.1:8990942",64,126,62
"CA5A","s1633_S_ADR_01_ASEReadCounter.table","NW_015090842.1:8991001",70,151,81
"CA5A","s1633_S_ADR_01_ASEReadCounter.table","NW_015090842.1:8991038",59,147,88
"CA5A","s1633_S_ADR_01_ASEReadCounter.table","NW_015090842.1:8991149",60,142,82
"CA5A","s1633_S_ADR_01_ASEReadCounter.table","NW_015090842.1:8991176",65,150,85
"CA5A","s1633_S_ADR_01_ASEReadCounter.table","NW_015090842.1:8991241",72,161,89
"CA5A","s1633_S_ADR_01_ASEReadCounter.table","NW_015090842.1:8991262",68,154,86
"CA5A","s1633_S_ADR_01_ASEReadCounter.table","NW_015090842.1:8991316",61,75,14
"CA5A","s1633_S_ADR_01_ASEReadCounter.table","NW_015090842.1:8991319",62,77,15
"CA5A","s1633_S_ADR_01_ASEReadCounter.table","NW_015090842.1:8991330",61,69,8
"CA5A","s1633_S_ADR_01_ASEReadCounter.table","NW_015090842.1:8991334",60,76,16
"CA5A","s1633_S_ADR_01_ASEReadCounter.table","NW_015090842.1:8991362",61,117,56
"CA5A","s1633_S_ADR_01_ASEReadCounter.table","NW_015090842.1:8991368",54,114,60
"CA5A","s1633_S_ADR_01_ASEReadCounter.table","NW_015090842.1:8991390",64,126,62
"CA5A","s1633_S_ADR_01_ASEReadCounter.table","NW_015090842.1:8991395",57,125,68
"CA5A","s1633_S_ADR_01_ASEReadCounter.table","NW_015090842.1:8991422",54,137,83
"CA5A","s1633_S_ADR_01_ASEReadCounter.table","NW_015090842.1:8991467",57,139,82
"CA5A","s1633_S_ADR_01_ASEReadCounter.table","NW_015090842.1:8991576",43,113,70
"CA5A","s1633_S_ADR_01_ASEReadCounter.table","NW_015090842.1:8991587",49,128,79
"CA5A","s1633_S_ADR_01_ASEReadCounter.table","NW_015090842.1:8991655",59,140,81
"CA5A","s1633_S_ADR_01_ASEReadCounter.table","NW_015090842.1:8991717",56,132,76
"CA5A","s1633_S_ADR_01_ASEReadCounter.table","NW_015090842.1:8991726",56,129,73
"CA5A","s1633_S_ADR_01_ASEReadCounter.table","NW_015090842.1:8991799",52,124,72
"CA5A","s1633_S_ADR_01_ASEReadCounter.table","NW_015090842.1:8991809",49,113,64
"CA5A","s1633_S_ADR_01_ASEReadCounter.table","NW_015090842.1:8991848",44,123,79
"CA5A","s1633_S_ADR_01_ASEReadCounter.table","NW_015090842.1:8991849",44,125,81
"CA5A","s1633_S_ADR_01_ASEReadCounter.table","NW_015090842.1:8991927",72,143,71
"CA5A","s1633_S_ADR_01_ASEReadCounter.table","NW_015090842.1:8991941",72,131,59
"CA5A","s1633_S_ADR_01_ASEReadCounter.table","NW_015090842.1:8992121",42,109,67
"CA5A","s1633_S_ADR_01_ASEReadCounter.table","NW_015090842.1:8992224",43,100,57
"CA5A","s1633_S_ADR_01_ASEReadCounter.table","NW_015090842.1:9002570",25,74,49
"CA5A","s1633_S_ADR_01_ASEReadCounter.table","NW_015090842.1:9002600",25,71,46
"CA5A","s1633_S_ADR_01_ASEReadCounter.table","NW_015090842.1:9004312",29,55,26
"CA5A","s1633_S_ADR_01_ASEReadCounter.table","NW_015090842.1:9004556",1,1,0
"CA5A","s1633_S_ADR_01_ASEReadCounter.table","NW_015090842.1:9004620",2,3,1
"CA5A","s1633_S_ADR_01_ASEReadCounter.table","NW_015090842.1:9005116",1,3,2
"CA5A","s1633_S_ADR_01_ASEReadCounter.table","NW_015090842.1:9005120",1,3,2
"CA5A","s1633_S_ADR_01_ASEReadCounter.table","NW_015090842.1:9005140",2,4,2
"CA5A","s1633_S_ADR_01_ASEReadCounter.table","NW_015090842.1:9005152",2,4,2
"CA5A","s1633_S_ADR_01_ASEReadCounter.table","NW_015090842.1:9011011",0,1,1
"CA5A","s1633_S_ADR_01_ASEReadCounter.table","NW_015090842.1:9011194",0,1,1
"BANP","s1633_S_ADR_01_ASEReadCounter.table","NW_015090842.1:9033407",13,30,17
"BANP","s1633_S_ADR_01_ASEReadCounter.table","NW_015090842.1:9033409",12,30,18
"BANP","s1633_S_ADR_01_ASEReadCounter.table","NW_015090842.1:9033420",16,36,20
"BANP","s1633_S_ADR_01_ASEReadCounter.table","NW_015090842.1:9055284",18,39,21
"ZC3H18","s1633_S_ADR_01_ASEReadCounter.table","NW_015090842.1:9528933",14,43,29
"MVD","s1633_S_ADR_01_ASEReadCounter.table","NW_015090842.1:9550690",472,472,0
"MVD","s1633_S_ADR_01_ASEReadCounter.table","NW_015090842.1:9550691",473,473,0
"MVD","s1633_S_ADR_01_ASEReadCounter.table","NW_015090842.1:9550699",557,557,0
"MVD","s1633_S_ADR_01_ASEReadCounter.table","NW_015090842.1:9550701",552,552,0
"MVD","s1633_S_ADR_01_ASEReadCounter.table","NW_015090842.1:9552202",1129,1129,0
"MVD","s1633_S_ADR_01_ASEReadCounter.table","NW_015090842.1:9552223",1018,1018,0
"MVD","s1633_S_ADR_01_ASEReadCounter.table","NW_015090842.1:9552533",877,877,0
"MVD","s1633_S_ADR_01_ASEReadCounter.table","NW_015090842.1:9552644",347,694,347
"PIEZO1","s1633_S_ADR_01_ASEReadCounter.table","NW_015090842.1:9577447",14,25,11
"PIEZO1","s1633_S_ADR_01_ASEReadCounter.table","NW_015090842.1:9579101",13,22,9
"PIEZO1","s1633_S_ADR_01_ASEReadCounter.table","NW_015090842.1:9582630",7,16,9
"PIEZO1","s1633_S_ADR_01_ASEReadCounter.table","NW_015090842.1:9582976",8,12,4
"PIEZO1","s1633_S_ADR_01_ASEReadCounter.table","NW_015090842.1:9583326",9,9,0
"CDT1","s1633_S_ADR_01_ASEReadCounter.table","NW_015090842.1:9596711",2,8,6
"CDT1","s1633_S_ADR_01_ASEReadCounter.table","NW_015090842.1:9597033",23,23,0
"CDT1","s1633_S_ADR_01_ASEReadCounter.table","NW_015090842.1:9597756",6,24,18
"CDT1","s1633_S_ADR_01_ASEReadCounter.table","NW_015090842.1:9598873",23,23,0
"ACSF3","s1633_S_ADR_01_ASEReadCounter.table","NW_015090842.1:9776737",25,41,16
"ACSF3","s1633_S_ADR_01_ASEReadCounter.table","NW_015090842.1:9809639",116,117,1
"ACSF3","s1633_S_ADR_01_ASEReadCounter.table","NW_015090842.1:9834743",74,123,49
"ACSF3","s1633_S_ADR_01_ASEReadCounter.table","NW_015090842.1:9834762",107,108,1
"ACSF3","s1633_S_ADR_01_ASEReadCounter.table","NW_015090842.1:9834852",47,109,62
"ACSF3","s1633_S_ADR_01_ASEReadCounter.table","NW_015090842.1:9834861",37,96,59
"ACSF3","s1633_S_ADR_01_ASEReadCounter.table","NW_015090842.1:9839359",30,62,32
"ACSF3","s1633_S_ADR_01_ASEReadCounter.table","NW_015090842.1:9839378",28,50,22
"ACSF3","s1633_S_ADR_01_ASEReadCounter.table","NW_015090842.1:9839455",34,59,25
"ACSF3","s1633_S_ADR_01_ASEReadCounter.table","NW_015090842.1:9839457",34,58,24
"ACSF3","s1633_S_ADR_01_ASEReadCounter.table","NW_015090842.1:9839489",26,45,19
"ACSF3","s1633_S_ADR_01_ASEReadCounter.table","NW_015090842.1:9839500",13,29,16
"ACSF3","s1633_S_ADR_01_ASEReadCounter.table","NW_015090842.1:9839501",13,28,15
"ACSF3","s1633_S_ADR_01_ASEReadCounter.table","NW_015090842.1:9839504",14,29,15
"ACSF3","s1633_S_ADR_01_ASEReadCounter.table","NW_015090842.1:9839512",12,24,12
"ACSF3","s1633_S_ADR_01_ASEReadCounter.table","NW_015090842.1:9839527",9,18,9
"ACSF3","s1633_S_ADR_01_ASEReadCounter.table","NW_015090842.1:9839533",9,17,8
"ACSF3","s1633_S_ADR_01_ASEReadCounter.table","NW_015090842.1:9839535",9,14,5
"ACSF3","s1633_S_ADR_01_ASEReadCounter.table","NW_015090842.1:9839545",7,12,5
"ACSF3","s1633_S_ADR_01_ASEReadCounter.table","NW_015090842.1:9839550",7,10,3
"ACSF3","s1633_S_ADR_01_ASEReadCounter.table","NW_015090842.1:9839551",7,9,2
"CDH15","s1633_S_ADR_01_ASEReadCounter.table","NW_015090842.1:9848220",1,1,0
"CDH15","s1633_S_ADR_01_ASEReadCounter.table","NW_015090842.1:9848888",0,1,1
"CDH15","s1633_S_ADR_01_ASEReadCounter.table","NW_015090842.1:9850609",1,1,0
"SLC22A31","s1633_S_ADR_01_ASEReadCounter.table","NW_015090842.1:9850797",1,1,0
"SLC22A31","s1633_S_ADR_01_ASEReadCounter.table","NW_015090842.1:9850818",1,1,0
"SLC22A31","s1633_S_ADR_01_ASEReadCounter.table","NW_015090842.1:9851130",10,13,3
"SLC22A31","s1633_S_ADR_01_ASEReadCounter.table","NW_015090842.1:9851139",10,13,3
"SLC22A31","s1633_S_ADR_01_ASEReadCounter.table","NW_015090842.1:9851265",16,31,15
"SLC22A31","s1633_S_ADR_01_ASEReadCounter.table","NW_015090842.1:9851302",13,26,13
"SLC22A31","s1633_S_ADR_01_ASEReadCounter.table","NW_015090842.1:9851303",13,25,12
"SLC22A31","s1633_S_ADR_01_ASEReadCounter.table","NW_015090842.1:9851305",13,26,13
"SLC22A31","s1633_S_ADR_01_ASEReadCounter.table","NW_015090842.1:9851343",11,19,8
"SLC22A31","s1633_S_ADR_01_ASEReadCounter.table","NW_015090842.1:9851344",12,20,8
"SLC22A31","s1633_S_ADR_01_ASEReadCounter.table","NW_015090842.1:9851381",22,34,12
"SLC22A31","s1633_S_ADR_01_ASEReadCounter.table","NW_015090842.1:9851421",29,41,12
"SLC22A31","s1633_S_ADR_01_ASEReadCounter.table","NW_015090842.1:9851526",29,38,9
"SLC22A31","s1633_S_ADR_01_ASEReadCounter.table","NW_015090842.1:9851589",31,44,13
"SLC22A31","s1633_S_ADR_01_ASEReadCounter.table","NW_015090842.1:9851712",41,57,16
"SLC22A31","s1633_S_ADR_01_ASEReadCounter.table","NW_015090842.1:9851899",27,44,17
"SLC22A31","s1633_S_ADR_01_ASEReadCounter.table","NW_015090842.1:9852139",34,44,10
"SLC22A31","s1633_S_ADR_01_ASEReadCounter.table","NW_015090842.1:9852380",35,50,15
"SLC22A31","s1633_S_ADR_01_ASEReadCounter.table","NW_015090842.1:9852431",28,44,16
"SLC22A31","s1633_S_ADR_01_ASEReadCounter.table","NW_015090842.1:9852630",32,38,6
"SLC22A31","s1633_S_ADR_01_ASEReadCounter.table","NW_015090842.1:9852711",23,27,4
"SLC22A31","s1633_S_ADR_01_ASEReadCounter.table","NW_015090842.1:9852742",17,22,5
"SLC22A31","s1633_S_ADR_01_ASEReadCounter.table","NW_015090842.1:9853099",17,23,6
"SLC22A31","s1633_S_ADR_01_ASEReadCounter.table","NW_015090842.1:9853102",18,24,6
"SLC22A31","s1633_S_ADR_01_ASEReadCounter.table","NW_015090842.1:9853421",18,19,1
"SLC22A31","s1633_S_ADR_01_ASEReadCounter.table","NW_015090842.1:9853457",18,19,1
"SLC22A31","s1633_S_ADR_01_ASEReadCounter.table","NW_015090842.1:9853502",19,20,1
"ANKRD11","s1633_S_ADR_01_ASEReadCounter.table","NW_015090842.1:9858863",5,12,7
"ANKRD11","s1633_S_ADR_01_ASEReadCounter.table","NW_015090842.1:9859101",59,115,56
"ANKRD11","s1633_S_ADR_01_ASEReadCounter.table","NW_015090842.1:9859352",54,150,96
"ANKRD11","s1633_S_ADR_01_ASEReadCounter.table","NW_015090842.1:9859381",13,83,70
"ANKRD11","s1633_S_ADR_01_ASEReadCounter.table","NW_015090842.1:9859527",23,56,33
"ANKRD11","s1633_S_ADR_01_ASEReadCounter.table","NW_015090842.1:9859529",23,57,34
"ANKRD11","s1633_S_ADR_01_ASEReadCounter.table","NW_015090842.1:9859679",84,170,86
"ANKRD11","s1633_S_ADR_01_ASEReadCounter.table","NW_015090842.1:9861097",69,130,61
"ANKRD11","s1633_S_ADR_01_ASEReadCounter.table","NW_015090842.1:9862571",49,101,52
"ANKRD11","s1633_S_ADR_01_ASEReadCounter.table","NW_015090842.1:9866071",0,69,69
"ANKRD11","s1633_S_ADR_01_ASEReadCounter.table","NW_015090842.1:9866200",0,59,59
"ANKRD11","s1633_S_ADR_01_ASEReadCounter.table","NW_015090842.1:9867391",37,67,30
"ANKRD11","s1633_S_ADR_01_ASEReadCounter.table","NW_015090842.1:9867472",35,79,44
"ANKRD11","s1633_S_ADR_01_ASEReadCounter.table","NW_015090842.1:9867559",41,90,49
"ANKRD11","s1633_S_ADR_01_ASEReadCounter.table","NW_015090842.1:9867934",45,102,57
"ANKRD11","s1633_S_ADR_01_ASEReadCounter.table","NW_015090842.1:9868093",53,106,53
"ANKRD11","s1633_S_ADR_01_ASEReadCounter.table","NW_015090842.1:9868222",53,86,33
"ANKRD11","s1633_S_ADR_01_ASEReadCounter.table","NW_015090842.1:9868327",52,110,58
"ANKRD11","s1633_S_ADR_01_ASEReadCounter.table","NW_015090842.1:9868414",65,110,45
"ANKRD11","s1633_S_ADR_01_ASEReadCounter.table","NW_015090842.1:9868441",64,106,42
"ANKRD11","s1633_S_ADR_01_ASEReadCounter.table","NW_015090842.1:9868444",64,107,43
"ANKRD11","s1633_S_ADR_01_ASEReadCounter.table","NW_015090842.1:9868519",75,124,49
"ANKRD11","s1633_S_ADR_01_ASEReadCounter.table","NW_015090842.1:9868609",71,131,60
"ANKRD11","s1633_S_ADR_01_ASEReadCounter.table","NW_015090842.1:9868666",74,141,67
"ANKRD11","s1633_S_ADR_01_ASEReadCounter.table","NW_015090842.1:9869431",55,104,49
"ANKRD11","s1633_S_ADR_01_ASEReadCounter.table","NW_015090842.1:9869578",76,128,52
"ANKRD11","s1633_S_ADR_01_ASEReadCounter.table","NW_015090842.1:9869734",71,134,63
"ANKRD11","s1633_S_ADR_01_ASEReadCounter.table","NW_015090842.1:9870070",54,102,48
"ANKRD11","s1633_S_ADR_01_ASEReadCounter.table","NW_015090842.1:9870349",64,107,43
"ANKRD11","s1633_S_ADR_01_ASEReadCounter.table","NW_015090842.1:9870604",65,105,40
"ANKRD11","s1633_S_ADR_01_ASEReadCounter.table","NW_015090842.1:9870613",72,126,54
"ANKRD11","s1633_S_ADR_01_ASEReadCounter.table","NW_015090842.1:9870685",78,154,76
"ANKRD11","s1633_S_ADR_01_ASEReadCounter.table","NW_015090842.1:9870847",60,114,54
"ANKRD11","s1633_S_ADR_01_ASEReadCounter.table","NW_015090842.1:9871103",38,93,55
"ANKRD11","s1633_S_ADR_01_ASEReadCounter.table","NW_015090842.1:9871165",49,109,60
"ANKRD11","s1633_S_ADR_01_ASEReadCounter.table","NW_015090842.1:9871820",28,56,28
"ANKRD11","s1633_S_ADR_01_ASEReadCounter.table","NW_015090842.1:9871994",69,69,0
"ANKRD11","s1633_S_ADR_01_ASEReadCounter.table","NW_015090842.1:9872118",32,67,35
"SPG7","s1633_S_ADR_01_ASEReadCounter.table","NW_015090842.1:10051190",168,304,136
"SPG7","s1633_S_ADR_01_ASEReadCounter.table","NW_015090842.1:10051218",181,335,154
"SPG7","s1633_S_ADR_01_ASEReadCounter.table","NW_015090842.1:10052348",195,356,161
"SPG7","s1633_S_ADR_01_ASEReadCounter.table","NW_015090842.1:10052366",189,355,166
"SPG7","s1633_S_ADR_01_ASEReadCounter.table","NW_015090842.1:10065173",196,371,175
"SPG7","s1633_S_ADR_01_ASEReadCounter.table","NW_015090842.1:10065215",171,314,143
"SPG7","s1633_S_ADR_01_ASEReadCounter.table","NW_015090842.1:10066301",130,250,120
"SPG7","s1633_S_ADR_01_ASEReadCounter.table","NW_015090842.1:10066365",144,264,120
"SPG7","s1633_S_ADR_01_ASEReadCounter.table","NW_015090842.1:10069752",161,312,151
"SPG7","s1633_S_ADR_01_ASEReadCounter.table","NW_015090842.1:10069800",169,342,173
"SPG7","s1633_S_ADR_01_ASEReadCounter.table","NW_015090842.1:10071192",193,391,198
"SPG7","s1633_S_ADR_01_ASEReadCounter.table","NW_015090842.1:10071204",178,358,180
"SPG7","s1633_S_ADR_01_ASEReadCounter.table","NW_015090842.1:10071219",166,344,178
"SPG7","s1633_S_ADR_01_ASEReadCounter.table","NW_015090842.1:10071967",160,314,154
"SPG7","s1633_S_ADR_01_ASEReadCounter.table","NW_015090842.1:10075109",225,431,206
"SPG7","s1633_S_ADR_01_ASEReadCounter.table","NW_015090842.1:10075114",238,440,202
"SPG7","s1633_S_ADR_01_ASEReadCounter.table","NW_015090842.1:10075198",160,329,169
"SPG7","s1633_S_ADR_01_ASEReadCounter.table","NW_015090842.1:10075487",129,265,136
"SPG7","s1633_S_ADR_01_ASEReadCounter.table","NW_015090842.1:10075488",130,268,138
"SPG7","s1633_S_ADR_01_ASEReadCounter.table","NW_015090842.1:10075548",93,199,106
"RPL13","s1633_S_ADR_01_ASEReadCounter.table","NW_015090842.1:10076979",2,5,3
"RPL13","s1633_S_ADR_01_ASEReadCounter.table","NW_015090842.1:10077387",806,1853,1047
"RPL13","s1633_S_ADR_01_ASEReadCounter.table","NW_015090842.1:10077978",1162,2593,1431
"RPL13","s1633_S_ADR_01_ASEReadCounter.table","NW_015090842.1:10077992",1148,2489,1341
"CPNE7","s1633_S_ADR_01_ASEReadCounter.table","NW_015090842.1:10084892",1,1,0
"CPNE7","s1633_S_ADR_01_ASEReadCounter.table","NW_015090842.1:10084921",1,1,0
"CPNE7","s1633_S_ADR_01_ASEReadCounter.table","NW_015090842.1:10084935",1,1,0
"CPNE7","s1633_S_ADR_01_ASEReadCounter.table","NW_015090842.1:10085089",1,1,0
"CPNE7","s1633_S_ADR_01_ASEReadCounter.table","NW_015090842.1:10085096",1,1,0
"CPNE7","s1633_S_ADR_01_ASEReadCounter.table","NW_015090842.1:10088940",0,1,1
"CPNE7","s1633_S_ADR_01_ASEReadCounter.table","NW_015090842.1:10091530",2,4,2
"CPNE7","s1633_S_ADR_01_ASEReadCounter.table","NW_015090842.1:10091875",2,2,0
"CPNE7","s1633_S_ADR_01_ASEReadCounter.table","NW_015090842.1:10091983",2,2,0
"CPNE7","s1633_S_ADR_01_ASEReadCounter.table","NW_015090842.1:10091997",2,2,0
"LOC106888185","s1633_S_ADR_01_ASEReadCounter.table","NW_015090842.1:10094965",3,21,18
"LOC106888185","s1633_S_ADR_01_ASEReadCounter.table","NW_015090842.1:10094966",3,21,18
"LOC106888185","s1633_S_ADR_01_ASEReadCounter.table","NW_015090842.1:10094985",3,20,17
"LOC106888185","s1633_S_ADR_01_ASEReadCounter.table","NW_015090842.1:10095055",2,23,21
"LOC106888185","s1633_S_ADR_01_ASEReadCounter.table","NW_015090842.1:10095062",2,18,16
"LOC106888185","s1633_S_ADR_01_ASEReadCounter.table","NW_015090842.1:10095130",5,31,26
"LOC106888185","s1633_S_ADR_01_ASEReadCounter.table","NW_015090842.1:10095265",63,118,55
"LOC106888185","s1633_S_ADR_01_ASEReadCounter.table","NW_015090842.1:10095586",64,149,85
"LOC106888185","s1633_S_ADR_01_ASEReadCounter.table","NW_015090842.1:10095593",69,150,81
"LOC106888185","s1633_S_ADR_01_ASEReadCounter.table","NW_015090842.1:10095616",68,143,75
"LOC106888185","s1633_S_ADR_01_ASEReadCounter.table","NW_015090842.1:10095662",42,117,75
"LOC106888185","s1633_S_ADR_01_ASEReadCounter.table","NW_015090842.1:10095674",37,107,70
"LOC106888185","s1633_S_ADR_01_ASEReadCounter.table","NW_015090842.1:10095786",47,121,74
"LOC106888185","s1633_S_ADR_01_ASEReadCounter.table","NW_015090842.1:10095831",63,127,64
"LOC106888185","s1633_S_ADR_01_ASEReadCounter.table","NW_015090842.1:10096230",47,123,76
"LOC106888185","s1633_S_ADR_01_ASEReadCounter.table","NW_015090842.1:10096249",54,144,90
"LOC106888185","s1633_S_ADR_01_ASEReadCounter.table","NW_015090842.1:10096272",57,157,100
"LOC106888185","s1633_S_ADR_01_ASEReadCounter.table","NW_015090842.1:10096288",55,154,99
"LOC106888185","s1633_S_ADR_01_ASEReadCounter.table","NW_015090842.1:10097248",47,143,96
"LOC106888185","s1633_S_ADR_01_ASEReadCounter.table","NW_015090842.1:10097265",53,169,116
"LOC106888185","s1633_S_ADR_01_ASEReadCounter.table","NW_015090842.1:10097446",2,23,21
"DPEP1","s1633_S_ADR_01_ASEReadCounter.table","NW_015090842.1:10098017",0,4,4
"DPEP1","s1633_S_ADR_01_ASEReadCounter.table","NW_015090842.1:10098518",1,21,20
"DPEP1","s1633_S_ADR_01_ASEReadCounter.table","NW_015090842.1:10098595",6,17,11
"DPEP1","s1633_S_ADR_01_ASEReadCounter.table","NW_015090842.1:10098597",6,18,12
"DPEP1","s1633_S_ADR_01_ASEReadCounter.table","NW_015090842.1:10098601",7,19,12
"DPEP1","s1633_S_ADR_01_ASEReadCounter.table","NW_015090842.1:10098608",7,18,11
"DPEP1","s1633_S_ADR_01_ASEReadCounter.table","NW_015090842.1:10098630",7,19,12
"DPEP1","s1633_S_ADR_01_ASEReadCounter.table","NW_015090842.1:10098659",8,24,16
"DPEP1","s1633_S_ADR_01_ASEReadCounter.table","NW_015090842.1:10099765",9,25,16
"DPEP1","s1633_S_ADR_01_ASEReadCounter.table","NW_015090842.1:10099985",6,26,20
"DPEP1","s1633_S_ADR_01_ASEReadCounter.table","NW_015090842.1:10099986",6,25,19
"DPEP1","s1633_S_ADR_01_ASEReadCounter.table","NW_015090842.1:10099991",7,24,17
"DPEP1","s1633_S_ADR_01_ASEReadCounter.table","NW_015090842.1:10100044",3,22,19
"DPEP1","s1633_S_ADR_01_ASEReadCounter.table","NW_015090842.1:10100045",3,23,20
"DPEP1","s1633_S_ADR_01_ASEReadCounter.table","NW_015090842.1:10100084",3,19,16
"DPEP1","s1633_S_ADR_01_ASEReadCounter.table","NW_015090842.1:10100295",5,24,19
"DPEP1","s1633_S_ADR_01_ASEReadCounter.table","NW_015090842.1:10100529",4,16,12
"DPEP1","s1633_S_ADR_01_ASEReadCounter.table","NW_015090842.1:10100893",7,27,20
"DPEP1","s1633_S_ADR_01_ASEReadCounter.table","NW_015090842.1:10100902",7,29,22
"DPEP1","s1633_S_ADR_01_ASEReadCounter.table","NW_015090842.1:10101072",3,17,14
"DPEP1","s1633_S_ADR_01_ASEReadCounter.table","NW_015090842.1:10101199",6,23,17
"DPEP1","s1633_S_ADR_01_ASEReadCounter.table","NW_015090842.1:10101483",2,22,20
"DPEP1","s1633_S_ADR_01_ASEReadCounter.table","NW_015090842.1:10101497",5,25,20
"DPEP1","s1633_S_ADR_01_ASEReadCounter.table","NW_015090842.1:10101525",5,29,24
"DPEP1","s1633_S_ADR_01_ASEReadCounter.table","NW_015090842.1:10101875",2,19,17
"DPEP1","s1633_S_ADR_01_ASEReadCounter.table","NW_015090842.1:10101913",2,9,7
"DPEP1","s1633_S_ADR_01_ASEReadCounter.table","NW_015090842.1:10101996",3,13,10
"DPEP1","s1633_S_ADR_01_ASEReadCounter.table","NW_015090842.1:10102014",2,12,10
"DPEP1","s1633_S_ADR_01_ASEReadCounter.table","NW_015090842.1:10102035",2,9,7
"DPEP1","s1633_S_ADR_01_ASEReadCounter.table","NW_015090842.1:10102076",0,1,1
"DPEP1","s1633_S_ADR_01_ASEReadCounter.table","NW_015090842.1:10102077",0,2,2
"CHMP1A","s1633_S_ADR_01_ASEReadCounter.table","NW_015090842.1:10102901",64,159,95
"CHMP1A","s1633_S_ADR_01_ASEReadCounter.table","NW_015090842.1:10102961",71,171,100
"CHMP1A","s1633_S_ADR_01_ASEReadCounter.table","NW_015090842.1:10102996",44,138,94
"CHMP1A","s1633_S_ADR_01_ASEReadCounter.table","NW_015090842.1:10103004",48,143,95
"CHMP1A","s1633_S_ADR_01_ASEReadCounter.table","NW_015090842.1:10103006",48,144,96
"CHMP1A","s1633_S_ADR_01_ASEReadCounter.table","NW_015090842.1:10103052",79,187,108
"CHMP1A","s1633_S_ADR_01_ASEReadCounter.table","NW_015090842.1:10103095",90,193,103
"CHMP1A","s1633_S_ADR_01_ASEReadCounter.table","NW_015090842.1:10103096",89,190,101
"CHMP1A","s1633_S_ADR_01_ASEReadCounter.table","NW_015090842.1:10103152",61,144,83
"CHMP1A","s1633_S_ADR_01_ASEReadCounter.table","NW_015090842.1:10103334",50,118,68
"CHMP1A","s1633_S_ADR_01_ASEReadCounter.table","NW_015090842.1:10103373",23,91,68
"CHMP1A","s1633_S_ADR_01_ASEReadCounter.table","NW_015090842.1:10103408",49,119,70
"CHMP1A","s1633_S_ADR_01_ASEReadCounter.table","NW_015090842.1:10103412",54,128,74
"CHMP1A","s1633_S_ADR_01_ASEReadCounter.table","NW_015090842.1:10103512",60,164,104
"CHMP1A","s1633_S_ADR_01_ASEReadCounter.table","NW_015090842.1:10103513",60,162,102
"CHMP1A","s1633_S_ADR_01_ASEReadCounter.table","NW_015090842.1:10103583",52,113,61
"CHMP1A","s1633_S_ADR_01_ASEReadCounter.table","NW_015090842.1:10103614",53,119,66
"CHMP1A","s1633_S_ADR_01_ASEReadCounter.table","NW_015090842.1:10103657",61,129,68
"CHMP1A","s1633_S_ADR_01_ASEReadCounter.table","NW_015090842.1:10103669",54,122,68
"CHMP1A","s1633_S_ADR_01_ASEReadCounter.table","NW_015090842.1:10103674",52,122,70
"CHMP1A","s1633_S_ADR_01_ASEReadCounter.table","NW_015090842.1:10103677",54,123,69
"CHMP1A","s1633_S_ADR_01_ASEReadCounter.table","NW_015090842.1:10103729",67,136,69
"CHMP1A","s1633_S_ADR_01_ASEReadCounter.table","NW_015090842.1:10103758",66,136,70
"CHMP1A","s1633_S_ADR_01_ASEReadCounter.table","NW_015090842.1:10103761",65,144,79
"CHMP1A","s1633_S_ADR_01_ASEReadCounter.table","NW_015090842.1:10103788",73,176,103
"CHMP1A","s1633_S_ADR_01_ASEReadCounter.table","NW_015090842.1:10103789",74,178,104
"CHMP1A","s1633_S_ADR_01_ASEReadCounter.table","NW_015090842.1:10103790",72,176,104
"CHMP1A","s1633_S_ADR_01_ASEReadCounter.table","NW_015090842.1:10103950",72,173,101
"CHMP1A","s1633_S_ADR_01_ASEReadCounter.table","NW_015090842.1:10104335",66,157,91
"CHMP1A","s1633_S_ADR_01_ASEReadCounter.table","NW_015090842.1:10104429",82,183,101
"CHMP1A","s1633_S_ADR_01_ASEReadCounter.table","NW_015090842.1:10104532",69,193,124
"CHMP1A","s1633_S_ADR_01_ASEReadCounter.table","NW_015090842.1:10104633",66,148,82
"CHMP1A","s1633_S_ADR_01_ASEReadCounter.table","NW_015090842.1:10104759",52,152,100
"CHMP1A","s1633_S_ADR_01_ASEReadCounter.table","NW_015090842.1:10104794",69,175,106
"CHMP1A","s1633_S_ADR_01_ASEReadCounter.table","NW_015090842.1:10104844",53,140,87
"CHMP1A","s1633_S_ADR_01_ASEReadCounter.table","NW_015090842.1:10106290",71,159,88
"CHMP1A","s1633_S_ADR_01_ASEReadCounter.table","NW_015090842.1:10106335",80,172,92
"CHMP1A","s1633_S_ADR_01_ASEReadCounter.table","NW_015090842.1:10106383",90,196,106
"CHMP1A","s1633_S_ADR_01_ASEReadCounter.table","NW_015090842.1:10106747",86,201,115
"CHMP1A","s1633_S_ADR_01_ASEReadCounter.table","NW_015090842.1:10107404",101,199,98
"CHMP1A","s1633_S_ADR_01_ASEReadCounter.table","NW_015090842.1:10107410",108,206,98
"CHMP1A","s1633_S_ADR_01_ASEReadCounter.table","NW_015090842.1:10107876",99,197,98
"CDK10","s1633_S_ADR_01_ASEReadCounter.table","NW_015090842.1:10109030",13,16,3
"CDK10","s1633_S_ADR_01_ASEReadCounter.table","NW_015090842.1:10109963",56,123,67
"CDK10","s1633_S_ADR_01_ASEReadCounter.table","NW_015090842.1:10110887",48,107,59
"CDK10","s1633_S_ADR_01_ASEReadCounter.table","NW_015090842.1:10111254",34,86,52
"CDK10","s1633_S_ADR_01_ASEReadCounter.table","NW_015090842.1:10111380",31,92,61
"CDK10","s1633_S_ADR_01_ASEReadCounter.table","NW_015090842.1:10111395",28,92,64
"CDK10","s1633_S_ADR_01_ASEReadCounter.table","NW_015090842.1:10111437",15,75,60
"CDK10","s1633_S_ADR_01_ASEReadCounter.table","NW_015090842.1:10111798",33,82,49
"CDK10","s1633_S_ADR_01_ASEReadCounter.table","NW_015090842.1:10111840",42,100,58
"CDK10","s1633_S_ADR_01_ASEReadCounter.table","NW_015090842.1:10112031",39,110,71
"CDK10","s1633_S_ADR_01_ASEReadCounter.table","NW_015090842.1:10112285",43,104,61
"CDK10","s1633_S_ADR_01_ASEReadCounter.table","NW_015090842.1:10112398",51,119,68
"CDK10","s1633_S_ADR_01_ASEReadCounter.table","NW_015090842.1:10112455",33,93,60
"CDK10","s1633_S_ADR_01_ASEReadCounter.table","NW_015090842.1:10112461",31,80,49
"CDK10","s1633_S_ADR_01_ASEReadCounter.table","NW_015090842.1:10112497",22,56,34
"CDK10","s1633_S_ADR_01_ASEReadCounter.table","NW_015090842.1:10112508",22,63,41
"CDK10","s1633_S_ADR_01_ASEReadCounter.table","NW_015090842.1:10112518",19,61,42
"CDK10","s1633_S_ADR_01_ASEReadCounter.table","NW_015090842.1:10112540",9,56,47
"CDK10","s1633_S_ADR_01_ASEReadCounter.table","NW_015090842.1:10112556",21,63,42
"CDK10","s1633_S_ADR_01_ASEReadCounter.table","NW_015090842.1:10112561",22,76,54
"CDK10","s1633_S_ADR_01_ASEReadCounter.table","NW_015090842.1:10112596",21,79,58
"CDK10","s1633_S_ADR_01_ASEReadCounter.table","NW_015090842.1:10112630",22,70,48
"CDK10","s1633_S_ADR_01_ASEReadCounter.table","NW_015090842.1:10112656",23,77,54
"CDK10","s1633_S_ADR_01_ASEReadCounter.table","NW_015090842.1:10112665",20,60,40
"CDK10","s1633_S_ADR_01_ASEReadCounter.table","NW_015090842.1:10112668",20,58,38
"CDK10","s1633_S_ADR_01_ASEReadCounter.table","NW_015090842.1:10112781",10,21,11
"CDK10","s1633_S_ADR_01_ASEReadCounter.table","NW_015090842.1:10112782",10,21,11
"CDK10","s1633_S_ADR_01_ASEReadCounter.table","NW_015090842.1:10112795",5,16,11
"CDK10","s1633_S_ADR_01_ASEReadCounter.table","NW_015090842.1:10112841",2,5,3
"CDK10","s1633_S_ADR_01_ASEReadCounter.table","NW_015090842.1:10112861",1,4,3
"SPATA2L","s1633_S_ADR_01_ASEReadCounter.table","NW_015090842.1:10113212",14,23,9
"SPATA2L","s1633_S_ADR_01_ASEReadCounter.table","NW_015090842.1:10113280",17,41,24
"SPATA2L","s1633_S_ADR_01_ASEReadCounter.table","NW_015090842.1:10113296",16,43,27
"SPATA2L","s1633_S_ADR_01_ASEReadCounter.table","NW_015090842.1:10113321",23,53,30
"SPATA2L","s1633_S_ADR_01_ASEReadCounter.table","NW_015090842.1:10113332",22,52,30
"SPATA2L","s1633_S_ADR_01_ASEReadCounter.table","NW_015090842.1:10113380",31,62,31
"SPATA2L","s1633_S_ADR_01_ASEReadCounter.table","NW_015090842.1:10113381",31,63,32
"SPATA2L","s1633_S_ADR_01_ASEReadCounter.table","NW_015090842.1:10113412",30,60,30
"SPATA2L","s1633_S_ADR_01_ASEReadCounter.table","NW_015090842.1:10113421",28,58,30
"SPATA2L","s1633_S_ADR_01_ASEReadCounter.table","NW_015090842.1:10113465",23,56,33
"SPATA2L","s1633_S_ADR_01_ASEReadCounter.table","NW_015090842.1:10113535",33,57,24
"SPATA2L","s1633_S_ADR_01_ASEReadCounter.table","NW_015090842.1:10113645",35,72,37
"SPATA2L","s1633_S_ADR_01_ASEReadCounter.table","NW_015090842.1:10113682",47,88,41
"SPATA2L","s1633_S_ADR_01_ASEReadCounter.table","NW_015090842.1:10113696",44,91,47
"SPATA2L","s1633_S_ADR_01_ASEReadCounter.table","NW_015090842.1:10113727",32,79,47
"SPATA2L","s1633_S_ADR_01_ASEReadCounter.table","NW_015090842.1:10113729",32,79,47
"SPATA2L","s1633_S_ADR_01_ASEReadCounter.table","NW_015090842.1:10113799",59,103,44
"SPATA2L","s1633_S_ADR_01_ASEReadCounter.table","NW_015090842.1:10113809",64,113,49
"SPATA2L","s1633_S_ADR_01_ASEReadCounter.table","NW_015090842.1:10113827",57,101,44
"SPATA2L","s1633_S_ADR_01_ASEReadCounter.table","NW_015090842.1:10113831",53,99,46
"SPATA2L","s1633_S_ADR_01_ASEReadCounter.table","NW_015090842.1:10113894",38,73,35
"SPATA2L","s1633_S_ADR_01_ASEReadCounter.table","NW_015090842.1:10113905",34,71,37
"SPATA2L","s1633_S_ADR_01_ASEReadCounter.table","NW_015090842.1:10113914",39,76,37
"SPATA2L","s1633_S_ADR_01_ASEReadCounter.table","NW_015090842.1:10113920",41,78,37
"SPATA2L","s1633_S_ADR_01_ASEReadCounter.table","NW_015090842.1:10113937",53,96,43
"SPATA2L","s1633_S_ADR_01_ASEReadCounter.table","NW_015090842.1:10113971",50,93,43
"SPATA2L","s1633_S_ADR_01_ASEReadCounter.table","NW_015090842.1:10113976",38,91,53
"SPATA2L","s1633_S_ADR_01_ASEReadCounter.table","NW_015090842.1:10113985",46,90,44
"SPATA2L","s1633_S_ADR_01_ASEReadCounter.table","NW_015090842.1:10113994",53,102,49
"SPATA2L","s1633_S_ADR_01_ASEReadCounter.table","NW_015090842.1:10114063",44,89,45
"SPATA2L","s1633_S_ADR_01_ASEReadCounter.table","NW_015090842.1:10114066",43,90,47
"SPATA2L","s1633_S_ADR_01_ASEReadCounter.table","NW_015090842.1:10114069",42,88,46
"SPATA2L","s1633_S_ADR_01_ASEReadCounter.table","NW_015090842.1:10114159",30,59,29
"SPATA2L","s1633_S_ADR_01_ASEReadCounter.table","NW_015090842.1:10114262",80,80,0
"SPATA2L","s1633_S_ADR_01_ASEReadCounter.table","NW_015090842.1:10114470",14,44,30
"SPATA2L","s1633_S_ADR_01_ASEReadCounter.table","NW_015090842.1:10114524",10,32,22
"VPS9D1","s1633_S_ADR_01_ASEReadCounter.table","NW_015090842.1:10116377",18,35,17
"VPS9D1","s1633_S_ADR_01_ASEReadCounter.table","NW_015090842.1:10116415",19,34,15
"VPS9D1","s1633_S_ADR_01_ASEReadCounter.table","NW_015090842.1:10116607",26,41,15
"VPS9D1","s1633_S_ADR_01_ASEReadCounter.table","NW_015090842.1:10116821",25,39,14
"VPS9D1","s1633_S_ADR_01_ASEReadCounter.table","NW_015090842.1:10116825",24,39,15
"VPS9D1","s1633_S_ADR_01_ASEReadCounter.table","NW_015090842.1:10116882",20,41,21
"VPS9D1","s1633_S_ADR_01_ASEReadCounter.table","NW_015090842.1:10116933",25,52,27
"VPS9D1","s1633_S_ADR_01_ASEReadCounter.table","NW_015090842.1:10116942",22,53,31
"VPS9D1","s1633_S_ADR_01_ASEReadCounter.table","NW_015090842.1:10117152",22,38,16
"VPS9D1","s1633_S_ADR_01_ASEReadCounter.table","NW_015090842.1:10117480",14,30,16
"VPS9D1","s1633_S_ADR_01_ASEReadCounter.table","NW_015090842.1:10117497",15,29,14
"VPS9D1","s1633_S_ADR_01_ASEReadCounter.table","NW_015090842.1:10117499",14,30,16
"VPS9D1","s1633_S_ADR_01_ASEReadCounter.table","NW_015090842.1:10117516",17,36,19
"VPS9D1","s1633_S_ADR_01_ASEReadCounter.table","NW_015090842.1:10117525",17,36,19
"VPS9D1","s1633_S_ADR_01_ASEReadCounter.table","NW_015090842.1:10117579",14,34,20
"VPS9D1","s1633_S_ADR_01_ASEReadCounter.table","NW_015090842.1:10117627",11,30,19
"VPS9D1","s1633_S_ADR_01_ASEReadCounter.table","NW_015090842.1:10117678",8,30,22
"VPS9D1","s1633_S_ADR_01_ASEReadCounter.table","NW_015090842.1:10117773",15,49,34
"VPS9D1","s1633_S_ADR_01_ASEReadCounter.table","NW_015090842.1:10117937",18,46,28
"VPS9D1","s1633_S_ADR_01_ASEReadCounter.table","NW_015090842.1:10117961",21,45,24
"VPS9D1","s1633_S_ADR_01_ASEReadCounter.table","NW_015090842.1:10118236",20,47,27
"VPS9D1","s1633_S_ADR_01_ASEReadCounter.table","NW_015090842.1:10118414",22,60,38
"VPS9D1","s1633_S_ADR_01_ASEReadCounter.table","NW_015090842.1:10118973",25,48,23
"VPS9D1","s1633_S_ADR_01_ASEReadCounter.table","NW_015090842.1:10119500",18,37,19
"ZNF276","s1633_S_ADR_01_ASEReadCounter.table","NW_015090842.1:10121760",6,11,5
"ZNF276","s1633_S_ADR_01_ASEReadCounter.table","NW_015090842.1:10121769",8,14,6
"ZNF276","s1633_S_ADR_01_ASEReadCounter.table","NW_015090842.1:10121802",13,22,9
"ZNF276","s1633_S_ADR_01_ASEReadCounter.table","NW_015090842.1:10121971",21,38,17
"ZNF276","s1633_S_ADR_01_ASEReadCounter.table","NW_015090842.1:10122161",33,33,0
"ZNF276","s1633_S_ADR_01_ASEReadCounter.table","NW_015090842.1:10122164",35,35,0
"ZNF276","s1633_S_ADR_01_ASEReadCounter.table","NW_015090842.1:10122184",29,29,0
"ZNF276","s1633_S_ADR_01_ASEReadCounter.table","NW_015090842.1:10122883",11,17,6
"ZNF276","s1633_S_ADR_01_ASEReadCounter.table","NW_015090842.1:10122997",20,32,12
"ZNF276","s1633_S_ADR_01_ASEReadCounter.table","NW_015090842.1:10123069",20,38,18
"ZNF276","s1633_S_ADR_01_ASEReadCounter.table","NW_015090842.1:10123207",16,43,27
"ZNF276","s1633_S_ADR_01_ASEReadCounter.table","NW_015090842.1:10125787",20,38,18
"ZNF276","s1633_S_ADR_01_ASEReadCounter.table","NW_015090842.1:10126309",26,51,25
"ZNF276","s1633_S_ADR_01_ASEReadCounter.table","NW_015090842.1:10126348",25,50,25
"ZNF276","s1633_S_ADR_01_ASEReadCounter.table","NW_015090842.1:10126978",25,52,27
"ZNF276","s1633_S_ADR_01_ASEReadCounter.table","NW_015090842.1:10126991",22,49,27
"ZNF276","s1633_S_ADR_01_ASEReadCounter.table","NW_015090842.1:10127023",24,51,27
"ZNF276","s1633_S_ADR_01_ASEReadCounter.table","NW_015090842.1:10127063",21,47,26
"ZNF276","s1633_S_ADR_01_ASEReadCounter.table","NW_015090842.1:10127373",20,46,26
"ZNF276","s1633_S_ADR_01_ASEReadCounter.table","NW_015090842.1:10127931",31,49,18
"ZNF276","s1633_S_ADR_01_ASEReadCounter.table","NW_015090842.1:10128070",33,50,17
"ZNF276","s1633_S_ADR_01_ASEReadCounter.table","NW_015090842.1:10128102",35,49,14
"ZNF276","s1633_S_ADR_01_ASEReadCounter.table","NW_015090842.1:10128356",8,22,14
"ZNF276","s1633_S_ADR_01_ASEReadCounter.table","NW_015090842.1:10128497",10,20,10
"FANCA","s1633_S_ADR_01_ASEReadCounter.table","NW_015090842.1:10128822",1,1,0
"FANCA","s1633_S_ADR_01_ASEReadCounter.table","NW_015090842.1:10129383",1,1,0
"FANCA","s1633_S_ADR_01_ASEReadCounter.table","NW_015090842.1:10129390",1,1,0
"FANCA","s1633_S_ADR_01_ASEReadCounter.table","NW_015090842.1:10129422",1,1,0
"FANCA","s1633_S_ADR_01_ASEReadCounter.table","NW_015090842.1:10129969",1,3,2
"FANCA","s1633_S_ADR_01_ASEReadCounter.table","NW_015090842.1:10130399",1,3,2
"FANCA","s1633_S_ADR_01_ASEReadCounter.table","NW_015090842.1:10130857",0,1,1
"FANCA","s1633_S_ADR_01_ASEReadCounter.table","NW_015090842.1:10130878",0,1,1
"FANCA","s1633_S_ADR_01_ASEReadCounter.table","NW_015090842.1:10133530",1,2,1
"FANCA","s1633_S_ADR_01_ASEReadCounter.table","NW_015090842.1:10133533",1,2,1
"FANCA","s1633_S_ADR_01_ASEReadCounter.table","NW_015090842.1:10133536",1,2,1
"FANCA","s1633_S_ADR_01_ASEReadCounter.table","NW_015090842.1:10133601",1,2,1
"FANCA","s1633_S_ADR_01_ASEReadCounter.table","NW_015090842.1:10134492",1,2,1
"FANCA","s1633_S_ADR_01_ASEReadCounter.table","NW_015090842.1:10136957",1,1,0
"FANCA","s1633_S_ADR_01_ASEReadCounter.table","NW_015090842.1:10136982",1,1,0
"FANCA","s1633_S_ADR_01_ASEReadCounter.table","NW_015090842.1:10137019",1,2,1
"FANCA","s1633_S_ADR_01_ASEReadCounter.table","NW_015090842.1:10137673",1,2,1
"FANCA","s1633_S_ADR_01_ASEReadCounter.table","NW_015090842.1:10141234",1,1,0
"FANCA","s1633_S_ADR_01_ASEReadCounter.table","NW_015090842.1:10145030",1,1,0
"FANCA","s1633_S_ADR_01_ASEReadCounter.table","NW_015090842.1:10150518",1,1,0
"FANCA","s1633_S_ADR_01_ASEReadCounter.table","NW_015090842.1:10160177",0,1,1
"SPIRE2","s1633_S_ADR_01_ASEReadCounter.table","NW_015090842.1:10172284",5,10,5
"SPIRE2","s1633_S_ADR_01_ASEReadCounter.table","NW_015090842.1:10175262",11,19,8
"SPIRE2","s1633_S_ADR_01_ASEReadCounter.table","NW_015090842.1:10175352",4,6,2
"SPIRE2","s1633_S_ADR_01_ASEReadCounter.table","NW_015090842.1:10175400",17,27,10
"SPIRE2","s1633_S_ADR_01_ASEReadCounter.table","NW_015090842.1:10175418",24,37,13
"SPIRE2","s1633_S_ADR_01_ASEReadCounter.table","NW_015090842.1:10175704",21,35,14
"SPIRE2","s1633_S_ADR_01_ASEReadCounter.table","NW_015090842.1:10176115",26,46,20
"SPIRE2","s1633_S_ADR_01_ASEReadCounter.table","NW_015090842.1:10176561",23,43,20
"SPIRE2","s1633_S_ADR_01_ASEReadCounter.table","NW_015090842.1:10176817",23,48,25
"SPIRE2","s1633_S_ADR_01_ASEReadCounter.table","NW_015090842.1:10177084",8,29,21
"SPIRE2","s1633_S_ADR_01_ASEReadCounter.table","NW_015090842.1:10177838",28,44,16
"SPIRE2","s1633_S_ADR_01_ASEReadCounter.table","NW_015090842.1:10178000",18,41,23
"SPIRE2","s1633_S_ADR_01_ASEReadCounter.table","NW_015090842.1:10178164",22,51,29
"SPIRE2","s1633_S_ADR_01_ASEReadCounter.table","NW_015090842.1:10178216",13,43,30
"SPIRE2","s1633_S_ADR_01_ASEReadCounter.table","NW_015090842.1:10178303",12,33,21
"SPIRE2","s1633_S_ADR_01_ASEReadCounter.table","NW_015090842.1:10178403",21,41,20
"SPIRE2","s1633_S_ADR_01_ASEReadCounter.table","NW_015090842.1:10178409",20,41,21
"SPIRE2","s1633_S_ADR_01_ASEReadCounter.table","NW_015090842.1:10178524",14,36,22
"SPIRE2","s1633_S_ADR_01_ASEReadCounter.table","NW_015090842.1:10178526",14,35,21
"SPIRE2","s1633_S_ADR_01_ASEReadCounter.table","NW_015090842.1:10178531",14,35,21
"SPIRE2","s1633_S_ADR_01_ASEReadCounter.table","NW_015090842.1:10178565",11,32,21
"SPIRE2","s1633_S_ADR_01_ASEReadCounter.table","NW_015090842.1:10178587",14,29,15
"SPIRE2","s1633_S_ADR_01_ASEReadCounter.table","NW_015090842.1:10178640",12,20,8
"SPIRE2","s1633_S_ADR_01_ASEReadCounter.table","NW_015090842.1:10178651",12,21,9
"SPIRE2","s1633_S_ADR_01_ASEReadCounter.table","NW_015090842.1:10178682",9,16,7
"TCF25","s1633_S_ADR_01_ASEReadCounter.table","NW_015090842.1:10180912",36,65,29
"TCF25","s1633_S_ADR_01_ASEReadCounter.table","NW_015090842.1:10180924",36,69,33
"TCF25","s1633_S_ADR_01_ASEReadCounter.table","NW_015090842.1:10180931",36,70,34
"TCF25","s1633_S_ADR_01_ASEReadCounter.table","NW_015090842.1:10185332",109,222,113
"TCF25","s1633_S_ADR_01_ASEReadCounter.table","NW_015090842.1:10196561",94,172,78
"TCF25","s1633_S_ADR_01_ASEReadCounter.table","NW_015090842.1:10197399",215,215,0
"MC1R","s1633_S_ADR_01_ASEReadCounter.table","NW_015090842.1:10201986",1,1,0
"MC1R","s1633_S_ADR_01_ASEReadCounter.table","NW_015090842.1:10202160",1,1,0
"TUBB3","s1633_S_ADR_01_ASEReadCounter.table","NW_015090842.1:10205322",0,165,165
"GAS8","s1633_S_ADR_01_ASEReadCounter.table","NW_015090842.1:10228982",31,71,40
"GAS8","s1633_S_ADR_01_ASEReadCounter.table","NW_015090842.1:10229832",22,59,37
"GAS8","s1633_S_ADR_01_ASEReadCounter.table","NW_015090842.1:10232901",17,38,21
"GAS8","s1633_S_ADR_01_ASEReadCounter.table","NW_015090842.1:10232928",18,37,19
"GAS8","s1633_S_ADR_01_ASEReadCounter.table","NW_015090842.1:10232967",21,44,23
"GAS8","s1633_S_ADR_01_ASEReadCounter.table","NW_015090842.1:10233032",15,38,23
"GAS8","s1633_S_ADR_01_ASEReadCounter.table","NW_015090842.1:10233057",9,27,18
"GAS8","s1633_S_ADR_01_ASEReadCounter.table","NW_015090842.1:10233058",9,27,18
"GAS8","s1633_S_ADR_01_ASEReadCounter.table","NW_015090842.1:10233176",13,30,17
"GAS8","s1633_S_ADR_01_ASEReadCounter.table","NW_015090842.1:10233196",11,31,20
"GAS8","s1633_S_ADR_01_ASEReadCounter.table","NW_015090842.1:10233252",7,18,11
"GAS8","s1633_S_ADR_01_ASEReadCounter.table","NW_015090842.1:10233303",1,5,4
"LOC106888094","s1633_S_ADR_01_ASEReadCounter.table","NW_015090842.1:10233334",8,40,32
"LOC106888094","s1633_S_ADR_01_ASEReadCounter.table","NW_015090842.1:10233362",18,95,77
"LOC106888094","s1633_S_ADR_01_ASEReadCounter.table","NW_015090842.1:10233373",19,104,85
"LOC106888094","s1633_S_ADR_01_ASEReadCounter.table","NW_015090842.1:10233388",26,120,94
"LOC106888094","s1633_S_ADR_01_ASEReadCounter.table","NW_015090842.1:10233402",30,121,91
"LOC106888094","s1633_S_ADR_01_ASEReadCounter.table","NW_015090842.1:10233465",38,172,134
"LOC106888094","s1633_S_ADR_01_ASEReadCounter.table","NW_015090842.1:10233803",38,217,179
"LOC106888094","s1633_S_ADR_01_ASEReadCounter.table","NW_015090842.1:10233815",36,202,166
"LOC106888094","s1633_S_ADR_01_ASEReadCounter.table","NW_015090842.1:10235484",4,10,6
"LOC106888094","s1633_S_ADR_01_ASEReadCounter.table","NW_015090842.1:10235611",4,13,9
"LOC106888094","s1633_S_ADR_01_ASEReadCounter.table","NW_015090842.1:10235977",14,14,0
"LOC106888094","s1633_S_ADR_01_ASEReadCounter.table","NW_015090842.1:10236098",12,22,10
"LOC106888094","s1633_S_ADR_01_ASEReadCounter.table","NW_015090842.1:10236161",8,20,12
"LOC106888094","s1633_S_ADR_01_ASEReadCounter.table","NW_015090842.1:10236380",8,16,8
"LOC106888094","s1633_S_ADR_01_ASEReadCounter.table","NW_015090842.1:10236388",9,17,8
"LOC106888094","s1633_S_ADR_01_ASEReadCounter.table","NW_015090842.1:10236425",10,20,10
"LOC106888094","s1633_S_ADR_01_ASEReadCounter.table","NW_015090842.1:10236426",10,19,9
"LOC106888094","s1633_S_ADR_01_ASEReadCounter.table","NW_015090842.1:10236603",9,19,10
"LOC106888173","s1633_S_ADR_01_ASEReadCounter.table","NW_015090842.1:10239596",1,9,8
"LOC106888173","s1633_S_ADR_01_ASEReadCounter.table","NW_015090842.1:10240036",3,17,14
"LOC106888173","s1633_S_ADR_01_ASEReadCounter.table","NW_015090842.1:10240095",3,13,10
"LOC106888173","s1633_S_ADR_01_ASEReadCounter.table","NW_015090842.1:10240280",8,20,12
"LOC106888173","s1633_S_ADR_01_ASEReadCounter.table","NW_015090842.1:10240557",7,15,8
"LOC106888173","s1633_S_ADR_01_ASEReadCounter.table","NW_015090842.1:10240603",14,29,15
"LOC106888173","s1633_S_ADR_01_ASEReadCounter.table","NW_015090842.1:10240609",13,27,14
"LOC106888173","s1633_S_ADR_01_ASEReadCounter.table","NW_015090842.1:10240924",5,20,15
"LOC106888173","s1633_S_ADR_01_ASEReadCounter.table","NW_015090842.1:10241037",4,15,11
"LOC106888173","s1633_S_ADR_01_ASEReadCounter.table","NW_015090842.1:10241046",4,19,15
"LOC106888173","s1633_S_ADR_01_ASEReadCounter.table","NW_015090842.1:10241058",6,21,15
"LOC106888173","s1633_S_ADR_01_ASEReadCounter.table","NW_015090842.1:10241064",6,21,15
"LOC106888173","s1633_S_ADR_01_ASEReadCounter.table","NW_015090842.1:10241163",5,19,14
"LOC106888173","s1633_S_ADR_01_ASEReadCounter.table","NW_015090842.1:10241803",6,28,22
"LOC106888173","s1633_S_ADR_01_ASEReadCounter.table","NW_015090842.1:10241827",8,25,17
"LOC106888173","s1633_S_ADR_01_ASEReadCounter.table","NW_015090842.1:10241869",9,21,12
"LOC106888173","s1633_S_ADR_01_ASEReadCounter.table","NW_015090842.1:10242079",7,23,16
"LOC106888173","s1633_S_ADR_01_ASEReadCounter.table","NW_015090842.1:10242103",10,25,15
"LOC106888173","s1633_S_ADR_01_ASEReadCounter.table","NW_015090842.1:10242157",11,21,10
"LOC106888173","s1633_S_ADR_01_ASEReadCounter.table","NW_015090842.1:10242455",8,22,14
"LOC106888173","s1633_S_ADR_01_ASEReadCounter.table","NW_015090842.1:10242481",10,28,18
"LOC106888173","s1633_S_ADR_01_ASEReadCounter.table","NW_015090842.1:10242590",10,25,15
"LOC106888173","s1633_S_ADR_01_ASEReadCounter.table","NW_015090842.1:10242794",10,25,15
"LOC106888173","s1633_S_ADR_01_ASEReadCounter.table","NW_015090842.1:10242909",7,20,13
"LOC106888173","s1633_S_ADR_01_ASEReadCounter.table","NW_015090842.1:10243094",12,22,10
"LOC106888173","s1633_S_ADR_01_ASEReadCounter.table","NW_015090842.1:10243133",9,19,10
"LOC106888173","s1633_S_ADR_01_ASEReadCounter.table","NW_015090842.1:10243273",8,24,16
"LOC106888173","s1633_S_ADR_01_ASEReadCounter.table","NW_015090842.1:10243278",7,22,15
"LOC106888173","s1633_S_ADR_01_ASEReadCounter.table","NW_015090842.1:10243281",7,23,16
"LOC106888173","s1633_S_ADR_01_ASEReadCounter.table","NW_015090842.1:10243347",9,10,1
"LOC106888173","s1633_S_ADR_01_ASEReadCounter.table","NW_015090842.1:10243353",5,10,5
"LOC106888173","s1633_S_ADR_01_ASEReadCounter.table","NW_015090842.1:10243363",3,8,5
"LOC106888173","s1633_S_ADR_01_ASEReadCounter.table","NW_015090842.1:10243365",3,8,5
"LOC106888173","s1633_S_ADR_01_ASEReadCounter.table","NW_015090842.1:10243529",17,25,8
"LOC106888173","s1633_S_ADR_01_ASEReadCounter.table","NW_015090842.1:10243566",20,29,9
"LOC106888173","s1633_S_ADR_01_ASEReadCounter.table","NW_015090842.1:10243605",8,28,20
"LOC106888173","s1633_S_ADR_01_ASEReadCounter.table","NW_015090842.1:10243614",7,25,18
"LOC106888173","s1633_S_ADR_01_ASEReadCounter.table","NW_015090842.1:10243615",7,26,19
"LOC106888173","s1633_S_ADR_01_ASEReadCounter.table","NW_015090842.1:10243640",8,18,10
"LOC106888173","s1633_S_ADR_01_ASEReadCounter.table","NW_015090842.1:10243680",5,17,12
"LOC106888173","s1633_S_ADR_01_ASEReadCounter.table","NW_015090842.1:10243742",7,24,17
"LOC106888173","s1633_S_ADR_01_ASEReadCounter.table","NW_015090842.1:10243804",6,15,9
"LOC106888173","s1633_S_ADR_01_ASEReadCounter.table","NW_015090842.1:10243913",1,4,3
"LOC106888173","s1633_S_ADR_01_ASEReadCounter.table","NW_015090842.1:10243921",1,3,2
"LOC106888384","s1633_S_ADR_01_ASEReadCounter.table","NW_015090842.1:10244714",9,16,7
"LOC106888384","s1633_S_ADR_01_ASEReadCounter.table","NW_015090842.1:10244998",17,34,17
"LOC106888384","s1633_S_ADR_01_ASEReadCounter.table","NW_015090842.1:10250743",20,44,24
"LOC106888384","s1633_S_ADR_01_ASEReadCounter.table","NW_015090842.1:10250771",23,50,27
"LOC106888384","s1633_S_ADR_01_ASEReadCounter.table","NW_015090842.1:10251343",30,30,0
"LOC106888384","s1633_S_ADR_01_ASEReadCounter.table","NW_015090842.1:10251344",29,30,1
"LOC106888384","s1633_S_ADR_01_ASEReadCounter.table","NW_015090842.1:10251349",26,26,0
"LOC106888384","s1633_S_ADR_01_ASEReadCounter.table","NW_015090842.1:10251354",25,25,0
"LOC106888384","s1633_S_ADR_01_ASEReadCounter.table","NW_015090842.1:10251358",23,23,0
"LOC106888384","s1633_S_ADR_01_ASEReadCounter.table","NW_015090842.1:10251369",8,20,12
"LOC106888384","s1633_S_ADR_01_ASEReadCounter.table","NW_015090842.1:10251370",20,20,0
"LOC106888384","s1633_S_ADR_01_ASEReadCounter.table","NW_015090842.1:10251375",24,24,0
"LOC106888384","s1633_S_ADR_01_ASEReadCounter.table","NW_015090842.1:10251388",18,18,0
"LOC106888384","s1633_S_ADR_01_ASEReadCounter.table","NW_015090842.1:10251390",18,18,0
"LOC106888384","s1633_S_ADR_01_ASEReadCounter.table","NW_015090842.1:10251393",18,18,0
"LOC106888384","s1633_S_ADR_01_ASEReadCounter.table","NW_015090842.1:10251399",21,21,0
"LOC106888384","s1633_S_ADR_01_ASEReadCounter.table","NW_015090842.1:10251492",23,23,0
"LOC106888384","s1633_S_ADR_01_ASEReadCounter.table","NW_015090842.1:10253165",33,76,43
"LOC106888384","s1633_S_ADR_01_ASEReadCounter.table","NW_015090842.1:10253284",25,60,35
"LOC106888384","s1633_S_ADR_01_ASEReadCounter.table","NW_015090842.1:10253605",64,64,0
"LOC106888384","s1633_S_ADR_01_ASEReadCounter.table","NW_015090842.1:10254028",25,61,36
"LOC106888384","s1633_S_ADR_01_ASEReadCounter.table","NW_015090842.1:10254227",30,54,24
"LOC106888384","s1633_S_ADR_01_ASEReadCounter.table","NW_015090842.1:10254233",28,56,28
"LOC106888384","s1633_S_ADR_01_ASEReadCounter.table","NW_015090842.1:10254263",34,64,30
"LOC106888384","s1633_S_ADR_01_ASEReadCounter.table","NW_015090842.1:10254293",32,58,26
"LOC106888384","s1633_S_ADR_01_ASEReadCounter.table","NW_015090842.1:10254570",37,71,34
"LOC106888384","s1633_S_ADR_01_ASEReadCounter.table","NW_015090842.1:10254647",20,43,23
"LOC106888384","s1633_S_ADR_01_ASEReadCounter.table","NW_015090842.1:10254663",12,31,19
"LOC106888384","s1633_S_ADR_01_ASEReadCounter.table","NW_015090842.1:10254840",9,28,19
"LOC106888384","s1633_S_ADR_01_ASEReadCounter.table","NW_015090842.1:10254854",31,31,0
"LOC106888384","s1633_S_ADR_01_ASEReadCounter.table","NW_015090842.1:10254891",36,36,0
"LOC106888384","s1633_S_ADR_01_ASEReadCounter.table","NW_015090842.1:10254900",13,37,24
"LOC106888384","s1633_S_ADR_01_ASEReadCounter.table","NW_015090842.1:10254915",13,41,28
"LOC106888384","s1633_S_ADR_01_ASEReadCounter.table","NW_015090842.1:10254965",30,30,0
"LOC106888384","s1633_S_ADR_01_ASEReadCounter.table","NW_015090842.1:10254975",10,31,21
"LOC106888384","s1633_S_ADR_01_ASEReadCounter.table","NW_015090842.1:10255077",21,44,23
"LOC106888384","s1633_S_ADR_01_ASEReadCounter.table","NW_015090842.1:10255117",19,46,27
"LOC106888384","s1633_S_ADR_01_ASEReadCounter.table","NW_015090842.1:10255138",15,41,26
"LOC106888384","s1633_S_ADR_01_ASEReadCounter.table","NW_015090842.1:10255139",15,45,30
"LOC106888384","s1633_S_ADR_01_ASEReadCounter.table","NW_015090842.1:10255209",23,52,29
"LOC106888384","s1633_S_ADR_01_ASEReadCounter.table","NW_015090842.1:10255211",23,51,28
"LOC106888384","s1633_S_ADR_01_ASEReadCounter.table","NW_015090842.1:10255236",27,55,28
"LOC106888384","s1633_S_ADR_01_ASEReadCounter.table","NW_015090842.1:10255262",27,54,27
"LOC106888384","s1633_S_ADR_01_ASEReadCounter.table","NW_015090842.1:10255264",27,58,31
"LOC106888384","s1633_S_ADR_01_ASEReadCounter.table","NW_015090842.1:10255306",31,76,45
"LOC106888384","s1633_S_ADR_01_ASEReadCounter.table","NW_015090842.1:10255340",32,86,54
"LOC106888384","s1633_S_ADR_01_ASEReadCounter.table","NW_015090842.1:10255410",36,85,49
"LOC106888384","s1633_S_ADR_01_ASEReadCounter.table","NW_015090842.1:10255449",35,72,37
"LOC106888384","s1633_S_ADR_01_ASEReadCounter.table","NW_015090842.1:10255496",30,66,36
"LOC106888384","s1633_S_ADR_01_ASEReadCounter.table","NW_015090842.1:10255505",20,51,31
"LOC106888384","s1633_S_ADR_01_ASEReadCounter.table","NW_015090842.1:10255531",28,64,36
"LOC106888384","s1633_S_ADR_01_ASEReadCounter.table","NW_015090842.1:10255608",31,64,33
"LOC106888384","s1633_S_ADR_01_ASEReadCounter.table","NW_015090842.1:10255614",30,59,29
"LOC106888384","s1633_S_ADR_01_ASEReadCounter.table","NW_015090842.1:10255704",30,56,26
"LOC106888384","s1633_S_ADR_01_ASEReadCounter.table","NW_015090842.1:10255731",27,43,16
"LOC106888384","s1633_S_ADR_01_ASEReadCounter.table","NW_015090842.1:10255771",13,23,10
"TANGO6","s1633_S_ADR_01_ASEReadCounter.table","NW_015090842.1:10257782",14,17,3
"TANGO6","s1633_S_ADR_01_ASEReadCounter.table","NW_015090842.1:10258162",19,25,6
"TANGO6","s1633_S_ADR_01_ASEReadCounter.table","NW_015090842.1:10258185",15,25,10
"TANGO6","s1633_S_ADR_01_ASEReadCounter.table","NW_015090842.1:10259267",19,30,11
"TANGO6","s1633_S_ADR_01_ASEReadCounter.table","NW_015090842.1:10260250",45,60,15
"TANGO6","s1633_S_ADR_01_ASEReadCounter.table","NW_015090842.1:10260979",34,44,10
"TANGO6","s1633_S_ADR_01_ASEReadCounter.table","NW_015090842.1:10261599",31,45,14
"TANGO6","s1633_S_ADR_01_ASEReadCounter.table","NW_015090842.1:10268425",46,70,24
"TANGO6","s1633_S_ADR_01_ASEReadCounter.table","NW_015090842.1:10269831",27,44,17
"TANGO6","s1633_S_ADR_01_ASEReadCounter.table","NW_015090842.1:10270813",27,42,15
"TANGO6","s1633_S_ADR_01_ASEReadCounter.table","NW_015090842.1:10273952",24,28,4
"TANGO6","s1633_S_ADR_01_ASEReadCounter.table","NW_015090842.1:10273970",27,34,7
"TANGO6","s1633_S_ADR_01_ASEReadCounter.table","NW_015090842.1:10274018",33,38,5
"TANGO6","s1633_S_ADR_01_ASEReadCounter.table","NW_015090842.1:10275974",31,42,11
"TANGO6","s1633_S_ADR_01_ASEReadCounter.table","NW_015090842.1:10275976",31,40,9
"TANGO6","s1633_S_ADR_01_ASEReadCounter.table","NW_015090842.1:10276123",30,42,12
"TANGO6","s1633_S_ADR_01_ASEReadCounter.table","NW_015090842.1:10276271",29,36,7
"TANGO6","s1633_S_ADR_01_ASEReadCounter.table","NW_015090842.1:10276272",27,34,7
"TANGO6","s1633_S_ADR_01_ASEReadCounter.table","NW_015090842.1:10276275",33,40,7
"TANGO6","s1633_S_ADR_01_ASEReadCounter.table","NW_015090842.1:10276278",35,42,7
"TANGO6","s1633_S_ADR_01_ASEReadCounter.table","NW_015090842.1:10276368",24,28,4
"TANGO6","s1633_S_ADR_01_ASEReadCounter.table","NW_015090842.1:10276373",24,28,4
"TANGO6","s1633_S_ADR_01_ASEReadCounter.table","NW_015090842.1:10276630",25,30,5
"TANGO6","s1633_S_ADR_01_ASEReadCounter.table","NW_015090842.1:10281498",16,23,7
"TANGO6","s1633_S_ADR_01_ASEReadCounter.table","NW_015090842.1:10282842",31,40,9
"TANGO6","s1633_S_ADR_01_ASEReadCounter.table","NW_015090842.1:10282863",21,32,11
"TANGO6","s1633_S_ADR_01_ASEReadCounter.table","NW_015090842.1:10282869",22,33,11
"TANGO6","s1633_S_ADR_01_ASEReadCounter.table","NW_015090842.1:10282903",27,42,15
"TANGO6","s1633_S_ADR_01_ASEReadCounter.table","NW_015090842.1:10283757",32,44,12
"TANGO6","s1633_S_ADR_01_ASEReadCounter.table","NW_015090842.1:10283785",31,40,9
"HAS3","s1633_S_ADR_01_ASEReadCounter.table","NW_015090842.1:10290927",0,1,1
"HAS3","s1633_S_ADR_01_ASEReadCounter.table","NW_015090842.1:10291004",0,1,1
"CHTF8","s1633_S_ADR_01_ASEReadCounter.table","NW_015090842.1:10291319",3,5,2
"CHTF8","s1633_S_ADR_01_ASEReadCounter.table","NW_015090842.1:10291342",5,7,2
"CHTF8","s1633_S_ADR_01_ASEReadCounter.table","NW_015090842.1:10291491",14,16,2
"CHTF8","s1633_S_ADR_01_ASEReadCounter.table","NW_015090842.1:10291520",13,17,4
"CHTF8","s1633_S_ADR_01_ASEReadCounter.table","NW_015090842.1:10291593",12,19,7
"CHTF8","s1633_S_ADR_01_ASEReadCounter.table","NW_015090842.1:10291600",11,18,7
"CHTF8","s1633_S_ADR_01_ASEReadCounter.table","NW_015090842.1:10291609",12,18,6
"CHTF8","s1633_S_ADR_01_ASEReadCounter.table","NW_015090842.1:10291639",13,19,6
"CHTF8","s1633_S_ADR_01_ASEReadCounter.table","NW_015090842.1:10291641",13,19,6
"CHTF8","s1633_S_ADR_01_ASEReadCounter.table","NW_015090842.1:10291648",14,20,6
"CHTF8","s1633_S_ADR_01_ASEReadCounter.table","NW_015090842.1:10291656",15,22,7
"CHTF8","s1633_S_ADR_01_ASEReadCounter.table","NW_015090842.1:10291675",20,26,6
"CHTF8","s1633_S_ADR_01_ASEReadCounter.table","NW_015090842.1:10291696",21,29,8
"CHTF8","s1633_S_ADR_01_ASEReadCounter.table","NW_015090842.1:10291714",23,32,9
"CHTF8","s1633_S_ADR_01_ASEReadCounter.table","NW_015090842.1:10291732",19,31,12
"CHTF8","s1633_S_ADR_01_ASEReadCounter.table","NW_015090842.1:10291755",11,25,14
"CHTF8","s1633_S_ADR_01_ASEReadCounter.table","NW_015090842.1:10291756",11,25,14
"CHTF8","s1633_S_ADR_01_ASEReadCounter.table","NW_015090842.1:10291758",11,25,14
"CHTF8","s1633_S_ADR_01_ASEReadCounter.table","NW_015090842.1:10291792",14,26,12
"CHTF8","s1633_S_ADR_01_ASEReadCounter.table","NW_015090842.1:10291895",20,29,9
"CHTF8","s1633_S_ADR_01_ASEReadCounter.table","NW_015090842.1:10292132",15,22,7
"CHTF8","s1633_S_ADR_01_ASEReadCounter.table","NW_015090842.1:10292314",15,26,11
"CHTF8","s1633_S_ADR_01_ASEReadCounter.table","NW_015090842.1:10292317",14,25,11
"CHTF8","s1633_S_ADR_01_ASEReadCounter.table","NW_015090842.1:10292928",1,2,1
"UTP4","s1633_S_ADR_01_ASEReadCounter.table","NW_015090842.1:10293146",38,73,35
"UTP4","s1633_S_ADR_01_ASEReadCounter.table","NW_015090842.1:10293151",37,73,36
"UTP4","s1633_S_ADR_01_ASEReadCounter.table","NW_015090842.1:10293191",26,54,28
"UTP4","s1633_S_ADR_01_ASEReadCounter.table","NW_015090842.1:10293362",24,69,45
"UTP4","s1633_S_ADR_01_ASEReadCounter.table","NW_015090842.1:10293430",24,65,41
"UTP4","s1633_S_ADR_01_ASEReadCounter.table","NW_015090842.1:10293625",27,51,24
"UTP4","s1633_S_ADR_01_ASEReadCounter.table","NW_015090842.1:10293684",29,64,35
"UTP4","s1633_S_ADR_01_ASEReadCounter.table","NW_015090842.1:10294093",28,62,34
"UTP4","s1633_S_ADR_01_ASEReadCounter.table","NW_015090842.1:10294568",27,62,35
"UTP4","s1633_S_ADR_01_ASEReadCounter.table","NW_015090842.1:10294622",29,59,30
"UTP4","s1633_S_ADR_01_ASEReadCounter.table","NW_015090842.1:10294632",25,54,29
"UTP4","s1633_S_ADR_01_ASEReadCounter.table","NW_015090842.1:10295238",27,63,36
"UTP4","s1633_S_ADR_01_ASEReadCounter.table","NW_015090842.1:10295880",29,70,41
"UTP4","s1633_S_ADR_01_ASEReadCounter.table","NW_015090842.1:10295884",29,70,41
"UTP4","s1633_S_ADR_01_ASEReadCounter.table","NW_015090842.1:10295903",24,62,38
"UTP4","s1633_S_ADR_01_ASEReadCounter.table","NW_015090842.1:10295906",23,65,42
"UTP4","s1633_S_ADR_01_ASEReadCounter.table","NW_015090842.1:10295915",24,69,45
"UTP4","s1633_S_ADR_01_ASEReadCounter.table","NW_015090842.1:10295938",27,72,45
"UTP4","s1633_S_ADR_01_ASEReadCounter.table","NW_015090842.1:10296175",34,70,36
"UTP4","s1633_S_ADR_01_ASEReadCounter.table","NW_015090842.1:10296660",24,50,26
"UTP4","s1633_S_ADR_01_ASEReadCounter.table","NW_015090842.1:10296679",23,53,30
"UTP4","s1633_S_ADR_01_ASEReadCounter.table","NW_015090842.1:10297193",33,65,32
"UTP4","s1633_S_ADR_01_ASEReadCounter.table","NW_015090842.1:10297220",31,64,33
"UTP4","s1633_S_ADR_01_ASEReadCounter.table","NW_015090842.1:10297307",35,74,39
"UTP4","s1633_S_ADR_01_ASEReadCounter.table","NW_015090842.1:10297558",43,83,40
"UTP4","s1633_S_ADR_01_ASEReadCounter.table","NW_015090842.1:10297943",34,55,21
"UTP4","s1633_S_ADR_01_ASEReadCounter.table","NW_015090842.1:10297979",32,52,20
"UTP4","s1633_S_ADR_01_ASEReadCounter.table","NW_015090842.1:10298022",21,39,18
"UTP4","s1633_S_ADR_01_ASEReadCounter.table","NW_015090842.1:10298079",1,9,8
"UTP4","s1633_S_ADR_01_ASEReadCounter.table","NW_015090842.1:10298081",0,7,7
"UTP4","s1633_S_ADR_01_ASEReadCounter.table","NW_015090842.1:10298082",1,8,7
"SNTB2","s1633_S_ADR_01_ASEReadCounter.table","NW_015090842.1:10298905",4,8,4
"SNTB2","s1633_S_ADR_01_ASEReadCounter.table","NW_015090842.1:10298928",5,11,6
"SNTB2","s1633_S_ADR_01_ASEReadCounter.table","NW_015090842.1:10303506",31,54,23
"SNTB2","s1633_S_ADR_01_ASEReadCounter.table","NW_015090842.1:10303524",28,44,16
"SNTB2","s1633_S_ADR_01_ASEReadCounter.table","NW_015090842.1:10304059",29,46,17
"SNTB2","s1633_S_ADR_01_ASEReadCounter.table","NW_015090842.1:10304089",27,42,15
"SNTB2","s1633_S_ADR_01_ASEReadCounter.table","NW_015090842.1:10304167",13,30,17
"SNTB2","s1633_S_ADR_01_ASEReadCounter.table","NW_015090842.1:10304176",12,28,16
"SNTB2","s1633_S_ADR_01_ASEReadCounter.table","NW_015090842.1:10305069",21,32,11
"SNTB2","s1633_S_ADR_01_ASEReadCounter.table","NW_015090842.1:10305099",17,27,10
"SNTB2","s1633_S_ADR_01_ASEReadCounter.table","NW_015090842.1:10305451",14,26,12
"SNTB2","s1633_S_ADR_01_ASEReadCounter.table","NW_015090842.1:10305547",27,47,20
"SNTB2","s1633_S_ADR_01_ASEReadCounter.table","NW_015090842.1:10305847",11,27,16
"SNTB2","s1633_S_ADR_01_ASEReadCounter.table","NW_015090842.1:10305911",15,35,20
"SNTB2","s1633_S_ADR_01_ASEReadCounter.table","NW_015090842.1:10306173",25,34,9
"SNTB2","s1633_S_ADR_01_ASEReadCounter.table","NW_015090842.1:10306275",20,37,17
"SNTB2","s1633_S_ADR_01_ASEReadCounter.table","NW_015090842.1:10306457",17,31,14
"SNTB2","s1633_S_ADR_01_ASEReadCounter.table","NW_015090842.1:10306496",15,27,12
"SNTB2","s1633_S_ADR_01_ASEReadCounter.table","NW_015090842.1:10306499",15,26,11
"VPS4A","s1633_S_ADR_01_ASEReadCounter.table","NW_015090842.1:10308566",111,264,153
"VPS4A","s1633_S_ADR_01_ASEReadCounter.table","NW_015090842.1:10308573",109,270,161
"VPS4A","s1633_S_ADR_01_ASEReadCounter.table","NW_015090842.1:10308856",166,411,245
"VPS4A","s1633_S_ADR_01_ASEReadCounter.table","NW_015090842.1:10309056",196,477,281
"VPS4A","s1633_S_ADR_01_ASEReadCounter.table","NW_015090842.1:10309089",256,560,304
"VPS4A","s1633_S_ADR_01_ASEReadCounter.table","NW_015090842.1:10309392",257,532,275
"VPS4A","s1633_S_ADR_01_ASEReadCounter.table","NW_015090842.1:10309413",260,547,287
"VPS4A","s1633_S_ADR_01_ASEReadCounter.table","NW_015090842.1:10309467",263,605,342
"VPS4A","s1633_S_ADR_01_ASEReadCounter.table","NW_015090842.1:10310230",274,611,337
"VPS4A","s1633_S_ADR_01_ASEReadCounter.table","NW_015090842.1:10310425",220,488,268
"VPS4A","s1633_S_ADR_01_ASEReadCounter.table","NW_015090842.1:10310639",235,542,307
"VPS4A","s1633_S_ADR_01_ASEReadCounter.table","NW_015090842.1:10310640",534,534,0
"VPS4A","s1633_S_ADR_01_ASEReadCounter.table","NW_015090842.1:10310687",233,536,303
"VPS4A","s1633_S_ADR_01_ASEReadCounter.table","NW_015090842.1:10310734",179,432,253
"VPS4A","s1633_S_ADR_01_ASEReadCounter.table","NW_015090842.1:10310737",188,447,259
"VPS4A","s1633_S_ADR_01_ASEReadCounter.table","NW_015090842.1:10310746",193,452,259
"VPS4A","s1633_S_ADR_01_ASEReadCounter.table","NW_015090842.1:10310767",206,478,272
"VPS4A","s1633_S_ADR_01_ASEReadCounter.table","NW_015090842.1:10310995",209,451,242
"VPS4A","s1633_S_ADR_01_ASEReadCounter.table","NW_015090842.1:10311004",206,430,224
"VPS4A","s1633_S_ADR_01_ASEReadCounter.table","NW_015090842.1:10311007",203,442,239
"VPS4A","s1633_S_ADR_01_ASEReadCounter.table","NW_015090842.1:10311013",219,449,230
"VPS4A","s1633_S_ADR_01_ASEReadCounter.table","NW_015090842.1:10311022",198,426,228
"VPS4A","s1633_S_ADR_01_ASEReadCounter.table","NW_015090842.1:10311023",195,412,217
"VPS4A","s1633_S_ADR_01_ASEReadCounter.table","NW_015090842.1:10311426",211,474,263
"VPS4A","s1633_S_ADR_01_ASEReadCounter.table","NW_015090842.1:10311489",1,11,10
"VPS4A","s1633_S_ADR_01_ASEReadCounter.table","NW_015090842.1:10311490",1,9,8
"VPS4A","s1633_S_ADR_01_ASEReadCounter.table","NW_015090842.1:10311525",9,20,11
"VPS4A","s1633_S_ADR_01_ASEReadCounter.table","NW_015090842.1:10311529",10,22,12
"VPS4A","s1633_S_ADR_01_ASEReadCounter.table","NW_015090842.1:10311530",10,25,15
"VPS4A","s1633_S_ADR_01_ASEReadCounter.table","NW_015090842.1:10311552",26,51,25
"VPS4A","s1633_S_ADR_01_ASEReadCounter.table","NW_015090842.1:10311689",25,53,28
"VPS4A","s1633_S_ADR_01_ASEReadCounter.table","NW_015090842.1:10311700",29,55,26
"VPS4A","s1633_S_ADR_01_ASEReadCounter.table","NW_015090842.1:10311701",29,56,27
"VPS4A","s1633_S_ADR_01_ASEReadCounter.table","NW_015090842.1:10311703",29,56,27
"COG8","s1633_S_ADR_01_ASEReadCounter.table","NW_015090842.1:10313487",17,43,26
"COG8","s1633_S_ADR_01_ASEReadCounter.table","NW_015090842.1:10313559",36,68,32
"COG8","s1633_S_ADR_01_ASEReadCounter.table","NW_015090842.1:10313579",30,68,38
"COG8","s1633_S_ADR_01_ASEReadCounter.table","NW_015090842.1:10313665",26,62,36
"COG8","s1633_S_ADR_01_ASEReadCounter.table","NW_015090842.1:10313681",25,65,40
"COG8","s1633_S_ADR_01_ASEReadCounter.table","NW_015090842.1:10313768",33,73,40
"COG8","s1633_S_ADR_01_ASEReadCounter.table","NW_015090842.1:10313775",36,82,46
"COG8","s1633_S_ADR_01_ASEReadCounter.table","NW_015090842.1:10313811",23,58,35
"COG8","s1633_S_ADR_01_ASEReadCounter.table","NW_015090842.1:10313858",18,50,32
"COG8","s1633_S_ADR_01_ASEReadCounter.table","NW_015090842.1:10313859",49,49,0
"COG8","s1633_S_ADR_01_ASEReadCounter.table","NW_015090842.1:10314100",30,66,36
"COG8","s1633_S_ADR_01_ASEReadCounter.table","NW_015090842.1:10314213",29,70,41
"COG8","s1633_S_ADR_01_ASEReadCounter.table","NW_015090842.1:10315093",26,49,23
"COG8","s1633_S_ADR_01_ASEReadCounter.table","NW_015090842.1:10315162",38,80,42
"COG8","s1633_S_ADR_01_ASEReadCounter.table","NW_015090842.1:10315285",42,89,47
"COG8","s1633_S_ADR_01_ASEReadCounter.table","NW_015090842.1:10315360",35,75,40
"COG8","s1633_S_ADR_01_ASEReadCounter.table","NW_015090842.1:10315369",33,75,42
"COG8","s1633_S_ADR_01_ASEReadCounter.table","NW_015090842.1:10315508",21,47,26
"COG8","s1633_S_ADR_01_ASEReadCounter.table","NW_015090842.1:10315624",29,65,36
"COG8","s1633_S_ADR_01_ASEReadCounter.table","NW_015090842.1:10315693",26,73,47
"COG8","s1633_S_ADR_01_ASEReadCounter.table","NW_015090842.1:10315698",26,79,53
"COG8","s1633_S_ADR_01_ASEReadCounter.table","NW_015090842.1:10315768",19,58,39
"COG8","s1633_S_ADR_01_ASEReadCounter.table","NW_015090842.1:10315769",18,57,39
"COG8","s1633_S_ADR_01_ASEReadCounter.table","NW_015090842.1:10315784",19,54,35
"COG8","s1633_S_ADR_01_ASEReadCounter.table","NW_015090842.1:10316093",31,74,43
"COG8","s1633_S_ADR_01_ASEReadCounter.table","NW_015090842.1:10316133",27,59,32
"NIP7","s1633_S_ADR_01_ASEReadCounter.table","NW_015090842.1:10316759",28,62,34
"NIP7","s1633_S_ADR_01_ASEReadCounter.table","NW_015090842.1:10316967",142,284,142
"NIP7","s1633_S_ADR_01_ASEReadCounter.table","NW_015090842.1:10316995",161,307,146
"NIP7","s1633_S_ADR_01_ASEReadCounter.table","NW_015090842.1:10317240",231,418,187
"NIP7","s1633_S_ADR_01_ASEReadCounter.table","NW_015090842.1:10317247",225,406,181
"NIP7","s1633_S_ADR_01_ASEReadCounter.table","NW_015090842.1:10317264",218,380,162
"NIP7","s1633_S_ADR_01_ASEReadCounter.table","NW_015090842.1:10317433",198,400,202
"NIP7","s1633_S_ADR_01_ASEReadCounter.table","NW_015090842.1:10317738",123,293,170
"NIP7","s1633_S_ADR_01_ASEReadCounter.table","NW_015090842.1:10317769",120,276,156
"NIP7","s1633_S_ADR_01_ASEReadCounter.table","NW_015090842.1:10317808",96,196,100
"NIP7","s1633_S_ADR_01_ASEReadCounter.table","NW_015090842.1:10317870",60,155,95
"NIP7","s1633_S_ADR_01_ASEReadCounter.table","NW_015090842.1:10317871",61,153,92
"NIP7","s1633_S_ADR_01_ASEReadCounter.table","NW_015090842.1:10317898",42,110,68
"NIP7","s1633_S_ADR_01_ASEReadCounter.table","NW_015090842.1:10317911",42,106,64
"TMED6","s1633_S_ADR_01_ASEReadCounter.table","NW_015090842.1:10318514",0,1,1
"TMED6","s1633_S_ADR_01_ASEReadCounter.table","NW_015090842.1:10318731",5,6,1
"TERF2","s1633_S_ADR_01_ASEReadCounter.table","NW_015090842.1:10321768",23,51,28
"TERF2","s1633_S_ADR_01_ASEReadCounter.table","NW_015090842.1:10321777",21,48,27
"TERF2","s1633_S_ADR_01_ASEReadCounter.table","NW_015090842.1:10321805",19,51,32
"TERF2","s1633_S_ADR_01_ASEReadCounter.table","NW_015090842.1:10321878",39,77,38
"TERF2","s1633_S_ADR_01_ASEReadCounter.table","NW_015090842.1:10321893",43,79,36
"TERF2","s1633_S_ADR_01_ASEReadCounter.table","NW_015090842.1:10321897",41,78,37
"TERF2","s1633_S_ADR_01_ASEReadCounter.table","NW_015090842.1:10321908",37,70,33
"TERF2","s1633_S_ADR_01_ASEReadCounter.table","NW_015090842.1:10322001",41,89,48
"TERF2","s1633_S_ADR_01_ASEReadCounter.table","NW_015090842.1:10322035",29,71,42
"TERF2","s1633_S_ADR_01_ASEReadCounter.table","NW_015090842.1:10322051",33,80,47
"TERF2","s1633_S_ADR_01_ASEReadCounter.table","NW_015090842.1:10322137",37,81,44
"TERF2","s1633_S_ADR_01_ASEReadCounter.table","NW_015090842.1:10322144",33,77,44
"TERF2","s1633_S_ADR_01_ASEReadCounter.table","NW_015090842.1:10322388",26,79,53
"TERF2","s1633_S_ADR_01_ASEReadCounter.table","NW_015090842.1:10322396",27,73,46
"TERF2","s1633_S_ADR_01_ASEReadCounter.table","NW_015090842.1:10322502",34,81,47
"TERF2","s1633_S_ADR_01_ASEReadCounter.table","NW_015090842.1:10322504",33,78,45
"TERF2","s1633_S_ADR_01_ASEReadCounter.table","NW_015090842.1:10322510",35,93,58
"TERF2","s1633_S_ADR_01_ASEReadCounter.table","NW_015090842.1:10323580",43,94,51
"TERF2","s1633_S_ADR_01_ASEReadCounter.table","NW_015090842.1:10324314",50,99,49
"TERF2","s1633_S_ADR_01_ASEReadCounter.table","NW_015090842.1:10326832",40,85,45
"TERF2","s1633_S_ADR_01_ASEReadCounter.table","NW_015090842.1:10327787",34,61,27
"TERF2","s1633_S_ADR_01_ASEReadCounter.table","NW_015090842.1:10328588",48,89,41
"TERF2","s1633_S_ADR_01_ASEReadCounter.table","NW_015090842.1:10328644",33,63,30
"TERF2","s1633_S_ADR_01_ASEReadCounter.table","NW_015090842.1:10329813",25,72,47
"TERF2","s1633_S_ADR_01_ASEReadCounter.table","NW_015090842.1:10330749",31,74,43
"TERF2","s1633_S_ADR_01_ASEReadCounter.table","NW_015090842.1:10330789",32,81,49
"CYB5B","s1633_S_ADR_01_ASEReadCounter.table","NW_015090842.1:10336595",20,57,37
"CYB5B","s1633_S_ADR_01_ASEReadCounter.table","NW_015090842.1:10336667",131,272,141
"CYB5B","s1633_S_ADR_01_ASEReadCounter.table","NW_015090842.1:10336689",205,402,197
"CYB5B","s1633_S_ADR_01_ASEReadCounter.table","NW_015090842.1:10336728",278,545,267
"CYB5B","s1633_S_ADR_01_ASEReadCounter.table","NW_015090842.1:10345068",302,561,259
"CYB5B","s1633_S_ADR_01_ASEReadCounter.table","NW_015090842.1:10348800",377,719,342
"CYB5B","s1633_S_ADR_01_ASEReadCounter.table","NW_015090842.1:10349046",258,516,258
"CYB5B","s1633_S_ADR_01_ASEReadCounter.table","NW_015090842.1:10349119",140,367,227
"CYB5B","s1633_S_ADR_01_ASEReadCounter.table","NW_015090842.1:10349146",65,298,233
"CYB5B","s1633_S_ADR_01_ASEReadCounter.table","NW_015090842.1:10349157",130,373,243
"CYB5B","s1633_S_ADR_01_ASEReadCounter.table","NW_015090842.1:10349263",343,344,1
