"gene","id","snp","ref_count","total_count","alt_count"
"CENPN","s1633_S_POA_03_ASEReadCounter.table","NW_015090842.1:5801612",0,1,1
"CENPN","s1633_S_POA_03_ASEReadCounter.table","NW_015090842.1:5801618",0,1,1
"CENPN","s1633_S_POA_03_ASEReadCounter.table","NW_015090842.1:5801623",0,1,1
"CENPN","s1633_S_POA_03_ASEReadCounter.table","NW_015090842.1:5801631",0,1,1
"CENPN","s1633_S_POA_03_ASEReadCounter.table","NW_015090842.1:5801632",0,1,1
"CENPN","s1633_S_POA_03_ASEReadCounter.table","NW_015090842.1:5801655",0,1,1
"CENPN","s1633_S_POA_03_ASEReadCounter.table","NW_015090842.1:5801670",0,1,1
"CENPN","s1633_S_POA_03_ASEReadCounter.table","NW_015090842.1:5801674",0,1,1
"CENPN","s1633_S_POA_03_ASEReadCounter.table","NW_015090842.1:5801692",0,1,1
"CENPN","s1633_S_POA_03_ASEReadCounter.table","NW_015090842.1:5802008",0,2,2
"CENPN","s1633_S_POA_03_ASEReadCounter.table","NW_015090842.1:5802012",0,2,2
"CENPN","s1633_S_POA_03_ASEReadCounter.table","NW_015090842.1:5802087",1,5,4
"CENPN","s1633_S_POA_03_ASEReadCounter.table","NW_015090842.1:5810113",5,6,1
"CENPN","s1633_S_POA_03_ASEReadCounter.table","NW_015090842.1:5810147",10,12,2
"CENPN","s1633_S_POA_03_ASEReadCounter.table","NW_015090842.1:5810148",10,12,2
"ATMIN","s1633_S_POA_03_ASEReadCounter.table","NW_015090842.1:5818789",1,1,0
"ATMIN","s1633_S_POA_03_ASEReadCounter.table","NW_015090842.1:5819958",3,4,1
"ATMIN","s1633_S_POA_03_ASEReadCounter.table","NW_015090842.1:5820004",5,6,1
"ATMIN","s1633_S_POA_03_ASEReadCounter.table","NW_015090842.1:5820217",5,7,2
"ATMIN","s1633_S_POA_03_ASEReadCounter.table","NW_015090842.1:5820250",5,8,3
"ATMIN","s1633_S_POA_03_ASEReadCounter.table","NW_015090842.1:5820298",4,7,3
"ATMIN","s1633_S_POA_03_ASEReadCounter.table","NW_015090842.1:5820417",3,7,4
"ATMIN","s1633_S_POA_03_ASEReadCounter.table","NW_015090842.1:5820421",3,7,4
"ATMIN","s1633_S_POA_03_ASEReadCounter.table","NW_015090842.1:5820448",3,6,3
"ATMIN","s1633_S_POA_03_ASEReadCounter.table","NW_015090842.1:5820457",3,5,2
"ATMIN","s1633_S_POA_03_ASEReadCounter.table","NW_015090842.1:5820510",3,4,1
"ATMIN","s1633_S_POA_03_ASEReadCounter.table","NW_015090842.1:5820673",1,3,2
"ATMIN","s1633_S_POA_03_ASEReadCounter.table","NW_015090842.1:5820754",2,2,0
"ATMIN","s1633_S_POA_03_ASEReadCounter.table","NW_015090842.1:5820820",2,4,2
"ATMIN","s1633_S_POA_03_ASEReadCounter.table","NW_015090842.1:5820865",1,3,2
"ATMIN","s1633_S_POA_03_ASEReadCounter.table","NW_015090842.1:5820889",2,4,2
"ATMIN","s1633_S_POA_03_ASEReadCounter.table","NW_015090842.1:5820891",2,4,2
"ATMIN","s1633_S_POA_03_ASEReadCounter.table","NW_015090842.1:5820997",5,9,4
"ATMIN","s1633_S_POA_03_ASEReadCounter.table","NW_015090842.1:5821063",6,10,4
"ATMIN","s1633_S_POA_03_ASEReadCounter.table","NW_015090842.1:5821132",4,6,2
"ATMIN","s1633_S_POA_03_ASEReadCounter.table","NW_015090842.1:5821645",5,10,5
"ATMIN","s1633_S_POA_03_ASEReadCounter.table","NW_015090842.1:5825066",16,26,10
"ATMIN","s1633_S_POA_03_ASEReadCounter.table","NW_015090842.1:5825106",22,30,8
"ATMIN","s1633_S_POA_03_ASEReadCounter.table","NW_015090842.1:5825122",20,25,5
"ATMIN","s1633_S_POA_03_ASEReadCounter.table","NW_015090842.1:5825178",21,38,17
"ATMIN","s1633_S_POA_03_ASEReadCounter.table","NW_015090842.1:5825194",17,31,14
"ATMIN","s1633_S_POA_03_ASEReadCounter.table","NW_015090842.1:5825195",17,33,16
"ATMIN","s1633_S_POA_03_ASEReadCounter.table","NW_015090842.1:5825220",18,34,16
"ATMIN","s1633_S_POA_03_ASEReadCounter.table","NW_015090842.1:5825240",23,41,18
"ATMIN","s1633_S_POA_03_ASEReadCounter.table","NW_015090842.1:5825303",25,48,23
"ATMIN","s1633_S_POA_03_ASEReadCounter.table","NW_015090842.1:5825304",26,50,24
"ATMIN","s1633_S_POA_03_ASEReadCounter.table","NW_015090842.1:5825310",25,48,23
"ATMIN","s1633_S_POA_03_ASEReadCounter.table","NW_015090842.1:5825406",25,40,15
"ATMIN","s1633_S_POA_03_ASEReadCounter.table","NW_015090842.1:5825415",24,42,18
"ATMIN","s1633_S_POA_03_ASEReadCounter.table","NW_015090842.1:5825438",24,40,16
"ATMIN","s1633_S_POA_03_ASEReadCounter.table","NW_015090842.1:5825485",21,44,23
"ATMIN","s1633_S_POA_03_ASEReadCounter.table","NW_015090842.1:5825524",20,43,23
"ATMIN","s1633_S_POA_03_ASEReadCounter.table","NW_015090842.1:5825557",23,54,31
"ATMIN","s1633_S_POA_03_ASEReadCounter.table","NW_015090842.1:5825571",23,54,31
"ATMIN","s1633_S_POA_03_ASEReadCounter.table","NW_015090842.1:5825579",23,53,30
"ATMIN","s1633_S_POA_03_ASEReadCounter.table","NW_015090842.1:5825590",20,49,29
"ATMIN","s1633_S_POA_03_ASEReadCounter.table","NW_015090842.1:5825689",28,55,27
"ATMIN","s1633_S_POA_03_ASEReadCounter.table","NW_015090842.1:5825703",32,64,32
"ATMIN","s1633_S_POA_03_ASEReadCounter.table","NW_015090842.1:5825787",25,58,33
"ATMIN","s1633_S_POA_03_ASEReadCounter.table","NW_015090842.1:5825833",22,57,35
"ATMIN","s1633_S_POA_03_ASEReadCounter.table","NW_015090842.1:5825841",20,56,36
"ATMIN","s1633_S_POA_03_ASEReadCounter.table","NW_015090842.1:5825895",26,58,32
"ATMIN","s1633_S_POA_03_ASEReadCounter.table","NW_015090842.1:5825984",28,69,41
"ATMIN","s1633_S_POA_03_ASEReadCounter.table","NW_015090842.1:5826162",37,83,46
"ATMIN","s1633_S_POA_03_ASEReadCounter.table","NW_015090842.1:5826194",49,99,50
"ATMIN","s1633_S_POA_03_ASEReadCounter.table","NW_015090842.1:5826235",56,110,54
"ATMIN","s1633_S_POA_03_ASEReadCounter.table","NW_015090842.1:5826245",55,114,59
"ATMIN","s1633_S_POA_03_ASEReadCounter.table","NW_015090842.1:5826335",35,72,37
"ATMIN","s1633_S_POA_03_ASEReadCounter.table","NW_015090842.1:5826417",48,83,35
"ATMIN","s1633_S_POA_03_ASEReadCounter.table","NW_015090842.1:5826431",34,90,56
"ATMIN","s1633_S_POA_03_ASEReadCounter.table","NW_015090842.1:5826438",38,79,41
"ATMIN","s1633_S_POA_03_ASEReadCounter.table","NW_015090842.1:5826463",46,106,60
"ATMIN","s1633_S_POA_03_ASEReadCounter.table","NW_015090842.1:5826502",47,110,63
"ATMIN","s1633_S_POA_03_ASEReadCounter.table","NW_015090842.1:5826511",49,119,70
"ATMIN","s1633_S_POA_03_ASEReadCounter.table","NW_015090842.1:5826659",50,115,65
"ATMIN","s1633_S_POA_03_ASEReadCounter.table","NW_015090842.1:5826701",43,116,73
"ATMIN","s1633_S_POA_03_ASEReadCounter.table","NW_015090842.1:5826702",43,118,75
"ATMIN","s1633_S_POA_03_ASEReadCounter.table","NW_015090842.1:5826732",59,135,76
"ATMIN","s1633_S_POA_03_ASEReadCounter.table","NW_015090842.1:5826745",63,141,78
"ATMIN","s1633_S_POA_03_ASEReadCounter.table","NW_015090842.1:5826835",67,126,59
"ATMIN","s1633_S_POA_03_ASEReadCounter.table","NW_015090842.1:5826910",56,115,59
"ATMIN","s1633_S_POA_03_ASEReadCounter.table","NW_015090842.1:5826942",52,129,77
"ATMIN","s1633_S_POA_03_ASEReadCounter.table","NW_015090842.1:5827193",104,221,117
"ATMIN","s1633_S_POA_03_ASEReadCounter.table","NW_015090842.1:5827196",99,214,115
"ATMIN","s1633_S_POA_03_ASEReadCounter.table","NW_015090842.1:5827269",115,227,112
"ATMIN","s1633_S_POA_03_ASEReadCounter.table","NW_015090842.1:5827315",83,177,94
"ATMIN","s1633_S_POA_03_ASEReadCounter.table","NW_015090842.1:5827316",83,179,96
"ATMIN","s1633_S_POA_03_ASEReadCounter.table","NW_015090842.1:5827333",86,177,91
"PPP1R3E","s1633_S_POA_03_ASEReadCounter.table","NW_015090842.1:5837733",3,4,1
"PPP1R3E","s1633_S_POA_03_ASEReadCounter.table","NW_015090842.1:5837947",2,3,1
"PKD1L2","s1633_S_POA_03_ASEReadCounter.table","NW_015090842.1:5867597",2,2,0
"PKD1L2","s1633_S_POA_03_ASEReadCounter.table","NW_015090842.1:5867600",2,2,0
"PKD1L2","s1633_S_POA_03_ASEReadCounter.table","NW_015090842.1:5867843",1,1,0
"BCO1","s1633_S_POA_03_ASEReadCounter.table","NW_015090842.1:5915610",1,2,1
"BCO1","s1633_S_POA_03_ASEReadCounter.table","NW_015090842.1:5915646",1,2,1
"BCO1","s1633_S_POA_03_ASEReadCounter.table","NW_015090842.1:5917836",1,2,1
"BCO1","s1633_S_POA_03_ASEReadCounter.table","NW_015090842.1:5917912",3,4,1
"BCO1","s1633_S_POA_03_ASEReadCounter.table","NW_015090842.1:5917941",3,4,1
"BCO1","s1633_S_POA_03_ASEReadCounter.table","NW_015090842.1:5917971",3,4,1
"BCO1","s1633_S_POA_03_ASEReadCounter.table","NW_015090842.1:5921679",1,3,2
"BCO1","s1633_S_POA_03_ASEReadCounter.table","NW_015090842.1:5921726",3,3,0
"BCO1","s1633_S_POA_03_ASEReadCounter.table","NW_015090842.1:5925669",0,4,4
"BCO1","s1633_S_POA_03_ASEReadCounter.table","NW_015090842.1:5925753",0,1,1
"BCO1","s1633_S_POA_03_ASEReadCounter.table","NW_015090842.1:5926937",1,6,5
"BCO1","s1633_S_POA_03_ASEReadCounter.table","NW_015090842.1:5927921",7,8,1
"BCO1","s1633_S_POA_03_ASEReadCounter.table","NW_015090842.1:5927948",6,7,1
"BCO1","s1633_S_POA_03_ASEReadCounter.table","NW_015090842.1:5927968",4,4,0
"BCO1","s1633_S_POA_03_ASEReadCounter.table","NW_015090842.1:5928052",2,2,0
"BCO1","s1633_S_POA_03_ASEReadCounter.table","NW_015090842.1:5932726",8,12,4
"BCO1","s1633_S_POA_03_ASEReadCounter.table","NW_015090842.1:5932801",11,15,4
"BCO1","s1633_S_POA_03_ASEReadCounter.table","NW_015090842.1:5934558",18,23,5
"BCO1","s1633_S_POA_03_ASEReadCounter.table","NW_015090842.1:5934575",18,24,6
"BCO1","s1633_S_POA_03_ASEReadCounter.table","NW_015090842.1:5934608",24,32,8
"BCO1","s1633_S_POA_03_ASEReadCounter.table","NW_015090842.1:5934647",21,27,6
"BCO1","s1633_S_POA_03_ASEReadCounter.table","NW_015090842.1:5934725",8,11,3
"BCO1","s1633_S_POA_03_ASEReadCounter.table","NW_015090842.1:5934726",9,12,3
"BCO1","s1633_S_POA_03_ASEReadCounter.table","NW_015090842.1:5934733",6,9,3
"BCO1","s1633_S_POA_03_ASEReadCounter.table","NW_015090842.1:5934821",13,18,5
"BCO1","s1633_S_POA_03_ASEReadCounter.table","NW_015090842.1:5934826",13,20,7
"BCO1","s1633_S_POA_03_ASEReadCounter.table","NW_015090842.1:5934844",10,15,5
"BCO1","s1633_S_POA_03_ASEReadCounter.table","NW_015090842.1:5934958",8,12,4
"BCO1","s1633_S_POA_03_ASEReadCounter.table","NW_015090842.1:5934976",12,16,4
"GAN","s1633_S_POA_03_ASEReadCounter.table","NW_015090842.1:5953759",7,20,13
"GAN","s1633_S_POA_03_ASEReadCounter.table","NW_015090842.1:5957502",9,27,18
"GAN","s1633_S_POA_03_ASEReadCounter.table","NW_015090842.1:5957578",16,36,20
"GAN","s1633_S_POA_03_ASEReadCounter.table","NW_015090842.1:5965028",11,34,23
"GAN","s1633_S_POA_03_ASEReadCounter.table","NW_015090842.1:5966047",23,55,32
"GAN","s1633_S_POA_03_ASEReadCounter.table","NW_015090842.1:5966126",11,41,30
"GAN","s1633_S_POA_03_ASEReadCounter.table","NW_015090842.1:5966127",11,41,30
"GAN","s1633_S_POA_03_ASEReadCounter.table","NW_015090842.1:5966162",23,57,34
"GAN","s1633_S_POA_03_ASEReadCounter.table","NW_015090842.1:5966483",52,107,55
"CMIP","s1633_S_POA_03_ASEReadCounter.table","NW_015090842.1:6109159",13,24,11
"CMIP","s1633_S_POA_03_ASEReadCounter.table","NW_015090842.1:6109166",12,22,10
"CMIP","s1633_S_POA_03_ASEReadCounter.table","NW_015090842.1:6114641",19,36,17
"CMIP","s1633_S_POA_03_ASEReadCounter.table","NW_015090842.1:6114751",11,25,14
"CMIP","s1633_S_POA_03_ASEReadCounter.table","NW_015090842.1:6114824",18,34,16
"CMIP","s1633_S_POA_03_ASEReadCounter.table","NW_015090842.1:6128998",23,57,34
"CMIP","s1633_S_POA_03_ASEReadCounter.table","NW_015090842.1:6130562",57,109,52
"CMIP","s1633_S_POA_03_ASEReadCounter.table","NW_015090842.1:6132522",43,85,42
"CMIP","s1633_S_POA_03_ASEReadCounter.table","NW_015090842.1:6134088",59,119,60
"CMIP","s1633_S_POA_03_ASEReadCounter.table","NW_015090842.1:6138265",106,273,167
"CMIP","s1633_S_POA_03_ASEReadCounter.table","NW_015090842.1:6138300",119,293,174
"CMIP","s1633_S_POA_03_ASEReadCounter.table","NW_015090842.1:6138342",109,243,134
"CMIP","s1633_S_POA_03_ASEReadCounter.table","NW_015090842.1:6138343",110,242,132
"CMIP","s1633_S_POA_03_ASEReadCounter.table","NW_015090842.1:6138345",109,233,124
"CMIP","s1633_S_POA_03_ASEReadCounter.table","NW_015090842.1:6138647",75,154,79
"CMIP","s1633_S_POA_03_ASEReadCounter.table","NW_015090842.1:6138745",96,193,97
"CMIP","s1633_S_POA_03_ASEReadCounter.table","NW_015090842.1:6138832",23,70,47
"CMIP","s1633_S_POA_03_ASEReadCounter.table","NW_015090842.1:6138967",102,211,109
"CMIP","s1633_S_POA_03_ASEReadCounter.table","NW_015090842.1:6139131",67,118,51
"CMIP","s1633_S_POA_03_ASEReadCounter.table","NW_015090842.1:6139163",26,92,66
"CMIP","s1633_S_POA_03_ASEReadCounter.table","NW_015090842.1:6139360",46,75,29
"CMIP","s1633_S_POA_03_ASEReadCounter.table","NW_015090842.1:6139572",23,52,29
"CMIP","s1633_S_POA_03_ASEReadCounter.table","NW_015090842.1:6139773",127,127,0
"PLCG2","s1633_S_POA_03_ASEReadCounter.table","NW_015090842.1:6179613",4,10,6
"PLCG2","s1633_S_POA_03_ASEReadCounter.table","NW_015090842.1:6179658",4,11,7
"PLCG2","s1633_S_POA_03_ASEReadCounter.table","NW_015090842.1:6203766",1,1,0
"PLCG2","s1633_S_POA_03_ASEReadCounter.table","NW_015090842.1:6203775",1,1,0
"PLCG2","s1633_S_POA_03_ASEReadCounter.table","NW_015090842.1:6203787",1,1,0
"PLCG2","s1633_S_POA_03_ASEReadCounter.table","NW_015090842.1:6205047",1,5,4
"PLCG2","s1633_S_POA_03_ASEReadCounter.table","NW_015090842.1:6208541",0,2,2
"PLCG2","s1633_S_POA_03_ASEReadCounter.table","NW_015090842.1:6209741",1,2,1
"PLCG2","s1633_S_POA_03_ASEReadCounter.table","NW_015090842.1:6209798",1,1,0
"PLCG2","s1633_S_POA_03_ASEReadCounter.table","NW_015090842.1:6209816",1,1,0
"PLCG2","s1633_S_POA_03_ASEReadCounter.table","NW_015090842.1:6217547",0,7,7
"PLCG2","s1633_S_POA_03_ASEReadCounter.table","NW_015090842.1:6218641",0,7,7
"PLCG2","s1633_S_POA_03_ASEReadCounter.table","NW_015090842.1:6220552",0,6,6
"PLCG2","s1633_S_POA_03_ASEReadCounter.table","NW_015090842.1:6221969",1,7,6
"PLCG2","s1633_S_POA_03_ASEReadCounter.table","NW_015090842.1:6228672",1,7,6
"PLCG2","s1633_S_POA_03_ASEReadCounter.table","NW_015090842.1:6228694",2,8,6
"PLCG2","s1633_S_POA_03_ASEReadCounter.table","NW_015090842.1:6228722",2,9,7
"PLCG2","s1633_S_POA_03_ASEReadCounter.table","NW_015090842.1:6228747",1,11,10
"PLCG2","s1633_S_POA_03_ASEReadCounter.table","NW_015090842.1:6228835",1,14,13
"PLCG2","s1633_S_POA_03_ASEReadCounter.table","NW_015090842.1:6228841",1,14,13
"PLCG2","s1633_S_POA_03_ASEReadCounter.table","NW_015090842.1:6228865",2,14,12
"PLCG2","s1633_S_POA_03_ASEReadCounter.table","NW_015090842.1:6228917",2,11,9
"PLCG2","s1633_S_POA_03_ASEReadCounter.table","NW_015090842.1:6228926",2,11,9
"PLCG2","s1633_S_POA_03_ASEReadCounter.table","NW_015090842.1:6228954",2,7,5
"PLCG2","s1633_S_POA_03_ASEReadCounter.table","NW_015090842.1:6229002",2,6,4
"PLCG2","s1633_S_POA_03_ASEReadCounter.table","NW_015090842.1:6229006",2,5,3
"PLCG2","s1633_S_POA_03_ASEReadCounter.table","NW_015090842.1:6229081",3,6,3
"PLCG2","s1633_S_POA_03_ASEReadCounter.table","NW_015090842.1:6229097",1,3,2
"PLCG2","s1633_S_POA_03_ASEReadCounter.table","NW_015090842.1:6229160",1,4,3
"PLCG2","s1633_S_POA_03_ASEReadCounter.table","NW_015090842.1:6229213",1,3,2
"PLCG2","s1633_S_POA_03_ASEReadCounter.table","NW_015090842.1:6229231",1,3,2
"PLCG2","s1633_S_POA_03_ASEReadCounter.table","NW_015090842.1:6229663",0,4,4
"PLCG2","s1633_S_POA_03_ASEReadCounter.table","NW_015090842.1:6229748",1,2,1
"PLCG2","s1633_S_POA_03_ASEReadCounter.table","NW_015090842.1:6229892",1,2,1
"PLCG2","s1633_S_POA_03_ASEReadCounter.table","NW_015090842.1:6230248",2,2,0
"PLCG2","s1633_S_POA_03_ASEReadCounter.table","NW_015090842.1:6230255",2,2,0
"PLCG2","s1633_S_POA_03_ASEReadCounter.table","NW_015090842.1:6230296",2,2,0
"PLCG2","s1633_S_POA_03_ASEReadCounter.table","NW_015090842.1:6230349",0,2,2
"PLCG2","s1633_S_POA_03_ASEReadCounter.table","NW_015090842.1:6230381",0,3,3
"PLCG2","s1633_S_POA_03_ASEReadCounter.table","NW_015090842.1:6230408",0,3,3
"PLCG2","s1633_S_POA_03_ASEReadCounter.table","NW_015090842.1:6230439",0,3,3
"PLCG2","s1633_S_POA_03_ASEReadCounter.table","NW_015090842.1:6230757",1,1,0
"PLCG2","s1633_S_POA_03_ASEReadCounter.table","NW_015090842.1:6230758",1,1,0
"PLCG2","s1633_S_POA_03_ASEReadCounter.table","NW_015090842.1:6230898",4,6,2
"PLCG2","s1633_S_POA_03_ASEReadCounter.table","NW_015090842.1:6230976",4,5,1
"PLCG2","s1633_S_POA_03_ASEReadCounter.table","NW_015090842.1:6231078",4,6,2
"PLCG2","s1633_S_POA_03_ASEReadCounter.table","NW_015090842.1:6231138",5,8,3
"PLCG2","s1633_S_POA_03_ASEReadCounter.table","NW_015090842.1:6231177",3,5,2
"PLCG2","s1633_S_POA_03_ASEReadCounter.table","NW_015090842.1:6231263",4,5,1
"PLCG2","s1633_S_POA_03_ASEReadCounter.table","NW_015090842.1:6231309",2,3,1
"SDR42E1","s1633_S_POA_03_ASEReadCounter.table","NW_015090842.1:6235292",1,5,4
"SDR42E1","s1633_S_POA_03_ASEReadCounter.table","NW_015090842.1:6235315",3,9,6
"SDR42E1","s1633_S_POA_03_ASEReadCounter.table","NW_015090842.1:6235348",6,13,7
"SDR42E1","s1633_S_POA_03_ASEReadCounter.table","NW_015090842.1:6235355",6,13,7
"SDR42E1","s1633_S_POA_03_ASEReadCounter.table","NW_015090842.1:6235417",5,16,11
"SDR42E1","s1633_S_POA_03_ASEReadCounter.table","NW_015090842.1:6235526",15,15,0
"SDR42E1","s1633_S_POA_03_ASEReadCounter.table","NW_015090842.1:6235558",3,14,11
"SDR42E1","s1633_S_POA_03_ASEReadCounter.table","NW_015090842.1:6235603",14,14,0
"SDR42E1","s1633_S_POA_03_ASEReadCounter.table","NW_015090842.1:6235741",3,16,13
"SDR42E1","s1633_S_POA_03_ASEReadCounter.table","NW_015090842.1:6235777",2,14,12
"SDR42E1","s1633_S_POA_03_ASEReadCounter.table","NW_015090842.1:6235806",4,19,15
"SDR42E1","s1633_S_POA_03_ASEReadCounter.table","NW_015090842.1:6235809",4,19,15
"SDR42E1","s1633_S_POA_03_ASEReadCounter.table","NW_015090842.1:6235816",4,18,14
"SDR42E1","s1633_S_POA_03_ASEReadCounter.table","NW_015090842.1:6235914",4,11,7
"SDR42E1","s1633_S_POA_03_ASEReadCounter.table","NW_015090842.1:6235935",4,15,11
"SDR42E1","s1633_S_POA_03_ASEReadCounter.table","NW_015090842.1:6235957",6,13,7
"SDR42E1","s1633_S_POA_03_ASEReadCounter.table","NW_015090842.1:6236040",5,11,6
"SDR42E1","s1633_S_POA_03_ASEReadCounter.table","NW_015090842.1:6236260",3,11,8
"SDR42E1","s1633_S_POA_03_ASEReadCounter.table","NW_015090842.1:6236281",4,10,6
"SDR42E1","s1633_S_POA_03_ASEReadCounter.table","NW_015090842.1:6236305",5,10,5
"SDR42E1","s1633_S_POA_03_ASEReadCounter.table","NW_015090842.1:6236458",3,12,9
"SDR42E1","s1633_S_POA_03_ASEReadCounter.table","NW_015090842.1:6236476",4,15,11
"SDR42E1","s1633_S_POA_03_ASEReadCounter.table","NW_015090842.1:6236608",1,6,5
"SDR42E1","s1633_S_POA_03_ASEReadCounter.table","NW_015090842.1:6238244",1,3,2
"SDR42E1","s1633_S_POA_03_ASEReadCounter.table","NW_015090842.1:6238829",0,1,1
"HSD17B2","s1633_S_POA_03_ASEReadCounter.table","NW_015090842.1:6266795",0,1,1
"HSD17B2","s1633_S_POA_03_ASEReadCounter.table","NW_015090842.1:6267053",0,1,1
"HSD17B2","s1633_S_POA_03_ASEReadCounter.table","NW_015090842.1:6267196",0,2,2
"HSD17B2","s1633_S_POA_03_ASEReadCounter.table","NW_015090842.1:6267273",0,1,1
"HSD17B2","s1633_S_POA_03_ASEReadCounter.table","NW_015090842.1:6267358",0,1,1
"ARY2","s1633_S_POA_03_ASEReadCounter.table","NW_015090842.1:6303922",17,31,14
"ARY2","s1633_S_POA_03_ASEReadCounter.table","NW_015090842.1:6303954",18,30,12
"ARY2","s1633_S_POA_03_ASEReadCounter.table","NW_015090842.1:6303979",19,31,12
"ARY2","s1633_S_POA_03_ASEReadCounter.table","NW_015090842.1:6305848",20,38,18
"ARY2","s1633_S_POA_03_ASEReadCounter.table","NW_015090842.1:6305856",19,38,19
"ARY2","s1633_S_POA_03_ASEReadCounter.table","NW_015090842.1:6305857",19,38,19
"ARY2","s1633_S_POA_03_ASEReadCounter.table","NW_015090842.1:6306017",19,39,20
"ARY2","s1633_S_POA_03_ASEReadCounter.table","NW_015090842.1:6306052",19,37,18
"ARY2","s1633_S_POA_03_ASEReadCounter.table","NW_015090842.1:6306094",29,50,21
"ARY2","s1633_S_POA_03_ASEReadCounter.table","NW_015090842.1:6306100",29,51,22
"ARY2","s1633_S_POA_03_ASEReadCounter.table","NW_015090842.1:6306146",30,60,30
"ARY2","s1633_S_POA_03_ASEReadCounter.table","NW_015090842.1:6306147",31,59,28
"ARY2","s1633_S_POA_03_ASEReadCounter.table","NW_015090842.1:6306390",26,51,25
"ARY2","s1633_S_POA_03_ASEReadCounter.table","NW_015090842.1:6306567",31,52,21
"ARY2","s1633_S_POA_03_ASEReadCounter.table","NW_015090842.1:6306705",26,36,10
"ARY2","s1633_S_POA_03_ASEReadCounter.table","NW_015090842.1:6306713",39,39,0
"ARY2","s1633_S_POA_03_ASEReadCounter.table","NW_015090842.1:6306773",29,42,13
"ARY2","s1633_S_POA_03_ASEReadCounter.table","NW_015090842.1:6307039",34,47,13
"ARY2","s1633_S_POA_03_ASEReadCounter.table","NW_015090842.1:6307043",32,45,13
"ARY2","s1633_S_POA_03_ASEReadCounter.table","NW_015090842.1:6307093",34,45,11
"ARY2","s1633_S_POA_03_ASEReadCounter.table","NW_015090842.1:6307138",34,47,13
"ARY2","s1633_S_POA_03_ASEReadCounter.table","NW_015090842.1:6307157",36,53,17
"ARY2","s1633_S_POA_03_ASEReadCounter.table","NW_015090842.1:6307187",42,61,19
"ARY2","s1633_S_POA_03_ASEReadCounter.table","NW_015090842.1:6307278",35,49,14
"ARY2","s1633_S_POA_03_ASEReadCounter.table","NW_015090842.1:6307305",47,61,14
"ARY2","s1633_S_POA_03_ASEReadCounter.table","NW_015090842.1:6307318",38,57,19
"ARY2","s1633_S_POA_03_ASEReadCounter.table","NW_015090842.1:6307429",61,79,18
"ARY2","s1633_S_POA_03_ASEReadCounter.table","NW_015090842.1:6307487",39,67,28
"ARY2","s1633_S_POA_03_ASEReadCounter.table","NW_015090842.1:6307670",36,49,13
"ARYL","s1633_S_POA_03_ASEReadCounter.table","NW_015090842.1:6313360",2,4,2
"ARYL","s1633_S_POA_03_ASEReadCounter.table","NW_015090842.1:6313377",1,2,1
"ARYL","s1633_S_POA_03_ASEReadCounter.table","NW_015090842.1:6313767",1,3,2
"ARY1","s1633_S_POA_03_ASEReadCounter.table","NW_015090842.1:6314296",2,6,4
"ARY1","s1633_S_POA_03_ASEReadCounter.table","NW_015090842.1:6314541",3,3,0
"ARY1","s1633_S_POA_03_ASEReadCounter.table","NW_015090842.1:6314597",6,6,0
"ARY1","s1633_S_POA_03_ASEReadCounter.table","NW_015090842.1:6314750",8,9,1
"ARY1","s1633_S_POA_03_ASEReadCounter.table","NW_015090842.1:6314794",5,7,2
"ARY1","s1633_S_POA_03_ASEReadCounter.table","NW_015090842.1:6314827",3,5,2
"ARY1","s1633_S_POA_03_ASEReadCounter.table","NW_015090842.1:6314843",3,5,2
"ARY1","s1633_S_POA_03_ASEReadCounter.table","NW_015090842.1:6314859",5,7,2
"ARY1","s1633_S_POA_03_ASEReadCounter.table","NW_015090842.1:6314886",6,7,1
"ARY1","s1633_S_POA_03_ASEReadCounter.table","NW_015090842.1:6314943",11,11,0
"ARY1","s1633_S_POA_03_ASEReadCounter.table","NW_015090842.1:6314949",10,10,0
"ARY1","s1633_S_POA_03_ASEReadCounter.table","NW_015090842.1:6315022",7,10,3
"ARY1","s1633_S_POA_03_ASEReadCounter.table","NW_015090842.1:6315026",6,9,3
"ARY1","s1633_S_POA_03_ASEReadCounter.table","NW_015090842.1:6315043",7,11,4
"ARY1","s1633_S_POA_03_ASEReadCounter.table","NW_015090842.1:6315065",5,11,6
"ARY1","s1633_S_POA_03_ASEReadCounter.table","NW_015090842.1:6315409",5,7,2
"ARY1","s1633_S_POA_03_ASEReadCounter.table","NW_015090842.1:6315479",5,8,3
"ARY1","s1633_S_POA_03_ASEReadCounter.table","NW_015090842.1:6318342",10,14,4
"ARY1","s1633_S_POA_03_ASEReadCounter.table","NW_015090842.1:6318427",11,18,7
"ARY1","s1633_S_POA_03_ASEReadCounter.table","NW_015090842.1:6318603",16,20,4
"ARY1","s1633_S_POA_03_ASEReadCounter.table","NW_015090842.1:6318708",10,18,8
"ARY1","s1633_S_POA_03_ASEReadCounter.table","NW_015090842.1:6318858",11,16,5
"ARY1","s1633_S_POA_03_ASEReadCounter.table","NW_015090842.1:6318952",15,20,5
"MPHOSPH6","s1633_S_POA_03_ASEReadCounter.table","NW_015090842.1:6324063",55,130,75
"MPHOSPH6","s1633_S_POA_03_ASEReadCounter.table","NW_015090842.1:6324174",123,274,151
"MPHOSPH6","s1633_S_POA_03_ASEReadCounter.table","NW_015090842.1:6324270",134,307,173
"MPHOSPH6","s1633_S_POA_03_ASEReadCounter.table","NW_015090842.1:6324762",104,232,128
"MPHOSPH6","s1633_S_POA_03_ASEReadCounter.table","NW_015090842.1:6324772",97,214,117
"MPHOSPH6","s1633_S_POA_03_ASEReadCounter.table","NW_015090842.1:6324780",94,202,108
"MPHOSPH6","s1633_S_POA_03_ASEReadCounter.table","NW_015090842.1:6324902",106,238,132
"MPHOSPH6","s1633_S_POA_03_ASEReadCounter.table","NW_015090842.1:6324910",231,231,0
"MPHOSPH6","s1633_S_POA_03_ASEReadCounter.table","NW_015090842.1:6325066",110,216,106
"MPHOSPH6","s1633_S_POA_03_ASEReadCounter.table","NW_015090842.1:6325089",131,238,107
"MPHOSPH6","s1633_S_POA_03_ASEReadCounter.table","NW_015090842.1:6325298",128,281,153
"MPHOSPH6","s1633_S_POA_03_ASEReadCounter.table","NW_015090842.1:6325877",110,220,110
"MPHOSPH6","s1633_S_POA_03_ASEReadCounter.table","NW_015090842.1:6326976",76,156,80
"CDH13","s1633_S_POA_03_ASEReadCounter.table","NW_015090842.1:6662283",7,11,4
"CDH13","s1633_S_POA_03_ASEReadCounter.table","NW_015090842.1:6693665",3,10,7
"CDH13","s1633_S_POA_03_ASEReadCounter.table","NW_015090842.1:6693697",6,14,8
"CDH13","s1633_S_POA_03_ASEReadCounter.table","NW_015090842.1:6693712",8,16,8
"CDH13","s1633_S_POA_03_ASEReadCounter.table","NW_015090842.1:6693723",7,15,8
"CDH13","s1633_S_POA_03_ASEReadCounter.table","NW_015090842.1:6693738",8,13,5
"CDH13","s1633_S_POA_03_ASEReadCounter.table","NW_015090842.1:6823730",7,19,12
"CDH13","s1633_S_POA_03_ASEReadCounter.table","NW_015090842.1:6889713",8,21,13
"CDH13","s1633_S_POA_03_ASEReadCounter.table","NW_015090842.1:6955167",11,30,19
"MLYCD","s1633_S_POA_03_ASEReadCounter.table","NW_015090842.1:7150054",66,137,71
"MLYCD","s1633_S_POA_03_ASEReadCounter.table","NW_015090842.1:7150131",89,196,107
"MLYCD","s1633_S_POA_03_ASEReadCounter.table","NW_015090842.1:7150585",58,126,68
"MLYCD","s1633_S_POA_03_ASEReadCounter.table","NW_015090842.1:7150686",50,104,54
"MLYCD","s1633_S_POA_03_ASEReadCounter.table","NW_015090842.1:7150696",56,107,51
"MLYCD","s1633_S_POA_03_ASEReadCounter.table","NW_015090842.1:7150698",109,109,0
"MLYCD","s1633_S_POA_03_ASEReadCounter.table","NW_015090842.1:7150869",35,85,50
"MLYCD","s1633_S_POA_03_ASEReadCounter.table","NW_015090842.1:7151100",41,81,40
"MLYCD","s1633_S_POA_03_ASEReadCounter.table","NW_015090842.1:7151127",45,79,34
"MLYCD","s1633_S_POA_03_ASEReadCounter.table","NW_015090842.1:7157538",34,53,19
"MLYCD","s1633_S_POA_03_ASEReadCounter.table","NW_015090842.1:7167662",10,24,14
"MLYCD","s1633_S_POA_03_ASEReadCounter.table","NW_015090842.1:7167675",12,25,13
"MLYCD","s1633_S_POA_03_ASEReadCounter.table","NW_015090842.1:7167710",11,23,12
"MLYCD","s1633_S_POA_03_ASEReadCounter.table","NW_015090842.1:7167781",12,20,8
"MLYCD","s1633_S_POA_03_ASEReadCounter.table","NW_015090842.1:7167803",11,20,9
"MLYCD","s1633_S_POA_03_ASEReadCounter.table","NW_015090842.1:7167812",8,19,11
"MLYCD","s1633_S_POA_03_ASEReadCounter.table","NW_015090842.1:7167845",8,17,9
"MLYCD","s1633_S_POA_03_ASEReadCounter.table","NW_015090842.1:7167862",8,18,10
"MLYCD","s1633_S_POA_03_ASEReadCounter.table","NW_015090842.1:7167929",8,14,6
"MLYCD","s1633_S_POA_03_ASEReadCounter.table","NW_015090842.1:7167995",8,17,9
"MLYCD","s1633_S_POA_03_ASEReadCounter.table","NW_015090842.1:7168005",8,18,10
"MLYCD","s1633_S_POA_03_ASEReadCounter.table","NW_015090842.1:7168037",8,18,10
"HSBP1","s1633_S_POA_03_ASEReadCounter.table","NW_015090842.1:7245192",623,1099,476
"HSBP1","s1633_S_POA_03_ASEReadCounter.table","NW_015090842.1:7245226",662,1225,563
"HSBP1","s1633_S_POA_03_ASEReadCounter.table","NW_015090842.1:7245257",576,1079,503
"HSBP1","s1633_S_POA_03_ASEReadCounter.table","NW_015090842.1:7245296",504,1039,535
"HSBP1","s1633_S_POA_03_ASEReadCounter.table","NW_015090842.1:7245389",725,1351,626
"HSBP1","s1633_S_POA_03_ASEReadCounter.table","NW_015090842.1:7245400",730,1289,559
"HSBP1","s1633_S_POA_03_ASEReadCounter.table","NW_015090842.1:7245445",715,1277,562
"HSBP1","s1633_S_POA_03_ASEReadCounter.table","NW_015090842.1:7245495",614,1163,549
"HSBP1","s1633_S_POA_03_ASEReadCounter.table","NW_015090842.1:7245515",680,1269,589
"HSBP1","s1633_S_POA_03_ASEReadCounter.table","NW_015090842.1:7245733",381,788,407
"HSBP1","s1633_S_POA_03_ASEReadCounter.table","NW_015090842.1:7245771",439,825,386
"HSBP1","s1633_S_POA_03_ASEReadCounter.table","NW_015090842.1:7245813",452,807,355
"HSBP1","s1633_S_POA_03_ASEReadCounter.table","NW_015090842.1:7245926",474,886,412
"HSBP1","s1633_S_POA_03_ASEReadCounter.table","NW_015090842.1:7245927",483,887,404
"HSBP1","s1633_S_POA_03_ASEReadCounter.table","NW_015090842.1:7245933",484,870,386
"HSBP1","s1633_S_POA_03_ASEReadCounter.table","NW_015090842.1:7246002",349,699,350
"HSBP1","s1633_S_POA_03_ASEReadCounter.table","NW_015090842.1:7246094",431,749,318
"HSBP1","s1633_S_POA_03_ASEReadCounter.table","NW_015090842.1:7246167",451,761,310
"HSBP1","s1633_S_POA_03_ASEReadCounter.table","NW_015090842.1:7246183",415,707,292
"HSBP1","s1633_S_POA_03_ASEReadCounter.table","NW_015090842.1:7247285",61,72,11
"HSBP1","s1633_S_POA_03_ASEReadCounter.table","NW_015090842.1:7247651",479,932,453
"HSBP1","s1633_S_POA_03_ASEReadCounter.table","NW_015090842.1:7247657",494,942,448
"HSBP1","s1633_S_POA_03_ASEReadCounter.table","NW_015090842.1:7248520",326,607,281
"HSBP1","s1633_S_POA_03_ASEReadCounter.table","NW_015090842.1:7248535",279,513,234
"KCNG4","s1633_S_POA_03_ASEReadCounter.table","NW_015090842.1:7282481",2,2,0
"KCNG4","s1633_S_POA_03_ASEReadCounter.table","NW_015090842.1:7282500",2,2,0
"KCNG4","s1633_S_POA_03_ASEReadCounter.table","NW_015090842.1:7282542",2,2,0
"KCNG4","s1633_S_POA_03_ASEReadCounter.table","NW_015090842.1:7282579",1,1,0
"KCNG4","s1633_S_POA_03_ASEReadCounter.table","NW_015090842.1:7282630",1,1,0
"ATP2C2","s1633_S_POA_03_ASEReadCounter.table","NW_015090842.1:7413747",3,13,10
"TLDC1","s1633_S_POA_03_ASEReadCounter.table","NW_015090842.1:7421997",17,40,23
"COTL1","s1633_S_POA_03_ASEReadCounter.table","NW_015090842.1:7490707",682,1438,756
"COTL1","s1633_S_POA_03_ASEReadCounter.table","NW_015090842.1:7490708",681,1443,762
"COTL1","s1633_S_POA_03_ASEReadCounter.table","NW_015090842.1:7490711",694,1457,763
"COTL1","s1633_S_POA_03_ASEReadCounter.table","NW_015090842.1:7490739",664,1406,742
"COTL1","s1633_S_POA_03_ASEReadCounter.table","NW_015090842.1:7490785",649,1380,731
"COTL1","s1633_S_POA_03_ASEReadCounter.table","NW_015090842.1:7490820",53,859,806
"COTL1","s1633_S_POA_03_ASEReadCounter.table","NW_015090842.1:7490846",628,1319,691
"COTL1","s1633_S_POA_03_ASEReadCounter.table","NW_015090842.1:7505672",1,1,0
"KLHL36","s1633_S_POA_03_ASEReadCounter.table","NW_015090842.1:7526337",41,41,0
"KLHL36","s1633_S_POA_03_ASEReadCounter.table","NW_015090842.1:7537681",161,161,0
"USP10","s1633_S_POA_03_ASEReadCounter.table","NW_015090842.1:7572213",36,62,26
"USP10","s1633_S_POA_03_ASEReadCounter.table","NW_015090842.1:7572358",37,37,0
"CRISPLD2","s1633_S_POA_03_ASEReadCounter.table","NW_015090842.1:7619796",1,1,0
"CRISPLD2","s1633_S_POA_03_ASEReadCounter.table","NW_015090842.1:7630779",10,10,0
"CRISPLD2","s1633_S_POA_03_ASEReadCounter.table","NW_015090842.1:7633611",10,10,0
"CRISPLD2","s1633_S_POA_03_ASEReadCounter.table","NW_015090842.1:7633787",6,14,8
"CRISPLD2","s1633_S_POA_03_ASEReadCounter.table","NW_015090842.1:7634023",3,5,2
"CRISPLD2","s1633_S_POA_03_ASEReadCounter.table","NW_015090842.1:7634620",5,5,0
"CRISPLD2","s1633_S_POA_03_ASEReadCounter.table","NW_015090842.1:7636315",3,6,3
"MTHFSD","s1633_S_POA_03_ASEReadCounter.table","NW_015090842.1:8152578",15,36,21
"DUSP15","s1633_S_POA_03_ASEReadCounter.table","NW_015090842.1:8422840",2,2,0
"DUSP15","s1633_S_POA_03_ASEReadCounter.table","NW_015090842.1:8431988",0,1,1
"EMC8","s1633_S_POA_03_ASEReadCounter.table","NW_015090842.1:8452385",23,58,35
"GINS2","s1633_S_POA_03_ASEReadCounter.table","NW_015090842.1:8467469",19,19,0
"GINS2","s1633_S_POA_03_ASEReadCounter.table","NW_015090842.1:8470290",30,62,32
"GINS2","s1633_S_POA_03_ASEReadCounter.table","NW_015090842.1:8470305",29,62,33
"GINS2","s1633_S_POA_03_ASEReadCounter.table","NW_015090842.1:8470376",25,56,31
"GINS2","s1633_S_POA_03_ASEReadCounter.table","NW_015090842.1:8471057",0,7,7
"GSE1","s1633_S_POA_03_ASEReadCounter.table","NW_015090842.1:8483570",1,1,0
"KIAA0513","s1633_S_POA_03_ASEReadCounter.table","NW_015090842.1:8674736",83,83,0
"KIAA0513","s1633_S_POA_03_ASEReadCounter.table","NW_015090842.1:8693655",9,9,0
"ZCCHC14","s1633_S_POA_03_ASEReadCounter.table","NW_015090842.1:8750189",132,132,0
"JPH3","s1633_S_POA_03_ASEReadCounter.table","NW_015090842.1:8872294",43,106,63
"KLHDC4","s1633_S_POA_03_ASEReadCounter.table","NW_015090842.1:8891175",82,196,114
"KLHDC4","s1633_S_POA_03_ASEReadCounter.table","NW_015090842.1:8905251",30,47,17
"KLHDC4","s1633_S_POA_03_ASEReadCounter.table","NW_015090842.1:8919630",4,5,1
"SLC7A5","s1633_S_POA_03_ASEReadCounter.table","NW_015090842.1:8940382",236,236,0
"SLC7A5","s1633_S_POA_03_ASEReadCounter.table","NW_015090842.1:8941818",96,96,0
"SLC7A5","s1633_S_POA_03_ASEReadCounter.table","NW_015090842.1:8944655",58,58,0
"CA5A","s1633_S_POA_03_ASEReadCounter.table","NW_015090842.1:8989479",67,124,57
"CA5A","s1633_S_POA_03_ASEReadCounter.table","NW_015090842.1:8989562",77,147,70
"CA5A","s1633_S_POA_03_ASEReadCounter.table","NW_015090842.1:8989609",78,151,73
"CA5A","s1633_S_POA_03_ASEReadCounter.table","NW_015090842.1:8989693",85,178,93
"CA5A","s1633_S_POA_03_ASEReadCounter.table","NW_015090842.1:8989702",85,178,93
"CA5A","s1633_S_POA_03_ASEReadCounter.table","NW_015090842.1:8989746",92,187,95
"CA5A","s1633_S_POA_03_ASEReadCounter.table","NW_015090842.1:8989880",61,138,77
"CA5A","s1633_S_POA_03_ASEReadCounter.table","NW_015090842.1:8989885",63,139,76
"CA5A","s1633_S_POA_03_ASEReadCounter.table","NW_015090842.1:8989929",68,138,70
"CA5A","s1633_S_POA_03_ASEReadCounter.table","NW_015090842.1:8990002",61,134,73
"CA5A","s1633_S_POA_03_ASEReadCounter.table","NW_015090842.1:8990004",62,135,73
"CA5A","s1633_S_POA_03_ASEReadCounter.table","NW_015090842.1:8990005",62,134,72
"CA5A","s1633_S_POA_03_ASEReadCounter.table","NW_015090842.1:8990017",62,135,73
"CA5A","s1633_S_POA_03_ASEReadCounter.table","NW_015090842.1:8990043",58,121,63
"CA5A","s1633_S_POA_03_ASEReadCounter.table","NW_015090842.1:8990080",54,114,60
"CA5A","s1633_S_POA_03_ASEReadCounter.table","NW_015090842.1:8990084",52,113,61
"CA5A","s1633_S_POA_03_ASEReadCounter.table","NW_015090842.1:8990090",57,117,60
"CA5A","s1633_S_POA_03_ASEReadCounter.table","NW_015090842.1:8990095",53,114,61
"CA5A","s1633_S_POA_03_ASEReadCounter.table","NW_015090842.1:8990111",45,108,63
"CA5A","s1633_S_POA_03_ASEReadCounter.table","NW_015090842.1:8990112",44,104,60
"CA5A","s1633_S_POA_03_ASEReadCounter.table","NW_015090842.1:8990115",53,112,59
"CA5A","s1633_S_POA_03_ASEReadCounter.table","NW_015090842.1:8990166",46,93,47
"CA5A","s1633_S_POA_03_ASEReadCounter.table","NW_015090842.1:8990169",53,100,47
"CA5A","s1633_S_POA_03_ASEReadCounter.table","NW_015090842.1:8990222",47,82,35
"CA5A","s1633_S_POA_03_ASEReadCounter.table","NW_015090842.1:8990289",47,95,48
"CA5A","s1633_S_POA_03_ASEReadCounter.table","NW_015090842.1:8990314",47,98,51
"CA5A","s1633_S_POA_03_ASEReadCounter.table","NW_015090842.1:8990361",46,87,41
"CA5A","s1633_S_POA_03_ASEReadCounter.table","NW_015090842.1:8990368",45,86,41
"CA5A","s1633_S_POA_03_ASEReadCounter.table","NW_015090842.1:8990429",38,69,31
"CA5A","s1633_S_POA_03_ASEReadCounter.table","NW_015090842.1:8990466",25,59,34
"CA5A","s1633_S_POA_03_ASEReadCounter.table","NW_015090842.1:8990663",32,66,34
"CA5A","s1633_S_POA_03_ASEReadCounter.table","NW_015090842.1:8990797",26,50,24
"CA5A","s1633_S_POA_03_ASEReadCounter.table","NW_015090842.1:8990836",30,49,19
"CA5A","s1633_S_POA_03_ASEReadCounter.table","NW_015090842.1:8990842",31,50,19
"CA5A","s1633_S_POA_03_ASEReadCounter.table","NW_015090842.1:8990851",29,49,20
"CA5A","s1633_S_POA_03_ASEReadCounter.table","NW_015090842.1:8990918",28,50,22
"CA5A","s1633_S_POA_03_ASEReadCounter.table","NW_015090842.1:8990921",28,60,32
"CA5A","s1633_S_POA_03_ASEReadCounter.table","NW_015090842.1:8990942",25,62,37
"CA5A","s1633_S_POA_03_ASEReadCounter.table","NW_015090842.1:8991001",25,68,43
"CA5A","s1633_S_POA_03_ASEReadCounter.table","NW_015090842.1:8991038",24,57,33
"CA5A","s1633_S_POA_03_ASEReadCounter.table","NW_015090842.1:8991149",21,58,37
"CA5A","s1633_S_POA_03_ASEReadCounter.table","NW_015090842.1:8991176",23,59,36
"CA5A","s1633_S_POA_03_ASEReadCounter.table","NW_015090842.1:8991241",23,57,34
"CA5A","s1633_S_POA_03_ASEReadCounter.table","NW_015090842.1:8991262",18,50,32
"CA5A","s1633_S_POA_03_ASEReadCounter.table","NW_015090842.1:8991316",19,22,3
"CA5A","s1633_S_POA_03_ASEReadCounter.table","NW_015090842.1:8991319",18,21,3
"CA5A","s1633_S_POA_03_ASEReadCounter.table","NW_015090842.1:8991330",18,19,1
"CA5A","s1633_S_POA_03_ASEReadCounter.table","NW_015090842.1:8991334",18,20,2
"CA5A","s1633_S_POA_03_ASEReadCounter.table","NW_015090842.1:8991362",17,43,26
"CA5A","s1633_S_POA_03_ASEReadCounter.table","NW_015090842.1:8991368",16,41,25
"CA5A","s1633_S_POA_03_ASEReadCounter.table","NW_015090842.1:8991390",23,49,26
"CA5A","s1633_S_POA_03_ASEReadCounter.table","NW_015090842.1:8991395",25,55,30
"CA5A","s1633_S_POA_03_ASEReadCounter.table","NW_015090842.1:8991422",22,58,36
"CA5A","s1633_S_POA_03_ASEReadCounter.table","NW_015090842.1:8991467",32,57,25
"CA5A","s1633_S_POA_03_ASEReadCounter.table","NW_015090842.1:8991576",17,35,18
"CA5A","s1633_S_POA_03_ASEReadCounter.table","NW_015090842.1:8991587",22,41,19
"CA5A","s1633_S_POA_03_ASEReadCounter.table","NW_015090842.1:8991655",29,46,17
"CA5A","s1633_S_POA_03_ASEReadCounter.table","NW_015090842.1:8991717",21,38,17
"CA5A","s1633_S_POA_03_ASEReadCounter.table","NW_015090842.1:8991726",25,45,20
"CA5A","s1633_S_POA_03_ASEReadCounter.table","NW_015090842.1:8991799",23,45,22
"CA5A","s1633_S_POA_03_ASEReadCounter.table","NW_015090842.1:8991809",18,42,24
"CA5A","s1633_S_POA_03_ASEReadCounter.table","NW_015090842.1:8991848",11,30,19
"CA5A","s1633_S_POA_03_ASEReadCounter.table","NW_015090842.1:8991849",11,31,20
"CA5A","s1633_S_POA_03_ASEReadCounter.table","NW_015090842.1:8991927",14,34,20
"CA5A","s1633_S_POA_03_ASEReadCounter.table","NW_015090842.1:8991941",12,31,19
"CA5A","s1633_S_POA_03_ASEReadCounter.table","NW_015090842.1:8992121",15,26,11
"CA5A","s1633_S_POA_03_ASEReadCounter.table","NW_015090842.1:8992224",20,31,11
"CA5A","s1633_S_POA_03_ASEReadCounter.table","NW_015090842.1:9002570",11,19,8
"CA5A","s1633_S_POA_03_ASEReadCounter.table","NW_015090842.1:9002600",8,12,4
"CA5A","s1633_S_POA_03_ASEReadCounter.table","NW_015090842.1:9004312",4,9,5
"CA5A","s1633_S_POA_03_ASEReadCounter.table","NW_015090842.1:9004506",1,2,1
"CA5A","s1633_S_POA_03_ASEReadCounter.table","NW_015090842.1:9004523",1,2,1
"CA5A","s1633_S_POA_03_ASEReadCounter.table","NW_015090842.1:9004530",1,2,1
"CA5A","s1633_S_POA_03_ASEReadCounter.table","NW_015090842.1:9004556",2,3,1
"CA5A","s1633_S_POA_03_ASEReadCounter.table","NW_015090842.1:9004620",2,3,1
"CA5A","s1633_S_POA_03_ASEReadCounter.table","NW_015090842.1:9005116",2,4,2
"CA5A","s1633_S_POA_03_ASEReadCounter.table","NW_015090842.1:9005120",2,4,2
"CA5A","s1633_S_POA_03_ASEReadCounter.table","NW_015090842.1:9005140",1,2,1
"CA5A","s1633_S_POA_03_ASEReadCounter.table","NW_015090842.1:9005152",1,2,1
"CA5A","s1633_S_POA_03_ASEReadCounter.table","NW_015090842.1:9011011",1,1,0
"BANP","s1633_S_POA_03_ASEReadCounter.table","NW_015090842.1:9033407",0,8,8
"BANP","s1633_S_POA_03_ASEReadCounter.table","NW_015090842.1:9033409",1,7,6
"BANP","s1633_S_POA_03_ASEReadCounter.table","NW_015090842.1:9033420",1,8,7
"BANP","s1633_S_POA_03_ASEReadCounter.table","NW_015090842.1:9055284",3,10,7
"ZC3H18","s1633_S_POA_03_ASEReadCounter.table","NW_015090842.1:9528933",28,50,22
"MVD","s1633_S_POA_03_ASEReadCounter.table","NW_015090842.1:9550690",92,92,0
"MVD","s1633_S_POA_03_ASEReadCounter.table","NW_015090842.1:9550691",91,91,0
"MVD","s1633_S_POA_03_ASEReadCounter.table","NW_015090842.1:9550699",106,106,0
"MVD","s1633_S_POA_03_ASEReadCounter.table","NW_015090842.1:9550701",105,105,0
"MVD","s1633_S_POA_03_ASEReadCounter.table","NW_015090842.1:9552202",116,116,0
"MVD","s1633_S_POA_03_ASEReadCounter.table","NW_015090842.1:9552223",91,91,0
"MVD","s1633_S_POA_03_ASEReadCounter.table","NW_015090842.1:9552533",73,73,0
"MVD","s1633_S_POA_03_ASEReadCounter.table","NW_015090842.1:9552644",17,45,28
"PIEZO1","s1633_S_POA_03_ASEReadCounter.table","NW_015090842.1:9577447",1,3,2
"PIEZO1","s1633_S_POA_03_ASEReadCounter.table","NW_015090842.1:9579101",1,4,3
"PIEZO1","s1633_S_POA_03_ASEReadCounter.table","NW_015090842.1:9582630",2,2,0
"PIEZO1","s1633_S_POA_03_ASEReadCounter.table","NW_015090842.1:9582976",0,2,2
"PIEZO1","s1633_S_POA_03_ASEReadCounter.table","NW_015090842.1:9583326",2,2,0
"CDT1","s1633_S_POA_03_ASEReadCounter.table","NW_015090842.1:9596711",1,2,1
"CDT1","s1633_S_POA_03_ASEReadCounter.table","NW_015090842.1:9597033",11,11,0
"CDT1","s1633_S_POA_03_ASEReadCounter.table","NW_015090842.1:9597756",4,13,9
"CDT1","s1633_S_POA_03_ASEReadCounter.table","NW_015090842.1:9598873",11,11,0
"ACSF3","s1633_S_POA_03_ASEReadCounter.table","NW_015090842.1:9776737",8,12,4
"ACSF3","s1633_S_POA_03_ASEReadCounter.table","NW_015090842.1:9809639",87,87,0
"ACSF3","s1633_S_POA_03_ASEReadCounter.table","NW_015090842.1:9834743",63,122,59
"ACSF3","s1633_S_POA_03_ASEReadCounter.table","NW_015090842.1:9834762",117,117,0
"ACSF3","s1633_S_POA_03_ASEReadCounter.table","NW_015090842.1:9834852",52,110,58
"ACSF3","s1633_S_POA_03_ASEReadCounter.table","NW_015090842.1:9834861",48,100,52
"ACSF3","s1633_S_POA_03_ASEReadCounter.table","NW_015090842.1:9839359",32,77,45
"ACSF3","s1633_S_POA_03_ASEReadCounter.table","NW_015090842.1:9839378",32,80,48
"ACSF3","s1633_S_POA_03_ASEReadCounter.table","NW_015090842.1:9839455",37,91,54
"ACSF3","s1633_S_POA_03_ASEReadCounter.table","NW_015090842.1:9839457",37,83,46
"ACSF3","s1633_S_POA_03_ASEReadCounter.table","NW_015090842.1:9839489",28,67,39
"ACSF3","s1633_S_POA_03_ASEReadCounter.table","NW_015090842.1:9839500",22,54,32
"ACSF3","s1633_S_POA_03_ASEReadCounter.table","NW_015090842.1:9839501",21,52,31
"ACSF3","s1633_S_POA_03_ASEReadCounter.table","NW_015090842.1:9839504",25,56,31
"ACSF3","s1633_S_POA_03_ASEReadCounter.table","NW_015090842.1:9839512",16,36,20
"ACSF3","s1633_S_POA_03_ASEReadCounter.table","NW_015090842.1:9839527",11,31,20
"ACSF3","s1633_S_POA_03_ASEReadCounter.table","NW_015090842.1:9839533",6,23,17
"ACSF3","s1633_S_POA_03_ASEReadCounter.table","NW_015090842.1:9839535",6,22,16
"ACSF3","s1633_S_POA_03_ASEReadCounter.table","NW_015090842.1:9839545",5,18,13
"ACSF3","s1633_S_POA_03_ASEReadCounter.table","NW_015090842.1:9839550",6,18,12
"ACSF3","s1633_S_POA_03_ASEReadCounter.table","NW_015090842.1:9839551",5,18,13
"CDH15","s1633_S_POA_03_ASEReadCounter.table","NW_015090842.1:9847163",2,2,0
"CDH15","s1633_S_POA_03_ASEReadCounter.table","NW_015090842.1:9847174",2,2,0
"CDH15","s1633_S_POA_03_ASEReadCounter.table","NW_015090842.1:9848220",0,1,1
"CDH15","s1633_S_POA_03_ASEReadCounter.table","NW_015090842.1:9848531",1,2,1
"CDH15","s1633_S_POA_03_ASEReadCounter.table","NW_015090842.1:9848552",0,1,1
"CDH15","s1633_S_POA_03_ASEReadCounter.table","NW_015090842.1:9849086",1,1,0
"CDH15","s1633_S_POA_03_ASEReadCounter.table","NW_015090842.1:9849119",1,1,0
"CDH15","s1633_S_POA_03_ASEReadCounter.table","NW_015090842.1:9849140",1,1,0
"CDH15","s1633_S_POA_03_ASEReadCounter.table","NW_015090842.1:9849473",0,1,1
"CDH15","s1633_S_POA_03_ASEReadCounter.table","NW_015090842.1:9850386",1,2,1
"CDH15","s1633_S_POA_03_ASEReadCounter.table","NW_015090842.1:9850432",0,1,1
"SLC22A31","s1633_S_POA_03_ASEReadCounter.table","NW_015090842.1:9851130",4,9,5
"SLC22A31","s1633_S_POA_03_ASEReadCounter.table","NW_015090842.1:9851139",4,8,4
"SLC22A31","s1633_S_POA_03_ASEReadCounter.table","NW_015090842.1:9851265",7,20,13
"SLC22A31","s1633_S_POA_03_ASEReadCounter.table","NW_015090842.1:9851302",9,17,8
"SLC22A31","s1633_S_POA_03_ASEReadCounter.table","NW_015090842.1:9851303",9,17,8
"SLC22A31","s1633_S_POA_03_ASEReadCounter.table","NW_015090842.1:9851305",9,17,8
"SLC22A31","s1633_S_POA_03_ASEReadCounter.table","NW_015090842.1:9851343",6,12,6
"SLC22A31","s1633_S_POA_03_ASEReadCounter.table","NW_015090842.1:9851344",7,13,6
"SLC22A31","s1633_S_POA_03_ASEReadCounter.table","NW_015090842.1:9851381",14,21,7
"SLC22A31","s1633_S_POA_03_ASEReadCounter.table","NW_015090842.1:9851421",11,19,8
"SLC22A31","s1633_S_POA_03_ASEReadCounter.table","NW_015090842.1:9851526",9,14,5
"SLC22A31","s1633_S_POA_03_ASEReadCounter.table","NW_015090842.1:9851589",12,21,9
"SLC22A31","s1633_S_POA_03_ASEReadCounter.table","NW_015090842.1:9851712",7,21,14
"SLC22A31","s1633_S_POA_03_ASEReadCounter.table","NW_015090842.1:9851899",5,15,10
"SLC22A31","s1633_S_POA_03_ASEReadCounter.table","NW_015090842.1:9852139",8,14,6
"SLC22A31","s1633_S_POA_03_ASEReadCounter.table","NW_015090842.1:9852380",6,11,5
"SLC22A31","s1633_S_POA_03_ASEReadCounter.table","NW_015090842.1:9852431",5,9,4
"SLC22A31","s1633_S_POA_03_ASEReadCounter.table","NW_015090842.1:9852630",4,6,2
"SLC22A31","s1633_S_POA_03_ASEReadCounter.table","NW_015090842.1:9852711",5,8,3
"SLC22A31","s1633_S_POA_03_ASEReadCounter.table","NW_015090842.1:9852742",3,7,4
"SLC22A31","s1633_S_POA_03_ASEReadCounter.table","NW_015090842.1:9853099",3,3,0
"SLC22A31","s1633_S_POA_03_ASEReadCounter.table","NW_015090842.1:9853102",2,3,1
"SLC22A31","s1633_S_POA_03_ASEReadCounter.table","NW_015090842.1:9853421",7,7,0
"SLC22A31","s1633_S_POA_03_ASEReadCounter.table","NW_015090842.1:9853457",5,5,0
"SLC22A31","s1633_S_POA_03_ASEReadCounter.table","NW_015090842.1:9853502",1,1,0
"ANKRD11","s1633_S_POA_03_ASEReadCounter.table","NW_015090842.1:9858863",13,34,21
"ANKRD11","s1633_S_POA_03_ASEReadCounter.table","NW_015090842.1:9859101",156,354,198
"ANKRD11","s1633_S_POA_03_ASEReadCounter.table","NW_015090842.1:9859352",171,412,241
"ANKRD11","s1633_S_POA_03_ASEReadCounter.table","NW_015090842.1:9859381",38,235,197
"ANKRD11","s1633_S_POA_03_ASEReadCounter.table","NW_015090842.1:9859527",88,186,98
"ANKRD11","s1633_S_POA_03_ASEReadCounter.table","NW_015090842.1:9859529",89,191,102
"ANKRD11","s1633_S_POA_03_ASEReadCounter.table","NW_015090842.1:9859679",211,389,178
"ANKRD11","s1633_S_POA_03_ASEReadCounter.table","NW_015090842.1:9861097",115,258,143
"ANKRD11","s1633_S_POA_03_ASEReadCounter.table","NW_015090842.1:9862571",72,147,75
"ANKRD11","s1633_S_POA_03_ASEReadCounter.table","NW_015090842.1:9866071",0,88,88
"ANKRD11","s1633_S_POA_03_ASEReadCounter.table","NW_015090842.1:9866200",0,72,72
"ANKRD11","s1633_S_POA_03_ASEReadCounter.table","NW_015090842.1:9867391",21,38,17
"ANKRD11","s1633_S_POA_03_ASEReadCounter.table","NW_015090842.1:9867472",30,58,28
"ANKRD11","s1633_S_POA_03_ASEReadCounter.table","NW_015090842.1:9867559",31,65,34
"ANKRD11","s1633_S_POA_03_ASEReadCounter.table","NW_015090842.1:9867934",43,70,27
"ANKRD11","s1633_S_POA_03_ASEReadCounter.table","NW_015090842.1:9868093",29,68,39
"ANKRD11","s1633_S_POA_03_ASEReadCounter.table","NW_015090842.1:9868222",38,68,30
"ANKRD11","s1633_S_POA_03_ASEReadCounter.table","NW_015090842.1:9868327",38,77,39
"ANKRD11","s1633_S_POA_03_ASEReadCounter.table","NW_015090842.1:9868414",52,119,67
"ANKRD11","s1633_S_POA_03_ASEReadCounter.table","NW_015090842.1:9868441",61,117,56
"ANKRD11","s1633_S_POA_03_ASEReadCounter.table","NW_015090842.1:9868444",61,123,62
"ANKRD11","s1633_S_POA_03_ASEReadCounter.table","NW_015090842.1:9868519",75,129,54
"ANKRD11","s1633_S_POA_03_ASEReadCounter.table","NW_015090842.1:9868609",68,153,85
"ANKRD11","s1633_S_POA_03_ASEReadCounter.table","NW_015090842.1:9868666",88,184,96
"ANKRD11","s1633_S_POA_03_ASEReadCounter.table","NW_015090842.1:9869431",183,356,173
"ANKRD11","s1633_S_POA_03_ASEReadCounter.table","NW_015090842.1:9869578",279,549,270
"ANKRD11","s1633_S_POA_03_ASEReadCounter.table","NW_015090842.1:9869734",265,537,272
"ANKRD11","s1633_S_POA_03_ASEReadCounter.table","NW_015090842.1:9870070",243,502,259
"ANKRD11","s1633_S_POA_03_ASEReadCounter.table","NW_015090842.1:9870349",302,614,312
"ANKRD11","s1633_S_POA_03_ASEReadCounter.table","NW_015090842.1:9870604",321,595,274
"ANKRD11","s1633_S_POA_03_ASEReadCounter.table","NW_015090842.1:9870613",355,646,291
"ANKRD11","s1633_S_POA_03_ASEReadCounter.table","NW_015090842.1:9870685",391,813,422
"ANKRD11","s1633_S_POA_03_ASEReadCounter.table","NW_015090842.1:9870847",363,752,389
"ANKRD11","s1633_S_POA_03_ASEReadCounter.table","NW_015090842.1:9871103",261,501,240
"ANKRD11","s1633_S_POA_03_ASEReadCounter.table","NW_015090842.1:9871165",251,539,288
"ANKRD11","s1633_S_POA_03_ASEReadCounter.table","NW_015090842.1:9871820",68,145,77
"ANKRD11","s1633_S_POA_03_ASEReadCounter.table","NW_015090842.1:9871994",129,129,0
"ANKRD11","s1633_S_POA_03_ASEReadCounter.table","NW_015090842.1:9872118",72,149,77
"SPG7","s1633_S_POA_03_ASEReadCounter.table","NW_015090842.1:10051190",58,113,55
"SPG7","s1633_S_POA_03_ASEReadCounter.table","NW_015090842.1:10051218",66,138,72
"SPG7","s1633_S_POA_03_ASEReadCounter.table","NW_015090842.1:10052348",86,159,73
"SPG7","s1633_S_POA_03_ASEReadCounter.table","NW_015090842.1:10052366",84,164,80
"SPG7","s1633_S_POA_03_ASEReadCounter.table","NW_015090842.1:10065173",150,278,128
"SPG7","s1633_S_POA_03_ASEReadCounter.table","NW_015090842.1:10065215",138,239,101
"SPG7","s1633_S_POA_03_ASEReadCounter.table","NW_015090842.1:10066301",99,186,87
"SPG7","s1633_S_POA_03_ASEReadCounter.table","NW_015090842.1:10066365",109,211,102
"SPG7","s1633_S_POA_03_ASEReadCounter.table","NW_015090842.1:10069752",163,294,131
"SPG7","s1633_S_POA_03_ASEReadCounter.table","NW_015090842.1:10069800",175,345,170
"SPG7","s1633_S_POA_03_ASEReadCounter.table","NW_015090842.1:10071192",183,381,198
"SPG7","s1633_S_POA_03_ASEReadCounter.table","NW_015090842.1:10071204",183,368,185
"SPG7","s1633_S_POA_03_ASEReadCounter.table","NW_015090842.1:10071219",175,352,177
"SPG7","s1633_S_POA_03_ASEReadCounter.table","NW_015090842.1:10071967",166,337,171
"SPG7","s1633_S_POA_03_ASEReadCounter.table","NW_015090842.1:10075109",352,627,275
"SPG7","s1633_S_POA_03_ASEReadCounter.table","NW_015090842.1:10075114",354,616,262
"SPG7","s1633_S_POA_03_ASEReadCounter.table","NW_015090842.1:10075198",293,499,206
"SPG7","s1633_S_POA_03_ASEReadCounter.table","NW_015090842.1:10075487",211,409,198
"SPG7","s1633_S_POA_03_ASEReadCounter.table","NW_015090842.1:10075488",212,414,202
"SPG7","s1633_S_POA_03_ASEReadCounter.table","NW_015090842.1:10075548",175,325,150
"RPL13","s1633_S_POA_03_ASEReadCounter.table","NW_015090842.1:10076979",0,1,1
"RPL13","s1633_S_POA_03_ASEReadCounter.table","NW_015090842.1:10077387",454,1030,576
"RPL13","s1633_S_POA_03_ASEReadCounter.table","NW_015090842.1:10077978",737,1614,877
"RPL13","s1633_S_POA_03_ASEReadCounter.table","NW_015090842.1:10077992",731,1531,800
"CPNE7","s1633_S_POA_03_ASEReadCounter.table","NW_015090842.1:10084001",18,23,5
"CPNE7","s1633_S_POA_03_ASEReadCounter.table","NW_015090842.1:10084856",13,20,7
"CPNE7","s1633_S_POA_03_ASEReadCounter.table","NW_015090842.1:10084872",14,21,7
"CPNE7","s1633_S_POA_03_ASEReadCounter.table","NW_015090842.1:10084892",16,23,7
"CPNE7","s1633_S_POA_03_ASEReadCounter.table","NW_015090842.1:10084921",16,23,7
"CPNE7","s1633_S_POA_03_ASEReadCounter.table","NW_015090842.1:10084935",15,22,7
"CPNE7","s1633_S_POA_03_ASEReadCounter.table","NW_015090842.1:10085000",20,30,10
"CPNE7","s1633_S_POA_03_ASEReadCounter.table","NW_015090842.1:10085089",17,21,4
"CPNE7","s1633_S_POA_03_ASEReadCounter.table","NW_015090842.1:10085096",19,23,4
"CPNE7","s1633_S_POA_03_ASEReadCounter.table","NW_015090842.1:10085126",18,24,6
"CPNE7","s1633_S_POA_03_ASEReadCounter.table","NW_015090842.1:10085180",13,19,6
"CPNE7","s1633_S_POA_03_ASEReadCounter.table","NW_015090842.1:10085201",14,22,8
"CPNE7","s1633_S_POA_03_ASEReadCounter.table","NW_015090842.1:10088134",43,57,14
"CPNE7","s1633_S_POA_03_ASEReadCounter.table","NW_015090842.1:10088146",43,56,13
"CPNE7","s1633_S_POA_03_ASEReadCounter.table","NW_015090842.1:10088940",64,106,42
"CPNE7","s1633_S_POA_03_ASEReadCounter.table","NW_015090842.1:10088965",55,93,38
"CPNE7","s1633_S_POA_03_ASEReadCounter.table","NW_015090842.1:10088967",55,93,38
"CPNE7","s1633_S_POA_03_ASEReadCounter.table","NW_015090842.1:10088973",54,90,36
"CPNE7","s1633_S_POA_03_ASEReadCounter.table","NW_015090842.1:10090924",96,155,59
"CPNE7","s1633_S_POA_03_ASEReadCounter.table","NW_015090842.1:10090930",97,153,56
"CPNE7","s1633_S_POA_03_ASEReadCounter.table","NW_015090842.1:10091075",110,179,69
"CPNE7","s1633_S_POA_03_ASEReadCounter.table","NW_015090842.1:10091389",103,177,74
"CPNE7","s1633_S_POA_03_ASEReadCounter.table","NW_015090842.1:10091407",111,188,77
"CPNE7","s1633_S_POA_03_ASEReadCounter.table","NW_015090842.1:10091530",99,159,60
"CPNE7","s1633_S_POA_03_ASEReadCounter.table","NW_015090842.1:10091875",124,209,85
"CPNE7","s1633_S_POA_03_ASEReadCounter.table","NW_015090842.1:10091983",118,189,71
"CPNE7","s1633_S_POA_03_ASEReadCounter.table","NW_015090842.1:10091997",125,190,65
"CPNE7","s1633_S_POA_03_ASEReadCounter.table","NW_015090842.1:10092038",72,113,41
"CPNE7","s1633_S_POA_03_ASEReadCounter.table","NW_015090842.1:10092140",86,127,41
"CPNE7","s1633_S_POA_03_ASEReadCounter.table","NW_015090842.1:10092183",74,105,31
"CPNE7","s1633_S_POA_03_ASEReadCounter.table","NW_015090842.1:10092201",69,96,27
"CPNE7","s1633_S_POA_03_ASEReadCounter.table","NW_015090842.1:10092230",43,60,17
"CPNE7","s1633_S_POA_03_ASEReadCounter.table","NW_015090842.1:10092246",30,43,13
"LOC106888185","s1633_S_POA_03_ASEReadCounter.table","NW_015090842.1:10094965",1,6,5
"LOC106888185","s1633_S_POA_03_ASEReadCounter.table","NW_015090842.1:10094966",1,5,4
"LOC106888185","s1633_S_POA_03_ASEReadCounter.table","NW_015090842.1:10094985",1,6,5
"LOC106888185","s1633_S_POA_03_ASEReadCounter.table","NW_015090842.1:10095055",0,2,2
"LOC106888185","s1633_S_POA_03_ASEReadCounter.table","NW_015090842.1:10095062",0,2,2
"LOC106888185","s1633_S_POA_03_ASEReadCounter.table","NW_015090842.1:10095130",0,3,3
"LOC106888185","s1633_S_POA_03_ASEReadCounter.table","NW_015090842.1:10095265",10,18,8
"LOC106888185","s1633_S_POA_03_ASEReadCounter.table","NW_015090842.1:10095586",9,21,12
"LOC106888185","s1633_S_POA_03_ASEReadCounter.table","NW_015090842.1:10095593",9,21,12
"LOC106888185","s1633_S_POA_03_ASEReadCounter.table","NW_015090842.1:10095616",7,18,11
"LOC106888185","s1633_S_POA_03_ASEReadCounter.table","NW_015090842.1:10095662",2,8,6
"LOC106888185","s1633_S_POA_03_ASEReadCounter.table","NW_015090842.1:10095674",2,7,5
"LOC106888185","s1633_S_POA_03_ASEReadCounter.table","NW_015090842.1:10095786",5,13,8
"LOC106888185","s1633_S_POA_03_ASEReadCounter.table","NW_015090842.1:10095831",7,14,7
"LOC106888185","s1633_S_POA_03_ASEReadCounter.table","NW_015090842.1:10096230",4,12,8
"LOC106888185","s1633_S_POA_03_ASEReadCounter.table","NW_015090842.1:10096249",4,13,9
"LOC106888185","s1633_S_POA_03_ASEReadCounter.table","NW_015090842.1:10096272",4,12,8
"LOC106888185","s1633_S_POA_03_ASEReadCounter.table","NW_015090842.1:10096288",3,10,7
"LOC106888185","s1633_S_POA_03_ASEReadCounter.table","NW_015090842.1:10097248",7,17,10
"LOC106888185","s1633_S_POA_03_ASEReadCounter.table","NW_015090842.1:10097265",6,16,10
"LOC106888185","s1633_S_POA_03_ASEReadCounter.table","NW_015090842.1:10097446",0,1,1
"DPEP1","s1633_S_POA_03_ASEReadCounter.table","NW_015090842.1:10098518",0,1,1
"DPEP1","s1633_S_POA_03_ASEReadCounter.table","NW_015090842.1:10098595",1,3,2
"DPEP1","s1633_S_POA_03_ASEReadCounter.table","NW_015090842.1:10098597",1,3,2
"DPEP1","s1633_S_POA_03_ASEReadCounter.table","NW_015090842.1:10098601",1,3,2
"DPEP1","s1633_S_POA_03_ASEReadCounter.table","NW_015090842.1:10098608",1,3,2
"DPEP1","s1633_S_POA_03_ASEReadCounter.table","NW_015090842.1:10098630",1,3,2
"DPEP1","s1633_S_POA_03_ASEReadCounter.table","NW_015090842.1:10098659",1,2,1
"DPEP1","s1633_S_POA_03_ASEReadCounter.table","NW_015090842.1:10099765",1,1,0
"DPEP1","s1633_S_POA_03_ASEReadCounter.table","NW_015090842.1:10099985",0,1,1
"DPEP1","s1633_S_POA_03_ASEReadCounter.table","NW_015090842.1:10099986",0,1,1
"DPEP1","s1633_S_POA_03_ASEReadCounter.table","NW_015090842.1:10099991",0,1,1
"DPEP1","s1633_S_POA_03_ASEReadCounter.table","NW_015090842.1:10100044",1,2,1
"DPEP1","s1633_S_POA_03_ASEReadCounter.table","NW_015090842.1:10100045",1,1,0
"DPEP1","s1633_S_POA_03_ASEReadCounter.table","NW_015090842.1:10100084",1,2,1
"DPEP1","s1633_S_POA_03_ASEReadCounter.table","NW_015090842.1:10100295",1,2,1
"DPEP1","s1633_S_POA_03_ASEReadCounter.table","NW_015090842.1:10100902",0,1,1
"DPEP1","s1633_S_POA_03_ASEReadCounter.table","NW_015090842.1:10101072",0,1,1
"DPEP1","s1633_S_POA_03_ASEReadCounter.table","NW_015090842.1:10101497",0,1,1
"DPEP1","s1633_S_POA_03_ASEReadCounter.table","NW_015090842.1:10101525",0,1,1
"DPEP1","s1633_S_POA_03_ASEReadCounter.table","NW_015090842.1:10101913",0,1,1
"DPEP1","s1633_S_POA_03_ASEReadCounter.table","NW_015090842.1:10101996",0,1,1
"CHMP1A","s1633_S_POA_03_ASEReadCounter.table","NW_015090842.1:10102901",103,238,135
"CHMP1A","s1633_S_POA_03_ASEReadCounter.table","NW_015090842.1:10102961",102,272,170
"CHMP1A","s1633_S_POA_03_ASEReadCounter.table","NW_015090842.1:10102996",76,241,165
"CHMP1A","s1633_S_POA_03_ASEReadCounter.table","NW_015090842.1:10103004",80,257,177
"CHMP1A","s1633_S_POA_03_ASEReadCounter.table","NW_015090842.1:10103006",80,255,175
"CHMP1A","s1633_S_POA_03_ASEReadCounter.table","NW_015090842.1:10103052",145,326,181
"CHMP1A","s1633_S_POA_03_ASEReadCounter.table","NW_015090842.1:10103095",154,331,177
"CHMP1A","s1633_S_POA_03_ASEReadCounter.table","NW_015090842.1:10103096",157,333,176
"CHMP1A","s1633_S_POA_03_ASEReadCounter.table","NW_015090842.1:10103152",134,258,124
"CHMP1A","s1633_S_POA_03_ASEReadCounter.table","NW_015090842.1:10103334",61,160,99
"CHMP1A","s1633_S_POA_03_ASEReadCounter.table","NW_015090842.1:10103373",34,139,105
"CHMP1A","s1633_S_POA_03_ASEReadCounter.table","NW_015090842.1:10103408",75,169,94
"CHMP1A","s1633_S_POA_03_ASEReadCounter.table","NW_015090842.1:10103412",81,172,91
"CHMP1A","s1633_S_POA_03_ASEReadCounter.table","NW_015090842.1:10103512",115,243,128
"CHMP1A","s1633_S_POA_03_ASEReadCounter.table","NW_015090842.1:10103513",112,239,127
"CHMP1A","s1633_S_POA_03_ASEReadCounter.table","NW_015090842.1:10103583",58,140,82
"CHMP1A","s1633_S_POA_03_ASEReadCounter.table","NW_015090842.1:10103614",55,148,93
"CHMP1A","s1633_S_POA_03_ASEReadCounter.table","NW_015090842.1:10103657",51,148,97
"CHMP1A","s1633_S_POA_03_ASEReadCounter.table","NW_015090842.1:10103669",46,140,94
"CHMP1A","s1633_S_POA_03_ASEReadCounter.table","NW_015090842.1:10103674",44,134,90
"CHMP1A","s1633_S_POA_03_ASEReadCounter.table","NW_015090842.1:10103677",44,133,89
"CHMP1A","s1633_S_POA_03_ASEReadCounter.table","NW_015090842.1:10103729",74,154,80
"CHMP1A","s1633_S_POA_03_ASEReadCounter.table","NW_015090842.1:10103758",72,141,69
"CHMP1A","s1633_S_POA_03_ASEReadCounter.table","NW_015090842.1:10103761",73,149,76
"CHMP1A","s1633_S_POA_03_ASEReadCounter.table","NW_015090842.1:10103788",73,172,99
"CHMP1A","s1633_S_POA_03_ASEReadCounter.table","NW_015090842.1:10103789",74,173,99
"CHMP1A","s1633_S_POA_03_ASEReadCounter.table","NW_015090842.1:10103790",70,169,99
"CHMP1A","s1633_S_POA_03_ASEReadCounter.table","NW_015090842.1:10103950",71,154,83
"CHMP1A","s1633_S_POA_03_ASEReadCounter.table","NW_015090842.1:10104335",48,99,51
"CHMP1A","s1633_S_POA_03_ASEReadCounter.table","NW_015090842.1:10104429",69,138,69
"CHMP1A","s1633_S_POA_03_ASEReadCounter.table","NW_015090842.1:10104532",63,143,80
"CHMP1A","s1633_S_POA_03_ASEReadCounter.table","NW_015090842.1:10104633",63,122,59
"CHMP1A","s1633_S_POA_03_ASEReadCounter.table","NW_015090842.1:10104759",46,99,53
"CHMP1A","s1633_S_POA_03_ASEReadCounter.table","NW_015090842.1:10104794",58,119,61
"CHMP1A","s1633_S_POA_03_ASEReadCounter.table","NW_015090842.1:10104844",42,101,59
"CHMP1A","s1633_S_POA_03_ASEReadCounter.table","NW_015090842.1:10106290",45,89,44
"CHMP1A","s1633_S_POA_03_ASEReadCounter.table","NW_015090842.1:10106335",51,103,52
"CHMP1A","s1633_S_POA_03_ASEReadCounter.table","NW_015090842.1:10106383",54,130,76
"CHMP1A","s1633_S_POA_03_ASEReadCounter.table","NW_015090842.1:10106747",54,109,55
"CHMP1A","s1633_S_POA_03_ASEReadCounter.table","NW_015090842.1:10107404",47,99,52
"CHMP1A","s1633_S_POA_03_ASEReadCounter.table","NW_015090842.1:10107410",50,101,51
"CHMP1A","s1633_S_POA_03_ASEReadCounter.table","NW_015090842.1:10107876",50,87,37
"CDK10","s1633_S_POA_03_ASEReadCounter.table","NW_015090842.1:10109030",8,9,1
"CDK10","s1633_S_POA_03_ASEReadCounter.table","NW_015090842.1:10109963",35,90,55
"CDK10","s1633_S_POA_03_ASEReadCounter.table","NW_015090842.1:10110887",37,96,59
"CDK10","s1633_S_POA_03_ASEReadCounter.table","NW_015090842.1:10111254",27,84,57
"CDK10","s1633_S_POA_03_ASEReadCounter.table","NW_015090842.1:10111380",32,106,74
"CDK10","s1633_S_POA_03_ASEReadCounter.table","NW_015090842.1:10111395",32,105,73
"CDK10","s1633_S_POA_03_ASEReadCounter.table","NW_015090842.1:10111437",21,91,70
"CDK10","s1633_S_POA_03_ASEReadCounter.table","NW_015090842.1:10111798",24,100,76
"CDK10","s1633_S_POA_03_ASEReadCounter.table","NW_015090842.1:10111840",40,118,78
"CDK10","s1633_S_POA_03_ASEReadCounter.table","NW_015090842.1:10112031",50,151,101
"CDK10","s1633_S_POA_03_ASEReadCounter.table","NW_015090842.1:10112285",49,155,106
"CDK10","s1633_S_POA_03_ASEReadCounter.table","NW_015090842.1:10112398",52,165,113
"CDK10","s1633_S_POA_03_ASEReadCounter.table","NW_015090842.1:10112455",55,169,114
"CDK10","s1633_S_POA_03_ASEReadCounter.table","NW_015090842.1:10112461",49,150,101
"CDK10","s1633_S_POA_03_ASEReadCounter.table","NW_015090842.1:10112497",49,145,96
"CDK10","s1633_S_POA_03_ASEReadCounter.table","NW_015090842.1:10112508",43,144,101
"CDK10","s1633_S_POA_03_ASEReadCounter.table","NW_015090842.1:10112518",35,134,99
"CDK10","s1633_S_POA_03_ASEReadCounter.table","NW_015090842.1:10112540",22,122,100
"CDK10","s1633_S_POA_03_ASEReadCounter.table","NW_015090842.1:10112556",39,130,91
"CDK10","s1633_S_POA_03_ASEReadCounter.table","NW_015090842.1:10112561",41,148,107
"CDK10","s1633_S_POA_03_ASEReadCounter.table","NW_015090842.1:10112596",52,162,110
"CDK10","s1633_S_POA_03_ASEReadCounter.table","NW_015090842.1:10112630",38,129,91
"CDK10","s1633_S_POA_03_ASEReadCounter.table","NW_015090842.1:10112656",43,135,92
"CDK10","s1633_S_POA_03_ASEReadCounter.table","NW_015090842.1:10112665",35,114,79
"CDK10","s1633_S_POA_03_ASEReadCounter.table","NW_015090842.1:10112668",35,113,78
"CDK10","s1633_S_POA_03_ASEReadCounter.table","NW_015090842.1:10112781",30,64,34
"CDK10","s1633_S_POA_03_ASEReadCounter.table","NW_015090842.1:10112782",30,64,34
"CDK10","s1633_S_POA_03_ASEReadCounter.table","NW_015090842.1:10112795",24,57,33
"CDK10","s1633_S_POA_03_ASEReadCounter.table","NW_015090842.1:10112841",12,24,12
"CDK10","s1633_S_POA_03_ASEReadCounter.table","NW_015090842.1:10112861",10,21,11
"SPATA2L","s1633_S_POA_03_ASEReadCounter.table","NW_015090842.1:10113212",21,53,32
"SPATA2L","s1633_S_POA_03_ASEReadCounter.table","NW_015090842.1:10113280",43,101,58
"SPATA2L","s1633_S_POA_03_ASEReadCounter.table","NW_015090842.1:10113296",44,103,59
"SPATA2L","s1633_S_POA_03_ASEReadCounter.table","NW_015090842.1:10113321",49,124,75
"SPATA2L","s1633_S_POA_03_ASEReadCounter.table","NW_015090842.1:10113332",51,140,89
"SPATA2L","s1633_S_POA_03_ASEReadCounter.table","NW_015090842.1:10113380",48,143,95
"SPATA2L","s1633_S_POA_03_ASEReadCounter.table","NW_015090842.1:10113381",48,147,99
"SPATA2L","s1633_S_POA_03_ASEReadCounter.table","NW_015090842.1:10113412",48,154,106
"SPATA2L","s1633_S_POA_03_ASEReadCounter.table","NW_015090842.1:10113421",47,142,95
"SPATA2L","s1633_S_POA_03_ASEReadCounter.table","NW_015090842.1:10113465",50,135,85
"SPATA2L","s1633_S_POA_03_ASEReadCounter.table","NW_015090842.1:10113535",72,151,79
"SPATA2L","s1633_S_POA_03_ASEReadCounter.table","NW_015090842.1:10113645",52,158,106
"SPATA2L","s1633_S_POA_03_ASEReadCounter.table","NW_015090842.1:10113682",70,196,126
"SPATA2L","s1633_S_POA_03_ASEReadCounter.table","NW_015090842.1:10113696",61,170,109
"SPATA2L","s1633_S_POA_03_ASEReadCounter.table","NW_015090842.1:10113727",54,168,114
"SPATA2L","s1633_S_POA_03_ASEReadCounter.table","NW_015090842.1:10113729",54,164,110
"SPATA2L","s1633_S_POA_03_ASEReadCounter.table","NW_015090842.1:10113799",98,205,107
"SPATA2L","s1633_S_POA_03_ASEReadCounter.table","NW_015090842.1:10113809",108,233,125
"SPATA2L","s1633_S_POA_03_ASEReadCounter.table","NW_015090842.1:10113827",99,218,119
"SPATA2L","s1633_S_POA_03_ASEReadCounter.table","NW_015090842.1:10113831",102,222,120
"SPATA2L","s1633_S_POA_03_ASEReadCounter.table","NW_015090842.1:10113894",63,167,104
"SPATA2L","s1633_S_POA_03_ASEReadCounter.table","NW_015090842.1:10113905",58,151,93
"SPATA2L","s1633_S_POA_03_ASEReadCounter.table","NW_015090842.1:10113914",51,140,89
"SPATA2L","s1633_S_POA_03_ASEReadCounter.table","NW_015090842.1:10113920",63,158,95
"SPATA2L","s1633_S_POA_03_ASEReadCounter.table","NW_015090842.1:10113937",74,172,98
"SPATA2L","s1633_S_POA_03_ASEReadCounter.table","NW_015090842.1:10113971",59,156,97
"SPATA2L","s1633_S_POA_03_ASEReadCounter.table","NW_015090842.1:10113976",63,169,106
"SPATA2L","s1633_S_POA_03_ASEReadCounter.table","NW_015090842.1:10113985",68,154,86
"SPATA2L","s1633_S_POA_03_ASEReadCounter.table","NW_015090842.1:10113994",80,175,95
"SPATA2L","s1633_S_POA_03_ASEReadCounter.table","NW_015090842.1:10114063",73,153,80
"SPATA2L","s1633_S_POA_03_ASEReadCounter.table","NW_015090842.1:10114066",69,148,79
"SPATA2L","s1633_S_POA_03_ASEReadCounter.table","NW_015090842.1:10114069",67,142,75
"SPATA2L","s1633_S_POA_03_ASEReadCounter.table","NW_015090842.1:10114159",33,93,60
"SPATA2L","s1633_S_POA_03_ASEReadCounter.table","NW_015090842.1:10114262",120,120,0
"SPATA2L","s1633_S_POA_03_ASEReadCounter.table","NW_015090842.1:10114470",32,90,58
"SPATA2L","s1633_S_POA_03_ASEReadCounter.table","NW_015090842.1:10114524",17,75,58
"VPS9D1","s1633_S_POA_03_ASEReadCounter.table","NW_015090842.1:10116377",30,78,48
"VPS9D1","s1633_S_POA_03_ASEReadCounter.table","NW_015090842.1:10116415",27,87,60
"VPS9D1","s1633_S_POA_03_ASEReadCounter.table","NW_015090842.1:10116607",32,90,58
"VPS9D1","s1633_S_POA_03_ASEReadCounter.table","NW_015090842.1:10116821",22,55,33
"VPS9D1","s1633_S_POA_03_ASEReadCounter.table","NW_015090842.1:10116825",20,49,29
"VPS9D1","s1633_S_POA_03_ASEReadCounter.table","NW_015090842.1:10116882",17,52,35
"VPS9D1","s1633_S_POA_03_ASEReadCounter.table","NW_015090842.1:10116933",28,65,37
"VPS9D1","s1633_S_POA_03_ASEReadCounter.table","NW_015090842.1:10116942",28,66,38
"VPS9D1","s1633_S_POA_03_ASEReadCounter.table","NW_015090842.1:10117152",32,61,29
"VPS9D1","s1633_S_POA_03_ASEReadCounter.table","NW_015090842.1:10117480",13,31,18
"VPS9D1","s1633_S_POA_03_ASEReadCounter.table","NW_015090842.1:10117497",11,26,15
"VPS9D1","s1633_S_POA_03_ASEReadCounter.table","NW_015090842.1:10117499",10,26,16
"VPS9D1","s1633_S_POA_03_ASEReadCounter.table","NW_015090842.1:10117516",15,35,20
"VPS9D1","s1633_S_POA_03_ASEReadCounter.table","NW_015090842.1:10117525",20,42,22
"VPS9D1","s1633_S_POA_03_ASEReadCounter.table","NW_015090842.1:10117579",23,50,27
"VPS9D1","s1633_S_POA_03_ASEReadCounter.table","NW_015090842.1:10117627",17,47,30
"VPS9D1","s1633_S_POA_03_ASEReadCounter.table","NW_015090842.1:10117678",7,48,41
"VPS9D1","s1633_S_POA_03_ASEReadCounter.table","NW_015090842.1:10117773",19,55,36
"VPS9D1","s1633_S_POA_03_ASEReadCounter.table","NW_015090842.1:10117937",29,72,43
"VPS9D1","s1633_S_POA_03_ASEReadCounter.table","NW_015090842.1:10117961",30,70,40
"VPS9D1","s1633_S_POA_03_ASEReadCounter.table","NW_015090842.1:10118236",33,77,44
"VPS9D1","s1633_S_POA_03_ASEReadCounter.table","NW_015090842.1:10118414",22,62,40
"VPS9D1","s1633_S_POA_03_ASEReadCounter.table","NW_015090842.1:10118973",17,60,43
"VPS9D1","s1633_S_POA_03_ASEReadCounter.table","NW_015090842.1:10119500",10,26,16
"ZNF276","s1633_S_POA_03_ASEReadCounter.table","NW_015090842.1:10121760",2,4,2
"ZNF276","s1633_S_POA_03_ASEReadCounter.table","NW_015090842.1:10121769",3,5,2
"ZNF276","s1633_S_POA_03_ASEReadCounter.table","NW_015090842.1:10121802",2,6,4
"ZNF276","s1633_S_POA_03_ASEReadCounter.table","NW_015090842.1:10121971",8,16,8
"ZNF276","s1633_S_POA_03_ASEReadCounter.table","NW_015090842.1:10122161",19,19,0
"ZNF276","s1633_S_POA_03_ASEReadCounter.table","NW_015090842.1:10122164",19,19,0
"ZNF276","s1633_S_POA_03_ASEReadCounter.table","NW_015090842.1:10122184",15,15,0
"ZNF276","s1633_S_POA_03_ASEReadCounter.table","NW_015090842.1:10122883",7,22,15
"ZNF276","s1633_S_POA_03_ASEReadCounter.table","NW_015090842.1:10122997",10,24,14
"ZNF276","s1633_S_POA_03_ASEReadCounter.table","NW_015090842.1:10123069",10,29,19
"ZNF276","s1633_S_POA_03_ASEReadCounter.table","NW_015090842.1:10123207",16,37,21
"ZNF276","s1633_S_POA_03_ASEReadCounter.table","NW_015090842.1:10125787",23,44,21
"ZNF276","s1633_S_POA_03_ASEReadCounter.table","NW_015090842.1:10126309",30,56,26
"ZNF276","s1633_S_POA_03_ASEReadCounter.table","NW_015090842.1:10126348",32,60,28
"ZNF276","s1633_S_POA_03_ASEReadCounter.table","NW_015090842.1:10126978",26,62,36
"ZNF276","s1633_S_POA_03_ASEReadCounter.table","NW_015090842.1:10126991",23,54,31
"ZNF276","s1633_S_POA_03_ASEReadCounter.table","NW_015090842.1:10127023",27,58,31
"ZNF276","s1633_S_POA_03_ASEReadCounter.table","NW_015090842.1:10127063",26,57,31
"ZNF276","s1633_S_POA_03_ASEReadCounter.table","NW_015090842.1:10127373",26,56,30
"ZNF276","s1633_S_POA_03_ASEReadCounter.table","NW_015090842.1:10127931",31,61,30
"ZNF276","s1633_S_POA_03_ASEReadCounter.table","NW_015090842.1:10128070",33,62,29
"ZNF276","s1633_S_POA_03_ASEReadCounter.table","NW_015090842.1:10128102",36,69,33
"ZNF276","s1633_S_POA_03_ASEReadCounter.table","NW_015090842.1:10128356",25,67,42
"ZNF276","s1633_S_POA_03_ASEReadCounter.table","NW_015090842.1:10128497",23,50,27
"FANCA","s1633_S_POA_03_ASEReadCounter.table","NW_015090842.1:10128743",1,2,1
"FANCA","s1633_S_POA_03_ASEReadCounter.table","NW_015090842.1:10128822",1,4,3
"FANCA","s1633_S_POA_03_ASEReadCounter.table","NW_015090842.1:10129383",1,2,1
"FANCA","s1633_S_POA_03_ASEReadCounter.table","NW_015090842.1:10129390",1,2,1
"FANCA","s1633_S_POA_03_ASEReadCounter.table","NW_015090842.1:10129422",1,2,1
"FANCA","s1633_S_POA_03_ASEReadCounter.table","NW_015090842.1:10129969",1,1,0
"FANCA","s1633_S_POA_03_ASEReadCounter.table","NW_015090842.1:10130399",1,2,1
"FANCA","s1633_S_POA_03_ASEReadCounter.table","NW_015090842.1:10130878",0,1,1
"FANCA","s1633_S_POA_03_ASEReadCounter.table","NW_015090842.1:10133530",0,2,2
"FANCA","s1633_S_POA_03_ASEReadCounter.table","NW_015090842.1:10133533",0,2,2
"FANCA","s1633_S_POA_03_ASEReadCounter.table","NW_015090842.1:10133536",0,2,2
"FANCA","s1633_S_POA_03_ASEReadCounter.table","NW_015090842.1:10133601",0,2,2
"FANCA","s1633_S_POA_03_ASEReadCounter.table","NW_015090842.1:10134492",1,1,0
"FANCA","s1633_S_POA_03_ASEReadCounter.table","NW_015090842.1:10136957",1,2,1
"FANCA","s1633_S_POA_03_ASEReadCounter.table","NW_015090842.1:10138618",0,1,1
"FANCA","s1633_S_POA_03_ASEReadCounter.table","NW_015090842.1:10139140",0,2,2
"FANCA","s1633_S_POA_03_ASEReadCounter.table","NW_015090842.1:10140699",0,1,1
"FANCA","s1633_S_POA_03_ASEReadCounter.table","NW_015090842.1:10141234",1,2,1
"FANCA","s1633_S_POA_03_ASEReadCounter.table","NW_015090842.1:10145030",1,1,0
"FANCA","s1633_S_POA_03_ASEReadCounter.table","NW_015090842.1:10152863",0,1,1
"FANCA","s1633_S_POA_03_ASEReadCounter.table","NW_015090842.1:10158957",1,1,0
"FANCA","s1633_S_POA_03_ASEReadCounter.table","NW_015090842.1:10165331",0,1,1
"SPIRE2","s1633_S_POA_03_ASEReadCounter.table","NW_015090842.1:10172284",12,17,5
"SPIRE2","s1633_S_POA_03_ASEReadCounter.table","NW_015090842.1:10175262",21,45,24
"SPIRE2","s1633_S_POA_03_ASEReadCounter.table","NW_015090842.1:10175352",14,28,14
"SPIRE2","s1633_S_POA_03_ASEReadCounter.table","NW_015090842.1:10175400",42,87,45
"SPIRE2","s1633_S_POA_03_ASEReadCounter.table","NW_015090842.1:10175418",46,95,49
"SPIRE2","s1633_S_POA_03_ASEReadCounter.table","NW_015090842.1:10175704",58,121,63
"SPIRE2","s1633_S_POA_03_ASEReadCounter.table","NW_015090842.1:10176115",63,131,68
"SPIRE2","s1633_S_POA_03_ASEReadCounter.table","NW_015090842.1:10176561",81,157,76
"SPIRE2","s1633_S_POA_03_ASEReadCounter.table","NW_015090842.1:10176817",85,180,95
"SPIRE2","s1633_S_POA_03_ASEReadCounter.table","NW_015090842.1:10177084",41,100,59
"SPIRE2","s1633_S_POA_03_ASEReadCounter.table","NW_015090842.1:10177838",80,184,104
"SPIRE2","s1633_S_POA_03_ASEReadCounter.table","NW_015090842.1:10178000",88,195,107
"SPIRE2","s1633_S_POA_03_ASEReadCounter.table","NW_015090842.1:10178164",94,198,104
"SPIRE2","s1633_S_POA_03_ASEReadCounter.table","NW_015090842.1:10178216",118,230,112
"SPIRE2","s1633_S_POA_03_ASEReadCounter.table","NW_015090842.1:10178303",105,195,90
"SPIRE2","s1633_S_POA_03_ASEReadCounter.table","NW_015090842.1:10178403",93,193,100
"SPIRE2","s1633_S_POA_03_ASEReadCounter.table","NW_015090842.1:10178409",93,184,91
"SPIRE2","s1633_S_POA_03_ASEReadCounter.table","NW_015090842.1:10178524",113,227,114
"SPIRE2","s1633_S_POA_03_ASEReadCounter.table","NW_015090842.1:10178526",112,227,115
"SPIRE2","s1633_S_POA_03_ASEReadCounter.table","NW_015090842.1:10178531",116,232,116
"SPIRE2","s1633_S_POA_03_ASEReadCounter.table","NW_015090842.1:10178565",106,214,108
"SPIRE2","s1633_S_POA_03_ASEReadCounter.table","NW_015090842.1:10178587",107,201,94
"SPIRE2","s1633_S_POA_03_ASEReadCounter.table","NW_015090842.1:10178640",67,152,85
"SPIRE2","s1633_S_POA_03_ASEReadCounter.table","NW_015090842.1:10178651",71,165,94
"SPIRE2","s1633_S_POA_03_ASEReadCounter.table","NW_015090842.1:10178682",65,142,77
"TCF25","s1633_S_POA_03_ASEReadCounter.table","NW_015090842.1:10180912",33,69,36
"TCF25","s1633_S_POA_03_ASEReadCounter.table","NW_015090842.1:10180924",34,72,38
"TCF25","s1633_S_POA_03_ASEReadCounter.table","NW_015090842.1:10180931",33,71,38
"TCF25","s1633_S_POA_03_ASEReadCounter.table","NW_015090842.1:10185332",116,226,110
"TCF25","s1633_S_POA_03_ASEReadCounter.table","NW_015090842.1:10196561",77,185,108
"TCF25","s1633_S_POA_03_ASEReadCounter.table","NW_015090842.1:10197399",270,270,0
"MC1R","s1633_S_POA_03_ASEReadCounter.table","NW_015090842.1:10202160",2,2,0
"MC1R","s1633_S_POA_03_ASEReadCounter.table","NW_015090842.1:10202447",2,3,1
"TUBB3","s1633_S_POA_03_ASEReadCounter.table","NW_015090842.1:10205322",2,292,290
"GAS8","s1633_S_POA_03_ASEReadCounter.table","NW_015090842.1:10228982",31,55,24
"GAS8","s1633_S_POA_03_ASEReadCounter.table","NW_015090842.1:10229832",21,43,22
"GAS8","s1633_S_POA_03_ASEReadCounter.table","NW_015090842.1:10232901",32,58,26
"GAS8","s1633_S_POA_03_ASEReadCounter.table","NW_015090842.1:10232928",37,65,28
"GAS8","s1633_S_POA_03_ASEReadCounter.table","NW_015090842.1:10232967",33,66,33
"GAS8","s1633_S_POA_03_ASEReadCounter.table","NW_015090842.1:10233032",23,45,22
"GAS8","s1633_S_POA_03_ASEReadCounter.table","NW_015090842.1:10233057",23,36,13
"GAS8","s1633_S_POA_03_ASEReadCounter.table","NW_015090842.1:10233058",23,37,14
"GAS8","s1633_S_POA_03_ASEReadCounter.table","NW_015090842.1:10233176",22,39,17
"GAS8","s1633_S_POA_03_ASEReadCounter.table","NW_015090842.1:10233196",18,42,24
"GAS8","s1633_S_POA_03_ASEReadCounter.table","NW_015090842.1:10233252",15,36,21
"GAS8","s1633_S_POA_03_ASEReadCounter.table","NW_015090842.1:10233303",4,11,7
"LOC106888094","s1633_S_POA_03_ASEReadCounter.table","NW_015090842.1:10233334",0,4,4
"LOC106888094","s1633_S_POA_03_ASEReadCounter.table","NW_015090842.1:10233362",2,12,10
"LOC106888094","s1633_S_POA_03_ASEReadCounter.table","NW_015090842.1:10233373",2,12,10
"LOC106888094","s1633_S_POA_03_ASEReadCounter.table","NW_015090842.1:10233388",3,17,14
"LOC106888094","s1633_S_POA_03_ASEReadCounter.table","NW_015090842.1:10233402",4,20,16
"LOC106888094","s1633_S_POA_03_ASEReadCounter.table","NW_015090842.1:10233465",10,31,21
"LOC106888094","s1633_S_POA_03_ASEReadCounter.table","NW_015090842.1:10233803",9,31,22
"LOC106888094","s1633_S_POA_03_ASEReadCounter.table","NW_015090842.1:10233815",6,29,23
"LOC106888094","s1633_S_POA_03_ASEReadCounter.table","NW_015090842.1:10235484",1,3,2
"LOC106888094","s1633_S_POA_03_ASEReadCounter.table","NW_015090842.1:10235611",2,4,2
"LOC106888094","s1633_S_POA_03_ASEReadCounter.table","NW_015090842.1:10235977",2,2,0
"LOC106888094","s1633_S_POA_03_ASEReadCounter.table","NW_015090842.1:10236098",1,2,1
"LOC106888094","s1633_S_POA_03_ASEReadCounter.table","NW_015090842.1:10236161",1,2,1
"LOC106888094","s1633_S_POA_03_ASEReadCounter.table","NW_015090842.1:10236380",1,2,1
"LOC106888094","s1633_S_POA_03_ASEReadCounter.table","NW_015090842.1:10236388",1,2,1
"LOC106888094","s1633_S_POA_03_ASEReadCounter.table","NW_015090842.1:10236425",1,2,1
"LOC106888094","s1633_S_POA_03_ASEReadCounter.table","NW_015090842.1:10236426",1,2,1
"LOC106888094","s1633_S_POA_03_ASEReadCounter.table","NW_015090842.1:10236603",0,1,1
"LOC106888173","s1633_S_POA_03_ASEReadCounter.table","NW_015090842.1:10239596",0,5,5
"LOC106888173","s1633_S_POA_03_ASEReadCounter.table","NW_015090842.1:10240036",1,10,9
"LOC106888173","s1633_S_POA_03_ASEReadCounter.table","NW_015090842.1:10240095",1,12,11
"LOC106888173","s1633_S_POA_03_ASEReadCounter.table","NW_015090842.1:10240280",1,11,10
"LOC106888173","s1633_S_POA_03_ASEReadCounter.table","NW_015090842.1:10240557",1,13,12
"LOC106888173","s1633_S_POA_03_ASEReadCounter.table","NW_015090842.1:10240603",1,13,12
"LOC106888173","s1633_S_POA_03_ASEReadCounter.table","NW_015090842.1:10240609",1,12,11
"LOC106888173","s1633_S_POA_03_ASEReadCounter.table","NW_015090842.1:10240924",0,8,8
"LOC106888173","s1633_S_POA_03_ASEReadCounter.table","NW_015090842.1:10241037",1,11,10
"LOC106888173","s1633_S_POA_03_ASEReadCounter.table","NW_015090842.1:10241046",1,11,10
"LOC106888173","s1633_S_POA_03_ASEReadCounter.table","NW_015090842.1:10241058",1,13,12
"LOC106888173","s1633_S_POA_03_ASEReadCounter.table","NW_015090842.1:10241064",1,13,12
"LOC106888173","s1633_S_POA_03_ASEReadCounter.table","NW_015090842.1:10241163",2,18,16
"LOC106888173","s1633_S_POA_03_ASEReadCounter.table","NW_015090842.1:10241803",2,13,11
"LOC106888173","s1633_S_POA_03_ASEReadCounter.table","NW_015090842.1:10241827",1,12,11
"LOC106888173","s1633_S_POA_03_ASEReadCounter.table","NW_015090842.1:10241869",1,13,12
"LOC106888173","s1633_S_POA_03_ASEReadCounter.table","NW_015090842.1:10242079",3,22,19
"LOC106888173","s1633_S_POA_03_ASEReadCounter.table","NW_015090842.1:10242103",3,23,20
"LOC106888173","s1633_S_POA_03_ASEReadCounter.table","NW_015090842.1:10242157",6,22,16
"LOC106888173","s1633_S_POA_03_ASEReadCounter.table","NW_015090842.1:10242455",4,19,15
"LOC106888173","s1633_S_POA_03_ASEReadCounter.table","NW_015090842.1:10242481",2,17,15
"LOC106888173","s1633_S_POA_03_ASEReadCounter.table","NW_015090842.1:10242590",0,11,11
"LOC106888173","s1633_S_POA_03_ASEReadCounter.table","NW_015090842.1:10242794",1,18,17
"LOC106888173","s1633_S_POA_03_ASEReadCounter.table","NW_015090842.1:10242909",4,20,16
"LOC106888173","s1633_S_POA_03_ASEReadCounter.table","NW_015090842.1:10243094",2,20,18
"LOC106888173","s1633_S_POA_03_ASEReadCounter.table","NW_015090842.1:10243133",5,19,14
"LOC106888173","s1633_S_POA_03_ASEReadCounter.table","NW_015090842.1:10243273",5,22,17
"LOC106888173","s1633_S_POA_03_ASEReadCounter.table","NW_015090842.1:10243278",4,20,16
"LOC106888173","s1633_S_POA_03_ASEReadCounter.table","NW_015090842.1:10243281",3,18,15
"LOC106888173","s1633_S_POA_03_ASEReadCounter.table","NW_015090842.1:10243347",11,11,0
"LOC106888173","s1633_S_POA_03_ASEReadCounter.table","NW_015090842.1:10243353",3,11,8
"LOC106888173","s1633_S_POA_03_ASEReadCounter.table","NW_015090842.1:10243363",2,9,7
"LOC106888173","s1633_S_POA_03_ASEReadCounter.table","NW_015090842.1:10243365",2,9,7
"LOC106888173","s1633_S_POA_03_ASEReadCounter.table","NW_015090842.1:10243529",2,9,7
"LOC106888173","s1633_S_POA_03_ASEReadCounter.table","NW_015090842.1:10243566",3,13,10
"LOC106888173","s1633_S_POA_03_ASEReadCounter.table","NW_015090842.1:10243605",1,10,9
"LOC106888173","s1633_S_POA_03_ASEReadCounter.table","NW_015090842.1:10243614",2,11,9
"LOC106888173","s1633_S_POA_03_ASEReadCounter.table","NW_015090842.1:10243615",2,11,9
"LOC106888173","s1633_S_POA_03_ASEReadCounter.table","NW_015090842.1:10243640",1,9,8
"LOC106888173","s1633_S_POA_03_ASEReadCounter.table","NW_015090842.1:10243680",5,11,6
"LOC106888173","s1633_S_POA_03_ASEReadCounter.table","NW_015090842.1:10243742",5,16,11
"LOC106888173","s1633_S_POA_03_ASEReadCounter.table","NW_015090842.1:10243804",3,14,11
"LOC106888173","s1633_S_POA_03_ASEReadCounter.table","NW_015090842.1:10243913",0,9,9
"LOC106888173","s1633_S_POA_03_ASEReadCounter.table","NW_015090842.1:10243921",0,9,9
"LOC106888384","s1633_S_POA_03_ASEReadCounter.table","NW_015090842.1:10251354",0,2,2
"LOC106888384","s1633_S_POA_03_ASEReadCounter.table","NW_015090842.1:10251358",0,2,2
"LOC106888384","s1633_S_POA_03_ASEReadCounter.table","NW_015090842.1:10251369",0,2,2
"LOC106888384","s1633_S_POA_03_ASEReadCounter.table","NW_015090842.1:10251370",0,2,2
"LOC106888384","s1633_S_POA_03_ASEReadCounter.table","NW_015090842.1:10251375",0,2,2
"LOC106888384","s1633_S_POA_03_ASEReadCounter.table","NW_015090842.1:10251388",0,1,1
"LOC106888384","s1633_S_POA_03_ASEReadCounter.table","NW_015090842.1:10251390",0,1,1
"LOC106888384","s1633_S_POA_03_ASEReadCounter.table","NW_015090842.1:10251393",0,1,1
"LOC106888384","s1633_S_POA_03_ASEReadCounter.table","NW_015090842.1:10253165",1,1,0
"LOC106888384","s1633_S_POA_03_ASEReadCounter.table","NW_015090842.1:10253605",1,1,0
"LOC106888384","s1633_S_POA_03_ASEReadCounter.table","NW_015090842.1:10254570",0,1,1
"LOC106888384","s1633_S_POA_03_ASEReadCounter.table","NW_015090842.1:10254840",0,1,1
"LOC106888384","s1633_S_POA_03_ASEReadCounter.table","NW_015090842.1:10254854",1,1,0
"LOC106888384","s1633_S_POA_03_ASEReadCounter.table","NW_015090842.1:10254891",1,1,0
"LOC106888384","s1633_S_POA_03_ASEReadCounter.table","NW_015090842.1:10254900",0,1,1
"LOC106888384","s1633_S_POA_03_ASEReadCounter.table","NW_015090842.1:10254915",0,1,1
"LOC106888384","s1633_S_POA_03_ASEReadCounter.table","NW_015090842.1:10255410",1,1,0
"LOC106888384","s1633_S_POA_03_ASEReadCounter.table","NW_015090842.1:10255449",1,1,0
"LOC106888384","s1633_S_POA_03_ASEReadCounter.table","NW_015090842.1:10255496",1,1,0
"LOC106888384","s1633_S_POA_03_ASEReadCounter.table","NW_015090842.1:10255608",1,1,0
"LOC106888384","s1633_S_POA_03_ASEReadCounter.table","NW_015090842.1:10255614",1,1,0
"LOC106888384","s1633_S_POA_03_ASEReadCounter.table","NW_015090842.1:10255704",6,6,0
"LOC106888384","s1633_S_POA_03_ASEReadCounter.table","NW_015090842.1:10255731",7,7,0
"LOC106888384","s1633_S_POA_03_ASEReadCounter.table","NW_015090842.1:10255771",4,4,0
"TANGO6","s1633_S_POA_03_ASEReadCounter.table","NW_015090842.1:10257782",6,7,1
"TANGO6","s1633_S_POA_03_ASEReadCounter.table","NW_015090842.1:10258162",6,9,3
"TANGO6","s1633_S_POA_03_ASEReadCounter.table","NW_015090842.1:10258185",7,10,3
"TANGO6","s1633_S_POA_03_ASEReadCounter.table","NW_015090842.1:10259267",4,10,6
"TANGO6","s1633_S_POA_03_ASEReadCounter.table","NW_015090842.1:10260250",17,33,16
"TANGO6","s1633_S_POA_03_ASEReadCounter.table","NW_015090842.1:10260979",11,23,12
"TANGO6","s1633_S_POA_03_ASEReadCounter.table","NW_015090842.1:10261599",16,30,14
"TANGO6","s1633_S_POA_03_ASEReadCounter.table","NW_015090842.1:10268425",35,53,18
"TANGO6","s1633_S_POA_03_ASEReadCounter.table","NW_015090842.1:10269831",31,50,19
"TANGO6","s1633_S_POA_03_ASEReadCounter.table","NW_015090842.1:10270813",27,42,15
"TANGO6","s1633_S_POA_03_ASEReadCounter.table","NW_015090842.1:10273952",18,27,9
"TANGO6","s1633_S_POA_03_ASEReadCounter.table","NW_015090842.1:10273970",20,31,11
"TANGO6","s1633_S_POA_03_ASEReadCounter.table","NW_015090842.1:10274018",19,29,10
"TANGO6","s1633_S_POA_03_ASEReadCounter.table","NW_015090842.1:10275974",24,37,13
"TANGO6","s1633_S_POA_03_ASEReadCounter.table","NW_015090842.1:10275976",24,37,13
"TANGO6","s1633_S_POA_03_ASEReadCounter.table","NW_015090842.1:10276123",25,35,10
"TANGO6","s1633_S_POA_03_ASEReadCounter.table","NW_015090842.1:10276271",40,50,10
"TANGO6","s1633_S_POA_03_ASEReadCounter.table","NW_015090842.1:10276272",38,48,10
"TANGO6","s1633_S_POA_03_ASEReadCounter.table","NW_015090842.1:10276275",46,55,9
"TANGO6","s1633_S_POA_03_ASEReadCounter.table","NW_015090842.1:10276278",45,54,9
"TANGO6","s1633_S_POA_03_ASEReadCounter.table","NW_015090842.1:10276368",28,37,9
"TANGO6","s1633_S_POA_03_ASEReadCounter.table","NW_015090842.1:10276373",30,43,13
"TANGO6","s1633_S_POA_03_ASEReadCounter.table","NW_015090842.1:10276630",27,38,11
"TANGO6","s1633_S_POA_03_ASEReadCounter.table","NW_015090842.1:10281498",45,54,9
"TANGO6","s1633_S_POA_03_ASEReadCounter.table","NW_015090842.1:10282842",66,79,13
"TANGO6","s1633_S_POA_03_ASEReadCounter.table","NW_015090842.1:10282863",45,60,15
"TANGO6","s1633_S_POA_03_ASEReadCounter.table","NW_015090842.1:10282869",48,63,15
"TANGO6","s1633_S_POA_03_ASEReadCounter.table","NW_015090842.1:10282903",52,69,17
"TANGO6","s1633_S_POA_03_ASEReadCounter.table","NW_015090842.1:10283757",56,81,25
"TANGO6","s1633_S_POA_03_ASEReadCounter.table","NW_015090842.1:10283785",63,84,21
"HAS3","s1633_S_POA_03_ASEReadCounter.table","NW_015090842.1:10288093",0,1,1
"HAS3","s1633_S_POA_03_ASEReadCounter.table","NW_015090842.1:10289469",0,1,1
"HAS3","s1633_S_POA_03_ASEReadCounter.table","NW_015090842.1:10289708",2,2,0
"HAS3","s1633_S_POA_03_ASEReadCounter.table","NW_015090842.1:10290395",0,1,1
"HAS3","s1633_S_POA_03_ASEReadCounter.table","NW_015090842.1:10290561",0,2,2
"HAS3","s1633_S_POA_03_ASEReadCounter.table","NW_015090842.1:10290609",1,4,3
"HAS3","s1633_S_POA_03_ASEReadCounter.table","NW_015090842.1:10290666",0,2,2
"HAS3","s1633_S_POA_03_ASEReadCounter.table","NW_015090842.1:10290723",0,1,1
"HAS3","s1633_S_POA_03_ASEReadCounter.table","NW_015090842.1:10290927",0,1,1
"HAS3","s1633_S_POA_03_ASEReadCounter.table","NW_015090842.1:10291004",1,1,0
"CHTF8","s1633_S_POA_03_ASEReadCounter.table","NW_015090842.1:10291319",1,6,5
"CHTF8","s1633_S_POA_03_ASEReadCounter.table","NW_015090842.1:10291342",2,6,4
"CHTF8","s1633_S_POA_03_ASEReadCounter.table","NW_015090842.1:10291491",8,11,3
"CHTF8","s1633_S_POA_03_ASEReadCounter.table","NW_015090842.1:10291520",12,20,8
"CHTF8","s1633_S_POA_03_ASEReadCounter.table","NW_015090842.1:10291593",11,24,13
"CHTF8","s1633_S_POA_03_ASEReadCounter.table","NW_015090842.1:10291600",9,22,13
"CHTF8","s1633_S_POA_03_ASEReadCounter.table","NW_015090842.1:10291609",8,20,12
"CHTF8","s1633_S_POA_03_ASEReadCounter.table","NW_015090842.1:10291639",10,22,12
"CHTF8","s1633_S_POA_03_ASEReadCounter.table","NW_015090842.1:10291641",10,22,12
"CHTF8","s1633_S_POA_03_ASEReadCounter.table","NW_015090842.1:10291648",10,19,9
"CHTF8","s1633_S_POA_03_ASEReadCounter.table","NW_015090842.1:10291656",10,18,8
"CHTF8","s1633_S_POA_03_ASEReadCounter.table","NW_015090842.1:10291675",13,23,10
"CHTF8","s1633_S_POA_03_ASEReadCounter.table","NW_015090842.1:10291696",15,23,8
"CHTF8","s1633_S_POA_03_ASEReadCounter.table","NW_015090842.1:10291714",15,23,8
"CHTF8","s1633_S_POA_03_ASEReadCounter.table","NW_015090842.1:10291732",18,28,10
"CHTF8","s1633_S_POA_03_ASEReadCounter.table","NW_015090842.1:10291755",16,25,9
"CHTF8","s1633_S_POA_03_ASEReadCounter.table","NW_015090842.1:10291756",16,25,9
"CHTF8","s1633_S_POA_03_ASEReadCounter.table","NW_015090842.1:10291758",16,23,7
"CHTF8","s1633_S_POA_03_ASEReadCounter.table","NW_015090842.1:10291792",15,22,7
"CHTF8","s1633_S_POA_03_ASEReadCounter.table","NW_015090842.1:10291895",17,31,14
"CHTF8","s1633_S_POA_03_ASEReadCounter.table","NW_015090842.1:10292132",8,17,9
"CHTF8","s1633_S_POA_03_ASEReadCounter.table","NW_015090842.1:10292314",6,10,4
"CHTF8","s1633_S_POA_03_ASEReadCounter.table","NW_015090842.1:10292317",6,10,4
"UTP4","s1633_S_POA_03_ASEReadCounter.table","NW_015090842.1:10293146",13,24,11
"UTP4","s1633_S_POA_03_ASEReadCounter.table","NW_015090842.1:10293151",15,25,10
"UTP4","s1633_S_POA_03_ASEReadCounter.table","NW_015090842.1:10293191",11,19,8
"UTP4","s1633_S_POA_03_ASEReadCounter.table","NW_015090842.1:10293362",10,17,7
"UTP4","s1633_S_POA_03_ASEReadCounter.table","NW_015090842.1:10293430",8,17,9
"UTP4","s1633_S_POA_03_ASEReadCounter.table","NW_015090842.1:10293625",6,17,11
"UTP4","s1633_S_POA_03_ASEReadCounter.table","NW_015090842.1:10293684",11,22,11
"UTP4","s1633_S_POA_03_ASEReadCounter.table","NW_015090842.1:10294093",7,17,10
"UTP4","s1633_S_POA_03_ASEReadCounter.table","NW_015090842.1:10294568",15,29,14
"UTP4","s1633_S_POA_03_ASEReadCounter.table","NW_015090842.1:10294622",18,36,18
"UTP4","s1633_S_POA_03_ASEReadCounter.table","NW_015090842.1:10294632",16,35,19
"UTP4","s1633_S_POA_03_ASEReadCounter.table","NW_015090842.1:10295238",13,28,15
"UTP4","s1633_S_POA_03_ASEReadCounter.table","NW_015090842.1:10295880",14,34,20
"UTP4","s1633_S_POA_03_ASEReadCounter.table","NW_015090842.1:10295884",16,37,21
"UTP4","s1633_S_POA_03_ASEReadCounter.table","NW_015090842.1:10295903",16,38,22
"UTP4","s1633_S_POA_03_ASEReadCounter.table","NW_015090842.1:10295906",18,41,23
"UTP4","s1633_S_POA_03_ASEReadCounter.table","NW_015090842.1:10295915",20,42,22
"UTP4","s1633_S_POA_03_ASEReadCounter.table","NW_015090842.1:10295938",20,41,21
"UTP4","s1633_S_POA_03_ASEReadCounter.table","NW_015090842.1:10296175",13,28,15
"UTP4","s1633_S_POA_03_ASEReadCounter.table","NW_015090842.1:10296660",25,58,33
"UTP4","s1633_S_POA_03_ASEReadCounter.table","NW_015090842.1:10296679",23,53,30
"UTP4","s1633_S_POA_03_ASEReadCounter.table","NW_015090842.1:10297193",32,63,31
"UTP4","s1633_S_POA_03_ASEReadCounter.table","NW_015090842.1:10297220",32,63,31
"UTP4","s1633_S_POA_03_ASEReadCounter.table","NW_015090842.1:10297307",41,82,41
"UTP4","s1633_S_POA_03_ASEReadCounter.table","NW_015090842.1:10297558",55,97,42
"UTP4","s1633_S_POA_03_ASEReadCounter.table","NW_015090842.1:10297943",41,82,41
"UTP4","s1633_S_POA_03_ASEReadCounter.table","NW_015090842.1:10297979",37,78,41
"UTP4","s1633_S_POA_03_ASEReadCounter.table","NW_015090842.1:10298022",27,64,37
"UTP4","s1633_S_POA_03_ASEReadCounter.table","NW_015090842.1:10298079",3,24,21
"UTP4","s1633_S_POA_03_ASEReadCounter.table","NW_015090842.1:10298081",2,22,20
"UTP4","s1633_S_POA_03_ASEReadCounter.table","NW_015090842.1:10298082",2,22,20
"SNTB2","s1633_S_POA_03_ASEReadCounter.table","NW_015090842.1:10303506",5,6,1
"SNTB2","s1633_S_POA_03_ASEReadCounter.table","NW_015090842.1:10303524",4,8,4
"SNTB2","s1633_S_POA_03_ASEReadCounter.table","NW_015090842.1:10304059",1,2,1
"SNTB2","s1633_S_POA_03_ASEReadCounter.table","NW_015090842.1:10304089",2,5,3
"SNTB2","s1633_S_POA_03_ASEReadCounter.table","NW_015090842.1:10304167",1,3,2
"SNTB2","s1633_S_POA_03_ASEReadCounter.table","NW_015090842.1:10304176",1,3,2
"SNTB2","s1633_S_POA_03_ASEReadCounter.table","NW_015090842.1:10305069",2,3,1
"SNTB2","s1633_S_POA_03_ASEReadCounter.table","NW_015090842.1:10305099",2,6,4
"SNTB2","s1633_S_POA_03_ASEReadCounter.table","NW_015090842.1:10305451",4,5,1
"SNTB2","s1633_S_POA_03_ASEReadCounter.table","NW_015090842.1:10305547",3,6,3
"SNTB2","s1633_S_POA_03_ASEReadCounter.table","NW_015090842.1:10305847",7,9,2
"SNTB2","s1633_S_POA_03_ASEReadCounter.table","NW_015090842.1:10305911",7,9,2
"SNTB2","s1633_S_POA_03_ASEReadCounter.table","NW_015090842.1:10306173",6,7,1
"SNTB2","s1633_S_POA_03_ASEReadCounter.table","NW_015090842.1:10306275",5,8,3
"SNTB2","s1633_S_POA_03_ASEReadCounter.table","NW_015090842.1:10306457",1,3,2
"SNTB2","s1633_S_POA_03_ASEReadCounter.table","NW_015090842.1:10306496",3,7,4
"SNTB2","s1633_S_POA_03_ASEReadCounter.table","NW_015090842.1:10306499",3,6,3
"VPS4A","s1633_S_POA_03_ASEReadCounter.table","NW_015090842.1:10308566",79,162,83
"VPS4A","s1633_S_POA_03_ASEReadCounter.table","NW_015090842.1:10308573",87,179,92
"VPS4A","s1633_S_POA_03_ASEReadCounter.table","NW_015090842.1:10308856",112,233,121
"VPS4A","s1633_S_POA_03_ASEReadCounter.table","NW_015090842.1:10309056",117,280,163
"VPS4A","s1633_S_POA_03_ASEReadCounter.table","NW_015090842.1:10309089",155,340,185
"VPS4A","s1633_S_POA_03_ASEReadCounter.table","NW_015090842.1:10309392",166,325,159
"VPS4A","s1633_S_POA_03_ASEReadCounter.table","NW_015090842.1:10309413",155,316,161
"VPS4A","s1633_S_POA_03_ASEReadCounter.table","NW_015090842.1:10309467",153,351,198
"VPS4A","s1633_S_POA_03_ASEReadCounter.table","NW_015090842.1:10310230",176,390,214
"VPS4A","s1633_S_POA_03_ASEReadCounter.table","NW_015090842.1:10310425",164,356,192
"VPS4A","s1633_S_POA_03_ASEReadCounter.table","NW_015090842.1:10310639",184,381,197
"VPS4A","s1633_S_POA_03_ASEReadCounter.table","NW_015090842.1:10310640",374,375,1
"VPS4A","s1633_S_POA_03_ASEReadCounter.table","NW_015090842.1:10310687",220,435,215
"VPS4A","s1633_S_POA_03_ASEReadCounter.table","NW_015090842.1:10310734",200,404,204
"VPS4A","s1633_S_POA_03_ASEReadCounter.table","NW_015090842.1:10310737",201,407,206
"VPS4A","s1633_S_POA_03_ASEReadCounter.table","NW_015090842.1:10310746",204,411,207
"VPS4A","s1633_S_POA_03_ASEReadCounter.table","NW_015090842.1:10310767",218,434,216
"VPS4A","s1633_S_POA_03_ASEReadCounter.table","NW_015090842.1:10310995",204,432,228
"VPS4A","s1633_S_POA_03_ASEReadCounter.table","NW_015090842.1:10311004",205,433,228
"VPS4A","s1633_S_POA_03_ASEReadCounter.table","NW_015090842.1:10311007",210,447,237
"VPS4A","s1633_S_POA_03_ASEReadCounter.table","NW_015090842.1:10311013",225,466,241
"VPS4A","s1633_S_POA_03_ASEReadCounter.table","NW_015090842.1:10311022",222,473,251
"VPS4A","s1633_S_POA_03_ASEReadCounter.table","NW_015090842.1:10311023",221,467,246
"VPS4A","s1633_S_POA_03_ASEReadCounter.table","NW_015090842.1:10311426",214,497,283
"VPS4A","s1633_S_POA_03_ASEReadCounter.table","NW_015090842.1:10311489",2,16,14
"VPS4A","s1633_S_POA_03_ASEReadCounter.table","NW_015090842.1:10311490",4,12,8
"VPS4A","s1633_S_POA_03_ASEReadCounter.table","NW_015090842.1:10311525",14,32,18
"VPS4A","s1633_S_POA_03_ASEReadCounter.table","NW_015090842.1:10311529",15,44,29
"VPS4A","s1633_S_POA_03_ASEReadCounter.table","NW_015090842.1:10311530",15,46,31
"VPS4A","s1633_S_POA_03_ASEReadCounter.table","NW_015090842.1:10311552",33,72,39
"VPS4A","s1633_S_POA_03_ASEReadCounter.table","NW_015090842.1:10311689",31,75,44
"VPS4A","s1633_S_POA_03_ASEReadCounter.table","NW_015090842.1:10311700",49,92,43
"VPS4A","s1633_S_POA_03_ASEReadCounter.table","NW_015090842.1:10311701",46,90,44
"VPS4A","s1633_S_POA_03_ASEReadCounter.table","NW_015090842.1:10311703",50,94,44
"COG8","s1633_S_POA_03_ASEReadCounter.table","NW_015090842.1:10313487",15,47,32
"COG8","s1633_S_POA_03_ASEReadCounter.table","NW_015090842.1:10313559",28,58,30
"COG8","s1633_S_POA_03_ASEReadCounter.table","NW_015090842.1:10313579",30,61,31
"COG8","s1633_S_POA_03_ASEReadCounter.table","NW_015090842.1:10313665",33,58,25
"COG8","s1633_S_POA_03_ASEReadCounter.table","NW_015090842.1:10313681",35,64,29
"COG8","s1633_S_POA_03_ASEReadCounter.table","NW_015090842.1:10313768",33,66,33
"COG8","s1633_S_POA_03_ASEReadCounter.table","NW_015090842.1:10313775",38,66,28
"COG8","s1633_S_POA_03_ASEReadCounter.table","NW_015090842.1:10313811",28,60,32
"COG8","s1633_S_POA_03_ASEReadCounter.table","NW_015090842.1:10313858",20,52,32
"COG8","s1633_S_POA_03_ASEReadCounter.table","NW_015090842.1:10313859",52,52,0
"COG8","s1633_S_POA_03_ASEReadCounter.table","NW_015090842.1:10314100",36,74,38
"COG8","s1633_S_POA_03_ASEReadCounter.table","NW_015090842.1:10314213",34,68,34
"COG8","s1633_S_POA_03_ASEReadCounter.table","NW_015090842.1:10315093",28,59,31
"COG8","s1633_S_POA_03_ASEReadCounter.table","NW_015090842.1:10315162",29,55,26
"COG8","s1633_S_POA_03_ASEReadCounter.table","NW_015090842.1:10315285",35,64,29
"COG8","s1633_S_POA_03_ASEReadCounter.table","NW_015090842.1:10315360",16,34,18
"COG8","s1633_S_POA_03_ASEReadCounter.table","NW_015090842.1:10315369",17,35,18
"COG8","s1633_S_POA_03_ASEReadCounter.table","NW_015090842.1:10315508",10,18,8
"COG8","s1633_S_POA_03_ASEReadCounter.table","NW_015090842.1:10315624",9,26,17
"COG8","s1633_S_POA_03_ASEReadCounter.table","NW_015090842.1:10315693",10,27,17
"COG8","s1633_S_POA_03_ASEReadCounter.table","NW_015090842.1:10315698",10,28,18
"COG8","s1633_S_POA_03_ASEReadCounter.table","NW_015090842.1:10315768",5,16,11
"COG8","s1633_S_POA_03_ASEReadCounter.table","NW_015090842.1:10315769",5,16,11
"COG8","s1633_S_POA_03_ASEReadCounter.table","NW_015090842.1:10315784",7,18,11
"COG8","s1633_S_POA_03_ASEReadCounter.table","NW_015090842.1:10316093",10,18,8
"COG8","s1633_S_POA_03_ASEReadCounter.table","NW_015090842.1:10316133",7,18,11
"NIP7","s1633_S_POA_03_ASEReadCounter.table","NW_015090842.1:10316759",18,55,37
"NIP7","s1633_S_POA_03_ASEReadCounter.table","NW_015090842.1:10316967",141,275,134
"NIP7","s1633_S_POA_03_ASEReadCounter.table","NW_015090842.1:10316995",162,310,148
"NIP7","s1633_S_POA_03_ASEReadCounter.table","NW_015090842.1:10317240",239,466,227
"NIP7","s1633_S_POA_03_ASEReadCounter.table","NW_015090842.1:10317247",237,453,216
"NIP7","s1633_S_POA_03_ASEReadCounter.table","NW_015090842.1:10317264",229,426,197
"NIP7","s1633_S_POA_03_ASEReadCounter.table","NW_015090842.1:10317433",262,521,259
"NIP7","s1633_S_POA_03_ASEReadCounter.table","NW_015090842.1:10317738",204,432,228
"NIP7","s1633_S_POA_03_ASEReadCounter.table","NW_015090842.1:10317769",201,421,220
"NIP7","s1633_S_POA_03_ASEReadCounter.table","NW_015090842.1:10317808",141,288,147
"NIP7","s1633_S_POA_03_ASEReadCounter.table","NW_015090842.1:10317870",93,198,105
"NIP7","s1633_S_POA_03_ASEReadCounter.table","NW_015090842.1:10317871",94,191,97
"NIP7","s1633_S_POA_03_ASEReadCounter.table","NW_015090842.1:10317898",66,142,76
"NIP7","s1633_S_POA_03_ASEReadCounter.table","NW_015090842.1:10317911",63,129,66
"TMED6","s1633_S_POA_03_ASEReadCounter.table","NW_015090842.1:10318514",3,3,0
"TMED6","s1633_S_POA_03_ASEReadCounter.table","NW_015090842.1:10318731",2,2,0
"TERF2","s1633_S_POA_03_ASEReadCounter.table","NW_015090842.1:10321768",48,87,39
"TERF2","s1633_S_POA_03_ASEReadCounter.table","NW_015090842.1:10321777",48,86,38
"TERF2","s1633_S_POA_03_ASEReadCounter.table","NW_015090842.1:10321805",43,91,48
"TERF2","s1633_S_POA_03_ASEReadCounter.table","NW_015090842.1:10321878",58,114,56
"TERF2","s1633_S_POA_03_ASEReadCounter.table","NW_015090842.1:10321893",51,103,52
"TERF2","s1633_S_POA_03_ASEReadCounter.table","NW_015090842.1:10321897",46,92,46
"TERF2","s1633_S_POA_03_ASEReadCounter.table","NW_015090842.1:10321908",40,80,40
"TERF2","s1633_S_POA_03_ASEReadCounter.table","NW_015090842.1:10322001",68,160,92
"TERF2","s1633_S_POA_03_ASEReadCounter.table","NW_015090842.1:10322035",54,131,77
"TERF2","s1633_S_POA_03_ASEReadCounter.table","NW_015090842.1:10322051",54,135,81
"TERF2","s1633_S_POA_03_ASEReadCounter.table","NW_015090842.1:10322137",45,117,72
"TERF2","s1633_S_POA_03_ASEReadCounter.table","NW_015090842.1:10322144",43,118,75
"TERF2","s1633_S_POA_03_ASEReadCounter.table","NW_015090842.1:10322388",36,105,69
"TERF2","s1633_S_POA_03_ASEReadCounter.table","NW_015090842.1:10322396",36,101,65
"TERF2","s1633_S_POA_03_ASEReadCounter.table","NW_015090842.1:10322502",52,105,53
"TERF2","s1633_S_POA_03_ASEReadCounter.table","NW_015090842.1:10322504",51,106,55
"TERF2","s1633_S_POA_03_ASEReadCounter.table","NW_015090842.1:10322510",52,110,58
"TERF2","s1633_S_POA_03_ASEReadCounter.table","NW_015090842.1:10323580",46,98,52
"TERF2","s1633_S_POA_03_ASEReadCounter.table","NW_015090842.1:10324314",38,86,48
"TERF2","s1633_S_POA_03_ASEReadCounter.table","NW_015090842.1:10326832",24,46,22
"TERF2","s1633_S_POA_03_ASEReadCounter.table","NW_015090842.1:10327787",16,28,12
"TERF2","s1633_S_POA_03_ASEReadCounter.table","NW_015090842.1:10328588",10,29,19
"TERF2","s1633_S_POA_03_ASEReadCounter.table","NW_015090842.1:10328644",8,24,16
"TERF2","s1633_S_POA_03_ASEReadCounter.table","NW_015090842.1:10329813",7,14,7
"TERF2","s1633_S_POA_03_ASEReadCounter.table","NW_015090842.1:10330749",16,25,9
"TERF2","s1633_S_POA_03_ASEReadCounter.table","NW_015090842.1:10330789",15,25,10
"CYB5B","s1633_S_POA_03_ASEReadCounter.table","NW_015090842.1:10336595",4,12,8
"CYB5B","s1633_S_POA_03_ASEReadCounter.table","NW_015090842.1:10336667",35,76,41
"CYB5B","s1633_S_POA_03_ASEReadCounter.table","NW_015090842.1:10336689",47,111,64
"CYB5B","s1633_S_POA_03_ASEReadCounter.table","NW_015090842.1:10336728",77,181,104
"CYB5B","s1633_S_POA_03_ASEReadCounter.table","NW_015090842.1:10345068",81,196,115
"CYB5B","s1633_S_POA_03_ASEReadCounter.table","NW_015090842.1:10348800",147,291,144
"CYB5B","s1633_S_POA_03_ASEReadCounter.table","NW_015090842.1:10349046",130,288,158
"CYB5B","s1633_S_POA_03_ASEReadCounter.table","NW_015090842.1:10349119",62,230,168
"CYB5B","s1633_S_POA_03_ASEReadCounter.table","NW_015090842.1:10349146",42,213,171
"CYB5B","s1633_S_POA_03_ASEReadCounter.table","NW_015090842.1:10349157",71,259,188
"CYB5B","s1633_S_POA_03_ASEReadCounter.table","NW_015090842.1:10349263",253,253,0
