"gene","id","snp","ref_count","total_count","alt_count"
"CENPN","s1640_S_GON_01_ASEReadCounter.table","NW_015090842.1:5801612",32,358,326
"CENPN","s1640_S_GON_01_ASEReadCounter.table","NW_015090842.1:5801618",67,416,349
"CENPN","s1640_S_GON_01_ASEReadCounter.table","NW_015090842.1:5801623",86,436,350
"CENPN","s1640_S_GON_01_ASEReadCounter.table","NW_015090842.1:5801631",106,460,354
"CENPN","s1640_S_GON_01_ASEReadCounter.table","NW_015090842.1:5801632",106,461,355
"CENPN","s1640_S_GON_01_ASEReadCounter.table","NW_015090842.1:5801655",105,368,263
"CENPN","s1640_S_GON_01_ASEReadCounter.table","NW_015090842.1:5801670",128,425,297
"CENPN","s1640_S_GON_01_ASEReadCounter.table","NW_015090842.1:5801674",128,426,298
"CENPN","s1640_S_GON_01_ASEReadCounter.table","NW_015090842.1:5801692",144,459,315
"CENPN","s1640_S_GON_01_ASEReadCounter.table","NW_015090842.1:5802008",191,905,714
"CENPN","s1640_S_GON_01_ASEReadCounter.table","NW_015090842.1:5802012",191,898,707
"CENPN","s1640_S_GON_01_ASEReadCounter.table","NW_015090842.1:5802087",222,1171,949
"CENPN","s1640_S_GON_01_ASEReadCounter.table","NW_015090842.1:5810113",29,37,8
"CENPN","s1640_S_GON_01_ASEReadCounter.table","NW_015090842.1:5810147",47,57,10
"CENPN","s1640_S_GON_01_ASEReadCounter.table","NW_015090842.1:5810148",47,57,10
"ATMIN","s1640_S_GON_01_ASEReadCounter.table","NW_015090842.1:5818789",24,30,6
"ATMIN","s1640_S_GON_01_ASEReadCounter.table","NW_015090842.1:5819958",26,42,16
"ATMIN","s1640_S_GON_01_ASEReadCounter.table","NW_015090842.1:5820004",29,46,17
"ATMIN","s1640_S_GON_01_ASEReadCounter.table","NW_015090842.1:5820217",17,21,4
"ATMIN","s1640_S_GON_01_ASEReadCounter.table","NW_015090842.1:5820250",23,28,5
"ATMIN","s1640_S_GON_01_ASEReadCounter.table","NW_015090842.1:5820298",23,32,9
"ATMIN","s1640_S_GON_01_ASEReadCounter.table","NW_015090842.1:5820417",4,9,5
"ATMIN","s1640_S_GON_01_ASEReadCounter.table","NW_015090842.1:5820421",4,9,5
"ATMIN","s1640_S_GON_01_ASEReadCounter.table","NW_015090842.1:5820448",1,8,7
"ATMIN","s1640_S_GON_01_ASEReadCounter.table","NW_015090842.1:5820457",1,11,10
"ATMIN","s1640_S_GON_01_ASEReadCounter.table","NW_015090842.1:5820510",1,9,8
"ATMIN","s1640_S_GON_01_ASEReadCounter.table","NW_015090842.1:5820673",2,6,4
"ATMIN","s1640_S_GON_01_ASEReadCounter.table","NW_015090842.1:5820754",0,4,4
"ATMIN","s1640_S_GON_01_ASEReadCounter.table","NW_015090842.1:5820820",2,7,5
"ATMIN","s1640_S_GON_01_ASEReadCounter.table","NW_015090842.1:5820865",9,14,5
"ATMIN","s1640_S_GON_01_ASEReadCounter.table","NW_015090842.1:5820889",8,13,5
"ATMIN","s1640_S_GON_01_ASEReadCounter.table","NW_015090842.1:5820891",8,13,5
"ATMIN","s1640_S_GON_01_ASEReadCounter.table","NW_015090842.1:5820997",6,13,7
"ATMIN","s1640_S_GON_01_ASEReadCounter.table","NW_015090842.1:5821063",3,9,6
"ATMIN","s1640_S_GON_01_ASEReadCounter.table","NW_015090842.1:5821132",12,20,8
"ATMIN","s1640_S_GON_01_ASEReadCounter.table","NW_015090842.1:5821645",1,10,9
"ATMIN","s1640_S_GON_01_ASEReadCounter.table","NW_015090842.1:5825066",8,16,8
"ATMIN","s1640_S_GON_01_ASEReadCounter.table","NW_015090842.1:5825106",10,23,13
"ATMIN","s1640_S_GON_01_ASEReadCounter.table","NW_015090842.1:5825122",8,20,12
"ATMIN","s1640_S_GON_01_ASEReadCounter.table","NW_015090842.1:5825178",11,27,16
"ATMIN","s1640_S_GON_01_ASEReadCounter.table","NW_015090842.1:5825194",10,23,13
"ATMIN","s1640_S_GON_01_ASEReadCounter.table","NW_015090842.1:5825195",11,22,11
"ATMIN","s1640_S_GON_01_ASEReadCounter.table","NW_015090842.1:5825220",11,23,12
"ATMIN","s1640_S_GON_01_ASEReadCounter.table","NW_015090842.1:5825240",9,22,13
"ATMIN","s1640_S_GON_01_ASEReadCounter.table","NW_015090842.1:5825303",23,39,16
"ATMIN","s1640_S_GON_01_ASEReadCounter.table","NW_015090842.1:5825304",23,39,16
"ATMIN","s1640_S_GON_01_ASEReadCounter.table","NW_015090842.1:5825310",22,39,17
"ATMIN","s1640_S_GON_01_ASEReadCounter.table","NW_015090842.1:5825406",11,25,14
"ATMIN","s1640_S_GON_01_ASEReadCounter.table","NW_015090842.1:5825415",15,27,12
"ATMIN","s1640_S_GON_01_ASEReadCounter.table","NW_015090842.1:5825438",16,29,13
"ATMIN","s1640_S_GON_01_ASEReadCounter.table","NW_015090842.1:5825485",17,34,17
"ATMIN","s1640_S_GON_01_ASEReadCounter.table","NW_015090842.1:5825524",21,41,20
"ATMIN","s1640_S_GON_01_ASEReadCounter.table","NW_015090842.1:5825557",16,39,23
"ATMIN","s1640_S_GON_01_ASEReadCounter.table","NW_015090842.1:5825571",17,39,22
"ATMIN","s1640_S_GON_01_ASEReadCounter.table","NW_015090842.1:5825579",17,37,20
"ATMIN","s1640_S_GON_01_ASEReadCounter.table","NW_015090842.1:5825590",15,31,16
"ATMIN","s1640_S_GON_01_ASEReadCounter.table","NW_015090842.1:5825689",12,33,21
"ATMIN","s1640_S_GON_01_ASEReadCounter.table","NW_015090842.1:5825703",18,40,22
"ATMIN","s1640_S_GON_01_ASEReadCounter.table","NW_015090842.1:5825787",20,37,17
"ATMIN","s1640_S_GON_01_ASEReadCounter.table","NW_015090842.1:5825833",19,42,23
"ATMIN","s1640_S_GON_01_ASEReadCounter.table","NW_015090842.1:5825841",16,41,25
"ATMIN","s1640_S_GON_01_ASEReadCounter.table","NW_015090842.1:5825895",16,41,25
"ATMIN","s1640_S_GON_01_ASEReadCounter.table","NW_015090842.1:5825984",19,45,26
"ATMIN","s1640_S_GON_01_ASEReadCounter.table","NW_015090842.1:5826162",24,48,24
"ATMIN","s1640_S_GON_01_ASEReadCounter.table","NW_015090842.1:5826194",26,50,24
"ATMIN","s1640_S_GON_01_ASEReadCounter.table","NW_015090842.1:5826235",26,51,25
"ATMIN","s1640_S_GON_01_ASEReadCounter.table","NW_015090842.1:5826245",27,52,25
"ATMIN","s1640_S_GON_01_ASEReadCounter.table","NW_015090842.1:5826335",12,21,9
"ATMIN","s1640_S_GON_01_ASEReadCounter.table","NW_015090842.1:5826417",19,35,16
"ATMIN","s1640_S_GON_01_ASEReadCounter.table","NW_015090842.1:5826431",15,40,25
"ATMIN","s1640_S_GON_01_ASEReadCounter.table","NW_015090842.1:5826438",16,33,17
"ATMIN","s1640_S_GON_01_ASEReadCounter.table","NW_015090842.1:5826463",18,42,24
"ATMIN","s1640_S_GON_01_ASEReadCounter.table","NW_015090842.1:5826502",17,43,26
"ATMIN","s1640_S_GON_01_ASEReadCounter.table","NW_015090842.1:5826511",19,46,27
"ATMIN","s1640_S_GON_01_ASEReadCounter.table","NW_015090842.1:5826659",23,39,16
"ATMIN","s1640_S_GON_01_ASEReadCounter.table","NW_015090842.1:5826701",23,46,23
"ATMIN","s1640_S_GON_01_ASEReadCounter.table","NW_015090842.1:5826702",22,44,22
"ATMIN","s1640_S_GON_01_ASEReadCounter.table","NW_015090842.1:5826732",23,47,24
"ATMIN","s1640_S_GON_01_ASEReadCounter.table","NW_015090842.1:5826745",24,43,19
"ATMIN","s1640_S_GON_01_ASEReadCounter.table","NW_015090842.1:5826835",32,52,20
"ATMIN","s1640_S_GON_01_ASEReadCounter.table","NW_015090842.1:5826910",27,43,16
"ATMIN","s1640_S_GON_01_ASEReadCounter.table","NW_015090842.1:5826942",22,42,20
"ATMIN","s1640_S_GON_01_ASEReadCounter.table","NW_015090842.1:5827193",46,90,44
"ATMIN","s1640_S_GON_01_ASEReadCounter.table","NW_015090842.1:5827196",44,89,45
"ATMIN","s1640_S_GON_01_ASEReadCounter.table","NW_015090842.1:5827269",40,81,41
"ATMIN","s1640_S_GON_01_ASEReadCounter.table","NW_015090842.1:5827315",24,54,30
"ATMIN","s1640_S_GON_01_ASEReadCounter.table","NW_015090842.1:5827316",24,54,30
"ATMIN","s1640_S_GON_01_ASEReadCounter.table","NW_015090842.1:5827333",23,53,30
"PPP1R3E","s1640_S_GON_01_ASEReadCounter.table","NW_015090842.1:5837733",11,21,10
"PPP1R3E","s1640_S_GON_01_ASEReadCounter.table","NW_015090842.1:5837947",3,9,6
"PKD1L2","s1640_S_GON_01_ASEReadCounter.table","NW_015090842.1:5867509",3,16,13
"PKD1L2","s1640_S_GON_01_ASEReadCounter.table","NW_015090842.1:5867597",14,35,21
"PKD1L2","s1640_S_GON_01_ASEReadCounter.table","NW_015090842.1:5867600",12,38,26
"PKD1L2","s1640_S_GON_01_ASEReadCounter.table","NW_015090842.1:5867660",14,34,20
"PKD1L2","s1640_S_GON_01_ASEReadCounter.table","NW_015090842.1:5867675",13,45,32
"PKD1L2","s1640_S_GON_01_ASEReadCounter.table","NW_015090842.1:5867788",12,43,31
"PKD1L2","s1640_S_GON_01_ASEReadCounter.table","NW_015090842.1:5867843",23,52,29
"PKD1L2","s1640_S_GON_01_ASEReadCounter.table","NW_015090842.1:5872948",4,9,5
"BCO1","s1640_S_GON_01_ASEReadCounter.table","NW_015090842.1:5915610",20,39,19
"BCO1","s1640_S_GON_01_ASEReadCounter.table","NW_015090842.1:5915646",14,34,20
"BCO1","s1640_S_GON_01_ASEReadCounter.table","NW_015090842.1:5917836",16,39,23
"BCO1","s1640_S_GON_01_ASEReadCounter.table","NW_015090842.1:5917912",20,56,36
"BCO1","s1640_S_GON_01_ASEReadCounter.table","NW_015090842.1:5917941",24,57,33
"BCO1","s1640_S_GON_01_ASEReadCounter.table","NW_015090842.1:5917971",25,57,32
"BCO1","s1640_S_GON_01_ASEReadCounter.table","NW_015090842.1:5921679",20,42,22
"BCO1","s1640_S_GON_01_ASEReadCounter.table","NW_015090842.1:5921726",19,38,19
"BCO1","s1640_S_GON_01_ASEReadCounter.table","NW_015090842.1:5925669",20,29,9
"BCO1","s1640_S_GON_01_ASEReadCounter.table","NW_015090842.1:5925753",14,25,11
"BCO1","s1640_S_GON_01_ASEReadCounter.table","NW_015090842.1:5926937",10,26,16
"BCO1","s1640_S_GON_01_ASEReadCounter.table","NW_015090842.1:5927921",14,30,16
"BCO1","s1640_S_GON_01_ASEReadCounter.table","NW_015090842.1:5927948",14,37,23
"BCO1","s1640_S_GON_01_ASEReadCounter.table","NW_015090842.1:5927968",14,38,24
"BCO1","s1640_S_GON_01_ASEReadCounter.table","NW_015090842.1:5928052",13,33,20
"BCO1","s1640_S_GON_01_ASEReadCounter.table","NW_015090842.1:5932726",24,51,27
"BCO1","s1640_S_GON_01_ASEReadCounter.table","NW_015090842.1:5932801",24,47,23
"BCO1","s1640_S_GON_01_ASEReadCounter.table","NW_015090842.1:5934558",27,40,13
"BCO1","s1640_S_GON_01_ASEReadCounter.table","NW_015090842.1:5934575",28,45,17
"BCO1","s1640_S_GON_01_ASEReadCounter.table","NW_015090842.1:5934608",40,54,14
"BCO1","s1640_S_GON_01_ASEReadCounter.table","NW_015090842.1:5934647",36,57,21
"BCO1","s1640_S_GON_01_ASEReadCounter.table","NW_015090842.1:5934725",31,50,19
"BCO1","s1640_S_GON_01_ASEReadCounter.table","NW_015090842.1:5934726",31,50,19
"BCO1","s1640_S_GON_01_ASEReadCounter.table","NW_015090842.1:5934733",32,47,15
"BCO1","s1640_S_GON_01_ASEReadCounter.table","NW_015090842.1:5934821",32,49,17
"BCO1","s1640_S_GON_01_ASEReadCounter.table","NW_015090842.1:5934826",28,43,15
"BCO1","s1640_S_GON_01_ASEReadCounter.table","NW_015090842.1:5934844",18,29,11
"BCO1","s1640_S_GON_01_ASEReadCounter.table","NW_015090842.1:5934958",34,46,12
"BCO1","s1640_S_GON_01_ASEReadCounter.table","NW_015090842.1:5934976",29,44,15
"GAN","s1640_S_GON_01_ASEReadCounter.table","NW_015090842.1:5953759",9,24,15
"GAN","s1640_S_GON_01_ASEReadCounter.table","NW_015090842.1:5957502",9,33,24
"GAN","s1640_S_GON_01_ASEReadCounter.table","NW_015090842.1:5957578",16,39,23
"GAN","s1640_S_GON_01_ASEReadCounter.table","NW_015090842.1:5965028",8,32,24
"GAN","s1640_S_GON_01_ASEReadCounter.table","NW_015090842.1:5966047",24,46,22
"GAN","s1640_S_GON_01_ASEReadCounter.table","NW_015090842.1:5966126",16,37,21
"GAN","s1640_S_GON_01_ASEReadCounter.table","NW_015090842.1:5966127",16,37,21
"GAN","s1640_S_GON_01_ASEReadCounter.table","NW_015090842.1:5966162",34,54,20
"GAN","s1640_S_GON_01_ASEReadCounter.table","NW_015090842.1:5966483",4,13,9
"CMIP","s1640_S_GON_01_ASEReadCounter.table","NW_015090842.1:6109159",25,28,3
"CMIP","s1640_S_GON_01_ASEReadCounter.table","NW_015090842.1:6109166",23,26,3
"CMIP","s1640_S_GON_01_ASEReadCounter.table","NW_015090842.1:6114641",16,23,7
"CMIP","s1640_S_GON_01_ASEReadCounter.table","NW_015090842.1:6114751",12,21,9
"CMIP","s1640_S_GON_01_ASEReadCounter.table","NW_015090842.1:6114824",12,20,8
"CMIP","s1640_S_GON_01_ASEReadCounter.table","NW_015090842.1:6128998",22,27,5
"CMIP","s1640_S_GON_01_ASEReadCounter.table","NW_015090842.1:6130562",28,43,15
"CMIP","s1640_S_GON_01_ASEReadCounter.table","NW_015090842.1:6132522",21,34,13
"CMIP","s1640_S_GON_01_ASEReadCounter.table","NW_015090842.1:6134088",15,31,16
"CMIP","s1640_S_GON_01_ASEReadCounter.table","NW_015090842.1:6138265",15,37,22
"CMIP","s1640_S_GON_01_ASEReadCounter.table","NW_015090842.1:6138300",22,47,25
"CMIP","s1640_S_GON_01_ASEReadCounter.table","NW_015090842.1:6138342",24,45,21
"CMIP","s1640_S_GON_01_ASEReadCounter.table","NW_015090842.1:6138343",24,46,22
"CMIP","s1640_S_GON_01_ASEReadCounter.table","NW_015090842.1:6138345",24,46,22
"CMIP","s1640_S_GON_01_ASEReadCounter.table","NW_015090842.1:6138647",22,36,14
"CMIP","s1640_S_GON_01_ASEReadCounter.table","NW_015090842.1:6138745",17,30,13
"CMIP","s1640_S_GON_01_ASEReadCounter.table","NW_015090842.1:6138832",3,9,6
"CMIP","s1640_S_GON_01_ASEReadCounter.table","NW_015090842.1:6138967",14,22,8
"CMIP","s1640_S_GON_01_ASEReadCounter.table","NW_015090842.1:6139131",3,11,8
"CMIP","s1640_S_GON_01_ASEReadCounter.table","NW_015090842.1:6139163",1,12,11
"CMIP","s1640_S_GON_01_ASEReadCounter.table","NW_015090842.1:6139360",8,15,7
"CMIP","s1640_S_GON_01_ASEReadCounter.table","NW_015090842.1:6139572",4,7,3
"CMIP","s1640_S_GON_01_ASEReadCounter.table","NW_015090842.1:6139773",13,23,10
"PLCG2","s1640_S_GON_01_ASEReadCounter.table","NW_015090842.1:6179613",4,4,0
"PLCG2","s1640_S_GON_01_ASEReadCounter.table","NW_015090842.1:6179658",8,9,1
"PLCG2","s1640_S_GON_01_ASEReadCounter.table","NW_015090842.1:6203766",7,11,4
"PLCG2","s1640_S_GON_01_ASEReadCounter.table","NW_015090842.1:6203775",6,10,4
"PLCG2","s1640_S_GON_01_ASEReadCounter.table","NW_015090842.1:6203787",6,10,4
"PLCG2","s1640_S_GON_01_ASEReadCounter.table","NW_015090842.1:6205047",12,18,6
"PLCG2","s1640_S_GON_01_ASEReadCounter.table","NW_015090842.1:6208541",7,7,0
"PLCG2","s1640_S_GON_01_ASEReadCounter.table","NW_015090842.1:6209741",7,8,1
"PLCG2","s1640_S_GON_01_ASEReadCounter.table","NW_015090842.1:6209798",8,9,1
"PLCG2","s1640_S_GON_01_ASEReadCounter.table","NW_015090842.1:6209816",8,9,1
"PLCG2","s1640_S_GON_01_ASEReadCounter.table","NW_015090842.1:6217547",8,17,9
"PLCG2","s1640_S_GON_01_ASEReadCounter.table","NW_015090842.1:6218641",6,10,4
"PLCG2","s1640_S_GON_01_ASEReadCounter.table","NW_015090842.1:6220552",10,17,7
"PLCG2","s1640_S_GON_01_ASEReadCounter.table","NW_015090842.1:6221969",8,14,6
"PLCG2","s1640_S_GON_01_ASEReadCounter.table","NW_015090842.1:6228672",4,8,4
"PLCG2","s1640_S_GON_01_ASEReadCounter.table","NW_015090842.1:6228694",4,8,4
"PLCG2","s1640_S_GON_01_ASEReadCounter.table","NW_015090842.1:6228722",7,11,4
"PLCG2","s1640_S_GON_01_ASEReadCounter.table","NW_015090842.1:6228747",6,11,5
"PLCG2","s1640_S_GON_01_ASEReadCounter.table","NW_015090842.1:6228835",6,10,4
"PLCG2","s1640_S_GON_01_ASEReadCounter.table","NW_015090842.1:6228841",5,8,3
"PLCG2","s1640_S_GON_01_ASEReadCounter.table","NW_015090842.1:6228865",7,11,4
"PLCG2","s1640_S_GON_01_ASEReadCounter.table","NW_015090842.1:6228917",5,10,5
"PLCG2","s1640_S_GON_01_ASEReadCounter.table","NW_015090842.1:6228926",5,8,3
"PLCG2","s1640_S_GON_01_ASEReadCounter.table","NW_015090842.1:6228954",5,7,2
"PLCG2","s1640_S_GON_01_ASEReadCounter.table","NW_015090842.1:6229002",8,10,2
"PLCG2","s1640_S_GON_01_ASEReadCounter.table","NW_015090842.1:6229006",8,10,2
"PLCG2","s1640_S_GON_01_ASEReadCounter.table","NW_015090842.1:6229081",7,8,1
"PLCG2","s1640_S_GON_01_ASEReadCounter.table","NW_015090842.1:6229097",7,8,1
"PLCG2","s1640_S_GON_01_ASEReadCounter.table","NW_015090842.1:6229160",11,11,0
"PLCG2","s1640_S_GON_01_ASEReadCounter.table","NW_015090842.1:6229213",9,9,0
"PLCG2","s1640_S_GON_01_ASEReadCounter.table","NW_015090842.1:6229231",9,9,0
"PLCG2","s1640_S_GON_01_ASEReadCounter.table","NW_015090842.1:6229663",13,14,1
"PLCG2","s1640_S_GON_01_ASEReadCounter.table","NW_015090842.1:6229748",10,12,2
"PLCG2","s1640_S_GON_01_ASEReadCounter.table","NW_015090842.1:6229892",20,21,1
"PLCG2","s1640_S_GON_01_ASEReadCounter.table","NW_015090842.1:6230248",12,12,0
"PLCG2","s1640_S_GON_01_ASEReadCounter.table","NW_015090842.1:6230255",12,12,0
"PLCG2","s1640_S_GON_01_ASEReadCounter.table","NW_015090842.1:6230296",11,11,0
"PLCG2","s1640_S_GON_01_ASEReadCounter.table","NW_015090842.1:6230349",10,11,1
"PLCG2","s1640_S_GON_01_ASEReadCounter.table","NW_015090842.1:6230381",17,18,1
"PLCG2","s1640_S_GON_01_ASEReadCounter.table","NW_015090842.1:6230408",16,17,1
"PLCG2","s1640_S_GON_01_ASEReadCounter.table","NW_015090842.1:6230439",18,19,1
"PLCG2","s1640_S_GON_01_ASEReadCounter.table","NW_015090842.1:6230757",2,2,0
"PLCG2","s1640_S_GON_01_ASEReadCounter.table","NW_015090842.1:6230758",2,2,0
"PLCG2","s1640_S_GON_01_ASEReadCounter.table","NW_015090842.1:6230898",14,17,3
"PLCG2","s1640_S_GON_01_ASEReadCounter.table","NW_015090842.1:6230976",14,17,3
"PLCG2","s1640_S_GON_01_ASEReadCounter.table","NW_015090842.1:6231078",13,13,0
"PLCG2","s1640_S_GON_01_ASEReadCounter.table","NW_015090842.1:6231138",19,19,0
"PLCG2","s1640_S_GON_01_ASEReadCounter.table","NW_015090842.1:6231177",18,18,0
"PLCG2","s1640_S_GON_01_ASEReadCounter.table","NW_015090842.1:6231263",29,29,0
"PLCG2","s1640_S_GON_01_ASEReadCounter.table","NW_015090842.1:6231309",16,16,0
"SDR42E1","s1640_S_GON_01_ASEReadCounter.table","NW_015090842.1:6235292",9,28,19
"SDR42E1","s1640_S_GON_01_ASEReadCounter.table","NW_015090842.1:6235315",13,45,32
"SDR42E1","s1640_S_GON_01_ASEReadCounter.table","NW_015090842.1:6235348",27,77,50
"SDR42E1","s1640_S_GON_01_ASEReadCounter.table","NW_015090842.1:6235355",28,80,52
"SDR42E1","s1640_S_GON_01_ASEReadCounter.table","NW_015090842.1:6235417",48,102,54
"SDR42E1","s1640_S_GON_01_ASEReadCounter.table","NW_015090842.1:6235526",137,137,0
"SDR42E1","s1640_S_GON_01_ASEReadCounter.table","NW_015090842.1:6235558",47,122,75
"SDR42E1","s1640_S_GON_01_ASEReadCounter.table","NW_015090842.1:6235603",122,122,0
"SDR42E1","s1640_S_GON_01_ASEReadCounter.table","NW_015090842.1:6235741",97,168,71
"SDR42E1","s1640_S_GON_01_ASEReadCounter.table","NW_015090842.1:6235777",94,180,86
"SDR42E1","s1640_S_GON_01_ASEReadCounter.table","NW_015090842.1:6235806",91,182,91
"SDR42E1","s1640_S_GON_01_ASEReadCounter.table","NW_015090842.1:6235809",93,184,91
"SDR42E1","s1640_S_GON_01_ASEReadCounter.table","NW_015090842.1:6235816",89,183,94
"SDR42E1","s1640_S_GON_01_ASEReadCounter.table","NW_015090842.1:6235914",57,111,54
"SDR42E1","s1640_S_GON_01_ASEReadCounter.table","NW_015090842.1:6235935",50,105,55
"SDR42E1","s1640_S_GON_01_ASEReadCounter.table","NW_015090842.1:6235957",49,105,56
"SDR42E1","s1640_S_GON_01_ASEReadCounter.table","NW_015090842.1:6236040",35,75,40
"SDR42E1","s1640_S_GON_01_ASEReadCounter.table","NW_015090842.1:6236260",50,103,53
"SDR42E1","s1640_S_GON_01_ASEReadCounter.table","NW_015090842.1:6236281",50,115,65
"SDR42E1","s1640_S_GON_01_ASEReadCounter.table","NW_015090842.1:6236305",61,137,76
"SDR42E1","s1640_S_GON_01_ASEReadCounter.table","NW_015090842.1:6236458",66,122,56
"SDR42E1","s1640_S_GON_01_ASEReadCounter.table","NW_015090842.1:6236476",66,131,65
"SDR42E1","s1640_S_GON_01_ASEReadCounter.table","NW_015090842.1:6236608",60,121,61
"SDR42E1","s1640_S_GON_01_ASEReadCounter.table","NW_015090842.1:6238244",45,77,32
"SDR42E1","s1640_S_GON_01_ASEReadCounter.table","NW_015090842.1:6238829",20,38,18
"HSD17B2","s1640_S_GON_01_ASEReadCounter.table","NW_015090842.1:6257829",1,1,0
"HSD17B2","s1640_S_GON_01_ASEReadCounter.table","NW_015090842.1:6262951",3,5,2
"HSD17B2","s1640_S_GON_01_ASEReadCounter.table","NW_015090842.1:6262974",4,6,2
"HSD17B2","s1640_S_GON_01_ASEReadCounter.table","NW_015090842.1:6266125",4,5,1
"HSD17B2","s1640_S_GON_01_ASEReadCounter.table","NW_015090842.1:6266135",3,4,1
"HSD17B2","s1640_S_GON_01_ASEReadCounter.table","NW_015090842.1:6266795",1,1,0
"HSD17B2","s1640_S_GON_01_ASEReadCounter.table","NW_015090842.1:6266918",2,4,2
"HSD17B2","s1640_S_GON_01_ASEReadCounter.table","NW_015090842.1:6266944",2,4,2
"HSD17B2","s1640_S_GON_01_ASEReadCounter.table","NW_015090842.1:6266997",0,1,1
"HSD17B2","s1640_S_GON_01_ASEReadCounter.table","NW_015090842.1:6267053",0,1,1
"HSD17B2","s1640_S_GON_01_ASEReadCounter.table","NW_015090842.1:6267196",0,3,3
"HSD17B2","s1640_S_GON_01_ASEReadCounter.table","NW_015090842.1:6267273",1,2,1
"HSD17B2","s1640_S_GON_01_ASEReadCounter.table","NW_015090842.1:6267358",2,4,2
"HSD17B2","s1640_S_GON_01_ASEReadCounter.table","NW_015090842.1:6267674",3,5,2
"HSD17B2","s1640_S_GON_01_ASEReadCounter.table","NW_015090842.1:6267913",2,3,1
"HSD17B2","s1640_S_GON_01_ASEReadCounter.table","NW_015090842.1:6268098",0,3,3
"HSD17B2","s1640_S_GON_01_ASEReadCounter.table","NW_015090842.1:6268180",3,3,0
"HSD17B2","s1640_S_GON_01_ASEReadCounter.table","NW_015090842.1:6268203",1,3,2
"ARY2","s1640_S_GON_01_ASEReadCounter.table","NW_015090842.1:6303922",39,40,1
"ARY2","s1640_S_GON_01_ASEReadCounter.table","NW_015090842.1:6303954",40,41,1
"ARY2","s1640_S_GON_01_ASEReadCounter.table","NW_015090842.1:6303979",41,42,1
"ARY2","s1640_S_GON_01_ASEReadCounter.table","NW_015090842.1:6305848",43,46,3
"ARY2","s1640_S_GON_01_ASEReadCounter.table","NW_015090842.1:6305856",43,46,3
"ARY2","s1640_S_GON_01_ASEReadCounter.table","NW_015090842.1:6305857",44,47,3
"ARY2","s1640_S_GON_01_ASEReadCounter.table","NW_015090842.1:6306017",29,29,0
"ARY2","s1640_S_GON_01_ASEReadCounter.table","NW_015090842.1:6306052",25,26,1
"ARY2","s1640_S_GON_01_ASEReadCounter.table","NW_015090842.1:6306094",30,31,1
"ARY2","s1640_S_GON_01_ASEReadCounter.table","NW_015090842.1:6306100",31,32,1
"ARY2","s1640_S_GON_01_ASEReadCounter.table","NW_015090842.1:6306146",32,32,0
"ARY2","s1640_S_GON_01_ASEReadCounter.table","NW_015090842.1:6306147",30,30,0
"ARY2","s1640_S_GON_01_ASEReadCounter.table","NW_015090842.1:6306390",35,36,1
"ARY2","s1640_S_GON_01_ASEReadCounter.table","NW_015090842.1:6306567",10,13,3
"ARY2","s1640_S_GON_01_ASEReadCounter.table","NW_015090842.1:6306705",1,1,0
"ARY2","s1640_S_GON_01_ASEReadCounter.table","NW_015090842.1:6306713",1,1,0
"ARY2","s1640_S_GON_01_ASEReadCounter.table","NW_015090842.1:6306773",0,1,1
"ARY2","s1640_S_GON_01_ASEReadCounter.table","NW_015090842.1:6307039",1,2,1
"ARY2","s1640_S_GON_01_ASEReadCounter.table","NW_015090842.1:6307043",1,2,1
"ARY2","s1640_S_GON_01_ASEReadCounter.table","NW_015090842.1:6307093",1,1,0
"ARY2","s1640_S_GON_01_ASEReadCounter.table","NW_015090842.1:6307318",2,2,0
"ARY2","s1640_S_GON_01_ASEReadCounter.table","NW_015090842.1:6307429",1,1,0
"ARYL","s1640_S_GON_01_ASEReadCounter.table","NW_015090842.1:6313360",3,5,2
"ARYL","s1640_S_GON_01_ASEReadCounter.table","NW_015090842.1:6313377",4,8,4
"ARYL","s1640_S_GON_01_ASEReadCounter.table","NW_015090842.1:6313767",4,9,5
"ARY1","s1640_S_GON_01_ASEReadCounter.table","NW_015090842.1:6313909",4,4,0
"ARY1","s1640_S_GON_01_ASEReadCounter.table","NW_015090842.1:6314296",5,7,2
"ARY1","s1640_S_GON_01_ASEReadCounter.table","NW_015090842.1:6314541",1,4,3
"ARY1","s1640_S_GON_01_ASEReadCounter.table","NW_015090842.1:6314597",0,3,3
"ARY1","s1640_S_GON_01_ASEReadCounter.table","NW_015090842.1:6314750",1,2,1
"ARY1","s1640_S_GON_01_ASEReadCounter.table","NW_015090842.1:6314794",1,3,2
"ARY1","s1640_S_GON_01_ASEReadCounter.table","NW_015090842.1:6314827",2,3,1
"ARY1","s1640_S_GON_01_ASEReadCounter.table","NW_015090842.1:6314843",4,4,0
"ARY1","s1640_S_GON_01_ASEReadCounter.table","NW_015090842.1:6314859",2,6,4
"ARY1","s1640_S_GON_01_ASEReadCounter.table","NW_015090842.1:6314886",2,6,4
"ARY1","s1640_S_GON_01_ASEReadCounter.table","NW_015090842.1:6314943",3,3,0
"ARY1","s1640_S_GON_01_ASEReadCounter.table","NW_015090842.1:6314949",3,3,0
"ARY1","s1640_S_GON_01_ASEReadCounter.table","NW_015090842.1:6315022",5,8,3
"ARY1","s1640_S_GON_01_ASEReadCounter.table","NW_015090842.1:6315026",6,9,3
"ARY1","s1640_S_GON_01_ASEReadCounter.table","NW_015090842.1:6315043",4,7,3
"ARY1","s1640_S_GON_01_ASEReadCounter.table","NW_015090842.1:6315065",4,6,2
"ARY1","s1640_S_GON_01_ASEReadCounter.table","NW_015090842.1:6315409",6,7,1
"ARY1","s1640_S_GON_01_ASEReadCounter.table","NW_015090842.1:6315479",10,13,3
"ARY1","s1640_S_GON_01_ASEReadCounter.table","NW_015090842.1:6318342",11,15,4
"ARY1","s1640_S_GON_01_ASEReadCounter.table","NW_015090842.1:6318427",5,8,3
"ARY1","s1640_S_GON_01_ASEReadCounter.table","NW_015090842.1:6318603",8,10,2
"ARY1","s1640_S_GON_01_ASEReadCounter.table","NW_015090842.1:6318708",7,15,8
"ARY1","s1640_S_GON_01_ASEReadCounter.table","NW_015090842.1:6318858",7,15,8
"ARY1","s1640_S_GON_01_ASEReadCounter.table","NW_015090842.1:6318952",11,18,7
"MPHOSPH6","s1640_S_GON_01_ASEReadCounter.table","NW_015090842.1:6324063",27,56,29
"MPHOSPH6","s1640_S_GON_01_ASEReadCounter.table","NW_015090842.1:6324174",45,90,45
"MPHOSPH6","s1640_S_GON_01_ASEReadCounter.table","NW_015090842.1:6324270",48,100,52
"MPHOSPH6","s1640_S_GON_01_ASEReadCounter.table","NW_015090842.1:6324762",62,127,65
"MPHOSPH6","s1640_S_GON_01_ASEReadCounter.table","NW_015090842.1:6324772",60,120,60
"MPHOSPH6","s1640_S_GON_01_ASEReadCounter.table","NW_015090842.1:6324780",56,120,64
"MPHOSPH6","s1640_S_GON_01_ASEReadCounter.table","NW_015090842.1:6324902",60,113,53
"MPHOSPH6","s1640_S_GON_01_ASEReadCounter.table","NW_015090842.1:6324910",114,114,0
"MPHOSPH6","s1640_S_GON_01_ASEReadCounter.table","NW_015090842.1:6325066",71,143,72
"MPHOSPH6","s1640_S_GON_01_ASEReadCounter.table","NW_015090842.1:6325089",92,177,85
"MPHOSPH6","s1640_S_GON_01_ASEReadCounter.table","NW_015090842.1:6325298",151,297,146
"MPHOSPH6","s1640_S_GON_01_ASEReadCounter.table","NW_015090842.1:6325877",122,246,124
"MPHOSPH6","s1640_S_GON_01_ASEReadCounter.table","NW_015090842.1:6326976",73,169,96
"CDH13","s1640_S_GON_01_ASEReadCounter.table","NW_015090842.1:6662283",6,7,1
"CDH13","s1640_S_GON_01_ASEReadCounter.table","NW_015090842.1:6693665",1,3,2
"CDH13","s1640_S_GON_01_ASEReadCounter.table","NW_015090842.1:6693697",1,3,2
"CDH13","s1640_S_GON_01_ASEReadCounter.table","NW_015090842.1:6693712",1,3,2
"CDH13","s1640_S_GON_01_ASEReadCounter.table","NW_015090842.1:6693723",1,3,2
"CDH13","s1640_S_GON_01_ASEReadCounter.table","NW_015090842.1:6693738",1,5,4
"CDH13","s1640_S_GON_01_ASEReadCounter.table","NW_015090842.1:6823730",2,6,4
"CDH13","s1640_S_GON_01_ASEReadCounter.table","NW_015090842.1:6889713",5,14,9
"CDH13","s1640_S_GON_01_ASEReadCounter.table","NW_015090842.1:6955167",9,13,4
"MLYCD","s1640_S_GON_01_ASEReadCounter.table","NW_015090842.1:7150054",17,42,25
"MLYCD","s1640_S_GON_01_ASEReadCounter.table","NW_015090842.1:7150131",23,70,47
"MLYCD","s1640_S_GON_01_ASEReadCounter.table","NW_015090842.1:7150585",26,61,35
"MLYCD","s1640_S_GON_01_ASEReadCounter.table","NW_015090842.1:7150686",31,63,32
"MLYCD","s1640_S_GON_01_ASEReadCounter.table","NW_015090842.1:7150696",34,70,36
"MLYCD","s1640_S_GON_01_ASEReadCounter.table","NW_015090842.1:7150698",70,70,0
"MLYCD","s1640_S_GON_01_ASEReadCounter.table","NW_015090842.1:7150869",31,65,34
"MLYCD","s1640_S_GON_01_ASEReadCounter.table","NW_015090842.1:7151100",28,62,34
"MLYCD","s1640_S_GON_01_ASEReadCounter.table","NW_015090842.1:7151127",30,63,33
"MLYCD","s1640_S_GON_01_ASEReadCounter.table","NW_015090842.1:7157538",36,75,39
"MLYCD","s1640_S_GON_01_ASEReadCounter.table","NW_015090842.1:7167662",16,34,18
"MLYCD","s1640_S_GON_01_ASEReadCounter.table","NW_015090842.1:7167675",16,35,19
"MLYCD","s1640_S_GON_01_ASEReadCounter.table","NW_015090842.1:7167710",13,36,23
"MLYCD","s1640_S_GON_01_ASEReadCounter.table","NW_015090842.1:7167781",10,30,20
"MLYCD","s1640_S_GON_01_ASEReadCounter.table","NW_015090842.1:7167803",7,24,17
"MLYCD","s1640_S_GON_01_ASEReadCounter.table","NW_015090842.1:7167812",9,24,15
"MLYCD","s1640_S_GON_01_ASEReadCounter.table","NW_015090842.1:7167845",9,29,20
"MLYCD","s1640_S_GON_01_ASEReadCounter.table","NW_015090842.1:7167862",9,23,14
"MLYCD","s1640_S_GON_01_ASEReadCounter.table","NW_015090842.1:7167929",9,21,12
"MLYCD","s1640_S_GON_01_ASEReadCounter.table","NW_015090842.1:7167995",9,22,13
"MLYCD","s1640_S_GON_01_ASEReadCounter.table","NW_015090842.1:7168005",7,19,12
"MLYCD","s1640_S_GON_01_ASEReadCounter.table","NW_015090842.1:7168037",9,21,12
"HSBP1","s1640_S_GON_01_ASEReadCounter.table","NW_015090842.1:7245192",103,213,110
"HSBP1","s1640_S_GON_01_ASEReadCounter.table","NW_015090842.1:7245226",117,243,126
"HSBP1","s1640_S_GON_01_ASEReadCounter.table","NW_015090842.1:7245257",102,209,107
"HSBP1","s1640_S_GON_01_ASEReadCounter.table","NW_015090842.1:7245296",102,205,103
"HSBP1","s1640_S_GON_01_ASEReadCounter.table","NW_015090842.1:7245389",120,253,133
"HSBP1","s1640_S_GON_01_ASEReadCounter.table","NW_015090842.1:7245400",131,252,121
"HSBP1","s1640_S_GON_01_ASEReadCounter.table","NW_015090842.1:7245445",126,243,117
"HSBP1","s1640_S_GON_01_ASEReadCounter.table","NW_015090842.1:7245495",120,235,115
"HSBP1","s1640_S_GON_01_ASEReadCounter.table","NW_015090842.1:7245515",138,264,126
"HSBP1","s1640_S_GON_01_ASEReadCounter.table","NW_015090842.1:7245733",92,184,92
"HSBP1","s1640_S_GON_01_ASEReadCounter.table","NW_015090842.1:7245771",101,178,77
"HSBP1","s1640_S_GON_01_ASEReadCounter.table","NW_015090842.1:7245813",87,165,78
"HSBP1","s1640_S_GON_01_ASEReadCounter.table","NW_015090842.1:7245926",104,209,105
"HSBP1","s1640_S_GON_01_ASEReadCounter.table","NW_015090842.1:7245927",107,213,106
"HSBP1","s1640_S_GON_01_ASEReadCounter.table","NW_015090842.1:7245933",106,205,99
"HSBP1","s1640_S_GON_01_ASEReadCounter.table","NW_015090842.1:7246002",61,142,81
"HSBP1","s1640_S_GON_01_ASEReadCounter.table","NW_015090842.1:7246094",117,214,97
"HSBP1","s1640_S_GON_01_ASEReadCounter.table","NW_015090842.1:7246167",113,207,94
"HSBP1","s1640_S_GON_01_ASEReadCounter.table","NW_015090842.1:7246183",105,196,91
"HSBP1","s1640_S_GON_01_ASEReadCounter.table","NW_015090842.1:7247285",48,63,15
"HSBP1","s1640_S_GON_01_ASEReadCounter.table","NW_015090842.1:7247651",419,889,470
"HSBP1","s1640_S_GON_01_ASEReadCounter.table","NW_015090842.1:7247657",404,876,472
"HSBP1","s1640_S_GON_01_ASEReadCounter.table","NW_015090842.1:7248520",316,643,327
"HSBP1","s1640_S_GON_01_ASEReadCounter.table","NW_015090842.1:7248535",267,530,263
"KCNG4","s1640_S_GON_01_ASEReadCounter.table","NW_015090842.1:7282481",6,18,12
"KCNG4","s1640_S_GON_01_ASEReadCounter.table","NW_015090842.1:7282500",4,16,12
"KCNG4","s1640_S_GON_01_ASEReadCounter.table","NW_015090842.1:7282542",5,14,9
"KCNG4","s1640_S_GON_01_ASEReadCounter.table","NW_015090842.1:7282579",6,27,21
"KCNG4","s1640_S_GON_01_ASEReadCounter.table","NW_015090842.1:7282630",8,29,21
"KCNG4","s1640_S_GON_01_ASEReadCounter.table","NW_015090842.1:7282760",5,17,12
"KCNG4","s1640_S_GON_01_ASEReadCounter.table","NW_015090842.1:7283056",6,23,17
"KCNG4","s1640_S_GON_01_ASEReadCounter.table","NW_015090842.1:7283245",11,31,20
"KCNG4","s1640_S_GON_01_ASEReadCounter.table","NW_015090842.1:7299491",7,29,22
"KCNG4","s1640_S_GON_01_ASEReadCounter.table","NW_015090842.1:7301195",6,18,12
"KCNG4","s1640_S_GON_01_ASEReadCounter.table","NW_015090842.1:7301227",8,19,11
"KCNG4","s1640_S_GON_01_ASEReadCounter.table","NW_015090842.1:7301240",7,18,11
"KCNG4","s1640_S_GON_01_ASEReadCounter.table","NW_015090842.1:7301413",7,20,13
"WFDC1","s1640_S_GON_01_ASEReadCounter.table","NW_015090842.1:7366517",2,3,1
"ATP2C2","s1640_S_GON_01_ASEReadCounter.table","NW_015090842.1:7413747",0,1,1
"TLDC1","s1640_S_GON_01_ASEReadCounter.table","NW_015090842.1:7421997",18,39,21
"COTL1","s1640_S_GON_01_ASEReadCounter.table","NW_015090842.1:7490707",26,49,23
"COTL1","s1640_S_GON_01_ASEReadCounter.table","NW_015090842.1:7490708",26,50,24
"COTL1","s1640_S_GON_01_ASEReadCounter.table","NW_015090842.1:7490711",27,51,24
"COTL1","s1640_S_GON_01_ASEReadCounter.table","NW_015090842.1:7490739",28,49,21
"COTL1","s1640_S_GON_01_ASEReadCounter.table","NW_015090842.1:7490785",28,53,25
"COTL1","s1640_S_GON_01_ASEReadCounter.table","NW_015090842.1:7490820",3,34,31
"COTL1","s1640_S_GON_01_ASEReadCounter.table","NW_015090842.1:7490846",45,45,0
"COTL1","s1640_S_GON_01_ASEReadCounter.table","NW_015090842.1:7505571",1,4,3
"KLHL36","s1640_S_GON_01_ASEReadCounter.table","NW_015090842.1:7526337",3,7,4
"KLHL36","s1640_S_GON_01_ASEReadCounter.table","NW_015090842.1:7537681",16,16,0
"USP10","s1640_S_GON_01_ASEReadCounter.table","NW_015090842.1:7572213",29,57,28
"USP10","s1640_S_GON_01_ASEReadCounter.table","NW_015090842.1:7572358",41,41,0
"CRISPLD2","s1640_S_GON_01_ASEReadCounter.table","NW_015090842.1:7619796",4,9,5
"CRISPLD2","s1640_S_GON_01_ASEReadCounter.table","NW_015090842.1:7630779",11,11,0
"CRISPLD2","s1640_S_GON_01_ASEReadCounter.table","NW_015090842.1:7633611",12,12,0
"CRISPLD2","s1640_S_GON_01_ASEReadCounter.table","NW_015090842.1:7633787",6,12,6
"CRISPLD2","s1640_S_GON_01_ASEReadCounter.table","NW_015090842.1:7634023",4,12,8
"CRISPLD2","s1640_S_GON_01_ASEReadCounter.table","NW_015090842.1:7634620",8,8,0
"CRISPLD2","s1640_S_GON_01_ASEReadCounter.table","NW_015090842.1:7636315",2,6,4
"LOC106888312","s1640_S_GON_01_ASEReadCounter.table","NW_015090842.1:7732198",4,4,0
"MTHFSD","s1640_S_GON_01_ASEReadCounter.table","NW_015090842.1:8152578",60,117,57
"EMC8","s1640_S_GON_01_ASEReadCounter.table","NW_015090842.1:8452385",14,31,17
"GINS2","s1640_S_GON_01_ASEReadCounter.table","NW_015090842.1:8467469",432,432,0
"GINS2","s1640_S_GON_01_ASEReadCounter.table","NW_015090842.1:8470290",344,767,423
"GINS2","s1640_S_GON_01_ASEReadCounter.table","NW_015090842.1:8470305",320,712,392
"GINS2","s1640_S_GON_01_ASEReadCounter.table","NW_015090842.1:8470376",299,695,396
"GINS2","s1640_S_GON_01_ASEReadCounter.table","NW_015090842.1:8471057",9,42,33
"KIAA0513","s1640_S_GON_01_ASEReadCounter.table","NW_015090842.1:8674736",48,48,0
"KIAA0513","s1640_S_GON_01_ASEReadCounter.table","NW_015090842.1:8693655",14,14,0
"ZCCHC14","s1640_S_GON_01_ASEReadCounter.table","NW_015090842.1:8750189",72,72,0
"KLHDC4","s1640_S_GON_01_ASEReadCounter.table","NW_015090842.1:8891175",286,286,0
"KLHDC4","s1640_S_GON_01_ASEReadCounter.table","NW_015090842.1:8905251",56,128,72
"KLHDC4","s1640_S_GON_01_ASEReadCounter.table","NW_015090842.1:8919630",8,17,9
"SLC7A5","s1640_S_GON_01_ASEReadCounter.table","NW_015090842.1:8940382",43,43,0
"SLC7A5","s1640_S_GON_01_ASEReadCounter.table","NW_015090842.1:8941818",36,36,0
"SLC7A5","s1640_S_GON_01_ASEReadCounter.table","NW_015090842.1:8944655",36,36,0
"CA5A","s1640_S_GON_01_ASEReadCounter.table","NW_015090842.1:8989479",16,49,33
"CA5A","s1640_S_GON_01_ASEReadCounter.table","NW_015090842.1:8989562",26,58,32
"CA5A","s1640_S_GON_01_ASEReadCounter.table","NW_015090842.1:8989609",32,75,43
"CA5A","s1640_S_GON_01_ASEReadCounter.table","NW_015090842.1:8989693",30,76,46
"CA5A","s1640_S_GON_01_ASEReadCounter.table","NW_015090842.1:8989702",34,76,42
"CA5A","s1640_S_GON_01_ASEReadCounter.table","NW_015090842.1:8989746",44,84,40
"CA5A","s1640_S_GON_01_ASEReadCounter.table","NW_015090842.1:8989880",31,71,40
"CA5A","s1640_S_GON_01_ASEReadCounter.table","NW_015090842.1:8989885",33,73,40
"CA5A","s1640_S_GON_01_ASEReadCounter.table","NW_015090842.1:8989929",39,83,44
"CA5A","s1640_S_GON_01_ASEReadCounter.table","NW_015090842.1:8990002",28,63,35
"CA5A","s1640_S_GON_01_ASEReadCounter.table","NW_015090842.1:8990004",27,65,38
"CA5A","s1640_S_GON_01_ASEReadCounter.table","NW_015090842.1:8990005",27,65,38
"CA5A","s1640_S_GON_01_ASEReadCounter.table","NW_015090842.1:8990017",22,53,31
"CA5A","s1640_S_GON_01_ASEReadCounter.table","NW_015090842.1:8990043",9,38,29
"CA5A","s1640_S_GON_01_ASEReadCounter.table","NW_015090842.1:8990080",9,39,30
"CA5A","s1640_S_GON_01_ASEReadCounter.table","NW_015090842.1:8990084",10,41,31
"CA5A","s1640_S_GON_01_ASEReadCounter.table","NW_015090842.1:8990090",13,43,30
"CA5A","s1640_S_GON_01_ASEReadCounter.table","NW_015090842.1:8990095",13,43,30
"CA5A","s1640_S_GON_01_ASEReadCounter.table","NW_015090842.1:8990111",13,45,32
"CA5A","s1640_S_GON_01_ASEReadCounter.table","NW_015090842.1:8990112",13,42,29
"CA5A","s1640_S_GON_01_ASEReadCounter.table","NW_015090842.1:8990115",15,45,30
"CA5A","s1640_S_GON_01_ASEReadCounter.table","NW_015090842.1:8990166",20,45,25
"CA5A","s1640_S_GON_01_ASEReadCounter.table","NW_015090842.1:8990169",20,46,26
"CA5A","s1640_S_GON_01_ASEReadCounter.table","NW_015090842.1:8990222",17,38,21
"CA5A","s1640_S_GON_01_ASEReadCounter.table","NW_015090842.1:8990289",13,40,27
"CA5A","s1640_S_GON_01_ASEReadCounter.table","NW_015090842.1:8990314",15,42,27
"CA5A","s1640_S_GON_01_ASEReadCounter.table","NW_015090842.1:8990361",9,36,27
"CA5A","s1640_S_GON_01_ASEReadCounter.table","NW_015090842.1:8990368",10,34,24
"CA5A","s1640_S_GON_01_ASEReadCounter.table","NW_015090842.1:8990429",12,36,24
"CA5A","s1640_S_GON_01_ASEReadCounter.table","NW_015090842.1:8990466",13,33,20
"CA5A","s1640_S_GON_01_ASEReadCounter.table","NW_015090842.1:8990663",12,31,19
"CA5A","s1640_S_GON_01_ASEReadCounter.table","NW_015090842.1:8990797",10,33,23
"CA5A","s1640_S_GON_01_ASEReadCounter.table","NW_015090842.1:8990836",13,35,22
"CA5A","s1640_S_GON_01_ASEReadCounter.table","NW_015090842.1:8990842",12,33,21
"CA5A","s1640_S_GON_01_ASEReadCounter.table","NW_015090842.1:8990851",12,32,20
"CA5A","s1640_S_GON_01_ASEReadCounter.table","NW_015090842.1:8990918",14,26,12
"CA5A","s1640_S_GON_01_ASEReadCounter.table","NW_015090842.1:8990921",13,28,15
"CA5A","s1640_S_GON_01_ASEReadCounter.table","NW_015090842.1:8990942",13,33,20
"CA5A","s1640_S_GON_01_ASEReadCounter.table","NW_015090842.1:8991001",20,49,29
"CA5A","s1640_S_GON_01_ASEReadCounter.table","NW_015090842.1:8991038",15,38,23
"CA5A","s1640_S_GON_01_ASEReadCounter.table","NW_015090842.1:8991149",16,42,26
"CA5A","s1640_S_GON_01_ASEReadCounter.table","NW_015090842.1:8991176",18,46,28
"CA5A","s1640_S_GON_01_ASEReadCounter.table","NW_015090842.1:8991241",14,41,27
"CA5A","s1640_S_GON_01_ASEReadCounter.table","NW_015090842.1:8991262",9,33,24
"CA5A","s1640_S_GON_01_ASEReadCounter.table","NW_015090842.1:8991316",9,10,1
"CA5A","s1640_S_GON_01_ASEReadCounter.table","NW_015090842.1:8991319",10,11,1
"CA5A","s1640_S_GON_01_ASEReadCounter.table","NW_015090842.1:8991330",11,11,0
"CA5A","s1640_S_GON_01_ASEReadCounter.table","NW_015090842.1:8991334",10,11,1
"CA5A","s1640_S_GON_01_ASEReadCounter.table","NW_015090842.1:8991362",12,31,19
"CA5A","s1640_S_GON_01_ASEReadCounter.table","NW_015090842.1:8991368",13,32,19
"CA5A","s1640_S_GON_01_ASEReadCounter.table","NW_015090842.1:8991390",12,35,23
"CA5A","s1640_S_GON_01_ASEReadCounter.table","NW_015090842.1:8991395",13,39,26
"CA5A","s1640_S_GON_01_ASEReadCounter.table","NW_015090842.1:8991422",12,40,28
"CA5A","s1640_S_GON_01_ASEReadCounter.table","NW_015090842.1:8991467",10,34,24
"CA5A","s1640_S_GON_01_ASEReadCounter.table","NW_015090842.1:8991576",8,24,16
"CA5A","s1640_S_GON_01_ASEReadCounter.table","NW_015090842.1:8991587",8,32,24
"CA5A","s1640_S_GON_01_ASEReadCounter.table","NW_015090842.1:8991655",6,30,24
"CA5A","s1640_S_GON_01_ASEReadCounter.table","NW_015090842.1:8991717",9,32,23
"CA5A","s1640_S_GON_01_ASEReadCounter.table","NW_015090842.1:8991726",9,34,25
"CA5A","s1640_S_GON_01_ASEReadCounter.table","NW_015090842.1:8991799",10,31,21
"CA5A","s1640_S_GON_01_ASEReadCounter.table","NW_015090842.1:8991809",4,25,21
"CA5A","s1640_S_GON_01_ASEReadCounter.table","NW_015090842.1:8991848",6,24,18
"CA5A","s1640_S_GON_01_ASEReadCounter.table","NW_015090842.1:8991849",6,24,18
"CA5A","s1640_S_GON_01_ASEReadCounter.table","NW_015090842.1:8991927",6,32,26
"CA5A","s1640_S_GON_01_ASEReadCounter.table","NW_015090842.1:8991941",7,35,28
"CA5A","s1640_S_GON_01_ASEReadCounter.table","NW_015090842.1:8992121",10,20,10
"CA5A","s1640_S_GON_01_ASEReadCounter.table","NW_015090842.1:8992224",12,38,26
"CA5A","s1640_S_GON_01_ASEReadCounter.table","NW_015090842.1:9002570",13,42,29
"CA5A","s1640_S_GON_01_ASEReadCounter.table","NW_015090842.1:9002600",11,38,27
"CA5A","s1640_S_GON_01_ASEReadCounter.table","NW_015090842.1:9004312",15,44,29
"CA5A","s1640_S_GON_01_ASEReadCounter.table","NW_015090842.1:9004506",9,21,12
"CA5A","s1640_S_GON_01_ASEReadCounter.table","NW_015090842.1:9004523",9,21,12
"CA5A","s1640_S_GON_01_ASEReadCounter.table","NW_015090842.1:9004530",10,26,16
"CA5A","s1640_S_GON_01_ASEReadCounter.table","NW_015090842.1:9004556",20,38,18
"CA5A","s1640_S_GON_01_ASEReadCounter.table","NW_015090842.1:9004620",23,59,36
"CA5A","s1640_S_GON_01_ASEReadCounter.table","NW_015090842.1:9005116",23,85,62
"CA5A","s1640_S_GON_01_ASEReadCounter.table","NW_015090842.1:9005120",23,84,61
"CA5A","s1640_S_GON_01_ASEReadCounter.table","NW_015090842.1:9005140",32,91,59
"CA5A","s1640_S_GON_01_ASEReadCounter.table","NW_015090842.1:9005152",34,95,61
"CA5A","s1640_S_GON_01_ASEReadCounter.table","NW_015090842.1:9011011",0,2,2
"CA5A","s1640_S_GON_01_ASEReadCounter.table","NW_015090842.1:9011189",0,1,1
"CA5A","s1640_S_GON_01_ASEReadCounter.table","NW_015090842.1:9011194",0,1,1
"BANP","s1640_S_GON_01_ASEReadCounter.table","NW_015090842.1:9033407",4,8,4
"BANP","s1640_S_GON_01_ASEReadCounter.table","NW_015090842.1:9033409",4,8,4
"BANP","s1640_S_GON_01_ASEReadCounter.table","NW_015090842.1:9033420",5,8,3
"BANP","s1640_S_GON_01_ASEReadCounter.table","NW_015090842.1:9055284",8,11,3
"CIDEC","s1640_S_GON_01_ASEReadCounter.table","NW_015090842.1:9481199",9,17,8
"ZC3H18","s1640_S_GON_01_ASEReadCounter.table","NW_015090842.1:9528933",18,49,31
"MVD","s1640_S_GON_01_ASEReadCounter.table","NW_015090842.1:9550690",41,41,0
"MVD","s1640_S_GON_01_ASEReadCounter.table","NW_015090842.1:9550691",41,41,0
"MVD","s1640_S_GON_01_ASEReadCounter.table","NW_015090842.1:9550699",44,44,0
"MVD","s1640_S_GON_01_ASEReadCounter.table","NW_015090842.1:9550701",43,43,0
"MVD","s1640_S_GON_01_ASEReadCounter.table","NW_015090842.1:9552202",77,77,0
"MVD","s1640_S_GON_01_ASEReadCounter.table","NW_015090842.1:9552223",62,62,0
"MVD","s1640_S_GON_01_ASEReadCounter.table","NW_015090842.1:9552533",59,59,0
"MVD","s1640_S_GON_01_ASEReadCounter.table","NW_015090842.1:9552644",20,42,22
"PIEZO1","s1640_S_GON_01_ASEReadCounter.table","NW_015090842.1:9577447",2,6,4
"PIEZO1","s1640_S_GON_01_ASEReadCounter.table","NW_015090842.1:9579101",5,6,1
"PIEZO1","s1640_S_GON_01_ASEReadCounter.table","NW_015090842.1:9582630",3,7,4
"PIEZO1","s1640_S_GON_01_ASEReadCounter.table","NW_015090842.1:9582976",2,6,4
"PIEZO1","s1640_S_GON_01_ASEReadCounter.table","NW_015090842.1:9583326",2,2,0
"CDT1","s1640_S_GON_01_ASEReadCounter.table","NW_015090842.1:9596711",11,27,16
"CDT1","s1640_S_GON_01_ASEReadCounter.table","NW_015090842.1:9597033",68,68,0
"CDT1","s1640_S_GON_01_ASEReadCounter.table","NW_015090842.1:9597756",42,69,27
"CDT1","s1640_S_GON_01_ASEReadCounter.table","NW_015090842.1:9598873",70,70,0
"PABPN1L","s1640_S_GON_01_ASEReadCounter.table","NW_015090842.1:9669510",7,18,11
"ACSF3","s1640_S_GON_01_ASEReadCounter.table","NW_015090842.1:9776737",23,59,36
"ACSF3","s1640_S_GON_01_ASEReadCounter.table","NW_015090842.1:9809639",29,29,0
"ACSF3","s1640_S_GON_01_ASEReadCounter.table","NW_015090842.1:9834743",28,43,15
"ACSF3","s1640_S_GON_01_ASEReadCounter.table","NW_015090842.1:9834762",47,47,0
"ACSF3","s1640_S_GON_01_ASEReadCounter.table","NW_015090842.1:9834852",39,61,22
"ACSF3","s1640_S_GON_01_ASEReadCounter.table","NW_015090842.1:9834861",38,63,25
"ACSF3","s1640_S_GON_01_ASEReadCounter.table","NW_015090842.1:9839359",23,42,19
"ACSF3","s1640_S_GON_01_ASEReadCounter.table","NW_015090842.1:9839378",24,41,17
"ACSF3","s1640_S_GON_01_ASEReadCounter.table","NW_015090842.1:9839455",19,30,11
"ACSF3","s1640_S_GON_01_ASEReadCounter.table","NW_015090842.1:9839457",19,31,12
"ACSF3","s1640_S_GON_01_ASEReadCounter.table","NW_015090842.1:9839489",17,27,10
"ACSF3","s1640_S_GON_01_ASEReadCounter.table","NW_015090842.1:9839500",12,21,9
"ACSF3","s1640_S_GON_01_ASEReadCounter.table","NW_015090842.1:9839501",12,21,9
"ACSF3","s1640_S_GON_01_ASEReadCounter.table","NW_015090842.1:9839504",13,22,9
"ACSF3","s1640_S_GON_01_ASEReadCounter.table","NW_015090842.1:9839512",11,18,7
"ACSF3","s1640_S_GON_01_ASEReadCounter.table","NW_015090842.1:9839527",9,16,7
"ACSF3","s1640_S_GON_01_ASEReadCounter.table","NW_015090842.1:9839533",5,12,7
"ACSF3","s1640_S_GON_01_ASEReadCounter.table","NW_015090842.1:9839535",5,12,7
"ACSF3","s1640_S_GON_01_ASEReadCounter.table","NW_015090842.1:9839545",3,10,7
"ACSF3","s1640_S_GON_01_ASEReadCounter.table","NW_015090842.1:9839550",1,8,7
"ACSF3","s1640_S_GON_01_ASEReadCounter.table","NW_015090842.1:9839551",1,7,6
"CDH15","s1640_S_GON_01_ASEReadCounter.table","NW_015090842.1:9847163",1,1,0
"CDH15","s1640_S_GON_01_ASEReadCounter.table","NW_015090842.1:9847174",1,1,0
"CDH15","s1640_S_GON_01_ASEReadCounter.table","NW_015090842.1:9848265",1,1,0
"CDH15","s1640_S_GON_01_ASEReadCounter.table","NW_015090842.1:9848531",1,1,0
"CDH15","s1640_S_GON_01_ASEReadCounter.table","NW_015090842.1:9848552",1,1,0
"CDH15","s1640_S_GON_01_ASEReadCounter.table","NW_015090842.1:9849140",0,1,1
"CDH15","s1640_S_GON_01_ASEReadCounter.table","NW_015090842.1:9850386",1,1,0
"CDH15","s1640_S_GON_01_ASEReadCounter.table","NW_015090842.1:9850432",1,1,0
"CDH15","s1640_S_GON_01_ASEReadCounter.table","NW_015090842.1:9850609",1,1,0
"SLC22A31","s1640_S_GON_01_ASEReadCounter.table","NW_015090842.1:9851130",32,37,5
"SLC22A31","s1640_S_GON_01_ASEReadCounter.table","NW_015090842.1:9851139",38,46,8
"SLC22A31","s1640_S_GON_01_ASEReadCounter.table","NW_015090842.1:9851265",51,76,25
"SLC22A31","s1640_S_GON_01_ASEReadCounter.table","NW_015090842.1:9851302",51,75,24
"SLC22A31","s1640_S_GON_01_ASEReadCounter.table","NW_015090842.1:9851303",56,81,25
"SLC22A31","s1640_S_GON_01_ASEReadCounter.table","NW_015090842.1:9851305",56,80,24
"SLC22A31","s1640_S_GON_01_ASEReadCounter.table","NW_015090842.1:9851343",53,66,13
"SLC22A31","s1640_S_GON_01_ASEReadCounter.table","NW_015090842.1:9851344",62,72,10
"SLC22A31","s1640_S_GON_01_ASEReadCounter.table","NW_015090842.1:9851381",64,77,13
"SLC22A31","s1640_S_GON_01_ASEReadCounter.table","NW_015090842.1:9851421",74,87,13
"SLC22A31","s1640_S_GON_01_ASEReadCounter.table","NW_015090842.1:9851526",81,98,17
"SLC22A31","s1640_S_GON_01_ASEReadCounter.table","NW_015090842.1:9851589",89,116,27
"SLC22A31","s1640_S_GON_01_ASEReadCounter.table","NW_015090842.1:9851712",99,129,30
"SLC22A31","s1640_S_GON_01_ASEReadCounter.table","NW_015090842.1:9851899",88,110,22
"SLC22A31","s1640_S_GON_01_ASEReadCounter.table","NW_015090842.1:9852139",92,111,19
"SLC22A31","s1640_S_GON_01_ASEReadCounter.table","NW_015090842.1:9852380",87,124,37
"SLC22A31","s1640_S_GON_01_ASEReadCounter.table","NW_015090842.1:9852431",49,75,26
"SLC22A31","s1640_S_GON_01_ASEReadCounter.table","NW_015090842.1:9852630",64,87,23
"SLC22A31","s1640_S_GON_01_ASEReadCounter.table","NW_015090842.1:9852711",48,66,18
"SLC22A31","s1640_S_GON_01_ASEReadCounter.table","NW_015090842.1:9852742",36,53,17
"SLC22A31","s1640_S_GON_01_ASEReadCounter.table","NW_015090842.1:9853099",44,61,17
"SLC22A31","s1640_S_GON_01_ASEReadCounter.table","NW_015090842.1:9853102",47,65,18
"SLC22A31","s1640_S_GON_01_ASEReadCounter.table","NW_015090842.1:9853421",54,54,0
"SLC22A31","s1640_S_GON_01_ASEReadCounter.table","NW_015090842.1:9853457",57,57,0
"SLC22A31","s1640_S_GON_01_ASEReadCounter.table","NW_015090842.1:9853502",42,42,0
"ANKRD11","s1640_S_GON_01_ASEReadCounter.table","NW_015090842.1:9858863",1,1,0
"ANKRD11","s1640_S_GON_01_ASEReadCounter.table","NW_015090842.1:9859101",12,23,11
"ANKRD11","s1640_S_GON_01_ASEReadCounter.table","NW_015090842.1:9859352",17,36,19
"ANKRD11","s1640_S_GON_01_ASEReadCounter.table","NW_015090842.1:9859381",6,21,15
"ANKRD11","s1640_S_GON_01_ASEReadCounter.table","NW_015090842.1:9859527",7,15,8
"ANKRD11","s1640_S_GON_01_ASEReadCounter.table","NW_015090842.1:9859529",7,14,7
"ANKRD11","s1640_S_GON_01_ASEReadCounter.table","NW_015090842.1:9859679",7,21,14
"ANKRD11","s1640_S_GON_01_ASEReadCounter.table","NW_015090842.1:9861097",9,20,11
"ANKRD11","s1640_S_GON_01_ASEReadCounter.table","NW_015090842.1:9862571",7,12,5
"ANKRD11","s1640_S_GON_01_ASEReadCounter.table","NW_015090842.1:9866071",0,9,9
"ANKRD11","s1640_S_GON_01_ASEReadCounter.table","NW_015090842.1:9866200",0,7,7
"ANKRD11","s1640_S_GON_01_ASEReadCounter.table","NW_015090842.1:9867391",12,15,3
"ANKRD11","s1640_S_GON_01_ASEReadCounter.table","NW_015090842.1:9867472",9,14,5
"ANKRD11","s1640_S_GON_01_ASEReadCounter.table","NW_015090842.1:9867559",11,19,8
"ANKRD11","s1640_S_GON_01_ASEReadCounter.table","NW_015090842.1:9867934",5,8,3
"ANKRD11","s1640_S_GON_01_ASEReadCounter.table","NW_015090842.1:9868093",8,11,3
"ANKRD11","s1640_S_GON_01_ASEReadCounter.table","NW_015090842.1:9868222",10,12,2
"ANKRD11","s1640_S_GON_01_ASEReadCounter.table","NW_015090842.1:9868327",5,7,2
"ANKRD11","s1640_S_GON_01_ASEReadCounter.table","NW_015090842.1:9868414",8,15,7
"ANKRD11","s1640_S_GON_01_ASEReadCounter.table","NW_015090842.1:9868441",9,14,5
"ANKRD11","s1640_S_GON_01_ASEReadCounter.table","NW_015090842.1:9868444",7,12,5
"ANKRD11","s1640_S_GON_01_ASEReadCounter.table","NW_015090842.1:9868519",9,12,3
"ANKRD11","s1640_S_GON_01_ASEReadCounter.table","NW_015090842.1:9868609",8,14,6
"ANKRD11","s1640_S_GON_01_ASEReadCounter.table","NW_015090842.1:9868666",8,16,8
"ANKRD11","s1640_S_GON_01_ASEReadCounter.table","NW_015090842.1:9869431",5,12,7
"ANKRD11","s1640_S_GON_01_ASEReadCounter.table","NW_015090842.1:9869578",12,26,14
"ANKRD11","s1640_S_GON_01_ASEReadCounter.table","NW_015090842.1:9869734",8,15,7
"ANKRD11","s1640_S_GON_01_ASEReadCounter.table","NW_015090842.1:9870070",8,13,5
"ANKRD11","s1640_S_GON_01_ASEReadCounter.table","NW_015090842.1:9870349",7,11,4
"ANKRD11","s1640_S_GON_01_ASEReadCounter.table","NW_015090842.1:9870604",6,10,4
"ANKRD11","s1640_S_GON_01_ASEReadCounter.table","NW_015090842.1:9870613",6,10,4
"ANKRD11","s1640_S_GON_01_ASEReadCounter.table","NW_015090842.1:9870685",5,9,4
"ANKRD11","s1640_S_GON_01_ASEReadCounter.table","NW_015090842.1:9870847",2,10,8
"ANKRD11","s1640_S_GON_01_ASEReadCounter.table","NW_015090842.1:9871103",6,12,6
"ANKRD11","s1640_S_GON_01_ASEReadCounter.table","NW_015090842.1:9871165",7,14,7
"ANKRD11","s1640_S_GON_01_ASEReadCounter.table","NW_015090842.1:9871820",5,5,0
"ANKRD11","s1640_S_GON_01_ASEReadCounter.table","NW_015090842.1:9871994",7,7,0
"ANKRD11","s1640_S_GON_01_ASEReadCounter.table","NW_015090842.1:9872118",4,6,2
"SPG7","s1640_S_GON_01_ASEReadCounter.table","NW_015090842.1:10051190",145,326,181
"SPG7","s1640_S_GON_01_ASEReadCounter.table","NW_015090842.1:10051218",169,395,226
"SPG7","s1640_S_GON_01_ASEReadCounter.table","NW_015090842.1:10052348",216,440,224
"SPG7","s1640_S_GON_01_ASEReadCounter.table","NW_015090842.1:10052366",210,440,230
"SPG7","s1640_S_GON_01_ASEReadCounter.table","NW_015090842.1:10065173",191,472,281
"SPG7","s1640_S_GON_01_ASEReadCounter.table","NW_015090842.1:10065215",166,378,212
"SPG7","s1640_S_GON_01_ASEReadCounter.table","NW_015090842.1:10066301",119,284,165
"SPG7","s1640_S_GON_01_ASEReadCounter.table","NW_015090842.1:10066365",139,350,211
"SPG7","s1640_S_GON_01_ASEReadCounter.table","NW_015090842.1:10069752",180,414,234
"SPG7","s1640_S_GON_01_ASEReadCounter.table","NW_015090842.1:10069800",199,439,240
"SPG7","s1640_S_GON_01_ASEReadCounter.table","NW_015090842.1:10071192",206,498,292
"SPG7","s1640_S_GON_01_ASEReadCounter.table","NW_015090842.1:10071204",191,463,272
"SPG7","s1640_S_GON_01_ASEReadCounter.table","NW_015090842.1:10071219",166,436,270
"SPG7","s1640_S_GON_01_ASEReadCounter.table","NW_015090842.1:10071967",145,383,238
"SPG7","s1640_S_GON_01_ASEReadCounter.table","NW_015090842.1:10075109",242,509,267
"SPG7","s1640_S_GON_01_ASEReadCounter.table","NW_015090842.1:10075114",243,503,260
"SPG7","s1640_S_GON_01_ASEReadCounter.table","NW_015090842.1:10075198",172,363,191
"SPG7","s1640_S_GON_01_ASEReadCounter.table","NW_015090842.1:10075487",149,330,181
"SPG7","s1640_S_GON_01_ASEReadCounter.table","NW_015090842.1:10075488",149,335,186
"SPG7","s1640_S_GON_01_ASEReadCounter.table","NW_015090842.1:10075548",105,231,126
"RPL13","s1640_S_GON_01_ASEReadCounter.table","NW_015090842.1:10076979",11,19,8
"RPL13","s1640_S_GON_01_ASEReadCounter.table","NW_015090842.1:10077387",895,1775,880
"RPL13","s1640_S_GON_01_ASEReadCounter.table","NW_015090842.1:10077978",1272,2438,1166
"RPL13","s1640_S_GON_01_ASEReadCounter.table","NW_015090842.1:10077992",1253,2370,1117
"CPNE7","s1640_S_GON_01_ASEReadCounter.table","NW_015090842.1:10084001",2,5,3
"CPNE7","s1640_S_GON_01_ASEReadCounter.table","NW_015090842.1:10084856",3,4,1
"CPNE7","s1640_S_GON_01_ASEReadCounter.table","NW_015090842.1:10084872",3,4,1
"CPNE7","s1640_S_GON_01_ASEReadCounter.table","NW_015090842.1:10084892",2,3,1
"CPNE7","s1640_S_GON_01_ASEReadCounter.table","NW_015090842.1:10084921",2,3,1
"CPNE7","s1640_S_GON_01_ASEReadCounter.table","NW_015090842.1:10084935",3,4,1
"CPNE7","s1640_S_GON_01_ASEReadCounter.table","NW_015090842.1:10085000",3,4,1
"CPNE7","s1640_S_GON_01_ASEReadCounter.table","NW_015090842.1:10085089",2,3,1
"CPNE7","s1640_S_GON_01_ASEReadCounter.table","NW_015090842.1:10085096",2,3,1
"CPNE7","s1640_S_GON_01_ASEReadCounter.table","NW_015090842.1:10085126",2,3,1
"CPNE7","s1640_S_GON_01_ASEReadCounter.table","NW_015090842.1:10088134",4,8,4
"CPNE7","s1640_S_GON_01_ASEReadCounter.table","NW_015090842.1:10088146",4,7,3
"CPNE7","s1640_S_GON_01_ASEReadCounter.table","NW_015090842.1:10088940",3,5,2
"CPNE7","s1640_S_GON_01_ASEReadCounter.table","NW_015090842.1:10088965",2,4,2
"CPNE7","s1640_S_GON_01_ASEReadCounter.table","NW_015090842.1:10088967",2,4,2
"CPNE7","s1640_S_GON_01_ASEReadCounter.table","NW_015090842.1:10088973",2,3,1
"CPNE7","s1640_S_GON_01_ASEReadCounter.table","NW_015090842.1:10090924",4,4,0
"CPNE7","s1640_S_GON_01_ASEReadCounter.table","NW_015090842.1:10090930",3,3,0
"CPNE7","s1640_S_GON_01_ASEReadCounter.table","NW_015090842.1:10091075",4,5,1
"CPNE7","s1640_S_GON_01_ASEReadCounter.table","NW_015090842.1:10091389",3,4,1
"CPNE7","s1640_S_GON_01_ASEReadCounter.table","NW_015090842.1:10091407",4,6,2
"CPNE7","s1640_S_GON_01_ASEReadCounter.table","NW_015090842.1:10091530",3,6,3
"CPNE7","s1640_S_GON_01_ASEReadCounter.table","NW_015090842.1:10091875",4,4,0
"CPNE7","s1640_S_GON_01_ASEReadCounter.table","NW_015090842.1:10091983",0,2,2
"CPNE7","s1640_S_GON_01_ASEReadCounter.table","NW_015090842.1:10091997",0,2,2
"CPNE7","s1640_S_GON_01_ASEReadCounter.table","NW_015090842.1:10092038",2,3,1
"CPNE7","s1640_S_GON_01_ASEReadCounter.table","NW_015090842.1:10092140",5,7,2
"CPNE7","s1640_S_GON_01_ASEReadCounter.table","NW_015090842.1:10092183",3,3,0
"CPNE7","s1640_S_GON_01_ASEReadCounter.table","NW_015090842.1:10092201",2,2,0
"CPNE7","s1640_S_GON_01_ASEReadCounter.table","NW_015090842.1:10092230",1,1,0
"CPNE7","s1640_S_GON_01_ASEReadCounter.table","NW_015090842.1:10092246",1,1,0
"LOC106888185","s1640_S_GON_01_ASEReadCounter.table","NW_015090842.1:10094965",0,9,9
"LOC106888185","s1640_S_GON_01_ASEReadCounter.table","NW_015090842.1:10094966",0,9,9
"LOC106888185","s1640_S_GON_01_ASEReadCounter.table","NW_015090842.1:10094985",0,10,10
"LOC106888185","s1640_S_GON_01_ASEReadCounter.table","NW_015090842.1:10095055",0,10,10
"LOC106888185","s1640_S_GON_01_ASEReadCounter.table","NW_015090842.1:10095062",0,7,7
"LOC106888185","s1640_S_GON_01_ASEReadCounter.table","NW_015090842.1:10095130",0,8,8
"LOC106888185","s1640_S_GON_01_ASEReadCounter.table","NW_015090842.1:10095265",18,33,15
"LOC106888185","s1640_S_GON_01_ASEReadCounter.table","NW_015090842.1:10095586",11,29,18
"LOC106888185","s1640_S_GON_01_ASEReadCounter.table","NW_015090842.1:10095593",11,28,17
"LOC106888185","s1640_S_GON_01_ASEReadCounter.table","NW_015090842.1:10095616",12,28,16
"LOC106888185","s1640_S_GON_01_ASEReadCounter.table","NW_015090842.1:10095662",8,25,17
"LOC106888185","s1640_S_GON_01_ASEReadCounter.table","NW_015090842.1:10095674",7,21,14
"LOC106888185","s1640_S_GON_01_ASEReadCounter.table","NW_015090842.1:10095786",7,20,13
"LOC106888185","s1640_S_GON_01_ASEReadCounter.table","NW_015090842.1:10095831",8,18,10
"LOC106888185","s1640_S_GON_01_ASEReadCounter.table","NW_015090842.1:10096230",9,37,28
"LOC106888185","s1640_S_GON_01_ASEReadCounter.table","NW_015090842.1:10096249",11,37,26
"LOC106888185","s1640_S_GON_01_ASEReadCounter.table","NW_015090842.1:10096272",11,36,25
"LOC106888185","s1640_S_GON_01_ASEReadCounter.table","NW_015090842.1:10096288",11,36,25
"LOC106888185","s1640_S_GON_01_ASEReadCounter.table","NW_015090842.1:10097248",13,41,28
"LOC106888185","s1640_S_GON_01_ASEReadCounter.table","NW_015090842.1:10097265",14,42,28
"LOC106888185","s1640_S_GON_01_ASEReadCounter.table","NW_015090842.1:10097446",3,9,6
"DPEP1","s1640_S_GON_01_ASEReadCounter.table","NW_015090842.1:10098017",2,2,0
"DPEP1","s1640_S_GON_01_ASEReadCounter.table","NW_015090842.1:10098518",2,8,6
"DPEP1","s1640_S_GON_01_ASEReadCounter.table","NW_015090842.1:10098595",1,9,8
"DPEP1","s1640_S_GON_01_ASEReadCounter.table","NW_015090842.1:10098597",1,10,9
"DPEP1","s1640_S_GON_01_ASEReadCounter.table","NW_015090842.1:10098601",1,11,10
"DPEP1","s1640_S_GON_01_ASEReadCounter.table","NW_015090842.1:10098608",1,10,9
"DPEP1","s1640_S_GON_01_ASEReadCounter.table","NW_015090842.1:10098630",2,11,9
"DPEP1","s1640_S_GON_01_ASEReadCounter.table","NW_015090842.1:10098659",4,18,14
"DPEP1","s1640_S_GON_01_ASEReadCounter.table","NW_015090842.1:10099765",9,22,13
"DPEP1","s1640_S_GON_01_ASEReadCounter.table","NW_015090842.1:10099985",5,14,9
"DPEP1","s1640_S_GON_01_ASEReadCounter.table","NW_015090842.1:10099986",5,14,9
"DPEP1","s1640_S_GON_01_ASEReadCounter.table","NW_015090842.1:10099991",5,15,10
"DPEP1","s1640_S_GON_01_ASEReadCounter.table","NW_015090842.1:10100044",6,17,11
"DPEP1","s1640_S_GON_01_ASEReadCounter.table","NW_015090842.1:10100045",6,17,11
"DPEP1","s1640_S_GON_01_ASEReadCounter.table","NW_015090842.1:10100084",5,19,14
"DPEP1","s1640_S_GON_01_ASEReadCounter.table","NW_015090842.1:10100295",3,14,11
"DPEP1","s1640_S_GON_01_ASEReadCounter.table","NW_015090842.1:10100529",9,19,10
"DPEP1","s1640_S_GON_01_ASEReadCounter.table","NW_015090842.1:10100893",6,24,18
"DPEP1","s1640_S_GON_01_ASEReadCounter.table","NW_015090842.1:10100902",4,20,16
"DPEP1","s1640_S_GON_01_ASEReadCounter.table","NW_015090842.1:10101072",4,22,18
"DPEP1","s1640_S_GON_01_ASEReadCounter.table","NW_015090842.1:10101199",2,17,15
"DPEP1","s1640_S_GON_01_ASEReadCounter.table","NW_015090842.1:10101483",6,21,15
"DPEP1","s1640_S_GON_01_ASEReadCounter.table","NW_015090842.1:10101497",4,21,17
"DPEP1","s1640_S_GON_01_ASEReadCounter.table","NW_015090842.1:10101525",3,20,17
"DPEP1","s1640_S_GON_01_ASEReadCounter.table","NW_015090842.1:10101875",2,14,12
"DPEP1","s1640_S_GON_01_ASEReadCounter.table","NW_015090842.1:10101913",1,11,10
"DPEP1","s1640_S_GON_01_ASEReadCounter.table","NW_015090842.1:10101996",2,10,8
"DPEP1","s1640_S_GON_01_ASEReadCounter.table","NW_015090842.1:10102014",2,8,6
"DPEP1","s1640_S_GON_01_ASEReadCounter.table","NW_015090842.1:10102035",2,7,5
"DPEP1","s1640_S_GON_01_ASEReadCounter.table","NW_015090842.1:10102076",0,2,2
"DPEP1","s1640_S_GON_01_ASEReadCounter.table","NW_015090842.1:10102077",0,2,2
"CHMP1A","s1640_S_GON_01_ASEReadCounter.table","NW_015090842.1:10102901",68,179,111
"CHMP1A","s1640_S_GON_01_ASEReadCounter.table","NW_015090842.1:10102961",54,186,132
"CHMP1A","s1640_S_GON_01_ASEReadCounter.table","NW_015090842.1:10102996",50,178,128
"CHMP1A","s1640_S_GON_01_ASEReadCounter.table","NW_015090842.1:10103004",60,195,135
"CHMP1A","s1640_S_GON_01_ASEReadCounter.table","NW_015090842.1:10103006",59,196,137
"CHMP1A","s1640_S_GON_01_ASEReadCounter.table","NW_015090842.1:10103052",120,285,165
"CHMP1A","s1640_S_GON_01_ASEReadCounter.table","NW_015090842.1:10103095",123,290,167
"CHMP1A","s1640_S_GON_01_ASEReadCounter.table","NW_015090842.1:10103096",121,286,165
"CHMP1A","s1640_S_GON_01_ASEReadCounter.table","NW_015090842.1:10103152",87,191,104
"CHMP1A","s1640_S_GON_01_ASEReadCounter.table","NW_015090842.1:10103334",64,149,85
"CHMP1A","s1640_S_GON_01_ASEReadCounter.table","NW_015090842.1:10103373",37,131,94
"CHMP1A","s1640_S_GON_01_ASEReadCounter.table","NW_015090842.1:10103408",61,177,116
"CHMP1A","s1640_S_GON_01_ASEReadCounter.table","NW_015090842.1:10103412",69,186,117
"CHMP1A","s1640_S_GON_01_ASEReadCounter.table","NW_015090842.1:10103512",110,225,115
"CHMP1A","s1640_S_GON_01_ASEReadCounter.table","NW_015090842.1:10103513",110,223,113
"CHMP1A","s1640_S_GON_01_ASEReadCounter.table","NW_015090842.1:10103583",73,166,93
"CHMP1A","s1640_S_GON_01_ASEReadCounter.table","NW_015090842.1:10103614",62,161,99
"CHMP1A","s1640_S_GON_01_ASEReadCounter.table","NW_015090842.1:10103657",73,167,94
"CHMP1A","s1640_S_GON_01_ASEReadCounter.table","NW_015090842.1:10103669",66,161,95
"CHMP1A","s1640_S_GON_01_ASEReadCounter.table","NW_015090842.1:10103674",67,157,90
"CHMP1A","s1640_S_GON_01_ASEReadCounter.table","NW_015090842.1:10103677",62,154,92
"CHMP1A","s1640_S_GON_01_ASEReadCounter.table","NW_015090842.1:10103729",88,184,96
"CHMP1A","s1640_S_GON_01_ASEReadCounter.table","NW_015090842.1:10103758",88,182,94
"CHMP1A","s1640_S_GON_01_ASEReadCounter.table","NW_015090842.1:10103761",88,184,96
"CHMP1A","s1640_S_GON_01_ASEReadCounter.table","NW_015090842.1:10103788",108,231,123
"CHMP1A","s1640_S_GON_01_ASEReadCounter.table","NW_015090842.1:10103789",109,229,120
"CHMP1A","s1640_S_GON_01_ASEReadCounter.table","NW_015090842.1:10103790",106,229,123
"CHMP1A","s1640_S_GON_01_ASEReadCounter.table","NW_015090842.1:10103950",115,210,95
"CHMP1A","s1640_S_GON_01_ASEReadCounter.table","NW_015090842.1:10104335",75,160,85
"CHMP1A","s1640_S_GON_01_ASEReadCounter.table","NW_015090842.1:10104429",108,205,97
"CHMP1A","s1640_S_GON_01_ASEReadCounter.table","NW_015090842.1:10104532",94,194,100
"CHMP1A","s1640_S_GON_01_ASEReadCounter.table","NW_015090842.1:10104633",68,164,96
"CHMP1A","s1640_S_GON_01_ASEReadCounter.table","NW_015090842.1:10104759",105,186,81
"CHMP1A","s1640_S_GON_01_ASEReadCounter.table","NW_015090842.1:10104794",115,213,98
"CHMP1A","s1640_S_GON_01_ASEReadCounter.table","NW_015090842.1:10104844",80,157,77
"CHMP1A","s1640_S_GON_01_ASEReadCounter.table","NW_015090842.1:10106290",88,183,95
"CHMP1A","s1640_S_GON_01_ASEReadCounter.table","NW_015090842.1:10106335",95,190,95
"CHMP1A","s1640_S_GON_01_ASEReadCounter.table","NW_015090842.1:10106383",123,250,127
"CHMP1A","s1640_S_GON_01_ASEReadCounter.table","NW_015090842.1:10106747",109,256,147
"CHMP1A","s1640_S_GON_01_ASEReadCounter.table","NW_015090842.1:10107404",105,250,145
"CHMP1A","s1640_S_GON_01_ASEReadCounter.table","NW_015090842.1:10107410",105,249,144
"CHMP1A","s1640_S_GON_01_ASEReadCounter.table","NW_015090842.1:10107876",103,236,133
"CDK10","s1640_S_GON_01_ASEReadCounter.table","NW_015090842.1:10109030",17,18,1
"CDK10","s1640_S_GON_01_ASEReadCounter.table","NW_015090842.1:10109963",115,231,116
"CDK10","s1640_S_GON_01_ASEReadCounter.table","NW_015090842.1:10110887",76,193,117
"CDK10","s1640_S_GON_01_ASEReadCounter.table","NW_015090842.1:10111254",72,156,84
"CDK10","s1640_S_GON_01_ASEReadCounter.table","NW_015090842.1:10111380",65,163,98
"CDK10","s1640_S_GON_01_ASEReadCounter.table","NW_015090842.1:10111395",74,173,99
"CDK10","s1640_S_GON_01_ASEReadCounter.table","NW_015090842.1:10111437",50,146,96
"CDK10","s1640_S_GON_01_ASEReadCounter.table","NW_015090842.1:10111798",76,172,96
"CDK10","s1640_S_GON_01_ASEReadCounter.table","NW_015090842.1:10111840",87,189,102
"CDK10","s1640_S_GON_01_ASEReadCounter.table","NW_015090842.1:10112031",96,218,122
"CDK10","s1640_S_GON_01_ASEReadCounter.table","NW_015090842.1:10112285",75,183,108
"CDK10","s1640_S_GON_01_ASEReadCounter.table","NW_015090842.1:10112398",82,184,102
"CDK10","s1640_S_GON_01_ASEReadCounter.table","NW_015090842.1:10112455",71,167,96
"CDK10","s1640_S_GON_01_ASEReadCounter.table","NW_015090842.1:10112461",62,149,87
"CDK10","s1640_S_GON_01_ASEReadCounter.table","NW_015090842.1:10112497",60,152,92
"CDK10","s1640_S_GON_01_ASEReadCounter.table","NW_015090842.1:10112508",55,153,98
"CDK10","s1640_S_GON_01_ASEReadCounter.table","NW_015090842.1:10112518",43,136,93
"CDK10","s1640_S_GON_01_ASEReadCounter.table","NW_015090842.1:10112540",25,129,104
"CDK10","s1640_S_GON_01_ASEReadCounter.table","NW_015090842.1:10112556",54,154,100
"CDK10","s1640_S_GON_01_ASEReadCounter.table","NW_015090842.1:10112561",58,172,114
"CDK10","s1640_S_GON_01_ASEReadCounter.table","NW_015090842.1:10112596",71,172,101
"CDK10","s1640_S_GON_01_ASEReadCounter.table","NW_015090842.1:10112630",53,129,76
"CDK10","s1640_S_GON_01_ASEReadCounter.table","NW_015090842.1:10112656",51,129,78
"CDK10","s1640_S_GON_01_ASEReadCounter.table","NW_015090842.1:10112665",42,90,48
"CDK10","s1640_S_GON_01_ASEReadCounter.table","NW_015090842.1:10112668",41,88,47
"CDK10","s1640_S_GON_01_ASEReadCounter.table","NW_015090842.1:10112781",37,71,34
"CDK10","s1640_S_GON_01_ASEReadCounter.table","NW_015090842.1:10112782",37,71,34
"CDK10","s1640_S_GON_01_ASEReadCounter.table","NW_015090842.1:10112795",34,65,31
"CDK10","s1640_S_GON_01_ASEReadCounter.table","NW_015090842.1:10112841",7,18,11
"CDK10","s1640_S_GON_01_ASEReadCounter.table","NW_015090842.1:10112861",8,15,7
"SPATA2L","s1640_S_GON_01_ASEReadCounter.table","NW_015090842.1:10113212",4,15,11
"SPATA2L","s1640_S_GON_01_ASEReadCounter.table","NW_015090842.1:10113280",7,21,14
"SPATA2L","s1640_S_GON_01_ASEReadCounter.table","NW_015090842.1:10113296",10,26,16
"SPATA2L","s1640_S_GON_01_ASEReadCounter.table","NW_015090842.1:10113321",11,27,16
"SPATA2L","s1640_S_GON_01_ASEReadCounter.table","NW_015090842.1:10113332",11,28,17
"SPATA2L","s1640_S_GON_01_ASEReadCounter.table","NW_015090842.1:10113380",11,26,15
"SPATA2L","s1640_S_GON_01_ASEReadCounter.table","NW_015090842.1:10113381",11,26,15
"SPATA2L","s1640_S_GON_01_ASEReadCounter.table","NW_015090842.1:10113412",11,29,18
"SPATA2L","s1640_S_GON_01_ASEReadCounter.table","NW_015090842.1:10113421",12,31,19
"SPATA2L","s1640_S_GON_01_ASEReadCounter.table","NW_015090842.1:10113465",10,26,16
"SPATA2L","s1640_S_GON_01_ASEReadCounter.table","NW_015090842.1:10113535",15,30,15
"SPATA2L","s1640_S_GON_01_ASEReadCounter.table","NW_015090842.1:10113645",12,44,32
"SPATA2L","s1640_S_GON_01_ASEReadCounter.table","NW_015090842.1:10113682",15,49,34
"SPATA2L","s1640_S_GON_01_ASEReadCounter.table","NW_015090842.1:10113696",17,47,30
"SPATA2L","s1640_S_GON_01_ASEReadCounter.table","NW_015090842.1:10113727",21,48,27
"SPATA2L","s1640_S_GON_01_ASEReadCounter.table","NW_015090842.1:10113729",44,44,0
"SPATA2L","s1640_S_GON_01_ASEReadCounter.table","NW_015090842.1:10113799",25,49,24
"SPATA2L","s1640_S_GON_01_ASEReadCounter.table","NW_015090842.1:10113809",26,52,26
"SPATA2L","s1640_S_GON_01_ASEReadCounter.table","NW_015090842.1:10113827",28,50,22
"SPATA2L","s1640_S_GON_01_ASEReadCounter.table","NW_015090842.1:10113831",27,53,26
"SPATA2L","s1640_S_GON_01_ASEReadCounter.table","NW_015090842.1:10113894",19,39,20
"SPATA2L","s1640_S_GON_01_ASEReadCounter.table","NW_015090842.1:10113905",14,35,21
"SPATA2L","s1640_S_GON_01_ASEReadCounter.table","NW_015090842.1:10113914",13,37,24
"SPATA2L","s1640_S_GON_01_ASEReadCounter.table","NW_015090842.1:10113920",12,38,26
"SPATA2L","s1640_S_GON_01_ASEReadCounter.table","NW_015090842.1:10113937",15,39,24
"SPATA2L","s1640_S_GON_01_ASEReadCounter.table","NW_015090842.1:10113971",17,42,25
"SPATA2L","s1640_S_GON_01_ASEReadCounter.table","NW_015090842.1:10113976",14,39,25
"SPATA2L","s1640_S_GON_01_ASEReadCounter.table","NW_015090842.1:10113985",15,37,22
"SPATA2L","s1640_S_GON_01_ASEReadCounter.table","NW_015090842.1:10113994",17,45,28
"SPATA2L","s1640_S_GON_01_ASEReadCounter.table","NW_015090842.1:10114063",13,41,28
"SPATA2L","s1640_S_GON_01_ASEReadCounter.table","NW_015090842.1:10114066",13,42,29
"SPATA2L","s1640_S_GON_01_ASEReadCounter.table","NW_015090842.1:10114069",14,43,29
"SPATA2L","s1640_S_GON_01_ASEReadCounter.table","NW_015090842.1:10114159",4,19,15
"SPATA2L","s1640_S_GON_01_ASEReadCounter.table","NW_015090842.1:10114262",33,33,0
"SPATA2L","s1640_S_GON_01_ASEReadCounter.table","NW_015090842.1:10114470",5,18,13
"SPATA2L","s1640_S_GON_01_ASEReadCounter.table","NW_015090842.1:10114524",5,19,14
"VPS9D1","s1640_S_GON_01_ASEReadCounter.table","NW_015090842.1:10116377",8,19,11
"VPS9D1","s1640_S_GON_01_ASEReadCounter.table","NW_015090842.1:10116415",10,18,8
"VPS9D1","s1640_S_GON_01_ASEReadCounter.table","NW_015090842.1:10116607",8,12,4
"VPS9D1","s1640_S_GON_01_ASEReadCounter.table","NW_015090842.1:10116821",8,12,4
"VPS9D1","s1640_S_GON_01_ASEReadCounter.table","NW_015090842.1:10116825",8,13,5
"VPS9D1","s1640_S_GON_01_ASEReadCounter.table","NW_015090842.1:10116882",4,13,9
"VPS9D1","s1640_S_GON_01_ASEReadCounter.table","NW_015090842.1:10116933",3,10,7
"VPS9D1","s1640_S_GON_01_ASEReadCounter.table","NW_015090842.1:10116942",4,10,6
"VPS9D1","s1640_S_GON_01_ASEReadCounter.table","NW_015090842.1:10117152",9,17,8
"VPS9D1","s1640_S_GON_01_ASEReadCounter.table","NW_015090842.1:10117480",4,6,2
"VPS9D1","s1640_S_GON_01_ASEReadCounter.table","NW_015090842.1:10117497",4,6,2
"VPS9D1","s1640_S_GON_01_ASEReadCounter.table","NW_015090842.1:10117499",4,6,2
"VPS9D1","s1640_S_GON_01_ASEReadCounter.table","NW_015090842.1:10117516",4,8,4
"VPS9D1","s1640_S_GON_01_ASEReadCounter.table","NW_015090842.1:10117525",4,8,4
"VPS9D1","s1640_S_GON_01_ASEReadCounter.table","NW_015090842.1:10117579",3,8,5
"VPS9D1","s1640_S_GON_01_ASEReadCounter.table","NW_015090842.1:10117627",3,11,8
"VPS9D1","s1640_S_GON_01_ASEReadCounter.table","NW_015090842.1:10117678",1,8,7
"VPS9D1","s1640_S_GON_01_ASEReadCounter.table","NW_015090842.1:10117773",8,16,8
"VPS9D1","s1640_S_GON_01_ASEReadCounter.table","NW_015090842.1:10117937",5,9,4
"VPS9D1","s1640_S_GON_01_ASEReadCounter.table","NW_015090842.1:10117961",6,9,3
"VPS9D1","s1640_S_GON_01_ASEReadCounter.table","NW_015090842.1:10118236",10,16,6
"VPS9D1","s1640_S_GON_01_ASEReadCounter.table","NW_015090842.1:10118414",7,13,6
"VPS9D1","s1640_S_GON_01_ASEReadCounter.table","NW_015090842.1:10118973",12,18,6
"VPS9D1","s1640_S_GON_01_ASEReadCounter.table","NW_015090842.1:10119500",3,7,4
"ZNF276","s1640_S_GON_01_ASEReadCounter.table","NW_015090842.1:10121760",5,10,5
"ZNF276","s1640_S_GON_01_ASEReadCounter.table","NW_015090842.1:10121769",5,11,6
"ZNF276","s1640_S_GON_01_ASEReadCounter.table","NW_015090842.1:10121802",6,11,5
"ZNF276","s1640_S_GON_01_ASEReadCounter.table","NW_015090842.1:10121971",10,19,9
"ZNF276","s1640_S_GON_01_ASEReadCounter.table","NW_015090842.1:10122161",17,17,0
"ZNF276","s1640_S_GON_01_ASEReadCounter.table","NW_015090842.1:10122164",17,17,0
"ZNF276","s1640_S_GON_01_ASEReadCounter.table","NW_015090842.1:10122184",13,13,0
"ZNF276","s1640_S_GON_01_ASEReadCounter.table","NW_015090842.1:10122883",9,13,4
"ZNF276","s1640_S_GON_01_ASEReadCounter.table","NW_015090842.1:10122997",12,17,5
"ZNF276","s1640_S_GON_01_ASEReadCounter.table","NW_015090842.1:10123069",9,22,13
"ZNF276","s1640_S_GON_01_ASEReadCounter.table","NW_015090842.1:10123207",10,21,11
"ZNF276","s1640_S_GON_01_ASEReadCounter.table","NW_015090842.1:10125787",15,35,20
"ZNF276","s1640_S_GON_01_ASEReadCounter.table","NW_015090842.1:10126309",23,40,17
"ZNF276","s1640_S_GON_01_ASEReadCounter.table","NW_015090842.1:10126348",17,34,17
"ZNF276","s1640_S_GON_01_ASEReadCounter.table","NW_015090842.1:10126978",17,36,19
"ZNF276","s1640_S_GON_01_ASEReadCounter.table","NW_015090842.1:10126991",15,31,16
"ZNF276","s1640_S_GON_01_ASEReadCounter.table","NW_015090842.1:10127023",14,39,25
"ZNF276","s1640_S_GON_01_ASEReadCounter.table","NW_015090842.1:10127063",15,39,24
"ZNF276","s1640_S_GON_01_ASEReadCounter.table","NW_015090842.1:10127373",13,30,17
"ZNF276","s1640_S_GON_01_ASEReadCounter.table","NW_015090842.1:10127931",19,41,22
"ZNF276","s1640_S_GON_01_ASEReadCounter.table","NW_015090842.1:10128070",13,29,16
"ZNF276","s1640_S_GON_01_ASEReadCounter.table","NW_015090842.1:10128102",9,25,16
"ZNF276","s1640_S_GON_01_ASEReadCounter.table","NW_015090842.1:10128356",8,28,20
"ZNF276","s1640_S_GON_01_ASEReadCounter.table","NW_015090842.1:10128497",8,21,13
"FANCA","s1640_S_GON_01_ASEReadCounter.table","NW_015090842.1:10128743",16,24,8
"FANCA","s1640_S_GON_01_ASEReadCounter.table","NW_015090842.1:10128822",18,33,15
"FANCA","s1640_S_GON_01_ASEReadCounter.table","NW_015090842.1:10129383",31,50,19
"FANCA","s1640_S_GON_01_ASEReadCounter.table","NW_015090842.1:10129390",28,47,19
"FANCA","s1640_S_GON_01_ASEReadCounter.table","NW_015090842.1:10129422",27,44,17
"FANCA","s1640_S_GON_01_ASEReadCounter.table","NW_015090842.1:10129969",24,42,18
"FANCA","s1640_S_GON_01_ASEReadCounter.table","NW_015090842.1:10130399",21,40,19
"FANCA","s1640_S_GON_01_ASEReadCounter.table","NW_015090842.1:10130857",18,38,20
"FANCA","s1640_S_GON_01_ASEReadCounter.table","NW_015090842.1:10130878",21,41,20
"FANCA","s1640_S_GON_01_ASEReadCounter.table","NW_015090842.1:10133530",17,31,14
"FANCA","s1640_S_GON_01_ASEReadCounter.table","NW_015090842.1:10133533",17,30,13
"FANCA","s1640_S_GON_01_ASEReadCounter.table","NW_015090842.1:10133536",19,31,12
"FANCA","s1640_S_GON_01_ASEReadCounter.table","NW_015090842.1:10133601",21,38,17
"FANCA","s1640_S_GON_01_ASEReadCounter.table","NW_015090842.1:10134492",19,28,9
"FANCA","s1640_S_GON_01_ASEReadCounter.table","NW_015090842.1:10136957",22,39,17
"FANCA","s1640_S_GON_01_ASEReadCounter.table","NW_015090842.1:10136982",17,31,14
"FANCA","s1640_S_GON_01_ASEReadCounter.table","NW_015090842.1:10136999",10,27,17
"FANCA","s1640_S_GON_01_ASEReadCounter.table","NW_015090842.1:10137019",18,38,20
"FANCA","s1640_S_GON_01_ASEReadCounter.table","NW_015090842.1:10137673",20,34,14
"FANCA","s1640_S_GON_01_ASEReadCounter.table","NW_015090842.1:10138618",12,25,13
"FANCA","s1640_S_GON_01_ASEReadCounter.table","NW_015090842.1:10139140",20,32,12
"FANCA","s1640_S_GON_01_ASEReadCounter.table","NW_015090842.1:10140699",11,16,5
"FANCA","s1640_S_GON_01_ASEReadCounter.table","NW_015090842.1:10141234",7,11,4
"FANCA","s1640_S_GON_01_ASEReadCounter.table","NW_015090842.1:10145030",8,18,10
"FANCA","s1640_S_GON_01_ASEReadCounter.table","NW_015090842.1:10150518",7,15,8
"FANCA","s1640_S_GON_01_ASEReadCounter.table","NW_015090842.1:10152863",6,16,10
"FANCA","s1640_S_GON_01_ASEReadCounter.table","NW_015090842.1:10154490",5,8,3
"FANCA","s1640_S_GON_01_ASEReadCounter.table","NW_015090842.1:10158162",6,11,5
"FANCA","s1640_S_GON_01_ASEReadCounter.table","NW_015090842.1:10158957",10,17,7
"FANCA","s1640_S_GON_01_ASEReadCounter.table","NW_015090842.1:10160177",5,11,6
"FANCA","s1640_S_GON_01_ASEReadCounter.table","NW_015090842.1:10163667",12,14,2
"FANCA","s1640_S_GON_01_ASEReadCounter.table","NW_015090842.1:10164257",11,17,6
"FANCA","s1640_S_GON_01_ASEReadCounter.table","NW_015090842.1:10165331",8,11,3
"SPIRE2","s1640_S_GON_01_ASEReadCounter.table","NW_015090842.1:10172284",2,2,0
"SPIRE2","s1640_S_GON_01_ASEReadCounter.table","NW_015090842.1:10175262",6,6,0
"SPIRE2","s1640_S_GON_01_ASEReadCounter.table","NW_015090842.1:10175352",3,3,0
"SPIRE2","s1640_S_GON_01_ASEReadCounter.table","NW_015090842.1:10175400",8,8,0
"SPIRE2","s1640_S_GON_01_ASEReadCounter.table","NW_015090842.1:10175418",8,8,0
"SPIRE2","s1640_S_GON_01_ASEReadCounter.table","NW_015090842.1:10175704",11,11,0
"SPIRE2","s1640_S_GON_01_ASEReadCounter.table","NW_015090842.1:10176115",14,14,0
"SPIRE2","s1640_S_GON_01_ASEReadCounter.table","NW_015090842.1:10176561",14,15,1
"SPIRE2","s1640_S_GON_01_ASEReadCounter.table","NW_015090842.1:10176817",7,8,1
"SPIRE2","s1640_S_GON_01_ASEReadCounter.table","NW_015090842.1:10177084",5,5,0
"SPIRE2","s1640_S_GON_01_ASEReadCounter.table","NW_015090842.1:10177838",8,9,1
"SPIRE2","s1640_S_GON_01_ASEReadCounter.table","NW_015090842.1:10178000",5,5,0
"SPIRE2","s1640_S_GON_01_ASEReadCounter.table","NW_015090842.1:10178164",9,10,1
"SPIRE2","s1640_S_GON_01_ASEReadCounter.table","NW_015090842.1:10178216",11,11,0
"SPIRE2","s1640_S_GON_01_ASEReadCounter.table","NW_015090842.1:10178303",5,5,0
"SPIRE2","s1640_S_GON_01_ASEReadCounter.table","NW_015090842.1:10178403",4,4,0
"SPIRE2","s1640_S_GON_01_ASEReadCounter.table","NW_015090842.1:10178409",4,4,0
"SPIRE2","s1640_S_GON_01_ASEReadCounter.table","NW_015090842.1:10178524",2,2,0
"SPIRE2","s1640_S_GON_01_ASEReadCounter.table","NW_015090842.1:10178526",2,2,0
"SPIRE2","s1640_S_GON_01_ASEReadCounter.table","NW_015090842.1:10178531",2,2,0
"SPIRE2","s1640_S_GON_01_ASEReadCounter.table","NW_015090842.1:10178565",2,2,0
"SPIRE2","s1640_S_GON_01_ASEReadCounter.table","NW_015090842.1:10178587",2,2,0
"SPIRE2","s1640_S_GON_01_ASEReadCounter.table","NW_015090842.1:10178640",2,2,0
"SPIRE2","s1640_S_GON_01_ASEReadCounter.table","NW_015090842.1:10178651",3,3,0
"SPIRE2","s1640_S_GON_01_ASEReadCounter.table","NW_015090842.1:10178682",2,2,0
"TCF25","s1640_S_GON_01_ASEReadCounter.table","NW_015090842.1:10180912",66,137,71
"TCF25","s1640_S_GON_01_ASEReadCounter.table","NW_015090842.1:10180924",71,139,68
"TCF25","s1640_S_GON_01_ASEReadCounter.table","NW_015090842.1:10180931",71,141,70
"TCF25","s1640_S_GON_01_ASEReadCounter.table","NW_015090842.1:10185332",153,319,166
"TCF25","s1640_S_GON_01_ASEReadCounter.table","NW_015090842.1:10196561",125,255,130
"TCF25","s1640_S_GON_01_ASEReadCounter.table","NW_015090842.1:10197399",326,326,0
"MC1R","s1640_S_GON_01_ASEReadCounter.table","NW_015090842.1:10201853",0,1,1
"MC1R","s1640_S_GON_01_ASEReadCounter.table","NW_015090842.1:10201986",0,1,1
"MC1R","s1640_S_GON_01_ASEReadCounter.table","NW_015090842.1:10202160",1,1,0
"GAS8","s1640_S_GON_01_ASEReadCounter.table","NW_015090842.1:10228982",614,1233,619
"GAS8","s1640_S_GON_01_ASEReadCounter.table","NW_015090842.1:10229832",512,1038,526
"GAS8","s1640_S_GON_01_ASEReadCounter.table","NW_015090842.1:10232901",395,759,364
"GAS8","s1640_S_GON_01_ASEReadCounter.table","NW_015090842.1:10232928",330,645,315
"GAS8","s1640_S_GON_01_ASEReadCounter.table","NW_015090842.1:10232967",244,502,258
"GAS8","s1640_S_GON_01_ASEReadCounter.table","NW_015090842.1:10233032",135,324,189
"GAS8","s1640_S_GON_01_ASEReadCounter.table","NW_015090842.1:10233057",114,287,173
"GAS8","s1640_S_GON_01_ASEReadCounter.table","NW_015090842.1:10233058",114,287,173
"GAS8","s1640_S_GON_01_ASEReadCounter.table","NW_015090842.1:10233176",95,201,106
"GAS8","s1640_S_GON_01_ASEReadCounter.table","NW_015090842.1:10233196",99,206,107
"GAS8","s1640_S_GON_01_ASEReadCounter.table","NW_015090842.1:10233252",79,143,64
"GAS8","s1640_S_GON_01_ASEReadCounter.table","NW_015090842.1:10233303",29,57,28
"LOC106888094","s1640_S_GON_01_ASEReadCounter.table","NW_015090842.1:10233334",3,9,6
"LOC106888094","s1640_S_GON_01_ASEReadCounter.table","NW_015090842.1:10233362",6,24,18
"LOC106888094","s1640_S_GON_01_ASEReadCounter.table","NW_015090842.1:10233373",6,24,18
"LOC106888094","s1640_S_GON_01_ASEReadCounter.table","NW_015090842.1:10233388",9,30,21
"LOC106888094","s1640_S_GON_01_ASEReadCounter.table","NW_015090842.1:10233402",9,30,21
"LOC106888094","s1640_S_GON_01_ASEReadCounter.table","NW_015090842.1:10233465",15,41,26
"LOC106888094","s1640_S_GON_01_ASEReadCounter.table","NW_015090842.1:10233803",18,65,47
"LOC106888094","s1640_S_GON_01_ASEReadCounter.table","NW_015090842.1:10233815",17,58,41
"LOC106888094","s1640_S_GON_01_ASEReadCounter.table","NW_015090842.1:10235484",14,19,5
"LOC106888094","s1640_S_GON_01_ASEReadCounter.table","NW_015090842.1:10235611",11,17,6
"LOC106888094","s1640_S_GON_01_ASEReadCounter.table","NW_015090842.1:10235977",12,12,0
"LOC106888094","s1640_S_GON_01_ASEReadCounter.table","NW_015090842.1:10236098",11,16,5
"LOC106888094","s1640_S_GON_01_ASEReadCounter.table","NW_015090842.1:10236161",9,12,3
"LOC106888094","s1640_S_GON_01_ASEReadCounter.table","NW_015090842.1:10236380",7,11,4
"LOC106888094","s1640_S_GON_01_ASEReadCounter.table","NW_015090842.1:10236388",5,8,3
"LOC106888094","s1640_S_GON_01_ASEReadCounter.table","NW_015090842.1:10236425",4,6,2
"LOC106888094","s1640_S_GON_01_ASEReadCounter.table","NW_015090842.1:10236426",4,6,2
"LOC106888094","s1640_S_GON_01_ASEReadCounter.table","NW_015090842.1:10236603",2,3,1
"LOC106888173","s1640_S_GON_01_ASEReadCounter.table","NW_015090842.1:10239596",3,3,0
"LOC106888173","s1640_S_GON_01_ASEReadCounter.table","NW_015090842.1:10240036",5,9,4
"LOC106888173","s1640_S_GON_01_ASEReadCounter.table","NW_015090842.1:10240095",4,8,4
"LOC106888173","s1640_S_GON_01_ASEReadCounter.table","NW_015090842.1:10240280",4,9,5
"LOC106888173","s1640_S_GON_01_ASEReadCounter.table","NW_015090842.1:10240557",7,10,3
"LOC106888173","s1640_S_GON_01_ASEReadCounter.table","NW_015090842.1:10240603",5,11,6
"LOC106888173","s1640_S_GON_01_ASEReadCounter.table","NW_015090842.1:10240609",4,11,7
"LOC106888173","s1640_S_GON_01_ASEReadCounter.table","NW_015090842.1:10240924",7,10,3
"LOC106888173","s1640_S_GON_01_ASEReadCounter.table","NW_015090842.1:10241037",6,9,3
"LOC106888173","s1640_S_GON_01_ASEReadCounter.table","NW_015090842.1:10241046",6,9,3
"LOC106888173","s1640_S_GON_01_ASEReadCounter.table","NW_015090842.1:10241058",7,11,4
"LOC106888173","s1640_S_GON_01_ASEReadCounter.table","NW_015090842.1:10241064",7,12,5
"LOC106888173","s1640_S_GON_01_ASEReadCounter.table","NW_015090842.1:10241163",12,15,3
"LOC106888173","s1640_S_GON_01_ASEReadCounter.table","NW_015090842.1:10241803",10,15,5
"LOC106888173","s1640_S_GON_01_ASEReadCounter.table","NW_015090842.1:10241827",12,17,5
"LOC106888173","s1640_S_GON_01_ASEReadCounter.table","NW_015090842.1:10241869",9,13,4
"LOC106888173","s1640_S_GON_01_ASEReadCounter.table","NW_015090842.1:10242079",10,10,0
"LOC106888173","s1640_S_GON_01_ASEReadCounter.table","NW_015090842.1:10242103",10,10,0
"LOC106888173","s1640_S_GON_01_ASEReadCounter.table","NW_015090842.1:10242157",12,16,4
"LOC106888173","s1640_S_GON_01_ASEReadCounter.table","NW_015090842.1:10242455",10,17,7
"LOC106888173","s1640_S_GON_01_ASEReadCounter.table","NW_015090842.1:10242481",11,19,8
"LOC106888173","s1640_S_GON_01_ASEReadCounter.table","NW_015090842.1:10242590",8,16,8
"LOC106888173","s1640_S_GON_01_ASEReadCounter.table","NW_015090842.1:10242794",12,14,2
"LOC106888173","s1640_S_GON_01_ASEReadCounter.table","NW_015090842.1:10242909",9,11,2
"LOC106888173","s1640_S_GON_01_ASEReadCounter.table","NW_015090842.1:10243094",6,10,4
"LOC106888173","s1640_S_GON_01_ASEReadCounter.table","NW_015090842.1:10243133",11,15,4
"LOC106888173","s1640_S_GON_01_ASEReadCounter.table","NW_015090842.1:10243273",19,26,7
"LOC106888173","s1640_S_GON_01_ASEReadCounter.table","NW_015090842.1:10243278",22,28,6
"LOC106888173","s1640_S_GON_01_ASEReadCounter.table","NW_015090842.1:10243281",23,29,6
"LOC106888173","s1640_S_GON_01_ASEReadCounter.table","NW_015090842.1:10243347",21,21,0
"LOC106888173","s1640_S_GON_01_ASEReadCounter.table","NW_015090842.1:10243353",14,18,4
"LOC106888173","s1640_S_GON_01_ASEReadCounter.table","NW_015090842.1:10243363",10,14,4
"LOC106888173","s1640_S_GON_01_ASEReadCounter.table","NW_015090842.1:10243365",10,14,4
"LOC106888173","s1640_S_GON_01_ASEReadCounter.table","NW_015090842.1:10243529",16,18,2
"LOC106888173","s1640_S_GON_01_ASEReadCounter.table","NW_015090842.1:10243566",20,22,2
"LOC106888173","s1640_S_GON_01_ASEReadCounter.table","NW_015090842.1:10243605",14,20,6
"LOC106888173","s1640_S_GON_01_ASEReadCounter.table","NW_015090842.1:10243614",11,17,6
"LOC106888173","s1640_S_GON_01_ASEReadCounter.table","NW_015090842.1:10243615",11,17,6
"LOC106888173","s1640_S_GON_01_ASEReadCounter.table","NW_015090842.1:10243640",11,17,6
"LOC106888173","s1640_S_GON_01_ASEReadCounter.table","NW_015090842.1:10243680",22,24,2
"LOC106888173","s1640_S_GON_01_ASEReadCounter.table","NW_015090842.1:10243742",23,27,4
"LOC106888173","s1640_S_GON_01_ASEReadCounter.table","NW_015090842.1:10243804",19,22,3
"LOC106888173","s1640_S_GON_01_ASEReadCounter.table","NW_015090842.1:10243913",6,9,3
"LOC106888173","s1640_S_GON_01_ASEReadCounter.table","NW_015090842.1:10243921",5,8,3
"LOC106888384","s1640_S_GON_01_ASEReadCounter.table","NW_015090842.1:10244714",2,3,1
"LOC106888384","s1640_S_GON_01_ASEReadCounter.table","NW_015090842.1:10244998",4,6,2
"LOC106888384","s1640_S_GON_01_ASEReadCounter.table","NW_015090842.1:10250743",4,5,1
"LOC106888384","s1640_S_GON_01_ASEReadCounter.table","NW_015090842.1:10250771",4,4,0
"LOC106888384","s1640_S_GON_01_ASEReadCounter.table","NW_015090842.1:10251343",2,2,0
"LOC106888384","s1640_S_GON_01_ASEReadCounter.table","NW_015090842.1:10251344",2,2,0
"LOC106888384","s1640_S_GON_01_ASEReadCounter.table","NW_015090842.1:10251349",2,2,0
"LOC106888384","s1640_S_GON_01_ASEReadCounter.table","NW_015090842.1:10251354",2,4,2
"LOC106888384","s1640_S_GON_01_ASEReadCounter.table","NW_015090842.1:10251358",3,5,2
"LOC106888384","s1640_S_GON_01_ASEReadCounter.table","NW_015090842.1:10251369",1,5,4
"LOC106888384","s1640_S_GON_01_ASEReadCounter.table","NW_015090842.1:10251370",3,5,2
"LOC106888384","s1640_S_GON_01_ASEReadCounter.table","NW_015090842.1:10251375",3,5,2
"LOC106888384","s1640_S_GON_01_ASEReadCounter.table","NW_015090842.1:10251388",2,4,2
"LOC106888384","s1640_S_GON_01_ASEReadCounter.table","NW_015090842.1:10251390",2,4,2
"LOC106888384","s1640_S_GON_01_ASEReadCounter.table","NW_015090842.1:10251393",1,3,2
"LOC106888384","s1640_S_GON_01_ASEReadCounter.table","NW_015090842.1:10251399",1,3,2
"LOC106888384","s1640_S_GON_01_ASEReadCounter.table","NW_015090842.1:10253165",0,2,2
"LOC106888384","s1640_S_GON_01_ASEReadCounter.table","NW_015090842.1:10253284",3,11,8
"LOC106888384","s1640_S_GON_01_ASEReadCounter.table","NW_015090842.1:10253605",3,8,5
"LOC106888384","s1640_S_GON_01_ASEReadCounter.table","NW_015090842.1:10254028",2,4,2
"LOC106888384","s1640_S_GON_01_ASEReadCounter.table","NW_015090842.1:10254227",1,3,2
"LOC106888384","s1640_S_GON_01_ASEReadCounter.table","NW_015090842.1:10254233",1,3,2
"LOC106888384","s1640_S_GON_01_ASEReadCounter.table","NW_015090842.1:10254263",3,5,2
"LOC106888384","s1640_S_GON_01_ASEReadCounter.table","NW_015090842.1:10254293",5,9,4
"LOC106888384","s1640_S_GON_01_ASEReadCounter.table","NW_015090842.1:10254570",2,6,4
"LOC106888384","s1640_S_GON_01_ASEReadCounter.table","NW_015090842.1:10254647",2,4,2
"LOC106888384","s1640_S_GON_01_ASEReadCounter.table","NW_015090842.1:10254663",2,3,1
"LOC106888384","s1640_S_GON_01_ASEReadCounter.table","NW_015090842.1:10254840",1,2,1
"LOC106888384","s1640_S_GON_01_ASEReadCounter.table","NW_015090842.1:10254854",2,2,0
"LOC106888384","s1640_S_GON_01_ASEReadCounter.table","NW_015090842.1:10254891",6,6,0
"LOC106888384","s1640_S_GON_01_ASEReadCounter.table","NW_015090842.1:10254900",2,6,4
"LOC106888384","s1640_S_GON_01_ASEReadCounter.table","NW_015090842.1:10254915",1,5,4
"LOC106888384","s1640_S_GON_01_ASEReadCounter.table","NW_015090842.1:10254965",2,2,0
"LOC106888384","s1640_S_GON_01_ASEReadCounter.table","NW_015090842.1:10254975",1,2,1
"LOC106888384","s1640_S_GON_01_ASEReadCounter.table","NW_015090842.1:10255077",2,5,3
"LOC106888384","s1640_S_GON_01_ASEReadCounter.table","NW_015090842.1:10255117",4,7,3
"LOC106888384","s1640_S_GON_01_ASEReadCounter.table","NW_015090842.1:10255138",4,6,2
"LOC106888384","s1640_S_GON_01_ASEReadCounter.table","NW_015090842.1:10255139",4,6,2
"LOC106888384","s1640_S_GON_01_ASEReadCounter.table","NW_015090842.1:10255209",3,7,4
"LOC106888384","s1640_S_GON_01_ASEReadCounter.table","NW_015090842.1:10255211",3,7,4
"LOC106888384","s1640_S_GON_01_ASEReadCounter.table","NW_015090842.1:10255236",3,7,4
"LOC106888384","s1640_S_GON_01_ASEReadCounter.table","NW_015090842.1:10255262",2,6,4
"LOC106888384","s1640_S_GON_01_ASEReadCounter.table","NW_015090842.1:10255264",2,7,5
"LOC106888384","s1640_S_GON_01_ASEReadCounter.table","NW_015090842.1:10255306",1,6,5
"LOC106888384","s1640_S_GON_01_ASEReadCounter.table","NW_015090842.1:10255340",2,7,5
"LOC106888384","s1640_S_GON_01_ASEReadCounter.table","NW_015090842.1:10255410",7,11,4
"LOC106888384","s1640_S_GON_01_ASEReadCounter.table","NW_015090842.1:10255449",6,9,3
"LOC106888384","s1640_S_GON_01_ASEReadCounter.table","NW_015090842.1:10255496",4,11,7
"LOC106888384","s1640_S_GON_01_ASEReadCounter.table","NW_015090842.1:10255505",3,11,8
"LOC106888384","s1640_S_GON_01_ASEReadCounter.table","NW_015090842.1:10255531",4,13,9
"LOC106888384","s1640_S_GON_01_ASEReadCounter.table","NW_015090842.1:10255608",9,14,5
"LOC106888384","s1640_S_GON_01_ASEReadCounter.table","NW_015090842.1:10255614",9,14,5
"LOC106888384","s1640_S_GON_01_ASEReadCounter.table","NW_015090842.1:10255704",110,125,15
"LOC106888384","s1640_S_GON_01_ASEReadCounter.table","NW_015090842.1:10255731",119,130,11
"LOC106888384","s1640_S_GON_01_ASEReadCounter.table","NW_015090842.1:10255771",93,101,8
"TANGO6","s1640_S_GON_01_ASEReadCounter.table","NW_015090842.1:10257782",51,73,22
"TANGO6","s1640_S_GON_01_ASEReadCounter.table","NW_015090842.1:10258162",29,49,20
"TANGO6","s1640_S_GON_01_ASEReadCounter.table","NW_015090842.1:10258185",30,50,20
"TANGO6","s1640_S_GON_01_ASEReadCounter.table","NW_015090842.1:10259267",20,52,32
"TANGO6","s1640_S_GON_01_ASEReadCounter.table","NW_015090842.1:10260250",79,137,58
"TANGO6","s1640_S_GON_01_ASEReadCounter.table","NW_015090842.1:10260979",63,112,49
"TANGO6","s1640_S_GON_01_ASEReadCounter.table","NW_015090842.1:10261599",63,109,46
"TANGO6","s1640_S_GON_01_ASEReadCounter.table","NW_015090842.1:10268425",77,148,71
"TANGO6","s1640_S_GON_01_ASEReadCounter.table","NW_015090842.1:10269831",58,120,62
"TANGO6","s1640_S_GON_01_ASEReadCounter.table","NW_015090842.1:10270813",65,111,46
"TANGO6","s1640_S_GON_01_ASEReadCounter.table","NW_015090842.1:10273952",12,23,11
"TANGO6","s1640_S_GON_01_ASEReadCounter.table","NW_015090842.1:10273970",16,30,14
"TANGO6","s1640_S_GON_01_ASEReadCounter.table","NW_015090842.1:10274018",21,31,10
"TANGO6","s1640_S_GON_01_ASEReadCounter.table","NW_015090842.1:10275974",29,43,14
"TANGO6","s1640_S_GON_01_ASEReadCounter.table","NW_015090842.1:10275976",29,43,14
"TANGO6","s1640_S_GON_01_ASEReadCounter.table","NW_015090842.1:10276123",27,38,11
"TANGO6","s1640_S_GON_01_ASEReadCounter.table","NW_015090842.1:10276271",24,31,7
"TANGO6","s1640_S_GON_01_ASEReadCounter.table","NW_015090842.1:10276272",24,31,7
"TANGO6","s1640_S_GON_01_ASEReadCounter.table","NW_015090842.1:10276275",27,33,6
"TANGO6","s1640_S_GON_01_ASEReadCounter.table","NW_015090842.1:10276278",27,34,7
"TANGO6","s1640_S_GON_01_ASEReadCounter.table","NW_015090842.1:10276368",21,27,6
"TANGO6","s1640_S_GON_01_ASEReadCounter.table","NW_015090842.1:10276373",20,24,4
"TANGO6","s1640_S_GON_01_ASEReadCounter.table","NW_015090842.1:10276630",21,32,11
"TANGO6","s1640_S_GON_01_ASEReadCounter.table","NW_015090842.1:10281498",21,34,13
"TANGO6","s1640_S_GON_01_ASEReadCounter.table","NW_015090842.1:10282842",28,39,11
"TANGO6","s1640_S_GON_01_ASEReadCounter.table","NW_015090842.1:10282863",22,30,8
"TANGO6","s1640_S_GON_01_ASEReadCounter.table","NW_015090842.1:10282869",20,27,7
"TANGO6","s1640_S_GON_01_ASEReadCounter.table","NW_015090842.1:10282903",23,31,8
"TANGO6","s1640_S_GON_01_ASEReadCounter.table","NW_015090842.1:10283757",26,37,11
"TANGO6","s1640_S_GON_01_ASEReadCounter.table","NW_015090842.1:10283785",26,38,12
"HAS3","s1640_S_GON_01_ASEReadCounter.table","NW_015090842.1:10288093",2,2,0
"HAS3","s1640_S_GON_01_ASEReadCounter.table","NW_015090842.1:10288364",0,1,1
"HAS3","s1640_S_GON_01_ASEReadCounter.table","NW_015090842.1:10288405",1,1,0
"HAS3","s1640_S_GON_01_ASEReadCounter.table","NW_015090842.1:10289469",0,1,1
"HAS3","s1640_S_GON_01_ASEReadCounter.table","NW_015090842.1:10289708",1,2,1
"HAS3","s1640_S_GON_01_ASEReadCounter.table","NW_015090842.1:10290375",1,3,2
"HAS3","s1640_S_GON_01_ASEReadCounter.table","NW_015090842.1:10290395",1,2,1
"HAS3","s1640_S_GON_01_ASEReadCounter.table","NW_015090842.1:10290561",1,1,0
"HAS3","s1640_S_GON_01_ASEReadCounter.table","NW_015090842.1:10290609",0,3,3
"HAS3","s1640_S_GON_01_ASEReadCounter.table","NW_015090842.1:10290666",0,3,3
"HAS3","s1640_S_GON_01_ASEReadCounter.table","NW_015090842.1:10290723",1,3,2
"HAS3","s1640_S_GON_01_ASEReadCounter.table","NW_015090842.1:10290927",2,6,4
"HAS3","s1640_S_GON_01_ASEReadCounter.table","NW_015090842.1:10291004",1,5,4
"CHTF8","s1640_S_GON_01_ASEReadCounter.table","NW_015090842.1:10291319",9,24,15
"CHTF8","s1640_S_GON_01_ASEReadCounter.table","NW_015090842.1:10291342",19,36,17
"CHTF8","s1640_S_GON_01_ASEReadCounter.table","NW_015090842.1:10291491",63,103,40
"CHTF8","s1640_S_GON_01_ASEReadCounter.table","NW_015090842.1:10291520",67,130,63
"CHTF8","s1640_S_GON_01_ASEReadCounter.table","NW_015090842.1:10291593",77,157,80
"CHTF8","s1640_S_GON_01_ASEReadCounter.table","NW_015090842.1:10291600",77,158,81
"CHTF8","s1640_S_GON_01_ASEReadCounter.table","NW_015090842.1:10291609",80,155,75
"CHTF8","s1640_S_GON_01_ASEReadCounter.table","NW_015090842.1:10291639",80,147,67
"CHTF8","s1640_S_GON_01_ASEReadCounter.table","NW_015090842.1:10291641",78,145,67
"CHTF8","s1640_S_GON_01_ASEReadCounter.table","NW_015090842.1:10291648",85,151,66
"CHTF8","s1640_S_GON_01_ASEReadCounter.table","NW_015090842.1:10291656",86,153,67
"CHTF8","s1640_S_GON_01_ASEReadCounter.table","NW_015090842.1:10291675",86,150,64
"CHTF8","s1640_S_GON_01_ASEReadCounter.table","NW_015090842.1:10291696",75,134,59
"CHTF8","s1640_S_GON_01_ASEReadCounter.table","NW_015090842.1:10291714",81,140,59
"CHTF8","s1640_S_GON_01_ASEReadCounter.table","NW_015090842.1:10291732",90,158,68
"CHTF8","s1640_S_GON_01_ASEReadCounter.table","NW_015090842.1:10291755",75,146,71
"CHTF8","s1640_S_GON_01_ASEReadCounter.table","NW_015090842.1:10291756",76,141,65
"CHTF8","s1640_S_GON_01_ASEReadCounter.table","NW_015090842.1:10291758",77,148,71
"CHTF8","s1640_S_GON_01_ASEReadCounter.table","NW_015090842.1:10291792",79,151,72
"CHTF8","s1640_S_GON_01_ASEReadCounter.table","NW_015090842.1:10291895",93,152,59
"CHTF8","s1640_S_GON_01_ASEReadCounter.table","NW_015090842.1:10292132",80,142,62
"CHTF8","s1640_S_GON_01_ASEReadCounter.table","NW_015090842.1:10292314",87,144,57
"CHTF8","s1640_S_GON_01_ASEReadCounter.table","NW_015090842.1:10292317",88,146,58
"CHTF8","s1640_S_GON_01_ASEReadCounter.table","NW_015090842.1:10292928",20,34,14
"UTP4","s1640_S_GON_01_ASEReadCounter.table","NW_015090842.1:10293146",14,37,23
"UTP4","s1640_S_GON_01_ASEReadCounter.table","NW_015090842.1:10293151",13,36,23
"UTP4","s1640_S_GON_01_ASEReadCounter.table","NW_015090842.1:10293191",10,30,20
"UTP4","s1640_S_GON_01_ASEReadCounter.table","NW_015090842.1:10293362",17,32,15
"UTP4","s1640_S_GON_01_ASEReadCounter.table","NW_015090842.1:10293430",12,29,17
"UTP4","s1640_S_GON_01_ASEReadCounter.table","NW_015090842.1:10293625",8,25,17
"UTP4","s1640_S_GON_01_ASEReadCounter.table","NW_015090842.1:10293684",11,25,14
"UTP4","s1640_S_GON_01_ASEReadCounter.table","NW_015090842.1:10294093",10,27,17
"UTP4","s1640_S_GON_01_ASEReadCounter.table","NW_015090842.1:10294568",14,32,18
"UTP4","s1640_S_GON_01_ASEReadCounter.table","NW_015090842.1:10294622",21,41,20
"UTP4","s1640_S_GON_01_ASEReadCounter.table","NW_015090842.1:10294632",24,45,21
"UTP4","s1640_S_GON_01_ASEReadCounter.table","NW_015090842.1:10295238",22,39,17
"UTP4","s1640_S_GON_01_ASEReadCounter.table","NW_015090842.1:10295880",12,32,20
"UTP4","s1640_S_GON_01_ASEReadCounter.table","NW_015090842.1:10295884",10,30,20
"UTP4","s1640_S_GON_01_ASEReadCounter.table","NW_015090842.1:10295903",12,33,21
"UTP4","s1640_S_GON_01_ASEReadCounter.table","NW_015090842.1:10295906",12,33,21
"UTP4","s1640_S_GON_01_ASEReadCounter.table","NW_015090842.1:10295915",15,39,24
"UTP4","s1640_S_GON_01_ASEReadCounter.table","NW_015090842.1:10295938",12,36,24
"UTP4","s1640_S_GON_01_ASEReadCounter.table","NW_015090842.1:10296175",12,34,22
"UTP4","s1640_S_GON_01_ASEReadCounter.table","NW_015090842.1:10296660",16,43,27
"UTP4","s1640_S_GON_01_ASEReadCounter.table","NW_015090842.1:10296679",15,43,28
"UTP4","s1640_S_GON_01_ASEReadCounter.table","NW_015090842.1:10297193",26,63,37
"UTP4","s1640_S_GON_01_ASEReadCounter.table","NW_015090842.1:10297220",32,67,35
"UTP4","s1640_S_GON_01_ASEReadCounter.table","NW_015090842.1:10297307",28,55,27
"UTP4","s1640_S_GON_01_ASEReadCounter.table","NW_015090842.1:10297558",22,56,34
"UTP4","s1640_S_GON_01_ASEReadCounter.table","NW_015090842.1:10297943",22,48,26
"UTP4","s1640_S_GON_01_ASEReadCounter.table","NW_015090842.1:10297979",19,38,19
"UTP4","s1640_S_GON_01_ASEReadCounter.table","NW_015090842.1:10298022",13,24,11
"UTP4","s1640_S_GON_01_ASEReadCounter.table","NW_015090842.1:10298079",1,4,3
"UTP4","s1640_S_GON_01_ASEReadCounter.table","NW_015090842.1:10298081",0,3,3
"UTP4","s1640_S_GON_01_ASEReadCounter.table","NW_015090842.1:10298082",0,3,3
"SNTB2","s1640_S_GON_01_ASEReadCounter.table","NW_015090842.1:10298905",2,3,1
"SNTB2","s1640_S_GON_01_ASEReadCounter.table","NW_015090842.1:10298928",2,4,2
"SNTB2","s1640_S_GON_01_ASEReadCounter.table","NW_015090842.1:10303506",8,19,11
"SNTB2","s1640_S_GON_01_ASEReadCounter.table","NW_015090842.1:10303524",5,17,12
"SNTB2","s1640_S_GON_01_ASEReadCounter.table","NW_015090842.1:10304059",11,16,5
"SNTB2","s1640_S_GON_01_ASEReadCounter.table","NW_015090842.1:10304089",11,16,5
"SNTB2","s1640_S_GON_01_ASEReadCounter.table","NW_015090842.1:10304167",4,8,4
"SNTB2","s1640_S_GON_01_ASEReadCounter.table","NW_015090842.1:10304176",5,9,4
"SNTB2","s1640_S_GON_01_ASEReadCounter.table","NW_015090842.1:10305069",11,12,1
"SNTB2","s1640_S_GON_01_ASEReadCounter.table","NW_015090842.1:10305099",9,12,3
"SNTB2","s1640_S_GON_01_ASEReadCounter.table","NW_015090842.1:10305451",5,11,6
"SNTB2","s1640_S_GON_01_ASEReadCounter.table","NW_015090842.1:10305547",14,21,7
"SNTB2","s1640_S_GON_01_ASEReadCounter.table","NW_015090842.1:10305847",8,11,3
"SNTB2","s1640_S_GON_01_ASEReadCounter.table","NW_015090842.1:10305911",10,15,5
"SNTB2","s1640_S_GON_01_ASEReadCounter.table","NW_015090842.1:10306173",12,22,10
"SNTB2","s1640_S_GON_01_ASEReadCounter.table","NW_015090842.1:10306275",10,20,10
"SNTB2","s1640_S_GON_01_ASEReadCounter.table","NW_015090842.1:10306457",9,14,5
"SNTB2","s1640_S_GON_01_ASEReadCounter.table","NW_015090842.1:10306496",4,9,5
"SNTB2","s1640_S_GON_01_ASEReadCounter.table","NW_015090842.1:10306499",4,8,4
"VPS4A","s1640_S_GON_01_ASEReadCounter.table","NW_015090842.1:10308566",97,273,176
"VPS4A","s1640_S_GON_01_ASEReadCounter.table","NW_015090842.1:10308573",98,279,181
"VPS4A","s1640_S_GON_01_ASEReadCounter.table","NW_015090842.1:10308856",146,425,279
"VPS4A","s1640_S_GON_01_ASEReadCounter.table","NW_015090842.1:10309056",161,490,329
"VPS4A","s1640_S_GON_01_ASEReadCounter.table","NW_015090842.1:10309089",219,558,339
"VPS4A","s1640_S_GON_01_ASEReadCounter.table","NW_015090842.1:10309392",197,511,314
"VPS4A","s1640_S_GON_01_ASEReadCounter.table","NW_015090842.1:10309413",202,511,309
"VPS4A","s1640_S_GON_01_ASEReadCounter.table","NW_015090842.1:10309467",189,576,387
"VPS4A","s1640_S_GON_01_ASEReadCounter.table","NW_015090842.1:10310230",201,626,425
"VPS4A","s1640_S_GON_01_ASEReadCounter.table","NW_015090842.1:10310425",164,510,346
"VPS4A","s1640_S_GON_01_ASEReadCounter.table","NW_015090842.1:10310639",208,579,371
"VPS4A","s1640_S_GON_01_ASEReadCounter.table","NW_015090842.1:10310640",207,586,379
"VPS4A","s1640_S_GON_01_ASEReadCounter.table","NW_015090842.1:10310687",222,603,381
"VPS4A","s1640_S_GON_01_ASEReadCounter.table","NW_015090842.1:10310734",176,488,312
"VPS4A","s1640_S_GON_01_ASEReadCounter.table","NW_015090842.1:10310737",176,501,325
"VPS4A","s1640_S_GON_01_ASEReadCounter.table","NW_015090842.1:10310746",175,497,322
"VPS4A","s1640_S_GON_01_ASEReadCounter.table","NW_015090842.1:10310767",187,505,318
"VPS4A","s1640_S_GON_01_ASEReadCounter.table","NW_015090842.1:10310995",209,530,321
"VPS4A","s1640_S_GON_01_ASEReadCounter.table","NW_015090842.1:10311004",212,515,303
"VPS4A","s1640_S_GON_01_ASEReadCounter.table","NW_015090842.1:10311007",199,508,309
"VPS4A","s1640_S_GON_01_ASEReadCounter.table","NW_015090842.1:10311013",207,515,308
"VPS4A","s1640_S_GON_01_ASEReadCounter.table","NW_015090842.1:10311022",195,494,299
"VPS4A","s1640_S_GON_01_ASEReadCounter.table","NW_015090842.1:10311023",192,491,299
"VPS4A","s1640_S_GON_01_ASEReadCounter.table","NW_015090842.1:10311426",193,534,341
"VPS4A","s1640_S_GON_01_ASEReadCounter.table","NW_015090842.1:10311489",2,10,8
"VPS4A","s1640_S_GON_01_ASEReadCounter.table","NW_015090842.1:10311490",2,7,5
"VPS4A","s1640_S_GON_01_ASEReadCounter.table","NW_015090842.1:10311525",8,19,11
"VPS4A","s1640_S_GON_01_ASEReadCounter.table","NW_015090842.1:10311529",11,33,22
"VPS4A","s1640_S_GON_01_ASEReadCounter.table","NW_015090842.1:10311530",11,37,26
"VPS4A","s1640_S_GON_01_ASEReadCounter.table","NW_015090842.1:10311552",32,78,46
"VPS4A","s1640_S_GON_01_ASEReadCounter.table","NW_015090842.1:10311689",20,73,53
"VPS4A","s1640_S_GON_01_ASEReadCounter.table","NW_015090842.1:10311700",30,79,49
"VPS4A","s1640_S_GON_01_ASEReadCounter.table","NW_015090842.1:10311701",30,80,50
"VPS4A","s1640_S_GON_01_ASEReadCounter.table","NW_015090842.1:10311703",30,80,50
"COG8","s1640_S_GON_01_ASEReadCounter.table","NW_015090842.1:10313487",8,32,24
"COG8","s1640_S_GON_01_ASEReadCounter.table","NW_015090842.1:10313559",13,37,24
"COG8","s1640_S_GON_01_ASEReadCounter.table","NW_015090842.1:10313579",17,38,21
"COG8","s1640_S_GON_01_ASEReadCounter.table","NW_015090842.1:10313665",12,30,18
"COG8","s1640_S_GON_01_ASEReadCounter.table","NW_015090842.1:10313681",12,36,24
"COG8","s1640_S_GON_01_ASEReadCounter.table","NW_015090842.1:10313768",18,50,32
"COG8","s1640_S_GON_01_ASEReadCounter.table","NW_015090842.1:10313775",20,49,29
"COG8","s1640_S_GON_01_ASEReadCounter.table","NW_015090842.1:10313811",19,47,28
"COG8","s1640_S_GON_01_ASEReadCounter.table","NW_015090842.1:10313858",20,45,25
"COG8","s1640_S_GON_01_ASEReadCounter.table","NW_015090842.1:10313859",45,45,0
"COG8","s1640_S_GON_01_ASEReadCounter.table","NW_015090842.1:10314100",20,51,31
"COG8","s1640_S_GON_01_ASEReadCounter.table","NW_015090842.1:10314213",23,47,24
"COG8","s1640_S_GON_01_ASEReadCounter.table","NW_015090842.1:10315093",23,45,22
"COG8","s1640_S_GON_01_ASEReadCounter.table","NW_015090842.1:10315162",22,46,24
"COG8","s1640_S_GON_01_ASEReadCounter.table","NW_015090842.1:10315285",21,48,27
"COG8","s1640_S_GON_01_ASEReadCounter.table","NW_015090842.1:10315360",21,45,24
"COG8","s1640_S_GON_01_ASEReadCounter.table","NW_015090842.1:10315369",19,43,24
"COG8","s1640_S_GON_01_ASEReadCounter.table","NW_015090842.1:10315508",10,18,8
"COG8","s1640_S_GON_01_ASEReadCounter.table","NW_015090842.1:10315624",25,56,31
"COG8","s1640_S_GON_01_ASEReadCounter.table","NW_015090842.1:10315693",21,53,32
"COG8","s1640_S_GON_01_ASEReadCounter.table","NW_015090842.1:10315698",20,49,29
"COG8","s1640_S_GON_01_ASEReadCounter.table","NW_015090842.1:10315768",16,31,15
"COG8","s1640_S_GON_01_ASEReadCounter.table","NW_015090842.1:10315769",16,33,17
"COG8","s1640_S_GON_01_ASEReadCounter.table","NW_015090842.1:10315784",16,34,18
"COG8","s1640_S_GON_01_ASEReadCounter.table","NW_015090842.1:10316093",14,32,18
"COG8","s1640_S_GON_01_ASEReadCounter.table","NW_015090842.1:10316133",13,30,17
"NIP7","s1640_S_GON_01_ASEReadCounter.table","NW_015090842.1:10316759",47,78,31
"NIP7","s1640_S_GON_01_ASEReadCounter.table","NW_015090842.1:10316967",268,447,179
"NIP7","s1640_S_GON_01_ASEReadCounter.table","NW_015090842.1:10316995",294,506,212
"NIP7","s1640_S_GON_01_ASEReadCounter.table","NW_015090842.1:10317240",397,621,224
"NIP7","s1640_S_GON_01_ASEReadCounter.table","NW_015090842.1:10317247",382,590,208
"NIP7","s1640_S_GON_01_ASEReadCounter.table","NW_015090842.1:10317264",360,540,180
"NIP7","s1640_S_GON_01_ASEReadCounter.table","NW_015090842.1:10317433",338,591,253
"NIP7","s1640_S_GON_01_ASEReadCounter.table","NW_015090842.1:10317738",277,490,213
"NIP7","s1640_S_GON_01_ASEReadCounter.table","NW_015090842.1:10317769",300,501,201
"NIP7","s1640_S_GON_01_ASEReadCounter.table","NW_015090842.1:10317808",191,325,134
"NIP7","s1640_S_GON_01_ASEReadCounter.table","NW_015090842.1:10317870",115,204,89
"NIP7","s1640_S_GON_01_ASEReadCounter.table","NW_015090842.1:10317871",115,202,87
"NIP7","s1640_S_GON_01_ASEReadCounter.table","NW_015090842.1:10317898",87,150,63
"NIP7","s1640_S_GON_01_ASEReadCounter.table","NW_015090842.1:10317911",79,130,51
"TMED6","s1640_S_GON_01_ASEReadCounter.table","NW_015090842.1:10318514",0,1,1
"TMED6","s1640_S_GON_01_ASEReadCounter.table","NW_015090842.1:10318731",0,1,1
"TERF2","s1640_S_GON_01_ASEReadCounter.table","NW_015090842.1:10321768",54,105,51
"TERF2","s1640_S_GON_01_ASEReadCounter.table","NW_015090842.1:10321777",55,106,51
"TERF2","s1640_S_GON_01_ASEReadCounter.table","NW_015090842.1:10321805",44,102,58
"TERF2","s1640_S_GON_01_ASEReadCounter.table","NW_015090842.1:10321878",64,147,83
"TERF2","s1640_S_GON_01_ASEReadCounter.table","NW_015090842.1:10321893",11,153,142
"TERF2","s1640_S_GON_01_ASEReadCounter.table","NW_015090842.1:10321897",55,137,82
"TERF2","s1640_S_GON_01_ASEReadCounter.table","NW_015090842.1:10321908",56,141,85
"TERF2","s1640_S_GON_01_ASEReadCounter.table","NW_015090842.1:10322001",74,201,127
"TERF2","s1640_S_GON_01_ASEReadCounter.table","NW_015090842.1:10322035",59,164,105
"TERF2","s1640_S_GON_01_ASEReadCounter.table","NW_015090842.1:10322051",65,174,109
"TERF2","s1640_S_GON_01_ASEReadCounter.table","NW_015090842.1:10322137",55,142,87
"TERF2","s1640_S_GON_01_ASEReadCounter.table","NW_015090842.1:10322144",55,142,87
"TERF2","s1640_S_GON_01_ASEReadCounter.table","NW_015090842.1:10322388",40,158,118
"TERF2","s1640_S_GON_01_ASEReadCounter.table","NW_015090842.1:10322396",44,158,114
"TERF2","s1640_S_GON_01_ASEReadCounter.table","NW_015090842.1:10322502",85,221,136
"TERF2","s1640_S_GON_01_ASEReadCounter.table","NW_015090842.1:10322504",84,224,140
"TERF2","s1640_S_GON_01_ASEReadCounter.table","NW_015090842.1:10322510",87,232,145
"TERF2","s1640_S_GON_01_ASEReadCounter.table","NW_015090842.1:10323580",75,202,127
"TERF2","s1640_S_GON_01_ASEReadCounter.table","NW_015090842.1:10324314",50,170,120
"TERF2","s1640_S_GON_01_ASEReadCounter.table","NW_015090842.1:10326832",58,140,82
"TERF2","s1640_S_GON_01_ASEReadCounter.table","NW_015090842.1:10327787",40,109,69
"TERF2","s1640_S_GON_01_ASEReadCounter.table","NW_015090842.1:10328588",53,127,74
"TERF2","s1640_S_GON_01_ASEReadCounter.table","NW_015090842.1:10328644",46,119,73
"TERF2","s1640_S_GON_01_ASEReadCounter.table","NW_015090842.1:10329813",28,90,62
"TERF2","s1640_S_GON_01_ASEReadCounter.table","NW_015090842.1:10330749",29,77,48
"TERF2","s1640_S_GON_01_ASEReadCounter.table","NW_015090842.1:10330789",28,87,59
"CYB5B","s1640_S_GON_01_ASEReadCounter.table","NW_015090842.1:10336595",31,65,34
"CYB5B","s1640_S_GON_01_ASEReadCounter.table","NW_015090842.1:10336667",142,308,166
"CYB5B","s1640_S_GON_01_ASEReadCounter.table","NW_015090842.1:10336689",203,446,243
"CYB5B","s1640_S_GON_01_ASEReadCounter.table","NW_015090842.1:10336728",285,635,350
"CYB5B","s1640_S_GON_01_ASEReadCounter.table","NW_015090842.1:10345068",291,675,384
"CYB5B","s1640_S_GON_01_ASEReadCounter.table","NW_015090842.1:10348800",281,712,431
"CYB5B","s1640_S_GON_01_ASEReadCounter.table","NW_015090842.1:10349046",257,619,362
"CYB5B","s1640_S_GON_01_ASEReadCounter.table","NW_015090842.1:10349119",164,502,338
"CYB5B","s1640_S_GON_01_ASEReadCounter.table","NW_015090842.1:10349146",109,444,335
"CYB5B","s1640_S_GON_01_ASEReadCounter.table","NW_015090842.1:10349157",154,506,352
"CYB5B","s1640_S_GON_01_ASEReadCounter.table","NW_015090842.1:10349263",434,434,0
