"gene","id","snp","ref_count","total_count","alt_count"
"CENPN","s1640_S_ADR_02_ASEReadCounter.table","NW_015090842.1:5801612",1,1,0
"CENPN","s1640_S_ADR_02_ASEReadCounter.table","NW_015090842.1:5801618",3,3,0
"CENPN","s1640_S_ADR_02_ASEReadCounter.table","NW_015090842.1:5801623",3,3,0
"CENPN","s1640_S_ADR_02_ASEReadCounter.table","NW_015090842.1:5801631",3,3,0
"CENPN","s1640_S_ADR_02_ASEReadCounter.table","NW_015090842.1:5801632",3,3,0
"CENPN","s1640_S_ADR_02_ASEReadCounter.table","NW_015090842.1:5801655",3,5,2
"CENPN","s1640_S_ADR_02_ASEReadCounter.table","NW_015090842.1:5801670",2,4,2
"CENPN","s1640_S_ADR_02_ASEReadCounter.table","NW_015090842.1:5801674",3,5,2
"CENPN","s1640_S_ADR_02_ASEReadCounter.table","NW_015090842.1:5801692",4,5,1
"CENPN","s1640_S_ADR_02_ASEReadCounter.table","NW_015090842.1:5802008",9,12,3
"CENPN","s1640_S_ADR_02_ASEReadCounter.table","NW_015090842.1:5802012",9,13,4
"CENPN","s1640_S_ADR_02_ASEReadCounter.table","NW_015090842.1:5802087",11,19,8
"CENPN","s1640_S_ADR_02_ASEReadCounter.table","NW_015090842.1:5810113",5,5,0
"CENPN","s1640_S_ADR_02_ASEReadCounter.table","NW_015090842.1:5810147",6,6,0
"CENPN","s1640_S_ADR_02_ASEReadCounter.table","NW_015090842.1:5810148",6,6,0
"ATMIN","s1640_S_ADR_02_ASEReadCounter.table","NW_015090842.1:5818789",7,13,6
"ATMIN","s1640_S_ADR_02_ASEReadCounter.table","NW_015090842.1:5819958",11,17,6
"ATMIN","s1640_S_ADR_02_ASEReadCounter.table","NW_015090842.1:5820004",10,17,7
"ATMIN","s1640_S_ADR_02_ASEReadCounter.table","NW_015090842.1:5820217",9,17,8
"ATMIN","s1640_S_ADR_02_ASEReadCounter.table","NW_015090842.1:5820250",12,22,10
"ATMIN","s1640_S_ADR_02_ASEReadCounter.table","NW_015090842.1:5820298",10,22,12
"ATMIN","s1640_S_ADR_02_ASEReadCounter.table","NW_015090842.1:5820417",3,11,8
"ATMIN","s1640_S_ADR_02_ASEReadCounter.table","NW_015090842.1:5820421",4,12,8
"ATMIN","s1640_S_ADR_02_ASEReadCounter.table","NW_015090842.1:5820448",7,16,9
"ATMIN","s1640_S_ADR_02_ASEReadCounter.table","NW_015090842.1:5820457",8,19,11
"ATMIN","s1640_S_ADR_02_ASEReadCounter.table","NW_015090842.1:5820510",11,21,10
"ATMIN","s1640_S_ADR_02_ASEReadCounter.table","NW_015090842.1:5820673",5,13,8
"ATMIN","s1640_S_ADR_02_ASEReadCounter.table","NW_015090842.1:5820754",8,18,10
"ATMIN","s1640_S_ADR_02_ASEReadCounter.table","NW_015090842.1:5820820",7,18,11
"ATMIN","s1640_S_ADR_02_ASEReadCounter.table","NW_015090842.1:5820865",11,23,12
"ATMIN","s1640_S_ADR_02_ASEReadCounter.table","NW_015090842.1:5820889",11,24,13
"ATMIN","s1640_S_ADR_02_ASEReadCounter.table","NW_015090842.1:5820891",11,23,12
"ATMIN","s1640_S_ADR_02_ASEReadCounter.table","NW_015090842.1:5820997",11,25,14
"ATMIN","s1640_S_ADR_02_ASEReadCounter.table","NW_015090842.1:5821063",10,27,17
"ATMIN","s1640_S_ADR_02_ASEReadCounter.table","NW_015090842.1:5821132",11,32,21
"ATMIN","s1640_S_ADR_02_ASEReadCounter.table","NW_015090842.1:5821645",19,36,17
"ATMIN","s1640_S_ADR_02_ASEReadCounter.table","NW_015090842.1:5825066",22,32,10
"ATMIN","s1640_S_ADR_02_ASEReadCounter.table","NW_015090842.1:5825106",14,24,10
"ATMIN","s1640_S_ADR_02_ASEReadCounter.table","NW_015090842.1:5825122",11,22,11
"ATMIN","s1640_S_ADR_02_ASEReadCounter.table","NW_015090842.1:5825178",13,25,12
"ATMIN","s1640_S_ADR_02_ASEReadCounter.table","NW_015090842.1:5825194",14,26,12
"ATMIN","s1640_S_ADR_02_ASEReadCounter.table","NW_015090842.1:5825195",14,27,13
"ATMIN","s1640_S_ADR_02_ASEReadCounter.table","NW_015090842.1:5825220",12,22,10
"ATMIN","s1640_S_ADR_02_ASEReadCounter.table","NW_015090842.1:5825240",15,22,7
"ATMIN","s1640_S_ADR_02_ASEReadCounter.table","NW_015090842.1:5825303",19,31,12
"ATMIN","s1640_S_ADR_02_ASEReadCounter.table","NW_015090842.1:5825304",20,32,12
"ATMIN","s1640_S_ADR_02_ASEReadCounter.table","NW_015090842.1:5825310",19,33,14
"ATMIN","s1640_S_ADR_02_ASEReadCounter.table","NW_015090842.1:5825406",17,32,15
"ATMIN","s1640_S_ADR_02_ASEReadCounter.table","NW_015090842.1:5825415",17,32,15
"ATMIN","s1640_S_ADR_02_ASEReadCounter.table","NW_015090842.1:5825438",15,30,15
"ATMIN","s1640_S_ADR_02_ASEReadCounter.table","NW_015090842.1:5825485",17,35,18
"ATMIN","s1640_S_ADR_02_ASEReadCounter.table","NW_015090842.1:5825524",22,43,21
"ATMIN","s1640_S_ADR_02_ASEReadCounter.table","NW_015090842.1:5825557",23,46,23
"ATMIN","s1640_S_ADR_02_ASEReadCounter.table","NW_015090842.1:5825571",21,47,26
"ATMIN","s1640_S_ADR_02_ASEReadCounter.table","NW_015090842.1:5825579",22,48,26
"ATMIN","s1640_S_ADR_02_ASEReadCounter.table","NW_015090842.1:5825590",17,39,22
"ATMIN","s1640_S_ADR_02_ASEReadCounter.table","NW_015090842.1:5825689",15,36,21
"ATMIN","s1640_S_ADR_02_ASEReadCounter.table","NW_015090842.1:5825703",15,39,24
"ATMIN","s1640_S_ADR_02_ASEReadCounter.table","NW_015090842.1:5825787",13,22,9
"ATMIN","s1640_S_ADR_02_ASEReadCounter.table","NW_015090842.1:5825833",19,30,11
"ATMIN","s1640_S_ADR_02_ASEReadCounter.table","NW_015090842.1:5825841",19,30,11
"ATMIN","s1640_S_ADR_02_ASEReadCounter.table","NW_015090842.1:5825895",24,44,20
"ATMIN","s1640_S_ADR_02_ASEReadCounter.table","NW_015090842.1:5825984",18,37,19
"ATMIN","s1640_S_ADR_02_ASEReadCounter.table","NW_015090842.1:5826162",27,37,10
"ATMIN","s1640_S_ADR_02_ASEReadCounter.table","NW_015090842.1:5826194",27,38,11
"ATMIN","s1640_S_ADR_02_ASEReadCounter.table","NW_015090842.1:5826235",25,38,13
"ATMIN","s1640_S_ADR_02_ASEReadCounter.table","NW_015090842.1:5826245",24,36,12
"ATMIN","s1640_S_ADR_02_ASEReadCounter.table","NW_015090842.1:5826335",17,26,9
"ATMIN","s1640_S_ADR_02_ASEReadCounter.table","NW_015090842.1:5826417",15,27,12
"ATMIN","s1640_S_ADR_02_ASEReadCounter.table","NW_015090842.1:5826431",13,33,20
"ATMIN","s1640_S_ADR_02_ASEReadCounter.table","NW_015090842.1:5826438",17,30,13
"ATMIN","s1640_S_ADR_02_ASEReadCounter.table","NW_015090842.1:5826463",22,39,17
"ATMIN","s1640_S_ADR_02_ASEReadCounter.table","NW_015090842.1:5826502",25,40,15
"ATMIN","s1640_S_ADR_02_ASEReadCounter.table","NW_015090842.1:5826511",25,42,17
"ATMIN","s1640_S_ADR_02_ASEReadCounter.table","NW_015090842.1:5826659",25,47,22
"ATMIN","s1640_S_ADR_02_ASEReadCounter.table","NW_015090842.1:5826701",17,35,18
"ATMIN","s1640_S_ADR_02_ASEReadCounter.table","NW_015090842.1:5826702",16,34,18
"ATMIN","s1640_S_ADR_02_ASEReadCounter.table","NW_015090842.1:5826732",21,43,22
"ATMIN","s1640_S_ADR_02_ASEReadCounter.table","NW_015090842.1:5826745",21,45,24
"ATMIN","s1640_S_ADR_02_ASEReadCounter.table","NW_015090842.1:5826835",20,41,21
"ATMIN","s1640_S_ADR_02_ASEReadCounter.table","NW_015090842.1:5826910",16,37,21
"ATMIN","s1640_S_ADR_02_ASEReadCounter.table","NW_015090842.1:5826942",12,37,25
"ATMIN","s1640_S_ADR_02_ASEReadCounter.table","NW_015090842.1:5827193",27,48,21
"ATMIN","s1640_S_ADR_02_ASEReadCounter.table","NW_015090842.1:5827196",27,48,21
"ATMIN","s1640_S_ADR_02_ASEReadCounter.table","NW_015090842.1:5827269",22,37,15
"ATMIN","s1640_S_ADR_02_ASEReadCounter.table","NW_015090842.1:5827315",12,22,10
"ATMIN","s1640_S_ADR_02_ASEReadCounter.table","NW_015090842.1:5827316",12,23,11
"ATMIN","s1640_S_ADR_02_ASEReadCounter.table","NW_015090842.1:5827333",11,21,10
"PPP1R3E","s1640_S_ADR_02_ASEReadCounter.table","NW_015090842.1:5837733",16,22,6
"PPP1R3E","s1640_S_ADR_02_ASEReadCounter.table","NW_015090842.1:5837947",9,13,4
"PKD1L2","s1640_S_ADR_02_ASEReadCounter.table","NW_015090842.1:5867788",2,2,0
"PKD1L2","s1640_S_ADR_02_ASEReadCounter.table","NW_015090842.1:5867843",1,1,0
"BCO1","s1640_S_ADR_02_ASEReadCounter.table","NW_015090842.1:5915610",2,3,1
"BCO1","s1640_S_ADR_02_ASEReadCounter.table","NW_015090842.1:5915646",0,2,2
"BCO1","s1640_S_ADR_02_ASEReadCounter.table","NW_015090842.1:5917836",0,1,1
"BCO1","s1640_S_ADR_02_ASEReadCounter.table","NW_015090842.1:5917912",18,28,10
"BCO1","s1640_S_ADR_02_ASEReadCounter.table","NW_015090842.1:5917941",26,39,13
"BCO1","s1640_S_ADR_02_ASEReadCounter.table","NW_015090842.1:5917971",32,49,17
"BCO1","s1640_S_ADR_02_ASEReadCounter.table","NW_015090842.1:5921679",33,44,11
"BCO1","s1640_S_ADR_02_ASEReadCounter.table","NW_015090842.1:5921726",34,48,14
"BCO1","s1640_S_ADR_02_ASEReadCounter.table","NW_015090842.1:5925669",17,35,18
"BCO1","s1640_S_ADR_02_ASEReadCounter.table","NW_015090842.1:5925753",21,44,23
"BCO1","s1640_S_ADR_02_ASEReadCounter.table","NW_015090842.1:5926937",17,27,10
"BCO1","s1640_S_ADR_02_ASEReadCounter.table","NW_015090842.1:5927921",20,31,11
"BCO1","s1640_S_ADR_02_ASEReadCounter.table","NW_015090842.1:5927948",18,28,10
"BCO1","s1640_S_ADR_02_ASEReadCounter.table","NW_015090842.1:5927968",19,32,13
"BCO1","s1640_S_ADR_02_ASEReadCounter.table","NW_015090842.1:5928052",15,29,14
"BCO1","s1640_S_ADR_02_ASEReadCounter.table","NW_015090842.1:5932726",37,59,22
"BCO1","s1640_S_ADR_02_ASEReadCounter.table","NW_015090842.1:5932801",32,45,13
"BCO1","s1640_S_ADR_02_ASEReadCounter.table","NW_015090842.1:5934558",40,52,12
"BCO1","s1640_S_ADR_02_ASEReadCounter.table","NW_015090842.1:5934575",36,47,11
"BCO1","s1640_S_ADR_02_ASEReadCounter.table","NW_015090842.1:5934608",34,50,16
"BCO1","s1640_S_ADR_02_ASEReadCounter.table","NW_015090842.1:5934647",29,44,15
"BCO1","s1640_S_ADR_02_ASEReadCounter.table","NW_015090842.1:5934725",27,34,7
"BCO1","s1640_S_ADR_02_ASEReadCounter.table","NW_015090842.1:5934726",25,32,7
"BCO1","s1640_S_ADR_02_ASEReadCounter.table","NW_015090842.1:5934733",26,32,6
"BCO1","s1640_S_ADR_02_ASEReadCounter.table","NW_015090842.1:5934821",21,32,11
"BCO1","s1640_S_ADR_02_ASEReadCounter.table","NW_015090842.1:5934826",21,35,14
"BCO1","s1640_S_ADR_02_ASEReadCounter.table","NW_015090842.1:5934844",13,25,12
"BCO1","s1640_S_ADR_02_ASEReadCounter.table","NW_015090842.1:5934958",28,37,9
"BCO1","s1640_S_ADR_02_ASEReadCounter.table","NW_015090842.1:5934976",21,34,13
"GAN","s1640_S_ADR_02_ASEReadCounter.table","NW_015090842.1:5953759",3,8,5
"GAN","s1640_S_ADR_02_ASEReadCounter.table","NW_015090842.1:5957502",1,12,11
"GAN","s1640_S_ADR_02_ASEReadCounter.table","NW_015090842.1:5957578",5,15,10
"GAN","s1640_S_ADR_02_ASEReadCounter.table","NW_015090842.1:5965028",9,20,11
"GAN","s1640_S_ADR_02_ASEReadCounter.table","NW_015090842.1:5966047",6,16,10
"GAN","s1640_S_ADR_02_ASEReadCounter.table","NW_015090842.1:5966126",1,13,12
"GAN","s1640_S_ADR_02_ASEReadCounter.table","NW_015090842.1:5966127",1,12,11
"GAN","s1640_S_ADR_02_ASEReadCounter.table","NW_015090842.1:5966162",6,18,12
"GAN","s1640_S_ADR_02_ASEReadCounter.table","NW_015090842.1:5966483",9,14,5
"CMIP","s1640_S_ADR_02_ASEReadCounter.table","NW_015090842.1:6109159",8,18,10
"CMIP","s1640_S_ADR_02_ASEReadCounter.table","NW_015090842.1:6109166",10,20,10
"CMIP","s1640_S_ADR_02_ASEReadCounter.table","NW_015090842.1:6114641",11,20,9
"CMIP","s1640_S_ADR_02_ASEReadCounter.table","NW_015090842.1:6114751",8,19,11
"CMIP","s1640_S_ADR_02_ASEReadCounter.table","NW_015090842.1:6114824",5,13,8
"CMIP","s1640_S_ADR_02_ASEReadCounter.table","NW_015090842.1:6128998",11,21,10
"CMIP","s1640_S_ADR_02_ASEReadCounter.table","NW_015090842.1:6130562",16,32,16
"CMIP","s1640_S_ADR_02_ASEReadCounter.table","NW_015090842.1:6132522",13,19,6
"CMIP","s1640_S_ADR_02_ASEReadCounter.table","NW_015090842.1:6134088",9,17,8
"CMIP","s1640_S_ADR_02_ASEReadCounter.table","NW_015090842.1:6138265",6,22,16
"CMIP","s1640_S_ADR_02_ASEReadCounter.table","NW_015090842.1:6138300",10,29,19
"CMIP","s1640_S_ADR_02_ASEReadCounter.table","NW_015090842.1:6138342",18,35,17
"CMIP","s1640_S_ADR_02_ASEReadCounter.table","NW_015090842.1:6138343",18,37,19
"CMIP","s1640_S_ADR_02_ASEReadCounter.table","NW_015090842.1:6138345",18,36,18
"CMIP","s1640_S_ADR_02_ASEReadCounter.table","NW_015090842.1:6138647",9,16,7
"CMIP","s1640_S_ADR_02_ASEReadCounter.table","NW_015090842.1:6138745",25,35,10
"CMIP","s1640_S_ADR_02_ASEReadCounter.table","NW_015090842.1:6138832",3,11,8
"CMIP","s1640_S_ADR_02_ASEReadCounter.table","NW_015090842.1:6138967",7,20,13
"CMIP","s1640_S_ADR_02_ASEReadCounter.table","NW_015090842.1:6139131",0,4,4
"CMIP","s1640_S_ADR_02_ASEReadCounter.table","NW_015090842.1:6139163",0,5,5
"CMIP","s1640_S_ADR_02_ASEReadCounter.table","NW_015090842.1:6139360",3,5,2
"CMIP","s1640_S_ADR_02_ASEReadCounter.table","NW_015090842.1:6139572",3,4,1
"CMIP","s1640_S_ADR_02_ASEReadCounter.table","NW_015090842.1:6139773",5,13,8
"PLCG2","s1640_S_ADR_02_ASEReadCounter.table","NW_015090842.1:6179613",3,10,7
"PLCG2","s1640_S_ADR_02_ASEReadCounter.table","NW_015090842.1:6179658",4,8,4
"PLCG2","s1640_S_ADR_02_ASEReadCounter.table","NW_015090842.1:6203766",5,19,14
"PLCG2","s1640_S_ADR_02_ASEReadCounter.table","NW_015090842.1:6203775",5,18,13
"PLCG2","s1640_S_ADR_02_ASEReadCounter.table","NW_015090842.1:6203787",4,17,13
"PLCG2","s1640_S_ADR_02_ASEReadCounter.table","NW_015090842.1:6205047",5,16,11
"PLCG2","s1640_S_ADR_02_ASEReadCounter.table","NW_015090842.1:6208541",10,24,14
"PLCG2","s1640_S_ADR_02_ASEReadCounter.table","NW_015090842.1:6209741",11,25,14
"PLCG2","s1640_S_ADR_02_ASEReadCounter.table","NW_015090842.1:6209798",10,25,15
"PLCG2","s1640_S_ADR_02_ASEReadCounter.table","NW_015090842.1:6209816",8,18,10
"PLCG2","s1640_S_ADR_02_ASEReadCounter.table","NW_015090842.1:6217547",12,35,23
"PLCG2","s1640_S_ADR_02_ASEReadCounter.table","NW_015090842.1:6218641",7,30,23
"PLCG2","s1640_S_ADR_02_ASEReadCounter.table","NW_015090842.1:6220552",7,26,19
"PLCG2","s1640_S_ADR_02_ASEReadCounter.table","NW_015090842.1:6221969",12,29,17
"PLCG2","s1640_S_ADR_02_ASEReadCounter.table","NW_015090842.1:6228672",7,27,20
"PLCG2","s1640_S_ADR_02_ASEReadCounter.table","NW_015090842.1:6228694",7,25,18
"PLCG2","s1640_S_ADR_02_ASEReadCounter.table","NW_015090842.1:6228722",5,28,23
"PLCG2","s1640_S_ADR_02_ASEReadCounter.table","NW_015090842.1:6228747",2,27,25
"PLCG2","s1640_S_ADR_02_ASEReadCounter.table","NW_015090842.1:6228835",8,25,17
"PLCG2","s1640_S_ADR_02_ASEReadCounter.table","NW_015090842.1:6228841",10,27,17
"PLCG2","s1640_S_ADR_02_ASEReadCounter.table","NW_015090842.1:6228865",10,27,17
"PLCG2","s1640_S_ADR_02_ASEReadCounter.table","NW_015090842.1:6228917",10,26,16
"PLCG2","s1640_S_ADR_02_ASEReadCounter.table","NW_015090842.1:6228926",8,26,18
"PLCG2","s1640_S_ADR_02_ASEReadCounter.table","NW_015090842.1:6228954",4,17,13
"PLCG2","s1640_S_ADR_02_ASEReadCounter.table","NW_015090842.1:6229002",7,24,17
"PLCG2","s1640_S_ADR_02_ASEReadCounter.table","NW_015090842.1:6229006",7,23,16
"PLCG2","s1640_S_ADR_02_ASEReadCounter.table","NW_015090842.1:6229081",9,17,8
"PLCG2","s1640_S_ADR_02_ASEReadCounter.table","NW_015090842.1:6229097",5,9,4
"PLCG2","s1640_S_ADR_02_ASEReadCounter.table","NW_015090842.1:6229160",4,11,7
"PLCG2","s1640_S_ADR_02_ASEReadCounter.table","NW_015090842.1:6229213",5,13,8
"PLCG2","s1640_S_ADR_02_ASEReadCounter.table","NW_015090842.1:6229231",7,17,10
"PLCG2","s1640_S_ADR_02_ASEReadCounter.table","NW_015090842.1:6229663",8,17,9
"PLCG2","s1640_S_ADR_02_ASEReadCounter.table","NW_015090842.1:6229748",6,15,9
"PLCG2","s1640_S_ADR_02_ASEReadCounter.table","NW_015090842.1:6229892",5,10,5
"PLCG2","s1640_S_ADR_02_ASEReadCounter.table","NW_015090842.1:6230248",12,20,8
"PLCG2","s1640_S_ADR_02_ASEReadCounter.table","NW_015090842.1:6230255",12,21,9
"PLCG2","s1640_S_ADR_02_ASEReadCounter.table","NW_015090842.1:6230296",9,19,10
"PLCG2","s1640_S_ADR_02_ASEReadCounter.table","NW_015090842.1:6230349",13,22,9
"PLCG2","s1640_S_ADR_02_ASEReadCounter.table","NW_015090842.1:6230381",16,26,10
"PLCG2","s1640_S_ADR_02_ASEReadCounter.table","NW_015090842.1:6230408",15,23,8
"PLCG2","s1640_S_ADR_02_ASEReadCounter.table","NW_015090842.1:6230439",10,18,8
"PLCG2","s1640_S_ADR_02_ASEReadCounter.table","NW_015090842.1:6230757",2,8,6
"PLCG2","s1640_S_ADR_02_ASEReadCounter.table","NW_015090842.1:6230758",2,8,6
"PLCG2","s1640_S_ADR_02_ASEReadCounter.table","NW_015090842.1:6230898",12,15,3
"PLCG2","s1640_S_ADR_02_ASEReadCounter.table","NW_015090842.1:6230976",9,16,7
"PLCG2","s1640_S_ADR_02_ASEReadCounter.table","NW_015090842.1:6231078",11,21,10
"PLCG2","s1640_S_ADR_02_ASEReadCounter.table","NW_015090842.1:6231138",13,26,13
"PLCG2","s1640_S_ADR_02_ASEReadCounter.table","NW_015090842.1:6231177",13,20,7
"PLCG2","s1640_S_ADR_02_ASEReadCounter.table","NW_015090842.1:6231263",11,18,7
"PLCG2","s1640_S_ADR_02_ASEReadCounter.table","NW_015090842.1:6231309",5,10,5
"SDR42E1","s1640_S_ADR_02_ASEReadCounter.table","NW_015090842.1:6235348",1,4,3
"SDR42E1","s1640_S_ADR_02_ASEReadCounter.table","NW_015090842.1:6235355",1,4,3
"SDR42E1","s1640_S_ADR_02_ASEReadCounter.table","NW_015090842.1:6235417",3,9,6
"SDR42E1","s1640_S_ADR_02_ASEReadCounter.table","NW_015090842.1:6235526",16,16,0
"SDR42E1","s1640_S_ADR_02_ASEReadCounter.table","NW_015090842.1:6235558",6,13,7
"SDR42E1","s1640_S_ADR_02_ASEReadCounter.table","NW_015090842.1:6235603",16,16,0
"SDR42E1","s1640_S_ADR_02_ASEReadCounter.table","NW_015090842.1:6235741",11,21,10
"SDR42E1","s1640_S_ADR_02_ASEReadCounter.table","NW_015090842.1:6235777",7,20,13
"SDR42E1","s1640_S_ADR_02_ASEReadCounter.table","NW_015090842.1:6235806",8,26,18
"SDR42E1","s1640_S_ADR_02_ASEReadCounter.table","NW_015090842.1:6235809",8,26,18
"SDR42E1","s1640_S_ADR_02_ASEReadCounter.table","NW_015090842.1:6235816",8,27,19
"SDR42E1","s1640_S_ADR_02_ASEReadCounter.table","NW_015090842.1:6235914",6,15,9
"SDR42E1","s1640_S_ADR_02_ASEReadCounter.table","NW_015090842.1:6235935",4,13,9
"SDR42E1","s1640_S_ADR_02_ASEReadCounter.table","NW_015090842.1:6235957",4,14,10
"SDR42E1","s1640_S_ADR_02_ASEReadCounter.table","NW_015090842.1:6236040",4,14,10
"SDR42E1","s1640_S_ADR_02_ASEReadCounter.table","NW_015090842.1:6236260",2,18,16
"SDR42E1","s1640_S_ADR_02_ASEReadCounter.table","NW_015090842.1:6236281",2,17,15
"SDR42E1","s1640_S_ADR_02_ASEReadCounter.table","NW_015090842.1:6236305",1,17,16
"SDR42E1","s1640_S_ADR_02_ASEReadCounter.table","NW_015090842.1:6236458",3,14,11
"SDR42E1","s1640_S_ADR_02_ASEReadCounter.table","NW_015090842.1:6236476",3,15,12
"SDR42E1","s1640_S_ADR_02_ASEReadCounter.table","NW_015090842.1:6236608",3,13,10
"SDR42E1","s1640_S_ADR_02_ASEReadCounter.table","NW_015090842.1:6238244",5,9,4
"SDR42E1","s1640_S_ADR_02_ASEReadCounter.table","NW_015090842.1:6238829",1,3,2
"HSD17B2","s1640_S_ADR_02_ASEReadCounter.table","NW_015090842.1:6257670",0,1,1
"HSD17B2","s1640_S_ADR_02_ASEReadCounter.table","NW_015090842.1:6257684",0,1,1
"HSD17B2","s1640_S_ADR_02_ASEReadCounter.table","NW_015090842.1:6257829",0,1,1
"HSD17B2","s1640_S_ADR_02_ASEReadCounter.table","NW_015090842.1:6266125",0,1,1
"HSD17B2","s1640_S_ADR_02_ASEReadCounter.table","NW_015090842.1:6266135",0,1,1
"HSD17B2","s1640_S_ADR_02_ASEReadCounter.table","NW_015090842.1:6266795",0,1,1
"HSD17B2","s1640_S_ADR_02_ASEReadCounter.table","NW_015090842.1:6266918",0,2,2
"HSD17B2","s1640_S_ADR_02_ASEReadCounter.table","NW_015090842.1:6266944",0,2,2
"HSD17B2","s1640_S_ADR_02_ASEReadCounter.table","NW_015090842.1:6266997",0,2,2
"HSD17B2","s1640_S_ADR_02_ASEReadCounter.table","NW_015090842.1:6267053",0,1,1
"HSD17B2","s1640_S_ADR_02_ASEReadCounter.table","NW_015090842.1:6267358",0,3,3
"HSD17B2","s1640_S_ADR_02_ASEReadCounter.table","NW_015090842.1:6267913",0,1,1
"HSD17B2","s1640_S_ADR_02_ASEReadCounter.table","NW_015090842.1:6268098",0,2,2
"HSD17B2","s1640_S_ADR_02_ASEReadCounter.table","NW_015090842.1:6268180",1,1,0
"HSD17B2","s1640_S_ADR_02_ASEReadCounter.table","NW_015090842.1:6268203",0,1,1
"ARY2","s1640_S_ADR_02_ASEReadCounter.table","NW_015090842.1:6303922",12,33,21
"ARY2","s1640_S_ADR_02_ASEReadCounter.table","NW_015090842.1:6303954",19,61,42
"ARY2","s1640_S_ADR_02_ASEReadCounter.table","NW_015090842.1:6303979",20,69,49
"ARY2","s1640_S_ADR_02_ASEReadCounter.table","NW_015090842.1:6305848",23,83,60
"ARY2","s1640_S_ADR_02_ASEReadCounter.table","NW_015090842.1:6305856",23,81,58
"ARY2","s1640_S_ADR_02_ASEReadCounter.table","NW_015090842.1:6305857",23,78,55
"ARY2","s1640_S_ADR_02_ASEReadCounter.table","NW_015090842.1:6306017",19,72,53
"ARY2","s1640_S_ADR_02_ASEReadCounter.table","NW_015090842.1:6306052",18,62,44
"ARY2","s1640_S_ADR_02_ASEReadCounter.table","NW_015090842.1:6306094",27,65,38
"ARY2","s1640_S_ADR_02_ASEReadCounter.table","NW_015090842.1:6306100",27,67,40
"ARY2","s1640_S_ADR_02_ASEReadCounter.table","NW_015090842.1:6306146",26,62,36
"ARY2","s1640_S_ADR_02_ASEReadCounter.table","NW_015090842.1:6306147",24,60,36
"ARY2","s1640_S_ADR_02_ASEReadCounter.table","NW_015090842.1:6306390",24,59,35
"ARY2","s1640_S_ADR_02_ASEReadCounter.table","NW_015090842.1:6306567",14,44,30
"ARY2","s1640_S_ADR_02_ASEReadCounter.table","NW_015090842.1:6306705",22,55,33
"ARY2","s1640_S_ADR_02_ASEReadCounter.table","NW_015090842.1:6306713",55,55,0
"ARY2","s1640_S_ADR_02_ASEReadCounter.table","NW_015090842.1:6306773",20,63,43
"ARY2","s1640_S_ADR_02_ASEReadCounter.table","NW_015090842.1:6307039",19,45,26
"ARY2","s1640_S_ADR_02_ASEReadCounter.table","NW_015090842.1:6307043",17,47,30
"ARY2","s1640_S_ADR_02_ASEReadCounter.table","NW_015090842.1:6307093",23,49,26
"ARY2","s1640_S_ADR_02_ASEReadCounter.table","NW_015090842.1:6307138",20,49,29
"ARY2","s1640_S_ADR_02_ASEReadCounter.table","NW_015090842.1:6307157",22,47,25
"ARY2","s1640_S_ADR_02_ASEReadCounter.table","NW_015090842.1:6307187",24,54,30
"ARY2","s1640_S_ADR_02_ASEReadCounter.table","NW_015090842.1:6307278",17,39,22
"ARY2","s1640_S_ADR_02_ASEReadCounter.table","NW_015090842.1:6307305",23,48,25
"ARY2","s1640_S_ADR_02_ASEReadCounter.table","NW_015090842.1:6307318",21,50,29
"ARY2","s1640_S_ADR_02_ASEReadCounter.table","NW_015090842.1:6307429",17,50,33
"ARY2","s1640_S_ADR_02_ASEReadCounter.table","NW_015090842.1:6307487",18,60,42
"ARY2","s1640_S_ADR_02_ASEReadCounter.table","NW_015090842.1:6307670",9,26,17
"ARYL","s1640_S_ADR_02_ASEReadCounter.table","NW_015090842.1:6313360",1,3,2
"ARYL","s1640_S_ADR_02_ASEReadCounter.table","NW_015090842.1:6313377",1,2,1
"ARY1","s1640_S_ADR_02_ASEReadCounter.table","NW_015090842.1:6314296",1,1,0
"ARY1","s1640_S_ADR_02_ASEReadCounter.table","NW_015090842.1:6314541",3,3,0
"ARY1","s1640_S_ADR_02_ASEReadCounter.table","NW_015090842.1:6314597",1,1,0
"ARY1","s1640_S_ADR_02_ASEReadCounter.table","NW_015090842.1:6314750",1,1,0
"ARY1","s1640_S_ADR_02_ASEReadCounter.table","NW_015090842.1:6314794",0,1,1
"ARY1","s1640_S_ADR_02_ASEReadCounter.table","NW_015090842.1:6314827",0,1,1
"ARY1","s1640_S_ADR_02_ASEReadCounter.table","NW_015090842.1:6314943",3,3,0
"ARY1","s1640_S_ADR_02_ASEReadCounter.table","NW_015090842.1:6314949",3,3,0
"ARY1","s1640_S_ADR_02_ASEReadCounter.table","NW_015090842.1:6315022",0,1,1
"ARY1","s1640_S_ADR_02_ASEReadCounter.table","NW_015090842.1:6315026",0,1,1
"ARY1","s1640_S_ADR_02_ASEReadCounter.table","NW_015090842.1:6315043",0,1,1
"ARY1","s1640_S_ADR_02_ASEReadCounter.table","NW_015090842.1:6315065",0,2,2
"ARY1","s1640_S_ADR_02_ASEReadCounter.table","NW_015090842.1:6315409",2,5,3
"ARY1","s1640_S_ADR_02_ASEReadCounter.table","NW_015090842.1:6315479",1,6,5
"ARY1","s1640_S_ADR_02_ASEReadCounter.table","NW_015090842.1:6318342",2,3,1
"ARY1","s1640_S_ADR_02_ASEReadCounter.table","NW_015090842.1:6318427",4,4,0
"ARY1","s1640_S_ADR_02_ASEReadCounter.table","NW_015090842.1:6318603",2,3,1
"ARY1","s1640_S_ADR_02_ASEReadCounter.table","NW_015090842.1:6318708",2,3,1
"ARY1","s1640_S_ADR_02_ASEReadCounter.table","NW_015090842.1:6318858",3,4,1
"ARY1","s1640_S_ADR_02_ASEReadCounter.table","NW_015090842.1:6318952",3,3,0
"MPHOSPH6","s1640_S_ADR_02_ASEReadCounter.table","NW_015090842.1:6324063",32,64,32
"MPHOSPH6","s1640_S_ADR_02_ASEReadCounter.table","NW_015090842.1:6324174",44,102,58
"MPHOSPH6","s1640_S_ADR_02_ASEReadCounter.table","NW_015090842.1:6324270",67,147,80
"MPHOSPH6","s1640_S_ADR_02_ASEReadCounter.table","NW_015090842.1:6324762",86,184,98
"MPHOSPH6","s1640_S_ADR_02_ASEReadCounter.table","NW_015090842.1:6324772",80,164,84
"MPHOSPH6","s1640_S_ADR_02_ASEReadCounter.table","NW_015090842.1:6324780",83,165,82
"MPHOSPH6","s1640_S_ADR_02_ASEReadCounter.table","NW_015090842.1:6324902",101,194,93
"MPHOSPH6","s1640_S_ADR_02_ASEReadCounter.table","NW_015090842.1:6324910",193,193,0
"MPHOSPH6","s1640_S_ADR_02_ASEReadCounter.table","NW_015090842.1:6325066",100,204,104
"MPHOSPH6","s1640_S_ADR_02_ASEReadCounter.table","NW_015090842.1:6325089",114,220,106
"MPHOSPH6","s1640_S_ADR_02_ASEReadCounter.table","NW_015090842.1:6325298",135,261,126
"MPHOSPH6","s1640_S_ADR_02_ASEReadCounter.table","NW_015090842.1:6325877",116,239,123
"MPHOSPH6","s1640_S_ADR_02_ASEReadCounter.table","NW_015090842.1:6326976",80,169,89
"CDH13","s1640_S_ADR_02_ASEReadCounter.table","NW_015090842.1:6662283",21,39,18
"CDH13","s1640_S_ADR_02_ASEReadCounter.table","NW_015090842.1:6693665",18,36,18
"CDH13","s1640_S_ADR_02_ASEReadCounter.table","NW_015090842.1:6693697",19,33,14
"CDH13","s1640_S_ADR_02_ASEReadCounter.table","NW_015090842.1:6693712",20,33,13
"CDH13","s1640_S_ADR_02_ASEReadCounter.table","NW_015090842.1:6693723",18,29,11
"CDH13","s1640_S_ADR_02_ASEReadCounter.table","NW_015090842.1:6693738",18,27,9
"CDH13","s1640_S_ADR_02_ASEReadCounter.table","NW_015090842.1:6823730",21,41,20
"CDH13","s1640_S_ADR_02_ASEReadCounter.table","NW_015090842.1:6889713",25,42,17
"CDH13","s1640_S_ADR_02_ASEReadCounter.table","NW_015090842.1:6955167",27,44,17
"MLYCD","s1640_S_ADR_02_ASEReadCounter.table","NW_015090842.1:7150054",21,37,16
"MLYCD","s1640_S_ADR_02_ASEReadCounter.table","NW_015090842.1:7150131",29,67,38
"MLYCD","s1640_S_ADR_02_ASEReadCounter.table","NW_015090842.1:7150585",44,93,49
"MLYCD","s1640_S_ADR_02_ASEReadCounter.table","NW_015090842.1:7150686",34,69,35
"MLYCD","s1640_S_ADR_02_ASEReadCounter.table","NW_015090842.1:7150696",39,80,41
"MLYCD","s1640_S_ADR_02_ASEReadCounter.table","NW_015090842.1:7150698",80,80,0
"MLYCD","s1640_S_ADR_02_ASEReadCounter.table","NW_015090842.1:7150869",40,80,40
"MLYCD","s1640_S_ADR_02_ASEReadCounter.table","NW_015090842.1:7151100",47,97,50
"MLYCD","s1640_S_ADR_02_ASEReadCounter.table","NW_015090842.1:7151127",42,93,51
"MLYCD","s1640_S_ADR_02_ASEReadCounter.table","NW_015090842.1:7157538",33,75,42
"MLYCD","s1640_S_ADR_02_ASEReadCounter.table","NW_015090842.1:7167662",20,56,36
"MLYCD","s1640_S_ADR_02_ASEReadCounter.table","NW_015090842.1:7167675",20,53,33
"MLYCD","s1640_S_ADR_02_ASEReadCounter.table","NW_015090842.1:7167710",23,51,28
"MLYCD","s1640_S_ADR_02_ASEReadCounter.table","NW_015090842.1:7167781",19,35,16
"MLYCD","s1640_S_ADR_02_ASEReadCounter.table","NW_015090842.1:7167803",13,22,9
"MLYCD","s1640_S_ADR_02_ASEReadCounter.table","NW_015090842.1:7167812",11,18,7
"MLYCD","s1640_S_ADR_02_ASEReadCounter.table","NW_015090842.1:7167845",15,36,21
"MLYCD","s1640_S_ADR_02_ASEReadCounter.table","NW_015090842.1:7167862",15,37,22
"MLYCD","s1640_S_ADR_02_ASEReadCounter.table","NW_015090842.1:7167929",10,39,29
"MLYCD","s1640_S_ADR_02_ASEReadCounter.table","NW_015090842.1:7167995",9,21,12
"MLYCD","s1640_S_ADR_02_ASEReadCounter.table","NW_015090842.1:7168005",9,20,11
"MLYCD","s1640_S_ADR_02_ASEReadCounter.table","NW_015090842.1:7168037",14,29,15
"HSBP1","s1640_S_ADR_02_ASEReadCounter.table","NW_015090842.1:7245192",116,243,127
"HSBP1","s1640_S_ADR_02_ASEReadCounter.table","NW_015090842.1:7245226",134,287,153
"HSBP1","s1640_S_ADR_02_ASEReadCounter.table","NW_015090842.1:7245257",117,251,134
"HSBP1","s1640_S_ADR_02_ASEReadCounter.table","NW_015090842.1:7245296",119,259,140
"HSBP1","s1640_S_ADR_02_ASEReadCounter.table","NW_015090842.1:7245389",153,364,211
"HSBP1","s1640_S_ADR_02_ASEReadCounter.table","NW_015090842.1:7245400",160,346,186
"HSBP1","s1640_S_ADR_02_ASEReadCounter.table","NW_015090842.1:7245445",141,318,177
"HSBP1","s1640_S_ADR_02_ASEReadCounter.table","NW_015090842.1:7245495",138,297,159
"HSBP1","s1640_S_ADR_02_ASEReadCounter.table","NW_015090842.1:7245515",163,344,181
"HSBP1","s1640_S_ADR_02_ASEReadCounter.table","NW_015090842.1:7245733",127,262,135
"HSBP1","s1640_S_ADR_02_ASEReadCounter.table","NW_015090842.1:7245771",159,276,117
"HSBP1","s1640_S_ADR_02_ASEReadCounter.table","NW_015090842.1:7245813",128,246,118
"HSBP1","s1640_S_ADR_02_ASEReadCounter.table","NW_015090842.1:7245926",159,308,149
"HSBP1","s1640_S_ADR_02_ASEReadCounter.table","NW_015090842.1:7245927",160,312,152
"HSBP1","s1640_S_ADR_02_ASEReadCounter.table","NW_015090842.1:7245933",153,294,141
"HSBP1","s1640_S_ADR_02_ASEReadCounter.table","NW_015090842.1:7246002",120,269,149
"HSBP1","s1640_S_ADR_02_ASEReadCounter.table","NW_015090842.1:7246094",155,322,167
"HSBP1","s1640_S_ADR_02_ASEReadCounter.table","NW_015090842.1:7246167",166,333,167
"HSBP1","s1640_S_ADR_02_ASEReadCounter.table","NW_015090842.1:7246183",150,305,155
"HSBP1","s1640_S_ADR_02_ASEReadCounter.table","NW_015090842.1:7247285",32,41,9
"HSBP1","s1640_S_ADR_02_ASEReadCounter.table","NW_015090842.1:7247651",306,642,336
"HSBP1","s1640_S_ADR_02_ASEReadCounter.table","NW_015090842.1:7247657",320,679,359
"HSBP1","s1640_S_ADR_02_ASEReadCounter.table","NW_015090842.1:7248520",234,479,245
"HSBP1","s1640_S_ADR_02_ASEReadCounter.table","NW_015090842.1:7248535",207,401,194
"KCNG4","s1640_S_ADR_02_ASEReadCounter.table","NW_015090842.1:7282481",3,3,0
"KCNG4","s1640_S_ADR_02_ASEReadCounter.table","NW_015090842.1:7282500",3,3,0
"KCNG4","s1640_S_ADR_02_ASEReadCounter.table","NW_015090842.1:7282542",3,3,0
"KCNG4","s1640_S_ADR_02_ASEReadCounter.table","NW_015090842.1:7282579",1,2,1
"KCNG4","s1640_S_ADR_02_ASEReadCounter.table","NW_015090842.1:7282630",2,3,1
"KCNG4","s1640_S_ADR_02_ASEReadCounter.table","NW_015090842.1:7282760",2,3,1
"KCNG4","s1640_S_ADR_02_ASEReadCounter.table","NW_015090842.1:7283056",1,1,0
"KCNG4","s1640_S_ADR_02_ASEReadCounter.table","NW_015090842.1:7283245",1,3,2
"KCNG4","s1640_S_ADR_02_ASEReadCounter.table","NW_015090842.1:7299491",0,1,1
"KCNG4","s1640_S_ADR_02_ASEReadCounter.table","NW_015090842.1:7301413",1,1,0
"WFDC1","s1640_S_ADR_02_ASEReadCounter.table","NW_015090842.1:7366517",19,35,16
"ATP2C2","s1640_S_ADR_02_ASEReadCounter.table","NW_015090842.1:7413747",3,11,8
"TLDC1","s1640_S_ADR_02_ASEReadCounter.table","NW_015090842.1:7421997",51,124,73
"COTL1","s1640_S_ADR_02_ASEReadCounter.table","NW_015090842.1:7490707",244,390,146
"COTL1","s1640_S_ADR_02_ASEReadCounter.table","NW_015090842.1:7490708",245,391,146
"COTL1","s1640_S_ADR_02_ASEReadCounter.table","NW_015090842.1:7490711",250,397,147
"COTL1","s1640_S_ADR_02_ASEReadCounter.table","NW_015090842.1:7490739",234,385,151
"COTL1","s1640_S_ADR_02_ASEReadCounter.table","NW_015090842.1:7490785",230,384,154
"COTL1","s1640_S_ADR_02_ASEReadCounter.table","NW_015090842.1:7490820",29,229,200
"COTL1","s1640_S_ADR_02_ASEReadCounter.table","NW_015090842.1:7490846",395,395,0
"COTL1","s1640_S_ADR_02_ASEReadCounter.table","NW_015090842.1:7505571",0,1,1
"KLHL36","s1640_S_ADR_02_ASEReadCounter.table","NW_015090842.1:7526337",16,36,20
"KLHL36","s1640_S_ADR_02_ASEReadCounter.table","NW_015090842.1:7537681",42,42,0
"USP10","s1640_S_ADR_02_ASEReadCounter.table","NW_015090842.1:7572213",62,139,77
"USP10","s1640_S_ADR_02_ASEReadCounter.table","NW_015090842.1:7572358",85,85,0
"CRISPLD2","s1640_S_ADR_02_ASEReadCounter.table","NW_015090842.1:7619796",32,78,46
"CRISPLD2","s1640_S_ADR_02_ASEReadCounter.table","NW_015090842.1:7630779",84,84,0
"CRISPLD2","s1640_S_ADR_02_ASEReadCounter.table","NW_015090842.1:7633611",129,129,0
"CRISPLD2","s1640_S_ADR_02_ASEReadCounter.table","NW_015090842.1:7633787",48,120,72
"CRISPLD2","s1640_S_ADR_02_ASEReadCounter.table","NW_015090842.1:7634023",41,94,53
"CRISPLD2","s1640_S_ADR_02_ASEReadCounter.table","NW_015090842.1:7634620",134,134,0
"CRISPLD2","s1640_S_ADR_02_ASEReadCounter.table","NW_015090842.1:7636315",10,16,6
"LOC106888312","s1640_S_ADR_02_ASEReadCounter.table","NW_015090842.1:7732198",2,2,0
"MTHFSD","s1640_S_ADR_02_ASEReadCounter.table","NW_015090842.1:8152578",11,26,15
"DUSP15","s1640_S_ADR_02_ASEReadCounter.table","NW_015090842.1:8422840",1,4,3
"DUSP15","s1640_S_ADR_02_ASEReadCounter.table","NW_015090842.1:8427711",0,1,1
"DUSP15","s1640_S_ADR_02_ASEReadCounter.table","NW_015090842.1:8431988",0,3,3
"EMC8","s1640_S_ADR_02_ASEReadCounter.table","NW_015090842.1:8452385",11,21,10
"GINS2","s1640_S_ADR_02_ASEReadCounter.table","NW_015090842.1:8467469",31,31,0
"GINS2","s1640_S_ADR_02_ASEReadCounter.table","NW_015090842.1:8470290",25,52,27
"GINS2","s1640_S_ADR_02_ASEReadCounter.table","NW_015090842.1:8470305",23,50,27
"GINS2","s1640_S_ADR_02_ASEReadCounter.table","NW_015090842.1:8470376",23,45,22
"GINS2","s1640_S_ADR_02_ASEReadCounter.table","NW_015090842.1:8471057",0,7,7
"GSE1","s1640_S_ADR_02_ASEReadCounter.table","NW_015090842.1:8483570",6,6,0
"KIAA0513","s1640_S_ADR_02_ASEReadCounter.table","NW_015090842.1:8674736",236,236,0
"KIAA0513","s1640_S_ADR_02_ASEReadCounter.table","NW_015090842.1:8687268",0,2,2
"KIAA0513","s1640_S_ADR_02_ASEReadCounter.table","NW_015090842.1:8693655",56,56,0
"ZCCHC14","s1640_S_ADR_02_ASEReadCounter.table","NW_015090842.1:8750189",41,41,0
"JPH3","s1640_S_ADR_02_ASEReadCounter.table","NW_015090842.1:8872294",14,25,11
"KLHDC4","s1640_S_ADR_02_ASEReadCounter.table","NW_015090842.1:8891175",112,112,0
"KLHDC4","s1640_S_ADR_02_ASEReadCounter.table","NW_015090842.1:8905251",41,80,39
"KLHDC4","s1640_S_ADR_02_ASEReadCounter.table","NW_015090842.1:8919630",6,19,13
"SLC7A5","s1640_S_ADR_02_ASEReadCounter.table","NW_015090842.1:8940382",96,96,0
"SLC7A5","s1640_S_ADR_02_ASEReadCounter.table","NW_015090842.1:8941818",79,79,0
"SLC7A5","s1640_S_ADR_02_ASEReadCounter.table","NW_015090842.1:8944655",66,66,0
"CA5A","s1640_S_ADR_02_ASEReadCounter.table","NW_015090842.1:8989479",63,129,66
"CA5A","s1640_S_ADR_02_ASEReadCounter.table","NW_015090842.1:8989562",84,156,72
"CA5A","s1640_S_ADR_02_ASEReadCounter.table","NW_015090842.1:8989609",105,195,90
"CA5A","s1640_S_ADR_02_ASEReadCounter.table","NW_015090842.1:8989693",85,182,97
"CA5A","s1640_S_ADR_02_ASEReadCounter.table","NW_015090842.1:8989702",93,179,86
"CA5A","s1640_S_ADR_02_ASEReadCounter.table","NW_015090842.1:8989746",102,210,108
"CA5A","s1640_S_ADR_02_ASEReadCounter.table","NW_015090842.1:8989880",88,197,109
"CA5A","s1640_S_ADR_02_ASEReadCounter.table","NW_015090842.1:8989885",94,203,109
"CA5A","s1640_S_ADR_02_ASEReadCounter.table","NW_015090842.1:8989929",94,200,106
"CA5A","s1640_S_ADR_02_ASEReadCounter.table","NW_015090842.1:8990002",77,169,92
"CA5A","s1640_S_ADR_02_ASEReadCounter.table","NW_015090842.1:8990004",76,170,94
"CA5A","s1640_S_ADR_02_ASEReadCounter.table","NW_015090842.1:8990005",77,168,91
"CA5A","s1640_S_ADR_02_ASEReadCounter.table","NW_015090842.1:8990017",80,162,82
"CA5A","s1640_S_ADR_02_ASEReadCounter.table","NW_015090842.1:8990043",70,137,67
"CA5A","s1640_S_ADR_02_ASEReadCounter.table","NW_015090842.1:8990080",74,159,85
"CA5A","s1640_S_ADR_02_ASEReadCounter.table","NW_015090842.1:8990084",73,155,82
"CA5A","s1640_S_ADR_02_ASEReadCounter.table","NW_015090842.1:8990090",76,163,87
"CA5A","s1640_S_ADR_02_ASEReadCounter.table","NW_015090842.1:8990095",77,166,89
"CA5A","s1640_S_ADR_02_ASEReadCounter.table","NW_015090842.1:8990111",58,143,85
"CA5A","s1640_S_ADR_02_ASEReadCounter.table","NW_015090842.1:8990112",58,142,84
"CA5A","s1640_S_ADR_02_ASEReadCounter.table","NW_015090842.1:8990115",64,148,84
"CA5A","s1640_S_ADR_02_ASEReadCounter.table","NW_015090842.1:8990166",67,137,70
"CA5A","s1640_S_ADR_02_ASEReadCounter.table","NW_015090842.1:8990169",70,142,72
"CA5A","s1640_S_ADR_02_ASEReadCounter.table","NW_015090842.1:8990222",66,140,74
"CA5A","s1640_S_ADR_02_ASEReadCounter.table","NW_015090842.1:8990289",82,159,77
"CA5A","s1640_S_ADR_02_ASEReadCounter.table","NW_015090842.1:8990314",78,158,80
"CA5A","s1640_S_ADR_02_ASEReadCounter.table","NW_015090842.1:8990361",65,142,77
"CA5A","s1640_S_ADR_02_ASEReadCounter.table","NW_015090842.1:8990368",61,138,77
"CA5A","s1640_S_ADR_02_ASEReadCounter.table","NW_015090842.1:8990429",76,149,73
"CA5A","s1640_S_ADR_02_ASEReadCounter.table","NW_015090842.1:8990466",69,134,65
"CA5A","s1640_S_ADR_02_ASEReadCounter.table","NW_015090842.1:8990663",75,130,55
"CA5A","s1640_S_ADR_02_ASEReadCounter.table","NW_015090842.1:8990797",67,126,59
"CA5A","s1640_S_ADR_02_ASEReadCounter.table","NW_015090842.1:8990836",69,127,58
"CA5A","s1640_S_ADR_02_ASEReadCounter.table","NW_015090842.1:8990842",69,128,59
"CA5A","s1640_S_ADR_02_ASEReadCounter.table","NW_015090842.1:8990851",72,130,58
"CA5A","s1640_S_ADR_02_ASEReadCounter.table","NW_015090842.1:8990918",68,142,74
"CA5A","s1640_S_ADR_02_ASEReadCounter.table","NW_015090842.1:8990921",63,136,73
"CA5A","s1640_S_ADR_02_ASEReadCounter.table","NW_015090842.1:8990942",71,142,71
"CA5A","s1640_S_ADR_02_ASEReadCounter.table","NW_015090842.1:8991001",68,146,78
"CA5A","s1640_S_ADR_02_ASEReadCounter.table","NW_015090842.1:8991038",68,136,68
"CA5A","s1640_S_ADR_02_ASEReadCounter.table","NW_015090842.1:8991149",72,127,55
"CA5A","s1640_S_ADR_02_ASEReadCounter.table","NW_015090842.1:8991176",79,131,52
"CA5A","s1640_S_ADR_02_ASEReadCounter.table","NW_015090842.1:8991241",75,139,64
"CA5A","s1640_S_ADR_02_ASEReadCounter.table","NW_015090842.1:8991262",71,130,59
"CA5A","s1640_S_ADR_02_ASEReadCounter.table","NW_015090842.1:8991316",68,75,7
"CA5A","s1640_S_ADR_02_ASEReadCounter.table","NW_015090842.1:8991319",68,75,7
"CA5A","s1640_S_ADR_02_ASEReadCounter.table","NW_015090842.1:8991330",73,75,2
"CA5A","s1640_S_ADR_02_ASEReadCounter.table","NW_015090842.1:8991334",66,71,5
"CA5A","s1640_S_ADR_02_ASEReadCounter.table","NW_015090842.1:8991362",74,109,35
"CA5A","s1640_S_ADR_02_ASEReadCounter.table","NW_015090842.1:8991368",81,118,37
"CA5A","s1640_S_ADR_02_ASEReadCounter.table","NW_015090842.1:8991390",88,131,43
"CA5A","s1640_S_ADR_02_ASEReadCounter.table","NW_015090842.1:8991395",89,138,49
"CA5A","s1640_S_ADR_02_ASEReadCounter.table","NW_015090842.1:8991422",83,142,59
"CA5A","s1640_S_ADR_02_ASEReadCounter.table","NW_015090842.1:8991467",66,120,54
"CA5A","s1640_S_ADR_02_ASEReadCounter.table","NW_015090842.1:8991576",51,104,53
"CA5A","s1640_S_ADR_02_ASEReadCounter.table","NW_015090842.1:8991587",53,110,57
"CA5A","s1640_S_ADR_02_ASEReadCounter.table","NW_015090842.1:8991655",64,132,68
"CA5A","s1640_S_ADR_02_ASEReadCounter.table","NW_015090842.1:8991717",53,129,76
"CA5A","s1640_S_ADR_02_ASEReadCounter.table","NW_015090842.1:8991726",56,137,81
"CA5A","s1640_S_ADR_02_ASEReadCounter.table","NW_015090842.1:8991799",54,135,81
"CA5A","s1640_S_ADR_02_ASEReadCounter.table","NW_015090842.1:8991809",48,124,76
"CA5A","s1640_S_ADR_02_ASEReadCounter.table","NW_015090842.1:8991848",47,108,61
"CA5A","s1640_S_ADR_02_ASEReadCounter.table","NW_015090842.1:8991849",47,109,62
"CA5A","s1640_S_ADR_02_ASEReadCounter.table","NW_015090842.1:8991927",73,139,66
"CA5A","s1640_S_ADR_02_ASEReadCounter.table","NW_015090842.1:8991941",76,134,58
"CA5A","s1640_S_ADR_02_ASEReadCounter.table","NW_015090842.1:8992121",36,107,71
"CA5A","s1640_S_ADR_02_ASEReadCounter.table","NW_015090842.1:8992224",54,111,57
"CA5A","s1640_S_ADR_02_ASEReadCounter.table","NW_015090842.1:9002570",38,79,41
"CA5A","s1640_S_ADR_02_ASEReadCounter.table","NW_015090842.1:9002600",31,69,38
"CA5A","s1640_S_ADR_02_ASEReadCounter.table","NW_015090842.1:9004312",22,56,34
"CA5A","s1640_S_ADR_02_ASEReadCounter.table","NW_015090842.1:9004620",2,2,0
"CA5A","s1640_S_ADR_02_ASEReadCounter.table","NW_015090842.1:9005116",2,3,1
"CA5A","s1640_S_ADR_02_ASEReadCounter.table","NW_015090842.1:9005120",1,2,1
"CA5A","s1640_S_ADR_02_ASEReadCounter.table","NW_015090842.1:9005140",3,4,1
"CA5A","s1640_S_ADR_02_ASEReadCounter.table","NW_015090842.1:9005152",2,3,1
"BANP","s1640_S_ADR_02_ASEReadCounter.table","NW_015090842.1:9033407",14,28,14
"BANP","s1640_S_ADR_02_ASEReadCounter.table","NW_015090842.1:9033409",13,28,15
"BANP","s1640_S_ADR_02_ASEReadCounter.table","NW_015090842.1:9033420",14,29,15
"BANP","s1640_S_ADR_02_ASEReadCounter.table","NW_015090842.1:9055284",9,19,10
"CIDEC","s1640_S_ADR_02_ASEReadCounter.table","NW_015090842.1:9481199",3,4,1
"ZC3H18","s1640_S_ADR_02_ASEReadCounter.table","NW_015090842.1:9528933",19,42,23
"MVD","s1640_S_ADR_02_ASEReadCounter.table","NW_015090842.1:9550690",635,635,0
"MVD","s1640_S_ADR_02_ASEReadCounter.table","NW_015090842.1:9550691",638,638,0
"MVD","s1640_S_ADR_02_ASEReadCounter.table","NW_015090842.1:9550699",738,739,1
"MVD","s1640_S_ADR_02_ASEReadCounter.table","NW_015090842.1:9550701",737,737,0
"MVD","s1640_S_ADR_02_ASEReadCounter.table","NW_015090842.1:9552202",1245,1246,1
"MVD","s1640_S_ADR_02_ASEReadCounter.table","NW_015090842.1:9552223",1215,1216,1
"MVD","s1640_S_ADR_02_ASEReadCounter.table","NW_015090842.1:9552533",1086,1087,1
"MVD","s1640_S_ADR_02_ASEReadCounter.table","NW_015090842.1:9552644",436,943,507
"PIEZO1","s1640_S_ADR_02_ASEReadCounter.table","NW_015090842.1:9577447",13,21,8
"PIEZO1","s1640_S_ADR_02_ASEReadCounter.table","NW_015090842.1:9579101",13,30,17
"PIEZO1","s1640_S_ADR_02_ASEReadCounter.table","NW_015090842.1:9582630",7,16,9
"PIEZO1","s1640_S_ADR_02_ASEReadCounter.table","NW_015090842.1:9582976",9,16,7
"PIEZO1","s1640_S_ADR_02_ASEReadCounter.table","NW_015090842.1:9583326",20,20,0
"CDT1","s1640_S_ADR_02_ASEReadCounter.table","NW_015090842.1:9596711",4,12,8
"CDT1","s1640_S_ADR_02_ASEReadCounter.table","NW_015090842.1:9597033",20,20,0
"CDT1","s1640_S_ADR_02_ASEReadCounter.table","NW_015090842.1:9597756",9,26,17
"CDT1","s1640_S_ADR_02_ASEReadCounter.table","NW_015090842.1:9598873",26,26,0
"ACSF3","s1640_S_ADR_02_ASEReadCounter.table","NW_015090842.1:9776737",23,32,9
"ACSF3","s1640_S_ADR_02_ASEReadCounter.table","NW_015090842.1:9809639",80,80,0
"ACSF3","s1640_S_ADR_02_ASEReadCounter.table","NW_015090842.1:9834743",52,82,30
"ACSF3","s1640_S_ADR_02_ASEReadCounter.table","NW_015090842.1:9834762",82,82,0
"ACSF3","s1640_S_ADR_02_ASEReadCounter.table","NW_015090842.1:9834852",57,93,36
"ACSF3","s1640_S_ADR_02_ASEReadCounter.table","NW_015090842.1:9834861",52,91,39
"ACSF3","s1640_S_ADR_02_ASEReadCounter.table","NW_015090842.1:9839359",24,55,31
"ACSF3","s1640_S_ADR_02_ASEReadCounter.table","NW_015090842.1:9839378",24,58,34
"ACSF3","s1640_S_ADR_02_ASEReadCounter.table","NW_015090842.1:9839455",26,51,25
"ACSF3","s1640_S_ADR_02_ASEReadCounter.table","NW_015090842.1:9839457",26,50,24
"ACSF3","s1640_S_ADR_02_ASEReadCounter.table","NW_015090842.1:9839489",20,38,18
"ACSF3","s1640_S_ADR_02_ASEReadCounter.table","NW_015090842.1:9839500",18,34,16
"ACSF3","s1640_S_ADR_02_ASEReadCounter.table","NW_015090842.1:9839501",18,34,16
"ACSF3","s1640_S_ADR_02_ASEReadCounter.table","NW_015090842.1:9839504",24,40,16
"ACSF3","s1640_S_ADR_02_ASEReadCounter.table","NW_015090842.1:9839512",21,31,10
"ACSF3","s1640_S_ADR_02_ASEReadCounter.table","NW_015090842.1:9839527",17,26,9
"ACSF3","s1640_S_ADR_02_ASEReadCounter.table","NW_015090842.1:9839533",12,19,7
"ACSF3","s1640_S_ADR_02_ASEReadCounter.table","NW_015090842.1:9839535",12,19,7
"ACSF3","s1640_S_ADR_02_ASEReadCounter.table","NW_015090842.1:9839545",9,15,6
"ACSF3","s1640_S_ADR_02_ASEReadCounter.table","NW_015090842.1:9839550",7,12,5
"ACSF3","s1640_S_ADR_02_ASEReadCounter.table","NW_015090842.1:9839551",7,12,5
"CDH15","s1640_S_ADR_02_ASEReadCounter.table","NW_015090842.1:9847163",0,2,2
"CDH15","s1640_S_ADR_02_ASEReadCounter.table","NW_015090842.1:9847174",0,2,2
"CDH15","s1640_S_ADR_02_ASEReadCounter.table","NW_015090842.1:9848220",1,2,1
"CDH15","s1640_S_ADR_02_ASEReadCounter.table","NW_015090842.1:9848265",0,1,1
"CDH15","s1640_S_ADR_02_ASEReadCounter.table","NW_015090842.1:9848531",0,3,3
"CDH15","s1640_S_ADR_02_ASEReadCounter.table","NW_015090842.1:9848552",0,3,3
"CDH15","s1640_S_ADR_02_ASEReadCounter.table","NW_015090842.1:9848888",0,1,1
"CDH15","s1640_S_ADR_02_ASEReadCounter.table","NW_015090842.1:9849473",1,1,0
"CDH15","s1640_S_ADR_02_ASEReadCounter.table","NW_015090842.1:9850432",0,1,1
"CDH15","s1640_S_ADR_02_ASEReadCounter.table","NW_015090842.1:9850609",0,1,1
"SLC22A31","s1640_S_ADR_02_ASEReadCounter.table","NW_015090842.1:9850929",0,1,1
"SLC22A31","s1640_S_ADR_02_ASEReadCounter.table","NW_015090842.1:9850936",0,1,1
"SLC22A31","s1640_S_ADR_02_ASEReadCounter.table","NW_015090842.1:9850940",0,1,1
"SLC22A31","s1640_S_ADR_02_ASEReadCounter.table","NW_015090842.1:9850948",0,1,1
"SLC22A31","s1640_S_ADR_02_ASEReadCounter.table","NW_015090842.1:9850961",0,1,1
"SLC22A31","s1640_S_ADR_02_ASEReadCounter.table","NW_015090842.1:9850970",0,1,1
"SLC22A31","s1640_S_ADR_02_ASEReadCounter.table","NW_015090842.1:9850978",0,1,1
"SLC22A31","s1640_S_ADR_02_ASEReadCounter.table","NW_015090842.1:9850981",0,1,1
"SLC22A31","s1640_S_ADR_02_ASEReadCounter.table","NW_015090842.1:9851130",21,26,5
"SLC22A31","s1640_S_ADR_02_ASEReadCounter.table","NW_015090842.1:9851139",22,27,5
"SLC22A31","s1640_S_ADR_02_ASEReadCounter.table","NW_015090842.1:9851265",36,52,16
"SLC22A31","s1640_S_ADR_02_ASEReadCounter.table","NW_015090842.1:9851302",41,54,13
"SLC22A31","s1640_S_ADR_02_ASEReadCounter.table","NW_015090842.1:9851303",41,54,13
"SLC22A31","s1640_S_ADR_02_ASEReadCounter.table","NW_015090842.1:9851305",41,54,13
"SLC22A31","s1640_S_ADR_02_ASEReadCounter.table","NW_015090842.1:9851343",36,48,12
"SLC22A31","s1640_S_ADR_02_ASEReadCounter.table","NW_015090842.1:9851344",39,50,11
"SLC22A31","s1640_S_ADR_02_ASEReadCounter.table","NW_015090842.1:9851381",35,50,15
"SLC22A31","s1640_S_ADR_02_ASEReadCounter.table","NW_015090842.1:9851421",38,59,21
"SLC22A31","s1640_S_ADR_02_ASEReadCounter.table","NW_015090842.1:9851526",53,70,17
"SLC22A31","s1640_S_ADR_02_ASEReadCounter.table","NW_015090842.1:9851589",63,86,23
"SLC22A31","s1640_S_ADR_02_ASEReadCounter.table","NW_015090842.1:9851712",58,88,30
"SLC22A31","s1640_S_ADR_02_ASEReadCounter.table","NW_015090842.1:9851899",55,78,23
"SLC22A31","s1640_S_ADR_02_ASEReadCounter.table","NW_015090842.1:9852139",63,82,19
"SLC22A31","s1640_S_ADR_02_ASEReadCounter.table","NW_015090842.1:9852380",65,88,23
"SLC22A31","s1640_S_ADR_02_ASEReadCounter.table","NW_015090842.1:9852431",40,58,18
"SLC22A31","s1640_S_ADR_02_ASEReadCounter.table","NW_015090842.1:9852630",60,88,28
"SLC22A31","s1640_S_ADR_02_ASEReadCounter.table","NW_015090842.1:9852711",32,47,15
"SLC22A31","s1640_S_ADR_02_ASEReadCounter.table","NW_015090842.1:9852742",26,45,19
"SLC22A31","s1640_S_ADR_02_ASEReadCounter.table","NW_015090842.1:9853099",22,38,16
"SLC22A31","s1640_S_ADR_02_ASEReadCounter.table","NW_015090842.1:9853102",22,39,17
"SLC22A31","s1640_S_ADR_02_ASEReadCounter.table","NW_015090842.1:9853421",19,22,3
"SLC22A31","s1640_S_ADR_02_ASEReadCounter.table","NW_015090842.1:9853457",31,33,2
"SLC22A31","s1640_S_ADR_02_ASEReadCounter.table","NW_015090842.1:9853502",24,25,1
"ANKRD11","s1640_S_ADR_02_ASEReadCounter.table","NW_015090842.1:9858863",9,14,5
"ANKRD11","s1640_S_ADR_02_ASEReadCounter.table","NW_015090842.1:9859101",94,180,86
"ANKRD11","s1640_S_ADR_02_ASEReadCounter.table","NW_015090842.1:9859352",80,199,119
"ANKRD11","s1640_S_ADR_02_ASEReadCounter.table","NW_015090842.1:9859381",25,113,88
"ANKRD11","s1640_S_ADR_02_ASEReadCounter.table","NW_015090842.1:9859527",29,69,40
"ANKRD11","s1640_S_ADR_02_ASEReadCounter.table","NW_015090842.1:9859529",29,71,42
"ANKRD11","s1640_S_ADR_02_ASEReadCounter.table","NW_015090842.1:9859679",97,173,76
"ANKRD11","s1640_S_ADR_02_ASEReadCounter.table","NW_015090842.1:9861097",78,146,68
"ANKRD11","s1640_S_ADR_02_ASEReadCounter.table","NW_015090842.1:9862571",47,85,38
"ANKRD11","s1640_S_ADR_02_ASEReadCounter.table","NW_015090842.1:9866071",0,46,46
"ANKRD11","s1640_S_ADR_02_ASEReadCounter.table","NW_015090842.1:9866200",0,49,49
"ANKRD11","s1640_S_ADR_02_ASEReadCounter.table","NW_015090842.1:9867391",31,53,22
"ANKRD11","s1640_S_ADR_02_ASEReadCounter.table","NW_015090842.1:9867472",35,72,37
"ANKRD11","s1640_S_ADR_02_ASEReadCounter.table","NW_015090842.1:9867559",31,84,53
"ANKRD11","s1640_S_ADR_02_ASEReadCounter.table","NW_015090842.1:9867934",42,90,48
"ANKRD11","s1640_S_ADR_02_ASEReadCounter.table","NW_015090842.1:9868093",43,94,51
"ANKRD11","s1640_S_ADR_02_ASEReadCounter.table","NW_015090842.1:9868222",42,88,46
"ANKRD11","s1640_S_ADR_02_ASEReadCounter.table","NW_015090842.1:9868327",46,95,49
"ANKRD11","s1640_S_ADR_02_ASEReadCounter.table","NW_015090842.1:9868414",54,123,69
"ANKRD11","s1640_S_ADR_02_ASEReadCounter.table","NW_015090842.1:9868441",51,108,57
"ANKRD11","s1640_S_ADR_02_ASEReadCounter.table","NW_015090842.1:9868444",53,112,59
"ANKRD11","s1640_S_ADR_02_ASEReadCounter.table","NW_015090842.1:9868519",62,122,60
"ANKRD11","s1640_S_ADR_02_ASEReadCounter.table","NW_015090842.1:9868609",64,134,70
"ANKRD11","s1640_S_ADR_02_ASEReadCounter.table","NW_015090842.1:9868666",73,140,67
"ANKRD11","s1640_S_ADR_02_ASEReadCounter.table","NW_015090842.1:9869431",47,99,52
"ANKRD11","s1640_S_ADR_02_ASEReadCounter.table","NW_015090842.1:9869578",73,137,64
"ANKRD11","s1640_S_ADR_02_ASEReadCounter.table","NW_015090842.1:9869734",93,175,82
"ANKRD11","s1640_S_ADR_02_ASEReadCounter.table","NW_015090842.1:9870070",70,133,63
"ANKRD11","s1640_S_ADR_02_ASEReadCounter.table","NW_015090842.1:9870349",74,131,57
"ANKRD11","s1640_S_ADR_02_ASEReadCounter.table","NW_015090842.1:9870604",80,150,70
"ANKRD11","s1640_S_ADR_02_ASEReadCounter.table","NW_015090842.1:9870613",89,164,75
"ANKRD11","s1640_S_ADR_02_ASEReadCounter.table","NW_015090842.1:9870685",107,197,90
"ANKRD11","s1640_S_ADR_02_ASEReadCounter.table","NW_015090842.1:9870847",74,144,70
"ANKRD11","s1640_S_ADR_02_ASEReadCounter.table","NW_015090842.1:9871103",66,127,61
"ANKRD11","s1640_S_ADR_02_ASEReadCounter.table","NW_015090842.1:9871165",79,166,87
"ANKRD11","s1640_S_ADR_02_ASEReadCounter.table","NW_015090842.1:9871820",37,73,36
"ANKRD11","s1640_S_ADR_02_ASEReadCounter.table","NW_015090842.1:9871994",77,77,0
"ANKRD11","s1640_S_ADR_02_ASEReadCounter.table","NW_015090842.1:9872118",35,76,41
"SPG7","s1640_S_ADR_02_ASEReadCounter.table","NW_015090842.1:10051190",167,318,151
"SPG7","s1640_S_ADR_02_ASEReadCounter.table","NW_015090842.1:10051218",165,341,176
"SPG7","s1640_S_ADR_02_ASEReadCounter.table","NW_015090842.1:10052348",169,357,188
"SPG7","s1640_S_ADR_02_ASEReadCounter.table","NW_015090842.1:10052366",170,356,186
"SPG7","s1640_S_ADR_02_ASEReadCounter.table","NW_015090842.1:10065173",180,341,161
"SPG7","s1640_S_ADR_02_ASEReadCounter.table","NW_015090842.1:10065215",166,315,149
"SPG7","s1640_S_ADR_02_ASEReadCounter.table","NW_015090842.1:10066301",120,240,120
"SPG7","s1640_S_ADR_02_ASEReadCounter.table","NW_015090842.1:10066365",132,279,147
"SPG7","s1640_S_ADR_02_ASEReadCounter.table","NW_015090842.1:10069752",188,358,170
"SPG7","s1640_S_ADR_02_ASEReadCounter.table","NW_015090842.1:10069800",195,366,171
"SPG7","s1640_S_ADR_02_ASEReadCounter.table","NW_015090842.1:10071192",200,389,189
"SPG7","s1640_S_ADR_02_ASEReadCounter.table","NW_015090842.1:10071204",190,370,180
"SPG7","s1640_S_ADR_02_ASEReadCounter.table","NW_015090842.1:10071219",189,360,171
"SPG7","s1640_S_ADR_02_ASEReadCounter.table","NW_015090842.1:10071967",161,320,159
"SPG7","s1640_S_ADR_02_ASEReadCounter.table","NW_015090842.1:10075109",274,493,219
"SPG7","s1640_S_ADR_02_ASEReadCounter.table","NW_015090842.1:10075114",281,495,214
"SPG7","s1640_S_ADR_02_ASEReadCounter.table","NW_015090842.1:10075198",197,344,147
"SPG7","s1640_S_ADR_02_ASEReadCounter.table","NW_015090842.1:10075487",142,262,120
"SPG7","s1640_S_ADR_02_ASEReadCounter.table","NW_015090842.1:10075488",141,263,122
"SPG7","s1640_S_ADR_02_ASEReadCounter.table","NW_015090842.1:10075548",91,169,78
"RPL13","s1640_S_ADR_02_ASEReadCounter.table","NW_015090842.1:10076979",3,6,3
"RPL13","s1640_S_ADR_02_ASEReadCounter.table","NW_015090842.1:10077387",618,1364,746
"RPL13","s1640_S_ADR_02_ASEReadCounter.table","NW_015090842.1:10077978",1011,2176,1165
"RPL13","s1640_S_ADR_02_ASEReadCounter.table","NW_015090842.1:10077992",999,2107,1108
"CPNE7","s1640_S_ADR_02_ASEReadCounter.table","NW_015090842.1:10084856",0,1,1
"CPNE7","s1640_S_ADR_02_ASEReadCounter.table","NW_015090842.1:10084872",0,1,1
"CPNE7","s1640_S_ADR_02_ASEReadCounter.table","NW_015090842.1:10085000",0,2,2
"CPNE7","s1640_S_ADR_02_ASEReadCounter.table","NW_015090842.1:10091075",0,1,1
"CPNE7","s1640_S_ADR_02_ASEReadCounter.table","NW_015090842.1:10091389",0,1,1
"CPNE7","s1640_S_ADR_02_ASEReadCounter.table","NW_015090842.1:10091407",0,1,1
"CPNE7","s1640_S_ADR_02_ASEReadCounter.table","NW_015090842.1:10091983",1,1,0
"CPNE7","s1640_S_ADR_02_ASEReadCounter.table","NW_015090842.1:10091997",1,1,0
"LOC106888185","s1640_S_ADR_02_ASEReadCounter.table","NW_015090842.1:10094965",0,8,8
"LOC106888185","s1640_S_ADR_02_ASEReadCounter.table","NW_015090842.1:10094966",0,8,8
"LOC106888185","s1640_S_ADR_02_ASEReadCounter.table","NW_015090842.1:10094985",0,9,9
"LOC106888185","s1640_S_ADR_02_ASEReadCounter.table","NW_015090842.1:10095055",0,9,9
"LOC106888185","s1640_S_ADR_02_ASEReadCounter.table","NW_015090842.1:10095062",0,9,9
"LOC106888185","s1640_S_ADR_02_ASEReadCounter.table","NW_015090842.1:10095130",4,21,17
"LOC106888185","s1640_S_ADR_02_ASEReadCounter.table","NW_015090842.1:10095265",45,86,41
"LOC106888185","s1640_S_ADR_02_ASEReadCounter.table","NW_015090842.1:10095586",50,133,83
"LOC106888185","s1640_S_ADR_02_ASEReadCounter.table","NW_015090842.1:10095593",54,140,86
"LOC106888185","s1640_S_ADR_02_ASEReadCounter.table","NW_015090842.1:10095616",46,133,87
"LOC106888185","s1640_S_ADR_02_ASEReadCounter.table","NW_015090842.1:10095662",40,107,67
"LOC106888185","s1640_S_ADR_02_ASEReadCounter.table","NW_015090842.1:10095674",37,98,61
"LOC106888185","s1640_S_ADR_02_ASEReadCounter.table","NW_015090842.1:10095786",49,107,58
"LOC106888185","s1640_S_ADR_02_ASEReadCounter.table","NW_015090842.1:10095831",50,127,77
"LOC106888185","s1640_S_ADR_02_ASEReadCounter.table","NW_015090842.1:10096230",45,123,78
"LOC106888185","s1640_S_ADR_02_ASEReadCounter.table","NW_015090842.1:10096249",48,131,83
"LOC106888185","s1640_S_ADR_02_ASEReadCounter.table","NW_015090842.1:10096272",48,138,90
"LOC106888185","s1640_S_ADR_02_ASEReadCounter.table","NW_015090842.1:10096288",52,138,86
"LOC106888185","s1640_S_ADR_02_ASEReadCounter.table","NW_015090842.1:10097248",46,132,86
"LOC106888185","s1640_S_ADR_02_ASEReadCounter.table","NW_015090842.1:10097265",59,156,97
"LOC106888185","s1640_S_ADR_02_ASEReadCounter.table","NW_015090842.1:10097446",4,17,13
"DPEP1","s1640_S_ADR_02_ASEReadCounter.table","NW_015090842.1:10098017",0,4,4
"DPEP1","s1640_S_ADR_02_ASEReadCounter.table","NW_015090842.1:10098518",0,22,22
"DPEP1","s1640_S_ADR_02_ASEReadCounter.table","NW_015090842.1:10098595",0,12,12
"DPEP1","s1640_S_ADR_02_ASEReadCounter.table","NW_015090842.1:10098597",0,12,12
"DPEP1","s1640_S_ADR_02_ASEReadCounter.table","NW_015090842.1:10098601",0,12,12
"DPEP1","s1640_S_ADR_02_ASEReadCounter.table","NW_015090842.1:10098608",0,10,10
"DPEP1","s1640_S_ADR_02_ASEReadCounter.table","NW_015090842.1:10098630",0,13,13
"DPEP1","s1640_S_ADR_02_ASEReadCounter.table","NW_015090842.1:10098659",0,15,15
"DPEP1","s1640_S_ADR_02_ASEReadCounter.table","NW_015090842.1:10099765",1,18,17
"DPEP1","s1640_S_ADR_02_ASEReadCounter.table","NW_015090842.1:10099985",0,9,9
"DPEP1","s1640_S_ADR_02_ASEReadCounter.table","NW_015090842.1:10099986",0,8,8
"DPEP1","s1640_S_ADR_02_ASEReadCounter.table","NW_015090842.1:10099991",0,9,9
"DPEP1","s1640_S_ADR_02_ASEReadCounter.table","NW_015090842.1:10100044",1,16,15
"DPEP1","s1640_S_ADR_02_ASEReadCounter.table","NW_015090842.1:10100045",0,15,15
"DPEP1","s1640_S_ADR_02_ASEReadCounter.table","NW_015090842.1:10100084",2,21,19
"DPEP1","s1640_S_ADR_02_ASEReadCounter.table","NW_015090842.1:10100295",0,10,10
"DPEP1","s1640_S_ADR_02_ASEReadCounter.table","NW_015090842.1:10100529",3,19,16
"DPEP1","s1640_S_ADR_02_ASEReadCounter.table","NW_015090842.1:10100893",5,23,18
"DPEP1","s1640_S_ADR_02_ASEReadCounter.table","NW_015090842.1:10100902",5,25,20
"DPEP1","s1640_S_ADR_02_ASEReadCounter.table","NW_015090842.1:10101072",7,27,20
"DPEP1","s1640_S_ADR_02_ASEReadCounter.table","NW_015090842.1:10101199",8,26,18
"DPEP1","s1640_S_ADR_02_ASEReadCounter.table","NW_015090842.1:10101483",4,17,13
"DPEP1","s1640_S_ADR_02_ASEReadCounter.table","NW_015090842.1:10101497",3,18,15
"DPEP1","s1640_S_ADR_02_ASEReadCounter.table","NW_015090842.1:10101525",4,17,13
"DPEP1","s1640_S_ADR_02_ASEReadCounter.table","NW_015090842.1:10101875",4,20,16
"DPEP1","s1640_S_ADR_02_ASEReadCounter.table","NW_015090842.1:10101913",3,16,13
"DPEP1","s1640_S_ADR_02_ASEReadCounter.table","NW_015090842.1:10101996",2,11,9
"DPEP1","s1640_S_ADR_02_ASEReadCounter.table","NW_015090842.1:10102014",3,11,8
"DPEP1","s1640_S_ADR_02_ASEReadCounter.table","NW_015090842.1:10102035",2,8,6
"DPEP1","s1640_S_ADR_02_ASEReadCounter.table","NW_015090842.1:10102076",0,1,1
"DPEP1","s1640_S_ADR_02_ASEReadCounter.table","NW_015090842.1:10102077",0,1,1
"CHMP1A","s1640_S_ADR_02_ASEReadCounter.table","NW_015090842.1:10102901",49,128,79
"CHMP1A","s1640_S_ADR_02_ASEReadCounter.table","NW_015090842.1:10102961",33,120,87
"CHMP1A","s1640_S_ADR_02_ASEReadCounter.table","NW_015090842.1:10102996",39,115,76
"CHMP1A","s1640_S_ADR_02_ASEReadCounter.table","NW_015090842.1:10103004",42,123,81
"CHMP1A","s1640_S_ADR_02_ASEReadCounter.table","NW_015090842.1:10103006",42,124,82
"CHMP1A","s1640_S_ADR_02_ASEReadCounter.table","NW_015090842.1:10103052",69,170,101
"CHMP1A","s1640_S_ADR_02_ASEReadCounter.table","NW_015090842.1:10103095",72,176,104
"CHMP1A","s1640_S_ADR_02_ASEReadCounter.table","NW_015090842.1:10103096",73,176,103
"CHMP1A","s1640_S_ADR_02_ASEReadCounter.table","NW_015090842.1:10103152",55,130,75
"CHMP1A","s1640_S_ADR_02_ASEReadCounter.table","NW_015090842.1:10103334",53,138,85
"CHMP1A","s1640_S_ADR_02_ASEReadCounter.table","NW_015090842.1:10103373",25,112,87
"CHMP1A","s1640_S_ADR_02_ASEReadCounter.table","NW_015090842.1:10103408",47,130,83
"CHMP1A","s1640_S_ADR_02_ASEReadCounter.table","NW_015090842.1:10103412",52,128,76
"CHMP1A","s1640_S_ADR_02_ASEReadCounter.table","NW_015090842.1:10103512",73,152,79
"CHMP1A","s1640_S_ADR_02_ASEReadCounter.table","NW_015090842.1:10103513",75,153,78
"CHMP1A","s1640_S_ADR_02_ASEReadCounter.table","NW_015090842.1:10103583",62,126,64
"CHMP1A","s1640_S_ADR_02_ASEReadCounter.table","NW_015090842.1:10103614",73,146,73
"CHMP1A","s1640_S_ADR_02_ASEReadCounter.table","NW_015090842.1:10103657",79,168,89
"CHMP1A","s1640_S_ADR_02_ASEReadCounter.table","NW_015090842.1:10103669",67,158,91
"CHMP1A","s1640_S_ADR_02_ASEReadCounter.table","NW_015090842.1:10103674",68,157,89
"CHMP1A","s1640_S_ADR_02_ASEReadCounter.table","NW_015090842.1:10103677",64,150,86
"CHMP1A","s1640_S_ADR_02_ASEReadCounter.table","NW_015090842.1:10103729",72,145,73
"CHMP1A","s1640_S_ADR_02_ASEReadCounter.table","NW_015090842.1:10103758",69,142,73
"CHMP1A","s1640_S_ADR_02_ASEReadCounter.table","NW_015090842.1:10103761",69,143,74
"CHMP1A","s1640_S_ADR_02_ASEReadCounter.table","NW_015090842.1:10103788",69,159,90
"CHMP1A","s1640_S_ADR_02_ASEReadCounter.table","NW_015090842.1:10103789",70,159,89
"CHMP1A","s1640_S_ADR_02_ASEReadCounter.table","NW_015090842.1:10103790",68,158,90
"CHMP1A","s1640_S_ADR_02_ASEReadCounter.table","NW_015090842.1:10103950",82,165,83
"CHMP1A","s1640_S_ADR_02_ASEReadCounter.table","NW_015090842.1:10104335",54,132,78
"CHMP1A","s1640_S_ADR_02_ASEReadCounter.table","NW_015090842.1:10104429",71,156,85
"CHMP1A","s1640_S_ADR_02_ASEReadCounter.table","NW_015090842.1:10104532",69,152,83
"CHMP1A","s1640_S_ADR_02_ASEReadCounter.table","NW_015090842.1:10104633",62,144,82
"CHMP1A","s1640_S_ADR_02_ASEReadCounter.table","NW_015090842.1:10104759",66,137,71
"CHMP1A","s1640_S_ADR_02_ASEReadCounter.table","NW_015090842.1:10104794",80,156,76
"CHMP1A","s1640_S_ADR_02_ASEReadCounter.table","NW_015090842.1:10104844",58,121,63
"CHMP1A","s1640_S_ADR_02_ASEReadCounter.table","NW_015090842.1:10106290",58,136,78
"CHMP1A","s1640_S_ADR_02_ASEReadCounter.table","NW_015090842.1:10106335",81,153,72
"CHMP1A","s1640_S_ADR_02_ASEReadCounter.table","NW_015090842.1:10106383",104,201,97
"CHMP1A","s1640_S_ADR_02_ASEReadCounter.table","NW_015090842.1:10106747",83,184,101
"CHMP1A","s1640_S_ADR_02_ASEReadCounter.table","NW_015090842.1:10107404",92,196,104
"CHMP1A","s1640_S_ADR_02_ASEReadCounter.table","NW_015090842.1:10107410",96,198,102
"CHMP1A","s1640_S_ADR_02_ASEReadCounter.table","NW_015090842.1:10107876",73,162,89
"CDK10","s1640_S_ADR_02_ASEReadCounter.table","NW_015090842.1:10109030",12,13,1
"CDK10","s1640_S_ADR_02_ASEReadCounter.table","NW_015090842.1:10109963",38,80,42
"CDK10","s1640_S_ADR_02_ASEReadCounter.table","NW_015090842.1:10110887",40,75,35
"CDK10","s1640_S_ADR_02_ASEReadCounter.table","NW_015090842.1:10111254",23,66,43
"CDK10","s1640_S_ADR_02_ASEReadCounter.table","NW_015090842.1:10111380",25,81,56
"CDK10","s1640_S_ADR_02_ASEReadCounter.table","NW_015090842.1:10111395",27,78,51
"CDK10","s1640_S_ADR_02_ASEReadCounter.table","NW_015090842.1:10111437",13,55,42
"CDK10","s1640_S_ADR_02_ASEReadCounter.table","NW_015090842.1:10111798",23,84,61
"CDK10","s1640_S_ADR_02_ASEReadCounter.table","NW_015090842.1:10111840",27,82,55
"CDK10","s1640_S_ADR_02_ASEReadCounter.table","NW_015090842.1:10112031",32,91,59
"CDK10","s1640_S_ADR_02_ASEReadCounter.table","NW_015090842.1:10112285",32,88,56
"CDK10","s1640_S_ADR_02_ASEReadCounter.table","NW_015090842.1:10112398",27,90,63
"CDK10","s1640_S_ADR_02_ASEReadCounter.table","NW_015090842.1:10112455",25,84,59
"CDK10","s1640_S_ADR_02_ASEReadCounter.table","NW_015090842.1:10112461",28,85,57
"CDK10","s1640_S_ADR_02_ASEReadCounter.table","NW_015090842.1:10112497",27,74,47
"CDK10","s1640_S_ADR_02_ASEReadCounter.table","NW_015090842.1:10112508",25,75,50
"CDK10","s1640_S_ADR_02_ASEReadCounter.table","NW_015090842.1:10112518",17,57,40
"CDK10","s1640_S_ADR_02_ASEReadCounter.table","NW_015090842.1:10112540",13,56,43
"CDK10","s1640_S_ADR_02_ASEReadCounter.table","NW_015090842.1:10112556",26,71,45
"CDK10","s1640_S_ADR_02_ASEReadCounter.table","NW_015090842.1:10112561",26,80,54
"CDK10","s1640_S_ADR_02_ASEReadCounter.table","NW_015090842.1:10112596",30,79,49
"CDK10","s1640_S_ADR_02_ASEReadCounter.table","NW_015090842.1:10112630",23,62,39
"CDK10","s1640_S_ADR_02_ASEReadCounter.table","NW_015090842.1:10112656",29,58,29
"CDK10","s1640_S_ADR_02_ASEReadCounter.table","NW_015090842.1:10112665",27,49,22
"CDK10","s1640_S_ADR_02_ASEReadCounter.table","NW_015090842.1:10112668",26,49,23
"CDK10","s1640_S_ADR_02_ASEReadCounter.table","NW_015090842.1:10112781",12,27,15
"CDK10","s1640_S_ADR_02_ASEReadCounter.table","NW_015090842.1:10112782",12,27,15
"CDK10","s1640_S_ADR_02_ASEReadCounter.table","NW_015090842.1:10112795",7,21,14
"CDK10","s1640_S_ADR_02_ASEReadCounter.table","NW_015090842.1:10112841",1,3,2
"CDK10","s1640_S_ADR_02_ASEReadCounter.table","NW_015090842.1:10112861",1,3,2
"SPATA2L","s1640_S_ADR_02_ASEReadCounter.table","NW_015090842.1:10113212",5,17,12
"SPATA2L","s1640_S_ADR_02_ASEReadCounter.table","NW_015090842.1:10113280",11,30,19
"SPATA2L","s1640_S_ADR_02_ASEReadCounter.table","NW_015090842.1:10113296",13,31,18
"SPATA2L","s1640_S_ADR_02_ASEReadCounter.table","NW_015090842.1:10113321",16,37,21
"SPATA2L","s1640_S_ADR_02_ASEReadCounter.table","NW_015090842.1:10113332",20,41,21
"SPATA2L","s1640_S_ADR_02_ASEReadCounter.table","NW_015090842.1:10113380",15,46,31
"SPATA2L","s1640_S_ADR_02_ASEReadCounter.table","NW_015090842.1:10113381",15,47,32
"SPATA2L","s1640_S_ADR_02_ASEReadCounter.table","NW_015090842.1:10113412",17,44,27
"SPATA2L","s1640_S_ADR_02_ASEReadCounter.table","NW_015090842.1:10113421",17,45,28
"SPATA2L","s1640_S_ADR_02_ASEReadCounter.table","NW_015090842.1:10113465",17,48,31
"SPATA2L","s1640_S_ADR_02_ASEReadCounter.table","NW_015090842.1:10113535",26,57,31
"SPATA2L","s1640_S_ADR_02_ASEReadCounter.table","NW_015090842.1:10113645",23,52,29
"SPATA2L","s1640_S_ADR_02_ASEReadCounter.table","NW_015090842.1:10113682",31,62,31
"SPATA2L","s1640_S_ADR_02_ASEReadCounter.table","NW_015090842.1:10113696",32,59,27
"SPATA2L","s1640_S_ADR_02_ASEReadCounter.table","NW_015090842.1:10113727",39,69,30
"SPATA2L","s1640_S_ADR_02_ASEReadCounter.table","NW_015090842.1:10113729",68,68,0
"SPATA2L","s1640_S_ADR_02_ASEReadCounter.table","NW_015090842.1:10113799",41,74,33
"SPATA2L","s1640_S_ADR_02_ASEReadCounter.table","NW_015090842.1:10113809",48,80,32
"SPATA2L","s1640_S_ADR_02_ASEReadCounter.table","NW_015090842.1:10113827",40,75,35
"SPATA2L","s1640_S_ADR_02_ASEReadCounter.table","NW_015090842.1:10113831",39,74,35
"SPATA2L","s1640_S_ADR_02_ASEReadCounter.table","NW_015090842.1:10113894",37,66,29
"SPATA2L","s1640_S_ADR_02_ASEReadCounter.table","NW_015090842.1:10113905",26,55,29
"SPATA2L","s1640_S_ADR_02_ASEReadCounter.table","NW_015090842.1:10113914",32,62,30
"SPATA2L","s1640_S_ADR_02_ASEReadCounter.table","NW_015090842.1:10113920",35,62,27
"SPATA2L","s1640_S_ADR_02_ASEReadCounter.table","NW_015090842.1:10113937",35,67,32
"SPATA2L","s1640_S_ADR_02_ASEReadCounter.table","NW_015090842.1:10113971",31,69,38
"SPATA2L","s1640_S_ADR_02_ASEReadCounter.table","NW_015090842.1:10113976",29,76,47
"SPATA2L","s1640_S_ADR_02_ASEReadCounter.table","NW_015090842.1:10113985",32,71,39
"SPATA2L","s1640_S_ADR_02_ASEReadCounter.table","NW_015090842.1:10113994",39,83,44
"SPATA2L","s1640_S_ADR_02_ASEReadCounter.table","NW_015090842.1:10114063",29,62,33
"SPATA2L","s1640_S_ADR_02_ASEReadCounter.table","NW_015090842.1:10114066",26,58,32
"SPATA2L","s1640_S_ADR_02_ASEReadCounter.table","NW_015090842.1:10114069",27,59,32
"SPATA2L","s1640_S_ADR_02_ASEReadCounter.table","NW_015090842.1:10114159",28,66,38
"SPATA2L","s1640_S_ADR_02_ASEReadCounter.table","NW_015090842.1:10114262",73,73,0
"SPATA2L","s1640_S_ADR_02_ASEReadCounter.table","NW_015090842.1:10114470",35,60,25
"SPATA2L","s1640_S_ADR_02_ASEReadCounter.table","NW_015090842.1:10114524",20,44,24
"VPS9D1","s1640_S_ADR_02_ASEReadCounter.table","NW_015090842.1:10116377",24,46,22
"VPS9D1","s1640_S_ADR_02_ASEReadCounter.table","NW_015090842.1:10116415",22,48,26
"VPS9D1","s1640_S_ADR_02_ASEReadCounter.table","NW_015090842.1:10116607",16,36,20
"VPS9D1","s1640_S_ADR_02_ASEReadCounter.table","NW_015090842.1:10116821",15,35,20
"VPS9D1","s1640_S_ADR_02_ASEReadCounter.table","NW_015090842.1:10116825",16,36,20
"VPS9D1","s1640_S_ADR_02_ASEReadCounter.table","NW_015090842.1:10116882",10,30,20
"VPS9D1","s1640_S_ADR_02_ASEReadCounter.table","NW_015090842.1:10116933",21,41,20
"VPS9D1","s1640_S_ADR_02_ASEReadCounter.table","NW_015090842.1:10116942",21,40,19
"VPS9D1","s1640_S_ADR_02_ASEReadCounter.table","NW_015090842.1:10117152",23,34,11
"VPS9D1","s1640_S_ADR_02_ASEReadCounter.table","NW_015090842.1:10117480",15,26,11
"VPS9D1","s1640_S_ADR_02_ASEReadCounter.table","NW_015090842.1:10117497",13,24,11
"VPS9D1","s1640_S_ADR_02_ASEReadCounter.table","NW_015090842.1:10117499",12,25,13
"VPS9D1","s1640_S_ADR_02_ASEReadCounter.table","NW_015090842.1:10117516",14,29,15
"VPS9D1","s1640_S_ADR_02_ASEReadCounter.table","NW_015090842.1:10117525",15,29,14
"VPS9D1","s1640_S_ADR_02_ASEReadCounter.table","NW_015090842.1:10117579",10,27,17
"VPS9D1","s1640_S_ADR_02_ASEReadCounter.table","NW_015090842.1:10117627",19,34,15
"VPS9D1","s1640_S_ADR_02_ASEReadCounter.table","NW_015090842.1:10117678",15,41,26
"VPS9D1","s1640_S_ADR_02_ASEReadCounter.table","NW_015090842.1:10117773",23,48,25
"VPS9D1","s1640_S_ADR_02_ASEReadCounter.table","NW_015090842.1:10117937",25,52,27
"VPS9D1","s1640_S_ADR_02_ASEReadCounter.table","NW_015090842.1:10117961",27,51,24
"VPS9D1","s1640_S_ADR_02_ASEReadCounter.table","NW_015090842.1:10118236",26,53,27
"VPS9D1","s1640_S_ADR_02_ASEReadCounter.table","NW_015090842.1:10118414",27,46,19
"VPS9D1","s1640_S_ADR_02_ASEReadCounter.table","NW_015090842.1:10118973",23,48,25
"VPS9D1","s1640_S_ADR_02_ASEReadCounter.table","NW_015090842.1:10119500",13,26,13
"ZNF276","s1640_S_ADR_02_ASEReadCounter.table","NW_015090842.1:10121760",7,14,7
"ZNF276","s1640_S_ADR_02_ASEReadCounter.table","NW_015090842.1:10121769",6,13,7
"ZNF276","s1640_S_ADR_02_ASEReadCounter.table","NW_015090842.1:10121802",8,19,11
"ZNF276","s1640_S_ADR_02_ASEReadCounter.table","NW_015090842.1:10121971",17,29,12
"ZNF276","s1640_S_ADR_02_ASEReadCounter.table","NW_015090842.1:10122161",32,32,0
"ZNF276","s1640_S_ADR_02_ASEReadCounter.table","NW_015090842.1:10122164",33,33,0
"ZNF276","s1640_S_ADR_02_ASEReadCounter.table","NW_015090842.1:10122184",27,27,0
"ZNF276","s1640_S_ADR_02_ASEReadCounter.table","NW_015090842.1:10122883",14,20,6
"ZNF276","s1640_S_ADR_02_ASEReadCounter.table","NW_015090842.1:10122997",14,26,12
"ZNF276","s1640_S_ADR_02_ASEReadCounter.table","NW_015090842.1:10123069",14,23,9
"ZNF276","s1640_S_ADR_02_ASEReadCounter.table","NW_015090842.1:10123207",17,36,19
"ZNF276","s1640_S_ADR_02_ASEReadCounter.table","NW_015090842.1:10125787",16,25,9
"ZNF276","s1640_S_ADR_02_ASEReadCounter.table","NW_015090842.1:10126309",10,30,20
"ZNF276","s1640_S_ADR_02_ASEReadCounter.table","NW_015090842.1:10126348",18,39,21
"ZNF276","s1640_S_ADR_02_ASEReadCounter.table","NW_015090842.1:10126978",16,35,19
"ZNF276","s1640_S_ADR_02_ASEReadCounter.table","NW_015090842.1:10126991",12,35,23
"ZNF276","s1640_S_ADR_02_ASEReadCounter.table","NW_015090842.1:10127023",15,36,21
"ZNF276","s1640_S_ADR_02_ASEReadCounter.table","NW_015090842.1:10127063",13,27,14
"ZNF276","s1640_S_ADR_02_ASEReadCounter.table","NW_015090842.1:10127373",17,28,11
"ZNF276","s1640_S_ADR_02_ASEReadCounter.table","NW_015090842.1:10127931",19,40,21
"ZNF276","s1640_S_ADR_02_ASEReadCounter.table","NW_015090842.1:10128070",28,55,27
"ZNF276","s1640_S_ADR_02_ASEReadCounter.table","NW_015090842.1:10128102",28,58,30
"ZNF276","s1640_S_ADR_02_ASEReadCounter.table","NW_015090842.1:10128356",18,34,16
"ZNF276","s1640_S_ADR_02_ASEReadCounter.table","NW_015090842.1:10128497",13,19,6
"FANCA","s1640_S_ADR_02_ASEReadCounter.table","NW_015090842.1:10128743",4,4,0
"FANCA","s1640_S_ADR_02_ASEReadCounter.table","NW_015090842.1:10128822",6,6,0
"FANCA","s1640_S_ADR_02_ASEReadCounter.table","NW_015090842.1:10129383",2,2,0
"FANCA","s1640_S_ADR_02_ASEReadCounter.table","NW_015090842.1:10129390",2,2,0
"FANCA","s1640_S_ADR_02_ASEReadCounter.table","NW_015090842.1:10129422",3,4,1
"FANCA","s1640_S_ADR_02_ASEReadCounter.table","NW_015090842.1:10129969",3,3,0
"FANCA","s1640_S_ADR_02_ASEReadCounter.table","NW_015090842.1:10130399",2,3,1
"FANCA","s1640_S_ADR_02_ASEReadCounter.table","NW_015090842.1:10130857",1,2,1
"FANCA","s1640_S_ADR_02_ASEReadCounter.table","NW_015090842.1:10130878",1,1,0
"FANCA","s1640_S_ADR_02_ASEReadCounter.table","NW_015090842.1:10133530",1,1,0
"FANCA","s1640_S_ADR_02_ASEReadCounter.table","NW_015090842.1:10133533",1,1,0
"FANCA","s1640_S_ADR_02_ASEReadCounter.table","NW_015090842.1:10133536",1,1,0
"FANCA","s1640_S_ADR_02_ASEReadCounter.table","NW_015090842.1:10133601",1,1,0
"FANCA","s1640_S_ADR_02_ASEReadCounter.table","NW_015090842.1:10134492",0,1,1
"FANCA","s1640_S_ADR_02_ASEReadCounter.table","NW_015090842.1:10136957",5,6,1
"FANCA","s1640_S_ADR_02_ASEReadCounter.table","NW_015090842.1:10136982",4,4,0
"FANCA","s1640_S_ADR_02_ASEReadCounter.table","NW_015090842.1:10136999",2,2,0
"FANCA","s1640_S_ADR_02_ASEReadCounter.table","NW_015090842.1:10137019",1,3,2
"FANCA","s1640_S_ADR_02_ASEReadCounter.table","NW_015090842.1:10137673",1,3,2
"FANCA","s1640_S_ADR_02_ASEReadCounter.table","NW_015090842.1:10138618",1,3,2
"FANCA","s1640_S_ADR_02_ASEReadCounter.table","NW_015090842.1:10139140",3,3,0
"FANCA","s1640_S_ADR_02_ASEReadCounter.table","NW_015090842.1:10140699",3,4,1
"FANCA","s1640_S_ADR_02_ASEReadCounter.table","NW_015090842.1:10141234",2,2,0
"FANCA","s1640_S_ADR_02_ASEReadCounter.table","NW_015090842.1:10145030",1,3,2
"FANCA","s1640_S_ADR_02_ASEReadCounter.table","NW_015090842.1:10150518",0,1,1
"FANCA","s1640_S_ADR_02_ASEReadCounter.table","NW_015090842.1:10152863",3,3,0
"FANCA","s1640_S_ADR_02_ASEReadCounter.table","NW_015090842.1:10154490",2,2,0
"FANCA","s1640_S_ADR_02_ASEReadCounter.table","NW_015090842.1:10158162",2,2,0
"FANCA","s1640_S_ADR_02_ASEReadCounter.table","NW_015090842.1:10158957",3,3,0
"FANCA","s1640_S_ADR_02_ASEReadCounter.table","NW_015090842.1:10160177",2,2,0
"FANCA","s1640_S_ADR_02_ASEReadCounter.table","NW_015090842.1:10163667",3,3,0
"FANCA","s1640_S_ADR_02_ASEReadCounter.table","NW_015090842.1:10164257",3,3,0
"FANCA","s1640_S_ADR_02_ASEReadCounter.table","NW_015090842.1:10165331",2,2,0
"SPIRE2","s1640_S_ADR_02_ASEReadCounter.table","NW_015090842.1:10172284",6,10,4
"SPIRE2","s1640_S_ADR_02_ASEReadCounter.table","NW_015090842.1:10175262",9,14,5
"SPIRE2","s1640_S_ADR_02_ASEReadCounter.table","NW_015090842.1:10175352",5,6,1
"SPIRE2","s1640_S_ADR_02_ASEReadCounter.table","NW_015090842.1:10175400",18,29,11
"SPIRE2","s1640_S_ADR_02_ASEReadCounter.table","NW_015090842.1:10175418",18,29,11
"SPIRE2","s1640_S_ADR_02_ASEReadCounter.table","NW_015090842.1:10175704",16,39,23
"SPIRE2","s1640_S_ADR_02_ASEReadCounter.table","NW_015090842.1:10176115",19,38,19
"SPIRE2","s1640_S_ADR_02_ASEReadCounter.table","NW_015090842.1:10176561",16,36,20
"SPIRE2","s1640_S_ADR_02_ASEReadCounter.table","NW_015090842.1:10176817",12,35,23
"SPIRE2","s1640_S_ADR_02_ASEReadCounter.table","NW_015090842.1:10177084",13,29,16
"SPIRE2","s1640_S_ADR_02_ASEReadCounter.table","NW_015090842.1:10177838",20,41,21
"SPIRE2","s1640_S_ADR_02_ASEReadCounter.table","NW_015090842.1:10178000",21,33,12
"SPIRE2","s1640_S_ADR_02_ASEReadCounter.table","NW_015090842.1:10178164",23,41,18
"SPIRE2","s1640_S_ADR_02_ASEReadCounter.table","NW_015090842.1:10178216",24,42,18
"SPIRE2","s1640_S_ADR_02_ASEReadCounter.table","NW_015090842.1:10178303",17,36,19
"SPIRE2","s1640_S_ADR_02_ASEReadCounter.table","NW_015090842.1:10178403",8,28,20
"SPIRE2","s1640_S_ADR_02_ASEReadCounter.table","NW_015090842.1:10178409",8,31,23
"SPIRE2","s1640_S_ADR_02_ASEReadCounter.table","NW_015090842.1:10178524",17,34,17
"SPIRE2","s1640_S_ADR_02_ASEReadCounter.table","NW_015090842.1:10178526",17,34,17
"SPIRE2","s1640_S_ADR_02_ASEReadCounter.table","NW_015090842.1:10178531",18,35,17
"SPIRE2","s1640_S_ADR_02_ASEReadCounter.table","NW_015090842.1:10178565",11,25,14
"SPIRE2","s1640_S_ADR_02_ASEReadCounter.table","NW_015090842.1:10178587",10,20,10
"SPIRE2","s1640_S_ADR_02_ASEReadCounter.table","NW_015090842.1:10178640",6,14,8
"SPIRE2","s1640_S_ADR_02_ASEReadCounter.table","NW_015090842.1:10178651",7,18,11
"SPIRE2","s1640_S_ADR_02_ASEReadCounter.table","NW_015090842.1:10178682",7,16,9
"TCF25","s1640_S_ADR_02_ASEReadCounter.table","NW_015090842.1:10180912",26,67,41
"TCF25","s1640_S_ADR_02_ASEReadCounter.table","NW_015090842.1:10180924",26,65,39
"TCF25","s1640_S_ADR_02_ASEReadCounter.table","NW_015090842.1:10180931",27,67,40
"TCF25","s1640_S_ADR_02_ASEReadCounter.table","NW_015090842.1:10185332",100,197,97
"TCF25","s1640_S_ADR_02_ASEReadCounter.table","NW_015090842.1:10196561",94,173,79
"TCF25","s1640_S_ADR_02_ASEReadCounter.table","NW_015090842.1:10197399",228,228,0
"MC1R","s1640_S_ADR_02_ASEReadCounter.table","NW_015090842.1:10201986",1,1,0
"TUBB3","s1640_S_ADR_02_ASEReadCounter.table","NW_015090842.1:10205322",1,1,0
"GAS8","s1640_S_ADR_02_ASEReadCounter.table","NW_015090842.1:10228982",21,39,18
"GAS8","s1640_S_ADR_02_ASEReadCounter.table","NW_015090842.1:10229832",7,33,26
"GAS8","s1640_S_ADR_02_ASEReadCounter.table","NW_015090842.1:10232901",16,33,17
"GAS8","s1640_S_ADR_02_ASEReadCounter.table","NW_015090842.1:10232928",19,35,16
"GAS8","s1640_S_ADR_02_ASEReadCounter.table","NW_015090842.1:10232967",16,31,15
"GAS8","s1640_S_ADR_02_ASEReadCounter.table","NW_015090842.1:10233032",8,20,12
"GAS8","s1640_S_ADR_02_ASEReadCounter.table","NW_015090842.1:10233057",8,22,14
"GAS8","s1640_S_ADR_02_ASEReadCounter.table","NW_015090842.1:10233058",8,22,14
"GAS8","s1640_S_ADR_02_ASEReadCounter.table","NW_015090842.1:10233176",7,15,8
"GAS8","s1640_S_ADR_02_ASEReadCounter.table","NW_015090842.1:10233196",7,17,10
"GAS8","s1640_S_ADR_02_ASEReadCounter.table","NW_015090842.1:10233252",8,16,8
"GAS8","s1640_S_ADR_02_ASEReadCounter.table","NW_015090842.1:10233303",5,5,0
"LOC106888094","s1640_S_ADR_02_ASEReadCounter.table","NW_015090842.1:10233334",4,31,27
"LOC106888094","s1640_S_ADR_02_ASEReadCounter.table","NW_015090842.1:10233362",16,83,67
"LOC106888094","s1640_S_ADR_02_ASEReadCounter.table","NW_015090842.1:10233373",16,89,73
"LOC106888094","s1640_S_ADR_02_ASEReadCounter.table","NW_015090842.1:10233388",27,114,87
"LOC106888094","s1640_S_ADR_02_ASEReadCounter.table","NW_015090842.1:10233402",29,112,83
"LOC106888094","s1640_S_ADR_02_ASEReadCounter.table","NW_015090842.1:10233465",42,154,112
"LOC106888094","s1640_S_ADR_02_ASEReadCounter.table","NW_015090842.1:10233803",53,219,166
"LOC106888094","s1640_S_ADR_02_ASEReadCounter.table","NW_015090842.1:10233815",47,207,160
"LOC106888094","s1640_S_ADR_02_ASEReadCounter.table","NW_015090842.1:10235484",17,27,10
"LOC106888094","s1640_S_ADR_02_ASEReadCounter.table","NW_015090842.1:10235611",17,29,12
"LOC106888094","s1640_S_ADR_02_ASEReadCounter.table","NW_015090842.1:10235977",26,26,0
"LOC106888094","s1640_S_ADR_02_ASEReadCounter.table","NW_015090842.1:10236098",13,26,13
"LOC106888094","s1640_S_ADR_02_ASEReadCounter.table","NW_015090842.1:10236161",14,33,19
"LOC106888094","s1640_S_ADR_02_ASEReadCounter.table","NW_015090842.1:10236380",10,18,8
"LOC106888094","s1640_S_ADR_02_ASEReadCounter.table","NW_015090842.1:10236388",13,25,12
"LOC106888094","s1640_S_ADR_02_ASEReadCounter.table","NW_015090842.1:10236425",12,28,16
"LOC106888094","s1640_S_ADR_02_ASEReadCounter.table","NW_015090842.1:10236426",11,27,16
"LOC106888094","s1640_S_ADR_02_ASEReadCounter.table","NW_015090842.1:10236603",8,23,15
"LOC106888173","s1640_S_ADR_02_ASEReadCounter.table","NW_015090842.1:10239596",1,10,9
"LOC106888173","s1640_S_ADR_02_ASEReadCounter.table","NW_015090842.1:10240036",3,22,19
"LOC106888173","s1640_S_ADR_02_ASEReadCounter.table","NW_015090842.1:10240095",3,15,12
"LOC106888173","s1640_S_ADR_02_ASEReadCounter.table","NW_015090842.1:10240280",7,30,23
"LOC106888173","s1640_S_ADR_02_ASEReadCounter.table","NW_015090842.1:10240557",15,33,18
"LOC106888173","s1640_S_ADR_02_ASEReadCounter.table","NW_015090842.1:10240603",11,26,15
"LOC106888173","s1640_S_ADR_02_ASEReadCounter.table","NW_015090842.1:10240609",10,26,16
"LOC106888173","s1640_S_ADR_02_ASEReadCounter.table","NW_015090842.1:10240924",15,31,16
"LOC106888173","s1640_S_ADR_02_ASEReadCounter.table","NW_015090842.1:10241037",6,24,18
"LOC106888173","s1640_S_ADR_02_ASEReadCounter.table","NW_015090842.1:10241046",7,24,17
"LOC106888173","s1640_S_ADR_02_ASEReadCounter.table","NW_015090842.1:10241058",7,26,19
"LOC106888173","s1640_S_ADR_02_ASEReadCounter.table","NW_015090842.1:10241064",10,31,21
"LOC106888173","s1640_S_ADR_02_ASEReadCounter.table","NW_015090842.1:10241163",10,30,20
"LOC106888173","s1640_S_ADR_02_ASEReadCounter.table","NW_015090842.1:10241803",10,39,29
"LOC106888173","s1640_S_ADR_02_ASEReadCounter.table","NW_015090842.1:10241827",10,36,26
"LOC106888173","s1640_S_ADR_02_ASEReadCounter.table","NW_015090842.1:10241869",13,42,29
"LOC106888173","s1640_S_ADR_02_ASEReadCounter.table","NW_015090842.1:10242079",8,29,21
"LOC106888173","s1640_S_ADR_02_ASEReadCounter.table","NW_015090842.1:10242103",8,31,23
"LOC106888173","s1640_S_ADR_02_ASEReadCounter.table","NW_015090842.1:10242157",14,37,23
"LOC106888173","s1640_S_ADR_02_ASEReadCounter.table","NW_015090842.1:10242455",7,32,25
"LOC106888173","s1640_S_ADR_02_ASEReadCounter.table","NW_015090842.1:10242481",5,34,29
"LOC106888173","s1640_S_ADR_02_ASEReadCounter.table","NW_015090842.1:10242590",11,35,24
"LOC106888173","s1640_S_ADR_02_ASEReadCounter.table","NW_015090842.1:10242794",6,21,15
"LOC106888173","s1640_S_ADR_02_ASEReadCounter.table","NW_015090842.1:10242909",7,23,16
"LOC106888173","s1640_S_ADR_02_ASEReadCounter.table","NW_015090842.1:10243094",9,29,20
"LOC106888173","s1640_S_ADR_02_ASEReadCounter.table","NW_015090842.1:10243133",10,26,16
"LOC106888173","s1640_S_ADR_02_ASEReadCounter.table","NW_015090842.1:10243273",9,26,17
"LOC106888173","s1640_S_ADR_02_ASEReadCounter.table","NW_015090842.1:10243278",9,25,16
"LOC106888173","s1640_S_ADR_02_ASEReadCounter.table","NW_015090842.1:10243281",8,24,16
"LOC106888173","s1640_S_ADR_02_ASEReadCounter.table","NW_015090842.1:10243347",12,12,0
"LOC106888173","s1640_S_ADR_02_ASEReadCounter.table","NW_015090842.1:10243353",2,10,8
"LOC106888173","s1640_S_ADR_02_ASEReadCounter.table","NW_015090842.1:10243363",2,9,7
"LOC106888173","s1640_S_ADR_02_ASEReadCounter.table","NW_015090842.1:10243365",2,9,7
"LOC106888173","s1640_S_ADR_02_ASEReadCounter.table","NW_015090842.1:10243529",11,25,14
"LOC106888173","s1640_S_ADR_02_ASEReadCounter.table","NW_015090842.1:10243566",17,37,20
"LOC106888173","s1640_S_ADR_02_ASEReadCounter.table","NW_015090842.1:10243605",17,45,28
"LOC106888173","s1640_S_ADR_02_ASEReadCounter.table","NW_015090842.1:10243614",16,43,27
"LOC106888173","s1640_S_ADR_02_ASEReadCounter.table","NW_015090842.1:10243615",16,44,28
"LOC106888173","s1640_S_ADR_02_ASEReadCounter.table","NW_015090842.1:10243640",11,32,21
"LOC106888173","s1640_S_ADR_02_ASEReadCounter.table","NW_015090842.1:10243680",5,22,17
"LOC106888173","s1640_S_ADR_02_ASEReadCounter.table","NW_015090842.1:10243742",8,27,19
"LOC106888173","s1640_S_ADR_02_ASEReadCounter.table","NW_015090842.1:10243804",9,28,19
"LOC106888173","s1640_S_ADR_02_ASEReadCounter.table","NW_015090842.1:10243913",1,4,3
"LOC106888173","s1640_S_ADR_02_ASEReadCounter.table","NW_015090842.1:10243921",1,4,3
"LOC106888384","s1640_S_ADR_02_ASEReadCounter.table","NW_015090842.1:10244714",5,8,3
"LOC106888384","s1640_S_ADR_02_ASEReadCounter.table","NW_015090842.1:10244998",13,22,9
"LOC106888384","s1640_S_ADR_02_ASEReadCounter.table","NW_015090842.1:10250743",17,32,15
"LOC106888384","s1640_S_ADR_02_ASEReadCounter.table","NW_015090842.1:10250771",14,27,13
"LOC106888384","s1640_S_ADR_02_ASEReadCounter.table","NW_015090842.1:10251343",18,18,0
"LOC106888384","s1640_S_ADR_02_ASEReadCounter.table","NW_015090842.1:10251344",18,18,0
"LOC106888384","s1640_S_ADR_02_ASEReadCounter.table","NW_015090842.1:10251349",16,16,0
"LOC106888384","s1640_S_ADR_02_ASEReadCounter.table","NW_015090842.1:10251354",17,18,1
"LOC106888384","s1640_S_ADR_02_ASEReadCounter.table","NW_015090842.1:10251358",16,17,1
"LOC106888384","s1640_S_ADR_02_ASEReadCounter.table","NW_015090842.1:10251369",8,18,10
"LOC106888384","s1640_S_ADR_02_ASEReadCounter.table","NW_015090842.1:10251370",16,17,1
"LOC106888384","s1640_S_ADR_02_ASEReadCounter.table","NW_015090842.1:10251375",13,14,1
"LOC106888384","s1640_S_ADR_02_ASEReadCounter.table","NW_015090842.1:10251388",11,12,1
"LOC106888384","s1640_S_ADR_02_ASEReadCounter.table","NW_015090842.1:10251390",11,12,1
"LOC106888384","s1640_S_ADR_02_ASEReadCounter.table","NW_015090842.1:10251393",9,10,1
"LOC106888384","s1640_S_ADR_02_ASEReadCounter.table","NW_015090842.1:10251399",9,10,1
"LOC106888384","s1640_S_ADR_02_ASEReadCounter.table","NW_015090842.1:10251492",10,10,0
"LOC106888384","s1640_S_ADR_02_ASEReadCounter.table","NW_015090842.1:10253165",22,43,21
"LOC106888384","s1640_S_ADR_02_ASEReadCounter.table","NW_015090842.1:10253284",9,30,21
"LOC106888384","s1640_S_ADR_02_ASEReadCounter.table","NW_015090842.1:10253605",18,38,20
"LOC106888384","s1640_S_ADR_02_ASEReadCounter.table","NW_015090842.1:10254028",20,37,17
"LOC106888384","s1640_S_ADR_02_ASEReadCounter.table","NW_015090842.1:10254227",18,35,17
"LOC106888384","s1640_S_ADR_02_ASEReadCounter.table","NW_015090842.1:10254233",20,42,22
"LOC106888384","s1640_S_ADR_02_ASEReadCounter.table","NW_015090842.1:10254263",19,46,27
"LOC106888384","s1640_S_ADR_02_ASEReadCounter.table","NW_015090842.1:10254293",14,34,20
"LOC106888384","s1640_S_ADR_02_ASEReadCounter.table","NW_015090842.1:10254570",17,35,18
"LOC106888384","s1640_S_ADR_02_ASEReadCounter.table","NW_015090842.1:10254647",7,16,9
"LOC106888384","s1640_S_ADR_02_ASEReadCounter.table","NW_015090842.1:10254663",4,11,7
"LOC106888384","s1640_S_ADR_02_ASEReadCounter.table","NW_015090842.1:10254840",5,14,9
"LOC106888384","s1640_S_ADR_02_ASEReadCounter.table","NW_015090842.1:10254854",18,18,0
"LOC106888384","s1640_S_ADR_02_ASEReadCounter.table","NW_015090842.1:10254891",22,22,0
"LOC106888384","s1640_S_ADR_02_ASEReadCounter.table","NW_015090842.1:10254900",10,22,12
"LOC106888384","s1640_S_ADR_02_ASEReadCounter.table","NW_015090842.1:10254915",11,23,12
"LOC106888384","s1640_S_ADR_02_ASEReadCounter.table","NW_015090842.1:10254965",12,12,0
"LOC106888384","s1640_S_ADR_02_ASEReadCounter.table","NW_015090842.1:10254975",8,14,6
"LOC106888384","s1640_S_ADR_02_ASEReadCounter.table","NW_015090842.1:10255077",11,23,12
"LOC106888384","s1640_S_ADR_02_ASEReadCounter.table","NW_015090842.1:10255117",11,25,14
"LOC106888384","s1640_S_ADR_02_ASEReadCounter.table","NW_015090842.1:10255138",8,22,14
"LOC106888384","s1640_S_ADR_02_ASEReadCounter.table","NW_015090842.1:10255139",8,21,13
"LOC106888384","s1640_S_ADR_02_ASEReadCounter.table","NW_015090842.1:10255209",9,22,13
"LOC106888384","s1640_S_ADR_02_ASEReadCounter.table","NW_015090842.1:10255211",8,21,13
"LOC106888384","s1640_S_ADR_02_ASEReadCounter.table","NW_015090842.1:10255236",10,21,11
"LOC106888384","s1640_S_ADR_02_ASEReadCounter.table","NW_015090842.1:10255262",9,19,10
"LOC106888384","s1640_S_ADR_02_ASEReadCounter.table","NW_015090842.1:10255264",9,20,11
"LOC106888384","s1640_S_ADR_02_ASEReadCounter.table","NW_015090842.1:10255306",17,35,18
"LOC106888384","s1640_S_ADR_02_ASEReadCounter.table","NW_015090842.1:10255340",20,38,18
"LOC106888384","s1640_S_ADR_02_ASEReadCounter.table","NW_015090842.1:10255410",16,31,15
"LOC106888384","s1640_S_ADR_02_ASEReadCounter.table","NW_015090842.1:10255449",16,29,13
"LOC106888384","s1640_S_ADR_02_ASEReadCounter.table","NW_015090842.1:10255496",15,32,17
"LOC106888384","s1640_S_ADR_02_ASEReadCounter.table","NW_015090842.1:10255505",11,23,12
"LOC106888384","s1640_S_ADR_02_ASEReadCounter.table","NW_015090842.1:10255531",14,29,15
"LOC106888384","s1640_S_ADR_02_ASEReadCounter.table","NW_015090842.1:10255608",16,33,17
"LOC106888384","s1640_S_ADR_02_ASEReadCounter.table","NW_015090842.1:10255614",11,26,15
"LOC106888384","s1640_S_ADR_02_ASEReadCounter.table","NW_015090842.1:10255704",11,27,16
"LOC106888384","s1640_S_ADR_02_ASEReadCounter.table","NW_015090842.1:10255731",10,22,12
"LOC106888384","s1640_S_ADR_02_ASEReadCounter.table","NW_015090842.1:10255771",4,13,9
"TANGO6","s1640_S_ADR_02_ASEReadCounter.table","NW_015090842.1:10257782",7,13,6
"TANGO6","s1640_S_ADR_02_ASEReadCounter.table","NW_015090842.1:10258162",11,19,8
"TANGO6","s1640_S_ADR_02_ASEReadCounter.table","NW_015090842.1:10258185",8,19,11
"TANGO6","s1640_S_ADR_02_ASEReadCounter.table","NW_015090842.1:10259267",16,22,6
"TANGO6","s1640_S_ADR_02_ASEReadCounter.table","NW_015090842.1:10260250",35,63,28
"TANGO6","s1640_S_ADR_02_ASEReadCounter.table","NW_015090842.1:10260979",25,46,21
"TANGO6","s1640_S_ADR_02_ASEReadCounter.table","NW_015090842.1:10261599",30,48,18
"TANGO6","s1640_S_ADR_02_ASEReadCounter.table","NW_015090842.1:10268425",29,53,24
"TANGO6","s1640_S_ADR_02_ASEReadCounter.table","NW_015090842.1:10269831",34,64,30
"TANGO6","s1640_S_ADR_02_ASEReadCounter.table","NW_015090842.1:10270813",22,47,25
"TANGO6","s1640_S_ADR_02_ASEReadCounter.table","NW_015090842.1:10273952",15,27,12
"TANGO6","s1640_S_ADR_02_ASEReadCounter.table","NW_015090842.1:10273970",16,32,16
"TANGO6","s1640_S_ADR_02_ASEReadCounter.table","NW_015090842.1:10274018",18,37,19
"TANGO6","s1640_S_ADR_02_ASEReadCounter.table","NW_015090842.1:10275974",25,41,16
"TANGO6","s1640_S_ADR_02_ASEReadCounter.table","NW_015090842.1:10275976",25,40,15
"TANGO6","s1640_S_ADR_02_ASEReadCounter.table","NW_015090842.1:10276123",22,38,16
"TANGO6","s1640_S_ADR_02_ASEReadCounter.table","NW_015090842.1:10276271",13,32,19
"TANGO6","s1640_S_ADR_02_ASEReadCounter.table","NW_015090842.1:10276272",12,31,19
"TANGO6","s1640_S_ADR_02_ASEReadCounter.table","NW_015090842.1:10276275",13,31,18
"TANGO6","s1640_S_ADR_02_ASEReadCounter.table","NW_015090842.1:10276278",13,31,18
"TANGO6","s1640_S_ADR_02_ASEReadCounter.table","NW_015090842.1:10276368",10,18,8
"TANGO6","s1640_S_ADR_02_ASEReadCounter.table","NW_015090842.1:10276373",10,19,9
"TANGO6","s1640_S_ADR_02_ASEReadCounter.table","NW_015090842.1:10276630",21,35,14
"TANGO6","s1640_S_ADR_02_ASEReadCounter.table","NW_015090842.1:10281498",25,41,16
"TANGO6","s1640_S_ADR_02_ASEReadCounter.table","NW_015090842.1:10282842",23,41,18
"TANGO6","s1640_S_ADR_02_ASEReadCounter.table","NW_015090842.1:10282863",21,37,16
"TANGO6","s1640_S_ADR_02_ASEReadCounter.table","NW_015090842.1:10282869",22,38,16
"TANGO6","s1640_S_ADR_02_ASEReadCounter.table","NW_015090842.1:10282903",19,37,18
"TANGO6","s1640_S_ADR_02_ASEReadCounter.table","NW_015090842.1:10283757",26,41,15
"TANGO6","s1640_S_ADR_02_ASEReadCounter.table","NW_015090842.1:10283785",22,40,18
"HAS3","s1640_S_ADR_02_ASEReadCounter.table","NW_015090842.1:10290927",1,1,0
"CHTF8","s1640_S_ADR_02_ASEReadCounter.table","NW_015090842.1:10291319",3,7,4
"CHTF8","s1640_S_ADR_02_ASEReadCounter.table","NW_015090842.1:10291342",3,7,4
"CHTF8","s1640_S_ADR_02_ASEReadCounter.table","NW_015090842.1:10291491",11,17,6
"CHTF8","s1640_S_ADR_02_ASEReadCounter.table","NW_015090842.1:10291520",10,19,9
"CHTF8","s1640_S_ADR_02_ASEReadCounter.table","NW_015090842.1:10291593",9,20,11
"CHTF8","s1640_S_ADR_02_ASEReadCounter.table","NW_015090842.1:10291600",9,19,10
"CHTF8","s1640_S_ADR_02_ASEReadCounter.table","NW_015090842.1:10291609",10,19,9
"CHTF8","s1640_S_ADR_02_ASEReadCounter.table","NW_015090842.1:10291639",8,16,8
"CHTF8","s1640_S_ADR_02_ASEReadCounter.table","NW_015090842.1:10291641",8,16,8
"CHTF8","s1640_S_ADR_02_ASEReadCounter.table","NW_015090842.1:10291648",8,18,10
"CHTF8","s1640_S_ADR_02_ASEReadCounter.table","NW_015090842.1:10291656",9,21,12
"CHTF8","s1640_S_ADR_02_ASEReadCounter.table","NW_015090842.1:10291675",12,29,17
"CHTF8","s1640_S_ADR_02_ASEReadCounter.table","NW_015090842.1:10291696",15,32,17
"CHTF8","s1640_S_ADR_02_ASEReadCounter.table","NW_015090842.1:10291714",14,30,16
"CHTF8","s1640_S_ADR_02_ASEReadCounter.table","NW_015090842.1:10291732",17,34,17
"CHTF8","s1640_S_ADR_02_ASEReadCounter.table","NW_015090842.1:10291755",17,33,16
"CHTF8","s1640_S_ADR_02_ASEReadCounter.table","NW_015090842.1:10291756",18,34,16
"CHTF8","s1640_S_ADR_02_ASEReadCounter.table","NW_015090842.1:10291758",17,34,17
"CHTF8","s1640_S_ADR_02_ASEReadCounter.table","NW_015090842.1:10291792",16,27,11
"CHTF8","s1640_S_ADR_02_ASEReadCounter.table","NW_015090842.1:10291895",16,23,7
"CHTF8","s1640_S_ADR_02_ASEReadCounter.table","NW_015090842.1:10292132",10,20,10
"CHTF8","s1640_S_ADR_02_ASEReadCounter.table","NW_015090842.1:10292314",15,28,13
"CHTF8","s1640_S_ADR_02_ASEReadCounter.table","NW_015090842.1:10292317",14,27,13
"CHTF8","s1640_S_ADR_02_ASEReadCounter.table","NW_015090842.1:10292928",3,5,2
"UTP4","s1640_S_ADR_02_ASEReadCounter.table","NW_015090842.1:10293146",28,71,43
"UTP4","s1640_S_ADR_02_ASEReadCounter.table","NW_015090842.1:10293151",24,65,41
"UTP4","s1640_S_ADR_02_ASEReadCounter.table","NW_015090842.1:10293191",11,40,29
"UTP4","s1640_S_ADR_02_ASEReadCounter.table","NW_015090842.1:10293362",29,76,47
"UTP4","s1640_S_ADR_02_ASEReadCounter.table","NW_015090842.1:10293430",29,76,47
"UTP4","s1640_S_ADR_02_ASEReadCounter.table","NW_015090842.1:10293625",16,42,26
"UTP4","s1640_S_ADR_02_ASEReadCounter.table","NW_015090842.1:10293684",19,60,41
"UTP4","s1640_S_ADR_02_ASEReadCounter.table","NW_015090842.1:10294093",32,67,35
"UTP4","s1640_S_ADR_02_ASEReadCounter.table","NW_015090842.1:10294568",32,60,28
"UTP4","s1640_S_ADR_02_ASEReadCounter.table","NW_015090842.1:10294622",25,53,28
"UTP4","s1640_S_ADR_02_ASEReadCounter.table","NW_015090842.1:10294632",26,52,26
"UTP4","s1640_S_ADR_02_ASEReadCounter.table","NW_015090842.1:10295238",27,55,28
"UTP4","s1640_S_ADR_02_ASEReadCounter.table","NW_015090842.1:10295880",33,66,33
"UTP4","s1640_S_ADR_02_ASEReadCounter.table","NW_015090842.1:10295884",32,66,34
"UTP4","s1640_S_ADR_02_ASEReadCounter.table","NW_015090842.1:10295903",26,53,27
"UTP4","s1640_S_ADR_02_ASEReadCounter.table","NW_015090842.1:10295906",23,51,28
"UTP4","s1640_S_ADR_02_ASEReadCounter.table","NW_015090842.1:10295915",24,54,30
"UTP4","s1640_S_ADR_02_ASEReadCounter.table","NW_015090842.1:10295938",27,55,28
"UTP4","s1640_S_ADR_02_ASEReadCounter.table","NW_015090842.1:10296175",37,70,33
"UTP4","s1640_S_ADR_02_ASEReadCounter.table","NW_015090842.1:10296660",19,57,38
"UTP4","s1640_S_ADR_02_ASEReadCounter.table","NW_015090842.1:10296679",19,63,44
"UTP4","s1640_S_ADR_02_ASEReadCounter.table","NW_015090842.1:10297193",34,73,39
"UTP4","s1640_S_ADR_02_ASEReadCounter.table","NW_015090842.1:10297220",28,64,36
"UTP4","s1640_S_ADR_02_ASEReadCounter.table","NW_015090842.1:10297307",32,73,41
"UTP4","s1640_S_ADR_02_ASEReadCounter.table","NW_015090842.1:10297558",26,68,42
"UTP4","s1640_S_ADR_02_ASEReadCounter.table","NW_015090842.1:10297943",19,56,37
"UTP4","s1640_S_ADR_02_ASEReadCounter.table","NW_015090842.1:10297979",22,57,35
"UTP4","s1640_S_ADR_02_ASEReadCounter.table","NW_015090842.1:10298022",18,37,19
"UTP4","s1640_S_ADR_02_ASEReadCounter.table","NW_015090842.1:10298079",2,9,7
"UTP4","s1640_S_ADR_02_ASEReadCounter.table","NW_015090842.1:10298081",2,7,5
"UTP4","s1640_S_ADR_02_ASEReadCounter.table","NW_015090842.1:10298082",2,9,7
"SNTB2","s1640_S_ADR_02_ASEReadCounter.table","NW_015090842.1:10298905",2,3,1
"SNTB2","s1640_S_ADR_02_ASEReadCounter.table","NW_015090842.1:10298928",2,3,1
"SNTB2","s1640_S_ADR_02_ASEReadCounter.table","NW_015090842.1:10303506",23,46,23
"SNTB2","s1640_S_ADR_02_ASEReadCounter.table","NW_015090842.1:10303524",20,42,22
"SNTB2","s1640_S_ADR_02_ASEReadCounter.table","NW_015090842.1:10304059",15,34,19
"SNTB2","s1640_S_ADR_02_ASEReadCounter.table","NW_015090842.1:10304089",21,39,18
"SNTB2","s1640_S_ADR_02_ASEReadCounter.table","NW_015090842.1:10304167",19,27,8
"SNTB2","s1640_S_ADR_02_ASEReadCounter.table","NW_015090842.1:10304176",16,23,7
"SNTB2","s1640_S_ADR_02_ASEReadCounter.table","NW_015090842.1:10305069",17,29,12
"SNTB2","s1640_S_ADR_02_ASEReadCounter.table","NW_015090842.1:10305099",16,30,14
"SNTB2","s1640_S_ADR_02_ASEReadCounter.table","NW_015090842.1:10305451",14,29,15
"SNTB2","s1640_S_ADR_02_ASEReadCounter.table","NW_015090842.1:10305547",13,28,15
"SNTB2","s1640_S_ADR_02_ASEReadCounter.table","NW_015090842.1:10305847",19,25,6
"SNTB2","s1640_S_ADR_02_ASEReadCounter.table","NW_015090842.1:10305911",24,34,10
"SNTB2","s1640_S_ADR_02_ASEReadCounter.table","NW_015090842.1:10306173",16,32,16
"SNTB2","s1640_S_ADR_02_ASEReadCounter.table","NW_015090842.1:10306275",13,24,11
"SNTB2","s1640_S_ADR_02_ASEReadCounter.table","NW_015090842.1:10306457",9,21,12
"SNTB2","s1640_S_ADR_02_ASEReadCounter.table","NW_015090842.1:10306496",11,23,12
"SNTB2","s1640_S_ADR_02_ASEReadCounter.table","NW_015090842.1:10306499",11,23,12
"VPS4A","s1640_S_ADR_02_ASEReadCounter.table","NW_015090842.1:10308566",101,226,125
"VPS4A","s1640_S_ADR_02_ASEReadCounter.table","NW_015090842.1:10308573",104,231,127
"VPS4A","s1640_S_ADR_02_ASEReadCounter.table","NW_015090842.1:10308856",125,319,194
"VPS4A","s1640_S_ADR_02_ASEReadCounter.table","NW_015090842.1:10309056",181,393,212
"VPS4A","s1640_S_ADR_02_ASEReadCounter.table","NW_015090842.1:10309089",209,448,239
"VPS4A","s1640_S_ADR_02_ASEReadCounter.table","NW_015090842.1:10309392",195,431,236
"VPS4A","s1640_S_ADR_02_ASEReadCounter.table","NW_015090842.1:10309413",207,453,246
"VPS4A","s1640_S_ADR_02_ASEReadCounter.table","NW_015090842.1:10309467",193,464,271
"VPS4A","s1640_S_ADR_02_ASEReadCounter.table","NW_015090842.1:10310230",226,488,262
"VPS4A","s1640_S_ADR_02_ASEReadCounter.table","NW_015090842.1:10310425",195,399,204
"VPS4A","s1640_S_ADR_02_ASEReadCounter.table","NW_015090842.1:10310639",196,439,243
"VPS4A","s1640_S_ADR_02_ASEReadCounter.table","NW_015090842.1:10310640",195,444,249
"VPS4A","s1640_S_ADR_02_ASEReadCounter.table","NW_015090842.1:10310687",218,469,251
"VPS4A","s1640_S_ADR_02_ASEReadCounter.table","NW_015090842.1:10310734",178,377,199
"VPS4A","s1640_S_ADR_02_ASEReadCounter.table","NW_015090842.1:10310737",183,384,201
"VPS4A","s1640_S_ADR_02_ASEReadCounter.table","NW_015090842.1:10310746",188,391,203
"VPS4A","s1640_S_ADR_02_ASEReadCounter.table","NW_015090842.1:10310767",181,375,194
"VPS4A","s1640_S_ADR_02_ASEReadCounter.table","NW_015090842.1:10310995",160,346,186
"VPS4A","s1640_S_ADR_02_ASEReadCounter.table","NW_015090842.1:10311004",151,327,176
"VPS4A","s1640_S_ADR_02_ASEReadCounter.table","NW_015090842.1:10311007",156,341,185
"VPS4A","s1640_S_ADR_02_ASEReadCounter.table","NW_015090842.1:10311013",159,334,175
"VPS4A","s1640_S_ADR_02_ASEReadCounter.table","NW_015090842.1:10311022",132,301,169
"VPS4A","s1640_S_ADR_02_ASEReadCounter.table","NW_015090842.1:10311023",132,303,171
"VPS4A","s1640_S_ADR_02_ASEReadCounter.table","NW_015090842.1:10311426",167,365,198
"VPS4A","s1640_S_ADR_02_ASEReadCounter.table","NW_015090842.1:10311489",3,14,11
"VPS4A","s1640_S_ADR_02_ASEReadCounter.table","NW_015090842.1:10311490",3,11,8
"VPS4A","s1640_S_ADR_02_ASEReadCounter.table","NW_015090842.1:10311525",9,15,6
"VPS4A","s1640_S_ADR_02_ASEReadCounter.table","NW_015090842.1:10311529",8,18,10
"VPS4A","s1640_S_ADR_02_ASEReadCounter.table","NW_015090842.1:10311530",8,20,12
"VPS4A","s1640_S_ADR_02_ASEReadCounter.table","NW_015090842.1:10311552",28,43,15
"VPS4A","s1640_S_ADR_02_ASEReadCounter.table","NW_015090842.1:10311689",24,40,16
"VPS4A","s1640_S_ADR_02_ASEReadCounter.table","NW_015090842.1:10311700",29,42,13
"VPS4A","s1640_S_ADR_02_ASEReadCounter.table","NW_015090842.1:10311701",29,44,15
"VPS4A","s1640_S_ADR_02_ASEReadCounter.table","NW_015090842.1:10311703",29,42,13
"COG8","s1640_S_ADR_02_ASEReadCounter.table","NW_015090842.1:10313487",13,42,29
"COG8","s1640_S_ADR_02_ASEReadCounter.table","NW_015090842.1:10313559",23,50,27
"COG8","s1640_S_ADR_02_ASEReadCounter.table","NW_015090842.1:10313579",24,50,26
"COG8","s1640_S_ADR_02_ASEReadCounter.table","NW_015090842.1:10313665",19,43,24
"COG8","s1640_S_ADR_02_ASEReadCounter.table","NW_015090842.1:10313681",15,43,28
"COG8","s1640_S_ADR_02_ASEReadCounter.table","NW_015090842.1:10313768",33,85,52
"COG8","s1640_S_ADR_02_ASEReadCounter.table","NW_015090842.1:10313775",34,86,52
"COG8","s1640_S_ADR_02_ASEReadCounter.table","NW_015090842.1:10313811",31,73,42
"COG8","s1640_S_ADR_02_ASEReadCounter.table","NW_015090842.1:10313858",26,54,28
"COG8","s1640_S_ADR_02_ASEReadCounter.table","NW_015090842.1:10313859",53,53,0
"COG8","s1640_S_ADR_02_ASEReadCounter.table","NW_015090842.1:10314100",34,69,35
"COG8","s1640_S_ADR_02_ASEReadCounter.table","NW_015090842.1:10314213",28,55,27
"COG8","s1640_S_ADR_02_ASEReadCounter.table","NW_015090842.1:10315093",27,49,22
"COG8","s1640_S_ADR_02_ASEReadCounter.table","NW_015090842.1:10315162",22,53,31
"COG8","s1640_S_ADR_02_ASEReadCounter.table","NW_015090842.1:10315285",40,76,36
"COG8","s1640_S_ADR_02_ASEReadCounter.table","NW_015090842.1:10315360",18,48,30
"COG8","s1640_S_ADR_02_ASEReadCounter.table","NW_015090842.1:10315369",16,47,31
"COG8","s1640_S_ADR_02_ASEReadCounter.table","NW_015090842.1:10315508",21,47,26
"COG8","s1640_S_ADR_02_ASEReadCounter.table","NW_015090842.1:10315624",26,74,48
"COG8","s1640_S_ADR_02_ASEReadCounter.table","NW_015090842.1:10315693",23,53,30
"COG8","s1640_S_ADR_02_ASEReadCounter.table","NW_015090842.1:10315698",23,58,35
"COG8","s1640_S_ADR_02_ASEReadCounter.table","NW_015090842.1:10315768",16,47,31
"COG8","s1640_S_ADR_02_ASEReadCounter.table","NW_015090842.1:10315769",16,46,30
"COG8","s1640_S_ADR_02_ASEReadCounter.table","NW_015090842.1:10315784",16,44,28
"COG8","s1640_S_ADR_02_ASEReadCounter.table","NW_015090842.1:10316093",21,37,16
"COG8","s1640_S_ADR_02_ASEReadCounter.table","NW_015090842.1:10316133",16,33,17
"NIP7","s1640_S_ADR_02_ASEReadCounter.table","NW_015090842.1:10316759",24,56,32
"NIP7","s1640_S_ADR_02_ASEReadCounter.table","NW_015090842.1:10316967",120,223,103
"NIP7","s1640_S_ADR_02_ASEReadCounter.table","NW_015090842.1:10316995",139,245,106
"NIP7","s1640_S_ADR_02_ASEReadCounter.table","NW_015090842.1:10317240",200,370,170
"NIP7","s1640_S_ADR_02_ASEReadCounter.table","NW_015090842.1:10317247",204,366,162
"NIP7","s1640_S_ADR_02_ASEReadCounter.table","NW_015090842.1:10317264",201,350,149
"NIP7","s1640_S_ADR_02_ASEReadCounter.table","NW_015090842.1:10317433",215,416,201
"NIP7","s1640_S_ADR_02_ASEReadCounter.table","NW_015090842.1:10317738",146,312,166
"NIP7","s1640_S_ADR_02_ASEReadCounter.table","NW_015090842.1:10317769",157,317,160
"NIP7","s1640_S_ADR_02_ASEReadCounter.table","NW_015090842.1:10317808",89,175,86
"NIP7","s1640_S_ADR_02_ASEReadCounter.table","NW_015090842.1:10317870",68,143,75
"NIP7","s1640_S_ADR_02_ASEReadCounter.table","NW_015090842.1:10317871",68,140,72
"NIP7","s1640_S_ADR_02_ASEReadCounter.table","NW_015090842.1:10317898",56,111,55
"NIP7","s1640_S_ADR_02_ASEReadCounter.table","NW_015090842.1:10317911",54,104,50
"TMED6","s1640_S_ADR_02_ASEReadCounter.table","NW_015090842.1:10318514",2,2,0
"TMED6","s1640_S_ADR_02_ASEReadCounter.table","NW_015090842.1:10318731",1,2,1
"TERF2","s1640_S_ADR_02_ASEReadCounter.table","NW_015090842.1:10321768",18,35,17
"TERF2","s1640_S_ADR_02_ASEReadCounter.table","NW_015090842.1:10321777",19,38,19
"TERF2","s1640_S_ADR_02_ASEReadCounter.table","NW_015090842.1:10321805",22,40,18
"TERF2","s1640_S_ADR_02_ASEReadCounter.table","NW_015090842.1:10321878",31,53,22
"TERF2","s1640_S_ADR_02_ASEReadCounter.table","NW_015090842.1:10321893",1,48,47
"TERF2","s1640_S_ADR_02_ASEReadCounter.table","NW_015090842.1:10321897",20,41,21
"TERF2","s1640_S_ADR_02_ASEReadCounter.table","NW_015090842.1:10321908",19,38,19
"TERF2","s1640_S_ADR_02_ASEReadCounter.table","NW_015090842.1:10322001",33,65,32
"TERF2","s1640_S_ADR_02_ASEReadCounter.table","NW_015090842.1:10322035",19,44,25
"TERF2","s1640_S_ADR_02_ASEReadCounter.table","NW_015090842.1:10322051",17,51,34
"TERF2","s1640_S_ADR_02_ASEReadCounter.table","NW_015090842.1:10322137",29,55,26
"TERF2","s1640_S_ADR_02_ASEReadCounter.table","NW_015090842.1:10322144",31,57,26
"TERF2","s1640_S_ADR_02_ASEReadCounter.table","NW_015090842.1:10322388",24,58,34
"TERF2","s1640_S_ADR_02_ASEReadCounter.table","NW_015090842.1:10322396",24,58,34
"TERF2","s1640_S_ADR_02_ASEReadCounter.table","NW_015090842.1:10322502",42,82,40
"TERF2","s1640_S_ADR_02_ASEReadCounter.table","NW_015090842.1:10322504",41,83,42
"TERF2","s1640_S_ADR_02_ASEReadCounter.table","NW_015090842.1:10322510",45,85,40
"TERF2","s1640_S_ADR_02_ASEReadCounter.table","NW_015090842.1:10323580",33,81,48
"TERF2","s1640_S_ADR_02_ASEReadCounter.table","NW_015090842.1:10324314",29,70,41
"TERF2","s1640_S_ADR_02_ASEReadCounter.table","NW_015090842.1:10326832",34,61,27
"TERF2","s1640_S_ADR_02_ASEReadCounter.table","NW_015090842.1:10327787",26,53,27
"TERF2","s1640_S_ADR_02_ASEReadCounter.table","NW_015090842.1:10328588",38,80,42
"TERF2","s1640_S_ADR_02_ASEReadCounter.table","NW_015090842.1:10328644",37,73,36
"TERF2","s1640_S_ADR_02_ASEReadCounter.table","NW_015090842.1:10329813",21,35,14
"TERF2","s1640_S_ADR_02_ASEReadCounter.table","NW_015090842.1:10330749",22,34,12
"TERF2","s1640_S_ADR_02_ASEReadCounter.table","NW_015090842.1:10330789",22,33,11
"CYB5B","s1640_S_ADR_02_ASEReadCounter.table","NW_015090842.1:10336595",13,30,17
"CYB5B","s1640_S_ADR_02_ASEReadCounter.table","NW_015090842.1:10336667",136,232,96
"CYB5B","s1640_S_ADR_02_ASEReadCounter.table","NW_015090842.1:10336689",183,327,144
"CYB5B","s1640_S_ADR_02_ASEReadCounter.table","NW_015090842.1:10336728",232,430,198
"CYB5B","s1640_S_ADR_02_ASEReadCounter.table","NW_015090842.1:10345068",204,415,211
"CYB5B","s1640_S_ADR_02_ASEReadCounter.table","NW_015090842.1:10348800",323,590,267
"CYB5B","s1640_S_ADR_02_ASEReadCounter.table","NW_015090842.1:10349046",266,492,226
"CYB5B","s1640_S_ADR_02_ASEReadCounter.table","NW_015090842.1:10349119",141,373,232
"CYB5B","s1640_S_ADR_02_ASEReadCounter.table","NW_015090842.1:10349146",107,319,212
"CYB5B","s1640_S_ADR_02_ASEReadCounter.table","NW_015090842.1:10349157",169,381,212
"CYB5B","s1640_S_ADR_02_ASEReadCounter.table","NW_015090842.1:10349263",279,279,0
