"gene","id","snp","ref_count","total_count","alt_count"
"CENPN","s1640_S_LIV_01_ASEReadCounter.table","NW_015090842.1:5801692",0,1,1
"CENPN","s1640_S_LIV_01_ASEReadCounter.table","NW_015090842.1:5802087",0,2,2
"CENPN","s1640_S_LIV_01_ASEReadCounter.table","NW_015090842.1:5810113",1,2,1
"CENPN","s1640_S_LIV_01_ASEReadCounter.table","NW_015090842.1:5810147",2,3,1
"CENPN","s1640_S_LIV_01_ASEReadCounter.table","NW_015090842.1:5810148",2,3,1
"ATMIN","s1640_S_LIV_01_ASEReadCounter.table","NW_015090842.1:5818789",1,2,1
"ATMIN","s1640_S_LIV_01_ASEReadCounter.table","NW_015090842.1:5819958",2,3,1
"ATMIN","s1640_S_LIV_01_ASEReadCounter.table","NW_015090842.1:5820004",2,4,2
"ATMIN","s1640_S_LIV_01_ASEReadCounter.table","NW_015090842.1:5820217",1,1,0
"ATMIN","s1640_S_LIV_01_ASEReadCounter.table","NW_015090842.1:5820298",0,1,1
"ATMIN","s1640_S_LIV_01_ASEReadCounter.table","NW_015090842.1:5820417",0,2,2
"ATMIN","s1640_S_LIV_01_ASEReadCounter.table","NW_015090842.1:5820421",0,2,2
"ATMIN","s1640_S_LIV_01_ASEReadCounter.table","NW_015090842.1:5820448",0,2,2
"ATMIN","s1640_S_LIV_01_ASEReadCounter.table","NW_015090842.1:5820457",0,2,2
"ATMIN","s1640_S_LIV_01_ASEReadCounter.table","NW_015090842.1:5820510",0,2,2
"ATMIN","s1640_S_LIV_01_ASEReadCounter.table","NW_015090842.1:5820889",1,2,1
"ATMIN","s1640_S_LIV_01_ASEReadCounter.table","NW_015090842.1:5820891",1,2,1
"ATMIN","s1640_S_LIV_01_ASEReadCounter.table","NW_015090842.1:5820997",0,4,4
"ATMIN","s1640_S_LIV_01_ASEReadCounter.table","NW_015090842.1:5821063",1,3,2
"ATMIN","s1640_S_LIV_01_ASEReadCounter.table","NW_015090842.1:5821645",1,2,1
"ATMIN","s1640_S_LIV_01_ASEReadCounter.table","NW_015090842.1:5825066",1,2,1
"ATMIN","s1640_S_LIV_01_ASEReadCounter.table","NW_015090842.1:5825106",1,3,2
"ATMIN","s1640_S_LIV_01_ASEReadCounter.table","NW_015090842.1:5825122",2,4,2
"ATMIN","s1640_S_LIV_01_ASEReadCounter.table","NW_015090842.1:5825178",1,3,2
"ATMIN","s1640_S_LIV_01_ASEReadCounter.table","NW_015090842.1:5825194",1,3,2
"ATMIN","s1640_S_LIV_01_ASEReadCounter.table","NW_015090842.1:5825195",1,3,2
"ATMIN","s1640_S_LIV_01_ASEReadCounter.table","NW_015090842.1:5825220",1,4,3
"ATMIN","s1640_S_LIV_01_ASEReadCounter.table","NW_015090842.1:5825240",2,5,3
"ATMIN","s1640_S_LIV_01_ASEReadCounter.table","NW_015090842.1:5825303",5,9,4
"ATMIN","s1640_S_LIV_01_ASEReadCounter.table","NW_015090842.1:5825304",5,9,4
"ATMIN","s1640_S_LIV_01_ASEReadCounter.table","NW_015090842.1:5825310",6,10,4
"ATMIN","s1640_S_LIV_01_ASEReadCounter.table","NW_015090842.1:5825406",2,4,2
"ATMIN","s1640_S_LIV_01_ASEReadCounter.table","NW_015090842.1:5825415",1,4,3
"ATMIN","s1640_S_LIV_01_ASEReadCounter.table","NW_015090842.1:5825438",2,5,3
"ATMIN","s1640_S_LIV_01_ASEReadCounter.table","NW_015090842.1:5825485",4,6,2
"ATMIN","s1640_S_LIV_01_ASEReadCounter.table","NW_015090842.1:5825524",3,7,4
"ATMIN","s1640_S_LIV_01_ASEReadCounter.table","NW_015090842.1:5825557",2,7,5
"ATMIN","s1640_S_LIV_01_ASEReadCounter.table","NW_015090842.1:5825571",2,7,5
"ATMIN","s1640_S_LIV_01_ASEReadCounter.table","NW_015090842.1:5825579",2,7,5
"ATMIN","s1640_S_LIV_01_ASEReadCounter.table","NW_015090842.1:5825590",1,4,3
"ATMIN","s1640_S_LIV_01_ASEReadCounter.table","NW_015090842.1:5825689",3,7,4
"ATMIN","s1640_S_LIV_01_ASEReadCounter.table","NW_015090842.1:5825703",3,6,3
"ATMIN","s1640_S_LIV_01_ASEReadCounter.table","NW_015090842.1:5825787",2,6,4
"ATMIN","s1640_S_LIV_01_ASEReadCounter.table","NW_015090842.1:5825833",2,7,5
"ATMIN","s1640_S_LIV_01_ASEReadCounter.table","NW_015090842.1:5825841",1,7,6
"ATMIN","s1640_S_LIV_01_ASEReadCounter.table","NW_015090842.1:5825895",3,10,7
"ATMIN","s1640_S_LIV_01_ASEReadCounter.table","NW_015090842.1:5825984",6,9,3
"ATMIN","s1640_S_LIV_01_ASEReadCounter.table","NW_015090842.1:5826162",8,10,2
"ATMIN","s1640_S_LIV_01_ASEReadCounter.table","NW_015090842.1:5826194",8,10,2
"ATMIN","s1640_S_LIV_01_ASEReadCounter.table","NW_015090842.1:5826235",12,15,3
"ATMIN","s1640_S_LIV_01_ASEReadCounter.table","NW_015090842.1:5826245",12,18,6
"ATMIN","s1640_S_LIV_01_ASEReadCounter.table","NW_015090842.1:5826335",5,10,5
"ATMIN","s1640_S_LIV_01_ASEReadCounter.table","NW_015090842.1:5826417",4,9,5
"ATMIN","s1640_S_LIV_01_ASEReadCounter.table","NW_015090842.1:5826431",4,9,5
"ATMIN","s1640_S_LIV_01_ASEReadCounter.table","NW_015090842.1:5826438",4,9,5
"ATMIN","s1640_S_LIV_01_ASEReadCounter.table","NW_015090842.1:5826463",5,11,6
"ATMIN","s1640_S_LIV_01_ASEReadCounter.table","NW_015090842.1:5826502",3,10,7
"ATMIN","s1640_S_LIV_01_ASEReadCounter.table","NW_015090842.1:5826511",3,10,7
"ATMIN","s1640_S_LIV_01_ASEReadCounter.table","NW_015090842.1:5826659",7,19,12
"ATMIN","s1640_S_LIV_01_ASEReadCounter.table","NW_015090842.1:5826701",5,16,11
"ATMIN","s1640_S_LIV_01_ASEReadCounter.table","NW_015090842.1:5826702",5,16,11
"ATMIN","s1640_S_LIV_01_ASEReadCounter.table","NW_015090842.1:5826732",8,24,16
"ATMIN","s1640_S_LIV_01_ASEReadCounter.table","NW_015090842.1:5826745",8,22,14
"ATMIN","s1640_S_LIV_01_ASEReadCounter.table","NW_015090842.1:5826835",21,42,21
"ATMIN","s1640_S_LIV_01_ASEReadCounter.table","NW_015090842.1:5826910",20,39,19
"ATMIN","s1640_S_LIV_01_ASEReadCounter.table","NW_015090842.1:5826942",17,41,24
"ATMIN","s1640_S_LIV_01_ASEReadCounter.table","NW_015090842.1:5827193",33,74,41
"ATMIN","s1640_S_LIV_01_ASEReadCounter.table","NW_015090842.1:5827196",33,75,42
"ATMIN","s1640_S_LIV_01_ASEReadCounter.table","NW_015090842.1:5827269",47,82,35
"ATMIN","s1640_S_LIV_01_ASEReadCounter.table","NW_015090842.1:5827315",44,84,40
"ATMIN","s1640_S_LIV_01_ASEReadCounter.table","NW_015090842.1:5827316",46,88,42
"ATMIN","s1640_S_LIV_01_ASEReadCounter.table","NW_015090842.1:5827333",47,86,39
"PKD1L2","s1640_S_LIV_01_ASEReadCounter.table","NW_015090842.1:5867509",1,2,1
"PKD1L2","s1640_S_LIV_01_ASEReadCounter.table","NW_015090842.1:5867597",0,1,1
"PKD1L2","s1640_S_LIV_01_ASEReadCounter.table","NW_015090842.1:5867600",0,1,1
"PKD1L2","s1640_S_LIV_01_ASEReadCounter.table","NW_015090842.1:5867843",0,2,2
"PKD1L2","s1640_S_LIV_01_ASEReadCounter.table","NW_015090842.1:5872948",0,1,1
"BCO1","s1640_S_LIV_01_ASEReadCounter.table","NW_015090842.1:5915610",3,19,16
"BCO1","s1640_S_LIV_01_ASEReadCounter.table","NW_015090842.1:5915646",4,23,19
"BCO1","s1640_S_LIV_01_ASEReadCounter.table","NW_015090842.1:5917836",7,26,19
"BCO1","s1640_S_LIV_01_ASEReadCounter.table","NW_015090842.1:5917912",56,192,136
"BCO1","s1640_S_LIV_01_ASEReadCounter.table","NW_015090842.1:5917941",78,252,174
"BCO1","s1640_S_LIV_01_ASEReadCounter.table","NW_015090842.1:5917971",87,309,222
"BCO1","s1640_S_LIV_01_ASEReadCounter.table","NW_015090842.1:5921679",83,311,228
"BCO1","s1640_S_LIV_01_ASEReadCounter.table","NW_015090842.1:5921726",83,264,181
"BCO1","s1640_S_LIV_01_ASEReadCounter.table","NW_015090842.1:5925669",56,208,152
"BCO1","s1640_S_LIV_01_ASEReadCounter.table","NW_015090842.1:5925753",72,219,147
"BCO1","s1640_S_LIV_01_ASEReadCounter.table","NW_015090842.1:5926937",65,225,160
"BCO1","s1640_S_LIV_01_ASEReadCounter.table","NW_015090842.1:5927921",80,270,190
"BCO1","s1640_S_LIV_01_ASEReadCounter.table","NW_015090842.1:5927948",77,277,200
"BCO1","s1640_S_LIV_01_ASEReadCounter.table","NW_015090842.1:5927968",85,296,211
"BCO1","s1640_S_LIV_01_ASEReadCounter.table","NW_015090842.1:5928052",69,250,181
"BCO1","s1640_S_LIV_01_ASEReadCounter.table","NW_015090842.1:5932726",200,552,352
"BCO1","s1640_S_LIV_01_ASEReadCounter.table","NW_015090842.1:5932801",171,505,334
"BCO1","s1640_S_LIV_01_ASEReadCounter.table","NW_015090842.1:5934558",249,789,540
"BCO1","s1640_S_LIV_01_ASEReadCounter.table","NW_015090842.1:5934575",272,868,596
"BCO1","s1640_S_LIV_01_ASEReadCounter.table","NW_015090842.1:5934608",313,976,663
"BCO1","s1640_S_LIV_01_ASEReadCounter.table","NW_015090842.1:5934647",339,987,648
"BCO1","s1640_S_LIV_01_ASEReadCounter.table","NW_015090842.1:5934725",366,1025,659
"BCO1","s1640_S_LIV_01_ASEReadCounter.table","NW_015090842.1:5934726",365,1018,653
"BCO1","s1640_S_LIV_01_ASEReadCounter.table","NW_015090842.1:5934733",354,968,614
"BCO1","s1640_S_LIV_01_ASEReadCounter.table","NW_015090842.1:5934821",335,1022,687
"BCO1","s1640_S_LIV_01_ASEReadCounter.table","NW_015090842.1:5934826",308,1065,757
"BCO1","s1640_S_LIV_01_ASEReadCounter.table","NW_015090842.1:5934844",208,818,610
"BCO1","s1640_S_LIV_01_ASEReadCounter.table","NW_015090842.1:5934958",531,1380,849
"BCO1","s1640_S_LIV_01_ASEReadCounter.table","NW_015090842.1:5934976",553,1529,976
"GAN","s1640_S_LIV_01_ASEReadCounter.table","NW_015090842.1:5953759",4,4,0
"GAN","s1640_S_LIV_01_ASEReadCounter.table","NW_015090842.1:5957502",1,2,1
"GAN","s1640_S_LIV_01_ASEReadCounter.table","NW_015090842.1:5957578",2,5,3
"GAN","s1640_S_LIV_01_ASEReadCounter.table","NW_015090842.1:5965028",1,7,6
"GAN","s1640_S_LIV_01_ASEReadCounter.table","NW_015090842.1:5966047",4,13,9
"GAN","s1640_S_LIV_01_ASEReadCounter.table","NW_015090842.1:5966126",1,13,12
"GAN","s1640_S_LIV_01_ASEReadCounter.table","NW_015090842.1:5966127",2,13,11
"GAN","s1640_S_LIV_01_ASEReadCounter.table","NW_015090842.1:5966162",7,21,14
"GAN","s1640_S_LIV_01_ASEReadCounter.table","NW_015090842.1:5966483",22,61,39
"CMIP","s1640_S_LIV_01_ASEReadCounter.table","NW_015090842.1:6109159",1,2,1
"CMIP","s1640_S_LIV_01_ASEReadCounter.table","NW_015090842.1:6109166",1,2,1
"CMIP","s1640_S_LIV_01_ASEReadCounter.table","NW_015090842.1:6114641",3,3,0
"CMIP","s1640_S_LIV_01_ASEReadCounter.table","NW_015090842.1:6114751",2,6,4
"CMIP","s1640_S_LIV_01_ASEReadCounter.table","NW_015090842.1:6114824",2,6,4
"CMIP","s1640_S_LIV_01_ASEReadCounter.table","NW_015090842.1:6128998",3,4,1
"CMIP","s1640_S_LIV_01_ASEReadCounter.table","NW_015090842.1:6130562",6,6,0
"CMIP","s1640_S_LIV_01_ASEReadCounter.table","NW_015090842.1:6132522",7,8,1
"CMIP","s1640_S_LIV_01_ASEReadCounter.table","NW_015090842.1:6134088",7,9,2
"CMIP","s1640_S_LIV_01_ASEReadCounter.table","NW_015090842.1:6138265",88,135,47
"CMIP","s1640_S_LIV_01_ASEReadCounter.table","NW_015090842.1:6138300",73,119,46
"CMIP","s1640_S_LIV_01_ASEReadCounter.table","NW_015090842.1:6138342",61,90,29
"CMIP","s1640_S_LIV_01_ASEReadCounter.table","NW_015090842.1:6138343",61,88,27
"CMIP","s1640_S_LIV_01_ASEReadCounter.table","NW_015090842.1:6138345",61,91,30
"CMIP","s1640_S_LIV_01_ASEReadCounter.table","NW_015090842.1:6138647",20,32,12
"CMIP","s1640_S_LIV_01_ASEReadCounter.table","NW_015090842.1:6138745",17,26,9
"CMIP","s1640_S_LIV_01_ASEReadCounter.table","NW_015090842.1:6138832",1,8,7
"CMIP","s1640_S_LIV_01_ASEReadCounter.table","NW_015090842.1:6138967",14,17,3
"CMIP","s1640_S_LIV_01_ASEReadCounter.table","NW_015090842.1:6139131",2,4,2
"CMIP","s1640_S_LIV_01_ASEReadCounter.table","NW_015090842.1:6139163",2,4,2
"CMIP","s1640_S_LIV_01_ASEReadCounter.table","NW_015090842.1:6139360",7,11,4
"CMIP","s1640_S_LIV_01_ASEReadCounter.table","NW_015090842.1:6139572",3,11,8
"CMIP","s1640_S_LIV_01_ASEReadCounter.table","NW_015090842.1:6139773",26,51,25
"PLCG2","s1640_S_LIV_01_ASEReadCounter.table","NW_015090842.1:6179613",22,31,9
"PLCG2","s1640_S_LIV_01_ASEReadCounter.table","NW_015090842.1:6179658",53,62,9
"PLCG2","s1640_S_LIV_01_ASEReadCounter.table","NW_015090842.1:6203766",5,6,1
"PLCG2","s1640_S_LIV_01_ASEReadCounter.table","NW_015090842.1:6203775",5,7,2
"PLCG2","s1640_S_LIV_01_ASEReadCounter.table","NW_015090842.1:6203787",4,6,2
"PLCG2","s1640_S_LIV_01_ASEReadCounter.table","NW_015090842.1:6205047",5,9,4
"PLCG2","s1640_S_LIV_01_ASEReadCounter.table","NW_015090842.1:6208541",2,3,1
"PLCG2","s1640_S_LIV_01_ASEReadCounter.table","NW_015090842.1:6209741",3,7,4
"PLCG2","s1640_S_LIV_01_ASEReadCounter.table","NW_015090842.1:6209798",3,8,5
"PLCG2","s1640_S_LIV_01_ASEReadCounter.table","NW_015090842.1:6209816",2,7,5
"PLCG2","s1640_S_LIV_01_ASEReadCounter.table","NW_015090842.1:6217547",3,8,5
"PLCG2","s1640_S_LIV_01_ASEReadCounter.table","NW_015090842.1:6218641",3,9,6
"PLCG2","s1640_S_LIV_01_ASEReadCounter.table","NW_015090842.1:6220552",4,13,9
"PLCG2","s1640_S_LIV_01_ASEReadCounter.table","NW_015090842.1:6221969",2,13,11
"PLCG2","s1640_S_LIV_01_ASEReadCounter.table","NW_015090842.1:6228672",7,24,17
"PLCG2","s1640_S_LIV_01_ASEReadCounter.table","NW_015090842.1:6228694",8,22,14
"PLCG2","s1640_S_LIV_01_ASEReadCounter.table","NW_015090842.1:6228722",9,20,11
"PLCG2","s1640_S_LIV_01_ASEReadCounter.table","NW_015090842.1:6228747",4,20,16
"PLCG2","s1640_S_LIV_01_ASEReadCounter.table","NW_015090842.1:6228835",10,41,31
"PLCG2","s1640_S_LIV_01_ASEReadCounter.table","NW_015090842.1:6228841",10,45,35
"PLCG2","s1640_S_LIV_01_ASEReadCounter.table","NW_015090842.1:6228865",8,42,34
"PLCG2","s1640_S_LIV_01_ASEReadCounter.table","NW_015090842.1:6228917",10,43,33
"PLCG2","s1640_S_LIV_01_ASEReadCounter.table","NW_015090842.1:6228926",7,37,30
"PLCG2","s1640_S_LIV_01_ASEReadCounter.table","NW_015090842.1:6228954",4,15,11
"PLCG2","s1640_S_LIV_01_ASEReadCounter.table","NW_015090842.1:6229002",5,15,10
"PLCG2","s1640_S_LIV_01_ASEReadCounter.table","NW_015090842.1:6229006",5,14,9
"PLCG2","s1640_S_LIV_01_ASEReadCounter.table","NW_015090842.1:6229081",4,8,4
"PLCG2","s1640_S_LIV_01_ASEReadCounter.table","NW_015090842.1:6229097",1,3,2
"PLCG2","s1640_S_LIV_01_ASEReadCounter.table","NW_015090842.1:6229160",1,3,2
"PLCG2","s1640_S_LIV_01_ASEReadCounter.table","NW_015090842.1:6229213",3,5,2
"PLCG2","s1640_S_LIV_01_ASEReadCounter.table","NW_015090842.1:6229231",5,8,3
"PLCG2","s1640_S_LIV_01_ASEReadCounter.table","NW_015090842.1:6229663",8,10,2
"PLCG2","s1640_S_LIV_01_ASEReadCounter.table","NW_015090842.1:6229748",5,10,5
"PLCG2","s1640_S_LIV_01_ASEReadCounter.table","NW_015090842.1:6229892",6,10,4
"PLCG2","s1640_S_LIV_01_ASEReadCounter.table","NW_015090842.1:6230248",4,4,0
"PLCG2","s1640_S_LIV_01_ASEReadCounter.table","NW_015090842.1:6230255",4,4,0
"PLCG2","s1640_S_LIV_01_ASEReadCounter.table","NW_015090842.1:6230296",1,1,0
"PLCG2","s1640_S_LIV_01_ASEReadCounter.table","NW_015090842.1:6230349",9,12,3
"PLCG2","s1640_S_LIV_01_ASEReadCounter.table","NW_015090842.1:6230381",9,12,3
"PLCG2","s1640_S_LIV_01_ASEReadCounter.table","NW_015090842.1:6230408",10,13,3
"PLCG2","s1640_S_LIV_01_ASEReadCounter.table","NW_015090842.1:6230439",9,11,2
"PLCG2","s1640_S_LIV_01_ASEReadCounter.table","NW_015090842.1:6230757",5,9,4
"PLCG2","s1640_S_LIV_01_ASEReadCounter.table","NW_015090842.1:6230758",6,10,4
"PLCG2","s1640_S_LIV_01_ASEReadCounter.table","NW_015090842.1:6230898",21,26,5
"PLCG2","s1640_S_LIV_01_ASEReadCounter.table","NW_015090842.1:6230976",23,27,4
"PLCG2","s1640_S_LIV_01_ASEReadCounter.table","NW_015090842.1:6231078",34,41,7
"PLCG2","s1640_S_LIV_01_ASEReadCounter.table","NW_015090842.1:6231138",47,53,6
"PLCG2","s1640_S_LIV_01_ASEReadCounter.table","NW_015090842.1:6231177",58,63,5
"PLCG2","s1640_S_LIV_01_ASEReadCounter.table","NW_015090842.1:6231263",58,65,7
"PLCG2","s1640_S_LIV_01_ASEReadCounter.table","NW_015090842.1:6231309",41,45,4
"SDR42E1","s1640_S_LIV_01_ASEReadCounter.table","NW_015090842.1:6235292",8,16,8
"SDR42E1","s1640_S_LIV_01_ASEReadCounter.table","NW_015090842.1:6235315",9,25,16
"SDR42E1","s1640_S_LIV_01_ASEReadCounter.table","NW_015090842.1:6235348",24,42,18
"SDR42E1","s1640_S_LIV_01_ASEReadCounter.table","NW_015090842.1:6235355",26,44,18
"SDR42E1","s1640_S_LIV_01_ASEReadCounter.table","NW_015090842.1:6235417",31,49,18
"SDR42E1","s1640_S_LIV_01_ASEReadCounter.table","NW_015090842.1:6235526",37,37,0
"SDR42E1","s1640_S_LIV_01_ASEReadCounter.table","NW_015090842.1:6235558",18,30,12
"SDR42E1","s1640_S_LIV_01_ASEReadCounter.table","NW_015090842.1:6235603",37,37,0
"SDR42E1","s1640_S_LIV_01_ASEReadCounter.table","NW_015090842.1:6235741",11,16,5
"SDR42E1","s1640_S_LIV_01_ASEReadCounter.table","NW_015090842.1:6235777",9,18,9
"SDR42E1","s1640_S_LIV_01_ASEReadCounter.table","NW_015090842.1:6235806",13,21,8
"SDR42E1","s1640_S_LIV_01_ASEReadCounter.table","NW_015090842.1:6235809",13,21,8
"SDR42E1","s1640_S_LIV_01_ASEReadCounter.table","NW_015090842.1:6235816",13,20,7
"SDR42E1","s1640_S_LIV_01_ASEReadCounter.table","NW_015090842.1:6235914",14,18,4
"SDR42E1","s1640_S_LIV_01_ASEReadCounter.table","NW_015090842.1:6235935",16,22,6
"SDR42E1","s1640_S_LIV_01_ASEReadCounter.table","NW_015090842.1:6235957",14,21,7
"SDR42E1","s1640_S_LIV_01_ASEReadCounter.table","NW_015090842.1:6236040",1,4,3
"SDR42E1","s1640_S_LIV_01_ASEReadCounter.table","NW_015090842.1:6236260",4,6,2
"SDR42E1","s1640_S_LIV_01_ASEReadCounter.table","NW_015090842.1:6236281",2,5,3
"SDR42E1","s1640_S_LIV_01_ASEReadCounter.table","NW_015090842.1:6236305",2,8,6
"SDR42E1","s1640_S_LIV_01_ASEReadCounter.table","NW_015090842.1:6236458",1,7,6
"SDR42E1","s1640_S_LIV_01_ASEReadCounter.table","NW_015090842.1:6236476",2,9,7
"SDR42E1","s1640_S_LIV_01_ASEReadCounter.table","NW_015090842.1:6236608",1,8,7
"SDR42E1","s1640_S_LIV_01_ASEReadCounter.table","NW_015090842.1:6238244",5,7,2
"SDR42E1","s1640_S_LIV_01_ASEReadCounter.table","NW_015090842.1:6238829",1,3,2
"HSD17B2","s1640_S_LIV_01_ASEReadCounter.table","NW_015090842.1:6262951",0,1,1
"HSD17B2","s1640_S_LIV_01_ASEReadCounter.table","NW_015090842.1:6262974",0,1,1
"HSD17B2","s1640_S_LIV_01_ASEReadCounter.table","NW_015090842.1:6266918",0,1,1
"HSD17B2","s1640_S_LIV_01_ASEReadCounter.table","NW_015090842.1:6266944",0,1,1
"HSD17B2","s1640_S_LIV_01_ASEReadCounter.table","NW_015090842.1:6266997",0,1,1
"HSD17B2","s1640_S_LIV_01_ASEReadCounter.table","NW_015090842.1:6267053",0,1,1
"HSD17B2","s1640_S_LIV_01_ASEReadCounter.table","NW_015090842.1:6267273",0,1,1
"HSD17B2","s1640_S_LIV_01_ASEReadCounter.table","NW_015090842.1:6267913",1,2,1
"HSD17B2","s1640_S_LIV_01_ASEReadCounter.table","NW_015090842.1:6268098",1,4,3
"HSD17B2","s1640_S_LIV_01_ASEReadCounter.table","NW_015090842.1:6268180",4,4,0
"HSD17B2","s1640_S_LIV_01_ASEReadCounter.table","NW_015090842.1:6268203",0,4,4
"ARY2","s1640_S_LIV_01_ASEReadCounter.table","NW_015090842.1:6303922",2,2,0
"ARY2","s1640_S_LIV_01_ASEReadCounter.table","NW_015090842.1:6303954",2,4,2
"ARY2","s1640_S_LIV_01_ASEReadCounter.table","NW_015090842.1:6303979",2,4,2
"ARY2","s1640_S_LIV_01_ASEReadCounter.table","NW_015090842.1:6305848",0,4,4
"ARY2","s1640_S_LIV_01_ASEReadCounter.table","NW_015090842.1:6305856",0,2,2
"ARY2","s1640_S_LIV_01_ASEReadCounter.table","NW_015090842.1:6305857",0,2,2
"ARY2","s1640_S_LIV_01_ASEReadCounter.table","NW_015090842.1:6306017",1,6,5
"ARY2","s1640_S_LIV_01_ASEReadCounter.table","NW_015090842.1:6306052",1,8,7
"ARY2","s1640_S_LIV_01_ASEReadCounter.table","NW_015090842.1:6306094",1,6,5
"ARY2","s1640_S_LIV_01_ASEReadCounter.table","NW_015090842.1:6306100",2,7,5
"ARY2","s1640_S_LIV_01_ASEReadCounter.table","NW_015090842.1:6306146",3,5,2
"ARY2","s1640_S_LIV_01_ASEReadCounter.table","NW_015090842.1:6306147",3,4,1
"ARY2","s1640_S_LIV_01_ASEReadCounter.table","NW_015090842.1:6306390",7,12,5
"ARY2","s1640_S_LIV_01_ASEReadCounter.table","NW_015090842.1:6306567",6,15,9
"ARY2","s1640_S_LIV_01_ASEReadCounter.table","NW_015090842.1:6306705",3,6,3
"ARY2","s1640_S_LIV_01_ASEReadCounter.table","NW_015090842.1:6306713",3,3,0
"ARY2","s1640_S_LIV_01_ASEReadCounter.table","NW_015090842.1:6306773",2,4,2
"ARY2","s1640_S_LIV_01_ASEReadCounter.table","NW_015090842.1:6307039",1,5,4
"ARY2","s1640_S_LIV_01_ASEReadCounter.table","NW_015090842.1:6307043",2,6,4
"ARY2","s1640_S_LIV_01_ASEReadCounter.table","NW_015090842.1:6307093",2,5,3
"ARY2","s1640_S_LIV_01_ASEReadCounter.table","NW_015090842.1:6307138",1,4,3
"ARY2","s1640_S_LIV_01_ASEReadCounter.table","NW_015090842.1:6307157",2,6,4
"ARY2","s1640_S_LIV_01_ASEReadCounter.table","NW_015090842.1:6307187",3,6,3
"ARY2","s1640_S_LIV_01_ASEReadCounter.table","NW_015090842.1:6307278",3,3,0
"ARY2","s1640_S_LIV_01_ASEReadCounter.table","NW_015090842.1:6307305",2,3,1
"ARY2","s1640_S_LIV_01_ASEReadCounter.table","NW_015090842.1:6307318",2,2,0
"ARY2","s1640_S_LIV_01_ASEReadCounter.table","NW_015090842.1:6307429",3,4,1
"ARY2","s1640_S_LIV_01_ASEReadCounter.table","NW_015090842.1:6307487",4,6,2
"ARY2","s1640_S_LIV_01_ASEReadCounter.table","NW_015090842.1:6307670",6,6,0
"ARYL","s1640_S_LIV_01_ASEReadCounter.table","NW_015090842.1:6313360",8,18,10
"ARYL","s1640_S_LIV_01_ASEReadCounter.table","NW_015090842.1:6313377",5,13,8
"ARYL","s1640_S_LIV_01_ASEReadCounter.table","NW_015090842.1:6313767",13,25,12
"ARY1","s1640_S_LIV_01_ASEReadCounter.table","NW_015090842.1:6313909",16,16,0
"ARY1","s1640_S_LIV_01_ASEReadCounter.table","NW_015090842.1:6314296",10,25,15
"ARY1","s1640_S_LIV_01_ASEReadCounter.table","NW_015090842.1:6314541",11,22,11
"ARY1","s1640_S_LIV_01_ASEReadCounter.table","NW_015090842.1:6314597",11,26,15
"ARY1","s1640_S_LIV_01_ASEReadCounter.table","NW_015090842.1:6314750",14,28,14
"ARY1","s1640_S_LIV_01_ASEReadCounter.table","NW_015090842.1:6314794",15,29,14
"ARY1","s1640_S_LIV_01_ASEReadCounter.table","NW_015090842.1:6314827",13,26,13
"ARY1","s1640_S_LIV_01_ASEReadCounter.table","NW_015090842.1:6314843",31,31,0
"ARY1","s1640_S_LIV_01_ASEReadCounter.table","NW_015090842.1:6314859",20,33,13
"ARY1","s1640_S_LIV_01_ASEReadCounter.table","NW_015090842.1:6314886",17,30,13
"ARY1","s1640_S_LIV_01_ASEReadCounter.table","NW_015090842.1:6314943",20,20,0
"ARY1","s1640_S_LIV_01_ASEReadCounter.table","NW_015090842.1:6314949",20,20,0
"ARY1","s1640_S_LIV_01_ASEReadCounter.table","NW_015090842.1:6315022",16,28,12
"ARY1","s1640_S_LIV_01_ASEReadCounter.table","NW_015090842.1:6315026",17,30,13
"ARY1","s1640_S_LIV_01_ASEReadCounter.table","NW_015090842.1:6315043",15,26,11
"ARY1","s1640_S_LIV_01_ASEReadCounter.table","NW_015090842.1:6315065",18,30,12
"ARY1","s1640_S_LIV_01_ASEReadCounter.table","NW_015090842.1:6315409",9,19,10
"ARY1","s1640_S_LIV_01_ASEReadCounter.table","NW_015090842.1:6315479",17,28,11
"ARY1","s1640_S_LIV_01_ASEReadCounter.table","NW_015090842.1:6318342",17,38,21
"ARY1","s1640_S_LIV_01_ASEReadCounter.table","NW_015090842.1:6318427",28,53,25
"ARY1","s1640_S_LIV_01_ASEReadCounter.table","NW_015090842.1:6318603",26,40,14
"ARY1","s1640_S_LIV_01_ASEReadCounter.table","NW_015090842.1:6318708",21,44,23
"ARY1","s1640_S_LIV_01_ASEReadCounter.table","NW_015090842.1:6318858",26,53,27
"ARY1","s1640_S_LIV_01_ASEReadCounter.table","NW_015090842.1:6318952",34,61,27
"MPHOSPH6","s1640_S_LIV_01_ASEReadCounter.table","NW_015090842.1:6324063",29,56,27
"MPHOSPH6","s1640_S_LIV_01_ASEReadCounter.table","NW_015090842.1:6324174",52,103,51
"MPHOSPH6","s1640_S_LIV_01_ASEReadCounter.table","NW_015090842.1:6324270",44,87,43
"MPHOSPH6","s1640_S_LIV_01_ASEReadCounter.table","NW_015090842.1:6324762",50,82,32
"MPHOSPH6","s1640_S_LIV_01_ASEReadCounter.table","NW_015090842.1:6324772",47,71,24
"MPHOSPH6","s1640_S_LIV_01_ASEReadCounter.table","NW_015090842.1:6324780",45,66,21
"MPHOSPH6","s1640_S_LIV_01_ASEReadCounter.table","NW_015090842.1:6324902",25,59,34
"MPHOSPH6","s1640_S_LIV_01_ASEReadCounter.table","NW_015090842.1:6324910",62,62,0
"MPHOSPH6","s1640_S_LIV_01_ASEReadCounter.table","NW_015090842.1:6325066",46,90,44
"MPHOSPH6","s1640_S_LIV_01_ASEReadCounter.table","NW_015090842.1:6325089",52,98,46
"MPHOSPH6","s1640_S_LIV_01_ASEReadCounter.table","NW_015090842.1:6325298",54,122,68
"MPHOSPH6","s1640_S_LIV_01_ASEReadCounter.table","NW_015090842.1:6325877",43,81,38
"MPHOSPH6","s1640_S_LIV_01_ASEReadCounter.table","NW_015090842.1:6326976",25,42,17
"CDH13","s1640_S_LIV_01_ASEReadCounter.table","NW_015090842.1:6955167",1,1,0
"MLYCD","s1640_S_LIV_01_ASEReadCounter.table","NW_015090842.1:7150054",48,116,68
"MLYCD","s1640_S_LIV_01_ASEReadCounter.table","NW_015090842.1:7150131",55,134,79
"MLYCD","s1640_S_LIV_01_ASEReadCounter.table","NW_015090842.1:7150585",13,30,17
"MLYCD","s1640_S_LIV_01_ASEReadCounter.table","NW_015090842.1:7150686",6,19,13
"MLYCD","s1640_S_LIV_01_ASEReadCounter.table","NW_015090842.1:7150696",8,19,11
"MLYCD","s1640_S_LIV_01_ASEReadCounter.table","NW_015090842.1:7150698",19,19,0
"MLYCD","s1640_S_LIV_01_ASEReadCounter.table","NW_015090842.1:7150869",7,23,16
"MLYCD","s1640_S_LIV_01_ASEReadCounter.table","NW_015090842.1:7151100",11,24,13
"MLYCD","s1640_S_LIV_01_ASEReadCounter.table","NW_015090842.1:7151127",10,21,11
"MLYCD","s1640_S_LIV_01_ASEReadCounter.table","NW_015090842.1:7157538",7,16,9
"MLYCD","s1640_S_LIV_01_ASEReadCounter.table","NW_015090842.1:7167662",3,6,3
"MLYCD","s1640_S_LIV_01_ASEReadCounter.table","NW_015090842.1:7167675",3,6,3
"MLYCD","s1640_S_LIV_01_ASEReadCounter.table","NW_015090842.1:7167710",1,4,3
"MLYCD","s1640_S_LIV_01_ASEReadCounter.table","NW_015090842.1:7167781",1,3,2
"MLYCD","s1640_S_LIV_01_ASEReadCounter.table","NW_015090842.1:7167803",1,3,2
"MLYCD","s1640_S_LIV_01_ASEReadCounter.table","NW_015090842.1:7167812",0,2,2
"MLYCD","s1640_S_LIV_01_ASEReadCounter.table","NW_015090842.1:7167845",0,1,1
"MLYCD","s1640_S_LIV_01_ASEReadCounter.table","NW_015090842.1:7167862",0,1,1
"MLYCD","s1640_S_LIV_01_ASEReadCounter.table","NW_015090842.1:7167929",1,2,1
"MLYCD","s1640_S_LIV_01_ASEReadCounter.table","NW_015090842.1:7167995",1,2,1
"MLYCD","s1640_S_LIV_01_ASEReadCounter.table","NW_015090842.1:7168005",1,1,0
"MLYCD","s1640_S_LIV_01_ASEReadCounter.table","NW_015090842.1:7168037",2,3,1
"HSBP1","s1640_S_LIV_01_ASEReadCounter.table","NW_015090842.1:7245192",91,185,94
"HSBP1","s1640_S_LIV_01_ASEReadCounter.table","NW_015090842.1:7245226",99,194,95
"HSBP1","s1640_S_LIV_01_ASEReadCounter.table","NW_015090842.1:7245257",83,162,79
"HSBP1","s1640_S_LIV_01_ASEReadCounter.table","NW_015090842.1:7245296",75,157,82
"HSBP1","s1640_S_LIV_01_ASEReadCounter.table","NW_015090842.1:7245389",53,128,75
"HSBP1","s1640_S_LIV_01_ASEReadCounter.table","NW_015090842.1:7245400",51,113,62
"HSBP1","s1640_S_LIV_01_ASEReadCounter.table","NW_015090842.1:7245445",46,106,60
"HSBP1","s1640_S_LIV_01_ASEReadCounter.table","NW_015090842.1:7245495",40,96,56
"HSBP1","s1640_S_LIV_01_ASEReadCounter.table","NW_015090842.1:7245515",42,98,56
"HSBP1","s1640_S_LIV_01_ASEReadCounter.table","NW_015090842.1:7245733",32,64,32
"HSBP1","s1640_S_LIV_01_ASEReadCounter.table","NW_015090842.1:7245771",36,62,26
"HSBP1","s1640_S_LIV_01_ASEReadCounter.table","NW_015090842.1:7245813",27,51,24
"HSBP1","s1640_S_LIV_01_ASEReadCounter.table","NW_015090842.1:7245926",35,61,26
"HSBP1","s1640_S_LIV_01_ASEReadCounter.table","NW_015090842.1:7245927",36,64,28
"HSBP1","s1640_S_LIV_01_ASEReadCounter.table","NW_015090842.1:7245933",37,64,27
"HSBP1","s1640_S_LIV_01_ASEReadCounter.table","NW_015090842.1:7246002",15,37,22
"HSBP1","s1640_S_LIV_01_ASEReadCounter.table","NW_015090842.1:7246094",25,49,24
"HSBP1","s1640_S_LIV_01_ASEReadCounter.table","NW_015090842.1:7246167",27,51,24
"HSBP1","s1640_S_LIV_01_ASEReadCounter.table","NW_015090842.1:7246183",24,50,26
"HSBP1","s1640_S_LIV_01_ASEReadCounter.table","NW_015090842.1:7247285",15,25,10
"HSBP1","s1640_S_LIV_01_ASEReadCounter.table","NW_015090842.1:7247651",83,179,96
"HSBP1","s1640_S_LIV_01_ASEReadCounter.table","NW_015090842.1:7247657",82,177,95
"HSBP1","s1640_S_LIV_01_ASEReadCounter.table","NW_015090842.1:7248520",68,131,63
"HSBP1","s1640_S_LIV_01_ASEReadCounter.table","NW_015090842.1:7248535",56,105,49
"ATP2C2","s1640_S_LIV_01_ASEReadCounter.table","NW_015090842.1:7413747",3,15,12
"TLDC1","s1640_S_LIV_01_ASEReadCounter.table","NW_015090842.1:7421997",20,33,13
"COTL1","s1640_S_LIV_01_ASEReadCounter.table","NW_015090842.1:7490707",82,207,125
"COTL1","s1640_S_LIV_01_ASEReadCounter.table","NW_015090842.1:7490708",81,205,124
"COTL1","s1640_S_LIV_01_ASEReadCounter.table","NW_015090842.1:7490711",84,209,125
"COTL1","s1640_S_LIV_01_ASEReadCounter.table","NW_015090842.1:7490739",66,182,116
"COTL1","s1640_S_LIV_01_ASEReadCounter.table","NW_015090842.1:7490785",60,166,106
"COTL1","s1640_S_LIV_01_ASEReadCounter.table","NW_015090842.1:7490820",4,96,92
"COTL1","s1640_S_LIV_01_ASEReadCounter.table","NW_015090842.1:7490846",129,129,0
"KLHL36","s1640_S_LIV_01_ASEReadCounter.table","NW_015090842.1:7537681",5,5,0
"USP10","s1640_S_LIV_01_ASEReadCounter.table","NW_015090842.1:7572213",2,8,6
"USP10","s1640_S_LIV_01_ASEReadCounter.table","NW_015090842.1:7572358",10,10,0
"CRISPLD2","s1640_S_LIV_01_ASEReadCounter.table","NW_015090842.1:7633611",1,1,0
"CRISPLD2","s1640_S_LIV_01_ASEReadCounter.table","NW_015090842.1:7633787",1,1,0
"CRISPLD2","s1640_S_LIV_01_ASEReadCounter.table","NW_015090842.1:7634023",1,1,0
"CRISPLD2","s1640_S_LIV_01_ASEReadCounter.table","NW_015090842.1:7634620",1,1,0
"LOC106888312","s1640_S_LIV_01_ASEReadCounter.table","NW_015090842.1:7732198",114,114,0
"MTHFSD","s1640_S_LIV_01_ASEReadCounter.table","NW_015090842.1:8152578",15,28,13
"DUSP15","s1640_S_LIV_01_ASEReadCounter.table","NW_015090842.1:8422840",0,1,1
"DUSP15","s1640_S_LIV_01_ASEReadCounter.table","NW_015090842.1:8427711",0,1,1
"EMC8","s1640_S_LIV_01_ASEReadCounter.table","NW_015090842.1:8452385",12,27,15
"GINS2","s1640_S_LIV_01_ASEReadCounter.table","NW_015090842.1:8467469",4,4,0
"GINS2","s1640_S_LIV_01_ASEReadCounter.table","NW_015090842.1:8470290",6,15,9
"GINS2","s1640_S_LIV_01_ASEReadCounter.table","NW_015090842.1:8470305",5,14,9
"GINS2","s1640_S_LIV_01_ASEReadCounter.table","NW_015090842.1:8470376",8,20,12
"GINS2","s1640_S_LIV_01_ASEReadCounter.table","NW_015090842.1:8471057",2,5,3
"GSE1","s1640_S_LIV_01_ASEReadCounter.table","NW_015090842.1:8483570",2,2,0
"KIAA0513","s1640_S_LIV_01_ASEReadCounter.table","NW_015090842.1:8674736",3,3,0
"ZCCHC14","s1640_S_LIV_01_ASEReadCounter.table","NW_015090842.1:8750189",32,32,0
"KLHDC4","s1640_S_LIV_01_ASEReadCounter.table","NW_015090842.1:8891175",57,57,0
"KLHDC4","s1640_S_LIV_01_ASEReadCounter.table","NW_015090842.1:8905251",6,11,5
"SLC7A5","s1640_S_LIV_01_ASEReadCounter.table","NW_015090842.1:8940382",9,9,0
"SLC7A5","s1640_S_LIV_01_ASEReadCounter.table","NW_015090842.1:8941818",4,4,0
"CA5A","s1640_S_LIV_01_ASEReadCounter.table","NW_015090842.1:8989479",71,152,81
"CA5A","s1640_S_LIV_01_ASEReadCounter.table","NW_015090842.1:8989562",68,168,100
"CA5A","s1640_S_LIV_01_ASEReadCounter.table","NW_015090842.1:8989609",74,178,104
"CA5A","s1640_S_LIV_01_ASEReadCounter.table","NW_015090842.1:8989693",77,197,120
"CA5A","s1640_S_LIV_01_ASEReadCounter.table","NW_015090842.1:8989702",79,190,111
"CA5A","s1640_S_LIV_01_ASEReadCounter.table","NW_015090842.1:8989746",77,195,118
"CA5A","s1640_S_LIV_01_ASEReadCounter.table","NW_015090842.1:8989880",47,139,92
"CA5A","s1640_S_LIV_01_ASEReadCounter.table","NW_015090842.1:8989885",53,144,91
"CA5A","s1640_S_LIV_01_ASEReadCounter.table","NW_015090842.1:8989929",57,140,83
"CA5A","s1640_S_LIV_01_ASEReadCounter.table","NW_015090842.1:8990002",56,118,62
"CA5A","s1640_S_LIV_01_ASEReadCounter.table","NW_015090842.1:8990004",56,119,63
"CA5A","s1640_S_LIV_01_ASEReadCounter.table","NW_015090842.1:8990005",54,120,66
"CA5A","s1640_S_LIV_01_ASEReadCounter.table","NW_015090842.1:8990017",56,113,57
"CA5A","s1640_S_LIV_01_ASEReadCounter.table","NW_015090842.1:8990043",43,91,48
"CA5A","s1640_S_LIV_01_ASEReadCounter.table","NW_015090842.1:8990080",34,92,58
"CA5A","s1640_S_LIV_01_ASEReadCounter.table","NW_015090842.1:8990084",37,93,56
"CA5A","s1640_S_LIV_01_ASEReadCounter.table","NW_015090842.1:8990090",38,91,53
"CA5A","s1640_S_LIV_01_ASEReadCounter.table","NW_015090842.1:8990095",33,89,56
"CA5A","s1640_S_LIV_01_ASEReadCounter.table","NW_015090842.1:8990111",30,90,60
"CA5A","s1640_S_LIV_01_ASEReadCounter.table","NW_015090842.1:8990112",30,90,60
"CA5A","s1640_S_LIV_01_ASEReadCounter.table","NW_015090842.1:8990115",31,88,57
"CA5A","s1640_S_LIV_01_ASEReadCounter.table","NW_015090842.1:8990166",31,76,45
"CA5A","s1640_S_LIV_01_ASEReadCounter.table","NW_015090842.1:8990169",33,78,45
"CA5A","s1640_S_LIV_01_ASEReadCounter.table","NW_015090842.1:8990222",24,64,40
"CA5A","s1640_S_LIV_01_ASEReadCounter.table","NW_015090842.1:8990289",34,78,44
"CA5A","s1640_S_LIV_01_ASEReadCounter.table","NW_015090842.1:8990314",29,74,45
"CA5A","s1640_S_LIV_01_ASEReadCounter.table","NW_015090842.1:8990361",30,77,47
"CA5A","s1640_S_LIV_01_ASEReadCounter.table","NW_015090842.1:8990368",32,75,43
"CA5A","s1640_S_LIV_01_ASEReadCounter.table","NW_015090842.1:8990429",32,74,42
"CA5A","s1640_S_LIV_01_ASEReadCounter.table","NW_015090842.1:8990466",29,61,32
"CA5A","s1640_S_LIV_01_ASEReadCounter.table","NW_015090842.1:8990663",28,62,34
"CA5A","s1640_S_LIV_01_ASEReadCounter.table","NW_015090842.1:8990797",25,50,25
"CA5A","s1640_S_LIV_01_ASEReadCounter.table","NW_015090842.1:8990836",24,46,22
"CA5A","s1640_S_LIV_01_ASEReadCounter.table","NW_015090842.1:8990842",25,46,21
"CA5A","s1640_S_LIV_01_ASEReadCounter.table","NW_015090842.1:8990851",22,44,22
"CA5A","s1640_S_LIV_01_ASEReadCounter.table","NW_015090842.1:8990918",21,46,25
"CA5A","s1640_S_LIV_01_ASEReadCounter.table","NW_015090842.1:8990921",17,42,25
"CA5A","s1640_S_LIV_01_ASEReadCounter.table","NW_015090842.1:8990942",25,49,24
"CA5A","s1640_S_LIV_01_ASEReadCounter.table","NW_015090842.1:8991001",37,73,36
"CA5A","s1640_S_LIV_01_ASEReadCounter.table","NW_015090842.1:8991038",30,66,36
"CA5A","s1640_S_LIV_01_ASEReadCounter.table","NW_015090842.1:8991149",32,66,34
"CA5A","s1640_S_LIV_01_ASEReadCounter.table","NW_015090842.1:8991176",27,62,35
"CA5A","s1640_S_LIV_01_ASEReadCounter.table","NW_015090842.1:8991241",24,57,33
"CA5A","s1640_S_LIV_01_ASEReadCounter.table","NW_015090842.1:8991262",24,57,33
"CA5A","s1640_S_LIV_01_ASEReadCounter.table","NW_015090842.1:8991316",25,28,3
"CA5A","s1640_S_LIV_01_ASEReadCounter.table","NW_015090842.1:8991319",23,26,3
"CA5A","s1640_S_LIV_01_ASEReadCounter.table","NW_015090842.1:8991330",23,25,2
"CA5A","s1640_S_LIV_01_ASEReadCounter.table","NW_015090842.1:8991334",23,26,3
"CA5A","s1640_S_LIV_01_ASEReadCounter.table","NW_015090842.1:8991362",24,42,18
"CA5A","s1640_S_LIV_01_ASEReadCounter.table","NW_015090842.1:8991368",24,43,19
"CA5A","s1640_S_LIV_01_ASEReadCounter.table","NW_015090842.1:8991390",22,45,23
"CA5A","s1640_S_LIV_01_ASEReadCounter.table","NW_015090842.1:8991395",24,46,22
"CA5A","s1640_S_LIV_01_ASEReadCounter.table","NW_015090842.1:8991422",24,50,26
"CA5A","s1640_S_LIV_01_ASEReadCounter.table","NW_015090842.1:8991467",27,51,24
"CA5A","s1640_S_LIV_01_ASEReadCounter.table","NW_015090842.1:8991576",19,43,24
"CA5A","s1640_S_LIV_01_ASEReadCounter.table","NW_015090842.1:8991587",24,48,24
"CA5A","s1640_S_LIV_01_ASEReadCounter.table","NW_015090842.1:8991655",20,51,31
"CA5A","s1640_S_LIV_01_ASEReadCounter.table","NW_015090842.1:8991717",17,41,24
"CA5A","s1640_S_LIV_01_ASEReadCounter.table","NW_015090842.1:8991726",19,40,21
"CA5A","s1640_S_LIV_01_ASEReadCounter.table","NW_015090842.1:8991799",19,46,27
"CA5A","s1640_S_LIV_01_ASEReadCounter.table","NW_015090842.1:8991809",17,42,25
"CA5A","s1640_S_LIV_01_ASEReadCounter.table","NW_015090842.1:8991848",18,47,29
"CA5A","s1640_S_LIV_01_ASEReadCounter.table","NW_015090842.1:8991849",18,45,27
"CA5A","s1640_S_LIV_01_ASEReadCounter.table","NW_015090842.1:8991927",36,64,28
"CA5A","s1640_S_LIV_01_ASEReadCounter.table","NW_015090842.1:8991941",34,64,30
"CA5A","s1640_S_LIV_01_ASEReadCounter.table","NW_015090842.1:8992121",12,30,18
"CA5A","s1640_S_LIV_01_ASEReadCounter.table","NW_015090842.1:8992224",14,33,19
"CA5A","s1640_S_LIV_01_ASEReadCounter.table","NW_015090842.1:9002570",20,37,17
"CA5A","s1640_S_LIV_01_ASEReadCounter.table","NW_015090842.1:9002600",18,44,26
"CA5A","s1640_S_LIV_01_ASEReadCounter.table","NW_015090842.1:9004312",1,1,0
"CA5A","s1640_S_LIV_01_ASEReadCounter.table","NW_015090842.1:9011011",16,42,26
"CA5A","s1640_S_LIV_01_ASEReadCounter.table","NW_015090842.1:9011189",11,31,20
"CA5A","s1640_S_LIV_01_ASEReadCounter.table","NW_015090842.1:9011194",10,30,20
"BANP","s1640_S_LIV_01_ASEReadCounter.table","NW_015090842.1:9055284",1,4,3
"CIDEC","s1640_S_LIV_01_ASEReadCounter.table","NW_015090842.1:9481199",47,118,71
"ZC3H18","s1640_S_LIV_01_ASEReadCounter.table","NW_015090842.1:9528933",4,8,4
"MVD","s1640_S_LIV_01_ASEReadCounter.table","NW_015090842.1:9550690",358,358,0
"MVD","s1640_S_LIV_01_ASEReadCounter.table","NW_015090842.1:9550691",357,357,0
"MVD","s1640_S_LIV_01_ASEReadCounter.table","NW_015090842.1:9550699",405,406,1
"MVD","s1640_S_LIV_01_ASEReadCounter.table","NW_015090842.1:9550701",401,401,0
"MVD","s1640_S_LIV_01_ASEReadCounter.table","NW_015090842.1:9552202",143,143,0
"MVD","s1640_S_LIV_01_ASEReadCounter.table","NW_015090842.1:9552223",132,132,0
"MVD","s1640_S_LIV_01_ASEReadCounter.table","NW_015090842.1:9552533",133,133,0
"MVD","s1640_S_LIV_01_ASEReadCounter.table","NW_015090842.1:9552644",24,73,49
"PIEZO1","s1640_S_LIV_01_ASEReadCounter.table","NW_015090842.1:9577447",2,2,0
"PIEZO1","s1640_S_LIV_01_ASEReadCounter.table","NW_015090842.1:9579101",1,1,0
"CDT1","s1640_S_LIV_01_ASEReadCounter.table","NW_015090842.1:9596711",1,2,1
"CDT1","s1640_S_LIV_01_ASEReadCounter.table","NW_015090842.1:9597033",1,1,0
"CDT1","s1640_S_LIV_01_ASEReadCounter.table","NW_015090842.1:9597756",1,4,3
"CDT1","s1640_S_LIV_01_ASEReadCounter.table","NW_015090842.1:9598873",2,2,0
"ACSF3","s1640_S_LIV_01_ASEReadCounter.table","NW_015090842.1:9776737",3,5,2
"ACSF3","s1640_S_LIV_01_ASEReadCounter.table","NW_015090842.1:9809639",31,31,0
"ACSF3","s1640_S_LIV_01_ASEReadCounter.table","NW_015090842.1:9834743",30,55,25
"ACSF3","s1640_S_LIV_01_ASEReadCounter.table","NW_015090842.1:9834762",55,55,0
"ACSF3","s1640_S_LIV_01_ASEReadCounter.table","NW_015090842.1:9834852",41,72,31
"ACSF3","s1640_S_LIV_01_ASEReadCounter.table","NW_015090842.1:9834861",38,70,32
"ACSF3","s1640_S_LIV_01_ASEReadCounter.table","NW_015090842.1:9839359",64,98,34
"ACSF3","s1640_S_LIV_01_ASEReadCounter.table","NW_015090842.1:9839378",70,104,34
"ACSF3","s1640_S_LIV_01_ASEReadCounter.table","NW_015090842.1:9839455",49,94,45
"ACSF3","s1640_S_LIV_01_ASEReadCounter.table","NW_015090842.1:9839457",49,93,44
"ACSF3","s1640_S_LIV_01_ASEReadCounter.table","NW_015090842.1:9839489",45,86,41
"ACSF3","s1640_S_LIV_01_ASEReadCounter.table","NW_015090842.1:9839500",39,74,35
"ACSF3","s1640_S_LIV_01_ASEReadCounter.table","NW_015090842.1:9839501",40,74,34
"ACSF3","s1640_S_LIV_01_ASEReadCounter.table","NW_015090842.1:9839504",44,78,34
"ACSF3","s1640_S_LIV_01_ASEReadCounter.table","NW_015090842.1:9839512",43,72,29
"ACSF3","s1640_S_LIV_01_ASEReadCounter.table","NW_015090842.1:9839527",31,56,25
"ACSF3","s1640_S_LIV_01_ASEReadCounter.table","NW_015090842.1:9839533",23,46,23
"ACSF3","s1640_S_LIV_01_ASEReadCounter.table","NW_015090842.1:9839535",21,43,22
"ACSF3","s1640_S_LIV_01_ASEReadCounter.table","NW_015090842.1:9839545",14,32,18
"ACSF3","s1640_S_LIV_01_ASEReadCounter.table","NW_015090842.1:9839550",7,25,18
"ACSF3","s1640_S_LIV_01_ASEReadCounter.table","NW_015090842.1:9839551",8,26,18
"SLC22A31","s1640_S_LIV_01_ASEReadCounter.table","NW_015090842.1:9851130",1,1,0
"SLC22A31","s1640_S_LIV_01_ASEReadCounter.table","NW_015090842.1:9851139",1,1,0
"SLC22A31","s1640_S_LIV_01_ASEReadCounter.table","NW_015090842.1:9851265",3,3,0
"SLC22A31","s1640_S_LIV_01_ASEReadCounter.table","NW_015090842.1:9851302",3,3,0
"SLC22A31","s1640_S_LIV_01_ASEReadCounter.table","NW_015090842.1:9851303",3,3,0
"SLC22A31","s1640_S_LIV_01_ASEReadCounter.table","NW_015090842.1:9851305",3,3,0
"SLC22A31","s1640_S_LIV_01_ASEReadCounter.table","NW_015090842.1:9851343",2,2,0
"SLC22A31","s1640_S_LIV_01_ASEReadCounter.table","NW_015090842.1:9851344",3,3,0
"SLC22A31","s1640_S_LIV_01_ASEReadCounter.table","NW_015090842.1:9851381",2,2,0
"SLC22A31","s1640_S_LIV_01_ASEReadCounter.table","NW_015090842.1:9851421",2,2,0
"SLC22A31","s1640_S_LIV_01_ASEReadCounter.table","NW_015090842.1:9851526",2,2,0
"SLC22A31","s1640_S_LIV_01_ASEReadCounter.table","NW_015090842.1:9851589",3,3,0
"SLC22A31","s1640_S_LIV_01_ASEReadCounter.table","NW_015090842.1:9851712",1,1,0
"SLC22A31","s1640_S_LIV_01_ASEReadCounter.table","NW_015090842.1:9851899",1,1,0
"SLC22A31","s1640_S_LIV_01_ASEReadCounter.table","NW_015090842.1:9852139",1,1,0
"SLC22A31","s1640_S_LIV_01_ASEReadCounter.table","NW_015090842.1:9852380",3,3,0
"SLC22A31","s1640_S_LIV_01_ASEReadCounter.table","NW_015090842.1:9852431",1,1,0
"SLC22A31","s1640_S_LIV_01_ASEReadCounter.table","NW_015090842.1:9852630",1,1,0
"SLC22A31","s1640_S_LIV_01_ASEReadCounter.table","NW_015090842.1:9853099",2,2,0
"SLC22A31","s1640_S_LIV_01_ASEReadCounter.table","NW_015090842.1:9853102",2,2,0
"ANKRD11","s1640_S_LIV_01_ASEReadCounter.table","NW_015090842.1:9858863",2,10,8
"ANKRD11","s1640_S_LIV_01_ASEReadCounter.table","NW_015090842.1:9859101",25,77,52
"ANKRD11","s1640_S_LIV_01_ASEReadCounter.table","NW_015090842.1:9859352",44,100,56
"ANKRD11","s1640_S_LIV_01_ASEReadCounter.table","NW_015090842.1:9859381",24,67,43
"ANKRD11","s1640_S_LIV_01_ASEReadCounter.table","NW_015090842.1:9859527",11,22,11
"ANKRD11","s1640_S_LIV_01_ASEReadCounter.table","NW_015090842.1:9859529",11,23,12
"ANKRD11","s1640_S_LIV_01_ASEReadCounter.table","NW_015090842.1:9859679",26,44,18
"ANKRD11","s1640_S_LIV_01_ASEReadCounter.table","NW_015090842.1:9861097",6,16,10
"ANKRD11","s1640_S_LIV_01_ASEReadCounter.table","NW_015090842.1:9862571",3,7,4
"ANKRD11","s1640_S_LIV_01_ASEReadCounter.table","NW_015090842.1:9866071",0,5,5
"ANKRD11","s1640_S_LIV_01_ASEReadCounter.table","NW_015090842.1:9866200",0,9,9
"ANKRD11","s1640_S_LIV_01_ASEReadCounter.table","NW_015090842.1:9867391",0,4,4
"ANKRD11","s1640_S_LIV_01_ASEReadCounter.table","NW_015090842.1:9867472",1,1,0
"ANKRD11","s1640_S_LIV_01_ASEReadCounter.table","NW_015090842.1:9867559",1,5,4
"ANKRD11","s1640_S_LIV_01_ASEReadCounter.table","NW_015090842.1:9867934",1,1,0
"ANKRD11","s1640_S_LIV_01_ASEReadCounter.table","NW_015090842.1:9868093",3,3,0
"ANKRD11","s1640_S_LIV_01_ASEReadCounter.table","NW_015090842.1:9868222",3,8,5
"ANKRD11","s1640_S_LIV_01_ASEReadCounter.table","NW_015090842.1:9868327",3,8,5
"ANKRD11","s1640_S_LIV_01_ASEReadCounter.table","NW_015090842.1:9868414",1,1,0
"ANKRD11","s1640_S_LIV_01_ASEReadCounter.table","NW_015090842.1:9868441",1,1,0
"ANKRD11","s1640_S_LIV_01_ASEReadCounter.table","NW_015090842.1:9868444",1,2,1
"ANKRD11","s1640_S_LIV_01_ASEReadCounter.table","NW_015090842.1:9868519",5,7,2
"ANKRD11","s1640_S_LIV_01_ASEReadCounter.table","NW_015090842.1:9868609",3,8,5
"ANKRD11","s1640_S_LIV_01_ASEReadCounter.table","NW_015090842.1:9868666",4,13,9
"ANKRD11","s1640_S_LIV_01_ASEReadCounter.table","NW_015090842.1:9869431",23,35,12
"ANKRD11","s1640_S_LIV_01_ASEReadCounter.table","NW_015090842.1:9869578",18,31,13
"ANKRD11","s1640_S_LIV_01_ASEReadCounter.table","NW_015090842.1:9869734",18,28,10
"ANKRD11","s1640_S_LIV_01_ASEReadCounter.table","NW_015090842.1:9870070",16,29,13
"ANKRD11","s1640_S_LIV_01_ASEReadCounter.table","NW_015090842.1:9870349",36,79,43
"ANKRD11","s1640_S_LIV_01_ASEReadCounter.table","NW_015090842.1:9870604",34,75,41
"ANKRD11","s1640_S_LIV_01_ASEReadCounter.table","NW_015090842.1:9870613",43,86,43
"ANKRD11","s1640_S_LIV_01_ASEReadCounter.table","NW_015090842.1:9870685",68,145,77
"ANKRD11","s1640_S_LIV_01_ASEReadCounter.table","NW_015090842.1:9870847",108,212,104
"ANKRD11","s1640_S_LIV_01_ASEReadCounter.table","NW_015090842.1:9871103",48,95,47
"ANKRD11","s1640_S_LIV_01_ASEReadCounter.table","NW_015090842.1:9871165",41,76,35
"ANKRD11","s1640_S_LIV_01_ASEReadCounter.table","NW_015090842.1:9871820",1,3,2
"ANKRD11","s1640_S_LIV_01_ASEReadCounter.table","NW_015090842.1:9871994",5,5,0
"ANKRD11","s1640_S_LIV_01_ASEReadCounter.table","NW_015090842.1:9872118",2,4,2
"SPG7","s1640_S_LIV_01_ASEReadCounter.table","NW_015090842.1:10051190",16,27,11
"SPG7","s1640_S_LIV_01_ASEReadCounter.table","NW_015090842.1:10051218",17,31,14
"SPG7","s1640_S_LIV_01_ASEReadCounter.table","NW_015090842.1:10052348",17,31,14
"SPG7","s1640_S_LIV_01_ASEReadCounter.table","NW_015090842.1:10052366",16,28,12
"SPG7","s1640_S_LIV_01_ASEReadCounter.table","NW_015090842.1:10065173",9,26,17
"SPG7","s1640_S_LIV_01_ASEReadCounter.table","NW_015090842.1:10065215",15,34,19
"SPG7","s1640_S_LIV_01_ASEReadCounter.table","NW_015090842.1:10066301",15,24,9
"SPG7","s1640_S_LIV_01_ASEReadCounter.table","NW_015090842.1:10066365",18,30,12
"SPG7","s1640_S_LIV_01_ASEReadCounter.table","NW_015090842.1:10069752",18,35,17
"SPG7","s1640_S_LIV_01_ASEReadCounter.table","NW_015090842.1:10069800",29,48,19
"SPG7","s1640_S_LIV_01_ASEReadCounter.table","NW_015090842.1:10071192",29,50,21
"SPG7","s1640_S_LIV_01_ASEReadCounter.table","NW_015090842.1:10071204",25,42,17
"SPG7","s1640_S_LIV_01_ASEReadCounter.table","NW_015090842.1:10071219",25,43,18
"SPG7","s1640_S_LIV_01_ASEReadCounter.table","NW_015090842.1:10071967",23,40,17
"SPG7","s1640_S_LIV_01_ASEReadCounter.table","NW_015090842.1:10075109",75,118,43
"SPG7","s1640_S_LIV_01_ASEReadCounter.table","NW_015090842.1:10075114",79,121,42
"SPG7","s1640_S_LIV_01_ASEReadCounter.table","NW_015090842.1:10075198",69,111,42
"SPG7","s1640_S_LIV_01_ASEReadCounter.table","NW_015090842.1:10075487",81,170,89
"SPG7","s1640_S_LIV_01_ASEReadCounter.table","NW_015090842.1:10075488",81,172,91
"SPG7","s1640_S_LIV_01_ASEReadCounter.table","NW_015090842.1:10075548",68,145,77
"RPL13","s1640_S_LIV_01_ASEReadCounter.table","NW_015090842.1:10076979",1,1,0
"RPL13","s1640_S_LIV_01_ASEReadCounter.table","NW_015090842.1:10077387",643,1227,584
"RPL13","s1640_S_LIV_01_ASEReadCounter.table","NW_015090842.1:10077978",1052,1946,894
"RPL13","s1640_S_LIV_01_ASEReadCounter.table","NW_015090842.1:10077992",1043,1900,857
"CPNE7","s1640_S_LIV_01_ASEReadCounter.table","NW_015090842.1:10092038",1,1,0
"CPNE7","s1640_S_LIV_01_ASEReadCounter.table","NW_015090842.1:10092183",1,1,0
"CPNE7","s1640_S_LIV_01_ASEReadCounter.table","NW_015090842.1:10092201",1,1,0
"CPNE7","s1640_S_LIV_01_ASEReadCounter.table","NW_015090842.1:10092230",1,1,0
"LOC106888185","s1640_S_LIV_01_ASEReadCounter.table","NW_015090842.1:10094965",8,23,15
"LOC106888185","s1640_S_LIV_01_ASEReadCounter.table","NW_015090842.1:10094966",8,21,13
"LOC106888185","s1640_S_LIV_01_ASEReadCounter.table","NW_015090842.1:10094985",8,23,15
"LOC106888185","s1640_S_LIV_01_ASEReadCounter.table","NW_015090842.1:10095055",0,20,20
"LOC106888185","s1640_S_LIV_01_ASEReadCounter.table","NW_015090842.1:10095062",0,15,15
"LOC106888185","s1640_S_LIV_01_ASEReadCounter.table","NW_015090842.1:10095130",1,14,13
"LOC106888185","s1640_S_LIV_01_ASEReadCounter.table","NW_015090842.1:10095265",24,50,26
"LOC106888185","s1640_S_LIV_01_ASEReadCounter.table","NW_015090842.1:10095586",15,33,18
"LOC106888185","s1640_S_LIV_01_ASEReadCounter.table","NW_015090842.1:10095593",17,35,18
"LOC106888185","s1640_S_LIV_01_ASEReadCounter.table","NW_015090842.1:10095616",10,26,16
"LOC106888185","s1640_S_LIV_01_ASEReadCounter.table","NW_015090842.1:10095662",7,18,11
"LOC106888185","s1640_S_LIV_01_ASEReadCounter.table","NW_015090842.1:10095674",6,16,10
"LOC106888185","s1640_S_LIV_01_ASEReadCounter.table","NW_015090842.1:10095786",4,11,7
"LOC106888185","s1640_S_LIV_01_ASEReadCounter.table","NW_015090842.1:10095831",5,11,6
"LOC106888185","s1640_S_LIV_01_ASEReadCounter.table","NW_015090842.1:10096230",3,6,3
"LOC106888185","s1640_S_LIV_01_ASEReadCounter.table","NW_015090842.1:10096249",3,8,5
"LOC106888185","s1640_S_LIV_01_ASEReadCounter.table","NW_015090842.1:10096272",4,10,6
"LOC106888185","s1640_S_LIV_01_ASEReadCounter.table","NW_015090842.1:10096288",4,10,6
"LOC106888185","s1640_S_LIV_01_ASEReadCounter.table","NW_015090842.1:10097248",6,12,6
"LOC106888185","s1640_S_LIV_01_ASEReadCounter.table","NW_015090842.1:10097265",7,15,8
"LOC106888185","s1640_S_LIV_01_ASEReadCounter.table","NW_015090842.1:10097446",2,5,3
"DPEP1","s1640_S_LIV_01_ASEReadCounter.table","NW_015090842.1:10098518",14,16,2
"DPEP1","s1640_S_LIV_01_ASEReadCounter.table","NW_015090842.1:10098595",30,33,3
"DPEP1","s1640_S_LIV_01_ASEReadCounter.table","NW_015090842.1:10098597",30,33,3
"DPEP1","s1640_S_LIV_01_ASEReadCounter.table","NW_015090842.1:10098601",29,32,3
"DPEP1","s1640_S_LIV_01_ASEReadCounter.table","NW_015090842.1:10098608",31,34,3
"DPEP1","s1640_S_LIV_01_ASEReadCounter.table","NW_015090842.1:10098630",31,34,3
"DPEP1","s1640_S_LIV_01_ASEReadCounter.table","NW_015090842.1:10098659",35,36,1
"DPEP1","s1640_S_LIV_01_ASEReadCounter.table","NW_015090842.1:10099765",41,45,4
"DPEP1","s1640_S_LIV_01_ASEReadCounter.table","NW_015090842.1:10099985",28,30,2
"DPEP1","s1640_S_LIV_01_ASEReadCounter.table","NW_015090842.1:10099986",28,30,2
"DPEP1","s1640_S_LIV_01_ASEReadCounter.table","NW_015090842.1:10099991",29,31,2
"DPEP1","s1640_S_LIV_01_ASEReadCounter.table","NW_015090842.1:10100044",43,45,2
"DPEP1","s1640_S_LIV_01_ASEReadCounter.table","NW_015090842.1:10100045",43,45,2
"DPEP1","s1640_S_LIV_01_ASEReadCounter.table","NW_015090842.1:10100084",44,46,2
"DPEP1","s1640_S_LIV_01_ASEReadCounter.table","NW_015090842.1:10100295",46,48,2
"DPEP1","s1640_S_LIV_01_ASEReadCounter.table","NW_015090842.1:10100529",41,44,3
"DPEP1","s1640_S_LIV_01_ASEReadCounter.table","NW_015090842.1:10100893",83,90,7
"DPEP1","s1640_S_LIV_01_ASEReadCounter.table","NW_015090842.1:10100902",81,89,8
"DPEP1","s1640_S_LIV_01_ASEReadCounter.table","NW_015090842.1:10101072",125,132,7
"DPEP1","s1640_S_LIV_01_ASEReadCounter.table","NW_015090842.1:10101199",151,156,5
"DPEP1","s1640_S_LIV_01_ASEReadCounter.table","NW_015090842.1:10101483",193,207,14
"DPEP1","s1640_S_LIV_01_ASEReadCounter.table","NW_015090842.1:10101497",210,226,16
"DPEP1","s1640_S_LIV_01_ASEReadCounter.table","NW_015090842.1:10101525",225,244,19
"DPEP1","s1640_S_LIV_01_ASEReadCounter.table","NW_015090842.1:10101875",286,310,24
"DPEP1","s1640_S_LIV_01_ASEReadCounter.table","NW_015090842.1:10101913",253,274,21
"DPEP1","s1640_S_LIV_01_ASEReadCounter.table","NW_015090842.1:10101996",190,207,17
"DPEP1","s1640_S_LIV_01_ASEReadCounter.table","NW_015090842.1:10102014",155,169,14
"DPEP1","s1640_S_LIV_01_ASEReadCounter.table","NW_015090842.1:10102035",117,126,9
"DPEP1","s1640_S_LIV_01_ASEReadCounter.table","NW_015090842.1:10102076",17,17,0
"DPEP1","s1640_S_LIV_01_ASEReadCounter.table","NW_015090842.1:10102077",16,17,1
"CHMP1A","s1640_S_LIV_01_ASEReadCounter.table","NW_015090842.1:10102901",48,135,87
"CHMP1A","s1640_S_LIV_01_ASEReadCounter.table","NW_015090842.1:10102961",41,136,95
"CHMP1A","s1640_S_LIV_01_ASEReadCounter.table","NW_015090842.1:10102996",29,127,98
"CHMP1A","s1640_S_LIV_01_ASEReadCounter.table","NW_015090842.1:10103004",31,129,98
"CHMP1A","s1640_S_LIV_01_ASEReadCounter.table","NW_015090842.1:10103006",31,129,98
"CHMP1A","s1640_S_LIV_01_ASEReadCounter.table","NW_015090842.1:10103052",54,143,89
"CHMP1A","s1640_S_LIV_01_ASEReadCounter.table","NW_015090842.1:10103095",54,125,71
"CHMP1A","s1640_S_LIV_01_ASEReadCounter.table","NW_015090842.1:10103096",53,125,72
"CHMP1A","s1640_S_LIV_01_ASEReadCounter.table","NW_015090842.1:10103152",43,91,48
"CHMP1A","s1640_S_LIV_01_ASEReadCounter.table","NW_015090842.1:10103334",9,32,23
"CHMP1A","s1640_S_LIV_01_ASEReadCounter.table","NW_015090842.1:10103373",11,34,23
"CHMP1A","s1640_S_LIV_01_ASEReadCounter.table","NW_015090842.1:10103408",16,40,24
"CHMP1A","s1640_S_LIV_01_ASEReadCounter.table","NW_015090842.1:10103412",16,37,21
"CHMP1A","s1640_S_LIV_01_ASEReadCounter.table","NW_015090842.1:10103512",18,46,28
"CHMP1A","s1640_S_LIV_01_ASEReadCounter.table","NW_015090842.1:10103513",18,46,28
"CHMP1A","s1640_S_LIV_01_ASEReadCounter.table","NW_015090842.1:10103583",11,34,23
"CHMP1A","s1640_S_LIV_01_ASEReadCounter.table","NW_015090842.1:10103614",11,29,18
"CHMP1A","s1640_S_LIV_01_ASEReadCounter.table","NW_015090842.1:10103657",9,24,15
"CHMP1A","s1640_S_LIV_01_ASEReadCounter.table","NW_015090842.1:10103669",7,21,14
"CHMP1A","s1640_S_LIV_01_ASEReadCounter.table","NW_015090842.1:10103674",8,20,12
"CHMP1A","s1640_S_LIV_01_ASEReadCounter.table","NW_015090842.1:10103677",7,19,12
"CHMP1A","s1640_S_LIV_01_ASEReadCounter.table","NW_015090842.1:10103729",13,21,8
"CHMP1A","s1640_S_LIV_01_ASEReadCounter.table","NW_015090842.1:10103758",14,21,7
"CHMP1A","s1640_S_LIV_01_ASEReadCounter.table","NW_015090842.1:10103761",14,21,7
"CHMP1A","s1640_S_LIV_01_ASEReadCounter.table","NW_015090842.1:10103788",11,24,13
"CHMP1A","s1640_S_LIV_01_ASEReadCounter.table","NW_015090842.1:10103789",11,24,13
"CHMP1A","s1640_S_LIV_01_ASEReadCounter.table","NW_015090842.1:10103790",10,23,13
"CHMP1A","s1640_S_LIV_01_ASEReadCounter.table","NW_015090842.1:10103950",7,22,15
"CHMP1A","s1640_S_LIV_01_ASEReadCounter.table","NW_015090842.1:10104335",8,20,12
"CHMP1A","s1640_S_LIV_01_ASEReadCounter.table","NW_015090842.1:10104429",6,20,14
"CHMP1A","s1640_S_LIV_01_ASEReadCounter.table","NW_015090842.1:10104532",12,27,15
"CHMP1A","s1640_S_LIV_01_ASEReadCounter.table","NW_015090842.1:10104633",13,27,14
"CHMP1A","s1640_S_LIV_01_ASEReadCounter.table","NW_015090842.1:10104759",10,20,10
"CHMP1A","s1640_S_LIV_01_ASEReadCounter.table","NW_015090842.1:10104794",11,18,7
"CHMP1A","s1640_S_LIV_01_ASEReadCounter.table","NW_015090842.1:10104844",7,15,8
"CHMP1A","s1640_S_LIV_01_ASEReadCounter.table","NW_015090842.1:10106290",6,15,9
"CHMP1A","s1640_S_LIV_01_ASEReadCounter.table","NW_015090842.1:10106335",7,17,10
"CHMP1A","s1640_S_LIV_01_ASEReadCounter.table","NW_015090842.1:10106383",12,22,10
"CHMP1A","s1640_S_LIV_01_ASEReadCounter.table","NW_015090842.1:10106747",10,31,21
"CHMP1A","s1640_S_LIV_01_ASEReadCounter.table","NW_015090842.1:10107404",9,28,19
"CHMP1A","s1640_S_LIV_01_ASEReadCounter.table","NW_015090842.1:10107410",8,28,20
"CHMP1A","s1640_S_LIV_01_ASEReadCounter.table","NW_015090842.1:10107876",10,24,14
"CDK10","s1640_S_LIV_01_ASEReadCounter.table","NW_015090842.1:10109030",3,4,1
"CDK10","s1640_S_LIV_01_ASEReadCounter.table","NW_015090842.1:10109963",2,10,8
"CDK10","s1640_S_LIV_01_ASEReadCounter.table","NW_015090842.1:10110887",4,18,14
"CDK10","s1640_S_LIV_01_ASEReadCounter.table","NW_015090842.1:10111254",3,17,14
"CDK10","s1640_S_LIV_01_ASEReadCounter.table","NW_015090842.1:10111380",7,21,14
"CDK10","s1640_S_LIV_01_ASEReadCounter.table","NW_015090842.1:10111395",7,20,13
"CDK10","s1640_S_LIV_01_ASEReadCounter.table","NW_015090842.1:10111437",5,22,17
"CDK10","s1640_S_LIV_01_ASEReadCounter.table","NW_015090842.1:10111798",10,23,13
"CDK10","s1640_S_LIV_01_ASEReadCounter.table","NW_015090842.1:10111840",9,28,19
"CDK10","s1640_S_LIV_01_ASEReadCounter.table","NW_015090842.1:10112031",8,22,14
"CDK10","s1640_S_LIV_01_ASEReadCounter.table","NW_015090842.1:10112285",10,37,27
"CDK10","s1640_S_LIV_01_ASEReadCounter.table","NW_015090842.1:10112398",10,38,28
"CDK10","s1640_S_LIV_01_ASEReadCounter.table","NW_015090842.1:10112455",9,30,21
"CDK10","s1640_S_LIV_01_ASEReadCounter.table","NW_015090842.1:10112461",8,25,17
"CDK10","s1640_S_LIV_01_ASEReadCounter.table","NW_015090842.1:10112497",10,30,20
"CDK10","s1640_S_LIV_01_ASEReadCounter.table","NW_015090842.1:10112508",9,29,20
"CDK10","s1640_S_LIV_01_ASEReadCounter.table","NW_015090842.1:10112518",7,26,19
"CDK10","s1640_S_LIV_01_ASEReadCounter.table","NW_015090842.1:10112540",4,28,24
"CDK10","s1640_S_LIV_01_ASEReadCounter.table","NW_015090842.1:10112556",10,33,23
"CDK10","s1640_S_LIV_01_ASEReadCounter.table","NW_015090842.1:10112561",11,38,27
"CDK10","s1640_S_LIV_01_ASEReadCounter.table","NW_015090842.1:10112596",15,39,24
"CDK10","s1640_S_LIV_01_ASEReadCounter.table","NW_015090842.1:10112630",12,27,15
"CDK10","s1640_S_LIV_01_ASEReadCounter.table","NW_015090842.1:10112656",10,28,18
"CDK10","s1640_S_LIV_01_ASEReadCounter.table","NW_015090842.1:10112665",8,24,16
"CDK10","s1640_S_LIV_01_ASEReadCounter.table","NW_015090842.1:10112668",8,23,15
"CDK10","s1640_S_LIV_01_ASEReadCounter.table","NW_015090842.1:10112781",8,19,11
"CDK10","s1640_S_LIV_01_ASEReadCounter.table","NW_015090842.1:10112782",8,19,11
"CDK10","s1640_S_LIV_01_ASEReadCounter.table","NW_015090842.1:10112795",9,20,11
"CDK10","s1640_S_LIV_01_ASEReadCounter.table","NW_015090842.1:10112841",2,6,4
"CDK10","s1640_S_LIV_01_ASEReadCounter.table","NW_015090842.1:10112861",2,4,2
"SPATA2L","s1640_S_LIV_01_ASEReadCounter.table","NW_015090842.1:10113212",4,11,7
"SPATA2L","s1640_S_LIV_01_ASEReadCounter.table","NW_015090842.1:10113280",4,21,17
"SPATA2L","s1640_S_LIV_01_ASEReadCounter.table","NW_015090842.1:10113296",7,25,18
"SPATA2L","s1640_S_LIV_01_ASEReadCounter.table","NW_015090842.1:10113321",10,32,22
"SPATA2L","s1640_S_LIV_01_ASEReadCounter.table","NW_015090842.1:10113332",12,36,24
"SPATA2L","s1640_S_LIV_01_ASEReadCounter.table","NW_015090842.1:10113380",13,39,26
"SPATA2L","s1640_S_LIV_01_ASEReadCounter.table","NW_015090842.1:10113381",13,40,27
"SPATA2L","s1640_S_LIV_01_ASEReadCounter.table","NW_015090842.1:10113412",8,36,28
"SPATA2L","s1640_S_LIV_01_ASEReadCounter.table","NW_015090842.1:10113421",8,37,29
"SPATA2L","s1640_S_LIV_01_ASEReadCounter.table","NW_015090842.1:10113465",7,30,23
"SPATA2L","s1640_S_LIV_01_ASEReadCounter.table","NW_015090842.1:10113535",12,32,20
"SPATA2L","s1640_S_LIV_01_ASEReadCounter.table","NW_015090842.1:10113645",8,28,20
"SPATA2L","s1640_S_LIV_01_ASEReadCounter.table","NW_015090842.1:10113682",10,31,21
"SPATA2L","s1640_S_LIV_01_ASEReadCounter.table","NW_015090842.1:10113696",8,28,20
"SPATA2L","s1640_S_LIV_01_ASEReadCounter.table","NW_015090842.1:10113727",10,28,18
"SPATA2L","s1640_S_LIV_01_ASEReadCounter.table","NW_015090842.1:10113729",28,28,0
"SPATA2L","s1640_S_LIV_01_ASEReadCounter.table","NW_015090842.1:10113799",12,25,13
"SPATA2L","s1640_S_LIV_01_ASEReadCounter.table","NW_015090842.1:10113809",12,26,14
"SPATA2L","s1640_S_LIV_01_ASEReadCounter.table","NW_015090842.1:10113827",11,29,18
"SPATA2L","s1640_S_LIV_01_ASEReadCounter.table","NW_015090842.1:10113831",11,29,18
"SPATA2L","s1640_S_LIV_01_ASEReadCounter.table","NW_015090842.1:10113894",6,23,17
"SPATA2L","s1640_S_LIV_01_ASEReadCounter.table","NW_015090842.1:10113905",5,19,14
"SPATA2L","s1640_S_LIV_01_ASEReadCounter.table","NW_015090842.1:10113914",7,20,13
"SPATA2L","s1640_S_LIV_01_ASEReadCounter.table","NW_015090842.1:10113920",8,22,14
"SPATA2L","s1640_S_LIV_01_ASEReadCounter.table","NW_015090842.1:10113937",10,26,16
"SPATA2L","s1640_S_LIV_01_ASEReadCounter.table","NW_015090842.1:10113971",8,20,12
"SPATA2L","s1640_S_LIV_01_ASEReadCounter.table","NW_015090842.1:10113976",7,20,13
"SPATA2L","s1640_S_LIV_01_ASEReadCounter.table","NW_015090842.1:10113985",8,17,9
"SPATA2L","s1640_S_LIV_01_ASEReadCounter.table","NW_015090842.1:10113994",8,17,9
"SPATA2L","s1640_S_LIV_01_ASEReadCounter.table","NW_015090842.1:10114063",10,22,12
"SPATA2L","s1640_S_LIV_01_ASEReadCounter.table","NW_015090842.1:10114066",10,21,11
"SPATA2L","s1640_S_LIV_01_ASEReadCounter.table","NW_015090842.1:10114069",10,22,12
"SPATA2L","s1640_S_LIV_01_ASEReadCounter.table","NW_015090842.1:10114159",2,4,2
"SPATA2L","s1640_S_LIV_01_ASEReadCounter.table","NW_015090842.1:10114262",14,14,0
"SPATA2L","s1640_S_LIV_01_ASEReadCounter.table","NW_015090842.1:10114470",2,3,1
"SPATA2L","s1640_S_LIV_01_ASEReadCounter.table","NW_015090842.1:10114524",2,4,2
"VPS9D1","s1640_S_LIV_01_ASEReadCounter.table","NW_015090842.1:10116377",1,2,1
"VPS9D1","s1640_S_LIV_01_ASEReadCounter.table","NW_015090842.1:10116415",0,2,2
"VPS9D1","s1640_S_LIV_01_ASEReadCounter.table","NW_015090842.1:10116607",1,4,3
"VPS9D1","s1640_S_LIV_01_ASEReadCounter.table","NW_015090842.1:10116821",2,3,1
"VPS9D1","s1640_S_LIV_01_ASEReadCounter.table","NW_015090842.1:10116825",2,3,1
"VPS9D1","s1640_S_LIV_01_ASEReadCounter.table","NW_015090842.1:10116882",1,3,2
"VPS9D1","s1640_S_LIV_01_ASEReadCounter.table","NW_015090842.1:10116933",0,1,1
"VPS9D1","s1640_S_LIV_01_ASEReadCounter.table","NW_015090842.1:10116942",0,1,1
"VPS9D1","s1640_S_LIV_01_ASEReadCounter.table","NW_015090842.1:10117480",1,2,1
"VPS9D1","s1640_S_LIV_01_ASEReadCounter.table","NW_015090842.1:10117497",1,2,1
"VPS9D1","s1640_S_LIV_01_ASEReadCounter.table","NW_015090842.1:10117499",1,2,1
"VPS9D1","s1640_S_LIV_01_ASEReadCounter.table","NW_015090842.1:10117516",1,2,1
"VPS9D1","s1640_S_LIV_01_ASEReadCounter.table","NW_015090842.1:10117525",1,2,1
"VPS9D1","s1640_S_LIV_01_ASEReadCounter.table","NW_015090842.1:10117579",1,2,1
"VPS9D1","s1640_S_LIV_01_ASEReadCounter.table","NW_015090842.1:10117627",1,2,1
"VPS9D1","s1640_S_LIV_01_ASEReadCounter.table","NW_015090842.1:10117678",0,1,1
"VPS9D1","s1640_S_LIV_01_ASEReadCounter.table","NW_015090842.1:10117773",1,1,0
"VPS9D1","s1640_S_LIV_01_ASEReadCounter.table","NW_015090842.1:10118414",0,2,2
"VPS9D1","s1640_S_LIV_01_ASEReadCounter.table","NW_015090842.1:10118973",0,1,1
"VPS9D1","s1640_S_LIV_01_ASEReadCounter.table","NW_015090842.1:10119500",1,1,0
"ZNF276","s1640_S_LIV_01_ASEReadCounter.table","NW_015090842.1:10121760",0,1,1
"ZNF276","s1640_S_LIV_01_ASEReadCounter.table","NW_015090842.1:10121769",0,2,2
"ZNF276","s1640_S_LIV_01_ASEReadCounter.table","NW_015090842.1:10121802",0,2,2
"ZNF276","s1640_S_LIV_01_ASEReadCounter.table","NW_015090842.1:10121971",1,1,0
"ZNF276","s1640_S_LIV_01_ASEReadCounter.table","NW_015090842.1:10122161",1,1,0
"ZNF276","s1640_S_LIV_01_ASEReadCounter.table","NW_015090842.1:10122164",1,1,0
"ZNF276","s1640_S_LIV_01_ASEReadCounter.table","NW_015090842.1:10122184",1,1,0
"ZNF276","s1640_S_LIV_01_ASEReadCounter.table","NW_015090842.1:10122997",1,2,1
"ZNF276","s1640_S_LIV_01_ASEReadCounter.table","NW_015090842.1:10123069",1,1,0
"ZNF276","s1640_S_LIV_01_ASEReadCounter.table","NW_015090842.1:10123207",1,2,1
"ZNF276","s1640_S_LIV_01_ASEReadCounter.table","NW_015090842.1:10125787",4,5,1
"ZNF276","s1640_S_LIV_01_ASEReadCounter.table","NW_015090842.1:10126309",4,7,3
"ZNF276","s1640_S_LIV_01_ASEReadCounter.table","NW_015090842.1:10126348",7,11,4
"ZNF276","s1640_S_LIV_01_ASEReadCounter.table","NW_015090842.1:10126978",10,13,3
"ZNF276","s1640_S_LIV_01_ASEReadCounter.table","NW_015090842.1:10126991",9,11,2
"ZNF276","s1640_S_LIV_01_ASEReadCounter.table","NW_015090842.1:10127023",11,12,1
"ZNF276","s1640_S_LIV_01_ASEReadCounter.table","NW_015090842.1:10127063",7,8,1
"ZNF276","s1640_S_LIV_01_ASEReadCounter.table","NW_015090842.1:10127373",5,6,1
"ZNF276","s1640_S_LIV_01_ASEReadCounter.table","NW_015090842.1:10127931",12,13,1
"ZNF276","s1640_S_LIV_01_ASEReadCounter.table","NW_015090842.1:10128070",8,15,7
"ZNF276","s1640_S_LIV_01_ASEReadCounter.table","NW_015090842.1:10128102",10,15,5
"ZNF276","s1640_S_LIV_01_ASEReadCounter.table","NW_015090842.1:10128356",11,24,13
"ZNF276","s1640_S_LIV_01_ASEReadCounter.table","NW_015090842.1:10128497",12,22,10
"FANCA","s1640_S_LIV_01_ASEReadCounter.table","NW_015090842.1:10128743",4,4,0
"FANCA","s1640_S_LIV_01_ASEReadCounter.table","NW_015090842.1:10128822",1,1,0
"FANCA","s1640_S_LIV_01_ASEReadCounter.table","NW_015090842.1:10129383",3,3,0
"FANCA","s1640_S_LIV_01_ASEReadCounter.table","NW_015090842.1:10129390",3,3,0
"FANCA","s1640_S_LIV_01_ASEReadCounter.table","NW_015090842.1:10129422",3,3,0
"FANCA","s1640_S_LIV_01_ASEReadCounter.table","NW_015090842.1:10130399",1,1,0
"SPIRE2","s1640_S_LIV_01_ASEReadCounter.table","NW_015090842.1:10177084",0,1,1
"SPIRE2","s1640_S_LIV_01_ASEReadCounter.table","NW_015090842.1:10177838",0,1,1
"SPIRE2","s1640_S_LIV_01_ASEReadCounter.table","NW_015090842.1:10178303",1,2,1
"SPIRE2","s1640_S_LIV_01_ASEReadCounter.table","NW_015090842.1:10178524",1,1,0
"SPIRE2","s1640_S_LIV_01_ASEReadCounter.table","NW_015090842.1:10178526",1,1,0
"SPIRE2","s1640_S_LIV_01_ASEReadCounter.table","NW_015090842.1:10178531",1,1,0
"SPIRE2","s1640_S_LIV_01_ASEReadCounter.table","NW_015090842.1:10178565",2,2,0
"SPIRE2","s1640_S_LIV_01_ASEReadCounter.table","NW_015090842.1:10178587",2,2,0
"SPIRE2","s1640_S_LIV_01_ASEReadCounter.table","NW_015090842.1:10178640",2,2,0
"SPIRE2","s1640_S_LIV_01_ASEReadCounter.table","NW_015090842.1:10178651",2,2,0
"TCF25","s1640_S_LIV_01_ASEReadCounter.table","NW_015090842.1:10180912",29,58,29
"TCF25","s1640_S_LIV_01_ASEReadCounter.table","NW_015090842.1:10180924",32,59,27
"TCF25","s1640_S_LIV_01_ASEReadCounter.table","NW_015090842.1:10180931",33,63,30
"TCF25","s1640_S_LIV_01_ASEReadCounter.table","NW_015090842.1:10185332",106,179,73
"TCF25","s1640_S_LIV_01_ASEReadCounter.table","NW_015090842.1:10196561",46,68,22
"TCF25","s1640_S_LIV_01_ASEReadCounter.table","NW_015090842.1:10197399",106,106,0
"GAS8","s1640_S_LIV_01_ASEReadCounter.table","NW_015090842.1:10228982",1,2,1
"GAS8","s1640_S_LIV_01_ASEReadCounter.table","NW_015090842.1:10229832",1,8,7
"GAS8","s1640_S_LIV_01_ASEReadCounter.table","NW_015090842.1:10232901",2,4,2
"GAS8","s1640_S_LIV_01_ASEReadCounter.table","NW_015090842.1:10232928",2,7,5
"GAS8","s1640_S_LIV_01_ASEReadCounter.table","NW_015090842.1:10232967",3,9,6
"GAS8","s1640_S_LIV_01_ASEReadCounter.table","NW_015090842.1:10233032",5,12,7
"GAS8","s1640_S_LIV_01_ASEReadCounter.table","NW_015090842.1:10233057",4,9,5
"GAS8","s1640_S_LIV_01_ASEReadCounter.table","NW_015090842.1:10233058",4,9,5
"GAS8","s1640_S_LIV_01_ASEReadCounter.table","NW_015090842.1:10233176",1,8,7
"GAS8","s1640_S_LIV_01_ASEReadCounter.table","NW_015090842.1:10233196",2,10,8
"GAS8","s1640_S_LIV_01_ASEReadCounter.table","NW_015090842.1:10233252",2,8,6
"GAS8","s1640_S_LIV_01_ASEReadCounter.table","NW_015090842.1:10233303",1,6,5
"LOC106888094","s1640_S_LIV_01_ASEReadCounter.table","NW_015090842.1:10233334",23,92,69
"LOC106888094","s1640_S_LIV_01_ASEReadCounter.table","NW_015090842.1:10233362",50,195,145
"LOC106888094","s1640_S_LIV_01_ASEReadCounter.table","NW_015090842.1:10233373",55,209,154
"LOC106888094","s1640_S_LIV_01_ASEReadCounter.table","NW_015090842.1:10233388",61,234,173
"LOC106888094","s1640_S_LIV_01_ASEReadCounter.table","NW_015090842.1:10233402",66,240,174
"LOC106888094","s1640_S_LIV_01_ASEReadCounter.table","NW_015090842.1:10233465",66,248,182
"LOC106888094","s1640_S_LIV_01_ASEReadCounter.table","NW_015090842.1:10233803",84,297,213
"LOC106888094","s1640_S_LIV_01_ASEReadCounter.table","NW_015090842.1:10233815",85,288,203
"LOC106888094","s1640_S_LIV_01_ASEReadCounter.table","NW_015090842.1:10235484",1,2,1
"LOC106888094","s1640_S_LIV_01_ASEReadCounter.table","NW_015090842.1:10235977",1,1,0
"LOC106888094","s1640_S_LIV_01_ASEReadCounter.table","NW_015090842.1:10236098",4,4,0
"LOC106888094","s1640_S_LIV_01_ASEReadCounter.table","NW_015090842.1:10236161",0,3,3
"LOC106888173","s1640_S_LIV_01_ASEReadCounter.table","NW_015090842.1:10240095",1,1,0
"LOC106888173","s1640_S_LIV_01_ASEReadCounter.table","NW_015090842.1:10241163",1,2,1
"LOC106888173","s1640_S_LIV_01_ASEReadCounter.table","NW_015090842.1:10242590",0,1,1
"LOC106888173","s1640_S_LIV_01_ASEReadCounter.table","NW_015090842.1:10242794",0,2,2
"LOC106888173","s1640_S_LIV_01_ASEReadCounter.table","NW_015090842.1:10243094",0,1,1
"LOC106888173","s1640_S_LIV_01_ASEReadCounter.table","NW_015090842.1:10243133",0,1,1
"LOC106888173","s1640_S_LIV_01_ASEReadCounter.table","NW_015090842.1:10243347",0,1,1
"LOC106888173","s1640_S_LIV_01_ASEReadCounter.table","NW_015090842.1:10243353",0,1,1
"LOC106888173","s1640_S_LIV_01_ASEReadCounter.table","NW_015090842.1:10243363",0,1,1
"LOC106888173","s1640_S_LIV_01_ASEReadCounter.table","NW_015090842.1:10243365",0,1,1
"LOC106888173","s1640_S_LIV_01_ASEReadCounter.table","NW_015090842.1:10243529",6,6,0
"LOC106888173","s1640_S_LIV_01_ASEReadCounter.table","NW_015090842.1:10243566",8,8,0
"LOC106888173","s1640_S_LIV_01_ASEReadCounter.table","NW_015090842.1:10243605",0,7,7
"LOC106888173","s1640_S_LIV_01_ASEReadCounter.table","NW_015090842.1:10243614",0,5,5
"LOC106888173","s1640_S_LIV_01_ASEReadCounter.table","NW_015090842.1:10243615",0,6,6
"LOC106888173","s1640_S_LIV_01_ASEReadCounter.table","NW_015090842.1:10243640",4,4,0
"LOC106888173","s1640_S_LIV_01_ASEReadCounter.table","NW_015090842.1:10243680",1,3,2
"LOC106888173","s1640_S_LIV_01_ASEReadCounter.table","NW_015090842.1:10243742",2,2,0
"LOC106888173","s1640_S_LIV_01_ASEReadCounter.table","NW_015090842.1:10243804",1,1,0
"LOC106888384","s1640_S_LIV_01_ASEReadCounter.table","NW_015090842.1:10244714",4,5,1
"LOC106888384","s1640_S_LIV_01_ASEReadCounter.table","NW_015090842.1:10244998",3,7,4
"LOC106888384","s1640_S_LIV_01_ASEReadCounter.table","NW_015090842.1:10250743",5,13,8
"LOC106888384","s1640_S_LIV_01_ASEReadCounter.table","NW_015090842.1:10250771",4,11,7
"LOC106888384","s1640_S_LIV_01_ASEReadCounter.table","NW_015090842.1:10251343",9,9,0
"LOC106888384","s1640_S_LIV_01_ASEReadCounter.table","NW_015090842.1:10251344",9,9,0
"LOC106888384","s1640_S_LIV_01_ASEReadCounter.table","NW_015090842.1:10251349",9,9,0
"LOC106888384","s1640_S_LIV_01_ASEReadCounter.table","NW_015090842.1:10251354",9,10,1
"LOC106888384","s1640_S_LIV_01_ASEReadCounter.table","NW_015090842.1:10251358",9,10,1
"LOC106888384","s1640_S_LIV_01_ASEReadCounter.table","NW_015090842.1:10251369",3,6,3
"LOC106888384","s1640_S_LIV_01_ASEReadCounter.table","NW_015090842.1:10251370",5,6,1
"LOC106888384","s1640_S_LIV_01_ASEReadCounter.table","NW_015090842.1:10251375",5,6,1
"LOC106888384","s1640_S_LIV_01_ASEReadCounter.table","NW_015090842.1:10251388",2,3,1
"LOC106888384","s1640_S_LIV_01_ASEReadCounter.table","NW_015090842.1:10251390",2,3,1
"LOC106888384","s1640_S_LIV_01_ASEReadCounter.table","NW_015090842.1:10251393",2,3,1
"LOC106888384","s1640_S_LIV_01_ASEReadCounter.table","NW_015090842.1:10251399",1,2,1
"LOC106888384","s1640_S_LIV_01_ASEReadCounter.table","NW_015090842.1:10251492",4,4,0
"LOC106888384","s1640_S_LIV_01_ASEReadCounter.table","NW_015090842.1:10253165",20,35,15
"LOC106888384","s1640_S_LIV_01_ASEReadCounter.table","NW_015090842.1:10253284",16,22,6
"LOC106888384","s1640_S_LIV_01_ASEReadCounter.table","NW_015090842.1:10253605",10,18,8
"LOC106888384","s1640_S_LIV_01_ASEReadCounter.table","NW_015090842.1:10254028",23,38,15
"LOC106888384","s1640_S_LIV_01_ASEReadCounter.table","NW_015090842.1:10254227",21,36,15
"LOC106888384","s1640_S_LIV_01_ASEReadCounter.table","NW_015090842.1:10254233",23,38,15
"LOC106888384","s1640_S_LIV_01_ASEReadCounter.table","NW_015090842.1:10254263",28,47,19
"LOC106888384","s1640_S_LIV_01_ASEReadCounter.table","NW_015090842.1:10254293",33,48,15
"LOC106888384","s1640_S_LIV_01_ASEReadCounter.table","NW_015090842.1:10254570",31,54,23
"LOC106888384","s1640_S_LIV_01_ASEReadCounter.table","NW_015090842.1:10254647",17,33,16
"LOC106888384","s1640_S_LIV_01_ASEReadCounter.table","NW_015090842.1:10254663",16,30,14
"LOC106888384","s1640_S_LIV_01_ASEReadCounter.table","NW_015090842.1:10254840",9,15,6
"LOC106888384","s1640_S_LIV_01_ASEReadCounter.table","NW_015090842.1:10254854",20,20,0
"LOC106888384","s1640_S_LIV_01_ASEReadCounter.table","NW_015090842.1:10254891",29,29,0
"LOC106888384","s1640_S_LIV_01_ASEReadCounter.table","NW_015090842.1:10254900",8,30,22
"LOC106888384","s1640_S_LIV_01_ASEReadCounter.table","NW_015090842.1:10254915",7,32,25
"LOC106888384","s1640_S_LIV_01_ASEReadCounter.table","NW_015090842.1:10254965",22,22,0
"LOC106888384","s1640_S_LIV_01_ASEReadCounter.table","NW_015090842.1:10254975",5,27,22
"LOC106888384","s1640_S_LIV_01_ASEReadCounter.table","NW_015090842.1:10255077",42,88,46
"LOC106888384","s1640_S_LIV_01_ASEReadCounter.table","NW_015090842.1:10255117",38,85,47
"LOC106888384","s1640_S_LIV_01_ASEReadCounter.table","NW_015090842.1:10255138",36,79,43
"LOC106888384","s1640_S_LIV_01_ASEReadCounter.table","NW_015090842.1:10255139",36,77,41
"LOC106888384","s1640_S_LIV_01_ASEReadCounter.table","NW_015090842.1:10255209",44,96,52
"LOC106888384","s1640_S_LIV_01_ASEReadCounter.table","NW_015090842.1:10255211",43,94,51
"LOC106888384","s1640_S_LIV_01_ASEReadCounter.table","NW_015090842.1:10255236",40,97,57
"LOC106888384","s1640_S_LIV_01_ASEReadCounter.table","NW_015090842.1:10255262",37,101,64
"LOC106888384","s1640_S_LIV_01_ASEReadCounter.table","NW_015090842.1:10255264",37,107,70
"LOC106888384","s1640_S_LIV_01_ASEReadCounter.table","NW_015090842.1:10255306",73,156,83
"LOC106888384","s1640_S_LIV_01_ASEReadCounter.table","NW_015090842.1:10255340",84,176,92
"LOC106888384","s1640_S_LIV_01_ASEReadCounter.table","NW_015090842.1:10255410",66,188,122
"LOC106888384","s1640_S_LIV_01_ASEReadCounter.table","NW_015090842.1:10255449",70,196,126
"LOC106888384","s1640_S_LIV_01_ASEReadCounter.table","NW_015090842.1:10255496",75,199,124
"LOC106888384","s1640_S_LIV_01_ASEReadCounter.table","NW_015090842.1:10255505",72,183,111
"LOC106888384","s1640_S_LIV_01_ASEReadCounter.table","NW_015090842.1:10255531",102,235,133
"LOC106888384","s1640_S_LIV_01_ASEReadCounter.table","NW_015090842.1:10255608",168,333,165
"LOC106888384","s1640_S_LIV_01_ASEReadCounter.table","NW_015090842.1:10255614",175,332,157
"LOC106888384","s1640_S_LIV_01_ASEReadCounter.table","NW_015090842.1:10255704",204,383,179
"LOC106888384","s1640_S_LIV_01_ASEReadCounter.table","NW_015090842.1:10255731",176,330,154
"LOC106888384","s1640_S_LIV_01_ASEReadCounter.table","NW_015090842.1:10255771",106,201,95
"TANGO6","s1640_S_LIV_01_ASEReadCounter.table","NW_015090842.1:10257782",1,1,0
"TANGO6","s1640_S_LIV_01_ASEReadCounter.table","NW_015090842.1:10258162",1,3,2
"TANGO6","s1640_S_LIV_01_ASEReadCounter.table","NW_015090842.1:10258185",1,4,3
"TANGO6","s1640_S_LIV_01_ASEReadCounter.table","NW_015090842.1:10259267",0,3,3
"TANGO6","s1640_S_LIV_01_ASEReadCounter.table","NW_015090842.1:10260250",10,16,6
"TANGO6","s1640_S_LIV_01_ASEReadCounter.table","NW_015090842.1:10260979",5,5,0
"TANGO6","s1640_S_LIV_01_ASEReadCounter.table","NW_015090842.1:10261599",5,5,0
"TANGO6","s1640_S_LIV_01_ASEReadCounter.table","NW_015090842.1:10268425",8,9,1
"TANGO6","s1640_S_LIV_01_ASEReadCounter.table","NW_015090842.1:10269831",3,7,4
"TANGO6","s1640_S_LIV_01_ASEReadCounter.table","NW_015090842.1:10270813",6,11,5
"TANGO6","s1640_S_LIV_01_ASEReadCounter.table","NW_015090842.1:10273952",5,9,4
"TANGO6","s1640_S_LIV_01_ASEReadCounter.table","NW_015090842.1:10273970",4,8,4
"TANGO6","s1640_S_LIV_01_ASEReadCounter.table","NW_015090842.1:10274018",6,9,3
"TANGO6","s1640_S_LIV_01_ASEReadCounter.table","NW_015090842.1:10275974",3,9,6
"TANGO6","s1640_S_LIV_01_ASEReadCounter.table","NW_015090842.1:10275976",3,9,6
"TANGO6","s1640_S_LIV_01_ASEReadCounter.table","NW_015090842.1:10276123",5,6,1
"TANGO6","s1640_S_LIV_01_ASEReadCounter.table","NW_015090842.1:10276271",9,13,4
"TANGO6","s1640_S_LIV_01_ASEReadCounter.table","NW_015090842.1:10276272",10,15,5
"TANGO6","s1640_S_LIV_01_ASEReadCounter.table","NW_015090842.1:10276275",10,15,5
"TANGO6","s1640_S_LIV_01_ASEReadCounter.table","NW_015090842.1:10276278",9,14,5
"TANGO6","s1640_S_LIV_01_ASEReadCounter.table","NW_015090842.1:10276368",5,8,3
"TANGO6","s1640_S_LIV_01_ASEReadCounter.table","NW_015090842.1:10276373",4,7,3
"TANGO6","s1640_S_LIV_01_ASEReadCounter.table","NW_015090842.1:10276630",4,9,5
"TANGO6","s1640_S_LIV_01_ASEReadCounter.table","NW_015090842.1:10281498",5,11,6
"TANGO6","s1640_S_LIV_01_ASEReadCounter.table","NW_015090842.1:10282842",7,19,12
"TANGO6","s1640_S_LIV_01_ASEReadCounter.table","NW_015090842.1:10282863",6,14,8
"TANGO6","s1640_S_LIV_01_ASEReadCounter.table","NW_015090842.1:10282869",7,16,9
"TANGO6","s1640_S_LIV_01_ASEReadCounter.table","NW_015090842.1:10282903",8,24,16
"TANGO6","s1640_S_LIV_01_ASEReadCounter.table","NW_015090842.1:10283757",19,39,20
"TANGO6","s1640_S_LIV_01_ASEReadCounter.table","NW_015090842.1:10283785",27,46,19
"CHTF8","s1640_S_LIV_01_ASEReadCounter.table","NW_015090842.1:10291319",1,1,0
"CHTF8","s1640_S_LIV_01_ASEReadCounter.table","NW_015090842.1:10291342",2,3,1
"CHTF8","s1640_S_LIV_01_ASEReadCounter.table","NW_015090842.1:10291491",8,13,5
"CHTF8","s1640_S_LIV_01_ASEReadCounter.table","NW_015090842.1:10291520",3,6,3
"CHTF8","s1640_S_LIV_01_ASEReadCounter.table","NW_015090842.1:10291593",3,9,6
"CHTF8","s1640_S_LIV_01_ASEReadCounter.table","NW_015090842.1:10291600",3,9,6
"CHTF8","s1640_S_LIV_01_ASEReadCounter.table","NW_015090842.1:10291609",4,9,5
"CHTF8","s1640_S_LIV_01_ASEReadCounter.table","NW_015090842.1:10291639",4,8,4
"CHTF8","s1640_S_LIV_01_ASEReadCounter.table","NW_015090842.1:10291641",4,8,4
"CHTF8","s1640_S_LIV_01_ASEReadCounter.table","NW_015090842.1:10291648",3,7,4
"CHTF8","s1640_S_LIV_01_ASEReadCounter.table","NW_015090842.1:10291656",3,9,6
"CHTF8","s1640_S_LIV_01_ASEReadCounter.table","NW_015090842.1:10291675",6,12,6
"CHTF8","s1640_S_LIV_01_ASEReadCounter.table","NW_015090842.1:10291696",5,11,6
"CHTF8","s1640_S_LIV_01_ASEReadCounter.table","NW_015090842.1:10291714",4,10,6
"CHTF8","s1640_S_LIV_01_ASEReadCounter.table","NW_015090842.1:10291732",5,10,5
"CHTF8","s1640_S_LIV_01_ASEReadCounter.table","NW_015090842.1:10291755",5,8,3
"CHTF8","s1640_S_LIV_01_ASEReadCounter.table","NW_015090842.1:10291756",5,8,3
"CHTF8","s1640_S_LIV_01_ASEReadCounter.table","NW_015090842.1:10291758",5,9,4
"CHTF8","s1640_S_LIV_01_ASEReadCounter.table","NW_015090842.1:10291792",4,8,4
"CHTF8","s1640_S_LIV_01_ASEReadCounter.table","NW_015090842.1:10291895",3,5,2
"CHTF8","s1640_S_LIV_01_ASEReadCounter.table","NW_015090842.1:10292132",4,8,4
"CHTF8","s1640_S_LIV_01_ASEReadCounter.table","NW_015090842.1:10292314",2,4,2
"CHTF8","s1640_S_LIV_01_ASEReadCounter.table","NW_015090842.1:10292317",2,4,2
"UTP4","s1640_S_LIV_01_ASEReadCounter.table","NW_015090842.1:10293146",4,11,7
"UTP4","s1640_S_LIV_01_ASEReadCounter.table","NW_015090842.1:10293151",4,12,8
"UTP4","s1640_S_LIV_01_ASEReadCounter.table","NW_015090842.1:10293191",3,8,5
"UTP4","s1640_S_LIV_01_ASEReadCounter.table","NW_015090842.1:10293362",2,7,5
"UTP4","s1640_S_LIV_01_ASEReadCounter.table","NW_015090842.1:10293430",3,15,12
"UTP4","s1640_S_LIV_01_ASEReadCounter.table","NW_015090842.1:10293625",4,11,7
"UTP4","s1640_S_LIV_01_ASEReadCounter.table","NW_015090842.1:10293684",5,12,7
"UTP4","s1640_S_LIV_01_ASEReadCounter.table","NW_015090842.1:10294093",4,14,10
"UTP4","s1640_S_LIV_01_ASEReadCounter.table","NW_015090842.1:10294568",6,11,5
"UTP4","s1640_S_LIV_01_ASEReadCounter.table","NW_015090842.1:10294622",6,9,3
"UTP4","s1640_S_LIV_01_ASEReadCounter.table","NW_015090842.1:10294632",6,9,3
"UTP4","s1640_S_LIV_01_ASEReadCounter.table","NW_015090842.1:10295238",2,6,4
"UTP4","s1640_S_LIV_01_ASEReadCounter.table","NW_015090842.1:10295880",5,17,12
"UTP4","s1640_S_LIV_01_ASEReadCounter.table","NW_015090842.1:10295884",6,19,13
"UTP4","s1640_S_LIV_01_ASEReadCounter.table","NW_015090842.1:10295903",7,18,11
"UTP4","s1640_S_LIV_01_ASEReadCounter.table","NW_015090842.1:10295906",7,20,13
"UTP4","s1640_S_LIV_01_ASEReadCounter.table","NW_015090842.1:10295915",7,19,12
"UTP4","s1640_S_LIV_01_ASEReadCounter.table","NW_015090842.1:10295938",6,18,12
"UTP4","s1640_S_LIV_01_ASEReadCounter.table","NW_015090842.1:10296175",7,22,15
"UTP4","s1640_S_LIV_01_ASEReadCounter.table","NW_015090842.1:10296660",5,16,11
"UTP4","s1640_S_LIV_01_ASEReadCounter.table","NW_015090842.1:10296679",6,19,13
"UTP4","s1640_S_LIV_01_ASEReadCounter.table","NW_015090842.1:10297193",11,29,18
"UTP4","s1640_S_LIV_01_ASEReadCounter.table","NW_015090842.1:10297220",16,32,16
"UTP4","s1640_S_LIV_01_ASEReadCounter.table","NW_015090842.1:10297307",21,55,34
"UTP4","s1640_S_LIV_01_ASEReadCounter.table","NW_015090842.1:10297558",34,82,48
"UTP4","s1640_S_LIV_01_ASEReadCounter.table","NW_015090842.1:10297943",31,83,52
"UTP4","s1640_S_LIV_01_ASEReadCounter.table","NW_015090842.1:10297979",32,85,53
"UTP4","s1640_S_LIV_01_ASEReadCounter.table","NW_015090842.1:10298022",25,66,41
"UTP4","s1640_S_LIV_01_ASEReadCounter.table","NW_015090842.1:10298079",5,22,17
"UTP4","s1640_S_LIV_01_ASEReadCounter.table","NW_015090842.1:10298081",4,21,17
"UTP4","s1640_S_LIV_01_ASEReadCounter.table","NW_015090842.1:10298082",4,19,15
"SNTB2","s1640_S_LIV_01_ASEReadCounter.table","NW_015090842.1:10303506",1,2,1
"SNTB2","s1640_S_LIV_01_ASEReadCounter.table","NW_015090842.1:10303524",1,1,0
"SNTB2","s1640_S_LIV_01_ASEReadCounter.table","NW_015090842.1:10304059",1,4,3
"SNTB2","s1640_S_LIV_01_ASEReadCounter.table","NW_015090842.1:10304089",2,5,3
"SNTB2","s1640_S_LIV_01_ASEReadCounter.table","NW_015090842.1:10304167",2,6,4
"SNTB2","s1640_S_LIV_01_ASEReadCounter.table","NW_015090842.1:10304176",1,4,3
"SNTB2","s1640_S_LIV_01_ASEReadCounter.table","NW_015090842.1:10305069",3,6,3
"SNTB2","s1640_S_LIV_01_ASEReadCounter.table","NW_015090842.1:10305099",3,6,3
"SNTB2","s1640_S_LIV_01_ASEReadCounter.table","NW_015090842.1:10305451",2,2,0
"SNTB2","s1640_S_LIV_01_ASEReadCounter.table","NW_015090842.1:10305547",2,8,6
"SNTB2","s1640_S_LIV_01_ASEReadCounter.table","NW_015090842.1:10305847",1,4,3
"SNTB2","s1640_S_LIV_01_ASEReadCounter.table","NW_015090842.1:10305911",1,5,4
"SNTB2","s1640_S_LIV_01_ASEReadCounter.table","NW_015090842.1:10306173",3,7,4
"SNTB2","s1640_S_LIV_01_ASEReadCounter.table","NW_015090842.1:10306275",2,9,7
"SNTB2","s1640_S_LIV_01_ASEReadCounter.table","NW_015090842.1:10306457",4,7,3
"SNTB2","s1640_S_LIV_01_ASEReadCounter.table","NW_015090842.1:10306496",6,11,5
"SNTB2","s1640_S_LIV_01_ASEReadCounter.table","NW_015090842.1:10306499",6,10,4
"VPS4A","s1640_S_LIV_01_ASEReadCounter.table","NW_015090842.1:10308566",12,35,23
"VPS4A","s1640_S_LIV_01_ASEReadCounter.table","NW_015090842.1:10308573",12,34,22
"VPS4A","s1640_S_LIV_01_ASEReadCounter.table","NW_015090842.1:10308856",19,55,36
"VPS4A","s1640_S_LIV_01_ASEReadCounter.table","NW_015090842.1:10309056",26,72,46
"VPS4A","s1640_S_LIV_01_ASEReadCounter.table","NW_015090842.1:10309089",44,95,51
"VPS4A","s1640_S_LIV_01_ASEReadCounter.table","NW_015090842.1:10309392",44,88,44
"VPS4A","s1640_S_LIV_01_ASEReadCounter.table","NW_015090842.1:10309413",47,88,41
"VPS4A","s1640_S_LIV_01_ASEReadCounter.table","NW_015090842.1:10309467",38,92,54
"VPS4A","s1640_S_LIV_01_ASEReadCounter.table","NW_015090842.1:10310230",61,125,64
"VPS4A","s1640_S_LIV_01_ASEReadCounter.table","NW_015090842.1:10310425",37,103,66
"VPS4A","s1640_S_LIV_01_ASEReadCounter.table","NW_015090842.1:10310639",51,119,68
"VPS4A","s1640_S_LIV_01_ASEReadCounter.table","NW_015090842.1:10310640",52,121,69
"VPS4A","s1640_S_LIV_01_ASEReadCounter.table","NW_015090842.1:10310687",61,127,66
"VPS4A","s1640_S_LIV_01_ASEReadCounter.table","NW_015090842.1:10310734",45,103,58
"VPS4A","s1640_S_LIV_01_ASEReadCounter.table","NW_015090842.1:10310737",46,108,62
"VPS4A","s1640_S_LIV_01_ASEReadCounter.table","NW_015090842.1:10310746",48,109,61
"VPS4A","s1640_S_LIV_01_ASEReadCounter.table","NW_015090842.1:10310767",50,116,66
"VPS4A","s1640_S_LIV_01_ASEReadCounter.table","NW_015090842.1:10310995",87,203,116
"VPS4A","s1640_S_LIV_01_ASEReadCounter.table","NW_015090842.1:10311004",89,205,116
"VPS4A","s1640_S_LIV_01_ASEReadCounter.table","NW_015090842.1:10311007",91,208,117
"VPS4A","s1640_S_LIV_01_ASEReadCounter.table","NW_015090842.1:10311013",94,212,118
"VPS4A","s1640_S_LIV_01_ASEReadCounter.table","NW_015090842.1:10311022",83,198,115
"VPS4A","s1640_S_LIV_01_ASEReadCounter.table","NW_015090842.1:10311023",82,196,114
"VPS4A","s1640_S_LIV_01_ASEReadCounter.table","NW_015090842.1:10311426",100,229,129
"VPS4A","s1640_S_LIV_01_ASEReadCounter.table","NW_015090842.1:10311489",1,6,5
"VPS4A","s1640_S_LIV_01_ASEReadCounter.table","NW_015090842.1:10311490",1,3,2
"VPS4A","s1640_S_LIV_01_ASEReadCounter.table","NW_015090842.1:10311525",8,15,7
"VPS4A","s1640_S_LIV_01_ASEReadCounter.table","NW_015090842.1:10311529",8,22,14
"VPS4A","s1640_S_LIV_01_ASEReadCounter.table","NW_015090842.1:10311530",8,23,15
"VPS4A","s1640_S_LIV_01_ASEReadCounter.table","NW_015090842.1:10311552",24,45,21
"VPS4A","s1640_S_LIV_01_ASEReadCounter.table","NW_015090842.1:10311689",23,56,33
"VPS4A","s1640_S_LIV_01_ASEReadCounter.table","NW_015090842.1:10311700",28,57,29
"VPS4A","s1640_S_LIV_01_ASEReadCounter.table","NW_015090842.1:10311701",28,62,34
"VPS4A","s1640_S_LIV_01_ASEReadCounter.table","NW_015090842.1:10311703",29,63,34
"COG8","s1640_S_LIV_01_ASEReadCounter.table","NW_015090842.1:10313487",2,8,6
"COG8","s1640_S_LIV_01_ASEReadCounter.table","NW_015090842.1:10313559",7,12,5
"COG8","s1640_S_LIV_01_ASEReadCounter.table","NW_015090842.1:10313579",6,9,3
"COG8","s1640_S_LIV_01_ASEReadCounter.table","NW_015090842.1:10313665",4,9,5
"COG8","s1640_S_LIV_01_ASEReadCounter.table","NW_015090842.1:10313681",3,8,5
"COG8","s1640_S_LIV_01_ASEReadCounter.table","NW_015090842.1:10313768",1,9,8
"COG8","s1640_S_LIV_01_ASEReadCounter.table","NW_015090842.1:10313775",1,7,6
"COG8","s1640_S_LIV_01_ASEReadCounter.table","NW_015090842.1:10313811",1,5,4
"COG8","s1640_S_LIV_01_ASEReadCounter.table","NW_015090842.1:10313858",2,5,3
"COG8","s1640_S_LIV_01_ASEReadCounter.table","NW_015090842.1:10313859",5,5,0
"COG8","s1640_S_LIV_01_ASEReadCounter.table","NW_015090842.1:10314100",8,16,8
"COG8","s1640_S_LIV_01_ASEReadCounter.table","NW_015090842.1:10314213",3,6,3
"COG8","s1640_S_LIV_01_ASEReadCounter.table","NW_015090842.1:10315093",2,3,1
"COG8","s1640_S_LIV_01_ASEReadCounter.table","NW_015090842.1:10315162",2,5,3
"COG8","s1640_S_LIV_01_ASEReadCounter.table","NW_015090842.1:10315285",2,6,4
"COG8","s1640_S_LIV_01_ASEReadCounter.table","NW_015090842.1:10315360",3,6,3
"COG8","s1640_S_LIV_01_ASEReadCounter.table","NW_015090842.1:10315369",3,5,2
"COG8","s1640_S_LIV_01_ASEReadCounter.table","NW_015090842.1:10315508",0,1,1
"COG8","s1640_S_LIV_01_ASEReadCounter.table","NW_015090842.1:10315624",1,2,1
"COG8","s1640_S_LIV_01_ASEReadCounter.table","NW_015090842.1:10315693",4,4,0
"COG8","s1640_S_LIV_01_ASEReadCounter.table","NW_015090842.1:10315698",4,4,0
"COG8","s1640_S_LIV_01_ASEReadCounter.table","NW_015090842.1:10315768",3,5,2
"COG8","s1640_S_LIV_01_ASEReadCounter.table","NW_015090842.1:10315769",3,4,1
"COG8","s1640_S_LIV_01_ASEReadCounter.table","NW_015090842.1:10315784",5,7,2
"COG8","s1640_S_LIV_01_ASEReadCounter.table","NW_015090842.1:10316093",2,5,3
"COG8","s1640_S_LIV_01_ASEReadCounter.table","NW_015090842.1:10316133",1,4,3
"NIP7","s1640_S_LIV_01_ASEReadCounter.table","NW_015090842.1:10316759",11,21,10
"NIP7","s1640_S_LIV_01_ASEReadCounter.table","NW_015090842.1:10316967",59,121,62
"NIP7","s1640_S_LIV_01_ASEReadCounter.table","NW_015090842.1:10316995",64,133,69
"NIP7","s1640_S_LIV_01_ASEReadCounter.table","NW_015090842.1:10317240",102,198,96
"NIP7","s1640_S_LIV_01_ASEReadCounter.table","NW_015090842.1:10317247",99,190,91
"NIP7","s1640_S_LIV_01_ASEReadCounter.table","NW_015090842.1:10317264",96,184,88
"NIP7","s1640_S_LIV_01_ASEReadCounter.table","NW_015090842.1:10317433",148,289,141
"NIP7","s1640_S_LIV_01_ASEReadCounter.table","NW_015090842.1:10317738",208,393,185
"NIP7","s1640_S_LIV_01_ASEReadCounter.table","NW_015090842.1:10317769",222,410,188
"NIP7","s1640_S_LIV_01_ASEReadCounter.table","NW_015090842.1:10317808",152,305,153
"NIP7","s1640_S_LIV_01_ASEReadCounter.table","NW_015090842.1:10317870",107,239,132
"NIP7","s1640_S_LIV_01_ASEReadCounter.table","NW_015090842.1:10317871",107,234,127
"NIP7","s1640_S_LIV_01_ASEReadCounter.table","NW_015090842.1:10317898",80,176,96
"NIP7","s1640_S_LIV_01_ASEReadCounter.table","NW_015090842.1:10317911",72,151,79
"TMED6","s1640_S_LIV_01_ASEReadCounter.table","NW_015090842.1:10318731",2,2,0
"TERF2","s1640_S_LIV_01_ASEReadCounter.table","NW_015090842.1:10321768",23,61,38
"TERF2","s1640_S_LIV_01_ASEReadCounter.table","NW_015090842.1:10321777",19,54,35
"TERF2","s1640_S_LIV_01_ASEReadCounter.table","NW_015090842.1:10321805",19,56,37
"TERF2","s1640_S_LIV_01_ASEReadCounter.table","NW_015090842.1:10321878",31,59,28
"TERF2","s1640_S_LIV_01_ASEReadCounter.table","NW_015090842.1:10321893",5,61,56
"TERF2","s1640_S_LIV_01_ASEReadCounter.table","NW_015090842.1:10321897",28,57,29
"TERF2","s1640_S_LIV_01_ASEReadCounter.table","NW_015090842.1:10321908",27,57,30
"TERF2","s1640_S_LIV_01_ASEReadCounter.table","NW_015090842.1:10322001",26,52,26
"TERF2","s1640_S_LIV_01_ASEReadCounter.table","NW_015090842.1:10322035",24,43,19
"TERF2","s1640_S_LIV_01_ASEReadCounter.table","NW_015090842.1:10322051",25,44,19
"TERF2","s1640_S_LIV_01_ASEReadCounter.table","NW_015090842.1:10322137",9,19,10
"TERF2","s1640_S_LIV_01_ASEReadCounter.table","NW_015090842.1:10322144",8,18,10
"TERF2","s1640_S_LIV_01_ASEReadCounter.table","NW_015090842.1:10322388",8,21,13
"TERF2","s1640_S_LIV_01_ASEReadCounter.table","NW_015090842.1:10322396",7,24,17
"TERF2","s1640_S_LIV_01_ASEReadCounter.table","NW_015090842.1:10322502",4,21,17
"TERF2","s1640_S_LIV_01_ASEReadCounter.table","NW_015090842.1:10322504",5,23,18
"TERF2","s1640_S_LIV_01_ASEReadCounter.table","NW_015090842.1:10322510",5,22,17
"TERF2","s1640_S_LIV_01_ASEReadCounter.table","NW_015090842.1:10323580",4,12,8
"TERF2","s1640_S_LIV_01_ASEReadCounter.table","NW_015090842.1:10324314",4,12,8
"TERF2","s1640_S_LIV_01_ASEReadCounter.table","NW_015090842.1:10326832",3,8,5
"TERF2","s1640_S_LIV_01_ASEReadCounter.table","NW_015090842.1:10327787",0,5,5
"TERF2","s1640_S_LIV_01_ASEReadCounter.table","NW_015090842.1:10328588",4,7,3
"TERF2","s1640_S_LIV_01_ASEReadCounter.table","NW_015090842.1:10328644",4,6,2
"TERF2","s1640_S_LIV_01_ASEReadCounter.table","NW_015090842.1:10329813",1,3,2
"TERF2","s1640_S_LIV_01_ASEReadCounter.table","NW_015090842.1:10330749",3,7,4
"TERF2","s1640_S_LIV_01_ASEReadCounter.table","NW_015090842.1:10330789",4,8,4
"CYB5B","s1640_S_LIV_01_ASEReadCounter.table","NW_015090842.1:10336595",1,11,10
"CYB5B","s1640_S_LIV_01_ASEReadCounter.table","NW_015090842.1:10336667",13,50,37
"CYB5B","s1640_S_LIV_01_ASEReadCounter.table","NW_015090842.1:10336689",20,82,62
"CYB5B","s1640_S_LIV_01_ASEReadCounter.table","NW_015090842.1:10336728",34,120,86
"CYB5B","s1640_S_LIV_01_ASEReadCounter.table","NW_015090842.1:10345068",46,126,80
"CYB5B","s1640_S_LIV_01_ASEReadCounter.table","NW_015090842.1:10348800",72,188,116
"CYB5B","s1640_S_LIV_01_ASEReadCounter.table","NW_015090842.1:10349046",93,237,144
"CYB5B","s1640_S_LIV_01_ASEReadCounter.table","NW_015090842.1:10349119",57,217,160
"CYB5B","s1640_S_LIV_01_ASEReadCounter.table","NW_015090842.1:10349146",39,206,167
"CYB5B","s1640_S_LIV_01_ASEReadCounter.table","NW_015090842.1:10349157",56,229,173
"CYB5B","s1640_S_LIV_01_ASEReadCounter.table","NW_015090842.1:10349263",227,227,0
