"gene","id","snp","ref_count","total_count","alt_count"
"CENPN","s1645_S_PIT_01_ASEReadCounter.table","NW_015090842.1:5801655",2,4,2
"CENPN","s1645_S_PIT_01_ASEReadCounter.table","NW_015090842.1:5801670",2,4,2
"CENPN","s1645_S_PIT_01_ASEReadCounter.table","NW_015090842.1:5801674",2,4,2
"CENPN","s1645_S_PIT_01_ASEReadCounter.table","NW_015090842.1:5801692",3,5,2
"CENPN","s1645_S_PIT_01_ASEReadCounter.table","NW_015090842.1:5802008",4,11,7
"CENPN","s1645_S_PIT_01_ASEReadCounter.table","NW_015090842.1:5802012",4,11,7
"CENPN","s1645_S_PIT_01_ASEReadCounter.table","NW_015090842.1:5802087",6,9,3
"CENPN","s1645_S_PIT_01_ASEReadCounter.table","NW_015090842.1:5810113",3,3,0
"CENPN","s1645_S_PIT_01_ASEReadCounter.table","NW_015090842.1:5810147",10,10,0
"CENPN","s1645_S_PIT_01_ASEReadCounter.table","NW_015090842.1:5810148",9,9,0
"ATMIN","s1645_S_PIT_01_ASEReadCounter.table","NW_015090842.1:5818789",10,14,4
"ATMIN","s1645_S_PIT_01_ASEReadCounter.table","NW_015090842.1:5819958",6,15,9
"ATMIN","s1645_S_PIT_01_ASEReadCounter.table","NW_015090842.1:5820004",6,19,13
"ATMIN","s1645_S_PIT_01_ASEReadCounter.table","NW_015090842.1:5820217",7,14,7
"ATMIN","s1645_S_PIT_01_ASEReadCounter.table","NW_015090842.1:5820250",7,17,10
"ATMIN","s1645_S_PIT_01_ASEReadCounter.table","NW_015090842.1:5820298",10,23,13
"ATMIN","s1645_S_PIT_01_ASEReadCounter.table","NW_015090842.1:5820417",11,18,7
"ATMIN","s1645_S_PIT_01_ASEReadCounter.table","NW_015090842.1:5820421",9,17,8
"ATMIN","s1645_S_PIT_01_ASEReadCounter.table","NW_015090842.1:5820448",9,22,13
"ATMIN","s1645_S_PIT_01_ASEReadCounter.table","NW_015090842.1:5820457",9,21,12
"ATMIN","s1645_S_PIT_01_ASEReadCounter.table","NW_015090842.1:5820510",9,19,10
"ATMIN","s1645_S_PIT_01_ASEReadCounter.table","NW_015090842.1:5820673",9,18,9
"ATMIN","s1645_S_PIT_01_ASEReadCounter.table","NW_015090842.1:5820754",7,18,11
"ATMIN","s1645_S_PIT_01_ASEReadCounter.table","NW_015090842.1:5820820",10,21,11
"ATMIN","s1645_S_PIT_01_ASEReadCounter.table","NW_015090842.1:5820865",8,17,9
"ATMIN","s1645_S_PIT_01_ASEReadCounter.table","NW_015090842.1:5820889",12,23,11
"ATMIN","s1645_S_PIT_01_ASEReadCounter.table","NW_015090842.1:5820891",12,23,11
"ATMIN","s1645_S_PIT_01_ASEReadCounter.table","NW_015090842.1:5820997",10,17,7
"ATMIN","s1645_S_PIT_01_ASEReadCounter.table","NW_015090842.1:5821063",10,20,10
"ATMIN","s1645_S_PIT_01_ASEReadCounter.table","NW_015090842.1:5821132",12,19,7
"ATMIN","s1645_S_PIT_01_ASEReadCounter.table","NW_015090842.1:5821645",12,24,12
"ATMIN","s1645_S_PIT_01_ASEReadCounter.table","NW_015090842.1:5825066",22,44,22
"ATMIN","s1645_S_PIT_01_ASEReadCounter.table","NW_015090842.1:5825106",24,44,20
"ATMIN","s1645_S_PIT_01_ASEReadCounter.table","NW_015090842.1:5825122",21,41,20
"ATMIN","s1645_S_PIT_01_ASEReadCounter.table","NW_015090842.1:5825178",20,43,23
"ATMIN","s1645_S_PIT_01_ASEReadCounter.table","NW_015090842.1:5825194",30,51,21
"ATMIN","s1645_S_PIT_01_ASEReadCounter.table","NW_015090842.1:5825195",30,51,21
"ATMIN","s1645_S_PIT_01_ASEReadCounter.table","NW_015090842.1:5825220",30,54,24
"ATMIN","s1645_S_PIT_01_ASEReadCounter.table","NW_015090842.1:5825240",33,51,18
"ATMIN","s1645_S_PIT_01_ASEReadCounter.table","NW_015090842.1:5825303",35,69,34
"ATMIN","s1645_S_PIT_01_ASEReadCounter.table","NW_015090842.1:5825304",36,70,34
"ATMIN","s1645_S_PIT_01_ASEReadCounter.table","NW_015090842.1:5825310",39,74,35
"ATMIN","s1645_S_PIT_01_ASEReadCounter.table","NW_015090842.1:5825406",17,47,30
"ATMIN","s1645_S_PIT_01_ASEReadCounter.table","NW_015090842.1:5825415",21,47,26
"ATMIN","s1645_S_PIT_01_ASEReadCounter.table","NW_015090842.1:5825438",24,49,25
"ATMIN","s1645_S_PIT_01_ASEReadCounter.table","NW_015090842.1:5825485",34,59,25
"ATMIN","s1645_S_PIT_01_ASEReadCounter.table","NW_015090842.1:5825524",31,60,29
"ATMIN","s1645_S_PIT_01_ASEReadCounter.table","NW_015090842.1:5825557",27,59,32
"ATMIN","s1645_S_PIT_01_ASEReadCounter.table","NW_015090842.1:5825571",24,56,32
"ATMIN","s1645_S_PIT_01_ASEReadCounter.table","NW_015090842.1:5825579",19,50,31
"ATMIN","s1645_S_PIT_01_ASEReadCounter.table","NW_015090842.1:5825590",16,39,23
"ATMIN","s1645_S_PIT_01_ASEReadCounter.table","NW_015090842.1:5825689",24,48,24
"ATMIN","s1645_S_PIT_01_ASEReadCounter.table","NW_015090842.1:5825703",28,56,28
"ATMIN","s1645_S_PIT_01_ASEReadCounter.table","NW_015090842.1:5825787",24,58,34
"ATMIN","s1645_S_PIT_01_ASEReadCounter.table","NW_015090842.1:5825833",25,47,22
"ATMIN","s1645_S_PIT_01_ASEReadCounter.table","NW_015090842.1:5825841",22,44,22
"ATMIN","s1645_S_PIT_01_ASEReadCounter.table","NW_015090842.1:5825895",26,58,32
"ATMIN","s1645_S_PIT_01_ASEReadCounter.table","NW_015090842.1:5825984",28,58,30
"ATMIN","s1645_S_PIT_01_ASEReadCounter.table","NW_015090842.1:5826162",26,59,33
"ATMIN","s1645_S_PIT_01_ASEReadCounter.table","NW_015090842.1:5826194",29,61,32
"ATMIN","s1645_S_PIT_01_ASEReadCounter.table","NW_015090842.1:5826235",28,60,32
"ATMIN","s1645_S_PIT_01_ASEReadCounter.table","NW_015090842.1:5826245",29,63,34
"ATMIN","s1645_S_PIT_01_ASEReadCounter.table","NW_015090842.1:5826335",23,42,19
"ATMIN","s1645_S_PIT_01_ASEReadCounter.table","NW_015090842.1:5826417",28,52,24
"ATMIN","s1645_S_PIT_01_ASEReadCounter.table","NW_015090842.1:5826431",20,55,35
"ATMIN","s1645_S_PIT_01_ASEReadCounter.table","NW_015090842.1:5826438",21,47,26
"ATMIN","s1645_S_PIT_01_ASEReadCounter.table","NW_015090842.1:5826463",31,60,29
"ATMIN","s1645_S_PIT_01_ASEReadCounter.table","NW_015090842.1:5826502",21,58,37
"ATMIN","s1645_S_PIT_01_ASEReadCounter.table","NW_015090842.1:5826511",22,60,38
"ATMIN","s1645_S_PIT_01_ASEReadCounter.table","NW_015090842.1:5826659",26,60,34
"ATMIN","s1645_S_PIT_01_ASEReadCounter.table","NW_015090842.1:5826701",21,60,39
"ATMIN","s1645_S_PIT_01_ASEReadCounter.table","NW_015090842.1:5826702",21,60,39
"ATMIN","s1645_S_PIT_01_ASEReadCounter.table","NW_015090842.1:5826732",26,68,42
"ATMIN","s1645_S_PIT_01_ASEReadCounter.table","NW_015090842.1:5826745",31,71,40
"ATMIN","s1645_S_PIT_01_ASEReadCounter.table","NW_015090842.1:5826835",34,62,28
"ATMIN","s1645_S_PIT_01_ASEReadCounter.table","NW_015090842.1:5826910",27,54,27
"ATMIN","s1645_S_PIT_01_ASEReadCounter.table","NW_015090842.1:5826942",21,51,30
"ATMIN","s1645_S_PIT_01_ASEReadCounter.table","NW_015090842.1:5827193",35,77,42
"ATMIN","s1645_S_PIT_01_ASEReadCounter.table","NW_015090842.1:5827196",35,77,42
"ATMIN","s1645_S_PIT_01_ASEReadCounter.table","NW_015090842.1:5827269",41,78,37
"ATMIN","s1645_S_PIT_01_ASEReadCounter.table","NW_015090842.1:5827315",28,54,26
"ATMIN","s1645_S_PIT_01_ASEReadCounter.table","NW_015090842.1:5827316",28,55,27
"ATMIN","s1645_S_PIT_01_ASEReadCounter.table","NW_015090842.1:5827333",28,56,28
"PPP1R3E","s1645_S_PIT_01_ASEReadCounter.table","NW_015090842.1:5837733",8,12,4
"PPP1R3E","s1645_S_PIT_01_ASEReadCounter.table","NW_015090842.1:5837947",7,11,4
"PKD1L2","s1645_S_PIT_01_ASEReadCounter.table","NW_015090842.1:5867509",0,1,1
"PKD1L2","s1645_S_PIT_01_ASEReadCounter.table","NW_015090842.1:5867597",0,1,1
"PKD1L2","s1645_S_PIT_01_ASEReadCounter.table","NW_015090842.1:5867600",0,1,1
"PKD1L2","s1645_S_PIT_01_ASEReadCounter.table","NW_015090842.1:5867660",1,1,0
"PKD1L2","s1645_S_PIT_01_ASEReadCounter.table","NW_015090842.1:5867675",1,1,0
"PKD1L2","s1645_S_PIT_01_ASEReadCounter.table","NW_015090842.1:5867788",3,3,0
"PKD1L2","s1645_S_PIT_01_ASEReadCounter.table","NW_015090842.1:5867843",4,4,0
"BCO1","s1645_S_PIT_01_ASEReadCounter.table","NW_015090842.1:5915610",2,2,0
"BCO1","s1645_S_PIT_01_ASEReadCounter.table","NW_015090842.1:5915646",2,3,1
"BCO1","s1645_S_PIT_01_ASEReadCounter.table","NW_015090842.1:5917836",3,5,2
"BCO1","s1645_S_PIT_01_ASEReadCounter.table","NW_015090842.1:5917912",28,35,7
"BCO1","s1645_S_PIT_01_ASEReadCounter.table","NW_015090842.1:5917941",33,43,10
"BCO1","s1645_S_PIT_01_ASEReadCounter.table","NW_015090842.1:5917971",31,43,12
"BCO1","s1645_S_PIT_01_ASEReadCounter.table","NW_015090842.1:5921679",28,46,18
"BCO1","s1645_S_PIT_01_ASEReadCounter.table","NW_015090842.1:5921726",36,50,14
"BCO1","s1645_S_PIT_01_ASEReadCounter.table","NW_015090842.1:5925669",23,34,11
"BCO1","s1645_S_PIT_01_ASEReadCounter.table","NW_015090842.1:5925753",28,42,14
"BCO1","s1645_S_PIT_01_ASEReadCounter.table","NW_015090842.1:5926937",31,44,13
"BCO1","s1645_S_PIT_01_ASEReadCounter.table","NW_015090842.1:5927921",16,26,10
"BCO1","s1645_S_PIT_01_ASEReadCounter.table","NW_015090842.1:5927948",18,27,9
"BCO1","s1645_S_PIT_01_ASEReadCounter.table","NW_015090842.1:5927968",22,30,8
"BCO1","s1645_S_PIT_01_ASEReadCounter.table","NW_015090842.1:5928052",30,36,6
"BCO1","s1645_S_PIT_01_ASEReadCounter.table","NW_015090842.1:5932726",47,67,20
"BCO1","s1645_S_PIT_01_ASEReadCounter.table","NW_015090842.1:5932801",39,50,11
"BCO1","s1645_S_PIT_01_ASEReadCounter.table","NW_015090842.1:5934558",39,48,9
"BCO1","s1645_S_PIT_01_ASEReadCounter.table","NW_015090842.1:5934575",41,54,13
"BCO1","s1645_S_PIT_01_ASEReadCounter.table","NW_015090842.1:5934608",45,58,13
"BCO1","s1645_S_PIT_01_ASEReadCounter.table","NW_015090842.1:5934647",39,59,20
"BCO1","s1645_S_PIT_01_ASEReadCounter.table","NW_015090842.1:5934725",38,55,17
"BCO1","s1645_S_PIT_01_ASEReadCounter.table","NW_015090842.1:5934726",38,54,16
"BCO1","s1645_S_PIT_01_ASEReadCounter.table","NW_015090842.1:5934733",33,44,11
"BCO1","s1645_S_PIT_01_ASEReadCounter.table","NW_015090842.1:5934821",27,38,11
"BCO1","s1645_S_PIT_01_ASEReadCounter.table","NW_015090842.1:5934826",26,38,12
"BCO1","s1645_S_PIT_01_ASEReadCounter.table","NW_015090842.1:5934844",12,17,5
"BCO1","s1645_S_PIT_01_ASEReadCounter.table","NW_015090842.1:5934958",19,25,6
"BCO1","s1645_S_PIT_01_ASEReadCounter.table","NW_015090842.1:5934976",21,27,6
"GAN","s1645_S_PIT_01_ASEReadCounter.table","NW_015090842.1:5953759",5,10,5
"GAN","s1645_S_PIT_01_ASEReadCounter.table","NW_015090842.1:5957502",2,7,5
"GAN","s1645_S_PIT_01_ASEReadCounter.table","NW_015090842.1:5957578",7,11,4
"GAN","s1645_S_PIT_01_ASEReadCounter.table","NW_015090842.1:5965028",4,6,2
"GAN","s1645_S_PIT_01_ASEReadCounter.table","NW_015090842.1:5966047",6,11,5
"GAN","s1645_S_PIT_01_ASEReadCounter.table","NW_015090842.1:5966126",6,15,9
"GAN","s1645_S_PIT_01_ASEReadCounter.table","NW_015090842.1:5966127",6,16,10
"GAN","s1645_S_PIT_01_ASEReadCounter.table","NW_015090842.1:5966162",11,21,10
"GAN","s1645_S_PIT_01_ASEReadCounter.table","NW_015090842.1:5966483",8,25,17
"CMIP","s1645_S_PIT_01_ASEReadCounter.table","NW_015090842.1:6109159",28,42,14
"CMIP","s1645_S_PIT_01_ASEReadCounter.table","NW_015090842.1:6109166",27,40,13
"CMIP","s1645_S_PIT_01_ASEReadCounter.table","NW_015090842.1:6114641",33,66,33
"CMIP","s1645_S_PIT_01_ASEReadCounter.table","NW_015090842.1:6114751",22,51,29
"CMIP","s1645_S_PIT_01_ASEReadCounter.table","NW_015090842.1:6114824",22,53,31
"CMIP","s1645_S_PIT_01_ASEReadCounter.table","NW_015090842.1:6128998",33,73,40
"CMIP","s1645_S_PIT_01_ASEReadCounter.table","NW_015090842.1:6130562",48,97,49
"CMIP","s1645_S_PIT_01_ASEReadCounter.table","NW_015090842.1:6132522",35,71,36
"CMIP","s1645_S_PIT_01_ASEReadCounter.table","NW_015090842.1:6134088",34,72,38
"CMIP","s1645_S_PIT_01_ASEReadCounter.table","NW_015090842.1:6138265",43,98,55
"CMIP","s1645_S_PIT_01_ASEReadCounter.table","NW_015090842.1:6138300",43,101,58
"CMIP","s1645_S_PIT_01_ASEReadCounter.table","NW_015090842.1:6138342",36,72,36
"CMIP","s1645_S_PIT_01_ASEReadCounter.table","NW_015090842.1:6138343",37,76,39
"CMIP","s1645_S_PIT_01_ASEReadCounter.table","NW_015090842.1:6138345",38,80,42
"CMIP","s1645_S_PIT_01_ASEReadCounter.table","NW_015090842.1:6138647",48,96,48
"CMIP","s1645_S_PIT_01_ASEReadCounter.table","NW_015090842.1:6138745",42,95,53
"CMIP","s1645_S_PIT_01_ASEReadCounter.table","NW_015090842.1:6138832",12,40,28
"CMIP","s1645_S_PIT_01_ASEReadCounter.table","NW_015090842.1:6138967",48,95,47
"CMIP","s1645_S_PIT_01_ASEReadCounter.table","NW_015090842.1:6139131",11,47,36
"CMIP","s1645_S_PIT_01_ASEReadCounter.table","NW_015090842.1:6139163",3,36,33
"CMIP","s1645_S_PIT_01_ASEReadCounter.table","NW_015090842.1:6139360",13,27,14
"CMIP","s1645_S_PIT_01_ASEReadCounter.table","NW_015090842.1:6139572",12,18,6
"CMIP","s1645_S_PIT_01_ASEReadCounter.table","NW_015090842.1:6139773",21,49,28
"PLCG2","s1645_S_PIT_01_ASEReadCounter.table","NW_015090842.1:6179613",5,9,4
"PLCG2","s1645_S_PIT_01_ASEReadCounter.table","NW_015090842.1:6179658",5,10,5
"PLCG2","s1645_S_PIT_01_ASEReadCounter.table","NW_015090842.1:6203766",12,33,21
"PLCG2","s1645_S_PIT_01_ASEReadCounter.table","NW_015090842.1:6203775",13,33,20
"PLCG2","s1645_S_PIT_01_ASEReadCounter.table","NW_015090842.1:6203787",11,32,21
"PLCG2","s1645_S_PIT_01_ASEReadCounter.table","NW_015090842.1:6205047",20,46,26
"PLCG2","s1645_S_PIT_01_ASEReadCounter.table","NW_015090842.1:6208541",15,29,14
"PLCG2","s1645_S_PIT_01_ASEReadCounter.table","NW_015090842.1:6209741",24,40,16
"PLCG2","s1645_S_PIT_01_ASEReadCounter.table","NW_015090842.1:6209798",24,45,21
"PLCG2","s1645_S_PIT_01_ASEReadCounter.table","NW_015090842.1:6209816",26,49,23
"PLCG2","s1645_S_PIT_01_ASEReadCounter.table","NW_015090842.1:6217547",27,80,53
"PLCG2","s1645_S_PIT_01_ASEReadCounter.table","NW_015090842.1:6218641",24,50,26
"PLCG2","s1645_S_PIT_01_ASEReadCounter.table","NW_015090842.1:6220552",19,64,45
"PLCG2","s1645_S_PIT_01_ASEReadCounter.table","NW_015090842.1:6221969",19,53,34
"PLCG2","s1645_S_PIT_01_ASEReadCounter.table","NW_015090842.1:6228672",20,43,23
"PLCG2","s1645_S_PIT_01_ASEReadCounter.table","NW_015090842.1:6228694",20,40,20
"PLCG2","s1645_S_PIT_01_ASEReadCounter.table","NW_015090842.1:6228722",22,41,19
"PLCG2","s1645_S_PIT_01_ASEReadCounter.table","NW_015090842.1:6228747",16,45,29
"PLCG2","s1645_S_PIT_01_ASEReadCounter.table","NW_015090842.1:6228835",25,62,37
"PLCG2","s1645_S_PIT_01_ASEReadCounter.table","NW_015090842.1:6228841",24,60,36
"PLCG2","s1645_S_PIT_01_ASEReadCounter.table","NW_015090842.1:6228865",29,62,33
"PLCG2","s1645_S_PIT_01_ASEReadCounter.table","NW_015090842.1:6228917",38,70,32
"PLCG2","s1645_S_PIT_01_ASEReadCounter.table","NW_015090842.1:6228926",31,61,30
"PLCG2","s1645_S_PIT_01_ASEReadCounter.table","NW_015090842.1:6228954",28,52,24
"PLCG2","s1645_S_PIT_01_ASEReadCounter.table","NW_015090842.1:6229002",38,65,27
"PLCG2","s1645_S_PIT_01_ASEReadCounter.table","NW_015090842.1:6229006",40,65,25
"PLCG2","s1645_S_PIT_01_ASEReadCounter.table","NW_015090842.1:6229081",30,37,7
"PLCG2","s1645_S_PIT_01_ASEReadCounter.table","NW_015090842.1:6229097",18,25,7
"PLCG2","s1645_S_PIT_01_ASEReadCounter.table","NW_015090842.1:6229160",20,25,5
"PLCG2","s1645_S_PIT_01_ASEReadCounter.table","NW_015090842.1:6229213",32,41,9
"PLCG2","s1645_S_PIT_01_ASEReadCounter.table","NW_015090842.1:6229231",35,50,15
"PLCG2","s1645_S_PIT_01_ASEReadCounter.table","NW_015090842.1:6229663",27,38,11
"PLCG2","s1645_S_PIT_01_ASEReadCounter.table","NW_015090842.1:6229748",18,32,14
"PLCG2","s1645_S_PIT_01_ASEReadCounter.table","NW_015090842.1:6229892",29,41,12
"PLCG2","s1645_S_PIT_01_ASEReadCounter.table","NW_015090842.1:6230248",34,51,17
"PLCG2","s1645_S_PIT_01_ASEReadCounter.table","NW_015090842.1:6230255",35,53,18
"PLCG2","s1645_S_PIT_01_ASEReadCounter.table","NW_015090842.1:6230296",20,34,14
"PLCG2","s1645_S_PIT_01_ASEReadCounter.table","NW_015090842.1:6230349",25,40,15
"PLCG2","s1645_S_PIT_01_ASEReadCounter.table","NW_015090842.1:6230381",32,43,11
"PLCG2","s1645_S_PIT_01_ASEReadCounter.table","NW_015090842.1:6230408",35,46,11
"PLCG2","s1645_S_PIT_01_ASEReadCounter.table","NW_015090842.1:6230439",34,44,10
"PLCG2","s1645_S_PIT_01_ASEReadCounter.table","NW_015090842.1:6230757",12,21,9
"PLCG2","s1645_S_PIT_01_ASEReadCounter.table","NW_015090842.1:6230758",12,21,9
"PLCG2","s1645_S_PIT_01_ASEReadCounter.table","NW_015090842.1:6230898",40,57,17
"PLCG2","s1645_S_PIT_01_ASEReadCounter.table","NW_015090842.1:6230976",34,50,16
"PLCG2","s1645_S_PIT_01_ASEReadCounter.table","NW_015090842.1:6231078",33,45,12
"PLCG2","s1645_S_PIT_01_ASEReadCounter.table","NW_015090842.1:6231138",43,57,14
"PLCG2","s1645_S_PIT_01_ASEReadCounter.table","NW_015090842.1:6231177",41,54,13
"PLCG2","s1645_S_PIT_01_ASEReadCounter.table","NW_015090842.1:6231263",34,47,13
"PLCG2","s1645_S_PIT_01_ASEReadCounter.table","NW_015090842.1:6231309",19,26,7
"SDR42E1","s1645_S_PIT_01_ASEReadCounter.table","NW_015090842.1:6235292",3,17,14
"SDR42E1","s1645_S_PIT_01_ASEReadCounter.table","NW_015090842.1:6235315",4,21,17
"SDR42E1","s1645_S_PIT_01_ASEReadCounter.table","NW_015090842.1:6235348",6,27,21
"SDR42E1","s1645_S_PIT_01_ASEReadCounter.table","NW_015090842.1:6235355",6,30,24
"SDR42E1","s1645_S_PIT_01_ASEReadCounter.table","NW_015090842.1:6235417",7,37,30
"SDR42E1","s1645_S_PIT_01_ASEReadCounter.table","NW_015090842.1:6235526",41,41,0
"SDR42E1","s1645_S_PIT_01_ASEReadCounter.table","NW_015090842.1:6235558",9,40,31
"SDR42E1","s1645_S_PIT_01_ASEReadCounter.table","NW_015090842.1:6235603",41,41,0
"SDR42E1","s1645_S_PIT_01_ASEReadCounter.table","NW_015090842.1:6235741",26,50,24
"SDR42E1","s1645_S_PIT_01_ASEReadCounter.table","NW_015090842.1:6235777",27,50,23
"SDR42E1","s1645_S_PIT_01_ASEReadCounter.table","NW_015090842.1:6235806",31,67,36
"SDR42E1","s1645_S_PIT_01_ASEReadCounter.table","NW_015090842.1:6235809",28,64,36
"SDR42E1","s1645_S_PIT_01_ASEReadCounter.table","NW_015090842.1:6235816",29,65,36
"SDR42E1","s1645_S_PIT_01_ASEReadCounter.table","NW_015090842.1:6235914",15,46,31
"SDR42E1","s1645_S_PIT_01_ASEReadCounter.table","NW_015090842.1:6235935",15,44,29
"SDR42E1","s1645_S_PIT_01_ASEReadCounter.table","NW_015090842.1:6235957",18,50,32
"SDR42E1","s1645_S_PIT_01_ASEReadCounter.table","NW_015090842.1:6236040",18,47,29
"SDR42E1","s1645_S_PIT_01_ASEReadCounter.table","NW_015090842.1:6236260",16,39,23
"SDR42E1","s1645_S_PIT_01_ASEReadCounter.table","NW_015090842.1:6236281",15,38,23
"SDR42E1","s1645_S_PIT_01_ASEReadCounter.table","NW_015090842.1:6236305",15,41,26
"SDR42E1","s1645_S_PIT_01_ASEReadCounter.table","NW_015090842.1:6236458",23,63,40
"SDR42E1","s1645_S_PIT_01_ASEReadCounter.table","NW_015090842.1:6236476",25,62,37
"SDR42E1","s1645_S_PIT_01_ASEReadCounter.table","NW_015090842.1:6236608",25,54,29
"SDR42E1","s1645_S_PIT_01_ASEReadCounter.table","NW_015090842.1:6238244",13,30,17
"SDR42E1","s1645_S_PIT_01_ASEReadCounter.table","NW_015090842.1:6238829",7,15,8
"HSD17B2","s1645_S_PIT_01_ASEReadCounter.table","NW_015090842.1:6257616",0,1,1
"HSD17B2","s1645_S_PIT_01_ASEReadCounter.table","NW_015090842.1:6257670",0,1,1
"HSD17B2","s1645_S_PIT_01_ASEReadCounter.table","NW_015090842.1:6257684",0,1,1
"HSD17B2","s1645_S_PIT_01_ASEReadCounter.table","NW_015090842.1:6257829",0,1,1
"HSD17B2","s1645_S_PIT_01_ASEReadCounter.table","NW_015090842.1:6266125",0,1,1
"HSD17B2","s1645_S_PIT_01_ASEReadCounter.table","NW_015090842.1:6266135",0,1,1
"HSD17B2","s1645_S_PIT_01_ASEReadCounter.table","NW_015090842.1:6266795",0,1,1
"HSD17B2","s1645_S_PIT_01_ASEReadCounter.table","NW_015090842.1:6266918",0,4,4
"HSD17B2","s1645_S_PIT_01_ASEReadCounter.table","NW_015090842.1:6266944",0,3,3
"HSD17B2","s1645_S_PIT_01_ASEReadCounter.table","NW_015090842.1:6266997",0,2,2
"HSD17B2","s1645_S_PIT_01_ASEReadCounter.table","NW_015090842.1:6267053",0,1,1
"HSD17B2","s1645_S_PIT_01_ASEReadCounter.table","NW_015090842.1:6267358",0,2,2
"HSD17B2","s1645_S_PIT_01_ASEReadCounter.table","NW_015090842.1:6268180",1,1,0
"HSD17B2","s1645_S_PIT_01_ASEReadCounter.table","NW_015090842.1:6268203",0,1,1
"ARY2","s1645_S_PIT_01_ASEReadCounter.table","NW_015090842.1:6303922",1,1,0
"ARY2","s1645_S_PIT_01_ASEReadCounter.table","NW_015090842.1:6303954",2,2,0
"ARY2","s1645_S_PIT_01_ASEReadCounter.table","NW_015090842.1:6303979",3,3,0
"ARY2","s1645_S_PIT_01_ASEReadCounter.table","NW_015090842.1:6305848",3,4,1
"ARY2","s1645_S_PIT_01_ASEReadCounter.table","NW_015090842.1:6305856",3,4,1
"ARY2","s1645_S_PIT_01_ASEReadCounter.table","NW_015090842.1:6305857",3,4,1
"ARY2","s1645_S_PIT_01_ASEReadCounter.table","NW_015090842.1:6306017",2,3,1
"ARY2","s1645_S_PIT_01_ASEReadCounter.table","NW_015090842.1:6306052",2,2,0
"ARY2","s1645_S_PIT_01_ASEReadCounter.table","NW_015090842.1:6306094",3,3,0
"ARY2","s1645_S_PIT_01_ASEReadCounter.table","NW_015090842.1:6306100",3,3,0
"ARY2","s1645_S_PIT_01_ASEReadCounter.table","NW_015090842.1:6306146",1,1,0
"ARY2","s1645_S_PIT_01_ASEReadCounter.table","NW_015090842.1:6306147",1,1,0
"ARY2","s1645_S_PIT_01_ASEReadCounter.table","NW_015090842.1:6306390",3,3,0
"ARY2","s1645_S_PIT_01_ASEReadCounter.table","NW_015090842.1:6306567",3,3,0
"ARY2","s1645_S_PIT_01_ASEReadCounter.table","NW_015090842.1:6306705",3,4,1
"ARY2","s1645_S_PIT_01_ASEReadCounter.table","NW_015090842.1:6306713",4,4,0
"ARY2","s1645_S_PIT_01_ASEReadCounter.table","NW_015090842.1:6306773",2,2,0
"ARY2","s1645_S_PIT_01_ASEReadCounter.table","NW_015090842.1:6307039",2,3,1
"ARY2","s1645_S_PIT_01_ASEReadCounter.table","NW_015090842.1:6307043",2,3,1
"ARY2","s1645_S_PIT_01_ASEReadCounter.table","NW_015090842.1:6307093",1,2,1
"ARY2","s1645_S_PIT_01_ASEReadCounter.table","NW_015090842.1:6307157",1,1,0
"ARY2","s1645_S_PIT_01_ASEReadCounter.table","NW_015090842.1:6307187",1,1,0
"ARY2","s1645_S_PIT_01_ASEReadCounter.table","NW_015090842.1:6307278",2,2,0
"ARY2","s1645_S_PIT_01_ASEReadCounter.table","NW_015090842.1:6307305",2,3,1
"ARY2","s1645_S_PIT_01_ASEReadCounter.table","NW_015090842.1:6307318",3,5,2
"ARY2","s1645_S_PIT_01_ASEReadCounter.table","NW_015090842.1:6307429",1,3,2
"ARY2","s1645_S_PIT_01_ASEReadCounter.table","NW_015090842.1:6307487",1,3,2
"ARY2","s1645_S_PIT_01_ASEReadCounter.table","NW_015090842.1:6307670",2,2,0
"ARYL","s1645_S_PIT_01_ASEReadCounter.table","NW_015090842.1:6313767",2,2,0
"ARY1","s1645_S_PIT_01_ASEReadCounter.table","NW_015090842.1:6313909",1,1,0
"ARY1","s1645_S_PIT_01_ASEReadCounter.table","NW_015090842.1:6314296",1,3,2
"ARY1","s1645_S_PIT_01_ASEReadCounter.table","NW_015090842.1:6314541",0,2,2
"ARY1","s1645_S_PIT_01_ASEReadCounter.table","NW_015090842.1:6314597",1,2,1
"ARY1","s1645_S_PIT_01_ASEReadCounter.table","NW_015090842.1:6314750",3,4,1
"ARY1","s1645_S_PIT_01_ASEReadCounter.table","NW_015090842.1:6314794",3,4,1
"ARY1","s1645_S_PIT_01_ASEReadCounter.table","NW_015090842.1:6314827",2,2,0
"ARY1","s1645_S_PIT_01_ASEReadCounter.table","NW_015090842.1:6314843",3,3,0
"ARY1","s1645_S_PIT_01_ASEReadCounter.table","NW_015090842.1:6314859",2,2,0
"ARY1","s1645_S_PIT_01_ASEReadCounter.table","NW_015090842.1:6314886",2,2,0
"ARY1","s1645_S_PIT_01_ASEReadCounter.table","NW_015090842.1:6315022",1,1,0
"ARY1","s1645_S_PIT_01_ASEReadCounter.table","NW_015090842.1:6315026",1,1,0
"ARY1","s1645_S_PIT_01_ASEReadCounter.table","NW_015090842.1:6315043",1,1,0
"ARY1","s1645_S_PIT_01_ASEReadCounter.table","NW_015090842.1:6315065",1,1,0
"ARY1","s1645_S_PIT_01_ASEReadCounter.table","NW_015090842.1:6315479",3,3,0
"ARY1","s1645_S_PIT_01_ASEReadCounter.table","NW_015090842.1:6318342",0,2,2
"ARY1","s1645_S_PIT_01_ASEReadCounter.table","NW_015090842.1:6318427",0,1,1
"ARY1","s1645_S_PIT_01_ASEReadCounter.table","NW_015090842.1:6318603",0,1,1
"ARY1","s1645_S_PIT_01_ASEReadCounter.table","NW_015090842.1:6318708",0,1,1
"ARY1","s1645_S_PIT_01_ASEReadCounter.table","NW_015090842.1:6318858",0,1,1
"ARY1","s1645_S_PIT_01_ASEReadCounter.table","NW_015090842.1:6318952",3,3,0
"MPHOSPH6","s1645_S_PIT_01_ASEReadCounter.table","NW_015090842.1:6324063",27,82,55
"MPHOSPH6","s1645_S_PIT_01_ASEReadCounter.table","NW_015090842.1:6324174",53,154,101
"MPHOSPH6","s1645_S_PIT_01_ASEReadCounter.table","NW_015090842.1:6324270",84,194,110
"MPHOSPH6","s1645_S_PIT_01_ASEReadCounter.table","NW_015090842.1:6324762",86,193,107
"MPHOSPH6","s1645_S_PIT_01_ASEReadCounter.table","NW_015090842.1:6324772",85,177,92
"MPHOSPH6","s1645_S_PIT_01_ASEReadCounter.table","NW_015090842.1:6324780",79,163,84
"MPHOSPH6","s1645_S_PIT_01_ASEReadCounter.table","NW_015090842.1:6324902",112,214,102
"MPHOSPH6","s1645_S_PIT_01_ASEReadCounter.table","NW_015090842.1:6324910",221,221,0
"MPHOSPH6","s1645_S_PIT_01_ASEReadCounter.table","NW_015090842.1:6325066",114,234,120
"MPHOSPH6","s1645_S_PIT_01_ASEReadCounter.table","NW_015090842.1:6325089",130,266,136
"MPHOSPH6","s1645_S_PIT_01_ASEReadCounter.table","NW_015090842.1:6325298",170,403,233
"MPHOSPH6","s1645_S_PIT_01_ASEReadCounter.table","NW_015090842.1:6325877",118,289,171
"MPHOSPH6","s1645_S_PIT_01_ASEReadCounter.table","NW_015090842.1:6326976",92,224,132
"CDH13","s1645_S_PIT_01_ASEReadCounter.table","NW_015090842.1:6662283",0,1,1
"CDH13","s1645_S_PIT_01_ASEReadCounter.table","NW_015090842.1:6693665",2,3,1
"CDH13","s1645_S_PIT_01_ASEReadCounter.table","NW_015090842.1:6693697",2,5,3
"CDH13","s1645_S_PIT_01_ASEReadCounter.table","NW_015090842.1:6693712",2,5,3
"CDH13","s1645_S_PIT_01_ASEReadCounter.table","NW_015090842.1:6693723",2,5,3
"CDH13","s1645_S_PIT_01_ASEReadCounter.table","NW_015090842.1:6693738",2,5,3
"CDH13","s1645_S_PIT_01_ASEReadCounter.table","NW_015090842.1:6823730",1,2,1
"CDH13","s1645_S_PIT_01_ASEReadCounter.table","NW_015090842.1:6889713",2,4,2
"CDH13","s1645_S_PIT_01_ASEReadCounter.table","NW_015090842.1:6955167",3,3,0
"MLYCD","s1645_S_PIT_01_ASEReadCounter.table","NW_015090842.1:7150054",37,92,55
"MLYCD","s1645_S_PIT_01_ASEReadCounter.table","NW_015090842.1:7150131",77,182,105
"MLYCD","s1645_S_PIT_01_ASEReadCounter.table","NW_015090842.1:7150585",59,156,97
"MLYCD","s1645_S_PIT_01_ASEReadCounter.table","NW_015090842.1:7150686",47,107,60
"MLYCD","s1645_S_PIT_01_ASEReadCounter.table","NW_015090842.1:7150696",49,111,62
"MLYCD","s1645_S_PIT_01_ASEReadCounter.table","NW_015090842.1:7150698",111,111,0
"MLYCD","s1645_S_PIT_01_ASEReadCounter.table","NW_015090842.1:7150869",59,140,81
"MLYCD","s1645_S_PIT_01_ASEReadCounter.table","NW_015090842.1:7151100",69,172,103
"MLYCD","s1645_S_PIT_01_ASEReadCounter.table","NW_015090842.1:7151127",62,164,102
"MLYCD","s1645_S_PIT_01_ASEReadCounter.table","NW_015090842.1:7157538",53,118,65
"MLYCD","s1645_S_PIT_01_ASEReadCounter.table","NW_015090842.1:7167662",24,71,47
"MLYCD","s1645_S_PIT_01_ASEReadCounter.table","NW_015090842.1:7167675",24,68,44
"MLYCD","s1645_S_PIT_01_ASEReadCounter.table","NW_015090842.1:7167710",30,70,40
"MLYCD","s1645_S_PIT_01_ASEReadCounter.table","NW_015090842.1:7167781",19,45,26
"MLYCD","s1645_S_PIT_01_ASEReadCounter.table","NW_015090842.1:7167803",11,36,25
"MLYCD","s1645_S_PIT_01_ASEReadCounter.table","NW_015090842.1:7167812",12,37,25
"MLYCD","s1645_S_PIT_01_ASEReadCounter.table","NW_015090842.1:7167845",19,52,33
"MLYCD","s1645_S_PIT_01_ASEReadCounter.table","NW_015090842.1:7167862",19,48,29
"MLYCD","s1645_S_PIT_01_ASEReadCounter.table","NW_015090842.1:7167929",15,36,21
"MLYCD","s1645_S_PIT_01_ASEReadCounter.table","NW_015090842.1:7167995",12,23,11
"MLYCD","s1645_S_PIT_01_ASEReadCounter.table","NW_015090842.1:7168005",10,20,10
"MLYCD","s1645_S_PIT_01_ASEReadCounter.table","NW_015090842.1:7168037",14,25,11
"HSBP1","s1645_S_PIT_01_ASEReadCounter.table","NW_015090842.1:7245192",306,504,198
"HSBP1","s1645_S_PIT_01_ASEReadCounter.table","NW_015090842.1:7245226",343,591,248
"HSBP1","s1645_S_PIT_01_ASEReadCounter.table","NW_015090842.1:7245257",290,499,209
"HSBP1","s1645_S_PIT_01_ASEReadCounter.table","NW_015090842.1:7245296",256,500,244
"HSBP1","s1645_S_PIT_01_ASEReadCounter.table","NW_015090842.1:7245389",390,676,286
"HSBP1","s1645_S_PIT_01_ASEReadCounter.table","NW_015090842.1:7245400",390,647,257
"HSBP1","s1645_S_PIT_01_ASEReadCounter.table","NW_015090842.1:7245445",372,618,246
"HSBP1","s1645_S_PIT_01_ASEReadCounter.table","NW_015090842.1:7245495",345,555,210
"HSBP1","s1645_S_PIT_01_ASEReadCounter.table","NW_015090842.1:7245515",380,632,252
"HSBP1","s1645_S_PIT_01_ASEReadCounter.table","NW_015090842.1:7245733",254,503,249
"HSBP1","s1645_S_PIT_01_ASEReadCounter.table","NW_015090842.1:7245771",293,501,208
"HSBP1","s1645_S_PIT_01_ASEReadCounter.table","NW_015090842.1:7245813",308,514,206
"HSBP1","s1645_S_PIT_01_ASEReadCounter.table","NW_015090842.1:7245926",358,633,275
"HSBP1","s1645_S_PIT_01_ASEReadCounter.table","NW_015090842.1:7245927",359,629,270
"HSBP1","s1645_S_PIT_01_ASEReadCounter.table","NW_015090842.1:7245933",360,620,260
"HSBP1","s1645_S_PIT_01_ASEReadCounter.table","NW_015090842.1:7246002",258,467,209
"HSBP1","s1645_S_PIT_01_ASEReadCounter.table","NW_015090842.1:7246094",334,591,257
"HSBP1","s1645_S_PIT_01_ASEReadCounter.table","NW_015090842.1:7246167",337,579,242
"HSBP1","s1645_S_PIT_01_ASEReadCounter.table","NW_015090842.1:7246183",317,556,239
"HSBP1","s1645_S_PIT_01_ASEReadCounter.table","NW_015090842.1:7247285",74,94,20
"HSBP1","s1645_S_PIT_01_ASEReadCounter.table","NW_015090842.1:7247651",523,1038,515
"HSBP1","s1645_S_PIT_01_ASEReadCounter.table","NW_015090842.1:7247657",507,1018,511
"HSBP1","s1645_S_PIT_01_ASEReadCounter.table","NW_015090842.1:7248520",342,654,312
"HSBP1","s1645_S_PIT_01_ASEReadCounter.table","NW_015090842.1:7248535",266,508,242
"KCNG4","s1645_S_PIT_01_ASEReadCounter.table","NW_015090842.1:7282481",0,1,1
"KCNG4","s1645_S_PIT_01_ASEReadCounter.table","NW_015090842.1:7282500",0,1,1
"KCNG4","s1645_S_PIT_01_ASEReadCounter.table","NW_015090842.1:7282542",0,1,1
"KCNG4","s1645_S_PIT_01_ASEReadCounter.table","NW_015090842.1:7282630",0,1,1
"KCNG4","s1645_S_PIT_01_ASEReadCounter.table","NW_015090842.1:7282760",2,2,0
"KCNG4","s1645_S_PIT_01_ASEReadCounter.table","NW_015090842.1:7283056",0,1,1
"KCNG4","s1645_S_PIT_01_ASEReadCounter.table","NW_015090842.1:7299491",2,3,1
"ATP2C2","s1645_S_PIT_01_ASEReadCounter.table","NW_015090842.1:7413747",1,8,7
"TLDC1","s1645_S_PIT_01_ASEReadCounter.table","NW_015090842.1:7421997",48,102,54
"COTL1","s1645_S_PIT_01_ASEReadCounter.table","NW_015090842.1:7490707",161,300,139
"COTL1","s1645_S_PIT_01_ASEReadCounter.table","NW_015090842.1:7490708",162,302,140
"COTL1","s1645_S_PIT_01_ASEReadCounter.table","NW_015090842.1:7490711",166,307,141
"COTL1","s1645_S_PIT_01_ASEReadCounter.table","NW_015090842.1:7490739",143,276,133
"COTL1","s1645_S_PIT_01_ASEReadCounter.table","NW_015090842.1:7490785",153,295,142
"COTL1","s1645_S_PIT_01_ASEReadCounter.table","NW_015090842.1:7490820",12,185,173
"COTL1","s1645_S_PIT_01_ASEReadCounter.table","NW_015090842.1:7490846",293,293,0
"COTL1","s1645_S_PIT_01_ASEReadCounter.table","NW_015090842.1:7505571",2,3,1
"COTL1","s1645_S_PIT_01_ASEReadCounter.table","NW_015090842.1:7505672",2,3,1
"KLHL36","s1645_S_PIT_01_ASEReadCounter.table","NW_015090842.1:7526337",22,48,26
"KLHL36","s1645_S_PIT_01_ASEReadCounter.table","NW_015090842.1:7537681",57,57,0
"USP10","s1645_S_PIT_01_ASEReadCounter.table","NW_015090842.1:7572213",67,145,78
"USP10","s1645_S_PIT_01_ASEReadCounter.table","NW_015090842.1:7572358",119,119,0
"CRISPLD2","s1645_S_PIT_01_ASEReadCounter.table","NW_015090842.1:7619796",1,2,1
"CRISPLD2","s1645_S_PIT_01_ASEReadCounter.table","NW_015090842.1:7630779",4,4,0
"CRISPLD2","s1645_S_PIT_01_ASEReadCounter.table","NW_015090842.1:7633611",2,2,0
"CRISPLD2","s1645_S_PIT_01_ASEReadCounter.table","NW_015090842.1:7633787",2,5,3
"CRISPLD2","s1645_S_PIT_01_ASEReadCounter.table","NW_015090842.1:7634023",1,3,2
"CRISPLD2","s1645_S_PIT_01_ASEReadCounter.table","NW_015090842.1:7634620",3,3,0
"CRISPLD2","s1645_S_PIT_01_ASEReadCounter.table","NW_015090842.1:7636315",2,3,1
"MTHFSD","s1645_S_PIT_01_ASEReadCounter.table","NW_015090842.1:8152578",11,24,13
"DUSP15","s1645_S_PIT_01_ASEReadCounter.table","NW_015090842.1:8422840",8,12,4
"DUSP15","s1645_S_PIT_01_ASEReadCounter.table","NW_015090842.1:8427711",0,3,3
"DUSP15","s1645_S_PIT_01_ASEReadCounter.table","NW_015090842.1:8431988",0,13,13
"EMC8","s1645_S_PIT_01_ASEReadCounter.table","NW_015090842.1:8452385",16,36,20
"GINS2","s1645_S_PIT_01_ASEReadCounter.table","NW_015090842.1:8467469",72,72,0
"GINS2","s1645_S_PIT_01_ASEReadCounter.table","NW_015090842.1:8470290",46,120,74
"GINS2","s1645_S_PIT_01_ASEReadCounter.table","NW_015090842.1:8470305",46,118,72
"GINS2","s1645_S_PIT_01_ASEReadCounter.table","NW_015090842.1:8470376",45,112,67
"GINS2","s1645_S_PIT_01_ASEReadCounter.table","NW_015090842.1:8471057",3,12,9
"GSE1","s1645_S_PIT_01_ASEReadCounter.table","NW_015090842.1:8483570",14,14,0
"KIAA0513","s1645_S_PIT_01_ASEReadCounter.table","NW_015090842.1:8674736",230,230,0
"KIAA0513","s1645_S_PIT_01_ASEReadCounter.table","NW_015090842.1:8687268",0,1,1
"KIAA0513","s1645_S_PIT_01_ASEReadCounter.table","NW_015090842.1:8693655",78,78,0
"ZCCHC14","s1645_S_PIT_01_ASEReadCounter.table","NW_015090842.1:8750189",89,89,0
"JPH3","s1645_S_PIT_01_ASEReadCounter.table","NW_015090842.1:8872294",20,41,21
"KLHDC4","s1645_S_PIT_01_ASEReadCounter.table","NW_015090842.1:8891175",242,242,0
"KLHDC4","s1645_S_PIT_01_ASEReadCounter.table","NW_015090842.1:8905251",48,95,47
"KLHDC4","s1645_S_PIT_01_ASEReadCounter.table","NW_015090842.1:8919630",17,30,13
"SLC7A5","s1645_S_PIT_01_ASEReadCounter.table","NW_015090842.1:8940382",359,359,0
"SLC7A5","s1645_S_PIT_01_ASEReadCounter.table","NW_015090842.1:8941818",402,402,0
"SLC7A5","s1645_S_PIT_01_ASEReadCounter.table","NW_015090842.1:8944655",274,274,0
"CA5A","s1645_S_PIT_01_ASEReadCounter.table","NW_015090842.1:8989479",56,143,87
"CA5A","s1645_S_PIT_01_ASEReadCounter.table","NW_015090842.1:8989562",70,177,107
"CA5A","s1645_S_PIT_01_ASEReadCounter.table","NW_015090842.1:8989609",64,197,133
"CA5A","s1645_S_PIT_01_ASEReadCounter.table","NW_015090842.1:8989693",101,260,159
"CA5A","s1645_S_PIT_01_ASEReadCounter.table","NW_015090842.1:8989702",112,257,145
"CA5A","s1645_S_PIT_01_ASEReadCounter.table","NW_015090842.1:8989746",108,268,160
"CA5A","s1645_S_PIT_01_ASEReadCounter.table","NW_015090842.1:8989880",63,212,149
"CA5A","s1645_S_PIT_01_ASEReadCounter.table","NW_015090842.1:8989885",69,225,156
"CA5A","s1645_S_PIT_01_ASEReadCounter.table","NW_015090842.1:8989929",76,231,155
"CA5A","s1645_S_PIT_01_ASEReadCounter.table","NW_015090842.1:8990002",78,222,144
"CA5A","s1645_S_PIT_01_ASEReadCounter.table","NW_015090842.1:8990004",75,221,146
"CA5A","s1645_S_PIT_01_ASEReadCounter.table","NW_015090842.1:8990005",76,226,150
"CA5A","s1645_S_PIT_01_ASEReadCounter.table","NW_015090842.1:8990017",72,217,145
"CA5A","s1645_S_PIT_01_ASEReadCounter.table","NW_015090842.1:8990043",68,195,127
"CA5A","s1645_S_PIT_01_ASEReadCounter.table","NW_015090842.1:8990080",62,176,114
"CA5A","s1645_S_PIT_01_ASEReadCounter.table","NW_015090842.1:8990084",60,175,115
"CA5A","s1645_S_PIT_01_ASEReadCounter.table","NW_015090842.1:8990090",66,184,118
"CA5A","s1645_S_PIT_01_ASEReadCounter.table","NW_015090842.1:8990095",66,188,122
"CA5A","s1645_S_PIT_01_ASEReadCounter.table","NW_015090842.1:8990111",68,180,112
"CA5A","s1645_S_PIT_01_ASEReadCounter.table","NW_015090842.1:8990112",69,179,110
"CA5A","s1645_S_PIT_01_ASEReadCounter.table","NW_015090842.1:8990115",77,190,113
"CA5A","s1645_S_PIT_01_ASEReadCounter.table","NW_015090842.1:8990166",65,174,109
"CA5A","s1645_S_PIT_01_ASEReadCounter.table","NW_015090842.1:8990169",67,169,102
"CA5A","s1645_S_PIT_01_ASEReadCounter.table","NW_015090842.1:8990222",45,131,86
"CA5A","s1645_S_PIT_01_ASEReadCounter.table","NW_015090842.1:8990289",53,149,96
"CA5A","s1645_S_PIT_01_ASEReadCounter.table","NW_015090842.1:8990314",54,156,102
"CA5A","s1645_S_PIT_01_ASEReadCounter.table","NW_015090842.1:8990361",45,139,94
"CA5A","s1645_S_PIT_01_ASEReadCounter.table","NW_015090842.1:8990368",47,141,94
"CA5A","s1645_S_PIT_01_ASEReadCounter.table","NW_015090842.1:8990429",46,136,90
"CA5A","s1645_S_PIT_01_ASEReadCounter.table","NW_015090842.1:8990466",56,129,73
"CA5A","s1645_S_PIT_01_ASEReadCounter.table","NW_015090842.1:8990663",57,161,104
"CA5A","s1645_S_PIT_01_ASEReadCounter.table","NW_015090842.1:8990797",52,146,94
"CA5A","s1645_S_PIT_01_ASEReadCounter.table","NW_015090842.1:8990836",56,147,91
"CA5A","s1645_S_PIT_01_ASEReadCounter.table","NW_015090842.1:8990842",54,146,92
"CA5A","s1645_S_PIT_01_ASEReadCounter.table","NW_015090842.1:8990851",54,141,87
"CA5A","s1645_S_PIT_01_ASEReadCounter.table","NW_015090842.1:8990918",55,141,86
"CA5A","s1645_S_PIT_01_ASEReadCounter.table","NW_015090842.1:8990921",51,149,98
"CA5A","s1645_S_PIT_01_ASEReadCounter.table","NW_015090842.1:8990942",67,161,94
"CA5A","s1645_S_PIT_01_ASEReadCounter.table","NW_015090842.1:8991001",82,193,111
"CA5A","s1645_S_PIT_01_ASEReadCounter.table","NW_015090842.1:8991038",65,172,107
"CA5A","s1645_S_PIT_01_ASEReadCounter.table","NW_015090842.1:8991149",71,172,101
"CA5A","s1645_S_PIT_01_ASEReadCounter.table","NW_015090842.1:8991176",75,171,96
"CA5A","s1645_S_PIT_01_ASEReadCounter.table","NW_015090842.1:8991241",62,170,108
"CA5A","s1645_S_PIT_01_ASEReadCounter.table","NW_015090842.1:8991262",65,166,101
"CA5A","s1645_S_PIT_01_ASEReadCounter.table","NW_015090842.1:8991316",53,68,15
"CA5A","s1645_S_PIT_01_ASEReadCounter.table","NW_015090842.1:8991319",55,67,12
"CA5A","s1645_S_PIT_01_ASEReadCounter.table","NW_015090842.1:8991330",52,57,5
"CA5A","s1645_S_PIT_01_ASEReadCounter.table","NW_015090842.1:8991334",49,60,11
"CA5A","s1645_S_PIT_01_ASEReadCounter.table","NW_015090842.1:8991362",54,135,81
"CA5A","s1645_S_PIT_01_ASEReadCounter.table","NW_015090842.1:8991368",56,140,84
"CA5A","s1645_S_PIT_01_ASEReadCounter.table","NW_015090842.1:8991390",62,154,92
"CA5A","s1645_S_PIT_01_ASEReadCounter.table","NW_015090842.1:8991395",63,157,94
"CA5A","s1645_S_PIT_01_ASEReadCounter.table","NW_015090842.1:8991422",60,168,108
"CA5A","s1645_S_PIT_01_ASEReadCounter.table","NW_015090842.1:8991467",70,166,96
"CA5A","s1645_S_PIT_01_ASEReadCounter.table","NW_015090842.1:8991576",31,119,88
"CA5A","s1645_S_PIT_01_ASEReadCounter.table","NW_015090842.1:8991587",42,148,106
"CA5A","s1645_S_PIT_01_ASEReadCounter.table","NW_015090842.1:8991655",57,176,119
"CA5A","s1645_S_PIT_01_ASEReadCounter.table","NW_015090842.1:8991717",55,154,99
"CA5A","s1645_S_PIT_01_ASEReadCounter.table","NW_015090842.1:8991726",54,151,97
"CA5A","s1645_S_PIT_01_ASEReadCounter.table","NW_015090842.1:8991799",50,142,92
"CA5A","s1645_S_PIT_01_ASEReadCounter.table","NW_015090842.1:8991809",40,135,95
"CA5A","s1645_S_PIT_01_ASEReadCounter.table","NW_015090842.1:8991848",56,143,87
"CA5A","s1645_S_PIT_01_ASEReadCounter.table","NW_015090842.1:8991849",57,147,90
"CA5A","s1645_S_PIT_01_ASEReadCounter.table","NW_015090842.1:8991927",55,147,92
"CA5A","s1645_S_PIT_01_ASEReadCounter.table","NW_015090842.1:8991941",52,141,89
"CA5A","s1645_S_PIT_01_ASEReadCounter.table","NW_015090842.1:8992121",32,108,76
"CA5A","s1645_S_PIT_01_ASEReadCounter.table","NW_015090842.1:8992224",39,102,63
"CA5A","s1645_S_PIT_01_ASEReadCounter.table","NW_015090842.1:9002570",33,97,64
"CA5A","s1645_S_PIT_01_ASEReadCounter.table","NW_015090842.1:9002600",31,85,54
"CA5A","s1645_S_PIT_01_ASEReadCounter.table","NW_015090842.1:9004312",27,72,45
"CA5A","s1645_S_PIT_01_ASEReadCounter.table","NW_015090842.1:9004523",2,2,0
"CA5A","s1645_S_PIT_01_ASEReadCounter.table","NW_015090842.1:9004530",2,3,1
"CA5A","s1645_S_PIT_01_ASEReadCounter.table","NW_015090842.1:9004556",2,3,1
"CA5A","s1645_S_PIT_01_ASEReadCounter.table","NW_015090842.1:9004620",1,2,1
"CA5A","s1645_S_PIT_01_ASEReadCounter.table","NW_015090842.1:9005116",2,3,1
"CA5A","s1645_S_PIT_01_ASEReadCounter.table","NW_015090842.1:9005120",2,3,1
"CA5A","s1645_S_PIT_01_ASEReadCounter.table","NW_015090842.1:9005140",2,2,0
"CA5A","s1645_S_PIT_01_ASEReadCounter.table","NW_015090842.1:9005152",3,3,0
"BANP","s1645_S_PIT_01_ASEReadCounter.table","NW_015090842.1:9033407",22,41,19
"BANP","s1645_S_PIT_01_ASEReadCounter.table","NW_015090842.1:9033409",22,42,20
"BANP","s1645_S_PIT_01_ASEReadCounter.table","NW_015090842.1:9033420",25,50,25
"BANP","s1645_S_PIT_01_ASEReadCounter.table","NW_015090842.1:9055284",21,46,25
"CIDEC","s1645_S_PIT_01_ASEReadCounter.table","NW_015090842.1:9481199",1,2,1
"ZC3H18","s1645_S_PIT_01_ASEReadCounter.table","NW_015090842.1:9528933",31,68,37
"MVD","s1645_S_PIT_01_ASEReadCounter.table","NW_015090842.1:9550690",35,35,0
"MVD","s1645_S_PIT_01_ASEReadCounter.table","NW_015090842.1:9550691",35,35,0
"MVD","s1645_S_PIT_01_ASEReadCounter.table","NW_015090842.1:9550699",35,35,0
"MVD","s1645_S_PIT_01_ASEReadCounter.table","NW_015090842.1:9550701",35,35,0
"MVD","s1645_S_PIT_01_ASEReadCounter.table","NW_015090842.1:9552202",74,74,0
"MVD","s1645_S_PIT_01_ASEReadCounter.table","NW_015090842.1:9552223",64,64,0
"MVD","s1645_S_PIT_01_ASEReadCounter.table","NW_015090842.1:9552533",51,51,0
"MVD","s1645_S_PIT_01_ASEReadCounter.table","NW_015090842.1:9552644",20,43,23
"PIEZO1","s1645_S_PIT_01_ASEReadCounter.table","NW_015090842.1:9577447",10,19,9
"PIEZO1","s1645_S_PIT_01_ASEReadCounter.table","NW_015090842.1:9579101",11,21,10
"PIEZO1","s1645_S_PIT_01_ASEReadCounter.table","NW_015090842.1:9582630",2,5,3
"PIEZO1","s1645_S_PIT_01_ASEReadCounter.table","NW_015090842.1:9582976",7,12,5
"PIEZO1","s1645_S_PIT_01_ASEReadCounter.table","NW_015090842.1:9583326",9,9,0
"CDT1","s1645_S_PIT_01_ASEReadCounter.table","NW_015090842.1:9596711",6,11,5
"CDT1","s1645_S_PIT_01_ASEReadCounter.table","NW_015090842.1:9597033",22,22,0
"CDT1","s1645_S_PIT_01_ASEReadCounter.table","NW_015090842.1:9597756",6,25,19
"CDT1","s1645_S_PIT_01_ASEReadCounter.table","NW_015090842.1:9598873",28,28,0
"ACSF3","s1645_S_PIT_01_ASEReadCounter.table","NW_015090842.1:9776737",12,23,11
"ACSF3","s1645_S_PIT_01_ASEReadCounter.table","NW_015090842.1:9809639",73,73,0
"ACSF3","s1645_S_PIT_01_ASEReadCounter.table","NW_015090842.1:9834743",50,89,39
"ACSF3","s1645_S_PIT_01_ASEReadCounter.table","NW_015090842.1:9834762",97,97,0
"ACSF3","s1645_S_PIT_01_ASEReadCounter.table","NW_015090842.1:9834852",55,99,44
"ACSF3","s1645_S_PIT_01_ASEReadCounter.table","NW_015090842.1:9834861",46,90,44
"ACSF3","s1645_S_PIT_01_ASEReadCounter.table","NW_015090842.1:9839359",39,75,36
"ACSF3","s1645_S_PIT_01_ASEReadCounter.table","NW_015090842.1:9839378",35,74,39
"ACSF3","s1645_S_PIT_01_ASEReadCounter.table","NW_015090842.1:9839455",35,62,27
"ACSF3","s1645_S_PIT_01_ASEReadCounter.table","NW_015090842.1:9839457",34,60,26
"ACSF3","s1645_S_PIT_01_ASEReadCounter.table","NW_015090842.1:9839489",26,46,20
"ACSF3","s1645_S_PIT_01_ASEReadCounter.table","NW_015090842.1:9839500",21,39,18
"ACSF3","s1645_S_PIT_01_ASEReadCounter.table","NW_015090842.1:9839501",21,38,17
"ACSF3","s1645_S_PIT_01_ASEReadCounter.table","NW_015090842.1:9839504",26,42,16
"ACSF3","s1645_S_PIT_01_ASEReadCounter.table","NW_015090842.1:9839512",25,35,10
"ACSF3","s1645_S_PIT_01_ASEReadCounter.table","NW_015090842.1:9839527",17,27,10
"ACSF3","s1645_S_PIT_01_ASEReadCounter.table","NW_015090842.1:9839533",10,19,9
"ACSF3","s1645_S_PIT_01_ASEReadCounter.table","NW_015090842.1:9839535",10,18,8
"ACSF3","s1645_S_PIT_01_ASEReadCounter.table","NW_015090842.1:9839545",8,15,7
"ACSF3","s1645_S_PIT_01_ASEReadCounter.table","NW_015090842.1:9839550",6,10,4
"ACSF3","s1645_S_PIT_01_ASEReadCounter.table","NW_015090842.1:9839551",6,9,3
"SLC22A31","s1645_S_PIT_01_ASEReadCounter.table","NW_015090842.1:9851130",2,4,2
"SLC22A31","s1645_S_PIT_01_ASEReadCounter.table","NW_015090842.1:9851139",2,4,2
"SLC22A31","s1645_S_PIT_01_ASEReadCounter.table","NW_015090842.1:9851265",3,15,12
"SLC22A31","s1645_S_PIT_01_ASEReadCounter.table","NW_015090842.1:9851302",5,16,11
"SLC22A31","s1645_S_PIT_01_ASEReadCounter.table","NW_015090842.1:9851303",5,16,11
"SLC22A31","s1645_S_PIT_01_ASEReadCounter.table","NW_015090842.1:9851305",6,17,11
"SLC22A31","s1645_S_PIT_01_ASEReadCounter.table","NW_015090842.1:9851343",7,13,6
"SLC22A31","s1645_S_PIT_01_ASEReadCounter.table","NW_015090842.1:9851344",7,13,6
"SLC22A31","s1645_S_PIT_01_ASEReadCounter.table","NW_015090842.1:9851381",4,12,8
"SLC22A31","s1645_S_PIT_01_ASEReadCounter.table","NW_015090842.1:9851421",4,12,8
"SLC22A31","s1645_S_PIT_01_ASEReadCounter.table","NW_015090842.1:9851526",12,27,15
"SLC22A31","s1645_S_PIT_01_ASEReadCounter.table","NW_015090842.1:9851589",12,29,17
"SLC22A31","s1645_S_PIT_01_ASEReadCounter.table","NW_015090842.1:9851712",14,26,12
"SLC22A31","s1645_S_PIT_01_ASEReadCounter.table","NW_015090842.1:9851899",11,24,13
"SLC22A31","s1645_S_PIT_01_ASEReadCounter.table","NW_015090842.1:9852139",11,23,12
"SLC22A31","s1645_S_PIT_01_ASEReadCounter.table","NW_015090842.1:9852380",10,16,6
"SLC22A31","s1645_S_PIT_01_ASEReadCounter.table","NW_015090842.1:9852431",8,14,6
"SLC22A31","s1645_S_PIT_01_ASEReadCounter.table","NW_015090842.1:9852630",6,10,4
"SLC22A31","s1645_S_PIT_01_ASEReadCounter.table","NW_015090842.1:9852711",5,12,7
"SLC22A31","s1645_S_PIT_01_ASEReadCounter.table","NW_015090842.1:9852742",6,13,7
"SLC22A31","s1645_S_PIT_01_ASEReadCounter.table","NW_015090842.1:9853099",11,16,5
"SLC22A31","s1645_S_PIT_01_ASEReadCounter.table","NW_015090842.1:9853102",10,15,5
"SLC22A31","s1645_S_PIT_01_ASEReadCounter.table","NW_015090842.1:9853421",4,9,5
"SLC22A31","s1645_S_PIT_01_ASEReadCounter.table","NW_015090842.1:9853457",4,9,5
"SLC22A31","s1645_S_PIT_01_ASEReadCounter.table","NW_015090842.1:9853502",5,9,4
"ANKRD11","s1645_S_PIT_01_ASEReadCounter.table","NW_015090842.1:9858863",5,13,8
"ANKRD11","s1645_S_PIT_01_ASEReadCounter.table","NW_015090842.1:9859101",70,173,103
"ANKRD11","s1645_S_PIT_01_ASEReadCounter.table","NW_015090842.1:9859352",78,215,137
"ANKRD11","s1645_S_PIT_01_ASEReadCounter.table","NW_015090842.1:9859381",41,135,94
"ANKRD11","s1645_S_PIT_01_ASEReadCounter.table","NW_015090842.1:9859527",41,92,51
"ANKRD11","s1645_S_PIT_01_ASEReadCounter.table","NW_015090842.1:9859529",41,94,53
"ANKRD11","s1645_S_PIT_01_ASEReadCounter.table","NW_015090842.1:9859679",108,204,96
"ANKRD11","s1645_S_PIT_01_ASEReadCounter.table","NW_015090842.1:9861097",98,227,129
"ANKRD11","s1645_S_PIT_01_ASEReadCounter.table","NW_015090842.1:9862571",65,126,61
"ANKRD11","s1645_S_PIT_01_ASEReadCounter.table","NW_015090842.1:9866071",0,75,75
"ANKRD11","s1645_S_PIT_01_ASEReadCounter.table","NW_015090842.1:9866200",0,59,59
"ANKRD11","s1645_S_PIT_01_ASEReadCounter.table","NW_015090842.1:9867391",29,65,36
"ANKRD11","s1645_S_PIT_01_ASEReadCounter.table","NW_015090842.1:9867472",60,106,46
"ANKRD11","s1645_S_PIT_01_ASEReadCounter.table","NW_015090842.1:9867559",66,120,54
"ANKRD11","s1645_S_PIT_01_ASEReadCounter.table","NW_015090842.1:9867934",68,129,61
"ANKRD11","s1645_S_PIT_01_ASEReadCounter.table","NW_015090842.1:9868093",72,144,72
"ANKRD11","s1645_S_PIT_01_ASEReadCounter.table","NW_015090842.1:9868222",61,122,61
"ANKRD11","s1645_S_PIT_01_ASEReadCounter.table","NW_015090842.1:9868327",70,131,61
"ANKRD11","s1645_S_PIT_01_ASEReadCounter.table","NW_015090842.1:9868414",73,137,64
"ANKRD11","s1645_S_PIT_01_ASEReadCounter.table","NW_015090842.1:9868441",81,141,60
"ANKRD11","s1645_S_PIT_01_ASEReadCounter.table","NW_015090842.1:9868444",82,146,64
"ANKRD11","s1645_S_PIT_01_ASEReadCounter.table","NW_015090842.1:9868519",92,149,57
"ANKRD11","s1645_S_PIT_01_ASEReadCounter.table","NW_015090842.1:9868609",108,178,70
"ANKRD11","s1645_S_PIT_01_ASEReadCounter.table","NW_015090842.1:9868666",103,192,89
"ANKRD11","s1645_S_PIT_01_ASEReadCounter.table","NW_015090842.1:9869431",80,142,62
"ANKRD11","s1645_S_PIT_01_ASEReadCounter.table","NW_015090842.1:9869578",104,198,94
"ANKRD11","s1645_S_PIT_01_ASEReadCounter.table","NW_015090842.1:9869734",104,198,94
"ANKRD11","s1645_S_PIT_01_ASEReadCounter.table","NW_015090842.1:9870070",86,168,82
"ANKRD11","s1645_S_PIT_01_ASEReadCounter.table","NW_015090842.1:9870349",73,144,71
"ANKRD11","s1645_S_PIT_01_ASEReadCounter.table","NW_015090842.1:9870604",83,149,66
"ANKRD11","s1645_S_PIT_01_ASEReadCounter.table","NW_015090842.1:9870613",91,163,72
"ANKRD11","s1645_S_PIT_01_ASEReadCounter.table","NW_015090842.1:9870685",98,187,89
"ANKRD11","s1645_S_PIT_01_ASEReadCounter.table","NW_015090842.1:9870847",71,154,83
"ANKRD11","s1645_S_PIT_01_ASEReadCounter.table","NW_015090842.1:9871103",49,100,51
"ANKRD11","s1645_S_PIT_01_ASEReadCounter.table","NW_015090842.1:9871165",58,123,65
"ANKRD11","s1645_S_PIT_01_ASEReadCounter.table","NW_015090842.1:9871820",35,65,30
"ANKRD11","s1645_S_PIT_01_ASEReadCounter.table","NW_015090842.1:9871994",89,89,0
"ANKRD11","s1645_S_PIT_01_ASEReadCounter.table","NW_015090842.1:9872118",38,97,59
"SPG7","s1645_S_PIT_01_ASEReadCounter.table","NW_015090842.1:10051190",115,265,150
"SPG7","s1645_S_PIT_01_ASEReadCounter.table","NW_015090842.1:10051218",132,298,166
"SPG7","s1645_S_PIT_01_ASEReadCounter.table","NW_015090842.1:10052348",169,305,136
"SPG7","s1645_S_PIT_01_ASEReadCounter.table","NW_015090842.1:10052366",159,292,133
"SPG7","s1645_S_PIT_01_ASEReadCounter.table","NW_015090842.1:10065173",141,303,162
"SPG7","s1645_S_PIT_01_ASEReadCounter.table","NW_015090842.1:10065215",133,270,137
"SPG7","s1645_S_PIT_01_ASEReadCounter.table","NW_015090842.1:10066301",113,226,113
"SPG7","s1645_S_PIT_01_ASEReadCounter.table","NW_015090842.1:10066365",133,251,118
"SPG7","s1645_S_PIT_01_ASEReadCounter.table","NW_015090842.1:10069752",146,285,139
"SPG7","s1645_S_PIT_01_ASEReadCounter.table","NW_015090842.1:10069800",134,268,134
"SPG7","s1645_S_PIT_01_ASEReadCounter.table","NW_015090842.1:10071192",162,296,134
"SPG7","s1645_S_PIT_01_ASEReadCounter.table","NW_015090842.1:10071204",159,280,121
"SPG7","s1645_S_PIT_01_ASEReadCounter.table","NW_015090842.1:10071219",159,277,118
"SPG7","s1645_S_PIT_01_ASEReadCounter.table","NW_015090842.1:10071967",101,226,125
"SPG7","s1645_S_PIT_01_ASEReadCounter.table","NW_015090842.1:10075109",165,322,157
"SPG7","s1645_S_PIT_01_ASEReadCounter.table","NW_015090842.1:10075114",155,310,155
"SPG7","s1645_S_PIT_01_ASEReadCounter.table","NW_015090842.1:10075198",143,264,121
"SPG7","s1645_S_PIT_01_ASEReadCounter.table","NW_015090842.1:10075487",85,179,94
"SPG7","s1645_S_PIT_01_ASEReadCounter.table","NW_015090842.1:10075488",85,179,94
"SPG7","s1645_S_PIT_01_ASEReadCounter.table","NW_015090842.1:10075548",66,124,58
"RPL13","s1645_S_PIT_01_ASEReadCounter.table","NW_015090842.1:10076979",1,3,2
"RPL13","s1645_S_PIT_01_ASEReadCounter.table","NW_015090842.1:10077387",730,1617,887
"RPL13","s1645_S_PIT_01_ASEReadCounter.table","NW_015090842.1:10077978",1027,2197,1170
"RPL13","s1645_S_PIT_01_ASEReadCounter.table","NW_015090842.1:10077992",1039,2106,1067
"CPNE7","s1645_S_PIT_01_ASEReadCounter.table","NW_015090842.1:10084001",7,8,1
"CPNE7","s1645_S_PIT_01_ASEReadCounter.table","NW_015090842.1:10084856",4,4,0
"CPNE7","s1645_S_PIT_01_ASEReadCounter.table","NW_015090842.1:10084872",5,5,0
"CPNE7","s1645_S_PIT_01_ASEReadCounter.table","NW_015090842.1:10084892",4,4,0
"CPNE7","s1645_S_PIT_01_ASEReadCounter.table","NW_015090842.1:10084921",4,4,0
"CPNE7","s1645_S_PIT_01_ASEReadCounter.table","NW_015090842.1:10084935",5,5,0
"CPNE7","s1645_S_PIT_01_ASEReadCounter.table","NW_015090842.1:10085000",5,5,0
"CPNE7","s1645_S_PIT_01_ASEReadCounter.table","NW_015090842.1:10085089",4,4,0
"CPNE7","s1645_S_PIT_01_ASEReadCounter.table","NW_015090842.1:10085096",5,5,0
"CPNE7","s1645_S_PIT_01_ASEReadCounter.table","NW_015090842.1:10085126",5,5,0
"CPNE7","s1645_S_PIT_01_ASEReadCounter.table","NW_015090842.1:10085180",4,4,0
"CPNE7","s1645_S_PIT_01_ASEReadCounter.table","NW_015090842.1:10085201",2,2,0
"CPNE7","s1645_S_PIT_01_ASEReadCounter.table","NW_015090842.1:10088134",3,3,0
"CPNE7","s1645_S_PIT_01_ASEReadCounter.table","NW_015090842.1:10088146",2,2,0
"CPNE7","s1645_S_PIT_01_ASEReadCounter.table","NW_015090842.1:10088940",8,8,0
"CPNE7","s1645_S_PIT_01_ASEReadCounter.table","NW_015090842.1:10088965",9,9,0
"CPNE7","s1645_S_PIT_01_ASEReadCounter.table","NW_015090842.1:10088967",9,9,0
"CPNE7","s1645_S_PIT_01_ASEReadCounter.table","NW_015090842.1:10088973",9,9,0
"CPNE7","s1645_S_PIT_01_ASEReadCounter.table","NW_015090842.1:10090924",7,7,0
"CPNE7","s1645_S_PIT_01_ASEReadCounter.table","NW_015090842.1:10090930",7,7,0
"CPNE7","s1645_S_PIT_01_ASEReadCounter.table","NW_015090842.1:10091075",11,11,0
"CPNE7","s1645_S_PIT_01_ASEReadCounter.table","NW_015090842.1:10091389",5,5,0
"CPNE7","s1645_S_PIT_01_ASEReadCounter.table","NW_015090842.1:10091407",4,4,0
"CPNE7","s1645_S_PIT_01_ASEReadCounter.table","NW_015090842.1:10091530",4,4,0
"CPNE7","s1645_S_PIT_01_ASEReadCounter.table","NW_015090842.1:10091875",5,5,0
"CPNE7","s1645_S_PIT_01_ASEReadCounter.table","NW_015090842.1:10091983",4,4,0
"CPNE7","s1645_S_PIT_01_ASEReadCounter.table","NW_015090842.1:10091997",5,5,0
"CPNE7","s1645_S_PIT_01_ASEReadCounter.table","NW_015090842.1:10092038",3,3,0
"CPNE7","s1645_S_PIT_01_ASEReadCounter.table","NW_015090842.1:10092140",5,5,0
"CPNE7","s1645_S_PIT_01_ASEReadCounter.table","NW_015090842.1:10092183",2,2,0
"LOC106888185","s1645_S_PIT_01_ASEReadCounter.table","NW_015090842.1:10094965",6,21,15
"LOC106888185","s1645_S_PIT_01_ASEReadCounter.table","NW_015090842.1:10094966",6,21,15
"LOC106888185","s1645_S_PIT_01_ASEReadCounter.table","NW_015090842.1:10094985",6,22,16
"LOC106888185","s1645_S_PIT_01_ASEReadCounter.table","NW_015090842.1:10095055",2,20,18
"LOC106888185","s1645_S_PIT_01_ASEReadCounter.table","NW_015090842.1:10095062",2,17,15
"LOC106888185","s1645_S_PIT_01_ASEReadCounter.table","NW_015090842.1:10095130",2,16,14
"LOC106888185","s1645_S_PIT_01_ASEReadCounter.table","NW_015090842.1:10095265",33,84,51
"LOC106888185","s1645_S_PIT_01_ASEReadCounter.table","NW_015090842.1:10095586",41,98,57
"LOC106888185","s1645_S_PIT_01_ASEReadCounter.table","NW_015090842.1:10095593",48,107,59
"LOC106888185","s1645_S_PIT_01_ASEReadCounter.table","NW_015090842.1:10095616",40,100,60
"LOC106888185","s1645_S_PIT_01_ASEReadCounter.table","NW_015090842.1:10095662",33,90,57
"LOC106888185","s1645_S_PIT_01_ASEReadCounter.table","NW_015090842.1:10095674",25,78,53
"LOC106888185","s1645_S_PIT_01_ASEReadCounter.table","NW_015090842.1:10095786",26,81,55
"LOC106888185","s1645_S_PIT_01_ASEReadCounter.table","NW_015090842.1:10095831",33,85,52
"LOC106888185","s1645_S_PIT_01_ASEReadCounter.table","NW_015090842.1:10096230",44,103,59
"LOC106888185","s1645_S_PIT_01_ASEReadCounter.table","NW_015090842.1:10096249",44,102,58
"LOC106888185","s1645_S_PIT_01_ASEReadCounter.table","NW_015090842.1:10096272",48,116,68
"LOC106888185","s1645_S_PIT_01_ASEReadCounter.table","NW_015090842.1:10096288",51,115,64
"LOC106888185","s1645_S_PIT_01_ASEReadCounter.table","NW_015090842.1:10097248",41,113,72
"LOC106888185","s1645_S_PIT_01_ASEReadCounter.table","NW_015090842.1:10097265",53,143,90
"LOC106888185","s1645_S_PIT_01_ASEReadCounter.table","NW_015090842.1:10097446",4,14,10
"DPEP1","s1645_S_PIT_01_ASEReadCounter.table","NW_015090842.1:10098017",0,8,8
"DPEP1","s1645_S_PIT_01_ASEReadCounter.table","NW_015090842.1:10098518",0,12,12
"DPEP1","s1645_S_PIT_01_ASEReadCounter.table","NW_015090842.1:10098595",1,13,12
"DPEP1","s1645_S_PIT_01_ASEReadCounter.table","NW_015090842.1:10098597",1,12,11
"DPEP1","s1645_S_PIT_01_ASEReadCounter.table","NW_015090842.1:10098601",1,12,11
"DPEP1","s1645_S_PIT_01_ASEReadCounter.table","NW_015090842.1:10098608",1,11,10
"DPEP1","s1645_S_PIT_01_ASEReadCounter.table","NW_015090842.1:10098630",1,13,12
"DPEP1","s1645_S_PIT_01_ASEReadCounter.table","NW_015090842.1:10098659",1,10,9
"DPEP1","s1645_S_PIT_01_ASEReadCounter.table","NW_015090842.1:10099765",1,7,6
"DPEP1","s1645_S_PIT_01_ASEReadCounter.table","NW_015090842.1:10099985",0,14,14
"DPEP1","s1645_S_PIT_01_ASEReadCounter.table","NW_015090842.1:10099986",0,14,14
"DPEP1","s1645_S_PIT_01_ASEReadCounter.table","NW_015090842.1:10099991",0,14,14
"DPEP1","s1645_S_PIT_01_ASEReadCounter.table","NW_015090842.1:10100044",1,10,9
"DPEP1","s1645_S_PIT_01_ASEReadCounter.table","NW_015090842.1:10100045",1,9,8
"DPEP1","s1645_S_PIT_01_ASEReadCounter.table","NW_015090842.1:10100084",1,9,8
"DPEP1","s1645_S_PIT_01_ASEReadCounter.table","NW_015090842.1:10100295",1,13,12
"DPEP1","s1645_S_PIT_01_ASEReadCounter.table","NW_015090842.1:10100529",1,8,7
"DPEP1","s1645_S_PIT_01_ASEReadCounter.table","NW_015090842.1:10100893",1,13,12
"DPEP1","s1645_S_PIT_01_ASEReadCounter.table","NW_015090842.1:10100902",1,12,11
"DPEP1","s1645_S_PIT_01_ASEReadCounter.table","NW_015090842.1:10101072",1,14,13
"DPEP1","s1645_S_PIT_01_ASEReadCounter.table","NW_015090842.1:10101199",1,14,13
"DPEP1","s1645_S_PIT_01_ASEReadCounter.table","NW_015090842.1:10101483",0,11,11
"DPEP1","s1645_S_PIT_01_ASEReadCounter.table","NW_015090842.1:10101497",0,12,12
"DPEP1","s1645_S_PIT_01_ASEReadCounter.table","NW_015090842.1:10101525",2,16,14
"DPEP1","s1645_S_PIT_01_ASEReadCounter.table","NW_015090842.1:10101875",0,16,16
"DPEP1","s1645_S_PIT_01_ASEReadCounter.table","NW_015090842.1:10101913",0,14,14
"DPEP1","s1645_S_PIT_01_ASEReadCounter.table","NW_015090842.1:10101996",1,8,7
"DPEP1","s1645_S_PIT_01_ASEReadCounter.table","NW_015090842.1:10102014",1,4,3
"DPEP1","s1645_S_PIT_01_ASEReadCounter.table","NW_015090842.1:10102035",1,3,2
"CHMP1A","s1645_S_PIT_01_ASEReadCounter.table","NW_015090842.1:10102901",70,173,103
"CHMP1A","s1645_S_PIT_01_ASEReadCounter.table","NW_015090842.1:10102961",54,193,139
"CHMP1A","s1645_S_PIT_01_ASEReadCounter.table","NW_015090842.1:10102996",44,175,131
"CHMP1A","s1645_S_PIT_01_ASEReadCounter.table","NW_015090842.1:10103004",50,186,136
"CHMP1A","s1645_S_PIT_01_ASEReadCounter.table","NW_015090842.1:10103006",50,186,136
"CHMP1A","s1645_S_PIT_01_ASEReadCounter.table","NW_015090842.1:10103052",92,227,135
"CHMP1A","s1645_S_PIT_01_ASEReadCounter.table","NW_015090842.1:10103095",98,239,141
"CHMP1A","s1645_S_PIT_01_ASEReadCounter.table","NW_015090842.1:10103096",100,240,140
"CHMP1A","s1645_S_PIT_01_ASEReadCounter.table","NW_015090842.1:10103152",90,198,108
"CHMP1A","s1645_S_PIT_01_ASEReadCounter.table","NW_015090842.1:10103334",78,188,110
"CHMP1A","s1645_S_PIT_01_ASEReadCounter.table","NW_015090842.1:10103373",49,166,117
"CHMP1A","s1645_S_PIT_01_ASEReadCounter.table","NW_015090842.1:10103408",81,218,137
"CHMP1A","s1645_S_PIT_01_ASEReadCounter.table","NW_015090842.1:10103412",90,223,133
"CHMP1A","s1645_S_PIT_01_ASEReadCounter.table","NW_015090842.1:10103512",135,274,139
"CHMP1A","s1645_S_PIT_01_ASEReadCounter.table","NW_015090842.1:10103513",135,277,142
"CHMP1A","s1645_S_PIT_01_ASEReadCounter.table","NW_015090842.1:10103583",89,190,101
"CHMP1A","s1645_S_PIT_01_ASEReadCounter.table","NW_015090842.1:10103614",97,216,119
"CHMP1A","s1645_S_PIT_01_ASEReadCounter.table","NW_015090842.1:10103657",101,236,135
"CHMP1A","s1645_S_PIT_01_ASEReadCounter.table","NW_015090842.1:10103669",96,230,134
"CHMP1A","s1645_S_PIT_01_ASEReadCounter.table","NW_015090842.1:10103674",89,213,124
"CHMP1A","s1645_S_PIT_01_ASEReadCounter.table","NW_015090842.1:10103677",87,211,124
"CHMP1A","s1645_S_PIT_01_ASEReadCounter.table","NW_015090842.1:10103729",109,215,106
"CHMP1A","s1645_S_PIT_01_ASEReadCounter.table","NW_015090842.1:10103758",114,211,97
"CHMP1A","s1645_S_PIT_01_ASEReadCounter.table","NW_015090842.1:10103761",114,216,102
"CHMP1A","s1645_S_PIT_01_ASEReadCounter.table","NW_015090842.1:10103788",134,297,163
"CHMP1A","s1645_S_PIT_01_ASEReadCounter.table","NW_015090842.1:10103789",134,297,163
"CHMP1A","s1645_S_PIT_01_ASEReadCounter.table","NW_015090842.1:10103790",132,295,163
"CHMP1A","s1645_S_PIT_01_ASEReadCounter.table","NW_015090842.1:10103950",119,253,134
"CHMP1A","s1645_S_PIT_01_ASEReadCounter.table","NW_015090842.1:10104335",98,202,104
"CHMP1A","s1645_S_PIT_01_ASEReadCounter.table","NW_015090842.1:10104429",165,294,129
"CHMP1A","s1645_S_PIT_01_ASEReadCounter.table","NW_015090842.1:10104532",143,300,157
"CHMP1A","s1645_S_PIT_01_ASEReadCounter.table","NW_015090842.1:10104633",114,243,129
"CHMP1A","s1645_S_PIT_01_ASEReadCounter.table","NW_015090842.1:10104759",108,233,125
"CHMP1A","s1645_S_PIT_01_ASEReadCounter.table","NW_015090842.1:10104794",132,267,135
"CHMP1A","s1645_S_PIT_01_ASEReadCounter.table","NW_015090842.1:10104844",87,207,120
"CHMP1A","s1645_S_PIT_01_ASEReadCounter.table","NW_015090842.1:10106290",114,251,137
"CHMP1A","s1645_S_PIT_01_ASEReadCounter.table","NW_015090842.1:10106335",136,299,163
"CHMP1A","s1645_S_PIT_01_ASEReadCounter.table","NW_015090842.1:10106383",138,317,179
"CHMP1A","s1645_S_PIT_01_ASEReadCounter.table","NW_015090842.1:10106747",148,329,181
"CHMP1A","s1645_S_PIT_01_ASEReadCounter.table","NW_015090842.1:10107404",150,327,177
"CHMP1A","s1645_S_PIT_01_ASEReadCounter.table","NW_015090842.1:10107410",161,339,178
"CHMP1A","s1645_S_PIT_01_ASEReadCounter.table","NW_015090842.1:10107876",135,283,148
"CDK10","s1645_S_PIT_01_ASEReadCounter.table","NW_015090842.1:10109030",16,19,3
"CDK10","s1645_S_PIT_01_ASEReadCounter.table","NW_015090842.1:10109963",44,117,73
"CDK10","s1645_S_PIT_01_ASEReadCounter.table","NW_015090842.1:10110887",43,115,72
"CDK10","s1645_S_PIT_01_ASEReadCounter.table","NW_015090842.1:10111254",28,83,55
"CDK10","s1645_S_PIT_01_ASEReadCounter.table","NW_015090842.1:10111380",36,107,71
"CDK10","s1645_S_PIT_01_ASEReadCounter.table","NW_015090842.1:10111395",36,103,67
"CDK10","s1645_S_PIT_01_ASEReadCounter.table","NW_015090842.1:10111437",19,84,65
"CDK10","s1645_S_PIT_01_ASEReadCounter.table","NW_015090842.1:10111798",51,120,69
"CDK10","s1645_S_PIT_01_ASEReadCounter.table","NW_015090842.1:10111840",46,108,62
"CDK10","s1645_S_PIT_01_ASEReadCounter.table","NW_015090842.1:10112031",38,108,70
"CDK10","s1645_S_PIT_01_ASEReadCounter.table","NW_015090842.1:10112285",41,99,58
"CDK10","s1645_S_PIT_01_ASEReadCounter.table","NW_015090842.1:10112398",40,93,53
"CDK10","s1645_S_PIT_01_ASEReadCounter.table","NW_015090842.1:10112455",26,72,46
"CDK10","s1645_S_PIT_01_ASEReadCounter.table","NW_015090842.1:10112461",25,66,41
"CDK10","s1645_S_PIT_01_ASEReadCounter.table","NW_015090842.1:10112497",25,67,42
"CDK10","s1645_S_PIT_01_ASEReadCounter.table","NW_015090842.1:10112508",22,65,43
"CDK10","s1645_S_PIT_01_ASEReadCounter.table","NW_015090842.1:10112518",19,63,44
"CDK10","s1645_S_PIT_01_ASEReadCounter.table","NW_015090842.1:10112540",5,48,43
"CDK10","s1645_S_PIT_01_ASEReadCounter.table","NW_015090842.1:10112556",16,62,46
"CDK10","s1645_S_PIT_01_ASEReadCounter.table","NW_015090842.1:10112561",20,73,53
"CDK10","s1645_S_PIT_01_ASEReadCounter.table","NW_015090842.1:10112596",23,76,53
"CDK10","s1645_S_PIT_01_ASEReadCounter.table","NW_015090842.1:10112630",23,70,47
"CDK10","s1645_S_PIT_01_ASEReadCounter.table","NW_015090842.1:10112656",24,60,36
"CDK10","s1645_S_PIT_01_ASEReadCounter.table","NW_015090842.1:10112665",22,52,30
"CDK10","s1645_S_PIT_01_ASEReadCounter.table","NW_015090842.1:10112668",22,51,29
"CDK10","s1645_S_PIT_01_ASEReadCounter.table","NW_015090842.1:10112781",13,23,10
"CDK10","s1645_S_PIT_01_ASEReadCounter.table","NW_015090842.1:10112782",13,23,10
"CDK10","s1645_S_PIT_01_ASEReadCounter.table","NW_015090842.1:10112795",10,20,10
"CDK10","s1645_S_PIT_01_ASEReadCounter.table","NW_015090842.1:10112841",5,8,3
"CDK10","s1645_S_PIT_01_ASEReadCounter.table","NW_015090842.1:10112861",3,5,2
"SPATA2L","s1645_S_PIT_01_ASEReadCounter.table","NW_015090842.1:10113212",16,36,20
"SPATA2L","s1645_S_PIT_01_ASEReadCounter.table","NW_015090842.1:10113280",23,49,26
"SPATA2L","s1645_S_PIT_01_ASEReadCounter.table","NW_015090842.1:10113296",22,54,32
"SPATA2L","s1645_S_PIT_01_ASEReadCounter.table","NW_015090842.1:10113321",23,65,42
"SPATA2L","s1645_S_PIT_01_ASEReadCounter.table","NW_015090842.1:10113332",24,74,50
"SPATA2L","s1645_S_PIT_01_ASEReadCounter.table","NW_015090842.1:10113380",23,68,45
"SPATA2L","s1645_S_PIT_01_ASEReadCounter.table","NW_015090842.1:10113381",23,70,47
"SPATA2L","s1645_S_PIT_01_ASEReadCounter.table","NW_015090842.1:10113412",19,71,52
"SPATA2L","s1645_S_PIT_01_ASEReadCounter.table","NW_015090842.1:10113421",18,67,49
"SPATA2L","s1645_S_PIT_01_ASEReadCounter.table","NW_015090842.1:10113465",21,65,44
"SPATA2L","s1645_S_PIT_01_ASEReadCounter.table","NW_015090842.1:10113535",35,67,32
"SPATA2L","s1645_S_PIT_01_ASEReadCounter.table","NW_015090842.1:10113645",41,99,58
"SPATA2L","s1645_S_PIT_01_ASEReadCounter.table","NW_015090842.1:10113682",48,113,65
"SPATA2L","s1645_S_PIT_01_ASEReadCounter.table","NW_015090842.1:10113696",40,100,60
"SPATA2L","s1645_S_PIT_01_ASEReadCounter.table","NW_015090842.1:10113727",45,98,53
"SPATA2L","s1645_S_PIT_01_ASEReadCounter.table","NW_015090842.1:10113729",98,98,0
"SPATA2L","s1645_S_PIT_01_ASEReadCounter.table","NW_015090842.1:10113799",58,116,58
"SPATA2L","s1645_S_PIT_01_ASEReadCounter.table","NW_015090842.1:10113809",63,128,65
"SPATA2L","s1645_S_PIT_01_ASEReadCounter.table","NW_015090842.1:10113827",61,130,69
"SPATA2L","s1645_S_PIT_01_ASEReadCounter.table","NW_015090842.1:10113831",61,133,72
"SPATA2L","s1645_S_PIT_01_ASEReadCounter.table","NW_015090842.1:10113894",51,104,53
"SPATA2L","s1645_S_PIT_01_ASEReadCounter.table","NW_015090842.1:10113905",42,94,52
"SPATA2L","s1645_S_PIT_01_ASEReadCounter.table","NW_015090842.1:10113914",46,90,44
"SPATA2L","s1645_S_PIT_01_ASEReadCounter.table","NW_015090842.1:10113920",50,93,43
"SPATA2L","s1645_S_PIT_01_ASEReadCounter.table","NW_015090842.1:10113937",54,97,43
"SPATA2L","s1645_S_PIT_01_ASEReadCounter.table","NW_015090842.1:10113971",42,84,42
"SPATA2L","s1645_S_PIT_01_ASEReadCounter.table","NW_015090842.1:10113976",31,83,52
"SPATA2L","s1645_S_PIT_01_ASEReadCounter.table","NW_015090842.1:10113985",30,77,47
"SPATA2L","s1645_S_PIT_01_ASEReadCounter.table","NW_015090842.1:10113994",36,88,52
"SPATA2L","s1645_S_PIT_01_ASEReadCounter.table","NW_015090842.1:10114063",29,71,42
"SPATA2L","s1645_S_PIT_01_ASEReadCounter.table","NW_015090842.1:10114066",32,74,42
"SPATA2L","s1645_S_PIT_01_ASEReadCounter.table","NW_015090842.1:10114069",33,76,43
"SPATA2L","s1645_S_PIT_01_ASEReadCounter.table","NW_015090842.1:10114159",27,74,47
"SPATA2L","s1645_S_PIT_01_ASEReadCounter.table","NW_015090842.1:10114262",88,88,0
"SPATA2L","s1645_S_PIT_01_ASEReadCounter.table","NW_015090842.1:10114470",22,63,41
"SPATA2L","s1645_S_PIT_01_ASEReadCounter.table","NW_015090842.1:10114524",20,50,30
"VPS9D1","s1645_S_PIT_01_ASEReadCounter.table","NW_015090842.1:10116377",22,59,37
"VPS9D1","s1645_S_PIT_01_ASEReadCounter.table","NW_015090842.1:10116415",25,72,47
"VPS9D1","s1645_S_PIT_01_ASEReadCounter.table","NW_015090842.1:10116607",28,63,35
"VPS9D1","s1645_S_PIT_01_ASEReadCounter.table","NW_015090842.1:10116821",21,49,28
"VPS9D1","s1645_S_PIT_01_ASEReadCounter.table","NW_015090842.1:10116825",19,45,26
"VPS9D1","s1645_S_PIT_01_ASEReadCounter.table","NW_015090842.1:10116882",24,50,26
"VPS9D1","s1645_S_PIT_01_ASEReadCounter.table","NW_015090842.1:10116933",28,54,26
"VPS9D1","s1645_S_PIT_01_ASEReadCounter.table","NW_015090842.1:10116942",28,54,26
"VPS9D1","s1645_S_PIT_01_ASEReadCounter.table","NW_015090842.1:10117152",29,50,21
"VPS9D1","s1645_S_PIT_01_ASEReadCounter.table","NW_015090842.1:10117480",18,36,18
"VPS9D1","s1645_S_PIT_01_ASEReadCounter.table","NW_015090842.1:10117497",15,31,16
"VPS9D1","s1645_S_PIT_01_ASEReadCounter.table","NW_015090842.1:10117499",15,34,19
"VPS9D1","s1645_S_PIT_01_ASEReadCounter.table","NW_015090842.1:10117516",16,45,29
"VPS9D1","s1645_S_PIT_01_ASEReadCounter.table","NW_015090842.1:10117525",20,47,27
"VPS9D1","s1645_S_PIT_01_ASEReadCounter.table","NW_015090842.1:10117579",30,60,30
"VPS9D1","s1645_S_PIT_01_ASEReadCounter.table","NW_015090842.1:10117627",25,48,23
"VPS9D1","s1645_S_PIT_01_ASEReadCounter.table","NW_015090842.1:10117678",14,43,29
"VPS9D1","s1645_S_PIT_01_ASEReadCounter.table","NW_015090842.1:10117773",26,62,36
"VPS9D1","s1645_S_PIT_01_ASEReadCounter.table","NW_015090842.1:10117937",36,77,41
"VPS9D1","s1645_S_PIT_01_ASEReadCounter.table","NW_015090842.1:10117961",34,73,39
"VPS9D1","s1645_S_PIT_01_ASEReadCounter.table","NW_015090842.1:10118236",31,78,47
"VPS9D1","s1645_S_PIT_01_ASEReadCounter.table","NW_015090842.1:10118414",29,67,38
"VPS9D1","s1645_S_PIT_01_ASEReadCounter.table","NW_015090842.1:10118973",36,66,30
"VPS9D1","s1645_S_PIT_01_ASEReadCounter.table","NW_015090842.1:10119500",30,48,18
"ZNF276","s1645_S_PIT_01_ASEReadCounter.table","NW_015090842.1:10121760",11,14,3
"ZNF276","s1645_S_PIT_01_ASEReadCounter.table","NW_015090842.1:10121769",11,14,3
"ZNF276","s1645_S_PIT_01_ASEReadCounter.table","NW_015090842.1:10121802",16,22,6
"ZNF276","s1645_S_PIT_01_ASEReadCounter.table","NW_015090842.1:10121971",24,44,20
"ZNF276","s1645_S_PIT_01_ASEReadCounter.table","NW_015090842.1:10122161",46,46,0
"ZNF276","s1645_S_PIT_01_ASEReadCounter.table","NW_015090842.1:10122164",48,48,0
"ZNF276","s1645_S_PIT_01_ASEReadCounter.table","NW_015090842.1:10122184",42,42,0
"ZNF276","s1645_S_PIT_01_ASEReadCounter.table","NW_015090842.1:10122883",29,52,23
"ZNF276","s1645_S_PIT_01_ASEReadCounter.table","NW_015090842.1:10122997",24,43,19
"ZNF276","s1645_S_PIT_01_ASEReadCounter.table","NW_015090842.1:10123069",29,54,25
"ZNF276","s1645_S_PIT_01_ASEReadCounter.table","NW_015090842.1:10123207",33,77,44
"ZNF276","s1645_S_PIT_01_ASEReadCounter.table","NW_015090842.1:10125787",36,83,47
"ZNF276","s1645_S_PIT_01_ASEReadCounter.table","NW_015090842.1:10126309",23,61,38
"ZNF276","s1645_S_PIT_01_ASEReadCounter.table","NW_015090842.1:10126348",26,64,38
"ZNF276","s1645_S_PIT_01_ASEReadCounter.table","NW_015090842.1:10126978",43,78,35
"ZNF276","s1645_S_PIT_01_ASEReadCounter.table","NW_015090842.1:10126991",31,59,28
"ZNF276","s1645_S_PIT_01_ASEReadCounter.table","NW_015090842.1:10127023",30,69,39
"ZNF276","s1645_S_PIT_01_ASEReadCounter.table","NW_015090842.1:10127063",26,68,42
"ZNF276","s1645_S_PIT_01_ASEReadCounter.table","NW_015090842.1:10127373",33,68,35
"ZNF276","s1645_S_PIT_01_ASEReadCounter.table","NW_015090842.1:10127931",50,98,48
"ZNF276","s1645_S_PIT_01_ASEReadCounter.table","NW_015090842.1:10128070",33,82,49
"ZNF276","s1645_S_PIT_01_ASEReadCounter.table","NW_015090842.1:10128102",37,77,40
"ZNF276","s1645_S_PIT_01_ASEReadCounter.table","NW_015090842.1:10128356",25,62,37
"ZNF276","s1645_S_PIT_01_ASEReadCounter.table","NW_015090842.1:10128497",14,36,22
"FANCA","s1645_S_PIT_01_ASEReadCounter.table","NW_015090842.1:10128743",4,7,3
"FANCA","s1645_S_PIT_01_ASEReadCounter.table","NW_015090842.1:10128822",3,8,5
"FANCA","s1645_S_PIT_01_ASEReadCounter.table","NW_015090842.1:10129383",5,12,7
"FANCA","s1645_S_PIT_01_ASEReadCounter.table","NW_015090842.1:10129390",6,14,8
"FANCA","s1645_S_PIT_01_ASEReadCounter.table","NW_015090842.1:10129422",5,13,8
"FANCA","s1645_S_PIT_01_ASEReadCounter.table","NW_015090842.1:10129969",5,7,2
"FANCA","s1645_S_PIT_01_ASEReadCounter.table","NW_015090842.1:10130399",8,13,5
"FANCA","s1645_S_PIT_01_ASEReadCounter.table","NW_015090842.1:10130857",4,8,4
"FANCA","s1645_S_PIT_01_ASEReadCounter.table","NW_015090842.1:10130878",4,7,3
"FANCA","s1645_S_PIT_01_ASEReadCounter.table","NW_015090842.1:10133530",5,6,1
"FANCA","s1645_S_PIT_01_ASEReadCounter.table","NW_015090842.1:10133533",5,6,1
"FANCA","s1645_S_PIT_01_ASEReadCounter.table","NW_015090842.1:10133536",5,7,2
"FANCA","s1645_S_PIT_01_ASEReadCounter.table","NW_015090842.1:10133601",3,4,1
"FANCA","s1645_S_PIT_01_ASEReadCounter.table","NW_015090842.1:10134492",4,5,1
"FANCA","s1645_S_PIT_01_ASEReadCounter.table","NW_015090842.1:10136957",3,9,6
"FANCA","s1645_S_PIT_01_ASEReadCounter.table","NW_015090842.1:10136982",3,7,4
"FANCA","s1645_S_PIT_01_ASEReadCounter.table","NW_015090842.1:10136999",2,7,5
"FANCA","s1645_S_PIT_01_ASEReadCounter.table","NW_015090842.1:10137019",3,6,3
"FANCA","s1645_S_PIT_01_ASEReadCounter.table","NW_015090842.1:10137673",8,11,3
"FANCA","s1645_S_PIT_01_ASEReadCounter.table","NW_015090842.1:10138618",8,9,1
"FANCA","s1645_S_PIT_01_ASEReadCounter.table","NW_015090842.1:10139140",4,6,2
"FANCA","s1645_S_PIT_01_ASEReadCounter.table","NW_015090842.1:10140699",6,6,0
"FANCA","s1645_S_PIT_01_ASEReadCounter.table","NW_015090842.1:10141234",0,2,2
"FANCA","s1645_S_PIT_01_ASEReadCounter.table","NW_015090842.1:10145030",4,4,0
"FANCA","s1645_S_PIT_01_ASEReadCounter.table","NW_015090842.1:10150518",4,5,1
"FANCA","s1645_S_PIT_01_ASEReadCounter.table","NW_015090842.1:10152863",4,7,3
"FANCA","s1645_S_PIT_01_ASEReadCounter.table","NW_015090842.1:10154490",4,5,1
"FANCA","s1645_S_PIT_01_ASEReadCounter.table","NW_015090842.1:10158162",3,4,1
"FANCA","s1645_S_PIT_01_ASEReadCounter.table","NW_015090842.1:10158957",2,5,3
"FANCA","s1645_S_PIT_01_ASEReadCounter.table","NW_015090842.1:10160177",0,1,1
"FANCA","s1645_S_PIT_01_ASEReadCounter.table","NW_015090842.1:10163667",1,1,0
"FANCA","s1645_S_PIT_01_ASEReadCounter.table","NW_015090842.1:10164257",4,5,1
"FANCA","s1645_S_PIT_01_ASEReadCounter.table","NW_015090842.1:10165331",2,2,0
"SPIRE2","s1645_S_PIT_01_ASEReadCounter.table","NW_015090842.1:10172284",13,27,14
"SPIRE2","s1645_S_PIT_01_ASEReadCounter.table","NW_015090842.1:10175262",31,46,15
"SPIRE2","s1645_S_PIT_01_ASEReadCounter.table","NW_015090842.1:10175352",19,23,4
"SPIRE2","s1645_S_PIT_01_ASEReadCounter.table","NW_015090842.1:10175400",46,77,31
"SPIRE2","s1645_S_PIT_01_ASEReadCounter.table","NW_015090842.1:10175418",47,83,36
"SPIRE2","s1645_S_PIT_01_ASEReadCounter.table","NW_015090842.1:10175704",59,109,50
"SPIRE2","s1645_S_PIT_01_ASEReadCounter.table","NW_015090842.1:10176115",65,128,63
"SPIRE2","s1645_S_PIT_01_ASEReadCounter.table","NW_015090842.1:10176561",65,132,67
"SPIRE2","s1645_S_PIT_01_ASEReadCounter.table","NW_015090842.1:10176817",78,127,49
"SPIRE2","s1645_S_PIT_01_ASEReadCounter.table","NW_015090842.1:10177084",34,67,33
"SPIRE2","s1645_S_PIT_01_ASEReadCounter.table","NW_015090842.1:10177838",56,96,40
"SPIRE2","s1645_S_PIT_01_ASEReadCounter.table","NW_015090842.1:10178000",62,110,48
"SPIRE2","s1645_S_PIT_01_ASEReadCounter.table","NW_015090842.1:10178164",59,103,44
"SPIRE2","s1645_S_PIT_01_ASEReadCounter.table","NW_015090842.1:10178216",48,88,40
"SPIRE2","s1645_S_PIT_01_ASEReadCounter.table","NW_015090842.1:10178303",53,88,35
"SPIRE2","s1645_S_PIT_01_ASEReadCounter.table","NW_015090842.1:10178403",48,91,43
"SPIRE2","s1645_S_PIT_01_ASEReadCounter.table","NW_015090842.1:10178409",49,91,42
"SPIRE2","s1645_S_PIT_01_ASEReadCounter.table","NW_015090842.1:10178524",37,69,32
"SPIRE2","s1645_S_PIT_01_ASEReadCounter.table","NW_015090842.1:10178526",37,68,31
"SPIRE2","s1645_S_PIT_01_ASEReadCounter.table","NW_015090842.1:10178531",38,69,31
"SPIRE2","s1645_S_PIT_01_ASEReadCounter.table","NW_015090842.1:10178565",33,61,28
"SPIRE2","s1645_S_PIT_01_ASEReadCounter.table","NW_015090842.1:10178587",30,52,22
"SPIRE2","s1645_S_PIT_01_ASEReadCounter.table","NW_015090842.1:10178640",20,34,14
"SPIRE2","s1645_S_PIT_01_ASEReadCounter.table","NW_015090842.1:10178651",20,35,15
"SPIRE2","s1645_S_PIT_01_ASEReadCounter.table","NW_015090842.1:10178682",21,38,17
"TCF25","s1645_S_PIT_01_ASEReadCounter.table","NW_015090842.1:10180912",57,98,41
"TCF25","s1645_S_PIT_01_ASEReadCounter.table","NW_015090842.1:10180924",61,99,38
"TCF25","s1645_S_PIT_01_ASEReadCounter.table","NW_015090842.1:10180931",63,102,39
"TCF25","s1645_S_PIT_01_ASEReadCounter.table","NW_015090842.1:10185332",118,234,116
"TCF25","s1645_S_PIT_01_ASEReadCounter.table","NW_015090842.1:10196561",90,172,82
"TCF25","s1645_S_PIT_01_ASEReadCounter.table","NW_015090842.1:10197399",213,213,0
"GAS8","s1645_S_PIT_01_ASEReadCounter.table","NW_015090842.1:10228982",56,107,51
"GAS8","s1645_S_PIT_01_ASEReadCounter.table","NW_015090842.1:10229832",39,91,52
"GAS8","s1645_S_PIT_01_ASEReadCounter.table","NW_015090842.1:10232901",43,91,48
"GAS8","s1645_S_PIT_01_ASEReadCounter.table","NW_015090842.1:10232928",39,88,49
"GAS8","s1645_S_PIT_01_ASEReadCounter.table","NW_015090842.1:10232967",38,82,44
"GAS8","s1645_S_PIT_01_ASEReadCounter.table","NW_015090842.1:10233032",28,66,38
"GAS8","s1645_S_PIT_01_ASEReadCounter.table","NW_015090842.1:10233057",25,53,28
"GAS8","s1645_S_PIT_01_ASEReadCounter.table","NW_015090842.1:10233058",25,53,28
"GAS8","s1645_S_PIT_01_ASEReadCounter.table","NW_015090842.1:10233176",19,47,28
"GAS8","s1645_S_PIT_01_ASEReadCounter.table","NW_015090842.1:10233196",20,47,27
"GAS8","s1645_S_PIT_01_ASEReadCounter.table","NW_015090842.1:10233252",13,31,18
"GAS8","s1645_S_PIT_01_ASEReadCounter.table","NW_015090842.1:10233303",4,13,9
"LOC106888094","s1645_S_PIT_01_ASEReadCounter.table","NW_015090842.1:10233334",0,11,11
"LOC106888094","s1645_S_PIT_01_ASEReadCounter.table","NW_015090842.1:10233362",0,18,18
"LOC106888094","s1645_S_PIT_01_ASEReadCounter.table","NW_015090842.1:10233373",0,18,18
"LOC106888094","s1645_S_PIT_01_ASEReadCounter.table","NW_015090842.1:10233388",3,24,21
"LOC106888094","s1645_S_PIT_01_ASEReadCounter.table","NW_015090842.1:10233402",4,25,21
"LOC106888094","s1645_S_PIT_01_ASEReadCounter.table","NW_015090842.1:10233465",6,20,14
"LOC106888094","s1645_S_PIT_01_ASEReadCounter.table","NW_015090842.1:10233803",5,41,36
"LOC106888094","s1645_S_PIT_01_ASEReadCounter.table","NW_015090842.1:10233815",7,41,34
"LOC106888094","s1645_S_PIT_01_ASEReadCounter.table","NW_015090842.1:10235484",0,3,3
"LOC106888094","s1645_S_PIT_01_ASEReadCounter.table","NW_015090842.1:10235611",0,2,2
"LOC106888094","s1645_S_PIT_01_ASEReadCounter.table","NW_015090842.1:10235977",11,11,0
"LOC106888094","s1645_S_PIT_01_ASEReadCounter.table","NW_015090842.1:10236098",6,10,4
"LOC106888094","s1645_S_PIT_01_ASEReadCounter.table","NW_015090842.1:10236161",2,9,7
"LOC106888094","s1645_S_PIT_01_ASEReadCounter.table","NW_015090842.1:10236380",0,4,4
"LOC106888094","s1645_S_PIT_01_ASEReadCounter.table","NW_015090842.1:10236388",1,4,3
"LOC106888094","s1645_S_PIT_01_ASEReadCounter.table","NW_015090842.1:10236425",1,2,1
"LOC106888094","s1645_S_PIT_01_ASEReadCounter.table","NW_015090842.1:10236426",1,2,1
"LOC106888094","s1645_S_PIT_01_ASEReadCounter.table","NW_015090842.1:10236603",1,5,4
"LOC106888173","s1645_S_PIT_01_ASEReadCounter.table","NW_015090842.1:10239596",14,23,9
"LOC106888173","s1645_S_PIT_01_ASEReadCounter.table","NW_015090842.1:10240036",35,49,14
"LOC106888173","s1645_S_PIT_01_ASEReadCounter.table","NW_015090842.1:10240095",54,75,21
"LOC106888173","s1645_S_PIT_01_ASEReadCounter.table","NW_015090842.1:10240280",58,83,25
"LOC106888173","s1645_S_PIT_01_ASEReadCounter.table","NW_015090842.1:10240557",58,98,40
"LOC106888173","s1645_S_PIT_01_ASEReadCounter.table","NW_015090842.1:10240603",51,88,37
"LOC106888173","s1645_S_PIT_01_ASEReadCounter.table","NW_015090842.1:10240609",53,89,36
"LOC106888173","s1645_S_PIT_01_ASEReadCounter.table","NW_015090842.1:10240924",51,76,25
"LOC106888173","s1645_S_PIT_01_ASEReadCounter.table","NW_015090842.1:10241037",34,70,36
"LOC106888173","s1645_S_PIT_01_ASEReadCounter.table","NW_015090842.1:10241046",42,74,32
"LOC106888173","s1645_S_PIT_01_ASEReadCounter.table","NW_015090842.1:10241058",47,80,33
"LOC106888173","s1645_S_PIT_01_ASEReadCounter.table","NW_015090842.1:10241064",52,85,33
"LOC106888173","s1645_S_PIT_01_ASEReadCounter.table","NW_015090842.1:10241163",55,86,31
"LOC106888173","s1645_S_PIT_01_ASEReadCounter.table","NW_015090842.1:10241803",60,101,41
"LOC106888173","s1645_S_PIT_01_ASEReadCounter.table","NW_015090842.1:10241827",56,99,43
"LOC106888173","s1645_S_PIT_01_ASEReadCounter.table","NW_015090842.1:10241869",62,91,29
"LOC106888173","s1645_S_PIT_01_ASEReadCounter.table","NW_015090842.1:10242079",64,101,37
"LOC106888173","s1645_S_PIT_01_ASEReadCounter.table","NW_015090842.1:10242103",60,96,36
"LOC106888173","s1645_S_PIT_01_ASEReadCounter.table","NW_015090842.1:10242157",59,97,38
"LOC106888173","s1645_S_PIT_01_ASEReadCounter.table","NW_015090842.1:10242455",62,109,47
"LOC106888173","s1645_S_PIT_01_ASEReadCounter.table","NW_015090842.1:10242481",60,104,44
"LOC106888173","s1645_S_PIT_01_ASEReadCounter.table","NW_015090842.1:10242590",55,83,28
"LOC106888173","s1645_S_PIT_01_ASEReadCounter.table","NW_015090842.1:10242794",50,85,35
"LOC106888173","s1645_S_PIT_01_ASEReadCounter.table","NW_015090842.1:10242909",52,75,23
"LOC106888173","s1645_S_PIT_01_ASEReadCounter.table","NW_015090842.1:10243094",55,81,26
"LOC106888173","s1645_S_PIT_01_ASEReadCounter.table","NW_015090842.1:10243133",40,60,20
"LOC106888173","s1645_S_PIT_01_ASEReadCounter.table","NW_015090842.1:10243273",71,96,25
"LOC106888173","s1645_S_PIT_01_ASEReadCounter.table","NW_015090842.1:10243278",77,101,24
"LOC106888173","s1645_S_PIT_01_ASEReadCounter.table","NW_015090842.1:10243281",77,103,26
"LOC106888173","s1645_S_PIT_01_ASEReadCounter.table","NW_015090842.1:10243347",68,68,0
"LOC106888173","s1645_S_PIT_01_ASEReadCounter.table","NW_015090842.1:10243353",48,65,17
"LOC106888173","s1645_S_PIT_01_ASEReadCounter.table","NW_015090842.1:10243363",40,50,10
"LOC106888173","s1645_S_PIT_01_ASEReadCounter.table","NW_015090842.1:10243365",40,50,10
"LOC106888173","s1645_S_PIT_01_ASEReadCounter.table","NW_015090842.1:10243529",41,59,18
"LOC106888173","s1645_S_PIT_01_ASEReadCounter.table","NW_015090842.1:10243566",64,90,26
"LOC106888173","s1645_S_PIT_01_ASEReadCounter.table","NW_015090842.1:10243605",64,87,23
"LOC106888173","s1645_S_PIT_01_ASEReadCounter.table","NW_015090842.1:10243614",58,80,22
"LOC106888173","s1645_S_PIT_01_ASEReadCounter.table","NW_015090842.1:10243615",58,79,21
"LOC106888173","s1645_S_PIT_01_ASEReadCounter.table","NW_015090842.1:10243640",47,60,13
"LOC106888173","s1645_S_PIT_01_ASEReadCounter.table","NW_015090842.1:10243680",49,63,14
"LOC106888173","s1645_S_PIT_01_ASEReadCounter.table","NW_015090842.1:10243742",69,89,20
"LOC106888173","s1645_S_PIT_01_ASEReadCounter.table","NW_015090842.1:10243804",47,56,9
"LOC106888173","s1645_S_PIT_01_ASEReadCounter.table","NW_015090842.1:10243913",19,29,10
"LOC106888173","s1645_S_PIT_01_ASEReadCounter.table","NW_015090842.1:10243921",19,29,10
"LOC106888384","s1645_S_PIT_01_ASEReadCounter.table","NW_015090842.1:10244714",5,10,5
"LOC106888384","s1645_S_PIT_01_ASEReadCounter.table","NW_015090842.1:10244998",6,15,9
"LOC106888384","s1645_S_PIT_01_ASEReadCounter.table","NW_015090842.1:10250743",10,17,7
"LOC106888384","s1645_S_PIT_01_ASEReadCounter.table","NW_015090842.1:10250771",10,24,14
"LOC106888384","s1645_S_PIT_01_ASEReadCounter.table","NW_015090842.1:10251343",15,15,0
"LOC106888384","s1645_S_PIT_01_ASEReadCounter.table","NW_015090842.1:10251344",15,15,0
"LOC106888384","s1645_S_PIT_01_ASEReadCounter.table","NW_015090842.1:10251349",13,13,0
"LOC106888384","s1645_S_PIT_01_ASEReadCounter.table","NW_015090842.1:10251354",11,32,21
"LOC106888384","s1645_S_PIT_01_ASEReadCounter.table","NW_015090842.1:10251358",13,34,21
"LOC106888384","s1645_S_PIT_01_ASEReadCounter.table","NW_015090842.1:10251369",6,34,28
"LOC106888384","s1645_S_PIT_01_ASEReadCounter.table","NW_015090842.1:10251370",14,34,20
"LOC106888384","s1645_S_PIT_01_ASEReadCounter.table","NW_015090842.1:10251375",14,35,21
"LOC106888384","s1645_S_PIT_01_ASEReadCounter.table","NW_015090842.1:10251388",9,25,16
"LOC106888384","s1645_S_PIT_01_ASEReadCounter.table","NW_015090842.1:10251390",9,25,16
"LOC106888384","s1645_S_PIT_01_ASEReadCounter.table","NW_015090842.1:10251393",8,25,17
"LOC106888384","s1645_S_PIT_01_ASEReadCounter.table","NW_015090842.1:10251399",9,26,17
"LOC106888384","s1645_S_PIT_01_ASEReadCounter.table","NW_015090842.1:10251492",11,11,0
"LOC106888384","s1645_S_PIT_01_ASEReadCounter.table","NW_015090842.1:10253165",7,20,13
"LOC106888384","s1645_S_PIT_01_ASEReadCounter.table","NW_015090842.1:10253284",8,21,13
"LOC106888384","s1645_S_PIT_01_ASEReadCounter.table","NW_015090842.1:10253605",14,34,20
"LOC106888384","s1645_S_PIT_01_ASEReadCounter.table","NW_015090842.1:10254028",8,29,21
"LOC106888384","s1645_S_PIT_01_ASEReadCounter.table","NW_015090842.1:10254227",8,36,28
"LOC106888384","s1645_S_PIT_01_ASEReadCounter.table","NW_015090842.1:10254233",8,36,28
"LOC106888384","s1645_S_PIT_01_ASEReadCounter.table","NW_015090842.1:10254263",7,36,29
"LOC106888384","s1645_S_PIT_01_ASEReadCounter.table","NW_015090842.1:10254293",8,30,22
"LOC106888384","s1645_S_PIT_01_ASEReadCounter.table","NW_015090842.1:10254570",7,29,22
"LOC106888384","s1645_S_PIT_01_ASEReadCounter.table","NW_015090842.1:10254647",3,16,13
"LOC106888384","s1645_S_PIT_01_ASEReadCounter.table","NW_015090842.1:10254663",1,8,7
"LOC106888384","s1645_S_PIT_01_ASEReadCounter.table","NW_015090842.1:10254840",3,9,6
"LOC106888384","s1645_S_PIT_01_ASEReadCounter.table","NW_015090842.1:10254854",11,11,0
"LOC106888384","s1645_S_PIT_01_ASEReadCounter.table","NW_015090842.1:10254891",15,15,0
"LOC106888384","s1645_S_PIT_01_ASEReadCounter.table","NW_015090842.1:10254900",4,14,10
"LOC106888384","s1645_S_PIT_01_ASEReadCounter.table","NW_015090842.1:10254915",3,15,12
"LOC106888384","s1645_S_PIT_01_ASEReadCounter.table","NW_015090842.1:10254965",8,8,0
"LOC106888384","s1645_S_PIT_01_ASEReadCounter.table","NW_015090842.1:10254975",1,12,11
"LOC106888384","s1645_S_PIT_01_ASEReadCounter.table","NW_015090842.1:10255077",6,14,8
"LOC106888384","s1645_S_PIT_01_ASEReadCounter.table","NW_015090842.1:10255117",7,20,13
"LOC106888384","s1645_S_PIT_01_ASEReadCounter.table","NW_015090842.1:10255138",6,21,15
"LOC106888384","s1645_S_PIT_01_ASEReadCounter.table","NW_015090842.1:10255139",6,21,15
"LOC106888384","s1645_S_PIT_01_ASEReadCounter.table","NW_015090842.1:10255209",9,23,14
"LOC106888384","s1645_S_PIT_01_ASEReadCounter.table","NW_015090842.1:10255211",9,24,15
"LOC106888384","s1645_S_PIT_01_ASEReadCounter.table","NW_015090842.1:10255236",9,24,15
"LOC106888384","s1645_S_PIT_01_ASEReadCounter.table","NW_015090842.1:10255262",6,21,15
"LOC106888384","s1645_S_PIT_01_ASEReadCounter.table","NW_015090842.1:10255264",6,24,18
"LOC106888384","s1645_S_PIT_01_ASEReadCounter.table","NW_015090842.1:10255306",13,30,17
"LOC106888384","s1645_S_PIT_01_ASEReadCounter.table","NW_015090842.1:10255340",14,31,17
"LOC106888384","s1645_S_PIT_01_ASEReadCounter.table","NW_015090842.1:10255410",18,35,17
"LOC106888384","s1645_S_PIT_01_ASEReadCounter.table","NW_015090842.1:10255449",11,29,18
"LOC106888384","s1645_S_PIT_01_ASEReadCounter.table","NW_015090842.1:10255496",11,30,19
"LOC106888384","s1645_S_PIT_01_ASEReadCounter.table","NW_015090842.1:10255505",8,26,18
"LOC106888384","s1645_S_PIT_01_ASEReadCounter.table","NW_015090842.1:10255531",13,33,20
"LOC106888384","s1645_S_PIT_01_ASEReadCounter.table","NW_015090842.1:10255608",20,37,17
"LOC106888384","s1645_S_PIT_01_ASEReadCounter.table","NW_015090842.1:10255614",18,35,17
"LOC106888384","s1645_S_PIT_01_ASEReadCounter.table","NW_015090842.1:10255704",12,26,14
"LOC106888384","s1645_S_PIT_01_ASEReadCounter.table","NW_015090842.1:10255731",11,22,11
"LOC106888384","s1645_S_PIT_01_ASEReadCounter.table","NW_015090842.1:10255771",6,9,3
"TANGO6","s1645_S_PIT_01_ASEReadCounter.table","NW_015090842.1:10257782",20,28,8
"TANGO6","s1645_S_PIT_01_ASEReadCounter.table","NW_015090842.1:10258162",16,32,16
"TANGO6","s1645_S_PIT_01_ASEReadCounter.table","NW_015090842.1:10258185",13,31,18
"TANGO6","s1645_S_PIT_01_ASEReadCounter.table","NW_015090842.1:10259267",20,35,15
"TANGO6","s1645_S_PIT_01_ASEReadCounter.table","NW_015090842.1:10260250",38,72,34
"TANGO6","s1645_S_PIT_01_ASEReadCounter.table","NW_015090842.1:10260979",32,58,26
"TANGO6","s1645_S_PIT_01_ASEReadCounter.table","NW_015090842.1:10261599",22,54,32
"TANGO6","s1645_S_PIT_01_ASEReadCounter.table","NW_015090842.1:10268425",47,81,34
"TANGO6","s1645_S_PIT_01_ASEReadCounter.table","NW_015090842.1:10269831",36,72,36
"TANGO6","s1645_S_PIT_01_ASEReadCounter.table","NW_015090842.1:10270813",32,67,35
"TANGO6","s1645_S_PIT_01_ASEReadCounter.table","NW_015090842.1:10273952",17,32,15
"TANGO6","s1645_S_PIT_01_ASEReadCounter.table","NW_015090842.1:10273970",21,37,16
"TANGO6","s1645_S_PIT_01_ASEReadCounter.table","NW_015090842.1:10274018",25,38,13
"TANGO6","s1645_S_PIT_01_ASEReadCounter.table","NW_015090842.1:10275974",26,39,13
"TANGO6","s1645_S_PIT_01_ASEReadCounter.table","NW_015090842.1:10275976",27,39,12
"TANGO6","s1645_S_PIT_01_ASEReadCounter.table","NW_015090842.1:10276123",25,39,14
"TANGO6","s1645_S_PIT_01_ASEReadCounter.table","NW_015090842.1:10276271",24,43,19
"TANGO6","s1645_S_PIT_01_ASEReadCounter.table","NW_015090842.1:10276272",23,42,19
"TANGO6","s1645_S_PIT_01_ASEReadCounter.table","NW_015090842.1:10276275",25,43,18
"TANGO6","s1645_S_PIT_01_ASEReadCounter.table","NW_015090842.1:10276278",26,44,18
"TANGO6","s1645_S_PIT_01_ASEReadCounter.table","NW_015090842.1:10276368",13,19,6
"TANGO6","s1645_S_PIT_01_ASEReadCounter.table","NW_015090842.1:10276373",15,21,6
"TANGO6","s1645_S_PIT_01_ASEReadCounter.table","NW_015090842.1:10276630",26,39,13
"TANGO6","s1645_S_PIT_01_ASEReadCounter.table","NW_015090842.1:10281498",23,39,16
"TANGO6","s1645_S_PIT_01_ASEReadCounter.table","NW_015090842.1:10282842",21,45,24
"TANGO6","s1645_S_PIT_01_ASEReadCounter.table","NW_015090842.1:10282863",14,30,16
"TANGO6","s1645_S_PIT_01_ASEReadCounter.table","NW_015090842.1:10282869",13,29,16
"TANGO6","s1645_S_PIT_01_ASEReadCounter.table","NW_015090842.1:10282903",12,30,18
"TANGO6","s1645_S_PIT_01_ASEReadCounter.table","NW_015090842.1:10283757",19,37,18
"TANGO6","s1645_S_PIT_01_ASEReadCounter.table","NW_015090842.1:10283785",20,37,17
"HAS3","s1645_S_PIT_01_ASEReadCounter.table","NW_015090842.1:10288405",0,1,1
"HAS3","s1645_S_PIT_01_ASEReadCounter.table","NW_015090842.1:10290561",1,1,0
"HAS3","s1645_S_PIT_01_ASEReadCounter.table","NW_015090842.1:10290609",1,1,0
"HAS3","s1645_S_PIT_01_ASEReadCounter.table","NW_015090842.1:10290666",1,1,0
"HAS3","s1645_S_PIT_01_ASEReadCounter.table","NW_015090842.1:10291004",0,1,1
"CHTF8","s1645_S_PIT_01_ASEReadCounter.table","NW_015090842.1:10291319",6,11,5
"CHTF8","s1645_S_PIT_01_ASEReadCounter.table","NW_015090842.1:10291342",6,14,8
"CHTF8","s1645_S_PIT_01_ASEReadCounter.table","NW_015090842.1:10291491",24,35,11
"CHTF8","s1645_S_PIT_01_ASEReadCounter.table","NW_015090842.1:10291520",26,44,18
"CHTF8","s1645_S_PIT_01_ASEReadCounter.table","NW_015090842.1:10291593",24,43,19
"CHTF8","s1645_S_PIT_01_ASEReadCounter.table","NW_015090842.1:10291600",23,43,20
"CHTF8","s1645_S_PIT_01_ASEReadCounter.table","NW_015090842.1:10291609",23,42,19
"CHTF8","s1645_S_PIT_01_ASEReadCounter.table","NW_015090842.1:10291639",23,42,19
"CHTF8","s1645_S_PIT_01_ASEReadCounter.table","NW_015090842.1:10291641",23,43,20
"CHTF8","s1645_S_PIT_01_ASEReadCounter.table","NW_015090842.1:10291648",28,50,22
"CHTF8","s1645_S_PIT_01_ASEReadCounter.table","NW_015090842.1:10291656",27,50,23
"CHTF8","s1645_S_PIT_01_ASEReadCounter.table","NW_015090842.1:10291675",23,46,23
"CHTF8","s1645_S_PIT_01_ASEReadCounter.table","NW_015090842.1:10291696",23,43,20
"CHTF8","s1645_S_PIT_01_ASEReadCounter.table","NW_015090842.1:10291714",25,43,18
"CHTF8","s1645_S_PIT_01_ASEReadCounter.table","NW_015090842.1:10291732",28,46,18
"CHTF8","s1645_S_PIT_01_ASEReadCounter.table","NW_015090842.1:10291755",32,47,15
"CHTF8","s1645_S_PIT_01_ASEReadCounter.table","NW_015090842.1:10291756",32,46,14
"CHTF8","s1645_S_PIT_01_ASEReadCounter.table","NW_015090842.1:10291758",32,45,13
"CHTF8","s1645_S_PIT_01_ASEReadCounter.table","NW_015090842.1:10291792",34,52,18
"CHTF8","s1645_S_PIT_01_ASEReadCounter.table","NW_015090842.1:10291895",32,54,22
"CHTF8","s1645_S_PIT_01_ASEReadCounter.table","NW_015090842.1:10292132",23,42,19
"CHTF8","s1645_S_PIT_01_ASEReadCounter.table","NW_015090842.1:10292314",26,47,21
"CHTF8","s1645_S_PIT_01_ASEReadCounter.table","NW_015090842.1:10292317",25,49,24
"CHTF8","s1645_S_PIT_01_ASEReadCounter.table","NW_015090842.1:10292928",5,8,3
"UTP4","s1645_S_PIT_01_ASEReadCounter.table","NW_015090842.1:10293146",55,78,23
"UTP4","s1645_S_PIT_01_ASEReadCounter.table","NW_015090842.1:10293151",53,77,24
"UTP4","s1645_S_PIT_01_ASEReadCounter.table","NW_015090842.1:10293191",34,54,20
"UTP4","s1645_S_PIT_01_ASEReadCounter.table","NW_015090842.1:10293362",19,56,37
"UTP4","s1645_S_PIT_01_ASEReadCounter.table","NW_015090842.1:10293430",27,60,33
"UTP4","s1645_S_PIT_01_ASEReadCounter.table","NW_015090842.1:10293625",17,37,20
"UTP4","s1645_S_PIT_01_ASEReadCounter.table","NW_015090842.1:10293684",25,49,24
"UTP4","s1645_S_PIT_01_ASEReadCounter.table","NW_015090842.1:10294093",34,68,34
"UTP4","s1645_S_PIT_01_ASEReadCounter.table","NW_015090842.1:10294568",20,51,31
"UTP4","s1645_S_PIT_01_ASEReadCounter.table","NW_015090842.1:10294622",24,51,27
"UTP4","s1645_S_PIT_01_ASEReadCounter.table","NW_015090842.1:10294632",23,49,26
"UTP4","s1645_S_PIT_01_ASEReadCounter.table","NW_015090842.1:10295238",27,58,31
"UTP4","s1645_S_PIT_01_ASEReadCounter.table","NW_015090842.1:10295880",33,61,28
"UTP4","s1645_S_PIT_01_ASEReadCounter.table","NW_015090842.1:10295884",33,60,27
"UTP4","s1645_S_PIT_01_ASEReadCounter.table","NW_015090842.1:10295903",34,58,24
"UTP4","s1645_S_PIT_01_ASEReadCounter.table","NW_015090842.1:10295906",36,62,26
"UTP4","s1645_S_PIT_01_ASEReadCounter.table","NW_015090842.1:10295915",38,65,27
"UTP4","s1645_S_PIT_01_ASEReadCounter.table","NW_015090842.1:10295938",42,70,28
"UTP4","s1645_S_PIT_01_ASEReadCounter.table","NW_015090842.1:10296175",47,72,25
"UTP4","s1645_S_PIT_01_ASEReadCounter.table","NW_015090842.1:10296660",36,66,30
"UTP4","s1645_S_PIT_01_ASEReadCounter.table","NW_015090842.1:10296679",40,67,27
"UTP4","s1645_S_PIT_01_ASEReadCounter.table","NW_015090842.1:10297193",40,80,40
"UTP4","s1645_S_PIT_01_ASEReadCounter.table","NW_015090842.1:10297220",40,77,37
"UTP4","s1645_S_PIT_01_ASEReadCounter.table","NW_015090842.1:10297307",40,73,33
"UTP4","s1645_S_PIT_01_ASEReadCounter.table","NW_015090842.1:10297558",46,83,37
"UTP4","s1645_S_PIT_01_ASEReadCounter.table","NW_015090842.1:10297943",29,71,42
"UTP4","s1645_S_PIT_01_ASEReadCounter.table","NW_015090842.1:10297979",25,57,32
"UTP4","s1645_S_PIT_01_ASEReadCounter.table","NW_015090842.1:10298022",13,36,23
"UTP4","s1645_S_PIT_01_ASEReadCounter.table","NW_015090842.1:10298079",1,9,8
"UTP4","s1645_S_PIT_01_ASEReadCounter.table","NW_015090842.1:10298081",1,10,9
"UTP4","s1645_S_PIT_01_ASEReadCounter.table","NW_015090842.1:10298082",1,9,8
"SNTB2","s1645_S_PIT_01_ASEReadCounter.table","NW_015090842.1:10298905",6,8,2
"SNTB2","s1645_S_PIT_01_ASEReadCounter.table","NW_015090842.1:10298928",8,12,4
"SNTB2","s1645_S_PIT_01_ASEReadCounter.table","NW_015090842.1:10303506",21,56,35
"SNTB2","s1645_S_PIT_01_ASEReadCounter.table","NW_015090842.1:10303524",21,53,32
"SNTB2","s1645_S_PIT_01_ASEReadCounter.table","NW_015090842.1:10304059",22,43,21
"SNTB2","s1645_S_PIT_01_ASEReadCounter.table","NW_015090842.1:10304089",30,51,21
"SNTB2","s1645_S_PIT_01_ASEReadCounter.table","NW_015090842.1:10304167",21,40,19
"SNTB2","s1645_S_PIT_01_ASEReadCounter.table","NW_015090842.1:10304176",23,43,20
"SNTB2","s1645_S_PIT_01_ASEReadCounter.table","NW_015090842.1:10305069",22,48,26
"SNTB2","s1645_S_PIT_01_ASEReadCounter.table","NW_015090842.1:10305099",20,48,28
"SNTB2","s1645_S_PIT_01_ASEReadCounter.table","NW_015090842.1:10305451",15,35,20
"SNTB2","s1645_S_PIT_01_ASEReadCounter.table","NW_015090842.1:10305547",26,46,20
"SNTB2","s1645_S_PIT_01_ASEReadCounter.table","NW_015090842.1:10305847",22,39,17
"SNTB2","s1645_S_PIT_01_ASEReadCounter.table","NW_015090842.1:10305911",25,48,23
"SNTB2","s1645_S_PIT_01_ASEReadCounter.table","NW_015090842.1:10306173",19,50,31
"SNTB2","s1645_S_PIT_01_ASEReadCounter.table","NW_015090842.1:10306275",25,50,25
"SNTB2","s1645_S_PIT_01_ASEReadCounter.table","NW_015090842.1:10306457",22,58,36
"SNTB2","s1645_S_PIT_01_ASEReadCounter.table","NW_015090842.1:10306496",18,52,34
"SNTB2","s1645_S_PIT_01_ASEReadCounter.table","NW_015090842.1:10306499",18,50,32
"VPS4A","s1645_S_PIT_01_ASEReadCounter.table","NW_015090842.1:10308566",110,219,109
"VPS4A","s1645_S_PIT_01_ASEReadCounter.table","NW_015090842.1:10308573",116,228,112
"VPS4A","s1645_S_PIT_01_ASEReadCounter.table","NW_015090842.1:10308856",147,323,176
"VPS4A","s1645_S_PIT_01_ASEReadCounter.table","NW_015090842.1:10309056",164,370,206
"VPS4A","s1645_S_PIT_01_ASEReadCounter.table","NW_015090842.1:10309089",196,432,236
"VPS4A","s1645_S_PIT_01_ASEReadCounter.table","NW_015090842.1:10309392",196,422,226
"VPS4A","s1645_S_PIT_01_ASEReadCounter.table","NW_015090842.1:10309413",211,442,231
"VPS4A","s1645_S_PIT_01_ASEReadCounter.table","NW_015090842.1:10309467",191,446,255
"VPS4A","s1645_S_PIT_01_ASEReadCounter.table","NW_015090842.1:10310230",197,441,244
"VPS4A","s1645_S_PIT_01_ASEReadCounter.table","NW_015090842.1:10310425",166,367,201
"VPS4A","s1645_S_PIT_01_ASEReadCounter.table","NW_015090842.1:10310639",180,415,235
"VPS4A","s1645_S_PIT_01_ASEReadCounter.table","NW_015090842.1:10310640",183,420,237
"VPS4A","s1645_S_PIT_01_ASEReadCounter.table","NW_015090842.1:10310687",187,433,246
"VPS4A","s1645_S_PIT_01_ASEReadCounter.table","NW_015090842.1:10310734",161,337,176
"VPS4A","s1645_S_PIT_01_ASEReadCounter.table","NW_015090842.1:10310737",159,338,179
"VPS4A","s1645_S_PIT_01_ASEReadCounter.table","NW_015090842.1:10310746",163,344,181
"VPS4A","s1645_S_PIT_01_ASEReadCounter.table","NW_015090842.1:10310767",178,365,187
"VPS4A","s1645_S_PIT_01_ASEReadCounter.table","NW_015090842.1:10310995",152,321,169
"VPS4A","s1645_S_PIT_01_ASEReadCounter.table","NW_015090842.1:10311004",147,307,160
"VPS4A","s1645_S_PIT_01_ASEReadCounter.table","NW_015090842.1:10311007",155,327,172
"VPS4A","s1645_S_PIT_01_ASEReadCounter.table","NW_015090842.1:10311013",169,342,173
"VPS4A","s1645_S_PIT_01_ASEReadCounter.table","NW_015090842.1:10311022",154,326,172
"VPS4A","s1645_S_PIT_01_ASEReadCounter.table","NW_015090842.1:10311023",153,325,172
"VPS4A","s1645_S_PIT_01_ASEReadCounter.table","NW_015090842.1:10311426",169,400,231
"VPS4A","s1645_S_PIT_01_ASEReadCounter.table","NW_015090842.1:10311489",1,16,15
"VPS4A","s1645_S_PIT_01_ASEReadCounter.table","NW_015090842.1:10311490",1,12,11
"VPS4A","s1645_S_PIT_01_ASEReadCounter.table","NW_015090842.1:10311525",4,14,10
"VPS4A","s1645_S_PIT_01_ASEReadCounter.table","NW_015090842.1:10311529",6,26,20
"VPS4A","s1645_S_PIT_01_ASEReadCounter.table","NW_015090842.1:10311530",7,29,22
"VPS4A","s1645_S_PIT_01_ASEReadCounter.table","NW_015090842.1:10311552",29,54,25
"VPS4A","s1645_S_PIT_01_ASEReadCounter.table","NW_015090842.1:10311689",23,47,24
"VPS4A","s1645_S_PIT_01_ASEReadCounter.table","NW_015090842.1:10311700",30,56,26
"VPS4A","s1645_S_PIT_01_ASEReadCounter.table","NW_015090842.1:10311701",30,58,28
"VPS4A","s1645_S_PIT_01_ASEReadCounter.table","NW_015090842.1:10311703",30,58,28
"COG8","s1645_S_PIT_01_ASEReadCounter.table","NW_015090842.1:10313487",33,58,25
"COG8","s1645_S_PIT_01_ASEReadCounter.table","NW_015090842.1:10313559",49,78,29
"COG8","s1645_S_PIT_01_ASEReadCounter.table","NW_015090842.1:10313579",39,63,24
"COG8","s1645_S_PIT_01_ASEReadCounter.table","NW_015090842.1:10313665",36,53,17
"COG8","s1645_S_PIT_01_ASEReadCounter.table","NW_015090842.1:10313681",37,59,22
"COG8","s1645_S_PIT_01_ASEReadCounter.table","NW_015090842.1:10313768",53,89,36
"COG8","s1645_S_PIT_01_ASEReadCounter.table","NW_015090842.1:10313775",51,86,35
"COG8","s1645_S_PIT_01_ASEReadCounter.table","NW_015090842.1:10313811",39,72,33
"COG8","s1645_S_PIT_01_ASEReadCounter.table","NW_015090842.1:10313858",33,59,26
"COG8","s1645_S_PIT_01_ASEReadCounter.table","NW_015090842.1:10313859",59,59,0
"COG8","s1645_S_PIT_01_ASEReadCounter.table","NW_015090842.1:10314100",44,77,33
"COG8","s1645_S_PIT_01_ASEReadCounter.table","NW_015090842.1:10314213",39,72,33
"COG8","s1645_S_PIT_01_ASEReadCounter.table","NW_015090842.1:10315093",37,63,26
"COG8","s1645_S_PIT_01_ASEReadCounter.table","NW_015090842.1:10315162",25,55,30
"COG8","s1645_S_PIT_01_ASEReadCounter.table","NW_015090842.1:10315285",52,101,49
"COG8","s1645_S_PIT_01_ASEReadCounter.table","NW_015090842.1:10315360",32,77,45
"COG8","s1645_S_PIT_01_ASEReadCounter.table","NW_015090842.1:10315369",32,75,43
"COG8","s1645_S_PIT_01_ASEReadCounter.table","NW_015090842.1:10315508",25,57,32
"COG8","s1645_S_PIT_01_ASEReadCounter.table","NW_015090842.1:10315624",37,92,55
"COG8","s1645_S_PIT_01_ASEReadCounter.table","NW_015090842.1:10315693",32,62,30
"COG8","s1645_S_PIT_01_ASEReadCounter.table","NW_015090842.1:10315698",35,63,28
"COG8","s1645_S_PIT_01_ASEReadCounter.table","NW_015090842.1:10315768",24,50,26
"COG8","s1645_S_PIT_01_ASEReadCounter.table","NW_015090842.1:10315769",24,50,26
"COG8","s1645_S_PIT_01_ASEReadCounter.table","NW_015090842.1:10315784",29,55,26
"COG8","s1645_S_PIT_01_ASEReadCounter.table","NW_015090842.1:10316093",25,55,30
"COG8","s1645_S_PIT_01_ASEReadCounter.table","NW_015090842.1:10316133",21,50,29
"NIP7","s1645_S_PIT_01_ASEReadCounter.table","NW_015090842.1:10316759",14,36,22
"NIP7","s1645_S_PIT_01_ASEReadCounter.table","NW_015090842.1:10316967",86,194,108
"NIP7","s1645_S_PIT_01_ASEReadCounter.table","NW_015090842.1:10316995",107,220,113
"NIP7","s1645_S_PIT_01_ASEReadCounter.table","NW_015090842.1:10317240",150,307,157
"NIP7","s1645_S_PIT_01_ASEReadCounter.table","NW_015090842.1:10317247",150,308,158
"NIP7","s1645_S_PIT_01_ASEReadCounter.table","NW_015090842.1:10317264",141,281,140
"NIP7","s1645_S_PIT_01_ASEReadCounter.table","NW_015090842.1:10317433",148,304,156
"NIP7","s1645_S_PIT_01_ASEReadCounter.table","NW_015090842.1:10317738",116,241,125
"NIP7","s1645_S_PIT_01_ASEReadCounter.table","NW_015090842.1:10317769",126,244,118
"NIP7","s1645_S_PIT_01_ASEReadCounter.table","NW_015090842.1:10317808",77,158,81
"NIP7","s1645_S_PIT_01_ASEReadCounter.table","NW_015090842.1:10317870",44,106,62
"NIP7","s1645_S_PIT_01_ASEReadCounter.table","NW_015090842.1:10317871",45,103,58
"NIP7","s1645_S_PIT_01_ASEReadCounter.table","NW_015090842.1:10317898",28,62,34
"NIP7","s1645_S_PIT_01_ASEReadCounter.table","NW_015090842.1:10317911",25,53,28
"TMED6","s1645_S_PIT_01_ASEReadCounter.table","NW_015090842.1:10318514",2,2,0
"TMED6","s1645_S_PIT_01_ASEReadCounter.table","NW_015090842.1:10318731",4,6,2
"TERF2","s1645_S_PIT_01_ASEReadCounter.table","NW_015090842.1:10321768",31,64,33
"TERF2","s1645_S_PIT_01_ASEReadCounter.table","NW_015090842.1:10321777",36,69,33
"TERF2","s1645_S_PIT_01_ASEReadCounter.table","NW_015090842.1:10321805",42,77,35
"TERF2","s1645_S_PIT_01_ASEReadCounter.table","NW_015090842.1:10321878",47,107,60
"TERF2","s1645_S_PIT_01_ASEReadCounter.table","NW_015090842.1:10321893",4,99,95
"TERF2","s1645_S_PIT_01_ASEReadCounter.table","NW_015090842.1:10321897",38,93,55
"TERF2","s1645_S_PIT_01_ASEReadCounter.table","NW_015090842.1:10321908",37,91,54
"TERF2","s1645_S_PIT_01_ASEReadCounter.table","NW_015090842.1:10322001",62,132,70
"TERF2","s1645_S_PIT_01_ASEReadCounter.table","NW_015090842.1:10322035",60,120,60
"TERF2","s1645_S_PIT_01_ASEReadCounter.table","NW_015090842.1:10322051",58,129,71
"TERF2","s1645_S_PIT_01_ASEReadCounter.table","NW_015090842.1:10322137",43,104,61
"TERF2","s1645_S_PIT_01_ASEReadCounter.table","NW_015090842.1:10322144",44,100,56
"TERF2","s1645_S_PIT_01_ASEReadCounter.table","NW_015090842.1:10322388",44,114,70
"TERF2","s1645_S_PIT_01_ASEReadCounter.table","NW_015090842.1:10322396",44,113,69
"TERF2","s1645_S_PIT_01_ASEReadCounter.table","NW_015090842.1:10322502",61,142,81
"TERF2","s1645_S_PIT_01_ASEReadCounter.table","NW_015090842.1:10322504",62,146,84
"TERF2","s1645_S_PIT_01_ASEReadCounter.table","NW_015090842.1:10322510",66,153,87
"TERF2","s1645_S_PIT_01_ASEReadCounter.table","NW_015090842.1:10323580",76,165,89
"TERF2","s1645_S_PIT_01_ASEReadCounter.table","NW_015090842.1:10324314",65,149,84
"TERF2","s1645_S_PIT_01_ASEReadCounter.table","NW_015090842.1:10326832",58,126,68
"TERF2","s1645_S_PIT_01_ASEReadCounter.table","NW_015090842.1:10327787",44,92,48
"TERF2","s1645_S_PIT_01_ASEReadCounter.table","NW_015090842.1:10328588",49,116,67
"TERF2","s1645_S_PIT_01_ASEReadCounter.table","NW_015090842.1:10328644",39,104,65
"TERF2","s1645_S_PIT_01_ASEReadCounter.table","NW_015090842.1:10329813",44,98,54
"TERF2","s1645_S_PIT_01_ASEReadCounter.table","NW_015090842.1:10330749",47,88,41
"TERF2","s1645_S_PIT_01_ASEReadCounter.table","NW_015090842.1:10330789",49,90,41
"CYB5B","s1645_S_PIT_01_ASEReadCounter.table","NW_015090842.1:10336595",10,24,14
"CYB5B","s1645_S_PIT_01_ASEReadCounter.table","NW_015090842.1:10336667",103,207,104
"CYB5B","s1645_S_PIT_01_ASEReadCounter.table","NW_015090842.1:10336689",164,329,165
"CYB5B","s1645_S_PIT_01_ASEReadCounter.table","NW_015090842.1:10336728",219,443,224
"CYB5B","s1645_S_PIT_01_ASEReadCounter.table","NW_015090842.1:10345068",215,482,267
"CYB5B","s1645_S_PIT_01_ASEReadCounter.table","NW_015090842.1:10348800",276,567,291
"CYB5B","s1645_S_PIT_01_ASEReadCounter.table","NW_015090842.1:10349046",189,412,223
"CYB5B","s1645_S_PIT_01_ASEReadCounter.table","NW_015090842.1:10349119",137,353,216
"CYB5B","s1645_S_PIT_01_ASEReadCounter.table","NW_015090842.1:10349146",104,323,219
"CYB5B","s1645_S_PIT_01_ASEReadCounter.table","NW_015090842.1:10349157",137,361,224
"CYB5B","s1645_S_PIT_01_ASEReadCounter.table","NW_015090842.1:10349263",307,308,1
