"gene","id","snp","ref_count","total_count","alt_count"
"CENPN","s1645_S_GON_01_ASEReadCounter.table","NW_015090842.1:5801612",26,266,240
"CENPN","s1645_S_GON_01_ASEReadCounter.table","NW_015090842.1:5801618",46,294,248
"CENPN","s1645_S_GON_01_ASEReadCounter.table","NW_015090842.1:5801623",61,311,250
"CENPN","s1645_S_GON_01_ASEReadCounter.table","NW_015090842.1:5801631",83,335,252
"CENPN","s1645_S_GON_01_ASEReadCounter.table","NW_015090842.1:5801632",85,337,252
"CENPN","s1645_S_GON_01_ASEReadCounter.table","NW_015090842.1:5801655",85,313,228
"CENPN","s1645_S_GON_01_ASEReadCounter.table","NW_015090842.1:5801670",102,350,248
"CENPN","s1645_S_GON_01_ASEReadCounter.table","NW_015090842.1:5801674",101,353,252
"CENPN","s1645_S_GON_01_ASEReadCounter.table","NW_015090842.1:5801692",116,388,272
"CENPN","s1645_S_GON_01_ASEReadCounter.table","NW_015090842.1:5802008",148,757,609
"CENPN","s1645_S_GON_01_ASEReadCounter.table","NW_015090842.1:5802012",147,761,614
"CENPN","s1645_S_GON_01_ASEReadCounter.table","NW_015090842.1:5802087",176,976,800
"CENPN","s1645_S_GON_01_ASEReadCounter.table","NW_015090842.1:5810113",47,61,14
"CENPN","s1645_S_GON_01_ASEReadCounter.table","NW_015090842.1:5810147",55,74,19
"CENPN","s1645_S_GON_01_ASEReadCounter.table","NW_015090842.1:5810148",56,74,18
"ATMIN","s1645_S_GON_01_ASEReadCounter.table","NW_015090842.1:5818789",26,32,6
"ATMIN","s1645_S_GON_01_ASEReadCounter.table","NW_015090842.1:5819958",16,26,10
"ATMIN","s1645_S_GON_01_ASEReadCounter.table","NW_015090842.1:5820004",19,28,9
"ATMIN","s1645_S_GON_01_ASEReadCounter.table","NW_015090842.1:5820217",25,31,6
"ATMIN","s1645_S_GON_01_ASEReadCounter.table","NW_015090842.1:5820250",31,36,5
"ATMIN","s1645_S_GON_01_ASEReadCounter.table","NW_015090842.1:5820298",36,41,5
"ATMIN","s1645_S_GON_01_ASEReadCounter.table","NW_015090842.1:5820417",9,13,4
"ATMIN","s1645_S_GON_01_ASEReadCounter.table","NW_015090842.1:5820421",8,11,3
"ATMIN","s1645_S_GON_01_ASEReadCounter.table","NW_015090842.1:5820448",3,4,1
"ATMIN","s1645_S_GON_01_ASEReadCounter.table","NW_015090842.1:5820457",2,3,1
"ATMIN","s1645_S_GON_01_ASEReadCounter.table","NW_015090842.1:5820510",3,4,1
"ATMIN","s1645_S_GON_01_ASEReadCounter.table","NW_015090842.1:5820673",4,7,3
"ATMIN","s1645_S_GON_01_ASEReadCounter.table","NW_015090842.1:5820754",5,12,7
"ATMIN","s1645_S_GON_01_ASEReadCounter.table","NW_015090842.1:5820820",5,13,8
"ATMIN","s1645_S_GON_01_ASEReadCounter.table","NW_015090842.1:5820865",8,15,7
"ATMIN","s1645_S_GON_01_ASEReadCounter.table","NW_015090842.1:5820889",9,14,5
"ATMIN","s1645_S_GON_01_ASEReadCounter.table","NW_015090842.1:5820891",9,14,5
"ATMIN","s1645_S_GON_01_ASEReadCounter.table","NW_015090842.1:5820997",6,11,5
"ATMIN","s1645_S_GON_01_ASEReadCounter.table","NW_015090842.1:5821063",4,9,5
"ATMIN","s1645_S_GON_01_ASEReadCounter.table","NW_015090842.1:5821132",3,10,7
"ATMIN","s1645_S_GON_01_ASEReadCounter.table","NW_015090842.1:5821645",8,23,15
"ATMIN","s1645_S_GON_01_ASEReadCounter.table","NW_015090842.1:5825066",8,14,6
"ATMIN","s1645_S_GON_01_ASEReadCounter.table","NW_015090842.1:5825106",9,15,6
"ATMIN","s1645_S_GON_01_ASEReadCounter.table","NW_015090842.1:5825122",8,16,8
"ATMIN","s1645_S_GON_01_ASEReadCounter.table","NW_015090842.1:5825178",11,23,12
"ATMIN","s1645_S_GON_01_ASEReadCounter.table","NW_015090842.1:5825194",11,23,12
"ATMIN","s1645_S_GON_01_ASEReadCounter.table","NW_015090842.1:5825195",11,23,12
"ATMIN","s1645_S_GON_01_ASEReadCounter.table","NW_015090842.1:5825220",11,20,9
"ATMIN","s1645_S_GON_01_ASEReadCounter.table","NW_015090842.1:5825240",13,24,11
"ATMIN","s1645_S_GON_01_ASEReadCounter.table","NW_015090842.1:5825303",13,27,14
"ATMIN","s1645_S_GON_01_ASEReadCounter.table","NW_015090842.1:5825304",13,26,13
"ATMIN","s1645_S_GON_01_ASEReadCounter.table","NW_015090842.1:5825310",14,28,14
"ATMIN","s1645_S_GON_01_ASEReadCounter.table","NW_015090842.1:5825406",11,25,14
"ATMIN","s1645_S_GON_01_ASEReadCounter.table","NW_015090842.1:5825415",9,23,14
"ATMIN","s1645_S_GON_01_ASEReadCounter.table","NW_015090842.1:5825438",12,30,18
"ATMIN","s1645_S_GON_01_ASEReadCounter.table","NW_015090842.1:5825485",15,32,17
"ATMIN","s1645_S_GON_01_ASEReadCounter.table","NW_015090842.1:5825524",20,46,26
"ATMIN","s1645_S_GON_01_ASEReadCounter.table","NW_015090842.1:5825557",16,43,27
"ATMIN","s1645_S_GON_01_ASEReadCounter.table","NW_015090842.1:5825571",15,39,24
"ATMIN","s1645_S_GON_01_ASEReadCounter.table","NW_015090842.1:5825579",17,41,24
"ATMIN","s1645_S_GON_01_ASEReadCounter.table","NW_015090842.1:5825590",13,31,18
"ATMIN","s1645_S_GON_01_ASEReadCounter.table","NW_015090842.1:5825689",16,34,18
"ATMIN","s1645_S_GON_01_ASEReadCounter.table","NW_015090842.1:5825703",21,40,19
"ATMIN","s1645_S_GON_01_ASEReadCounter.table","NW_015090842.1:5825787",17,40,23
"ATMIN","s1645_S_GON_01_ASEReadCounter.table","NW_015090842.1:5825833",19,38,19
"ATMIN","s1645_S_GON_01_ASEReadCounter.table","NW_015090842.1:5825841",17,34,17
"ATMIN","s1645_S_GON_01_ASEReadCounter.table","NW_015090842.1:5825895",21,37,16
"ATMIN","s1645_S_GON_01_ASEReadCounter.table","NW_015090842.1:5825984",13,37,24
"ATMIN","s1645_S_GON_01_ASEReadCounter.table","NW_015090842.1:5826162",25,43,18
"ATMIN","s1645_S_GON_01_ASEReadCounter.table","NW_015090842.1:5826194",25,45,20
"ATMIN","s1645_S_GON_01_ASEReadCounter.table","NW_015090842.1:5826235",25,50,25
"ATMIN","s1645_S_GON_01_ASEReadCounter.table","NW_015090842.1:5826245",23,47,24
"ATMIN","s1645_S_GON_01_ASEReadCounter.table","NW_015090842.1:5826335",8,29,21
"ATMIN","s1645_S_GON_01_ASEReadCounter.table","NW_015090842.1:5826417",18,46,28
"ATMIN","s1645_S_GON_01_ASEReadCounter.table","NW_015090842.1:5826431",18,51,33
"ATMIN","s1645_S_GON_01_ASEReadCounter.table","NW_015090842.1:5826438",19,50,31
"ATMIN","s1645_S_GON_01_ASEReadCounter.table","NW_015090842.1:5826463",22,61,39
"ATMIN","s1645_S_GON_01_ASEReadCounter.table","NW_015090842.1:5826502",20,65,45
"ATMIN","s1645_S_GON_01_ASEReadCounter.table","NW_015090842.1:5826511",22,70,48
"ATMIN","s1645_S_GON_01_ASEReadCounter.table","NW_015090842.1:5826659",19,58,39
"ATMIN","s1645_S_GON_01_ASEReadCounter.table","NW_015090842.1:5826701",25,63,38
"ATMIN","s1645_S_GON_01_ASEReadCounter.table","NW_015090842.1:5826702",25,64,39
"ATMIN","s1645_S_GON_01_ASEReadCounter.table","NW_015090842.1:5826732",29,66,37
"ATMIN","s1645_S_GON_01_ASEReadCounter.table","NW_015090842.1:5826745",32,71,39
"ATMIN","s1645_S_GON_01_ASEReadCounter.table","NW_015090842.1:5826835",32,75,43
"ATMIN","s1645_S_GON_01_ASEReadCounter.table","NW_015090842.1:5826910",31,74,43
"ATMIN","s1645_S_GON_01_ASEReadCounter.table","NW_015090842.1:5826942",20,69,49
"ATMIN","s1645_S_GON_01_ASEReadCounter.table","NW_015090842.1:5827193",66,128,62
"ATMIN","s1645_S_GON_01_ASEReadCounter.table","NW_015090842.1:5827196",67,130,63
"ATMIN","s1645_S_GON_01_ASEReadCounter.table","NW_015090842.1:5827269",57,116,59
"ATMIN","s1645_S_GON_01_ASEReadCounter.table","NW_015090842.1:5827315",47,97,50
"ATMIN","s1645_S_GON_01_ASEReadCounter.table","NW_015090842.1:5827316",48,100,52
"ATMIN","s1645_S_GON_01_ASEReadCounter.table","NW_015090842.1:5827333",48,97,49
"PPP1R3E","s1645_S_GON_01_ASEReadCounter.table","NW_015090842.1:5837733",10,19,9
"PPP1R3E","s1645_S_GON_01_ASEReadCounter.table","NW_015090842.1:5837947",5,7,2
"PKD1L2","s1645_S_GON_01_ASEReadCounter.table","NW_015090842.1:5867509",14,36,22
"PKD1L2","s1645_S_GON_01_ASEReadCounter.table","NW_015090842.1:5867597",20,48,28
"PKD1L2","s1645_S_GON_01_ASEReadCounter.table","NW_015090842.1:5867600",21,54,33
"PKD1L2","s1645_S_GON_01_ASEReadCounter.table","NW_015090842.1:5867660",27,54,27
"PKD1L2","s1645_S_GON_01_ASEReadCounter.table","NW_015090842.1:5867675",33,69,36
"PKD1L2","s1645_S_GON_01_ASEReadCounter.table","NW_015090842.1:5867788",33,76,43
"PKD1L2","s1645_S_GON_01_ASEReadCounter.table","NW_015090842.1:5867843",29,74,45
"PKD1L2","s1645_S_GON_01_ASEReadCounter.table","NW_015090842.1:5872948",1,3,2
"BCO1","s1645_S_GON_01_ASEReadCounter.table","NW_015090842.1:5915610",17,39,22
"BCO1","s1645_S_GON_01_ASEReadCounter.table","NW_015090842.1:5915646",15,36,21
"BCO1","s1645_S_GON_01_ASEReadCounter.table","NW_015090842.1:5917836",19,43,24
"BCO1","s1645_S_GON_01_ASEReadCounter.table","NW_015090842.1:5917912",17,38,21
"BCO1","s1645_S_GON_01_ASEReadCounter.table","NW_015090842.1:5917941",14,30,16
"BCO1","s1645_S_GON_01_ASEReadCounter.table","NW_015090842.1:5917971",18,35,17
"BCO1","s1645_S_GON_01_ASEReadCounter.table","NW_015090842.1:5921679",18,41,23
"BCO1","s1645_S_GON_01_ASEReadCounter.table","NW_015090842.1:5921726",12,33,21
"BCO1","s1645_S_GON_01_ASEReadCounter.table","NW_015090842.1:5925669",12,22,10
"BCO1","s1645_S_GON_01_ASEReadCounter.table","NW_015090842.1:5925753",13,25,12
"BCO1","s1645_S_GON_01_ASEReadCounter.table","NW_015090842.1:5926937",14,27,13
"BCO1","s1645_S_GON_01_ASEReadCounter.table","NW_015090842.1:5927921",13,31,18
"BCO1","s1645_S_GON_01_ASEReadCounter.table","NW_015090842.1:5927948",12,31,19
"BCO1","s1645_S_GON_01_ASEReadCounter.table","NW_015090842.1:5927968",10,36,26
"BCO1","s1645_S_GON_01_ASEReadCounter.table","NW_015090842.1:5928052",12,36,24
"BCO1","s1645_S_GON_01_ASEReadCounter.table","NW_015090842.1:5932726",33,74,41
"BCO1","s1645_S_GON_01_ASEReadCounter.table","NW_015090842.1:5932801",20,51,31
"BCO1","s1645_S_GON_01_ASEReadCounter.table","NW_015090842.1:5934558",61,86,25
"BCO1","s1645_S_GON_01_ASEReadCounter.table","NW_015090842.1:5934575",62,91,29
"BCO1","s1645_S_GON_01_ASEReadCounter.table","NW_015090842.1:5934608",68,94,26
"BCO1","s1645_S_GON_01_ASEReadCounter.table","NW_015090842.1:5934647",59,88,29
"BCO1","s1645_S_GON_01_ASEReadCounter.table","NW_015090842.1:5934725",52,75,23
"BCO1","s1645_S_GON_01_ASEReadCounter.table","NW_015090842.1:5934726",52,75,23
"BCO1","s1645_S_GON_01_ASEReadCounter.table","NW_015090842.1:5934733",39,58,19
"BCO1","s1645_S_GON_01_ASEReadCounter.table","NW_015090842.1:5934821",39,65,26
"BCO1","s1645_S_GON_01_ASEReadCounter.table","NW_015090842.1:5934826",34,59,25
"BCO1","s1645_S_GON_01_ASEReadCounter.table","NW_015090842.1:5934844",23,42,19
"BCO1","s1645_S_GON_01_ASEReadCounter.table","NW_015090842.1:5934958",54,78,24
"BCO1","s1645_S_GON_01_ASEReadCounter.table","NW_015090842.1:5934976",55,80,25
"GAN","s1645_S_GON_01_ASEReadCounter.table","NW_015090842.1:5953759",5,23,18
"GAN","s1645_S_GON_01_ASEReadCounter.table","NW_015090842.1:5957502",15,36,21
"GAN","s1645_S_GON_01_ASEReadCounter.table","NW_015090842.1:5957578",14,31,17
"GAN","s1645_S_GON_01_ASEReadCounter.table","NW_015090842.1:5965028",13,32,19
"GAN","s1645_S_GON_01_ASEReadCounter.table","NW_015090842.1:5966047",24,54,30
"GAN","s1645_S_GON_01_ASEReadCounter.table","NW_015090842.1:5966126",20,46,26
"GAN","s1645_S_GON_01_ASEReadCounter.table","NW_015090842.1:5966127",20,44,24
"GAN","s1645_S_GON_01_ASEReadCounter.table","NW_015090842.1:5966162",27,55,28
"GAN","s1645_S_GON_01_ASEReadCounter.table","NW_015090842.1:5966483",25,53,28
"CMIP","s1645_S_GON_01_ASEReadCounter.table","NW_015090842.1:6109159",22,30,8
"CMIP","s1645_S_GON_01_ASEReadCounter.table","NW_015090842.1:6109166",24,30,6
"CMIP","s1645_S_GON_01_ASEReadCounter.table","NW_015090842.1:6114641",20,35,15
"CMIP","s1645_S_GON_01_ASEReadCounter.table","NW_015090842.1:6114751",23,33,10
"CMIP","s1645_S_GON_01_ASEReadCounter.table","NW_015090842.1:6114824",23,33,10
"CMIP","s1645_S_GON_01_ASEReadCounter.table","NW_015090842.1:6128998",34,48,14
"CMIP","s1645_S_GON_01_ASEReadCounter.table","NW_015090842.1:6130562",54,95,41
"CMIP","s1645_S_GON_01_ASEReadCounter.table","NW_015090842.1:6132522",24,42,18
"CMIP","s1645_S_GON_01_ASEReadCounter.table","NW_015090842.1:6134088",35,57,22
"CMIP","s1645_S_GON_01_ASEReadCounter.table","NW_015090842.1:6138265",66,117,51
"CMIP","s1645_S_GON_01_ASEReadCounter.table","NW_015090842.1:6138300",62,110,48
"CMIP","s1645_S_GON_01_ASEReadCounter.table","NW_015090842.1:6138342",47,81,34
"CMIP","s1645_S_GON_01_ASEReadCounter.table","NW_015090842.1:6138343",46,80,34
"CMIP","s1645_S_GON_01_ASEReadCounter.table","NW_015090842.1:6138345",48,81,33
"CMIP","s1645_S_GON_01_ASEReadCounter.table","NW_015090842.1:6138647",37,65,28
"CMIP","s1645_S_GON_01_ASEReadCounter.table","NW_015090842.1:6138745",50,70,20
"CMIP","s1645_S_GON_01_ASEReadCounter.table","NW_015090842.1:6138832",3,10,7
"CMIP","s1645_S_GON_01_ASEReadCounter.table","NW_015090842.1:6138967",22,40,18
"CMIP","s1645_S_GON_01_ASEReadCounter.table","NW_015090842.1:6139131",5,22,17
"CMIP","s1645_S_GON_01_ASEReadCounter.table","NW_015090842.1:6139163",3,20,17
"CMIP","s1645_S_GON_01_ASEReadCounter.table","NW_015090842.1:6139360",18,25,7
"CMIP","s1645_S_GON_01_ASEReadCounter.table","NW_015090842.1:6139572",22,33,11
"CMIP","s1645_S_GON_01_ASEReadCounter.table","NW_015090842.1:6139773",32,44,12
"PLCG2","s1645_S_GON_01_ASEReadCounter.table","NW_015090842.1:6179613",14,20,6
"PLCG2","s1645_S_GON_01_ASEReadCounter.table","NW_015090842.1:6179658",24,31,7
"PLCG2","s1645_S_GON_01_ASEReadCounter.table","NW_015090842.1:6203766",6,9,3
"PLCG2","s1645_S_GON_01_ASEReadCounter.table","NW_015090842.1:6203775",5,8,3
"PLCG2","s1645_S_GON_01_ASEReadCounter.table","NW_015090842.1:6203787",3,5,2
"PLCG2","s1645_S_GON_01_ASEReadCounter.table","NW_015090842.1:6205047",11,11,0
"PLCG2","s1645_S_GON_01_ASEReadCounter.table","NW_015090842.1:6208541",6,11,5
"PLCG2","s1645_S_GON_01_ASEReadCounter.table","NW_015090842.1:6209741",5,6,1
"PLCG2","s1645_S_GON_01_ASEReadCounter.table","NW_015090842.1:6209798",6,11,5
"PLCG2","s1645_S_GON_01_ASEReadCounter.table","NW_015090842.1:6209816",4,10,6
"PLCG2","s1645_S_GON_01_ASEReadCounter.table","NW_015090842.1:6217547",9,17,8
"PLCG2","s1645_S_GON_01_ASEReadCounter.table","NW_015090842.1:6218641",7,15,8
"PLCG2","s1645_S_GON_01_ASEReadCounter.table","NW_015090842.1:6220552",9,20,11
"PLCG2","s1645_S_GON_01_ASEReadCounter.table","NW_015090842.1:6221969",5,17,12
"PLCG2","s1645_S_GON_01_ASEReadCounter.table","NW_015090842.1:6228672",14,25,11
"PLCG2","s1645_S_GON_01_ASEReadCounter.table","NW_015090842.1:6228694",14,24,10
"PLCG2","s1645_S_GON_01_ASEReadCounter.table","NW_015090842.1:6228722",16,28,12
"PLCG2","s1645_S_GON_01_ASEReadCounter.table","NW_015090842.1:6228747",13,25,12
"PLCG2","s1645_S_GON_01_ASEReadCounter.table","NW_015090842.1:6228835",9,20,11
"PLCG2","s1645_S_GON_01_ASEReadCounter.table","NW_015090842.1:6228841",6,19,13
"PLCG2","s1645_S_GON_01_ASEReadCounter.table","NW_015090842.1:6228865",8,21,13
"PLCG2","s1645_S_GON_01_ASEReadCounter.table","NW_015090842.1:6228917",10,25,15
"PLCG2","s1645_S_GON_01_ASEReadCounter.table","NW_015090842.1:6228926",8,22,14
"PLCG2","s1645_S_GON_01_ASEReadCounter.table","NW_015090842.1:6228954",5,18,13
"PLCG2","s1645_S_GON_01_ASEReadCounter.table","NW_015090842.1:6229002",6,11,5
"PLCG2","s1645_S_GON_01_ASEReadCounter.table","NW_015090842.1:6229006",6,11,5
"PLCG2","s1645_S_GON_01_ASEReadCounter.table","NW_015090842.1:6229081",7,14,7
"PLCG2","s1645_S_GON_01_ASEReadCounter.table","NW_015090842.1:6229097",7,14,7
"PLCG2","s1645_S_GON_01_ASEReadCounter.table","NW_015090842.1:6229160",5,9,4
"PLCG2","s1645_S_GON_01_ASEReadCounter.table","NW_015090842.1:6229213",4,6,2
"PLCG2","s1645_S_GON_01_ASEReadCounter.table","NW_015090842.1:6229231",6,9,3
"PLCG2","s1645_S_GON_01_ASEReadCounter.table","NW_015090842.1:6229663",12,14,2
"PLCG2","s1645_S_GON_01_ASEReadCounter.table","NW_015090842.1:6229748",16,16,0
"PLCG2","s1645_S_GON_01_ASEReadCounter.table","NW_015090842.1:6229892",14,16,2
"PLCG2","s1645_S_GON_01_ASEReadCounter.table","NW_015090842.1:6230248",14,15,1
"PLCG2","s1645_S_GON_01_ASEReadCounter.table","NW_015090842.1:6230255",14,15,1
"PLCG2","s1645_S_GON_01_ASEReadCounter.table","NW_015090842.1:6230296",6,7,1
"PLCG2","s1645_S_GON_01_ASEReadCounter.table","NW_015090842.1:6230349",17,20,3
"PLCG2","s1645_S_GON_01_ASEReadCounter.table","NW_015090842.1:6230381",20,22,2
"PLCG2","s1645_S_GON_01_ASEReadCounter.table","NW_015090842.1:6230408",23,26,3
"PLCG2","s1645_S_GON_01_ASEReadCounter.table","NW_015090842.1:6230439",19,21,2
"PLCG2","s1645_S_GON_01_ASEReadCounter.table","NW_015090842.1:6230757",6,7,1
"PLCG2","s1645_S_GON_01_ASEReadCounter.table","NW_015090842.1:6230758",6,7,1
"PLCG2","s1645_S_GON_01_ASEReadCounter.table","NW_015090842.1:6230898",23,24,1
"PLCG2","s1645_S_GON_01_ASEReadCounter.table","NW_015090842.1:6230976",22,24,2
"PLCG2","s1645_S_GON_01_ASEReadCounter.table","NW_015090842.1:6231078",39,41,2
"PLCG2","s1645_S_GON_01_ASEReadCounter.table","NW_015090842.1:6231138",36,40,4
"PLCG2","s1645_S_GON_01_ASEReadCounter.table","NW_015090842.1:6231177",41,46,5
"PLCG2","s1645_S_GON_01_ASEReadCounter.table","NW_015090842.1:6231263",41,43,2
"PLCG2","s1645_S_GON_01_ASEReadCounter.table","NW_015090842.1:6231309",20,20,0
"SDR42E1","s1645_S_GON_01_ASEReadCounter.table","NW_015090842.1:6235292",8,28,20
"SDR42E1","s1645_S_GON_01_ASEReadCounter.table","NW_015090842.1:6235315",19,59,40
"SDR42E1","s1645_S_GON_01_ASEReadCounter.table","NW_015090842.1:6235348",39,100,61
"SDR42E1","s1645_S_GON_01_ASEReadCounter.table","NW_015090842.1:6235355",40,98,58
"SDR42E1","s1645_S_GON_01_ASEReadCounter.table","NW_015090842.1:6235417",56,124,68
"SDR42E1","s1645_S_GON_01_ASEReadCounter.table","NW_015090842.1:6235526",139,139,0
"SDR42E1","s1645_S_GON_01_ASEReadCounter.table","NW_015090842.1:6235558",52,106,54
"SDR42E1","s1645_S_GON_01_ASEReadCounter.table","NW_015090842.1:6235603",120,120,0
"SDR42E1","s1645_S_GON_01_ASEReadCounter.table","NW_015090842.1:6235741",71,133,62
"SDR42E1","s1645_S_GON_01_ASEReadCounter.table","NW_015090842.1:6235777",76,140,64
"SDR42E1","s1645_S_GON_01_ASEReadCounter.table","NW_015090842.1:6235806",83,152,69
"SDR42E1","s1645_S_GON_01_ASEReadCounter.table","NW_015090842.1:6235809",78,152,74
"SDR42E1","s1645_S_GON_01_ASEReadCounter.table","NW_015090842.1:6235816",81,157,76
"SDR42E1","s1645_S_GON_01_ASEReadCounter.table","NW_015090842.1:6235914",66,131,65
"SDR42E1","s1645_S_GON_01_ASEReadCounter.table","NW_015090842.1:6235935",64,125,61
"SDR42E1","s1645_S_GON_01_ASEReadCounter.table","NW_015090842.1:6235957",64,122,58
"SDR42E1","s1645_S_GON_01_ASEReadCounter.table","NW_015090842.1:6236040",36,77,41
"SDR42E1","s1645_S_GON_01_ASEReadCounter.table","NW_015090842.1:6236260",44,80,36
"SDR42E1","s1645_S_GON_01_ASEReadCounter.table","NW_015090842.1:6236281",37,67,30
"SDR42E1","s1645_S_GON_01_ASEReadCounter.table","NW_015090842.1:6236305",32,60,28
"SDR42E1","s1645_S_GON_01_ASEReadCounter.table","NW_015090842.1:6236458",34,69,35
"SDR42E1","s1645_S_GON_01_ASEReadCounter.table","NW_015090842.1:6236476",37,79,42
"SDR42E1","s1645_S_GON_01_ASEReadCounter.table","NW_015090842.1:6236608",43,71,28
"SDR42E1","s1645_S_GON_01_ASEReadCounter.table","NW_015090842.1:6238244",27,55,28
"SDR42E1","s1645_S_GON_01_ASEReadCounter.table","NW_015090842.1:6238829",15,32,17
"HSD17B2","s1645_S_GON_01_ASEReadCounter.table","NW_015090842.1:6262951",1,2,1
"HSD17B2","s1645_S_GON_01_ASEReadCounter.table","NW_015090842.1:6262974",1,3,2
"HSD17B2","s1645_S_GON_01_ASEReadCounter.table","NW_015090842.1:6266125",2,3,1
"HSD17B2","s1645_S_GON_01_ASEReadCounter.table","NW_015090842.1:6266135",2,2,0
"HSD17B2","s1645_S_GON_01_ASEReadCounter.table","NW_015090842.1:6266795",2,3,1
"HSD17B2","s1645_S_GON_01_ASEReadCounter.table","NW_015090842.1:6266918",3,6,3
"HSD17B2","s1645_S_GON_01_ASEReadCounter.table","NW_015090842.1:6266944",6,8,2
"HSD17B2","s1645_S_GON_01_ASEReadCounter.table","NW_015090842.1:6266997",4,6,2
"HSD17B2","s1645_S_GON_01_ASEReadCounter.table","NW_015090842.1:6267053",2,2,0
"HSD17B2","s1645_S_GON_01_ASEReadCounter.table","NW_015090842.1:6267196",0,3,3
"HSD17B2","s1645_S_GON_01_ASEReadCounter.table","NW_015090842.1:6267273",0,3,3
"HSD17B2","s1645_S_GON_01_ASEReadCounter.table","NW_015090842.1:6267358",3,6,3
"HSD17B2","s1645_S_GON_01_ASEReadCounter.table","NW_015090842.1:6267674",4,8,4
"HSD17B2","s1645_S_GON_01_ASEReadCounter.table","NW_015090842.1:6267913",1,3,2
"HSD17B2","s1645_S_GON_01_ASEReadCounter.table","NW_015090842.1:6268098",2,5,3
"HSD17B2","s1645_S_GON_01_ASEReadCounter.table","NW_015090842.1:6268180",4,4,0
"HSD17B2","s1645_S_GON_01_ASEReadCounter.table","NW_015090842.1:6268203",0,4,4
"ARY2","s1645_S_GON_01_ASEReadCounter.table","NW_015090842.1:6303922",34,34,0
"ARY2","s1645_S_GON_01_ASEReadCounter.table","NW_015090842.1:6303954",34,34,0
"ARY2","s1645_S_GON_01_ASEReadCounter.table","NW_015090842.1:6303979",43,43,0
"ARY2","s1645_S_GON_01_ASEReadCounter.table","NW_015090842.1:6305848",43,44,1
"ARY2","s1645_S_GON_01_ASEReadCounter.table","NW_015090842.1:6305856",40,41,1
"ARY2","s1645_S_GON_01_ASEReadCounter.table","NW_015090842.1:6305857",42,43,1
"ARY2","s1645_S_GON_01_ASEReadCounter.table","NW_015090842.1:6306017",57,59,2
"ARY2","s1645_S_GON_01_ASEReadCounter.table","NW_015090842.1:6306052",42,43,1
"ARY2","s1645_S_GON_01_ASEReadCounter.table","NW_015090842.1:6306094",54,55,1
"ARY2","s1645_S_GON_01_ASEReadCounter.table","NW_015090842.1:6306100",59,60,1
"ARY2","s1645_S_GON_01_ASEReadCounter.table","NW_015090842.1:6306146",58,60,2
"ARY2","s1645_S_GON_01_ASEReadCounter.table","NW_015090842.1:6306147",58,60,2
"ARY2","s1645_S_GON_01_ASEReadCounter.table","NW_015090842.1:6306390",58,59,1
"ARY2","s1645_S_GON_01_ASEReadCounter.table","NW_015090842.1:6306567",30,30,0
"ARY2","s1645_S_GON_01_ASEReadCounter.table","NW_015090842.1:6306705",1,1,0
"ARY2","s1645_S_GON_01_ASEReadCounter.table","NW_015090842.1:6306713",1,1,0
"ARY2","s1645_S_GON_01_ASEReadCounter.table","NW_015090842.1:6307138",1,1,0
"ARY2","s1645_S_GON_01_ASEReadCounter.table","NW_015090842.1:6307157",1,1,0
"ARY2","s1645_S_GON_01_ASEReadCounter.table","NW_015090842.1:6307187",1,1,0
"ARY2","s1645_S_GON_01_ASEReadCounter.table","NW_015090842.1:6307278",6,6,0
"ARY2","s1645_S_GON_01_ASEReadCounter.table","NW_015090842.1:6307305",3,3,0
"ARY2","s1645_S_GON_01_ASEReadCounter.table","NW_015090842.1:6307318",5,5,0
"ARY2","s1645_S_GON_01_ASEReadCounter.table","NW_015090842.1:6307429",6,6,0
"ARY2","s1645_S_GON_01_ASEReadCounter.table","NW_015090842.1:6307670",1,1,0
"ARYL","s1645_S_GON_01_ASEReadCounter.table","NW_015090842.1:6313360",2,5,3
"ARYL","s1645_S_GON_01_ASEReadCounter.table","NW_015090842.1:6313377",3,6,3
"ARYL","s1645_S_GON_01_ASEReadCounter.table","NW_015090842.1:6313767",1,4,3
"ARY1","s1645_S_GON_01_ASEReadCounter.table","NW_015090842.1:6313909",8,8,0
"ARY1","s1645_S_GON_01_ASEReadCounter.table","NW_015090842.1:6314296",1,2,1
"ARY1","s1645_S_GON_01_ASEReadCounter.table","NW_015090842.1:6314541",5,7,2
"ARY1","s1645_S_GON_01_ASEReadCounter.table","NW_015090842.1:6314597",7,10,3
"ARY1","s1645_S_GON_01_ASEReadCounter.table","NW_015090842.1:6314750",3,7,4
"ARY1","s1645_S_GON_01_ASEReadCounter.table","NW_015090842.1:6314794",2,5,3
"ARY1","s1645_S_GON_01_ASEReadCounter.table","NW_015090842.1:6314827",3,6,3
"ARY1","s1645_S_GON_01_ASEReadCounter.table","NW_015090842.1:6314843",5,5,0
"ARY1","s1645_S_GON_01_ASEReadCounter.table","NW_015090842.1:6314859",4,7,3
"ARY1","s1645_S_GON_01_ASEReadCounter.table","NW_015090842.1:6314886",3,6,3
"ARY1","s1645_S_GON_01_ASEReadCounter.table","NW_015090842.1:6314943",4,4,0
"ARY1","s1645_S_GON_01_ASEReadCounter.table","NW_015090842.1:6314949",4,4,0
"ARY1","s1645_S_GON_01_ASEReadCounter.table","NW_015090842.1:6315022",5,7,2
"ARY1","s1645_S_GON_01_ASEReadCounter.table","NW_015090842.1:6315026",5,7,2
"ARY1","s1645_S_GON_01_ASEReadCounter.table","NW_015090842.1:6315043",5,7,2
"ARY1","s1645_S_GON_01_ASEReadCounter.table","NW_015090842.1:6315065",8,9,1
"ARY1","s1645_S_GON_01_ASEReadCounter.table","NW_015090842.1:6315409",3,4,1
"ARY1","s1645_S_GON_01_ASEReadCounter.table","NW_015090842.1:6315479",7,9,2
"ARY1","s1645_S_GON_01_ASEReadCounter.table","NW_015090842.1:6318342",2,8,6
"ARY1","s1645_S_GON_01_ASEReadCounter.table","NW_015090842.1:6318427",1,6,5
"ARY1","s1645_S_GON_01_ASEReadCounter.table","NW_015090842.1:6318603",2,5,3
"ARY1","s1645_S_GON_01_ASEReadCounter.table","NW_015090842.1:6318708",6,11,5
"ARY1","s1645_S_GON_01_ASEReadCounter.table","NW_015090842.1:6318858",11,18,7
"ARY1","s1645_S_GON_01_ASEReadCounter.table","NW_015090842.1:6318952",9,16,7
"MPHOSPH6","s1645_S_GON_01_ASEReadCounter.table","NW_015090842.1:6324063",25,51,26
"MPHOSPH6","s1645_S_GON_01_ASEReadCounter.table","NW_015090842.1:6324174",57,96,39
"MPHOSPH6","s1645_S_GON_01_ASEReadCounter.table","NW_015090842.1:6324270",49,94,45
"MPHOSPH6","s1645_S_GON_01_ASEReadCounter.table","NW_015090842.1:6324762",35,67,32
"MPHOSPH6","s1645_S_GON_01_ASEReadCounter.table","NW_015090842.1:6324772",31,64,33
"MPHOSPH6","s1645_S_GON_01_ASEReadCounter.table","NW_015090842.1:6324780",28,57,29
"MPHOSPH6","s1645_S_GON_01_ASEReadCounter.table","NW_015090842.1:6324902",39,67,28
"MPHOSPH6","s1645_S_GON_01_ASEReadCounter.table","NW_015090842.1:6324910",73,73,0
"MPHOSPH6","s1645_S_GON_01_ASEReadCounter.table","NW_015090842.1:6325066",47,84,37
"MPHOSPH6","s1645_S_GON_01_ASEReadCounter.table","NW_015090842.1:6325089",52,90,38
"MPHOSPH6","s1645_S_GON_01_ASEReadCounter.table","NW_015090842.1:6325298",97,211,114
"MPHOSPH6","s1645_S_GON_01_ASEReadCounter.table","NW_015090842.1:6325877",81,188,107
"MPHOSPH6","s1645_S_GON_01_ASEReadCounter.table","NW_015090842.1:6326976",64,139,75
"CDH13","s1645_S_GON_01_ASEReadCounter.table","NW_015090842.1:6662283",7,13,6
"CDH13","s1645_S_GON_01_ASEReadCounter.table","NW_015090842.1:6693665",9,13,4
"CDH13","s1645_S_GON_01_ASEReadCounter.table","NW_015090842.1:6693697",6,8,2
"CDH13","s1645_S_GON_01_ASEReadCounter.table","NW_015090842.1:6693712",6,6,0
"CDH13","s1645_S_GON_01_ASEReadCounter.table","NW_015090842.1:6693723",6,6,0
"CDH13","s1645_S_GON_01_ASEReadCounter.table","NW_015090842.1:6693738",4,4,0
"CDH13","s1645_S_GON_01_ASEReadCounter.table","NW_015090842.1:6823730",13,17,4
"CDH13","s1645_S_GON_01_ASEReadCounter.table","NW_015090842.1:6889713",10,13,3
"CDH13","s1645_S_GON_01_ASEReadCounter.table","NW_015090842.1:6955167",12,17,5
"MLYCD","s1645_S_GON_01_ASEReadCounter.table","NW_015090842.1:7150054",45,81,36
"MLYCD","s1645_S_GON_01_ASEReadCounter.table","NW_015090842.1:7150131",57,118,61
"MLYCD","s1645_S_GON_01_ASEReadCounter.table","NW_015090842.1:7150585",32,69,37
"MLYCD","s1645_S_GON_01_ASEReadCounter.table","NW_015090842.1:7150686",15,38,23
"MLYCD","s1645_S_GON_01_ASEReadCounter.table","NW_015090842.1:7150696",17,40,23
"MLYCD","s1645_S_GON_01_ASEReadCounter.table","NW_015090842.1:7150698",39,39,0
"MLYCD","s1645_S_GON_01_ASEReadCounter.table","NW_015090842.1:7150869",23,56,33
"MLYCD","s1645_S_GON_01_ASEReadCounter.table","NW_015090842.1:7151100",23,53,30
"MLYCD","s1645_S_GON_01_ASEReadCounter.table","NW_015090842.1:7151127",28,59,31
"MLYCD","s1645_S_GON_01_ASEReadCounter.table","NW_015090842.1:7157538",29,67,38
"MLYCD","s1645_S_GON_01_ASEReadCounter.table","NW_015090842.1:7167662",11,22,11
"MLYCD","s1645_S_GON_01_ASEReadCounter.table","NW_015090842.1:7167675",10,19,9
"MLYCD","s1645_S_GON_01_ASEReadCounter.table","NW_015090842.1:7167710",9,18,9
"MLYCD","s1645_S_GON_01_ASEReadCounter.table","NW_015090842.1:7167781",6,14,8
"MLYCD","s1645_S_GON_01_ASEReadCounter.table","NW_015090842.1:7167803",4,9,5
"MLYCD","s1645_S_GON_01_ASEReadCounter.table","NW_015090842.1:7167812",3,8,5
"MLYCD","s1645_S_GON_01_ASEReadCounter.table","NW_015090842.1:7167845",3,9,6
"MLYCD","s1645_S_GON_01_ASEReadCounter.table","NW_015090842.1:7167862",4,12,8
"MLYCD","s1645_S_GON_01_ASEReadCounter.table","NW_015090842.1:7167929",7,16,9
"MLYCD","s1645_S_GON_01_ASEReadCounter.table","NW_015090842.1:7167995",6,14,8
"MLYCD","s1645_S_GON_01_ASEReadCounter.table","NW_015090842.1:7168005",7,15,8
"MLYCD","s1645_S_GON_01_ASEReadCounter.table","NW_015090842.1:7168037",9,15,6
"HSBP1","s1645_S_GON_01_ASEReadCounter.table","NW_015090842.1:7245192",165,286,121
"HSBP1","s1645_S_GON_01_ASEReadCounter.table","NW_015090842.1:7245226",165,321,156
"HSBP1","s1645_S_GON_01_ASEReadCounter.table","NW_015090842.1:7245257",141,279,138
"HSBP1","s1645_S_GON_01_ASEReadCounter.table","NW_015090842.1:7245296",138,284,146
"HSBP1","s1645_S_GON_01_ASEReadCounter.table","NW_015090842.1:7245389",186,359,173
"HSBP1","s1645_S_GON_01_ASEReadCounter.table","NW_015090842.1:7245400",192,358,166
"HSBP1","s1645_S_GON_01_ASEReadCounter.table","NW_015090842.1:7245445",181,349,168
"HSBP1","s1645_S_GON_01_ASEReadCounter.table","NW_015090842.1:7245495",162,303,141
"HSBP1","s1645_S_GON_01_ASEReadCounter.table","NW_015090842.1:7245515",176,331,155
"HSBP1","s1645_S_GON_01_ASEReadCounter.table","NW_015090842.1:7245733",98,194,96
"HSBP1","s1645_S_GON_01_ASEReadCounter.table","NW_015090842.1:7245771",99,181,82
"HSBP1","s1645_S_GON_01_ASEReadCounter.table","NW_015090842.1:7245813",93,163,70
"HSBP1","s1645_S_GON_01_ASEReadCounter.table","NW_015090842.1:7245926",111,211,100
"HSBP1","s1645_S_GON_01_ASEReadCounter.table","NW_015090842.1:7245927",110,208,98
"HSBP1","s1645_S_GON_01_ASEReadCounter.table","NW_015090842.1:7245933",115,212,97
"HSBP1","s1645_S_GON_01_ASEReadCounter.table","NW_015090842.1:7246002",95,182,87
"HSBP1","s1645_S_GON_01_ASEReadCounter.table","NW_015090842.1:7246094",101,206,105
"HSBP1","s1645_S_GON_01_ASEReadCounter.table","NW_015090842.1:7246167",112,203,91
"HSBP1","s1645_S_GON_01_ASEReadCounter.table","NW_015090842.1:7246183",102,194,92
"HSBP1","s1645_S_GON_01_ASEReadCounter.table","NW_015090842.1:7247285",57,72,15
"HSBP1","s1645_S_GON_01_ASEReadCounter.table","NW_015090842.1:7247651",317,664,347
"HSBP1","s1645_S_GON_01_ASEReadCounter.table","NW_015090842.1:7247657",321,662,341
"HSBP1","s1645_S_GON_01_ASEReadCounter.table","NW_015090842.1:7248520",286,513,227
"HSBP1","s1645_S_GON_01_ASEReadCounter.table","NW_015090842.1:7248535",251,438,187
"KCNG4","s1645_S_GON_01_ASEReadCounter.table","NW_015090842.1:7282481",18,38,20
"KCNG4","s1645_S_GON_01_ASEReadCounter.table","NW_015090842.1:7282500",17,35,18
"KCNG4","s1645_S_GON_01_ASEReadCounter.table","NW_015090842.1:7282542",15,39,24
"KCNG4","s1645_S_GON_01_ASEReadCounter.table","NW_015090842.1:7282579",12,44,32
"KCNG4","s1645_S_GON_01_ASEReadCounter.table","NW_015090842.1:7282630",15,47,32
"KCNG4","s1645_S_GON_01_ASEReadCounter.table","NW_015090842.1:7282760",16,33,17
"KCNG4","s1645_S_GON_01_ASEReadCounter.table","NW_015090842.1:7283056",8,22,14
"KCNG4","s1645_S_GON_01_ASEReadCounter.table","NW_015090842.1:7283245",10,34,24
"KCNG4","s1645_S_GON_01_ASEReadCounter.table","NW_015090842.1:7299491",12,35,23
"KCNG4","s1645_S_GON_01_ASEReadCounter.table","NW_015090842.1:7301195",7,15,8
"KCNG4","s1645_S_GON_01_ASEReadCounter.table","NW_015090842.1:7301227",5,11,6
"KCNG4","s1645_S_GON_01_ASEReadCounter.table","NW_015090842.1:7301240",4,13,9
"KCNG4","s1645_S_GON_01_ASEReadCounter.table","NW_015090842.1:7301413",7,19,12
"WFDC1","s1645_S_GON_01_ASEReadCounter.table","NW_015090842.1:7366517",0,3,3
"ATP2C2","s1645_S_GON_01_ASEReadCounter.table","NW_015090842.1:7413747",0,4,4
"TLDC1","s1645_S_GON_01_ASEReadCounter.table","NW_015090842.1:7421997",10,21,11
"COTL1","s1645_S_GON_01_ASEReadCounter.table","NW_015090842.1:7490707",12,25,13
"COTL1","s1645_S_GON_01_ASEReadCounter.table","NW_015090842.1:7490708",12,24,12
"COTL1","s1645_S_GON_01_ASEReadCounter.table","NW_015090842.1:7490711",12,25,13
"COTL1","s1645_S_GON_01_ASEReadCounter.table","NW_015090842.1:7490739",15,28,13
"COTL1","s1645_S_GON_01_ASEReadCounter.table","NW_015090842.1:7490785",12,26,14
"COTL1","s1645_S_GON_01_ASEReadCounter.table","NW_015090842.1:7490820",2,21,19
"COTL1","s1645_S_GON_01_ASEReadCounter.table","NW_015090842.1:7490846",32,32,0
"COTL1","s1645_S_GON_01_ASEReadCounter.table","NW_015090842.1:7505571",3,5,2
"KLHL36","s1645_S_GON_01_ASEReadCounter.table","NW_015090842.1:7526337",5,12,7
"KLHL36","s1645_S_GON_01_ASEReadCounter.table","NW_015090842.1:7537681",19,19,0
"USP10","s1645_S_GON_01_ASEReadCounter.table","NW_015090842.1:7572213",16,28,12
"USP10","s1645_S_GON_01_ASEReadCounter.table","NW_015090842.1:7572358",19,19,0
"CRISPLD2","s1645_S_GON_01_ASEReadCounter.table","NW_015090842.1:7619796",6,17,11
"CRISPLD2","s1645_S_GON_01_ASEReadCounter.table","NW_015090842.1:7630779",17,17,0
"CRISPLD2","s1645_S_GON_01_ASEReadCounter.table","NW_015090842.1:7633611",22,22,0
"CRISPLD2","s1645_S_GON_01_ASEReadCounter.table","NW_015090842.1:7633787",11,23,12
"CRISPLD2","s1645_S_GON_01_ASEReadCounter.table","NW_015090842.1:7634023",5,12,7
"CRISPLD2","s1645_S_GON_01_ASEReadCounter.table","NW_015090842.1:7634620",19,20,1
"CRISPLD2","s1645_S_GON_01_ASEReadCounter.table","NW_015090842.1:7636315",3,5,2
"LOC106888312","s1645_S_GON_01_ASEReadCounter.table","NW_015090842.1:7732198",11,11,0
"MTHFSD","s1645_S_GON_01_ASEReadCounter.table","NW_015090842.1:8152578",53,112,59
"DUSP15","s1645_S_GON_01_ASEReadCounter.table","NW_015090842.1:8422840",1,1,0
"EMC8","s1645_S_GON_01_ASEReadCounter.table","NW_015090842.1:8452385",22,47,25
"GINS2","s1645_S_GON_01_ASEReadCounter.table","NW_015090842.1:8467469",259,259,0
"GINS2","s1645_S_GON_01_ASEReadCounter.table","NW_015090842.1:8470290",215,509,294
"GINS2","s1645_S_GON_01_ASEReadCounter.table","NW_015090842.1:8470305",205,492,287
"GINS2","s1645_S_GON_01_ASEReadCounter.table","NW_015090842.1:8470376",239,557,318
"GINS2","s1645_S_GON_01_ASEReadCounter.table","NW_015090842.1:8471057",9,51,42
"GSE1","s1645_S_GON_01_ASEReadCounter.table","NW_015090842.1:8483570",3,3,0
"KIAA0513","s1645_S_GON_01_ASEReadCounter.table","NW_015090842.1:8674736",37,37,0
"KIAA0513","s1645_S_GON_01_ASEReadCounter.table","NW_015090842.1:8693655",8,8,0
"ZCCHC14","s1645_S_GON_01_ASEReadCounter.table","NW_015090842.1:8750189",141,141,0
"KLHDC4","s1645_S_GON_01_ASEReadCounter.table","NW_015090842.1:8891175",592,592,0
"KLHDC4","s1645_S_GON_01_ASEReadCounter.table","NW_015090842.1:8905251",74,152,78
"KLHDC4","s1645_S_GON_01_ASEReadCounter.table","NW_015090842.1:8919630",10,23,13
"SLC7A5","s1645_S_GON_01_ASEReadCounter.table","NW_015090842.1:8940382",64,64,0
"SLC7A5","s1645_S_GON_01_ASEReadCounter.table","NW_015090842.1:8941818",48,48,0
"SLC7A5","s1645_S_GON_01_ASEReadCounter.table","NW_015090842.1:8944655",31,31,0
"CA5A","s1645_S_GON_01_ASEReadCounter.table","NW_015090842.1:8989479",25,59,34
"CA5A","s1645_S_GON_01_ASEReadCounter.table","NW_015090842.1:8989562",22,66,44
"CA5A","s1645_S_GON_01_ASEReadCounter.table","NW_015090842.1:8989609",21,64,43
"CA5A","s1645_S_GON_01_ASEReadCounter.table","NW_015090842.1:8989693",30,104,74
"CA5A","s1645_S_GON_01_ASEReadCounter.table","NW_015090842.1:8989702",37,97,60
"CA5A","s1645_S_GON_01_ASEReadCounter.table","NW_015090842.1:8989746",39,91,52
"CA5A","s1645_S_GON_01_ASEReadCounter.table","NW_015090842.1:8989880",16,54,38
"CA5A","s1645_S_GON_01_ASEReadCounter.table","NW_015090842.1:8989885",16,57,41
"CA5A","s1645_S_GON_01_ASEReadCounter.table","NW_015090842.1:8989929",26,71,45
"CA5A","s1645_S_GON_01_ASEReadCounter.table","NW_015090842.1:8990002",18,47,29
"CA5A","s1645_S_GON_01_ASEReadCounter.table","NW_015090842.1:8990004",18,47,29
"CA5A","s1645_S_GON_01_ASEReadCounter.table","NW_015090842.1:8990005",17,46,29
"CA5A","s1645_S_GON_01_ASEReadCounter.table","NW_015090842.1:8990017",15,48,33
"CA5A","s1645_S_GON_01_ASEReadCounter.table","NW_015090842.1:8990043",14,43,29
"CA5A","s1645_S_GON_01_ASEReadCounter.table","NW_015090842.1:8990080",10,49,39
"CA5A","s1645_S_GON_01_ASEReadCounter.table","NW_015090842.1:8990084",10,49,39
"CA5A","s1645_S_GON_01_ASEReadCounter.table","NW_015090842.1:8990090",12,51,39
"CA5A","s1645_S_GON_01_ASEReadCounter.table","NW_015090842.1:8990095",11,48,37
"CA5A","s1645_S_GON_01_ASEReadCounter.table","NW_015090842.1:8990111",13,48,35
"CA5A","s1645_S_GON_01_ASEReadCounter.table","NW_015090842.1:8990112",13,47,34
"CA5A","s1645_S_GON_01_ASEReadCounter.table","NW_015090842.1:8990115",14,49,35
"CA5A","s1645_S_GON_01_ASEReadCounter.table","NW_015090842.1:8990166",12,35,23
"CA5A","s1645_S_GON_01_ASEReadCounter.table","NW_015090842.1:8990169",14,36,22
"CA5A","s1645_S_GON_01_ASEReadCounter.table","NW_015090842.1:8990222",11,27,16
"CA5A","s1645_S_GON_01_ASEReadCounter.table","NW_015090842.1:8990289",5,16,11
"CA5A","s1645_S_GON_01_ASEReadCounter.table","NW_015090842.1:8990314",12,21,9
"CA5A","s1645_S_GON_01_ASEReadCounter.table","NW_015090842.1:8990361",16,32,16
"CA5A","s1645_S_GON_01_ASEReadCounter.table","NW_015090842.1:8990368",16,35,19
"CA5A","s1645_S_GON_01_ASEReadCounter.table","NW_015090842.1:8990429",13,29,16
"CA5A","s1645_S_GON_01_ASEReadCounter.table","NW_015090842.1:8990466",8,19,11
"CA5A","s1645_S_GON_01_ASEReadCounter.table","NW_015090842.1:8990663",12,30,18
"CA5A","s1645_S_GON_01_ASEReadCounter.table","NW_015090842.1:8990797",13,22,9
"CA5A","s1645_S_GON_01_ASEReadCounter.table","NW_015090842.1:8990836",11,29,18
"CA5A","s1645_S_GON_01_ASEReadCounter.table","NW_015090842.1:8990842",11,29,18
"CA5A","s1645_S_GON_01_ASEReadCounter.table","NW_015090842.1:8990851",11,32,21
"CA5A","s1645_S_GON_01_ASEReadCounter.table","NW_015090842.1:8990918",8,32,24
"CA5A","s1645_S_GON_01_ASEReadCounter.table","NW_015090842.1:8990921",7,32,25
"CA5A","s1645_S_GON_01_ASEReadCounter.table","NW_015090842.1:8990942",6,26,20
"CA5A","s1645_S_GON_01_ASEReadCounter.table","NW_015090842.1:8991001",7,29,22
"CA5A","s1645_S_GON_01_ASEReadCounter.table","NW_015090842.1:8991038",9,28,19
"CA5A","s1645_S_GON_01_ASEReadCounter.table","NW_015090842.1:8991149",10,29,19
"CA5A","s1645_S_GON_01_ASEReadCounter.table","NW_015090842.1:8991176",10,29,19
"CA5A","s1645_S_GON_01_ASEReadCounter.table","NW_015090842.1:8991241",18,35,17
"CA5A","s1645_S_GON_01_ASEReadCounter.table","NW_015090842.1:8991262",18,31,13
"CA5A","s1645_S_GON_01_ASEReadCounter.table","NW_015090842.1:8991316",14,14,0
"CA5A","s1645_S_GON_01_ASEReadCounter.table","NW_015090842.1:8991319",13,13,0
"CA5A","s1645_S_GON_01_ASEReadCounter.table","NW_015090842.1:8991330",11,11,0
"CA5A","s1645_S_GON_01_ASEReadCounter.table","NW_015090842.1:8991334",9,10,1
"CA5A","s1645_S_GON_01_ASEReadCounter.table","NW_015090842.1:8991362",13,24,11
"CA5A","s1645_S_GON_01_ASEReadCounter.table","NW_015090842.1:8991368",11,24,13
"CA5A","s1645_S_GON_01_ASEReadCounter.table","NW_015090842.1:8991390",9,24,15
"CA5A","s1645_S_GON_01_ASEReadCounter.table","NW_015090842.1:8991395",8,23,15
"CA5A","s1645_S_GON_01_ASEReadCounter.table","NW_015090842.1:8991422",12,29,17
"CA5A","s1645_S_GON_01_ASEReadCounter.table","NW_015090842.1:8991467",9,26,17
"CA5A","s1645_S_GON_01_ASEReadCounter.table","NW_015090842.1:8991576",8,19,11
"CA5A","s1645_S_GON_01_ASEReadCounter.table","NW_015090842.1:8991587",11,24,13
"CA5A","s1645_S_GON_01_ASEReadCounter.table","NW_015090842.1:8991655",10,23,13
"CA5A","s1645_S_GON_01_ASEReadCounter.table","NW_015090842.1:8991717",12,26,14
"CA5A","s1645_S_GON_01_ASEReadCounter.table","NW_015090842.1:8991726",11,26,15
"CA5A","s1645_S_GON_01_ASEReadCounter.table","NW_015090842.1:8991799",8,18,10
"CA5A","s1645_S_GON_01_ASEReadCounter.table","NW_015090842.1:8991809",6,16,10
"CA5A","s1645_S_GON_01_ASEReadCounter.table","NW_015090842.1:8991848",3,11,8
"CA5A","s1645_S_GON_01_ASEReadCounter.table","NW_015090842.1:8991849",3,11,8
"CA5A","s1645_S_GON_01_ASEReadCounter.table","NW_015090842.1:8991927",4,17,13
"CA5A","s1645_S_GON_01_ASEReadCounter.table","NW_015090842.1:8991941",7,17,10
"CA5A","s1645_S_GON_01_ASEReadCounter.table","NW_015090842.1:8992121",3,12,9
"CA5A","s1645_S_GON_01_ASEReadCounter.table","NW_015090842.1:8992224",17,47,30
"CA5A","s1645_S_GON_01_ASEReadCounter.table","NW_015090842.1:9002570",16,56,40
"CA5A","s1645_S_GON_01_ASEReadCounter.table","NW_015090842.1:9002600",12,48,36
"CA5A","s1645_S_GON_01_ASEReadCounter.table","NW_015090842.1:9004312",14,50,36
"CA5A","s1645_S_GON_01_ASEReadCounter.table","NW_015090842.1:9004506",16,29,13
"CA5A","s1645_S_GON_01_ASEReadCounter.table","NW_015090842.1:9004523",23,41,18
"CA5A","s1645_S_GON_01_ASEReadCounter.table","NW_015090842.1:9004530",28,53,25
"CA5A","s1645_S_GON_01_ASEReadCounter.table","NW_015090842.1:9004556",38,69,31
"CA5A","s1645_S_GON_01_ASEReadCounter.table","NW_015090842.1:9004620",48,113,65
"CA5A","s1645_S_GON_01_ASEReadCounter.table","NW_015090842.1:9005116",54,164,110
"CA5A","s1645_S_GON_01_ASEReadCounter.table","NW_015090842.1:9005120",54,164,110
"CA5A","s1645_S_GON_01_ASEReadCounter.table","NW_015090842.1:9005140",50,172,122
"CA5A","s1645_S_GON_01_ASEReadCounter.table","NW_015090842.1:9005152",48,167,119
"CA5A","s1645_S_GON_01_ASEReadCounter.table","NW_015090842.1:9011011",1,1,0
"CA5A","s1645_S_GON_01_ASEReadCounter.table","NW_015090842.1:9011194",0,1,1
"BANP","s1645_S_GON_01_ASEReadCounter.table","NW_015090842.1:9033407",1,5,4
"BANP","s1645_S_GON_01_ASEReadCounter.table","NW_015090842.1:9033409",1,5,4
"BANP","s1645_S_GON_01_ASEReadCounter.table","NW_015090842.1:9033420",2,6,4
"BANP","s1645_S_GON_01_ASEReadCounter.table","NW_015090842.1:9055284",8,11,3
"CIDEC","s1645_S_GON_01_ASEReadCounter.table","NW_015090842.1:9481199",7,16,9
"ZC3H18","s1645_S_GON_01_ASEReadCounter.table","NW_015090842.1:9528933",46,98,52
"MVD","s1645_S_GON_01_ASEReadCounter.table","NW_015090842.1:9550690",51,51,0
"MVD","s1645_S_GON_01_ASEReadCounter.table","NW_015090842.1:9550691",52,52,0
"MVD","s1645_S_GON_01_ASEReadCounter.table","NW_015090842.1:9550699",59,60,1
"MVD","s1645_S_GON_01_ASEReadCounter.table","NW_015090842.1:9550701",60,60,0
"MVD","s1645_S_GON_01_ASEReadCounter.table","NW_015090842.1:9552202",83,84,1
"MVD","s1645_S_GON_01_ASEReadCounter.table","NW_015090842.1:9552223",67,67,0
"MVD","s1645_S_GON_01_ASEReadCounter.table","NW_015090842.1:9552533",54,54,0
"MVD","s1645_S_GON_01_ASEReadCounter.table","NW_015090842.1:9552644",18,37,19
"PIEZO1","s1645_S_GON_01_ASEReadCounter.table","NW_015090842.1:9577447",9,17,8
"PIEZO1","s1645_S_GON_01_ASEReadCounter.table","NW_015090842.1:9579101",8,12,4
"PIEZO1","s1645_S_GON_01_ASEReadCounter.table","NW_015090842.1:9582630",3,8,5
"PIEZO1","s1645_S_GON_01_ASEReadCounter.table","NW_015090842.1:9582976",5,9,4
"PIEZO1","s1645_S_GON_01_ASEReadCounter.table","NW_015090842.1:9583326",9,9,0
"CDT1","s1645_S_GON_01_ASEReadCounter.table","NW_015090842.1:9596711",15,24,9
"CDT1","s1645_S_GON_01_ASEReadCounter.table","NW_015090842.1:9597033",45,45,0
"CDT1","s1645_S_GON_01_ASEReadCounter.table","NW_015090842.1:9597756",29,46,17
"CDT1","s1645_S_GON_01_ASEReadCounter.table","NW_015090842.1:9598873",63,63,0
"PABPN1L","s1645_S_GON_01_ASEReadCounter.table","NW_015090842.1:9669510",4,10,6
"ACSF3","s1645_S_GON_01_ASEReadCounter.table","NW_015090842.1:9776737",19,34,15
"ACSF3","s1645_S_GON_01_ASEReadCounter.table","NW_015090842.1:9809639",25,25,0
"ACSF3","s1645_S_GON_01_ASEReadCounter.table","NW_015090842.1:9834743",14,29,15
"ACSF3","s1645_S_GON_01_ASEReadCounter.table","NW_015090842.1:9834762",33,33,0
"ACSF3","s1645_S_GON_01_ASEReadCounter.table","NW_015090842.1:9834852",19,36,17
"ACSF3","s1645_S_GON_01_ASEReadCounter.table","NW_015090842.1:9834861",18,34,16
"ACSF3","s1645_S_GON_01_ASEReadCounter.table","NW_015090842.1:9839359",19,31,12
"ACSF3","s1645_S_GON_01_ASEReadCounter.table","NW_015090842.1:9839378",21,34,13
"ACSF3","s1645_S_GON_01_ASEReadCounter.table","NW_015090842.1:9839455",20,36,16
"ACSF3","s1645_S_GON_01_ASEReadCounter.table","NW_015090842.1:9839457",20,34,14
"ACSF3","s1645_S_GON_01_ASEReadCounter.table","NW_015090842.1:9839489",22,34,12
"ACSF3","s1645_S_GON_01_ASEReadCounter.table","NW_015090842.1:9839500",16,26,10
"ACSF3","s1645_S_GON_01_ASEReadCounter.table","NW_015090842.1:9839501",16,26,10
"ACSF3","s1645_S_GON_01_ASEReadCounter.table","NW_015090842.1:9839504",18,28,10
"ACSF3","s1645_S_GON_01_ASEReadCounter.table","NW_015090842.1:9839512",15,24,9
"ACSF3","s1645_S_GON_01_ASEReadCounter.table","NW_015090842.1:9839527",14,23,9
"ACSF3","s1645_S_GON_01_ASEReadCounter.table","NW_015090842.1:9839533",11,19,8
"ACSF3","s1645_S_GON_01_ASEReadCounter.table","NW_015090842.1:9839535",11,19,8
"ACSF3","s1645_S_GON_01_ASEReadCounter.table","NW_015090842.1:9839545",4,11,7
"ACSF3","s1645_S_GON_01_ASEReadCounter.table","NW_015090842.1:9839550",2,9,7
"ACSF3","s1645_S_GON_01_ASEReadCounter.table","NW_015090842.1:9839551",2,9,7
"CDH15","s1645_S_GON_01_ASEReadCounter.table","NW_015090842.1:9847163",1,1,0
"CDH15","s1645_S_GON_01_ASEReadCounter.table","NW_015090842.1:9847174",1,1,0
"CDH15","s1645_S_GON_01_ASEReadCounter.table","NW_015090842.1:9849473",0,1,1
"CDH15","s1645_S_GON_01_ASEReadCounter.table","NW_015090842.1:9850141",1,1,0
"CDH15","s1645_S_GON_01_ASEReadCounter.table","NW_015090842.1:9850386",0,1,1
"CDH15","s1645_S_GON_01_ASEReadCounter.table","NW_015090842.1:9850609",1,1,0
"SLC22A31","s1645_S_GON_01_ASEReadCounter.table","NW_015090842.1:9850797",0,1,1
"SLC22A31","s1645_S_GON_01_ASEReadCounter.table","NW_015090842.1:9850818",0,1,1
"SLC22A31","s1645_S_GON_01_ASEReadCounter.table","NW_015090842.1:9850929",0,2,2
"SLC22A31","s1645_S_GON_01_ASEReadCounter.table","NW_015090842.1:9850936",0,2,2
"SLC22A31","s1645_S_GON_01_ASEReadCounter.table","NW_015090842.1:9850940",0,2,2
"SLC22A31","s1645_S_GON_01_ASEReadCounter.table","NW_015090842.1:9850948",0,2,2
"SLC22A31","s1645_S_GON_01_ASEReadCounter.table","NW_015090842.1:9850961",0,1,1
"SLC22A31","s1645_S_GON_01_ASEReadCounter.table","NW_015090842.1:9850970",0,1,1
"SLC22A31","s1645_S_GON_01_ASEReadCounter.table","NW_015090842.1:9850978",0,2,2
"SLC22A31","s1645_S_GON_01_ASEReadCounter.table","NW_015090842.1:9850981",0,1,1
"SLC22A31","s1645_S_GON_01_ASEReadCounter.table","NW_015090842.1:9851032",0,1,1
"SLC22A31","s1645_S_GON_01_ASEReadCounter.table","NW_015090842.1:9851053",0,1,1
"SLC22A31","s1645_S_GON_01_ASEReadCounter.table","NW_015090842.1:9851130",47,62,15
"SLC22A31","s1645_S_GON_01_ASEReadCounter.table","NW_015090842.1:9851139",49,62,13
"SLC22A31","s1645_S_GON_01_ASEReadCounter.table","NW_015090842.1:9851265",64,88,24
"SLC22A31","s1645_S_GON_01_ASEReadCounter.table","NW_015090842.1:9851302",56,85,29
"SLC22A31","s1645_S_GON_01_ASEReadCounter.table","NW_015090842.1:9851303",58,85,27
"SLC22A31","s1645_S_GON_01_ASEReadCounter.table","NW_015090842.1:9851305",56,84,28
"SLC22A31","s1645_S_GON_01_ASEReadCounter.table","NW_015090842.1:9851343",65,86,21
"SLC22A31","s1645_S_GON_01_ASEReadCounter.table","NW_015090842.1:9851344",75,96,21
"SLC22A31","s1645_S_GON_01_ASEReadCounter.table","NW_015090842.1:9851381",91,116,25
"SLC22A31","s1645_S_GON_01_ASEReadCounter.table","NW_015090842.1:9851421",95,113,18
"SLC22A31","s1645_S_GON_01_ASEReadCounter.table","NW_015090842.1:9851526",112,146,34
"SLC22A31","s1645_S_GON_01_ASEReadCounter.table","NW_015090842.1:9851589",117,156,39
"SLC22A31","s1645_S_GON_01_ASEReadCounter.table","NW_015090842.1:9851712",122,158,36
"SLC22A31","s1645_S_GON_01_ASEReadCounter.table","NW_015090842.1:9851899",105,131,26
"SLC22A31","s1645_S_GON_01_ASEReadCounter.table","NW_015090842.1:9852139",146,179,33
"SLC22A31","s1645_S_GON_01_ASEReadCounter.table","NW_015090842.1:9852380",115,148,33
"SLC22A31","s1645_S_GON_01_ASEReadCounter.table","NW_015090842.1:9852431",87,111,24
"SLC22A31","s1645_S_GON_01_ASEReadCounter.table","NW_015090842.1:9852630",77,105,28
"SLC22A31","s1645_S_GON_01_ASEReadCounter.table","NW_015090842.1:9852711",70,93,23
"SLC22A31","s1645_S_GON_01_ASEReadCounter.table","NW_015090842.1:9852742",66,85,19
"SLC22A31","s1645_S_GON_01_ASEReadCounter.table","NW_015090842.1:9853099",64,75,11
"SLC22A31","s1645_S_GON_01_ASEReadCounter.table","NW_015090842.1:9853102",66,78,12
"SLC22A31","s1645_S_GON_01_ASEReadCounter.table","NW_015090842.1:9853421",48,49,1
"SLC22A31","s1645_S_GON_01_ASEReadCounter.table","NW_015090842.1:9853457",57,59,2
"SLC22A31","s1645_S_GON_01_ASEReadCounter.table","NW_015090842.1:9853502",35,37,2
"ANKRD11","s1645_S_GON_01_ASEReadCounter.table","NW_015090842.1:9858863",3,5,2
"ANKRD11","s1645_S_GON_01_ASEReadCounter.table","NW_015090842.1:9859101",49,88,39
"ANKRD11","s1645_S_GON_01_ASEReadCounter.table","NW_015090842.1:9859352",56,121,65
"ANKRD11","s1645_S_GON_01_ASEReadCounter.table","NW_015090842.1:9859381",27,92,65
"ANKRD11","s1645_S_GON_01_ASEReadCounter.table","NW_015090842.1:9859527",24,51,27
"ANKRD11","s1645_S_GON_01_ASEReadCounter.table","NW_015090842.1:9859529",25,53,28
"ANKRD11","s1645_S_GON_01_ASEReadCounter.table","NW_015090842.1:9859679",50,104,54
"ANKRD11","s1645_S_GON_01_ASEReadCounter.table","NW_015090842.1:9861097",33,70,37
"ANKRD11","s1645_S_GON_01_ASEReadCounter.table","NW_015090842.1:9862571",21,45,24
"ANKRD11","s1645_S_GON_01_ASEReadCounter.table","NW_015090842.1:9866071",0,16,16
"ANKRD11","s1645_S_GON_01_ASEReadCounter.table","NW_015090842.1:9866200",0,14,14
"ANKRD11","s1645_S_GON_01_ASEReadCounter.table","NW_015090842.1:9867391",7,13,6
"ANKRD11","s1645_S_GON_01_ASEReadCounter.table","NW_015090842.1:9867472",10,17,7
"ANKRD11","s1645_S_GON_01_ASEReadCounter.table","NW_015090842.1:9867559",15,23,8
"ANKRD11","s1645_S_GON_01_ASEReadCounter.table","NW_015090842.1:9867934",15,26,11
"ANKRD11","s1645_S_GON_01_ASEReadCounter.table","NW_015090842.1:9868093",5,11,6
"ANKRD11","s1645_S_GON_01_ASEReadCounter.table","NW_015090842.1:9868222",8,15,7
"ANKRD11","s1645_S_GON_01_ASEReadCounter.table","NW_015090842.1:9868327",9,17,8
"ANKRD11","s1645_S_GON_01_ASEReadCounter.table","NW_015090842.1:9868414",12,23,11
"ANKRD11","s1645_S_GON_01_ASEReadCounter.table","NW_015090842.1:9868441",11,23,12
"ANKRD11","s1645_S_GON_01_ASEReadCounter.table","NW_015090842.1:9868444",12,27,15
"ANKRD11","s1645_S_GON_01_ASEReadCounter.table","NW_015090842.1:9868519",16,30,14
"ANKRD11","s1645_S_GON_01_ASEReadCounter.table","NW_015090842.1:9868609",15,30,15
"ANKRD11","s1645_S_GON_01_ASEReadCounter.table","NW_015090842.1:9868666",15,28,13
"ANKRD11","s1645_S_GON_01_ASEReadCounter.table","NW_015090842.1:9869431",21,31,10
"ANKRD11","s1645_S_GON_01_ASEReadCounter.table","NW_015090842.1:9869578",28,51,23
"ANKRD11","s1645_S_GON_01_ASEReadCounter.table","NW_015090842.1:9869734",23,41,18
"ANKRD11","s1645_S_GON_01_ASEReadCounter.table","NW_015090842.1:9870070",27,56,29
"ANKRD11","s1645_S_GON_01_ASEReadCounter.table","NW_015090842.1:9870349",27,51,24
"ANKRD11","s1645_S_GON_01_ASEReadCounter.table","NW_015090842.1:9870604",36,73,37
"ANKRD11","s1645_S_GON_01_ASEReadCounter.table","NW_015090842.1:9870613",41,77,36
"ANKRD11","s1645_S_GON_01_ASEReadCounter.table","NW_015090842.1:9870685",51,103,52
"ANKRD11","s1645_S_GON_01_ASEReadCounter.table","NW_015090842.1:9870847",49,77,28
"ANKRD11","s1645_S_GON_01_ASEReadCounter.table","NW_015090842.1:9871103",21,50,29
"ANKRD11","s1645_S_GON_01_ASEReadCounter.table","NW_015090842.1:9871165",18,51,33
"ANKRD11","s1645_S_GON_01_ASEReadCounter.table","NW_015090842.1:9871820",10,25,15
"ANKRD11","s1645_S_GON_01_ASEReadCounter.table","NW_015090842.1:9871994",24,24,0
"ANKRD11","s1645_S_GON_01_ASEReadCounter.table","NW_015090842.1:9872118",11,20,9
"SPG7","s1645_S_GON_01_ASEReadCounter.table","NW_015090842.1:10051190",92,245,153
"SPG7","s1645_S_GON_01_ASEReadCounter.table","NW_015090842.1:10051218",112,298,186
"SPG7","s1645_S_GON_01_ASEReadCounter.table","NW_015090842.1:10052348",140,337,197
"SPG7","s1645_S_GON_01_ASEReadCounter.table","NW_015090842.1:10052366",137,330,193
"SPG7","s1645_S_GON_01_ASEReadCounter.table","NW_015090842.1:10065173",195,490,295
"SPG7","s1645_S_GON_01_ASEReadCounter.table","NW_015090842.1:10065215",175,434,259
"SPG7","s1645_S_GON_01_ASEReadCounter.table","NW_015090842.1:10066301",127,351,224
"SPG7","s1645_S_GON_01_ASEReadCounter.table","NW_015090842.1:10066365",161,390,229
"SPG7","s1645_S_GON_01_ASEReadCounter.table","NW_015090842.1:10069752",196,471,275
"SPG7","s1645_S_GON_01_ASEReadCounter.table","NW_015090842.1:10069800",206,532,326
"SPG7","s1645_S_GON_01_ASEReadCounter.table","NW_015090842.1:10071192",248,597,349
"SPG7","s1645_S_GON_01_ASEReadCounter.table","NW_015090842.1:10071204",229,544,315
"SPG7","s1645_S_GON_01_ASEReadCounter.table","NW_015090842.1:10071219",205,511,306
"SPG7","s1645_S_GON_01_ASEReadCounter.table","NW_015090842.1:10071967",182,509,327
"SPG7","s1645_S_GON_01_ASEReadCounter.table","NW_015090842.1:10075109",351,754,403
"SPG7","s1645_S_GON_01_ASEReadCounter.table","NW_015090842.1:10075114",361,751,390
"SPG7","s1645_S_GON_01_ASEReadCounter.table","NW_015090842.1:10075198",275,631,356
"SPG7","s1645_S_GON_01_ASEReadCounter.table","NW_015090842.1:10075487",255,645,390
"SPG7","s1645_S_GON_01_ASEReadCounter.table","NW_015090842.1:10075488",255,647,392
"SPG7","s1645_S_GON_01_ASEReadCounter.table","NW_015090842.1:10075548",177,468,291
"RPL13","s1645_S_GON_01_ASEReadCounter.table","NW_015090842.1:10076979",9,16,7
"RPL13","s1645_S_GON_01_ASEReadCounter.table","NW_015090842.1:10077387",663,1462,799
"RPL13","s1645_S_GON_01_ASEReadCounter.table","NW_015090842.1:10077978",1006,2178,1172
"RPL13","s1645_S_GON_01_ASEReadCounter.table","NW_015090842.1:10077992",981,2084,1103
"CPNE7","s1645_S_GON_01_ASEReadCounter.table","NW_015090842.1:10084001",1,1,0
"CPNE7","s1645_S_GON_01_ASEReadCounter.table","NW_015090842.1:10084856",1,2,1
"CPNE7","s1645_S_GON_01_ASEReadCounter.table","NW_015090842.1:10084872",1,2,1
"CPNE7","s1645_S_GON_01_ASEReadCounter.table","NW_015090842.1:10084892",0,1,1
"CPNE7","s1645_S_GON_01_ASEReadCounter.table","NW_015090842.1:10084921",1,2,1
"CPNE7","s1645_S_GON_01_ASEReadCounter.table","NW_015090842.1:10084935",1,2,1
"CPNE7","s1645_S_GON_01_ASEReadCounter.table","NW_015090842.1:10085000",3,3,0
"CPNE7","s1645_S_GON_01_ASEReadCounter.table","NW_015090842.1:10085089",2,2,0
"CPNE7","s1645_S_GON_01_ASEReadCounter.table","NW_015090842.1:10085096",2,2,0
"CPNE7","s1645_S_GON_01_ASEReadCounter.table","NW_015090842.1:10085126",3,3,0
"CPNE7","s1645_S_GON_01_ASEReadCounter.table","NW_015090842.1:10085180",3,3,0
"CPNE7","s1645_S_GON_01_ASEReadCounter.table","NW_015090842.1:10085201",2,2,0
"CPNE7","s1645_S_GON_01_ASEReadCounter.table","NW_015090842.1:10088134",2,4,2
"CPNE7","s1645_S_GON_01_ASEReadCounter.table","NW_015090842.1:10088146",1,3,2
"CPNE7","s1645_S_GON_01_ASEReadCounter.table","NW_015090842.1:10088940",3,4,1
"CPNE7","s1645_S_GON_01_ASEReadCounter.table","NW_015090842.1:10088965",2,3,1
"CPNE7","s1645_S_GON_01_ASEReadCounter.table","NW_015090842.1:10088967",2,3,1
"CPNE7","s1645_S_GON_01_ASEReadCounter.table","NW_015090842.1:10088973",2,3,1
"CPNE7","s1645_S_GON_01_ASEReadCounter.table","NW_015090842.1:10090924",2,3,1
"CPNE7","s1645_S_GON_01_ASEReadCounter.table","NW_015090842.1:10090930",2,3,1
"CPNE7","s1645_S_GON_01_ASEReadCounter.table","NW_015090842.1:10091075",4,6,2
"CPNE7","s1645_S_GON_01_ASEReadCounter.table","NW_015090842.1:10091389",3,6,3
"CPNE7","s1645_S_GON_01_ASEReadCounter.table","NW_015090842.1:10091407",4,6,2
"CPNE7","s1645_S_GON_01_ASEReadCounter.table","NW_015090842.1:10091530",10,13,3
"CPNE7","s1645_S_GON_01_ASEReadCounter.table","NW_015090842.1:10091875",10,13,3
"CPNE7","s1645_S_GON_01_ASEReadCounter.table","NW_015090842.1:10091983",4,6,2
"CPNE7","s1645_S_GON_01_ASEReadCounter.table","NW_015090842.1:10091997",7,10,3
"CPNE7","s1645_S_GON_01_ASEReadCounter.table","NW_015090842.1:10092038",4,6,2
"CPNE7","s1645_S_GON_01_ASEReadCounter.table","NW_015090842.1:10092140",7,11,4
"CPNE7","s1645_S_GON_01_ASEReadCounter.table","NW_015090842.1:10092183",5,6,1
"CPNE7","s1645_S_GON_01_ASEReadCounter.table","NW_015090842.1:10092201",5,6,1
"CPNE7","s1645_S_GON_01_ASEReadCounter.table","NW_015090842.1:10092230",3,4,1
"CPNE7","s1645_S_GON_01_ASEReadCounter.table","NW_015090842.1:10092246",3,4,1
"LOC106888185","s1645_S_GON_01_ASEReadCounter.table","NW_015090842.1:10094965",2,10,8
"LOC106888185","s1645_S_GON_01_ASEReadCounter.table","NW_015090842.1:10094966",2,9,7
"LOC106888185","s1645_S_GON_01_ASEReadCounter.table","NW_015090842.1:10094985",2,10,8
"LOC106888185","s1645_S_GON_01_ASEReadCounter.table","NW_015090842.1:10095055",0,8,8
"LOC106888185","s1645_S_GON_01_ASEReadCounter.table","NW_015090842.1:10095062",0,7,7
"LOC106888185","s1645_S_GON_01_ASEReadCounter.table","NW_015090842.1:10095130",0,7,7
"LOC106888185","s1645_S_GON_01_ASEReadCounter.table","NW_015090842.1:10095265",25,49,24
"LOC106888185","s1645_S_GON_01_ASEReadCounter.table","NW_015090842.1:10095586",11,42,31
"LOC106888185","s1645_S_GON_01_ASEReadCounter.table","NW_015090842.1:10095593",13,45,32
"LOC106888185","s1645_S_GON_01_ASEReadCounter.table","NW_015090842.1:10095616",16,45,29
"LOC106888185","s1645_S_GON_01_ASEReadCounter.table","NW_015090842.1:10095662",13,29,16
"LOC106888185","s1645_S_GON_01_ASEReadCounter.table","NW_015090842.1:10095674",12,26,14
"LOC106888185","s1645_S_GON_01_ASEReadCounter.table","NW_015090842.1:10095786",10,35,25
"LOC106888185","s1645_S_GON_01_ASEReadCounter.table","NW_015090842.1:10095831",13,33,20
"LOC106888185","s1645_S_GON_01_ASEReadCounter.table","NW_015090842.1:10096230",15,36,21
"LOC106888185","s1645_S_GON_01_ASEReadCounter.table","NW_015090842.1:10096249",18,45,27
"LOC106888185","s1645_S_GON_01_ASEReadCounter.table","NW_015090842.1:10096272",19,43,24
"LOC106888185","s1645_S_GON_01_ASEReadCounter.table","NW_015090842.1:10096288",17,40,23
"LOC106888185","s1645_S_GON_01_ASEReadCounter.table","NW_015090842.1:10097248",15,45,30
"LOC106888185","s1645_S_GON_01_ASEReadCounter.table","NW_015090842.1:10097265",18,46,28
"LOC106888185","s1645_S_GON_01_ASEReadCounter.table","NW_015090842.1:10097446",2,9,7
"DPEP1","s1645_S_GON_01_ASEReadCounter.table","NW_015090842.1:10098017",1,5,4
"DPEP1","s1645_S_GON_01_ASEReadCounter.table","NW_015090842.1:10098518",0,11,11
"DPEP1","s1645_S_GON_01_ASEReadCounter.table","NW_015090842.1:10098595",1,16,15
"DPEP1","s1645_S_GON_01_ASEReadCounter.table","NW_015090842.1:10098597",1,16,15
"DPEP1","s1645_S_GON_01_ASEReadCounter.table","NW_015090842.1:10098601",3,18,15
"DPEP1","s1645_S_GON_01_ASEReadCounter.table","NW_015090842.1:10098608",3,18,15
"DPEP1","s1645_S_GON_01_ASEReadCounter.table","NW_015090842.1:10098630",3,16,13
"DPEP1","s1645_S_GON_01_ASEReadCounter.table","NW_015090842.1:10098659",3,15,12
"DPEP1","s1645_S_GON_01_ASEReadCounter.table","NW_015090842.1:10099765",2,15,13
"DPEP1","s1645_S_GON_01_ASEReadCounter.table","NW_015090842.1:10099985",4,16,12
"DPEP1","s1645_S_GON_01_ASEReadCounter.table","NW_015090842.1:10099986",4,16,12
"DPEP1","s1645_S_GON_01_ASEReadCounter.table","NW_015090842.1:10099991",5,18,13
"DPEP1","s1645_S_GON_01_ASEReadCounter.table","NW_015090842.1:10100044",4,19,15
"DPEP1","s1645_S_GON_01_ASEReadCounter.table","NW_015090842.1:10100045",4,20,16
"DPEP1","s1645_S_GON_01_ASEReadCounter.table","NW_015090842.1:10100084",4,16,12
"DPEP1","s1645_S_GON_01_ASEReadCounter.table","NW_015090842.1:10100295",6,22,16
"DPEP1","s1645_S_GON_01_ASEReadCounter.table","NW_015090842.1:10100529",5,14,9
"DPEP1","s1645_S_GON_01_ASEReadCounter.table","NW_015090842.1:10100893",6,31,25
"DPEP1","s1645_S_GON_01_ASEReadCounter.table","NW_015090842.1:10100902",6,26,20
"DPEP1","s1645_S_GON_01_ASEReadCounter.table","NW_015090842.1:10101072",2,25,23
"DPEP1","s1645_S_GON_01_ASEReadCounter.table","NW_015090842.1:10101199",3,24,21
"DPEP1","s1645_S_GON_01_ASEReadCounter.table","NW_015090842.1:10101483",6,40,34
"DPEP1","s1645_S_GON_01_ASEReadCounter.table","NW_015090842.1:10101497",7,43,36
"DPEP1","s1645_S_GON_01_ASEReadCounter.table","NW_015090842.1:10101525",4,39,35
"DPEP1","s1645_S_GON_01_ASEReadCounter.table","NW_015090842.1:10101875",3,28,25
"DPEP1","s1645_S_GON_01_ASEReadCounter.table","NW_015090842.1:10101913",3,18,15
"DPEP1","s1645_S_GON_01_ASEReadCounter.table","NW_015090842.1:10101996",1,12,11
"DPEP1","s1645_S_GON_01_ASEReadCounter.table","NW_015090842.1:10102014",1,12,11
"DPEP1","s1645_S_GON_01_ASEReadCounter.table","NW_015090842.1:10102035",0,9,9
"DPEP1","s1645_S_GON_01_ASEReadCounter.table","NW_015090842.1:10102076",0,2,2
"DPEP1","s1645_S_GON_01_ASEReadCounter.table","NW_015090842.1:10102077",0,2,2
"CHMP1A","s1645_S_GON_01_ASEReadCounter.table","NW_015090842.1:10102901",90,256,166
"CHMP1A","s1645_S_GON_01_ASEReadCounter.table","NW_015090842.1:10102961",83,306,223
"CHMP1A","s1645_S_GON_01_ASEReadCounter.table","NW_015090842.1:10102996",80,289,209
"CHMP1A","s1645_S_GON_01_ASEReadCounter.table","NW_015090842.1:10103004",88,300,212
"CHMP1A","s1645_S_GON_01_ASEReadCounter.table","NW_015090842.1:10103006",87,304,217
"CHMP1A","s1645_S_GON_01_ASEReadCounter.table","NW_015090842.1:10103052",129,349,220
"CHMP1A","s1645_S_GON_01_ASEReadCounter.table","NW_015090842.1:10103095",126,341,215
"CHMP1A","s1645_S_GON_01_ASEReadCounter.table","NW_015090842.1:10103096",130,345,215
"CHMP1A","s1645_S_GON_01_ASEReadCounter.table","NW_015090842.1:10103152",113,254,141
"CHMP1A","s1645_S_GON_01_ASEReadCounter.table","NW_015090842.1:10103334",74,178,104
"CHMP1A","s1645_S_GON_01_ASEReadCounter.table","NW_015090842.1:10103373",43,160,117
"CHMP1A","s1645_S_GON_01_ASEReadCounter.table","NW_015090842.1:10103408",74,212,138
"CHMP1A","s1645_S_GON_01_ASEReadCounter.table","NW_015090842.1:10103412",78,213,135
"CHMP1A","s1645_S_GON_01_ASEReadCounter.table","NW_015090842.1:10103512",113,286,173
"CHMP1A","s1645_S_GON_01_ASEReadCounter.table","NW_015090842.1:10103513",113,285,172
"CHMP1A","s1645_S_GON_01_ASEReadCounter.table","NW_015090842.1:10103583",72,168,96
"CHMP1A","s1645_S_GON_01_ASEReadCounter.table","NW_015090842.1:10103614",55,145,90
"CHMP1A","s1645_S_GON_01_ASEReadCounter.table","NW_015090842.1:10103657",56,136,80
"CHMP1A","s1645_S_GON_01_ASEReadCounter.table","NW_015090842.1:10103669",50,127,77
"CHMP1A","s1645_S_GON_01_ASEReadCounter.table","NW_015090842.1:10103674",48,121,73
"CHMP1A","s1645_S_GON_01_ASEReadCounter.table","NW_015090842.1:10103677",46,116,70
"CHMP1A","s1645_S_GON_01_ASEReadCounter.table","NW_015090842.1:10103729",67,141,74
"CHMP1A","s1645_S_GON_01_ASEReadCounter.table","NW_015090842.1:10103758",65,142,77
"CHMP1A","s1645_S_GON_01_ASEReadCounter.table","NW_015090842.1:10103761",61,136,75
"CHMP1A","s1645_S_GON_01_ASEReadCounter.table","NW_015090842.1:10103788",68,163,95
"CHMP1A","s1645_S_GON_01_ASEReadCounter.table","NW_015090842.1:10103789",69,161,92
"CHMP1A","s1645_S_GON_01_ASEReadCounter.table","NW_015090842.1:10103790",68,160,92
"CHMP1A","s1645_S_GON_01_ASEReadCounter.table","NW_015090842.1:10103950",70,170,100
"CHMP1A","s1645_S_GON_01_ASEReadCounter.table","NW_015090842.1:10104335",47,118,71
"CHMP1A","s1645_S_GON_01_ASEReadCounter.table","NW_015090842.1:10104429",68,150,82
"CHMP1A","s1645_S_GON_01_ASEReadCounter.table","NW_015090842.1:10104532",85,165,80
"CHMP1A","s1645_S_GON_01_ASEReadCounter.table","NW_015090842.1:10104633",57,131,74
"CHMP1A","s1645_S_GON_01_ASEReadCounter.table","NW_015090842.1:10104759",63,131,68
"CHMP1A","s1645_S_GON_01_ASEReadCounter.table","NW_015090842.1:10104794",72,148,76
"CHMP1A","s1645_S_GON_01_ASEReadCounter.table","NW_015090842.1:10104844",39,114,75
"CHMP1A","s1645_S_GON_01_ASEReadCounter.table","NW_015090842.1:10106290",56,132,76
"CHMP1A","s1645_S_GON_01_ASEReadCounter.table","NW_015090842.1:10106335",81,154,73
"CHMP1A","s1645_S_GON_01_ASEReadCounter.table","NW_015090842.1:10106383",88,180,92
"CHMP1A","s1645_S_GON_01_ASEReadCounter.table","NW_015090842.1:10106747",75,186,111
"CHMP1A","s1645_S_GON_01_ASEReadCounter.table","NW_015090842.1:10107404",69,179,110
"CHMP1A","s1645_S_GON_01_ASEReadCounter.table","NW_015090842.1:10107410",69,177,108
"CHMP1A","s1645_S_GON_01_ASEReadCounter.table","NW_015090842.1:10107876",73,157,84
"CDK10","s1645_S_GON_01_ASEReadCounter.table","NW_015090842.1:10109030",15,15,0
"CDK10","s1645_S_GON_01_ASEReadCounter.table","NW_015090842.1:10109963",54,127,73
"CDK10","s1645_S_GON_01_ASEReadCounter.table","NW_015090842.1:10110887",53,130,77
"CDK10","s1645_S_GON_01_ASEReadCounter.table","NW_015090842.1:10111254",55,129,74
"CDK10","s1645_S_GON_01_ASEReadCounter.table","NW_015090842.1:10111380",62,152,90
"CDK10","s1645_S_GON_01_ASEReadCounter.table","NW_015090842.1:10111395",66,148,82
"CDK10","s1645_S_GON_01_ASEReadCounter.table","NW_015090842.1:10111437",41,136,95
"CDK10","s1645_S_GON_01_ASEReadCounter.table","NW_015090842.1:10111798",74,165,91
"CDK10","s1645_S_GON_01_ASEReadCounter.table","NW_015090842.1:10111840",65,147,82
"CDK10","s1645_S_GON_01_ASEReadCounter.table","NW_015090842.1:10112031",75,168,93
"CDK10","s1645_S_GON_01_ASEReadCounter.table","NW_015090842.1:10112285",59,161,102
"CDK10","s1645_S_GON_01_ASEReadCounter.table","NW_015090842.1:10112398",61,186,125
"CDK10","s1645_S_GON_01_ASEReadCounter.table","NW_015090842.1:10112455",80,199,119
"CDK10","s1645_S_GON_01_ASEReadCounter.table","NW_015090842.1:10112461",82,188,106
"CDK10","s1645_S_GON_01_ASEReadCounter.table","NW_015090842.1:10112497",70,157,87
"CDK10","s1645_S_GON_01_ASEReadCounter.table","NW_015090842.1:10112508",62,154,92
"CDK10","s1645_S_GON_01_ASEReadCounter.table","NW_015090842.1:10112518",51,138,87
"CDK10","s1645_S_GON_01_ASEReadCounter.table","NW_015090842.1:10112540",21,107,86
"CDK10","s1645_S_GON_01_ASEReadCounter.table","NW_015090842.1:10112556",47,129,82
"CDK10","s1645_S_GON_01_ASEReadCounter.table","NW_015090842.1:10112561",53,163,110
"CDK10","s1645_S_GON_01_ASEReadCounter.table","NW_015090842.1:10112596",61,168,107
"CDK10","s1645_S_GON_01_ASEReadCounter.table","NW_015090842.1:10112630",50,151,101
"CDK10","s1645_S_GON_01_ASEReadCounter.table","NW_015090842.1:10112656",44,138,94
"CDK10","s1645_S_GON_01_ASEReadCounter.table","NW_015090842.1:10112665",34,94,60
"CDK10","s1645_S_GON_01_ASEReadCounter.table","NW_015090842.1:10112668",34,94,60
"CDK10","s1645_S_GON_01_ASEReadCounter.table","NW_015090842.1:10112781",30,55,25
"CDK10","s1645_S_GON_01_ASEReadCounter.table","NW_015090842.1:10112782",30,55,25
"CDK10","s1645_S_GON_01_ASEReadCounter.table","NW_015090842.1:10112795",25,47,22
"CDK10","s1645_S_GON_01_ASEReadCounter.table","NW_015090842.1:10112841",7,19,12
"CDK10","s1645_S_GON_01_ASEReadCounter.table","NW_015090842.1:10112861",4,14,10
"SPATA2L","s1645_S_GON_01_ASEReadCounter.table","NW_015090842.1:10113212",9,22,13
"SPATA2L","s1645_S_GON_01_ASEReadCounter.table","NW_015090842.1:10113280",10,33,23
"SPATA2L","s1645_S_GON_01_ASEReadCounter.table","NW_015090842.1:10113296",13,38,25
"SPATA2L","s1645_S_GON_01_ASEReadCounter.table","NW_015090842.1:10113321",17,42,25
"SPATA2L","s1645_S_GON_01_ASEReadCounter.table","NW_015090842.1:10113332",19,44,25
"SPATA2L","s1645_S_GON_01_ASEReadCounter.table","NW_015090842.1:10113380",20,44,24
"SPATA2L","s1645_S_GON_01_ASEReadCounter.table","NW_015090842.1:10113381",20,45,25
"SPATA2L","s1645_S_GON_01_ASEReadCounter.table","NW_015090842.1:10113412",21,47,26
"SPATA2L","s1645_S_GON_01_ASEReadCounter.table","NW_015090842.1:10113421",21,47,26
"SPATA2L","s1645_S_GON_01_ASEReadCounter.table","NW_015090842.1:10113465",16,43,27
"SPATA2L","s1645_S_GON_01_ASEReadCounter.table","NW_015090842.1:10113535",13,30,17
"SPATA2L","s1645_S_GON_01_ASEReadCounter.table","NW_015090842.1:10113645",16,37,21
"SPATA2L","s1645_S_GON_01_ASEReadCounter.table","NW_015090842.1:10113682",20,41,21
"SPATA2L","s1645_S_GON_01_ASEReadCounter.table","NW_015090842.1:10113696",16,31,15
"SPATA2L","s1645_S_GON_01_ASEReadCounter.table","NW_015090842.1:10113727",20,45,25
"SPATA2L","s1645_S_GON_01_ASEReadCounter.table","NW_015090842.1:10113729",45,45,0
"SPATA2L","s1645_S_GON_01_ASEReadCounter.table","NW_015090842.1:10113799",23,50,27
"SPATA2L","s1645_S_GON_01_ASEReadCounter.table","NW_015090842.1:10113809",26,59,33
"SPATA2L","s1645_S_GON_01_ASEReadCounter.table","NW_015090842.1:10113827",26,58,32
"SPATA2L","s1645_S_GON_01_ASEReadCounter.table","NW_015090842.1:10113831",28,62,34
"SPATA2L","s1645_S_GON_01_ASEReadCounter.table","NW_015090842.1:10113894",25,61,36
"SPATA2L","s1645_S_GON_01_ASEReadCounter.table","NW_015090842.1:10113905",18,53,35
"SPATA2L","s1645_S_GON_01_ASEReadCounter.table","NW_015090842.1:10113914",17,42,25
"SPATA2L","s1645_S_GON_01_ASEReadCounter.table","NW_015090842.1:10113920",18,44,26
"SPATA2L","s1645_S_GON_01_ASEReadCounter.table","NW_015090842.1:10113937",24,50,26
"SPATA2L","s1645_S_GON_01_ASEReadCounter.table","NW_015090842.1:10113971",21,44,23
"SPATA2L","s1645_S_GON_01_ASEReadCounter.table","NW_015090842.1:10113976",17,43,26
"SPATA2L","s1645_S_GON_01_ASEReadCounter.table","NW_015090842.1:10113985",18,37,19
"SPATA2L","s1645_S_GON_01_ASEReadCounter.table","NW_015090842.1:10113994",20,39,19
"SPATA2L","s1645_S_GON_01_ASEReadCounter.table","NW_015090842.1:10114063",14,27,13
"SPATA2L","s1645_S_GON_01_ASEReadCounter.table","NW_015090842.1:10114066",15,28,13
"SPATA2L","s1645_S_GON_01_ASEReadCounter.table","NW_015090842.1:10114069",16,30,14
"SPATA2L","s1645_S_GON_01_ASEReadCounter.table","NW_015090842.1:10114159",15,35,20
"SPATA2L","s1645_S_GON_01_ASEReadCounter.table","NW_015090842.1:10114262",42,42,0
"SPATA2L","s1645_S_GON_01_ASEReadCounter.table","NW_015090842.1:10114470",11,26,15
"SPATA2L","s1645_S_GON_01_ASEReadCounter.table","NW_015090842.1:10114524",11,25,14
"VPS9D1","s1645_S_GON_01_ASEReadCounter.table","NW_015090842.1:10116377",8,17,9
"VPS9D1","s1645_S_GON_01_ASEReadCounter.table","NW_015090842.1:10116415",10,19,9
"VPS9D1","s1645_S_GON_01_ASEReadCounter.table","NW_015090842.1:10116607",8,14,6
"VPS9D1","s1645_S_GON_01_ASEReadCounter.table","NW_015090842.1:10116821",9,13,4
"VPS9D1","s1645_S_GON_01_ASEReadCounter.table","NW_015090842.1:10116825",8,11,3
"VPS9D1","s1645_S_GON_01_ASEReadCounter.table","NW_015090842.1:10116882",10,15,5
"VPS9D1","s1645_S_GON_01_ASEReadCounter.table","NW_015090842.1:10116933",12,14,2
"VPS9D1","s1645_S_GON_01_ASEReadCounter.table","NW_015090842.1:10116942",10,12,2
"VPS9D1","s1645_S_GON_01_ASEReadCounter.table","NW_015090842.1:10117152",8,18,10
"VPS9D1","s1645_S_GON_01_ASEReadCounter.table","NW_015090842.1:10117480",9,11,2
"VPS9D1","s1645_S_GON_01_ASEReadCounter.table","NW_015090842.1:10117497",7,10,3
"VPS9D1","s1645_S_GON_01_ASEReadCounter.table","NW_015090842.1:10117499",7,10,3
"VPS9D1","s1645_S_GON_01_ASEReadCounter.table","NW_015090842.1:10117516",9,13,4
"VPS9D1","s1645_S_GON_01_ASEReadCounter.table","NW_015090842.1:10117525",8,11,3
"VPS9D1","s1645_S_GON_01_ASEReadCounter.table","NW_015090842.1:10117579",5,8,3
"VPS9D1","s1645_S_GON_01_ASEReadCounter.table","NW_015090842.1:10117627",5,7,2
"VPS9D1","s1645_S_GON_01_ASEReadCounter.table","NW_015090842.1:10117678",2,4,2
"VPS9D1","s1645_S_GON_01_ASEReadCounter.table","NW_015090842.1:10117773",7,13,6
"VPS9D1","s1645_S_GON_01_ASEReadCounter.table","NW_015090842.1:10117937",5,9,4
"VPS9D1","s1645_S_GON_01_ASEReadCounter.table","NW_015090842.1:10117961",4,8,4
"VPS9D1","s1645_S_GON_01_ASEReadCounter.table","NW_015090842.1:10118236",8,11,3
"VPS9D1","s1645_S_GON_01_ASEReadCounter.table","NW_015090842.1:10118414",7,9,2
"VPS9D1","s1645_S_GON_01_ASEReadCounter.table","NW_015090842.1:10118973",2,13,11
"VPS9D1","s1645_S_GON_01_ASEReadCounter.table","NW_015090842.1:10119500",5,9,4
"ZNF276","s1645_S_GON_01_ASEReadCounter.table","NW_015090842.1:10121760",3,5,2
"ZNF276","s1645_S_GON_01_ASEReadCounter.table","NW_015090842.1:10121769",3,6,3
"ZNF276","s1645_S_GON_01_ASEReadCounter.table","NW_015090842.1:10121802",4,9,5
"ZNF276","s1645_S_GON_01_ASEReadCounter.table","NW_015090842.1:10121971",5,13,8
"ZNF276","s1645_S_GON_01_ASEReadCounter.table","NW_015090842.1:10122161",11,11,0
"ZNF276","s1645_S_GON_01_ASEReadCounter.table","NW_015090842.1:10122164",11,11,0
"ZNF276","s1645_S_GON_01_ASEReadCounter.table","NW_015090842.1:10122184",9,9,0
"ZNF276","s1645_S_GON_01_ASEReadCounter.table","NW_015090842.1:10122883",3,7,4
"ZNF276","s1645_S_GON_01_ASEReadCounter.table","NW_015090842.1:10122997",5,12,7
"ZNF276","s1645_S_GON_01_ASEReadCounter.table","NW_015090842.1:10123069",7,13,6
"ZNF276","s1645_S_GON_01_ASEReadCounter.table","NW_015090842.1:10123207",12,22,10
"ZNF276","s1645_S_GON_01_ASEReadCounter.table","NW_015090842.1:10125787",10,31,21
"ZNF276","s1645_S_GON_01_ASEReadCounter.table","NW_015090842.1:10126309",9,34,25
"ZNF276","s1645_S_GON_01_ASEReadCounter.table","NW_015090842.1:10126348",10,40,30
"ZNF276","s1645_S_GON_01_ASEReadCounter.table","NW_015090842.1:10126978",20,48,28
"ZNF276","s1645_S_GON_01_ASEReadCounter.table","NW_015090842.1:10126991",16,47,31
"ZNF276","s1645_S_GON_01_ASEReadCounter.table","NW_015090842.1:10127023",15,48,33
"ZNF276","s1645_S_GON_01_ASEReadCounter.table","NW_015090842.1:10127063",14,45,31
"ZNF276","s1645_S_GON_01_ASEReadCounter.table","NW_015090842.1:10127373",11,34,23
"ZNF276","s1645_S_GON_01_ASEReadCounter.table","NW_015090842.1:10127931",14,43,29
"ZNF276","s1645_S_GON_01_ASEReadCounter.table","NW_015090842.1:10128070",20,53,33
"ZNF276","s1645_S_GON_01_ASEReadCounter.table","NW_015090842.1:10128102",19,53,34
"ZNF276","s1645_S_GON_01_ASEReadCounter.table","NW_015090842.1:10128356",20,42,22
"ZNF276","s1645_S_GON_01_ASEReadCounter.table","NW_015090842.1:10128497",13,27,14
"FANCA","s1645_S_GON_01_ASEReadCounter.table","NW_015090842.1:10128743",31,54,23
"FANCA","s1645_S_GON_01_ASEReadCounter.table","NW_015090842.1:10128822",47,76,29
"FANCA","s1645_S_GON_01_ASEReadCounter.table","NW_015090842.1:10129383",65,92,27
"FANCA","s1645_S_GON_01_ASEReadCounter.table","NW_015090842.1:10129390",59,85,26
"FANCA","s1645_S_GON_01_ASEReadCounter.table","NW_015090842.1:10129422",60,97,37
"FANCA","s1645_S_GON_01_ASEReadCounter.table","NW_015090842.1:10129969",37,70,33
"FANCA","s1645_S_GON_01_ASEReadCounter.table","NW_015090842.1:10130399",50,75,25
"FANCA","s1645_S_GON_01_ASEReadCounter.table","NW_015090842.1:10130857",36,68,32
"FANCA","s1645_S_GON_01_ASEReadCounter.table","NW_015090842.1:10130878",30,67,37
"FANCA","s1645_S_GON_01_ASEReadCounter.table","NW_015090842.1:10133530",25,45,20
"FANCA","s1645_S_GON_01_ASEReadCounter.table","NW_015090842.1:10133533",24,41,17
"FANCA","s1645_S_GON_01_ASEReadCounter.table","NW_015090842.1:10133536",26,44,18
"FANCA","s1645_S_GON_01_ASEReadCounter.table","NW_015090842.1:10133601",23,52,29
"FANCA","s1645_S_GON_01_ASEReadCounter.table","NW_015090842.1:10134492",16,37,21
"FANCA","s1645_S_GON_01_ASEReadCounter.table","NW_015090842.1:10136957",19,40,21
"FANCA","s1645_S_GON_01_ASEReadCounter.table","NW_015090842.1:10136982",15,31,16
"FANCA","s1645_S_GON_01_ASEReadCounter.table","NW_015090842.1:10136999",14,26,12
"FANCA","s1645_S_GON_01_ASEReadCounter.table","NW_015090842.1:10137019",22,40,18
"FANCA","s1645_S_GON_01_ASEReadCounter.table","NW_015090842.1:10137673",24,44,20
"FANCA","s1645_S_GON_01_ASEReadCounter.table","NW_015090842.1:10138618",13,21,8
"FANCA","s1645_S_GON_01_ASEReadCounter.table","NW_015090842.1:10139140",7,20,13
"FANCA","s1645_S_GON_01_ASEReadCounter.table","NW_015090842.1:10140699",15,22,7
"FANCA","s1645_S_GON_01_ASEReadCounter.table","NW_015090842.1:10141234",6,12,6
"FANCA","s1645_S_GON_01_ASEReadCounter.table","NW_015090842.1:10145030",13,21,8
"FANCA","s1645_S_GON_01_ASEReadCounter.table","NW_015090842.1:10150518",5,9,4
"FANCA","s1645_S_GON_01_ASEReadCounter.table","NW_015090842.1:10152863",2,4,2
"FANCA","s1645_S_GON_01_ASEReadCounter.table","NW_015090842.1:10154490",5,13,8
"FANCA","s1645_S_GON_01_ASEReadCounter.table","NW_015090842.1:10158162",3,7,4
"FANCA","s1645_S_GON_01_ASEReadCounter.table","NW_015090842.1:10158957",2,3,1
"FANCA","s1645_S_GON_01_ASEReadCounter.table","NW_015090842.1:10160177",4,7,3
"FANCA","s1645_S_GON_01_ASEReadCounter.table","NW_015090842.1:10163667",4,4,0
"FANCA","s1645_S_GON_01_ASEReadCounter.table","NW_015090842.1:10164257",3,6,3
"FANCA","s1645_S_GON_01_ASEReadCounter.table","NW_015090842.1:10165331",5,8,3
"SPIRE2","s1645_S_GON_01_ASEReadCounter.table","NW_015090842.1:10172284",3,3,0
"SPIRE2","s1645_S_GON_01_ASEReadCounter.table","NW_015090842.1:10175262",6,7,1
"SPIRE2","s1645_S_GON_01_ASEReadCounter.table","NW_015090842.1:10175352",2,2,0
"SPIRE2","s1645_S_GON_01_ASEReadCounter.table","NW_015090842.1:10175400",6,6,0
"SPIRE2","s1645_S_GON_01_ASEReadCounter.table","NW_015090842.1:10175418",8,8,0
"SPIRE2","s1645_S_GON_01_ASEReadCounter.table","NW_015090842.1:10175704",16,17,1
"SPIRE2","s1645_S_GON_01_ASEReadCounter.table","NW_015090842.1:10176115",22,26,4
"SPIRE2","s1645_S_GON_01_ASEReadCounter.table","NW_015090842.1:10176561",23,23,0
"SPIRE2","s1645_S_GON_01_ASEReadCounter.table","NW_015090842.1:10176817",16,17,1
"SPIRE2","s1645_S_GON_01_ASEReadCounter.table","NW_015090842.1:10177084",15,15,0
"SPIRE2","s1645_S_GON_01_ASEReadCounter.table","NW_015090842.1:10177838",14,14,0
"SPIRE2","s1645_S_GON_01_ASEReadCounter.table","NW_015090842.1:10178000",16,17,1
"SPIRE2","s1645_S_GON_01_ASEReadCounter.table","NW_015090842.1:10178164",20,22,2
"SPIRE2","s1645_S_GON_01_ASEReadCounter.table","NW_015090842.1:10178216",27,29,2
"SPIRE2","s1645_S_GON_01_ASEReadCounter.table","NW_015090842.1:10178303",16,17,1
"SPIRE2","s1645_S_GON_01_ASEReadCounter.table","NW_015090842.1:10178403",14,15,1
"SPIRE2","s1645_S_GON_01_ASEReadCounter.table","NW_015090842.1:10178409",13,15,2
"SPIRE2","s1645_S_GON_01_ASEReadCounter.table","NW_015090842.1:10178524",8,12,4
"SPIRE2","s1645_S_GON_01_ASEReadCounter.table","NW_015090842.1:10178526",8,12,4
"SPIRE2","s1645_S_GON_01_ASEReadCounter.table","NW_015090842.1:10178531",9,13,4
"SPIRE2","s1645_S_GON_01_ASEReadCounter.table","NW_015090842.1:10178565",10,13,3
"SPIRE2","s1645_S_GON_01_ASEReadCounter.table","NW_015090842.1:10178587",12,15,3
"SPIRE2","s1645_S_GON_01_ASEReadCounter.table","NW_015090842.1:10178640",7,7,0
"SPIRE2","s1645_S_GON_01_ASEReadCounter.table","NW_015090842.1:10178651",6,6,0
"SPIRE2","s1645_S_GON_01_ASEReadCounter.table","NW_015090842.1:10178682",5,5,0
"TCF25","s1645_S_GON_01_ASEReadCounter.table","NW_015090842.1:10180912",31,76,45
"TCF25","s1645_S_GON_01_ASEReadCounter.table","NW_015090842.1:10180924",33,76,43
"TCF25","s1645_S_GON_01_ASEReadCounter.table","NW_015090842.1:10180931",38,83,45
"TCF25","s1645_S_GON_01_ASEReadCounter.table","NW_015090842.1:10185332",105,239,134
"TCF25","s1645_S_GON_01_ASEReadCounter.table","NW_015090842.1:10196561",87,221,134
"TCF25","s1645_S_GON_01_ASEReadCounter.table","NW_015090842.1:10197399",337,337,0
"MC1R","s1645_S_GON_01_ASEReadCounter.table","NW_015090842.1:10201986",0,1,1
"MC1R","s1645_S_GON_01_ASEReadCounter.table","NW_015090842.1:10202160",1,2,1
"MC1R","s1645_S_GON_01_ASEReadCounter.table","NW_015090842.1:10202447",0,2,2
"GAS8","s1645_S_GON_01_ASEReadCounter.table","NW_015090842.1:10228982",778,1616,838
"GAS8","s1645_S_GON_01_ASEReadCounter.table","NW_015090842.1:10229832",744,1520,776
"GAS8","s1645_S_GON_01_ASEReadCounter.table","NW_015090842.1:10232901",647,1230,583
"GAS8","s1645_S_GON_01_ASEReadCounter.table","NW_015090842.1:10232928",562,1048,486
"GAS8","s1645_S_GON_01_ASEReadCounter.table","NW_015090842.1:10232967",449,892,443
"GAS8","s1645_S_GON_01_ASEReadCounter.table","NW_015090842.1:10233032",280,593,313
"GAS8","s1645_S_GON_01_ASEReadCounter.table","NW_015090842.1:10233057",208,451,243
"GAS8","s1645_S_GON_01_ASEReadCounter.table","NW_015090842.1:10233058",206,464,258
"GAS8","s1645_S_GON_01_ASEReadCounter.table","NW_015090842.1:10233176",202,400,198
"GAS8","s1645_S_GON_01_ASEReadCounter.table","NW_015090842.1:10233196",213,397,184
"GAS8","s1645_S_GON_01_ASEReadCounter.table","NW_015090842.1:10233252",156,287,131
"GAS8","s1645_S_GON_01_ASEReadCounter.table","NW_015090842.1:10233303",59,111,52
"LOC106888094","s1645_S_GON_01_ASEReadCounter.table","NW_015090842.1:10233334",4,12,8
"LOC106888094","s1645_S_GON_01_ASEReadCounter.table","NW_015090842.1:10233362",12,26,14
"LOC106888094","s1645_S_GON_01_ASEReadCounter.table","NW_015090842.1:10233373",12,29,17
"LOC106888094","s1645_S_GON_01_ASEReadCounter.table","NW_015090842.1:10233388",14,33,19
"LOC106888094","s1645_S_GON_01_ASEReadCounter.table","NW_015090842.1:10233402",19,39,20
"LOC106888094","s1645_S_GON_01_ASEReadCounter.table","NW_015090842.1:10233465",28,57,29
"LOC106888094","s1645_S_GON_01_ASEReadCounter.table","NW_015090842.1:10233803",32,71,39
"LOC106888094","s1645_S_GON_01_ASEReadCounter.table","NW_015090842.1:10233815",29,68,39
"LOC106888094","s1645_S_GON_01_ASEReadCounter.table","NW_015090842.1:10235484",24,31,7
"LOC106888094","s1645_S_GON_01_ASEReadCounter.table","NW_015090842.1:10235611",19,37,18
"LOC106888094","s1645_S_GON_01_ASEReadCounter.table","NW_015090842.1:10235977",13,13,0
"LOC106888094","s1645_S_GON_01_ASEReadCounter.table","NW_015090842.1:10236098",7,10,3
"LOC106888094","s1645_S_GON_01_ASEReadCounter.table","NW_015090842.1:10236161",5,10,5
"LOC106888094","s1645_S_GON_01_ASEReadCounter.table","NW_015090842.1:10236380",7,9,2
"LOC106888094","s1645_S_GON_01_ASEReadCounter.table","NW_015090842.1:10236388",9,12,3
"LOC106888094","s1645_S_GON_01_ASEReadCounter.table","NW_015090842.1:10236425",10,14,4
"LOC106888094","s1645_S_GON_01_ASEReadCounter.table","NW_015090842.1:10236426",10,13,3
"LOC106888094","s1645_S_GON_01_ASEReadCounter.table","NW_015090842.1:10236603",11,14,3
"LOC106888173","s1645_S_GON_01_ASEReadCounter.table","NW_015090842.1:10239596",5,6,1
"LOC106888173","s1645_S_GON_01_ASEReadCounter.table","NW_015090842.1:10240036",9,10,1
"LOC106888173","s1645_S_GON_01_ASEReadCounter.table","NW_015090842.1:10240095",10,11,1
"LOC106888173","s1645_S_GON_01_ASEReadCounter.table","NW_015090842.1:10240280",15,17,2
"LOC106888173","s1645_S_GON_01_ASEReadCounter.table","NW_015090842.1:10240557",20,23,3
"LOC106888173","s1645_S_GON_01_ASEReadCounter.table","NW_015090842.1:10240603",20,23,3
"LOC106888173","s1645_S_GON_01_ASEReadCounter.table","NW_015090842.1:10240609",20,24,4
"LOC106888173","s1645_S_GON_01_ASEReadCounter.table","NW_015090842.1:10240924",26,29,3
"LOC106888173","s1645_S_GON_01_ASEReadCounter.table","NW_015090842.1:10241037",23,28,5
"LOC106888173","s1645_S_GON_01_ASEReadCounter.table","NW_015090842.1:10241046",25,31,6
"LOC106888173","s1645_S_GON_01_ASEReadCounter.table","NW_015090842.1:10241058",27,32,5
"LOC106888173","s1645_S_GON_01_ASEReadCounter.table","NW_015090842.1:10241064",30,36,6
"LOC106888173","s1645_S_GON_01_ASEReadCounter.table","NW_015090842.1:10241163",19,29,10
"LOC106888173","s1645_S_GON_01_ASEReadCounter.table","NW_015090842.1:10241803",25,32,7
"LOC106888173","s1645_S_GON_01_ASEReadCounter.table","NW_015090842.1:10241827",25,35,10
"LOC106888173","s1645_S_GON_01_ASEReadCounter.table","NW_015090842.1:10241869",32,41,9
"LOC106888173","s1645_S_GON_01_ASEReadCounter.table","NW_015090842.1:10242079",27,38,11
"LOC106888173","s1645_S_GON_01_ASEReadCounter.table","NW_015090842.1:10242103",21,28,7
"LOC106888173","s1645_S_GON_01_ASEReadCounter.table","NW_015090842.1:10242157",30,37,7
"LOC106888173","s1645_S_GON_01_ASEReadCounter.table","NW_015090842.1:10242455",33,43,10
"LOC106888173","s1645_S_GON_01_ASEReadCounter.table","NW_015090842.1:10242481",35,46,11
"LOC106888173","s1645_S_GON_01_ASEReadCounter.table","NW_015090842.1:10242590",43,49,6
"LOC106888173","s1645_S_GON_01_ASEReadCounter.table","NW_015090842.1:10242794",30,36,6
"LOC106888173","s1645_S_GON_01_ASEReadCounter.table","NW_015090842.1:10242909",25,35,10
"LOC106888173","s1645_S_GON_01_ASEReadCounter.table","NW_015090842.1:10243094",44,55,11
"LOC106888173","s1645_S_GON_01_ASEReadCounter.table","NW_015090842.1:10243133",41,49,8
"LOC106888173","s1645_S_GON_01_ASEReadCounter.table","NW_015090842.1:10243273",52,63,11
"LOC106888173","s1645_S_GON_01_ASEReadCounter.table","NW_015090842.1:10243278",55,68,13
"LOC106888173","s1645_S_GON_01_ASEReadCounter.table","NW_015090842.1:10243281",56,69,13
"LOC106888173","s1645_S_GON_01_ASEReadCounter.table","NW_015090842.1:10243347",47,47,0
"LOC106888173","s1645_S_GON_01_ASEReadCounter.table","NW_015090842.1:10243353",33,42,9
"LOC106888173","s1645_S_GON_01_ASEReadCounter.table","NW_015090842.1:10243363",28,36,8
"LOC106888173","s1645_S_GON_01_ASEReadCounter.table","NW_015090842.1:10243365",28,36,8
"LOC106888173","s1645_S_GON_01_ASEReadCounter.table","NW_015090842.1:10243529",43,47,4
"LOC106888173","s1645_S_GON_01_ASEReadCounter.table","NW_015090842.1:10243566",72,78,6
"LOC106888173","s1645_S_GON_01_ASEReadCounter.table","NW_015090842.1:10243605",65,75,10
"LOC106888173","s1645_S_GON_01_ASEReadCounter.table","NW_015090842.1:10243614",59,67,8
"LOC106888173","s1645_S_GON_01_ASEReadCounter.table","NW_015090842.1:10243615",57,64,7
"LOC106888173","s1645_S_GON_01_ASEReadCounter.table","NW_015090842.1:10243640",48,55,7
"LOC106888173","s1645_S_GON_01_ASEReadCounter.table","NW_015090842.1:10243680",38,45,7
"LOC106888173","s1645_S_GON_01_ASEReadCounter.table","NW_015090842.1:10243742",52,58,6
"LOC106888173","s1645_S_GON_01_ASEReadCounter.table","NW_015090842.1:10243804",42,48,6
"LOC106888173","s1645_S_GON_01_ASEReadCounter.table","NW_015090842.1:10243913",13,14,1
"LOC106888173","s1645_S_GON_01_ASEReadCounter.table","NW_015090842.1:10243921",13,14,1
"LOC106888384","s1645_S_GON_01_ASEReadCounter.table","NW_015090842.1:10244714",0,1,1
"LOC106888384","s1645_S_GON_01_ASEReadCounter.table","NW_015090842.1:10244998",0,1,1
"LOC106888384","s1645_S_GON_01_ASEReadCounter.table","NW_015090842.1:10250743",1,3,2
"LOC106888384","s1645_S_GON_01_ASEReadCounter.table","NW_015090842.1:10250771",1,2,1
"LOC106888384","s1645_S_GON_01_ASEReadCounter.table","NW_015090842.1:10251343",3,3,0
"LOC106888384","s1645_S_GON_01_ASEReadCounter.table","NW_015090842.1:10251344",3,3,0
"LOC106888384","s1645_S_GON_01_ASEReadCounter.table","NW_015090842.1:10251349",3,3,0
"LOC106888384","s1645_S_GON_01_ASEReadCounter.table","NW_015090842.1:10251354",3,8,5
"LOC106888384","s1645_S_GON_01_ASEReadCounter.table","NW_015090842.1:10251358",3,8,5
"LOC106888384","s1645_S_GON_01_ASEReadCounter.table","NW_015090842.1:10251369",1,6,5
"LOC106888384","s1645_S_GON_01_ASEReadCounter.table","NW_015090842.1:10251370",1,6,5
"LOC106888384","s1645_S_GON_01_ASEReadCounter.table","NW_015090842.1:10251375",1,6,5
"LOC106888384","s1645_S_GON_01_ASEReadCounter.table","NW_015090842.1:10251388",1,3,2
"LOC106888384","s1645_S_GON_01_ASEReadCounter.table","NW_015090842.1:10251390",1,3,2
"LOC106888384","s1645_S_GON_01_ASEReadCounter.table","NW_015090842.1:10251393",0,2,2
"LOC106888384","s1645_S_GON_01_ASEReadCounter.table","NW_015090842.1:10251399",0,2,2
"LOC106888384","s1645_S_GON_01_ASEReadCounter.table","NW_015090842.1:10253165",0,2,2
"LOC106888384","s1645_S_GON_01_ASEReadCounter.table","NW_015090842.1:10253284",3,3,0
"LOC106888384","s1645_S_GON_01_ASEReadCounter.table","NW_015090842.1:10253605",2,4,2
"LOC106888384","s1645_S_GON_01_ASEReadCounter.table","NW_015090842.1:10254028",4,6,2
"LOC106888384","s1645_S_GON_01_ASEReadCounter.table","NW_015090842.1:10254227",7,8,1
"LOC106888384","s1645_S_GON_01_ASEReadCounter.table","NW_015090842.1:10254233",7,8,1
"LOC106888384","s1645_S_GON_01_ASEReadCounter.table","NW_015090842.1:10254263",6,7,1
"LOC106888384","s1645_S_GON_01_ASEReadCounter.table","NW_015090842.1:10254293",3,3,0
"LOC106888384","s1645_S_GON_01_ASEReadCounter.table","NW_015090842.1:10254570",2,3,1
"LOC106888384","s1645_S_GON_01_ASEReadCounter.table","NW_015090842.1:10254647",1,2,1
"LOC106888384","s1645_S_GON_01_ASEReadCounter.table","NW_015090842.1:10254663",1,2,1
"LOC106888384","s1645_S_GON_01_ASEReadCounter.table","NW_015090842.1:10254840",1,1,0
"LOC106888384","s1645_S_GON_01_ASEReadCounter.table","NW_015090842.1:10254854",2,2,0
"LOC106888384","s1645_S_GON_01_ASEReadCounter.table","NW_015090842.1:10254891",3,3,0
"LOC106888384","s1645_S_GON_01_ASEReadCounter.table","NW_015090842.1:10254900",2,3,1
"LOC106888384","s1645_S_GON_01_ASEReadCounter.table","NW_015090842.1:10254915",1,2,1
"LOC106888384","s1645_S_GON_01_ASEReadCounter.table","NW_015090842.1:10255077",2,6,4
"LOC106888384","s1645_S_GON_01_ASEReadCounter.table","NW_015090842.1:10255117",2,6,4
"LOC106888384","s1645_S_GON_01_ASEReadCounter.table","NW_015090842.1:10255138",1,6,5
"LOC106888384","s1645_S_GON_01_ASEReadCounter.table","NW_015090842.1:10255139",1,4,3
"LOC106888384","s1645_S_GON_01_ASEReadCounter.table","NW_015090842.1:10255209",4,6,2
"LOC106888384","s1645_S_GON_01_ASEReadCounter.table","NW_015090842.1:10255211",4,7,3
"LOC106888384","s1645_S_GON_01_ASEReadCounter.table","NW_015090842.1:10255236",4,8,4
"LOC106888384","s1645_S_GON_01_ASEReadCounter.table","NW_015090842.1:10255262",1,4,3
"LOC106888384","s1645_S_GON_01_ASEReadCounter.table","NW_015090842.1:10255264",1,4,3
"LOC106888384","s1645_S_GON_01_ASEReadCounter.table","NW_015090842.1:10255306",2,8,6
"LOC106888384","s1645_S_GON_01_ASEReadCounter.table","NW_015090842.1:10255340",4,9,5
"LOC106888384","s1645_S_GON_01_ASEReadCounter.table","NW_015090842.1:10255410",5,10,5
"LOC106888384","s1645_S_GON_01_ASEReadCounter.table","NW_015090842.1:10255449",1,6,5
"LOC106888384","s1645_S_GON_01_ASEReadCounter.table","NW_015090842.1:10255496",0,6,6
"LOC106888384","s1645_S_GON_01_ASEReadCounter.table","NW_015090842.1:10255505",1,6,5
"LOC106888384","s1645_S_GON_01_ASEReadCounter.table","NW_015090842.1:10255531",3,7,4
"LOC106888384","s1645_S_GON_01_ASEReadCounter.table","NW_015090842.1:10255608",6,11,5
"LOC106888384","s1645_S_GON_01_ASEReadCounter.table","NW_015090842.1:10255614",5,12,7
"LOC106888384","s1645_S_GON_01_ASEReadCounter.table","NW_015090842.1:10255704",95,107,12
"LOC106888384","s1645_S_GON_01_ASEReadCounter.table","NW_015090842.1:10255731",113,126,13
"LOC106888384","s1645_S_GON_01_ASEReadCounter.table","NW_015090842.1:10255771",92,104,12
"TANGO6","s1645_S_GON_01_ASEReadCounter.table","NW_015090842.1:10257782",31,43,12
"TANGO6","s1645_S_GON_01_ASEReadCounter.table","NW_015090842.1:10258162",21,44,23
"TANGO6","s1645_S_GON_01_ASEReadCounter.table","NW_015090842.1:10258185",19,43,24
"TANGO6","s1645_S_GON_01_ASEReadCounter.table","NW_015090842.1:10259267",15,38,23
"TANGO6","s1645_S_GON_01_ASEReadCounter.table","NW_015090842.1:10260250",48,86,38
"TANGO6","s1645_S_GON_01_ASEReadCounter.table","NW_015090842.1:10260979",38,72,34
"TANGO6","s1645_S_GON_01_ASEReadCounter.table","NW_015090842.1:10261599",40,77,37
"TANGO6","s1645_S_GON_01_ASEReadCounter.table","NW_015090842.1:10268425",92,166,74
"TANGO6","s1645_S_GON_01_ASEReadCounter.table","NW_015090842.1:10269831",76,132,56
"TANGO6","s1645_S_GON_01_ASEReadCounter.table","NW_015090842.1:10270813",88,162,74
"TANGO6","s1645_S_GON_01_ASEReadCounter.table","NW_015090842.1:10273952",27,32,5
"TANGO6","s1645_S_GON_01_ASEReadCounter.table","NW_015090842.1:10273970",30,38,8
"TANGO6","s1645_S_GON_01_ASEReadCounter.table","NW_015090842.1:10274018",27,40,13
"TANGO6","s1645_S_GON_01_ASEReadCounter.table","NW_015090842.1:10275974",24,38,14
"TANGO6","s1645_S_GON_01_ASEReadCounter.table","NW_015090842.1:10275976",24,38,14
"TANGO6","s1645_S_GON_01_ASEReadCounter.table","NW_015090842.1:10276123",18,30,12
"TANGO6","s1645_S_GON_01_ASEReadCounter.table","NW_015090842.1:10276271",32,44,12
"TANGO6","s1645_S_GON_01_ASEReadCounter.table","NW_015090842.1:10276272",32,45,13
"TANGO6","s1645_S_GON_01_ASEReadCounter.table","NW_015090842.1:10276275",35,48,13
"TANGO6","s1645_S_GON_01_ASEReadCounter.table","NW_015090842.1:10276278",35,48,13
"TANGO6","s1645_S_GON_01_ASEReadCounter.table","NW_015090842.1:10276368",19,29,10
"TANGO6","s1645_S_GON_01_ASEReadCounter.table","NW_015090842.1:10276373",17,29,12
"TANGO6","s1645_S_GON_01_ASEReadCounter.table","NW_015090842.1:10276630",18,29,11
"TANGO6","s1645_S_GON_01_ASEReadCounter.table","NW_015090842.1:10281498",33,43,10
"TANGO6","s1645_S_GON_01_ASEReadCounter.table","NW_015090842.1:10282842",32,49,17
"TANGO6","s1645_S_GON_01_ASEReadCounter.table","NW_015090842.1:10282863",23,40,17
"TANGO6","s1645_S_GON_01_ASEReadCounter.table","NW_015090842.1:10282869",25,43,18
"TANGO6","s1645_S_GON_01_ASEReadCounter.table","NW_015090842.1:10282903",31,53,22
"TANGO6","s1645_S_GON_01_ASEReadCounter.table","NW_015090842.1:10283757",35,58,23
"TANGO6","s1645_S_GON_01_ASEReadCounter.table","NW_015090842.1:10283785",30,54,24
"HAS3","s1645_S_GON_01_ASEReadCounter.table","NW_015090842.1:10288093",0,1,1
"HAS3","s1645_S_GON_01_ASEReadCounter.table","NW_015090842.1:10288266",1,4,3
"HAS3","s1645_S_GON_01_ASEReadCounter.table","NW_015090842.1:10288274",1,4,3
"HAS3","s1645_S_GON_01_ASEReadCounter.table","NW_015090842.1:10288364",0,1,1
"HAS3","s1645_S_GON_01_ASEReadCounter.table","NW_015090842.1:10288405",0,2,2
"HAS3","s1645_S_GON_01_ASEReadCounter.table","NW_015090842.1:10289469",0,2,2
"HAS3","s1645_S_GON_01_ASEReadCounter.table","NW_015090842.1:10289708",1,3,2
"HAS3","s1645_S_GON_01_ASEReadCounter.table","NW_015090842.1:10290375",2,3,1
"HAS3","s1645_S_GON_01_ASEReadCounter.table","NW_015090842.1:10290395",0,3,3
"HAS3","s1645_S_GON_01_ASEReadCounter.table","NW_015090842.1:10290561",0,2,2
"HAS3","s1645_S_GON_01_ASEReadCounter.table","NW_015090842.1:10290609",1,2,1
"HAS3","s1645_S_GON_01_ASEReadCounter.table","NW_015090842.1:10290666",1,3,2
"HAS3","s1645_S_GON_01_ASEReadCounter.table","NW_015090842.1:10290723",0,2,2
"HAS3","s1645_S_GON_01_ASEReadCounter.table","NW_015090842.1:10290927",3,8,5
"HAS3","s1645_S_GON_01_ASEReadCounter.table","NW_015090842.1:10291004",3,5,2
"CHTF8","s1645_S_GON_01_ASEReadCounter.table","NW_015090842.1:10291319",16,28,12
"CHTF8","s1645_S_GON_01_ASEReadCounter.table","NW_015090842.1:10291342",22,34,12
"CHTF8","s1645_S_GON_01_ASEReadCounter.table","NW_015090842.1:10291491",54,72,18
"CHTF8","s1645_S_GON_01_ASEReadCounter.table","NW_015090842.1:10291520",61,89,28
"CHTF8","s1645_S_GON_01_ASEReadCounter.table","NW_015090842.1:10291593",77,113,36
"CHTF8","s1645_S_GON_01_ASEReadCounter.table","NW_015090842.1:10291600",71,109,38
"CHTF8","s1645_S_GON_01_ASEReadCounter.table","NW_015090842.1:10291609",69,106,37
"CHTF8","s1645_S_GON_01_ASEReadCounter.table","NW_015090842.1:10291639",75,115,40
"CHTF8","s1645_S_GON_01_ASEReadCounter.table","NW_015090842.1:10291641",73,112,39
"CHTF8","s1645_S_GON_01_ASEReadCounter.table","NW_015090842.1:10291648",80,124,44
"CHTF8","s1645_S_GON_01_ASEReadCounter.table","NW_015090842.1:10291656",75,118,43
"CHTF8","s1645_S_GON_01_ASEReadCounter.table","NW_015090842.1:10291675",81,128,47
"CHTF8","s1645_S_GON_01_ASEReadCounter.table","NW_015090842.1:10291696",70,117,47
"CHTF8","s1645_S_GON_01_ASEReadCounter.table","NW_015090842.1:10291714",72,114,42
"CHTF8","s1645_S_GON_01_ASEReadCounter.table","NW_015090842.1:10291732",71,115,44
"CHTF8","s1645_S_GON_01_ASEReadCounter.table","NW_015090842.1:10291755",63,105,42
"CHTF8","s1645_S_GON_01_ASEReadCounter.table","NW_015090842.1:10291756",64,105,41
"CHTF8","s1645_S_GON_01_ASEReadCounter.table","NW_015090842.1:10291758",64,105,41
"CHTF8","s1645_S_GON_01_ASEReadCounter.table","NW_015090842.1:10291792",80,127,47
"CHTF8","s1645_S_GON_01_ASEReadCounter.table","NW_015090842.1:10291895",49,100,51
"CHTF8","s1645_S_GON_01_ASEReadCounter.table","NW_015090842.1:10292132",61,98,37
"CHTF8","s1645_S_GON_01_ASEReadCounter.table","NW_015090842.1:10292314",70,113,43
"CHTF8","s1645_S_GON_01_ASEReadCounter.table","NW_015090842.1:10292317",69,112,43
"CHTF8","s1645_S_GON_01_ASEReadCounter.table","NW_015090842.1:10292928",18,25,7
"UTP4","s1645_S_GON_01_ASEReadCounter.table","NW_015090842.1:10293146",22,53,31
"UTP4","s1645_S_GON_01_ASEReadCounter.table","NW_015090842.1:10293151",22,54,32
"UTP4","s1645_S_GON_01_ASEReadCounter.table","NW_015090842.1:10293191",16,39,23
"UTP4","s1645_S_GON_01_ASEReadCounter.table","NW_015090842.1:10293362",14,38,24
"UTP4","s1645_S_GON_01_ASEReadCounter.table","NW_015090842.1:10293430",16,40,24
"UTP4","s1645_S_GON_01_ASEReadCounter.table","NW_015090842.1:10293625",16,33,17
"UTP4","s1645_S_GON_01_ASEReadCounter.table","NW_015090842.1:10293684",19,36,17
"UTP4","s1645_S_GON_01_ASEReadCounter.table","NW_015090842.1:10294093",14,29,15
"UTP4","s1645_S_GON_01_ASEReadCounter.table","NW_015090842.1:10294568",24,50,26
"UTP4","s1645_S_GON_01_ASEReadCounter.table","NW_015090842.1:10294622",25,49,24
"UTP4","s1645_S_GON_01_ASEReadCounter.table","NW_015090842.1:10294632",23,45,22
"UTP4","s1645_S_GON_01_ASEReadCounter.table","NW_015090842.1:10295238",24,43,19
"UTP4","s1645_S_GON_01_ASEReadCounter.table","NW_015090842.1:10295880",29,56,27
"UTP4","s1645_S_GON_01_ASEReadCounter.table","NW_015090842.1:10295884",31,59,28
"UTP4","s1645_S_GON_01_ASEReadCounter.table","NW_015090842.1:10295903",32,54,22
"UTP4","s1645_S_GON_01_ASEReadCounter.table","NW_015090842.1:10295906",32,54,22
"UTP4","s1645_S_GON_01_ASEReadCounter.table","NW_015090842.1:10295915",35,58,23
"UTP4","s1645_S_GON_01_ASEReadCounter.table","NW_015090842.1:10295938",32,55,23
"UTP4","s1645_S_GON_01_ASEReadCounter.table","NW_015090842.1:10296175",29,68,39
"UTP4","s1645_S_GON_01_ASEReadCounter.table","NW_015090842.1:10296660",30,71,41
"UTP4","s1645_S_GON_01_ASEReadCounter.table","NW_015090842.1:10296679",32,68,36
"UTP4","s1645_S_GON_01_ASEReadCounter.table","NW_015090842.1:10297193",46,98,52
"UTP4","s1645_S_GON_01_ASEReadCounter.table","NW_015090842.1:10297220",47,100,53
"UTP4","s1645_S_GON_01_ASEReadCounter.table","NW_015090842.1:10297307",32,93,61
"UTP4","s1645_S_GON_01_ASEReadCounter.table","NW_015090842.1:10297558",44,112,68
"UTP4","s1645_S_GON_01_ASEReadCounter.table","NW_015090842.1:10297943",28,86,58
"UTP4","s1645_S_GON_01_ASEReadCounter.table","NW_015090842.1:10297979",23,83,60
"UTP4","s1645_S_GON_01_ASEReadCounter.table","NW_015090842.1:10298022",18,49,31
"UTP4","s1645_S_GON_01_ASEReadCounter.table","NW_015090842.1:10298079",1,10,9
"UTP4","s1645_S_GON_01_ASEReadCounter.table","NW_015090842.1:10298081",1,10,9
"UTP4","s1645_S_GON_01_ASEReadCounter.table","NW_015090842.1:10298082",1,9,8
"SNTB2","s1645_S_GON_01_ASEReadCounter.table","NW_015090842.1:10298905",0,1,1
"SNTB2","s1645_S_GON_01_ASEReadCounter.table","NW_015090842.1:10298928",0,1,1
"SNTB2","s1645_S_GON_01_ASEReadCounter.table","NW_015090842.1:10303506",6,17,11
"SNTB2","s1645_S_GON_01_ASEReadCounter.table","NW_015090842.1:10303524",5,16,11
"SNTB2","s1645_S_GON_01_ASEReadCounter.table","NW_015090842.1:10304059",5,8,3
"SNTB2","s1645_S_GON_01_ASEReadCounter.table","NW_015090842.1:10304089",9,15,6
"SNTB2","s1645_S_GON_01_ASEReadCounter.table","NW_015090842.1:10304167",6,13,7
"SNTB2","s1645_S_GON_01_ASEReadCounter.table","NW_015090842.1:10304176",3,8,5
"SNTB2","s1645_S_GON_01_ASEReadCounter.table","NW_015090842.1:10305069",7,9,2
"SNTB2","s1645_S_GON_01_ASEReadCounter.table","NW_015090842.1:10305099",8,9,1
"SNTB2","s1645_S_GON_01_ASEReadCounter.table","NW_015090842.1:10305451",6,15,9
"SNTB2","s1645_S_GON_01_ASEReadCounter.table","NW_015090842.1:10305547",9,15,6
"SNTB2","s1645_S_GON_01_ASEReadCounter.table","NW_015090842.1:10305847",12,18,6
"SNTB2","s1645_S_GON_01_ASEReadCounter.table","NW_015090842.1:10305911",15,18,3
"SNTB2","s1645_S_GON_01_ASEReadCounter.table","NW_015090842.1:10306173",8,19,11
"SNTB2","s1645_S_GON_01_ASEReadCounter.table","NW_015090842.1:10306275",8,11,3
"SNTB2","s1645_S_GON_01_ASEReadCounter.table","NW_015090842.1:10306457",12,19,7
"SNTB2","s1645_S_GON_01_ASEReadCounter.table","NW_015090842.1:10306496",12,20,8
"SNTB2","s1645_S_GON_01_ASEReadCounter.table","NW_015090842.1:10306499",12,20,8
"VPS4A","s1645_S_GON_01_ASEReadCounter.table","NW_015090842.1:10308566",70,181,111
"VPS4A","s1645_S_GON_01_ASEReadCounter.table","NW_015090842.1:10308573",75,191,116
"VPS4A","s1645_S_GON_01_ASEReadCounter.table","NW_015090842.1:10308856",110,286,176
"VPS4A","s1645_S_GON_01_ASEReadCounter.table","NW_015090842.1:10309056",126,359,233
"VPS4A","s1645_S_GON_01_ASEReadCounter.table","NW_015090842.1:10309089",156,400,244
"VPS4A","s1645_S_GON_01_ASEReadCounter.table","NW_015090842.1:10309392",158,374,216
"VPS4A","s1645_S_GON_01_ASEReadCounter.table","NW_015090842.1:10309413",167,419,252
"VPS4A","s1645_S_GON_01_ASEReadCounter.table","NW_015090842.1:10309467",160,451,291
"VPS4A","s1645_S_GON_01_ASEReadCounter.table","NW_015090842.1:10310230",171,484,313
"VPS4A","s1645_S_GON_01_ASEReadCounter.table","NW_015090842.1:10310425",158,451,293
"VPS4A","s1645_S_GON_01_ASEReadCounter.table","NW_015090842.1:10310639",197,499,302
"VPS4A","s1645_S_GON_01_ASEReadCounter.table","NW_015090842.1:10310640",199,510,311
"VPS4A","s1645_S_GON_01_ASEReadCounter.table","NW_015090842.1:10310687",207,512,305
"VPS4A","s1645_S_GON_01_ASEReadCounter.table","NW_015090842.1:10310734",150,413,263
"VPS4A","s1645_S_GON_01_ASEReadCounter.table","NW_015090842.1:10310737",149,414,265
"VPS4A","s1645_S_GON_01_ASEReadCounter.table","NW_015090842.1:10310746",158,427,269
"VPS4A","s1645_S_GON_01_ASEReadCounter.table","NW_015090842.1:10310767",164,447,283
"VPS4A","s1645_S_GON_01_ASEReadCounter.table","NW_015090842.1:10310995",274,654,380
"VPS4A","s1645_S_GON_01_ASEReadCounter.table","NW_015090842.1:10311004",281,642,361
"VPS4A","s1645_S_GON_01_ASEReadCounter.table","NW_015090842.1:10311007",284,654,370
"VPS4A","s1645_S_GON_01_ASEReadCounter.table","NW_015090842.1:10311013",280,649,369
"VPS4A","s1645_S_GON_01_ASEReadCounter.table","NW_015090842.1:10311022",241,601,360
"VPS4A","s1645_S_GON_01_ASEReadCounter.table","NW_015090842.1:10311023",239,596,357
"VPS4A","s1645_S_GON_01_ASEReadCounter.table","NW_015090842.1:10311426",250,615,365
"VPS4A","s1645_S_GON_01_ASEReadCounter.table","NW_015090842.1:10311489",9,26,17
"VPS4A","s1645_S_GON_01_ASEReadCounter.table","NW_015090842.1:10311490",10,21,11
"VPS4A","s1645_S_GON_01_ASEReadCounter.table","NW_015090842.1:10311525",17,39,22
"VPS4A","s1645_S_GON_01_ASEReadCounter.table","NW_015090842.1:10311529",18,52,34
"VPS4A","s1645_S_GON_01_ASEReadCounter.table","NW_015090842.1:10311530",18,57,39
"VPS4A","s1645_S_GON_01_ASEReadCounter.table","NW_015090842.1:10311552",64,121,57
"VPS4A","s1645_S_GON_01_ASEReadCounter.table","NW_015090842.1:10311689",42,102,60
"VPS4A","s1645_S_GON_01_ASEReadCounter.table","NW_015090842.1:10311700",59,121,62
"VPS4A","s1645_S_GON_01_ASEReadCounter.table","NW_015090842.1:10311701",59,121,62
"VPS4A","s1645_S_GON_01_ASEReadCounter.table","NW_015090842.1:10311703",59,120,61
"COG8","s1645_S_GON_01_ASEReadCounter.table","NW_015090842.1:10313487",24,77,53
"COG8","s1645_S_GON_01_ASEReadCounter.table","NW_015090842.1:10313559",38,99,61
"COG8","s1645_S_GON_01_ASEReadCounter.table","NW_015090842.1:10313579",33,91,58
"COG8","s1645_S_GON_01_ASEReadCounter.table","NW_015090842.1:10313665",42,98,56
"COG8","s1645_S_GON_01_ASEReadCounter.table","NW_015090842.1:10313681",41,94,53
"COG8","s1645_S_GON_01_ASEReadCounter.table","NW_015090842.1:10313768",50,120,70
"COG8","s1645_S_GON_01_ASEReadCounter.table","NW_015090842.1:10313775",53,123,70
"COG8","s1645_S_GON_01_ASEReadCounter.table","NW_015090842.1:10313811",38,91,53
"COG8","s1645_S_GON_01_ASEReadCounter.table","NW_015090842.1:10313858",28,67,39
"COG8","s1645_S_GON_01_ASEReadCounter.table","NW_015090842.1:10313859",66,66,0
"COG8","s1645_S_GON_01_ASEReadCounter.table","NW_015090842.1:10314100",36,96,60
"COG8","s1645_S_GON_01_ASEReadCounter.table","NW_015090842.1:10314213",42,99,57
"COG8","s1645_S_GON_01_ASEReadCounter.table","NW_015090842.1:10315093",31,66,35
"COG8","s1645_S_GON_01_ASEReadCounter.table","NW_015090842.1:10315162",27,63,36
"COG8","s1645_S_GON_01_ASEReadCounter.table","NW_015090842.1:10315285",29,73,44
"COG8","s1645_S_GON_01_ASEReadCounter.table","NW_015090842.1:10315360",25,59,34
"COG8","s1645_S_GON_01_ASEReadCounter.table","NW_015090842.1:10315369",27,61,34
"COG8","s1645_S_GON_01_ASEReadCounter.table","NW_015090842.1:10315508",14,35,21
"COG8","s1645_S_GON_01_ASEReadCounter.table","NW_015090842.1:10315624",17,51,34
"COG8","s1645_S_GON_01_ASEReadCounter.table","NW_015090842.1:10315693",8,37,29
"COG8","s1645_S_GON_01_ASEReadCounter.table","NW_015090842.1:10315698",9,36,27
"COG8","s1645_S_GON_01_ASEReadCounter.table","NW_015090842.1:10315768",12,32,20
"COG8","s1645_S_GON_01_ASEReadCounter.table","NW_015090842.1:10315769",12,33,21
"COG8","s1645_S_GON_01_ASEReadCounter.table","NW_015090842.1:10315784",15,35,20
"COG8","s1645_S_GON_01_ASEReadCounter.table","NW_015090842.1:10316093",13,44,31
"COG8","s1645_S_GON_01_ASEReadCounter.table","NW_015090842.1:10316133",6,32,26
"NIP7","s1645_S_GON_01_ASEReadCounter.table","NW_015090842.1:10316759",20,42,22
"NIP7","s1645_S_GON_01_ASEReadCounter.table","NW_015090842.1:10316967",156,278,122
"NIP7","s1645_S_GON_01_ASEReadCounter.table","NW_015090842.1:10316995",167,310,143
"NIP7","s1645_S_GON_01_ASEReadCounter.table","NW_015090842.1:10317240",197,387,190
"NIP7","s1645_S_GON_01_ASEReadCounter.table","NW_015090842.1:10317247",195,378,183
"NIP7","s1645_S_GON_01_ASEReadCounter.table","NW_015090842.1:10317264",192,352,160
"NIP7","s1645_S_GON_01_ASEReadCounter.table","NW_015090842.1:10317433",257,474,217
"NIP7","s1645_S_GON_01_ASEReadCounter.table","NW_015090842.1:10317738",228,421,193
"NIP7","s1645_S_GON_01_ASEReadCounter.table","NW_015090842.1:10317769",250,432,182
"NIP7","s1645_S_GON_01_ASEReadCounter.table","NW_015090842.1:10317808",158,278,120
"NIP7","s1645_S_GON_01_ASEReadCounter.table","NW_015090842.1:10317870",91,186,95
"NIP7","s1645_S_GON_01_ASEReadCounter.table","NW_015090842.1:10317871",91,182,91
"NIP7","s1645_S_GON_01_ASEReadCounter.table","NW_015090842.1:10317898",63,129,66
"NIP7","s1645_S_GON_01_ASEReadCounter.table","NW_015090842.1:10317911",60,118,58
"TMED6","s1645_S_GON_01_ASEReadCounter.table","NW_015090842.1:10318514",1,1,0
"TMED6","s1645_S_GON_01_ASEReadCounter.table","NW_015090842.1:10318731",1,1,0
"TERF2","s1645_S_GON_01_ASEReadCounter.table","NW_015090842.1:10321768",59,144,85
"TERF2","s1645_S_GON_01_ASEReadCounter.table","NW_015090842.1:10321777",56,143,87
"TERF2","s1645_S_GON_01_ASEReadCounter.table","NW_015090842.1:10321805",50,150,100
"TERF2","s1645_S_GON_01_ASEReadCounter.table","NW_015090842.1:10321878",79,213,134
"TERF2","s1645_S_GON_01_ASEReadCounter.table","NW_015090842.1:10321893",13,204,191
"TERF2","s1645_S_GON_01_ASEReadCounter.table","NW_015090842.1:10321897",67,182,115
"TERF2","s1645_S_GON_01_ASEReadCounter.table","NW_015090842.1:10321908",63,167,104
"TERF2","s1645_S_GON_01_ASEReadCounter.table","NW_015090842.1:10322001",95,233,138
"TERF2","s1645_S_GON_01_ASEReadCounter.table","NW_015090842.1:10322035",71,191,120
"TERF2","s1645_S_GON_01_ASEReadCounter.table","NW_015090842.1:10322051",78,198,120
"TERF2","s1645_S_GON_01_ASEReadCounter.table","NW_015090842.1:10322137",69,171,102
"TERF2","s1645_S_GON_01_ASEReadCounter.table","NW_015090842.1:10322144",72,172,100
"TERF2","s1645_S_GON_01_ASEReadCounter.table","NW_015090842.1:10322388",34,145,111
"TERF2","s1645_S_GON_01_ASEReadCounter.table","NW_015090842.1:10322396",37,142,105
"TERF2","s1645_S_GON_01_ASEReadCounter.table","NW_015090842.1:10322502",55,163,108
"TERF2","s1645_S_GON_01_ASEReadCounter.table","NW_015090842.1:10322504",55,168,113
"TERF2","s1645_S_GON_01_ASEReadCounter.table","NW_015090842.1:10322510",55,171,116
"TERF2","s1645_S_GON_01_ASEReadCounter.table","NW_015090842.1:10323580",62,141,79
"TERF2","s1645_S_GON_01_ASEReadCounter.table","NW_015090842.1:10324314",48,121,73
"TERF2","s1645_S_GON_01_ASEReadCounter.table","NW_015090842.1:10326832",41,98,57
"TERF2","s1645_S_GON_01_ASEReadCounter.table","NW_015090842.1:10327787",35,77,42
"TERF2","s1645_S_GON_01_ASEReadCounter.table","NW_015090842.1:10328588",32,73,41
"TERF2","s1645_S_GON_01_ASEReadCounter.table","NW_015090842.1:10328644",24,59,35
"TERF2","s1645_S_GON_01_ASEReadCounter.table","NW_015090842.1:10329813",23,53,30
"TERF2","s1645_S_GON_01_ASEReadCounter.table","NW_015090842.1:10330749",17,50,33
"TERF2","s1645_S_GON_01_ASEReadCounter.table","NW_015090842.1:10330789",16,51,35
"CYB5B","s1645_S_GON_01_ASEReadCounter.table","NW_015090842.1:10336595",15,42,27
"CYB5B","s1645_S_GON_01_ASEReadCounter.table","NW_015090842.1:10336667",81,211,130
"CYB5B","s1645_S_GON_01_ASEReadCounter.table","NW_015090842.1:10336689",118,314,196
"CYB5B","s1645_S_GON_01_ASEReadCounter.table","NW_015090842.1:10336728",199,468,269
"CYB5B","s1645_S_GON_01_ASEReadCounter.table","NW_015090842.1:10345068",193,488,295
"CYB5B","s1645_S_GON_01_ASEReadCounter.table","NW_015090842.1:10348800",236,603,367
"CYB5B","s1645_S_GON_01_ASEReadCounter.table","NW_015090842.1:10349046",244,558,314
"CYB5B","s1645_S_GON_01_ASEReadCounter.table","NW_015090842.1:10349119",164,495,331
"CYB5B","s1645_S_GON_01_ASEReadCounter.table","NW_015090842.1:10349146",90,428,338
"CYB5B","s1645_S_GON_01_ASEReadCounter.table","NW_015090842.1:10349157",144,494,350
"CYB5B","s1645_S_GON_01_ASEReadCounter.table","NW_015090842.1:10349263",411,411,0
