"gene","id","snp","ref_count","total_count","alt_count"
"CENPN","s1670_S_LIV_01_ASEReadCounter.table","NW_015090842.1:5801612",0,1,1
"CENPN","s1670_S_LIV_01_ASEReadCounter.table","NW_015090842.1:5801618",1,2,1
"CENPN","s1670_S_LIV_01_ASEReadCounter.table","NW_015090842.1:5801623",1,2,1
"CENPN","s1670_S_LIV_01_ASEReadCounter.table","NW_015090842.1:5801631",2,3,1
"CENPN","s1670_S_LIV_01_ASEReadCounter.table","NW_015090842.1:5801632",2,3,1
"CENPN","s1670_S_LIV_01_ASEReadCounter.table","NW_015090842.1:5801655",2,5,3
"CENPN","s1670_S_LIV_01_ASEReadCounter.table","NW_015090842.1:5801670",2,5,3
"CENPN","s1670_S_LIV_01_ASEReadCounter.table","NW_015090842.1:5801674",2,5,3
"CENPN","s1670_S_LIV_01_ASEReadCounter.table","NW_015090842.1:5801692",2,4,2
"CENPN","s1670_S_LIV_01_ASEReadCounter.table","NW_015090842.1:5802008",2,7,5
"CENPN","s1670_S_LIV_01_ASEReadCounter.table","NW_015090842.1:5802012",2,7,5
"CENPN","s1670_S_LIV_01_ASEReadCounter.table","NW_015090842.1:5802087",0,3,3
"CENPN","s1670_S_LIV_01_ASEReadCounter.table","NW_015090842.1:5810113",1,2,1
"CENPN","s1670_S_LIV_01_ASEReadCounter.table","NW_015090842.1:5810147",2,3,1
"CENPN","s1670_S_LIV_01_ASEReadCounter.table","NW_015090842.1:5810148",2,3,1
"ATMIN","s1670_S_LIV_01_ASEReadCounter.table","NW_015090842.1:5818789",1,5,4
"ATMIN","s1670_S_LIV_01_ASEReadCounter.table","NW_015090842.1:5819958",4,6,2
"ATMIN","s1670_S_LIV_01_ASEReadCounter.table","NW_015090842.1:5820004",5,10,5
"ATMIN","s1670_S_LIV_01_ASEReadCounter.table","NW_015090842.1:5820217",0,1,1
"ATMIN","s1670_S_LIV_01_ASEReadCounter.table","NW_015090842.1:5820298",0,2,2
"ATMIN","s1670_S_LIV_01_ASEReadCounter.table","NW_015090842.1:5820417",2,4,2
"ATMIN","s1670_S_LIV_01_ASEReadCounter.table","NW_015090842.1:5820421",2,4,2
"ATMIN","s1670_S_LIV_01_ASEReadCounter.table","NW_015090842.1:5820448",2,3,1
"ATMIN","s1670_S_LIV_01_ASEReadCounter.table","NW_015090842.1:5820457",2,3,1
"ATMIN","s1670_S_LIV_01_ASEReadCounter.table","NW_015090842.1:5820510",0,1,1
"ATMIN","s1670_S_LIV_01_ASEReadCounter.table","NW_015090842.1:5820673",0,6,6
"ATMIN","s1670_S_LIV_01_ASEReadCounter.table","NW_015090842.1:5820754",2,3,1
"ATMIN","s1670_S_LIV_01_ASEReadCounter.table","NW_015090842.1:5820820",3,5,2
"ATMIN","s1670_S_LIV_01_ASEReadCounter.table","NW_015090842.1:5820865",3,6,3
"ATMIN","s1670_S_LIV_01_ASEReadCounter.table","NW_015090842.1:5820889",5,8,3
"ATMIN","s1670_S_LIV_01_ASEReadCounter.table","NW_015090842.1:5820891",5,8,3
"ATMIN","s1670_S_LIV_01_ASEReadCounter.table","NW_015090842.1:5820997",4,6,2
"ATMIN","s1670_S_LIV_01_ASEReadCounter.table","NW_015090842.1:5821063",6,9,3
"ATMIN","s1670_S_LIV_01_ASEReadCounter.table","NW_015090842.1:5821132",4,10,6
"ATMIN","s1670_S_LIV_01_ASEReadCounter.table","NW_015090842.1:5821645",3,3,0
"ATMIN","s1670_S_LIV_01_ASEReadCounter.table","NW_015090842.1:5825066",7,9,2
"ATMIN","s1670_S_LIV_01_ASEReadCounter.table","NW_015090842.1:5825106",6,8,2
"ATMIN","s1670_S_LIV_01_ASEReadCounter.table","NW_015090842.1:5825122",2,4,2
"ATMIN","s1670_S_LIV_01_ASEReadCounter.table","NW_015090842.1:5825178",6,14,8
"ATMIN","s1670_S_LIV_01_ASEReadCounter.table","NW_015090842.1:5825194",7,13,6
"ATMIN","s1670_S_LIV_01_ASEReadCounter.table","NW_015090842.1:5825195",6,12,6
"ATMIN","s1670_S_LIV_01_ASEReadCounter.table","NW_015090842.1:5825220",6,13,7
"ATMIN","s1670_S_LIV_01_ASEReadCounter.table","NW_015090842.1:5825240",6,12,6
"ATMIN","s1670_S_LIV_01_ASEReadCounter.table","NW_015090842.1:5825303",7,13,6
"ATMIN","s1670_S_LIV_01_ASEReadCounter.table","NW_015090842.1:5825304",7,12,5
"ATMIN","s1670_S_LIV_01_ASEReadCounter.table","NW_015090842.1:5825310",7,15,8
"ATMIN","s1670_S_LIV_01_ASEReadCounter.table","NW_015090842.1:5825406",8,14,6
"ATMIN","s1670_S_LIV_01_ASEReadCounter.table","NW_015090842.1:5825415",8,13,5
"ATMIN","s1670_S_LIV_01_ASEReadCounter.table","NW_015090842.1:5825438",8,13,5
"ATMIN","s1670_S_LIV_01_ASEReadCounter.table","NW_015090842.1:5825485",5,12,7
"ATMIN","s1670_S_LIV_01_ASEReadCounter.table","NW_015090842.1:5825524",7,15,8
"ATMIN","s1670_S_LIV_01_ASEReadCounter.table","NW_015090842.1:5825557",8,15,7
"ATMIN","s1670_S_LIV_01_ASEReadCounter.table","NW_015090842.1:5825571",10,15,5
"ATMIN","s1670_S_LIV_01_ASEReadCounter.table","NW_015090842.1:5825579",9,16,7
"ATMIN","s1670_S_LIV_01_ASEReadCounter.table","NW_015090842.1:5825590",8,14,6
"ATMIN","s1670_S_LIV_01_ASEReadCounter.table","NW_015090842.1:5825689",7,11,4
"ATMIN","s1670_S_LIV_01_ASEReadCounter.table","NW_015090842.1:5825703",9,14,5
"ATMIN","s1670_S_LIV_01_ASEReadCounter.table","NW_015090842.1:5825787",9,15,6
"ATMIN","s1670_S_LIV_01_ASEReadCounter.table","NW_015090842.1:5825833",9,15,6
"ATMIN","s1670_S_LIV_01_ASEReadCounter.table","NW_015090842.1:5825841",6,10,4
"ATMIN","s1670_S_LIV_01_ASEReadCounter.table","NW_015090842.1:5825895",11,16,5
"ATMIN","s1670_S_LIV_01_ASEReadCounter.table","NW_015090842.1:5825984",9,16,7
"ATMIN","s1670_S_LIV_01_ASEReadCounter.table","NW_015090842.1:5826162",10,21,11
"ATMIN","s1670_S_LIV_01_ASEReadCounter.table","NW_015090842.1:5826194",12,23,11
"ATMIN","s1670_S_LIV_01_ASEReadCounter.table","NW_015090842.1:5826235",16,27,11
"ATMIN","s1670_S_LIV_01_ASEReadCounter.table","NW_015090842.1:5826245",17,28,11
"ATMIN","s1670_S_LIV_01_ASEReadCounter.table","NW_015090842.1:5826335",9,15,6
"ATMIN","s1670_S_LIV_01_ASEReadCounter.table","NW_015090842.1:5826417",7,16,9
"ATMIN","s1670_S_LIV_01_ASEReadCounter.table","NW_015090842.1:5826431",3,16,13
"ATMIN","s1670_S_LIV_01_ASEReadCounter.table","NW_015090842.1:5826438",5,14,9
"ATMIN","s1670_S_LIV_01_ASEReadCounter.table","NW_015090842.1:5826463",9,17,8
"ATMIN","s1670_S_LIV_01_ASEReadCounter.table","NW_015090842.1:5826502",13,19,6
"ATMIN","s1670_S_LIV_01_ASEReadCounter.table","NW_015090842.1:5826511",12,17,5
"ATMIN","s1670_S_LIV_01_ASEReadCounter.table","NW_015090842.1:5826659",8,14,6
"ATMIN","s1670_S_LIV_01_ASEReadCounter.table","NW_015090842.1:5826701",7,15,8
"ATMIN","s1670_S_LIV_01_ASEReadCounter.table","NW_015090842.1:5826702",7,15,8
"ATMIN","s1670_S_LIV_01_ASEReadCounter.table","NW_015090842.1:5826732",10,20,10
"ATMIN","s1670_S_LIV_01_ASEReadCounter.table","NW_015090842.1:5826745",14,23,9
"ATMIN","s1670_S_LIV_01_ASEReadCounter.table","NW_015090842.1:5826835",16,33,17
"ATMIN","s1670_S_LIV_01_ASEReadCounter.table","NW_015090842.1:5826910",7,15,8
"ATMIN","s1670_S_LIV_01_ASEReadCounter.table","NW_015090842.1:5826942",5,19,14
"ATMIN","s1670_S_LIV_01_ASEReadCounter.table","NW_015090842.1:5827193",23,36,13
"ATMIN","s1670_S_LIV_01_ASEReadCounter.table","NW_015090842.1:5827196",19,33,14
"ATMIN","s1670_S_LIV_01_ASEReadCounter.table","NW_015090842.1:5827269",23,38,15
"ATMIN","s1670_S_LIV_01_ASEReadCounter.table","NW_015090842.1:5827315",18,27,9
"ATMIN","s1670_S_LIV_01_ASEReadCounter.table","NW_015090842.1:5827316",18,27,9
"ATMIN","s1670_S_LIV_01_ASEReadCounter.table","NW_015090842.1:5827333",21,30,9
"PPP1R3E","s1670_S_LIV_01_ASEReadCounter.table","NW_015090842.1:5837733",3,4,1
"PPP1R3E","s1670_S_LIV_01_ASEReadCounter.table","NW_015090842.1:5837947",8,10,2
"PKD1L2","s1670_S_LIV_01_ASEReadCounter.table","NW_015090842.1:5867509",1,1,0
"PKD1L2","s1670_S_LIV_01_ASEReadCounter.table","NW_015090842.1:5867597",2,2,0
"PKD1L2","s1670_S_LIV_01_ASEReadCounter.table","NW_015090842.1:5867600",2,2,0
"PKD1L2","s1670_S_LIV_01_ASEReadCounter.table","NW_015090842.1:5867660",2,2,0
"PKD1L2","s1670_S_LIV_01_ASEReadCounter.table","NW_015090842.1:5867675",3,3,0
"PKD1L2","s1670_S_LIV_01_ASEReadCounter.table","NW_015090842.1:5867788",1,1,0
"PKD1L2","s1670_S_LIV_01_ASEReadCounter.table","NW_015090842.1:5867843",1,1,0
"BCO1","s1670_S_LIV_01_ASEReadCounter.table","NW_015090842.1:5915610",5,26,21
"BCO1","s1670_S_LIV_01_ASEReadCounter.table","NW_015090842.1:5915646",5,22,17
"BCO1","s1670_S_LIV_01_ASEReadCounter.table","NW_015090842.1:5917836",8,44,36
"BCO1","s1670_S_LIV_01_ASEReadCounter.table","NW_015090842.1:5917912",98,370,272
"BCO1","s1670_S_LIV_01_ASEReadCounter.table","NW_015090842.1:5917941",142,493,351
"BCO1","s1670_S_LIV_01_ASEReadCounter.table","NW_015090842.1:5917971",160,573,413
"BCO1","s1670_S_LIV_01_ASEReadCounter.table","NW_015090842.1:5921679",148,563,415
"BCO1","s1670_S_LIV_01_ASEReadCounter.table","NW_015090842.1:5921726",151,531,380
"BCO1","s1670_S_LIV_01_ASEReadCounter.table","NW_015090842.1:5925669",98,404,306
"BCO1","s1670_S_LIV_01_ASEReadCounter.table","NW_015090842.1:5925753",134,457,323
"BCO1","s1670_S_LIV_01_ASEReadCounter.table","NW_015090842.1:5926937",135,456,321
"BCO1","s1670_S_LIV_01_ASEReadCounter.table","NW_015090842.1:5927921",126,486,360
"BCO1","s1670_S_LIV_01_ASEReadCounter.table","NW_015090842.1:5927948",126,523,397
"BCO1","s1670_S_LIV_01_ASEReadCounter.table","NW_015090842.1:5927968",130,535,405
"BCO1","s1670_S_LIV_01_ASEReadCounter.table","NW_015090842.1:5928052",123,464,341
"BCO1","s1670_S_LIV_01_ASEReadCounter.table","NW_015090842.1:5932726",233,845,612
"BCO1","s1670_S_LIV_01_ASEReadCounter.table","NW_015090842.1:5932801",173,614,441
"BCO1","s1670_S_LIV_01_ASEReadCounter.table","NW_015090842.1:5934558",180,643,463
"BCO1","s1670_S_LIV_01_ASEReadCounter.table","NW_015090842.1:5934575",188,669,481
"BCO1","s1670_S_LIV_01_ASEReadCounter.table","NW_015090842.1:5934608",192,692,500
"BCO1","s1670_S_LIV_01_ASEReadCounter.table","NW_015090842.1:5934647",174,601,427
"BCO1","s1670_S_LIV_01_ASEReadCounter.table","NW_015090842.1:5934725",162,537,375
"BCO1","s1670_S_LIV_01_ASEReadCounter.table","NW_015090842.1:5934726",162,538,376
"BCO1","s1670_S_LIV_01_ASEReadCounter.table","NW_015090842.1:5934733",164,499,335
"BCO1","s1670_S_LIV_01_ASEReadCounter.table","NW_015090842.1:5934821",157,504,347
"BCO1","s1670_S_LIV_01_ASEReadCounter.table","NW_015090842.1:5934826",147,500,353
"BCO1","s1670_S_LIV_01_ASEReadCounter.table","NW_015090842.1:5934844",89,347,258
"BCO1","s1670_S_LIV_01_ASEReadCounter.table","NW_015090842.1:5934958",171,492,321
"BCO1","s1670_S_LIV_01_ASEReadCounter.table","NW_015090842.1:5934976",163,515,352
"GAN","s1670_S_LIV_01_ASEReadCounter.table","NW_015090842.1:5953759",1,4,3
"GAN","s1670_S_LIV_01_ASEReadCounter.table","NW_015090842.1:5957502",3,11,8
"GAN","s1670_S_LIV_01_ASEReadCounter.table","NW_015090842.1:5957578",4,10,6
"GAN","s1670_S_LIV_01_ASEReadCounter.table","NW_015090842.1:5965028",4,7,3
"GAN","s1670_S_LIV_01_ASEReadCounter.table","NW_015090842.1:5966047",0,7,7
"GAN","s1670_S_LIV_01_ASEReadCounter.table","NW_015090842.1:5966126",2,10,8
"GAN","s1670_S_LIV_01_ASEReadCounter.table","NW_015090842.1:5966127",2,11,9
"GAN","s1670_S_LIV_01_ASEReadCounter.table","NW_015090842.1:5966162",4,14,10
"GAN","s1670_S_LIV_01_ASEReadCounter.table","NW_015090842.1:5966483",3,16,13
"CMIP","s1670_S_LIV_01_ASEReadCounter.table","NW_015090842.1:6109159",6,8,2
"CMIP","s1670_S_LIV_01_ASEReadCounter.table","NW_015090842.1:6109166",6,8,2
"CMIP","s1670_S_LIV_01_ASEReadCounter.table","NW_015090842.1:6114641",8,16,8
"CMIP","s1670_S_LIV_01_ASEReadCounter.table","NW_015090842.1:6114751",5,9,4
"CMIP","s1670_S_LIV_01_ASEReadCounter.table","NW_015090842.1:6114824",6,9,3
"CMIP","s1670_S_LIV_01_ASEReadCounter.table","NW_015090842.1:6128998",12,17,5
"CMIP","s1670_S_LIV_01_ASEReadCounter.table","NW_015090842.1:6130562",12,23,11
"CMIP","s1670_S_LIV_01_ASEReadCounter.table","NW_015090842.1:6132522",9,18,9
"CMIP","s1670_S_LIV_01_ASEReadCounter.table","NW_015090842.1:6134088",18,31,13
"CMIP","s1670_S_LIV_01_ASEReadCounter.table","NW_015090842.1:6138265",24,46,22
"CMIP","s1670_S_LIV_01_ASEReadCounter.table","NW_015090842.1:6138300",24,42,18
"CMIP","s1670_S_LIV_01_ASEReadCounter.table","NW_015090842.1:6138342",23,37,14
"CMIP","s1670_S_LIV_01_ASEReadCounter.table","NW_015090842.1:6138343",23,38,15
"CMIP","s1670_S_LIV_01_ASEReadCounter.table","NW_015090842.1:6138345",23,38,15
"CMIP","s1670_S_LIV_01_ASEReadCounter.table","NW_015090842.1:6138647",17,25,8
"CMIP","s1670_S_LIV_01_ASEReadCounter.table","NW_015090842.1:6138745",20,35,15
"CMIP","s1670_S_LIV_01_ASEReadCounter.table","NW_015090842.1:6138832",4,7,3
"CMIP","s1670_S_LIV_01_ASEReadCounter.table","NW_015090842.1:6138967",17,29,12
"CMIP","s1670_S_LIV_01_ASEReadCounter.table","NW_015090842.1:6139131",8,13,5
"CMIP","s1670_S_LIV_01_ASEReadCounter.table","NW_015090842.1:6139163",1,6,5
"CMIP","s1670_S_LIV_01_ASEReadCounter.table","NW_015090842.1:6139360",9,13,4
"CMIP","s1670_S_LIV_01_ASEReadCounter.table","NW_015090842.1:6139572",2,6,4
"CMIP","s1670_S_LIV_01_ASEReadCounter.table","NW_015090842.1:6139773",19,19,0
"PLCG2","s1670_S_LIV_01_ASEReadCounter.table","NW_015090842.1:6179613",8,12,4
"PLCG2","s1670_S_LIV_01_ASEReadCounter.table","NW_015090842.1:6179658",28,31,3
"PLCG2","s1670_S_LIV_01_ASEReadCounter.table","NW_015090842.1:6203766",6,20,14
"PLCG2","s1670_S_LIV_01_ASEReadCounter.table","NW_015090842.1:6203775",5,19,14
"PLCG2","s1670_S_LIV_01_ASEReadCounter.table","NW_015090842.1:6203787",7,20,13
"PLCG2","s1670_S_LIV_01_ASEReadCounter.table","NW_015090842.1:6205047",6,16,10
"PLCG2","s1670_S_LIV_01_ASEReadCounter.table","NW_015090842.1:6208541",5,16,11
"PLCG2","s1670_S_LIV_01_ASEReadCounter.table","NW_015090842.1:6209741",7,20,13
"PLCG2","s1670_S_LIV_01_ASEReadCounter.table","NW_015090842.1:6209798",7,22,15
"PLCG2","s1670_S_LIV_01_ASEReadCounter.table","NW_015090842.1:6209816",10,27,17
"PLCG2","s1670_S_LIV_01_ASEReadCounter.table","NW_015090842.1:6217547",9,31,22
"PLCG2","s1670_S_LIV_01_ASEReadCounter.table","NW_015090842.1:6218641",13,28,15
"PLCG2","s1670_S_LIV_01_ASEReadCounter.table","NW_015090842.1:6220552",15,30,15
"PLCG2","s1670_S_LIV_01_ASEReadCounter.table","NW_015090842.1:6221969",21,43,22
"PLCG2","s1670_S_LIV_01_ASEReadCounter.table","NW_015090842.1:6228672",13,29,16
"PLCG2","s1670_S_LIV_01_ASEReadCounter.table","NW_015090842.1:6228694",14,26,12
"PLCG2","s1670_S_LIV_01_ASEReadCounter.table","NW_015090842.1:6228722",18,32,14
"PLCG2","s1670_S_LIV_01_ASEReadCounter.table","NW_015090842.1:6228747",11,25,14
"PLCG2","s1670_S_LIV_01_ASEReadCounter.table","NW_015090842.1:6228835",19,36,17
"PLCG2","s1670_S_LIV_01_ASEReadCounter.table","NW_015090842.1:6228841",18,34,16
"PLCG2","s1670_S_LIV_01_ASEReadCounter.table","NW_015090842.1:6228865",20,39,19
"PLCG2","s1670_S_LIV_01_ASEReadCounter.table","NW_015090842.1:6228917",18,43,25
"PLCG2","s1670_S_LIV_01_ASEReadCounter.table","NW_015090842.1:6228926",13,39,26
"PLCG2","s1670_S_LIV_01_ASEReadCounter.table","NW_015090842.1:6228954",14,30,16
"PLCG2","s1670_S_LIV_01_ASEReadCounter.table","NW_015090842.1:6229002",21,29,8
"PLCG2","s1670_S_LIV_01_ASEReadCounter.table","NW_015090842.1:6229006",21,29,8
"PLCG2","s1670_S_LIV_01_ASEReadCounter.table","NW_015090842.1:6229081",11,20,9
"PLCG2","s1670_S_LIV_01_ASEReadCounter.table","NW_015090842.1:6229097",8,16,8
"PLCG2","s1670_S_LIV_01_ASEReadCounter.table","NW_015090842.1:6229160",7,18,11
"PLCG2","s1670_S_LIV_01_ASEReadCounter.table","NW_015090842.1:6229213",9,16,7
"PLCG2","s1670_S_LIV_01_ASEReadCounter.table","NW_015090842.1:6229231",8,16,8
"PLCG2","s1670_S_LIV_01_ASEReadCounter.table","NW_015090842.1:6229663",18,23,5
"PLCG2","s1670_S_LIV_01_ASEReadCounter.table","NW_015090842.1:6229748",14,17,3
"PLCG2","s1670_S_LIV_01_ASEReadCounter.table","NW_015090842.1:6229892",8,14,6
"PLCG2","s1670_S_LIV_01_ASEReadCounter.table","NW_015090842.1:6230248",17,22,5
"PLCG2","s1670_S_LIV_01_ASEReadCounter.table","NW_015090842.1:6230255",15,20,5
"PLCG2","s1670_S_LIV_01_ASEReadCounter.table","NW_015090842.1:6230296",10,15,5
"PLCG2","s1670_S_LIV_01_ASEReadCounter.table","NW_015090842.1:6230349",14,20,6
"PLCG2","s1670_S_LIV_01_ASEReadCounter.table","NW_015090842.1:6230381",21,25,4
"PLCG2","s1670_S_LIV_01_ASEReadCounter.table","NW_015090842.1:6230408",23,29,6
"PLCG2","s1670_S_LIV_01_ASEReadCounter.table","NW_015090842.1:6230439",20,27,7
"PLCG2","s1670_S_LIV_01_ASEReadCounter.table","NW_015090842.1:6230757",4,8,4
"PLCG2","s1670_S_LIV_01_ASEReadCounter.table","NW_015090842.1:6230758",5,9,4
"PLCG2","s1670_S_LIV_01_ASEReadCounter.table","NW_015090842.1:6230898",24,31,7
"PLCG2","s1670_S_LIV_01_ASEReadCounter.table","NW_015090842.1:6230976",26,34,8
"PLCG2","s1670_S_LIV_01_ASEReadCounter.table","NW_015090842.1:6231078",38,46,8
"PLCG2","s1670_S_LIV_01_ASEReadCounter.table","NW_015090842.1:6231138",37,46,9
"PLCG2","s1670_S_LIV_01_ASEReadCounter.table","NW_015090842.1:6231177",32,39,7
"PLCG2","s1670_S_LIV_01_ASEReadCounter.table","NW_015090842.1:6231263",29,32,3
"PLCG2","s1670_S_LIV_01_ASEReadCounter.table","NW_015090842.1:6231309",16,18,2
"SDR42E1","s1670_S_LIV_01_ASEReadCounter.table","NW_015090842.1:6235292",0,3,3
"SDR42E1","s1670_S_LIV_01_ASEReadCounter.table","NW_015090842.1:6235315",3,7,4
"SDR42E1","s1670_S_LIV_01_ASEReadCounter.table","NW_015090842.1:6235348",8,17,9
"SDR42E1","s1670_S_LIV_01_ASEReadCounter.table","NW_015090842.1:6235355",8,18,10
"SDR42E1","s1670_S_LIV_01_ASEReadCounter.table","NW_015090842.1:6235417",11,22,11
"SDR42E1","s1670_S_LIV_01_ASEReadCounter.table","NW_015090842.1:6235526",23,23,0
"SDR42E1","s1670_S_LIV_01_ASEReadCounter.table","NW_015090842.1:6235558",10,16,6
"SDR42E1","s1670_S_LIV_01_ASEReadCounter.table","NW_015090842.1:6235603",22,22,0
"SDR42E1","s1670_S_LIV_01_ASEReadCounter.table","NW_015090842.1:6235741",24,34,10
"SDR42E1","s1670_S_LIV_01_ASEReadCounter.table","NW_015090842.1:6235777",23,36,13
"SDR42E1","s1670_S_LIV_01_ASEReadCounter.table","NW_015090842.1:6235806",25,43,18
"SDR42E1","s1670_S_LIV_01_ASEReadCounter.table","NW_015090842.1:6235809",25,44,19
"SDR42E1","s1670_S_LIV_01_ASEReadCounter.table","NW_015090842.1:6235816",28,46,18
"SDR42E1","s1670_S_LIV_01_ASEReadCounter.table","NW_015090842.1:6235914",15,27,12
"SDR42E1","s1670_S_LIV_01_ASEReadCounter.table","NW_015090842.1:6235935",18,28,10
"SDR42E1","s1670_S_LIV_01_ASEReadCounter.table","NW_015090842.1:6235957",19,30,11
"SDR42E1","s1670_S_LIV_01_ASEReadCounter.table","NW_015090842.1:6236040",8,14,6
"SDR42E1","s1670_S_LIV_01_ASEReadCounter.table","NW_015090842.1:6236260",21,33,12
"SDR42E1","s1670_S_LIV_01_ASEReadCounter.table","NW_015090842.1:6236281",17,26,9
"SDR42E1","s1670_S_LIV_01_ASEReadCounter.table","NW_015090842.1:6236305",16,26,10
"SDR42E1","s1670_S_LIV_01_ASEReadCounter.table","NW_015090842.1:6236458",12,25,13
"SDR42E1","s1670_S_LIV_01_ASEReadCounter.table","NW_015090842.1:6236476",13,25,12
"SDR42E1","s1670_S_LIV_01_ASEReadCounter.table","NW_015090842.1:6236608",8,16,8
"SDR42E1","s1670_S_LIV_01_ASEReadCounter.table","NW_015090842.1:6238244",11,17,6
"SDR42E1","s1670_S_LIV_01_ASEReadCounter.table","NW_015090842.1:6238829",3,7,4
"HSD17B2","s1670_S_LIV_01_ASEReadCounter.table","NW_015090842.1:6257829",1,1,0
"HSD17B2","s1670_S_LIV_01_ASEReadCounter.table","NW_015090842.1:6266125",1,2,1
"HSD17B2","s1670_S_LIV_01_ASEReadCounter.table","NW_015090842.1:6266135",2,2,0
"HSD17B2","s1670_S_LIV_01_ASEReadCounter.table","NW_015090842.1:6266795",1,2,1
"HSD17B2","s1670_S_LIV_01_ASEReadCounter.table","NW_015090842.1:6266918",2,2,0
"HSD17B2","s1670_S_LIV_01_ASEReadCounter.table","NW_015090842.1:6266944",0,1,1
"HSD17B2","s1670_S_LIV_01_ASEReadCounter.table","NW_015090842.1:6266997",0,1,1
"HSD17B2","s1670_S_LIV_01_ASEReadCounter.table","NW_015090842.1:6267196",0,1,1
"HSD17B2","s1670_S_LIV_01_ASEReadCounter.table","NW_015090842.1:6267273",0,1,1
"HSD17B2","s1670_S_LIV_01_ASEReadCounter.table","NW_015090842.1:6267358",0,1,1
"HSD17B2","s1670_S_LIV_01_ASEReadCounter.table","NW_015090842.1:6267674",3,3,0
"HSD17B2","s1670_S_LIV_01_ASEReadCounter.table","NW_015090842.1:6267913",2,2,0
"HSD17B2","s1670_S_LIV_01_ASEReadCounter.table","NW_015090842.1:6268098",1,1,0
"HSD17B2","s1670_S_LIV_01_ASEReadCounter.table","NW_015090842.1:6268180",1,1,0
"HSD17B2","s1670_S_LIV_01_ASEReadCounter.table","NW_015090842.1:6268203",2,2,0
"ARY2","s1670_S_LIV_01_ASEReadCounter.table","NW_015090842.1:6303922",3,5,2
"ARY2","s1670_S_LIV_01_ASEReadCounter.table","NW_015090842.1:6303954",3,7,4
"ARY2","s1670_S_LIV_01_ASEReadCounter.table","NW_015090842.1:6303979",3,8,5
"ARY2","s1670_S_LIV_01_ASEReadCounter.table","NW_015090842.1:6305848",6,12,6
"ARY2","s1670_S_LIV_01_ASEReadCounter.table","NW_015090842.1:6305856",6,11,5
"ARY2","s1670_S_LIV_01_ASEReadCounter.table","NW_015090842.1:6305857",6,11,5
"ARY2","s1670_S_LIV_01_ASEReadCounter.table","NW_015090842.1:6306017",7,20,13
"ARY2","s1670_S_LIV_01_ASEReadCounter.table","NW_015090842.1:6306052",6,28,22
"ARY2","s1670_S_LIV_01_ASEReadCounter.table","NW_015090842.1:6306094",7,29,22
"ARY2","s1670_S_LIV_01_ASEReadCounter.table","NW_015090842.1:6306100",7,30,23
"ARY2","s1670_S_LIV_01_ASEReadCounter.table","NW_015090842.1:6306146",11,26,15
"ARY2","s1670_S_LIV_01_ASEReadCounter.table","NW_015090842.1:6306147",11,25,14
"ARY2","s1670_S_LIV_01_ASEReadCounter.table","NW_015090842.1:6306390",10,28,18
"ARY2","s1670_S_LIV_01_ASEReadCounter.table","NW_015090842.1:6306567",5,13,8
"ARY2","s1670_S_LIV_01_ASEReadCounter.table","NW_015090842.1:6306705",8,12,4
"ARY2","s1670_S_LIV_01_ASEReadCounter.table","NW_015090842.1:6306713",11,11,0
"ARY2","s1670_S_LIV_01_ASEReadCounter.table","NW_015090842.1:6306773",3,5,2
"ARY2","s1670_S_LIV_01_ASEReadCounter.table","NW_015090842.1:6307039",4,8,4
"ARY2","s1670_S_LIV_01_ASEReadCounter.table","NW_015090842.1:6307043",4,8,4
"ARY2","s1670_S_LIV_01_ASEReadCounter.table","NW_015090842.1:6307093",4,9,5
"ARY2","s1670_S_LIV_01_ASEReadCounter.table","NW_015090842.1:6307138",4,9,5
"ARY2","s1670_S_LIV_01_ASEReadCounter.table","NW_015090842.1:6307157",5,9,4
"ARY2","s1670_S_LIV_01_ASEReadCounter.table","NW_015090842.1:6307187",5,9,4
"ARY2","s1670_S_LIV_01_ASEReadCounter.table","NW_015090842.1:6307278",4,8,4
"ARY2","s1670_S_LIV_01_ASEReadCounter.table","NW_015090842.1:6307305",5,10,5
"ARY2","s1670_S_LIV_01_ASEReadCounter.table","NW_015090842.1:6307318",7,12,5
"ARY2","s1670_S_LIV_01_ASEReadCounter.table","NW_015090842.1:6307429",4,6,2
"ARY2","s1670_S_LIV_01_ASEReadCounter.table","NW_015090842.1:6307487",6,10,4
"ARY2","s1670_S_LIV_01_ASEReadCounter.table","NW_015090842.1:6307670",2,4,2
"ARYL","s1670_S_LIV_01_ASEReadCounter.table","NW_015090842.1:6313360",18,39,21
"ARYL","s1670_S_LIV_01_ASEReadCounter.table","NW_015090842.1:6313377",18,37,19
"ARYL","s1670_S_LIV_01_ASEReadCounter.table","NW_015090842.1:6313767",16,39,23
"ARY1","s1670_S_LIV_01_ASEReadCounter.table","NW_015090842.1:6313909",33,33,0
"ARY1","s1670_S_LIV_01_ASEReadCounter.table","NW_015090842.1:6314296",23,45,22
"ARY1","s1670_S_LIV_01_ASEReadCounter.table","NW_015090842.1:6314541",14,32,18
"ARY1","s1670_S_LIV_01_ASEReadCounter.table","NW_015090842.1:6314597",17,46,29
"ARY1","s1670_S_LIV_01_ASEReadCounter.table","NW_015090842.1:6314750",9,26,17
"ARY1","s1670_S_LIV_01_ASEReadCounter.table","NW_015090842.1:6314794",9,25,16
"ARY1","s1670_S_LIV_01_ASEReadCounter.table","NW_015090842.1:6314827",11,28,17
"ARY1","s1670_S_LIV_01_ASEReadCounter.table","NW_015090842.1:6314843",15,32,17
"ARY1","s1670_S_LIV_01_ASEReadCounter.table","NW_015090842.1:6314859",23,39,16
"ARY1","s1670_S_LIV_01_ASEReadCounter.table","NW_015090842.1:6314886",26,44,18
"ARY1","s1670_S_LIV_01_ASEReadCounter.table","NW_015090842.1:6314943",39,40,1
"ARY1","s1670_S_LIV_01_ASEReadCounter.table","NW_015090842.1:6314949",38,38,0
"ARY1","s1670_S_LIV_01_ASEReadCounter.table","NW_015090842.1:6315022",20,35,15
"ARY1","s1670_S_LIV_01_ASEReadCounter.table","NW_015090842.1:6315026",21,36,15
"ARY1","s1670_S_LIV_01_ASEReadCounter.table","NW_015090842.1:6315043",19,33,14
"ARY1","s1670_S_LIV_01_ASEReadCounter.table","NW_015090842.1:6315065",19,35,16
"ARY1","s1670_S_LIV_01_ASEReadCounter.table","NW_015090842.1:6315409",18,38,20
"ARY1","s1670_S_LIV_01_ASEReadCounter.table","NW_015090842.1:6315479",24,55,31
"ARY1","s1670_S_LIV_01_ASEReadCounter.table","NW_015090842.1:6318342",33,60,27
"ARY1","s1670_S_LIV_01_ASEReadCounter.table","NW_015090842.1:6318427",36,77,41
"ARY1","s1670_S_LIV_01_ASEReadCounter.table","NW_015090842.1:6318603",17,45,28
"ARY1","s1670_S_LIV_01_ASEReadCounter.table","NW_015090842.1:6318708",30,57,27
"ARY1","s1670_S_LIV_01_ASEReadCounter.table","NW_015090842.1:6318858",26,56,30
"ARY1","s1670_S_LIV_01_ASEReadCounter.table","NW_015090842.1:6318952",39,78,39
"MPHOSPH6","s1670_S_LIV_01_ASEReadCounter.table","NW_015090842.1:6324063",18,40,22
"MPHOSPH6","s1670_S_LIV_01_ASEReadCounter.table","NW_015090842.1:6324174",34,83,49
"MPHOSPH6","s1670_S_LIV_01_ASEReadCounter.table","NW_015090842.1:6324270",38,91,53
"MPHOSPH6","s1670_S_LIV_01_ASEReadCounter.table","NW_015090842.1:6324762",49,106,57
"MPHOSPH6","s1670_S_LIV_01_ASEReadCounter.table","NW_015090842.1:6324772",54,100,46
"MPHOSPH6","s1670_S_LIV_01_ASEReadCounter.table","NW_015090842.1:6324780",50,97,47
"MPHOSPH6","s1670_S_LIV_01_ASEReadCounter.table","NW_015090842.1:6324902",49,109,60
"MPHOSPH6","s1670_S_LIV_01_ASEReadCounter.table","NW_015090842.1:6324910",111,111,0
"MPHOSPH6","s1670_S_LIV_01_ASEReadCounter.table","NW_015090842.1:6325066",34,91,57
"MPHOSPH6","s1670_S_LIV_01_ASEReadCounter.table","NW_015090842.1:6325089",44,107,63
"MPHOSPH6","s1670_S_LIV_01_ASEReadCounter.table","NW_015090842.1:6325298",87,179,92
"MPHOSPH6","s1670_S_LIV_01_ASEReadCounter.table","NW_015090842.1:6325877",50,123,73
"MPHOSPH6","s1670_S_LIV_01_ASEReadCounter.table","NW_015090842.1:6326976",36,81,45
"CDH13","s1670_S_LIV_01_ASEReadCounter.table","NW_015090842.1:6662283",2,6,4
"CDH13","s1670_S_LIV_01_ASEReadCounter.table","NW_015090842.1:6693665",1,4,3
"CDH13","s1670_S_LIV_01_ASEReadCounter.table","NW_015090842.1:6693697",1,1,0
"CDH13","s1670_S_LIV_01_ASEReadCounter.table","NW_015090842.1:6693712",1,1,0
"CDH13","s1670_S_LIV_01_ASEReadCounter.table","NW_015090842.1:6693723",1,1,0
"CDH13","s1670_S_LIV_01_ASEReadCounter.table","NW_015090842.1:6693738",0,1,1
"CDH13","s1670_S_LIV_01_ASEReadCounter.table","NW_015090842.1:6823730",2,3,1
"CDH13","s1670_S_LIV_01_ASEReadCounter.table","NW_015090842.1:6889713",0,2,2
"CDH13","s1670_S_LIV_01_ASEReadCounter.table","NW_015090842.1:6955167",0,5,5
"MLYCD","s1670_S_LIV_01_ASEReadCounter.table","NW_015090842.1:7150054",24,58,34
"MLYCD","s1670_S_LIV_01_ASEReadCounter.table","NW_015090842.1:7150131",42,105,63
"MLYCD","s1670_S_LIV_01_ASEReadCounter.table","NW_015090842.1:7150585",32,60,28
"MLYCD","s1670_S_LIV_01_ASEReadCounter.table","NW_015090842.1:7150686",23,54,31
"MLYCD","s1670_S_LIV_01_ASEReadCounter.table","NW_015090842.1:7150696",23,56,33
"MLYCD","s1670_S_LIV_01_ASEReadCounter.table","NW_015090842.1:7150698",56,56,0
"MLYCD","s1670_S_LIV_01_ASEReadCounter.table","NW_015090842.1:7150869",19,43,24
"MLYCD","s1670_S_LIV_01_ASEReadCounter.table","NW_015090842.1:7151100",18,43,25
"MLYCD","s1670_S_LIV_01_ASEReadCounter.table","NW_015090842.1:7151127",19,46,27
"MLYCD","s1670_S_LIV_01_ASEReadCounter.table","NW_015090842.1:7157538",26,47,21
"MLYCD","s1670_S_LIV_01_ASEReadCounter.table","NW_015090842.1:7167662",5,20,15
"MLYCD","s1670_S_LIV_01_ASEReadCounter.table","NW_015090842.1:7167675",5,21,16
"MLYCD","s1670_S_LIV_01_ASEReadCounter.table","NW_015090842.1:7167710",6,22,16
"MLYCD","s1670_S_LIV_01_ASEReadCounter.table","NW_015090842.1:7167781",8,17,9
"MLYCD","s1670_S_LIV_01_ASEReadCounter.table","NW_015090842.1:7167803",5,9,4
"MLYCD","s1670_S_LIV_01_ASEReadCounter.table","NW_015090842.1:7167812",5,10,5
"MLYCD","s1670_S_LIV_01_ASEReadCounter.table","NW_015090842.1:7167845",6,12,6
"MLYCD","s1670_S_LIV_01_ASEReadCounter.table","NW_015090842.1:7167862",5,12,7
"MLYCD","s1670_S_LIV_01_ASEReadCounter.table","NW_015090842.1:7167929",3,11,8
"MLYCD","s1670_S_LIV_01_ASEReadCounter.table","NW_015090842.1:7167995",4,11,7
"MLYCD","s1670_S_LIV_01_ASEReadCounter.table","NW_015090842.1:7168005",4,11,7
"MLYCD","s1670_S_LIV_01_ASEReadCounter.table","NW_015090842.1:7168037",3,5,2
"HSBP1","s1670_S_LIV_01_ASEReadCounter.table","NW_015090842.1:7245192",65,104,39
"HSBP1","s1670_S_LIV_01_ASEReadCounter.table","NW_015090842.1:7245226",60,106,46
"HSBP1","s1670_S_LIV_01_ASEReadCounter.table","NW_015090842.1:7245257",51,88,37
"HSBP1","s1670_S_LIV_01_ASEReadCounter.table","NW_015090842.1:7245296",46,91,45
"HSBP1","s1670_S_LIV_01_ASEReadCounter.table","NW_015090842.1:7245389",73,131,58
"HSBP1","s1670_S_LIV_01_ASEReadCounter.table","NW_015090842.1:7245400",70,121,51
"HSBP1","s1670_S_LIV_01_ASEReadCounter.table","NW_015090842.1:7245445",73,135,62
"HSBP1","s1670_S_LIV_01_ASEReadCounter.table","NW_015090842.1:7245495",58,121,63
"HSBP1","s1670_S_LIV_01_ASEReadCounter.table","NW_015090842.1:7245515",60,133,73
"HSBP1","s1670_S_LIV_01_ASEReadCounter.table","NW_015090842.1:7245733",38,81,43
"HSBP1","s1670_S_LIV_01_ASEReadCounter.table","NW_015090842.1:7245771",47,92,45
"HSBP1","s1670_S_LIV_01_ASEReadCounter.table","NW_015090842.1:7245813",44,78,34
"HSBP1","s1670_S_LIV_01_ASEReadCounter.table","NW_015090842.1:7245926",39,88,49
"HSBP1","s1670_S_LIV_01_ASEReadCounter.table","NW_015090842.1:7245927",40,89,49
"HSBP1","s1670_S_LIV_01_ASEReadCounter.table","NW_015090842.1:7245933",40,88,48
"HSBP1","s1670_S_LIV_01_ASEReadCounter.table","NW_015090842.1:7246002",43,78,35
"HSBP1","s1670_S_LIV_01_ASEReadCounter.table","NW_015090842.1:7246094",46,96,50
"HSBP1","s1670_S_LIV_01_ASEReadCounter.table","NW_015090842.1:7246167",48,85,37
"HSBP1","s1670_S_LIV_01_ASEReadCounter.table","NW_015090842.1:7246183",53,90,37
"HSBP1","s1670_S_LIV_01_ASEReadCounter.table","NW_015090842.1:7247285",24,35,11
"HSBP1","s1670_S_LIV_01_ASEReadCounter.table","NW_015090842.1:7247651",118,277,159
"HSBP1","s1670_S_LIV_01_ASEReadCounter.table","NW_015090842.1:7247657",118,277,159
"HSBP1","s1670_S_LIV_01_ASEReadCounter.table","NW_015090842.1:7248520",75,182,107
"HSBP1","s1670_S_LIV_01_ASEReadCounter.table","NW_015090842.1:7248535",64,144,80
"WFDC1","s1670_S_LIV_01_ASEReadCounter.table","NW_015090842.1:7366517",3,3,0
"ATP2C2","s1670_S_LIV_01_ASEReadCounter.table","NW_015090842.1:7413747",0,4,4
"TLDC1","s1670_S_LIV_01_ASEReadCounter.table","NW_015090842.1:7421997",29,55,26
"COTL1","s1670_S_LIV_01_ASEReadCounter.table","NW_015090842.1:7490707",91,180,89
"COTL1","s1670_S_LIV_01_ASEReadCounter.table","NW_015090842.1:7490708",92,185,93
"COTL1","s1670_S_LIV_01_ASEReadCounter.table","NW_015090842.1:7490711",93,187,94
"COTL1","s1670_S_LIV_01_ASEReadCounter.table","NW_015090842.1:7490739",84,175,91
"COTL1","s1670_S_LIV_01_ASEReadCounter.table","NW_015090842.1:7490785",83,171,88
"COTL1","s1670_S_LIV_01_ASEReadCounter.table","NW_015090842.1:7490820",13,118,105
"COTL1","s1670_S_LIV_01_ASEReadCounter.table","NW_015090842.1:7490846",94,186,92
"KLHL36","s1670_S_LIV_01_ASEReadCounter.table","NW_015090842.1:7526337",3,3,0
"KLHL36","s1670_S_LIV_01_ASEReadCounter.table","NW_015090842.1:7537681",7,7,0
"USP10","s1670_S_LIV_01_ASEReadCounter.table","NW_015090842.1:7572213",22,48,26
"USP10","s1670_S_LIV_01_ASEReadCounter.table","NW_015090842.1:7572358",35,35,0
"CRISPLD2","s1670_S_LIV_01_ASEReadCounter.table","NW_015090842.1:7619796",3,5,2
"CRISPLD2","s1670_S_LIV_01_ASEReadCounter.table","NW_015090842.1:7630779",5,5,0
"CRISPLD2","s1670_S_LIV_01_ASEReadCounter.table","NW_015090842.1:7633611",6,6,0
"CRISPLD2","s1670_S_LIV_01_ASEReadCounter.table","NW_015090842.1:7633787",6,7,1
"CRISPLD2","s1670_S_LIV_01_ASEReadCounter.table","NW_015090842.1:7634023",1,2,1
"CRISPLD2","s1670_S_LIV_01_ASEReadCounter.table","NW_015090842.1:7634620",11,11,0
"CRISPLD2","s1670_S_LIV_01_ASEReadCounter.table","NW_015090842.1:7636315",0,1,1
"LOC106888312","s1670_S_LIV_01_ASEReadCounter.table","NW_015090842.1:7732198",109,209,100
"MTHFSD","s1670_S_LIV_01_ASEReadCounter.table","NW_015090842.1:8152578",14,25,11
"DUSP15","s1670_S_LIV_01_ASEReadCounter.table","NW_015090842.1:8422840",0,1,1
"EMC8","s1670_S_LIV_01_ASEReadCounter.table","NW_015090842.1:8452385",10,16,6
"GINS2","s1670_S_LIV_01_ASEReadCounter.table","NW_015090842.1:8467469",8,8,0
"GINS2","s1670_S_LIV_01_ASEReadCounter.table","NW_015090842.1:8470290",11,17,6
"GINS2","s1670_S_LIV_01_ASEReadCounter.table","NW_015090842.1:8470305",11,18,7
"GINS2","s1670_S_LIV_01_ASEReadCounter.table","NW_015090842.1:8470376",10,15,5
"GINS2","s1670_S_LIV_01_ASEReadCounter.table","NW_015090842.1:8471057",0,2,2
"GSE1","s1670_S_LIV_01_ASEReadCounter.table","NW_015090842.1:8483570",2,2,0
"KIAA0513","s1670_S_LIV_01_ASEReadCounter.table","NW_015090842.1:8674736",9,9,0
"KIAA0513","s1670_S_LIV_01_ASEReadCounter.table","NW_015090842.1:8693655",1,1,0
"ZCCHC14","s1670_S_LIV_01_ASEReadCounter.table","NW_015090842.1:8750189",34,34,0
"KLHDC4","s1670_S_LIV_01_ASEReadCounter.table","NW_015090842.1:8891175",56,102,46
"KLHDC4","s1670_S_LIV_01_ASEReadCounter.table","NW_015090842.1:8905251",15,34,19
"KLHDC4","s1670_S_LIV_01_ASEReadCounter.table","NW_015090842.1:8919630",4,5,1
"SLC7A5","s1670_S_LIV_01_ASEReadCounter.table","NW_015090842.1:8940382",17,17,0
"SLC7A5","s1670_S_LIV_01_ASEReadCounter.table","NW_015090842.1:8941818",6,6,0
"SLC7A5","s1670_S_LIV_01_ASEReadCounter.table","NW_015090842.1:8944655",7,7,0
"CA5A","s1670_S_LIV_01_ASEReadCounter.table","NW_015090842.1:8989479",56,107,51
"CA5A","s1670_S_LIV_01_ASEReadCounter.table","NW_015090842.1:8989562",79,146,67
"CA5A","s1670_S_LIV_01_ASEReadCounter.table","NW_015090842.1:8989609",88,153,65
"CA5A","s1670_S_LIV_01_ASEReadCounter.table","NW_015090842.1:8989693",95,174,79
"CA5A","s1670_S_LIV_01_ASEReadCounter.table","NW_015090842.1:8989702",97,173,76
"CA5A","s1670_S_LIV_01_ASEReadCounter.table","NW_015090842.1:8989746",104,198,94
"CA5A","s1670_S_LIV_01_ASEReadCounter.table","NW_015090842.1:8989880",72,151,79
"CA5A","s1670_S_LIV_01_ASEReadCounter.table","NW_015090842.1:8989885",72,154,82
"CA5A","s1670_S_LIV_01_ASEReadCounter.table","NW_015090842.1:8989929",71,148,77
"CA5A","s1670_S_LIV_01_ASEReadCounter.table","NW_015090842.1:8990002",64,115,51
"CA5A","s1670_S_LIV_01_ASEReadCounter.table","NW_015090842.1:8990004",62,117,55
"CA5A","s1670_S_LIV_01_ASEReadCounter.table","NW_015090842.1:8990005",65,120,55
"CA5A","s1670_S_LIV_01_ASEReadCounter.table","NW_015090842.1:8990017",65,112,47
"CA5A","s1670_S_LIV_01_ASEReadCounter.table","NW_015090842.1:8990043",43,88,45
"CA5A","s1670_S_LIV_01_ASEReadCounter.table","NW_015090842.1:8990080",44,98,54
"CA5A","s1670_S_LIV_01_ASEReadCounter.table","NW_015090842.1:8990084",43,96,53
"CA5A","s1670_S_LIV_01_ASEReadCounter.table","NW_015090842.1:8990090",48,97,49
"CA5A","s1670_S_LIV_01_ASEReadCounter.table","NW_015090842.1:8990095",45,95,50
"CA5A","s1670_S_LIV_01_ASEReadCounter.table","NW_015090842.1:8990111",48,97,49
"CA5A","s1670_S_LIV_01_ASEReadCounter.table","NW_015090842.1:8990112",46,93,47
"CA5A","s1670_S_LIV_01_ASEReadCounter.table","NW_015090842.1:8990115",52,96,44
"CA5A","s1670_S_LIV_01_ASEReadCounter.table","NW_015090842.1:8990166",57,95,38
"CA5A","s1670_S_LIV_01_ASEReadCounter.table","NW_015090842.1:8990169",65,102,37
"CA5A","s1670_S_LIV_01_ASEReadCounter.table","NW_015090842.1:8990222",68,95,27
"CA5A","s1670_S_LIV_01_ASEReadCounter.table","NW_015090842.1:8990289",57,86,29
"CA5A","s1670_S_LIV_01_ASEReadCounter.table","NW_015090842.1:8990314",56,87,31
"CA5A","s1670_S_LIV_01_ASEReadCounter.table","NW_015090842.1:8990361",55,87,32
"CA5A","s1670_S_LIV_01_ASEReadCounter.table","NW_015090842.1:8990368",54,90,36
"CA5A","s1670_S_LIV_01_ASEReadCounter.table","NW_015090842.1:8990429",57,95,38
"CA5A","s1670_S_LIV_01_ASEReadCounter.table","NW_015090842.1:8990466",52,80,28
"CA5A","s1670_S_LIV_01_ASEReadCounter.table","NW_015090842.1:8990663",53,96,43
"CA5A","s1670_S_LIV_01_ASEReadCounter.table","NW_015090842.1:8990797",32,58,26
"CA5A","s1670_S_LIV_01_ASEReadCounter.table","NW_015090842.1:8990836",39,68,29
"CA5A","s1670_S_LIV_01_ASEReadCounter.table","NW_015090842.1:8990842",37,65,28
"CA5A","s1670_S_LIV_01_ASEReadCounter.table","NW_015090842.1:8990851",36,61,25
"CA5A","s1670_S_LIV_01_ASEReadCounter.table","NW_015090842.1:8990918",33,69,36
"CA5A","s1670_S_LIV_01_ASEReadCounter.table","NW_015090842.1:8990921",28,72,44
"CA5A","s1670_S_LIV_01_ASEReadCounter.table","NW_015090842.1:8990942",40,83,43
"CA5A","s1670_S_LIV_01_ASEReadCounter.table","NW_015090842.1:8991001",52,100,48
"CA5A","s1670_S_LIV_01_ASEReadCounter.table","NW_015090842.1:8991038",49,98,49
"CA5A","s1670_S_LIV_01_ASEReadCounter.table","NW_015090842.1:8991149",61,101,40
"CA5A","s1670_S_LIV_01_ASEReadCounter.table","NW_015090842.1:8991176",52,88,36
"CA5A","s1670_S_LIV_01_ASEReadCounter.table","NW_015090842.1:8991241",44,92,48
"CA5A","s1670_S_LIV_01_ASEReadCounter.table","NW_015090842.1:8991262",39,82,43
"CA5A","s1670_S_LIV_01_ASEReadCounter.table","NW_015090842.1:8991316",39,45,6
"CA5A","s1670_S_LIV_01_ASEReadCounter.table","NW_015090842.1:8991319",39,46,7
"CA5A","s1670_S_LIV_01_ASEReadCounter.table","NW_015090842.1:8991330",41,43,2
"CA5A","s1670_S_LIV_01_ASEReadCounter.table","NW_015090842.1:8991334",38,44,6
"CA5A","s1670_S_LIV_01_ASEReadCounter.table","NW_015090842.1:8991362",48,82,34
"CA5A","s1670_S_LIV_01_ASEReadCounter.table","NW_015090842.1:8991368",50,86,36
"CA5A","s1670_S_LIV_01_ASEReadCounter.table","NW_015090842.1:8991390",48,90,42
"CA5A","s1670_S_LIV_01_ASEReadCounter.table","NW_015090842.1:8991395",49,95,46
"CA5A","s1670_S_LIV_01_ASEReadCounter.table","NW_015090842.1:8991422",50,102,52
"CA5A","s1670_S_LIV_01_ASEReadCounter.table","NW_015090842.1:8991467",44,90,46
"CA5A","s1670_S_LIV_01_ASEReadCounter.table","NW_015090842.1:8991576",41,73,32
"CA5A","s1670_S_LIV_01_ASEReadCounter.table","NW_015090842.1:8991587",45,82,37
"CA5A","s1670_S_LIV_01_ASEReadCounter.table","NW_015090842.1:8991655",45,79,34
"CA5A","s1670_S_LIV_01_ASEReadCounter.table","NW_015090842.1:8991717",36,66,30
"CA5A","s1670_S_LIV_01_ASEReadCounter.table","NW_015090842.1:8991726",40,70,30
"CA5A","s1670_S_LIV_01_ASEReadCounter.table","NW_015090842.1:8991799",27,55,28
"CA5A","s1670_S_LIV_01_ASEReadCounter.table","NW_015090842.1:8991809",27,53,26
"CA5A","s1670_S_LIV_01_ASEReadCounter.table","NW_015090842.1:8991848",28,51,23
"CA5A","s1670_S_LIV_01_ASEReadCounter.table","NW_015090842.1:8991849",28,52,24
"CA5A","s1670_S_LIV_01_ASEReadCounter.table","NW_015090842.1:8991927",39,73,34
"CA5A","s1670_S_LIV_01_ASEReadCounter.table","NW_015090842.1:8991941",36,66,30
"CA5A","s1670_S_LIV_01_ASEReadCounter.table","NW_015090842.1:8992121",21,55,34
"CA5A","s1670_S_LIV_01_ASEReadCounter.table","NW_015090842.1:8992224",31,59,28
"CA5A","s1670_S_LIV_01_ASEReadCounter.table","NW_015090842.1:9002570",39,63,24
"CA5A","s1670_S_LIV_01_ASEReadCounter.table","NW_015090842.1:9002600",33,56,23
"CA5A","s1670_S_LIV_01_ASEReadCounter.table","NW_015090842.1:9004506",1,1,0
"CA5A","s1670_S_LIV_01_ASEReadCounter.table","NW_015090842.1:9004523",1,1,0
"CA5A","s1670_S_LIV_01_ASEReadCounter.table","NW_015090842.1:9004530",1,1,0
"CA5A","s1670_S_LIV_01_ASEReadCounter.table","NW_015090842.1:9004556",1,1,0
"CA5A","s1670_S_LIV_01_ASEReadCounter.table","NW_015090842.1:9004620",1,1,0
"CA5A","s1670_S_LIV_01_ASEReadCounter.table","NW_015090842.1:9011011",33,82,49
"CA5A","s1670_S_LIV_01_ASEReadCounter.table","NW_015090842.1:9011189",18,41,23
"CA5A","s1670_S_LIV_01_ASEReadCounter.table","NW_015090842.1:9011194",20,42,22
"BANP","s1670_S_LIV_01_ASEReadCounter.table","NW_015090842.1:9033407",2,8,6
"BANP","s1670_S_LIV_01_ASEReadCounter.table","NW_015090842.1:9033409",3,9,6
"BANP","s1670_S_LIV_01_ASEReadCounter.table","NW_015090842.1:9033420",3,13,10
"BANP","s1670_S_LIV_01_ASEReadCounter.table","NW_015090842.1:9055284",1,6,5
"CIDEC","s1670_S_LIV_01_ASEReadCounter.table","NW_015090842.1:9481199",163,276,113
"ZC3H18","s1670_S_LIV_01_ASEReadCounter.table","NW_015090842.1:9528933",15,25,10
"MVD","s1670_S_LIV_01_ASEReadCounter.table","NW_015090842.1:9550690",105,105,0
"MVD","s1670_S_LIV_01_ASEReadCounter.table","NW_015090842.1:9550691",105,105,0
"MVD","s1670_S_LIV_01_ASEReadCounter.table","NW_015090842.1:9550699",118,118,0
"MVD","s1670_S_LIV_01_ASEReadCounter.table","NW_015090842.1:9550701",118,118,0
"MVD","s1670_S_LIV_01_ASEReadCounter.table","NW_015090842.1:9552202",172,173,1
"MVD","s1670_S_LIV_01_ASEReadCounter.table","NW_015090842.1:9552223",153,153,0
"MVD","s1670_S_LIV_01_ASEReadCounter.table","NW_015090842.1:9552533",108,109,1
"MVD","s1670_S_LIV_01_ASEReadCounter.table","NW_015090842.1:9552644",39,95,56
"PIEZO1","s1670_S_LIV_01_ASEReadCounter.table","NW_015090842.1:9577447",1,3,2
"PIEZO1","s1670_S_LIV_01_ASEReadCounter.table","NW_015090842.1:9579101",1,5,4
"PIEZO1","s1670_S_LIV_01_ASEReadCounter.table","NW_015090842.1:9582630",2,4,2
"PIEZO1","s1670_S_LIV_01_ASEReadCounter.table","NW_015090842.1:9582976",3,4,1
"PIEZO1","s1670_S_LIV_01_ASEReadCounter.table","NW_015090842.1:9583326",1,1,0
"CDT1","s1670_S_LIV_01_ASEReadCounter.table","NW_015090842.1:9596711",1,2,1
"CDT1","s1670_S_LIV_01_ASEReadCounter.table","NW_015090842.1:9597033",4,4,0
"CDT1","s1670_S_LIV_01_ASEReadCounter.table","NW_015090842.1:9597756",3,10,7
"CDT1","s1670_S_LIV_01_ASEReadCounter.table","NW_015090842.1:9598873",11,11,0
"ACSF3","s1670_S_LIV_01_ASEReadCounter.table","NW_015090842.1:9776737",10,15,5
"ACSF3","s1670_S_LIV_01_ASEReadCounter.table","NW_015090842.1:9809639",46,46,0
"ACSF3","s1670_S_LIV_01_ASEReadCounter.table","NW_015090842.1:9834743",41,85,44
"ACSF3","s1670_S_LIV_01_ASEReadCounter.table","NW_015090842.1:9834762",77,77,0
"ACSF3","s1670_S_LIV_01_ASEReadCounter.table","NW_015090842.1:9834852",44,77,33
"ACSF3","s1670_S_LIV_01_ASEReadCounter.table","NW_015090842.1:9834861",41,68,27
"ACSF3","s1670_S_LIV_01_ASEReadCounter.table","NW_015090842.1:9839359",32,45,13
"ACSF3","s1670_S_LIV_01_ASEReadCounter.table","NW_015090842.1:9839378",32,45,13
"ACSF3","s1670_S_LIV_01_ASEReadCounter.table","NW_015090842.1:9839455",21,38,17
"ACSF3","s1670_S_LIV_01_ASEReadCounter.table","NW_015090842.1:9839457",21,36,15
"ACSF3","s1670_S_LIV_01_ASEReadCounter.table","NW_015090842.1:9839489",18,35,17
"ACSF3","s1670_S_LIV_01_ASEReadCounter.table","NW_015090842.1:9839500",12,29,17
"ACSF3","s1670_S_LIV_01_ASEReadCounter.table","NW_015090842.1:9839501",12,29,17
"ACSF3","s1670_S_LIV_01_ASEReadCounter.table","NW_015090842.1:9839504",13,28,15
"ACSF3","s1670_S_LIV_01_ASEReadCounter.table","NW_015090842.1:9839512",12,22,10
"ACSF3","s1670_S_LIV_01_ASEReadCounter.table","NW_015090842.1:9839527",9,16,7
"ACSF3","s1670_S_LIV_01_ASEReadCounter.table","NW_015090842.1:9839533",7,13,6
"ACSF3","s1670_S_LIV_01_ASEReadCounter.table","NW_015090842.1:9839535",7,11,4
"ACSF3","s1670_S_LIV_01_ASEReadCounter.table","NW_015090842.1:9839545",5,8,3
"ACSF3","s1670_S_LIV_01_ASEReadCounter.table","NW_015090842.1:9839550",2,5,3
"ACSF3","s1670_S_LIV_01_ASEReadCounter.table","NW_015090842.1:9839551",2,5,3
"SLC22A31","s1670_S_LIV_01_ASEReadCounter.table","NW_015090842.1:9851130",2,2,0
"SLC22A31","s1670_S_LIV_01_ASEReadCounter.table","NW_015090842.1:9851139",3,3,0
"SLC22A31","s1670_S_LIV_01_ASEReadCounter.table","NW_015090842.1:9851265",6,6,0
"SLC22A31","s1670_S_LIV_01_ASEReadCounter.table","NW_015090842.1:9851302",8,8,0
"SLC22A31","s1670_S_LIV_01_ASEReadCounter.table","NW_015090842.1:9851303",9,9,0
"SLC22A31","s1670_S_LIV_01_ASEReadCounter.table","NW_015090842.1:9851305",9,9,0
"SLC22A31","s1670_S_LIV_01_ASEReadCounter.table","NW_015090842.1:9851343",4,4,0
"SLC22A31","s1670_S_LIV_01_ASEReadCounter.table","NW_015090842.1:9851344",6,6,0
"SLC22A31","s1670_S_LIV_01_ASEReadCounter.table","NW_015090842.1:9851381",5,6,1
"SLC22A31","s1670_S_LIV_01_ASEReadCounter.table","NW_015090842.1:9851421",8,9,1
"SLC22A31","s1670_S_LIV_01_ASEReadCounter.table","NW_015090842.1:9851526",9,9,0
"SLC22A31","s1670_S_LIV_01_ASEReadCounter.table","NW_015090842.1:9851589",5,7,2
"SLC22A31","s1670_S_LIV_01_ASEReadCounter.table","NW_015090842.1:9851712",7,8,1
"SLC22A31","s1670_S_LIV_01_ASEReadCounter.table","NW_015090842.1:9851899",9,9,0
"SLC22A31","s1670_S_LIV_01_ASEReadCounter.table","NW_015090842.1:9852139",9,9,0
"SLC22A31","s1670_S_LIV_01_ASEReadCounter.table","NW_015090842.1:9852380",10,10,0
"SLC22A31","s1670_S_LIV_01_ASEReadCounter.table","NW_015090842.1:9852431",4,4,0
"SLC22A31","s1670_S_LIV_01_ASEReadCounter.table","NW_015090842.1:9852630",8,8,0
"SLC22A31","s1670_S_LIV_01_ASEReadCounter.table","NW_015090842.1:9852711",7,7,0
"SLC22A31","s1670_S_LIV_01_ASEReadCounter.table","NW_015090842.1:9852742",6,6,0
"SLC22A31","s1670_S_LIV_01_ASEReadCounter.table","NW_015090842.1:9853099",5,5,0
"SLC22A31","s1670_S_LIV_01_ASEReadCounter.table","NW_015090842.1:9853102",5,5,0
"SLC22A31","s1670_S_LIV_01_ASEReadCounter.table","NW_015090842.1:9853421",6,6,0
"SLC22A31","s1670_S_LIV_01_ASEReadCounter.table","NW_015090842.1:9853457",7,7,0
"SLC22A31","s1670_S_LIV_01_ASEReadCounter.table","NW_015090842.1:9853502",7,7,0
"ANKRD11","s1670_S_LIV_01_ASEReadCounter.table","NW_015090842.1:9858863",3,6,3
"ANKRD11","s1670_S_LIV_01_ASEReadCounter.table","NW_015090842.1:9859101",29,61,32
"ANKRD11","s1670_S_LIV_01_ASEReadCounter.table","NW_015090842.1:9859352",32,74,42
"ANKRD11","s1670_S_LIV_01_ASEReadCounter.table","NW_015090842.1:9859381",16,49,33
"ANKRD11","s1670_S_LIV_01_ASEReadCounter.table","NW_015090842.1:9859527",13,27,14
"ANKRD11","s1670_S_LIV_01_ASEReadCounter.table","NW_015090842.1:9859529",13,28,15
"ANKRD11","s1670_S_LIV_01_ASEReadCounter.table","NW_015090842.1:9859679",28,55,27
"ANKRD11","s1670_S_LIV_01_ASEReadCounter.table","NW_015090842.1:9861097",25,45,20
"ANKRD11","s1670_S_LIV_01_ASEReadCounter.table","NW_015090842.1:9862571",19,30,11
"ANKRD11","s1670_S_LIV_01_ASEReadCounter.table","NW_015090842.1:9866071",0,15,15
"ANKRD11","s1670_S_LIV_01_ASEReadCounter.table","NW_015090842.1:9866200",0,10,10
"ANKRD11","s1670_S_LIV_01_ASEReadCounter.table","NW_015090842.1:9867391",5,15,10
"ANKRD11","s1670_S_LIV_01_ASEReadCounter.table","NW_015090842.1:9867472",5,17,12
"ANKRD11","s1670_S_LIV_01_ASEReadCounter.table","NW_015090842.1:9867559",11,26,15
"ANKRD11","s1670_S_LIV_01_ASEReadCounter.table","NW_015090842.1:9867934",15,25,10
"ANKRD11","s1670_S_LIV_01_ASEReadCounter.table","NW_015090842.1:9868093",14,24,10
"ANKRD11","s1670_S_LIV_01_ASEReadCounter.table","NW_015090842.1:9868222",11,20,9
"ANKRD11","s1670_S_LIV_01_ASEReadCounter.table","NW_015090842.1:9868327",11,21,10
"ANKRD11","s1670_S_LIV_01_ASEReadCounter.table","NW_015090842.1:9868414",10,23,13
"ANKRD11","s1670_S_LIV_01_ASEReadCounter.table","NW_015090842.1:9868441",13,22,9
"ANKRD11","s1670_S_LIV_01_ASEReadCounter.table","NW_015090842.1:9868444",13,24,11
"ANKRD11","s1670_S_LIV_01_ASEReadCounter.table","NW_015090842.1:9868519",19,31,12
"ANKRD11","s1670_S_LIV_01_ASEReadCounter.table","NW_015090842.1:9868609",10,20,10
"ANKRD11","s1670_S_LIV_01_ASEReadCounter.table","NW_015090842.1:9868666",12,28,16
"ANKRD11","s1670_S_LIV_01_ASEReadCounter.table","NW_015090842.1:9869431",23,39,16
"ANKRD11","s1670_S_LIV_01_ASEReadCounter.table","NW_015090842.1:9869578",24,47,23
"ANKRD11","s1670_S_LIV_01_ASEReadCounter.table","NW_015090842.1:9869734",20,42,22
"ANKRD11","s1670_S_LIV_01_ASEReadCounter.table","NW_015090842.1:9870070",21,37,16
"ANKRD11","s1670_S_LIV_01_ASEReadCounter.table","NW_015090842.1:9870349",32,50,18
"ANKRD11","s1670_S_LIV_01_ASEReadCounter.table","NW_015090842.1:9870604",25,52,27
"ANKRD11","s1670_S_LIV_01_ASEReadCounter.table","NW_015090842.1:9870613",30,59,29
"ANKRD11","s1670_S_LIV_01_ASEReadCounter.table","NW_015090842.1:9870685",39,79,40
"ANKRD11","s1670_S_LIV_01_ASEReadCounter.table","NW_015090842.1:9870847",40,80,40
"ANKRD11","s1670_S_LIV_01_ASEReadCounter.table","NW_015090842.1:9871103",18,43,25
"ANKRD11","s1670_S_LIV_01_ASEReadCounter.table","NW_015090842.1:9871165",24,50,26
"ANKRD11","s1670_S_LIV_01_ASEReadCounter.table","NW_015090842.1:9871820",6,10,4
"ANKRD11","s1670_S_LIV_01_ASEReadCounter.table","NW_015090842.1:9871994",19,19,0
"ANKRD11","s1670_S_LIV_01_ASEReadCounter.table","NW_015090842.1:9872118",10,17,7
"SPG7","s1670_S_LIV_01_ASEReadCounter.table","NW_015090842.1:10051190",41,67,26
"SPG7","s1670_S_LIV_01_ASEReadCounter.table","NW_015090842.1:10051218",39,76,37
"SPG7","s1670_S_LIV_01_ASEReadCounter.table","NW_015090842.1:10052348",42,73,31
"SPG7","s1670_S_LIV_01_ASEReadCounter.table","NW_015090842.1:10052366",42,69,27
"SPG7","s1670_S_LIV_01_ASEReadCounter.table","NW_015090842.1:10065173",51,88,37
"SPG7","s1670_S_LIV_01_ASEReadCounter.table","NW_015090842.1:10065215",48,78,30
"SPG7","s1670_S_LIV_01_ASEReadCounter.table","NW_015090842.1:10066301",35,58,23
"SPG7","s1670_S_LIV_01_ASEReadCounter.table","NW_015090842.1:10066365",28,48,20
"SPG7","s1670_S_LIV_01_ASEReadCounter.table","NW_015090842.1:10069752",31,66,35
"SPG7","s1670_S_LIV_01_ASEReadCounter.table","NW_015090842.1:10069800",36,78,42
"SPG7","s1670_S_LIV_01_ASEReadCounter.table","NW_015090842.1:10071192",42,85,43
"SPG7","s1670_S_LIV_01_ASEReadCounter.table","NW_015090842.1:10071204",38,75,37
"SPG7","s1670_S_LIV_01_ASEReadCounter.table","NW_015090842.1:10071219",37,71,34
"SPG7","s1670_S_LIV_01_ASEReadCounter.table","NW_015090842.1:10071967",34,74,40
"SPG7","s1670_S_LIV_01_ASEReadCounter.table","NW_015090842.1:10075109",74,125,51
"SPG7","s1670_S_LIV_01_ASEReadCounter.table","NW_015090842.1:10075114",70,120,50
"SPG7","s1670_S_LIV_01_ASEReadCounter.table","NW_015090842.1:10075198",56,97,41
"SPG7","s1670_S_LIV_01_ASEReadCounter.table","NW_015090842.1:10075487",39,82,43
"SPG7","s1670_S_LIV_01_ASEReadCounter.table","NW_015090842.1:10075488",39,85,46
"SPG7","s1670_S_LIV_01_ASEReadCounter.table","NW_015090842.1:10075548",34,62,28
"RPL13","s1670_S_LIV_01_ASEReadCounter.table","NW_015090842.1:10076979",1,3,2
"RPL13","s1670_S_LIV_01_ASEReadCounter.table","NW_015090842.1:10077387",954,2061,1107
"RPL13","s1670_S_LIV_01_ASEReadCounter.table","NW_015090842.1:10077978",1464,3008,1544
"RPL13","s1670_S_LIV_01_ASEReadCounter.table","NW_015090842.1:10077992",1446,2903,1457
"CPNE7","s1670_S_LIV_01_ASEReadCounter.table","NW_015090842.1:10090924",0,2,2
"CPNE7","s1670_S_LIV_01_ASEReadCounter.table","NW_015090842.1:10090930",0,2,2
"CPNE7","s1670_S_LIV_01_ASEReadCounter.table","NW_015090842.1:10091075",0,2,2
"CPNE7","s1670_S_LIV_01_ASEReadCounter.table","NW_015090842.1:10091875",0,1,1
"CPNE7","s1670_S_LIV_01_ASEReadCounter.table","NW_015090842.1:10091983",0,1,1
"CPNE7","s1670_S_LIV_01_ASEReadCounter.table","NW_015090842.1:10091997",0,1,1
"CPNE7","s1670_S_LIV_01_ASEReadCounter.table","NW_015090842.1:10092038",0,1,1
"LOC106888185","s1670_S_LIV_01_ASEReadCounter.table","NW_015090842.1:10094965",4,16,12
"LOC106888185","s1670_S_LIV_01_ASEReadCounter.table","NW_015090842.1:10094966",4,16,12
"LOC106888185","s1670_S_LIV_01_ASEReadCounter.table","NW_015090842.1:10094985",4,17,13
"LOC106888185","s1670_S_LIV_01_ASEReadCounter.table","NW_015090842.1:10095055",0,14,14
"LOC106888185","s1670_S_LIV_01_ASEReadCounter.table","NW_015090842.1:10095062",0,11,11
"LOC106888185","s1670_S_LIV_01_ASEReadCounter.table","NW_015090842.1:10095130",0,11,11
"LOC106888185","s1670_S_LIV_01_ASEReadCounter.table","NW_015090842.1:10095265",26,59,33
"LOC106888185","s1670_S_LIV_01_ASEReadCounter.table","NW_015090842.1:10095586",16,59,43
"LOC106888185","s1670_S_LIV_01_ASEReadCounter.table","NW_015090842.1:10095593",17,52,35
"LOC106888185","s1670_S_LIV_01_ASEReadCounter.table","NW_015090842.1:10095616",14,49,35
"LOC106888185","s1670_S_LIV_01_ASEReadCounter.table","NW_015090842.1:10095662",14,41,27
"LOC106888185","s1670_S_LIV_01_ASEReadCounter.table","NW_015090842.1:10095674",13,40,27
"LOC106888185","s1670_S_LIV_01_ASEReadCounter.table","NW_015090842.1:10095786",19,55,36
"LOC106888185","s1670_S_LIV_01_ASEReadCounter.table","NW_015090842.1:10095831",14,45,31
"LOC106888185","s1670_S_LIV_01_ASEReadCounter.table","NW_015090842.1:10096230",11,32,21
"LOC106888185","s1670_S_LIV_01_ASEReadCounter.table","NW_015090842.1:10096249",14,32,18
"LOC106888185","s1670_S_LIV_01_ASEReadCounter.table","NW_015090842.1:10096272",17,46,29
"LOC106888185","s1670_S_LIV_01_ASEReadCounter.table","NW_015090842.1:10096288",18,47,29
"LOC106888185","s1670_S_LIV_01_ASEReadCounter.table","NW_015090842.1:10097248",18,44,26
"LOC106888185","s1670_S_LIV_01_ASEReadCounter.table","NW_015090842.1:10097265",22,49,27
"LOC106888185","s1670_S_LIV_01_ASEReadCounter.table","NW_015090842.1:10097446",4,13,9
"DPEP1","s1670_S_LIV_01_ASEReadCounter.table","NW_015090842.1:10098518",29,39,10
"DPEP1","s1670_S_LIV_01_ASEReadCounter.table","NW_015090842.1:10098595",62,75,13
"DPEP1","s1670_S_LIV_01_ASEReadCounter.table","NW_015090842.1:10098597",62,75,13
"DPEP1","s1670_S_LIV_01_ASEReadCounter.table","NW_015090842.1:10098601",60,72,12
"DPEP1","s1670_S_LIV_01_ASEReadCounter.table","NW_015090842.1:10098608",60,72,12
"DPEP1","s1670_S_LIV_01_ASEReadCounter.table","NW_015090842.1:10098630",59,70,11
"DPEP1","s1670_S_LIV_01_ASEReadCounter.table","NW_015090842.1:10098659",66,76,10
"DPEP1","s1670_S_LIV_01_ASEReadCounter.table","NW_015090842.1:10099765",73,85,12
"DPEP1","s1670_S_LIV_01_ASEReadCounter.table","NW_015090842.1:10099985",73,90,17
"DPEP1","s1670_S_LIV_01_ASEReadCounter.table","NW_015090842.1:10099986",72,88,16
"DPEP1","s1670_S_LIV_01_ASEReadCounter.table","NW_015090842.1:10099991",72,89,17
"DPEP1","s1670_S_LIV_01_ASEReadCounter.table","NW_015090842.1:10100044",102,122,20
"DPEP1","s1670_S_LIV_01_ASEReadCounter.table","NW_015090842.1:10100045",101,121,20
"DPEP1","s1670_S_LIV_01_ASEReadCounter.table","NW_015090842.1:10100084",101,114,13
"DPEP1","s1670_S_LIV_01_ASEReadCounter.table","NW_015090842.1:10100295",91,103,12
"DPEP1","s1670_S_LIV_01_ASEReadCounter.table","NW_015090842.1:10100529",78,93,15
"DPEP1","s1670_S_LIV_01_ASEReadCounter.table","NW_015090842.1:10100893",150,174,24
"DPEP1","s1670_S_LIV_01_ASEReadCounter.table","NW_015090842.1:10100902",147,171,24
"DPEP1","s1670_S_LIV_01_ASEReadCounter.table","NW_015090842.1:10101072",116,145,29
"DPEP1","s1670_S_LIV_01_ASEReadCounter.table","NW_015090842.1:10101199",120,150,30
"DPEP1","s1670_S_LIV_01_ASEReadCounter.table","NW_015090842.1:10101483",139,158,19
"DPEP1","s1670_S_LIV_01_ASEReadCounter.table","NW_015090842.1:10101497",154,173,19
"DPEP1","s1670_S_LIV_01_ASEReadCounter.table","NW_015090842.1:10101525",137,154,17
"DPEP1","s1670_S_LIV_01_ASEReadCounter.table","NW_015090842.1:10101875",138,159,21
"DPEP1","s1670_S_LIV_01_ASEReadCounter.table","NW_015090842.1:10101913",103,121,18
"DPEP1","s1670_S_LIV_01_ASEReadCounter.table","NW_015090842.1:10101996",84,95,11
"DPEP1","s1670_S_LIV_01_ASEReadCounter.table","NW_015090842.1:10102014",68,77,9
"DPEP1","s1670_S_LIV_01_ASEReadCounter.table","NW_015090842.1:10102035",48,57,9
"DPEP1","s1670_S_LIV_01_ASEReadCounter.table","NW_015090842.1:10102076",7,8,1
"DPEP1","s1670_S_LIV_01_ASEReadCounter.table","NW_015090842.1:10102077",5,6,1
"CHMP1A","s1670_S_LIV_01_ASEReadCounter.table","NW_015090842.1:10102901",21,60,39
"CHMP1A","s1670_S_LIV_01_ASEReadCounter.table","NW_015090842.1:10102961",20,71,51
"CHMP1A","s1670_S_LIV_01_ASEReadCounter.table","NW_015090842.1:10102996",15,63,48
"CHMP1A","s1670_S_LIV_01_ASEReadCounter.table","NW_015090842.1:10103004",15,64,49
"CHMP1A","s1670_S_LIV_01_ASEReadCounter.table","NW_015090842.1:10103006",15,63,48
"CHMP1A","s1670_S_LIV_01_ASEReadCounter.table","NW_015090842.1:10103052",35,92,57
"CHMP1A","s1670_S_LIV_01_ASEReadCounter.table","NW_015090842.1:10103095",39,96,57
"CHMP1A","s1670_S_LIV_01_ASEReadCounter.table","NW_015090842.1:10103096",39,97,58
"CHMP1A","s1670_S_LIV_01_ASEReadCounter.table","NW_015090842.1:10103152",27,60,33
"CHMP1A","s1670_S_LIV_01_ASEReadCounter.table","NW_015090842.1:10103334",23,65,42
"CHMP1A","s1670_S_LIV_01_ASEReadCounter.table","NW_015090842.1:10103373",12,48,36
"CHMP1A","s1670_S_LIV_01_ASEReadCounter.table","NW_015090842.1:10103408",25,68,43
"CHMP1A","s1670_S_LIV_01_ASEReadCounter.table","NW_015090842.1:10103412",25,68,43
"CHMP1A","s1670_S_LIV_01_ASEReadCounter.table","NW_015090842.1:10103512",34,79,45
"CHMP1A","s1670_S_LIV_01_ASEReadCounter.table","NW_015090842.1:10103513",35,80,45
"CHMP1A","s1670_S_LIV_01_ASEReadCounter.table","NW_015090842.1:10103583",24,52,28
"CHMP1A","s1670_S_LIV_01_ASEReadCounter.table","NW_015090842.1:10103614",24,57,33
"CHMP1A","s1670_S_LIV_01_ASEReadCounter.table","NW_015090842.1:10103657",21,53,32
"CHMP1A","s1670_S_LIV_01_ASEReadCounter.table","NW_015090842.1:10103669",18,49,31
"CHMP1A","s1670_S_LIV_01_ASEReadCounter.table","NW_015090842.1:10103674",14,43,29
"CHMP1A","s1670_S_LIV_01_ASEReadCounter.table","NW_015090842.1:10103677",13,42,29
"CHMP1A","s1670_S_LIV_01_ASEReadCounter.table","NW_015090842.1:10103729",22,49,27
"CHMP1A","s1670_S_LIV_01_ASEReadCounter.table","NW_015090842.1:10103758",19,40,21
"CHMP1A","s1670_S_LIV_01_ASEReadCounter.table","NW_015090842.1:10103761",18,40,22
"CHMP1A","s1670_S_LIV_01_ASEReadCounter.table","NW_015090842.1:10103788",22,58,36
"CHMP1A","s1670_S_LIV_01_ASEReadCounter.table","NW_015090842.1:10103789",22,59,37
"CHMP1A","s1670_S_LIV_01_ASEReadCounter.table","NW_015090842.1:10103790",22,59,37
"CHMP1A","s1670_S_LIV_01_ASEReadCounter.table","NW_015090842.1:10103950",17,40,23
"CHMP1A","s1670_S_LIV_01_ASEReadCounter.table","NW_015090842.1:10104335",15,37,22
"CHMP1A","s1670_S_LIV_01_ASEReadCounter.table","NW_015090842.1:10104429",19,46,27
"CHMP1A","s1670_S_LIV_01_ASEReadCounter.table","NW_015090842.1:10104532",15,48,33
"CHMP1A","s1670_S_LIV_01_ASEReadCounter.table","NW_015090842.1:10104633",15,36,21
"CHMP1A","s1670_S_LIV_01_ASEReadCounter.table","NW_015090842.1:10104759",16,44,28
"CHMP1A","s1670_S_LIV_01_ASEReadCounter.table","NW_015090842.1:10104794",23,49,26
"CHMP1A","s1670_S_LIV_01_ASEReadCounter.table","NW_015090842.1:10104844",15,40,25
"CHMP1A","s1670_S_LIV_01_ASEReadCounter.table","NW_015090842.1:10106290",11,35,24
"CHMP1A","s1670_S_LIV_01_ASEReadCounter.table","NW_015090842.1:10106335",23,49,26
"CHMP1A","s1670_S_LIV_01_ASEReadCounter.table","NW_015090842.1:10106383",27,56,29
"CHMP1A","s1670_S_LIV_01_ASEReadCounter.table","NW_015090842.1:10106747",24,60,36
"CHMP1A","s1670_S_LIV_01_ASEReadCounter.table","NW_015090842.1:10107404",22,61,39
"CHMP1A","s1670_S_LIV_01_ASEReadCounter.table","NW_015090842.1:10107410",23,62,39
"CHMP1A","s1670_S_LIV_01_ASEReadCounter.table","NW_015090842.1:10107876",19,49,30
"CDK10","s1670_S_LIV_01_ASEReadCounter.table","NW_015090842.1:10109030",2,3,1
"CDK10","s1670_S_LIV_01_ASEReadCounter.table","NW_015090842.1:10109963",7,29,22
"CDK10","s1670_S_LIV_01_ASEReadCounter.table","NW_015090842.1:10110887",8,32,24
"CDK10","s1670_S_LIV_01_ASEReadCounter.table","NW_015090842.1:10111254",7,32,25
"CDK10","s1670_S_LIV_01_ASEReadCounter.table","NW_015090842.1:10111380",10,35,25
"CDK10","s1670_S_LIV_01_ASEReadCounter.table","NW_015090842.1:10111395",11,37,26
"CDK10","s1670_S_LIV_01_ASEReadCounter.table","NW_015090842.1:10111437",8,33,25
"CDK10","s1670_S_LIV_01_ASEReadCounter.table","NW_015090842.1:10111798",11,32,21
"CDK10","s1670_S_LIV_01_ASEReadCounter.table","NW_015090842.1:10111840",9,33,24
"CDK10","s1670_S_LIV_01_ASEReadCounter.table","NW_015090842.1:10112031",14,30,16
"CDK10","s1670_S_LIV_01_ASEReadCounter.table","NW_015090842.1:10112285",11,39,28
"CDK10","s1670_S_LIV_01_ASEReadCounter.table","NW_015090842.1:10112398",12,40,28
"CDK10","s1670_S_LIV_01_ASEReadCounter.table","NW_015090842.1:10112455",9,28,19
"CDK10","s1670_S_LIV_01_ASEReadCounter.table","NW_015090842.1:10112461",7,23,16
"CDK10","s1670_S_LIV_01_ASEReadCounter.table","NW_015090842.1:10112497",5,18,13
"CDK10","s1670_S_LIV_01_ASEReadCounter.table","NW_015090842.1:10112508",5,20,15
"CDK10","s1670_S_LIV_01_ASEReadCounter.table","NW_015090842.1:10112518",4,18,14
"CDK10","s1670_S_LIV_01_ASEReadCounter.table","NW_015090842.1:10112540",4,20,16
"CDK10","s1670_S_LIV_01_ASEReadCounter.table","NW_015090842.1:10112556",10,27,17
"CDK10","s1670_S_LIV_01_ASEReadCounter.table","NW_015090842.1:10112561",10,28,18
"CDK10","s1670_S_LIV_01_ASEReadCounter.table","NW_015090842.1:10112596",12,31,19
"CDK10","s1670_S_LIV_01_ASEReadCounter.table","NW_015090842.1:10112630",14,36,22
"CDK10","s1670_S_LIV_01_ASEReadCounter.table","NW_015090842.1:10112656",14,34,20
"CDK10","s1670_S_LIV_01_ASEReadCounter.table","NW_015090842.1:10112665",13,28,15
"CDK10","s1670_S_LIV_01_ASEReadCounter.table","NW_015090842.1:10112668",13,28,15
"CDK10","s1670_S_LIV_01_ASEReadCounter.table","NW_015090842.1:10112781",4,13,9
"CDK10","s1670_S_LIV_01_ASEReadCounter.table","NW_015090842.1:10112782",4,13,9
"CDK10","s1670_S_LIV_01_ASEReadCounter.table","NW_015090842.1:10112795",4,12,8
"CDK10","s1670_S_LIV_01_ASEReadCounter.table","NW_015090842.1:10112841",2,4,2
"CDK10","s1670_S_LIV_01_ASEReadCounter.table","NW_015090842.1:10112861",0,2,2
"SPATA2L","s1670_S_LIV_01_ASEReadCounter.table","NW_015090842.1:10113212",6,15,9
"SPATA2L","s1670_S_LIV_01_ASEReadCounter.table","NW_015090842.1:10113280",6,23,17
"SPATA2L","s1670_S_LIV_01_ASEReadCounter.table","NW_015090842.1:10113296",6,23,17
"SPATA2L","s1670_S_LIV_01_ASEReadCounter.table","NW_015090842.1:10113321",5,20,15
"SPATA2L","s1670_S_LIV_01_ASEReadCounter.table","NW_015090842.1:10113332",6,24,18
"SPATA2L","s1670_S_LIV_01_ASEReadCounter.table","NW_015090842.1:10113380",12,31,19
"SPATA2L","s1670_S_LIV_01_ASEReadCounter.table","NW_015090842.1:10113381",12,31,19
"SPATA2L","s1670_S_LIV_01_ASEReadCounter.table","NW_015090842.1:10113412",18,37,19
"SPATA2L","s1670_S_LIV_01_ASEReadCounter.table","NW_015090842.1:10113421",18,38,20
"SPATA2L","s1670_S_LIV_01_ASEReadCounter.table","NW_015090842.1:10113465",10,26,16
"SPATA2L","s1670_S_LIV_01_ASEReadCounter.table","NW_015090842.1:10113535",14,23,9
"SPATA2L","s1670_S_LIV_01_ASEReadCounter.table","NW_015090842.1:10113645",10,32,22
"SPATA2L","s1670_S_LIV_01_ASEReadCounter.table","NW_015090842.1:10113682",12,37,25
"SPATA2L","s1670_S_LIV_01_ASEReadCounter.table","NW_015090842.1:10113696",9,29,20
"SPATA2L","s1670_S_LIV_01_ASEReadCounter.table","NW_015090842.1:10113727",13,32,19
"SPATA2L","s1670_S_LIV_01_ASEReadCounter.table","NW_015090842.1:10113729",13,31,18
"SPATA2L","s1670_S_LIV_01_ASEReadCounter.table","NW_015090842.1:10113799",15,40,25
"SPATA2L","s1670_S_LIV_01_ASEReadCounter.table","NW_015090842.1:10113809",18,47,29
"SPATA2L","s1670_S_LIV_01_ASEReadCounter.table","NW_015090842.1:10113827",16,45,29
"SPATA2L","s1670_S_LIV_01_ASEReadCounter.table","NW_015090842.1:10113831",17,48,31
"SPATA2L","s1670_S_LIV_01_ASEReadCounter.table","NW_015090842.1:10113894",16,43,27
"SPATA2L","s1670_S_LIV_01_ASEReadCounter.table","NW_015090842.1:10113905",14,40,26
"SPATA2L","s1670_S_LIV_01_ASEReadCounter.table","NW_015090842.1:10113914",15,41,26
"SPATA2L","s1670_S_LIV_01_ASEReadCounter.table","NW_015090842.1:10113920",16,40,24
"SPATA2L","s1670_S_LIV_01_ASEReadCounter.table","NW_015090842.1:10113937",19,47,28
"SPATA2L","s1670_S_LIV_01_ASEReadCounter.table","NW_015090842.1:10113971",11,35,24
"SPATA2L","s1670_S_LIV_01_ASEReadCounter.table","NW_015090842.1:10113976",8,37,29
"SPATA2L","s1670_S_LIV_01_ASEReadCounter.table","NW_015090842.1:10113985",8,35,27
"SPATA2L","s1670_S_LIV_01_ASEReadCounter.table","NW_015090842.1:10113994",11,38,27
"SPATA2L","s1670_S_LIV_01_ASEReadCounter.table","NW_015090842.1:10114063",9,30,21
"SPATA2L","s1670_S_LIV_01_ASEReadCounter.table","NW_015090842.1:10114066",9,31,22
"SPATA2L","s1670_S_LIV_01_ASEReadCounter.table","NW_015090842.1:10114069",8,30,22
"SPATA2L","s1670_S_LIV_01_ASEReadCounter.table","NW_015090842.1:10114159",7,21,14
"SPATA2L","s1670_S_LIV_01_ASEReadCounter.table","NW_015090842.1:10114262",19,19,0
"SPATA2L","s1670_S_LIV_01_ASEReadCounter.table","NW_015090842.1:10114470",9,23,14
"SPATA2L","s1670_S_LIV_01_ASEReadCounter.table","NW_015090842.1:10114524",7,13,6
"VPS9D1","s1670_S_LIV_01_ASEReadCounter.table","NW_015090842.1:10116377",0,2,2
"VPS9D1","s1670_S_LIV_01_ASEReadCounter.table","NW_015090842.1:10116415",1,6,5
"VPS9D1","s1670_S_LIV_01_ASEReadCounter.table","NW_015090842.1:10116607",1,5,4
"VPS9D1","s1670_S_LIV_01_ASEReadCounter.table","NW_015090842.1:10116821",4,5,1
"VPS9D1","s1670_S_LIV_01_ASEReadCounter.table","NW_015090842.1:10116825",4,5,1
"VPS9D1","s1670_S_LIV_01_ASEReadCounter.table","NW_015090842.1:10116882",6,8,2
"VPS9D1","s1670_S_LIV_01_ASEReadCounter.table","NW_015090842.1:10116933",7,11,4
"VPS9D1","s1670_S_LIV_01_ASEReadCounter.table","NW_015090842.1:10116942",6,10,4
"VPS9D1","s1670_S_LIV_01_ASEReadCounter.table","NW_015090842.1:10117152",4,6,2
"VPS9D1","s1670_S_LIV_01_ASEReadCounter.table","NW_015090842.1:10117480",4,7,3
"VPS9D1","s1670_S_LIV_01_ASEReadCounter.table","NW_015090842.1:10117497",4,7,3
"VPS9D1","s1670_S_LIV_01_ASEReadCounter.table","NW_015090842.1:10117499",3,5,2
"VPS9D1","s1670_S_LIV_01_ASEReadCounter.table","NW_015090842.1:10117516",4,7,3
"VPS9D1","s1670_S_LIV_01_ASEReadCounter.table","NW_015090842.1:10117525",5,8,3
"VPS9D1","s1670_S_LIV_01_ASEReadCounter.table","NW_015090842.1:10117579",2,6,4
"VPS9D1","s1670_S_LIV_01_ASEReadCounter.table","NW_015090842.1:10117627",3,7,4
"VPS9D1","s1670_S_LIV_01_ASEReadCounter.table","NW_015090842.1:10117678",2,10,8
"VPS9D1","s1670_S_LIV_01_ASEReadCounter.table","NW_015090842.1:10117773",3,7,4
"VPS9D1","s1670_S_LIV_01_ASEReadCounter.table","NW_015090842.1:10117937",5,14,9
"VPS9D1","s1670_S_LIV_01_ASEReadCounter.table","NW_015090842.1:10117961",6,15,9
"VPS9D1","s1670_S_LIV_01_ASEReadCounter.table","NW_015090842.1:10118236",5,12,7
"VPS9D1","s1670_S_LIV_01_ASEReadCounter.table","NW_015090842.1:10118414",3,6,3
"VPS9D1","s1670_S_LIV_01_ASEReadCounter.table","NW_015090842.1:10118973",6,12,6
"VPS9D1","s1670_S_LIV_01_ASEReadCounter.table","NW_015090842.1:10119500",2,3,1
"ZNF276","s1670_S_LIV_01_ASEReadCounter.table","NW_015090842.1:10121760",5,5,0
"ZNF276","s1670_S_LIV_01_ASEReadCounter.table","NW_015090842.1:10121769",4,4,0
"ZNF276","s1670_S_LIV_01_ASEReadCounter.table","NW_015090842.1:10121802",6,7,1
"ZNF276","s1670_S_LIV_01_ASEReadCounter.table","NW_015090842.1:10121971",7,10,3
"ZNF276","s1670_S_LIV_01_ASEReadCounter.table","NW_015090842.1:10122161",10,10,0
"ZNF276","s1670_S_LIV_01_ASEReadCounter.table","NW_015090842.1:10122164",11,11,0
"ZNF276","s1670_S_LIV_01_ASEReadCounter.table","NW_015090842.1:10122184",7,7,0
"ZNF276","s1670_S_LIV_01_ASEReadCounter.table","NW_015090842.1:10122883",3,4,1
"ZNF276","s1670_S_LIV_01_ASEReadCounter.table","NW_015090842.1:10122997",5,5,0
"ZNF276","s1670_S_LIV_01_ASEReadCounter.table","NW_015090842.1:10123069",5,9,4
"ZNF276","s1670_S_LIV_01_ASEReadCounter.table","NW_015090842.1:10123207",7,12,5
"ZNF276","s1670_S_LIV_01_ASEReadCounter.table","NW_015090842.1:10125787",10,18,8
"ZNF276","s1670_S_LIV_01_ASEReadCounter.table","NW_015090842.1:10126309",8,13,5
"ZNF276","s1670_S_LIV_01_ASEReadCounter.table","NW_015090842.1:10126348",9,14,5
"ZNF276","s1670_S_LIV_01_ASEReadCounter.table","NW_015090842.1:10126978",10,19,9
"ZNF276","s1670_S_LIV_01_ASEReadCounter.table","NW_015090842.1:10126991",9,14,5
"ZNF276","s1670_S_LIV_01_ASEReadCounter.table","NW_015090842.1:10127023",8,14,6
"ZNF276","s1670_S_LIV_01_ASEReadCounter.table","NW_015090842.1:10127063",7,12,5
"ZNF276","s1670_S_LIV_01_ASEReadCounter.table","NW_015090842.1:10127373",5,15,10
"ZNF276","s1670_S_LIV_01_ASEReadCounter.table","NW_015090842.1:10127931",13,23,10
"ZNF276","s1670_S_LIV_01_ASEReadCounter.table","NW_015090842.1:10128070",14,31,17
"ZNF276","s1670_S_LIV_01_ASEReadCounter.table","NW_015090842.1:10128102",15,31,16
"ZNF276","s1670_S_LIV_01_ASEReadCounter.table","NW_015090842.1:10128356",17,32,15
"ZNF276","s1670_S_LIV_01_ASEReadCounter.table","NW_015090842.1:10128497",13,17,4
"FANCA","s1670_S_LIV_01_ASEReadCounter.table","NW_015090842.1:10128743",15,15,0
"FANCA","s1670_S_LIV_01_ASEReadCounter.table","NW_015090842.1:10128822",23,23,0
"FANCA","s1670_S_LIV_01_ASEReadCounter.table","NW_015090842.1:10129383",26,27,1
"FANCA","s1670_S_LIV_01_ASEReadCounter.table","NW_015090842.1:10129390",25,26,1
"FANCA","s1670_S_LIV_01_ASEReadCounter.table","NW_015090842.1:10129422",24,25,1
"FANCA","s1670_S_LIV_01_ASEReadCounter.table","NW_015090842.1:10129969",1,2,1
"FANCA","s1670_S_LIV_01_ASEReadCounter.table","NW_015090842.1:10130399",1,1,0
"FANCA","s1670_S_LIV_01_ASEReadCounter.table","NW_015090842.1:10130857",1,1,0
"FANCA","s1670_S_LIV_01_ASEReadCounter.table","NW_015090842.1:10136982",0,1,1
"FANCA","s1670_S_LIV_01_ASEReadCounter.table","NW_015090842.1:10136999",0,1,1
"FANCA","s1670_S_LIV_01_ASEReadCounter.table","NW_015090842.1:10137019",0,1,1
"FANCA","s1670_S_LIV_01_ASEReadCounter.table","NW_015090842.1:10154490",1,1,0
"FANCA","s1670_S_LIV_01_ASEReadCounter.table","NW_015090842.1:10158162",1,1,0
"SPIRE2","s1670_S_LIV_01_ASEReadCounter.table","NW_015090842.1:10178524",0,1,1
"SPIRE2","s1670_S_LIV_01_ASEReadCounter.table","NW_015090842.1:10178526",0,1,1
"SPIRE2","s1670_S_LIV_01_ASEReadCounter.table","NW_015090842.1:10178531",0,1,1
"SPIRE2","s1670_S_LIV_01_ASEReadCounter.table","NW_015090842.1:10178565",0,1,1
"TCF25","s1670_S_LIV_01_ASEReadCounter.table","NW_015090842.1:10180912",15,34,19
"TCF25","s1670_S_LIV_01_ASEReadCounter.table","NW_015090842.1:10180924",16,37,21
"TCF25","s1670_S_LIV_01_ASEReadCounter.table","NW_015090842.1:10180931",16,36,20
"TCF25","s1670_S_LIV_01_ASEReadCounter.table","NW_015090842.1:10185332",52,89,37
"TCF25","s1670_S_LIV_01_ASEReadCounter.table","NW_015090842.1:10196561",47,73,26
"TCF25","s1670_S_LIV_01_ASEReadCounter.table","NW_015090842.1:10197399",84,84,0
"GAS8","s1670_S_LIV_01_ASEReadCounter.table","NW_015090842.1:10228982",2,6,4
"GAS8","s1670_S_LIV_01_ASEReadCounter.table","NW_015090842.1:10229832",3,9,6
"GAS8","s1670_S_LIV_01_ASEReadCounter.table","NW_015090842.1:10232901",6,10,4
"GAS8","s1670_S_LIV_01_ASEReadCounter.table","NW_015090842.1:10232928",4,8,4
"GAS8","s1670_S_LIV_01_ASEReadCounter.table","NW_015090842.1:10232967",3,9,6
"GAS8","s1670_S_LIV_01_ASEReadCounter.table","NW_015090842.1:10233032",2,7,5
"GAS8","s1670_S_LIV_01_ASEReadCounter.table","NW_015090842.1:10233057",2,7,5
"GAS8","s1670_S_LIV_01_ASEReadCounter.table","NW_015090842.1:10233058",2,7,5
"GAS8","s1670_S_LIV_01_ASEReadCounter.table","NW_015090842.1:10233176",4,6,2
"GAS8","s1670_S_LIV_01_ASEReadCounter.table","NW_015090842.1:10233196",6,10,4
"GAS8","s1670_S_LIV_01_ASEReadCounter.table","NW_015090842.1:10233252",3,6,3
"GAS8","s1670_S_LIV_01_ASEReadCounter.table","NW_015090842.1:10233303",1,2,1
"LOC106888094","s1670_S_LIV_01_ASEReadCounter.table","NW_015090842.1:10233334",13,43,30
"LOC106888094","s1670_S_LIV_01_ASEReadCounter.table","NW_015090842.1:10233362",27,109,82
"LOC106888094","s1670_S_LIV_01_ASEReadCounter.table","NW_015090842.1:10233373",30,120,90
"LOC106888094","s1670_S_LIV_01_ASEReadCounter.table","NW_015090842.1:10233388",34,131,97
"LOC106888094","s1670_S_LIV_01_ASEReadCounter.table","NW_015090842.1:10233402",38,139,101
"LOC106888094","s1670_S_LIV_01_ASEReadCounter.table","NW_015090842.1:10233465",55,164,109
"LOC106888094","s1670_S_LIV_01_ASEReadCounter.table","NW_015090842.1:10233803",61,204,143
"LOC106888094","s1670_S_LIV_01_ASEReadCounter.table","NW_015090842.1:10233815",59,185,126
"LOC106888094","s1670_S_LIV_01_ASEReadCounter.table","NW_015090842.1:10236098",3,4,1
"LOC106888094","s1670_S_LIV_01_ASEReadCounter.table","NW_015090842.1:10236161",0,4,4
"LOC106888173","s1670_S_LIV_01_ASEReadCounter.table","NW_015090842.1:10240036",0,1,1
"LOC106888173","s1670_S_LIV_01_ASEReadCounter.table","NW_015090842.1:10240280",1,1,0
"LOC106888173","s1670_S_LIV_01_ASEReadCounter.table","NW_015090842.1:10241058",0,1,1
"LOC106888173","s1670_S_LIV_01_ASEReadCounter.table","NW_015090842.1:10241064",0,1,1
"LOC106888173","s1670_S_LIV_01_ASEReadCounter.table","NW_015090842.1:10241163",1,1,0
"LOC106888173","s1670_S_LIV_01_ASEReadCounter.table","NW_015090842.1:10241803",3,3,0
"LOC106888173","s1670_S_LIV_01_ASEReadCounter.table","NW_015090842.1:10241827",1,1,0
"LOC106888173","s1670_S_LIV_01_ASEReadCounter.table","NW_015090842.1:10241869",0,3,3
"LOC106888173","s1670_S_LIV_01_ASEReadCounter.table","NW_015090842.1:10242079",1,2,1
"LOC106888173","s1670_S_LIV_01_ASEReadCounter.table","NW_015090842.1:10242103",1,1,0
"LOC106888173","s1670_S_LIV_01_ASEReadCounter.table","NW_015090842.1:10242157",0,1,1
"LOC106888173","s1670_S_LIV_01_ASEReadCounter.table","NW_015090842.1:10242455",0,2,2
"LOC106888173","s1670_S_LIV_01_ASEReadCounter.table","NW_015090842.1:10242481",0,3,3
"LOC106888173","s1670_S_LIV_01_ASEReadCounter.table","NW_015090842.1:10242590",0,1,1
"LOC106888173","s1670_S_LIV_01_ASEReadCounter.table","NW_015090842.1:10242794",2,2,0
"LOC106888173","s1670_S_LIV_01_ASEReadCounter.table","NW_015090842.1:10242909",1,3,2
"LOC106888173","s1670_S_LIV_01_ASEReadCounter.table","NW_015090842.1:10243273",1,1,0
"LOC106888173","s1670_S_LIV_01_ASEReadCounter.table","NW_015090842.1:10243278",1,3,2
"LOC106888173","s1670_S_LIV_01_ASEReadCounter.table","NW_015090842.1:10243281",1,3,2
"LOC106888173","s1670_S_LIV_01_ASEReadCounter.table","NW_015090842.1:10243347",3,4,1
"LOC106888173","s1670_S_LIV_01_ASEReadCounter.table","NW_015090842.1:10243353",1,4,3
"LOC106888173","s1670_S_LIV_01_ASEReadCounter.table","NW_015090842.1:10243363",0,3,3
"LOC106888173","s1670_S_LIV_01_ASEReadCounter.table","NW_015090842.1:10243365",0,3,3
"LOC106888173","s1670_S_LIV_01_ASEReadCounter.table","NW_015090842.1:10243529",11,11,0
"LOC106888173","s1670_S_LIV_01_ASEReadCounter.table","NW_015090842.1:10243566",11,11,0
"LOC106888173","s1670_S_LIV_01_ASEReadCounter.table","NW_015090842.1:10243605",0,11,11
"LOC106888173","s1670_S_LIV_01_ASEReadCounter.table","NW_015090842.1:10243614",0,11,11
"LOC106888173","s1670_S_LIV_01_ASEReadCounter.table","NW_015090842.1:10243615",0,11,11
"LOC106888173","s1670_S_LIV_01_ASEReadCounter.table","NW_015090842.1:10243640",5,6,1
"LOC106888173","s1670_S_LIV_01_ASEReadCounter.table","NW_015090842.1:10243680",0,2,2
"LOC106888173","s1670_S_LIV_01_ASEReadCounter.table","NW_015090842.1:10243742",1,1,0
"LOC106888173","s1670_S_LIV_01_ASEReadCounter.table","NW_015090842.1:10243804",1,1,0
"LOC106888384","s1670_S_LIV_01_ASEReadCounter.table","NW_015090842.1:10244714",5,8,3
"LOC106888384","s1670_S_LIV_01_ASEReadCounter.table","NW_015090842.1:10244998",17,29,12
"LOC106888384","s1670_S_LIV_01_ASEReadCounter.table","NW_015090842.1:10250743",19,37,18
"LOC106888384","s1670_S_LIV_01_ASEReadCounter.table","NW_015090842.1:10250771",17,35,18
"LOC106888384","s1670_S_LIV_01_ASEReadCounter.table","NW_015090842.1:10251343",34,34,0
"LOC106888384","s1670_S_LIV_01_ASEReadCounter.table","NW_015090842.1:10251344",34,34,0
"LOC106888384","s1670_S_LIV_01_ASEReadCounter.table","NW_015090842.1:10251349",29,29,0
"LOC106888384","s1670_S_LIV_01_ASEReadCounter.table","NW_015090842.1:10251354",29,29,0
"LOC106888384","s1670_S_LIV_01_ASEReadCounter.table","NW_015090842.1:10251358",29,29,0
"LOC106888384","s1670_S_LIV_01_ASEReadCounter.table","NW_015090842.1:10251369",7,24,17
"LOC106888384","s1670_S_LIV_01_ASEReadCounter.table","NW_015090842.1:10251370",24,24,0
"LOC106888384","s1670_S_LIV_01_ASEReadCounter.table","NW_015090842.1:10251375",25,25,0
"LOC106888384","s1670_S_LIV_01_ASEReadCounter.table","NW_015090842.1:10251388",13,13,0
"LOC106888384","s1670_S_LIV_01_ASEReadCounter.table","NW_015090842.1:10251390",13,13,0
"LOC106888384","s1670_S_LIV_01_ASEReadCounter.table","NW_015090842.1:10251393",13,13,0
"LOC106888384","s1670_S_LIV_01_ASEReadCounter.table","NW_015090842.1:10251399",11,11,0
"LOC106888384","s1670_S_LIV_01_ASEReadCounter.table","NW_015090842.1:10251492",13,13,0
"LOC106888384","s1670_S_LIV_01_ASEReadCounter.table","NW_015090842.1:10253165",37,79,42
"LOC106888384","s1670_S_LIV_01_ASEReadCounter.table","NW_015090842.1:10253284",27,77,50
"LOC106888384","s1670_S_LIV_01_ASEReadCounter.table","NW_015090842.1:10253605",83,83,0
"LOC106888384","s1670_S_LIV_01_ASEReadCounter.table","NW_015090842.1:10254028",61,114,53
"LOC106888384","s1670_S_LIV_01_ASEReadCounter.table","NW_015090842.1:10254227",46,95,49
"LOC106888384","s1670_S_LIV_01_ASEReadCounter.table","NW_015090842.1:10254233",48,104,56
"LOC106888384","s1670_S_LIV_01_ASEReadCounter.table","NW_015090842.1:10254263",50,113,63
"LOC106888384","s1670_S_LIV_01_ASEReadCounter.table","NW_015090842.1:10254293",56,108,52
"LOC106888384","s1670_S_LIV_01_ASEReadCounter.table","NW_015090842.1:10254570",75,141,66
"LOC106888384","s1670_S_LIV_01_ASEReadCounter.table","NW_015090842.1:10254647",35,81,46
"LOC106888384","s1670_S_LIV_01_ASEReadCounter.table","NW_015090842.1:10254663",24,63,39
"LOC106888384","s1670_S_LIV_01_ASEReadCounter.table","NW_015090842.1:10254840",19,38,19
"LOC106888384","s1670_S_LIV_01_ASEReadCounter.table","NW_015090842.1:10254854",47,47,0
"LOC106888384","s1670_S_LIV_01_ASEReadCounter.table","NW_015090842.1:10254891",59,59,0
"LOC106888384","s1670_S_LIV_01_ASEReadCounter.table","NW_015090842.1:10254900",21,53,32
"LOC106888384","s1670_S_LIV_01_ASEReadCounter.table","NW_015090842.1:10254915",21,60,39
"LOC106888384","s1670_S_LIV_01_ASEReadCounter.table","NW_015090842.1:10254965",53,53,0
"LOC106888384","s1670_S_LIV_01_ASEReadCounter.table","NW_015090842.1:10254975",16,53,37
"LOC106888384","s1670_S_LIV_01_ASEReadCounter.table","NW_015090842.1:10255077",53,109,56
"LOC106888384","s1670_S_LIV_01_ASEReadCounter.table","NW_015090842.1:10255117",55,114,59
"LOC106888384","s1670_S_LIV_01_ASEReadCounter.table","NW_015090842.1:10255138",39,98,59
"LOC106888384","s1670_S_LIV_01_ASEReadCounter.table","NW_015090842.1:10255139",39,100,61
"LOC106888384","s1670_S_LIV_01_ASEReadCounter.table","NW_015090842.1:10255209",43,110,67
"LOC106888384","s1670_S_LIV_01_ASEReadCounter.table","NW_015090842.1:10255211",47,111,64
"LOC106888384","s1670_S_LIV_01_ASEReadCounter.table","NW_015090842.1:10255236",50,116,66
"LOC106888384","s1670_S_LIV_01_ASEReadCounter.table","NW_015090842.1:10255262",52,117,65
"LOC106888384","s1670_S_LIV_01_ASEReadCounter.table","NW_015090842.1:10255264",51,126,75
"LOC106888384","s1670_S_LIV_01_ASEReadCounter.table","NW_015090842.1:10255306",60,147,87
"LOC106888384","s1670_S_LIV_01_ASEReadCounter.table","NW_015090842.1:10255340",76,187,111
"LOC106888384","s1670_S_LIV_01_ASEReadCounter.table","NW_015090842.1:10255410",82,192,110
"LOC106888384","s1670_S_LIV_01_ASEReadCounter.table","NW_015090842.1:10255449",74,170,96
"LOC106888384","s1670_S_LIV_01_ASEReadCounter.table","NW_015090842.1:10255496",92,195,103
"LOC106888384","s1670_S_LIV_01_ASEReadCounter.table","NW_015090842.1:10255505",73,170,97
"LOC106888384","s1670_S_LIV_01_ASEReadCounter.table","NW_015090842.1:10255531",87,206,119
"LOC106888384","s1670_S_LIV_01_ASEReadCounter.table","NW_015090842.1:10255608",109,214,105
"LOC106888384","s1670_S_LIV_01_ASEReadCounter.table","NW_015090842.1:10255614",110,203,93
"LOC106888384","s1670_S_LIV_01_ASEReadCounter.table","NW_015090842.1:10255704",98,194,96
"LOC106888384","s1670_S_LIV_01_ASEReadCounter.table","NW_015090842.1:10255731",82,159,77
"LOC106888384","s1670_S_LIV_01_ASEReadCounter.table","NW_015090842.1:10255771",51,83,32
"TANGO6","s1670_S_LIV_01_ASEReadCounter.table","NW_015090842.1:10257782",4,7,3
"TANGO6","s1670_S_LIV_01_ASEReadCounter.table","NW_015090842.1:10258162",4,5,1
"TANGO6","s1670_S_LIV_01_ASEReadCounter.table","NW_015090842.1:10258185",4,5,1
"TANGO6","s1670_S_LIV_01_ASEReadCounter.table","NW_015090842.1:10259267",8,14,6
"TANGO6","s1670_S_LIV_01_ASEReadCounter.table","NW_015090842.1:10260250",16,24,8
"TANGO6","s1670_S_LIV_01_ASEReadCounter.table","NW_015090842.1:10260979",7,14,7
"TANGO6","s1670_S_LIV_01_ASEReadCounter.table","NW_015090842.1:10261599",8,13,5
"TANGO6","s1670_S_LIV_01_ASEReadCounter.table","NW_015090842.1:10268425",13,20,7
"TANGO6","s1670_S_LIV_01_ASEReadCounter.table","NW_015090842.1:10269831",13,16,3
"TANGO6","s1670_S_LIV_01_ASEReadCounter.table","NW_015090842.1:10270813",10,15,5
"TANGO6","s1670_S_LIV_01_ASEReadCounter.table","NW_015090842.1:10273952",12,18,6
"TANGO6","s1670_S_LIV_01_ASEReadCounter.table","NW_015090842.1:10273970",10,17,7
"TANGO6","s1670_S_LIV_01_ASEReadCounter.table","NW_015090842.1:10274018",7,11,4
"TANGO6","s1670_S_LIV_01_ASEReadCounter.table","NW_015090842.1:10275974",12,18,6
"TANGO6","s1670_S_LIV_01_ASEReadCounter.table","NW_015090842.1:10275976",12,18,6
"TANGO6","s1670_S_LIV_01_ASEReadCounter.table","NW_015090842.1:10276123",8,13,5
"TANGO6","s1670_S_LIV_01_ASEReadCounter.table","NW_015090842.1:10276271",10,17,7
"TANGO6","s1670_S_LIV_01_ASEReadCounter.table","NW_015090842.1:10276272",10,17,7
"TANGO6","s1670_S_LIV_01_ASEReadCounter.table","NW_015090842.1:10276275",10,17,7
"TANGO6","s1670_S_LIV_01_ASEReadCounter.table","NW_015090842.1:10276278",10,16,6
"TANGO6","s1670_S_LIV_01_ASEReadCounter.table","NW_015090842.1:10276368",11,13,2
"TANGO6","s1670_S_LIV_01_ASEReadCounter.table","NW_015090842.1:10276373",9,11,2
"TANGO6","s1670_S_LIV_01_ASEReadCounter.table","NW_015090842.1:10276630",8,11,3
"TANGO6","s1670_S_LIV_01_ASEReadCounter.table","NW_015090842.1:10281498",5,10,5
"TANGO6","s1670_S_LIV_01_ASEReadCounter.table","NW_015090842.1:10282842",18,21,3
"TANGO6","s1670_S_LIV_01_ASEReadCounter.table","NW_015090842.1:10282863",15,16,1
"TANGO6","s1670_S_LIV_01_ASEReadCounter.table","NW_015090842.1:10282869",15,16,1
"TANGO6","s1670_S_LIV_01_ASEReadCounter.table","NW_015090842.1:10282903",12,14,2
"TANGO6","s1670_S_LIV_01_ASEReadCounter.table","NW_015090842.1:10283757",21,29,8
"TANGO6","s1670_S_LIV_01_ASEReadCounter.table","NW_015090842.1:10283785",22,27,5
"HAS3","s1670_S_LIV_01_ASEReadCounter.table","NW_015090842.1:10290927",0,1,1
"HAS3","s1670_S_LIV_01_ASEReadCounter.table","NW_015090842.1:10291004",1,2,1
"CHTF8","s1670_S_LIV_01_ASEReadCounter.table","NW_015090842.1:10291319",3,3,0
"CHTF8","s1670_S_LIV_01_ASEReadCounter.table","NW_015090842.1:10291342",5,5,0
"CHTF8","s1670_S_LIV_01_ASEReadCounter.table","NW_015090842.1:10291491",1,2,1
"CHTF8","s1670_S_LIV_01_ASEReadCounter.table","NW_015090842.1:10291520",3,5,2
"CHTF8","s1670_S_LIV_01_ASEReadCounter.table","NW_015090842.1:10291593",4,5,1
"CHTF8","s1670_S_LIV_01_ASEReadCounter.table","NW_015090842.1:10291600",4,5,1
"CHTF8","s1670_S_LIV_01_ASEReadCounter.table","NW_015090842.1:10291609",4,4,0
"CHTF8","s1670_S_LIV_01_ASEReadCounter.table","NW_015090842.1:10291639",4,4,0
"CHTF8","s1670_S_LIV_01_ASEReadCounter.table","NW_015090842.1:10291641",4,4,0
"CHTF8","s1670_S_LIV_01_ASEReadCounter.table","NW_015090842.1:10291648",6,8,2
"CHTF8","s1670_S_LIV_01_ASEReadCounter.table","NW_015090842.1:10291656",7,9,2
"CHTF8","s1670_S_LIV_01_ASEReadCounter.table","NW_015090842.1:10291675",7,9,2
"CHTF8","s1670_S_LIV_01_ASEReadCounter.table","NW_015090842.1:10291696",7,11,4
"CHTF8","s1670_S_LIV_01_ASEReadCounter.table","NW_015090842.1:10291714",5,9,4
"CHTF8","s1670_S_LIV_01_ASEReadCounter.table","NW_015090842.1:10291732",4,9,5
"CHTF8","s1670_S_LIV_01_ASEReadCounter.table","NW_015090842.1:10291755",4,7,3
"CHTF8","s1670_S_LIV_01_ASEReadCounter.table","NW_015090842.1:10291756",4,7,3
"CHTF8","s1670_S_LIV_01_ASEReadCounter.table","NW_015090842.1:10291758",4,7,3
"CHTF8","s1670_S_LIV_01_ASEReadCounter.table","NW_015090842.1:10291792",3,6,3
"CHTF8","s1670_S_LIV_01_ASEReadCounter.table","NW_015090842.1:10291895",4,8,4
"CHTF8","s1670_S_LIV_01_ASEReadCounter.table","NW_015090842.1:10292132",4,9,5
"CHTF8","s1670_S_LIV_01_ASEReadCounter.table","NW_015090842.1:10292314",2,3,1
"CHTF8","s1670_S_LIV_01_ASEReadCounter.table","NW_015090842.1:10292317",2,4,2
"CHTF8","s1670_S_LIV_01_ASEReadCounter.table","NW_015090842.1:10292928",1,1,0
"UTP4","s1670_S_LIV_01_ASEReadCounter.table","NW_015090842.1:10293146",16,44,28
"UTP4","s1670_S_LIV_01_ASEReadCounter.table","NW_015090842.1:10293151",17,42,25
"UTP4","s1670_S_LIV_01_ASEReadCounter.table","NW_015090842.1:10293191",10,23,13
"UTP4","s1670_S_LIV_01_ASEReadCounter.table","NW_015090842.1:10293362",13,32,19
"UTP4","s1670_S_LIV_01_ASEReadCounter.table","NW_015090842.1:10293430",13,38,25
"UTP4","s1670_S_LIV_01_ASEReadCounter.table","NW_015090842.1:10293625",12,34,22
"UTP4","s1670_S_LIV_01_ASEReadCounter.table","NW_015090842.1:10293684",12,46,34
"UTP4","s1670_S_LIV_01_ASEReadCounter.table","NW_015090842.1:10294093",13,38,25
"UTP4","s1670_S_LIV_01_ASEReadCounter.table","NW_015090842.1:10294568",10,30,20
"UTP4","s1670_S_LIV_01_ASEReadCounter.table","NW_015090842.1:10294622",11,29,18
"UTP4","s1670_S_LIV_01_ASEReadCounter.table","NW_015090842.1:10294632",11,26,15
"UTP4","s1670_S_LIV_01_ASEReadCounter.table","NW_015090842.1:10295238",11,33,22
"UTP4","s1670_S_LIV_01_ASEReadCounter.table","NW_015090842.1:10295880",13,44,31
"UTP4","s1670_S_LIV_01_ASEReadCounter.table","NW_015090842.1:10295884",15,46,31
"UTP4","s1670_S_LIV_01_ASEReadCounter.table","NW_015090842.1:10295903",14,43,29
"UTP4","s1670_S_LIV_01_ASEReadCounter.table","NW_015090842.1:10295906",13,44,31
"UTP4","s1670_S_LIV_01_ASEReadCounter.table","NW_015090842.1:10295915",11,43,32
"UTP4","s1670_S_LIV_01_ASEReadCounter.table","NW_015090842.1:10295938",15,46,31
"UTP4","s1670_S_LIV_01_ASEReadCounter.table","NW_015090842.1:10296175",18,43,25
"UTP4","s1670_S_LIV_01_ASEReadCounter.table","NW_015090842.1:10296660",20,51,31
"UTP4","s1670_S_LIV_01_ASEReadCounter.table","NW_015090842.1:10296679",20,55,35
"UTP4","s1670_S_LIV_01_ASEReadCounter.table","NW_015090842.1:10297193",30,71,41
"UTP4","s1670_S_LIV_01_ASEReadCounter.table","NW_015090842.1:10297220",32,75,43
"UTP4","s1670_S_LIV_01_ASEReadCounter.table","NW_015090842.1:10297307",30,79,49
"UTP4","s1670_S_LIV_01_ASEReadCounter.table","NW_015090842.1:10297558",41,88,47
"UTP4","s1670_S_LIV_01_ASEReadCounter.table","NW_015090842.1:10297943",31,72,41
"UTP4","s1670_S_LIV_01_ASEReadCounter.table","NW_015090842.1:10297979",31,59,28
"UTP4","s1670_S_LIV_01_ASEReadCounter.table","NW_015090842.1:10298022",26,49,23
"UTP4","s1670_S_LIV_01_ASEReadCounter.table","NW_015090842.1:10298079",3,11,8
"UTP4","s1670_S_LIV_01_ASEReadCounter.table","NW_015090842.1:10298081",3,12,9
"UTP4","s1670_S_LIV_01_ASEReadCounter.table","NW_015090842.1:10298082",3,12,9
"SNTB2","s1670_S_LIV_01_ASEReadCounter.table","NW_015090842.1:10298905",2,2,0
"SNTB2","s1670_S_LIV_01_ASEReadCounter.table","NW_015090842.1:10298928",2,2,0
"SNTB2","s1670_S_LIV_01_ASEReadCounter.table","NW_015090842.1:10303506",8,19,11
"SNTB2","s1670_S_LIV_01_ASEReadCounter.table","NW_015090842.1:10303524",6,16,10
"SNTB2","s1670_S_LIV_01_ASEReadCounter.table","NW_015090842.1:10304059",4,10,6
"SNTB2","s1670_S_LIV_01_ASEReadCounter.table","NW_015090842.1:10304089",5,12,7
"SNTB2","s1670_S_LIV_01_ASEReadCounter.table","NW_015090842.1:10304167",2,6,4
"SNTB2","s1670_S_LIV_01_ASEReadCounter.table","NW_015090842.1:10304176",2,7,5
"SNTB2","s1670_S_LIV_01_ASEReadCounter.table","NW_015090842.1:10305069",5,12,7
"SNTB2","s1670_S_LIV_01_ASEReadCounter.table","NW_015090842.1:10305099",5,11,6
"SNTB2","s1670_S_LIV_01_ASEReadCounter.table","NW_015090842.1:10305451",8,16,8
"SNTB2","s1670_S_LIV_01_ASEReadCounter.table","NW_015090842.1:10305547",2,11,9
"SNTB2","s1670_S_LIV_01_ASEReadCounter.table","NW_015090842.1:10305847",2,9,7
"SNTB2","s1670_S_LIV_01_ASEReadCounter.table","NW_015090842.1:10305911",4,11,7
"SNTB2","s1670_S_LIV_01_ASEReadCounter.table","NW_015090842.1:10306173",5,13,8
"SNTB2","s1670_S_LIV_01_ASEReadCounter.table","NW_015090842.1:10306275",5,14,9
"SNTB2","s1670_S_LIV_01_ASEReadCounter.table","NW_015090842.1:10306457",9,17,8
"SNTB2","s1670_S_LIV_01_ASEReadCounter.table","NW_015090842.1:10306496",10,17,7
"SNTB2","s1670_S_LIV_01_ASEReadCounter.table","NW_015090842.1:10306499",10,15,5
"VPS4A","s1670_S_LIV_01_ASEReadCounter.table","NW_015090842.1:10308566",30,78,48
"VPS4A","s1670_S_LIV_01_ASEReadCounter.table","NW_015090842.1:10308573",36,85,49
"VPS4A","s1670_S_LIV_01_ASEReadCounter.table","NW_015090842.1:10308856",46,146,100
"VPS4A","s1670_S_LIV_01_ASEReadCounter.table","NW_015090842.1:10309056",64,155,91
"VPS4A","s1670_S_LIV_01_ASEReadCounter.table","NW_015090842.1:10309089",89,190,101
"VPS4A","s1670_S_LIV_01_ASEReadCounter.table","NW_015090842.1:10309392",78,162,84
"VPS4A","s1670_S_LIV_01_ASEReadCounter.table","NW_015090842.1:10309413",70,163,93
"VPS4A","s1670_S_LIV_01_ASEReadCounter.table","NW_015090842.1:10309467",67,182,115
"VPS4A","s1670_S_LIV_01_ASEReadCounter.table","NW_015090842.1:10310230",83,209,126
"VPS4A","s1670_S_LIV_01_ASEReadCounter.table","NW_015090842.1:10310425",79,175,96
"VPS4A","s1670_S_LIV_01_ASEReadCounter.table","NW_015090842.1:10310639",83,200,117
"VPS4A","s1670_S_LIV_01_ASEReadCounter.table","NW_015090842.1:10310640",200,201,1
"VPS4A","s1670_S_LIV_01_ASEReadCounter.table","NW_015090842.1:10310687",82,196,114
"VPS4A","s1670_S_LIV_01_ASEReadCounter.table","NW_015090842.1:10310734",78,174,96
"VPS4A","s1670_S_LIV_01_ASEReadCounter.table","NW_015090842.1:10310737",75,173,98
"VPS4A","s1670_S_LIV_01_ASEReadCounter.table","NW_015090842.1:10310746",78,177,99
"VPS4A","s1670_S_LIV_01_ASEReadCounter.table","NW_015090842.1:10310767",84,192,108
"VPS4A","s1670_S_LIV_01_ASEReadCounter.table","NW_015090842.1:10310995",97,201,104
"VPS4A","s1670_S_LIV_01_ASEReadCounter.table","NW_015090842.1:10311004",94,189,95
"VPS4A","s1670_S_LIV_01_ASEReadCounter.table","NW_015090842.1:10311007",96,193,97
"VPS4A","s1670_S_LIV_01_ASEReadCounter.table","NW_015090842.1:10311013",103,198,95
"VPS4A","s1670_S_LIV_01_ASEReadCounter.table","NW_015090842.1:10311022",95,194,99
"VPS4A","s1670_S_LIV_01_ASEReadCounter.table","NW_015090842.1:10311023",94,194,100
"VPS4A","s1670_S_LIV_01_ASEReadCounter.table","NW_015090842.1:10311426",108,207,99
"VPS4A","s1670_S_LIV_01_ASEReadCounter.table","NW_015090842.1:10311489",2,4,2
"VPS4A","s1670_S_LIV_01_ASEReadCounter.table","NW_015090842.1:10311490",2,3,1
"VPS4A","s1670_S_LIV_01_ASEReadCounter.table","NW_015090842.1:10311525",3,8,5
"VPS4A","s1670_S_LIV_01_ASEReadCounter.table","NW_015090842.1:10311529",3,11,8
"VPS4A","s1670_S_LIV_01_ASEReadCounter.table","NW_015090842.1:10311530",3,13,10
"VPS4A","s1670_S_LIV_01_ASEReadCounter.table","NW_015090842.1:10311552",16,30,14
"VPS4A","s1670_S_LIV_01_ASEReadCounter.table","NW_015090842.1:10311689",15,30,15
"VPS4A","s1670_S_LIV_01_ASEReadCounter.table","NW_015090842.1:10311700",19,33,14
"VPS4A","s1670_S_LIV_01_ASEReadCounter.table","NW_015090842.1:10311701",19,32,13
"VPS4A","s1670_S_LIV_01_ASEReadCounter.table","NW_015090842.1:10311703",18,31,13
"COG8","s1670_S_LIV_01_ASEReadCounter.table","NW_015090842.1:10313487",7,21,14
"COG8","s1670_S_LIV_01_ASEReadCounter.table","NW_015090842.1:10313559",10,25,15
"COG8","s1670_S_LIV_01_ASEReadCounter.table","NW_015090842.1:10313579",8,24,16
"COG8","s1670_S_LIV_01_ASEReadCounter.table","NW_015090842.1:10313665",14,28,14
"COG8","s1670_S_LIV_01_ASEReadCounter.table","NW_015090842.1:10313681",13,28,15
"COG8","s1670_S_LIV_01_ASEReadCounter.table","NW_015090842.1:10313768",12,23,11
"COG8","s1670_S_LIV_01_ASEReadCounter.table","NW_015090842.1:10313775",12,26,14
"COG8","s1670_S_LIV_01_ASEReadCounter.table","NW_015090842.1:10313811",7,15,8
"COG8","s1670_S_LIV_01_ASEReadCounter.table","NW_015090842.1:10313858",5,10,5
"COG8","s1670_S_LIV_01_ASEReadCounter.table","NW_015090842.1:10313859",9,9,0
"COG8","s1670_S_LIV_01_ASEReadCounter.table","NW_015090842.1:10314100",13,19,6
"COG8","s1670_S_LIV_01_ASEReadCounter.table","NW_015090842.1:10314213",18,25,7
"COG8","s1670_S_LIV_01_ASEReadCounter.table","NW_015090842.1:10315093",13,17,4
"COG8","s1670_S_LIV_01_ASEReadCounter.table","NW_015090842.1:10315162",8,19,11
"COG8","s1670_S_LIV_01_ASEReadCounter.table","NW_015090842.1:10315285",13,26,13
"COG8","s1670_S_LIV_01_ASEReadCounter.table","NW_015090842.1:10315360",8,13,5
"COG8","s1670_S_LIV_01_ASEReadCounter.table","NW_015090842.1:10315369",10,15,5
"COG8","s1670_S_LIV_01_ASEReadCounter.table","NW_015090842.1:10315508",3,6,3
"COG8","s1670_S_LIV_01_ASEReadCounter.table","NW_015090842.1:10315624",11,18,7
"COG8","s1670_S_LIV_01_ASEReadCounter.table","NW_015090842.1:10315693",5,16,11
"COG8","s1670_S_LIV_01_ASEReadCounter.table","NW_015090842.1:10315698",5,16,11
"COG8","s1670_S_LIV_01_ASEReadCounter.table","NW_015090842.1:10315768",3,14,11
"COG8","s1670_S_LIV_01_ASEReadCounter.table","NW_015090842.1:10315769",3,13,10
"COG8","s1670_S_LIV_01_ASEReadCounter.table","NW_015090842.1:10315784",6,18,12
"COG8","s1670_S_LIV_01_ASEReadCounter.table","NW_015090842.1:10316093",7,16,9
"COG8","s1670_S_LIV_01_ASEReadCounter.table","NW_015090842.1:10316133",7,13,6
"NIP7","s1670_S_LIV_01_ASEReadCounter.table","NW_015090842.1:10316759",18,48,30
"NIP7","s1670_S_LIV_01_ASEReadCounter.table","NW_015090842.1:10316967",101,216,115
"NIP7","s1670_S_LIV_01_ASEReadCounter.table","NW_015090842.1:10316995",108,230,122
"NIP7","s1670_S_LIV_01_ASEReadCounter.table","NW_015090842.1:10317240",158,333,175
"NIP7","s1670_S_LIV_01_ASEReadCounter.table","NW_015090842.1:10317247",152,323,171
"NIP7","s1670_S_LIV_01_ASEReadCounter.table","NW_015090842.1:10317264",147,292,145
"NIP7","s1670_S_LIV_01_ASEReadCounter.table","NW_015090842.1:10317433",185,328,143
"NIP7","s1670_S_LIV_01_ASEReadCounter.table","NW_015090842.1:10317738",127,263,136
"NIP7","s1670_S_LIV_01_ASEReadCounter.table","NW_015090842.1:10317769",137,270,133
"NIP7","s1670_S_LIV_01_ASEReadCounter.table","NW_015090842.1:10317808",101,196,95
"NIP7","s1670_S_LIV_01_ASEReadCounter.table","NW_015090842.1:10317870",61,139,78
"NIP7","s1670_S_LIV_01_ASEReadCounter.table","NW_015090842.1:10317871",61,138,77
"NIP7","s1670_S_LIV_01_ASEReadCounter.table","NW_015090842.1:10317898",41,92,51
"NIP7","s1670_S_LIV_01_ASEReadCounter.table","NW_015090842.1:10317911",37,80,43
"TMED6","s1670_S_LIV_01_ASEReadCounter.table","NW_015090842.1:10318514",2,2,0
"TMED6","s1670_S_LIV_01_ASEReadCounter.table","NW_015090842.1:10318731",1,1,0
"TERF2","s1670_S_LIV_01_ASEReadCounter.table","NW_015090842.1:10321768",10,31,21
"TERF2","s1670_S_LIV_01_ASEReadCounter.table","NW_015090842.1:10321777",8,29,21
"TERF2","s1670_S_LIV_01_ASEReadCounter.table","NW_015090842.1:10321805",9,37,28
"TERF2","s1670_S_LIV_01_ASEReadCounter.table","NW_015090842.1:10321878",14,45,31
"TERF2","s1670_S_LIV_01_ASEReadCounter.table","NW_015090842.1:10321893",0,42,42
"TERF2","s1670_S_LIV_01_ASEReadCounter.table","NW_015090842.1:10321897",7,32,25
"TERF2","s1670_S_LIV_01_ASEReadCounter.table","NW_015090842.1:10321908",10,33,23
"TERF2","s1670_S_LIV_01_ASEReadCounter.table","NW_015090842.1:10322001",19,52,33
"TERF2","s1670_S_LIV_01_ASEReadCounter.table","NW_015090842.1:10322035",20,47,27
"TERF2","s1670_S_LIV_01_ASEReadCounter.table","NW_015090842.1:10322051",23,54,31
"TERF2","s1670_S_LIV_01_ASEReadCounter.table","NW_015090842.1:10322137",19,45,26
"TERF2","s1670_S_LIV_01_ASEReadCounter.table","NW_015090842.1:10322144",18,44,26
"TERF2","s1670_S_LIV_01_ASEReadCounter.table","NW_015090842.1:10322388",7,36,29
"TERF2","s1670_S_LIV_01_ASEReadCounter.table","NW_015090842.1:10322396",8,37,29
"TERF2","s1670_S_LIV_01_ASEReadCounter.table","NW_015090842.1:10322502",13,38,25
"TERF2","s1670_S_LIV_01_ASEReadCounter.table","NW_015090842.1:10322504",13,39,26
"TERF2","s1670_S_LIV_01_ASEReadCounter.table","NW_015090842.1:10322510",13,41,28
"TERF2","s1670_S_LIV_01_ASEReadCounter.table","NW_015090842.1:10323580",11,39,28
"TERF2","s1670_S_LIV_01_ASEReadCounter.table","NW_015090842.1:10324314",11,36,25
"TERF2","s1670_S_LIV_01_ASEReadCounter.table","NW_015090842.1:10326832",9,32,23
"TERF2","s1670_S_LIV_01_ASEReadCounter.table","NW_015090842.1:10327787",8,23,15
"TERF2","s1670_S_LIV_01_ASEReadCounter.table","NW_015090842.1:10328588",9,25,16
"TERF2","s1670_S_LIV_01_ASEReadCounter.table","NW_015090842.1:10328644",11,21,10
"TERF2","s1670_S_LIV_01_ASEReadCounter.table","NW_015090842.1:10329813",9,23,14
"TERF2","s1670_S_LIV_01_ASEReadCounter.table","NW_015090842.1:10330749",12,22,10
"TERF2","s1670_S_LIV_01_ASEReadCounter.table","NW_015090842.1:10330789",14,24,10
"CYB5B","s1670_S_LIV_01_ASEReadCounter.table","NW_015090842.1:10336595",2,15,13
"CYB5B","s1670_S_LIV_01_ASEReadCounter.table","NW_015090842.1:10336667",33,77,44
"CYB5B","s1670_S_LIV_01_ASEReadCounter.table","NW_015090842.1:10336689",58,127,69
"CYB5B","s1670_S_LIV_01_ASEReadCounter.table","NW_015090842.1:10336728",67,183,116
"CYB5B","s1670_S_LIV_01_ASEReadCounter.table","NW_015090842.1:10345068",63,180,117
"CYB5B","s1670_S_LIV_01_ASEReadCounter.table","NW_015090842.1:10348800",107,237,130
"CYB5B","s1670_S_LIV_01_ASEReadCounter.table","NW_015090842.1:10349046",83,218,135
"CYB5B","s1670_S_LIV_01_ASEReadCounter.table","NW_015090842.1:10349119",49,153,104
"CYB5B","s1670_S_LIV_01_ASEReadCounter.table","NW_015090842.1:10349146",31,132,101
"CYB5B","s1670_S_LIV_01_ASEReadCounter.table","NW_015090842.1:10349157",51,154,103
"CYB5B","s1670_S_LIV_01_ASEReadCounter.table","NW_015090842.1:10349263",154,154,0
