"gene","id","snp","ref_count","total_count","alt_count"
"CENPN","s1680_S_NC_02_ASEReadCounter.table","NW_015090842.1:5801655",0,2,2
"CENPN","s1680_S_NC_02_ASEReadCounter.table","NW_015090842.1:5801670",0,2,2
"CENPN","s1680_S_NC_02_ASEReadCounter.table","NW_015090842.1:5801674",0,2,2
"CENPN","s1680_S_NC_02_ASEReadCounter.table","NW_015090842.1:5801692",0,2,2
"CENPN","s1680_S_NC_02_ASEReadCounter.table","NW_015090842.1:5802008",2,3,1
"CENPN","s1680_S_NC_02_ASEReadCounter.table","NW_015090842.1:5802012",2,3,1
"CENPN","s1680_S_NC_02_ASEReadCounter.table","NW_015090842.1:5802087",2,3,1
"CENPN","s1680_S_NC_02_ASEReadCounter.table","NW_015090842.1:5810113",7,7,0
"CENPN","s1680_S_NC_02_ASEReadCounter.table","NW_015090842.1:5810147",6,6,0
"CENPN","s1680_S_NC_02_ASEReadCounter.table","NW_015090842.1:5810148",6,6,0
"ATMIN","s1680_S_NC_02_ASEReadCounter.table","NW_015090842.1:5818789",1,1,0
"ATMIN","s1680_S_NC_02_ASEReadCounter.table","NW_015090842.1:5819958",0,1,1
"ATMIN","s1680_S_NC_02_ASEReadCounter.table","NW_015090842.1:5820004",0,1,1
"ATMIN","s1680_S_NC_02_ASEReadCounter.table","NW_015090842.1:5820217",2,5,3
"ATMIN","s1680_S_NC_02_ASEReadCounter.table","NW_015090842.1:5820250",2,5,3
"ATMIN","s1680_S_NC_02_ASEReadCounter.table","NW_015090842.1:5820298",1,3,2
"ATMIN","s1680_S_NC_02_ASEReadCounter.table","NW_015090842.1:5820417",0,2,2
"ATMIN","s1680_S_NC_02_ASEReadCounter.table","NW_015090842.1:5820421",0,2,2
"ATMIN","s1680_S_NC_02_ASEReadCounter.table","NW_015090842.1:5820448",0,1,1
"ATMIN","s1680_S_NC_02_ASEReadCounter.table","NW_015090842.1:5820457",0,1,1
"ATMIN","s1680_S_NC_02_ASEReadCounter.table","NW_015090842.1:5820510",2,4,2
"ATMIN","s1680_S_NC_02_ASEReadCounter.table","NW_015090842.1:5820673",0,2,2
"ATMIN","s1680_S_NC_02_ASEReadCounter.table","NW_015090842.1:5820754",4,6,2
"ATMIN","s1680_S_NC_02_ASEReadCounter.table","NW_015090842.1:5820820",2,4,2
"ATMIN","s1680_S_NC_02_ASEReadCounter.table","NW_015090842.1:5820865",0,2,2
"ATMIN","s1680_S_NC_02_ASEReadCounter.table","NW_015090842.1:5820889",2,4,2
"ATMIN","s1680_S_NC_02_ASEReadCounter.table","NW_015090842.1:5820891",2,4,2
"ATMIN","s1680_S_NC_02_ASEReadCounter.table","NW_015090842.1:5820997",5,8,3
"ATMIN","s1680_S_NC_02_ASEReadCounter.table","NW_015090842.1:5821063",4,6,2
"ATMIN","s1680_S_NC_02_ASEReadCounter.table","NW_015090842.1:5821132",1,5,4
"ATMIN","s1680_S_NC_02_ASEReadCounter.table","NW_015090842.1:5821645",4,10,6
"ATMIN","s1680_S_NC_02_ASEReadCounter.table","NW_015090842.1:5825066",4,8,4
"ATMIN","s1680_S_NC_02_ASEReadCounter.table","NW_015090842.1:5825106",3,12,9
"ATMIN","s1680_S_NC_02_ASEReadCounter.table","NW_015090842.1:5825122",4,13,9
"ATMIN","s1680_S_NC_02_ASEReadCounter.table","NW_015090842.1:5825178",9,18,9
"ATMIN","s1680_S_NC_02_ASEReadCounter.table","NW_015090842.1:5825194",12,20,8
"ATMIN","s1680_S_NC_02_ASEReadCounter.table","NW_015090842.1:5825195",12,20,8
"ATMIN","s1680_S_NC_02_ASEReadCounter.table","NW_015090842.1:5825220",10,18,8
"ATMIN","s1680_S_NC_02_ASEReadCounter.table","NW_015090842.1:5825240",11,21,10
"ATMIN","s1680_S_NC_02_ASEReadCounter.table","NW_015090842.1:5825303",9,26,17
"ATMIN","s1680_S_NC_02_ASEReadCounter.table","NW_015090842.1:5825304",8,23,15
"ATMIN","s1680_S_NC_02_ASEReadCounter.table","NW_015090842.1:5825310",11,28,17
"ATMIN","s1680_S_NC_02_ASEReadCounter.table","NW_015090842.1:5825406",6,19,13
"ATMIN","s1680_S_NC_02_ASEReadCounter.table","NW_015090842.1:5825415",8,19,11
"ATMIN","s1680_S_NC_02_ASEReadCounter.table","NW_015090842.1:5825438",9,19,10
"ATMIN","s1680_S_NC_02_ASEReadCounter.table","NW_015090842.1:5825485",13,25,12
"ATMIN","s1680_S_NC_02_ASEReadCounter.table","NW_015090842.1:5825524",16,27,11
"ATMIN","s1680_S_NC_02_ASEReadCounter.table","NW_015090842.1:5825557",16,22,6
"ATMIN","s1680_S_NC_02_ASEReadCounter.table","NW_015090842.1:5825571",17,24,7
"ATMIN","s1680_S_NC_02_ASEReadCounter.table","NW_015090842.1:5825579",19,28,9
"ATMIN","s1680_S_NC_02_ASEReadCounter.table","NW_015090842.1:5825590",18,26,8
"ATMIN","s1680_S_NC_02_ASEReadCounter.table","NW_015090842.1:5825689",24,47,23
"ATMIN","s1680_S_NC_02_ASEReadCounter.table","NW_015090842.1:5825703",24,46,22
"ATMIN","s1680_S_NC_02_ASEReadCounter.table","NW_015090842.1:5825787",16,38,22
"ATMIN","s1680_S_NC_02_ASEReadCounter.table","NW_015090842.1:5825833",17,41,24
"ATMIN","s1680_S_NC_02_ASEReadCounter.table","NW_015090842.1:5825841",11,33,22
"ATMIN","s1680_S_NC_02_ASEReadCounter.table","NW_015090842.1:5825895",19,39,20
"ATMIN","s1680_S_NC_02_ASEReadCounter.table","NW_015090842.1:5825984",10,41,31
"ATMIN","s1680_S_NC_02_ASEReadCounter.table","NW_015090842.1:5826162",32,59,27
"ATMIN","s1680_S_NC_02_ASEReadCounter.table","NW_015090842.1:5826194",35,67,32
"ATMIN","s1680_S_NC_02_ASEReadCounter.table","NW_015090842.1:5826235",33,71,38
"ATMIN","s1680_S_NC_02_ASEReadCounter.table","NW_015090842.1:5826245",33,70,37
"ATMIN","s1680_S_NC_02_ASEReadCounter.table","NW_015090842.1:5826335",22,43,21
"ATMIN","s1680_S_NC_02_ASEReadCounter.table","NW_015090842.1:5826417",25,53,28
"ATMIN","s1680_S_NC_02_ASEReadCounter.table","NW_015090842.1:5826431",21,59,38
"ATMIN","s1680_S_NC_02_ASEReadCounter.table","NW_015090842.1:5826438",28,53,25
"ATMIN","s1680_S_NC_02_ASEReadCounter.table","NW_015090842.1:5826463",33,74,41
"ATMIN","s1680_S_NC_02_ASEReadCounter.table","NW_015090842.1:5826502",36,74,38
"ATMIN","s1680_S_NC_02_ASEReadCounter.table","NW_015090842.1:5826511",34,78,44
"ATMIN","s1680_S_NC_02_ASEReadCounter.table","NW_015090842.1:5826659",40,81,41
"ATMIN","s1680_S_NC_02_ASEReadCounter.table","NW_015090842.1:5826701",35,70,35
"ATMIN","s1680_S_NC_02_ASEReadCounter.table","NW_015090842.1:5826702",33,68,35
"ATMIN","s1680_S_NC_02_ASEReadCounter.table","NW_015090842.1:5826732",43,84,41
"ATMIN","s1680_S_NC_02_ASEReadCounter.table","NW_015090842.1:5826745",48,93,45
"ATMIN","s1680_S_NC_02_ASEReadCounter.table","NW_015090842.1:5826835",61,102,41
"ATMIN","s1680_S_NC_02_ASEReadCounter.table","NW_015090842.1:5826910",50,103,53
"ATMIN","s1680_S_NC_02_ASEReadCounter.table","NW_015090842.1:5826942",26,94,68
"ATMIN","s1680_S_NC_02_ASEReadCounter.table","NW_015090842.1:5827193",61,128,67
"ATMIN","s1680_S_NC_02_ASEReadCounter.table","NW_015090842.1:5827196",58,128,70
"ATMIN","s1680_S_NC_02_ASEReadCounter.table","NW_015090842.1:5827269",56,123,67
"ATMIN","s1680_S_NC_02_ASEReadCounter.table","NW_015090842.1:5827315",36,87,51
"ATMIN","s1680_S_NC_02_ASEReadCounter.table","NW_015090842.1:5827316",36,87,51
"ATMIN","s1680_S_NC_02_ASEReadCounter.table","NW_015090842.1:5827333",37,89,52
"PPP1R3E","s1680_S_NC_02_ASEReadCounter.table","NW_015090842.1:5837733",2,2,0
"PPP1R3E","s1680_S_NC_02_ASEReadCounter.table","NW_015090842.1:5837947",5,6,1
"PKD1L2","s1680_S_NC_02_ASEReadCounter.table","NW_015090842.1:5867660",1,1,0
"PKD1L2","s1680_S_NC_02_ASEReadCounter.table","NW_015090842.1:5867675",1,1,0
"BCO1","s1680_S_NC_02_ASEReadCounter.table","NW_015090842.1:5915610",0,2,2
"BCO1","s1680_S_NC_02_ASEReadCounter.table","NW_015090842.1:5915646",0,2,2
"BCO1","s1680_S_NC_02_ASEReadCounter.table","NW_015090842.1:5917836",1,2,1
"BCO1","s1680_S_NC_02_ASEReadCounter.table","NW_015090842.1:5917912",2,2,0
"BCO1","s1680_S_NC_02_ASEReadCounter.table","NW_015090842.1:5917941",1,1,0
"BCO1","s1680_S_NC_02_ASEReadCounter.table","NW_015090842.1:5917971",1,1,0
"BCO1","s1680_S_NC_02_ASEReadCounter.table","NW_015090842.1:5921726",2,2,0
"BCO1","s1680_S_NC_02_ASEReadCounter.table","NW_015090842.1:5925669",2,2,0
"BCO1","s1680_S_NC_02_ASEReadCounter.table","NW_015090842.1:5925753",3,3,0
"BCO1","s1680_S_NC_02_ASEReadCounter.table","NW_015090842.1:5926937",2,3,1
"BCO1","s1680_S_NC_02_ASEReadCounter.table","NW_015090842.1:5927921",3,3,0
"BCO1","s1680_S_NC_02_ASEReadCounter.table","NW_015090842.1:5927948",3,3,0
"BCO1","s1680_S_NC_02_ASEReadCounter.table","NW_015090842.1:5927968",2,2,0
"BCO1","s1680_S_NC_02_ASEReadCounter.table","NW_015090842.1:5932726",1,3,2
"BCO1","s1680_S_NC_02_ASEReadCounter.table","NW_015090842.1:5932801",5,10,5
"BCO1","s1680_S_NC_02_ASEReadCounter.table","NW_015090842.1:5934558",4,6,2
"BCO1","s1680_S_NC_02_ASEReadCounter.table","NW_015090842.1:5934575",6,8,2
"BCO1","s1680_S_NC_02_ASEReadCounter.table","NW_015090842.1:5934608",6,7,1
"BCO1","s1680_S_NC_02_ASEReadCounter.table","NW_015090842.1:5934647",9,11,2
"BCO1","s1680_S_NC_02_ASEReadCounter.table","NW_015090842.1:5934725",6,6,0
"BCO1","s1680_S_NC_02_ASEReadCounter.table","NW_015090842.1:5934726",6,6,0
"BCO1","s1680_S_NC_02_ASEReadCounter.table","NW_015090842.1:5934733",6,6,0
"BCO1","s1680_S_NC_02_ASEReadCounter.table","NW_015090842.1:5934821",6,8,2
"BCO1","s1680_S_NC_02_ASEReadCounter.table","NW_015090842.1:5934826",5,7,2
"BCO1","s1680_S_NC_02_ASEReadCounter.table","NW_015090842.1:5934844",3,5,2
"BCO1","s1680_S_NC_02_ASEReadCounter.table","NW_015090842.1:5934958",12,13,1
"BCO1","s1680_S_NC_02_ASEReadCounter.table","NW_015090842.1:5934976",11,13,2
"GAN","s1680_S_NC_02_ASEReadCounter.table","NW_015090842.1:5953759",8,18,10
"GAN","s1680_S_NC_02_ASEReadCounter.table","NW_015090842.1:5957502",10,23,13
"GAN","s1680_S_NC_02_ASEReadCounter.table","NW_015090842.1:5957578",12,31,19
"GAN","s1680_S_NC_02_ASEReadCounter.table","NW_015090842.1:5965028",18,32,14
"GAN","s1680_S_NC_02_ASEReadCounter.table","NW_015090842.1:5966047",14,42,28
"GAN","s1680_S_NC_02_ASEReadCounter.table","NW_015090842.1:5966126",8,49,41
"GAN","s1680_S_NC_02_ASEReadCounter.table","NW_015090842.1:5966127",8,51,43
"GAN","s1680_S_NC_02_ASEReadCounter.table","NW_015090842.1:5966162",22,68,46
"GAN","s1680_S_NC_02_ASEReadCounter.table","NW_015090842.1:5966483",51,90,39
"CMIP","s1680_S_NC_02_ASEReadCounter.table","NW_015090842.1:6109159",7,14,7
"CMIP","s1680_S_NC_02_ASEReadCounter.table","NW_015090842.1:6109166",6,12,6
"CMIP","s1680_S_NC_02_ASEReadCounter.table","NW_015090842.1:6114641",12,17,5
"CMIP","s1680_S_NC_02_ASEReadCounter.table","NW_015090842.1:6114751",12,19,7
"CMIP","s1680_S_NC_02_ASEReadCounter.table","NW_015090842.1:6114824",8,16,8
"CMIP","s1680_S_NC_02_ASEReadCounter.table","NW_015090842.1:6128998",26,47,21
"CMIP","s1680_S_NC_02_ASEReadCounter.table","NW_015090842.1:6130562",36,67,31
"CMIP","s1680_S_NC_02_ASEReadCounter.table","NW_015090842.1:6132522",27,62,35
"CMIP","s1680_S_NC_02_ASEReadCounter.table","NW_015090842.1:6134088",28,60,32
"CMIP","s1680_S_NC_02_ASEReadCounter.table","NW_015090842.1:6138265",88,225,137
"CMIP","s1680_S_NC_02_ASEReadCounter.table","NW_015090842.1:6138300",87,225,138
"CMIP","s1680_S_NC_02_ASEReadCounter.table","NW_015090842.1:6138342",86,196,110
"CMIP","s1680_S_NC_02_ASEReadCounter.table","NW_015090842.1:6138343",86,198,112
"CMIP","s1680_S_NC_02_ASEReadCounter.table","NW_015090842.1:6138345",86,202,116
"CMIP","s1680_S_NC_02_ASEReadCounter.table","NW_015090842.1:6138647",56,108,52
"CMIP","s1680_S_NC_02_ASEReadCounter.table","NW_015090842.1:6138745",61,113,52
"CMIP","s1680_S_NC_02_ASEReadCounter.table","NW_015090842.1:6138832",12,42,30
"CMIP","s1680_S_NC_02_ASEReadCounter.table","NW_015090842.1:6138967",59,110,51
"CMIP","s1680_S_NC_02_ASEReadCounter.table","NW_015090842.1:6139131",23,60,37
"CMIP","s1680_S_NC_02_ASEReadCounter.table","NW_015090842.1:6139163",13,52,39
"CMIP","s1680_S_NC_02_ASEReadCounter.table","NW_015090842.1:6139360",31,54,23
"CMIP","s1680_S_NC_02_ASEReadCounter.table","NW_015090842.1:6139572",18,37,19
"CMIP","s1680_S_NC_02_ASEReadCounter.table","NW_015090842.1:6139773",38,87,49
"PLCG2","s1680_S_NC_02_ASEReadCounter.table","NW_015090842.1:6179613",3,5,2
"PLCG2","s1680_S_NC_02_ASEReadCounter.table","NW_015090842.1:6179658",2,5,3
"PLCG2","s1680_S_NC_02_ASEReadCounter.table","NW_015090842.1:6203766",1,2,1
"PLCG2","s1680_S_NC_02_ASEReadCounter.table","NW_015090842.1:6203775",1,1,0
"PLCG2","s1680_S_NC_02_ASEReadCounter.table","NW_015090842.1:6203787",1,1,0
"PLCG2","s1680_S_NC_02_ASEReadCounter.table","NW_015090842.1:6205047",0,1,1
"PLCG2","s1680_S_NC_02_ASEReadCounter.table","NW_015090842.1:6209741",0,1,1
"PLCG2","s1680_S_NC_02_ASEReadCounter.table","NW_015090842.1:6209798",0,3,3
"PLCG2","s1680_S_NC_02_ASEReadCounter.table","NW_015090842.1:6209816",0,3,3
"PLCG2","s1680_S_NC_02_ASEReadCounter.table","NW_015090842.1:6218641",0,1,1
"PLCG2","s1680_S_NC_02_ASEReadCounter.table","NW_015090842.1:6221969",0,2,2
"PLCG2","s1680_S_NC_02_ASEReadCounter.table","NW_015090842.1:6228672",0,1,1
"PLCG2","s1680_S_NC_02_ASEReadCounter.table","NW_015090842.1:6228694",0,2,2
"PLCG2","s1680_S_NC_02_ASEReadCounter.table","NW_015090842.1:6228722",0,2,2
"PLCG2","s1680_S_NC_02_ASEReadCounter.table","NW_015090842.1:6228747",0,1,1
"PLCG2","s1680_S_NC_02_ASEReadCounter.table","NW_015090842.1:6228835",0,3,3
"PLCG2","s1680_S_NC_02_ASEReadCounter.table","NW_015090842.1:6228841",0,4,4
"PLCG2","s1680_S_NC_02_ASEReadCounter.table","NW_015090842.1:6228865",0,4,4
"PLCG2","s1680_S_NC_02_ASEReadCounter.table","NW_015090842.1:6228917",0,3,3
"PLCG2","s1680_S_NC_02_ASEReadCounter.table","NW_015090842.1:6228926",0,3,3
"PLCG2","s1680_S_NC_02_ASEReadCounter.table","NW_015090842.1:6228954",0,1,1
"PLCG2","s1680_S_NC_02_ASEReadCounter.table","NW_015090842.1:6229002",0,1,1
"PLCG2","s1680_S_NC_02_ASEReadCounter.table","NW_015090842.1:6229006",0,1,1
"PLCG2","s1680_S_NC_02_ASEReadCounter.table","NW_015090842.1:6229081",0,2,2
"PLCG2","s1680_S_NC_02_ASEReadCounter.table","NW_015090842.1:6229097",0,1,1
"PLCG2","s1680_S_NC_02_ASEReadCounter.table","NW_015090842.1:6229160",0,1,1
"PLCG2","s1680_S_NC_02_ASEReadCounter.table","NW_015090842.1:6229213",0,1,1
"PLCG2","s1680_S_NC_02_ASEReadCounter.table","NW_015090842.1:6229231",0,1,1
"PLCG2","s1680_S_NC_02_ASEReadCounter.table","NW_015090842.1:6229663",1,1,0
"PLCG2","s1680_S_NC_02_ASEReadCounter.table","NW_015090842.1:6229748",1,3,2
"PLCG2","s1680_S_NC_02_ASEReadCounter.table","NW_015090842.1:6229892",2,2,0
"PLCG2","s1680_S_NC_02_ASEReadCounter.table","NW_015090842.1:6230349",3,5,2
"PLCG2","s1680_S_NC_02_ASEReadCounter.table","NW_015090842.1:6230381",4,6,2
"PLCG2","s1680_S_NC_02_ASEReadCounter.table","NW_015090842.1:6230408",3,6,3
"PLCG2","s1680_S_NC_02_ASEReadCounter.table","NW_015090842.1:6230439",2,4,2
"PLCG2","s1680_S_NC_02_ASEReadCounter.table","NW_015090842.1:6230898",1,2,1
"PLCG2","s1680_S_NC_02_ASEReadCounter.table","NW_015090842.1:6230976",2,3,1
"PLCG2","s1680_S_NC_02_ASEReadCounter.table","NW_015090842.1:6231078",1,2,1
"PLCG2","s1680_S_NC_02_ASEReadCounter.table","NW_015090842.1:6231138",1,2,1
"PLCG2","s1680_S_NC_02_ASEReadCounter.table","NW_015090842.1:6231177",1,1,0
"SDR42E1","s1680_S_NC_02_ASEReadCounter.table","NW_015090842.1:6235292",0,2,2
"SDR42E1","s1680_S_NC_02_ASEReadCounter.table","NW_015090842.1:6235315",0,5,5
"SDR42E1","s1680_S_NC_02_ASEReadCounter.table","NW_015090842.1:6235348",1,6,5
"SDR42E1","s1680_S_NC_02_ASEReadCounter.table","NW_015090842.1:6235355",2,7,5
"SDR42E1","s1680_S_NC_02_ASEReadCounter.table","NW_015090842.1:6235417",2,9,7
"SDR42E1","s1680_S_NC_02_ASEReadCounter.table","NW_015090842.1:6235526",10,10,0
"SDR42E1","s1680_S_NC_02_ASEReadCounter.table","NW_015090842.1:6235558",0,5,5
"SDR42E1","s1680_S_NC_02_ASEReadCounter.table","NW_015090842.1:6235603",5,5,0
"SDR42E1","s1680_S_NC_02_ASEReadCounter.table","NW_015090842.1:6235741",1,7,6
"SDR42E1","s1680_S_NC_02_ASEReadCounter.table","NW_015090842.1:6235777",2,6,4
"SDR42E1","s1680_S_NC_02_ASEReadCounter.table","NW_015090842.1:6235806",3,6,3
"SDR42E1","s1680_S_NC_02_ASEReadCounter.table","NW_015090842.1:6235809",3,6,3
"SDR42E1","s1680_S_NC_02_ASEReadCounter.table","NW_015090842.1:6235816",2,5,3
"SDR42E1","s1680_S_NC_02_ASEReadCounter.table","NW_015090842.1:6235914",0,3,3
"SDR42E1","s1680_S_NC_02_ASEReadCounter.table","NW_015090842.1:6235935",0,4,4
"SDR42E1","s1680_S_NC_02_ASEReadCounter.table","NW_015090842.1:6235957",0,3,3
"SDR42E1","s1680_S_NC_02_ASEReadCounter.table","NW_015090842.1:6236040",0,2,2
"SDR42E1","s1680_S_NC_02_ASEReadCounter.table","NW_015090842.1:6236260",0,2,2
"SDR42E1","s1680_S_NC_02_ASEReadCounter.table","NW_015090842.1:6236281",0,3,3
"SDR42E1","s1680_S_NC_02_ASEReadCounter.table","NW_015090842.1:6236305",0,4,4
"SDR42E1","s1680_S_NC_02_ASEReadCounter.table","NW_015090842.1:6236458",1,3,2
"SDR42E1","s1680_S_NC_02_ASEReadCounter.table","NW_015090842.1:6236476",1,5,4
"SDR42E1","s1680_S_NC_02_ASEReadCounter.table","NW_015090842.1:6236608",0,4,4
"SDR42E1","s1680_S_NC_02_ASEReadCounter.table","NW_015090842.1:6238244",0,3,3
"SDR42E1","s1680_S_NC_02_ASEReadCounter.table","NW_015090842.1:6238829",0,2,2
"HSD17B2","s1680_S_NC_02_ASEReadCounter.table","NW_015090842.1:6257829",0,2,2
"HSD17B2","s1680_S_NC_02_ASEReadCounter.table","NW_015090842.1:6262951",0,1,1
"HSD17B2","s1680_S_NC_02_ASEReadCounter.table","NW_015090842.1:6262974",0,1,1
"HSD17B2","s1680_S_NC_02_ASEReadCounter.table","NW_015090842.1:6266795",0,2,2
"HSD17B2","s1680_S_NC_02_ASEReadCounter.table","NW_015090842.1:6266918",0,2,2
"HSD17B2","s1680_S_NC_02_ASEReadCounter.table","NW_015090842.1:6266944",0,2,2
"HSD17B2","s1680_S_NC_02_ASEReadCounter.table","NW_015090842.1:6267358",0,2,2
"HSD17B2","s1680_S_NC_02_ASEReadCounter.table","NW_015090842.1:6268180",2,2,0
"HSD17B2","s1680_S_NC_02_ASEReadCounter.table","NW_015090842.1:6268203",1,2,1
"ARY2","s1680_S_NC_02_ASEReadCounter.table","NW_015090842.1:6303922",0,2,2
"ARY2","s1680_S_NC_02_ASEReadCounter.table","NW_015090842.1:6303954",0,2,2
"ARY2","s1680_S_NC_02_ASEReadCounter.table","NW_015090842.1:6303979",0,1,1
"ARY2","s1680_S_NC_02_ASEReadCounter.table","NW_015090842.1:6305848",2,5,3
"ARY2","s1680_S_NC_02_ASEReadCounter.table","NW_015090842.1:6305856",2,5,3
"ARY2","s1680_S_NC_02_ASEReadCounter.table","NW_015090842.1:6305857",2,5,3
"ARY2","s1680_S_NC_02_ASEReadCounter.table","NW_015090842.1:6306017",1,2,1
"ARY2","s1680_S_NC_02_ASEReadCounter.table","NW_015090842.1:6306052",2,2,0
"ARY2","s1680_S_NC_02_ASEReadCounter.table","NW_015090842.1:6306094",2,3,1
"ARY2","s1680_S_NC_02_ASEReadCounter.table","NW_015090842.1:6306100",2,2,0
"ARY2","s1680_S_NC_02_ASEReadCounter.table","NW_015090842.1:6306146",0,1,1
"ARY2","s1680_S_NC_02_ASEReadCounter.table","NW_015090842.1:6306147",0,1,1
"ARY2","s1680_S_NC_02_ASEReadCounter.table","NW_015090842.1:6306390",2,5,3
"ARY2","s1680_S_NC_02_ASEReadCounter.table","NW_015090842.1:6306567",3,5,2
"ARY2","s1680_S_NC_02_ASEReadCounter.table","NW_015090842.1:6306705",2,2,0
"ARY2","s1680_S_NC_02_ASEReadCounter.table","NW_015090842.1:6306713",2,2,0
"ARY2","s1680_S_NC_02_ASEReadCounter.table","NW_015090842.1:6306773",2,2,0
"ARY2","s1680_S_NC_02_ASEReadCounter.table","NW_015090842.1:6307039",7,8,1
"ARY2","s1680_S_NC_02_ASEReadCounter.table","NW_015090842.1:6307043",6,8,2
"ARY2","s1680_S_NC_02_ASEReadCounter.table","NW_015090842.1:6307093",6,7,1
"ARY2","s1680_S_NC_02_ASEReadCounter.table","NW_015090842.1:6307138",4,6,2
"ARY2","s1680_S_NC_02_ASEReadCounter.table","NW_015090842.1:6307157",6,7,1
"ARY2","s1680_S_NC_02_ASEReadCounter.table","NW_015090842.1:6307187",5,6,1
"ARY2","s1680_S_NC_02_ASEReadCounter.table","NW_015090842.1:6307278",4,5,1
"ARY2","s1680_S_NC_02_ASEReadCounter.table","NW_015090842.1:6307305",5,5,0
"ARY2","s1680_S_NC_02_ASEReadCounter.table","NW_015090842.1:6307318",6,8,2
"ARY2","s1680_S_NC_02_ASEReadCounter.table","NW_015090842.1:6307429",2,5,3
"ARY2","s1680_S_NC_02_ASEReadCounter.table","NW_015090842.1:6307487",2,6,4
"ARY2","s1680_S_NC_02_ASEReadCounter.table","NW_015090842.1:6307670",1,3,2
"ARYL","s1680_S_NC_02_ASEReadCounter.table","NW_015090842.1:6313360",1,2,1
"ARYL","s1680_S_NC_02_ASEReadCounter.table","NW_015090842.1:6313377",1,2,1
"ARYL","s1680_S_NC_02_ASEReadCounter.table","NW_015090842.1:6313767",3,3,0
"ARY1","s1680_S_NC_02_ASEReadCounter.table","NW_015090842.1:6314296",3,3,0
"ARY1","s1680_S_NC_02_ASEReadCounter.table","NW_015090842.1:6314541",3,3,0
"ARY1","s1680_S_NC_02_ASEReadCounter.table","NW_015090842.1:6314597",3,3,0
"ARY1","s1680_S_NC_02_ASEReadCounter.table","NW_015090842.1:6314750",4,5,1
"ARY1","s1680_S_NC_02_ASEReadCounter.table","NW_015090842.1:6314794",5,5,0
"ARY1","s1680_S_NC_02_ASEReadCounter.table","NW_015090842.1:6314827",2,2,0
"ARY1","s1680_S_NC_02_ASEReadCounter.table","NW_015090842.1:6314843",4,4,0
"ARY1","s1680_S_NC_02_ASEReadCounter.table","NW_015090842.1:6314859",3,4,1
"ARY1","s1680_S_NC_02_ASEReadCounter.table","NW_015090842.1:6314886",3,4,1
"ARY1","s1680_S_NC_02_ASEReadCounter.table","NW_015090842.1:6314943",4,4,0
"ARY1","s1680_S_NC_02_ASEReadCounter.table","NW_015090842.1:6314949",3,3,0
"ARY1","s1680_S_NC_02_ASEReadCounter.table","NW_015090842.1:6315022",1,2,1
"ARY1","s1680_S_NC_02_ASEReadCounter.table","NW_015090842.1:6315026",0,1,1
"ARY1","s1680_S_NC_02_ASEReadCounter.table","NW_015090842.1:6315043",1,2,1
"ARY1","s1680_S_NC_02_ASEReadCounter.table","NW_015090842.1:6315065",1,2,1
"ARY1","s1680_S_NC_02_ASEReadCounter.table","NW_015090842.1:6315409",3,4,1
"ARY1","s1680_S_NC_02_ASEReadCounter.table","NW_015090842.1:6315479",1,4,3
"ARY1","s1680_S_NC_02_ASEReadCounter.table","NW_015090842.1:6318342",8,13,5
"ARY1","s1680_S_NC_02_ASEReadCounter.table","NW_015090842.1:6318427",9,16,7
"ARY1","s1680_S_NC_02_ASEReadCounter.table","NW_015090842.1:6318603",10,15,5
"ARY1","s1680_S_NC_02_ASEReadCounter.table","NW_015090842.1:6318708",6,10,4
"ARY1","s1680_S_NC_02_ASEReadCounter.table","NW_015090842.1:6318858",12,14,2
"ARY1","s1680_S_NC_02_ASEReadCounter.table","NW_015090842.1:6318952",12,19,7
"MPHOSPH6","s1680_S_NC_02_ASEReadCounter.table","NW_015090842.1:6324063",52,104,52
"MPHOSPH6","s1680_S_NC_02_ASEReadCounter.table","NW_015090842.1:6324174",76,162,86
"MPHOSPH6","s1680_S_NC_02_ASEReadCounter.table","NW_015090842.1:6324270",103,206,103
"MPHOSPH6","s1680_S_NC_02_ASEReadCounter.table","NW_015090842.1:6324762",56,128,72
"MPHOSPH6","s1680_S_NC_02_ASEReadCounter.table","NW_015090842.1:6324772",58,120,62
"MPHOSPH6","s1680_S_NC_02_ASEReadCounter.table","NW_015090842.1:6324780",55,111,56
"MPHOSPH6","s1680_S_NC_02_ASEReadCounter.table","NW_015090842.1:6324902",60,123,63
"MPHOSPH6","s1680_S_NC_02_ASEReadCounter.table","NW_015090842.1:6324910",113,113,0
"MPHOSPH6","s1680_S_NC_02_ASEReadCounter.table","NW_015090842.1:6325066",58,109,51
"MPHOSPH6","s1680_S_NC_02_ASEReadCounter.table","NW_015090842.1:6325089",67,122,55
"MPHOSPH6","s1680_S_NC_02_ASEReadCounter.table","NW_015090842.1:6325298",64,146,82
"MPHOSPH6","s1680_S_NC_02_ASEReadCounter.table","NW_015090842.1:6325877",54,106,52
"MPHOSPH6","s1680_S_NC_02_ASEReadCounter.table","NW_015090842.1:6326976",38,76,38
"CDH13","s1680_S_NC_02_ASEReadCounter.table","NW_015090842.1:6662283",1,2,1
"CDH13","s1680_S_NC_02_ASEReadCounter.table","NW_015090842.1:6693665",1,2,1
"CDH13","s1680_S_NC_02_ASEReadCounter.table","NW_015090842.1:6693697",1,2,1
"CDH13","s1680_S_NC_02_ASEReadCounter.table","NW_015090842.1:6693712",1,2,1
"CDH13","s1680_S_NC_02_ASEReadCounter.table","NW_015090842.1:6693723",1,1,0
"CDH13","s1680_S_NC_02_ASEReadCounter.table","NW_015090842.1:6693738",1,1,0
"CDH13","s1680_S_NC_02_ASEReadCounter.table","NW_015090842.1:6823730",2,9,7
"CDH13","s1680_S_NC_02_ASEReadCounter.table","NW_015090842.1:6889713",0,2,2
"CDH13","s1680_S_NC_02_ASEReadCounter.table","NW_015090842.1:6955167",3,4,1
"MLYCD","s1680_S_NC_02_ASEReadCounter.table","NW_015090842.1:7150054",38,97,59
"MLYCD","s1680_S_NC_02_ASEReadCounter.table","NW_015090842.1:7150131",58,124,66
"MLYCD","s1680_S_NC_02_ASEReadCounter.table","NW_015090842.1:7150585",37,72,35
"MLYCD","s1680_S_NC_02_ASEReadCounter.table","NW_015090842.1:7150686",38,69,31
"MLYCD","s1680_S_NC_02_ASEReadCounter.table","NW_015090842.1:7150696",41,73,32
"MLYCD","s1680_S_NC_02_ASEReadCounter.table","NW_015090842.1:7150698",72,72,0
"MLYCD","s1680_S_NC_02_ASEReadCounter.table","NW_015090842.1:7150869",34,61,27
"MLYCD","s1680_S_NC_02_ASEReadCounter.table","NW_015090842.1:7151100",32,66,34
"MLYCD","s1680_S_NC_02_ASEReadCounter.table","NW_015090842.1:7151127",30,69,39
"MLYCD","s1680_S_NC_02_ASEReadCounter.table","NW_015090842.1:7157538",16,34,18
"MLYCD","s1680_S_NC_02_ASEReadCounter.table","NW_015090842.1:7167662",4,10,6
"MLYCD","s1680_S_NC_02_ASEReadCounter.table","NW_015090842.1:7167675",3,9,6
"MLYCD","s1680_S_NC_02_ASEReadCounter.table","NW_015090842.1:7167710",5,8,3
"MLYCD","s1680_S_NC_02_ASEReadCounter.table","NW_015090842.1:7167781",2,5,3
"MLYCD","s1680_S_NC_02_ASEReadCounter.table","NW_015090842.1:7167803",2,6,4
"MLYCD","s1680_S_NC_02_ASEReadCounter.table","NW_015090842.1:7167812",4,8,4
"MLYCD","s1680_S_NC_02_ASEReadCounter.table","NW_015090842.1:7167845",4,6,2
"MLYCD","s1680_S_NC_02_ASEReadCounter.table","NW_015090842.1:7167862",4,7,3
"MLYCD","s1680_S_NC_02_ASEReadCounter.table","NW_015090842.1:7167929",1,5,4
"MLYCD","s1680_S_NC_02_ASEReadCounter.table","NW_015090842.1:7167995",1,2,1
"MLYCD","s1680_S_NC_02_ASEReadCounter.table","NW_015090842.1:7168005",2,3,1
"MLYCD","s1680_S_NC_02_ASEReadCounter.table","NW_015090842.1:7168037",2,3,1
"HSBP1","s1680_S_NC_02_ASEReadCounter.table","NW_015090842.1:7245192",466,759,293
"HSBP1","s1680_S_NC_02_ASEReadCounter.table","NW_015090842.1:7245226",490,846,356
"HSBP1","s1680_S_NC_02_ASEReadCounter.table","NW_015090842.1:7245257",425,751,326
"HSBP1","s1680_S_NC_02_ASEReadCounter.table","NW_015090842.1:7245296",384,753,369
"HSBP1","s1680_S_NC_02_ASEReadCounter.table","NW_015090842.1:7245389",477,853,376
"HSBP1","s1680_S_NC_02_ASEReadCounter.table","NW_015090842.1:7245400",505,858,353
"HSBP1","s1680_S_NC_02_ASEReadCounter.table","NW_015090842.1:7245445",492,843,351
"HSBP1","s1680_S_NC_02_ASEReadCounter.table","NW_015090842.1:7245495",460,784,324
"HSBP1","s1680_S_NC_02_ASEReadCounter.table","NW_015090842.1:7245515",494,844,350
"HSBP1","s1680_S_NC_02_ASEReadCounter.table","NW_015090842.1:7245733",299,524,225
"HSBP1","s1680_S_NC_02_ASEReadCounter.table","NW_015090842.1:7245771",335,534,199
"HSBP1","s1680_S_NC_02_ASEReadCounter.table","NW_015090842.1:7245813",280,464,184
"HSBP1","s1680_S_NC_02_ASEReadCounter.table","NW_015090842.1:7245926",266,515,249
"HSBP1","s1680_S_NC_02_ASEReadCounter.table","NW_015090842.1:7245927",269,519,250
"HSBP1","s1680_S_NC_02_ASEReadCounter.table","NW_015090842.1:7245933",271,506,235
"HSBP1","s1680_S_NC_02_ASEReadCounter.table","NW_015090842.1:7246002",193,363,170
"HSBP1","s1680_S_NC_02_ASEReadCounter.table","NW_015090842.1:7246094",284,478,194
"HSBP1","s1680_S_NC_02_ASEReadCounter.table","NW_015090842.1:7246167",252,434,182
"HSBP1","s1680_S_NC_02_ASEReadCounter.table","NW_015090842.1:7246183",239,423,184
"HSBP1","s1680_S_NC_02_ASEReadCounter.table","NW_015090842.1:7247285",35,44,9
"HSBP1","s1680_S_NC_02_ASEReadCounter.table","NW_015090842.1:7247651",261,541,280
"HSBP1","s1680_S_NC_02_ASEReadCounter.table","NW_015090842.1:7247657",255,535,280
"HSBP1","s1680_S_NC_02_ASEReadCounter.table","NW_015090842.1:7248520",173,357,184
"HSBP1","s1680_S_NC_02_ASEReadCounter.table","NW_015090842.1:7248535",145,294,149
"KCNG4","s1680_S_NC_02_ASEReadCounter.table","NW_015090842.1:7282760",2,2,0
"ATP2C2","s1680_S_NC_02_ASEReadCounter.table","NW_015090842.1:7413747",4,11,7
"TLDC1","s1680_S_NC_02_ASEReadCounter.table","NW_015090842.1:7421997",14,29,15
"COTL1","s1680_S_NC_02_ASEReadCounter.table","NW_015090842.1:7490707",385,821,436
"COTL1","s1680_S_NC_02_ASEReadCounter.table","NW_015090842.1:7490708",383,830,447
"COTL1","s1680_S_NC_02_ASEReadCounter.table","NW_015090842.1:7490711",396,845,449
"COTL1","s1680_S_NC_02_ASEReadCounter.table","NW_015090842.1:7490739",369,804,435
"COTL1","s1680_S_NC_02_ASEReadCounter.table","NW_015090842.1:7490785",358,742,384
"COTL1","s1680_S_NC_02_ASEReadCounter.table","NW_015090842.1:7490820",29,493,464
"COTL1","s1680_S_NC_02_ASEReadCounter.table","NW_015090842.1:7490846",729,729,0
"KLHL36","s1680_S_NC_02_ASEReadCounter.table","NW_015090842.1:7526337",17,33,16
"KLHL36","s1680_S_NC_02_ASEReadCounter.table","NW_015090842.1:7537681",125,125,0
"USP10","s1680_S_NC_02_ASEReadCounter.table","NW_015090842.1:7572213",14,29,15
"USP10","s1680_S_NC_02_ASEReadCounter.table","NW_015090842.1:7572358",21,21,0
"CRISPLD2","s1680_S_NC_02_ASEReadCounter.table","NW_015090842.1:7619796",1,2,1
"CRISPLD2","s1680_S_NC_02_ASEReadCounter.table","NW_015090842.1:7630779",3,3,0
"CRISPLD2","s1680_S_NC_02_ASEReadCounter.table","NW_015090842.1:7633611",7,7,0
"CRISPLD2","s1680_S_NC_02_ASEReadCounter.table","NW_015090842.1:7633787",3,5,2
"CRISPLD2","s1680_S_NC_02_ASEReadCounter.table","NW_015090842.1:7634023",1,2,1
"CRISPLD2","s1680_S_NC_02_ASEReadCounter.table","NW_015090842.1:7634620",2,2,0
"CRISPLD2","s1680_S_NC_02_ASEReadCounter.table","NW_015090842.1:7636315",4,6,2
"LOC106888312","s1680_S_NC_02_ASEReadCounter.table","NW_015090842.1:7732198",1,1,0
"MTHFSD","s1680_S_NC_02_ASEReadCounter.table","NW_015090842.1:8152578",10,20,10
"DUSP15","s1680_S_NC_02_ASEReadCounter.table","NW_015090842.1:8422840",0,1,1
"DUSP15","s1680_S_NC_02_ASEReadCounter.table","NW_015090842.1:8431988",0,2,2
"EMC8","s1680_S_NC_02_ASEReadCounter.table","NW_015090842.1:8452385",22,45,23
"GINS2","s1680_S_NC_02_ASEReadCounter.table","NW_015090842.1:8467469",21,21,0
"GINS2","s1680_S_NC_02_ASEReadCounter.table","NW_015090842.1:8470290",18,46,28
"GINS2","s1680_S_NC_02_ASEReadCounter.table","NW_015090842.1:8470305",20,52,32
"GINS2","s1680_S_NC_02_ASEReadCounter.table","NW_015090842.1:8470376",33,78,45
"GINS2","s1680_S_NC_02_ASEReadCounter.table","NW_015090842.1:8471057",11,17,6
"KIAA0513","s1680_S_NC_02_ASEReadCounter.table","NW_015090842.1:8674736",59,59,0
"KIAA0513","s1680_S_NC_02_ASEReadCounter.table","NW_015090842.1:8687268",1,2,1
"ZCCHC14","s1680_S_NC_02_ASEReadCounter.table","NW_015090842.1:8750189",96,96,0
"JPH3","s1680_S_NC_02_ASEReadCounter.table","NW_015090842.1:8872294",71,148,77
"KLHDC4","s1680_S_NC_02_ASEReadCounter.table","NW_015090842.1:8891175",148,148,0
"KLHDC4","s1680_S_NC_02_ASEReadCounter.table","NW_015090842.1:8905251",16,23,7
"KLHDC4","s1680_S_NC_02_ASEReadCounter.table","NW_015090842.1:8919630",2,2,0
"SLC7A5","s1680_S_NC_02_ASEReadCounter.table","NW_015090842.1:8940382",108,108,0
"SLC7A5","s1680_S_NC_02_ASEReadCounter.table","NW_015090842.1:8941818",60,60,0
"SLC7A5","s1680_S_NC_02_ASEReadCounter.table","NW_015090842.1:8944655",26,26,0
"CA5A","s1680_S_NC_02_ASEReadCounter.table","NW_015090842.1:8989479",43,91,48
"CA5A","s1680_S_NC_02_ASEReadCounter.table","NW_015090842.1:8989562",67,116,49
"CA5A","s1680_S_NC_02_ASEReadCounter.table","NW_015090842.1:8989609",71,113,42
"CA5A","s1680_S_NC_02_ASEReadCounter.table","NW_015090842.1:8989693",80,147,67
"CA5A","s1680_S_NC_02_ASEReadCounter.table","NW_015090842.1:8989702",86,151,65
"CA5A","s1680_S_NC_02_ASEReadCounter.table","NW_015090842.1:8989746",88,153,65
"CA5A","s1680_S_NC_02_ASEReadCounter.table","NW_015090842.1:8989880",60,100,40
"CA5A","s1680_S_NC_02_ASEReadCounter.table","NW_015090842.1:8989885",66,106,40
"CA5A","s1680_S_NC_02_ASEReadCounter.table","NW_015090842.1:8989929",63,114,51
"CA5A","s1680_S_NC_02_ASEReadCounter.table","NW_015090842.1:8990002",46,86,40
"CA5A","s1680_S_NC_02_ASEReadCounter.table","NW_015090842.1:8990004",46,86,40
"CA5A","s1680_S_NC_02_ASEReadCounter.table","NW_015090842.1:8990005",45,84,39
"CA5A","s1680_S_NC_02_ASEReadCounter.table","NW_015090842.1:8990017",50,78,28
"CA5A","s1680_S_NC_02_ASEReadCounter.table","NW_015090842.1:8990043",42,59,17
"CA5A","s1680_S_NC_02_ASEReadCounter.table","NW_015090842.1:8990080",30,51,21
"CA5A","s1680_S_NC_02_ASEReadCounter.table","NW_015090842.1:8990084",30,51,21
"CA5A","s1680_S_NC_02_ASEReadCounter.table","NW_015090842.1:8990090",35,60,25
"CA5A","s1680_S_NC_02_ASEReadCounter.table","NW_015090842.1:8990095",37,62,25
"CA5A","s1680_S_NC_02_ASEReadCounter.table","NW_015090842.1:8990111",27,53,26
"CA5A","s1680_S_NC_02_ASEReadCounter.table","NW_015090842.1:8990112",27,52,25
"CA5A","s1680_S_NC_02_ASEReadCounter.table","NW_015090842.1:8990115",31,54,23
"CA5A","s1680_S_NC_02_ASEReadCounter.table","NW_015090842.1:8990166",32,52,20
"CA5A","s1680_S_NC_02_ASEReadCounter.table","NW_015090842.1:8990169",38,57,19
"CA5A","s1680_S_NC_02_ASEReadCounter.table","NW_015090842.1:8990222",30,54,24
"CA5A","s1680_S_NC_02_ASEReadCounter.table","NW_015090842.1:8990289",27,53,26
"CA5A","s1680_S_NC_02_ASEReadCounter.table","NW_015090842.1:8990314",32,53,21
"CA5A","s1680_S_NC_02_ASEReadCounter.table","NW_015090842.1:8990361",20,42,22
"CA5A","s1680_S_NC_02_ASEReadCounter.table","NW_015090842.1:8990368",21,41,20
"CA5A","s1680_S_NC_02_ASEReadCounter.table","NW_015090842.1:8990429",24,41,17
"CA5A","s1680_S_NC_02_ASEReadCounter.table","NW_015090842.1:8990466",20,37,17
"CA5A","s1680_S_NC_02_ASEReadCounter.table","NW_015090842.1:8990663",23,37,14
"CA5A","s1680_S_NC_02_ASEReadCounter.table","NW_015090842.1:8990797",11,21,10
"CA5A","s1680_S_NC_02_ASEReadCounter.table","NW_015090842.1:8990836",19,31,12
"CA5A","s1680_S_NC_02_ASEReadCounter.table","NW_015090842.1:8990842",21,34,13
"CA5A","s1680_S_NC_02_ASEReadCounter.table","NW_015090842.1:8990851",19,31,12
"CA5A","s1680_S_NC_02_ASEReadCounter.table","NW_015090842.1:8990918",16,21,5
"CA5A","s1680_S_NC_02_ASEReadCounter.table","NW_015090842.1:8990921",9,15,6
"CA5A","s1680_S_NC_02_ASEReadCounter.table","NW_015090842.1:8990942",12,21,9
"CA5A","s1680_S_NC_02_ASEReadCounter.table","NW_015090842.1:8991001",27,45,18
"CA5A","s1680_S_NC_02_ASEReadCounter.table","NW_015090842.1:8991038",29,53,24
"CA5A","s1680_S_NC_02_ASEReadCounter.table","NW_015090842.1:8991149",14,36,22
"CA5A","s1680_S_NC_02_ASEReadCounter.table","NW_015090842.1:8991176",27,50,23
"CA5A","s1680_S_NC_02_ASEReadCounter.table","NW_015090842.1:8991241",29,49,20
"CA5A","s1680_S_NC_02_ASEReadCounter.table","NW_015090842.1:8991262",22,40,18
"CA5A","s1680_S_NC_02_ASEReadCounter.table","NW_015090842.1:8991316",15,16,1
"CA5A","s1680_S_NC_02_ASEReadCounter.table","NW_015090842.1:8991319",14,15,1
"CA5A","s1680_S_NC_02_ASEReadCounter.table","NW_015090842.1:8991330",14,14,0
"CA5A","s1680_S_NC_02_ASEReadCounter.table","NW_015090842.1:8991334",13,14,1
"CA5A","s1680_S_NC_02_ASEReadCounter.table","NW_015090842.1:8991362",17,23,6
"CA5A","s1680_S_NC_02_ASEReadCounter.table","NW_015090842.1:8991368",20,27,7
"CA5A","s1680_S_NC_02_ASEReadCounter.table","NW_015090842.1:8991390",16,23,7
"CA5A","s1680_S_NC_02_ASEReadCounter.table","NW_015090842.1:8991395",17,25,8
"CA5A","s1680_S_NC_02_ASEReadCounter.table","NW_015090842.1:8991422",19,28,9
"CA5A","s1680_S_NC_02_ASEReadCounter.table","NW_015090842.1:8991467",21,27,6
"CA5A","s1680_S_NC_02_ASEReadCounter.table","NW_015090842.1:8991576",13,24,11
"CA5A","s1680_S_NC_02_ASEReadCounter.table","NW_015090842.1:8991587",12,23,11
"CA5A","s1680_S_NC_02_ASEReadCounter.table","NW_015090842.1:8991655",18,27,9
"CA5A","s1680_S_NC_02_ASEReadCounter.table","NW_015090842.1:8991717",17,22,5
"CA5A","s1680_S_NC_02_ASEReadCounter.table","NW_015090842.1:8991726",13,20,7
"CA5A","s1680_S_NC_02_ASEReadCounter.table","NW_015090842.1:8991799",7,17,10
"CA5A","s1680_S_NC_02_ASEReadCounter.table","NW_015090842.1:8991809",4,13,9
"CA5A","s1680_S_NC_02_ASEReadCounter.table","NW_015090842.1:8991848",10,20,10
"CA5A","s1680_S_NC_02_ASEReadCounter.table","NW_015090842.1:8991849",10,20,10
"CA5A","s1680_S_NC_02_ASEReadCounter.table","NW_015090842.1:8991927",18,28,10
"CA5A","s1680_S_NC_02_ASEReadCounter.table","NW_015090842.1:8991941",18,27,9
"CA5A","s1680_S_NC_02_ASEReadCounter.table","NW_015090842.1:8992121",9,16,7
"CA5A","s1680_S_NC_02_ASEReadCounter.table","NW_015090842.1:8992224",10,22,12
"CA5A","s1680_S_NC_02_ASEReadCounter.table","NW_015090842.1:9002570",4,9,5
"CA5A","s1680_S_NC_02_ASEReadCounter.table","NW_015090842.1:9002600",1,5,4
"CA5A","s1680_S_NC_02_ASEReadCounter.table","NW_015090842.1:9004312",3,5,2
"CA5A","s1680_S_NC_02_ASEReadCounter.table","NW_015090842.1:9004620",1,1,0
"CA5A","s1680_S_NC_02_ASEReadCounter.table","NW_015090842.1:9005116",2,2,0
"CA5A","s1680_S_NC_02_ASEReadCounter.table","NW_015090842.1:9005120",2,2,0
"CA5A","s1680_S_NC_02_ASEReadCounter.table","NW_015090842.1:9005140",2,2,0
"CA5A","s1680_S_NC_02_ASEReadCounter.table","NW_015090842.1:9005152",2,2,0
"BANP","s1680_S_NC_02_ASEReadCounter.table","NW_015090842.1:9033407",3,9,6
"BANP","s1680_S_NC_02_ASEReadCounter.table","NW_015090842.1:9033409",3,9,6
"BANP","s1680_S_NC_02_ASEReadCounter.table","NW_015090842.1:9033420",3,8,5
"BANP","s1680_S_NC_02_ASEReadCounter.table","NW_015090842.1:9055284",3,10,7
"ZC3H18","s1680_S_NC_02_ASEReadCounter.table","NW_015090842.1:9528933",16,30,14
"MVD","s1680_S_NC_02_ASEReadCounter.table","NW_015090842.1:9550690",86,86,0
"MVD","s1680_S_NC_02_ASEReadCounter.table","NW_015090842.1:9550691",87,87,0
"MVD","s1680_S_NC_02_ASEReadCounter.table","NW_015090842.1:9550699",101,101,0
"MVD","s1680_S_NC_02_ASEReadCounter.table","NW_015090842.1:9550701",100,100,0
"MVD","s1680_S_NC_02_ASEReadCounter.table","NW_015090842.1:9552202",81,81,0
"MVD","s1680_S_NC_02_ASEReadCounter.table","NW_015090842.1:9552223",71,71,0
"MVD","s1680_S_NC_02_ASEReadCounter.table","NW_015090842.1:9552533",58,58,0
"MVD","s1680_S_NC_02_ASEReadCounter.table","NW_015090842.1:9552644",19,52,33
"PIEZO1","s1680_S_NC_02_ASEReadCounter.table","NW_015090842.1:9577447",1,5,4
"PIEZO1","s1680_S_NC_02_ASEReadCounter.table","NW_015090842.1:9579101",3,7,4
"PIEZO1","s1680_S_NC_02_ASEReadCounter.table","NW_015090842.1:9582630",1,2,1
"PIEZO1","s1680_S_NC_02_ASEReadCounter.table","NW_015090842.1:9582976",2,3,1
"PIEZO1","s1680_S_NC_02_ASEReadCounter.table","NW_015090842.1:9583326",2,2,0
"CDT1","s1680_S_NC_02_ASEReadCounter.table","NW_015090842.1:9596711",3,7,4
"CDT1","s1680_S_NC_02_ASEReadCounter.table","NW_015090842.1:9597033",11,11,0
"CDT1","s1680_S_NC_02_ASEReadCounter.table","NW_015090842.1:9597756",3,4,1
"CDT1","s1680_S_NC_02_ASEReadCounter.table","NW_015090842.1:9598873",8,8,0
"ACSF3","s1680_S_NC_02_ASEReadCounter.table","NW_015090842.1:9776737",4,5,1
"ACSF3","s1680_S_NC_02_ASEReadCounter.table","NW_015090842.1:9809639",38,38,0
"ACSF3","s1680_S_NC_02_ASEReadCounter.table","NW_015090842.1:9834743",30,46,16
"ACSF3","s1680_S_NC_02_ASEReadCounter.table","NW_015090842.1:9834762",46,46,0
"ACSF3","s1680_S_NC_02_ASEReadCounter.table","NW_015090842.1:9834852",37,60,23
"ACSF3","s1680_S_NC_02_ASEReadCounter.table","NW_015090842.1:9834861",32,58,26
"ACSF3","s1680_S_NC_02_ASEReadCounter.table","NW_015090842.1:9839359",28,54,26
"ACSF3","s1680_S_NC_02_ASEReadCounter.table","NW_015090842.1:9839378",25,49,24
"ACSF3","s1680_S_NC_02_ASEReadCounter.table","NW_015090842.1:9839455",18,42,24
"ACSF3","s1680_S_NC_02_ASEReadCounter.table","NW_015090842.1:9839457",18,41,23
"ACSF3","s1680_S_NC_02_ASEReadCounter.table","NW_015090842.1:9839489",17,38,21
"ACSF3","s1680_S_NC_02_ASEReadCounter.table","NW_015090842.1:9839500",13,33,20
"ACSF3","s1680_S_NC_02_ASEReadCounter.table","NW_015090842.1:9839501",13,31,18
"ACSF3","s1680_S_NC_02_ASEReadCounter.table","NW_015090842.1:9839504",12,32,20
"ACSF3","s1680_S_NC_02_ASEReadCounter.table","NW_015090842.1:9839512",12,25,13
"ACSF3","s1680_S_NC_02_ASEReadCounter.table","NW_015090842.1:9839527",11,20,9
"ACSF3","s1680_S_NC_02_ASEReadCounter.table","NW_015090842.1:9839533",5,14,9
"ACSF3","s1680_S_NC_02_ASEReadCounter.table","NW_015090842.1:9839535",5,15,10
"ACSF3","s1680_S_NC_02_ASEReadCounter.table","NW_015090842.1:9839545",2,9,7
"ACSF3","s1680_S_NC_02_ASEReadCounter.table","NW_015090842.1:9839550",1,8,7
"ACSF3","s1680_S_NC_02_ASEReadCounter.table","NW_015090842.1:9839551",1,7,6
"CDH15","s1680_S_NC_02_ASEReadCounter.table","NW_015090842.1:9847163",1,1,0
"CDH15","s1680_S_NC_02_ASEReadCounter.table","NW_015090842.1:9847174",1,1,0
"CDH15","s1680_S_NC_02_ASEReadCounter.table","NW_015090842.1:9848531",1,1,0
"CDH15","s1680_S_NC_02_ASEReadCounter.table","NW_015090842.1:9848552",1,1,0
"CDH15","s1680_S_NC_02_ASEReadCounter.table","NW_015090842.1:9850141",1,1,0
"SLC22A31","s1680_S_NC_02_ASEReadCounter.table","NW_015090842.1:9850797",0,2,2
"SLC22A31","s1680_S_NC_02_ASEReadCounter.table","NW_015090842.1:9850818",0,3,3
"SLC22A31","s1680_S_NC_02_ASEReadCounter.table","NW_015090842.1:9850936",0,1,1
"SLC22A31","s1680_S_NC_02_ASEReadCounter.table","NW_015090842.1:9850940",0,1,1
"SLC22A31","s1680_S_NC_02_ASEReadCounter.table","NW_015090842.1:9850948",0,2,2
"SLC22A31","s1680_S_NC_02_ASEReadCounter.table","NW_015090842.1:9850961",0,2,2
"SLC22A31","s1680_S_NC_02_ASEReadCounter.table","NW_015090842.1:9850970",0,2,2
"SLC22A31","s1680_S_NC_02_ASEReadCounter.table","NW_015090842.1:9850978",0,2,2
"SLC22A31","s1680_S_NC_02_ASEReadCounter.table","NW_015090842.1:9850981",0,2,2
"SLC22A31","s1680_S_NC_02_ASEReadCounter.table","NW_015090842.1:9851032",0,2,2
"SLC22A31","s1680_S_NC_02_ASEReadCounter.table","NW_015090842.1:9851130",1,8,7
"SLC22A31","s1680_S_NC_02_ASEReadCounter.table","NW_015090842.1:9851139",1,9,8
"SLC22A31","s1680_S_NC_02_ASEReadCounter.table","NW_015090842.1:9851265",4,20,16
"SLC22A31","s1680_S_NC_02_ASEReadCounter.table","NW_015090842.1:9851302",5,20,15
"SLC22A31","s1680_S_NC_02_ASEReadCounter.table","NW_015090842.1:9851303",5,20,15
"SLC22A31","s1680_S_NC_02_ASEReadCounter.table","NW_015090842.1:9851305",5,19,14
"SLC22A31","s1680_S_NC_02_ASEReadCounter.table","NW_015090842.1:9851343",3,12,9
"SLC22A31","s1680_S_NC_02_ASEReadCounter.table","NW_015090842.1:9851344",4,12,8
"SLC22A31","s1680_S_NC_02_ASEReadCounter.table","NW_015090842.1:9851381",6,16,10
"SLC22A31","s1680_S_NC_02_ASEReadCounter.table","NW_015090842.1:9851421",5,17,12
"SLC22A31","s1680_S_NC_02_ASEReadCounter.table","NW_015090842.1:9851526",8,21,13
"SLC22A31","s1680_S_NC_02_ASEReadCounter.table","NW_015090842.1:9851589",12,26,14
"SLC22A31","s1680_S_NC_02_ASEReadCounter.table","NW_015090842.1:9851712",6,10,4
"SLC22A31","s1680_S_NC_02_ASEReadCounter.table","NW_015090842.1:9851899",6,15,9
"SLC22A31","s1680_S_NC_02_ASEReadCounter.table","NW_015090842.1:9852139",5,10,5
"SLC22A31","s1680_S_NC_02_ASEReadCounter.table","NW_015090842.1:9852380",3,8,5
"SLC22A31","s1680_S_NC_02_ASEReadCounter.table","NW_015090842.1:9852431",2,6,4
"SLC22A31","s1680_S_NC_02_ASEReadCounter.table","NW_015090842.1:9852630",5,12,7
"SLC22A31","s1680_S_NC_02_ASEReadCounter.table","NW_015090842.1:9852711",2,3,1
"SLC22A31","s1680_S_NC_02_ASEReadCounter.table","NW_015090842.1:9852742",2,3,1
"SLC22A31","s1680_S_NC_02_ASEReadCounter.table","NW_015090842.1:9853099",4,5,1
"SLC22A31","s1680_S_NC_02_ASEReadCounter.table","NW_015090842.1:9853102",4,5,1
"SLC22A31","s1680_S_NC_02_ASEReadCounter.table","NW_015090842.1:9853421",5,6,1
"SLC22A31","s1680_S_NC_02_ASEReadCounter.table","NW_015090842.1:9853457",5,7,2
"SLC22A31","s1680_S_NC_02_ASEReadCounter.table","NW_015090842.1:9853502",0,1,1
"ANKRD11","s1680_S_NC_02_ASEReadCounter.table","NW_015090842.1:9858863",21,44,23
"ANKRD11","s1680_S_NC_02_ASEReadCounter.table","NW_015090842.1:9859101",178,369,191
"ANKRD11","s1680_S_NC_02_ASEReadCounter.table","NW_015090842.1:9859352",183,438,255
"ANKRD11","s1680_S_NC_02_ASEReadCounter.table","NW_015090842.1:9859381",37,211,174
"ANKRD11","s1680_S_NC_02_ASEReadCounter.table","NW_015090842.1:9859527",84,185,101
"ANKRD11","s1680_S_NC_02_ASEReadCounter.table","NW_015090842.1:9859529",85,190,105
"ANKRD11","s1680_S_NC_02_ASEReadCounter.table","NW_015090842.1:9859679",190,370,180
"ANKRD11","s1680_S_NC_02_ASEReadCounter.table","NW_015090842.1:9861097",149,264,115
"ANKRD11","s1680_S_NC_02_ASEReadCounter.table","NW_015090842.1:9862571",95,163,68
"ANKRD11","s1680_S_NC_02_ASEReadCounter.table","NW_015090842.1:9866071",0,55,55
"ANKRD11","s1680_S_NC_02_ASEReadCounter.table","NW_015090842.1:9866200",0,54,54
"ANKRD11","s1680_S_NC_02_ASEReadCounter.table","NW_015090842.1:9867391",12,21,9
"ANKRD11","s1680_S_NC_02_ASEReadCounter.table","NW_015090842.1:9867472",28,44,16
"ANKRD11","s1680_S_NC_02_ASEReadCounter.table","NW_015090842.1:9867559",24,55,31
"ANKRD11","s1680_S_NC_02_ASEReadCounter.table","NW_015090842.1:9867934",25,60,35
"ANKRD11","s1680_S_NC_02_ASEReadCounter.table","NW_015090842.1:9868093",29,56,27
"ANKRD11","s1680_S_NC_02_ASEReadCounter.table","NW_015090842.1:9868222",30,48,18
"ANKRD11","s1680_S_NC_02_ASEReadCounter.table","NW_015090842.1:9868327",38,82,44
"ANKRD11","s1680_S_NC_02_ASEReadCounter.table","NW_015090842.1:9868414",49,99,50
"ANKRD11","s1680_S_NC_02_ASEReadCounter.table","NW_015090842.1:9868441",41,89,48
"ANKRD11","s1680_S_NC_02_ASEReadCounter.table","NW_015090842.1:9868444",42,91,49
"ANKRD11","s1680_S_NC_02_ASEReadCounter.table","NW_015090842.1:9868519",54,111,57
"ANKRD11","s1680_S_NC_02_ASEReadCounter.table","NW_015090842.1:9868609",56,123,67
"ANKRD11","s1680_S_NC_02_ASEReadCounter.table","NW_015090842.1:9868666",70,152,82
"ANKRD11","s1680_S_NC_02_ASEReadCounter.table","NW_015090842.1:9869431",150,293,143
"ANKRD11","s1680_S_NC_02_ASEReadCounter.table","NW_015090842.1:9869578",231,430,199
"ANKRD11","s1680_S_NC_02_ASEReadCounter.table","NW_015090842.1:9869734",258,483,225
"ANKRD11","s1680_S_NC_02_ASEReadCounter.table","NW_015090842.1:9870070",240,518,278
"ANKRD11","s1680_S_NC_02_ASEReadCounter.table","NW_015090842.1:9870349",296,612,316
"ANKRD11","s1680_S_NC_02_ASEReadCounter.table","NW_015090842.1:9870604",347,656,309
"ANKRD11","s1680_S_NC_02_ASEReadCounter.table","NW_015090842.1:9870613",369,679,310
"ANKRD11","s1680_S_NC_02_ASEReadCounter.table","NW_015090842.1:9870685",389,801,412
"ANKRD11","s1680_S_NC_02_ASEReadCounter.table","NW_015090842.1:9870847",332,701,369
"ANKRD11","s1680_S_NC_02_ASEReadCounter.table","NW_015090842.1:9871103",251,493,242
"ANKRD11","s1680_S_NC_02_ASEReadCounter.table","NW_015090842.1:9871165",246,501,255
"ANKRD11","s1680_S_NC_02_ASEReadCounter.table","NW_015090842.1:9871820",36,103,67
"ANKRD11","s1680_S_NC_02_ASEReadCounter.table","NW_015090842.1:9871994",89,89,0
"ANKRD11","s1680_S_NC_02_ASEReadCounter.table","NW_015090842.1:9872118",40,95,55
"SPG7","s1680_S_NC_02_ASEReadCounter.table","NW_015090842.1:10051190",49,105,56
"SPG7","s1680_S_NC_02_ASEReadCounter.table","NW_015090842.1:10051218",59,139,80
"SPG7","s1680_S_NC_02_ASEReadCounter.table","NW_015090842.1:10052348",66,149,83
"SPG7","s1680_S_NC_02_ASEReadCounter.table","NW_015090842.1:10052366",66,146,80
"SPG7","s1680_S_NC_02_ASEReadCounter.table","NW_015090842.1:10065173",102,217,115
"SPG7","s1680_S_NC_02_ASEReadCounter.table","NW_015090842.1:10065215",108,209,101
"SPG7","s1680_S_NC_02_ASEReadCounter.table","NW_015090842.1:10066301",88,167,79
"SPG7","s1680_S_NC_02_ASEReadCounter.table","NW_015090842.1:10066365",100,200,100
"SPG7","s1680_S_NC_02_ASEReadCounter.table","NW_015090842.1:10069752",131,254,123
"SPG7","s1680_S_NC_02_ASEReadCounter.table","NW_015090842.1:10069800",143,277,134
"SPG7","s1680_S_NC_02_ASEReadCounter.table","NW_015090842.1:10071192",159,319,160
"SPG7","s1680_S_NC_02_ASEReadCounter.table","NW_015090842.1:10071204",161,317,156
"SPG7","s1680_S_NC_02_ASEReadCounter.table","NW_015090842.1:10071219",156,309,153
"SPG7","s1680_S_NC_02_ASEReadCounter.table","NW_015090842.1:10071967",146,306,160
"SPG7","s1680_S_NC_02_ASEReadCounter.table","NW_015090842.1:10075109",279,538,259
"SPG7","s1680_S_NC_02_ASEReadCounter.table","NW_015090842.1:10075114",296,552,256
"SPG7","s1680_S_NC_02_ASEReadCounter.table","NW_015090842.1:10075198",255,485,230
"SPG7","s1680_S_NC_02_ASEReadCounter.table","NW_015090842.1:10075487",231,427,196
"SPG7","s1680_S_NC_02_ASEReadCounter.table","NW_015090842.1:10075488",231,431,200
"SPG7","s1680_S_NC_02_ASEReadCounter.table","NW_015090842.1:10075548",168,310,142
"RPL13","s1680_S_NC_02_ASEReadCounter.table","NW_015090842.1:10076979",3,5,2
"RPL13","s1680_S_NC_02_ASEReadCounter.table","NW_015090842.1:10077387",346,820,474
"RPL13","s1680_S_NC_02_ASEReadCounter.table","NW_015090842.1:10077978",604,1299,695
"RPL13","s1680_S_NC_02_ASEReadCounter.table","NW_015090842.1:10077992",592,1258,666
"CPNE7","s1680_S_NC_02_ASEReadCounter.table","NW_015090842.1:10084001",11,23,12
"CPNE7","s1680_S_NC_02_ASEReadCounter.table","NW_015090842.1:10084856",6,14,8
"CPNE7","s1680_S_NC_02_ASEReadCounter.table","NW_015090842.1:10084872",6,17,11
"CPNE7","s1680_S_NC_02_ASEReadCounter.table","NW_015090842.1:10084892",7,20,13
"CPNE7","s1680_S_NC_02_ASEReadCounter.table","NW_015090842.1:10084921",9,24,15
"CPNE7","s1680_S_NC_02_ASEReadCounter.table","NW_015090842.1:10084935",10,26,16
"CPNE7","s1680_S_NC_02_ASEReadCounter.table","NW_015090842.1:10085000",15,23,8
"CPNE7","s1680_S_NC_02_ASEReadCounter.table","NW_015090842.1:10085089",11,25,14
"CPNE7","s1680_S_NC_02_ASEReadCounter.table","NW_015090842.1:10085096",12,28,16
"CPNE7","s1680_S_NC_02_ASEReadCounter.table","NW_015090842.1:10085126",15,32,17
"CPNE7","s1680_S_NC_02_ASEReadCounter.table","NW_015090842.1:10085180",13,25,12
"CPNE7","s1680_S_NC_02_ASEReadCounter.table","NW_015090842.1:10085201",13,24,11
"CPNE7","s1680_S_NC_02_ASEReadCounter.table","NW_015090842.1:10088134",21,41,20
"CPNE7","s1680_S_NC_02_ASEReadCounter.table","NW_015090842.1:10088146",25,43,18
"CPNE7","s1680_S_NC_02_ASEReadCounter.table","NW_015090842.1:10088940",39,73,34
"CPNE7","s1680_S_NC_02_ASEReadCounter.table","NW_015090842.1:10088965",42,76,34
"CPNE7","s1680_S_NC_02_ASEReadCounter.table","NW_015090842.1:10088967",42,75,33
"CPNE7","s1680_S_NC_02_ASEReadCounter.table","NW_015090842.1:10088973",43,78,35
"CPNE7","s1680_S_NC_02_ASEReadCounter.table","NW_015090842.1:10090924",74,132,58
"CPNE7","s1680_S_NC_02_ASEReadCounter.table","NW_015090842.1:10090930",75,129,54
"CPNE7","s1680_S_NC_02_ASEReadCounter.table","NW_015090842.1:10091075",74,126,52
"CPNE7","s1680_S_NC_02_ASEReadCounter.table","NW_015090842.1:10091389",63,132,69
"CPNE7","s1680_S_NC_02_ASEReadCounter.table","NW_015090842.1:10091407",76,144,68
"CPNE7","s1680_S_NC_02_ASEReadCounter.table","NW_015090842.1:10091530",81,154,73
"CPNE7","s1680_S_NC_02_ASEReadCounter.table","NW_015090842.1:10091875",109,206,97
"CPNE7","s1680_S_NC_02_ASEReadCounter.table","NW_015090842.1:10091983",118,206,88
"CPNE7","s1680_S_NC_02_ASEReadCounter.table","NW_015090842.1:10091997",118,214,96
"CPNE7","s1680_S_NC_02_ASEReadCounter.table","NW_015090842.1:10092038",59,110,51
"CPNE7","s1680_S_NC_02_ASEReadCounter.table","NW_015090842.1:10092140",80,150,70
"CPNE7","s1680_S_NC_02_ASEReadCounter.table","NW_015090842.1:10092183",54,96,42
"CPNE7","s1680_S_NC_02_ASEReadCounter.table","NW_015090842.1:10092201",48,82,34
"CPNE7","s1680_S_NC_02_ASEReadCounter.table","NW_015090842.1:10092230",34,62,28
"CPNE7","s1680_S_NC_02_ASEReadCounter.table","NW_015090842.1:10092246",23,41,18
"LOC106888185","s1680_S_NC_02_ASEReadCounter.table","NW_015090842.1:10095055",0,1,1
"LOC106888185","s1680_S_NC_02_ASEReadCounter.table","NW_015090842.1:10095130",1,6,5
"LOC106888185","s1680_S_NC_02_ASEReadCounter.table","NW_015090842.1:10095265",1,6,5
"LOC106888185","s1680_S_NC_02_ASEReadCounter.table","NW_015090842.1:10095586",1,3,2
"LOC106888185","s1680_S_NC_02_ASEReadCounter.table","NW_015090842.1:10095593",1,3,2
"LOC106888185","s1680_S_NC_02_ASEReadCounter.table","NW_015090842.1:10095616",1,3,2
"LOC106888185","s1680_S_NC_02_ASEReadCounter.table","NW_015090842.1:10095662",0,4,4
"LOC106888185","s1680_S_NC_02_ASEReadCounter.table","NW_015090842.1:10095674",0,3,3
"LOC106888185","s1680_S_NC_02_ASEReadCounter.table","NW_015090842.1:10095786",0,3,3
"LOC106888185","s1680_S_NC_02_ASEReadCounter.table","NW_015090842.1:10095831",0,2,2
"LOC106888185","s1680_S_NC_02_ASEReadCounter.table","NW_015090842.1:10096230",2,3,1
"LOC106888185","s1680_S_NC_02_ASEReadCounter.table","NW_015090842.1:10096249",2,3,1
"LOC106888185","s1680_S_NC_02_ASEReadCounter.table","NW_015090842.1:10096272",2,3,1
"LOC106888185","s1680_S_NC_02_ASEReadCounter.table","NW_015090842.1:10096288",2,3,1
"LOC106888185","s1680_S_NC_02_ASEReadCounter.table","NW_015090842.1:10097248",0,1,1
"LOC106888185","s1680_S_NC_02_ASEReadCounter.table","NW_015090842.1:10097265",0,1,1
"LOC106888185","s1680_S_NC_02_ASEReadCounter.table","NW_015090842.1:10097446",0,1,1
"DPEP1","s1680_S_NC_02_ASEReadCounter.table","NW_015090842.1:10098595",0,1,1
"DPEP1","s1680_S_NC_02_ASEReadCounter.table","NW_015090842.1:10098597",0,1,1
"DPEP1","s1680_S_NC_02_ASEReadCounter.table","NW_015090842.1:10098601",0,1,1
"DPEP1","s1680_S_NC_02_ASEReadCounter.table","NW_015090842.1:10098608",0,1,1
"DPEP1","s1680_S_NC_02_ASEReadCounter.table","NW_015090842.1:10098630",0,1,1
"DPEP1","s1680_S_NC_02_ASEReadCounter.table","NW_015090842.1:10098659",0,1,1
"DPEP1","s1680_S_NC_02_ASEReadCounter.table","NW_015090842.1:10099765",0,1,1
"DPEP1","s1680_S_NC_02_ASEReadCounter.table","NW_015090842.1:10100529",0,1,1
"DPEP1","s1680_S_NC_02_ASEReadCounter.table","NW_015090842.1:10101072",0,1,1
"CHMP1A","s1680_S_NC_02_ASEReadCounter.table","NW_015090842.1:10102901",72,191,119
"CHMP1A","s1680_S_NC_02_ASEReadCounter.table","NW_015090842.1:10102961",52,181,129
"CHMP1A","s1680_S_NC_02_ASEReadCounter.table","NW_015090842.1:10102996",48,168,120
"CHMP1A","s1680_S_NC_02_ASEReadCounter.table","NW_015090842.1:10103004",53,172,119
"CHMP1A","s1680_S_NC_02_ASEReadCounter.table","NW_015090842.1:10103006",52,173,121
"CHMP1A","s1680_S_NC_02_ASEReadCounter.table","NW_015090842.1:10103052",88,223,135
"CHMP1A","s1680_S_NC_02_ASEReadCounter.table","NW_015090842.1:10103095",86,230,144
"CHMP1A","s1680_S_NC_02_ASEReadCounter.table","NW_015090842.1:10103096",88,226,138
"CHMP1A","s1680_S_NC_02_ASEReadCounter.table","NW_015090842.1:10103152",74,162,88
"CHMP1A","s1680_S_NC_02_ASEReadCounter.table","NW_015090842.1:10103334",51,126,75
"CHMP1A","s1680_S_NC_02_ASEReadCounter.table","NW_015090842.1:10103373",30,98,68
"CHMP1A","s1680_S_NC_02_ASEReadCounter.table","NW_015090842.1:10103408",40,109,69
"CHMP1A","s1680_S_NC_02_ASEReadCounter.table","NW_015090842.1:10103412",46,109,63
"CHMP1A","s1680_S_NC_02_ASEReadCounter.table","NW_015090842.1:10103512",62,145,83
"CHMP1A","s1680_S_NC_02_ASEReadCounter.table","NW_015090842.1:10103513",62,144,82
"CHMP1A","s1680_S_NC_02_ASEReadCounter.table","NW_015090842.1:10103583",53,111,58
"CHMP1A","s1680_S_NC_02_ASEReadCounter.table","NW_015090842.1:10103614",51,102,51
"CHMP1A","s1680_S_NC_02_ASEReadCounter.table","NW_015090842.1:10103657",41,100,59
"CHMP1A","s1680_S_NC_02_ASEReadCounter.table","NW_015090842.1:10103669",34,92,58
"CHMP1A","s1680_S_NC_02_ASEReadCounter.table","NW_015090842.1:10103674",30,81,51
"CHMP1A","s1680_S_NC_02_ASEReadCounter.table","NW_015090842.1:10103677",32,81,49
"CHMP1A","s1680_S_NC_02_ASEReadCounter.table","NW_015090842.1:10103729",40,94,54
"CHMP1A","s1680_S_NC_02_ASEReadCounter.table","NW_015090842.1:10103758",39,92,53
"CHMP1A","s1680_S_NC_02_ASEReadCounter.table","NW_015090842.1:10103761",41,96,55
"CHMP1A","s1680_S_NC_02_ASEReadCounter.table","NW_015090842.1:10103788",40,104,64
"CHMP1A","s1680_S_NC_02_ASEReadCounter.table","NW_015090842.1:10103789",41,103,62
"CHMP1A","s1680_S_NC_02_ASEReadCounter.table","NW_015090842.1:10103790",39,105,66
"CHMP1A","s1680_S_NC_02_ASEReadCounter.table","NW_015090842.1:10103950",51,100,49
"CHMP1A","s1680_S_NC_02_ASEReadCounter.table","NW_015090842.1:10104335",32,54,22
"CHMP1A","s1680_S_NC_02_ASEReadCounter.table","NW_015090842.1:10104429",45,90,45
"CHMP1A","s1680_S_NC_02_ASEReadCounter.table","NW_015090842.1:10104532",40,72,32
"CHMP1A","s1680_S_NC_02_ASEReadCounter.table","NW_015090842.1:10104633",49,88,39
"CHMP1A","s1680_S_NC_02_ASEReadCounter.table","NW_015090842.1:10104759",26,72,46
"CHMP1A","s1680_S_NC_02_ASEReadCounter.table","NW_015090842.1:10104794",34,77,43
"CHMP1A","s1680_S_NC_02_ASEReadCounter.table","NW_015090842.1:10104844",25,64,39
"CHMP1A","s1680_S_NC_02_ASEReadCounter.table","NW_015090842.1:10106290",23,64,41
"CHMP1A","s1680_S_NC_02_ASEReadCounter.table","NW_015090842.1:10106335",28,72,44
"CHMP1A","s1680_S_NC_02_ASEReadCounter.table","NW_015090842.1:10106383",37,79,42
"CHMP1A","s1680_S_NC_02_ASEReadCounter.table","NW_015090842.1:10106747",30,78,48
"CHMP1A","s1680_S_NC_02_ASEReadCounter.table","NW_015090842.1:10107404",21,52,31
"CHMP1A","s1680_S_NC_02_ASEReadCounter.table","NW_015090842.1:10107410",22,52,30
"CHMP1A","s1680_S_NC_02_ASEReadCounter.table","NW_015090842.1:10107876",21,53,32
"CDK10","s1680_S_NC_02_ASEReadCounter.table","NW_015090842.1:10109030",5,5,0
"CDK10","s1680_S_NC_02_ASEReadCounter.table","NW_015090842.1:10109963",20,62,42
"CDK10","s1680_S_NC_02_ASEReadCounter.table","NW_015090842.1:10110887",30,80,50
"CDK10","s1680_S_NC_02_ASEReadCounter.table","NW_015090842.1:10111254",22,83,61
"CDK10","s1680_S_NC_02_ASEReadCounter.table","NW_015090842.1:10111380",25,101,76
"CDK10","s1680_S_NC_02_ASEReadCounter.table","NW_015090842.1:10111395",28,99,71
"CDK10","s1680_S_NC_02_ASEReadCounter.table","NW_015090842.1:10111437",20,93,73
"CDK10","s1680_S_NC_02_ASEReadCounter.table","NW_015090842.1:10111798",33,98,65
"CDK10","s1680_S_NC_02_ASEReadCounter.table","NW_015090842.1:10111840",34,101,67
"CDK10","s1680_S_NC_02_ASEReadCounter.table","NW_015090842.1:10112031",38,124,86
"CDK10","s1680_S_NC_02_ASEReadCounter.table","NW_015090842.1:10112285",50,157,107
"CDK10","s1680_S_NC_02_ASEReadCounter.table","NW_015090842.1:10112398",43,143,100
"CDK10","s1680_S_NC_02_ASEReadCounter.table","NW_015090842.1:10112455",40,141,101
"CDK10","s1680_S_NC_02_ASEReadCounter.table","NW_015090842.1:10112461",39,136,97
"CDK10","s1680_S_NC_02_ASEReadCounter.table","NW_015090842.1:10112497",37,133,96
"CDK10","s1680_S_NC_02_ASEReadCounter.table","NW_015090842.1:10112508",34,140,106
"CDK10","s1680_S_NC_02_ASEReadCounter.table","NW_015090842.1:10112518",29,125,96
"CDK10","s1680_S_NC_02_ASEReadCounter.table","NW_015090842.1:10112540",11,105,94
"CDK10","s1680_S_NC_02_ASEReadCounter.table","NW_015090842.1:10112556",27,120,93
"CDK10","s1680_S_NC_02_ASEReadCounter.table","NW_015090842.1:10112561",31,149,118
"CDK10","s1680_S_NC_02_ASEReadCounter.table","NW_015090842.1:10112596",43,152,109
"CDK10","s1680_S_NC_02_ASEReadCounter.table","NW_015090842.1:10112630",40,136,96
"CDK10","s1680_S_NC_02_ASEReadCounter.table","NW_015090842.1:10112656",43,141,98
"CDK10","s1680_S_NC_02_ASEReadCounter.table","NW_015090842.1:10112665",33,97,64
"CDK10","s1680_S_NC_02_ASEReadCounter.table","NW_015090842.1:10112668",34,95,61
"CDK10","s1680_S_NC_02_ASEReadCounter.table","NW_015090842.1:10112781",17,52,35
"CDK10","s1680_S_NC_02_ASEReadCounter.table","NW_015090842.1:10112782",18,54,36
"CDK10","s1680_S_NC_02_ASEReadCounter.table","NW_015090842.1:10112795",18,51,33
"CDK10","s1680_S_NC_02_ASEReadCounter.table","NW_015090842.1:10112841",6,20,14
"CDK10","s1680_S_NC_02_ASEReadCounter.table","NW_015090842.1:10112861",4,11,7
"SPATA2L","s1680_S_NC_02_ASEReadCounter.table","NW_015090842.1:10113212",35,93,58
"SPATA2L","s1680_S_NC_02_ASEReadCounter.table","NW_015090842.1:10113280",52,149,97
"SPATA2L","s1680_S_NC_02_ASEReadCounter.table","NW_015090842.1:10113296",56,156,100
"SPATA2L","s1680_S_NC_02_ASEReadCounter.table","NW_015090842.1:10113321",63,164,101
"SPATA2L","s1680_S_NC_02_ASEReadCounter.table","NW_015090842.1:10113332",66,176,110
"SPATA2L","s1680_S_NC_02_ASEReadCounter.table","NW_015090842.1:10113380",70,184,114
"SPATA2L","s1680_S_NC_02_ASEReadCounter.table","NW_015090842.1:10113381",69,183,114
"SPATA2L","s1680_S_NC_02_ASEReadCounter.table","NW_015090842.1:10113412",82,206,124
"SPATA2L","s1680_S_NC_02_ASEReadCounter.table","NW_015090842.1:10113421",82,214,132
"SPATA2L","s1680_S_NC_02_ASEReadCounter.table","NW_015090842.1:10113465",67,195,128
"SPATA2L","s1680_S_NC_02_ASEReadCounter.table","NW_015090842.1:10113535",94,223,129
"SPATA2L","s1680_S_NC_02_ASEReadCounter.table","NW_015090842.1:10113645",79,235,156
"SPATA2L","s1680_S_NC_02_ASEReadCounter.table","NW_015090842.1:10113682",97,289,192
"SPATA2L","s1680_S_NC_02_ASEReadCounter.table","NW_015090842.1:10113696",97,276,179
"SPATA2L","s1680_S_NC_02_ASEReadCounter.table","NW_015090842.1:10113727",99,287,188
"SPATA2L","s1680_S_NC_02_ASEReadCounter.table","NW_015090842.1:10113729",281,281,0
"SPATA2L","s1680_S_NC_02_ASEReadCounter.table","NW_015090842.1:10113799",93,247,154
"SPATA2L","s1680_S_NC_02_ASEReadCounter.table","NW_015090842.1:10113809",100,272,172
"SPATA2L","s1680_S_NC_02_ASEReadCounter.table","NW_015090842.1:10113827",102,258,156
"SPATA2L","s1680_S_NC_02_ASEReadCounter.table","NW_015090842.1:10113831",102,255,153
"SPATA2L","s1680_S_NC_02_ASEReadCounter.table","NW_015090842.1:10113894",87,233,146
"SPATA2L","s1680_S_NC_02_ASEReadCounter.table","NW_015090842.1:10113905",70,197,127
"SPATA2L","s1680_S_NC_02_ASEReadCounter.table","NW_015090842.1:10113914",71,198,127
"SPATA2L","s1680_S_NC_02_ASEReadCounter.table","NW_015090842.1:10113920",78,207,129
"SPATA2L","s1680_S_NC_02_ASEReadCounter.table","NW_015090842.1:10113937",88,225,137
"SPATA2L","s1680_S_NC_02_ASEReadCounter.table","NW_015090842.1:10113971",69,197,128
"SPATA2L","s1680_S_NC_02_ASEReadCounter.table","NW_015090842.1:10113976",58,195,137
"SPATA2L","s1680_S_NC_02_ASEReadCounter.table","NW_015090842.1:10113985",66,180,114
"SPATA2L","s1680_S_NC_02_ASEReadCounter.table","NW_015090842.1:10113994",85,212,127
"SPATA2L","s1680_S_NC_02_ASEReadCounter.table","NW_015090842.1:10114063",55,177,122
"SPATA2L","s1680_S_NC_02_ASEReadCounter.table","NW_015090842.1:10114066",55,173,118
"SPATA2L","s1680_S_NC_02_ASEReadCounter.table","NW_015090842.1:10114069",55,173,118
"SPATA2L","s1680_S_NC_02_ASEReadCounter.table","NW_015090842.1:10114159",41,109,68
"SPATA2L","s1680_S_NC_02_ASEReadCounter.table","NW_015090842.1:10114262",171,171,0
"SPATA2L","s1680_S_NC_02_ASEReadCounter.table","NW_015090842.1:10114470",33,105,72
"SPATA2L","s1680_S_NC_02_ASEReadCounter.table","NW_015090842.1:10114524",26,80,54
"VPS9D1","s1680_S_NC_02_ASEReadCounter.table","NW_015090842.1:10116377",48,118,70
"VPS9D1","s1680_S_NC_02_ASEReadCounter.table","NW_015090842.1:10116415",51,127,76
"VPS9D1","s1680_S_NC_02_ASEReadCounter.table","NW_015090842.1:10116607",50,116,66
"VPS9D1","s1680_S_NC_02_ASEReadCounter.table","NW_015090842.1:10116821",30,80,50
"VPS9D1","s1680_S_NC_02_ASEReadCounter.table","NW_015090842.1:10116825",30,75,45
"VPS9D1","s1680_S_NC_02_ASEReadCounter.table","NW_015090842.1:10116882",31,86,55
"VPS9D1","s1680_S_NC_02_ASEReadCounter.table","NW_015090842.1:10116933",28,86,58
"VPS9D1","s1680_S_NC_02_ASEReadCounter.table","NW_015090842.1:10116942",27,88,61
"VPS9D1","s1680_S_NC_02_ASEReadCounter.table","NW_015090842.1:10117152",21,70,49
"VPS9D1","s1680_S_NC_02_ASEReadCounter.table","NW_015090842.1:10117480",16,52,36
"VPS9D1","s1680_S_NC_02_ASEReadCounter.table","NW_015090842.1:10117497",15,45,30
"VPS9D1","s1680_S_NC_02_ASEReadCounter.table","NW_015090842.1:10117499",13,44,31
"VPS9D1","s1680_S_NC_02_ASEReadCounter.table","NW_015090842.1:10117516",20,63,43
"VPS9D1","s1680_S_NC_02_ASEReadCounter.table","NW_015090842.1:10117525",22,72,50
"VPS9D1","s1680_S_NC_02_ASEReadCounter.table","NW_015090842.1:10117579",23,84,61
"VPS9D1","s1680_S_NC_02_ASEReadCounter.table","NW_015090842.1:10117627",25,68,43
"VPS9D1","s1680_S_NC_02_ASEReadCounter.table","NW_015090842.1:10117678",16,66,50
"VPS9D1","s1680_S_NC_02_ASEReadCounter.table","NW_015090842.1:10117773",22,80,58
"VPS9D1","s1680_S_NC_02_ASEReadCounter.table","NW_015090842.1:10117937",37,110,73
"VPS9D1","s1680_S_NC_02_ASEReadCounter.table","NW_015090842.1:10117961",42,112,70
"VPS9D1","s1680_S_NC_02_ASEReadCounter.table","NW_015090842.1:10118236",33,117,84
"VPS9D1","s1680_S_NC_02_ASEReadCounter.table","NW_015090842.1:10118414",23,80,57
"VPS9D1","s1680_S_NC_02_ASEReadCounter.table","NW_015090842.1:10118973",36,93,57
"VPS9D1","s1680_S_NC_02_ASEReadCounter.table","NW_015090842.1:10119500",22,49,27
"ZNF276","s1680_S_NC_02_ASEReadCounter.table","NW_015090842.1:10121760",4,8,4
"ZNF276","s1680_S_NC_02_ASEReadCounter.table","NW_015090842.1:10121769",4,8,4
"ZNF276","s1680_S_NC_02_ASEReadCounter.table","NW_015090842.1:10121802",3,7,4
"ZNF276","s1680_S_NC_02_ASEReadCounter.table","NW_015090842.1:10121971",7,12,5
"ZNF276","s1680_S_NC_02_ASEReadCounter.table","NW_015090842.1:10122161",17,17,0
"ZNF276","s1680_S_NC_02_ASEReadCounter.table","NW_015090842.1:10122164",17,17,0
"ZNF276","s1680_S_NC_02_ASEReadCounter.table","NW_015090842.1:10122184",16,16,0
"ZNF276","s1680_S_NC_02_ASEReadCounter.table","NW_015090842.1:10122883",8,16,8
"ZNF276","s1680_S_NC_02_ASEReadCounter.table","NW_015090842.1:10122997",11,17,6
"ZNF276","s1680_S_NC_02_ASEReadCounter.table","NW_015090842.1:10123069",12,14,2
"ZNF276","s1680_S_NC_02_ASEReadCounter.table","NW_015090842.1:10123207",17,32,15
"ZNF276","s1680_S_NC_02_ASEReadCounter.table","NW_015090842.1:10125787",18,46,28
"ZNF276","s1680_S_NC_02_ASEReadCounter.table","NW_015090842.1:10126309",17,37,20
"ZNF276","s1680_S_NC_02_ASEReadCounter.table","NW_015090842.1:10126348",18,39,21
"ZNF276","s1680_S_NC_02_ASEReadCounter.table","NW_015090842.1:10126978",30,58,28
"ZNF276","s1680_S_NC_02_ASEReadCounter.table","NW_015090842.1:10126991",24,48,24
"ZNF276","s1680_S_NC_02_ASEReadCounter.table","NW_015090842.1:10127023",26,52,26
"ZNF276","s1680_S_NC_02_ASEReadCounter.table","NW_015090842.1:10127063",24,45,21
"ZNF276","s1680_S_NC_02_ASEReadCounter.table","NW_015090842.1:10127373",18,34,16
"ZNF276","s1680_S_NC_02_ASEReadCounter.table","NW_015090842.1:10127931",30,66,36
"ZNF276","s1680_S_NC_02_ASEReadCounter.table","NW_015090842.1:10128070",27,53,26
"ZNF276","s1680_S_NC_02_ASEReadCounter.table","NW_015090842.1:10128102",35,70,35
"ZNF276","s1680_S_NC_02_ASEReadCounter.table","NW_015090842.1:10128356",34,69,35
"ZNF276","s1680_S_NC_02_ASEReadCounter.table","NW_015090842.1:10128497",23,46,23
"FANCA","s1680_S_NC_02_ASEReadCounter.table","NW_015090842.1:10128743",1,2,1
"FANCA","s1680_S_NC_02_ASEReadCounter.table","NW_015090842.1:10128822",1,1,0
"FANCA","s1680_S_NC_02_ASEReadCounter.table","NW_015090842.1:10129383",0,2,2
"FANCA","s1680_S_NC_02_ASEReadCounter.table","NW_015090842.1:10129390",0,2,2
"FANCA","s1680_S_NC_02_ASEReadCounter.table","NW_015090842.1:10129422",0,1,1
"FANCA","s1680_S_NC_02_ASEReadCounter.table","NW_015090842.1:10129969",1,1,0
"FANCA","s1680_S_NC_02_ASEReadCounter.table","NW_015090842.1:10130399",1,1,0
"FANCA","s1680_S_NC_02_ASEReadCounter.table","NW_015090842.1:10130857",2,2,0
"FANCA","s1680_S_NC_02_ASEReadCounter.table","NW_015090842.1:10130878",2,2,0
"FANCA","s1680_S_NC_02_ASEReadCounter.table","NW_015090842.1:10133530",1,2,1
"FANCA","s1680_S_NC_02_ASEReadCounter.table","NW_015090842.1:10133533",1,2,1
"FANCA","s1680_S_NC_02_ASEReadCounter.table","NW_015090842.1:10133536",1,2,1
"FANCA","s1680_S_NC_02_ASEReadCounter.table","NW_015090842.1:10133601",1,1,0
"FANCA","s1680_S_NC_02_ASEReadCounter.table","NW_015090842.1:10134492",3,3,0
"FANCA","s1680_S_NC_02_ASEReadCounter.table","NW_015090842.1:10136957",2,2,0
"FANCA","s1680_S_NC_02_ASEReadCounter.table","NW_015090842.1:10136982",1,1,0
"FANCA","s1680_S_NC_02_ASEReadCounter.table","NW_015090842.1:10136999",1,1,0
"FANCA","s1680_S_NC_02_ASEReadCounter.table","NW_015090842.1:10138618",0,1,1
"FANCA","s1680_S_NC_02_ASEReadCounter.table","NW_015090842.1:10139140",0,1,1
"FANCA","s1680_S_NC_02_ASEReadCounter.table","NW_015090842.1:10140699",0,2,2
"SPIRE2","s1680_S_NC_02_ASEReadCounter.table","NW_015090842.1:10172284",16,30,14
"SPIRE2","s1680_S_NC_02_ASEReadCounter.table","NW_015090842.1:10175262",27,49,22
"SPIRE2","s1680_S_NC_02_ASEReadCounter.table","NW_015090842.1:10175352",20,34,14
"SPIRE2","s1680_S_NC_02_ASEReadCounter.table","NW_015090842.1:10175400",52,119,67
"SPIRE2","s1680_S_NC_02_ASEReadCounter.table","NW_015090842.1:10175418",63,137,74
"SPIRE2","s1680_S_NC_02_ASEReadCounter.table","NW_015090842.1:10175704",79,160,81
"SPIRE2","s1680_S_NC_02_ASEReadCounter.table","NW_015090842.1:10176115",123,252,129
"SPIRE2","s1680_S_NC_02_ASEReadCounter.table","NW_015090842.1:10176561",123,279,156
"SPIRE2","s1680_S_NC_02_ASEReadCounter.table","NW_015090842.1:10176817",144,288,144
"SPIRE2","s1680_S_NC_02_ASEReadCounter.table","NW_015090842.1:10177084",90,199,109
"SPIRE2","s1680_S_NC_02_ASEReadCounter.table","NW_015090842.1:10177838",179,370,191
"SPIRE2","s1680_S_NC_02_ASEReadCounter.table","NW_015090842.1:10178000",157,332,175
"SPIRE2","s1680_S_NC_02_ASEReadCounter.table","NW_015090842.1:10178164",190,387,197
"SPIRE2","s1680_S_NC_02_ASEReadCounter.table","NW_015090842.1:10178216",221,464,243
"SPIRE2","s1680_S_NC_02_ASEReadCounter.table","NW_015090842.1:10178303",178,352,174
"SPIRE2","s1680_S_NC_02_ASEReadCounter.table","NW_015090842.1:10178403",191,396,205
"SPIRE2","s1680_S_NC_02_ASEReadCounter.table","NW_015090842.1:10178409",181,380,199
"SPIRE2","s1680_S_NC_02_ASEReadCounter.table","NW_015090842.1:10178524",189,382,193
"SPIRE2","s1680_S_NC_02_ASEReadCounter.table","NW_015090842.1:10178526",189,381,192
"SPIRE2","s1680_S_NC_02_ASEReadCounter.table","NW_015090842.1:10178531",176,368,192
"SPIRE2","s1680_S_NC_02_ASEReadCounter.table","NW_015090842.1:10178565",195,382,187
"SPIRE2","s1680_S_NC_02_ASEReadCounter.table","NW_015090842.1:10178587",165,321,156
"SPIRE2","s1680_S_NC_02_ASEReadCounter.table","NW_015090842.1:10178640",139,266,127
"SPIRE2","s1680_S_NC_02_ASEReadCounter.table","NW_015090842.1:10178651",163,299,136
"SPIRE2","s1680_S_NC_02_ASEReadCounter.table","NW_015090842.1:10178682",163,278,115
"TCF25","s1680_S_NC_02_ASEReadCounter.table","NW_015090842.1:10180912",28,54,26
"TCF25","s1680_S_NC_02_ASEReadCounter.table","NW_015090842.1:10180924",29,55,26
"TCF25","s1680_S_NC_02_ASEReadCounter.table","NW_015090842.1:10180931",31,57,26
"TCF25","s1680_S_NC_02_ASEReadCounter.table","NW_015090842.1:10185332",83,156,73
"TCF25","s1680_S_NC_02_ASEReadCounter.table","NW_015090842.1:10196561",78,137,59
"TCF25","s1680_S_NC_02_ASEReadCounter.table","NW_015090842.1:10197399",188,188,0
"MC1R","s1680_S_NC_02_ASEReadCounter.table","NW_015090842.1:10201853",1,1,0
"MC1R","s1680_S_NC_02_ASEReadCounter.table","NW_015090842.1:10201986",1,2,1
"MC1R","s1680_S_NC_02_ASEReadCounter.table","NW_015090842.1:10202160",0,1,1
"MC1R","s1680_S_NC_02_ASEReadCounter.table","NW_015090842.1:10202447",0,2,2
"TUBB3","s1680_S_NC_02_ASEReadCounter.table","NW_015090842.1:10205322",0,1,1
"GAS8","s1680_S_NC_02_ASEReadCounter.table","NW_015090842.1:10228982",15,27,12
"GAS8","s1680_S_NC_02_ASEReadCounter.table","NW_015090842.1:10229832",14,29,15
"GAS8","s1680_S_NC_02_ASEReadCounter.table","NW_015090842.1:10232901",16,28,12
"GAS8","s1680_S_NC_02_ASEReadCounter.table","NW_015090842.1:10232928",20,31,11
"GAS8","s1680_S_NC_02_ASEReadCounter.table","NW_015090842.1:10232967",21,43,22
"GAS8","s1680_S_NC_02_ASEReadCounter.table","NW_015090842.1:10233032",16,33,17
"GAS8","s1680_S_NC_02_ASEReadCounter.table","NW_015090842.1:10233057",12,23,11
"GAS8","s1680_S_NC_02_ASEReadCounter.table","NW_015090842.1:10233058",12,24,12
"GAS8","s1680_S_NC_02_ASEReadCounter.table","NW_015090842.1:10233176",9,18,9
"GAS8","s1680_S_NC_02_ASEReadCounter.table","NW_015090842.1:10233196",10,20,10
"GAS8","s1680_S_NC_02_ASEReadCounter.table","NW_015090842.1:10233252",10,18,8
"GAS8","s1680_S_NC_02_ASEReadCounter.table","NW_015090842.1:10233303",4,5,1
"LOC106888094","s1680_S_NC_02_ASEReadCounter.table","NW_015090842.1:10233334",0,7,7
"LOC106888094","s1680_S_NC_02_ASEReadCounter.table","NW_015090842.1:10233362",3,14,11
"LOC106888094","s1680_S_NC_02_ASEReadCounter.table","NW_015090842.1:10233373",3,15,12
"LOC106888094","s1680_S_NC_02_ASEReadCounter.table","NW_015090842.1:10233388",4,17,13
"LOC106888094","s1680_S_NC_02_ASEReadCounter.table","NW_015090842.1:10233402",3,14,11
"LOC106888094","s1680_S_NC_02_ASEReadCounter.table","NW_015090842.1:10233465",3,18,15
"LOC106888094","s1680_S_NC_02_ASEReadCounter.table","NW_015090842.1:10233803",3,21,18
"LOC106888094","s1680_S_NC_02_ASEReadCounter.table","NW_015090842.1:10233815",4,18,14
"LOC106888094","s1680_S_NC_02_ASEReadCounter.table","NW_015090842.1:10235484",1,1,0
"LOC106888094","s1680_S_NC_02_ASEReadCounter.table","NW_015090842.1:10235611",2,2,0
"LOC106888173","s1680_S_NC_02_ASEReadCounter.table","NW_015090842.1:10239596",0,4,4
"LOC106888173","s1680_S_NC_02_ASEReadCounter.table","NW_015090842.1:10240036",0,6,6
"LOC106888173","s1680_S_NC_02_ASEReadCounter.table","NW_015090842.1:10240095",0,7,7
"LOC106888173","s1680_S_NC_02_ASEReadCounter.table","NW_015090842.1:10240280",0,6,6
"LOC106888173","s1680_S_NC_02_ASEReadCounter.table","NW_015090842.1:10240557",0,8,8
"LOC106888173","s1680_S_NC_02_ASEReadCounter.table","NW_015090842.1:10240603",0,7,7
"LOC106888173","s1680_S_NC_02_ASEReadCounter.table","NW_015090842.1:10240609",0,7,7
"LOC106888173","s1680_S_NC_02_ASEReadCounter.table","NW_015090842.1:10240924",1,8,7
"LOC106888173","s1680_S_NC_02_ASEReadCounter.table","NW_015090842.1:10241037",0,9,9
"LOC106888173","s1680_S_NC_02_ASEReadCounter.table","NW_015090842.1:10241046",0,8,8
"LOC106888173","s1680_S_NC_02_ASEReadCounter.table","NW_015090842.1:10241058",0,6,6
"LOC106888173","s1680_S_NC_02_ASEReadCounter.table","NW_015090842.1:10241064",0,4,4
"LOC106888173","s1680_S_NC_02_ASEReadCounter.table","NW_015090842.1:10241163",1,7,6
"LOC106888173","s1680_S_NC_02_ASEReadCounter.table","NW_015090842.1:10241803",2,13,11
"LOC106888173","s1680_S_NC_02_ASEReadCounter.table","NW_015090842.1:10241827",2,12,10
"LOC106888173","s1680_S_NC_02_ASEReadCounter.table","NW_015090842.1:10241869",0,7,7
"LOC106888173","s1680_S_NC_02_ASEReadCounter.table","NW_015090842.1:10242079",0,4,4
"LOC106888173","s1680_S_NC_02_ASEReadCounter.table","NW_015090842.1:10242103",0,2,2
"LOC106888173","s1680_S_NC_02_ASEReadCounter.table","NW_015090842.1:10242157",0,8,8
"LOC106888173","s1680_S_NC_02_ASEReadCounter.table","NW_015090842.1:10242455",1,3,2
"LOC106888173","s1680_S_NC_02_ASEReadCounter.table","NW_015090842.1:10242481",1,4,3
"LOC106888173","s1680_S_NC_02_ASEReadCounter.table","NW_015090842.1:10242590",1,8,7
"LOC106888173","s1680_S_NC_02_ASEReadCounter.table","NW_015090842.1:10242794",1,11,10
"LOC106888173","s1680_S_NC_02_ASEReadCounter.table","NW_015090842.1:10242909",0,7,7
"LOC106888173","s1680_S_NC_02_ASEReadCounter.table","NW_015090842.1:10243094",1,10,9
"LOC106888173","s1680_S_NC_02_ASEReadCounter.table","NW_015090842.1:10243133",2,9,7
"LOC106888173","s1680_S_NC_02_ASEReadCounter.table","NW_015090842.1:10243273",1,10,9
"LOC106888173","s1680_S_NC_02_ASEReadCounter.table","NW_015090842.1:10243278",1,10,9
"LOC106888173","s1680_S_NC_02_ASEReadCounter.table","NW_015090842.1:10243281",1,10,9
"LOC106888173","s1680_S_NC_02_ASEReadCounter.table","NW_015090842.1:10243347",2,2,0
"LOC106888173","s1680_S_NC_02_ASEReadCounter.table","NW_015090842.1:10243353",0,2,2
"LOC106888173","s1680_S_NC_02_ASEReadCounter.table","NW_015090842.1:10243363",0,2,2
"LOC106888173","s1680_S_NC_02_ASEReadCounter.table","NW_015090842.1:10243365",0,2,2
"LOC106888173","s1680_S_NC_02_ASEReadCounter.table","NW_015090842.1:10243529",0,3,3
"LOC106888173","s1680_S_NC_02_ASEReadCounter.table","NW_015090842.1:10243566",0,5,5
"LOC106888173","s1680_S_NC_02_ASEReadCounter.table","NW_015090842.1:10243605",0,8,8
"LOC106888173","s1680_S_NC_02_ASEReadCounter.table","NW_015090842.1:10243614",0,9,9
"LOC106888173","s1680_S_NC_02_ASEReadCounter.table","NW_015090842.1:10243615",0,9,9
"LOC106888173","s1680_S_NC_02_ASEReadCounter.table","NW_015090842.1:10243640",0,8,8
"LOC106888173","s1680_S_NC_02_ASEReadCounter.table","NW_015090842.1:10243680",0,5,5
"LOC106888173","s1680_S_NC_02_ASEReadCounter.table","NW_015090842.1:10243742",1,8,7
"LOC106888173","s1680_S_NC_02_ASEReadCounter.table","NW_015090842.1:10243804",1,8,7
"LOC106888173","s1680_S_NC_02_ASEReadCounter.table","NW_015090842.1:10243913",0,1,1
"LOC106888173","s1680_S_NC_02_ASEReadCounter.table","NW_015090842.1:10243921",0,2,2
"LOC106888384","s1680_S_NC_02_ASEReadCounter.table","NW_015090842.1:10255704",1,1,0
"LOC106888384","s1680_S_NC_02_ASEReadCounter.table","NW_015090842.1:10255731",1,1,0
"LOC106888384","s1680_S_NC_02_ASEReadCounter.table","NW_015090842.1:10255771",1,1,0
"TANGO6","s1680_S_NC_02_ASEReadCounter.table","NW_015090842.1:10257782",1,5,4
"TANGO6","s1680_S_NC_02_ASEReadCounter.table","NW_015090842.1:10258162",10,13,3
"TANGO6","s1680_S_NC_02_ASEReadCounter.table","NW_015090842.1:10258185",6,9,3
"TANGO6","s1680_S_NC_02_ASEReadCounter.table","NW_015090842.1:10259267",7,11,4
"TANGO6","s1680_S_NC_02_ASEReadCounter.table","NW_015090842.1:10260250",13,28,15
"TANGO6","s1680_S_NC_02_ASEReadCounter.table","NW_015090842.1:10260979",10,15,5
"TANGO6","s1680_S_NC_02_ASEReadCounter.table","NW_015090842.1:10261599",9,16,7
"TANGO6","s1680_S_NC_02_ASEReadCounter.table","NW_015090842.1:10268425",14,32,18
"TANGO6","s1680_S_NC_02_ASEReadCounter.table","NW_015090842.1:10269831",17,32,15
"TANGO6","s1680_S_NC_02_ASEReadCounter.table","NW_015090842.1:10270813",17,31,14
"TANGO6","s1680_S_NC_02_ASEReadCounter.table","NW_015090842.1:10273952",14,26,12
"TANGO6","s1680_S_NC_02_ASEReadCounter.table","NW_015090842.1:10273970",18,35,17
"TANGO6","s1680_S_NC_02_ASEReadCounter.table","NW_015090842.1:10274018",20,35,15
"TANGO6","s1680_S_NC_02_ASEReadCounter.table","NW_015090842.1:10275974",22,36,14
"TANGO6","s1680_S_NC_02_ASEReadCounter.table","NW_015090842.1:10275976",22,36,14
"TANGO6","s1680_S_NC_02_ASEReadCounter.table","NW_015090842.1:10276123",19,37,18
"TANGO6","s1680_S_NC_02_ASEReadCounter.table","NW_015090842.1:10276271",20,34,14
"TANGO6","s1680_S_NC_02_ASEReadCounter.table","NW_015090842.1:10276272",18,32,14
"TANGO6","s1680_S_NC_02_ASEReadCounter.table","NW_015090842.1:10276275",22,36,14
"TANGO6","s1680_S_NC_02_ASEReadCounter.table","NW_015090842.1:10276278",24,39,15
"TANGO6","s1680_S_NC_02_ASEReadCounter.table","NW_015090842.1:10276368",15,24,9
"TANGO6","s1680_S_NC_02_ASEReadCounter.table","NW_015090842.1:10276373",14,27,13
"TANGO6","s1680_S_NC_02_ASEReadCounter.table","NW_015090842.1:10276630",30,40,10
"TANGO6","s1680_S_NC_02_ASEReadCounter.table","NW_015090842.1:10281498",33,54,21
"TANGO6","s1680_S_NC_02_ASEReadCounter.table","NW_015090842.1:10282842",32,59,27
"TANGO6","s1680_S_NC_02_ASEReadCounter.table","NW_015090842.1:10282863",21,39,18
"TANGO6","s1680_S_NC_02_ASEReadCounter.table","NW_015090842.1:10282869",22,44,22
"TANGO6","s1680_S_NC_02_ASEReadCounter.table","NW_015090842.1:10282903",23,54,31
"TANGO6","s1680_S_NC_02_ASEReadCounter.table","NW_015090842.1:10283757",31,57,26
"TANGO6","s1680_S_NC_02_ASEReadCounter.table","NW_015090842.1:10283785",35,66,31
"HAS3","s1680_S_NC_02_ASEReadCounter.table","NW_015090842.1:10288093",2,2,0
"HAS3","s1680_S_NC_02_ASEReadCounter.table","NW_015090842.1:10288364",1,1,0
"HAS3","s1680_S_NC_02_ASEReadCounter.table","NW_015090842.1:10288405",2,2,0
"HAS3","s1680_S_NC_02_ASEReadCounter.table","NW_015090842.1:10289469",0,3,3
"HAS3","s1680_S_NC_02_ASEReadCounter.table","NW_015090842.1:10289708",0,3,3
"HAS3","s1680_S_NC_02_ASEReadCounter.table","NW_015090842.1:10290375",0,2,2
"HAS3","s1680_S_NC_02_ASEReadCounter.table","NW_015090842.1:10290395",1,2,1
"HAS3","s1680_S_NC_02_ASEReadCounter.table","NW_015090842.1:10290561",0,1,1
"HAS3","s1680_S_NC_02_ASEReadCounter.table","NW_015090842.1:10290609",0,1,1
"HAS3","s1680_S_NC_02_ASEReadCounter.table","NW_015090842.1:10290723",0,1,1
"HAS3","s1680_S_NC_02_ASEReadCounter.table","NW_015090842.1:10290927",0,1,1
"HAS3","s1680_S_NC_02_ASEReadCounter.table","NW_015090842.1:10291004",1,1,0
"CHTF8","s1680_S_NC_02_ASEReadCounter.table","NW_015090842.1:10291319",3,5,2
"CHTF8","s1680_S_NC_02_ASEReadCounter.table","NW_015090842.1:10291342",2,6,4
"CHTF8","s1680_S_NC_02_ASEReadCounter.table","NW_015090842.1:10291491",2,7,5
"CHTF8","s1680_S_NC_02_ASEReadCounter.table","NW_015090842.1:10291520",3,9,6
"CHTF8","s1680_S_NC_02_ASEReadCounter.table","NW_015090842.1:10291593",2,6,4
"CHTF8","s1680_S_NC_02_ASEReadCounter.table","NW_015090842.1:10291600",2,5,3
"CHTF8","s1680_S_NC_02_ASEReadCounter.table","NW_015090842.1:10291609",2,5,3
"CHTF8","s1680_S_NC_02_ASEReadCounter.table","NW_015090842.1:10291639",2,6,4
"CHTF8","s1680_S_NC_02_ASEReadCounter.table","NW_015090842.1:10291641",2,6,4
"CHTF8","s1680_S_NC_02_ASEReadCounter.table","NW_015090842.1:10291648",4,8,4
"CHTF8","s1680_S_NC_02_ASEReadCounter.table","NW_015090842.1:10291656",4,8,4
"CHTF8","s1680_S_NC_02_ASEReadCounter.table","NW_015090842.1:10291675",4,9,5
"CHTF8","s1680_S_NC_02_ASEReadCounter.table","NW_015090842.1:10291696",4,8,4
"CHTF8","s1680_S_NC_02_ASEReadCounter.table","NW_015090842.1:10291714",5,9,4
"CHTF8","s1680_S_NC_02_ASEReadCounter.table","NW_015090842.1:10291732",6,10,4
"CHTF8","s1680_S_NC_02_ASEReadCounter.table","NW_015090842.1:10291755",9,14,5
"CHTF8","s1680_S_NC_02_ASEReadCounter.table","NW_015090842.1:10291756",9,14,5
"CHTF8","s1680_S_NC_02_ASEReadCounter.table","NW_015090842.1:10291758",9,14,5
"CHTF8","s1680_S_NC_02_ASEReadCounter.table","NW_015090842.1:10291792",8,12,4
"CHTF8","s1680_S_NC_02_ASEReadCounter.table","NW_015090842.1:10291895",7,10,3
"CHTF8","s1680_S_NC_02_ASEReadCounter.table","NW_015090842.1:10292132",0,6,6
"CHTF8","s1680_S_NC_02_ASEReadCounter.table","NW_015090842.1:10292314",1,4,3
"CHTF8","s1680_S_NC_02_ASEReadCounter.table","NW_015090842.1:10292317",1,4,3
"UTP4","s1680_S_NC_02_ASEReadCounter.table","NW_015090842.1:10293146",12,20,8
"UTP4","s1680_S_NC_02_ASEReadCounter.table","NW_015090842.1:10293151",12,21,9
"UTP4","s1680_S_NC_02_ASEReadCounter.table","NW_015090842.1:10293191",5,8,3
"UTP4","s1680_S_NC_02_ASEReadCounter.table","NW_015090842.1:10293362",10,22,12
"UTP4","s1680_S_NC_02_ASEReadCounter.table","NW_015090842.1:10293430",11,21,10
"UTP4","s1680_S_NC_02_ASEReadCounter.table","NW_015090842.1:10293625",6,14,8
"UTP4","s1680_S_NC_02_ASEReadCounter.table","NW_015090842.1:10293684",6,19,13
"UTP4","s1680_S_NC_02_ASEReadCounter.table","NW_015090842.1:10294093",9,16,7
"UTP4","s1680_S_NC_02_ASEReadCounter.table","NW_015090842.1:10294568",6,15,9
"UTP4","s1680_S_NC_02_ASEReadCounter.table","NW_015090842.1:10294622",2,11,9
"UTP4","s1680_S_NC_02_ASEReadCounter.table","NW_015090842.1:10294632",2,12,10
"UTP4","s1680_S_NC_02_ASEReadCounter.table","NW_015090842.1:10295238",6,19,13
"UTP4","s1680_S_NC_02_ASEReadCounter.table","NW_015090842.1:10295880",15,30,15
"UTP4","s1680_S_NC_02_ASEReadCounter.table","NW_015090842.1:10295884",12,28,16
"UTP4","s1680_S_NC_02_ASEReadCounter.table","NW_015090842.1:10295903",15,31,16
"UTP4","s1680_S_NC_02_ASEReadCounter.table","NW_015090842.1:10295906",15,32,17
"UTP4","s1680_S_NC_02_ASEReadCounter.table","NW_015090842.1:10295915",14,30,16
"UTP4","s1680_S_NC_02_ASEReadCounter.table","NW_015090842.1:10295938",12,25,13
"UTP4","s1680_S_NC_02_ASEReadCounter.table","NW_015090842.1:10296175",22,37,15
"UTP4","s1680_S_NC_02_ASEReadCounter.table","NW_015090842.1:10296660",14,26,12
"UTP4","s1680_S_NC_02_ASEReadCounter.table","NW_015090842.1:10296679",20,37,17
"UTP4","s1680_S_NC_02_ASEReadCounter.table","NW_015090842.1:10297193",25,52,27
"UTP4","s1680_S_NC_02_ASEReadCounter.table","NW_015090842.1:10297220",27,54,27
"UTP4","s1680_S_NC_02_ASEReadCounter.table","NW_015090842.1:10297307",33,61,28
"UTP4","s1680_S_NC_02_ASEReadCounter.table","NW_015090842.1:10297558",40,82,42
"UTP4","s1680_S_NC_02_ASEReadCounter.table","NW_015090842.1:10297943",39,89,50
"UTP4","s1680_S_NC_02_ASEReadCounter.table","NW_015090842.1:10297979",42,85,43
"UTP4","s1680_S_NC_02_ASEReadCounter.table","NW_015090842.1:10298022",25,53,28
"UTP4","s1680_S_NC_02_ASEReadCounter.table","NW_015090842.1:10298079",4,18,14
"UTP4","s1680_S_NC_02_ASEReadCounter.table","NW_015090842.1:10298081",4,16,12
"UTP4","s1680_S_NC_02_ASEReadCounter.table","NW_015090842.1:10298082",3,14,11
"SNTB2","s1680_S_NC_02_ASEReadCounter.table","NW_015090842.1:10298905",0,1,1
"SNTB2","s1680_S_NC_02_ASEReadCounter.table","NW_015090842.1:10298928",0,1,1
"SNTB2","s1680_S_NC_02_ASEReadCounter.table","NW_015090842.1:10303506",9,14,5
"SNTB2","s1680_S_NC_02_ASEReadCounter.table","NW_015090842.1:10303524",10,14,4
"SNTB2","s1680_S_NC_02_ASEReadCounter.table","NW_015090842.1:10304059",6,9,3
"SNTB2","s1680_S_NC_02_ASEReadCounter.table","NW_015090842.1:10304089",5,10,5
"SNTB2","s1680_S_NC_02_ASEReadCounter.table","NW_015090842.1:10304167",2,6,4
"SNTB2","s1680_S_NC_02_ASEReadCounter.table","NW_015090842.1:10304176",2,6,4
"SNTB2","s1680_S_NC_02_ASEReadCounter.table","NW_015090842.1:10305069",2,6,4
"SNTB2","s1680_S_NC_02_ASEReadCounter.table","NW_015090842.1:10305099",1,8,7
"SNTB2","s1680_S_NC_02_ASEReadCounter.table","NW_015090842.1:10305451",3,6,3
"SNTB2","s1680_S_NC_02_ASEReadCounter.table","NW_015090842.1:10305547",7,11,4
"SNTB2","s1680_S_NC_02_ASEReadCounter.table","NW_015090842.1:10305847",5,9,4
"SNTB2","s1680_S_NC_02_ASEReadCounter.table","NW_015090842.1:10305911",6,11,5
"SNTB2","s1680_S_NC_02_ASEReadCounter.table","NW_015090842.1:10306173",7,11,4
"SNTB2","s1680_S_NC_02_ASEReadCounter.table","NW_015090842.1:10306275",3,5,2
"SNTB2","s1680_S_NC_02_ASEReadCounter.table","NW_015090842.1:10306457",5,15,10
"SNTB2","s1680_S_NC_02_ASEReadCounter.table","NW_015090842.1:10306496",3,12,9
"SNTB2","s1680_S_NC_02_ASEReadCounter.table","NW_015090842.1:10306499",4,8,4
"VPS4A","s1680_S_NC_02_ASEReadCounter.table","NW_015090842.1:10308566",54,131,77
"VPS4A","s1680_S_NC_02_ASEReadCounter.table","NW_015090842.1:10308573",55,137,82
"VPS4A","s1680_S_NC_02_ASEReadCounter.table","NW_015090842.1:10308856",90,227,137
"VPS4A","s1680_S_NC_02_ASEReadCounter.table","NW_015090842.1:10309056",108,249,141
"VPS4A","s1680_S_NC_02_ASEReadCounter.table","NW_015090842.1:10309089",144,301,157
"VPS4A","s1680_S_NC_02_ASEReadCounter.table","NW_015090842.1:10309392",126,268,142
"VPS4A","s1680_S_NC_02_ASEReadCounter.table","NW_015090842.1:10309413",136,303,167
"VPS4A","s1680_S_NC_02_ASEReadCounter.table","NW_015090842.1:10309467",170,361,191
"VPS4A","s1680_S_NC_02_ASEReadCounter.table","NW_015090842.1:10310230",180,397,217
"VPS4A","s1680_S_NC_02_ASEReadCounter.table","NW_015090842.1:10310425",165,365,200
"VPS4A","s1680_S_NC_02_ASEReadCounter.table","NW_015090842.1:10310639",209,438,229
"VPS4A","s1680_S_NC_02_ASEReadCounter.table","NW_015090842.1:10310640",205,438,233
"VPS4A","s1680_S_NC_02_ASEReadCounter.table","NW_015090842.1:10310687",207,448,241
"VPS4A","s1680_S_NC_02_ASEReadCounter.table","NW_015090842.1:10310734",195,413,218
"VPS4A","s1680_S_NC_02_ASEReadCounter.table","NW_015090842.1:10310737",196,416,220
"VPS4A","s1680_S_NC_02_ASEReadCounter.table","NW_015090842.1:10310746",197,417,220
"VPS4A","s1680_S_NC_02_ASEReadCounter.table","NW_015090842.1:10310767",210,429,219
"VPS4A","s1680_S_NC_02_ASEReadCounter.table","NW_015090842.1:10310995",226,427,201
"VPS4A","s1680_S_NC_02_ASEReadCounter.table","NW_015090842.1:10311004",224,421,197
"VPS4A","s1680_S_NC_02_ASEReadCounter.table","NW_015090842.1:10311007",216,421,205
"VPS4A","s1680_S_NC_02_ASEReadCounter.table","NW_015090842.1:10311013",242,439,197
"VPS4A","s1680_S_NC_02_ASEReadCounter.table","NW_015090842.1:10311022",211,413,202
"VPS4A","s1680_S_NC_02_ASEReadCounter.table","NW_015090842.1:10311023",209,404,195
"VPS4A","s1680_S_NC_02_ASEReadCounter.table","NW_015090842.1:10311426",225,454,229
"VPS4A","s1680_S_NC_02_ASEReadCounter.table","NW_015090842.1:10311489",3,8,5
"VPS4A","s1680_S_NC_02_ASEReadCounter.table","NW_015090842.1:10311490",3,8,5
"VPS4A","s1680_S_NC_02_ASEReadCounter.table","NW_015090842.1:10311525",6,17,11
"VPS4A","s1680_S_NC_02_ASEReadCounter.table","NW_015090842.1:10311529",8,26,18
"VPS4A","s1680_S_NC_02_ASEReadCounter.table","NW_015090842.1:10311530",8,27,19
"VPS4A","s1680_S_NC_02_ASEReadCounter.table","NW_015090842.1:10311552",24,55,31
"VPS4A","s1680_S_NC_02_ASEReadCounter.table","NW_015090842.1:10311689",36,73,37
"VPS4A","s1680_S_NC_02_ASEReadCounter.table","NW_015090842.1:10311700",40,87,47
"VPS4A","s1680_S_NC_02_ASEReadCounter.table","NW_015090842.1:10311701",42,89,47
"VPS4A","s1680_S_NC_02_ASEReadCounter.table","NW_015090842.1:10311703",41,87,46
"COG8","s1680_S_NC_02_ASEReadCounter.table","NW_015090842.1:10313487",26,55,29
"COG8","s1680_S_NC_02_ASEReadCounter.table","NW_015090842.1:10313559",35,68,33
"COG8","s1680_S_NC_02_ASEReadCounter.table","NW_015090842.1:10313579",28,62,34
"COG8","s1680_S_NC_02_ASEReadCounter.table","NW_015090842.1:10313665",31,51,20
"COG8","s1680_S_NC_02_ASEReadCounter.table","NW_015090842.1:10313681",28,47,19
"COG8","s1680_S_NC_02_ASEReadCounter.table","NW_015090842.1:10313768",25,65,40
"COG8","s1680_S_NC_02_ASEReadCounter.table","NW_015090842.1:10313775",26,66,40
"COG8","s1680_S_NC_02_ASEReadCounter.table","NW_015090842.1:10313811",21,51,30
"COG8","s1680_S_NC_02_ASEReadCounter.table","NW_015090842.1:10313858",20,46,26
"COG8","s1680_S_NC_02_ASEReadCounter.table","NW_015090842.1:10313859",46,46,0
"COG8","s1680_S_NC_02_ASEReadCounter.table","NW_015090842.1:10314100",29,60,31
"COG8","s1680_S_NC_02_ASEReadCounter.table","NW_015090842.1:10314213",23,40,17
"COG8","s1680_S_NC_02_ASEReadCounter.table","NW_015090842.1:10315093",19,38,19
"COG8","s1680_S_NC_02_ASEReadCounter.table","NW_015090842.1:10315162",22,35,13
"COG8","s1680_S_NC_02_ASEReadCounter.table","NW_015090842.1:10315285",25,39,14
"COG8","s1680_S_NC_02_ASEReadCounter.table","NW_015090842.1:10315360",17,33,16
"COG8","s1680_S_NC_02_ASEReadCounter.table","NW_015090842.1:10315369",14,31,17
"COG8","s1680_S_NC_02_ASEReadCounter.table","NW_015090842.1:10315508",8,23,15
"COG8","s1680_S_NC_02_ASEReadCounter.table","NW_015090842.1:10315624",8,22,14
"COG8","s1680_S_NC_02_ASEReadCounter.table","NW_015090842.1:10315693",3,23,20
"COG8","s1680_S_NC_02_ASEReadCounter.table","NW_015090842.1:10315698",6,26,20
"COG8","s1680_S_NC_02_ASEReadCounter.table","NW_015090842.1:10315768",12,25,13
"COG8","s1680_S_NC_02_ASEReadCounter.table","NW_015090842.1:10315769",12,25,13
"COG8","s1680_S_NC_02_ASEReadCounter.table","NW_015090842.1:10315784",14,29,15
"COG8","s1680_S_NC_02_ASEReadCounter.table","NW_015090842.1:10316093",3,12,9
"COG8","s1680_S_NC_02_ASEReadCounter.table","NW_015090842.1:10316133",2,12,10
"NIP7","s1680_S_NC_02_ASEReadCounter.table","NW_015090842.1:10316759",23,37,14
"NIP7","s1680_S_NC_02_ASEReadCounter.table","NW_015090842.1:10316967",104,203,99
"NIP7","s1680_S_NC_02_ASEReadCounter.table","NW_015090842.1:10316995",114,224,110
"NIP7","s1680_S_NC_02_ASEReadCounter.table","NW_015090842.1:10317240",175,350,175
"NIP7","s1680_S_NC_02_ASEReadCounter.table","NW_015090842.1:10317247",169,344,175
"NIP7","s1680_S_NC_02_ASEReadCounter.table","NW_015090842.1:10317264",169,336,167
"NIP7","s1680_S_NC_02_ASEReadCounter.table","NW_015090842.1:10317433",188,422,234
"NIP7","s1680_S_NC_02_ASEReadCounter.table","NW_015090842.1:10317738",175,398,223
"NIP7","s1680_S_NC_02_ASEReadCounter.table","NW_015090842.1:10317769",206,418,212
"NIP7","s1680_S_NC_02_ASEReadCounter.table","NW_015090842.1:10317808",132,290,158
"NIP7","s1680_S_NC_02_ASEReadCounter.table","NW_015090842.1:10317870",61,184,123
"NIP7","s1680_S_NC_02_ASEReadCounter.table","NW_015090842.1:10317871",62,181,119
"NIP7","s1680_S_NC_02_ASEReadCounter.table","NW_015090842.1:10317898",48,141,93
"NIP7","s1680_S_NC_02_ASEReadCounter.table","NW_015090842.1:10317911",42,118,76
"TMED6","s1680_S_NC_02_ASEReadCounter.table","NW_015090842.1:10318514",1,1,0
"TMED6","s1680_S_NC_02_ASEReadCounter.table","NW_015090842.1:10318731",2,2,0
"TERF2","s1680_S_NC_02_ASEReadCounter.table","NW_015090842.1:10321768",23,63,40
"TERF2","s1680_S_NC_02_ASEReadCounter.table","NW_015090842.1:10321777",22,59,37
"TERF2","s1680_S_NC_02_ASEReadCounter.table","NW_015090842.1:10321805",24,65,41
"TERF2","s1680_S_NC_02_ASEReadCounter.table","NW_015090842.1:10321878",39,84,45
"TERF2","s1680_S_NC_02_ASEReadCounter.table","NW_015090842.1:10321893",3,83,80
"TERF2","s1680_S_NC_02_ASEReadCounter.table","NW_015090842.1:10321897",35,73,38
"TERF2","s1680_S_NC_02_ASEReadCounter.table","NW_015090842.1:10321908",33,66,33
"TERF2","s1680_S_NC_02_ASEReadCounter.table","NW_015090842.1:10322001",54,116,62
"TERF2","s1680_S_NC_02_ASEReadCounter.table","NW_015090842.1:10322035",43,98,55
"TERF2","s1680_S_NC_02_ASEReadCounter.table","NW_015090842.1:10322051",44,100,56
"TERF2","s1680_S_NC_02_ASEReadCounter.table","NW_015090842.1:10322137",31,73,42
"TERF2","s1680_S_NC_02_ASEReadCounter.table","NW_015090842.1:10322144",31,68,37
"TERF2","s1680_S_NC_02_ASEReadCounter.table","NW_015090842.1:10322388",22,86,64
"TERF2","s1680_S_NC_02_ASEReadCounter.table","NW_015090842.1:10322396",23,82,59
"TERF2","s1680_S_NC_02_ASEReadCounter.table","NW_015090842.1:10322502",28,76,48
"TERF2","s1680_S_NC_02_ASEReadCounter.table","NW_015090842.1:10322504",27,75,48
"TERF2","s1680_S_NC_02_ASEReadCounter.table","NW_015090842.1:10322510",27,81,54
"TERF2","s1680_S_NC_02_ASEReadCounter.table","NW_015090842.1:10323580",32,75,43
"TERF2","s1680_S_NC_02_ASEReadCounter.table","NW_015090842.1:10324314",28,65,37
"TERF2","s1680_S_NC_02_ASEReadCounter.table","NW_015090842.1:10326832",17,40,23
"TERF2","s1680_S_NC_02_ASEReadCounter.table","NW_015090842.1:10327787",5,20,15
"TERF2","s1680_S_NC_02_ASEReadCounter.table","NW_015090842.1:10328588",8,21,13
"TERF2","s1680_S_NC_02_ASEReadCounter.table","NW_015090842.1:10328644",5,10,5
"TERF2","s1680_S_NC_02_ASEReadCounter.table","NW_015090842.1:10329813",5,13,8
"TERF2","s1680_S_NC_02_ASEReadCounter.table","NW_015090842.1:10330749",8,16,8
"TERF2","s1680_S_NC_02_ASEReadCounter.table","NW_015090842.1:10330789",6,18,12
"CYB5B","s1680_S_NC_02_ASEReadCounter.table","NW_015090842.1:10336595",3,10,7
"CYB5B","s1680_S_NC_02_ASEReadCounter.table","NW_015090842.1:10336667",22,56,34
"CYB5B","s1680_S_NC_02_ASEReadCounter.table","NW_015090842.1:10336689",36,96,60
"CYB5B","s1680_S_NC_02_ASEReadCounter.table","NW_015090842.1:10336728",56,134,78
"CYB5B","s1680_S_NC_02_ASEReadCounter.table","NW_015090842.1:10345068",58,131,73
"CYB5B","s1680_S_NC_02_ASEReadCounter.table","NW_015090842.1:10348800",93,229,136
"CYB5B","s1680_S_NC_02_ASEReadCounter.table","NW_015090842.1:10349046",107,197,90
"CYB5B","s1680_S_NC_02_ASEReadCounter.table","NW_015090842.1:10349119",68,182,114
"CYB5B","s1680_S_NC_02_ASEReadCounter.table","NW_015090842.1:10349146",44,166,122
"CYB5B","s1680_S_NC_02_ASEReadCounter.table","NW_015090842.1:10349157",66,192,126
"CYB5B","s1680_S_NC_02_ASEReadCounter.table","NW_015090842.1:10349263",184,184,0
