"gene","id","snp","ref_count","total_count","alt_count"
"CENPN","s1680_S_TNA_03_ASEReadCounter.table","NW_015090842.1:5801618",1,1,0
"CENPN","s1680_S_TNA_03_ASEReadCounter.table","NW_015090842.1:5801623",1,1,0
"CENPN","s1680_S_TNA_03_ASEReadCounter.table","NW_015090842.1:5801631",1,1,0
"CENPN","s1680_S_TNA_03_ASEReadCounter.table","NW_015090842.1:5801632",1,1,0
"CENPN","s1680_S_TNA_03_ASEReadCounter.table","NW_015090842.1:5801655",1,1,0
"CENPN","s1680_S_TNA_03_ASEReadCounter.table","NW_015090842.1:5801670",1,1,0
"CENPN","s1680_S_TNA_03_ASEReadCounter.table","NW_015090842.1:5801674",1,1,0
"CENPN","s1680_S_TNA_03_ASEReadCounter.table","NW_015090842.1:5801692",1,1,0
"CENPN","s1680_S_TNA_03_ASEReadCounter.table","NW_015090842.1:5802008",0,1,1
"CENPN","s1680_S_TNA_03_ASEReadCounter.table","NW_015090842.1:5802012",0,1,1
"CENPN","s1680_S_TNA_03_ASEReadCounter.table","NW_015090842.1:5802087",0,1,1
"CENPN","s1680_S_TNA_03_ASEReadCounter.table","NW_015090842.1:5810113",6,6,0
"CENPN","s1680_S_TNA_03_ASEReadCounter.table","NW_015090842.1:5810147",7,7,0
"CENPN","s1680_S_TNA_03_ASEReadCounter.table","NW_015090842.1:5810148",7,7,0
"ATMIN","s1680_S_TNA_03_ASEReadCounter.table","NW_015090842.1:5818789",1,2,1
"ATMIN","s1680_S_TNA_03_ASEReadCounter.table","NW_015090842.1:5820004",1,2,1
"ATMIN","s1680_S_TNA_03_ASEReadCounter.table","NW_015090842.1:5820217",2,5,3
"ATMIN","s1680_S_TNA_03_ASEReadCounter.table","NW_015090842.1:5820250",2,5,3
"ATMIN","s1680_S_TNA_03_ASEReadCounter.table","NW_015090842.1:5820298",1,2,1
"ATMIN","s1680_S_TNA_03_ASEReadCounter.table","NW_015090842.1:5820417",1,2,1
"ATMIN","s1680_S_TNA_03_ASEReadCounter.table","NW_015090842.1:5820421",1,2,1
"ATMIN","s1680_S_TNA_03_ASEReadCounter.table","NW_015090842.1:5820448",1,1,0
"ATMIN","s1680_S_TNA_03_ASEReadCounter.table","NW_015090842.1:5820457",1,1,0
"ATMIN","s1680_S_TNA_03_ASEReadCounter.table","NW_015090842.1:5820510",1,1,0
"ATMIN","s1680_S_TNA_03_ASEReadCounter.table","NW_015090842.1:5820673",0,2,2
"ATMIN","s1680_S_TNA_03_ASEReadCounter.table","NW_015090842.1:5820754",1,4,3
"ATMIN","s1680_S_TNA_03_ASEReadCounter.table","NW_015090842.1:5820820",3,6,3
"ATMIN","s1680_S_TNA_03_ASEReadCounter.table","NW_015090842.1:5820865",3,5,2
"ATMIN","s1680_S_TNA_03_ASEReadCounter.table","NW_015090842.1:5820889",2,4,2
"ATMIN","s1680_S_TNA_03_ASEReadCounter.table","NW_015090842.1:5820891",3,5,2
"ATMIN","s1680_S_TNA_03_ASEReadCounter.table","NW_015090842.1:5820997",2,2,0
"ATMIN","s1680_S_TNA_03_ASEReadCounter.table","NW_015090842.1:5821063",3,3,0
"ATMIN","s1680_S_TNA_03_ASEReadCounter.table","NW_015090842.1:5821132",3,6,3
"ATMIN","s1680_S_TNA_03_ASEReadCounter.table","NW_015090842.1:5821645",6,9,3
"ATMIN","s1680_S_TNA_03_ASEReadCounter.table","NW_015090842.1:5825066",11,19,8
"ATMIN","s1680_S_TNA_03_ASEReadCounter.table","NW_015090842.1:5825106",8,17,9
"ATMIN","s1680_S_TNA_03_ASEReadCounter.table","NW_015090842.1:5825122",9,17,8
"ATMIN","s1680_S_TNA_03_ASEReadCounter.table","NW_015090842.1:5825178",12,22,10
"ATMIN","s1680_S_TNA_03_ASEReadCounter.table","NW_015090842.1:5825194",12,22,10
"ATMIN","s1680_S_TNA_03_ASEReadCounter.table","NW_015090842.1:5825195",13,23,10
"ATMIN","s1680_S_TNA_03_ASEReadCounter.table","NW_015090842.1:5825220",8,13,5
"ATMIN","s1680_S_TNA_03_ASEReadCounter.table","NW_015090842.1:5825240",10,18,8
"ATMIN","s1680_S_TNA_03_ASEReadCounter.table","NW_015090842.1:5825303",14,32,18
"ATMIN","s1680_S_TNA_03_ASEReadCounter.table","NW_015090842.1:5825304",14,32,18
"ATMIN","s1680_S_TNA_03_ASEReadCounter.table","NW_015090842.1:5825310",15,33,18
"ATMIN","s1680_S_TNA_03_ASEReadCounter.table","NW_015090842.1:5825406",8,18,10
"ATMIN","s1680_S_TNA_03_ASEReadCounter.table","NW_015090842.1:5825415",11,21,10
"ATMIN","s1680_S_TNA_03_ASEReadCounter.table","NW_015090842.1:5825438",15,25,10
"ATMIN","s1680_S_TNA_03_ASEReadCounter.table","NW_015090842.1:5825485",21,29,8
"ATMIN","s1680_S_TNA_03_ASEReadCounter.table","NW_015090842.1:5825524",19,32,13
"ATMIN","s1680_S_TNA_03_ASEReadCounter.table","NW_015090842.1:5825557",16,29,13
"ATMIN","s1680_S_TNA_03_ASEReadCounter.table","NW_015090842.1:5825571",16,30,14
"ATMIN","s1680_S_TNA_03_ASEReadCounter.table","NW_015090842.1:5825579",20,34,14
"ATMIN","s1680_S_TNA_03_ASEReadCounter.table","NW_015090842.1:5825590",17,28,11
"ATMIN","s1680_S_TNA_03_ASEReadCounter.table","NW_015090842.1:5825689",19,34,15
"ATMIN","s1680_S_TNA_03_ASEReadCounter.table","NW_015090842.1:5825703",24,41,17
"ATMIN","s1680_S_TNA_03_ASEReadCounter.table","NW_015090842.1:5825787",19,34,15
"ATMIN","s1680_S_TNA_03_ASEReadCounter.table","NW_015090842.1:5825833",19,37,18
"ATMIN","s1680_S_TNA_03_ASEReadCounter.table","NW_015090842.1:5825841",18,37,19
"ATMIN","s1680_S_TNA_03_ASEReadCounter.table","NW_015090842.1:5825895",18,41,23
"ATMIN","s1680_S_TNA_03_ASEReadCounter.table","NW_015090842.1:5825984",15,33,18
"ATMIN","s1680_S_TNA_03_ASEReadCounter.table","NW_015090842.1:5826162",18,40,22
"ATMIN","s1680_S_TNA_03_ASEReadCounter.table","NW_015090842.1:5826194",15,37,22
"ATMIN","s1680_S_TNA_03_ASEReadCounter.table","NW_015090842.1:5826235",22,43,21
"ATMIN","s1680_S_TNA_03_ASEReadCounter.table","NW_015090842.1:5826245",24,45,21
"ATMIN","s1680_S_TNA_03_ASEReadCounter.table","NW_015090842.1:5826335",14,27,13
"ATMIN","s1680_S_TNA_03_ASEReadCounter.table","NW_015090842.1:5826417",20,39,19
"ATMIN","s1680_S_TNA_03_ASEReadCounter.table","NW_015090842.1:5826431",15,43,28
"ATMIN","s1680_S_TNA_03_ASEReadCounter.table","NW_015090842.1:5826438",19,37,18
"ATMIN","s1680_S_TNA_03_ASEReadCounter.table","NW_015090842.1:5826463",27,58,31
"ATMIN","s1680_S_TNA_03_ASEReadCounter.table","NW_015090842.1:5826502",27,56,29
"ATMIN","s1680_S_TNA_03_ASEReadCounter.table","NW_015090842.1:5826511",28,57,29
"ATMIN","s1680_S_TNA_03_ASEReadCounter.table","NW_015090842.1:5826659",22,55,33
"ATMIN","s1680_S_TNA_03_ASEReadCounter.table","NW_015090842.1:5826701",34,76,42
"ATMIN","s1680_S_TNA_03_ASEReadCounter.table","NW_015090842.1:5826702",34,77,43
"ATMIN","s1680_S_TNA_03_ASEReadCounter.table","NW_015090842.1:5826732",40,85,45
"ATMIN","s1680_S_TNA_03_ASEReadCounter.table","NW_015090842.1:5826745",38,86,48
"ATMIN","s1680_S_TNA_03_ASEReadCounter.table","NW_015090842.1:5826835",40,77,37
"ATMIN","s1680_S_TNA_03_ASEReadCounter.table","NW_015090842.1:5826910",33,65,32
"ATMIN","s1680_S_TNA_03_ASEReadCounter.table","NW_015090842.1:5826942",27,66,39
"ATMIN","s1680_S_TNA_03_ASEReadCounter.table","NW_015090842.1:5827193",59,124,65
"ATMIN","s1680_S_TNA_03_ASEReadCounter.table","NW_015090842.1:5827196",56,121,65
"ATMIN","s1680_S_TNA_03_ASEReadCounter.table","NW_015090842.1:5827269",60,137,77
"ATMIN","s1680_S_TNA_03_ASEReadCounter.table","NW_015090842.1:5827315",46,104,58
"ATMIN","s1680_S_TNA_03_ASEReadCounter.table","NW_015090842.1:5827316",46,101,55
"ATMIN","s1680_S_TNA_03_ASEReadCounter.table","NW_015090842.1:5827333",46,103,57
"PPP1R3E","s1680_S_TNA_03_ASEReadCounter.table","NW_015090842.1:5837733",2,3,1
"PPP1R3E","s1680_S_TNA_03_ASEReadCounter.table","NW_015090842.1:5837947",3,3,0
"PKD1L2","s1680_S_TNA_03_ASEReadCounter.table","NW_015090842.1:5867509",1,1,0
"PKD1L2","s1680_S_TNA_03_ASEReadCounter.table","NW_015090842.1:5867597",1,1,0
"PKD1L2","s1680_S_TNA_03_ASEReadCounter.table","NW_015090842.1:5867600",1,1,0
"PKD1L2","s1680_S_TNA_03_ASEReadCounter.table","NW_015090842.1:5867660",1,1,0
"PKD1L2","s1680_S_TNA_03_ASEReadCounter.table","NW_015090842.1:5867675",1,1,0
"PKD1L2","s1680_S_TNA_03_ASEReadCounter.table","NW_015090842.1:5867788",2,2,0
"PKD1L2","s1680_S_TNA_03_ASEReadCounter.table","NW_015090842.1:5867843",2,2,0
"BCO1","s1680_S_TNA_03_ASEReadCounter.table","NW_015090842.1:5915646",1,1,0
"BCO1","s1680_S_TNA_03_ASEReadCounter.table","NW_015090842.1:5917836",2,2,0
"BCO1","s1680_S_TNA_03_ASEReadCounter.table","NW_015090842.1:5917912",2,2,0
"BCO1","s1680_S_TNA_03_ASEReadCounter.table","NW_015090842.1:5917941",1,1,0
"BCO1","s1680_S_TNA_03_ASEReadCounter.table","NW_015090842.1:5917971",1,1,0
"BCO1","s1680_S_TNA_03_ASEReadCounter.table","NW_015090842.1:5921679",3,3,0
"BCO1","s1680_S_TNA_03_ASEReadCounter.table","NW_015090842.1:5921726",2,2,0
"BCO1","s1680_S_TNA_03_ASEReadCounter.table","NW_015090842.1:5925669",0,1,1
"BCO1","s1680_S_TNA_03_ASEReadCounter.table","NW_015090842.1:5926937",1,2,1
"BCO1","s1680_S_TNA_03_ASEReadCounter.table","NW_015090842.1:5927921",0,1,1
"BCO1","s1680_S_TNA_03_ASEReadCounter.table","NW_015090842.1:5927948",0,1,1
"BCO1","s1680_S_TNA_03_ASEReadCounter.table","NW_015090842.1:5927968",1,1,0
"BCO1","s1680_S_TNA_03_ASEReadCounter.table","NW_015090842.1:5928052",2,2,0
"BCO1","s1680_S_TNA_03_ASEReadCounter.table","NW_015090842.1:5932726",4,4,0
"BCO1","s1680_S_TNA_03_ASEReadCounter.table","NW_015090842.1:5932801",2,3,1
"BCO1","s1680_S_TNA_03_ASEReadCounter.table","NW_015090842.1:5934558",7,10,3
"BCO1","s1680_S_TNA_03_ASEReadCounter.table","NW_015090842.1:5934575",7,11,4
"BCO1","s1680_S_TNA_03_ASEReadCounter.table","NW_015090842.1:5934608",9,13,4
"BCO1","s1680_S_TNA_03_ASEReadCounter.table","NW_015090842.1:5934647",7,9,2
"BCO1","s1680_S_TNA_03_ASEReadCounter.table","NW_015090842.1:5934725",8,12,4
"BCO1","s1680_S_TNA_03_ASEReadCounter.table","NW_015090842.1:5934726",8,12,4
"BCO1","s1680_S_TNA_03_ASEReadCounter.table","NW_015090842.1:5934733",8,12,4
"BCO1","s1680_S_TNA_03_ASEReadCounter.table","NW_015090842.1:5934821",4,5,1
"BCO1","s1680_S_TNA_03_ASEReadCounter.table","NW_015090842.1:5934826",4,5,1
"BCO1","s1680_S_TNA_03_ASEReadCounter.table","NW_015090842.1:5934844",4,5,1
"BCO1","s1680_S_TNA_03_ASEReadCounter.table","NW_015090842.1:5934958",8,10,2
"BCO1","s1680_S_TNA_03_ASEReadCounter.table","NW_015090842.1:5934976",8,11,3
"GAN","s1680_S_TNA_03_ASEReadCounter.table","NW_015090842.1:5953759",9,14,5
"GAN","s1680_S_TNA_03_ASEReadCounter.table","NW_015090842.1:5957502",12,31,19
"GAN","s1680_S_TNA_03_ASEReadCounter.table","NW_015090842.1:5957578",17,35,18
"GAN","s1680_S_TNA_03_ASEReadCounter.table","NW_015090842.1:5965028",16,42,26
"GAN","s1680_S_TNA_03_ASEReadCounter.table","NW_015090842.1:5966047",16,45,29
"GAN","s1680_S_TNA_03_ASEReadCounter.table","NW_015090842.1:5966126",22,53,31
"GAN","s1680_S_TNA_03_ASEReadCounter.table","NW_015090842.1:5966127",22,56,34
"GAN","s1680_S_TNA_03_ASEReadCounter.table","NW_015090842.1:5966162",36,81,45
"GAN","s1680_S_TNA_03_ASEReadCounter.table","NW_015090842.1:5966483",58,109,51
"CMIP","s1680_S_TNA_03_ASEReadCounter.table","NW_015090842.1:6109159",15,28,13
"CMIP","s1680_S_TNA_03_ASEReadCounter.table","NW_015090842.1:6109166",14,26,12
"CMIP","s1680_S_TNA_03_ASEReadCounter.table","NW_015090842.1:6114641",26,38,12
"CMIP","s1680_S_TNA_03_ASEReadCounter.table","NW_015090842.1:6114751",15,32,17
"CMIP","s1680_S_TNA_03_ASEReadCounter.table","NW_015090842.1:6114824",19,42,23
"CMIP","s1680_S_TNA_03_ASEReadCounter.table","NW_015090842.1:6128998",22,43,21
"CMIP","s1680_S_TNA_03_ASEReadCounter.table","NW_015090842.1:6130562",44,98,54
"CMIP","s1680_S_TNA_03_ASEReadCounter.table","NW_015090842.1:6132522",35,84,49
"CMIP","s1680_S_TNA_03_ASEReadCounter.table","NW_015090842.1:6134088",46,100,54
"CMIP","s1680_S_TNA_03_ASEReadCounter.table","NW_015090842.1:6138265",123,270,147
"CMIP","s1680_S_TNA_03_ASEReadCounter.table","NW_015090842.1:6138300",129,271,142
"CMIP","s1680_S_TNA_03_ASEReadCounter.table","NW_015090842.1:6138342",94,208,114
"CMIP","s1680_S_TNA_03_ASEReadCounter.table","NW_015090842.1:6138343",91,207,116
"CMIP","s1680_S_TNA_03_ASEReadCounter.table","NW_015090842.1:6138345",92,207,115
"CMIP","s1680_S_TNA_03_ASEReadCounter.table","NW_015090842.1:6138647",56,120,64
"CMIP","s1680_S_TNA_03_ASEReadCounter.table","NW_015090842.1:6138745",62,135,73
"CMIP","s1680_S_TNA_03_ASEReadCounter.table","NW_015090842.1:6138832",12,47,35
"CMIP","s1680_S_TNA_03_ASEReadCounter.table","NW_015090842.1:6138967",53,116,63
"CMIP","s1680_S_TNA_03_ASEReadCounter.table","NW_015090842.1:6139131",32,63,31
"CMIP","s1680_S_TNA_03_ASEReadCounter.table","NW_015090842.1:6139163",11,36,25
"CMIP","s1680_S_TNA_03_ASEReadCounter.table","NW_015090842.1:6139360",47,66,19
"CMIP","s1680_S_TNA_03_ASEReadCounter.table","NW_015090842.1:6139572",19,35,16
"CMIP","s1680_S_TNA_03_ASEReadCounter.table","NW_015090842.1:6139773",40,78,38
"PLCG2","s1680_S_TNA_03_ASEReadCounter.table","NW_015090842.1:6179613",2,3,1
"PLCG2","s1680_S_TNA_03_ASEReadCounter.table","NW_015090842.1:6179658",2,4,2
"PLCG2","s1680_S_TNA_03_ASEReadCounter.table","NW_015090842.1:6203766",0,2,2
"PLCG2","s1680_S_TNA_03_ASEReadCounter.table","NW_015090842.1:6203775",0,2,2
"PLCG2","s1680_S_TNA_03_ASEReadCounter.table","NW_015090842.1:6203787",0,2,2
"PLCG2","s1680_S_TNA_03_ASEReadCounter.table","NW_015090842.1:6205047",0,1,1
"PLCG2","s1680_S_TNA_03_ASEReadCounter.table","NW_015090842.1:6208541",0,1,1
"PLCG2","s1680_S_TNA_03_ASEReadCounter.table","NW_015090842.1:6217547",0,2,2
"PLCG2","s1680_S_TNA_03_ASEReadCounter.table","NW_015090842.1:6218641",1,2,1
"PLCG2","s1680_S_TNA_03_ASEReadCounter.table","NW_015090842.1:6220552",2,3,1
"PLCG2","s1680_S_TNA_03_ASEReadCounter.table","NW_015090842.1:6221969",1,1,0
"PLCG2","s1680_S_TNA_03_ASEReadCounter.table","NW_015090842.1:6228672",0,4,4
"PLCG2","s1680_S_TNA_03_ASEReadCounter.table","NW_015090842.1:6228694",0,4,4
"PLCG2","s1680_S_TNA_03_ASEReadCounter.table","NW_015090842.1:6228722",0,2,2
"PLCG2","s1680_S_TNA_03_ASEReadCounter.table","NW_015090842.1:6228747",0,3,3
"PLCG2","s1680_S_TNA_03_ASEReadCounter.table","NW_015090842.1:6228835",1,6,5
"PLCG2","s1680_S_TNA_03_ASEReadCounter.table","NW_015090842.1:6228841",1,5,4
"PLCG2","s1680_S_TNA_03_ASEReadCounter.table","NW_015090842.1:6228865",1,4,3
"PLCG2","s1680_S_TNA_03_ASEReadCounter.table","NW_015090842.1:6228917",0,4,4
"PLCG2","s1680_S_TNA_03_ASEReadCounter.table","NW_015090842.1:6228926",0,4,4
"PLCG2","s1680_S_TNA_03_ASEReadCounter.table","NW_015090842.1:6228954",0,4,4
"PLCG2","s1680_S_TNA_03_ASEReadCounter.table","NW_015090842.1:6229002",1,4,3
"PLCG2","s1680_S_TNA_03_ASEReadCounter.table","NW_015090842.1:6229006",1,4,3
"PLCG2","s1680_S_TNA_03_ASEReadCounter.table","NW_015090842.1:6229081",1,2,1
"PLCG2","s1680_S_TNA_03_ASEReadCounter.table","NW_015090842.1:6229097",0,1,1
"PLCG2","s1680_S_TNA_03_ASEReadCounter.table","NW_015090842.1:6229160",1,2,1
"PLCG2","s1680_S_TNA_03_ASEReadCounter.table","NW_015090842.1:6229213",1,1,0
"PLCG2","s1680_S_TNA_03_ASEReadCounter.table","NW_015090842.1:6229231",1,2,1
"PLCG2","s1680_S_TNA_03_ASEReadCounter.table","NW_015090842.1:6229663",1,1,0
"PLCG2","s1680_S_TNA_03_ASEReadCounter.table","NW_015090842.1:6229748",2,3,1
"PLCG2","s1680_S_TNA_03_ASEReadCounter.table","NW_015090842.1:6229892",1,1,0
"PLCG2","s1680_S_TNA_03_ASEReadCounter.table","NW_015090842.1:6230248",1,1,0
"PLCG2","s1680_S_TNA_03_ASEReadCounter.table","NW_015090842.1:6230255",1,1,0
"PLCG2","s1680_S_TNA_03_ASEReadCounter.table","NW_015090842.1:6230296",1,1,0
"PLCG2","s1680_S_TNA_03_ASEReadCounter.table","NW_015090842.1:6230349",1,1,0
"PLCG2","s1680_S_TNA_03_ASEReadCounter.table","NW_015090842.1:6230381",1,1,0
"PLCG2","s1680_S_TNA_03_ASEReadCounter.table","NW_015090842.1:6230408",1,1,0
"PLCG2","s1680_S_TNA_03_ASEReadCounter.table","NW_015090842.1:6230439",1,2,1
"PLCG2","s1680_S_TNA_03_ASEReadCounter.table","NW_015090842.1:6230757",2,3,1
"PLCG2","s1680_S_TNA_03_ASEReadCounter.table","NW_015090842.1:6230758",2,3,1
"PLCG2","s1680_S_TNA_03_ASEReadCounter.table","NW_015090842.1:6230898",0,1,1
"PLCG2","s1680_S_TNA_03_ASEReadCounter.table","NW_015090842.1:6230976",2,3,1
"PLCG2","s1680_S_TNA_03_ASEReadCounter.table","NW_015090842.1:6231078",0,2,2
"PLCG2","s1680_S_TNA_03_ASEReadCounter.table","NW_015090842.1:6231138",0,3,3
"PLCG2","s1680_S_TNA_03_ASEReadCounter.table","NW_015090842.1:6231177",1,2,1
"PLCG2","s1680_S_TNA_03_ASEReadCounter.table","NW_015090842.1:6231263",2,4,2
"PLCG2","s1680_S_TNA_03_ASEReadCounter.table","NW_015090842.1:6231309",2,3,1
"SDR42E1","s1680_S_TNA_03_ASEReadCounter.table","NW_015090842.1:6235315",0,2,2
"SDR42E1","s1680_S_TNA_03_ASEReadCounter.table","NW_015090842.1:6235348",0,4,4
"SDR42E1","s1680_S_TNA_03_ASEReadCounter.table","NW_015090842.1:6235355",0,5,5
"SDR42E1","s1680_S_TNA_03_ASEReadCounter.table","NW_015090842.1:6235417",0,5,5
"SDR42E1","s1680_S_TNA_03_ASEReadCounter.table","NW_015090842.1:6235526",7,7,0
"SDR42E1","s1680_S_TNA_03_ASEReadCounter.table","NW_015090842.1:6235558",1,5,4
"SDR42E1","s1680_S_TNA_03_ASEReadCounter.table","NW_015090842.1:6235603",6,6,0
"SDR42E1","s1680_S_TNA_03_ASEReadCounter.table","NW_015090842.1:6235741",2,6,4
"SDR42E1","s1680_S_TNA_03_ASEReadCounter.table","NW_015090842.1:6235777",4,7,3
"SDR42E1","s1680_S_TNA_03_ASEReadCounter.table","NW_015090842.1:6235806",3,6,3
"SDR42E1","s1680_S_TNA_03_ASEReadCounter.table","NW_015090842.1:6235809",3,6,3
"SDR42E1","s1680_S_TNA_03_ASEReadCounter.table","NW_015090842.1:6235816",3,6,3
"SDR42E1","s1680_S_TNA_03_ASEReadCounter.table","NW_015090842.1:6235914",1,8,7
"SDR42E1","s1680_S_TNA_03_ASEReadCounter.table","NW_015090842.1:6235935",1,7,6
"SDR42E1","s1680_S_TNA_03_ASEReadCounter.table","NW_015090842.1:6235957",0,6,6
"SDR42E1","s1680_S_TNA_03_ASEReadCounter.table","NW_015090842.1:6236040",0,4,4
"SDR42E1","s1680_S_TNA_03_ASEReadCounter.table","NW_015090842.1:6236260",1,4,3
"SDR42E1","s1680_S_TNA_03_ASEReadCounter.table","NW_015090842.1:6236281",2,5,3
"SDR42E1","s1680_S_TNA_03_ASEReadCounter.table","NW_015090842.1:6236305",2,6,4
"SDR42E1","s1680_S_TNA_03_ASEReadCounter.table","NW_015090842.1:6236458",2,6,4
"SDR42E1","s1680_S_TNA_03_ASEReadCounter.table","NW_015090842.1:6236476",2,7,5
"SDR42E1","s1680_S_TNA_03_ASEReadCounter.table","NW_015090842.1:6236608",2,2,0
"SDR42E1","s1680_S_TNA_03_ASEReadCounter.table","NW_015090842.1:6238244",1,2,1
"SDR42E1","s1680_S_TNA_03_ASEReadCounter.table","NW_015090842.1:6238829",0,2,2
"ARY2","s1680_S_TNA_03_ASEReadCounter.table","NW_015090842.1:6303922",4,7,3
"ARY2","s1680_S_TNA_03_ASEReadCounter.table","NW_015090842.1:6303954",3,4,1
"ARY2","s1680_S_TNA_03_ASEReadCounter.table","NW_015090842.1:6303979",5,8,3
"ARY2","s1680_S_TNA_03_ASEReadCounter.table","NW_015090842.1:6305848",2,3,1
"ARY2","s1680_S_TNA_03_ASEReadCounter.table","NW_015090842.1:6305856",3,4,1
"ARY2","s1680_S_TNA_03_ASEReadCounter.table","NW_015090842.1:6305857",3,4,1
"ARY2","s1680_S_TNA_03_ASEReadCounter.table","NW_015090842.1:6306017",3,7,4
"ARY2","s1680_S_TNA_03_ASEReadCounter.table","NW_015090842.1:6306052",6,10,4
"ARY2","s1680_S_TNA_03_ASEReadCounter.table","NW_015090842.1:6306094",6,10,4
"ARY2","s1680_S_TNA_03_ASEReadCounter.table","NW_015090842.1:6306100",6,10,4
"ARY2","s1680_S_TNA_03_ASEReadCounter.table","NW_015090842.1:6306146",4,8,4
"ARY2","s1680_S_TNA_03_ASEReadCounter.table","NW_015090842.1:6306147",4,8,4
"ARY2","s1680_S_TNA_03_ASEReadCounter.table","NW_015090842.1:6306390",4,11,7
"ARY2","s1680_S_TNA_03_ASEReadCounter.table","NW_015090842.1:6306567",4,10,6
"ARY2","s1680_S_TNA_03_ASEReadCounter.table","NW_015090842.1:6306705",8,10,2
"ARY2","s1680_S_TNA_03_ASEReadCounter.table","NW_015090842.1:6306713",11,11,0
"ARY2","s1680_S_TNA_03_ASEReadCounter.table","NW_015090842.1:6306773",6,9,3
"ARY2","s1680_S_TNA_03_ASEReadCounter.table","NW_015090842.1:6307039",6,7,1
"ARY2","s1680_S_TNA_03_ASEReadCounter.table","NW_015090842.1:6307043",5,6,1
"ARY2","s1680_S_TNA_03_ASEReadCounter.table","NW_015090842.1:6307093",5,8,3
"ARY2","s1680_S_TNA_03_ASEReadCounter.table","NW_015090842.1:6307138",5,10,5
"ARY2","s1680_S_TNA_03_ASEReadCounter.table","NW_015090842.1:6307157",4,10,6
"ARY2","s1680_S_TNA_03_ASEReadCounter.table","NW_015090842.1:6307187",4,9,5
"ARY2","s1680_S_TNA_03_ASEReadCounter.table","NW_015090842.1:6307278",9,14,5
"ARY2","s1680_S_TNA_03_ASEReadCounter.table","NW_015090842.1:6307305",8,15,7
"ARY2","s1680_S_TNA_03_ASEReadCounter.table","NW_015090842.1:6307318",7,14,7
"ARY2","s1680_S_TNA_03_ASEReadCounter.table","NW_015090842.1:6307429",7,13,6
"ARY2","s1680_S_TNA_03_ASEReadCounter.table","NW_015090842.1:6307487",6,11,5
"ARY2","s1680_S_TNA_03_ASEReadCounter.table","NW_015090842.1:6307670",3,8,5
"ARYL","s1680_S_TNA_03_ASEReadCounter.table","NW_015090842.1:6313360",3,3,0
"ARYL","s1680_S_TNA_03_ASEReadCounter.table","NW_015090842.1:6313377",2,2,0
"ARYL","s1680_S_TNA_03_ASEReadCounter.table","NW_015090842.1:6313767",2,2,0
"ARY1","s1680_S_TNA_03_ASEReadCounter.table","NW_015090842.1:6313909",2,2,0
"ARY1","s1680_S_TNA_03_ASEReadCounter.table","NW_015090842.1:6314296",3,7,4
"ARY1","s1680_S_TNA_03_ASEReadCounter.table","NW_015090842.1:6314541",2,2,0
"ARY1","s1680_S_TNA_03_ASEReadCounter.table","NW_015090842.1:6314597",4,4,0
"ARY1","s1680_S_TNA_03_ASEReadCounter.table","NW_015090842.1:6314750",3,3,0
"ARY1","s1680_S_TNA_03_ASEReadCounter.table","NW_015090842.1:6314794",0,1,1
"ARY1","s1680_S_TNA_03_ASEReadCounter.table","NW_015090842.1:6314827",1,2,1
"ARY1","s1680_S_TNA_03_ASEReadCounter.table","NW_015090842.1:6314843",3,3,0
"ARY1","s1680_S_TNA_03_ASEReadCounter.table","NW_015090842.1:6314859",3,4,1
"ARY1","s1680_S_TNA_03_ASEReadCounter.table","NW_015090842.1:6314886",3,6,3
"ARY1","s1680_S_TNA_03_ASEReadCounter.table","NW_015090842.1:6314943",7,7,0
"ARY1","s1680_S_TNA_03_ASEReadCounter.table","NW_015090842.1:6314949",7,7,0
"ARY1","s1680_S_TNA_03_ASEReadCounter.table","NW_015090842.1:6315022",4,6,2
"ARY1","s1680_S_TNA_03_ASEReadCounter.table","NW_015090842.1:6315026",2,4,2
"ARY1","s1680_S_TNA_03_ASEReadCounter.table","NW_015090842.1:6315043",3,5,2
"ARY1","s1680_S_TNA_03_ASEReadCounter.table","NW_015090842.1:6315065",2,5,3
"ARY1","s1680_S_TNA_03_ASEReadCounter.table","NW_015090842.1:6315409",0,1,1
"ARY1","s1680_S_TNA_03_ASEReadCounter.table","NW_015090842.1:6315479",1,1,0
"ARY1","s1680_S_TNA_03_ASEReadCounter.table","NW_015090842.1:6318342",5,8,3
"ARY1","s1680_S_TNA_03_ASEReadCounter.table","NW_015090842.1:6318427",11,15,4
"ARY1","s1680_S_TNA_03_ASEReadCounter.table","NW_015090842.1:6318603",10,16,6
"ARY1","s1680_S_TNA_03_ASEReadCounter.table","NW_015090842.1:6318708",7,10,3
"ARY1","s1680_S_TNA_03_ASEReadCounter.table","NW_015090842.1:6318858",12,17,5
"ARY1","s1680_S_TNA_03_ASEReadCounter.table","NW_015090842.1:6318952",11,20,9
"MPHOSPH6","s1680_S_TNA_03_ASEReadCounter.table","NW_015090842.1:6324063",42,96,54
"MPHOSPH6","s1680_S_TNA_03_ASEReadCounter.table","NW_015090842.1:6324174",75,191,116
"MPHOSPH6","s1680_S_TNA_03_ASEReadCounter.table","NW_015090842.1:6324270",89,191,102
"MPHOSPH6","s1680_S_TNA_03_ASEReadCounter.table","NW_015090842.1:6324762",61,152,91
"MPHOSPH6","s1680_S_TNA_03_ASEReadCounter.table","NW_015090842.1:6324772",49,131,82
"MPHOSPH6","s1680_S_TNA_03_ASEReadCounter.table","NW_015090842.1:6324780",43,121,78
"MPHOSPH6","s1680_S_TNA_03_ASEReadCounter.table","NW_015090842.1:6324902",76,142,66
"MPHOSPH6","s1680_S_TNA_03_ASEReadCounter.table","NW_015090842.1:6324910",137,137,0
"MPHOSPH6","s1680_S_TNA_03_ASEReadCounter.table","NW_015090842.1:6325066",50,115,65
"MPHOSPH6","s1680_S_TNA_03_ASEReadCounter.table","NW_015090842.1:6325089",61,129,68
"MPHOSPH6","s1680_S_TNA_03_ASEReadCounter.table","NW_015090842.1:6325298",78,158,80
"MPHOSPH6","s1680_S_TNA_03_ASEReadCounter.table","NW_015090842.1:6325877",51,103,52
"MPHOSPH6","s1680_S_TNA_03_ASEReadCounter.table","NW_015090842.1:6326976",34,75,41
"CDH13","s1680_S_TNA_03_ASEReadCounter.table","NW_015090842.1:6662283",3,5,2
"CDH13","s1680_S_TNA_03_ASEReadCounter.table","NW_015090842.1:6693665",4,7,3
"CDH13","s1680_S_TNA_03_ASEReadCounter.table","NW_015090842.1:6693697",4,7,3
"CDH13","s1680_S_TNA_03_ASEReadCounter.table","NW_015090842.1:6693712",3,6,3
"CDH13","s1680_S_TNA_03_ASEReadCounter.table","NW_015090842.1:6693723",3,7,4
"CDH13","s1680_S_TNA_03_ASEReadCounter.table","NW_015090842.1:6693738",2,4,2
"CDH13","s1680_S_TNA_03_ASEReadCounter.table","NW_015090842.1:6823730",1,3,2
"CDH13","s1680_S_TNA_03_ASEReadCounter.table","NW_015090842.1:6889713",1,5,4
"CDH13","s1680_S_TNA_03_ASEReadCounter.table","NW_015090842.1:6955167",2,9,7
"MLYCD","s1680_S_TNA_03_ASEReadCounter.table","NW_015090842.1:7150054",46,106,60
"MLYCD","s1680_S_TNA_03_ASEReadCounter.table","NW_015090842.1:7150131",71,185,114
"MLYCD","s1680_S_TNA_03_ASEReadCounter.table","NW_015090842.1:7150585",41,107,66
"MLYCD","s1680_S_TNA_03_ASEReadCounter.table","NW_015090842.1:7150686",40,88,48
"MLYCD","s1680_S_TNA_03_ASEReadCounter.table","NW_015090842.1:7150696",43,93,50
"MLYCD","s1680_S_TNA_03_ASEReadCounter.table","NW_015090842.1:7150698",94,94,0
"MLYCD","s1680_S_TNA_03_ASEReadCounter.table","NW_015090842.1:7150869",44,88,44
"MLYCD","s1680_S_TNA_03_ASEReadCounter.table","NW_015090842.1:7151100",38,78,40
"MLYCD","s1680_S_TNA_03_ASEReadCounter.table","NW_015090842.1:7151127",39,79,40
"MLYCD","s1680_S_TNA_03_ASEReadCounter.table","NW_015090842.1:7157538",16,45,29
"MLYCD","s1680_S_TNA_03_ASEReadCounter.table","NW_015090842.1:7167662",9,22,13
"MLYCD","s1680_S_TNA_03_ASEReadCounter.table","NW_015090842.1:7167675",9,24,15
"MLYCD","s1680_S_TNA_03_ASEReadCounter.table","NW_015090842.1:7167710",3,16,13
"MLYCD","s1680_S_TNA_03_ASEReadCounter.table","NW_015090842.1:7167781",6,16,10
"MLYCD","s1680_S_TNA_03_ASEReadCounter.table","NW_015090842.1:7167803",5,13,8
"MLYCD","s1680_S_TNA_03_ASEReadCounter.table","NW_015090842.1:7167812",5,14,9
"MLYCD","s1680_S_TNA_03_ASEReadCounter.table","NW_015090842.1:7167845",7,15,8
"MLYCD","s1680_S_TNA_03_ASEReadCounter.table","NW_015090842.1:7167862",7,16,9
"MLYCD","s1680_S_TNA_03_ASEReadCounter.table","NW_015090842.1:7167929",3,10,7
"MLYCD","s1680_S_TNA_03_ASEReadCounter.table","NW_015090842.1:7167995",2,7,5
"MLYCD","s1680_S_TNA_03_ASEReadCounter.table","NW_015090842.1:7168005",2,7,5
"MLYCD","s1680_S_TNA_03_ASEReadCounter.table","NW_015090842.1:7168037",3,9,6
"HSBP1","s1680_S_TNA_03_ASEReadCounter.table","NW_015090842.1:7245192",428,732,304
"HSBP1","s1680_S_TNA_03_ASEReadCounter.table","NW_015090842.1:7245226",437,810,373
"HSBP1","s1680_S_TNA_03_ASEReadCounter.table","NW_015090842.1:7245257",364,700,336
"HSBP1","s1680_S_TNA_03_ASEReadCounter.table","NW_015090842.1:7245296",335,675,340
"HSBP1","s1680_S_TNA_03_ASEReadCounter.table","NW_015090842.1:7245389",515,923,408
"HSBP1","s1680_S_TNA_03_ASEReadCounter.table","NW_015090842.1:7245400",522,892,370
"HSBP1","s1680_S_TNA_03_ASEReadCounter.table","NW_015090842.1:7245445",486,875,389
"HSBP1","s1680_S_TNA_03_ASEReadCounter.table","NW_015090842.1:7245495",415,760,345
"HSBP1","s1680_S_TNA_03_ASEReadCounter.table","NW_015090842.1:7245515",459,822,363
"HSBP1","s1680_S_TNA_03_ASEReadCounter.table","NW_015090842.1:7245733",287,505,218
"HSBP1","s1680_S_TNA_03_ASEReadCounter.table","NW_015090842.1:7245771",311,506,195
"HSBP1","s1680_S_TNA_03_ASEReadCounter.table","NW_015090842.1:7245813",289,483,194
"HSBP1","s1680_S_TNA_03_ASEReadCounter.table","NW_015090842.1:7245926",280,521,241
"HSBP1","s1680_S_TNA_03_ASEReadCounter.table","NW_015090842.1:7245927",280,516,236
"HSBP1","s1680_S_TNA_03_ASEReadCounter.table","NW_015090842.1:7245933",283,506,223
"HSBP1","s1680_S_TNA_03_ASEReadCounter.table","NW_015090842.1:7246002",214,412,198
"HSBP1","s1680_S_TNA_03_ASEReadCounter.table","NW_015090842.1:7246094",290,488,198
"HSBP1","s1680_S_TNA_03_ASEReadCounter.table","NW_015090842.1:7246167",291,480,189
"HSBP1","s1680_S_TNA_03_ASEReadCounter.table","NW_015090842.1:7246183",262,447,185
"HSBP1","s1680_S_TNA_03_ASEReadCounter.table","NW_015090842.1:7247285",26,35,9
"HSBP1","s1680_S_TNA_03_ASEReadCounter.table","NW_015090842.1:7247651",256,493,237
"HSBP1","s1680_S_TNA_03_ASEReadCounter.table","NW_015090842.1:7247657",254,492,238
"HSBP1","s1680_S_TNA_03_ASEReadCounter.table","NW_015090842.1:7248520",172,319,147
"HSBP1","s1680_S_TNA_03_ASEReadCounter.table","NW_015090842.1:7248535",149,281,132
"KCNG4","s1680_S_TNA_03_ASEReadCounter.table","NW_015090842.1:7282481",5,6,1
"KCNG4","s1680_S_TNA_03_ASEReadCounter.table","NW_015090842.1:7282500",5,7,2
"KCNG4","s1680_S_TNA_03_ASEReadCounter.table","NW_015090842.1:7282542",4,7,3
"KCNG4","s1680_S_TNA_03_ASEReadCounter.table","NW_015090842.1:7282579",0,2,2
"KCNG4","s1680_S_TNA_03_ASEReadCounter.table","NW_015090842.1:7282630",1,4,3
"KCNG4","s1680_S_TNA_03_ASEReadCounter.table","NW_015090842.1:7282760",2,3,1
"KCNG4","s1680_S_TNA_03_ASEReadCounter.table","NW_015090842.1:7283056",2,4,2
"KCNG4","s1680_S_TNA_03_ASEReadCounter.table","NW_015090842.1:7283245",2,2,0
"KCNG4","s1680_S_TNA_03_ASEReadCounter.table","NW_015090842.1:7299491",3,7,4
"KCNG4","s1680_S_TNA_03_ASEReadCounter.table","NW_015090842.1:7301195",3,4,1
"KCNG4","s1680_S_TNA_03_ASEReadCounter.table","NW_015090842.1:7301227",2,4,2
"KCNG4","s1680_S_TNA_03_ASEReadCounter.table","NW_015090842.1:7301240",2,4,2
"KCNG4","s1680_S_TNA_03_ASEReadCounter.table","NW_015090842.1:7301413",2,3,1
"WFDC1","s1680_S_TNA_03_ASEReadCounter.table","NW_015090842.1:7366517",1,2,1
"ATP2C2","s1680_S_TNA_03_ASEReadCounter.table","NW_015090842.1:7413747",1,12,11
"TLDC1","s1680_S_TNA_03_ASEReadCounter.table","NW_015090842.1:7421997",20,36,16
"COTL1","s1680_S_TNA_03_ASEReadCounter.table","NW_015090842.1:7490707",607,1192,585
"COTL1","s1680_S_TNA_03_ASEReadCounter.table","NW_015090842.1:7490708",601,1192,591
"COTL1","s1680_S_TNA_03_ASEReadCounter.table","NW_015090842.1:7490711",614,1212,598
"COTL1","s1680_S_TNA_03_ASEReadCounter.table","NW_015090842.1:7490739",549,1123,574
"COTL1","s1680_S_TNA_03_ASEReadCounter.table","NW_015090842.1:7490785",518,1070,552
"COTL1","s1680_S_TNA_03_ASEReadCounter.table","NW_015090842.1:7490820",47,699,652
"COTL1","s1680_S_TNA_03_ASEReadCounter.table","NW_015090842.1:7490846",1016,1016,0
"COTL1","s1680_S_TNA_03_ASEReadCounter.table","NW_015090842.1:7505672",0,1,1
"KLHL36","s1680_S_TNA_03_ASEReadCounter.table","NW_015090842.1:7526337",6,16,10
"KLHL36","s1680_S_TNA_03_ASEReadCounter.table","NW_015090842.1:7537681",111,111,0
"USP10","s1680_S_TNA_03_ASEReadCounter.table","NW_015090842.1:7572213",15,36,21
"USP10","s1680_S_TNA_03_ASEReadCounter.table","NW_015090842.1:7572358",19,19,0
"CRISPLD2","s1680_S_TNA_03_ASEReadCounter.table","NW_015090842.1:7619796",1,2,1
"CRISPLD2","s1680_S_TNA_03_ASEReadCounter.table","NW_015090842.1:7630779",4,4,0
"CRISPLD2","s1680_S_TNA_03_ASEReadCounter.table","NW_015090842.1:7633611",6,6,0
"CRISPLD2","s1680_S_TNA_03_ASEReadCounter.table","NW_015090842.1:7633787",1,3,2
"CRISPLD2","s1680_S_TNA_03_ASEReadCounter.table","NW_015090842.1:7634023",1,4,3
"CRISPLD2","s1680_S_TNA_03_ASEReadCounter.table","NW_015090842.1:7634620",2,2,0
"MTHFSD","s1680_S_TNA_03_ASEReadCounter.table","NW_015090842.1:8152578",8,19,11
"DUSP15","s1680_S_TNA_03_ASEReadCounter.table","NW_015090842.1:8422840",1,2,1
"EMC8","s1680_S_TNA_03_ASEReadCounter.table","NW_015090842.1:8452385",24,42,18
"GINS2","s1680_S_TNA_03_ASEReadCounter.table","NW_015090842.1:8467469",17,17,0
"GINS2","s1680_S_TNA_03_ASEReadCounter.table","NW_015090842.1:8470290",23,44,21
"GINS2","s1680_S_TNA_03_ASEReadCounter.table","NW_015090842.1:8470305",24,51,27
"GINS2","s1680_S_TNA_03_ASEReadCounter.table","NW_015090842.1:8470376",19,48,29
"GINS2","s1680_S_TNA_03_ASEReadCounter.table","NW_015090842.1:8471057",3,12,9
"KIAA0513","s1680_S_TNA_03_ASEReadCounter.table","NW_015090842.1:8674736",77,77,0
"KIAA0513","s1680_S_TNA_03_ASEReadCounter.table","NW_015090842.1:8687268",2,4,2
"KIAA0513","s1680_S_TNA_03_ASEReadCounter.table","NW_015090842.1:8693655",1,1,0
"ZCCHC14","s1680_S_TNA_03_ASEReadCounter.table","NW_015090842.1:8750189",76,76,0
"JPH3","s1680_S_TNA_03_ASEReadCounter.table","NW_015090842.1:8872294",43,82,39
"KLHDC4","s1680_S_TNA_03_ASEReadCounter.table","NW_015090842.1:8891175",109,109,0
"KLHDC4","s1680_S_TNA_03_ASEReadCounter.table","NW_015090842.1:8905251",12,24,12
"KLHDC4","s1680_S_TNA_03_ASEReadCounter.table","NW_015090842.1:8919630",1,2,1
"SLC7A5","s1680_S_TNA_03_ASEReadCounter.table","NW_015090842.1:8940382",142,142,0
"SLC7A5","s1680_S_TNA_03_ASEReadCounter.table","NW_015090842.1:8941818",67,67,0
"SLC7A5","s1680_S_TNA_03_ASEReadCounter.table","NW_015090842.1:8944655",34,34,0
"CA5A","s1680_S_TNA_03_ASEReadCounter.table","NW_015090842.1:8989479",44,82,38
"CA5A","s1680_S_TNA_03_ASEReadCounter.table","NW_015090842.1:8989562",51,94,43
"CA5A","s1680_S_TNA_03_ASEReadCounter.table","NW_015090842.1:8989609",48,88,40
"CA5A","s1680_S_TNA_03_ASEReadCounter.table","NW_015090842.1:8989693",57,108,51
"CA5A","s1680_S_TNA_03_ASEReadCounter.table","NW_015090842.1:8989702",57,104,47
"CA5A","s1680_S_TNA_03_ASEReadCounter.table","NW_015090842.1:8989746",47,98,51
"CA5A","s1680_S_TNA_03_ASEReadCounter.table","NW_015090842.1:8989880",41,77,36
"CA5A","s1680_S_TNA_03_ASEReadCounter.table","NW_015090842.1:8989885",41,80,39
"CA5A","s1680_S_TNA_03_ASEReadCounter.table","NW_015090842.1:8989929",47,82,35
"CA5A","s1680_S_TNA_03_ASEReadCounter.table","NW_015090842.1:8990002",43,76,33
"CA5A","s1680_S_TNA_03_ASEReadCounter.table","NW_015090842.1:8990004",43,75,32
"CA5A","s1680_S_TNA_03_ASEReadCounter.table","NW_015090842.1:8990005",43,75,32
"CA5A","s1680_S_TNA_03_ASEReadCounter.table","NW_015090842.1:8990017",46,73,27
"CA5A","s1680_S_TNA_03_ASEReadCounter.table","NW_015090842.1:8990043",41,61,20
"CA5A","s1680_S_TNA_03_ASEReadCounter.table","NW_015090842.1:8990080",26,51,25
"CA5A","s1680_S_TNA_03_ASEReadCounter.table","NW_015090842.1:8990084",26,52,26
"CA5A","s1680_S_TNA_03_ASEReadCounter.table","NW_015090842.1:8990090",30,56,26
"CA5A","s1680_S_TNA_03_ASEReadCounter.table","NW_015090842.1:8990095",27,51,24
"CA5A","s1680_S_TNA_03_ASEReadCounter.table","NW_015090842.1:8990111",28,54,26
"CA5A","s1680_S_TNA_03_ASEReadCounter.table","NW_015090842.1:8990112",28,53,25
"CA5A","s1680_S_TNA_03_ASEReadCounter.table","NW_015090842.1:8990115",29,55,26
"CA5A","s1680_S_TNA_03_ASEReadCounter.table","NW_015090842.1:8990166",31,55,24
"CA5A","s1680_S_TNA_03_ASEReadCounter.table","NW_015090842.1:8990169",37,59,22
"CA5A","s1680_S_TNA_03_ASEReadCounter.table","NW_015090842.1:8990222",23,46,23
"CA5A","s1680_S_TNA_03_ASEReadCounter.table","NW_015090842.1:8990289",28,51,23
"CA5A","s1680_S_TNA_03_ASEReadCounter.table","NW_015090842.1:8990314",27,49,22
"CA5A","s1680_S_TNA_03_ASEReadCounter.table","NW_015090842.1:8990361",27,52,25
"CA5A","s1680_S_TNA_03_ASEReadCounter.table","NW_015090842.1:8990368",27,51,24
"CA5A","s1680_S_TNA_03_ASEReadCounter.table","NW_015090842.1:8990429",31,50,19
"CA5A","s1680_S_TNA_03_ASEReadCounter.table","NW_015090842.1:8990466",23,38,15
"CA5A","s1680_S_TNA_03_ASEReadCounter.table","NW_015090842.1:8990663",23,40,17
"CA5A","s1680_S_TNA_03_ASEReadCounter.table","NW_015090842.1:8990797",26,43,17
"CA5A","s1680_S_TNA_03_ASEReadCounter.table","NW_015090842.1:8990836",20,37,17
"CA5A","s1680_S_TNA_03_ASEReadCounter.table","NW_015090842.1:8990842",22,40,18
"CA5A","s1680_S_TNA_03_ASEReadCounter.table","NW_015090842.1:8990851",19,35,16
"CA5A","s1680_S_TNA_03_ASEReadCounter.table","NW_015090842.1:8990918",21,33,12
"CA5A","s1680_S_TNA_03_ASEReadCounter.table","NW_015090842.1:8990921",22,36,14
"CA5A","s1680_S_TNA_03_ASEReadCounter.table","NW_015090842.1:8990942",29,45,16
"CA5A","s1680_S_TNA_03_ASEReadCounter.table","NW_015090842.1:8991001",36,57,21
"CA5A","s1680_S_TNA_03_ASEReadCounter.table","NW_015090842.1:8991038",28,44,16
"CA5A","s1680_S_TNA_03_ASEReadCounter.table","NW_015090842.1:8991149",23,45,22
"CA5A","s1680_S_TNA_03_ASEReadCounter.table","NW_015090842.1:8991176",25,46,21
"CA5A","s1680_S_TNA_03_ASEReadCounter.table","NW_015090842.1:8991241",24,41,17
"CA5A","s1680_S_TNA_03_ASEReadCounter.table","NW_015090842.1:8991262",24,39,15
"CA5A","s1680_S_TNA_03_ASEReadCounter.table","NW_015090842.1:8991316",15,18,3
"CA5A","s1680_S_TNA_03_ASEReadCounter.table","NW_015090842.1:8991319",15,18,3
"CA5A","s1680_S_TNA_03_ASEReadCounter.table","NW_015090842.1:8991330",16,18,2
"CA5A","s1680_S_TNA_03_ASEReadCounter.table","NW_015090842.1:8991334",16,19,3
"CA5A","s1680_S_TNA_03_ASEReadCounter.table","NW_015090842.1:8991362",17,29,12
"CA5A","s1680_S_TNA_03_ASEReadCounter.table","NW_015090842.1:8991368",21,33,12
"CA5A","s1680_S_TNA_03_ASEReadCounter.table","NW_015090842.1:8991390",21,34,13
"CA5A","s1680_S_TNA_03_ASEReadCounter.table","NW_015090842.1:8991395",23,37,14
"CA5A","s1680_S_TNA_03_ASEReadCounter.table","NW_015090842.1:8991422",23,39,16
"CA5A","s1680_S_TNA_03_ASEReadCounter.table","NW_015090842.1:8991467",17,30,13
"CA5A","s1680_S_TNA_03_ASEReadCounter.table","NW_015090842.1:8991576",14,30,16
"CA5A","s1680_S_TNA_03_ASEReadCounter.table","NW_015090842.1:8991587",19,35,16
"CA5A","s1680_S_TNA_03_ASEReadCounter.table","NW_015090842.1:8991655",20,46,26
"CA5A","s1680_S_TNA_03_ASEReadCounter.table","NW_015090842.1:8991717",16,31,15
"CA5A","s1680_S_TNA_03_ASEReadCounter.table","NW_015090842.1:8991726",12,25,13
"CA5A","s1680_S_TNA_03_ASEReadCounter.table","NW_015090842.1:8991799",13,32,19
"CA5A","s1680_S_TNA_03_ASEReadCounter.table","NW_015090842.1:8991809",13,31,18
"CA5A","s1680_S_TNA_03_ASEReadCounter.table","NW_015090842.1:8991848",9,25,16
"CA5A","s1680_S_TNA_03_ASEReadCounter.table","NW_015090842.1:8991849",9,25,16
"CA5A","s1680_S_TNA_03_ASEReadCounter.table","NW_015090842.1:8991927",15,27,12
"CA5A","s1680_S_TNA_03_ASEReadCounter.table","NW_015090842.1:8991941",13,23,10
"CA5A","s1680_S_TNA_03_ASEReadCounter.table","NW_015090842.1:8992121",18,26,8
"CA5A","s1680_S_TNA_03_ASEReadCounter.table","NW_015090842.1:8992224",11,22,11
"CA5A","s1680_S_TNA_03_ASEReadCounter.table","NW_015090842.1:9002570",4,10,6
"CA5A","s1680_S_TNA_03_ASEReadCounter.table","NW_015090842.1:9002600",3,10,7
"CA5A","s1680_S_TNA_03_ASEReadCounter.table","NW_015090842.1:9004312",3,6,3
"CA5A","s1680_S_TNA_03_ASEReadCounter.table","NW_015090842.1:9004523",2,2,0
"CA5A","s1680_S_TNA_03_ASEReadCounter.table","NW_015090842.1:9004530",2,2,0
"CA5A","s1680_S_TNA_03_ASEReadCounter.table","NW_015090842.1:9004556",2,2,0
"CA5A","s1680_S_TNA_03_ASEReadCounter.table","NW_015090842.1:9004620",1,2,1
"CA5A","s1680_S_TNA_03_ASEReadCounter.table","NW_015090842.1:9005116",2,4,2
"CA5A","s1680_S_TNA_03_ASEReadCounter.table","NW_015090842.1:9005120",2,4,2
"CA5A","s1680_S_TNA_03_ASEReadCounter.table","NW_015090842.1:9005140",2,4,2
"CA5A","s1680_S_TNA_03_ASEReadCounter.table","NW_015090842.1:9005152",2,4,2
"BANP","s1680_S_TNA_03_ASEReadCounter.table","NW_015090842.1:9033407",1,5,4
"BANP","s1680_S_TNA_03_ASEReadCounter.table","NW_015090842.1:9033409",1,5,4
"BANP","s1680_S_TNA_03_ASEReadCounter.table","NW_015090842.1:9033420",1,4,3
"BANP","s1680_S_TNA_03_ASEReadCounter.table","NW_015090842.1:9055284",3,6,3
"ZC3H18","s1680_S_TNA_03_ASEReadCounter.table","NW_015090842.1:9528933",24,41,17
"MVD","s1680_S_TNA_03_ASEReadCounter.table","NW_015090842.1:9550690",61,61,0
"MVD","s1680_S_TNA_03_ASEReadCounter.table","NW_015090842.1:9550691",62,62,0
"MVD","s1680_S_TNA_03_ASEReadCounter.table","NW_015090842.1:9550699",73,73,0
"MVD","s1680_S_TNA_03_ASEReadCounter.table","NW_015090842.1:9550701",72,72,0
"MVD","s1680_S_TNA_03_ASEReadCounter.table","NW_015090842.1:9552202",64,64,0
"MVD","s1680_S_TNA_03_ASEReadCounter.table","NW_015090842.1:9552223",65,65,0
"MVD","s1680_S_TNA_03_ASEReadCounter.table","NW_015090842.1:9552533",60,60,0
"MVD","s1680_S_TNA_03_ASEReadCounter.table","NW_015090842.1:9552644",27,48,21
"PIEZO1","s1680_S_TNA_03_ASEReadCounter.table","NW_015090842.1:9577447",1,5,4
"PIEZO1","s1680_S_TNA_03_ASEReadCounter.table","NW_015090842.1:9579101",3,4,1
"PIEZO1","s1680_S_TNA_03_ASEReadCounter.table","NW_015090842.1:9582630",1,3,2
"PIEZO1","s1680_S_TNA_03_ASEReadCounter.table","NW_015090842.1:9582976",0,2,2
"PIEZO1","s1680_S_TNA_03_ASEReadCounter.table","NW_015090842.1:9583326",1,1,0
"CDT1","s1680_S_TNA_03_ASEReadCounter.table","NW_015090842.1:9596711",1,2,1
"CDT1","s1680_S_TNA_03_ASEReadCounter.table","NW_015090842.1:9597033",5,5,0
"CDT1","s1680_S_TNA_03_ASEReadCounter.table","NW_015090842.1:9597756",1,3,2
"CDT1","s1680_S_TNA_03_ASEReadCounter.table","NW_015090842.1:9598873",15,15,0
"ACSF3","s1680_S_TNA_03_ASEReadCounter.table","NW_015090842.1:9776737",2,5,3
"ACSF3","s1680_S_TNA_03_ASEReadCounter.table","NW_015090842.1:9809639",41,41,0
"ACSF3","s1680_S_TNA_03_ASEReadCounter.table","NW_015090842.1:9834743",29,56,27
"ACSF3","s1680_S_TNA_03_ASEReadCounter.table","NW_015090842.1:9834762",60,60,0
"ACSF3","s1680_S_TNA_03_ASEReadCounter.table","NW_015090842.1:9834852",38,61,23
"ACSF3","s1680_S_TNA_03_ASEReadCounter.table","NW_015090842.1:9834861",32,54,22
"ACSF3","s1680_S_TNA_03_ASEReadCounter.table","NW_015090842.1:9839359",16,41,25
"ACSF3","s1680_S_TNA_03_ASEReadCounter.table","NW_015090842.1:9839378",14,33,19
"ACSF3","s1680_S_TNA_03_ASEReadCounter.table","NW_015090842.1:9839455",14,32,18
"ACSF3","s1680_S_TNA_03_ASEReadCounter.table","NW_015090842.1:9839457",14,31,17
"ACSF3","s1680_S_TNA_03_ASEReadCounter.table","NW_015090842.1:9839489",9,26,17
"ACSF3","s1680_S_TNA_03_ASEReadCounter.table","NW_015090842.1:9839500",12,27,15
"ACSF3","s1680_S_TNA_03_ASEReadCounter.table","NW_015090842.1:9839501",12,26,14
"ACSF3","s1680_S_TNA_03_ASEReadCounter.table","NW_015090842.1:9839504",13,28,15
"ACSF3","s1680_S_TNA_03_ASEReadCounter.table","NW_015090842.1:9839512",13,25,12
"ACSF3","s1680_S_TNA_03_ASEReadCounter.table","NW_015090842.1:9839527",9,19,10
"ACSF3","s1680_S_TNA_03_ASEReadCounter.table","NW_015090842.1:9839533",6,14,8
"ACSF3","s1680_S_TNA_03_ASEReadCounter.table","NW_015090842.1:9839535",6,14,8
"ACSF3","s1680_S_TNA_03_ASEReadCounter.table","NW_015090842.1:9839545",4,9,5
"ACSF3","s1680_S_TNA_03_ASEReadCounter.table","NW_015090842.1:9839550",4,9,5
"ACSF3","s1680_S_TNA_03_ASEReadCounter.table","NW_015090842.1:9839551",4,9,5
"CDH15","s1680_S_TNA_03_ASEReadCounter.table","NW_015090842.1:9847163",2,3,1
"CDH15","s1680_S_TNA_03_ASEReadCounter.table","NW_015090842.1:9847174",2,3,1
"CDH15","s1680_S_TNA_03_ASEReadCounter.table","NW_015090842.1:9848220",1,1,0
"CDH15","s1680_S_TNA_03_ASEReadCounter.table","NW_015090842.1:9848265",1,1,0
"CDH15","s1680_S_TNA_03_ASEReadCounter.table","NW_015090842.1:9848531",1,1,0
"CDH15","s1680_S_TNA_03_ASEReadCounter.table","NW_015090842.1:9848552",2,2,0
"CDH15","s1680_S_TNA_03_ASEReadCounter.table","NW_015090842.1:9849086",1,2,1
"CDH15","s1680_S_TNA_03_ASEReadCounter.table","NW_015090842.1:9849119",1,2,1
"CDH15","s1680_S_TNA_03_ASEReadCounter.table","NW_015090842.1:9849140",1,2,1
"CDH15","s1680_S_TNA_03_ASEReadCounter.table","NW_015090842.1:9849473",1,1,0
"CDH15","s1680_S_TNA_03_ASEReadCounter.table","NW_015090842.1:9850386",0,1,1
"CDH15","s1680_S_TNA_03_ASEReadCounter.table","NW_015090842.1:9850609",0,1,1
"SLC22A31","s1680_S_TNA_03_ASEReadCounter.table","NW_015090842.1:9850797",1,2,1
"SLC22A31","s1680_S_TNA_03_ASEReadCounter.table","NW_015090842.1:9850818",1,2,1
"SLC22A31","s1680_S_TNA_03_ASEReadCounter.table","NW_015090842.1:9850929",1,4,3
"SLC22A31","s1680_S_TNA_03_ASEReadCounter.table","NW_015090842.1:9850936",1,4,3
"SLC22A31","s1680_S_TNA_03_ASEReadCounter.table","NW_015090842.1:9850940",1,4,3
"SLC22A31","s1680_S_TNA_03_ASEReadCounter.table","NW_015090842.1:9850948",1,4,3
"SLC22A31","s1680_S_TNA_03_ASEReadCounter.table","NW_015090842.1:9850961",1,3,2
"SLC22A31","s1680_S_TNA_03_ASEReadCounter.table","NW_015090842.1:9850970",1,3,2
"SLC22A31","s1680_S_TNA_03_ASEReadCounter.table","NW_015090842.1:9850978",1,3,2
"SLC22A31","s1680_S_TNA_03_ASEReadCounter.table","NW_015090842.1:9850981",1,3,2
"SLC22A31","s1680_S_TNA_03_ASEReadCounter.table","NW_015090842.1:9851032",0,1,1
"SLC22A31","s1680_S_TNA_03_ASEReadCounter.table","NW_015090842.1:9851130",6,14,8
"SLC22A31","s1680_S_TNA_03_ASEReadCounter.table","NW_015090842.1:9851139",6,15,9
"SLC22A31","s1680_S_TNA_03_ASEReadCounter.table","NW_015090842.1:9851265",12,22,10
"SLC22A31","s1680_S_TNA_03_ASEReadCounter.table","NW_015090842.1:9851302",18,31,13
"SLC22A31","s1680_S_TNA_03_ASEReadCounter.table","NW_015090842.1:9851303",19,32,13
"SLC22A31","s1680_S_TNA_03_ASEReadCounter.table","NW_015090842.1:9851305",19,32,13
"SLC22A31","s1680_S_TNA_03_ASEReadCounter.table","NW_015090842.1:9851343",19,28,9
"SLC22A31","s1680_S_TNA_03_ASEReadCounter.table","NW_015090842.1:9851344",20,30,10
"SLC22A31","s1680_S_TNA_03_ASEReadCounter.table","NW_015090842.1:9851381",22,36,14
"SLC22A31","s1680_S_TNA_03_ASEReadCounter.table","NW_015090842.1:9851421",19,31,12
"SLC22A31","s1680_S_TNA_03_ASEReadCounter.table","NW_015090842.1:9851526",13,27,14
"SLC22A31","s1680_S_TNA_03_ASEReadCounter.table","NW_015090842.1:9851589",14,26,12
"SLC22A31","s1680_S_TNA_03_ASEReadCounter.table","NW_015090842.1:9851712",9,22,13
"SLC22A31","s1680_S_TNA_03_ASEReadCounter.table","NW_015090842.1:9851899",7,22,15
"SLC22A31","s1680_S_TNA_03_ASEReadCounter.table","NW_015090842.1:9852139",10,22,12
"SLC22A31","s1680_S_TNA_03_ASEReadCounter.table","NW_015090842.1:9852380",10,22,12
"SLC22A31","s1680_S_TNA_03_ASEReadCounter.table","NW_015090842.1:9852431",7,18,11
"SLC22A31","s1680_S_TNA_03_ASEReadCounter.table","NW_015090842.1:9852630",6,16,10
"SLC22A31","s1680_S_TNA_03_ASEReadCounter.table","NW_015090842.1:9852711",3,9,6
"SLC22A31","s1680_S_TNA_03_ASEReadCounter.table","NW_015090842.1:9852742",3,11,8
"SLC22A31","s1680_S_TNA_03_ASEReadCounter.table","NW_015090842.1:9853099",3,7,4
"SLC22A31","s1680_S_TNA_03_ASEReadCounter.table","NW_015090842.1:9853102",4,8,4
"SLC22A31","s1680_S_TNA_03_ASEReadCounter.table","NW_015090842.1:9853421",4,4,0
"SLC22A31","s1680_S_TNA_03_ASEReadCounter.table","NW_015090842.1:9853457",2,2,0
"SLC22A31","s1680_S_TNA_03_ASEReadCounter.table","NW_015090842.1:9853502",5,5,0
"ANKRD11","s1680_S_TNA_03_ASEReadCounter.table","NW_015090842.1:9858863",12,25,13
"ANKRD11","s1680_S_TNA_03_ASEReadCounter.table","NW_015090842.1:9859101",164,343,179
"ANKRD11","s1680_S_TNA_03_ASEReadCounter.table","NW_015090842.1:9859352",153,377,224
"ANKRD11","s1680_S_TNA_03_ASEReadCounter.table","NW_015090842.1:9859381",35,208,173
"ANKRD11","s1680_S_TNA_03_ASEReadCounter.table","NW_015090842.1:9859527",96,181,85
"ANKRD11","s1680_S_TNA_03_ASEReadCounter.table","NW_015090842.1:9859529",96,178,82
"ANKRD11","s1680_S_TNA_03_ASEReadCounter.table","NW_015090842.1:9859679",182,362,180
"ANKRD11","s1680_S_TNA_03_ASEReadCounter.table","NW_015090842.1:9861097",99,226,127
"ANKRD11","s1680_S_TNA_03_ASEReadCounter.table","NW_015090842.1:9862571",74,134,60
"ANKRD11","s1680_S_TNA_03_ASEReadCounter.table","NW_015090842.1:9866071",0,73,73
"ANKRD11","s1680_S_TNA_03_ASEReadCounter.table","NW_015090842.1:9866200",0,57,57
"ANKRD11","s1680_S_TNA_03_ASEReadCounter.table","NW_015090842.1:9867391",18,38,20
"ANKRD11","s1680_S_TNA_03_ASEReadCounter.table","NW_015090842.1:9867472",25,46,21
"ANKRD11","s1680_S_TNA_03_ASEReadCounter.table","NW_015090842.1:9867559",29,55,26
"ANKRD11","s1680_S_TNA_03_ASEReadCounter.table","NW_015090842.1:9867934",32,61,29
"ANKRD11","s1680_S_TNA_03_ASEReadCounter.table","NW_015090842.1:9868093",38,67,29
"ANKRD11","s1680_S_TNA_03_ASEReadCounter.table","NW_015090842.1:9868222",34,57,23
"ANKRD11","s1680_S_TNA_03_ASEReadCounter.table","NW_015090842.1:9868327",44,86,42
"ANKRD11","s1680_S_TNA_03_ASEReadCounter.table","NW_015090842.1:9868414",54,111,57
"ANKRD11","s1680_S_TNA_03_ASEReadCounter.table","NW_015090842.1:9868441",63,114,51
"ANKRD11","s1680_S_TNA_03_ASEReadCounter.table","NW_015090842.1:9868444",61,121,60
"ANKRD11","s1680_S_TNA_03_ASEReadCounter.table","NW_015090842.1:9868519",77,160,83
"ANKRD11","s1680_S_TNA_03_ASEReadCounter.table","NW_015090842.1:9868609",91,159,68
"ANKRD11","s1680_S_TNA_03_ASEReadCounter.table","NW_015090842.1:9868666",111,220,109
"ANKRD11","s1680_S_TNA_03_ASEReadCounter.table","NW_015090842.1:9869431",184,372,188
"ANKRD11","s1680_S_TNA_03_ASEReadCounter.table","NW_015090842.1:9869578",255,505,250
"ANKRD11","s1680_S_TNA_03_ASEReadCounter.table","NW_015090842.1:9869734",265,551,286
"ANKRD11","s1680_S_TNA_03_ASEReadCounter.table","NW_015090842.1:9870070",257,557,300
"ANKRD11","s1680_S_TNA_03_ASEReadCounter.table","NW_015090842.1:9870349",320,649,329
"ANKRD11","s1680_S_TNA_03_ASEReadCounter.table","NW_015090842.1:9870604",303,632,329
"ANKRD11","s1680_S_TNA_03_ASEReadCounter.table","NW_015090842.1:9870613",330,692,362
"ANKRD11","s1680_S_TNA_03_ASEReadCounter.table","NW_015090842.1:9870685",381,854,473
"ANKRD11","s1680_S_TNA_03_ASEReadCounter.table","NW_015090842.1:9870847",342,710,368
"ANKRD11","s1680_S_TNA_03_ASEReadCounter.table","NW_015090842.1:9871103",243,472,229
"ANKRD11","s1680_S_TNA_03_ASEReadCounter.table","NW_015090842.1:9871165",263,543,280
"ANKRD11","s1680_S_TNA_03_ASEReadCounter.table","NW_015090842.1:9871820",64,116,52
"ANKRD11","s1680_S_TNA_03_ASEReadCounter.table","NW_015090842.1:9871994",112,112,0
"ANKRD11","s1680_S_TNA_03_ASEReadCounter.table","NW_015090842.1:9872118",50,112,62
"SPG7","s1680_S_TNA_03_ASEReadCounter.table","NW_015090842.1:10051190",54,117,63
"SPG7","s1680_S_TNA_03_ASEReadCounter.table","NW_015090842.1:10051218",50,133,83
"SPG7","s1680_S_TNA_03_ASEReadCounter.table","NW_015090842.1:10052348",82,147,65
"SPG7","s1680_S_TNA_03_ASEReadCounter.table","NW_015090842.1:10052366",85,155,70
"SPG7","s1680_S_TNA_03_ASEReadCounter.table","NW_015090842.1:10065173",111,215,104
"SPG7","s1680_S_TNA_03_ASEReadCounter.table","NW_015090842.1:10065215",99,201,102
"SPG7","s1680_S_TNA_03_ASEReadCounter.table","NW_015090842.1:10066301",87,178,91
"SPG7","s1680_S_TNA_03_ASEReadCounter.table","NW_015090842.1:10066365",95,176,81
"SPG7","s1680_S_TNA_03_ASEReadCounter.table","NW_015090842.1:10069752",132,249,117
"SPG7","s1680_S_TNA_03_ASEReadCounter.table","NW_015090842.1:10069800",142,277,135
"SPG7","s1680_S_TNA_03_ASEReadCounter.table","NW_015090842.1:10071192",153,306,153
"SPG7","s1680_S_TNA_03_ASEReadCounter.table","NW_015090842.1:10071204",153,293,140
"SPG7","s1680_S_TNA_03_ASEReadCounter.table","NW_015090842.1:10071219",150,287,137
"SPG7","s1680_S_TNA_03_ASEReadCounter.table","NW_015090842.1:10071967",154,310,156
"SPG7","s1680_S_TNA_03_ASEReadCounter.table","NW_015090842.1:10075109",278,516,238
"SPG7","s1680_S_TNA_03_ASEReadCounter.table","NW_015090842.1:10075114",291,520,229
"SPG7","s1680_S_TNA_03_ASEReadCounter.table","NW_015090842.1:10075198",242,433,191
"SPG7","s1680_S_TNA_03_ASEReadCounter.table","NW_015090842.1:10075487",207,432,225
"SPG7","s1680_S_TNA_03_ASEReadCounter.table","NW_015090842.1:10075488",206,437,231
"SPG7","s1680_S_TNA_03_ASEReadCounter.table","NW_015090842.1:10075548",125,303,178
"RPL13","s1680_S_TNA_03_ASEReadCounter.table","NW_015090842.1:10076979",3,4,1
"RPL13","s1680_S_TNA_03_ASEReadCounter.table","NW_015090842.1:10077387",318,685,367
"RPL13","s1680_S_TNA_03_ASEReadCounter.table","NW_015090842.1:10077978",535,1105,570
"RPL13","s1680_S_TNA_03_ASEReadCounter.table","NW_015090842.1:10077992",531,1059,528
"CPNE7","s1680_S_TNA_03_ASEReadCounter.table","NW_015090842.1:10084001",67,140,73
"CPNE7","s1680_S_TNA_03_ASEReadCounter.table","NW_015090842.1:10084856",40,97,57
"CPNE7","s1680_S_TNA_03_ASEReadCounter.table","NW_015090842.1:10084872",43,105,62
"CPNE7","s1680_S_TNA_03_ASEReadCounter.table","NW_015090842.1:10084892",52,115,63
"CPNE7","s1680_S_TNA_03_ASEReadCounter.table","NW_015090842.1:10084921",56,128,72
"CPNE7","s1680_S_TNA_03_ASEReadCounter.table","NW_015090842.1:10084935",57,130,73
"CPNE7","s1680_S_TNA_03_ASEReadCounter.table","NW_015090842.1:10085000",53,131,78
"CPNE7","s1680_S_TNA_03_ASEReadCounter.table","NW_015090842.1:10085089",54,114,60
"CPNE7","s1680_S_TNA_03_ASEReadCounter.table","NW_015090842.1:10085096",56,117,61
"CPNE7","s1680_S_TNA_03_ASEReadCounter.table","NW_015090842.1:10085126",54,115,61
"CPNE7","s1680_S_TNA_03_ASEReadCounter.table","NW_015090842.1:10085180",58,121,63
"CPNE7","s1680_S_TNA_03_ASEReadCounter.table","NW_015090842.1:10085201",57,117,60
"CPNE7","s1680_S_TNA_03_ASEReadCounter.table","NW_015090842.1:10088134",126,290,164
"CPNE7","s1680_S_TNA_03_ASEReadCounter.table","NW_015090842.1:10088146",124,283,159
"CPNE7","s1680_S_TNA_03_ASEReadCounter.table","NW_015090842.1:10088940",215,449,234
"CPNE7","s1680_S_TNA_03_ASEReadCounter.table","NW_015090842.1:10088965",211,441,230
"CPNE7","s1680_S_TNA_03_ASEReadCounter.table","NW_015090842.1:10088967",212,436,224
"CPNE7","s1680_S_TNA_03_ASEReadCounter.table","NW_015090842.1:10088973",212,442,230
"CPNE7","s1680_S_TNA_03_ASEReadCounter.table","NW_015090842.1:10090924",384,756,372
"CPNE7","s1680_S_TNA_03_ASEReadCounter.table","NW_015090842.1:10090930",378,754,376
"CPNE7","s1680_S_TNA_03_ASEReadCounter.table","NW_015090842.1:10091075",370,762,392
"CPNE7","s1680_S_TNA_03_ASEReadCounter.table","NW_015090842.1:10091389",402,944,542
"CPNE7","s1680_S_TNA_03_ASEReadCounter.table","NW_015090842.1:10091407",453,1010,557
"CPNE7","s1680_S_TNA_03_ASEReadCounter.table","NW_015090842.1:10091530",437,987,550
"CPNE7","s1680_S_TNA_03_ASEReadCounter.table","NW_015090842.1:10091875",539,1212,673
"CPNE7","s1680_S_TNA_03_ASEReadCounter.table","NW_015090842.1:10091983",515,1077,562
"CPNE7","s1680_S_TNA_03_ASEReadCounter.table","NW_015090842.1:10091997",523,1106,583
"CPNE7","s1680_S_TNA_03_ASEReadCounter.table","NW_015090842.1:10092038",280,691,411
"CPNE7","s1680_S_TNA_03_ASEReadCounter.table","NW_015090842.1:10092140",366,858,492
"CPNE7","s1680_S_TNA_03_ASEReadCounter.table","NW_015090842.1:10092183",314,634,320
"CPNE7","s1680_S_TNA_03_ASEReadCounter.table","NW_015090842.1:10092201",278,541,263
"CPNE7","s1680_S_TNA_03_ASEReadCounter.table","NW_015090842.1:10092230",205,387,182
"CPNE7","s1680_S_TNA_03_ASEReadCounter.table","NW_015090842.1:10092246",124,259,135
"LOC106888185","s1680_S_TNA_03_ASEReadCounter.table","NW_015090842.1:10094965",1,3,2
"LOC106888185","s1680_S_TNA_03_ASEReadCounter.table","NW_015090842.1:10094966",2,4,2
"LOC106888185","s1680_S_TNA_03_ASEReadCounter.table","NW_015090842.1:10094985",1,3,2
"LOC106888185","s1680_S_TNA_03_ASEReadCounter.table","NW_015090842.1:10095055",0,1,1
"LOC106888185","s1680_S_TNA_03_ASEReadCounter.table","NW_015090842.1:10095062",0,1,1
"LOC106888185","s1680_S_TNA_03_ASEReadCounter.table","NW_015090842.1:10095265",3,7,4
"LOC106888185","s1680_S_TNA_03_ASEReadCounter.table","NW_015090842.1:10095586",2,8,6
"LOC106888185","s1680_S_TNA_03_ASEReadCounter.table","NW_015090842.1:10095593",2,8,6
"LOC106888185","s1680_S_TNA_03_ASEReadCounter.table","NW_015090842.1:10095616",2,7,5
"LOC106888185","s1680_S_TNA_03_ASEReadCounter.table","NW_015090842.1:10095662",2,7,5
"LOC106888185","s1680_S_TNA_03_ASEReadCounter.table","NW_015090842.1:10095674",1,6,5
"LOC106888185","s1680_S_TNA_03_ASEReadCounter.table","NW_015090842.1:10095786",1,5,4
"LOC106888185","s1680_S_TNA_03_ASEReadCounter.table","NW_015090842.1:10095831",0,6,6
"LOC106888185","s1680_S_TNA_03_ASEReadCounter.table","NW_015090842.1:10096230",0,1,1
"LOC106888185","s1680_S_TNA_03_ASEReadCounter.table","NW_015090842.1:10096249",0,2,2
"LOC106888185","s1680_S_TNA_03_ASEReadCounter.table","NW_015090842.1:10096272",1,5,4
"LOC106888185","s1680_S_TNA_03_ASEReadCounter.table","NW_015090842.1:10096288",1,5,4
"LOC106888185","s1680_S_TNA_03_ASEReadCounter.table","NW_015090842.1:10097248",0,2,2
"LOC106888185","s1680_S_TNA_03_ASEReadCounter.table","NW_015090842.1:10097265",0,3,3
"LOC106888185","s1680_S_TNA_03_ASEReadCounter.table","NW_015090842.1:10097446",0,2,2
"DPEP1","s1680_S_TNA_03_ASEReadCounter.table","NW_015090842.1:10098017",0,1,1
"DPEP1","s1680_S_TNA_03_ASEReadCounter.table","NW_015090842.1:10098518",0,2,2
"DPEP1","s1680_S_TNA_03_ASEReadCounter.table","NW_015090842.1:10098595",1,2,1
"DPEP1","s1680_S_TNA_03_ASEReadCounter.table","NW_015090842.1:10098597",1,2,1
"DPEP1","s1680_S_TNA_03_ASEReadCounter.table","NW_015090842.1:10098601",1,3,2
"DPEP1","s1680_S_TNA_03_ASEReadCounter.table","NW_015090842.1:10098608",1,3,2
"DPEP1","s1680_S_TNA_03_ASEReadCounter.table","NW_015090842.1:10098630",1,3,2
"DPEP1","s1680_S_TNA_03_ASEReadCounter.table","NW_015090842.1:10098659",1,4,3
"DPEP1","s1680_S_TNA_03_ASEReadCounter.table","NW_015090842.1:10099765",1,2,1
"DPEP1","s1680_S_TNA_03_ASEReadCounter.table","NW_015090842.1:10099985",1,2,1
"DPEP1","s1680_S_TNA_03_ASEReadCounter.table","NW_015090842.1:10099986",1,2,1
"DPEP1","s1680_S_TNA_03_ASEReadCounter.table","NW_015090842.1:10099991",1,2,1
"DPEP1","s1680_S_TNA_03_ASEReadCounter.table","NW_015090842.1:10100044",1,3,2
"DPEP1","s1680_S_TNA_03_ASEReadCounter.table","NW_015090842.1:10100045",1,3,2
"DPEP1","s1680_S_TNA_03_ASEReadCounter.table","NW_015090842.1:10100084",1,2,1
"DPEP1","s1680_S_TNA_03_ASEReadCounter.table","NW_015090842.1:10100295",0,3,3
"DPEP1","s1680_S_TNA_03_ASEReadCounter.table","NW_015090842.1:10100529",0,2,2
"DPEP1","s1680_S_TNA_03_ASEReadCounter.table","NW_015090842.1:10100893",0,2,2
"DPEP1","s1680_S_TNA_03_ASEReadCounter.table","NW_015090842.1:10100902",0,2,2
"DPEP1","s1680_S_TNA_03_ASEReadCounter.table","NW_015090842.1:10101072",0,2,2
"DPEP1","s1680_S_TNA_03_ASEReadCounter.table","NW_015090842.1:10101199",0,1,1
"DPEP1","s1680_S_TNA_03_ASEReadCounter.table","NW_015090842.1:10101483",0,2,2
"DPEP1","s1680_S_TNA_03_ASEReadCounter.table","NW_015090842.1:10101497",0,2,2
"DPEP1","s1680_S_TNA_03_ASEReadCounter.table","NW_015090842.1:10101525",0,2,2
"DPEP1","s1680_S_TNA_03_ASEReadCounter.table","NW_015090842.1:10101875",0,3,3
"DPEP1","s1680_S_TNA_03_ASEReadCounter.table","NW_015090842.1:10101913",0,3,3
"DPEP1","s1680_S_TNA_03_ASEReadCounter.table","NW_015090842.1:10101996",0,1,1
"DPEP1","s1680_S_TNA_03_ASEReadCounter.table","NW_015090842.1:10102014",0,1,1
"DPEP1","s1680_S_TNA_03_ASEReadCounter.table","NW_015090842.1:10102035",0,1,1
"CHMP1A","s1680_S_TNA_03_ASEReadCounter.table","NW_015090842.1:10102901",70,160,90
"CHMP1A","s1680_S_TNA_03_ASEReadCounter.table","NW_015090842.1:10102961",50,164,114
"CHMP1A","s1680_S_TNA_03_ASEReadCounter.table","NW_015090842.1:10102996",36,147,111
"CHMP1A","s1680_S_TNA_03_ASEReadCounter.table","NW_015090842.1:10103004",41,151,110
"CHMP1A","s1680_S_TNA_03_ASEReadCounter.table","NW_015090842.1:10103006",41,154,113
"CHMP1A","s1680_S_TNA_03_ASEReadCounter.table","NW_015090842.1:10103052",88,195,107
"CHMP1A","s1680_S_TNA_03_ASEReadCounter.table","NW_015090842.1:10103095",93,201,108
"CHMP1A","s1680_S_TNA_03_ASEReadCounter.table","NW_015090842.1:10103096",94,201,107
"CHMP1A","s1680_S_TNA_03_ASEReadCounter.table","NW_015090842.1:10103152",71,155,84
"CHMP1A","s1680_S_TNA_03_ASEReadCounter.table","NW_015090842.1:10103334",32,91,59
"CHMP1A","s1680_S_TNA_03_ASEReadCounter.table","NW_015090842.1:10103373",23,100,77
"CHMP1A","s1680_S_TNA_03_ASEReadCounter.table","NW_015090842.1:10103408",40,126,86
"CHMP1A","s1680_S_TNA_03_ASEReadCounter.table","NW_015090842.1:10103412",47,126,79
"CHMP1A","s1680_S_TNA_03_ASEReadCounter.table","NW_015090842.1:10103512",60,129,69
"CHMP1A","s1680_S_TNA_03_ASEReadCounter.table","NW_015090842.1:10103513",60,128,68
"CHMP1A","s1680_S_TNA_03_ASEReadCounter.table","NW_015090842.1:10103583",40,90,50
"CHMP1A","s1680_S_TNA_03_ASEReadCounter.table","NW_015090842.1:10103614",41,90,49
"CHMP1A","s1680_S_TNA_03_ASEReadCounter.table","NW_015090842.1:10103657",46,105,59
"CHMP1A","s1680_S_TNA_03_ASEReadCounter.table","NW_015090842.1:10103669",38,97,59
"CHMP1A","s1680_S_TNA_03_ASEReadCounter.table","NW_015090842.1:10103674",35,93,58
"CHMP1A","s1680_S_TNA_03_ASEReadCounter.table","NW_015090842.1:10103677",33,92,59
"CHMP1A","s1680_S_TNA_03_ASEReadCounter.table","NW_015090842.1:10103729",36,95,59
"CHMP1A","s1680_S_TNA_03_ASEReadCounter.table","NW_015090842.1:10103758",38,90,52
"CHMP1A","s1680_S_TNA_03_ASEReadCounter.table","NW_015090842.1:10103761",34,87,53
"CHMP1A","s1680_S_TNA_03_ASEReadCounter.table","NW_015090842.1:10103788",51,108,57
"CHMP1A","s1680_S_TNA_03_ASEReadCounter.table","NW_015090842.1:10103789",54,111,57
"CHMP1A","s1680_S_TNA_03_ASEReadCounter.table","NW_015090842.1:10103790",53,108,55
"CHMP1A","s1680_S_TNA_03_ASEReadCounter.table","NW_015090842.1:10103950",53,94,41
"CHMP1A","s1680_S_TNA_03_ASEReadCounter.table","NW_015090842.1:10104335",34,67,33
"CHMP1A","s1680_S_TNA_03_ASEReadCounter.table","NW_015090842.1:10104429",41,84,43
"CHMP1A","s1680_S_TNA_03_ASEReadCounter.table","NW_015090842.1:10104532",39,82,43
"CHMP1A","s1680_S_TNA_03_ASEReadCounter.table","NW_015090842.1:10104633",34,78,44
"CHMP1A","s1680_S_TNA_03_ASEReadCounter.table","NW_015090842.1:10104759",24,60,36
"CHMP1A","s1680_S_TNA_03_ASEReadCounter.table","NW_015090842.1:10104794",33,66,33
"CHMP1A","s1680_S_TNA_03_ASEReadCounter.table","NW_015090842.1:10104844",22,47,25
"CHMP1A","s1680_S_TNA_03_ASEReadCounter.table","NW_015090842.1:10106290",26,48,22
"CHMP1A","s1680_S_TNA_03_ASEReadCounter.table","NW_015090842.1:10106335",26,56,30
"CHMP1A","s1680_S_TNA_03_ASEReadCounter.table","NW_015090842.1:10106383",40,75,35
"CHMP1A","s1680_S_TNA_03_ASEReadCounter.table","NW_015090842.1:10106747",30,59,29
"CHMP1A","s1680_S_TNA_03_ASEReadCounter.table","NW_015090842.1:10107404",23,52,29
"CHMP1A","s1680_S_TNA_03_ASEReadCounter.table","NW_015090842.1:10107410",26,56,30
"CHMP1A","s1680_S_TNA_03_ASEReadCounter.table","NW_015090842.1:10107876",25,45,20
"CDK10","s1680_S_TNA_03_ASEReadCounter.table","NW_015090842.1:10109030",6,8,2
"CDK10","s1680_S_TNA_03_ASEReadCounter.table","NW_015090842.1:10109963",26,74,48
"CDK10","s1680_S_TNA_03_ASEReadCounter.table","NW_015090842.1:10110887",28,74,46
"CDK10","s1680_S_TNA_03_ASEReadCounter.table","NW_015090842.1:10111254",28,62,34
"CDK10","s1680_S_TNA_03_ASEReadCounter.table","NW_015090842.1:10111380",29,71,42
"CDK10","s1680_S_TNA_03_ASEReadCounter.table","NW_015090842.1:10111395",26,65,39
"CDK10","s1680_S_TNA_03_ASEReadCounter.table","NW_015090842.1:10111437",16,67,51
"CDK10","s1680_S_TNA_03_ASEReadCounter.table","NW_015090842.1:10111798",35,103,68
"CDK10","s1680_S_TNA_03_ASEReadCounter.table","NW_015090842.1:10111840",41,113,72
"CDK10","s1680_S_TNA_03_ASEReadCounter.table","NW_015090842.1:10112031",42,136,94
"CDK10","s1680_S_TNA_03_ASEReadCounter.table","NW_015090842.1:10112285",33,124,91
"CDK10","s1680_S_TNA_03_ASEReadCounter.table","NW_015090842.1:10112398",30,126,96
"CDK10","s1680_S_TNA_03_ASEReadCounter.table","NW_015090842.1:10112455",34,115,81
"CDK10","s1680_S_TNA_03_ASEReadCounter.table","NW_015090842.1:10112461",33,110,77
"CDK10","s1680_S_TNA_03_ASEReadCounter.table","NW_015090842.1:10112497",30,119,89
"CDK10","s1680_S_TNA_03_ASEReadCounter.table","NW_015090842.1:10112508",27,124,97
"CDK10","s1680_S_TNA_03_ASEReadCounter.table","NW_015090842.1:10112518",21,115,94
"CDK10","s1680_S_TNA_03_ASEReadCounter.table","NW_015090842.1:10112540",13,112,99
"CDK10","s1680_S_TNA_03_ASEReadCounter.table","NW_015090842.1:10112556",35,131,96
"CDK10","s1680_S_TNA_03_ASEReadCounter.table","NW_015090842.1:10112561",37,140,103
"CDK10","s1680_S_TNA_03_ASEReadCounter.table","NW_015090842.1:10112596",40,140,100
"CDK10","s1680_S_TNA_03_ASEReadCounter.table","NW_015090842.1:10112630",38,119,81
"CDK10","s1680_S_TNA_03_ASEReadCounter.table","NW_015090842.1:10112656",40,133,93
"CDK10","s1680_S_TNA_03_ASEReadCounter.table","NW_015090842.1:10112665",29,99,70
"CDK10","s1680_S_TNA_03_ASEReadCounter.table","NW_015090842.1:10112668",29,95,66
"CDK10","s1680_S_TNA_03_ASEReadCounter.table","NW_015090842.1:10112781",22,51,29
"CDK10","s1680_S_TNA_03_ASEReadCounter.table","NW_015090842.1:10112782",21,50,29
"CDK10","s1680_S_TNA_03_ASEReadCounter.table","NW_015090842.1:10112795",18,47,29
"CDK10","s1680_S_TNA_03_ASEReadCounter.table","NW_015090842.1:10112841",8,20,12
"CDK10","s1680_S_TNA_03_ASEReadCounter.table","NW_015090842.1:10112861",8,17,9
"SPATA2L","s1680_S_TNA_03_ASEReadCounter.table","NW_015090842.1:10113212",30,80,50
"SPATA2L","s1680_S_TNA_03_ASEReadCounter.table","NW_015090842.1:10113280",52,137,85
"SPATA2L","s1680_S_TNA_03_ASEReadCounter.table","NW_015090842.1:10113296",53,145,92
"SPATA2L","s1680_S_TNA_03_ASEReadCounter.table","NW_015090842.1:10113321",63,169,106
"SPATA2L","s1680_S_TNA_03_ASEReadCounter.table","NW_015090842.1:10113332",65,187,122
"SPATA2L","s1680_S_TNA_03_ASEReadCounter.table","NW_015090842.1:10113380",65,182,117
"SPATA2L","s1680_S_TNA_03_ASEReadCounter.table","NW_015090842.1:10113381",64,185,121
"SPATA2L","s1680_S_TNA_03_ASEReadCounter.table","NW_015090842.1:10113412",70,195,125
"SPATA2L","s1680_S_TNA_03_ASEReadCounter.table","NW_015090842.1:10113421",71,190,119
"SPATA2L","s1680_S_TNA_03_ASEReadCounter.table","NW_015090842.1:10113465",70,163,93
"SPATA2L","s1680_S_TNA_03_ASEReadCounter.table","NW_015090842.1:10113535",69,157,88
"SPATA2L","s1680_S_TNA_03_ASEReadCounter.table","NW_015090842.1:10113645",83,199,116
"SPATA2L","s1680_S_TNA_03_ASEReadCounter.table","NW_015090842.1:10113682",104,241,137
"SPATA2L","s1680_S_TNA_03_ASEReadCounter.table","NW_015090842.1:10113696",88,218,130
"SPATA2L","s1680_S_TNA_03_ASEReadCounter.table","NW_015090842.1:10113727",82,242,160
"SPATA2L","s1680_S_TNA_03_ASEReadCounter.table","NW_015090842.1:10113729",234,234,0
"SPATA2L","s1680_S_TNA_03_ASEReadCounter.table","NW_015090842.1:10113799",88,234,146
"SPATA2L","s1680_S_TNA_03_ASEReadCounter.table","NW_015090842.1:10113809",94,248,154
"SPATA2L","s1680_S_TNA_03_ASEReadCounter.table","NW_015090842.1:10113827",103,252,149
"SPATA2L","s1680_S_TNA_03_ASEReadCounter.table","NW_015090842.1:10113831",110,265,155
"SPATA2L","s1680_S_TNA_03_ASEReadCounter.table","NW_015090842.1:10113894",81,217,136
"SPATA2L","s1680_S_TNA_03_ASEReadCounter.table","NW_015090842.1:10113905",63,204,141
"SPATA2L","s1680_S_TNA_03_ASEReadCounter.table","NW_015090842.1:10113914",64,194,130
"SPATA2L","s1680_S_TNA_03_ASEReadCounter.table","NW_015090842.1:10113920",70,198,128
"SPATA2L","s1680_S_TNA_03_ASEReadCounter.table","NW_015090842.1:10113937",74,209,135
"SPATA2L","s1680_S_TNA_03_ASEReadCounter.table","NW_015090842.1:10113971",59,188,129
"SPATA2L","s1680_S_TNA_03_ASEReadCounter.table","NW_015090842.1:10113976",58,200,142
"SPATA2L","s1680_S_TNA_03_ASEReadCounter.table","NW_015090842.1:10113985",68,178,110
"SPATA2L","s1680_S_TNA_03_ASEReadCounter.table","NW_015090842.1:10113994",77,197,120
"SPATA2L","s1680_S_TNA_03_ASEReadCounter.table","NW_015090842.1:10114063",59,156,97
"SPATA2L","s1680_S_TNA_03_ASEReadCounter.table","NW_015090842.1:10114066",60,158,98
"SPATA2L","s1680_S_TNA_03_ASEReadCounter.table","NW_015090842.1:10114069",61,160,99
"SPATA2L","s1680_S_TNA_03_ASEReadCounter.table","NW_015090842.1:10114159",38,98,60
"SPATA2L","s1680_S_TNA_03_ASEReadCounter.table","NW_015090842.1:10114262",116,116,0
"SPATA2L","s1680_S_TNA_03_ASEReadCounter.table","NW_015090842.1:10114470",30,95,65
"SPATA2L","s1680_S_TNA_03_ASEReadCounter.table","NW_015090842.1:10114524",24,81,57
"VPS9D1","s1680_S_TNA_03_ASEReadCounter.table","NW_015090842.1:10116377",37,102,65
"VPS9D1","s1680_S_TNA_03_ASEReadCounter.table","NW_015090842.1:10116415",40,107,67
"VPS9D1","s1680_S_TNA_03_ASEReadCounter.table","NW_015090842.1:10116607",39,93,54
"VPS9D1","s1680_S_TNA_03_ASEReadCounter.table","NW_015090842.1:10116821",28,74,46
"VPS9D1","s1680_S_TNA_03_ASEReadCounter.table","NW_015090842.1:10116825",28,71,43
"VPS9D1","s1680_S_TNA_03_ASEReadCounter.table","NW_015090842.1:10116882",28,78,50
"VPS9D1","s1680_S_TNA_03_ASEReadCounter.table","NW_015090842.1:10116933",24,77,53
"VPS9D1","s1680_S_TNA_03_ASEReadCounter.table","NW_015090842.1:10116942",23,81,58
"VPS9D1","s1680_S_TNA_03_ASEReadCounter.table","NW_015090842.1:10117152",16,60,44
"VPS9D1","s1680_S_TNA_03_ASEReadCounter.table","NW_015090842.1:10117480",15,48,33
"VPS9D1","s1680_S_TNA_03_ASEReadCounter.table","NW_015090842.1:10117497",16,48,32
"VPS9D1","s1680_S_TNA_03_ASEReadCounter.table","NW_015090842.1:10117499",17,49,32
"VPS9D1","s1680_S_TNA_03_ASEReadCounter.table","NW_015090842.1:10117516",15,56,41
"VPS9D1","s1680_S_TNA_03_ASEReadCounter.table","NW_015090842.1:10117525",15,56,41
"VPS9D1","s1680_S_TNA_03_ASEReadCounter.table","NW_015090842.1:10117579",13,48,35
"VPS9D1","s1680_S_TNA_03_ASEReadCounter.table","NW_015090842.1:10117627",19,48,29
"VPS9D1","s1680_S_TNA_03_ASEReadCounter.table","NW_015090842.1:10117678",17,49,32
"VPS9D1","s1680_S_TNA_03_ASEReadCounter.table","NW_015090842.1:10117773",28,72,44
"VPS9D1","s1680_S_TNA_03_ASEReadCounter.table","NW_015090842.1:10117937",23,59,36
"VPS9D1","s1680_S_TNA_03_ASEReadCounter.table","NW_015090842.1:10117961",20,56,36
"VPS9D1","s1680_S_TNA_03_ASEReadCounter.table","NW_015090842.1:10118236",16,65,49
"VPS9D1","s1680_S_TNA_03_ASEReadCounter.table","NW_015090842.1:10118414",17,58,41
"VPS9D1","s1680_S_TNA_03_ASEReadCounter.table","NW_015090842.1:10118973",18,59,41
"VPS9D1","s1680_S_TNA_03_ASEReadCounter.table","NW_015090842.1:10119500",16,44,28
"ZNF276","s1680_S_TNA_03_ASEReadCounter.table","NW_015090842.1:10121760",0,3,3
"ZNF276","s1680_S_TNA_03_ASEReadCounter.table","NW_015090842.1:10121769",0,1,1
"ZNF276","s1680_S_TNA_03_ASEReadCounter.table","NW_015090842.1:10121802",2,4,2
"ZNF276","s1680_S_TNA_03_ASEReadCounter.table","NW_015090842.1:10121971",4,11,7
"ZNF276","s1680_S_TNA_03_ASEReadCounter.table","NW_015090842.1:10122161",11,11,0
"ZNF276","s1680_S_TNA_03_ASEReadCounter.table","NW_015090842.1:10122164",10,10,0
"ZNF276","s1680_S_TNA_03_ASEReadCounter.table","NW_015090842.1:10122184",11,11,0
"ZNF276","s1680_S_TNA_03_ASEReadCounter.table","NW_015090842.1:10122883",5,11,6
"ZNF276","s1680_S_TNA_03_ASEReadCounter.table","NW_015090842.1:10122997",7,13,6
"ZNF276","s1680_S_TNA_03_ASEReadCounter.table","NW_015090842.1:10123069",8,10,2
"ZNF276","s1680_S_TNA_03_ASEReadCounter.table","NW_015090842.1:10123207",13,30,17
"ZNF276","s1680_S_TNA_03_ASEReadCounter.table","NW_015090842.1:10125787",10,27,17
"ZNF276","s1680_S_TNA_03_ASEReadCounter.table","NW_015090842.1:10126309",20,40,20
"ZNF276","s1680_S_TNA_03_ASEReadCounter.table","NW_015090842.1:10126348",19,44,25
"ZNF276","s1680_S_TNA_03_ASEReadCounter.table","NW_015090842.1:10126978",20,43,23
"ZNF276","s1680_S_TNA_03_ASEReadCounter.table","NW_015090842.1:10126991",21,42,21
"ZNF276","s1680_S_TNA_03_ASEReadCounter.table","NW_015090842.1:10127023",23,44,21
"ZNF276","s1680_S_TNA_03_ASEReadCounter.table","NW_015090842.1:10127063",21,42,21
"ZNF276","s1680_S_TNA_03_ASEReadCounter.table","NW_015090842.1:10127373",22,40,18
"ZNF276","s1680_S_TNA_03_ASEReadCounter.table","NW_015090842.1:10127931",12,43,31
"ZNF276","s1680_S_TNA_03_ASEReadCounter.table","NW_015090842.1:10128070",28,62,34
"ZNF276","s1680_S_TNA_03_ASEReadCounter.table","NW_015090842.1:10128102",29,61,32
"ZNF276","s1680_S_TNA_03_ASEReadCounter.table","NW_015090842.1:10128356",25,58,33
"ZNF276","s1680_S_TNA_03_ASEReadCounter.table","NW_015090842.1:10128497",19,33,14
"FANCA","s1680_S_TNA_03_ASEReadCounter.table","NW_015090842.1:10129969",2,2,0
"FANCA","s1680_S_TNA_03_ASEReadCounter.table","NW_015090842.1:10130399",2,2,0
"FANCA","s1680_S_TNA_03_ASEReadCounter.table","NW_015090842.1:10130857",0,1,1
"FANCA","s1680_S_TNA_03_ASEReadCounter.table","NW_015090842.1:10130878",0,1,1
"FANCA","s1680_S_TNA_03_ASEReadCounter.table","NW_015090842.1:10133530",2,2,0
"FANCA","s1680_S_TNA_03_ASEReadCounter.table","NW_015090842.1:10133533",2,2,0
"FANCA","s1680_S_TNA_03_ASEReadCounter.table","NW_015090842.1:10133536",2,2,0
"FANCA","s1680_S_TNA_03_ASEReadCounter.table","NW_015090842.1:10134492",1,1,0
"FANCA","s1680_S_TNA_03_ASEReadCounter.table","NW_015090842.1:10136957",1,1,0
"FANCA","s1680_S_TNA_03_ASEReadCounter.table","NW_015090842.1:10137673",1,1,0
"FANCA","s1680_S_TNA_03_ASEReadCounter.table","NW_015090842.1:10138618",0,1,1
"FANCA","s1680_S_TNA_03_ASEReadCounter.table","NW_015090842.1:10139140",0,1,1
"FANCA","s1680_S_TNA_03_ASEReadCounter.table","NW_015090842.1:10145030",1,1,0
"SPIRE2","s1680_S_TNA_03_ASEReadCounter.table","NW_015090842.1:10172284",22,38,16
"SPIRE2","s1680_S_TNA_03_ASEReadCounter.table","NW_015090842.1:10175262",25,57,32
"SPIRE2","s1680_S_TNA_03_ASEReadCounter.table","NW_015090842.1:10175352",15,26,11
"SPIRE2","s1680_S_TNA_03_ASEReadCounter.table","NW_015090842.1:10175400",53,98,45
"SPIRE2","s1680_S_TNA_03_ASEReadCounter.table","NW_015090842.1:10175418",57,106,49
"SPIRE2","s1680_S_TNA_03_ASEReadCounter.table","NW_015090842.1:10175704",76,151,75
"SPIRE2","s1680_S_TNA_03_ASEReadCounter.table","NW_015090842.1:10176115",85,197,112
"SPIRE2","s1680_S_TNA_03_ASEReadCounter.table","NW_015090842.1:10176561",108,245,137
"SPIRE2","s1680_S_TNA_03_ASEReadCounter.table","NW_015090842.1:10176817",112,251,139
"SPIRE2","s1680_S_TNA_03_ASEReadCounter.table","NW_015090842.1:10177084",71,158,87
"SPIRE2","s1680_S_TNA_03_ASEReadCounter.table","NW_015090842.1:10177838",113,268,155
"SPIRE2","s1680_S_TNA_03_ASEReadCounter.table","NW_015090842.1:10178000",125,289,164
"SPIRE2","s1680_S_TNA_03_ASEReadCounter.table","NW_015090842.1:10178164",165,312,147
"SPIRE2","s1680_S_TNA_03_ASEReadCounter.table","NW_015090842.1:10178216",170,359,189
"SPIRE2","s1680_S_TNA_03_ASEReadCounter.table","NW_015090842.1:10178303",153,309,156
"SPIRE2","s1680_S_TNA_03_ASEReadCounter.table","NW_015090842.1:10178403",142,331,189
"SPIRE2","s1680_S_TNA_03_ASEReadCounter.table","NW_015090842.1:10178409",139,319,180
"SPIRE2","s1680_S_TNA_03_ASEReadCounter.table","NW_015090842.1:10178524",148,309,161
"SPIRE2","s1680_S_TNA_03_ASEReadCounter.table","NW_015090842.1:10178526",148,311,163
"SPIRE2","s1680_S_TNA_03_ASEReadCounter.table","NW_015090842.1:10178531",143,308,165
"SPIRE2","s1680_S_TNA_03_ASEReadCounter.table","NW_015090842.1:10178565",146,320,174
"SPIRE2","s1680_S_TNA_03_ASEReadCounter.table","NW_015090842.1:10178587",128,277,149
"SPIRE2","s1680_S_TNA_03_ASEReadCounter.table","NW_015090842.1:10178640",96,223,127
"SPIRE2","s1680_S_TNA_03_ASEReadCounter.table","NW_015090842.1:10178651",107,248,141
"SPIRE2","s1680_S_TNA_03_ASEReadCounter.table","NW_015090842.1:10178682",106,229,123
"TCF25","s1680_S_TNA_03_ASEReadCounter.table","NW_015090842.1:10180912",30,50,20
"TCF25","s1680_S_TNA_03_ASEReadCounter.table","NW_015090842.1:10180924",28,47,19
"TCF25","s1680_S_TNA_03_ASEReadCounter.table","NW_015090842.1:10180931",27,47,20
"TCF25","s1680_S_TNA_03_ASEReadCounter.table","NW_015090842.1:10185332",105,182,77
"TCF25","s1680_S_TNA_03_ASEReadCounter.table","NW_015090842.1:10196561",56,107,51
"TCF25","s1680_S_TNA_03_ASEReadCounter.table","NW_015090842.1:10197399",157,157,0
"MC1R","s1680_S_TNA_03_ASEReadCounter.table","NW_015090842.1:10201986",2,3,1
"MC1R","s1680_S_TNA_03_ASEReadCounter.table","NW_015090842.1:10202160",0,2,2
"MC1R","s1680_S_TNA_03_ASEReadCounter.table","NW_015090842.1:10202447",0,3,3
"GAS8","s1680_S_TNA_03_ASEReadCounter.table","NW_015090842.1:10228982",10,25,15
"GAS8","s1680_S_TNA_03_ASEReadCounter.table","NW_015090842.1:10229832",11,24,13
"GAS8","s1680_S_TNA_03_ASEReadCounter.table","NW_015090842.1:10232901",13,30,17
"GAS8","s1680_S_TNA_03_ASEReadCounter.table","NW_015090842.1:10232928",14,33,19
"GAS8","s1680_S_TNA_03_ASEReadCounter.table","NW_015090842.1:10232967",14,31,17
"GAS8","s1680_S_TNA_03_ASEReadCounter.table","NW_015090842.1:10233032",13,23,10
"GAS8","s1680_S_TNA_03_ASEReadCounter.table","NW_015090842.1:10233057",11,20,9
"GAS8","s1680_S_TNA_03_ASEReadCounter.table","NW_015090842.1:10233058",11,20,9
"GAS8","s1680_S_TNA_03_ASEReadCounter.table","NW_015090842.1:10233176",6,11,5
"GAS8","s1680_S_TNA_03_ASEReadCounter.table","NW_015090842.1:10233196",9,15,6
"GAS8","s1680_S_TNA_03_ASEReadCounter.table","NW_015090842.1:10233252",11,14,3
"GAS8","s1680_S_TNA_03_ASEReadCounter.table","NW_015090842.1:10233303",4,6,2
"LOC106888094","s1680_S_TNA_03_ASEReadCounter.table","NW_015090842.1:10233334",0,1,1
"LOC106888094","s1680_S_TNA_03_ASEReadCounter.table","NW_015090842.1:10233362",3,8,5
"LOC106888094","s1680_S_TNA_03_ASEReadCounter.table","NW_015090842.1:10233373",4,9,5
"LOC106888094","s1680_S_TNA_03_ASEReadCounter.table","NW_015090842.1:10233388",4,10,6
"LOC106888094","s1680_S_TNA_03_ASEReadCounter.table","NW_015090842.1:10233402",6,12,6
"LOC106888094","s1680_S_TNA_03_ASEReadCounter.table","NW_015090842.1:10233465",5,13,8
"LOC106888094","s1680_S_TNA_03_ASEReadCounter.table","NW_015090842.1:10233803",9,23,14
"LOC106888094","s1680_S_TNA_03_ASEReadCounter.table","NW_015090842.1:10233815",9,23,14
"LOC106888094","s1680_S_TNA_03_ASEReadCounter.table","NW_015090842.1:10235484",1,1,0
"LOC106888094","s1680_S_TNA_03_ASEReadCounter.table","NW_015090842.1:10235611",1,1,0
"LOC106888094","s1680_S_TNA_03_ASEReadCounter.table","NW_015090842.1:10235977",1,1,0
"LOC106888094","s1680_S_TNA_03_ASEReadCounter.table","NW_015090842.1:10236098",0,1,1
"LOC106888094","s1680_S_TNA_03_ASEReadCounter.table","NW_015090842.1:10236161",0,1,1
"LOC106888094","s1680_S_TNA_03_ASEReadCounter.table","NW_015090842.1:10236425",0,1,1
"LOC106888094","s1680_S_TNA_03_ASEReadCounter.table","NW_015090842.1:10236426",0,1,1
"LOC106888094","s1680_S_TNA_03_ASEReadCounter.table","NW_015090842.1:10236603",0,1,1
"LOC106888173","s1680_S_TNA_03_ASEReadCounter.table","NW_015090842.1:10239596",0,4,4
"LOC106888173","s1680_S_TNA_03_ASEReadCounter.table","NW_015090842.1:10240036",0,6,6
"LOC106888173","s1680_S_TNA_03_ASEReadCounter.table","NW_015090842.1:10240095",1,12,11
"LOC106888173","s1680_S_TNA_03_ASEReadCounter.table","NW_015090842.1:10240280",0,7,7
"LOC106888173","s1680_S_TNA_03_ASEReadCounter.table","NW_015090842.1:10240557",2,10,8
"LOC106888173","s1680_S_TNA_03_ASEReadCounter.table","NW_015090842.1:10240603",1,11,10
"LOC106888173","s1680_S_TNA_03_ASEReadCounter.table","NW_015090842.1:10240609",1,12,11
"LOC106888173","s1680_S_TNA_03_ASEReadCounter.table","NW_015090842.1:10240924",3,18,15
"LOC106888173","s1680_S_TNA_03_ASEReadCounter.table","NW_015090842.1:10241037",1,16,15
"LOC106888173","s1680_S_TNA_03_ASEReadCounter.table","NW_015090842.1:10241046",1,15,14
"LOC106888173","s1680_S_TNA_03_ASEReadCounter.table","NW_015090842.1:10241058",1,13,12
"LOC106888173","s1680_S_TNA_03_ASEReadCounter.table","NW_015090842.1:10241064",1,14,13
"LOC106888173","s1680_S_TNA_03_ASEReadCounter.table","NW_015090842.1:10241163",2,19,17
"LOC106888173","s1680_S_TNA_03_ASEReadCounter.table","NW_015090842.1:10241803",0,8,8
"LOC106888173","s1680_S_TNA_03_ASEReadCounter.table","NW_015090842.1:10241827",1,6,5
"LOC106888173","s1680_S_TNA_03_ASEReadCounter.table","NW_015090842.1:10241869",1,7,6
"LOC106888173","s1680_S_TNA_03_ASEReadCounter.table","NW_015090842.1:10242079",3,14,11
"LOC106888173","s1680_S_TNA_03_ASEReadCounter.table","NW_015090842.1:10242103",2,12,10
"LOC106888173","s1680_S_TNA_03_ASEReadCounter.table","NW_015090842.1:10242157",2,14,12
"LOC106888173","s1680_S_TNA_03_ASEReadCounter.table","NW_015090842.1:10242455",1,11,10
"LOC106888173","s1680_S_TNA_03_ASEReadCounter.table","NW_015090842.1:10242481",5,15,10
"LOC106888173","s1680_S_TNA_03_ASEReadCounter.table","NW_015090842.1:10242590",3,10,7
"LOC106888173","s1680_S_TNA_03_ASEReadCounter.table","NW_015090842.1:10242794",1,14,13
"LOC106888173","s1680_S_TNA_03_ASEReadCounter.table","NW_015090842.1:10242909",4,13,9
"LOC106888173","s1680_S_TNA_03_ASEReadCounter.table","NW_015090842.1:10243094",1,9,8
"LOC106888173","s1680_S_TNA_03_ASEReadCounter.table","NW_015090842.1:10243133",2,12,10
"LOC106888173","s1680_S_TNA_03_ASEReadCounter.table","NW_015090842.1:10243273",4,20,16
"LOC106888173","s1680_S_TNA_03_ASEReadCounter.table","NW_015090842.1:10243278",4,21,17
"LOC106888173","s1680_S_TNA_03_ASEReadCounter.table","NW_015090842.1:10243281",4,21,17
"LOC106888173","s1680_S_TNA_03_ASEReadCounter.table","NW_015090842.1:10243347",11,11,0
"LOC106888173","s1680_S_TNA_03_ASEReadCounter.table","NW_015090842.1:10243353",5,10,5
"LOC106888173","s1680_S_TNA_03_ASEReadCounter.table","NW_015090842.1:10243363",5,9,4
"LOC106888173","s1680_S_TNA_03_ASEReadCounter.table","NW_015090842.1:10243365",4,8,4
"LOC106888173","s1680_S_TNA_03_ASEReadCounter.table","NW_015090842.1:10243529",2,12,10
"LOC106888173","s1680_S_TNA_03_ASEReadCounter.table","NW_015090842.1:10243566",4,15,11
"LOC106888173","s1680_S_TNA_03_ASEReadCounter.table","NW_015090842.1:10243605",5,17,12
"LOC106888173","s1680_S_TNA_03_ASEReadCounter.table","NW_015090842.1:10243614",5,18,13
"LOC106888173","s1680_S_TNA_03_ASEReadCounter.table","NW_015090842.1:10243615",5,18,13
"LOC106888173","s1680_S_TNA_03_ASEReadCounter.table","NW_015090842.1:10243640",4,13,9
"LOC106888173","s1680_S_TNA_03_ASEReadCounter.table","NW_015090842.1:10243680",2,11,9
"LOC106888173","s1680_S_TNA_03_ASEReadCounter.table","NW_015090842.1:10243742",3,13,10
"LOC106888173","s1680_S_TNA_03_ASEReadCounter.table","NW_015090842.1:10243804",1,9,8
"LOC106888173","s1680_S_TNA_03_ASEReadCounter.table","NW_015090842.1:10243913",1,4,3
"LOC106888173","s1680_S_TNA_03_ASEReadCounter.table","NW_015090842.1:10243921",1,4,3
"LOC106888384","s1680_S_TNA_03_ASEReadCounter.table","NW_015090842.1:10251354",0,1,1
"LOC106888384","s1680_S_TNA_03_ASEReadCounter.table","NW_015090842.1:10251358",0,1,1
"LOC106888384","s1680_S_TNA_03_ASEReadCounter.table","NW_015090842.1:10251369",0,1,1
"LOC106888384","s1680_S_TNA_03_ASEReadCounter.table","NW_015090842.1:10251370",0,1,1
"LOC106888384","s1680_S_TNA_03_ASEReadCounter.table","NW_015090842.1:10251375",0,1,1
"LOC106888384","s1680_S_TNA_03_ASEReadCounter.table","NW_015090842.1:10251388",0,1,1
"LOC106888384","s1680_S_TNA_03_ASEReadCounter.table","NW_015090842.1:10251390",0,1,1
"LOC106888384","s1680_S_TNA_03_ASEReadCounter.table","NW_015090842.1:10251393",0,1,1
"LOC106888384","s1680_S_TNA_03_ASEReadCounter.table","NW_015090842.1:10251399",0,1,1
"LOC106888384","s1680_S_TNA_03_ASEReadCounter.table","NW_015090842.1:10253165",1,1,0
"LOC106888384","s1680_S_TNA_03_ASEReadCounter.table","NW_015090842.1:10254028",1,1,0
"LOC106888384","s1680_S_TNA_03_ASEReadCounter.table","NW_015090842.1:10255608",1,1,0
"LOC106888384","s1680_S_TNA_03_ASEReadCounter.table","NW_015090842.1:10255614",1,1,0
"LOC106888384","s1680_S_TNA_03_ASEReadCounter.table","NW_015090842.1:10255704",2,2,0
"LOC106888384","s1680_S_TNA_03_ASEReadCounter.table","NW_015090842.1:10255731",2,2,0
"TANGO6","s1680_S_TNA_03_ASEReadCounter.table","NW_015090842.1:10257782",3,8,5
"TANGO6","s1680_S_TNA_03_ASEReadCounter.table","NW_015090842.1:10258162",1,5,4
"TANGO6","s1680_S_TNA_03_ASEReadCounter.table","NW_015090842.1:10258185",1,8,7
"TANGO6","s1680_S_TNA_03_ASEReadCounter.table","NW_015090842.1:10259267",1,5,4
"TANGO6","s1680_S_TNA_03_ASEReadCounter.table","NW_015090842.1:10260250",13,26,13
"TANGO6","s1680_S_TNA_03_ASEReadCounter.table","NW_015090842.1:10260979",7,16,9
"TANGO6","s1680_S_TNA_03_ASEReadCounter.table","NW_015090842.1:10261599",14,23,9
"TANGO6","s1680_S_TNA_03_ASEReadCounter.table","NW_015090842.1:10268425",25,43,18
"TANGO6","s1680_S_TNA_03_ASEReadCounter.table","NW_015090842.1:10269831",14,35,21
"TANGO6","s1680_S_TNA_03_ASEReadCounter.table","NW_015090842.1:10270813",17,29,12
"TANGO6","s1680_S_TNA_03_ASEReadCounter.table","NW_015090842.1:10273952",14,22,8
"TANGO6","s1680_S_TNA_03_ASEReadCounter.table","NW_015090842.1:10273970",20,26,6
"TANGO6","s1680_S_TNA_03_ASEReadCounter.table","NW_015090842.1:10274018",19,28,9
"TANGO6","s1680_S_TNA_03_ASEReadCounter.table","NW_015090842.1:10275974",11,21,10
"TANGO6","s1680_S_TNA_03_ASEReadCounter.table","NW_015090842.1:10275976",11,21,10
"TANGO6","s1680_S_TNA_03_ASEReadCounter.table","NW_015090842.1:10276123",18,28,10
"TANGO6","s1680_S_TNA_03_ASEReadCounter.table","NW_015090842.1:10276271",26,42,16
"TANGO6","s1680_S_TNA_03_ASEReadCounter.table","NW_015090842.1:10276272",26,42,16
"TANGO6","s1680_S_TNA_03_ASEReadCounter.table","NW_015090842.1:10276275",26,42,16
"TANGO6","s1680_S_TNA_03_ASEReadCounter.table","NW_015090842.1:10276278",27,43,16
"TANGO6","s1680_S_TNA_03_ASEReadCounter.table","NW_015090842.1:10276368",13,24,11
"TANGO6","s1680_S_TNA_03_ASEReadCounter.table","NW_015090842.1:10276373",11,24,13
"TANGO6","s1680_S_TNA_03_ASEReadCounter.table","NW_015090842.1:10276630",16,30,14
"TANGO6","s1680_S_TNA_03_ASEReadCounter.table","NW_015090842.1:10281498",23,45,22
"TANGO6","s1680_S_TNA_03_ASEReadCounter.table","NW_015090842.1:10282842",31,61,30
"TANGO6","s1680_S_TNA_03_ASEReadCounter.table","NW_015090842.1:10282863",22,46,24
"TANGO6","s1680_S_TNA_03_ASEReadCounter.table","NW_015090842.1:10282869",23,45,22
"TANGO6","s1680_S_TNA_03_ASEReadCounter.table","NW_015090842.1:10282903",27,63,36
"TANGO6","s1680_S_TNA_03_ASEReadCounter.table","NW_015090842.1:10283757",30,55,25
"TANGO6","s1680_S_TNA_03_ASEReadCounter.table","NW_015090842.1:10283785",27,50,23
"HAS3","s1680_S_TNA_03_ASEReadCounter.table","NW_015090842.1:10288364",0,1,1
"HAS3","s1680_S_TNA_03_ASEReadCounter.table","NW_015090842.1:10289708",1,3,2
"HAS3","s1680_S_TNA_03_ASEReadCounter.table","NW_015090842.1:10290375",1,2,1
"HAS3","s1680_S_TNA_03_ASEReadCounter.table","NW_015090842.1:10290395",1,2,1
"HAS3","s1680_S_TNA_03_ASEReadCounter.table","NW_015090842.1:10290561",1,2,1
"HAS3","s1680_S_TNA_03_ASEReadCounter.table","NW_015090842.1:10290609",0,3,3
"HAS3","s1680_S_TNA_03_ASEReadCounter.table","NW_015090842.1:10290666",0,2,2
"HAS3","s1680_S_TNA_03_ASEReadCounter.table","NW_015090842.1:10290927",1,2,1
"HAS3","s1680_S_TNA_03_ASEReadCounter.table","NW_015090842.1:10291004",1,3,2
"CHTF8","s1680_S_TNA_03_ASEReadCounter.table","NW_015090842.1:10291319",3,4,1
"CHTF8","s1680_S_TNA_03_ASEReadCounter.table","NW_015090842.1:10291342",0,1,1
"CHTF8","s1680_S_TNA_03_ASEReadCounter.table","NW_015090842.1:10291491",8,10,2
"CHTF8","s1680_S_TNA_03_ASEReadCounter.table","NW_015090842.1:10291520",4,7,3
"CHTF8","s1680_S_TNA_03_ASEReadCounter.table","NW_015090842.1:10291593",3,5,2
"CHTF8","s1680_S_TNA_03_ASEReadCounter.table","NW_015090842.1:10291600",5,7,2
"CHTF8","s1680_S_TNA_03_ASEReadCounter.table","NW_015090842.1:10291609",5,6,1
"CHTF8","s1680_S_TNA_03_ASEReadCounter.table","NW_015090842.1:10291639",5,6,1
"CHTF8","s1680_S_TNA_03_ASEReadCounter.table","NW_015090842.1:10291641",5,6,1
"CHTF8","s1680_S_TNA_03_ASEReadCounter.table","NW_015090842.1:10291648",7,8,1
"CHTF8","s1680_S_TNA_03_ASEReadCounter.table","NW_015090842.1:10291656",7,9,2
"CHTF8","s1680_S_TNA_03_ASEReadCounter.table","NW_015090842.1:10291675",7,9,2
"CHTF8","s1680_S_TNA_03_ASEReadCounter.table","NW_015090842.1:10291696",4,6,2
"CHTF8","s1680_S_TNA_03_ASEReadCounter.table","NW_015090842.1:10291714",4,6,2
"CHTF8","s1680_S_TNA_03_ASEReadCounter.table","NW_015090842.1:10291732",6,10,4
"CHTF8","s1680_S_TNA_03_ASEReadCounter.table","NW_015090842.1:10291755",6,9,3
"CHTF8","s1680_S_TNA_03_ASEReadCounter.table","NW_015090842.1:10291756",6,9,3
"CHTF8","s1680_S_TNA_03_ASEReadCounter.table","NW_015090842.1:10291758",6,10,4
"CHTF8","s1680_S_TNA_03_ASEReadCounter.table","NW_015090842.1:10291792",7,12,5
"CHTF8","s1680_S_TNA_03_ASEReadCounter.table","NW_015090842.1:10291895",8,10,2
"CHTF8","s1680_S_TNA_03_ASEReadCounter.table","NW_015090842.1:10292132",7,11,4
"CHTF8","s1680_S_TNA_03_ASEReadCounter.table","NW_015090842.1:10292314",3,6,3
"CHTF8","s1680_S_TNA_03_ASEReadCounter.table","NW_015090842.1:10292317",4,8,4
"CHTF8","s1680_S_TNA_03_ASEReadCounter.table","NW_015090842.1:10292928",1,1,0
"UTP4","s1680_S_TNA_03_ASEReadCounter.table","NW_015090842.1:10293146",3,10,7
"UTP4","s1680_S_TNA_03_ASEReadCounter.table","NW_015090842.1:10293151",3,10,7
"UTP4","s1680_S_TNA_03_ASEReadCounter.table","NW_015090842.1:10293191",3,8,5
"UTP4","s1680_S_TNA_03_ASEReadCounter.table","NW_015090842.1:10293362",2,12,10
"UTP4","s1680_S_TNA_03_ASEReadCounter.table","NW_015090842.1:10293430",3,12,9
"UTP4","s1680_S_TNA_03_ASEReadCounter.table","NW_015090842.1:10293625",2,12,10
"UTP4","s1680_S_TNA_03_ASEReadCounter.table","NW_015090842.1:10293684",3,8,5
"UTP4","s1680_S_TNA_03_ASEReadCounter.table","NW_015090842.1:10294093",5,9,4
"UTP4","s1680_S_TNA_03_ASEReadCounter.table","NW_015090842.1:10294568",9,19,10
"UTP4","s1680_S_TNA_03_ASEReadCounter.table","NW_015090842.1:10294622",6,16,10
"UTP4","s1680_S_TNA_03_ASEReadCounter.table","NW_015090842.1:10294632",7,17,10
"UTP4","s1680_S_TNA_03_ASEReadCounter.table","NW_015090842.1:10295238",9,13,4
"UTP4","s1680_S_TNA_03_ASEReadCounter.table","NW_015090842.1:10295880",10,25,15
"UTP4","s1680_S_TNA_03_ASEReadCounter.table","NW_015090842.1:10295884",9,24,15
"UTP4","s1680_S_TNA_03_ASEReadCounter.table","NW_015090842.1:10295903",12,27,15
"UTP4","s1680_S_TNA_03_ASEReadCounter.table","NW_015090842.1:10295906",12,29,17
"UTP4","s1680_S_TNA_03_ASEReadCounter.table","NW_015090842.1:10295915",11,28,17
"UTP4","s1680_S_TNA_03_ASEReadCounter.table","NW_015090842.1:10295938",10,26,16
"UTP4","s1680_S_TNA_03_ASEReadCounter.table","NW_015090842.1:10296175",13,30,17
"UTP4","s1680_S_TNA_03_ASEReadCounter.table","NW_015090842.1:10296660",12,32,20
"UTP4","s1680_S_TNA_03_ASEReadCounter.table","NW_015090842.1:10296679",11,34,23
"UTP4","s1680_S_TNA_03_ASEReadCounter.table","NW_015090842.1:10297193",16,43,27
"UTP4","s1680_S_TNA_03_ASEReadCounter.table","NW_015090842.1:10297220",14,42,28
"UTP4","s1680_S_TNA_03_ASEReadCounter.table","NW_015090842.1:10297307",23,52,29
"UTP4","s1680_S_TNA_03_ASEReadCounter.table","NW_015090842.1:10297558",28,59,31
"UTP4","s1680_S_TNA_03_ASEReadCounter.table","NW_015090842.1:10297943",23,58,35
"UTP4","s1680_S_TNA_03_ASEReadCounter.table","NW_015090842.1:10297979",26,59,33
"UTP4","s1680_S_TNA_03_ASEReadCounter.table","NW_015090842.1:10298022",20,46,26
"UTP4","s1680_S_TNA_03_ASEReadCounter.table","NW_015090842.1:10298079",2,10,8
"UTP4","s1680_S_TNA_03_ASEReadCounter.table","NW_015090842.1:10298081",1,9,8
"UTP4","s1680_S_TNA_03_ASEReadCounter.table","NW_015090842.1:10298082",2,9,7
"SNTB2","s1680_S_TNA_03_ASEReadCounter.table","NW_015090842.1:10303506",1,4,3
"SNTB2","s1680_S_TNA_03_ASEReadCounter.table","NW_015090842.1:10303524",1,5,4
"SNTB2","s1680_S_TNA_03_ASEReadCounter.table","NW_015090842.1:10304059",1,4,3
"SNTB2","s1680_S_TNA_03_ASEReadCounter.table","NW_015090842.1:10304089",1,4,3
"SNTB2","s1680_S_TNA_03_ASEReadCounter.table","NW_015090842.1:10304167",4,6,2
"SNTB2","s1680_S_TNA_03_ASEReadCounter.table","NW_015090842.1:10304176",3,6,3
"SNTB2","s1680_S_TNA_03_ASEReadCounter.table","NW_015090842.1:10305069",2,6,4
"SNTB2","s1680_S_TNA_03_ASEReadCounter.table","NW_015090842.1:10305099",2,4,2
"SNTB2","s1680_S_TNA_03_ASEReadCounter.table","NW_015090842.1:10305451",0,1,1
"SNTB2","s1680_S_TNA_03_ASEReadCounter.table","NW_015090842.1:10305547",3,6,3
"SNTB2","s1680_S_TNA_03_ASEReadCounter.table","NW_015090842.1:10305847",2,6,4
"SNTB2","s1680_S_TNA_03_ASEReadCounter.table","NW_015090842.1:10305911",5,9,4
"SNTB2","s1680_S_TNA_03_ASEReadCounter.table","NW_015090842.1:10306173",3,9,6
"SNTB2","s1680_S_TNA_03_ASEReadCounter.table","NW_015090842.1:10306275",2,5,3
"SNTB2","s1680_S_TNA_03_ASEReadCounter.table","NW_015090842.1:10306457",2,3,1
"SNTB2","s1680_S_TNA_03_ASEReadCounter.table","NW_015090842.1:10306496",2,2,0
"SNTB2","s1680_S_TNA_03_ASEReadCounter.table","NW_015090842.1:10306499",2,3,1
"VPS4A","s1680_S_TNA_03_ASEReadCounter.table","NW_015090842.1:10308566",52,105,53
"VPS4A","s1680_S_TNA_03_ASEReadCounter.table","NW_015090842.1:10308573",55,108,53
"VPS4A","s1680_S_TNA_03_ASEReadCounter.table","NW_015090842.1:10308856",79,182,103
"VPS4A","s1680_S_TNA_03_ASEReadCounter.table","NW_015090842.1:10309056",97,221,124
"VPS4A","s1680_S_TNA_03_ASEReadCounter.table","NW_015090842.1:10309089",129,266,137
"VPS4A","s1680_S_TNA_03_ASEReadCounter.table","NW_015090842.1:10309392",126,234,108
"VPS4A","s1680_S_TNA_03_ASEReadCounter.table","NW_015090842.1:10309413",140,255,115
"VPS4A","s1680_S_TNA_03_ASEReadCounter.table","NW_015090842.1:10309467",150,284,134
"VPS4A","s1680_S_TNA_03_ASEReadCounter.table","NW_015090842.1:10310230",158,322,164
"VPS4A","s1680_S_TNA_03_ASEReadCounter.table","NW_015090842.1:10310425",146,305,159
"VPS4A","s1680_S_TNA_03_ASEReadCounter.table","NW_015090842.1:10310639",164,348,184
"VPS4A","s1680_S_TNA_03_ASEReadCounter.table","NW_015090842.1:10310640",161,352,191
"VPS4A","s1680_S_TNA_03_ASEReadCounter.table","NW_015090842.1:10310687",171,374,203
"VPS4A","s1680_S_TNA_03_ASEReadCounter.table","NW_015090842.1:10310734",153,299,146
"VPS4A","s1680_S_TNA_03_ASEReadCounter.table","NW_015090842.1:10310737",160,307,147
"VPS4A","s1680_S_TNA_03_ASEReadCounter.table","NW_015090842.1:10310746",155,309,154
"VPS4A","s1680_S_TNA_03_ASEReadCounter.table","NW_015090842.1:10310767",156,311,155
"VPS4A","s1680_S_TNA_03_ASEReadCounter.table","NW_015090842.1:10310995",190,383,193
"VPS4A","s1680_S_TNA_03_ASEReadCounter.table","NW_015090842.1:10311004",195,380,185
"VPS4A","s1680_S_TNA_03_ASEReadCounter.table","NW_015090842.1:10311007",192,380,188
"VPS4A","s1680_S_TNA_03_ASEReadCounter.table","NW_015090842.1:10311013",203,391,188
"VPS4A","s1680_S_TNA_03_ASEReadCounter.table","NW_015090842.1:10311022",182,371,189
"VPS4A","s1680_S_TNA_03_ASEReadCounter.table","NW_015090842.1:10311023",181,361,180
"VPS4A","s1680_S_TNA_03_ASEReadCounter.table","NW_015090842.1:10311426",178,370,192
"VPS4A","s1680_S_TNA_03_ASEReadCounter.table","NW_015090842.1:10311489",4,13,9
"VPS4A","s1680_S_TNA_03_ASEReadCounter.table","NW_015090842.1:10311490",5,11,6
"VPS4A","s1680_S_TNA_03_ASEReadCounter.table","NW_015090842.1:10311525",14,29,15
"VPS4A","s1680_S_TNA_03_ASEReadCounter.table","NW_015090842.1:10311529",14,38,24
"VPS4A","s1680_S_TNA_03_ASEReadCounter.table","NW_015090842.1:10311530",14,40,26
"VPS4A","s1680_S_TNA_03_ASEReadCounter.table","NW_015090842.1:10311552",34,71,37
"VPS4A","s1680_S_TNA_03_ASEReadCounter.table","NW_015090842.1:10311689",30,64,34
"VPS4A","s1680_S_TNA_03_ASEReadCounter.table","NW_015090842.1:10311700",41,78,37
"VPS4A","s1680_S_TNA_03_ASEReadCounter.table","NW_015090842.1:10311701",40,76,36
"VPS4A","s1680_S_TNA_03_ASEReadCounter.table","NW_015090842.1:10311703",40,76,36
"COG8","s1680_S_TNA_03_ASEReadCounter.table","NW_015090842.1:10313487",20,40,20
"COG8","s1680_S_TNA_03_ASEReadCounter.table","NW_015090842.1:10313559",30,54,24
"COG8","s1680_S_TNA_03_ASEReadCounter.table","NW_015090842.1:10313579",25,49,24
"COG8","s1680_S_TNA_03_ASEReadCounter.table","NW_015090842.1:10313665",28,43,15
"COG8","s1680_S_TNA_03_ASEReadCounter.table","NW_015090842.1:10313681",25,42,17
"COG8","s1680_S_TNA_03_ASEReadCounter.table","NW_015090842.1:10313768",20,39,19
"COG8","s1680_S_TNA_03_ASEReadCounter.table","NW_015090842.1:10313775",19,39,20
"COG8","s1680_S_TNA_03_ASEReadCounter.table","NW_015090842.1:10313811",13,31,18
"COG8","s1680_S_TNA_03_ASEReadCounter.table","NW_015090842.1:10313858",16,36,20
"COG8","s1680_S_TNA_03_ASEReadCounter.table","NW_015090842.1:10313859",36,36,0
"COG8","s1680_S_TNA_03_ASEReadCounter.table","NW_015090842.1:10314100",19,38,19
"COG8","s1680_S_TNA_03_ASEReadCounter.table","NW_015090842.1:10314213",16,37,21
"COG8","s1680_S_TNA_03_ASEReadCounter.table","NW_015090842.1:10315093",19,36,17
"COG8","s1680_S_TNA_03_ASEReadCounter.table","NW_015090842.1:10315162",10,34,24
"COG8","s1680_S_TNA_03_ASEReadCounter.table","NW_015090842.1:10315285",14,32,18
"COG8","s1680_S_TNA_03_ASEReadCounter.table","NW_015090842.1:10315360",12,23,11
"COG8","s1680_S_TNA_03_ASEReadCounter.table","NW_015090842.1:10315369",11,22,11
"COG8","s1680_S_TNA_03_ASEReadCounter.table","NW_015090842.1:10315508",4,13,9
"COG8","s1680_S_TNA_03_ASEReadCounter.table","NW_015090842.1:10315624",9,19,10
"COG8","s1680_S_TNA_03_ASEReadCounter.table","NW_015090842.1:10315693",7,17,10
"COG8","s1680_S_TNA_03_ASEReadCounter.table","NW_015090842.1:10315698",8,19,11
"COG8","s1680_S_TNA_03_ASEReadCounter.table","NW_015090842.1:10315768",6,18,12
"COG8","s1680_S_TNA_03_ASEReadCounter.table","NW_015090842.1:10315769",6,19,13
"COG8","s1680_S_TNA_03_ASEReadCounter.table","NW_015090842.1:10315784",6,19,13
"COG8","s1680_S_TNA_03_ASEReadCounter.table","NW_015090842.1:10316093",7,11,4
"COG8","s1680_S_TNA_03_ASEReadCounter.table","NW_015090842.1:10316133",7,8,1
"NIP7","s1680_S_TNA_03_ASEReadCounter.table","NW_015090842.1:10316759",13,23,10
"NIP7","s1680_S_TNA_03_ASEReadCounter.table","NW_015090842.1:10316967",93,177,84
"NIP7","s1680_S_TNA_03_ASEReadCounter.table","NW_015090842.1:10316995",101,187,86
"NIP7","s1680_S_TNA_03_ASEReadCounter.table","NW_015090842.1:10317240",159,299,140
"NIP7","s1680_S_TNA_03_ASEReadCounter.table","NW_015090842.1:10317247",159,317,158
"NIP7","s1680_S_TNA_03_ASEReadCounter.table","NW_015090842.1:10317264",149,302,153
"NIP7","s1680_S_TNA_03_ASEReadCounter.table","NW_015090842.1:10317433",175,378,203
"NIP7","s1680_S_TNA_03_ASEReadCounter.table","NW_015090842.1:10317738",162,374,212
"NIP7","s1680_S_TNA_03_ASEReadCounter.table","NW_015090842.1:10317769",162,357,195
"NIP7","s1680_S_TNA_03_ASEReadCounter.table","NW_015090842.1:10317808",93,226,133
"NIP7","s1680_S_TNA_03_ASEReadCounter.table","NW_015090842.1:10317870",53,169,116
"NIP7","s1680_S_TNA_03_ASEReadCounter.table","NW_015090842.1:10317871",52,162,110
"NIP7","s1680_S_TNA_03_ASEReadCounter.table","NW_015090842.1:10317898",29,111,82
"NIP7","s1680_S_TNA_03_ASEReadCounter.table","NW_015090842.1:10317911",28,95,67
"TMED6","s1680_S_TNA_03_ASEReadCounter.table","NW_015090842.1:10318514",0,1,1
"TMED6","s1680_S_TNA_03_ASEReadCounter.table","NW_015090842.1:10318731",1,1,0
"TERF2","s1680_S_TNA_03_ASEReadCounter.table","NW_015090842.1:10321768",22,45,23
"TERF2","s1680_S_TNA_03_ASEReadCounter.table","NW_015090842.1:10321777",21,43,22
"TERF2","s1680_S_TNA_03_ASEReadCounter.table","NW_015090842.1:10321805",27,55,28
"TERF2","s1680_S_TNA_03_ASEReadCounter.table","NW_015090842.1:10321878",38,78,40
"TERF2","s1680_S_TNA_03_ASEReadCounter.table","NW_015090842.1:10321893",5,74,69
"TERF2","s1680_S_TNA_03_ASEReadCounter.table","NW_015090842.1:10321897",30,63,33
"TERF2","s1680_S_TNA_03_ASEReadCounter.table","NW_015090842.1:10321908",25,57,32
"TERF2","s1680_S_TNA_03_ASEReadCounter.table","NW_015090842.1:10322001",48,101,53
"TERF2","s1680_S_TNA_03_ASEReadCounter.table","NW_015090842.1:10322035",36,79,43
"TERF2","s1680_S_TNA_03_ASEReadCounter.table","NW_015090842.1:10322051",39,87,48
"TERF2","s1680_S_TNA_03_ASEReadCounter.table","NW_015090842.1:10322137",27,54,27
"TERF2","s1680_S_TNA_03_ASEReadCounter.table","NW_015090842.1:10322144",25,51,26
"TERF2","s1680_S_TNA_03_ASEReadCounter.table","NW_015090842.1:10322388",22,59,37
"TERF2","s1680_S_TNA_03_ASEReadCounter.table","NW_015090842.1:10322396",22,54,32
"TERF2","s1680_S_TNA_03_ASEReadCounter.table","NW_015090842.1:10322502",23,66,43
"TERF2","s1680_S_TNA_03_ASEReadCounter.table","NW_015090842.1:10322504",24,67,43
"TERF2","s1680_S_TNA_03_ASEReadCounter.table","NW_015090842.1:10322510",26,69,43
"TERF2","s1680_S_TNA_03_ASEReadCounter.table","NW_015090842.1:10323580",17,46,29
"TERF2","s1680_S_TNA_03_ASEReadCounter.table","NW_015090842.1:10324314",15,41,26
"TERF2","s1680_S_TNA_03_ASEReadCounter.table","NW_015090842.1:10326832",11,35,24
"TERF2","s1680_S_TNA_03_ASEReadCounter.table","NW_015090842.1:10327787",6,15,9
"TERF2","s1680_S_TNA_03_ASEReadCounter.table","NW_015090842.1:10328588",11,20,9
"TERF2","s1680_S_TNA_03_ASEReadCounter.table","NW_015090842.1:10328644",7,16,9
"TERF2","s1680_S_TNA_03_ASEReadCounter.table","NW_015090842.1:10329813",4,11,7
"TERF2","s1680_S_TNA_03_ASEReadCounter.table","NW_015090842.1:10330749",2,10,8
"TERF2","s1680_S_TNA_03_ASEReadCounter.table","NW_015090842.1:10330789",4,13,9
"CYB5B","s1680_S_TNA_03_ASEReadCounter.table","NW_015090842.1:10336595",1,3,2
"CYB5B","s1680_S_TNA_03_ASEReadCounter.table","NW_015090842.1:10336667",21,41,20
"CYB5B","s1680_S_TNA_03_ASEReadCounter.table","NW_015090842.1:10336689",45,71,26
"CYB5B","s1680_S_TNA_03_ASEReadCounter.table","NW_015090842.1:10336728",64,112,48
"CYB5B","s1680_S_TNA_03_ASEReadCounter.table","NW_015090842.1:10345068",62,110,48
"CYB5B","s1680_S_TNA_03_ASEReadCounter.table","NW_015090842.1:10348800",94,187,93
"CYB5B","s1680_S_TNA_03_ASEReadCounter.table","NW_015090842.1:10349046",103,204,101
"CYB5B","s1680_S_TNA_03_ASEReadCounter.table","NW_015090842.1:10349119",54,139,85
"CYB5B","s1680_S_TNA_03_ASEReadCounter.table","NW_015090842.1:10349146",43,133,90
"CYB5B","s1680_S_TNA_03_ASEReadCounter.table","NW_015090842.1:10349157",67,161,94
"CYB5B","s1680_S_TNA_03_ASEReadCounter.table","NW_015090842.1:10349263",158,159,1
