"gene","id","snp","ref_count","total_count","alt_count"
"CENPN","s1680_S_LS_02_ASEReadCounter.table","NW_015090842.1:5801612",0,1,1
"CENPN","s1680_S_LS_02_ASEReadCounter.table","NW_015090842.1:5801618",0,1,1
"CENPN","s1680_S_LS_02_ASEReadCounter.table","NW_015090842.1:5801623",1,2,1
"CENPN","s1680_S_LS_02_ASEReadCounter.table","NW_015090842.1:5801631",2,3,1
"CENPN","s1680_S_LS_02_ASEReadCounter.table","NW_015090842.1:5801632",2,3,1
"CENPN","s1680_S_LS_02_ASEReadCounter.table","NW_015090842.1:5801655",3,4,1
"CENPN","s1680_S_LS_02_ASEReadCounter.table","NW_015090842.1:5801670",4,5,1
"CENPN","s1680_S_LS_02_ASEReadCounter.table","NW_015090842.1:5801674",4,6,2
"CENPN","s1680_S_LS_02_ASEReadCounter.table","NW_015090842.1:5801692",4,6,2
"CENPN","s1680_S_LS_02_ASEReadCounter.table","NW_015090842.1:5802008",3,7,4
"CENPN","s1680_S_LS_02_ASEReadCounter.table","NW_015090842.1:5802012",3,6,3
"CENPN","s1680_S_LS_02_ASEReadCounter.table","NW_015090842.1:5802087",2,6,4
"CENPN","s1680_S_LS_02_ASEReadCounter.table","NW_015090842.1:5810113",11,11,0
"CENPN","s1680_S_LS_02_ASEReadCounter.table","NW_015090842.1:5810147",17,18,1
"CENPN","s1680_S_LS_02_ASEReadCounter.table","NW_015090842.1:5810148",17,18,1
"ATMIN","s1680_S_LS_02_ASEReadCounter.table","NW_015090842.1:5818789",3,4,1
"ATMIN","s1680_S_LS_02_ASEReadCounter.table","NW_015090842.1:5819958",3,8,5
"ATMIN","s1680_S_LS_02_ASEReadCounter.table","NW_015090842.1:5820004",5,8,3
"ATMIN","s1680_S_LS_02_ASEReadCounter.table","NW_015090842.1:5820217",2,5,3
"ATMIN","s1680_S_LS_02_ASEReadCounter.table","NW_015090842.1:5820250",4,6,2
"ATMIN","s1680_S_LS_02_ASEReadCounter.table","NW_015090842.1:5820298",4,9,5
"ATMIN","s1680_S_LS_02_ASEReadCounter.table","NW_015090842.1:5820417",2,2,0
"ATMIN","s1680_S_LS_02_ASEReadCounter.table","NW_015090842.1:5820421",3,3,0
"ATMIN","s1680_S_LS_02_ASEReadCounter.table","NW_015090842.1:5820448",3,4,1
"ATMIN","s1680_S_LS_02_ASEReadCounter.table","NW_015090842.1:5820457",3,4,1
"ATMIN","s1680_S_LS_02_ASEReadCounter.table","NW_015090842.1:5820510",6,8,2
"ATMIN","s1680_S_LS_02_ASEReadCounter.table","NW_015090842.1:5820673",2,5,3
"ATMIN","s1680_S_LS_02_ASEReadCounter.table","NW_015090842.1:5820754",0,6,6
"ATMIN","s1680_S_LS_02_ASEReadCounter.table","NW_015090842.1:5820820",0,5,5
"ATMIN","s1680_S_LS_02_ASEReadCounter.table","NW_015090842.1:5820865",3,6,3
"ATMIN","s1680_S_LS_02_ASEReadCounter.table","NW_015090842.1:5820889",6,15,9
"ATMIN","s1680_S_LS_02_ASEReadCounter.table","NW_015090842.1:5820891",6,15,9
"ATMIN","s1680_S_LS_02_ASEReadCounter.table","NW_015090842.1:5820997",2,10,8
"ATMIN","s1680_S_LS_02_ASEReadCounter.table","NW_015090842.1:5821063",3,7,4
"ATMIN","s1680_S_LS_02_ASEReadCounter.table","NW_015090842.1:5821132",3,8,5
"ATMIN","s1680_S_LS_02_ASEReadCounter.table","NW_015090842.1:5821645",7,18,11
"ATMIN","s1680_S_LS_02_ASEReadCounter.table","NW_015090842.1:5825066",19,34,15
"ATMIN","s1680_S_LS_02_ASEReadCounter.table","NW_015090842.1:5825106",13,36,23
"ATMIN","s1680_S_LS_02_ASEReadCounter.table","NW_015090842.1:5825122",12,32,20
"ATMIN","s1680_S_LS_02_ASEReadCounter.table","NW_015090842.1:5825178",11,29,18
"ATMIN","s1680_S_LS_02_ASEReadCounter.table","NW_015090842.1:5825194",15,29,14
"ATMIN","s1680_S_LS_02_ASEReadCounter.table","NW_015090842.1:5825195",14,29,15
"ATMIN","s1680_S_LS_02_ASEReadCounter.table","NW_015090842.1:5825220",15,30,15
"ATMIN","s1680_S_LS_02_ASEReadCounter.table","NW_015090842.1:5825240",17,32,15
"ATMIN","s1680_S_LS_02_ASEReadCounter.table","NW_015090842.1:5825303",19,49,30
"ATMIN","s1680_S_LS_02_ASEReadCounter.table","NW_015090842.1:5825304",20,49,29
"ATMIN","s1680_S_LS_02_ASEReadCounter.table","NW_015090842.1:5825310",22,51,29
"ATMIN","s1680_S_LS_02_ASEReadCounter.table","NW_015090842.1:5825406",15,38,23
"ATMIN","s1680_S_LS_02_ASEReadCounter.table","NW_015090842.1:5825415",19,43,24
"ATMIN","s1680_S_LS_02_ASEReadCounter.table","NW_015090842.1:5825438",17,41,24
"ATMIN","s1680_S_LS_02_ASEReadCounter.table","NW_015090842.1:5825485",19,43,24
"ATMIN","s1680_S_LS_02_ASEReadCounter.table","NW_015090842.1:5825524",18,33,15
"ATMIN","s1680_S_LS_02_ASEReadCounter.table","NW_015090842.1:5825557",19,37,18
"ATMIN","s1680_S_LS_02_ASEReadCounter.table","NW_015090842.1:5825571",19,37,18
"ATMIN","s1680_S_LS_02_ASEReadCounter.table","NW_015090842.1:5825579",19,36,17
"ATMIN","s1680_S_LS_02_ASEReadCounter.table","NW_015090842.1:5825590",16,30,14
"ATMIN","s1680_S_LS_02_ASEReadCounter.table","NW_015090842.1:5825689",30,59,29
"ATMIN","s1680_S_LS_02_ASEReadCounter.table","NW_015090842.1:5825703",29,58,29
"ATMIN","s1680_S_LS_02_ASEReadCounter.table","NW_015090842.1:5825787",24,50,26
"ATMIN","s1680_S_LS_02_ASEReadCounter.table","NW_015090842.1:5825833",30,59,29
"ATMIN","s1680_S_LS_02_ASEReadCounter.table","NW_015090842.1:5825841",25,53,28
"ATMIN","s1680_S_LS_02_ASEReadCounter.table","NW_015090842.1:5825895",34,55,21
"ATMIN","s1680_S_LS_02_ASEReadCounter.table","NW_015090842.1:5825984",23,58,35
"ATMIN","s1680_S_LS_02_ASEReadCounter.table","NW_015090842.1:5826162",35,72,37
"ATMIN","s1680_S_LS_02_ASEReadCounter.table","NW_015090842.1:5826194",40,81,41
"ATMIN","s1680_S_LS_02_ASEReadCounter.table","NW_015090842.1:5826235",45,83,38
"ATMIN","s1680_S_LS_02_ASEReadCounter.table","NW_015090842.1:5826245",44,81,37
"ATMIN","s1680_S_LS_02_ASEReadCounter.table","NW_015090842.1:5826335",26,58,32
"ATMIN","s1680_S_LS_02_ASEReadCounter.table","NW_015090842.1:5826417",28,66,38
"ATMIN","s1680_S_LS_02_ASEReadCounter.table","NW_015090842.1:5826431",25,79,54
"ATMIN","s1680_S_LS_02_ASEReadCounter.table","NW_015090842.1:5826438",30,71,41
"ATMIN","s1680_S_LS_02_ASEReadCounter.table","NW_015090842.1:5826463",36,92,56
"ATMIN","s1680_S_LS_02_ASEReadCounter.table","NW_015090842.1:5826502",46,105,59
"ATMIN","s1680_S_LS_02_ASEReadCounter.table","NW_015090842.1:5826511",51,112,61
"ATMIN","s1680_S_LS_02_ASEReadCounter.table","NW_015090842.1:5826659",37,84,47
"ATMIN","s1680_S_LS_02_ASEReadCounter.table","NW_015090842.1:5826701",41,93,52
"ATMIN","s1680_S_LS_02_ASEReadCounter.table","NW_015090842.1:5826702",41,93,52
"ATMIN","s1680_S_LS_02_ASEReadCounter.table","NW_015090842.1:5826732",44,98,54
"ATMIN","s1680_S_LS_02_ASEReadCounter.table","NW_015090842.1:5826745",44,101,57
"ATMIN","s1680_S_LS_02_ASEReadCounter.table","NW_015090842.1:5826835",64,123,59
"ATMIN","s1680_S_LS_02_ASEReadCounter.table","NW_015090842.1:5826910",56,107,51
"ATMIN","s1680_S_LS_02_ASEReadCounter.table","NW_015090842.1:5826942",46,104,58
"ATMIN","s1680_S_LS_02_ASEReadCounter.table","NW_015090842.1:5827193",77,168,91
"ATMIN","s1680_S_LS_02_ASEReadCounter.table","NW_015090842.1:5827196",75,167,92
"ATMIN","s1680_S_LS_02_ASEReadCounter.table","NW_015090842.1:5827269",87,166,79
"ATMIN","s1680_S_LS_02_ASEReadCounter.table","NW_015090842.1:5827315",62,128,66
"ATMIN","s1680_S_LS_02_ASEReadCounter.table","NW_015090842.1:5827316",65,133,68
"ATMIN","s1680_S_LS_02_ASEReadCounter.table","NW_015090842.1:5827333",72,137,65
"PPP1R3E","s1680_S_LS_02_ASEReadCounter.table","NW_015090842.1:5837733",2,4,2
"PPP1R3E","s1680_S_LS_02_ASEReadCounter.table","NW_015090842.1:5837947",2,5,3
"PKD1L2","s1680_S_LS_02_ASEReadCounter.table","NW_015090842.1:5867509",2,3,1
"PKD1L2","s1680_S_LS_02_ASEReadCounter.table","NW_015090842.1:5867597",1,2,1
"PKD1L2","s1680_S_LS_02_ASEReadCounter.table","NW_015090842.1:5867600",1,2,1
"PKD1L2","s1680_S_LS_02_ASEReadCounter.table","NW_015090842.1:5867660",1,2,1
"PKD1L2","s1680_S_LS_02_ASEReadCounter.table","NW_015090842.1:5867675",2,3,1
"PKD1L2","s1680_S_LS_02_ASEReadCounter.table","NW_015090842.1:5867788",2,3,1
"PKD1L2","s1680_S_LS_02_ASEReadCounter.table","NW_015090842.1:5867843",2,2,0
"BCO1","s1680_S_LS_02_ASEReadCounter.table","NW_015090842.1:5915610",2,2,0
"BCO1","s1680_S_LS_02_ASEReadCounter.table","NW_015090842.1:5915646",2,2,0
"BCO1","s1680_S_LS_02_ASEReadCounter.table","NW_015090842.1:5917836",2,3,1
"BCO1","s1680_S_LS_02_ASEReadCounter.table","NW_015090842.1:5917912",4,6,2
"BCO1","s1680_S_LS_02_ASEReadCounter.table","NW_015090842.1:5917941",5,7,2
"BCO1","s1680_S_LS_02_ASEReadCounter.table","NW_015090842.1:5917971",7,8,1
"BCO1","s1680_S_LS_02_ASEReadCounter.table","NW_015090842.1:5921679",3,4,1
"BCO1","s1680_S_LS_02_ASEReadCounter.table","NW_015090842.1:5921726",2,4,2
"BCO1","s1680_S_LS_02_ASEReadCounter.table","NW_015090842.1:5925669",2,2,0
"BCO1","s1680_S_LS_02_ASEReadCounter.table","NW_015090842.1:5925753",5,8,3
"BCO1","s1680_S_LS_02_ASEReadCounter.table","NW_015090842.1:5926937",1,4,3
"BCO1","s1680_S_LS_02_ASEReadCounter.table","NW_015090842.1:5927921",3,6,3
"BCO1","s1680_S_LS_02_ASEReadCounter.table","NW_015090842.1:5927948",5,8,3
"BCO1","s1680_S_LS_02_ASEReadCounter.table","NW_015090842.1:5927968",6,9,3
"BCO1","s1680_S_LS_02_ASEReadCounter.table","NW_015090842.1:5928052",2,2,0
"BCO1","s1680_S_LS_02_ASEReadCounter.table","NW_015090842.1:5932726",12,15,3
"BCO1","s1680_S_LS_02_ASEReadCounter.table","NW_015090842.1:5932801",10,14,4
"BCO1","s1680_S_LS_02_ASEReadCounter.table","NW_015090842.1:5934558",16,23,7
"BCO1","s1680_S_LS_02_ASEReadCounter.table","NW_015090842.1:5934575",15,23,8
"BCO1","s1680_S_LS_02_ASEReadCounter.table","NW_015090842.1:5934608",18,25,7
"BCO1","s1680_S_LS_02_ASEReadCounter.table","NW_015090842.1:5934647",17,21,4
"BCO1","s1680_S_LS_02_ASEReadCounter.table","NW_015090842.1:5934725",8,12,4
"BCO1","s1680_S_LS_02_ASEReadCounter.table","NW_015090842.1:5934726",8,12,4
"BCO1","s1680_S_LS_02_ASEReadCounter.table","NW_015090842.1:5934733",12,15,3
"BCO1","s1680_S_LS_02_ASEReadCounter.table","NW_015090842.1:5934821",19,23,4
"BCO1","s1680_S_LS_02_ASEReadCounter.table","NW_015090842.1:5934826",17,23,6
"BCO1","s1680_S_LS_02_ASEReadCounter.table","NW_015090842.1:5934844",12,18,6
"BCO1","s1680_S_LS_02_ASEReadCounter.table","NW_015090842.1:5934958",17,22,5
"BCO1","s1680_S_LS_02_ASEReadCounter.table","NW_015090842.1:5934976",16,21,5
"GAN","s1680_S_LS_02_ASEReadCounter.table","NW_015090842.1:5953759",10,23,13
"GAN","s1680_S_LS_02_ASEReadCounter.table","NW_015090842.1:5957502",19,32,13
"GAN","s1680_S_LS_02_ASEReadCounter.table","NW_015090842.1:5957578",13,32,19
"GAN","s1680_S_LS_02_ASEReadCounter.table","NW_015090842.1:5965028",26,45,19
"GAN","s1680_S_LS_02_ASEReadCounter.table","NW_015090842.1:5966047",27,54,27
"GAN","s1680_S_LS_02_ASEReadCounter.table","NW_015090842.1:5966126",17,53,36
"GAN","s1680_S_LS_02_ASEReadCounter.table","NW_015090842.1:5966127",16,51,35
"GAN","s1680_S_LS_02_ASEReadCounter.table","NW_015090842.1:5966162",27,64,37
"GAN","s1680_S_LS_02_ASEReadCounter.table","NW_015090842.1:5966483",58,140,82
"CMIP","s1680_S_LS_02_ASEReadCounter.table","NW_015090842.1:6109159",6,23,17
"CMIP","s1680_S_LS_02_ASEReadCounter.table","NW_015090842.1:6109166",5,19,14
"CMIP","s1680_S_LS_02_ASEReadCounter.table","NW_015090842.1:6114641",11,36,25
"CMIP","s1680_S_LS_02_ASEReadCounter.table","NW_015090842.1:6114751",11,38,27
"CMIP","s1680_S_LS_02_ASEReadCounter.table","NW_015090842.1:6114824",12,39,27
"CMIP","s1680_S_LS_02_ASEReadCounter.table","NW_015090842.1:6128998",29,56,27
"CMIP","s1680_S_LS_02_ASEReadCounter.table","NW_015090842.1:6130562",41,87,46
"CMIP","s1680_S_LS_02_ASEReadCounter.table","NW_015090842.1:6132522",54,104,50
"CMIP","s1680_S_LS_02_ASEReadCounter.table","NW_015090842.1:6134088",43,93,50
"CMIP","s1680_S_LS_02_ASEReadCounter.table","NW_015090842.1:6138265",86,235,149
"CMIP","s1680_S_LS_02_ASEReadCounter.table","NW_015090842.1:6138300",85,238,153
"CMIP","s1680_S_LS_02_ASEReadCounter.table","NW_015090842.1:6138342",76,196,120
"CMIP","s1680_S_LS_02_ASEReadCounter.table","NW_015090842.1:6138343",75,195,120
"CMIP","s1680_S_LS_02_ASEReadCounter.table","NW_015090842.1:6138345",74,191,117
"CMIP","s1680_S_LS_02_ASEReadCounter.table","NW_015090842.1:6138647",79,155,76
"CMIP","s1680_S_LS_02_ASEReadCounter.table","NW_015090842.1:6138745",81,167,86
"CMIP","s1680_S_LS_02_ASEReadCounter.table","NW_015090842.1:6138832",23,65,42
"CMIP","s1680_S_LS_02_ASEReadCounter.table","NW_015090842.1:6138967",91,178,87
"CMIP","s1680_S_LS_02_ASEReadCounter.table","NW_015090842.1:6139131",55,107,52
"CMIP","s1680_S_LS_02_ASEReadCounter.table","NW_015090842.1:6139163",24,76,52
"CMIP","s1680_S_LS_02_ASEReadCounter.table","NW_015090842.1:6139360",41,65,24
"CMIP","s1680_S_LS_02_ASEReadCounter.table","NW_015090842.1:6139572",22,45,23
"CMIP","s1680_S_LS_02_ASEReadCounter.table","NW_015090842.1:6139773",42,80,38
"PLCG2","s1680_S_LS_02_ASEReadCounter.table","NW_015090842.1:6179613",1,4,3
"PLCG2","s1680_S_LS_02_ASEReadCounter.table","NW_015090842.1:6179658",3,7,4
"PLCG2","s1680_S_LS_02_ASEReadCounter.table","NW_015090842.1:6203766",0,4,4
"PLCG2","s1680_S_LS_02_ASEReadCounter.table","NW_015090842.1:6203775",0,5,5
"PLCG2","s1680_S_LS_02_ASEReadCounter.table","NW_015090842.1:6203787",1,6,5
"PLCG2","s1680_S_LS_02_ASEReadCounter.table","NW_015090842.1:6205047",2,10,8
"PLCG2","s1680_S_LS_02_ASEReadCounter.table","NW_015090842.1:6208541",1,3,2
"PLCG2","s1680_S_LS_02_ASEReadCounter.table","NW_015090842.1:6209741",0,5,5
"PLCG2","s1680_S_LS_02_ASEReadCounter.table","NW_015090842.1:6209798",0,4,4
"PLCG2","s1680_S_LS_02_ASEReadCounter.table","NW_015090842.1:6209816",0,3,3
"PLCG2","s1680_S_LS_02_ASEReadCounter.table","NW_015090842.1:6217547",1,4,3
"PLCG2","s1680_S_LS_02_ASEReadCounter.table","NW_015090842.1:6218641",0,4,4
"PLCG2","s1680_S_LS_02_ASEReadCounter.table","NW_015090842.1:6220552",1,5,4
"PLCG2","s1680_S_LS_02_ASEReadCounter.table","NW_015090842.1:6221969",1,6,5
"PLCG2","s1680_S_LS_02_ASEReadCounter.table","NW_015090842.1:6228672",0,5,5
"PLCG2","s1680_S_LS_02_ASEReadCounter.table","NW_015090842.1:6228694",1,6,5
"PLCG2","s1680_S_LS_02_ASEReadCounter.table","NW_015090842.1:6228722",1,8,7
"PLCG2","s1680_S_LS_02_ASEReadCounter.table","NW_015090842.1:6228747",0,8,8
"PLCG2","s1680_S_LS_02_ASEReadCounter.table","NW_015090842.1:6228835",1,8,7
"PLCG2","s1680_S_LS_02_ASEReadCounter.table","NW_015090842.1:6228841",1,9,8
"PLCG2","s1680_S_LS_02_ASEReadCounter.table","NW_015090842.1:6228865",1,10,9
"PLCG2","s1680_S_LS_02_ASEReadCounter.table","NW_015090842.1:6228917",2,12,10
"PLCG2","s1680_S_LS_02_ASEReadCounter.table","NW_015090842.1:6228926",1,8,7
"PLCG2","s1680_S_LS_02_ASEReadCounter.table","NW_015090842.1:6228954",0,5,5
"PLCG2","s1680_S_LS_02_ASEReadCounter.table","NW_015090842.1:6229002",0,5,5
"PLCG2","s1680_S_LS_02_ASEReadCounter.table","NW_015090842.1:6229006",0,5,5
"PLCG2","s1680_S_LS_02_ASEReadCounter.table","NW_015090842.1:6229081",1,4,3
"PLCG2","s1680_S_LS_02_ASEReadCounter.table","NW_015090842.1:6229097",1,4,3
"PLCG2","s1680_S_LS_02_ASEReadCounter.table","NW_015090842.1:6229160",1,3,2
"PLCG2","s1680_S_LS_02_ASEReadCounter.table","NW_015090842.1:6229213",2,7,5
"PLCG2","s1680_S_LS_02_ASEReadCounter.table","NW_015090842.1:6229231",3,8,5
"PLCG2","s1680_S_LS_02_ASEReadCounter.table","NW_015090842.1:6229663",1,4,3
"PLCG2","s1680_S_LS_02_ASEReadCounter.table","NW_015090842.1:6229748",2,4,2
"PLCG2","s1680_S_LS_02_ASEReadCounter.table","NW_015090842.1:6229892",1,1,0
"PLCG2","s1680_S_LS_02_ASEReadCounter.table","NW_015090842.1:6230248",1,3,2
"PLCG2","s1680_S_LS_02_ASEReadCounter.table","NW_015090842.1:6230255",1,3,2
"PLCG2","s1680_S_LS_02_ASEReadCounter.table","NW_015090842.1:6230296",2,4,2
"PLCG2","s1680_S_LS_02_ASEReadCounter.table","NW_015090842.1:6230349",2,6,4
"PLCG2","s1680_S_LS_02_ASEReadCounter.table","NW_015090842.1:6230381",2,6,4
"PLCG2","s1680_S_LS_02_ASEReadCounter.table","NW_015090842.1:6230408",1,5,4
"PLCG2","s1680_S_LS_02_ASEReadCounter.table","NW_015090842.1:6230439",3,5,2
"PLCG2","s1680_S_LS_02_ASEReadCounter.table","NW_015090842.1:6230757",1,2,1
"PLCG2","s1680_S_LS_02_ASEReadCounter.table","NW_015090842.1:6230758",1,1,0
"PLCG2","s1680_S_LS_02_ASEReadCounter.table","NW_015090842.1:6230898",4,4,0
"PLCG2","s1680_S_LS_02_ASEReadCounter.table","NW_015090842.1:6230976",6,8,2
"PLCG2","s1680_S_LS_02_ASEReadCounter.table","NW_015090842.1:6231078",4,8,4
"PLCG2","s1680_S_LS_02_ASEReadCounter.table","NW_015090842.1:6231138",1,4,3
"PLCG2","s1680_S_LS_02_ASEReadCounter.table","NW_015090842.1:6231177",2,2,0
"PLCG2","s1680_S_LS_02_ASEReadCounter.table","NW_015090842.1:6231263",5,7,2
"PLCG2","s1680_S_LS_02_ASEReadCounter.table","NW_015090842.1:6231309",2,3,1
"SDR42E1","s1680_S_LS_02_ASEReadCounter.table","NW_015090842.1:6235292",0,6,6
"SDR42E1","s1680_S_LS_02_ASEReadCounter.table","NW_015090842.1:6235315",2,10,8
"SDR42E1","s1680_S_LS_02_ASEReadCounter.table","NW_015090842.1:6235348",3,10,7
"SDR42E1","s1680_S_LS_02_ASEReadCounter.table","NW_015090842.1:6235355",3,12,9
"SDR42E1","s1680_S_LS_02_ASEReadCounter.table","NW_015090842.1:6235417",4,14,10
"SDR42E1","s1680_S_LS_02_ASEReadCounter.table","NW_015090842.1:6235526",21,21,0
"SDR42E1","s1680_S_LS_02_ASEReadCounter.table","NW_015090842.1:6235558",4,20,16
"SDR42E1","s1680_S_LS_02_ASEReadCounter.table","NW_015090842.1:6235603",24,24,0
"SDR42E1","s1680_S_LS_02_ASEReadCounter.table","NW_015090842.1:6235741",5,20,15
"SDR42E1","s1680_S_LS_02_ASEReadCounter.table","NW_015090842.1:6235777",7,29,22
"SDR42E1","s1680_S_LS_02_ASEReadCounter.table","NW_015090842.1:6235806",8,32,24
"SDR42E1","s1680_S_LS_02_ASEReadCounter.table","NW_015090842.1:6235809",9,33,24
"SDR42E1","s1680_S_LS_02_ASEReadCounter.table","NW_015090842.1:6235816",9,29,20
"SDR42E1","s1680_S_LS_02_ASEReadCounter.table","NW_015090842.1:6235914",4,22,18
"SDR42E1","s1680_S_LS_02_ASEReadCounter.table","NW_015090842.1:6235935",3,18,15
"SDR42E1","s1680_S_LS_02_ASEReadCounter.table","NW_015090842.1:6235957",2,13,11
"SDR42E1","s1680_S_LS_02_ASEReadCounter.table","NW_015090842.1:6236040",3,10,7
"SDR42E1","s1680_S_LS_02_ASEReadCounter.table","NW_015090842.1:6236260",6,11,5
"SDR42E1","s1680_S_LS_02_ASEReadCounter.table","NW_015090842.1:6236281",4,9,5
"SDR42E1","s1680_S_LS_02_ASEReadCounter.table","NW_015090842.1:6236305",4,11,7
"SDR42E1","s1680_S_LS_02_ASEReadCounter.table","NW_015090842.1:6236458",2,5,3
"SDR42E1","s1680_S_LS_02_ASEReadCounter.table","NW_015090842.1:6236476",4,9,5
"SDR42E1","s1680_S_LS_02_ASEReadCounter.table","NW_015090842.1:6236608",4,8,4
"SDR42E1","s1680_S_LS_02_ASEReadCounter.table","NW_015090842.1:6238244",1,2,1
"SDR42E1","s1680_S_LS_02_ASEReadCounter.table","NW_015090842.1:6238829",1,2,1
"HSD17B2","s1680_S_LS_02_ASEReadCounter.table","NW_015090842.1:6257829",0,1,1
"HSD17B2","s1680_S_LS_02_ASEReadCounter.table","NW_015090842.1:6266795",0,1,1
"HSD17B2","s1680_S_LS_02_ASEReadCounter.table","NW_015090842.1:6266944",0,1,1
"HSD17B2","s1680_S_LS_02_ASEReadCounter.table","NW_015090842.1:6266997",0,1,1
"HSD17B2","s1680_S_LS_02_ASEReadCounter.table","NW_015090842.1:6267674",1,1,0
"HSD17B2","s1680_S_LS_02_ASEReadCounter.table","NW_015090842.1:6268098",0,1,1
"HSD17B2","s1680_S_LS_02_ASEReadCounter.table","NW_015090842.1:6268180",1,1,0
"HSD17B2","s1680_S_LS_02_ASEReadCounter.table","NW_015090842.1:6268203",0,1,1
"ARY2","s1680_S_LS_02_ASEReadCounter.table","NW_015090842.1:6303922",21,23,2
"ARY2","s1680_S_LS_02_ASEReadCounter.table","NW_015090842.1:6303954",16,20,4
"ARY2","s1680_S_LS_02_ASEReadCounter.table","NW_015090842.1:6303979",19,24,5
"ARY2","s1680_S_LS_02_ASEReadCounter.table","NW_015090842.1:6305848",17,25,8
"ARY2","s1680_S_LS_02_ASEReadCounter.table","NW_015090842.1:6305856",18,26,8
"ARY2","s1680_S_LS_02_ASEReadCounter.table","NW_015090842.1:6305857",18,26,8
"ARY2","s1680_S_LS_02_ASEReadCounter.table","NW_015090842.1:6306017",11,21,10
"ARY2","s1680_S_LS_02_ASEReadCounter.table","NW_015090842.1:6306052",16,32,16
"ARY2","s1680_S_LS_02_ASEReadCounter.table","NW_015090842.1:6306094",17,36,19
"ARY2","s1680_S_LS_02_ASEReadCounter.table","NW_015090842.1:6306100",18,39,21
"ARY2","s1680_S_LS_02_ASEReadCounter.table","NW_015090842.1:6306146",19,34,15
"ARY2","s1680_S_LS_02_ASEReadCounter.table","NW_015090842.1:6306147",18,33,15
"ARY2","s1680_S_LS_02_ASEReadCounter.table","NW_015090842.1:6306390",25,38,13
"ARY2","s1680_S_LS_02_ASEReadCounter.table","NW_015090842.1:6306567",13,18,5
"ARY2","s1680_S_LS_02_ASEReadCounter.table","NW_015090842.1:6306705",28,36,8
"ARY2","s1680_S_LS_02_ASEReadCounter.table","NW_015090842.1:6306713",34,34,0
"ARY2","s1680_S_LS_02_ASEReadCounter.table","NW_015090842.1:6306773",20,33,13
"ARY2","s1680_S_LS_02_ASEReadCounter.table","NW_015090842.1:6307039",25,34,9
"ARY2","s1680_S_LS_02_ASEReadCounter.table","NW_015090842.1:6307043",26,37,11
"ARY2","s1680_S_LS_02_ASEReadCounter.table","NW_015090842.1:6307093",21,31,10
"ARY2","s1680_S_LS_02_ASEReadCounter.table","NW_015090842.1:6307138",8,20,12
"ARY2","s1680_S_LS_02_ASEReadCounter.table","NW_015090842.1:6307157",23,33,10
"ARY2","s1680_S_LS_02_ASEReadCounter.table","NW_015090842.1:6307187",26,39,13
"ARY2","s1680_S_LS_02_ASEReadCounter.table","NW_015090842.1:6307278",31,40,9
"ARY2","s1680_S_LS_02_ASEReadCounter.table","NW_015090842.1:6307305",29,38,9
"ARY2","s1680_S_LS_02_ASEReadCounter.table","NW_015090842.1:6307318",26,38,12
"ARY2","s1680_S_LS_02_ASEReadCounter.table","NW_015090842.1:6307429",33,43,10
"ARY2","s1680_S_LS_02_ASEReadCounter.table","NW_015090842.1:6307487",27,40,13
"ARY2","s1680_S_LS_02_ASEReadCounter.table","NW_015090842.1:6307670",27,36,9
"ARYL","s1680_S_LS_02_ASEReadCounter.table","NW_015090842.1:6313360",2,5,3
"ARYL","s1680_S_LS_02_ASEReadCounter.table","NW_015090842.1:6313377",2,4,2
"ARYL","s1680_S_LS_02_ASEReadCounter.table","NW_015090842.1:6313767",3,4,1
"ARY1","s1680_S_LS_02_ASEReadCounter.table","NW_015090842.1:6313909",10,10,0
"ARY1","s1680_S_LS_02_ASEReadCounter.table","NW_015090842.1:6314296",3,9,6
"ARY1","s1680_S_LS_02_ASEReadCounter.table","NW_015090842.1:6314541",9,13,4
"ARY1","s1680_S_LS_02_ASEReadCounter.table","NW_015090842.1:6314597",9,13,4
"ARY1","s1680_S_LS_02_ASEReadCounter.table","NW_015090842.1:6314750",4,9,5
"ARY1","s1680_S_LS_02_ASEReadCounter.table","NW_015090842.1:6314794",4,8,4
"ARY1","s1680_S_LS_02_ASEReadCounter.table","NW_015090842.1:6314827",5,8,3
"ARY1","s1680_S_LS_02_ASEReadCounter.table","NW_015090842.1:6314843",8,8,0
"ARY1","s1680_S_LS_02_ASEReadCounter.table","NW_015090842.1:6314859",5,8,3
"ARY1","s1680_S_LS_02_ASEReadCounter.table","NW_015090842.1:6314886",7,9,2
"ARY1","s1680_S_LS_02_ASEReadCounter.table","NW_015090842.1:6314943",7,7,0
"ARY1","s1680_S_LS_02_ASEReadCounter.table","NW_015090842.1:6314949",7,7,0
"ARY1","s1680_S_LS_02_ASEReadCounter.table","NW_015090842.1:6315022",7,13,6
"ARY1","s1680_S_LS_02_ASEReadCounter.table","NW_015090842.1:6315026",7,13,6
"ARY1","s1680_S_LS_02_ASEReadCounter.table","NW_015090842.1:6315043",5,10,5
"ARY1","s1680_S_LS_02_ASEReadCounter.table","NW_015090842.1:6315065",4,11,7
"ARY1","s1680_S_LS_02_ASEReadCounter.table","NW_015090842.1:6315409",6,13,7
"ARY1","s1680_S_LS_02_ASEReadCounter.table","NW_015090842.1:6315479",7,10,3
"ARY1","s1680_S_LS_02_ASEReadCounter.table","NW_015090842.1:6318342",15,25,10
"ARY1","s1680_S_LS_02_ASEReadCounter.table","NW_015090842.1:6318427",12,24,12
"ARY1","s1680_S_LS_02_ASEReadCounter.table","NW_015090842.1:6318603",8,14,6
"ARY1","s1680_S_LS_02_ASEReadCounter.table","NW_015090842.1:6318708",16,26,10
"ARY1","s1680_S_LS_02_ASEReadCounter.table","NW_015090842.1:6318858",19,31,12
"ARY1","s1680_S_LS_02_ASEReadCounter.table","NW_015090842.1:6318952",17,23,6
"MPHOSPH6","s1680_S_LS_02_ASEReadCounter.table","NW_015090842.1:6324063",55,120,65
"MPHOSPH6","s1680_S_LS_02_ASEReadCounter.table","NW_015090842.1:6324174",106,244,138
"MPHOSPH6","s1680_S_LS_02_ASEReadCounter.table","NW_015090842.1:6324270",135,272,137
"MPHOSPH6","s1680_S_LS_02_ASEReadCounter.table","NW_015090842.1:6324762",108,210,102
"MPHOSPH6","s1680_S_LS_02_ASEReadCounter.table","NW_015090842.1:6324772",107,198,91
"MPHOSPH6","s1680_S_LS_02_ASEReadCounter.table","NW_015090842.1:6324780",92,178,86
"MPHOSPH6","s1680_S_LS_02_ASEReadCounter.table","NW_015090842.1:6324902",108,222,114
"MPHOSPH6","s1680_S_LS_02_ASEReadCounter.table","NW_015090842.1:6324910",209,209,0
"MPHOSPH6","s1680_S_LS_02_ASEReadCounter.table","NW_015090842.1:6325066",98,207,109
"MPHOSPH6","s1680_S_LS_02_ASEReadCounter.table","NW_015090842.1:6325089",102,225,123
"MPHOSPH6","s1680_S_LS_02_ASEReadCounter.table","NW_015090842.1:6325298",107,241,134
"MPHOSPH6","s1680_S_LS_02_ASEReadCounter.table","NW_015090842.1:6325877",79,173,94
"MPHOSPH6","s1680_S_LS_02_ASEReadCounter.table","NW_015090842.1:6326976",51,126,75
"CDH13","s1680_S_LS_02_ASEReadCounter.table","NW_015090842.1:6662283",7,13,6
"CDH13","s1680_S_LS_02_ASEReadCounter.table","NW_015090842.1:6693665",6,12,6
"CDH13","s1680_S_LS_02_ASEReadCounter.table","NW_015090842.1:6693697",5,10,5
"CDH13","s1680_S_LS_02_ASEReadCounter.table","NW_015090842.1:6693712",5,10,5
"CDH13","s1680_S_LS_02_ASEReadCounter.table","NW_015090842.1:6693723",5,9,4
"CDH13","s1680_S_LS_02_ASEReadCounter.table","NW_015090842.1:6693738",4,8,4
"CDH13","s1680_S_LS_02_ASEReadCounter.table","NW_015090842.1:6823730",12,20,8
"CDH13","s1680_S_LS_02_ASEReadCounter.table","NW_015090842.1:6889713",4,10,6
"CDH13","s1680_S_LS_02_ASEReadCounter.table","NW_015090842.1:6955167",11,24,13
"MLYCD","s1680_S_LS_02_ASEReadCounter.table","NW_015090842.1:7150054",71,142,71
"MLYCD","s1680_S_LS_02_ASEReadCounter.table","NW_015090842.1:7150131",90,207,117
"MLYCD","s1680_S_LS_02_ASEReadCounter.table","NW_015090842.1:7150585",75,166,91
"MLYCD","s1680_S_LS_02_ASEReadCounter.table","NW_015090842.1:7150686",63,134,71
"MLYCD","s1680_S_LS_02_ASEReadCounter.table","NW_015090842.1:7150696",75,150,75
"MLYCD","s1680_S_LS_02_ASEReadCounter.table","NW_015090842.1:7150698",148,148,0
"MLYCD","s1680_S_LS_02_ASEReadCounter.table","NW_015090842.1:7150869",40,101,61
"MLYCD","s1680_S_LS_02_ASEReadCounter.table","NW_015090842.1:7151100",38,94,56
"MLYCD","s1680_S_LS_02_ASEReadCounter.table","NW_015090842.1:7151127",43,105,62
"MLYCD","s1680_S_LS_02_ASEReadCounter.table","NW_015090842.1:7157538",32,64,32
"MLYCD","s1680_S_LS_02_ASEReadCounter.table","NW_015090842.1:7167662",11,29,18
"MLYCD","s1680_S_LS_02_ASEReadCounter.table","NW_015090842.1:7167675",14,34,20
"MLYCD","s1680_S_LS_02_ASEReadCounter.table","NW_015090842.1:7167710",13,33,20
"MLYCD","s1680_S_LS_02_ASEReadCounter.table","NW_015090842.1:7167781",10,24,14
"MLYCD","s1680_S_LS_02_ASEReadCounter.table","NW_015090842.1:7167803",10,23,13
"MLYCD","s1680_S_LS_02_ASEReadCounter.table","NW_015090842.1:7167812",8,21,13
"MLYCD","s1680_S_LS_02_ASEReadCounter.table","NW_015090842.1:7167845",8,27,19
"MLYCD","s1680_S_LS_02_ASEReadCounter.table","NW_015090842.1:7167862",5,21,16
"MLYCD","s1680_S_LS_02_ASEReadCounter.table","NW_015090842.1:7167929",4,13,9
"MLYCD","s1680_S_LS_02_ASEReadCounter.table","NW_015090842.1:7167995",5,9,4
"MLYCD","s1680_S_LS_02_ASEReadCounter.table","NW_015090842.1:7168005",5,8,3
"MLYCD","s1680_S_LS_02_ASEReadCounter.table","NW_015090842.1:7168037",6,12,6
"HSBP1","s1680_S_LS_02_ASEReadCounter.table","NW_015090842.1:7245192",617,1056,439
"HSBP1","s1680_S_LS_02_ASEReadCounter.table","NW_015090842.1:7245226",703,1255,552
"HSBP1","s1680_S_LS_02_ASEReadCounter.table","NW_015090842.1:7245257",632,1150,518
"HSBP1","s1680_S_LS_02_ASEReadCounter.table","NW_015090842.1:7245296",579,1168,589
"HSBP1","s1680_S_LS_02_ASEReadCounter.table","NW_015090842.1:7245389",749,1315,566
"HSBP1","s1680_S_LS_02_ASEReadCounter.table","NW_015090842.1:7245400",787,1303,516
"HSBP1","s1680_S_LS_02_ASEReadCounter.table","NW_015090842.1:7245445",722,1266,544
"HSBP1","s1680_S_LS_02_ASEReadCounter.table","NW_015090842.1:7245495",709,1196,487
"HSBP1","s1680_S_LS_02_ASEReadCounter.table","NW_015090842.1:7245515",779,1309,530
"HSBP1","s1680_S_LS_02_ASEReadCounter.table","NW_015090842.1:7245733",460,852,392
"HSBP1","s1680_S_LS_02_ASEReadCounter.table","NW_015090842.1:7245771",489,856,367
"HSBP1","s1680_S_LS_02_ASEReadCounter.table","NW_015090842.1:7245813",462,802,340
"HSBP1","s1680_S_LS_02_ASEReadCounter.table","NW_015090842.1:7245926",484,860,376
"HSBP1","s1680_S_LS_02_ASEReadCounter.table","NW_015090842.1:7245927",484,859,375
"HSBP1","s1680_S_LS_02_ASEReadCounter.table","NW_015090842.1:7245933",479,833,354
"HSBP1","s1680_S_LS_02_ASEReadCounter.table","NW_015090842.1:7246002",360,691,331
"HSBP1","s1680_S_LS_02_ASEReadCounter.table","NW_015090842.1:7246094",439,754,315
"HSBP1","s1680_S_LS_02_ASEReadCounter.table","NW_015090842.1:7246167",445,788,343
"HSBP1","s1680_S_LS_02_ASEReadCounter.table","NW_015090842.1:7246183",410,755,345
"HSBP1","s1680_S_LS_02_ASEReadCounter.table","NW_015090842.1:7247285",53,63,10
"HSBP1","s1680_S_LS_02_ASEReadCounter.table","NW_015090842.1:7247651",448,936,488
"HSBP1","s1680_S_LS_02_ASEReadCounter.table","NW_015090842.1:7247657",428,935,507
"HSBP1","s1680_S_LS_02_ASEReadCounter.table","NW_015090842.1:7248520",272,590,318
"HSBP1","s1680_S_LS_02_ASEReadCounter.table","NW_015090842.1:7248535",230,482,252
"KCNG4","s1680_S_LS_02_ASEReadCounter.table","NW_015090842.1:7282481",1,5,4
"KCNG4","s1680_S_LS_02_ASEReadCounter.table","NW_015090842.1:7282500",2,3,1
"KCNG4","s1680_S_LS_02_ASEReadCounter.table","NW_015090842.1:7282542",3,5,2
"KCNG4","s1680_S_LS_02_ASEReadCounter.table","NW_015090842.1:7282579",2,4,2
"KCNG4","s1680_S_LS_02_ASEReadCounter.table","NW_015090842.1:7282630",3,5,2
"KCNG4","s1680_S_LS_02_ASEReadCounter.table","NW_015090842.1:7282760",2,2,0
"KCNG4","s1680_S_LS_02_ASEReadCounter.table","NW_015090842.1:7283056",0,2,2
"KCNG4","s1680_S_LS_02_ASEReadCounter.table","NW_015090842.1:7283245",1,1,0
"KCNG4","s1680_S_LS_02_ASEReadCounter.table","NW_015090842.1:7299491",1,1,0
"KCNG4","s1680_S_LS_02_ASEReadCounter.table","NW_015090842.1:7301227",1,1,0
"KCNG4","s1680_S_LS_02_ASEReadCounter.table","NW_015090842.1:7301240",1,1,0
"WFDC1","s1680_S_LS_02_ASEReadCounter.table","NW_015090842.1:7366517",0,1,1
"ATP2C2","s1680_S_LS_02_ASEReadCounter.table","NW_015090842.1:7413747",4,9,5
"TLDC1","s1680_S_LS_02_ASEReadCounter.table","NW_015090842.1:7421997",18,35,17
"COTL1","s1680_S_LS_02_ASEReadCounter.table","NW_015090842.1:7490707",921,1872,951
"COTL1","s1680_S_LS_02_ASEReadCounter.table","NW_015090842.1:7490708",919,1872,953
"COTL1","s1680_S_LS_02_ASEReadCounter.table","NW_015090842.1:7490711",948,1906,958
"COTL1","s1680_S_LS_02_ASEReadCounter.table","NW_015090842.1:7490739",922,1860,938
"COTL1","s1680_S_LS_02_ASEReadCounter.table","NW_015090842.1:7490785",867,1725,858
"COTL1","s1680_S_LS_02_ASEReadCounter.table","NW_015090842.1:7490820",82,1108,1026
"COTL1","s1680_S_LS_02_ASEReadCounter.table","NW_015090842.1:7490846",1715,1715,0
"COTL1","s1680_S_LS_02_ASEReadCounter.table","NW_015090842.1:7505672",0,1,1
"KLHL36","s1680_S_LS_02_ASEReadCounter.table","NW_015090842.1:7526337",32,58,26
"KLHL36","s1680_S_LS_02_ASEReadCounter.table","NW_015090842.1:7537681",115,115,0
"USP10","s1680_S_LS_02_ASEReadCounter.table","NW_015090842.1:7572213",32,59,27
"USP10","s1680_S_LS_02_ASEReadCounter.table","NW_015090842.1:7572358",53,53,0
"CRISPLD2","s1680_S_LS_02_ASEReadCounter.table","NW_015090842.1:7619796",0,1,1
"CRISPLD2","s1680_S_LS_02_ASEReadCounter.table","NW_015090842.1:7630779",16,16,0
"CRISPLD2","s1680_S_LS_02_ASEReadCounter.table","NW_015090842.1:7633611",11,11,0
"CRISPLD2","s1680_S_LS_02_ASEReadCounter.table","NW_015090842.1:7633787",3,11,8
"CRISPLD2","s1680_S_LS_02_ASEReadCounter.table","NW_015090842.1:7634023",1,3,2
"CRISPLD2","s1680_S_LS_02_ASEReadCounter.table","NW_015090842.1:7634620",11,11,0
"CRISPLD2","s1680_S_LS_02_ASEReadCounter.table","NW_015090842.1:7636315",2,2,0
"MTHFSD","s1680_S_LS_02_ASEReadCounter.table","NW_015090842.1:8152578",13,32,19
"DUSP15","s1680_S_LS_02_ASEReadCounter.table","NW_015090842.1:8422840",0,1,1
"DUSP15","s1680_S_LS_02_ASEReadCounter.table","NW_015090842.1:8427711",1,1,0
"DUSP15","s1680_S_LS_02_ASEReadCounter.table","NW_015090842.1:8431988",0,2,2
"EMC8","s1680_S_LS_02_ASEReadCounter.table","NW_015090842.1:8452385",30,60,30
"GINS2","s1680_S_LS_02_ASEReadCounter.table","NW_015090842.1:8467469",30,30,0
"GINS2","s1680_S_LS_02_ASEReadCounter.table","NW_015090842.1:8470290",28,75,47
"GINS2","s1680_S_LS_02_ASEReadCounter.table","NW_015090842.1:8470305",31,72,41
"GINS2","s1680_S_LS_02_ASEReadCounter.table","NW_015090842.1:8470376",35,77,42
"GINS2","s1680_S_LS_02_ASEReadCounter.table","NW_015090842.1:8471057",18,26,8
"KIAA0513","s1680_S_LS_02_ASEReadCounter.table","NW_015090842.1:8674736",85,85,0
"KIAA0513","s1680_S_LS_02_ASEReadCounter.table","NW_015090842.1:8687268",0,1,1
"KIAA0513","s1680_S_LS_02_ASEReadCounter.table","NW_015090842.1:8693655",4,4,0
"ZCCHC14","s1680_S_LS_02_ASEReadCounter.table","NW_015090842.1:8750189",117,117,0
"JPH3","s1680_S_LS_02_ASEReadCounter.table","NW_015090842.1:8872294",50,97,47
"KLHDC4","s1680_S_LS_02_ASEReadCounter.table","NW_015090842.1:8891175",187,187,0
"KLHDC4","s1680_S_LS_02_ASEReadCounter.table","NW_015090842.1:8905251",26,49,23
"KLHDC4","s1680_S_LS_02_ASEReadCounter.table","NW_015090842.1:8919630",1,1,0
"SLC7A5","s1680_S_LS_02_ASEReadCounter.table","NW_015090842.1:8940382",205,205,0
"SLC7A5","s1680_S_LS_02_ASEReadCounter.table","NW_015090842.1:8941818",104,104,0
"SLC7A5","s1680_S_LS_02_ASEReadCounter.table","NW_015090842.1:8944655",47,47,0
"CA5A","s1680_S_LS_02_ASEReadCounter.table","NW_015090842.1:8989479",67,121,54
"CA5A","s1680_S_LS_02_ASEReadCounter.table","NW_015090842.1:8989562",78,154,76
"CA5A","s1680_S_LS_02_ASEReadCounter.table","NW_015090842.1:8989609",79,161,82
"CA5A","s1680_S_LS_02_ASEReadCounter.table","NW_015090842.1:8989693",77,184,107
"CA5A","s1680_S_LS_02_ASEReadCounter.table","NW_015090842.1:8989702",87,183,96
"CA5A","s1680_S_LS_02_ASEReadCounter.table","NW_015090842.1:8989746",90,205,115
"CA5A","s1680_S_LS_02_ASEReadCounter.table","NW_015090842.1:8989880",75,155,80
"CA5A","s1680_S_LS_02_ASEReadCounter.table","NW_015090842.1:8989885",79,157,78
"CA5A","s1680_S_LS_02_ASEReadCounter.table","NW_015090842.1:8989929",69,160,91
"CA5A","s1680_S_LS_02_ASEReadCounter.table","NW_015090842.1:8990002",63,152,89
"CA5A","s1680_S_LS_02_ASEReadCounter.table","NW_015090842.1:8990004",61,151,90
"CA5A","s1680_S_LS_02_ASEReadCounter.table","NW_015090842.1:8990005",61,150,89
"CA5A","s1680_S_LS_02_ASEReadCounter.table","NW_015090842.1:8990017",67,138,71
"CA5A","s1680_S_LS_02_ASEReadCounter.table","NW_015090842.1:8990043",65,121,56
"CA5A","s1680_S_LS_02_ASEReadCounter.table","NW_015090842.1:8990080",53,111,58
"CA5A","s1680_S_LS_02_ASEReadCounter.table","NW_015090842.1:8990084",48,106,58
"CA5A","s1680_S_LS_02_ASEReadCounter.table","NW_015090842.1:8990090",49,104,55
"CA5A","s1680_S_LS_02_ASEReadCounter.table","NW_015090842.1:8990095",47,104,57
"CA5A","s1680_S_LS_02_ASEReadCounter.table","NW_015090842.1:8990111",43,99,56
"CA5A","s1680_S_LS_02_ASEReadCounter.table","NW_015090842.1:8990112",42,99,57
"CA5A","s1680_S_LS_02_ASEReadCounter.table","NW_015090842.1:8990115",46,103,57
"CA5A","s1680_S_LS_02_ASEReadCounter.table","NW_015090842.1:8990166",46,91,45
"CA5A","s1680_S_LS_02_ASEReadCounter.table","NW_015090842.1:8990169",54,99,45
"CA5A","s1680_S_LS_02_ASEReadCounter.table","NW_015090842.1:8990222",49,84,35
"CA5A","s1680_S_LS_02_ASEReadCounter.table","NW_015090842.1:8990289",50,93,43
"CA5A","s1680_S_LS_02_ASEReadCounter.table","NW_015090842.1:8990314",48,91,43
"CA5A","s1680_S_LS_02_ASEReadCounter.table","NW_015090842.1:8990361",43,87,44
"CA5A","s1680_S_LS_02_ASEReadCounter.table","NW_015090842.1:8990368",43,86,43
"CA5A","s1680_S_LS_02_ASEReadCounter.table","NW_015090842.1:8990429",41,76,35
"CA5A","s1680_S_LS_02_ASEReadCounter.table","NW_015090842.1:8990466",35,64,29
"CA5A","s1680_S_LS_02_ASEReadCounter.table","NW_015090842.1:8990663",39,78,39
"CA5A","s1680_S_LS_02_ASEReadCounter.table","NW_015090842.1:8990797",27,60,33
"CA5A","s1680_S_LS_02_ASEReadCounter.table","NW_015090842.1:8990836",27,59,32
"CA5A","s1680_S_LS_02_ASEReadCounter.table","NW_015090842.1:8990842",25,56,31
"CA5A","s1680_S_LS_02_ASEReadCounter.table","NW_015090842.1:8990851",26,54,28
"CA5A","s1680_S_LS_02_ASEReadCounter.table","NW_015090842.1:8990918",23,46,23
"CA5A","s1680_S_LS_02_ASEReadCounter.table","NW_015090842.1:8990921",21,49,28
"CA5A","s1680_S_LS_02_ASEReadCounter.table","NW_015090842.1:8990942",31,56,25
"CA5A","s1680_S_LS_02_ASEReadCounter.table","NW_015090842.1:8991001",42,71,29
"CA5A","s1680_S_LS_02_ASEReadCounter.table","NW_015090842.1:8991038",44,65,21
"CA5A","s1680_S_LS_02_ASEReadCounter.table","NW_015090842.1:8991149",28,58,30
"CA5A","s1680_S_LS_02_ASEReadCounter.table","NW_015090842.1:8991176",38,66,28
"CA5A","s1680_S_LS_02_ASEReadCounter.table","NW_015090842.1:8991241",35,68,33
"CA5A","s1680_S_LS_02_ASEReadCounter.table","NW_015090842.1:8991262",31,61,30
"CA5A","s1680_S_LS_02_ASEReadCounter.table","NW_015090842.1:8991316",41,45,4
"CA5A","s1680_S_LS_02_ASEReadCounter.table","NW_015090842.1:8991319",38,41,3
"CA5A","s1680_S_LS_02_ASEReadCounter.table","NW_015090842.1:8991330",42,43,1
"CA5A","s1680_S_LS_02_ASEReadCounter.table","NW_015090842.1:8991334",35,39,4
"CA5A","s1680_S_LS_02_ASEReadCounter.table","NW_015090842.1:8991362",39,59,20
"CA5A","s1680_S_LS_02_ASEReadCounter.table","NW_015090842.1:8991368",39,60,21
"CA5A","s1680_S_LS_02_ASEReadCounter.table","NW_015090842.1:8991390",35,56,21
"CA5A","s1680_S_LS_02_ASEReadCounter.table","NW_015090842.1:8991395",35,56,21
"CA5A","s1680_S_LS_02_ASEReadCounter.table","NW_015090842.1:8991422",33,56,23
"CA5A","s1680_S_LS_02_ASEReadCounter.table","NW_015090842.1:8991467",28,53,25
"CA5A","s1680_S_LS_02_ASEReadCounter.table","NW_015090842.1:8991576",17,38,21
"CA5A","s1680_S_LS_02_ASEReadCounter.table","NW_015090842.1:8991587",21,41,20
"CA5A","s1680_S_LS_02_ASEReadCounter.table","NW_015090842.1:8991655",25,44,19
"CA5A","s1680_S_LS_02_ASEReadCounter.table","NW_015090842.1:8991717",27,46,19
"CA5A","s1680_S_LS_02_ASEReadCounter.table","NW_015090842.1:8991726",27,45,18
"CA5A","s1680_S_LS_02_ASEReadCounter.table","NW_015090842.1:8991799",26,45,19
"CA5A","s1680_S_LS_02_ASEReadCounter.table","NW_015090842.1:8991809",26,47,21
"CA5A","s1680_S_LS_02_ASEReadCounter.table","NW_015090842.1:8991848",26,50,24
"CA5A","s1680_S_LS_02_ASEReadCounter.table","NW_015090842.1:8991849",26,50,24
"CA5A","s1680_S_LS_02_ASEReadCounter.table","NW_015090842.1:8991927",21,49,28
"CA5A","s1680_S_LS_02_ASEReadCounter.table","NW_015090842.1:8991941",17,45,28
"CA5A","s1680_S_LS_02_ASEReadCounter.table","NW_015090842.1:8992121",17,35,18
"CA5A","s1680_S_LS_02_ASEReadCounter.table","NW_015090842.1:8992224",19,31,12
"CA5A","s1680_S_LS_02_ASEReadCounter.table","NW_015090842.1:9002570",5,15,10
"CA5A","s1680_S_LS_02_ASEReadCounter.table","NW_015090842.1:9002600",9,18,9
"CA5A","s1680_S_LS_02_ASEReadCounter.table","NW_015090842.1:9004312",4,12,8
"CA5A","s1680_S_LS_02_ASEReadCounter.table","NW_015090842.1:9004506",1,1,0
"CA5A","s1680_S_LS_02_ASEReadCounter.table","NW_015090842.1:9004523",1,1,0
"CA5A","s1680_S_LS_02_ASEReadCounter.table","NW_015090842.1:9004530",2,2,0
"CA5A","s1680_S_LS_02_ASEReadCounter.table","NW_015090842.1:9004556",2,2,0
"CA5A","s1680_S_LS_02_ASEReadCounter.table","NW_015090842.1:9004620",4,4,0
"CA5A","s1680_S_LS_02_ASEReadCounter.table","NW_015090842.1:9005116",4,4,0
"CA5A","s1680_S_LS_02_ASEReadCounter.table","NW_015090842.1:9005120",4,4,0
"CA5A","s1680_S_LS_02_ASEReadCounter.table","NW_015090842.1:9005140",5,5,0
"CA5A","s1680_S_LS_02_ASEReadCounter.table","NW_015090842.1:9005152",5,6,1
"BANP","s1680_S_LS_02_ASEReadCounter.table","NW_015090842.1:9033407",3,3,0
"BANP","s1680_S_LS_02_ASEReadCounter.table","NW_015090842.1:9033409",3,3,0
"BANP","s1680_S_LS_02_ASEReadCounter.table","NW_015090842.1:9033420",4,4,0
"BANP","s1680_S_LS_02_ASEReadCounter.table","NW_015090842.1:9055284",7,10,3
"ZC3H18","s1680_S_LS_02_ASEReadCounter.table","NW_015090842.1:9528933",21,45,24
"MVD","s1680_S_LS_02_ASEReadCounter.table","NW_015090842.1:9550690",68,68,0
"MVD","s1680_S_LS_02_ASEReadCounter.table","NW_015090842.1:9550691",69,69,0
"MVD","s1680_S_LS_02_ASEReadCounter.table","NW_015090842.1:9550699",75,75,0
"MVD","s1680_S_LS_02_ASEReadCounter.table","NW_015090842.1:9550701",75,75,0
"MVD","s1680_S_LS_02_ASEReadCounter.table","NW_015090842.1:9552202",90,90,0
"MVD","s1680_S_LS_02_ASEReadCounter.table","NW_015090842.1:9552223",86,86,0
"MVD","s1680_S_LS_02_ASEReadCounter.table","NW_015090842.1:9552533",74,74,0
"MVD","s1680_S_LS_02_ASEReadCounter.table","NW_015090842.1:9552644",20,55,35
"PIEZO1","s1680_S_LS_02_ASEReadCounter.table","NW_015090842.1:9577447",5,12,7
"PIEZO1","s1680_S_LS_02_ASEReadCounter.table","NW_015090842.1:9579101",5,10,5
"PIEZO1","s1680_S_LS_02_ASEReadCounter.table","NW_015090842.1:9582630",3,5,2
"PIEZO1","s1680_S_LS_02_ASEReadCounter.table","NW_015090842.1:9582976",3,4,1
"PIEZO1","s1680_S_LS_02_ASEReadCounter.table","NW_015090842.1:9583326",2,2,0
"CDT1","s1680_S_LS_02_ASEReadCounter.table","NW_015090842.1:9596711",3,4,1
"CDT1","s1680_S_LS_02_ASEReadCounter.table","NW_015090842.1:9597033",12,12,0
"CDT1","s1680_S_LS_02_ASEReadCounter.table","NW_015090842.1:9597756",3,7,4
"CDT1","s1680_S_LS_02_ASEReadCounter.table","NW_015090842.1:9598873",14,14,0
"ACSF3","s1680_S_LS_02_ASEReadCounter.table","NW_015090842.1:9776737",6,10,4
"ACSF3","s1680_S_LS_02_ASEReadCounter.table","NW_015090842.1:9809639",54,54,0
"ACSF3","s1680_S_LS_02_ASEReadCounter.table","NW_015090842.1:9834743",38,81,43
"ACSF3","s1680_S_LS_02_ASEReadCounter.table","NW_015090842.1:9834762",74,74,0
"ACSF3","s1680_S_LS_02_ASEReadCounter.table","NW_015090842.1:9834852",52,88,36
"ACSF3","s1680_S_LS_02_ASEReadCounter.table","NW_015090842.1:9834861",49,84,35
"ACSF3","s1680_S_LS_02_ASEReadCounter.table","NW_015090842.1:9839359",36,62,26
"ACSF3","s1680_S_LS_02_ASEReadCounter.table","NW_015090842.1:9839378",35,64,29
"ACSF3","s1680_S_LS_02_ASEReadCounter.table","NW_015090842.1:9839455",28,63,35
"ACSF3","s1680_S_LS_02_ASEReadCounter.table","NW_015090842.1:9839457",28,63,35
"ACSF3","s1680_S_LS_02_ASEReadCounter.table","NW_015090842.1:9839489",20,49,29
"ACSF3","s1680_S_LS_02_ASEReadCounter.table","NW_015090842.1:9839500",17,46,29
"ACSF3","s1680_S_LS_02_ASEReadCounter.table","NW_015090842.1:9839501",17,44,27
"ACSF3","s1680_S_LS_02_ASEReadCounter.table","NW_015090842.1:9839504",19,45,26
"ACSF3","s1680_S_LS_02_ASEReadCounter.table","NW_015090842.1:9839512",14,35,21
"ACSF3","s1680_S_LS_02_ASEReadCounter.table","NW_015090842.1:9839527",9,24,15
"ACSF3","s1680_S_LS_02_ASEReadCounter.table","NW_015090842.1:9839533",4,20,16
"ACSF3","s1680_S_LS_02_ASEReadCounter.table","NW_015090842.1:9839535",4,17,13
"ACSF3","s1680_S_LS_02_ASEReadCounter.table","NW_015090842.1:9839545",4,15,11
"ACSF3","s1680_S_LS_02_ASEReadCounter.table","NW_015090842.1:9839550",3,13,10
"ACSF3","s1680_S_LS_02_ASEReadCounter.table","NW_015090842.1:9839551",3,14,11
"CDH15","s1680_S_LS_02_ASEReadCounter.table","NW_015090842.1:9847163",0,1,1
"CDH15","s1680_S_LS_02_ASEReadCounter.table","NW_015090842.1:9847174",0,1,1
"CDH15","s1680_S_LS_02_ASEReadCounter.table","NW_015090842.1:9848220",1,1,0
"CDH15","s1680_S_LS_02_ASEReadCounter.table","NW_015090842.1:9848265",1,1,0
"CDH15","s1680_S_LS_02_ASEReadCounter.table","NW_015090842.1:9848531",0,1,1
"CDH15","s1680_S_LS_02_ASEReadCounter.table","NW_015090842.1:9848552",0,1,1
"CDH15","s1680_S_LS_02_ASEReadCounter.table","NW_015090842.1:9848888",2,2,0
"CDH15","s1680_S_LS_02_ASEReadCounter.table","NW_015090842.1:9849086",2,2,0
"CDH15","s1680_S_LS_02_ASEReadCounter.table","NW_015090842.1:9849119",2,2,0
"CDH15","s1680_S_LS_02_ASEReadCounter.table","NW_015090842.1:9849140",2,2,0
"CDH15","s1680_S_LS_02_ASEReadCounter.table","NW_015090842.1:9849473",1,2,1
"CDH15","s1680_S_LS_02_ASEReadCounter.table","NW_015090842.1:9850386",1,1,0
"CDH15","s1680_S_LS_02_ASEReadCounter.table","NW_015090842.1:9850432",1,2,1
"CDH15","s1680_S_LS_02_ASEReadCounter.table","NW_015090842.1:9850609",1,3,2
"SLC22A31","s1680_S_LS_02_ASEReadCounter.table","NW_015090842.1:9850797",2,4,2
"SLC22A31","s1680_S_LS_02_ASEReadCounter.table","NW_015090842.1:9850818",2,3,1
"SLC22A31","s1680_S_LS_02_ASEReadCounter.table","NW_015090842.1:9850929",2,2,0
"SLC22A31","s1680_S_LS_02_ASEReadCounter.table","NW_015090842.1:9850936",2,2,0
"SLC22A31","s1680_S_LS_02_ASEReadCounter.table","NW_015090842.1:9850940",2,2,0
"SLC22A31","s1680_S_LS_02_ASEReadCounter.table","NW_015090842.1:9850948",2,2,0
"SLC22A31","s1680_S_LS_02_ASEReadCounter.table","NW_015090842.1:9851130",3,6,3
"SLC22A31","s1680_S_LS_02_ASEReadCounter.table","NW_015090842.1:9851139",3,8,5
"SLC22A31","s1680_S_LS_02_ASEReadCounter.table","NW_015090842.1:9851265",7,14,7
"SLC22A31","s1680_S_LS_02_ASEReadCounter.table","NW_015090842.1:9851302",10,20,10
"SLC22A31","s1680_S_LS_02_ASEReadCounter.table","NW_015090842.1:9851303",10,20,10
"SLC22A31","s1680_S_LS_02_ASEReadCounter.table","NW_015090842.1:9851305",10,19,9
"SLC22A31","s1680_S_LS_02_ASEReadCounter.table","NW_015090842.1:9851343",12,16,4
"SLC22A31","s1680_S_LS_02_ASEReadCounter.table","NW_015090842.1:9851344",13,17,4
"SLC22A31","s1680_S_LS_02_ASEReadCounter.table","NW_015090842.1:9851381",14,22,8
"SLC22A31","s1680_S_LS_02_ASEReadCounter.table","NW_015090842.1:9851421",15,22,7
"SLC22A31","s1680_S_LS_02_ASEReadCounter.table","NW_015090842.1:9851526",20,29,9
"SLC22A31","s1680_S_LS_02_ASEReadCounter.table","NW_015090842.1:9851589",18,29,11
"SLC22A31","s1680_S_LS_02_ASEReadCounter.table","NW_015090842.1:9851712",14,31,17
"SLC22A31","s1680_S_LS_02_ASEReadCounter.table","NW_015090842.1:9851899",8,19,11
"SLC22A31","s1680_S_LS_02_ASEReadCounter.table","NW_015090842.1:9852139",7,20,13
"SLC22A31","s1680_S_LS_02_ASEReadCounter.table","NW_015090842.1:9852380",11,25,14
"SLC22A31","s1680_S_LS_02_ASEReadCounter.table","NW_015090842.1:9852431",3,18,15
"SLC22A31","s1680_S_LS_02_ASEReadCounter.table","NW_015090842.1:9852630",5,19,14
"SLC22A31","s1680_S_LS_02_ASEReadCounter.table","NW_015090842.1:9852711",6,15,9
"SLC22A31","s1680_S_LS_02_ASEReadCounter.table","NW_015090842.1:9852742",9,17,8
"SLC22A31","s1680_S_LS_02_ASEReadCounter.table","NW_015090842.1:9853099",7,15,8
"SLC22A31","s1680_S_LS_02_ASEReadCounter.table","NW_015090842.1:9853102",8,17,9
"SLC22A31","s1680_S_LS_02_ASEReadCounter.table","NW_015090842.1:9853421",3,6,3
"SLC22A31","s1680_S_LS_02_ASEReadCounter.table","NW_015090842.1:9853457",3,5,2
"SLC22A31","s1680_S_LS_02_ASEReadCounter.table","NW_015090842.1:9853502",4,5,1
"ANKRD11","s1680_S_LS_02_ASEReadCounter.table","NW_015090842.1:9858863",14,29,15
"ANKRD11","s1680_S_LS_02_ASEReadCounter.table","NW_015090842.1:9859101",167,342,175
"ANKRD11","s1680_S_LS_02_ASEReadCounter.table","NW_015090842.1:9859352",155,421,266
"ANKRD11","s1680_S_LS_02_ASEReadCounter.table","NW_015090842.1:9859381",38,245,207
"ANKRD11","s1680_S_LS_02_ASEReadCounter.table","NW_015090842.1:9859527",68,169,101
"ANKRD11","s1680_S_LS_02_ASEReadCounter.table","NW_015090842.1:9859529",66,174,108
"ANKRD11","s1680_S_LS_02_ASEReadCounter.table","NW_015090842.1:9859679",200,387,187
"ANKRD11","s1680_S_LS_02_ASEReadCounter.table","NW_015090842.1:9861097",139,271,132
"ANKRD11","s1680_S_LS_02_ASEReadCounter.table","NW_015090842.1:9862571",82,159,77
"ANKRD11","s1680_S_LS_02_ASEReadCounter.table","NW_015090842.1:9866071",0,79,79
"ANKRD11","s1680_S_LS_02_ASEReadCounter.table","NW_015090842.1:9866200",0,64,64
"ANKRD11","s1680_S_LS_02_ASEReadCounter.table","NW_015090842.1:9867391",21,43,22
"ANKRD11","s1680_S_LS_02_ASEReadCounter.table","NW_015090842.1:9867472",28,64,36
"ANKRD11","s1680_S_LS_02_ASEReadCounter.table","NW_015090842.1:9867559",47,84,37
"ANKRD11","s1680_S_LS_02_ASEReadCounter.table","NW_015090842.1:9867934",38,68,30
"ANKRD11","s1680_S_LS_02_ASEReadCounter.table","NW_015090842.1:9868093",47,89,42
"ANKRD11","s1680_S_LS_02_ASEReadCounter.table","NW_015090842.1:9868222",46,95,49
"ANKRD11","s1680_S_LS_02_ASEReadCounter.table","NW_015090842.1:9868327",58,102,44
"ANKRD11","s1680_S_LS_02_ASEReadCounter.table","NW_015090842.1:9868414",58,113,55
"ANKRD11","s1680_S_LS_02_ASEReadCounter.table","NW_015090842.1:9868441",58,105,47
"ANKRD11","s1680_S_LS_02_ASEReadCounter.table","NW_015090842.1:9868444",61,113,52
"ANKRD11","s1680_S_LS_02_ASEReadCounter.table","NW_015090842.1:9868519",64,133,69
"ANKRD11","s1680_S_LS_02_ASEReadCounter.table","NW_015090842.1:9868609",70,144,74
"ANKRD11","s1680_S_LS_02_ASEReadCounter.table","NW_015090842.1:9868666",81,168,87
"ANKRD11","s1680_S_LS_02_ASEReadCounter.table","NW_015090842.1:9869431",170,312,142
"ANKRD11","s1680_S_LS_02_ASEReadCounter.table","NW_015090842.1:9869578",235,427,192
"ANKRD11","s1680_S_LS_02_ASEReadCounter.table","NW_015090842.1:9869734",235,439,204
"ANKRD11","s1680_S_LS_02_ASEReadCounter.table","NW_015090842.1:9870070",237,477,240
"ANKRD11","s1680_S_LS_02_ASEReadCounter.table","NW_015090842.1:9870349",269,551,282
"ANKRD11","s1680_S_LS_02_ASEReadCounter.table","NW_015090842.1:9870604",304,584,280
"ANKRD11","s1680_S_LS_02_ASEReadCounter.table","NW_015090842.1:9870613",315,606,291
"ANKRD11","s1680_S_LS_02_ASEReadCounter.table","NW_015090842.1:9870685",300,658,358
"ANKRD11","s1680_S_LS_02_ASEReadCounter.table","NW_015090842.1:9870847",280,592,312
"ANKRD11","s1680_S_LS_02_ASEReadCounter.table","NW_015090842.1:9871103",201,413,212
"ANKRD11","s1680_S_LS_02_ASEReadCounter.table","NW_015090842.1:9871165",211,451,240
"ANKRD11","s1680_S_LS_02_ASEReadCounter.table","NW_015090842.1:9871820",38,89,51
"ANKRD11","s1680_S_LS_02_ASEReadCounter.table","NW_015090842.1:9871994",109,109,0
"ANKRD11","s1680_S_LS_02_ASEReadCounter.table","NW_015090842.1:9872118",53,134,81
"SPG7","s1680_S_LS_02_ASEReadCounter.table","NW_015090842.1:10051190",76,142,66
"SPG7","s1680_S_LS_02_ASEReadCounter.table","NW_015090842.1:10051218",77,162,85
"SPG7","s1680_S_LS_02_ASEReadCounter.table","NW_015090842.1:10052348",95,187,92
"SPG7","s1680_S_LS_02_ASEReadCounter.table","NW_015090842.1:10052366",98,195,97
"SPG7","s1680_S_LS_02_ASEReadCounter.table","NW_015090842.1:10065173",167,320,153
"SPG7","s1680_S_LS_02_ASEReadCounter.table","NW_015090842.1:10065215",159,295,136
"SPG7","s1680_S_LS_02_ASEReadCounter.table","NW_015090842.1:10066301",130,244,114
"SPG7","s1680_S_LS_02_ASEReadCounter.table","NW_015090842.1:10066365",133,255,122
"SPG7","s1680_S_LS_02_ASEReadCounter.table","NW_015090842.1:10069752",165,332,167
"SPG7","s1680_S_LS_02_ASEReadCounter.table","NW_015090842.1:10069800",179,381,202
"SPG7","s1680_S_LS_02_ASEReadCounter.table","NW_015090842.1:10071192",218,439,221
"SPG7","s1680_S_LS_02_ASEReadCounter.table","NW_015090842.1:10071204",207,417,210
"SPG7","s1680_S_LS_02_ASEReadCounter.table","NW_015090842.1:10071219",190,386,196
"SPG7","s1680_S_LS_02_ASEReadCounter.table","NW_015090842.1:10071967",178,389,211
"SPG7","s1680_S_LS_02_ASEReadCounter.table","NW_015090842.1:10075109",382,709,327
"SPG7","s1680_S_LS_02_ASEReadCounter.table","NW_015090842.1:10075114",397,719,322
"SPG7","s1680_S_LS_02_ASEReadCounter.table","NW_015090842.1:10075198",348,579,231
"SPG7","s1680_S_LS_02_ASEReadCounter.table","NW_015090842.1:10075487",257,504,247
"SPG7","s1680_S_LS_02_ASEReadCounter.table","NW_015090842.1:10075488",259,507,248
"SPG7","s1680_S_LS_02_ASEReadCounter.table","NW_015090842.1:10075548",177,359,182
"RPL13","s1680_S_LS_02_ASEReadCounter.table","NW_015090842.1:10076979",1,4,3
"RPL13","s1680_S_LS_02_ASEReadCounter.table","NW_015090842.1:10077387",466,1126,660
"RPL13","s1680_S_LS_02_ASEReadCounter.table","NW_015090842.1:10077978",816,1763,947
"RPL13","s1680_S_LS_02_ASEReadCounter.table","NW_015090842.1:10077992",830,1724,894
"CPNE7","s1680_S_LS_02_ASEReadCounter.table","NW_015090842.1:10084001",27,47,20
"CPNE7","s1680_S_LS_02_ASEReadCounter.table","NW_015090842.1:10084856",21,37,16
"CPNE7","s1680_S_LS_02_ASEReadCounter.table","NW_015090842.1:10084872",20,40,20
"CPNE7","s1680_S_LS_02_ASEReadCounter.table","NW_015090842.1:10084892",21,42,21
"CPNE7","s1680_S_LS_02_ASEReadCounter.table","NW_015090842.1:10084921",27,53,26
"CPNE7","s1680_S_LS_02_ASEReadCounter.table","NW_015090842.1:10084935",30,56,26
"CPNE7","s1680_S_LS_02_ASEReadCounter.table","NW_015090842.1:10085000",29,49,20
"CPNE7","s1680_S_LS_02_ASEReadCounter.table","NW_015090842.1:10085089",28,54,26
"CPNE7","s1680_S_LS_02_ASEReadCounter.table","NW_015090842.1:10085096",27,53,26
"CPNE7","s1680_S_LS_02_ASEReadCounter.table","NW_015090842.1:10085126",31,56,25
"CPNE7","s1680_S_LS_02_ASEReadCounter.table","NW_015090842.1:10085180",24,47,23
"CPNE7","s1680_S_LS_02_ASEReadCounter.table","NW_015090842.1:10085201",23,45,22
"CPNE7","s1680_S_LS_02_ASEReadCounter.table","NW_015090842.1:10088134",57,105,48
"CPNE7","s1680_S_LS_02_ASEReadCounter.table","NW_015090842.1:10088146",54,100,46
"CPNE7","s1680_S_LS_02_ASEReadCounter.table","NW_015090842.1:10088940",81,147,66
"CPNE7","s1680_S_LS_02_ASEReadCounter.table","NW_015090842.1:10088965",76,143,67
"CPNE7","s1680_S_LS_02_ASEReadCounter.table","NW_015090842.1:10088967",75,135,60
"CPNE7","s1680_S_LS_02_ASEReadCounter.table","NW_015090842.1:10088973",81,142,61
"CPNE7","s1680_S_LS_02_ASEReadCounter.table","NW_015090842.1:10090924",146,280,134
"CPNE7","s1680_S_LS_02_ASEReadCounter.table","NW_015090842.1:10090930",142,274,132
"CPNE7","s1680_S_LS_02_ASEReadCounter.table","NW_015090842.1:10091075",170,318,148
"CPNE7","s1680_S_LS_02_ASEReadCounter.table","NW_015090842.1:10091389",183,356,173
"CPNE7","s1680_S_LS_02_ASEReadCounter.table","NW_015090842.1:10091407",205,389,184
"CPNE7","s1680_S_LS_02_ASEReadCounter.table","NW_015090842.1:10091530",172,361,189
"CPNE7","s1680_S_LS_02_ASEReadCounter.table","NW_015090842.1:10091875",257,483,226
"CPNE7","s1680_S_LS_02_ASEReadCounter.table","NW_015090842.1:10091983",238,437,199
"CPNE7","s1680_S_LS_02_ASEReadCounter.table","NW_015090842.1:10091997",248,468,220
"CPNE7","s1680_S_LS_02_ASEReadCounter.table","NW_015090842.1:10092038",140,284,144
"CPNE7","s1680_S_LS_02_ASEReadCounter.table","NW_015090842.1:10092140",166,339,173
"CPNE7","s1680_S_LS_02_ASEReadCounter.table","NW_015090842.1:10092183",120,248,128
"CPNE7","s1680_S_LS_02_ASEReadCounter.table","NW_015090842.1:10092201",104,212,108
"CPNE7","s1680_S_LS_02_ASEReadCounter.table","NW_015090842.1:10092230",85,156,71
"CPNE7","s1680_S_LS_02_ASEReadCounter.table","NW_015090842.1:10092246",52,97,45
"LOC106888185","s1680_S_LS_02_ASEReadCounter.table","NW_015090842.1:10094965",1,4,3
"LOC106888185","s1680_S_LS_02_ASEReadCounter.table","NW_015090842.1:10094966",1,3,2
"LOC106888185","s1680_S_LS_02_ASEReadCounter.table","NW_015090842.1:10094985",1,4,3
"LOC106888185","s1680_S_LS_02_ASEReadCounter.table","NW_015090842.1:10095055",0,4,4
"LOC106888185","s1680_S_LS_02_ASEReadCounter.table","NW_015090842.1:10095062",0,2,2
"LOC106888185","s1680_S_LS_02_ASEReadCounter.table","NW_015090842.1:10095130",0,4,4
"LOC106888185","s1680_S_LS_02_ASEReadCounter.table","NW_015090842.1:10095265",10,19,9
"LOC106888185","s1680_S_LS_02_ASEReadCounter.table","NW_015090842.1:10095586",8,14,6
"LOC106888185","s1680_S_LS_02_ASEReadCounter.table","NW_015090842.1:10095593",7,13,6
"LOC106888185","s1680_S_LS_02_ASEReadCounter.table","NW_015090842.1:10095616",10,15,5
"LOC106888185","s1680_S_LS_02_ASEReadCounter.table","NW_015090842.1:10095662",4,8,4
"LOC106888185","s1680_S_LS_02_ASEReadCounter.table","NW_015090842.1:10095674",2,8,6
"LOC106888185","s1680_S_LS_02_ASEReadCounter.table","NW_015090842.1:10095786",8,11,3
"LOC106888185","s1680_S_LS_02_ASEReadCounter.table","NW_015090842.1:10095831",3,6,3
"LOC106888185","s1680_S_LS_02_ASEReadCounter.table","NW_015090842.1:10096230",3,7,4
"LOC106888185","s1680_S_LS_02_ASEReadCounter.table","NW_015090842.1:10096249",6,11,5
"LOC106888185","s1680_S_LS_02_ASEReadCounter.table","NW_015090842.1:10096272",6,16,10
"LOC106888185","s1680_S_LS_02_ASEReadCounter.table","NW_015090842.1:10096288",6,18,12
"LOC106888185","s1680_S_LS_02_ASEReadCounter.table","NW_015090842.1:10097248",2,12,10
"LOC106888185","s1680_S_LS_02_ASEReadCounter.table","NW_015090842.1:10097265",3,16,13
"LOC106888185","s1680_S_LS_02_ASEReadCounter.table","NW_015090842.1:10097446",0,1,1
"DPEP1","s1680_S_LS_02_ASEReadCounter.table","NW_015090842.1:10098595",1,2,1
"DPEP1","s1680_S_LS_02_ASEReadCounter.table","NW_015090842.1:10098597",2,3,1
"DPEP1","s1680_S_LS_02_ASEReadCounter.table","NW_015090842.1:10098601",1,2,1
"DPEP1","s1680_S_LS_02_ASEReadCounter.table","NW_015090842.1:10098608",2,3,1
"DPEP1","s1680_S_LS_02_ASEReadCounter.table","NW_015090842.1:10098630",2,3,1
"DPEP1","s1680_S_LS_02_ASEReadCounter.table","NW_015090842.1:10098659",2,3,1
"DPEP1","s1680_S_LS_02_ASEReadCounter.table","NW_015090842.1:10099765",1,1,0
"DPEP1","s1680_S_LS_02_ASEReadCounter.table","NW_015090842.1:10099985",1,3,2
"DPEP1","s1680_S_LS_02_ASEReadCounter.table","NW_015090842.1:10099986",1,3,2
"DPEP1","s1680_S_LS_02_ASEReadCounter.table","NW_015090842.1:10099991",1,3,2
"DPEP1","s1680_S_LS_02_ASEReadCounter.table","NW_015090842.1:10100044",0,1,1
"DPEP1","s1680_S_LS_02_ASEReadCounter.table","NW_015090842.1:10100045",0,1,1
"DPEP1","s1680_S_LS_02_ASEReadCounter.table","NW_015090842.1:10100084",1,2,1
"DPEP1","s1680_S_LS_02_ASEReadCounter.table","NW_015090842.1:10100295",1,2,1
"DPEP1","s1680_S_LS_02_ASEReadCounter.table","NW_015090842.1:10100529",0,1,1
"DPEP1","s1680_S_LS_02_ASEReadCounter.table","NW_015090842.1:10100893",1,1,0
"DPEP1","s1680_S_LS_02_ASEReadCounter.table","NW_015090842.1:10100902",1,2,1
"DPEP1","s1680_S_LS_02_ASEReadCounter.table","NW_015090842.1:10101072",0,4,4
"DPEP1","s1680_S_LS_02_ASEReadCounter.table","NW_015090842.1:10101199",1,3,2
"DPEP1","s1680_S_LS_02_ASEReadCounter.table","NW_015090842.1:10101483",0,2,2
"DPEP1","s1680_S_LS_02_ASEReadCounter.table","NW_015090842.1:10101497",0,1,1
"DPEP1","s1680_S_LS_02_ASEReadCounter.table","NW_015090842.1:10101525",1,2,1
"DPEP1","s1680_S_LS_02_ASEReadCounter.table","NW_015090842.1:10101875",0,1,1
"DPEP1","s1680_S_LS_02_ASEReadCounter.table","NW_015090842.1:10101996",1,1,0
"DPEP1","s1680_S_LS_02_ASEReadCounter.table","NW_015090842.1:10102014",1,1,0
"CHMP1A","s1680_S_LS_02_ASEReadCounter.table","NW_015090842.1:10102901",93,211,118
"CHMP1A","s1680_S_LS_02_ASEReadCounter.table","NW_015090842.1:10102961",67,190,123
"CHMP1A","s1680_S_LS_02_ASEReadCounter.table","NW_015090842.1:10102996",70,172,102
"CHMP1A","s1680_S_LS_02_ASEReadCounter.table","NW_015090842.1:10103004",78,181,103
"CHMP1A","s1680_S_LS_02_ASEReadCounter.table","NW_015090842.1:10103006",77,180,103
"CHMP1A","s1680_S_LS_02_ASEReadCounter.table","NW_015090842.1:10103052",130,242,112
"CHMP1A","s1680_S_LS_02_ASEReadCounter.table","NW_015090842.1:10103095",123,252,129
"CHMP1A","s1680_S_LS_02_ASEReadCounter.table","NW_015090842.1:10103096",125,254,129
"CHMP1A","s1680_S_LS_02_ASEReadCounter.table","NW_015090842.1:10103152",87,189,102
"CHMP1A","s1680_S_LS_02_ASEReadCounter.table","NW_015090842.1:10103334",58,162,104
"CHMP1A","s1680_S_LS_02_ASEReadCounter.table","NW_015090842.1:10103373",33,135,102
"CHMP1A","s1680_S_LS_02_ASEReadCounter.table","NW_015090842.1:10103408",57,173,116
"CHMP1A","s1680_S_LS_02_ASEReadCounter.table","NW_015090842.1:10103412",67,177,110
"CHMP1A","s1680_S_LS_02_ASEReadCounter.table","NW_015090842.1:10103512",91,206,115
"CHMP1A","s1680_S_LS_02_ASEReadCounter.table","NW_015090842.1:10103513",91,205,114
"CHMP1A","s1680_S_LS_02_ASEReadCounter.table","NW_015090842.1:10103583",64,134,70
"CHMP1A","s1680_S_LS_02_ASEReadCounter.table","NW_015090842.1:10103614",72,153,81
"CHMP1A","s1680_S_LS_02_ASEReadCounter.table","NW_015090842.1:10103657",73,158,85
"CHMP1A","s1680_S_LS_02_ASEReadCounter.table","NW_015090842.1:10103669",65,150,85
"CHMP1A","s1680_S_LS_02_ASEReadCounter.table","NW_015090842.1:10103674",64,146,82
"CHMP1A","s1680_S_LS_02_ASEReadCounter.table","NW_015090842.1:10103677",61,142,81
"CHMP1A","s1680_S_LS_02_ASEReadCounter.table","NW_015090842.1:10103729",68,140,72
"CHMP1A","s1680_S_LS_02_ASEReadCounter.table","NW_015090842.1:10103758",64,131,67
"CHMP1A","s1680_S_LS_02_ASEReadCounter.table","NW_015090842.1:10103761",65,137,72
"CHMP1A","s1680_S_LS_02_ASEReadCounter.table","NW_015090842.1:10103788",67,170,103
"CHMP1A","s1680_S_LS_02_ASEReadCounter.table","NW_015090842.1:10103789",68,171,103
"CHMP1A","s1680_S_LS_02_ASEReadCounter.table","NW_015090842.1:10103790",67,172,105
"CHMP1A","s1680_S_LS_02_ASEReadCounter.table","NW_015090842.1:10103950",57,148,91
"CHMP1A","s1680_S_LS_02_ASEReadCounter.table","NW_015090842.1:10104335",45,103,58
"CHMP1A","s1680_S_LS_02_ASEReadCounter.table","NW_015090842.1:10104429",73,120,47
"CHMP1A","s1680_S_LS_02_ASEReadCounter.table","NW_015090842.1:10104532",62,120,58
"CHMP1A","s1680_S_LS_02_ASEReadCounter.table","NW_015090842.1:10104633",58,111,53
"CHMP1A","s1680_S_LS_02_ASEReadCounter.table","NW_015090842.1:10104759",45,102,57
"CHMP1A","s1680_S_LS_02_ASEReadCounter.table","NW_015090842.1:10104794",57,112,55
"CHMP1A","s1680_S_LS_02_ASEReadCounter.table","NW_015090842.1:10104844",42,91,49
"CHMP1A","s1680_S_LS_02_ASEReadCounter.table","NW_015090842.1:10106290",55,88,33
"CHMP1A","s1680_S_LS_02_ASEReadCounter.table","NW_015090842.1:10106335",54,87,33
"CHMP1A","s1680_S_LS_02_ASEReadCounter.table","NW_015090842.1:10106383",51,99,48
"CHMP1A","s1680_S_LS_02_ASEReadCounter.table","NW_015090842.1:10106747",62,114,52
"CHMP1A","s1680_S_LS_02_ASEReadCounter.table","NW_015090842.1:10107404",62,122,60
"CHMP1A","s1680_S_LS_02_ASEReadCounter.table","NW_015090842.1:10107410",61,116,55
"CHMP1A","s1680_S_LS_02_ASEReadCounter.table","NW_015090842.1:10107876",42,86,44
"CDK10","s1680_S_LS_02_ASEReadCounter.table","NW_015090842.1:10109030",8,11,3
"CDK10","s1680_S_LS_02_ASEReadCounter.table","NW_015090842.1:10109963",32,89,57
"CDK10","s1680_S_LS_02_ASEReadCounter.table","NW_015090842.1:10110887",39,91,52
"CDK10","s1680_S_LS_02_ASEReadCounter.table","NW_015090842.1:10111254",26,98,72
"CDK10","s1680_S_LS_02_ASEReadCounter.table","NW_015090842.1:10111380",26,120,94
"CDK10","s1680_S_LS_02_ASEReadCounter.table","NW_015090842.1:10111395",31,119,88
"CDK10","s1680_S_LS_02_ASEReadCounter.table","NW_015090842.1:10111437",17,95,78
"CDK10","s1680_S_LS_02_ASEReadCounter.table","NW_015090842.1:10111798",39,127,88
"CDK10","s1680_S_LS_02_ASEReadCounter.table","NW_015090842.1:10111840",38,127,89
"CDK10","s1680_S_LS_02_ASEReadCounter.table","NW_015090842.1:10112031",55,163,108
"CDK10","s1680_S_LS_02_ASEReadCounter.table","NW_015090842.1:10112285",59,181,122
"CDK10","s1680_S_LS_02_ASEReadCounter.table","NW_015090842.1:10112398",71,197,126
"CDK10","s1680_S_LS_02_ASEReadCounter.table","NW_015090842.1:10112455",54,192,138
"CDK10","s1680_S_LS_02_ASEReadCounter.table","NW_015090842.1:10112461",50,174,124
"CDK10","s1680_S_LS_02_ASEReadCounter.table","NW_015090842.1:10112497",44,156,112
"CDK10","s1680_S_LS_02_ASEReadCounter.table","NW_015090842.1:10112508",39,155,116
"CDK10","s1680_S_LS_02_ASEReadCounter.table","NW_015090842.1:10112518",30,130,100
"CDK10","s1680_S_LS_02_ASEReadCounter.table","NW_015090842.1:10112540",16,114,98
"CDK10","s1680_S_LS_02_ASEReadCounter.table","NW_015090842.1:10112556",51,143,92
"CDK10","s1680_S_LS_02_ASEReadCounter.table","NW_015090842.1:10112561",54,167,113
"CDK10","s1680_S_LS_02_ASEReadCounter.table","NW_015090842.1:10112596",60,173,113
"CDK10","s1680_S_LS_02_ASEReadCounter.table","NW_015090842.1:10112630",50,156,106
"CDK10","s1680_S_LS_02_ASEReadCounter.table","NW_015090842.1:10112656",46,155,109
"CDK10","s1680_S_LS_02_ASEReadCounter.table","NW_015090842.1:10112665",38,111,73
"CDK10","s1680_S_LS_02_ASEReadCounter.table","NW_015090842.1:10112668",38,109,71
"CDK10","s1680_S_LS_02_ASEReadCounter.table","NW_015090842.1:10112781",25,70,45
"CDK10","s1680_S_LS_02_ASEReadCounter.table","NW_015090842.1:10112782",25,69,44
"CDK10","s1680_S_LS_02_ASEReadCounter.table","NW_015090842.1:10112795",21,61,40
"CDK10","s1680_S_LS_02_ASEReadCounter.table","NW_015090842.1:10112841",11,31,20
"CDK10","s1680_S_LS_02_ASEReadCounter.table","NW_015090842.1:10112861",9,25,16
"SPATA2L","s1680_S_LS_02_ASEReadCounter.table","NW_015090842.1:10113212",18,57,39
"SPATA2L","s1680_S_LS_02_ASEReadCounter.table","NW_015090842.1:10113280",44,108,64
"SPATA2L","s1680_S_LS_02_ASEReadCounter.table","NW_015090842.1:10113296",45,114,69
"SPATA2L","s1680_S_LS_02_ASEReadCounter.table","NW_015090842.1:10113321",60,143,83
"SPATA2L","s1680_S_LS_02_ASEReadCounter.table","NW_015090842.1:10113332",64,155,91
"SPATA2L","s1680_S_LS_02_ASEReadCounter.table","NW_015090842.1:10113380",53,155,102
"SPATA2L","s1680_S_LS_02_ASEReadCounter.table","NW_015090842.1:10113381",53,157,104
"SPATA2L","s1680_S_LS_02_ASEReadCounter.table","NW_015090842.1:10113412",59,171,112
"SPATA2L","s1680_S_LS_02_ASEReadCounter.table","NW_015090842.1:10113421",64,174,110
"SPATA2L","s1680_S_LS_02_ASEReadCounter.table","NW_015090842.1:10113465",53,146,93
"SPATA2L","s1680_S_LS_02_ASEReadCounter.table","NW_015090842.1:10113535",68,138,70
"SPATA2L","s1680_S_LS_02_ASEReadCounter.table","NW_015090842.1:10113645",59,155,96
"SPATA2L","s1680_S_LS_02_ASEReadCounter.table","NW_015090842.1:10113682",72,173,101
"SPATA2L","s1680_S_LS_02_ASEReadCounter.table","NW_015090842.1:10113696",63,157,94
"SPATA2L","s1680_S_LS_02_ASEReadCounter.table","NW_015090842.1:10113727",66,168,102
"SPATA2L","s1680_S_LS_02_ASEReadCounter.table","NW_015090842.1:10113729",165,165,0
"SPATA2L","s1680_S_LS_02_ASEReadCounter.table","NW_015090842.1:10113799",73,167,94
"SPATA2L","s1680_S_LS_02_ASEReadCounter.table","NW_015090842.1:10113809",71,178,107
"SPATA2L","s1680_S_LS_02_ASEReadCounter.table","NW_015090842.1:10113827",74,177,103
"SPATA2L","s1680_S_LS_02_ASEReadCounter.table","NW_015090842.1:10113831",72,173,101
"SPATA2L","s1680_S_LS_02_ASEReadCounter.table","NW_015090842.1:10113894",62,155,93
"SPATA2L","s1680_S_LS_02_ASEReadCounter.table","NW_015090842.1:10113905",50,127,77
"SPATA2L","s1680_S_LS_02_ASEReadCounter.table","NW_015090842.1:10113914",52,124,72
"SPATA2L","s1680_S_LS_02_ASEReadCounter.table","NW_015090842.1:10113920",57,132,75
"SPATA2L","s1680_S_LS_02_ASEReadCounter.table","NW_015090842.1:10113937",63,153,90
"SPATA2L","s1680_S_LS_02_ASEReadCounter.table","NW_015090842.1:10113971",46,134,88
"SPATA2L","s1680_S_LS_02_ASEReadCounter.table","NW_015090842.1:10113976",46,143,97
"SPATA2L","s1680_S_LS_02_ASEReadCounter.table","NW_015090842.1:10113985",52,129,77
"SPATA2L","s1680_S_LS_02_ASEReadCounter.table","NW_015090842.1:10113994",60,140,80
"SPATA2L","s1680_S_LS_02_ASEReadCounter.table","NW_015090842.1:10114063",48,129,81
"SPATA2L","s1680_S_LS_02_ASEReadCounter.table","NW_015090842.1:10114066",45,125,80
"SPATA2L","s1680_S_LS_02_ASEReadCounter.table","NW_015090842.1:10114069",44,122,78
"SPATA2L","s1680_S_LS_02_ASEReadCounter.table","NW_015090842.1:10114159",31,100,69
"SPATA2L","s1680_S_LS_02_ASEReadCounter.table","NW_015090842.1:10114262",122,123,1
"SPATA2L","s1680_S_LS_02_ASEReadCounter.table","NW_015090842.1:10114470",38,100,62
"SPATA2L","s1680_S_LS_02_ASEReadCounter.table","NW_015090842.1:10114524",29,76,47
"VPS9D1","s1680_S_LS_02_ASEReadCounter.table","NW_015090842.1:10116377",36,74,38
"VPS9D1","s1680_S_LS_02_ASEReadCounter.table","NW_015090842.1:10116415",41,86,45
"VPS9D1","s1680_S_LS_02_ASEReadCounter.table","NW_015090842.1:10116607",44,89,45
"VPS9D1","s1680_S_LS_02_ASEReadCounter.table","NW_015090842.1:10116821",31,61,30
"VPS9D1","s1680_S_LS_02_ASEReadCounter.table","NW_015090842.1:10116825",30,58,28
"VPS9D1","s1680_S_LS_02_ASEReadCounter.table","NW_015090842.1:10116882",31,60,29
"VPS9D1","s1680_S_LS_02_ASEReadCounter.table","NW_015090842.1:10116933",27,51,24
"VPS9D1","s1680_S_LS_02_ASEReadCounter.table","NW_015090842.1:10116942",22,49,27
"VPS9D1","s1680_S_LS_02_ASEReadCounter.table","NW_015090842.1:10117152",23,55,32
"VPS9D1","s1680_S_LS_02_ASEReadCounter.table","NW_015090842.1:10117480",10,33,23
"VPS9D1","s1680_S_LS_02_ASEReadCounter.table","NW_015090842.1:10117497",6,24,18
"VPS9D1","s1680_S_LS_02_ASEReadCounter.table","NW_015090842.1:10117499",6,25,19
"VPS9D1","s1680_S_LS_02_ASEReadCounter.table","NW_015090842.1:10117516",14,36,22
"VPS9D1","s1680_S_LS_02_ASEReadCounter.table","NW_015090842.1:10117525",18,39,21
"VPS9D1","s1680_S_LS_02_ASEReadCounter.table","NW_015090842.1:10117579",22,51,29
"VPS9D1","s1680_S_LS_02_ASEReadCounter.table","NW_015090842.1:10117627",20,50,30
"VPS9D1","s1680_S_LS_02_ASEReadCounter.table","NW_015090842.1:10117678",10,42,32
"VPS9D1","s1680_S_LS_02_ASEReadCounter.table","NW_015090842.1:10117773",23,57,34
"VPS9D1","s1680_S_LS_02_ASEReadCounter.table","NW_015090842.1:10117937",23,64,41
"VPS9D1","s1680_S_LS_02_ASEReadCounter.table","NW_015090842.1:10117961",17,53,36
"VPS9D1","s1680_S_LS_02_ASEReadCounter.table","NW_015090842.1:10118236",24,75,51
"VPS9D1","s1680_S_LS_02_ASEReadCounter.table","NW_015090842.1:10118414",23,56,33
"VPS9D1","s1680_S_LS_02_ASEReadCounter.table","NW_015090842.1:10118973",32,68,36
"VPS9D1","s1680_S_LS_02_ASEReadCounter.table","NW_015090842.1:10119500",21,37,16
"ZNF276","s1680_S_LS_02_ASEReadCounter.table","NW_015090842.1:10121760",6,6,0
"ZNF276","s1680_S_LS_02_ASEReadCounter.table","NW_015090842.1:10121769",6,6,0
"ZNF276","s1680_S_LS_02_ASEReadCounter.table","NW_015090842.1:10121802",8,10,2
"ZNF276","s1680_S_LS_02_ASEReadCounter.table","NW_015090842.1:10121971",8,16,8
"ZNF276","s1680_S_LS_02_ASEReadCounter.table","NW_015090842.1:10122161",18,18,0
"ZNF276","s1680_S_LS_02_ASEReadCounter.table","NW_015090842.1:10122164",17,17,0
"ZNF276","s1680_S_LS_02_ASEReadCounter.table","NW_015090842.1:10122184",17,17,0
"ZNF276","s1680_S_LS_02_ASEReadCounter.table","NW_015090842.1:10122883",6,9,3
"ZNF276","s1680_S_LS_02_ASEReadCounter.table","NW_015090842.1:10122997",7,20,13
"ZNF276","s1680_S_LS_02_ASEReadCounter.table","NW_015090842.1:10123069",4,13,9
"ZNF276","s1680_S_LS_02_ASEReadCounter.table","NW_015090842.1:10123207",18,36,18
"ZNF276","s1680_S_LS_02_ASEReadCounter.table","NW_015090842.1:10125787",17,51,34
"ZNF276","s1680_S_LS_02_ASEReadCounter.table","NW_015090842.1:10126309",24,43,19
"ZNF276","s1680_S_LS_02_ASEReadCounter.table","NW_015090842.1:10126348",27,50,23
"ZNF276","s1680_S_LS_02_ASEReadCounter.table","NW_015090842.1:10126978",33,53,20
"ZNF276","s1680_S_LS_02_ASEReadCounter.table","NW_015090842.1:10126991",29,45,16
"ZNF276","s1680_S_LS_02_ASEReadCounter.table","NW_015090842.1:10127023",26,50,24
"ZNF276","s1680_S_LS_02_ASEReadCounter.table","NW_015090842.1:10127063",25,46,21
"ZNF276","s1680_S_LS_02_ASEReadCounter.table","NW_015090842.1:10127373",24,45,21
"ZNF276","s1680_S_LS_02_ASEReadCounter.table","NW_015090842.1:10127931",37,74,37
"ZNF276","s1680_S_LS_02_ASEReadCounter.table","NW_015090842.1:10128070",38,70,32
"ZNF276","s1680_S_LS_02_ASEReadCounter.table","NW_015090842.1:10128102",41,69,28
"ZNF276","s1680_S_LS_02_ASEReadCounter.table","NW_015090842.1:10128356",42,84,42
"ZNF276","s1680_S_LS_02_ASEReadCounter.table","NW_015090842.1:10128497",19,46,27
"FANCA","s1680_S_LS_02_ASEReadCounter.table","NW_015090842.1:10128743",4,6,2
"FANCA","s1680_S_LS_02_ASEReadCounter.table","NW_015090842.1:10128822",1,4,3
"FANCA","s1680_S_LS_02_ASEReadCounter.table","NW_015090842.1:10129383",3,5,2
"FANCA","s1680_S_LS_02_ASEReadCounter.table","NW_015090842.1:10129390",3,4,1
"FANCA","s1680_S_LS_02_ASEReadCounter.table","NW_015090842.1:10129422",1,2,1
"FANCA","s1680_S_LS_02_ASEReadCounter.table","NW_015090842.1:10129969",0,1,1
"FANCA","s1680_S_LS_02_ASEReadCounter.table","NW_015090842.1:10130399",0,1,1
"FANCA","s1680_S_LS_02_ASEReadCounter.table","NW_015090842.1:10130857",1,4,3
"FANCA","s1680_S_LS_02_ASEReadCounter.table","NW_015090842.1:10130878",1,4,3
"FANCA","s1680_S_LS_02_ASEReadCounter.table","NW_015090842.1:10133601",0,2,2
"FANCA","s1680_S_LS_02_ASEReadCounter.table","NW_015090842.1:10134492",0,1,1
"FANCA","s1680_S_LS_02_ASEReadCounter.table","NW_015090842.1:10136957",0,1,1
"FANCA","s1680_S_LS_02_ASEReadCounter.table","NW_015090842.1:10136982",0,1,1
"FANCA","s1680_S_LS_02_ASEReadCounter.table","NW_015090842.1:10136999",1,2,1
"FANCA","s1680_S_LS_02_ASEReadCounter.table","NW_015090842.1:10137019",1,1,0
"FANCA","s1680_S_LS_02_ASEReadCounter.table","NW_015090842.1:10137673",0,1,1
"FANCA","s1680_S_LS_02_ASEReadCounter.table","NW_015090842.1:10138618",0,1,1
"FANCA","s1680_S_LS_02_ASEReadCounter.table","NW_015090842.1:10140699",1,1,0
"FANCA","s1680_S_LS_02_ASEReadCounter.table","NW_015090842.1:10145030",0,3,3
"FANCA","s1680_S_LS_02_ASEReadCounter.table","NW_015090842.1:10150518",1,1,0
"FANCA","s1680_S_LS_02_ASEReadCounter.table","NW_015090842.1:10152863",1,2,1
"FANCA","s1680_S_LS_02_ASEReadCounter.table","NW_015090842.1:10154490",1,1,0
"FANCA","s1680_S_LS_02_ASEReadCounter.table","NW_015090842.1:10158957",1,1,0
"FANCA","s1680_S_LS_02_ASEReadCounter.table","NW_015090842.1:10160177",1,1,0
"FANCA","s1680_S_LS_02_ASEReadCounter.table","NW_015090842.1:10164257",1,1,0
"SPIRE2","s1680_S_LS_02_ASEReadCounter.table","NW_015090842.1:10172284",20,34,14
"SPIRE2","s1680_S_LS_02_ASEReadCounter.table","NW_015090842.1:10175262",38,57,19
"SPIRE2","s1680_S_LS_02_ASEReadCounter.table","NW_015090842.1:10175352",11,16,5
"SPIRE2","s1680_S_LS_02_ASEReadCounter.table","NW_015090842.1:10175400",39,76,37
"SPIRE2","s1680_S_LS_02_ASEReadCounter.table","NW_015090842.1:10175418",48,91,43
"SPIRE2","s1680_S_LS_02_ASEReadCounter.table","NW_015090842.1:10175704",60,118,58
"SPIRE2","s1680_S_LS_02_ASEReadCounter.table","NW_015090842.1:10176115",88,185,97
"SPIRE2","s1680_S_LS_02_ASEReadCounter.table","NW_015090842.1:10176561",95,205,110
"SPIRE2","s1680_S_LS_02_ASEReadCounter.table","NW_015090842.1:10176817",95,181,86
"SPIRE2","s1680_S_LS_02_ASEReadCounter.table","NW_015090842.1:10177084",62,140,78
"SPIRE2","s1680_S_LS_02_ASEReadCounter.table","NW_015090842.1:10177838",124,256,132
"SPIRE2","s1680_S_LS_02_ASEReadCounter.table","NW_015090842.1:10178000",118,248,130
"SPIRE2","s1680_S_LS_02_ASEReadCounter.table","NW_015090842.1:10178164",130,259,129
"SPIRE2","s1680_S_LS_02_ASEReadCounter.table","NW_015090842.1:10178216",126,276,150
"SPIRE2","s1680_S_LS_02_ASEReadCounter.table","NW_015090842.1:10178303",115,239,124
"SPIRE2","s1680_S_LS_02_ASEReadCounter.table","NW_015090842.1:10178403",127,283,156
"SPIRE2","s1680_S_LS_02_ASEReadCounter.table","NW_015090842.1:10178409",124,272,148
"SPIRE2","s1680_S_LS_02_ASEReadCounter.table","NW_015090842.1:10178524",124,274,150
"SPIRE2","s1680_S_LS_02_ASEReadCounter.table","NW_015090842.1:10178526",123,276,153
"SPIRE2","s1680_S_LS_02_ASEReadCounter.table","NW_015090842.1:10178531",121,272,151
"SPIRE2","s1680_S_LS_02_ASEReadCounter.table","NW_015090842.1:10178565",135,286,151
"SPIRE2","s1680_S_LS_02_ASEReadCounter.table","NW_015090842.1:10178587",126,260,134
"SPIRE2","s1680_S_LS_02_ASEReadCounter.table","NW_015090842.1:10178640",84,189,105
"SPIRE2","s1680_S_LS_02_ASEReadCounter.table","NW_015090842.1:10178651",91,203,112
"SPIRE2","s1680_S_LS_02_ASEReadCounter.table","NW_015090842.1:10178682",84,181,97
"TCF25","s1680_S_LS_02_ASEReadCounter.table","NW_015090842.1:10180912",47,91,44
"TCF25","s1680_S_LS_02_ASEReadCounter.table","NW_015090842.1:10180924",47,93,46
"TCF25","s1680_S_LS_02_ASEReadCounter.table","NW_015090842.1:10180931",46,92,46
"TCF25","s1680_S_LS_02_ASEReadCounter.table","NW_015090842.1:10185332",126,228,102
"TCF25","s1680_S_LS_02_ASEReadCounter.table","NW_015090842.1:10196561",85,174,89
"TCF25","s1680_S_LS_02_ASEReadCounter.table","NW_015090842.1:10197399",279,279,0
"MC1R","s1680_S_LS_02_ASEReadCounter.table","NW_015090842.1:10201853",1,1,0
"MC1R","s1680_S_LS_02_ASEReadCounter.table","NW_015090842.1:10202160",0,2,2
"MC1R","s1680_S_LS_02_ASEReadCounter.table","NW_015090842.1:10202447",1,1,0
"TUBB3","s1680_S_LS_02_ASEReadCounter.table","NW_015090842.1:10205322",1,1,0
"GAS8","s1680_S_LS_02_ASEReadCounter.table","NW_015090842.1:10228982",21,52,31
"GAS8","s1680_S_LS_02_ASEReadCounter.table","NW_015090842.1:10229832",26,49,23
"GAS8","s1680_S_LS_02_ASEReadCounter.table","NW_015090842.1:10232901",38,84,46
"GAS8","s1680_S_LS_02_ASEReadCounter.table","NW_015090842.1:10232928",41,84,43
"GAS8","s1680_S_LS_02_ASEReadCounter.table","NW_015090842.1:10232967",45,91,46
"GAS8","s1680_S_LS_02_ASEReadCounter.table","NW_015090842.1:10233032",48,90,42
"GAS8","s1680_S_LS_02_ASEReadCounter.table","NW_015090842.1:10233057",44,80,36
"GAS8","s1680_S_LS_02_ASEReadCounter.table","NW_015090842.1:10233058",44,81,37
"GAS8","s1680_S_LS_02_ASEReadCounter.table","NW_015090842.1:10233176",35,60,25
"GAS8","s1680_S_LS_02_ASEReadCounter.table","NW_015090842.1:10233196",35,56,21
"GAS8","s1680_S_LS_02_ASEReadCounter.table","NW_015090842.1:10233252",20,42,22
"GAS8","s1680_S_LS_02_ASEReadCounter.table","NW_015090842.1:10233303",5,16,11
"LOC106888094","s1680_S_LS_02_ASEReadCounter.table","NW_015090842.1:10233334",3,10,7
"LOC106888094","s1680_S_LS_02_ASEReadCounter.table","NW_015090842.1:10233362",7,18,11
"LOC106888094","s1680_S_LS_02_ASEReadCounter.table","NW_015090842.1:10233373",7,19,12
"LOC106888094","s1680_S_LS_02_ASEReadCounter.table","NW_015090842.1:10233388",9,23,14
"LOC106888094","s1680_S_LS_02_ASEReadCounter.table","NW_015090842.1:10233402",9,19,10
"LOC106888094","s1680_S_LS_02_ASEReadCounter.table","NW_015090842.1:10233465",11,33,22
"LOC106888094","s1680_S_LS_02_ASEReadCounter.table","NW_015090842.1:10233803",9,35,26
"LOC106888094","s1680_S_LS_02_ASEReadCounter.table","NW_015090842.1:10233815",13,37,24
"LOC106888094","s1680_S_LS_02_ASEReadCounter.table","NW_015090842.1:10235484",0,1,1
"LOC106888094","s1680_S_LS_02_ASEReadCounter.table","NW_015090842.1:10235611",1,1,0
"LOC106888094","s1680_S_LS_02_ASEReadCounter.table","NW_015090842.1:10235977",2,2,0
"LOC106888094","s1680_S_LS_02_ASEReadCounter.table","NW_015090842.1:10236161",1,1,0
"LOC106888094","s1680_S_LS_02_ASEReadCounter.table","NW_015090842.1:10236380",0,1,1
"LOC106888094","s1680_S_LS_02_ASEReadCounter.table","NW_015090842.1:10236388",0,1,1
"LOC106888094","s1680_S_LS_02_ASEReadCounter.table","NW_015090842.1:10236425",1,2,1
"LOC106888094","s1680_S_LS_02_ASEReadCounter.table","NW_015090842.1:10236426",1,2,1
"LOC106888094","s1680_S_LS_02_ASEReadCounter.table","NW_015090842.1:10236603",2,2,0
"LOC106888173","s1680_S_LS_02_ASEReadCounter.table","NW_015090842.1:10239596",0,7,7
"LOC106888173","s1680_S_LS_02_ASEReadCounter.table","NW_015090842.1:10240036",3,16,13
"LOC106888173","s1680_S_LS_02_ASEReadCounter.table","NW_015090842.1:10240095",0,12,12
"LOC106888173","s1680_S_LS_02_ASEReadCounter.table","NW_015090842.1:10240280",3,16,13
"LOC106888173","s1680_S_LS_02_ASEReadCounter.table","NW_015090842.1:10240557",3,35,32
"LOC106888173","s1680_S_LS_02_ASEReadCounter.table","NW_015090842.1:10240603",5,41,36
"LOC106888173","s1680_S_LS_02_ASEReadCounter.table","NW_015090842.1:10240609",5,40,35
"LOC106888173","s1680_S_LS_02_ASEReadCounter.table","NW_015090842.1:10240924",4,22,18
"LOC106888173","s1680_S_LS_02_ASEReadCounter.table","NW_015090842.1:10241037",4,20,16
"LOC106888173","s1680_S_LS_02_ASEReadCounter.table","NW_015090842.1:10241046",6,21,15
"LOC106888173","s1680_S_LS_02_ASEReadCounter.table","NW_015090842.1:10241058",6,25,19
"LOC106888173","s1680_S_LS_02_ASEReadCounter.table","NW_015090842.1:10241064",7,28,21
"LOC106888173","s1680_S_LS_02_ASEReadCounter.table","NW_015090842.1:10241163",6,21,15
"LOC106888173","s1680_S_LS_02_ASEReadCounter.table","NW_015090842.1:10241803",5,41,36
"LOC106888173","s1680_S_LS_02_ASEReadCounter.table","NW_015090842.1:10241827",6,29,23
"LOC106888173","s1680_S_LS_02_ASEReadCounter.table","NW_015090842.1:10241869",4,35,31
"LOC106888173","s1680_S_LS_02_ASEReadCounter.table","NW_015090842.1:10242079",7,36,29
"LOC106888173","s1680_S_LS_02_ASEReadCounter.table","NW_015090842.1:10242103",6,35,29
"LOC106888173","s1680_S_LS_02_ASEReadCounter.table","NW_015090842.1:10242157",7,31,24
"LOC106888173","s1680_S_LS_02_ASEReadCounter.table","NW_015090842.1:10242455",7,35,28
"LOC106888173","s1680_S_LS_02_ASEReadCounter.table","NW_015090842.1:10242481",6,39,33
"LOC106888173","s1680_S_LS_02_ASEReadCounter.table","NW_015090842.1:10242590",8,40,32
"LOC106888173","s1680_S_LS_02_ASEReadCounter.table","NW_015090842.1:10242794",8,37,29
"LOC106888173","s1680_S_LS_02_ASEReadCounter.table","NW_015090842.1:10242909",13,37,24
"LOC106888173","s1680_S_LS_02_ASEReadCounter.table","NW_015090842.1:10243094",11,41,30
"LOC106888173","s1680_S_LS_02_ASEReadCounter.table","NW_015090842.1:10243133",9,39,30
"LOC106888173","s1680_S_LS_02_ASEReadCounter.table","NW_015090842.1:10243273",10,47,37
"LOC106888173","s1680_S_LS_02_ASEReadCounter.table","NW_015090842.1:10243278",10,46,36
"LOC106888173","s1680_S_LS_02_ASEReadCounter.table","NW_015090842.1:10243281",10,46,36
"LOC106888173","s1680_S_LS_02_ASEReadCounter.table","NW_015090842.1:10243347",25,25,0
"LOC106888173","s1680_S_LS_02_ASEReadCounter.table","NW_015090842.1:10243353",6,25,19
"LOC106888173","s1680_S_LS_02_ASEReadCounter.table","NW_015090842.1:10243363",7,23,16
"LOC106888173","s1680_S_LS_02_ASEReadCounter.table","NW_015090842.1:10243365",6,21,15
"LOC106888173","s1680_S_LS_02_ASEReadCounter.table","NW_015090842.1:10243529",16,41,25
"LOC106888173","s1680_S_LS_02_ASEReadCounter.table","NW_015090842.1:10243566",20,68,48
"LOC106888173","s1680_S_LS_02_ASEReadCounter.table","NW_015090842.1:10243605",17,71,54
"LOC106888173","s1680_S_LS_02_ASEReadCounter.table","NW_015090842.1:10243614",12,65,53
"LOC106888173","s1680_S_LS_02_ASEReadCounter.table","NW_015090842.1:10243615",12,65,53
"LOC106888173","s1680_S_LS_02_ASEReadCounter.table","NW_015090842.1:10243640",15,59,44
"LOC106888173","s1680_S_LS_02_ASEReadCounter.table","NW_015090842.1:10243680",20,50,30
"LOC106888173","s1680_S_LS_02_ASEReadCounter.table","NW_015090842.1:10243742",31,68,37
"LOC106888173","s1680_S_LS_02_ASEReadCounter.table","NW_015090842.1:10243804",20,42,22
"LOC106888173","s1680_S_LS_02_ASEReadCounter.table","NW_015090842.1:10243913",15,25,10
"LOC106888173","s1680_S_LS_02_ASEReadCounter.table","NW_015090842.1:10243921",14,23,9
"LOC106888384","s1680_S_LS_02_ASEReadCounter.table","NW_015090842.1:10253605",2,2,0
"LOC106888384","s1680_S_LS_02_ASEReadCounter.table","NW_015090842.1:10254028",1,1,0
"LOC106888384","s1680_S_LS_02_ASEReadCounter.table","NW_015090842.1:10254227",2,2,0
"LOC106888384","s1680_S_LS_02_ASEReadCounter.table","NW_015090842.1:10254233",2,2,0
"LOC106888384","s1680_S_LS_02_ASEReadCounter.table","NW_015090842.1:10254263",1,1,0
"LOC106888384","s1680_S_LS_02_ASEReadCounter.table","NW_015090842.1:10254293",1,1,0
"LOC106888384","s1680_S_LS_02_ASEReadCounter.table","NW_015090842.1:10254570",1,1,0
"LOC106888384","s1680_S_LS_02_ASEReadCounter.table","NW_015090842.1:10254891",0,1,1
"LOC106888384","s1680_S_LS_02_ASEReadCounter.table","NW_015090842.1:10254900",1,1,0
"LOC106888384","s1680_S_LS_02_ASEReadCounter.table","NW_015090842.1:10255704",3,3,0
"LOC106888384","s1680_S_LS_02_ASEReadCounter.table","NW_015090842.1:10255731",3,3,0
"TANGO6","s1680_S_LS_02_ASEReadCounter.table","NW_015090842.1:10257782",4,6,2
"TANGO6","s1680_S_LS_02_ASEReadCounter.table","NW_015090842.1:10258162",11,17,6
"TANGO6","s1680_S_LS_02_ASEReadCounter.table","NW_015090842.1:10258185",10,14,4
"TANGO6","s1680_S_LS_02_ASEReadCounter.table","NW_015090842.1:10259267",20,33,13
"TANGO6","s1680_S_LS_02_ASEReadCounter.table","NW_015090842.1:10260250",34,49,15
"TANGO6","s1680_S_LS_02_ASEReadCounter.table","NW_015090842.1:10260979",16,37,21
"TANGO6","s1680_S_LS_02_ASEReadCounter.table","NW_015090842.1:10261599",24,43,19
"TANGO6","s1680_S_LS_02_ASEReadCounter.table","NW_015090842.1:10268425",35,83,48
"TANGO6","s1680_S_LS_02_ASEReadCounter.table","NW_015090842.1:10269831",32,64,32
"TANGO6","s1680_S_LS_02_ASEReadCounter.table","NW_015090842.1:10270813",34,59,25
"TANGO6","s1680_S_LS_02_ASEReadCounter.table","NW_015090842.1:10273952",24,54,30
"TANGO6","s1680_S_LS_02_ASEReadCounter.table","NW_015090842.1:10273970",26,56,30
"TANGO6","s1680_S_LS_02_ASEReadCounter.table","NW_015090842.1:10274018",31,49,18
"TANGO6","s1680_S_LS_02_ASEReadCounter.table","NW_015090842.1:10275974",30,54,24
"TANGO6","s1680_S_LS_02_ASEReadCounter.table","NW_015090842.1:10275976",30,54,24
"TANGO6","s1680_S_LS_02_ASEReadCounter.table","NW_015090842.1:10276123",36,55,19
"TANGO6","s1680_S_LS_02_ASEReadCounter.table","NW_015090842.1:10276271",26,48,22
"TANGO6","s1680_S_LS_02_ASEReadCounter.table","NW_015090842.1:10276272",26,48,22
"TANGO6","s1680_S_LS_02_ASEReadCounter.table","NW_015090842.1:10276275",30,52,22
"TANGO6","s1680_S_LS_02_ASEReadCounter.table","NW_015090842.1:10276278",30,50,20
"TANGO6","s1680_S_LS_02_ASEReadCounter.table","NW_015090842.1:10276368",26,45,19
"TANGO6","s1680_S_LS_02_ASEReadCounter.table","NW_015090842.1:10276373",26,47,21
"TANGO6","s1680_S_LS_02_ASEReadCounter.table","NW_015090842.1:10276630",32,55,23
"TANGO6","s1680_S_LS_02_ASEReadCounter.table","NW_015090842.1:10281498",35,77,42
"TANGO6","s1680_S_LS_02_ASEReadCounter.table","NW_015090842.1:10282842",39,80,41
"TANGO6","s1680_S_LS_02_ASEReadCounter.table","NW_015090842.1:10282863",39,75,36
"TANGO6","s1680_S_LS_02_ASEReadCounter.table","NW_015090842.1:10282869",34,71,37
"TANGO6","s1680_S_LS_02_ASEReadCounter.table","NW_015090842.1:10282903",34,91,57
"TANGO6","s1680_S_LS_02_ASEReadCounter.table","NW_015090842.1:10283757",62,110,48
"TANGO6","s1680_S_LS_02_ASEReadCounter.table","NW_015090842.1:10283785",66,115,49
"HAS3","s1680_S_LS_02_ASEReadCounter.table","NW_015090842.1:10288093",0,1,1
"HAS3","s1680_S_LS_02_ASEReadCounter.table","NW_015090842.1:10288266",0,1,1
"HAS3","s1680_S_LS_02_ASEReadCounter.table","NW_015090842.1:10288274",0,1,1
"HAS3","s1680_S_LS_02_ASEReadCounter.table","NW_015090842.1:10288364",1,3,2
"HAS3","s1680_S_LS_02_ASEReadCounter.table","NW_015090842.1:10288405",1,3,2
"HAS3","s1680_S_LS_02_ASEReadCounter.table","NW_015090842.1:10289469",3,3,0
"HAS3","s1680_S_LS_02_ASEReadCounter.table","NW_015090842.1:10289708",0,3,3
"HAS3","s1680_S_LS_02_ASEReadCounter.table","NW_015090842.1:10290561",2,4,2
"HAS3","s1680_S_LS_02_ASEReadCounter.table","NW_015090842.1:10290609",4,5,1
"HAS3","s1680_S_LS_02_ASEReadCounter.table","NW_015090842.1:10290666",2,3,1
"HAS3","s1680_S_LS_02_ASEReadCounter.table","NW_015090842.1:10290723",3,5,2
"HAS3","s1680_S_LS_02_ASEReadCounter.table","NW_015090842.1:10290927",2,7,5
"HAS3","s1680_S_LS_02_ASEReadCounter.table","NW_015090842.1:10291004",4,7,3
"CHTF8","s1680_S_LS_02_ASEReadCounter.table","NW_015090842.1:10291319",4,9,5
"CHTF8","s1680_S_LS_02_ASEReadCounter.table","NW_015090842.1:10291342",4,10,6
"CHTF8","s1680_S_LS_02_ASEReadCounter.table","NW_015090842.1:10291491",17,23,6
"CHTF8","s1680_S_LS_02_ASEReadCounter.table","NW_015090842.1:10291520",14,28,14
"CHTF8","s1680_S_LS_02_ASEReadCounter.table","NW_015090842.1:10291593",21,41,20
"CHTF8","s1680_S_LS_02_ASEReadCounter.table","NW_015090842.1:10291600",19,37,18
"CHTF8","s1680_S_LS_02_ASEReadCounter.table","NW_015090842.1:10291609",15,29,14
"CHTF8","s1680_S_LS_02_ASEReadCounter.table","NW_015090842.1:10291639",19,34,15
"CHTF8","s1680_S_LS_02_ASEReadCounter.table","NW_015090842.1:10291641",20,34,14
"CHTF8","s1680_S_LS_02_ASEReadCounter.table","NW_015090842.1:10291648",20,36,16
"CHTF8","s1680_S_LS_02_ASEReadCounter.table","NW_015090842.1:10291656",21,39,18
"CHTF8","s1680_S_LS_02_ASEReadCounter.table","NW_015090842.1:10291675",22,39,17
"CHTF8","s1680_S_LS_02_ASEReadCounter.table","NW_015090842.1:10291696",23,38,15
"CHTF8","s1680_S_LS_02_ASEReadCounter.table","NW_015090842.1:10291714",24,38,14
"CHTF8","s1680_S_LS_02_ASEReadCounter.table","NW_015090842.1:10291732",24,43,19
"CHTF8","s1680_S_LS_02_ASEReadCounter.table","NW_015090842.1:10291755",22,42,20
"CHTF8","s1680_S_LS_02_ASEReadCounter.table","NW_015090842.1:10291756",21,39,18
"CHTF8","s1680_S_LS_02_ASEReadCounter.table","NW_015090842.1:10291758",22,43,21
"CHTF8","s1680_S_LS_02_ASEReadCounter.table","NW_015090842.1:10291792",17,41,24
"CHTF8","s1680_S_LS_02_ASEReadCounter.table","NW_015090842.1:10291895",20,45,25
"CHTF8","s1680_S_LS_02_ASEReadCounter.table","NW_015090842.1:10292132",20,31,11
"CHTF8","s1680_S_LS_02_ASEReadCounter.table","NW_015090842.1:10292314",15,24,9
"CHTF8","s1680_S_LS_02_ASEReadCounter.table","NW_015090842.1:10292317",14,22,8
"CHTF8","s1680_S_LS_02_ASEReadCounter.table","NW_015090842.1:10292928",4,5,1
"UTP4","s1680_S_LS_02_ASEReadCounter.table","NW_015090842.1:10293146",23,39,16
"UTP4","s1680_S_LS_02_ASEReadCounter.table","NW_015090842.1:10293151",15,31,16
"UTP4","s1680_S_LS_02_ASEReadCounter.table","NW_015090842.1:10293191",13,21,8
"UTP4","s1680_S_LS_02_ASEReadCounter.table","NW_015090842.1:10293362",15,30,15
"UTP4","s1680_S_LS_02_ASEReadCounter.table","NW_015090842.1:10293430",13,32,19
"UTP4","s1680_S_LS_02_ASEReadCounter.table","NW_015090842.1:10293625",17,34,17
"UTP4","s1680_S_LS_02_ASEReadCounter.table","NW_015090842.1:10293684",12,34,22
"UTP4","s1680_S_LS_02_ASEReadCounter.table","NW_015090842.1:10294093",15,29,14
"UTP4","s1680_S_LS_02_ASEReadCounter.table","NW_015090842.1:10294568",19,40,21
"UTP4","s1680_S_LS_02_ASEReadCounter.table","NW_015090842.1:10294622",14,34,20
"UTP4","s1680_S_LS_02_ASEReadCounter.table","NW_015090842.1:10294632",15,34,19
"UTP4","s1680_S_LS_02_ASEReadCounter.table","NW_015090842.1:10295238",13,32,19
"UTP4","s1680_S_LS_02_ASEReadCounter.table","NW_015090842.1:10295880",23,45,22
"UTP4","s1680_S_LS_02_ASEReadCounter.table","NW_015090842.1:10295884",21,43,22
"UTP4","s1680_S_LS_02_ASEReadCounter.table","NW_015090842.1:10295903",18,39,21
"UTP4","s1680_S_LS_02_ASEReadCounter.table","NW_015090842.1:10295906",17,40,23
"UTP4","s1680_S_LS_02_ASEReadCounter.table","NW_015090842.1:10295915",16,39,23
"UTP4","s1680_S_LS_02_ASEReadCounter.table","NW_015090842.1:10295938",14,38,24
"UTP4","s1680_S_LS_02_ASEReadCounter.table","NW_015090842.1:10296175",17,39,22
"UTP4","s1680_S_LS_02_ASEReadCounter.table","NW_015090842.1:10296660",18,44,26
"UTP4","s1680_S_LS_02_ASEReadCounter.table","NW_015090842.1:10296679",28,54,26
"UTP4","s1680_S_LS_02_ASEReadCounter.table","NW_015090842.1:10297193",36,75,39
"UTP4","s1680_S_LS_02_ASEReadCounter.table","NW_015090842.1:10297220",40,71,31
"UTP4","s1680_S_LS_02_ASEReadCounter.table","NW_015090842.1:10297307",47,86,39
"UTP4","s1680_S_LS_02_ASEReadCounter.table","NW_015090842.1:10297558",48,104,56
"UTP4","s1680_S_LS_02_ASEReadCounter.table","NW_015090842.1:10297943",31,67,36
"UTP4","s1680_S_LS_02_ASEReadCounter.table","NW_015090842.1:10297979",29,65,36
"UTP4","s1680_S_LS_02_ASEReadCounter.table","NW_015090842.1:10298022",24,48,24
"UTP4","s1680_S_LS_02_ASEReadCounter.table","NW_015090842.1:10298079",6,10,4
"UTP4","s1680_S_LS_02_ASEReadCounter.table","NW_015090842.1:10298081",5,9,4
"UTP4","s1680_S_LS_02_ASEReadCounter.table","NW_015090842.1:10298082",5,9,4
"SNTB2","s1680_S_LS_02_ASEReadCounter.table","NW_015090842.1:10298905",1,1,0
"SNTB2","s1680_S_LS_02_ASEReadCounter.table","NW_015090842.1:10298928",1,1,0
"SNTB2","s1680_S_LS_02_ASEReadCounter.table","NW_015090842.1:10303506",4,4,0
"SNTB2","s1680_S_LS_02_ASEReadCounter.table","NW_015090842.1:10303524",4,4,0
"SNTB2","s1680_S_LS_02_ASEReadCounter.table","NW_015090842.1:10304059",3,5,2
"SNTB2","s1680_S_LS_02_ASEReadCounter.table","NW_015090842.1:10304089",2,4,2
"SNTB2","s1680_S_LS_02_ASEReadCounter.table","NW_015090842.1:10304167",2,3,1
"SNTB2","s1680_S_LS_02_ASEReadCounter.table","NW_015090842.1:10304176",2,3,1
"SNTB2","s1680_S_LS_02_ASEReadCounter.table","NW_015090842.1:10305069",3,4,1
"SNTB2","s1680_S_LS_02_ASEReadCounter.table","NW_015090842.1:10305099",4,4,0
"SNTB2","s1680_S_LS_02_ASEReadCounter.table","NW_015090842.1:10305451",5,8,3
"SNTB2","s1680_S_LS_02_ASEReadCounter.table","NW_015090842.1:10305547",2,6,4
"SNTB2","s1680_S_LS_02_ASEReadCounter.table","NW_015090842.1:10305847",1,6,5
"SNTB2","s1680_S_LS_02_ASEReadCounter.table","NW_015090842.1:10305911",2,6,4
"SNTB2","s1680_S_LS_02_ASEReadCounter.table","NW_015090842.1:10306173",4,8,4
"SNTB2","s1680_S_LS_02_ASEReadCounter.table","NW_015090842.1:10306275",2,7,5
"SNTB2","s1680_S_LS_02_ASEReadCounter.table","NW_015090842.1:10306457",4,7,3
"SNTB2","s1680_S_LS_02_ASEReadCounter.table","NW_015090842.1:10306496",6,9,3
"SNTB2","s1680_S_LS_02_ASEReadCounter.table","NW_015090842.1:10306499",6,7,1
"VPS4A","s1680_S_LS_02_ASEReadCounter.table","NW_015090842.1:10308566",76,147,71
"VPS4A","s1680_S_LS_02_ASEReadCounter.table","NW_015090842.1:10308573",81,156,75
"VPS4A","s1680_S_LS_02_ASEReadCounter.table","NW_015090842.1:10308856",120,254,134
"VPS4A","s1680_S_LS_02_ASEReadCounter.table","NW_015090842.1:10309056",126,286,160
"VPS4A","s1680_S_LS_02_ASEReadCounter.table","NW_015090842.1:10309089",182,350,168
"VPS4A","s1680_S_LS_02_ASEReadCounter.table","NW_015090842.1:10309392",179,333,154
"VPS4A","s1680_S_LS_02_ASEReadCounter.table","NW_015090842.1:10309413",177,330,153
"VPS4A","s1680_S_LS_02_ASEReadCounter.table","NW_015090842.1:10309467",178,374,196
"VPS4A","s1680_S_LS_02_ASEReadCounter.table","NW_015090842.1:10310230",205,440,235
"VPS4A","s1680_S_LS_02_ASEReadCounter.table","NW_015090842.1:10310425",170,383,213
"VPS4A","s1680_S_LS_02_ASEReadCounter.table","NW_015090842.1:10310639",196,445,249
"VPS4A","s1680_S_LS_02_ASEReadCounter.table","NW_015090842.1:10310640",198,447,249
"VPS4A","s1680_S_LS_02_ASEReadCounter.table","NW_015090842.1:10310687",218,477,259
"VPS4A","s1680_S_LS_02_ASEReadCounter.table","NW_015090842.1:10310734",195,410,215
"VPS4A","s1680_S_LS_02_ASEReadCounter.table","NW_015090842.1:10310737",194,413,219
"VPS4A","s1680_S_LS_02_ASEReadCounter.table","NW_015090842.1:10310746",195,423,228
"VPS4A","s1680_S_LS_02_ASEReadCounter.table","NW_015090842.1:10310767",219,456,237
"VPS4A","s1680_S_LS_02_ASEReadCounter.table","NW_015090842.1:10310995",259,477,218
"VPS4A","s1680_S_LS_02_ASEReadCounter.table","NW_015090842.1:10311004",253,465,212
"VPS4A","s1680_S_LS_02_ASEReadCounter.table","NW_015090842.1:10311007",246,471,225
"VPS4A","s1680_S_LS_02_ASEReadCounter.table","NW_015090842.1:10311013",271,495,224
"VPS4A","s1680_S_LS_02_ASEReadCounter.table","NW_015090842.1:10311022",241,464,223
"VPS4A","s1680_S_LS_02_ASEReadCounter.table","NW_015090842.1:10311023",242,463,221
"VPS4A","s1680_S_LS_02_ASEReadCounter.table","NW_015090842.1:10311426",243,502,259
"VPS4A","s1680_S_LS_02_ASEReadCounter.table","NW_015090842.1:10311489",5,16,11
"VPS4A","s1680_S_LS_02_ASEReadCounter.table","NW_015090842.1:10311490",5,14,9
"VPS4A","s1680_S_LS_02_ASEReadCounter.table","NW_015090842.1:10311525",8,22,14
"VPS4A","s1680_S_LS_02_ASEReadCounter.table","NW_015090842.1:10311529",9,27,18
"VPS4A","s1680_S_LS_02_ASEReadCounter.table","NW_015090842.1:10311530",9,29,20
"VPS4A","s1680_S_LS_02_ASEReadCounter.table","NW_015090842.1:10311552",34,66,32
"VPS4A","s1680_S_LS_02_ASEReadCounter.table","NW_015090842.1:10311689",34,78,44
"VPS4A","s1680_S_LS_02_ASEReadCounter.table","NW_015090842.1:10311700",41,85,44
"VPS4A","s1680_S_LS_02_ASEReadCounter.table","NW_015090842.1:10311701",41,85,44
"VPS4A","s1680_S_LS_02_ASEReadCounter.table","NW_015090842.1:10311703",41,86,45
"COG8","s1680_S_LS_02_ASEReadCounter.table","NW_015090842.1:10313487",17,41,24
"COG8","s1680_S_LS_02_ASEReadCounter.table","NW_015090842.1:10313559",35,68,33
"COG8","s1680_S_LS_02_ASEReadCounter.table","NW_015090842.1:10313579",29,64,35
"COG8","s1680_S_LS_02_ASEReadCounter.table","NW_015090842.1:10313665",29,53,24
"COG8","s1680_S_LS_02_ASEReadCounter.table","NW_015090842.1:10313681",31,60,29
"COG8","s1680_S_LS_02_ASEReadCounter.table","NW_015090842.1:10313768",46,79,33
"COG8","s1680_S_LS_02_ASEReadCounter.table","NW_015090842.1:10313775",44,75,31
"COG8","s1680_S_LS_02_ASEReadCounter.table","NW_015090842.1:10313811",34,56,22
"COG8","s1680_S_LS_02_ASEReadCounter.table","NW_015090842.1:10313858",23,43,20
"COG8","s1680_S_LS_02_ASEReadCounter.table","NW_015090842.1:10313859",42,42,0
"COG8","s1680_S_LS_02_ASEReadCounter.table","NW_015090842.1:10314100",34,62,28
"COG8","s1680_S_LS_02_ASEReadCounter.table","NW_015090842.1:10314213",36,64,28
"COG8","s1680_S_LS_02_ASEReadCounter.table","NW_015090842.1:10315093",33,48,15
"COG8","s1680_S_LS_02_ASEReadCounter.table","NW_015090842.1:10315162",21,47,26
"COG8","s1680_S_LS_02_ASEReadCounter.table","NW_015090842.1:10315285",20,44,24
"COG8","s1680_S_LS_02_ASEReadCounter.table","NW_015090842.1:10315360",14,31,17
"COG8","s1680_S_LS_02_ASEReadCounter.table","NW_015090842.1:10315369",15,36,21
"COG8","s1680_S_LS_02_ASEReadCounter.table","NW_015090842.1:10315508",12,30,18
"COG8","s1680_S_LS_02_ASEReadCounter.table","NW_015090842.1:10315624",10,33,23
"COG8","s1680_S_LS_02_ASEReadCounter.table","NW_015090842.1:10315693",8,38,30
"COG8","s1680_S_LS_02_ASEReadCounter.table","NW_015090842.1:10315698",9,38,29
"COG8","s1680_S_LS_02_ASEReadCounter.table","NW_015090842.1:10315768",14,30,16
"COG8","s1680_S_LS_02_ASEReadCounter.table","NW_015090842.1:10315769",14,32,18
"COG8","s1680_S_LS_02_ASEReadCounter.table","NW_015090842.1:10315784",13,29,16
"COG8","s1680_S_LS_02_ASEReadCounter.table","NW_015090842.1:10316093",15,23,8
"COG8","s1680_S_LS_02_ASEReadCounter.table","NW_015090842.1:10316133",14,24,10
"NIP7","s1680_S_LS_02_ASEReadCounter.table","NW_015090842.1:10316759",16,41,25
"NIP7","s1680_S_LS_02_ASEReadCounter.table","NW_015090842.1:10316967",113,242,129
"NIP7","s1680_S_LS_02_ASEReadCounter.table","NW_015090842.1:10316995",131,265,134
"NIP7","s1680_S_LS_02_ASEReadCounter.table","NW_015090842.1:10317240",200,389,189
"NIP7","s1680_S_LS_02_ASEReadCounter.table","NW_015090842.1:10317247",204,391,187
"NIP7","s1680_S_LS_02_ASEReadCounter.table","NW_015090842.1:10317264",211,389,178
"NIP7","s1680_S_LS_02_ASEReadCounter.table","NW_015090842.1:10317433",207,465,258
"NIP7","s1680_S_LS_02_ASEReadCounter.table","NW_015090842.1:10317738",197,419,222
"NIP7","s1680_S_LS_02_ASEReadCounter.table","NW_015090842.1:10317769",205,425,220
"NIP7","s1680_S_LS_02_ASEReadCounter.table","NW_015090842.1:10317808",154,296,142
"NIP7","s1680_S_LS_02_ASEReadCounter.table","NW_015090842.1:10317870",93,204,111
"NIP7","s1680_S_LS_02_ASEReadCounter.table","NW_015090842.1:10317871",95,205,110
"NIP7","s1680_S_LS_02_ASEReadCounter.table","NW_015090842.1:10317898",65,143,78
"NIP7","s1680_S_LS_02_ASEReadCounter.table","NW_015090842.1:10317911",63,133,70
"TMED6","s1680_S_LS_02_ASEReadCounter.table","NW_015090842.1:10318514",1,1,0
"TERF2","s1680_S_LS_02_ASEReadCounter.table","NW_015090842.1:10321768",37,79,42
"TERF2","s1680_S_LS_02_ASEReadCounter.table","NW_015090842.1:10321777",43,85,42
"TERF2","s1680_S_LS_02_ASEReadCounter.table","NW_015090842.1:10321805",39,90,51
"TERF2","s1680_S_LS_02_ASEReadCounter.table","NW_015090842.1:10321878",64,127,63
"TERF2","s1680_S_LS_02_ASEReadCounter.table","NW_015090842.1:10321893",4,122,118
"TERF2","s1680_S_LS_02_ASEReadCounter.table","NW_015090842.1:10321897",47,102,55
"TERF2","s1680_S_LS_02_ASEReadCounter.table","NW_015090842.1:10321908",44,93,49
"TERF2","s1680_S_LS_02_ASEReadCounter.table","NW_015090842.1:10322001",68,157,89
"TERF2","s1680_S_LS_02_ASEReadCounter.table","NW_015090842.1:10322035",66,145,79
"TERF2","s1680_S_LS_02_ASEReadCounter.table","NW_015090842.1:10322051",66,149,83
"TERF2","s1680_S_LS_02_ASEReadCounter.table","NW_015090842.1:10322137",40,94,54
"TERF2","s1680_S_LS_02_ASEReadCounter.table","NW_015090842.1:10322144",40,90,50
"TERF2","s1680_S_LS_02_ASEReadCounter.table","NW_015090842.1:10322388",30,99,69
"TERF2","s1680_S_LS_02_ASEReadCounter.table","NW_015090842.1:10322396",34,102,68
"TERF2","s1680_S_LS_02_ASEReadCounter.table","NW_015090842.1:10322502",49,111,62
"TERF2","s1680_S_LS_02_ASEReadCounter.table","NW_015090842.1:10322504",48,114,66
"TERF2","s1680_S_LS_02_ASEReadCounter.table","NW_015090842.1:10322510",49,121,72
"TERF2","s1680_S_LS_02_ASEReadCounter.table","NW_015090842.1:10323580",47,99,52
"TERF2","s1680_S_LS_02_ASEReadCounter.table","NW_015090842.1:10324314",47,99,52
"TERF2","s1680_S_LS_02_ASEReadCounter.table","NW_015090842.1:10326832",44,89,45
"TERF2","s1680_S_LS_02_ASEReadCounter.table","NW_015090842.1:10327787",23,41,18
"TERF2","s1680_S_LS_02_ASEReadCounter.table","NW_015090842.1:10328588",19,42,23
"TERF2","s1680_S_LS_02_ASEReadCounter.table","NW_015090842.1:10328644",19,44,25
"TERF2","s1680_S_LS_02_ASEReadCounter.table","NW_015090842.1:10329813",13,32,19
"TERF2","s1680_S_LS_02_ASEReadCounter.table","NW_015090842.1:10330749",13,29,16
"TERF2","s1680_S_LS_02_ASEReadCounter.table","NW_015090842.1:10330789",16,34,18
"CYB5B","s1680_S_LS_02_ASEReadCounter.table","NW_015090842.1:10336595",2,3,1
"CYB5B","s1680_S_LS_02_ASEReadCounter.table","NW_015090842.1:10336667",36,74,38
"CYB5B","s1680_S_LS_02_ASEReadCounter.table","NW_015090842.1:10336689",58,120,62
"CYB5B","s1680_S_LS_02_ASEReadCounter.table","NW_015090842.1:10336728",90,185,95
"CYB5B","s1680_S_LS_02_ASEReadCounter.table","NW_015090842.1:10345068",78,175,97
"CYB5B","s1680_S_LS_02_ASEReadCounter.table","NW_015090842.1:10348800",132,275,143
"CYB5B","s1680_S_LS_02_ASEReadCounter.table","NW_015090842.1:10349046",127,273,146
"CYB5B","s1680_S_LS_02_ASEReadCounter.table","NW_015090842.1:10349119",67,206,139
"CYB5B","s1680_S_LS_02_ASEReadCounter.table","NW_015090842.1:10349146",30,180,150
"CYB5B","s1680_S_LS_02_ASEReadCounter.table","NW_015090842.1:10349157",60,222,162
"CYB5B","s1680_S_LS_02_ASEReadCounter.table","NW_015090842.1:10349263",209,209,0
