"gene","id","snp","ref_count","total_count","alt_count"
"CENPN","s1680_S_HYP_02_ASEReadCounter.table","NW_015090842.1:5801612",0,1,1
"CENPN","s1680_S_HYP_02_ASEReadCounter.table","NW_015090842.1:5801618",0,1,1
"CENPN","s1680_S_HYP_02_ASEReadCounter.table","NW_015090842.1:5801623",0,1,1
"CENPN","s1680_S_HYP_02_ASEReadCounter.table","NW_015090842.1:5801631",0,1,1
"CENPN","s1680_S_HYP_02_ASEReadCounter.table","NW_015090842.1:5801632",0,1,1
"CENPN","s1680_S_HYP_02_ASEReadCounter.table","NW_015090842.1:5801655",1,1,0
"CENPN","s1680_S_HYP_02_ASEReadCounter.table","NW_015090842.1:5801670",1,1,0
"CENPN","s1680_S_HYP_02_ASEReadCounter.table","NW_015090842.1:5801674",1,1,0
"CENPN","s1680_S_HYP_02_ASEReadCounter.table","NW_015090842.1:5801692",2,2,0
"CENPN","s1680_S_HYP_02_ASEReadCounter.table","NW_015090842.1:5802008",0,1,1
"CENPN","s1680_S_HYP_02_ASEReadCounter.table","NW_015090842.1:5802012",0,1,1
"CENPN","s1680_S_HYP_02_ASEReadCounter.table","NW_015090842.1:5802087",2,2,0
"CENPN","s1680_S_HYP_02_ASEReadCounter.table","NW_015090842.1:5810113",8,8,0
"CENPN","s1680_S_HYP_02_ASEReadCounter.table","NW_015090842.1:5810147",12,12,0
"CENPN","s1680_S_HYP_02_ASEReadCounter.table","NW_015090842.1:5810148",12,12,0
"ATMIN","s1680_S_HYP_02_ASEReadCounter.table","NW_015090842.1:5818789",2,7,5
"ATMIN","s1680_S_HYP_02_ASEReadCounter.table","NW_015090842.1:5819958",3,7,4
"ATMIN","s1680_S_HYP_02_ASEReadCounter.table","NW_015090842.1:5820004",5,10,5
"ATMIN","s1680_S_HYP_02_ASEReadCounter.table","NW_015090842.1:5820217",2,4,2
"ATMIN","s1680_S_HYP_02_ASEReadCounter.table","NW_015090842.1:5820250",3,4,1
"ATMIN","s1680_S_HYP_02_ASEReadCounter.table","NW_015090842.1:5820298",1,4,3
"ATMIN","s1680_S_HYP_02_ASEReadCounter.table","NW_015090842.1:5820417",1,3,2
"ATMIN","s1680_S_HYP_02_ASEReadCounter.table","NW_015090842.1:5820421",2,4,2
"ATMIN","s1680_S_HYP_02_ASEReadCounter.table","NW_015090842.1:5820448",3,7,4
"ATMIN","s1680_S_HYP_02_ASEReadCounter.table","NW_015090842.1:5820457",2,6,4
"ATMIN","s1680_S_HYP_02_ASEReadCounter.table","NW_015090842.1:5820510",5,9,4
"ATMIN","s1680_S_HYP_02_ASEReadCounter.table","NW_015090842.1:5820673",2,8,6
"ATMIN","s1680_S_HYP_02_ASEReadCounter.table","NW_015090842.1:5820754",1,10,9
"ATMIN","s1680_S_HYP_02_ASEReadCounter.table","NW_015090842.1:5820820",0,6,6
"ATMIN","s1680_S_HYP_02_ASEReadCounter.table","NW_015090842.1:5820865",3,8,5
"ATMIN","s1680_S_HYP_02_ASEReadCounter.table","NW_015090842.1:5820889",3,6,3
"ATMIN","s1680_S_HYP_02_ASEReadCounter.table","NW_015090842.1:5820891",3,6,3
"ATMIN","s1680_S_HYP_02_ASEReadCounter.table","NW_015090842.1:5820997",3,9,6
"ATMIN","s1680_S_HYP_02_ASEReadCounter.table","NW_015090842.1:5821063",2,2,0
"ATMIN","s1680_S_HYP_02_ASEReadCounter.table","NW_015090842.1:5821132",4,10,6
"ATMIN","s1680_S_HYP_02_ASEReadCounter.table","NW_015090842.1:5821645",7,19,12
"ATMIN","s1680_S_HYP_02_ASEReadCounter.table","NW_015090842.1:5825066",16,22,6
"ATMIN","s1680_S_HYP_02_ASEReadCounter.table","NW_015090842.1:5825106",10,19,9
"ATMIN","s1680_S_HYP_02_ASEReadCounter.table","NW_015090842.1:5825122",11,22,11
"ATMIN","s1680_S_HYP_02_ASEReadCounter.table","NW_015090842.1:5825178",12,26,14
"ATMIN","s1680_S_HYP_02_ASEReadCounter.table","NW_015090842.1:5825194",13,27,14
"ATMIN","s1680_S_HYP_02_ASEReadCounter.table","NW_015090842.1:5825195",13,27,14
"ATMIN","s1680_S_HYP_02_ASEReadCounter.table","NW_015090842.1:5825220",11,21,10
"ATMIN","s1680_S_HYP_02_ASEReadCounter.table","NW_015090842.1:5825240",15,29,14
"ATMIN","s1680_S_HYP_02_ASEReadCounter.table","NW_015090842.1:5825303",24,49,25
"ATMIN","s1680_S_HYP_02_ASEReadCounter.table","NW_015090842.1:5825304",24,50,26
"ATMIN","s1680_S_HYP_02_ASEReadCounter.table","NW_015090842.1:5825310",26,51,25
"ATMIN","s1680_S_HYP_02_ASEReadCounter.table","NW_015090842.1:5825406",28,51,23
"ATMIN","s1680_S_HYP_02_ASEReadCounter.table","NW_015090842.1:5825415",26,51,25
"ATMIN","s1680_S_HYP_02_ASEReadCounter.table","NW_015090842.1:5825438",22,47,25
"ATMIN","s1680_S_HYP_02_ASEReadCounter.table","NW_015090842.1:5825485",25,51,26
"ATMIN","s1680_S_HYP_02_ASEReadCounter.table","NW_015090842.1:5825524",26,53,27
"ATMIN","s1680_S_HYP_02_ASEReadCounter.table","NW_015090842.1:5825557",19,42,23
"ATMIN","s1680_S_HYP_02_ASEReadCounter.table","NW_015090842.1:5825571",21,43,22
"ATMIN","s1680_S_HYP_02_ASEReadCounter.table","NW_015090842.1:5825579",20,42,22
"ATMIN","s1680_S_HYP_02_ASEReadCounter.table","NW_015090842.1:5825590",17,34,17
"ATMIN","s1680_S_HYP_02_ASEReadCounter.table","NW_015090842.1:5825689",25,52,27
"ATMIN","s1680_S_HYP_02_ASEReadCounter.table","NW_015090842.1:5825703",30,60,30
"ATMIN","s1680_S_HYP_02_ASEReadCounter.table","NW_015090842.1:5825787",29,61,32
"ATMIN","s1680_S_HYP_02_ASEReadCounter.table","NW_015090842.1:5825833",28,73,45
"ATMIN","s1680_S_HYP_02_ASEReadCounter.table","NW_015090842.1:5825841",24,64,40
"ATMIN","s1680_S_HYP_02_ASEReadCounter.table","NW_015090842.1:5825895",38,74,36
"ATMIN","s1680_S_HYP_02_ASEReadCounter.table","NW_015090842.1:5825984",28,62,34
"ATMIN","s1680_S_HYP_02_ASEReadCounter.table","NW_015090842.1:5826162",33,56,23
"ATMIN","s1680_S_HYP_02_ASEReadCounter.table","NW_015090842.1:5826194",36,69,33
"ATMIN","s1680_S_HYP_02_ASEReadCounter.table","NW_015090842.1:5826235",39,85,46
"ATMIN","s1680_S_HYP_02_ASEReadCounter.table","NW_015090842.1:5826245",43,91,48
"ATMIN","s1680_S_HYP_02_ASEReadCounter.table","NW_015090842.1:5826335",19,46,27
"ATMIN","s1680_S_HYP_02_ASEReadCounter.table","NW_015090842.1:5826417",22,60,38
"ATMIN","s1680_S_HYP_02_ASEReadCounter.table","NW_015090842.1:5826431",25,76,51
"ATMIN","s1680_S_HYP_02_ASEReadCounter.table","NW_015090842.1:5826438",26,67,41
"ATMIN","s1680_S_HYP_02_ASEReadCounter.table","NW_015090842.1:5826463",38,89,51
"ATMIN","s1680_S_HYP_02_ASEReadCounter.table","NW_015090842.1:5826502",42,108,66
"ATMIN","s1680_S_HYP_02_ASEReadCounter.table","NW_015090842.1:5826511",46,113,67
"ATMIN","s1680_S_HYP_02_ASEReadCounter.table","NW_015090842.1:5826659",38,85,47
"ATMIN","s1680_S_HYP_02_ASEReadCounter.table","NW_015090842.1:5826701",44,101,57
"ATMIN","s1680_S_HYP_02_ASEReadCounter.table","NW_015090842.1:5826702",44,100,56
"ATMIN","s1680_S_HYP_02_ASEReadCounter.table","NW_015090842.1:5826732",46,111,65
"ATMIN","s1680_S_HYP_02_ASEReadCounter.table","NW_015090842.1:5826745",41,106,65
"ATMIN","s1680_S_HYP_02_ASEReadCounter.table","NW_015090842.1:5826835",47,112,65
"ATMIN","s1680_S_HYP_02_ASEReadCounter.table","NW_015090842.1:5826910",41,106,65
"ATMIN","s1680_S_HYP_02_ASEReadCounter.table","NW_015090842.1:5826942",30,109,79
"ATMIN","s1680_S_HYP_02_ASEReadCounter.table","NW_015090842.1:5827193",76,153,77
"ATMIN","s1680_S_HYP_02_ASEReadCounter.table","NW_015090842.1:5827196",74,152,78
"ATMIN","s1680_S_HYP_02_ASEReadCounter.table","NW_015090842.1:5827269",47,111,64
"ATMIN","s1680_S_HYP_02_ASEReadCounter.table","NW_015090842.1:5827315",43,83,40
"ATMIN","s1680_S_HYP_02_ASEReadCounter.table","NW_015090842.1:5827316",43,86,43
"ATMIN","s1680_S_HYP_02_ASEReadCounter.table","NW_015090842.1:5827333",47,88,41
"PPP1R3E","s1680_S_HYP_02_ASEReadCounter.table","NW_015090842.1:5837733",3,4,1
"PPP1R3E","s1680_S_HYP_02_ASEReadCounter.table","NW_015090842.1:5837947",1,2,1
"PKD1L2","s1680_S_HYP_02_ASEReadCounter.table","NW_015090842.1:5867509",1,1,0
"PKD1L2","s1680_S_HYP_02_ASEReadCounter.table","NW_015090842.1:5867597",3,4,1
"PKD1L2","s1680_S_HYP_02_ASEReadCounter.table","NW_015090842.1:5867600",3,4,1
"PKD1L2","s1680_S_HYP_02_ASEReadCounter.table","NW_015090842.1:5867660",3,4,1
"PKD1L2","s1680_S_HYP_02_ASEReadCounter.table","NW_015090842.1:5867675",3,4,1
"PKD1L2","s1680_S_HYP_02_ASEReadCounter.table","NW_015090842.1:5867788",1,3,2
"PKD1L2","s1680_S_HYP_02_ASEReadCounter.table","NW_015090842.1:5867843",0,1,1
"BCO1","s1680_S_HYP_02_ASEReadCounter.table","NW_015090842.1:5915610",1,2,1
"BCO1","s1680_S_HYP_02_ASEReadCounter.table","NW_015090842.1:5915646",1,2,1
"BCO1","s1680_S_HYP_02_ASEReadCounter.table","NW_015090842.1:5917836",2,3,1
"BCO1","s1680_S_HYP_02_ASEReadCounter.table","NW_015090842.1:5917912",9,11,2
"BCO1","s1680_S_HYP_02_ASEReadCounter.table","NW_015090842.1:5917941",10,12,2
"BCO1","s1680_S_HYP_02_ASEReadCounter.table","NW_015090842.1:5917971",11,14,3
"BCO1","s1680_S_HYP_02_ASEReadCounter.table","NW_015090842.1:5921679",6,8,2
"BCO1","s1680_S_HYP_02_ASEReadCounter.table","NW_015090842.1:5921726",5,9,4
"BCO1","s1680_S_HYP_02_ASEReadCounter.table","NW_015090842.1:5925669",5,6,1
"BCO1","s1680_S_HYP_02_ASEReadCounter.table","NW_015090842.1:5925753",5,7,2
"BCO1","s1680_S_HYP_02_ASEReadCounter.table","NW_015090842.1:5926937",11,13,2
"BCO1","s1680_S_HYP_02_ASEReadCounter.table","NW_015090842.1:5927921",6,10,4
"BCO1","s1680_S_HYP_02_ASEReadCounter.table","NW_015090842.1:5927948",6,10,4
"BCO1","s1680_S_HYP_02_ASEReadCounter.table","NW_015090842.1:5927968",8,12,4
"BCO1","s1680_S_HYP_02_ASEReadCounter.table","NW_015090842.1:5928052",10,11,1
"BCO1","s1680_S_HYP_02_ASEReadCounter.table","NW_015090842.1:5932726",17,21,4
"BCO1","s1680_S_HYP_02_ASEReadCounter.table","NW_015090842.1:5932801",13,17,4
"BCO1","s1680_S_HYP_02_ASEReadCounter.table","NW_015090842.1:5934558",23,38,15
"BCO1","s1680_S_HYP_02_ASEReadCounter.table","NW_015090842.1:5934575",25,42,17
"BCO1","s1680_S_HYP_02_ASEReadCounter.table","NW_015090842.1:5934608",27,44,17
"BCO1","s1680_S_HYP_02_ASEReadCounter.table","NW_015090842.1:5934647",24,36,12
"BCO1","s1680_S_HYP_02_ASEReadCounter.table","NW_015090842.1:5934725",13,21,8
"BCO1","s1680_S_HYP_02_ASEReadCounter.table","NW_015090842.1:5934726",13,20,7
"BCO1","s1680_S_HYP_02_ASEReadCounter.table","NW_015090842.1:5934733",12,20,8
"BCO1","s1680_S_HYP_02_ASEReadCounter.table","NW_015090842.1:5934821",13,22,9
"BCO1","s1680_S_HYP_02_ASEReadCounter.table","NW_015090842.1:5934826",15,23,8
"BCO1","s1680_S_HYP_02_ASEReadCounter.table","NW_015090842.1:5934844",9,15,6
"BCO1","s1680_S_HYP_02_ASEReadCounter.table","NW_015090842.1:5934958",17,22,5
"BCO1","s1680_S_HYP_02_ASEReadCounter.table","NW_015090842.1:5934976",18,23,5
"GAN","s1680_S_HYP_02_ASEReadCounter.table","NW_015090842.1:5953759",17,24,7
"GAN","s1680_S_HYP_02_ASEReadCounter.table","NW_015090842.1:5957502",11,34,23
"GAN","s1680_S_HYP_02_ASEReadCounter.table","NW_015090842.1:5957578",13,32,19
"GAN","s1680_S_HYP_02_ASEReadCounter.table","NW_015090842.1:5965028",19,45,26
"GAN","s1680_S_HYP_02_ASEReadCounter.table","NW_015090842.1:5966047",23,68,45
"GAN","s1680_S_HYP_02_ASEReadCounter.table","NW_015090842.1:5966126",12,53,41
"GAN","s1680_S_HYP_02_ASEReadCounter.table","NW_015090842.1:5966127",12,55,43
"GAN","s1680_S_HYP_02_ASEReadCounter.table","NW_015090842.1:5966162",20,68,48
"GAN","s1680_S_HYP_02_ASEReadCounter.table","NW_015090842.1:5966483",45,96,51
"CMIP","s1680_S_HYP_02_ASEReadCounter.table","NW_015090842.1:6109159",29,50,21
"CMIP","s1680_S_HYP_02_ASEReadCounter.table","NW_015090842.1:6109166",24,42,18
"CMIP","s1680_S_HYP_02_ASEReadCounter.table","NW_015090842.1:6114641",34,62,28
"CMIP","s1680_S_HYP_02_ASEReadCounter.table","NW_015090842.1:6114751",32,56,24
"CMIP","s1680_S_HYP_02_ASEReadCounter.table","NW_015090842.1:6114824",29,49,20
"CMIP","s1680_S_HYP_02_ASEReadCounter.table","NW_015090842.1:6128998",43,75,32
"CMIP","s1680_S_HYP_02_ASEReadCounter.table","NW_015090842.1:6130562",59,124,65
"CMIP","s1680_S_HYP_02_ASEReadCounter.table","NW_015090842.1:6132522",68,139,71
"CMIP","s1680_S_HYP_02_ASEReadCounter.table","NW_015090842.1:6134088",53,125,72
"CMIP","s1680_S_HYP_02_ASEReadCounter.table","NW_015090842.1:6138265",107,254,147
"CMIP","s1680_S_HYP_02_ASEReadCounter.table","NW_015090842.1:6138300",111,275,164
"CMIP","s1680_S_HYP_02_ASEReadCounter.table","NW_015090842.1:6138342",107,241,134
"CMIP","s1680_S_HYP_02_ASEReadCounter.table","NW_015090842.1:6138343",108,244,136
"CMIP","s1680_S_HYP_02_ASEReadCounter.table","NW_015090842.1:6138345",104,239,135
"CMIP","s1680_S_HYP_02_ASEReadCounter.table","NW_015090842.1:6138647",70,146,76
"CMIP","s1680_S_HYP_02_ASEReadCounter.table","NW_015090842.1:6138745",76,170,94
"CMIP","s1680_S_HYP_02_ASEReadCounter.table","NW_015090842.1:6138832",14,70,56
"CMIP","s1680_S_HYP_02_ASEReadCounter.table","NW_015090842.1:6138967",108,188,80
"CMIP","s1680_S_HYP_02_ASEReadCounter.table","NW_015090842.1:6139131",50,106,56
"CMIP","s1680_S_HYP_02_ASEReadCounter.table","NW_015090842.1:6139163",25,77,52
"CMIP","s1680_S_HYP_02_ASEReadCounter.table","NW_015090842.1:6139360",58,85,27
"CMIP","s1680_S_HYP_02_ASEReadCounter.table","NW_015090842.1:6139572",20,45,25
"CMIP","s1680_S_HYP_02_ASEReadCounter.table","NW_015090842.1:6139773",53,103,50
"PLCG2","s1680_S_HYP_02_ASEReadCounter.table","NW_015090842.1:6179613",0,2,2
"PLCG2","s1680_S_HYP_02_ASEReadCounter.table","NW_015090842.1:6179658",2,5,3
"PLCG2","s1680_S_HYP_02_ASEReadCounter.table","NW_015090842.1:6203766",4,7,3
"PLCG2","s1680_S_HYP_02_ASEReadCounter.table","NW_015090842.1:6203775",4,7,3
"PLCG2","s1680_S_HYP_02_ASEReadCounter.table","NW_015090842.1:6203787",4,7,3
"PLCG2","s1680_S_HYP_02_ASEReadCounter.table","NW_015090842.1:6205047",1,4,3
"PLCG2","s1680_S_HYP_02_ASEReadCounter.table","NW_015090842.1:6208541",0,1,1
"PLCG2","s1680_S_HYP_02_ASEReadCounter.table","NW_015090842.1:6209741",0,4,4
"PLCG2","s1680_S_HYP_02_ASEReadCounter.table","NW_015090842.1:6209798",1,5,4
"PLCG2","s1680_S_HYP_02_ASEReadCounter.table","NW_015090842.1:6209816",1,7,6
"PLCG2","s1680_S_HYP_02_ASEReadCounter.table","NW_015090842.1:6217547",0,4,4
"PLCG2","s1680_S_HYP_02_ASEReadCounter.table","NW_015090842.1:6218641",1,5,4
"PLCG2","s1680_S_HYP_02_ASEReadCounter.table","NW_015090842.1:6220552",1,12,11
"PLCG2","s1680_S_HYP_02_ASEReadCounter.table","NW_015090842.1:6221969",1,12,11
"PLCG2","s1680_S_HYP_02_ASEReadCounter.table","NW_015090842.1:6228672",3,11,8
"PLCG2","s1680_S_HYP_02_ASEReadCounter.table","NW_015090842.1:6228694",3,12,9
"PLCG2","s1680_S_HYP_02_ASEReadCounter.table","NW_015090842.1:6228722",3,9,6
"PLCG2","s1680_S_HYP_02_ASEReadCounter.table","NW_015090842.1:6228747",3,16,13
"PLCG2","s1680_S_HYP_02_ASEReadCounter.table","NW_015090842.1:6228835",1,15,14
"PLCG2","s1680_S_HYP_02_ASEReadCounter.table","NW_015090842.1:6228841",1,15,14
"PLCG2","s1680_S_HYP_02_ASEReadCounter.table","NW_015090842.1:6228865",1,14,13
"PLCG2","s1680_S_HYP_02_ASEReadCounter.table","NW_015090842.1:6228917",1,7,6
"PLCG2","s1680_S_HYP_02_ASEReadCounter.table","NW_015090842.1:6228926",1,7,6
"PLCG2","s1680_S_HYP_02_ASEReadCounter.table","NW_015090842.1:6228954",1,4,3
"PLCG2","s1680_S_HYP_02_ASEReadCounter.table","NW_015090842.1:6229002",2,5,3
"PLCG2","s1680_S_HYP_02_ASEReadCounter.table","NW_015090842.1:6229006",1,5,4
"PLCG2","s1680_S_HYP_02_ASEReadCounter.table","NW_015090842.1:6229081",3,13,10
"PLCG2","s1680_S_HYP_02_ASEReadCounter.table","NW_015090842.1:6229097",2,12,10
"PLCG2","s1680_S_HYP_02_ASEReadCounter.table","NW_015090842.1:6229160",1,6,5
"PLCG2","s1680_S_HYP_02_ASEReadCounter.table","NW_015090842.1:6229213",0,4,4
"PLCG2","s1680_S_HYP_02_ASEReadCounter.table","NW_015090842.1:6229231",0,6,6
"PLCG2","s1680_S_HYP_02_ASEReadCounter.table","NW_015090842.1:6229663",3,5,2
"PLCG2","s1680_S_HYP_02_ASEReadCounter.table","NW_015090842.1:6229748",3,7,4
"PLCG2","s1680_S_HYP_02_ASEReadCounter.table","NW_015090842.1:6229892",5,10,5
"PLCG2","s1680_S_HYP_02_ASEReadCounter.table","NW_015090842.1:6230248",3,7,4
"PLCG2","s1680_S_HYP_02_ASEReadCounter.table","NW_015090842.1:6230255",3,7,4
"PLCG2","s1680_S_HYP_02_ASEReadCounter.table","NW_015090842.1:6230296",0,4,4
"PLCG2","s1680_S_HYP_02_ASEReadCounter.table","NW_015090842.1:6230349",3,8,5
"PLCG2","s1680_S_HYP_02_ASEReadCounter.table","NW_015090842.1:6230381",3,6,3
"PLCG2","s1680_S_HYP_02_ASEReadCounter.table","NW_015090842.1:6230408",4,7,3
"PLCG2","s1680_S_HYP_02_ASEReadCounter.table","NW_015090842.1:6230439",2,3,1
"PLCG2","s1680_S_HYP_02_ASEReadCounter.table","NW_015090842.1:6230757",1,2,1
"PLCG2","s1680_S_HYP_02_ASEReadCounter.table","NW_015090842.1:6230758",1,2,1
"PLCG2","s1680_S_HYP_02_ASEReadCounter.table","NW_015090842.1:6230898",3,3,0
"PLCG2","s1680_S_HYP_02_ASEReadCounter.table","NW_015090842.1:6230976",3,3,0
"PLCG2","s1680_S_HYP_02_ASEReadCounter.table","NW_015090842.1:6231078",6,6,0
"PLCG2","s1680_S_HYP_02_ASEReadCounter.table","NW_015090842.1:6231138",8,8,0
"PLCG2","s1680_S_HYP_02_ASEReadCounter.table","NW_015090842.1:6231177",7,8,1
"PLCG2","s1680_S_HYP_02_ASEReadCounter.table","NW_015090842.1:6231263",3,5,2
"PLCG2","s1680_S_HYP_02_ASEReadCounter.table","NW_015090842.1:6231309",1,3,2
"SDR42E1","s1680_S_HYP_02_ASEReadCounter.table","NW_015090842.1:6235292",1,4,3
"SDR42E1","s1680_S_HYP_02_ASEReadCounter.table","NW_015090842.1:6235315",1,6,5
"SDR42E1","s1680_S_HYP_02_ASEReadCounter.table","NW_015090842.1:6235348",3,12,9
"SDR42E1","s1680_S_HYP_02_ASEReadCounter.table","NW_015090842.1:6235355",3,13,10
"SDR42E1","s1680_S_HYP_02_ASEReadCounter.table","NW_015090842.1:6235417",5,16,11
"SDR42E1","s1680_S_HYP_02_ASEReadCounter.table","NW_015090842.1:6235526",21,21,0
"SDR42E1","s1680_S_HYP_02_ASEReadCounter.table","NW_015090842.1:6235558",7,19,12
"SDR42E1","s1680_S_HYP_02_ASEReadCounter.table","NW_015090842.1:6235603",23,23,0
"SDR42E1","s1680_S_HYP_02_ASEReadCounter.table","NW_015090842.1:6235741",6,16,10
"SDR42E1","s1680_S_HYP_02_ASEReadCounter.table","NW_015090842.1:6235777",8,20,12
"SDR42E1","s1680_S_HYP_02_ASEReadCounter.table","NW_015090842.1:6235806",10,23,13
"SDR42E1","s1680_S_HYP_02_ASEReadCounter.table","NW_015090842.1:6235809",10,24,14
"SDR42E1","s1680_S_HYP_02_ASEReadCounter.table","NW_015090842.1:6235816",11,24,13
"SDR42E1","s1680_S_HYP_02_ASEReadCounter.table","NW_015090842.1:6235914",4,16,12
"SDR42E1","s1680_S_HYP_02_ASEReadCounter.table","NW_015090842.1:6235935",3,17,14
"SDR42E1","s1680_S_HYP_02_ASEReadCounter.table","NW_015090842.1:6235957",3,15,12
"SDR42E1","s1680_S_HYP_02_ASEReadCounter.table","NW_015090842.1:6236040",2,10,8
"SDR42E1","s1680_S_HYP_02_ASEReadCounter.table","NW_015090842.1:6236260",9,22,13
"SDR42E1","s1680_S_HYP_02_ASEReadCounter.table","NW_015090842.1:6236281",6,16,10
"SDR42E1","s1680_S_HYP_02_ASEReadCounter.table","NW_015090842.1:6236305",6,16,10
"SDR42E1","s1680_S_HYP_02_ASEReadCounter.table","NW_015090842.1:6236458",3,12,9
"SDR42E1","s1680_S_HYP_02_ASEReadCounter.table","NW_015090842.1:6236476",3,15,12
"SDR42E1","s1680_S_HYP_02_ASEReadCounter.table","NW_015090842.1:6236608",3,18,15
"SDR42E1","s1680_S_HYP_02_ASEReadCounter.table","NW_015090842.1:6238244",3,12,9
"SDR42E1","s1680_S_HYP_02_ASEReadCounter.table","NW_015090842.1:6238829",1,3,2
"HSD17B2","s1680_S_HYP_02_ASEReadCounter.table","NW_015090842.1:6262974",0,1,1
"HSD17B2","s1680_S_HYP_02_ASEReadCounter.table","NW_015090842.1:6266125",0,1,1
"HSD17B2","s1680_S_HYP_02_ASEReadCounter.table","NW_015090842.1:6266135",0,1,1
"HSD17B2","s1680_S_HYP_02_ASEReadCounter.table","NW_015090842.1:6266795",0,3,3
"HSD17B2","s1680_S_HYP_02_ASEReadCounter.table","NW_015090842.1:6266918",0,3,3
"HSD17B2","s1680_S_HYP_02_ASEReadCounter.table","NW_015090842.1:6266944",0,4,4
"HSD17B2","s1680_S_HYP_02_ASEReadCounter.table","NW_015090842.1:6266997",0,1,1
"HSD17B2","s1680_S_HYP_02_ASEReadCounter.table","NW_015090842.1:6267053",0,1,1
"HSD17B2","s1680_S_HYP_02_ASEReadCounter.table","NW_015090842.1:6267196",0,2,2
"HSD17B2","s1680_S_HYP_02_ASEReadCounter.table","NW_015090842.1:6267273",0,1,1
"HSD17B2","s1680_S_HYP_02_ASEReadCounter.table","NW_015090842.1:6267358",0,2,2
"HSD17B2","s1680_S_HYP_02_ASEReadCounter.table","NW_015090842.1:6267674",0,5,5
"HSD17B2","s1680_S_HYP_02_ASEReadCounter.table","NW_015090842.1:6267913",0,3,3
"HSD17B2","s1680_S_HYP_02_ASEReadCounter.table","NW_015090842.1:6268180",1,1,0
"HSD17B2","s1680_S_HYP_02_ASEReadCounter.table","NW_015090842.1:6268203",0,2,2
"ARY2","s1680_S_HYP_02_ASEReadCounter.table","NW_015090842.1:6303922",25,47,22
"ARY2","s1680_S_HYP_02_ASEReadCounter.table","NW_015090842.1:6303954",32,53,21
"ARY2","s1680_S_HYP_02_ASEReadCounter.table","NW_015090842.1:6303979",26,51,25
"ARY2","s1680_S_HYP_02_ASEReadCounter.table","NW_015090842.1:6305848",19,34,15
"ARY2","s1680_S_HYP_02_ASEReadCounter.table","NW_015090842.1:6305856",19,35,16
"ARY2","s1680_S_HYP_02_ASEReadCounter.table","NW_015090842.1:6305857",18,34,16
"ARY2","s1680_S_HYP_02_ASEReadCounter.table","NW_015090842.1:6306017",22,40,18
"ARY2","s1680_S_HYP_02_ASEReadCounter.table","NW_015090842.1:6306052",21,41,20
"ARY2","s1680_S_HYP_02_ASEReadCounter.table","NW_015090842.1:6306094",22,43,21
"ARY2","s1680_S_HYP_02_ASEReadCounter.table","NW_015090842.1:6306100",25,48,23
"ARY2","s1680_S_HYP_02_ASEReadCounter.table","NW_015090842.1:6306146",19,44,25
"ARY2","s1680_S_HYP_02_ASEReadCounter.table","NW_015090842.1:6306147",19,46,27
"ARY2","s1680_S_HYP_02_ASEReadCounter.table","NW_015090842.1:6306390",30,55,25
"ARY2","s1680_S_HYP_02_ASEReadCounter.table","NW_015090842.1:6306567",33,44,11
"ARY2","s1680_S_HYP_02_ASEReadCounter.table","NW_015090842.1:6306705",35,50,15
"ARY2","s1680_S_HYP_02_ASEReadCounter.table","NW_015090842.1:6306713",51,51,0
"ARY2","s1680_S_HYP_02_ASEReadCounter.table","NW_015090842.1:6306773",35,45,10
"ARY2","s1680_S_HYP_02_ASEReadCounter.table","NW_015090842.1:6307039",49,69,20
"ARY2","s1680_S_HYP_02_ASEReadCounter.table","NW_015090842.1:6307043",52,75,23
"ARY2","s1680_S_HYP_02_ASEReadCounter.table","NW_015090842.1:6307093",50,69,19
"ARY2","s1680_S_HYP_02_ASEReadCounter.table","NW_015090842.1:6307138",39,60,21
"ARY2","s1680_S_HYP_02_ASEReadCounter.table","NW_015090842.1:6307157",45,65,20
"ARY2","s1680_S_HYP_02_ASEReadCounter.table","NW_015090842.1:6307187",43,61,18
"ARY2","s1680_S_HYP_02_ASEReadCounter.table","NW_015090842.1:6307278",39,58,19
"ARY2","s1680_S_HYP_02_ASEReadCounter.table","NW_015090842.1:6307305",41,61,20
"ARY2","s1680_S_HYP_02_ASEReadCounter.table","NW_015090842.1:6307318",43,61,18
"ARY2","s1680_S_HYP_02_ASEReadCounter.table","NW_015090842.1:6307429",42,64,22
"ARY2","s1680_S_HYP_02_ASEReadCounter.table","NW_015090842.1:6307487",35,54,19
"ARY2","s1680_S_HYP_02_ASEReadCounter.table","NW_015090842.1:6307670",34,43,9
"ARYL","s1680_S_HYP_02_ASEReadCounter.table","NW_015090842.1:6313360",4,8,4
"ARYL","s1680_S_HYP_02_ASEReadCounter.table","NW_015090842.1:6313377",3,7,4
"ARYL","s1680_S_HYP_02_ASEReadCounter.table","NW_015090842.1:6313767",6,8,2
"ARY1","s1680_S_HYP_02_ASEReadCounter.table","NW_015090842.1:6313909",10,10,0
"ARY1","s1680_S_HYP_02_ASEReadCounter.table","NW_015090842.1:6314296",3,7,4
"ARY1","s1680_S_HYP_02_ASEReadCounter.table","NW_015090842.1:6314541",2,4,2
"ARY1","s1680_S_HYP_02_ASEReadCounter.table","NW_015090842.1:6314597",2,6,4
"ARY1","s1680_S_HYP_02_ASEReadCounter.table","NW_015090842.1:6314750",6,13,7
"ARY1","s1680_S_HYP_02_ASEReadCounter.table","NW_015090842.1:6314794",5,8,3
"ARY1","s1680_S_HYP_02_ASEReadCounter.table","NW_015090842.1:6314827",0,2,2
"ARY1","s1680_S_HYP_02_ASEReadCounter.table","NW_015090842.1:6314843",3,3,0
"ARY1","s1680_S_HYP_02_ASEReadCounter.table","NW_015090842.1:6314859",1,3,2
"ARY1","s1680_S_HYP_02_ASEReadCounter.table","NW_015090842.1:6314886",5,9,4
"ARY1","s1680_S_HYP_02_ASEReadCounter.table","NW_015090842.1:6314943",14,14,0
"ARY1","s1680_S_HYP_02_ASEReadCounter.table","NW_015090842.1:6314949",15,15,0
"ARY1","s1680_S_HYP_02_ASEReadCounter.table","NW_015090842.1:6315022",14,20,6
"ARY1","s1680_S_HYP_02_ASEReadCounter.table","NW_015090842.1:6315026",15,21,6
"ARY1","s1680_S_HYP_02_ASEReadCounter.table","NW_015090842.1:6315043",12,19,7
"ARY1","s1680_S_HYP_02_ASEReadCounter.table","NW_015090842.1:6315065",14,19,5
"ARY1","s1680_S_HYP_02_ASEReadCounter.table","NW_015090842.1:6315409",8,14,6
"ARY1","s1680_S_HYP_02_ASEReadCounter.table","NW_015090842.1:6315479",5,10,5
"ARY1","s1680_S_HYP_02_ASEReadCounter.table","NW_015090842.1:6318342",21,27,6
"ARY1","s1680_S_HYP_02_ASEReadCounter.table","NW_015090842.1:6318427",17,21,4
"ARY1","s1680_S_HYP_02_ASEReadCounter.table","NW_015090842.1:6318603",18,25,7
"ARY1","s1680_S_HYP_02_ASEReadCounter.table","NW_015090842.1:6318708",7,16,9
"ARY1","s1680_S_HYP_02_ASEReadCounter.table","NW_015090842.1:6318858",12,17,5
"ARY1","s1680_S_HYP_02_ASEReadCounter.table","NW_015090842.1:6318952",18,23,5
"MPHOSPH6","s1680_S_HYP_02_ASEReadCounter.table","NW_015090842.1:6324063",51,122,71
"MPHOSPH6","s1680_S_HYP_02_ASEReadCounter.table","NW_015090842.1:6324174",105,232,127
"MPHOSPH6","s1680_S_HYP_02_ASEReadCounter.table","NW_015090842.1:6324270",121,273,152
"MPHOSPH6","s1680_S_HYP_02_ASEReadCounter.table","NW_015090842.1:6324762",102,216,114
"MPHOSPH6","s1680_S_HYP_02_ASEReadCounter.table","NW_015090842.1:6324772",107,215,108
"MPHOSPH6","s1680_S_HYP_02_ASEReadCounter.table","NW_015090842.1:6324780",101,210,109
"MPHOSPH6","s1680_S_HYP_02_ASEReadCounter.table","NW_015090842.1:6324902",87,188,101
"MPHOSPH6","s1680_S_HYP_02_ASEReadCounter.table","NW_015090842.1:6324910",184,184,0
"MPHOSPH6","s1680_S_HYP_02_ASEReadCounter.table","NW_015090842.1:6325066",82,205,123
"MPHOSPH6","s1680_S_HYP_02_ASEReadCounter.table","NW_015090842.1:6325089",101,255,154
"MPHOSPH6","s1680_S_HYP_02_ASEReadCounter.table","NW_015090842.1:6325298",110,248,138
"MPHOSPH6","s1680_S_HYP_02_ASEReadCounter.table","NW_015090842.1:6325877",72,176,104
"MPHOSPH6","s1680_S_HYP_02_ASEReadCounter.table","NW_015090842.1:6326976",67,152,85
"CDH13","s1680_S_HYP_02_ASEReadCounter.table","NW_015090842.1:6662283",12,24,12
"CDH13","s1680_S_HYP_02_ASEReadCounter.table","NW_015090842.1:6693665",10,19,9
"CDH13","s1680_S_HYP_02_ASEReadCounter.table","NW_015090842.1:6693697",6,17,11
"CDH13","s1680_S_HYP_02_ASEReadCounter.table","NW_015090842.1:6693712",8,16,8
"CDH13","s1680_S_HYP_02_ASEReadCounter.table","NW_015090842.1:6693723",7,14,7
"CDH13","s1680_S_HYP_02_ASEReadCounter.table","NW_015090842.1:6693738",8,18,10
"CDH13","s1680_S_HYP_02_ASEReadCounter.table","NW_015090842.1:6823730",13,26,13
"CDH13","s1680_S_HYP_02_ASEReadCounter.table","NW_015090842.1:6889713",16,31,15
"CDH13","s1680_S_HYP_02_ASEReadCounter.table","NW_015090842.1:6955167",28,60,32
"MLYCD","s1680_S_HYP_02_ASEReadCounter.table","NW_015090842.1:7150054",56,132,76
"MLYCD","s1680_S_HYP_02_ASEReadCounter.table","NW_015090842.1:7150131",89,210,121
"MLYCD","s1680_S_HYP_02_ASEReadCounter.table","NW_015090842.1:7150585",85,158,73
"MLYCD","s1680_S_HYP_02_ASEReadCounter.table","NW_015090842.1:7150686",57,126,69
"MLYCD","s1680_S_HYP_02_ASEReadCounter.table","NW_015090842.1:7150696",64,135,71
"MLYCD","s1680_S_HYP_02_ASEReadCounter.table","NW_015090842.1:7150698",135,135,0
"MLYCD","s1680_S_HYP_02_ASEReadCounter.table","NW_015090842.1:7150869",60,121,61
"MLYCD","s1680_S_HYP_02_ASEReadCounter.table","NW_015090842.1:7151100",56,131,75
"MLYCD","s1680_S_HYP_02_ASEReadCounter.table","NW_015090842.1:7151127",52,123,71
"MLYCD","s1680_S_HYP_02_ASEReadCounter.table","NW_015090842.1:7157538",48,85,37
"MLYCD","s1680_S_HYP_02_ASEReadCounter.table","NW_015090842.1:7167662",14,27,13
"MLYCD","s1680_S_HYP_02_ASEReadCounter.table","NW_015090842.1:7167675",14,27,13
"MLYCD","s1680_S_HYP_02_ASEReadCounter.table","NW_015090842.1:7167710",15,31,16
"MLYCD","s1680_S_HYP_02_ASEReadCounter.table","NW_015090842.1:7167781",13,23,10
"MLYCD","s1680_S_HYP_02_ASEReadCounter.table","NW_015090842.1:7167803",9,14,5
"MLYCD","s1680_S_HYP_02_ASEReadCounter.table","NW_015090842.1:7167812",8,13,5
"MLYCD","s1680_S_HYP_02_ASEReadCounter.table","NW_015090842.1:7167845",6,15,9
"MLYCD","s1680_S_HYP_02_ASEReadCounter.table","NW_015090842.1:7167862",5,16,11
"MLYCD","s1680_S_HYP_02_ASEReadCounter.table","NW_015090842.1:7167929",9,20,11
"MLYCD","s1680_S_HYP_02_ASEReadCounter.table","NW_015090842.1:7167995",6,11,5
"MLYCD","s1680_S_HYP_02_ASEReadCounter.table","NW_015090842.1:7168005",6,11,5
"MLYCD","s1680_S_HYP_02_ASEReadCounter.table","NW_015090842.1:7168037",6,12,6
"HSBP1","s1680_S_HYP_02_ASEReadCounter.table","NW_015090842.1:7245192",470,769,299
"HSBP1","s1680_S_HYP_02_ASEReadCounter.table","NW_015090842.1:7245226",548,938,390
"HSBP1","s1680_S_HYP_02_ASEReadCounter.table","NW_015090842.1:7245257",498,855,357
"HSBP1","s1680_S_HYP_02_ASEReadCounter.table","NW_015090842.1:7245296",452,829,377
"HSBP1","s1680_S_HYP_02_ASEReadCounter.table","NW_015090842.1:7245389",612,1020,408
"HSBP1","s1680_S_HYP_02_ASEReadCounter.table","NW_015090842.1:7245400",611,991,380
"HSBP1","s1680_S_HYP_02_ASEReadCounter.table","NW_015090842.1:7245445",585,983,398
"HSBP1","s1680_S_HYP_02_ASEReadCounter.table","NW_015090842.1:7245495",554,914,360
"HSBP1","s1680_S_HYP_02_ASEReadCounter.table","NW_015090842.1:7245515",621,1001,380
"HSBP1","s1680_S_HYP_02_ASEReadCounter.table","NW_015090842.1:7245733",373,690,317
"HSBP1","s1680_S_HYP_02_ASEReadCounter.table","NW_015090842.1:7245771",421,700,279
"HSBP1","s1680_S_HYP_02_ASEReadCounter.table","NW_015090842.1:7245813",404,670,266
"HSBP1","s1680_S_HYP_02_ASEReadCounter.table","NW_015090842.1:7245926",429,702,273
"HSBP1","s1680_S_HYP_02_ASEReadCounter.table","NW_015090842.1:7245927",426,694,268
"HSBP1","s1680_S_HYP_02_ASEReadCounter.table","NW_015090842.1:7245933",433,696,263
"HSBP1","s1680_S_HYP_02_ASEReadCounter.table","NW_015090842.1:7246002",300,566,266
"HSBP1","s1680_S_HYP_02_ASEReadCounter.table","NW_015090842.1:7246094",386,663,277
"HSBP1","s1680_S_HYP_02_ASEReadCounter.table","NW_015090842.1:7246167",414,675,261
"HSBP1","s1680_S_HYP_02_ASEReadCounter.table","NW_015090842.1:7246183",418,681,263
"HSBP1","s1680_S_HYP_02_ASEReadCounter.table","NW_015090842.1:7247285",40,50,10
"HSBP1","s1680_S_HYP_02_ASEReadCounter.table","NW_015090842.1:7247651",395,784,389
"HSBP1","s1680_S_HYP_02_ASEReadCounter.table","NW_015090842.1:7247657",400,811,411
"HSBP1","s1680_S_HYP_02_ASEReadCounter.table","NW_015090842.1:7248520",270,550,280
"HSBP1","s1680_S_HYP_02_ASEReadCounter.table","NW_015090842.1:7248535",224,458,234
"KCNG4","s1680_S_HYP_02_ASEReadCounter.table","NW_015090842.1:7282481",7,10,3
"KCNG4","s1680_S_HYP_02_ASEReadCounter.table","NW_015090842.1:7282500",9,11,2
"KCNG4","s1680_S_HYP_02_ASEReadCounter.table","NW_015090842.1:7282542",10,11,1
"KCNG4","s1680_S_HYP_02_ASEReadCounter.table","NW_015090842.1:7282579",6,7,1
"KCNG4","s1680_S_HYP_02_ASEReadCounter.table","NW_015090842.1:7282630",2,2,0
"KCNG4","s1680_S_HYP_02_ASEReadCounter.table","NW_015090842.1:7282760",1,2,1
"KCNG4","s1680_S_HYP_02_ASEReadCounter.table","NW_015090842.1:7283056",1,2,1
"KCNG4","s1680_S_HYP_02_ASEReadCounter.table","NW_015090842.1:7283245",5,5,0
"KCNG4","s1680_S_HYP_02_ASEReadCounter.table","NW_015090842.1:7299491",4,6,2
"KCNG4","s1680_S_HYP_02_ASEReadCounter.table","NW_015090842.1:7301195",1,1,0
"KCNG4","s1680_S_HYP_02_ASEReadCounter.table","NW_015090842.1:7301227",2,2,0
"KCNG4","s1680_S_HYP_02_ASEReadCounter.table","NW_015090842.1:7301240",1,1,0
"WFDC1","s1680_S_HYP_02_ASEReadCounter.table","NW_015090842.1:7366517",0,2,2
"ATP2C2","s1680_S_HYP_02_ASEReadCounter.table","NW_015090842.1:7413747",5,14,9
"TLDC1","s1680_S_HYP_02_ASEReadCounter.table","NW_015090842.1:7421997",30,57,27
"COTL1","s1680_S_HYP_02_ASEReadCounter.table","NW_015090842.1:7490707",562,1210,648
"COTL1","s1680_S_HYP_02_ASEReadCounter.table","NW_015090842.1:7490708",566,1220,654
"COTL1","s1680_S_HYP_02_ASEReadCounter.table","NW_015090842.1:7490711",575,1239,664
"COTL1","s1680_S_HYP_02_ASEReadCounter.table","NW_015090842.1:7490739",538,1180,642
"COTL1","s1680_S_HYP_02_ASEReadCounter.table","NW_015090842.1:7490785",563,1164,601
"COTL1","s1680_S_HYP_02_ASEReadCounter.table","NW_015090842.1:7490820",54,813,759
"COTL1","s1680_S_HYP_02_ASEReadCounter.table","NW_015090842.1:7490846",1239,1239,0
"COTL1","s1680_S_HYP_02_ASEReadCounter.table","NW_015090842.1:7505571",2,2,0
"COTL1","s1680_S_HYP_02_ASEReadCounter.table","NW_015090842.1:7505672",1,2,1
"KLHL36","s1680_S_HYP_02_ASEReadCounter.table","NW_015090842.1:7526337",30,55,25
"KLHL36","s1680_S_HYP_02_ASEReadCounter.table","NW_015090842.1:7537681",109,109,0
"USP10","s1680_S_HYP_02_ASEReadCounter.table","NW_015090842.1:7572213",44,86,42
"USP10","s1680_S_HYP_02_ASEReadCounter.table","NW_015090842.1:7572358",68,68,0
"CRISPLD2","s1680_S_HYP_02_ASEReadCounter.table","NW_015090842.1:7619796",2,6,4
"CRISPLD2","s1680_S_HYP_02_ASEReadCounter.table","NW_015090842.1:7630779",7,7,0
"CRISPLD2","s1680_S_HYP_02_ASEReadCounter.table","NW_015090842.1:7633611",12,12,0
"CRISPLD2","s1680_S_HYP_02_ASEReadCounter.table","NW_015090842.1:7633787",3,9,6
"CRISPLD2","s1680_S_HYP_02_ASEReadCounter.table","NW_015090842.1:7634023",2,2,0
"CRISPLD2","s1680_S_HYP_02_ASEReadCounter.table","NW_015090842.1:7634620",9,9,0
"CRISPLD2","s1680_S_HYP_02_ASEReadCounter.table","NW_015090842.1:7636315",1,2,1
"MTHFSD","s1680_S_HYP_02_ASEReadCounter.table","NW_015090842.1:8152578",16,29,13
"DUSP15","s1680_S_HYP_02_ASEReadCounter.table","NW_015090842.1:8422840",1,1,0
"DUSP15","s1680_S_HYP_02_ASEReadCounter.table","NW_015090842.1:8427711",0,1,1
"DUSP15","s1680_S_HYP_02_ASEReadCounter.table","NW_015090842.1:8431988",0,1,1
"EMC8","s1680_S_HYP_02_ASEReadCounter.table","NW_015090842.1:8452385",14,43,29
"GINS2","s1680_S_HYP_02_ASEReadCounter.table","NW_015090842.1:8467469",36,36,0
"GINS2","s1680_S_HYP_02_ASEReadCounter.table","NW_015090842.1:8470290",29,61,32
"GINS2","s1680_S_HYP_02_ASEReadCounter.table","NW_015090842.1:8470305",35,66,31
"GINS2","s1680_S_HYP_02_ASEReadCounter.table","NW_015090842.1:8470376",43,71,28
"GINS2","s1680_S_HYP_02_ASEReadCounter.table","NW_015090842.1:8471057",8,15,7
"KIAA0513","s1680_S_HYP_02_ASEReadCounter.table","NW_015090842.1:8674736",121,121,0
"KIAA0513","s1680_S_HYP_02_ASEReadCounter.table","NW_015090842.1:8693655",4,4,0
"ZCCHC14","s1680_S_HYP_02_ASEReadCounter.table","NW_015090842.1:8750189",113,113,0
"JPH3","s1680_S_HYP_02_ASEReadCounter.table","NW_015090842.1:8872294",57,104,47
"KLHDC4","s1680_S_HYP_02_ASEReadCounter.table","NW_015090842.1:8891175",184,184,0
"KLHDC4","s1680_S_HYP_02_ASEReadCounter.table","NW_015090842.1:8905251",27,61,34
"KLHDC4","s1680_S_HYP_02_ASEReadCounter.table","NW_015090842.1:8919630",6,15,9
"SLC7A5","s1680_S_HYP_02_ASEReadCounter.table","NW_015090842.1:8940382",254,255,1
"SLC7A5","s1680_S_HYP_02_ASEReadCounter.table","NW_015090842.1:8941818",154,154,0
"SLC7A5","s1680_S_HYP_02_ASEReadCounter.table","NW_015090842.1:8944655",88,88,0
"CA5A","s1680_S_HYP_02_ASEReadCounter.table","NW_015090842.1:8989479",93,169,76
"CA5A","s1680_S_HYP_02_ASEReadCounter.table","NW_015090842.1:8989562",116,209,93
"CA5A","s1680_S_HYP_02_ASEReadCounter.table","NW_015090842.1:8989609",121,231,110
"CA5A","s1680_S_HYP_02_ASEReadCounter.table","NW_015090842.1:8989693",122,256,134
"CA5A","s1680_S_HYP_02_ASEReadCounter.table","NW_015090842.1:8989702",125,246,121
"CA5A","s1680_S_HYP_02_ASEReadCounter.table","NW_015090842.1:8989746",134,258,124
"CA5A","s1680_S_HYP_02_ASEReadCounter.table","NW_015090842.1:8989880",118,252,134
"CA5A","s1680_S_HYP_02_ASEReadCounter.table","NW_015090842.1:8989885",122,255,133
"CA5A","s1680_S_HYP_02_ASEReadCounter.table","NW_015090842.1:8989929",119,244,125
"CA5A","s1680_S_HYP_02_ASEReadCounter.table","NW_015090842.1:8990002",119,223,104
"CA5A","s1680_S_HYP_02_ASEReadCounter.table","NW_015090842.1:8990004",120,223,103
"CA5A","s1680_S_HYP_02_ASEReadCounter.table","NW_015090842.1:8990005",119,222,103
"CA5A","s1680_S_HYP_02_ASEReadCounter.table","NW_015090842.1:8990017",111,205,94
"CA5A","s1680_S_HYP_02_ASEReadCounter.table","NW_015090842.1:8990043",92,179,87
"CA5A","s1680_S_HYP_02_ASEReadCounter.table","NW_015090842.1:8990080",85,187,102
"CA5A","s1680_S_HYP_02_ASEReadCounter.table","NW_015090842.1:8990084",89,188,99
"CA5A","s1680_S_HYP_02_ASEReadCounter.table","NW_015090842.1:8990090",93,191,98
"CA5A","s1680_S_HYP_02_ASEReadCounter.table","NW_015090842.1:8990095",99,197,98
"CA5A","s1680_S_HYP_02_ASEReadCounter.table","NW_015090842.1:8990111",86,176,90
"CA5A","s1680_S_HYP_02_ASEReadCounter.table","NW_015090842.1:8990112",86,173,87
"CA5A","s1680_S_HYP_02_ASEReadCounter.table","NW_015090842.1:8990115",92,179,87
"CA5A","s1680_S_HYP_02_ASEReadCounter.table","NW_015090842.1:8990166",86,151,65
"CA5A","s1680_S_HYP_02_ASEReadCounter.table","NW_015090842.1:8990169",96,159,63
"CA5A","s1680_S_HYP_02_ASEReadCounter.table","NW_015090842.1:8990222",87,150,63
"CA5A","s1680_S_HYP_02_ASEReadCounter.table","NW_015090842.1:8990289",89,168,79
"CA5A","s1680_S_HYP_02_ASEReadCounter.table","NW_015090842.1:8990314",86,171,85
"CA5A","s1680_S_HYP_02_ASEReadCounter.table","NW_015090842.1:8990361",71,151,80
"CA5A","s1680_S_HYP_02_ASEReadCounter.table","NW_015090842.1:8990368",71,153,82
"CA5A","s1680_S_HYP_02_ASEReadCounter.table","NW_015090842.1:8990429",58,108,50
"CA5A","s1680_S_HYP_02_ASEReadCounter.table","NW_015090842.1:8990466",55,106,51
"CA5A","s1680_S_HYP_02_ASEReadCounter.table","NW_015090842.1:8990663",71,122,51
"CA5A","s1680_S_HYP_02_ASEReadCounter.table","NW_015090842.1:8990797",68,96,28
"CA5A","s1680_S_HYP_02_ASEReadCounter.table","NW_015090842.1:8990836",75,109,34
"CA5A","s1680_S_HYP_02_ASEReadCounter.table","NW_015090842.1:8990842",74,109,35
"CA5A","s1680_S_HYP_02_ASEReadCounter.table","NW_015090842.1:8990851",74,109,35
"CA5A","s1680_S_HYP_02_ASEReadCounter.table","NW_015090842.1:8990918",68,109,41
"CA5A","s1680_S_HYP_02_ASEReadCounter.table","NW_015090842.1:8990921",62,105,43
"CA5A","s1680_S_HYP_02_ASEReadCounter.table","NW_015090842.1:8990942",76,117,41
"CA5A","s1680_S_HYP_02_ASEReadCounter.table","NW_015090842.1:8991001",79,146,67
"CA5A","s1680_S_HYP_02_ASEReadCounter.table","NW_015090842.1:8991038",66,126,60
"CA5A","s1680_S_HYP_02_ASEReadCounter.table","NW_015090842.1:8991149",64,114,50
"CA5A","s1680_S_HYP_02_ASEReadCounter.table","NW_015090842.1:8991176",77,125,48
"CA5A","s1680_S_HYP_02_ASEReadCounter.table","NW_015090842.1:8991241",72,114,42
"CA5A","s1680_S_HYP_02_ASEReadCounter.table","NW_015090842.1:8991262",64,102,38
"CA5A","s1680_S_HYP_02_ASEReadCounter.table","NW_015090842.1:8991316",77,82,5
"CA5A","s1680_S_HYP_02_ASEReadCounter.table","NW_015090842.1:8991319",72,77,5
"CA5A","s1680_S_HYP_02_ASEReadCounter.table","NW_015090842.1:8991330",64,65,1
"CA5A","s1680_S_HYP_02_ASEReadCounter.table","NW_015090842.1:8991334",59,64,5
"CA5A","s1680_S_HYP_02_ASEReadCounter.table","NW_015090842.1:8991362",66,107,41
"CA5A","s1680_S_HYP_02_ASEReadCounter.table","NW_015090842.1:8991368",60,102,42
"CA5A","s1680_S_HYP_02_ASEReadCounter.table","NW_015090842.1:8991390",67,114,47
"CA5A","s1680_S_HYP_02_ASEReadCounter.table","NW_015090842.1:8991395",68,120,52
"CA5A","s1680_S_HYP_02_ASEReadCounter.table","NW_015090842.1:8991422",62,121,59
"CA5A","s1680_S_HYP_02_ASEReadCounter.table","NW_015090842.1:8991467",53,91,38
"CA5A","s1680_S_HYP_02_ASEReadCounter.table","NW_015090842.1:8991576",46,85,39
"CA5A","s1680_S_HYP_02_ASEReadCounter.table","NW_015090842.1:8991587",50,99,49
"CA5A","s1680_S_HYP_02_ASEReadCounter.table","NW_015090842.1:8991655",63,120,57
"CA5A","s1680_S_HYP_02_ASEReadCounter.table","NW_015090842.1:8991717",44,101,57
"CA5A","s1680_S_HYP_02_ASEReadCounter.table","NW_015090842.1:8991726",43,99,56
"CA5A","s1680_S_HYP_02_ASEReadCounter.table","NW_015090842.1:8991799",43,88,45
"CA5A","s1680_S_HYP_02_ASEReadCounter.table","NW_015090842.1:8991809",41,78,37
"CA5A","s1680_S_HYP_02_ASEReadCounter.table","NW_015090842.1:8991848",38,76,38
"CA5A","s1680_S_HYP_02_ASEReadCounter.table","NW_015090842.1:8991849",38,74,36
"CA5A","s1680_S_HYP_02_ASEReadCounter.table","NW_015090842.1:8991927",37,86,49
"CA5A","s1680_S_HYP_02_ASEReadCounter.table","NW_015090842.1:8991941",36,77,41
"CA5A","s1680_S_HYP_02_ASEReadCounter.table","NW_015090842.1:8992121",39,89,50
"CA5A","s1680_S_HYP_02_ASEReadCounter.table","NW_015090842.1:8992224",44,89,45
"CA5A","s1680_S_HYP_02_ASEReadCounter.table","NW_015090842.1:9002570",25,46,21
"CA5A","s1680_S_HYP_02_ASEReadCounter.table","NW_015090842.1:9002600",23,43,20
"CA5A","s1680_S_HYP_02_ASEReadCounter.table","NW_015090842.1:9004312",16,33,17
"CA5A","s1680_S_HYP_02_ASEReadCounter.table","NW_015090842.1:9004506",0,2,2
"CA5A","s1680_S_HYP_02_ASEReadCounter.table","NW_015090842.1:9004523",1,3,2
"CA5A","s1680_S_HYP_02_ASEReadCounter.table","NW_015090842.1:9004530",1,3,2
"CA5A","s1680_S_HYP_02_ASEReadCounter.table","NW_015090842.1:9004556",2,2,0
"CA5A","s1680_S_HYP_02_ASEReadCounter.table","NW_015090842.1:9004620",3,5,2
"CA5A","s1680_S_HYP_02_ASEReadCounter.table","NW_015090842.1:9005116",3,5,2
"CA5A","s1680_S_HYP_02_ASEReadCounter.table","NW_015090842.1:9005120",3,5,2
"CA5A","s1680_S_HYP_02_ASEReadCounter.table","NW_015090842.1:9005140",3,5,2
"CA5A","s1680_S_HYP_02_ASEReadCounter.table","NW_015090842.1:9005152",2,4,2
"BANP","s1680_S_HYP_02_ASEReadCounter.table","NW_015090842.1:9033407",4,7,3
"BANP","s1680_S_HYP_02_ASEReadCounter.table","NW_015090842.1:9033409",4,7,3
"BANP","s1680_S_HYP_02_ASEReadCounter.table","NW_015090842.1:9033420",5,8,3
"BANP","s1680_S_HYP_02_ASEReadCounter.table","NW_015090842.1:9055284",7,12,5
"ZC3H18","s1680_S_HYP_02_ASEReadCounter.table","NW_015090842.1:9528933",35,65,30
"MVD","s1680_S_HYP_02_ASEReadCounter.table","NW_015090842.1:9550690",60,60,0
"MVD","s1680_S_HYP_02_ASEReadCounter.table","NW_015090842.1:9550691",61,61,0
"MVD","s1680_S_HYP_02_ASEReadCounter.table","NW_015090842.1:9550699",68,68,0
"MVD","s1680_S_HYP_02_ASEReadCounter.table","NW_015090842.1:9550701",67,67,0
"MVD","s1680_S_HYP_02_ASEReadCounter.table","NW_015090842.1:9552202",95,95,0
"MVD","s1680_S_HYP_02_ASEReadCounter.table","NW_015090842.1:9552223",86,86,0
"MVD","s1680_S_HYP_02_ASEReadCounter.table","NW_015090842.1:9552533",71,71,0
"MVD","s1680_S_HYP_02_ASEReadCounter.table","NW_015090842.1:9552644",32,61,29
"PIEZO1","s1680_S_HYP_02_ASEReadCounter.table","NW_015090842.1:9577447",9,22,13
"PIEZO1","s1680_S_HYP_02_ASEReadCounter.table","NW_015090842.1:9579101",5,11,6
"PIEZO1","s1680_S_HYP_02_ASEReadCounter.table","NW_015090842.1:9582630",3,9,6
"PIEZO1","s1680_S_HYP_02_ASEReadCounter.table","NW_015090842.1:9582976",3,5,2
"PIEZO1","s1680_S_HYP_02_ASEReadCounter.table","NW_015090842.1:9583326",4,4,0
"CDT1","s1680_S_HYP_02_ASEReadCounter.table","NW_015090842.1:9596711",2,4,2
"CDT1","s1680_S_HYP_02_ASEReadCounter.table","NW_015090842.1:9597033",10,10,0
"CDT1","s1680_S_HYP_02_ASEReadCounter.table","NW_015090842.1:9597756",7,12,5
"CDT1","s1680_S_HYP_02_ASEReadCounter.table","NW_015090842.1:9598873",23,23,0
"ACSF3","s1680_S_HYP_02_ASEReadCounter.table","NW_015090842.1:9776737",4,9,5
"ACSF3","s1680_S_HYP_02_ASEReadCounter.table","NW_015090842.1:9809639",70,70,0
"ACSF3","s1680_S_HYP_02_ASEReadCounter.table","NW_015090842.1:9834743",39,73,34
"ACSF3","s1680_S_HYP_02_ASEReadCounter.table","NW_015090842.1:9834762",79,79,0
"ACSF3","s1680_S_HYP_02_ASEReadCounter.table","NW_015090842.1:9834852",45,93,48
"ACSF3","s1680_S_HYP_02_ASEReadCounter.table","NW_015090842.1:9834861",38,82,44
"ACSF3","s1680_S_HYP_02_ASEReadCounter.table","NW_015090842.1:9839359",28,65,37
"ACSF3","s1680_S_HYP_02_ASEReadCounter.table","NW_015090842.1:9839378",25,57,32
"ACSF3","s1680_S_HYP_02_ASEReadCounter.table","NW_015090842.1:9839455",29,54,25
"ACSF3","s1680_S_HYP_02_ASEReadCounter.table","NW_015090842.1:9839457",29,50,21
"ACSF3","s1680_S_HYP_02_ASEReadCounter.table","NW_015090842.1:9839489",28,47,19
"ACSF3","s1680_S_HYP_02_ASEReadCounter.table","NW_015090842.1:9839500",24,43,19
"ACSF3","s1680_S_HYP_02_ASEReadCounter.table","NW_015090842.1:9839501",24,44,20
"ACSF3","s1680_S_HYP_02_ASEReadCounter.table","NW_015090842.1:9839504",24,44,20
"ACSF3","s1680_S_HYP_02_ASEReadCounter.table","NW_015090842.1:9839512",17,33,16
"ACSF3","s1680_S_HYP_02_ASEReadCounter.table","NW_015090842.1:9839527",15,31,16
"ACSF3","s1680_S_HYP_02_ASEReadCounter.table","NW_015090842.1:9839533",11,27,16
"ACSF3","s1680_S_HYP_02_ASEReadCounter.table","NW_015090842.1:9839535",11,24,13
"ACSF3","s1680_S_HYP_02_ASEReadCounter.table","NW_015090842.1:9839545",3,17,14
"ACSF3","s1680_S_HYP_02_ASEReadCounter.table","NW_015090842.1:9839550",2,17,15
"ACSF3","s1680_S_HYP_02_ASEReadCounter.table","NW_015090842.1:9839551",3,16,13
"CDH15","s1680_S_HYP_02_ASEReadCounter.table","NW_015090842.1:9847163",2,2,0
"CDH15","s1680_S_HYP_02_ASEReadCounter.table","NW_015090842.1:9847174",2,2,0
"CDH15","s1680_S_HYP_02_ASEReadCounter.table","NW_015090842.1:9848220",2,2,0
"CDH15","s1680_S_HYP_02_ASEReadCounter.table","NW_015090842.1:9848265",2,2,0
"CDH15","s1680_S_HYP_02_ASEReadCounter.table","NW_015090842.1:9848888",1,1,0
"CDH15","s1680_S_HYP_02_ASEReadCounter.table","NW_015090842.1:9849086",0,2,2
"CDH15","s1680_S_HYP_02_ASEReadCounter.table","NW_015090842.1:9849119",0,2,2
"CDH15","s1680_S_HYP_02_ASEReadCounter.table","NW_015090842.1:9849140",0,1,1
"CDH15","s1680_S_HYP_02_ASEReadCounter.table","NW_015090842.1:9849473",1,3,2
"CDH15","s1680_S_HYP_02_ASEReadCounter.table","NW_015090842.1:9850141",0,2,2
"CDH15","s1680_S_HYP_02_ASEReadCounter.table","NW_015090842.1:9850386",2,3,1
"CDH15","s1680_S_HYP_02_ASEReadCounter.table","NW_015090842.1:9850432",2,3,1
"CDH15","s1680_S_HYP_02_ASEReadCounter.table","NW_015090842.1:9850609",3,6,3
"SLC22A31","s1680_S_HYP_02_ASEReadCounter.table","NW_015090842.1:9850797",0,2,2
"SLC22A31","s1680_S_HYP_02_ASEReadCounter.table","NW_015090842.1:9850818",1,3,2
"SLC22A31","s1680_S_HYP_02_ASEReadCounter.table","NW_015090842.1:9850929",0,4,4
"SLC22A31","s1680_S_HYP_02_ASEReadCounter.table","NW_015090842.1:9850936",0,4,4
"SLC22A31","s1680_S_HYP_02_ASEReadCounter.table","NW_015090842.1:9850940",0,4,4
"SLC22A31","s1680_S_HYP_02_ASEReadCounter.table","NW_015090842.1:9850948",0,4,4
"SLC22A31","s1680_S_HYP_02_ASEReadCounter.table","NW_015090842.1:9850961",0,4,4
"SLC22A31","s1680_S_HYP_02_ASEReadCounter.table","NW_015090842.1:9850970",0,3,3
"SLC22A31","s1680_S_HYP_02_ASEReadCounter.table","NW_015090842.1:9850978",1,4,3
"SLC22A31","s1680_S_HYP_02_ASEReadCounter.table","NW_015090842.1:9850981",0,3,3
"SLC22A31","s1680_S_HYP_02_ASEReadCounter.table","NW_015090842.1:9851032",1,2,1
"SLC22A31","s1680_S_HYP_02_ASEReadCounter.table","NW_015090842.1:9851053",1,2,1
"SLC22A31","s1680_S_HYP_02_ASEReadCounter.table","NW_015090842.1:9851130",6,14,8
"SLC22A31","s1680_S_HYP_02_ASEReadCounter.table","NW_015090842.1:9851139",6,16,10
"SLC22A31","s1680_S_HYP_02_ASEReadCounter.table","NW_015090842.1:9851265",6,24,18
"SLC22A31","s1680_S_HYP_02_ASEReadCounter.table","NW_015090842.1:9851302",8,22,14
"SLC22A31","s1680_S_HYP_02_ASEReadCounter.table","NW_015090842.1:9851303",9,23,14
"SLC22A31","s1680_S_HYP_02_ASEReadCounter.table","NW_015090842.1:9851305",9,23,14
"SLC22A31","s1680_S_HYP_02_ASEReadCounter.table","NW_015090842.1:9851343",10,20,10
"SLC22A31","s1680_S_HYP_02_ASEReadCounter.table","NW_015090842.1:9851344",11,21,10
"SLC22A31","s1680_S_HYP_02_ASEReadCounter.table","NW_015090842.1:9851381",19,32,13
"SLC22A31","s1680_S_HYP_02_ASEReadCounter.table","NW_015090842.1:9851421",23,39,16
"SLC22A31","s1680_S_HYP_02_ASEReadCounter.table","NW_015090842.1:9851526",8,21,13
"SLC22A31","s1680_S_HYP_02_ASEReadCounter.table","NW_015090842.1:9851589",17,33,16
"SLC22A31","s1680_S_HYP_02_ASEReadCounter.table","NW_015090842.1:9851712",14,26,12
"SLC22A31","s1680_S_HYP_02_ASEReadCounter.table","NW_015090842.1:9851899",12,24,12
"SLC22A31","s1680_S_HYP_02_ASEReadCounter.table","NW_015090842.1:9852139",18,40,22
"SLC22A31","s1680_S_HYP_02_ASEReadCounter.table","NW_015090842.1:9852380",16,30,14
"SLC22A31","s1680_S_HYP_02_ASEReadCounter.table","NW_015090842.1:9852431",13,29,16
"SLC22A31","s1680_S_HYP_02_ASEReadCounter.table","NW_015090842.1:9852630",9,21,12
"SLC22A31","s1680_S_HYP_02_ASEReadCounter.table","NW_015090842.1:9852711",10,17,7
"SLC22A31","s1680_S_HYP_02_ASEReadCounter.table","NW_015090842.1:9852742",6,10,4
"SLC22A31","s1680_S_HYP_02_ASEReadCounter.table","NW_015090842.1:9853099",8,13,5
"SLC22A31","s1680_S_HYP_02_ASEReadCounter.table","NW_015090842.1:9853102",8,13,5
"SLC22A31","s1680_S_HYP_02_ASEReadCounter.table","NW_015090842.1:9853421",6,7,1
"SLC22A31","s1680_S_HYP_02_ASEReadCounter.table","NW_015090842.1:9853457",6,7,1
"SLC22A31","s1680_S_HYP_02_ASEReadCounter.table","NW_015090842.1:9853502",6,7,1
"ANKRD11","s1680_S_HYP_02_ASEReadCounter.table","NW_015090842.1:9858863",13,24,11
"ANKRD11","s1680_S_HYP_02_ASEReadCounter.table","NW_015090842.1:9859101",153,299,146
"ANKRD11","s1680_S_HYP_02_ASEReadCounter.table","NW_015090842.1:9859352",165,362,197
"ANKRD11","s1680_S_HYP_02_ASEReadCounter.table","NW_015090842.1:9859381",39,205,166
"ANKRD11","s1680_S_HYP_02_ASEReadCounter.table","NW_015090842.1:9859527",68,161,93
"ANKRD11","s1680_S_HYP_02_ASEReadCounter.table","NW_015090842.1:9859529",71,166,95
"ANKRD11","s1680_S_HYP_02_ASEReadCounter.table","NW_015090842.1:9859679",181,344,163
"ANKRD11","s1680_S_HYP_02_ASEReadCounter.table","NW_015090842.1:9861097",133,250,117
"ANKRD11","s1680_S_HYP_02_ASEReadCounter.table","NW_015090842.1:9862571",65,137,72
"ANKRD11","s1680_S_HYP_02_ASEReadCounter.table","NW_015090842.1:9866071",0,107,107
"ANKRD11","s1680_S_HYP_02_ASEReadCounter.table","NW_015090842.1:9866200",0,76,76
"ANKRD11","s1680_S_HYP_02_ASEReadCounter.table","NW_015090842.1:9867391",28,50,22
"ANKRD11","s1680_S_HYP_02_ASEReadCounter.table","NW_015090842.1:9867472",36,73,37
"ANKRD11","s1680_S_HYP_02_ASEReadCounter.table","NW_015090842.1:9867559",50,89,39
"ANKRD11","s1680_S_HYP_02_ASEReadCounter.table","NW_015090842.1:9867934",40,75,35
"ANKRD11","s1680_S_HYP_02_ASEReadCounter.table","NW_015090842.1:9868093",44,87,43
"ANKRD11","s1680_S_HYP_02_ASEReadCounter.table","NW_015090842.1:9868222",43,92,49
"ANKRD11","s1680_S_HYP_02_ASEReadCounter.table","NW_015090842.1:9868327",53,107,54
"ANKRD11","s1680_S_HYP_02_ASEReadCounter.table","NW_015090842.1:9868414",63,143,80
"ANKRD11","s1680_S_HYP_02_ASEReadCounter.table","NW_015090842.1:9868441",63,141,78
"ANKRD11","s1680_S_HYP_02_ASEReadCounter.table","NW_015090842.1:9868444",64,145,81
"ANKRD11","s1680_S_HYP_02_ASEReadCounter.table","NW_015090842.1:9868519",73,156,83
"ANKRD11","s1680_S_HYP_02_ASEReadCounter.table","NW_015090842.1:9868609",73,163,90
"ANKRD11","s1680_S_HYP_02_ASEReadCounter.table","NW_015090842.1:9868666",81,184,103
"ANKRD11","s1680_S_HYP_02_ASEReadCounter.table","NW_015090842.1:9869431",94,203,109
"ANKRD11","s1680_S_HYP_02_ASEReadCounter.table","NW_015090842.1:9869578",208,374,166
"ANKRD11","s1680_S_HYP_02_ASEReadCounter.table","NW_015090842.1:9869734",202,417,215
"ANKRD11","s1680_S_HYP_02_ASEReadCounter.table","NW_015090842.1:9870070",187,396,209
"ANKRD11","s1680_S_HYP_02_ASEReadCounter.table","NW_015090842.1:9870349",210,399,189
"ANKRD11","s1680_S_HYP_02_ASEReadCounter.table","NW_015090842.1:9870604",211,393,182
"ANKRD11","s1680_S_HYP_02_ASEReadCounter.table","NW_015090842.1:9870613",220,406,186
"ANKRD11","s1680_S_HYP_02_ASEReadCounter.table","NW_015090842.1:9870685",240,500,260
"ANKRD11","s1680_S_HYP_02_ASEReadCounter.table","NW_015090842.1:9870847",188,423,235
"ANKRD11","s1680_S_HYP_02_ASEReadCounter.table","NW_015090842.1:9871103",164,325,161
"ANKRD11","s1680_S_HYP_02_ASEReadCounter.table","NW_015090842.1:9871165",167,345,178
"ANKRD11","s1680_S_HYP_02_ASEReadCounter.table","NW_015090842.1:9871820",63,120,57
"ANKRD11","s1680_S_HYP_02_ASEReadCounter.table","NW_015090842.1:9871994",93,93,0
"ANKRD11","s1680_S_HYP_02_ASEReadCounter.table","NW_015090842.1:9872118",47,101,54
"SPG7","s1680_S_HYP_02_ASEReadCounter.table","NW_015090842.1:10051190",95,185,90
"SPG7","s1680_S_HYP_02_ASEReadCounter.table","NW_015090842.1:10051218",106,234,128
"SPG7","s1680_S_HYP_02_ASEReadCounter.table","NW_015090842.1:10052348",131,260,129
"SPG7","s1680_S_HYP_02_ASEReadCounter.table","NW_015090842.1:10052366",132,262,130
"SPG7","s1680_S_HYP_02_ASEReadCounter.table","NW_015090842.1:10065173",177,338,161
"SPG7","s1680_S_HYP_02_ASEReadCounter.table","NW_015090842.1:10065215",159,316,157
"SPG7","s1680_S_HYP_02_ASEReadCounter.table","NW_015090842.1:10066301",136,261,125
"SPG7","s1680_S_HYP_02_ASEReadCounter.table","NW_015090842.1:10066365",170,306,136
"SPG7","s1680_S_HYP_02_ASEReadCounter.table","NW_015090842.1:10069752",198,377,179
"SPG7","s1680_S_HYP_02_ASEReadCounter.table","NW_015090842.1:10069800",189,396,207
"SPG7","s1680_S_HYP_02_ASEReadCounter.table","NW_015090842.1:10071192",218,453,235
"SPG7","s1680_S_HYP_02_ASEReadCounter.table","NW_015090842.1:10071204",211,437,226
"SPG7","s1680_S_HYP_02_ASEReadCounter.table","NW_015090842.1:10071219",198,410,212
"SPG7","s1680_S_HYP_02_ASEReadCounter.table","NW_015090842.1:10071967",197,428,231
"SPG7","s1680_S_HYP_02_ASEReadCounter.table","NW_015090842.1:10075109",357,646,289
"SPG7","s1680_S_HYP_02_ASEReadCounter.table","NW_015090842.1:10075114",361,648,287
"SPG7","s1680_S_HYP_02_ASEReadCounter.table","NW_015090842.1:10075198",294,496,202
"SPG7","s1680_S_HYP_02_ASEReadCounter.table","NW_015090842.1:10075487",228,443,215
"SPG7","s1680_S_HYP_02_ASEReadCounter.table","NW_015090842.1:10075488",230,444,214
"SPG7","s1680_S_HYP_02_ASEReadCounter.table","NW_015090842.1:10075548",160,320,160
"RPL13","s1680_S_HYP_02_ASEReadCounter.table","NW_015090842.1:10076979",4,4,0
"RPL13","s1680_S_HYP_02_ASEReadCounter.table","NW_015090842.1:10077387",492,1092,600
"RPL13","s1680_S_HYP_02_ASEReadCounter.table","NW_015090842.1:10077978",757,1645,888
"RPL13","s1680_S_HYP_02_ASEReadCounter.table","NW_015090842.1:10077992",751,1605,854
"CPNE7","s1680_S_HYP_02_ASEReadCounter.table","NW_015090842.1:10084001",26,40,14
"CPNE7","s1680_S_HYP_02_ASEReadCounter.table","NW_015090842.1:10084856",19,27,8
"CPNE7","s1680_S_HYP_02_ASEReadCounter.table","NW_015090842.1:10084872",20,27,7
"CPNE7","s1680_S_HYP_02_ASEReadCounter.table","NW_015090842.1:10084892",14,29,15
"CPNE7","s1680_S_HYP_02_ASEReadCounter.table","NW_015090842.1:10084921",15,31,16
"CPNE7","s1680_S_HYP_02_ASEReadCounter.table","NW_015090842.1:10084935",19,34,15
"CPNE7","s1680_S_HYP_02_ASEReadCounter.table","NW_015090842.1:10085000",25,37,12
"CPNE7","s1680_S_HYP_02_ASEReadCounter.table","NW_015090842.1:10085089",23,52,29
"CPNE7","s1680_S_HYP_02_ASEReadCounter.table","NW_015090842.1:10085096",22,51,29
"CPNE7","s1680_S_HYP_02_ASEReadCounter.table","NW_015090842.1:10085126",19,42,23
"CPNE7","s1680_S_HYP_02_ASEReadCounter.table","NW_015090842.1:10085180",20,32,12
"CPNE7","s1680_S_HYP_02_ASEReadCounter.table","NW_015090842.1:10085201",14,25,11
"CPNE7","s1680_S_HYP_02_ASEReadCounter.table","NW_015090842.1:10088134",39,75,36
"CPNE7","s1680_S_HYP_02_ASEReadCounter.table","NW_015090842.1:10088146",38,75,37
"CPNE7","s1680_S_HYP_02_ASEReadCounter.table","NW_015090842.1:10088940",75,126,51
"CPNE7","s1680_S_HYP_02_ASEReadCounter.table","NW_015090842.1:10088965",65,111,46
"CPNE7","s1680_S_HYP_02_ASEReadCounter.table","NW_015090842.1:10088967",64,111,47
"CPNE7","s1680_S_HYP_02_ASEReadCounter.table","NW_015090842.1:10088973",70,116,46
"CPNE7","s1680_S_HYP_02_ASEReadCounter.table","NW_015090842.1:10090924",102,172,70
"CPNE7","s1680_S_HYP_02_ASEReadCounter.table","NW_015090842.1:10090930",106,177,71
"CPNE7","s1680_S_HYP_02_ASEReadCounter.table","NW_015090842.1:10091075",94,163,69
"CPNE7","s1680_S_HYP_02_ASEReadCounter.table","NW_015090842.1:10091389",114,193,79
"CPNE7","s1680_S_HYP_02_ASEReadCounter.table","NW_015090842.1:10091407",118,207,89
"CPNE7","s1680_S_HYP_02_ASEReadCounter.table","NW_015090842.1:10091530",105,193,88
"CPNE7","s1680_S_HYP_02_ASEReadCounter.table","NW_015090842.1:10091875",124,217,93
"CPNE7","s1680_S_HYP_02_ASEReadCounter.table","NW_015090842.1:10091983",111,188,77
"CPNE7","s1680_S_HYP_02_ASEReadCounter.table","NW_015090842.1:10091997",116,195,79
"CPNE7","s1680_S_HYP_02_ASEReadCounter.table","NW_015090842.1:10092038",54,105,51
"CPNE7","s1680_S_HYP_02_ASEReadCounter.table","NW_015090842.1:10092140",62,126,64
"CPNE7","s1680_S_HYP_02_ASEReadCounter.table","NW_015090842.1:10092183",52,93,41
"CPNE7","s1680_S_HYP_02_ASEReadCounter.table","NW_015090842.1:10092201",44,78,34
"CPNE7","s1680_S_HYP_02_ASEReadCounter.table","NW_015090842.1:10092230",32,57,25
"CPNE7","s1680_S_HYP_02_ASEReadCounter.table","NW_015090842.1:10092246",15,33,18
"LOC106888185","s1680_S_HYP_02_ASEReadCounter.table","NW_015090842.1:10094965",0,3,3
"LOC106888185","s1680_S_HYP_02_ASEReadCounter.table","NW_015090842.1:10094966",0,2,2
"LOC106888185","s1680_S_HYP_02_ASEReadCounter.table","NW_015090842.1:10094985",0,3,3
"LOC106888185","s1680_S_HYP_02_ASEReadCounter.table","NW_015090842.1:10095055",0,1,1
"LOC106888185","s1680_S_HYP_02_ASEReadCounter.table","NW_015090842.1:10095062",0,1,1
"LOC106888185","s1680_S_HYP_02_ASEReadCounter.table","NW_015090842.1:10095130",0,6,6
"LOC106888185","s1680_S_HYP_02_ASEReadCounter.table","NW_015090842.1:10095265",3,11,8
"LOC106888185","s1680_S_HYP_02_ASEReadCounter.table","NW_015090842.1:10095586",9,19,10
"LOC106888185","s1680_S_HYP_02_ASEReadCounter.table","NW_015090842.1:10095593",10,20,10
"LOC106888185","s1680_S_HYP_02_ASEReadCounter.table","NW_015090842.1:10095616",9,16,7
"LOC106888185","s1680_S_HYP_02_ASEReadCounter.table","NW_015090842.1:10095662",4,14,10
"LOC106888185","s1680_S_HYP_02_ASEReadCounter.table","NW_015090842.1:10095674",3,13,10
"LOC106888185","s1680_S_HYP_02_ASEReadCounter.table","NW_015090842.1:10095786",5,13,8
"LOC106888185","s1680_S_HYP_02_ASEReadCounter.table","NW_015090842.1:10095831",2,7,5
"LOC106888185","s1680_S_HYP_02_ASEReadCounter.table","NW_015090842.1:10096230",1,2,1
"LOC106888185","s1680_S_HYP_02_ASEReadCounter.table","NW_015090842.1:10096249",2,5,3
"LOC106888185","s1680_S_HYP_02_ASEReadCounter.table","NW_015090842.1:10096272",2,5,3
"LOC106888185","s1680_S_HYP_02_ASEReadCounter.table","NW_015090842.1:10096288",2,6,4
"LOC106888185","s1680_S_HYP_02_ASEReadCounter.table","NW_015090842.1:10097248",1,5,4
"LOC106888185","s1680_S_HYP_02_ASEReadCounter.table","NW_015090842.1:10097265",1,9,8
"LOC106888185","s1680_S_HYP_02_ASEReadCounter.table","NW_015090842.1:10097446",0,2,2
"DPEP1","s1680_S_HYP_02_ASEReadCounter.table","NW_015090842.1:10098017",1,2,1
"DPEP1","s1680_S_HYP_02_ASEReadCounter.table","NW_015090842.1:10098608",1,1,0
"DPEP1","s1680_S_HYP_02_ASEReadCounter.table","NW_015090842.1:10098630",1,1,0
"DPEP1","s1680_S_HYP_02_ASEReadCounter.table","NW_015090842.1:10098659",1,1,0
"DPEP1","s1680_S_HYP_02_ASEReadCounter.table","NW_015090842.1:10099985",1,2,1
"DPEP1","s1680_S_HYP_02_ASEReadCounter.table","NW_015090842.1:10099986",1,2,1
"DPEP1","s1680_S_HYP_02_ASEReadCounter.table","NW_015090842.1:10099991",1,2,1
"DPEP1","s1680_S_HYP_02_ASEReadCounter.table","NW_015090842.1:10100044",0,1,1
"DPEP1","s1680_S_HYP_02_ASEReadCounter.table","NW_015090842.1:10100045",0,2,2
"DPEP1","s1680_S_HYP_02_ASEReadCounter.table","NW_015090842.1:10100084",0,2,2
"DPEP1","s1680_S_HYP_02_ASEReadCounter.table","NW_015090842.1:10100295",0,1,1
"DPEP1","s1680_S_HYP_02_ASEReadCounter.table","NW_015090842.1:10100529",0,1,1
"DPEP1","s1680_S_HYP_02_ASEReadCounter.table","NW_015090842.1:10100893",0,1,1
"DPEP1","s1680_S_HYP_02_ASEReadCounter.table","NW_015090842.1:10100902",0,1,1
"DPEP1","s1680_S_HYP_02_ASEReadCounter.table","NW_015090842.1:10101072",1,1,0
"DPEP1","s1680_S_HYP_02_ASEReadCounter.table","NW_015090842.1:10101199",1,1,0
"DPEP1","s1680_S_HYP_02_ASEReadCounter.table","NW_015090842.1:10101525",0,1,1
"DPEP1","s1680_S_HYP_02_ASEReadCounter.table","NW_015090842.1:10101875",1,2,1
"DPEP1","s1680_S_HYP_02_ASEReadCounter.table","NW_015090842.1:10101913",0,2,2
"DPEP1","s1680_S_HYP_02_ASEReadCounter.table","NW_015090842.1:10101996",0,2,2
"CHMP1A","s1680_S_HYP_02_ASEReadCounter.table","NW_015090842.1:10102901",83,222,139
"CHMP1A","s1680_S_HYP_02_ASEReadCounter.table","NW_015090842.1:10102961",60,223,163
"CHMP1A","s1680_S_HYP_02_ASEReadCounter.table","NW_015090842.1:10102996",57,196,139
"CHMP1A","s1680_S_HYP_02_ASEReadCounter.table","NW_015090842.1:10103004",62,208,146
"CHMP1A","s1680_S_HYP_02_ASEReadCounter.table","NW_015090842.1:10103006",64,211,147
"CHMP1A","s1680_S_HYP_02_ASEReadCounter.table","NW_015090842.1:10103052",112,267,155
"CHMP1A","s1680_S_HYP_02_ASEReadCounter.table","NW_015090842.1:10103095",104,260,156
"CHMP1A","s1680_S_HYP_02_ASEReadCounter.table","NW_015090842.1:10103096",105,259,154
"CHMP1A","s1680_S_HYP_02_ASEReadCounter.table","NW_015090842.1:10103152",84,183,99
"CHMP1A","s1680_S_HYP_02_ASEReadCounter.table","NW_015090842.1:10103334",73,146,73
"CHMP1A","s1680_S_HYP_02_ASEReadCounter.table","NW_015090842.1:10103373",46,142,96
"CHMP1A","s1680_S_HYP_02_ASEReadCounter.table","NW_015090842.1:10103408",78,184,106
"CHMP1A","s1680_S_HYP_02_ASEReadCounter.table","NW_015090842.1:10103412",81,180,99
"CHMP1A","s1680_S_HYP_02_ASEReadCounter.table","NW_015090842.1:10103512",105,210,105
"CHMP1A","s1680_S_HYP_02_ASEReadCounter.table","NW_015090842.1:10103513",104,210,106
"CHMP1A","s1680_S_HYP_02_ASEReadCounter.table","NW_015090842.1:10103583",85,174,89
"CHMP1A","s1680_S_HYP_02_ASEReadCounter.table","NW_015090842.1:10103614",83,166,83
"CHMP1A","s1680_S_HYP_02_ASEReadCounter.table","NW_015090842.1:10103657",96,178,82
"CHMP1A","s1680_S_HYP_02_ASEReadCounter.table","NW_015090842.1:10103669",78,160,82
"CHMP1A","s1680_S_HYP_02_ASEReadCounter.table","NW_015090842.1:10103674",76,151,75
"CHMP1A","s1680_S_HYP_02_ASEReadCounter.table","NW_015090842.1:10103677",71,143,72
"CHMP1A","s1680_S_HYP_02_ASEReadCounter.table","NW_015090842.1:10103729",93,166,73
"CHMP1A","s1680_S_HYP_02_ASEReadCounter.table","NW_015090842.1:10103758",87,161,74
"CHMP1A","s1680_S_HYP_02_ASEReadCounter.table","NW_015090842.1:10103761",87,169,82
"CHMP1A","s1680_S_HYP_02_ASEReadCounter.table","NW_015090842.1:10103788",91,188,97
"CHMP1A","s1680_S_HYP_02_ASEReadCounter.table","NW_015090842.1:10103789",91,193,102
"CHMP1A","s1680_S_HYP_02_ASEReadCounter.table","NW_015090842.1:10103790",90,192,102
"CHMP1A","s1680_S_HYP_02_ASEReadCounter.table","NW_015090842.1:10103950",87,155,68
"CHMP1A","s1680_S_HYP_02_ASEReadCounter.table","NW_015090842.1:10104335",63,122,59
"CHMP1A","s1680_S_HYP_02_ASEReadCounter.table","NW_015090842.1:10104429",77,140,63
"CHMP1A","s1680_S_HYP_02_ASEReadCounter.table","NW_015090842.1:10104532",83,161,78
"CHMP1A","s1680_S_HYP_02_ASEReadCounter.table","NW_015090842.1:10104633",66,122,56
"CHMP1A","s1680_S_HYP_02_ASEReadCounter.table","NW_015090842.1:10104759",61,139,78
"CHMP1A","s1680_S_HYP_02_ASEReadCounter.table","NW_015090842.1:10104794",71,146,75
"CHMP1A","s1680_S_HYP_02_ASEReadCounter.table","NW_015090842.1:10104844",43,98,55
"CHMP1A","s1680_S_HYP_02_ASEReadCounter.table","NW_015090842.1:10106290",52,102,50
"CHMP1A","s1680_S_HYP_02_ASEReadCounter.table","NW_015090842.1:10106335",57,121,64
"CHMP1A","s1680_S_HYP_02_ASEReadCounter.table","NW_015090842.1:10106383",63,137,74
"CHMP1A","s1680_S_HYP_02_ASEReadCounter.table","NW_015090842.1:10106747",66,133,67
"CHMP1A","s1680_S_HYP_02_ASEReadCounter.table","NW_015090842.1:10107404",69,116,47
"CHMP1A","s1680_S_HYP_02_ASEReadCounter.table","NW_015090842.1:10107410",72,116,44
"CHMP1A","s1680_S_HYP_02_ASEReadCounter.table","NW_015090842.1:10107876",59,117,58
"CDK10","s1680_S_HYP_02_ASEReadCounter.table","NW_015090842.1:10109030",10,13,3
"CDK10","s1680_S_HYP_02_ASEReadCounter.table","NW_015090842.1:10109963",49,124,75
"CDK10","s1680_S_HYP_02_ASEReadCounter.table","NW_015090842.1:10110887",35,101,66
"CDK10","s1680_S_HYP_02_ASEReadCounter.table","NW_015090842.1:10111254",34,101,67
"CDK10","s1680_S_HYP_02_ASEReadCounter.table","NW_015090842.1:10111380",35,114,79
"CDK10","s1680_S_HYP_02_ASEReadCounter.table","NW_015090842.1:10111395",35,112,77
"CDK10","s1680_S_HYP_02_ASEReadCounter.table","NW_015090842.1:10111437",22,96,74
"CDK10","s1680_S_HYP_02_ASEReadCounter.table","NW_015090842.1:10111798",46,122,76
"CDK10","s1680_S_HYP_02_ASEReadCounter.table","NW_015090842.1:10111840",50,131,81
"CDK10","s1680_S_HYP_02_ASEReadCounter.table","NW_015090842.1:10112031",60,161,101
"CDK10","s1680_S_HYP_02_ASEReadCounter.table","NW_015090842.1:10112285",62,175,113
"CDK10","s1680_S_HYP_02_ASEReadCounter.table","NW_015090842.1:10112398",72,179,107
"CDK10","s1680_S_HYP_02_ASEReadCounter.table","NW_015090842.1:10112455",57,152,95
"CDK10","s1680_S_HYP_02_ASEReadCounter.table","NW_015090842.1:10112461",52,136,84
"CDK10","s1680_S_HYP_02_ASEReadCounter.table","NW_015090842.1:10112497",42,129,87
"CDK10","s1680_S_HYP_02_ASEReadCounter.table","NW_015090842.1:10112508",36,135,99
"CDK10","s1680_S_HYP_02_ASEReadCounter.table","NW_015090842.1:10112518",31,124,93
"CDK10","s1680_S_HYP_02_ASEReadCounter.table","NW_015090842.1:10112540",11,110,99
"CDK10","s1680_S_HYP_02_ASEReadCounter.table","NW_015090842.1:10112556",30,126,96
"CDK10","s1680_S_HYP_02_ASEReadCounter.table","NW_015090842.1:10112561",34,142,108
"CDK10","s1680_S_HYP_02_ASEReadCounter.table","NW_015090842.1:10112596",42,145,103
"CDK10","s1680_S_HYP_02_ASEReadCounter.table","NW_015090842.1:10112630",48,136,88
"CDK10","s1680_S_HYP_02_ASEReadCounter.table","NW_015090842.1:10112656",52,130,78
"CDK10","s1680_S_HYP_02_ASEReadCounter.table","NW_015090842.1:10112665",45,104,59
"CDK10","s1680_S_HYP_02_ASEReadCounter.table","NW_015090842.1:10112668",46,101,55
"CDK10","s1680_S_HYP_02_ASEReadCounter.table","NW_015090842.1:10112781",26,59,33
"CDK10","s1680_S_HYP_02_ASEReadCounter.table","NW_015090842.1:10112782",25,58,33
"CDK10","s1680_S_HYP_02_ASEReadCounter.table","NW_015090842.1:10112795",23,55,32
"CDK10","s1680_S_HYP_02_ASEReadCounter.table","NW_015090842.1:10112841",8,24,16
"CDK10","s1680_S_HYP_02_ASEReadCounter.table","NW_015090842.1:10112861",6,18,12
"SPATA2L","s1680_S_HYP_02_ASEReadCounter.table","NW_015090842.1:10113212",26,62,36
"SPATA2L","s1680_S_HYP_02_ASEReadCounter.table","NW_015090842.1:10113280",32,97,65
"SPATA2L","s1680_S_HYP_02_ASEReadCounter.table","NW_015090842.1:10113296",34,101,67
"SPATA2L","s1680_S_HYP_02_ASEReadCounter.table","NW_015090842.1:10113321",38,117,79
"SPATA2L","s1680_S_HYP_02_ASEReadCounter.table","NW_015090842.1:10113332",41,129,88
"SPATA2L","s1680_S_HYP_02_ASEReadCounter.table","NW_015090842.1:10113380",48,143,95
"SPATA2L","s1680_S_HYP_02_ASEReadCounter.table","NW_015090842.1:10113381",47,140,93
"SPATA2L","s1680_S_HYP_02_ASEReadCounter.table","NW_015090842.1:10113412",52,148,96
"SPATA2L","s1680_S_HYP_02_ASEReadCounter.table","NW_015090842.1:10113421",54,160,106
"SPATA2L","s1680_S_HYP_02_ASEReadCounter.table","NW_015090842.1:10113465",49,143,94
"SPATA2L","s1680_S_HYP_02_ASEReadCounter.table","NW_015090842.1:10113535",66,136,70
"SPATA2L","s1680_S_HYP_02_ASEReadCounter.table","NW_015090842.1:10113645",49,160,111
"SPATA2L","s1680_S_HYP_02_ASEReadCounter.table","NW_015090842.1:10113682",66,189,123
"SPATA2L","s1680_S_HYP_02_ASEReadCounter.table","NW_015090842.1:10113696",60,179,119
"SPATA2L","s1680_S_HYP_02_ASEReadCounter.table","NW_015090842.1:10113727",70,198,128
"SPATA2L","s1680_S_HYP_02_ASEReadCounter.table","NW_015090842.1:10113729",194,194,0
"SPATA2L","s1680_S_HYP_02_ASEReadCounter.table","NW_015090842.1:10113799",64,168,104
"SPATA2L","s1680_S_HYP_02_ASEReadCounter.table","NW_015090842.1:10113809",71,172,101
"SPATA2L","s1680_S_HYP_02_ASEReadCounter.table","NW_015090842.1:10113827",75,171,96
"SPATA2L","s1680_S_HYP_02_ASEReadCounter.table","NW_015090842.1:10113831",70,173,103
"SPATA2L","s1680_S_HYP_02_ASEReadCounter.table","NW_015090842.1:10113894",72,170,98
"SPATA2L","s1680_S_HYP_02_ASEReadCounter.table","NW_015090842.1:10113905",57,162,105
"SPATA2L","s1680_S_HYP_02_ASEReadCounter.table","NW_015090842.1:10113914",49,153,104
"SPATA2L","s1680_S_HYP_02_ASEReadCounter.table","NW_015090842.1:10113920",54,169,115
"SPATA2L","s1680_S_HYP_02_ASEReadCounter.table","NW_015090842.1:10113937",59,186,127
"SPATA2L","s1680_S_HYP_02_ASEReadCounter.table","NW_015090842.1:10113971",43,158,115
"SPATA2L","s1680_S_HYP_02_ASEReadCounter.table","NW_015090842.1:10113976",49,166,117
"SPATA2L","s1680_S_HYP_02_ASEReadCounter.table","NW_015090842.1:10113985",55,161,106
"SPATA2L","s1680_S_HYP_02_ASEReadCounter.table","NW_015090842.1:10113994",61,167,106
"SPATA2L","s1680_S_HYP_02_ASEReadCounter.table","NW_015090842.1:10114063",55,133,78
"SPATA2L","s1680_S_HYP_02_ASEReadCounter.table","NW_015090842.1:10114066",52,132,80
"SPATA2L","s1680_S_HYP_02_ASEReadCounter.table","NW_015090842.1:10114069",55,138,83
"SPATA2L","s1680_S_HYP_02_ASEReadCounter.table","NW_015090842.1:10114159",27,87,60
"SPATA2L","s1680_S_HYP_02_ASEReadCounter.table","NW_015090842.1:10114262",138,139,1
"SPATA2L","s1680_S_HYP_02_ASEReadCounter.table","NW_015090842.1:10114470",47,120,73
"SPATA2L","s1680_S_HYP_02_ASEReadCounter.table","NW_015090842.1:10114524",34,92,58
"VPS9D1","s1680_S_HYP_02_ASEReadCounter.table","NW_015090842.1:10116377",40,107,67
"VPS9D1","s1680_S_HYP_02_ASEReadCounter.table","NW_015090842.1:10116415",50,120,70
"VPS9D1","s1680_S_HYP_02_ASEReadCounter.table","NW_015090842.1:10116607",44,93,49
"VPS9D1","s1680_S_HYP_02_ASEReadCounter.table","NW_015090842.1:10116821",38,98,60
"VPS9D1","s1680_S_HYP_02_ASEReadCounter.table","NW_015090842.1:10116825",35,94,59
"VPS9D1","s1680_S_HYP_02_ASEReadCounter.table","NW_015090842.1:10116882",22,71,49
"VPS9D1","s1680_S_HYP_02_ASEReadCounter.table","NW_015090842.1:10116933",28,78,50
"VPS9D1","s1680_S_HYP_02_ASEReadCounter.table","NW_015090842.1:10116942",27,77,50
"VPS9D1","s1680_S_HYP_02_ASEReadCounter.table","NW_015090842.1:10117152",27,86,59
"VPS9D1","s1680_S_HYP_02_ASEReadCounter.table","NW_015090842.1:10117480",15,54,39
"VPS9D1","s1680_S_HYP_02_ASEReadCounter.table","NW_015090842.1:10117497",15,47,32
"VPS9D1","s1680_S_HYP_02_ASEReadCounter.table","NW_015090842.1:10117499",14,50,36
"VPS9D1","s1680_S_HYP_02_ASEReadCounter.table","NW_015090842.1:10117516",17,67,50
"VPS9D1","s1680_S_HYP_02_ASEReadCounter.table","NW_015090842.1:10117525",21,67,46
"VPS9D1","s1680_S_HYP_02_ASEReadCounter.table","NW_015090842.1:10117579",17,58,41
"VPS9D1","s1680_S_HYP_02_ASEReadCounter.table","NW_015090842.1:10117627",20,53,33
"VPS9D1","s1680_S_HYP_02_ASEReadCounter.table","NW_015090842.1:10117678",12,54,42
"VPS9D1","s1680_S_HYP_02_ASEReadCounter.table","NW_015090842.1:10117773",24,76,52
"VPS9D1","s1680_S_HYP_02_ASEReadCounter.table","NW_015090842.1:10117937",28,92,64
"VPS9D1","s1680_S_HYP_02_ASEReadCounter.table","NW_015090842.1:10117961",25,82,57
"VPS9D1","s1680_S_HYP_02_ASEReadCounter.table","NW_015090842.1:10118236",24,82,58
"VPS9D1","s1680_S_HYP_02_ASEReadCounter.table","NW_015090842.1:10118414",23,75,52
"VPS9D1","s1680_S_HYP_02_ASEReadCounter.table","NW_015090842.1:10118973",33,92,59
"VPS9D1","s1680_S_HYP_02_ASEReadCounter.table","NW_015090842.1:10119500",15,49,34
"ZNF276","s1680_S_HYP_02_ASEReadCounter.table","NW_015090842.1:10121760",1,3,2
"ZNF276","s1680_S_HYP_02_ASEReadCounter.table","NW_015090842.1:10121769",2,4,2
"ZNF276","s1680_S_HYP_02_ASEReadCounter.table","NW_015090842.1:10121802",4,9,5
"ZNF276","s1680_S_HYP_02_ASEReadCounter.table","NW_015090842.1:10121971",15,26,11
"ZNF276","s1680_S_HYP_02_ASEReadCounter.table","NW_015090842.1:10122161",26,27,1
"ZNF276","s1680_S_HYP_02_ASEReadCounter.table","NW_015090842.1:10122164",27,27,0
"ZNF276","s1680_S_HYP_02_ASEReadCounter.table","NW_015090842.1:10122184",21,21,0
"ZNF276","s1680_S_HYP_02_ASEReadCounter.table","NW_015090842.1:10122883",13,26,13
"ZNF276","s1680_S_HYP_02_ASEReadCounter.table","NW_015090842.1:10122997",11,21,10
"ZNF276","s1680_S_HYP_02_ASEReadCounter.table","NW_015090842.1:10123069",8,19,11
"ZNF276","s1680_S_HYP_02_ASEReadCounter.table","NW_015090842.1:10123207",27,51,24
"ZNF276","s1680_S_HYP_02_ASEReadCounter.table","NW_015090842.1:10125787",21,50,29
"ZNF276","s1680_S_HYP_02_ASEReadCounter.table","NW_015090842.1:10126309",30,67,37
"ZNF276","s1680_S_HYP_02_ASEReadCounter.table","NW_015090842.1:10126348",31,67,36
"ZNF276","s1680_S_HYP_02_ASEReadCounter.table","NW_015090842.1:10126978",40,83,43
"ZNF276","s1680_S_HYP_02_ASEReadCounter.table","NW_015090842.1:10126991",36,76,40
"ZNF276","s1680_S_HYP_02_ASEReadCounter.table","NW_015090842.1:10127023",39,70,31
"ZNF276","s1680_S_HYP_02_ASEReadCounter.table","NW_015090842.1:10127063",40,76,36
"ZNF276","s1680_S_HYP_02_ASEReadCounter.table","NW_015090842.1:10127373",28,66,38
"ZNF276","s1680_S_HYP_02_ASEReadCounter.table","NW_015090842.1:10127931",35,73,38
"ZNF276","s1680_S_HYP_02_ASEReadCounter.table","NW_015090842.1:10128070",33,69,36
"ZNF276","s1680_S_HYP_02_ASEReadCounter.table","NW_015090842.1:10128102",34,69,35
"ZNF276","s1680_S_HYP_02_ASEReadCounter.table","NW_015090842.1:10128356",43,84,41
"ZNF276","s1680_S_HYP_02_ASEReadCounter.table","NW_015090842.1:10128497",21,45,24
"FANCA","s1680_S_HYP_02_ASEReadCounter.table","NW_015090842.1:10128743",1,2,1
"FANCA","s1680_S_HYP_02_ASEReadCounter.table","NW_015090842.1:10128822",1,3,2
"FANCA","s1680_S_HYP_02_ASEReadCounter.table","NW_015090842.1:10129383",1,2,1
"FANCA","s1680_S_HYP_02_ASEReadCounter.table","NW_015090842.1:10129390",1,3,2
"FANCA","s1680_S_HYP_02_ASEReadCounter.table","NW_015090842.1:10129422",1,2,1
"FANCA","s1680_S_HYP_02_ASEReadCounter.table","NW_015090842.1:10129969",2,2,0
"FANCA","s1680_S_HYP_02_ASEReadCounter.table","NW_015090842.1:10130399",3,3,0
"FANCA","s1680_S_HYP_02_ASEReadCounter.table","NW_015090842.1:10130857",1,1,0
"FANCA","s1680_S_HYP_02_ASEReadCounter.table","NW_015090842.1:10133530",2,3,1
"FANCA","s1680_S_HYP_02_ASEReadCounter.table","NW_015090842.1:10133533",2,3,1
"FANCA","s1680_S_HYP_02_ASEReadCounter.table","NW_015090842.1:10133536",2,3,1
"FANCA","s1680_S_HYP_02_ASEReadCounter.table","NW_015090842.1:10133601",0,1,1
"FANCA","s1680_S_HYP_02_ASEReadCounter.table","NW_015090842.1:10134492",1,3,2
"FANCA","s1680_S_HYP_02_ASEReadCounter.table","NW_015090842.1:10136957",2,2,0
"FANCA","s1680_S_HYP_02_ASEReadCounter.table","NW_015090842.1:10136982",1,1,0
"FANCA","s1680_S_HYP_02_ASEReadCounter.table","NW_015090842.1:10138618",1,1,0
"FANCA","s1680_S_HYP_02_ASEReadCounter.table","NW_015090842.1:10139140",2,2,0
"FANCA","s1680_S_HYP_02_ASEReadCounter.table","NW_015090842.1:10141234",1,1,0
"FANCA","s1680_S_HYP_02_ASEReadCounter.table","NW_015090842.1:10145030",1,2,1
"FANCA","s1680_S_HYP_02_ASEReadCounter.table","NW_015090842.1:10154490",1,1,0
"FANCA","s1680_S_HYP_02_ASEReadCounter.table","NW_015090842.1:10158957",1,1,0
"SPIRE2","s1680_S_HYP_02_ASEReadCounter.table","NW_015090842.1:10172284",20,38,18
"SPIRE2","s1680_S_HYP_02_ASEReadCounter.table","NW_015090842.1:10175262",36,69,33
"SPIRE2","s1680_S_HYP_02_ASEReadCounter.table","NW_015090842.1:10175352",23,39,16
"SPIRE2","s1680_S_HYP_02_ASEReadCounter.table","NW_015090842.1:10175400",63,134,71
"SPIRE2","s1680_S_HYP_02_ASEReadCounter.table","NW_015090842.1:10175418",72,148,76
"SPIRE2","s1680_S_HYP_02_ASEReadCounter.table","NW_015090842.1:10175704",74,150,76
"SPIRE2","s1680_S_HYP_02_ASEReadCounter.table","NW_015090842.1:10176115",91,205,114
"SPIRE2","s1680_S_HYP_02_ASEReadCounter.table","NW_015090842.1:10176561",87,206,119
"SPIRE2","s1680_S_HYP_02_ASEReadCounter.table","NW_015090842.1:10176817",91,222,131
"SPIRE2","s1680_S_HYP_02_ASEReadCounter.table","NW_015090842.1:10177084",81,182,101
"SPIRE2","s1680_S_HYP_02_ASEReadCounter.table","NW_015090842.1:10177838",96,228,132
"SPIRE2","s1680_S_HYP_02_ASEReadCounter.table","NW_015090842.1:10178000",120,250,130
"SPIRE2","s1680_S_HYP_02_ASEReadCounter.table","NW_015090842.1:10178164",135,277,142
"SPIRE2","s1680_S_HYP_02_ASEReadCounter.table","NW_015090842.1:10178216",138,313,175
"SPIRE2","s1680_S_HYP_02_ASEReadCounter.table","NW_015090842.1:10178303",122,254,132
"SPIRE2","s1680_S_HYP_02_ASEReadCounter.table","NW_015090842.1:10178403",121,260,139
"SPIRE2","s1680_S_HYP_02_ASEReadCounter.table","NW_015090842.1:10178409",112,245,133
"SPIRE2","s1680_S_HYP_02_ASEReadCounter.table","NW_015090842.1:10178524",101,242,141
"SPIRE2","s1680_S_HYP_02_ASEReadCounter.table","NW_015090842.1:10178526",100,241,141
"SPIRE2","s1680_S_HYP_02_ASEReadCounter.table","NW_015090842.1:10178531",97,238,141
"SPIRE2","s1680_S_HYP_02_ASEReadCounter.table","NW_015090842.1:10178565",98,232,134
"SPIRE2","s1680_S_HYP_02_ASEReadCounter.table","NW_015090842.1:10178587",87,198,111
"SPIRE2","s1680_S_HYP_02_ASEReadCounter.table","NW_015090842.1:10178640",91,188,97
"SPIRE2","s1680_S_HYP_02_ASEReadCounter.table","NW_015090842.1:10178651",95,205,110
"SPIRE2","s1680_S_HYP_02_ASEReadCounter.table","NW_015090842.1:10178682",85,172,87
"TCF25","s1680_S_HYP_02_ASEReadCounter.table","NW_015090842.1:10180912",45,93,48
"TCF25","s1680_S_HYP_02_ASEReadCounter.table","NW_015090842.1:10180924",46,93,47
"TCF25","s1680_S_HYP_02_ASEReadCounter.table","NW_015090842.1:10180931",49,96,47
"TCF25","s1680_S_HYP_02_ASEReadCounter.table","NW_015090842.1:10185332",127,251,124
"TCF25","s1680_S_HYP_02_ASEReadCounter.table","NW_015090842.1:10196561",101,215,114
"TCF25","s1680_S_HYP_02_ASEReadCounter.table","NW_015090842.1:10197399",276,277,1
"MC1R","s1680_S_HYP_02_ASEReadCounter.table","NW_015090842.1:10201853",1,4,3
"MC1R","s1680_S_HYP_02_ASEReadCounter.table","NW_015090842.1:10201986",1,3,2
"MC1R","s1680_S_HYP_02_ASEReadCounter.table","NW_015090842.1:10202160",3,3,0
"MC1R","s1680_S_HYP_02_ASEReadCounter.table","NW_015090842.1:10202447",3,3,0
"TUBB3","s1680_S_HYP_02_ASEReadCounter.table","NW_015090842.1:10205322",1,1,0
"GAS8","s1680_S_HYP_02_ASEReadCounter.table","NW_015090842.1:10228982",30,64,34
"GAS8","s1680_S_HYP_02_ASEReadCounter.table","NW_015090842.1:10229832",22,48,26
"GAS8","s1680_S_HYP_02_ASEReadCounter.table","NW_015090842.1:10232901",38,72,34
"GAS8","s1680_S_HYP_02_ASEReadCounter.table","NW_015090842.1:10232928",36,65,29
"GAS8","s1680_S_HYP_02_ASEReadCounter.table","NW_015090842.1:10232967",35,62,27
"GAS8","s1680_S_HYP_02_ASEReadCounter.table","NW_015090842.1:10233032",21,51,30
"GAS8","s1680_S_HYP_02_ASEReadCounter.table","NW_015090842.1:10233057",16,43,27
"GAS8","s1680_S_HYP_02_ASEReadCounter.table","NW_015090842.1:10233058",16,43,27
"GAS8","s1680_S_HYP_02_ASEReadCounter.table","NW_015090842.1:10233176",13,28,15
"GAS8","s1680_S_HYP_02_ASEReadCounter.table","NW_015090842.1:10233196",15,31,16
"GAS8","s1680_S_HYP_02_ASEReadCounter.table","NW_015090842.1:10233252",13,28,15
"GAS8","s1680_S_HYP_02_ASEReadCounter.table","NW_015090842.1:10233303",2,8,6
"LOC106888094","s1680_S_HYP_02_ASEReadCounter.table","NW_015090842.1:10233334",3,9,6
"LOC106888094","s1680_S_HYP_02_ASEReadCounter.table","NW_015090842.1:10233362",6,20,14
"LOC106888094","s1680_S_HYP_02_ASEReadCounter.table","NW_015090842.1:10233373",6,21,15
"LOC106888094","s1680_S_HYP_02_ASEReadCounter.table","NW_015090842.1:10233388",10,25,15
"LOC106888094","s1680_S_HYP_02_ASEReadCounter.table","NW_015090842.1:10233402",10,26,16
"LOC106888094","s1680_S_HYP_02_ASEReadCounter.table","NW_015090842.1:10233465",12,23,11
"LOC106888094","s1680_S_HYP_02_ASEReadCounter.table","NW_015090842.1:10233803",14,39,25
"LOC106888094","s1680_S_HYP_02_ASEReadCounter.table","NW_015090842.1:10233815",11,35,24
"LOC106888094","s1680_S_HYP_02_ASEReadCounter.table","NW_015090842.1:10235484",3,8,5
"LOC106888094","s1680_S_HYP_02_ASEReadCounter.table","NW_015090842.1:10235611",7,13,6
"LOC106888094","s1680_S_HYP_02_ASEReadCounter.table","NW_015090842.1:10235977",1,1,0
"LOC106888094","s1680_S_HYP_02_ASEReadCounter.table","NW_015090842.1:10236098",0,2,2
"LOC106888094","s1680_S_HYP_02_ASEReadCounter.table","NW_015090842.1:10236161",1,2,1
"LOC106888094","s1680_S_HYP_02_ASEReadCounter.table","NW_015090842.1:10236380",1,3,2
"LOC106888094","s1680_S_HYP_02_ASEReadCounter.table","NW_015090842.1:10236388",1,2,1
"LOC106888094","s1680_S_HYP_02_ASEReadCounter.table","NW_015090842.1:10236425",1,1,0
"LOC106888094","s1680_S_HYP_02_ASEReadCounter.table","NW_015090842.1:10236426",1,1,0
"LOC106888173","s1680_S_HYP_02_ASEReadCounter.table","NW_015090842.1:10239596",3,19,16
"LOC106888173","s1680_S_HYP_02_ASEReadCounter.table","NW_015090842.1:10240036",8,50,42
"LOC106888173","s1680_S_HYP_02_ASEReadCounter.table","NW_015090842.1:10240095",9,55,46
"LOC106888173","s1680_S_HYP_02_ASEReadCounter.table","NW_015090842.1:10240280",8,48,40
"LOC106888173","s1680_S_HYP_02_ASEReadCounter.table","NW_015090842.1:10240557",13,56,43
"LOC106888173","s1680_S_HYP_02_ASEReadCounter.table","NW_015090842.1:10240603",13,66,53
"LOC106888173","s1680_S_HYP_02_ASEReadCounter.table","NW_015090842.1:10240609",13,68,55
"LOC106888173","s1680_S_HYP_02_ASEReadCounter.table","NW_015090842.1:10240924",5,41,36
"LOC106888173","s1680_S_HYP_02_ASEReadCounter.table","NW_015090842.1:10241037",4,42,38
"LOC106888173","s1680_S_HYP_02_ASEReadCounter.table","NW_015090842.1:10241046",4,40,36
"LOC106888173","s1680_S_HYP_02_ASEReadCounter.table","NW_015090842.1:10241058",6,42,36
"LOC106888173","s1680_S_HYP_02_ASEReadCounter.table","NW_015090842.1:10241064",5,47,42
"LOC106888173","s1680_S_HYP_02_ASEReadCounter.table","NW_015090842.1:10241163",10,60,50
"LOC106888173","s1680_S_HYP_02_ASEReadCounter.table","NW_015090842.1:10241803",14,70,56
"LOC106888173","s1680_S_HYP_02_ASEReadCounter.table","NW_015090842.1:10241827",11,71,60
"LOC106888173","s1680_S_HYP_02_ASEReadCounter.table","NW_015090842.1:10241869",10,74,64
"LOC106888173","s1680_S_HYP_02_ASEReadCounter.table","NW_015090842.1:10242079",15,64,49
"LOC106888173","s1680_S_HYP_02_ASEReadCounter.table","NW_015090842.1:10242103",11,58,47
"LOC106888173","s1680_S_HYP_02_ASEReadCounter.table","NW_015090842.1:10242157",8,63,55
"LOC106888173","s1680_S_HYP_02_ASEReadCounter.table","NW_015090842.1:10242455",10,67,57
"LOC106888173","s1680_S_HYP_02_ASEReadCounter.table","NW_015090842.1:10242481",10,69,59
"LOC106888173","s1680_S_HYP_02_ASEReadCounter.table","NW_015090842.1:10242590",12,74,62
"LOC106888173","s1680_S_HYP_02_ASEReadCounter.table","NW_015090842.1:10242794",21,76,55
"LOC106888173","s1680_S_HYP_02_ASEReadCounter.table","NW_015090842.1:10242909",14,61,47
"LOC106888173","s1680_S_HYP_02_ASEReadCounter.table","NW_015090842.1:10243094",18,67,49
"LOC106888173","s1680_S_HYP_02_ASEReadCounter.table","NW_015090842.1:10243133",16,50,34
"LOC106888173","s1680_S_HYP_02_ASEReadCounter.table","NW_015090842.1:10243273",23,70,47
"LOC106888173","s1680_S_HYP_02_ASEReadCounter.table","NW_015090842.1:10243278",21,71,50
"LOC106888173","s1680_S_HYP_02_ASEReadCounter.table","NW_015090842.1:10243281",21,73,52
"LOC106888173","s1680_S_HYP_02_ASEReadCounter.table","NW_015090842.1:10243347",37,37,0
"LOC106888173","s1680_S_HYP_02_ASEReadCounter.table","NW_015090842.1:10243353",14,34,20
"LOC106888173","s1680_S_HYP_02_ASEReadCounter.table","NW_015090842.1:10243363",12,27,15
"LOC106888173","s1680_S_HYP_02_ASEReadCounter.table","NW_015090842.1:10243365",12,28,16
"LOC106888173","s1680_S_HYP_02_ASEReadCounter.table","NW_015090842.1:10243529",16,49,33
"LOC106888173","s1680_S_HYP_02_ASEReadCounter.table","NW_015090842.1:10243566",20,75,55
"LOC106888173","s1680_S_HYP_02_ASEReadCounter.table","NW_015090842.1:10243605",18,74,56
"LOC106888173","s1680_S_HYP_02_ASEReadCounter.table","NW_015090842.1:10243614",17,67,50
"LOC106888173","s1680_S_HYP_02_ASEReadCounter.table","NW_015090842.1:10243615",17,67,50
"LOC106888173","s1680_S_HYP_02_ASEReadCounter.table","NW_015090842.1:10243640",14,58,44
"LOC106888173","s1680_S_HYP_02_ASEReadCounter.table","NW_015090842.1:10243680",19,51,32
"LOC106888173","s1680_S_HYP_02_ASEReadCounter.table","NW_015090842.1:10243742",24,58,34
"LOC106888173","s1680_S_HYP_02_ASEReadCounter.table","NW_015090842.1:10243804",17,44,27
"LOC106888173","s1680_S_HYP_02_ASEReadCounter.table","NW_015090842.1:10243913",9,20,11
"LOC106888173","s1680_S_HYP_02_ASEReadCounter.table","NW_015090842.1:10243921",9,18,9
"LOC106888384","s1680_S_HYP_02_ASEReadCounter.table","NW_015090842.1:10251354",0,4,4
"LOC106888384","s1680_S_HYP_02_ASEReadCounter.table","NW_015090842.1:10251358",0,3,3
"LOC106888384","s1680_S_HYP_02_ASEReadCounter.table","NW_015090842.1:10251369",0,3,3
"LOC106888384","s1680_S_HYP_02_ASEReadCounter.table","NW_015090842.1:10251370",0,3,3
"LOC106888384","s1680_S_HYP_02_ASEReadCounter.table","NW_015090842.1:10251375",0,3,3
"LOC106888384","s1680_S_HYP_02_ASEReadCounter.table","NW_015090842.1:10251388",0,3,3
"LOC106888384","s1680_S_HYP_02_ASEReadCounter.table","NW_015090842.1:10251390",0,3,3
"LOC106888384","s1680_S_HYP_02_ASEReadCounter.table","NW_015090842.1:10251393",0,3,3
"LOC106888384","s1680_S_HYP_02_ASEReadCounter.table","NW_015090842.1:10251399",0,3,3
"LOC106888384","s1680_S_HYP_02_ASEReadCounter.table","NW_015090842.1:10251492",1,1,0
"LOC106888384","s1680_S_HYP_02_ASEReadCounter.table","NW_015090842.1:10253165",1,1,0
"LOC106888384","s1680_S_HYP_02_ASEReadCounter.table","NW_015090842.1:10253284",1,1,0
"LOC106888384","s1680_S_HYP_02_ASEReadCounter.table","NW_015090842.1:10254028",2,3,1
"LOC106888384","s1680_S_HYP_02_ASEReadCounter.table","NW_015090842.1:10254227",2,3,1
"LOC106888384","s1680_S_HYP_02_ASEReadCounter.table","NW_015090842.1:10254233",2,3,1
"LOC106888384","s1680_S_HYP_02_ASEReadCounter.table","NW_015090842.1:10254263",2,2,0
"LOC106888384","s1680_S_HYP_02_ASEReadCounter.table","NW_015090842.1:10254900",1,1,0
"LOC106888384","s1680_S_HYP_02_ASEReadCounter.table","NW_015090842.1:10254915",1,1,0
"LOC106888384","s1680_S_HYP_02_ASEReadCounter.table","NW_015090842.1:10254965",1,1,0
"LOC106888384","s1680_S_HYP_02_ASEReadCounter.table","NW_015090842.1:10254975",1,1,0
"LOC106888384","s1680_S_HYP_02_ASEReadCounter.table","NW_015090842.1:10255077",0,1,1
"LOC106888384","s1680_S_HYP_02_ASEReadCounter.table","NW_015090842.1:10255117",0,1,1
"LOC106888384","s1680_S_HYP_02_ASEReadCounter.table","NW_015090842.1:10255138",0,1,1
"LOC106888384","s1680_S_HYP_02_ASEReadCounter.table","NW_015090842.1:10255139",0,1,1
"LOC106888384","s1680_S_HYP_02_ASEReadCounter.table","NW_015090842.1:10255209",1,1,0
"LOC106888384","s1680_S_HYP_02_ASEReadCounter.table","NW_015090842.1:10255211",1,1,0
"LOC106888384","s1680_S_HYP_02_ASEReadCounter.table","NW_015090842.1:10255236",1,1,0
"LOC106888384","s1680_S_HYP_02_ASEReadCounter.table","NW_015090842.1:10255262",2,3,1
"LOC106888384","s1680_S_HYP_02_ASEReadCounter.table","NW_015090842.1:10255264",2,3,1
"LOC106888384","s1680_S_HYP_02_ASEReadCounter.table","NW_015090842.1:10255306",2,3,1
"LOC106888384","s1680_S_HYP_02_ASEReadCounter.table","NW_015090842.1:10255340",1,2,1
"LOC106888384","s1680_S_HYP_02_ASEReadCounter.table","NW_015090842.1:10255410",0,2,2
"LOC106888384","s1680_S_HYP_02_ASEReadCounter.table","NW_015090842.1:10255449",0,1,1
"LOC106888384","s1680_S_HYP_02_ASEReadCounter.table","NW_015090842.1:10255496",0,1,1
"LOC106888384","s1680_S_HYP_02_ASEReadCounter.table","NW_015090842.1:10255505",0,1,1
"LOC106888384","s1680_S_HYP_02_ASEReadCounter.table","NW_015090842.1:10255531",1,2,1
"LOC106888384","s1680_S_HYP_02_ASEReadCounter.table","NW_015090842.1:10255608",2,3,1
"LOC106888384","s1680_S_HYP_02_ASEReadCounter.table","NW_015090842.1:10255614",1,2,1
"LOC106888384","s1680_S_HYP_02_ASEReadCounter.table","NW_015090842.1:10255704",3,3,0
"LOC106888384","s1680_S_HYP_02_ASEReadCounter.table","NW_015090842.1:10255731",4,4,0
"LOC106888384","s1680_S_HYP_02_ASEReadCounter.table","NW_015090842.1:10255771",3,3,0
"TANGO6","s1680_S_HYP_02_ASEReadCounter.table","NW_015090842.1:10257782",5,13,8
"TANGO6","s1680_S_HYP_02_ASEReadCounter.table","NW_015090842.1:10258162",9,22,13
"TANGO6","s1680_S_HYP_02_ASEReadCounter.table","NW_015090842.1:10258185",10,24,14
"TANGO6","s1680_S_HYP_02_ASEReadCounter.table","NW_015090842.1:10259267",15,37,22
"TANGO6","s1680_S_HYP_02_ASEReadCounter.table","NW_015090842.1:10260250",45,75,30
"TANGO6","s1680_S_HYP_02_ASEReadCounter.table","NW_015090842.1:10260979",29,53,24
"TANGO6","s1680_S_HYP_02_ASEReadCounter.table","NW_015090842.1:10261599",24,59,35
"TANGO6","s1680_S_HYP_02_ASEReadCounter.table","NW_015090842.1:10268425",57,95,38
"TANGO6","s1680_S_HYP_02_ASEReadCounter.table","NW_015090842.1:10269831",49,82,33
"TANGO6","s1680_S_HYP_02_ASEReadCounter.table","NW_015090842.1:10270813",37,84,47
"TANGO6","s1680_S_HYP_02_ASEReadCounter.table","NW_015090842.1:10273952",32,65,33
"TANGO6","s1680_S_HYP_02_ASEReadCounter.table","NW_015090842.1:10273970",37,72,35
"TANGO6","s1680_S_HYP_02_ASEReadCounter.table","NW_015090842.1:10274018",40,68,28
"TANGO6","s1680_S_HYP_02_ASEReadCounter.table","NW_015090842.1:10275974",45,79,34
"TANGO6","s1680_S_HYP_02_ASEReadCounter.table","NW_015090842.1:10275976",45,77,32
"TANGO6","s1680_S_HYP_02_ASEReadCounter.table","NW_015090842.1:10276123",32,66,34
"TANGO6","s1680_S_HYP_02_ASEReadCounter.table","NW_015090842.1:10276271",25,54,29
"TANGO6","s1680_S_HYP_02_ASEReadCounter.table","NW_015090842.1:10276272",24,53,29
"TANGO6","s1680_S_HYP_02_ASEReadCounter.table","NW_015090842.1:10276275",27,56,29
"TANGO6","s1680_S_HYP_02_ASEReadCounter.table","NW_015090842.1:10276278",27,58,31
"TANGO6","s1680_S_HYP_02_ASEReadCounter.table","NW_015090842.1:10276368",26,49,23
"TANGO6","s1680_S_HYP_02_ASEReadCounter.table","NW_015090842.1:10276373",26,49,23
"TANGO6","s1680_S_HYP_02_ASEReadCounter.table","NW_015090842.1:10276630",29,64,35
"TANGO6","s1680_S_HYP_02_ASEReadCounter.table","NW_015090842.1:10281498",36,76,40
"TANGO6","s1680_S_HYP_02_ASEReadCounter.table","NW_015090842.1:10282842",39,89,50
"TANGO6","s1680_S_HYP_02_ASEReadCounter.table","NW_015090842.1:10282863",35,71,36
"TANGO6","s1680_S_HYP_02_ASEReadCounter.table","NW_015090842.1:10282869",38,73,35
"TANGO6","s1680_S_HYP_02_ASEReadCounter.table","NW_015090842.1:10282903",37,77,40
"TANGO6","s1680_S_HYP_02_ASEReadCounter.table","NW_015090842.1:10283757",54,109,55
"TANGO6","s1680_S_HYP_02_ASEReadCounter.table","NW_015090842.1:10283785",49,101,52
"HAS3","s1680_S_HYP_02_ASEReadCounter.table","NW_015090842.1:10288266",1,3,2
"HAS3","s1680_S_HYP_02_ASEReadCounter.table","NW_015090842.1:10288274",1,3,2
"HAS3","s1680_S_HYP_02_ASEReadCounter.table","NW_015090842.1:10288364",2,5,3
"HAS3","s1680_S_HYP_02_ASEReadCounter.table","NW_015090842.1:10288405",1,5,4
"HAS3","s1680_S_HYP_02_ASEReadCounter.table","NW_015090842.1:10289469",1,2,1
"HAS3","s1680_S_HYP_02_ASEReadCounter.table","NW_015090842.1:10289708",2,2,0
"HAS3","s1680_S_HYP_02_ASEReadCounter.table","NW_015090842.1:10290375",0,2,2
"HAS3","s1680_S_HYP_02_ASEReadCounter.table","NW_015090842.1:10290395",0,4,4
"HAS3","s1680_S_HYP_02_ASEReadCounter.table","NW_015090842.1:10290561",0,1,1
"HAS3","s1680_S_HYP_02_ASEReadCounter.table","NW_015090842.1:10290609",2,2,0
"HAS3","s1680_S_HYP_02_ASEReadCounter.table","NW_015090842.1:10290666",2,2,0
"HAS3","s1680_S_HYP_02_ASEReadCounter.table","NW_015090842.1:10290723",2,5,3
"HAS3","s1680_S_HYP_02_ASEReadCounter.table","NW_015090842.1:10290927",3,4,1
"HAS3","s1680_S_HYP_02_ASEReadCounter.table","NW_015090842.1:10291004",3,4,1
"CHTF8","s1680_S_HYP_02_ASEReadCounter.table","NW_015090842.1:10291319",3,5,2
"CHTF8","s1680_S_HYP_02_ASEReadCounter.table","NW_015090842.1:10291342",2,3,1
"CHTF8","s1680_S_HYP_02_ASEReadCounter.table","NW_015090842.1:10291491",5,12,7
"CHTF8","s1680_S_HYP_02_ASEReadCounter.table","NW_015090842.1:10291520",7,17,10
"CHTF8","s1680_S_HYP_02_ASEReadCounter.table","NW_015090842.1:10291593",11,22,11
"CHTF8","s1680_S_HYP_02_ASEReadCounter.table","NW_015090842.1:10291600",12,24,12
"CHTF8","s1680_S_HYP_02_ASEReadCounter.table","NW_015090842.1:10291609",11,22,11
"CHTF8","s1680_S_HYP_02_ASEReadCounter.table","NW_015090842.1:10291639",12,19,7
"CHTF8","s1680_S_HYP_02_ASEReadCounter.table","NW_015090842.1:10291641",11,18,7
"CHTF8","s1680_S_HYP_02_ASEReadCounter.table","NW_015090842.1:10291648",14,21,7
"CHTF8","s1680_S_HYP_02_ASEReadCounter.table","NW_015090842.1:10291656",14,21,7
"CHTF8","s1680_S_HYP_02_ASEReadCounter.table","NW_015090842.1:10291675",15,23,8
"CHTF8","s1680_S_HYP_02_ASEReadCounter.table","NW_015090842.1:10291696",10,17,7
"CHTF8","s1680_S_HYP_02_ASEReadCounter.table","NW_015090842.1:10291714",11,19,8
"CHTF8","s1680_S_HYP_02_ASEReadCounter.table","NW_015090842.1:10291732",11,21,10
"CHTF8","s1680_S_HYP_02_ASEReadCounter.table","NW_015090842.1:10291755",12,23,11
"CHTF8","s1680_S_HYP_02_ASEReadCounter.table","NW_015090842.1:10291756",12,21,9
"CHTF8","s1680_S_HYP_02_ASEReadCounter.table","NW_015090842.1:10291758",12,21,9
"CHTF8","s1680_S_HYP_02_ASEReadCounter.table","NW_015090842.1:10291792",11,22,11
"CHTF8","s1680_S_HYP_02_ASEReadCounter.table","NW_015090842.1:10291895",11,21,10
"CHTF8","s1680_S_HYP_02_ASEReadCounter.table","NW_015090842.1:10292132",10,18,8
"CHTF8","s1680_S_HYP_02_ASEReadCounter.table","NW_015090842.1:10292314",6,11,5
"CHTF8","s1680_S_HYP_02_ASEReadCounter.table","NW_015090842.1:10292317",6,12,6
"CHTF8","s1680_S_HYP_02_ASEReadCounter.table","NW_015090842.1:10292928",0,2,2
"UTP4","s1680_S_HYP_02_ASEReadCounter.table","NW_015090842.1:10293146",13,24,11
"UTP4","s1680_S_HYP_02_ASEReadCounter.table","NW_015090842.1:10293151",14,26,12
"UTP4","s1680_S_HYP_02_ASEReadCounter.table","NW_015090842.1:10293191",7,15,8
"UTP4","s1680_S_HYP_02_ASEReadCounter.table","NW_015090842.1:10293362",14,31,17
"UTP4","s1680_S_HYP_02_ASEReadCounter.table","NW_015090842.1:10293430",13,33,20
"UTP4","s1680_S_HYP_02_ASEReadCounter.table","NW_015090842.1:10293625",9,27,18
"UTP4","s1680_S_HYP_02_ASEReadCounter.table","NW_015090842.1:10293684",10,24,14
"UTP4","s1680_S_HYP_02_ASEReadCounter.table","NW_015090842.1:10294093",7,28,21
"UTP4","s1680_S_HYP_02_ASEReadCounter.table","NW_015090842.1:10294568",9,31,22
"UTP4","s1680_S_HYP_02_ASEReadCounter.table","NW_015090842.1:10294622",7,18,11
"UTP4","s1680_S_HYP_02_ASEReadCounter.table","NW_015090842.1:10294632",8,20,12
"UTP4","s1680_S_HYP_02_ASEReadCounter.table","NW_015090842.1:10295238",16,39,23
"UTP4","s1680_S_HYP_02_ASEReadCounter.table","NW_015090842.1:10295880",18,38,20
"UTP4","s1680_S_HYP_02_ASEReadCounter.table","NW_015090842.1:10295884",16,37,21
"UTP4","s1680_S_HYP_02_ASEReadCounter.table","NW_015090842.1:10295903",16,34,18
"UTP4","s1680_S_HYP_02_ASEReadCounter.table","NW_015090842.1:10295906",14,33,19
"UTP4","s1680_S_HYP_02_ASEReadCounter.table","NW_015090842.1:10295915",15,35,20
"UTP4","s1680_S_HYP_02_ASEReadCounter.table","NW_015090842.1:10295938",12,33,21
"UTP4","s1680_S_HYP_02_ASEReadCounter.table","NW_015090842.1:10296175",20,39,19
"UTP4","s1680_S_HYP_02_ASEReadCounter.table","NW_015090842.1:10296660",24,44,20
"UTP4","s1680_S_HYP_02_ASEReadCounter.table","NW_015090842.1:10296679",25,46,21
"UTP4","s1680_S_HYP_02_ASEReadCounter.table","NW_015090842.1:10297193",32,66,34
"UTP4","s1680_S_HYP_02_ASEReadCounter.table","NW_015090842.1:10297220",40,73,33
"UTP4","s1680_S_HYP_02_ASEReadCounter.table","NW_015090842.1:10297307",46,90,44
"UTP4","s1680_S_HYP_02_ASEReadCounter.table","NW_015090842.1:10297558",45,80,35
"UTP4","s1680_S_HYP_02_ASEReadCounter.table","NW_015090842.1:10297943",36,57,21
"UTP4","s1680_S_HYP_02_ASEReadCounter.table","NW_015090842.1:10297979",23,55,32
"UTP4","s1680_S_HYP_02_ASEReadCounter.table","NW_015090842.1:10298022",17,41,24
"UTP4","s1680_S_HYP_02_ASEReadCounter.table","NW_015090842.1:10298079",8,18,10
"UTP4","s1680_S_HYP_02_ASEReadCounter.table","NW_015090842.1:10298081",7,14,7
"UTP4","s1680_S_HYP_02_ASEReadCounter.table","NW_015090842.1:10298082",5,14,9
"SNTB2","s1680_S_HYP_02_ASEReadCounter.table","NW_015090842.1:10298905",1,1,0
"SNTB2","s1680_S_HYP_02_ASEReadCounter.table","NW_015090842.1:10298928",1,1,0
"SNTB2","s1680_S_HYP_02_ASEReadCounter.table","NW_015090842.1:10303506",3,5,2
"SNTB2","s1680_S_HYP_02_ASEReadCounter.table","NW_015090842.1:10303524",4,6,2
"SNTB2","s1680_S_HYP_02_ASEReadCounter.table","NW_015090842.1:10304059",2,5,3
"SNTB2","s1680_S_HYP_02_ASEReadCounter.table","NW_015090842.1:10304089",2,5,3
"SNTB2","s1680_S_HYP_02_ASEReadCounter.table","NW_015090842.1:10304167",4,6,2
"SNTB2","s1680_S_HYP_02_ASEReadCounter.table","NW_015090842.1:10304176",3,5,2
"SNTB2","s1680_S_HYP_02_ASEReadCounter.table","NW_015090842.1:10305069",1,3,2
"SNTB2","s1680_S_HYP_02_ASEReadCounter.table","NW_015090842.1:10305099",3,6,3
"SNTB2","s1680_S_HYP_02_ASEReadCounter.table","NW_015090842.1:10305451",5,8,3
"SNTB2","s1680_S_HYP_02_ASEReadCounter.table","NW_015090842.1:10305547",6,10,4
"SNTB2","s1680_S_HYP_02_ASEReadCounter.table","NW_015090842.1:10305847",5,7,2
"SNTB2","s1680_S_HYP_02_ASEReadCounter.table","NW_015090842.1:10305911",0,3,3
"SNTB2","s1680_S_HYP_02_ASEReadCounter.table","NW_015090842.1:10306173",3,5,2
"SNTB2","s1680_S_HYP_02_ASEReadCounter.table","NW_015090842.1:10306275",3,4,1
"SNTB2","s1680_S_HYP_02_ASEReadCounter.table","NW_015090842.1:10306457",2,4,2
"SNTB2","s1680_S_HYP_02_ASEReadCounter.table","NW_015090842.1:10306496",3,6,3
"SNTB2","s1680_S_HYP_02_ASEReadCounter.table","NW_015090842.1:10306499",2,5,3
"VPS4A","s1680_S_HYP_02_ASEReadCounter.table","NW_015090842.1:10308566",91,191,100
"VPS4A","s1680_S_HYP_02_ASEReadCounter.table","NW_015090842.1:10308573",94,197,103
"VPS4A","s1680_S_HYP_02_ASEReadCounter.table","NW_015090842.1:10308856",120,268,148
"VPS4A","s1680_S_HYP_02_ASEReadCounter.table","NW_015090842.1:10309056",151,345,194
"VPS4A","s1680_S_HYP_02_ASEReadCounter.table","NW_015090842.1:10309089",173,362,189
"VPS4A","s1680_S_HYP_02_ASEReadCounter.table","NW_015090842.1:10309392",197,367,170
"VPS4A","s1680_S_HYP_02_ASEReadCounter.table","NW_015090842.1:10309413",196,391,195
"VPS4A","s1680_S_HYP_02_ASEReadCounter.table","NW_015090842.1:10309467",239,491,252
"VPS4A","s1680_S_HYP_02_ASEReadCounter.table","NW_015090842.1:10310230",228,512,284
"VPS4A","s1680_S_HYP_02_ASEReadCounter.table","NW_015090842.1:10310425",230,449,219
"VPS4A","s1680_S_HYP_02_ASEReadCounter.table","NW_015090842.1:10310639",254,494,240
"VPS4A","s1680_S_HYP_02_ASEReadCounter.table","NW_015090842.1:10310640",252,497,245
"VPS4A","s1680_S_HYP_02_ASEReadCounter.table","NW_015090842.1:10310687",257,498,241
"VPS4A","s1680_S_HYP_02_ASEReadCounter.table","NW_015090842.1:10310734",204,429,225
"VPS4A","s1680_S_HYP_02_ASEReadCounter.table","NW_015090842.1:10310737",204,431,227
"VPS4A","s1680_S_HYP_02_ASEReadCounter.table","NW_015090842.1:10310746",200,432,232
"VPS4A","s1680_S_HYP_02_ASEReadCounter.table","NW_015090842.1:10310767",215,466,251
"VPS4A","s1680_S_HYP_02_ASEReadCounter.table","NW_015090842.1:10310995",220,447,227
"VPS4A","s1680_S_HYP_02_ASEReadCounter.table","NW_015090842.1:10311004",227,446,219
"VPS4A","s1680_S_HYP_02_ASEReadCounter.table","NW_015090842.1:10311007",232,461,229
"VPS4A","s1680_S_HYP_02_ASEReadCounter.table","NW_015090842.1:10311013",238,465,227
"VPS4A","s1680_S_HYP_02_ASEReadCounter.table","NW_015090842.1:10311022",216,436,220
"VPS4A","s1680_S_HYP_02_ASEReadCounter.table","NW_015090842.1:10311023",215,435,220
"VPS4A","s1680_S_HYP_02_ASEReadCounter.table","NW_015090842.1:10311426",242,502,260
"VPS4A","s1680_S_HYP_02_ASEReadCounter.table","NW_015090842.1:10311489",2,8,6
"VPS4A","s1680_S_HYP_02_ASEReadCounter.table","NW_015090842.1:10311490",2,7,5
"VPS4A","s1680_S_HYP_02_ASEReadCounter.table","NW_015090842.1:10311525",9,17,8
"VPS4A","s1680_S_HYP_02_ASEReadCounter.table","NW_015090842.1:10311529",10,25,15
"VPS4A","s1680_S_HYP_02_ASEReadCounter.table","NW_015090842.1:10311530",10,27,17
"VPS4A","s1680_S_HYP_02_ASEReadCounter.table","NW_015090842.1:10311552",30,56,26
"VPS4A","s1680_S_HYP_02_ASEReadCounter.table","NW_015090842.1:10311689",37,76,39
"VPS4A","s1680_S_HYP_02_ASEReadCounter.table","NW_015090842.1:10311700",45,83,38
"VPS4A","s1680_S_HYP_02_ASEReadCounter.table","NW_015090842.1:10311701",46,86,40
"VPS4A","s1680_S_HYP_02_ASEReadCounter.table","NW_015090842.1:10311703",47,88,41
"COG8","s1680_S_HYP_02_ASEReadCounter.table","NW_015090842.1:10313487",24,64,40
"COG8","s1680_S_HYP_02_ASEReadCounter.table","NW_015090842.1:10313559",34,79,45
"COG8","s1680_S_HYP_02_ASEReadCounter.table","NW_015090842.1:10313579",30,76,46
"COG8","s1680_S_HYP_02_ASEReadCounter.table","NW_015090842.1:10313665",29,71,42
"COG8","s1680_S_HYP_02_ASEReadCounter.table","NW_015090842.1:10313681",29,73,44
"COG8","s1680_S_HYP_02_ASEReadCounter.table","NW_015090842.1:10313768",48,86,38
"COG8","s1680_S_HYP_02_ASEReadCounter.table","NW_015090842.1:10313775",49,85,36
"COG8","s1680_S_HYP_02_ASEReadCounter.table","NW_015090842.1:10313811",35,66,31
"COG8","s1680_S_HYP_02_ASEReadCounter.table","NW_015090842.1:10313858",25,57,32
"COG8","s1680_S_HYP_02_ASEReadCounter.table","NW_015090842.1:10313859",55,55,0
"COG8","s1680_S_HYP_02_ASEReadCounter.table","NW_015090842.1:10314100",22,58,36
"COG8","s1680_S_HYP_02_ASEReadCounter.table","NW_015090842.1:10314213",27,58,31
"COG8","s1680_S_HYP_02_ASEReadCounter.table","NW_015090842.1:10315093",33,57,24
"COG8","s1680_S_HYP_02_ASEReadCounter.table","NW_015090842.1:10315162",19,53,34
"COG8","s1680_S_HYP_02_ASEReadCounter.table","NW_015090842.1:10315285",23,56,33
"COG8","s1680_S_HYP_02_ASEReadCounter.table","NW_015090842.1:10315360",16,40,24
"COG8","s1680_S_HYP_02_ASEReadCounter.table","NW_015090842.1:10315369",16,40,24
"COG8","s1680_S_HYP_02_ASEReadCounter.table","NW_015090842.1:10315508",17,29,12
"COG8","s1680_S_HYP_02_ASEReadCounter.table","NW_015090842.1:10315624",22,51,29
"COG8","s1680_S_HYP_02_ASEReadCounter.table","NW_015090842.1:10315693",17,38,21
"COG8","s1680_S_HYP_02_ASEReadCounter.table","NW_015090842.1:10315698",15,39,24
"COG8","s1680_S_HYP_02_ASEReadCounter.table","NW_015090842.1:10315768",12,40,28
"COG8","s1680_S_HYP_02_ASEReadCounter.table","NW_015090842.1:10315769",12,39,27
"COG8","s1680_S_HYP_02_ASEReadCounter.table","NW_015090842.1:10315784",10,35,25
"COG8","s1680_S_HYP_02_ASEReadCounter.table","NW_015090842.1:10316093",14,27,13
"COG8","s1680_S_HYP_02_ASEReadCounter.table","NW_015090842.1:10316133",13,25,12
"NIP7","s1680_S_HYP_02_ASEReadCounter.table","NW_015090842.1:10316759",21,56,35
"NIP7","s1680_S_HYP_02_ASEReadCounter.table","NW_015090842.1:10316967",136,273,137
"NIP7","s1680_S_HYP_02_ASEReadCounter.table","NW_015090842.1:10316995",156,301,145
"NIP7","s1680_S_HYP_02_ASEReadCounter.table","NW_015090842.1:10317240",198,413,215
"NIP7","s1680_S_HYP_02_ASEReadCounter.table","NW_015090842.1:10317247",190,385,195
"NIP7","s1680_S_HYP_02_ASEReadCounter.table","NW_015090842.1:10317264",188,381,193
"NIP7","s1680_S_HYP_02_ASEReadCounter.table","NW_015090842.1:10317433",209,476,267
"NIP7","s1680_S_HYP_02_ASEReadCounter.table","NW_015090842.1:10317738",173,391,218
"NIP7","s1680_S_HYP_02_ASEReadCounter.table","NW_015090842.1:10317769",173,373,200
"NIP7","s1680_S_HYP_02_ASEReadCounter.table","NW_015090842.1:10317808",117,242,125
"NIP7","s1680_S_HYP_02_ASEReadCounter.table","NW_015090842.1:10317870",67,175,108
"NIP7","s1680_S_HYP_02_ASEReadCounter.table","NW_015090842.1:10317871",67,171,104
"NIP7","s1680_S_HYP_02_ASEReadCounter.table","NW_015090842.1:10317898",44,126,82
"NIP7","s1680_S_HYP_02_ASEReadCounter.table","NW_015090842.1:10317911",37,101,64
"TMED6","s1680_S_HYP_02_ASEReadCounter.table","NW_015090842.1:10318514",2,2,0
"TMED6","s1680_S_HYP_02_ASEReadCounter.table","NW_015090842.1:10318731",0,2,2
"TERF2","s1680_S_HYP_02_ASEReadCounter.table","NW_015090842.1:10321768",30,63,33
"TERF2","s1680_S_HYP_02_ASEReadCounter.table","NW_015090842.1:10321777",34,68,34
"TERF2","s1680_S_HYP_02_ASEReadCounter.table","NW_015090842.1:10321805",34,75,41
"TERF2","s1680_S_HYP_02_ASEReadCounter.table","NW_015090842.1:10321878",42,94,52
"TERF2","s1680_S_HYP_02_ASEReadCounter.table","NW_015090842.1:10321893",4,92,88
"TERF2","s1680_S_HYP_02_ASEReadCounter.table","NW_015090842.1:10321897",37,87,50
"TERF2","s1680_S_HYP_02_ASEReadCounter.table","NW_015090842.1:10321908",32,72,40
"TERF2","s1680_S_HYP_02_ASEReadCounter.table","NW_015090842.1:10322001",72,134,62
"TERF2","s1680_S_HYP_02_ASEReadCounter.table","NW_015090842.1:10322035",50,109,59
"TERF2","s1680_S_HYP_02_ASEReadCounter.table","NW_015090842.1:10322051",52,121,69
"TERF2","s1680_S_HYP_02_ASEReadCounter.table","NW_015090842.1:10322137",43,95,52
"TERF2","s1680_S_HYP_02_ASEReadCounter.table","NW_015090842.1:10322144",41,91,50
"TERF2","s1680_S_HYP_02_ASEReadCounter.table","NW_015090842.1:10322388",24,94,70
"TERF2","s1680_S_HYP_02_ASEReadCounter.table","NW_015090842.1:10322396",24,87,63
"TERF2","s1680_S_HYP_02_ASEReadCounter.table","NW_015090842.1:10322502",46,118,72
"TERF2","s1680_S_HYP_02_ASEReadCounter.table","NW_015090842.1:10322504",46,121,75
"TERF2","s1680_S_HYP_02_ASEReadCounter.table","NW_015090842.1:10322510",45,118,73
"TERF2","s1680_S_HYP_02_ASEReadCounter.table","NW_015090842.1:10323580",47,115,68
"TERF2","s1680_S_HYP_02_ASEReadCounter.table","NW_015090842.1:10324314",38,97,59
"TERF2","s1680_S_HYP_02_ASEReadCounter.table","NW_015090842.1:10326832",47,85,38
"TERF2","s1680_S_HYP_02_ASEReadCounter.table","NW_015090842.1:10327787",25,52,27
"TERF2","s1680_S_HYP_02_ASEReadCounter.table","NW_015090842.1:10328588",17,41,24
"TERF2","s1680_S_HYP_02_ASEReadCounter.table","NW_015090842.1:10328644",13,39,26
"TERF2","s1680_S_HYP_02_ASEReadCounter.table","NW_015090842.1:10329813",22,43,21
"TERF2","s1680_S_HYP_02_ASEReadCounter.table","NW_015090842.1:10330749",12,30,18
"TERF2","s1680_S_HYP_02_ASEReadCounter.table","NW_015090842.1:10330789",16,35,19
"CYB5B","s1680_S_HYP_02_ASEReadCounter.table","NW_015090842.1:10336595",3,10,7
"CYB5B","s1680_S_HYP_02_ASEReadCounter.table","NW_015090842.1:10336667",52,101,49
"CYB5B","s1680_S_HYP_02_ASEReadCounter.table","NW_015090842.1:10336689",75,162,87
"CYB5B","s1680_S_HYP_02_ASEReadCounter.table","NW_015090842.1:10336728",120,242,122
"CYB5B","s1680_S_HYP_02_ASEReadCounter.table","NW_015090842.1:10345068",106,245,139
"CYB5B","s1680_S_HYP_02_ASEReadCounter.table","NW_015090842.1:10348800",173,362,189
"CYB5B","s1680_S_HYP_02_ASEReadCounter.table","NW_015090842.1:10349046",139,286,147
"CYB5B","s1680_S_HYP_02_ASEReadCounter.table","NW_015090842.1:10349119",67,196,129
"CYB5B","s1680_S_HYP_02_ASEReadCounter.table","NW_015090842.1:10349146",29,158,129
"CYB5B","s1680_S_HYP_02_ASEReadCounter.table","NW_015090842.1:10349157",57,196,139
"CYB5B","s1680_S_HYP_02_ASEReadCounter.table","NW_015090842.1:10349263",200,200,0
