"gene","id","snp","ref_count","total_count","alt_count"
"CENPN","s1680_S_VTA_03_ASEReadCounter.table","NW_015090842.1:5801612",0,1,1
"CENPN","s1680_S_VTA_03_ASEReadCounter.table","NW_015090842.1:5801618",1,2,1
"CENPN","s1680_S_VTA_03_ASEReadCounter.table","NW_015090842.1:5801623",1,2,1
"CENPN","s1680_S_VTA_03_ASEReadCounter.table","NW_015090842.1:5801631",1,2,1
"CENPN","s1680_S_VTA_03_ASEReadCounter.table","NW_015090842.1:5801632",1,2,1
"CENPN","s1680_S_VTA_03_ASEReadCounter.table","NW_015090842.1:5801655",1,2,1
"CENPN","s1680_S_VTA_03_ASEReadCounter.table","NW_015090842.1:5801670",1,2,1
"CENPN","s1680_S_VTA_03_ASEReadCounter.table","NW_015090842.1:5801674",1,2,1
"CENPN","s1680_S_VTA_03_ASEReadCounter.table","NW_015090842.1:5801692",1,2,1
"CENPN","s1680_S_VTA_03_ASEReadCounter.table","NW_015090842.1:5802008",1,3,2
"CENPN","s1680_S_VTA_03_ASEReadCounter.table","NW_015090842.1:5802012",1,2,1
"CENPN","s1680_S_VTA_03_ASEReadCounter.table","NW_015090842.1:5802087",0,2,2
"CENPN","s1680_S_VTA_03_ASEReadCounter.table","NW_015090842.1:5810113",9,9,0
"CENPN","s1680_S_VTA_03_ASEReadCounter.table","NW_015090842.1:5810147",13,13,0
"CENPN","s1680_S_VTA_03_ASEReadCounter.table","NW_015090842.1:5810148",13,13,0
"ATMIN","s1680_S_VTA_03_ASEReadCounter.table","NW_015090842.1:5818789",3,11,8
"ATMIN","s1680_S_VTA_03_ASEReadCounter.table","NW_015090842.1:5819958",3,4,1
"ATMIN","s1680_S_VTA_03_ASEReadCounter.table","NW_015090842.1:5820004",2,2,0
"ATMIN","s1680_S_VTA_03_ASEReadCounter.table","NW_015090842.1:5820217",3,4,1
"ATMIN","s1680_S_VTA_03_ASEReadCounter.table","NW_015090842.1:5820250",5,6,1
"ATMIN","s1680_S_VTA_03_ASEReadCounter.table","NW_015090842.1:5820298",0,2,2
"ATMIN","s1680_S_VTA_03_ASEReadCounter.table","NW_015090842.1:5820417",8,10,2
"ATMIN","s1680_S_VTA_03_ASEReadCounter.table","NW_015090842.1:5820421",6,9,3
"ATMIN","s1680_S_VTA_03_ASEReadCounter.table","NW_015090842.1:5820448",3,4,1
"ATMIN","s1680_S_VTA_03_ASEReadCounter.table","NW_015090842.1:5820457",3,4,1
"ATMIN","s1680_S_VTA_03_ASEReadCounter.table","NW_015090842.1:5820510",3,4,1
"ATMIN","s1680_S_VTA_03_ASEReadCounter.table","NW_015090842.1:5820673",1,3,2
"ATMIN","s1680_S_VTA_03_ASEReadCounter.table","NW_015090842.1:5820754",2,5,3
"ATMIN","s1680_S_VTA_03_ASEReadCounter.table","NW_015090842.1:5820820",1,4,3
"ATMIN","s1680_S_VTA_03_ASEReadCounter.table","NW_015090842.1:5820865",4,7,3
"ATMIN","s1680_S_VTA_03_ASEReadCounter.table","NW_015090842.1:5820889",3,7,4
"ATMIN","s1680_S_VTA_03_ASEReadCounter.table","NW_015090842.1:5820891",3,7,4
"ATMIN","s1680_S_VTA_03_ASEReadCounter.table","NW_015090842.1:5820997",3,8,5
"ATMIN","s1680_S_VTA_03_ASEReadCounter.table","NW_015090842.1:5821063",2,6,4
"ATMIN","s1680_S_VTA_03_ASEReadCounter.table","NW_015090842.1:5821132",3,6,3
"ATMIN","s1680_S_VTA_03_ASEReadCounter.table","NW_015090842.1:5821645",6,11,5
"ATMIN","s1680_S_VTA_03_ASEReadCounter.table","NW_015090842.1:5825066",12,24,12
"ATMIN","s1680_S_VTA_03_ASEReadCounter.table","NW_015090842.1:5825106",13,28,15
"ATMIN","s1680_S_VTA_03_ASEReadCounter.table","NW_015090842.1:5825122",10,23,13
"ATMIN","s1680_S_VTA_03_ASEReadCounter.table","NW_015090842.1:5825178",13,27,14
"ATMIN","s1680_S_VTA_03_ASEReadCounter.table","NW_015090842.1:5825194",15,27,12
"ATMIN","s1680_S_VTA_03_ASEReadCounter.table","NW_015090842.1:5825195",15,28,13
"ATMIN","s1680_S_VTA_03_ASEReadCounter.table","NW_015090842.1:5825220",10,24,14
"ATMIN","s1680_S_VTA_03_ASEReadCounter.table","NW_015090842.1:5825240",12,29,17
"ATMIN","s1680_S_VTA_03_ASEReadCounter.table","NW_015090842.1:5825303",16,31,15
"ATMIN","s1680_S_VTA_03_ASEReadCounter.table","NW_015090842.1:5825304",16,30,14
"ATMIN","s1680_S_VTA_03_ASEReadCounter.table","NW_015090842.1:5825310",17,31,14
"ATMIN","s1680_S_VTA_03_ASEReadCounter.table","NW_015090842.1:5825406",8,19,11
"ATMIN","s1680_S_VTA_03_ASEReadCounter.table","NW_015090842.1:5825415",7,14,7
"ATMIN","s1680_S_VTA_03_ASEReadCounter.table","NW_015090842.1:5825438",7,15,8
"ATMIN","s1680_S_VTA_03_ASEReadCounter.table","NW_015090842.1:5825485",10,17,7
"ATMIN","s1680_S_VTA_03_ASEReadCounter.table","NW_015090842.1:5825524",11,21,10
"ATMIN","s1680_S_VTA_03_ASEReadCounter.table","NW_015090842.1:5825557",10,20,10
"ATMIN","s1680_S_VTA_03_ASEReadCounter.table","NW_015090842.1:5825571",9,24,15
"ATMIN","s1680_S_VTA_03_ASEReadCounter.table","NW_015090842.1:5825579",12,28,16
"ATMIN","s1680_S_VTA_03_ASEReadCounter.table","NW_015090842.1:5825590",11,26,15
"ATMIN","s1680_S_VTA_03_ASEReadCounter.table","NW_015090842.1:5825689",13,31,18
"ATMIN","s1680_S_VTA_03_ASEReadCounter.table","NW_015090842.1:5825703",16,34,18
"ATMIN","s1680_S_VTA_03_ASEReadCounter.table","NW_015090842.1:5825787",20,42,22
"ATMIN","s1680_S_VTA_03_ASEReadCounter.table","NW_015090842.1:5825833",24,51,27
"ATMIN","s1680_S_VTA_03_ASEReadCounter.table","NW_015090842.1:5825841",18,41,23
"ATMIN","s1680_S_VTA_03_ASEReadCounter.table","NW_015090842.1:5825895",17,34,17
"ATMIN","s1680_S_VTA_03_ASEReadCounter.table","NW_015090842.1:5825984",20,39,19
"ATMIN","s1680_S_VTA_03_ASEReadCounter.table","NW_015090842.1:5826162",24,50,26
"ATMIN","s1680_S_VTA_03_ASEReadCounter.table","NW_015090842.1:5826194",24,53,29
"ATMIN","s1680_S_VTA_03_ASEReadCounter.table","NW_015090842.1:5826235",22,54,32
"ATMIN","s1680_S_VTA_03_ASEReadCounter.table","NW_015090842.1:5826245",22,56,34
"ATMIN","s1680_S_VTA_03_ASEReadCounter.table","NW_015090842.1:5826335",14,36,22
"ATMIN","s1680_S_VTA_03_ASEReadCounter.table","NW_015090842.1:5826417",16,44,28
"ATMIN","s1680_S_VTA_03_ASEReadCounter.table","NW_015090842.1:5826431",11,45,34
"ATMIN","s1680_S_VTA_03_ASEReadCounter.table","NW_015090842.1:5826438",13,39,26
"ATMIN","s1680_S_VTA_03_ASEReadCounter.table","NW_015090842.1:5826463",17,45,28
"ATMIN","s1680_S_VTA_03_ASEReadCounter.table","NW_015090842.1:5826502",23,50,27
"ATMIN","s1680_S_VTA_03_ASEReadCounter.table","NW_015090842.1:5826511",25,54,29
"ATMIN","s1680_S_VTA_03_ASEReadCounter.table","NW_015090842.1:5826659",30,56,26
"ATMIN","s1680_S_VTA_03_ASEReadCounter.table","NW_015090842.1:5826701",29,66,37
"ATMIN","s1680_S_VTA_03_ASEReadCounter.table","NW_015090842.1:5826702",27,63,36
"ATMIN","s1680_S_VTA_03_ASEReadCounter.table","NW_015090842.1:5826732",27,64,37
"ATMIN","s1680_S_VTA_03_ASEReadCounter.table","NW_015090842.1:5826745",29,65,36
"ATMIN","s1680_S_VTA_03_ASEReadCounter.table","NW_015090842.1:5826835",40,65,25
"ATMIN","s1680_S_VTA_03_ASEReadCounter.table","NW_015090842.1:5826910",40,72,32
"ATMIN","s1680_S_VTA_03_ASEReadCounter.table","NW_015090842.1:5826942",23,61,38
"ATMIN","s1680_S_VTA_03_ASEReadCounter.table","NW_015090842.1:5827193",42,90,48
"ATMIN","s1680_S_VTA_03_ASEReadCounter.table","NW_015090842.1:5827196",37,85,48
"ATMIN","s1680_S_VTA_03_ASEReadCounter.table","NW_015090842.1:5827269",36,83,47
"ATMIN","s1680_S_VTA_03_ASEReadCounter.table","NW_015090842.1:5827315",24,57,33
"ATMIN","s1680_S_VTA_03_ASEReadCounter.table","NW_015090842.1:5827316",26,61,35
"ATMIN","s1680_S_VTA_03_ASEReadCounter.table","NW_015090842.1:5827333",26,59,33
"PPP1R3E","s1680_S_VTA_03_ASEReadCounter.table","NW_015090842.1:5837733",3,5,2
"PPP1R3E","s1680_S_VTA_03_ASEReadCounter.table","NW_015090842.1:5837947",3,3,0
"PKD1L2","s1680_S_VTA_03_ASEReadCounter.table","NW_015090842.1:5867509",0,1,1
"PKD1L2","s1680_S_VTA_03_ASEReadCounter.table","NW_015090842.1:5867597",1,1,0
"PKD1L2","s1680_S_VTA_03_ASEReadCounter.table","NW_015090842.1:5867600",1,1,0
"PKD1L2","s1680_S_VTA_03_ASEReadCounter.table","NW_015090842.1:5867660",2,2,0
"PKD1L2","s1680_S_VTA_03_ASEReadCounter.table","NW_015090842.1:5867675",2,2,0
"PKD1L2","s1680_S_VTA_03_ASEReadCounter.table","NW_015090842.1:5867788",1,2,1
"PKD1L2","s1680_S_VTA_03_ASEReadCounter.table","NW_015090842.1:5867843",2,2,0
"BCO1","s1680_S_VTA_03_ASEReadCounter.table","NW_015090842.1:5915610",1,1,0
"BCO1","s1680_S_VTA_03_ASEReadCounter.table","NW_015090842.1:5915646",1,1,0
"BCO1","s1680_S_VTA_03_ASEReadCounter.table","NW_015090842.1:5917836",0,1,1
"BCO1","s1680_S_VTA_03_ASEReadCounter.table","NW_015090842.1:5917912",7,8,1
"BCO1","s1680_S_VTA_03_ASEReadCounter.table","NW_015090842.1:5917941",10,10,0
"BCO1","s1680_S_VTA_03_ASEReadCounter.table","NW_015090842.1:5917971",10,10,0
"BCO1","s1680_S_VTA_03_ASEReadCounter.table","NW_015090842.1:5921679",4,6,2
"BCO1","s1680_S_VTA_03_ASEReadCounter.table","NW_015090842.1:5921726",7,8,1
"BCO1","s1680_S_VTA_03_ASEReadCounter.table","NW_015090842.1:5925669",4,7,3
"BCO1","s1680_S_VTA_03_ASEReadCounter.table","NW_015090842.1:5925753",6,9,3
"BCO1","s1680_S_VTA_03_ASEReadCounter.table","NW_015090842.1:5926937",1,5,4
"BCO1","s1680_S_VTA_03_ASEReadCounter.table","NW_015090842.1:5927921",6,7,1
"BCO1","s1680_S_VTA_03_ASEReadCounter.table","NW_015090842.1:5927948",3,4,1
"BCO1","s1680_S_VTA_03_ASEReadCounter.table","NW_015090842.1:5927968",2,4,2
"BCO1","s1680_S_VTA_03_ASEReadCounter.table","NW_015090842.1:5928052",5,10,5
"BCO1","s1680_S_VTA_03_ASEReadCounter.table","NW_015090842.1:5932726",11,14,3
"BCO1","s1680_S_VTA_03_ASEReadCounter.table","NW_015090842.1:5932801",10,12,2
"BCO1","s1680_S_VTA_03_ASEReadCounter.table","NW_015090842.1:5934558",14,19,5
"BCO1","s1680_S_VTA_03_ASEReadCounter.table","NW_015090842.1:5934575",16,21,5
"BCO1","s1680_S_VTA_03_ASEReadCounter.table","NW_015090842.1:5934608",16,20,4
"BCO1","s1680_S_VTA_03_ASEReadCounter.table","NW_015090842.1:5934647",12,15,3
"BCO1","s1680_S_VTA_03_ASEReadCounter.table","NW_015090842.1:5934725",10,12,2
"BCO1","s1680_S_VTA_03_ASEReadCounter.table","NW_015090842.1:5934726",10,12,2
"BCO1","s1680_S_VTA_03_ASEReadCounter.table","NW_015090842.1:5934733",10,13,3
"BCO1","s1680_S_VTA_03_ASEReadCounter.table","NW_015090842.1:5934821",9,13,4
"BCO1","s1680_S_VTA_03_ASEReadCounter.table","NW_015090842.1:5934826",9,13,4
"BCO1","s1680_S_VTA_03_ASEReadCounter.table","NW_015090842.1:5934844",5,7,2
"BCO1","s1680_S_VTA_03_ASEReadCounter.table","NW_015090842.1:5934958",14,17,3
"BCO1","s1680_S_VTA_03_ASEReadCounter.table","NW_015090842.1:5934976",14,18,4
"GAN","s1680_S_VTA_03_ASEReadCounter.table","NW_015090842.1:5953759",12,24,12
"GAN","s1680_S_VTA_03_ASEReadCounter.table","NW_015090842.1:5957502",15,29,14
"GAN","s1680_S_VTA_03_ASEReadCounter.table","NW_015090842.1:5957578",23,38,15
"GAN","s1680_S_VTA_03_ASEReadCounter.table","NW_015090842.1:5965028",18,47,29
"GAN","s1680_S_VTA_03_ASEReadCounter.table","NW_015090842.1:5966047",22,52,30
"GAN","s1680_S_VTA_03_ASEReadCounter.table","NW_015090842.1:5966126",16,57,41
"GAN","s1680_S_VTA_03_ASEReadCounter.table","NW_015090842.1:5966127",16,58,42
"GAN","s1680_S_VTA_03_ASEReadCounter.table","NW_015090842.1:5966162",24,67,43
"GAN","s1680_S_VTA_03_ASEReadCounter.table","NW_015090842.1:5966483",38,86,48
"CMIP","s1680_S_VTA_03_ASEReadCounter.table","NW_015090842.1:6109159",25,41,16
"CMIP","s1680_S_VTA_03_ASEReadCounter.table","NW_015090842.1:6109166",22,40,18
"CMIP","s1680_S_VTA_03_ASEReadCounter.table","NW_015090842.1:6114641",21,37,16
"CMIP","s1680_S_VTA_03_ASEReadCounter.table","NW_015090842.1:6114751",23,38,15
"CMIP","s1680_S_VTA_03_ASEReadCounter.table","NW_015090842.1:6114824",22,36,14
"CMIP","s1680_S_VTA_03_ASEReadCounter.table","NW_015090842.1:6128998",43,75,32
"CMIP","s1680_S_VTA_03_ASEReadCounter.table","NW_015090842.1:6130562",67,129,62
"CMIP","s1680_S_VTA_03_ASEReadCounter.table","NW_015090842.1:6132522",61,106,45
"CMIP","s1680_S_VTA_03_ASEReadCounter.table","NW_015090842.1:6134088",52,101,49
"CMIP","s1680_S_VTA_03_ASEReadCounter.table","NW_015090842.1:6138265",89,241,152
"CMIP","s1680_S_VTA_03_ASEReadCounter.table","NW_015090842.1:6138300",96,246,150
"CMIP","s1680_S_VTA_03_ASEReadCounter.table","NW_015090842.1:6138342",85,203,118
"CMIP","s1680_S_VTA_03_ASEReadCounter.table","NW_015090842.1:6138343",86,201,115
"CMIP","s1680_S_VTA_03_ASEReadCounter.table","NW_015090842.1:6138345",87,203,116
"CMIP","s1680_S_VTA_03_ASEReadCounter.table","NW_015090842.1:6138647",66,135,69
"CMIP","s1680_S_VTA_03_ASEReadCounter.table","NW_015090842.1:6138745",84,147,63
"CMIP","s1680_S_VTA_03_ASEReadCounter.table","NW_015090842.1:6138832",18,57,39
"CMIP","s1680_S_VTA_03_ASEReadCounter.table","NW_015090842.1:6138967",75,141,66
"CMIP","s1680_S_VTA_03_ASEReadCounter.table","NW_015090842.1:6139131",38,75,37
"CMIP","s1680_S_VTA_03_ASEReadCounter.table","NW_015090842.1:6139163",14,50,36
"CMIP","s1680_S_VTA_03_ASEReadCounter.table","NW_015090842.1:6139360",33,58,25
"CMIP","s1680_S_VTA_03_ASEReadCounter.table","NW_015090842.1:6139572",26,42,16
"CMIP","s1680_S_VTA_03_ASEReadCounter.table","NW_015090842.1:6139773",52,93,41
"PLCG2","s1680_S_VTA_03_ASEReadCounter.table","NW_015090842.1:6179613",1,5,4
"PLCG2","s1680_S_VTA_03_ASEReadCounter.table","NW_015090842.1:6179658",2,7,5
"PLCG2","s1680_S_VTA_03_ASEReadCounter.table","NW_015090842.1:6203766",1,8,7
"PLCG2","s1680_S_VTA_03_ASEReadCounter.table","NW_015090842.1:6203775",1,8,7
"PLCG2","s1680_S_VTA_03_ASEReadCounter.table","NW_015090842.1:6203787",1,7,6
"PLCG2","s1680_S_VTA_03_ASEReadCounter.table","NW_015090842.1:6205047",0,5,5
"PLCG2","s1680_S_VTA_03_ASEReadCounter.table","NW_015090842.1:6208541",0,1,1
"PLCG2","s1680_S_VTA_03_ASEReadCounter.table","NW_015090842.1:6209741",1,4,3
"PLCG2","s1680_S_VTA_03_ASEReadCounter.table","NW_015090842.1:6209798",2,4,2
"PLCG2","s1680_S_VTA_03_ASEReadCounter.table","NW_015090842.1:6209816",2,3,1
"PLCG2","s1680_S_VTA_03_ASEReadCounter.table","NW_015090842.1:6217547",0,6,6
"PLCG2","s1680_S_VTA_03_ASEReadCounter.table","NW_015090842.1:6218641",1,7,6
"PLCG2","s1680_S_VTA_03_ASEReadCounter.table","NW_015090842.1:6220552",0,5,5
"PLCG2","s1680_S_VTA_03_ASEReadCounter.table","NW_015090842.1:6221969",2,5,3
"PLCG2","s1680_S_VTA_03_ASEReadCounter.table","NW_015090842.1:6228672",2,11,9
"PLCG2","s1680_S_VTA_03_ASEReadCounter.table","NW_015090842.1:6228694",2,10,8
"PLCG2","s1680_S_VTA_03_ASEReadCounter.table","NW_015090842.1:6228722",1,9,8
"PLCG2","s1680_S_VTA_03_ASEReadCounter.table","NW_015090842.1:6228747",0,11,11
"PLCG2","s1680_S_VTA_03_ASEReadCounter.table","NW_015090842.1:6228835",2,19,17
"PLCG2","s1680_S_VTA_03_ASEReadCounter.table","NW_015090842.1:6228841",2,20,18
"PLCG2","s1680_S_VTA_03_ASEReadCounter.table","NW_015090842.1:6228865",0,17,17
"PLCG2","s1680_S_VTA_03_ASEReadCounter.table","NW_015090842.1:6228917",1,13,12
"PLCG2","s1680_S_VTA_03_ASEReadCounter.table","NW_015090842.1:6228926",1,13,12
"PLCG2","s1680_S_VTA_03_ASEReadCounter.table","NW_015090842.1:6228954",1,6,5
"PLCG2","s1680_S_VTA_03_ASEReadCounter.table","NW_015090842.1:6229002",0,9,9
"PLCG2","s1680_S_VTA_03_ASEReadCounter.table","NW_015090842.1:6229006",0,10,10
"PLCG2","s1680_S_VTA_03_ASEReadCounter.table","NW_015090842.1:6229081",1,10,9
"PLCG2","s1680_S_VTA_03_ASEReadCounter.table","NW_015090842.1:6229097",2,10,8
"PLCG2","s1680_S_VTA_03_ASEReadCounter.table","NW_015090842.1:6229160",1,6,5
"PLCG2","s1680_S_VTA_03_ASEReadCounter.table","NW_015090842.1:6229213",0,5,5
"PLCG2","s1680_S_VTA_03_ASEReadCounter.table","NW_015090842.1:6229231",0,7,7
"PLCG2","s1680_S_VTA_03_ASEReadCounter.table","NW_015090842.1:6229663",3,5,2
"PLCG2","s1680_S_VTA_03_ASEReadCounter.table","NW_015090842.1:6229748",1,5,4
"PLCG2","s1680_S_VTA_03_ASEReadCounter.table","NW_015090842.1:6229892",0,1,1
"PLCG2","s1680_S_VTA_03_ASEReadCounter.table","NW_015090842.1:6230248",1,2,1
"PLCG2","s1680_S_VTA_03_ASEReadCounter.table","NW_015090842.1:6230255",1,1,0
"PLCG2","s1680_S_VTA_03_ASEReadCounter.table","NW_015090842.1:6230296",1,4,3
"PLCG2","s1680_S_VTA_03_ASEReadCounter.table","NW_015090842.1:6230349",1,5,4
"PLCG2","s1680_S_VTA_03_ASEReadCounter.table","NW_015090842.1:6230381",0,3,3
"PLCG2","s1680_S_VTA_03_ASEReadCounter.table","NW_015090842.1:6230408",1,4,3
"PLCG2","s1680_S_VTA_03_ASEReadCounter.table","NW_015090842.1:6230439",2,5,3
"PLCG2","s1680_S_VTA_03_ASEReadCounter.table","NW_015090842.1:6230757",0,2,2
"PLCG2","s1680_S_VTA_03_ASEReadCounter.table","NW_015090842.1:6230758",0,2,2
"PLCG2","s1680_S_VTA_03_ASEReadCounter.table","NW_015090842.1:6230898",3,6,3
"PLCG2","s1680_S_VTA_03_ASEReadCounter.table","NW_015090842.1:6230976",2,6,4
"PLCG2","s1680_S_VTA_03_ASEReadCounter.table","NW_015090842.1:6231078",4,5,1
"PLCG2","s1680_S_VTA_03_ASEReadCounter.table","NW_015090842.1:6231138",4,6,2
"PLCG2","s1680_S_VTA_03_ASEReadCounter.table","NW_015090842.1:6231177",6,8,2
"PLCG2","s1680_S_VTA_03_ASEReadCounter.table","NW_015090842.1:6231263",2,3,1
"PLCG2","s1680_S_VTA_03_ASEReadCounter.table","NW_015090842.1:6231309",1,2,1
"SDR42E1","s1680_S_VTA_03_ASEReadCounter.table","NW_015090842.1:6235292",4,7,3
"SDR42E1","s1680_S_VTA_03_ASEReadCounter.table","NW_015090842.1:6235315",3,8,5
"SDR42E1","s1680_S_VTA_03_ASEReadCounter.table","NW_015090842.1:6235348",4,13,9
"SDR42E1","s1680_S_VTA_03_ASEReadCounter.table","NW_015090842.1:6235355",4,14,10
"SDR42E1","s1680_S_VTA_03_ASEReadCounter.table","NW_015090842.1:6235417",5,16,11
"SDR42E1","s1680_S_VTA_03_ASEReadCounter.table","NW_015090842.1:6235526",17,17,0
"SDR42E1","s1680_S_VTA_03_ASEReadCounter.table","NW_015090842.1:6235558",2,13,11
"SDR42E1","s1680_S_VTA_03_ASEReadCounter.table","NW_015090842.1:6235603",16,16,0
"SDR42E1","s1680_S_VTA_03_ASEReadCounter.table","NW_015090842.1:6235741",4,12,8
"SDR42E1","s1680_S_VTA_03_ASEReadCounter.table","NW_015090842.1:6235777",8,20,12
"SDR42E1","s1680_S_VTA_03_ASEReadCounter.table","NW_015090842.1:6235806",9,23,14
"SDR42E1","s1680_S_VTA_03_ASEReadCounter.table","NW_015090842.1:6235809",8,22,14
"SDR42E1","s1680_S_VTA_03_ASEReadCounter.table","NW_015090842.1:6235816",7,21,14
"SDR42E1","s1680_S_VTA_03_ASEReadCounter.table","NW_015090842.1:6235914",1,9,8
"SDR42E1","s1680_S_VTA_03_ASEReadCounter.table","NW_015090842.1:6235935",2,11,9
"SDR42E1","s1680_S_VTA_03_ASEReadCounter.table","NW_015090842.1:6235957",3,11,8
"SDR42E1","s1680_S_VTA_03_ASEReadCounter.table","NW_015090842.1:6236040",0,9,9
"SDR42E1","s1680_S_VTA_03_ASEReadCounter.table","NW_015090842.1:6236260",4,17,13
"SDR42E1","s1680_S_VTA_03_ASEReadCounter.table","NW_015090842.1:6236281",3,17,14
"SDR42E1","s1680_S_VTA_03_ASEReadCounter.table","NW_015090842.1:6236305",3,17,14
"SDR42E1","s1680_S_VTA_03_ASEReadCounter.table","NW_015090842.1:6236458",0,4,4
"SDR42E1","s1680_S_VTA_03_ASEReadCounter.table","NW_015090842.1:6236476",0,6,6
"SDR42E1","s1680_S_VTA_03_ASEReadCounter.table","NW_015090842.1:6236608",4,11,7
"SDR42E1","s1680_S_VTA_03_ASEReadCounter.table","NW_015090842.1:6238244",3,7,4
"SDR42E1","s1680_S_VTA_03_ASEReadCounter.table","NW_015090842.1:6238829",0,1,1
"HSD17B2","s1680_S_VTA_03_ASEReadCounter.table","NW_015090842.1:6257670",0,1,1
"HSD17B2","s1680_S_VTA_03_ASEReadCounter.table","NW_015090842.1:6257684",0,1,1
"HSD17B2","s1680_S_VTA_03_ASEReadCounter.table","NW_015090842.1:6257829",0,1,1
"HSD17B2","s1680_S_VTA_03_ASEReadCounter.table","NW_015090842.1:6266135",0,1,1
"HSD17B2","s1680_S_VTA_03_ASEReadCounter.table","NW_015090842.1:6266795",0,2,2
"HSD17B2","s1680_S_VTA_03_ASEReadCounter.table","NW_015090842.1:6266918",0,1,1
"HSD17B2","s1680_S_VTA_03_ASEReadCounter.table","NW_015090842.1:6266944",0,1,1
"HSD17B2","s1680_S_VTA_03_ASEReadCounter.table","NW_015090842.1:6266997",0,1,1
"HSD17B2","s1680_S_VTA_03_ASEReadCounter.table","NW_015090842.1:6267053",0,1,1
"HSD17B2","s1680_S_VTA_03_ASEReadCounter.table","NW_015090842.1:6267273",0,2,2
"HSD17B2","s1680_S_VTA_03_ASEReadCounter.table","NW_015090842.1:6267358",0,3,3
"HSD17B2","s1680_S_VTA_03_ASEReadCounter.table","NW_015090842.1:6267674",0,1,1
"HSD17B2","s1680_S_VTA_03_ASEReadCounter.table","NW_015090842.1:6267913",0,1,1
"HSD17B2","s1680_S_VTA_03_ASEReadCounter.table","NW_015090842.1:6268098",0,1,1
"ARY2","s1680_S_VTA_03_ASEReadCounter.table","NW_015090842.1:6303922",9,20,11
"ARY2","s1680_S_VTA_03_ASEReadCounter.table","NW_015090842.1:6303954",16,23,7
"ARY2","s1680_S_VTA_03_ASEReadCounter.table","NW_015090842.1:6303979",15,21,6
"ARY2","s1680_S_VTA_03_ASEReadCounter.table","NW_015090842.1:6305848",4,13,9
"ARY2","s1680_S_VTA_03_ASEReadCounter.table","NW_015090842.1:6305856",4,14,10
"ARY2","s1680_S_VTA_03_ASEReadCounter.table","NW_015090842.1:6305857",4,14,10
"ARY2","s1680_S_VTA_03_ASEReadCounter.table","NW_015090842.1:6306017",7,17,10
"ARY2","s1680_S_VTA_03_ASEReadCounter.table","NW_015090842.1:6306052",11,22,11
"ARY2","s1680_S_VTA_03_ASEReadCounter.table","NW_015090842.1:6306094",16,28,12
"ARY2","s1680_S_VTA_03_ASEReadCounter.table","NW_015090842.1:6306100",16,29,13
"ARY2","s1680_S_VTA_03_ASEReadCounter.table","NW_015090842.1:6306146",16,29,13
"ARY2","s1680_S_VTA_03_ASEReadCounter.table","NW_015090842.1:6306147",16,29,13
"ARY2","s1680_S_VTA_03_ASEReadCounter.table","NW_015090842.1:6306390",12,26,14
"ARY2","s1680_S_VTA_03_ASEReadCounter.table","NW_015090842.1:6306567",16,25,9
"ARY2","s1680_S_VTA_03_ASEReadCounter.table","NW_015090842.1:6306705",16,20,4
"ARY2","s1680_S_VTA_03_ASEReadCounter.table","NW_015090842.1:6306713",19,19,0
"ARY2","s1680_S_VTA_03_ASEReadCounter.table","NW_015090842.1:6306773",20,22,2
"ARY2","s1680_S_VTA_03_ASEReadCounter.table","NW_015090842.1:6307039",24,37,13
"ARY2","s1680_S_VTA_03_ASEReadCounter.table","NW_015090842.1:6307043",22,35,13
"ARY2","s1680_S_VTA_03_ASEReadCounter.table","NW_015090842.1:6307093",24,34,10
"ARY2","s1680_S_VTA_03_ASEReadCounter.table","NW_015090842.1:6307138",21,31,10
"ARY2","s1680_S_VTA_03_ASEReadCounter.table","NW_015090842.1:6307157",19,29,10
"ARY2","s1680_S_VTA_03_ASEReadCounter.table","NW_015090842.1:6307187",19,28,9
"ARY2","s1680_S_VTA_03_ASEReadCounter.table","NW_015090842.1:6307278",19,21,2
"ARY2","s1680_S_VTA_03_ASEReadCounter.table","NW_015090842.1:6307305",20,22,2
"ARY2","s1680_S_VTA_03_ASEReadCounter.table","NW_015090842.1:6307318",20,22,2
"ARY2","s1680_S_VTA_03_ASEReadCounter.table","NW_015090842.1:6307429",23,33,10
"ARY2","s1680_S_VTA_03_ASEReadCounter.table","NW_015090842.1:6307487",18,25,7
"ARY2","s1680_S_VTA_03_ASEReadCounter.table","NW_015090842.1:6307670",8,10,2
"ARYL","s1680_S_VTA_03_ASEReadCounter.table","NW_015090842.1:6313360",3,6,3
"ARYL","s1680_S_VTA_03_ASEReadCounter.table","NW_015090842.1:6313377",2,5,3
"ARYL","s1680_S_VTA_03_ASEReadCounter.table","NW_015090842.1:6313767",4,8,4
"ARY1","s1680_S_VTA_03_ASEReadCounter.table","NW_015090842.1:6313909",4,4,0
"ARY1","s1680_S_VTA_03_ASEReadCounter.table","NW_015090842.1:6314296",10,16,6
"ARY1","s1680_S_VTA_03_ASEReadCounter.table","NW_015090842.1:6314541",8,14,6
"ARY1","s1680_S_VTA_03_ASEReadCounter.table","NW_015090842.1:6314597",7,14,7
"ARY1","s1680_S_VTA_03_ASEReadCounter.table","NW_015090842.1:6314750",5,9,4
"ARY1","s1680_S_VTA_03_ASEReadCounter.table","NW_015090842.1:6314794",6,9,3
"ARY1","s1680_S_VTA_03_ASEReadCounter.table","NW_015090842.1:6314827",6,8,2
"ARY1","s1680_S_VTA_03_ASEReadCounter.table","NW_015090842.1:6314843",11,11,0
"ARY1","s1680_S_VTA_03_ASEReadCounter.table","NW_015090842.1:6314859",8,12,4
"ARY1","s1680_S_VTA_03_ASEReadCounter.table","NW_015090842.1:6314886",7,13,6
"ARY1","s1680_S_VTA_03_ASEReadCounter.table","NW_015090842.1:6314943",7,7,0
"ARY1","s1680_S_VTA_03_ASEReadCounter.table","NW_015090842.1:6314949",7,7,0
"ARY1","s1680_S_VTA_03_ASEReadCounter.table","NW_015090842.1:6315022",7,13,6
"ARY1","s1680_S_VTA_03_ASEReadCounter.table","NW_015090842.1:6315026",7,13,6
"ARY1","s1680_S_VTA_03_ASEReadCounter.table","NW_015090842.1:6315043",7,13,6
"ARY1","s1680_S_VTA_03_ASEReadCounter.table","NW_015090842.1:6315065",6,12,6
"ARY1","s1680_S_VTA_03_ASEReadCounter.table","NW_015090842.1:6315409",8,14,6
"ARY1","s1680_S_VTA_03_ASEReadCounter.table","NW_015090842.1:6315479",14,22,8
"ARY1","s1680_S_VTA_03_ASEReadCounter.table","NW_015090842.1:6318342",12,22,10
"ARY1","s1680_S_VTA_03_ASEReadCounter.table","NW_015090842.1:6318427",9,14,5
"ARY1","s1680_S_VTA_03_ASEReadCounter.table","NW_015090842.1:6318603",11,21,10
"ARY1","s1680_S_VTA_03_ASEReadCounter.table","NW_015090842.1:6318708",11,16,5
"ARY1","s1680_S_VTA_03_ASEReadCounter.table","NW_015090842.1:6318858",12,18,6
"ARY1","s1680_S_VTA_03_ASEReadCounter.table","NW_015090842.1:6318952",15,26,11
"MPHOSPH6","s1680_S_VTA_03_ASEReadCounter.table","NW_015090842.1:6324063",34,82,48
"MPHOSPH6","s1680_S_VTA_03_ASEReadCounter.table","NW_015090842.1:6324174",56,146,90
"MPHOSPH6","s1680_S_VTA_03_ASEReadCounter.table","NW_015090842.1:6324270",78,175,97
"MPHOSPH6","s1680_S_VTA_03_ASEReadCounter.table","NW_015090842.1:6324762",53,117,64
"MPHOSPH6","s1680_S_VTA_03_ASEReadCounter.table","NW_015090842.1:6324772",51,109,58
"MPHOSPH6","s1680_S_VTA_03_ASEReadCounter.table","NW_015090842.1:6324780",46,108,62
"MPHOSPH6","s1680_S_VTA_03_ASEReadCounter.table","NW_015090842.1:6324902",69,139,70
"MPHOSPH6","s1680_S_VTA_03_ASEReadCounter.table","NW_015090842.1:6324910",147,147,0
"MPHOSPH6","s1680_S_VTA_03_ASEReadCounter.table","NW_015090842.1:6325066",63,143,80
"MPHOSPH6","s1680_S_VTA_03_ASEReadCounter.table","NW_015090842.1:6325089",74,160,86
"MPHOSPH6","s1680_S_VTA_03_ASEReadCounter.table","NW_015090842.1:6325298",80,179,99
"MPHOSPH6","s1680_S_VTA_03_ASEReadCounter.table","NW_015090842.1:6325877",67,141,74
"MPHOSPH6","s1680_S_VTA_03_ASEReadCounter.table","NW_015090842.1:6326976",35,82,47
"CDH13","s1680_S_VTA_03_ASEReadCounter.table","NW_015090842.1:6662283",8,12,4
"CDH13","s1680_S_VTA_03_ASEReadCounter.table","NW_015090842.1:6693665",4,13,9
"CDH13","s1680_S_VTA_03_ASEReadCounter.table","NW_015090842.1:6693697",4,13,9
"CDH13","s1680_S_VTA_03_ASEReadCounter.table","NW_015090842.1:6693712",5,13,8
"CDH13","s1680_S_VTA_03_ASEReadCounter.table","NW_015090842.1:6693723",5,13,8
"CDH13","s1680_S_VTA_03_ASEReadCounter.table","NW_015090842.1:6693738",6,14,8
"CDH13","s1680_S_VTA_03_ASEReadCounter.table","NW_015090842.1:6823730",5,11,6
"CDH13","s1680_S_VTA_03_ASEReadCounter.table","NW_015090842.1:6889713",9,16,7
"CDH13","s1680_S_VTA_03_ASEReadCounter.table","NW_015090842.1:6955167",16,33,17
"MLYCD","s1680_S_VTA_03_ASEReadCounter.table","NW_015090842.1:7150054",45,82,37
"MLYCD","s1680_S_VTA_03_ASEReadCounter.table","NW_015090842.1:7150131",51,143,92
"MLYCD","s1680_S_VTA_03_ASEReadCounter.table","NW_015090842.1:7150585",67,125,58
"MLYCD","s1680_S_VTA_03_ASEReadCounter.table","NW_015090842.1:7150686",64,97,33
"MLYCD","s1680_S_VTA_03_ASEReadCounter.table","NW_015090842.1:7150696",69,103,34
"MLYCD","s1680_S_VTA_03_ASEReadCounter.table","NW_015090842.1:7150698",101,101,0
"MLYCD","s1680_S_VTA_03_ASEReadCounter.table","NW_015090842.1:7150869",57,97,40
"MLYCD","s1680_S_VTA_03_ASEReadCounter.table","NW_015090842.1:7151100",45,101,56
"MLYCD","s1680_S_VTA_03_ASEReadCounter.table","NW_015090842.1:7151127",51,104,53
"MLYCD","s1680_S_VTA_03_ASEReadCounter.table","NW_015090842.1:7157538",26,65,39
"MLYCD","s1680_S_VTA_03_ASEReadCounter.table","NW_015090842.1:7167662",7,15,8
"MLYCD","s1680_S_VTA_03_ASEReadCounter.table","NW_015090842.1:7167675",8,14,6
"MLYCD","s1680_S_VTA_03_ASEReadCounter.table","NW_015090842.1:7167710",8,18,10
"MLYCD","s1680_S_VTA_03_ASEReadCounter.table","NW_015090842.1:7167781",7,16,9
"MLYCD","s1680_S_VTA_03_ASEReadCounter.table","NW_015090842.1:7167803",5,12,7
"MLYCD","s1680_S_VTA_03_ASEReadCounter.table","NW_015090842.1:7167812",4,14,10
"MLYCD","s1680_S_VTA_03_ASEReadCounter.table","NW_015090842.1:7167845",4,15,11
"MLYCD","s1680_S_VTA_03_ASEReadCounter.table","NW_015090842.1:7167862",4,13,9
"MLYCD","s1680_S_VTA_03_ASEReadCounter.table","NW_015090842.1:7167929",3,7,4
"MLYCD","s1680_S_VTA_03_ASEReadCounter.table","NW_015090842.1:7167995",5,8,3
"MLYCD","s1680_S_VTA_03_ASEReadCounter.table","NW_015090842.1:7168005",6,10,4
"MLYCD","s1680_S_VTA_03_ASEReadCounter.table","NW_015090842.1:7168037",6,11,5
"HSBP1","s1680_S_VTA_03_ASEReadCounter.table","NW_015090842.1:7245192",269,457,188
"HSBP1","s1680_S_VTA_03_ASEReadCounter.table","NW_015090842.1:7245226",307,549,242
"HSBP1","s1680_S_VTA_03_ASEReadCounter.table","NW_015090842.1:7245257",283,488,205
"HSBP1","s1680_S_VTA_03_ASEReadCounter.table","NW_015090842.1:7245296",256,486,230
"HSBP1","s1680_S_VTA_03_ASEReadCounter.table","NW_015090842.1:7245389",365,680,315
"HSBP1","s1680_S_VTA_03_ASEReadCounter.table","NW_015090842.1:7245400",371,664,293
"HSBP1","s1680_S_VTA_03_ASEReadCounter.table","NW_015090842.1:7245445",349,609,260
"HSBP1","s1680_S_VTA_03_ASEReadCounter.table","NW_015090842.1:7245495",321,551,230
"HSBP1","s1680_S_VTA_03_ASEReadCounter.table","NW_015090842.1:7245515",375,632,257
"HSBP1","s1680_S_VTA_03_ASEReadCounter.table","NW_015090842.1:7245733",223,412,189
"HSBP1","s1680_S_VTA_03_ASEReadCounter.table","NW_015090842.1:7245771",256,426,170
"HSBP1","s1680_S_VTA_03_ASEReadCounter.table","NW_015090842.1:7245813",255,402,147
"HSBP1","s1680_S_VTA_03_ASEReadCounter.table","NW_015090842.1:7245926",278,471,193
"HSBP1","s1680_S_VTA_03_ASEReadCounter.table","NW_015090842.1:7245927",277,471,194
"HSBP1","s1680_S_VTA_03_ASEReadCounter.table","NW_015090842.1:7245933",277,460,183
"HSBP1","s1680_S_VTA_03_ASEReadCounter.table","NW_015090842.1:7246002",190,363,173
"HSBP1","s1680_S_VTA_03_ASEReadCounter.table","NW_015090842.1:7246094",231,398,167
"HSBP1","s1680_S_VTA_03_ASEReadCounter.table","NW_015090842.1:7246167",222,387,165
"HSBP1","s1680_S_VTA_03_ASEReadCounter.table","NW_015090842.1:7246183",218,397,179
"HSBP1","s1680_S_VTA_03_ASEReadCounter.table","NW_015090842.1:7247285",30,47,17
"HSBP1","s1680_S_VTA_03_ASEReadCounter.table","NW_015090842.1:7247651",243,540,297
"HSBP1","s1680_S_VTA_03_ASEReadCounter.table","NW_015090842.1:7247657",249,553,304
"HSBP1","s1680_S_VTA_03_ASEReadCounter.table","NW_015090842.1:7248520",165,369,204
"HSBP1","s1680_S_VTA_03_ASEReadCounter.table","NW_015090842.1:7248535",142,306,164
"KCNG4","s1680_S_VTA_03_ASEReadCounter.table","NW_015090842.1:7282481",5,12,7
"KCNG4","s1680_S_VTA_03_ASEReadCounter.table","NW_015090842.1:7282500",3,9,6
"KCNG4","s1680_S_VTA_03_ASEReadCounter.table","NW_015090842.1:7282542",2,8,6
"KCNG4","s1680_S_VTA_03_ASEReadCounter.table","NW_015090842.1:7282579",1,7,6
"KCNG4","s1680_S_VTA_03_ASEReadCounter.table","NW_015090842.1:7282630",2,5,3
"KCNG4","s1680_S_VTA_03_ASEReadCounter.table","NW_015090842.1:7282760",3,10,7
"KCNG4","s1680_S_VTA_03_ASEReadCounter.table","NW_015090842.1:7283056",1,5,4
"KCNG4","s1680_S_VTA_03_ASEReadCounter.table","NW_015090842.1:7283245",3,5,2
"KCNG4","s1680_S_VTA_03_ASEReadCounter.table","NW_015090842.1:7299491",2,4,2
"KCNG4","s1680_S_VTA_03_ASEReadCounter.table","NW_015090842.1:7301195",0,1,1
"KCNG4","s1680_S_VTA_03_ASEReadCounter.table","NW_015090842.1:7301227",1,2,1
"KCNG4","s1680_S_VTA_03_ASEReadCounter.table","NW_015090842.1:7301240",1,2,1
"KCNG4","s1680_S_VTA_03_ASEReadCounter.table","NW_015090842.1:7301413",1,1,0
"ATP2C2","s1680_S_VTA_03_ASEReadCounter.table","NW_015090842.1:7413747",7,12,5
"TLDC1","s1680_S_VTA_03_ASEReadCounter.table","NW_015090842.1:7421997",24,54,30
"COTL1","s1680_S_VTA_03_ASEReadCounter.table","NW_015090842.1:7490707",492,950,458
"COTL1","s1680_S_VTA_03_ASEReadCounter.table","NW_015090842.1:7490708",490,951,461
"COTL1","s1680_S_VTA_03_ASEReadCounter.table","NW_015090842.1:7490711",499,960,461
"COTL1","s1680_S_VTA_03_ASEReadCounter.table","NW_015090842.1:7490739",488,960,472
"COTL1","s1680_S_VTA_03_ASEReadCounter.table","NW_015090842.1:7490785",481,932,451
"COTL1","s1680_S_VTA_03_ASEReadCounter.table","NW_015090842.1:7490820",47,576,529
"COTL1","s1680_S_VTA_03_ASEReadCounter.table","NW_015090842.1:7490846",885,885,0
"KLHL36","s1680_S_VTA_03_ASEReadCounter.table","NW_015090842.1:7526337",14,31,17
"KLHL36","s1680_S_VTA_03_ASEReadCounter.table","NW_015090842.1:7537681",89,89,0
"USP10","s1680_S_VTA_03_ASEReadCounter.table","NW_015090842.1:7572213",23,46,23
"USP10","s1680_S_VTA_03_ASEReadCounter.table","NW_015090842.1:7572358",33,33,0
"CRISPLD2","s1680_S_VTA_03_ASEReadCounter.table","NW_015090842.1:7619796",1,4,3
"CRISPLD2","s1680_S_VTA_03_ASEReadCounter.table","NW_015090842.1:7630779",12,12,0
"CRISPLD2","s1680_S_VTA_03_ASEReadCounter.table","NW_015090842.1:7633611",13,13,0
"CRISPLD2","s1680_S_VTA_03_ASEReadCounter.table","NW_015090842.1:7633787",9,17,8
"CRISPLD2","s1680_S_VTA_03_ASEReadCounter.table","NW_015090842.1:7634023",5,6,1
"CRISPLD2","s1680_S_VTA_03_ASEReadCounter.table","NW_015090842.1:7634620",7,7,0
"MTHFSD","s1680_S_VTA_03_ASEReadCounter.table","NW_015090842.1:8152578",11,23,12
"DUSP15","s1680_S_VTA_03_ASEReadCounter.table","NW_015090842.1:8422840",1,3,2
"DUSP15","s1680_S_VTA_03_ASEReadCounter.table","NW_015090842.1:8431988",0,1,1
"EMC8","s1680_S_VTA_03_ASEReadCounter.table","NW_015090842.1:8452385",19,37,18
"GINS2","s1680_S_VTA_03_ASEReadCounter.table","NW_015090842.1:8467469",31,31,0
"GINS2","s1680_S_VTA_03_ASEReadCounter.table","NW_015090842.1:8470290",32,59,27
"GINS2","s1680_S_VTA_03_ASEReadCounter.table","NW_015090842.1:8470305",29,61,32
"GINS2","s1680_S_VTA_03_ASEReadCounter.table","NW_015090842.1:8470376",32,68,36
"GINS2","s1680_S_VTA_03_ASEReadCounter.table","NW_015090842.1:8471057",6,11,5
"KIAA0513","s1680_S_VTA_03_ASEReadCounter.table","NW_015090842.1:8674736",121,121,0
"KIAA0513","s1680_S_VTA_03_ASEReadCounter.table","NW_015090842.1:8687268",0,1,1
"KIAA0513","s1680_S_VTA_03_ASEReadCounter.table","NW_015090842.1:8693655",4,4,0
"ZCCHC14","s1680_S_VTA_03_ASEReadCounter.table","NW_015090842.1:8750189",65,65,0
"JPH3","s1680_S_VTA_03_ASEReadCounter.table","NW_015090842.1:8872294",43,71,28
"KLHDC4","s1680_S_VTA_03_ASEReadCounter.table","NW_015090842.1:8891175",142,142,0
"KLHDC4","s1680_S_VTA_03_ASEReadCounter.table","NW_015090842.1:8905251",17,32,15
"KLHDC4","s1680_S_VTA_03_ASEReadCounter.table","NW_015090842.1:8919630",2,5,3
"SLC7A5","s1680_S_VTA_03_ASEReadCounter.table","NW_015090842.1:8940382",165,165,0
"SLC7A5","s1680_S_VTA_03_ASEReadCounter.table","NW_015090842.1:8941818",103,103,0
"SLC7A5","s1680_S_VTA_03_ASEReadCounter.table","NW_015090842.1:8944655",57,57,0
"CA5A","s1680_S_VTA_03_ASEReadCounter.table","NW_015090842.1:8989479",70,139,69
"CA5A","s1680_S_VTA_03_ASEReadCounter.table","NW_015090842.1:8989562",88,173,85
"CA5A","s1680_S_VTA_03_ASEReadCounter.table","NW_015090842.1:8989609",96,198,102
"CA5A","s1680_S_VTA_03_ASEReadCounter.table","NW_015090842.1:8989693",133,263,130
"CA5A","s1680_S_VTA_03_ASEReadCounter.table","NW_015090842.1:8989702",139,257,118
"CA5A","s1680_S_VTA_03_ASEReadCounter.table","NW_015090842.1:8989746",130,248,118
"CA5A","s1680_S_VTA_03_ASEReadCounter.table","NW_015090842.1:8989880",72,179,107
"CA5A","s1680_S_VTA_03_ASEReadCounter.table","NW_015090842.1:8989885",78,184,106
"CA5A","s1680_S_VTA_03_ASEReadCounter.table","NW_015090842.1:8989929",71,178,107
"CA5A","s1680_S_VTA_03_ASEReadCounter.table","NW_015090842.1:8990002",84,190,106
"CA5A","s1680_S_VTA_03_ASEReadCounter.table","NW_015090842.1:8990004",85,188,103
"CA5A","s1680_S_VTA_03_ASEReadCounter.table","NW_015090842.1:8990005",84,192,108
"CA5A","s1680_S_VTA_03_ASEReadCounter.table","NW_015090842.1:8990017",84,182,98
"CA5A","s1680_S_VTA_03_ASEReadCounter.table","NW_015090842.1:8990043",88,163,75
"CA5A","s1680_S_VTA_03_ASEReadCounter.table","NW_015090842.1:8990080",67,148,81
"CA5A","s1680_S_VTA_03_ASEReadCounter.table","NW_015090842.1:8990084",68,150,82
"CA5A","s1680_S_VTA_03_ASEReadCounter.table","NW_015090842.1:8990090",73,160,87
"CA5A","s1680_S_VTA_03_ASEReadCounter.table","NW_015090842.1:8990095",71,154,83
"CA5A","s1680_S_VTA_03_ASEReadCounter.table","NW_015090842.1:8990111",69,140,71
"CA5A","s1680_S_VTA_03_ASEReadCounter.table","NW_015090842.1:8990112",69,136,67
"CA5A","s1680_S_VTA_03_ASEReadCounter.table","NW_015090842.1:8990115",77,147,70
"CA5A","s1680_S_VTA_03_ASEReadCounter.table","NW_015090842.1:8990166",66,142,76
"CA5A","s1680_S_VTA_03_ASEReadCounter.table","NW_015090842.1:8990169",75,145,70
"CA5A","s1680_S_VTA_03_ASEReadCounter.table","NW_015090842.1:8990222",63,132,69
"CA5A","s1680_S_VTA_03_ASEReadCounter.table","NW_015090842.1:8990289",71,140,69
"CA5A","s1680_S_VTA_03_ASEReadCounter.table","NW_015090842.1:8990314",70,128,58
"CA5A","s1680_S_VTA_03_ASEReadCounter.table","NW_015090842.1:8990361",52,110,58
"CA5A","s1680_S_VTA_03_ASEReadCounter.table","NW_015090842.1:8990368",53,111,58
"CA5A","s1680_S_VTA_03_ASEReadCounter.table","NW_015090842.1:8990429",50,106,56
"CA5A","s1680_S_VTA_03_ASEReadCounter.table","NW_015090842.1:8990466",49,90,41
"CA5A","s1680_S_VTA_03_ASEReadCounter.table","NW_015090842.1:8990663",57,102,45
"CA5A","s1680_S_VTA_03_ASEReadCounter.table","NW_015090842.1:8990797",48,84,36
"CA5A","s1680_S_VTA_03_ASEReadCounter.table","NW_015090842.1:8990836",46,90,44
"CA5A","s1680_S_VTA_03_ASEReadCounter.table","NW_015090842.1:8990842",43,87,44
"CA5A","s1680_S_VTA_03_ASEReadCounter.table","NW_015090842.1:8990851",41,85,44
"CA5A","s1680_S_VTA_03_ASEReadCounter.table","NW_015090842.1:8990918",44,93,49
"CA5A","s1680_S_VTA_03_ASEReadCounter.table","NW_015090842.1:8990921",44,96,52
"CA5A","s1680_S_VTA_03_ASEReadCounter.table","NW_015090842.1:8990942",52,102,50
"CA5A","s1680_S_VTA_03_ASEReadCounter.table","NW_015090842.1:8991001",57,123,66
"CA5A","s1680_S_VTA_03_ASEReadCounter.table","NW_015090842.1:8991038",53,101,48
"CA5A","s1680_S_VTA_03_ASEReadCounter.table","NW_015090842.1:8991149",59,112,53
"CA5A","s1680_S_VTA_03_ASEReadCounter.table","NW_015090842.1:8991176",65,116,51
"CA5A","s1680_S_VTA_03_ASEReadCounter.table","NW_015090842.1:8991241",52,110,58
"CA5A","s1680_S_VTA_03_ASEReadCounter.table","NW_015090842.1:8991262",41,92,51
"CA5A","s1680_S_VTA_03_ASEReadCounter.table","NW_015090842.1:8991316",45,56,11
"CA5A","s1680_S_VTA_03_ASEReadCounter.table","NW_015090842.1:8991319",49,57,8
"CA5A","s1680_S_VTA_03_ASEReadCounter.table","NW_015090842.1:8991330",50,52,2
"CA5A","s1680_S_VTA_03_ASEReadCounter.table","NW_015090842.1:8991334",39,48,9
"CA5A","s1680_S_VTA_03_ASEReadCounter.table","NW_015090842.1:8991362",48,80,32
"CA5A","s1680_S_VTA_03_ASEReadCounter.table","NW_015090842.1:8991368",46,77,31
"CA5A","s1680_S_VTA_03_ASEReadCounter.table","NW_015090842.1:8991390",53,88,35
"CA5A","s1680_S_VTA_03_ASEReadCounter.table","NW_015090842.1:8991395",59,95,36
"CA5A","s1680_S_VTA_03_ASEReadCounter.table","NW_015090842.1:8991422",55,102,47
"CA5A","s1680_S_VTA_03_ASEReadCounter.table","NW_015090842.1:8991467",48,94,46
"CA5A","s1680_S_VTA_03_ASEReadCounter.table","NW_015090842.1:8991576",30,60,30
"CA5A","s1680_S_VTA_03_ASEReadCounter.table","NW_015090842.1:8991587",40,69,29
"CA5A","s1680_S_VTA_03_ASEReadCounter.table","NW_015090842.1:8991655",34,71,37
"CA5A","s1680_S_VTA_03_ASEReadCounter.table","NW_015090842.1:8991717",26,57,31
"CA5A","s1680_S_VTA_03_ASEReadCounter.table","NW_015090842.1:8991726",38,63,25
"CA5A","s1680_S_VTA_03_ASEReadCounter.table","NW_015090842.1:8991799",36,72,36
"CA5A","s1680_S_VTA_03_ASEReadCounter.table","NW_015090842.1:8991809",36,69,33
"CA5A","s1680_S_VTA_03_ASEReadCounter.table","NW_015090842.1:8991848",24,50,26
"CA5A","s1680_S_VTA_03_ASEReadCounter.table","NW_015090842.1:8991849",26,52,26
"CA5A","s1680_S_VTA_03_ASEReadCounter.table","NW_015090842.1:8991927",35,62,27
"CA5A","s1680_S_VTA_03_ASEReadCounter.table","NW_015090842.1:8991941",33,62,29
"CA5A","s1680_S_VTA_03_ASEReadCounter.table","NW_015090842.1:8992121",30,62,32
"CA5A","s1680_S_VTA_03_ASEReadCounter.table","NW_015090842.1:8992224",43,82,39
"CA5A","s1680_S_VTA_03_ASEReadCounter.table","NW_015090842.1:9002570",10,27,17
"CA5A","s1680_S_VTA_03_ASEReadCounter.table","NW_015090842.1:9002600",7,24,17
"CA5A","s1680_S_VTA_03_ASEReadCounter.table","NW_015090842.1:9004312",5,15,10
"CA5A","s1680_S_VTA_03_ASEReadCounter.table","NW_015090842.1:9004506",2,3,1
"CA5A","s1680_S_VTA_03_ASEReadCounter.table","NW_015090842.1:9004523",2,3,1
"CA5A","s1680_S_VTA_03_ASEReadCounter.table","NW_015090842.1:9004530",2,2,0
"CA5A","s1680_S_VTA_03_ASEReadCounter.table","NW_015090842.1:9004556",2,2,0
"CA5A","s1680_S_VTA_03_ASEReadCounter.table","NW_015090842.1:9004620",1,2,1
"CA5A","s1680_S_VTA_03_ASEReadCounter.table","NW_015090842.1:9005116",0,2,2
"CA5A","s1680_S_VTA_03_ASEReadCounter.table","NW_015090842.1:9005120",0,2,2
"CA5A","s1680_S_VTA_03_ASEReadCounter.table","NW_015090842.1:9005140",1,4,3
"CA5A","s1680_S_VTA_03_ASEReadCounter.table","NW_015090842.1:9005152",1,4,3
"CA5A","s1680_S_VTA_03_ASEReadCounter.table","NW_015090842.1:9011189",2,2,0
"CA5A","s1680_S_VTA_03_ASEReadCounter.table","NW_015090842.1:9011194",2,2,0
"BANP","s1680_S_VTA_03_ASEReadCounter.table","NW_015090842.1:9033407",4,9,5
"BANP","s1680_S_VTA_03_ASEReadCounter.table","NW_015090842.1:9033409",4,9,5
"BANP","s1680_S_VTA_03_ASEReadCounter.table","NW_015090842.1:9033420",4,10,6
"BANP","s1680_S_VTA_03_ASEReadCounter.table","NW_015090842.1:9055284",6,14,8
"ZC3H18","s1680_S_VTA_03_ASEReadCounter.table","NW_015090842.1:9528933",16,36,20
"MVD","s1680_S_VTA_03_ASEReadCounter.table","NW_015090842.1:9550690",48,48,0
"MVD","s1680_S_VTA_03_ASEReadCounter.table","NW_015090842.1:9550691",48,48,0
"MVD","s1680_S_VTA_03_ASEReadCounter.table","NW_015090842.1:9550699",52,52,0
"MVD","s1680_S_VTA_03_ASEReadCounter.table","NW_015090842.1:9550701",52,52,0
"MVD","s1680_S_VTA_03_ASEReadCounter.table","NW_015090842.1:9552202",80,80,0
"MVD","s1680_S_VTA_03_ASEReadCounter.table","NW_015090842.1:9552223",74,74,0
"MVD","s1680_S_VTA_03_ASEReadCounter.table","NW_015090842.1:9552533",48,48,0
"MVD","s1680_S_VTA_03_ASEReadCounter.table","NW_015090842.1:9552644",20,46,26
"PIEZO1","s1680_S_VTA_03_ASEReadCounter.table","NW_015090842.1:9577447",7,13,6
"PIEZO1","s1680_S_VTA_03_ASEReadCounter.table","NW_015090842.1:9579101",14,17,3
"PIEZO1","s1680_S_VTA_03_ASEReadCounter.table","NW_015090842.1:9582630",3,4,1
"PIEZO1","s1680_S_VTA_03_ASEReadCounter.table","NW_015090842.1:9582976",4,5,1
"PIEZO1","s1680_S_VTA_03_ASEReadCounter.table","NW_015090842.1:9583326",5,5,0
"CDT1","s1680_S_VTA_03_ASEReadCounter.table","NW_015090842.1:9596711",1,3,2
"CDT1","s1680_S_VTA_03_ASEReadCounter.table","NW_015090842.1:9597033",7,7,0
"CDT1","s1680_S_VTA_03_ASEReadCounter.table","NW_015090842.1:9597756",7,16,9
"CDT1","s1680_S_VTA_03_ASEReadCounter.table","NW_015090842.1:9598873",15,15,0
"ACSF3","s1680_S_VTA_03_ASEReadCounter.table","NW_015090842.1:9776737",7,10,3
"ACSF3","s1680_S_VTA_03_ASEReadCounter.table","NW_015090842.1:9809639",39,39,0
"ACSF3","s1680_S_VTA_03_ASEReadCounter.table","NW_015090842.1:9834743",43,61,18
"ACSF3","s1680_S_VTA_03_ASEReadCounter.table","NW_015090842.1:9834762",49,49,0
"ACSF3","s1680_S_VTA_03_ASEReadCounter.table","NW_015090842.1:9834852",33,63,30
"ACSF3","s1680_S_VTA_03_ASEReadCounter.table","NW_015090842.1:9834861",27,55,28
"ACSF3","s1680_S_VTA_03_ASEReadCounter.table","NW_015090842.1:9839359",22,32,10
"ACSF3","s1680_S_VTA_03_ASEReadCounter.table","NW_015090842.1:9839378",20,33,13
"ACSF3","s1680_S_VTA_03_ASEReadCounter.table","NW_015090842.1:9839455",21,41,20
"ACSF3","s1680_S_VTA_03_ASEReadCounter.table","NW_015090842.1:9839457",21,39,18
"ACSF3","s1680_S_VTA_03_ASEReadCounter.table","NW_015090842.1:9839489",20,39,19
"ACSF3","s1680_S_VTA_03_ASEReadCounter.table","NW_015090842.1:9839500",17,36,19
"ACSF3","s1680_S_VTA_03_ASEReadCounter.table","NW_015090842.1:9839501",17,36,19
"ACSF3","s1680_S_VTA_03_ASEReadCounter.table","NW_015090842.1:9839504",19,39,20
"ACSF3","s1680_S_VTA_03_ASEReadCounter.table","NW_015090842.1:9839512",13,29,16
"ACSF3","s1680_S_VTA_03_ASEReadCounter.table","NW_015090842.1:9839527",12,24,12
"ACSF3","s1680_S_VTA_03_ASEReadCounter.table","NW_015090842.1:9839533",9,21,12
"ACSF3","s1680_S_VTA_03_ASEReadCounter.table","NW_015090842.1:9839535",9,21,12
"ACSF3","s1680_S_VTA_03_ASEReadCounter.table","NW_015090842.1:9839545",5,15,10
"ACSF3","s1680_S_VTA_03_ASEReadCounter.table","NW_015090842.1:9839550",4,15,11
"ACSF3","s1680_S_VTA_03_ASEReadCounter.table","NW_015090842.1:9839551",4,15,11
"CDH15","s1680_S_VTA_03_ASEReadCounter.table","NW_015090842.1:9847163",2,2,0
"CDH15","s1680_S_VTA_03_ASEReadCounter.table","NW_015090842.1:9847174",2,2,0
"CDH15","s1680_S_VTA_03_ASEReadCounter.table","NW_015090842.1:9848220",1,1,0
"CDH15","s1680_S_VTA_03_ASEReadCounter.table","NW_015090842.1:9849473",1,1,0
"CDH15","s1680_S_VTA_03_ASEReadCounter.table","NW_015090842.1:9850609",0,1,1
"SLC22A31","s1680_S_VTA_03_ASEReadCounter.table","NW_015090842.1:9850797",0,1,1
"SLC22A31","s1680_S_VTA_03_ASEReadCounter.table","NW_015090842.1:9850818",0,1,1
"SLC22A31","s1680_S_VTA_03_ASEReadCounter.table","NW_015090842.1:9850929",1,2,1
"SLC22A31","s1680_S_VTA_03_ASEReadCounter.table","NW_015090842.1:9850936",1,2,1
"SLC22A31","s1680_S_VTA_03_ASEReadCounter.table","NW_015090842.1:9850940",1,2,1
"SLC22A31","s1680_S_VTA_03_ASEReadCounter.table","NW_015090842.1:9850948",1,2,1
"SLC22A31","s1680_S_VTA_03_ASEReadCounter.table","NW_015090842.1:9850961",1,2,1
"SLC22A31","s1680_S_VTA_03_ASEReadCounter.table","NW_015090842.1:9850970",1,2,1
"SLC22A31","s1680_S_VTA_03_ASEReadCounter.table","NW_015090842.1:9850978",1,2,1
"SLC22A31","s1680_S_VTA_03_ASEReadCounter.table","NW_015090842.1:9850981",1,2,1
"SLC22A31","s1680_S_VTA_03_ASEReadCounter.table","NW_015090842.1:9851130",4,5,1
"SLC22A31","s1680_S_VTA_03_ASEReadCounter.table","NW_015090842.1:9851139",4,5,1
"SLC22A31","s1680_S_VTA_03_ASEReadCounter.table","NW_015090842.1:9851265",6,8,2
"SLC22A31","s1680_S_VTA_03_ASEReadCounter.table","NW_015090842.1:9851302",4,7,3
"SLC22A31","s1680_S_VTA_03_ASEReadCounter.table","NW_015090842.1:9851303",5,8,3
"SLC22A31","s1680_S_VTA_03_ASEReadCounter.table","NW_015090842.1:9851305",5,8,3
"SLC22A31","s1680_S_VTA_03_ASEReadCounter.table","NW_015090842.1:9851343",9,11,2
"SLC22A31","s1680_S_VTA_03_ASEReadCounter.table","NW_015090842.1:9851344",9,11,2
"SLC22A31","s1680_S_VTA_03_ASEReadCounter.table","NW_015090842.1:9851381",13,16,3
"SLC22A31","s1680_S_VTA_03_ASEReadCounter.table","NW_015090842.1:9851421",9,14,5
"SLC22A31","s1680_S_VTA_03_ASEReadCounter.table","NW_015090842.1:9851526",10,17,7
"SLC22A31","s1680_S_VTA_03_ASEReadCounter.table","NW_015090842.1:9851589",9,18,9
"SLC22A31","s1680_S_VTA_03_ASEReadCounter.table","NW_015090842.1:9851712",9,16,7
"SLC22A31","s1680_S_VTA_03_ASEReadCounter.table","NW_015090842.1:9851899",2,6,4
"SLC22A31","s1680_S_VTA_03_ASEReadCounter.table","NW_015090842.1:9852139",4,8,4
"SLC22A31","s1680_S_VTA_03_ASEReadCounter.table","NW_015090842.1:9852380",2,11,9
"SLC22A31","s1680_S_VTA_03_ASEReadCounter.table","NW_015090842.1:9852431",6,12,6
"SLC22A31","s1680_S_VTA_03_ASEReadCounter.table","NW_015090842.1:9852630",4,5,1
"SLC22A31","s1680_S_VTA_03_ASEReadCounter.table","NW_015090842.1:9852711",4,6,2
"SLC22A31","s1680_S_VTA_03_ASEReadCounter.table","NW_015090842.1:9852742",4,6,2
"SLC22A31","s1680_S_VTA_03_ASEReadCounter.table","NW_015090842.1:9853099",4,6,2
"SLC22A31","s1680_S_VTA_03_ASEReadCounter.table","NW_015090842.1:9853102",4,7,3
"SLC22A31","s1680_S_VTA_03_ASEReadCounter.table","NW_015090842.1:9853421",3,3,0
"SLC22A31","s1680_S_VTA_03_ASEReadCounter.table","NW_015090842.1:9853457",4,4,0
"SLC22A31","s1680_S_VTA_03_ASEReadCounter.table","NW_015090842.1:9853502",1,1,0
"ANKRD11","s1680_S_VTA_03_ASEReadCounter.table","NW_015090842.1:9858863",2,17,15
"ANKRD11","s1680_S_VTA_03_ASEReadCounter.table","NW_015090842.1:9859101",112,216,104
"ANKRD11","s1680_S_VTA_03_ASEReadCounter.table","NW_015090842.1:9859352",119,289,170
"ANKRD11","s1680_S_VTA_03_ASEReadCounter.table","NW_015090842.1:9859381",23,146,123
"ANKRD11","s1680_S_VTA_03_ASEReadCounter.table","NW_015090842.1:9859527",54,118,64
"ANKRD11","s1680_S_VTA_03_ASEReadCounter.table","NW_015090842.1:9859529",54,116,62
"ANKRD11","s1680_S_VTA_03_ASEReadCounter.table","NW_015090842.1:9859679",125,240,115
"ANKRD11","s1680_S_VTA_03_ASEReadCounter.table","NW_015090842.1:9861097",94,189,95
"ANKRD11","s1680_S_VTA_03_ASEReadCounter.table","NW_015090842.1:9862571",54,114,60
"ANKRD11","s1680_S_VTA_03_ASEReadCounter.table","NW_015090842.1:9866071",0,89,89
"ANKRD11","s1680_S_VTA_03_ASEReadCounter.table","NW_015090842.1:9866200",0,67,67
"ANKRD11","s1680_S_VTA_03_ASEReadCounter.table","NW_015090842.1:9867391",19,37,18
"ANKRD11","s1680_S_VTA_03_ASEReadCounter.table","NW_015090842.1:9867472",23,58,35
"ANKRD11","s1680_S_VTA_03_ASEReadCounter.table","NW_015090842.1:9867559",49,92,43
"ANKRD11","s1680_S_VTA_03_ASEReadCounter.table","NW_015090842.1:9867934",40,77,37
"ANKRD11","s1680_S_VTA_03_ASEReadCounter.table","NW_015090842.1:9868093",38,81,43
"ANKRD11","s1680_S_VTA_03_ASEReadCounter.table","NW_015090842.1:9868222",40,89,49
"ANKRD11","s1680_S_VTA_03_ASEReadCounter.table","NW_015090842.1:9868327",38,70,32
"ANKRD11","s1680_S_VTA_03_ASEReadCounter.table","NW_015090842.1:9868414",43,108,65
"ANKRD11","s1680_S_VTA_03_ASEReadCounter.table","NW_015090842.1:9868441",42,101,59
"ANKRD11","s1680_S_VTA_03_ASEReadCounter.table","NW_015090842.1:9868444",43,110,67
"ANKRD11","s1680_S_VTA_03_ASEReadCounter.table","NW_015090842.1:9868519",61,125,64
"ANKRD11","s1680_S_VTA_03_ASEReadCounter.table","NW_015090842.1:9868609",67,137,70
"ANKRD11","s1680_S_VTA_03_ASEReadCounter.table","NW_015090842.1:9868666",80,175,95
"ANKRD11","s1680_S_VTA_03_ASEReadCounter.table","NW_015090842.1:9869431",129,253,124
"ANKRD11","s1680_S_VTA_03_ASEReadCounter.table","NW_015090842.1:9869578",172,343,171
"ANKRD11","s1680_S_VTA_03_ASEReadCounter.table","NW_015090842.1:9869734",182,362,180
"ANKRD11","s1680_S_VTA_03_ASEReadCounter.table","NW_015090842.1:9870070",166,380,214
"ANKRD11","s1680_S_VTA_03_ASEReadCounter.table","NW_015090842.1:9870349",189,363,174
"ANKRD11","s1680_S_VTA_03_ASEReadCounter.table","NW_015090842.1:9870604",167,352,185
"ANKRD11","s1680_S_VTA_03_ASEReadCounter.table","NW_015090842.1:9870613",182,387,205
"ANKRD11","s1680_S_VTA_03_ASEReadCounter.table","NW_015090842.1:9870685",222,475,253
"ANKRD11","s1680_S_VTA_03_ASEReadCounter.table","NW_015090842.1:9870847",174,395,221
"ANKRD11","s1680_S_VTA_03_ASEReadCounter.table","NW_015090842.1:9871103",169,318,149
"ANKRD11","s1680_S_VTA_03_ASEReadCounter.table","NW_015090842.1:9871165",172,355,183
"ANKRD11","s1680_S_VTA_03_ASEReadCounter.table","NW_015090842.1:9871820",41,88,47
"ANKRD11","s1680_S_VTA_03_ASEReadCounter.table","NW_015090842.1:9871994",113,113,0
"ANKRD11","s1680_S_VTA_03_ASEReadCounter.table","NW_015090842.1:9872118",44,107,63
"SPG7","s1680_S_VTA_03_ASEReadCounter.table","NW_015090842.1:10051190",73,136,63
"SPG7","s1680_S_VTA_03_ASEReadCounter.table","NW_015090842.1:10051218",88,161,73
"SPG7","s1680_S_VTA_03_ASEReadCounter.table","NW_015090842.1:10052348",98,182,84
"SPG7","s1680_S_VTA_03_ASEReadCounter.table","NW_015090842.1:10052366",92,182,90
"SPG7","s1680_S_VTA_03_ASEReadCounter.table","NW_015090842.1:10065173",130,271,141
"SPG7","s1680_S_VTA_03_ASEReadCounter.table","NW_015090842.1:10065215",119,244,125
"SPG7","s1680_S_VTA_03_ASEReadCounter.table","NW_015090842.1:10066301",100,208,108
"SPG7","s1680_S_VTA_03_ASEReadCounter.table","NW_015090842.1:10066365",97,202,105
"SPG7","s1680_S_VTA_03_ASEReadCounter.table","NW_015090842.1:10069752",124,256,132
"SPG7","s1680_S_VTA_03_ASEReadCounter.table","NW_015090842.1:10069800",130,260,130
"SPG7","s1680_S_VTA_03_ASEReadCounter.table","NW_015090842.1:10071192",139,294,155
"SPG7","s1680_S_VTA_03_ASEReadCounter.table","NW_015090842.1:10071204",135,292,157
"SPG7","s1680_S_VTA_03_ASEReadCounter.table","NW_015090842.1:10071219",116,270,154
"SPG7","s1680_S_VTA_03_ASEReadCounter.table","NW_015090842.1:10071967",143,313,170
"SPG7","s1680_S_VTA_03_ASEReadCounter.table","NW_015090842.1:10075109",261,489,228
"SPG7","s1680_S_VTA_03_ASEReadCounter.table","NW_015090842.1:10075114",268,489,221
"SPG7","s1680_S_VTA_03_ASEReadCounter.table","NW_015090842.1:10075198",223,374,151
"SPG7","s1680_S_VTA_03_ASEReadCounter.table","NW_015090842.1:10075487",170,334,164
"SPG7","s1680_S_VTA_03_ASEReadCounter.table","NW_015090842.1:10075488",170,339,169
"SPG7","s1680_S_VTA_03_ASEReadCounter.table","NW_015090842.1:10075548",122,241,119
"RPL13","s1680_S_VTA_03_ASEReadCounter.table","NW_015090842.1:10076979",2,5,3
"RPL13","s1680_S_VTA_03_ASEReadCounter.table","NW_015090842.1:10077387",426,924,498
"RPL13","s1680_S_VTA_03_ASEReadCounter.table","NW_015090842.1:10077978",665,1374,709
"RPL13","s1680_S_VTA_03_ASEReadCounter.table","NW_015090842.1:10077992",649,1315,666
"CPNE7","s1680_S_VTA_03_ASEReadCounter.table","NW_015090842.1:10084001",12,28,16
"CPNE7","s1680_S_VTA_03_ASEReadCounter.table","NW_015090842.1:10084856",9,19,10
"CPNE7","s1680_S_VTA_03_ASEReadCounter.table","NW_015090842.1:10084872",10,23,13
"CPNE7","s1680_S_VTA_03_ASEReadCounter.table","NW_015090842.1:10084892",12,27,15
"CPNE7","s1680_S_VTA_03_ASEReadCounter.table","NW_015090842.1:10084921",9,28,19
"CPNE7","s1680_S_VTA_03_ASEReadCounter.table","NW_015090842.1:10084935",10,29,19
"CPNE7","s1680_S_VTA_03_ASEReadCounter.table","NW_015090842.1:10085000",17,42,25
"CPNE7","s1680_S_VTA_03_ASEReadCounter.table","NW_015090842.1:10085089",15,31,16
"CPNE7","s1680_S_VTA_03_ASEReadCounter.table","NW_015090842.1:10085096",12,29,17
"CPNE7","s1680_S_VTA_03_ASEReadCounter.table","NW_015090842.1:10085126",12,28,16
"CPNE7","s1680_S_VTA_03_ASEReadCounter.table","NW_015090842.1:10085180",15,31,16
"CPNE7","s1680_S_VTA_03_ASEReadCounter.table","NW_015090842.1:10085201",15,24,9
"CPNE7","s1680_S_VTA_03_ASEReadCounter.table","NW_015090842.1:10088134",44,91,47
"CPNE7","s1680_S_VTA_03_ASEReadCounter.table","NW_015090842.1:10088146",43,86,43
"CPNE7","s1680_S_VTA_03_ASEReadCounter.table","NW_015090842.1:10088940",53,103,50
"CPNE7","s1680_S_VTA_03_ASEReadCounter.table","NW_015090842.1:10088965",52,93,41
"CPNE7","s1680_S_VTA_03_ASEReadCounter.table","NW_015090842.1:10088967",52,91,39
"CPNE7","s1680_S_VTA_03_ASEReadCounter.table","NW_015090842.1:10088973",55,95,40
"CPNE7","s1680_S_VTA_03_ASEReadCounter.table","NW_015090842.1:10090924",86,154,68
"CPNE7","s1680_S_VTA_03_ASEReadCounter.table","NW_015090842.1:10090930",84,157,73
"CPNE7","s1680_S_VTA_03_ASEReadCounter.table","NW_015090842.1:10091075",84,157,73
"CPNE7","s1680_S_VTA_03_ASEReadCounter.table","NW_015090842.1:10091389",78,167,89
"CPNE7","s1680_S_VTA_03_ASEReadCounter.table","NW_015090842.1:10091407",83,171,88
"CPNE7","s1680_S_VTA_03_ASEReadCounter.table","NW_015090842.1:10091530",76,166,90
"CPNE7","s1680_S_VTA_03_ASEReadCounter.table","NW_015090842.1:10091875",91,177,86
"CPNE7","s1680_S_VTA_03_ASEReadCounter.table","NW_015090842.1:10091983",77,163,86
"CPNE7","s1680_S_VTA_03_ASEReadCounter.table","NW_015090842.1:10091997",78,164,86
"CPNE7","s1680_S_VTA_03_ASEReadCounter.table","NW_015090842.1:10092038",46,109,63
"CPNE7","s1680_S_VTA_03_ASEReadCounter.table","NW_015090842.1:10092140",54,116,62
"CPNE7","s1680_S_VTA_03_ASEReadCounter.table","NW_015090842.1:10092183",43,94,51
"CPNE7","s1680_S_VTA_03_ASEReadCounter.table","NW_015090842.1:10092201",43,84,41
"CPNE7","s1680_S_VTA_03_ASEReadCounter.table","NW_015090842.1:10092230",26,55,29
"CPNE7","s1680_S_VTA_03_ASEReadCounter.table","NW_015090842.1:10092246",17,37,20
"LOC106888185","s1680_S_VTA_03_ASEReadCounter.table","NW_015090842.1:10094965",0,3,3
"LOC106888185","s1680_S_VTA_03_ASEReadCounter.table","NW_015090842.1:10094966",1,4,3
"LOC106888185","s1680_S_VTA_03_ASEReadCounter.table","NW_015090842.1:10094985",1,4,3
"LOC106888185","s1680_S_VTA_03_ASEReadCounter.table","NW_015090842.1:10095055",0,2,2
"LOC106888185","s1680_S_VTA_03_ASEReadCounter.table","NW_015090842.1:10095062",0,2,2
"LOC106888185","s1680_S_VTA_03_ASEReadCounter.table","NW_015090842.1:10095130",1,4,3
"LOC106888185","s1680_S_VTA_03_ASEReadCounter.table","NW_015090842.1:10095265",2,12,10
"LOC106888185","s1680_S_VTA_03_ASEReadCounter.table","NW_015090842.1:10095586",4,19,15
"LOC106888185","s1680_S_VTA_03_ASEReadCounter.table","NW_015090842.1:10095593",4,19,15
"LOC106888185","s1680_S_VTA_03_ASEReadCounter.table","NW_015090842.1:10095616",5,19,14
"LOC106888185","s1680_S_VTA_03_ASEReadCounter.table","NW_015090842.1:10095662",3,15,12
"LOC106888185","s1680_S_VTA_03_ASEReadCounter.table","NW_015090842.1:10095674",3,15,12
"LOC106888185","s1680_S_VTA_03_ASEReadCounter.table","NW_015090842.1:10095786",1,11,10
"LOC106888185","s1680_S_VTA_03_ASEReadCounter.table","NW_015090842.1:10095831",1,11,10
"LOC106888185","s1680_S_VTA_03_ASEReadCounter.table","NW_015090842.1:10096230",2,16,14
"LOC106888185","s1680_S_VTA_03_ASEReadCounter.table","NW_015090842.1:10096249",1,13,12
"LOC106888185","s1680_S_VTA_03_ASEReadCounter.table","NW_015090842.1:10096272",2,13,11
"LOC106888185","s1680_S_VTA_03_ASEReadCounter.table","NW_015090842.1:10096288",4,17,13
"LOC106888185","s1680_S_VTA_03_ASEReadCounter.table","NW_015090842.1:10097248",4,10,6
"LOC106888185","s1680_S_VTA_03_ASEReadCounter.table","NW_015090842.1:10097265",5,15,10
"LOC106888185","s1680_S_VTA_03_ASEReadCounter.table","NW_015090842.1:10097446",0,4,4
"DPEP1","s1680_S_VTA_03_ASEReadCounter.table","NW_015090842.1:10098518",0,1,1
"DPEP1","s1680_S_VTA_03_ASEReadCounter.table","NW_015090842.1:10098595",0,1,1
"DPEP1","s1680_S_VTA_03_ASEReadCounter.table","NW_015090842.1:10098597",0,1,1
"DPEP1","s1680_S_VTA_03_ASEReadCounter.table","NW_015090842.1:10098601",0,1,1
"DPEP1","s1680_S_VTA_03_ASEReadCounter.table","NW_015090842.1:10098630",0,2,2
"DPEP1","s1680_S_VTA_03_ASEReadCounter.table","NW_015090842.1:10098659",0,1,1
"DPEP1","s1680_S_VTA_03_ASEReadCounter.table","NW_015090842.1:10099765",0,2,2
"DPEP1","s1680_S_VTA_03_ASEReadCounter.table","NW_015090842.1:10099985",0,1,1
"DPEP1","s1680_S_VTA_03_ASEReadCounter.table","NW_015090842.1:10099991",0,1,1
"DPEP1","s1680_S_VTA_03_ASEReadCounter.table","NW_015090842.1:10100295",0,1,1
"DPEP1","s1680_S_VTA_03_ASEReadCounter.table","NW_015090842.1:10100529",0,2,2
"DPEP1","s1680_S_VTA_03_ASEReadCounter.table","NW_015090842.1:10100893",0,2,2
"DPEP1","s1680_S_VTA_03_ASEReadCounter.table","NW_015090842.1:10100902",0,2,2
"DPEP1","s1680_S_VTA_03_ASEReadCounter.table","NW_015090842.1:10101072",0,2,2
"DPEP1","s1680_S_VTA_03_ASEReadCounter.table","NW_015090842.1:10101199",0,1,1
"DPEP1","s1680_S_VTA_03_ASEReadCounter.table","NW_015090842.1:10101483",0,2,2
"DPEP1","s1680_S_VTA_03_ASEReadCounter.table","NW_015090842.1:10101497",0,1,1
"DPEP1","s1680_S_VTA_03_ASEReadCounter.table","NW_015090842.1:10101996",0,1,1
"DPEP1","s1680_S_VTA_03_ASEReadCounter.table","NW_015090842.1:10102014",0,1,1
"CHMP1A","s1680_S_VTA_03_ASEReadCounter.table","NW_015090842.1:10102901",64,156,92
"CHMP1A","s1680_S_VTA_03_ASEReadCounter.table","NW_015090842.1:10102961",39,135,96
"CHMP1A","s1680_S_VTA_03_ASEReadCounter.table","NW_015090842.1:10102996",39,136,97
"CHMP1A","s1680_S_VTA_03_ASEReadCounter.table","NW_015090842.1:10103004",48,153,105
"CHMP1A","s1680_S_VTA_03_ASEReadCounter.table","NW_015090842.1:10103006",48,152,104
"CHMP1A","s1680_S_VTA_03_ASEReadCounter.table","NW_015090842.1:10103052",85,205,120
"CHMP1A","s1680_S_VTA_03_ASEReadCounter.table","NW_015090842.1:10103095",82,185,103
"CHMP1A","s1680_S_VTA_03_ASEReadCounter.table","NW_015090842.1:10103096",80,184,104
"CHMP1A","s1680_S_VTA_03_ASEReadCounter.table","NW_015090842.1:10103152",67,127,60
"CHMP1A","s1680_S_VTA_03_ASEReadCounter.table","NW_015090842.1:10103334",53,130,77
"CHMP1A","s1680_S_VTA_03_ASEReadCounter.table","NW_015090842.1:10103373",18,96,78
"CHMP1A","s1680_S_VTA_03_ASEReadCounter.table","NW_015090842.1:10103408",37,118,81
"CHMP1A","s1680_S_VTA_03_ASEReadCounter.table","NW_015090842.1:10103412",42,125,83
"CHMP1A","s1680_S_VTA_03_ASEReadCounter.table","NW_015090842.1:10103512",56,130,74
"CHMP1A","s1680_S_VTA_03_ASEReadCounter.table","NW_015090842.1:10103513",57,132,75
"CHMP1A","s1680_S_VTA_03_ASEReadCounter.table","NW_015090842.1:10103583",45,104,59
"CHMP1A","s1680_S_VTA_03_ASEReadCounter.table","NW_015090842.1:10103614",38,98,60
"CHMP1A","s1680_S_VTA_03_ASEReadCounter.table","NW_015090842.1:10103657",47,109,62
"CHMP1A","s1680_S_VTA_03_ASEReadCounter.table","NW_015090842.1:10103669",39,94,55
"CHMP1A","s1680_S_VTA_03_ASEReadCounter.table","NW_015090842.1:10103674",37,89,52
"CHMP1A","s1680_S_VTA_03_ASEReadCounter.table","NW_015090842.1:10103677",34,87,53
"CHMP1A","s1680_S_VTA_03_ASEReadCounter.table","NW_015090842.1:10103729",54,116,62
"CHMP1A","s1680_S_VTA_03_ASEReadCounter.table","NW_015090842.1:10103758",55,118,63
"CHMP1A","s1680_S_VTA_03_ASEReadCounter.table","NW_015090842.1:10103761",58,125,67
"CHMP1A","s1680_S_VTA_03_ASEReadCounter.table","NW_015090842.1:10103788",60,145,85
"CHMP1A","s1680_S_VTA_03_ASEReadCounter.table","NW_015090842.1:10103789",62,146,84
"CHMP1A","s1680_S_VTA_03_ASEReadCounter.table","NW_015090842.1:10103790",61,147,86
"CHMP1A","s1680_S_VTA_03_ASEReadCounter.table","NW_015090842.1:10103950",63,121,58
"CHMP1A","s1680_S_VTA_03_ASEReadCounter.table","NW_015090842.1:10104335",39,82,43
"CHMP1A","s1680_S_VTA_03_ASEReadCounter.table","NW_015090842.1:10104429",47,100,53
"CHMP1A","s1680_S_VTA_03_ASEReadCounter.table","NW_015090842.1:10104532",53,104,51
"CHMP1A","s1680_S_VTA_03_ASEReadCounter.table","NW_015090842.1:10104633",41,89,48
"CHMP1A","s1680_S_VTA_03_ASEReadCounter.table","NW_015090842.1:10104759",42,91,49
"CHMP1A","s1680_S_VTA_03_ASEReadCounter.table","NW_015090842.1:10104794",46,94,48
"CHMP1A","s1680_S_VTA_03_ASEReadCounter.table","NW_015090842.1:10104844",21,74,53
"CHMP1A","s1680_S_VTA_03_ASEReadCounter.table","NW_015090842.1:10106290",32,86,54
"CHMP1A","s1680_S_VTA_03_ASEReadCounter.table","NW_015090842.1:10106335",38,92,54
"CHMP1A","s1680_S_VTA_03_ASEReadCounter.table","NW_015090842.1:10106383",41,102,61
"CHMP1A","s1680_S_VTA_03_ASEReadCounter.table","NW_015090842.1:10106747",47,105,58
"CHMP1A","s1680_S_VTA_03_ASEReadCounter.table","NW_015090842.1:10107404",52,105,53
"CHMP1A","s1680_S_VTA_03_ASEReadCounter.table","NW_015090842.1:10107410",53,108,55
"CHMP1A","s1680_S_VTA_03_ASEReadCounter.table","NW_015090842.1:10107876",50,96,46
"CDK10","s1680_S_VTA_03_ASEReadCounter.table","NW_015090842.1:10109030",6,7,1
"CDK10","s1680_S_VTA_03_ASEReadCounter.table","NW_015090842.1:10109963",31,97,66
"CDK10","s1680_S_VTA_03_ASEReadCounter.table","NW_015090842.1:10110887",21,75,54
"CDK10","s1680_S_VTA_03_ASEReadCounter.table","NW_015090842.1:10111254",14,63,49
"CDK10","s1680_S_VTA_03_ASEReadCounter.table","NW_015090842.1:10111380",13,68,55
"CDK10","s1680_S_VTA_03_ASEReadCounter.table","NW_015090842.1:10111395",16,62,46
"CDK10","s1680_S_VTA_03_ASEReadCounter.table","NW_015090842.1:10111437",9,61,52
"CDK10","s1680_S_VTA_03_ASEReadCounter.table","NW_015090842.1:10111798",22,97,75
"CDK10","s1680_S_VTA_03_ASEReadCounter.table","NW_015090842.1:10111840",20,101,81
"CDK10","s1680_S_VTA_03_ASEReadCounter.table","NW_015090842.1:10112031",26,109,83
"CDK10","s1680_S_VTA_03_ASEReadCounter.table","NW_015090842.1:10112285",35,118,83
"CDK10","s1680_S_VTA_03_ASEReadCounter.table","NW_015090842.1:10112398",37,125,88
"CDK10","s1680_S_VTA_03_ASEReadCounter.table","NW_015090842.1:10112455",40,133,93
"CDK10","s1680_S_VTA_03_ASEReadCounter.table","NW_015090842.1:10112461",39,127,88
"CDK10","s1680_S_VTA_03_ASEReadCounter.table","NW_015090842.1:10112497",35,111,76
"CDK10","s1680_S_VTA_03_ASEReadCounter.table","NW_015090842.1:10112508",31,111,80
"CDK10","s1680_S_VTA_03_ASEReadCounter.table","NW_015090842.1:10112518",24,93,69
"CDK10","s1680_S_VTA_03_ASEReadCounter.table","NW_015090842.1:10112540",7,87,80
"CDK10","s1680_S_VTA_03_ASEReadCounter.table","NW_015090842.1:10112556",23,97,74
"CDK10","s1680_S_VTA_03_ASEReadCounter.table","NW_015090842.1:10112561",26,111,85
"CDK10","s1680_S_VTA_03_ASEReadCounter.table","NW_015090842.1:10112596",34,109,75
"CDK10","s1680_S_VTA_03_ASEReadCounter.table","NW_015090842.1:10112630",26,92,66
"CDK10","s1680_S_VTA_03_ASEReadCounter.table","NW_015090842.1:10112656",26,92,66
"CDK10","s1680_S_VTA_03_ASEReadCounter.table","NW_015090842.1:10112665",19,69,50
"CDK10","s1680_S_VTA_03_ASEReadCounter.table","NW_015090842.1:10112668",18,70,52
"CDK10","s1680_S_VTA_03_ASEReadCounter.table","NW_015090842.1:10112781",9,40,31
"CDK10","s1680_S_VTA_03_ASEReadCounter.table","NW_015090842.1:10112782",9,40,31
"CDK10","s1680_S_VTA_03_ASEReadCounter.table","NW_015090842.1:10112795",8,38,30
"CDK10","s1680_S_VTA_03_ASEReadCounter.table","NW_015090842.1:10112841",2,13,11
"CDK10","s1680_S_VTA_03_ASEReadCounter.table","NW_015090842.1:10112861",2,8,6
"SPATA2L","s1680_S_VTA_03_ASEReadCounter.table","NW_015090842.1:10113212",21,58,37
"SPATA2L","s1680_S_VTA_03_ASEReadCounter.table","NW_015090842.1:10113280",28,87,59
"SPATA2L","s1680_S_VTA_03_ASEReadCounter.table","NW_015090842.1:10113296",29,88,59
"SPATA2L","s1680_S_VTA_03_ASEReadCounter.table","NW_015090842.1:10113321",37,92,55
"SPATA2L","s1680_S_VTA_03_ASEReadCounter.table","NW_015090842.1:10113332",43,108,65
"SPATA2L","s1680_S_VTA_03_ASEReadCounter.table","NW_015090842.1:10113380",50,116,66
"SPATA2L","s1680_S_VTA_03_ASEReadCounter.table","NW_015090842.1:10113381",49,114,65
"SPATA2L","s1680_S_VTA_03_ASEReadCounter.table","NW_015090842.1:10113412",51,125,74
"SPATA2L","s1680_S_VTA_03_ASEReadCounter.table","NW_015090842.1:10113421",51,124,73
"SPATA2L","s1680_S_VTA_03_ASEReadCounter.table","NW_015090842.1:10113465",37,111,74
"SPATA2L","s1680_S_VTA_03_ASEReadCounter.table","NW_015090842.1:10113535",43,115,72
"SPATA2L","s1680_S_VTA_03_ASEReadCounter.table","NW_015090842.1:10113645",43,137,94
"SPATA2L","s1680_S_VTA_03_ASEReadCounter.table","NW_015090842.1:10113682",54,165,111
"SPATA2L","s1680_S_VTA_03_ASEReadCounter.table","NW_015090842.1:10113696",52,154,102
"SPATA2L","s1680_S_VTA_03_ASEReadCounter.table","NW_015090842.1:10113727",51,160,109
"SPATA2L","s1680_S_VTA_03_ASEReadCounter.table","NW_015090842.1:10113729",154,154,0
"SPATA2L","s1680_S_VTA_03_ASEReadCounter.table","NW_015090842.1:10113799",58,156,98
"SPATA2L","s1680_S_VTA_03_ASEReadCounter.table","NW_015090842.1:10113809",80,189,109
"SPATA2L","s1680_S_VTA_03_ASEReadCounter.table","NW_015090842.1:10113827",81,180,99
"SPATA2L","s1680_S_VTA_03_ASEReadCounter.table","NW_015090842.1:10113831",82,183,101
"SPATA2L","s1680_S_VTA_03_ASEReadCounter.table","NW_015090842.1:10113894",67,154,87
"SPATA2L","s1680_S_VTA_03_ASEReadCounter.table","NW_015090842.1:10113905",46,138,92
"SPATA2L","s1680_S_VTA_03_ASEReadCounter.table","NW_015090842.1:10113914",47,138,91
"SPATA2L","s1680_S_VTA_03_ASEReadCounter.table","NW_015090842.1:10113920",57,154,97
"SPATA2L","s1680_S_VTA_03_ASEReadCounter.table","NW_015090842.1:10113937",65,168,103
"SPATA2L","s1680_S_VTA_03_ASEReadCounter.table","NW_015090842.1:10113971",56,156,100
"SPATA2L","s1680_S_VTA_03_ASEReadCounter.table","NW_015090842.1:10113976",48,166,118
"SPATA2L","s1680_S_VTA_03_ASEReadCounter.table","NW_015090842.1:10113985",54,152,98
"SPATA2L","s1680_S_VTA_03_ASEReadCounter.table","NW_015090842.1:10113994",64,175,111
"SPATA2L","s1680_S_VTA_03_ASEReadCounter.table","NW_015090842.1:10114063",45,133,88
"SPATA2L","s1680_S_VTA_03_ASEReadCounter.table","NW_015090842.1:10114066",43,131,88
"SPATA2L","s1680_S_VTA_03_ASEReadCounter.table","NW_015090842.1:10114069",43,128,85
"SPATA2L","s1680_S_VTA_03_ASEReadCounter.table","NW_015090842.1:10114159",29,76,47
"SPATA2L","s1680_S_VTA_03_ASEReadCounter.table","NW_015090842.1:10114262",105,105,0
"SPATA2L","s1680_S_VTA_03_ASEReadCounter.table","NW_015090842.1:10114470",27,71,44
"SPATA2L","s1680_S_VTA_03_ASEReadCounter.table","NW_015090842.1:10114524",14,60,46
"VPS9D1","s1680_S_VTA_03_ASEReadCounter.table","NW_015090842.1:10116377",19,74,55
"VPS9D1","s1680_S_VTA_03_ASEReadCounter.table","NW_015090842.1:10116415",20,84,64
"VPS9D1","s1680_S_VTA_03_ASEReadCounter.table","NW_015090842.1:10116607",19,72,53
"VPS9D1","s1680_S_VTA_03_ASEReadCounter.table","NW_015090842.1:10116821",21,52,31
"VPS9D1","s1680_S_VTA_03_ASEReadCounter.table","NW_015090842.1:10116825",22,49,27
"VPS9D1","s1680_S_VTA_03_ASEReadCounter.table","NW_015090842.1:10116882",20,49,29
"VPS9D1","s1680_S_VTA_03_ASEReadCounter.table","NW_015090842.1:10116933",26,55,29
"VPS9D1","s1680_S_VTA_03_ASEReadCounter.table","NW_015090842.1:10116942",24,57,33
"VPS9D1","s1680_S_VTA_03_ASEReadCounter.table","NW_015090842.1:10117152",24,67,43
"VPS9D1","s1680_S_VTA_03_ASEReadCounter.table","NW_015090842.1:10117480",16,51,35
"VPS9D1","s1680_S_VTA_03_ASEReadCounter.table","NW_015090842.1:10117497",15,45,30
"VPS9D1","s1680_S_VTA_03_ASEReadCounter.table","NW_015090842.1:10117499",13,43,30
"VPS9D1","s1680_S_VTA_03_ASEReadCounter.table","NW_015090842.1:10117516",16,55,39
"VPS9D1","s1680_S_VTA_03_ASEReadCounter.table","NW_015090842.1:10117525",17,55,38
"VPS9D1","s1680_S_VTA_03_ASEReadCounter.table","NW_015090842.1:10117579",16,60,44
"VPS9D1","s1680_S_VTA_03_ASEReadCounter.table","NW_015090842.1:10117627",11,39,28
"VPS9D1","s1680_S_VTA_03_ASEReadCounter.table","NW_015090842.1:10117678",6,44,38
"VPS9D1","s1680_S_VTA_03_ASEReadCounter.table","NW_015090842.1:10117773",23,72,49
"VPS9D1","s1680_S_VTA_03_ASEReadCounter.table","NW_015090842.1:10117937",20,69,49
"VPS9D1","s1680_S_VTA_03_ASEReadCounter.table","NW_015090842.1:10117961",20,68,48
"VPS9D1","s1680_S_VTA_03_ASEReadCounter.table","NW_015090842.1:10118236",21,77,56
"VPS9D1","s1680_S_VTA_03_ASEReadCounter.table","NW_015090842.1:10118414",25,77,52
"VPS9D1","s1680_S_VTA_03_ASEReadCounter.table","NW_015090842.1:10118973",17,69,52
"VPS9D1","s1680_S_VTA_03_ASEReadCounter.table","NW_015090842.1:10119500",23,56,33
"ZNF276","s1680_S_VTA_03_ASEReadCounter.table","NW_015090842.1:10121760",2,8,6
"ZNF276","s1680_S_VTA_03_ASEReadCounter.table","NW_015090842.1:10121769",2,8,6
"ZNF276","s1680_S_VTA_03_ASEReadCounter.table","NW_015090842.1:10121802",5,12,7
"ZNF276","s1680_S_VTA_03_ASEReadCounter.table","NW_015090842.1:10121971",6,19,13
"ZNF276","s1680_S_VTA_03_ASEReadCounter.table","NW_015090842.1:10122161",20,20,0
"ZNF276","s1680_S_VTA_03_ASEReadCounter.table","NW_015090842.1:10122164",19,19,0
"ZNF276","s1680_S_VTA_03_ASEReadCounter.table","NW_015090842.1:10122184",23,23,0
"ZNF276","s1680_S_VTA_03_ASEReadCounter.table","NW_015090842.1:10122883",10,21,11
"ZNF276","s1680_S_VTA_03_ASEReadCounter.table","NW_015090842.1:10122997",6,14,8
"ZNF276","s1680_S_VTA_03_ASEReadCounter.table","NW_015090842.1:10123069",9,23,14
"ZNF276","s1680_S_VTA_03_ASEReadCounter.table","NW_015090842.1:10123207",12,32,20
"ZNF276","s1680_S_VTA_03_ASEReadCounter.table","NW_015090842.1:10125787",22,53,31
"ZNF276","s1680_S_VTA_03_ASEReadCounter.table","NW_015090842.1:10126309",18,49,31
"ZNF276","s1680_S_VTA_03_ASEReadCounter.table","NW_015090842.1:10126348",22,56,34
"ZNF276","s1680_S_VTA_03_ASEReadCounter.table","NW_015090842.1:10126978",29,62,33
"ZNF276","s1680_S_VTA_03_ASEReadCounter.table","NW_015090842.1:10126991",27,63,36
"ZNF276","s1680_S_VTA_03_ASEReadCounter.table","NW_015090842.1:10127023",23,58,35
"ZNF276","s1680_S_VTA_03_ASEReadCounter.table","NW_015090842.1:10127063",14,50,36
"ZNF276","s1680_S_VTA_03_ASEReadCounter.table","NW_015090842.1:10127373",24,58,34
"ZNF276","s1680_S_VTA_03_ASEReadCounter.table","NW_015090842.1:10127931",34,63,29
"ZNF276","s1680_S_VTA_03_ASEReadCounter.table","NW_015090842.1:10128070",28,69,41
"ZNF276","s1680_S_VTA_03_ASEReadCounter.table","NW_015090842.1:10128102",25,70,45
"ZNF276","s1680_S_VTA_03_ASEReadCounter.table","NW_015090842.1:10128356",25,61,36
"ZNF276","s1680_S_VTA_03_ASEReadCounter.table","NW_015090842.1:10128497",21,46,25
"FANCA","s1680_S_VTA_03_ASEReadCounter.table","NW_015090842.1:10128743",1,5,4
"FANCA","s1680_S_VTA_03_ASEReadCounter.table","NW_015090842.1:10128822",1,2,1
"FANCA","s1680_S_VTA_03_ASEReadCounter.table","NW_015090842.1:10129383",0,3,3
"FANCA","s1680_S_VTA_03_ASEReadCounter.table","NW_015090842.1:10129390",0,3,3
"FANCA","s1680_S_VTA_03_ASEReadCounter.table","NW_015090842.1:10129422",0,3,3
"FANCA","s1680_S_VTA_03_ASEReadCounter.table","NW_015090842.1:10129969",2,3,1
"FANCA","s1680_S_VTA_03_ASEReadCounter.table","NW_015090842.1:10130399",2,2,0
"FANCA","s1680_S_VTA_03_ASEReadCounter.table","NW_015090842.1:10133530",1,1,0
"FANCA","s1680_S_VTA_03_ASEReadCounter.table","NW_015090842.1:10133533",1,1,0
"FANCA","s1680_S_VTA_03_ASEReadCounter.table","NW_015090842.1:10133536",1,1,0
"FANCA","s1680_S_VTA_03_ASEReadCounter.table","NW_015090842.1:10133601",2,2,0
"FANCA","s1680_S_VTA_03_ASEReadCounter.table","NW_015090842.1:10134492",1,1,0
"FANCA","s1680_S_VTA_03_ASEReadCounter.table","NW_015090842.1:10136957",0,1,1
"FANCA","s1680_S_VTA_03_ASEReadCounter.table","NW_015090842.1:10136982",1,1,0
"FANCA","s1680_S_VTA_03_ASEReadCounter.table","NW_015090842.1:10136999",1,1,0
"FANCA","s1680_S_VTA_03_ASEReadCounter.table","NW_015090842.1:10137019",1,1,0
"FANCA","s1680_S_VTA_03_ASEReadCounter.table","NW_015090842.1:10138618",1,2,1
"FANCA","s1680_S_VTA_03_ASEReadCounter.table","NW_015090842.1:10145030",2,2,0
"FANCA","s1680_S_VTA_03_ASEReadCounter.table","NW_015090842.1:10152863",1,1,0
"SPIRE2","s1680_S_VTA_03_ASEReadCounter.table","NW_015090842.1:10172284",27,42,15
"SPIRE2","s1680_S_VTA_03_ASEReadCounter.table","NW_015090842.1:10175262",46,73,27
"SPIRE2","s1680_S_VTA_03_ASEReadCounter.table","NW_015090842.1:10175352",19,33,14
"SPIRE2","s1680_S_VTA_03_ASEReadCounter.table","NW_015090842.1:10175400",52,108,56
"SPIRE2","s1680_S_VTA_03_ASEReadCounter.table","NW_015090842.1:10175418",56,115,59
"SPIRE2","s1680_S_VTA_03_ASEReadCounter.table","NW_015090842.1:10175704",74,149,75
"SPIRE2","s1680_S_VTA_03_ASEReadCounter.table","NW_015090842.1:10176115",91,195,104
"SPIRE2","s1680_S_VTA_03_ASEReadCounter.table","NW_015090842.1:10176561",86,213,127
"SPIRE2","s1680_S_VTA_03_ASEReadCounter.table","NW_015090842.1:10176817",89,198,109
"SPIRE2","s1680_S_VTA_03_ASEReadCounter.table","NW_015090842.1:10177084",54,130,76
"SPIRE2","s1680_S_VTA_03_ASEReadCounter.table","NW_015090842.1:10177838",102,222,120
"SPIRE2","s1680_S_VTA_03_ASEReadCounter.table","NW_015090842.1:10178000",114,267,153
"SPIRE2","s1680_S_VTA_03_ASEReadCounter.table","NW_015090842.1:10178164",119,274,155
"SPIRE2","s1680_S_VTA_03_ASEReadCounter.table","NW_015090842.1:10178216",116,303,187
"SPIRE2","s1680_S_VTA_03_ASEReadCounter.table","NW_015090842.1:10178303",108,233,125
"SPIRE2","s1680_S_VTA_03_ASEReadCounter.table","NW_015090842.1:10178403",127,258,131
"SPIRE2","s1680_S_VTA_03_ASEReadCounter.table","NW_015090842.1:10178409",124,241,117
"SPIRE2","s1680_S_VTA_03_ASEReadCounter.table","NW_015090842.1:10178524",111,228,117
"SPIRE2","s1680_S_VTA_03_ASEReadCounter.table","NW_015090842.1:10178526",110,227,117
"SPIRE2","s1680_S_VTA_03_ASEReadCounter.table","NW_015090842.1:10178531",109,230,121
"SPIRE2","s1680_S_VTA_03_ASEReadCounter.table","NW_015090842.1:10178565",130,257,127
"SPIRE2","s1680_S_VTA_03_ASEReadCounter.table","NW_015090842.1:10178587",109,214,105
"SPIRE2","s1680_S_VTA_03_ASEReadCounter.table","NW_015090842.1:10178640",79,172,93
"SPIRE2","s1680_S_VTA_03_ASEReadCounter.table","NW_015090842.1:10178651",85,184,99
"SPIRE2","s1680_S_VTA_03_ASEReadCounter.table","NW_015090842.1:10178682",78,162,84
"TCF25","s1680_S_VTA_03_ASEReadCounter.table","NW_015090842.1:10180912",30,63,33
"TCF25","s1680_S_VTA_03_ASEReadCounter.table","NW_015090842.1:10180924",32,67,35
"TCF25","s1680_S_VTA_03_ASEReadCounter.table","NW_015090842.1:10180931",37,72,35
"TCF25","s1680_S_VTA_03_ASEReadCounter.table","NW_015090842.1:10185332",104,180,76
"TCF25","s1680_S_VTA_03_ASEReadCounter.table","NW_015090842.1:10196561",79,145,66
"TCF25","s1680_S_VTA_03_ASEReadCounter.table","NW_015090842.1:10197399",212,212,0
"MC1R","s1680_S_VTA_03_ASEReadCounter.table","NW_015090842.1:10201986",0,1,1
"MC1R","s1680_S_VTA_03_ASEReadCounter.table","NW_015090842.1:10202160",1,2,1
"MC1R","s1680_S_VTA_03_ASEReadCounter.table","NW_015090842.1:10202447",0,2,2
"TUBB3","s1680_S_VTA_03_ASEReadCounter.table","NW_015090842.1:10205322",2,3,1
"GAS8","s1680_S_VTA_03_ASEReadCounter.table","NW_015090842.1:10228982",9,25,16
"GAS8","s1680_S_VTA_03_ASEReadCounter.table","NW_015090842.1:10229832",8,25,17
"GAS8","s1680_S_VTA_03_ASEReadCounter.table","NW_015090842.1:10232901",26,51,25
"GAS8","s1680_S_VTA_03_ASEReadCounter.table","NW_015090842.1:10232928",25,54,29
"GAS8","s1680_S_VTA_03_ASEReadCounter.table","NW_015090842.1:10232967",27,56,29
"GAS8","s1680_S_VTA_03_ASEReadCounter.table","NW_015090842.1:10233032",18,34,16
"GAS8","s1680_S_VTA_03_ASEReadCounter.table","NW_015090842.1:10233057",15,30,15
"GAS8","s1680_S_VTA_03_ASEReadCounter.table","NW_015090842.1:10233058",15,30,15
"GAS8","s1680_S_VTA_03_ASEReadCounter.table","NW_015090842.1:10233176",25,42,17
"GAS8","s1680_S_VTA_03_ASEReadCounter.table","NW_015090842.1:10233196",26,43,17
"GAS8","s1680_S_VTA_03_ASEReadCounter.table","NW_015090842.1:10233252",20,29,9
"GAS8","s1680_S_VTA_03_ASEReadCounter.table","NW_015090842.1:10233303",7,13,6
"LOC106888094","s1680_S_VTA_03_ASEReadCounter.table","NW_015090842.1:10233334",2,7,5
"LOC106888094","s1680_S_VTA_03_ASEReadCounter.table","NW_015090842.1:10233362",4,20,16
"LOC106888094","s1680_S_VTA_03_ASEReadCounter.table","NW_015090842.1:10233373",5,21,16
"LOC106888094","s1680_S_VTA_03_ASEReadCounter.table","NW_015090842.1:10233388",6,27,21
"LOC106888094","s1680_S_VTA_03_ASEReadCounter.table","NW_015090842.1:10233402",7,27,20
"LOC106888094","s1680_S_VTA_03_ASEReadCounter.table","NW_015090842.1:10233465",10,36,26
"LOC106888094","s1680_S_VTA_03_ASEReadCounter.table","NW_015090842.1:10233803",20,59,39
"LOC106888094","s1680_S_VTA_03_ASEReadCounter.table","NW_015090842.1:10233815",18,54,36
"LOC106888094","s1680_S_VTA_03_ASEReadCounter.table","NW_015090842.1:10235484",5,7,2
"LOC106888094","s1680_S_VTA_03_ASEReadCounter.table","NW_015090842.1:10235611",2,4,2
"LOC106888094","s1680_S_VTA_03_ASEReadCounter.table","NW_015090842.1:10235977",5,5,0
"LOC106888094","s1680_S_VTA_03_ASEReadCounter.table","NW_015090842.1:10236098",4,7,3
"LOC106888094","s1680_S_VTA_03_ASEReadCounter.table","NW_015090842.1:10236161",4,6,2
"LOC106888094","s1680_S_VTA_03_ASEReadCounter.table","NW_015090842.1:10236380",2,4,2
"LOC106888094","s1680_S_VTA_03_ASEReadCounter.table","NW_015090842.1:10236388",2,4,2
"LOC106888094","s1680_S_VTA_03_ASEReadCounter.table","NW_015090842.1:10236425",1,2,1
"LOC106888094","s1680_S_VTA_03_ASEReadCounter.table","NW_015090842.1:10236426",1,2,1
"LOC106888094","s1680_S_VTA_03_ASEReadCounter.table","NW_015090842.1:10236603",1,1,0
"LOC106888173","s1680_S_VTA_03_ASEReadCounter.table","NW_015090842.1:10239596",3,11,8
"LOC106888173","s1680_S_VTA_03_ASEReadCounter.table","NW_015090842.1:10240036",5,27,22
"LOC106888173","s1680_S_VTA_03_ASEReadCounter.table","NW_015090842.1:10240095",10,35,25
"LOC106888173","s1680_S_VTA_03_ASEReadCounter.table","NW_015090842.1:10240280",7,39,32
"LOC106888173","s1680_S_VTA_03_ASEReadCounter.table","NW_015090842.1:10240557",15,53,38
"LOC106888173","s1680_S_VTA_03_ASEReadCounter.table","NW_015090842.1:10240603",9,49,40
"LOC106888173","s1680_S_VTA_03_ASEReadCounter.table","NW_015090842.1:10240609",11,50,39
"LOC106888173","s1680_S_VTA_03_ASEReadCounter.table","NW_015090842.1:10240924",13,55,42
"LOC106888173","s1680_S_VTA_03_ASEReadCounter.table","NW_015090842.1:10241037",7,50,43
"LOC106888173","s1680_S_VTA_03_ASEReadCounter.table","NW_015090842.1:10241046",9,50,41
"LOC106888173","s1680_S_VTA_03_ASEReadCounter.table","NW_015090842.1:10241058",8,52,44
"LOC106888173","s1680_S_VTA_03_ASEReadCounter.table","NW_015090842.1:10241064",10,56,46
"LOC106888173","s1680_S_VTA_03_ASEReadCounter.table","NW_015090842.1:10241163",16,59,43
"LOC106888173","s1680_S_VTA_03_ASEReadCounter.table","NW_015090842.1:10241803",17,61,44
"LOC106888173","s1680_S_VTA_03_ASEReadCounter.table","NW_015090842.1:10241827",22,70,48
"LOC106888173","s1680_S_VTA_03_ASEReadCounter.table","NW_015090842.1:10241869",22,69,47
"LOC106888173","s1680_S_VTA_03_ASEReadCounter.table","NW_015090842.1:10242079",18,49,31
"LOC106888173","s1680_S_VTA_03_ASEReadCounter.table","NW_015090842.1:10242103",17,54,37
"LOC106888173","s1680_S_VTA_03_ASEReadCounter.table","NW_015090842.1:10242157",18,65,47
"LOC106888173","s1680_S_VTA_03_ASEReadCounter.table","NW_015090842.1:10242455",17,60,43
"LOC106888173","s1680_S_VTA_03_ASEReadCounter.table","NW_015090842.1:10242481",12,58,46
"LOC106888173","s1680_S_VTA_03_ASEReadCounter.table","NW_015090842.1:10242590",17,52,35
"LOC106888173","s1680_S_VTA_03_ASEReadCounter.table","NW_015090842.1:10242794",13,43,30
"LOC106888173","s1680_S_VTA_03_ASEReadCounter.table","NW_015090842.1:10242909",13,54,41
"LOC106888173","s1680_S_VTA_03_ASEReadCounter.table","NW_015090842.1:10243094",24,53,29
"LOC106888173","s1680_S_VTA_03_ASEReadCounter.table","NW_015090842.1:10243133",26,60,34
"LOC106888173","s1680_S_VTA_03_ASEReadCounter.table","NW_015090842.1:10243273",27,78,51
"LOC106888173","s1680_S_VTA_03_ASEReadCounter.table","NW_015090842.1:10243278",28,80,52
"LOC106888173","s1680_S_VTA_03_ASEReadCounter.table","NW_015090842.1:10243281",28,81,53
"LOC106888173","s1680_S_VTA_03_ASEReadCounter.table","NW_015090842.1:10243347",46,46,0
"LOC106888173","s1680_S_VTA_03_ASEReadCounter.table","NW_015090842.1:10243353",19,42,23
"LOC106888173","s1680_S_VTA_03_ASEReadCounter.table","NW_015090842.1:10243363",15,31,16
"LOC106888173","s1680_S_VTA_03_ASEReadCounter.table","NW_015090842.1:10243365",15,32,17
"LOC106888173","s1680_S_VTA_03_ASEReadCounter.table","NW_015090842.1:10243529",8,33,25
"LOC106888173","s1680_S_VTA_03_ASEReadCounter.table","NW_015090842.1:10243566",18,60,42
"LOC106888173","s1680_S_VTA_03_ASEReadCounter.table","NW_015090842.1:10243605",24,65,41
"LOC106888173","s1680_S_VTA_03_ASEReadCounter.table","NW_015090842.1:10243614",19,58,39
"LOC106888173","s1680_S_VTA_03_ASEReadCounter.table","NW_015090842.1:10243615",19,59,40
"LOC106888173","s1680_S_VTA_03_ASEReadCounter.table","NW_015090842.1:10243640",17,54,37
"LOC106888173","s1680_S_VTA_03_ASEReadCounter.table","NW_015090842.1:10243680",19,52,33
"LOC106888173","s1680_S_VTA_03_ASEReadCounter.table","NW_015090842.1:10243742",23,61,38
"LOC106888173","s1680_S_VTA_03_ASEReadCounter.table","NW_015090842.1:10243804",17,47,30
"LOC106888173","s1680_S_VTA_03_ASEReadCounter.table","NW_015090842.1:10243913",13,24,11
"LOC106888173","s1680_S_VTA_03_ASEReadCounter.table","NW_015090842.1:10243921",11,22,11
"LOC106888384","s1680_S_VTA_03_ASEReadCounter.table","NW_015090842.1:10251343",1,1,0
"LOC106888384","s1680_S_VTA_03_ASEReadCounter.table","NW_015090842.1:10251344",1,1,0
"LOC106888384","s1680_S_VTA_03_ASEReadCounter.table","NW_015090842.1:10251349",1,1,0
"LOC106888384","s1680_S_VTA_03_ASEReadCounter.table","NW_015090842.1:10251354",1,5,4
"LOC106888384","s1680_S_VTA_03_ASEReadCounter.table","NW_015090842.1:10251358",1,5,4
"LOC106888384","s1680_S_VTA_03_ASEReadCounter.table","NW_015090842.1:10251369",0,4,4
"LOC106888384","s1680_S_VTA_03_ASEReadCounter.table","NW_015090842.1:10251370",0,4,4
"LOC106888384","s1680_S_VTA_03_ASEReadCounter.table","NW_015090842.1:10251375",0,4,4
"LOC106888384","s1680_S_VTA_03_ASEReadCounter.table","NW_015090842.1:10251388",0,4,4
"LOC106888384","s1680_S_VTA_03_ASEReadCounter.table","NW_015090842.1:10251390",0,4,4
"LOC106888384","s1680_S_VTA_03_ASEReadCounter.table","NW_015090842.1:10251393",0,4,4
"LOC106888384","s1680_S_VTA_03_ASEReadCounter.table","NW_015090842.1:10251399",0,4,4
"LOC106888384","s1680_S_VTA_03_ASEReadCounter.table","NW_015090842.1:10251492",2,2,0
"LOC106888384","s1680_S_VTA_03_ASEReadCounter.table","NW_015090842.1:10253165",1,2,1
"LOC106888384","s1680_S_VTA_03_ASEReadCounter.table","NW_015090842.1:10253284",1,2,1
"LOC106888384","s1680_S_VTA_03_ASEReadCounter.table","NW_015090842.1:10254028",0,1,1
"LOC106888384","s1680_S_VTA_03_ASEReadCounter.table","NW_015090842.1:10254227",2,3,1
"LOC106888384","s1680_S_VTA_03_ASEReadCounter.table","NW_015090842.1:10254233",1,2,1
"LOC106888384","s1680_S_VTA_03_ASEReadCounter.table","NW_015090842.1:10254263",3,3,0
"LOC106888384","s1680_S_VTA_03_ASEReadCounter.table","NW_015090842.1:10254293",2,2,0
"LOC106888384","s1680_S_VTA_03_ASEReadCounter.table","NW_015090842.1:10254570",2,3,1
"LOC106888384","s1680_S_VTA_03_ASEReadCounter.table","NW_015090842.1:10254647",1,1,0
"LOC106888384","s1680_S_VTA_03_ASEReadCounter.table","NW_015090842.1:10254663",1,1,0
"LOC106888384","s1680_S_VTA_03_ASEReadCounter.table","NW_015090842.1:10254854",0,1,1
"LOC106888384","s1680_S_VTA_03_ASEReadCounter.table","NW_015090842.1:10254975",0,1,1
"LOC106888384","s1680_S_VTA_03_ASEReadCounter.table","NW_015090842.1:10255077",2,2,0
"LOC106888384","s1680_S_VTA_03_ASEReadCounter.table","NW_015090842.1:10255117",3,3,0
"LOC106888384","s1680_S_VTA_03_ASEReadCounter.table","NW_015090842.1:10255138",2,2,0
"LOC106888384","s1680_S_VTA_03_ASEReadCounter.table","NW_015090842.1:10255139",2,2,0
"LOC106888384","s1680_S_VTA_03_ASEReadCounter.table","NW_015090842.1:10255209",1,1,0
"LOC106888384","s1680_S_VTA_03_ASEReadCounter.table","NW_015090842.1:10255211",1,1,0
"LOC106888384","s1680_S_VTA_03_ASEReadCounter.table","NW_015090842.1:10255236",1,1,0
"LOC106888384","s1680_S_VTA_03_ASEReadCounter.table","NW_015090842.1:10255262",1,1,0
"LOC106888384","s1680_S_VTA_03_ASEReadCounter.table","NW_015090842.1:10255264",1,1,0
"LOC106888384","s1680_S_VTA_03_ASEReadCounter.table","NW_015090842.1:10255306",1,1,0
"LOC106888384","s1680_S_VTA_03_ASEReadCounter.table","NW_015090842.1:10255340",1,2,1
"LOC106888384","s1680_S_VTA_03_ASEReadCounter.table","NW_015090842.1:10255410",0,1,1
"LOC106888384","s1680_S_VTA_03_ASEReadCounter.table","NW_015090842.1:10255496",0,1,1
"LOC106888384","s1680_S_VTA_03_ASEReadCounter.table","NW_015090842.1:10255505",0,1,1
"LOC106888384","s1680_S_VTA_03_ASEReadCounter.table","NW_015090842.1:10255531",0,2,2
"LOC106888384","s1680_S_VTA_03_ASEReadCounter.table","NW_015090842.1:10255608",0,1,1
"LOC106888384","s1680_S_VTA_03_ASEReadCounter.table","NW_015090842.1:10255614",0,1,1
"LOC106888384","s1680_S_VTA_03_ASEReadCounter.table","NW_015090842.1:10255704",3,3,0
"LOC106888384","s1680_S_VTA_03_ASEReadCounter.table","NW_015090842.1:10255731",2,2,0
"LOC106888384","s1680_S_VTA_03_ASEReadCounter.table","NW_015090842.1:10255771",1,2,1
"TANGO6","s1680_S_VTA_03_ASEReadCounter.table","NW_015090842.1:10257782",13,18,5
"TANGO6","s1680_S_VTA_03_ASEReadCounter.table","NW_015090842.1:10258162",8,14,6
"TANGO6","s1680_S_VTA_03_ASEReadCounter.table","NW_015090842.1:10258185",9,17,8
"TANGO6","s1680_S_VTA_03_ASEReadCounter.table","NW_015090842.1:10259267",8,21,13
"TANGO6","s1680_S_VTA_03_ASEReadCounter.table","NW_015090842.1:10260250",26,46,20
"TANGO6","s1680_S_VTA_03_ASEReadCounter.table","NW_015090842.1:10260979",22,29,7
"TANGO6","s1680_S_VTA_03_ASEReadCounter.table","NW_015090842.1:10261599",28,39,11
"TANGO6","s1680_S_VTA_03_ASEReadCounter.table","NW_015090842.1:10268425",47,69,22
"TANGO6","s1680_S_VTA_03_ASEReadCounter.table","NW_015090842.1:10269831",25,47,22
"TANGO6","s1680_S_VTA_03_ASEReadCounter.table","NW_015090842.1:10270813",33,56,23
"TANGO6","s1680_S_VTA_03_ASEReadCounter.table","NW_015090842.1:10273952",15,33,18
"TANGO6","s1680_S_VTA_03_ASEReadCounter.table","NW_015090842.1:10273970",23,42,19
"TANGO6","s1680_S_VTA_03_ASEReadCounter.table","NW_015090842.1:10274018",26,45,19
"TANGO6","s1680_S_VTA_03_ASEReadCounter.table","NW_015090842.1:10275974",27,47,20
"TANGO6","s1680_S_VTA_03_ASEReadCounter.table","NW_015090842.1:10275976",27,47,20
"TANGO6","s1680_S_VTA_03_ASEReadCounter.table","NW_015090842.1:10276123",26,48,22
"TANGO6","s1680_S_VTA_03_ASEReadCounter.table","NW_015090842.1:10276271",23,39,16
"TANGO6","s1680_S_VTA_03_ASEReadCounter.table","NW_015090842.1:10276272",22,38,16
"TANGO6","s1680_S_VTA_03_ASEReadCounter.table","NW_015090842.1:10276275",24,42,18
"TANGO6","s1680_S_VTA_03_ASEReadCounter.table","NW_015090842.1:10276278",24,43,19
"TANGO6","s1680_S_VTA_03_ASEReadCounter.table","NW_015090842.1:10276368",22,37,15
"TANGO6","s1680_S_VTA_03_ASEReadCounter.table","NW_015090842.1:10276373",25,38,13
"TANGO6","s1680_S_VTA_03_ASEReadCounter.table","NW_015090842.1:10276630",22,44,22
"TANGO6","s1680_S_VTA_03_ASEReadCounter.table","NW_015090842.1:10281498",30,54,24
"TANGO6","s1680_S_VTA_03_ASEReadCounter.table","NW_015090842.1:10282842",34,59,25
"TANGO6","s1680_S_VTA_03_ASEReadCounter.table","NW_015090842.1:10282863",23,42,19
"TANGO6","s1680_S_VTA_03_ASEReadCounter.table","NW_015090842.1:10282869",25,45,20
"TANGO6","s1680_S_VTA_03_ASEReadCounter.table","NW_015090842.1:10282903",27,51,24
"TANGO6","s1680_S_VTA_03_ASEReadCounter.table","NW_015090842.1:10283757",36,66,30
"TANGO6","s1680_S_VTA_03_ASEReadCounter.table","NW_015090842.1:10283785",38,64,26
"HAS3","s1680_S_VTA_03_ASEReadCounter.table","NW_015090842.1:10288093",1,2,1
"HAS3","s1680_S_VTA_03_ASEReadCounter.table","NW_015090842.1:10288266",0,1,1
"HAS3","s1680_S_VTA_03_ASEReadCounter.table","NW_015090842.1:10288274",0,1,1
"HAS3","s1680_S_VTA_03_ASEReadCounter.table","NW_015090842.1:10289469",0,2,2
"HAS3","s1680_S_VTA_03_ASEReadCounter.table","NW_015090842.1:10289708",1,1,0
"HAS3","s1680_S_VTA_03_ASEReadCounter.table","NW_015090842.1:10290375",0,3,3
"HAS3","s1680_S_VTA_03_ASEReadCounter.table","NW_015090842.1:10290395",0,1,1
"HAS3","s1680_S_VTA_03_ASEReadCounter.table","NW_015090842.1:10290561",1,1,0
"HAS3","s1680_S_VTA_03_ASEReadCounter.table","NW_015090842.1:10290609",2,3,1
"HAS3","s1680_S_VTA_03_ASEReadCounter.table","NW_015090842.1:10290666",2,4,2
"HAS3","s1680_S_VTA_03_ASEReadCounter.table","NW_015090842.1:10290723",0,1,1
"HAS3","s1680_S_VTA_03_ASEReadCounter.table","NW_015090842.1:10290927",2,4,2
"HAS3","s1680_S_VTA_03_ASEReadCounter.table","NW_015090842.1:10291004",1,4,3
"CHTF8","s1680_S_VTA_03_ASEReadCounter.table","NW_015090842.1:10291319",3,4,1
"CHTF8","s1680_S_VTA_03_ASEReadCounter.table","NW_015090842.1:10291342",3,5,2
"CHTF8","s1680_S_VTA_03_ASEReadCounter.table","NW_015090842.1:10291491",8,10,2
"CHTF8","s1680_S_VTA_03_ASEReadCounter.table","NW_015090842.1:10291520",7,11,4
"CHTF8","s1680_S_VTA_03_ASEReadCounter.table","NW_015090842.1:10291593",7,13,6
"CHTF8","s1680_S_VTA_03_ASEReadCounter.table","NW_015090842.1:10291600",5,12,7
"CHTF8","s1680_S_VTA_03_ASEReadCounter.table","NW_015090842.1:10291609",4,11,7
"CHTF8","s1680_S_VTA_03_ASEReadCounter.table","NW_015090842.1:10291639",5,11,6
"CHTF8","s1680_S_VTA_03_ASEReadCounter.table","NW_015090842.1:10291641",5,11,6
"CHTF8","s1680_S_VTA_03_ASEReadCounter.table","NW_015090842.1:10291648",5,11,6
"CHTF8","s1680_S_VTA_03_ASEReadCounter.table","NW_015090842.1:10291656",4,12,8
"CHTF8","s1680_S_VTA_03_ASEReadCounter.table","NW_015090842.1:10291675",2,8,6
"CHTF8","s1680_S_VTA_03_ASEReadCounter.table","NW_015090842.1:10291696",2,9,7
"CHTF8","s1680_S_VTA_03_ASEReadCounter.table","NW_015090842.1:10291714",2,8,6
"CHTF8","s1680_S_VTA_03_ASEReadCounter.table","NW_015090842.1:10291732",2,7,5
"CHTF8","s1680_S_VTA_03_ASEReadCounter.table","NW_015090842.1:10291755",3,8,5
"CHTF8","s1680_S_VTA_03_ASEReadCounter.table","NW_015090842.1:10291756",3,6,3
"CHTF8","s1680_S_VTA_03_ASEReadCounter.table","NW_015090842.1:10291758",3,7,4
"CHTF8","s1680_S_VTA_03_ASEReadCounter.table","NW_015090842.1:10291792",5,10,5
"CHTF8","s1680_S_VTA_03_ASEReadCounter.table","NW_015090842.1:10291895",5,13,8
"CHTF8","s1680_S_VTA_03_ASEReadCounter.table","NW_015090842.1:10292132",8,11,3
"CHTF8","s1680_S_VTA_03_ASEReadCounter.table","NW_015090842.1:10292314",9,13,4
"CHTF8","s1680_S_VTA_03_ASEReadCounter.table","NW_015090842.1:10292317",11,17,6
"CHTF8","s1680_S_VTA_03_ASEReadCounter.table","NW_015090842.1:10292928",2,2,0
"UTP4","s1680_S_VTA_03_ASEReadCounter.table","NW_015090842.1:10293146",11,17,6
"UTP4","s1680_S_VTA_03_ASEReadCounter.table","NW_015090842.1:10293151",9,14,5
"UTP4","s1680_S_VTA_03_ASEReadCounter.table","NW_015090842.1:10293191",6,11,5
"UTP4","s1680_S_VTA_03_ASEReadCounter.table","NW_015090842.1:10293362",10,15,5
"UTP4","s1680_S_VTA_03_ASEReadCounter.table","NW_015090842.1:10293430",8,17,9
"UTP4","s1680_S_VTA_03_ASEReadCounter.table","NW_015090842.1:10293625",5,12,7
"UTP4","s1680_S_VTA_03_ASEReadCounter.table","NW_015090842.1:10293684",8,17,9
"UTP4","s1680_S_VTA_03_ASEReadCounter.table","NW_015090842.1:10294093",3,7,4
"UTP4","s1680_S_VTA_03_ASEReadCounter.table","NW_015090842.1:10294568",9,19,10
"UTP4","s1680_S_VTA_03_ASEReadCounter.table","NW_015090842.1:10294622",10,19,9
"UTP4","s1680_S_VTA_03_ASEReadCounter.table","NW_015090842.1:10294632",8,17,9
"UTP4","s1680_S_VTA_03_ASEReadCounter.table","NW_015090842.1:10295238",4,9,5
"UTP4","s1680_S_VTA_03_ASEReadCounter.table","NW_015090842.1:10295880",6,21,15
"UTP4","s1680_S_VTA_03_ASEReadCounter.table","NW_015090842.1:10295884",7,22,15
"UTP4","s1680_S_VTA_03_ASEReadCounter.table","NW_015090842.1:10295903",7,21,14
"UTP4","s1680_S_VTA_03_ASEReadCounter.table","NW_015090842.1:10295906",8,23,15
"UTP4","s1680_S_VTA_03_ASEReadCounter.table","NW_015090842.1:10295915",8,22,14
"UTP4","s1680_S_VTA_03_ASEReadCounter.table","NW_015090842.1:10295938",8,20,12
"UTP4","s1680_S_VTA_03_ASEReadCounter.table","NW_015090842.1:10296175",15,24,9
"UTP4","s1680_S_VTA_03_ASEReadCounter.table","NW_015090842.1:10296660",10,21,11
"UTP4","s1680_S_VTA_03_ASEReadCounter.table","NW_015090842.1:10296679",9,21,12
"UTP4","s1680_S_VTA_03_ASEReadCounter.table","NW_015090842.1:10297193",28,49,21
"UTP4","s1680_S_VTA_03_ASEReadCounter.table","NW_015090842.1:10297220",21,44,23
"UTP4","s1680_S_VTA_03_ASEReadCounter.table","NW_015090842.1:10297307",18,40,22
"UTP4","s1680_S_VTA_03_ASEReadCounter.table","NW_015090842.1:10297558",20,46,26
"UTP4","s1680_S_VTA_03_ASEReadCounter.table","NW_015090842.1:10297943",22,49,27
"UTP4","s1680_S_VTA_03_ASEReadCounter.table","NW_015090842.1:10297979",18,49,31
"UTP4","s1680_S_VTA_03_ASEReadCounter.table","NW_015090842.1:10298022",13,40,27
"UTP4","s1680_S_VTA_03_ASEReadCounter.table","NW_015090842.1:10298079",1,15,14
"UTP4","s1680_S_VTA_03_ASEReadCounter.table","NW_015090842.1:10298081",1,14,13
"UTP4","s1680_S_VTA_03_ASEReadCounter.table","NW_015090842.1:10298082",1,15,14
"SNTB2","s1680_S_VTA_03_ASEReadCounter.table","NW_015090842.1:10298905",1,1,0
"SNTB2","s1680_S_VTA_03_ASEReadCounter.table","NW_015090842.1:10298928",1,1,0
"SNTB2","s1680_S_VTA_03_ASEReadCounter.table","NW_015090842.1:10303506",3,5,2
"SNTB2","s1680_S_VTA_03_ASEReadCounter.table","NW_015090842.1:10303524",2,5,3
"SNTB2","s1680_S_VTA_03_ASEReadCounter.table","NW_015090842.1:10304059",1,5,4
"SNTB2","s1680_S_VTA_03_ASEReadCounter.table","NW_015090842.1:10304089",0,3,3
"SNTB2","s1680_S_VTA_03_ASEReadCounter.table","NW_015090842.1:10304167",3,6,3
"SNTB2","s1680_S_VTA_03_ASEReadCounter.table","NW_015090842.1:10304176",4,7,3
"SNTB2","s1680_S_VTA_03_ASEReadCounter.table","NW_015090842.1:10305069",2,4,2
"SNTB2","s1680_S_VTA_03_ASEReadCounter.table","NW_015090842.1:10305099",2,4,2
"SNTB2","s1680_S_VTA_03_ASEReadCounter.table","NW_015090842.1:10305451",1,2,1
"SNTB2","s1680_S_VTA_03_ASEReadCounter.table","NW_015090842.1:10305547",3,5,2
"SNTB2","s1680_S_VTA_03_ASEReadCounter.table","NW_015090842.1:10305847",4,7,3
"SNTB2","s1680_S_VTA_03_ASEReadCounter.table","NW_015090842.1:10305911",4,8,4
"SNTB2","s1680_S_VTA_03_ASEReadCounter.table","NW_015090842.1:10306173",0,8,8
"SNTB2","s1680_S_VTA_03_ASEReadCounter.table","NW_015090842.1:10306275",0,2,2
"SNTB2","s1680_S_VTA_03_ASEReadCounter.table","NW_015090842.1:10306457",1,2,1
"SNTB2","s1680_S_VTA_03_ASEReadCounter.table","NW_015090842.1:10306496",3,4,1
"SNTB2","s1680_S_VTA_03_ASEReadCounter.table","NW_015090842.1:10306499",3,4,1
"VPS4A","s1680_S_VTA_03_ASEReadCounter.table","NW_015090842.1:10308566",71,154,83
"VPS4A","s1680_S_VTA_03_ASEReadCounter.table","NW_015090842.1:10308573",76,163,87
"VPS4A","s1680_S_VTA_03_ASEReadCounter.table","NW_015090842.1:10308856",99,216,117
"VPS4A","s1680_S_VTA_03_ASEReadCounter.table","NW_015090842.1:10309056",114,238,124
"VPS4A","s1680_S_VTA_03_ASEReadCounter.table","NW_015090842.1:10309089",150,311,161
"VPS4A","s1680_S_VTA_03_ASEReadCounter.table","NW_015090842.1:10309392",141,292,151
"VPS4A","s1680_S_VTA_03_ASEReadCounter.table","NW_015090842.1:10309413",150,309,159
"VPS4A","s1680_S_VTA_03_ASEReadCounter.table","NW_015090842.1:10309467",169,365,196
"VPS4A","s1680_S_VTA_03_ASEReadCounter.table","NW_015090842.1:10310230",171,360,189
"VPS4A","s1680_S_VTA_03_ASEReadCounter.table","NW_015090842.1:10310425",147,315,168
"VPS4A","s1680_S_VTA_03_ASEReadCounter.table","NW_015090842.1:10310639",163,371,208
"VPS4A","s1680_S_VTA_03_ASEReadCounter.table","NW_015090842.1:10310640",163,373,210
"VPS4A","s1680_S_VTA_03_ASEReadCounter.table","NW_015090842.1:10310687",197,401,204
"VPS4A","s1680_S_VTA_03_ASEReadCounter.table","NW_015090842.1:10310734",189,347,158
"VPS4A","s1680_S_VTA_03_ASEReadCounter.table","NW_015090842.1:10310737",184,342,158
"VPS4A","s1680_S_VTA_03_ASEReadCounter.table","NW_015090842.1:10310746",189,350,161
"VPS4A","s1680_S_VTA_03_ASEReadCounter.table","NW_015090842.1:10310767",184,343,159
"VPS4A","s1680_S_VTA_03_ASEReadCounter.table","NW_015090842.1:10310995",168,341,173
"VPS4A","s1680_S_VTA_03_ASEReadCounter.table","NW_015090842.1:10311004",166,333,167
"VPS4A","s1680_S_VTA_03_ASEReadCounter.table","NW_015090842.1:10311007",164,339,175
"VPS4A","s1680_S_VTA_03_ASEReadCounter.table","NW_015090842.1:10311013",181,353,172
"VPS4A","s1680_S_VTA_03_ASEReadCounter.table","NW_015090842.1:10311022",163,331,168
"VPS4A","s1680_S_VTA_03_ASEReadCounter.table","NW_015090842.1:10311023",163,324,161
"VPS4A","s1680_S_VTA_03_ASEReadCounter.table","NW_015090842.1:10311426",166,378,212
"VPS4A","s1680_S_VTA_03_ASEReadCounter.table","NW_015090842.1:10311489",2,13,11
"VPS4A","s1680_S_VTA_03_ASEReadCounter.table","NW_015090842.1:10311490",4,10,6
"VPS4A","s1680_S_VTA_03_ASEReadCounter.table","NW_015090842.1:10311525",10,21,11
"VPS4A","s1680_S_VTA_03_ASEReadCounter.table","NW_015090842.1:10311529",10,27,17
"VPS4A","s1680_S_VTA_03_ASEReadCounter.table","NW_015090842.1:10311530",10,29,19
"VPS4A","s1680_S_VTA_03_ASEReadCounter.table","NW_015090842.1:10311552",21,44,23
"VPS4A","s1680_S_VTA_03_ASEReadCounter.table","NW_015090842.1:10311689",18,41,23
"VPS4A","s1680_S_VTA_03_ASEReadCounter.table","NW_015090842.1:10311700",29,55,26
"VPS4A","s1680_S_VTA_03_ASEReadCounter.table","NW_015090842.1:10311701",29,54,25
"VPS4A","s1680_S_VTA_03_ASEReadCounter.table","NW_015090842.1:10311703",28,54,26
"COG8","s1680_S_VTA_03_ASEReadCounter.table","NW_015090842.1:10313487",15,34,19
"COG8","s1680_S_VTA_03_ASEReadCounter.table","NW_015090842.1:10313559",20,37,17
"COG8","s1680_S_VTA_03_ASEReadCounter.table","NW_015090842.1:10313579",19,36,17
"COG8","s1680_S_VTA_03_ASEReadCounter.table","NW_015090842.1:10313665",24,50,26
"COG8","s1680_S_VTA_03_ASEReadCounter.table","NW_015090842.1:10313681",23,49,26
"COG8","s1680_S_VTA_03_ASEReadCounter.table","NW_015090842.1:10313768",29,54,25
"COG8","s1680_S_VTA_03_ASEReadCounter.table","NW_015090842.1:10313775",30,57,27
"COG8","s1680_S_VTA_03_ASEReadCounter.table","NW_015090842.1:10313811",21,41,20
"COG8","s1680_S_VTA_03_ASEReadCounter.table","NW_015090842.1:10313858",15,33,18
"COG8","s1680_S_VTA_03_ASEReadCounter.table","NW_015090842.1:10313859",32,32,0
"COG8","s1680_S_VTA_03_ASEReadCounter.table","NW_015090842.1:10314100",14,39,25
"COG8","s1680_S_VTA_03_ASEReadCounter.table","NW_015090842.1:10314213",13,39,26
"COG8","s1680_S_VTA_03_ASEReadCounter.table","NW_015090842.1:10315093",13,35,22
"COG8","s1680_S_VTA_03_ASEReadCounter.table","NW_015090842.1:10315162",12,41,29
"COG8","s1680_S_VTA_03_ASEReadCounter.table","NW_015090842.1:10315285",17,51,34
"COG8","s1680_S_VTA_03_ASEReadCounter.table","NW_015090842.1:10315360",14,37,23
"COG8","s1680_S_VTA_03_ASEReadCounter.table","NW_015090842.1:10315369",14,35,21
"COG8","s1680_S_VTA_03_ASEReadCounter.table","NW_015090842.1:10315508",10,27,17
"COG8","s1680_S_VTA_03_ASEReadCounter.table","NW_015090842.1:10315624",14,39,25
"COG8","s1680_S_VTA_03_ASEReadCounter.table","NW_015090842.1:10315693",15,32,17
"COG8","s1680_S_VTA_03_ASEReadCounter.table","NW_015090842.1:10315698",17,33,16
"COG8","s1680_S_VTA_03_ASEReadCounter.table","NW_015090842.1:10315768",14,26,12
"COG8","s1680_S_VTA_03_ASEReadCounter.table","NW_015090842.1:10315769",14,25,11
"COG8","s1680_S_VTA_03_ASEReadCounter.table","NW_015090842.1:10315784",15,25,10
"COG8","s1680_S_VTA_03_ASEReadCounter.table","NW_015090842.1:10316093",7,28,21
"COG8","s1680_S_VTA_03_ASEReadCounter.table","NW_015090842.1:10316133",5,19,14
"NIP7","s1680_S_VTA_03_ASEReadCounter.table","NW_015090842.1:10316759",14,30,16
"NIP7","s1680_S_VTA_03_ASEReadCounter.table","NW_015090842.1:10316967",79,183,104
"NIP7","s1680_S_VTA_03_ASEReadCounter.table","NW_015090842.1:10316995",85,198,113
"NIP7","s1680_S_VTA_03_ASEReadCounter.table","NW_015090842.1:10317240",131,290,159
"NIP7","s1680_S_VTA_03_ASEReadCounter.table","NW_015090842.1:10317247",134,293,159
"NIP7","s1680_S_VTA_03_ASEReadCounter.table","NW_015090842.1:10317264",132,268,136
"NIP7","s1680_S_VTA_03_ASEReadCounter.table","NW_015090842.1:10317433",147,323,176
"NIP7","s1680_S_VTA_03_ASEReadCounter.table","NW_015090842.1:10317738",122,266,144
"NIP7","s1680_S_VTA_03_ASEReadCounter.table","NW_015090842.1:10317769",115,251,136
"NIP7","s1680_S_VTA_03_ASEReadCounter.table","NW_015090842.1:10317808",78,181,103
"NIP7","s1680_S_VTA_03_ASEReadCounter.table","NW_015090842.1:10317870",47,102,55
"NIP7","s1680_S_VTA_03_ASEReadCounter.table","NW_015090842.1:10317871",46,99,53
"NIP7","s1680_S_VTA_03_ASEReadCounter.table","NW_015090842.1:10317898",36,78,42
"NIP7","s1680_S_VTA_03_ASEReadCounter.table","NW_015090842.1:10317911",32,65,33
"TMED6","s1680_S_VTA_03_ASEReadCounter.table","NW_015090842.1:10318514",1,1,0
"TMED6","s1680_S_VTA_03_ASEReadCounter.table","NW_015090842.1:10318731",2,2,0
"TERF2","s1680_S_VTA_03_ASEReadCounter.table","NW_015090842.1:10321768",15,34,19
"TERF2","s1680_S_VTA_03_ASEReadCounter.table","NW_015090842.1:10321777",17,35,18
"TERF2","s1680_S_VTA_03_ASEReadCounter.table","NW_015090842.1:10321805",12,41,29
"TERF2","s1680_S_VTA_03_ASEReadCounter.table","NW_015090842.1:10321878",38,78,40
"TERF2","s1680_S_VTA_03_ASEReadCounter.table","NW_015090842.1:10321893",5,78,73
"TERF2","s1680_S_VTA_03_ASEReadCounter.table","NW_015090842.1:10321897",36,69,33
"TERF2","s1680_S_VTA_03_ASEReadCounter.table","NW_015090842.1:10321908",28,59,31
"TERF2","s1680_S_VTA_03_ASEReadCounter.table","NW_015090842.1:10322001",51,108,57
"TERF2","s1680_S_VTA_03_ASEReadCounter.table","NW_015090842.1:10322035",31,81,50
"TERF2","s1680_S_VTA_03_ASEReadCounter.table","NW_015090842.1:10322051",34,88,54
"TERF2","s1680_S_VTA_03_ASEReadCounter.table","NW_015090842.1:10322137",31,72,41
"TERF2","s1680_S_VTA_03_ASEReadCounter.table","NW_015090842.1:10322144",35,73,38
"TERF2","s1680_S_VTA_03_ASEReadCounter.table","NW_015090842.1:10322388",21,75,54
"TERF2","s1680_S_VTA_03_ASEReadCounter.table","NW_015090842.1:10322396",22,72,50
"TERF2","s1680_S_VTA_03_ASEReadCounter.table","NW_015090842.1:10322502",29,76,47
"TERF2","s1680_S_VTA_03_ASEReadCounter.table","NW_015090842.1:10322504",29,75,46
"TERF2","s1680_S_VTA_03_ASEReadCounter.table","NW_015090842.1:10322510",28,73,45
"TERF2","s1680_S_VTA_03_ASEReadCounter.table","NW_015090842.1:10323580",30,80,50
"TERF2","s1680_S_VTA_03_ASEReadCounter.table","NW_015090842.1:10324314",29,66,37
"TERF2","s1680_S_VTA_03_ASEReadCounter.table","NW_015090842.1:10326832",23,52,29
"TERF2","s1680_S_VTA_03_ASEReadCounter.table","NW_015090842.1:10327787",10,36,26
"TERF2","s1680_S_VTA_03_ASEReadCounter.table","NW_015090842.1:10328588",9,25,16
"TERF2","s1680_S_VTA_03_ASEReadCounter.table","NW_015090842.1:10328644",5,17,12
"TERF2","s1680_S_VTA_03_ASEReadCounter.table","NW_015090842.1:10329813",8,21,13
"TERF2","s1680_S_VTA_03_ASEReadCounter.table","NW_015090842.1:10330749",4,12,8
"TERF2","s1680_S_VTA_03_ASEReadCounter.table","NW_015090842.1:10330789",4,16,12
"CYB5B","s1680_S_VTA_03_ASEReadCounter.table","NW_015090842.1:10336595",0,8,8
"CYB5B","s1680_S_VTA_03_ASEReadCounter.table","NW_015090842.1:10336667",26,70,44
"CYB5B","s1680_S_VTA_03_ASEReadCounter.table","NW_015090842.1:10336689",43,111,68
"CYB5B","s1680_S_VTA_03_ASEReadCounter.table","NW_015090842.1:10336728",75,162,87
"CYB5B","s1680_S_VTA_03_ASEReadCounter.table","NW_015090842.1:10345068",67,158,91
"CYB5B","s1680_S_VTA_03_ASEReadCounter.table","NW_015090842.1:10348800",112,262,150
"CYB5B","s1680_S_VTA_03_ASEReadCounter.table","NW_015090842.1:10349046",100,236,136
"CYB5B","s1680_S_VTA_03_ASEReadCounter.table","NW_015090842.1:10349119",57,178,121
"CYB5B","s1680_S_VTA_03_ASEReadCounter.table","NW_015090842.1:10349146",19,136,117
"CYB5B","s1680_S_VTA_03_ASEReadCounter.table","NW_015090842.1:10349157",50,171,121
"CYB5B","s1680_S_VTA_03_ASEReadCounter.table","NW_015090842.1:10349263",191,191,0
