"gene","id","snp","ref_count","total_count","alt_count"
"CENPN","s1680_S_PIT_01_ASEReadCounter.table","NW_015090842.1:5801618",1,2,1
"CENPN","s1680_S_PIT_01_ASEReadCounter.table","NW_015090842.1:5801623",2,3,1
"CENPN","s1680_S_PIT_01_ASEReadCounter.table","NW_015090842.1:5801631",2,3,1
"CENPN","s1680_S_PIT_01_ASEReadCounter.table","NW_015090842.1:5801632",2,3,1
"CENPN","s1680_S_PIT_01_ASEReadCounter.table","NW_015090842.1:5801655",3,3,0
"CENPN","s1680_S_PIT_01_ASEReadCounter.table","NW_015090842.1:5801670",4,6,2
"CENPN","s1680_S_PIT_01_ASEReadCounter.table","NW_015090842.1:5801674",4,6,2
"CENPN","s1680_S_PIT_01_ASEReadCounter.table","NW_015090842.1:5801692",4,6,2
"CENPN","s1680_S_PIT_01_ASEReadCounter.table","NW_015090842.1:5802008",2,4,2
"CENPN","s1680_S_PIT_01_ASEReadCounter.table","NW_015090842.1:5802012",2,3,1
"CENPN","s1680_S_PIT_01_ASEReadCounter.table","NW_015090842.1:5802087",3,5,2
"CENPN","s1680_S_PIT_01_ASEReadCounter.table","NW_015090842.1:5810113",3,3,0
"CENPN","s1680_S_PIT_01_ASEReadCounter.table","NW_015090842.1:5810147",9,9,0
"CENPN","s1680_S_PIT_01_ASEReadCounter.table","NW_015090842.1:5810148",9,9,0
"ATMIN","s1680_S_PIT_01_ASEReadCounter.table","NW_015090842.1:5818789",6,15,9
"ATMIN","s1680_S_PIT_01_ASEReadCounter.table","NW_015090842.1:5819958",6,12,6
"ATMIN","s1680_S_PIT_01_ASEReadCounter.table","NW_015090842.1:5820004",2,8,6
"ATMIN","s1680_S_PIT_01_ASEReadCounter.table","NW_015090842.1:5820217",8,13,5
"ATMIN","s1680_S_PIT_01_ASEReadCounter.table","NW_015090842.1:5820250",12,18,6
"ATMIN","s1680_S_PIT_01_ASEReadCounter.table","NW_015090842.1:5820298",15,22,7
"ATMIN","s1680_S_PIT_01_ASEReadCounter.table","NW_015090842.1:5820417",5,10,5
"ATMIN","s1680_S_PIT_01_ASEReadCounter.table","NW_015090842.1:5820421",6,12,6
"ATMIN","s1680_S_PIT_01_ASEReadCounter.table","NW_015090842.1:5820448",7,14,7
"ATMIN","s1680_S_PIT_01_ASEReadCounter.table","NW_015090842.1:5820457",6,14,8
"ATMIN","s1680_S_PIT_01_ASEReadCounter.table","NW_015090842.1:5820510",7,18,11
"ATMIN","s1680_S_PIT_01_ASEReadCounter.table","NW_015090842.1:5820673",9,20,11
"ATMIN","s1680_S_PIT_01_ASEReadCounter.table","NW_015090842.1:5820754",11,23,12
"ATMIN","s1680_S_PIT_01_ASEReadCounter.table","NW_015090842.1:5820820",14,22,8
"ATMIN","s1680_S_PIT_01_ASEReadCounter.table","NW_015090842.1:5820865",15,26,11
"ATMIN","s1680_S_PIT_01_ASEReadCounter.table","NW_015090842.1:5820889",14,30,16
"ATMIN","s1680_S_PIT_01_ASEReadCounter.table","NW_015090842.1:5820891",14,30,16
"ATMIN","s1680_S_PIT_01_ASEReadCounter.table","NW_015090842.1:5820997",18,29,11
"ATMIN","s1680_S_PIT_01_ASEReadCounter.table","NW_015090842.1:5821063",24,35,11
"ATMIN","s1680_S_PIT_01_ASEReadCounter.table","NW_015090842.1:5821132",23,39,16
"ATMIN","s1680_S_PIT_01_ASEReadCounter.table","NW_015090842.1:5821645",16,29,13
"ATMIN","s1680_S_PIT_01_ASEReadCounter.table","NW_015090842.1:5825066",20,37,17
"ATMIN","s1680_S_PIT_01_ASEReadCounter.table","NW_015090842.1:5825106",21,38,17
"ATMIN","s1680_S_PIT_01_ASEReadCounter.table","NW_015090842.1:5825122",16,36,20
"ATMIN","s1680_S_PIT_01_ASEReadCounter.table","NW_015090842.1:5825178",16,34,18
"ATMIN","s1680_S_PIT_01_ASEReadCounter.table","NW_015090842.1:5825194",19,35,16
"ATMIN","s1680_S_PIT_01_ASEReadCounter.table","NW_015090842.1:5825195",19,35,16
"ATMIN","s1680_S_PIT_01_ASEReadCounter.table","NW_015090842.1:5825220",20,33,13
"ATMIN","s1680_S_PIT_01_ASEReadCounter.table","NW_015090842.1:5825240",21,31,10
"ATMIN","s1680_S_PIT_01_ASEReadCounter.table","NW_015090842.1:5825303",20,34,14
"ATMIN","s1680_S_PIT_01_ASEReadCounter.table","NW_015090842.1:5825304",19,35,16
"ATMIN","s1680_S_PIT_01_ASEReadCounter.table","NW_015090842.1:5825310",19,34,15
"ATMIN","s1680_S_PIT_01_ASEReadCounter.table","NW_015090842.1:5825406",13,20,7
"ATMIN","s1680_S_PIT_01_ASEReadCounter.table","NW_015090842.1:5825415",13,21,8
"ATMIN","s1680_S_PIT_01_ASEReadCounter.table","NW_015090842.1:5825438",17,29,12
"ATMIN","s1680_S_PIT_01_ASEReadCounter.table","NW_015090842.1:5825485",17,28,11
"ATMIN","s1680_S_PIT_01_ASEReadCounter.table","NW_015090842.1:5825524",21,38,17
"ATMIN","s1680_S_PIT_01_ASEReadCounter.table","NW_015090842.1:5825557",18,36,18
"ATMIN","s1680_S_PIT_01_ASEReadCounter.table","NW_015090842.1:5825571",17,37,20
"ATMIN","s1680_S_PIT_01_ASEReadCounter.table","NW_015090842.1:5825579",17,39,22
"ATMIN","s1680_S_PIT_01_ASEReadCounter.table","NW_015090842.1:5825590",17,31,14
"ATMIN","s1680_S_PIT_01_ASEReadCounter.table","NW_015090842.1:5825689",12,32,20
"ATMIN","s1680_S_PIT_01_ASEReadCounter.table","NW_015090842.1:5825703",13,33,20
"ATMIN","s1680_S_PIT_01_ASEReadCounter.table","NW_015090842.1:5825787",20,39,19
"ATMIN","s1680_S_PIT_01_ASEReadCounter.table","NW_015090842.1:5825833",18,41,23
"ATMIN","s1680_S_PIT_01_ASEReadCounter.table","NW_015090842.1:5825841",17,41,24
"ATMIN","s1680_S_PIT_01_ASEReadCounter.table","NW_015090842.1:5825895",18,46,28
"ATMIN","s1680_S_PIT_01_ASEReadCounter.table","NW_015090842.1:5825984",22,43,21
"ATMIN","s1680_S_PIT_01_ASEReadCounter.table","NW_015090842.1:5826162",18,43,25
"ATMIN","s1680_S_PIT_01_ASEReadCounter.table","NW_015090842.1:5826194",20,44,24
"ATMIN","s1680_S_PIT_01_ASEReadCounter.table","NW_015090842.1:5826235",23,54,31
"ATMIN","s1680_S_PIT_01_ASEReadCounter.table","NW_015090842.1:5826245",23,51,28
"ATMIN","s1680_S_PIT_01_ASEReadCounter.table","NW_015090842.1:5826335",11,28,17
"ATMIN","s1680_S_PIT_01_ASEReadCounter.table","NW_015090842.1:5826417",14,34,20
"ATMIN","s1680_S_PIT_01_ASEReadCounter.table","NW_015090842.1:5826431",12,35,23
"ATMIN","s1680_S_PIT_01_ASEReadCounter.table","NW_015090842.1:5826438",14,33,19
"ATMIN","s1680_S_PIT_01_ASEReadCounter.table","NW_015090842.1:5826463",23,50,27
"ATMIN","s1680_S_PIT_01_ASEReadCounter.table","NW_015090842.1:5826502",24,50,26
"ATMIN","s1680_S_PIT_01_ASEReadCounter.table","NW_015090842.1:5826511",25,52,27
"ATMIN","s1680_S_PIT_01_ASEReadCounter.table","NW_015090842.1:5826659",23,41,18
"ATMIN","s1680_S_PIT_01_ASEReadCounter.table","NW_015090842.1:5826701",23,47,24
"ATMIN","s1680_S_PIT_01_ASEReadCounter.table","NW_015090842.1:5826702",22,43,21
"ATMIN","s1680_S_PIT_01_ASEReadCounter.table","NW_015090842.1:5826732",22,50,28
"ATMIN","s1680_S_PIT_01_ASEReadCounter.table","NW_015090842.1:5826745",25,49,24
"ATMIN","s1680_S_PIT_01_ASEReadCounter.table","NW_015090842.1:5826835",28,52,24
"ATMIN","s1680_S_PIT_01_ASEReadCounter.table","NW_015090842.1:5826910",27,49,22
"ATMIN","s1680_S_PIT_01_ASEReadCounter.table","NW_015090842.1:5826942",21,46,25
"ATMIN","s1680_S_PIT_01_ASEReadCounter.table","NW_015090842.1:5827193",20,46,26
"ATMIN","s1680_S_PIT_01_ASEReadCounter.table","NW_015090842.1:5827196",16,43,27
"ATMIN","s1680_S_PIT_01_ASEReadCounter.table","NW_015090842.1:5827269",24,57,33
"ATMIN","s1680_S_PIT_01_ASEReadCounter.table","NW_015090842.1:5827315",14,43,29
"ATMIN","s1680_S_PIT_01_ASEReadCounter.table","NW_015090842.1:5827316",14,44,30
"ATMIN","s1680_S_PIT_01_ASEReadCounter.table","NW_015090842.1:5827333",14,41,27
"PPP1R3E","s1680_S_PIT_01_ASEReadCounter.table","NW_015090842.1:5837733",14,25,11
"PPP1R3E","s1680_S_PIT_01_ASEReadCounter.table","NW_015090842.1:5837947",5,14,9
"PKD1L2","s1680_S_PIT_01_ASEReadCounter.table","NW_015090842.1:5867509",1,1,0
"PKD1L2","s1680_S_PIT_01_ASEReadCounter.table","NW_015090842.1:5867597",5,6,1
"PKD1L2","s1680_S_PIT_01_ASEReadCounter.table","NW_015090842.1:5867600",5,6,1
"PKD1L2","s1680_S_PIT_01_ASEReadCounter.table","NW_015090842.1:5867660",5,6,1
"PKD1L2","s1680_S_PIT_01_ASEReadCounter.table","NW_015090842.1:5867675",4,5,1
"PKD1L2","s1680_S_PIT_01_ASEReadCounter.table","NW_015090842.1:5867788",1,2,1
"PKD1L2","s1680_S_PIT_01_ASEReadCounter.table","NW_015090842.1:5867843",2,4,2
"BCO1","s1680_S_PIT_01_ASEReadCounter.table","NW_015090842.1:5915610",1,3,2
"BCO1","s1680_S_PIT_01_ASEReadCounter.table","NW_015090842.1:5915646",1,3,2
"BCO1","s1680_S_PIT_01_ASEReadCounter.table","NW_015090842.1:5917836",4,7,3
"BCO1","s1680_S_PIT_01_ASEReadCounter.table","NW_015090842.1:5917912",22,35,13
"BCO1","s1680_S_PIT_01_ASEReadCounter.table","NW_015090842.1:5917941",24,39,15
"BCO1","s1680_S_PIT_01_ASEReadCounter.table","NW_015090842.1:5917971",31,45,14
"BCO1","s1680_S_PIT_01_ASEReadCounter.table","NW_015090842.1:5921679",24,35,11
"BCO1","s1680_S_PIT_01_ASEReadCounter.table","NW_015090842.1:5921726",17,28,11
"BCO1","s1680_S_PIT_01_ASEReadCounter.table","NW_015090842.1:5925669",29,35,6
"BCO1","s1680_S_PIT_01_ASEReadCounter.table","NW_015090842.1:5925753",22,32,10
"BCO1","s1680_S_PIT_01_ASEReadCounter.table","NW_015090842.1:5926937",24,28,4
"BCO1","s1680_S_PIT_01_ASEReadCounter.table","NW_015090842.1:5927921",21,31,10
"BCO1","s1680_S_PIT_01_ASEReadCounter.table","NW_015090842.1:5927948",23,34,11
"BCO1","s1680_S_PIT_01_ASEReadCounter.table","NW_015090842.1:5927968",27,40,13
"BCO1","s1680_S_PIT_01_ASEReadCounter.table","NW_015090842.1:5928052",19,27,8
"BCO1","s1680_S_PIT_01_ASEReadCounter.table","NW_015090842.1:5932726",31,42,11
"BCO1","s1680_S_PIT_01_ASEReadCounter.table","NW_015090842.1:5932801",24,33,9
"BCO1","s1680_S_PIT_01_ASEReadCounter.table","NW_015090842.1:5934558",24,33,9
"BCO1","s1680_S_PIT_01_ASEReadCounter.table","NW_015090842.1:5934575",26,35,9
"BCO1","s1680_S_PIT_01_ASEReadCounter.table","NW_015090842.1:5934608",27,36,9
"BCO1","s1680_S_PIT_01_ASEReadCounter.table","NW_015090842.1:5934647",27,33,6
"BCO1","s1680_S_PIT_01_ASEReadCounter.table","NW_015090842.1:5934725",23,27,4
"BCO1","s1680_S_PIT_01_ASEReadCounter.table","NW_015090842.1:5934726",23,27,4
"BCO1","s1680_S_PIT_01_ASEReadCounter.table","NW_015090842.1:5934733",23,26,3
"BCO1","s1680_S_PIT_01_ASEReadCounter.table","NW_015090842.1:5934821",13,14,1
"BCO1","s1680_S_PIT_01_ASEReadCounter.table","NW_015090842.1:5934826",11,14,3
"BCO1","s1680_S_PIT_01_ASEReadCounter.table","NW_015090842.1:5934844",4,7,3
"BCO1","s1680_S_PIT_01_ASEReadCounter.table","NW_015090842.1:5934958",28,33,5
"BCO1","s1680_S_PIT_01_ASEReadCounter.table","NW_015090842.1:5934976",30,34,4
"GAN","s1680_S_PIT_01_ASEReadCounter.table","NW_015090842.1:5953759",3,10,7
"GAN","s1680_S_PIT_01_ASEReadCounter.table","NW_015090842.1:5957502",3,8,5
"GAN","s1680_S_PIT_01_ASEReadCounter.table","NW_015090842.1:5957578",5,16,11
"GAN","s1680_S_PIT_01_ASEReadCounter.table","NW_015090842.1:5965028",5,9,4
"GAN","s1680_S_PIT_01_ASEReadCounter.table","NW_015090842.1:5966047",4,9,5
"GAN","s1680_S_PIT_01_ASEReadCounter.table","NW_015090842.1:5966126",4,13,9
"GAN","s1680_S_PIT_01_ASEReadCounter.table","NW_015090842.1:5966127",4,14,10
"GAN","s1680_S_PIT_01_ASEReadCounter.table","NW_015090842.1:5966162",7,18,11
"GAN","s1680_S_PIT_01_ASEReadCounter.table","NW_015090842.1:5966483",9,18,9
"CMIP","s1680_S_PIT_01_ASEReadCounter.table","NW_015090842.1:6109159",24,40,16
"CMIP","s1680_S_PIT_01_ASEReadCounter.table","NW_015090842.1:6109166",24,39,15
"CMIP","s1680_S_PIT_01_ASEReadCounter.table","NW_015090842.1:6114641",29,54,25
"CMIP","s1680_S_PIT_01_ASEReadCounter.table","NW_015090842.1:6114751",25,48,23
"CMIP","s1680_S_PIT_01_ASEReadCounter.table","NW_015090842.1:6114824",24,52,28
"CMIP","s1680_S_PIT_01_ASEReadCounter.table","NW_015090842.1:6128998",29,57,28
"CMIP","s1680_S_PIT_01_ASEReadCounter.table","NW_015090842.1:6130562",51,96,45
"CMIP","s1680_S_PIT_01_ASEReadCounter.table","NW_015090842.1:6132522",40,77,37
"CMIP","s1680_S_PIT_01_ASEReadCounter.table","NW_015090842.1:6134088",30,57,27
"CMIP","s1680_S_PIT_01_ASEReadCounter.table","NW_015090842.1:6138265",34,81,47
"CMIP","s1680_S_PIT_01_ASEReadCounter.table","NW_015090842.1:6138300",34,83,49
"CMIP","s1680_S_PIT_01_ASEReadCounter.table","NW_015090842.1:6138342",32,83,51
"CMIP","s1680_S_PIT_01_ASEReadCounter.table","NW_015090842.1:6138343",33,82,49
"CMIP","s1680_S_PIT_01_ASEReadCounter.table","NW_015090842.1:6138345",33,87,54
"CMIP","s1680_S_PIT_01_ASEReadCounter.table","NW_015090842.1:6138647",38,76,38
"CMIP","s1680_S_PIT_01_ASEReadCounter.table","NW_015090842.1:6138745",35,81,46
"CMIP","s1680_S_PIT_01_ASEReadCounter.table","NW_015090842.1:6138832",7,30,23
"CMIP","s1680_S_PIT_01_ASEReadCounter.table","NW_015090842.1:6138967",38,78,40
"CMIP","s1680_S_PIT_01_ASEReadCounter.table","NW_015090842.1:6139131",19,45,26
"CMIP","s1680_S_PIT_01_ASEReadCounter.table","NW_015090842.1:6139163",6,37,31
"CMIP","s1680_S_PIT_01_ASEReadCounter.table","NW_015090842.1:6139360",12,24,12
"CMIP","s1680_S_PIT_01_ASEReadCounter.table","NW_015090842.1:6139572",4,8,4
"CMIP","s1680_S_PIT_01_ASEReadCounter.table","NW_015090842.1:6139773",17,25,8
"PLCG2","s1680_S_PIT_01_ASEReadCounter.table","NW_015090842.1:6179613",5,9,4
"PLCG2","s1680_S_PIT_01_ASEReadCounter.table","NW_015090842.1:6179658",10,16,6
"PLCG2","s1680_S_PIT_01_ASEReadCounter.table","NW_015090842.1:6203766",10,24,14
"PLCG2","s1680_S_PIT_01_ASEReadCounter.table","NW_015090842.1:6203775",10,26,16
"PLCG2","s1680_S_PIT_01_ASEReadCounter.table","NW_015090842.1:6203787",10,29,19
"PLCG2","s1680_S_PIT_01_ASEReadCounter.table","NW_015090842.1:6205047",15,44,29
"PLCG2","s1680_S_PIT_01_ASEReadCounter.table","NW_015090842.1:6208541",9,29,20
"PLCG2","s1680_S_PIT_01_ASEReadCounter.table","NW_015090842.1:6209741",9,29,20
"PLCG2","s1680_S_PIT_01_ASEReadCounter.table","NW_015090842.1:6209798",11,32,21
"PLCG2","s1680_S_PIT_01_ASEReadCounter.table","NW_015090842.1:6209816",11,28,17
"PLCG2","s1680_S_PIT_01_ASEReadCounter.table","NW_015090842.1:6217547",14,41,27
"PLCG2","s1680_S_PIT_01_ASEReadCounter.table","NW_015090842.1:6218641",8,37,29
"PLCG2","s1680_S_PIT_01_ASEReadCounter.table","NW_015090842.1:6220552",12,47,35
"PLCG2","s1680_S_PIT_01_ASEReadCounter.table","NW_015090842.1:6221969",12,42,30
"PLCG2","s1680_S_PIT_01_ASEReadCounter.table","NW_015090842.1:6228672",14,42,28
"PLCG2","s1680_S_PIT_01_ASEReadCounter.table","NW_015090842.1:6228694",15,44,29
"PLCG2","s1680_S_PIT_01_ASEReadCounter.table","NW_015090842.1:6228722",15,51,36
"PLCG2","s1680_S_PIT_01_ASEReadCounter.table","NW_015090842.1:6228747",14,49,35
"PLCG2","s1680_S_PIT_01_ASEReadCounter.table","NW_015090842.1:6228835",10,33,23
"PLCG2","s1680_S_PIT_01_ASEReadCounter.table","NW_015090842.1:6228841",11,34,23
"PLCG2","s1680_S_PIT_01_ASEReadCounter.table","NW_015090842.1:6228865",10,35,25
"PLCG2","s1680_S_PIT_01_ASEReadCounter.table","NW_015090842.1:6228917",14,37,23
"PLCG2","s1680_S_PIT_01_ASEReadCounter.table","NW_015090842.1:6228926",12,34,22
"PLCG2","s1680_S_PIT_01_ASEReadCounter.table","NW_015090842.1:6228954",14,37,23
"PLCG2","s1680_S_PIT_01_ASEReadCounter.table","NW_015090842.1:6229002",17,44,27
"PLCG2","s1680_S_PIT_01_ASEReadCounter.table","NW_015090842.1:6229006",17,45,28
"PLCG2","s1680_S_PIT_01_ASEReadCounter.table","NW_015090842.1:6229081",13,28,15
"PLCG2","s1680_S_PIT_01_ASEReadCounter.table","NW_015090842.1:6229097",10,21,11
"PLCG2","s1680_S_PIT_01_ASEReadCounter.table","NW_015090842.1:6229160",7,20,13
"PLCG2","s1680_S_PIT_01_ASEReadCounter.table","NW_015090842.1:6229213",11,26,15
"PLCG2","s1680_S_PIT_01_ASEReadCounter.table","NW_015090842.1:6229231",11,29,18
"PLCG2","s1680_S_PIT_01_ASEReadCounter.table","NW_015090842.1:6229663",19,43,24
"PLCG2","s1680_S_PIT_01_ASEReadCounter.table","NW_015090842.1:6229748",14,24,10
"PLCG2","s1680_S_PIT_01_ASEReadCounter.table","NW_015090842.1:6229892",17,31,14
"PLCG2","s1680_S_PIT_01_ASEReadCounter.table","NW_015090842.1:6230248",10,20,10
"PLCG2","s1680_S_PIT_01_ASEReadCounter.table","NW_015090842.1:6230255",9,20,11
"PLCG2","s1680_S_PIT_01_ASEReadCounter.table","NW_015090842.1:6230296",7,20,13
"PLCG2","s1680_S_PIT_01_ASEReadCounter.table","NW_015090842.1:6230349",13,30,17
"PLCG2","s1680_S_PIT_01_ASEReadCounter.table","NW_015090842.1:6230381",19,35,16
"PLCG2","s1680_S_PIT_01_ASEReadCounter.table","NW_015090842.1:6230408",20,35,15
"PLCG2","s1680_S_PIT_01_ASEReadCounter.table","NW_015090842.1:6230439",20,32,12
"PLCG2","s1680_S_PIT_01_ASEReadCounter.table","NW_015090842.1:6230757",10,21,11
"PLCG2","s1680_S_PIT_01_ASEReadCounter.table","NW_015090842.1:6230758",8,17,9
"PLCG2","s1680_S_PIT_01_ASEReadCounter.table","NW_015090842.1:6230898",19,32,13
"PLCG2","s1680_S_PIT_01_ASEReadCounter.table","NW_015090842.1:6230976",12,24,12
"PLCG2","s1680_S_PIT_01_ASEReadCounter.table","NW_015090842.1:6231078",16,31,15
"PLCG2","s1680_S_PIT_01_ASEReadCounter.table","NW_015090842.1:6231138",14,34,20
"PLCG2","s1680_S_PIT_01_ASEReadCounter.table","NW_015090842.1:6231177",14,26,12
"PLCG2","s1680_S_PIT_01_ASEReadCounter.table","NW_015090842.1:6231263",10,23,13
"PLCG2","s1680_S_PIT_01_ASEReadCounter.table","NW_015090842.1:6231309",7,16,9
"SDR42E1","s1680_S_PIT_01_ASEReadCounter.table","NW_015090842.1:6235292",0,6,6
"SDR42E1","s1680_S_PIT_01_ASEReadCounter.table","NW_015090842.1:6235315",1,11,10
"SDR42E1","s1680_S_PIT_01_ASEReadCounter.table","NW_015090842.1:6235348",3,16,13
"SDR42E1","s1680_S_PIT_01_ASEReadCounter.table","NW_015090842.1:6235355",3,19,16
"SDR42E1","s1680_S_PIT_01_ASEReadCounter.table","NW_015090842.1:6235417",8,29,21
"SDR42E1","s1680_S_PIT_01_ASEReadCounter.table","NW_015090842.1:6235526",27,27,0
"SDR42E1","s1680_S_PIT_01_ASEReadCounter.table","NW_015090842.1:6235558",7,21,14
"SDR42E1","s1680_S_PIT_01_ASEReadCounter.table","NW_015090842.1:6235603",18,18,0
"SDR42E1","s1680_S_PIT_01_ASEReadCounter.table","NW_015090842.1:6235741",18,42,24
"SDR42E1","s1680_S_PIT_01_ASEReadCounter.table","NW_015090842.1:6235777",21,41,20
"SDR42E1","s1680_S_PIT_01_ASEReadCounter.table","NW_015090842.1:6235806",29,53,24
"SDR42E1","s1680_S_PIT_01_ASEReadCounter.table","NW_015090842.1:6235809",28,52,24
"SDR42E1","s1680_S_PIT_01_ASEReadCounter.table","NW_015090842.1:6235816",30,53,23
"SDR42E1","s1680_S_PIT_01_ASEReadCounter.table","NW_015090842.1:6235914",18,37,19
"SDR42E1","s1680_S_PIT_01_ASEReadCounter.table","NW_015090842.1:6235935",19,37,18
"SDR42E1","s1680_S_PIT_01_ASEReadCounter.table","NW_015090842.1:6235957",17,39,22
"SDR42E1","s1680_S_PIT_01_ASEReadCounter.table","NW_015090842.1:6236040",10,35,25
"SDR42E1","s1680_S_PIT_01_ASEReadCounter.table","NW_015090842.1:6236260",10,42,32
"SDR42E1","s1680_S_PIT_01_ASEReadCounter.table","NW_015090842.1:6236281",9,36,27
"SDR42E1","s1680_S_PIT_01_ASEReadCounter.table","NW_015090842.1:6236305",11,37,26
"SDR42E1","s1680_S_PIT_01_ASEReadCounter.table","NW_015090842.1:6236458",14,34,20
"SDR42E1","s1680_S_PIT_01_ASEReadCounter.table","NW_015090842.1:6236476",15,42,27
"SDR42E1","s1680_S_PIT_01_ASEReadCounter.table","NW_015090842.1:6236608",15,37,22
"SDR42E1","s1680_S_PIT_01_ASEReadCounter.table","NW_015090842.1:6238244",15,29,14
"SDR42E1","s1680_S_PIT_01_ASEReadCounter.table","NW_015090842.1:6238829",2,9,7
"HSD17B2","s1680_S_PIT_01_ASEReadCounter.table","NW_015090842.1:6266795",0,2,2
"HSD17B2","s1680_S_PIT_01_ASEReadCounter.table","NW_015090842.1:6266918",0,2,2
"HSD17B2","s1680_S_PIT_01_ASEReadCounter.table","NW_015090842.1:6266944",0,1,1
"HSD17B2","s1680_S_PIT_01_ASEReadCounter.table","NW_015090842.1:6266997",0,1,1
"HSD17B2","s1680_S_PIT_01_ASEReadCounter.table","NW_015090842.1:6267196",0,1,1
"HSD17B2","s1680_S_PIT_01_ASEReadCounter.table","NW_015090842.1:6267358",0,1,1
"HSD17B2","s1680_S_PIT_01_ASEReadCounter.table","NW_015090842.1:6267674",0,1,1
"ARY2","s1680_S_PIT_01_ASEReadCounter.table","NW_015090842.1:6303922",3,7,4
"ARY2","s1680_S_PIT_01_ASEReadCounter.table","NW_015090842.1:6303954",2,4,2
"ARY2","s1680_S_PIT_01_ASEReadCounter.table","NW_015090842.1:6303979",3,4,1
"ARY2","s1680_S_PIT_01_ASEReadCounter.table","NW_015090842.1:6305848",2,3,1
"ARY2","s1680_S_PIT_01_ASEReadCounter.table","NW_015090842.1:6305856",3,4,1
"ARY2","s1680_S_PIT_01_ASEReadCounter.table","NW_015090842.1:6305857",3,4,1
"ARY2","s1680_S_PIT_01_ASEReadCounter.table","NW_015090842.1:6306017",4,8,4
"ARY2","s1680_S_PIT_01_ASEReadCounter.table","NW_015090842.1:6306052",1,5,4
"ARY2","s1680_S_PIT_01_ASEReadCounter.table","NW_015090842.1:6306094",3,6,3
"ARY2","s1680_S_PIT_01_ASEReadCounter.table","NW_015090842.1:6306100",2,5,3
"ARY2","s1680_S_PIT_01_ASEReadCounter.table","NW_015090842.1:6306146",2,4,2
"ARY2","s1680_S_PIT_01_ASEReadCounter.table","NW_015090842.1:6306147",2,4,2
"ARY2","s1680_S_PIT_01_ASEReadCounter.table","NW_015090842.1:6306390",4,7,3
"ARY2","s1680_S_PIT_01_ASEReadCounter.table","NW_015090842.1:6306567",1,3,2
"ARY2","s1680_S_PIT_01_ASEReadCounter.table","NW_015090842.1:6306705",2,4,2
"ARY2","s1680_S_PIT_01_ASEReadCounter.table","NW_015090842.1:6306713",6,6,0
"ARY2","s1680_S_PIT_01_ASEReadCounter.table","NW_015090842.1:6306773",3,5,2
"ARY2","s1680_S_PIT_01_ASEReadCounter.table","NW_015090842.1:6307039",3,4,1
"ARY2","s1680_S_PIT_01_ASEReadCounter.table","NW_015090842.1:6307043",3,4,1
"ARY2","s1680_S_PIT_01_ASEReadCounter.table","NW_015090842.1:6307093",2,3,1
"ARY2","s1680_S_PIT_01_ASEReadCounter.table","NW_015090842.1:6307138",1,2,1
"ARY2","s1680_S_PIT_01_ASEReadCounter.table","NW_015090842.1:6307157",0,2,2
"ARY2","s1680_S_PIT_01_ASEReadCounter.table","NW_015090842.1:6307187",1,6,5
"ARY2","s1680_S_PIT_01_ASEReadCounter.table","NW_015090842.1:6307278",1,3,2
"ARY2","s1680_S_PIT_01_ASEReadCounter.table","NW_015090842.1:6307305",3,6,3
"ARY2","s1680_S_PIT_01_ASEReadCounter.table","NW_015090842.1:6307318",2,6,4
"ARY2","s1680_S_PIT_01_ASEReadCounter.table","NW_015090842.1:6307429",3,7,4
"ARY2","s1680_S_PIT_01_ASEReadCounter.table","NW_015090842.1:6307487",5,7,2
"ARY2","s1680_S_PIT_01_ASEReadCounter.table","NW_015090842.1:6307670",2,2,0
"ARYL","s1680_S_PIT_01_ASEReadCounter.table","NW_015090842.1:6313360",1,1,0
"ARYL","s1680_S_PIT_01_ASEReadCounter.table","NW_015090842.1:6313377",1,1,0
"ARYL","s1680_S_PIT_01_ASEReadCounter.table","NW_015090842.1:6313767",0,2,2
"ARY1","s1680_S_PIT_01_ASEReadCounter.table","NW_015090842.1:6313909",3,3,0
"ARY1","s1680_S_PIT_01_ASEReadCounter.table","NW_015090842.1:6314541",1,1,0
"ARY1","s1680_S_PIT_01_ASEReadCounter.table","NW_015090842.1:6314597",1,1,0
"ARY1","s1680_S_PIT_01_ASEReadCounter.table","NW_015090842.1:6314750",0,2,2
"ARY1","s1680_S_PIT_01_ASEReadCounter.table","NW_015090842.1:6314794",0,1,1
"ARY1","s1680_S_PIT_01_ASEReadCounter.table","NW_015090842.1:6314827",0,1,1
"ARY1","s1680_S_PIT_01_ASEReadCounter.table","NW_015090842.1:6314843",1,1,0
"ARY1","s1680_S_PIT_01_ASEReadCounter.table","NW_015090842.1:6314859",1,3,2
"ARY1","s1680_S_PIT_01_ASEReadCounter.table","NW_015090842.1:6314886",1,4,3
"ARY1","s1680_S_PIT_01_ASEReadCounter.table","NW_015090842.1:6314943",4,4,0
"ARY1","s1680_S_PIT_01_ASEReadCounter.table","NW_015090842.1:6314949",3,3,0
"ARY1","s1680_S_PIT_01_ASEReadCounter.table","NW_015090842.1:6315022",3,5,2
"ARY1","s1680_S_PIT_01_ASEReadCounter.table","NW_015090842.1:6315026",3,4,1
"ARY1","s1680_S_PIT_01_ASEReadCounter.table","NW_015090842.1:6315043",3,5,2
"ARY1","s1680_S_PIT_01_ASEReadCounter.table","NW_015090842.1:6315065",3,5,2
"ARY1","s1680_S_PIT_01_ASEReadCounter.table","NW_015090842.1:6315409",0,1,1
"ARY1","s1680_S_PIT_01_ASEReadCounter.table","NW_015090842.1:6315479",2,3,1
"ARY1","s1680_S_PIT_01_ASEReadCounter.table","NW_015090842.1:6318427",0,1,1
"ARY1","s1680_S_PIT_01_ASEReadCounter.table","NW_015090842.1:6318603",1,2,1
"ARY1","s1680_S_PIT_01_ASEReadCounter.table","NW_015090842.1:6318708",3,4,1
"ARY1","s1680_S_PIT_01_ASEReadCounter.table","NW_015090842.1:6318858",2,3,1
"ARY1","s1680_S_PIT_01_ASEReadCounter.table","NW_015090842.1:6318952",2,2,0
"MPHOSPH6","s1680_S_PIT_01_ASEReadCounter.table","NW_015090842.1:6324063",31,70,39
"MPHOSPH6","s1680_S_PIT_01_ASEReadCounter.table","NW_015090842.1:6324174",64,144,80
"MPHOSPH6","s1680_S_PIT_01_ASEReadCounter.table","NW_015090842.1:6324270",75,165,90
"MPHOSPH6","s1680_S_PIT_01_ASEReadCounter.table","NW_015090842.1:6324762",68,152,84
"MPHOSPH6","s1680_S_PIT_01_ASEReadCounter.table","NW_015090842.1:6324772",73,153,80
"MPHOSPH6","s1680_S_PIT_01_ASEReadCounter.table","NW_015090842.1:6324780",67,142,75
"MPHOSPH6","s1680_S_PIT_01_ASEReadCounter.table","NW_015090842.1:6324902",76,181,105
"MPHOSPH6","s1680_S_PIT_01_ASEReadCounter.table","NW_015090842.1:6324910",186,186,0
"MPHOSPH6","s1680_S_PIT_01_ASEReadCounter.table","NW_015090842.1:6325066",84,209,125
"MPHOSPH6","s1680_S_PIT_01_ASEReadCounter.table","NW_015090842.1:6325089",99,246,147
"MPHOSPH6","s1680_S_PIT_01_ASEReadCounter.table","NW_015090842.1:6325298",129,287,158
"MPHOSPH6","s1680_S_PIT_01_ASEReadCounter.table","NW_015090842.1:6325877",118,264,146
"MPHOSPH6","s1680_S_PIT_01_ASEReadCounter.table","NW_015090842.1:6326976",78,193,115
"CDH13","s1680_S_PIT_01_ASEReadCounter.table","NW_015090842.1:6662283",4,4,0
"CDH13","s1680_S_PIT_01_ASEReadCounter.table","NW_015090842.1:6693665",4,5,1
"CDH13","s1680_S_PIT_01_ASEReadCounter.table","NW_015090842.1:6693697",3,3,0
"CDH13","s1680_S_PIT_01_ASEReadCounter.table","NW_015090842.1:6693712",3,3,0
"CDH13","s1680_S_PIT_01_ASEReadCounter.table","NW_015090842.1:6693723",3,3,0
"CDH13","s1680_S_PIT_01_ASEReadCounter.table","NW_015090842.1:6693738",4,4,0
"CDH13","s1680_S_PIT_01_ASEReadCounter.table","NW_015090842.1:6823730",2,2,0
"CDH13","s1680_S_PIT_01_ASEReadCounter.table","NW_015090842.1:6889713",1,4,3
"CDH13","s1680_S_PIT_01_ASEReadCounter.table","NW_015090842.1:6955167",3,4,1
"MLYCD","s1680_S_PIT_01_ASEReadCounter.table","NW_015090842.1:7150054",32,80,48
"MLYCD","s1680_S_PIT_01_ASEReadCounter.table","NW_015090842.1:7150131",42,119,77
"MLYCD","s1680_S_PIT_01_ASEReadCounter.table","NW_015090842.1:7150585",54,117,63
"MLYCD","s1680_S_PIT_01_ASEReadCounter.table","NW_015090842.1:7150686",35,92,57
"MLYCD","s1680_S_PIT_01_ASEReadCounter.table","NW_015090842.1:7150696",37,96,59
"MLYCD","s1680_S_PIT_01_ASEReadCounter.table","NW_015090842.1:7150698",94,94,0
"MLYCD","s1680_S_PIT_01_ASEReadCounter.table","NW_015090842.1:7150869",51,112,61
"MLYCD","s1680_S_PIT_01_ASEReadCounter.table","NW_015090842.1:7151100",40,113,73
"MLYCD","s1680_S_PIT_01_ASEReadCounter.table","NW_015090842.1:7151127",46,124,78
"MLYCD","s1680_S_PIT_01_ASEReadCounter.table","NW_015090842.1:7157538",55,110,55
"MLYCD","s1680_S_PIT_01_ASEReadCounter.table","NW_015090842.1:7167662",24,56,32
"MLYCD","s1680_S_PIT_01_ASEReadCounter.table","NW_015090842.1:7167675",23,55,32
"MLYCD","s1680_S_PIT_01_ASEReadCounter.table","NW_015090842.1:7167710",20,57,37
"MLYCD","s1680_S_PIT_01_ASEReadCounter.table","NW_015090842.1:7167781",13,42,29
"MLYCD","s1680_S_PIT_01_ASEReadCounter.table","NW_015090842.1:7167803",15,35,20
"MLYCD","s1680_S_PIT_01_ASEReadCounter.table","NW_015090842.1:7167812",17,37,20
"MLYCD","s1680_S_PIT_01_ASEReadCounter.table","NW_015090842.1:7167845",18,44,26
"MLYCD","s1680_S_PIT_01_ASEReadCounter.table","NW_015090842.1:7167862",18,44,26
"MLYCD","s1680_S_PIT_01_ASEReadCounter.table","NW_015090842.1:7167929",9,40,31
"MLYCD","s1680_S_PIT_01_ASEReadCounter.table","NW_015090842.1:7167995",6,29,23
"MLYCD","s1680_S_PIT_01_ASEReadCounter.table","NW_015090842.1:7168005",6,28,22
"MLYCD","s1680_S_PIT_01_ASEReadCounter.table","NW_015090842.1:7168037",11,29,18
"HSBP1","s1680_S_PIT_01_ASEReadCounter.table","NW_015090842.1:7245192",216,379,163
"HSBP1","s1680_S_PIT_01_ASEReadCounter.table","NW_015090842.1:7245226",274,480,206
"HSBP1","s1680_S_PIT_01_ASEReadCounter.table","NW_015090842.1:7245257",239,420,181
"HSBP1","s1680_S_PIT_01_ASEReadCounter.table","NW_015090842.1:7245296",209,410,201
"HSBP1","s1680_S_PIT_01_ASEReadCounter.table","NW_015090842.1:7245389",321,586,265
"HSBP1","s1680_S_PIT_01_ASEReadCounter.table","NW_015090842.1:7245400",327,574,247
"HSBP1","s1680_S_PIT_01_ASEReadCounter.table","NW_015090842.1:7245445",300,563,263
"HSBP1","s1680_S_PIT_01_ASEReadCounter.table","NW_015090842.1:7245495",276,515,239
"HSBP1","s1680_S_PIT_01_ASEReadCounter.table","NW_015090842.1:7245515",335,594,259
"HSBP1","s1680_S_PIT_01_ASEReadCounter.table","NW_015090842.1:7245733",254,438,184
"HSBP1","s1680_S_PIT_01_ASEReadCounter.table","NW_015090842.1:7245771",279,446,167
"HSBP1","s1680_S_PIT_01_ASEReadCounter.table","NW_015090842.1:7245813",265,432,167
"HSBP1","s1680_S_PIT_01_ASEReadCounter.table","NW_015090842.1:7245926",332,535,203
"HSBP1","s1680_S_PIT_01_ASEReadCounter.table","NW_015090842.1:7245927",337,538,201
"HSBP1","s1680_S_PIT_01_ASEReadCounter.table","NW_015090842.1:7245933",328,517,189
"HSBP1","s1680_S_PIT_01_ASEReadCounter.table","NW_015090842.1:7246002",227,437,210
"HSBP1","s1680_S_PIT_01_ASEReadCounter.table","NW_015090842.1:7246094",306,525,219
"HSBP1","s1680_S_PIT_01_ASEReadCounter.table","NW_015090842.1:7246167",300,522,222
"HSBP1","s1680_S_PIT_01_ASEReadCounter.table","NW_015090842.1:7246183",294,509,215
"HSBP1","s1680_S_PIT_01_ASEReadCounter.table","NW_015090842.1:7247285",44,67,23
"HSBP1","s1680_S_PIT_01_ASEReadCounter.table","NW_015090842.1:7247651",453,861,408
"HSBP1","s1680_S_PIT_01_ASEReadCounter.table","NW_015090842.1:7247657",456,869,413
"HSBP1","s1680_S_PIT_01_ASEReadCounter.table","NW_015090842.1:7248520",281,531,250
"HSBP1","s1680_S_PIT_01_ASEReadCounter.table","NW_015090842.1:7248535",218,400,182
"KCNG4","s1680_S_PIT_01_ASEReadCounter.table","NW_015090842.1:7282481",2,3,1
"KCNG4","s1680_S_PIT_01_ASEReadCounter.table","NW_015090842.1:7282500",1,2,1
"KCNG4","s1680_S_PIT_01_ASEReadCounter.table","NW_015090842.1:7282542",0,2,2
"KCNG4","s1680_S_PIT_01_ASEReadCounter.table","NW_015090842.1:7282579",1,4,3
"KCNG4","s1680_S_PIT_01_ASEReadCounter.table","NW_015090842.1:7282630",1,2,1
"KCNG4","s1680_S_PIT_01_ASEReadCounter.table","NW_015090842.1:7282760",2,4,2
"KCNG4","s1680_S_PIT_01_ASEReadCounter.table","NW_015090842.1:7283056",0,1,1
"KCNG4","s1680_S_PIT_01_ASEReadCounter.table","NW_015090842.1:7283245",0,2,2
"KCNG4","s1680_S_PIT_01_ASEReadCounter.table","NW_015090842.1:7299491",1,2,1
"KCNG4","s1680_S_PIT_01_ASEReadCounter.table","NW_015090842.1:7301195",1,3,2
"KCNG4","s1680_S_PIT_01_ASEReadCounter.table","NW_015090842.1:7301227",1,2,1
"KCNG4","s1680_S_PIT_01_ASEReadCounter.table","NW_015090842.1:7301240",1,2,1
"KCNG4","s1680_S_PIT_01_ASEReadCounter.table","NW_015090842.1:7301413",0,2,2
"WFDC1","s1680_S_PIT_01_ASEReadCounter.table","NW_015090842.1:7366517",0,1,1
"ATP2C2","s1680_S_PIT_01_ASEReadCounter.table","NW_015090842.1:7413747",0,2,2
"TLDC1","s1680_S_PIT_01_ASEReadCounter.table","NW_015090842.1:7421997",48,96,48
"COTL1","s1680_S_PIT_01_ASEReadCounter.table","NW_015090842.1:7490707",136,278,142
"COTL1","s1680_S_PIT_01_ASEReadCounter.table","NW_015090842.1:7490708",137,279,142
"COTL1","s1680_S_PIT_01_ASEReadCounter.table","NW_015090842.1:7490711",142,285,143
"COTL1","s1680_S_PIT_01_ASEReadCounter.table","NW_015090842.1:7490739",134,290,156
"COTL1","s1680_S_PIT_01_ASEReadCounter.table","NW_015090842.1:7490785",132,274,142
"COTL1","s1680_S_PIT_01_ASEReadCounter.table","NW_015090842.1:7490820",15,189,174
"COTL1","s1680_S_PIT_01_ASEReadCounter.table","NW_015090842.1:7490846",291,291,0
"COTL1","s1680_S_PIT_01_ASEReadCounter.table","NW_015090842.1:7505672",1,1,0
"KLHL36","s1680_S_PIT_01_ASEReadCounter.table","NW_015090842.1:7526337",26,40,14
"KLHL36","s1680_S_PIT_01_ASEReadCounter.table","NW_015090842.1:7537681",41,41,0
"USP10","s1680_S_PIT_01_ASEReadCounter.table","NW_015090842.1:7572213",75,148,73
"USP10","s1680_S_PIT_01_ASEReadCounter.table","NW_015090842.1:7572358",101,101,0
"CRISPLD2","s1680_S_PIT_01_ASEReadCounter.table","NW_015090842.1:7619796",2,5,3
"CRISPLD2","s1680_S_PIT_01_ASEReadCounter.table","NW_015090842.1:7630779",3,3,0
"CRISPLD2","s1680_S_PIT_01_ASEReadCounter.table","NW_015090842.1:7633611",4,4,0
"CRISPLD2","s1680_S_PIT_01_ASEReadCounter.table","NW_015090842.1:7633787",3,5,2
"CRISPLD2","s1680_S_PIT_01_ASEReadCounter.table","NW_015090842.1:7634023",2,2,0
"CRISPLD2","s1680_S_PIT_01_ASEReadCounter.table","NW_015090842.1:7634620",7,7,0
"CRISPLD2","s1680_S_PIT_01_ASEReadCounter.table","NW_015090842.1:7636315",1,2,1
"MTHFSD","s1680_S_PIT_01_ASEReadCounter.table","NW_015090842.1:8152578",19,30,11
"DUSP15","s1680_S_PIT_01_ASEReadCounter.table","NW_015090842.1:8422840",4,8,4
"DUSP15","s1680_S_PIT_01_ASEReadCounter.table","NW_015090842.1:8427711",3,3,0
"DUSP15","s1680_S_PIT_01_ASEReadCounter.table","NW_015090842.1:8431988",0,10,10
"EMC8","s1680_S_PIT_01_ASEReadCounter.table","NW_015090842.1:8452385",10,18,8
"GINS2","s1680_S_PIT_01_ASEReadCounter.table","NW_015090842.1:8467469",66,66,0
"GINS2","s1680_S_PIT_01_ASEReadCounter.table","NW_015090842.1:8470290",39,92,53
"GINS2","s1680_S_PIT_01_ASEReadCounter.table","NW_015090842.1:8470305",36,85,49
"GINS2","s1680_S_PIT_01_ASEReadCounter.table","NW_015090842.1:8470376",31,81,50
"GINS2","s1680_S_PIT_01_ASEReadCounter.table","NW_015090842.1:8471057",2,7,5
"GSE1","s1680_S_PIT_01_ASEReadCounter.table","NW_015090842.1:8483570",1,1,0
"KIAA0513","s1680_S_PIT_01_ASEReadCounter.table","NW_015090842.1:8674736",180,180,0
"KIAA0513","s1680_S_PIT_01_ASEReadCounter.table","NW_015090842.1:8687268",1,1,0
"KIAA0513","s1680_S_PIT_01_ASEReadCounter.table","NW_015090842.1:8693655",75,75,0
"ZCCHC14","s1680_S_PIT_01_ASEReadCounter.table","NW_015090842.1:8750189",65,65,0
"JPH3","s1680_S_PIT_01_ASEReadCounter.table","NW_015090842.1:8872294",13,28,15
"KLHDC4","s1680_S_PIT_01_ASEReadCounter.table","NW_015090842.1:8891175",204,204,0
"KLHDC4","s1680_S_PIT_01_ASEReadCounter.table","NW_015090842.1:8905251",44,89,45
"KLHDC4","s1680_S_PIT_01_ASEReadCounter.table","NW_015090842.1:8919630",10,23,13
"SLC7A5","s1680_S_PIT_01_ASEReadCounter.table","NW_015090842.1:8940382",248,248,0
"SLC7A5","s1680_S_PIT_01_ASEReadCounter.table","NW_015090842.1:8941818",278,278,0
"SLC7A5","s1680_S_PIT_01_ASEReadCounter.table","NW_015090842.1:8944655",220,220,0
"CA5A","s1680_S_PIT_01_ASEReadCounter.table","NW_015090842.1:8989479",37,107,70
"CA5A","s1680_S_PIT_01_ASEReadCounter.table","NW_015090842.1:8989562",67,157,90
"CA5A","s1680_S_PIT_01_ASEReadCounter.table","NW_015090842.1:8989609",71,173,102
"CA5A","s1680_S_PIT_01_ASEReadCounter.table","NW_015090842.1:8989693",66,201,135
"CA5A","s1680_S_PIT_01_ASEReadCounter.table","NW_015090842.1:8989702",75,199,124
"CA5A","s1680_S_PIT_01_ASEReadCounter.table","NW_015090842.1:8989746",79,218,139
"CA5A","s1680_S_PIT_01_ASEReadCounter.table","NW_015090842.1:8989880",81,217,136
"CA5A","s1680_S_PIT_01_ASEReadCounter.table","NW_015090842.1:8989885",84,226,142
"CA5A","s1680_S_PIT_01_ASEReadCounter.table","NW_015090842.1:8989929",79,213,134
"CA5A","s1680_S_PIT_01_ASEReadCounter.table","NW_015090842.1:8990002",61,189,128
"CA5A","s1680_S_PIT_01_ASEReadCounter.table","NW_015090842.1:8990004",61,191,130
"CA5A","s1680_S_PIT_01_ASEReadCounter.table","NW_015090842.1:8990005",61,193,132
"CA5A","s1680_S_PIT_01_ASEReadCounter.table","NW_015090842.1:8990017",54,168,114
"CA5A","s1680_S_PIT_01_ASEReadCounter.table","NW_015090842.1:8990043",50,146,96
"CA5A","s1680_S_PIT_01_ASEReadCounter.table","NW_015090842.1:8990080",51,151,100
"CA5A","s1680_S_PIT_01_ASEReadCounter.table","NW_015090842.1:8990084",49,147,98
"CA5A","s1680_S_PIT_01_ASEReadCounter.table","NW_015090842.1:8990090",53,152,99
"CA5A","s1680_S_PIT_01_ASEReadCounter.table","NW_015090842.1:8990095",52,149,97
"CA5A","s1680_S_PIT_01_ASEReadCounter.table","NW_015090842.1:8990111",46,151,105
"CA5A","s1680_S_PIT_01_ASEReadCounter.table","NW_015090842.1:8990112",45,145,100
"CA5A","s1680_S_PIT_01_ASEReadCounter.table","NW_015090842.1:8990115",49,147,98
"CA5A","s1680_S_PIT_01_ASEReadCounter.table","NW_015090842.1:8990166",46,143,97
"CA5A","s1680_S_PIT_01_ASEReadCounter.table","NW_015090842.1:8990169",50,146,96
"CA5A","s1680_S_PIT_01_ASEReadCounter.table","NW_015090842.1:8990222",53,144,91
"CA5A","s1680_S_PIT_01_ASEReadCounter.table","NW_015090842.1:8990289",59,154,95
"CA5A","s1680_S_PIT_01_ASEReadCounter.table","NW_015090842.1:8990314",56,159,103
"CA5A","s1680_S_PIT_01_ASEReadCounter.table","NW_015090842.1:8990361",62,161,99
"CA5A","s1680_S_PIT_01_ASEReadCounter.table","NW_015090842.1:8990368",64,166,102
"CA5A","s1680_S_PIT_01_ASEReadCounter.table","NW_015090842.1:8990429",68,149,81
"CA5A","s1680_S_PIT_01_ASEReadCounter.table","NW_015090842.1:8990466",61,137,76
"CA5A","s1680_S_PIT_01_ASEReadCounter.table","NW_015090842.1:8990663",66,150,84
"CA5A","s1680_S_PIT_01_ASEReadCounter.table","NW_015090842.1:8990797",48,127,79
"CA5A","s1680_S_PIT_01_ASEReadCounter.table","NW_015090842.1:8990836",58,138,80
"CA5A","s1680_S_PIT_01_ASEReadCounter.table","NW_015090842.1:8990842",57,137,80
"CA5A","s1680_S_PIT_01_ASEReadCounter.table","NW_015090842.1:8990851",58,129,71
"CA5A","s1680_S_PIT_01_ASEReadCounter.table","NW_015090842.1:8990918",53,129,76
"CA5A","s1680_S_PIT_01_ASEReadCounter.table","NW_015090842.1:8990921",47,129,82
"CA5A","s1680_S_PIT_01_ASEReadCounter.table","NW_015090842.1:8990942",58,138,80
"CA5A","s1680_S_PIT_01_ASEReadCounter.table","NW_015090842.1:8991001",74,164,90
"CA5A","s1680_S_PIT_01_ASEReadCounter.table","NW_015090842.1:8991038",68,164,96
"CA5A","s1680_S_PIT_01_ASEReadCounter.table","NW_015090842.1:8991149",65,158,93
"CA5A","s1680_S_PIT_01_ASEReadCounter.table","NW_015090842.1:8991176",66,165,99
"CA5A","s1680_S_PIT_01_ASEReadCounter.table","NW_015090842.1:8991241",66,172,106
"CA5A","s1680_S_PIT_01_ASEReadCounter.table","NW_015090842.1:8991262",65,148,83
"CA5A","s1680_S_PIT_01_ASEReadCounter.table","NW_015090842.1:8991316",66,76,10
"CA5A","s1680_S_PIT_01_ASEReadCounter.table","NW_015090842.1:8991319",66,75,9
"CA5A","s1680_S_PIT_01_ASEReadCounter.table","NW_015090842.1:8991330",60,65,5
"CA5A","s1680_S_PIT_01_ASEReadCounter.table","NW_015090842.1:8991334",56,65,9
"CA5A","s1680_S_PIT_01_ASEReadCounter.table","NW_015090842.1:8991362",54,135,81
"CA5A","s1680_S_PIT_01_ASEReadCounter.table","NW_015090842.1:8991368",55,143,88
"CA5A","s1680_S_PIT_01_ASEReadCounter.table","NW_015090842.1:8991390",57,149,92
"CA5A","s1680_S_PIT_01_ASEReadCounter.table","NW_015090842.1:8991395",58,156,98
"CA5A","s1680_S_PIT_01_ASEReadCounter.table","NW_015090842.1:8991422",55,161,106
"CA5A","s1680_S_PIT_01_ASEReadCounter.table","NW_015090842.1:8991467",50,142,92
"CA5A","s1680_S_PIT_01_ASEReadCounter.table","NW_015090842.1:8991576",41,112,71
"CA5A","s1680_S_PIT_01_ASEReadCounter.table","NW_015090842.1:8991587",47,121,74
"CA5A","s1680_S_PIT_01_ASEReadCounter.table","NW_015090842.1:8991655",51,145,94
"CA5A","s1680_S_PIT_01_ASEReadCounter.table","NW_015090842.1:8991717",38,130,92
"CA5A","s1680_S_PIT_01_ASEReadCounter.table","NW_015090842.1:8991726",39,129,90
"CA5A","s1680_S_PIT_01_ASEReadCounter.table","NW_015090842.1:8991799",45,138,93
"CA5A","s1680_S_PIT_01_ASEReadCounter.table","NW_015090842.1:8991809",45,135,90
"CA5A","s1680_S_PIT_01_ASEReadCounter.table","NW_015090842.1:8991848",38,126,88
"CA5A","s1680_S_PIT_01_ASEReadCounter.table","NW_015090842.1:8991849",38,123,85
"CA5A","s1680_S_PIT_01_ASEReadCounter.table","NW_015090842.1:8991927",56,143,87
"CA5A","s1680_S_PIT_01_ASEReadCounter.table","NW_015090842.1:8991941",55,137,82
"CA5A","s1680_S_PIT_01_ASEReadCounter.table","NW_015090842.1:8992121",43,130,87
"CA5A","s1680_S_PIT_01_ASEReadCounter.table","NW_015090842.1:8992224",46,115,69
"CA5A","s1680_S_PIT_01_ASEReadCounter.table","NW_015090842.1:9002570",32,84,52
"CA5A","s1680_S_PIT_01_ASEReadCounter.table","NW_015090842.1:9002600",31,87,56
"CA5A","s1680_S_PIT_01_ASEReadCounter.table","NW_015090842.1:9004312",23,74,51
"CA5A","s1680_S_PIT_01_ASEReadCounter.table","NW_015090842.1:9004530",1,1,0
"CA5A","s1680_S_PIT_01_ASEReadCounter.table","NW_015090842.1:9004556",1,1,0
"CA5A","s1680_S_PIT_01_ASEReadCounter.table","NW_015090842.1:9004620",1,1,0
"CA5A","s1680_S_PIT_01_ASEReadCounter.table","NW_015090842.1:9005116",2,3,1
"CA5A","s1680_S_PIT_01_ASEReadCounter.table","NW_015090842.1:9005120",2,2,0
"CA5A","s1680_S_PIT_01_ASEReadCounter.table","NW_015090842.1:9005140",4,5,1
"CA5A","s1680_S_PIT_01_ASEReadCounter.table","NW_015090842.1:9005152",5,6,1
"CA5A","s1680_S_PIT_01_ASEReadCounter.table","NW_015090842.1:9011189",1,1,0
"CA5A","s1680_S_PIT_01_ASEReadCounter.table","NW_015090842.1:9011194",1,1,0
"BANP","s1680_S_PIT_01_ASEReadCounter.table","NW_015090842.1:9033407",10,26,16
"BANP","s1680_S_PIT_01_ASEReadCounter.table","NW_015090842.1:9033409",9,21,12
"BANP","s1680_S_PIT_01_ASEReadCounter.table","NW_015090842.1:9033420",11,33,22
"BANP","s1680_S_PIT_01_ASEReadCounter.table","NW_015090842.1:9055284",12,29,17
"CIDEC","s1680_S_PIT_01_ASEReadCounter.table","NW_015090842.1:9481199",1,2,1
"ZC3H18","s1680_S_PIT_01_ASEReadCounter.table","NW_015090842.1:9528933",32,68,36
"MVD","s1680_S_PIT_01_ASEReadCounter.table","NW_015090842.1:9550690",30,30,0
"MVD","s1680_S_PIT_01_ASEReadCounter.table","NW_015090842.1:9550691",30,30,0
"MVD","s1680_S_PIT_01_ASEReadCounter.table","NW_015090842.1:9550699",34,35,1
"MVD","s1680_S_PIT_01_ASEReadCounter.table","NW_015090842.1:9550701",34,34,0
"MVD","s1680_S_PIT_01_ASEReadCounter.table","NW_015090842.1:9552202",54,54,0
"MVD","s1680_S_PIT_01_ASEReadCounter.table","NW_015090842.1:9552223",52,52,0
"MVD","s1680_S_PIT_01_ASEReadCounter.table","NW_015090842.1:9552533",46,46,0
"MVD","s1680_S_PIT_01_ASEReadCounter.table","NW_015090842.1:9552644",22,49,27
"PIEZO1","s1680_S_PIT_01_ASEReadCounter.table","NW_015090842.1:9577447",9,11,2
"PIEZO1","s1680_S_PIT_01_ASEReadCounter.table","NW_015090842.1:9579101",7,10,3
"PIEZO1","s1680_S_PIT_01_ASEReadCounter.table","NW_015090842.1:9582630",2,3,1
"PIEZO1","s1680_S_PIT_01_ASEReadCounter.table","NW_015090842.1:9582976",6,9,3
"PIEZO1","s1680_S_PIT_01_ASEReadCounter.table","NW_015090842.1:9583326",7,7,0
"CDT1","s1680_S_PIT_01_ASEReadCounter.table","NW_015090842.1:9596711",6,9,3
"CDT1","s1680_S_PIT_01_ASEReadCounter.table","NW_015090842.1:9597033",24,24,0
"CDT1","s1680_S_PIT_01_ASEReadCounter.table","NW_015090842.1:9597756",8,20,12
"CDT1","s1680_S_PIT_01_ASEReadCounter.table","NW_015090842.1:9598873",23,23,0
"ACSF3","s1680_S_PIT_01_ASEReadCounter.table","NW_015090842.1:9776737",9,20,11
"ACSF3","s1680_S_PIT_01_ASEReadCounter.table","NW_015090842.1:9809639",75,75,0
"ACSF3","s1680_S_PIT_01_ASEReadCounter.table","NW_015090842.1:9834743",46,91,45
"ACSF3","s1680_S_PIT_01_ASEReadCounter.table","NW_015090842.1:9834762",91,91,0
"ACSF3","s1680_S_PIT_01_ASEReadCounter.table","NW_015090842.1:9834852",55,100,45
"ACSF3","s1680_S_PIT_01_ASEReadCounter.table","NW_015090842.1:9834861",45,85,40
"ACSF3","s1680_S_PIT_01_ASEReadCounter.table","NW_015090842.1:9839359",27,58,31
"ACSF3","s1680_S_PIT_01_ASEReadCounter.table","NW_015090842.1:9839378",25,54,29
"ACSF3","s1680_S_PIT_01_ASEReadCounter.table","NW_015090842.1:9839455",28,64,36
"ACSF3","s1680_S_PIT_01_ASEReadCounter.table","NW_015090842.1:9839457",28,60,32
"ACSF3","s1680_S_PIT_01_ASEReadCounter.table","NW_015090842.1:9839489",22,45,23
"ACSF3","s1680_S_PIT_01_ASEReadCounter.table","NW_015090842.1:9839500",18,38,20
"ACSF3","s1680_S_PIT_01_ASEReadCounter.table","NW_015090842.1:9839501",18,39,21
"ACSF3","s1680_S_PIT_01_ASEReadCounter.table","NW_015090842.1:9839504",20,41,21
"ACSF3","s1680_S_PIT_01_ASEReadCounter.table","NW_015090842.1:9839512",21,39,18
"ACSF3","s1680_S_PIT_01_ASEReadCounter.table","NW_015090842.1:9839527",18,35,17
"ACSF3","s1680_S_PIT_01_ASEReadCounter.table","NW_015090842.1:9839533",11,25,14
"ACSF3","s1680_S_PIT_01_ASEReadCounter.table","NW_015090842.1:9839535",11,25,14
"ACSF3","s1680_S_PIT_01_ASEReadCounter.table","NW_015090842.1:9839545",7,14,7
"ACSF3","s1680_S_PIT_01_ASEReadCounter.table","NW_015090842.1:9839550",7,14,7
"ACSF3","s1680_S_PIT_01_ASEReadCounter.table","NW_015090842.1:9839551",7,13,6
"CDH15","s1680_S_PIT_01_ASEReadCounter.table","NW_015090842.1:9847163",1,1,0
"CDH15","s1680_S_PIT_01_ASEReadCounter.table","NW_015090842.1:9847174",2,2,0
"SLC22A31","s1680_S_PIT_01_ASEReadCounter.table","NW_015090842.1:9851130",4,4,0
"SLC22A31","s1680_S_PIT_01_ASEReadCounter.table","NW_015090842.1:9851139",4,4,0
"SLC22A31","s1680_S_PIT_01_ASEReadCounter.table","NW_015090842.1:9851265",7,9,2
"SLC22A31","s1680_S_PIT_01_ASEReadCounter.table","NW_015090842.1:9851302",5,8,3
"SLC22A31","s1680_S_PIT_01_ASEReadCounter.table","NW_015090842.1:9851303",5,8,3
"SLC22A31","s1680_S_PIT_01_ASEReadCounter.table","NW_015090842.1:9851305",5,8,3
"SLC22A31","s1680_S_PIT_01_ASEReadCounter.table","NW_015090842.1:9851343",7,10,3
"SLC22A31","s1680_S_PIT_01_ASEReadCounter.table","NW_015090842.1:9851344",7,10,3
"SLC22A31","s1680_S_PIT_01_ASEReadCounter.table","NW_015090842.1:9851381",7,9,2
"SLC22A31","s1680_S_PIT_01_ASEReadCounter.table","NW_015090842.1:9851421",8,10,2
"SLC22A31","s1680_S_PIT_01_ASEReadCounter.table","NW_015090842.1:9851526",5,10,5
"SLC22A31","s1680_S_PIT_01_ASEReadCounter.table","NW_015090842.1:9851589",13,20,7
"SLC22A31","s1680_S_PIT_01_ASEReadCounter.table","NW_015090842.1:9851712",14,27,13
"SLC22A31","s1680_S_PIT_01_ASEReadCounter.table","NW_015090842.1:9851899",9,15,6
"SLC22A31","s1680_S_PIT_01_ASEReadCounter.table","NW_015090842.1:9852139",9,15,6
"SLC22A31","s1680_S_PIT_01_ASEReadCounter.table","NW_015090842.1:9852380",4,17,13
"SLC22A31","s1680_S_PIT_01_ASEReadCounter.table","NW_015090842.1:9852431",6,13,7
"SLC22A31","s1680_S_PIT_01_ASEReadCounter.table","NW_015090842.1:9852630",7,13,6
"SLC22A31","s1680_S_PIT_01_ASEReadCounter.table","NW_015090842.1:9852711",3,10,7
"SLC22A31","s1680_S_PIT_01_ASEReadCounter.table","NW_015090842.1:9852742",5,11,6
"SLC22A31","s1680_S_PIT_01_ASEReadCounter.table","NW_015090842.1:9853099",7,12,5
"SLC22A31","s1680_S_PIT_01_ASEReadCounter.table","NW_015090842.1:9853102",7,12,5
"SLC22A31","s1680_S_PIT_01_ASEReadCounter.table","NW_015090842.1:9853421",6,7,1
"SLC22A31","s1680_S_PIT_01_ASEReadCounter.table","NW_015090842.1:9853457",9,9,0
"SLC22A31","s1680_S_PIT_01_ASEReadCounter.table","NW_015090842.1:9853502",5,6,1
"ANKRD11","s1680_S_PIT_01_ASEReadCounter.table","NW_015090842.1:9858863",2,4,2
"ANKRD11","s1680_S_PIT_01_ASEReadCounter.table","NW_015090842.1:9859101",52,113,61
"ANKRD11","s1680_S_PIT_01_ASEReadCounter.table","NW_015090842.1:9859352",66,156,90
"ANKRD11","s1680_S_PIT_01_ASEReadCounter.table","NW_015090842.1:9859381",16,92,76
"ANKRD11","s1680_S_PIT_01_ASEReadCounter.table","NW_015090842.1:9859527",43,78,35
"ANKRD11","s1680_S_PIT_01_ASEReadCounter.table","NW_015090842.1:9859529",41,77,36
"ANKRD11","s1680_S_PIT_01_ASEReadCounter.table","NW_015090842.1:9859679",75,138,63
"ANKRD11","s1680_S_PIT_01_ASEReadCounter.table","NW_015090842.1:9861097",80,159,79
"ANKRD11","s1680_S_PIT_01_ASEReadCounter.table","NW_015090842.1:9862571",51,91,40
"ANKRD11","s1680_S_PIT_01_ASEReadCounter.table","NW_015090842.1:9866071",0,52,52
"ANKRD11","s1680_S_PIT_01_ASEReadCounter.table","NW_015090842.1:9866200",0,55,55
"ANKRD11","s1680_S_PIT_01_ASEReadCounter.table","NW_015090842.1:9867391",26,60,34
"ANKRD11","s1680_S_PIT_01_ASEReadCounter.table","NW_015090842.1:9867472",48,96,48
"ANKRD11","s1680_S_PIT_01_ASEReadCounter.table","NW_015090842.1:9867559",46,98,52
"ANKRD11","s1680_S_PIT_01_ASEReadCounter.table","NW_015090842.1:9867934",71,116,45
"ANKRD11","s1680_S_PIT_01_ASEReadCounter.table","NW_015090842.1:9868093",44,91,47
"ANKRD11","s1680_S_PIT_01_ASEReadCounter.table","NW_015090842.1:9868222",52,112,60
"ANKRD11","s1680_S_PIT_01_ASEReadCounter.table","NW_015090842.1:9868327",55,97,42
"ANKRD11","s1680_S_PIT_01_ASEReadCounter.table","NW_015090842.1:9868414",62,136,74
"ANKRD11","s1680_S_PIT_01_ASEReadCounter.table","NW_015090842.1:9868441",53,121,68
"ANKRD11","s1680_S_PIT_01_ASEReadCounter.table","NW_015090842.1:9868444",53,121,68
"ANKRD11","s1680_S_PIT_01_ASEReadCounter.table","NW_015090842.1:9868519",69,130,61
"ANKRD11","s1680_S_PIT_01_ASEReadCounter.table","NW_015090842.1:9868609",68,135,67
"ANKRD11","s1680_S_PIT_01_ASEReadCounter.table","NW_015090842.1:9868666",84,145,61
"ANKRD11","s1680_S_PIT_01_ASEReadCounter.table","NW_015090842.1:9869431",50,90,40
"ANKRD11","s1680_S_PIT_01_ASEReadCounter.table","NW_015090842.1:9869578",93,168,75
"ANKRD11","s1680_S_PIT_01_ASEReadCounter.table","NW_015090842.1:9869734",104,183,79
"ANKRD11","s1680_S_PIT_01_ASEReadCounter.table","NW_015090842.1:9870070",60,118,58
"ANKRD11","s1680_S_PIT_01_ASEReadCounter.table","NW_015090842.1:9870349",64,113,49
"ANKRD11","s1680_S_PIT_01_ASEReadCounter.table","NW_015090842.1:9870604",60,117,57
"ANKRD11","s1680_S_PIT_01_ASEReadCounter.table","NW_015090842.1:9870613",72,131,59
"ANKRD11","s1680_S_PIT_01_ASEReadCounter.table","NW_015090842.1:9870685",82,165,83
"ANKRD11","s1680_S_PIT_01_ASEReadCounter.table","NW_015090842.1:9870847",57,127,70
"ANKRD11","s1680_S_PIT_01_ASEReadCounter.table","NW_015090842.1:9871103",54,93,39
"ANKRD11","s1680_S_PIT_01_ASEReadCounter.table","NW_015090842.1:9871165",51,107,56
"ANKRD11","s1680_S_PIT_01_ASEReadCounter.table","NW_015090842.1:9871820",33,64,31
"ANKRD11","s1680_S_PIT_01_ASEReadCounter.table","NW_015090842.1:9871994",82,82,0
"ANKRD11","s1680_S_PIT_01_ASEReadCounter.table","NW_015090842.1:9872118",36,81,45
"SPG7","s1680_S_PIT_01_ASEReadCounter.table","NW_015090842.1:10051190",92,203,111
"SPG7","s1680_S_PIT_01_ASEReadCounter.table","NW_015090842.1:10051218",109,248,139
"SPG7","s1680_S_PIT_01_ASEReadCounter.table","NW_015090842.1:10052348",139,273,134
"SPG7","s1680_S_PIT_01_ASEReadCounter.table","NW_015090842.1:10052366",135,265,130
"SPG7","s1680_S_PIT_01_ASEReadCounter.table","NW_015090842.1:10065173",111,240,129
"SPG7","s1680_S_PIT_01_ASEReadCounter.table","NW_015090842.1:10065215",98,225,127
"SPG7","s1680_S_PIT_01_ASEReadCounter.table","NW_015090842.1:10066301",80,172,92
"SPG7","s1680_S_PIT_01_ASEReadCounter.table","NW_015090842.1:10066365",66,157,91
"SPG7","s1680_S_PIT_01_ASEReadCounter.table","NW_015090842.1:10069752",93,207,114
"SPG7","s1680_S_PIT_01_ASEReadCounter.table","NW_015090842.1:10069800",101,222,121
"SPG7","s1680_S_PIT_01_ASEReadCounter.table","NW_015090842.1:10071192",134,254,120
"SPG7","s1680_S_PIT_01_ASEReadCounter.table","NW_015090842.1:10071204",137,250,113
"SPG7","s1680_S_PIT_01_ASEReadCounter.table","NW_015090842.1:10071219",120,236,116
"SPG7","s1680_S_PIT_01_ASEReadCounter.table","NW_015090842.1:10071967",107,237,130
"SPG7","s1680_S_PIT_01_ASEReadCounter.table","NW_015090842.1:10075109",156,290,134
"SPG7","s1680_S_PIT_01_ASEReadCounter.table","NW_015090842.1:10075114",147,274,127
"SPG7","s1680_S_PIT_01_ASEReadCounter.table","NW_015090842.1:10075198",122,229,107
"SPG7","s1680_S_PIT_01_ASEReadCounter.table","NW_015090842.1:10075487",79,158,79
"SPG7","s1680_S_PIT_01_ASEReadCounter.table","NW_015090842.1:10075488",79,158,79
"SPG7","s1680_S_PIT_01_ASEReadCounter.table","NW_015090842.1:10075548",61,123,62
"RPL13","s1680_S_PIT_01_ASEReadCounter.table","NW_015090842.1:10076979",0,1,1
"RPL13","s1680_S_PIT_01_ASEReadCounter.table","NW_015090842.1:10077387",675,1504,829
"RPL13","s1680_S_PIT_01_ASEReadCounter.table","NW_015090842.1:10077978",918,1966,1048
"RPL13","s1680_S_PIT_01_ASEReadCounter.table","NW_015090842.1:10077992",897,1911,1014
"CPNE7","s1680_S_PIT_01_ASEReadCounter.table","NW_015090842.1:10084001",3,3,0
"CPNE7","s1680_S_PIT_01_ASEReadCounter.table","NW_015090842.1:10084856",1,1,0
"CPNE7","s1680_S_PIT_01_ASEReadCounter.table","NW_015090842.1:10084872",2,2,0
"CPNE7","s1680_S_PIT_01_ASEReadCounter.table","NW_015090842.1:10084892",3,3,0
"CPNE7","s1680_S_PIT_01_ASEReadCounter.table","NW_015090842.1:10084921",3,3,0
"CPNE7","s1680_S_PIT_01_ASEReadCounter.table","NW_015090842.1:10084935",3,3,0
"CPNE7","s1680_S_PIT_01_ASEReadCounter.table","NW_015090842.1:10085000",4,4,0
"CPNE7","s1680_S_PIT_01_ASEReadCounter.table","NW_015090842.1:10085089",2,2,0
"CPNE7","s1680_S_PIT_01_ASEReadCounter.table","NW_015090842.1:10085096",2,2,0
"CPNE7","s1680_S_PIT_01_ASEReadCounter.table","NW_015090842.1:10085126",4,4,0
"CPNE7","s1680_S_PIT_01_ASEReadCounter.table","NW_015090842.1:10085180",4,4,0
"CPNE7","s1680_S_PIT_01_ASEReadCounter.table","NW_015090842.1:10085201",4,4,0
"CPNE7","s1680_S_PIT_01_ASEReadCounter.table","NW_015090842.1:10088134",5,5,0
"CPNE7","s1680_S_PIT_01_ASEReadCounter.table","NW_015090842.1:10088146",5,5,0
"CPNE7","s1680_S_PIT_01_ASEReadCounter.table","NW_015090842.1:10088940",4,4,0
"CPNE7","s1680_S_PIT_01_ASEReadCounter.table","NW_015090842.1:10088965",3,3,0
"CPNE7","s1680_S_PIT_01_ASEReadCounter.table","NW_015090842.1:10088967",3,3,0
"CPNE7","s1680_S_PIT_01_ASEReadCounter.table","NW_015090842.1:10088973",3,3,0
"CPNE7","s1680_S_PIT_01_ASEReadCounter.table","NW_015090842.1:10090924",3,3,0
"CPNE7","s1680_S_PIT_01_ASEReadCounter.table","NW_015090842.1:10090930",3,3,0
"CPNE7","s1680_S_PIT_01_ASEReadCounter.table","NW_015090842.1:10091075",3,3,0
"CPNE7","s1680_S_PIT_01_ASEReadCounter.table","NW_015090842.1:10091389",6,7,1
"CPNE7","s1680_S_PIT_01_ASEReadCounter.table","NW_015090842.1:10091407",5,6,1
"CPNE7","s1680_S_PIT_01_ASEReadCounter.table","NW_015090842.1:10091530",4,4,0
"CPNE7","s1680_S_PIT_01_ASEReadCounter.table","NW_015090842.1:10091875",2,2,0
"CPNE7","s1680_S_PIT_01_ASEReadCounter.table","NW_015090842.1:10091983",1,1,0
"CPNE7","s1680_S_PIT_01_ASEReadCounter.table","NW_015090842.1:10091997",1,1,0
"CPNE7","s1680_S_PIT_01_ASEReadCounter.table","NW_015090842.1:10092038",2,2,0
"CPNE7","s1680_S_PIT_01_ASEReadCounter.table","NW_015090842.1:10092140",2,2,0
"CPNE7","s1680_S_PIT_01_ASEReadCounter.table","NW_015090842.1:10092183",1,1,0
"CPNE7","s1680_S_PIT_01_ASEReadCounter.table","NW_015090842.1:10092201",2,2,0
"CPNE7","s1680_S_PIT_01_ASEReadCounter.table","NW_015090842.1:10092230",1,1,0
"CPNE7","s1680_S_PIT_01_ASEReadCounter.table","NW_015090842.1:10092246",1,1,0
"LOC106888185","s1680_S_PIT_01_ASEReadCounter.table","NW_015090842.1:10094965",3,17,14
"LOC106888185","s1680_S_PIT_01_ASEReadCounter.table","NW_015090842.1:10094966",3,14,11
"LOC106888185","s1680_S_PIT_01_ASEReadCounter.table","NW_015090842.1:10094985",4,19,15
"LOC106888185","s1680_S_PIT_01_ASEReadCounter.table","NW_015090842.1:10095055",1,14,13
"LOC106888185","s1680_S_PIT_01_ASEReadCounter.table","NW_015090842.1:10095062",1,14,13
"LOC106888185","s1680_S_PIT_01_ASEReadCounter.table","NW_015090842.1:10095130",4,17,13
"LOC106888185","s1680_S_PIT_01_ASEReadCounter.table","NW_015090842.1:10095265",51,95,44
"LOC106888185","s1680_S_PIT_01_ASEReadCounter.table","NW_015090842.1:10095586",44,122,78
"LOC106888185","s1680_S_PIT_01_ASEReadCounter.table","NW_015090842.1:10095593",50,133,83
"LOC106888185","s1680_S_PIT_01_ASEReadCounter.table","NW_015090842.1:10095616",49,117,68
"LOC106888185","s1680_S_PIT_01_ASEReadCounter.table","NW_015090842.1:10095662",40,98,58
"LOC106888185","s1680_S_PIT_01_ASEReadCounter.table","NW_015090842.1:10095674",37,97,60
"LOC106888185","s1680_S_PIT_01_ASEReadCounter.table","NW_015090842.1:10095786",36,98,62
"LOC106888185","s1680_S_PIT_01_ASEReadCounter.table","NW_015090842.1:10095831",52,119,67
"LOC106888185","s1680_S_PIT_01_ASEReadCounter.table","NW_015090842.1:10096230",51,101,50
"LOC106888185","s1680_S_PIT_01_ASEReadCounter.table","NW_015090842.1:10096249",54,118,64
"LOC106888185","s1680_S_PIT_01_ASEReadCounter.table","NW_015090842.1:10096272",65,127,62
"LOC106888185","s1680_S_PIT_01_ASEReadCounter.table","NW_015090842.1:10096288",52,114,62
"LOC106888185","s1680_S_PIT_01_ASEReadCounter.table","NW_015090842.1:10097248",55,142,87
"LOC106888185","s1680_S_PIT_01_ASEReadCounter.table","NW_015090842.1:10097265",61,163,102
"LOC106888185","s1680_S_PIT_01_ASEReadCounter.table","NW_015090842.1:10097446",0,22,22
"DPEP1","s1680_S_PIT_01_ASEReadCounter.table","NW_015090842.1:10098017",0,4,4
"DPEP1","s1680_S_PIT_01_ASEReadCounter.table","NW_015090842.1:10098518",0,8,8
"DPEP1","s1680_S_PIT_01_ASEReadCounter.table","NW_015090842.1:10098595",2,6,4
"DPEP1","s1680_S_PIT_01_ASEReadCounter.table","NW_015090842.1:10098597",2,5,3
"DPEP1","s1680_S_PIT_01_ASEReadCounter.table","NW_015090842.1:10098601",2,5,3
"DPEP1","s1680_S_PIT_01_ASEReadCounter.table","NW_015090842.1:10098608",2,6,4
"DPEP1","s1680_S_PIT_01_ASEReadCounter.table","NW_015090842.1:10098630",2,6,4
"DPEP1","s1680_S_PIT_01_ASEReadCounter.table","NW_015090842.1:10098659",2,8,6
"DPEP1","s1680_S_PIT_01_ASEReadCounter.table","NW_015090842.1:10099765",0,8,8
"DPEP1","s1680_S_PIT_01_ASEReadCounter.table","NW_015090842.1:10099985",1,11,10
"DPEP1","s1680_S_PIT_01_ASEReadCounter.table","NW_015090842.1:10099986",1,11,10
"DPEP1","s1680_S_PIT_01_ASEReadCounter.table","NW_015090842.1:10099991",1,11,10
"DPEP1","s1680_S_PIT_01_ASEReadCounter.table","NW_015090842.1:10100044",0,14,14
"DPEP1","s1680_S_PIT_01_ASEReadCounter.table","NW_015090842.1:10100045",0,14,14
"DPEP1","s1680_S_PIT_01_ASEReadCounter.table","NW_015090842.1:10100084",0,13,13
"DPEP1","s1680_S_PIT_01_ASEReadCounter.table","NW_015090842.1:10100295",0,12,12
"DPEP1","s1680_S_PIT_01_ASEReadCounter.table","NW_015090842.1:10100529",0,7,7
"DPEP1","s1680_S_PIT_01_ASEReadCounter.table","NW_015090842.1:10100893",1,12,11
"DPEP1","s1680_S_PIT_01_ASEReadCounter.table","NW_015090842.1:10100902",1,13,12
"DPEP1","s1680_S_PIT_01_ASEReadCounter.table","NW_015090842.1:10101072",1,8,7
"DPEP1","s1680_S_PIT_01_ASEReadCounter.table","NW_015090842.1:10101199",1,10,9
"DPEP1","s1680_S_PIT_01_ASEReadCounter.table","NW_015090842.1:10101483",2,18,16
"DPEP1","s1680_S_PIT_01_ASEReadCounter.table","NW_015090842.1:10101497",2,20,18
"DPEP1","s1680_S_PIT_01_ASEReadCounter.table","NW_015090842.1:10101525",2,20,18
"DPEP1","s1680_S_PIT_01_ASEReadCounter.table","NW_015090842.1:10101875",1,7,6
"DPEP1","s1680_S_PIT_01_ASEReadCounter.table","NW_015090842.1:10101913",1,11,10
"DPEP1","s1680_S_PIT_01_ASEReadCounter.table","NW_015090842.1:10101996",2,10,8
"DPEP1","s1680_S_PIT_01_ASEReadCounter.table","NW_015090842.1:10102014",1,5,4
"DPEP1","s1680_S_PIT_01_ASEReadCounter.table","NW_015090842.1:10102035",1,4,3
"CHMP1A","s1680_S_PIT_01_ASEReadCounter.table","NW_015090842.1:10102901",65,163,98
"CHMP1A","s1680_S_PIT_01_ASEReadCounter.table","NW_015090842.1:10102961",48,181,133
"CHMP1A","s1680_S_PIT_01_ASEReadCounter.table","NW_015090842.1:10102996",49,172,123
"CHMP1A","s1680_S_PIT_01_ASEReadCounter.table","NW_015090842.1:10103004",55,180,125
"CHMP1A","s1680_S_PIT_01_ASEReadCounter.table","NW_015090842.1:10103006",54,180,126
"CHMP1A","s1680_S_PIT_01_ASEReadCounter.table","NW_015090842.1:10103052",89,205,116
"CHMP1A","s1680_S_PIT_01_ASEReadCounter.table","NW_015090842.1:10103095",87,204,117
"CHMP1A","s1680_S_PIT_01_ASEReadCounter.table","NW_015090842.1:10103096",85,201,116
"CHMP1A","s1680_S_PIT_01_ASEReadCounter.table","NW_015090842.1:10103152",67,161,94
"CHMP1A","s1680_S_PIT_01_ASEReadCounter.table","NW_015090842.1:10103334",49,136,87
"CHMP1A","s1680_S_PIT_01_ASEReadCounter.table","NW_015090842.1:10103373",37,123,86
"CHMP1A","s1680_S_PIT_01_ASEReadCounter.table","NW_015090842.1:10103408",67,172,105
"CHMP1A","s1680_S_PIT_01_ASEReadCounter.table","NW_015090842.1:10103412",70,171,101
"CHMP1A","s1680_S_PIT_01_ASEReadCounter.table","NW_015090842.1:10103512",84,200,116
"CHMP1A","s1680_S_PIT_01_ASEReadCounter.table","NW_015090842.1:10103513",83,198,115
"CHMP1A","s1680_S_PIT_01_ASEReadCounter.table","NW_015090842.1:10103583",66,152,86
"CHMP1A","s1680_S_PIT_01_ASEReadCounter.table","NW_015090842.1:10103614",71,162,91
"CHMP1A","s1680_S_PIT_01_ASEReadCounter.table","NW_015090842.1:10103657",72,179,107
"CHMP1A","s1680_S_PIT_01_ASEReadCounter.table","NW_015090842.1:10103669",54,163,109
"CHMP1A","s1680_S_PIT_01_ASEReadCounter.table","NW_015090842.1:10103674",54,159,105
"CHMP1A","s1680_S_PIT_01_ASEReadCounter.table","NW_015090842.1:10103677",54,160,106
"CHMP1A","s1680_S_PIT_01_ASEReadCounter.table","NW_015090842.1:10103729",93,179,86
"CHMP1A","s1680_S_PIT_01_ASEReadCounter.table","NW_015090842.1:10103758",97,176,79
"CHMP1A","s1680_S_PIT_01_ASEReadCounter.table","NW_015090842.1:10103761",98,181,83
"CHMP1A","s1680_S_PIT_01_ASEReadCounter.table","NW_015090842.1:10103788",121,232,111
"CHMP1A","s1680_S_PIT_01_ASEReadCounter.table","NW_015090842.1:10103789",120,229,109
"CHMP1A","s1680_S_PIT_01_ASEReadCounter.table","NW_015090842.1:10103790",118,228,110
"CHMP1A","s1680_S_PIT_01_ASEReadCounter.table","NW_015090842.1:10103950",98,227,129
"CHMP1A","s1680_S_PIT_01_ASEReadCounter.table","NW_015090842.1:10104335",79,165,86
"CHMP1A","s1680_S_PIT_01_ASEReadCounter.table","NW_015090842.1:10104429",112,227,115
"CHMP1A","s1680_S_PIT_01_ASEReadCounter.table","NW_015090842.1:10104532",123,255,132
"CHMP1A","s1680_S_PIT_01_ASEReadCounter.table","NW_015090842.1:10104633",88,203,115
"CHMP1A","s1680_S_PIT_01_ASEReadCounter.table","NW_015090842.1:10104759",82,197,115
"CHMP1A","s1680_S_PIT_01_ASEReadCounter.table","NW_015090842.1:10104794",102,224,122
"CHMP1A","s1680_S_PIT_01_ASEReadCounter.table","NW_015090842.1:10104844",70,159,89
"CHMP1A","s1680_S_PIT_01_ASEReadCounter.table","NW_015090842.1:10106290",81,195,114
"CHMP1A","s1680_S_PIT_01_ASEReadCounter.table","NW_015090842.1:10106335",107,220,113
"CHMP1A","s1680_S_PIT_01_ASEReadCounter.table","NW_015090842.1:10106383",140,284,144
"CHMP1A","s1680_S_PIT_01_ASEReadCounter.table","NW_015090842.1:10106747",155,318,163
"CHMP1A","s1680_S_PIT_01_ASEReadCounter.table","NW_015090842.1:10107404",138,282,144
"CHMP1A","s1680_S_PIT_01_ASEReadCounter.table","NW_015090842.1:10107410",143,283,140
"CHMP1A","s1680_S_PIT_01_ASEReadCounter.table","NW_015090842.1:10107876",110,246,136
"CDK10","s1680_S_PIT_01_ASEReadCounter.table","NW_015090842.1:10109030",9,11,2
"CDK10","s1680_S_PIT_01_ASEReadCounter.table","NW_015090842.1:10109963",41,105,64
"CDK10","s1680_S_PIT_01_ASEReadCounter.table","NW_015090842.1:10110887",27,86,59
"CDK10","s1680_S_PIT_01_ASEReadCounter.table","NW_015090842.1:10111254",22,73,51
"CDK10","s1680_S_PIT_01_ASEReadCounter.table","NW_015090842.1:10111380",24,86,62
"CDK10","s1680_S_PIT_01_ASEReadCounter.table","NW_015090842.1:10111395",25,87,62
"CDK10","s1680_S_PIT_01_ASEReadCounter.table","NW_015090842.1:10111437",14,71,57
"CDK10","s1680_S_PIT_01_ASEReadCounter.table","NW_015090842.1:10111798",35,86,51
"CDK10","s1680_S_PIT_01_ASEReadCounter.table","NW_015090842.1:10111840",30,95,65
"CDK10","s1680_S_PIT_01_ASEReadCounter.table","NW_015090842.1:10112031",32,101,69
"CDK10","s1680_S_PIT_01_ASEReadCounter.table","NW_015090842.1:10112285",35,94,59
"CDK10","s1680_S_PIT_01_ASEReadCounter.table","NW_015090842.1:10112398",31,91,60
"CDK10","s1680_S_PIT_01_ASEReadCounter.table","NW_015090842.1:10112455",21,67,46
"CDK10","s1680_S_PIT_01_ASEReadCounter.table","NW_015090842.1:10112461",22,65,43
"CDK10","s1680_S_PIT_01_ASEReadCounter.table","NW_015090842.1:10112497",22,53,31
"CDK10","s1680_S_PIT_01_ASEReadCounter.table","NW_015090842.1:10112508",21,58,37
"CDK10","s1680_S_PIT_01_ASEReadCounter.table","NW_015090842.1:10112518",17,50,33
"CDK10","s1680_S_PIT_01_ASEReadCounter.table","NW_015090842.1:10112540",8,43,35
"CDK10","s1680_S_PIT_01_ASEReadCounter.table","NW_015090842.1:10112556",21,60,39
"CDK10","s1680_S_PIT_01_ASEReadCounter.table","NW_015090842.1:10112561",21,64,43
"CDK10","s1680_S_PIT_01_ASEReadCounter.table","NW_015090842.1:10112596",24,65,41
"CDK10","s1680_S_PIT_01_ASEReadCounter.table","NW_015090842.1:10112630",15,49,34
"CDK10","s1680_S_PIT_01_ASEReadCounter.table","NW_015090842.1:10112656",17,46,29
"CDK10","s1680_S_PIT_01_ASEReadCounter.table","NW_015090842.1:10112665",19,43,24
"CDK10","s1680_S_PIT_01_ASEReadCounter.table","NW_015090842.1:10112668",19,44,25
"CDK10","s1680_S_PIT_01_ASEReadCounter.table","NW_015090842.1:10112781",7,22,15
"CDK10","s1680_S_PIT_01_ASEReadCounter.table","NW_015090842.1:10112782",7,22,15
"CDK10","s1680_S_PIT_01_ASEReadCounter.table","NW_015090842.1:10112795",7,21,14
"CDK10","s1680_S_PIT_01_ASEReadCounter.table","NW_015090842.1:10112841",4,11,7
"CDK10","s1680_S_PIT_01_ASEReadCounter.table","NW_015090842.1:10112861",4,10,6
"SPATA2L","s1680_S_PIT_01_ASEReadCounter.table","NW_015090842.1:10113212",15,33,18
"SPATA2L","s1680_S_PIT_01_ASEReadCounter.table","NW_015090842.1:10113280",17,46,29
"SPATA2L","s1680_S_PIT_01_ASEReadCounter.table","NW_015090842.1:10113296",19,51,32
"SPATA2L","s1680_S_PIT_01_ASEReadCounter.table","NW_015090842.1:10113321",17,54,37
"SPATA2L","s1680_S_PIT_01_ASEReadCounter.table","NW_015090842.1:10113332",19,58,39
"SPATA2L","s1680_S_PIT_01_ASEReadCounter.table","NW_015090842.1:10113380",29,67,38
"SPATA2L","s1680_S_PIT_01_ASEReadCounter.table","NW_015090842.1:10113381",28,67,39
"SPATA2L","s1680_S_PIT_01_ASEReadCounter.table","NW_015090842.1:10113412",26,76,50
"SPATA2L","s1680_S_PIT_01_ASEReadCounter.table","NW_015090842.1:10113421",28,78,50
"SPATA2L","s1680_S_PIT_01_ASEReadCounter.table","NW_015090842.1:10113465",17,63,46
"SPATA2L","s1680_S_PIT_01_ASEReadCounter.table","NW_015090842.1:10113535",31,68,37
"SPATA2L","s1680_S_PIT_01_ASEReadCounter.table","NW_015090842.1:10113645",40,98,58
"SPATA2L","s1680_S_PIT_01_ASEReadCounter.table","NW_015090842.1:10113682",56,121,65
"SPATA2L","s1680_S_PIT_01_ASEReadCounter.table","NW_015090842.1:10113696",51,103,52
"SPATA2L","s1680_S_PIT_01_ASEReadCounter.table","NW_015090842.1:10113727",48,103,55
"SPATA2L","s1680_S_PIT_01_ASEReadCounter.table","NW_015090842.1:10113729",99,99,0
"SPATA2L","s1680_S_PIT_01_ASEReadCounter.table","NW_015090842.1:10113799",51,104,53
"SPATA2L","s1680_S_PIT_01_ASEReadCounter.table","NW_015090842.1:10113809",59,113,54
"SPATA2L","s1680_S_PIT_01_ASEReadCounter.table","NW_015090842.1:10113827",58,111,53
"SPATA2L","s1680_S_PIT_01_ASEReadCounter.table","NW_015090842.1:10113831",53,111,58
"SPATA2L","s1680_S_PIT_01_ASEReadCounter.table","NW_015090842.1:10113894",40,90,50
"SPATA2L","s1680_S_PIT_01_ASEReadCounter.table","NW_015090842.1:10113905",29,75,46
"SPATA2L","s1680_S_PIT_01_ASEReadCounter.table","NW_015090842.1:10113914",34,72,38
"SPATA2L","s1680_S_PIT_01_ASEReadCounter.table","NW_015090842.1:10113920",38,75,37
"SPATA2L","s1680_S_PIT_01_ASEReadCounter.table","NW_015090842.1:10113937",46,89,43
"SPATA2L","s1680_S_PIT_01_ASEReadCounter.table","NW_015090842.1:10113971",44,88,44
"SPATA2L","s1680_S_PIT_01_ASEReadCounter.table","NW_015090842.1:10113976",38,86,48
"SPATA2L","s1680_S_PIT_01_ASEReadCounter.table","NW_015090842.1:10113985",41,80,39
"SPATA2L","s1680_S_PIT_01_ASEReadCounter.table","NW_015090842.1:10113994",42,89,47
"SPATA2L","s1680_S_PIT_01_ASEReadCounter.table","NW_015090842.1:10114063",27,76,49
"SPATA2L","s1680_S_PIT_01_ASEReadCounter.table","NW_015090842.1:10114066",28,76,48
"SPATA2L","s1680_S_PIT_01_ASEReadCounter.table","NW_015090842.1:10114069",26,74,48
"SPATA2L","s1680_S_PIT_01_ASEReadCounter.table","NW_015090842.1:10114159",25,59,34
"SPATA2L","s1680_S_PIT_01_ASEReadCounter.table","NW_015090842.1:10114262",88,88,0
"SPATA2L","s1680_S_PIT_01_ASEReadCounter.table","NW_015090842.1:10114470",18,58,40
"SPATA2L","s1680_S_PIT_01_ASEReadCounter.table","NW_015090842.1:10114524",14,40,26
"VPS9D1","s1680_S_PIT_01_ASEReadCounter.table","NW_015090842.1:10116377",22,42,20
"VPS9D1","s1680_S_PIT_01_ASEReadCounter.table","NW_015090842.1:10116415",26,48,22
"VPS9D1","s1680_S_PIT_01_ASEReadCounter.table","NW_015090842.1:10116607",20,35,15
"VPS9D1","s1680_S_PIT_01_ASEReadCounter.table","NW_015090842.1:10116821",17,39,22
"VPS9D1","s1680_S_PIT_01_ASEReadCounter.table","NW_015090842.1:10116825",20,40,20
"VPS9D1","s1680_S_PIT_01_ASEReadCounter.table","NW_015090842.1:10116882",18,33,15
"VPS9D1","s1680_S_PIT_01_ASEReadCounter.table","NW_015090842.1:10116933",14,32,18
"VPS9D1","s1680_S_PIT_01_ASEReadCounter.table","NW_015090842.1:10116942",13,34,21
"VPS9D1","s1680_S_PIT_01_ASEReadCounter.table","NW_015090842.1:10117152",19,46,27
"VPS9D1","s1680_S_PIT_01_ASEReadCounter.table","NW_015090842.1:10117480",11,21,10
"VPS9D1","s1680_S_PIT_01_ASEReadCounter.table","NW_015090842.1:10117497",11,23,12
"VPS9D1","s1680_S_PIT_01_ASEReadCounter.table","NW_015090842.1:10117499",10,22,12
"VPS9D1","s1680_S_PIT_01_ASEReadCounter.table","NW_015090842.1:10117516",13,32,19
"VPS9D1","s1680_S_PIT_01_ASEReadCounter.table","NW_015090842.1:10117525",13,33,20
"VPS9D1","s1680_S_PIT_01_ASEReadCounter.table","NW_015090842.1:10117579",12,34,22
"VPS9D1","s1680_S_PIT_01_ASEReadCounter.table","NW_015090842.1:10117627",24,46,22
"VPS9D1","s1680_S_PIT_01_ASEReadCounter.table","NW_015090842.1:10117678",12,41,29
"VPS9D1","s1680_S_PIT_01_ASEReadCounter.table","NW_015090842.1:10117773",23,54,31
"VPS9D1","s1680_S_PIT_01_ASEReadCounter.table","NW_015090842.1:10117937",22,53,31
"VPS9D1","s1680_S_PIT_01_ASEReadCounter.table","NW_015090842.1:10117961",19,51,32
"VPS9D1","s1680_S_PIT_01_ASEReadCounter.table","NW_015090842.1:10118236",25,67,42
"VPS9D1","s1680_S_PIT_01_ASEReadCounter.table","NW_015090842.1:10118414",20,43,23
"VPS9D1","s1680_S_PIT_01_ASEReadCounter.table","NW_015090842.1:10118973",27,60,33
"VPS9D1","s1680_S_PIT_01_ASEReadCounter.table","NW_015090842.1:10119500",23,48,25
"ZNF276","s1680_S_PIT_01_ASEReadCounter.table","NW_015090842.1:10121760",7,15,8
"ZNF276","s1680_S_PIT_01_ASEReadCounter.table","NW_015090842.1:10121769",8,17,9
"ZNF276","s1680_S_PIT_01_ASEReadCounter.table","NW_015090842.1:10121802",9,24,15
"ZNF276","s1680_S_PIT_01_ASEReadCounter.table","NW_015090842.1:10121971",13,28,15
"ZNF276","s1680_S_PIT_01_ASEReadCounter.table","NW_015090842.1:10122161",30,30,0
"ZNF276","s1680_S_PIT_01_ASEReadCounter.table","NW_015090842.1:10122164",30,30,0
"ZNF276","s1680_S_PIT_01_ASEReadCounter.table","NW_015090842.1:10122184",30,30,0
"ZNF276","s1680_S_PIT_01_ASEReadCounter.table","NW_015090842.1:10122883",14,40,26
"ZNF276","s1680_S_PIT_01_ASEReadCounter.table","NW_015090842.1:10122997",18,40,22
"ZNF276","s1680_S_PIT_01_ASEReadCounter.table","NW_015090842.1:10123069",19,38,19
"ZNF276","s1680_S_PIT_01_ASEReadCounter.table","NW_015090842.1:10123207",30,61,31
"ZNF276","s1680_S_PIT_01_ASEReadCounter.table","NW_015090842.1:10125787",32,62,30
"ZNF276","s1680_S_PIT_01_ASEReadCounter.table","NW_015090842.1:10126309",40,67,27
"ZNF276","s1680_S_PIT_01_ASEReadCounter.table","NW_015090842.1:10126348",31,57,26
"ZNF276","s1680_S_PIT_01_ASEReadCounter.table","NW_015090842.1:10126978",39,70,31
"ZNF276","s1680_S_PIT_01_ASEReadCounter.table","NW_015090842.1:10126991",35,66,31
"ZNF276","s1680_S_PIT_01_ASEReadCounter.table","NW_015090842.1:10127023",37,71,34
"ZNF276","s1680_S_PIT_01_ASEReadCounter.table","NW_015090842.1:10127063",40,76,36
"ZNF276","s1680_S_PIT_01_ASEReadCounter.table","NW_015090842.1:10127373",30,62,32
"ZNF276","s1680_S_PIT_01_ASEReadCounter.table","NW_015090842.1:10127931",49,86,37
"ZNF276","s1680_S_PIT_01_ASEReadCounter.table","NW_015090842.1:10128070",39,71,32
"ZNF276","s1680_S_PIT_01_ASEReadCounter.table","NW_015090842.1:10128102",40,72,32
"ZNF276","s1680_S_PIT_01_ASEReadCounter.table","NW_015090842.1:10128356",42,82,40
"ZNF276","s1680_S_PIT_01_ASEReadCounter.table","NW_015090842.1:10128497",15,38,23
"FANCA","s1680_S_PIT_01_ASEReadCounter.table","NW_015090842.1:10128743",4,7,3
"FANCA","s1680_S_PIT_01_ASEReadCounter.table","NW_015090842.1:10128822",4,9,5
"FANCA","s1680_S_PIT_01_ASEReadCounter.table","NW_015090842.1:10129383",1,5,4
"FANCA","s1680_S_PIT_01_ASEReadCounter.table","NW_015090842.1:10129390",2,7,5
"FANCA","s1680_S_PIT_01_ASEReadCounter.table","NW_015090842.1:10129422",2,6,4
"FANCA","s1680_S_PIT_01_ASEReadCounter.table","NW_015090842.1:10129969",6,9,3
"FANCA","s1680_S_PIT_01_ASEReadCounter.table","NW_015090842.1:10130399",5,7,2
"FANCA","s1680_S_PIT_01_ASEReadCounter.table","NW_015090842.1:10130857",4,9,5
"FANCA","s1680_S_PIT_01_ASEReadCounter.table","NW_015090842.1:10130878",4,9,5
"FANCA","s1680_S_PIT_01_ASEReadCounter.table","NW_015090842.1:10133530",3,8,5
"FANCA","s1680_S_PIT_01_ASEReadCounter.table","NW_015090842.1:10133533",3,8,5
"FANCA","s1680_S_PIT_01_ASEReadCounter.table","NW_015090842.1:10133536",3,8,5
"FANCA","s1680_S_PIT_01_ASEReadCounter.table","NW_015090842.1:10133601",2,8,6
"FANCA","s1680_S_PIT_01_ASEReadCounter.table","NW_015090842.1:10134492",2,8,6
"FANCA","s1680_S_PIT_01_ASEReadCounter.table","NW_015090842.1:10136957",2,8,6
"FANCA","s1680_S_PIT_01_ASEReadCounter.table","NW_015090842.1:10136982",3,9,6
"FANCA","s1680_S_PIT_01_ASEReadCounter.table","NW_015090842.1:10136999",4,8,4
"FANCA","s1680_S_PIT_01_ASEReadCounter.table","NW_015090842.1:10137019",8,13,5
"FANCA","s1680_S_PIT_01_ASEReadCounter.table","NW_015090842.1:10137673",6,9,3
"FANCA","s1680_S_PIT_01_ASEReadCounter.table","NW_015090842.1:10138618",4,7,3
"FANCA","s1680_S_PIT_01_ASEReadCounter.table","NW_015090842.1:10139140",0,1,1
"FANCA","s1680_S_PIT_01_ASEReadCounter.table","NW_015090842.1:10140699",3,7,4
"FANCA","s1680_S_PIT_01_ASEReadCounter.table","NW_015090842.1:10141234",2,4,2
"FANCA","s1680_S_PIT_01_ASEReadCounter.table","NW_015090842.1:10145030",3,4,1
"FANCA","s1680_S_PIT_01_ASEReadCounter.table","NW_015090842.1:10150518",0,1,1
"FANCA","s1680_S_PIT_01_ASEReadCounter.table","NW_015090842.1:10152863",1,3,2
"FANCA","s1680_S_PIT_01_ASEReadCounter.table","NW_015090842.1:10154490",2,4,2
"FANCA","s1680_S_PIT_01_ASEReadCounter.table","NW_015090842.1:10158162",5,5,0
"FANCA","s1680_S_PIT_01_ASEReadCounter.table","NW_015090842.1:10158957",4,5,1
"FANCA","s1680_S_PIT_01_ASEReadCounter.table","NW_015090842.1:10160177",1,1,0
"FANCA","s1680_S_PIT_01_ASEReadCounter.table","NW_015090842.1:10163667",2,4,2
"FANCA","s1680_S_PIT_01_ASEReadCounter.table","NW_015090842.1:10164257",2,4,2
"FANCA","s1680_S_PIT_01_ASEReadCounter.table","NW_015090842.1:10165331",2,3,1
"SPIRE2","s1680_S_PIT_01_ASEReadCounter.table","NW_015090842.1:10172284",20,28,8
"SPIRE2","s1680_S_PIT_01_ASEReadCounter.table","NW_015090842.1:10175262",27,40,13
"SPIRE2","s1680_S_PIT_01_ASEReadCounter.table","NW_015090842.1:10175352",15,19,4
"SPIRE2","s1680_S_PIT_01_ASEReadCounter.table","NW_015090842.1:10175400",31,56,25
"SPIRE2","s1680_S_PIT_01_ASEReadCounter.table","NW_015090842.1:10175418",37,65,28
"SPIRE2","s1680_S_PIT_01_ASEReadCounter.table","NW_015090842.1:10175704",59,91,32
"SPIRE2","s1680_S_PIT_01_ASEReadCounter.table","NW_015090842.1:10176115",73,127,54
"SPIRE2","s1680_S_PIT_01_ASEReadCounter.table","NW_015090842.1:10176561",72,139,67
"SPIRE2","s1680_S_PIT_01_ASEReadCounter.table","NW_015090842.1:10176817",73,124,51
"SPIRE2","s1680_S_PIT_01_ASEReadCounter.table","NW_015090842.1:10177084",42,71,29
"SPIRE2","s1680_S_PIT_01_ASEReadCounter.table","NW_015090842.1:10177838",64,99,35
"SPIRE2","s1680_S_PIT_01_ASEReadCounter.table","NW_015090842.1:10178000",59,99,40
"SPIRE2","s1680_S_PIT_01_ASEReadCounter.table","NW_015090842.1:10178164",48,76,28
"SPIRE2","s1680_S_PIT_01_ASEReadCounter.table","NW_015090842.1:10178216",37,76,39
"SPIRE2","s1680_S_PIT_01_ASEReadCounter.table","NW_015090842.1:10178303",39,72,33
"SPIRE2","s1680_S_PIT_01_ASEReadCounter.table","NW_015090842.1:10178403",38,73,35
"SPIRE2","s1680_S_PIT_01_ASEReadCounter.table","NW_015090842.1:10178409",40,74,34
"SPIRE2","s1680_S_PIT_01_ASEReadCounter.table","NW_015090842.1:10178524",33,57,24
"SPIRE2","s1680_S_PIT_01_ASEReadCounter.table","NW_015090842.1:10178526",34,59,25
"SPIRE2","s1680_S_PIT_01_ASEReadCounter.table","NW_015090842.1:10178531",32,58,26
"SPIRE2","s1680_S_PIT_01_ASEReadCounter.table","NW_015090842.1:10178565",24,50,26
"SPIRE2","s1680_S_PIT_01_ASEReadCounter.table","NW_015090842.1:10178587",23,46,23
"SPIRE2","s1680_S_PIT_01_ASEReadCounter.table","NW_015090842.1:10178640",14,34,20
"SPIRE2","s1680_S_PIT_01_ASEReadCounter.table","NW_015090842.1:10178651",17,39,22
"SPIRE2","s1680_S_PIT_01_ASEReadCounter.table","NW_015090842.1:10178682",15,29,14
"TCF25","s1680_S_PIT_01_ASEReadCounter.table","NW_015090842.1:10180912",44,81,37
"TCF25","s1680_S_PIT_01_ASEReadCounter.table","NW_015090842.1:10180924",43,81,38
"TCF25","s1680_S_PIT_01_ASEReadCounter.table","NW_015090842.1:10180931",43,82,39
"TCF25","s1680_S_PIT_01_ASEReadCounter.table","NW_015090842.1:10185332",109,200,91
"TCF25","s1680_S_PIT_01_ASEReadCounter.table","NW_015090842.1:10196561",78,171,93
"TCF25","s1680_S_PIT_01_ASEReadCounter.table","NW_015090842.1:10197399",176,176,0
"GAS8","s1680_S_PIT_01_ASEReadCounter.table","NW_015090842.1:10228982",39,98,59
"GAS8","s1680_S_PIT_01_ASEReadCounter.table","NW_015090842.1:10229832",48,80,32
"GAS8","s1680_S_PIT_01_ASEReadCounter.table","NW_015090842.1:10232901",32,61,29
"GAS8","s1680_S_PIT_01_ASEReadCounter.table","NW_015090842.1:10232928",34,66,32
"GAS8","s1680_S_PIT_01_ASEReadCounter.table","NW_015090842.1:10232967",35,71,36
"GAS8","s1680_S_PIT_01_ASEReadCounter.table","NW_015090842.1:10233032",25,52,27
"GAS8","s1680_S_PIT_01_ASEReadCounter.table","NW_015090842.1:10233057",18,34,16
"GAS8","s1680_S_PIT_01_ASEReadCounter.table","NW_015090842.1:10233058",18,32,14
"GAS8","s1680_S_PIT_01_ASEReadCounter.table","NW_015090842.1:10233176",17,33,16
"GAS8","s1680_S_PIT_01_ASEReadCounter.table","NW_015090842.1:10233196",17,33,16
"GAS8","s1680_S_PIT_01_ASEReadCounter.table","NW_015090842.1:10233252",11,23,12
"GAS8","s1680_S_PIT_01_ASEReadCounter.table","NW_015090842.1:10233303",5,10,5
"LOC106888094","s1680_S_PIT_01_ASEReadCounter.table","NW_015090842.1:10233334",0,6,6
"LOC106888094","s1680_S_PIT_01_ASEReadCounter.table","NW_015090842.1:10233362",0,13,13
"LOC106888094","s1680_S_PIT_01_ASEReadCounter.table","NW_015090842.1:10233373",0,13,13
"LOC106888094","s1680_S_PIT_01_ASEReadCounter.table","NW_015090842.1:10233388",0,14,14
"LOC106888094","s1680_S_PIT_01_ASEReadCounter.table","NW_015090842.1:10233402",3,17,14
"LOC106888094","s1680_S_PIT_01_ASEReadCounter.table","NW_015090842.1:10233465",6,23,17
"LOC106888094","s1680_S_PIT_01_ASEReadCounter.table","NW_015090842.1:10233803",7,33,26
"LOC106888094","s1680_S_PIT_01_ASEReadCounter.table","NW_015090842.1:10233815",5,29,24
"LOC106888094","s1680_S_PIT_01_ASEReadCounter.table","NW_015090842.1:10235484",2,3,1
"LOC106888094","s1680_S_PIT_01_ASEReadCounter.table","NW_015090842.1:10235611",2,5,3
"LOC106888094","s1680_S_PIT_01_ASEReadCounter.table","NW_015090842.1:10236098",1,6,5
"LOC106888094","s1680_S_PIT_01_ASEReadCounter.table","NW_015090842.1:10236161",2,7,5
"LOC106888094","s1680_S_PIT_01_ASEReadCounter.table","NW_015090842.1:10236380",2,6,4
"LOC106888094","s1680_S_PIT_01_ASEReadCounter.table","NW_015090842.1:10236388",2,6,4
"LOC106888094","s1680_S_PIT_01_ASEReadCounter.table","NW_015090842.1:10236425",2,5,3
"LOC106888094","s1680_S_PIT_01_ASEReadCounter.table","NW_015090842.1:10236426",2,5,3
"LOC106888094","s1680_S_PIT_01_ASEReadCounter.table","NW_015090842.1:10236603",3,4,1
"LOC106888173","s1680_S_PIT_01_ASEReadCounter.table","NW_015090842.1:10239596",12,24,12
"LOC106888173","s1680_S_PIT_01_ASEReadCounter.table","NW_015090842.1:10240036",47,70,23
"LOC106888173","s1680_S_PIT_01_ASEReadCounter.table","NW_015090842.1:10240095",69,88,19
"LOC106888173","s1680_S_PIT_01_ASEReadCounter.table","NW_015090842.1:10240280",49,70,21
"LOC106888173","s1680_S_PIT_01_ASEReadCounter.table","NW_015090842.1:10240557",95,120,25
"LOC106888173","s1680_S_PIT_01_ASEReadCounter.table","NW_015090842.1:10240603",81,109,28
"LOC106888173","s1680_S_PIT_01_ASEReadCounter.table","NW_015090842.1:10240609",76,106,30
"LOC106888173","s1680_S_PIT_01_ASEReadCounter.table","NW_015090842.1:10240924",61,88,27
"LOC106888173","s1680_S_PIT_01_ASEReadCounter.table","NW_015090842.1:10241037",38,69,31
"LOC106888173","s1680_S_PIT_01_ASEReadCounter.table","NW_015090842.1:10241046",48,78,30
"LOC106888173","s1680_S_PIT_01_ASEReadCounter.table","NW_015090842.1:10241058",57,86,29
"LOC106888173","s1680_S_PIT_01_ASEReadCounter.table","NW_015090842.1:10241064",61,86,25
"LOC106888173","s1680_S_PIT_01_ASEReadCounter.table","NW_015090842.1:10241163",67,90,23
"LOC106888173","s1680_S_PIT_01_ASEReadCounter.table","NW_015090842.1:10241803",74,100,26
"LOC106888173","s1680_S_PIT_01_ASEReadCounter.table","NW_015090842.1:10241827",75,101,26
"LOC106888173","s1680_S_PIT_01_ASEReadCounter.table","NW_015090842.1:10241869",96,121,25
"LOC106888173","s1680_S_PIT_01_ASEReadCounter.table","NW_015090842.1:10242079",95,127,32
"LOC106888173","s1680_S_PIT_01_ASEReadCounter.table","NW_015090842.1:10242103",86,115,29
"LOC106888173","s1680_S_PIT_01_ASEReadCounter.table","NW_015090842.1:10242157",82,107,25
"LOC106888173","s1680_S_PIT_01_ASEReadCounter.table","NW_015090842.1:10242455",102,138,36
"LOC106888173","s1680_S_PIT_01_ASEReadCounter.table","NW_015090842.1:10242481",103,140,37
"LOC106888173","s1680_S_PIT_01_ASEReadCounter.table","NW_015090842.1:10242590",82,109,27
"LOC106888173","s1680_S_PIT_01_ASEReadCounter.table","NW_015090842.1:10242794",78,101,23
"LOC106888173","s1680_S_PIT_01_ASEReadCounter.table","NW_015090842.1:10242909",65,96,31
"LOC106888173","s1680_S_PIT_01_ASEReadCounter.table","NW_015090842.1:10243094",65,84,19
"LOC106888173","s1680_S_PIT_01_ASEReadCounter.table","NW_015090842.1:10243133",52,69,17
"LOC106888173","s1680_S_PIT_01_ASEReadCounter.table","NW_015090842.1:10243273",71,95,24
"LOC106888173","s1680_S_PIT_01_ASEReadCounter.table","NW_015090842.1:10243278",74,98,24
"LOC106888173","s1680_S_PIT_01_ASEReadCounter.table","NW_015090842.1:10243281",75,99,24
"LOC106888173","s1680_S_PIT_01_ASEReadCounter.table","NW_015090842.1:10243347",72,74,2
"LOC106888173","s1680_S_PIT_01_ASEReadCounter.table","NW_015090842.1:10243353",59,70,11
"LOC106888173","s1680_S_PIT_01_ASEReadCounter.table","NW_015090842.1:10243363",50,59,9
"LOC106888173","s1680_S_PIT_01_ASEReadCounter.table","NW_015090842.1:10243365",49,59,10
"LOC106888173","s1680_S_PIT_01_ASEReadCounter.table","NW_015090842.1:10243529",46,66,20
"LOC106888173","s1680_S_PIT_01_ASEReadCounter.table","NW_015090842.1:10243566",63,94,31
"LOC106888173","s1680_S_PIT_01_ASEReadCounter.table","NW_015090842.1:10243605",56,85,29
"LOC106888173","s1680_S_PIT_01_ASEReadCounter.table","NW_015090842.1:10243614",48,75,27
"LOC106888173","s1680_S_PIT_01_ASEReadCounter.table","NW_015090842.1:10243615",46,73,27
"LOC106888173","s1680_S_PIT_01_ASEReadCounter.table","NW_015090842.1:10243640",33,50,17
"LOC106888173","s1680_S_PIT_01_ASEReadCounter.table","NW_015090842.1:10243680",42,60,18
"LOC106888173","s1680_S_PIT_01_ASEReadCounter.table","NW_015090842.1:10243742",69,96,27
"LOC106888173","s1680_S_PIT_01_ASEReadCounter.table","NW_015090842.1:10243804",54,68,14
"LOC106888173","s1680_S_PIT_01_ASEReadCounter.table","NW_015090842.1:10243913",18,21,3
"LOC106888173","s1680_S_PIT_01_ASEReadCounter.table","NW_015090842.1:10243921",15,17,2
"LOC106888384","s1680_S_PIT_01_ASEReadCounter.table","NW_015090842.1:10244714",2,4,2
"LOC106888384","s1680_S_PIT_01_ASEReadCounter.table","NW_015090842.1:10244998",5,14,9
"LOC106888384","s1680_S_PIT_01_ASEReadCounter.table","NW_015090842.1:10250743",8,14,6
"LOC106888384","s1680_S_PIT_01_ASEReadCounter.table","NW_015090842.1:10250771",9,16,7
"LOC106888384","s1680_S_PIT_01_ASEReadCounter.table","NW_015090842.1:10251343",14,15,1
"LOC106888384","s1680_S_PIT_01_ASEReadCounter.table","NW_015090842.1:10251344",15,16,1
"LOC106888384","s1680_S_PIT_01_ASEReadCounter.table","NW_015090842.1:10251349",14,15,1
"LOC106888384","s1680_S_PIT_01_ASEReadCounter.table","NW_015090842.1:10251354",13,32,19
"LOC106888384","s1680_S_PIT_01_ASEReadCounter.table","NW_015090842.1:10251358",12,31,19
"LOC106888384","s1680_S_PIT_01_ASEReadCounter.table","NW_015090842.1:10251369",3,29,26
"LOC106888384","s1680_S_PIT_01_ASEReadCounter.table","NW_015090842.1:10251370",6,26,20
"LOC106888384","s1680_S_PIT_01_ASEReadCounter.table","NW_015090842.1:10251375",7,27,20
"LOC106888384","s1680_S_PIT_01_ASEReadCounter.table","NW_015090842.1:10251388",6,26,20
"LOC106888384","s1680_S_PIT_01_ASEReadCounter.table","NW_015090842.1:10251390",6,26,20
"LOC106888384","s1680_S_PIT_01_ASEReadCounter.table","NW_015090842.1:10251393",6,26,20
"LOC106888384","s1680_S_PIT_01_ASEReadCounter.table","NW_015090842.1:10251399",8,27,19
"LOC106888384","s1680_S_PIT_01_ASEReadCounter.table","NW_015090842.1:10251492",20,20,0
"LOC106888384","s1680_S_PIT_01_ASEReadCounter.table","NW_015090842.1:10253165",20,36,16
"LOC106888384","s1680_S_PIT_01_ASEReadCounter.table","NW_015090842.1:10253284",9,23,14
"LOC106888384","s1680_S_PIT_01_ASEReadCounter.table","NW_015090842.1:10253605",14,33,19
"LOC106888384","s1680_S_PIT_01_ASEReadCounter.table","NW_015090842.1:10254028",8,26,18
"LOC106888384","s1680_S_PIT_01_ASEReadCounter.table","NW_015090842.1:10254227",14,28,14
"LOC106888384","s1680_S_PIT_01_ASEReadCounter.table","NW_015090842.1:10254233",14,28,14
"LOC106888384","s1680_S_PIT_01_ASEReadCounter.table","NW_015090842.1:10254263",15,32,17
"LOC106888384","s1680_S_PIT_01_ASEReadCounter.table","NW_015090842.1:10254293",11,31,20
"LOC106888384","s1680_S_PIT_01_ASEReadCounter.table","NW_015090842.1:10254570",14,40,26
"LOC106888384","s1680_S_PIT_01_ASEReadCounter.table","NW_015090842.1:10254647",5,21,16
"LOC106888384","s1680_S_PIT_01_ASEReadCounter.table","NW_015090842.1:10254663",4,14,10
"LOC106888384","s1680_S_PIT_01_ASEReadCounter.table","NW_015090842.1:10254840",7,13,6
"LOC106888384","s1680_S_PIT_01_ASEReadCounter.table","NW_015090842.1:10254854",17,17,0
"LOC106888384","s1680_S_PIT_01_ASEReadCounter.table","NW_015090842.1:10254891",19,19,0
"LOC106888384","s1680_S_PIT_01_ASEReadCounter.table","NW_015090842.1:10254900",4,19,15
"LOC106888384","s1680_S_PIT_01_ASEReadCounter.table","NW_015090842.1:10254915",3,21,18
"LOC106888384","s1680_S_PIT_01_ASEReadCounter.table","NW_015090842.1:10254965",16,16,0
"LOC106888384","s1680_S_PIT_01_ASEReadCounter.table","NW_015090842.1:10254975",4,15,11
"LOC106888384","s1680_S_PIT_01_ASEReadCounter.table","NW_015090842.1:10255077",5,15,10
"LOC106888384","s1680_S_PIT_01_ASEReadCounter.table","NW_015090842.1:10255117",9,22,13
"LOC106888384","s1680_S_PIT_01_ASEReadCounter.table","NW_015090842.1:10255138",6,17,11
"LOC106888384","s1680_S_PIT_01_ASEReadCounter.table","NW_015090842.1:10255139",6,17,11
"LOC106888384","s1680_S_PIT_01_ASEReadCounter.table","NW_015090842.1:10255209",3,13,10
"LOC106888384","s1680_S_PIT_01_ASEReadCounter.table","NW_015090842.1:10255211",5,14,9
"LOC106888384","s1680_S_PIT_01_ASEReadCounter.table","NW_015090842.1:10255236",9,21,12
"LOC106888384","s1680_S_PIT_01_ASEReadCounter.table","NW_015090842.1:10255262",7,20,13
"LOC106888384","s1680_S_PIT_01_ASEReadCounter.table","NW_015090842.1:10255264",7,23,16
"LOC106888384","s1680_S_PIT_01_ASEReadCounter.table","NW_015090842.1:10255306",9,25,16
"LOC106888384","s1680_S_PIT_01_ASEReadCounter.table","NW_015090842.1:10255340",10,25,15
"LOC106888384","s1680_S_PIT_01_ASEReadCounter.table","NW_015090842.1:10255410",12,26,14
"LOC106888384","s1680_S_PIT_01_ASEReadCounter.table","NW_015090842.1:10255449",10,23,13
"LOC106888384","s1680_S_PIT_01_ASEReadCounter.table","NW_015090842.1:10255496",9,20,11
"LOC106888384","s1680_S_PIT_01_ASEReadCounter.table","NW_015090842.1:10255505",9,17,8
"LOC106888384","s1680_S_PIT_01_ASEReadCounter.table","NW_015090842.1:10255531",10,20,10
"LOC106888384","s1680_S_PIT_01_ASEReadCounter.table","NW_015090842.1:10255608",13,22,9
"LOC106888384","s1680_S_PIT_01_ASEReadCounter.table","NW_015090842.1:10255614",11,19,8
"LOC106888384","s1680_S_PIT_01_ASEReadCounter.table","NW_015090842.1:10255704",11,18,7
"LOC106888384","s1680_S_PIT_01_ASEReadCounter.table","NW_015090842.1:10255731",9,12,3
"LOC106888384","s1680_S_PIT_01_ASEReadCounter.table","NW_015090842.1:10255771",6,8,2
"TANGO6","s1680_S_PIT_01_ASEReadCounter.table","NW_015090842.1:10257782",9,16,7
"TANGO6","s1680_S_PIT_01_ASEReadCounter.table","NW_015090842.1:10258162",14,27,13
"TANGO6","s1680_S_PIT_01_ASEReadCounter.table","NW_015090842.1:10258185",15,30,15
"TANGO6","s1680_S_PIT_01_ASEReadCounter.table","NW_015090842.1:10259267",14,26,12
"TANGO6","s1680_S_PIT_01_ASEReadCounter.table","NW_015090842.1:10260250",37,72,35
"TANGO6","s1680_S_PIT_01_ASEReadCounter.table","NW_015090842.1:10260979",23,41,18
"TANGO6","s1680_S_PIT_01_ASEReadCounter.table","NW_015090842.1:10261599",21,47,26
"TANGO6","s1680_S_PIT_01_ASEReadCounter.table","NW_015090842.1:10268425",48,88,40
"TANGO6","s1680_S_PIT_01_ASEReadCounter.table","NW_015090842.1:10269831",42,97,55
"TANGO6","s1680_S_PIT_01_ASEReadCounter.table","NW_015090842.1:10270813",25,56,31
"TANGO6","s1680_S_PIT_01_ASEReadCounter.table","NW_015090842.1:10273952",19,37,18
"TANGO6","s1680_S_PIT_01_ASEReadCounter.table","NW_015090842.1:10273970",22,44,22
"TANGO6","s1680_S_PIT_01_ASEReadCounter.table","NW_015090842.1:10274018",29,51,22
"TANGO6","s1680_S_PIT_01_ASEReadCounter.table","NW_015090842.1:10275974",14,29,15
"TANGO6","s1680_S_PIT_01_ASEReadCounter.table","NW_015090842.1:10275976",14,28,14
"TANGO6","s1680_S_PIT_01_ASEReadCounter.table","NW_015090842.1:10276123",18,34,16
"TANGO6","s1680_S_PIT_01_ASEReadCounter.table","NW_015090842.1:10276271",19,48,29
"TANGO6","s1680_S_PIT_01_ASEReadCounter.table","NW_015090842.1:10276272",18,47,29
"TANGO6","s1680_S_PIT_01_ASEReadCounter.table","NW_015090842.1:10276275",21,50,29
"TANGO6","s1680_S_PIT_01_ASEReadCounter.table","NW_015090842.1:10276278",21,52,31
"TANGO6","s1680_S_PIT_01_ASEReadCounter.table","NW_015090842.1:10276368",17,34,17
"TANGO6","s1680_S_PIT_01_ASEReadCounter.table","NW_015090842.1:10276373",16,32,16
"TANGO6","s1680_S_PIT_01_ASEReadCounter.table","NW_015090842.1:10276630",11,26,15
"TANGO6","s1680_S_PIT_01_ASEReadCounter.table","NW_015090842.1:10281498",13,30,17
"TANGO6","s1680_S_PIT_01_ASEReadCounter.table","NW_015090842.1:10282842",20,36,16
"TANGO6","s1680_S_PIT_01_ASEReadCounter.table","NW_015090842.1:10282863",19,33,14
"TANGO6","s1680_S_PIT_01_ASEReadCounter.table","NW_015090842.1:10282869",19,31,12
"TANGO6","s1680_S_PIT_01_ASEReadCounter.table","NW_015090842.1:10282903",12,24,12
"TANGO6","s1680_S_PIT_01_ASEReadCounter.table","NW_015090842.1:10283757",13,33,20
"TANGO6","s1680_S_PIT_01_ASEReadCounter.table","NW_015090842.1:10283785",17,40,23
"HAS3","s1680_S_PIT_01_ASEReadCounter.table","NW_015090842.1:10289708",0,1,1
"HAS3","s1680_S_PIT_01_ASEReadCounter.table","NW_015090842.1:10290561",0,1,1
"HAS3","s1680_S_PIT_01_ASEReadCounter.table","NW_015090842.1:10290609",0,1,1
"HAS3","s1680_S_PIT_01_ASEReadCounter.table","NW_015090842.1:10290927",1,2,1
"HAS3","s1680_S_PIT_01_ASEReadCounter.table","NW_015090842.1:10291004",0,1,1
"CHTF8","s1680_S_PIT_01_ASEReadCounter.table","NW_015090842.1:10291319",4,10,6
"CHTF8","s1680_S_PIT_01_ASEReadCounter.table","NW_015090842.1:10291342",9,15,6
"CHTF8","s1680_S_PIT_01_ASEReadCounter.table","NW_015090842.1:10291491",23,39,16
"CHTF8","s1680_S_PIT_01_ASEReadCounter.table","NW_015090842.1:10291520",25,42,17
"CHTF8","s1680_S_PIT_01_ASEReadCounter.table","NW_015090842.1:10291593",28,44,16
"CHTF8","s1680_S_PIT_01_ASEReadCounter.table","NW_015090842.1:10291600",27,40,13
"CHTF8","s1680_S_PIT_01_ASEReadCounter.table","NW_015090842.1:10291609",24,38,14
"CHTF8","s1680_S_PIT_01_ASEReadCounter.table","NW_015090842.1:10291639",27,38,11
"CHTF8","s1680_S_PIT_01_ASEReadCounter.table","NW_015090842.1:10291641",28,39,11
"CHTF8","s1680_S_PIT_01_ASEReadCounter.table","NW_015090842.1:10291648",33,45,12
"CHTF8","s1680_S_PIT_01_ASEReadCounter.table","NW_015090842.1:10291656",30,45,15
"CHTF8","s1680_S_PIT_01_ASEReadCounter.table","NW_015090842.1:10291675",32,44,12
"CHTF8","s1680_S_PIT_01_ASEReadCounter.table","NW_015090842.1:10291696",28,45,17
"CHTF8","s1680_S_PIT_01_ASEReadCounter.table","NW_015090842.1:10291714",25,44,19
"CHTF8","s1680_S_PIT_01_ASEReadCounter.table","NW_015090842.1:10291732",20,41,21
"CHTF8","s1680_S_PIT_01_ASEReadCounter.table","NW_015090842.1:10291755",17,33,16
"CHTF8","s1680_S_PIT_01_ASEReadCounter.table","NW_015090842.1:10291756",17,33,16
"CHTF8","s1680_S_PIT_01_ASEReadCounter.table","NW_015090842.1:10291758",17,34,17
"CHTF8","s1680_S_PIT_01_ASEReadCounter.table","NW_015090842.1:10291792",25,44,19
"CHTF8","s1680_S_PIT_01_ASEReadCounter.table","NW_015090842.1:10291895",27,42,15
"CHTF8","s1680_S_PIT_01_ASEReadCounter.table","NW_015090842.1:10292132",19,30,11
"CHTF8","s1680_S_PIT_01_ASEReadCounter.table","NW_015090842.1:10292314",13,22,9
"CHTF8","s1680_S_PIT_01_ASEReadCounter.table","NW_015090842.1:10292317",14,23,9
"CHTF8","s1680_S_PIT_01_ASEReadCounter.table","NW_015090842.1:10292928",6,9,3
"UTP4","s1680_S_PIT_01_ASEReadCounter.table","NW_015090842.1:10293146",45,81,36
"UTP4","s1680_S_PIT_01_ASEReadCounter.table","NW_015090842.1:10293151",44,81,37
"UTP4","s1680_S_PIT_01_ASEReadCounter.table","NW_015090842.1:10293191",22,58,36
"UTP4","s1680_S_PIT_01_ASEReadCounter.table","NW_015090842.1:10293362",29,63,34
"UTP4","s1680_S_PIT_01_ASEReadCounter.table","NW_015090842.1:10293430",36,68,32
"UTP4","s1680_S_PIT_01_ASEReadCounter.table","NW_015090842.1:10293625",28,69,41
"UTP4","s1680_S_PIT_01_ASEReadCounter.table","NW_015090842.1:10293684",33,68,35
"UTP4","s1680_S_PIT_01_ASEReadCounter.table","NW_015090842.1:10294093",31,61,30
"UTP4","s1680_S_PIT_01_ASEReadCounter.table","NW_015090842.1:10294568",40,70,30
"UTP4","s1680_S_PIT_01_ASEReadCounter.table","NW_015090842.1:10294622",30,67,37
"UTP4","s1680_S_PIT_01_ASEReadCounter.table","NW_015090842.1:10294632",28,67,39
"UTP4","s1680_S_PIT_01_ASEReadCounter.table","NW_015090842.1:10295238",24,59,35
"UTP4","s1680_S_PIT_01_ASEReadCounter.table","NW_015090842.1:10295880",31,69,38
"UTP4","s1680_S_PIT_01_ASEReadCounter.table","NW_015090842.1:10295884",30,67,37
"UTP4","s1680_S_PIT_01_ASEReadCounter.table","NW_015090842.1:10295903",28,58,30
"UTP4","s1680_S_PIT_01_ASEReadCounter.table","NW_015090842.1:10295906",27,56,29
"UTP4","s1680_S_PIT_01_ASEReadCounter.table","NW_015090842.1:10295915",25,52,27
"UTP4","s1680_S_PIT_01_ASEReadCounter.table","NW_015090842.1:10295938",26,46,20
"UTP4","s1680_S_PIT_01_ASEReadCounter.table","NW_015090842.1:10296175",23,51,28
"UTP4","s1680_S_PIT_01_ASEReadCounter.table","NW_015090842.1:10296660",21,54,33
"UTP4","s1680_S_PIT_01_ASEReadCounter.table","NW_015090842.1:10296679",23,57,34
"UTP4","s1680_S_PIT_01_ASEReadCounter.table","NW_015090842.1:10297193",19,51,32
"UTP4","s1680_S_PIT_01_ASEReadCounter.table","NW_015090842.1:10297220",29,58,29
"UTP4","s1680_S_PIT_01_ASEReadCounter.table","NW_015090842.1:10297307",54,95,41
"UTP4","s1680_S_PIT_01_ASEReadCounter.table","NW_015090842.1:10297558",39,69,30
"UTP4","s1680_S_PIT_01_ASEReadCounter.table","NW_015090842.1:10297943",34,64,30
"UTP4","s1680_S_PIT_01_ASEReadCounter.table","NW_015090842.1:10297979",24,49,25
"UTP4","s1680_S_PIT_01_ASEReadCounter.table","NW_015090842.1:10298022",20,36,16
"UTP4","s1680_S_PIT_01_ASEReadCounter.table","NW_015090842.1:10298079",1,6,5
"UTP4","s1680_S_PIT_01_ASEReadCounter.table","NW_015090842.1:10298081",1,6,5
"UTP4","s1680_S_PIT_01_ASEReadCounter.table","NW_015090842.1:10298082",0,2,2
"SNTB2","s1680_S_PIT_01_ASEReadCounter.table","NW_015090842.1:10298905",6,7,1
"SNTB2","s1680_S_PIT_01_ASEReadCounter.table","NW_015090842.1:10298928",7,9,2
"SNTB2","s1680_S_PIT_01_ASEReadCounter.table","NW_015090842.1:10303506",12,32,20
"SNTB2","s1680_S_PIT_01_ASEReadCounter.table","NW_015090842.1:10303524",16,36,20
"SNTB2","s1680_S_PIT_01_ASEReadCounter.table","NW_015090842.1:10304059",18,37,19
"SNTB2","s1680_S_PIT_01_ASEReadCounter.table","NW_015090842.1:10304089",22,34,12
"SNTB2","s1680_S_PIT_01_ASEReadCounter.table","NW_015090842.1:10304167",20,38,18
"SNTB2","s1680_S_PIT_01_ASEReadCounter.table","NW_015090842.1:10304176",16,34,18
"SNTB2","s1680_S_PIT_01_ASEReadCounter.table","NW_015090842.1:10305069",8,27,19
"SNTB2","s1680_S_PIT_01_ASEReadCounter.table","NW_015090842.1:10305099",9,27,18
"SNTB2","s1680_S_PIT_01_ASEReadCounter.table","NW_015090842.1:10305451",17,29,12
"SNTB2","s1680_S_PIT_01_ASEReadCounter.table","NW_015090842.1:10305547",16,30,14
"SNTB2","s1680_S_PIT_01_ASEReadCounter.table","NW_015090842.1:10305847",14,39,25
"SNTB2","s1680_S_PIT_01_ASEReadCounter.table","NW_015090842.1:10305911",17,40,23
"SNTB2","s1680_S_PIT_01_ASEReadCounter.table","NW_015090842.1:10306173",23,40,17
"SNTB2","s1680_S_PIT_01_ASEReadCounter.table","NW_015090842.1:10306275",23,46,23
"SNTB2","s1680_S_PIT_01_ASEReadCounter.table","NW_015090842.1:10306457",18,42,24
"SNTB2","s1680_S_PIT_01_ASEReadCounter.table","NW_015090842.1:10306496",19,40,21
"SNTB2","s1680_S_PIT_01_ASEReadCounter.table","NW_015090842.1:10306499",19,37,18
"VPS4A","s1680_S_PIT_01_ASEReadCounter.table","NW_015090842.1:10308566",80,178,98
"VPS4A","s1680_S_PIT_01_ASEReadCounter.table","NW_015090842.1:10308573",89,194,105
"VPS4A","s1680_S_PIT_01_ASEReadCounter.table","NW_015090842.1:10308856",132,304,172
"VPS4A","s1680_S_PIT_01_ASEReadCounter.table","NW_015090842.1:10309056",149,357,208
"VPS4A","s1680_S_PIT_01_ASEReadCounter.table","NW_015090842.1:10309089",179,398,219
"VPS4A","s1680_S_PIT_01_ASEReadCounter.table","NW_015090842.1:10309392",195,428,233
"VPS4A","s1680_S_PIT_01_ASEReadCounter.table","NW_015090842.1:10309413",189,445,256
"VPS4A","s1680_S_PIT_01_ASEReadCounter.table","NW_015090842.1:10309467",204,479,275
"VPS4A","s1680_S_PIT_01_ASEReadCounter.table","NW_015090842.1:10310230",201,448,247
"VPS4A","s1680_S_PIT_01_ASEReadCounter.table","NW_015090842.1:10310425",198,418,220
"VPS4A","s1680_S_PIT_01_ASEReadCounter.table","NW_015090842.1:10310639",196,432,236
"VPS4A","s1680_S_PIT_01_ASEReadCounter.table","NW_015090842.1:10310640",195,436,241
"VPS4A","s1680_S_PIT_01_ASEReadCounter.table","NW_015090842.1:10310687",204,449,245
"VPS4A","s1680_S_PIT_01_ASEReadCounter.table","NW_015090842.1:10310734",152,343,191
"VPS4A","s1680_S_PIT_01_ASEReadCounter.table","NW_015090842.1:10310737",147,341,194
"VPS4A","s1680_S_PIT_01_ASEReadCounter.table","NW_015090842.1:10310746",151,343,192
"VPS4A","s1680_S_PIT_01_ASEReadCounter.table","NW_015090842.1:10310767",145,325,180
"VPS4A","s1680_S_PIT_01_ASEReadCounter.table","NW_015090842.1:10310995",165,347,182
"VPS4A","s1680_S_PIT_01_ASEReadCounter.table","NW_015090842.1:10311004",166,340,174
"VPS4A","s1680_S_PIT_01_ASEReadCounter.table","NW_015090842.1:10311007",175,351,176
"VPS4A","s1680_S_PIT_01_ASEReadCounter.table","NW_015090842.1:10311013",186,369,183
"VPS4A","s1680_S_PIT_01_ASEReadCounter.table","NW_015090842.1:10311022",171,346,175
"VPS4A","s1680_S_PIT_01_ASEReadCounter.table","NW_015090842.1:10311023",170,346,176
"VPS4A","s1680_S_PIT_01_ASEReadCounter.table","NW_015090842.1:10311426",161,344,183
"VPS4A","s1680_S_PIT_01_ASEReadCounter.table","NW_015090842.1:10311489",1,10,9
"VPS4A","s1680_S_PIT_01_ASEReadCounter.table","NW_015090842.1:10311490",3,8,5
"VPS4A","s1680_S_PIT_01_ASEReadCounter.table","NW_015090842.1:10311525",5,19,14
"VPS4A","s1680_S_PIT_01_ASEReadCounter.table","NW_015090842.1:10311529",5,22,17
"VPS4A","s1680_S_PIT_01_ASEReadCounter.table","NW_015090842.1:10311530",5,22,17
"VPS4A","s1680_S_PIT_01_ASEReadCounter.table","NW_015090842.1:10311552",16,36,20
"VPS4A","s1680_S_PIT_01_ASEReadCounter.table","NW_015090842.1:10311689",18,35,17
"VPS4A","s1680_S_PIT_01_ASEReadCounter.table","NW_015090842.1:10311700",26,42,16
"VPS4A","s1680_S_PIT_01_ASEReadCounter.table","NW_015090842.1:10311701",26,44,18
"VPS4A","s1680_S_PIT_01_ASEReadCounter.table","NW_015090842.1:10311703",26,44,18
"COG8","s1680_S_PIT_01_ASEReadCounter.table","NW_015090842.1:10313487",27,62,35
"COG8","s1680_S_PIT_01_ASEReadCounter.table","NW_015090842.1:10313559",33,75,42
"COG8","s1680_S_PIT_01_ASEReadCounter.table","NW_015090842.1:10313579",25,66,41
"COG8","s1680_S_PIT_01_ASEReadCounter.table","NW_015090842.1:10313665",31,69,38
"COG8","s1680_S_PIT_01_ASEReadCounter.table","NW_015090842.1:10313681",34,69,35
"COG8","s1680_S_PIT_01_ASEReadCounter.table","NW_015090842.1:10313768",34,77,43
"COG8","s1680_S_PIT_01_ASEReadCounter.table","NW_015090842.1:10313775",35,79,44
"COG8","s1680_S_PIT_01_ASEReadCounter.table","NW_015090842.1:10313811",32,68,36
"COG8","s1680_S_PIT_01_ASEReadCounter.table","NW_015090842.1:10313858",24,50,26
"COG8","s1680_S_PIT_01_ASEReadCounter.table","NW_015090842.1:10313859",50,50,0
"COG8","s1680_S_PIT_01_ASEReadCounter.table","NW_015090842.1:10314100",42,81,39
"COG8","s1680_S_PIT_01_ASEReadCounter.table","NW_015090842.1:10314213",48,76,28
"COG8","s1680_S_PIT_01_ASEReadCounter.table","NW_015090842.1:10315093",27,55,28
"COG8","s1680_S_PIT_01_ASEReadCounter.table","NW_015090842.1:10315162",41,73,32
"COG8","s1680_S_PIT_01_ASEReadCounter.table","NW_015090842.1:10315285",50,99,49
"COG8","s1680_S_PIT_01_ASEReadCounter.table","NW_015090842.1:10315360",26,72,46
"COG8","s1680_S_PIT_01_ASEReadCounter.table","NW_015090842.1:10315369",25,73,48
"COG8","s1680_S_PIT_01_ASEReadCounter.table","NW_015090842.1:10315508",19,50,31
"COG8","s1680_S_PIT_01_ASEReadCounter.table","NW_015090842.1:10315624",42,92,50
"COG8","s1680_S_PIT_01_ASEReadCounter.table","NW_015090842.1:10315693",30,72,42
"COG8","s1680_S_PIT_01_ASEReadCounter.table","NW_015090842.1:10315698",26,73,47
"COG8","s1680_S_PIT_01_ASEReadCounter.table","NW_015090842.1:10315768",17,57,40
"COG8","s1680_S_PIT_01_ASEReadCounter.table","NW_015090842.1:10315769",16,55,39
"COG8","s1680_S_PIT_01_ASEReadCounter.table","NW_015090842.1:10315784",18,55,37
"COG8","s1680_S_PIT_01_ASEReadCounter.table","NW_015090842.1:10316093",31,65,34
"COG8","s1680_S_PIT_01_ASEReadCounter.table","NW_015090842.1:10316133",25,60,35
"NIP7","s1680_S_PIT_01_ASEReadCounter.table","NW_015090842.1:10316759",10,31,21
"NIP7","s1680_S_PIT_01_ASEReadCounter.table","NW_015090842.1:10316967",69,158,89
"NIP7","s1680_S_PIT_01_ASEReadCounter.table","NW_015090842.1:10316995",89,183,94
"NIP7","s1680_S_PIT_01_ASEReadCounter.table","NW_015090842.1:10317240",115,246,131
"NIP7","s1680_S_PIT_01_ASEReadCounter.table","NW_015090842.1:10317247",112,239,127
"NIP7","s1680_S_PIT_01_ASEReadCounter.table","NW_015090842.1:10317264",107,223,116
"NIP7","s1680_S_PIT_01_ASEReadCounter.table","NW_015090842.1:10317433",118,271,153
"NIP7","s1680_S_PIT_01_ASEReadCounter.table","NW_015090842.1:10317738",85,203,118
"NIP7","s1680_S_PIT_01_ASEReadCounter.table","NW_015090842.1:10317769",87,197,110
"NIP7","s1680_S_PIT_01_ASEReadCounter.table","NW_015090842.1:10317808",54,131,77
"NIP7","s1680_S_PIT_01_ASEReadCounter.table","NW_015090842.1:10317870",42,103,61
"NIP7","s1680_S_PIT_01_ASEReadCounter.table","NW_015090842.1:10317871",42,97,55
"NIP7","s1680_S_PIT_01_ASEReadCounter.table","NW_015090842.1:10317898",32,73,41
"NIP7","s1680_S_PIT_01_ASEReadCounter.table","NW_015090842.1:10317911",29,63,34
"TMED6","s1680_S_PIT_01_ASEReadCounter.table","NW_015090842.1:10318514",3,5,2
"TMED6","s1680_S_PIT_01_ASEReadCounter.table","NW_015090842.1:10318731",7,7,0
"TERF2","s1680_S_PIT_01_ASEReadCounter.table","NW_015090842.1:10321768",26,60,34
"TERF2","s1680_S_PIT_01_ASEReadCounter.table","NW_015090842.1:10321777",26,60,34
"TERF2","s1680_S_PIT_01_ASEReadCounter.table","NW_015090842.1:10321805",25,59,34
"TERF2","s1680_S_PIT_01_ASEReadCounter.table","NW_015090842.1:10321878",35,69,34
"TERF2","s1680_S_PIT_01_ASEReadCounter.table","NW_015090842.1:10321893",4,63,59
"TERF2","s1680_S_PIT_01_ASEReadCounter.table","NW_015090842.1:10321897",26,54,28
"TERF2","s1680_S_PIT_01_ASEReadCounter.table","NW_015090842.1:10321908",24,58,34
"TERF2","s1680_S_PIT_01_ASEReadCounter.table","NW_015090842.1:10322001",46,102,56
"TERF2","s1680_S_PIT_01_ASEReadCounter.table","NW_015090842.1:10322035",36,85,49
"TERF2","s1680_S_PIT_01_ASEReadCounter.table","NW_015090842.1:10322051",32,81,49
"TERF2","s1680_S_PIT_01_ASEReadCounter.table","NW_015090842.1:10322137",40,80,40
"TERF2","s1680_S_PIT_01_ASEReadCounter.table","NW_015090842.1:10322144",39,79,40
"TERF2","s1680_S_PIT_01_ASEReadCounter.table","NW_015090842.1:10322388",35,79,44
"TERF2","s1680_S_PIT_01_ASEReadCounter.table","NW_015090842.1:10322396",38,80,42
"TERF2","s1680_S_PIT_01_ASEReadCounter.table","NW_015090842.1:10322502",47,90,43
"TERF2","s1680_S_PIT_01_ASEReadCounter.table","NW_015090842.1:10322504",48,93,45
"TERF2","s1680_S_PIT_01_ASEReadCounter.table","NW_015090842.1:10322510",45,99,54
"TERF2","s1680_S_PIT_01_ASEReadCounter.table","NW_015090842.1:10323580",50,107,57
"TERF2","s1680_S_PIT_01_ASEReadCounter.table","NW_015090842.1:10324314",48,109,61
"TERF2","s1680_S_PIT_01_ASEReadCounter.table","NW_015090842.1:10326832",45,103,58
"TERF2","s1680_S_PIT_01_ASEReadCounter.table","NW_015090842.1:10327787",38,80,42
"TERF2","s1680_S_PIT_01_ASEReadCounter.table","NW_015090842.1:10328588",47,98,51
"TERF2","s1680_S_PIT_01_ASEReadCounter.table","NW_015090842.1:10328644",36,88,52
"TERF2","s1680_S_PIT_01_ASEReadCounter.table","NW_015090842.1:10329813",36,67,31
"TERF2","s1680_S_PIT_01_ASEReadCounter.table","NW_015090842.1:10330749",41,84,43
"TERF2","s1680_S_PIT_01_ASEReadCounter.table","NW_015090842.1:10330789",43,87,44
"CYB5B","s1680_S_PIT_01_ASEReadCounter.table","NW_015090842.1:10336595",6,22,16
"CYB5B","s1680_S_PIT_01_ASEReadCounter.table","NW_015090842.1:10336667",84,193,109
"CYB5B","s1680_S_PIT_01_ASEReadCounter.table","NW_015090842.1:10336689",131,300,169
"CYB5B","s1680_S_PIT_01_ASEReadCounter.table","NW_015090842.1:10336728",181,394,213
"CYB5B","s1680_S_PIT_01_ASEReadCounter.table","NW_015090842.1:10345068",167,389,222
"CYB5B","s1680_S_PIT_01_ASEReadCounter.table","NW_015090842.1:10348800",202,512,310
"CYB5B","s1680_S_PIT_01_ASEReadCounter.table","NW_015090842.1:10349046",161,395,234
"CYB5B","s1680_S_PIT_01_ASEReadCounter.table","NW_015090842.1:10349119",91,298,207
"CYB5B","s1680_S_PIT_01_ASEReadCounter.table","NW_015090842.1:10349146",47,246,199
"CYB5B","s1680_S_PIT_01_ASEReadCounter.table","NW_015090842.1:10349157",79,284,205
"CYB5B","s1680_S_PIT_01_ASEReadCounter.table","NW_015090842.1:10349263",250,250,0
