"gene","id","snp","ref_count","total_count","alt_count"
"CENPN","s1680_S_LIV_01_ASEReadCounter.table","NW_015090842.1:5801612",0,2,2
"CENPN","s1680_S_LIV_01_ASEReadCounter.table","NW_015090842.1:5801618",0,2,2
"CENPN","s1680_S_LIV_01_ASEReadCounter.table","NW_015090842.1:5801623",0,2,2
"CENPN","s1680_S_LIV_01_ASEReadCounter.table","NW_015090842.1:5801631",0,2,2
"CENPN","s1680_S_LIV_01_ASEReadCounter.table","NW_015090842.1:5801632",0,2,2
"CENPN","s1680_S_LIV_01_ASEReadCounter.table","NW_015090842.1:5801655",0,4,4
"CENPN","s1680_S_LIV_01_ASEReadCounter.table","NW_015090842.1:5801670",0,4,4
"CENPN","s1680_S_LIV_01_ASEReadCounter.table","NW_015090842.1:5801674",0,4,4
"CENPN","s1680_S_LIV_01_ASEReadCounter.table","NW_015090842.1:5801692",0,4,4
"CENPN","s1680_S_LIV_01_ASEReadCounter.table","NW_015090842.1:5802008",1,8,7
"CENPN","s1680_S_LIV_01_ASEReadCounter.table","NW_015090842.1:5802012",1,8,7
"CENPN","s1680_S_LIV_01_ASEReadCounter.table","NW_015090842.1:5802087",1,5,4
"CENPN","s1680_S_LIV_01_ASEReadCounter.table","NW_015090842.1:5810113",1,1,0
"CENPN","s1680_S_LIV_01_ASEReadCounter.table","NW_015090842.1:5810147",3,3,0
"CENPN","s1680_S_LIV_01_ASEReadCounter.table","NW_015090842.1:5810148",3,3,0
"ATMIN","s1680_S_LIV_01_ASEReadCounter.table","NW_015090842.1:5818789",3,5,2
"ATMIN","s1680_S_LIV_01_ASEReadCounter.table","NW_015090842.1:5819958",4,8,4
"ATMIN","s1680_S_LIV_01_ASEReadCounter.table","NW_015090842.1:5820004",6,9,3
"ATMIN","s1680_S_LIV_01_ASEReadCounter.table","NW_015090842.1:5820217",4,7,3
"ATMIN","s1680_S_LIV_01_ASEReadCounter.table","NW_015090842.1:5820250",6,7,1
"ATMIN","s1680_S_LIV_01_ASEReadCounter.table","NW_015090842.1:5820298",3,4,1
"ATMIN","s1680_S_LIV_01_ASEReadCounter.table","NW_015090842.1:5820417",3,6,3
"ATMIN","s1680_S_LIV_01_ASEReadCounter.table","NW_015090842.1:5820421",2,7,5
"ATMIN","s1680_S_LIV_01_ASEReadCounter.table","NW_015090842.1:5820448",3,8,5
"ATMIN","s1680_S_LIV_01_ASEReadCounter.table","NW_015090842.1:5820457",2,7,5
"ATMIN","s1680_S_LIV_01_ASEReadCounter.table","NW_015090842.1:5820510",2,5,3
"ATMIN","s1680_S_LIV_01_ASEReadCounter.table","NW_015090842.1:5820673",0,3,3
"ATMIN","s1680_S_LIV_01_ASEReadCounter.table","NW_015090842.1:5820754",0,5,5
"ATMIN","s1680_S_LIV_01_ASEReadCounter.table","NW_015090842.1:5820820",2,6,4
"ATMIN","s1680_S_LIV_01_ASEReadCounter.table","NW_015090842.1:5820865",2,6,4
"ATMIN","s1680_S_LIV_01_ASEReadCounter.table","NW_015090842.1:5820889",2,6,4
"ATMIN","s1680_S_LIV_01_ASEReadCounter.table","NW_015090842.1:5820891",2,6,4
"ATMIN","s1680_S_LIV_01_ASEReadCounter.table","NW_015090842.1:5820997",2,5,3
"ATMIN","s1680_S_LIV_01_ASEReadCounter.table","NW_015090842.1:5821063",4,7,3
"ATMIN","s1680_S_LIV_01_ASEReadCounter.table","NW_015090842.1:5821132",4,7,3
"ATMIN","s1680_S_LIV_01_ASEReadCounter.table","NW_015090842.1:5821645",4,10,6
"ATMIN","s1680_S_LIV_01_ASEReadCounter.table","NW_015090842.1:5825066",11,12,1
"ATMIN","s1680_S_LIV_01_ASEReadCounter.table","NW_015090842.1:5825106",6,9,3
"ATMIN","s1680_S_LIV_01_ASEReadCounter.table","NW_015090842.1:5825122",3,6,3
"ATMIN","s1680_S_LIV_01_ASEReadCounter.table","NW_015090842.1:5825178",4,7,3
"ATMIN","s1680_S_LIV_01_ASEReadCounter.table","NW_015090842.1:5825194",4,6,2
"ATMIN","s1680_S_LIV_01_ASEReadCounter.table","NW_015090842.1:5825195",4,6,2
"ATMIN","s1680_S_LIV_01_ASEReadCounter.table","NW_015090842.1:5825220",4,7,3
"ATMIN","s1680_S_LIV_01_ASEReadCounter.table","NW_015090842.1:5825240",6,12,6
"ATMIN","s1680_S_LIV_01_ASEReadCounter.table","NW_015090842.1:5825303",9,16,7
"ATMIN","s1680_S_LIV_01_ASEReadCounter.table","NW_015090842.1:5825304",9,16,7
"ATMIN","s1680_S_LIV_01_ASEReadCounter.table","NW_015090842.1:5825310",9,16,7
"ATMIN","s1680_S_LIV_01_ASEReadCounter.table","NW_015090842.1:5825406",5,10,5
"ATMIN","s1680_S_LIV_01_ASEReadCounter.table","NW_015090842.1:5825415",6,13,7
"ATMIN","s1680_S_LIV_01_ASEReadCounter.table","NW_015090842.1:5825438",7,12,5
"ATMIN","s1680_S_LIV_01_ASEReadCounter.table","NW_015090842.1:5825485",4,7,3
"ATMIN","s1680_S_LIV_01_ASEReadCounter.table","NW_015090842.1:5825524",2,3,1
"ATMIN","s1680_S_LIV_01_ASEReadCounter.table","NW_015090842.1:5825557",4,5,1
"ATMIN","s1680_S_LIV_01_ASEReadCounter.table","NW_015090842.1:5825571",4,5,1
"ATMIN","s1680_S_LIV_01_ASEReadCounter.table","NW_015090842.1:5825579",3,4,1
"ATMIN","s1680_S_LIV_01_ASEReadCounter.table","NW_015090842.1:5825590",2,4,2
"ATMIN","s1680_S_LIV_01_ASEReadCounter.table","NW_015090842.1:5825689",7,12,5
"ATMIN","s1680_S_LIV_01_ASEReadCounter.table","NW_015090842.1:5825703",9,15,6
"ATMIN","s1680_S_LIV_01_ASEReadCounter.table","NW_015090842.1:5825787",5,12,7
"ATMIN","s1680_S_LIV_01_ASEReadCounter.table","NW_015090842.1:5825833",7,15,8
"ATMIN","s1680_S_LIV_01_ASEReadCounter.table","NW_015090842.1:5825841",7,14,7
"ATMIN","s1680_S_LIV_01_ASEReadCounter.table","NW_015090842.1:5825895",10,16,6
"ATMIN","s1680_S_LIV_01_ASEReadCounter.table","NW_015090842.1:5825984",4,4,0
"ATMIN","s1680_S_LIV_01_ASEReadCounter.table","NW_015090842.1:5826162",9,14,5
"ATMIN","s1680_S_LIV_01_ASEReadCounter.table","NW_015090842.1:5826194",13,18,5
"ATMIN","s1680_S_LIV_01_ASEReadCounter.table","NW_015090842.1:5826235",17,20,3
"ATMIN","s1680_S_LIV_01_ASEReadCounter.table","NW_015090842.1:5826245",17,20,3
"ATMIN","s1680_S_LIV_01_ASEReadCounter.table","NW_015090842.1:5826335",3,6,3
"ATMIN","s1680_S_LIV_01_ASEReadCounter.table","NW_015090842.1:5826417",11,16,5
"ATMIN","s1680_S_LIV_01_ASEReadCounter.table","NW_015090842.1:5826431",5,15,10
"ATMIN","s1680_S_LIV_01_ASEReadCounter.table","NW_015090842.1:5826438",8,14,6
"ATMIN","s1680_S_LIV_01_ASEReadCounter.table","NW_015090842.1:5826463",12,18,6
"ATMIN","s1680_S_LIV_01_ASEReadCounter.table","NW_015090842.1:5826502",12,20,8
"ATMIN","s1680_S_LIV_01_ASEReadCounter.table","NW_015090842.1:5826511",11,20,9
"ATMIN","s1680_S_LIV_01_ASEReadCounter.table","NW_015090842.1:5826659",7,22,15
"ATMIN","s1680_S_LIV_01_ASEReadCounter.table","NW_015090842.1:5826701",15,31,16
"ATMIN","s1680_S_LIV_01_ASEReadCounter.table","NW_015090842.1:5826702",15,31,16
"ATMIN","s1680_S_LIV_01_ASEReadCounter.table","NW_015090842.1:5826732",13,31,18
"ATMIN","s1680_S_LIV_01_ASEReadCounter.table","NW_015090842.1:5826745",13,33,20
"ATMIN","s1680_S_LIV_01_ASEReadCounter.table","NW_015090842.1:5826835",19,37,18
"ATMIN","s1680_S_LIV_01_ASEReadCounter.table","NW_015090842.1:5826910",18,31,13
"ATMIN","s1680_S_LIV_01_ASEReadCounter.table","NW_015090842.1:5826942",13,30,17
"ATMIN","s1680_S_LIV_01_ASEReadCounter.table","NW_015090842.1:5827193",19,29,10
"ATMIN","s1680_S_LIV_01_ASEReadCounter.table","NW_015090842.1:5827196",16,26,10
"ATMIN","s1680_S_LIV_01_ASEReadCounter.table","NW_015090842.1:5827269",12,24,12
"ATMIN","s1680_S_LIV_01_ASEReadCounter.table","NW_015090842.1:5827315",9,19,10
"ATMIN","s1680_S_LIV_01_ASEReadCounter.table","NW_015090842.1:5827316",9,19,10
"ATMIN","s1680_S_LIV_01_ASEReadCounter.table","NW_015090842.1:5827333",12,22,10
"PPP1R3E","s1680_S_LIV_01_ASEReadCounter.table","NW_015090842.1:5837733",5,7,2
"PPP1R3E","s1680_S_LIV_01_ASEReadCounter.table","NW_015090842.1:5837947",4,6,2
"PKD1L2","s1680_S_LIV_01_ASEReadCounter.table","NW_015090842.1:5867597",0,1,1
"PKD1L2","s1680_S_LIV_01_ASEReadCounter.table","NW_015090842.1:5867600",0,1,1
"PKD1L2","s1680_S_LIV_01_ASEReadCounter.table","NW_015090842.1:5867660",0,2,2
"PKD1L2","s1680_S_LIV_01_ASEReadCounter.table","NW_015090842.1:5867675",0,2,2
"PKD1L2","s1680_S_LIV_01_ASEReadCounter.table","NW_015090842.1:5867788",2,4,2
"PKD1L2","s1680_S_LIV_01_ASEReadCounter.table","NW_015090842.1:5867843",2,4,2
"BCO1","s1680_S_LIV_01_ASEReadCounter.table","NW_015090842.1:5915610",3,27,24
"BCO1","s1680_S_LIV_01_ASEReadCounter.table","NW_015090842.1:5915646",2,26,24
"BCO1","s1680_S_LIV_01_ASEReadCounter.table","NW_015090842.1:5917836",5,45,40
"BCO1","s1680_S_LIV_01_ASEReadCounter.table","NW_015090842.1:5917912",123,447,324
"BCO1","s1680_S_LIV_01_ASEReadCounter.table","NW_015090842.1:5917941",159,574,415
"BCO1","s1680_S_LIV_01_ASEReadCounter.table","NW_015090842.1:5917971",174,681,507
"BCO1","s1680_S_LIV_01_ASEReadCounter.table","NW_015090842.1:5921679",214,741,527
"BCO1","s1680_S_LIV_01_ASEReadCounter.table","NW_015090842.1:5921726",181,670,489
"BCO1","s1680_S_LIV_01_ASEReadCounter.table","NW_015090842.1:5925669",139,528,389
"BCO1","s1680_S_LIV_01_ASEReadCounter.table","NW_015090842.1:5925753",162,603,441
"BCO1","s1680_S_LIV_01_ASEReadCounter.table","NW_015090842.1:5926937",152,545,393
"BCO1","s1680_S_LIV_01_ASEReadCounter.table","NW_015090842.1:5927921",161,623,462
"BCO1","s1680_S_LIV_01_ASEReadCounter.table","NW_015090842.1:5927948",174,665,491
"BCO1","s1680_S_LIV_01_ASEReadCounter.table","NW_015090842.1:5927968",176,663,487
"BCO1","s1680_S_LIV_01_ASEReadCounter.table","NW_015090842.1:5928052",138,583,445
"BCO1","s1680_S_LIV_01_ASEReadCounter.table","NW_015090842.1:5932726",264,968,704
"BCO1","s1680_S_LIV_01_ASEReadCounter.table","NW_015090842.1:5932801",228,787,559
"BCO1","s1680_S_LIV_01_ASEReadCounter.table","NW_015090842.1:5934558",221,769,548
"BCO1","s1680_S_LIV_01_ASEReadCounter.table","NW_015090842.1:5934575",219,792,573
"BCO1","s1680_S_LIV_01_ASEReadCounter.table","NW_015090842.1:5934608",251,822,571
"BCO1","s1680_S_LIV_01_ASEReadCounter.table","NW_015090842.1:5934647",218,766,548
"BCO1","s1680_S_LIV_01_ASEReadCounter.table","NW_015090842.1:5934725",212,707,495
"BCO1","s1680_S_LIV_01_ASEReadCounter.table","NW_015090842.1:5934726",210,699,489
"BCO1","s1680_S_LIV_01_ASEReadCounter.table","NW_015090842.1:5934733",192,631,439
"BCO1","s1680_S_LIV_01_ASEReadCounter.table","NW_015090842.1:5934821",158,576,418
"BCO1","s1680_S_LIV_01_ASEReadCounter.table","NW_015090842.1:5934826",144,575,431
"BCO1","s1680_S_LIV_01_ASEReadCounter.table","NW_015090842.1:5934844",94,400,306
"BCO1","s1680_S_LIV_01_ASEReadCounter.table","NW_015090842.1:5934958",176,573,397
"BCO1","s1680_S_LIV_01_ASEReadCounter.table","NW_015090842.1:5934976",178,604,426
"GAN","s1680_S_LIV_01_ASEReadCounter.table","NW_015090842.1:5953759",1,9,8
"GAN","s1680_S_LIV_01_ASEReadCounter.table","NW_015090842.1:5957502",6,12,6
"GAN","s1680_S_LIV_01_ASEReadCounter.table","NW_015090842.1:5957578",5,13,8
"GAN","s1680_S_LIV_01_ASEReadCounter.table","NW_015090842.1:5965028",4,13,9
"GAN","s1680_S_LIV_01_ASEReadCounter.table","NW_015090842.1:5966047",5,16,11
"GAN","s1680_S_LIV_01_ASEReadCounter.table","NW_015090842.1:5966126",1,8,7
"GAN","s1680_S_LIV_01_ASEReadCounter.table","NW_015090842.1:5966127",1,8,7
"GAN","s1680_S_LIV_01_ASEReadCounter.table","NW_015090842.1:5966162",4,15,11
"GAN","s1680_S_LIV_01_ASEReadCounter.table","NW_015090842.1:5966483",2,9,7
"CMIP","s1680_S_LIV_01_ASEReadCounter.table","NW_015090842.1:6109159",4,8,4
"CMIP","s1680_S_LIV_01_ASEReadCounter.table","NW_015090842.1:6109166",4,7,3
"CMIP","s1680_S_LIV_01_ASEReadCounter.table","NW_015090842.1:6114641",5,9,4
"CMIP","s1680_S_LIV_01_ASEReadCounter.table","NW_015090842.1:6114751",8,10,2
"CMIP","s1680_S_LIV_01_ASEReadCounter.table","NW_015090842.1:6114824",2,3,1
"CMIP","s1680_S_LIV_01_ASEReadCounter.table","NW_015090842.1:6128998",11,19,8
"CMIP","s1680_S_LIV_01_ASEReadCounter.table","NW_015090842.1:6130562",17,23,6
"CMIP","s1680_S_LIV_01_ASEReadCounter.table","NW_015090842.1:6132522",13,19,6
"CMIP","s1680_S_LIV_01_ASEReadCounter.table","NW_015090842.1:6134088",11,16,5
"CMIP","s1680_S_LIV_01_ASEReadCounter.table","NW_015090842.1:6138265",10,27,17
"CMIP","s1680_S_LIV_01_ASEReadCounter.table","NW_015090842.1:6138300",14,30,16
"CMIP","s1680_S_LIV_01_ASEReadCounter.table","NW_015090842.1:6138342",16,30,14
"CMIP","s1680_S_LIV_01_ASEReadCounter.table","NW_015090842.1:6138343",16,31,15
"CMIP","s1680_S_LIV_01_ASEReadCounter.table","NW_015090842.1:6138345",16,30,14
"CMIP","s1680_S_LIV_01_ASEReadCounter.table","NW_015090842.1:6138647",21,35,14
"CMIP","s1680_S_LIV_01_ASEReadCounter.table","NW_015090842.1:6138745",18,30,12
"CMIP","s1680_S_LIV_01_ASEReadCounter.table","NW_015090842.1:6138832",0,4,4
"CMIP","s1680_S_LIV_01_ASEReadCounter.table","NW_015090842.1:6138967",11,21,10
"CMIP","s1680_S_LIV_01_ASEReadCounter.table","NW_015090842.1:6139131",8,12,4
"CMIP","s1680_S_LIV_01_ASEReadCounter.table","NW_015090842.1:6139163",2,12,10
"CMIP","s1680_S_LIV_01_ASEReadCounter.table","NW_015090842.1:6139360",7,10,3
"CMIP","s1680_S_LIV_01_ASEReadCounter.table","NW_015090842.1:6139572",4,6,2
"CMIP","s1680_S_LIV_01_ASEReadCounter.table","NW_015090842.1:6139773",7,9,2
"PLCG2","s1680_S_LIV_01_ASEReadCounter.table","NW_015090842.1:6179613",7,12,5
"PLCG2","s1680_S_LIV_01_ASEReadCounter.table","NW_015090842.1:6179658",15,22,7
"PLCG2","s1680_S_LIV_01_ASEReadCounter.table","NW_015090842.1:6203766",6,18,12
"PLCG2","s1680_S_LIV_01_ASEReadCounter.table","NW_015090842.1:6203775",6,19,13
"PLCG2","s1680_S_LIV_01_ASEReadCounter.table","NW_015090842.1:6203787",6,20,14
"PLCG2","s1680_S_LIV_01_ASEReadCounter.table","NW_015090842.1:6205047",8,18,10
"PLCG2","s1680_S_LIV_01_ASEReadCounter.table","NW_015090842.1:6208541",6,15,9
"PLCG2","s1680_S_LIV_01_ASEReadCounter.table","NW_015090842.1:6209741",9,22,13
"PLCG2","s1680_S_LIV_01_ASEReadCounter.table","NW_015090842.1:6209798",9,21,12
"PLCG2","s1680_S_LIV_01_ASEReadCounter.table","NW_015090842.1:6209816",11,22,11
"PLCG2","s1680_S_LIV_01_ASEReadCounter.table","NW_015090842.1:6217547",17,34,17
"PLCG2","s1680_S_LIV_01_ASEReadCounter.table","NW_015090842.1:6218641",9,26,17
"PLCG2","s1680_S_LIV_01_ASEReadCounter.table","NW_015090842.1:6220552",7,29,22
"PLCG2","s1680_S_LIV_01_ASEReadCounter.table","NW_015090842.1:6221969",11,36,25
"PLCG2","s1680_S_LIV_01_ASEReadCounter.table","NW_015090842.1:6228672",10,32,22
"PLCG2","s1680_S_LIV_01_ASEReadCounter.table","NW_015090842.1:6228694",8,30,22
"PLCG2","s1680_S_LIV_01_ASEReadCounter.table","NW_015090842.1:6228722",12,38,26
"PLCG2","s1680_S_LIV_01_ASEReadCounter.table","NW_015090842.1:6228747",7,34,27
"PLCG2","s1680_S_LIV_01_ASEReadCounter.table","NW_015090842.1:6228835",8,41,33
"PLCG2","s1680_S_LIV_01_ASEReadCounter.table","NW_015090842.1:6228841",9,44,35
"PLCG2","s1680_S_LIV_01_ASEReadCounter.table","NW_015090842.1:6228865",9,43,34
"PLCG2","s1680_S_LIV_01_ASEReadCounter.table","NW_015090842.1:6228917",14,51,37
"PLCG2","s1680_S_LIV_01_ASEReadCounter.table","NW_015090842.1:6228926",12,48,36
"PLCG2","s1680_S_LIV_01_ASEReadCounter.table","NW_015090842.1:6228954",11,34,23
"PLCG2","s1680_S_LIV_01_ASEReadCounter.table","NW_015090842.1:6229002",12,31,19
"PLCG2","s1680_S_LIV_01_ASEReadCounter.table","NW_015090842.1:6229006",13,30,17
"PLCG2","s1680_S_LIV_01_ASEReadCounter.table","NW_015090842.1:6229081",11,27,16
"PLCG2","s1680_S_LIV_01_ASEReadCounter.table","NW_015090842.1:6229097",6,17,11
"PLCG2","s1680_S_LIV_01_ASEReadCounter.table","NW_015090842.1:6229160",7,11,4
"PLCG2","s1680_S_LIV_01_ASEReadCounter.table","NW_015090842.1:6229213",7,11,4
"PLCG2","s1680_S_LIV_01_ASEReadCounter.table","NW_015090842.1:6229231",8,12,4
"PLCG2","s1680_S_LIV_01_ASEReadCounter.table","NW_015090842.1:6229663",19,22,3
"PLCG2","s1680_S_LIV_01_ASEReadCounter.table","NW_015090842.1:6229748",12,16,4
"PLCG2","s1680_S_LIV_01_ASEReadCounter.table","NW_015090842.1:6229892",17,19,2
"PLCG2","s1680_S_LIV_01_ASEReadCounter.table","NW_015090842.1:6230248",15,21,6
"PLCG2","s1680_S_LIV_01_ASEReadCounter.table","NW_015090842.1:6230255",14,20,6
"PLCG2","s1680_S_LIV_01_ASEReadCounter.table","NW_015090842.1:6230296",5,9,4
"PLCG2","s1680_S_LIV_01_ASEReadCounter.table","NW_015090842.1:6230349",13,21,8
"PLCG2","s1680_S_LIV_01_ASEReadCounter.table","NW_015090842.1:6230381",14,22,8
"PLCG2","s1680_S_LIV_01_ASEReadCounter.table","NW_015090842.1:6230408",16,25,9
"PLCG2","s1680_S_LIV_01_ASEReadCounter.table","NW_015090842.1:6230439",20,25,5
"PLCG2","s1680_S_LIV_01_ASEReadCounter.table","NW_015090842.1:6230757",8,11,3
"PLCG2","s1680_S_LIV_01_ASEReadCounter.table","NW_015090842.1:6230758",11,14,3
"PLCG2","s1680_S_LIV_01_ASEReadCounter.table","NW_015090842.1:6230898",30,33,3
"PLCG2","s1680_S_LIV_01_ASEReadCounter.table","NW_015090842.1:6230976",20,26,6
"PLCG2","s1680_S_LIV_01_ASEReadCounter.table","NW_015090842.1:6231078",34,40,6
"PLCG2","s1680_S_LIV_01_ASEReadCounter.table","NW_015090842.1:6231138",34,40,6
"PLCG2","s1680_S_LIV_01_ASEReadCounter.table","NW_015090842.1:6231177",27,30,3
"PLCG2","s1680_S_LIV_01_ASEReadCounter.table","NW_015090842.1:6231263",28,34,6
"PLCG2","s1680_S_LIV_01_ASEReadCounter.table","NW_015090842.1:6231309",20,23,3
"SDR42E1","s1680_S_LIV_01_ASEReadCounter.table","NW_015090842.1:6235292",3,6,3
"SDR42E1","s1680_S_LIV_01_ASEReadCounter.table","NW_015090842.1:6235315",4,10,6
"SDR42E1","s1680_S_LIV_01_ASEReadCounter.table","NW_015090842.1:6235348",13,20,7
"SDR42E1","s1680_S_LIV_01_ASEReadCounter.table","NW_015090842.1:6235355",13,19,6
"SDR42E1","s1680_S_LIV_01_ASEReadCounter.table","NW_015090842.1:6235417",20,30,10
"SDR42E1","s1680_S_LIV_01_ASEReadCounter.table","NW_015090842.1:6235526",23,23,0
"SDR42E1","s1680_S_LIV_01_ASEReadCounter.table","NW_015090842.1:6235558",9,16,7
"SDR42E1","s1680_S_LIV_01_ASEReadCounter.table","NW_015090842.1:6235603",26,26,0
"SDR42E1","s1680_S_LIV_01_ASEReadCounter.table","NW_015090842.1:6235741",29,37,8
"SDR42E1","s1680_S_LIV_01_ASEReadCounter.table","NW_015090842.1:6235777",24,32,8
"SDR42E1","s1680_S_LIV_01_ASEReadCounter.table","NW_015090842.1:6235806",25,31,6
"SDR42E1","s1680_S_LIV_01_ASEReadCounter.table","NW_015090842.1:6235809",24,30,6
"SDR42E1","s1680_S_LIV_01_ASEReadCounter.table","NW_015090842.1:6235816",25,32,7
"SDR42E1","s1680_S_LIV_01_ASEReadCounter.table","NW_015090842.1:6235914",10,18,8
"SDR42E1","s1680_S_LIV_01_ASEReadCounter.table","NW_015090842.1:6235935",9,16,7
"SDR42E1","s1680_S_LIV_01_ASEReadCounter.table","NW_015090842.1:6235957",12,21,9
"SDR42E1","s1680_S_LIV_01_ASEReadCounter.table","NW_015090842.1:6236040",9,21,12
"SDR42E1","s1680_S_LIV_01_ASEReadCounter.table","NW_015090842.1:6236260",12,21,9
"SDR42E1","s1680_S_LIV_01_ASEReadCounter.table","NW_015090842.1:6236281",13,23,10
"SDR42E1","s1680_S_LIV_01_ASEReadCounter.table","NW_015090842.1:6236305",14,28,14
"SDR42E1","s1680_S_LIV_01_ASEReadCounter.table","NW_015090842.1:6236458",21,38,17
"SDR42E1","s1680_S_LIV_01_ASEReadCounter.table","NW_015090842.1:6236476",22,39,17
"SDR42E1","s1680_S_LIV_01_ASEReadCounter.table","NW_015090842.1:6236608",18,35,17
"SDR42E1","s1680_S_LIV_01_ASEReadCounter.table","NW_015090842.1:6238244",7,13,6
"SDR42E1","s1680_S_LIV_01_ASEReadCounter.table","NW_015090842.1:6238829",5,7,2
"HSD17B2","s1680_S_LIV_01_ASEReadCounter.table","NW_015090842.1:6262951",1,2,1
"HSD17B2","s1680_S_LIV_01_ASEReadCounter.table","NW_015090842.1:6262974",1,2,1
"HSD17B2","s1680_S_LIV_01_ASEReadCounter.table","NW_015090842.1:6266795",0,1,1
"HSD17B2","s1680_S_LIV_01_ASEReadCounter.table","NW_015090842.1:6266918",1,2,1
"HSD17B2","s1680_S_LIV_01_ASEReadCounter.table","NW_015090842.1:6266944",1,3,2
"HSD17B2","s1680_S_LIV_01_ASEReadCounter.table","NW_015090842.1:6266997",1,2,1
"HSD17B2","s1680_S_LIV_01_ASEReadCounter.table","NW_015090842.1:6267196",0,1,1
"HSD17B2","s1680_S_LIV_01_ASEReadCounter.table","NW_015090842.1:6267273",1,1,0
"HSD17B2","s1680_S_LIV_01_ASEReadCounter.table","NW_015090842.1:6267358",1,1,0
"HSD17B2","s1680_S_LIV_01_ASEReadCounter.table","NW_015090842.1:6267674",1,2,1
"HSD17B2","s1680_S_LIV_01_ASEReadCounter.table","NW_015090842.1:6267913",3,4,1
"HSD17B2","s1680_S_LIV_01_ASEReadCounter.table","NW_015090842.1:6268098",3,3,0
"HSD17B2","s1680_S_LIV_01_ASEReadCounter.table","NW_015090842.1:6268180",3,3,0
"HSD17B2","s1680_S_LIV_01_ASEReadCounter.table","NW_015090842.1:6268203",3,3,0
"ARY2","s1680_S_LIV_01_ASEReadCounter.table","NW_015090842.1:6303922",5,5,0
"ARY2","s1680_S_LIV_01_ASEReadCounter.table","NW_015090842.1:6303954",6,10,4
"ARY2","s1680_S_LIV_01_ASEReadCounter.table","NW_015090842.1:6303979",10,16,6
"ARY2","s1680_S_LIV_01_ASEReadCounter.table","NW_015090842.1:6305848",6,13,7
"ARY2","s1680_S_LIV_01_ASEReadCounter.table","NW_015090842.1:6305856",5,12,7
"ARY2","s1680_S_LIV_01_ASEReadCounter.table","NW_015090842.1:6305857",4,12,8
"ARY2","s1680_S_LIV_01_ASEReadCounter.table","NW_015090842.1:6306017",7,25,18
"ARY2","s1680_S_LIV_01_ASEReadCounter.table","NW_015090842.1:6306052",7,21,14
"ARY2","s1680_S_LIV_01_ASEReadCounter.table","NW_015090842.1:6306094",10,22,12
"ARY2","s1680_S_LIV_01_ASEReadCounter.table","NW_015090842.1:6306100",10,22,12
"ARY2","s1680_S_LIV_01_ASEReadCounter.table","NW_015090842.1:6306146",11,21,10
"ARY2","s1680_S_LIV_01_ASEReadCounter.table","NW_015090842.1:6306147",11,22,11
"ARY2","s1680_S_LIV_01_ASEReadCounter.table","NW_015090842.1:6306390",7,18,11
"ARY2","s1680_S_LIV_01_ASEReadCounter.table","NW_015090842.1:6306567",7,17,10
"ARY2","s1680_S_LIV_01_ASEReadCounter.table","NW_015090842.1:6306705",5,7,2
"ARY2","s1680_S_LIV_01_ASEReadCounter.table","NW_015090842.1:6306713",6,6,0
"ARY2","s1680_S_LIV_01_ASEReadCounter.table","NW_015090842.1:6306773",3,3,0
"ARY2","s1680_S_LIV_01_ASEReadCounter.table","NW_015090842.1:6307039",5,6,1
"ARY2","s1680_S_LIV_01_ASEReadCounter.table","NW_015090842.1:6307043",5,6,1
"ARY2","s1680_S_LIV_01_ASEReadCounter.table","NW_015090842.1:6307093",4,6,2
"ARY2","s1680_S_LIV_01_ASEReadCounter.table","NW_015090842.1:6307138",4,6,2
"ARY2","s1680_S_LIV_01_ASEReadCounter.table","NW_015090842.1:6307157",5,7,2
"ARY2","s1680_S_LIV_01_ASEReadCounter.table","NW_015090842.1:6307187",5,6,1
"ARY2","s1680_S_LIV_01_ASEReadCounter.table","NW_015090842.1:6307278",6,10,4
"ARY2","s1680_S_LIV_01_ASEReadCounter.table","NW_015090842.1:6307305",6,11,5
"ARY2","s1680_S_LIV_01_ASEReadCounter.table","NW_015090842.1:6307318",5,10,5
"ARY2","s1680_S_LIV_01_ASEReadCounter.table","NW_015090842.1:6307429",4,8,4
"ARY2","s1680_S_LIV_01_ASEReadCounter.table","NW_015090842.1:6307487",1,4,3
"ARY2","s1680_S_LIV_01_ASEReadCounter.table","NW_015090842.1:6307670",0,1,1
"ARYL","s1680_S_LIV_01_ASEReadCounter.table","NW_015090842.1:6313360",20,56,36
"ARYL","s1680_S_LIV_01_ASEReadCounter.table","NW_015090842.1:6313377",13,48,35
"ARYL","s1680_S_LIV_01_ASEReadCounter.table","NW_015090842.1:6313767",24,37,13
"ARY1","s1680_S_LIV_01_ASEReadCounter.table","NW_015090842.1:6313909",53,53,0
"ARY1","s1680_S_LIV_01_ASEReadCounter.table","NW_015090842.1:6314296",30,61,31
"ARY1","s1680_S_LIV_01_ASEReadCounter.table","NW_015090842.1:6314541",25,48,23
"ARY1","s1680_S_LIV_01_ASEReadCounter.table","NW_015090842.1:6314597",32,58,26
"ARY1","s1680_S_LIV_01_ASEReadCounter.table","NW_015090842.1:6314750",31,64,33
"ARY1","s1680_S_LIV_01_ASEReadCounter.table","NW_015090842.1:6314794",31,62,31
"ARY1","s1680_S_LIV_01_ASEReadCounter.table","NW_015090842.1:6314827",26,58,32
"ARY1","s1680_S_LIV_01_ASEReadCounter.table","NW_015090842.1:6314843",60,60,0
"ARY1","s1680_S_LIV_01_ASEReadCounter.table","NW_015090842.1:6314859",29,63,34
"ARY1","s1680_S_LIV_01_ASEReadCounter.table","NW_015090842.1:6314886",32,67,35
"ARY1","s1680_S_LIV_01_ASEReadCounter.table","NW_015090842.1:6314943",65,65,0
"ARY1","s1680_S_LIV_01_ASEReadCounter.table","NW_015090842.1:6314949",66,66,0
"ARY1","s1680_S_LIV_01_ASEReadCounter.table","NW_015090842.1:6315022",41,90,49
"ARY1","s1680_S_LIV_01_ASEReadCounter.table","NW_015090842.1:6315026",46,96,50
"ARY1","s1680_S_LIV_01_ASEReadCounter.table","NW_015090842.1:6315043",39,83,44
"ARY1","s1680_S_LIV_01_ASEReadCounter.table","NW_015090842.1:6315065",44,87,43
"ARY1","s1680_S_LIV_01_ASEReadCounter.table","NW_015090842.1:6315409",33,69,36
"ARY1","s1680_S_LIV_01_ASEReadCounter.table","NW_015090842.1:6315479",49,89,40
"ARY1","s1680_S_LIV_01_ASEReadCounter.table","NW_015090842.1:6318342",57,91,34
"ARY1","s1680_S_LIV_01_ASEReadCounter.table","NW_015090842.1:6318427",60,113,53
"ARY1","s1680_S_LIV_01_ASEReadCounter.table","NW_015090842.1:6318603",49,83,34
"ARY1","s1680_S_LIV_01_ASEReadCounter.table","NW_015090842.1:6318708",33,78,45
"ARY1","s1680_S_LIV_01_ASEReadCounter.table","NW_015090842.1:6318858",52,101,49
"ARY1","s1680_S_LIV_01_ASEReadCounter.table","NW_015090842.1:6318952",56,105,49
"MPHOSPH6","s1680_S_LIV_01_ASEReadCounter.table","NW_015090842.1:6324063",21,55,34
"MPHOSPH6","s1680_S_LIV_01_ASEReadCounter.table","NW_015090842.1:6324174",39,97,58
"MPHOSPH6","s1680_S_LIV_01_ASEReadCounter.table","NW_015090842.1:6324270",53,122,69
"MPHOSPH6","s1680_S_LIV_01_ASEReadCounter.table","NW_015090842.1:6324762",68,131,63
"MPHOSPH6","s1680_S_LIV_01_ASEReadCounter.table","NW_015090842.1:6324772",69,128,59
"MPHOSPH6","s1680_S_LIV_01_ASEReadCounter.table","NW_015090842.1:6324780",66,119,53
"MPHOSPH6","s1680_S_LIV_01_ASEReadCounter.table","NW_015090842.1:6324902",68,157,89
"MPHOSPH6","s1680_S_LIV_01_ASEReadCounter.table","NW_015090842.1:6324910",161,161,0
"MPHOSPH6","s1680_S_LIV_01_ASEReadCounter.table","NW_015090842.1:6325066",74,152,78
"MPHOSPH6","s1680_S_LIV_01_ASEReadCounter.table","NW_015090842.1:6325089",91,192,101
"MPHOSPH6","s1680_S_LIV_01_ASEReadCounter.table","NW_015090842.1:6325298",113,253,140
"MPHOSPH6","s1680_S_LIV_01_ASEReadCounter.table","NW_015090842.1:6325877",89,206,117
"MPHOSPH6","s1680_S_LIV_01_ASEReadCounter.table","NW_015090842.1:6326976",59,137,78
"CDH13","s1680_S_LIV_01_ASEReadCounter.table","NW_015090842.1:6662283",0,1,1
"MLYCD","s1680_S_LIV_01_ASEReadCounter.table","NW_015090842.1:7150054",25,53,28
"MLYCD","s1680_S_LIV_01_ASEReadCounter.table","NW_015090842.1:7150131",31,85,54
"MLYCD","s1680_S_LIV_01_ASEReadCounter.table","NW_015090842.1:7150585",28,87,59
"MLYCD","s1680_S_LIV_01_ASEReadCounter.table","NW_015090842.1:7150686",27,68,41
"MLYCD","s1680_S_LIV_01_ASEReadCounter.table","NW_015090842.1:7150696",28,70,42
"MLYCD","s1680_S_LIV_01_ASEReadCounter.table","NW_015090842.1:7150698",69,69,0
"MLYCD","s1680_S_LIV_01_ASEReadCounter.table","NW_015090842.1:7150869",23,57,34
"MLYCD","s1680_S_LIV_01_ASEReadCounter.table","NW_015090842.1:7151100",25,71,46
"MLYCD","s1680_S_LIV_01_ASEReadCounter.table","NW_015090842.1:7151127",29,72,43
"MLYCD","s1680_S_LIV_01_ASEReadCounter.table","NW_015090842.1:7157538",27,75,48
"MLYCD","s1680_S_LIV_01_ASEReadCounter.table","NW_015090842.1:7167662",15,31,16
"MLYCD","s1680_S_LIV_01_ASEReadCounter.table","NW_015090842.1:7167675",13,29,16
"MLYCD","s1680_S_LIV_01_ASEReadCounter.table","NW_015090842.1:7167710",12,31,19
"MLYCD","s1680_S_LIV_01_ASEReadCounter.table","NW_015090842.1:7167781",9,21,12
"MLYCD","s1680_S_LIV_01_ASEReadCounter.table","NW_015090842.1:7167803",8,15,7
"MLYCD","s1680_S_LIV_01_ASEReadCounter.table","NW_015090842.1:7167812",7,16,9
"MLYCD","s1680_S_LIV_01_ASEReadCounter.table","NW_015090842.1:7167845",9,17,8
"MLYCD","s1680_S_LIV_01_ASEReadCounter.table","NW_015090842.1:7167862",10,20,10
"MLYCD","s1680_S_LIV_01_ASEReadCounter.table","NW_015090842.1:7167929",10,18,8
"MLYCD","s1680_S_LIV_01_ASEReadCounter.table","NW_015090842.1:7167995",6,13,7
"MLYCD","s1680_S_LIV_01_ASEReadCounter.table","NW_015090842.1:7168005",7,14,7
"MLYCD","s1680_S_LIV_01_ASEReadCounter.table","NW_015090842.1:7168037",11,19,8
"HSBP1","s1680_S_LIV_01_ASEReadCounter.table","NW_015090842.1:7245192",68,143,75
"HSBP1","s1680_S_LIV_01_ASEReadCounter.table","NW_015090842.1:7245226",68,162,94
"HSBP1","s1680_S_LIV_01_ASEReadCounter.table","NW_015090842.1:7245257",60,141,81
"HSBP1","s1680_S_LIV_01_ASEReadCounter.table","NW_015090842.1:7245296",59,132,73
"HSBP1","s1680_S_LIV_01_ASEReadCounter.table","NW_015090842.1:7245389",94,192,98
"HSBP1","s1680_S_LIV_01_ASEReadCounter.table","NW_015090842.1:7245400",92,181,89
"HSBP1","s1680_S_LIV_01_ASEReadCounter.table","NW_015090842.1:7245445",83,172,89
"HSBP1","s1680_S_LIV_01_ASEReadCounter.table","NW_015090842.1:7245495",100,173,73
"HSBP1","s1680_S_LIV_01_ASEReadCounter.table","NW_015090842.1:7245515",109,204,95
"HSBP1","s1680_S_LIV_01_ASEReadCounter.table","NW_015090842.1:7245733",57,125,68
"HSBP1","s1680_S_LIV_01_ASEReadCounter.table","NW_015090842.1:7245771",65,131,66
"HSBP1","s1680_S_LIV_01_ASEReadCounter.table","NW_015090842.1:7245813",67,125,58
"HSBP1","s1680_S_LIV_01_ASEReadCounter.table","NW_015090842.1:7245926",77,154,77
"HSBP1","s1680_S_LIV_01_ASEReadCounter.table","NW_015090842.1:7245927",78,156,78
"HSBP1","s1680_S_LIV_01_ASEReadCounter.table","NW_015090842.1:7245933",78,151,73
"HSBP1","s1680_S_LIV_01_ASEReadCounter.table","NW_015090842.1:7246002",62,123,61
"HSBP1","s1680_S_LIV_01_ASEReadCounter.table","NW_015090842.1:7246094",83,150,67
"HSBP1","s1680_S_LIV_01_ASEReadCounter.table","NW_015090842.1:7246167",76,149,73
"HSBP1","s1680_S_LIV_01_ASEReadCounter.table","NW_015090842.1:7246183",78,155,77
"HSBP1","s1680_S_LIV_01_ASEReadCounter.table","NW_015090842.1:7247285",20,30,10
"HSBP1","s1680_S_LIV_01_ASEReadCounter.table","NW_015090842.1:7247651",190,433,243
"HSBP1","s1680_S_LIV_01_ASEReadCounter.table","NW_015090842.1:7247657",194,440,246
"HSBP1","s1680_S_LIV_01_ASEReadCounter.table","NW_015090842.1:7248520",130,280,150
"HSBP1","s1680_S_LIV_01_ASEReadCounter.table","NW_015090842.1:7248535",112,230,118
"ATP2C2","s1680_S_LIV_01_ASEReadCounter.table","NW_015090842.1:7413747",2,9,7
"TLDC1","s1680_S_LIV_01_ASEReadCounter.table","NW_015090842.1:7421997",50,91,41
"COTL1","s1680_S_LIV_01_ASEReadCounter.table","NW_015090842.1:7490707",102,223,121
"COTL1","s1680_S_LIV_01_ASEReadCounter.table","NW_015090842.1:7490708",102,225,123
"COTL1","s1680_S_LIV_01_ASEReadCounter.table","NW_015090842.1:7490711",103,225,122
"COTL1","s1680_S_LIV_01_ASEReadCounter.table","NW_015090842.1:7490739",98,228,130
"COTL1","s1680_S_LIV_01_ASEReadCounter.table","NW_015090842.1:7490785",112,253,141
"COTL1","s1680_S_LIV_01_ASEReadCounter.table","NW_015090842.1:7490820",8,162,154
"COTL1","s1680_S_LIV_01_ASEReadCounter.table","NW_015090842.1:7490846",234,235,1
"KLHL36","s1680_S_LIV_01_ASEReadCounter.table","NW_015090842.1:7526337",2,3,1
"KLHL36","s1680_S_LIV_01_ASEReadCounter.table","NW_015090842.1:7537681",3,3,0
"USP10","s1680_S_LIV_01_ASEReadCounter.table","NW_015090842.1:7572213",44,71,27
"USP10","s1680_S_LIV_01_ASEReadCounter.table","NW_015090842.1:7572358",49,49,0
"CRISPLD2","s1680_S_LIV_01_ASEReadCounter.table","NW_015090842.1:7630779",1,1,0
"CRISPLD2","s1680_S_LIV_01_ASEReadCounter.table","NW_015090842.1:7633611",5,5,0
"CRISPLD2","s1680_S_LIV_01_ASEReadCounter.table","NW_015090842.1:7633787",0,2,2
"CRISPLD2","s1680_S_LIV_01_ASEReadCounter.table","NW_015090842.1:7634023",0,1,1
"CRISPLD2","s1680_S_LIV_01_ASEReadCounter.table","NW_015090842.1:7634620",4,4,0
"CRISPLD2","s1680_S_LIV_01_ASEReadCounter.table","NW_015090842.1:7636315",1,1,0
"LOC106888312","s1680_S_LIV_01_ASEReadCounter.table","NW_015090842.1:7732198",335,335,0
"MTHFSD","s1680_S_LIV_01_ASEReadCounter.table","NW_015090842.1:8152578",26,43,17
"DUSP15","s1680_S_LIV_01_ASEReadCounter.table","NW_015090842.1:8422840",1,2,1
"EMC8","s1680_S_LIV_01_ASEReadCounter.table","NW_015090842.1:8452385",12,22,10
"GINS2","s1680_S_LIV_01_ASEReadCounter.table","NW_015090842.1:8467469",11,11,0
"GINS2","s1680_S_LIV_01_ASEReadCounter.table","NW_015090842.1:8470290",14,26,12
"GINS2","s1680_S_LIV_01_ASEReadCounter.table","NW_015090842.1:8470305",10,18,8
"GINS2","s1680_S_LIV_01_ASEReadCounter.table","NW_015090842.1:8470376",8,16,8
"GINS2","s1680_S_LIV_01_ASEReadCounter.table","NW_015090842.1:8471057",3,4,1
"KIAA0513","s1680_S_LIV_01_ASEReadCounter.table","NW_015090842.1:8674736",13,13,0
"KIAA0513","s1680_S_LIV_01_ASEReadCounter.table","NW_015090842.1:8693655",7,7,0
"ZCCHC14","s1680_S_LIV_01_ASEReadCounter.table","NW_015090842.1:8750189",32,32,0
"KLHDC4","s1680_S_LIV_01_ASEReadCounter.table","NW_015090842.1:8891175",102,102,0
"KLHDC4","s1680_S_LIV_01_ASEReadCounter.table","NW_015090842.1:8905251",21,37,16
"KLHDC4","s1680_S_LIV_01_ASEReadCounter.table","NW_015090842.1:8919630",4,9,5
"SLC7A5","s1680_S_LIV_01_ASEReadCounter.table","NW_015090842.1:8940382",24,24,0
"SLC7A5","s1680_S_LIV_01_ASEReadCounter.table","NW_015090842.1:8941818",11,11,0
"SLC7A5","s1680_S_LIV_01_ASEReadCounter.table","NW_015090842.1:8944655",7,7,0
"CA5A","s1680_S_LIV_01_ASEReadCounter.table","NW_015090842.1:8989479",65,126,61
"CA5A","s1680_S_LIV_01_ASEReadCounter.table","NW_015090842.1:8989562",68,135,67
"CA5A","s1680_S_LIV_01_ASEReadCounter.table","NW_015090842.1:8989609",69,135,66
"CA5A","s1680_S_LIV_01_ASEReadCounter.table","NW_015090842.1:8989693",87,201,114
"CA5A","s1680_S_LIV_01_ASEReadCounter.table","NW_015090842.1:8989702",101,207,106
"CA5A","s1680_S_LIV_01_ASEReadCounter.table","NW_015090842.1:8989746",99,216,117
"CA5A","s1680_S_LIV_01_ASEReadCounter.table","NW_015090842.1:8989880",93,184,91
"CA5A","s1680_S_LIV_01_ASEReadCounter.table","NW_015090842.1:8989885",102,193,91
"CA5A","s1680_S_LIV_01_ASEReadCounter.table","NW_015090842.1:8989929",113,213,100
"CA5A","s1680_S_LIV_01_ASEReadCounter.table","NW_015090842.1:8990002",74,173,99
"CA5A","s1680_S_LIV_01_ASEReadCounter.table","NW_015090842.1:8990004",74,173,99
"CA5A","s1680_S_LIV_01_ASEReadCounter.table","NW_015090842.1:8990005",72,173,101
"CA5A","s1680_S_LIV_01_ASEReadCounter.table","NW_015090842.1:8990017",71,153,82
"CA5A","s1680_S_LIV_01_ASEReadCounter.table","NW_015090842.1:8990043",55,133,78
"CA5A","s1680_S_LIV_01_ASEReadCounter.table","NW_015090842.1:8990080",50,123,73
"CA5A","s1680_S_LIV_01_ASEReadCounter.table","NW_015090842.1:8990084",54,130,76
"CA5A","s1680_S_LIV_01_ASEReadCounter.table","NW_015090842.1:8990090",55,132,77
"CA5A","s1680_S_LIV_01_ASEReadCounter.table","NW_015090842.1:8990095",53,129,76
"CA5A","s1680_S_LIV_01_ASEReadCounter.table","NW_015090842.1:8990111",45,133,88
"CA5A","s1680_S_LIV_01_ASEReadCounter.table","NW_015090842.1:8990112",45,130,85
"CA5A","s1680_S_LIV_01_ASEReadCounter.table","NW_015090842.1:8990115",53,143,90
"CA5A","s1680_S_LIV_01_ASEReadCounter.table","NW_015090842.1:8990166",49,140,91
"CA5A","s1680_S_LIV_01_ASEReadCounter.table","NW_015090842.1:8990169",52,143,91
"CA5A","s1680_S_LIV_01_ASEReadCounter.table","NW_015090842.1:8990222",45,110,65
"CA5A","s1680_S_LIV_01_ASEReadCounter.table","NW_015090842.1:8990289",55,152,97
"CA5A","s1680_S_LIV_01_ASEReadCounter.table","NW_015090842.1:8990314",55,149,94
"CA5A","s1680_S_LIV_01_ASEReadCounter.table","NW_015090842.1:8990361",54,132,78
"CA5A","s1680_S_LIV_01_ASEReadCounter.table","NW_015090842.1:8990368",53,125,72
"CA5A","s1680_S_LIV_01_ASEReadCounter.table","NW_015090842.1:8990429",46,119,73
"CA5A","s1680_S_LIV_01_ASEReadCounter.table","NW_015090842.1:8990466",41,106,65
"CA5A","s1680_S_LIV_01_ASEReadCounter.table","NW_015090842.1:8990663",60,117,57
"CA5A","s1680_S_LIV_01_ASEReadCounter.table","NW_015090842.1:8990797",50,96,46
"CA5A","s1680_S_LIV_01_ASEReadCounter.table","NW_015090842.1:8990836",52,103,51
"CA5A","s1680_S_LIV_01_ASEReadCounter.table","NW_015090842.1:8990842",49,102,53
"CA5A","s1680_S_LIV_01_ASEReadCounter.table","NW_015090842.1:8990851",52,103,51
"CA5A","s1680_S_LIV_01_ASEReadCounter.table","NW_015090842.1:8990918",48,102,54
"CA5A","s1680_S_LIV_01_ASEReadCounter.table","NW_015090842.1:8990921",45,102,57
"CA5A","s1680_S_LIV_01_ASEReadCounter.table","NW_015090842.1:8990942",58,114,56
"CA5A","s1680_S_LIV_01_ASEReadCounter.table","NW_015090842.1:8991001",63,133,70
"CA5A","s1680_S_LIV_01_ASEReadCounter.table","NW_015090842.1:8991038",70,135,65
"CA5A","s1680_S_LIV_01_ASEReadCounter.table","NW_015090842.1:8991149",49,112,63
"CA5A","s1680_S_LIV_01_ASEReadCounter.table","NW_015090842.1:8991176",44,104,60
"CA5A","s1680_S_LIV_01_ASEReadCounter.table","NW_015090842.1:8991241",44,103,59
"CA5A","s1680_S_LIV_01_ASEReadCounter.table","NW_015090842.1:8991262",54,107,53
"CA5A","s1680_S_LIV_01_ASEReadCounter.table","NW_015090842.1:8991316",59,64,5
"CA5A","s1680_S_LIV_01_ASEReadCounter.table","NW_015090842.1:8991319",59,65,6
"CA5A","s1680_S_LIV_01_ASEReadCounter.table","NW_015090842.1:8991330",52,56,4
"CA5A","s1680_S_LIV_01_ASEReadCounter.table","NW_015090842.1:8991334",51,59,8
"CA5A","s1680_S_LIV_01_ASEReadCounter.table","NW_015090842.1:8991362",58,115,57
"CA5A","s1680_S_LIV_01_ASEReadCounter.table","NW_015090842.1:8991368",60,118,58
"CA5A","s1680_S_LIV_01_ASEReadCounter.table","NW_015090842.1:8991390",55,115,60
"CA5A","s1680_S_LIV_01_ASEReadCounter.table","NW_015090842.1:8991395",57,121,64
"CA5A","s1680_S_LIV_01_ASEReadCounter.table","NW_015090842.1:8991422",56,126,70
"CA5A","s1680_S_LIV_01_ASEReadCounter.table","NW_015090842.1:8991467",52,111,59
"CA5A","s1680_S_LIV_01_ASEReadCounter.table","NW_015090842.1:8991576",42,88,46
"CA5A","s1680_S_LIV_01_ASEReadCounter.table","NW_015090842.1:8991587",49,98,49
"CA5A","s1680_S_LIV_01_ASEReadCounter.table","NW_015090842.1:8991655",62,119,57
"CA5A","s1680_S_LIV_01_ASEReadCounter.table","NW_015090842.1:8991717",43,87,44
"CA5A","s1680_S_LIV_01_ASEReadCounter.table","NW_015090842.1:8991726",44,91,47
"CA5A","s1680_S_LIV_01_ASEReadCounter.table","NW_015090842.1:8991799",44,100,56
"CA5A","s1680_S_LIV_01_ASEReadCounter.table","NW_015090842.1:8991809",43,98,55
"CA5A","s1680_S_LIV_01_ASEReadCounter.table","NW_015090842.1:8991848",32,89,57
"CA5A","s1680_S_LIV_01_ASEReadCounter.table","NW_015090842.1:8991849",32,91,59
"CA5A","s1680_S_LIV_01_ASEReadCounter.table","NW_015090842.1:8991927",29,80,51
"CA5A","s1680_S_LIV_01_ASEReadCounter.table","NW_015090842.1:8991941",28,76,48
"CA5A","s1680_S_LIV_01_ASEReadCounter.table","NW_015090842.1:8992121",29,69,40
"CA5A","s1680_S_LIV_01_ASEReadCounter.table","NW_015090842.1:8992224",32,75,43
"CA5A","s1680_S_LIV_01_ASEReadCounter.table","NW_015090842.1:9002570",33,82,49
"CA5A","s1680_S_LIV_01_ASEReadCounter.table","NW_015090842.1:9002600",37,85,48
"CA5A","s1680_S_LIV_01_ASEReadCounter.table","NW_015090842.1:9004312",1,1,0
"CA5A","s1680_S_LIV_01_ASEReadCounter.table","NW_015090842.1:9004620",0,1,1
"CA5A","s1680_S_LIV_01_ASEReadCounter.table","NW_015090842.1:9005116",0,1,1
"CA5A","s1680_S_LIV_01_ASEReadCounter.table","NW_015090842.1:9005120",0,1,1
"CA5A","s1680_S_LIV_01_ASEReadCounter.table","NW_015090842.1:9011011",44,119,75
"CA5A","s1680_S_LIV_01_ASEReadCounter.table","NW_015090842.1:9011189",27,67,40
"CA5A","s1680_S_LIV_01_ASEReadCounter.table","NW_015090842.1:9011194",27,67,40
"BANP","s1680_S_LIV_01_ASEReadCounter.table","NW_015090842.1:9033407",4,12,8
"BANP","s1680_S_LIV_01_ASEReadCounter.table","NW_015090842.1:9033409",4,11,7
"BANP","s1680_S_LIV_01_ASEReadCounter.table","NW_015090842.1:9033420",6,13,7
"BANP","s1680_S_LIV_01_ASEReadCounter.table","NW_015090842.1:9055284",3,10,7
"CIDEC","s1680_S_LIV_01_ASEReadCounter.table","NW_015090842.1:9481199",53,138,85
"ZC3H18","s1680_S_LIV_01_ASEReadCounter.table","NW_015090842.1:9528933",9,16,7
"MVD","s1680_S_LIV_01_ASEReadCounter.table","NW_015090842.1:9550690",84,84,0
"MVD","s1680_S_LIV_01_ASEReadCounter.table","NW_015090842.1:9550691",84,84,0
"MVD","s1680_S_LIV_01_ASEReadCounter.table","NW_015090842.1:9550699",93,93,0
"MVD","s1680_S_LIV_01_ASEReadCounter.table","NW_015090842.1:9550701",93,93,0
"MVD","s1680_S_LIV_01_ASEReadCounter.table","NW_015090842.1:9552202",172,172,0
"MVD","s1680_S_LIV_01_ASEReadCounter.table","NW_015090842.1:9552223",161,161,0
"MVD","s1680_S_LIV_01_ASEReadCounter.table","NW_015090842.1:9552533",158,158,0
"MVD","s1680_S_LIV_01_ASEReadCounter.table","NW_015090842.1:9552644",63,129,66
"PIEZO1","s1680_S_LIV_01_ASEReadCounter.table","NW_015090842.1:9577447",2,4,2
"PIEZO1","s1680_S_LIV_01_ASEReadCounter.table","NW_015090842.1:9579101",1,2,1
"PIEZO1","s1680_S_LIV_01_ASEReadCounter.table","NW_015090842.1:9582630",1,2,1
"PIEZO1","s1680_S_LIV_01_ASEReadCounter.table","NW_015090842.1:9582976",0,1,1
"PIEZO1","s1680_S_LIV_01_ASEReadCounter.table","NW_015090842.1:9583326",1,1,0
"CDT1","s1680_S_LIV_01_ASEReadCounter.table","NW_015090842.1:9596711",1,4,3
"CDT1","s1680_S_LIV_01_ASEReadCounter.table","NW_015090842.1:9597033",7,7,0
"CDT1","s1680_S_LIV_01_ASEReadCounter.table","NW_015090842.1:9597756",6,12,6
"CDT1","s1680_S_LIV_01_ASEReadCounter.table","NW_015090842.1:9598873",6,6,0
"ACSF3","s1680_S_LIV_01_ASEReadCounter.table","NW_015090842.1:9776737",19,28,9
"ACSF3","s1680_S_LIV_01_ASEReadCounter.table","NW_015090842.1:9809639",73,73,0
"ACSF3","s1680_S_LIV_01_ASEReadCounter.table","NW_015090842.1:9834743",49,89,40
"ACSF3","s1680_S_LIV_01_ASEReadCounter.table","NW_015090842.1:9834762",91,91,0
"ACSF3","s1680_S_LIV_01_ASEReadCounter.table","NW_015090842.1:9834852",44,90,46
"ACSF3","s1680_S_LIV_01_ASEReadCounter.table","NW_015090842.1:9834861",36,80,44
"ACSF3","s1680_S_LIV_01_ASEReadCounter.table","NW_015090842.1:9839359",30,53,23
"ACSF3","s1680_S_LIV_01_ASEReadCounter.table","NW_015090842.1:9839378",31,52,21
"ACSF3","s1680_S_LIV_01_ASEReadCounter.table","NW_015090842.1:9839455",25,54,29
"ACSF3","s1680_S_LIV_01_ASEReadCounter.table","NW_015090842.1:9839457",25,53,28
"ACSF3","s1680_S_LIV_01_ASEReadCounter.table","NW_015090842.1:9839489",17,40,23
"ACSF3","s1680_S_LIV_01_ASEReadCounter.table","NW_015090842.1:9839500",11,27,16
"ACSF3","s1680_S_LIV_01_ASEReadCounter.table","NW_015090842.1:9839501",11,27,16
"ACSF3","s1680_S_LIV_01_ASEReadCounter.table","NW_015090842.1:9839504",12,28,16
"ACSF3","s1680_S_LIV_01_ASEReadCounter.table","NW_015090842.1:9839512",11,22,11
"ACSF3","s1680_S_LIV_01_ASEReadCounter.table","NW_015090842.1:9839527",8,16,8
"ACSF3","s1680_S_LIV_01_ASEReadCounter.table","NW_015090842.1:9839533",5,13,8
"ACSF3","s1680_S_LIV_01_ASEReadCounter.table","NW_015090842.1:9839535",5,12,7
"ACSF3","s1680_S_LIV_01_ASEReadCounter.table","NW_015090842.1:9839545",4,9,5
"ACSF3","s1680_S_LIV_01_ASEReadCounter.table","NW_015090842.1:9839550",3,8,5
"ACSF3","s1680_S_LIV_01_ASEReadCounter.table","NW_015090842.1:9839551",3,8,5
"SLC22A31","s1680_S_LIV_01_ASEReadCounter.table","NW_015090842.1:9851130",2,3,1
"SLC22A31","s1680_S_LIV_01_ASEReadCounter.table","NW_015090842.1:9851139",2,3,1
"SLC22A31","s1680_S_LIV_01_ASEReadCounter.table","NW_015090842.1:9851265",3,4,1
"SLC22A31","s1680_S_LIV_01_ASEReadCounter.table","NW_015090842.1:9851302",3,4,1
"SLC22A31","s1680_S_LIV_01_ASEReadCounter.table","NW_015090842.1:9851303",3,4,1
"SLC22A31","s1680_S_LIV_01_ASEReadCounter.table","NW_015090842.1:9851305",3,4,1
"SLC22A31","s1680_S_LIV_01_ASEReadCounter.table","NW_015090842.1:9851343",3,3,0
"SLC22A31","s1680_S_LIV_01_ASEReadCounter.table","NW_015090842.1:9851344",3,3,0
"SLC22A31","s1680_S_LIV_01_ASEReadCounter.table","NW_015090842.1:9851381",1,1,0
"SLC22A31","s1680_S_LIV_01_ASEReadCounter.table","NW_015090842.1:9851421",2,2,0
"SLC22A31","s1680_S_LIV_01_ASEReadCounter.table","NW_015090842.1:9851526",1,1,0
"SLC22A31","s1680_S_LIV_01_ASEReadCounter.table","NW_015090842.1:9851589",4,4,0
"SLC22A31","s1680_S_LIV_01_ASEReadCounter.table","NW_015090842.1:9851712",6,6,0
"SLC22A31","s1680_S_LIV_01_ASEReadCounter.table","NW_015090842.1:9851899",6,6,0
"SLC22A31","s1680_S_LIV_01_ASEReadCounter.table","NW_015090842.1:9852139",8,8,0
"SLC22A31","s1680_S_LIV_01_ASEReadCounter.table","NW_015090842.1:9852380",6,6,0
"SLC22A31","s1680_S_LIV_01_ASEReadCounter.table","NW_015090842.1:9852431",7,7,0
"SLC22A31","s1680_S_LIV_01_ASEReadCounter.table","NW_015090842.1:9852630",3,3,0
"SLC22A31","s1680_S_LIV_01_ASEReadCounter.table","NW_015090842.1:9852711",3,3,0
"SLC22A31","s1680_S_LIV_01_ASEReadCounter.table","NW_015090842.1:9852742",3,3,0
"SLC22A31","s1680_S_LIV_01_ASEReadCounter.table","NW_015090842.1:9853099",2,2,0
"SLC22A31","s1680_S_LIV_01_ASEReadCounter.table","NW_015090842.1:9853102",2,2,0
"SLC22A31","s1680_S_LIV_01_ASEReadCounter.table","NW_015090842.1:9853457",3,3,0
"SLC22A31","s1680_S_LIV_01_ASEReadCounter.table","NW_015090842.1:9853502",3,3,0
"ANKRD11","s1680_S_LIV_01_ASEReadCounter.table","NW_015090842.1:9858863",3,3,0
"ANKRD11","s1680_S_LIV_01_ASEReadCounter.table","NW_015090842.1:9859101",27,54,27
"ANKRD11","s1680_S_LIV_01_ASEReadCounter.table","NW_015090842.1:9859352",20,50,30
"ANKRD11","s1680_S_LIV_01_ASEReadCounter.table","NW_015090842.1:9859381",6,36,30
"ANKRD11","s1680_S_LIV_01_ASEReadCounter.table","NW_015090842.1:9859527",8,20,12
"ANKRD11","s1680_S_LIV_01_ASEReadCounter.table","NW_015090842.1:9859529",8,20,12
"ANKRD11","s1680_S_LIV_01_ASEReadCounter.table","NW_015090842.1:9859679",16,38,22
"ANKRD11","s1680_S_LIV_01_ASEReadCounter.table","NW_015090842.1:9861097",16,31,15
"ANKRD11","s1680_S_LIV_01_ASEReadCounter.table","NW_015090842.1:9862571",10,22,12
"ANKRD11","s1680_S_LIV_01_ASEReadCounter.table","NW_015090842.1:9866071",0,12,12
"ANKRD11","s1680_S_LIV_01_ASEReadCounter.table","NW_015090842.1:9866200",0,15,15
"ANKRD11","s1680_S_LIV_01_ASEReadCounter.table","NW_015090842.1:9867391",4,6,2
"ANKRD11","s1680_S_LIV_01_ASEReadCounter.table","NW_015090842.1:9867472",9,15,6
"ANKRD11","s1680_S_LIV_01_ASEReadCounter.table","NW_015090842.1:9867559",7,10,3
"ANKRD11","s1680_S_LIV_01_ASEReadCounter.table","NW_015090842.1:9867934",3,9,6
"ANKRD11","s1680_S_LIV_01_ASEReadCounter.table","NW_015090842.1:9868093",11,14,3
"ANKRD11","s1680_S_LIV_01_ASEReadCounter.table","NW_015090842.1:9868222",6,11,5
"ANKRD11","s1680_S_LIV_01_ASEReadCounter.table","NW_015090842.1:9868327",5,14,9
"ANKRD11","s1680_S_LIV_01_ASEReadCounter.table","NW_015090842.1:9868414",6,12,6
"ANKRD11","s1680_S_LIV_01_ASEReadCounter.table","NW_015090842.1:9868441",3,12,9
"ANKRD11","s1680_S_LIV_01_ASEReadCounter.table","NW_015090842.1:9868444",3,12,9
"ANKRD11","s1680_S_LIV_01_ASEReadCounter.table","NW_015090842.1:9868519",7,15,8
"ANKRD11","s1680_S_LIV_01_ASEReadCounter.table","NW_015090842.1:9868609",7,12,5
"ANKRD11","s1680_S_LIV_01_ASEReadCounter.table","NW_015090842.1:9868666",13,18,5
"ANKRD11","s1680_S_LIV_01_ASEReadCounter.table","NW_015090842.1:9869431",10,18,8
"ANKRD11","s1680_S_LIV_01_ASEReadCounter.table","NW_015090842.1:9869578",15,31,16
"ANKRD11","s1680_S_LIV_01_ASEReadCounter.table","NW_015090842.1:9869734",23,33,10
"ANKRD11","s1680_S_LIV_01_ASEReadCounter.table","NW_015090842.1:9870070",12,26,14
"ANKRD11","s1680_S_LIV_01_ASEReadCounter.table","NW_015090842.1:9870349",14,32,18
"ANKRD11","s1680_S_LIV_01_ASEReadCounter.table","NW_015090842.1:9870604",16,28,12
"ANKRD11","s1680_S_LIV_01_ASEReadCounter.table","NW_015090842.1:9870613",18,29,11
"ANKRD11","s1680_S_LIV_01_ASEReadCounter.table","NW_015090842.1:9870685",21,41,20
"ANKRD11","s1680_S_LIV_01_ASEReadCounter.table","NW_015090842.1:9870847",21,43,22
"ANKRD11","s1680_S_LIV_01_ASEReadCounter.table","NW_015090842.1:9871103",11,30,19
"ANKRD11","s1680_S_LIV_01_ASEReadCounter.table","NW_015090842.1:9871165",12,30,18
"ANKRD11","s1680_S_LIV_01_ASEReadCounter.table","NW_015090842.1:9871820",4,5,1
"ANKRD11","s1680_S_LIV_01_ASEReadCounter.table","NW_015090842.1:9871994",10,10,0
"ANKRD11","s1680_S_LIV_01_ASEReadCounter.table","NW_015090842.1:9872118",4,10,6
"SPG7","s1680_S_LIV_01_ASEReadCounter.table","NW_015090842.1:10051190",37,72,35
"SPG7","s1680_S_LIV_01_ASEReadCounter.table","NW_015090842.1:10051218",45,93,48
"SPG7","s1680_S_LIV_01_ASEReadCounter.table","NW_015090842.1:10052348",71,118,47
"SPG7","s1680_S_LIV_01_ASEReadCounter.table","NW_015090842.1:10052366",69,118,49
"SPG7","s1680_S_LIV_01_ASEReadCounter.table","NW_015090842.1:10065173",58,118,60
"SPG7","s1680_S_LIV_01_ASEReadCounter.table","NW_015090842.1:10065215",52,116,64
"SPG7","s1680_S_LIV_01_ASEReadCounter.table","NW_015090842.1:10066301",46,94,48
"SPG7","s1680_S_LIV_01_ASEReadCounter.table","NW_015090842.1:10066365",44,87,43
"SPG7","s1680_S_LIV_01_ASEReadCounter.table","NW_015090842.1:10069752",52,109,57
"SPG7","s1680_S_LIV_01_ASEReadCounter.table","NW_015090842.1:10069800",53,98,45
"SPG7","s1680_S_LIV_01_ASEReadCounter.table","NW_015090842.1:10071192",55,101,46
"SPG7","s1680_S_LIV_01_ASEReadCounter.table","NW_015090842.1:10071204",57,100,43
"SPG7","s1680_S_LIV_01_ASEReadCounter.table","NW_015090842.1:10071219",55,95,40
"SPG7","s1680_S_LIV_01_ASEReadCounter.table","NW_015090842.1:10071967",46,85,39
"SPG7","s1680_S_LIV_01_ASEReadCounter.table","NW_015090842.1:10075109",81,158,77
"SPG7","s1680_S_LIV_01_ASEReadCounter.table","NW_015090842.1:10075114",84,159,75
"SPG7","s1680_S_LIV_01_ASEReadCounter.table","NW_015090842.1:10075198",78,140,62
"SPG7","s1680_S_LIV_01_ASEReadCounter.table","NW_015090842.1:10075487",49,116,67
"SPG7","s1680_S_LIV_01_ASEReadCounter.table","NW_015090842.1:10075488",49,116,67
"SPG7","s1680_S_LIV_01_ASEReadCounter.table","NW_015090842.1:10075548",38,80,42
"RPL13","s1680_S_LIV_01_ASEReadCounter.table","NW_015090842.1:10076979",0,2,2
"RPL13","s1680_S_LIV_01_ASEReadCounter.table","NW_015090842.1:10077387",1346,2677,1331
"RPL13","s1680_S_LIV_01_ASEReadCounter.table","NW_015090842.1:10077978",1925,3770,1845
"RPL13","s1680_S_LIV_01_ASEReadCounter.table","NW_015090842.1:10077992",1905,3627,1722
"LOC106888185","s1680_S_LIV_01_ASEReadCounter.table","NW_015090842.1:10094965",7,25,18
"LOC106888185","s1680_S_LIV_01_ASEReadCounter.table","NW_015090842.1:10094966",7,24,17
"LOC106888185","s1680_S_LIV_01_ASEReadCounter.table","NW_015090842.1:10094985",7,25,18
"LOC106888185","s1680_S_LIV_01_ASEReadCounter.table","NW_015090842.1:10095055",0,17,17
"LOC106888185","s1680_S_LIV_01_ASEReadCounter.table","NW_015090842.1:10095062",0,13,13
"LOC106888185","s1680_S_LIV_01_ASEReadCounter.table","NW_015090842.1:10095130",0,18,18
"LOC106888185","s1680_S_LIV_01_ASEReadCounter.table","NW_015090842.1:10095265",26,58,32
"LOC106888185","s1680_S_LIV_01_ASEReadCounter.table","NW_015090842.1:10095586",28,75,47
"LOC106888185","s1680_S_LIV_01_ASEReadCounter.table","NW_015090842.1:10095593",28,70,42
"LOC106888185","s1680_S_LIV_01_ASEReadCounter.table","NW_015090842.1:10095616",30,71,41
"LOC106888185","s1680_S_LIV_01_ASEReadCounter.table","NW_015090842.1:10095662",24,56,32
"LOC106888185","s1680_S_LIV_01_ASEReadCounter.table","NW_015090842.1:10095674",23,56,33
"LOC106888185","s1680_S_LIV_01_ASEReadCounter.table","NW_015090842.1:10095786",28,51,23
"LOC106888185","s1680_S_LIV_01_ASEReadCounter.table","NW_015090842.1:10095831",27,50,23
"LOC106888185","s1680_S_LIV_01_ASEReadCounter.table","NW_015090842.1:10096230",27,59,32
"LOC106888185","s1680_S_LIV_01_ASEReadCounter.table","NW_015090842.1:10096249",29,60,31
"LOC106888185","s1680_S_LIV_01_ASEReadCounter.table","NW_015090842.1:10096272",39,73,34
"LOC106888185","s1680_S_LIV_01_ASEReadCounter.table","NW_015090842.1:10096288",38,69,31
"LOC106888185","s1680_S_LIV_01_ASEReadCounter.table","NW_015090842.1:10097248",33,67,34
"LOC106888185","s1680_S_LIV_01_ASEReadCounter.table","NW_015090842.1:10097265",40,78,38
"LOC106888185","s1680_S_LIV_01_ASEReadCounter.table","NW_015090842.1:10097446",6,12,6
"DPEP1","s1680_S_LIV_01_ASEReadCounter.table","NW_015090842.1:10098017",1,1,0
"DPEP1","s1680_S_LIV_01_ASEReadCounter.table","NW_015090842.1:10098518",66,75,9
"DPEP1","s1680_S_LIV_01_ASEReadCounter.table","NW_015090842.1:10098595",132,141,9
"DPEP1","s1680_S_LIV_01_ASEReadCounter.table","NW_015090842.1:10098597",132,141,9
"DPEP1","s1680_S_LIV_01_ASEReadCounter.table","NW_015090842.1:10098601",132,141,9
"DPEP1","s1680_S_LIV_01_ASEReadCounter.table","NW_015090842.1:10098608",128,136,8
"DPEP1","s1680_S_LIV_01_ASEReadCounter.table","NW_015090842.1:10098630",110,121,11
"DPEP1","s1680_S_LIV_01_ASEReadCounter.table","NW_015090842.1:10098659",115,129,14
"DPEP1","s1680_S_LIV_01_ASEReadCounter.table","NW_015090842.1:10099765",137,156,19
"DPEP1","s1680_S_LIV_01_ASEReadCounter.table","NW_015090842.1:10099985",145,162,17
"DPEP1","s1680_S_LIV_01_ASEReadCounter.table","NW_015090842.1:10099986",144,162,18
"DPEP1","s1680_S_LIV_01_ASEReadCounter.table","NW_015090842.1:10099991",146,165,19
"DPEP1","s1680_S_LIV_01_ASEReadCounter.table","NW_015090842.1:10100044",201,217,16
"DPEP1","s1680_S_LIV_01_ASEReadCounter.table","NW_015090842.1:10100045",200,216,16
"DPEP1","s1680_S_LIV_01_ASEReadCounter.table","NW_015090842.1:10100084",207,223,16
"DPEP1","s1680_S_LIV_01_ASEReadCounter.table","NW_015090842.1:10100295",199,214,15
"DPEP1","s1680_S_LIV_01_ASEReadCounter.table","NW_015090842.1:10100529",161,181,20
"DPEP1","s1680_S_LIV_01_ASEReadCounter.table","NW_015090842.1:10100893",230,260,30
"DPEP1","s1680_S_LIV_01_ASEReadCounter.table","NW_015090842.1:10100902",225,257,32
"DPEP1","s1680_S_LIV_01_ASEReadCounter.table","NW_015090842.1:10101072",180,211,31
"DPEP1","s1680_S_LIV_01_ASEReadCounter.table","NW_015090842.1:10101199",214,240,26
"DPEP1","s1680_S_LIV_01_ASEReadCounter.table","NW_015090842.1:10101483",168,198,30
"DPEP1","s1680_S_LIV_01_ASEReadCounter.table","NW_015090842.1:10101497",174,205,31
"DPEP1","s1680_S_LIV_01_ASEReadCounter.table","NW_015090842.1:10101525",191,225,34
"DPEP1","s1680_S_LIV_01_ASEReadCounter.table","NW_015090842.1:10101875",216,241,25
"DPEP1","s1680_S_LIV_01_ASEReadCounter.table","NW_015090842.1:10101913",191,209,18
"DPEP1","s1680_S_LIV_01_ASEReadCounter.table","NW_015090842.1:10101996",143,157,14
"DPEP1","s1680_S_LIV_01_ASEReadCounter.table","NW_015090842.1:10102014",126,139,13
"DPEP1","s1680_S_LIV_01_ASEReadCounter.table","NW_015090842.1:10102035",104,114,10
"DPEP1","s1680_S_LIV_01_ASEReadCounter.table","NW_015090842.1:10102076",16,19,3
"DPEP1","s1680_S_LIV_01_ASEReadCounter.table","NW_015090842.1:10102077",15,18,3
"CHMP1A","s1680_S_LIV_01_ASEReadCounter.table","NW_015090842.1:10102901",32,89,57
"CHMP1A","s1680_S_LIV_01_ASEReadCounter.table","NW_015090842.1:10102961",25,98,73
"CHMP1A","s1680_S_LIV_01_ASEReadCounter.table","NW_015090842.1:10102996",21,80,59
"CHMP1A","s1680_S_LIV_01_ASEReadCounter.table","NW_015090842.1:10103004",23,81,58
"CHMP1A","s1680_S_LIV_01_ASEReadCounter.table","NW_015090842.1:10103006",23,86,63
"CHMP1A","s1680_S_LIV_01_ASEReadCounter.table","NW_015090842.1:10103052",35,94,59
"CHMP1A","s1680_S_LIV_01_ASEReadCounter.table","NW_015090842.1:10103095",28,86,58
"CHMP1A","s1680_S_LIV_01_ASEReadCounter.table","NW_015090842.1:10103096",28,88,60
"CHMP1A","s1680_S_LIV_01_ASEReadCounter.table","NW_015090842.1:10103152",26,69,43
"CHMP1A","s1680_S_LIV_01_ASEReadCounter.table","NW_015090842.1:10103334",37,68,31
"CHMP1A","s1680_S_LIV_01_ASEReadCounter.table","NW_015090842.1:10103373",20,64,44
"CHMP1A","s1680_S_LIV_01_ASEReadCounter.table","NW_015090842.1:10103408",26,66,40
"CHMP1A","s1680_S_LIV_01_ASEReadCounter.table","NW_015090842.1:10103412",31,72,41
"CHMP1A","s1680_S_LIV_01_ASEReadCounter.table","NW_015090842.1:10103512",38,77,39
"CHMP1A","s1680_S_LIV_01_ASEReadCounter.table","NW_015090842.1:10103513",39,78,39
"CHMP1A","s1680_S_LIV_01_ASEReadCounter.table","NW_015090842.1:10103583",20,40,20
"CHMP1A","s1680_S_LIV_01_ASEReadCounter.table","NW_015090842.1:10103614",19,48,29
"CHMP1A","s1680_S_LIV_01_ASEReadCounter.table","NW_015090842.1:10103657",20,60,40
"CHMP1A","s1680_S_LIV_01_ASEReadCounter.table","NW_015090842.1:10103669",16,58,42
"CHMP1A","s1680_S_LIV_01_ASEReadCounter.table","NW_015090842.1:10103674",16,56,40
"CHMP1A","s1680_S_LIV_01_ASEReadCounter.table","NW_015090842.1:10103677",16,56,40
"CHMP1A","s1680_S_LIV_01_ASEReadCounter.table","NW_015090842.1:10103729",26,69,43
"CHMP1A","s1680_S_LIV_01_ASEReadCounter.table","NW_015090842.1:10103758",28,61,33
"CHMP1A","s1680_S_LIV_01_ASEReadCounter.table","NW_015090842.1:10103761",27,58,31
"CHMP1A","s1680_S_LIV_01_ASEReadCounter.table","NW_015090842.1:10103788",35,81,46
"CHMP1A","s1680_S_LIV_01_ASEReadCounter.table","NW_015090842.1:10103789",34,79,45
"CHMP1A","s1680_S_LIV_01_ASEReadCounter.table","NW_015090842.1:10103790",34,79,45
"CHMP1A","s1680_S_LIV_01_ASEReadCounter.table","NW_015090842.1:10103950",34,81,47
"CHMP1A","s1680_S_LIV_01_ASEReadCounter.table","NW_015090842.1:10104335",20,47,27
"CHMP1A","s1680_S_LIV_01_ASEReadCounter.table","NW_015090842.1:10104429",36,86,50
"CHMP1A","s1680_S_LIV_01_ASEReadCounter.table","NW_015090842.1:10104532",44,82,38
"CHMP1A","s1680_S_LIV_01_ASEReadCounter.table","NW_015090842.1:10104633",27,65,38
"CHMP1A","s1680_S_LIV_01_ASEReadCounter.table","NW_015090842.1:10104759",28,66,38
"CHMP1A","s1680_S_LIV_01_ASEReadCounter.table","NW_015090842.1:10104794",29,68,39
"CHMP1A","s1680_S_LIV_01_ASEReadCounter.table","NW_015090842.1:10104844",24,63,39
"CHMP1A","s1680_S_LIV_01_ASEReadCounter.table","NW_015090842.1:10106290",23,57,34
"CHMP1A","s1680_S_LIV_01_ASEReadCounter.table","NW_015090842.1:10106335",22,61,39
"CHMP1A","s1680_S_LIV_01_ASEReadCounter.table","NW_015090842.1:10106383",25,65,40
"CHMP1A","s1680_S_LIV_01_ASEReadCounter.table","NW_015090842.1:10106747",35,73,38
"CHMP1A","s1680_S_LIV_01_ASEReadCounter.table","NW_015090842.1:10107404",33,77,44
"CHMP1A","s1680_S_LIV_01_ASEReadCounter.table","NW_015090842.1:10107410",33,74,41
"CHMP1A","s1680_S_LIV_01_ASEReadCounter.table","NW_015090842.1:10107876",35,73,38
"CDK10","s1680_S_LIV_01_ASEReadCounter.table","NW_015090842.1:10109030",6,6,0
"CDK10","s1680_S_LIV_01_ASEReadCounter.table","NW_015090842.1:10109963",16,51,35
"CDK10","s1680_S_LIV_01_ASEReadCounter.table","NW_015090842.1:10110887",19,44,25
"CDK10","s1680_S_LIV_01_ASEReadCounter.table","NW_015090842.1:10111254",9,34,25
"CDK10","s1680_S_LIV_01_ASEReadCounter.table","NW_015090842.1:10111380",10,35,25
"CDK10","s1680_S_LIV_01_ASEReadCounter.table","NW_015090842.1:10111395",11,36,25
"CDK10","s1680_S_LIV_01_ASEReadCounter.table","NW_015090842.1:10111437",8,34,26
"CDK10","s1680_S_LIV_01_ASEReadCounter.table","NW_015090842.1:10111798",18,57,39
"CDK10","s1680_S_LIV_01_ASEReadCounter.table","NW_015090842.1:10111840",16,43,27
"CDK10","s1680_S_LIV_01_ASEReadCounter.table","NW_015090842.1:10112031",8,37,29
"CDK10","s1680_S_LIV_01_ASEReadCounter.table","NW_015090842.1:10112285",14,41,27
"CDK10","s1680_S_LIV_01_ASEReadCounter.table","NW_015090842.1:10112398",16,47,31
"CDK10","s1680_S_LIV_01_ASEReadCounter.table","NW_015090842.1:10112455",11,39,28
"CDK10","s1680_S_LIV_01_ASEReadCounter.table","NW_015090842.1:10112461",11,37,26
"CDK10","s1680_S_LIV_01_ASEReadCounter.table","NW_015090842.1:10112497",10,30,20
"CDK10","s1680_S_LIV_01_ASEReadCounter.table","NW_015090842.1:10112508",9,31,22
"CDK10","s1680_S_LIV_01_ASEReadCounter.table","NW_015090842.1:10112518",9,29,20
"CDK10","s1680_S_LIV_01_ASEReadCounter.table","NW_015090842.1:10112540",1,19,18
"CDK10","s1680_S_LIV_01_ASEReadCounter.table","NW_015090842.1:10112556",5,25,20
"CDK10","s1680_S_LIV_01_ASEReadCounter.table","NW_015090842.1:10112561",7,34,27
"CDK10","s1680_S_LIV_01_ASEReadCounter.table","NW_015090842.1:10112596",13,37,24
"CDK10","s1680_S_LIV_01_ASEReadCounter.table","NW_015090842.1:10112630",12,32,20
"CDK10","s1680_S_LIV_01_ASEReadCounter.table","NW_015090842.1:10112656",10,30,20
"CDK10","s1680_S_LIV_01_ASEReadCounter.table","NW_015090842.1:10112665",5,18,13
"CDK10","s1680_S_LIV_01_ASEReadCounter.table","NW_015090842.1:10112668",5,18,13
"CDK10","s1680_S_LIV_01_ASEReadCounter.table","NW_015090842.1:10112781",3,8,5
"CDK10","s1680_S_LIV_01_ASEReadCounter.table","NW_015090842.1:10112782",3,8,5
"CDK10","s1680_S_LIV_01_ASEReadCounter.table","NW_015090842.1:10112795",3,8,5
"CDK10","s1680_S_LIV_01_ASEReadCounter.table","NW_015090842.1:10112841",3,5,2
"CDK10","s1680_S_LIV_01_ASEReadCounter.table","NW_015090842.1:10112861",3,4,1
"SPATA2L","s1680_S_LIV_01_ASEReadCounter.table","NW_015090842.1:10113212",9,21,12
"SPATA2L","s1680_S_LIV_01_ASEReadCounter.table","NW_015090842.1:10113280",8,22,14
"SPATA2L","s1680_S_LIV_01_ASEReadCounter.table","NW_015090842.1:10113296",9,22,13
"SPATA2L","s1680_S_LIV_01_ASEReadCounter.table","NW_015090842.1:10113321",11,25,14
"SPATA2L","s1680_S_LIV_01_ASEReadCounter.table","NW_015090842.1:10113332",12,27,15
"SPATA2L","s1680_S_LIV_01_ASEReadCounter.table","NW_015090842.1:10113380",14,29,15
"SPATA2L","s1680_S_LIV_01_ASEReadCounter.table","NW_015090842.1:10113381",14,30,16
"SPATA2L","s1680_S_LIV_01_ASEReadCounter.table","NW_015090842.1:10113412",12,30,18
"SPATA2L","s1680_S_LIV_01_ASEReadCounter.table","NW_015090842.1:10113421",12,30,18
"SPATA2L","s1680_S_LIV_01_ASEReadCounter.table","NW_015090842.1:10113465",7,22,15
"SPATA2L","s1680_S_LIV_01_ASEReadCounter.table","NW_015090842.1:10113535",7,22,15
"SPATA2L","s1680_S_LIV_01_ASEReadCounter.table","NW_015090842.1:10113645",18,43,25
"SPATA2L","s1680_S_LIV_01_ASEReadCounter.table","NW_015090842.1:10113682",17,47,30
"SPATA2L","s1680_S_LIV_01_ASEReadCounter.table","NW_015090842.1:10113696",18,45,27
"SPATA2L","s1680_S_LIV_01_ASEReadCounter.table","NW_015090842.1:10113727",15,45,30
"SPATA2L","s1680_S_LIV_01_ASEReadCounter.table","NW_015090842.1:10113729",44,44,0
"SPATA2L","s1680_S_LIV_01_ASEReadCounter.table","NW_015090842.1:10113799",19,51,32
"SPATA2L","s1680_S_LIV_01_ASEReadCounter.table","NW_015090842.1:10113809",22,55,33
"SPATA2L","s1680_S_LIV_01_ASEReadCounter.table","NW_015090842.1:10113827",24,56,32
"SPATA2L","s1680_S_LIV_01_ASEReadCounter.table","NW_015090842.1:10113831",24,55,31
"SPATA2L","s1680_S_LIV_01_ASEReadCounter.table","NW_015090842.1:10113894",17,40,23
"SPATA2L","s1680_S_LIV_01_ASEReadCounter.table","NW_015090842.1:10113905",13,35,22
"SPATA2L","s1680_S_LIV_01_ASEReadCounter.table","NW_015090842.1:10113914",15,38,23
"SPATA2L","s1680_S_LIV_01_ASEReadCounter.table","NW_015090842.1:10113920",15,42,27
"SPATA2L","s1680_S_LIV_01_ASEReadCounter.table","NW_015090842.1:10113937",12,42,30
"SPATA2L","s1680_S_LIV_01_ASEReadCounter.table","NW_015090842.1:10113971",15,41,26
"SPATA2L","s1680_S_LIV_01_ASEReadCounter.table","NW_015090842.1:10113976",13,40,27
"SPATA2L","s1680_S_LIV_01_ASEReadCounter.table","NW_015090842.1:10113985",16,40,24
"SPATA2L","s1680_S_LIV_01_ASEReadCounter.table","NW_015090842.1:10113994",19,44,25
"SPATA2L","s1680_S_LIV_01_ASEReadCounter.table","NW_015090842.1:10114063",22,43,21
"SPATA2L","s1680_S_LIV_01_ASEReadCounter.table","NW_015090842.1:10114066",21,42,21
"SPATA2L","s1680_S_LIV_01_ASEReadCounter.table","NW_015090842.1:10114069",21,40,19
"SPATA2L","s1680_S_LIV_01_ASEReadCounter.table","NW_015090842.1:10114159",12,33,21
"SPATA2L","s1680_S_LIV_01_ASEReadCounter.table","NW_015090842.1:10114262",37,37,0
"SPATA2L","s1680_S_LIV_01_ASEReadCounter.table","NW_015090842.1:10114470",11,31,20
"SPATA2L","s1680_S_LIV_01_ASEReadCounter.table","NW_015090842.1:10114524",12,29,17
"VPS9D1","s1680_S_LIV_01_ASEReadCounter.table","NW_015090842.1:10116377",5,9,4
"VPS9D1","s1680_S_LIV_01_ASEReadCounter.table","NW_015090842.1:10116415",2,8,6
"VPS9D1","s1680_S_LIV_01_ASEReadCounter.table","NW_015090842.1:10116607",2,5,3
"VPS9D1","s1680_S_LIV_01_ASEReadCounter.table","NW_015090842.1:10116821",3,6,3
"VPS9D1","s1680_S_LIV_01_ASEReadCounter.table","NW_015090842.1:10116825",3,6,3
"VPS9D1","s1680_S_LIV_01_ASEReadCounter.table","NW_015090842.1:10116882",4,8,4
"VPS9D1","s1680_S_LIV_01_ASEReadCounter.table","NW_015090842.1:10116933",2,8,6
"VPS9D1","s1680_S_LIV_01_ASEReadCounter.table","NW_015090842.1:10116942",2,8,6
"VPS9D1","s1680_S_LIV_01_ASEReadCounter.table","NW_015090842.1:10117152",4,9,5
"VPS9D1","s1680_S_LIV_01_ASEReadCounter.table","NW_015090842.1:10117480",2,5,3
"VPS9D1","s1680_S_LIV_01_ASEReadCounter.table","NW_015090842.1:10117497",2,5,3
"VPS9D1","s1680_S_LIV_01_ASEReadCounter.table","NW_015090842.1:10117499",2,6,4
"VPS9D1","s1680_S_LIV_01_ASEReadCounter.table","NW_015090842.1:10117516",3,8,5
"VPS9D1","s1680_S_LIV_01_ASEReadCounter.table","NW_015090842.1:10117525",2,6,4
"VPS9D1","s1680_S_LIV_01_ASEReadCounter.table","NW_015090842.1:10117579",4,7,3
"VPS9D1","s1680_S_LIV_01_ASEReadCounter.table","NW_015090842.1:10117627",5,6,1
"VPS9D1","s1680_S_LIV_01_ASEReadCounter.table","NW_015090842.1:10117678",4,7,3
"VPS9D1","s1680_S_LIV_01_ASEReadCounter.table","NW_015090842.1:10117773",7,12,5
"VPS9D1","s1680_S_LIV_01_ASEReadCounter.table","NW_015090842.1:10117937",7,13,6
"VPS9D1","s1680_S_LIV_01_ASEReadCounter.table","NW_015090842.1:10117961",6,11,5
"VPS9D1","s1680_S_LIV_01_ASEReadCounter.table","NW_015090842.1:10118236",7,12,5
"VPS9D1","s1680_S_LIV_01_ASEReadCounter.table","NW_015090842.1:10118414",7,13,6
"VPS9D1","s1680_S_LIV_01_ASEReadCounter.table","NW_015090842.1:10118973",4,6,2
"VPS9D1","s1680_S_LIV_01_ASEReadCounter.table","NW_015090842.1:10119500",2,5,3
"ZNF276","s1680_S_LIV_01_ASEReadCounter.table","NW_015090842.1:10121760",3,5,2
"ZNF276","s1680_S_LIV_01_ASEReadCounter.table","NW_015090842.1:10121769",3,5,2
"ZNF276","s1680_S_LIV_01_ASEReadCounter.table","NW_015090842.1:10121802",2,6,4
"ZNF276","s1680_S_LIV_01_ASEReadCounter.table","NW_015090842.1:10121971",2,5,3
"ZNF276","s1680_S_LIV_01_ASEReadCounter.table","NW_015090842.1:10122161",10,10,0
"ZNF276","s1680_S_LIV_01_ASEReadCounter.table","NW_015090842.1:10122164",10,10,0
"ZNF276","s1680_S_LIV_01_ASEReadCounter.table","NW_015090842.1:10122184",12,12,0
"ZNF276","s1680_S_LIV_01_ASEReadCounter.table","NW_015090842.1:10122883",2,3,1
"ZNF276","s1680_S_LIV_01_ASEReadCounter.table","NW_015090842.1:10122997",5,10,5
"ZNF276","s1680_S_LIV_01_ASEReadCounter.table","NW_015090842.1:10123069",6,10,4
"ZNF276","s1680_S_LIV_01_ASEReadCounter.table","NW_015090842.1:10123207",10,20,10
"ZNF276","s1680_S_LIV_01_ASEReadCounter.table","NW_015090842.1:10125787",8,18,10
"ZNF276","s1680_S_LIV_01_ASEReadCounter.table","NW_015090842.1:10126309",10,15,5
"ZNF276","s1680_S_LIV_01_ASEReadCounter.table","NW_015090842.1:10126348",9,15,6
"ZNF276","s1680_S_LIV_01_ASEReadCounter.table","NW_015090842.1:10126978",9,11,2
"ZNF276","s1680_S_LIV_01_ASEReadCounter.table","NW_015090842.1:10126991",9,14,5
"ZNF276","s1680_S_LIV_01_ASEReadCounter.table","NW_015090842.1:10127023",9,16,7
"ZNF276","s1680_S_LIV_01_ASEReadCounter.table","NW_015090842.1:10127063",8,15,7
"ZNF276","s1680_S_LIV_01_ASEReadCounter.table","NW_015090842.1:10127373",8,15,7
"ZNF276","s1680_S_LIV_01_ASEReadCounter.table","NW_015090842.1:10127931",13,21,8
"ZNF276","s1680_S_LIV_01_ASEReadCounter.table","NW_015090842.1:10128070",12,22,10
"ZNF276","s1680_S_LIV_01_ASEReadCounter.table","NW_015090842.1:10128102",12,19,7
"ZNF276","s1680_S_LIV_01_ASEReadCounter.table","NW_015090842.1:10128356",10,17,7
"ZNF276","s1680_S_LIV_01_ASEReadCounter.table","NW_015090842.1:10128497",9,17,8
"FANCA","s1680_S_LIV_01_ASEReadCounter.table","NW_015090842.1:10128743",4,4,0
"FANCA","s1680_S_LIV_01_ASEReadCounter.table","NW_015090842.1:10128822",3,4,1
"FANCA","s1680_S_LIV_01_ASEReadCounter.table","NW_015090842.1:10129383",2,2,0
"FANCA","s1680_S_LIV_01_ASEReadCounter.table","NW_015090842.1:10129390",2,2,0
"FANCA","s1680_S_LIV_01_ASEReadCounter.table","NW_015090842.1:10129422",2,2,0
"FANCA","s1680_S_LIV_01_ASEReadCounter.table","NW_015090842.1:10130399",0,1,1
"FANCA","s1680_S_LIV_01_ASEReadCounter.table","NW_015090842.1:10154490",1,1,0
"FANCA","s1680_S_LIV_01_ASEReadCounter.table","NW_015090842.1:10163667",1,1,0
"SPIRE2","s1680_S_LIV_01_ASEReadCounter.table","NW_015090842.1:10176561",0,1,1
"TCF25","s1680_S_LIV_01_ASEReadCounter.table","NW_015090842.1:10180912",28,48,20
"TCF25","s1680_S_LIV_01_ASEReadCounter.table","NW_015090842.1:10180924",29,49,20
"TCF25","s1680_S_LIV_01_ASEReadCounter.table","NW_015090842.1:10180931",29,46,17
"TCF25","s1680_S_LIV_01_ASEReadCounter.table","NW_015090842.1:10185332",88,153,65
"TCF25","s1680_S_LIV_01_ASEReadCounter.table","NW_015090842.1:10196561",60,110,50
"TCF25","s1680_S_LIV_01_ASEReadCounter.table","NW_015090842.1:10197399",145,145,0
"GAS8","s1680_S_LIV_01_ASEReadCounter.table","NW_015090842.1:10228982",4,15,11
"GAS8","s1680_S_LIV_01_ASEReadCounter.table","NW_015090842.1:10229832",5,8,3
"GAS8","s1680_S_LIV_01_ASEReadCounter.table","NW_015090842.1:10232901",2,9,7
"GAS8","s1680_S_LIV_01_ASEReadCounter.table","NW_015090842.1:10232928",3,7,4
"GAS8","s1680_S_LIV_01_ASEReadCounter.table","NW_015090842.1:10232967",3,8,5
"GAS8","s1680_S_LIV_01_ASEReadCounter.table","NW_015090842.1:10233032",2,5,3
"GAS8","s1680_S_LIV_01_ASEReadCounter.table","NW_015090842.1:10233057",1,2,1
"GAS8","s1680_S_LIV_01_ASEReadCounter.table","NW_015090842.1:10233058",1,2,1
"GAS8","s1680_S_LIV_01_ASEReadCounter.table","NW_015090842.1:10233176",2,5,3
"GAS8","s1680_S_LIV_01_ASEReadCounter.table","NW_015090842.1:10233196",2,5,3
"GAS8","s1680_S_LIV_01_ASEReadCounter.table","NW_015090842.1:10233252",0,2,2
"LOC106888094","s1680_S_LIV_01_ASEReadCounter.table","NW_015090842.1:10233334",20,66,46
"LOC106888094","s1680_S_LIV_01_ASEReadCounter.table","NW_015090842.1:10233362",48,152,104
"LOC106888094","s1680_S_LIV_01_ASEReadCounter.table","NW_015090842.1:10233373",50,163,113
"LOC106888094","s1680_S_LIV_01_ASEReadCounter.table","NW_015090842.1:10233388",62,193,131
"LOC106888094","s1680_S_LIV_01_ASEReadCounter.table","NW_015090842.1:10233402",70,198,128
"LOC106888094","s1680_S_LIV_01_ASEReadCounter.table","NW_015090842.1:10233465",85,257,172
"LOC106888094","s1680_S_LIV_01_ASEReadCounter.table","NW_015090842.1:10233803",95,325,230
"LOC106888094","s1680_S_LIV_01_ASEReadCounter.table","NW_015090842.1:10233815",97,303,206
"LOC106888094","s1680_S_LIV_01_ASEReadCounter.table","NW_015090842.1:10236098",4,8,4
"LOC106888094","s1680_S_LIV_01_ASEReadCounter.table","NW_015090842.1:10236161",0,7,7
"LOC106888094","s1680_S_LIV_01_ASEReadCounter.table","NW_015090842.1:10236380",0,1,1
"LOC106888094","s1680_S_LIV_01_ASEReadCounter.table","NW_015090842.1:10236388",1,1,0
"LOC106888094","s1680_S_LIV_01_ASEReadCounter.table","NW_015090842.1:10236425",0,1,1
"LOC106888094","s1680_S_LIV_01_ASEReadCounter.table","NW_015090842.1:10236426",0,1,1
"LOC106888173","s1680_S_LIV_01_ASEReadCounter.table","NW_015090842.1:10239596",1,1,0
"LOC106888173","s1680_S_LIV_01_ASEReadCounter.table","NW_015090842.1:10240036",0,1,1
"LOC106888173","s1680_S_LIV_01_ASEReadCounter.table","NW_015090842.1:10240557",0,1,1
"LOC106888173","s1680_S_LIV_01_ASEReadCounter.table","NW_015090842.1:10240603",0,2,2
"LOC106888173","s1680_S_LIV_01_ASEReadCounter.table","NW_015090842.1:10240609",0,2,2
"LOC106888173","s1680_S_LIV_01_ASEReadCounter.table","NW_015090842.1:10240924",1,3,2
"LOC106888173","s1680_S_LIV_01_ASEReadCounter.table","NW_015090842.1:10241037",0,2,2
"LOC106888173","s1680_S_LIV_01_ASEReadCounter.table","NW_015090842.1:10241046",0,2,2
"LOC106888173","s1680_S_LIV_01_ASEReadCounter.table","NW_015090842.1:10241058",0,1,1
"LOC106888173","s1680_S_LIV_01_ASEReadCounter.table","NW_015090842.1:10241064",0,1,1
"LOC106888173","s1680_S_LIV_01_ASEReadCounter.table","NW_015090842.1:10241163",0,2,2
"LOC106888173","s1680_S_LIV_01_ASEReadCounter.table","NW_015090842.1:10242079",0,1,1
"LOC106888173","s1680_S_LIV_01_ASEReadCounter.table","NW_015090842.1:10242103",1,3,2
"LOC106888173","s1680_S_LIV_01_ASEReadCounter.table","NW_015090842.1:10242157",1,3,2
"LOC106888173","s1680_S_LIV_01_ASEReadCounter.table","NW_015090842.1:10242455",1,3,2
"LOC106888173","s1680_S_LIV_01_ASEReadCounter.table","NW_015090842.1:10242481",1,3,2
"LOC106888173","s1680_S_LIV_01_ASEReadCounter.table","NW_015090842.1:10242590",0,2,2
"LOC106888173","s1680_S_LIV_01_ASEReadCounter.table","NW_015090842.1:10242794",1,4,3
"LOC106888173","s1680_S_LIV_01_ASEReadCounter.table","NW_015090842.1:10242909",2,2,0
"LOC106888173","s1680_S_LIV_01_ASEReadCounter.table","NW_015090842.1:10243094",0,1,1
"LOC106888173","s1680_S_LIV_01_ASEReadCounter.table","NW_015090842.1:10243133",1,2,1
"LOC106888173","s1680_S_LIV_01_ASEReadCounter.table","NW_015090842.1:10243273",2,3,1
"LOC106888173","s1680_S_LIV_01_ASEReadCounter.table","NW_015090842.1:10243278",1,2,1
"LOC106888173","s1680_S_LIV_01_ASEReadCounter.table","NW_015090842.1:10243281",1,2,1
"LOC106888173","s1680_S_LIV_01_ASEReadCounter.table","NW_015090842.1:10243347",3,8,5
"LOC106888173","s1680_S_LIV_01_ASEReadCounter.table","NW_015090842.1:10243353",1,8,7
"LOC106888173","s1680_S_LIV_01_ASEReadCounter.table","NW_015090842.1:10243363",2,8,6
"LOC106888173","s1680_S_LIV_01_ASEReadCounter.table","NW_015090842.1:10243365",1,8,7
"LOC106888173","s1680_S_LIV_01_ASEReadCounter.table","NW_015090842.1:10243529",16,16,0
"LOC106888173","s1680_S_LIV_01_ASEReadCounter.table","NW_015090842.1:10243566",19,19,0
"LOC106888173","s1680_S_LIV_01_ASEReadCounter.table","NW_015090842.1:10243605",2,19,17
"LOC106888173","s1680_S_LIV_01_ASEReadCounter.table","NW_015090842.1:10243614",2,18,16
"LOC106888173","s1680_S_LIV_01_ASEReadCounter.table","NW_015090842.1:10243615",2,18,16
"LOC106888173","s1680_S_LIV_01_ASEReadCounter.table","NW_015090842.1:10243640",12,12,0
"LOC106888173","s1680_S_LIV_01_ASEReadCounter.table","NW_015090842.1:10243680",1,2,1
"LOC106888173","s1680_S_LIV_01_ASEReadCounter.table","NW_015090842.1:10243742",2,3,1
"LOC106888173","s1680_S_LIV_01_ASEReadCounter.table","NW_015090842.1:10243804",2,3,1
"LOC106888173","s1680_S_LIV_01_ASEReadCounter.table","NW_015090842.1:10243913",0,1,1
"LOC106888173","s1680_S_LIV_01_ASEReadCounter.table","NW_015090842.1:10243921",0,1,1
"LOC106888384","s1680_S_LIV_01_ASEReadCounter.table","NW_015090842.1:10244714",11,26,15
"LOC106888384","s1680_S_LIV_01_ASEReadCounter.table","NW_015090842.1:10244998",23,50,27
"LOC106888384","s1680_S_LIV_01_ASEReadCounter.table","NW_015090842.1:10250743",23,63,40
"LOC106888384","s1680_S_LIV_01_ASEReadCounter.table","NW_015090842.1:10250771",28,61,33
"LOC106888384","s1680_S_LIV_01_ASEReadCounter.table","NW_015090842.1:10251343",41,41,0
"LOC106888384","s1680_S_LIV_01_ASEReadCounter.table","NW_015090842.1:10251344",41,41,0
"LOC106888384","s1680_S_LIV_01_ASEReadCounter.table","NW_015090842.1:10251349",37,37,0
"LOC106888384","s1680_S_LIV_01_ASEReadCounter.table","NW_015090842.1:10251354",36,36,0
"LOC106888384","s1680_S_LIV_01_ASEReadCounter.table","NW_015090842.1:10251358",36,36,0
"LOC106888384","s1680_S_LIV_01_ASEReadCounter.table","NW_015090842.1:10251369",14,29,15
"LOC106888384","s1680_S_LIV_01_ASEReadCounter.table","NW_015090842.1:10251370",28,28,0
"LOC106888384","s1680_S_LIV_01_ASEReadCounter.table","NW_015090842.1:10251375",27,27,0
"LOC106888384","s1680_S_LIV_01_ASEReadCounter.table","NW_015090842.1:10251388",18,18,0
"LOC106888384","s1680_S_LIV_01_ASEReadCounter.table","NW_015090842.1:10251390",17,17,0
"LOC106888384","s1680_S_LIV_01_ASEReadCounter.table","NW_015090842.1:10251393",18,18,0
"LOC106888384","s1680_S_LIV_01_ASEReadCounter.table","NW_015090842.1:10251399",20,20,0
"LOC106888384","s1680_S_LIV_01_ASEReadCounter.table","NW_015090842.1:10251492",25,25,0
"LOC106888384","s1680_S_LIV_01_ASEReadCounter.table","NW_015090842.1:10253165",56,123,67
"LOC106888384","s1680_S_LIV_01_ASEReadCounter.table","NW_015090842.1:10253284",58,108,50
"LOC106888384","s1680_S_LIV_01_ASEReadCounter.table","NW_015090842.1:10253605",60,122,62
"LOC106888384","s1680_S_LIV_01_ASEReadCounter.table","NW_015090842.1:10254028",76,144,68
"LOC106888384","s1680_S_LIV_01_ASEReadCounter.table","NW_015090842.1:10254227",66,125,59
"LOC106888384","s1680_S_LIV_01_ASEReadCounter.table","NW_015090842.1:10254233",67,129,62
"LOC106888384","s1680_S_LIV_01_ASEReadCounter.table","NW_015090842.1:10254263",78,157,79
"LOC106888384","s1680_S_LIV_01_ASEReadCounter.table","NW_015090842.1:10254293",77,145,68
"LOC106888384","s1680_S_LIV_01_ASEReadCounter.table","NW_015090842.1:10254570",76,155,79
"LOC106888384","s1680_S_LIV_01_ASEReadCounter.table","NW_015090842.1:10254647",38,77,39
"LOC106888384","s1680_S_LIV_01_ASEReadCounter.table","NW_015090842.1:10254663",30,63,33
"LOC106888384","s1680_S_LIV_01_ASEReadCounter.table","NW_015090842.1:10254840",19,53,34
"LOC106888384","s1680_S_LIV_01_ASEReadCounter.table","NW_015090842.1:10254854",61,61,0
"LOC106888384","s1680_S_LIV_01_ASEReadCounter.table","NW_015090842.1:10254891",89,89,0
"LOC106888384","s1680_S_LIV_01_ASEReadCounter.table","NW_015090842.1:10254900",29,86,57
"LOC106888384","s1680_S_LIV_01_ASEReadCounter.table","NW_015090842.1:10254915",27,88,61
"LOC106888384","s1680_S_LIV_01_ASEReadCounter.table","NW_015090842.1:10254965",55,55,0
"LOC106888384","s1680_S_LIV_01_ASEReadCounter.table","NW_015090842.1:10254975",19,59,40
"LOC106888384","s1680_S_LIV_01_ASEReadCounter.table","NW_015090842.1:10255077",47,116,69
"LOC106888384","s1680_S_LIV_01_ASEReadCounter.table","NW_015090842.1:10255117",37,97,60
"LOC106888384","s1680_S_LIV_01_ASEReadCounter.table","NW_015090842.1:10255138",36,94,58
"LOC106888384","s1680_S_LIV_01_ASEReadCounter.table","NW_015090842.1:10255139",36,92,56
"LOC106888384","s1680_S_LIV_01_ASEReadCounter.table","NW_015090842.1:10255209",49,121,72
"LOC106888384","s1680_S_LIV_01_ASEReadCounter.table","NW_015090842.1:10255211",53,124,71
"LOC106888384","s1680_S_LIV_01_ASEReadCounter.table","NW_015090842.1:10255236",54,128,74
"LOC106888384","s1680_S_LIV_01_ASEReadCounter.table","NW_015090842.1:10255262",47,117,70
"LOC106888384","s1680_S_LIV_01_ASEReadCounter.table","NW_015090842.1:10255264",47,126,79
"LOC106888384","s1680_S_LIV_01_ASEReadCounter.table","NW_015090842.1:10255306",69,152,83
"LOC106888384","s1680_S_LIV_01_ASEReadCounter.table","NW_015090842.1:10255340",80,188,108
"LOC106888384","s1680_S_LIV_01_ASEReadCounter.table","NW_015090842.1:10255410",93,195,102
"LOC106888384","s1680_S_LIV_01_ASEReadCounter.table","NW_015090842.1:10255449",81,162,81
"LOC106888384","s1680_S_LIV_01_ASEReadCounter.table","NW_015090842.1:10255496",81,181,100
"LOC106888384","s1680_S_LIV_01_ASEReadCounter.table","NW_015090842.1:10255505",61,153,92
"LOC106888384","s1680_S_LIV_01_ASEReadCounter.table","NW_015090842.1:10255531",86,182,96
"LOC106888384","s1680_S_LIV_01_ASEReadCounter.table","NW_015090842.1:10255608",111,192,81
"LOC106888384","s1680_S_LIV_01_ASEReadCounter.table","NW_015090842.1:10255614",104,177,73
"LOC106888384","s1680_S_LIV_01_ASEReadCounter.table","NW_015090842.1:10255704",91,158,67
"LOC106888384","s1680_S_LIV_01_ASEReadCounter.table","NW_015090842.1:10255731",83,141,58
"LOC106888384","s1680_S_LIV_01_ASEReadCounter.table","NW_015090842.1:10255771",45,67,22
"TANGO6","s1680_S_LIV_01_ASEReadCounter.table","NW_015090842.1:10257782",1,6,5
"TANGO6","s1680_S_LIV_01_ASEReadCounter.table","NW_015090842.1:10258162",2,13,11
"TANGO6","s1680_S_LIV_01_ASEReadCounter.table","NW_015090842.1:10258185",1,13,12
"TANGO6","s1680_S_LIV_01_ASEReadCounter.table","NW_015090842.1:10259267",4,12,8
"TANGO6","s1680_S_LIV_01_ASEReadCounter.table","NW_015090842.1:10260250",17,30,13
"TANGO6","s1680_S_LIV_01_ASEReadCounter.table","NW_015090842.1:10260979",7,13,6
"TANGO6","s1680_S_LIV_01_ASEReadCounter.table","NW_015090842.1:10261599",14,19,5
"TANGO6","s1680_S_LIV_01_ASEReadCounter.table","NW_015090842.1:10268425",20,40,20
"TANGO6","s1680_S_LIV_01_ASEReadCounter.table","NW_015090842.1:10269831",22,38,16
"TANGO6","s1680_S_LIV_01_ASEReadCounter.table","NW_015090842.1:10270813",22,37,15
"TANGO6","s1680_S_LIV_01_ASEReadCounter.table","NW_015090842.1:10273952",16,27,11
"TANGO6","s1680_S_LIV_01_ASEReadCounter.table","NW_015090842.1:10273970",14,29,15
"TANGO6","s1680_S_LIV_01_ASEReadCounter.table","NW_015090842.1:10274018",19,34,15
"TANGO6","s1680_S_LIV_01_ASEReadCounter.table","NW_015090842.1:10275974",11,25,14
"TANGO6","s1680_S_LIV_01_ASEReadCounter.table","NW_015090842.1:10275976",11,24,13
"TANGO6","s1680_S_LIV_01_ASEReadCounter.table","NW_015090842.1:10276123",18,29,11
"TANGO6","s1680_S_LIV_01_ASEReadCounter.table","NW_015090842.1:10276271",13,30,17
"TANGO6","s1680_S_LIV_01_ASEReadCounter.table","NW_015090842.1:10276272",13,29,16
"TANGO6","s1680_S_LIV_01_ASEReadCounter.table","NW_015090842.1:10276275",14,31,17
"TANGO6","s1680_S_LIV_01_ASEReadCounter.table","NW_015090842.1:10276278",14,31,17
"TANGO6","s1680_S_LIV_01_ASEReadCounter.table","NW_015090842.1:10276368",5,13,8
"TANGO6","s1680_S_LIV_01_ASEReadCounter.table","NW_015090842.1:10276373",6,12,6
"TANGO6","s1680_S_LIV_01_ASEReadCounter.table","NW_015090842.1:10276630",6,19,13
"TANGO6","s1680_S_LIV_01_ASEReadCounter.table","NW_015090842.1:10281498",12,26,14
"TANGO6","s1680_S_LIV_01_ASEReadCounter.table","NW_015090842.1:10282842",15,29,14
"TANGO6","s1680_S_LIV_01_ASEReadCounter.table","NW_015090842.1:10282863",18,25,7
"TANGO6","s1680_S_LIV_01_ASEReadCounter.table","NW_015090842.1:10282869",21,29,8
"TANGO6","s1680_S_LIV_01_ASEReadCounter.table","NW_015090842.1:10282903",27,41,14
"TANGO6","s1680_S_LIV_01_ASEReadCounter.table","NW_015090842.1:10283757",26,44,18
"TANGO6","s1680_S_LIV_01_ASEReadCounter.table","NW_015090842.1:10283785",30,52,22
"HAS3","s1680_S_LIV_01_ASEReadCounter.table","NW_015090842.1:10290561",1,1,0
"CHTF8","s1680_S_LIV_01_ASEReadCounter.table","NW_015090842.1:10291319",1,1,0
"CHTF8","s1680_S_LIV_01_ASEReadCounter.table","NW_015090842.1:10291342",4,4,0
"CHTF8","s1680_S_LIV_01_ASEReadCounter.table","NW_015090842.1:10291491",6,9,3
"CHTF8","s1680_S_LIV_01_ASEReadCounter.table","NW_015090842.1:10291520",7,12,5
"CHTF8","s1680_S_LIV_01_ASEReadCounter.table","NW_015090842.1:10291593",4,12,8
"CHTF8","s1680_S_LIV_01_ASEReadCounter.table","NW_015090842.1:10291600",3,12,9
"CHTF8","s1680_S_LIV_01_ASEReadCounter.table","NW_015090842.1:10291609",2,11,9
"CHTF8","s1680_S_LIV_01_ASEReadCounter.table","NW_015090842.1:10291639",6,14,8
"CHTF8","s1680_S_LIV_01_ASEReadCounter.table","NW_015090842.1:10291641",6,14,8
"CHTF8","s1680_S_LIV_01_ASEReadCounter.table","NW_015090842.1:10291648",9,17,8
"CHTF8","s1680_S_LIV_01_ASEReadCounter.table","NW_015090842.1:10291656",9,17,8
"CHTF8","s1680_S_LIV_01_ASEReadCounter.table","NW_015090842.1:10291675",13,21,8
"CHTF8","s1680_S_LIV_01_ASEReadCounter.table","NW_015090842.1:10291696",12,20,8
"CHTF8","s1680_S_LIV_01_ASEReadCounter.table","NW_015090842.1:10291714",16,22,6
"CHTF8","s1680_S_LIV_01_ASEReadCounter.table","NW_015090842.1:10291732",17,25,8
"CHTF8","s1680_S_LIV_01_ASEReadCounter.table","NW_015090842.1:10291755",12,20,8
"CHTF8","s1680_S_LIV_01_ASEReadCounter.table","NW_015090842.1:10291756",11,19,8
"CHTF8","s1680_S_LIV_01_ASEReadCounter.table","NW_015090842.1:10291758",12,20,8
"CHTF8","s1680_S_LIV_01_ASEReadCounter.table","NW_015090842.1:10291792",14,22,8
"CHTF8","s1680_S_LIV_01_ASEReadCounter.table","NW_015090842.1:10291895",10,17,7
"CHTF8","s1680_S_LIV_01_ASEReadCounter.table","NW_015090842.1:10292132",13,21,8
"CHTF8","s1680_S_LIV_01_ASEReadCounter.table","NW_015090842.1:10292314",10,16,6
"CHTF8","s1680_S_LIV_01_ASEReadCounter.table","NW_015090842.1:10292317",10,16,6
"CHTF8","s1680_S_LIV_01_ASEReadCounter.table","NW_015090842.1:10292928",2,3,1
"UTP4","s1680_S_LIV_01_ASEReadCounter.table","NW_015090842.1:10293146",18,58,40
"UTP4","s1680_S_LIV_01_ASEReadCounter.table","NW_015090842.1:10293151",18,59,41
"UTP4","s1680_S_LIV_01_ASEReadCounter.table","NW_015090842.1:10293191",14,42,28
"UTP4","s1680_S_LIV_01_ASEReadCounter.table","NW_015090842.1:10293362",16,51,35
"UTP4","s1680_S_LIV_01_ASEReadCounter.table","NW_015090842.1:10293430",26,68,42
"UTP4","s1680_S_LIV_01_ASEReadCounter.table","NW_015090842.1:10293625",17,49,32
"UTP4","s1680_S_LIV_01_ASEReadCounter.table","NW_015090842.1:10293684",22,52,30
"UTP4","s1680_S_LIV_01_ASEReadCounter.table","NW_015090842.1:10294093",30,65,35
"UTP4","s1680_S_LIV_01_ASEReadCounter.table","NW_015090842.1:10294568",27,69,42
"UTP4","s1680_S_LIV_01_ASEReadCounter.table","NW_015090842.1:10294622",21,63,42
"UTP4","s1680_S_LIV_01_ASEReadCounter.table","NW_015090842.1:10294632",19,61,42
"UTP4","s1680_S_LIV_01_ASEReadCounter.table","NW_015090842.1:10295238",19,53,34
"UTP4","s1680_S_LIV_01_ASEReadCounter.table","NW_015090842.1:10295880",17,59,42
"UTP4","s1680_S_LIV_01_ASEReadCounter.table","NW_015090842.1:10295884",16,62,46
"UTP4","s1680_S_LIV_01_ASEReadCounter.table","NW_015090842.1:10295903",16,56,40
"UTP4","s1680_S_LIV_01_ASEReadCounter.table","NW_015090842.1:10295906",16,56,40
"UTP4","s1680_S_LIV_01_ASEReadCounter.table","NW_015090842.1:10295915",16,55,39
"UTP4","s1680_S_LIV_01_ASEReadCounter.table","NW_015090842.1:10295938",15,53,38
"UTP4","s1680_S_LIV_01_ASEReadCounter.table","NW_015090842.1:10296175",14,47,33
"UTP4","s1680_S_LIV_01_ASEReadCounter.table","NW_015090842.1:10296660",27,65,38
"UTP4","s1680_S_LIV_01_ASEReadCounter.table","NW_015090842.1:10296679",27,66,39
"UTP4","s1680_S_LIV_01_ASEReadCounter.table","NW_015090842.1:10297193",28,77,49
"UTP4","s1680_S_LIV_01_ASEReadCounter.table","NW_015090842.1:10297220",32,76,44
"UTP4","s1680_S_LIV_01_ASEReadCounter.table","NW_015090842.1:10297307",32,78,46
"UTP4","s1680_S_LIV_01_ASEReadCounter.table","NW_015090842.1:10297558",30,88,58
"UTP4","s1680_S_LIV_01_ASEReadCounter.table","NW_015090842.1:10297943",22,70,48
"UTP4","s1680_S_LIV_01_ASEReadCounter.table","NW_015090842.1:10297979",21,58,37
"UTP4","s1680_S_LIV_01_ASEReadCounter.table","NW_015090842.1:10298022",16,47,31
"UTP4","s1680_S_LIV_01_ASEReadCounter.table","NW_015090842.1:10298079",2,18,16
"UTP4","s1680_S_LIV_01_ASEReadCounter.table","NW_015090842.1:10298081",2,14,12
"UTP4","s1680_S_LIV_01_ASEReadCounter.table","NW_015090842.1:10298082",2,15,13
"SNTB2","s1680_S_LIV_01_ASEReadCounter.table","NW_015090842.1:10298928",0,1,1
"SNTB2","s1680_S_LIV_01_ASEReadCounter.table","NW_015090842.1:10303506",11,16,5
"SNTB2","s1680_S_LIV_01_ASEReadCounter.table","NW_015090842.1:10303524",9,17,8
"SNTB2","s1680_S_LIV_01_ASEReadCounter.table","NW_015090842.1:10304059",5,15,10
"SNTB2","s1680_S_LIV_01_ASEReadCounter.table","NW_015090842.1:10304089",6,15,9
"SNTB2","s1680_S_LIV_01_ASEReadCounter.table","NW_015090842.1:10304167",6,14,8
"SNTB2","s1680_S_LIV_01_ASEReadCounter.table","NW_015090842.1:10304176",7,16,9
"SNTB2","s1680_S_LIV_01_ASEReadCounter.table","NW_015090842.1:10305069",7,12,5
"SNTB2","s1680_S_LIV_01_ASEReadCounter.table","NW_015090842.1:10305099",6,11,5
"SNTB2","s1680_S_LIV_01_ASEReadCounter.table","NW_015090842.1:10305451",5,14,9
"SNTB2","s1680_S_LIV_01_ASEReadCounter.table","NW_015090842.1:10305547",6,15,9
"SNTB2","s1680_S_LIV_01_ASEReadCounter.table","NW_015090842.1:10305847",8,16,8
"SNTB2","s1680_S_LIV_01_ASEReadCounter.table","NW_015090842.1:10305911",7,17,10
"SNTB2","s1680_S_LIV_01_ASEReadCounter.table","NW_015090842.1:10306173",8,26,18
"SNTB2","s1680_S_LIV_01_ASEReadCounter.table","NW_015090842.1:10306275",3,10,7
"SNTB2","s1680_S_LIV_01_ASEReadCounter.table","NW_015090842.1:10306457",2,9,7
"SNTB2","s1680_S_LIV_01_ASEReadCounter.table","NW_015090842.1:10306496",2,8,6
"SNTB2","s1680_S_LIV_01_ASEReadCounter.table","NW_015090842.1:10306499",2,7,5
"VPS4A","s1680_S_LIV_01_ASEReadCounter.table","NW_015090842.1:10308566",65,145,80
"VPS4A","s1680_S_LIV_01_ASEReadCounter.table","NW_015090842.1:10308573",67,154,87
"VPS4A","s1680_S_LIV_01_ASEReadCounter.table","NW_015090842.1:10308856",78,238,160
"VPS4A","s1680_S_LIV_01_ASEReadCounter.table","NW_015090842.1:10309056",103,280,177
"VPS4A","s1680_S_LIV_01_ASEReadCounter.table","NW_015090842.1:10309089",136,323,187
"VPS4A","s1680_S_LIV_01_ASEReadCounter.table","NW_015090842.1:10309392",124,290,166
"VPS4A","s1680_S_LIV_01_ASEReadCounter.table","NW_015090842.1:10309413",122,295,173
"VPS4A","s1680_S_LIV_01_ASEReadCounter.table","NW_015090842.1:10309467",137,347,210
"VPS4A","s1680_S_LIV_01_ASEReadCounter.table","NW_015090842.1:10310230",131,336,205
"VPS4A","s1680_S_LIV_01_ASEReadCounter.table","NW_015090842.1:10310425",139,313,174
"VPS4A","s1680_S_LIV_01_ASEReadCounter.table","NW_015090842.1:10310639",138,297,159
"VPS4A","s1680_S_LIV_01_ASEReadCounter.table","NW_015090842.1:10310640",141,302,161
"VPS4A","s1680_S_LIV_01_ASEReadCounter.table","NW_015090842.1:10310687",152,317,165
"VPS4A","s1680_S_LIV_01_ASEReadCounter.table","NW_015090842.1:10310734",129,257,128
"VPS4A","s1680_S_LIV_01_ASEReadCounter.table","NW_015090842.1:10310737",134,264,130
"VPS4A","s1680_S_LIV_01_ASEReadCounter.table","NW_015090842.1:10310746",131,268,137
"VPS4A","s1680_S_LIV_01_ASEReadCounter.table","NW_015090842.1:10310767",115,244,129
"VPS4A","s1680_S_LIV_01_ASEReadCounter.table","NW_015090842.1:10310995",129,268,139
"VPS4A","s1680_S_LIV_01_ASEReadCounter.table","NW_015090842.1:10311004",135,269,134
"VPS4A","s1680_S_LIV_01_ASEReadCounter.table","NW_015090842.1:10311007",135,274,139
"VPS4A","s1680_S_LIV_01_ASEReadCounter.table","NW_015090842.1:10311013",140,278,138
"VPS4A","s1680_S_LIV_01_ASEReadCounter.table","NW_015090842.1:10311022",128,268,140
"VPS4A","s1680_S_LIV_01_ASEReadCounter.table","NW_015090842.1:10311023",127,262,135
"VPS4A","s1680_S_LIV_01_ASEReadCounter.table","NW_015090842.1:10311426",142,318,176
"VPS4A","s1680_S_LIV_01_ASEReadCounter.table","NW_015090842.1:10311489",1,9,8
"VPS4A","s1680_S_LIV_01_ASEReadCounter.table","NW_015090842.1:10311490",2,6,4
"VPS4A","s1680_S_LIV_01_ASEReadCounter.table","NW_015090842.1:10311525",9,20,11
"VPS4A","s1680_S_LIV_01_ASEReadCounter.table","NW_015090842.1:10311529",10,23,13
"VPS4A","s1680_S_LIV_01_ASEReadCounter.table","NW_015090842.1:10311530",10,24,14
"VPS4A","s1680_S_LIV_01_ASEReadCounter.table","NW_015090842.1:10311552",23,45,22
"VPS4A","s1680_S_LIV_01_ASEReadCounter.table","NW_015090842.1:10311689",14,32,18
"VPS4A","s1680_S_LIV_01_ASEReadCounter.table","NW_015090842.1:10311700",18,37,19
"VPS4A","s1680_S_LIV_01_ASEReadCounter.table","NW_015090842.1:10311701",18,39,21
"VPS4A","s1680_S_LIV_01_ASEReadCounter.table","NW_015090842.1:10311703",18,41,23
"COG8","s1680_S_LIV_01_ASEReadCounter.table","NW_015090842.1:10313487",7,13,6
"COG8","s1680_S_LIV_01_ASEReadCounter.table","NW_015090842.1:10313559",9,20,11
"COG8","s1680_S_LIV_01_ASEReadCounter.table","NW_015090842.1:10313579",8,23,15
"COG8","s1680_S_LIV_01_ASEReadCounter.table","NW_015090842.1:10313665",5,17,12
"COG8","s1680_S_LIV_01_ASEReadCounter.table","NW_015090842.1:10313681",3,14,11
"COG8","s1680_S_LIV_01_ASEReadCounter.table","NW_015090842.1:10313768",14,31,17
"COG8","s1680_S_LIV_01_ASEReadCounter.table","NW_015090842.1:10313775",14,32,18
"COG8","s1680_S_LIV_01_ASEReadCounter.table","NW_015090842.1:10313811",14,29,15
"COG8","s1680_S_LIV_01_ASEReadCounter.table","NW_015090842.1:10313858",7,20,13
"COG8","s1680_S_LIV_01_ASEReadCounter.table","NW_015090842.1:10313859",19,19,0
"COG8","s1680_S_LIV_01_ASEReadCounter.table","NW_015090842.1:10314100",13,31,18
"COG8","s1680_S_LIV_01_ASEReadCounter.table","NW_015090842.1:10314213",12,27,15
"COG8","s1680_S_LIV_01_ASEReadCounter.table","NW_015090842.1:10315093",10,22,12
"COG8","s1680_S_LIV_01_ASEReadCounter.table","NW_015090842.1:10315162",6,26,20
"COG8","s1680_S_LIV_01_ASEReadCounter.table","NW_015090842.1:10315285",12,37,25
"COG8","s1680_S_LIV_01_ASEReadCounter.table","NW_015090842.1:10315360",10,21,11
"COG8","s1680_S_LIV_01_ASEReadCounter.table","NW_015090842.1:10315369",10,20,10
"COG8","s1680_S_LIV_01_ASEReadCounter.table","NW_015090842.1:10315508",5,13,8
"COG8","s1680_S_LIV_01_ASEReadCounter.table","NW_015090842.1:10315624",5,18,13
"COG8","s1680_S_LIV_01_ASEReadCounter.table","NW_015090842.1:10315693",6,11,5
"COG8","s1680_S_LIV_01_ASEReadCounter.table","NW_015090842.1:10315698",8,12,4
"COG8","s1680_S_LIV_01_ASEReadCounter.table","NW_015090842.1:10315768",8,11,3
"COG8","s1680_S_LIV_01_ASEReadCounter.table","NW_015090842.1:10315769",9,11,2
"COG8","s1680_S_LIV_01_ASEReadCounter.table","NW_015090842.1:10315784",8,9,1
"COG8","s1680_S_LIV_01_ASEReadCounter.table","NW_015090842.1:10316093",9,24,15
"COG8","s1680_S_LIV_01_ASEReadCounter.table","NW_015090842.1:10316133",8,19,11
"NIP7","s1680_S_LIV_01_ASEReadCounter.table","NW_015090842.1:10316759",25,56,31
"NIP7","s1680_S_LIV_01_ASEReadCounter.table","NW_015090842.1:10316967",176,331,155
"NIP7","s1680_S_LIV_01_ASEReadCounter.table","NW_015090842.1:10316995",191,361,170
"NIP7","s1680_S_LIV_01_ASEReadCounter.table","NW_015090842.1:10317240",247,450,203
"NIP7","s1680_S_LIV_01_ASEReadCounter.table","NW_015090842.1:10317247",239,438,199
"NIP7","s1680_S_LIV_01_ASEReadCounter.table","NW_015090842.1:10317264",207,392,185
"NIP7","s1680_S_LIV_01_ASEReadCounter.table","NW_015090842.1:10317433",237,478,241
"NIP7","s1680_S_LIV_01_ASEReadCounter.table","NW_015090842.1:10317738",227,423,196
"NIP7","s1680_S_LIV_01_ASEReadCounter.table","NW_015090842.1:10317769",220,410,190
"NIP7","s1680_S_LIV_01_ASEReadCounter.table","NW_015090842.1:10317808",152,291,139
"NIP7","s1680_S_LIV_01_ASEReadCounter.table","NW_015090842.1:10317870",87,188,101
"NIP7","s1680_S_LIV_01_ASEReadCounter.table","NW_015090842.1:10317871",88,184,96
"NIP7","s1680_S_LIV_01_ASEReadCounter.table","NW_015090842.1:10317898",61,120,59
"NIP7","s1680_S_LIV_01_ASEReadCounter.table","NW_015090842.1:10317911",57,103,46
"TMED6","s1680_S_LIV_01_ASEReadCounter.table","NW_015090842.1:10318514",3,3,0
"TMED6","s1680_S_LIV_01_ASEReadCounter.table","NW_015090842.1:10318731",6,8,2
"TERF2","s1680_S_LIV_01_ASEReadCounter.table","NW_015090842.1:10321768",13,30,17
"TERF2","s1680_S_LIV_01_ASEReadCounter.table","NW_015090842.1:10321777",16,34,18
"TERF2","s1680_S_LIV_01_ASEReadCounter.table","NW_015090842.1:10321805",14,37,23
"TERF2","s1680_S_LIV_01_ASEReadCounter.table","NW_015090842.1:10321878",17,45,28
"TERF2","s1680_S_LIV_01_ASEReadCounter.table","NW_015090842.1:10321893",0,43,43
"TERF2","s1680_S_LIV_01_ASEReadCounter.table","NW_015090842.1:10321897",13,40,27
"TERF2","s1680_S_LIV_01_ASEReadCounter.table","NW_015090842.1:10321908",12,35,23
"TERF2","s1680_S_LIV_01_ASEReadCounter.table","NW_015090842.1:10322001",11,45,34
"TERF2","s1680_S_LIV_01_ASEReadCounter.table","NW_015090842.1:10322035",6,26,20
"TERF2","s1680_S_LIV_01_ASEReadCounter.table","NW_015090842.1:10322051",6,27,21
"TERF2","s1680_S_LIV_01_ASEReadCounter.table","NW_015090842.1:10322137",8,35,27
"TERF2","s1680_S_LIV_01_ASEReadCounter.table","NW_015090842.1:10322144",7,31,24
"TERF2","s1680_S_LIV_01_ASEReadCounter.table","NW_015090842.1:10322388",15,41,26
"TERF2","s1680_S_LIV_01_ASEReadCounter.table","NW_015090842.1:10322396",16,41,25
"TERF2","s1680_S_LIV_01_ASEReadCounter.table","NW_015090842.1:10322502",20,37,17
"TERF2","s1680_S_LIV_01_ASEReadCounter.table","NW_015090842.1:10322504",18,38,20
"TERF2","s1680_S_LIV_01_ASEReadCounter.table","NW_015090842.1:10322510",19,41,22
"TERF2","s1680_S_LIV_01_ASEReadCounter.table","NW_015090842.1:10323580",23,52,29
"TERF2","s1680_S_LIV_01_ASEReadCounter.table","NW_015090842.1:10324314",16,41,25
"TERF2","s1680_S_LIV_01_ASEReadCounter.table","NW_015090842.1:10326832",23,45,22
"TERF2","s1680_S_LIV_01_ASEReadCounter.table","NW_015090842.1:10327787",14,34,20
"TERF2","s1680_S_LIV_01_ASEReadCounter.table","NW_015090842.1:10328588",15,29,14
"TERF2","s1680_S_LIV_01_ASEReadCounter.table","NW_015090842.1:10328644",13,24,11
"TERF2","s1680_S_LIV_01_ASEReadCounter.table","NW_015090842.1:10329813",6,19,13
"TERF2","s1680_S_LIV_01_ASEReadCounter.table","NW_015090842.1:10330749",9,22,13
"TERF2","s1680_S_LIV_01_ASEReadCounter.table","NW_015090842.1:10330789",7,21,14
"CYB5B","s1680_S_LIV_01_ASEReadCounter.table","NW_015090842.1:10336595",0,13,13
"CYB5B","s1680_S_LIV_01_ASEReadCounter.table","NW_015090842.1:10336667",51,132,81
"CYB5B","s1680_S_LIV_01_ASEReadCounter.table","NW_015090842.1:10336689",82,197,115
"CYB5B","s1680_S_LIV_01_ASEReadCounter.table","NW_015090842.1:10336728",124,283,159
"CYB5B","s1680_S_LIV_01_ASEReadCounter.table","NW_015090842.1:10345068",124,306,182
"CYB5B","s1680_S_LIV_01_ASEReadCounter.table","NW_015090842.1:10348800",156,399,243
"CYB5B","s1680_S_LIV_01_ASEReadCounter.table","NW_015090842.1:10349046",123,297,174
"CYB5B","s1680_S_LIV_01_ASEReadCounter.table","NW_015090842.1:10349119",69,231,162
"CYB5B","s1680_S_LIV_01_ASEReadCounter.table","NW_015090842.1:10349146",29,201,172
"CYB5B","s1680_S_LIV_01_ASEReadCounter.table","NW_015090842.1:10349157",55,237,182
"CYB5B","s1680_S_LIV_01_ASEReadCounter.table","NW_015090842.1:10349263",174,174,0
