"gene","id","snp","ref_count","total_count","alt_count"
"CENPN","s1680_S_GON_01_ASEReadCounter.table","NW_015090842.1:5801612",18,448,430
"CENPN","s1680_S_GON_01_ASEReadCounter.table","NW_015090842.1:5801618",39,476,437
"CENPN","s1680_S_GON_01_ASEReadCounter.table","NW_015090842.1:5801623",46,491,445
"CENPN","s1680_S_GON_01_ASEReadCounter.table","NW_015090842.1:5801631",64,518,454
"CENPN","s1680_S_GON_01_ASEReadCounter.table","NW_015090842.1:5801632",64,518,454
"CENPN","s1680_S_GON_01_ASEReadCounter.table","NW_015090842.1:5801655",60,397,337
"CENPN","s1680_S_GON_01_ASEReadCounter.table","NW_015090842.1:5801670",70,450,380
"CENPN","s1680_S_GON_01_ASEReadCounter.table","NW_015090842.1:5801674",70,453,383
"CENPN","s1680_S_GON_01_ASEReadCounter.table","NW_015090842.1:5801692",77,496,419
"CENPN","s1680_S_GON_01_ASEReadCounter.table","NW_015090842.1:5802008",78,955,877
"CENPN","s1680_S_GON_01_ASEReadCounter.table","NW_015090842.1:5802012",78,964,886
"CENPN","s1680_S_GON_01_ASEReadCounter.table","NW_015090842.1:5802087",114,1301,1187
"CENPN","s1680_S_GON_01_ASEReadCounter.table","NW_015090842.1:5810113",20,30,10
"CENPN","s1680_S_GON_01_ASEReadCounter.table","NW_015090842.1:5810147",35,41,6
"CENPN","s1680_S_GON_01_ASEReadCounter.table","NW_015090842.1:5810148",34,40,6
"ATMIN","s1680_S_GON_01_ASEReadCounter.table","NW_015090842.1:5818789",14,18,4
"ATMIN","s1680_S_GON_01_ASEReadCounter.table","NW_015090842.1:5819958",19,22,3
"ATMIN","s1680_S_GON_01_ASEReadCounter.table","NW_015090842.1:5820004",16,20,4
"ATMIN","s1680_S_GON_01_ASEReadCounter.table","NW_015090842.1:5820217",13,16,3
"ATMIN","s1680_S_GON_01_ASEReadCounter.table","NW_015090842.1:5820250",16,18,2
"ATMIN","s1680_S_GON_01_ASEReadCounter.table","NW_015090842.1:5820298",19,21,2
"ATMIN","s1680_S_GON_01_ASEReadCounter.table","NW_015090842.1:5820417",3,4,1
"ATMIN","s1680_S_GON_01_ASEReadCounter.table","NW_015090842.1:5820421",3,4,1
"ATMIN","s1680_S_GON_01_ASEReadCounter.table","NW_015090842.1:5820448",3,3,0
"ATMIN","s1680_S_GON_01_ASEReadCounter.table","NW_015090842.1:5820510",1,2,1
"ATMIN","s1680_S_GON_01_ASEReadCounter.table","NW_015090842.1:5820673",1,2,1
"ATMIN","s1680_S_GON_01_ASEReadCounter.table","NW_015090842.1:5820754",1,3,2
"ATMIN","s1680_S_GON_01_ASEReadCounter.table","NW_015090842.1:5820820",1,4,3
"ATMIN","s1680_S_GON_01_ASEReadCounter.table","NW_015090842.1:5820865",1,3,2
"ATMIN","s1680_S_GON_01_ASEReadCounter.table","NW_015090842.1:5820889",2,4,2
"ATMIN","s1680_S_GON_01_ASEReadCounter.table","NW_015090842.1:5820891",2,4,2
"ATMIN","s1680_S_GON_01_ASEReadCounter.table","NW_015090842.1:5820997",1,5,4
"ATMIN","s1680_S_GON_01_ASEReadCounter.table","NW_015090842.1:5821063",1,5,4
"ATMIN","s1680_S_GON_01_ASEReadCounter.table","NW_015090842.1:5821132",0,4,4
"ATMIN","s1680_S_GON_01_ASEReadCounter.table","NW_015090842.1:5821645",4,11,7
"ATMIN","s1680_S_GON_01_ASEReadCounter.table","NW_015090842.1:5825066",6,12,6
"ATMIN","s1680_S_GON_01_ASEReadCounter.table","NW_015090842.1:5825106",6,11,5
"ATMIN","s1680_S_GON_01_ASEReadCounter.table","NW_015090842.1:5825122",4,8,4
"ATMIN","s1680_S_GON_01_ASEReadCounter.table","NW_015090842.1:5825178",6,16,10
"ATMIN","s1680_S_GON_01_ASEReadCounter.table","NW_015090842.1:5825194",8,19,11
"ATMIN","s1680_S_GON_01_ASEReadCounter.table","NW_015090842.1:5825195",8,18,10
"ATMIN","s1680_S_GON_01_ASEReadCounter.table","NW_015090842.1:5825220",8,19,11
"ATMIN","s1680_S_GON_01_ASEReadCounter.table","NW_015090842.1:5825240",11,22,11
"ATMIN","s1680_S_GON_01_ASEReadCounter.table","NW_015090842.1:5825303",11,16,5
"ATMIN","s1680_S_GON_01_ASEReadCounter.table","NW_015090842.1:5825304",11,18,7
"ATMIN","s1680_S_GON_01_ASEReadCounter.table","NW_015090842.1:5825310",10,18,8
"ATMIN","s1680_S_GON_01_ASEReadCounter.table","NW_015090842.1:5825406",8,13,5
"ATMIN","s1680_S_GON_01_ASEReadCounter.table","NW_015090842.1:5825415",10,14,4
"ATMIN","s1680_S_GON_01_ASEReadCounter.table","NW_015090842.1:5825438",14,18,4
"ATMIN","s1680_S_GON_01_ASEReadCounter.table","NW_015090842.1:5825485",16,20,4
"ATMIN","s1680_S_GON_01_ASEReadCounter.table","NW_015090842.1:5825524",17,27,10
"ATMIN","s1680_S_GON_01_ASEReadCounter.table","NW_015090842.1:5825557",12,23,11
"ATMIN","s1680_S_GON_01_ASEReadCounter.table","NW_015090842.1:5825571",11,25,14
"ATMIN","s1680_S_GON_01_ASEReadCounter.table","NW_015090842.1:5825579",12,26,14
"ATMIN","s1680_S_GON_01_ASEReadCounter.table","NW_015090842.1:5825590",11,26,15
"ATMIN","s1680_S_GON_01_ASEReadCounter.table","NW_015090842.1:5825689",14,26,12
"ATMIN","s1680_S_GON_01_ASEReadCounter.table","NW_015090842.1:5825703",15,25,10
"ATMIN","s1680_S_GON_01_ASEReadCounter.table","NW_015090842.1:5825787",17,27,10
"ATMIN","s1680_S_GON_01_ASEReadCounter.table","NW_015090842.1:5825833",17,33,16
"ATMIN","s1680_S_GON_01_ASEReadCounter.table","NW_015090842.1:5825841",12,26,14
"ATMIN","s1680_S_GON_01_ASEReadCounter.table","NW_015090842.1:5825895",23,36,13
"ATMIN","s1680_S_GON_01_ASEReadCounter.table","NW_015090842.1:5825984",16,29,13
"ATMIN","s1680_S_GON_01_ASEReadCounter.table","NW_015090842.1:5826162",30,53,23
"ATMIN","s1680_S_GON_01_ASEReadCounter.table","NW_015090842.1:5826194",34,58,24
"ATMIN","s1680_S_GON_01_ASEReadCounter.table","NW_015090842.1:5826235",34,61,27
"ATMIN","s1680_S_GON_01_ASEReadCounter.table","NW_015090842.1:5826245",31,58,27
"ATMIN","s1680_S_GON_01_ASEReadCounter.table","NW_015090842.1:5826335",14,32,18
"ATMIN","s1680_S_GON_01_ASEReadCounter.table","NW_015090842.1:5826417",25,42,17
"ATMIN","s1680_S_GON_01_ASEReadCounter.table","NW_015090842.1:5826431",22,45,23
"ATMIN","s1680_S_GON_01_ASEReadCounter.table","NW_015090842.1:5826438",22,40,18
"ATMIN","s1680_S_GON_01_ASEReadCounter.table","NW_015090842.1:5826463",34,60,26
"ATMIN","s1680_S_GON_01_ASEReadCounter.table","NW_015090842.1:5826502",31,61,30
"ATMIN","s1680_S_GON_01_ASEReadCounter.table","NW_015090842.1:5826511",29,64,35
"ATMIN","s1680_S_GON_01_ASEReadCounter.table","NW_015090842.1:5826659",34,66,32
"ATMIN","s1680_S_GON_01_ASEReadCounter.table","NW_015090842.1:5826701",36,65,29
"ATMIN","s1680_S_GON_01_ASEReadCounter.table","NW_015090842.1:5826702",36,65,29
"ATMIN","s1680_S_GON_01_ASEReadCounter.table","NW_015090842.1:5826732",42,74,32
"ATMIN","s1680_S_GON_01_ASEReadCounter.table","NW_015090842.1:5826745",48,77,29
"ATMIN","s1680_S_GON_01_ASEReadCounter.table","NW_015090842.1:5826835",71,114,43
"ATMIN","s1680_S_GON_01_ASEReadCounter.table","NW_015090842.1:5826910",53,95,42
"ATMIN","s1680_S_GON_01_ASEReadCounter.table","NW_015090842.1:5826942",33,80,47
"ATMIN","s1680_S_GON_01_ASEReadCounter.table","NW_015090842.1:5827193",167,308,141
"ATMIN","s1680_S_GON_01_ASEReadCounter.table","NW_015090842.1:5827196",159,302,143
"ATMIN","s1680_S_GON_01_ASEReadCounter.table","NW_015090842.1:5827269",168,326,158
"ATMIN","s1680_S_GON_01_ASEReadCounter.table","NW_015090842.1:5827315",159,279,120
"ATMIN","s1680_S_GON_01_ASEReadCounter.table","NW_015090842.1:5827316",161,291,130
"ATMIN","s1680_S_GON_01_ASEReadCounter.table","NW_015090842.1:5827333",172,299,127
"PPP1R3E","s1680_S_GON_01_ASEReadCounter.table","NW_015090842.1:5837733",4,11,7
"PPP1R3E","s1680_S_GON_01_ASEReadCounter.table","NW_015090842.1:5837947",3,5,2
"PKD1L2","s1680_S_GON_01_ASEReadCounter.table","NW_015090842.1:5867509",1,11,10
"PKD1L2","s1680_S_GON_01_ASEReadCounter.table","NW_015090842.1:5867597",6,26,20
"PKD1L2","s1680_S_GON_01_ASEReadCounter.table","NW_015090842.1:5867600",6,27,21
"PKD1L2","s1680_S_GON_01_ASEReadCounter.table","NW_015090842.1:5867660",4,25,21
"PKD1L2","s1680_S_GON_01_ASEReadCounter.table","NW_015090842.1:5867675",6,31,25
"PKD1L2","s1680_S_GON_01_ASEReadCounter.table","NW_015090842.1:5867788",5,26,21
"PKD1L2","s1680_S_GON_01_ASEReadCounter.table","NW_015090842.1:5867843",4,24,20
"PKD1L2","s1680_S_GON_01_ASEReadCounter.table","NW_015090842.1:5872948",1,3,2
"BCO1","s1680_S_GON_01_ASEReadCounter.table","NW_015090842.1:5915610",7,11,4
"BCO1","s1680_S_GON_01_ASEReadCounter.table","NW_015090842.1:5915646",11,18,7
"BCO1","s1680_S_GON_01_ASEReadCounter.table","NW_015090842.1:5917836",5,10,5
"BCO1","s1680_S_GON_01_ASEReadCounter.table","NW_015090842.1:5917912",1,3,2
"BCO1","s1680_S_GON_01_ASEReadCounter.table","NW_015090842.1:5917941",2,5,3
"BCO1","s1680_S_GON_01_ASEReadCounter.table","NW_015090842.1:5917971",6,12,6
"BCO1","s1680_S_GON_01_ASEReadCounter.table","NW_015090842.1:5921679",3,11,8
"BCO1","s1680_S_GON_01_ASEReadCounter.table","NW_015090842.1:5921726",9,12,3
"BCO1","s1680_S_GON_01_ASEReadCounter.table","NW_015090842.1:5925669",5,13,8
"BCO1","s1680_S_GON_01_ASEReadCounter.table","NW_015090842.1:5925753",9,16,7
"BCO1","s1680_S_GON_01_ASEReadCounter.table","NW_015090842.1:5926937",7,14,7
"BCO1","s1680_S_GON_01_ASEReadCounter.table","NW_015090842.1:5927921",6,13,7
"BCO1","s1680_S_GON_01_ASEReadCounter.table","NW_015090842.1:5927948",6,16,10
"BCO1","s1680_S_GON_01_ASEReadCounter.table","NW_015090842.1:5927968",5,15,10
"BCO1","s1680_S_GON_01_ASEReadCounter.table","NW_015090842.1:5928052",5,13,8
"BCO1","s1680_S_GON_01_ASEReadCounter.table","NW_015090842.1:5932726",36,58,22
"BCO1","s1680_S_GON_01_ASEReadCounter.table","NW_015090842.1:5932801",26,38,12
"BCO1","s1680_S_GON_01_ASEReadCounter.table","NW_015090842.1:5934558",86,127,41
"BCO1","s1680_S_GON_01_ASEReadCounter.table","NW_015090842.1:5934575",89,139,50
"BCO1","s1680_S_GON_01_ASEReadCounter.table","NW_015090842.1:5934608",102,149,47
"BCO1","s1680_S_GON_01_ASEReadCounter.table","NW_015090842.1:5934647",106,157,51
"BCO1","s1680_S_GON_01_ASEReadCounter.table","NW_015090842.1:5934725",102,161,59
"BCO1","s1680_S_GON_01_ASEReadCounter.table","NW_015090842.1:5934726",102,157,55
"BCO1","s1680_S_GON_01_ASEReadCounter.table","NW_015090842.1:5934733",99,151,52
"BCO1","s1680_S_GON_01_ASEReadCounter.table","NW_015090842.1:5934821",82,141,59
"BCO1","s1680_S_GON_01_ASEReadCounter.table","NW_015090842.1:5934826",77,150,73
"BCO1","s1680_S_GON_01_ASEReadCounter.table","NW_015090842.1:5934844",62,116,54
"BCO1","s1680_S_GON_01_ASEReadCounter.table","NW_015090842.1:5934958",124,199,75
"BCO1","s1680_S_GON_01_ASEReadCounter.table","NW_015090842.1:5934976",129,210,81
"GAN","s1680_S_GON_01_ASEReadCounter.table","NW_015090842.1:5953759",6,12,6
"GAN","s1680_S_GON_01_ASEReadCounter.table","NW_015090842.1:5957502",4,21,17
"GAN","s1680_S_GON_01_ASEReadCounter.table","NW_015090842.1:5957578",9,26,17
"GAN","s1680_S_GON_01_ASEReadCounter.table","NW_015090842.1:5965028",9,24,15
"GAN","s1680_S_GON_01_ASEReadCounter.table","NW_015090842.1:5966047",13,44,31
"GAN","s1680_S_GON_01_ASEReadCounter.table","NW_015090842.1:5966126",7,31,24
"GAN","s1680_S_GON_01_ASEReadCounter.table","NW_015090842.1:5966127",7,31,24
"GAN","s1680_S_GON_01_ASEReadCounter.table","NW_015090842.1:5966162",19,50,31
"GAN","s1680_S_GON_01_ASEReadCounter.table","NW_015090842.1:5966483",10,27,17
"CMIP","s1680_S_GON_01_ASEReadCounter.table","NW_015090842.1:6109159",3,4,1
"CMIP","s1680_S_GON_01_ASEReadCounter.table","NW_015090842.1:6109166",2,3,1
"CMIP","s1680_S_GON_01_ASEReadCounter.table","NW_015090842.1:6114641",7,8,1
"CMIP","s1680_S_GON_01_ASEReadCounter.table","NW_015090842.1:6114751",3,4,1
"CMIP","s1680_S_GON_01_ASEReadCounter.table","NW_015090842.1:6114824",3,6,3
"CMIP","s1680_S_GON_01_ASEReadCounter.table","NW_015090842.1:6128998",7,11,4
"CMIP","s1680_S_GON_01_ASEReadCounter.table","NW_015090842.1:6130562",9,18,9
"CMIP","s1680_S_GON_01_ASEReadCounter.table","NW_015090842.1:6132522",7,16,9
"CMIP","s1680_S_GON_01_ASEReadCounter.table","NW_015090842.1:6134088",13,21,8
"CMIP","s1680_S_GON_01_ASEReadCounter.table","NW_015090842.1:6138265",59,96,37
"CMIP","s1680_S_GON_01_ASEReadCounter.table","NW_015090842.1:6138300",56,93,37
"CMIP","s1680_S_GON_01_ASEReadCounter.table","NW_015090842.1:6138342",59,91,32
"CMIP","s1680_S_GON_01_ASEReadCounter.table","NW_015090842.1:6138343",59,92,33
"CMIP","s1680_S_GON_01_ASEReadCounter.table","NW_015090842.1:6138345",58,89,31
"CMIP","s1680_S_GON_01_ASEReadCounter.table","NW_015090842.1:6138647",19,29,10
"CMIP","s1680_S_GON_01_ASEReadCounter.table","NW_015090842.1:6138745",19,34,15
"CMIP","s1680_S_GON_01_ASEReadCounter.table","NW_015090842.1:6138832",2,7,5
"CMIP","s1680_S_GON_01_ASEReadCounter.table","NW_015090842.1:6138967",13,28,15
"CMIP","s1680_S_GON_01_ASEReadCounter.table","NW_015090842.1:6139131",11,19,8
"CMIP","s1680_S_GON_01_ASEReadCounter.table","NW_015090842.1:6139163",5,13,8
"CMIP","s1680_S_GON_01_ASEReadCounter.table","NW_015090842.1:6139360",11,18,7
"CMIP","s1680_S_GON_01_ASEReadCounter.table","NW_015090842.1:6139572",25,39,14
"CMIP","s1680_S_GON_01_ASEReadCounter.table","NW_015090842.1:6139773",54,91,37
"PLCG2","s1680_S_GON_01_ASEReadCounter.table","NW_015090842.1:6179613",8,12,4
"PLCG2","s1680_S_GON_01_ASEReadCounter.table","NW_015090842.1:6179658",12,15,3
"PLCG2","s1680_S_GON_01_ASEReadCounter.table","NW_015090842.1:6203766",1,2,1
"PLCG2","s1680_S_GON_01_ASEReadCounter.table","NW_015090842.1:6203775",2,3,1
"PLCG2","s1680_S_GON_01_ASEReadCounter.table","NW_015090842.1:6203787",2,3,1
"PLCG2","s1680_S_GON_01_ASEReadCounter.table","NW_015090842.1:6205047",3,4,1
"PLCG2","s1680_S_GON_01_ASEReadCounter.table","NW_015090842.1:6208541",1,1,0
"PLCG2","s1680_S_GON_01_ASEReadCounter.table","NW_015090842.1:6209798",1,2,1
"PLCG2","s1680_S_GON_01_ASEReadCounter.table","NW_015090842.1:6209816",1,2,1
"PLCG2","s1680_S_GON_01_ASEReadCounter.table","NW_015090842.1:6217547",1,3,2
"PLCG2","s1680_S_GON_01_ASEReadCounter.table","NW_015090842.1:6218641",1,2,1
"PLCG2","s1680_S_GON_01_ASEReadCounter.table","NW_015090842.1:6220552",4,6,2
"PLCG2","s1680_S_GON_01_ASEReadCounter.table","NW_015090842.1:6221969",6,9,3
"PLCG2","s1680_S_GON_01_ASEReadCounter.table","NW_015090842.1:6228672",6,17,11
"PLCG2","s1680_S_GON_01_ASEReadCounter.table","NW_015090842.1:6228694",8,19,11
"PLCG2","s1680_S_GON_01_ASEReadCounter.table","NW_015090842.1:6228722",6,15,9
"PLCG2","s1680_S_GON_01_ASEReadCounter.table","NW_015090842.1:6228747",5,17,12
"PLCG2","s1680_S_GON_01_ASEReadCounter.table","NW_015090842.1:6228835",14,39,25
"PLCG2","s1680_S_GON_01_ASEReadCounter.table","NW_015090842.1:6228841",11,36,25
"PLCG2","s1680_S_GON_01_ASEReadCounter.table","NW_015090842.1:6228865",14,39,25
"PLCG2","s1680_S_GON_01_ASEReadCounter.table","NW_015090842.1:6228917",11,32,21
"PLCG2","s1680_S_GON_01_ASEReadCounter.table","NW_015090842.1:6228926",12,34,22
"PLCG2","s1680_S_GON_01_ASEReadCounter.table","NW_015090842.1:6228954",8,26,18
"PLCG2","s1680_S_GON_01_ASEReadCounter.table","NW_015090842.1:6229002",9,25,16
"PLCG2","s1680_S_GON_01_ASEReadCounter.table","NW_015090842.1:6229006",9,25,16
"PLCG2","s1680_S_GON_01_ASEReadCounter.table","NW_015090842.1:6229081",7,17,10
"PLCG2","s1680_S_GON_01_ASEReadCounter.table","NW_015090842.1:6229097",5,13,8
"PLCG2","s1680_S_GON_01_ASEReadCounter.table","NW_015090842.1:6229160",1,5,4
"PLCG2","s1680_S_GON_01_ASEReadCounter.table","NW_015090842.1:6229213",1,3,2
"PLCG2","s1680_S_GON_01_ASEReadCounter.table","NW_015090842.1:6229231",4,6,2
"PLCG2","s1680_S_GON_01_ASEReadCounter.table","NW_015090842.1:6229663",9,13,4
"PLCG2","s1680_S_GON_01_ASEReadCounter.table","NW_015090842.1:6229748",8,11,3
"PLCG2","s1680_S_GON_01_ASEReadCounter.table","NW_015090842.1:6229892",8,9,1
"PLCG2","s1680_S_GON_01_ASEReadCounter.table","NW_015090842.1:6230248",7,8,1
"PLCG2","s1680_S_GON_01_ASEReadCounter.table","NW_015090842.1:6230255",7,8,1
"PLCG2","s1680_S_GON_01_ASEReadCounter.table","NW_015090842.1:6230296",6,6,0
"PLCG2","s1680_S_GON_01_ASEReadCounter.table","NW_015090842.1:6230349",14,17,3
"PLCG2","s1680_S_GON_01_ASEReadCounter.table","NW_015090842.1:6230381",19,22,3
"PLCG2","s1680_S_GON_01_ASEReadCounter.table","NW_015090842.1:6230408",20,23,3
"PLCG2","s1680_S_GON_01_ASEReadCounter.table","NW_015090842.1:6230439",18,21,3
"PLCG2","s1680_S_GON_01_ASEReadCounter.table","NW_015090842.1:6230757",5,8,3
"PLCG2","s1680_S_GON_01_ASEReadCounter.table","NW_015090842.1:6230758",5,8,3
"PLCG2","s1680_S_GON_01_ASEReadCounter.table","NW_015090842.1:6230898",18,21,3
"PLCG2","s1680_S_GON_01_ASEReadCounter.table","NW_015090842.1:6230976",29,30,1
"PLCG2","s1680_S_GON_01_ASEReadCounter.table","NW_015090842.1:6231078",37,37,0
"PLCG2","s1680_S_GON_01_ASEReadCounter.table","NW_015090842.1:6231138",46,49,3
"PLCG2","s1680_S_GON_01_ASEReadCounter.table","NW_015090842.1:6231177",51,54,3
"PLCG2","s1680_S_GON_01_ASEReadCounter.table","NW_015090842.1:6231263",39,42,3
"PLCG2","s1680_S_GON_01_ASEReadCounter.table","NW_015090842.1:6231309",28,29,1
"SDR42E1","s1680_S_GON_01_ASEReadCounter.table","NW_015090842.1:6235292",34,80,46
"SDR42E1","s1680_S_GON_01_ASEReadCounter.table","NW_015090842.1:6235315",43,123,80
"SDR42E1","s1680_S_GON_01_ASEReadCounter.table","NW_015090842.1:6235348",87,195,108
"SDR42E1","s1680_S_GON_01_ASEReadCounter.table","NW_015090842.1:6235355",88,195,107
"SDR42E1","s1680_S_GON_01_ASEReadCounter.table","NW_015090842.1:6235417",101,235,134
"SDR42E1","s1680_S_GON_01_ASEReadCounter.table","NW_015090842.1:6235526",206,206,0
"SDR42E1","s1680_S_GON_01_ASEReadCounter.table","NW_015090842.1:6235558",71,182,111
"SDR42E1","s1680_S_GON_01_ASEReadCounter.table","NW_015090842.1:6235603",209,209,0
"SDR42E1","s1680_S_GON_01_ASEReadCounter.table","NW_015090842.1:6235741",72,156,84
"SDR42E1","s1680_S_GON_01_ASEReadCounter.table","NW_015090842.1:6235777",77,167,90
"SDR42E1","s1680_S_GON_01_ASEReadCounter.table","NW_015090842.1:6235806",77,181,104
"SDR42E1","s1680_S_GON_01_ASEReadCounter.table","NW_015090842.1:6235809",79,183,104
"SDR42E1","s1680_S_GON_01_ASEReadCounter.table","NW_015090842.1:6235816",79,182,103
"SDR42E1","s1680_S_GON_01_ASEReadCounter.table","NW_015090842.1:6235914",51,115,64
"SDR42E1","s1680_S_GON_01_ASEReadCounter.table","NW_015090842.1:6235935",49,110,61
"SDR42E1","s1680_S_GON_01_ASEReadCounter.table","NW_015090842.1:6235957",46,106,60
"SDR42E1","s1680_S_GON_01_ASEReadCounter.table","NW_015090842.1:6236040",34,68,34
"SDR42E1","s1680_S_GON_01_ASEReadCounter.table","NW_015090842.1:6236260",43,83,40
"SDR42E1","s1680_S_GON_01_ASEReadCounter.table","NW_015090842.1:6236281",46,84,38
"SDR42E1","s1680_S_GON_01_ASEReadCounter.table","NW_015090842.1:6236305",44,82,38
"SDR42E1","s1680_S_GON_01_ASEReadCounter.table","NW_015090842.1:6236458",33,65,32
"SDR42E1","s1680_S_GON_01_ASEReadCounter.table","NW_015090842.1:6236476",36,77,41
"SDR42E1","s1680_S_GON_01_ASEReadCounter.table","NW_015090842.1:6236608",34,67,33
"SDR42E1","s1680_S_GON_01_ASEReadCounter.table","NW_015090842.1:6238244",24,39,15
"SDR42E1","s1680_S_GON_01_ASEReadCounter.table","NW_015090842.1:6238829",16,24,8
"HSD17B2","s1680_S_GON_01_ASEReadCounter.table","NW_015090842.1:6262951",1,1,0
"HSD17B2","s1680_S_GON_01_ASEReadCounter.table","NW_015090842.1:6262974",1,1,0
"HSD17B2","s1680_S_GON_01_ASEReadCounter.table","NW_015090842.1:6266125",1,1,0
"HSD17B2","s1680_S_GON_01_ASEReadCounter.table","NW_015090842.1:6266135",1,1,0
"HSD17B2","s1680_S_GON_01_ASEReadCounter.table","NW_015090842.1:6266918",1,1,0
"HSD17B2","s1680_S_GON_01_ASEReadCounter.table","NW_015090842.1:6266944",1,1,0
"HSD17B2","s1680_S_GON_01_ASEReadCounter.table","NW_015090842.1:6267053",1,1,0
"HSD17B2","s1680_S_GON_01_ASEReadCounter.table","NW_015090842.1:6267273",1,3,2
"HSD17B2","s1680_S_GON_01_ASEReadCounter.table","NW_015090842.1:6267358",1,3,2
"HSD17B2","s1680_S_GON_01_ASEReadCounter.table","NW_015090842.1:6267674",5,8,3
"HSD17B2","s1680_S_GON_01_ASEReadCounter.table","NW_015090842.1:6267913",2,2,0
"HSD17B2","s1680_S_GON_01_ASEReadCounter.table","NW_015090842.1:6268098",1,1,0
"HSD17B2","s1680_S_GON_01_ASEReadCounter.table","NW_015090842.1:6268180",2,2,0
"HSD17B2","s1680_S_GON_01_ASEReadCounter.table","NW_015090842.1:6268203",2,2,0
"ARY2","s1680_S_GON_01_ASEReadCounter.table","NW_015090842.1:6303922",24,24,0
"ARY2","s1680_S_GON_01_ASEReadCounter.table","NW_015090842.1:6303954",22,22,0
"ARY2","s1680_S_GON_01_ASEReadCounter.table","NW_015090842.1:6303979",19,19,0
"ARY2","s1680_S_GON_01_ASEReadCounter.table","NW_015090842.1:6305848",23,24,1
"ARY2","s1680_S_GON_01_ASEReadCounter.table","NW_015090842.1:6305856",24,25,1
"ARY2","s1680_S_GON_01_ASEReadCounter.table","NW_015090842.1:6305857",24,25,1
"ARY2","s1680_S_GON_01_ASEReadCounter.table","NW_015090842.1:6306017",32,32,0
"ARY2","s1680_S_GON_01_ASEReadCounter.table","NW_015090842.1:6306052",32,32,0
"ARY2","s1680_S_GON_01_ASEReadCounter.table","NW_015090842.1:6306094",35,35,0
"ARY2","s1680_S_GON_01_ASEReadCounter.table","NW_015090842.1:6306100",35,35,0
"ARY2","s1680_S_GON_01_ASEReadCounter.table","NW_015090842.1:6306146",30,30,0
"ARY2","s1680_S_GON_01_ASEReadCounter.table","NW_015090842.1:6306147",30,30,0
"ARY2","s1680_S_GON_01_ASEReadCounter.table","NW_015090842.1:6306390",31,33,2
"ARY2","s1680_S_GON_01_ASEReadCounter.table","NW_015090842.1:6306567",20,20,0
"ARY2","s1680_S_GON_01_ASEReadCounter.table","NW_015090842.1:6306705",2,2,0
"ARY2","s1680_S_GON_01_ASEReadCounter.table","NW_015090842.1:6306713",1,1,0
"ARY2","s1680_S_GON_01_ASEReadCounter.table","NW_015090842.1:6306773",1,1,0
"ARY2","s1680_S_GON_01_ASEReadCounter.table","NW_015090842.1:6307039",1,1,0
"ARY2","s1680_S_GON_01_ASEReadCounter.table","NW_015090842.1:6307278",2,3,1
"ARY2","s1680_S_GON_01_ASEReadCounter.table","NW_015090842.1:6307305",2,3,1
"ARY2","s1680_S_GON_01_ASEReadCounter.table","NW_015090842.1:6307318",2,3,1
"ARY2","s1680_S_GON_01_ASEReadCounter.table","NW_015090842.1:6307429",3,3,0
"ARY2","s1680_S_GON_01_ASEReadCounter.table","NW_015090842.1:6307487",0,1,1
"ARY2","s1680_S_GON_01_ASEReadCounter.table","NW_015090842.1:6307670",1,2,1
"ARYL","s1680_S_GON_01_ASEReadCounter.table","NW_015090842.1:6313377",3,3,0
"ARYL","s1680_S_GON_01_ASEReadCounter.table","NW_015090842.1:6313767",1,1,0
"ARY1","s1680_S_GON_01_ASEReadCounter.table","NW_015090842.1:6313909",1,1,0
"ARY1","s1680_S_GON_01_ASEReadCounter.table","NW_015090842.1:6314296",4,9,5
"ARY1","s1680_S_GON_01_ASEReadCounter.table","NW_015090842.1:6314541",3,4,1
"ARY1","s1680_S_GON_01_ASEReadCounter.table","NW_015090842.1:6314597",3,4,1
"ARY1","s1680_S_GON_01_ASEReadCounter.table","NW_015090842.1:6314750",1,2,1
"ARY1","s1680_S_GON_01_ASEReadCounter.table","NW_015090842.1:6314794",1,2,1
"ARY1","s1680_S_GON_01_ASEReadCounter.table","NW_015090842.1:6314943",3,3,0
"ARY1","s1680_S_GON_01_ASEReadCounter.table","NW_015090842.1:6314949",3,3,0
"ARY1","s1680_S_GON_01_ASEReadCounter.table","NW_015090842.1:6315022",0,3,3
"ARY1","s1680_S_GON_01_ASEReadCounter.table","NW_015090842.1:6315026",0,3,3
"ARY1","s1680_S_GON_01_ASEReadCounter.table","NW_015090842.1:6315409",0,1,1
"ARY1","s1680_S_GON_01_ASEReadCounter.table","NW_015090842.1:6315479",1,2,1
"ARY1","s1680_S_GON_01_ASEReadCounter.table","NW_015090842.1:6318342",2,4,2
"ARY1","s1680_S_GON_01_ASEReadCounter.table","NW_015090842.1:6318427",4,10,6
"ARY1","s1680_S_GON_01_ASEReadCounter.table","NW_015090842.1:6318603",2,5,3
"ARY1","s1680_S_GON_01_ASEReadCounter.table","NW_015090842.1:6318708",1,4,3
"ARY1","s1680_S_GON_01_ASEReadCounter.table","NW_015090842.1:6318858",4,6,2
"ARY1","s1680_S_GON_01_ASEReadCounter.table","NW_015090842.1:6318952",10,14,4
"MPHOSPH6","s1680_S_GON_01_ASEReadCounter.table","NW_015090842.1:6324063",40,82,42
"MPHOSPH6","s1680_S_GON_01_ASEReadCounter.table","NW_015090842.1:6324174",59,145,86
"MPHOSPH6","s1680_S_GON_01_ASEReadCounter.table","NW_015090842.1:6324270",78,159,81
"MPHOSPH6","s1680_S_GON_01_ASEReadCounter.table","NW_015090842.1:6324762",68,132,64
"MPHOSPH6","s1680_S_GON_01_ASEReadCounter.table","NW_015090842.1:6324772",64,126,62
"MPHOSPH6","s1680_S_GON_01_ASEReadCounter.table","NW_015090842.1:6324780",54,118,64
"MPHOSPH6","s1680_S_GON_01_ASEReadCounter.table","NW_015090842.1:6324902",63,131,68
"MPHOSPH6","s1680_S_GON_01_ASEReadCounter.table","NW_015090842.1:6324910",135,135,0
"MPHOSPH6","s1680_S_GON_01_ASEReadCounter.table","NW_015090842.1:6325066",86,166,80
"MPHOSPH6","s1680_S_GON_01_ASEReadCounter.table","NW_015090842.1:6325089",91,176,85
"MPHOSPH6","s1680_S_GON_01_ASEReadCounter.table","NW_015090842.1:6325298",137,333,196
"MPHOSPH6","s1680_S_GON_01_ASEReadCounter.table","NW_015090842.1:6325877",127,255,128
"MPHOSPH6","s1680_S_GON_01_ASEReadCounter.table","NW_015090842.1:6326976",65,151,86
"CDH13","s1680_S_GON_01_ASEReadCounter.table","NW_015090842.1:6693665",0,1,1
"CDH13","s1680_S_GON_01_ASEReadCounter.table","NW_015090842.1:6693697",0,1,1
"CDH13","s1680_S_GON_01_ASEReadCounter.table","NW_015090842.1:6693712",0,1,1
"CDH13","s1680_S_GON_01_ASEReadCounter.table","NW_015090842.1:6693723",0,1,1
"CDH13","s1680_S_GON_01_ASEReadCounter.table","NW_015090842.1:6693738",0,1,1
"CDH13","s1680_S_GON_01_ASEReadCounter.table","NW_015090842.1:6823730",1,1,0
"CDH13","s1680_S_GON_01_ASEReadCounter.table","NW_015090842.1:6889713",0,1,1
"CDH13","s1680_S_GON_01_ASEReadCounter.table","NW_015090842.1:6955167",1,2,1
"MLYCD","s1680_S_GON_01_ASEReadCounter.table","NW_015090842.1:7150054",76,136,60
"MLYCD","s1680_S_GON_01_ASEReadCounter.table","NW_015090842.1:7150131",87,174,87
"MLYCD","s1680_S_GON_01_ASEReadCounter.table","NW_015090842.1:7150585",27,52,25
"MLYCD","s1680_S_GON_01_ASEReadCounter.table","NW_015090842.1:7150686",24,40,16
"MLYCD","s1680_S_GON_01_ASEReadCounter.table","NW_015090842.1:7150696",25,42,17
"MLYCD","s1680_S_GON_01_ASEReadCounter.table","NW_015090842.1:7150698",42,42,0
"MLYCD","s1680_S_GON_01_ASEReadCounter.table","NW_015090842.1:7150869",16,30,14
"MLYCD","s1680_S_GON_01_ASEReadCounter.table","NW_015090842.1:7151100",18,31,13
"MLYCD","s1680_S_GON_01_ASEReadCounter.table","NW_015090842.1:7151127",17,32,15
"MLYCD","s1680_S_GON_01_ASEReadCounter.table","NW_015090842.1:7157538",9,29,20
"MLYCD","s1680_S_GON_01_ASEReadCounter.table","NW_015090842.1:7167662",5,11,6
"MLYCD","s1680_S_GON_01_ASEReadCounter.table","NW_015090842.1:7167675",5,9,4
"MLYCD","s1680_S_GON_01_ASEReadCounter.table","NW_015090842.1:7167710",6,7,1
"MLYCD","s1680_S_GON_01_ASEReadCounter.table","NW_015090842.1:7167781",8,8,0
"MLYCD","s1680_S_GON_01_ASEReadCounter.table","NW_015090842.1:7167803",6,7,1
"MLYCD","s1680_S_GON_01_ASEReadCounter.table","NW_015090842.1:7167812",6,8,2
"MLYCD","s1680_S_GON_01_ASEReadCounter.table","NW_015090842.1:7167845",5,8,3
"MLYCD","s1680_S_GON_01_ASEReadCounter.table","NW_015090842.1:7167862",3,6,3
"MLYCD","s1680_S_GON_01_ASEReadCounter.table","NW_015090842.1:7167929",1,2,1
"MLYCD","s1680_S_GON_01_ASEReadCounter.table","NW_015090842.1:7167995",0,1,1
"MLYCD","s1680_S_GON_01_ASEReadCounter.table","NW_015090842.1:7168005",0,2,2
"MLYCD","s1680_S_GON_01_ASEReadCounter.table","NW_015090842.1:7168037",3,6,3
"HSBP1","s1680_S_GON_01_ASEReadCounter.table","NW_015090842.1:7245192",206,390,184
"HSBP1","s1680_S_GON_01_ASEReadCounter.table","NW_015090842.1:7245226",183,373,190
"HSBP1","s1680_S_GON_01_ASEReadCounter.table","NW_015090842.1:7245257",126,294,168
"HSBP1","s1680_S_GON_01_ASEReadCounter.table","NW_015090842.1:7245296",113,260,147
"HSBP1","s1680_S_GON_01_ASEReadCounter.table","NW_015090842.1:7245389",136,270,134
"HSBP1","s1680_S_GON_01_ASEReadCounter.table","NW_015090842.1:7245400",132,247,115
"HSBP1","s1680_S_GON_01_ASEReadCounter.table","NW_015090842.1:7245445",124,239,115
"HSBP1","s1680_S_GON_01_ASEReadCounter.table","NW_015090842.1:7245495",109,206,97
"HSBP1","s1680_S_GON_01_ASEReadCounter.table","NW_015090842.1:7245515",114,221,107
"HSBP1","s1680_S_GON_01_ASEReadCounter.table","NW_015090842.1:7245733",60,124,64
"HSBP1","s1680_S_GON_01_ASEReadCounter.table","NW_015090842.1:7245771",60,120,60
"HSBP1","s1680_S_GON_01_ASEReadCounter.table","NW_015090842.1:7245813",64,118,54
"HSBP1","s1680_S_GON_01_ASEReadCounter.table","NW_015090842.1:7245926",78,139,61
"HSBP1","s1680_S_GON_01_ASEReadCounter.table","NW_015090842.1:7245927",79,139,60
"HSBP1","s1680_S_GON_01_ASEReadCounter.table","NW_015090842.1:7245933",79,138,59
"HSBP1","s1680_S_GON_01_ASEReadCounter.table","NW_015090842.1:7246002",55,111,56
"HSBP1","s1680_S_GON_01_ASEReadCounter.table","NW_015090842.1:7246094",68,127,59
"HSBP1","s1680_S_GON_01_ASEReadCounter.table","NW_015090842.1:7246167",68,130,62
"HSBP1","s1680_S_GON_01_ASEReadCounter.table","NW_015090842.1:7246183",68,125,57
"HSBP1","s1680_S_GON_01_ASEReadCounter.table","NW_015090842.1:7247285",40,63,23
"HSBP1","s1680_S_GON_01_ASEReadCounter.table","NW_015090842.1:7247651",341,782,441
"HSBP1","s1680_S_GON_01_ASEReadCounter.table","NW_015090842.1:7247657",339,784,445
"HSBP1","s1680_S_GON_01_ASEReadCounter.table","NW_015090842.1:7248520",262,593,331
"HSBP1","s1680_S_GON_01_ASEReadCounter.table","NW_015090842.1:7248535",214,492,278
"KCNG4","s1680_S_GON_01_ASEReadCounter.table","NW_015090842.1:7282481",5,22,17
"KCNG4","s1680_S_GON_01_ASEReadCounter.table","NW_015090842.1:7282500",7,23,16
"KCNG4","s1680_S_GON_01_ASEReadCounter.table","NW_015090842.1:7282542",6,22,16
"KCNG4","s1680_S_GON_01_ASEReadCounter.table","NW_015090842.1:7282579",7,22,15
"KCNG4","s1680_S_GON_01_ASEReadCounter.table","NW_015090842.1:7282630",5,17,12
"KCNG4","s1680_S_GON_01_ASEReadCounter.table","NW_015090842.1:7282760",1,11,10
"KCNG4","s1680_S_GON_01_ASEReadCounter.table","NW_015090842.1:7283056",2,8,6
"KCNG4","s1680_S_GON_01_ASEReadCounter.table","NW_015090842.1:7283245",1,3,2
"KCNG4","s1680_S_GON_01_ASEReadCounter.table","NW_015090842.1:7299491",2,2,0
"KCNG4","s1680_S_GON_01_ASEReadCounter.table","NW_015090842.1:7301227",1,1,0
"KCNG4","s1680_S_GON_01_ASEReadCounter.table","NW_015090842.1:7301240",1,1,0
"WFDC1","s1680_S_GON_01_ASEReadCounter.table","NW_015090842.1:7366517",0,1,1
"ATP2C2","s1680_S_GON_01_ASEReadCounter.table","NW_015090842.1:7413747",0,2,2
"TLDC1","s1680_S_GON_01_ASEReadCounter.table","NW_015090842.1:7421997",14,24,10
"COTL1","s1680_S_GON_01_ASEReadCounter.table","NW_015090842.1:7490707",42,99,57
"COTL1","s1680_S_GON_01_ASEReadCounter.table","NW_015090842.1:7490708",42,98,56
"COTL1","s1680_S_GON_01_ASEReadCounter.table","NW_015090842.1:7490711",42,99,57
"COTL1","s1680_S_GON_01_ASEReadCounter.table","NW_015090842.1:7490739",38,93,55
"COTL1","s1680_S_GON_01_ASEReadCounter.table","NW_015090842.1:7490785",42,99,57
"COTL1","s1680_S_GON_01_ASEReadCounter.table","NW_015090842.1:7490820",7,55,48
"COTL1","s1680_S_GON_01_ASEReadCounter.table","NW_015090842.1:7490846",79,79,0
"COTL1","s1680_S_GON_01_ASEReadCounter.table","NW_015090842.1:7505571",2,3,1
"KLHL36","s1680_S_GON_01_ASEReadCounter.table","NW_015090842.1:7526337",2,2,0
"KLHL36","s1680_S_GON_01_ASEReadCounter.table","NW_015090842.1:7537681",24,24,0
"USP10","s1680_S_GON_01_ASEReadCounter.table","NW_015090842.1:7572213",5,6,1
"USP10","s1680_S_GON_01_ASEReadCounter.table","NW_015090842.1:7572358",6,6,0
"CRISPLD2","s1680_S_GON_01_ASEReadCounter.table","NW_015090842.1:7619796",3,5,2
"CRISPLD2","s1680_S_GON_01_ASEReadCounter.table","NW_015090842.1:7630779",8,8,0
"CRISPLD2","s1680_S_GON_01_ASEReadCounter.table","NW_015090842.1:7633611",10,10,0
"CRISPLD2","s1680_S_GON_01_ASEReadCounter.table","NW_015090842.1:7633787",10,17,7
"CRISPLD2","s1680_S_GON_01_ASEReadCounter.table","NW_015090842.1:7634023",6,14,8
"CRISPLD2","s1680_S_GON_01_ASEReadCounter.table","NW_015090842.1:7634620",13,13,0
"CRISPLD2","s1680_S_GON_01_ASEReadCounter.table","NW_015090842.1:7636315",4,8,4
"LOC106888312","s1680_S_GON_01_ASEReadCounter.table","NW_015090842.1:7732198",4,4,0
"MTHFSD","s1680_S_GON_01_ASEReadCounter.table","NW_015090842.1:8152578",40,83,43
"DUSP15","s1680_S_GON_01_ASEReadCounter.table","NW_015090842.1:8422840",0,1,1
"EMC8","s1680_S_GON_01_ASEReadCounter.table","NW_015090842.1:8452385",31,59,28
"GINS2","s1680_S_GON_01_ASEReadCounter.table","NW_015090842.1:8467469",328,328,0
"GINS2","s1680_S_GON_01_ASEReadCounter.table","NW_015090842.1:8470290",293,689,396
"GINS2","s1680_S_GON_01_ASEReadCounter.table","NW_015090842.1:8470305",299,686,387
"GINS2","s1680_S_GON_01_ASEReadCounter.table","NW_015090842.1:8470376",304,710,406
"GINS2","s1680_S_GON_01_ASEReadCounter.table","NW_015090842.1:8471057",47,104,57
"KIAA0513","s1680_S_GON_01_ASEReadCounter.table","NW_015090842.1:8674736",8,8,0
"KIAA0513","s1680_S_GON_01_ASEReadCounter.table","NW_015090842.1:8693655",4,4,0
"ZCCHC14","s1680_S_GON_01_ASEReadCounter.table","NW_015090842.1:8750189",102,102,0
"KLHDC4","s1680_S_GON_01_ASEReadCounter.table","NW_015090842.1:8891175",321,321,0
"KLHDC4","s1680_S_GON_01_ASEReadCounter.table","NW_015090842.1:8905251",18,36,18
"KLHDC4","s1680_S_GON_01_ASEReadCounter.table","NW_015090842.1:8919630",1,4,3
"SLC7A5","s1680_S_GON_01_ASEReadCounter.table","NW_015090842.1:8940382",36,36,0
"SLC7A5","s1680_S_GON_01_ASEReadCounter.table","NW_015090842.1:8941818",8,8,0
"SLC7A5","s1680_S_GON_01_ASEReadCounter.table","NW_015090842.1:8944655",5,5,0
"CA5A","s1680_S_GON_01_ASEReadCounter.table","NW_015090842.1:8989479",22,53,31
"CA5A","s1680_S_GON_01_ASEReadCounter.table","NW_015090842.1:8989562",33,82,49
"CA5A","s1680_S_GON_01_ASEReadCounter.table","NW_015090842.1:8989609",27,75,48
"CA5A","s1680_S_GON_01_ASEReadCounter.table","NW_015090842.1:8989693",29,70,41
"CA5A","s1680_S_GON_01_ASEReadCounter.table","NW_015090842.1:8989702",25,65,40
"CA5A","s1680_S_GON_01_ASEReadCounter.table","NW_015090842.1:8989746",23,64,41
"CA5A","s1680_S_GON_01_ASEReadCounter.table","NW_015090842.1:8989880",15,33,18
"CA5A","s1680_S_GON_01_ASEReadCounter.table","NW_015090842.1:8989885",16,34,18
"CA5A","s1680_S_GON_01_ASEReadCounter.table","NW_015090842.1:8989929",19,35,16
"CA5A","s1680_S_GON_01_ASEReadCounter.table","NW_015090842.1:8990002",16,32,16
"CA5A","s1680_S_GON_01_ASEReadCounter.table","NW_015090842.1:8990004",15,32,17
"CA5A","s1680_S_GON_01_ASEReadCounter.table","NW_015090842.1:8990005",16,33,17
"CA5A","s1680_S_GON_01_ASEReadCounter.table","NW_015090842.1:8990017",11,28,17
"CA5A","s1680_S_GON_01_ASEReadCounter.table","NW_015090842.1:8990043",10,28,18
"CA5A","s1680_S_GON_01_ASEReadCounter.table","NW_015090842.1:8990080",9,25,16
"CA5A","s1680_S_GON_01_ASEReadCounter.table","NW_015090842.1:8990084",11,26,15
"CA5A","s1680_S_GON_01_ASEReadCounter.table","NW_015090842.1:8990090",9,25,16
"CA5A","s1680_S_GON_01_ASEReadCounter.table","NW_015090842.1:8990095",8,24,16
"CA5A","s1680_S_GON_01_ASEReadCounter.table","NW_015090842.1:8990111",8,20,12
"CA5A","s1680_S_GON_01_ASEReadCounter.table","NW_015090842.1:8990112",8,20,12
"CA5A","s1680_S_GON_01_ASEReadCounter.table","NW_015090842.1:8990115",8,19,11
"CA5A","s1680_S_GON_01_ASEReadCounter.table","NW_015090842.1:8990166",5,17,12
"CA5A","s1680_S_GON_01_ASEReadCounter.table","NW_015090842.1:8990169",6,15,9
"CA5A","s1680_S_GON_01_ASEReadCounter.table","NW_015090842.1:8990222",11,24,13
"CA5A","s1680_S_GON_01_ASEReadCounter.table","NW_015090842.1:8990289",6,17,11
"CA5A","s1680_S_GON_01_ASEReadCounter.table","NW_015090842.1:8990314",8,17,9
"CA5A","s1680_S_GON_01_ASEReadCounter.table","NW_015090842.1:8990361",11,18,7
"CA5A","s1680_S_GON_01_ASEReadCounter.table","NW_015090842.1:8990368",11,18,7
"CA5A","s1680_S_GON_01_ASEReadCounter.table","NW_015090842.1:8990429",9,14,5
"CA5A","s1680_S_GON_01_ASEReadCounter.table","NW_015090842.1:8990466",6,11,5
"CA5A","s1680_S_GON_01_ASEReadCounter.table","NW_015090842.1:8990663",6,16,10
"CA5A","s1680_S_GON_01_ASEReadCounter.table","NW_015090842.1:8990797",7,13,6
"CA5A","s1680_S_GON_01_ASEReadCounter.table","NW_015090842.1:8990836",4,7,3
"CA5A","s1680_S_GON_01_ASEReadCounter.table","NW_015090842.1:8990842",4,8,4
"CA5A","s1680_S_GON_01_ASEReadCounter.table","NW_015090842.1:8990851",4,7,3
"CA5A","s1680_S_GON_01_ASEReadCounter.table","NW_015090842.1:8990918",3,7,4
"CA5A","s1680_S_GON_01_ASEReadCounter.table","NW_015090842.1:8990921",3,7,4
"CA5A","s1680_S_GON_01_ASEReadCounter.table","NW_015090842.1:8990942",6,9,3
"CA5A","s1680_S_GON_01_ASEReadCounter.table","NW_015090842.1:8991001",7,16,9
"CA5A","s1680_S_GON_01_ASEReadCounter.table","NW_015090842.1:8991038",4,12,8
"CA5A","s1680_S_GON_01_ASEReadCounter.table","NW_015090842.1:8991149",8,14,6
"CA5A","s1680_S_GON_01_ASEReadCounter.table","NW_015090842.1:8991176",7,11,4
"CA5A","s1680_S_GON_01_ASEReadCounter.table","NW_015090842.1:8991241",5,11,6
"CA5A","s1680_S_GON_01_ASEReadCounter.table","NW_015090842.1:8991262",4,11,7
"CA5A","s1680_S_GON_01_ASEReadCounter.table","NW_015090842.1:8991316",5,5,0
"CA5A","s1680_S_GON_01_ASEReadCounter.table","NW_015090842.1:8991319",6,6,0
"CA5A","s1680_S_GON_01_ASEReadCounter.table","NW_015090842.1:8991330",6,6,0
"CA5A","s1680_S_GON_01_ASEReadCounter.table","NW_015090842.1:8991334",7,7,0
"CA5A","s1680_S_GON_01_ASEReadCounter.table","NW_015090842.1:8991362",8,11,3
"CA5A","s1680_S_GON_01_ASEReadCounter.table","NW_015090842.1:8991368",8,11,3
"CA5A","s1680_S_GON_01_ASEReadCounter.table","NW_015090842.1:8991390",7,10,3
"CA5A","s1680_S_GON_01_ASEReadCounter.table","NW_015090842.1:8991395",8,11,3
"CA5A","s1680_S_GON_01_ASEReadCounter.table","NW_015090842.1:8991422",6,11,5
"CA5A","s1680_S_GON_01_ASEReadCounter.table","NW_015090842.1:8991467",4,11,7
"CA5A","s1680_S_GON_01_ASEReadCounter.table","NW_015090842.1:8991576",2,4,2
"CA5A","s1680_S_GON_01_ASEReadCounter.table","NW_015090842.1:8991587",2,5,3
"CA5A","s1680_S_GON_01_ASEReadCounter.table","NW_015090842.1:8991655",1,5,4
"CA5A","s1680_S_GON_01_ASEReadCounter.table","NW_015090842.1:8991717",0,3,3
"CA5A","s1680_S_GON_01_ASEReadCounter.table","NW_015090842.1:8991726",0,3,3
"CA5A","s1680_S_GON_01_ASEReadCounter.table","NW_015090842.1:8991799",1,5,4
"CA5A","s1680_S_GON_01_ASEReadCounter.table","NW_015090842.1:8991809",2,5,3
"CA5A","s1680_S_GON_01_ASEReadCounter.table","NW_015090842.1:8991848",2,4,2
"CA5A","s1680_S_GON_01_ASEReadCounter.table","NW_015090842.1:8991849",2,4,2
"CA5A","s1680_S_GON_01_ASEReadCounter.table","NW_015090842.1:8991927",2,5,3
"CA5A","s1680_S_GON_01_ASEReadCounter.table","NW_015090842.1:8991941",2,4,2
"CA5A","s1680_S_GON_01_ASEReadCounter.table","NW_015090842.1:8992121",1,5,4
"CA5A","s1680_S_GON_01_ASEReadCounter.table","NW_015090842.1:8992224",6,23,17
"CA5A","s1680_S_GON_01_ASEReadCounter.table","NW_015090842.1:9002570",6,23,17
"CA5A","s1680_S_GON_01_ASEReadCounter.table","NW_015090842.1:9002600",3,20,17
"CA5A","s1680_S_GON_01_ASEReadCounter.table","NW_015090842.1:9004312",14,37,23
"CA5A","s1680_S_GON_01_ASEReadCounter.table","NW_015090842.1:9004506",6,18,12
"CA5A","s1680_S_GON_01_ASEReadCounter.table","NW_015090842.1:9004523",7,25,18
"CA5A","s1680_S_GON_01_ASEReadCounter.table","NW_015090842.1:9004530",11,32,21
"CA5A","s1680_S_GON_01_ASEReadCounter.table","NW_015090842.1:9004556",15,44,29
"CA5A","s1680_S_GON_01_ASEReadCounter.table","NW_015090842.1:9004620",25,84,59
"CA5A","s1680_S_GON_01_ASEReadCounter.table","NW_015090842.1:9005116",32,129,97
"CA5A","s1680_S_GON_01_ASEReadCounter.table","NW_015090842.1:9005120",34,128,94
"CA5A","s1680_S_GON_01_ASEReadCounter.table","NW_015090842.1:9005140",33,131,98
"CA5A","s1680_S_GON_01_ASEReadCounter.table","NW_015090842.1:9005152",40,146,106
"CA5A","s1680_S_GON_01_ASEReadCounter.table","NW_015090842.1:9011011",1,2,1
"BANP","s1680_S_GON_01_ASEReadCounter.table","NW_015090842.1:9033407",2,3,1
"BANP","s1680_S_GON_01_ASEReadCounter.table","NW_015090842.1:9033409",2,3,1
"BANP","s1680_S_GON_01_ASEReadCounter.table","NW_015090842.1:9033420",1,2,1
"BANP","s1680_S_GON_01_ASEReadCounter.table","NW_015090842.1:9055284",1,8,7
"CIDEC","s1680_S_GON_01_ASEReadCounter.table","NW_015090842.1:9481199",8,11,3
"ZC3H18","s1680_S_GON_01_ASEReadCounter.table","NW_015090842.1:9528933",18,28,10
"MVD","s1680_S_GON_01_ASEReadCounter.table","NW_015090842.1:9550690",52,52,0
"MVD","s1680_S_GON_01_ASEReadCounter.table","NW_015090842.1:9550691",52,52,0
"MVD","s1680_S_GON_01_ASEReadCounter.table","NW_015090842.1:9550699",62,62,0
"MVD","s1680_S_GON_01_ASEReadCounter.table","NW_015090842.1:9550701",62,62,0
"MVD","s1680_S_GON_01_ASEReadCounter.table","NW_015090842.1:9552202",44,44,0
"MVD","s1680_S_GON_01_ASEReadCounter.table","NW_015090842.1:9552223",38,38,0
"MVD","s1680_S_GON_01_ASEReadCounter.table","NW_015090842.1:9552533",33,33,0
"MVD","s1680_S_GON_01_ASEReadCounter.table","NW_015090842.1:9552644",6,14,8
"PIEZO1","s1680_S_GON_01_ASEReadCounter.table","NW_015090842.1:9577447",0,1,1
"CDT1","s1680_S_GON_01_ASEReadCounter.table","NW_015090842.1:9596711",3,4,1
"CDT1","s1680_S_GON_01_ASEReadCounter.table","NW_015090842.1:9597033",19,19,0
"CDT1","s1680_S_GON_01_ASEReadCounter.table","NW_015090842.1:9597756",14,29,15
"CDT1","s1680_S_GON_01_ASEReadCounter.table","NW_015090842.1:9598873",54,54,0
"PABPN1L","s1680_S_GON_01_ASEReadCounter.table","NW_015090842.1:9669510",1,3,2
"ACSF3","s1680_S_GON_01_ASEReadCounter.table","NW_015090842.1:9776737",42,65,23
"ACSF3","s1680_S_GON_01_ASEReadCounter.table","NW_015090842.1:9809639",28,28,0
"ACSF3","s1680_S_GON_01_ASEReadCounter.table","NW_015090842.1:9834743",15,32,17
"ACSF3","s1680_S_GON_01_ASEReadCounter.table","NW_015090842.1:9834762",25,25,0
"ACSF3","s1680_S_GON_01_ASEReadCounter.table","NW_015090842.1:9834852",19,49,30
"ACSF3","s1680_S_GON_01_ASEReadCounter.table","NW_015090842.1:9834861",15,43,28
"ACSF3","s1680_S_GON_01_ASEReadCounter.table","NW_015090842.1:9839359",23,49,26
"ACSF3","s1680_S_GON_01_ASEReadCounter.table","NW_015090842.1:9839378",25,51,26
"ACSF3","s1680_S_GON_01_ASEReadCounter.table","NW_015090842.1:9839455",28,53,25
"ACSF3","s1680_S_GON_01_ASEReadCounter.table","NW_015090842.1:9839457",28,50,22
"ACSF3","s1680_S_GON_01_ASEReadCounter.table","NW_015090842.1:9839489",23,42,19
"ACSF3","s1680_S_GON_01_ASEReadCounter.table","NW_015090842.1:9839500",17,34,17
"ACSF3","s1680_S_GON_01_ASEReadCounter.table","NW_015090842.1:9839501",17,33,16
"ACSF3","s1680_S_GON_01_ASEReadCounter.table","NW_015090842.1:9839504",17,34,17
"ACSF3","s1680_S_GON_01_ASEReadCounter.table","NW_015090842.1:9839512",11,25,14
"ACSF3","s1680_S_GON_01_ASEReadCounter.table","NW_015090842.1:9839527",10,23,13
"ACSF3","s1680_S_GON_01_ASEReadCounter.table","NW_015090842.1:9839533",4,14,10
"ACSF3","s1680_S_GON_01_ASEReadCounter.table","NW_015090842.1:9839535",4,13,9
"ACSF3","s1680_S_GON_01_ASEReadCounter.table","NW_015090842.1:9839545",1,8,7
"ACSF3","s1680_S_GON_01_ASEReadCounter.table","NW_015090842.1:9839550",1,8,7
"ACSF3","s1680_S_GON_01_ASEReadCounter.table","NW_015090842.1:9839551",1,8,7
"CDH15","s1680_S_GON_01_ASEReadCounter.table","NW_015090842.1:9850386",0,1,1
"CDH15","s1680_S_GON_01_ASEReadCounter.table","NW_015090842.1:9850609",0,2,2
"SLC22A31","s1680_S_GON_01_ASEReadCounter.table","NW_015090842.1:9850797",1,2,1
"SLC22A31","s1680_S_GON_01_ASEReadCounter.table","NW_015090842.1:9850818",1,2,1
"SLC22A31","s1680_S_GON_01_ASEReadCounter.table","NW_015090842.1:9850929",2,4,2
"SLC22A31","s1680_S_GON_01_ASEReadCounter.table","NW_015090842.1:9850936",2,4,2
"SLC22A31","s1680_S_GON_01_ASEReadCounter.table","NW_015090842.1:9850940",2,4,2
"SLC22A31","s1680_S_GON_01_ASEReadCounter.table","NW_015090842.1:9850948",3,5,2
"SLC22A31","s1680_S_GON_01_ASEReadCounter.table","NW_015090842.1:9850961",3,4,1
"SLC22A31","s1680_S_GON_01_ASEReadCounter.table","NW_015090842.1:9850970",3,4,1
"SLC22A31","s1680_S_GON_01_ASEReadCounter.table","NW_015090842.1:9850978",2,3,1
"SLC22A31","s1680_S_GON_01_ASEReadCounter.table","NW_015090842.1:9850981",2,3,1
"SLC22A31","s1680_S_GON_01_ASEReadCounter.table","NW_015090842.1:9851032",1,1,0
"SLC22A31","s1680_S_GON_01_ASEReadCounter.table","NW_015090842.1:9851053",1,1,0
"SLC22A31","s1680_S_GON_01_ASEReadCounter.table","NW_015090842.1:9851130",19,28,9
"SLC22A31","s1680_S_GON_01_ASEReadCounter.table","NW_015090842.1:9851139",20,29,9
"SLC22A31","s1680_S_GON_01_ASEReadCounter.table","NW_015090842.1:9851265",34,52,18
"SLC22A31","s1680_S_GON_01_ASEReadCounter.table","NW_015090842.1:9851302",31,45,14
"SLC22A31","s1680_S_GON_01_ASEReadCounter.table","NW_015090842.1:9851303",33,47,14
"SLC22A31","s1680_S_GON_01_ASEReadCounter.table","NW_015090842.1:9851305",33,47,14
"SLC22A31","s1680_S_GON_01_ASEReadCounter.table","NW_015090842.1:9851343",35,39,4
"SLC22A31","s1680_S_GON_01_ASEReadCounter.table","NW_015090842.1:9851344",36,40,4
"SLC22A31","s1680_S_GON_01_ASEReadCounter.table","NW_015090842.1:9851381",48,58,10
"SLC22A31","s1680_S_GON_01_ASEReadCounter.table","NW_015090842.1:9851421",56,69,13
"SLC22A31","s1680_S_GON_01_ASEReadCounter.table","NW_015090842.1:9851526",46,59,13
"SLC22A31","s1680_S_GON_01_ASEReadCounter.table","NW_015090842.1:9851589",54,69,15
"SLC22A31","s1680_S_GON_01_ASEReadCounter.table","NW_015090842.1:9851712",58,77,19
"SLC22A31","s1680_S_GON_01_ASEReadCounter.table","NW_015090842.1:9851899",39,54,15
"SLC22A31","s1680_S_GON_01_ASEReadCounter.table","NW_015090842.1:9852139",30,42,12
"SLC22A31","s1680_S_GON_01_ASEReadCounter.table","NW_015090842.1:9852380",33,47,14
"SLC22A31","s1680_S_GON_01_ASEReadCounter.table","NW_015090842.1:9852431",20,34,14
"SLC22A31","s1680_S_GON_01_ASEReadCounter.table","NW_015090842.1:9852630",27,35,8
"SLC22A31","s1680_S_GON_01_ASEReadCounter.table","NW_015090842.1:9852711",14,20,6
"SLC22A31","s1680_S_GON_01_ASEReadCounter.table","NW_015090842.1:9852742",7,16,9
"SLC22A31","s1680_S_GON_01_ASEReadCounter.table","NW_015090842.1:9853099",17,24,7
"SLC22A31","s1680_S_GON_01_ASEReadCounter.table","NW_015090842.1:9853102",17,25,8
"SLC22A31","s1680_S_GON_01_ASEReadCounter.table","NW_015090842.1:9853421",12,12,0
"SLC22A31","s1680_S_GON_01_ASEReadCounter.table","NW_015090842.1:9853457",13,13,0
"SLC22A31","s1680_S_GON_01_ASEReadCounter.table","NW_015090842.1:9853502",15,15,0
"ANKRD11","s1680_S_GON_01_ASEReadCounter.table","NW_015090842.1:9858863",4,11,7
"ANKRD11","s1680_S_GON_01_ASEReadCounter.table","NW_015090842.1:9859101",24,51,27
"ANKRD11","s1680_S_GON_01_ASEReadCounter.table","NW_015090842.1:9859352",16,44,28
"ANKRD11","s1680_S_GON_01_ASEReadCounter.table","NW_015090842.1:9859381",5,25,20
"ANKRD11","s1680_S_GON_01_ASEReadCounter.table","NW_015090842.1:9859527",3,16,13
"ANKRD11","s1680_S_GON_01_ASEReadCounter.table","NW_015090842.1:9859529",3,16,13
"ANKRD11","s1680_S_GON_01_ASEReadCounter.table","NW_015090842.1:9859679",13,24,11
"ANKRD11","s1680_S_GON_01_ASEReadCounter.table","NW_015090842.1:9861097",17,31,14
"ANKRD11","s1680_S_GON_01_ASEReadCounter.table","NW_015090842.1:9862571",3,11,8
"ANKRD11","s1680_S_GON_01_ASEReadCounter.table","NW_015090842.1:9866071",0,1,1
"ANKRD11","s1680_S_GON_01_ASEReadCounter.table","NW_015090842.1:9866200",0,6,6
"ANKRD11","s1680_S_GON_01_ASEReadCounter.table","NW_015090842.1:9867391",0,2,2
"ANKRD11","s1680_S_GON_01_ASEReadCounter.table","NW_015090842.1:9867472",3,7,4
"ANKRD11","s1680_S_GON_01_ASEReadCounter.table","NW_015090842.1:9867559",2,6,4
"ANKRD11","s1680_S_GON_01_ASEReadCounter.table","NW_015090842.1:9867934",3,4,1
"ANKRD11","s1680_S_GON_01_ASEReadCounter.table","NW_015090842.1:9868093",2,3,1
"ANKRD11","s1680_S_GON_01_ASEReadCounter.table","NW_015090842.1:9868222",3,5,2
"ANKRD11","s1680_S_GON_01_ASEReadCounter.table","NW_015090842.1:9868327",3,5,2
"ANKRD11","s1680_S_GON_01_ASEReadCounter.table","NW_015090842.1:9868414",4,6,2
"ANKRD11","s1680_S_GON_01_ASEReadCounter.table","NW_015090842.1:9868441",3,6,3
"ANKRD11","s1680_S_GON_01_ASEReadCounter.table","NW_015090842.1:9868444",3,7,4
"ANKRD11","s1680_S_GON_01_ASEReadCounter.table","NW_015090842.1:9868519",3,9,6
"ANKRD11","s1680_S_GON_01_ASEReadCounter.table","NW_015090842.1:9868609",3,8,5
"ANKRD11","s1680_S_GON_01_ASEReadCounter.table","NW_015090842.1:9868666",3,5,2
"ANKRD11","s1680_S_GON_01_ASEReadCounter.table","NW_015090842.1:9869431",10,14,4
"ANKRD11","s1680_S_GON_01_ASEReadCounter.table","NW_015090842.1:9869578",5,9,4
"ANKRD11","s1680_S_GON_01_ASEReadCounter.table","NW_015090842.1:9869734",5,10,5
"ANKRD11","s1680_S_GON_01_ASEReadCounter.table","NW_015090842.1:9870070",6,15,9
"ANKRD11","s1680_S_GON_01_ASEReadCounter.table","NW_015090842.1:9870349",15,24,9
"ANKRD11","s1680_S_GON_01_ASEReadCounter.table","NW_015090842.1:9870604",6,14,8
"ANKRD11","s1680_S_GON_01_ASEReadCounter.table","NW_015090842.1:9870613",5,14,9
"ANKRD11","s1680_S_GON_01_ASEReadCounter.table","NW_015090842.1:9870685",12,23,11
"ANKRD11","s1680_S_GON_01_ASEReadCounter.table","NW_015090842.1:9870847",20,29,9
"ANKRD11","s1680_S_GON_01_ASEReadCounter.table","NW_015090842.1:9871103",18,28,10
"ANKRD11","s1680_S_GON_01_ASEReadCounter.table","NW_015090842.1:9871165",16,25,9
"ANKRD11","s1680_S_GON_01_ASEReadCounter.table","NW_015090842.1:9871820",3,8,5
"ANKRD11","s1680_S_GON_01_ASEReadCounter.table","NW_015090842.1:9871994",3,3,0
"ANKRD11","s1680_S_GON_01_ASEReadCounter.table","NW_015090842.1:9872118",3,6,3
"SPG7","s1680_S_GON_01_ASEReadCounter.table","NW_015090842.1:10051190",28,57,29
"SPG7","s1680_S_GON_01_ASEReadCounter.table","NW_015090842.1:10051218",27,60,33
"SPG7","s1680_S_GON_01_ASEReadCounter.table","NW_015090842.1:10052348",33,73,40
"SPG7","s1680_S_GON_01_ASEReadCounter.table","NW_015090842.1:10052366",29,69,40
"SPG7","s1680_S_GON_01_ASEReadCounter.table","NW_015090842.1:10065173",83,177,94
"SPG7","s1680_S_GON_01_ASEReadCounter.table","NW_015090842.1:10065215",77,153,76
"SPG7","s1680_S_GON_01_ASEReadCounter.table","NW_015090842.1:10066301",68,138,70
"SPG7","s1680_S_GON_01_ASEReadCounter.table","NW_015090842.1:10066365",64,150,86
"SPG7","s1680_S_GON_01_ASEReadCounter.table","NW_015090842.1:10069752",94,211,117
"SPG7","s1680_S_GON_01_ASEReadCounter.table","NW_015090842.1:10069800",113,247,134
"SPG7","s1680_S_GON_01_ASEReadCounter.table","NW_015090842.1:10071192",118,257,139
"SPG7","s1680_S_GON_01_ASEReadCounter.table","NW_015090842.1:10071204",107,240,133
"SPG7","s1680_S_GON_01_ASEReadCounter.table","NW_015090842.1:10071219",101,225,124
"SPG7","s1680_S_GON_01_ASEReadCounter.table","NW_015090842.1:10071967",107,248,141
"SPG7","s1680_S_GON_01_ASEReadCounter.table","NW_015090842.1:10075109",252,505,253
"SPG7","s1680_S_GON_01_ASEReadCounter.table","NW_015090842.1:10075114",266,510,244
"SPG7","s1680_S_GON_01_ASEReadCounter.table","NW_015090842.1:10075198",204,424,220
"SPG7","s1680_S_GON_01_ASEReadCounter.table","NW_015090842.1:10075487",170,393,223
"SPG7","s1680_S_GON_01_ASEReadCounter.table","NW_015090842.1:10075488",170,397,227
"SPG7","s1680_S_GON_01_ASEReadCounter.table","NW_015090842.1:10075548",133,290,157
"RPL13","s1680_S_GON_01_ASEReadCounter.table","NW_015090842.1:10076979",5,8,3
"RPL13","s1680_S_GON_01_ASEReadCounter.table","NW_015090842.1:10077387",699,1393,694
"RPL13","s1680_S_GON_01_ASEReadCounter.table","NW_015090842.1:10077978",1062,2095,1033
"RPL13","s1680_S_GON_01_ASEReadCounter.table","NW_015090842.1:10077992",1053,2019,966
"CPNE7","s1680_S_GON_01_ASEReadCounter.table","NW_015090842.1:10088134",0,1,1
"CPNE7","s1680_S_GON_01_ASEReadCounter.table","NW_015090842.1:10088146",0,1,1
"CPNE7","s1680_S_GON_01_ASEReadCounter.table","NW_015090842.1:10088940",0,2,2
"CPNE7","s1680_S_GON_01_ASEReadCounter.table","NW_015090842.1:10088965",0,2,2
"CPNE7","s1680_S_GON_01_ASEReadCounter.table","NW_015090842.1:10088967",0,2,2
"CPNE7","s1680_S_GON_01_ASEReadCounter.table","NW_015090842.1:10088973",0,2,2
"CPNE7","s1680_S_GON_01_ASEReadCounter.table","NW_015090842.1:10091075",1,2,1
"CPNE7","s1680_S_GON_01_ASEReadCounter.table","NW_015090842.1:10091389",0,2,2
"CPNE7","s1680_S_GON_01_ASEReadCounter.table","NW_015090842.1:10091407",0,2,2
"CPNE7","s1680_S_GON_01_ASEReadCounter.table","NW_015090842.1:10091530",0,2,2
"CPNE7","s1680_S_GON_01_ASEReadCounter.table","NW_015090842.1:10091875",2,5,3
"CPNE7","s1680_S_GON_01_ASEReadCounter.table","NW_015090842.1:10091983",2,4,2
"CPNE7","s1680_S_GON_01_ASEReadCounter.table","NW_015090842.1:10091997",2,6,4
"CPNE7","s1680_S_GON_01_ASEReadCounter.table","NW_015090842.1:10092038",0,1,1
"CPNE7","s1680_S_GON_01_ASEReadCounter.table","NW_015090842.1:10092140",3,6,3
"CPNE7","s1680_S_GON_01_ASEReadCounter.table","NW_015090842.1:10092183",3,6,3
"CPNE7","s1680_S_GON_01_ASEReadCounter.table","NW_015090842.1:10092201",2,4,2
"CPNE7","s1680_S_GON_01_ASEReadCounter.table","NW_015090842.1:10092230",2,2,0
"CPNE7","s1680_S_GON_01_ASEReadCounter.table","NW_015090842.1:10092246",2,2,0
"LOC106888185","s1680_S_GON_01_ASEReadCounter.table","NW_015090842.1:10094965",3,16,13
"LOC106888185","s1680_S_GON_01_ASEReadCounter.table","NW_015090842.1:10094966",3,16,13
"LOC106888185","s1680_S_GON_01_ASEReadCounter.table","NW_015090842.1:10094985",4,17,13
"LOC106888185","s1680_S_GON_01_ASEReadCounter.table","NW_015090842.1:10095055",0,19,19
"LOC106888185","s1680_S_GON_01_ASEReadCounter.table","NW_015090842.1:10095062",0,12,12
"LOC106888185","s1680_S_GON_01_ASEReadCounter.table","NW_015090842.1:10095130",0,8,8
"LOC106888185","s1680_S_GON_01_ASEReadCounter.table","NW_015090842.1:10095265",22,50,28
"LOC106888185","s1680_S_GON_01_ASEReadCounter.table","NW_015090842.1:10095586",18,42,24
"LOC106888185","s1680_S_GON_01_ASEReadCounter.table","NW_015090842.1:10095593",17,37,20
"LOC106888185","s1680_S_GON_01_ASEReadCounter.table","NW_015090842.1:10095616",18,39,21
"LOC106888185","s1680_S_GON_01_ASEReadCounter.table","NW_015090842.1:10095662",12,29,17
"LOC106888185","s1680_S_GON_01_ASEReadCounter.table","NW_015090842.1:10095674",8,29,21
"LOC106888185","s1680_S_GON_01_ASEReadCounter.table","NW_015090842.1:10095786",18,40,22
"LOC106888185","s1680_S_GON_01_ASEReadCounter.table","NW_015090842.1:10095831",14,34,20
"LOC106888185","s1680_S_GON_01_ASEReadCounter.table","NW_015090842.1:10096230",14,39,25
"LOC106888185","s1680_S_GON_01_ASEReadCounter.table","NW_015090842.1:10096249",19,48,29
"LOC106888185","s1680_S_GON_01_ASEReadCounter.table","NW_015090842.1:10096272",22,56,34
"LOC106888185","s1680_S_GON_01_ASEReadCounter.table","NW_015090842.1:10096288",21,51,30
"LOC106888185","s1680_S_GON_01_ASEReadCounter.table","NW_015090842.1:10097248",16,45,29
"LOC106888185","s1680_S_GON_01_ASEReadCounter.table","NW_015090842.1:10097265",18,47,29
"LOC106888185","s1680_S_GON_01_ASEReadCounter.table","NW_015090842.1:10097446",1,7,6
"DPEP1","s1680_S_GON_01_ASEReadCounter.table","NW_015090842.1:10098017",0,2,2
"DPEP1","s1680_S_GON_01_ASEReadCounter.table","NW_015090842.1:10098518",0,11,11
"DPEP1","s1680_S_GON_01_ASEReadCounter.table","NW_015090842.1:10098595",2,12,10
"DPEP1","s1680_S_GON_01_ASEReadCounter.table","NW_015090842.1:10098597",2,11,9
"DPEP1","s1680_S_GON_01_ASEReadCounter.table","NW_015090842.1:10098601",2,13,11
"DPEP1","s1680_S_GON_01_ASEReadCounter.table","NW_015090842.1:10098608",2,12,10
"DPEP1","s1680_S_GON_01_ASEReadCounter.table","NW_015090842.1:10098630",1,9,8
"DPEP1","s1680_S_GON_01_ASEReadCounter.table","NW_015090842.1:10098659",1,11,10
"DPEP1","s1680_S_GON_01_ASEReadCounter.table","NW_015090842.1:10099765",1,6,5
"DPEP1","s1680_S_GON_01_ASEReadCounter.table","NW_015090842.1:10099985",2,9,7
"DPEP1","s1680_S_GON_01_ASEReadCounter.table","NW_015090842.1:10099986",2,9,7
"DPEP1","s1680_S_GON_01_ASEReadCounter.table","NW_015090842.1:10099991",4,11,7
"DPEP1","s1680_S_GON_01_ASEReadCounter.table","NW_015090842.1:10100044",4,10,6
"DPEP1","s1680_S_GON_01_ASEReadCounter.table","NW_015090842.1:10100045",4,10,6
"DPEP1","s1680_S_GON_01_ASEReadCounter.table","NW_015090842.1:10100084",2,6,4
"DPEP1","s1680_S_GON_01_ASEReadCounter.table","NW_015090842.1:10100295",3,13,10
"DPEP1","s1680_S_GON_01_ASEReadCounter.table","NW_015090842.1:10100529",3,11,8
"DPEP1","s1680_S_GON_01_ASEReadCounter.table","NW_015090842.1:10100893",5,15,10
"DPEP1","s1680_S_GON_01_ASEReadCounter.table","NW_015090842.1:10100902",4,17,13
"DPEP1","s1680_S_GON_01_ASEReadCounter.table","NW_015090842.1:10101072",5,18,13
"DPEP1","s1680_S_GON_01_ASEReadCounter.table","NW_015090842.1:10101199",4,18,14
"DPEP1","s1680_S_GON_01_ASEReadCounter.table","NW_015090842.1:10101483",2,22,20
"DPEP1","s1680_S_GON_01_ASEReadCounter.table","NW_015090842.1:10101497",1,25,24
"DPEP1","s1680_S_GON_01_ASEReadCounter.table","NW_015090842.1:10101525",3,23,20
"DPEP1","s1680_S_GON_01_ASEReadCounter.table","NW_015090842.1:10101875",6,22,16
"DPEP1","s1680_S_GON_01_ASEReadCounter.table","NW_015090842.1:10101913",6,18,12
"DPEP1","s1680_S_GON_01_ASEReadCounter.table","NW_015090842.1:10101996",5,18,13
"DPEP1","s1680_S_GON_01_ASEReadCounter.table","NW_015090842.1:10102014",4,13,9
"DPEP1","s1680_S_GON_01_ASEReadCounter.table","NW_015090842.1:10102035",2,8,6
"DPEP1","s1680_S_GON_01_ASEReadCounter.table","NW_015090842.1:10102076",0,3,3
"DPEP1","s1680_S_GON_01_ASEReadCounter.table","NW_015090842.1:10102077",0,2,2
"CHMP1A","s1680_S_GON_01_ASEReadCounter.table","NW_015090842.1:10102901",79,205,126
"CHMP1A","s1680_S_GON_01_ASEReadCounter.table","NW_015090842.1:10102961",70,232,162
"CHMP1A","s1680_S_GON_01_ASEReadCounter.table","NW_015090842.1:10102996",62,222,160
"CHMP1A","s1680_S_GON_01_ASEReadCounter.table","NW_015090842.1:10103004",72,242,170
"CHMP1A","s1680_S_GON_01_ASEReadCounter.table","NW_015090842.1:10103006",72,243,171
"CHMP1A","s1680_S_GON_01_ASEReadCounter.table","NW_015090842.1:10103052",120,301,181
"CHMP1A","s1680_S_GON_01_ASEReadCounter.table","NW_015090842.1:10103095",134,297,163
"CHMP1A","s1680_S_GON_01_ASEReadCounter.table","NW_015090842.1:10103096",137,299,162
"CHMP1A","s1680_S_GON_01_ASEReadCounter.table","NW_015090842.1:10103152",113,232,119
"CHMP1A","s1680_S_GON_01_ASEReadCounter.table","NW_015090842.1:10103334",67,152,85
"CHMP1A","s1680_S_GON_01_ASEReadCounter.table","NW_015090842.1:10103373",30,136,106
"CHMP1A","s1680_S_GON_01_ASEReadCounter.table","NW_015090842.1:10103408",64,181,117
"CHMP1A","s1680_S_GON_01_ASEReadCounter.table","NW_015090842.1:10103412",70,188,118
"CHMP1A","s1680_S_GON_01_ASEReadCounter.table","NW_015090842.1:10103512",104,209,105
"CHMP1A","s1680_S_GON_01_ASEReadCounter.table","NW_015090842.1:10103513",104,208,104
"CHMP1A","s1680_S_GON_01_ASEReadCounter.table","NW_015090842.1:10103583",74,133,59
"CHMP1A","s1680_S_GON_01_ASEReadCounter.table","NW_015090842.1:10103614",73,130,57
"CHMP1A","s1680_S_GON_01_ASEReadCounter.table","NW_015090842.1:10103657",70,129,59
"CHMP1A","s1680_S_GON_01_ASEReadCounter.table","NW_015090842.1:10103669",63,124,61
"CHMP1A","s1680_S_GON_01_ASEReadCounter.table","NW_015090842.1:10103674",63,117,54
"CHMP1A","s1680_S_GON_01_ASEReadCounter.table","NW_015090842.1:10103677",59,113,54
"CHMP1A","s1680_S_GON_01_ASEReadCounter.table","NW_015090842.1:10103729",64,125,61
"CHMP1A","s1680_S_GON_01_ASEReadCounter.table","NW_015090842.1:10103758",65,125,60
"CHMP1A","s1680_S_GON_01_ASEReadCounter.table","NW_015090842.1:10103761",65,128,63
"CHMP1A","s1680_S_GON_01_ASEReadCounter.table","NW_015090842.1:10103788",66,147,81
"CHMP1A","s1680_S_GON_01_ASEReadCounter.table","NW_015090842.1:10103789",66,147,81
"CHMP1A","s1680_S_GON_01_ASEReadCounter.table","NW_015090842.1:10103790",63,145,82
"CHMP1A","s1680_S_GON_01_ASEReadCounter.table","NW_015090842.1:10103950",56,124,68
"CHMP1A","s1680_S_GON_01_ASEReadCounter.table","NW_015090842.1:10104335",44,84,40
"CHMP1A","s1680_S_GON_01_ASEReadCounter.table","NW_015090842.1:10104429",69,131,62
"CHMP1A","s1680_S_GON_01_ASEReadCounter.table","NW_015090842.1:10104532",60,127,67
"CHMP1A","s1680_S_GON_01_ASEReadCounter.table","NW_015090842.1:10104633",57,91,34
"CHMP1A","s1680_S_GON_01_ASEReadCounter.table","NW_015090842.1:10104759",40,80,40
"CHMP1A","s1680_S_GON_01_ASEReadCounter.table","NW_015090842.1:10104794",58,95,37
"CHMP1A","s1680_S_GON_01_ASEReadCounter.table","NW_015090842.1:10104844",41,68,27
"CHMP1A","s1680_S_GON_01_ASEReadCounter.table","NW_015090842.1:10106290",44,93,49
"CHMP1A","s1680_S_GON_01_ASEReadCounter.table","NW_015090842.1:10106335",42,95,53
"CHMP1A","s1680_S_GON_01_ASEReadCounter.table","NW_015090842.1:10106383",60,131,71
"CHMP1A","s1680_S_GON_01_ASEReadCounter.table","NW_015090842.1:10106747",44,116,72
"CHMP1A","s1680_S_GON_01_ASEReadCounter.table","NW_015090842.1:10107404",55,125,70
"CHMP1A","s1680_S_GON_01_ASEReadCounter.table","NW_015090842.1:10107410",56,125,69
"CHMP1A","s1680_S_GON_01_ASEReadCounter.table","NW_015090842.1:10107876",55,108,53
"CDK10","s1680_S_GON_01_ASEReadCounter.table","NW_015090842.1:10109030",8,8,0
"CDK10","s1680_S_GON_01_ASEReadCounter.table","NW_015090842.1:10109963",52,129,77
"CDK10","s1680_S_GON_01_ASEReadCounter.table","NW_015090842.1:10110887",48,117,69
"CDK10","s1680_S_GON_01_ASEReadCounter.table","NW_015090842.1:10111254",55,120,65
"CDK10","s1680_S_GON_01_ASEReadCounter.table","NW_015090842.1:10111380",55,134,79
"CDK10","s1680_S_GON_01_ASEReadCounter.table","NW_015090842.1:10111395",58,140,82
"CDK10","s1680_S_GON_01_ASEReadCounter.table","NW_015090842.1:10111437",31,112,81
"CDK10","s1680_S_GON_01_ASEReadCounter.table","NW_015090842.1:10111798",68,151,83
"CDK10","s1680_S_GON_01_ASEReadCounter.table","NW_015090842.1:10111840",84,180,96
"CDK10","s1680_S_GON_01_ASEReadCounter.table","NW_015090842.1:10112031",80,180,100
"CDK10","s1680_S_GON_01_ASEReadCounter.table","NW_015090842.1:10112285",88,212,124
"CDK10","s1680_S_GON_01_ASEReadCounter.table","NW_015090842.1:10112398",95,206,111
"CDK10","s1680_S_GON_01_ASEReadCounter.table","NW_015090842.1:10112455",84,200,116
"CDK10","s1680_S_GON_01_ASEReadCounter.table","NW_015090842.1:10112461",79,184,105
"CDK10","s1680_S_GON_01_ASEReadCounter.table","NW_015090842.1:10112497",62,158,96
"CDK10","s1680_S_GON_01_ASEReadCounter.table","NW_015090842.1:10112508",55,155,100
"CDK10","s1680_S_GON_01_ASEReadCounter.table","NW_015090842.1:10112518",39,130,91
"CDK10","s1680_S_GON_01_ASEReadCounter.table","NW_015090842.1:10112540",30,116,86
"CDK10","s1680_S_GON_01_ASEReadCounter.table","NW_015090842.1:10112556",65,150,85
"CDK10","s1680_S_GON_01_ASEReadCounter.table","NW_015090842.1:10112561",69,172,103
"CDK10","s1680_S_GON_01_ASEReadCounter.table","NW_015090842.1:10112596",78,191,113
"CDK10","s1680_S_GON_01_ASEReadCounter.table","NW_015090842.1:10112630",63,175,112
"CDK10","s1680_S_GON_01_ASEReadCounter.table","NW_015090842.1:10112656",62,169,107
"CDK10","s1680_S_GON_01_ASEReadCounter.table","NW_015090842.1:10112665",52,137,85
"CDK10","s1680_S_GON_01_ASEReadCounter.table","NW_015090842.1:10112668",53,140,87
"CDK10","s1680_S_GON_01_ASEReadCounter.table","NW_015090842.1:10112781",42,89,47
"CDK10","s1680_S_GON_01_ASEReadCounter.table","NW_015090842.1:10112782",42,90,48
"CDK10","s1680_S_GON_01_ASEReadCounter.table","NW_015090842.1:10112795",29,72,43
"CDK10","s1680_S_GON_01_ASEReadCounter.table","NW_015090842.1:10112841",11,25,14
"CDK10","s1680_S_GON_01_ASEReadCounter.table","NW_015090842.1:10112861",8,20,12
"SPATA2L","s1680_S_GON_01_ASEReadCounter.table","NW_015090842.1:10113212",3,13,10
"SPATA2L","s1680_S_GON_01_ASEReadCounter.table","NW_015090842.1:10113280",9,26,17
"SPATA2L","s1680_S_GON_01_ASEReadCounter.table","NW_015090842.1:10113296",11,31,20
"SPATA2L","s1680_S_GON_01_ASEReadCounter.table","NW_015090842.1:10113321",15,40,25
"SPATA2L","s1680_S_GON_01_ASEReadCounter.table","NW_015090842.1:10113332",17,42,25
"SPATA2L","s1680_S_GON_01_ASEReadCounter.table","NW_015090842.1:10113380",14,35,21
"SPATA2L","s1680_S_GON_01_ASEReadCounter.table","NW_015090842.1:10113381",14,36,22
"SPATA2L","s1680_S_GON_01_ASEReadCounter.table","NW_015090842.1:10113412",10,33,23
"SPATA2L","s1680_S_GON_01_ASEReadCounter.table","NW_015090842.1:10113421",10,31,21
"SPATA2L","s1680_S_GON_01_ASEReadCounter.table","NW_015090842.1:10113465",9,28,19
"SPATA2L","s1680_S_GON_01_ASEReadCounter.table","NW_015090842.1:10113535",13,22,9
"SPATA2L","s1680_S_GON_01_ASEReadCounter.table","NW_015090842.1:10113645",11,27,16
"SPATA2L","s1680_S_GON_01_ASEReadCounter.table","NW_015090842.1:10113682",14,37,23
"SPATA2L","s1680_S_GON_01_ASEReadCounter.table","NW_015090842.1:10113696",10,33,23
"SPATA2L","s1680_S_GON_01_ASEReadCounter.table","NW_015090842.1:10113727",8,42,34
"SPATA2L","s1680_S_GON_01_ASEReadCounter.table","NW_015090842.1:10113729",40,40,0
"SPATA2L","s1680_S_GON_01_ASEReadCounter.table","NW_015090842.1:10113799",17,49,32
"SPATA2L","s1680_S_GON_01_ASEReadCounter.table","NW_015090842.1:10113809",16,44,28
"SPATA2L","s1680_S_GON_01_ASEReadCounter.table","NW_015090842.1:10113827",16,45,29
"SPATA2L","s1680_S_GON_01_ASEReadCounter.table","NW_015090842.1:10113831",18,50,32
"SPATA2L","s1680_S_GON_01_ASEReadCounter.table","NW_015090842.1:10113894",8,29,21
"SPATA2L","s1680_S_GON_01_ASEReadCounter.table","NW_015090842.1:10113905",5,26,21
"SPATA2L","s1680_S_GON_01_ASEReadCounter.table","NW_015090842.1:10113914",7,28,21
"SPATA2L","s1680_S_GON_01_ASEReadCounter.table","NW_015090842.1:10113920",9,31,22
"SPATA2L","s1680_S_GON_01_ASEReadCounter.table","NW_015090842.1:10113937",13,33,20
"SPATA2L","s1680_S_GON_01_ASEReadCounter.table","NW_015090842.1:10113971",12,29,17
"SPATA2L","s1680_S_GON_01_ASEReadCounter.table","NW_015090842.1:10113976",9,28,19
"SPATA2L","s1680_S_GON_01_ASEReadCounter.table","NW_015090842.1:10113985",10,26,16
"SPATA2L","s1680_S_GON_01_ASEReadCounter.table","NW_015090842.1:10113994",10,29,19
"SPATA2L","s1680_S_GON_01_ASEReadCounter.table","NW_015090842.1:10114063",9,23,14
"SPATA2L","s1680_S_GON_01_ASEReadCounter.table","NW_015090842.1:10114066",10,25,15
"SPATA2L","s1680_S_GON_01_ASEReadCounter.table","NW_015090842.1:10114069",10,25,15
"SPATA2L","s1680_S_GON_01_ASEReadCounter.table","NW_015090842.1:10114159",10,23,13
"SPATA2L","s1680_S_GON_01_ASEReadCounter.table","NW_015090842.1:10114262",21,21,0
"SPATA2L","s1680_S_GON_01_ASEReadCounter.table","NW_015090842.1:10114470",6,23,17
"SPATA2L","s1680_S_GON_01_ASEReadCounter.table","NW_015090842.1:10114524",3,13,10
"VPS9D1","s1680_S_GON_01_ASEReadCounter.table","NW_015090842.1:10116377",3,6,3
"VPS9D1","s1680_S_GON_01_ASEReadCounter.table","NW_015090842.1:10116415",5,8,3
"VPS9D1","s1680_S_GON_01_ASEReadCounter.table","NW_015090842.1:10116607",4,8,4
"VPS9D1","s1680_S_GON_01_ASEReadCounter.table","NW_015090842.1:10116821",7,10,3
"VPS9D1","s1680_S_GON_01_ASEReadCounter.table","NW_015090842.1:10116825",7,10,3
"VPS9D1","s1680_S_GON_01_ASEReadCounter.table","NW_015090842.1:10116882",4,6,2
"VPS9D1","s1680_S_GON_01_ASEReadCounter.table","NW_015090842.1:10116933",3,7,4
"VPS9D1","s1680_S_GON_01_ASEReadCounter.table","NW_015090842.1:10116942",3,7,4
"VPS9D1","s1680_S_GON_01_ASEReadCounter.table","NW_015090842.1:10117480",5,8,3
"VPS9D1","s1680_S_GON_01_ASEReadCounter.table","NW_015090842.1:10117497",5,9,4
"VPS9D1","s1680_S_GON_01_ASEReadCounter.table","NW_015090842.1:10117499",5,9,4
"VPS9D1","s1680_S_GON_01_ASEReadCounter.table","NW_015090842.1:10117516",5,10,5
"VPS9D1","s1680_S_GON_01_ASEReadCounter.table","NW_015090842.1:10117525",5,10,5
"VPS9D1","s1680_S_GON_01_ASEReadCounter.table","NW_015090842.1:10117579",2,8,6
"VPS9D1","s1680_S_GON_01_ASEReadCounter.table","NW_015090842.1:10117627",1,4,3
"VPS9D1","s1680_S_GON_01_ASEReadCounter.table","NW_015090842.1:10117678",0,2,2
"VPS9D1","s1680_S_GON_01_ASEReadCounter.table","NW_015090842.1:10117773",1,7,6
"VPS9D1","s1680_S_GON_01_ASEReadCounter.table","NW_015090842.1:10117937",4,9,5
"VPS9D1","s1680_S_GON_01_ASEReadCounter.table","NW_015090842.1:10117961",4,8,4
"VPS9D1","s1680_S_GON_01_ASEReadCounter.table","NW_015090842.1:10118236",3,7,4
"VPS9D1","s1680_S_GON_01_ASEReadCounter.table","NW_015090842.1:10118414",3,4,1
"VPS9D1","s1680_S_GON_01_ASEReadCounter.table","NW_015090842.1:10118973",3,3,0
"VPS9D1","s1680_S_GON_01_ASEReadCounter.table","NW_015090842.1:10119500",3,4,1
"ZNF276","s1680_S_GON_01_ASEReadCounter.table","NW_015090842.1:10121760",4,6,2
"ZNF276","s1680_S_GON_01_ASEReadCounter.table","NW_015090842.1:10121769",4,6,2
"ZNF276","s1680_S_GON_01_ASEReadCounter.table","NW_015090842.1:10121802",5,8,3
"ZNF276","s1680_S_GON_01_ASEReadCounter.table","NW_015090842.1:10121971",6,13,7
"ZNF276","s1680_S_GON_01_ASEReadCounter.table","NW_015090842.1:10122161",16,16,0
"ZNF276","s1680_S_GON_01_ASEReadCounter.table","NW_015090842.1:10122164",16,16,0
"ZNF276","s1680_S_GON_01_ASEReadCounter.table","NW_015090842.1:10122184",15,15,0
"ZNF276","s1680_S_GON_01_ASEReadCounter.table","NW_015090842.1:10122883",3,9,6
"ZNF276","s1680_S_GON_01_ASEReadCounter.table","NW_015090842.1:10122997",4,7,3
"ZNF276","s1680_S_GON_01_ASEReadCounter.table","NW_015090842.1:10123069",5,12,7
"ZNF276","s1680_S_GON_01_ASEReadCounter.table","NW_015090842.1:10123207",7,16,9
"ZNF276","s1680_S_GON_01_ASEReadCounter.table","NW_015090842.1:10125787",7,20,13
"ZNF276","s1680_S_GON_01_ASEReadCounter.table","NW_015090842.1:10126309",10,23,13
"ZNF276","s1680_S_GON_01_ASEReadCounter.table","NW_015090842.1:10126348",11,29,18
"ZNF276","s1680_S_GON_01_ASEReadCounter.table","NW_015090842.1:10126978",10,25,15
"ZNF276","s1680_S_GON_01_ASEReadCounter.table","NW_015090842.1:10126991",9,22,13
"ZNF276","s1680_S_GON_01_ASEReadCounter.table","NW_015090842.1:10127023",12,26,14
"ZNF276","s1680_S_GON_01_ASEReadCounter.table","NW_015090842.1:10127063",7,20,13
"ZNF276","s1680_S_GON_01_ASEReadCounter.table","NW_015090842.1:10127373",8,18,10
"ZNF276","s1680_S_GON_01_ASEReadCounter.table","NW_015090842.1:10127931",15,36,21
"ZNF276","s1680_S_GON_01_ASEReadCounter.table","NW_015090842.1:10128070",16,36,20
"ZNF276","s1680_S_GON_01_ASEReadCounter.table","NW_015090842.1:10128102",14,36,22
"ZNF276","s1680_S_GON_01_ASEReadCounter.table","NW_015090842.1:10128356",24,51,27
"ZNF276","s1680_S_GON_01_ASEReadCounter.table","NW_015090842.1:10128497",19,45,26
"FANCA","s1680_S_GON_01_ASEReadCounter.table","NW_015090842.1:10128743",22,44,22
"FANCA","s1680_S_GON_01_ASEReadCounter.table","NW_015090842.1:10128822",30,55,25
"FANCA","s1680_S_GON_01_ASEReadCounter.table","NW_015090842.1:10129383",31,50,19
"FANCA","s1680_S_GON_01_ASEReadCounter.table","NW_015090842.1:10129390",30,50,20
"FANCA","s1680_S_GON_01_ASEReadCounter.table","NW_015090842.1:10129422",31,55,24
"FANCA","s1680_S_GON_01_ASEReadCounter.table","NW_015090842.1:10129969",27,41,14
"FANCA","s1680_S_GON_01_ASEReadCounter.table","NW_015090842.1:10130399",28,54,26
"FANCA","s1680_S_GON_01_ASEReadCounter.table","NW_015090842.1:10130857",18,34,16
"FANCA","s1680_S_GON_01_ASEReadCounter.table","NW_015090842.1:10130878",17,33,16
"FANCA","s1680_S_GON_01_ASEReadCounter.table","NW_015090842.1:10133530",11,20,9
"FANCA","s1680_S_GON_01_ASEReadCounter.table","NW_015090842.1:10133533",11,19,8
"FANCA","s1680_S_GON_01_ASEReadCounter.table","NW_015090842.1:10133536",11,19,8
"FANCA","s1680_S_GON_01_ASEReadCounter.table","NW_015090842.1:10133601",11,19,8
"FANCA","s1680_S_GON_01_ASEReadCounter.table","NW_015090842.1:10134492",13,22,9
"FANCA","s1680_S_GON_01_ASEReadCounter.table","NW_015090842.1:10136957",9,21,12
"FANCA","s1680_S_GON_01_ASEReadCounter.table","NW_015090842.1:10136982",4,14,10
"FANCA","s1680_S_GON_01_ASEReadCounter.table","NW_015090842.1:10136999",2,12,10
"FANCA","s1680_S_GON_01_ASEReadCounter.table","NW_015090842.1:10137019",4,14,10
"FANCA","s1680_S_GON_01_ASEReadCounter.table","NW_015090842.1:10137673",3,8,5
"FANCA","s1680_S_GON_01_ASEReadCounter.table","NW_015090842.1:10138618",2,9,7
"FANCA","s1680_S_GON_01_ASEReadCounter.table","NW_015090842.1:10139140",2,6,4
"FANCA","s1680_S_GON_01_ASEReadCounter.table","NW_015090842.1:10140699",2,6,4
"FANCA","s1680_S_GON_01_ASEReadCounter.table","NW_015090842.1:10141234",4,6,2
"FANCA","s1680_S_GON_01_ASEReadCounter.table","NW_015090842.1:10145030",1,2,1
"FANCA","s1680_S_GON_01_ASEReadCounter.table","NW_015090842.1:10150518",1,1,0
"FANCA","s1680_S_GON_01_ASEReadCounter.table","NW_015090842.1:10152863",2,3,1
"FANCA","s1680_S_GON_01_ASEReadCounter.table","NW_015090842.1:10154490",1,2,1
"FANCA","s1680_S_GON_01_ASEReadCounter.table","NW_015090842.1:10158162",5,7,2
"FANCA","s1680_S_GON_01_ASEReadCounter.table","NW_015090842.1:10158957",3,4,1
"FANCA","s1680_S_GON_01_ASEReadCounter.table","NW_015090842.1:10160177",2,4,2
"FANCA","s1680_S_GON_01_ASEReadCounter.table","NW_015090842.1:10163667",2,2,0
"FANCA","s1680_S_GON_01_ASEReadCounter.table","NW_015090842.1:10164257",0,2,2
"FANCA","s1680_S_GON_01_ASEReadCounter.table","NW_015090842.1:10165331",1,3,2
"SPIRE2","s1680_S_GON_01_ASEReadCounter.table","NW_015090842.1:10172284",1,1,0
"SPIRE2","s1680_S_GON_01_ASEReadCounter.table","NW_015090842.1:10175352",1,1,0
"SPIRE2","s1680_S_GON_01_ASEReadCounter.table","NW_015090842.1:10175400",3,3,0
"SPIRE2","s1680_S_GON_01_ASEReadCounter.table","NW_015090842.1:10175418",3,3,0
"SPIRE2","s1680_S_GON_01_ASEReadCounter.table","NW_015090842.1:10175704",14,15,1
"SPIRE2","s1680_S_GON_01_ASEReadCounter.table","NW_015090842.1:10176115",8,8,0
"SPIRE2","s1680_S_GON_01_ASEReadCounter.table","NW_015090842.1:10176561",10,11,1
"SPIRE2","s1680_S_GON_01_ASEReadCounter.table","NW_015090842.1:10176817",8,8,0
"SPIRE2","s1680_S_GON_01_ASEReadCounter.table","NW_015090842.1:10177084",5,6,1
"SPIRE2","s1680_S_GON_01_ASEReadCounter.table","NW_015090842.1:10177838",11,11,0
"SPIRE2","s1680_S_GON_01_ASEReadCounter.table","NW_015090842.1:10178000",9,10,1
"SPIRE2","s1680_S_GON_01_ASEReadCounter.table","NW_015090842.1:10178164",12,14,2
"SPIRE2","s1680_S_GON_01_ASEReadCounter.table","NW_015090842.1:10178216",12,14,2
"SPIRE2","s1680_S_GON_01_ASEReadCounter.table","NW_015090842.1:10178303",11,13,2
"SPIRE2","s1680_S_GON_01_ASEReadCounter.table","NW_015090842.1:10178403",10,12,2
"SPIRE2","s1680_S_GON_01_ASEReadCounter.table","NW_015090842.1:10178409",11,13,2
"SPIRE2","s1680_S_GON_01_ASEReadCounter.table","NW_015090842.1:10178524",5,8,3
"SPIRE2","s1680_S_GON_01_ASEReadCounter.table","NW_015090842.1:10178526",5,8,3
"SPIRE2","s1680_S_GON_01_ASEReadCounter.table","NW_015090842.1:10178531",5,8,3
"SPIRE2","s1680_S_GON_01_ASEReadCounter.table","NW_015090842.1:10178565",6,9,3
"SPIRE2","s1680_S_GON_01_ASEReadCounter.table","NW_015090842.1:10178587",6,9,3
"SPIRE2","s1680_S_GON_01_ASEReadCounter.table","NW_015090842.1:10178640",7,9,2
"SPIRE2","s1680_S_GON_01_ASEReadCounter.table","NW_015090842.1:10178651",8,11,3
"SPIRE2","s1680_S_GON_01_ASEReadCounter.table","NW_015090842.1:10178682",6,8,2
"TCF25","s1680_S_GON_01_ASEReadCounter.table","NW_015090842.1:10180912",21,56,35
"TCF25","s1680_S_GON_01_ASEReadCounter.table","NW_015090842.1:10180924",22,57,35
"TCF25","s1680_S_GON_01_ASEReadCounter.table","NW_015090842.1:10180931",22,57,35
"TCF25","s1680_S_GON_01_ASEReadCounter.table","NW_015090842.1:10185332",107,193,86
"TCF25","s1680_S_GON_01_ASEReadCounter.table","NW_015090842.1:10196561",87,187,100
"TCF25","s1680_S_GON_01_ASEReadCounter.table","NW_015090842.1:10197399",265,265,0
"MC1R","s1680_S_GON_01_ASEReadCounter.table","NW_015090842.1:10202160",1,1,0
"GAS8","s1680_S_GON_01_ASEReadCounter.table","NW_015090842.1:10228982",349,779,430
"GAS8","s1680_S_GON_01_ASEReadCounter.table","NW_015090842.1:10229832",447,899,452
"GAS8","s1680_S_GON_01_ASEReadCounter.table","NW_015090842.1:10232901",441,968,527
"GAS8","s1680_S_GON_01_ASEReadCounter.table","NW_015090842.1:10232928",363,771,408
"GAS8","s1680_S_GON_01_ASEReadCounter.table","NW_015090842.1:10232967",299,656,357
"GAS8","s1680_S_GON_01_ASEReadCounter.table","NW_015090842.1:10233032",175,390,215
"GAS8","s1680_S_GON_01_ASEReadCounter.table","NW_015090842.1:10233057",148,311,163
"GAS8","s1680_S_GON_01_ASEReadCounter.table","NW_015090842.1:10233058",148,319,171
"GAS8","s1680_S_GON_01_ASEReadCounter.table","NW_015090842.1:10233176",137,298,161
"GAS8","s1680_S_GON_01_ASEReadCounter.table","NW_015090842.1:10233196",136,286,150
"GAS8","s1680_S_GON_01_ASEReadCounter.table","NW_015090842.1:10233252",94,203,109
"GAS8","s1680_S_GON_01_ASEReadCounter.table","NW_015090842.1:10233303",35,87,52
"LOC106888094","s1680_S_GON_01_ASEReadCounter.table","NW_015090842.1:10233334",1,13,12
"LOC106888094","s1680_S_GON_01_ASEReadCounter.table","NW_015090842.1:10233362",7,29,22
"LOC106888094","s1680_S_GON_01_ASEReadCounter.table","NW_015090842.1:10233373",7,29,22
"LOC106888094","s1680_S_GON_01_ASEReadCounter.table","NW_015090842.1:10233388",12,35,23
"LOC106888094","s1680_S_GON_01_ASEReadCounter.table","NW_015090842.1:10233402",14,38,24
"LOC106888094","s1680_S_GON_01_ASEReadCounter.table","NW_015090842.1:10233465",20,52,32
"LOC106888094","s1680_S_GON_01_ASEReadCounter.table","NW_015090842.1:10233803",35,82,47
"LOC106888094","s1680_S_GON_01_ASEReadCounter.table","NW_015090842.1:10233815",28,73,45
"LOC106888094","s1680_S_GON_01_ASEReadCounter.table","NW_015090842.1:10235484",15,18,3
"LOC106888094","s1680_S_GON_01_ASEReadCounter.table","NW_015090842.1:10235611",10,20,10
"LOC106888094","s1680_S_GON_01_ASEReadCounter.table","NW_015090842.1:10235977",9,9,0
"LOC106888094","s1680_S_GON_01_ASEReadCounter.table","NW_015090842.1:10236098",6,7,1
"LOC106888094","s1680_S_GON_01_ASEReadCounter.table","NW_015090842.1:10236161",5,6,1
"LOC106888094","s1680_S_GON_01_ASEReadCounter.table","NW_015090842.1:10236380",4,6,2
"LOC106888094","s1680_S_GON_01_ASEReadCounter.table","NW_015090842.1:10236388",4,5,1
"LOC106888094","s1680_S_GON_01_ASEReadCounter.table","NW_015090842.1:10236425",2,3,1
"LOC106888094","s1680_S_GON_01_ASEReadCounter.table","NW_015090842.1:10236426",2,3,1
"LOC106888094","s1680_S_GON_01_ASEReadCounter.table","NW_015090842.1:10236603",1,2,1
"LOC106888173","s1680_S_GON_01_ASEReadCounter.table","NW_015090842.1:10240036",2,4,2
"LOC106888173","s1680_S_GON_01_ASEReadCounter.table","NW_015090842.1:10240095",1,3,2
"LOC106888173","s1680_S_GON_01_ASEReadCounter.table","NW_015090842.1:10240280",1,4,3
"LOC106888173","s1680_S_GON_01_ASEReadCounter.table","NW_015090842.1:10240557",2,4,2
"LOC106888173","s1680_S_GON_01_ASEReadCounter.table","NW_015090842.1:10240603",3,4,1
"LOC106888173","s1680_S_GON_01_ASEReadCounter.table","NW_015090842.1:10240609",3,5,2
"LOC106888173","s1680_S_GON_01_ASEReadCounter.table","NW_015090842.1:10240924",0,4,4
"LOC106888173","s1680_S_GON_01_ASEReadCounter.table","NW_015090842.1:10241037",1,4,3
"LOC106888173","s1680_S_GON_01_ASEReadCounter.table","NW_015090842.1:10241046",1,4,3
"LOC106888173","s1680_S_GON_01_ASEReadCounter.table","NW_015090842.1:10241058",1,5,4
"LOC106888173","s1680_S_GON_01_ASEReadCounter.table","NW_015090842.1:10241064",0,3,3
"LOC106888173","s1680_S_GON_01_ASEReadCounter.table","NW_015090842.1:10241163",3,6,3
"LOC106888173","s1680_S_GON_01_ASEReadCounter.table","NW_015090842.1:10241803",7,11,4
"LOC106888173","s1680_S_GON_01_ASEReadCounter.table","NW_015090842.1:10241827",6,8,2
"LOC106888173","s1680_S_GON_01_ASEReadCounter.table","NW_015090842.1:10241869",4,7,3
"LOC106888173","s1680_S_GON_01_ASEReadCounter.table","NW_015090842.1:10242079",1,4,3
"LOC106888173","s1680_S_GON_01_ASEReadCounter.table","NW_015090842.1:10242103",1,5,4
"LOC106888173","s1680_S_GON_01_ASEReadCounter.table","NW_015090842.1:10242157",5,11,6
"LOC106888173","s1680_S_GON_01_ASEReadCounter.table","NW_015090842.1:10242455",8,11,3
"LOC106888173","s1680_S_GON_01_ASEReadCounter.table","NW_015090842.1:10242481",5,8,3
"LOC106888173","s1680_S_GON_01_ASEReadCounter.table","NW_015090842.1:10242590",7,10,3
"LOC106888173","s1680_S_GON_01_ASEReadCounter.table","NW_015090842.1:10242794",7,12,5
"LOC106888173","s1680_S_GON_01_ASEReadCounter.table","NW_015090842.1:10242909",6,10,4
"LOC106888173","s1680_S_GON_01_ASEReadCounter.table","NW_015090842.1:10243094",12,16,4
"LOC106888173","s1680_S_GON_01_ASEReadCounter.table","NW_015090842.1:10243133",9,14,5
"LOC106888173","s1680_S_GON_01_ASEReadCounter.table","NW_015090842.1:10243273",17,22,5
"LOC106888173","s1680_S_GON_01_ASEReadCounter.table","NW_015090842.1:10243278",20,26,6
"LOC106888173","s1680_S_GON_01_ASEReadCounter.table","NW_015090842.1:10243281",20,26,6
"LOC106888173","s1680_S_GON_01_ASEReadCounter.table","NW_015090842.1:10243347",20,20,0
"LOC106888173","s1680_S_GON_01_ASEReadCounter.table","NW_015090842.1:10243353",17,20,3
"LOC106888173","s1680_S_GON_01_ASEReadCounter.table","NW_015090842.1:10243363",14,16,2
"LOC106888173","s1680_S_GON_01_ASEReadCounter.table","NW_015090842.1:10243365",13,16,3
"LOC106888173","s1680_S_GON_01_ASEReadCounter.table","NW_015090842.1:10243529",12,17,5
"LOC106888173","s1680_S_GON_01_ASEReadCounter.table","NW_015090842.1:10243566",17,25,8
"LOC106888173","s1680_S_GON_01_ASEReadCounter.table","NW_015090842.1:10243605",17,30,13
"LOC106888173","s1680_S_GON_01_ASEReadCounter.table","NW_015090842.1:10243614",15,28,13
"LOC106888173","s1680_S_GON_01_ASEReadCounter.table","NW_015090842.1:10243615",15,28,13
"LOC106888173","s1680_S_GON_01_ASEReadCounter.table","NW_015090842.1:10243640",17,28,11
"LOC106888173","s1680_S_GON_01_ASEReadCounter.table","NW_015090842.1:10243680",18,25,7
"LOC106888173","s1680_S_GON_01_ASEReadCounter.table","NW_015090842.1:10243742",24,31,7
"LOC106888173","s1680_S_GON_01_ASEReadCounter.table","NW_015090842.1:10243804",18,23,5
"LOC106888173","s1680_S_GON_01_ASEReadCounter.table","NW_015090842.1:10243913",7,12,5
"LOC106888173","s1680_S_GON_01_ASEReadCounter.table","NW_015090842.1:10243921",7,12,5
"LOC106888384","s1680_S_GON_01_ASEReadCounter.table","NW_015090842.1:10244998",0,1,1
"LOC106888384","s1680_S_GON_01_ASEReadCounter.table","NW_015090842.1:10250743",1,2,1
"LOC106888384","s1680_S_GON_01_ASEReadCounter.table","NW_015090842.1:10250771",1,2,1
"LOC106888384","s1680_S_GON_01_ASEReadCounter.table","NW_015090842.1:10253165",1,1,0
"LOC106888384","s1680_S_GON_01_ASEReadCounter.table","NW_015090842.1:10253284",0,1,1
"LOC106888384","s1680_S_GON_01_ASEReadCounter.table","NW_015090842.1:10253605",1,3,2
"LOC106888384","s1680_S_GON_01_ASEReadCounter.table","NW_015090842.1:10254028",1,2,1
"LOC106888384","s1680_S_GON_01_ASEReadCounter.table","NW_015090842.1:10254227",1,2,1
"LOC106888384","s1680_S_GON_01_ASEReadCounter.table","NW_015090842.1:10254233",1,2,1
"LOC106888384","s1680_S_GON_01_ASEReadCounter.table","NW_015090842.1:10254263",1,2,1
"LOC106888384","s1680_S_GON_01_ASEReadCounter.table","NW_015090842.1:10254293",1,1,0
"LOC106888384","s1680_S_GON_01_ASEReadCounter.table","NW_015090842.1:10254570",1,1,0
"LOC106888384","s1680_S_GON_01_ASEReadCounter.table","NW_015090842.1:10254647",1,1,0
"LOC106888384","s1680_S_GON_01_ASEReadCounter.table","NW_015090842.1:10254663",1,1,0
"LOC106888384","s1680_S_GON_01_ASEReadCounter.table","NW_015090842.1:10254975",1,2,1
"LOC106888384","s1680_S_GON_01_ASEReadCounter.table","NW_015090842.1:10255077",3,8,5
"LOC106888384","s1680_S_GON_01_ASEReadCounter.table","NW_015090842.1:10255117",3,7,4
"LOC106888384","s1680_S_GON_01_ASEReadCounter.table","NW_015090842.1:10255138",3,10,7
"LOC106888384","s1680_S_GON_01_ASEReadCounter.table","NW_015090842.1:10255139",1,8,7
"LOC106888384","s1680_S_GON_01_ASEReadCounter.table","NW_015090842.1:10255209",2,8,6
"LOC106888384","s1680_S_GON_01_ASEReadCounter.table","NW_015090842.1:10255211",2,8,6
"LOC106888384","s1680_S_GON_01_ASEReadCounter.table","NW_015090842.1:10255236",6,13,7
"LOC106888384","s1680_S_GON_01_ASEReadCounter.table","NW_015090842.1:10255262",3,12,9
"LOC106888384","s1680_S_GON_01_ASEReadCounter.table","NW_015090842.1:10255264",4,14,10
"LOC106888384","s1680_S_GON_01_ASEReadCounter.table","NW_015090842.1:10255306",9,19,10
"LOC106888384","s1680_S_GON_01_ASEReadCounter.table","NW_015090842.1:10255340",7,16,9
"LOC106888384","s1680_S_GON_01_ASEReadCounter.table","NW_015090842.1:10255410",9,23,14
"LOC106888384","s1680_S_GON_01_ASEReadCounter.table","NW_015090842.1:10255449",7,24,17
"LOC106888384","s1680_S_GON_01_ASEReadCounter.table","NW_015090842.1:10255496",4,20,16
"LOC106888384","s1680_S_GON_01_ASEReadCounter.table","NW_015090842.1:10255505",6,20,14
"LOC106888384","s1680_S_GON_01_ASEReadCounter.table","NW_015090842.1:10255531",10,28,18
"LOC106888384","s1680_S_GON_01_ASEReadCounter.table","NW_015090842.1:10255608",15,40,25
"LOC106888384","s1680_S_GON_01_ASEReadCounter.table","NW_015090842.1:10255614",15,38,23
"LOC106888384","s1680_S_GON_01_ASEReadCounter.table","NW_015090842.1:10255704",212,249,37
"LOC106888384","s1680_S_GON_01_ASEReadCounter.table","NW_015090842.1:10255731",236,270,34
"LOC106888384","s1680_S_GON_01_ASEReadCounter.table","NW_015090842.1:10255771",202,225,23
"TANGO6","s1680_S_GON_01_ASEReadCounter.table","NW_015090842.1:10257782",42,51,9
"TANGO6","s1680_S_GON_01_ASEReadCounter.table","NW_015090842.1:10258162",10,17,7
"TANGO6","s1680_S_GON_01_ASEReadCounter.table","NW_015090842.1:10258185",10,17,7
"TANGO6","s1680_S_GON_01_ASEReadCounter.table","NW_015090842.1:10259267",11,21,10
"TANGO6","s1680_S_GON_01_ASEReadCounter.table","NW_015090842.1:10260250",42,64,22
"TANGO6","s1680_S_GON_01_ASEReadCounter.table","NW_015090842.1:10260979",22,45,23
"TANGO6","s1680_S_GON_01_ASEReadCounter.table","NW_015090842.1:10261599",22,48,26
"TANGO6","s1680_S_GON_01_ASEReadCounter.table","NW_015090842.1:10268425",53,105,52
"TANGO6","s1680_S_GON_01_ASEReadCounter.table","NW_015090842.1:10269831",36,86,50
"TANGO6","s1680_S_GON_01_ASEReadCounter.table","NW_015090842.1:10270813",44,86,42
"TANGO6","s1680_S_GON_01_ASEReadCounter.table","NW_015090842.1:10273952",12,20,8
"TANGO6","s1680_S_GON_01_ASEReadCounter.table","NW_015090842.1:10273970",15,23,8
"TANGO6","s1680_S_GON_01_ASEReadCounter.table","NW_015090842.1:10274018",14,23,9
"TANGO6","s1680_S_GON_01_ASEReadCounter.table","NW_015090842.1:10275974",19,26,7
"TANGO6","s1680_S_GON_01_ASEReadCounter.table","NW_015090842.1:10275976",19,26,7
"TANGO6","s1680_S_GON_01_ASEReadCounter.table","NW_015090842.1:10276123",20,28,8
"TANGO6","s1680_S_GON_01_ASEReadCounter.table","NW_015090842.1:10276271",13,18,5
"TANGO6","s1680_S_GON_01_ASEReadCounter.table","NW_015090842.1:10276272",11,16,5
"TANGO6","s1680_S_GON_01_ASEReadCounter.table","NW_015090842.1:10276275",14,20,6
"TANGO6","s1680_S_GON_01_ASEReadCounter.table","NW_015090842.1:10276278",14,20,6
"TANGO6","s1680_S_GON_01_ASEReadCounter.table","NW_015090842.1:10276368",13,19,6
"TANGO6","s1680_S_GON_01_ASEReadCounter.table","NW_015090842.1:10276373",14,20,6
"TANGO6","s1680_S_GON_01_ASEReadCounter.table","NW_015090842.1:10276630",16,24,8
"TANGO6","s1680_S_GON_01_ASEReadCounter.table","NW_015090842.1:10281498",32,38,6
"TANGO6","s1680_S_GON_01_ASEReadCounter.table","NW_015090842.1:10282842",24,35,11
"TANGO6","s1680_S_GON_01_ASEReadCounter.table","NW_015090842.1:10282863",21,33,12
"TANGO6","s1680_S_GON_01_ASEReadCounter.table","NW_015090842.1:10282869",22,35,13
"TANGO6","s1680_S_GON_01_ASEReadCounter.table","NW_015090842.1:10282903",21,40,19
"TANGO6","s1680_S_GON_01_ASEReadCounter.table","NW_015090842.1:10283757",38,61,23
"TANGO6","s1680_S_GON_01_ASEReadCounter.table","NW_015090842.1:10283785",37,61,24
"HAS3","s1680_S_GON_01_ASEReadCounter.table","NW_015090842.1:10288364",1,1,0
"HAS3","s1680_S_GON_01_ASEReadCounter.table","NW_015090842.1:10288405",1,1,0
"HAS3","s1680_S_GON_01_ASEReadCounter.table","NW_015090842.1:10289469",0,1,1
"HAS3","s1680_S_GON_01_ASEReadCounter.table","NW_015090842.1:10290375",3,6,3
"HAS3","s1680_S_GON_01_ASEReadCounter.table","NW_015090842.1:10290395",3,6,3
"HAS3","s1680_S_GON_01_ASEReadCounter.table","NW_015090842.1:10290561",2,4,2
"HAS3","s1680_S_GON_01_ASEReadCounter.table","NW_015090842.1:10290609",1,2,1
"HAS3","s1680_S_GON_01_ASEReadCounter.table","NW_015090842.1:10290723",2,2,0
"HAS3","s1680_S_GON_01_ASEReadCounter.table","NW_015090842.1:10290927",1,5,4
"HAS3","s1680_S_GON_01_ASEReadCounter.table","NW_015090842.1:10291004",3,8,5
"CHTF8","s1680_S_GON_01_ASEReadCounter.table","NW_015090842.1:10291319",34,56,22
"CHTF8","s1680_S_GON_01_ASEReadCounter.table","NW_015090842.1:10291342",41,71,30
"CHTF8","s1680_S_GON_01_ASEReadCounter.table","NW_015090842.1:10291491",43,80,37
"CHTF8","s1680_S_GON_01_ASEReadCounter.table","NW_015090842.1:10291520",43,83,40
"CHTF8","s1680_S_GON_01_ASEReadCounter.table","NW_015090842.1:10291593",49,87,38
"CHTF8","s1680_S_GON_01_ASEReadCounter.table","NW_015090842.1:10291600",46,84,38
"CHTF8","s1680_S_GON_01_ASEReadCounter.table","NW_015090842.1:10291609",45,82,37
"CHTF8","s1680_S_GON_01_ASEReadCounter.table","NW_015090842.1:10291639",48,85,37
"CHTF8","s1680_S_GON_01_ASEReadCounter.table","NW_015090842.1:10291641",46,85,39
"CHTF8","s1680_S_GON_01_ASEReadCounter.table","NW_015090842.1:10291648",59,100,41
"CHTF8","s1680_S_GON_01_ASEReadCounter.table","NW_015090842.1:10291656",55,96,41
"CHTF8","s1680_S_GON_01_ASEReadCounter.table","NW_015090842.1:10291675",53,95,42
"CHTF8","s1680_S_GON_01_ASEReadCounter.table","NW_015090842.1:10291696",46,85,39
"CHTF8","s1680_S_GON_01_ASEReadCounter.table","NW_015090842.1:10291714",46,91,45
"CHTF8","s1680_S_GON_01_ASEReadCounter.table","NW_015090842.1:10291732",48,95,47
"CHTF8","s1680_S_GON_01_ASEReadCounter.table","NW_015090842.1:10291755",43,88,45
"CHTF8","s1680_S_GON_01_ASEReadCounter.table","NW_015090842.1:10291756",43,84,41
"CHTF8","s1680_S_GON_01_ASEReadCounter.table","NW_015090842.1:10291758",43,89,46
"CHTF8","s1680_S_GON_01_ASEReadCounter.table","NW_015090842.1:10291792",60,104,44
"CHTF8","s1680_S_GON_01_ASEReadCounter.table","NW_015090842.1:10291895",52,102,50
"CHTF8","s1680_S_GON_01_ASEReadCounter.table","NW_015090842.1:10292132",45,80,35
"CHTF8","s1680_S_GON_01_ASEReadCounter.table","NW_015090842.1:10292314",48,78,30
"CHTF8","s1680_S_GON_01_ASEReadCounter.table","NW_015090842.1:10292317",48,80,32
"CHTF8","s1680_S_GON_01_ASEReadCounter.table","NW_015090842.1:10292928",16,25,9
"UTP4","s1680_S_GON_01_ASEReadCounter.table","NW_015090842.1:10293146",6,11,5
"UTP4","s1680_S_GON_01_ASEReadCounter.table","NW_015090842.1:10293151",6,10,4
"UTP4","s1680_S_GON_01_ASEReadCounter.table","NW_015090842.1:10293191",5,11,6
"UTP4","s1680_S_GON_01_ASEReadCounter.table","NW_015090842.1:10293362",4,10,6
"UTP4","s1680_S_GON_01_ASEReadCounter.table","NW_015090842.1:10293430",4,9,5
"UTP4","s1680_S_GON_01_ASEReadCounter.table","NW_015090842.1:10293625",4,6,2
"UTP4","s1680_S_GON_01_ASEReadCounter.table","NW_015090842.1:10293684",6,11,5
"UTP4","s1680_S_GON_01_ASEReadCounter.table","NW_015090842.1:10294093",3,10,7
"UTP4","s1680_S_GON_01_ASEReadCounter.table","NW_015090842.1:10294568",5,10,5
"UTP4","s1680_S_GON_01_ASEReadCounter.table","NW_015090842.1:10294622",8,18,10
"UTP4","s1680_S_GON_01_ASEReadCounter.table","NW_015090842.1:10294632",8,18,10
"UTP4","s1680_S_GON_01_ASEReadCounter.table","NW_015090842.1:10295238",4,17,13
"UTP4","s1680_S_GON_01_ASEReadCounter.table","NW_015090842.1:10295880",9,21,12
"UTP4","s1680_S_GON_01_ASEReadCounter.table","NW_015090842.1:10295884",8,21,13
"UTP4","s1680_S_GON_01_ASEReadCounter.table","NW_015090842.1:10295903",7,20,13
"UTP4","s1680_S_GON_01_ASEReadCounter.table","NW_015090842.1:10295906",7,20,13
"UTP4","s1680_S_GON_01_ASEReadCounter.table","NW_015090842.1:10295915",8,22,14
"UTP4","s1680_S_GON_01_ASEReadCounter.table","NW_015090842.1:10295938",5,17,12
"UTP4","s1680_S_GON_01_ASEReadCounter.table","NW_015090842.1:10296175",10,22,12
"UTP4","s1680_S_GON_01_ASEReadCounter.table","NW_015090842.1:10296660",2,13,11
"UTP4","s1680_S_GON_01_ASEReadCounter.table","NW_015090842.1:10296679",5,16,11
"UTP4","s1680_S_GON_01_ASEReadCounter.table","NW_015090842.1:10297193",13,33,20
"UTP4","s1680_S_GON_01_ASEReadCounter.table","NW_015090842.1:10297220",19,34,15
"UTP4","s1680_S_GON_01_ASEReadCounter.table","NW_015090842.1:10297307",17,45,28
"UTP4","s1680_S_GON_01_ASEReadCounter.table","NW_015090842.1:10297558",22,60,38
"UTP4","s1680_S_GON_01_ASEReadCounter.table","NW_015090842.1:10297943",16,53,37
"UTP4","s1680_S_GON_01_ASEReadCounter.table","NW_015090842.1:10297979",13,49,36
"UTP4","s1680_S_GON_01_ASEReadCounter.table","NW_015090842.1:10298022",12,38,26
"UTP4","s1680_S_GON_01_ASEReadCounter.table","NW_015090842.1:10298079",1,6,5
"UTP4","s1680_S_GON_01_ASEReadCounter.table","NW_015090842.1:10298081",1,7,6
"UTP4","s1680_S_GON_01_ASEReadCounter.table","NW_015090842.1:10298082",1,8,7
"SNTB2","s1680_S_GON_01_ASEReadCounter.table","NW_015090842.1:10298905",0,1,1
"SNTB2","s1680_S_GON_01_ASEReadCounter.table","NW_015090842.1:10298928",0,1,1
"SNTB2","s1680_S_GON_01_ASEReadCounter.table","NW_015090842.1:10303506",5,15,10
"SNTB2","s1680_S_GON_01_ASEReadCounter.table","NW_015090842.1:10303524",5,16,11
"SNTB2","s1680_S_GON_01_ASEReadCounter.table","NW_015090842.1:10304059",6,14,8
"SNTB2","s1680_S_GON_01_ASEReadCounter.table","NW_015090842.1:10304089",9,19,10
"SNTB2","s1680_S_GON_01_ASEReadCounter.table","NW_015090842.1:10304167",8,17,9
"SNTB2","s1680_S_GON_01_ASEReadCounter.table","NW_015090842.1:10304176",6,14,8
"SNTB2","s1680_S_GON_01_ASEReadCounter.table","NW_015090842.1:10305069",5,11,6
"SNTB2","s1680_S_GON_01_ASEReadCounter.table","NW_015090842.1:10305099",7,17,10
"SNTB2","s1680_S_GON_01_ASEReadCounter.table","NW_015090842.1:10305451",4,8,4
"SNTB2","s1680_S_GON_01_ASEReadCounter.table","NW_015090842.1:10305547",3,10,7
"SNTB2","s1680_S_GON_01_ASEReadCounter.table","NW_015090842.1:10305847",5,11,6
"SNTB2","s1680_S_GON_01_ASEReadCounter.table","NW_015090842.1:10305911",7,13,6
"SNTB2","s1680_S_GON_01_ASEReadCounter.table","NW_015090842.1:10306173",4,11,7
"SNTB2","s1680_S_GON_01_ASEReadCounter.table","NW_015090842.1:10306275",1,10,9
"SNTB2","s1680_S_GON_01_ASEReadCounter.table","NW_015090842.1:10306457",1,9,8
"SNTB2","s1680_S_GON_01_ASEReadCounter.table","NW_015090842.1:10306496",2,11,9
"SNTB2","s1680_S_GON_01_ASEReadCounter.table","NW_015090842.1:10306499",2,11,9
"VPS4A","s1680_S_GON_01_ASEReadCounter.table","NW_015090842.1:10308566",42,118,76
"VPS4A","s1680_S_GON_01_ASEReadCounter.table","NW_015090842.1:10308573",46,129,83
"VPS4A","s1680_S_GON_01_ASEReadCounter.table","NW_015090842.1:10308856",63,195,132
"VPS4A","s1680_S_GON_01_ASEReadCounter.table","NW_015090842.1:10309056",96,256,160
"VPS4A","s1680_S_GON_01_ASEReadCounter.table","NW_015090842.1:10309089",98,279,181
"VPS4A","s1680_S_GON_01_ASEReadCounter.table","NW_015090842.1:10309392",98,278,180
"VPS4A","s1680_S_GON_01_ASEReadCounter.table","NW_015090842.1:10309413",106,313,207
"VPS4A","s1680_S_GON_01_ASEReadCounter.table","NW_015090842.1:10309467",119,366,247
"VPS4A","s1680_S_GON_01_ASEReadCounter.table","NW_015090842.1:10310230",114,345,231
"VPS4A","s1680_S_GON_01_ASEReadCounter.table","NW_015090842.1:10310425",127,376,249
"VPS4A","s1680_S_GON_01_ASEReadCounter.table","NW_015090842.1:10310639",153,454,301
"VPS4A","s1680_S_GON_01_ASEReadCounter.table","NW_015090842.1:10310640",152,457,305
"VPS4A","s1680_S_GON_01_ASEReadCounter.table","NW_015090842.1:10310687",168,458,290
"VPS4A","s1680_S_GON_01_ASEReadCounter.table","NW_015090842.1:10310734",125,347,222
"VPS4A","s1680_S_GON_01_ASEReadCounter.table","NW_015090842.1:10310737",126,358,232
"VPS4A","s1680_S_GON_01_ASEReadCounter.table","NW_015090842.1:10310746",126,353,227
"VPS4A","s1680_S_GON_01_ASEReadCounter.table","NW_015090842.1:10310767",142,376,234
"VPS4A","s1680_S_GON_01_ASEReadCounter.table","NW_015090842.1:10310995",230,538,308
"VPS4A","s1680_S_GON_01_ASEReadCounter.table","NW_015090842.1:10311004",225,512,287
"VPS4A","s1680_S_GON_01_ASEReadCounter.table","NW_015090842.1:10311007",221,524,303
"VPS4A","s1680_S_GON_01_ASEReadCounter.table","NW_015090842.1:10311013",227,521,294
"VPS4A","s1680_S_GON_01_ASEReadCounter.table","NW_015090842.1:10311022",205,492,287
"VPS4A","s1680_S_GON_01_ASEReadCounter.table","NW_015090842.1:10311023",203,492,289
"VPS4A","s1680_S_GON_01_ASEReadCounter.table","NW_015090842.1:10311426",211,570,359
"VPS4A","s1680_S_GON_01_ASEReadCounter.table","NW_015090842.1:10311489",3,17,14
"VPS4A","s1680_S_GON_01_ASEReadCounter.table","NW_015090842.1:10311490",3,11,8
"VPS4A","s1680_S_GON_01_ASEReadCounter.table","NW_015090842.1:10311525",14,37,23
"VPS4A","s1680_S_GON_01_ASEReadCounter.table","NW_015090842.1:10311529",15,50,35
"VPS4A","s1680_S_GON_01_ASEReadCounter.table","NW_015090842.1:10311530",15,53,38
"VPS4A","s1680_S_GON_01_ASEReadCounter.table","NW_015090842.1:10311552",38,94,56
"VPS4A","s1680_S_GON_01_ASEReadCounter.table","NW_015090842.1:10311689",25,81,56
"VPS4A","s1680_S_GON_01_ASEReadCounter.table","NW_015090842.1:10311700",32,90,58
"VPS4A","s1680_S_GON_01_ASEReadCounter.table","NW_015090842.1:10311701",32,95,63
"VPS4A","s1680_S_GON_01_ASEReadCounter.table","NW_015090842.1:10311703",32,96,64
"COG8","s1680_S_GON_01_ASEReadCounter.table","NW_015090842.1:10313487",9,34,25
"COG8","s1680_S_GON_01_ASEReadCounter.table","NW_015090842.1:10313559",18,45,27
"COG8","s1680_S_GON_01_ASEReadCounter.table","NW_015090842.1:10313579",19,43,24
"COG8","s1680_S_GON_01_ASEReadCounter.table","NW_015090842.1:10313665",13,39,26
"COG8","s1680_S_GON_01_ASEReadCounter.table","NW_015090842.1:10313681",14,38,24
"COG8","s1680_S_GON_01_ASEReadCounter.table","NW_015090842.1:10313768",22,48,26
"COG8","s1680_S_GON_01_ASEReadCounter.table","NW_015090842.1:10313775",21,48,27
"COG8","s1680_S_GON_01_ASEReadCounter.table","NW_015090842.1:10313811",17,40,23
"COG8","s1680_S_GON_01_ASEReadCounter.table","NW_015090842.1:10313858",18,36,18
"COG8","s1680_S_GON_01_ASEReadCounter.table","NW_015090842.1:10313859",36,36,0
"COG8","s1680_S_GON_01_ASEReadCounter.table","NW_015090842.1:10314100",19,46,27
"COG8","s1680_S_GON_01_ASEReadCounter.table","NW_015090842.1:10314213",24,46,22
"COG8","s1680_S_GON_01_ASEReadCounter.table","NW_015090842.1:10315093",15,36,21
"COG8","s1680_S_GON_01_ASEReadCounter.table","NW_015090842.1:10315162",14,34,20
"COG8","s1680_S_GON_01_ASEReadCounter.table","NW_015090842.1:10315285",16,28,12
"COG8","s1680_S_GON_01_ASEReadCounter.table","NW_015090842.1:10315360",10,22,12
"COG8","s1680_S_GON_01_ASEReadCounter.table","NW_015090842.1:10315369",9,22,13
"COG8","s1680_S_GON_01_ASEReadCounter.table","NW_015090842.1:10315508",5,15,10
"COG8","s1680_S_GON_01_ASEReadCounter.table","NW_015090842.1:10315624",7,23,16
"COG8","s1680_S_GON_01_ASEReadCounter.table","NW_015090842.1:10315693",7,23,16
"COG8","s1680_S_GON_01_ASEReadCounter.table","NW_015090842.1:10315698",7,22,15
"COG8","s1680_S_GON_01_ASEReadCounter.table","NW_015090842.1:10315768",5,17,12
"COG8","s1680_S_GON_01_ASEReadCounter.table","NW_015090842.1:10315769",5,18,13
"COG8","s1680_S_GON_01_ASEReadCounter.table","NW_015090842.1:10315784",9,21,12
"COG8","s1680_S_GON_01_ASEReadCounter.table","NW_015090842.1:10316093",10,19,9
"COG8","s1680_S_GON_01_ASEReadCounter.table","NW_015090842.1:10316133",10,20,10
"NIP7","s1680_S_GON_01_ASEReadCounter.table","NW_015090842.1:10316759",44,73,29
"NIP7","s1680_S_GON_01_ASEReadCounter.table","NW_015090842.1:10316967",266,462,196
"NIP7","s1680_S_GON_01_ASEReadCounter.table","NW_015090842.1:10316995",283,503,220
"NIP7","s1680_S_GON_01_ASEReadCounter.table","NW_015090842.1:10317240",352,625,273
"NIP7","s1680_S_GON_01_ASEReadCounter.table","NW_015090842.1:10317247",351,612,261
"NIP7","s1680_S_GON_01_ASEReadCounter.table","NW_015090842.1:10317264",347,584,237
"NIP7","s1680_S_GON_01_ASEReadCounter.table","NW_015090842.1:10317433",393,708,315
"NIP7","s1680_S_GON_01_ASEReadCounter.table","NW_015090842.1:10317738",360,638,278
"NIP7","s1680_S_GON_01_ASEReadCounter.table","NW_015090842.1:10317769",363,627,264
"NIP7","s1680_S_GON_01_ASEReadCounter.table","NW_015090842.1:10317808",244,415,171
"NIP7","s1680_S_GON_01_ASEReadCounter.table","NW_015090842.1:10317870",161,308,147
"NIP7","s1680_S_GON_01_ASEReadCounter.table","NW_015090842.1:10317871",161,304,143
"NIP7","s1680_S_GON_01_ASEReadCounter.table","NW_015090842.1:10317898",103,212,109
"NIP7","s1680_S_GON_01_ASEReadCounter.table","NW_015090842.1:10317911",97,191,94
"TMED6","s1680_S_GON_01_ASEReadCounter.table","NW_015090842.1:10318514",3,3,0
"TMED6","s1680_S_GON_01_ASEReadCounter.table","NW_015090842.1:10318731",1,2,1
"TERF2","s1680_S_GON_01_ASEReadCounter.table","NW_015090842.1:10321768",62,138,76
"TERF2","s1680_S_GON_01_ASEReadCounter.table","NW_015090842.1:10321777",73,144,71
"TERF2","s1680_S_GON_01_ASEReadCounter.table","NW_015090842.1:10321805",64,153,89
"TERF2","s1680_S_GON_01_ASEReadCounter.table","NW_015090842.1:10321878",78,176,98
"TERF2","s1680_S_GON_01_ASEReadCounter.table","NW_015090842.1:10321893",15,174,159
"TERF2","s1680_S_GON_01_ASEReadCounter.table","NW_015090842.1:10321897",77,159,82
"TERF2","s1680_S_GON_01_ASEReadCounter.table","NW_015090842.1:10321908",68,149,81
"TERF2","s1680_S_GON_01_ASEReadCounter.table","NW_015090842.1:10322001",87,230,143
"TERF2","s1680_S_GON_01_ASEReadCounter.table","NW_015090842.1:10322035",68,179,111
"TERF2","s1680_S_GON_01_ASEReadCounter.table","NW_015090842.1:10322051",77,195,118
"TERF2","s1680_S_GON_01_ASEReadCounter.table","NW_015090842.1:10322137",54,141,87
"TERF2","s1680_S_GON_01_ASEReadCounter.table","NW_015090842.1:10322144",48,128,80
"TERF2","s1680_S_GON_01_ASEReadCounter.table","NW_015090842.1:10322388",36,134,98
"TERF2","s1680_S_GON_01_ASEReadCounter.table","NW_015090842.1:10322396",36,125,89
"TERF2","s1680_S_GON_01_ASEReadCounter.table","NW_015090842.1:10322502",48,139,91
"TERF2","s1680_S_GON_01_ASEReadCounter.table","NW_015090842.1:10322504",49,144,95
"TERF2","s1680_S_GON_01_ASEReadCounter.table","NW_015090842.1:10322510",44,141,97
"TERF2","s1680_S_GON_01_ASEReadCounter.table","NW_015090842.1:10323580",40,114,74
"TERF2","s1680_S_GON_01_ASEReadCounter.table","NW_015090842.1:10324314",32,109,77
"TERF2","s1680_S_GON_01_ASEReadCounter.table","NW_015090842.1:10326832",24,66,42
"TERF2","s1680_S_GON_01_ASEReadCounter.table","NW_015090842.1:10327787",17,38,21
"TERF2","s1680_S_GON_01_ASEReadCounter.table","NW_015090842.1:10328588",17,45,28
"TERF2","s1680_S_GON_01_ASEReadCounter.table","NW_015090842.1:10328644",9,36,27
"TERF2","s1680_S_GON_01_ASEReadCounter.table","NW_015090842.1:10329813",8,19,11
"TERF2","s1680_S_GON_01_ASEReadCounter.table","NW_015090842.1:10330749",7,18,11
"TERF2","s1680_S_GON_01_ASEReadCounter.table","NW_015090842.1:10330789",8,24,16
"CYB5B","s1680_S_GON_01_ASEReadCounter.table","NW_015090842.1:10336595",5,29,24
"CYB5B","s1680_S_GON_01_ASEReadCounter.table","NW_015090842.1:10336667",74,162,88
"CYB5B","s1680_S_GON_01_ASEReadCounter.table","NW_015090842.1:10336689",113,233,120
"CYB5B","s1680_S_GON_01_ASEReadCounter.table","NW_015090842.1:10336728",157,336,179
"CYB5B","s1680_S_GON_01_ASEReadCounter.table","NW_015090842.1:10345068",182,409,227
"CYB5B","s1680_S_GON_01_ASEReadCounter.table","NW_015090842.1:10348800",213,520,307
"CYB5B","s1680_S_GON_01_ASEReadCounter.table","NW_015090842.1:10349046",178,483,305
"CYB5B","s1680_S_GON_01_ASEReadCounter.table","NW_015090842.1:10349119",123,445,322
"CYB5B","s1680_S_GON_01_ASEReadCounter.table","NW_015090842.1:10349146",68,395,327
"CYB5B","s1680_S_GON_01_ASEReadCounter.table","NW_015090842.1:10349157",116,433,317
"CYB5B","s1680_S_GON_01_ASEReadCounter.table","NW_015090842.1:10349263",359,359,0
