"gene","id","snp","ref_count","total_count","alt_count"
"CENPN","s1693_S_POA_03_ASEReadCounter.table","NW_015090842.1:5801612",1,1,0
"CENPN","s1693_S_POA_03_ASEReadCounter.table","NW_015090842.1:5801618",1,1,0
"CENPN","s1693_S_POA_03_ASEReadCounter.table","NW_015090842.1:5801623",0,1,1
"CENPN","s1693_S_POA_03_ASEReadCounter.table","NW_015090842.1:5801631",1,1,0
"CENPN","s1693_S_POA_03_ASEReadCounter.table","NW_015090842.1:5801632",1,1,0
"CENPN","s1693_S_POA_03_ASEReadCounter.table","NW_015090842.1:5801655",2,2,0
"CENPN","s1693_S_POA_03_ASEReadCounter.table","NW_015090842.1:5801670",2,3,1
"CENPN","s1693_S_POA_03_ASEReadCounter.table","NW_015090842.1:5801674",2,3,1
"CENPN","s1693_S_POA_03_ASEReadCounter.table","NW_015090842.1:5801692",2,3,1
"CENPN","s1693_S_POA_03_ASEReadCounter.table","NW_015090842.1:5802008",1,3,2
"CENPN","s1693_S_POA_03_ASEReadCounter.table","NW_015090842.1:5802012",1,2,1
"CENPN","s1693_S_POA_03_ASEReadCounter.table","NW_015090842.1:5802087",3,4,1
"CENPN","s1693_S_POA_03_ASEReadCounter.table","NW_015090842.1:5810113",4,4,0
"CENPN","s1693_S_POA_03_ASEReadCounter.table","NW_015090842.1:5810147",5,5,0
"CENPN","s1693_S_POA_03_ASEReadCounter.table","NW_015090842.1:5810148",5,5,0
"ATMIN","s1693_S_POA_03_ASEReadCounter.table","NW_015090842.1:5818789",5,13,8
"ATMIN","s1693_S_POA_03_ASEReadCounter.table","NW_015090842.1:5819958",5,11,6
"ATMIN","s1693_S_POA_03_ASEReadCounter.table","NW_015090842.1:5820004",5,9,4
"ATMIN","s1693_S_POA_03_ASEReadCounter.table","NW_015090842.1:5820217",4,9,5
"ATMIN","s1693_S_POA_03_ASEReadCounter.table","NW_015090842.1:5820250",4,9,5
"ATMIN","s1693_S_POA_03_ASEReadCounter.table","NW_015090842.1:5820298",4,8,4
"ATMIN","s1693_S_POA_03_ASEReadCounter.table","NW_015090842.1:5820417",2,8,6
"ATMIN","s1693_S_POA_03_ASEReadCounter.table","NW_015090842.1:5820421",2,8,6
"ATMIN","s1693_S_POA_03_ASEReadCounter.table","NW_015090842.1:5820448",6,11,5
"ATMIN","s1693_S_POA_03_ASEReadCounter.table","NW_015090842.1:5820457",6,10,4
"ATMIN","s1693_S_POA_03_ASEReadCounter.table","NW_015090842.1:5820510",5,9,4
"ATMIN","s1693_S_POA_03_ASEReadCounter.table","NW_015090842.1:5820673",3,4,1
"ATMIN","s1693_S_POA_03_ASEReadCounter.table","NW_015090842.1:5820754",7,11,4
"ATMIN","s1693_S_POA_03_ASEReadCounter.table","NW_015090842.1:5820820",4,9,5
"ATMIN","s1693_S_POA_03_ASEReadCounter.table","NW_015090842.1:5820865",7,16,9
"ATMIN","s1693_S_POA_03_ASEReadCounter.table","NW_015090842.1:5820889",8,18,10
"ATMIN","s1693_S_POA_03_ASEReadCounter.table","NW_015090842.1:5820891",8,19,11
"ATMIN","s1693_S_POA_03_ASEReadCounter.table","NW_015090842.1:5820997",4,12,8
"ATMIN","s1693_S_POA_03_ASEReadCounter.table","NW_015090842.1:5821063",7,17,10
"ATMIN","s1693_S_POA_03_ASEReadCounter.table","NW_015090842.1:5821132",6,10,4
"ATMIN","s1693_S_POA_03_ASEReadCounter.table","NW_015090842.1:5821645",17,27,10
"ATMIN","s1693_S_POA_03_ASEReadCounter.table","NW_015090842.1:5825066",36,64,28
"ATMIN","s1693_S_POA_03_ASEReadCounter.table","NW_015090842.1:5825106",35,60,25
"ATMIN","s1693_S_POA_03_ASEReadCounter.table","NW_015090842.1:5825122",27,53,26
"ATMIN","s1693_S_POA_03_ASEReadCounter.table","NW_015090842.1:5825178",26,44,18
"ATMIN","s1693_S_POA_03_ASEReadCounter.table","NW_015090842.1:5825194",23,42,19
"ATMIN","s1693_S_POA_03_ASEReadCounter.table","NW_015090842.1:5825195",24,43,19
"ATMIN","s1693_S_POA_03_ASEReadCounter.table","NW_015090842.1:5825220",18,38,20
"ATMIN","s1693_S_POA_03_ASEReadCounter.table","NW_015090842.1:5825240",17,44,27
"ATMIN","s1693_S_POA_03_ASEReadCounter.table","NW_015090842.1:5825303",36,66,30
"ATMIN","s1693_S_POA_03_ASEReadCounter.table","NW_015090842.1:5825304",36,65,29
"ATMIN","s1693_S_POA_03_ASEReadCounter.table","NW_015090842.1:5825310",37,67,30
"ATMIN","s1693_S_POA_03_ASEReadCounter.table","NW_015090842.1:5825406",29,60,31
"ATMIN","s1693_S_POA_03_ASEReadCounter.table","NW_015090842.1:5825415",32,62,30
"ATMIN","s1693_S_POA_03_ASEReadCounter.table","NW_015090842.1:5825438",32,63,31
"ATMIN","s1693_S_POA_03_ASEReadCounter.table","NW_015090842.1:5825485",31,60,29
"ATMIN","s1693_S_POA_03_ASEReadCounter.table","NW_015090842.1:5825524",35,73,38
"ATMIN","s1693_S_POA_03_ASEReadCounter.table","NW_015090842.1:5825557",34,70,36
"ATMIN","s1693_S_POA_03_ASEReadCounter.table","NW_015090842.1:5825571",38,74,36
"ATMIN","s1693_S_POA_03_ASEReadCounter.table","NW_015090842.1:5825579",37,73,36
"ATMIN","s1693_S_POA_03_ASEReadCounter.table","NW_015090842.1:5825590",29,57,28
"ATMIN","s1693_S_POA_03_ASEReadCounter.table","NW_015090842.1:5825689",32,87,55
"ATMIN","s1693_S_POA_03_ASEReadCounter.table","NW_015090842.1:5825703",41,102,61
"ATMIN","s1693_S_POA_03_ASEReadCounter.table","NW_015090842.1:5825787",39,73,34
"ATMIN","s1693_S_POA_03_ASEReadCounter.table","NW_015090842.1:5825833",41,87,46
"ATMIN","s1693_S_POA_03_ASEReadCounter.table","NW_015090842.1:5825841",39,82,43
"ATMIN","s1693_S_POA_03_ASEReadCounter.table","NW_015090842.1:5825895",44,93,49
"ATMIN","s1693_S_POA_03_ASEReadCounter.table","NW_015090842.1:5825984",38,91,53
"ATMIN","s1693_S_POA_03_ASEReadCounter.table","NW_015090842.1:5826162",44,113,69
"ATMIN","s1693_S_POA_03_ASEReadCounter.table","NW_015090842.1:5826194",51,124,73
"ATMIN","s1693_S_POA_03_ASEReadCounter.table","NW_015090842.1:5826235",55,127,72
"ATMIN","s1693_S_POA_03_ASEReadCounter.table","NW_015090842.1:5826245",56,123,67
"ATMIN","s1693_S_POA_03_ASEReadCounter.table","NW_015090842.1:5826335",34,79,45
"ATMIN","s1693_S_POA_03_ASEReadCounter.table","NW_015090842.1:5826417",41,91,50
"ATMIN","s1693_S_POA_03_ASEReadCounter.table","NW_015090842.1:5826431",28,100,72
"ATMIN","s1693_S_POA_03_ASEReadCounter.table","NW_015090842.1:5826438",32,87,55
"ATMIN","s1693_S_POA_03_ASEReadCounter.table","NW_015090842.1:5826463",46,124,78
"ATMIN","s1693_S_POA_03_ASEReadCounter.table","NW_015090842.1:5826502",49,133,84
"ATMIN","s1693_S_POA_03_ASEReadCounter.table","NW_015090842.1:5826511",55,140,85
"ATMIN","s1693_S_POA_03_ASEReadCounter.table","NW_015090842.1:5826659",53,117,64
"ATMIN","s1693_S_POA_03_ASEReadCounter.table","NW_015090842.1:5826701",61,131,70
"ATMIN","s1693_S_POA_03_ASEReadCounter.table","NW_015090842.1:5826702",61,130,69
"ATMIN","s1693_S_POA_03_ASEReadCounter.table","NW_015090842.1:5826732",59,133,74
"ATMIN","s1693_S_POA_03_ASEReadCounter.table","NW_015090842.1:5826745",61,137,76
"ATMIN","s1693_S_POA_03_ASEReadCounter.table","NW_015090842.1:5826835",83,157,74
"ATMIN","s1693_S_POA_03_ASEReadCounter.table","NW_015090842.1:5826910",68,135,67
"ATMIN","s1693_S_POA_03_ASEReadCounter.table","NW_015090842.1:5826942",49,132,83
"ATMIN","s1693_S_POA_03_ASEReadCounter.table","NW_015090842.1:5827193",91,205,114
"ATMIN","s1693_S_POA_03_ASEReadCounter.table","NW_015090842.1:5827196",89,201,112
"ATMIN","s1693_S_POA_03_ASEReadCounter.table","NW_015090842.1:5827269",95,202,107
"ATMIN","s1693_S_POA_03_ASEReadCounter.table","NW_015090842.1:5827315",72,153,81
"ATMIN","s1693_S_POA_03_ASEReadCounter.table","NW_015090842.1:5827316",74,155,81
"ATMIN","s1693_S_POA_03_ASEReadCounter.table","NW_015090842.1:5827333",71,152,81
"PPP1R3E","s1693_S_POA_03_ASEReadCounter.table","NW_015090842.1:5837733",7,11,4
"PPP1R3E","s1693_S_POA_03_ASEReadCounter.table","NW_015090842.1:5837947",4,9,5
"PKD1L2","s1693_S_POA_03_ASEReadCounter.table","NW_015090842.1:5867509",1,1,0
"PKD1L2","s1693_S_POA_03_ASEReadCounter.table","NW_015090842.1:5867597",3,4,1
"PKD1L2","s1693_S_POA_03_ASEReadCounter.table","NW_015090842.1:5867600",3,4,1
"PKD1L2","s1693_S_POA_03_ASEReadCounter.table","NW_015090842.1:5867660",2,3,1
"PKD1L2","s1693_S_POA_03_ASEReadCounter.table","NW_015090842.1:5867675",2,3,1
"PKD1L2","s1693_S_POA_03_ASEReadCounter.table","NW_015090842.1:5867788",1,2,1
"PKD1L2","s1693_S_POA_03_ASEReadCounter.table","NW_015090842.1:5867843",1,1,0
"BCO1","s1693_S_POA_03_ASEReadCounter.table","NW_015090842.1:5915610",0,2,2
"BCO1","s1693_S_POA_03_ASEReadCounter.table","NW_015090842.1:5917836",2,2,0
"BCO1","s1693_S_POA_03_ASEReadCounter.table","NW_015090842.1:5917912",5,6,1
"BCO1","s1693_S_POA_03_ASEReadCounter.table","NW_015090842.1:5917941",4,6,2
"BCO1","s1693_S_POA_03_ASEReadCounter.table","NW_015090842.1:5917971",4,8,4
"BCO1","s1693_S_POA_03_ASEReadCounter.table","NW_015090842.1:5921679",4,7,3
"BCO1","s1693_S_POA_03_ASEReadCounter.table","NW_015090842.1:5921726",5,9,4
"BCO1","s1693_S_POA_03_ASEReadCounter.table","NW_015090842.1:5925669",2,3,1
"BCO1","s1693_S_POA_03_ASEReadCounter.table","NW_015090842.1:5925753",1,1,0
"BCO1","s1693_S_POA_03_ASEReadCounter.table","NW_015090842.1:5926937",0,2,2
"BCO1","s1693_S_POA_03_ASEReadCounter.table","NW_015090842.1:5927921",10,15,5
"BCO1","s1693_S_POA_03_ASEReadCounter.table","NW_015090842.1:5927948",9,12,3
"BCO1","s1693_S_POA_03_ASEReadCounter.table","NW_015090842.1:5927968",8,11,3
"BCO1","s1693_S_POA_03_ASEReadCounter.table","NW_015090842.1:5928052",7,9,2
"BCO1","s1693_S_POA_03_ASEReadCounter.table","NW_015090842.1:5932726",10,15,5
"BCO1","s1693_S_POA_03_ASEReadCounter.table","NW_015090842.1:5932801",7,10,3
"BCO1","s1693_S_POA_03_ASEReadCounter.table","NW_015090842.1:5934558",13,16,3
"BCO1","s1693_S_POA_03_ASEReadCounter.table","NW_015090842.1:5934575",13,17,4
"BCO1","s1693_S_POA_03_ASEReadCounter.table","NW_015090842.1:5934608",15,22,7
"BCO1","s1693_S_POA_03_ASEReadCounter.table","NW_015090842.1:5934647",18,26,8
"BCO1","s1693_S_POA_03_ASEReadCounter.table","NW_015090842.1:5934725",9,14,5
"BCO1","s1693_S_POA_03_ASEReadCounter.table","NW_015090842.1:5934726",9,15,6
"BCO1","s1693_S_POA_03_ASEReadCounter.table","NW_015090842.1:5934733",12,16,4
"BCO1","s1693_S_POA_03_ASEReadCounter.table","NW_015090842.1:5934821",13,20,7
"BCO1","s1693_S_POA_03_ASEReadCounter.table","NW_015090842.1:5934826",8,15,7
"BCO1","s1693_S_POA_03_ASEReadCounter.table","NW_015090842.1:5934844",4,9,5
"BCO1","s1693_S_POA_03_ASEReadCounter.table","NW_015090842.1:5934958",12,18,6
"BCO1","s1693_S_POA_03_ASEReadCounter.table","NW_015090842.1:5934976",15,21,6
"GAN","s1693_S_POA_03_ASEReadCounter.table","NW_015090842.1:5953759",12,20,8
"GAN","s1693_S_POA_03_ASEReadCounter.table","NW_015090842.1:5957502",15,34,19
"GAN","s1693_S_POA_03_ASEReadCounter.table","NW_015090842.1:5957578",18,34,16
"GAN","s1693_S_POA_03_ASEReadCounter.table","NW_015090842.1:5965028",23,62,39
"GAN","s1693_S_POA_03_ASEReadCounter.table","NW_015090842.1:5966047",23,55,32
"GAN","s1693_S_POA_03_ASEReadCounter.table","NW_015090842.1:5966126",15,54,39
"GAN","s1693_S_POA_03_ASEReadCounter.table","NW_015090842.1:5966127",15,54,39
"GAN","s1693_S_POA_03_ASEReadCounter.table","NW_015090842.1:5966162",32,80,48
"GAN","s1693_S_POA_03_ASEReadCounter.table","NW_015090842.1:5966483",56,114,58
"CMIP","s1693_S_POA_03_ASEReadCounter.table","NW_015090842.1:6109159",20,42,22
"CMIP","s1693_S_POA_03_ASEReadCounter.table","NW_015090842.1:6109166",19,37,18
"CMIP","s1693_S_POA_03_ASEReadCounter.table","NW_015090842.1:6114641",29,66,37
"CMIP","s1693_S_POA_03_ASEReadCounter.table","NW_015090842.1:6114751",27,52,25
"CMIP","s1693_S_POA_03_ASEReadCounter.table","NW_015090842.1:6114824",13,42,29
"CMIP","s1693_S_POA_03_ASEReadCounter.table","NW_015090842.1:6128998",44,82,38
"CMIP","s1693_S_POA_03_ASEReadCounter.table","NW_015090842.1:6130562",78,158,80
"CMIP","s1693_S_POA_03_ASEReadCounter.table","NW_015090842.1:6132522",65,128,63
"CMIP","s1693_S_POA_03_ASEReadCounter.table","NW_015090842.1:6134088",62,120,58
"CMIP","s1693_S_POA_03_ASEReadCounter.table","NW_015090842.1:6138265",131,298,167
"CMIP","s1693_S_POA_03_ASEReadCounter.table","NW_015090842.1:6138300",140,310,170
"CMIP","s1693_S_POA_03_ASEReadCounter.table","NW_015090842.1:6138342",117,242,125
"CMIP","s1693_S_POA_03_ASEReadCounter.table","NW_015090842.1:6138343",115,240,125
"CMIP","s1693_S_POA_03_ASEReadCounter.table","NW_015090842.1:6138345",116,245,129
"CMIP","s1693_S_POA_03_ASEReadCounter.table","NW_015090842.1:6138647",79,178,99
"CMIP","s1693_S_POA_03_ASEReadCounter.table","NW_015090842.1:6138745",97,197,100
"CMIP","s1693_S_POA_03_ASEReadCounter.table","NW_015090842.1:6138832",8,45,37
"CMIP","s1693_S_POA_03_ASEReadCounter.table","NW_015090842.1:6138967",83,142,59
"CMIP","s1693_S_POA_03_ASEReadCounter.table","NW_015090842.1:6139131",54,96,42
"CMIP","s1693_S_POA_03_ASEReadCounter.table","NW_015090842.1:6139163",21,70,49
"CMIP","s1693_S_POA_03_ASEReadCounter.table","NW_015090842.1:6139360",45,83,38
"CMIP","s1693_S_POA_03_ASEReadCounter.table","NW_015090842.1:6139572",30,71,41
"CMIP","s1693_S_POA_03_ASEReadCounter.table","NW_015090842.1:6139773",97,97,0
"PLCG2","s1693_S_POA_03_ASEReadCounter.table","NW_015090842.1:6179613",2,6,4
"PLCG2","s1693_S_POA_03_ASEReadCounter.table","NW_015090842.1:6179658",3,8,5
"PLCG2","s1693_S_POA_03_ASEReadCounter.table","NW_015090842.1:6203766",1,2,1
"PLCG2","s1693_S_POA_03_ASEReadCounter.table","NW_015090842.1:6203775",1,2,1
"PLCG2","s1693_S_POA_03_ASEReadCounter.table","NW_015090842.1:6203787",1,2,1
"PLCG2","s1693_S_POA_03_ASEReadCounter.table","NW_015090842.1:6205047",0,5,5
"PLCG2","s1693_S_POA_03_ASEReadCounter.table","NW_015090842.1:6208541",1,4,3
"PLCG2","s1693_S_POA_03_ASEReadCounter.table","NW_015090842.1:6209741",1,4,3
"PLCG2","s1693_S_POA_03_ASEReadCounter.table","NW_015090842.1:6209798",1,5,4
"PLCG2","s1693_S_POA_03_ASEReadCounter.table","NW_015090842.1:6209816",1,4,3
"PLCG2","s1693_S_POA_03_ASEReadCounter.table","NW_015090842.1:6217547",0,2,2
"PLCG2","s1693_S_POA_03_ASEReadCounter.table","NW_015090842.1:6218641",0,4,4
"PLCG2","s1693_S_POA_03_ASEReadCounter.table","NW_015090842.1:6220552",0,5,5
"PLCG2","s1693_S_POA_03_ASEReadCounter.table","NW_015090842.1:6221969",1,3,2
"PLCG2","s1693_S_POA_03_ASEReadCounter.table","NW_015090842.1:6228672",0,6,6
"PLCG2","s1693_S_POA_03_ASEReadCounter.table","NW_015090842.1:6228694",0,6,6
"PLCG2","s1693_S_POA_03_ASEReadCounter.table","NW_015090842.1:6228722",0,7,7
"PLCG2","s1693_S_POA_03_ASEReadCounter.table","NW_015090842.1:6228747",0,10,10
"PLCG2","s1693_S_POA_03_ASEReadCounter.table","NW_015090842.1:6228835",0,8,8
"PLCG2","s1693_S_POA_03_ASEReadCounter.table","NW_015090842.1:6228841",0,8,8
"PLCG2","s1693_S_POA_03_ASEReadCounter.table","NW_015090842.1:6228865",0,8,8
"PLCG2","s1693_S_POA_03_ASEReadCounter.table","NW_015090842.1:6228917",0,7,7
"PLCG2","s1693_S_POA_03_ASEReadCounter.table","NW_015090842.1:6228926",0,8,8
"PLCG2","s1693_S_POA_03_ASEReadCounter.table","NW_015090842.1:6228954",0,7,7
"PLCG2","s1693_S_POA_03_ASEReadCounter.table","NW_015090842.1:6229002",0,9,9
"PLCG2","s1693_S_POA_03_ASEReadCounter.table","NW_015090842.1:6229006",0,9,9
"PLCG2","s1693_S_POA_03_ASEReadCounter.table","NW_015090842.1:6229081",0,5,5
"PLCG2","s1693_S_POA_03_ASEReadCounter.table","NW_015090842.1:6229097",0,5,5
"PLCG2","s1693_S_POA_03_ASEReadCounter.table","NW_015090842.1:6229160",0,3,3
"PLCG2","s1693_S_POA_03_ASEReadCounter.table","NW_015090842.1:6229213",1,5,4
"PLCG2","s1693_S_POA_03_ASEReadCounter.table","NW_015090842.1:6229231",1,5,4
"PLCG2","s1693_S_POA_03_ASEReadCounter.table","NW_015090842.1:6229663",1,1,0
"PLCG2","s1693_S_POA_03_ASEReadCounter.table","NW_015090842.1:6229748",3,4,1
"PLCG2","s1693_S_POA_03_ASEReadCounter.table","NW_015090842.1:6229892",2,3,1
"PLCG2","s1693_S_POA_03_ASEReadCounter.table","NW_015090842.1:6230248",2,5,3
"PLCG2","s1693_S_POA_03_ASEReadCounter.table","NW_015090842.1:6230255",2,5,3
"PLCG2","s1693_S_POA_03_ASEReadCounter.table","NW_015090842.1:6230296",4,6,2
"PLCG2","s1693_S_POA_03_ASEReadCounter.table","NW_015090842.1:6230349",5,6,1
"PLCG2","s1693_S_POA_03_ASEReadCounter.table","NW_015090842.1:6230381",3,4,1
"PLCG2","s1693_S_POA_03_ASEReadCounter.table","NW_015090842.1:6230408",4,5,1
"PLCG2","s1693_S_POA_03_ASEReadCounter.table","NW_015090842.1:6230439",2,2,0
"PLCG2","s1693_S_POA_03_ASEReadCounter.table","NW_015090842.1:6230898",6,7,1
"PLCG2","s1693_S_POA_03_ASEReadCounter.table","NW_015090842.1:6230976",2,3,1
"PLCG2","s1693_S_POA_03_ASEReadCounter.table","NW_015090842.1:6231078",3,3,0
"PLCG2","s1693_S_POA_03_ASEReadCounter.table","NW_015090842.1:6231138",8,9,1
"PLCG2","s1693_S_POA_03_ASEReadCounter.table","NW_015090842.1:6231177",7,10,3
"PLCG2","s1693_S_POA_03_ASEReadCounter.table","NW_015090842.1:6231263",6,8,2
"PLCG2","s1693_S_POA_03_ASEReadCounter.table","NW_015090842.1:6231309",7,8,1
"SDR42E1","s1693_S_POA_03_ASEReadCounter.table","NW_015090842.1:6235292",0,5,5
"SDR42E1","s1693_S_POA_03_ASEReadCounter.table","NW_015090842.1:6235315",0,8,8
"SDR42E1","s1693_S_POA_03_ASEReadCounter.table","NW_015090842.1:6235348",1,11,10
"SDR42E1","s1693_S_POA_03_ASEReadCounter.table","NW_015090842.1:6235355",1,11,10
"SDR42E1","s1693_S_POA_03_ASEReadCounter.table","NW_015090842.1:6235417",1,10,9
"SDR42E1","s1693_S_POA_03_ASEReadCounter.table","NW_015090842.1:6235526",16,16,0
"SDR42E1","s1693_S_POA_03_ASEReadCounter.table","NW_015090842.1:6235558",4,18,14
"SDR42E1","s1693_S_POA_03_ASEReadCounter.table","NW_015090842.1:6235603",17,17,0
"SDR42E1","s1693_S_POA_03_ASEReadCounter.table","NW_015090842.1:6235741",4,18,14
"SDR42E1","s1693_S_POA_03_ASEReadCounter.table","NW_015090842.1:6235777",5,17,12
"SDR42E1","s1693_S_POA_03_ASEReadCounter.table","NW_015090842.1:6235806",4,15,11
"SDR42E1","s1693_S_POA_03_ASEReadCounter.table","NW_015090842.1:6235809",5,18,13
"SDR42E1","s1693_S_POA_03_ASEReadCounter.table","NW_015090842.1:6235816",6,18,12
"SDR42E1","s1693_S_POA_03_ASEReadCounter.table","NW_015090842.1:6235914",5,9,4
"SDR42E1","s1693_S_POA_03_ASEReadCounter.table","NW_015090842.1:6235935",4,9,5
"SDR42E1","s1693_S_POA_03_ASEReadCounter.table","NW_015090842.1:6235957",5,11,6
"SDR42E1","s1693_S_POA_03_ASEReadCounter.table","NW_015090842.1:6236040",2,9,7
"SDR42E1","s1693_S_POA_03_ASEReadCounter.table","NW_015090842.1:6236260",2,6,4
"SDR42E1","s1693_S_POA_03_ASEReadCounter.table","NW_015090842.1:6236281",0,4,4
"SDR42E1","s1693_S_POA_03_ASEReadCounter.table","NW_015090842.1:6236305",0,5,5
"SDR42E1","s1693_S_POA_03_ASEReadCounter.table","NW_015090842.1:6236458",3,16,13
"SDR42E1","s1693_S_POA_03_ASEReadCounter.table","NW_015090842.1:6236476",5,21,16
"SDR42E1","s1693_S_POA_03_ASEReadCounter.table","NW_015090842.1:6236608",3,17,14
"SDR42E1","s1693_S_POA_03_ASEReadCounter.table","NW_015090842.1:6238244",0,2,2
"SDR42E1","s1693_S_POA_03_ASEReadCounter.table","NW_015090842.1:6238829",1,1,0
"HSD17B2","s1693_S_POA_03_ASEReadCounter.table","NW_015090842.1:6266125",0,1,1
"HSD17B2","s1693_S_POA_03_ASEReadCounter.table","NW_015090842.1:6266135",0,2,2
"HSD17B2","s1693_S_POA_03_ASEReadCounter.table","NW_015090842.1:6266795",0,3,3
"HSD17B2","s1693_S_POA_03_ASEReadCounter.table","NW_015090842.1:6266918",0,2,2
"HSD17B2","s1693_S_POA_03_ASEReadCounter.table","NW_015090842.1:6266944",0,2,2
"HSD17B2","s1693_S_POA_03_ASEReadCounter.table","NW_015090842.1:6267273",1,2,1
"HSD17B2","s1693_S_POA_03_ASEReadCounter.table","NW_015090842.1:6267358",1,1,0
"HSD17B2","s1693_S_POA_03_ASEReadCounter.table","NW_015090842.1:6267913",0,1,1
"HSD17B2","s1693_S_POA_03_ASEReadCounter.table","NW_015090842.1:6268180",0,1,1
"HSD17B2","s1693_S_POA_03_ASEReadCounter.table","NW_015090842.1:6268203",0,1,1
"ARY2","s1693_S_POA_03_ASEReadCounter.table","NW_015090842.1:6303922",16,32,16
"ARY2","s1693_S_POA_03_ASEReadCounter.table","NW_015090842.1:6303954",17,29,12
"ARY2","s1693_S_POA_03_ASEReadCounter.table","NW_015090842.1:6303979",17,31,14
"ARY2","s1693_S_POA_03_ASEReadCounter.table","NW_015090842.1:6305848",16,33,17
"ARY2","s1693_S_POA_03_ASEReadCounter.table","NW_015090842.1:6305856",15,33,18
"ARY2","s1693_S_POA_03_ASEReadCounter.table","NW_015090842.1:6305857",15,33,18
"ARY2","s1693_S_POA_03_ASEReadCounter.table","NW_015090842.1:6306017",24,39,15
"ARY2","s1693_S_POA_03_ASEReadCounter.table","NW_015090842.1:6306052",25,46,21
"ARY2","s1693_S_POA_03_ASEReadCounter.table","NW_015090842.1:6306094",30,51,21
"ARY2","s1693_S_POA_03_ASEReadCounter.table","NW_015090842.1:6306100",30,53,23
"ARY2","s1693_S_POA_03_ASEReadCounter.table","NW_015090842.1:6306146",34,53,19
"ARY2","s1693_S_POA_03_ASEReadCounter.table","NW_015090842.1:6306147",34,53,19
"ARY2","s1693_S_POA_03_ASEReadCounter.table","NW_015090842.1:6306390",24,43,19
"ARY2","s1693_S_POA_03_ASEReadCounter.table","NW_015090842.1:6306567",27,47,20
"ARY2","s1693_S_POA_03_ASEReadCounter.table","NW_015090842.1:6306705",34,49,15
"ARY2","s1693_S_POA_03_ASEReadCounter.table","NW_015090842.1:6306713",48,48,0
"ARY2","s1693_S_POA_03_ASEReadCounter.table","NW_015090842.1:6306773",28,37,9
"ARY2","s1693_S_POA_03_ASEReadCounter.table","NW_015090842.1:6307039",26,44,18
"ARY2","s1693_S_POA_03_ASEReadCounter.table","NW_015090842.1:6307043",24,40,16
"ARY2","s1693_S_POA_03_ASEReadCounter.table","NW_015090842.1:6307093",25,36,11
"ARY2","s1693_S_POA_03_ASEReadCounter.table","NW_015090842.1:6307138",29,41,12
"ARY2","s1693_S_POA_03_ASEReadCounter.table","NW_015090842.1:6307157",37,51,14
"ARY2","s1693_S_POA_03_ASEReadCounter.table","NW_015090842.1:6307187",36,49,13
"ARY2","s1693_S_POA_03_ASEReadCounter.table","NW_015090842.1:6307278",23,36,13
"ARY2","s1693_S_POA_03_ASEReadCounter.table","NW_015090842.1:6307305",32,48,16
"ARY2","s1693_S_POA_03_ASEReadCounter.table","NW_015090842.1:6307318",29,49,20
"ARY2","s1693_S_POA_03_ASEReadCounter.table","NW_015090842.1:6307429",35,54,19
"ARY2","s1693_S_POA_03_ASEReadCounter.table","NW_015090842.1:6307487",29,50,21
"ARY2","s1693_S_POA_03_ASEReadCounter.table","NW_015090842.1:6307670",36,49,13
"ARYL","s1693_S_POA_03_ASEReadCounter.table","NW_015090842.1:6313360",2,3,1
"ARYL","s1693_S_POA_03_ASEReadCounter.table","NW_015090842.1:6313377",2,3,1
"ARYL","s1693_S_POA_03_ASEReadCounter.table","NW_015090842.1:6313767",0,3,3
"ARY1","s1693_S_POA_03_ASEReadCounter.table","NW_015090842.1:6314296",1,2,1
"ARY1","s1693_S_POA_03_ASEReadCounter.table","NW_015090842.1:6314541",4,5,1
"ARY1","s1693_S_POA_03_ASEReadCounter.table","NW_015090842.1:6314597",5,6,1
"ARY1","s1693_S_POA_03_ASEReadCounter.table","NW_015090842.1:6314750",2,3,1
"ARY1","s1693_S_POA_03_ASEReadCounter.table","NW_015090842.1:6314794",2,3,1
"ARY1","s1693_S_POA_03_ASEReadCounter.table","NW_015090842.1:6314827",5,5,0
"ARY1","s1693_S_POA_03_ASEReadCounter.table","NW_015090842.1:6314843",5,6,1
"ARY1","s1693_S_POA_03_ASEReadCounter.table","NW_015090842.1:6314859",6,7,1
"ARY1","s1693_S_POA_03_ASEReadCounter.table","NW_015090842.1:6314886",6,7,1
"ARY1","s1693_S_POA_03_ASEReadCounter.table","NW_015090842.1:6314943",2,3,1
"ARY1","s1693_S_POA_03_ASEReadCounter.table","NW_015090842.1:6314949",0,3,3
"ARY1","s1693_S_POA_03_ASEReadCounter.table","NW_015090842.1:6315022",3,5,2
"ARY1","s1693_S_POA_03_ASEReadCounter.table","NW_015090842.1:6315026",3,5,2
"ARY1","s1693_S_POA_03_ASEReadCounter.table","NW_015090842.1:6315043",3,5,2
"ARY1","s1693_S_POA_03_ASEReadCounter.table","NW_015090842.1:6315065",6,8,2
"ARY1","s1693_S_POA_03_ASEReadCounter.table","NW_015090842.1:6315409",3,5,2
"ARY1","s1693_S_POA_03_ASEReadCounter.table","NW_015090842.1:6315479",2,3,1
"ARY1","s1693_S_POA_03_ASEReadCounter.table","NW_015090842.1:6318342",13,17,4
"ARY1","s1693_S_POA_03_ASEReadCounter.table","NW_015090842.1:6318427",12,20,8
"ARY1","s1693_S_POA_03_ASEReadCounter.table","NW_015090842.1:6318603",5,10,5
"ARY1","s1693_S_POA_03_ASEReadCounter.table","NW_015090842.1:6318708",10,13,3
"ARY1","s1693_S_POA_03_ASEReadCounter.table","NW_015090842.1:6318858",16,19,3
"ARY1","s1693_S_POA_03_ASEReadCounter.table","NW_015090842.1:6318952",11,20,9
"MPHOSPH6","s1693_S_POA_03_ASEReadCounter.table","NW_015090842.1:6324063",48,127,79
"MPHOSPH6","s1693_S_POA_03_ASEReadCounter.table","NW_015090842.1:6324174",122,269,147
"MPHOSPH6","s1693_S_POA_03_ASEReadCounter.table","NW_015090842.1:6324270",147,300,153
"MPHOSPH6","s1693_S_POA_03_ASEReadCounter.table","NW_015090842.1:6324762",114,230,116
"MPHOSPH6","s1693_S_POA_03_ASEReadCounter.table","NW_015090842.1:6324772",108,202,94
"MPHOSPH6","s1693_S_POA_03_ASEReadCounter.table","NW_015090842.1:6324780",105,202,97
"MPHOSPH6","s1693_S_POA_03_ASEReadCounter.table","NW_015090842.1:6324902",116,227,111
"MPHOSPH6","s1693_S_POA_03_ASEReadCounter.table","NW_015090842.1:6324910",230,230,0
"MPHOSPH6","s1693_S_POA_03_ASEReadCounter.table","NW_015090842.1:6325066",88,216,128
"MPHOSPH6","s1693_S_POA_03_ASEReadCounter.table","NW_015090842.1:6325089",109,241,132
"MPHOSPH6","s1693_S_POA_03_ASEReadCounter.table","NW_015090842.1:6325298",141,303,162
"MPHOSPH6","s1693_S_POA_03_ASEReadCounter.table","NW_015090842.1:6325877",114,249,135
"MPHOSPH6","s1693_S_POA_03_ASEReadCounter.table","NW_015090842.1:6326976",78,170,92
"CDH13","s1693_S_POA_03_ASEReadCounter.table","NW_015090842.1:6662283",10,15,5
"CDH13","s1693_S_POA_03_ASEReadCounter.table","NW_015090842.1:6693665",6,20,14
"CDH13","s1693_S_POA_03_ASEReadCounter.table","NW_015090842.1:6693697",6,15,9
"CDH13","s1693_S_POA_03_ASEReadCounter.table","NW_015090842.1:6693712",5,14,9
"CDH13","s1693_S_POA_03_ASEReadCounter.table","NW_015090842.1:6693723",9,17,8
"CDH13","s1693_S_POA_03_ASEReadCounter.table","NW_015090842.1:6693738",10,20,10
"CDH13","s1693_S_POA_03_ASEReadCounter.table","NW_015090842.1:6823730",11,21,10
"CDH13","s1693_S_POA_03_ASEReadCounter.table","NW_015090842.1:6889713",13,25,12
"CDH13","s1693_S_POA_03_ASEReadCounter.table","NW_015090842.1:6955167",26,47,21
"MLYCD","s1693_S_POA_03_ASEReadCounter.table","NW_015090842.1:7150054",65,128,63
"MLYCD","s1693_S_POA_03_ASEReadCounter.table","NW_015090842.1:7150131",103,198,95
"MLYCD","s1693_S_POA_03_ASEReadCounter.table","NW_015090842.1:7150585",61,122,61
"MLYCD","s1693_S_POA_03_ASEReadCounter.table","NW_015090842.1:7150686",43,91,48
"MLYCD","s1693_S_POA_03_ASEReadCounter.table","NW_015090842.1:7150696",47,100,53
"MLYCD","s1693_S_POA_03_ASEReadCounter.table","NW_015090842.1:7150698",54,101,47
"MLYCD","s1693_S_POA_03_ASEReadCounter.table","NW_015090842.1:7150869",51,98,47
"MLYCD","s1693_S_POA_03_ASEReadCounter.table","NW_015090842.1:7151100",54,102,48
"MLYCD","s1693_S_POA_03_ASEReadCounter.table","NW_015090842.1:7151127",55,101,46
"MLYCD","s1693_S_POA_03_ASEReadCounter.table","NW_015090842.1:7157538",36,78,42
"MLYCD","s1693_S_POA_03_ASEReadCounter.table","NW_015090842.1:7167662",12,33,21
"MLYCD","s1693_S_POA_03_ASEReadCounter.table","NW_015090842.1:7167675",14,34,20
"MLYCD","s1693_S_POA_03_ASEReadCounter.table","NW_015090842.1:7167710",17,37,20
"MLYCD","s1693_S_POA_03_ASEReadCounter.table","NW_015090842.1:7167781",20,38,18
"MLYCD","s1693_S_POA_03_ASEReadCounter.table","NW_015090842.1:7167803",15,32,17
"MLYCD","s1693_S_POA_03_ASEReadCounter.table","NW_015090842.1:7167812",13,30,17
"MLYCD","s1693_S_POA_03_ASEReadCounter.table","NW_015090842.1:7167845",14,32,18
"MLYCD","s1693_S_POA_03_ASEReadCounter.table","NW_015090842.1:7167862",11,25,14
"MLYCD","s1693_S_POA_03_ASEReadCounter.table","NW_015090842.1:7167929",7,16,9
"MLYCD","s1693_S_POA_03_ASEReadCounter.table","NW_015090842.1:7167995",6,12,6
"MLYCD","s1693_S_POA_03_ASEReadCounter.table","NW_015090842.1:7168005",7,13,6
"MLYCD","s1693_S_POA_03_ASEReadCounter.table","NW_015090842.1:7168037",11,17,6
"HSBP1","s1693_S_POA_03_ASEReadCounter.table","NW_015090842.1:7245192",595,1043,448
"HSBP1","s1693_S_POA_03_ASEReadCounter.table","NW_015090842.1:7245226",653,1209,556
"HSBP1","s1693_S_POA_03_ASEReadCounter.table","NW_015090842.1:7245257",563,1037,474
"HSBP1","s1693_S_POA_03_ASEReadCounter.table","NW_015090842.1:7245296",479,994,515
"HSBP1","s1693_S_POA_03_ASEReadCounter.table","NW_015090842.1:7245389",773,1350,577
"HSBP1","s1693_S_POA_03_ASEReadCounter.table","NW_015090842.1:7245400",761,1289,528
"HSBP1","s1693_S_POA_03_ASEReadCounter.table","NW_015090842.1:7245445",716,1242,526
"HSBP1","s1693_S_POA_03_ASEReadCounter.table","NW_015090842.1:7245495",670,1168,498
"HSBP1","s1693_S_POA_03_ASEReadCounter.table","NW_015090842.1:7245515",755,1289,534
"HSBP1","s1693_S_POA_03_ASEReadCounter.table","NW_015090842.1:7245733",440,837,397
"HSBP1","s1693_S_POA_03_ASEReadCounter.table","NW_015090842.1:7245771",475,839,364
"HSBP1","s1693_S_POA_03_ASEReadCounter.table","NW_015090842.1:7245813",501,854,353
"HSBP1","s1693_S_POA_03_ASEReadCounter.table","NW_015090842.1:7245926",550,962,412
"HSBP1","s1693_S_POA_03_ASEReadCounter.table","NW_015090842.1:7245927",552,965,413
"HSBP1","s1693_S_POA_03_ASEReadCounter.table","NW_015090842.1:7245933",538,929,391
"HSBP1","s1693_S_POA_03_ASEReadCounter.table","NW_015090842.1:7246002",384,717,333
"HSBP1","s1693_S_POA_03_ASEReadCounter.table","NW_015090842.1:7246094",446,818,372
"HSBP1","s1693_S_POA_03_ASEReadCounter.table","NW_015090842.1:7246167",431,790,359
"HSBP1","s1693_S_POA_03_ASEReadCounter.table","NW_015090842.1:7246183",406,768,362
"HSBP1","s1693_S_POA_03_ASEReadCounter.table","NW_015090842.1:7247285",43,53,10
"HSBP1","s1693_S_POA_03_ASEReadCounter.table","NW_015090842.1:7247651",429,950,521
"HSBP1","s1693_S_POA_03_ASEReadCounter.table","NW_015090842.1:7247657",421,948,527
"HSBP1","s1693_S_POA_03_ASEReadCounter.table","NW_015090842.1:7248520",305,656,351
"HSBP1","s1693_S_POA_03_ASEReadCounter.table","NW_015090842.1:7248535",252,538,286
"KCNG4","s1693_S_POA_03_ASEReadCounter.table","NW_015090842.1:7282481",2,3,1
"KCNG4","s1693_S_POA_03_ASEReadCounter.table","NW_015090842.1:7282500",1,1,0
"KCNG4","s1693_S_POA_03_ASEReadCounter.table","NW_015090842.1:7282542",1,1,0
"KCNG4","s1693_S_POA_03_ASEReadCounter.table","NW_015090842.1:7282579",4,4,0
"KCNG4","s1693_S_POA_03_ASEReadCounter.table","NW_015090842.1:7282630",4,5,1
"KCNG4","s1693_S_POA_03_ASEReadCounter.table","NW_015090842.1:7283245",1,1,0
"WFDC1","s1693_S_POA_03_ASEReadCounter.table","NW_015090842.1:7366517",2,2,0
"ATP2C2","s1693_S_POA_03_ASEReadCounter.table","NW_015090842.1:7413747",2,10,8
"TLDC1","s1693_S_POA_03_ASEReadCounter.table","NW_015090842.1:7421997",36,77,41
"COTL1","s1693_S_POA_03_ASEReadCounter.table","NW_015090842.1:7490707",701,1400,699
"COTL1","s1693_S_POA_03_ASEReadCounter.table","NW_015090842.1:7490708",701,1400,699
"COTL1","s1693_S_POA_03_ASEReadCounter.table","NW_015090842.1:7490711",711,1413,702
"COTL1","s1693_S_POA_03_ASEReadCounter.table","NW_015090842.1:7490739",675,1386,711
"COTL1","s1693_S_POA_03_ASEReadCounter.table","NW_015090842.1:7490785",682,1383,701
"COTL1","s1693_S_POA_03_ASEReadCounter.table","NW_015090842.1:7490820",60,849,789
"COTL1","s1693_S_POA_03_ASEReadCounter.table","NW_015090842.1:7490846",691,1320,629
"KLHL36","s1693_S_POA_03_ASEReadCounter.table","NW_015090842.1:7526337",68,68,0
"KLHL36","s1693_S_POA_03_ASEReadCounter.table","NW_015090842.1:7537681",131,131,0
"USP10","s1693_S_POA_03_ASEReadCounter.table","NW_015090842.1:7572213",46,95,49
"USP10","s1693_S_POA_03_ASEReadCounter.table","NW_015090842.1:7572358",39,84,45
"CRISPLD2","s1693_S_POA_03_ASEReadCounter.table","NW_015090842.1:7619796",0,3,3
"CRISPLD2","s1693_S_POA_03_ASEReadCounter.table","NW_015090842.1:7630779",0,4,4
"CRISPLD2","s1693_S_POA_03_ASEReadCounter.table","NW_015090842.1:7633611",4,4,0
"CRISPLD2","s1693_S_POA_03_ASEReadCounter.table","NW_015090842.1:7633787",2,4,2
"CRISPLD2","s1693_S_POA_03_ASEReadCounter.table","NW_015090842.1:7634023",2,7,5
"CRISPLD2","s1693_S_POA_03_ASEReadCounter.table","NW_015090842.1:7634620",0,3,3
"CRISPLD2","s1693_S_POA_03_ASEReadCounter.table","NW_015090842.1:7636315",0,1,1
"MTHFSD","s1693_S_POA_03_ASEReadCounter.table","NW_015090842.1:8152578",11,26,15
"DUSP15","s1693_S_POA_03_ASEReadCounter.table","NW_015090842.1:8422840",0,1,1
"EMC8","s1693_S_POA_03_ASEReadCounter.table","NW_015090842.1:8452385",32,65,33
"GINS2","s1693_S_POA_03_ASEReadCounter.table","NW_015090842.1:8467469",16,16,0
"GINS2","s1693_S_POA_03_ASEReadCounter.table","NW_015090842.1:8470290",12,35,23
"GINS2","s1693_S_POA_03_ASEReadCounter.table","NW_015090842.1:8470305",20,45,25
"GINS2","s1693_S_POA_03_ASEReadCounter.table","NW_015090842.1:8470376",27,58,31
"GINS2","s1693_S_POA_03_ASEReadCounter.table","NW_015090842.1:8471057",0,6,6
"GSE1","s1693_S_POA_03_ASEReadCounter.table","NW_015090842.1:8483570",6,6,0
"KIAA0513","s1693_S_POA_03_ASEReadCounter.table","NW_015090842.1:8674736",115,115,0
"KIAA0513","s1693_S_POA_03_ASEReadCounter.table","NW_015090842.1:8687268",0,2,2
"KIAA0513","s1693_S_POA_03_ASEReadCounter.table","NW_015090842.1:8693655",7,7,0
"ZCCHC14","s1693_S_POA_03_ASEReadCounter.table","NW_015090842.1:8750189",128,128,0
"JPH3","s1693_S_POA_03_ASEReadCounter.table","NW_015090842.1:8872294",89,180,91
"KLHDC4","s1693_S_POA_03_ASEReadCounter.table","NW_015090842.1:8891175",85,198,113
"KLHDC4","s1693_S_POA_03_ASEReadCounter.table","NW_015090842.1:8905251",24,48,24
"KLHDC4","s1693_S_POA_03_ASEReadCounter.table","NW_015090842.1:8919630",4,8,4
"SLC7A5","s1693_S_POA_03_ASEReadCounter.table","NW_015090842.1:8940382",258,258,0
"SLC7A5","s1693_S_POA_03_ASEReadCounter.table","NW_015090842.1:8941818",151,151,0
"SLC7A5","s1693_S_POA_03_ASEReadCounter.table","NW_015090842.1:8944655",74,74,0
"CA5A","s1693_S_POA_03_ASEReadCounter.table","NW_015090842.1:8989479",57,111,54
"CA5A","s1693_S_POA_03_ASEReadCounter.table","NW_015090842.1:8989562",82,142,60
"CA5A","s1693_S_POA_03_ASEReadCounter.table","NW_015090842.1:8989609",104,181,77
"CA5A","s1693_S_POA_03_ASEReadCounter.table","NW_015090842.1:8989693",91,200,109
"CA5A","s1693_S_POA_03_ASEReadCounter.table","NW_015090842.1:8989702",83,191,108
"CA5A","s1693_S_POA_03_ASEReadCounter.table","NW_015090842.1:8989746",99,218,119
"CA5A","s1693_S_POA_03_ASEReadCounter.table","NW_015090842.1:8989880",65,155,90
"CA5A","s1693_S_POA_03_ASEReadCounter.table","NW_015090842.1:8989885",67,160,93
"CA5A","s1693_S_POA_03_ASEReadCounter.table","NW_015090842.1:8989929",67,167,100
"CA5A","s1693_S_POA_03_ASEReadCounter.table","NW_015090842.1:8990002",71,145,74
"CA5A","s1693_S_POA_03_ASEReadCounter.table","NW_015090842.1:8990004",70,149,79
"CA5A","s1693_S_POA_03_ASEReadCounter.table","NW_015090842.1:8990005",69,148,79
"CA5A","s1693_S_POA_03_ASEReadCounter.table","NW_015090842.1:8990017",69,144,75
"CA5A","s1693_S_POA_03_ASEReadCounter.table","NW_015090842.1:8990043",60,118,58
"CA5A","s1693_S_POA_03_ASEReadCounter.table","NW_015090842.1:8990080",47,99,52
"CA5A","s1693_S_POA_03_ASEReadCounter.table","NW_015090842.1:8990084",49,100,51
"CA5A","s1693_S_POA_03_ASEReadCounter.table","NW_015090842.1:8990090",49,100,51
"CA5A","s1693_S_POA_03_ASEReadCounter.table","NW_015090842.1:8990095",47,97,50
"CA5A","s1693_S_POA_03_ASEReadCounter.table","NW_015090842.1:8990111",40,90,50
"CA5A","s1693_S_POA_03_ASEReadCounter.table","NW_015090842.1:8990112",39,86,47
"CA5A","s1693_S_POA_03_ASEReadCounter.table","NW_015090842.1:8990115",44,92,48
"CA5A","s1693_S_POA_03_ASEReadCounter.table","NW_015090842.1:8990166",50,96,46
"CA5A","s1693_S_POA_03_ASEReadCounter.table","NW_015090842.1:8990169",55,104,49
"CA5A","s1693_S_POA_03_ASEReadCounter.table","NW_015090842.1:8990222",47,91,44
"CA5A","s1693_S_POA_03_ASEReadCounter.table","NW_015090842.1:8990289",48,97,49
"CA5A","s1693_S_POA_03_ASEReadCounter.table","NW_015090842.1:8990314",46,85,39
"CA5A","s1693_S_POA_03_ASEReadCounter.table","NW_015090842.1:8990361",36,79,43
"CA5A","s1693_S_POA_03_ASEReadCounter.table","NW_015090842.1:8990368",37,78,41
"CA5A","s1693_S_POA_03_ASEReadCounter.table","NW_015090842.1:8990429",42,85,43
"CA5A","s1693_S_POA_03_ASEReadCounter.table","NW_015090842.1:8990466",32,66,34
"CA5A","s1693_S_POA_03_ASEReadCounter.table","NW_015090842.1:8990663",27,60,33
"CA5A","s1693_S_POA_03_ASEReadCounter.table","NW_015090842.1:8990797",30,56,26
"CA5A","s1693_S_POA_03_ASEReadCounter.table","NW_015090842.1:8990836",34,54,20
"CA5A","s1693_S_POA_03_ASEReadCounter.table","NW_015090842.1:8990842",34,53,19
"CA5A","s1693_S_POA_03_ASEReadCounter.table","NW_015090842.1:8990851",35,53,18
"CA5A","s1693_S_POA_03_ASEReadCounter.table","NW_015090842.1:8990918",25,49,24
"CA5A","s1693_S_POA_03_ASEReadCounter.table","NW_015090842.1:8990921",21,49,28
"CA5A","s1693_S_POA_03_ASEReadCounter.table","NW_015090842.1:8990942",35,61,26
"CA5A","s1693_S_POA_03_ASEReadCounter.table","NW_015090842.1:8991001",42,79,37
"CA5A","s1693_S_POA_03_ASEReadCounter.table","NW_015090842.1:8991038",35,72,37
"CA5A","s1693_S_POA_03_ASEReadCounter.table","NW_015090842.1:8991149",33,74,41
"CA5A","s1693_S_POA_03_ASEReadCounter.table","NW_015090842.1:8991176",34,75,41
"CA5A","s1693_S_POA_03_ASEReadCounter.table","NW_015090842.1:8991241",29,71,42
"CA5A","s1693_S_POA_03_ASEReadCounter.table","NW_015090842.1:8991262",32,66,34
"CA5A","s1693_S_POA_03_ASEReadCounter.table","NW_015090842.1:8991316",34,37,3
"CA5A","s1693_S_POA_03_ASEReadCounter.table","NW_015090842.1:8991319",35,38,3
"CA5A","s1693_S_POA_03_ASEReadCounter.table","NW_015090842.1:8991330",32,34,2
"CA5A","s1693_S_POA_03_ASEReadCounter.table","NW_015090842.1:8991334",34,38,4
"CA5A","s1693_S_POA_03_ASEReadCounter.table","NW_015090842.1:8991362",30,50,20
"CA5A","s1693_S_POA_03_ASEReadCounter.table","NW_015090842.1:8991368",28,49,21
"CA5A","s1693_S_POA_03_ASEReadCounter.table","NW_015090842.1:8991390",29,49,20
"CA5A","s1693_S_POA_03_ASEReadCounter.table","NW_015090842.1:8991395",31,52,21
"CA5A","s1693_S_POA_03_ASEReadCounter.table","NW_015090842.1:8991422",32,62,30
"CA5A","s1693_S_POA_03_ASEReadCounter.table","NW_015090842.1:8991467",27,56,29
"CA5A","s1693_S_POA_03_ASEReadCounter.table","NW_015090842.1:8991576",20,37,17
"CA5A","s1693_S_POA_03_ASEReadCounter.table","NW_015090842.1:8991587",27,46,19
"CA5A","s1693_S_POA_03_ASEReadCounter.table","NW_015090842.1:8991655",28,52,24
"CA5A","s1693_S_POA_03_ASEReadCounter.table","NW_015090842.1:8991717",19,42,23
"CA5A","s1693_S_POA_03_ASEReadCounter.table","NW_015090842.1:8991726",17,45,28
"CA5A","s1693_S_POA_03_ASEReadCounter.table","NW_015090842.1:8991799",14,40,26
"CA5A","s1693_S_POA_03_ASEReadCounter.table","NW_015090842.1:8991809",16,38,22
"CA5A","s1693_S_POA_03_ASEReadCounter.table","NW_015090842.1:8991848",16,36,20
"CA5A","s1693_S_POA_03_ASEReadCounter.table","NW_015090842.1:8991849",15,36,21
"CA5A","s1693_S_POA_03_ASEReadCounter.table","NW_015090842.1:8991927",15,32,17
"CA5A","s1693_S_POA_03_ASEReadCounter.table","NW_015090842.1:8991941",17,33,16
"CA5A","s1693_S_POA_03_ASEReadCounter.table","NW_015090842.1:8992121",12,43,31
"CA5A","s1693_S_POA_03_ASEReadCounter.table","NW_015090842.1:8992224",17,40,23
"CA5A","s1693_S_POA_03_ASEReadCounter.table","NW_015090842.1:9002570",9,19,10
"CA5A","s1693_S_POA_03_ASEReadCounter.table","NW_015090842.1:9002600",8,15,7
"CA5A","s1693_S_POA_03_ASEReadCounter.table","NW_015090842.1:9004312",7,11,4
"CA5A","s1693_S_POA_03_ASEReadCounter.table","NW_015090842.1:9004506",0,1,1
"CA5A","s1693_S_POA_03_ASEReadCounter.table","NW_015090842.1:9004523",0,1,1
"CA5A","s1693_S_POA_03_ASEReadCounter.table","NW_015090842.1:9004530",0,1,1
"CA5A","s1693_S_POA_03_ASEReadCounter.table","NW_015090842.1:9004556",2,3,1
"CA5A","s1693_S_POA_03_ASEReadCounter.table","NW_015090842.1:9004620",2,3,1
"CA5A","s1693_S_POA_03_ASEReadCounter.table","NW_015090842.1:9005116",4,5,1
"CA5A","s1693_S_POA_03_ASEReadCounter.table","NW_015090842.1:9005120",4,6,2
"CA5A","s1693_S_POA_03_ASEReadCounter.table","NW_015090842.1:9005140",4,6,2
"CA5A","s1693_S_POA_03_ASEReadCounter.table","NW_015090842.1:9005152",4,7,3
"CA5A","s1693_S_POA_03_ASEReadCounter.table","NW_015090842.1:9011011",0,1,1
"BANP","s1693_S_POA_03_ASEReadCounter.table","NW_015090842.1:9033407",4,7,3
"BANP","s1693_S_POA_03_ASEReadCounter.table","NW_015090842.1:9033409",4,7,3
"BANP","s1693_S_POA_03_ASEReadCounter.table","NW_015090842.1:9033420",5,8,3
"BANP","s1693_S_POA_03_ASEReadCounter.table","NW_015090842.1:9055284",8,19,11
"ZC3H18","s1693_S_POA_03_ASEReadCounter.table","NW_015090842.1:9528933",35,59,24
"MVD","s1693_S_POA_03_ASEReadCounter.table","NW_015090842.1:9550690",68,68,0
"MVD","s1693_S_POA_03_ASEReadCounter.table","NW_015090842.1:9550691",68,68,0
"MVD","s1693_S_POA_03_ASEReadCounter.table","NW_015090842.1:9550699",87,87,0
"MVD","s1693_S_POA_03_ASEReadCounter.table","NW_015090842.1:9550701",86,86,0
"MVD","s1693_S_POA_03_ASEReadCounter.table","NW_015090842.1:9552202",111,111,0
"MVD","s1693_S_POA_03_ASEReadCounter.table","NW_015090842.1:9552223",90,90,0
"MVD","s1693_S_POA_03_ASEReadCounter.table","NW_015090842.1:9552533",77,77,0
"MVD","s1693_S_POA_03_ASEReadCounter.table","NW_015090842.1:9552644",19,47,28
"PIEZO1","s1693_S_POA_03_ASEReadCounter.table","NW_015090842.1:9577447",3,9,6
"PIEZO1","s1693_S_POA_03_ASEReadCounter.table","NW_015090842.1:9579101",2,4,2
"PIEZO1","s1693_S_POA_03_ASEReadCounter.table","NW_015090842.1:9582630",1,2,1
"PIEZO1","s1693_S_POA_03_ASEReadCounter.table","NW_015090842.1:9582976",2,2,0
"CDT1","s1693_S_POA_03_ASEReadCounter.table","NW_015090842.1:9596711",0,3,3
"CDT1","s1693_S_POA_03_ASEReadCounter.table","NW_015090842.1:9597033",9,9,0
"CDT1","s1693_S_POA_03_ASEReadCounter.table","NW_015090842.1:9597756",6,13,7
"CDT1","s1693_S_POA_03_ASEReadCounter.table","NW_015090842.1:9598873",8,8,0
"ACSF3","s1693_S_POA_03_ASEReadCounter.table","NW_015090842.1:9776737",8,16,8
"ACSF3","s1693_S_POA_03_ASEReadCounter.table","NW_015090842.1:9809639",90,90,0
"ACSF3","s1693_S_POA_03_ASEReadCounter.table","NW_015090842.1:9834743",58,110,52
"ACSF3","s1693_S_POA_03_ASEReadCounter.table","NW_015090842.1:9834762",117,117,0
"ACSF3","s1693_S_POA_03_ASEReadCounter.table","NW_015090842.1:9834852",48,95,47
"ACSF3","s1693_S_POA_03_ASEReadCounter.table","NW_015090842.1:9834861",41,87,46
"ACSF3","s1693_S_POA_03_ASEReadCounter.table","NW_015090842.1:9839359",29,70,41
"ACSF3","s1693_S_POA_03_ASEReadCounter.table","NW_015090842.1:9839378",32,70,38
"ACSF3","s1693_S_POA_03_ASEReadCounter.table","NW_015090842.1:9839455",34,73,39
"ACSF3","s1693_S_POA_03_ASEReadCounter.table","NW_015090842.1:9839457",34,68,34
"ACSF3","s1693_S_POA_03_ASEReadCounter.table","NW_015090842.1:9839489",23,47,24
"ACSF3","s1693_S_POA_03_ASEReadCounter.table","NW_015090842.1:9839500",20,41,21
"ACSF3","s1693_S_POA_03_ASEReadCounter.table","NW_015090842.1:9839501",20,42,22
"ACSF3","s1693_S_POA_03_ASEReadCounter.table","NW_015090842.1:9839504",23,45,22
"ACSF3","s1693_S_POA_03_ASEReadCounter.table","NW_015090842.1:9839512",21,40,19
"ACSF3","s1693_S_POA_03_ASEReadCounter.table","NW_015090842.1:9839527",20,38,18
"ACSF3","s1693_S_POA_03_ASEReadCounter.table","NW_015090842.1:9839533",13,28,15
"ACSF3","s1693_S_POA_03_ASEReadCounter.table","NW_015090842.1:9839535",13,28,15
"ACSF3","s1693_S_POA_03_ASEReadCounter.table","NW_015090842.1:9839545",11,24,13
"ACSF3","s1693_S_POA_03_ASEReadCounter.table","NW_015090842.1:9839550",9,22,13
"ACSF3","s1693_S_POA_03_ASEReadCounter.table","NW_015090842.1:9839551",10,23,13
"CDH15","s1693_S_POA_03_ASEReadCounter.table","NW_015090842.1:9847163",0,1,1
"CDH15","s1693_S_POA_03_ASEReadCounter.table","NW_015090842.1:9847174",0,1,1
"CDH15","s1693_S_POA_03_ASEReadCounter.table","NW_015090842.1:9848220",1,2,1
"CDH15","s1693_S_POA_03_ASEReadCounter.table","NW_015090842.1:9848265",1,2,1
"CDH15","s1693_S_POA_03_ASEReadCounter.table","NW_015090842.1:9848531",2,4,2
"CDH15","s1693_S_POA_03_ASEReadCounter.table","NW_015090842.1:9848552",2,4,2
"CDH15","s1693_S_POA_03_ASEReadCounter.table","NW_015090842.1:9848888",1,1,0
"CDH15","s1693_S_POA_03_ASEReadCounter.table","NW_015090842.1:9849473",0,1,1
"CDH15","s1693_S_POA_03_ASEReadCounter.table","NW_015090842.1:9850141",1,1,0
"CDH15","s1693_S_POA_03_ASEReadCounter.table","NW_015090842.1:9850386",1,2,1
"CDH15","s1693_S_POA_03_ASEReadCounter.table","NW_015090842.1:9850432",1,2,1
"CDH15","s1693_S_POA_03_ASEReadCounter.table","NW_015090842.1:9850609",2,3,1
"SLC22A31","s1693_S_POA_03_ASEReadCounter.table","NW_015090842.1:9850818",1,1,0
"SLC22A31","s1693_S_POA_03_ASEReadCounter.table","NW_015090842.1:9850929",2,2,0
"SLC22A31","s1693_S_POA_03_ASEReadCounter.table","NW_015090842.1:9850936",2,2,0
"SLC22A31","s1693_S_POA_03_ASEReadCounter.table","NW_015090842.1:9850940",2,2,0
"SLC22A31","s1693_S_POA_03_ASEReadCounter.table","NW_015090842.1:9850948",2,2,0
"SLC22A31","s1693_S_POA_03_ASEReadCounter.table","NW_015090842.1:9850961",2,2,0
"SLC22A31","s1693_S_POA_03_ASEReadCounter.table","NW_015090842.1:9850970",2,2,0
"SLC22A31","s1693_S_POA_03_ASEReadCounter.table","NW_015090842.1:9850978",2,2,0
"SLC22A31","s1693_S_POA_03_ASEReadCounter.table","NW_015090842.1:9850981",2,2,0
"SLC22A31","s1693_S_POA_03_ASEReadCounter.table","NW_015090842.1:9851032",1,1,0
"SLC22A31","s1693_S_POA_03_ASEReadCounter.table","NW_015090842.1:9851053",1,1,0
"SLC22A31","s1693_S_POA_03_ASEReadCounter.table","NW_015090842.1:9851130",3,10,7
"SLC22A31","s1693_S_POA_03_ASEReadCounter.table","NW_015090842.1:9851139",4,14,10
"SLC22A31","s1693_S_POA_03_ASEReadCounter.table","NW_015090842.1:9851265",5,19,14
"SLC22A31","s1693_S_POA_03_ASEReadCounter.table","NW_015090842.1:9851302",9,22,13
"SLC22A31","s1693_S_POA_03_ASEReadCounter.table","NW_015090842.1:9851303",9,22,13
"SLC22A31","s1693_S_POA_03_ASEReadCounter.table","NW_015090842.1:9851305",9,22,13
"SLC22A31","s1693_S_POA_03_ASEReadCounter.table","NW_015090842.1:9851343",4,14,10
"SLC22A31","s1693_S_POA_03_ASEReadCounter.table","NW_015090842.1:9851344",9,19,10
"SLC22A31","s1693_S_POA_03_ASEReadCounter.table","NW_015090842.1:9851381",12,19,7
"SLC22A31","s1693_S_POA_03_ASEReadCounter.table","NW_015090842.1:9851421",18,27,9
"SLC22A31","s1693_S_POA_03_ASEReadCounter.table","NW_015090842.1:9851526",13,23,10
"SLC22A31","s1693_S_POA_03_ASEReadCounter.table","NW_015090842.1:9851589",14,29,15
"SLC22A31","s1693_S_POA_03_ASEReadCounter.table","NW_015090842.1:9851712",18,29,11
"SLC22A31","s1693_S_POA_03_ASEReadCounter.table","NW_015090842.1:9851899",8,24,16
"SLC22A31","s1693_S_POA_03_ASEReadCounter.table","NW_015090842.1:9852139",16,24,8
"SLC22A31","s1693_S_POA_03_ASEReadCounter.table","NW_015090842.1:9852380",20,31,11
"SLC22A31","s1693_S_POA_03_ASEReadCounter.table","NW_015090842.1:9852431",9,20,11
"SLC22A31","s1693_S_POA_03_ASEReadCounter.table","NW_015090842.1:9852630",7,11,4
"SLC22A31","s1693_S_POA_03_ASEReadCounter.table","NW_015090842.1:9852711",3,9,6
"SLC22A31","s1693_S_POA_03_ASEReadCounter.table","NW_015090842.1:9852742",4,11,7
"SLC22A31","s1693_S_POA_03_ASEReadCounter.table","NW_015090842.1:9853099",4,9,5
"SLC22A31","s1693_S_POA_03_ASEReadCounter.table","NW_015090842.1:9853102",5,10,5
"SLC22A31","s1693_S_POA_03_ASEReadCounter.table","NW_015090842.1:9853421",6,7,1
"SLC22A31","s1693_S_POA_03_ASEReadCounter.table","NW_015090842.1:9853457",6,7,1
"SLC22A31","s1693_S_POA_03_ASEReadCounter.table","NW_015090842.1:9853502",8,8,0
"ANKRD11","s1693_S_POA_03_ASEReadCounter.table","NW_015090842.1:9858863",7,34,27
"ANKRD11","s1693_S_POA_03_ASEReadCounter.table","NW_015090842.1:9859101",166,376,210
"ANKRD11","s1693_S_POA_03_ASEReadCounter.table","NW_015090842.1:9859352",227,470,243
"ANKRD11","s1693_S_POA_03_ASEReadCounter.table","NW_015090842.1:9859381",61,264,203
"ANKRD11","s1693_S_POA_03_ASEReadCounter.table","NW_015090842.1:9859527",105,230,125
"ANKRD11","s1693_S_POA_03_ASEReadCounter.table","NW_015090842.1:9859529",106,234,128
"ANKRD11","s1693_S_POA_03_ASEReadCounter.table","NW_015090842.1:9859679",242,452,210
"ANKRD11","s1693_S_POA_03_ASEReadCounter.table","NW_015090842.1:9861097",180,353,173
"ANKRD11","s1693_S_POA_03_ASEReadCounter.table","NW_015090842.1:9862571",102,205,103
"ANKRD11","s1693_S_POA_03_ASEReadCounter.table","NW_015090842.1:9866071",0,95,95
"ANKRD11","s1693_S_POA_03_ASEReadCounter.table","NW_015090842.1:9866200",0,70,70
"ANKRD11","s1693_S_POA_03_ASEReadCounter.table","NW_015090842.1:9867391",30,59,29
"ANKRD11","s1693_S_POA_03_ASEReadCounter.table","NW_015090842.1:9867472",54,104,50
"ANKRD11","s1693_S_POA_03_ASEReadCounter.table","NW_015090842.1:9867559",65,119,54
"ANKRD11","s1693_S_POA_03_ASEReadCounter.table","NW_015090842.1:9867934",64,133,69
"ANKRD11","s1693_S_POA_03_ASEReadCounter.table","NW_015090842.1:9868093",70,123,53
"ANKRD11","s1693_S_POA_03_ASEReadCounter.table","NW_015090842.1:9868222",57,118,61
"ANKRD11","s1693_S_POA_03_ASEReadCounter.table","NW_015090842.1:9868327",74,145,71
"ANKRD11","s1693_S_POA_03_ASEReadCounter.table","NW_015090842.1:9868414",87,166,79
"ANKRD11","s1693_S_POA_03_ASEReadCounter.table","NW_015090842.1:9868441",79,157,78
"ANKRD11","s1693_S_POA_03_ASEReadCounter.table","NW_015090842.1:9868444",82,174,92
"ANKRD11","s1693_S_POA_03_ASEReadCounter.table","NW_015090842.1:9868519",106,232,126
"ANKRD11","s1693_S_POA_03_ASEReadCounter.table","NW_015090842.1:9868609",121,264,143
"ANKRD11","s1693_S_POA_03_ASEReadCounter.table","NW_015090842.1:9868666",129,300,171
"ANKRD11","s1693_S_POA_03_ASEReadCounter.table","NW_015090842.1:9869431",214,395,181
"ANKRD11","s1693_S_POA_03_ASEReadCounter.table","NW_015090842.1:9869578",306,596,290
"ANKRD11","s1693_S_POA_03_ASEReadCounter.table","NW_015090842.1:9869734",305,618,313
"ANKRD11","s1693_S_POA_03_ASEReadCounter.table","NW_015090842.1:9870070",259,565,306
"ANKRD11","s1693_S_POA_03_ASEReadCounter.table","NW_015090842.1:9870349",347,658,311
"ANKRD11","s1693_S_POA_03_ASEReadCounter.table","NW_015090842.1:9870604",354,679,325
"ANKRD11","s1693_S_POA_03_ASEReadCounter.table","NW_015090842.1:9870613",393,749,356
"ANKRD11","s1693_S_POA_03_ASEReadCounter.table","NW_015090842.1:9870685",417,855,438
"ANKRD11","s1693_S_POA_03_ASEReadCounter.table","NW_015090842.1:9870847",355,696,341
"ANKRD11","s1693_S_POA_03_ASEReadCounter.table","NW_015090842.1:9871103",275,526,251
"ANKRD11","s1693_S_POA_03_ASEReadCounter.table","NW_015090842.1:9871165",280,586,306
"ANKRD11","s1693_S_POA_03_ASEReadCounter.table","NW_015090842.1:9871820",86,159,73
"ANKRD11","s1693_S_POA_03_ASEReadCounter.table","NW_015090842.1:9871994",145,145,0
"ANKRD11","s1693_S_POA_03_ASEReadCounter.table","NW_015090842.1:9872118",91,200,109
"SPG7","s1693_S_POA_03_ASEReadCounter.table","NW_015090842.1:10051190",98,195,97
"SPG7","s1693_S_POA_03_ASEReadCounter.table","NW_015090842.1:10051218",110,228,118
"SPG7","s1693_S_POA_03_ASEReadCounter.table","NW_015090842.1:10052348",132,251,119
"SPG7","s1693_S_POA_03_ASEReadCounter.table","NW_015090842.1:10052366",149,273,124
"SPG7","s1693_S_POA_03_ASEReadCounter.table","NW_015090842.1:10065173",193,364,171
"SPG7","s1693_S_POA_03_ASEReadCounter.table","NW_015090842.1:10065215",173,310,137
"SPG7","s1693_S_POA_03_ASEReadCounter.table","NW_015090842.1:10066301",144,253,109
"SPG7","s1693_S_POA_03_ASEReadCounter.table","NW_015090842.1:10066365",183,318,135
"SPG7","s1693_S_POA_03_ASEReadCounter.table","NW_015090842.1:10069752",216,393,177
"SPG7","s1693_S_POA_03_ASEReadCounter.table","NW_015090842.1:10069800",198,400,202
"SPG7","s1693_S_POA_03_ASEReadCounter.table","NW_015090842.1:10071192",234,451,217
"SPG7","s1693_S_POA_03_ASEReadCounter.table","NW_015090842.1:10071204",225,434,209
"SPG7","s1693_S_POA_03_ASEReadCounter.table","NW_015090842.1:10071219",217,424,207
"SPG7","s1693_S_POA_03_ASEReadCounter.table","NW_015090842.1:10071967",201,379,178
"SPG7","s1693_S_POA_03_ASEReadCounter.table","NW_015090842.1:10075109",385,716,331
"SPG7","s1693_S_POA_03_ASEReadCounter.table","NW_015090842.1:10075114",385,714,329
"SPG7","s1693_S_POA_03_ASEReadCounter.table","NW_015090842.1:10075198",300,547,247
"SPG7","s1693_S_POA_03_ASEReadCounter.table","NW_015090842.1:10075487",210,442,232
"SPG7","s1693_S_POA_03_ASEReadCounter.table","NW_015090842.1:10075488",211,448,237
"SPG7","s1693_S_POA_03_ASEReadCounter.table","NW_015090842.1:10075548",188,352,164
"RPL13","s1693_S_POA_03_ASEReadCounter.table","NW_015090842.1:10076979",3,4,1
"RPL13","s1693_S_POA_03_ASEReadCounter.table","NW_015090842.1:10077387",488,1119,631
"RPL13","s1693_S_POA_03_ASEReadCounter.table","NW_015090842.1:10077978",770,1675,905
"RPL13","s1693_S_POA_03_ASEReadCounter.table","NW_015090842.1:10077992",758,1588,830
"CPNE7","s1693_S_POA_03_ASEReadCounter.table","NW_015090842.1:10084001",37,66,29
"CPNE7","s1693_S_POA_03_ASEReadCounter.table","NW_015090842.1:10084856",24,36,12
"CPNE7","s1693_S_POA_03_ASEReadCounter.table","NW_015090842.1:10084872",26,41,15
"CPNE7","s1693_S_POA_03_ASEReadCounter.table","NW_015090842.1:10084892",27,45,18
"CPNE7","s1693_S_POA_03_ASEReadCounter.table","NW_015090842.1:10084921",24,49,25
"CPNE7","s1693_S_POA_03_ASEReadCounter.table","NW_015090842.1:10084935",24,51,27
"CPNE7","s1693_S_POA_03_ASEReadCounter.table","NW_015090842.1:10085000",34,64,30
"CPNE7","s1693_S_POA_03_ASEReadCounter.table","NW_015090842.1:10085089",32,61,29
"CPNE7","s1693_S_POA_03_ASEReadCounter.table","NW_015090842.1:10085096",34,66,32
"CPNE7","s1693_S_POA_03_ASEReadCounter.table","NW_015090842.1:10085126",31,69,38
"CPNE7","s1693_S_POA_03_ASEReadCounter.table","NW_015090842.1:10085180",30,68,38
"CPNE7","s1693_S_POA_03_ASEReadCounter.table","NW_015090842.1:10085201",27,61,34
"CPNE7","s1693_S_POA_03_ASEReadCounter.table","NW_015090842.1:10088134",70,112,42
"CPNE7","s1693_S_POA_03_ASEReadCounter.table","NW_015090842.1:10088146",69,113,44
"CPNE7","s1693_S_POA_03_ASEReadCounter.table","NW_015090842.1:10088940",113,191,78
"CPNE7","s1693_S_POA_03_ASEReadCounter.table","NW_015090842.1:10088965",112,187,75
"CPNE7","s1693_S_POA_03_ASEReadCounter.table","NW_015090842.1:10088967",113,187,74
"CPNE7","s1693_S_POA_03_ASEReadCounter.table","NW_015090842.1:10088973",107,184,77
"CPNE7","s1693_S_POA_03_ASEReadCounter.table","NW_015090842.1:10090924",158,256,98
"CPNE7","s1693_S_POA_03_ASEReadCounter.table","NW_015090842.1:10090930",162,260,98
"CPNE7","s1693_S_POA_03_ASEReadCounter.table","NW_015090842.1:10091075",164,265,101
"CPNE7","s1693_S_POA_03_ASEReadCounter.table","NW_015090842.1:10091389",123,241,118
"CPNE7","s1693_S_POA_03_ASEReadCounter.table","NW_015090842.1:10091407",146,266,120
"CPNE7","s1693_S_POA_03_ASEReadCounter.table","NW_015090842.1:10091530",133,254,121
"CPNE7","s1693_S_POA_03_ASEReadCounter.table","NW_015090842.1:10091875",174,276,102
"CPNE7","s1693_S_POA_03_ASEReadCounter.table","NW_015090842.1:10091983",144,253,109
"CPNE7","s1693_S_POA_03_ASEReadCounter.table","NW_015090842.1:10091997",141,254,113
"CPNE7","s1693_S_POA_03_ASEReadCounter.table","NW_015090842.1:10092038",72,139,67
"CPNE7","s1693_S_POA_03_ASEReadCounter.table","NW_015090842.1:10092140",93,180,87
"CPNE7","s1693_S_POA_03_ASEReadCounter.table","NW_015090842.1:10092183",88,141,53
"CPNE7","s1693_S_POA_03_ASEReadCounter.table","NW_015090842.1:10092201",76,115,39
"CPNE7","s1693_S_POA_03_ASEReadCounter.table","NW_015090842.1:10092230",49,75,26
"CPNE7","s1693_S_POA_03_ASEReadCounter.table","NW_015090842.1:10092246",36,55,19
"LOC106888185","s1693_S_POA_03_ASEReadCounter.table","NW_015090842.1:10094965",1,4,3
"LOC106888185","s1693_S_POA_03_ASEReadCounter.table","NW_015090842.1:10094966",1,4,3
"LOC106888185","s1693_S_POA_03_ASEReadCounter.table","NW_015090842.1:10094985",1,4,3
"LOC106888185","s1693_S_POA_03_ASEReadCounter.table","NW_015090842.1:10095055",0,2,2
"LOC106888185","s1693_S_POA_03_ASEReadCounter.table","NW_015090842.1:10095062",0,1,1
"LOC106888185","s1693_S_POA_03_ASEReadCounter.table","NW_015090842.1:10095130",0,4,4
"LOC106888185","s1693_S_POA_03_ASEReadCounter.table","NW_015090842.1:10095265",12,26,14
"LOC106888185","s1693_S_POA_03_ASEReadCounter.table","NW_015090842.1:10095586",10,24,14
"LOC106888185","s1693_S_POA_03_ASEReadCounter.table","NW_015090842.1:10095593",9,25,16
"LOC106888185","s1693_S_POA_03_ASEReadCounter.table","NW_015090842.1:10095616",10,25,15
"LOC106888185","s1693_S_POA_03_ASEReadCounter.table","NW_015090842.1:10095662",3,16,13
"LOC106888185","s1693_S_POA_03_ASEReadCounter.table","NW_015090842.1:10095674",2,13,11
"LOC106888185","s1693_S_POA_03_ASEReadCounter.table","NW_015090842.1:10095786",4,21,17
"LOC106888185","s1693_S_POA_03_ASEReadCounter.table","NW_015090842.1:10095831",6,24,18
"LOC106888185","s1693_S_POA_03_ASEReadCounter.table","NW_015090842.1:10096230",6,13,7
"LOC106888185","s1693_S_POA_03_ASEReadCounter.table","NW_015090842.1:10096249",5,11,6
"LOC106888185","s1693_S_POA_03_ASEReadCounter.table","NW_015090842.1:10096272",3,7,4
"LOC106888185","s1693_S_POA_03_ASEReadCounter.table","NW_015090842.1:10096288",5,9,4
"LOC106888185","s1693_S_POA_03_ASEReadCounter.table","NW_015090842.1:10097248",9,14,5
"LOC106888185","s1693_S_POA_03_ASEReadCounter.table","NW_015090842.1:10097265",5,10,5
"DPEP1","s1693_S_POA_03_ASEReadCounter.table","NW_015090842.1:10098518",0,1,1
"DPEP1","s1693_S_POA_03_ASEReadCounter.table","NW_015090842.1:10099985",0,1,1
"DPEP1","s1693_S_POA_03_ASEReadCounter.table","NW_015090842.1:10099986",0,1,1
"DPEP1","s1693_S_POA_03_ASEReadCounter.table","NW_015090842.1:10099991",0,1,1
"DPEP1","s1693_S_POA_03_ASEReadCounter.table","NW_015090842.1:10100044",0,2,2
"DPEP1","s1693_S_POA_03_ASEReadCounter.table","NW_015090842.1:10100045",0,2,2
"DPEP1","s1693_S_POA_03_ASEReadCounter.table","NW_015090842.1:10100084",1,2,1
"DPEP1","s1693_S_POA_03_ASEReadCounter.table","NW_015090842.1:10100295",0,2,2
"DPEP1","s1693_S_POA_03_ASEReadCounter.table","NW_015090842.1:10100529",0,2,2
"DPEP1","s1693_S_POA_03_ASEReadCounter.table","NW_015090842.1:10100893",0,2,2
"DPEP1","s1693_S_POA_03_ASEReadCounter.table","NW_015090842.1:10100902",0,2,2
"DPEP1","s1693_S_POA_03_ASEReadCounter.table","NW_015090842.1:10101483",0,2,2
"DPEP1","s1693_S_POA_03_ASEReadCounter.table","NW_015090842.1:10101497",0,3,3
"DPEP1","s1693_S_POA_03_ASEReadCounter.table","NW_015090842.1:10101525",0,3,3
"DPEP1","s1693_S_POA_03_ASEReadCounter.table","NW_015090842.1:10101913",0,2,2
"DPEP1","s1693_S_POA_03_ASEReadCounter.table","NW_015090842.1:10101996",0,3,3
"DPEP1","s1693_S_POA_03_ASEReadCounter.table","NW_015090842.1:10102014",0,2,2
"DPEP1","s1693_S_POA_03_ASEReadCounter.table","NW_015090842.1:10102035",0,2,2
"DPEP1","s1693_S_POA_03_ASEReadCounter.table","NW_015090842.1:10102076",0,1,1
"DPEP1","s1693_S_POA_03_ASEReadCounter.table","NW_015090842.1:10102077",0,1,1
"CHMP1A","s1693_S_POA_03_ASEReadCounter.table","NW_015090842.1:10102901",95,205,110
"CHMP1A","s1693_S_POA_03_ASEReadCounter.table","NW_015090842.1:10102961",68,191,123
"CHMP1A","s1693_S_POA_03_ASEReadCounter.table","NW_015090842.1:10102996",51,176,125
"CHMP1A","s1693_S_POA_03_ASEReadCounter.table","NW_015090842.1:10103004",63,194,131
"CHMP1A","s1693_S_POA_03_ASEReadCounter.table","NW_015090842.1:10103006",63,195,132
"CHMP1A","s1693_S_POA_03_ASEReadCounter.table","NW_015090842.1:10103052",108,260,152
"CHMP1A","s1693_S_POA_03_ASEReadCounter.table","NW_015090842.1:10103095",139,283,144
"CHMP1A","s1693_S_POA_03_ASEReadCounter.table","NW_015090842.1:10103096",142,287,145
"CHMP1A","s1693_S_POA_03_ASEReadCounter.table","NW_015090842.1:10103152",118,199,81
"CHMP1A","s1693_S_POA_03_ASEReadCounter.table","NW_015090842.1:10103334",73,155,82
"CHMP1A","s1693_S_POA_03_ASEReadCounter.table","NW_015090842.1:10103373",28,126,98
"CHMP1A","s1693_S_POA_03_ASEReadCounter.table","NW_015090842.1:10103408",63,175,112
"CHMP1A","s1693_S_POA_03_ASEReadCounter.table","NW_015090842.1:10103412",69,179,110
"CHMP1A","s1693_S_POA_03_ASEReadCounter.table","NW_015090842.1:10103512",123,239,116
"CHMP1A","s1693_S_POA_03_ASEReadCounter.table","NW_015090842.1:10103513",123,238,115
"CHMP1A","s1693_S_POA_03_ASEReadCounter.table","NW_015090842.1:10103583",66,143,77
"CHMP1A","s1693_S_POA_03_ASEReadCounter.table","NW_015090842.1:10103614",65,139,74
"CHMP1A","s1693_S_POA_03_ASEReadCounter.table","NW_015090842.1:10103657",77,155,78
"CHMP1A","s1693_S_POA_03_ASEReadCounter.table","NW_015090842.1:10103669",66,139,73
"CHMP1A","s1693_S_POA_03_ASEReadCounter.table","NW_015090842.1:10103674",69,139,70
"CHMP1A","s1693_S_POA_03_ASEReadCounter.table","NW_015090842.1:10103677",65,135,70
"CHMP1A","s1693_S_POA_03_ASEReadCounter.table","NW_015090842.1:10103729",83,166,83
"CHMP1A","s1693_S_POA_03_ASEReadCounter.table","NW_015090842.1:10103758",80,153,73
"CHMP1A","s1693_S_POA_03_ASEReadCounter.table","NW_015090842.1:10103761",76,151,75
"CHMP1A","s1693_S_POA_03_ASEReadCounter.table","NW_015090842.1:10103788",89,197,108
"CHMP1A","s1693_S_POA_03_ASEReadCounter.table","NW_015090842.1:10103789",89,196,107
"CHMP1A","s1693_S_POA_03_ASEReadCounter.table","NW_015090842.1:10103790",86,198,112
"CHMP1A","s1693_S_POA_03_ASEReadCounter.table","NW_015090842.1:10103950",77,160,83
"CHMP1A","s1693_S_POA_03_ASEReadCounter.table","NW_015090842.1:10104335",89,143,54
"CHMP1A","s1693_S_POA_03_ASEReadCounter.table","NW_015090842.1:10104429",87,163,76
"CHMP1A","s1693_S_POA_03_ASEReadCounter.table","NW_015090842.1:10104532",91,164,73
"CHMP1A","s1693_S_POA_03_ASEReadCounter.table","NW_015090842.1:10104633",59,115,56
"CHMP1A","s1693_S_POA_03_ASEReadCounter.table","NW_015090842.1:10104759",52,121,69
"CHMP1A","s1693_S_POA_03_ASEReadCounter.table","NW_015090842.1:10104794",70,147,77
"CHMP1A","s1693_S_POA_03_ASEReadCounter.table","NW_015090842.1:10104844",45,104,59
"CHMP1A","s1693_S_POA_03_ASEReadCounter.table","NW_015090842.1:10106290",64,119,55
"CHMP1A","s1693_S_POA_03_ASEReadCounter.table","NW_015090842.1:10106335",64,131,67
"CHMP1A","s1693_S_POA_03_ASEReadCounter.table","NW_015090842.1:10106383",65,150,85
"CHMP1A","s1693_S_POA_03_ASEReadCounter.table","NW_015090842.1:10106747",60,134,74
"CHMP1A","s1693_S_POA_03_ASEReadCounter.table","NW_015090842.1:10107404",67,140,73
"CHMP1A","s1693_S_POA_03_ASEReadCounter.table","NW_015090842.1:10107410",68,142,74
"CHMP1A","s1693_S_POA_03_ASEReadCounter.table","NW_015090842.1:10107876",67,144,77
"CDK10","s1693_S_POA_03_ASEReadCounter.table","NW_015090842.1:10109030",8,11,3
"CDK10","s1693_S_POA_03_ASEReadCounter.table","NW_015090842.1:10109963",41,113,72
"CDK10","s1693_S_POA_03_ASEReadCounter.table","NW_015090842.1:10110887",43,99,56
"CDK10","s1693_S_POA_03_ASEReadCounter.table","NW_015090842.1:10111254",29,88,59
"CDK10","s1693_S_POA_03_ASEReadCounter.table","NW_015090842.1:10111380",27,100,73
"CDK10","s1693_S_POA_03_ASEReadCounter.table","NW_015090842.1:10111395",36,106,70
"CDK10","s1693_S_POA_03_ASEReadCounter.table","NW_015090842.1:10111437",25,89,64
"CDK10","s1693_S_POA_03_ASEReadCounter.table","NW_015090842.1:10111798",40,102,62
"CDK10","s1693_S_POA_03_ASEReadCounter.table","NW_015090842.1:10111840",37,92,55
"CDK10","s1693_S_POA_03_ASEReadCounter.table","NW_015090842.1:10112031",51,131,80
"CDK10","s1693_S_POA_03_ASEReadCounter.table","NW_015090842.1:10112285",61,138,77
"CDK10","s1693_S_POA_03_ASEReadCounter.table","NW_015090842.1:10112398",62,147,85
"CDK10","s1693_S_POA_03_ASEReadCounter.table","NW_015090842.1:10112455",52,150,98
"CDK10","s1693_S_POA_03_ASEReadCounter.table","NW_015090842.1:10112461",49,140,91
"CDK10","s1693_S_POA_03_ASEReadCounter.table","NW_015090842.1:10112497",41,119,78
"CDK10","s1693_S_POA_03_ASEReadCounter.table","NW_015090842.1:10112508",33,116,83
"CDK10","s1693_S_POA_03_ASEReadCounter.table","NW_015090842.1:10112518",27,100,73
"CDK10","s1693_S_POA_03_ASEReadCounter.table","NW_015090842.1:10112540",9,85,76
"CDK10","s1693_S_POA_03_ASEReadCounter.table","NW_015090842.1:10112556",26,102,76
"CDK10","s1693_S_POA_03_ASEReadCounter.table","NW_015090842.1:10112561",28,119,91
"CDK10","s1693_S_POA_03_ASEReadCounter.table","NW_015090842.1:10112596",43,142,99
"CDK10","s1693_S_POA_03_ASEReadCounter.table","NW_015090842.1:10112630",42,130,88
"CDK10","s1693_S_POA_03_ASEReadCounter.table","NW_015090842.1:10112656",45,136,91
"CDK10","s1693_S_POA_03_ASEReadCounter.table","NW_015090842.1:10112665",39,99,60
"CDK10","s1693_S_POA_03_ASEReadCounter.table","NW_015090842.1:10112668",37,95,58
"CDK10","s1693_S_POA_03_ASEReadCounter.table","NW_015090842.1:10112781",13,47,34
"CDK10","s1693_S_POA_03_ASEReadCounter.table","NW_015090842.1:10112782",13,47,34
"CDK10","s1693_S_POA_03_ASEReadCounter.table","NW_015090842.1:10112795",14,45,31
"CDK10","s1693_S_POA_03_ASEReadCounter.table","NW_015090842.1:10112841",8,25,17
"CDK10","s1693_S_POA_03_ASEReadCounter.table","NW_015090842.1:10112861",7,21,14
"SPATA2L","s1693_S_POA_03_ASEReadCounter.table","NW_015090842.1:10113212",40,80,40
"SPATA2L","s1693_S_POA_03_ASEReadCounter.table","NW_015090842.1:10113280",48,115,67
"SPATA2L","s1693_S_POA_03_ASEReadCounter.table","NW_015090842.1:10113296",47,109,62
"SPATA2L","s1693_S_POA_03_ASEReadCounter.table","NW_015090842.1:10113321",54,126,72
"SPATA2L","s1693_S_POA_03_ASEReadCounter.table","NW_015090842.1:10113332",58,137,79
"SPATA2L","s1693_S_POA_03_ASEReadCounter.table","NW_015090842.1:10113380",57,144,87
"SPATA2L","s1693_S_POA_03_ASEReadCounter.table","NW_015090842.1:10113381",56,144,88
"SPATA2L","s1693_S_POA_03_ASEReadCounter.table","NW_015090842.1:10113412",56,135,79
"SPATA2L","s1693_S_POA_03_ASEReadCounter.table","NW_015090842.1:10113421",55,130,75
"SPATA2L","s1693_S_POA_03_ASEReadCounter.table","NW_015090842.1:10113465",55,126,71
"SPATA2L","s1693_S_POA_03_ASEReadCounter.table","NW_015090842.1:10113535",60,126,66
"SPATA2L","s1693_S_POA_03_ASEReadCounter.table","NW_015090842.1:10113645",57,163,106
"SPATA2L","s1693_S_POA_03_ASEReadCounter.table","NW_015090842.1:10113682",74,196,122
"SPATA2L","s1693_S_POA_03_ASEReadCounter.table","NW_015090842.1:10113696",73,185,112
"SPATA2L","s1693_S_POA_03_ASEReadCounter.table","NW_015090842.1:10113727",75,185,110
"SPATA2L","s1693_S_POA_03_ASEReadCounter.table","NW_015090842.1:10113729",75,187,112
"SPATA2L","s1693_S_POA_03_ASEReadCounter.table","NW_015090842.1:10113799",83,197,114
"SPATA2L","s1693_S_POA_03_ASEReadCounter.table","NW_015090842.1:10113809",89,210,121
"SPATA2L","s1693_S_POA_03_ASEReadCounter.table","NW_015090842.1:10113827",88,215,127
"SPATA2L","s1693_S_POA_03_ASEReadCounter.table","NW_015090842.1:10113831",85,221,136
"SPATA2L","s1693_S_POA_03_ASEReadCounter.table","NW_015090842.1:10113894",66,171,105
"SPATA2L","s1693_S_POA_03_ASEReadCounter.table","NW_015090842.1:10113905",64,170,106
"SPATA2L","s1693_S_POA_03_ASEReadCounter.table","NW_015090842.1:10113914",63,171,108
"SPATA2L","s1693_S_POA_03_ASEReadCounter.table","NW_015090842.1:10113920",62,157,95
"SPATA2L","s1693_S_POA_03_ASEReadCounter.table","NW_015090842.1:10113937",77,181,104
"SPATA2L","s1693_S_POA_03_ASEReadCounter.table","NW_015090842.1:10113971",65,166,101
"SPATA2L","s1693_S_POA_03_ASEReadCounter.table","NW_015090842.1:10113976",64,163,99
"SPATA2L","s1693_S_POA_03_ASEReadCounter.table","NW_015090842.1:10113985",67,161,94
"SPATA2L","s1693_S_POA_03_ASEReadCounter.table","NW_015090842.1:10113994",73,169,96
"SPATA2L","s1693_S_POA_03_ASEReadCounter.table","NW_015090842.1:10114063",60,146,86
"SPATA2L","s1693_S_POA_03_ASEReadCounter.table","NW_015090842.1:10114066",56,139,83
"SPATA2L","s1693_S_POA_03_ASEReadCounter.table","NW_015090842.1:10114069",53,136,83
"SPATA2L","s1693_S_POA_03_ASEReadCounter.table","NW_015090842.1:10114159",46,116,70
"SPATA2L","s1693_S_POA_03_ASEReadCounter.table","NW_015090842.1:10114262",144,144,0
"SPATA2L","s1693_S_POA_03_ASEReadCounter.table","NW_015090842.1:10114470",44,106,62
"SPATA2L","s1693_S_POA_03_ASEReadCounter.table","NW_015090842.1:10114524",30,81,51
"VPS9D1","s1693_S_POA_03_ASEReadCounter.table","NW_015090842.1:10116377",39,93,54
"VPS9D1","s1693_S_POA_03_ASEReadCounter.table","NW_015090842.1:10116415",40,98,58
"VPS9D1","s1693_S_POA_03_ASEReadCounter.table","NW_015090842.1:10116607",35,91,56
"VPS9D1","s1693_S_POA_03_ASEReadCounter.table","NW_015090842.1:10116821",25,60,35
"VPS9D1","s1693_S_POA_03_ASEReadCounter.table","NW_015090842.1:10116825",25,62,37
"VPS9D1","s1693_S_POA_03_ASEReadCounter.table","NW_015090842.1:10116882",30,75,45
"VPS9D1","s1693_S_POA_03_ASEReadCounter.table","NW_015090842.1:10116933",35,81,46
"VPS9D1","s1693_S_POA_03_ASEReadCounter.table","NW_015090842.1:10116942",32,80,48
"VPS9D1","s1693_S_POA_03_ASEReadCounter.table","NW_015090842.1:10117152",23,56,33
"VPS9D1","s1693_S_POA_03_ASEReadCounter.table","NW_015090842.1:10117480",23,47,24
"VPS9D1","s1693_S_POA_03_ASEReadCounter.table","NW_015090842.1:10117497",18,39,21
"VPS9D1","s1693_S_POA_03_ASEReadCounter.table","NW_015090842.1:10117499",18,41,23
"VPS9D1","s1693_S_POA_03_ASEReadCounter.table","NW_015090842.1:10117516",23,53,30
"VPS9D1","s1693_S_POA_03_ASEReadCounter.table","NW_015090842.1:10117525",25,64,39
"VPS9D1","s1693_S_POA_03_ASEReadCounter.table","NW_015090842.1:10117579",30,76,46
"VPS9D1","s1693_S_POA_03_ASEReadCounter.table","NW_015090842.1:10117627",29,57,28
"VPS9D1","s1693_S_POA_03_ASEReadCounter.table","NW_015090842.1:10117678",18,47,29
"VPS9D1","s1693_S_POA_03_ASEReadCounter.table","NW_015090842.1:10117773",24,59,35
"VPS9D1","s1693_S_POA_03_ASEReadCounter.table","NW_015090842.1:10117937",25,70,45
"VPS9D1","s1693_S_POA_03_ASEReadCounter.table","NW_015090842.1:10117961",29,71,42
"VPS9D1","s1693_S_POA_03_ASEReadCounter.table","NW_015090842.1:10118236",24,68,44
"VPS9D1","s1693_S_POA_03_ASEReadCounter.table","NW_015090842.1:10118414",21,63,42
"VPS9D1","s1693_S_POA_03_ASEReadCounter.table","NW_015090842.1:10118973",38,93,55
"VPS9D1","s1693_S_POA_03_ASEReadCounter.table","NW_015090842.1:10119500",17,55,38
"ZNF276","s1693_S_POA_03_ASEReadCounter.table","NW_015090842.1:10121760",6,12,6
"ZNF276","s1693_S_POA_03_ASEReadCounter.table","NW_015090842.1:10121769",5,10,5
"ZNF276","s1693_S_POA_03_ASEReadCounter.table","NW_015090842.1:10121802",7,13,6
"ZNF276","s1693_S_POA_03_ASEReadCounter.table","NW_015090842.1:10121971",13,28,15
"ZNF276","s1693_S_POA_03_ASEReadCounter.table","NW_015090842.1:10122161",27,27,0
"ZNF276","s1693_S_POA_03_ASEReadCounter.table","NW_015090842.1:10122164",27,27,0
"ZNF276","s1693_S_POA_03_ASEReadCounter.table","NW_015090842.1:10122184",18,18,0
"ZNF276","s1693_S_POA_03_ASEReadCounter.table","NW_015090842.1:10122883",13,19,6
"ZNF276","s1693_S_POA_03_ASEReadCounter.table","NW_015090842.1:10122997",16,23,7
"ZNF276","s1693_S_POA_03_ASEReadCounter.table","NW_015090842.1:10123069",22,33,11
"ZNF276","s1693_S_POA_03_ASEReadCounter.table","NW_015090842.1:10123207",22,55,33
"ZNF276","s1693_S_POA_03_ASEReadCounter.table","NW_015090842.1:10125787",28,63,35
"ZNF276","s1693_S_POA_03_ASEReadCounter.table","NW_015090842.1:10126309",37,69,32
"ZNF276","s1693_S_POA_03_ASEReadCounter.table","NW_015090842.1:10126348",40,79,39
"ZNF276","s1693_S_POA_03_ASEReadCounter.table","NW_015090842.1:10126978",31,59,28
"ZNF276","s1693_S_POA_03_ASEReadCounter.table","NW_015090842.1:10126991",30,58,28
"ZNF276","s1693_S_POA_03_ASEReadCounter.table","NW_015090842.1:10127023",36,60,24
"ZNF276","s1693_S_POA_03_ASEReadCounter.table","NW_015090842.1:10127063",39,56,17
"ZNF276","s1693_S_POA_03_ASEReadCounter.table","NW_015090842.1:10127373",38,53,15
"ZNF276","s1693_S_POA_03_ASEReadCounter.table","NW_015090842.1:10127931",32,67,35
"ZNF276","s1693_S_POA_03_ASEReadCounter.table","NW_015090842.1:10128070",32,81,49
"ZNF276","s1693_S_POA_03_ASEReadCounter.table","NW_015090842.1:10128102",28,74,46
"ZNF276","s1693_S_POA_03_ASEReadCounter.table","NW_015090842.1:10128356",30,69,39
"ZNF276","s1693_S_POA_03_ASEReadCounter.table","NW_015090842.1:10128497",22,44,22
"FANCA","s1693_S_POA_03_ASEReadCounter.table","NW_015090842.1:10128743",0,4,4
"FANCA","s1693_S_POA_03_ASEReadCounter.table","NW_015090842.1:10128822",0,3,3
"FANCA","s1693_S_POA_03_ASEReadCounter.table","NW_015090842.1:10129383",1,4,3
"FANCA","s1693_S_POA_03_ASEReadCounter.table","NW_015090842.1:10129390",1,3,2
"FANCA","s1693_S_POA_03_ASEReadCounter.table","NW_015090842.1:10129422",1,4,3
"FANCA","s1693_S_POA_03_ASEReadCounter.table","NW_015090842.1:10130399",0,1,1
"FANCA","s1693_S_POA_03_ASEReadCounter.table","NW_015090842.1:10130857",0,2,2
"FANCA","s1693_S_POA_03_ASEReadCounter.table","NW_015090842.1:10130878",0,1,1
"FANCA","s1693_S_POA_03_ASEReadCounter.table","NW_015090842.1:10133530",1,1,0
"FANCA","s1693_S_POA_03_ASEReadCounter.table","NW_015090842.1:10133533",1,1,0
"FANCA","s1693_S_POA_03_ASEReadCounter.table","NW_015090842.1:10133536",1,1,0
"FANCA","s1693_S_POA_03_ASEReadCounter.table","NW_015090842.1:10133601",2,2,0
"FANCA","s1693_S_POA_03_ASEReadCounter.table","NW_015090842.1:10134492",3,3,0
"FANCA","s1693_S_POA_03_ASEReadCounter.table","NW_015090842.1:10136957",1,1,0
"FANCA","s1693_S_POA_03_ASEReadCounter.table","NW_015090842.1:10136982",0,1,1
"FANCA","s1693_S_POA_03_ASEReadCounter.table","NW_015090842.1:10136999",0,1,1
"FANCA","s1693_S_POA_03_ASEReadCounter.table","NW_015090842.1:10137019",0,1,1
"FANCA","s1693_S_POA_03_ASEReadCounter.table","NW_015090842.1:10139140",1,2,1
"FANCA","s1693_S_POA_03_ASEReadCounter.table","NW_015090842.1:10140699",0,1,1
"FANCA","s1693_S_POA_03_ASEReadCounter.table","NW_015090842.1:10141234",0,2,2
"FANCA","s1693_S_POA_03_ASEReadCounter.table","NW_015090842.1:10154490",0,2,2
"FANCA","s1693_S_POA_03_ASEReadCounter.table","NW_015090842.1:10158957",0,1,1
"SPIRE2","s1693_S_POA_03_ASEReadCounter.table","NW_015090842.1:10172284",14,31,17
"SPIRE2","s1693_S_POA_03_ASEReadCounter.table","NW_015090842.1:10175262",28,53,25
"SPIRE2","s1693_S_POA_03_ASEReadCounter.table","NW_015090842.1:10175352",12,16,4
"SPIRE2","s1693_S_POA_03_ASEReadCounter.table","NW_015090842.1:10175400",56,104,48
"SPIRE2","s1693_S_POA_03_ASEReadCounter.table","NW_015090842.1:10175418",65,118,53
"SPIRE2","s1693_S_POA_03_ASEReadCounter.table","NW_015090842.1:10175704",76,139,63
"SPIRE2","s1693_S_POA_03_ASEReadCounter.table","NW_015090842.1:10176115",94,190,96
"SPIRE2","s1693_S_POA_03_ASEReadCounter.table","NW_015090842.1:10176561",94,202,108
"SPIRE2","s1693_S_POA_03_ASEReadCounter.table","NW_015090842.1:10176817",108,207,99
"SPIRE2","s1693_S_POA_03_ASEReadCounter.table","NW_015090842.1:10177084",55,120,65
"SPIRE2","s1693_S_POA_03_ASEReadCounter.table","NW_015090842.1:10177838",87,194,107
"SPIRE2","s1693_S_POA_03_ASEReadCounter.table","NW_015090842.1:10178000",83,178,95
"SPIRE2","s1693_S_POA_03_ASEReadCounter.table","NW_015090842.1:10178164",103,240,137
"SPIRE2","s1693_S_POA_03_ASEReadCounter.table","NW_015090842.1:10178216",123,274,151
"SPIRE2","s1693_S_POA_03_ASEReadCounter.table","NW_015090842.1:10178303",107,216,109
"SPIRE2","s1693_S_POA_03_ASEReadCounter.table","NW_015090842.1:10178403",110,232,122
"SPIRE2","s1693_S_POA_03_ASEReadCounter.table","NW_015090842.1:10178409",103,224,121
"SPIRE2","s1693_S_POA_03_ASEReadCounter.table","NW_015090842.1:10178524",122,236,114
"SPIRE2","s1693_S_POA_03_ASEReadCounter.table","NW_015090842.1:10178526",123,243,120
"SPIRE2","s1693_S_POA_03_ASEReadCounter.table","NW_015090842.1:10178531",128,246,118
"SPIRE2","s1693_S_POA_03_ASEReadCounter.table","NW_015090842.1:10178565",109,220,111
"SPIRE2","s1693_S_POA_03_ASEReadCounter.table","NW_015090842.1:10178587",108,203,95
"SPIRE2","s1693_S_POA_03_ASEReadCounter.table","NW_015090842.1:10178640",70,144,74
"SPIRE2","s1693_S_POA_03_ASEReadCounter.table","NW_015090842.1:10178651",74,159,85
"SPIRE2","s1693_S_POA_03_ASEReadCounter.table","NW_015090842.1:10178682",67,136,69
"TCF25","s1693_S_POA_03_ASEReadCounter.table","NW_015090842.1:10180912",45,82,37
"TCF25","s1693_S_POA_03_ASEReadCounter.table","NW_015090842.1:10180924",49,85,36
"TCF25","s1693_S_POA_03_ASEReadCounter.table","NW_015090842.1:10180931",52,90,38
"TCF25","s1693_S_POA_03_ASEReadCounter.table","NW_015090842.1:10185332",88,208,120
"TCF25","s1693_S_POA_03_ASEReadCounter.table","NW_015090842.1:10196561",88,166,78
"TCF25","s1693_S_POA_03_ASEReadCounter.table","NW_015090842.1:10197399",232,232,0
"MC1R","s1693_S_POA_03_ASEReadCounter.table","NW_015090842.1:10201853",3,3,0
"MC1R","s1693_S_POA_03_ASEReadCounter.table","NW_015090842.1:10201986",2,3,1
"MC1R","s1693_S_POA_03_ASEReadCounter.table","NW_015090842.1:10202160",1,1,0
"TUBB3","s1693_S_POA_03_ASEReadCounter.table","NW_015090842.1:10205322",0,318,318
"GAS8","s1693_S_POA_03_ASEReadCounter.table","NW_015090842.1:10228982",23,58,35
"GAS8","s1693_S_POA_03_ASEReadCounter.table","NW_015090842.1:10229832",21,43,22
"GAS8","s1693_S_POA_03_ASEReadCounter.table","NW_015090842.1:10232901",25,53,28
"GAS8","s1693_S_POA_03_ASEReadCounter.table","NW_015090842.1:10232928",24,52,28
"GAS8","s1693_S_POA_03_ASEReadCounter.table","NW_015090842.1:10232967",23,56,33
"GAS8","s1693_S_POA_03_ASEReadCounter.table","NW_015090842.1:10233032",21,41,20
"GAS8","s1693_S_POA_03_ASEReadCounter.table","NW_015090842.1:10233057",17,32,15
"GAS8","s1693_S_POA_03_ASEReadCounter.table","NW_015090842.1:10233058",16,31,15
"GAS8","s1693_S_POA_03_ASEReadCounter.table","NW_015090842.1:10233176",13,27,14
"GAS8","s1693_S_POA_03_ASEReadCounter.table","NW_015090842.1:10233196",16,28,12
"GAS8","s1693_S_POA_03_ASEReadCounter.table","NW_015090842.1:10233252",13,28,15
"GAS8","s1693_S_POA_03_ASEReadCounter.table","NW_015090842.1:10233303",5,12,7
"LOC106888094","s1693_S_POA_03_ASEReadCounter.table","NW_015090842.1:10233334",2,6,4
"LOC106888094","s1693_S_POA_03_ASEReadCounter.table","NW_015090842.1:10233362",4,15,11
"LOC106888094","s1693_S_POA_03_ASEReadCounter.table","NW_015090842.1:10233373",3,15,12
"LOC106888094","s1693_S_POA_03_ASEReadCounter.table","NW_015090842.1:10233388",3,16,13
"LOC106888094","s1693_S_POA_03_ASEReadCounter.table","NW_015090842.1:10233402",4,18,14
"LOC106888094","s1693_S_POA_03_ASEReadCounter.table","NW_015090842.1:10233465",10,23,13
"LOC106888094","s1693_S_POA_03_ASEReadCounter.table","NW_015090842.1:10233803",11,28,17
"LOC106888094","s1693_S_POA_03_ASEReadCounter.table","NW_015090842.1:10233815",11,27,16
"LOC106888094","s1693_S_POA_03_ASEReadCounter.table","NW_015090842.1:10235484",0,1,1
"LOC106888094","s1693_S_POA_03_ASEReadCounter.table","NW_015090842.1:10235611",0,2,2
"LOC106888094","s1693_S_POA_03_ASEReadCounter.table","NW_015090842.1:10236161",0,1,1
"LOC106888173","s1693_S_POA_03_ASEReadCounter.table","NW_015090842.1:10239596",0,4,4
"LOC106888173","s1693_S_POA_03_ASEReadCounter.table","NW_015090842.1:10240036",1,15,14
"LOC106888173","s1693_S_POA_03_ASEReadCounter.table","NW_015090842.1:10240095",3,17,14
"LOC106888173","s1693_S_POA_03_ASEReadCounter.table","NW_015090842.1:10240280",4,13,9
"LOC106888173","s1693_S_POA_03_ASEReadCounter.table","NW_015090842.1:10240557",2,17,15
"LOC106888173","s1693_S_POA_03_ASEReadCounter.table","NW_015090842.1:10240603",2,17,15
"LOC106888173","s1693_S_POA_03_ASEReadCounter.table","NW_015090842.1:10240609",2,15,13
"LOC106888173","s1693_S_POA_03_ASEReadCounter.table","NW_015090842.1:10240924",1,21,20
"LOC106888173","s1693_S_POA_03_ASEReadCounter.table","NW_015090842.1:10241037",4,24,20
"LOC106888173","s1693_S_POA_03_ASEReadCounter.table","NW_015090842.1:10241046",4,21,17
"LOC106888173","s1693_S_POA_03_ASEReadCounter.table","NW_015090842.1:10241058",4,19,15
"LOC106888173","s1693_S_POA_03_ASEReadCounter.table","NW_015090842.1:10241064",4,20,16
"LOC106888173","s1693_S_POA_03_ASEReadCounter.table","NW_015090842.1:10241163",5,22,17
"LOC106888173","s1693_S_POA_03_ASEReadCounter.table","NW_015090842.1:10241803",0,17,17
"LOC106888173","s1693_S_POA_03_ASEReadCounter.table","NW_015090842.1:10241827",1,11,10
"LOC106888173","s1693_S_POA_03_ASEReadCounter.table","NW_015090842.1:10241869",5,20,15
"LOC106888173","s1693_S_POA_03_ASEReadCounter.table","NW_015090842.1:10242079",4,26,22
"LOC106888173","s1693_S_POA_03_ASEReadCounter.table","NW_015090842.1:10242103",4,24,20
"LOC106888173","s1693_S_POA_03_ASEReadCounter.table","NW_015090842.1:10242157",4,27,23
"LOC106888173","s1693_S_POA_03_ASEReadCounter.table","NW_015090842.1:10242455",2,20,18
"LOC106888173","s1693_S_POA_03_ASEReadCounter.table","NW_015090842.1:10242481",2,24,22
"LOC106888173","s1693_S_POA_03_ASEReadCounter.table","NW_015090842.1:10242590",3,30,27
"LOC106888173","s1693_S_POA_03_ASEReadCounter.table","NW_015090842.1:10242794",7,30,23
"LOC106888173","s1693_S_POA_03_ASEReadCounter.table","NW_015090842.1:10242909",2,22,20
"LOC106888173","s1693_S_POA_03_ASEReadCounter.table","NW_015090842.1:10243094",3,26,23
"LOC106888173","s1693_S_POA_03_ASEReadCounter.table","NW_015090842.1:10243133",2,21,19
"LOC106888173","s1693_S_POA_03_ASEReadCounter.table","NW_015090842.1:10243273",5,29,24
"LOC106888173","s1693_S_POA_03_ASEReadCounter.table","NW_015090842.1:10243278",5,28,23
"LOC106888173","s1693_S_POA_03_ASEReadCounter.table","NW_015090842.1:10243281",5,28,23
"LOC106888173","s1693_S_POA_03_ASEReadCounter.table","NW_015090842.1:10243347",18,18,0
"LOC106888173","s1693_S_POA_03_ASEReadCounter.table","NW_015090842.1:10243353",3,19,16
"LOC106888173","s1693_S_POA_03_ASEReadCounter.table","NW_015090842.1:10243363",2,13,11
"LOC106888173","s1693_S_POA_03_ASEReadCounter.table","NW_015090842.1:10243365",2,14,12
"LOC106888173","s1693_S_POA_03_ASEReadCounter.table","NW_015090842.1:10243529",1,15,14
"LOC106888173","s1693_S_POA_03_ASEReadCounter.table","NW_015090842.1:10243566",3,24,21
"LOC106888173","s1693_S_POA_03_ASEReadCounter.table","NW_015090842.1:10243605",5,26,21
"LOC106888173","s1693_S_POA_03_ASEReadCounter.table","NW_015090842.1:10243614",5,24,19
"LOC106888173","s1693_S_POA_03_ASEReadCounter.table","NW_015090842.1:10243615",5,25,20
"LOC106888173","s1693_S_POA_03_ASEReadCounter.table","NW_015090842.1:10243640",4,21,17
"LOC106888173","s1693_S_POA_03_ASEReadCounter.table","NW_015090842.1:10243680",3,14,11
"LOC106888173","s1693_S_POA_03_ASEReadCounter.table","NW_015090842.1:10243742",7,19,12
"LOC106888173","s1693_S_POA_03_ASEReadCounter.table","NW_015090842.1:10243804",4,14,10
"LOC106888173","s1693_S_POA_03_ASEReadCounter.table","NW_015090842.1:10243913",1,9,8
"LOC106888173","s1693_S_POA_03_ASEReadCounter.table","NW_015090842.1:10243921",1,7,6
"LOC106888384","s1693_S_POA_03_ASEReadCounter.table","NW_015090842.1:10251354",0,2,2
"LOC106888384","s1693_S_POA_03_ASEReadCounter.table","NW_015090842.1:10251358",0,2,2
"LOC106888384","s1693_S_POA_03_ASEReadCounter.table","NW_015090842.1:10251369",0,2,2
"LOC106888384","s1693_S_POA_03_ASEReadCounter.table","NW_015090842.1:10251370",0,2,2
"LOC106888384","s1693_S_POA_03_ASEReadCounter.table","NW_015090842.1:10251375",0,2,2
"LOC106888384","s1693_S_POA_03_ASEReadCounter.table","NW_015090842.1:10251388",0,2,2
"LOC106888384","s1693_S_POA_03_ASEReadCounter.table","NW_015090842.1:10251390",0,1,1
"LOC106888384","s1693_S_POA_03_ASEReadCounter.table","NW_015090842.1:10251393",0,1,1
"LOC106888384","s1693_S_POA_03_ASEReadCounter.table","NW_015090842.1:10251399",0,1,1
"LOC106888384","s1693_S_POA_03_ASEReadCounter.table","NW_015090842.1:10254028",1,2,1
"LOC106888384","s1693_S_POA_03_ASEReadCounter.table","NW_015090842.1:10254227",1,1,0
"LOC106888384","s1693_S_POA_03_ASEReadCounter.table","NW_015090842.1:10254233",1,1,0
"LOC106888384","s1693_S_POA_03_ASEReadCounter.table","NW_015090842.1:10255077",1,1,0
"LOC106888384","s1693_S_POA_03_ASEReadCounter.table","NW_015090842.1:10255117",1,1,0
"LOC106888384","s1693_S_POA_03_ASEReadCounter.table","NW_015090842.1:10255138",1,1,0
"LOC106888384","s1693_S_POA_03_ASEReadCounter.table","NW_015090842.1:10255139",1,1,0
"LOC106888384","s1693_S_POA_03_ASEReadCounter.table","NW_015090842.1:10255209",2,2,0
"LOC106888384","s1693_S_POA_03_ASEReadCounter.table","NW_015090842.1:10255211",2,2,0
"LOC106888384","s1693_S_POA_03_ASEReadCounter.table","NW_015090842.1:10255340",1,1,0
"LOC106888384","s1693_S_POA_03_ASEReadCounter.table","NW_015090842.1:10255410",1,1,0
"LOC106888384","s1693_S_POA_03_ASEReadCounter.table","NW_015090842.1:10255449",1,1,0
"LOC106888384","s1693_S_POA_03_ASEReadCounter.table","NW_015090842.1:10255496",1,1,0
"LOC106888384","s1693_S_POA_03_ASEReadCounter.table","NW_015090842.1:10255505",1,1,0
"LOC106888384","s1693_S_POA_03_ASEReadCounter.table","NW_015090842.1:10255608",0,1,1
"LOC106888384","s1693_S_POA_03_ASEReadCounter.table","NW_015090842.1:10255614",0,1,1
"LOC106888384","s1693_S_POA_03_ASEReadCounter.table","NW_015090842.1:10255704",9,10,1
"LOC106888384","s1693_S_POA_03_ASEReadCounter.table","NW_015090842.1:10255731",9,10,1
"LOC106888384","s1693_S_POA_03_ASEReadCounter.table","NW_015090842.1:10255771",5,5,0
"TANGO6","s1693_S_POA_03_ASEReadCounter.table","NW_015090842.1:10257782",2,6,4
"TANGO6","s1693_S_POA_03_ASEReadCounter.table","NW_015090842.1:10258162",6,14,8
"TANGO6","s1693_S_POA_03_ASEReadCounter.table","NW_015090842.1:10258185",10,19,9
"TANGO6","s1693_S_POA_03_ASEReadCounter.table","NW_015090842.1:10259267",9,17,8
"TANGO6","s1693_S_POA_03_ASEReadCounter.table","NW_015090842.1:10260250",35,51,16
"TANGO6","s1693_S_POA_03_ASEReadCounter.table","NW_015090842.1:10260979",23,36,13
"TANGO6","s1693_S_POA_03_ASEReadCounter.table","NW_015090842.1:10261599",20,33,13
"TANGO6","s1693_S_POA_03_ASEReadCounter.table","NW_015090842.1:10268425",43,62,19
"TANGO6","s1693_S_POA_03_ASEReadCounter.table","NW_015090842.1:10269831",30,46,16
"TANGO6","s1693_S_POA_03_ASEReadCounter.table","NW_015090842.1:10270813",31,53,22
"TANGO6","s1693_S_POA_03_ASEReadCounter.table","NW_015090842.1:10273952",19,33,14
"TANGO6","s1693_S_POA_03_ASEReadCounter.table","NW_015090842.1:10273970",20,38,18
"TANGO6","s1693_S_POA_03_ASEReadCounter.table","NW_015090842.1:10274018",23,37,14
"TANGO6","s1693_S_POA_03_ASEReadCounter.table","NW_015090842.1:10275974",22,42,20
"TANGO6","s1693_S_POA_03_ASEReadCounter.table","NW_015090842.1:10275976",22,40,18
"TANGO6","s1693_S_POA_03_ASEReadCounter.table","NW_015090842.1:10276123",27,45,18
"TANGO6","s1693_S_POA_03_ASEReadCounter.table","NW_015090842.1:10276271",30,55,25
"TANGO6","s1693_S_POA_03_ASEReadCounter.table","NW_015090842.1:10276272",28,54,26
"TANGO6","s1693_S_POA_03_ASEReadCounter.table","NW_015090842.1:10276275",30,55,25
"TANGO6","s1693_S_POA_03_ASEReadCounter.table","NW_015090842.1:10276278",31,57,26
"TANGO6","s1693_S_POA_03_ASEReadCounter.table","NW_015090842.1:10276368",30,42,12
"TANGO6","s1693_S_POA_03_ASEReadCounter.table","NW_015090842.1:10276373",28,40,12
"TANGO6","s1693_S_POA_03_ASEReadCounter.table","NW_015090842.1:10276630",44,63,19
"TANGO6","s1693_S_POA_03_ASEReadCounter.table","NW_015090842.1:10281498",35,56,21
"TANGO6","s1693_S_POA_03_ASEReadCounter.table","NW_015090842.1:10282842",51,69,18
"TANGO6","s1693_S_POA_03_ASEReadCounter.table","NW_015090842.1:10282863",39,50,11
"TANGO6","s1693_S_POA_03_ASEReadCounter.table","NW_015090842.1:10282869",38,50,12
"TANGO6","s1693_S_POA_03_ASEReadCounter.table","NW_015090842.1:10282903",41,62,21
"TANGO6","s1693_S_POA_03_ASEReadCounter.table","NW_015090842.1:10283757",56,79,23
"TANGO6","s1693_S_POA_03_ASEReadCounter.table","NW_015090842.1:10283785",51,71,20
"HAS3","s1693_S_POA_03_ASEReadCounter.table","NW_015090842.1:10288093",0,1,1
"HAS3","s1693_S_POA_03_ASEReadCounter.table","NW_015090842.1:10288266",0,2,2
"HAS3","s1693_S_POA_03_ASEReadCounter.table","NW_015090842.1:10288274",0,2,2
"HAS3","s1693_S_POA_03_ASEReadCounter.table","NW_015090842.1:10288405",1,2,1
"HAS3","s1693_S_POA_03_ASEReadCounter.table","NW_015090842.1:10289469",0,1,1
"HAS3","s1693_S_POA_03_ASEReadCounter.table","NW_015090842.1:10290375",1,2,1
"HAS3","s1693_S_POA_03_ASEReadCounter.table","NW_015090842.1:10290395",1,2,1
"HAS3","s1693_S_POA_03_ASEReadCounter.table","NW_015090842.1:10290561",2,3,1
"HAS3","s1693_S_POA_03_ASEReadCounter.table","NW_015090842.1:10290609",1,2,1
"HAS3","s1693_S_POA_03_ASEReadCounter.table","NW_015090842.1:10290666",1,2,1
"HAS3","s1693_S_POA_03_ASEReadCounter.table","NW_015090842.1:10290723",1,1,0
"HAS3","s1693_S_POA_03_ASEReadCounter.table","NW_015090842.1:10290927",7,9,2
"HAS3","s1693_S_POA_03_ASEReadCounter.table","NW_015090842.1:10291004",5,8,3
"CHTF8","s1693_S_POA_03_ASEReadCounter.table","NW_015090842.1:10291319",0,1,1
"CHTF8","s1693_S_POA_03_ASEReadCounter.table","NW_015090842.1:10291342",0,1,1
"CHTF8","s1693_S_POA_03_ASEReadCounter.table","NW_015090842.1:10291491",13,16,3
"CHTF8","s1693_S_POA_03_ASEReadCounter.table","NW_015090842.1:10291520",12,17,5
"CHTF8","s1693_S_POA_03_ASEReadCounter.table","NW_015090842.1:10291593",14,24,10
"CHTF8","s1693_S_POA_03_ASEReadCounter.table","NW_015090842.1:10291600",13,23,10
"CHTF8","s1693_S_POA_03_ASEReadCounter.table","NW_015090842.1:10291609",11,20,9
"CHTF8","s1693_S_POA_03_ASEReadCounter.table","NW_015090842.1:10291639",12,20,8
"CHTF8","s1693_S_POA_03_ASEReadCounter.table","NW_015090842.1:10291641",12,21,9
"CHTF8","s1693_S_POA_03_ASEReadCounter.table","NW_015090842.1:10291648",13,23,10
"CHTF8","s1693_S_POA_03_ASEReadCounter.table","NW_015090842.1:10291656",13,23,10
"CHTF8","s1693_S_POA_03_ASEReadCounter.table","NW_015090842.1:10291675",12,22,10
"CHTF8","s1693_S_POA_03_ASEReadCounter.table","NW_015090842.1:10291696",11,19,8
"CHTF8","s1693_S_POA_03_ASEReadCounter.table","NW_015090842.1:10291714",8,16,8
"CHTF8","s1693_S_POA_03_ASEReadCounter.table","NW_015090842.1:10291732",8,21,13
"CHTF8","s1693_S_POA_03_ASEReadCounter.table","NW_015090842.1:10291755",6,17,11
"CHTF8","s1693_S_POA_03_ASEReadCounter.table","NW_015090842.1:10291756",6,16,10
"CHTF8","s1693_S_POA_03_ASEReadCounter.table","NW_015090842.1:10291758",6,18,12
"CHTF8","s1693_S_POA_03_ASEReadCounter.table","NW_015090842.1:10291792",8,21,13
"CHTF8","s1693_S_POA_03_ASEReadCounter.table","NW_015090842.1:10291895",13,26,13
"CHTF8","s1693_S_POA_03_ASEReadCounter.table","NW_015090842.1:10292132",10,15,5
"CHTF8","s1693_S_POA_03_ASEReadCounter.table","NW_015090842.1:10292314",9,12,3
"CHTF8","s1693_S_POA_03_ASEReadCounter.table","NW_015090842.1:10292317",10,13,3
"CHTF8","s1693_S_POA_03_ASEReadCounter.table","NW_015090842.1:10292928",3,4,1
"UTP4","s1693_S_POA_03_ASEReadCounter.table","NW_015090842.1:10293146",23,46,23
"UTP4","s1693_S_POA_03_ASEReadCounter.table","NW_015090842.1:10293151",23,46,23
"UTP4","s1693_S_POA_03_ASEReadCounter.table","NW_015090842.1:10293191",13,30,17
"UTP4","s1693_S_POA_03_ASEReadCounter.table","NW_015090842.1:10293362",16,38,22
"UTP4","s1693_S_POA_03_ASEReadCounter.table","NW_015090842.1:10293430",23,46,23
"UTP4","s1693_S_POA_03_ASEReadCounter.table","NW_015090842.1:10293625",19,31,12
"UTP4","s1693_S_POA_03_ASEReadCounter.table","NW_015090842.1:10293684",22,36,14
"UTP4","s1693_S_POA_03_ASEReadCounter.table","NW_015090842.1:10294093",10,24,14
"UTP4","s1693_S_POA_03_ASEReadCounter.table","NW_015090842.1:10294568",24,39,15
"UTP4","s1693_S_POA_03_ASEReadCounter.table","NW_015090842.1:10294622",17,33,16
"UTP4","s1693_S_POA_03_ASEReadCounter.table","NW_015090842.1:10294632",16,34,18
"UTP4","s1693_S_POA_03_ASEReadCounter.table","NW_015090842.1:10295238",24,47,23
"UTP4","s1693_S_POA_03_ASEReadCounter.table","NW_015090842.1:10295880",22,49,27
"UTP4","s1693_S_POA_03_ASEReadCounter.table","NW_015090842.1:10295884",21,50,29
"UTP4","s1693_S_POA_03_ASEReadCounter.table","NW_015090842.1:10295903",22,44,22
"UTP4","s1693_S_POA_03_ASEReadCounter.table","NW_015090842.1:10295906",22,46,24
"UTP4","s1693_S_POA_03_ASEReadCounter.table","NW_015090842.1:10295915",23,50,27
"UTP4","s1693_S_POA_03_ASEReadCounter.table","NW_015090842.1:10295938",20,45,25
"UTP4","s1693_S_POA_03_ASEReadCounter.table","NW_015090842.1:10296175",22,50,28
"UTP4","s1693_S_POA_03_ASEReadCounter.table","NW_015090842.1:10296660",20,42,22
"UTP4","s1693_S_POA_03_ASEReadCounter.table","NW_015090842.1:10296679",20,41,21
"UTP4","s1693_S_POA_03_ASEReadCounter.table","NW_015090842.1:10297193",32,67,35
"UTP4","s1693_S_POA_03_ASEReadCounter.table","NW_015090842.1:10297220",35,71,36
"UTP4","s1693_S_POA_03_ASEReadCounter.table","NW_015090842.1:10297307",41,80,39
"UTP4","s1693_S_POA_03_ASEReadCounter.table","NW_015090842.1:10297558",41,82,41
"UTP4","s1693_S_POA_03_ASEReadCounter.table","NW_015090842.1:10297943",32,62,30
"UTP4","s1693_S_POA_03_ASEReadCounter.table","NW_015090842.1:10297979",25,53,28
"UTP4","s1693_S_POA_03_ASEReadCounter.table","NW_015090842.1:10298022",18,42,24
"UTP4","s1693_S_POA_03_ASEReadCounter.table","NW_015090842.1:10298079",1,11,10
"UTP4","s1693_S_POA_03_ASEReadCounter.table","NW_015090842.1:10298081",1,10,9
"UTP4","s1693_S_POA_03_ASEReadCounter.table","NW_015090842.1:10298082",0,8,8
"SNTB2","s1693_S_POA_03_ASEReadCounter.table","NW_015090842.1:10298905",0,1,1
"SNTB2","s1693_S_POA_03_ASEReadCounter.table","NW_015090842.1:10298928",1,2,1
"SNTB2","s1693_S_POA_03_ASEReadCounter.table","NW_015090842.1:10303506",5,9,4
"SNTB2","s1693_S_POA_03_ASEReadCounter.table","NW_015090842.1:10303524",5,8,3
"SNTB2","s1693_S_POA_03_ASEReadCounter.table","NW_015090842.1:10304059",2,3,1
"SNTB2","s1693_S_POA_03_ASEReadCounter.table","NW_015090842.1:10304089",2,4,2
"SNTB2","s1693_S_POA_03_ASEReadCounter.table","NW_015090842.1:10304167",5,8,3
"SNTB2","s1693_S_POA_03_ASEReadCounter.table","NW_015090842.1:10304176",5,9,4
"SNTB2","s1693_S_POA_03_ASEReadCounter.table","NW_015090842.1:10305069",3,8,5
"SNTB2","s1693_S_POA_03_ASEReadCounter.table","NW_015090842.1:10305099",5,10,5
"SNTB2","s1693_S_POA_03_ASEReadCounter.table","NW_015090842.1:10305451",5,9,4
"SNTB2","s1693_S_POA_03_ASEReadCounter.table","NW_015090842.1:10305547",4,9,5
"SNTB2","s1693_S_POA_03_ASEReadCounter.table","NW_015090842.1:10305847",7,13,6
"SNTB2","s1693_S_POA_03_ASEReadCounter.table","NW_015090842.1:10305911",6,13,7
"SNTB2","s1693_S_POA_03_ASEReadCounter.table","NW_015090842.1:10306173",8,15,7
"SNTB2","s1693_S_POA_03_ASEReadCounter.table","NW_015090842.1:10306275",5,10,5
"SNTB2","s1693_S_POA_03_ASEReadCounter.table","NW_015090842.1:10306457",6,11,5
"SNTB2","s1693_S_POA_03_ASEReadCounter.table","NW_015090842.1:10306496",5,9,4
"SNTB2","s1693_S_POA_03_ASEReadCounter.table","NW_015090842.1:10306499",5,8,3
"VPS4A","s1693_S_POA_03_ASEReadCounter.table","NW_015090842.1:10308566",91,197,106
"VPS4A","s1693_S_POA_03_ASEReadCounter.table","NW_015090842.1:10308573",95,205,110
"VPS4A","s1693_S_POA_03_ASEReadCounter.table","NW_015090842.1:10308856",127,279,152
"VPS4A","s1693_S_POA_03_ASEReadCounter.table","NW_015090842.1:10309056",168,363,195
"VPS4A","s1693_S_POA_03_ASEReadCounter.table","NW_015090842.1:10309089",188,388,200
"VPS4A","s1693_S_POA_03_ASEReadCounter.table","NW_015090842.1:10309392",180,376,196
"VPS4A","s1693_S_POA_03_ASEReadCounter.table","NW_015090842.1:10309413",203,387,184
"VPS4A","s1693_S_POA_03_ASEReadCounter.table","NW_015090842.1:10309467",198,434,236
"VPS4A","s1693_S_POA_03_ASEReadCounter.table","NW_015090842.1:10310230",214,435,221
"VPS4A","s1693_S_POA_03_ASEReadCounter.table","NW_015090842.1:10310425",199,419,220
"VPS4A","s1693_S_POA_03_ASEReadCounter.table","NW_015090842.1:10310639",233,499,266
"VPS4A","s1693_S_POA_03_ASEReadCounter.table","NW_015090842.1:10310640",498,498,0
"VPS4A","s1693_S_POA_03_ASEReadCounter.table","NW_015090842.1:10310687",239,526,287
"VPS4A","s1693_S_POA_03_ASEReadCounter.table","NW_015090842.1:10310734",194,408,214
"VPS4A","s1693_S_POA_03_ASEReadCounter.table","NW_015090842.1:10310737",193,414,221
"VPS4A","s1693_S_POA_03_ASEReadCounter.table","NW_015090842.1:10310746",194,424,230
"VPS4A","s1693_S_POA_03_ASEReadCounter.table","NW_015090842.1:10310767",195,418,223
"VPS4A","s1693_S_POA_03_ASEReadCounter.table","NW_015090842.1:10310995",214,453,239
"VPS4A","s1693_S_POA_03_ASEReadCounter.table","NW_015090842.1:10311004",226,456,230
"VPS4A","s1693_S_POA_03_ASEReadCounter.table","NW_015090842.1:10311007",233,465,232
"VPS4A","s1693_S_POA_03_ASEReadCounter.table","NW_015090842.1:10311013",247,476,229
"VPS4A","s1693_S_POA_03_ASEReadCounter.table","NW_015090842.1:10311022",234,473,239
"VPS4A","s1693_S_POA_03_ASEReadCounter.table","NW_015090842.1:10311023",235,470,235
"VPS4A","s1693_S_POA_03_ASEReadCounter.table","NW_015090842.1:10311426",238,515,277
"VPS4A","s1693_S_POA_03_ASEReadCounter.table","NW_015090842.1:10311489",2,15,13
"VPS4A","s1693_S_POA_03_ASEReadCounter.table","NW_015090842.1:10311490",3,9,6
"VPS4A","s1693_S_POA_03_ASEReadCounter.table","NW_015090842.1:10311525",13,18,5
"VPS4A","s1693_S_POA_03_ASEReadCounter.table","NW_015090842.1:10311529",16,34,18
"VPS4A","s1693_S_POA_03_ASEReadCounter.table","NW_015090842.1:10311530",16,38,22
"VPS4A","s1693_S_POA_03_ASEReadCounter.table","NW_015090842.1:10311552",52,90,38
"VPS4A","s1693_S_POA_03_ASEReadCounter.table","NW_015090842.1:10311689",56,106,50
"VPS4A","s1693_S_POA_03_ASEReadCounter.table","NW_015090842.1:10311700",72,123,51
"VPS4A","s1693_S_POA_03_ASEReadCounter.table","NW_015090842.1:10311701",67,121,54
"VPS4A","s1693_S_POA_03_ASEReadCounter.table","NW_015090842.1:10311703",71,124,53
"COG8","s1693_S_POA_03_ASEReadCounter.table","NW_015090842.1:10313487",27,59,32
"COG8","s1693_S_POA_03_ASEReadCounter.table","NW_015090842.1:10313559",33,69,36
"COG8","s1693_S_POA_03_ASEReadCounter.table","NW_015090842.1:10313579",29,64,35
"COG8","s1693_S_POA_03_ASEReadCounter.table","NW_015090842.1:10313665",23,48,25
"COG8","s1693_S_POA_03_ASEReadCounter.table","NW_015090842.1:10313681",26,53,27
"COG8","s1693_S_POA_03_ASEReadCounter.table","NW_015090842.1:10313768",39,93,54
"COG8","s1693_S_POA_03_ASEReadCounter.table","NW_015090842.1:10313775",37,89,52
"COG8","s1693_S_POA_03_ASEReadCounter.table","NW_015090842.1:10313811",39,80,41
"COG8","s1693_S_POA_03_ASEReadCounter.table","NW_015090842.1:10313858",32,59,27
"COG8","s1693_S_POA_03_ASEReadCounter.table","NW_015090842.1:10313859",55,56,1
"COG8","s1693_S_POA_03_ASEReadCounter.table","NW_015090842.1:10314100",36,63,27
"COG8","s1693_S_POA_03_ASEReadCounter.table","NW_015090842.1:10314213",39,74,35
"COG8","s1693_S_POA_03_ASEReadCounter.table","NW_015090842.1:10315093",36,66,30
"COG8","s1693_S_POA_03_ASEReadCounter.table","NW_015090842.1:10315162",29,59,30
"COG8","s1693_S_POA_03_ASEReadCounter.table","NW_015090842.1:10315285",41,69,28
"COG8","s1693_S_POA_03_ASEReadCounter.table","NW_015090842.1:10315360",18,40,22
"COG8","s1693_S_POA_03_ASEReadCounter.table","NW_015090842.1:10315369",18,42,24
"COG8","s1693_S_POA_03_ASEReadCounter.table","NW_015090842.1:10315508",14,43,29
"COG8","s1693_S_POA_03_ASEReadCounter.table","NW_015090842.1:10315624",34,65,31
"COG8","s1693_S_POA_03_ASEReadCounter.table","NW_015090842.1:10315693",23,50,27
"COG8","s1693_S_POA_03_ASEReadCounter.table","NW_015090842.1:10315698",24,50,26
"COG8","s1693_S_POA_03_ASEReadCounter.table","NW_015090842.1:10315768",17,40,23
"COG8","s1693_S_POA_03_ASEReadCounter.table","NW_015090842.1:10315769",18,41,23
"COG8","s1693_S_POA_03_ASEReadCounter.table","NW_015090842.1:10315784",18,41,23
"COG8","s1693_S_POA_03_ASEReadCounter.table","NW_015090842.1:10316093",16,41,25
"COG8","s1693_S_POA_03_ASEReadCounter.table","NW_015090842.1:10316133",15,39,24
"NIP7","s1693_S_POA_03_ASEReadCounter.table","NW_015090842.1:10316759",15,38,23
"NIP7","s1693_S_POA_03_ASEReadCounter.table","NW_015090842.1:10316967",132,252,120
"NIP7","s1693_S_POA_03_ASEReadCounter.table","NW_015090842.1:10316995",148,281,133
"NIP7","s1693_S_POA_03_ASEReadCounter.table","NW_015090842.1:10317240",200,383,183
"NIP7","s1693_S_POA_03_ASEReadCounter.table","NW_015090842.1:10317247",195,366,171
"NIP7","s1693_S_POA_03_ASEReadCounter.table","NW_015090842.1:10317264",185,347,162
"NIP7","s1693_S_POA_03_ASEReadCounter.table","NW_015090842.1:10317433",207,437,230
"NIP7","s1693_S_POA_03_ASEReadCounter.table","NW_015090842.1:10317738",181,421,240
"NIP7","s1693_S_POA_03_ASEReadCounter.table","NW_015090842.1:10317769",203,425,222
"NIP7","s1693_S_POA_03_ASEReadCounter.table","NW_015090842.1:10317808",111,269,158
"NIP7","s1693_S_POA_03_ASEReadCounter.table","NW_015090842.1:10317870",75,201,126
"NIP7","s1693_S_POA_03_ASEReadCounter.table","NW_015090842.1:10317871",74,189,115
"NIP7","s1693_S_POA_03_ASEReadCounter.table","NW_015090842.1:10317898",53,128,75
"NIP7","s1693_S_POA_03_ASEReadCounter.table","NW_015090842.1:10317911",47,116,69
"TERF2","s1693_S_POA_03_ASEReadCounter.table","NW_015090842.1:10321768",39,73,34
"TERF2","s1693_S_POA_03_ASEReadCounter.table","NW_015090842.1:10321777",40,75,35
"TERF2","s1693_S_POA_03_ASEReadCounter.table","NW_015090842.1:10321805",39,79,40
"TERF2","s1693_S_POA_03_ASEReadCounter.table","NW_015090842.1:10321878",55,97,42
"TERF2","s1693_S_POA_03_ASEReadCounter.table","NW_015090842.1:10321893",53,93,40
"TERF2","s1693_S_POA_03_ASEReadCounter.table","NW_015090842.1:10321897",50,87,37
"TERF2","s1693_S_POA_03_ASEReadCounter.table","NW_015090842.1:10321908",43,76,33
"TERF2","s1693_S_POA_03_ASEReadCounter.table","NW_015090842.1:10322001",82,146,64
"TERF2","s1693_S_POA_03_ASEReadCounter.table","NW_015090842.1:10322035",64,118,54
"TERF2","s1693_S_POA_03_ASEReadCounter.table","NW_015090842.1:10322051",67,128,61
"TERF2","s1693_S_POA_03_ASEReadCounter.table","NW_015090842.1:10322137",79,124,45
"TERF2","s1693_S_POA_03_ASEReadCounter.table","NW_015090842.1:10322144",72,119,47
"TERF2","s1693_S_POA_03_ASEReadCounter.table","NW_015090842.1:10322388",32,97,65
"TERF2","s1693_S_POA_03_ASEReadCounter.table","NW_015090842.1:10322396",33,94,61
"TERF2","s1693_S_POA_03_ASEReadCounter.table","NW_015090842.1:10322502",29,85,56
"TERF2","s1693_S_POA_03_ASEReadCounter.table","NW_015090842.1:10322504",30,86,56
"TERF2","s1693_S_POA_03_ASEReadCounter.table","NW_015090842.1:10322510",32,94,62
"TERF2","s1693_S_POA_03_ASEReadCounter.table","NW_015090842.1:10323580",48,112,64
"TERF2","s1693_S_POA_03_ASEReadCounter.table","NW_015090842.1:10324314",41,101,60
"TERF2","s1693_S_POA_03_ASEReadCounter.table","NW_015090842.1:10326832",40,77,37
"TERF2","s1693_S_POA_03_ASEReadCounter.table","NW_015090842.1:10327787",24,52,28
"TERF2","s1693_S_POA_03_ASEReadCounter.table","NW_015090842.1:10328588",30,55,25
"TERF2","s1693_S_POA_03_ASEReadCounter.table","NW_015090842.1:10328644",19,43,24
"TERF2","s1693_S_POA_03_ASEReadCounter.table","NW_015090842.1:10329813",18,37,19
"TERF2","s1693_S_POA_03_ASEReadCounter.table","NW_015090842.1:10330749",12,22,10
"TERF2","s1693_S_POA_03_ASEReadCounter.table","NW_015090842.1:10330789",13,29,16
"CYB5B","s1693_S_POA_03_ASEReadCounter.table","NW_015090842.1:10336595",4,8,4
"CYB5B","s1693_S_POA_03_ASEReadCounter.table","NW_015090842.1:10336667",49,97,48
"CYB5B","s1693_S_POA_03_ASEReadCounter.table","NW_015090842.1:10336689",69,138,69
"CYB5B","s1693_S_POA_03_ASEReadCounter.table","NW_015090842.1:10336728",104,204,100
"CYB5B","s1693_S_POA_03_ASEReadCounter.table","NW_015090842.1:10345068",100,209,109
"CYB5B","s1693_S_POA_03_ASEReadCounter.table","NW_015090842.1:10348800",158,290,132
"CYB5B","s1693_S_POA_03_ASEReadCounter.table","NW_015090842.1:10349046",130,280,150
"CYB5B","s1693_S_POA_03_ASEReadCounter.table","NW_015090842.1:10349119",74,220,146
"CYB5B","s1693_S_POA_03_ASEReadCounter.table","NW_015090842.1:10349146",53,191,138
"CYB5B","s1693_S_POA_03_ASEReadCounter.table","NW_015090842.1:10349157",93,227,134
"CYB5B","s1693_S_POA_03_ASEReadCounter.table","NW_015090842.1:10349263",229,229,0
