"gene","id","snp","ref_count","total_count","alt_count"
"CENPN","s1693_S_PIT_01_ASEReadCounter.table","NW_015090842.1:5801612",0,2,2
"CENPN","s1693_S_PIT_01_ASEReadCounter.table","NW_015090842.1:5801618",0,1,1
"CENPN","s1693_S_PIT_01_ASEReadCounter.table","NW_015090842.1:5801623",0,3,3
"CENPN","s1693_S_PIT_01_ASEReadCounter.table","NW_015090842.1:5801631",1,3,2
"CENPN","s1693_S_PIT_01_ASEReadCounter.table","NW_015090842.1:5801632",1,3,2
"CENPN","s1693_S_PIT_01_ASEReadCounter.table","NW_015090842.1:5801655",1,3,2
"CENPN","s1693_S_PIT_01_ASEReadCounter.table","NW_015090842.1:5801670",2,4,2
"CENPN","s1693_S_PIT_01_ASEReadCounter.table","NW_015090842.1:5801674",2,4,2
"CENPN","s1693_S_PIT_01_ASEReadCounter.table","NW_015090842.1:5801692",2,3,1
"CENPN","s1693_S_PIT_01_ASEReadCounter.table","NW_015090842.1:5802008",2,7,5
"CENPN","s1693_S_PIT_01_ASEReadCounter.table","NW_015090842.1:5802012",1,6,5
"CENPN","s1693_S_PIT_01_ASEReadCounter.table","NW_015090842.1:5802087",1,6,5
"CENPN","s1693_S_PIT_01_ASEReadCounter.table","NW_015090842.1:5810113",2,2,0
"CENPN","s1693_S_PIT_01_ASEReadCounter.table","NW_015090842.1:5810147",8,8,0
"CENPN","s1693_S_PIT_01_ASEReadCounter.table","NW_015090842.1:5810148",8,8,0
"ATMIN","s1693_S_PIT_01_ASEReadCounter.table","NW_015090842.1:5818789",13,22,9
"ATMIN","s1693_S_PIT_01_ASEReadCounter.table","NW_015090842.1:5819958",12,23,11
"ATMIN","s1693_S_PIT_01_ASEReadCounter.table","NW_015090842.1:5820004",17,28,11
"ATMIN","s1693_S_PIT_01_ASEReadCounter.table","NW_015090842.1:5820217",7,16,9
"ATMIN","s1693_S_PIT_01_ASEReadCounter.table","NW_015090842.1:5820250",8,18,10
"ATMIN","s1693_S_PIT_01_ASEReadCounter.table","NW_015090842.1:5820298",7,15,8
"ATMIN","s1693_S_PIT_01_ASEReadCounter.table","NW_015090842.1:5820417",7,16,9
"ATMIN","s1693_S_PIT_01_ASEReadCounter.table","NW_015090842.1:5820421",8,17,9
"ATMIN","s1693_S_PIT_01_ASEReadCounter.table","NW_015090842.1:5820448",10,23,13
"ATMIN","s1693_S_PIT_01_ASEReadCounter.table","NW_015090842.1:5820457",11,21,10
"ATMIN","s1693_S_PIT_01_ASEReadCounter.table","NW_015090842.1:5820510",14,24,10
"ATMIN","s1693_S_PIT_01_ASEReadCounter.table","NW_015090842.1:5820673",8,22,14
"ATMIN","s1693_S_PIT_01_ASEReadCounter.table","NW_015090842.1:5820754",11,21,10
"ATMIN","s1693_S_PIT_01_ASEReadCounter.table","NW_015090842.1:5820820",9,20,11
"ATMIN","s1693_S_PIT_01_ASEReadCounter.table","NW_015090842.1:5820865",12,29,17
"ATMIN","s1693_S_PIT_01_ASEReadCounter.table","NW_015090842.1:5820889",13,33,20
"ATMIN","s1693_S_PIT_01_ASEReadCounter.table","NW_015090842.1:5820891",14,34,20
"ATMIN","s1693_S_PIT_01_ASEReadCounter.table","NW_015090842.1:5820997",17,26,9
"ATMIN","s1693_S_PIT_01_ASEReadCounter.table","NW_015090842.1:5821063",15,21,6
"ATMIN","s1693_S_PIT_01_ASEReadCounter.table","NW_015090842.1:5821132",13,23,10
"ATMIN","s1693_S_PIT_01_ASEReadCounter.table","NW_015090842.1:5821645",16,27,11
"ATMIN","s1693_S_PIT_01_ASEReadCounter.table","NW_015090842.1:5825066",18,29,11
"ATMIN","s1693_S_PIT_01_ASEReadCounter.table","NW_015090842.1:5825106",15,25,10
"ATMIN","s1693_S_PIT_01_ASEReadCounter.table","NW_015090842.1:5825122",14,21,7
"ATMIN","s1693_S_PIT_01_ASEReadCounter.table","NW_015090842.1:5825178",18,27,9
"ATMIN","s1693_S_PIT_01_ASEReadCounter.table","NW_015090842.1:5825194",18,30,12
"ATMIN","s1693_S_PIT_01_ASEReadCounter.table","NW_015090842.1:5825195",18,29,11
"ATMIN","s1693_S_PIT_01_ASEReadCounter.table","NW_015090842.1:5825220",16,31,15
"ATMIN","s1693_S_PIT_01_ASEReadCounter.table","NW_015090842.1:5825240",26,48,22
"ATMIN","s1693_S_PIT_01_ASEReadCounter.table","NW_015090842.1:5825303",27,50,23
"ATMIN","s1693_S_PIT_01_ASEReadCounter.table","NW_015090842.1:5825304",27,51,24
"ATMIN","s1693_S_PIT_01_ASEReadCounter.table","NW_015090842.1:5825310",26,49,23
"ATMIN","s1693_S_PIT_01_ASEReadCounter.table","NW_015090842.1:5825406",14,31,17
"ATMIN","s1693_S_PIT_01_ASEReadCounter.table","NW_015090842.1:5825415",16,34,18
"ATMIN","s1693_S_PIT_01_ASEReadCounter.table","NW_015090842.1:5825438",16,36,20
"ATMIN","s1693_S_PIT_01_ASEReadCounter.table","NW_015090842.1:5825485",19,40,21
"ATMIN","s1693_S_PIT_01_ASEReadCounter.table","NW_015090842.1:5825524",23,40,17
"ATMIN","s1693_S_PIT_01_ASEReadCounter.table","NW_015090842.1:5825557",22,42,20
"ATMIN","s1693_S_PIT_01_ASEReadCounter.table","NW_015090842.1:5825571",23,45,22
"ATMIN","s1693_S_PIT_01_ASEReadCounter.table","NW_015090842.1:5825579",21,42,21
"ATMIN","s1693_S_PIT_01_ASEReadCounter.table","NW_015090842.1:5825590",15,34,19
"ATMIN","s1693_S_PIT_01_ASEReadCounter.table","NW_015090842.1:5825689",13,33,20
"ATMIN","s1693_S_PIT_01_ASEReadCounter.table","NW_015090842.1:5825703",18,39,21
"ATMIN","s1693_S_PIT_01_ASEReadCounter.table","NW_015090842.1:5825787",15,34,19
"ATMIN","s1693_S_PIT_01_ASEReadCounter.table","NW_015090842.1:5825833",19,39,20
"ATMIN","s1693_S_PIT_01_ASEReadCounter.table","NW_015090842.1:5825841",16,36,20
"ATMIN","s1693_S_PIT_01_ASEReadCounter.table","NW_015090842.1:5825895",16,27,11
"ATMIN","s1693_S_PIT_01_ASEReadCounter.table","NW_015090842.1:5825984",13,32,19
"ATMIN","s1693_S_PIT_01_ASEReadCounter.table","NW_015090842.1:5826162",17,33,16
"ATMIN","s1693_S_PIT_01_ASEReadCounter.table","NW_015090842.1:5826194",20,38,18
"ATMIN","s1693_S_PIT_01_ASEReadCounter.table","NW_015090842.1:5826235",24,46,22
"ATMIN","s1693_S_PIT_01_ASEReadCounter.table","NW_015090842.1:5826245",24,44,20
"ATMIN","s1693_S_PIT_01_ASEReadCounter.table","NW_015090842.1:5826335",14,26,12
"ATMIN","s1693_S_PIT_01_ASEReadCounter.table","NW_015090842.1:5826417",20,31,11
"ATMIN","s1693_S_PIT_01_ASEReadCounter.table","NW_015090842.1:5826431",16,29,13
"ATMIN","s1693_S_PIT_01_ASEReadCounter.table","NW_015090842.1:5826438",19,31,12
"ATMIN","s1693_S_PIT_01_ASEReadCounter.table","NW_015090842.1:5826463",22,38,16
"ATMIN","s1693_S_PIT_01_ASEReadCounter.table","NW_015090842.1:5826502",17,34,17
"ATMIN","s1693_S_PIT_01_ASEReadCounter.table","NW_015090842.1:5826511",18,38,20
"ATMIN","s1693_S_PIT_01_ASEReadCounter.table","NW_015090842.1:5826659",13,28,15
"ATMIN","s1693_S_PIT_01_ASEReadCounter.table","NW_015090842.1:5826701",18,36,18
"ATMIN","s1693_S_PIT_01_ASEReadCounter.table","NW_015090842.1:5826702",17,36,19
"ATMIN","s1693_S_PIT_01_ASEReadCounter.table","NW_015090842.1:5826732",21,43,22
"ATMIN","s1693_S_PIT_01_ASEReadCounter.table","NW_015090842.1:5826745",22,48,26
"ATMIN","s1693_S_PIT_01_ASEReadCounter.table","NW_015090842.1:5826835",18,38,20
"ATMIN","s1693_S_PIT_01_ASEReadCounter.table","NW_015090842.1:5826910",11,29,18
"ATMIN","s1693_S_PIT_01_ASEReadCounter.table","NW_015090842.1:5826942",10,34,24
"ATMIN","s1693_S_PIT_01_ASEReadCounter.table","NW_015090842.1:5827193",26,52,26
"ATMIN","s1693_S_PIT_01_ASEReadCounter.table","NW_015090842.1:5827196",26,52,26
"ATMIN","s1693_S_PIT_01_ASEReadCounter.table","NW_015090842.1:5827269",19,37,18
"ATMIN","s1693_S_PIT_01_ASEReadCounter.table","NW_015090842.1:5827315",11,26,15
"ATMIN","s1693_S_PIT_01_ASEReadCounter.table","NW_015090842.1:5827316",11,26,15
"ATMIN","s1693_S_PIT_01_ASEReadCounter.table","NW_015090842.1:5827333",10,24,14
"PPP1R3E","s1693_S_PIT_01_ASEReadCounter.table","NW_015090842.1:5837733",12,20,8
"PPP1R3E","s1693_S_PIT_01_ASEReadCounter.table","NW_015090842.1:5837947",6,13,7
"PKD1L2","s1693_S_PIT_01_ASEReadCounter.table","NW_015090842.1:5867509",0,1,1
"PKD1L2","s1693_S_PIT_01_ASEReadCounter.table","NW_015090842.1:5867597",0,2,2
"PKD1L2","s1693_S_PIT_01_ASEReadCounter.table","NW_015090842.1:5867600",0,2,2
"PKD1L2","s1693_S_PIT_01_ASEReadCounter.table","NW_015090842.1:5867660",1,3,2
"PKD1L2","s1693_S_PIT_01_ASEReadCounter.table","NW_015090842.1:5867675",2,4,2
"PKD1L2","s1693_S_PIT_01_ASEReadCounter.table","NW_015090842.1:5867788",3,4,1
"PKD1L2","s1693_S_PIT_01_ASEReadCounter.table","NW_015090842.1:5867843",3,5,2
"BCO1","s1693_S_PIT_01_ASEReadCounter.table","NW_015090842.1:5915610",4,4,0
"BCO1","s1693_S_PIT_01_ASEReadCounter.table","NW_015090842.1:5915646",3,3,0
"BCO1","s1693_S_PIT_01_ASEReadCounter.table","NW_015090842.1:5917836",3,4,1
"BCO1","s1693_S_PIT_01_ASEReadCounter.table","NW_015090842.1:5917912",17,22,5
"BCO1","s1693_S_PIT_01_ASEReadCounter.table","NW_015090842.1:5917941",23,30,7
"BCO1","s1693_S_PIT_01_ASEReadCounter.table","NW_015090842.1:5917971",26,34,8
"BCO1","s1693_S_PIT_01_ASEReadCounter.table","NW_015090842.1:5921679",19,31,12
"BCO1","s1693_S_PIT_01_ASEReadCounter.table","NW_015090842.1:5921726",24,35,11
"BCO1","s1693_S_PIT_01_ASEReadCounter.table","NW_015090842.1:5925669",25,28,3
"BCO1","s1693_S_PIT_01_ASEReadCounter.table","NW_015090842.1:5925753",21,30,9
"BCO1","s1693_S_PIT_01_ASEReadCounter.table","NW_015090842.1:5926937",14,22,8
"BCO1","s1693_S_PIT_01_ASEReadCounter.table","NW_015090842.1:5927921",16,25,9
"BCO1","s1693_S_PIT_01_ASEReadCounter.table","NW_015090842.1:5927948",18,26,8
"BCO1","s1693_S_PIT_01_ASEReadCounter.table","NW_015090842.1:5927968",21,31,10
"BCO1","s1693_S_PIT_01_ASEReadCounter.table","NW_015090842.1:5928052",10,17,7
"BCO1","s1693_S_PIT_01_ASEReadCounter.table","NW_015090842.1:5932726",22,27,5
"BCO1","s1693_S_PIT_01_ASEReadCounter.table","NW_015090842.1:5932801",20,28,8
"BCO1","s1693_S_PIT_01_ASEReadCounter.table","NW_015090842.1:5934558",19,30,11
"BCO1","s1693_S_PIT_01_ASEReadCounter.table","NW_015090842.1:5934575",23,36,13
"BCO1","s1693_S_PIT_01_ASEReadCounter.table","NW_015090842.1:5934608",25,34,9
"BCO1","s1693_S_PIT_01_ASEReadCounter.table","NW_015090842.1:5934647",27,35,8
"BCO1","s1693_S_PIT_01_ASEReadCounter.table","NW_015090842.1:5934725",21,29,8
"BCO1","s1693_S_PIT_01_ASEReadCounter.table","NW_015090842.1:5934726",21,27,6
"BCO1","s1693_S_PIT_01_ASEReadCounter.table","NW_015090842.1:5934733",19,24,5
"BCO1","s1693_S_PIT_01_ASEReadCounter.table","NW_015090842.1:5934821",14,20,6
"BCO1","s1693_S_PIT_01_ASEReadCounter.table","NW_015090842.1:5934826",11,16,5
"BCO1","s1693_S_PIT_01_ASEReadCounter.table","NW_015090842.1:5934844",4,8,4
"BCO1","s1693_S_PIT_01_ASEReadCounter.table","NW_015090842.1:5934958",16,20,4
"BCO1","s1693_S_PIT_01_ASEReadCounter.table","NW_015090842.1:5934976",17,20,3
"GAN","s1693_S_PIT_01_ASEReadCounter.table","NW_015090842.1:5953759",6,7,1
"GAN","s1693_S_PIT_01_ASEReadCounter.table","NW_015090842.1:5957502",4,7,3
"GAN","s1693_S_PIT_01_ASEReadCounter.table","NW_015090842.1:5957578",5,11,6
"GAN","s1693_S_PIT_01_ASEReadCounter.table","NW_015090842.1:5965028",11,18,7
"GAN","s1693_S_PIT_01_ASEReadCounter.table","NW_015090842.1:5966047",5,13,8
"GAN","s1693_S_PIT_01_ASEReadCounter.table","NW_015090842.1:5966126",4,14,10
"GAN","s1693_S_PIT_01_ASEReadCounter.table","NW_015090842.1:5966127",4,14,10
"GAN","s1693_S_PIT_01_ASEReadCounter.table","NW_015090842.1:5966162",6,15,9
"GAN","s1693_S_PIT_01_ASEReadCounter.table","NW_015090842.1:5966483",7,10,3
"CMIP","s1693_S_PIT_01_ASEReadCounter.table","NW_015090842.1:6109159",20,30,10
"CMIP","s1693_S_PIT_01_ASEReadCounter.table","NW_015090842.1:6109166",18,28,10
"CMIP","s1693_S_PIT_01_ASEReadCounter.table","NW_015090842.1:6114641",18,45,27
"CMIP","s1693_S_PIT_01_ASEReadCounter.table","NW_015090842.1:6114751",18,38,20
"CMIP","s1693_S_PIT_01_ASEReadCounter.table","NW_015090842.1:6114824",20,38,18
"CMIP","s1693_S_PIT_01_ASEReadCounter.table","NW_015090842.1:6128998",35,51,16
"CMIP","s1693_S_PIT_01_ASEReadCounter.table","NW_015090842.1:6130562",42,73,31
"CMIP","s1693_S_PIT_01_ASEReadCounter.table","NW_015090842.1:6132522",35,57,22
"CMIP","s1693_S_PIT_01_ASEReadCounter.table","NW_015090842.1:6134088",30,59,29
"CMIP","s1693_S_PIT_01_ASEReadCounter.table","NW_015090842.1:6138265",31,64,33
"CMIP","s1693_S_PIT_01_ASEReadCounter.table","NW_015090842.1:6138300",32,62,30
"CMIP","s1693_S_PIT_01_ASEReadCounter.table","NW_015090842.1:6138342",31,59,28
"CMIP","s1693_S_PIT_01_ASEReadCounter.table","NW_015090842.1:6138343",32,61,29
"CMIP","s1693_S_PIT_01_ASEReadCounter.table","NW_015090842.1:6138345",32,59,27
"CMIP","s1693_S_PIT_01_ASEReadCounter.table","NW_015090842.1:6138647",26,59,33
"CMIP","s1693_S_PIT_01_ASEReadCounter.table","NW_015090842.1:6138745",32,67,35
"CMIP","s1693_S_PIT_01_ASEReadCounter.table","NW_015090842.1:6138832",4,20,16
"CMIP","s1693_S_PIT_01_ASEReadCounter.table","NW_015090842.1:6138967",24,53,29
"CMIP","s1693_S_PIT_01_ASEReadCounter.table","NW_015090842.1:6139131",23,34,11
"CMIP","s1693_S_PIT_01_ASEReadCounter.table","NW_015090842.1:6139163",5,19,14
"CMIP","s1693_S_PIT_01_ASEReadCounter.table","NW_015090842.1:6139360",7,20,13
"CMIP","s1693_S_PIT_01_ASEReadCounter.table","NW_015090842.1:6139572",7,10,3
"CMIP","s1693_S_PIT_01_ASEReadCounter.table","NW_015090842.1:6139773",16,16,0
"PLCG2","s1693_S_PIT_01_ASEReadCounter.table","NW_015090842.1:6179613",3,7,4
"PLCG2","s1693_S_PIT_01_ASEReadCounter.table","NW_015090842.1:6179658",6,12,6
"PLCG2","s1693_S_PIT_01_ASEReadCounter.table","NW_015090842.1:6203766",15,33,18
"PLCG2","s1693_S_PIT_01_ASEReadCounter.table","NW_015090842.1:6203775",14,33,19
"PLCG2","s1693_S_PIT_01_ASEReadCounter.table","NW_015090842.1:6203787",15,35,20
"PLCG2","s1693_S_PIT_01_ASEReadCounter.table","NW_015090842.1:6205047",10,38,28
"PLCG2","s1693_S_PIT_01_ASEReadCounter.table","NW_015090842.1:6208541",10,30,20
"PLCG2","s1693_S_PIT_01_ASEReadCounter.table","NW_015090842.1:6209741",10,35,25
"PLCG2","s1693_S_PIT_01_ASEReadCounter.table","NW_015090842.1:6209798",11,31,20
"PLCG2","s1693_S_PIT_01_ASEReadCounter.table","NW_015090842.1:6209816",8,25,17
"PLCG2","s1693_S_PIT_01_ASEReadCounter.table","NW_015090842.1:6217547",14,42,28
"PLCG2","s1693_S_PIT_01_ASEReadCounter.table","NW_015090842.1:6218641",7,31,24
"PLCG2","s1693_S_PIT_01_ASEReadCounter.table","NW_015090842.1:6220552",14,47,33
"PLCG2","s1693_S_PIT_01_ASEReadCounter.table","NW_015090842.1:6221969",18,52,34
"PLCG2","s1693_S_PIT_01_ASEReadCounter.table","NW_015090842.1:6228672",18,45,27
"PLCG2","s1693_S_PIT_01_ASEReadCounter.table","NW_015090842.1:6228694",19,39,20
"PLCG2","s1693_S_PIT_01_ASEReadCounter.table","NW_015090842.1:6228722",18,40,22
"PLCG2","s1693_S_PIT_01_ASEReadCounter.table","NW_015090842.1:6228747",15,44,29
"PLCG2","s1693_S_PIT_01_ASEReadCounter.table","NW_015090842.1:6228835",21,47,26
"PLCG2","s1693_S_PIT_01_ASEReadCounter.table","NW_015090842.1:6228841",21,46,25
"PLCG2","s1693_S_PIT_01_ASEReadCounter.table","NW_015090842.1:6228865",22,53,31
"PLCG2","s1693_S_PIT_01_ASEReadCounter.table","NW_015090842.1:6228917",25,56,31
"PLCG2","s1693_S_PIT_01_ASEReadCounter.table","NW_015090842.1:6228926",21,50,29
"PLCG2","s1693_S_PIT_01_ASEReadCounter.table","NW_015090842.1:6228954",16,35,19
"PLCG2","s1693_S_PIT_01_ASEReadCounter.table","NW_015090842.1:6229002",11,32,21
"PLCG2","s1693_S_PIT_01_ASEReadCounter.table","NW_015090842.1:6229006",11,32,21
"PLCG2","s1693_S_PIT_01_ASEReadCounter.table","NW_015090842.1:6229081",12,33,21
"PLCG2","s1693_S_PIT_01_ASEReadCounter.table","NW_015090842.1:6229097",10,24,14
"PLCG2","s1693_S_PIT_01_ASEReadCounter.table","NW_015090842.1:6229160",11,25,14
"PLCG2","s1693_S_PIT_01_ASEReadCounter.table","NW_015090842.1:6229213",12,26,14
"PLCG2","s1693_S_PIT_01_ASEReadCounter.table","NW_015090842.1:6229231",13,29,16
"PLCG2","s1693_S_PIT_01_ASEReadCounter.table","NW_015090842.1:6229663",17,34,17
"PLCG2","s1693_S_PIT_01_ASEReadCounter.table","NW_015090842.1:6229748",12,28,16
"PLCG2","s1693_S_PIT_01_ASEReadCounter.table","NW_015090842.1:6229892",27,44,17
"PLCG2","s1693_S_PIT_01_ASEReadCounter.table","NW_015090842.1:6230248",14,20,6
"PLCG2","s1693_S_PIT_01_ASEReadCounter.table","NW_015090842.1:6230255",13,21,8
"PLCG2","s1693_S_PIT_01_ASEReadCounter.table","NW_015090842.1:6230296",8,18,10
"PLCG2","s1693_S_PIT_01_ASEReadCounter.table","NW_015090842.1:6230349",16,31,15
"PLCG2","s1693_S_PIT_01_ASEReadCounter.table","NW_015090842.1:6230381",14,28,14
"PLCG2","s1693_S_PIT_01_ASEReadCounter.table","NW_015090842.1:6230408",15,29,14
"PLCG2","s1693_S_PIT_01_ASEReadCounter.table","NW_015090842.1:6230439",14,30,16
"PLCG2","s1693_S_PIT_01_ASEReadCounter.table","NW_015090842.1:6230757",6,7,1
"PLCG2","s1693_S_PIT_01_ASEReadCounter.table","NW_015090842.1:6230758",5,6,1
"PLCG2","s1693_S_PIT_01_ASEReadCounter.table","NW_015090842.1:6230898",17,26,9
"PLCG2","s1693_S_PIT_01_ASEReadCounter.table","NW_015090842.1:6230976",9,18,9
"PLCG2","s1693_S_PIT_01_ASEReadCounter.table","NW_015090842.1:6231078",17,27,10
"PLCG2","s1693_S_PIT_01_ASEReadCounter.table","NW_015090842.1:6231138",16,31,15
"PLCG2","s1693_S_PIT_01_ASEReadCounter.table","NW_015090842.1:6231177",16,32,16
"PLCG2","s1693_S_PIT_01_ASEReadCounter.table","NW_015090842.1:6231263",16,28,12
"PLCG2","s1693_S_PIT_01_ASEReadCounter.table","NW_015090842.1:6231309",10,15,5
"SDR42E1","s1693_S_PIT_01_ASEReadCounter.table","NW_015090842.1:6235292",0,4,4
"SDR42E1","s1693_S_PIT_01_ASEReadCounter.table","NW_015090842.1:6235315",2,8,6
"SDR42E1","s1693_S_PIT_01_ASEReadCounter.table","NW_015090842.1:6235348",6,18,12
"SDR42E1","s1693_S_PIT_01_ASEReadCounter.table","NW_015090842.1:6235355",6,20,14
"SDR42E1","s1693_S_PIT_01_ASEReadCounter.table","NW_015090842.1:6235417",8,19,11
"SDR42E1","s1693_S_PIT_01_ASEReadCounter.table","NW_015090842.1:6235526",30,30,0
"SDR42E1","s1693_S_PIT_01_ASEReadCounter.table","NW_015090842.1:6235558",22,41,19
"SDR42E1","s1693_S_PIT_01_ASEReadCounter.table","NW_015090842.1:6235603",39,39,0
"SDR42E1","s1693_S_PIT_01_ASEReadCounter.table","NW_015090842.1:6235741",16,38,22
"SDR42E1","s1693_S_PIT_01_ASEReadCounter.table","NW_015090842.1:6235777",12,38,26
"SDR42E1","s1693_S_PIT_01_ASEReadCounter.table","NW_015090842.1:6235806",11,43,32
"SDR42E1","s1693_S_PIT_01_ASEReadCounter.table","NW_015090842.1:6235809",12,44,32
"SDR42E1","s1693_S_PIT_01_ASEReadCounter.table","NW_015090842.1:6235816",12,43,31
"SDR42E1","s1693_S_PIT_01_ASEReadCounter.table","NW_015090842.1:6235914",9,37,28
"SDR42E1","s1693_S_PIT_01_ASEReadCounter.table","NW_015090842.1:6235935",9,39,30
"SDR42E1","s1693_S_PIT_01_ASEReadCounter.table","NW_015090842.1:6235957",7,40,33
"SDR42E1","s1693_S_PIT_01_ASEReadCounter.table","NW_015090842.1:6236040",4,29,25
"SDR42E1","s1693_S_PIT_01_ASEReadCounter.table","NW_015090842.1:6236260",6,31,25
"SDR42E1","s1693_S_PIT_01_ASEReadCounter.table","NW_015090842.1:6236281",7,29,22
"SDR42E1","s1693_S_PIT_01_ASEReadCounter.table","NW_015090842.1:6236305",10,27,17
"SDR42E1","s1693_S_PIT_01_ASEReadCounter.table","NW_015090842.1:6236458",6,28,22
"SDR42E1","s1693_S_PIT_01_ASEReadCounter.table","NW_015090842.1:6236476",9,31,22
"SDR42E1","s1693_S_PIT_01_ASEReadCounter.table","NW_015090842.1:6236608",8,23,15
"SDR42E1","s1693_S_PIT_01_ASEReadCounter.table","NW_015090842.1:6238244",7,15,8
"SDR42E1","s1693_S_PIT_01_ASEReadCounter.table","NW_015090842.1:6238829",3,10,7
"HSD17B2","s1693_S_PIT_01_ASEReadCounter.table","NW_015090842.1:6257670",0,1,1
"HSD17B2","s1693_S_PIT_01_ASEReadCounter.table","NW_015090842.1:6257684",0,1,1
"HSD17B2","s1693_S_PIT_01_ASEReadCounter.table","NW_015090842.1:6266125",0,1,1
"HSD17B2","s1693_S_PIT_01_ASEReadCounter.table","NW_015090842.1:6266135",0,1,1
"HSD17B2","s1693_S_PIT_01_ASEReadCounter.table","NW_015090842.1:6266795",0,2,2
"HSD17B2","s1693_S_PIT_01_ASEReadCounter.table","NW_015090842.1:6266918",1,2,1
"HSD17B2","s1693_S_PIT_01_ASEReadCounter.table","NW_015090842.1:6266944",1,1,0
"HSD17B2","s1693_S_PIT_01_ASEReadCounter.table","NW_015090842.1:6266997",1,1,0
"HSD17B2","s1693_S_PIT_01_ASEReadCounter.table","NW_015090842.1:6267053",0,1,1
"HSD17B2","s1693_S_PIT_01_ASEReadCounter.table","NW_015090842.1:6267196",0,1,1
"HSD17B2","s1693_S_PIT_01_ASEReadCounter.table","NW_015090842.1:6267674",1,2,1
"HSD17B2","s1693_S_PIT_01_ASEReadCounter.table","NW_015090842.1:6268180",0,1,1
"HSD17B2","s1693_S_PIT_01_ASEReadCounter.table","NW_015090842.1:6268203",0,1,1
"ARY2","s1693_S_PIT_01_ASEReadCounter.table","NW_015090842.1:6303922",1,2,1
"ARY2","s1693_S_PIT_01_ASEReadCounter.table","NW_015090842.1:6303954",1,2,1
"ARY2","s1693_S_PIT_01_ASEReadCounter.table","NW_015090842.1:6303979",2,3,1
"ARY2","s1693_S_PIT_01_ASEReadCounter.table","NW_015090842.1:6305848",0,1,1
"ARY2","s1693_S_PIT_01_ASEReadCounter.table","NW_015090842.1:6305856",0,1,1
"ARY2","s1693_S_PIT_01_ASEReadCounter.table","NW_015090842.1:6305857",0,1,1
"ARY2","s1693_S_PIT_01_ASEReadCounter.table","NW_015090842.1:6306017",1,1,0
"ARY2","s1693_S_PIT_01_ASEReadCounter.table","NW_015090842.1:6306052",2,2,0
"ARY2","s1693_S_PIT_01_ASEReadCounter.table","NW_015090842.1:6306094",2,2,0
"ARY2","s1693_S_PIT_01_ASEReadCounter.table","NW_015090842.1:6306100",2,2,0
"ARY2","s1693_S_PIT_01_ASEReadCounter.table","NW_015090842.1:6306567",1,2,1
"ARY2","s1693_S_PIT_01_ASEReadCounter.table","NW_015090842.1:6306705",1,2,1
"ARY2","s1693_S_PIT_01_ASEReadCounter.table","NW_015090842.1:6306713",3,3,0
"ARY2","s1693_S_PIT_01_ASEReadCounter.table","NW_015090842.1:6306773",1,2,1
"ARY2","s1693_S_PIT_01_ASEReadCounter.table","NW_015090842.1:6307039",0,1,1
"ARY2","s1693_S_PIT_01_ASEReadCounter.table","NW_015090842.1:6307043",0,1,1
"ARY2","s1693_S_PIT_01_ASEReadCounter.table","NW_015090842.1:6307093",0,1,1
"ARY2","s1693_S_PIT_01_ASEReadCounter.table","NW_015090842.1:6307138",0,1,1
"ARY2","s1693_S_PIT_01_ASEReadCounter.table","NW_015090842.1:6307157",0,1,1
"ARY2","s1693_S_PIT_01_ASEReadCounter.table","NW_015090842.1:6307187",0,1,1
"ARY2","s1693_S_PIT_01_ASEReadCounter.table","NW_015090842.1:6307278",0,1,1
"ARY2","s1693_S_PIT_01_ASEReadCounter.table","NW_015090842.1:6307305",1,1,0
"ARY2","s1693_S_PIT_01_ASEReadCounter.table","NW_015090842.1:6307318",1,1,0
"ARY2","s1693_S_PIT_01_ASEReadCounter.table","NW_015090842.1:6307487",0,3,3
"ARYL","s1693_S_PIT_01_ASEReadCounter.table","NW_015090842.1:6313360",0,1,1
"ARYL","s1693_S_PIT_01_ASEReadCounter.table","NW_015090842.1:6313377",0,1,1
"ARYL","s1693_S_PIT_01_ASEReadCounter.table","NW_015090842.1:6313767",1,1,0
"ARY1","s1693_S_PIT_01_ASEReadCounter.table","NW_015090842.1:6313909",1,1,0
"ARY1","s1693_S_PIT_01_ASEReadCounter.table","NW_015090842.1:6314296",2,3,1
"ARY1","s1693_S_PIT_01_ASEReadCounter.table","NW_015090842.1:6314541",1,2,1
"ARY1","s1693_S_PIT_01_ASEReadCounter.table","NW_015090842.1:6314597",1,2,1
"ARY1","s1693_S_PIT_01_ASEReadCounter.table","NW_015090842.1:6314750",0,2,2
"ARY1","s1693_S_PIT_01_ASEReadCounter.table","NW_015090842.1:6314794",0,2,2
"ARY1","s1693_S_PIT_01_ASEReadCounter.table","NW_015090842.1:6314827",0,2,2
"ARY1","s1693_S_PIT_01_ASEReadCounter.table","NW_015090842.1:6314843",0,1,1
"ARY1","s1693_S_PIT_01_ASEReadCounter.table","NW_015090842.1:6314859",1,2,1
"ARY1","s1693_S_PIT_01_ASEReadCounter.table","NW_015090842.1:6314886",2,3,1
"ARY1","s1693_S_PIT_01_ASEReadCounter.table","NW_015090842.1:6314943",4,4,0
"ARY1","s1693_S_PIT_01_ASEReadCounter.table","NW_015090842.1:6314949",3,5,2
"ARY1","s1693_S_PIT_01_ASEReadCounter.table","NW_015090842.1:6315022",1,3,2
"ARY1","s1693_S_PIT_01_ASEReadCounter.table","NW_015090842.1:6315026",2,4,2
"ARY1","s1693_S_PIT_01_ASEReadCounter.table","NW_015090842.1:6315043",2,4,2
"ARY1","s1693_S_PIT_01_ASEReadCounter.table","NW_015090842.1:6315065",2,4,2
"ARY1","s1693_S_PIT_01_ASEReadCounter.table","NW_015090842.1:6315409",1,3,2
"ARY1","s1693_S_PIT_01_ASEReadCounter.table","NW_015090842.1:6315479",3,4,1
"ARY1","s1693_S_PIT_01_ASEReadCounter.table","NW_015090842.1:6318342",3,4,1
"ARY1","s1693_S_PIT_01_ASEReadCounter.table","NW_015090842.1:6318427",3,5,2
"ARY1","s1693_S_PIT_01_ASEReadCounter.table","NW_015090842.1:6318603",1,3,2
"ARY1","s1693_S_PIT_01_ASEReadCounter.table","NW_015090842.1:6318708",1,2,1
"ARY1","s1693_S_PIT_01_ASEReadCounter.table","NW_015090842.1:6318858",1,1,0
"MPHOSPH6","s1693_S_PIT_01_ASEReadCounter.table","NW_015090842.1:6324063",16,60,44
"MPHOSPH6","s1693_S_PIT_01_ASEReadCounter.table","NW_015090842.1:6324174",37,100,63
"MPHOSPH6","s1693_S_PIT_01_ASEReadCounter.table","NW_015090842.1:6324270",61,152,91
"MPHOSPH6","s1693_S_PIT_01_ASEReadCounter.table","NW_015090842.1:6324762",71,152,81
"MPHOSPH6","s1693_S_PIT_01_ASEReadCounter.table","NW_015090842.1:6324772",68,147,79
"MPHOSPH6","s1693_S_PIT_01_ASEReadCounter.table","NW_015090842.1:6324780",61,134,73
"MPHOSPH6","s1693_S_PIT_01_ASEReadCounter.table","NW_015090842.1:6324902",73,159,86
"MPHOSPH6","s1693_S_PIT_01_ASEReadCounter.table","NW_015090842.1:6324910",165,165,0
"MPHOSPH6","s1693_S_PIT_01_ASEReadCounter.table","NW_015090842.1:6325066",68,184,116
"MPHOSPH6","s1693_S_PIT_01_ASEReadCounter.table","NW_015090842.1:6325089",79,197,118
"MPHOSPH6","s1693_S_PIT_01_ASEReadCounter.table","NW_015090842.1:6325298",114,262,148
"MPHOSPH6","s1693_S_PIT_01_ASEReadCounter.table","NW_015090842.1:6325877",91,188,97
"MPHOSPH6","s1693_S_PIT_01_ASEReadCounter.table","NW_015090842.1:6326976",66,152,86
"CDH13","s1693_S_PIT_01_ASEReadCounter.table","NW_015090842.1:6662283",6,6,0
"CDH13","s1693_S_PIT_01_ASEReadCounter.table","NW_015090842.1:6693665",1,1,0
"CDH13","s1693_S_PIT_01_ASEReadCounter.table","NW_015090842.1:6693697",1,1,0
"CDH13","s1693_S_PIT_01_ASEReadCounter.table","NW_015090842.1:6693712",1,1,0
"CDH13","s1693_S_PIT_01_ASEReadCounter.table","NW_015090842.1:6693723",1,1,0
"CDH13","s1693_S_PIT_01_ASEReadCounter.table","NW_015090842.1:6693738",1,1,0
"CDH13","s1693_S_PIT_01_ASEReadCounter.table","NW_015090842.1:6823730",1,1,0
"CDH13","s1693_S_PIT_01_ASEReadCounter.table","NW_015090842.1:6889713",1,1,0
"CDH13","s1693_S_PIT_01_ASEReadCounter.table","NW_015090842.1:6955167",1,1,0
"MLYCD","s1693_S_PIT_01_ASEReadCounter.table","NW_015090842.1:7150054",33,64,31
"MLYCD","s1693_S_PIT_01_ASEReadCounter.table","NW_015090842.1:7150131",47,101,54
"MLYCD","s1693_S_PIT_01_ASEReadCounter.table","NW_015090842.1:7150585",39,98,59
"MLYCD","s1693_S_PIT_01_ASEReadCounter.table","NW_015090842.1:7150686",29,66,37
"MLYCD","s1693_S_PIT_01_ASEReadCounter.table","NW_015090842.1:7150696",32,74,42
"MLYCD","s1693_S_PIT_01_ASEReadCounter.table","NW_015090842.1:7150698",41,73,32
"MLYCD","s1693_S_PIT_01_ASEReadCounter.table","NW_015090842.1:7150869",34,99,65
"MLYCD","s1693_S_PIT_01_ASEReadCounter.table","NW_015090842.1:7151100",37,91,54
"MLYCD","s1693_S_PIT_01_ASEReadCounter.table","NW_015090842.1:7151127",39,99,60
"MLYCD","s1693_S_PIT_01_ASEReadCounter.table","NW_015090842.1:7157538",41,109,68
"MLYCD","s1693_S_PIT_01_ASEReadCounter.table","NW_015090842.1:7167662",15,37,22
"MLYCD","s1693_S_PIT_01_ASEReadCounter.table","NW_015090842.1:7167675",21,46,25
"MLYCD","s1693_S_PIT_01_ASEReadCounter.table","NW_015090842.1:7167710",22,46,24
"MLYCD","s1693_S_PIT_01_ASEReadCounter.table","NW_015090842.1:7167781",21,40,19
"MLYCD","s1693_S_PIT_01_ASEReadCounter.table","NW_015090842.1:7167803",16,28,12
"MLYCD","s1693_S_PIT_01_ASEReadCounter.table","NW_015090842.1:7167812",15,30,15
"MLYCD","s1693_S_PIT_01_ASEReadCounter.table","NW_015090842.1:7167845",13,32,19
"MLYCD","s1693_S_PIT_01_ASEReadCounter.table","NW_015090842.1:7167862",11,30,19
"MLYCD","s1693_S_PIT_01_ASEReadCounter.table","NW_015090842.1:7167929",8,22,14
"MLYCD","s1693_S_PIT_01_ASEReadCounter.table","NW_015090842.1:7167995",15,28,13
"MLYCD","s1693_S_PIT_01_ASEReadCounter.table","NW_015090842.1:7168005",15,29,14
"MLYCD","s1693_S_PIT_01_ASEReadCounter.table","NW_015090842.1:7168037",11,28,17
"HSBP1","s1693_S_PIT_01_ASEReadCounter.table","NW_015090842.1:7245192",163,318,155
"HSBP1","s1693_S_PIT_01_ASEReadCounter.table","NW_015090842.1:7245226",180,380,200
"HSBP1","s1693_S_PIT_01_ASEReadCounter.table","NW_015090842.1:7245257",162,346,184
"HSBP1","s1693_S_PIT_01_ASEReadCounter.table","NW_015090842.1:7245296",149,351,202
"HSBP1","s1693_S_PIT_01_ASEReadCounter.table","NW_015090842.1:7245389",259,447,188
"HSBP1","s1693_S_PIT_01_ASEReadCounter.table","NW_015090842.1:7245400",266,431,165
"HSBP1","s1693_S_PIT_01_ASEReadCounter.table","NW_015090842.1:7245445",273,480,207
"HSBP1","s1693_S_PIT_01_ASEReadCounter.table","NW_015090842.1:7245495",246,440,194
"HSBP1","s1693_S_PIT_01_ASEReadCounter.table","NW_015090842.1:7245515",276,497,221
"HSBP1","s1693_S_PIT_01_ASEReadCounter.table","NW_015090842.1:7245733",173,362,189
"HSBP1","s1693_S_PIT_01_ASEReadCounter.table","NW_015090842.1:7245771",185,363,178
"HSBP1","s1693_S_PIT_01_ASEReadCounter.table","NW_015090842.1:7245813",188,369,181
"HSBP1","s1693_S_PIT_01_ASEReadCounter.table","NW_015090842.1:7245926",219,426,207
"HSBP1","s1693_S_PIT_01_ASEReadCounter.table","NW_015090842.1:7245927",218,421,203
"HSBP1","s1693_S_PIT_01_ASEReadCounter.table","NW_015090842.1:7245933",213,407,194
"HSBP1","s1693_S_PIT_01_ASEReadCounter.table","NW_015090842.1:7246002",171,337,166
"HSBP1","s1693_S_PIT_01_ASEReadCounter.table","NW_015090842.1:7246094",230,413,183
"HSBP1","s1693_S_PIT_01_ASEReadCounter.table","NW_015090842.1:7246167",212,395,183
"HSBP1","s1693_S_PIT_01_ASEReadCounter.table","NW_015090842.1:7246183",201,379,178
"HSBP1","s1693_S_PIT_01_ASEReadCounter.table","NW_015090842.1:7247285",56,81,25
"HSBP1","s1693_S_PIT_01_ASEReadCounter.table","NW_015090842.1:7247651",368,777,409
"HSBP1","s1693_S_PIT_01_ASEReadCounter.table","NW_015090842.1:7247657",370,785,415
"HSBP1","s1693_S_PIT_01_ASEReadCounter.table","NW_015090842.1:7248520",265,527,262
"HSBP1","s1693_S_PIT_01_ASEReadCounter.table","NW_015090842.1:7248535",198,402,204
"KCNG4","s1693_S_PIT_01_ASEReadCounter.table","NW_015090842.1:7282579",1,1,0
"KCNG4","s1693_S_PIT_01_ASEReadCounter.table","NW_015090842.1:7282630",1,1,0
"KCNG4","s1693_S_PIT_01_ASEReadCounter.table","NW_015090842.1:7282760",2,2,0
"KCNG4","s1693_S_PIT_01_ASEReadCounter.table","NW_015090842.1:7283056",1,2,1
"KCNG4","s1693_S_PIT_01_ASEReadCounter.table","NW_015090842.1:7283245",0,1,1
"KCNG4","s1693_S_PIT_01_ASEReadCounter.table","NW_015090842.1:7299491",3,5,2
"KCNG4","s1693_S_PIT_01_ASEReadCounter.table","NW_015090842.1:7301195",1,1,0
"KCNG4","s1693_S_PIT_01_ASEReadCounter.table","NW_015090842.1:7301227",1,1,0
"KCNG4","s1693_S_PIT_01_ASEReadCounter.table","NW_015090842.1:7301240",1,1,0
"KCNG4","s1693_S_PIT_01_ASEReadCounter.table","NW_015090842.1:7301413",2,2,0
"WFDC1","s1693_S_PIT_01_ASEReadCounter.table","NW_015090842.1:7366517",1,1,0
"ATP2C2","s1693_S_PIT_01_ASEReadCounter.table","NW_015090842.1:7413747",0,4,4
"TLDC1","s1693_S_PIT_01_ASEReadCounter.table","NW_015090842.1:7421997",30,61,31
"COTL1","s1693_S_PIT_01_ASEReadCounter.table","NW_015090842.1:7490707",123,253,130
"COTL1","s1693_S_PIT_01_ASEReadCounter.table","NW_015090842.1:7490708",121,253,132
"COTL1","s1693_S_PIT_01_ASEReadCounter.table","NW_015090842.1:7490711",123,252,129
"COTL1","s1693_S_PIT_01_ASEReadCounter.table","NW_015090842.1:7490739",128,261,133
"COTL1","s1693_S_PIT_01_ASEReadCounter.table","NW_015090842.1:7490785",129,267,138
"COTL1","s1693_S_PIT_01_ASEReadCounter.table","NW_015090842.1:7490820",15,173,158
"COTL1","s1693_S_PIT_01_ASEReadCounter.table","NW_015090842.1:7490846",136,271,135
"COTL1","s1693_S_PIT_01_ASEReadCounter.table","NW_015090842.1:7505672",0,2,2
"KLHL36","s1693_S_PIT_01_ASEReadCounter.table","NW_015090842.1:7526337",28,28,0
"KLHL36","s1693_S_PIT_01_ASEReadCounter.table","NW_015090842.1:7537681",36,36,0
"USP10","s1693_S_PIT_01_ASEReadCounter.table","NW_015090842.1:7572213",56,106,50
"USP10","s1693_S_PIT_01_ASEReadCounter.table","NW_015090842.1:7572358",33,69,36
"CRISPLD2","s1693_S_PIT_01_ASEReadCounter.table","NW_015090842.1:7619796",0,2,2
"CRISPLD2","s1693_S_PIT_01_ASEReadCounter.table","NW_015090842.1:7633611",1,1,0
"LOC106888312","s1693_S_PIT_01_ASEReadCounter.table","NW_015090842.1:7732198",1,1,0
"MTHFSD","s1693_S_PIT_01_ASEReadCounter.table","NW_015090842.1:8152578",10,27,17
"DUSP15","s1693_S_PIT_01_ASEReadCounter.table","NW_015090842.1:8422840",1,3,2
"DUSP15","s1693_S_PIT_01_ASEReadCounter.table","NW_015090842.1:8431988",0,5,5
"EMC8","s1693_S_PIT_01_ASEReadCounter.table","NW_015090842.1:8452385",14,27,13
"GINS2","s1693_S_PIT_01_ASEReadCounter.table","NW_015090842.1:8467469",57,57,0
"GINS2","s1693_S_PIT_01_ASEReadCounter.table","NW_015090842.1:8470290",53,91,38
"GINS2","s1693_S_PIT_01_ASEReadCounter.table","NW_015090842.1:8470305",41,81,40
"GINS2","s1693_S_PIT_01_ASEReadCounter.table","NW_015090842.1:8470376",40,101,61
"GINS2","s1693_S_PIT_01_ASEReadCounter.table","NW_015090842.1:8471057",0,8,8
"GSE1","s1693_S_PIT_01_ASEReadCounter.table","NW_015090842.1:8483570",6,6,0
"KIAA0513","s1693_S_PIT_01_ASEReadCounter.table","NW_015090842.1:8674736",158,158,0
"KIAA0513","s1693_S_PIT_01_ASEReadCounter.table","NW_015090842.1:8693655",56,56,0
"ZCCHC14","s1693_S_PIT_01_ASEReadCounter.table","NW_015090842.1:8750189",51,51,0
"JPH3","s1693_S_PIT_01_ASEReadCounter.table","NW_015090842.1:8872294",12,25,13
"KLHDC4","s1693_S_PIT_01_ASEReadCounter.table","NW_015090842.1:8891175",75,163,88
"KLHDC4","s1693_S_PIT_01_ASEReadCounter.table","NW_015090842.1:8905251",36,75,39
"KLHDC4","s1693_S_PIT_01_ASEReadCounter.table","NW_015090842.1:8919630",4,17,13
"SLC7A5","s1693_S_PIT_01_ASEReadCounter.table","NW_015090842.1:8940382",190,190,0
"SLC7A5","s1693_S_PIT_01_ASEReadCounter.table","NW_015090842.1:8941818",188,188,0
"SLC7A5","s1693_S_PIT_01_ASEReadCounter.table","NW_015090842.1:8944655",182,182,0
"CA5A","s1693_S_PIT_01_ASEReadCounter.table","NW_015090842.1:8989479",29,74,45
"CA5A","s1693_S_PIT_01_ASEReadCounter.table","NW_015090842.1:8989562",44,102,58
"CA5A","s1693_S_PIT_01_ASEReadCounter.table","NW_015090842.1:8989609",46,113,67
"CA5A","s1693_S_PIT_01_ASEReadCounter.table","NW_015090842.1:8989693",61,153,92
"CA5A","s1693_S_PIT_01_ASEReadCounter.table","NW_015090842.1:8989702",63,146,83
"CA5A","s1693_S_PIT_01_ASEReadCounter.table","NW_015090842.1:8989746",60,144,84
"CA5A","s1693_S_PIT_01_ASEReadCounter.table","NW_015090842.1:8989880",54,150,96
"CA5A","s1693_S_PIT_01_ASEReadCounter.table","NW_015090842.1:8989885",57,156,99
"CA5A","s1693_S_PIT_01_ASEReadCounter.table","NW_015090842.1:8989929",66,168,102
"CA5A","s1693_S_PIT_01_ASEReadCounter.table","NW_015090842.1:8990002",52,147,95
"CA5A","s1693_S_PIT_01_ASEReadCounter.table","NW_015090842.1:8990004",54,152,98
"CA5A","s1693_S_PIT_01_ASEReadCounter.table","NW_015090842.1:8990005",54,155,101
"CA5A","s1693_S_PIT_01_ASEReadCounter.table","NW_015090842.1:8990017",47,131,84
"CA5A","s1693_S_PIT_01_ASEReadCounter.table","NW_015090842.1:8990043",38,110,72
"CA5A","s1693_S_PIT_01_ASEReadCounter.table","NW_015090842.1:8990080",33,115,82
"CA5A","s1693_S_PIT_01_ASEReadCounter.table","NW_015090842.1:8990084",33,111,78
"CA5A","s1693_S_PIT_01_ASEReadCounter.table","NW_015090842.1:8990090",40,118,78
"CA5A","s1693_S_PIT_01_ASEReadCounter.table","NW_015090842.1:8990095",40,118,78
"CA5A","s1693_S_PIT_01_ASEReadCounter.table","NW_015090842.1:8990111",34,120,86
"CA5A","s1693_S_PIT_01_ASEReadCounter.table","NW_015090842.1:8990112",33,118,85
"CA5A","s1693_S_PIT_01_ASEReadCounter.table","NW_015090842.1:8990115",36,121,85
"CA5A","s1693_S_PIT_01_ASEReadCounter.table","NW_015090842.1:8990166",36,110,74
"CA5A","s1693_S_PIT_01_ASEReadCounter.table","NW_015090842.1:8990169",41,115,74
"CA5A","s1693_S_PIT_01_ASEReadCounter.table","NW_015090842.1:8990222",40,96,56
"CA5A","s1693_S_PIT_01_ASEReadCounter.table","NW_015090842.1:8990289",31,97,66
"CA5A","s1693_S_PIT_01_ASEReadCounter.table","NW_015090842.1:8990314",38,105,67
"CA5A","s1693_S_PIT_01_ASEReadCounter.table","NW_015090842.1:8990361",38,104,66
"CA5A","s1693_S_PIT_01_ASEReadCounter.table","NW_015090842.1:8990368",37,99,62
"CA5A","s1693_S_PIT_01_ASEReadCounter.table","NW_015090842.1:8990429",43,99,56
"CA5A","s1693_S_PIT_01_ASEReadCounter.table","NW_015090842.1:8990466",28,70,42
"CA5A","s1693_S_PIT_01_ASEReadCounter.table","NW_015090842.1:8990663",30,104,74
"CA5A","s1693_S_PIT_01_ASEReadCounter.table","NW_015090842.1:8990797",18,64,46
"CA5A","s1693_S_PIT_01_ASEReadCounter.table","NW_015090842.1:8990836",35,84,49
"CA5A","s1693_S_PIT_01_ASEReadCounter.table","NW_015090842.1:8990842",39,89,50
"CA5A","s1693_S_PIT_01_ASEReadCounter.table","NW_015090842.1:8990851",39,86,47
"CA5A","s1693_S_PIT_01_ASEReadCounter.table","NW_015090842.1:8990918",42,110,68
"CA5A","s1693_S_PIT_01_ASEReadCounter.table","NW_015090842.1:8990921",37,109,72
"CA5A","s1693_S_PIT_01_ASEReadCounter.table","NW_015090842.1:8990942",41,106,65
"CA5A","s1693_S_PIT_01_ASEReadCounter.table","NW_015090842.1:8991001",47,127,80
"CA5A","s1693_S_PIT_01_ASEReadCounter.table","NW_015090842.1:8991038",42,125,83
"CA5A","s1693_S_PIT_01_ASEReadCounter.table","NW_015090842.1:8991149",46,123,77
"CA5A","s1693_S_PIT_01_ASEReadCounter.table","NW_015090842.1:8991176",46,119,73
"CA5A","s1693_S_PIT_01_ASEReadCounter.table","NW_015090842.1:8991241",51,129,78
"CA5A","s1693_S_PIT_01_ASEReadCounter.table","NW_015090842.1:8991262",54,123,69
"CA5A","s1693_S_PIT_01_ASEReadCounter.table","NW_015090842.1:8991316",50,61,11
"CA5A","s1693_S_PIT_01_ASEReadCounter.table","NW_015090842.1:8991319",51,63,12
"CA5A","s1693_S_PIT_01_ASEReadCounter.table","NW_015090842.1:8991330",50,55,5
"CA5A","s1693_S_PIT_01_ASEReadCounter.table","NW_015090842.1:8991334",45,59,14
"CA5A","s1693_S_PIT_01_ASEReadCounter.table","NW_015090842.1:8991362",43,106,63
"CA5A","s1693_S_PIT_01_ASEReadCounter.table","NW_015090842.1:8991368",47,112,65
"CA5A","s1693_S_PIT_01_ASEReadCounter.table","NW_015090842.1:8991390",47,119,72
"CA5A","s1693_S_PIT_01_ASEReadCounter.table","NW_015090842.1:8991395",44,121,77
"CA5A","s1693_S_PIT_01_ASEReadCounter.table","NW_015090842.1:8991422",35,118,83
"CA5A","s1693_S_PIT_01_ASEReadCounter.table","NW_015090842.1:8991467",25,83,58
"CA5A","s1693_S_PIT_01_ASEReadCounter.table","NW_015090842.1:8991576",15,71,56
"CA5A","s1693_S_PIT_01_ASEReadCounter.table","NW_015090842.1:8991587",19,79,60
"CA5A","s1693_S_PIT_01_ASEReadCounter.table","NW_015090842.1:8991655",33,87,54
"CA5A","s1693_S_PIT_01_ASEReadCounter.table","NW_015090842.1:8991717",22,65,43
"CA5A","s1693_S_PIT_01_ASEReadCounter.table","NW_015090842.1:8991726",24,75,51
"CA5A","s1693_S_PIT_01_ASEReadCounter.table","NW_015090842.1:8991799",31,87,56
"CA5A","s1693_S_PIT_01_ASEReadCounter.table","NW_015090842.1:8991809",33,93,60
"CA5A","s1693_S_PIT_01_ASEReadCounter.table","NW_015090842.1:8991848",32,85,53
"CA5A","s1693_S_PIT_01_ASEReadCounter.table","NW_015090842.1:8991849",31,83,52
"CA5A","s1693_S_PIT_01_ASEReadCounter.table","NW_015090842.1:8991927",49,98,49
"CA5A","s1693_S_PIT_01_ASEReadCounter.table","NW_015090842.1:8991941",48,96,48
"CA5A","s1693_S_PIT_01_ASEReadCounter.table","NW_015090842.1:8992121",35,92,57
"CA5A","s1693_S_PIT_01_ASEReadCounter.table","NW_015090842.1:8992224",35,80,45
"CA5A","s1693_S_PIT_01_ASEReadCounter.table","NW_015090842.1:9002570",29,80,51
"CA5A","s1693_S_PIT_01_ASEReadCounter.table","NW_015090842.1:9002600",26,71,45
"CA5A","s1693_S_PIT_01_ASEReadCounter.table","NW_015090842.1:9004312",26,63,37
"CA5A","s1693_S_PIT_01_ASEReadCounter.table","NW_015090842.1:9004556",1,1,0
"CA5A","s1693_S_PIT_01_ASEReadCounter.table","NW_015090842.1:9004620",1,1,0
"CA5A","s1693_S_PIT_01_ASEReadCounter.table","NW_015090842.1:9005116",1,1,0
"CA5A","s1693_S_PIT_01_ASEReadCounter.table","NW_015090842.1:9005120",1,1,0
"BANP","s1693_S_PIT_01_ASEReadCounter.table","NW_015090842.1:9033407",25,38,13
"BANP","s1693_S_PIT_01_ASEReadCounter.table","NW_015090842.1:9033409",24,36,12
"BANP","s1693_S_PIT_01_ASEReadCounter.table","NW_015090842.1:9033420",27,42,15
"BANP","s1693_S_PIT_01_ASEReadCounter.table","NW_015090842.1:9055284",22,42,20
"CIDEC","s1693_S_PIT_01_ASEReadCounter.table","NW_015090842.1:9481199",5,13,8
"ZC3H18","s1693_S_PIT_01_ASEReadCounter.table","NW_015090842.1:9528933",22,46,24
"MVD","s1693_S_PIT_01_ASEReadCounter.table","NW_015090842.1:9550690",35,35,0
"MVD","s1693_S_PIT_01_ASEReadCounter.table","NW_015090842.1:9550691",33,33,0
"MVD","s1693_S_PIT_01_ASEReadCounter.table","NW_015090842.1:9550699",38,38,0
"MVD","s1693_S_PIT_01_ASEReadCounter.table","NW_015090842.1:9550701",38,38,0
"MVD","s1693_S_PIT_01_ASEReadCounter.table","NW_015090842.1:9552202",53,53,0
"MVD","s1693_S_PIT_01_ASEReadCounter.table","NW_015090842.1:9552223",50,50,0
"MVD","s1693_S_PIT_01_ASEReadCounter.table","NW_015090842.1:9552533",58,58,0
"MVD","s1693_S_PIT_01_ASEReadCounter.table","NW_015090842.1:9552644",22,47,25
"PIEZO1","s1693_S_PIT_01_ASEReadCounter.table","NW_015090842.1:9577447",5,12,7
"PIEZO1","s1693_S_PIT_01_ASEReadCounter.table","NW_015090842.1:9579101",7,10,3
"PIEZO1","s1693_S_PIT_01_ASEReadCounter.table","NW_015090842.1:9582630",2,3,1
"PIEZO1","s1693_S_PIT_01_ASEReadCounter.table","NW_015090842.1:9582976",4,8,4
"PIEZO1","s1693_S_PIT_01_ASEReadCounter.table","NW_015090842.1:9583326",7,7,0
"CDT1","s1693_S_PIT_01_ASEReadCounter.table","NW_015090842.1:9596711",4,9,5
"CDT1","s1693_S_PIT_01_ASEReadCounter.table","NW_015090842.1:9597033",15,15,0
"CDT1","s1693_S_PIT_01_ASEReadCounter.table","NW_015090842.1:9597756",5,17,12
"CDT1","s1693_S_PIT_01_ASEReadCounter.table","NW_015090842.1:9598873",25,25,0
"ACSF3","s1693_S_PIT_01_ASEReadCounter.table","NW_015090842.1:9776737",8,20,12
"ACSF3","s1693_S_PIT_01_ASEReadCounter.table","NW_015090842.1:9809639",67,68,1
"ACSF3","s1693_S_PIT_01_ASEReadCounter.table","NW_015090842.1:9834743",23,67,44
"ACSF3","s1693_S_PIT_01_ASEReadCounter.table","NW_015090842.1:9834762",75,75,0
"ACSF3","s1693_S_PIT_01_ASEReadCounter.table","NW_015090842.1:9834852",31,78,47
"ACSF3","s1693_S_PIT_01_ASEReadCounter.table","NW_015090842.1:9834861",32,72,40
"ACSF3","s1693_S_PIT_01_ASEReadCounter.table","NW_015090842.1:9839359",32,66,34
"ACSF3","s1693_S_PIT_01_ASEReadCounter.table","NW_015090842.1:9839378",36,64,28
"ACSF3","s1693_S_PIT_01_ASEReadCounter.table","NW_015090842.1:9839455",32,57,25
"ACSF3","s1693_S_PIT_01_ASEReadCounter.table","NW_015090842.1:9839457",32,55,23
"ACSF3","s1693_S_PIT_01_ASEReadCounter.table","NW_015090842.1:9839489",21,37,16
"ACSF3","s1693_S_PIT_01_ASEReadCounter.table","NW_015090842.1:9839500",20,35,15
"ACSF3","s1693_S_PIT_01_ASEReadCounter.table","NW_015090842.1:9839501",20,35,15
"ACSF3","s1693_S_PIT_01_ASEReadCounter.table","NW_015090842.1:9839504",23,37,14
"ACSF3","s1693_S_PIT_01_ASEReadCounter.table","NW_015090842.1:9839512",18,26,8
"ACSF3","s1693_S_PIT_01_ASEReadCounter.table","NW_015090842.1:9839527",16,21,5
"ACSF3","s1693_S_PIT_01_ASEReadCounter.table","NW_015090842.1:9839533",9,14,5
"ACSF3","s1693_S_PIT_01_ASEReadCounter.table","NW_015090842.1:9839535",9,14,5
"ACSF3","s1693_S_PIT_01_ASEReadCounter.table","NW_015090842.1:9839545",4,9,5
"ACSF3","s1693_S_PIT_01_ASEReadCounter.table","NW_015090842.1:9839550",4,8,4
"ACSF3","s1693_S_PIT_01_ASEReadCounter.table","NW_015090842.1:9839551",4,8,4
"CDH15","s1693_S_PIT_01_ASEReadCounter.table","NW_015090842.1:9850141",1,1,0
"CDH15","s1693_S_PIT_01_ASEReadCounter.table","NW_015090842.1:9850386",1,1,0
"SLC22A31","s1693_S_PIT_01_ASEReadCounter.table","NW_015090842.1:9850797",1,1,0
"SLC22A31","s1693_S_PIT_01_ASEReadCounter.table","NW_015090842.1:9850818",1,1,0
"SLC22A31","s1693_S_PIT_01_ASEReadCounter.table","NW_015090842.1:9851130",3,5,2
"SLC22A31","s1693_S_PIT_01_ASEReadCounter.table","NW_015090842.1:9851139",3,5,2
"SLC22A31","s1693_S_PIT_01_ASEReadCounter.table","NW_015090842.1:9851265",6,12,6
"SLC22A31","s1693_S_PIT_01_ASEReadCounter.table","NW_015090842.1:9851302",5,10,5
"SLC22A31","s1693_S_PIT_01_ASEReadCounter.table","NW_015090842.1:9851303",6,11,5
"SLC22A31","s1693_S_PIT_01_ASEReadCounter.table","NW_015090842.1:9851305",6,11,5
"SLC22A31","s1693_S_PIT_01_ASEReadCounter.table","NW_015090842.1:9851343",3,9,6
"SLC22A31","s1693_S_PIT_01_ASEReadCounter.table","NW_015090842.1:9851344",3,8,5
"SLC22A31","s1693_S_PIT_01_ASEReadCounter.table","NW_015090842.1:9851381",4,11,7
"SLC22A31","s1693_S_PIT_01_ASEReadCounter.table","NW_015090842.1:9851421",7,18,11
"SLC22A31","s1693_S_PIT_01_ASEReadCounter.table","NW_015090842.1:9851526",9,22,13
"SLC22A31","s1693_S_PIT_01_ASEReadCounter.table","NW_015090842.1:9851589",15,27,12
"SLC22A31","s1693_S_PIT_01_ASEReadCounter.table","NW_015090842.1:9851712",11,20,9
"SLC22A31","s1693_S_PIT_01_ASEReadCounter.table","NW_015090842.1:9851899",10,18,8
"SLC22A31","s1693_S_PIT_01_ASEReadCounter.table","NW_015090842.1:9852139",14,23,9
"SLC22A31","s1693_S_PIT_01_ASEReadCounter.table","NW_015090842.1:9852380",17,31,14
"SLC22A31","s1693_S_PIT_01_ASEReadCounter.table","NW_015090842.1:9852431",12,22,10
"SLC22A31","s1693_S_PIT_01_ASEReadCounter.table","NW_015090842.1:9852630",5,14,9
"SLC22A31","s1693_S_PIT_01_ASEReadCounter.table","NW_015090842.1:9852711",7,13,6
"SLC22A31","s1693_S_PIT_01_ASEReadCounter.table","NW_015090842.1:9852742",7,10,3
"SLC22A31","s1693_S_PIT_01_ASEReadCounter.table","NW_015090842.1:9853099",8,10,2
"SLC22A31","s1693_S_PIT_01_ASEReadCounter.table","NW_015090842.1:9853102",9,11,2
"SLC22A31","s1693_S_PIT_01_ASEReadCounter.table","NW_015090842.1:9853421",6,9,3
"SLC22A31","s1693_S_PIT_01_ASEReadCounter.table","NW_015090842.1:9853457",9,13,4
"SLC22A31","s1693_S_PIT_01_ASEReadCounter.table","NW_015090842.1:9853502",9,11,2
"ANKRD11","s1693_S_PIT_01_ASEReadCounter.table","NW_015090842.1:9858863",4,7,3
"ANKRD11","s1693_S_PIT_01_ASEReadCounter.table","NW_015090842.1:9859101",45,99,54
"ANKRD11","s1693_S_PIT_01_ASEReadCounter.table","NW_015090842.1:9859352",47,133,86
"ANKRD11","s1693_S_PIT_01_ASEReadCounter.table","NW_015090842.1:9859381",15,80,65
"ANKRD11","s1693_S_PIT_01_ASEReadCounter.table","NW_015090842.1:9859527",32,80,48
"ANKRD11","s1693_S_PIT_01_ASEReadCounter.table","NW_015090842.1:9859529",31,81,50
"ANKRD11","s1693_S_PIT_01_ASEReadCounter.table","NW_015090842.1:9859679",76,143,67
"ANKRD11","s1693_S_PIT_01_ASEReadCounter.table","NW_015090842.1:9861097",80,141,61
"ANKRD11","s1693_S_PIT_01_ASEReadCounter.table","NW_015090842.1:9862571",66,118,52
"ANKRD11","s1693_S_PIT_01_ASEReadCounter.table","NW_015090842.1:9866071",0,46,46
"ANKRD11","s1693_S_PIT_01_ASEReadCounter.table","NW_015090842.1:9866200",0,51,51
"ANKRD11","s1693_S_PIT_01_ASEReadCounter.table","NW_015090842.1:9867391",28,60,32
"ANKRD11","s1693_S_PIT_01_ASEReadCounter.table","NW_015090842.1:9867472",37,83,46
"ANKRD11","s1693_S_PIT_01_ASEReadCounter.table","NW_015090842.1:9867559",43,85,42
"ANKRD11","s1693_S_PIT_01_ASEReadCounter.table","NW_015090842.1:9867934",54,99,45
"ANKRD11","s1693_S_PIT_01_ASEReadCounter.table","NW_015090842.1:9868093",54,99,45
"ANKRD11","s1693_S_PIT_01_ASEReadCounter.table","NW_015090842.1:9868222",55,92,37
"ANKRD11","s1693_S_PIT_01_ASEReadCounter.table","NW_015090842.1:9868327",54,95,41
"ANKRD11","s1693_S_PIT_01_ASEReadCounter.table","NW_015090842.1:9868414",59,95,36
"ANKRD11","s1693_S_PIT_01_ASEReadCounter.table","NW_015090842.1:9868441",59,89,30
"ANKRD11","s1693_S_PIT_01_ASEReadCounter.table","NW_015090842.1:9868444",61,98,37
"ANKRD11","s1693_S_PIT_01_ASEReadCounter.table","NW_015090842.1:9868519",75,137,62
"ANKRD11","s1693_S_PIT_01_ASEReadCounter.table","NW_015090842.1:9868609",66,121,55
"ANKRD11","s1693_S_PIT_01_ASEReadCounter.table","NW_015090842.1:9868666",69,122,53
"ANKRD11","s1693_S_PIT_01_ASEReadCounter.table","NW_015090842.1:9869431",59,106,47
"ANKRD11","s1693_S_PIT_01_ASEReadCounter.table","NW_015090842.1:9869578",79,154,75
"ANKRD11","s1693_S_PIT_01_ASEReadCounter.table","NW_015090842.1:9869734",68,146,78
"ANKRD11","s1693_S_PIT_01_ASEReadCounter.table","NW_015090842.1:9870070",57,103,46
"ANKRD11","s1693_S_PIT_01_ASEReadCounter.table","NW_015090842.1:9870349",44,101,57
"ANKRD11","s1693_S_PIT_01_ASEReadCounter.table","NW_015090842.1:9870604",68,133,65
"ANKRD11","s1693_S_PIT_01_ASEReadCounter.table","NW_015090842.1:9870613",75,139,64
"ANKRD11","s1693_S_PIT_01_ASEReadCounter.table","NW_015090842.1:9870685",81,154,73
"ANKRD11","s1693_S_PIT_01_ASEReadCounter.table","NW_015090842.1:9870847",64,116,52
"ANKRD11","s1693_S_PIT_01_ASEReadCounter.table","NW_015090842.1:9871103",42,83,41
"ANKRD11","s1693_S_PIT_01_ASEReadCounter.table","NW_015090842.1:9871165",54,113,59
"ANKRD11","s1693_S_PIT_01_ASEReadCounter.table","NW_015090842.1:9871820",28,61,33
"ANKRD11","s1693_S_PIT_01_ASEReadCounter.table","NW_015090842.1:9871994",64,64,0
"ANKRD11","s1693_S_PIT_01_ASEReadCounter.table","NW_015090842.1:9872118",32,82,50
"SPG7","s1693_S_PIT_01_ASEReadCounter.table","NW_015090842.1:10051190",99,188,89
"SPG7","s1693_S_PIT_01_ASEReadCounter.table","NW_015090842.1:10051218",99,204,105
"SPG7","s1693_S_PIT_01_ASEReadCounter.table","NW_015090842.1:10052348",126,236,110
"SPG7","s1693_S_PIT_01_ASEReadCounter.table","NW_015090842.1:10052366",119,233,114
"SPG7","s1693_S_PIT_01_ASEReadCounter.table","NW_015090842.1:10065173",109,211,102
"SPG7","s1693_S_PIT_01_ASEReadCounter.table","NW_015090842.1:10065215",101,198,97
"SPG7","s1693_S_PIT_01_ASEReadCounter.table","NW_015090842.1:10066301",71,148,77
"SPG7","s1693_S_PIT_01_ASEReadCounter.table","NW_015090842.1:10066365",67,139,72
"SPG7","s1693_S_PIT_01_ASEReadCounter.table","NW_015090842.1:10069752",96,185,89
"SPG7","s1693_S_PIT_01_ASEReadCounter.table","NW_015090842.1:10069800",89,189,100
"SPG7","s1693_S_PIT_01_ASEReadCounter.table","NW_015090842.1:10071192",94,193,99
"SPG7","s1693_S_PIT_01_ASEReadCounter.table","NW_015090842.1:10071204",89,175,86
"SPG7","s1693_S_PIT_01_ASEReadCounter.table","NW_015090842.1:10071219",84,162,78
"SPG7","s1693_S_PIT_01_ASEReadCounter.table","NW_015090842.1:10071967",95,198,103
"SPG7","s1693_S_PIT_01_ASEReadCounter.table","NW_015090842.1:10075109",113,222,109
"SPG7","s1693_S_PIT_01_ASEReadCounter.table","NW_015090842.1:10075114",119,229,110
"SPG7","s1693_S_PIT_01_ASEReadCounter.table","NW_015090842.1:10075198",106,186,80
"SPG7","s1693_S_PIT_01_ASEReadCounter.table","NW_015090842.1:10075487",62,112,50
"SPG7","s1693_S_PIT_01_ASEReadCounter.table","NW_015090842.1:10075488",62,111,49
"SPG7","s1693_S_PIT_01_ASEReadCounter.table","NW_015090842.1:10075548",59,99,40
"RPL13","s1693_S_PIT_01_ASEReadCounter.table","NW_015090842.1:10077387",667,1496,829
"RPL13","s1693_S_PIT_01_ASEReadCounter.table","NW_015090842.1:10077978",977,2032,1055
"RPL13","s1693_S_PIT_01_ASEReadCounter.table","NW_015090842.1:10077992",987,1953,966
"CPNE7","s1693_S_PIT_01_ASEReadCounter.table","NW_015090842.1:10084001",1,1,0
"CPNE7","s1693_S_PIT_01_ASEReadCounter.table","NW_015090842.1:10085000",1,1,0
"CPNE7","s1693_S_PIT_01_ASEReadCounter.table","NW_015090842.1:10085089",1,1,0
"CPNE7","s1693_S_PIT_01_ASEReadCounter.table","NW_015090842.1:10085096",1,1,0
"CPNE7","s1693_S_PIT_01_ASEReadCounter.table","NW_015090842.1:10085126",1,1,0
"CPNE7","s1693_S_PIT_01_ASEReadCounter.table","NW_015090842.1:10085180",1,1,0
"CPNE7","s1693_S_PIT_01_ASEReadCounter.table","NW_015090842.1:10088134",4,4,0
"CPNE7","s1693_S_PIT_01_ASEReadCounter.table","NW_015090842.1:10088146",3,3,0
"CPNE7","s1693_S_PIT_01_ASEReadCounter.table","NW_015090842.1:10088940",4,4,0
"CPNE7","s1693_S_PIT_01_ASEReadCounter.table","NW_015090842.1:10088965",4,4,0
"CPNE7","s1693_S_PIT_01_ASEReadCounter.table","NW_015090842.1:10088967",4,4,0
"CPNE7","s1693_S_PIT_01_ASEReadCounter.table","NW_015090842.1:10088973",3,3,0
"CPNE7","s1693_S_PIT_01_ASEReadCounter.table","NW_015090842.1:10090924",3,3,0
"CPNE7","s1693_S_PIT_01_ASEReadCounter.table","NW_015090842.1:10090930",3,3,0
"CPNE7","s1693_S_PIT_01_ASEReadCounter.table","NW_015090842.1:10091075",4,4,0
"CPNE7","s1693_S_PIT_01_ASEReadCounter.table","NW_015090842.1:10091389",4,4,0
"CPNE7","s1693_S_PIT_01_ASEReadCounter.table","NW_015090842.1:10091407",2,2,0
"CPNE7","s1693_S_PIT_01_ASEReadCounter.table","NW_015090842.1:10091530",3,4,1
"CPNE7","s1693_S_PIT_01_ASEReadCounter.table","NW_015090842.1:10091875",2,2,0
"CPNE7","s1693_S_PIT_01_ASEReadCounter.table","NW_015090842.1:10091983",5,5,0
"CPNE7","s1693_S_PIT_01_ASEReadCounter.table","NW_015090842.1:10091997",4,4,0
"LOC106888185","s1693_S_PIT_01_ASEReadCounter.table","NW_015090842.1:10094965",3,9,6
"LOC106888185","s1693_S_PIT_01_ASEReadCounter.table","NW_015090842.1:10094966",3,9,6
"LOC106888185","s1693_S_PIT_01_ASEReadCounter.table","NW_015090842.1:10094985",3,10,7
"LOC106888185","s1693_S_PIT_01_ASEReadCounter.table","NW_015090842.1:10095055",0,8,8
"LOC106888185","s1693_S_PIT_01_ASEReadCounter.table","NW_015090842.1:10095062",0,6,6
"LOC106888185","s1693_S_PIT_01_ASEReadCounter.table","NW_015090842.1:10095130",4,15,11
"LOC106888185","s1693_S_PIT_01_ASEReadCounter.table","NW_015090842.1:10095265",22,49,27
"LOC106888185","s1693_S_PIT_01_ASEReadCounter.table","NW_015090842.1:10095586",34,74,40
"LOC106888185","s1693_S_PIT_01_ASEReadCounter.table","NW_015090842.1:10095593",36,77,41
"LOC106888185","s1693_S_PIT_01_ASEReadCounter.table","NW_015090842.1:10095616",29,62,33
"LOC106888185","s1693_S_PIT_01_ASEReadCounter.table","NW_015090842.1:10095662",22,49,27
"LOC106888185","s1693_S_PIT_01_ASEReadCounter.table","NW_015090842.1:10095674",20,44,24
"LOC106888185","s1693_S_PIT_01_ASEReadCounter.table","NW_015090842.1:10095786",29,61,32
"LOC106888185","s1693_S_PIT_01_ASEReadCounter.table","NW_015090842.1:10095831",29,63,34
"LOC106888185","s1693_S_PIT_01_ASEReadCounter.table","NW_015090842.1:10096230",26,59,33
"LOC106888185","s1693_S_PIT_01_ASEReadCounter.table","NW_015090842.1:10096249",31,77,46
"LOC106888185","s1693_S_PIT_01_ASEReadCounter.table","NW_015090842.1:10096272",34,90,56
"LOC106888185","s1693_S_PIT_01_ASEReadCounter.table","NW_015090842.1:10096288",35,87,52
"LOC106888185","s1693_S_PIT_01_ASEReadCounter.table","NW_015090842.1:10097248",38,88,50
"LOC106888185","s1693_S_PIT_01_ASEReadCounter.table","NW_015090842.1:10097265",49,106,57
"LOC106888185","s1693_S_PIT_01_ASEReadCounter.table","NW_015090842.1:10097446",4,10,6
"DPEP1","s1693_S_PIT_01_ASEReadCounter.table","NW_015090842.1:10098017",1,3,2
"DPEP1","s1693_S_PIT_01_ASEReadCounter.table","NW_015090842.1:10098518",0,9,9
"DPEP1","s1693_S_PIT_01_ASEReadCounter.table","NW_015090842.1:10098595",1,3,2
"DPEP1","s1693_S_PIT_01_ASEReadCounter.table","NW_015090842.1:10098597",1,3,2
"DPEP1","s1693_S_PIT_01_ASEReadCounter.table","NW_015090842.1:10098601",1,3,2
"DPEP1","s1693_S_PIT_01_ASEReadCounter.table","NW_015090842.1:10098608",1,6,5
"DPEP1","s1693_S_PIT_01_ASEReadCounter.table","NW_015090842.1:10098630",0,6,6
"DPEP1","s1693_S_PIT_01_ASEReadCounter.table","NW_015090842.1:10098659",1,8,7
"DPEP1","s1693_S_PIT_01_ASEReadCounter.table","NW_015090842.1:10099765",1,7,6
"DPEP1","s1693_S_PIT_01_ASEReadCounter.table","NW_015090842.1:10099985",0,3,3
"DPEP1","s1693_S_PIT_01_ASEReadCounter.table","NW_015090842.1:10099986",0,3,3
"DPEP1","s1693_S_PIT_01_ASEReadCounter.table","NW_015090842.1:10099991",0,4,4
"DPEP1","s1693_S_PIT_01_ASEReadCounter.table","NW_015090842.1:10100044",0,5,5
"DPEP1","s1693_S_PIT_01_ASEReadCounter.table","NW_015090842.1:10100045",0,6,6
"DPEP1","s1693_S_PIT_01_ASEReadCounter.table","NW_015090842.1:10100084",0,5,5
"DPEP1","s1693_S_PIT_01_ASEReadCounter.table","NW_015090842.1:10100295",1,7,6
"DPEP1","s1693_S_PIT_01_ASEReadCounter.table","NW_015090842.1:10100529",0,4,4
"DPEP1","s1693_S_PIT_01_ASEReadCounter.table","NW_015090842.1:10100893",0,14,14
"DPEP1","s1693_S_PIT_01_ASEReadCounter.table","NW_015090842.1:10100902",0,13,13
"DPEP1","s1693_S_PIT_01_ASEReadCounter.table","NW_015090842.1:10101072",0,9,9
"DPEP1","s1693_S_PIT_01_ASEReadCounter.table","NW_015090842.1:10101199",0,5,5
"DPEP1","s1693_S_PIT_01_ASEReadCounter.table","NW_015090842.1:10101483",0,5,5
"DPEP1","s1693_S_PIT_01_ASEReadCounter.table","NW_015090842.1:10101497",0,5,5
"DPEP1","s1693_S_PIT_01_ASEReadCounter.table","NW_015090842.1:10101525",0,7,7
"DPEP1","s1693_S_PIT_01_ASEReadCounter.table","NW_015090842.1:10101875",0,5,5
"DPEP1","s1693_S_PIT_01_ASEReadCounter.table","NW_015090842.1:10101913",0,5,5
"DPEP1","s1693_S_PIT_01_ASEReadCounter.table","NW_015090842.1:10101996",0,5,5
"DPEP1","s1693_S_PIT_01_ASEReadCounter.table","NW_015090842.1:10102014",0,4,4
"DPEP1","s1693_S_PIT_01_ASEReadCounter.table","NW_015090842.1:10102035",0,2,2
"CHMP1A","s1693_S_PIT_01_ASEReadCounter.table","NW_015090842.1:10102901",74,160,86
"CHMP1A","s1693_S_PIT_01_ASEReadCounter.table","NW_015090842.1:10102961",54,157,103
"CHMP1A","s1693_S_PIT_01_ASEReadCounter.table","NW_015090842.1:10102996",50,145,95
"CHMP1A","s1693_S_PIT_01_ASEReadCounter.table","NW_015090842.1:10103004",59,155,96
"CHMP1A","s1693_S_PIT_01_ASEReadCounter.table","NW_015090842.1:10103006",59,160,101
"CHMP1A","s1693_S_PIT_01_ASEReadCounter.table","NW_015090842.1:10103052",95,203,108
"CHMP1A","s1693_S_PIT_01_ASEReadCounter.table","NW_015090842.1:10103095",106,214,108
"CHMP1A","s1693_S_PIT_01_ASEReadCounter.table","NW_015090842.1:10103096",106,214,108
"CHMP1A","s1693_S_PIT_01_ASEReadCounter.table","NW_015090842.1:10103152",90,169,79
"CHMP1A","s1693_S_PIT_01_ASEReadCounter.table","NW_015090842.1:10103334",60,155,95
"CHMP1A","s1693_S_PIT_01_ASEReadCounter.table","NW_015090842.1:10103373",37,128,91
"CHMP1A","s1693_S_PIT_01_ASEReadCounter.table","NW_015090842.1:10103408",62,166,104
"CHMP1A","s1693_S_PIT_01_ASEReadCounter.table","NW_015090842.1:10103412",74,183,109
"CHMP1A","s1693_S_PIT_01_ASEReadCounter.table","NW_015090842.1:10103512",95,211,116
"CHMP1A","s1693_S_PIT_01_ASEReadCounter.table","NW_015090842.1:10103513",95,212,117
"CHMP1A","s1693_S_PIT_01_ASEReadCounter.table","NW_015090842.1:10103583",74,147,73
"CHMP1A","s1693_S_PIT_01_ASEReadCounter.table","NW_015090842.1:10103614",66,146,80
"CHMP1A","s1693_S_PIT_01_ASEReadCounter.table","NW_015090842.1:10103657",75,183,108
"CHMP1A","s1693_S_PIT_01_ASEReadCounter.table","NW_015090842.1:10103669",63,167,104
"CHMP1A","s1693_S_PIT_01_ASEReadCounter.table","NW_015090842.1:10103674",62,164,102
"CHMP1A","s1693_S_PIT_01_ASEReadCounter.table","NW_015090842.1:10103677",60,159,99
"CHMP1A","s1693_S_PIT_01_ASEReadCounter.table","NW_015090842.1:10103729",83,183,100
"CHMP1A","s1693_S_PIT_01_ASEReadCounter.table","NW_015090842.1:10103758",87,182,95
"CHMP1A","s1693_S_PIT_01_ASEReadCounter.table","NW_015090842.1:10103761",88,185,97
"CHMP1A","s1693_S_PIT_01_ASEReadCounter.table","NW_015090842.1:10103788",89,215,126
"CHMP1A","s1693_S_PIT_01_ASEReadCounter.table","NW_015090842.1:10103789",89,215,126
"CHMP1A","s1693_S_PIT_01_ASEReadCounter.table","NW_015090842.1:10103790",82,210,128
"CHMP1A","s1693_S_PIT_01_ASEReadCounter.table","NW_015090842.1:10103950",113,230,117
"CHMP1A","s1693_S_PIT_01_ASEReadCounter.table","NW_015090842.1:10104335",78,163,85
"CHMP1A","s1693_S_PIT_01_ASEReadCounter.table","NW_015090842.1:10104429",115,223,108
"CHMP1A","s1693_S_PIT_01_ASEReadCounter.table","NW_015090842.1:10104532",99,229,130
"CHMP1A","s1693_S_PIT_01_ASEReadCounter.table","NW_015090842.1:10104633",85,180,95
"CHMP1A","s1693_S_PIT_01_ASEReadCounter.table","NW_015090842.1:10104759",71,179,108
"CHMP1A","s1693_S_PIT_01_ASEReadCounter.table","NW_015090842.1:10104794",94,212,118
"CHMP1A","s1693_S_PIT_01_ASEReadCounter.table","NW_015090842.1:10104844",68,158,90
"CHMP1A","s1693_S_PIT_01_ASEReadCounter.table","NW_015090842.1:10106290",71,166,95
"CHMP1A","s1693_S_PIT_01_ASEReadCounter.table","NW_015090842.1:10106335",109,218,109
"CHMP1A","s1693_S_PIT_01_ASEReadCounter.table","NW_015090842.1:10106383",129,265,136
"CHMP1A","s1693_S_PIT_01_ASEReadCounter.table","NW_015090842.1:10106747",85,224,139
"CHMP1A","s1693_S_PIT_01_ASEReadCounter.table","NW_015090842.1:10107404",113,251,138
"CHMP1A","s1693_S_PIT_01_ASEReadCounter.table","NW_015090842.1:10107410",115,253,138
"CHMP1A","s1693_S_PIT_01_ASEReadCounter.table","NW_015090842.1:10107876",107,236,129
"CDK10","s1693_S_PIT_01_ASEReadCounter.table","NW_015090842.1:10109030",12,14,2
"CDK10","s1693_S_PIT_01_ASEReadCounter.table","NW_015090842.1:10109963",50,112,62
"CDK10","s1693_S_PIT_01_ASEReadCounter.table","NW_015090842.1:10110887",45,92,47
"CDK10","s1693_S_PIT_01_ASEReadCounter.table","NW_015090842.1:10111254",29,70,41
"CDK10","s1693_S_PIT_01_ASEReadCounter.table","NW_015090842.1:10111380",33,83,50
"CDK10","s1693_S_PIT_01_ASEReadCounter.table","NW_015090842.1:10111395",34,86,52
"CDK10","s1693_S_PIT_01_ASEReadCounter.table","NW_015090842.1:10111437",21,63,42
"CDK10","s1693_S_PIT_01_ASEReadCounter.table","NW_015090842.1:10111798",36,84,48
"CDK10","s1693_S_PIT_01_ASEReadCounter.table","NW_015090842.1:10111840",33,82,49
"CDK10","s1693_S_PIT_01_ASEReadCounter.table","NW_015090842.1:10112031",38,80,42
"CDK10","s1693_S_PIT_01_ASEReadCounter.table","NW_015090842.1:10112285",31,75,44
"CDK10","s1693_S_PIT_01_ASEReadCounter.table","NW_015090842.1:10112398",33,77,44
"CDK10","s1693_S_PIT_01_ASEReadCounter.table","NW_015090842.1:10112455",32,64,32
"CDK10","s1693_S_PIT_01_ASEReadCounter.table","NW_015090842.1:10112461",34,62,28
"CDK10","s1693_S_PIT_01_ASEReadCounter.table","NW_015090842.1:10112497",28,60,32
"CDK10","s1693_S_PIT_01_ASEReadCounter.table","NW_015090842.1:10112508",23,60,37
"CDK10","s1693_S_PIT_01_ASEReadCounter.table","NW_015090842.1:10112518",16,54,38
"CDK10","s1693_S_PIT_01_ASEReadCounter.table","NW_015090842.1:10112540",8,44,36
"CDK10","s1693_S_PIT_01_ASEReadCounter.table","NW_015090842.1:10112556",28,62,34
"CDK10","s1693_S_PIT_01_ASEReadCounter.table","NW_015090842.1:10112561",29,65,36
"CDK10","s1693_S_PIT_01_ASEReadCounter.table","NW_015090842.1:10112596",34,64,30
"CDK10","s1693_S_PIT_01_ASEReadCounter.table","NW_015090842.1:10112630",24,51,27
"CDK10","s1693_S_PIT_01_ASEReadCounter.table","NW_015090842.1:10112656",19,48,29
"CDK10","s1693_S_PIT_01_ASEReadCounter.table","NW_015090842.1:10112665",19,39,20
"CDK10","s1693_S_PIT_01_ASEReadCounter.table","NW_015090842.1:10112668",19,41,22
"CDK10","s1693_S_PIT_01_ASEReadCounter.table","NW_015090842.1:10112781",8,23,15
"CDK10","s1693_S_PIT_01_ASEReadCounter.table","NW_015090842.1:10112782",8,23,15
"CDK10","s1693_S_PIT_01_ASEReadCounter.table","NW_015090842.1:10112795",8,22,14
"CDK10","s1693_S_PIT_01_ASEReadCounter.table","NW_015090842.1:10112841",2,9,7
"CDK10","s1693_S_PIT_01_ASEReadCounter.table","NW_015090842.1:10112861",1,6,5
"SPATA2L","s1693_S_PIT_01_ASEReadCounter.table","NW_015090842.1:10113212",8,24,16
"SPATA2L","s1693_S_PIT_01_ASEReadCounter.table","NW_015090842.1:10113280",16,44,28
"SPATA2L","s1693_S_PIT_01_ASEReadCounter.table","NW_015090842.1:10113296",17,46,29
"SPATA2L","s1693_S_PIT_01_ASEReadCounter.table","NW_015090842.1:10113321",19,49,30
"SPATA2L","s1693_S_PIT_01_ASEReadCounter.table","NW_015090842.1:10113332",19,50,31
"SPATA2L","s1693_S_PIT_01_ASEReadCounter.table","NW_015090842.1:10113380",15,43,28
"SPATA2L","s1693_S_PIT_01_ASEReadCounter.table","NW_015090842.1:10113381",15,45,30
"SPATA2L","s1693_S_PIT_01_ASEReadCounter.table","NW_015090842.1:10113412",16,45,29
"SPATA2L","s1693_S_PIT_01_ASEReadCounter.table","NW_015090842.1:10113421",17,47,30
"SPATA2L","s1693_S_PIT_01_ASEReadCounter.table","NW_015090842.1:10113465",16,42,26
"SPATA2L","s1693_S_PIT_01_ASEReadCounter.table","NW_015090842.1:10113535",22,46,24
"SPATA2L","s1693_S_PIT_01_ASEReadCounter.table","NW_015090842.1:10113645",27,67,40
"SPATA2L","s1693_S_PIT_01_ASEReadCounter.table","NW_015090842.1:10113682",42,83,41
"SPATA2L","s1693_S_PIT_01_ASEReadCounter.table","NW_015090842.1:10113696",43,78,35
"SPATA2L","s1693_S_PIT_01_ASEReadCounter.table","NW_015090842.1:10113727",38,74,36
"SPATA2L","s1693_S_PIT_01_ASEReadCounter.table","NW_015090842.1:10113729",40,75,35
"SPATA2L","s1693_S_PIT_01_ASEReadCounter.table","NW_015090842.1:10113799",32,79,47
"SPATA2L","s1693_S_PIT_01_ASEReadCounter.table","NW_015090842.1:10113809",31,87,56
"SPATA2L","s1693_S_PIT_01_ASEReadCounter.table","NW_015090842.1:10113827",34,87,53
"SPATA2L","s1693_S_PIT_01_ASEReadCounter.table","NW_015090842.1:10113831",34,88,54
"SPATA2L","s1693_S_PIT_01_ASEReadCounter.table","NW_015090842.1:10113894",28,68,40
"SPATA2L","s1693_S_PIT_01_ASEReadCounter.table","NW_015090842.1:10113905",27,64,37
"SPATA2L","s1693_S_PIT_01_ASEReadCounter.table","NW_015090842.1:10113914",35,70,35
"SPATA2L","s1693_S_PIT_01_ASEReadCounter.table","NW_015090842.1:10113920",38,72,34
"SPATA2L","s1693_S_PIT_01_ASEReadCounter.table","NW_015090842.1:10113937",38,78,40
"SPATA2L","s1693_S_PIT_01_ASEReadCounter.table","NW_015090842.1:10113971",33,72,39
"SPATA2L","s1693_S_PIT_01_ASEReadCounter.table","NW_015090842.1:10113976",28,74,46
"SPATA2L","s1693_S_PIT_01_ASEReadCounter.table","NW_015090842.1:10113985",31,67,36
"SPATA2L","s1693_S_PIT_01_ASEReadCounter.table","NW_015090842.1:10113994",40,80,40
"SPATA2L","s1693_S_PIT_01_ASEReadCounter.table","NW_015090842.1:10114063",38,75,37
"SPATA2L","s1693_S_PIT_01_ASEReadCounter.table","NW_015090842.1:10114066",37,75,38
"SPATA2L","s1693_S_PIT_01_ASEReadCounter.table","NW_015090842.1:10114069",37,75,38
"SPATA2L","s1693_S_PIT_01_ASEReadCounter.table","NW_015090842.1:10114159",20,59,39
"SPATA2L","s1693_S_PIT_01_ASEReadCounter.table","NW_015090842.1:10114262",65,65,0
"SPATA2L","s1693_S_PIT_01_ASEReadCounter.table","NW_015090842.1:10114470",31,57,26
"SPATA2L","s1693_S_PIT_01_ASEReadCounter.table","NW_015090842.1:10114524",26,58,32
"VPS9D1","s1693_S_PIT_01_ASEReadCounter.table","NW_015090842.1:10116377",27,40,13
"VPS9D1","s1693_S_PIT_01_ASEReadCounter.table","NW_015090842.1:10116415",27,52,25
"VPS9D1","s1693_S_PIT_01_ASEReadCounter.table","NW_015090842.1:10116607",29,47,18
"VPS9D1","s1693_S_PIT_01_ASEReadCounter.table","NW_015090842.1:10116821",21,39,18
"VPS9D1","s1693_S_PIT_01_ASEReadCounter.table","NW_015090842.1:10116825",21,39,18
"VPS9D1","s1693_S_PIT_01_ASEReadCounter.table","NW_015090842.1:10116882",22,37,15
"VPS9D1","s1693_S_PIT_01_ASEReadCounter.table","NW_015090842.1:10116933",26,34,8
"VPS9D1","s1693_S_PIT_01_ASEReadCounter.table","NW_015090842.1:10116942",26,36,10
"VPS9D1","s1693_S_PIT_01_ASEReadCounter.table","NW_015090842.1:10117152",20,39,19
"VPS9D1","s1693_S_PIT_01_ASEReadCounter.table","NW_015090842.1:10117480",7,25,18
"VPS9D1","s1693_S_PIT_01_ASEReadCounter.table","NW_015090842.1:10117497",5,24,19
"VPS9D1","s1693_S_PIT_01_ASEReadCounter.table","NW_015090842.1:10117499",4,24,20
"VPS9D1","s1693_S_PIT_01_ASEReadCounter.table","NW_015090842.1:10117516",8,35,27
"VPS9D1","s1693_S_PIT_01_ASEReadCounter.table","NW_015090842.1:10117525",9,35,26
"VPS9D1","s1693_S_PIT_01_ASEReadCounter.table","NW_015090842.1:10117579",15,42,27
"VPS9D1","s1693_S_PIT_01_ASEReadCounter.table","NW_015090842.1:10117627",17,37,20
"VPS9D1","s1693_S_PIT_01_ASEReadCounter.table","NW_015090842.1:10117678",15,36,21
"VPS9D1","s1693_S_PIT_01_ASEReadCounter.table","NW_015090842.1:10117773",16,50,34
"VPS9D1","s1693_S_PIT_01_ASEReadCounter.table","NW_015090842.1:10117937",22,71,49
"VPS9D1","s1693_S_PIT_01_ASEReadCounter.table","NW_015090842.1:10117961",20,69,49
"VPS9D1","s1693_S_PIT_01_ASEReadCounter.table","NW_015090842.1:10118236",21,69,48
"VPS9D1","s1693_S_PIT_01_ASEReadCounter.table","NW_015090842.1:10118414",20,49,29
"VPS9D1","s1693_S_PIT_01_ASEReadCounter.table","NW_015090842.1:10118973",21,49,28
"VPS9D1","s1693_S_PIT_01_ASEReadCounter.table","NW_015090842.1:10119500",19,32,13
"ZNF276","s1693_S_PIT_01_ASEReadCounter.table","NW_015090842.1:10121760",6,12,6
"ZNF276","s1693_S_PIT_01_ASEReadCounter.table","NW_015090842.1:10121769",7,13,6
"ZNF276","s1693_S_PIT_01_ASEReadCounter.table","NW_015090842.1:10121802",10,20,10
"ZNF276","s1693_S_PIT_01_ASEReadCounter.table","NW_015090842.1:10121971",25,45,20
"ZNF276","s1693_S_PIT_01_ASEReadCounter.table","NW_015090842.1:10122161",42,42,0
"ZNF276","s1693_S_PIT_01_ASEReadCounter.table","NW_015090842.1:10122164",42,42,0
"ZNF276","s1693_S_PIT_01_ASEReadCounter.table","NW_015090842.1:10122184",44,44,0
"ZNF276","s1693_S_PIT_01_ASEReadCounter.table","NW_015090842.1:10122883",19,35,16
"ZNF276","s1693_S_PIT_01_ASEReadCounter.table","NW_015090842.1:10122997",16,26,10
"ZNF276","s1693_S_PIT_01_ASEReadCounter.table","NW_015090842.1:10123069",20,39,19
"ZNF276","s1693_S_PIT_01_ASEReadCounter.table","NW_015090842.1:10123207",27,52,25
"ZNF276","s1693_S_PIT_01_ASEReadCounter.table","NW_015090842.1:10125787",17,48,31
"ZNF276","s1693_S_PIT_01_ASEReadCounter.table","NW_015090842.1:10126309",26,76,50
"ZNF276","s1693_S_PIT_01_ASEReadCounter.table","NW_015090842.1:10126348",25,65,40
"ZNF276","s1693_S_PIT_01_ASEReadCounter.table","NW_015090842.1:10126978",38,74,36
"ZNF276","s1693_S_PIT_01_ASEReadCounter.table","NW_015090842.1:10126991",34,65,31
"ZNF276","s1693_S_PIT_01_ASEReadCounter.table","NW_015090842.1:10127023",40,71,31
"ZNF276","s1693_S_PIT_01_ASEReadCounter.table","NW_015090842.1:10127063",32,64,32
"ZNF276","s1693_S_PIT_01_ASEReadCounter.table","NW_015090842.1:10127373",29,54,25
"ZNF276","s1693_S_PIT_01_ASEReadCounter.table","NW_015090842.1:10127931",26,54,28
"ZNF276","s1693_S_PIT_01_ASEReadCounter.table","NW_015090842.1:10128070",35,62,27
"ZNF276","s1693_S_PIT_01_ASEReadCounter.table","NW_015090842.1:10128102",30,60,30
"ZNF276","s1693_S_PIT_01_ASEReadCounter.table","NW_015090842.1:10128356",17,42,25
"ZNF276","s1693_S_PIT_01_ASEReadCounter.table","NW_015090842.1:10128497",17,25,8
"FANCA","s1693_S_PIT_01_ASEReadCounter.table","NW_015090842.1:10128743",0,4,4
"FANCA","s1693_S_PIT_01_ASEReadCounter.table","NW_015090842.1:10128822",2,6,4
"FANCA","s1693_S_PIT_01_ASEReadCounter.table","NW_015090842.1:10129383",4,10,6
"FANCA","s1693_S_PIT_01_ASEReadCounter.table","NW_015090842.1:10129390",4,9,5
"FANCA","s1693_S_PIT_01_ASEReadCounter.table","NW_015090842.1:10129422",4,8,4
"FANCA","s1693_S_PIT_01_ASEReadCounter.table","NW_015090842.1:10129969",3,5,2
"FANCA","s1693_S_PIT_01_ASEReadCounter.table","NW_015090842.1:10130399",2,2,0
"FANCA","s1693_S_PIT_01_ASEReadCounter.table","NW_015090842.1:10130857",3,4,1
"FANCA","s1693_S_PIT_01_ASEReadCounter.table","NW_015090842.1:10130878",2,3,1
"FANCA","s1693_S_PIT_01_ASEReadCounter.table","NW_015090842.1:10133530",4,7,3
"FANCA","s1693_S_PIT_01_ASEReadCounter.table","NW_015090842.1:10133533",4,7,3
"FANCA","s1693_S_PIT_01_ASEReadCounter.table","NW_015090842.1:10133536",4,7,3
"FANCA","s1693_S_PIT_01_ASEReadCounter.table","NW_015090842.1:10133601",5,6,1
"FANCA","s1693_S_PIT_01_ASEReadCounter.table","NW_015090842.1:10134492",2,5,3
"FANCA","s1693_S_PIT_01_ASEReadCounter.table","NW_015090842.1:10136957",1,1,0
"FANCA","s1693_S_PIT_01_ASEReadCounter.table","NW_015090842.1:10136982",2,3,1
"FANCA","s1693_S_PIT_01_ASEReadCounter.table","NW_015090842.1:10136999",1,2,1
"FANCA","s1693_S_PIT_01_ASEReadCounter.table","NW_015090842.1:10137019",1,3,2
"FANCA","s1693_S_PIT_01_ASEReadCounter.table","NW_015090842.1:10137673",0,2,2
"FANCA","s1693_S_PIT_01_ASEReadCounter.table","NW_015090842.1:10138618",2,5,3
"FANCA","s1693_S_PIT_01_ASEReadCounter.table","NW_015090842.1:10139140",1,2,1
"FANCA","s1693_S_PIT_01_ASEReadCounter.table","NW_015090842.1:10140699",1,4,3
"FANCA","s1693_S_PIT_01_ASEReadCounter.table","NW_015090842.1:10141234",0,4,4
"FANCA","s1693_S_PIT_01_ASEReadCounter.table","NW_015090842.1:10145030",1,2,1
"FANCA","s1693_S_PIT_01_ASEReadCounter.table","NW_015090842.1:10150518",0,1,1
"FANCA","s1693_S_PIT_01_ASEReadCounter.table","NW_015090842.1:10152863",2,4,2
"FANCA","s1693_S_PIT_01_ASEReadCounter.table","NW_015090842.1:10154490",2,4,2
"FANCA","s1693_S_PIT_01_ASEReadCounter.table","NW_015090842.1:10158162",1,5,4
"FANCA","s1693_S_PIT_01_ASEReadCounter.table","NW_015090842.1:10158957",2,5,3
"FANCA","s1693_S_PIT_01_ASEReadCounter.table","NW_015090842.1:10160177",1,1,0
"FANCA","s1693_S_PIT_01_ASEReadCounter.table","NW_015090842.1:10164257",1,1,0
"FANCA","s1693_S_PIT_01_ASEReadCounter.table","NW_015090842.1:10165331",1,1,0
"SPIRE2","s1693_S_PIT_01_ASEReadCounter.table","NW_015090842.1:10172284",9,9,0
"SPIRE2","s1693_S_PIT_01_ASEReadCounter.table","NW_015090842.1:10175262",19,36,17
"SPIRE2","s1693_S_PIT_01_ASEReadCounter.table","NW_015090842.1:10175352",16,18,2
"SPIRE2","s1693_S_PIT_01_ASEReadCounter.table","NW_015090842.1:10175400",38,56,18
"SPIRE2","s1693_S_PIT_01_ASEReadCounter.table","NW_015090842.1:10175418",41,61,20
"SPIRE2","s1693_S_PIT_01_ASEReadCounter.table","NW_015090842.1:10175704",30,54,24
"SPIRE2","s1693_S_PIT_01_ASEReadCounter.table","NW_015090842.1:10176115",36,68,32
"SPIRE2","s1693_S_PIT_01_ASEReadCounter.table","NW_015090842.1:10176561",31,68,37
"SPIRE2","s1693_S_PIT_01_ASEReadCounter.table","NW_015090842.1:10176817",33,63,30
"SPIRE2","s1693_S_PIT_01_ASEReadCounter.table","NW_015090842.1:10177084",23,43,20
"SPIRE2","s1693_S_PIT_01_ASEReadCounter.table","NW_015090842.1:10177838",34,62,28
"SPIRE2","s1693_S_PIT_01_ASEReadCounter.table","NW_015090842.1:10178000",29,55,26
"SPIRE2","s1693_S_PIT_01_ASEReadCounter.table","NW_015090842.1:10178164",41,68,27
"SPIRE2","s1693_S_PIT_01_ASEReadCounter.table","NW_015090842.1:10178216",40,77,37
"SPIRE2","s1693_S_PIT_01_ASEReadCounter.table","NW_015090842.1:10178303",39,53,14
"SPIRE2","s1693_S_PIT_01_ASEReadCounter.table","NW_015090842.1:10178403",30,57,27
"SPIRE2","s1693_S_PIT_01_ASEReadCounter.table","NW_015090842.1:10178409",28,55,27
"SPIRE2","s1693_S_PIT_01_ASEReadCounter.table","NW_015090842.1:10178524",16,46,30
"SPIRE2","s1693_S_PIT_01_ASEReadCounter.table","NW_015090842.1:10178526",16,49,33
"SPIRE2","s1693_S_PIT_01_ASEReadCounter.table","NW_015090842.1:10178531",15,46,31
"SPIRE2","s1693_S_PIT_01_ASEReadCounter.table","NW_015090842.1:10178565",12,42,30
"SPIRE2","s1693_S_PIT_01_ASEReadCounter.table","NW_015090842.1:10178587",13,36,23
"SPIRE2","s1693_S_PIT_01_ASEReadCounter.table","NW_015090842.1:10178640",10,23,13
"SPIRE2","s1693_S_PIT_01_ASEReadCounter.table","NW_015090842.1:10178651",10,25,15
"SPIRE2","s1693_S_PIT_01_ASEReadCounter.table","NW_015090842.1:10178682",11,25,14
"TCF25","s1693_S_PIT_01_ASEReadCounter.table","NW_015090842.1:10180912",23,45,22
"TCF25","s1693_S_PIT_01_ASEReadCounter.table","NW_015090842.1:10180924",26,48,22
"TCF25","s1693_S_PIT_01_ASEReadCounter.table","NW_015090842.1:10180931",28,50,22
"TCF25","s1693_S_PIT_01_ASEReadCounter.table","NW_015090842.1:10185332",90,183,93
"TCF25","s1693_S_PIT_01_ASEReadCounter.table","NW_015090842.1:10196561",63,133,70
"TCF25","s1693_S_PIT_01_ASEReadCounter.table","NW_015090842.1:10197399",197,197,0
"TUBB3","s1693_S_PIT_01_ASEReadCounter.table","NW_015090842.1:10205322",0,25,25
"GAS8","s1693_S_PIT_01_ASEReadCounter.table","NW_015090842.1:10228982",29,73,44
"GAS8","s1693_S_PIT_01_ASEReadCounter.table","NW_015090842.1:10229832",22,59,37
"GAS8","s1693_S_PIT_01_ASEReadCounter.table","NW_015090842.1:10232901",26,54,28
"GAS8","s1693_S_PIT_01_ASEReadCounter.table","NW_015090842.1:10232928",38,64,26
"GAS8","s1693_S_PIT_01_ASEReadCounter.table","NW_015090842.1:10232967",35,61,26
"GAS8","s1693_S_PIT_01_ASEReadCounter.table","NW_015090842.1:10233032",19,38,19
"GAS8","s1693_S_PIT_01_ASEReadCounter.table","NW_015090842.1:10233057",16,31,15
"GAS8","s1693_S_PIT_01_ASEReadCounter.table","NW_015090842.1:10233058",16,32,16
"GAS8","s1693_S_PIT_01_ASEReadCounter.table","NW_015090842.1:10233176",18,29,11
"GAS8","s1693_S_PIT_01_ASEReadCounter.table","NW_015090842.1:10233196",17,27,10
"GAS8","s1693_S_PIT_01_ASEReadCounter.table","NW_015090842.1:10233252",13,21,8
"GAS8","s1693_S_PIT_01_ASEReadCounter.table","NW_015090842.1:10233303",5,10,5
"LOC106888094","s1693_S_PIT_01_ASEReadCounter.table","NW_015090842.1:10233334",2,4,2
"LOC106888094","s1693_S_PIT_01_ASEReadCounter.table","NW_015090842.1:10233362",4,11,7
"LOC106888094","s1693_S_PIT_01_ASEReadCounter.table","NW_015090842.1:10233373",4,11,7
"LOC106888094","s1693_S_PIT_01_ASEReadCounter.table","NW_015090842.1:10233388",3,11,8
"LOC106888094","s1693_S_PIT_01_ASEReadCounter.table","NW_015090842.1:10233402",6,14,8
"LOC106888094","s1693_S_PIT_01_ASEReadCounter.table","NW_015090842.1:10233465",4,16,12
"LOC106888094","s1693_S_PIT_01_ASEReadCounter.table","NW_015090842.1:10233803",6,28,22
"LOC106888094","s1693_S_PIT_01_ASEReadCounter.table","NW_015090842.1:10233815",7,25,18
"LOC106888094","s1693_S_PIT_01_ASEReadCounter.table","NW_015090842.1:10235611",0,2,2
"LOC106888094","s1693_S_PIT_01_ASEReadCounter.table","NW_015090842.1:10235977",1,2,1
"LOC106888094","s1693_S_PIT_01_ASEReadCounter.table","NW_015090842.1:10236098",2,3,1
"LOC106888094","s1693_S_PIT_01_ASEReadCounter.table","NW_015090842.1:10236161",0,6,6
"LOC106888094","s1693_S_PIT_01_ASEReadCounter.table","NW_015090842.1:10236425",1,2,1
"LOC106888094","s1693_S_PIT_01_ASEReadCounter.table","NW_015090842.1:10236426",1,2,1
"LOC106888094","s1693_S_PIT_01_ASEReadCounter.table","NW_015090842.1:10236603",1,3,2
"LOC106888173","s1693_S_PIT_01_ASEReadCounter.table","NW_015090842.1:10239596",9,14,5
"LOC106888173","s1693_S_PIT_01_ASEReadCounter.table","NW_015090842.1:10240036",31,46,15
"LOC106888173","s1693_S_PIT_01_ASEReadCounter.table","NW_015090842.1:10240095",44,63,19
"LOC106888173","s1693_S_PIT_01_ASEReadCounter.table","NW_015090842.1:10240280",33,53,20
"LOC106888173","s1693_S_PIT_01_ASEReadCounter.table","NW_015090842.1:10240557",74,94,20
"LOC106888173","s1693_S_PIT_01_ASEReadCounter.table","NW_015090842.1:10240603",60,72,12
"LOC106888173","s1693_S_PIT_01_ASEReadCounter.table","NW_015090842.1:10240609",59,71,12
"LOC106888173","s1693_S_PIT_01_ASEReadCounter.table","NW_015090842.1:10240924",48,62,14
"LOC106888173","s1693_S_PIT_01_ASEReadCounter.table","NW_015090842.1:10241037",30,44,14
"LOC106888173","s1693_S_PIT_01_ASEReadCounter.table","NW_015090842.1:10241046",33,47,14
"LOC106888173","s1693_S_PIT_01_ASEReadCounter.table","NW_015090842.1:10241058",36,51,15
"LOC106888173","s1693_S_PIT_01_ASEReadCounter.table","NW_015090842.1:10241064",45,61,16
"LOC106888173","s1693_S_PIT_01_ASEReadCounter.table","NW_015090842.1:10241163",47,67,20
"LOC106888173","s1693_S_PIT_01_ASEReadCounter.table","NW_015090842.1:10241803",58,81,23
"LOC106888173","s1693_S_PIT_01_ASEReadCounter.table","NW_015090842.1:10241827",57,77,20
"LOC106888173","s1693_S_PIT_01_ASEReadCounter.table","NW_015090842.1:10241869",66,89,23
"LOC106888173","s1693_S_PIT_01_ASEReadCounter.table","NW_015090842.1:10242079",54,73,19
"LOC106888173","s1693_S_PIT_01_ASEReadCounter.table","NW_015090842.1:10242103",51,71,20
"LOC106888173","s1693_S_PIT_01_ASEReadCounter.table","NW_015090842.1:10242157",54,74,20
"LOC106888173","s1693_S_PIT_01_ASEReadCounter.table","NW_015090842.1:10242455",54,73,19
"LOC106888173","s1693_S_PIT_01_ASEReadCounter.table","NW_015090842.1:10242481",56,78,22
"LOC106888173","s1693_S_PIT_01_ASEReadCounter.table","NW_015090842.1:10242590",58,79,21
"LOC106888173","s1693_S_PIT_01_ASEReadCounter.table","NW_015090842.1:10242794",42,63,21
"LOC106888173","s1693_S_PIT_01_ASEReadCounter.table","NW_015090842.1:10242909",46,65,19
"LOC106888173","s1693_S_PIT_01_ASEReadCounter.table","NW_015090842.1:10243094",48,66,18
"LOC106888173","s1693_S_PIT_01_ASEReadCounter.table","NW_015090842.1:10243133",33,51,18
"LOC106888173","s1693_S_PIT_01_ASEReadCounter.table","NW_015090842.1:10243273",48,64,16
"LOC106888173","s1693_S_PIT_01_ASEReadCounter.table","NW_015090842.1:10243278",53,69,16
"LOC106888173","s1693_S_PIT_01_ASEReadCounter.table","NW_015090842.1:10243281",54,70,16
"LOC106888173","s1693_S_PIT_01_ASEReadCounter.table","NW_015090842.1:10243347",60,61,1
"LOC106888173","s1693_S_PIT_01_ASEReadCounter.table","NW_015090842.1:10243353",41,55,14
"LOC106888173","s1693_S_PIT_01_ASEReadCounter.table","NW_015090842.1:10243363",33,44,11
"LOC106888173","s1693_S_PIT_01_ASEReadCounter.table","NW_015090842.1:10243365",27,40,13
"LOC106888173","s1693_S_PIT_01_ASEReadCounter.table","NW_015090842.1:10243529",30,44,14
"LOC106888173","s1693_S_PIT_01_ASEReadCounter.table","NW_015090842.1:10243566",49,68,19
"LOC106888173","s1693_S_PIT_01_ASEReadCounter.table","NW_015090842.1:10243605",54,74,20
"LOC106888173","s1693_S_PIT_01_ASEReadCounter.table","NW_015090842.1:10243614",57,77,20
"LOC106888173","s1693_S_PIT_01_ASEReadCounter.table","NW_015090842.1:10243615",57,77,20
"LOC106888173","s1693_S_PIT_01_ASEReadCounter.table","NW_015090842.1:10243640",43,62,19
"LOC106888173","s1693_S_PIT_01_ASEReadCounter.table","NW_015090842.1:10243680",47,62,15
"LOC106888173","s1693_S_PIT_01_ASEReadCounter.table","NW_015090842.1:10243742",63,80,17
"LOC106888173","s1693_S_PIT_01_ASEReadCounter.table","NW_015090842.1:10243804",44,57,13
"LOC106888173","s1693_S_PIT_01_ASEReadCounter.table","NW_015090842.1:10243913",21,29,8
"LOC106888173","s1693_S_PIT_01_ASEReadCounter.table","NW_015090842.1:10243921",20,26,6
"LOC106888384","s1693_S_PIT_01_ASEReadCounter.table","NW_015090842.1:10244714",3,7,4
"LOC106888384","s1693_S_PIT_01_ASEReadCounter.table","NW_015090842.1:10244998",3,13,10
"LOC106888384","s1693_S_PIT_01_ASEReadCounter.table","NW_015090842.1:10250743",10,24,14
"LOC106888384","s1693_S_PIT_01_ASEReadCounter.table","NW_015090842.1:10250771",9,25,16
"LOC106888384","s1693_S_PIT_01_ASEReadCounter.table","NW_015090842.1:10251343",10,10,0
"LOC106888384","s1693_S_PIT_01_ASEReadCounter.table","NW_015090842.1:10251344",9,9,0
"LOC106888384","s1693_S_PIT_01_ASEReadCounter.table","NW_015090842.1:10251349",9,9,0
"LOC106888384","s1693_S_PIT_01_ASEReadCounter.table","NW_015090842.1:10251354",9,16,7
"LOC106888384","s1693_S_PIT_01_ASEReadCounter.table","NW_015090842.1:10251358",9,17,8
"LOC106888384","s1693_S_PIT_01_ASEReadCounter.table","NW_015090842.1:10251369",4,15,11
"LOC106888384","s1693_S_PIT_01_ASEReadCounter.table","NW_015090842.1:10251370",8,16,8
"LOC106888384","s1693_S_PIT_01_ASEReadCounter.table","NW_015090842.1:10251375",5,12,7
"LOC106888384","s1693_S_PIT_01_ASEReadCounter.table","NW_015090842.1:10251388",1,8,7
"LOC106888384","s1693_S_PIT_01_ASEReadCounter.table","NW_015090842.1:10251390",1,8,7
"LOC106888384","s1693_S_PIT_01_ASEReadCounter.table","NW_015090842.1:10251393",0,4,4
"LOC106888384","s1693_S_PIT_01_ASEReadCounter.table","NW_015090842.1:10251399",2,7,5
"LOC106888384","s1693_S_PIT_01_ASEReadCounter.table","NW_015090842.1:10251492",5,5,0
"LOC106888384","s1693_S_PIT_01_ASEReadCounter.table","NW_015090842.1:10253165",7,19,12
"LOC106888384","s1693_S_PIT_01_ASEReadCounter.table","NW_015090842.1:10253284",9,28,19
"LOC106888384","s1693_S_PIT_01_ASEReadCounter.table","NW_015090842.1:10253605",28,28,0
"LOC106888384","s1693_S_PIT_01_ASEReadCounter.table","NW_015090842.1:10254028",6,21,15
"LOC106888384","s1693_S_PIT_01_ASEReadCounter.table","NW_015090842.1:10254227",5,15,10
"LOC106888384","s1693_S_PIT_01_ASEReadCounter.table","NW_015090842.1:10254233",5,16,11
"LOC106888384","s1693_S_PIT_01_ASEReadCounter.table","NW_015090842.1:10254263",7,18,11
"LOC106888384","s1693_S_PIT_01_ASEReadCounter.table","NW_015090842.1:10254293",6,18,12
"LOC106888384","s1693_S_PIT_01_ASEReadCounter.table","NW_015090842.1:10254570",9,24,15
"LOC106888384","s1693_S_PIT_01_ASEReadCounter.table","NW_015090842.1:10254647",6,15,9
"LOC106888384","s1693_S_PIT_01_ASEReadCounter.table","NW_015090842.1:10254663",4,13,9
"LOC106888384","s1693_S_PIT_01_ASEReadCounter.table","NW_015090842.1:10254840",2,6,4
"LOC106888384","s1693_S_PIT_01_ASEReadCounter.table","NW_015090842.1:10254854",10,10,0
"LOC106888384","s1693_S_PIT_01_ASEReadCounter.table","NW_015090842.1:10254891",15,15,0
"LOC106888384","s1693_S_PIT_01_ASEReadCounter.table","NW_015090842.1:10254900",4,16,12
"LOC106888384","s1693_S_PIT_01_ASEReadCounter.table","NW_015090842.1:10254915",4,18,14
"LOC106888384","s1693_S_PIT_01_ASEReadCounter.table","NW_015090842.1:10254965",8,8,0
"LOC106888384","s1693_S_PIT_01_ASEReadCounter.table","NW_015090842.1:10254975",1,12,11
"LOC106888384","s1693_S_PIT_01_ASEReadCounter.table","NW_015090842.1:10255077",6,15,9
"LOC106888384","s1693_S_PIT_01_ASEReadCounter.table","NW_015090842.1:10255117",5,21,16
"LOC106888384","s1693_S_PIT_01_ASEReadCounter.table","NW_015090842.1:10255138",7,22,15
"LOC106888384","s1693_S_PIT_01_ASEReadCounter.table","NW_015090842.1:10255139",7,22,15
"LOC106888384","s1693_S_PIT_01_ASEReadCounter.table","NW_015090842.1:10255209",4,23,19
"LOC106888384","s1693_S_PIT_01_ASEReadCounter.table","NW_015090842.1:10255211",6,25,19
"LOC106888384","s1693_S_PIT_01_ASEReadCounter.table","NW_015090842.1:10255236",5,21,16
"LOC106888384","s1693_S_PIT_01_ASEReadCounter.table","NW_015090842.1:10255262",3,18,15
"LOC106888384","s1693_S_PIT_01_ASEReadCounter.table","NW_015090842.1:10255264",3,19,16
"LOC106888384","s1693_S_PIT_01_ASEReadCounter.table","NW_015090842.1:10255306",5,20,15
"LOC106888384","s1693_S_PIT_01_ASEReadCounter.table","NW_015090842.1:10255340",10,32,22
"LOC106888384","s1693_S_PIT_01_ASEReadCounter.table","NW_015090842.1:10255410",7,28,21
"LOC106888384","s1693_S_PIT_01_ASEReadCounter.table","NW_015090842.1:10255449",5,20,15
"LOC106888384","s1693_S_PIT_01_ASEReadCounter.table","NW_015090842.1:10255496",12,26,14
"LOC106888384","s1693_S_PIT_01_ASEReadCounter.table","NW_015090842.1:10255505",12,25,13
"LOC106888384","s1693_S_PIT_01_ASEReadCounter.table","NW_015090842.1:10255531",12,28,16
"LOC106888384","s1693_S_PIT_01_ASEReadCounter.table","NW_015090842.1:10255608",9,21,12
"LOC106888384","s1693_S_PIT_01_ASEReadCounter.table","NW_015090842.1:10255614",8,18,10
"LOC106888384","s1693_S_PIT_01_ASEReadCounter.table","NW_015090842.1:10255704",7,13,6
"LOC106888384","s1693_S_PIT_01_ASEReadCounter.table","NW_015090842.1:10255731",6,10,4
"LOC106888384","s1693_S_PIT_01_ASEReadCounter.table","NW_015090842.1:10255771",4,6,2
"TANGO6","s1693_S_PIT_01_ASEReadCounter.table","NW_015090842.1:10257782",9,16,7
"TANGO6","s1693_S_PIT_01_ASEReadCounter.table","NW_015090842.1:10258162",10,18,8
"TANGO6","s1693_S_PIT_01_ASEReadCounter.table","NW_015090842.1:10258185",11,19,8
"TANGO6","s1693_S_PIT_01_ASEReadCounter.table","NW_015090842.1:10259267",10,16,6
"TANGO6","s1693_S_PIT_01_ASEReadCounter.table","NW_015090842.1:10260250",28,45,17
"TANGO6","s1693_S_PIT_01_ASEReadCounter.table","NW_015090842.1:10260979",9,22,13
"TANGO6","s1693_S_PIT_01_ASEReadCounter.table","NW_015090842.1:10261599",21,36,15
"TANGO6","s1693_S_PIT_01_ASEReadCounter.table","NW_015090842.1:10268425",23,40,17
"TANGO6","s1693_S_PIT_01_ASEReadCounter.table","NW_015090842.1:10269831",21,39,18
"TANGO6","s1693_S_PIT_01_ASEReadCounter.table","NW_015090842.1:10270813",22,36,14
"TANGO6","s1693_S_PIT_01_ASEReadCounter.table","NW_015090842.1:10273952",16,26,10
"TANGO6","s1693_S_PIT_01_ASEReadCounter.table","NW_015090842.1:10273970",17,29,12
"TANGO6","s1693_S_PIT_01_ASEReadCounter.table","NW_015090842.1:10274018",14,27,13
"TANGO6","s1693_S_PIT_01_ASEReadCounter.table","NW_015090842.1:10275974",22,33,11
"TANGO6","s1693_S_PIT_01_ASEReadCounter.table","NW_015090842.1:10275976",22,32,10
"TANGO6","s1693_S_PIT_01_ASEReadCounter.table","NW_015090842.1:10276123",11,17,6
"TANGO6","s1693_S_PIT_01_ASEReadCounter.table","NW_015090842.1:10276271",11,21,10
"TANGO6","s1693_S_PIT_01_ASEReadCounter.table","NW_015090842.1:10276272",13,23,10
"TANGO6","s1693_S_PIT_01_ASEReadCounter.table","NW_015090842.1:10276275",14,24,10
"TANGO6","s1693_S_PIT_01_ASEReadCounter.table","NW_015090842.1:10276278",13,23,10
"TANGO6","s1693_S_PIT_01_ASEReadCounter.table","NW_015090842.1:10276368",8,9,1
"TANGO6","s1693_S_PIT_01_ASEReadCounter.table","NW_015090842.1:10276373",8,9,1
"TANGO6","s1693_S_PIT_01_ASEReadCounter.table","NW_015090842.1:10276630",12,18,6
"TANGO6","s1693_S_PIT_01_ASEReadCounter.table","NW_015090842.1:10281498",9,16,7
"TANGO6","s1693_S_PIT_01_ASEReadCounter.table","NW_015090842.1:10282842",17,26,9
"TANGO6","s1693_S_PIT_01_ASEReadCounter.table","NW_015090842.1:10282863",12,21,9
"TANGO6","s1693_S_PIT_01_ASEReadCounter.table","NW_015090842.1:10282869",12,22,10
"TANGO6","s1693_S_PIT_01_ASEReadCounter.table","NW_015090842.1:10282903",6,14,8
"TANGO6","s1693_S_PIT_01_ASEReadCounter.table","NW_015090842.1:10283757",14,18,4
"TANGO6","s1693_S_PIT_01_ASEReadCounter.table","NW_015090842.1:10283785",12,18,6
"HAS3","s1693_S_PIT_01_ASEReadCounter.table","NW_015090842.1:10289708",0,1,1
"HAS3","s1693_S_PIT_01_ASEReadCounter.table","NW_015090842.1:10290927",2,2,0
"HAS3","s1693_S_PIT_01_ASEReadCounter.table","NW_015090842.1:10291004",3,3,0
"CHTF8","s1693_S_PIT_01_ASEReadCounter.table","NW_015090842.1:10291319",0,2,2
"CHTF8","s1693_S_PIT_01_ASEReadCounter.table","NW_015090842.1:10291342",2,4,2
"CHTF8","s1693_S_PIT_01_ASEReadCounter.table","NW_015090842.1:10291491",22,29,7
"CHTF8","s1693_S_PIT_01_ASEReadCounter.table","NW_015090842.1:10291520",24,31,7
"CHTF8","s1693_S_PIT_01_ASEReadCounter.table","NW_015090842.1:10291593",16,22,6
"CHTF8","s1693_S_PIT_01_ASEReadCounter.table","NW_015090842.1:10291600",14,20,6
"CHTF8","s1693_S_PIT_01_ASEReadCounter.table","NW_015090842.1:10291609",17,23,6
"CHTF8","s1693_S_PIT_01_ASEReadCounter.table","NW_015090842.1:10291639",21,29,8
"CHTF8","s1693_S_PIT_01_ASEReadCounter.table","NW_015090842.1:10291641",20,27,7
"CHTF8","s1693_S_PIT_01_ASEReadCounter.table","NW_015090842.1:10291648",22,29,7
"CHTF8","s1693_S_PIT_01_ASEReadCounter.table","NW_015090842.1:10291656",22,31,9
"CHTF8","s1693_S_PIT_01_ASEReadCounter.table","NW_015090842.1:10291675",24,34,10
"CHTF8","s1693_S_PIT_01_ASEReadCounter.table","NW_015090842.1:10291696",25,37,12
"CHTF8","s1693_S_PIT_01_ASEReadCounter.table","NW_015090842.1:10291714",21,34,13
"CHTF8","s1693_S_PIT_01_ASEReadCounter.table","NW_015090842.1:10291732",29,43,14
"CHTF8","s1693_S_PIT_01_ASEReadCounter.table","NW_015090842.1:10291755",23,36,13
"CHTF8","s1693_S_PIT_01_ASEReadCounter.table","NW_015090842.1:10291756",23,35,12
"CHTF8","s1693_S_PIT_01_ASEReadCounter.table","NW_015090842.1:10291758",23,35,12
"CHTF8","s1693_S_PIT_01_ASEReadCounter.table","NW_015090842.1:10291792",22,34,12
"CHTF8","s1693_S_PIT_01_ASEReadCounter.table","NW_015090842.1:10291895",22,35,13
"CHTF8","s1693_S_PIT_01_ASEReadCounter.table","NW_015090842.1:10292132",21,31,10
"CHTF8","s1693_S_PIT_01_ASEReadCounter.table","NW_015090842.1:10292314",20,41,21
"CHTF8","s1693_S_PIT_01_ASEReadCounter.table","NW_015090842.1:10292317",21,42,21
"CHTF8","s1693_S_PIT_01_ASEReadCounter.table","NW_015090842.1:10292928",7,10,3
"UTP4","s1693_S_PIT_01_ASEReadCounter.table","NW_015090842.1:10293146",33,70,37
"UTP4","s1693_S_PIT_01_ASEReadCounter.table","NW_015090842.1:10293151",33,69,36
"UTP4","s1693_S_PIT_01_ASEReadCounter.table","NW_015090842.1:10293191",18,43,25
"UTP4","s1693_S_PIT_01_ASEReadCounter.table","NW_015090842.1:10293362",25,54,29
"UTP4","s1693_S_PIT_01_ASEReadCounter.table","NW_015090842.1:10293430",25,70,45
"UTP4","s1693_S_PIT_01_ASEReadCounter.table","NW_015090842.1:10293625",19,40,21
"UTP4","s1693_S_PIT_01_ASEReadCounter.table","NW_015090842.1:10293684",23,43,20
"UTP4","s1693_S_PIT_01_ASEReadCounter.table","NW_015090842.1:10294093",26,57,31
"UTP4","s1693_S_PIT_01_ASEReadCounter.table","NW_015090842.1:10294568",29,61,32
"UTP4","s1693_S_PIT_01_ASEReadCounter.table","NW_015090842.1:10294622",30,49,19
"UTP4","s1693_S_PIT_01_ASEReadCounter.table","NW_015090842.1:10294632",28,45,17
"UTP4","s1693_S_PIT_01_ASEReadCounter.table","NW_015090842.1:10295238",17,31,14
"UTP4","s1693_S_PIT_01_ASEReadCounter.table","NW_015090842.1:10295880",30,52,22
"UTP4","s1693_S_PIT_01_ASEReadCounter.table","NW_015090842.1:10295884",30,50,20
"UTP4","s1693_S_PIT_01_ASEReadCounter.table","NW_015090842.1:10295903",30,47,17
"UTP4","s1693_S_PIT_01_ASEReadCounter.table","NW_015090842.1:10295906",32,51,19
"UTP4","s1693_S_PIT_01_ASEReadCounter.table","NW_015090842.1:10295915",34,52,18
"UTP4","s1693_S_PIT_01_ASEReadCounter.table","NW_015090842.1:10295938",33,51,18
"UTP4","s1693_S_PIT_01_ASEReadCounter.table","NW_015090842.1:10296175",28,52,24
"UTP4","s1693_S_PIT_01_ASEReadCounter.table","NW_015090842.1:10296660",26,45,19
"UTP4","s1693_S_PIT_01_ASEReadCounter.table","NW_015090842.1:10296679",30,44,14
"UTP4","s1693_S_PIT_01_ASEReadCounter.table","NW_015090842.1:10297193",26,54,28
"UTP4","s1693_S_PIT_01_ASEReadCounter.table","NW_015090842.1:10297220",25,49,24
"UTP4","s1693_S_PIT_01_ASEReadCounter.table","NW_015090842.1:10297307",30,53,23
"UTP4","s1693_S_PIT_01_ASEReadCounter.table","NW_015090842.1:10297558",36,58,22
"UTP4","s1693_S_PIT_01_ASEReadCounter.table","NW_015090842.1:10297943",15,39,24
"UTP4","s1693_S_PIT_01_ASEReadCounter.table","NW_015090842.1:10297979",14,33,19
"UTP4","s1693_S_PIT_01_ASEReadCounter.table","NW_015090842.1:10298022",16,28,12
"UTP4","s1693_S_PIT_01_ASEReadCounter.table","NW_015090842.1:10298079",3,7,4
"UTP4","s1693_S_PIT_01_ASEReadCounter.table","NW_015090842.1:10298081",3,7,4
"UTP4","s1693_S_PIT_01_ASEReadCounter.table","NW_015090842.1:10298082",2,6,4
"SNTB2","s1693_S_PIT_01_ASEReadCounter.table","NW_015090842.1:10298905",2,2,0
"SNTB2","s1693_S_PIT_01_ASEReadCounter.table","NW_015090842.1:10298928",2,4,2
"SNTB2","s1693_S_PIT_01_ASEReadCounter.table","NW_015090842.1:10303506",17,36,19
"SNTB2","s1693_S_PIT_01_ASEReadCounter.table","NW_015090842.1:10303524",20,39,19
"SNTB2","s1693_S_PIT_01_ASEReadCounter.table","NW_015090842.1:10304059",7,22,15
"SNTB2","s1693_S_PIT_01_ASEReadCounter.table","NW_015090842.1:10304089",10,22,12
"SNTB2","s1693_S_PIT_01_ASEReadCounter.table","NW_015090842.1:10304167",13,29,16
"SNTB2","s1693_S_PIT_01_ASEReadCounter.table","NW_015090842.1:10304176",14,29,15
"SNTB2","s1693_S_PIT_01_ASEReadCounter.table","NW_015090842.1:10305069",20,36,16
"SNTB2","s1693_S_PIT_01_ASEReadCounter.table","NW_015090842.1:10305099",20,33,13
"SNTB2","s1693_S_PIT_01_ASEReadCounter.table","NW_015090842.1:10305451",11,30,19
"SNTB2","s1693_S_PIT_01_ASEReadCounter.table","NW_015090842.1:10305547",19,31,12
"SNTB2","s1693_S_PIT_01_ASEReadCounter.table","NW_015090842.1:10305847",12,30,18
"SNTB2","s1693_S_PIT_01_ASEReadCounter.table","NW_015090842.1:10305911",14,36,22
"SNTB2","s1693_S_PIT_01_ASEReadCounter.table","NW_015090842.1:10306173",18,34,16
"SNTB2","s1693_S_PIT_01_ASEReadCounter.table","NW_015090842.1:10306275",9,17,8
"SNTB2","s1693_S_PIT_01_ASEReadCounter.table","NW_015090842.1:10306457",15,30,15
"SNTB2","s1693_S_PIT_01_ASEReadCounter.table","NW_015090842.1:10306496",11,28,17
"SNTB2","s1693_S_PIT_01_ASEReadCounter.table","NW_015090842.1:10306499",11,26,15
"VPS4A","s1693_S_PIT_01_ASEReadCounter.table","NW_015090842.1:10308566",82,183,101
"VPS4A","s1693_S_PIT_01_ASEReadCounter.table","NW_015090842.1:10308573",82,190,108
"VPS4A","s1693_S_PIT_01_ASEReadCounter.table","NW_015090842.1:10308856",115,283,168
"VPS4A","s1693_S_PIT_01_ASEReadCounter.table","NW_015090842.1:10309056",129,317,188
"VPS4A","s1693_S_PIT_01_ASEReadCounter.table","NW_015090842.1:10309089",157,370,213
"VPS4A","s1693_S_PIT_01_ASEReadCounter.table","NW_015090842.1:10309392",154,348,194
"VPS4A","s1693_S_PIT_01_ASEReadCounter.table","NW_015090842.1:10309413",173,364,191
"VPS4A","s1693_S_PIT_01_ASEReadCounter.table","NW_015090842.1:10309467",164,379,215
"VPS4A","s1693_S_PIT_01_ASEReadCounter.table","NW_015090842.1:10310230",155,363,208
"VPS4A","s1693_S_PIT_01_ASEReadCounter.table","NW_015090842.1:10310425",141,327,186
"VPS4A","s1693_S_PIT_01_ASEReadCounter.table","NW_015090842.1:10310639",145,331,186
"VPS4A","s1693_S_PIT_01_ASEReadCounter.table","NW_015090842.1:10310640",330,330,0
"VPS4A","s1693_S_PIT_01_ASEReadCounter.table","NW_015090842.1:10310687",163,349,186
"VPS4A","s1693_S_PIT_01_ASEReadCounter.table","NW_015090842.1:10310734",133,291,158
"VPS4A","s1693_S_PIT_01_ASEReadCounter.table","NW_015090842.1:10310737",132,290,158
"VPS4A","s1693_S_PIT_01_ASEReadCounter.table","NW_015090842.1:10310746",145,304,159
"VPS4A","s1693_S_PIT_01_ASEReadCounter.table","NW_015090842.1:10310767",153,311,158
"VPS4A","s1693_S_PIT_01_ASEReadCounter.table","NW_015090842.1:10310995",126,286,160
"VPS4A","s1693_S_PIT_01_ASEReadCounter.table","NW_015090842.1:10311004",127,283,156
"VPS4A","s1693_S_PIT_01_ASEReadCounter.table","NW_015090842.1:10311007",126,287,161
"VPS4A","s1693_S_PIT_01_ASEReadCounter.table","NW_015090842.1:10311013",137,291,154
"VPS4A","s1693_S_PIT_01_ASEReadCounter.table","NW_015090842.1:10311022",118,265,147
"VPS4A","s1693_S_PIT_01_ASEReadCounter.table","NW_015090842.1:10311023",119,265,146
"VPS4A","s1693_S_PIT_01_ASEReadCounter.table","NW_015090842.1:10311426",139,300,161
"VPS4A","s1693_S_PIT_01_ASEReadCounter.table","NW_015090842.1:10311489",2,7,5
"VPS4A","s1693_S_PIT_01_ASEReadCounter.table","NW_015090842.1:10311490",2,6,4
"VPS4A","s1693_S_PIT_01_ASEReadCounter.table","NW_015090842.1:10311525",2,10,8
"VPS4A","s1693_S_PIT_01_ASEReadCounter.table","NW_015090842.1:10311529",2,12,10
"VPS4A","s1693_S_PIT_01_ASEReadCounter.table","NW_015090842.1:10311530",2,13,11
"VPS4A","s1693_S_PIT_01_ASEReadCounter.table","NW_015090842.1:10311552",11,27,16
"VPS4A","s1693_S_PIT_01_ASEReadCounter.table","NW_015090842.1:10311689",17,30,13
"VPS4A","s1693_S_PIT_01_ASEReadCounter.table","NW_015090842.1:10311700",24,38,14
"VPS4A","s1693_S_PIT_01_ASEReadCounter.table","NW_015090842.1:10311701",24,39,15
"VPS4A","s1693_S_PIT_01_ASEReadCounter.table","NW_015090842.1:10311703",24,39,15
"COG8","s1693_S_PIT_01_ASEReadCounter.table","NW_015090842.1:10313487",27,61,34
"COG8","s1693_S_PIT_01_ASEReadCounter.table","NW_015090842.1:10313559",39,76,37
"COG8","s1693_S_PIT_01_ASEReadCounter.table","NW_015090842.1:10313579",29,67,38
"COG8","s1693_S_PIT_01_ASEReadCounter.table","NW_015090842.1:10313665",28,59,31
"COG8","s1693_S_PIT_01_ASEReadCounter.table","NW_015090842.1:10313681",27,61,34
"COG8","s1693_S_PIT_01_ASEReadCounter.table","NW_015090842.1:10313768",40,88,48
"COG8","s1693_S_PIT_01_ASEReadCounter.table","NW_015090842.1:10313775",43,88,45
"COG8","s1693_S_PIT_01_ASEReadCounter.table","NW_015090842.1:10313811",36,77,41
"COG8","s1693_S_PIT_01_ASEReadCounter.table","NW_015090842.1:10313858",27,65,38
"COG8","s1693_S_PIT_01_ASEReadCounter.table","NW_015090842.1:10313859",66,66,0
"COG8","s1693_S_PIT_01_ASEReadCounter.table","NW_015090842.1:10314100",47,87,40
"COG8","s1693_S_PIT_01_ASEReadCounter.table","NW_015090842.1:10314213",39,73,34
"COG8","s1693_S_PIT_01_ASEReadCounter.table","NW_015090842.1:10315093",34,56,22
"COG8","s1693_S_PIT_01_ASEReadCounter.table","NW_015090842.1:10315162",42,73,31
"COG8","s1693_S_PIT_01_ASEReadCounter.table","NW_015090842.1:10315285",53,91,38
"COG8","s1693_S_PIT_01_ASEReadCounter.table","NW_015090842.1:10315360",39,78,39
"COG8","s1693_S_PIT_01_ASEReadCounter.table","NW_015090842.1:10315369",43,83,40
"COG8","s1693_S_PIT_01_ASEReadCounter.table","NW_015090842.1:10315508",21,44,23
"COG8","s1693_S_PIT_01_ASEReadCounter.table","NW_015090842.1:10315624",40,82,42
"COG8","s1693_S_PIT_01_ASEReadCounter.table","NW_015090842.1:10315693",25,65,40
"COG8","s1693_S_PIT_01_ASEReadCounter.table","NW_015090842.1:10315698",24,66,42
"COG8","s1693_S_PIT_01_ASEReadCounter.table","NW_015090842.1:10315768",28,62,34
"COG8","s1693_S_PIT_01_ASEReadCounter.table","NW_015090842.1:10315769",29,60,31
"COG8","s1693_S_PIT_01_ASEReadCounter.table","NW_015090842.1:10315784",33,66,33
"COG8","s1693_S_PIT_01_ASEReadCounter.table","NW_015090842.1:10316093",35,65,30
"COG8","s1693_S_PIT_01_ASEReadCounter.table","NW_015090842.1:10316133",30,62,32
"NIP7","s1693_S_PIT_01_ASEReadCounter.table","NW_015090842.1:10316759",12,28,16
"NIP7","s1693_S_PIT_01_ASEReadCounter.table","NW_015090842.1:10316967",72,158,86
"NIP7","s1693_S_PIT_01_ASEReadCounter.table","NW_015090842.1:10316995",83,168,85
"NIP7","s1693_S_PIT_01_ASEReadCounter.table","NW_015090842.1:10317240",129,239,110
"NIP7","s1693_S_PIT_01_ASEReadCounter.table","NW_015090842.1:10317247",127,227,100
"NIP7","s1693_S_PIT_01_ASEReadCounter.table","NW_015090842.1:10317264",119,218,99
"NIP7","s1693_S_PIT_01_ASEReadCounter.table","NW_015090842.1:10317433",98,207,109
"NIP7","s1693_S_PIT_01_ASEReadCounter.table","NW_015090842.1:10317738",84,176,92
"NIP7","s1693_S_PIT_01_ASEReadCounter.table","NW_015090842.1:10317769",90,170,80
"NIP7","s1693_S_PIT_01_ASEReadCounter.table","NW_015090842.1:10317808",44,99,55
"NIP7","s1693_S_PIT_01_ASEReadCounter.table","NW_015090842.1:10317870",35,81,46
"NIP7","s1693_S_PIT_01_ASEReadCounter.table","NW_015090842.1:10317871",35,79,44
"NIP7","s1693_S_PIT_01_ASEReadCounter.table","NW_015090842.1:10317898",24,58,34
"NIP7","s1693_S_PIT_01_ASEReadCounter.table","NW_015090842.1:10317911",22,47,25
"TMED6","s1693_S_PIT_01_ASEReadCounter.table","NW_015090842.1:10318514",2,3,1
"TMED6","s1693_S_PIT_01_ASEReadCounter.table","NW_015090842.1:10318731",3,4,1
"TERF2","s1693_S_PIT_01_ASEReadCounter.table","NW_015090842.1:10321768",19,48,29
"TERF2","s1693_S_PIT_01_ASEReadCounter.table","NW_015090842.1:10321777",16,45,29
"TERF2","s1693_S_PIT_01_ASEReadCounter.table","NW_015090842.1:10321805",20,56,36
"TERF2","s1693_S_PIT_01_ASEReadCounter.table","NW_015090842.1:10321878",40,79,39
"TERF2","s1693_S_PIT_01_ASEReadCounter.table","NW_015090842.1:10321893",37,74,37
"TERF2","s1693_S_PIT_01_ASEReadCounter.table","NW_015090842.1:10321897",34,70,36
"TERF2","s1693_S_PIT_01_ASEReadCounter.table","NW_015090842.1:10321908",34,66,32
"TERF2","s1693_S_PIT_01_ASEReadCounter.table","NW_015090842.1:10322001",40,91,51
"TERF2","s1693_S_PIT_01_ASEReadCounter.table","NW_015090842.1:10322035",33,74,41
"TERF2","s1693_S_PIT_01_ASEReadCounter.table","NW_015090842.1:10322051",30,71,41
"TERF2","s1693_S_PIT_01_ASEReadCounter.table","NW_015090842.1:10322137",25,67,42
"TERF2","s1693_S_PIT_01_ASEReadCounter.table","NW_015090842.1:10322144",25,68,43
"TERF2","s1693_S_PIT_01_ASEReadCounter.table","NW_015090842.1:10322388",25,88,63
"TERF2","s1693_S_PIT_01_ASEReadCounter.table","NW_015090842.1:10322396",27,84,57
"TERF2","s1693_S_PIT_01_ASEReadCounter.table","NW_015090842.1:10322502",41,103,62
"TERF2","s1693_S_PIT_01_ASEReadCounter.table","NW_015090842.1:10322504",44,109,65
"TERF2","s1693_S_PIT_01_ASEReadCounter.table","NW_015090842.1:10322510",44,104,60
"TERF2","s1693_S_PIT_01_ASEReadCounter.table","NW_015090842.1:10323580",55,108,53
"TERF2","s1693_S_PIT_01_ASEReadCounter.table","NW_015090842.1:10324314",54,109,55
"TERF2","s1693_S_PIT_01_ASEReadCounter.table","NW_015090842.1:10326832",53,101,48
"TERF2","s1693_S_PIT_01_ASEReadCounter.table","NW_015090842.1:10327787",42,84,42
"TERF2","s1693_S_PIT_01_ASEReadCounter.table","NW_015090842.1:10328588",55,104,49
"TERF2","s1693_S_PIT_01_ASEReadCounter.table","NW_015090842.1:10328644",32,77,45
"TERF2","s1693_S_PIT_01_ASEReadCounter.table","NW_015090842.1:10329813",31,71,40
"TERF2","s1693_S_PIT_01_ASEReadCounter.table","NW_015090842.1:10330749",38,80,42
"TERF2","s1693_S_PIT_01_ASEReadCounter.table","NW_015090842.1:10330789",40,83,43
"CYB5B","s1693_S_PIT_01_ASEReadCounter.table","NW_015090842.1:10336595",11,20,9
"CYB5B","s1693_S_PIT_01_ASEReadCounter.table","NW_015090842.1:10336667",95,181,86
"CYB5B","s1693_S_PIT_01_ASEReadCounter.table","NW_015090842.1:10336689",142,276,134
"CYB5B","s1693_S_PIT_01_ASEReadCounter.table","NW_015090842.1:10336728",198,407,209
"CYB5B","s1693_S_PIT_01_ASEReadCounter.table","NW_015090842.1:10345068",179,410,231
"CYB5B","s1693_S_PIT_01_ASEReadCounter.table","NW_015090842.1:10348800",224,515,291
"CYB5B","s1693_S_PIT_01_ASEReadCounter.table","NW_015090842.1:10349046",163,368,205
"CYB5B","s1693_S_PIT_01_ASEReadCounter.table","NW_015090842.1:10349119",89,260,171
"CYB5B","s1693_S_PIT_01_ASEReadCounter.table","NW_015090842.1:10349146",46,214,168
"CYB5B","s1693_S_PIT_01_ASEReadCounter.table","NW_015090842.1:10349157",83,259,176
"CYB5B","s1693_S_PIT_01_ASEReadCounter.table","NW_015090842.1:10349263",231,231,0
