"gene","id","snp","ref_count","total_count","alt_count"
"CENPN","s1693_S_VTA_03_ASEReadCounter.table","NW_015090842.1:5801612",1,2,1
"CENPN","s1693_S_VTA_03_ASEReadCounter.table","NW_015090842.1:5801618",1,2,1
"CENPN","s1693_S_VTA_03_ASEReadCounter.table","NW_015090842.1:5801623",0,2,2
"CENPN","s1693_S_VTA_03_ASEReadCounter.table","NW_015090842.1:5801631",2,3,1
"CENPN","s1693_S_VTA_03_ASEReadCounter.table","NW_015090842.1:5801632",2,3,1
"CENPN","s1693_S_VTA_03_ASEReadCounter.table","NW_015090842.1:5801655",3,6,3
"CENPN","s1693_S_VTA_03_ASEReadCounter.table","NW_015090842.1:5801670",3,6,3
"CENPN","s1693_S_VTA_03_ASEReadCounter.table","NW_015090842.1:5801674",4,7,3
"CENPN","s1693_S_VTA_03_ASEReadCounter.table","NW_015090842.1:5801692",4,7,3
"CENPN","s1693_S_VTA_03_ASEReadCounter.table","NW_015090842.1:5802008",1,4,3
"CENPN","s1693_S_VTA_03_ASEReadCounter.table","NW_015090842.1:5802012",1,4,3
"CENPN","s1693_S_VTA_03_ASEReadCounter.table","NW_015090842.1:5802087",2,7,5
"CENPN","s1693_S_VTA_03_ASEReadCounter.table","NW_015090842.1:5810113",6,6,0
"CENPN","s1693_S_VTA_03_ASEReadCounter.table","NW_015090842.1:5810147",7,7,0
"CENPN","s1693_S_VTA_03_ASEReadCounter.table","NW_015090842.1:5810148",7,7,0
"ATMIN","s1693_S_VTA_03_ASEReadCounter.table","NW_015090842.1:5818789",2,3,1
"ATMIN","s1693_S_VTA_03_ASEReadCounter.table","NW_015090842.1:5819958",2,4,2
"ATMIN","s1693_S_VTA_03_ASEReadCounter.table","NW_015090842.1:5820004",6,11,5
"ATMIN","s1693_S_VTA_03_ASEReadCounter.table","NW_015090842.1:5820217",4,7,3
"ATMIN","s1693_S_VTA_03_ASEReadCounter.table","NW_015090842.1:5820250",4,5,1
"ATMIN","s1693_S_VTA_03_ASEReadCounter.table","NW_015090842.1:5820298",3,4,1
"ATMIN","s1693_S_VTA_03_ASEReadCounter.table","NW_015090842.1:5820417",1,2,1
"ATMIN","s1693_S_VTA_03_ASEReadCounter.table","NW_015090842.1:5820421",1,2,1
"ATMIN","s1693_S_VTA_03_ASEReadCounter.table","NW_015090842.1:5820448",1,2,1
"ATMIN","s1693_S_VTA_03_ASEReadCounter.table","NW_015090842.1:5820457",1,2,1
"ATMIN","s1693_S_VTA_03_ASEReadCounter.table","NW_015090842.1:5820510",1,2,1
"ATMIN","s1693_S_VTA_03_ASEReadCounter.table","NW_015090842.1:5820673",3,6,3
"ATMIN","s1693_S_VTA_03_ASEReadCounter.table","NW_015090842.1:5820754",1,3,2
"ATMIN","s1693_S_VTA_03_ASEReadCounter.table","NW_015090842.1:5820820",1,3,2
"ATMIN","s1693_S_VTA_03_ASEReadCounter.table","NW_015090842.1:5820865",2,5,3
"ATMIN","s1693_S_VTA_03_ASEReadCounter.table","NW_015090842.1:5820889",2,6,4
"ATMIN","s1693_S_VTA_03_ASEReadCounter.table","NW_015090842.1:5820891",2,5,3
"ATMIN","s1693_S_VTA_03_ASEReadCounter.table","NW_015090842.1:5820997",2,7,5
"ATMIN","s1693_S_VTA_03_ASEReadCounter.table","NW_015090842.1:5821063",5,9,4
"ATMIN","s1693_S_VTA_03_ASEReadCounter.table","NW_015090842.1:5821132",3,10,7
"ATMIN","s1693_S_VTA_03_ASEReadCounter.table","NW_015090842.1:5821645",9,14,5
"ATMIN","s1693_S_VTA_03_ASEReadCounter.table","NW_015090842.1:5825066",14,21,7
"ATMIN","s1693_S_VTA_03_ASEReadCounter.table","NW_015090842.1:5825106",9,23,14
"ATMIN","s1693_S_VTA_03_ASEReadCounter.table","NW_015090842.1:5825122",8,18,10
"ATMIN","s1693_S_VTA_03_ASEReadCounter.table","NW_015090842.1:5825178",7,20,13
"ATMIN","s1693_S_VTA_03_ASEReadCounter.table","NW_015090842.1:5825194",7,20,13
"ATMIN","s1693_S_VTA_03_ASEReadCounter.table","NW_015090842.1:5825195",7,20,13
"ATMIN","s1693_S_VTA_03_ASEReadCounter.table","NW_015090842.1:5825220",6,17,11
"ATMIN","s1693_S_VTA_03_ASEReadCounter.table","NW_015090842.1:5825240",12,21,9
"ATMIN","s1693_S_VTA_03_ASEReadCounter.table","NW_015090842.1:5825303",17,37,20
"ATMIN","s1693_S_VTA_03_ASEReadCounter.table","NW_015090842.1:5825304",18,39,21
"ATMIN","s1693_S_VTA_03_ASEReadCounter.table","NW_015090842.1:5825310",19,39,20
"ATMIN","s1693_S_VTA_03_ASEReadCounter.table","NW_015090842.1:5825406",17,34,17
"ATMIN","s1693_S_VTA_03_ASEReadCounter.table","NW_015090842.1:5825415",20,39,19
"ATMIN","s1693_S_VTA_03_ASEReadCounter.table","NW_015090842.1:5825438",16,32,16
"ATMIN","s1693_S_VTA_03_ASEReadCounter.table","NW_015090842.1:5825485",13,36,23
"ATMIN","s1693_S_VTA_03_ASEReadCounter.table","NW_015090842.1:5825524",18,43,25
"ATMIN","s1693_S_VTA_03_ASEReadCounter.table","NW_015090842.1:5825557",20,49,29
"ATMIN","s1693_S_VTA_03_ASEReadCounter.table","NW_015090842.1:5825571",22,54,32
"ATMIN","s1693_S_VTA_03_ASEReadCounter.table","NW_015090842.1:5825579",21,55,34
"ATMIN","s1693_S_VTA_03_ASEReadCounter.table","NW_015090842.1:5825590",21,50,29
"ATMIN","s1693_S_VTA_03_ASEReadCounter.table","NW_015090842.1:5825689",18,52,34
"ATMIN","s1693_S_VTA_03_ASEReadCounter.table","NW_015090842.1:5825703",21,57,36
"ATMIN","s1693_S_VTA_03_ASEReadCounter.table","NW_015090842.1:5825787",18,40,22
"ATMIN","s1693_S_VTA_03_ASEReadCounter.table","NW_015090842.1:5825833",15,41,26
"ATMIN","s1693_S_VTA_03_ASEReadCounter.table","NW_015090842.1:5825841",15,43,28
"ATMIN","s1693_S_VTA_03_ASEReadCounter.table","NW_015090842.1:5825895",19,48,29
"ATMIN","s1693_S_VTA_03_ASEReadCounter.table","NW_015090842.1:5825984",14,43,29
"ATMIN","s1693_S_VTA_03_ASEReadCounter.table","NW_015090842.1:5826162",29,51,22
"ATMIN","s1693_S_VTA_03_ASEReadCounter.table","NW_015090842.1:5826194",36,64,28
"ATMIN","s1693_S_VTA_03_ASEReadCounter.table","NW_015090842.1:5826235",38,70,32
"ATMIN","s1693_S_VTA_03_ASEReadCounter.table","NW_015090842.1:5826245",36,70,34
"ATMIN","s1693_S_VTA_03_ASEReadCounter.table","NW_015090842.1:5826335",15,30,15
"ATMIN","s1693_S_VTA_03_ASEReadCounter.table","NW_015090842.1:5826417",23,44,21
"ATMIN","s1693_S_VTA_03_ASEReadCounter.table","NW_015090842.1:5826431",23,61,38
"ATMIN","s1693_S_VTA_03_ASEReadCounter.table","NW_015090842.1:5826438",27,61,34
"ATMIN","s1693_S_VTA_03_ASEReadCounter.table","NW_015090842.1:5826463",30,75,45
"ATMIN","s1693_S_VTA_03_ASEReadCounter.table","NW_015090842.1:5826502",31,78,47
"ATMIN","s1693_S_VTA_03_ASEReadCounter.table","NW_015090842.1:5826511",32,85,53
"ATMIN","s1693_S_VTA_03_ASEReadCounter.table","NW_015090842.1:5826659",35,67,32
"ATMIN","s1693_S_VTA_03_ASEReadCounter.table","NW_015090842.1:5826701",38,85,47
"ATMIN","s1693_S_VTA_03_ASEReadCounter.table","NW_015090842.1:5826702",37,84,47
"ATMIN","s1693_S_VTA_03_ASEReadCounter.table","NW_015090842.1:5826732",37,90,53
"ATMIN","s1693_S_VTA_03_ASEReadCounter.table","NW_015090842.1:5826745",37,91,54
"ATMIN","s1693_S_VTA_03_ASEReadCounter.table","NW_015090842.1:5826835",52,97,45
"ATMIN","s1693_S_VTA_03_ASEReadCounter.table","NW_015090842.1:5826910",42,79,37
"ATMIN","s1693_S_VTA_03_ASEReadCounter.table","NW_015090842.1:5826942",22,69,47
"ATMIN","s1693_S_VTA_03_ASEReadCounter.table","NW_015090842.1:5827193",55,129,74
"ATMIN","s1693_S_VTA_03_ASEReadCounter.table","NW_015090842.1:5827196",53,127,74
"ATMIN","s1693_S_VTA_03_ASEReadCounter.table","NW_015090842.1:5827269",54,120,66
"ATMIN","s1693_S_VTA_03_ASEReadCounter.table","NW_015090842.1:5827315",38,90,52
"ATMIN","s1693_S_VTA_03_ASEReadCounter.table","NW_015090842.1:5827316",38,91,53
"ATMIN","s1693_S_VTA_03_ASEReadCounter.table","NW_015090842.1:5827333",42,91,49
"PPP1R3E","s1693_S_VTA_03_ASEReadCounter.table","NW_015090842.1:5837733",2,3,1
"PPP1R3E","s1693_S_VTA_03_ASEReadCounter.table","NW_015090842.1:5837947",4,5,1
"PKD1L2","s1693_S_VTA_03_ASEReadCounter.table","NW_015090842.1:5867597",1,2,1
"PKD1L2","s1693_S_VTA_03_ASEReadCounter.table","NW_015090842.1:5867600",1,2,1
"PKD1L2","s1693_S_VTA_03_ASEReadCounter.table","NW_015090842.1:5867660",2,2,0
"PKD1L2","s1693_S_VTA_03_ASEReadCounter.table","NW_015090842.1:5867675",2,2,0
"PKD1L2","s1693_S_VTA_03_ASEReadCounter.table","NW_015090842.1:5867788",1,2,1
"PKD1L2","s1693_S_VTA_03_ASEReadCounter.table","NW_015090842.1:5867843",2,2,0
"PKD1L2","s1693_S_VTA_03_ASEReadCounter.table","NW_015090842.1:5872948",0,1,1
"BCO1","s1693_S_VTA_03_ASEReadCounter.table","NW_015090842.1:5915610",2,2,0
"BCO1","s1693_S_VTA_03_ASEReadCounter.table","NW_015090842.1:5917836",0,1,1
"BCO1","s1693_S_VTA_03_ASEReadCounter.table","NW_015090842.1:5917912",5,6,1
"BCO1","s1693_S_VTA_03_ASEReadCounter.table","NW_015090842.1:5917941",7,9,2
"BCO1","s1693_S_VTA_03_ASEReadCounter.table","NW_015090842.1:5917971",5,9,4
"BCO1","s1693_S_VTA_03_ASEReadCounter.table","NW_015090842.1:5921679",7,13,6
"BCO1","s1693_S_VTA_03_ASEReadCounter.table","NW_015090842.1:5921726",5,11,6
"BCO1","s1693_S_VTA_03_ASEReadCounter.table","NW_015090842.1:5925669",8,10,2
"BCO1","s1693_S_VTA_03_ASEReadCounter.table","NW_015090842.1:5925753",7,12,5
"BCO1","s1693_S_VTA_03_ASEReadCounter.table","NW_015090842.1:5926937",4,7,3
"BCO1","s1693_S_VTA_03_ASEReadCounter.table","NW_015090842.1:5927921",7,7,0
"BCO1","s1693_S_VTA_03_ASEReadCounter.table","NW_015090842.1:5927948",7,7,0
"BCO1","s1693_S_VTA_03_ASEReadCounter.table","NW_015090842.1:5927968",5,6,1
"BCO1","s1693_S_VTA_03_ASEReadCounter.table","NW_015090842.1:5928052",4,5,1
"BCO1","s1693_S_VTA_03_ASEReadCounter.table","NW_015090842.1:5932726",11,15,4
"BCO1","s1693_S_VTA_03_ASEReadCounter.table","NW_015090842.1:5932801",13,14,1
"BCO1","s1693_S_VTA_03_ASEReadCounter.table","NW_015090842.1:5934558",15,18,3
"BCO1","s1693_S_VTA_03_ASEReadCounter.table","NW_015090842.1:5934575",16,19,3
"BCO1","s1693_S_VTA_03_ASEReadCounter.table","NW_015090842.1:5934608",16,22,6
"BCO1","s1693_S_VTA_03_ASEReadCounter.table","NW_015090842.1:5934647",19,25,6
"BCO1","s1693_S_VTA_03_ASEReadCounter.table","NW_015090842.1:5934725",13,17,4
"BCO1","s1693_S_VTA_03_ASEReadCounter.table","NW_015090842.1:5934726",14,18,4
"BCO1","s1693_S_VTA_03_ASEReadCounter.table","NW_015090842.1:5934733",16,22,6
"BCO1","s1693_S_VTA_03_ASEReadCounter.table","NW_015090842.1:5934821",10,15,5
"BCO1","s1693_S_VTA_03_ASEReadCounter.table","NW_015090842.1:5934826",8,12,4
"BCO1","s1693_S_VTA_03_ASEReadCounter.table","NW_015090842.1:5934844",8,10,2
"BCO1","s1693_S_VTA_03_ASEReadCounter.table","NW_015090842.1:5934958",14,19,5
"BCO1","s1693_S_VTA_03_ASEReadCounter.table","NW_015090842.1:5934976",16,22,6
"GAN","s1693_S_VTA_03_ASEReadCounter.table","NW_015090842.1:5953759",7,23,16
"GAN","s1693_S_VTA_03_ASEReadCounter.table","NW_015090842.1:5957502",12,29,17
"GAN","s1693_S_VTA_03_ASEReadCounter.table","NW_015090842.1:5957578",20,32,12
"GAN","s1693_S_VTA_03_ASEReadCounter.table","NW_015090842.1:5965028",25,47,22
"GAN","s1693_S_VTA_03_ASEReadCounter.table","NW_015090842.1:5966047",18,47,29
"GAN","s1693_S_VTA_03_ASEReadCounter.table","NW_015090842.1:5966126",17,49,32
"GAN","s1693_S_VTA_03_ASEReadCounter.table","NW_015090842.1:5966127",16,49,33
"GAN","s1693_S_VTA_03_ASEReadCounter.table","NW_015090842.1:5966162",32,69,37
"GAN","s1693_S_VTA_03_ASEReadCounter.table","NW_015090842.1:5966483",36,78,42
"CMIP","s1693_S_VTA_03_ASEReadCounter.table","NW_015090842.1:6109159",15,30,15
"CMIP","s1693_S_VTA_03_ASEReadCounter.table","NW_015090842.1:6109166",16,30,14
"CMIP","s1693_S_VTA_03_ASEReadCounter.table","NW_015090842.1:6114641",29,56,27
"CMIP","s1693_S_VTA_03_ASEReadCounter.table","NW_015090842.1:6114751",21,43,22
"CMIP","s1693_S_VTA_03_ASEReadCounter.table","NW_015090842.1:6114824",20,53,33
"CMIP","s1693_S_VTA_03_ASEReadCounter.table","NW_015090842.1:6128998",42,84,42
"CMIP","s1693_S_VTA_03_ASEReadCounter.table","NW_015090842.1:6130562",68,137,69
"CMIP","s1693_S_VTA_03_ASEReadCounter.table","NW_015090842.1:6132522",61,125,64
"CMIP","s1693_S_VTA_03_ASEReadCounter.table","NW_015090842.1:6134088",63,118,55
"CMIP","s1693_S_VTA_03_ASEReadCounter.table","NW_015090842.1:6138265",89,238,149
"CMIP","s1693_S_VTA_03_ASEReadCounter.table","NW_015090842.1:6138300",105,260,155
"CMIP","s1693_S_VTA_03_ASEReadCounter.table","NW_015090842.1:6138342",116,263,147
"CMIP","s1693_S_VTA_03_ASEReadCounter.table","NW_015090842.1:6138343",112,258,146
"CMIP","s1693_S_VTA_03_ASEReadCounter.table","NW_015090842.1:6138345",116,263,147
"CMIP","s1693_S_VTA_03_ASEReadCounter.table","NW_015090842.1:6138647",82,169,87
"CMIP","s1693_S_VTA_03_ASEReadCounter.table","NW_015090842.1:6138745",100,197,97
"CMIP","s1693_S_VTA_03_ASEReadCounter.table","NW_015090842.1:6138832",21,60,39
"CMIP","s1693_S_VTA_03_ASEReadCounter.table","NW_015090842.1:6138967",77,166,89
"CMIP","s1693_S_VTA_03_ASEReadCounter.table","NW_015090842.1:6139131",54,114,60
"CMIP","s1693_S_VTA_03_ASEReadCounter.table","NW_015090842.1:6139163",19,77,58
"CMIP","s1693_S_VTA_03_ASEReadCounter.table","NW_015090842.1:6139360",47,72,25
"CMIP","s1693_S_VTA_03_ASEReadCounter.table","NW_015090842.1:6139572",19,41,22
"CMIP","s1693_S_VTA_03_ASEReadCounter.table","NW_015090842.1:6139773",90,90,0
"PLCG2","s1693_S_VTA_03_ASEReadCounter.table","NW_015090842.1:6179613",5,7,2
"PLCG2","s1693_S_VTA_03_ASEReadCounter.table","NW_015090842.1:6179658",10,13,3
"PLCG2","s1693_S_VTA_03_ASEReadCounter.table","NW_015090842.1:6203766",3,8,5
"PLCG2","s1693_S_VTA_03_ASEReadCounter.table","NW_015090842.1:6203775",3,10,7
"PLCG2","s1693_S_VTA_03_ASEReadCounter.table","NW_015090842.1:6203787",3,11,8
"PLCG2","s1693_S_VTA_03_ASEReadCounter.table","NW_015090842.1:6205047",2,9,7
"PLCG2","s1693_S_VTA_03_ASEReadCounter.table","NW_015090842.1:6208541",1,2,1
"PLCG2","s1693_S_VTA_03_ASEReadCounter.table","NW_015090842.1:6209741",4,7,3
"PLCG2","s1693_S_VTA_03_ASEReadCounter.table","NW_015090842.1:6209798",4,5,1
"PLCG2","s1693_S_VTA_03_ASEReadCounter.table","NW_015090842.1:6209816",4,5,1
"PLCG2","s1693_S_VTA_03_ASEReadCounter.table","NW_015090842.1:6217547",4,8,4
"PLCG2","s1693_S_VTA_03_ASEReadCounter.table","NW_015090842.1:6218641",2,3,1
"PLCG2","s1693_S_VTA_03_ASEReadCounter.table","NW_015090842.1:6220552",2,8,6
"PLCG2","s1693_S_VTA_03_ASEReadCounter.table","NW_015090842.1:6221969",3,14,11
"PLCG2","s1693_S_VTA_03_ASEReadCounter.table","NW_015090842.1:6228672",1,6,5
"PLCG2","s1693_S_VTA_03_ASEReadCounter.table","NW_015090842.1:6228694",1,6,5
"PLCG2","s1693_S_VTA_03_ASEReadCounter.table","NW_015090842.1:6228722",1,8,7
"PLCG2","s1693_S_VTA_03_ASEReadCounter.table","NW_015090842.1:6228747",1,11,10
"PLCG2","s1693_S_VTA_03_ASEReadCounter.table","NW_015090842.1:6228835",1,18,17
"PLCG2","s1693_S_VTA_03_ASEReadCounter.table","NW_015090842.1:6228841",1,17,16
"PLCG2","s1693_S_VTA_03_ASEReadCounter.table","NW_015090842.1:6228865",1,16,15
"PLCG2","s1693_S_VTA_03_ASEReadCounter.table","NW_015090842.1:6228917",0,16,16
"PLCG2","s1693_S_VTA_03_ASEReadCounter.table","NW_015090842.1:6228926",0,13,13
"PLCG2","s1693_S_VTA_03_ASEReadCounter.table","NW_015090842.1:6228954",0,6,6
"PLCG2","s1693_S_VTA_03_ASEReadCounter.table","NW_015090842.1:6229002",1,7,6
"PLCG2","s1693_S_VTA_03_ASEReadCounter.table","NW_015090842.1:6229006",1,7,6
"PLCG2","s1693_S_VTA_03_ASEReadCounter.table","NW_015090842.1:6229081",0,5,5
"PLCG2","s1693_S_VTA_03_ASEReadCounter.table","NW_015090842.1:6229097",0,2,2
"PLCG2","s1693_S_VTA_03_ASEReadCounter.table","NW_015090842.1:6229160",0,2,2
"PLCG2","s1693_S_VTA_03_ASEReadCounter.table","NW_015090842.1:6229213",1,4,3
"PLCG2","s1693_S_VTA_03_ASEReadCounter.table","NW_015090842.1:6229231",2,7,5
"PLCG2","s1693_S_VTA_03_ASEReadCounter.table","NW_015090842.1:6229663",3,10,7
"PLCG2","s1693_S_VTA_03_ASEReadCounter.table","NW_015090842.1:6229748",2,6,4
"PLCG2","s1693_S_VTA_03_ASEReadCounter.table","NW_015090842.1:6229892",3,4,1
"PLCG2","s1693_S_VTA_03_ASEReadCounter.table","NW_015090842.1:6230248",1,6,5
"PLCG2","s1693_S_VTA_03_ASEReadCounter.table","NW_015090842.1:6230255",1,7,6
"PLCG2","s1693_S_VTA_03_ASEReadCounter.table","NW_015090842.1:6230296",1,5,4
"PLCG2","s1693_S_VTA_03_ASEReadCounter.table","NW_015090842.1:6230349",1,6,5
"PLCG2","s1693_S_VTA_03_ASEReadCounter.table","NW_015090842.1:6230381",1,3,2
"PLCG2","s1693_S_VTA_03_ASEReadCounter.table","NW_015090842.1:6230408",1,4,3
"PLCG2","s1693_S_VTA_03_ASEReadCounter.table","NW_015090842.1:6230439",2,4,2
"PLCG2","s1693_S_VTA_03_ASEReadCounter.table","NW_015090842.1:6230757",1,2,1
"PLCG2","s1693_S_VTA_03_ASEReadCounter.table","NW_015090842.1:6230758",1,2,1
"PLCG2","s1693_S_VTA_03_ASEReadCounter.table","NW_015090842.1:6230898",3,5,2
"PLCG2","s1693_S_VTA_03_ASEReadCounter.table","NW_015090842.1:6230976",4,8,4
"PLCG2","s1693_S_VTA_03_ASEReadCounter.table","NW_015090842.1:6231078",6,11,5
"PLCG2","s1693_S_VTA_03_ASEReadCounter.table","NW_015090842.1:6231138",4,6,2
"PLCG2","s1693_S_VTA_03_ASEReadCounter.table","NW_015090842.1:6231177",5,9,4
"PLCG2","s1693_S_VTA_03_ASEReadCounter.table","NW_015090842.1:6231263",4,8,4
"PLCG2","s1693_S_VTA_03_ASEReadCounter.table","NW_015090842.1:6231309",4,8,4
"SDR42E1","s1693_S_VTA_03_ASEReadCounter.table","NW_015090842.1:6235292",2,7,5
"SDR42E1","s1693_S_VTA_03_ASEReadCounter.table","NW_015090842.1:6235315",2,10,8
"SDR42E1","s1693_S_VTA_03_ASEReadCounter.table","NW_015090842.1:6235348",3,14,11
"SDR42E1","s1693_S_VTA_03_ASEReadCounter.table","NW_015090842.1:6235355",3,13,10
"SDR42E1","s1693_S_VTA_03_ASEReadCounter.table","NW_015090842.1:6235417",3,10,7
"SDR42E1","s1693_S_VTA_03_ASEReadCounter.table","NW_015090842.1:6235526",23,23,0
"SDR42E1","s1693_S_VTA_03_ASEReadCounter.table","NW_015090842.1:6235558",7,23,16
"SDR42E1","s1693_S_VTA_03_ASEReadCounter.table","NW_015090842.1:6235603",26,26,0
"SDR42E1","s1693_S_VTA_03_ASEReadCounter.table","NW_015090842.1:6235741",3,13,10
"SDR42E1","s1693_S_VTA_03_ASEReadCounter.table","NW_015090842.1:6235777",2,14,12
"SDR42E1","s1693_S_VTA_03_ASEReadCounter.table","NW_015090842.1:6235806",1,17,16
"SDR42E1","s1693_S_VTA_03_ASEReadCounter.table","NW_015090842.1:6235809",1,17,16
"SDR42E1","s1693_S_VTA_03_ASEReadCounter.table","NW_015090842.1:6235816",2,17,15
"SDR42E1","s1693_S_VTA_03_ASEReadCounter.table","NW_015090842.1:6235914",1,12,11
"SDR42E1","s1693_S_VTA_03_ASEReadCounter.table","NW_015090842.1:6235935",0,13,13
"SDR42E1","s1693_S_VTA_03_ASEReadCounter.table","NW_015090842.1:6235957",1,17,16
"SDR42E1","s1693_S_VTA_03_ASEReadCounter.table","NW_015090842.1:6236040",4,17,13
"SDR42E1","s1693_S_VTA_03_ASEReadCounter.table","NW_015090842.1:6236260",3,11,8
"SDR42E1","s1693_S_VTA_03_ASEReadCounter.table","NW_015090842.1:6236281",3,10,7
"SDR42E1","s1693_S_VTA_03_ASEReadCounter.table","NW_015090842.1:6236305",4,6,2
"SDR42E1","s1693_S_VTA_03_ASEReadCounter.table","NW_015090842.1:6236458",5,15,10
"SDR42E1","s1693_S_VTA_03_ASEReadCounter.table","NW_015090842.1:6236476",3,14,11
"SDR42E1","s1693_S_VTA_03_ASEReadCounter.table","NW_015090842.1:6236608",3,18,15
"SDR42E1","s1693_S_VTA_03_ASEReadCounter.table","NW_015090842.1:6238244",4,9,5
"SDR42E1","s1693_S_VTA_03_ASEReadCounter.table","NW_015090842.1:6238829",1,4,3
"HSD17B2","s1693_S_VTA_03_ASEReadCounter.table","NW_015090842.1:6257616",0,1,1
"HSD17B2","s1693_S_VTA_03_ASEReadCounter.table","NW_015090842.1:6257670",0,1,1
"HSD17B2","s1693_S_VTA_03_ASEReadCounter.table","NW_015090842.1:6257684",0,1,1
"HSD17B2","s1693_S_VTA_03_ASEReadCounter.table","NW_015090842.1:6266125",0,1,1
"HSD17B2","s1693_S_VTA_03_ASEReadCounter.table","NW_015090842.1:6266135",0,1,1
"HSD17B2","s1693_S_VTA_03_ASEReadCounter.table","NW_015090842.1:6266795",0,2,2
"HSD17B2","s1693_S_VTA_03_ASEReadCounter.table","NW_015090842.1:6266918",0,2,2
"HSD17B2","s1693_S_VTA_03_ASEReadCounter.table","NW_015090842.1:6266944",0,2,2
"HSD17B2","s1693_S_VTA_03_ASEReadCounter.table","NW_015090842.1:6266997",0,3,3
"HSD17B2","s1693_S_VTA_03_ASEReadCounter.table","NW_015090842.1:6267053",0,4,4
"HSD17B2","s1693_S_VTA_03_ASEReadCounter.table","NW_015090842.1:6267196",0,1,1
"HSD17B2","s1693_S_VTA_03_ASEReadCounter.table","NW_015090842.1:6267273",0,1,1
"HSD17B2","s1693_S_VTA_03_ASEReadCounter.table","NW_015090842.1:6267358",0,3,3
"HSD17B2","s1693_S_VTA_03_ASEReadCounter.table","NW_015090842.1:6267674",0,1,1
"HSD17B2","s1693_S_VTA_03_ASEReadCounter.table","NW_015090842.1:6267913",0,1,1
"HSD17B2","s1693_S_VTA_03_ASEReadCounter.table","NW_015090842.1:6268180",0,2,2
"HSD17B2","s1693_S_VTA_03_ASEReadCounter.table","NW_015090842.1:6268203",0,2,2
"ARY2","s1693_S_VTA_03_ASEReadCounter.table","NW_015090842.1:6303922",17,28,11
"ARY2","s1693_S_VTA_03_ASEReadCounter.table","NW_015090842.1:6303954",18,27,9
"ARY2","s1693_S_VTA_03_ASEReadCounter.table","NW_015090842.1:6303979",19,30,11
"ARY2","s1693_S_VTA_03_ASEReadCounter.table","NW_015090842.1:6305848",22,32,10
"ARY2","s1693_S_VTA_03_ASEReadCounter.table","NW_015090842.1:6305856",23,35,12
"ARY2","s1693_S_VTA_03_ASEReadCounter.table","NW_015090842.1:6305857",22,33,11
"ARY2","s1693_S_VTA_03_ASEReadCounter.table","NW_015090842.1:6306017",18,36,18
"ARY2","s1693_S_VTA_03_ASEReadCounter.table","NW_015090842.1:6306052",17,33,16
"ARY2","s1693_S_VTA_03_ASEReadCounter.table","NW_015090842.1:6306094",19,34,15
"ARY2","s1693_S_VTA_03_ASEReadCounter.table","NW_015090842.1:6306100",20,34,14
"ARY2","s1693_S_VTA_03_ASEReadCounter.table","NW_015090842.1:6306146",15,30,15
"ARY2","s1693_S_VTA_03_ASEReadCounter.table","NW_015090842.1:6306147",15,30,15
"ARY2","s1693_S_VTA_03_ASEReadCounter.table","NW_015090842.1:6306390",18,33,15
"ARY2","s1693_S_VTA_03_ASEReadCounter.table","NW_015090842.1:6306567",26,39,13
"ARY2","s1693_S_VTA_03_ASEReadCounter.table","NW_015090842.1:6306705",32,37,5
"ARY2","s1693_S_VTA_03_ASEReadCounter.table","NW_015090842.1:6306713",40,40,0
"ARY2","s1693_S_VTA_03_ASEReadCounter.table","NW_015090842.1:6306773",24,35,11
"ARY2","s1693_S_VTA_03_ASEReadCounter.table","NW_015090842.1:6307039",36,50,14
"ARY2","s1693_S_VTA_03_ASEReadCounter.table","NW_015090842.1:6307043",39,56,17
"ARY2","s1693_S_VTA_03_ASEReadCounter.table","NW_015090842.1:6307093",45,58,13
"ARY2","s1693_S_VTA_03_ASEReadCounter.table","NW_015090842.1:6307138",31,46,15
"ARY2","s1693_S_VTA_03_ASEReadCounter.table","NW_015090842.1:6307157",30,43,13
"ARY2","s1693_S_VTA_03_ASEReadCounter.table","NW_015090842.1:6307187",33,49,16
"ARY2","s1693_S_VTA_03_ASEReadCounter.table","NW_015090842.1:6307278",27,41,14
"ARY2","s1693_S_VTA_03_ASEReadCounter.table","NW_015090842.1:6307305",35,51,16
"ARY2","s1693_S_VTA_03_ASEReadCounter.table","NW_015090842.1:6307318",41,55,14
"ARY2","s1693_S_VTA_03_ASEReadCounter.table","NW_015090842.1:6307429",49,65,16
"ARY2","s1693_S_VTA_03_ASEReadCounter.table","NW_015090842.1:6307487",32,48,16
"ARY2","s1693_S_VTA_03_ASEReadCounter.table","NW_015090842.1:6307670",27,37,10
"ARYL","s1693_S_VTA_03_ASEReadCounter.table","NW_015090842.1:6313360",4,5,1
"ARYL","s1693_S_VTA_03_ASEReadCounter.table","NW_015090842.1:6313377",4,5,1
"ARYL","s1693_S_VTA_03_ASEReadCounter.table","NW_015090842.1:6313767",6,12,6
"ARY1","s1693_S_VTA_03_ASEReadCounter.table","NW_015090842.1:6313909",3,3,0
"ARY1","s1693_S_VTA_03_ASEReadCounter.table","NW_015090842.1:6314296",5,8,3
"ARY1","s1693_S_VTA_03_ASEReadCounter.table","NW_015090842.1:6314541",9,12,3
"ARY1","s1693_S_VTA_03_ASEReadCounter.table","NW_015090842.1:6314597",8,11,3
"ARY1","s1693_S_VTA_03_ASEReadCounter.table","NW_015090842.1:6314750",10,12,2
"ARY1","s1693_S_VTA_03_ASEReadCounter.table","NW_015090842.1:6314794",8,11,3
"ARY1","s1693_S_VTA_03_ASEReadCounter.table","NW_015090842.1:6314827",6,8,2
"ARY1","s1693_S_VTA_03_ASEReadCounter.table","NW_015090842.1:6314843",4,7,3
"ARY1","s1693_S_VTA_03_ASEReadCounter.table","NW_015090842.1:6314859",6,9,3
"ARY1","s1693_S_VTA_03_ASEReadCounter.table","NW_015090842.1:6314886",5,6,1
"ARY1","s1693_S_VTA_03_ASEReadCounter.table","NW_015090842.1:6314943",7,7,0
"ARY1","s1693_S_VTA_03_ASEReadCounter.table","NW_015090842.1:6314949",3,9,6
"ARY1","s1693_S_VTA_03_ASEReadCounter.table","NW_015090842.1:6315022",12,19,7
"ARY1","s1693_S_VTA_03_ASEReadCounter.table","NW_015090842.1:6315026",11,17,6
"ARY1","s1693_S_VTA_03_ASEReadCounter.table","NW_015090842.1:6315043",10,15,5
"ARY1","s1693_S_VTA_03_ASEReadCounter.table","NW_015090842.1:6315065",10,14,4
"ARY1","s1693_S_VTA_03_ASEReadCounter.table","NW_015090842.1:6315409",5,5,0
"ARY1","s1693_S_VTA_03_ASEReadCounter.table","NW_015090842.1:6315479",2,6,4
"ARY1","s1693_S_VTA_03_ASEReadCounter.table","NW_015090842.1:6318342",11,18,7
"ARY1","s1693_S_VTA_03_ASEReadCounter.table","NW_015090842.1:6318427",13,23,10
"ARY1","s1693_S_VTA_03_ASEReadCounter.table","NW_015090842.1:6318603",15,21,6
"ARY1","s1693_S_VTA_03_ASEReadCounter.table","NW_015090842.1:6318708",10,14,4
"ARY1","s1693_S_VTA_03_ASEReadCounter.table","NW_015090842.1:6318858",13,19,6
"ARY1","s1693_S_VTA_03_ASEReadCounter.table","NW_015090842.1:6318952",18,23,5
"MPHOSPH6","s1693_S_VTA_03_ASEReadCounter.table","NW_015090842.1:6324063",51,105,54
"MPHOSPH6","s1693_S_VTA_03_ASEReadCounter.table","NW_015090842.1:6324174",86,184,98
"MPHOSPH6","s1693_S_VTA_03_ASEReadCounter.table","NW_015090842.1:6324270",86,216,130
"MPHOSPH6","s1693_S_VTA_03_ASEReadCounter.table","NW_015090842.1:6324762",94,173,79
"MPHOSPH6","s1693_S_VTA_03_ASEReadCounter.table","NW_015090842.1:6324772",89,160,71
"MPHOSPH6","s1693_S_VTA_03_ASEReadCounter.table","NW_015090842.1:6324780",90,162,72
"MPHOSPH6","s1693_S_VTA_03_ASEReadCounter.table","NW_015090842.1:6324902",86,176,90
"MPHOSPH6","s1693_S_VTA_03_ASEReadCounter.table","NW_015090842.1:6324910",179,179,0
"MPHOSPH6","s1693_S_VTA_03_ASEReadCounter.table","NW_015090842.1:6325066",74,190,116
"MPHOSPH6","s1693_S_VTA_03_ASEReadCounter.table","NW_015090842.1:6325089",90,209,119
"MPHOSPH6","s1693_S_VTA_03_ASEReadCounter.table","NW_015090842.1:6325298",114,248,134
"MPHOSPH6","s1693_S_VTA_03_ASEReadCounter.table","NW_015090842.1:6325877",104,189,85
"MPHOSPH6","s1693_S_VTA_03_ASEReadCounter.table","NW_015090842.1:6326976",72,147,75
"CDH13","s1693_S_VTA_03_ASEReadCounter.table","NW_015090842.1:6662283",8,15,7
"CDH13","s1693_S_VTA_03_ASEReadCounter.table","NW_015090842.1:6693665",6,15,9
"CDH13","s1693_S_VTA_03_ASEReadCounter.table","NW_015090842.1:6693697",11,20,9
"CDH13","s1693_S_VTA_03_ASEReadCounter.table","NW_015090842.1:6693712",10,16,6
"CDH13","s1693_S_VTA_03_ASEReadCounter.table","NW_015090842.1:6693723",11,19,8
"CDH13","s1693_S_VTA_03_ASEReadCounter.table","NW_015090842.1:6693738",11,21,10
"CDH13","s1693_S_VTA_03_ASEReadCounter.table","NW_015090842.1:6823730",10,16,6
"CDH13","s1693_S_VTA_03_ASEReadCounter.table","NW_015090842.1:6889713",13,25,12
"CDH13","s1693_S_VTA_03_ASEReadCounter.table","NW_015090842.1:6955167",16,34,18
"MLYCD","s1693_S_VTA_03_ASEReadCounter.table","NW_015090842.1:7150054",75,145,70
"MLYCD","s1693_S_VTA_03_ASEReadCounter.table","NW_015090842.1:7150131",125,237,112
"MLYCD","s1693_S_VTA_03_ASEReadCounter.table","NW_015090842.1:7150585",94,180,86
"MLYCD","s1693_S_VTA_03_ASEReadCounter.table","NW_015090842.1:7150686",78,141,63
"MLYCD","s1693_S_VTA_03_ASEReadCounter.table","NW_015090842.1:7150696",91,160,69
"MLYCD","s1693_S_VTA_03_ASEReadCounter.table","NW_015090842.1:7150698",66,160,94
"MLYCD","s1693_S_VTA_03_ASEReadCounter.table","NW_015090842.1:7150869",74,122,48
"MLYCD","s1693_S_VTA_03_ASEReadCounter.table","NW_015090842.1:7151100",54,99,45
"MLYCD","s1693_S_VTA_03_ASEReadCounter.table","NW_015090842.1:7151127",65,114,49
"MLYCD","s1693_S_VTA_03_ASEReadCounter.table","NW_015090842.1:7157538",54,87,33
"MLYCD","s1693_S_VTA_03_ASEReadCounter.table","NW_015090842.1:7167662",15,34,19
"MLYCD","s1693_S_VTA_03_ASEReadCounter.table","NW_015090842.1:7167675",15,32,17
"MLYCD","s1693_S_VTA_03_ASEReadCounter.table","NW_015090842.1:7167710",16,30,14
"MLYCD","s1693_S_VTA_03_ASEReadCounter.table","NW_015090842.1:7167781",22,31,9
"MLYCD","s1693_S_VTA_03_ASEReadCounter.table","NW_015090842.1:7167803",16,24,8
"MLYCD","s1693_S_VTA_03_ASEReadCounter.table","NW_015090842.1:7167812",14,24,10
"MLYCD","s1693_S_VTA_03_ASEReadCounter.table","NW_015090842.1:7167845",15,25,10
"MLYCD","s1693_S_VTA_03_ASEReadCounter.table","NW_015090842.1:7167862",15,25,10
"MLYCD","s1693_S_VTA_03_ASEReadCounter.table","NW_015090842.1:7167929",22,33,11
"MLYCD","s1693_S_VTA_03_ASEReadCounter.table","NW_015090842.1:7167995",16,24,8
"MLYCD","s1693_S_VTA_03_ASEReadCounter.table","NW_015090842.1:7168005",14,18,4
"MLYCD","s1693_S_VTA_03_ASEReadCounter.table","NW_015090842.1:7168037",15,23,8
"HSBP1","s1693_S_VTA_03_ASEReadCounter.table","NW_015090842.1:7245192",352,609,257
"HSBP1","s1693_S_VTA_03_ASEReadCounter.table","NW_015090842.1:7245226",403,732,329
"HSBP1","s1693_S_VTA_03_ASEReadCounter.table","NW_015090842.1:7245257",344,644,300
"HSBP1","s1693_S_VTA_03_ASEReadCounter.table","NW_015090842.1:7245296",325,652,327
"HSBP1","s1693_S_VTA_03_ASEReadCounter.table","NW_015090842.1:7245389",481,847,366
"HSBP1","s1693_S_VTA_03_ASEReadCounter.table","NW_015090842.1:7245400",499,835,336
"HSBP1","s1693_S_VTA_03_ASEReadCounter.table","NW_015090842.1:7245445",472,818,346
"HSBP1","s1693_S_VTA_03_ASEReadCounter.table","NW_015090842.1:7245495",415,731,316
"HSBP1","s1693_S_VTA_03_ASEReadCounter.table","NW_015090842.1:7245515",470,812,342
"HSBP1","s1693_S_VTA_03_ASEReadCounter.table","NW_015090842.1:7245733",275,517,242
"HSBP1","s1693_S_VTA_03_ASEReadCounter.table","NW_015090842.1:7245771",285,505,220
"HSBP1","s1693_S_VTA_03_ASEReadCounter.table","NW_015090842.1:7245813",291,483,192
"HSBP1","s1693_S_VTA_03_ASEReadCounter.table","NW_015090842.1:7245926",334,556,222
"HSBP1","s1693_S_VTA_03_ASEReadCounter.table","NW_015090842.1:7245927",334,556,222
"HSBP1","s1693_S_VTA_03_ASEReadCounter.table","NW_015090842.1:7245933",326,535,209
"HSBP1","s1693_S_VTA_03_ASEReadCounter.table","NW_015090842.1:7246002",233,429,196
"HSBP1","s1693_S_VTA_03_ASEReadCounter.table","NW_015090842.1:7246094",308,535,227
"HSBP1","s1693_S_VTA_03_ASEReadCounter.table","NW_015090842.1:7246167",276,465,189
"HSBP1","s1693_S_VTA_03_ASEReadCounter.table","NW_015090842.1:7246183",262,448,186
"HSBP1","s1693_S_VTA_03_ASEReadCounter.table","NW_015090842.1:7247285",37,52,15
"HSBP1","s1693_S_VTA_03_ASEReadCounter.table","NW_015090842.1:7247651",321,641,320
"HSBP1","s1693_S_VTA_03_ASEReadCounter.table","NW_015090842.1:7247657",313,636,323
"HSBP1","s1693_S_VTA_03_ASEReadCounter.table","NW_015090842.1:7248520",213,420,207
"HSBP1","s1693_S_VTA_03_ASEReadCounter.table","NW_015090842.1:7248535",180,350,170
"KCNG4","s1693_S_VTA_03_ASEReadCounter.table","NW_015090842.1:7282481",4,12,8
"KCNG4","s1693_S_VTA_03_ASEReadCounter.table","NW_015090842.1:7282500",3,10,7
"KCNG4","s1693_S_VTA_03_ASEReadCounter.table","NW_015090842.1:7282542",5,11,6
"KCNG4","s1693_S_VTA_03_ASEReadCounter.table","NW_015090842.1:7282579",5,9,4
"KCNG4","s1693_S_VTA_03_ASEReadCounter.table","NW_015090842.1:7282630",3,6,3
"KCNG4","s1693_S_VTA_03_ASEReadCounter.table","NW_015090842.1:7282760",2,5,3
"KCNG4","s1693_S_VTA_03_ASEReadCounter.table","NW_015090842.1:7283056",1,6,5
"KCNG4","s1693_S_VTA_03_ASEReadCounter.table","NW_015090842.1:7283245",3,5,2
"KCNG4","s1693_S_VTA_03_ASEReadCounter.table","NW_015090842.1:7299491",4,5,1
"KCNG4","s1693_S_VTA_03_ASEReadCounter.table","NW_015090842.1:7301195",1,2,1
"KCNG4","s1693_S_VTA_03_ASEReadCounter.table","NW_015090842.1:7301227",1,2,1
"KCNG4","s1693_S_VTA_03_ASEReadCounter.table","NW_015090842.1:7301240",1,2,1
"KCNG4","s1693_S_VTA_03_ASEReadCounter.table","NW_015090842.1:7301413",1,2,1
"WFDC1","s1693_S_VTA_03_ASEReadCounter.table","NW_015090842.1:7366517",2,2,0
"ATP2C2","s1693_S_VTA_03_ASEReadCounter.table","NW_015090842.1:7413747",2,5,3
"TLDC1","s1693_S_VTA_03_ASEReadCounter.table","NW_015090842.1:7421997",26,61,35
"COTL1","s1693_S_VTA_03_ASEReadCounter.table","NW_015090842.1:7490707",527,1069,542
"COTL1","s1693_S_VTA_03_ASEReadCounter.table","NW_015090842.1:7490708",526,1071,545
"COTL1","s1693_S_VTA_03_ASEReadCounter.table","NW_015090842.1:7490711",540,1091,551
"COTL1","s1693_S_VTA_03_ASEReadCounter.table","NW_015090842.1:7490739",531,1098,567
"COTL1","s1693_S_VTA_03_ASEReadCounter.table","NW_015090842.1:7490785",557,1108,551
"COTL1","s1693_S_VTA_03_ASEReadCounter.table","NW_015090842.1:7490820",51,741,690
"COTL1","s1693_S_VTA_03_ASEReadCounter.table","NW_015090842.1:7490846",552,1101,549
"COTL1","s1693_S_VTA_03_ASEReadCounter.table","NW_015090842.1:7505672",0,1,1
"KLHL36","s1693_S_VTA_03_ASEReadCounter.table","NW_015090842.1:7526337",23,23,0
"KLHL36","s1693_S_VTA_03_ASEReadCounter.table","NW_015090842.1:7537681",88,88,0
"USP10","s1693_S_VTA_03_ASEReadCounter.table","NW_015090842.1:7572213",29,63,34
"USP10","s1693_S_VTA_03_ASEReadCounter.table","NW_015090842.1:7572358",19,54,35
"CRISPLD2","s1693_S_VTA_03_ASEReadCounter.table","NW_015090842.1:7619796",0,2,2
"CRISPLD2","s1693_S_VTA_03_ASEReadCounter.table","NW_015090842.1:7630779",5,8,3
"CRISPLD2","s1693_S_VTA_03_ASEReadCounter.table","NW_015090842.1:7633611",7,7,0
"CRISPLD2","s1693_S_VTA_03_ASEReadCounter.table","NW_015090842.1:7633787",5,8,3
"CRISPLD2","s1693_S_VTA_03_ASEReadCounter.table","NW_015090842.1:7634023",1,3,2
"CRISPLD2","s1693_S_VTA_03_ASEReadCounter.table","NW_015090842.1:7634620",3,10,7
"CRISPLD2","s1693_S_VTA_03_ASEReadCounter.table","NW_015090842.1:7636315",0,2,2
"MTHFSD","s1693_S_VTA_03_ASEReadCounter.table","NW_015090842.1:8152578",14,28,14
"DUSP15","s1693_S_VTA_03_ASEReadCounter.table","NW_015090842.1:8422840",2,3,1
"DUSP15","s1693_S_VTA_03_ASEReadCounter.table","NW_015090842.1:8427711",0,1,1
"DUSP15","s1693_S_VTA_03_ASEReadCounter.table","NW_015090842.1:8431988",0,1,1
"EMC8","s1693_S_VTA_03_ASEReadCounter.table","NW_015090842.1:8452385",27,40,13
"GINS2","s1693_S_VTA_03_ASEReadCounter.table","NW_015090842.1:8467469",33,33,0
"GINS2","s1693_S_VTA_03_ASEReadCounter.table","NW_015090842.1:8470290",31,62,31
"GINS2","s1693_S_VTA_03_ASEReadCounter.table","NW_015090842.1:8470305",24,52,28
"GINS2","s1693_S_VTA_03_ASEReadCounter.table","NW_015090842.1:8470376",29,66,37
"GINS2","s1693_S_VTA_03_ASEReadCounter.table","NW_015090842.1:8471057",0,6,6
"GSE1","s1693_S_VTA_03_ASEReadCounter.table","NW_015090842.1:8483570",10,10,0
"KIAA0513","s1693_S_VTA_03_ASEReadCounter.table","NW_015090842.1:8674736",112,112,0
"KIAA0513","s1693_S_VTA_03_ASEReadCounter.table","NW_015090842.1:8693655",10,10,0
"ZCCHC14","s1693_S_VTA_03_ASEReadCounter.table","NW_015090842.1:8750189",80,80,0
"JPH3","s1693_S_VTA_03_ASEReadCounter.table","NW_015090842.1:8872294",47,92,45
"KLHDC4","s1693_S_VTA_03_ASEReadCounter.table","NW_015090842.1:8891175",76,152,76
"KLHDC4","s1693_S_VTA_03_ASEReadCounter.table","NW_015090842.1:8905251",23,41,18
"KLHDC4","s1693_S_VTA_03_ASEReadCounter.table","NW_015090842.1:8919630",4,6,2
"SLC7A5","s1693_S_VTA_03_ASEReadCounter.table","NW_015090842.1:8940382",212,212,0
"SLC7A5","s1693_S_VTA_03_ASEReadCounter.table","NW_015090842.1:8941818",123,123,0
"SLC7A5","s1693_S_VTA_03_ASEReadCounter.table","NW_015090842.1:8944655",57,57,0
"CA5A","s1693_S_VTA_03_ASEReadCounter.table","NW_015090842.1:8989479",68,168,100
"CA5A","s1693_S_VTA_03_ASEReadCounter.table","NW_015090842.1:8989562",103,218,115
"CA5A","s1693_S_VTA_03_ASEReadCounter.table","NW_015090842.1:8989609",117,230,113
"CA5A","s1693_S_VTA_03_ASEReadCounter.table","NW_015090842.1:8989693",117,271,154
"CA5A","s1693_S_VTA_03_ASEReadCounter.table","NW_015090842.1:8989702",122,271,149
"CA5A","s1693_S_VTA_03_ASEReadCounter.table","NW_015090842.1:8989746",118,289,171
"CA5A","s1693_S_VTA_03_ASEReadCounter.table","NW_015090842.1:8989880",101,232,131
"CA5A","s1693_S_VTA_03_ASEReadCounter.table","NW_015090842.1:8989885",100,232,132
"CA5A","s1693_S_VTA_03_ASEReadCounter.table","NW_015090842.1:8989929",117,257,140
"CA5A","s1693_S_VTA_03_ASEReadCounter.table","NW_015090842.1:8990002",97,223,126
"CA5A","s1693_S_VTA_03_ASEReadCounter.table","NW_015090842.1:8990004",95,222,127
"CA5A","s1693_S_VTA_03_ASEReadCounter.table","NW_015090842.1:8990005",97,228,131
"CA5A","s1693_S_VTA_03_ASEReadCounter.table","NW_015090842.1:8990017",91,204,113
"CA5A","s1693_S_VTA_03_ASEReadCounter.table","NW_015090842.1:8990043",79,181,102
"CA5A","s1693_S_VTA_03_ASEReadCounter.table","NW_015090842.1:8990080",73,185,112
"CA5A","s1693_S_VTA_03_ASEReadCounter.table","NW_015090842.1:8990084",76,187,111
"CA5A","s1693_S_VTA_03_ASEReadCounter.table","NW_015090842.1:8990090",81,189,108
"CA5A","s1693_S_VTA_03_ASEReadCounter.table","NW_015090842.1:8990095",76,184,108
"CA5A","s1693_S_VTA_03_ASEReadCounter.table","NW_015090842.1:8990111",66,173,107
"CA5A","s1693_S_VTA_03_ASEReadCounter.table","NW_015090842.1:8990112",65,173,108
"CA5A","s1693_S_VTA_03_ASEReadCounter.table","NW_015090842.1:8990115",71,178,107
"CA5A","s1693_S_VTA_03_ASEReadCounter.table","NW_015090842.1:8990166",73,163,90
"CA5A","s1693_S_VTA_03_ASEReadCounter.table","NW_015090842.1:8990169",76,167,91
"CA5A","s1693_S_VTA_03_ASEReadCounter.table","NW_015090842.1:8990222",65,136,71
"CA5A","s1693_S_VTA_03_ASEReadCounter.table","NW_015090842.1:8990289",67,149,82
"CA5A","s1693_S_VTA_03_ASEReadCounter.table","NW_015090842.1:8990314",67,150,83
"CA5A","s1693_S_VTA_03_ASEReadCounter.table","NW_015090842.1:8990361",62,144,82
"CA5A","s1693_S_VTA_03_ASEReadCounter.table","NW_015090842.1:8990368",62,146,84
"CA5A","s1693_S_VTA_03_ASEReadCounter.table","NW_015090842.1:8990429",72,147,75
"CA5A","s1693_S_VTA_03_ASEReadCounter.table","NW_015090842.1:8990466",57,121,64
"CA5A","s1693_S_VTA_03_ASEReadCounter.table","NW_015090842.1:8990663",55,120,65
"CA5A","s1693_S_VTA_03_ASEReadCounter.table","NW_015090842.1:8990797",49,95,46
"CA5A","s1693_S_VTA_03_ASEReadCounter.table","NW_015090842.1:8990836",53,109,56
"CA5A","s1693_S_VTA_03_ASEReadCounter.table","NW_015090842.1:8990842",53,108,55
"CA5A","s1693_S_VTA_03_ASEReadCounter.table","NW_015090842.1:8990851",49,99,50
"CA5A","s1693_S_VTA_03_ASEReadCounter.table","NW_015090842.1:8990918",56,121,65
"CA5A","s1693_S_VTA_03_ASEReadCounter.table","NW_015090842.1:8990921",53,126,73
"CA5A","s1693_S_VTA_03_ASEReadCounter.table","NW_015090842.1:8990942",77,145,68
"CA5A","s1693_S_VTA_03_ASEReadCounter.table","NW_015090842.1:8991001",79,155,76
"CA5A","s1693_S_VTA_03_ASEReadCounter.table","NW_015090842.1:8991038",67,140,73
"CA5A","s1693_S_VTA_03_ASEReadCounter.table","NW_015090842.1:8991149",59,129,70
"CA5A","s1693_S_VTA_03_ASEReadCounter.table","NW_015090842.1:8991176",71,134,63
"CA5A","s1693_S_VTA_03_ASEReadCounter.table","NW_015090842.1:8991241",76,149,73
"CA5A","s1693_S_VTA_03_ASEReadCounter.table","NW_015090842.1:8991262",66,126,60
"CA5A","s1693_S_VTA_03_ASEReadCounter.table","NW_015090842.1:8991316",63,70,7
"CA5A","s1693_S_VTA_03_ASEReadCounter.table","NW_015090842.1:8991319",61,68,7
"CA5A","s1693_S_VTA_03_ASEReadCounter.table","NW_015090842.1:8991330",54,58,4
"CA5A","s1693_S_VTA_03_ASEReadCounter.table","NW_015090842.1:8991334",54,61,7
"CA5A","s1693_S_VTA_03_ASEReadCounter.table","NW_015090842.1:8991362",59,117,58
"CA5A","s1693_S_VTA_03_ASEReadCounter.table","NW_015090842.1:8991368",55,114,59
"CA5A","s1693_S_VTA_03_ASEReadCounter.table","NW_015090842.1:8991390",59,122,63
"CA5A","s1693_S_VTA_03_ASEReadCounter.table","NW_015090842.1:8991395",55,125,70
"CA5A","s1693_S_VTA_03_ASEReadCounter.table","NW_015090842.1:8991422",43,127,84
"CA5A","s1693_S_VTA_03_ASEReadCounter.table","NW_015090842.1:8991467",55,119,64
"CA5A","s1693_S_VTA_03_ASEReadCounter.table","NW_015090842.1:8991576",35,85,50
"CA5A","s1693_S_VTA_03_ASEReadCounter.table","NW_015090842.1:8991587",41,94,53
"CA5A","s1693_S_VTA_03_ASEReadCounter.table","NW_015090842.1:8991655",47,93,46
"CA5A","s1693_S_VTA_03_ASEReadCounter.table","NW_015090842.1:8991717",39,89,50
"CA5A","s1693_S_VTA_03_ASEReadCounter.table","NW_015090842.1:8991726",41,86,45
"CA5A","s1693_S_VTA_03_ASEReadCounter.table","NW_015090842.1:8991799",40,82,42
"CA5A","s1693_S_VTA_03_ASEReadCounter.table","NW_015090842.1:8991809",38,74,36
"CA5A","s1693_S_VTA_03_ASEReadCounter.table","NW_015090842.1:8991848",32,70,38
"CA5A","s1693_S_VTA_03_ASEReadCounter.table","NW_015090842.1:8991849",32,70,38
"CA5A","s1693_S_VTA_03_ASEReadCounter.table","NW_015090842.1:8991927",44,77,33
"CA5A","s1693_S_VTA_03_ASEReadCounter.table","NW_015090842.1:8991941",46,77,31
"CA5A","s1693_S_VTA_03_ASEReadCounter.table","NW_015090842.1:8992121",45,81,36
"CA5A","s1693_S_VTA_03_ASEReadCounter.table","NW_015090842.1:8992224",36,66,30
"CA5A","s1693_S_VTA_03_ASEReadCounter.table","NW_015090842.1:9002570",16,41,25
"CA5A","s1693_S_VTA_03_ASEReadCounter.table","NW_015090842.1:9002600",14,38,24
"CA5A","s1693_S_VTA_03_ASEReadCounter.table","NW_015090842.1:9004312",9,27,18
"CA5A","s1693_S_VTA_03_ASEReadCounter.table","NW_015090842.1:9004506",1,1,0
"CA5A","s1693_S_VTA_03_ASEReadCounter.table","NW_015090842.1:9004523",2,2,0
"CA5A","s1693_S_VTA_03_ASEReadCounter.table","NW_015090842.1:9004530",2,3,1
"CA5A","s1693_S_VTA_03_ASEReadCounter.table","NW_015090842.1:9004556",2,3,1
"CA5A","s1693_S_VTA_03_ASEReadCounter.table","NW_015090842.1:9004620",2,4,2
"CA5A","s1693_S_VTA_03_ASEReadCounter.table","NW_015090842.1:9005116",4,6,2
"CA5A","s1693_S_VTA_03_ASEReadCounter.table","NW_015090842.1:9005120",4,6,2
"CA5A","s1693_S_VTA_03_ASEReadCounter.table","NW_015090842.1:9005140",5,7,2
"CA5A","s1693_S_VTA_03_ASEReadCounter.table","NW_015090842.1:9005152",4,7,3
"BANP","s1693_S_VTA_03_ASEReadCounter.table","NW_015090842.1:9033407",6,14,8
"BANP","s1693_S_VTA_03_ASEReadCounter.table","NW_015090842.1:9033409",6,13,7
"BANP","s1693_S_VTA_03_ASEReadCounter.table","NW_015090842.1:9033420",7,15,8
"BANP","s1693_S_VTA_03_ASEReadCounter.table","NW_015090842.1:9055284",4,12,8
"ZC3H18","s1693_S_VTA_03_ASEReadCounter.table","NW_015090842.1:9528933",25,55,30
"MVD","s1693_S_VTA_03_ASEReadCounter.table","NW_015090842.1:9550690",59,59,0
"MVD","s1693_S_VTA_03_ASEReadCounter.table","NW_015090842.1:9550691",59,59,0
"MVD","s1693_S_VTA_03_ASEReadCounter.table","NW_015090842.1:9550699",62,63,1
"MVD","s1693_S_VTA_03_ASEReadCounter.table","NW_015090842.1:9550701",63,63,0
"MVD","s1693_S_VTA_03_ASEReadCounter.table","NW_015090842.1:9552202",82,82,0
"MVD","s1693_S_VTA_03_ASEReadCounter.table","NW_015090842.1:9552223",71,71,0
"MVD","s1693_S_VTA_03_ASEReadCounter.table","NW_015090842.1:9552533",67,67,0
"MVD","s1693_S_VTA_03_ASEReadCounter.table","NW_015090842.1:9552644",19,44,25
"PIEZO1","s1693_S_VTA_03_ASEReadCounter.table","NW_015090842.1:9577447",11,13,2
"PIEZO1","s1693_S_VTA_03_ASEReadCounter.table","NW_015090842.1:9579101",3,9,6
"PIEZO1","s1693_S_VTA_03_ASEReadCounter.table","NW_015090842.1:9582630",9,12,3
"PIEZO1","s1693_S_VTA_03_ASEReadCounter.table","NW_015090842.1:9582976",4,4,0
"PIEZO1","s1693_S_VTA_03_ASEReadCounter.table","NW_015090842.1:9583326",1,1,0
"CDT1","s1693_S_VTA_03_ASEReadCounter.table","NW_015090842.1:9596711",0,1,1
"CDT1","s1693_S_VTA_03_ASEReadCounter.table","NW_015090842.1:9597033",9,9,0
"CDT1","s1693_S_VTA_03_ASEReadCounter.table","NW_015090842.1:9597756",5,8,3
"CDT1","s1693_S_VTA_03_ASEReadCounter.table","NW_015090842.1:9598873",10,10,0
"ACSF3","s1693_S_VTA_03_ASEReadCounter.table","NW_015090842.1:9776737",11,16,5
"ACSF3","s1693_S_VTA_03_ASEReadCounter.table","NW_015090842.1:9809639",84,84,0
"ACSF3","s1693_S_VTA_03_ASEReadCounter.table","NW_015090842.1:9834743",48,107,59
"ACSF3","s1693_S_VTA_03_ASEReadCounter.table","NW_015090842.1:9834762",104,104,0
"ACSF3","s1693_S_VTA_03_ASEReadCounter.table","NW_015090842.1:9834852",44,76,32
"ACSF3","s1693_S_VTA_03_ASEReadCounter.table","NW_015090842.1:9834861",35,68,33
"ACSF3","s1693_S_VTA_03_ASEReadCounter.table","NW_015090842.1:9839359",37,63,26
"ACSF3","s1693_S_VTA_03_ASEReadCounter.table","NW_015090842.1:9839378",34,60,26
"ACSF3","s1693_S_VTA_03_ASEReadCounter.table","NW_015090842.1:9839455",39,65,26
"ACSF3","s1693_S_VTA_03_ASEReadCounter.table","NW_015090842.1:9839457",39,64,25
"ACSF3","s1693_S_VTA_03_ASEReadCounter.table","NW_015090842.1:9839489",24,47,23
"ACSF3","s1693_S_VTA_03_ASEReadCounter.table","NW_015090842.1:9839500",19,40,21
"ACSF3","s1693_S_VTA_03_ASEReadCounter.table","NW_015090842.1:9839501",19,40,21
"ACSF3","s1693_S_VTA_03_ASEReadCounter.table","NW_015090842.1:9839504",24,42,18
"ACSF3","s1693_S_VTA_03_ASEReadCounter.table","NW_015090842.1:9839512",23,40,17
"ACSF3","s1693_S_VTA_03_ASEReadCounter.table","NW_015090842.1:9839527",12,24,12
"ACSF3","s1693_S_VTA_03_ASEReadCounter.table","NW_015090842.1:9839533",8,21,13
"ACSF3","s1693_S_VTA_03_ASEReadCounter.table","NW_015090842.1:9839535",8,20,12
"ACSF3","s1693_S_VTA_03_ASEReadCounter.table","NW_015090842.1:9839545",7,18,11
"ACSF3","s1693_S_VTA_03_ASEReadCounter.table","NW_015090842.1:9839550",7,20,13
"ACSF3","s1693_S_VTA_03_ASEReadCounter.table","NW_015090842.1:9839551",7,20,13
"CDH15","s1693_S_VTA_03_ASEReadCounter.table","NW_015090842.1:9847163",1,1,0
"CDH15","s1693_S_VTA_03_ASEReadCounter.table","NW_015090842.1:9847174",1,1,0
"CDH15","s1693_S_VTA_03_ASEReadCounter.table","NW_015090842.1:9848220",1,1,0
"CDH15","s1693_S_VTA_03_ASEReadCounter.table","NW_015090842.1:9848888",1,2,1
"CDH15","s1693_S_VTA_03_ASEReadCounter.table","NW_015090842.1:9849473",1,1,0
"CDH15","s1693_S_VTA_03_ASEReadCounter.table","NW_015090842.1:9850386",1,2,1
"CDH15","s1693_S_VTA_03_ASEReadCounter.table","NW_015090842.1:9850432",1,1,0
"CDH15","s1693_S_VTA_03_ASEReadCounter.table","NW_015090842.1:9850609",0,1,1
"SLC22A31","s1693_S_VTA_03_ASEReadCounter.table","NW_015090842.1:9850797",1,1,0
"SLC22A31","s1693_S_VTA_03_ASEReadCounter.table","NW_015090842.1:9850818",1,1,0
"SLC22A31","s1693_S_VTA_03_ASEReadCounter.table","NW_015090842.1:9850929",2,2,0
"SLC22A31","s1693_S_VTA_03_ASEReadCounter.table","NW_015090842.1:9850936",2,2,0
"SLC22A31","s1693_S_VTA_03_ASEReadCounter.table","NW_015090842.1:9850940",2,2,0
"SLC22A31","s1693_S_VTA_03_ASEReadCounter.table","NW_015090842.1:9850948",2,2,0
"SLC22A31","s1693_S_VTA_03_ASEReadCounter.table","NW_015090842.1:9850961",2,2,0
"SLC22A31","s1693_S_VTA_03_ASEReadCounter.table","NW_015090842.1:9850970",1,1,0
"SLC22A31","s1693_S_VTA_03_ASEReadCounter.table","NW_015090842.1:9850978",1,1,0
"SLC22A31","s1693_S_VTA_03_ASEReadCounter.table","NW_015090842.1:9850981",1,1,0
"SLC22A31","s1693_S_VTA_03_ASEReadCounter.table","NW_015090842.1:9851130",2,6,4
"SLC22A31","s1693_S_VTA_03_ASEReadCounter.table","NW_015090842.1:9851139",3,7,4
"SLC22A31","s1693_S_VTA_03_ASEReadCounter.table","NW_015090842.1:9851265",3,13,10
"SLC22A31","s1693_S_VTA_03_ASEReadCounter.table","NW_015090842.1:9851302",5,15,10
"SLC22A31","s1693_S_VTA_03_ASEReadCounter.table","NW_015090842.1:9851303",5,14,9
"SLC22A31","s1693_S_VTA_03_ASEReadCounter.table","NW_015090842.1:9851305",5,14,9
"SLC22A31","s1693_S_VTA_03_ASEReadCounter.table","NW_015090842.1:9851343",6,12,6
"SLC22A31","s1693_S_VTA_03_ASEReadCounter.table","NW_015090842.1:9851344",6,12,6
"SLC22A31","s1693_S_VTA_03_ASEReadCounter.table","NW_015090842.1:9851381",5,12,7
"SLC22A31","s1693_S_VTA_03_ASEReadCounter.table","NW_015090842.1:9851421",11,20,9
"SLC22A31","s1693_S_VTA_03_ASEReadCounter.table","NW_015090842.1:9851526",9,13,4
"SLC22A31","s1693_S_VTA_03_ASEReadCounter.table","NW_015090842.1:9851589",13,21,8
"SLC22A31","s1693_S_VTA_03_ASEReadCounter.table","NW_015090842.1:9851712",12,19,7
"SLC22A31","s1693_S_VTA_03_ASEReadCounter.table","NW_015090842.1:9851899",4,12,8
"SLC22A31","s1693_S_VTA_03_ASEReadCounter.table","NW_015090842.1:9852139",8,18,10
"SLC22A31","s1693_S_VTA_03_ASEReadCounter.table","NW_015090842.1:9852380",7,12,5
"SLC22A31","s1693_S_VTA_03_ASEReadCounter.table","NW_015090842.1:9852431",4,8,4
"SLC22A31","s1693_S_VTA_03_ASEReadCounter.table","NW_015090842.1:9852630",2,6,4
"SLC22A31","s1693_S_VTA_03_ASEReadCounter.table","NW_015090842.1:9852711",1,4,3
"SLC22A31","s1693_S_VTA_03_ASEReadCounter.table","NW_015090842.1:9852742",0,3,3
"SLC22A31","s1693_S_VTA_03_ASEReadCounter.table","NW_015090842.1:9853099",1,5,4
"SLC22A31","s1693_S_VTA_03_ASEReadCounter.table","NW_015090842.1:9853102",2,4,2
"SLC22A31","s1693_S_VTA_03_ASEReadCounter.table","NW_015090842.1:9853421",2,2,0
"SLC22A31","s1693_S_VTA_03_ASEReadCounter.table","NW_015090842.1:9853457",2,2,0
"SLC22A31","s1693_S_VTA_03_ASEReadCounter.table","NW_015090842.1:9853502",5,5,0
"ANKRD11","s1693_S_VTA_03_ASEReadCounter.table","NW_015090842.1:9858863",7,13,6
"ANKRD11","s1693_S_VTA_03_ASEReadCounter.table","NW_015090842.1:9859101",135,287,152
"ANKRD11","s1693_S_VTA_03_ASEReadCounter.table","NW_015090842.1:9859352",160,392,232
"ANKRD11","s1693_S_VTA_03_ASEReadCounter.table","NW_015090842.1:9859381",34,207,173
"ANKRD11","s1693_S_VTA_03_ASEReadCounter.table","NW_015090842.1:9859527",81,171,90
"ANKRD11","s1693_S_VTA_03_ASEReadCounter.table","NW_015090842.1:9859529",82,179,97
"ANKRD11","s1693_S_VTA_03_ASEReadCounter.table","NW_015090842.1:9859679",152,320,168
"ANKRD11","s1693_S_VTA_03_ASEReadCounter.table","NW_015090842.1:9861097",116,237,121
"ANKRD11","s1693_S_VTA_03_ASEReadCounter.table","NW_015090842.1:9862571",74,144,70
"ANKRD11","s1693_S_VTA_03_ASEReadCounter.table","NW_015090842.1:9866071",0,77,77
"ANKRD11","s1693_S_VTA_03_ASEReadCounter.table","NW_015090842.1:9866200",0,55,55
"ANKRD11","s1693_S_VTA_03_ASEReadCounter.table","NW_015090842.1:9867391",29,60,31
"ANKRD11","s1693_S_VTA_03_ASEReadCounter.table","NW_015090842.1:9867472",37,82,45
"ANKRD11","s1693_S_VTA_03_ASEReadCounter.table","NW_015090842.1:9867559",52,101,49
"ANKRD11","s1693_S_VTA_03_ASEReadCounter.table","NW_015090842.1:9867934",50,99,49
"ANKRD11","s1693_S_VTA_03_ASEReadCounter.table","NW_015090842.1:9868093",49,98,49
"ANKRD11","s1693_S_VTA_03_ASEReadCounter.table","NW_015090842.1:9868222",61,108,47
"ANKRD11","s1693_S_VTA_03_ASEReadCounter.table","NW_015090842.1:9868327",54,119,65
"ANKRD11","s1693_S_VTA_03_ASEReadCounter.table","NW_015090842.1:9868414",70,163,93
"ANKRD11","s1693_S_VTA_03_ASEReadCounter.table","NW_015090842.1:9868441",61,148,87
"ANKRD11","s1693_S_VTA_03_ASEReadCounter.table","NW_015090842.1:9868444",64,157,93
"ANKRD11","s1693_S_VTA_03_ASEReadCounter.table","NW_015090842.1:9868519",85,166,81
"ANKRD11","s1693_S_VTA_03_ASEReadCounter.table","NW_015090842.1:9868609",90,204,114
"ANKRD11","s1693_S_VTA_03_ASEReadCounter.table","NW_015090842.1:9868666",109,234,125
"ANKRD11","s1693_S_VTA_03_ASEReadCounter.table","NW_015090842.1:9869431",156,291,135
"ANKRD11","s1693_S_VTA_03_ASEReadCounter.table","NW_015090842.1:9869578",237,471,234
"ANKRD11","s1693_S_VTA_03_ASEReadCounter.table","NW_015090842.1:9869734",247,508,261
"ANKRD11","s1693_S_VTA_03_ASEReadCounter.table","NW_015090842.1:9870070",196,422,226
"ANKRD11","s1693_S_VTA_03_ASEReadCounter.table","NW_015090842.1:9870349",243,500,257
"ANKRD11","s1693_S_VTA_03_ASEReadCounter.table","NW_015090842.1:9870604",238,475,237
"ANKRD11","s1693_S_VTA_03_ASEReadCounter.table","NW_015090842.1:9870613",266,514,248
"ANKRD11","s1693_S_VTA_03_ASEReadCounter.table","NW_015090842.1:9870685",283,606,323
"ANKRD11","s1693_S_VTA_03_ASEReadCounter.table","NW_015090842.1:9870847",237,493,256
"ANKRD11","s1693_S_VTA_03_ASEReadCounter.table","NW_015090842.1:9871103",195,365,170
"ANKRD11","s1693_S_VTA_03_ASEReadCounter.table","NW_015090842.1:9871165",201,418,217
"ANKRD11","s1693_S_VTA_03_ASEReadCounter.table","NW_015090842.1:9871820",59,117,58
"ANKRD11","s1693_S_VTA_03_ASEReadCounter.table","NW_015090842.1:9871994",125,125,0
"ANKRD11","s1693_S_VTA_03_ASEReadCounter.table","NW_015090842.1:9872118",57,120,63
"SPG7","s1693_S_VTA_03_ASEReadCounter.table","NW_015090842.1:10051190",69,154,85
"SPG7","s1693_S_VTA_03_ASEReadCounter.table","NW_015090842.1:10051218",83,193,110
"SPG7","s1693_S_VTA_03_ASEReadCounter.table","NW_015090842.1:10052348",109,216,107
"SPG7","s1693_S_VTA_03_ASEReadCounter.table","NW_015090842.1:10052366",105,211,106
"SPG7","s1693_S_VTA_03_ASEReadCounter.table","NW_015090842.1:10065173",148,331,183
"SPG7","s1693_S_VTA_03_ASEReadCounter.table","NW_015090842.1:10065215",151,298,147
"SPG7","s1693_S_VTA_03_ASEReadCounter.table","NW_015090842.1:10066301",121,236,115
"SPG7","s1693_S_VTA_03_ASEReadCounter.table","NW_015090842.1:10066365",127,258,131
"SPG7","s1693_S_VTA_03_ASEReadCounter.table","NW_015090842.1:10069752",166,343,177
"SPG7","s1693_S_VTA_03_ASEReadCounter.table","NW_015090842.1:10069800",161,346,185
"SPG7","s1693_S_VTA_03_ASEReadCounter.table","NW_015090842.1:10071192",202,387,185
"SPG7","s1693_S_VTA_03_ASEReadCounter.table","NW_015090842.1:10071204",194,369,175
"SPG7","s1693_S_VTA_03_ASEReadCounter.table","NW_015090842.1:10071219",190,361,171
"SPG7","s1693_S_VTA_03_ASEReadCounter.table","NW_015090842.1:10071967",172,338,166
"SPG7","s1693_S_VTA_03_ASEReadCounter.table","NW_015090842.1:10075109",303,539,236
"SPG7","s1693_S_VTA_03_ASEReadCounter.table","NW_015090842.1:10075114",319,551,232
"SPG7","s1693_S_VTA_03_ASEReadCounter.table","NW_015090842.1:10075198",262,447,185
"SPG7","s1693_S_VTA_03_ASEReadCounter.table","NW_015090842.1:10075487",188,364,176
"SPG7","s1693_S_VTA_03_ASEReadCounter.table","NW_015090842.1:10075488",188,364,176
"SPG7","s1693_S_VTA_03_ASEReadCounter.table","NW_015090842.1:10075548",155,280,125
"RPL13","s1693_S_VTA_03_ASEReadCounter.table","NW_015090842.1:10076979",3,6,3
"RPL13","s1693_S_VTA_03_ASEReadCounter.table","NW_015090842.1:10077387",459,1064,605
"RPL13","s1693_S_VTA_03_ASEReadCounter.table","NW_015090842.1:10077978",708,1552,844
"RPL13","s1693_S_VTA_03_ASEReadCounter.table","NW_015090842.1:10077992",698,1480,782
"CPNE7","s1693_S_VTA_03_ASEReadCounter.table","NW_015090842.1:10084001",5,6,1
"CPNE7","s1693_S_VTA_03_ASEReadCounter.table","NW_015090842.1:10084856",6,6,0
"CPNE7","s1693_S_VTA_03_ASEReadCounter.table","NW_015090842.1:10084872",6,6,0
"CPNE7","s1693_S_VTA_03_ASEReadCounter.table","NW_015090842.1:10084892",5,5,0
"CPNE7","s1693_S_VTA_03_ASEReadCounter.table","NW_015090842.1:10084921",5,6,1
"CPNE7","s1693_S_VTA_03_ASEReadCounter.table","NW_015090842.1:10084935",5,6,1
"CPNE7","s1693_S_VTA_03_ASEReadCounter.table","NW_015090842.1:10085000",4,6,2
"CPNE7","s1693_S_VTA_03_ASEReadCounter.table","NW_015090842.1:10085089",3,4,1
"CPNE7","s1693_S_VTA_03_ASEReadCounter.table","NW_015090842.1:10085096",2,3,1
"CPNE7","s1693_S_VTA_03_ASEReadCounter.table","NW_015090842.1:10085126",6,8,2
"CPNE7","s1693_S_VTA_03_ASEReadCounter.table","NW_015090842.1:10085180",7,9,2
"CPNE7","s1693_S_VTA_03_ASEReadCounter.table","NW_015090842.1:10085201",5,5,0
"CPNE7","s1693_S_VTA_03_ASEReadCounter.table","NW_015090842.1:10088134",8,9,1
"CPNE7","s1693_S_VTA_03_ASEReadCounter.table","NW_015090842.1:10088146",7,8,1
"CPNE7","s1693_S_VTA_03_ASEReadCounter.table","NW_015090842.1:10088940",12,17,5
"CPNE7","s1693_S_VTA_03_ASEReadCounter.table","NW_015090842.1:10088965",11,16,5
"CPNE7","s1693_S_VTA_03_ASEReadCounter.table","NW_015090842.1:10088967",11,16,5
"CPNE7","s1693_S_VTA_03_ASEReadCounter.table","NW_015090842.1:10088973",13,19,6
"CPNE7","s1693_S_VTA_03_ASEReadCounter.table","NW_015090842.1:10090924",21,31,10
"CPNE7","s1693_S_VTA_03_ASEReadCounter.table","NW_015090842.1:10090930",20,31,11
"CPNE7","s1693_S_VTA_03_ASEReadCounter.table","NW_015090842.1:10091075",26,32,6
"CPNE7","s1693_S_VTA_03_ASEReadCounter.table","NW_015090842.1:10091389",21,34,13
"CPNE7","s1693_S_VTA_03_ASEReadCounter.table","NW_015090842.1:10091407",28,40,12
"CPNE7","s1693_S_VTA_03_ASEReadCounter.table","NW_015090842.1:10091530",21,35,14
"CPNE7","s1693_S_VTA_03_ASEReadCounter.table","NW_015090842.1:10091875",34,43,9
"CPNE7","s1693_S_VTA_03_ASEReadCounter.table","NW_015090842.1:10091983",25,39,14
"CPNE7","s1693_S_VTA_03_ASEReadCounter.table","NW_015090842.1:10091997",27,41,14
"CPNE7","s1693_S_VTA_03_ASEReadCounter.table","NW_015090842.1:10092038",12,21,9
"CPNE7","s1693_S_VTA_03_ASEReadCounter.table","NW_015090842.1:10092140",15,24,9
"CPNE7","s1693_S_VTA_03_ASEReadCounter.table","NW_015090842.1:10092183",13,18,5
"CPNE7","s1693_S_VTA_03_ASEReadCounter.table","NW_015090842.1:10092201",12,15,3
"CPNE7","s1693_S_VTA_03_ASEReadCounter.table","NW_015090842.1:10092230",7,10,3
"CPNE7","s1693_S_VTA_03_ASEReadCounter.table","NW_015090842.1:10092246",5,7,2
"LOC106888185","s1693_S_VTA_03_ASEReadCounter.table","NW_015090842.1:10094965",0,4,4
"LOC106888185","s1693_S_VTA_03_ASEReadCounter.table","NW_015090842.1:10094966",0,4,4
"LOC106888185","s1693_S_VTA_03_ASEReadCounter.table","NW_015090842.1:10094985",0,4,4
"LOC106888185","s1693_S_VTA_03_ASEReadCounter.table","NW_015090842.1:10095055",0,4,4
"LOC106888185","s1693_S_VTA_03_ASEReadCounter.table","NW_015090842.1:10095062",0,2,2
"LOC106888185","s1693_S_VTA_03_ASEReadCounter.table","NW_015090842.1:10095130",2,8,6
"LOC106888185","s1693_S_VTA_03_ASEReadCounter.table","NW_015090842.1:10095265",16,25,9
"LOC106888185","s1693_S_VTA_03_ASEReadCounter.table","NW_015090842.1:10095586",13,32,19
"LOC106888185","s1693_S_VTA_03_ASEReadCounter.table","NW_015090842.1:10095593",15,35,20
"LOC106888185","s1693_S_VTA_03_ASEReadCounter.table","NW_015090842.1:10095616",14,30,16
"LOC106888185","s1693_S_VTA_03_ASEReadCounter.table","NW_015090842.1:10095662",14,29,15
"LOC106888185","s1693_S_VTA_03_ASEReadCounter.table","NW_015090842.1:10095674",13,26,13
"LOC106888185","s1693_S_VTA_03_ASEReadCounter.table","NW_015090842.1:10095786",9,20,11
"LOC106888185","s1693_S_VTA_03_ASEReadCounter.table","NW_015090842.1:10095831",12,27,15
"LOC106888185","s1693_S_VTA_03_ASEReadCounter.table","NW_015090842.1:10096230",6,12,6
"LOC106888185","s1693_S_VTA_03_ASEReadCounter.table","NW_015090842.1:10096249",9,17,8
"LOC106888185","s1693_S_VTA_03_ASEReadCounter.table","NW_015090842.1:10096272",14,22,8
"LOC106888185","s1693_S_VTA_03_ASEReadCounter.table","NW_015090842.1:10096288",13,23,10
"LOC106888185","s1693_S_VTA_03_ASEReadCounter.table","NW_015090842.1:10097248",10,18,8
"LOC106888185","s1693_S_VTA_03_ASEReadCounter.table","NW_015090842.1:10097265",10,20,10
"LOC106888185","s1693_S_VTA_03_ASEReadCounter.table","NW_015090842.1:10097446",0,1,1
"DPEP1","s1693_S_VTA_03_ASEReadCounter.table","NW_015090842.1:10098518",0,1,1
"DPEP1","s1693_S_VTA_03_ASEReadCounter.table","NW_015090842.1:10099765",0,1,1
"DPEP1","s1693_S_VTA_03_ASEReadCounter.table","NW_015090842.1:10099985",0,2,2
"DPEP1","s1693_S_VTA_03_ASEReadCounter.table","NW_015090842.1:10099986",0,2,2
"DPEP1","s1693_S_VTA_03_ASEReadCounter.table","NW_015090842.1:10099991",0,3,3
"DPEP1","s1693_S_VTA_03_ASEReadCounter.table","NW_015090842.1:10100044",0,3,3
"DPEP1","s1693_S_VTA_03_ASEReadCounter.table","NW_015090842.1:10100045",0,3,3
"DPEP1","s1693_S_VTA_03_ASEReadCounter.table","NW_015090842.1:10100084",0,3,3
"DPEP1","s1693_S_VTA_03_ASEReadCounter.table","NW_015090842.1:10100295",0,2,2
"DPEP1","s1693_S_VTA_03_ASEReadCounter.table","NW_015090842.1:10101483",1,3,2
"DPEP1","s1693_S_VTA_03_ASEReadCounter.table","NW_015090842.1:10101497",1,1,0
"DPEP1","s1693_S_VTA_03_ASEReadCounter.table","NW_015090842.1:10101525",1,4,3
"DPEP1","s1693_S_VTA_03_ASEReadCounter.table","NW_015090842.1:10101875",0,1,1
"DPEP1","s1693_S_VTA_03_ASEReadCounter.table","NW_015090842.1:10101913",0,2,2
"DPEP1","s1693_S_VTA_03_ASEReadCounter.table","NW_015090842.1:10101996",0,1,1
"CHMP1A","s1693_S_VTA_03_ASEReadCounter.table","NW_015090842.1:10102901",64,163,99
"CHMP1A","s1693_S_VTA_03_ASEReadCounter.table","NW_015090842.1:10102961",58,201,143
"CHMP1A","s1693_S_VTA_03_ASEReadCounter.table","NW_015090842.1:10102996",64,191,127
"CHMP1A","s1693_S_VTA_03_ASEReadCounter.table","NW_015090842.1:10103004",76,206,130
"CHMP1A","s1693_S_VTA_03_ASEReadCounter.table","NW_015090842.1:10103006",76,204,128
"CHMP1A","s1693_S_VTA_03_ASEReadCounter.table","NW_015090842.1:10103052",130,259,129
"CHMP1A","s1693_S_VTA_03_ASEReadCounter.table","NW_015090842.1:10103095",126,263,137
"CHMP1A","s1693_S_VTA_03_ASEReadCounter.table","NW_015090842.1:10103096",128,265,137
"CHMP1A","s1693_S_VTA_03_ASEReadCounter.table","NW_015090842.1:10103152",100,208,108
"CHMP1A","s1693_S_VTA_03_ASEReadCounter.table","NW_015090842.1:10103334",65,157,92
"CHMP1A","s1693_S_VTA_03_ASEReadCounter.table","NW_015090842.1:10103373",35,129,94
"CHMP1A","s1693_S_VTA_03_ASEReadCounter.table","NW_015090842.1:10103408",67,166,99
"CHMP1A","s1693_S_VTA_03_ASEReadCounter.table","NW_015090842.1:10103412",74,167,93
"CHMP1A","s1693_S_VTA_03_ASEReadCounter.table","NW_015090842.1:10103512",105,215,110
"CHMP1A","s1693_S_VTA_03_ASEReadCounter.table","NW_015090842.1:10103513",105,212,107
"CHMP1A","s1693_S_VTA_03_ASEReadCounter.table","NW_015090842.1:10103583",71,142,71
"CHMP1A","s1693_S_VTA_03_ASEReadCounter.table","NW_015090842.1:10103614",67,132,65
"CHMP1A","s1693_S_VTA_03_ASEReadCounter.table","NW_015090842.1:10103657",72,146,74
"CHMP1A","s1693_S_VTA_03_ASEReadCounter.table","NW_015090842.1:10103669",60,133,73
"CHMP1A","s1693_S_VTA_03_ASEReadCounter.table","NW_015090842.1:10103674",65,132,67
"CHMP1A","s1693_S_VTA_03_ASEReadCounter.table","NW_015090842.1:10103677",62,125,63
"CHMP1A","s1693_S_VTA_03_ASEReadCounter.table","NW_015090842.1:10103729",92,169,77
"CHMP1A","s1693_S_VTA_03_ASEReadCounter.table","NW_015090842.1:10103758",79,149,70
"CHMP1A","s1693_S_VTA_03_ASEReadCounter.table","NW_015090842.1:10103761",83,153,70
"CHMP1A","s1693_S_VTA_03_ASEReadCounter.table","NW_015090842.1:10103788",90,180,90
"CHMP1A","s1693_S_VTA_03_ASEReadCounter.table","NW_015090842.1:10103789",92,181,89
"CHMP1A","s1693_S_VTA_03_ASEReadCounter.table","NW_015090842.1:10103790",88,179,91
"CHMP1A","s1693_S_VTA_03_ASEReadCounter.table","NW_015090842.1:10103950",64,133,69
"CHMP1A","s1693_S_VTA_03_ASEReadCounter.table","NW_015090842.1:10104335",58,125,67
"CHMP1A","s1693_S_VTA_03_ASEReadCounter.table","NW_015090842.1:10104429",72,139,67
"CHMP1A","s1693_S_VTA_03_ASEReadCounter.table","NW_015090842.1:10104532",86,161,75
"CHMP1A","s1693_S_VTA_03_ASEReadCounter.table","NW_015090842.1:10104633",49,117,68
"CHMP1A","s1693_S_VTA_03_ASEReadCounter.table","NW_015090842.1:10104759",41,103,62
"CHMP1A","s1693_S_VTA_03_ASEReadCounter.table","NW_015090842.1:10104794",52,121,69
"CHMP1A","s1693_S_VTA_03_ASEReadCounter.table","NW_015090842.1:10104844",38,100,62
"CHMP1A","s1693_S_VTA_03_ASEReadCounter.table","NW_015090842.1:10106290",41,106,65
"CHMP1A","s1693_S_VTA_03_ASEReadCounter.table","NW_015090842.1:10106335",44,105,61
"CHMP1A","s1693_S_VTA_03_ASEReadCounter.table","NW_015090842.1:10106383",55,126,71
"CHMP1A","s1693_S_VTA_03_ASEReadCounter.table","NW_015090842.1:10106747",42,118,76
"CHMP1A","s1693_S_VTA_03_ASEReadCounter.table","NW_015090842.1:10107404",68,122,54
"CHMP1A","s1693_S_VTA_03_ASEReadCounter.table","NW_015090842.1:10107410",70,125,55
"CHMP1A","s1693_S_VTA_03_ASEReadCounter.table","NW_015090842.1:10107876",62,107,45
"CDK10","s1693_S_VTA_03_ASEReadCounter.table","NW_015090842.1:10109030",5,8,3
"CDK10","s1693_S_VTA_03_ASEReadCounter.table","NW_015090842.1:10109963",39,99,60
"CDK10","s1693_S_VTA_03_ASEReadCounter.table","NW_015090842.1:10110887",40,96,56
"CDK10","s1693_S_VTA_03_ASEReadCounter.table","NW_015090842.1:10111254",27,82,55
"CDK10","s1693_S_VTA_03_ASEReadCounter.table","NW_015090842.1:10111380",30,98,68
"CDK10","s1693_S_VTA_03_ASEReadCounter.table","NW_015090842.1:10111395",32,100,68
"CDK10","s1693_S_VTA_03_ASEReadCounter.table","NW_015090842.1:10111437",22,90,68
"CDK10","s1693_S_VTA_03_ASEReadCounter.table","NW_015090842.1:10111798",28,107,79
"CDK10","s1693_S_VTA_03_ASEReadCounter.table","NW_015090842.1:10111840",35,116,81
"CDK10","s1693_S_VTA_03_ASEReadCounter.table","NW_015090842.1:10112031",41,144,103
"CDK10","s1693_S_VTA_03_ASEReadCounter.table","NW_015090842.1:10112285",50,148,98
"CDK10","s1693_S_VTA_03_ASEReadCounter.table","NW_015090842.1:10112398",57,165,108
"CDK10","s1693_S_VTA_03_ASEReadCounter.table","NW_015090842.1:10112455",45,161,116
"CDK10","s1693_S_VTA_03_ASEReadCounter.table","NW_015090842.1:10112461",41,147,106
"CDK10","s1693_S_VTA_03_ASEReadCounter.table","NW_015090842.1:10112497",36,127,91
"CDK10","s1693_S_VTA_03_ASEReadCounter.table","NW_015090842.1:10112508",33,127,94
"CDK10","s1693_S_VTA_03_ASEReadCounter.table","NW_015090842.1:10112518",25,114,89
"CDK10","s1693_S_VTA_03_ASEReadCounter.table","NW_015090842.1:10112540",12,102,90
"CDK10","s1693_S_VTA_03_ASEReadCounter.table","NW_015090842.1:10112556",33,116,83
"CDK10","s1693_S_VTA_03_ASEReadCounter.table","NW_015090842.1:10112561",40,135,95
"CDK10","s1693_S_VTA_03_ASEReadCounter.table","NW_015090842.1:10112596",53,140,87
"CDK10","s1693_S_VTA_03_ASEReadCounter.table","NW_015090842.1:10112630",50,121,71
"CDK10","s1693_S_VTA_03_ASEReadCounter.table","NW_015090842.1:10112656",43,107,64
"CDK10","s1693_S_VTA_03_ASEReadCounter.table","NW_015090842.1:10112665",34,85,51
"CDK10","s1693_S_VTA_03_ASEReadCounter.table","NW_015090842.1:10112668",32,82,50
"CDK10","s1693_S_VTA_03_ASEReadCounter.table","NW_015090842.1:10112781",14,46,32
"CDK10","s1693_S_VTA_03_ASEReadCounter.table","NW_015090842.1:10112782",14,45,31
"CDK10","s1693_S_VTA_03_ASEReadCounter.table","NW_015090842.1:10112795",13,44,31
"CDK10","s1693_S_VTA_03_ASEReadCounter.table","NW_015090842.1:10112841",3,16,13
"CDK10","s1693_S_VTA_03_ASEReadCounter.table","NW_015090842.1:10112861",1,10,9
"SPATA2L","s1693_S_VTA_03_ASEReadCounter.table","NW_015090842.1:10113212",13,45,32
"SPATA2L","s1693_S_VTA_03_ASEReadCounter.table","NW_015090842.1:10113280",28,100,72
"SPATA2L","s1693_S_VTA_03_ASEReadCounter.table","NW_015090842.1:10113296",29,114,85
"SPATA2L","s1693_S_VTA_03_ASEReadCounter.table","NW_015090842.1:10113321",32,119,87
"SPATA2L","s1693_S_VTA_03_ASEReadCounter.table","NW_015090842.1:10113332",35,134,99
"SPATA2L","s1693_S_VTA_03_ASEReadCounter.table","NW_015090842.1:10113380",38,147,109
"SPATA2L","s1693_S_VTA_03_ASEReadCounter.table","NW_015090842.1:10113381",39,149,110
"SPATA2L","s1693_S_VTA_03_ASEReadCounter.table","NW_015090842.1:10113412",41,157,116
"SPATA2L","s1693_S_VTA_03_ASEReadCounter.table","NW_015090842.1:10113421",44,157,113
"SPATA2L","s1693_S_VTA_03_ASEReadCounter.table","NW_015090842.1:10113465",38,133,95
"SPATA2L","s1693_S_VTA_03_ASEReadCounter.table","NW_015090842.1:10113535",52,128,76
"SPATA2L","s1693_S_VTA_03_ASEReadCounter.table","NW_015090842.1:10113645",47,153,106
"SPATA2L","s1693_S_VTA_03_ASEReadCounter.table","NW_015090842.1:10113682",58,195,137
"SPATA2L","s1693_S_VTA_03_ASEReadCounter.table","NW_015090842.1:10113696",62,190,128
"SPATA2L","s1693_S_VTA_03_ASEReadCounter.table","NW_015090842.1:10113727",60,191,131
"SPATA2L","s1693_S_VTA_03_ASEReadCounter.table","NW_015090842.1:10113729",61,188,127
"SPATA2L","s1693_S_VTA_03_ASEReadCounter.table","NW_015090842.1:10113799",69,198,129
"SPATA2L","s1693_S_VTA_03_ASEReadCounter.table","NW_015090842.1:10113809",78,213,135
"SPATA2L","s1693_S_VTA_03_ASEReadCounter.table","NW_015090842.1:10113827",82,222,140
"SPATA2L","s1693_S_VTA_03_ASEReadCounter.table","NW_015090842.1:10113831",81,221,140
"SPATA2L","s1693_S_VTA_03_ASEReadCounter.table","NW_015090842.1:10113894",60,181,121
"SPATA2L","s1693_S_VTA_03_ASEReadCounter.table","NW_015090842.1:10113905",45,161,116
"SPATA2L","s1693_S_VTA_03_ASEReadCounter.table","NW_015090842.1:10113914",46,156,110
"SPATA2L","s1693_S_VTA_03_ASEReadCounter.table","NW_015090842.1:10113920",51,154,103
"SPATA2L","s1693_S_VTA_03_ASEReadCounter.table","NW_015090842.1:10113937",66,170,104
"SPATA2L","s1693_S_VTA_03_ASEReadCounter.table","NW_015090842.1:10113971",50,146,96
"SPATA2L","s1693_S_VTA_03_ASEReadCounter.table","NW_015090842.1:10113976",45,148,103
"SPATA2L","s1693_S_VTA_03_ASEReadCounter.table","NW_015090842.1:10113985",50,137,87
"SPATA2L","s1693_S_VTA_03_ASEReadCounter.table","NW_015090842.1:10113994",63,162,99
"SPATA2L","s1693_S_VTA_03_ASEReadCounter.table","NW_015090842.1:10114063",58,153,95
"SPATA2L","s1693_S_VTA_03_ASEReadCounter.table","NW_015090842.1:10114066",60,157,97
"SPATA2L","s1693_S_VTA_03_ASEReadCounter.table","NW_015090842.1:10114069",62,163,101
"SPATA2L","s1693_S_VTA_03_ASEReadCounter.table","NW_015090842.1:10114159",37,99,62
"SPATA2L","s1693_S_VTA_03_ASEReadCounter.table","NW_015090842.1:10114262",136,136,0
"SPATA2L","s1693_S_VTA_03_ASEReadCounter.table","NW_015090842.1:10114470",31,89,58
"SPATA2L","s1693_S_VTA_03_ASEReadCounter.table","NW_015090842.1:10114524",28,62,34
"VPS9D1","s1693_S_VTA_03_ASEReadCounter.table","NW_015090842.1:10116377",34,89,55
"VPS9D1","s1693_S_VTA_03_ASEReadCounter.table","NW_015090842.1:10116415",45,107,62
"VPS9D1","s1693_S_VTA_03_ASEReadCounter.table","NW_015090842.1:10116607",41,96,55
"VPS9D1","s1693_S_VTA_03_ASEReadCounter.table","NW_015090842.1:10116821",20,71,51
"VPS9D1","s1693_S_VTA_03_ASEReadCounter.table","NW_015090842.1:10116825",24,74,50
"VPS9D1","s1693_S_VTA_03_ASEReadCounter.table","NW_015090842.1:10116882",27,70,43
"VPS9D1","s1693_S_VTA_03_ASEReadCounter.table","NW_015090842.1:10116933",30,75,45
"VPS9D1","s1693_S_VTA_03_ASEReadCounter.table","NW_015090842.1:10116942",28,75,47
"VPS9D1","s1693_S_VTA_03_ASEReadCounter.table","NW_015090842.1:10117152",26,72,46
"VPS9D1","s1693_S_VTA_03_ASEReadCounter.table","NW_015090842.1:10117480",16,53,37
"VPS9D1","s1693_S_VTA_03_ASEReadCounter.table","NW_015090842.1:10117497",14,46,32
"VPS9D1","s1693_S_VTA_03_ASEReadCounter.table","NW_015090842.1:10117499",13,48,35
"VPS9D1","s1693_S_VTA_03_ASEReadCounter.table","NW_015090842.1:10117516",13,52,39
"VPS9D1","s1693_S_VTA_03_ASEReadCounter.table","NW_015090842.1:10117525",16,52,36
"VPS9D1","s1693_S_VTA_03_ASEReadCounter.table","NW_015090842.1:10117579",18,69,51
"VPS9D1","s1693_S_VTA_03_ASEReadCounter.table","NW_015090842.1:10117627",25,76,51
"VPS9D1","s1693_S_VTA_03_ASEReadCounter.table","NW_015090842.1:10117678",22,78,56
"VPS9D1","s1693_S_VTA_03_ASEReadCounter.table","NW_015090842.1:10117773",30,80,50
"VPS9D1","s1693_S_VTA_03_ASEReadCounter.table","NW_015090842.1:10117937",26,82,56
"VPS9D1","s1693_S_VTA_03_ASEReadCounter.table","NW_015090842.1:10117961",25,84,59
"VPS9D1","s1693_S_VTA_03_ASEReadCounter.table","NW_015090842.1:10118236",25,90,65
"VPS9D1","s1693_S_VTA_03_ASEReadCounter.table","NW_015090842.1:10118414",20,80,60
"VPS9D1","s1693_S_VTA_03_ASEReadCounter.table","NW_015090842.1:10118973",20,77,57
"VPS9D1","s1693_S_VTA_03_ASEReadCounter.table","NW_015090842.1:10119500",17,54,37
"ZNF276","s1693_S_VTA_03_ASEReadCounter.table","NW_015090842.1:10121760",1,5,4
"ZNF276","s1693_S_VTA_03_ASEReadCounter.table","NW_015090842.1:10121769",2,7,5
"ZNF276","s1693_S_VTA_03_ASEReadCounter.table","NW_015090842.1:10121802",6,15,9
"ZNF276","s1693_S_VTA_03_ASEReadCounter.table","NW_015090842.1:10121971",12,24,12
"ZNF276","s1693_S_VTA_03_ASEReadCounter.table","NW_015090842.1:10122161",28,28,0
"ZNF276","s1693_S_VTA_03_ASEReadCounter.table","NW_015090842.1:10122164",25,25,0
"ZNF276","s1693_S_VTA_03_ASEReadCounter.table","NW_015090842.1:10122184",24,24,0
"ZNF276","s1693_S_VTA_03_ASEReadCounter.table","NW_015090842.1:10122883",16,27,11
"ZNF276","s1693_S_VTA_03_ASEReadCounter.table","NW_015090842.1:10122997",12,26,14
"ZNF276","s1693_S_VTA_03_ASEReadCounter.table","NW_015090842.1:10123069",10,23,13
"ZNF276","s1693_S_VTA_03_ASEReadCounter.table","NW_015090842.1:10123207",20,49,29
"ZNF276","s1693_S_VTA_03_ASEReadCounter.table","NW_015090842.1:10125787",17,52,35
"ZNF276","s1693_S_VTA_03_ASEReadCounter.table","NW_015090842.1:10126309",22,56,34
"ZNF276","s1693_S_VTA_03_ASEReadCounter.table","NW_015090842.1:10126348",25,59,34
"ZNF276","s1693_S_VTA_03_ASEReadCounter.table","NW_015090842.1:10126978",33,76,43
"ZNF276","s1693_S_VTA_03_ASEReadCounter.table","NW_015090842.1:10126991",31,75,44
"ZNF276","s1693_S_VTA_03_ASEReadCounter.table","NW_015090842.1:10127023",37,78,41
"ZNF276","s1693_S_VTA_03_ASEReadCounter.table","NW_015090842.1:10127063",31,75,44
"ZNF276","s1693_S_VTA_03_ASEReadCounter.table","NW_015090842.1:10127373",25,59,34
"ZNF276","s1693_S_VTA_03_ASEReadCounter.table","NW_015090842.1:10127931",36,86,50
"ZNF276","s1693_S_VTA_03_ASEReadCounter.table","NW_015090842.1:10128070",45,99,54
"ZNF276","s1693_S_VTA_03_ASEReadCounter.table","NW_015090842.1:10128102",46,92,46
"ZNF276","s1693_S_VTA_03_ASEReadCounter.table","NW_015090842.1:10128356",34,76,42
"ZNF276","s1693_S_VTA_03_ASEReadCounter.table","NW_015090842.1:10128497",25,44,19
"FANCA","s1693_S_VTA_03_ASEReadCounter.table","NW_015090842.1:10128743",1,3,2
"FANCA","s1693_S_VTA_03_ASEReadCounter.table","NW_015090842.1:10128822",1,3,2
"FANCA","s1693_S_VTA_03_ASEReadCounter.table","NW_015090842.1:10129383",1,3,2
"FANCA","s1693_S_VTA_03_ASEReadCounter.table","NW_015090842.1:10129390",1,4,3
"FANCA","s1693_S_VTA_03_ASEReadCounter.table","NW_015090842.1:10129422",2,3,1
"FANCA","s1693_S_VTA_03_ASEReadCounter.table","NW_015090842.1:10129969",2,2,0
"FANCA","s1693_S_VTA_03_ASEReadCounter.table","NW_015090842.1:10130399",2,2,0
"FANCA","s1693_S_VTA_03_ASEReadCounter.table","NW_015090842.1:10130857",1,2,1
"FANCA","s1693_S_VTA_03_ASEReadCounter.table","NW_015090842.1:10130878",3,4,1
"FANCA","s1693_S_VTA_03_ASEReadCounter.table","NW_015090842.1:10133530",3,4,1
"FANCA","s1693_S_VTA_03_ASEReadCounter.table","NW_015090842.1:10133533",3,4,1
"FANCA","s1693_S_VTA_03_ASEReadCounter.table","NW_015090842.1:10133536",3,4,1
"FANCA","s1693_S_VTA_03_ASEReadCounter.table","NW_015090842.1:10133601",2,3,1
"FANCA","s1693_S_VTA_03_ASEReadCounter.table","NW_015090842.1:10134492",3,3,0
"FANCA","s1693_S_VTA_03_ASEReadCounter.table","NW_015090842.1:10136957",3,4,1
"FANCA","s1693_S_VTA_03_ASEReadCounter.table","NW_015090842.1:10136982",3,4,1
"FANCA","s1693_S_VTA_03_ASEReadCounter.table","NW_015090842.1:10136999",1,2,1
"FANCA","s1693_S_VTA_03_ASEReadCounter.table","NW_015090842.1:10137019",2,2,0
"FANCA","s1693_S_VTA_03_ASEReadCounter.table","NW_015090842.1:10137673",2,3,1
"FANCA","s1693_S_VTA_03_ASEReadCounter.table","NW_015090842.1:10138618",2,2,0
"FANCA","s1693_S_VTA_03_ASEReadCounter.table","NW_015090842.1:10139140",1,2,1
"FANCA","s1693_S_VTA_03_ASEReadCounter.table","NW_015090842.1:10141234",1,1,0
"FANCA","s1693_S_VTA_03_ASEReadCounter.table","NW_015090842.1:10150518",1,2,1
"SPIRE2","s1693_S_VTA_03_ASEReadCounter.table","NW_015090842.1:10172284",22,43,21
"SPIRE2","s1693_S_VTA_03_ASEReadCounter.table","NW_015090842.1:10175262",39,67,28
"SPIRE2","s1693_S_VTA_03_ASEReadCounter.table","NW_015090842.1:10175352",18,34,16
"SPIRE2","s1693_S_VTA_03_ASEReadCounter.table","NW_015090842.1:10175400",44,109,65
"SPIRE2","s1693_S_VTA_03_ASEReadCounter.table","NW_015090842.1:10175418",53,126,73
"SPIRE2","s1693_S_VTA_03_ASEReadCounter.table","NW_015090842.1:10175704",72,141,69
"SPIRE2","s1693_S_VTA_03_ASEReadCounter.table","NW_015090842.1:10176115",108,228,120
"SPIRE2","s1693_S_VTA_03_ASEReadCounter.table","NW_015090842.1:10176561",122,236,114
"SPIRE2","s1693_S_VTA_03_ASEReadCounter.table","NW_015090842.1:10176817",129,276,147
"SPIRE2","s1693_S_VTA_03_ASEReadCounter.table","NW_015090842.1:10177084",78,159,81
"SPIRE2","s1693_S_VTA_03_ASEReadCounter.table","NW_015090842.1:10177838",112,245,133
"SPIRE2","s1693_S_VTA_03_ASEReadCounter.table","NW_015090842.1:10178000",127,284,157
"SPIRE2","s1693_S_VTA_03_ASEReadCounter.table","NW_015090842.1:10178164",143,296,153
"SPIRE2","s1693_S_VTA_03_ASEReadCounter.table","NW_015090842.1:10178216",161,330,169
"SPIRE2","s1693_S_VTA_03_ASEReadCounter.table","NW_015090842.1:10178303",146,283,137
"SPIRE2","s1693_S_VTA_03_ASEReadCounter.table","NW_015090842.1:10178403",140,294,154
"SPIRE2","s1693_S_VTA_03_ASEReadCounter.table","NW_015090842.1:10178409",139,287,148
"SPIRE2","s1693_S_VTA_03_ASEReadCounter.table","NW_015090842.1:10178524",139,273,134
"SPIRE2","s1693_S_VTA_03_ASEReadCounter.table","NW_015090842.1:10178526",140,274,134
"SPIRE2","s1693_S_VTA_03_ASEReadCounter.table","NW_015090842.1:10178531",134,261,127
"SPIRE2","s1693_S_VTA_03_ASEReadCounter.table","NW_015090842.1:10178565",123,261,138
"SPIRE2","s1693_S_VTA_03_ASEReadCounter.table","NW_015090842.1:10178587",111,237,126
"SPIRE2","s1693_S_VTA_03_ASEReadCounter.table","NW_015090842.1:10178640",103,192,89
"SPIRE2","s1693_S_VTA_03_ASEReadCounter.table","NW_015090842.1:10178651",109,210,101
"SPIRE2","s1693_S_VTA_03_ASEReadCounter.table","NW_015090842.1:10178682",99,185,86
"TCF25","s1693_S_VTA_03_ASEReadCounter.table","NW_015090842.1:10180912",49,80,31
"TCF25","s1693_S_VTA_03_ASEReadCounter.table","NW_015090842.1:10180924",54,86,32
"TCF25","s1693_S_VTA_03_ASEReadCounter.table","NW_015090842.1:10180931",54,87,33
"TCF25","s1693_S_VTA_03_ASEReadCounter.table","NW_015090842.1:10185332",133,256,123
"TCF25","s1693_S_VTA_03_ASEReadCounter.table","NW_015090842.1:10196561",80,164,84
"TCF25","s1693_S_VTA_03_ASEReadCounter.table","NW_015090842.1:10197399",224,224,0
"MC1R","s1693_S_VTA_03_ASEReadCounter.table","NW_015090842.1:10201853",2,4,2
"MC1R","s1693_S_VTA_03_ASEReadCounter.table","NW_015090842.1:10201986",0,1,1
"MC1R","s1693_S_VTA_03_ASEReadCounter.table","NW_015090842.1:10202160",2,3,1
"MC1R","s1693_S_VTA_03_ASEReadCounter.table","NW_015090842.1:10202447",1,2,1
"TUBB3","s1693_S_VTA_03_ASEReadCounter.table","NW_015090842.1:10205322",4,457,453
"GAS8","s1693_S_VTA_03_ASEReadCounter.table","NW_015090842.1:10228982",10,33,23
"GAS8","s1693_S_VTA_03_ASEReadCounter.table","NW_015090842.1:10229832",9,21,12
"GAS8","s1693_S_VTA_03_ASEReadCounter.table","NW_015090842.1:10232901",32,63,31
"GAS8","s1693_S_VTA_03_ASEReadCounter.table","NW_015090842.1:10232928",36,66,30
"GAS8","s1693_S_VTA_03_ASEReadCounter.table","NW_015090842.1:10232967",28,62,34
"GAS8","s1693_S_VTA_03_ASEReadCounter.table","NW_015090842.1:10233032",21,45,24
"GAS8","s1693_S_VTA_03_ASEReadCounter.table","NW_015090842.1:10233057",17,42,25
"GAS8","s1693_S_VTA_03_ASEReadCounter.table","NW_015090842.1:10233058",17,42,25
"GAS8","s1693_S_VTA_03_ASEReadCounter.table","NW_015090842.1:10233176",20,38,18
"GAS8","s1693_S_VTA_03_ASEReadCounter.table","NW_015090842.1:10233196",25,42,17
"GAS8","s1693_S_VTA_03_ASEReadCounter.table","NW_015090842.1:10233252",22,31,9
"GAS8","s1693_S_VTA_03_ASEReadCounter.table","NW_015090842.1:10233303",12,16,4
"LOC106888094","s1693_S_VTA_03_ASEReadCounter.table","NW_015090842.1:10233334",4,9,5
"LOC106888094","s1693_S_VTA_03_ASEReadCounter.table","NW_015090842.1:10233362",6,23,17
"LOC106888094","s1693_S_VTA_03_ASEReadCounter.table","NW_015090842.1:10233373",6,23,17
"LOC106888094","s1693_S_VTA_03_ASEReadCounter.table","NW_015090842.1:10233388",7,27,20
"LOC106888094","s1693_S_VTA_03_ASEReadCounter.table","NW_015090842.1:10233402",7,27,20
"LOC106888094","s1693_S_VTA_03_ASEReadCounter.table","NW_015090842.1:10233465",14,43,29
"LOC106888094","s1693_S_VTA_03_ASEReadCounter.table","NW_015090842.1:10233803",19,58,39
"LOC106888094","s1693_S_VTA_03_ASEReadCounter.table","NW_015090842.1:10233815",17,55,38
"LOC106888094","s1693_S_VTA_03_ASEReadCounter.table","NW_015090842.1:10235484",3,8,5
"LOC106888094","s1693_S_VTA_03_ASEReadCounter.table","NW_015090842.1:10235611",1,5,4
"LOC106888094","s1693_S_VTA_03_ASEReadCounter.table","NW_015090842.1:10235977",3,3,0
"LOC106888094","s1693_S_VTA_03_ASEReadCounter.table","NW_015090842.1:10236098",3,5,2
"LOC106888094","s1693_S_VTA_03_ASEReadCounter.table","NW_015090842.1:10236380",0,2,2
"LOC106888094","s1693_S_VTA_03_ASEReadCounter.table","NW_015090842.1:10236388",0,2,2
"LOC106888094","s1693_S_VTA_03_ASEReadCounter.table","NW_015090842.1:10236425",0,1,1
"LOC106888094","s1693_S_VTA_03_ASEReadCounter.table","NW_015090842.1:10236426",0,1,1
"LOC106888094","s1693_S_VTA_03_ASEReadCounter.table","NW_015090842.1:10236603",1,2,1
"LOC106888173","s1693_S_VTA_03_ASEReadCounter.table","NW_015090842.1:10239596",1,14,13
"LOC106888173","s1693_S_VTA_03_ASEReadCounter.table","NW_015090842.1:10240036",9,30,21
"LOC106888173","s1693_S_VTA_03_ASEReadCounter.table","NW_015090842.1:10240095",8,31,23
"LOC106888173","s1693_S_VTA_03_ASEReadCounter.table","NW_015090842.1:10240280",4,33,29
"LOC106888173","s1693_S_VTA_03_ASEReadCounter.table","NW_015090842.1:10240557",12,47,35
"LOC106888173","s1693_S_VTA_03_ASEReadCounter.table","NW_015090842.1:10240603",17,55,38
"LOC106888173","s1693_S_VTA_03_ASEReadCounter.table","NW_015090842.1:10240609",18,58,40
"LOC106888173","s1693_S_VTA_03_ASEReadCounter.table","NW_015090842.1:10240924",3,33,30
"LOC106888173","s1693_S_VTA_03_ASEReadCounter.table","NW_015090842.1:10241037",3,37,34
"LOC106888173","s1693_S_VTA_03_ASEReadCounter.table","NW_015090842.1:10241046",6,42,36
"LOC106888173","s1693_S_VTA_03_ASEReadCounter.table","NW_015090842.1:10241058",8,43,35
"LOC106888173","s1693_S_VTA_03_ASEReadCounter.table","NW_015090842.1:10241064",8,42,34
"LOC106888173","s1693_S_VTA_03_ASEReadCounter.table","NW_015090842.1:10241163",7,54,47
"LOC106888173","s1693_S_VTA_03_ASEReadCounter.table","NW_015090842.1:10241803",13,58,45
"LOC106888173","s1693_S_VTA_03_ASEReadCounter.table","NW_015090842.1:10241827",12,57,45
"LOC106888173","s1693_S_VTA_03_ASEReadCounter.table","NW_015090842.1:10241869",14,56,42
"LOC106888173","s1693_S_VTA_03_ASEReadCounter.table","NW_015090842.1:10242079",17,48,31
"LOC106888173","s1693_S_VTA_03_ASEReadCounter.table","NW_015090842.1:10242103",16,49,33
"LOC106888173","s1693_S_VTA_03_ASEReadCounter.table","NW_015090842.1:10242157",15,51,36
"LOC106888173","s1693_S_VTA_03_ASEReadCounter.table","NW_015090842.1:10242455",19,61,42
"LOC106888173","s1693_S_VTA_03_ASEReadCounter.table","NW_015090842.1:10242481",22,69,47
"LOC106888173","s1693_S_VTA_03_ASEReadCounter.table","NW_015090842.1:10242590",13,40,27
"LOC106888173","s1693_S_VTA_03_ASEReadCounter.table","NW_015090842.1:10242794",14,38,24
"LOC106888173","s1693_S_VTA_03_ASEReadCounter.table","NW_015090842.1:10242909",11,45,34
"LOC106888173","s1693_S_VTA_03_ASEReadCounter.table","NW_015090842.1:10243094",18,51,33
"LOC106888173","s1693_S_VTA_03_ASEReadCounter.table","NW_015090842.1:10243133",15,44,29
"LOC106888173","s1693_S_VTA_03_ASEReadCounter.table","NW_015090842.1:10243273",24,58,34
"LOC106888173","s1693_S_VTA_03_ASEReadCounter.table","NW_015090842.1:10243278",26,62,36
"LOC106888173","s1693_S_VTA_03_ASEReadCounter.table","NW_015090842.1:10243281",25,61,36
"LOC106888173","s1693_S_VTA_03_ASEReadCounter.table","NW_015090842.1:10243347",32,32,0
"LOC106888173","s1693_S_VTA_03_ASEReadCounter.table","NW_015090842.1:10243353",13,32,19
"LOC106888173","s1693_S_VTA_03_ASEReadCounter.table","NW_015090842.1:10243363",12,30,18
"LOC106888173","s1693_S_VTA_03_ASEReadCounter.table","NW_015090842.1:10243365",12,29,17
"LOC106888173","s1693_S_VTA_03_ASEReadCounter.table","NW_015090842.1:10243529",16,43,27
"LOC106888173","s1693_S_VTA_03_ASEReadCounter.table","NW_015090842.1:10243566",20,62,42
"LOC106888173","s1693_S_VTA_03_ASEReadCounter.table","NW_015090842.1:10243605",16,55,39
"LOC106888173","s1693_S_VTA_03_ASEReadCounter.table","NW_015090842.1:10243614",15,53,38
"LOC106888173","s1693_S_VTA_03_ASEReadCounter.table","NW_015090842.1:10243615",15,53,38
"LOC106888173","s1693_S_VTA_03_ASEReadCounter.table","NW_015090842.1:10243640",15,53,38
"LOC106888173","s1693_S_VTA_03_ASEReadCounter.table","NW_015090842.1:10243680",16,56,40
"LOC106888173","s1693_S_VTA_03_ASEReadCounter.table","NW_015090842.1:10243742",18,55,37
"LOC106888173","s1693_S_VTA_03_ASEReadCounter.table","NW_015090842.1:10243804",14,37,23
"LOC106888173","s1693_S_VTA_03_ASEReadCounter.table","NW_015090842.1:10243913",6,12,6
"LOC106888173","s1693_S_VTA_03_ASEReadCounter.table","NW_015090842.1:10243921",5,10,5
"LOC106888384","s1693_S_VTA_03_ASEReadCounter.table","NW_015090842.1:10250743",1,1,0
"LOC106888384","s1693_S_VTA_03_ASEReadCounter.table","NW_015090842.1:10250771",1,1,0
"LOC106888384","s1693_S_VTA_03_ASEReadCounter.table","NW_015090842.1:10251354",0,3,3
"LOC106888384","s1693_S_VTA_03_ASEReadCounter.table","NW_015090842.1:10251358",0,3,3
"LOC106888384","s1693_S_VTA_03_ASEReadCounter.table","NW_015090842.1:10251369",0,3,3
"LOC106888384","s1693_S_VTA_03_ASEReadCounter.table","NW_015090842.1:10251370",0,3,3
"LOC106888384","s1693_S_VTA_03_ASEReadCounter.table","NW_015090842.1:10251375",0,3,3
"LOC106888384","s1693_S_VTA_03_ASEReadCounter.table","NW_015090842.1:10251388",0,3,3
"LOC106888384","s1693_S_VTA_03_ASEReadCounter.table","NW_015090842.1:10251390",0,3,3
"LOC106888384","s1693_S_VTA_03_ASEReadCounter.table","NW_015090842.1:10251393",0,3,3
"LOC106888384","s1693_S_VTA_03_ASEReadCounter.table","NW_015090842.1:10251399",0,3,3
"LOC106888384","s1693_S_VTA_03_ASEReadCounter.table","NW_015090842.1:10253165",1,2,1
"LOC106888384","s1693_S_VTA_03_ASEReadCounter.table","NW_015090842.1:10253284",3,3,0
"LOC106888384","s1693_S_VTA_03_ASEReadCounter.table","NW_015090842.1:10253605",3,3,0
"LOC106888384","s1693_S_VTA_03_ASEReadCounter.table","NW_015090842.1:10254028",4,4,0
"LOC106888384","s1693_S_VTA_03_ASEReadCounter.table","NW_015090842.1:10254227",1,2,1
"LOC106888384","s1693_S_VTA_03_ASEReadCounter.table","NW_015090842.1:10254233",0,1,1
"LOC106888384","s1693_S_VTA_03_ASEReadCounter.table","NW_015090842.1:10254263",0,1,1
"LOC106888384","s1693_S_VTA_03_ASEReadCounter.table","NW_015090842.1:10254293",0,1,1
"LOC106888384","s1693_S_VTA_03_ASEReadCounter.table","NW_015090842.1:10254570",3,4,1
"LOC106888384","s1693_S_VTA_03_ASEReadCounter.table","NW_015090842.1:10254647",3,3,0
"LOC106888384","s1693_S_VTA_03_ASEReadCounter.table","NW_015090842.1:10254840",1,1,0
"LOC106888384","s1693_S_VTA_03_ASEReadCounter.table","NW_015090842.1:10254854",1,1,0
"LOC106888384","s1693_S_VTA_03_ASEReadCounter.table","NW_015090842.1:10254891",3,3,0
"LOC106888384","s1693_S_VTA_03_ASEReadCounter.table","NW_015090842.1:10254900",3,3,0
"LOC106888384","s1693_S_VTA_03_ASEReadCounter.table","NW_015090842.1:10254915",2,2,0
"LOC106888384","s1693_S_VTA_03_ASEReadCounter.table","NW_015090842.1:10254965",2,2,0
"LOC106888384","s1693_S_VTA_03_ASEReadCounter.table","NW_015090842.1:10254975",1,1,0
"LOC106888384","s1693_S_VTA_03_ASEReadCounter.table","NW_015090842.1:10255077",1,1,0
"LOC106888384","s1693_S_VTA_03_ASEReadCounter.table","NW_015090842.1:10255117",2,2,0
"LOC106888384","s1693_S_VTA_03_ASEReadCounter.table","NW_015090842.1:10255138",3,3,0
"LOC106888384","s1693_S_VTA_03_ASEReadCounter.table","NW_015090842.1:10255139",3,3,0
"LOC106888384","s1693_S_VTA_03_ASEReadCounter.table","NW_015090842.1:10255209",1,1,0
"LOC106888384","s1693_S_VTA_03_ASEReadCounter.table","NW_015090842.1:10255211",1,1,0
"LOC106888384","s1693_S_VTA_03_ASEReadCounter.table","NW_015090842.1:10255262",1,1,0
"LOC106888384","s1693_S_VTA_03_ASEReadCounter.table","NW_015090842.1:10255306",3,3,0
"LOC106888384","s1693_S_VTA_03_ASEReadCounter.table","NW_015090842.1:10255340",5,6,1
"LOC106888384","s1693_S_VTA_03_ASEReadCounter.table","NW_015090842.1:10255410",5,7,2
"LOC106888384","s1693_S_VTA_03_ASEReadCounter.table","NW_015090842.1:10255449",6,8,2
"LOC106888384","s1693_S_VTA_03_ASEReadCounter.table","NW_015090842.1:10255496",4,5,1
"LOC106888384","s1693_S_VTA_03_ASEReadCounter.table","NW_015090842.1:10255505",4,5,1
"LOC106888384","s1693_S_VTA_03_ASEReadCounter.table","NW_015090842.1:10255531",3,3,0
"LOC106888384","s1693_S_VTA_03_ASEReadCounter.table","NW_015090842.1:10255608",7,7,0
"LOC106888384","s1693_S_VTA_03_ASEReadCounter.table","NW_015090842.1:10255614",6,6,0
"LOC106888384","s1693_S_VTA_03_ASEReadCounter.table","NW_015090842.1:10255704",5,6,1
"LOC106888384","s1693_S_VTA_03_ASEReadCounter.table","NW_015090842.1:10255731",5,6,1
"LOC106888384","s1693_S_VTA_03_ASEReadCounter.table","NW_015090842.1:10255771",4,4,0
"TANGO6","s1693_S_VTA_03_ASEReadCounter.table","NW_015090842.1:10257782",15,16,1
"TANGO6","s1693_S_VTA_03_ASEReadCounter.table","NW_015090842.1:10258162",11,14,3
"TANGO6","s1693_S_VTA_03_ASEReadCounter.table","NW_015090842.1:10258185",10,16,6
"TANGO6","s1693_S_VTA_03_ASEReadCounter.table","NW_015090842.1:10259267",13,21,8
"TANGO6","s1693_S_VTA_03_ASEReadCounter.table","NW_015090842.1:10260250",28,51,23
"TANGO6","s1693_S_VTA_03_ASEReadCounter.table","NW_015090842.1:10260979",17,34,17
"TANGO6","s1693_S_VTA_03_ASEReadCounter.table","NW_015090842.1:10261599",22,35,13
"TANGO6","s1693_S_VTA_03_ASEReadCounter.table","NW_015090842.1:10268425",34,52,18
"TANGO6","s1693_S_VTA_03_ASEReadCounter.table","NW_015090842.1:10269831",34,52,18
"TANGO6","s1693_S_VTA_03_ASEReadCounter.table","NW_015090842.1:10270813",29,48,19
"TANGO6","s1693_S_VTA_03_ASEReadCounter.table","NW_015090842.1:10273952",38,54,16
"TANGO6","s1693_S_VTA_03_ASEReadCounter.table","NW_015090842.1:10273970",39,59,20
"TANGO6","s1693_S_VTA_03_ASEReadCounter.table","NW_015090842.1:10274018",37,54,17
"TANGO6","s1693_S_VTA_03_ASEReadCounter.table","NW_015090842.1:10275974",31,43,12
"TANGO6","s1693_S_VTA_03_ASEReadCounter.table","NW_015090842.1:10275976",31,43,12
"TANGO6","s1693_S_VTA_03_ASEReadCounter.table","NW_015090842.1:10276123",33,48,15
"TANGO6","s1693_S_VTA_03_ASEReadCounter.table","NW_015090842.1:10276271",22,38,16
"TANGO6","s1693_S_VTA_03_ASEReadCounter.table","NW_015090842.1:10276272",22,38,16
"TANGO6","s1693_S_VTA_03_ASEReadCounter.table","NW_015090842.1:10276275",21,37,16
"TANGO6","s1693_S_VTA_03_ASEReadCounter.table","NW_015090842.1:10276278",21,38,17
"TANGO6","s1693_S_VTA_03_ASEReadCounter.table","NW_015090842.1:10276368",27,40,13
"TANGO6","s1693_S_VTA_03_ASEReadCounter.table","NW_015090842.1:10276373",27,41,14
"TANGO6","s1693_S_VTA_03_ASEReadCounter.table","NW_015090842.1:10276630",21,33,12
"TANGO6","s1693_S_VTA_03_ASEReadCounter.table","NW_015090842.1:10281498",44,55,11
"TANGO6","s1693_S_VTA_03_ASEReadCounter.table","NW_015090842.1:10282842",37,62,25
"TANGO6","s1693_S_VTA_03_ASEReadCounter.table","NW_015090842.1:10282863",35,58,23
"TANGO6","s1693_S_VTA_03_ASEReadCounter.table","NW_015090842.1:10282869",36,59,23
"TANGO6","s1693_S_VTA_03_ASEReadCounter.table","NW_015090842.1:10282903",35,55,20
"TANGO6","s1693_S_VTA_03_ASEReadCounter.table","NW_015090842.1:10283757",41,63,22
"TANGO6","s1693_S_VTA_03_ASEReadCounter.table","NW_015090842.1:10283785",41,66,25
"HAS3","s1693_S_VTA_03_ASEReadCounter.table","NW_015090842.1:10288093",1,1,0
"HAS3","s1693_S_VTA_03_ASEReadCounter.table","NW_015090842.1:10288274",0,1,1
"HAS3","s1693_S_VTA_03_ASEReadCounter.table","NW_015090842.1:10288364",1,2,1
"HAS3","s1693_S_VTA_03_ASEReadCounter.table","NW_015090842.1:10288405",1,1,0
"HAS3","s1693_S_VTA_03_ASEReadCounter.table","NW_015090842.1:10289708",1,1,0
"HAS3","s1693_S_VTA_03_ASEReadCounter.table","NW_015090842.1:10290375",0,2,2
"HAS3","s1693_S_VTA_03_ASEReadCounter.table","NW_015090842.1:10290395",0,2,2
"HAS3","s1693_S_VTA_03_ASEReadCounter.table","NW_015090842.1:10290561",1,4,3
"HAS3","s1693_S_VTA_03_ASEReadCounter.table","NW_015090842.1:10290609",1,4,3
"HAS3","s1693_S_VTA_03_ASEReadCounter.table","NW_015090842.1:10290666",1,4,3
"HAS3","s1693_S_VTA_03_ASEReadCounter.table","NW_015090842.1:10290723",1,2,1
"HAS3","s1693_S_VTA_03_ASEReadCounter.table","NW_015090842.1:10290927",3,6,3
"HAS3","s1693_S_VTA_03_ASEReadCounter.table","NW_015090842.1:10291004",2,4,2
"CHTF8","s1693_S_VTA_03_ASEReadCounter.table","NW_015090842.1:10291319",2,4,2
"CHTF8","s1693_S_VTA_03_ASEReadCounter.table","NW_015090842.1:10291342",4,6,2
"CHTF8","s1693_S_VTA_03_ASEReadCounter.table","NW_015090842.1:10291491",6,11,5
"CHTF8","s1693_S_VTA_03_ASEReadCounter.table","NW_015090842.1:10291520",11,17,6
"CHTF8","s1693_S_VTA_03_ASEReadCounter.table","NW_015090842.1:10291593",15,29,14
"CHTF8","s1693_S_VTA_03_ASEReadCounter.table","NW_015090842.1:10291600",10,25,15
"CHTF8","s1693_S_VTA_03_ASEReadCounter.table","NW_015090842.1:10291609",10,25,15
"CHTF8","s1693_S_VTA_03_ASEReadCounter.table","NW_015090842.1:10291639",7,21,14
"CHTF8","s1693_S_VTA_03_ASEReadCounter.table","NW_015090842.1:10291641",7,19,12
"CHTF8","s1693_S_VTA_03_ASEReadCounter.table","NW_015090842.1:10291648",9,22,13
"CHTF8","s1693_S_VTA_03_ASEReadCounter.table","NW_015090842.1:10291656",8,21,13
"CHTF8","s1693_S_VTA_03_ASEReadCounter.table","NW_015090842.1:10291675",7,18,11
"CHTF8","s1693_S_VTA_03_ASEReadCounter.table","NW_015090842.1:10291696",9,19,10
"CHTF8","s1693_S_VTA_03_ASEReadCounter.table","NW_015090842.1:10291714",7,16,9
"CHTF8","s1693_S_VTA_03_ASEReadCounter.table","NW_015090842.1:10291732",7,16,9
"CHTF8","s1693_S_VTA_03_ASEReadCounter.table","NW_015090842.1:10291755",8,17,9
"CHTF8","s1693_S_VTA_03_ASEReadCounter.table","NW_015090842.1:10291756",8,16,8
"CHTF8","s1693_S_VTA_03_ASEReadCounter.table","NW_015090842.1:10291758",8,17,9
"CHTF8","s1693_S_VTA_03_ASEReadCounter.table","NW_015090842.1:10291792",10,20,10
"CHTF8","s1693_S_VTA_03_ASEReadCounter.table","NW_015090842.1:10291895",10,15,5
"CHTF8","s1693_S_VTA_03_ASEReadCounter.table","NW_015090842.1:10292132",7,18,11
"CHTF8","s1693_S_VTA_03_ASEReadCounter.table","NW_015090842.1:10292314",12,19,7
"CHTF8","s1693_S_VTA_03_ASEReadCounter.table","NW_015090842.1:10292317",12,19,7
"CHTF8","s1693_S_VTA_03_ASEReadCounter.table","NW_015090842.1:10292928",1,3,2
"UTP4","s1693_S_VTA_03_ASEReadCounter.table","NW_015090842.1:10293146",4,13,9
"UTP4","s1693_S_VTA_03_ASEReadCounter.table","NW_015090842.1:10293151",4,13,9
"UTP4","s1693_S_VTA_03_ASEReadCounter.table","NW_015090842.1:10293191",6,13,7
"UTP4","s1693_S_VTA_03_ASEReadCounter.table","NW_015090842.1:10293362",8,15,7
"UTP4","s1693_S_VTA_03_ASEReadCounter.table","NW_015090842.1:10293430",8,16,8
"UTP4","s1693_S_VTA_03_ASEReadCounter.table","NW_015090842.1:10293625",9,15,6
"UTP4","s1693_S_VTA_03_ASEReadCounter.table","NW_015090842.1:10293684",13,22,9
"UTP4","s1693_S_VTA_03_ASEReadCounter.table","NW_015090842.1:10294093",9,20,11
"UTP4","s1693_S_VTA_03_ASEReadCounter.table","NW_015090842.1:10294568",14,27,13
"UTP4","s1693_S_VTA_03_ASEReadCounter.table","NW_015090842.1:10294622",15,29,14
"UTP4","s1693_S_VTA_03_ASEReadCounter.table","NW_015090842.1:10294632",13,26,13
"UTP4","s1693_S_VTA_03_ASEReadCounter.table","NW_015090842.1:10295238",12,26,14
"UTP4","s1693_S_VTA_03_ASEReadCounter.table","NW_015090842.1:10295880",9,29,20
"UTP4","s1693_S_VTA_03_ASEReadCounter.table","NW_015090842.1:10295884",9,31,22
"UTP4","s1693_S_VTA_03_ASEReadCounter.table","NW_015090842.1:10295903",10,27,17
"UTP4","s1693_S_VTA_03_ASEReadCounter.table","NW_015090842.1:10295906",10,29,19
"UTP4","s1693_S_VTA_03_ASEReadCounter.table","NW_015090842.1:10295915",10,30,20
"UTP4","s1693_S_VTA_03_ASEReadCounter.table","NW_015090842.1:10295938",10,31,21
"UTP4","s1693_S_VTA_03_ASEReadCounter.table","NW_015090842.1:10296175",10,26,16
"UTP4","s1693_S_VTA_03_ASEReadCounter.table","NW_015090842.1:10296660",17,39,22
"UTP4","s1693_S_VTA_03_ASEReadCounter.table","NW_015090842.1:10296679",18,32,14
"UTP4","s1693_S_VTA_03_ASEReadCounter.table","NW_015090842.1:10297193",23,59,36
"UTP4","s1693_S_VTA_03_ASEReadCounter.table","NW_015090842.1:10297220",28,64,36
"UTP4","s1693_S_VTA_03_ASEReadCounter.table","NW_015090842.1:10297307",29,73,44
"UTP4","s1693_S_VTA_03_ASEReadCounter.table","NW_015090842.1:10297558",33,70,37
"UTP4","s1693_S_VTA_03_ASEReadCounter.table","NW_015090842.1:10297943",31,59,28
"UTP4","s1693_S_VTA_03_ASEReadCounter.table","NW_015090842.1:10297979",34,62,28
"UTP4","s1693_S_VTA_03_ASEReadCounter.table","NW_015090842.1:10298022",24,40,16
"UTP4","s1693_S_VTA_03_ASEReadCounter.table","NW_015090842.1:10298079",8,14,6
"UTP4","s1693_S_VTA_03_ASEReadCounter.table","NW_015090842.1:10298081",8,14,6
"UTP4","s1693_S_VTA_03_ASEReadCounter.table","NW_015090842.1:10298082",4,10,6
"SNTB2","s1693_S_VTA_03_ASEReadCounter.table","NW_015090842.1:10298905",1,1,0
"SNTB2","s1693_S_VTA_03_ASEReadCounter.table","NW_015090842.1:10298928",1,1,0
"SNTB2","s1693_S_VTA_03_ASEReadCounter.table","NW_015090842.1:10303506",0,3,3
"SNTB2","s1693_S_VTA_03_ASEReadCounter.table","NW_015090842.1:10303524",0,3,3
"SNTB2","s1693_S_VTA_03_ASEReadCounter.table","NW_015090842.1:10304059",5,6,1
"SNTB2","s1693_S_VTA_03_ASEReadCounter.table","NW_015090842.1:10304089",5,6,1
"SNTB2","s1693_S_VTA_03_ASEReadCounter.table","NW_015090842.1:10304167",1,2,1
"SNTB2","s1693_S_VTA_03_ASEReadCounter.table","NW_015090842.1:10304176",1,2,1
"SNTB2","s1693_S_VTA_03_ASEReadCounter.table","NW_015090842.1:10305069",1,1,0
"SNTB2","s1693_S_VTA_03_ASEReadCounter.table","NW_015090842.1:10305099",3,3,0
"SNTB2","s1693_S_VTA_03_ASEReadCounter.table","NW_015090842.1:10305451",1,2,1
"SNTB2","s1693_S_VTA_03_ASEReadCounter.table","NW_015090842.1:10305547",3,3,0
"SNTB2","s1693_S_VTA_03_ASEReadCounter.table","NW_015090842.1:10305847",5,6,1
"SNTB2","s1693_S_VTA_03_ASEReadCounter.table","NW_015090842.1:10305911",4,5,1
"SNTB2","s1693_S_VTA_03_ASEReadCounter.table","NW_015090842.1:10306173",3,6,3
"SNTB2","s1693_S_VTA_03_ASEReadCounter.table","NW_015090842.1:10306275",2,3,1
"SNTB2","s1693_S_VTA_03_ASEReadCounter.table","NW_015090842.1:10306457",4,7,3
"SNTB2","s1693_S_VTA_03_ASEReadCounter.table","NW_015090842.1:10306496",3,5,2
"SNTB2","s1693_S_VTA_03_ASEReadCounter.table","NW_015090842.1:10306499",2,3,1
"VPS4A","s1693_S_VTA_03_ASEReadCounter.table","NW_015090842.1:10308566",91,181,90
"VPS4A","s1693_S_VTA_03_ASEReadCounter.table","NW_015090842.1:10308573",91,185,94
"VPS4A","s1693_S_VTA_03_ASEReadCounter.table","NW_015090842.1:10308856",116,274,158
"VPS4A","s1693_S_VTA_03_ASEReadCounter.table","NW_015090842.1:10309056",145,317,172
"VPS4A","s1693_S_VTA_03_ASEReadCounter.table","NW_015090842.1:10309089",163,363,200
"VPS4A","s1693_S_VTA_03_ASEReadCounter.table","NW_015090842.1:10309392",178,357,179
"VPS4A","s1693_S_VTA_03_ASEReadCounter.table","NW_015090842.1:10309413",186,364,178
"VPS4A","s1693_S_VTA_03_ASEReadCounter.table","NW_015090842.1:10309467",167,395,228
"VPS4A","s1693_S_VTA_03_ASEReadCounter.table","NW_015090842.1:10310230",194,425,231
"VPS4A","s1693_S_VTA_03_ASEReadCounter.table","NW_015090842.1:10310425",169,394,225
"VPS4A","s1693_S_VTA_03_ASEReadCounter.table","NW_015090842.1:10310639",193,427,234
"VPS4A","s1693_S_VTA_03_ASEReadCounter.table","NW_015090842.1:10310640",421,421,0
"VPS4A","s1693_S_VTA_03_ASEReadCounter.table","NW_015090842.1:10310687",193,410,217
"VPS4A","s1693_S_VTA_03_ASEReadCounter.table","NW_015090842.1:10310734",167,353,186
"VPS4A","s1693_S_VTA_03_ASEReadCounter.table","NW_015090842.1:10310737",170,360,190
"VPS4A","s1693_S_VTA_03_ASEReadCounter.table","NW_015090842.1:10310746",182,375,193
"VPS4A","s1693_S_VTA_03_ASEReadCounter.table","NW_015090842.1:10310767",198,395,197
"VPS4A","s1693_S_VTA_03_ASEReadCounter.table","NW_015090842.1:10310995",197,434,237
"VPS4A","s1693_S_VTA_03_ASEReadCounter.table","NW_015090842.1:10311004",208,436,228
"VPS4A","s1693_S_VTA_03_ASEReadCounter.table","NW_015090842.1:10311007",212,449,237
"VPS4A","s1693_S_VTA_03_ASEReadCounter.table","NW_015090842.1:10311013",225,455,230
"VPS4A","s1693_S_VTA_03_ASEReadCounter.table","NW_015090842.1:10311022",217,448,231
"VPS4A","s1693_S_VTA_03_ASEReadCounter.table","NW_015090842.1:10311023",213,437,224
"VPS4A","s1693_S_VTA_03_ASEReadCounter.table","NW_015090842.1:10311426",203,444,241
"VPS4A","s1693_S_VTA_03_ASEReadCounter.table","NW_015090842.1:10311489",1,15,14
"VPS4A","s1693_S_VTA_03_ASEReadCounter.table","NW_015090842.1:10311490",1,11,10
"VPS4A","s1693_S_VTA_03_ASEReadCounter.table","NW_015090842.1:10311525",10,26,16
"VPS4A","s1693_S_VTA_03_ASEReadCounter.table","NW_015090842.1:10311529",12,37,25
"VPS4A","s1693_S_VTA_03_ASEReadCounter.table","NW_015090842.1:10311530",12,41,29
"VPS4A","s1693_S_VTA_03_ASEReadCounter.table","NW_015090842.1:10311552",38,76,38
"VPS4A","s1693_S_VTA_03_ASEReadCounter.table","NW_015090842.1:10311689",37,81,44
"VPS4A","s1693_S_VTA_03_ASEReadCounter.table","NW_015090842.1:10311700",55,100,45
"VPS4A","s1693_S_VTA_03_ASEReadCounter.table","NW_015090842.1:10311701",51,95,44
"VPS4A","s1693_S_VTA_03_ASEReadCounter.table","NW_015090842.1:10311703",55,98,43
"COG8","s1693_S_VTA_03_ASEReadCounter.table","NW_015090842.1:10313487",19,50,31
"COG8","s1693_S_VTA_03_ASEReadCounter.table","NW_015090842.1:10313559",28,67,39
"COG8","s1693_S_VTA_03_ASEReadCounter.table","NW_015090842.1:10313579",23,56,33
"COG8","s1693_S_VTA_03_ASEReadCounter.table","NW_015090842.1:10313665",31,61,30
"COG8","s1693_S_VTA_03_ASEReadCounter.table","NW_015090842.1:10313681",32,68,36
"COG8","s1693_S_VTA_03_ASEReadCounter.table","NW_015090842.1:10313768",35,83,48
"COG8","s1693_S_VTA_03_ASEReadCounter.table","NW_015090842.1:10313775",34,88,54
"COG8","s1693_S_VTA_03_ASEReadCounter.table","NW_015090842.1:10313811",29,75,46
"COG8","s1693_S_VTA_03_ASEReadCounter.table","NW_015090842.1:10313858",19,46,27
"COG8","s1693_S_VTA_03_ASEReadCounter.table","NW_015090842.1:10313859",46,46,0
"COG8","s1693_S_VTA_03_ASEReadCounter.table","NW_015090842.1:10314100",32,65,33
"COG8","s1693_S_VTA_03_ASEReadCounter.table","NW_015090842.1:10314213",24,71,47
"COG8","s1693_S_VTA_03_ASEReadCounter.table","NW_015090842.1:10315093",17,47,30
"COG8","s1693_S_VTA_03_ASEReadCounter.table","NW_015090842.1:10315162",20,43,23
"COG8","s1693_S_VTA_03_ASEReadCounter.table","NW_015090842.1:10315285",26,52,26
"COG8","s1693_S_VTA_03_ASEReadCounter.table","NW_015090842.1:10315360",14,38,24
"COG8","s1693_S_VTA_03_ASEReadCounter.table","NW_015090842.1:10315369",14,36,22
"COG8","s1693_S_VTA_03_ASEReadCounter.table","NW_015090842.1:10315508",11,24,13
"COG8","s1693_S_VTA_03_ASEReadCounter.table","NW_015090842.1:10315624",14,34,20
"COG8","s1693_S_VTA_03_ASEReadCounter.table","NW_015090842.1:10315693",14,31,17
"COG8","s1693_S_VTA_03_ASEReadCounter.table","NW_015090842.1:10315698",15,33,18
"COG8","s1693_S_VTA_03_ASEReadCounter.table","NW_015090842.1:10315768",12,29,17
"COG8","s1693_S_VTA_03_ASEReadCounter.table","NW_015090842.1:10315769",13,30,17
"COG8","s1693_S_VTA_03_ASEReadCounter.table","NW_015090842.1:10315784",12,28,16
"COG8","s1693_S_VTA_03_ASEReadCounter.table","NW_015090842.1:10316093",12,32,20
"COG8","s1693_S_VTA_03_ASEReadCounter.table","NW_015090842.1:10316133",7,20,13
"NIP7","s1693_S_VTA_03_ASEReadCounter.table","NW_015090842.1:10316759",18,39,21
"NIP7","s1693_S_VTA_03_ASEReadCounter.table","NW_015090842.1:10316967",100,218,118
"NIP7","s1693_S_VTA_03_ASEReadCounter.table","NW_015090842.1:10316995",116,244,128
"NIP7","s1693_S_VTA_03_ASEReadCounter.table","NW_015090842.1:10317240",160,334,174
"NIP7","s1693_S_VTA_03_ASEReadCounter.table","NW_015090842.1:10317247",162,323,161
"NIP7","s1693_S_VTA_03_ASEReadCounter.table","NW_015090842.1:10317264",154,303,149
"NIP7","s1693_S_VTA_03_ASEReadCounter.table","NW_015090842.1:10317433",172,379,207
"NIP7","s1693_S_VTA_03_ASEReadCounter.table","NW_015090842.1:10317738",164,345,181
"NIP7","s1693_S_VTA_03_ASEReadCounter.table","NW_015090842.1:10317769",164,328,164
"NIP7","s1693_S_VTA_03_ASEReadCounter.table","NW_015090842.1:10317808",98,218,120
"NIP7","s1693_S_VTA_03_ASEReadCounter.table","NW_015090842.1:10317870",65,171,106
"NIP7","s1693_S_VTA_03_ASEReadCounter.table","NW_015090842.1:10317871",66,165,99
"NIP7","s1693_S_VTA_03_ASEReadCounter.table","NW_015090842.1:10317898",36,104,68
"NIP7","s1693_S_VTA_03_ASEReadCounter.table","NW_015090842.1:10317911",34,90,56
"TMED6","s1693_S_VTA_03_ASEReadCounter.table","NW_015090842.1:10318514",1,1,0
"TMED6","s1693_S_VTA_03_ASEReadCounter.table","NW_015090842.1:10318731",2,3,1
"TERF2","s1693_S_VTA_03_ASEReadCounter.table","NW_015090842.1:10321768",40,78,38
"TERF2","s1693_S_VTA_03_ASEReadCounter.table","NW_015090842.1:10321777",41,76,35
"TERF2","s1693_S_VTA_03_ASEReadCounter.table","NW_015090842.1:10321805",40,84,44
"TERF2","s1693_S_VTA_03_ASEReadCounter.table","NW_015090842.1:10321878",41,98,57
"TERF2","s1693_S_VTA_03_ASEReadCounter.table","NW_015090842.1:10321893",39,91,52
"TERF2","s1693_S_VTA_03_ASEReadCounter.table","NW_015090842.1:10321897",39,86,47
"TERF2","s1693_S_VTA_03_ASEReadCounter.table","NW_015090842.1:10321908",37,81,44
"TERF2","s1693_S_VTA_03_ASEReadCounter.table","NW_015090842.1:10322001",41,93,52
"TERF2","s1693_S_VTA_03_ASEReadCounter.table","NW_015090842.1:10322035",37,100,63
"TERF2","s1693_S_VTA_03_ASEReadCounter.table","NW_015090842.1:10322051",41,112,71
"TERF2","s1693_S_VTA_03_ASEReadCounter.table","NW_015090842.1:10322137",38,75,37
"TERF2","s1693_S_VTA_03_ASEReadCounter.table","NW_015090842.1:10322144",31,63,32
"TERF2","s1693_S_VTA_03_ASEReadCounter.table","NW_015090842.1:10322388",27,85,58
"TERF2","s1693_S_VTA_03_ASEReadCounter.table","NW_015090842.1:10322396",30,86,56
"TERF2","s1693_S_VTA_03_ASEReadCounter.table","NW_015090842.1:10322502",32,90,58
"TERF2","s1693_S_VTA_03_ASEReadCounter.table","NW_015090842.1:10322504",33,91,58
"TERF2","s1693_S_VTA_03_ASEReadCounter.table","NW_015090842.1:10322510",32,94,62
"TERF2","s1693_S_VTA_03_ASEReadCounter.table","NW_015090842.1:10323580",52,93,41
"TERF2","s1693_S_VTA_03_ASEReadCounter.table","NW_015090842.1:10324314",39,76,37
"TERF2","s1693_S_VTA_03_ASEReadCounter.table","NW_015090842.1:10326832",34,72,38
"TERF2","s1693_S_VTA_03_ASEReadCounter.table","NW_015090842.1:10327787",16,37,21
"TERF2","s1693_S_VTA_03_ASEReadCounter.table","NW_015090842.1:10328588",16,41,25
"TERF2","s1693_S_VTA_03_ASEReadCounter.table","NW_015090842.1:10328644",13,38,25
"TERF2","s1693_S_VTA_03_ASEReadCounter.table","NW_015090842.1:10329813",8,20,12
"TERF2","s1693_S_VTA_03_ASEReadCounter.table","NW_015090842.1:10330749",11,24,13
"TERF2","s1693_S_VTA_03_ASEReadCounter.table","NW_015090842.1:10330789",10,23,13
"CYB5B","s1693_S_VTA_03_ASEReadCounter.table","NW_015090842.1:10336595",4,13,9
"CYB5B","s1693_S_VTA_03_ASEReadCounter.table","NW_015090842.1:10336667",53,95,42
"CYB5B","s1693_S_VTA_03_ASEReadCounter.table","NW_015090842.1:10336689",72,137,65
"CYB5B","s1693_S_VTA_03_ASEReadCounter.table","NW_015090842.1:10336728",98,203,105
"CYB5B","s1693_S_VTA_03_ASEReadCounter.table","NW_015090842.1:10345068",111,218,107
"CYB5B","s1693_S_VTA_03_ASEReadCounter.table","NW_015090842.1:10348800",154,313,159
"CYB5B","s1693_S_VTA_03_ASEReadCounter.table","NW_015090842.1:10349046",158,320,162
"CYB5B","s1693_S_VTA_03_ASEReadCounter.table","NW_015090842.1:10349119",86,233,147
"CYB5B","s1693_S_VTA_03_ASEReadCounter.table","NW_015090842.1:10349146",49,207,158
"CYB5B","s1693_S_VTA_03_ASEReadCounter.table","NW_015090842.1:10349157",83,241,158
"CYB5B","s1693_S_VTA_03_ASEReadCounter.table","NW_015090842.1:10349263",224,226,2
