"gene","id","snp","ref_count","total_count","alt_count"
"CENPN","s1693_S_ADR_01_ASEReadCounter.table","NW_015090842.1:5801612",0,1,1
"CENPN","s1693_S_ADR_01_ASEReadCounter.table","NW_015090842.1:5801618",1,2,1
"CENPN","s1693_S_ADR_01_ASEReadCounter.table","NW_015090842.1:5801623",0,4,4
"CENPN","s1693_S_ADR_01_ASEReadCounter.table","NW_015090842.1:5801631",3,4,1
"CENPN","s1693_S_ADR_01_ASEReadCounter.table","NW_015090842.1:5801632",3,4,1
"CENPN","s1693_S_ADR_01_ASEReadCounter.table","NW_015090842.1:5801655",3,6,3
"CENPN","s1693_S_ADR_01_ASEReadCounter.table","NW_015090842.1:5801670",3,6,3
"CENPN","s1693_S_ADR_01_ASEReadCounter.table","NW_015090842.1:5801674",3,6,3
"CENPN","s1693_S_ADR_01_ASEReadCounter.table","NW_015090842.1:5801692",3,5,2
"CENPN","s1693_S_ADR_01_ASEReadCounter.table","NW_015090842.1:5802008",8,11,3
"CENPN","s1693_S_ADR_01_ASEReadCounter.table","NW_015090842.1:5802012",9,13,4
"CENPN","s1693_S_ADR_01_ASEReadCounter.table","NW_015090842.1:5802087",10,17,7
"CENPN","s1693_S_ADR_01_ASEReadCounter.table","NW_015090842.1:5810113",3,3,0
"CENPN","s1693_S_ADR_01_ASEReadCounter.table","NW_015090842.1:5810147",6,7,1
"CENPN","s1693_S_ADR_01_ASEReadCounter.table","NW_015090842.1:5810148",6,7,1
"ATMIN","s1693_S_ADR_01_ASEReadCounter.table","NW_015090842.1:5818789",8,14,6
"ATMIN","s1693_S_ADR_01_ASEReadCounter.table","NW_015090842.1:5819958",12,19,7
"ATMIN","s1693_S_ADR_01_ASEReadCounter.table","NW_015090842.1:5820004",15,21,6
"ATMIN","s1693_S_ADR_01_ASEReadCounter.table","NW_015090842.1:5820217",8,16,8
"ATMIN","s1693_S_ADR_01_ASEReadCounter.table","NW_015090842.1:5820250",8,13,5
"ATMIN","s1693_S_ADR_01_ASEReadCounter.table","NW_015090842.1:5820298",9,13,4
"ATMIN","s1693_S_ADR_01_ASEReadCounter.table","NW_015090842.1:5820417",3,8,5
"ATMIN","s1693_S_ADR_01_ASEReadCounter.table","NW_015090842.1:5820421",4,9,5
"ATMIN","s1693_S_ADR_01_ASEReadCounter.table","NW_015090842.1:5820448",7,11,4
"ATMIN","s1693_S_ADR_01_ASEReadCounter.table","NW_015090842.1:5820457",7,13,6
"ATMIN","s1693_S_ADR_01_ASEReadCounter.table","NW_015090842.1:5820510",10,16,6
"ATMIN","s1693_S_ADR_01_ASEReadCounter.table","NW_015090842.1:5820673",7,14,7
"ATMIN","s1693_S_ADR_01_ASEReadCounter.table","NW_015090842.1:5820754",10,13,3
"ATMIN","s1693_S_ADR_01_ASEReadCounter.table","NW_015090842.1:5820820",8,13,5
"ATMIN","s1693_S_ADR_01_ASEReadCounter.table","NW_015090842.1:5820865",9,15,6
"ATMIN","s1693_S_ADR_01_ASEReadCounter.table","NW_015090842.1:5820889",9,14,5
"ATMIN","s1693_S_ADR_01_ASEReadCounter.table","NW_015090842.1:5820891",9,14,5
"ATMIN","s1693_S_ADR_01_ASEReadCounter.table","NW_015090842.1:5820997",13,18,5
"ATMIN","s1693_S_ADR_01_ASEReadCounter.table","NW_015090842.1:5821063",12,19,7
"ATMIN","s1693_S_ADR_01_ASEReadCounter.table","NW_015090842.1:5821132",10,18,8
"ATMIN","s1693_S_ADR_01_ASEReadCounter.table","NW_015090842.1:5821645",14,22,8
"ATMIN","s1693_S_ADR_01_ASEReadCounter.table","NW_015090842.1:5825066",12,31,19
"ATMIN","s1693_S_ADR_01_ASEReadCounter.table","NW_015090842.1:5825106",12,30,18
"ATMIN","s1693_S_ADR_01_ASEReadCounter.table","NW_015090842.1:5825122",12,26,14
"ATMIN","s1693_S_ADR_01_ASEReadCounter.table","NW_015090842.1:5825178",12,29,17
"ATMIN","s1693_S_ADR_01_ASEReadCounter.table","NW_015090842.1:5825194",12,27,15
"ATMIN","s1693_S_ADR_01_ASEReadCounter.table","NW_015090842.1:5825195",13,27,14
"ATMIN","s1693_S_ADR_01_ASEReadCounter.table","NW_015090842.1:5825220",13,30,17
"ATMIN","s1693_S_ADR_01_ASEReadCounter.table","NW_015090842.1:5825240",15,33,18
"ATMIN","s1693_S_ADR_01_ASEReadCounter.table","NW_015090842.1:5825303",10,38,28
"ATMIN","s1693_S_ADR_01_ASEReadCounter.table","NW_015090842.1:5825304",11,38,27
"ATMIN","s1693_S_ADR_01_ASEReadCounter.table","NW_015090842.1:5825310",11,39,28
"ATMIN","s1693_S_ADR_01_ASEReadCounter.table","NW_015090842.1:5825406",15,27,12
"ATMIN","s1693_S_ADR_01_ASEReadCounter.table","NW_015090842.1:5825415",14,27,13
"ATMIN","s1693_S_ADR_01_ASEReadCounter.table","NW_015090842.1:5825438",17,33,16
"ATMIN","s1693_S_ADR_01_ASEReadCounter.table","NW_015090842.1:5825485",14,32,18
"ATMIN","s1693_S_ADR_01_ASEReadCounter.table","NW_015090842.1:5825524",17,36,19
"ATMIN","s1693_S_ADR_01_ASEReadCounter.table","NW_015090842.1:5825557",18,37,19
"ATMIN","s1693_S_ADR_01_ASEReadCounter.table","NW_015090842.1:5825571",14,30,16
"ATMIN","s1693_S_ADR_01_ASEReadCounter.table","NW_015090842.1:5825579",14,31,17
"ATMIN","s1693_S_ADR_01_ASEReadCounter.table","NW_015090842.1:5825590",12,25,13
"ATMIN","s1693_S_ADR_01_ASEReadCounter.table","NW_015090842.1:5825689",16,29,13
"ATMIN","s1693_S_ADR_01_ASEReadCounter.table","NW_015090842.1:5825703",19,36,17
"ATMIN","s1693_S_ADR_01_ASEReadCounter.table","NW_015090842.1:5825787",14,31,17
"ATMIN","s1693_S_ADR_01_ASEReadCounter.table","NW_015090842.1:5825833",14,30,16
"ATMIN","s1693_S_ADR_01_ASEReadCounter.table","NW_015090842.1:5825841",9,21,12
"ATMIN","s1693_S_ADR_01_ASEReadCounter.table","NW_015090842.1:5825895",17,30,13
"ATMIN","s1693_S_ADR_01_ASEReadCounter.table","NW_015090842.1:5825984",15,32,17
"ATMIN","s1693_S_ADR_01_ASEReadCounter.table","NW_015090842.1:5826162",29,49,20
"ATMIN","s1693_S_ADR_01_ASEReadCounter.table","NW_015090842.1:5826194",26,49,23
"ATMIN","s1693_S_ADR_01_ASEReadCounter.table","NW_015090842.1:5826235",24,46,22
"ATMIN","s1693_S_ADR_01_ASEReadCounter.table","NW_015090842.1:5826245",25,46,21
"ATMIN","s1693_S_ADR_01_ASEReadCounter.table","NW_015090842.1:5826335",16,31,15
"ATMIN","s1693_S_ADR_01_ASEReadCounter.table","NW_015090842.1:5826417",20,36,16
"ATMIN","s1693_S_ADR_01_ASEReadCounter.table","NW_015090842.1:5826431",14,41,27
"ATMIN","s1693_S_ADR_01_ASEReadCounter.table","NW_015090842.1:5826438",16,38,22
"ATMIN","s1693_S_ADR_01_ASEReadCounter.table","NW_015090842.1:5826463",21,44,23
"ATMIN","s1693_S_ADR_01_ASEReadCounter.table","NW_015090842.1:5826502",25,51,26
"ATMIN","s1693_S_ADR_01_ASEReadCounter.table","NW_015090842.1:5826511",26,52,26
"ATMIN","s1693_S_ADR_01_ASEReadCounter.table","NW_015090842.1:5826659",29,49,20
"ATMIN","s1693_S_ADR_01_ASEReadCounter.table","NW_015090842.1:5826701",25,48,23
"ATMIN","s1693_S_ADR_01_ASEReadCounter.table","NW_015090842.1:5826702",26,49,23
"ATMIN","s1693_S_ADR_01_ASEReadCounter.table","NW_015090842.1:5826732",23,47,24
"ATMIN","s1693_S_ADR_01_ASEReadCounter.table","NW_015090842.1:5826745",22,47,25
"ATMIN","s1693_S_ADR_01_ASEReadCounter.table","NW_015090842.1:5826835",23,47,24
"ATMIN","s1693_S_ADR_01_ASEReadCounter.table","NW_015090842.1:5826910",23,39,16
"ATMIN","s1693_S_ADR_01_ASEReadCounter.table","NW_015090842.1:5826942",22,38,16
"ATMIN","s1693_S_ADR_01_ASEReadCounter.table","NW_015090842.1:5827193",21,46,25
"ATMIN","s1693_S_ADR_01_ASEReadCounter.table","NW_015090842.1:5827196",19,45,26
"ATMIN","s1693_S_ADR_01_ASEReadCounter.table","NW_015090842.1:5827269",26,54,28
"ATMIN","s1693_S_ADR_01_ASEReadCounter.table","NW_015090842.1:5827315",24,44,20
"ATMIN","s1693_S_ADR_01_ASEReadCounter.table","NW_015090842.1:5827316",24,44,20
"ATMIN","s1693_S_ADR_01_ASEReadCounter.table","NW_015090842.1:5827333",23,43,20
"PPP1R3E","s1693_S_ADR_01_ASEReadCounter.table","NW_015090842.1:5837733",13,20,7
"PPP1R3E","s1693_S_ADR_01_ASEReadCounter.table","NW_015090842.1:5837947",8,15,7
"PKD1L2","s1693_S_ADR_01_ASEReadCounter.table","NW_015090842.1:5867597",0,1,1
"PKD1L2","s1693_S_ADR_01_ASEReadCounter.table","NW_015090842.1:5867600",0,1,1
"PKD1L2","s1693_S_ADR_01_ASEReadCounter.table","NW_015090842.1:5867660",2,4,2
"PKD1L2","s1693_S_ADR_01_ASEReadCounter.table","NW_015090842.1:5867675",2,4,2
"PKD1L2","s1693_S_ADR_01_ASEReadCounter.table","NW_015090842.1:5867788",3,3,0
"PKD1L2","s1693_S_ADR_01_ASEReadCounter.table","NW_015090842.1:5867843",1,1,0
"BCO1","s1693_S_ADR_01_ASEReadCounter.table","NW_015090842.1:5917836",2,3,1
"BCO1","s1693_S_ADR_01_ASEReadCounter.table","NW_015090842.1:5917912",17,26,9
"BCO1","s1693_S_ADR_01_ASEReadCounter.table","NW_015090842.1:5917941",22,32,10
"BCO1","s1693_S_ADR_01_ASEReadCounter.table","NW_015090842.1:5917971",26,38,12
"BCO1","s1693_S_ADR_01_ASEReadCounter.table","NW_015090842.1:5921679",43,56,13
"BCO1","s1693_S_ADR_01_ASEReadCounter.table","NW_015090842.1:5921726",44,60,16
"BCO1","s1693_S_ADR_01_ASEReadCounter.table","NW_015090842.1:5925669",21,39,18
"BCO1","s1693_S_ADR_01_ASEReadCounter.table","NW_015090842.1:5925753",24,37,13
"BCO1","s1693_S_ADR_01_ASEReadCounter.table","NW_015090842.1:5926937",30,39,9
"BCO1","s1693_S_ADR_01_ASEReadCounter.table","NW_015090842.1:5927921",41,48,7
"BCO1","s1693_S_ADR_01_ASEReadCounter.table","NW_015090842.1:5927948",36,46,10
"BCO1","s1693_S_ADR_01_ASEReadCounter.table","NW_015090842.1:5927968",42,56,14
"BCO1","s1693_S_ADR_01_ASEReadCounter.table","NW_015090842.1:5928052",43,57,14
"BCO1","s1693_S_ADR_01_ASEReadCounter.table","NW_015090842.1:5932726",55,69,14
"BCO1","s1693_S_ADR_01_ASEReadCounter.table","NW_015090842.1:5932801",41,52,11
"BCO1","s1693_S_ADR_01_ASEReadCounter.table","NW_015090842.1:5934558",39,55,16
"BCO1","s1693_S_ADR_01_ASEReadCounter.table","NW_015090842.1:5934575",38,52,14
"BCO1","s1693_S_ADR_01_ASEReadCounter.table","NW_015090842.1:5934608",41,61,20
"BCO1","s1693_S_ADR_01_ASEReadCounter.table","NW_015090842.1:5934647",29,43,14
"BCO1","s1693_S_ADR_01_ASEReadCounter.table","NW_015090842.1:5934725",23,32,9
"BCO1","s1693_S_ADR_01_ASEReadCounter.table","NW_015090842.1:5934726",22,29,7
"BCO1","s1693_S_ADR_01_ASEReadCounter.table","NW_015090842.1:5934733",18,24,6
"BCO1","s1693_S_ADR_01_ASEReadCounter.table","NW_015090842.1:5934821",22,35,13
"BCO1","s1693_S_ADR_01_ASEReadCounter.table","NW_015090842.1:5934826",21,39,18
"BCO1","s1693_S_ADR_01_ASEReadCounter.table","NW_015090842.1:5934844",13,25,12
"BCO1","s1693_S_ADR_01_ASEReadCounter.table","NW_015090842.1:5934958",31,45,14
"BCO1","s1693_S_ADR_01_ASEReadCounter.table","NW_015090842.1:5934976",32,47,15
"GAN","s1693_S_ADR_01_ASEReadCounter.table","NW_015090842.1:5953759",6,10,4
"GAN","s1693_S_ADR_01_ASEReadCounter.table","NW_015090842.1:5957502",8,19,11
"GAN","s1693_S_ADR_01_ASEReadCounter.table","NW_015090842.1:5957578",7,13,6
"GAN","s1693_S_ADR_01_ASEReadCounter.table","NW_015090842.1:5965028",8,17,9
"GAN","s1693_S_ADR_01_ASEReadCounter.table","NW_015090842.1:5966047",8,13,5
"GAN","s1693_S_ADR_01_ASEReadCounter.table","NW_015090842.1:5966126",4,6,2
"GAN","s1693_S_ADR_01_ASEReadCounter.table","NW_015090842.1:5966127",4,6,2
"GAN","s1693_S_ADR_01_ASEReadCounter.table","NW_015090842.1:5966162",10,14,4
"GAN","s1693_S_ADR_01_ASEReadCounter.table","NW_015090842.1:5966483",9,15,6
"CMIP","s1693_S_ADR_01_ASEReadCounter.table","NW_015090842.1:6109159",11,15,4
"CMIP","s1693_S_ADR_01_ASEReadCounter.table","NW_015090842.1:6109166",8,11,3
"CMIP","s1693_S_ADR_01_ASEReadCounter.table","NW_015090842.1:6114641",10,20,10
"CMIP","s1693_S_ADR_01_ASEReadCounter.table","NW_015090842.1:6114751",8,11,3
"CMIP","s1693_S_ADR_01_ASEReadCounter.table","NW_015090842.1:6114824",10,22,12
"CMIP","s1693_S_ADR_01_ASEReadCounter.table","NW_015090842.1:6128998",17,26,9
"CMIP","s1693_S_ADR_01_ASEReadCounter.table","NW_015090842.1:6130562",12,28,16
"CMIP","s1693_S_ADR_01_ASEReadCounter.table","NW_015090842.1:6132522",9,21,12
"CMIP","s1693_S_ADR_01_ASEReadCounter.table","NW_015090842.1:6134088",14,23,9
"CMIP","s1693_S_ADR_01_ASEReadCounter.table","NW_015090842.1:6138265",6,24,18
"CMIP","s1693_S_ADR_01_ASEReadCounter.table","NW_015090842.1:6138300",9,27,18
"CMIP","s1693_S_ADR_01_ASEReadCounter.table","NW_015090842.1:6138342",5,18,13
"CMIP","s1693_S_ADR_01_ASEReadCounter.table","NW_015090842.1:6138343",5,16,11
"CMIP","s1693_S_ADR_01_ASEReadCounter.table","NW_015090842.1:6138345",5,16,11
"CMIP","s1693_S_ADR_01_ASEReadCounter.table","NW_015090842.1:6138647",12,17,5
"CMIP","s1693_S_ADR_01_ASEReadCounter.table","NW_015090842.1:6138745",16,26,10
"CMIP","s1693_S_ADR_01_ASEReadCounter.table","NW_015090842.1:6138832",4,14,10
"CMIP","s1693_S_ADR_01_ASEReadCounter.table","NW_015090842.1:6138967",10,21,11
"CMIP","s1693_S_ADR_01_ASEReadCounter.table","NW_015090842.1:6139131",7,14,7
"CMIP","s1693_S_ADR_01_ASEReadCounter.table","NW_015090842.1:6139163",1,10,9
"CMIP","s1693_S_ADR_01_ASEReadCounter.table","NW_015090842.1:6139360",8,11,3
"CMIP","s1693_S_ADR_01_ASEReadCounter.table","NW_015090842.1:6139572",4,4,0
"CMIP","s1693_S_ADR_01_ASEReadCounter.table","NW_015090842.1:6139773",8,8,0
"PLCG2","s1693_S_ADR_01_ASEReadCounter.table","NW_015090842.1:6179613",3,5,2
"PLCG2","s1693_S_ADR_01_ASEReadCounter.table","NW_015090842.1:6179658",7,15,8
"PLCG2","s1693_S_ADR_01_ASEReadCounter.table","NW_015090842.1:6203766",5,20,15
"PLCG2","s1693_S_ADR_01_ASEReadCounter.table","NW_015090842.1:6203775",5,22,17
"PLCG2","s1693_S_ADR_01_ASEReadCounter.table","NW_015090842.1:6203787",4,21,17
"PLCG2","s1693_S_ADR_01_ASEReadCounter.table","NW_015090842.1:6205047",5,24,19
"PLCG2","s1693_S_ADR_01_ASEReadCounter.table","NW_015090842.1:6208541",5,22,17
"PLCG2","s1693_S_ADR_01_ASEReadCounter.table","NW_015090842.1:6209741",1,17,16
"PLCG2","s1693_S_ADR_01_ASEReadCounter.table","NW_015090842.1:6209798",3,15,12
"PLCG2","s1693_S_ADR_01_ASEReadCounter.table","NW_015090842.1:6209816",3,14,11
"PLCG2","s1693_S_ADR_01_ASEReadCounter.table","NW_015090842.1:6217547",8,24,16
"PLCG2","s1693_S_ADR_01_ASEReadCounter.table","NW_015090842.1:6218641",12,31,19
"PLCG2","s1693_S_ADR_01_ASEReadCounter.table","NW_015090842.1:6220552",6,32,26
"PLCG2","s1693_S_ADR_01_ASEReadCounter.table","NW_015090842.1:6221969",7,30,23
"PLCG2","s1693_S_ADR_01_ASEReadCounter.table","NW_015090842.1:6228672",7,24,17
"PLCG2","s1693_S_ADR_01_ASEReadCounter.table","NW_015090842.1:6228694",10,26,16
"PLCG2","s1693_S_ADR_01_ASEReadCounter.table","NW_015090842.1:6228722",10,29,19
"PLCG2","s1693_S_ADR_01_ASEReadCounter.table","NW_015090842.1:6228747",5,26,21
"PLCG2","s1693_S_ADR_01_ASEReadCounter.table","NW_015090842.1:6228835",2,27,25
"PLCG2","s1693_S_ADR_01_ASEReadCounter.table","NW_015090842.1:6228841",3,32,29
"PLCG2","s1693_S_ADR_01_ASEReadCounter.table","NW_015090842.1:6228865",4,34,30
"PLCG2","s1693_S_ADR_01_ASEReadCounter.table","NW_015090842.1:6228917",10,37,27
"PLCG2","s1693_S_ADR_01_ASEReadCounter.table","NW_015090842.1:6228926",10,36,26
"PLCG2","s1693_S_ADR_01_ASEReadCounter.table","NW_015090842.1:6228954",12,29,17
"PLCG2","s1693_S_ADR_01_ASEReadCounter.table","NW_015090842.1:6229002",9,28,19
"PLCG2","s1693_S_ADR_01_ASEReadCounter.table","NW_015090842.1:6229006",10,27,17
"PLCG2","s1693_S_ADR_01_ASEReadCounter.table","NW_015090842.1:6229081",4,12,8
"PLCG2","s1693_S_ADR_01_ASEReadCounter.table","NW_015090842.1:6229097",3,8,5
"PLCG2","s1693_S_ADR_01_ASEReadCounter.table","NW_015090842.1:6229160",3,8,5
"PLCG2","s1693_S_ADR_01_ASEReadCounter.table","NW_015090842.1:6229213",4,13,9
"PLCG2","s1693_S_ADR_01_ASEReadCounter.table","NW_015090842.1:6229231",7,18,11
"PLCG2","s1693_S_ADR_01_ASEReadCounter.table","NW_015090842.1:6229663",10,15,5
"PLCG2","s1693_S_ADR_01_ASEReadCounter.table","NW_015090842.1:6229748",7,15,8
"PLCG2","s1693_S_ADR_01_ASEReadCounter.table","NW_015090842.1:6229892",7,14,7
"PLCG2","s1693_S_ADR_01_ASEReadCounter.table","NW_015090842.1:6230248",13,22,9
"PLCG2","s1693_S_ADR_01_ASEReadCounter.table","NW_015090842.1:6230255",10,19,9
"PLCG2","s1693_S_ADR_01_ASEReadCounter.table","NW_015090842.1:6230296",4,11,7
"PLCG2","s1693_S_ADR_01_ASEReadCounter.table","NW_015090842.1:6230349",7,19,12
"PLCG2","s1693_S_ADR_01_ASEReadCounter.table","NW_015090842.1:6230381",8,20,12
"PLCG2","s1693_S_ADR_01_ASEReadCounter.table","NW_015090842.1:6230408",9,23,14
"PLCG2","s1693_S_ADR_01_ASEReadCounter.table","NW_015090842.1:6230439",10,20,10
"PLCG2","s1693_S_ADR_01_ASEReadCounter.table","NW_015090842.1:6230757",3,13,10
"PLCG2","s1693_S_ADR_01_ASEReadCounter.table","NW_015090842.1:6230758",2,9,7
"PLCG2","s1693_S_ADR_01_ASEReadCounter.table","NW_015090842.1:6230898",13,26,13
"PLCG2","s1693_S_ADR_01_ASEReadCounter.table","NW_015090842.1:6230976",15,24,9
"PLCG2","s1693_S_ADR_01_ASEReadCounter.table","NW_015090842.1:6231078",9,18,9
"PLCG2","s1693_S_ADR_01_ASEReadCounter.table","NW_015090842.1:6231138",13,18,5
"PLCG2","s1693_S_ADR_01_ASEReadCounter.table","NW_015090842.1:6231177",12,16,4
"PLCG2","s1693_S_ADR_01_ASEReadCounter.table","NW_015090842.1:6231263",8,15,7
"PLCG2","s1693_S_ADR_01_ASEReadCounter.table","NW_015090842.1:6231309",4,8,4
"SDR42E1","s1693_S_ADR_01_ASEReadCounter.table","NW_015090842.1:6235292",1,8,7
"SDR42E1","s1693_S_ADR_01_ASEReadCounter.table","NW_015090842.1:6235315",3,11,8
"SDR42E1","s1693_S_ADR_01_ASEReadCounter.table","NW_015090842.1:6235348",5,16,11
"SDR42E1","s1693_S_ADR_01_ASEReadCounter.table","NW_015090842.1:6235355",5,17,12
"SDR42E1","s1693_S_ADR_01_ASEReadCounter.table","NW_015090842.1:6235417",6,16,10
"SDR42E1","s1693_S_ADR_01_ASEReadCounter.table","NW_015090842.1:6235526",17,17,0
"SDR42E1","s1693_S_ADR_01_ASEReadCounter.table","NW_015090842.1:6235558",9,23,14
"SDR42E1","s1693_S_ADR_01_ASEReadCounter.table","NW_015090842.1:6235603",25,25,0
"SDR42E1","s1693_S_ADR_01_ASEReadCounter.table","NW_015090842.1:6235741",11,26,15
"SDR42E1","s1693_S_ADR_01_ASEReadCounter.table","NW_015090842.1:6235777",13,36,23
"SDR42E1","s1693_S_ADR_01_ASEReadCounter.table","NW_015090842.1:6235806",16,41,25
"SDR42E1","s1693_S_ADR_01_ASEReadCounter.table","NW_015090842.1:6235809",16,42,26
"SDR42E1","s1693_S_ADR_01_ASEReadCounter.table","NW_015090842.1:6235816",14,39,25
"SDR42E1","s1693_S_ADR_01_ASEReadCounter.table","NW_015090842.1:6235914",5,16,11
"SDR42E1","s1693_S_ADR_01_ASEReadCounter.table","NW_015090842.1:6235935",4,16,12
"SDR42E1","s1693_S_ADR_01_ASEReadCounter.table","NW_015090842.1:6235957",6,22,16
"SDR42E1","s1693_S_ADR_01_ASEReadCounter.table","NW_015090842.1:6236040",4,15,11
"SDR42E1","s1693_S_ADR_01_ASEReadCounter.table","NW_015090842.1:6236260",2,20,18
"SDR42E1","s1693_S_ADR_01_ASEReadCounter.table","NW_015090842.1:6236281",3,21,18
"SDR42E1","s1693_S_ADR_01_ASEReadCounter.table","NW_015090842.1:6236305",4,22,18
"SDR42E1","s1693_S_ADR_01_ASEReadCounter.table","NW_015090842.1:6236458",7,29,22
"SDR42E1","s1693_S_ADR_01_ASEReadCounter.table","NW_015090842.1:6236476",11,31,20
"SDR42E1","s1693_S_ADR_01_ASEReadCounter.table","NW_015090842.1:6236608",3,23,20
"SDR42E1","s1693_S_ADR_01_ASEReadCounter.table","NW_015090842.1:6238244",4,10,6
"SDR42E1","s1693_S_ADR_01_ASEReadCounter.table","NW_015090842.1:6238829",1,5,4
"HSD17B2","s1693_S_ADR_01_ASEReadCounter.table","NW_015090842.1:6257616",0,1,1
"HSD17B2","s1693_S_ADR_01_ASEReadCounter.table","NW_015090842.1:6257670",0,1,1
"HSD17B2","s1693_S_ADR_01_ASEReadCounter.table","NW_015090842.1:6257684",0,1,1
"HSD17B2","s1693_S_ADR_01_ASEReadCounter.table","NW_015090842.1:6257829",0,1,1
"HSD17B2","s1693_S_ADR_01_ASEReadCounter.table","NW_015090842.1:6262951",0,2,2
"HSD17B2","s1693_S_ADR_01_ASEReadCounter.table","NW_015090842.1:6262974",0,3,3
"HSD17B2","s1693_S_ADR_01_ASEReadCounter.table","NW_015090842.1:6266795",0,1,1
"HSD17B2","s1693_S_ADR_01_ASEReadCounter.table","NW_015090842.1:6266918",0,1,1
"HSD17B2","s1693_S_ADR_01_ASEReadCounter.table","NW_015090842.1:6266944",0,2,2
"HSD17B2","s1693_S_ADR_01_ASEReadCounter.table","NW_015090842.1:6266997",0,3,3
"HSD17B2","s1693_S_ADR_01_ASEReadCounter.table","NW_015090842.1:6267053",0,1,1
"HSD17B2","s1693_S_ADR_01_ASEReadCounter.table","NW_015090842.1:6267196",0,4,4
"HSD17B2","s1693_S_ADR_01_ASEReadCounter.table","NW_015090842.1:6267273",0,2,2
"HSD17B2","s1693_S_ADR_01_ASEReadCounter.table","NW_015090842.1:6267358",0,2,2
"HSD17B2","s1693_S_ADR_01_ASEReadCounter.table","NW_015090842.1:6267674",0,2,2
"HSD17B2","s1693_S_ADR_01_ASEReadCounter.table","NW_015090842.1:6267913",0,3,3
"HSD17B2","s1693_S_ADR_01_ASEReadCounter.table","NW_015090842.1:6268098",0,3,3
"HSD17B2","s1693_S_ADR_01_ASEReadCounter.table","NW_015090842.1:6268180",0,4,4
"HSD17B2","s1693_S_ADR_01_ASEReadCounter.table","NW_015090842.1:6268203",0,5,5
"ARY2","s1693_S_ADR_01_ASEReadCounter.table","NW_015090842.1:6303922",12,40,28
"ARY2","s1693_S_ADR_01_ASEReadCounter.table","NW_015090842.1:6303954",22,66,44
"ARY2","s1693_S_ADR_01_ASEReadCounter.table","NW_015090842.1:6303979",25,78,53
"ARY2","s1693_S_ADR_01_ASEReadCounter.table","NW_015090842.1:6305848",28,71,43
"ARY2","s1693_S_ADR_01_ASEReadCounter.table","NW_015090842.1:6305856",25,66,41
"ARY2","s1693_S_ADR_01_ASEReadCounter.table","NW_015090842.1:6305857",25,66,41
"ARY2","s1693_S_ADR_01_ASEReadCounter.table","NW_015090842.1:6306017",21,66,45
"ARY2","s1693_S_ADR_01_ASEReadCounter.table","NW_015090842.1:6306052",15,58,43
"ARY2","s1693_S_ADR_01_ASEReadCounter.table","NW_015090842.1:6306094",21,63,42
"ARY2","s1693_S_ADR_01_ASEReadCounter.table","NW_015090842.1:6306100",22,64,42
"ARY2","s1693_S_ADR_01_ASEReadCounter.table","NW_015090842.1:6306146",27,70,43
"ARY2","s1693_S_ADR_01_ASEReadCounter.table","NW_015090842.1:6306147",27,69,42
"ARY2","s1693_S_ADR_01_ASEReadCounter.table","NW_015090842.1:6306390",35,68,33
"ARY2","s1693_S_ADR_01_ASEReadCounter.table","NW_015090842.1:6306567",17,46,29
"ARY2","s1693_S_ADR_01_ASEReadCounter.table","NW_015090842.1:6306705",17,50,33
"ARY2","s1693_S_ADR_01_ASEReadCounter.table","NW_015090842.1:6306713",47,47,0
"ARY2","s1693_S_ADR_01_ASEReadCounter.table","NW_015090842.1:6306773",22,57,35
"ARY2","s1693_S_ADR_01_ASEReadCounter.table","NW_015090842.1:6307039",23,54,31
"ARY2","s1693_S_ADR_01_ASEReadCounter.table","NW_015090842.1:6307043",23,57,34
"ARY2","s1693_S_ADR_01_ASEReadCounter.table","NW_015090842.1:6307093",20,51,31
"ARY2","s1693_S_ADR_01_ASEReadCounter.table","NW_015090842.1:6307138",20,53,33
"ARY2","s1693_S_ADR_01_ASEReadCounter.table","NW_015090842.1:6307157",21,51,30
"ARY2","s1693_S_ADR_01_ASEReadCounter.table","NW_015090842.1:6307187",24,55,31
"ARY2","s1693_S_ADR_01_ASEReadCounter.table","NW_015090842.1:6307278",13,44,31
"ARY2","s1693_S_ADR_01_ASEReadCounter.table","NW_015090842.1:6307305",17,59,42
"ARY2","s1693_S_ADR_01_ASEReadCounter.table","NW_015090842.1:6307318",20,64,44
"ARY2","s1693_S_ADR_01_ASEReadCounter.table","NW_015090842.1:6307429",21,56,35
"ARY2","s1693_S_ADR_01_ASEReadCounter.table","NW_015090842.1:6307487",19,51,32
"ARY2","s1693_S_ADR_01_ASEReadCounter.table","NW_015090842.1:6307670",6,20,14
"ARYL","s1693_S_ADR_01_ASEReadCounter.table","NW_015090842.1:6313360",1,2,1
"ARYL","s1693_S_ADR_01_ASEReadCounter.table","NW_015090842.1:6313377",1,2,1
"ARYL","s1693_S_ADR_01_ASEReadCounter.table","NW_015090842.1:6313767",1,2,1
"ARY1","s1693_S_ADR_01_ASEReadCounter.table","NW_015090842.1:6313909",3,3,0
"ARY1","s1693_S_ADR_01_ASEReadCounter.table","NW_015090842.1:6314296",1,2,1
"ARY1","s1693_S_ADR_01_ASEReadCounter.table","NW_015090842.1:6314541",2,2,0
"ARY1","s1693_S_ADR_01_ASEReadCounter.table","NW_015090842.1:6314597",2,2,0
"ARY1","s1693_S_ADR_01_ASEReadCounter.table","NW_015090842.1:6314750",2,2,0
"ARY1","s1693_S_ADR_01_ASEReadCounter.table","NW_015090842.1:6314827",1,1,0
"ARY1","s1693_S_ADR_01_ASEReadCounter.table","NW_015090842.1:6314843",1,2,1
"ARY1","s1693_S_ADR_01_ASEReadCounter.table","NW_015090842.1:6314859",1,3,2
"ARY1","s1693_S_ADR_01_ASEReadCounter.table","NW_015090842.1:6314886",1,3,2
"ARY1","s1693_S_ADR_01_ASEReadCounter.table","NW_015090842.1:6314943",3,3,0
"ARY1","s1693_S_ADR_01_ASEReadCounter.table","NW_015090842.1:6314949",2,2,0
"ARY1","s1693_S_ADR_01_ASEReadCounter.table","NW_015090842.1:6315022",1,3,2
"ARY1","s1693_S_ADR_01_ASEReadCounter.table","NW_015090842.1:6315026",2,4,2
"ARY1","s1693_S_ADR_01_ASEReadCounter.table","NW_015090842.1:6315043",2,4,2
"ARY1","s1693_S_ADR_01_ASEReadCounter.table","NW_015090842.1:6315065",2,5,3
"ARY1","s1693_S_ADR_01_ASEReadCounter.table","NW_015090842.1:6315479",2,2,0
"ARY1","s1693_S_ADR_01_ASEReadCounter.table","NW_015090842.1:6318342",1,4,3
"ARY1","s1693_S_ADR_01_ASEReadCounter.table","NW_015090842.1:6318427",2,4,2
"ARY1","s1693_S_ADR_01_ASEReadCounter.table","NW_015090842.1:6318603",0,2,2
"ARY1","s1693_S_ADR_01_ASEReadCounter.table","NW_015090842.1:6318708",1,3,2
"ARY1","s1693_S_ADR_01_ASEReadCounter.table","NW_015090842.1:6318952",0,2,2
"MPHOSPH6","s1693_S_ADR_01_ASEReadCounter.table","NW_015090842.1:6324063",36,80,44
"MPHOSPH6","s1693_S_ADR_01_ASEReadCounter.table","NW_015090842.1:6324174",66,126,60
"MPHOSPH6","s1693_S_ADR_01_ASEReadCounter.table","NW_015090842.1:6324270",96,175,79
"MPHOSPH6","s1693_S_ADR_01_ASEReadCounter.table","NW_015090842.1:6324762",127,242,115
"MPHOSPH6","s1693_S_ADR_01_ASEReadCounter.table","NW_015090842.1:6324772",121,218,97
"MPHOSPH6","s1693_S_ADR_01_ASEReadCounter.table","NW_015090842.1:6324780",118,217,99
"MPHOSPH6","s1693_S_ADR_01_ASEReadCounter.table","NW_015090842.1:6324902",132,237,105
"MPHOSPH6","s1693_S_ADR_01_ASEReadCounter.table","NW_015090842.1:6324910",241,242,1
"MPHOSPH6","s1693_S_ADR_01_ASEReadCounter.table","NW_015090842.1:6325066",114,248,134
"MPHOSPH6","s1693_S_ADR_01_ASEReadCounter.table","NW_015090842.1:6325089",140,313,173
"MPHOSPH6","s1693_S_ADR_01_ASEReadCounter.table","NW_015090842.1:6325298",176,407,231
"MPHOSPH6","s1693_S_ADR_01_ASEReadCounter.table","NW_015090842.1:6325877",138,291,153
"MPHOSPH6","s1693_S_ADR_01_ASEReadCounter.table","NW_015090842.1:6326976",82,196,114
"CDH13","s1693_S_ADR_01_ASEReadCounter.table","NW_015090842.1:6662283",34,58,24
"CDH13","s1693_S_ADR_01_ASEReadCounter.table","NW_015090842.1:6693665",34,61,27
"CDH13","s1693_S_ADR_01_ASEReadCounter.table","NW_015090842.1:6693697",33,53,20
"CDH13","s1693_S_ADR_01_ASEReadCounter.table","NW_015090842.1:6693712",31,52,21
"CDH13","s1693_S_ADR_01_ASEReadCounter.table","NW_015090842.1:6693723",30,50,20
"CDH13","s1693_S_ADR_01_ASEReadCounter.table","NW_015090842.1:6693738",29,47,18
"CDH13","s1693_S_ADR_01_ASEReadCounter.table","NW_015090842.1:6823730",38,59,21
"CDH13","s1693_S_ADR_01_ASEReadCounter.table","NW_015090842.1:6889713",35,61,26
"CDH13","s1693_S_ADR_01_ASEReadCounter.table","NW_015090842.1:6955167",36,54,18
"MLYCD","s1693_S_ADR_01_ASEReadCounter.table","NW_015090842.1:7150054",39,85,46
"MLYCD","s1693_S_ADR_01_ASEReadCounter.table","NW_015090842.1:7150131",66,135,69
"MLYCD","s1693_S_ADR_01_ASEReadCounter.table","NW_015090842.1:7150585",50,108,58
"MLYCD","s1693_S_ADR_01_ASEReadCounter.table","NW_015090842.1:7150686",47,99,52
"MLYCD","s1693_S_ADR_01_ASEReadCounter.table","NW_015090842.1:7150696",51,108,57
"MLYCD","s1693_S_ADR_01_ASEReadCounter.table","NW_015090842.1:7150698",56,108,52
"MLYCD","s1693_S_ADR_01_ASEReadCounter.table","NW_015090842.1:7150869",43,102,59
"MLYCD","s1693_S_ADR_01_ASEReadCounter.table","NW_015090842.1:7151100",47,102,55
"MLYCD","s1693_S_ADR_01_ASEReadCounter.table","NW_015090842.1:7151127",53,110,57
"MLYCD","s1693_S_ADR_01_ASEReadCounter.table","NW_015090842.1:7157538",52,113,61
"MLYCD","s1693_S_ADR_01_ASEReadCounter.table","NW_015090842.1:7167662",33,67,34
"MLYCD","s1693_S_ADR_01_ASEReadCounter.table","NW_015090842.1:7167675",33,65,32
"MLYCD","s1693_S_ADR_01_ASEReadCounter.table","NW_015090842.1:7167710",25,51,26
"MLYCD","s1693_S_ADR_01_ASEReadCounter.table","NW_015090842.1:7167781",18,39,21
"MLYCD","s1693_S_ADR_01_ASEReadCounter.table","NW_015090842.1:7167803",16,30,14
"MLYCD","s1693_S_ADR_01_ASEReadCounter.table","NW_015090842.1:7167812",17,30,13
"MLYCD","s1693_S_ADR_01_ASEReadCounter.table","NW_015090842.1:7167845",16,37,21
"MLYCD","s1693_S_ADR_01_ASEReadCounter.table","NW_015090842.1:7167862",16,37,21
"MLYCD","s1693_S_ADR_01_ASEReadCounter.table","NW_015090842.1:7167929",13,27,14
"MLYCD","s1693_S_ADR_01_ASEReadCounter.table","NW_015090842.1:7167995",18,35,17
"MLYCD","s1693_S_ADR_01_ASEReadCounter.table","NW_015090842.1:7168005",19,36,17
"MLYCD","s1693_S_ADR_01_ASEReadCounter.table","NW_015090842.1:7168037",17,35,18
"HSBP1","s1693_S_ADR_01_ASEReadCounter.table","NW_015090842.1:7245192",208,422,214
"HSBP1","s1693_S_ADR_01_ASEReadCounter.table","NW_015090842.1:7245226",239,485,246
"HSBP1","s1693_S_ADR_01_ASEReadCounter.table","NW_015090842.1:7245257",207,419,212
"HSBP1","s1693_S_ADR_01_ASEReadCounter.table","NW_015090842.1:7245296",193,411,218
"HSBP1","s1693_S_ADR_01_ASEReadCounter.table","NW_015090842.1:7245389",271,505,234
"HSBP1","s1693_S_ADR_01_ASEReadCounter.table","NW_015090842.1:7245400",287,494,207
"HSBP1","s1693_S_ADR_01_ASEReadCounter.table","NW_015090842.1:7245445",266,491,225
"HSBP1","s1693_S_ADR_01_ASEReadCounter.table","NW_015090842.1:7245495",241,471,230
"HSBP1","s1693_S_ADR_01_ASEReadCounter.table","NW_015090842.1:7245515",282,529,247
"HSBP1","s1693_S_ADR_01_ASEReadCounter.table","NW_015090842.1:7245733",184,365,181
"HSBP1","s1693_S_ADR_01_ASEReadCounter.table","NW_015090842.1:7245771",191,369,178
"HSBP1","s1693_S_ADR_01_ASEReadCounter.table","NW_015090842.1:7245813",188,381,193
"HSBP1","s1693_S_ADR_01_ASEReadCounter.table","NW_015090842.1:7245926",206,405,199
"HSBP1","s1693_S_ADR_01_ASEReadCounter.table","NW_015090842.1:7245927",209,408,199
"HSBP1","s1693_S_ADR_01_ASEReadCounter.table","NW_015090842.1:7245933",201,398,197
"HSBP1","s1693_S_ADR_01_ASEReadCounter.table","NW_015090842.1:7246002",160,343,183
"HSBP1","s1693_S_ADR_01_ASEReadCounter.table","NW_015090842.1:7246094",254,437,183
"HSBP1","s1693_S_ADR_01_ASEReadCounter.table","NW_015090842.1:7246167",230,420,190
"HSBP1","s1693_S_ADR_01_ASEReadCounter.table","NW_015090842.1:7246183",223,413,190
"HSBP1","s1693_S_ADR_01_ASEReadCounter.table","NW_015090842.1:7247285",42,52,10
"HSBP1","s1693_S_ADR_01_ASEReadCounter.table","NW_015090842.1:7247651",362,854,492
"HSBP1","s1693_S_ADR_01_ASEReadCounter.table","NW_015090842.1:7247657",359,864,505
"HSBP1","s1693_S_ADR_01_ASEReadCounter.table","NW_015090842.1:7248520",261,577,316
"HSBP1","s1693_S_ADR_01_ASEReadCounter.table","NW_015090842.1:7248535",211,465,254
"KCNG4","s1693_S_ADR_01_ASEReadCounter.table","NW_015090842.1:7282481",1,1,0
"KCNG4","s1693_S_ADR_01_ASEReadCounter.table","NW_015090842.1:7282542",1,2,1
"KCNG4","s1693_S_ADR_01_ASEReadCounter.table","NW_015090842.1:7282579",1,2,1
"KCNG4","s1693_S_ADR_01_ASEReadCounter.table","NW_015090842.1:7282630",1,2,1
"KCNG4","s1693_S_ADR_01_ASEReadCounter.table","NW_015090842.1:7282760",1,2,1
"KCNG4","s1693_S_ADR_01_ASEReadCounter.table","NW_015090842.1:7283056",0,1,1
"KCNG4","s1693_S_ADR_01_ASEReadCounter.table","NW_015090842.1:7283245",1,2,1
"KCNG4","s1693_S_ADR_01_ASEReadCounter.table","NW_015090842.1:7299491",0,1,1
"KCNG4","s1693_S_ADR_01_ASEReadCounter.table","NW_015090842.1:7301195",1,1,0
"WFDC1","s1693_S_ADR_01_ASEReadCounter.table","NW_015090842.1:7366517",53,53,0
"ATP2C2","s1693_S_ADR_01_ASEReadCounter.table","NW_015090842.1:7413747",4,14,10
"TLDC1","s1693_S_ADR_01_ASEReadCounter.table","NW_015090842.1:7421997",75,180,105
"COTL1","s1693_S_ADR_01_ASEReadCounter.table","NW_015090842.1:7490707",276,475,199
"COTL1","s1693_S_ADR_01_ASEReadCounter.table","NW_015090842.1:7490708",274,474,200
"COTL1","s1693_S_ADR_01_ASEReadCounter.table","NW_015090842.1:7490711",280,481,201
"COTL1","s1693_S_ADR_01_ASEReadCounter.table","NW_015090842.1:7490739",262,478,216
"COTL1","s1693_S_ADR_01_ASEReadCounter.table","NW_015090842.1:7490785",265,464,199
"COTL1","s1693_S_ADR_01_ASEReadCounter.table","NW_015090842.1:7490820",23,262,239
"COTL1","s1693_S_ADR_01_ASEReadCounter.table","NW_015090842.1:7490846",277,480,203
"COTL1","s1693_S_ADR_01_ASEReadCounter.table","NW_015090842.1:7505571",0,1,1
"COTL1","s1693_S_ADR_01_ASEReadCounter.table","NW_015090842.1:7505672",0,1,1
"KLHL36","s1693_S_ADR_01_ASEReadCounter.table","NW_015090842.1:7526337",38,38,0
"KLHL36","s1693_S_ADR_01_ASEReadCounter.table","NW_015090842.1:7537681",51,51,0
"USP10","s1693_S_ADR_01_ASEReadCounter.table","NW_015090842.1:7572213",64,151,87
"USP10","s1693_S_ADR_01_ASEReadCounter.table","NW_015090842.1:7572358",54,121,67
"CRISPLD2","s1693_S_ADR_01_ASEReadCounter.table","NW_015090842.1:7619796",0,55,55
"CRISPLD2","s1693_S_ADR_01_ASEReadCounter.table","NW_015090842.1:7630779",28,57,29
"CRISPLD2","s1693_S_ADR_01_ASEReadCounter.table","NW_015090842.1:7633611",63,63,0
"CRISPLD2","s1693_S_ADR_01_ASEReadCounter.table","NW_015090842.1:7633787",37,70,33
"CRISPLD2","s1693_S_ADR_01_ASEReadCounter.table","NW_015090842.1:7634023",21,45,24
"CRISPLD2","s1693_S_ADR_01_ASEReadCounter.table","NW_015090842.1:7634620",31,61,30
"CRISPLD2","s1693_S_ADR_01_ASEReadCounter.table","NW_015090842.1:7636315",3,9,6
"LOC106888312","s1693_S_ADR_01_ASEReadCounter.table","NW_015090842.1:7732198",2,2,0
"MTHFSD","s1693_S_ADR_01_ASEReadCounter.table","NW_015090842.1:8152578",19,46,27
"DUSP15","s1693_S_ADR_01_ASEReadCounter.table","NW_015090842.1:8422840",1,4,3
"DUSP15","s1693_S_ADR_01_ASEReadCounter.table","NW_015090842.1:8427711",0,1,1
"DUSP15","s1693_S_ADR_01_ASEReadCounter.table","NW_015090842.1:8431988",0,8,8
"EMC8","s1693_S_ADR_01_ASEReadCounter.table","NW_015090842.1:8452385",25,49,24
"GINS2","s1693_S_ADR_01_ASEReadCounter.table","NW_015090842.1:8467469",32,32,0
"GINS2","s1693_S_ADR_01_ASEReadCounter.table","NW_015090842.1:8470290",29,62,33
"GINS2","s1693_S_ADR_01_ASEReadCounter.table","NW_015090842.1:8470305",26,63,37
"GINS2","s1693_S_ADR_01_ASEReadCounter.table","NW_015090842.1:8470376",34,69,35
"GINS2","s1693_S_ADR_01_ASEReadCounter.table","NW_015090842.1:8471057",0,5,5
"GSE1","s1693_S_ADR_01_ASEReadCounter.table","NW_015090842.1:8483570",5,5,0
"KIAA0513","s1693_S_ADR_01_ASEReadCounter.table","NW_015090842.1:8674736",282,282,0
"KIAA0513","s1693_S_ADR_01_ASEReadCounter.table","NW_015090842.1:8687268",0,11,11
"KIAA0513","s1693_S_ADR_01_ASEReadCounter.table","NW_015090842.1:8693655",104,104,0
"ZCCHC14","s1693_S_ADR_01_ASEReadCounter.table","NW_015090842.1:8750189",63,63,0
"JPH3","s1693_S_ADR_01_ASEReadCounter.table","NW_015090842.1:8872294",5,23,18
"KLHDC4","s1693_S_ADR_01_ASEReadCounter.table","NW_015090842.1:8891175",80,182,102
"KLHDC4","s1693_S_ADR_01_ASEReadCounter.table","NW_015090842.1:8905251",24,64,40
"KLHDC4","s1693_S_ADR_01_ASEReadCounter.table","NW_015090842.1:8919630",8,12,4
"SLC7A5","s1693_S_ADR_01_ASEReadCounter.table","NW_015090842.1:8940382",63,63,0
"SLC7A5","s1693_S_ADR_01_ASEReadCounter.table","NW_015090842.1:8941818",63,63,0
"SLC7A5","s1693_S_ADR_01_ASEReadCounter.table","NW_015090842.1:8944655",48,48,0
"CA5A","s1693_S_ADR_01_ASEReadCounter.table","NW_015090842.1:8989479",56,113,57
"CA5A","s1693_S_ADR_01_ASEReadCounter.table","NW_015090842.1:8989562",66,152,86
"CA5A","s1693_S_ADR_01_ASEReadCounter.table","NW_015090842.1:8989609",81,174,93
"CA5A","s1693_S_ADR_01_ASEReadCounter.table","NW_015090842.1:8989693",84,205,121
"CA5A","s1693_S_ADR_01_ASEReadCounter.table","NW_015090842.1:8989702",97,206,109
"CA5A","s1693_S_ADR_01_ASEReadCounter.table","NW_015090842.1:8989746",91,203,112
"CA5A","s1693_S_ADR_01_ASEReadCounter.table","NW_015090842.1:8989880",77,172,95
"CA5A","s1693_S_ADR_01_ASEReadCounter.table","NW_015090842.1:8989885",82,176,94
"CA5A","s1693_S_ADR_01_ASEReadCounter.table","NW_015090842.1:8989929",70,181,111
"CA5A","s1693_S_ADR_01_ASEReadCounter.table","NW_015090842.1:8990002",71,190,119
"CA5A","s1693_S_ADR_01_ASEReadCounter.table","NW_015090842.1:8990004",73,193,120
"CA5A","s1693_S_ADR_01_ASEReadCounter.table","NW_015090842.1:8990005",71,193,122
"CA5A","s1693_S_ADR_01_ASEReadCounter.table","NW_015090842.1:8990017",70,190,120
"CA5A","s1693_S_ADR_01_ASEReadCounter.table","NW_015090842.1:8990043",59,169,110
"CA5A","s1693_S_ADR_01_ASEReadCounter.table","NW_015090842.1:8990080",50,156,106
"CA5A","s1693_S_ADR_01_ASEReadCounter.table","NW_015090842.1:8990084",53,157,104
"CA5A","s1693_S_ADR_01_ASEReadCounter.table","NW_015090842.1:8990090",51,161,110
"CA5A","s1693_S_ADR_01_ASEReadCounter.table","NW_015090842.1:8990095",54,161,107
"CA5A","s1693_S_ADR_01_ASEReadCounter.table","NW_015090842.1:8990111",46,154,108
"CA5A","s1693_S_ADR_01_ASEReadCounter.table","NW_015090842.1:8990112",44,151,107
"CA5A","s1693_S_ADR_01_ASEReadCounter.table","NW_015090842.1:8990115",52,156,104
"CA5A","s1693_S_ADR_01_ASEReadCounter.table","NW_015090842.1:8990166",55,136,81
"CA5A","s1693_S_ADR_01_ASEReadCounter.table","NW_015090842.1:8990169",66,146,80
"CA5A","s1693_S_ADR_01_ASEReadCounter.table","NW_015090842.1:8990222",59,130,71
"CA5A","s1693_S_ADR_01_ASEReadCounter.table","NW_015090842.1:8990289",49,138,89
"CA5A","s1693_S_ADR_01_ASEReadCounter.table","NW_015090842.1:8990314",49,142,93
"CA5A","s1693_S_ADR_01_ASEReadCounter.table","NW_015090842.1:8990361",53,152,99
"CA5A","s1693_S_ADR_01_ASEReadCounter.table","NW_015090842.1:8990368",54,158,104
"CA5A","s1693_S_ADR_01_ASEReadCounter.table","NW_015090842.1:8990429",59,151,92
"CA5A","s1693_S_ADR_01_ASEReadCounter.table","NW_015090842.1:8990466",54,115,61
"CA5A","s1693_S_ADR_01_ASEReadCounter.table","NW_015090842.1:8990663",61,150,89
"CA5A","s1693_S_ADR_01_ASEReadCounter.table","NW_015090842.1:8990797",46,121,75
"CA5A","s1693_S_ADR_01_ASEReadCounter.table","NW_015090842.1:8990836",46,113,67
"CA5A","s1693_S_ADR_01_ASEReadCounter.table","NW_015090842.1:8990842",44,110,66
"CA5A","s1693_S_ADR_01_ASEReadCounter.table","NW_015090842.1:8990851",49,110,61
"CA5A","s1693_S_ADR_01_ASEReadCounter.table","NW_015090842.1:8990918",44,103,59
"CA5A","s1693_S_ADR_01_ASEReadCounter.table","NW_015090842.1:8990921",41,105,64
"CA5A","s1693_S_ADR_01_ASEReadCounter.table","NW_015090842.1:8990942",55,137,82
"CA5A","s1693_S_ADR_01_ASEReadCounter.table","NW_015090842.1:8991001",53,150,97
"CA5A","s1693_S_ADR_01_ASEReadCounter.table","NW_015090842.1:8991038",48,124,76
"CA5A","s1693_S_ADR_01_ASEReadCounter.table","NW_015090842.1:8991149",76,171,95
"CA5A","s1693_S_ADR_01_ASEReadCounter.table","NW_015090842.1:8991176",75,165,90
"CA5A","s1693_S_ADR_01_ASEReadCounter.table","NW_015090842.1:8991241",58,152,94
"CA5A","s1693_S_ADR_01_ASEReadCounter.table","NW_015090842.1:8991262",54,142,88
"CA5A","s1693_S_ADR_01_ASEReadCounter.table","NW_015090842.1:8991316",74,87,13
"CA5A","s1693_S_ADR_01_ASEReadCounter.table","NW_015090842.1:8991319",67,80,13
"CA5A","s1693_S_ADR_01_ASEReadCounter.table","NW_015090842.1:8991330",72,75,3
"CA5A","s1693_S_ADR_01_ASEReadCounter.table","NW_015090842.1:8991334",65,76,11
"CA5A","s1693_S_ADR_01_ASEReadCounter.table","NW_015090842.1:8991362",62,115,53
"CA5A","s1693_S_ADR_01_ASEReadCounter.table","NW_015090842.1:8991368",63,117,54
"CA5A","s1693_S_ADR_01_ASEReadCounter.table","NW_015090842.1:8991390",55,113,58
"CA5A","s1693_S_ADR_01_ASEReadCounter.table","NW_015090842.1:8991395",54,118,64
"CA5A","s1693_S_ADR_01_ASEReadCounter.table","NW_015090842.1:8991422",49,129,80
"CA5A","s1693_S_ADR_01_ASEReadCounter.table","NW_015090842.1:8991467",50,121,71
"CA5A","s1693_S_ADR_01_ASEReadCounter.table","NW_015090842.1:8991576",40,113,73
"CA5A","s1693_S_ADR_01_ASEReadCounter.table","NW_015090842.1:8991587",48,130,82
"CA5A","s1693_S_ADR_01_ASEReadCounter.table","NW_015090842.1:8991655",44,131,87
"CA5A","s1693_S_ADR_01_ASEReadCounter.table","NW_015090842.1:8991717",32,107,75
"CA5A","s1693_S_ADR_01_ASEReadCounter.table","NW_015090842.1:8991726",35,103,68
"CA5A","s1693_S_ADR_01_ASEReadCounter.table","NW_015090842.1:8991799",45,126,81
"CA5A","s1693_S_ADR_01_ASEReadCounter.table","NW_015090842.1:8991809",38,110,72
"CA5A","s1693_S_ADR_01_ASEReadCounter.table","NW_015090842.1:8991848",35,124,89
"CA5A","s1693_S_ADR_01_ASEReadCounter.table","NW_015090842.1:8991849",35,125,90
"CA5A","s1693_S_ADR_01_ASEReadCounter.table","NW_015090842.1:8991927",54,139,85
"CA5A","s1693_S_ADR_01_ASEReadCounter.table","NW_015090842.1:8991941",50,120,70
"CA5A","s1693_S_ADR_01_ASEReadCounter.table","NW_015090842.1:8992121",37,98,61
"CA5A","s1693_S_ADR_01_ASEReadCounter.table","NW_015090842.1:8992224",40,103,63
"CA5A","s1693_S_ADR_01_ASEReadCounter.table","NW_015090842.1:9002570",25,81,56
"CA5A","s1693_S_ADR_01_ASEReadCounter.table","NW_015090842.1:9002600",29,85,56
"CA5A","s1693_S_ADR_01_ASEReadCounter.table","NW_015090842.1:9004312",27,69,42
"CA5A","s1693_S_ADR_01_ASEReadCounter.table","NW_015090842.1:9004506",1,2,1
"CA5A","s1693_S_ADR_01_ASEReadCounter.table","NW_015090842.1:9004523",1,2,1
"CA5A","s1693_S_ADR_01_ASEReadCounter.table","NW_015090842.1:9004530",1,2,1
"CA5A","s1693_S_ADR_01_ASEReadCounter.table","NW_015090842.1:9004556",1,2,1
"CA5A","s1693_S_ADR_01_ASEReadCounter.table","NW_015090842.1:9004620",0,1,1
"CA5A","s1693_S_ADR_01_ASEReadCounter.table","NW_015090842.1:9005116",1,5,4
"CA5A","s1693_S_ADR_01_ASEReadCounter.table","NW_015090842.1:9005120",1,5,4
"CA5A","s1693_S_ADR_01_ASEReadCounter.table","NW_015090842.1:9005140",2,6,4
"CA5A","s1693_S_ADR_01_ASEReadCounter.table","NW_015090842.1:9005152",2,6,4
"CA5A","s1693_S_ADR_01_ASEReadCounter.table","NW_015090842.1:9011011",1,1,0
"CA5A","s1693_S_ADR_01_ASEReadCounter.table","NW_015090842.1:9011189",0,1,1
"CA5A","s1693_S_ADR_01_ASEReadCounter.table","NW_015090842.1:9011194",0,1,1
"BANP","s1693_S_ADR_01_ASEReadCounter.table","NW_015090842.1:9033407",7,26,19
"BANP","s1693_S_ADR_01_ASEReadCounter.table","NW_015090842.1:9033409",7,25,18
"BANP","s1693_S_ADR_01_ASEReadCounter.table","NW_015090842.1:9033420",8,29,21
"BANP","s1693_S_ADR_01_ASEReadCounter.table","NW_015090842.1:9055284",13,33,20
"CIDEC","s1693_S_ADR_01_ASEReadCounter.table","NW_015090842.1:9481199",2,2,0
"ZC3H18","s1693_S_ADR_01_ASEReadCounter.table","NW_015090842.1:9528933",37,66,29
"MVD","s1693_S_ADR_01_ASEReadCounter.table","NW_015090842.1:9550690",423,423,0
"MVD","s1693_S_ADR_01_ASEReadCounter.table","NW_015090842.1:9550691",419,419,0
"MVD","s1693_S_ADR_01_ASEReadCounter.table","NW_015090842.1:9550699",493,493,0
"MVD","s1693_S_ADR_01_ASEReadCounter.table","NW_015090842.1:9550701",489,490,1
"MVD","s1693_S_ADR_01_ASEReadCounter.table","NW_015090842.1:9552202",814,814,0
"MVD","s1693_S_ADR_01_ASEReadCounter.table","NW_015090842.1:9552223",753,753,0
"MVD","s1693_S_ADR_01_ASEReadCounter.table","NW_015090842.1:9552533",671,671,0
"MVD","s1693_S_ADR_01_ASEReadCounter.table","NW_015090842.1:9552644",244,527,283
"PIEZO1","s1693_S_ADR_01_ASEReadCounter.table","NW_015090842.1:9577447",2,9,7
"PIEZO1","s1693_S_ADR_01_ASEReadCounter.table","NW_015090842.1:9579101",9,17,8
"PIEZO1","s1693_S_ADR_01_ASEReadCounter.table","NW_015090842.1:9582630",13,15,2
"PIEZO1","s1693_S_ADR_01_ASEReadCounter.table","NW_015090842.1:9582976",12,14,2
"PIEZO1","s1693_S_ADR_01_ASEReadCounter.table","NW_015090842.1:9583326",13,13,0
"CDT1","s1693_S_ADR_01_ASEReadCounter.table","NW_015090842.1:9596711",1,5,4
"CDT1","s1693_S_ADR_01_ASEReadCounter.table","NW_015090842.1:9597033",21,21,0
"CDT1","s1693_S_ADR_01_ASEReadCounter.table","NW_015090842.1:9597756",4,12,8
"CDT1","s1693_S_ADR_01_ASEReadCounter.table","NW_015090842.1:9598873",36,36,0
"ACSF3","s1693_S_ADR_01_ASEReadCounter.table","NW_015090842.1:9776737",31,47,16
"ACSF3","s1693_S_ADR_01_ASEReadCounter.table","NW_015090842.1:9809639",107,109,2
"ACSF3","s1693_S_ADR_01_ASEReadCounter.table","NW_015090842.1:9834743",78,137,59
"ACSF3","s1693_S_ADR_01_ASEReadCounter.table","NW_015090842.1:9834762",133,133,0
"ACSF3","s1693_S_ADR_01_ASEReadCounter.table","NW_015090842.1:9834852",80,129,49
"ACSF3","s1693_S_ADR_01_ASEReadCounter.table","NW_015090842.1:9834861",67,117,50
"ACSF3","s1693_S_ADR_01_ASEReadCounter.table","NW_015090842.1:9839359",60,106,46
"ACSF3","s1693_S_ADR_01_ASEReadCounter.table","NW_015090842.1:9839378",52,93,41
"ACSF3","s1693_S_ADR_01_ASEReadCounter.table","NW_015090842.1:9839455",48,86,38
"ACSF3","s1693_S_ADR_01_ASEReadCounter.table","NW_015090842.1:9839457",48,82,34
"ACSF3","s1693_S_ADR_01_ASEReadCounter.table","NW_015090842.1:9839489",37,73,36
"ACSF3","s1693_S_ADR_01_ASEReadCounter.table","NW_015090842.1:9839500",30,62,32
"ACSF3","s1693_S_ADR_01_ASEReadCounter.table","NW_015090842.1:9839501",30,62,32
"ACSF3","s1693_S_ADR_01_ASEReadCounter.table","NW_015090842.1:9839504",34,66,32
"ACSF3","s1693_S_ADR_01_ASEReadCounter.table","NW_015090842.1:9839512",28,50,22
"ACSF3","s1693_S_ADR_01_ASEReadCounter.table","NW_015090842.1:9839527",21,40,19
"ACSF3","s1693_S_ADR_01_ASEReadCounter.table","NW_015090842.1:9839533",11,27,16
"ACSF3","s1693_S_ADR_01_ASEReadCounter.table","NW_015090842.1:9839535",11,28,17
"ACSF3","s1693_S_ADR_01_ASEReadCounter.table","NW_015090842.1:9839545",5,22,17
"ACSF3","s1693_S_ADR_01_ASEReadCounter.table","NW_015090842.1:9839550",5,21,16
"ACSF3","s1693_S_ADR_01_ASEReadCounter.table","NW_015090842.1:9839551",5,20,15
"SLC22A31","s1693_S_ADR_01_ASEReadCounter.table","NW_015090842.1:9851130",2,2,0
"SLC22A31","s1693_S_ADR_01_ASEReadCounter.table","NW_015090842.1:9851139",2,2,0
"SLC22A31","s1693_S_ADR_01_ASEReadCounter.table","NW_015090842.1:9851265",4,8,4
"SLC22A31","s1693_S_ADR_01_ASEReadCounter.table","NW_015090842.1:9851302",5,8,3
"SLC22A31","s1693_S_ADR_01_ASEReadCounter.table","NW_015090842.1:9851303",5,8,3
"SLC22A31","s1693_S_ADR_01_ASEReadCounter.table","NW_015090842.1:9851305",5,8,3
"SLC22A31","s1693_S_ADR_01_ASEReadCounter.table","NW_015090842.1:9851343",4,6,2
"SLC22A31","s1693_S_ADR_01_ASEReadCounter.table","NW_015090842.1:9851344",5,7,2
"SLC22A31","s1693_S_ADR_01_ASEReadCounter.table","NW_015090842.1:9851381",8,12,4
"SLC22A31","s1693_S_ADR_01_ASEReadCounter.table","NW_015090842.1:9851421",10,16,6
"SLC22A31","s1693_S_ADR_01_ASEReadCounter.table","NW_015090842.1:9851526",4,6,2
"SLC22A31","s1693_S_ADR_01_ASEReadCounter.table","NW_015090842.1:9851589",5,8,3
"SLC22A31","s1693_S_ADR_01_ASEReadCounter.table","NW_015090842.1:9851712",8,12,4
"SLC22A31","s1693_S_ADR_01_ASEReadCounter.table","NW_015090842.1:9851899",7,12,5
"SLC22A31","s1693_S_ADR_01_ASEReadCounter.table","NW_015090842.1:9852139",7,10,3
"SLC22A31","s1693_S_ADR_01_ASEReadCounter.table","NW_015090842.1:9852380",9,16,7
"SLC22A31","s1693_S_ADR_01_ASEReadCounter.table","NW_015090842.1:9852431",5,8,3
"SLC22A31","s1693_S_ADR_01_ASEReadCounter.table","NW_015090842.1:9852630",6,9,3
"SLC22A31","s1693_S_ADR_01_ASEReadCounter.table","NW_015090842.1:9852711",5,8,3
"SLC22A31","s1693_S_ADR_01_ASEReadCounter.table","NW_015090842.1:9852742",5,8,3
"SLC22A31","s1693_S_ADR_01_ASEReadCounter.table","NW_015090842.1:9853099",7,9,2
"SLC22A31","s1693_S_ADR_01_ASEReadCounter.table","NW_015090842.1:9853102",7,9,2
"SLC22A31","s1693_S_ADR_01_ASEReadCounter.table","NW_015090842.1:9853421",8,8,0
"SLC22A31","s1693_S_ADR_01_ASEReadCounter.table","NW_015090842.1:9853457",9,9,0
"SLC22A31","s1693_S_ADR_01_ASEReadCounter.table","NW_015090842.1:9853502",9,9,0
"ANKRD11","s1693_S_ADR_01_ASEReadCounter.table","NW_015090842.1:9858863",3,9,6
"ANKRD11","s1693_S_ADR_01_ASEReadCounter.table","NW_015090842.1:9859101",73,158,85
"ANKRD11","s1693_S_ADR_01_ASEReadCounter.table","NW_015090842.1:9859352",85,207,122
"ANKRD11","s1693_S_ADR_01_ASEReadCounter.table","NW_015090842.1:9859381",21,108,87
"ANKRD11","s1693_S_ADR_01_ASEReadCounter.table","NW_015090842.1:9859527",47,101,54
"ANKRD11","s1693_S_ADR_01_ASEReadCounter.table","NW_015090842.1:9859529",48,105,57
"ANKRD11","s1693_S_ADR_01_ASEReadCounter.table","NW_015090842.1:9859679",87,177,90
"ANKRD11","s1693_S_ADR_01_ASEReadCounter.table","NW_015090842.1:9861097",89,187,98
"ANKRD11","s1693_S_ADR_01_ASEReadCounter.table","NW_015090842.1:9862571",68,117,49
"ANKRD11","s1693_S_ADR_01_ASEReadCounter.table","NW_015090842.1:9866071",0,71,71
"ANKRD11","s1693_S_ADR_01_ASEReadCounter.table","NW_015090842.1:9866200",0,69,69
"ANKRD11","s1693_S_ADR_01_ASEReadCounter.table","NW_015090842.1:9867391",30,53,23
"ANKRD11","s1693_S_ADR_01_ASEReadCounter.table","NW_015090842.1:9867472",46,95,49
"ANKRD11","s1693_S_ADR_01_ASEReadCounter.table","NW_015090842.1:9867559",49,98,49
"ANKRD11","s1693_S_ADR_01_ASEReadCounter.table","NW_015090842.1:9867934",73,114,41
"ANKRD11","s1693_S_ADR_01_ASEReadCounter.table","NW_015090842.1:9868093",66,111,45
"ANKRD11","s1693_S_ADR_01_ASEReadCounter.table","NW_015090842.1:9868222",57,104,47
"ANKRD11","s1693_S_ADR_01_ASEReadCounter.table","NW_015090842.1:9868327",54,107,53
"ANKRD11","s1693_S_ADR_01_ASEReadCounter.table","NW_015090842.1:9868414",63,122,59
"ANKRD11","s1693_S_ADR_01_ASEReadCounter.table","NW_015090842.1:9868441",55,107,52
"ANKRD11","s1693_S_ADR_01_ASEReadCounter.table","NW_015090842.1:9868444",56,110,54
"ANKRD11","s1693_S_ADR_01_ASEReadCounter.table","NW_015090842.1:9868519",72,131,59
"ANKRD11","s1693_S_ADR_01_ASEReadCounter.table","NW_015090842.1:9868609",77,150,73
"ANKRD11","s1693_S_ADR_01_ASEReadCounter.table","NW_015090842.1:9868666",76,149,73
"ANKRD11","s1693_S_ADR_01_ASEReadCounter.table","NW_015090842.1:9869431",61,120,59
"ANKRD11","s1693_S_ADR_01_ASEReadCounter.table","NW_015090842.1:9869578",100,187,87
"ANKRD11","s1693_S_ADR_01_ASEReadCounter.table","NW_015090842.1:9869734",88,172,84
"ANKRD11","s1693_S_ADR_01_ASEReadCounter.table","NW_015090842.1:9870070",60,129,69
"ANKRD11","s1693_S_ADR_01_ASEReadCounter.table","NW_015090842.1:9870349",49,125,76
"ANKRD11","s1693_S_ADR_01_ASEReadCounter.table","NW_015090842.1:9870604",81,159,78
"ANKRD11","s1693_S_ADR_01_ASEReadCounter.table","NW_015090842.1:9870613",89,170,81
"ANKRD11","s1693_S_ADR_01_ASEReadCounter.table","NW_015090842.1:9870685",94,191,97
"ANKRD11","s1693_S_ADR_01_ASEReadCounter.table","NW_015090842.1:9870847",91,176,85
"ANKRD11","s1693_S_ADR_01_ASEReadCounter.table","NW_015090842.1:9871103",61,118,57
"ANKRD11","s1693_S_ADR_01_ASEReadCounter.table","NW_015090842.1:9871165",53,133,80
"ANKRD11","s1693_S_ADR_01_ASEReadCounter.table","NW_015090842.1:9871820",33,60,27
"ANKRD11","s1693_S_ADR_01_ASEReadCounter.table","NW_015090842.1:9871994",62,62,0
"ANKRD11","s1693_S_ADR_01_ASEReadCounter.table","NW_015090842.1:9872118",40,78,38
"SPG7","s1693_S_ADR_01_ASEReadCounter.table","NW_015090842.1:10051190",170,384,214
"SPG7","s1693_S_ADR_01_ASEReadCounter.table","NW_015090842.1:10051218",203,450,247
"SPG7","s1693_S_ADR_01_ASEReadCounter.table","NW_015090842.1:10052348",244,478,234
"SPG7","s1693_S_ADR_01_ASEReadCounter.table","NW_015090842.1:10052366",225,452,227
"SPG7","s1693_S_ADR_01_ASEReadCounter.table","NW_015090842.1:10065173",240,488,248
"SPG7","s1693_S_ADR_01_ASEReadCounter.table","NW_015090842.1:10065215",221,417,196
"SPG7","s1693_S_ADR_01_ASEReadCounter.table","NW_015090842.1:10066301",186,348,162
"SPG7","s1693_S_ADR_01_ASEReadCounter.table","NW_015090842.1:10066365",192,359,167
"SPG7","s1693_S_ADR_01_ASEReadCounter.table","NW_015090842.1:10069752",226,405,179
"SPG7","s1693_S_ADR_01_ASEReadCounter.table","NW_015090842.1:10069800",226,453,227
"SPG7","s1693_S_ADR_01_ASEReadCounter.table","NW_015090842.1:10071192",242,518,276
"SPG7","s1693_S_ADR_01_ASEReadCounter.table","NW_015090842.1:10071204",220,474,254
"SPG7","s1693_S_ADR_01_ASEReadCounter.table","NW_015090842.1:10071219",207,455,248
"SPG7","s1693_S_ADR_01_ASEReadCounter.table","NW_015090842.1:10071967",230,472,242
"SPG7","s1693_S_ADR_01_ASEReadCounter.table","NW_015090842.1:10075109",337,586,249
"SPG7","s1693_S_ADR_01_ASEReadCounter.table","NW_015090842.1:10075114",342,584,242
"SPG7","s1693_S_ADR_01_ASEReadCounter.table","NW_015090842.1:10075198",263,461,198
"SPG7","s1693_S_ADR_01_ASEReadCounter.table","NW_015090842.1:10075487",189,374,185
"SPG7","s1693_S_ADR_01_ASEReadCounter.table","NW_015090842.1:10075488",189,381,192
"SPG7","s1693_S_ADR_01_ASEReadCounter.table","NW_015090842.1:10075548",153,291,138
"RPL13","s1693_S_ADR_01_ASEReadCounter.table","NW_015090842.1:10076979",1,4,3
"RPL13","s1693_S_ADR_01_ASEReadCounter.table","NW_015090842.1:10077387",823,1790,967
"RPL13","s1693_S_ADR_01_ASEReadCounter.table","NW_015090842.1:10077978",1175,2489,1314
"RPL13","s1693_S_ADR_01_ASEReadCounter.table","NW_015090842.1:10077992",1171,2399,1228
"CPNE7","s1693_S_ADR_01_ASEReadCounter.table","NW_015090842.1:10084001",2,2,0
"CPNE7","s1693_S_ADR_01_ASEReadCounter.table","NW_015090842.1:10084856",1,1,0
"CPNE7","s1693_S_ADR_01_ASEReadCounter.table","NW_015090842.1:10084872",1,1,0
"CPNE7","s1693_S_ADR_01_ASEReadCounter.table","NW_015090842.1:10084892",2,2,0
"CPNE7","s1693_S_ADR_01_ASEReadCounter.table","NW_015090842.1:10084921",1,1,0
"CPNE7","s1693_S_ADR_01_ASEReadCounter.table","NW_015090842.1:10084935",1,1,0
"CPNE7","s1693_S_ADR_01_ASEReadCounter.table","NW_015090842.1:10088134",0,1,1
"CPNE7","s1693_S_ADR_01_ASEReadCounter.table","NW_015090842.1:10088146",0,1,1
"CPNE7","s1693_S_ADR_01_ASEReadCounter.table","NW_015090842.1:10091875",0,1,1
"CPNE7","s1693_S_ADR_01_ASEReadCounter.table","NW_015090842.1:10092038",0,1,1
"LOC106888185","s1693_S_ADR_01_ASEReadCounter.table","NW_015090842.1:10094965",2,14,12
"LOC106888185","s1693_S_ADR_01_ASEReadCounter.table","NW_015090842.1:10094966",2,14,12
"LOC106888185","s1693_S_ADR_01_ASEReadCounter.table","NW_015090842.1:10094985",2,15,13
"LOC106888185","s1693_S_ADR_01_ASEReadCounter.table","NW_015090842.1:10095055",0,15,15
"LOC106888185","s1693_S_ADR_01_ASEReadCounter.table","NW_015090842.1:10095062",0,14,14
"LOC106888185","s1693_S_ADR_01_ASEReadCounter.table","NW_015090842.1:10095130",1,20,19
"LOC106888185","s1693_S_ADR_01_ASEReadCounter.table","NW_015090842.1:10095265",43,93,50
"LOC106888185","s1693_S_ADR_01_ASEReadCounter.table","NW_015090842.1:10095586",37,109,72
"LOC106888185","s1693_S_ADR_01_ASEReadCounter.table","NW_015090842.1:10095593",39,112,73
"LOC106888185","s1693_S_ADR_01_ASEReadCounter.table","NW_015090842.1:10095616",31,91,60
"LOC106888185","s1693_S_ADR_01_ASEReadCounter.table","NW_015090842.1:10095662",28,76,48
"LOC106888185","s1693_S_ADR_01_ASEReadCounter.table","NW_015090842.1:10095674",26,70,44
"LOC106888185","s1693_S_ADR_01_ASEReadCounter.table","NW_015090842.1:10095786",36,86,50
"LOC106888185","s1693_S_ADR_01_ASEReadCounter.table","NW_015090842.1:10095831",43,100,57
"LOC106888185","s1693_S_ADR_01_ASEReadCounter.table","NW_015090842.1:10096230",42,115,73
"LOC106888185","s1693_S_ADR_01_ASEReadCounter.table","NW_015090842.1:10096249",49,133,84
"LOC106888185","s1693_S_ADR_01_ASEReadCounter.table","NW_015090842.1:10096272",52,131,79
"LOC106888185","s1693_S_ADR_01_ASEReadCounter.table","NW_015090842.1:10096288",54,132,78
"LOC106888185","s1693_S_ADR_01_ASEReadCounter.table","NW_015090842.1:10097248",58,142,84
"LOC106888185","s1693_S_ADR_01_ASEReadCounter.table","NW_015090842.1:10097265",76,176,100
"LOC106888185","s1693_S_ADR_01_ASEReadCounter.table","NW_015090842.1:10097446",13,48,35
"DPEP1","s1693_S_ADR_01_ASEReadCounter.table","NW_015090842.1:10098017",1,5,4
"DPEP1","s1693_S_ADR_01_ASEReadCounter.table","NW_015090842.1:10098518",0,9,9
"DPEP1","s1693_S_ADR_01_ASEReadCounter.table","NW_015090842.1:10098595",2,9,7
"DPEP1","s1693_S_ADR_01_ASEReadCounter.table","NW_015090842.1:10098597",2,10,8
"DPEP1","s1693_S_ADR_01_ASEReadCounter.table","NW_015090842.1:10098601",3,10,7
"DPEP1","s1693_S_ADR_01_ASEReadCounter.table","NW_015090842.1:10098608",3,9,6
"DPEP1","s1693_S_ADR_01_ASEReadCounter.table","NW_015090842.1:10098630",3,10,7
"DPEP1","s1693_S_ADR_01_ASEReadCounter.table","NW_015090842.1:10098659",4,15,11
"DPEP1","s1693_S_ADR_01_ASEReadCounter.table","NW_015090842.1:10099765",3,13,10
"DPEP1","s1693_S_ADR_01_ASEReadCounter.table","NW_015090842.1:10099985",2,10,8
"DPEP1","s1693_S_ADR_01_ASEReadCounter.table","NW_015090842.1:10099986",2,11,9
"DPEP1","s1693_S_ADR_01_ASEReadCounter.table","NW_015090842.1:10099991",2,11,9
"DPEP1","s1693_S_ADR_01_ASEReadCounter.table","NW_015090842.1:10100044",4,15,11
"DPEP1","s1693_S_ADR_01_ASEReadCounter.table","NW_015090842.1:10100045",4,15,11
"DPEP1","s1693_S_ADR_01_ASEReadCounter.table","NW_015090842.1:10100084",2,11,9
"DPEP1","s1693_S_ADR_01_ASEReadCounter.table","NW_015090842.1:10100295",2,8,6
"DPEP1","s1693_S_ADR_01_ASEReadCounter.table","NW_015090842.1:10100529",3,16,13
"DPEP1","s1693_S_ADR_01_ASEReadCounter.table","NW_015090842.1:10100893",1,15,14
"DPEP1","s1693_S_ADR_01_ASEReadCounter.table","NW_015090842.1:10100902",0,14,14
"DPEP1","s1693_S_ADR_01_ASEReadCounter.table","NW_015090842.1:10101072",1,13,12
"DPEP1","s1693_S_ADR_01_ASEReadCounter.table","NW_015090842.1:10101199",2,15,13
"DPEP1","s1693_S_ADR_01_ASEReadCounter.table","NW_015090842.1:10101483",1,14,13
"DPEP1","s1693_S_ADR_01_ASEReadCounter.table","NW_015090842.1:10101497",3,16,13
"DPEP1","s1693_S_ADR_01_ASEReadCounter.table","NW_015090842.1:10101525",3,10,7
"DPEP1","s1693_S_ADR_01_ASEReadCounter.table","NW_015090842.1:10101875",1,16,15
"DPEP1","s1693_S_ADR_01_ASEReadCounter.table","NW_015090842.1:10101913",1,15,14
"DPEP1","s1693_S_ADR_01_ASEReadCounter.table","NW_015090842.1:10101996",1,9,8
"DPEP1","s1693_S_ADR_01_ASEReadCounter.table","NW_015090842.1:10102014",1,9,8
"DPEP1","s1693_S_ADR_01_ASEReadCounter.table","NW_015090842.1:10102035",1,7,6
"DPEP1","s1693_S_ADR_01_ASEReadCounter.table","NW_015090842.1:10102076",1,2,1
"DPEP1","s1693_S_ADR_01_ASEReadCounter.table","NW_015090842.1:10102077",1,2,1
"CHMP1A","s1693_S_ADR_01_ASEReadCounter.table","NW_015090842.1:10102901",62,162,100
"CHMP1A","s1693_S_ADR_01_ASEReadCounter.table","NW_015090842.1:10102961",50,146,96
"CHMP1A","s1693_S_ADR_01_ASEReadCounter.table","NW_015090842.1:10102996",49,138,89
"CHMP1A","s1693_S_ADR_01_ASEReadCounter.table","NW_015090842.1:10103004",50,139,89
"CHMP1A","s1693_S_ADR_01_ASEReadCounter.table","NW_015090842.1:10103006",50,139,89
"CHMP1A","s1693_S_ADR_01_ASEReadCounter.table","NW_015090842.1:10103052",84,189,105
"CHMP1A","s1693_S_ADR_01_ASEReadCounter.table","NW_015090842.1:10103095",92,197,105
"CHMP1A","s1693_S_ADR_01_ASEReadCounter.table","NW_015090842.1:10103096",92,197,105
"CHMP1A","s1693_S_ADR_01_ASEReadCounter.table","NW_015090842.1:10103152",83,163,80
"CHMP1A","s1693_S_ADR_01_ASEReadCounter.table","NW_015090842.1:10103334",62,131,69
"CHMP1A","s1693_S_ADR_01_ASEReadCounter.table","NW_015090842.1:10103373",28,106,78
"CHMP1A","s1693_S_ADR_01_ASEReadCounter.table","NW_015090842.1:10103408",57,154,97
"CHMP1A","s1693_S_ADR_01_ASEReadCounter.table","NW_015090842.1:10103412",59,151,92
"CHMP1A","s1693_S_ADR_01_ASEReadCounter.table","NW_015090842.1:10103512",82,178,96
"CHMP1A","s1693_S_ADR_01_ASEReadCounter.table","NW_015090842.1:10103513",80,177,97
"CHMP1A","s1693_S_ADR_01_ASEReadCounter.table","NW_015090842.1:10103583",60,151,91
"CHMP1A","s1693_S_ADR_01_ASEReadCounter.table","NW_015090842.1:10103614",55,148,93
"CHMP1A","s1693_S_ADR_01_ASEReadCounter.table","NW_015090842.1:10103657",64,170,106
"CHMP1A","s1693_S_ADR_01_ASEReadCounter.table","NW_015090842.1:10103669",52,148,96
"CHMP1A","s1693_S_ADR_01_ASEReadCounter.table","NW_015090842.1:10103674",51,139,88
"CHMP1A","s1693_S_ADR_01_ASEReadCounter.table","NW_015090842.1:10103677",49,139,90
"CHMP1A","s1693_S_ADR_01_ASEReadCounter.table","NW_015090842.1:10103729",61,152,91
"CHMP1A","s1693_S_ADR_01_ASEReadCounter.table","NW_015090842.1:10103758",68,149,81
"CHMP1A","s1693_S_ADR_01_ASEReadCounter.table","NW_015090842.1:10103761",67,151,84
"CHMP1A","s1693_S_ADR_01_ASEReadCounter.table","NW_015090842.1:10103788",82,181,99
"CHMP1A","s1693_S_ADR_01_ASEReadCounter.table","NW_015090842.1:10103789",81,181,100
"CHMP1A","s1693_S_ADR_01_ASEReadCounter.table","NW_015090842.1:10103790",80,180,100
"CHMP1A","s1693_S_ADR_01_ASEReadCounter.table","NW_015090842.1:10103950",86,170,84
"CHMP1A","s1693_S_ADR_01_ASEReadCounter.table","NW_015090842.1:10104335",64,133,69
"CHMP1A","s1693_S_ADR_01_ASEReadCounter.table","NW_015090842.1:10104429",102,210,108
"CHMP1A","s1693_S_ADR_01_ASEReadCounter.table","NW_015090842.1:10104532",92,201,109
"CHMP1A","s1693_S_ADR_01_ASEReadCounter.table","NW_015090842.1:10104633",67,165,98
"CHMP1A","s1693_S_ADR_01_ASEReadCounter.table","NW_015090842.1:10104759",63,138,75
"CHMP1A","s1693_S_ADR_01_ASEReadCounter.table","NW_015090842.1:10104794",78,162,84
"CHMP1A","s1693_S_ADR_01_ASEReadCounter.table","NW_015090842.1:10104844",55,125,70
"CHMP1A","s1693_S_ADR_01_ASEReadCounter.table","NW_015090842.1:10106290",72,162,90
"CHMP1A","s1693_S_ADR_01_ASEReadCounter.table","NW_015090842.1:10106335",85,181,96
"CHMP1A","s1693_S_ADR_01_ASEReadCounter.table","NW_015090842.1:10106383",110,237,127
"CHMP1A","s1693_S_ADR_01_ASEReadCounter.table","NW_015090842.1:10106747",73,192,119
"CHMP1A","s1693_S_ADR_01_ASEReadCounter.table","NW_015090842.1:10107404",102,189,87
"CHMP1A","s1693_S_ADR_01_ASEReadCounter.table","NW_015090842.1:10107410",104,193,89
"CHMP1A","s1693_S_ADR_01_ASEReadCounter.table","NW_015090842.1:10107876",92,188,96
"CDK10","s1693_S_ADR_01_ASEReadCounter.table","NW_015090842.1:10109030",11,11,0
"CDK10","s1693_S_ADR_01_ASEReadCounter.table","NW_015090842.1:10109963",41,130,89
"CDK10","s1693_S_ADR_01_ASEReadCounter.table","NW_015090842.1:10110887",37,100,63
"CDK10","s1693_S_ADR_01_ASEReadCounter.table","NW_015090842.1:10111254",34,105,71
"CDK10","s1693_S_ADR_01_ASEReadCounter.table","NW_015090842.1:10111380",36,119,83
"CDK10","s1693_S_ADR_01_ASEReadCounter.table","NW_015090842.1:10111395",36,109,73
"CDK10","s1693_S_ADR_01_ASEReadCounter.table","NW_015090842.1:10111437",19,95,76
"CDK10","s1693_S_ADR_01_ASEReadCounter.table","NW_015090842.1:10111798",44,113,69
"CDK10","s1693_S_ADR_01_ASEReadCounter.table","NW_015090842.1:10111840",29,91,62
"CDK10","s1693_S_ADR_01_ASEReadCounter.table","NW_015090842.1:10112031",45,128,83
"CDK10","s1693_S_ADR_01_ASEReadCounter.table","NW_015090842.1:10112285",39,124,85
"CDK10","s1693_S_ADR_01_ASEReadCounter.table","NW_015090842.1:10112398",31,112,81
"CDK10","s1693_S_ADR_01_ASEReadCounter.table","NW_015090842.1:10112455",33,106,73
"CDK10","s1693_S_ADR_01_ASEReadCounter.table","NW_015090842.1:10112461",29,95,66
"CDK10","s1693_S_ADR_01_ASEReadCounter.table","NW_015090842.1:10112497",32,92,60
"CDK10","s1693_S_ADR_01_ASEReadCounter.table","NW_015090842.1:10112508",28,91,63
"CDK10","s1693_S_ADR_01_ASEReadCounter.table","NW_015090842.1:10112518",23,82,59
"CDK10","s1693_S_ADR_01_ASEReadCounter.table","NW_015090842.1:10112540",12,73,61
"CDK10","s1693_S_ADR_01_ASEReadCounter.table","NW_015090842.1:10112556",28,84,56
"CDK10","s1693_S_ADR_01_ASEReadCounter.table","NW_015090842.1:10112561",29,98,69
"CDK10","s1693_S_ADR_01_ASEReadCounter.table","NW_015090842.1:10112596",38,102,64
"CDK10","s1693_S_ADR_01_ASEReadCounter.table","NW_015090842.1:10112630",31,84,53
"CDK10","s1693_S_ADR_01_ASEReadCounter.table","NW_015090842.1:10112656",32,83,51
"CDK10","s1693_S_ADR_01_ASEReadCounter.table","NW_015090842.1:10112665",27,64,37
"CDK10","s1693_S_ADR_01_ASEReadCounter.table","NW_015090842.1:10112668",27,66,39
"CDK10","s1693_S_ADR_01_ASEReadCounter.table","NW_015090842.1:10112781",6,26,20
"CDK10","s1693_S_ADR_01_ASEReadCounter.table","NW_015090842.1:10112782",6,26,20
"CDK10","s1693_S_ADR_01_ASEReadCounter.table","NW_015090842.1:10112795",8,29,21
"CDK10","s1693_S_ADR_01_ASEReadCounter.table","NW_015090842.1:10112841",2,10,8
"CDK10","s1693_S_ADR_01_ASEReadCounter.table","NW_015090842.1:10112861",2,9,7
"SPATA2L","s1693_S_ADR_01_ASEReadCounter.table","NW_015090842.1:10113212",10,24,14
"SPATA2L","s1693_S_ADR_01_ASEReadCounter.table","NW_015090842.1:10113280",23,55,32
"SPATA2L","s1693_S_ADR_01_ASEReadCounter.table","NW_015090842.1:10113296",25,62,37
"SPATA2L","s1693_S_ADR_01_ASEReadCounter.table","NW_015090842.1:10113321",27,63,36
"SPATA2L","s1693_S_ADR_01_ASEReadCounter.table","NW_015090842.1:10113332",25,68,43
"SPATA2L","s1693_S_ADR_01_ASEReadCounter.table","NW_015090842.1:10113380",24,69,45
"SPATA2L","s1693_S_ADR_01_ASEReadCounter.table","NW_015090842.1:10113381",24,68,44
"SPATA2L","s1693_S_ADR_01_ASEReadCounter.table","NW_015090842.1:10113412",28,79,51
"SPATA2L","s1693_S_ADR_01_ASEReadCounter.table","NW_015090842.1:10113421",28,80,52
"SPATA2L","s1693_S_ADR_01_ASEReadCounter.table","NW_015090842.1:10113465",26,72,46
"SPATA2L","s1693_S_ADR_01_ASEReadCounter.table","NW_015090842.1:10113535",43,85,42
"SPATA2L","s1693_S_ADR_01_ASEReadCounter.table","NW_015090842.1:10113645",29,79,50
"SPATA2L","s1693_S_ADR_01_ASEReadCounter.table","NW_015090842.1:10113682",46,105,59
"SPATA2L","s1693_S_ADR_01_ASEReadCounter.table","NW_015090842.1:10113696",47,93,46
"SPATA2L","s1693_S_ADR_01_ASEReadCounter.table","NW_015090842.1:10113727",48,89,41
"SPATA2L","s1693_S_ADR_01_ASEReadCounter.table","NW_015090842.1:10113729",50,91,41
"SPATA2L","s1693_S_ADR_01_ASEReadCounter.table","NW_015090842.1:10113799",54,104,50
"SPATA2L","s1693_S_ADR_01_ASEReadCounter.table","NW_015090842.1:10113809",54,109,55
"SPATA2L","s1693_S_ADR_01_ASEReadCounter.table","NW_015090842.1:10113827",52,112,60
"SPATA2L","s1693_S_ADR_01_ASEReadCounter.table","NW_015090842.1:10113831",49,108,59
"SPATA2L","s1693_S_ADR_01_ASEReadCounter.table","NW_015090842.1:10113894",43,102,59
"SPATA2L","s1693_S_ADR_01_ASEReadCounter.table","NW_015090842.1:10113905",38,96,58
"SPATA2L","s1693_S_ADR_01_ASEReadCounter.table","NW_015090842.1:10113914",43,95,52
"SPATA2L","s1693_S_ADR_01_ASEReadCounter.table","NW_015090842.1:10113920",46,107,61
"SPATA2L","s1693_S_ADR_01_ASEReadCounter.table","NW_015090842.1:10113937",49,117,68
"SPATA2L","s1693_S_ADR_01_ASEReadCounter.table","NW_015090842.1:10113971",43,108,65
"SPATA2L","s1693_S_ADR_01_ASEReadCounter.table","NW_015090842.1:10113976",32,108,76
"SPATA2L","s1693_S_ADR_01_ASEReadCounter.table","NW_015090842.1:10113985",34,88,54
"SPATA2L","s1693_S_ADR_01_ASEReadCounter.table","NW_015090842.1:10113994",38,93,55
"SPATA2L","s1693_S_ADR_01_ASEReadCounter.table","NW_015090842.1:10114063",41,83,42
"SPATA2L","s1693_S_ADR_01_ASEReadCounter.table","NW_015090842.1:10114066",37,80,43
"SPATA2L","s1693_S_ADR_01_ASEReadCounter.table","NW_015090842.1:10114069",37,80,43
"SPATA2L","s1693_S_ADR_01_ASEReadCounter.table","NW_015090842.1:10114159",21,59,38
"SPATA2L","s1693_S_ADR_01_ASEReadCounter.table","NW_015090842.1:10114262",83,83,0
"SPATA2L","s1693_S_ADR_01_ASEReadCounter.table","NW_015090842.1:10114470",18,42,24
"SPATA2L","s1693_S_ADR_01_ASEReadCounter.table","NW_015090842.1:10114524",17,36,19
"VPS9D1","s1693_S_ADR_01_ASEReadCounter.table","NW_015090842.1:10116377",22,43,21
"VPS9D1","s1693_S_ADR_01_ASEReadCounter.table","NW_015090842.1:10116415",22,48,26
"VPS9D1","s1693_S_ADR_01_ASEReadCounter.table","NW_015090842.1:10116607",17,40,23
"VPS9D1","s1693_S_ADR_01_ASEReadCounter.table","NW_015090842.1:10116821",19,44,25
"VPS9D1","s1693_S_ADR_01_ASEReadCounter.table","NW_015090842.1:10116825",16,39,23
"VPS9D1","s1693_S_ADR_01_ASEReadCounter.table","NW_015090842.1:10116882",17,31,14
"VPS9D1","s1693_S_ADR_01_ASEReadCounter.table","NW_015090842.1:10116933",21,34,13
"VPS9D1","s1693_S_ADR_01_ASEReadCounter.table","NW_015090842.1:10116942",23,35,12
"VPS9D1","s1693_S_ADR_01_ASEReadCounter.table","NW_015090842.1:10117152",21,38,17
"VPS9D1","s1693_S_ADR_01_ASEReadCounter.table","NW_015090842.1:10117480",12,27,15
"VPS9D1","s1693_S_ADR_01_ASEReadCounter.table","NW_015090842.1:10117497",13,28,15
"VPS9D1","s1693_S_ADR_01_ASEReadCounter.table","NW_015090842.1:10117499",13,30,17
"VPS9D1","s1693_S_ADR_01_ASEReadCounter.table","NW_015090842.1:10117516",12,33,21
"VPS9D1","s1693_S_ADR_01_ASEReadCounter.table","NW_015090842.1:10117525",15,34,19
"VPS9D1","s1693_S_ADR_01_ASEReadCounter.table","NW_015090842.1:10117579",20,54,34
"VPS9D1","s1693_S_ADR_01_ASEReadCounter.table","NW_015090842.1:10117627",20,51,31
"VPS9D1","s1693_S_ADR_01_ASEReadCounter.table","NW_015090842.1:10117678",10,39,29
"VPS9D1","s1693_S_ADR_01_ASEReadCounter.table","NW_015090842.1:10117773",16,54,38
"VPS9D1","s1693_S_ADR_01_ASEReadCounter.table","NW_015090842.1:10117937",25,61,36
"VPS9D1","s1693_S_ADR_01_ASEReadCounter.table","NW_015090842.1:10117961",25,59,34
"VPS9D1","s1693_S_ADR_01_ASEReadCounter.table","NW_015090842.1:10118236",24,58,34
"VPS9D1","s1693_S_ADR_01_ASEReadCounter.table","NW_015090842.1:10118414",29,58,29
"VPS9D1","s1693_S_ADR_01_ASEReadCounter.table","NW_015090842.1:10118973",25,48,23
"VPS9D1","s1693_S_ADR_01_ASEReadCounter.table","NW_015090842.1:10119500",17,33,16
"ZNF276","s1693_S_ADR_01_ASEReadCounter.table","NW_015090842.1:10121760",7,13,6
"ZNF276","s1693_S_ADR_01_ASEReadCounter.table","NW_015090842.1:10121769",6,11,5
"ZNF276","s1693_S_ADR_01_ASEReadCounter.table","NW_015090842.1:10121802",5,12,7
"ZNF276","s1693_S_ADR_01_ASEReadCounter.table","NW_015090842.1:10121971",10,22,12
"ZNF276","s1693_S_ADR_01_ASEReadCounter.table","NW_015090842.1:10122161",27,27,0
"ZNF276","s1693_S_ADR_01_ASEReadCounter.table","NW_015090842.1:10122164",28,28,0
"ZNF276","s1693_S_ADR_01_ASEReadCounter.table","NW_015090842.1:10122184",31,31,0
"ZNF276","s1693_S_ADR_01_ASEReadCounter.table","NW_015090842.1:10122883",15,26,11
"ZNF276","s1693_S_ADR_01_ASEReadCounter.table","NW_015090842.1:10122997",12,26,14
"ZNF276","s1693_S_ADR_01_ASEReadCounter.table","NW_015090842.1:10123069",21,31,10
"ZNF276","s1693_S_ADR_01_ASEReadCounter.table","NW_015090842.1:10123207",26,43,17
"ZNF276","s1693_S_ADR_01_ASEReadCounter.table","NW_015090842.1:10125787",25,55,30
"ZNF276","s1693_S_ADR_01_ASEReadCounter.table","NW_015090842.1:10126309",29,45,16
"ZNF276","s1693_S_ADR_01_ASEReadCounter.table","NW_015090842.1:10126348",27,51,24
"ZNF276","s1693_S_ADR_01_ASEReadCounter.table","NW_015090842.1:10126978",35,54,19
"ZNF276","s1693_S_ADR_01_ASEReadCounter.table","NW_015090842.1:10126991",32,47,15
"ZNF276","s1693_S_ADR_01_ASEReadCounter.table","NW_015090842.1:10127023",36,50,14
"ZNF276","s1693_S_ADR_01_ASEReadCounter.table","NW_015090842.1:10127063",29,53,24
"ZNF276","s1693_S_ADR_01_ASEReadCounter.table","NW_015090842.1:10127373",25,51,26
"ZNF276","s1693_S_ADR_01_ASEReadCounter.table","NW_015090842.1:10127931",31,50,19
"ZNF276","s1693_S_ADR_01_ASEReadCounter.table","NW_015090842.1:10128070",41,62,21
"ZNF276","s1693_S_ADR_01_ASEReadCounter.table","NW_015090842.1:10128102",34,62,28
"ZNF276","s1693_S_ADR_01_ASEReadCounter.table","NW_015090842.1:10128356",19,39,20
"ZNF276","s1693_S_ADR_01_ASEReadCounter.table","NW_015090842.1:10128497",13,23,10
"FANCA","s1693_S_ADR_01_ASEReadCounter.table","NW_015090842.1:10128743",1,2,1
"FANCA","s1693_S_ADR_01_ASEReadCounter.table","NW_015090842.1:10128822",3,3,0
"FANCA","s1693_S_ADR_01_ASEReadCounter.table","NW_015090842.1:10129383",2,3,1
"FANCA","s1693_S_ADR_01_ASEReadCounter.table","NW_015090842.1:10129390",3,4,1
"FANCA","s1693_S_ADR_01_ASEReadCounter.table","NW_015090842.1:10129422",2,3,1
"FANCA","s1693_S_ADR_01_ASEReadCounter.table","NW_015090842.1:10129969",1,2,1
"FANCA","s1693_S_ADR_01_ASEReadCounter.table","NW_015090842.1:10130399",3,6,3
"FANCA","s1693_S_ADR_01_ASEReadCounter.table","NW_015090842.1:10130857",2,3,1
"FANCA","s1693_S_ADR_01_ASEReadCounter.table","NW_015090842.1:10130878",3,4,1
"FANCA","s1693_S_ADR_01_ASEReadCounter.table","NW_015090842.1:10133530",0,1,1
"FANCA","s1693_S_ADR_01_ASEReadCounter.table","NW_015090842.1:10133533",0,1,1
"FANCA","s1693_S_ADR_01_ASEReadCounter.table","NW_015090842.1:10133536",0,1,1
"FANCA","s1693_S_ADR_01_ASEReadCounter.table","NW_015090842.1:10133601",4,6,2
"FANCA","s1693_S_ADR_01_ASEReadCounter.table","NW_015090842.1:10134492",3,3,0
"FANCA","s1693_S_ADR_01_ASEReadCounter.table","NW_015090842.1:10137019",0,1,1
"FANCA","s1693_S_ADR_01_ASEReadCounter.table","NW_015090842.1:10137673",1,4,3
"FANCA","s1693_S_ADR_01_ASEReadCounter.table","NW_015090842.1:10138618",0,3,3
"FANCA","s1693_S_ADR_01_ASEReadCounter.table","NW_015090842.1:10139140",0,2,2
"FANCA","s1693_S_ADR_01_ASEReadCounter.table","NW_015090842.1:10140699",1,1,0
"FANCA","s1693_S_ADR_01_ASEReadCounter.table","NW_015090842.1:10141234",1,1,0
"FANCA","s1693_S_ADR_01_ASEReadCounter.table","NW_015090842.1:10145030",2,3,1
"FANCA","s1693_S_ADR_01_ASEReadCounter.table","NW_015090842.1:10150518",0,1,1
"FANCA","s1693_S_ADR_01_ASEReadCounter.table","NW_015090842.1:10152863",1,1,0
"FANCA","s1693_S_ADR_01_ASEReadCounter.table","NW_015090842.1:10154490",2,2,0
"FANCA","s1693_S_ADR_01_ASEReadCounter.table","NW_015090842.1:10158957",1,1,0
"SPIRE2","s1693_S_ADR_01_ASEReadCounter.table","NW_015090842.1:10172284",4,5,1
"SPIRE2","s1693_S_ADR_01_ASEReadCounter.table","NW_015090842.1:10175262",7,10,3
"SPIRE2","s1693_S_ADR_01_ASEReadCounter.table","NW_015090842.1:10175352",5,6,1
"SPIRE2","s1693_S_ADR_01_ASEReadCounter.table","NW_015090842.1:10175400",6,16,10
"SPIRE2","s1693_S_ADR_01_ASEReadCounter.table","NW_015090842.1:10175418",6,16,10
"SPIRE2","s1693_S_ADR_01_ASEReadCounter.table","NW_015090842.1:10175704",18,33,15
"SPIRE2","s1693_S_ADR_01_ASEReadCounter.table","NW_015090842.1:10176115",26,52,26
"SPIRE2","s1693_S_ADR_01_ASEReadCounter.table","NW_015090842.1:10176561",20,40,20
"SPIRE2","s1693_S_ADR_01_ASEReadCounter.table","NW_015090842.1:10176817",18,39,21
"SPIRE2","s1693_S_ADR_01_ASEReadCounter.table","NW_015090842.1:10177084",7,27,20
"SPIRE2","s1693_S_ADR_01_ASEReadCounter.table","NW_015090842.1:10177838",10,27,17
"SPIRE2","s1693_S_ADR_01_ASEReadCounter.table","NW_015090842.1:10178000",15,45,30
"SPIRE2","s1693_S_ADR_01_ASEReadCounter.table","NW_015090842.1:10178164",12,28,16
"SPIRE2","s1693_S_ADR_01_ASEReadCounter.table","NW_015090842.1:10178216",8,32,24
"SPIRE2","s1693_S_ADR_01_ASEReadCounter.table","NW_015090842.1:10178303",13,31,18
"SPIRE2","s1693_S_ADR_01_ASEReadCounter.table","NW_015090842.1:10178403",14,41,27
"SPIRE2","s1693_S_ADR_01_ASEReadCounter.table","NW_015090842.1:10178409",13,38,25
"SPIRE2","s1693_S_ADR_01_ASEReadCounter.table","NW_015090842.1:10178524",17,39,22
"SPIRE2","s1693_S_ADR_01_ASEReadCounter.table","NW_015090842.1:10178526",17,39,22
"SPIRE2","s1693_S_ADR_01_ASEReadCounter.table","NW_015090842.1:10178531",16,37,21
"SPIRE2","s1693_S_ADR_01_ASEReadCounter.table","NW_015090842.1:10178565",8,25,17
"SPIRE2","s1693_S_ADR_01_ASEReadCounter.table","NW_015090842.1:10178587",7,22,15
"SPIRE2","s1693_S_ADR_01_ASEReadCounter.table","NW_015090842.1:10178640",8,23,15
"SPIRE2","s1693_S_ADR_01_ASEReadCounter.table","NW_015090842.1:10178651",8,25,17
"SPIRE2","s1693_S_ADR_01_ASEReadCounter.table","NW_015090842.1:10178682",8,23,15
"TCF25","s1693_S_ADR_01_ASEReadCounter.table","NW_015090842.1:10180912",48,82,34
"TCF25","s1693_S_ADR_01_ASEReadCounter.table","NW_015090842.1:10180924",49,80,31
"TCF25","s1693_S_ADR_01_ASEReadCounter.table","NW_015090842.1:10180931",52,83,31
"TCF25","s1693_S_ADR_01_ASEReadCounter.table","NW_015090842.1:10185332",114,211,97
"TCF25","s1693_S_ADR_01_ASEReadCounter.table","NW_015090842.1:10196561",110,209,99
"TCF25","s1693_S_ADR_01_ASEReadCounter.table","NW_015090842.1:10197399",297,297,0
"MC1R","s1693_S_ADR_01_ASEReadCounter.table","NW_015090842.1:10201853",1,2,1
"MC1R","s1693_S_ADR_01_ASEReadCounter.table","NW_015090842.1:10201986",0,1,1
"MC1R","s1693_S_ADR_01_ASEReadCounter.table","NW_015090842.1:10202160",0,1,1
"TUBB3","s1693_S_ADR_01_ASEReadCounter.table","NW_015090842.1:10205322",0,201,201
"GAS8","s1693_S_ADR_01_ASEReadCounter.table","NW_015090842.1:10228982",18,49,31
"GAS8","s1693_S_ADR_01_ASEReadCounter.table","NW_015090842.1:10229832",11,40,29
"GAS8","s1693_S_ADR_01_ASEReadCounter.table","NW_015090842.1:10232901",16,46,30
"GAS8","s1693_S_ADR_01_ASEReadCounter.table","NW_015090842.1:10232928",20,49,29
"GAS8","s1693_S_ADR_01_ASEReadCounter.table","NW_015090842.1:10232967",27,51,24
"GAS8","s1693_S_ADR_01_ASEReadCounter.table","NW_015090842.1:10233032",18,34,16
"GAS8","s1693_S_ADR_01_ASEReadCounter.table","NW_015090842.1:10233057",11,26,15
"GAS8","s1693_S_ADR_01_ASEReadCounter.table","NW_015090842.1:10233058",11,26,15
"GAS8","s1693_S_ADR_01_ASEReadCounter.table","NW_015090842.1:10233176",13,27,14
"GAS8","s1693_S_ADR_01_ASEReadCounter.table","NW_015090842.1:10233196",11,23,12
"GAS8","s1693_S_ADR_01_ASEReadCounter.table","NW_015090842.1:10233252",4,11,7
"GAS8","s1693_S_ADR_01_ASEReadCounter.table","NW_015090842.1:10233303",3,5,2
"LOC106888094","s1693_S_ADR_01_ASEReadCounter.table","NW_015090842.1:10233334",8,52,44
"LOC106888094","s1693_S_ADR_01_ASEReadCounter.table","NW_015090842.1:10233362",26,123,97
"LOC106888094","s1693_S_ADR_01_ASEReadCounter.table","NW_015090842.1:10233373",26,139,113
"LOC106888094","s1693_S_ADR_01_ASEReadCounter.table","NW_015090842.1:10233388",36,168,132
"LOC106888094","s1693_S_ADR_01_ASEReadCounter.table","NW_015090842.1:10233402",44,179,135
"LOC106888094","s1693_S_ADR_01_ASEReadCounter.table","NW_015090842.1:10233465",66,232,166
"LOC106888094","s1693_S_ADR_01_ASEReadCounter.table","NW_015090842.1:10233803",86,304,218
"LOC106888094","s1693_S_ADR_01_ASEReadCounter.table","NW_015090842.1:10233815",85,285,200
"LOC106888094","s1693_S_ADR_01_ASEReadCounter.table","NW_015090842.1:10235484",26,35,9
"LOC106888094","s1693_S_ADR_01_ASEReadCounter.table","NW_015090842.1:10235611",19,33,14
"LOC106888094","s1693_S_ADR_01_ASEReadCounter.table","NW_015090842.1:10235977",45,45,0
"LOC106888094","s1693_S_ADR_01_ASEReadCounter.table","NW_015090842.1:10236098",29,45,16
"LOC106888094","s1693_S_ADR_01_ASEReadCounter.table","NW_015090842.1:10236161",26,44,18
"LOC106888094","s1693_S_ADR_01_ASEReadCounter.table","NW_015090842.1:10236380",19,30,11
"LOC106888094","s1693_S_ADR_01_ASEReadCounter.table","NW_015090842.1:10236388",23,35,12
"LOC106888094","s1693_S_ADR_01_ASEReadCounter.table","NW_015090842.1:10236425",18,31,13
"LOC106888094","s1693_S_ADR_01_ASEReadCounter.table","NW_015090842.1:10236426",19,30,11
"LOC106888094","s1693_S_ADR_01_ASEReadCounter.table","NW_015090842.1:10236603",13,24,11
"LOC106888173","s1693_S_ADR_01_ASEReadCounter.table","NW_015090842.1:10239596",0,2,2
"LOC106888173","s1693_S_ADR_01_ASEReadCounter.table","NW_015090842.1:10240036",1,13,12
"LOC106888173","s1693_S_ADR_01_ASEReadCounter.table","NW_015090842.1:10240095",3,15,12
"LOC106888173","s1693_S_ADR_01_ASEReadCounter.table","NW_015090842.1:10240280",2,17,15
"LOC106888173","s1693_S_ADR_01_ASEReadCounter.table","NW_015090842.1:10240557",8,24,16
"LOC106888173","s1693_S_ADR_01_ASEReadCounter.table","NW_015090842.1:10240603",4,19,15
"LOC106888173","s1693_S_ADR_01_ASEReadCounter.table","NW_015090842.1:10240609",4,19,15
"LOC106888173","s1693_S_ADR_01_ASEReadCounter.table","NW_015090842.1:10240924",3,27,24
"LOC106888173","s1693_S_ADR_01_ASEReadCounter.table","NW_015090842.1:10241037",1,25,24
"LOC106888173","s1693_S_ADR_01_ASEReadCounter.table","NW_015090842.1:10241046",2,24,22
"LOC106888173","s1693_S_ADR_01_ASEReadCounter.table","NW_015090842.1:10241058",2,21,19
"LOC106888173","s1693_S_ADR_01_ASEReadCounter.table","NW_015090842.1:10241064",2,22,20
"LOC106888173","s1693_S_ADR_01_ASEReadCounter.table","NW_015090842.1:10241163",3,17,14
"LOC106888173","s1693_S_ADR_01_ASEReadCounter.table","NW_015090842.1:10241803",3,23,20
"LOC106888173","s1693_S_ADR_01_ASEReadCounter.table","NW_015090842.1:10241827",4,23,19
"LOC106888173","s1693_S_ADR_01_ASEReadCounter.table","NW_015090842.1:10241869",6,24,18
"LOC106888173","s1693_S_ADR_01_ASEReadCounter.table","NW_015090842.1:10242079",9,23,14
"LOC106888173","s1693_S_ADR_01_ASEReadCounter.table","NW_015090842.1:10242103",9,27,18
"LOC106888173","s1693_S_ADR_01_ASEReadCounter.table","NW_015090842.1:10242157",11,33,22
"LOC106888173","s1693_S_ADR_01_ASEReadCounter.table","NW_015090842.1:10242455",7,32,25
"LOC106888173","s1693_S_ADR_01_ASEReadCounter.table","NW_015090842.1:10242481",8,35,27
"LOC106888173","s1693_S_ADR_01_ASEReadCounter.table","NW_015090842.1:10242590",4,25,21
"LOC106888173","s1693_S_ADR_01_ASEReadCounter.table","NW_015090842.1:10242794",7,27,20
"LOC106888173","s1693_S_ADR_01_ASEReadCounter.table","NW_015090842.1:10242909",8,30,22
"LOC106888173","s1693_S_ADR_01_ASEReadCounter.table","NW_015090842.1:10243094",13,33,20
"LOC106888173","s1693_S_ADR_01_ASEReadCounter.table","NW_015090842.1:10243133",13,28,15
"LOC106888173","s1693_S_ADR_01_ASEReadCounter.table","NW_015090842.1:10243273",6,30,24
"LOC106888173","s1693_S_ADR_01_ASEReadCounter.table","NW_015090842.1:10243278",6,30,24
"LOC106888173","s1693_S_ADR_01_ASEReadCounter.table","NW_015090842.1:10243281",6,30,24
"LOC106888173","s1693_S_ADR_01_ASEReadCounter.table","NW_015090842.1:10243347",17,17,0
"LOC106888173","s1693_S_ADR_01_ASEReadCounter.table","NW_015090842.1:10243353",4,16,12
"LOC106888173","s1693_S_ADR_01_ASEReadCounter.table","NW_015090842.1:10243363",4,15,11
"LOC106888173","s1693_S_ADR_01_ASEReadCounter.table","NW_015090842.1:10243365",4,16,12
"LOC106888173","s1693_S_ADR_01_ASEReadCounter.table","NW_015090842.1:10243529",4,14,10
"LOC106888173","s1693_S_ADR_01_ASEReadCounter.table","NW_015090842.1:10243566",3,23,20
"LOC106888173","s1693_S_ADR_01_ASEReadCounter.table","NW_015090842.1:10243605",2,21,19
"LOC106888173","s1693_S_ADR_01_ASEReadCounter.table","NW_015090842.1:10243614",2,23,21
"LOC106888173","s1693_S_ADR_01_ASEReadCounter.table","NW_015090842.1:10243615",2,23,21
"LOC106888173","s1693_S_ADR_01_ASEReadCounter.table","NW_015090842.1:10243640",4,21,17
"LOC106888173","s1693_S_ADR_01_ASEReadCounter.table","NW_015090842.1:10243680",5,17,12
"LOC106888173","s1693_S_ADR_01_ASEReadCounter.table","NW_015090842.1:10243742",7,22,15
"LOC106888173","s1693_S_ADR_01_ASEReadCounter.table","NW_015090842.1:10243804",3,14,11
"LOC106888173","s1693_S_ADR_01_ASEReadCounter.table","NW_015090842.1:10243913",2,9,7
"LOC106888173","s1693_S_ADR_01_ASEReadCounter.table","NW_015090842.1:10243921",2,9,7
"LOC106888384","s1693_S_ADR_01_ASEReadCounter.table","NW_015090842.1:10244714",1,1,0
"LOC106888384","s1693_S_ADR_01_ASEReadCounter.table","NW_015090842.1:10244998",5,7,2
"LOC106888384","s1693_S_ADR_01_ASEReadCounter.table","NW_015090842.1:10250743",4,7,3
"LOC106888384","s1693_S_ADR_01_ASEReadCounter.table","NW_015090842.1:10250771",3,7,4
"LOC106888384","s1693_S_ADR_01_ASEReadCounter.table","NW_015090842.1:10251343",7,7,0
"LOC106888384","s1693_S_ADR_01_ASEReadCounter.table","NW_015090842.1:10251344",8,8,0
"LOC106888384","s1693_S_ADR_01_ASEReadCounter.table","NW_015090842.1:10251349",8,8,0
"LOC106888384","s1693_S_ADR_01_ASEReadCounter.table","NW_015090842.1:10251354",7,7,0
"LOC106888384","s1693_S_ADR_01_ASEReadCounter.table","NW_015090842.1:10251358",6,6,0
"LOC106888384","s1693_S_ADR_01_ASEReadCounter.table","NW_015090842.1:10251369",3,6,3
"LOC106888384","s1693_S_ADR_01_ASEReadCounter.table","NW_015090842.1:10251370",5,5,0
"LOC106888384","s1693_S_ADR_01_ASEReadCounter.table","NW_015090842.1:10251375",4,4,0
"LOC106888384","s1693_S_ADR_01_ASEReadCounter.table","NW_015090842.1:10251388",2,2,0
"LOC106888384","s1693_S_ADR_01_ASEReadCounter.table","NW_015090842.1:10251390",2,2,0
"LOC106888384","s1693_S_ADR_01_ASEReadCounter.table","NW_015090842.1:10251393",1,1,0
"LOC106888384","s1693_S_ADR_01_ASEReadCounter.table","NW_015090842.1:10251399",2,2,0
"LOC106888384","s1693_S_ADR_01_ASEReadCounter.table","NW_015090842.1:10251492",3,3,0
"LOC106888384","s1693_S_ADR_01_ASEReadCounter.table","NW_015090842.1:10253165",6,10,4
"LOC106888384","s1693_S_ADR_01_ASEReadCounter.table","NW_015090842.1:10253284",5,10,5
"LOC106888384","s1693_S_ADR_01_ASEReadCounter.table","NW_015090842.1:10253605",15,15,0
"LOC106888384","s1693_S_ADR_01_ASEReadCounter.table","NW_015090842.1:10254028",3,15,12
"LOC106888384","s1693_S_ADR_01_ASEReadCounter.table","NW_015090842.1:10254227",4,13,9
"LOC106888384","s1693_S_ADR_01_ASEReadCounter.table","NW_015090842.1:10254233",4,13,9
"LOC106888384","s1693_S_ADR_01_ASEReadCounter.table","NW_015090842.1:10254263",3,10,7
"LOC106888384","s1693_S_ADR_01_ASEReadCounter.table","NW_015090842.1:10254293",4,7,3
"LOC106888384","s1693_S_ADR_01_ASEReadCounter.table","NW_015090842.1:10254570",5,13,8
"LOC106888384","s1693_S_ADR_01_ASEReadCounter.table","NW_015090842.1:10254647",6,12,6
"LOC106888384","s1693_S_ADR_01_ASEReadCounter.table","NW_015090842.1:10254663",5,9,4
"LOC106888384","s1693_S_ADR_01_ASEReadCounter.table","NW_015090842.1:10254840",0,4,4
"LOC106888384","s1693_S_ADR_01_ASEReadCounter.table","NW_015090842.1:10254854",5,5,0
"LOC106888384","s1693_S_ADR_01_ASEReadCounter.table","NW_015090842.1:10254891",9,9,0
"LOC106888384","s1693_S_ADR_01_ASEReadCounter.table","NW_015090842.1:10254900",1,10,9
"LOC106888384","s1693_S_ADR_01_ASEReadCounter.table","NW_015090842.1:10254915",2,10,8
"LOC106888384","s1693_S_ADR_01_ASEReadCounter.table","NW_015090842.1:10254965",7,7,0
"LOC106888384","s1693_S_ADR_01_ASEReadCounter.table","NW_015090842.1:10254975",2,7,5
"LOC106888384","s1693_S_ADR_01_ASEReadCounter.table","NW_015090842.1:10255077",4,10,6
"LOC106888384","s1693_S_ADR_01_ASEReadCounter.table","NW_015090842.1:10255117",2,10,8
"LOC106888384","s1693_S_ADR_01_ASEReadCounter.table","NW_015090842.1:10255138",2,9,7
"LOC106888384","s1693_S_ADR_01_ASEReadCounter.table","NW_015090842.1:10255139",2,9,7
"LOC106888384","s1693_S_ADR_01_ASEReadCounter.table","NW_015090842.1:10255209",6,14,8
"LOC106888384","s1693_S_ADR_01_ASEReadCounter.table","NW_015090842.1:10255211",6,14,8
"LOC106888384","s1693_S_ADR_01_ASEReadCounter.table","NW_015090842.1:10255236",4,12,8
"LOC106888384","s1693_S_ADR_01_ASEReadCounter.table","NW_015090842.1:10255262",2,6,4
"LOC106888384","s1693_S_ADR_01_ASEReadCounter.table","NW_015090842.1:10255264",2,8,6
"LOC106888384","s1693_S_ADR_01_ASEReadCounter.table","NW_015090842.1:10255306",5,10,5
"LOC106888384","s1693_S_ADR_01_ASEReadCounter.table","NW_015090842.1:10255340",8,13,5
"LOC106888384","s1693_S_ADR_01_ASEReadCounter.table","NW_015090842.1:10255410",6,16,10
"LOC106888384","s1693_S_ADR_01_ASEReadCounter.table","NW_015090842.1:10255449",4,12,8
"LOC106888384","s1693_S_ADR_01_ASEReadCounter.table","NW_015090842.1:10255496",5,13,8
"LOC106888384","s1693_S_ADR_01_ASEReadCounter.table","NW_015090842.1:10255505",3,13,10
"LOC106888384","s1693_S_ADR_01_ASEReadCounter.table","NW_015090842.1:10255531",7,19,12
"LOC106888384","s1693_S_ADR_01_ASEReadCounter.table","NW_015090842.1:10255608",9,15,6
"LOC106888384","s1693_S_ADR_01_ASEReadCounter.table","NW_015090842.1:10255614",9,15,6
"LOC106888384","s1693_S_ADR_01_ASEReadCounter.table","NW_015090842.1:10255704",11,17,6
"LOC106888384","s1693_S_ADR_01_ASEReadCounter.table","NW_015090842.1:10255731",9,15,6
"LOC106888384","s1693_S_ADR_01_ASEReadCounter.table","NW_015090842.1:10255771",4,8,4
"TANGO6","s1693_S_ADR_01_ASEReadCounter.table","NW_015090842.1:10257782",10,14,4
"TANGO6","s1693_S_ADR_01_ASEReadCounter.table","NW_015090842.1:10258162",6,15,9
"TANGO6","s1693_S_ADR_01_ASEReadCounter.table","NW_015090842.1:10258185",8,17,9
"TANGO6","s1693_S_ADR_01_ASEReadCounter.table","NW_015090842.1:10259267",18,31,13
"TANGO6","s1693_S_ADR_01_ASEReadCounter.table","NW_015090842.1:10260250",47,67,20
"TANGO6","s1693_S_ADR_01_ASEReadCounter.table","NW_015090842.1:10260979",31,41,10
"TANGO6","s1693_S_ADR_01_ASEReadCounter.table","NW_015090842.1:10261599",37,53,16
"TANGO6","s1693_S_ADR_01_ASEReadCounter.table","NW_015090842.1:10268425",45,72,27
"TANGO6","s1693_S_ADR_01_ASEReadCounter.table","NW_015090842.1:10269831",29,53,24
"TANGO6","s1693_S_ADR_01_ASEReadCounter.table","NW_015090842.1:10270813",27,45,18
"TANGO6","s1693_S_ADR_01_ASEReadCounter.table","NW_015090842.1:10273952",18,25,7
"TANGO6","s1693_S_ADR_01_ASEReadCounter.table","NW_015090842.1:10273970",21,31,10
"TANGO6","s1693_S_ADR_01_ASEReadCounter.table","NW_015090842.1:10274018",25,36,11
"TANGO6","s1693_S_ADR_01_ASEReadCounter.table","NW_015090842.1:10275974",18,34,16
"TANGO6","s1693_S_ADR_01_ASEReadCounter.table","NW_015090842.1:10275976",18,34,16
"TANGO6","s1693_S_ADR_01_ASEReadCounter.table","NW_015090842.1:10276123",17,23,6
"TANGO6","s1693_S_ADR_01_ASEReadCounter.table","NW_015090842.1:10276271",16,27,11
"TANGO6","s1693_S_ADR_01_ASEReadCounter.table","NW_015090842.1:10276272",16,28,12
"TANGO6","s1693_S_ADR_01_ASEReadCounter.table","NW_015090842.1:10276275",17,29,12
"TANGO6","s1693_S_ADR_01_ASEReadCounter.table","NW_015090842.1:10276278",18,30,12
"TANGO6","s1693_S_ADR_01_ASEReadCounter.table","NW_015090842.1:10276368",13,23,10
"TANGO6","s1693_S_ADR_01_ASEReadCounter.table","NW_015090842.1:10276373",14,22,8
"TANGO6","s1693_S_ADR_01_ASEReadCounter.table","NW_015090842.1:10276630",16,21,5
"TANGO6","s1693_S_ADR_01_ASEReadCounter.table","NW_015090842.1:10281498",22,36,14
"TANGO6","s1693_S_ADR_01_ASEReadCounter.table","NW_015090842.1:10282842",31,44,13
"TANGO6","s1693_S_ADR_01_ASEReadCounter.table","NW_015090842.1:10282863",25,33,8
"TANGO6","s1693_S_ADR_01_ASEReadCounter.table","NW_015090842.1:10282869",23,32,9
"TANGO6","s1693_S_ADR_01_ASEReadCounter.table","NW_015090842.1:10282903",19,26,7
"TANGO6","s1693_S_ADR_01_ASEReadCounter.table","NW_015090842.1:10283757",31,42,11
"TANGO6","s1693_S_ADR_01_ASEReadCounter.table","NW_015090842.1:10283785",29,41,12
"HAS3","s1693_S_ADR_01_ASEReadCounter.table","NW_015090842.1:10290561",0,1,1
"HAS3","s1693_S_ADR_01_ASEReadCounter.table","NW_015090842.1:10290609",0,1,1
"HAS3","s1693_S_ADR_01_ASEReadCounter.table","NW_015090842.1:10290666",0,1,1
"HAS3","s1693_S_ADR_01_ASEReadCounter.table","NW_015090842.1:10290927",1,2,1
"HAS3","s1693_S_ADR_01_ASEReadCounter.table","NW_015090842.1:10291004",1,2,1
"CHTF8","s1693_S_ADR_01_ASEReadCounter.table","NW_015090842.1:10291319",5,8,3
"CHTF8","s1693_S_ADR_01_ASEReadCounter.table","NW_015090842.1:10291342",5,9,4
"CHTF8","s1693_S_ADR_01_ASEReadCounter.table","NW_015090842.1:10291491",19,24,5
"CHTF8","s1693_S_ADR_01_ASEReadCounter.table","NW_015090842.1:10291520",23,31,8
"CHTF8","s1693_S_ADR_01_ASEReadCounter.table","NW_015090842.1:10291593",26,39,13
"CHTF8","s1693_S_ADR_01_ASEReadCounter.table","NW_015090842.1:10291600",23,36,13
"CHTF8","s1693_S_ADR_01_ASEReadCounter.table","NW_015090842.1:10291609",21,34,13
"CHTF8","s1693_S_ADR_01_ASEReadCounter.table","NW_015090842.1:10291639",22,34,12
"CHTF8","s1693_S_ADR_01_ASEReadCounter.table","NW_015090842.1:10291641",22,33,11
"CHTF8","s1693_S_ADR_01_ASEReadCounter.table","NW_015090842.1:10291648",22,33,11
"CHTF8","s1693_S_ADR_01_ASEReadCounter.table","NW_015090842.1:10291656",23,32,9
"CHTF8","s1693_S_ADR_01_ASEReadCounter.table","NW_015090842.1:10291675",26,35,9
"CHTF8","s1693_S_ADR_01_ASEReadCounter.table","NW_015090842.1:10291696",24,35,11
"CHTF8","s1693_S_ADR_01_ASEReadCounter.table","NW_015090842.1:10291714",22,35,13
"CHTF8","s1693_S_ADR_01_ASEReadCounter.table","NW_015090842.1:10291732",17,32,15
"CHTF8","s1693_S_ADR_01_ASEReadCounter.table","NW_015090842.1:10291755",13,28,15
"CHTF8","s1693_S_ADR_01_ASEReadCounter.table","NW_015090842.1:10291756",14,28,14
"CHTF8","s1693_S_ADR_01_ASEReadCounter.table","NW_015090842.1:10291758",14,28,14
"CHTF8","s1693_S_ADR_01_ASEReadCounter.table","NW_015090842.1:10291792",18,33,15
"CHTF8","s1693_S_ADR_01_ASEReadCounter.table","NW_015090842.1:10291895",21,36,15
"CHTF8","s1693_S_ADR_01_ASEReadCounter.table","NW_015090842.1:10292132",14,27,13
"CHTF8","s1693_S_ADR_01_ASEReadCounter.table","NW_015090842.1:10292314",16,32,16
"CHTF8","s1693_S_ADR_01_ASEReadCounter.table","NW_015090842.1:10292317",15,30,15
"CHTF8","s1693_S_ADR_01_ASEReadCounter.table","NW_015090842.1:10292928",2,4,2
"UTP4","s1693_S_ADR_01_ASEReadCounter.table","NW_015090842.1:10293146",26,63,37
"UTP4","s1693_S_ADR_01_ASEReadCounter.table","NW_015090842.1:10293151",27,63,36
"UTP4","s1693_S_ADR_01_ASEReadCounter.table","NW_015090842.1:10293191",20,49,29
"UTP4","s1693_S_ADR_01_ASEReadCounter.table","NW_015090842.1:10293362",29,61,32
"UTP4","s1693_S_ADR_01_ASEReadCounter.table","NW_015090842.1:10293430",26,55,29
"UTP4","s1693_S_ADR_01_ASEReadCounter.table","NW_015090842.1:10293625",29,51,22
"UTP4","s1693_S_ADR_01_ASEReadCounter.table","NW_015090842.1:10293684",34,72,38
"UTP4","s1693_S_ADR_01_ASEReadCounter.table","NW_015090842.1:10294093",26,53,27
"UTP4","s1693_S_ADR_01_ASEReadCounter.table","NW_015090842.1:10294568",33,83,50
"UTP4","s1693_S_ADR_01_ASEReadCounter.table","NW_015090842.1:10294622",22,68,46
"UTP4","s1693_S_ADR_01_ASEReadCounter.table","NW_015090842.1:10294632",21,59,38
"UTP4","s1693_S_ADR_01_ASEReadCounter.table","NW_015090842.1:10295238",19,53,34
"UTP4","s1693_S_ADR_01_ASEReadCounter.table","NW_015090842.1:10295880",32,73,41
"UTP4","s1693_S_ADR_01_ASEReadCounter.table","NW_015090842.1:10295884",31,71,40
"UTP4","s1693_S_ADR_01_ASEReadCounter.table","NW_015090842.1:10295903",29,65,36
"UTP4","s1693_S_ADR_01_ASEReadCounter.table","NW_015090842.1:10295906",28,63,35
"UTP4","s1693_S_ADR_01_ASEReadCounter.table","NW_015090842.1:10295915",30,71,41
"UTP4","s1693_S_ADR_01_ASEReadCounter.table","NW_015090842.1:10295938",25,67,42
"UTP4","s1693_S_ADR_01_ASEReadCounter.table","NW_015090842.1:10296175",24,69,45
"UTP4","s1693_S_ADR_01_ASEReadCounter.table","NW_015090842.1:10296660",26,68,42
"UTP4","s1693_S_ADR_01_ASEReadCounter.table","NW_015090842.1:10296679",24,71,47
"UTP4","s1693_S_ADR_01_ASEReadCounter.table","NW_015090842.1:10297193",28,62,34
"UTP4","s1693_S_ADR_01_ASEReadCounter.table","NW_015090842.1:10297220",37,66,29
"UTP4","s1693_S_ADR_01_ASEReadCounter.table","NW_015090842.1:10297307",41,76,35
"UTP4","s1693_S_ADR_01_ASEReadCounter.table","NW_015090842.1:10297558",40,78,38
"UTP4","s1693_S_ADR_01_ASEReadCounter.table","NW_015090842.1:10297943",23,70,47
"UTP4","s1693_S_ADR_01_ASEReadCounter.table","NW_015090842.1:10297979",18,57,39
"UTP4","s1693_S_ADR_01_ASEReadCounter.table","NW_015090842.1:10298022",9,35,26
"UTP4","s1693_S_ADR_01_ASEReadCounter.table","NW_015090842.1:10298079",2,19,17
"UTP4","s1693_S_ADR_01_ASEReadCounter.table","NW_015090842.1:10298081",2,17,15
"UTP4","s1693_S_ADR_01_ASEReadCounter.table","NW_015090842.1:10298082",2,16,14
"SNTB2","s1693_S_ADR_01_ASEReadCounter.table","NW_015090842.1:10298905",5,7,2
"SNTB2","s1693_S_ADR_01_ASEReadCounter.table","NW_015090842.1:10298928",7,12,5
"SNTB2","s1693_S_ADR_01_ASEReadCounter.table","NW_015090842.1:10303506",18,32,14
"SNTB2","s1693_S_ADR_01_ASEReadCounter.table","NW_015090842.1:10303524",18,32,14
"SNTB2","s1693_S_ADR_01_ASEReadCounter.table","NW_015090842.1:10304059",13,26,13
"SNTB2","s1693_S_ADR_01_ASEReadCounter.table","NW_015090842.1:10304089",13,25,12
"SNTB2","s1693_S_ADR_01_ASEReadCounter.table","NW_015090842.1:10304167",9,22,13
"SNTB2","s1693_S_ADR_01_ASEReadCounter.table","NW_015090842.1:10304176",8,21,13
"SNTB2","s1693_S_ADR_01_ASEReadCounter.table","NW_015090842.1:10305069",10,20,10
"SNTB2","s1693_S_ADR_01_ASEReadCounter.table","NW_015090842.1:10305099",9,22,13
"SNTB2","s1693_S_ADR_01_ASEReadCounter.table","NW_015090842.1:10305451",10,23,13
"SNTB2","s1693_S_ADR_01_ASEReadCounter.table","NW_015090842.1:10305547",11,22,11
"SNTB2","s1693_S_ADR_01_ASEReadCounter.table","NW_015090842.1:10305847",9,16,7
"SNTB2","s1693_S_ADR_01_ASEReadCounter.table","NW_015090842.1:10305911",20,35,15
"SNTB2","s1693_S_ADR_01_ASEReadCounter.table","NW_015090842.1:10306173",18,28,10
"SNTB2","s1693_S_ADR_01_ASEReadCounter.table","NW_015090842.1:10306275",16,30,14
"SNTB2","s1693_S_ADR_01_ASEReadCounter.table","NW_015090842.1:10306457",16,22,6
"SNTB2","s1693_S_ADR_01_ASEReadCounter.table","NW_015090842.1:10306496",16,20,4
"SNTB2","s1693_S_ADR_01_ASEReadCounter.table","NW_015090842.1:10306499",16,20,4
"VPS4A","s1693_S_ADR_01_ASEReadCounter.table","NW_015090842.1:10308566",112,287,175
"VPS4A","s1693_S_ADR_01_ASEReadCounter.table","NW_015090842.1:10308573",122,301,179
"VPS4A","s1693_S_ADR_01_ASEReadCounter.table","NW_015090842.1:10308856",173,408,235
"VPS4A","s1693_S_ADR_01_ASEReadCounter.table","NW_015090842.1:10309056",193,494,301
"VPS4A","s1693_S_ADR_01_ASEReadCounter.table","NW_015090842.1:10309089",267,572,305
"VPS4A","s1693_S_ADR_01_ASEReadCounter.table","NW_015090842.1:10309392",266,553,287
"VPS4A","s1693_S_ADR_01_ASEReadCounter.table","NW_015090842.1:10309413",268,569,301
"VPS4A","s1693_S_ADR_01_ASEReadCounter.table","NW_015090842.1:10309467",238,585,347
"VPS4A","s1693_S_ADR_01_ASEReadCounter.table","NW_015090842.1:10310230",254,616,362
"VPS4A","s1693_S_ADR_01_ASEReadCounter.table","NW_015090842.1:10310425",220,532,312
"VPS4A","s1693_S_ADR_01_ASEReadCounter.table","NW_015090842.1:10310639",262,571,309
"VPS4A","s1693_S_ADR_01_ASEReadCounter.table","NW_015090842.1:10310640",561,561,0
"VPS4A","s1693_S_ADR_01_ASEReadCounter.table","NW_015090842.1:10310687",280,598,318
"VPS4A","s1693_S_ADR_01_ASEReadCounter.table","NW_015090842.1:10310734",217,505,288
"VPS4A","s1693_S_ADR_01_ASEReadCounter.table","NW_015090842.1:10310737",220,508,288
"VPS4A","s1693_S_ADR_01_ASEReadCounter.table","NW_015090842.1:10310746",221,507,286
"VPS4A","s1693_S_ADR_01_ASEReadCounter.table","NW_015090842.1:10310767",229,515,286
"VPS4A","s1693_S_ADR_01_ASEReadCounter.table","NW_015090842.1:10310995",227,477,250
"VPS4A","s1693_S_ADR_01_ASEReadCounter.table","NW_015090842.1:10311004",234,490,256
"VPS4A","s1693_S_ADR_01_ASEReadCounter.table","NW_015090842.1:10311007",234,496,262
"VPS4A","s1693_S_ADR_01_ASEReadCounter.table","NW_015090842.1:10311013",250,501,251
"VPS4A","s1693_S_ADR_01_ASEReadCounter.table","NW_015090842.1:10311022",233,493,260
"VPS4A","s1693_S_ADR_01_ASEReadCounter.table","NW_015090842.1:10311023",234,493,259
"VPS4A","s1693_S_ADR_01_ASEReadCounter.table","NW_015090842.1:10311426",243,538,295
"VPS4A","s1693_S_ADR_01_ASEReadCounter.table","NW_015090842.1:10311489",3,17,14
"VPS4A","s1693_S_ADR_01_ASEReadCounter.table","NW_015090842.1:10311490",3,13,10
"VPS4A","s1693_S_ADR_01_ASEReadCounter.table","NW_015090842.1:10311525",12,29,17
"VPS4A","s1693_S_ADR_01_ASEReadCounter.table","NW_015090842.1:10311529",14,41,27
"VPS4A","s1693_S_ADR_01_ASEReadCounter.table","NW_015090842.1:10311530",14,44,30
"VPS4A","s1693_S_ADR_01_ASEReadCounter.table","NW_015090842.1:10311552",51,87,36
"VPS4A","s1693_S_ADR_01_ASEReadCounter.table","NW_015090842.1:10311689",30,62,32
"VPS4A","s1693_S_ADR_01_ASEReadCounter.table","NW_015090842.1:10311700",49,78,29
"VPS4A","s1693_S_ADR_01_ASEReadCounter.table","NW_015090842.1:10311701",49,79,30
"VPS4A","s1693_S_ADR_01_ASEReadCounter.table","NW_015090842.1:10311703",49,77,28
"COG8","s1693_S_ADR_01_ASEReadCounter.table","NW_015090842.1:10313487",20,54,34
"COG8","s1693_S_ADR_01_ASEReadCounter.table","NW_015090842.1:10313559",36,70,34
"COG8","s1693_S_ADR_01_ASEReadCounter.table","NW_015090842.1:10313579",32,64,32
"COG8","s1693_S_ADR_01_ASEReadCounter.table","NW_015090842.1:10313665",30,65,35
"COG8","s1693_S_ADR_01_ASEReadCounter.table","NW_015090842.1:10313681",28,66,38
"COG8","s1693_S_ADR_01_ASEReadCounter.table","NW_015090842.1:10313768",22,55,33
"COG8","s1693_S_ADR_01_ASEReadCounter.table","NW_015090842.1:10313775",22,58,36
"COG8","s1693_S_ADR_01_ASEReadCounter.table","NW_015090842.1:10313811",19,56,37
"COG8","s1693_S_ADR_01_ASEReadCounter.table","NW_015090842.1:10313858",20,47,27
"COG8","s1693_S_ADR_01_ASEReadCounter.table","NW_015090842.1:10313859",47,47,0
"COG8","s1693_S_ADR_01_ASEReadCounter.table","NW_015090842.1:10314100",24,61,37
"COG8","s1693_S_ADR_01_ASEReadCounter.table","NW_015090842.1:10314213",27,71,44
"COG8","s1693_S_ADR_01_ASEReadCounter.table","NW_015090842.1:10315093",23,58,35
"COG8","s1693_S_ADR_01_ASEReadCounter.table","NW_015090842.1:10315162",32,70,38
"COG8","s1693_S_ADR_01_ASEReadCounter.table","NW_015090842.1:10315285",31,70,39
"COG8","s1693_S_ADR_01_ASEReadCounter.table","NW_015090842.1:10315360",28,62,34
"COG8","s1693_S_ADR_01_ASEReadCounter.table","NW_015090842.1:10315369",29,64,35
"COG8","s1693_S_ADR_01_ASEReadCounter.table","NW_015090842.1:10315508",12,42,30
"COG8","s1693_S_ADR_01_ASEReadCounter.table","NW_015090842.1:10315624",31,70,39
"COG8","s1693_S_ADR_01_ASEReadCounter.table","NW_015090842.1:10315693",23,60,37
"COG8","s1693_S_ADR_01_ASEReadCounter.table","NW_015090842.1:10315698",22,62,40
"COG8","s1693_S_ADR_01_ASEReadCounter.table","NW_015090842.1:10315768",17,59,42
"COG8","s1693_S_ADR_01_ASEReadCounter.table","NW_015090842.1:10315769",17,59,42
"COG8","s1693_S_ADR_01_ASEReadCounter.table","NW_015090842.1:10315784",18,53,35
"COG8","s1693_S_ADR_01_ASEReadCounter.table","NW_015090842.1:10316093",28,57,29
"COG8","s1693_S_ADR_01_ASEReadCounter.table","NW_015090842.1:10316133",22,49,27
"NIP7","s1693_S_ADR_01_ASEReadCounter.table","NW_015090842.1:10316759",17,53,36
"NIP7","s1693_S_ADR_01_ASEReadCounter.table","NW_015090842.1:10316967",128,270,142
"NIP7","s1693_S_ADR_01_ASEReadCounter.table","NW_015090842.1:10316995",173,306,133
"NIP7","s1693_S_ADR_01_ASEReadCounter.table","NW_015090842.1:10317240",186,382,196
"NIP7","s1693_S_ADR_01_ASEReadCounter.table","NW_015090842.1:10317247",188,379,191
"NIP7","s1693_S_ADR_01_ASEReadCounter.table","NW_015090842.1:10317264",181,353,172
"NIP7","s1693_S_ADR_01_ASEReadCounter.table","NW_015090842.1:10317433",199,400,201
"NIP7","s1693_S_ADR_01_ASEReadCounter.table","NW_015090842.1:10317738",129,284,155
"NIP7","s1693_S_ADR_01_ASEReadCounter.table","NW_015090842.1:10317769",144,291,147
"NIP7","s1693_S_ADR_01_ASEReadCounter.table","NW_015090842.1:10317808",103,211,108
"NIP7","s1693_S_ADR_01_ASEReadCounter.table","NW_015090842.1:10317870",69,152,83
"NIP7","s1693_S_ADR_01_ASEReadCounter.table","NW_015090842.1:10317871",69,147,78
"NIP7","s1693_S_ADR_01_ASEReadCounter.table","NW_015090842.1:10317898",50,109,59
"NIP7","s1693_S_ADR_01_ASEReadCounter.table","NW_015090842.1:10317911",44,94,50
"TMED6","s1693_S_ADR_01_ASEReadCounter.table","NW_015090842.1:10318514",2,2,0
"TERF2","s1693_S_ADR_01_ASEReadCounter.table","NW_015090842.1:10321768",22,58,36
"TERF2","s1693_S_ADR_01_ASEReadCounter.table","NW_015090842.1:10321777",20,58,38
"TERF2","s1693_S_ADR_01_ASEReadCounter.table","NW_015090842.1:10321805",23,61,38
"TERF2","s1693_S_ADR_01_ASEReadCounter.table","NW_015090842.1:10321878",22,58,36
"TERF2","s1693_S_ADR_01_ASEReadCounter.table","NW_015090842.1:10321893",23,58,35
"TERF2","s1693_S_ADR_01_ASEReadCounter.table","NW_015090842.1:10321897",22,52,30
"TERF2","s1693_S_ADR_01_ASEReadCounter.table","NW_015090842.1:10321908",22,55,33
"TERF2","s1693_S_ADR_01_ASEReadCounter.table","NW_015090842.1:10322001",53,110,57
"TERF2","s1693_S_ADR_01_ASEReadCounter.table","NW_015090842.1:10322035",40,84,44
"TERF2","s1693_S_ADR_01_ASEReadCounter.table","NW_015090842.1:10322051",39,91,52
"TERF2","s1693_S_ADR_01_ASEReadCounter.table","NW_015090842.1:10322137",28,75,47
"TERF2","s1693_S_ADR_01_ASEReadCounter.table","NW_015090842.1:10322144",28,70,42
"TERF2","s1693_S_ADR_01_ASEReadCounter.table","NW_015090842.1:10322388",30,79,49
"TERF2","s1693_S_ADR_01_ASEReadCounter.table","NW_015090842.1:10322396",29,76,47
"TERF2","s1693_S_ADR_01_ASEReadCounter.table","NW_015090842.1:10322502",35,87,52
"TERF2","s1693_S_ADR_01_ASEReadCounter.table","NW_015090842.1:10322504",36,88,52
"TERF2","s1693_S_ADR_01_ASEReadCounter.table","NW_015090842.1:10322510",37,87,50
"TERF2","s1693_S_ADR_01_ASEReadCounter.table","NW_015090842.1:10323580",49,102,53
"TERF2","s1693_S_ADR_01_ASEReadCounter.table","NW_015090842.1:10324314",47,100,53
"TERF2","s1693_S_ADR_01_ASEReadCounter.table","NW_015090842.1:10326832",39,76,37
"TERF2","s1693_S_ADR_01_ASEReadCounter.table","NW_015090842.1:10327787",46,72,26
"TERF2","s1693_S_ADR_01_ASEReadCounter.table","NW_015090842.1:10328588",44,91,47
"TERF2","s1693_S_ADR_01_ASEReadCounter.table","NW_015090842.1:10328644",28,57,29
"TERF2","s1693_S_ADR_01_ASEReadCounter.table","NW_015090842.1:10329813",34,65,31
"TERF2","s1693_S_ADR_01_ASEReadCounter.table","NW_015090842.1:10330749",36,63,27
"TERF2","s1693_S_ADR_01_ASEReadCounter.table","NW_015090842.1:10330789",37,70,33
"CYB5B","s1693_S_ADR_01_ASEReadCounter.table","NW_015090842.1:10336595",13,31,18
"CYB5B","s1693_S_ADR_01_ASEReadCounter.table","NW_015090842.1:10336667",108,235,127
"CYB5B","s1693_S_ADR_01_ASEReadCounter.table","NW_015090842.1:10336689",165,359,194
"CYB5B","s1693_S_ADR_01_ASEReadCounter.table","NW_015090842.1:10336728",225,481,256
"CYB5B","s1693_S_ADR_01_ASEReadCounter.table","NW_015090842.1:10345068",218,486,268
"CYB5B","s1693_S_ADR_01_ASEReadCounter.table","NW_015090842.1:10348800",316,648,332
"CYB5B","s1693_S_ADR_01_ASEReadCounter.table","NW_015090842.1:10349046",241,500,259
"CYB5B","s1693_S_ADR_01_ASEReadCounter.table","NW_015090842.1:10349119",139,354,215
"CYB5B","s1693_S_ADR_01_ASEReadCounter.table","NW_015090842.1:10349146",69,280,211
"CYB5B","s1693_S_ADR_01_ASEReadCounter.table","NW_015090842.1:10349157",126,342,216
"CYB5B","s1693_S_ADR_01_ASEReadCounter.table","NW_015090842.1:10349263",308,308,0
