"gene","id","snp","ref_count","total_count","alt_count"
"CENPN","s1693_S_GON_01_ASEReadCounter.table","NW_015090842.1:5801612",29,336,307
"CENPN","s1693_S_GON_01_ASEReadCounter.table","NW_015090842.1:5801618",70,440,370
"CENPN","s1693_S_GON_01_ASEReadCounter.table","NW_015090842.1:5801623",0,464,464
"CENPN","s1693_S_GON_01_ASEReadCounter.table","NW_015090842.1:5801631",108,489,381
"CENPN","s1693_S_GON_01_ASEReadCounter.table","NW_015090842.1:5801632",108,491,383
"CENPN","s1693_S_GON_01_ASEReadCounter.table","NW_015090842.1:5801655",112,619,507
"CENPN","s1693_S_GON_01_ASEReadCounter.table","NW_015090842.1:5801670",118,650,532
"CENPN","s1693_S_GON_01_ASEReadCounter.table","NW_015090842.1:5801674",118,651,533
"CENPN","s1693_S_GON_01_ASEReadCounter.table","NW_015090842.1:5801692",128,499,371
"CENPN","s1693_S_GON_01_ASEReadCounter.table","NW_015090842.1:5802008",140,791,651
"CENPN","s1693_S_GON_01_ASEReadCounter.table","NW_015090842.1:5802012",139,790,651
"CENPN","s1693_S_GON_01_ASEReadCounter.table","NW_015090842.1:5802087",157,1021,864
"CENPN","s1693_S_GON_01_ASEReadCounter.table","NW_015090842.1:5810113",20,27,7
"CENPN","s1693_S_GON_01_ASEReadCounter.table","NW_015090842.1:5810147",31,40,9
"CENPN","s1693_S_GON_01_ASEReadCounter.table","NW_015090842.1:5810148",31,38,7
"ATMIN","s1693_S_GON_01_ASEReadCounter.table","NW_015090842.1:5818789",13,16,3
"ATMIN","s1693_S_GON_01_ASEReadCounter.table","NW_015090842.1:5819958",22,26,4
"ATMIN","s1693_S_GON_01_ASEReadCounter.table","NW_015090842.1:5820004",19,27,8
"ATMIN","s1693_S_GON_01_ASEReadCounter.table","NW_015090842.1:5820217",9,14,5
"ATMIN","s1693_S_GON_01_ASEReadCounter.table","NW_015090842.1:5820250",15,21,6
"ATMIN","s1693_S_GON_01_ASEReadCounter.table","NW_015090842.1:5820298",13,21,8
"ATMIN","s1693_S_GON_01_ASEReadCounter.table","NW_015090842.1:5820417",13,20,7
"ATMIN","s1693_S_GON_01_ASEReadCounter.table","NW_015090842.1:5820421",11,20,9
"ATMIN","s1693_S_GON_01_ASEReadCounter.table","NW_015090842.1:5820448",8,14,6
"ATMIN","s1693_S_GON_01_ASEReadCounter.table","NW_015090842.1:5820457",5,11,6
"ATMIN","s1693_S_GON_01_ASEReadCounter.table","NW_015090842.1:5820510",5,8,3
"ATMIN","s1693_S_GON_01_ASEReadCounter.table","NW_015090842.1:5820673",2,3,1
"ATMIN","s1693_S_GON_01_ASEReadCounter.table","NW_015090842.1:5820754",4,4,0
"ATMIN","s1693_S_GON_01_ASEReadCounter.table","NW_015090842.1:5820820",7,10,3
"ATMIN","s1693_S_GON_01_ASEReadCounter.table","NW_015090842.1:5820865",5,12,7
"ATMIN","s1693_S_GON_01_ASEReadCounter.table","NW_015090842.1:5820889",4,12,8
"ATMIN","s1693_S_GON_01_ASEReadCounter.table","NW_015090842.1:5820891",4,12,8
"ATMIN","s1693_S_GON_01_ASEReadCounter.table","NW_015090842.1:5820997",4,10,6
"ATMIN","s1693_S_GON_01_ASEReadCounter.table","NW_015090842.1:5821063",4,6,2
"ATMIN","s1693_S_GON_01_ASEReadCounter.table","NW_015090842.1:5821132",6,13,7
"ATMIN","s1693_S_GON_01_ASEReadCounter.table","NW_015090842.1:5821645",8,14,6
"ATMIN","s1693_S_GON_01_ASEReadCounter.table","NW_015090842.1:5825066",9,16,7
"ATMIN","s1693_S_GON_01_ASEReadCounter.table","NW_015090842.1:5825106",10,22,12
"ATMIN","s1693_S_GON_01_ASEReadCounter.table","NW_015090842.1:5825122",9,22,13
"ATMIN","s1693_S_GON_01_ASEReadCounter.table","NW_015090842.1:5825178",8,29,21
"ATMIN","s1693_S_GON_01_ASEReadCounter.table","NW_015090842.1:5825194",10,31,21
"ATMIN","s1693_S_GON_01_ASEReadCounter.table","NW_015090842.1:5825195",10,31,21
"ATMIN","s1693_S_GON_01_ASEReadCounter.table","NW_015090842.1:5825220",10,28,18
"ATMIN","s1693_S_GON_01_ASEReadCounter.table","NW_015090842.1:5825240",15,35,20
"ATMIN","s1693_S_GON_01_ASEReadCounter.table","NW_015090842.1:5825303",24,44,20
"ATMIN","s1693_S_GON_01_ASEReadCounter.table","NW_015090842.1:5825304",24,45,21
"ATMIN","s1693_S_GON_01_ASEReadCounter.table","NW_015090842.1:5825310",22,43,21
"ATMIN","s1693_S_GON_01_ASEReadCounter.table","NW_015090842.1:5825406",13,29,16
"ATMIN","s1693_S_GON_01_ASEReadCounter.table","NW_015090842.1:5825415",14,28,14
"ATMIN","s1693_S_GON_01_ASEReadCounter.table","NW_015090842.1:5825438",14,27,13
"ATMIN","s1693_S_GON_01_ASEReadCounter.table","NW_015090842.1:5825485",14,31,17
"ATMIN","s1693_S_GON_01_ASEReadCounter.table","NW_015090842.1:5825524",11,28,17
"ATMIN","s1693_S_GON_01_ASEReadCounter.table","NW_015090842.1:5825557",17,34,17
"ATMIN","s1693_S_GON_01_ASEReadCounter.table","NW_015090842.1:5825571",18,37,19
"ATMIN","s1693_S_GON_01_ASEReadCounter.table","NW_015090842.1:5825579",19,41,22
"ATMIN","s1693_S_GON_01_ASEReadCounter.table","NW_015090842.1:5825590",18,35,17
"ATMIN","s1693_S_GON_01_ASEReadCounter.table","NW_015090842.1:5825689",18,28,10
"ATMIN","s1693_S_GON_01_ASEReadCounter.table","NW_015090842.1:5825703",21,34,13
"ATMIN","s1693_S_GON_01_ASEReadCounter.table","NW_015090842.1:5825787",17,35,18
"ATMIN","s1693_S_GON_01_ASEReadCounter.table","NW_015090842.1:5825833",18,29,11
"ATMIN","s1693_S_GON_01_ASEReadCounter.table","NW_015090842.1:5825841",15,28,13
"ATMIN","s1693_S_GON_01_ASEReadCounter.table","NW_015090842.1:5825895",21,35,14
"ATMIN","s1693_S_GON_01_ASEReadCounter.table","NW_015090842.1:5825984",12,23,11
"ATMIN","s1693_S_GON_01_ASEReadCounter.table","NW_015090842.1:5826162",30,45,15
"ATMIN","s1693_S_GON_01_ASEReadCounter.table","NW_015090842.1:5826194",30,44,14
"ATMIN","s1693_S_GON_01_ASEReadCounter.table","NW_015090842.1:5826235",31,50,19
"ATMIN","s1693_S_GON_01_ASEReadCounter.table","NW_015090842.1:5826245",32,52,20
"ATMIN","s1693_S_GON_01_ASEReadCounter.table","NW_015090842.1:5826335",12,29,17
"ATMIN","s1693_S_GON_01_ASEReadCounter.table","NW_015090842.1:5826417",15,37,22
"ATMIN","s1693_S_GON_01_ASEReadCounter.table","NW_015090842.1:5826431",17,41,24
"ATMIN","s1693_S_GON_01_ASEReadCounter.table","NW_015090842.1:5826438",17,40,23
"ATMIN","s1693_S_GON_01_ASEReadCounter.table","NW_015090842.1:5826463",23,49,26
"ATMIN","s1693_S_GON_01_ASEReadCounter.table","NW_015090842.1:5826502",25,53,28
"ATMIN","s1693_S_GON_01_ASEReadCounter.table","NW_015090842.1:5826511",25,53,28
"ATMIN","s1693_S_GON_01_ASEReadCounter.table","NW_015090842.1:5826659",22,43,21
"ATMIN","s1693_S_GON_01_ASEReadCounter.table","NW_015090842.1:5826701",29,53,24
"ATMIN","s1693_S_GON_01_ASEReadCounter.table","NW_015090842.1:5826702",28,53,25
"ATMIN","s1693_S_GON_01_ASEReadCounter.table","NW_015090842.1:5826732",38,59,21
"ATMIN","s1693_S_GON_01_ASEReadCounter.table","NW_015090842.1:5826745",38,60,22
"ATMIN","s1693_S_GON_01_ASEReadCounter.table","NW_015090842.1:5826835",38,63,25
"ATMIN","s1693_S_GON_01_ASEReadCounter.table","NW_015090842.1:5826910",35,55,20
"ATMIN","s1693_S_GON_01_ASEReadCounter.table","NW_015090842.1:5826942",22,44,22
"ATMIN","s1693_S_GON_01_ASEReadCounter.table","NW_015090842.1:5827193",50,90,40
"ATMIN","s1693_S_GON_01_ASEReadCounter.table","NW_015090842.1:5827196",47,88,41
"ATMIN","s1693_S_GON_01_ASEReadCounter.table","NW_015090842.1:5827269",42,88,46
"ATMIN","s1693_S_GON_01_ASEReadCounter.table","NW_015090842.1:5827315",39,78,39
"ATMIN","s1693_S_GON_01_ASEReadCounter.table","NW_015090842.1:5827316",39,80,41
"ATMIN","s1693_S_GON_01_ASEReadCounter.table","NW_015090842.1:5827333",43,83,40
"PPP1R3E","s1693_S_GON_01_ASEReadCounter.table","NW_015090842.1:5837733",11,15,4
"PPP1R3E","s1693_S_GON_01_ASEReadCounter.table","NW_015090842.1:5837947",3,9,6
"PKD1L2","s1693_S_GON_01_ASEReadCounter.table","NW_015090842.1:5867509",14,35,21
"PKD1L2","s1693_S_GON_01_ASEReadCounter.table","NW_015090842.1:5867597",23,47,24
"PKD1L2","s1693_S_GON_01_ASEReadCounter.table","NW_015090842.1:5867600",25,50,25
"PKD1L2","s1693_S_GON_01_ASEReadCounter.table","NW_015090842.1:5867660",24,44,20
"PKD1L2","s1693_S_GON_01_ASEReadCounter.table","NW_015090842.1:5867675",24,52,28
"PKD1L2","s1693_S_GON_01_ASEReadCounter.table","NW_015090842.1:5867788",24,57,33
"PKD1L2","s1693_S_GON_01_ASEReadCounter.table","NW_015090842.1:5867843",30,56,26
"BCO1","s1693_S_GON_01_ASEReadCounter.table","NW_015090842.1:5915610",22,52,30
"BCO1","s1693_S_GON_01_ASEReadCounter.table","NW_015090842.1:5915646",26,60,34
"BCO1","s1693_S_GON_01_ASEReadCounter.table","NW_015090842.1:5917836",23,62,39
"BCO1","s1693_S_GON_01_ASEReadCounter.table","NW_015090842.1:5917912",28,54,26
"BCO1","s1693_S_GON_01_ASEReadCounter.table","NW_015090842.1:5917941",30,54,24
"BCO1","s1693_S_GON_01_ASEReadCounter.table","NW_015090842.1:5917971",25,49,24
"BCO1","s1693_S_GON_01_ASEReadCounter.table","NW_015090842.1:5921679",29,54,25
"BCO1","s1693_S_GON_01_ASEReadCounter.table","NW_015090842.1:5921726",24,49,25
"BCO1","s1693_S_GON_01_ASEReadCounter.table","NW_015090842.1:5925669",16,36,20
"BCO1","s1693_S_GON_01_ASEReadCounter.table","NW_015090842.1:5925753",31,45,14
"BCO1","s1693_S_GON_01_ASEReadCounter.table","NW_015090842.1:5926937",24,49,25
"BCO1","s1693_S_GON_01_ASEReadCounter.table","NW_015090842.1:5927921",25,46,21
"BCO1","s1693_S_GON_01_ASEReadCounter.table","NW_015090842.1:5927948",24,51,27
"BCO1","s1693_S_GON_01_ASEReadCounter.table","NW_015090842.1:5927968",26,50,24
"BCO1","s1693_S_GON_01_ASEReadCounter.table","NW_015090842.1:5928052",28,44,16
"BCO1","s1693_S_GON_01_ASEReadCounter.table","NW_015090842.1:5932726",30,63,33
"BCO1","s1693_S_GON_01_ASEReadCounter.table","NW_015090842.1:5932801",23,51,28
"BCO1","s1693_S_GON_01_ASEReadCounter.table","NW_015090842.1:5934558",53,84,31
"BCO1","s1693_S_GON_01_ASEReadCounter.table","NW_015090842.1:5934575",54,86,32
"BCO1","s1693_S_GON_01_ASEReadCounter.table","NW_015090842.1:5934608",68,100,32
"BCO1","s1693_S_GON_01_ASEReadCounter.table","NW_015090842.1:5934647",63,88,25
"BCO1","s1693_S_GON_01_ASEReadCounter.table","NW_015090842.1:5934725",50,71,21
"BCO1","s1693_S_GON_01_ASEReadCounter.table","NW_015090842.1:5934726",51,71,20
"BCO1","s1693_S_GON_01_ASEReadCounter.table","NW_015090842.1:5934733",46,64,18
"BCO1","s1693_S_GON_01_ASEReadCounter.table","NW_015090842.1:5934821",46,63,17
"BCO1","s1693_S_GON_01_ASEReadCounter.table","NW_015090842.1:5934826",43,64,21
"BCO1","s1693_S_GON_01_ASEReadCounter.table","NW_015090842.1:5934844",29,49,20
"BCO1","s1693_S_GON_01_ASEReadCounter.table","NW_015090842.1:5934958",50,71,21
"BCO1","s1693_S_GON_01_ASEReadCounter.table","NW_015090842.1:5934976",54,74,20
"GAN","s1693_S_GON_01_ASEReadCounter.table","NW_015090842.1:5953759",12,46,34
"GAN","s1693_S_GON_01_ASEReadCounter.table","NW_015090842.1:5957502",22,45,23
"GAN","s1693_S_GON_01_ASEReadCounter.table","NW_015090842.1:5957578",19,38,19
"GAN","s1693_S_GON_01_ASEReadCounter.table","NW_015090842.1:5965028",10,32,22
"GAN","s1693_S_GON_01_ASEReadCounter.table","NW_015090842.1:5966047",19,51,32
"GAN","s1693_S_GON_01_ASEReadCounter.table","NW_015090842.1:5966126",15,44,29
"GAN","s1693_S_GON_01_ASEReadCounter.table","NW_015090842.1:5966127",15,45,30
"GAN","s1693_S_GON_01_ASEReadCounter.table","NW_015090842.1:5966162",18,49,31
"GAN","s1693_S_GON_01_ASEReadCounter.table","NW_015090842.1:5966483",12,27,15
"CMIP","s1693_S_GON_01_ASEReadCounter.table","NW_015090842.1:6109159",13,14,1
"CMIP","s1693_S_GON_01_ASEReadCounter.table","NW_015090842.1:6109166",10,11,1
"CMIP","s1693_S_GON_01_ASEReadCounter.table","NW_015090842.1:6114641",15,20,5
"CMIP","s1693_S_GON_01_ASEReadCounter.table","NW_015090842.1:6114751",8,12,4
"CMIP","s1693_S_GON_01_ASEReadCounter.table","NW_015090842.1:6114824",12,16,4
"CMIP","s1693_S_GON_01_ASEReadCounter.table","NW_015090842.1:6128998",11,17,6
"CMIP","s1693_S_GON_01_ASEReadCounter.table","NW_015090842.1:6130562",23,38,15
"CMIP","s1693_S_GON_01_ASEReadCounter.table","NW_015090842.1:6132522",16,23,7
"CMIP","s1693_S_GON_01_ASEReadCounter.table","NW_015090842.1:6134088",13,21,8
"CMIP","s1693_S_GON_01_ASEReadCounter.table","NW_015090842.1:6138265",20,52,32
"CMIP","s1693_S_GON_01_ASEReadCounter.table","NW_015090842.1:6138300",21,52,31
"CMIP","s1693_S_GON_01_ASEReadCounter.table","NW_015090842.1:6138342",22,40,18
"CMIP","s1693_S_GON_01_ASEReadCounter.table","NW_015090842.1:6138343",22,40,18
"CMIP","s1693_S_GON_01_ASEReadCounter.table","NW_015090842.1:6138345",22,40,18
"CMIP","s1693_S_GON_01_ASEReadCounter.table","NW_015090842.1:6138647",18,28,10
"CMIP","s1693_S_GON_01_ASEReadCounter.table","NW_015090842.1:6138745",16,24,8
"CMIP","s1693_S_GON_01_ASEReadCounter.table","NW_015090842.1:6138832",1,4,3
"CMIP","s1693_S_GON_01_ASEReadCounter.table","NW_015090842.1:6138967",18,31,13
"CMIP","s1693_S_GON_01_ASEReadCounter.table","NW_015090842.1:6139131",8,13,5
"CMIP","s1693_S_GON_01_ASEReadCounter.table","NW_015090842.1:6139163",6,13,7
"CMIP","s1693_S_GON_01_ASEReadCounter.table","NW_015090842.1:6139360",3,6,3
"CMIP","s1693_S_GON_01_ASEReadCounter.table","NW_015090842.1:6139572",4,6,2
"CMIP","s1693_S_GON_01_ASEReadCounter.table","NW_015090842.1:6139773",35,35,0
"PLCG2","s1693_S_GON_01_ASEReadCounter.table","NW_015090842.1:6179613",3,4,1
"PLCG2","s1693_S_GON_01_ASEReadCounter.table","NW_015090842.1:6179658",5,6,1
"PLCG2","s1693_S_GON_01_ASEReadCounter.table","NW_015090842.1:6203766",4,6,2
"PLCG2","s1693_S_GON_01_ASEReadCounter.table","NW_015090842.1:6203775",5,7,2
"PLCG2","s1693_S_GON_01_ASEReadCounter.table","NW_015090842.1:6203787",5,6,1
"PLCG2","s1693_S_GON_01_ASEReadCounter.table","NW_015090842.1:6205047",8,8,0
"PLCG2","s1693_S_GON_01_ASEReadCounter.table","NW_015090842.1:6208541",3,3,0
"PLCG2","s1693_S_GON_01_ASEReadCounter.table","NW_015090842.1:6209741",4,4,0
"PLCG2","s1693_S_GON_01_ASEReadCounter.table","NW_015090842.1:6209798",4,4,0
"PLCG2","s1693_S_GON_01_ASEReadCounter.table","NW_015090842.1:6209816",4,4,0
"PLCG2","s1693_S_GON_01_ASEReadCounter.table","NW_015090842.1:6217547",16,21,5
"PLCG2","s1693_S_GON_01_ASEReadCounter.table","NW_015090842.1:6218641",9,14,5
"PLCG2","s1693_S_GON_01_ASEReadCounter.table","NW_015090842.1:6220552",11,17,6
"PLCG2","s1693_S_GON_01_ASEReadCounter.table","NW_015090842.1:6221969",7,14,7
"PLCG2","s1693_S_GON_01_ASEReadCounter.table","NW_015090842.1:6228672",6,14,8
"PLCG2","s1693_S_GON_01_ASEReadCounter.table","NW_015090842.1:6228694",7,15,8
"PLCG2","s1693_S_GON_01_ASEReadCounter.table","NW_015090842.1:6228722",12,19,7
"PLCG2","s1693_S_GON_01_ASEReadCounter.table","NW_015090842.1:6228747",9,16,7
"PLCG2","s1693_S_GON_01_ASEReadCounter.table","NW_015090842.1:6228835",8,11,3
"PLCG2","s1693_S_GON_01_ASEReadCounter.table","NW_015090842.1:6228841",11,16,5
"PLCG2","s1693_S_GON_01_ASEReadCounter.table","NW_015090842.1:6228865",16,22,6
"PLCG2","s1693_S_GON_01_ASEReadCounter.table","NW_015090842.1:6228917",15,22,7
"PLCG2","s1693_S_GON_01_ASEReadCounter.table","NW_015090842.1:6228926",13,22,9
"PLCG2","s1693_S_GON_01_ASEReadCounter.table","NW_015090842.1:6228954",11,17,6
"PLCG2","s1693_S_GON_01_ASEReadCounter.table","NW_015090842.1:6229002",10,15,5
"PLCG2","s1693_S_GON_01_ASEReadCounter.table","NW_015090842.1:6229006",10,15,5
"PLCG2","s1693_S_GON_01_ASEReadCounter.table","NW_015090842.1:6229081",8,11,3
"PLCG2","s1693_S_GON_01_ASEReadCounter.table","NW_015090842.1:6229097",10,15,5
"PLCG2","s1693_S_GON_01_ASEReadCounter.table","NW_015090842.1:6229160",9,14,5
"PLCG2","s1693_S_GON_01_ASEReadCounter.table","NW_015090842.1:6229213",8,9,1
"PLCG2","s1693_S_GON_01_ASEReadCounter.table","NW_015090842.1:6229231",11,12,1
"PLCG2","s1693_S_GON_01_ASEReadCounter.table","NW_015090842.1:6229663",19,19,0
"PLCG2","s1693_S_GON_01_ASEReadCounter.table","NW_015090842.1:6229748",18,20,2
"PLCG2","s1693_S_GON_01_ASEReadCounter.table","NW_015090842.1:6229892",19,22,3
"PLCG2","s1693_S_GON_01_ASEReadCounter.table","NW_015090842.1:6230248",20,21,1
"PLCG2","s1693_S_GON_01_ASEReadCounter.table","NW_015090842.1:6230255",19,20,1
"PLCG2","s1693_S_GON_01_ASEReadCounter.table","NW_015090842.1:6230296",14,14,0
"PLCG2","s1693_S_GON_01_ASEReadCounter.table","NW_015090842.1:6230349",17,18,1
"PLCG2","s1693_S_GON_01_ASEReadCounter.table","NW_015090842.1:6230381",19,20,1
"PLCG2","s1693_S_GON_01_ASEReadCounter.table","NW_015090842.1:6230408",23,24,1
"PLCG2","s1693_S_GON_01_ASEReadCounter.table","NW_015090842.1:6230439",16,17,1
"PLCG2","s1693_S_GON_01_ASEReadCounter.table","NW_015090842.1:6230757",6,6,0
"PLCG2","s1693_S_GON_01_ASEReadCounter.table","NW_015090842.1:6230758",7,7,0
"PLCG2","s1693_S_GON_01_ASEReadCounter.table","NW_015090842.1:6230898",17,23,6
"PLCG2","s1693_S_GON_01_ASEReadCounter.table","NW_015090842.1:6230976",17,20,3
"PLCG2","s1693_S_GON_01_ASEReadCounter.table","NW_015090842.1:6231078",16,21,5
"PLCG2","s1693_S_GON_01_ASEReadCounter.table","NW_015090842.1:6231138",23,29,6
"PLCG2","s1693_S_GON_01_ASEReadCounter.table","NW_015090842.1:6231177",25,27,2
"PLCG2","s1693_S_GON_01_ASEReadCounter.table","NW_015090842.1:6231263",19,20,1
"PLCG2","s1693_S_GON_01_ASEReadCounter.table","NW_015090842.1:6231309",15,15,0
"SDR42E1","s1693_S_GON_01_ASEReadCounter.table","NW_015090842.1:6235292",19,38,19
"SDR42E1","s1693_S_GON_01_ASEReadCounter.table","NW_015090842.1:6235315",26,59,33
"SDR42E1","s1693_S_GON_01_ASEReadCounter.table","NW_015090842.1:6235348",44,90,46
"SDR42E1","s1693_S_GON_01_ASEReadCounter.table","NW_015090842.1:6235355",44,91,47
"SDR42E1","s1693_S_GON_01_ASEReadCounter.table","NW_015090842.1:6235417",55,109,54
"SDR42E1","s1693_S_GON_01_ASEReadCounter.table","NW_015090842.1:6235526",126,126,0
"SDR42E1","s1693_S_GON_01_ASEReadCounter.table","NW_015090842.1:6235558",67,123,56
"SDR42E1","s1693_S_GON_01_ASEReadCounter.table","NW_015090842.1:6235603",135,135,0
"SDR42E1","s1693_S_GON_01_ASEReadCounter.table","NW_015090842.1:6235741",81,130,49
"SDR42E1","s1693_S_GON_01_ASEReadCounter.table","NW_015090842.1:6235777",82,138,56
"SDR42E1","s1693_S_GON_01_ASEReadCounter.table","NW_015090842.1:6235806",80,152,72
"SDR42E1","s1693_S_GON_01_ASEReadCounter.table","NW_015090842.1:6235809",79,152,73
"SDR42E1","s1693_S_GON_01_ASEReadCounter.table","NW_015090842.1:6235816",86,154,68
"SDR42E1","s1693_S_GON_01_ASEReadCounter.table","NW_015090842.1:6235914",56,99,43
"SDR42E1","s1693_S_GON_01_ASEReadCounter.table","NW_015090842.1:6235935",51,101,50
"SDR42E1","s1693_S_GON_01_ASEReadCounter.table","NW_015090842.1:6235957",51,102,51
"SDR42E1","s1693_S_GON_01_ASEReadCounter.table","NW_015090842.1:6236040",39,72,33
"SDR42E1","s1693_S_GON_01_ASEReadCounter.table","NW_015090842.1:6236260",54,112,58
"SDR42E1","s1693_S_GON_01_ASEReadCounter.table","NW_015090842.1:6236281",54,111,57
"SDR42E1","s1693_S_GON_01_ASEReadCounter.table","NW_015090842.1:6236305",52,109,57
"SDR42E1","s1693_S_GON_01_ASEReadCounter.table","NW_015090842.1:6236458",55,98,43
"SDR42E1","s1693_S_GON_01_ASEReadCounter.table","NW_015090842.1:6236476",57,112,55
"SDR42E1","s1693_S_GON_01_ASEReadCounter.table","NW_015090842.1:6236608",60,108,48
"SDR42E1","s1693_S_GON_01_ASEReadCounter.table","NW_015090842.1:6238244",27,63,36
"SDR42E1","s1693_S_GON_01_ASEReadCounter.table","NW_015090842.1:6238829",24,40,16
"HSD17B2","s1693_S_GON_01_ASEReadCounter.table","NW_015090842.1:6257829",1,1,0
"HSD17B2","s1693_S_GON_01_ASEReadCounter.table","NW_015090842.1:6262951",1,3,2
"HSD17B2","s1693_S_GON_01_ASEReadCounter.table","NW_015090842.1:6262974",1,2,1
"HSD17B2","s1693_S_GON_01_ASEReadCounter.table","NW_015090842.1:6266125",0,2,2
"HSD17B2","s1693_S_GON_01_ASEReadCounter.table","NW_015090842.1:6266135",0,2,2
"HSD17B2","s1693_S_GON_01_ASEReadCounter.table","NW_015090842.1:6266795",0,1,1
"HSD17B2","s1693_S_GON_01_ASEReadCounter.table","NW_015090842.1:6266918",0,3,3
"HSD17B2","s1693_S_GON_01_ASEReadCounter.table","NW_015090842.1:6266944",0,2,2
"HSD17B2","s1693_S_GON_01_ASEReadCounter.table","NW_015090842.1:6266997",0,2,2
"HSD17B2","s1693_S_GON_01_ASEReadCounter.table","NW_015090842.1:6267053",0,1,1
"HSD17B2","s1693_S_GON_01_ASEReadCounter.table","NW_015090842.1:6267196",0,4,4
"HSD17B2","s1693_S_GON_01_ASEReadCounter.table","NW_015090842.1:6267273",2,4,2
"HSD17B2","s1693_S_GON_01_ASEReadCounter.table","NW_015090842.1:6267358",1,5,4
"HSD17B2","s1693_S_GON_01_ASEReadCounter.table","NW_015090842.1:6267674",3,9,6
"HSD17B2","s1693_S_GON_01_ASEReadCounter.table","NW_015090842.1:6267913",2,3,1
"HSD17B2","s1693_S_GON_01_ASEReadCounter.table","NW_015090842.1:6268098",1,1,0
"HSD17B2","s1693_S_GON_01_ASEReadCounter.table","NW_015090842.1:6268180",1,3,2
"HSD17B2","s1693_S_GON_01_ASEReadCounter.table","NW_015090842.1:6268203",2,4,2
"ARY2","s1693_S_GON_01_ASEReadCounter.table","NW_015090842.1:6303922",36,36,0
"ARY2","s1693_S_GON_01_ASEReadCounter.table","NW_015090842.1:6303954",41,41,0
"ARY2","s1693_S_GON_01_ASEReadCounter.table","NW_015090842.1:6303979",37,37,0
"ARY2","s1693_S_GON_01_ASEReadCounter.table","NW_015090842.1:6305848",32,32,0
"ARY2","s1693_S_GON_01_ASEReadCounter.table","NW_015090842.1:6305856",30,30,0
"ARY2","s1693_S_GON_01_ASEReadCounter.table","NW_015090842.1:6305857",29,29,0
"ARY2","s1693_S_GON_01_ASEReadCounter.table","NW_015090842.1:6306017",35,37,2
"ARY2","s1693_S_GON_01_ASEReadCounter.table","NW_015090842.1:6306052",39,40,1
"ARY2","s1693_S_GON_01_ASEReadCounter.table","NW_015090842.1:6306094",42,43,1
"ARY2","s1693_S_GON_01_ASEReadCounter.table","NW_015090842.1:6306100",44,45,1
"ARY2","s1693_S_GON_01_ASEReadCounter.table","NW_015090842.1:6306146",41,43,2
"ARY2","s1693_S_GON_01_ASEReadCounter.table","NW_015090842.1:6306147",41,43,2
"ARY2","s1693_S_GON_01_ASEReadCounter.table","NW_015090842.1:6306390",23,24,1
"ARY2","s1693_S_GON_01_ASEReadCounter.table","NW_015090842.1:6306567",19,19,0
"ARY2","s1693_S_GON_01_ASEReadCounter.table","NW_015090842.1:6306705",0,1,1
"ARY2","s1693_S_GON_01_ASEReadCounter.table","NW_015090842.1:6306713",1,1,0
"ARY2","s1693_S_GON_01_ASEReadCounter.table","NW_015090842.1:6306773",0,1,1
"ARY2","s1693_S_GON_01_ASEReadCounter.table","NW_015090842.1:6307138",0,1,1
"ARY2","s1693_S_GON_01_ASEReadCounter.table","NW_015090842.1:6307157",0,1,1
"ARY2","s1693_S_GON_01_ASEReadCounter.table","NW_015090842.1:6307429",1,2,1
"ARY2","s1693_S_GON_01_ASEReadCounter.table","NW_015090842.1:6307670",0,1,1
"ARYL","s1693_S_GON_01_ASEReadCounter.table","NW_015090842.1:6313360",2,4,2
"ARYL","s1693_S_GON_01_ASEReadCounter.table","NW_015090842.1:6313377",2,5,3
"ARYL","s1693_S_GON_01_ASEReadCounter.table","NW_015090842.1:6313767",1,3,2
"ARY1","s1693_S_GON_01_ASEReadCounter.table","NW_015090842.1:6313909",2,2,0
"ARY1","s1693_S_GON_01_ASEReadCounter.table","NW_015090842.1:6314296",1,2,1
"ARY1","s1693_S_GON_01_ASEReadCounter.table","NW_015090842.1:6314541",2,3,1
"ARY1","s1693_S_GON_01_ASEReadCounter.table","NW_015090842.1:6314597",3,4,1
"ARY1","s1693_S_GON_01_ASEReadCounter.table","NW_015090842.1:6314750",5,6,1
"ARY1","s1693_S_GON_01_ASEReadCounter.table","NW_015090842.1:6314794",4,6,2
"ARY1","s1693_S_GON_01_ASEReadCounter.table","NW_015090842.1:6314827",5,8,3
"ARY1","s1693_S_GON_01_ASEReadCounter.table","NW_015090842.1:6314843",5,8,3
"ARY1","s1693_S_GON_01_ASEReadCounter.table","NW_015090842.1:6314859",6,9,3
"ARY1","s1693_S_GON_01_ASEReadCounter.table","NW_015090842.1:6314886",5,8,3
"ARY1","s1693_S_GON_01_ASEReadCounter.table","NW_015090842.1:6314943",6,6,0
"ARY1","s1693_S_GON_01_ASEReadCounter.table","NW_015090842.1:6314949",4,6,2
"ARY1","s1693_S_GON_01_ASEReadCounter.table","NW_015090842.1:6315022",3,6,3
"ARY1","s1693_S_GON_01_ASEReadCounter.table","NW_015090842.1:6315026",3,6,3
"ARY1","s1693_S_GON_01_ASEReadCounter.table","NW_015090842.1:6315043",2,5,3
"ARY1","s1693_S_GON_01_ASEReadCounter.table","NW_015090842.1:6315065",2,7,5
"ARY1","s1693_S_GON_01_ASEReadCounter.table","NW_015090842.1:6315409",3,6,3
"ARY1","s1693_S_GON_01_ASEReadCounter.table","NW_015090842.1:6315479",2,5,3
"ARY1","s1693_S_GON_01_ASEReadCounter.table","NW_015090842.1:6318342",6,8,2
"ARY1","s1693_S_GON_01_ASEReadCounter.table","NW_015090842.1:6318427",8,12,4
"ARY1","s1693_S_GON_01_ASEReadCounter.table","NW_015090842.1:6318603",4,8,4
"ARY1","s1693_S_GON_01_ASEReadCounter.table","NW_015090842.1:6318708",4,8,4
"ARY1","s1693_S_GON_01_ASEReadCounter.table","NW_015090842.1:6318858",9,15,6
"ARY1","s1693_S_GON_01_ASEReadCounter.table","NW_015090842.1:6318952",6,9,3
"MPHOSPH6","s1693_S_GON_01_ASEReadCounter.table","NW_015090842.1:6324063",27,47,20
"MPHOSPH6","s1693_S_GON_01_ASEReadCounter.table","NW_015090842.1:6324174",57,112,55
"MPHOSPH6","s1693_S_GON_01_ASEReadCounter.table","NW_015090842.1:6324270",65,122,57
"MPHOSPH6","s1693_S_GON_01_ASEReadCounter.table","NW_015090842.1:6324762",73,143,70
"MPHOSPH6","s1693_S_GON_01_ASEReadCounter.table","NW_015090842.1:6324772",81,142,61
"MPHOSPH6","s1693_S_GON_01_ASEReadCounter.table","NW_015090842.1:6324780",76,138,62
"MPHOSPH6","s1693_S_GON_01_ASEReadCounter.table","NW_015090842.1:6324902",84,152,68
"MPHOSPH6","s1693_S_GON_01_ASEReadCounter.table","NW_015090842.1:6324910",153,153,0
"MPHOSPH6","s1693_S_GON_01_ASEReadCounter.table","NW_015090842.1:6325066",73,153,80
"MPHOSPH6","s1693_S_GON_01_ASEReadCounter.table","NW_015090842.1:6325089",101,202,101
"MPHOSPH6","s1693_S_GON_01_ASEReadCounter.table","NW_015090842.1:6325298",162,320,158
"MPHOSPH6","s1693_S_GON_01_ASEReadCounter.table","NW_015090842.1:6325877",107,215,108
"MPHOSPH6","s1693_S_GON_01_ASEReadCounter.table","NW_015090842.1:6326976",73,155,82
"CDH13","s1693_S_GON_01_ASEReadCounter.table","NW_015090842.1:6662283",8,13,5
"CDH13","s1693_S_GON_01_ASEReadCounter.table","NW_015090842.1:6693665",4,6,2
"CDH13","s1693_S_GON_01_ASEReadCounter.table","NW_015090842.1:6693697",5,6,1
"CDH13","s1693_S_GON_01_ASEReadCounter.table","NW_015090842.1:6693712",3,4,1
"CDH13","s1693_S_GON_01_ASEReadCounter.table","NW_015090842.1:6693723",4,5,1
"CDH13","s1693_S_GON_01_ASEReadCounter.table","NW_015090842.1:6693738",5,5,0
"CDH13","s1693_S_GON_01_ASEReadCounter.table","NW_015090842.1:6823730",8,18,10
"CDH13","s1693_S_GON_01_ASEReadCounter.table","NW_015090842.1:6889713",9,14,5
"CDH13","s1693_S_GON_01_ASEReadCounter.table","NW_015090842.1:6955167",9,14,5
"MLYCD","s1693_S_GON_01_ASEReadCounter.table","NW_015090842.1:7150054",21,44,23
"MLYCD","s1693_S_GON_01_ASEReadCounter.table","NW_015090842.1:7150131",31,70,39
"MLYCD","s1693_S_GON_01_ASEReadCounter.table","NW_015090842.1:7150585",21,46,25
"MLYCD","s1693_S_GON_01_ASEReadCounter.table","NW_015090842.1:7150686",16,41,25
"MLYCD","s1693_S_GON_01_ASEReadCounter.table","NW_015090842.1:7150696",19,45,26
"MLYCD","s1693_S_GON_01_ASEReadCounter.table","NW_015090842.1:7150698",24,47,23
"MLYCD","s1693_S_GON_01_ASEReadCounter.table","NW_015090842.1:7150869",19,40,21
"MLYCD","s1693_S_GON_01_ASEReadCounter.table","NW_015090842.1:7151100",13,33,20
"MLYCD","s1693_S_GON_01_ASEReadCounter.table","NW_015090842.1:7151127",10,30,20
"MLYCD","s1693_S_GON_01_ASEReadCounter.table","NW_015090842.1:7157538",14,48,34
"MLYCD","s1693_S_GON_01_ASEReadCounter.table","NW_015090842.1:7167662",6,20,14
"MLYCD","s1693_S_GON_01_ASEReadCounter.table","NW_015090842.1:7167675",6,22,16
"MLYCD","s1693_S_GON_01_ASEReadCounter.table","NW_015090842.1:7167710",9,21,12
"MLYCD","s1693_S_GON_01_ASEReadCounter.table","NW_015090842.1:7167781",10,18,8
"MLYCD","s1693_S_GON_01_ASEReadCounter.table","NW_015090842.1:7167803",8,13,5
"MLYCD","s1693_S_GON_01_ASEReadCounter.table","NW_015090842.1:7167812",6,12,6
"MLYCD","s1693_S_GON_01_ASEReadCounter.table","NW_015090842.1:7167845",5,15,10
"MLYCD","s1693_S_GON_01_ASEReadCounter.table","NW_015090842.1:7167862",5,13,8
"MLYCD","s1693_S_GON_01_ASEReadCounter.table","NW_015090842.1:7167929",5,17,12
"MLYCD","s1693_S_GON_01_ASEReadCounter.table","NW_015090842.1:7167995",4,13,9
"MLYCD","s1693_S_GON_01_ASEReadCounter.table","NW_015090842.1:7168005",4,13,9
"MLYCD","s1693_S_GON_01_ASEReadCounter.table","NW_015090842.1:7168037",6,13,7
"HSBP1","s1693_S_GON_01_ASEReadCounter.table","NW_015090842.1:7245192",128,226,98
"HSBP1","s1693_S_GON_01_ASEReadCounter.table","NW_015090842.1:7245226",137,256,119
"HSBP1","s1693_S_GON_01_ASEReadCounter.table","NW_015090842.1:7245257",105,204,99
"HSBP1","s1693_S_GON_01_ASEReadCounter.table","NW_015090842.1:7245296",96,195,99
"HSBP1","s1693_S_GON_01_ASEReadCounter.table","NW_015090842.1:7245389",161,278,117
"HSBP1","s1693_S_GON_01_ASEReadCounter.table","NW_015090842.1:7245400",165,276,111
"HSBP1","s1693_S_GON_01_ASEReadCounter.table","NW_015090842.1:7245445",152,259,107
"HSBP1","s1693_S_GON_01_ASEReadCounter.table","NW_015090842.1:7245495",120,227,107
"HSBP1","s1693_S_GON_01_ASEReadCounter.table","NW_015090842.1:7245515",139,259,120
"HSBP1","s1693_S_GON_01_ASEReadCounter.table","NW_015090842.1:7245733",80,165,85
"HSBP1","s1693_S_GON_01_ASEReadCounter.table","NW_015090842.1:7245771",99,171,72
"HSBP1","s1693_S_GON_01_ASEReadCounter.table","NW_015090842.1:7245813",104,175,71
"HSBP1","s1693_S_GON_01_ASEReadCounter.table","NW_015090842.1:7245926",113,210,97
"HSBP1","s1693_S_GON_01_ASEReadCounter.table","NW_015090842.1:7245927",109,203,94
"HSBP1","s1693_S_GON_01_ASEReadCounter.table","NW_015090842.1:7245933",117,209,92
"HSBP1","s1693_S_GON_01_ASEReadCounter.table","NW_015090842.1:7246002",78,168,90
"HSBP1","s1693_S_GON_01_ASEReadCounter.table","NW_015090842.1:7246094",106,189,83
"HSBP1","s1693_S_GON_01_ASEReadCounter.table","NW_015090842.1:7246167",115,203,88
"HSBP1","s1693_S_GON_01_ASEReadCounter.table","NW_015090842.1:7246183",121,214,93
"HSBP1","s1693_S_GON_01_ASEReadCounter.table","NW_015090842.1:7247285",37,54,17
"HSBP1","s1693_S_GON_01_ASEReadCounter.table","NW_015090842.1:7247651",342,857,515
"HSBP1","s1693_S_GON_01_ASEReadCounter.table","NW_015090842.1:7247657",332,840,508
"HSBP1","s1693_S_GON_01_ASEReadCounter.table","NW_015090842.1:7248520",217,563,346
"HSBP1","s1693_S_GON_01_ASEReadCounter.table","NW_015090842.1:7248535",175,459,284
"KCNG4","s1693_S_GON_01_ASEReadCounter.table","NW_015090842.1:7282481",15,38,23
"KCNG4","s1693_S_GON_01_ASEReadCounter.table","NW_015090842.1:7282500",13,34,21
"KCNG4","s1693_S_GON_01_ASEReadCounter.table","NW_015090842.1:7282542",15,37,22
"KCNG4","s1693_S_GON_01_ASEReadCounter.table","NW_015090842.1:7282579",9,25,16
"KCNG4","s1693_S_GON_01_ASEReadCounter.table","NW_015090842.1:7282630",9,27,18
"KCNG4","s1693_S_GON_01_ASEReadCounter.table","NW_015090842.1:7282760",6,21,15
"KCNG4","s1693_S_GON_01_ASEReadCounter.table","NW_015090842.1:7283056",7,22,15
"KCNG4","s1693_S_GON_01_ASEReadCounter.table","NW_015090842.1:7283245",7,23,16
"KCNG4","s1693_S_GON_01_ASEReadCounter.table","NW_015090842.1:7299491",7,22,15
"KCNG4","s1693_S_GON_01_ASEReadCounter.table","NW_015090842.1:7301195",8,20,12
"KCNG4","s1693_S_GON_01_ASEReadCounter.table","NW_015090842.1:7301227",8,17,9
"KCNG4","s1693_S_GON_01_ASEReadCounter.table","NW_015090842.1:7301240",8,18,10
"KCNG4","s1693_S_GON_01_ASEReadCounter.table","NW_015090842.1:7301413",8,18,10
"WFDC1","s1693_S_GON_01_ASEReadCounter.table","NW_015090842.1:7366517",6,6,0
"ATP2C2","s1693_S_GON_01_ASEReadCounter.table","NW_015090842.1:7413747",2,5,3
"TLDC1","s1693_S_GON_01_ASEReadCounter.table","NW_015090842.1:7421997",15,37,22
"COTL1","s1693_S_GON_01_ASEReadCounter.table","NW_015090842.1:7490707",20,41,21
"COTL1","s1693_S_GON_01_ASEReadCounter.table","NW_015090842.1:7490708",20,41,21
"COTL1","s1693_S_GON_01_ASEReadCounter.table","NW_015090842.1:7490711",20,41,21
"COTL1","s1693_S_GON_01_ASEReadCounter.table","NW_015090842.1:7490739",20,40,20
"COTL1","s1693_S_GON_01_ASEReadCounter.table","NW_015090842.1:7490785",12,32,20
"COTL1","s1693_S_GON_01_ASEReadCounter.table","NW_015090842.1:7490820",2,22,20
"COTL1","s1693_S_GON_01_ASEReadCounter.table","NW_015090842.1:7490846",19,37,18
"COTL1","s1693_S_GON_01_ASEReadCounter.table","NW_015090842.1:7505571",7,8,1
"COTL1","s1693_S_GON_01_ASEReadCounter.table","NW_015090842.1:7505672",0,2,2
"KLHL36","s1693_S_GON_01_ASEReadCounter.table","NW_015090842.1:7526337",12,12,0
"KLHL36","s1693_S_GON_01_ASEReadCounter.table","NW_015090842.1:7537681",19,19,0
"USP10","s1693_S_GON_01_ASEReadCounter.table","NW_015090842.1:7572213",11,31,20
"USP10","s1693_S_GON_01_ASEReadCounter.table","NW_015090842.1:7572358",12,20,8
"CRISPLD2","s1693_S_GON_01_ASEReadCounter.table","NW_015090842.1:7619796",0,14,14
"CRISPLD2","s1693_S_GON_01_ASEReadCounter.table","NW_015090842.1:7630779",7,14,7
"CRISPLD2","s1693_S_GON_01_ASEReadCounter.table","NW_015090842.1:7633611",15,15,0
"CRISPLD2","s1693_S_GON_01_ASEReadCounter.table","NW_015090842.1:7633787",3,19,16
"CRISPLD2","s1693_S_GON_01_ASEReadCounter.table","NW_015090842.1:7634023",3,9,6
"CRISPLD2","s1693_S_GON_01_ASEReadCounter.table","NW_015090842.1:7634620",8,17,9
"CRISPLD2","s1693_S_GON_01_ASEReadCounter.table","NW_015090842.1:7636315",7,10,3
"LOC106888312","s1693_S_GON_01_ASEReadCounter.table","NW_015090842.1:7732198",2,4,2
"MTHFSD","s1693_S_GON_01_ASEReadCounter.table","NW_015090842.1:8152578",44,95,51
"EMC8","s1693_S_GON_01_ASEReadCounter.table","NW_015090842.1:8452385",15,37,22
"GINS2","s1693_S_GON_01_ASEReadCounter.table","NW_015090842.1:8467469",346,346,0
"GINS2","s1693_S_GON_01_ASEReadCounter.table","NW_015090842.1:8470290",244,549,305
"GINS2","s1693_S_GON_01_ASEReadCounter.table","NW_015090842.1:8470305",213,502,289
"GINS2","s1693_S_GON_01_ASEReadCounter.table","NW_015090842.1:8470376",244,533,289
"GINS2","s1693_S_GON_01_ASEReadCounter.table","NW_015090842.1:8471057",1,49,48
"KIAA0513","s1693_S_GON_01_ASEReadCounter.table","NW_015090842.1:8674736",32,32,0
"KIAA0513","s1693_S_GON_01_ASEReadCounter.table","NW_015090842.1:8693655",16,16,0
"ZCCHC14","s1693_S_GON_01_ASEReadCounter.table","NW_015090842.1:8750189",65,65,0
"KLHDC4","s1693_S_GON_01_ASEReadCounter.table","NW_015090842.1:8891175",93,247,154
"KLHDC4","s1693_S_GON_01_ASEReadCounter.table","NW_015090842.1:8905251",30,76,46
"KLHDC4","s1693_S_GON_01_ASEReadCounter.table","NW_015090842.1:8919630",4,11,7
"SLC7A5","s1693_S_GON_01_ASEReadCounter.table","NW_015090842.1:8940382",40,41,1
"SLC7A5","s1693_S_GON_01_ASEReadCounter.table","NW_015090842.1:8941818",26,26,0
"SLC7A5","s1693_S_GON_01_ASEReadCounter.table","NW_015090842.1:8944655",30,30,0
"CA5A","s1693_S_GON_01_ASEReadCounter.table","NW_015090842.1:8989479",17,51,34
"CA5A","s1693_S_GON_01_ASEReadCounter.table","NW_015090842.1:8989562",23,66,43
"CA5A","s1693_S_GON_01_ASEReadCounter.table","NW_015090842.1:8989609",24,68,44
"CA5A","s1693_S_GON_01_ASEReadCounter.table","NW_015090842.1:8989693",24,79,55
"CA5A","s1693_S_GON_01_ASEReadCounter.table","NW_015090842.1:8989702",30,78,48
"CA5A","s1693_S_GON_01_ASEReadCounter.table","NW_015090842.1:8989746",35,93,58
"CA5A","s1693_S_GON_01_ASEReadCounter.table","NW_015090842.1:8989880",29,87,58
"CA5A","s1693_S_GON_01_ASEReadCounter.table","NW_015090842.1:8989885",35,91,56
"CA5A","s1693_S_GON_01_ASEReadCounter.table","NW_015090842.1:8989929",32,84,52
"CA5A","s1693_S_GON_01_ASEReadCounter.table","NW_015090842.1:8990002",25,78,53
"CA5A","s1693_S_GON_01_ASEReadCounter.table","NW_015090842.1:8990004",24,79,55
"CA5A","s1693_S_GON_01_ASEReadCounter.table","NW_015090842.1:8990005",26,81,55
"CA5A","s1693_S_GON_01_ASEReadCounter.table","NW_015090842.1:8990017",25,75,50
"CA5A","s1693_S_GON_01_ASEReadCounter.table","NW_015090842.1:8990043",22,59,37
"CA5A","s1693_S_GON_01_ASEReadCounter.table","NW_015090842.1:8990080",13,48,35
"CA5A","s1693_S_GON_01_ASEReadCounter.table","NW_015090842.1:8990084",18,52,34
"CA5A","s1693_S_GON_01_ASEReadCounter.table","NW_015090842.1:8990090",22,58,36
"CA5A","s1693_S_GON_01_ASEReadCounter.table","NW_015090842.1:8990095",24,58,34
"CA5A","s1693_S_GON_01_ASEReadCounter.table","NW_015090842.1:8990111",26,62,36
"CA5A","s1693_S_GON_01_ASEReadCounter.table","NW_015090842.1:8990112",27,63,36
"CA5A","s1693_S_GON_01_ASEReadCounter.table","NW_015090842.1:8990115",28,65,37
"CA5A","s1693_S_GON_01_ASEReadCounter.table","NW_015090842.1:8990166",19,59,40
"CA5A","s1693_S_GON_01_ASEReadCounter.table","NW_015090842.1:8990169",21,61,40
"CA5A","s1693_S_GON_01_ASEReadCounter.table","NW_015090842.1:8990222",15,50,35
"CA5A","s1693_S_GON_01_ASEReadCounter.table","NW_015090842.1:8990289",25,57,32
"CA5A","s1693_S_GON_01_ASEReadCounter.table","NW_015090842.1:8990314",30,64,34
"CA5A","s1693_S_GON_01_ASEReadCounter.table","NW_015090842.1:8990361",26,67,41
"CA5A","s1693_S_GON_01_ASEReadCounter.table","NW_015090842.1:8990368",26,66,40
"CA5A","s1693_S_GON_01_ASEReadCounter.table","NW_015090842.1:8990429",18,57,39
"CA5A","s1693_S_GON_01_ASEReadCounter.table","NW_015090842.1:8990466",15,53,38
"CA5A","s1693_S_GON_01_ASEReadCounter.table","NW_015090842.1:8990663",24,62,38
"CA5A","s1693_S_GON_01_ASEReadCounter.table","NW_015090842.1:8990797",10,30,20
"CA5A","s1693_S_GON_01_ASEReadCounter.table","NW_015090842.1:8990836",11,32,21
"CA5A","s1693_S_GON_01_ASEReadCounter.table","NW_015090842.1:8990842",12,36,24
"CA5A","s1693_S_GON_01_ASEReadCounter.table","NW_015090842.1:8990851",12,36,24
"CA5A","s1693_S_GON_01_ASEReadCounter.table","NW_015090842.1:8990918",9,25,16
"CA5A","s1693_S_GON_01_ASEReadCounter.table","NW_015090842.1:8990921",8,29,21
"CA5A","s1693_S_GON_01_ASEReadCounter.table","NW_015090842.1:8990942",15,36,21
"CA5A","s1693_S_GON_01_ASEReadCounter.table","NW_015090842.1:8991001",19,55,36
"CA5A","s1693_S_GON_01_ASEReadCounter.table","NW_015090842.1:8991038",16,51,35
"CA5A","s1693_S_GON_01_ASEReadCounter.table","NW_015090842.1:8991149",16,50,34
"CA5A","s1693_S_GON_01_ASEReadCounter.table","NW_015090842.1:8991176",18,56,38
"CA5A","s1693_S_GON_01_ASEReadCounter.table","NW_015090842.1:8991241",17,57,40
"CA5A","s1693_S_GON_01_ASEReadCounter.table","NW_015090842.1:8991262",17,50,33
"CA5A","s1693_S_GON_01_ASEReadCounter.table","NW_015090842.1:8991316",17,21,4
"CA5A","s1693_S_GON_01_ASEReadCounter.table","NW_015090842.1:8991319",15,16,1
"CA5A","s1693_S_GON_01_ASEReadCounter.table","NW_015090842.1:8991330",18,19,1
"CA5A","s1693_S_GON_01_ASEReadCounter.table","NW_015090842.1:8991334",18,20,2
"CA5A","s1693_S_GON_01_ASEReadCounter.table","NW_015090842.1:8991362",14,38,24
"CA5A","s1693_S_GON_01_ASEReadCounter.table","NW_015090842.1:8991368",16,41,25
"CA5A","s1693_S_GON_01_ASEReadCounter.table","NW_015090842.1:8991390",18,44,26
"CA5A","s1693_S_GON_01_ASEReadCounter.table","NW_015090842.1:8991395",18,47,29
"CA5A","s1693_S_GON_01_ASEReadCounter.table","NW_015090842.1:8991422",16,50,34
"CA5A","s1693_S_GON_01_ASEReadCounter.table","NW_015090842.1:8991467",20,50,30
"CA5A","s1693_S_GON_01_ASEReadCounter.table","NW_015090842.1:8991576",8,28,20
"CA5A","s1693_S_GON_01_ASEReadCounter.table","NW_015090842.1:8991587",11,37,26
"CA5A","s1693_S_GON_01_ASEReadCounter.table","NW_015090842.1:8991655",16,48,32
"CA5A","s1693_S_GON_01_ASEReadCounter.table","NW_015090842.1:8991717",12,43,31
"CA5A","s1693_S_GON_01_ASEReadCounter.table","NW_015090842.1:8991726",16,49,33
"CA5A","s1693_S_GON_01_ASEReadCounter.table","NW_015090842.1:8991799",14,44,30
"CA5A","s1693_S_GON_01_ASEReadCounter.table","NW_015090842.1:8991809",12,39,27
"CA5A","s1693_S_GON_01_ASEReadCounter.table","NW_015090842.1:8991848",10,34,24
"CA5A","s1693_S_GON_01_ASEReadCounter.table","NW_015090842.1:8991849",9,35,26
"CA5A","s1693_S_GON_01_ASEReadCounter.table","NW_015090842.1:8991927",19,40,21
"CA5A","s1693_S_GON_01_ASEReadCounter.table","NW_015090842.1:8991941",20,41,21
"CA5A","s1693_S_GON_01_ASEReadCounter.table","NW_015090842.1:8992121",8,25,17
"CA5A","s1693_S_GON_01_ASEReadCounter.table","NW_015090842.1:8992224",14,51,37
"CA5A","s1693_S_GON_01_ASEReadCounter.table","NW_015090842.1:9002570",16,36,20
"CA5A","s1693_S_GON_01_ASEReadCounter.table","NW_015090842.1:9002600",14,29,15
"CA5A","s1693_S_GON_01_ASEReadCounter.table","NW_015090842.1:9004312",14,44,30
"CA5A","s1693_S_GON_01_ASEReadCounter.table","NW_015090842.1:9004506",17,28,11
"CA5A","s1693_S_GON_01_ASEReadCounter.table","NW_015090842.1:9004523",18,27,9
"CA5A","s1693_S_GON_01_ASEReadCounter.table","NW_015090842.1:9004530",20,33,13
"CA5A","s1693_S_GON_01_ASEReadCounter.table","NW_015090842.1:9004556",23,41,18
"CA5A","s1693_S_GON_01_ASEReadCounter.table","NW_015090842.1:9004620",22,84,62
"CA5A","s1693_S_GON_01_ASEReadCounter.table","NW_015090842.1:9005116",32,113,81
"CA5A","s1693_S_GON_01_ASEReadCounter.table","NW_015090842.1:9005120",30,114,84
"CA5A","s1693_S_GON_01_ASEReadCounter.table","NW_015090842.1:9005140",31,116,85
"CA5A","s1693_S_GON_01_ASEReadCounter.table","NW_015090842.1:9005152",33,115,82
"CA5A","s1693_S_GON_01_ASEReadCounter.table","NW_015090842.1:9011189",2,3,1
"CA5A","s1693_S_GON_01_ASEReadCounter.table","NW_015090842.1:9011194",2,3,1
"BANP","s1693_S_GON_01_ASEReadCounter.table","NW_015090842.1:9033407",4,7,3
"BANP","s1693_S_GON_01_ASEReadCounter.table","NW_015090842.1:9033409",4,7,3
"BANP","s1693_S_GON_01_ASEReadCounter.table","NW_015090842.1:9033420",4,7,3
"BANP","s1693_S_GON_01_ASEReadCounter.table","NW_015090842.1:9055284",0,3,3
"CIDEC","s1693_S_GON_01_ASEReadCounter.table","NW_015090842.1:9481199",9,17,8
"ZC3H18","s1693_S_GON_01_ASEReadCounter.table","NW_015090842.1:9528933",23,43,20
"MVD","s1693_S_GON_01_ASEReadCounter.table","NW_015090842.1:9550690",28,28,0
"MVD","s1693_S_GON_01_ASEReadCounter.table","NW_015090842.1:9550691",28,28,0
"MVD","s1693_S_GON_01_ASEReadCounter.table","NW_015090842.1:9550699",30,30,0
"MVD","s1693_S_GON_01_ASEReadCounter.table","NW_015090842.1:9550701",30,30,0
"MVD","s1693_S_GON_01_ASEReadCounter.table","NW_015090842.1:9552202",41,41,0
"MVD","s1693_S_GON_01_ASEReadCounter.table","NW_015090842.1:9552223",40,40,0
"MVD","s1693_S_GON_01_ASEReadCounter.table","NW_015090842.1:9552533",26,26,0
"MVD","s1693_S_GON_01_ASEReadCounter.table","NW_015090842.1:9552644",6,15,9
"PIEZO1","s1693_S_GON_01_ASEReadCounter.table","NW_015090842.1:9577447",1,6,5
"PIEZO1","s1693_S_GON_01_ASEReadCounter.table","NW_015090842.1:9582630",1,2,1
"PIEZO1","s1693_S_GON_01_ASEReadCounter.table","NW_015090842.1:9582976",0,1,1
"CDT1","s1693_S_GON_01_ASEReadCounter.table","NW_015090842.1:9596711",2,3,1
"CDT1","s1693_S_GON_01_ASEReadCounter.table","NW_015090842.1:9597033",9,9,0
"CDT1","s1693_S_GON_01_ASEReadCounter.table","NW_015090842.1:9597756",6,11,5
"CDT1","s1693_S_GON_01_ASEReadCounter.table","NW_015090842.1:9598873",16,16,0
"PABPN1L","s1693_S_GON_01_ASEReadCounter.table","NW_015090842.1:9669510",1,3,2
"ACSF3","s1693_S_GON_01_ASEReadCounter.table","NW_015090842.1:9776737",27,57,30
"ACSF3","s1693_S_GON_01_ASEReadCounter.table","NW_015090842.1:9809639",22,22,0
"ACSF3","s1693_S_GON_01_ASEReadCounter.table","NW_015090842.1:9834743",23,34,11
"ACSF3","s1693_S_GON_01_ASEReadCounter.table","NW_015090842.1:9834762",40,40,0
"ACSF3","s1693_S_GON_01_ASEReadCounter.table","NW_015090842.1:9834852",29,43,14
"ACSF3","s1693_S_GON_01_ASEReadCounter.table","NW_015090842.1:9834861",25,38,13
"ACSF3","s1693_S_GON_01_ASEReadCounter.table","NW_015090842.1:9839359",23,38,15
"ACSF3","s1693_S_GON_01_ASEReadCounter.table","NW_015090842.1:9839378",18,35,17
"ACSF3","s1693_S_GON_01_ASEReadCounter.table","NW_015090842.1:9839455",14,30,16
"ACSF3","s1693_S_GON_01_ASEReadCounter.table","NW_015090842.1:9839457",13,26,13
"ACSF3","s1693_S_GON_01_ASEReadCounter.table","NW_015090842.1:9839489",9,18,9
"ACSF3","s1693_S_GON_01_ASEReadCounter.table","NW_015090842.1:9839500",6,11,5
"ACSF3","s1693_S_GON_01_ASEReadCounter.table","NW_015090842.1:9839501",6,11,5
"ACSF3","s1693_S_GON_01_ASEReadCounter.table","NW_015090842.1:9839504",7,12,5
"ACSF3","s1693_S_GON_01_ASEReadCounter.table","NW_015090842.1:9839512",5,9,4
"ACSF3","s1693_S_GON_01_ASEReadCounter.table","NW_015090842.1:9839527",2,4,2
"ACSF3","s1693_S_GON_01_ASEReadCounter.table","NW_015090842.1:9839533",2,4,2
"ACSF3","s1693_S_GON_01_ASEReadCounter.table","NW_015090842.1:9839535",2,4,2
"ACSF3","s1693_S_GON_01_ASEReadCounter.table","NW_015090842.1:9839545",1,2,1
"ACSF3","s1693_S_GON_01_ASEReadCounter.table","NW_015090842.1:9839550",1,2,1
"ACSF3","s1693_S_GON_01_ASEReadCounter.table","NW_015090842.1:9839551",1,2,1
"CDH15","s1693_S_GON_01_ASEReadCounter.table","NW_015090842.1:9847163",2,2,0
"CDH15","s1693_S_GON_01_ASEReadCounter.table","NW_015090842.1:9847174",2,2,0
"CDH15","s1693_S_GON_01_ASEReadCounter.table","NW_015090842.1:9848265",0,1,1
"CDH15","s1693_S_GON_01_ASEReadCounter.table","NW_015090842.1:9848531",0,1,1
"CDH15","s1693_S_GON_01_ASEReadCounter.table","NW_015090842.1:9848552",0,1,1
"CDH15","s1693_S_GON_01_ASEReadCounter.table","NW_015090842.1:9850609",0,1,1
"SLC22A31","s1693_S_GON_01_ASEReadCounter.table","NW_015090842.1:9850929",0,1,1
"SLC22A31","s1693_S_GON_01_ASEReadCounter.table","NW_015090842.1:9850936",0,1,1
"SLC22A31","s1693_S_GON_01_ASEReadCounter.table","NW_015090842.1:9850940",0,1,1
"SLC22A31","s1693_S_GON_01_ASEReadCounter.table","NW_015090842.1:9850948",0,1,1
"SLC22A31","s1693_S_GON_01_ASEReadCounter.table","NW_015090842.1:9850961",0,1,1
"SLC22A31","s1693_S_GON_01_ASEReadCounter.table","NW_015090842.1:9850970",0,1,1
"SLC22A31","s1693_S_GON_01_ASEReadCounter.table","NW_015090842.1:9850978",0,1,1
"SLC22A31","s1693_S_GON_01_ASEReadCounter.table","NW_015090842.1:9850981",0,1,1
"SLC22A31","s1693_S_GON_01_ASEReadCounter.table","NW_015090842.1:9851130",12,16,4
"SLC22A31","s1693_S_GON_01_ASEReadCounter.table","NW_015090842.1:9851139",14,19,5
"SLC22A31","s1693_S_GON_01_ASEReadCounter.table","NW_015090842.1:9851265",38,46,8
"SLC22A31","s1693_S_GON_01_ASEReadCounter.table","NW_015090842.1:9851302",29,41,12
"SLC22A31","s1693_S_GON_01_ASEReadCounter.table","NW_015090842.1:9851303",29,39,10
"SLC22A31","s1693_S_GON_01_ASEReadCounter.table","NW_015090842.1:9851305",29,40,11
"SLC22A31","s1693_S_GON_01_ASEReadCounter.table","NW_015090842.1:9851343",46,54,8
"SLC22A31","s1693_S_GON_01_ASEReadCounter.table","NW_015090842.1:9851344",51,58,7
"SLC22A31","s1693_S_GON_01_ASEReadCounter.table","NW_015090842.1:9851381",65,76,11
"SLC22A31","s1693_S_GON_01_ASEReadCounter.table","NW_015090842.1:9851421",58,71,13
"SLC22A31","s1693_S_GON_01_ASEReadCounter.table","NW_015090842.1:9851526",38,48,10
"SLC22A31","s1693_S_GON_01_ASEReadCounter.table","NW_015090842.1:9851589",60,69,9
"SLC22A31","s1693_S_GON_01_ASEReadCounter.table","NW_015090842.1:9851712",46,59,13
"SLC22A31","s1693_S_GON_01_ASEReadCounter.table","NW_015090842.1:9851899",33,55,22
"SLC22A31","s1693_S_GON_01_ASEReadCounter.table","NW_015090842.1:9852139",65,83,18
"SLC22A31","s1693_S_GON_01_ASEReadCounter.table","NW_015090842.1:9852380",57,72,15
"SLC22A31","s1693_S_GON_01_ASEReadCounter.table","NW_015090842.1:9852431",46,54,8
"SLC22A31","s1693_S_GON_01_ASEReadCounter.table","NW_015090842.1:9852630",51,70,19
"SLC22A31","s1693_S_GON_01_ASEReadCounter.table","NW_015090842.1:9852711",35,47,12
"SLC22A31","s1693_S_GON_01_ASEReadCounter.table","NW_015090842.1:9852742",33,43,10
"SLC22A31","s1693_S_GON_01_ASEReadCounter.table","NW_015090842.1:9853099",32,42,10
"SLC22A31","s1693_S_GON_01_ASEReadCounter.table","NW_015090842.1:9853102",35,45,10
"SLC22A31","s1693_S_GON_01_ASEReadCounter.table","NW_015090842.1:9853421",42,42,0
"SLC22A31","s1693_S_GON_01_ASEReadCounter.table","NW_015090842.1:9853457",53,53,0
"SLC22A31","s1693_S_GON_01_ASEReadCounter.table","NW_015090842.1:9853502",34,35,1
"ANKRD11","s1693_S_GON_01_ASEReadCounter.table","NW_015090842.1:9858863",1,4,3
"ANKRD11","s1693_S_GON_01_ASEReadCounter.table","NW_015090842.1:9859101",16,30,14
"ANKRD11","s1693_S_GON_01_ASEReadCounter.table","NW_015090842.1:9859352",14,31,17
"ANKRD11","s1693_S_GON_01_ASEReadCounter.table","NW_015090842.1:9859381",4,14,10
"ANKRD11","s1693_S_GON_01_ASEReadCounter.table","NW_015090842.1:9859527",1,6,5
"ANKRD11","s1693_S_GON_01_ASEReadCounter.table","NW_015090842.1:9859529",1,6,5
"ANKRD11","s1693_S_GON_01_ASEReadCounter.table","NW_015090842.1:9859679",11,22,11
"ANKRD11","s1693_S_GON_01_ASEReadCounter.table","NW_015090842.1:9861097",7,19,12
"ANKRD11","s1693_S_GON_01_ASEReadCounter.table","NW_015090842.1:9862571",7,13,6
"ANKRD11","s1693_S_GON_01_ASEReadCounter.table","NW_015090842.1:9866071",0,8,8
"ANKRD11","s1693_S_GON_01_ASEReadCounter.table","NW_015090842.1:9866200",0,6,6
"ANKRD11","s1693_S_GON_01_ASEReadCounter.table","NW_015090842.1:9867391",5,7,2
"ANKRD11","s1693_S_GON_01_ASEReadCounter.table","NW_015090842.1:9867472",5,11,6
"ANKRD11","s1693_S_GON_01_ASEReadCounter.table","NW_015090842.1:9867559",6,9,3
"ANKRD11","s1693_S_GON_01_ASEReadCounter.table","NW_015090842.1:9867934",4,9,5
"ANKRD11","s1693_S_GON_01_ASEReadCounter.table","NW_015090842.1:9868093",4,10,6
"ANKRD11","s1693_S_GON_01_ASEReadCounter.table","NW_015090842.1:9868222",5,10,5
"ANKRD11","s1693_S_GON_01_ASEReadCounter.table","NW_015090842.1:9868327",5,10,5
"ANKRD11","s1693_S_GON_01_ASEReadCounter.table","NW_015090842.1:9868414",6,16,10
"ANKRD11","s1693_S_GON_01_ASEReadCounter.table","NW_015090842.1:9868441",7,15,8
"ANKRD11","s1693_S_GON_01_ASEReadCounter.table","NW_015090842.1:9868444",8,18,10
"ANKRD11","s1693_S_GON_01_ASEReadCounter.table","NW_015090842.1:9868519",7,15,8
"ANKRD11","s1693_S_GON_01_ASEReadCounter.table","NW_015090842.1:9868609",8,17,9
"ANKRD11","s1693_S_GON_01_ASEReadCounter.table","NW_015090842.1:9868666",7,16,9
"ANKRD11","s1693_S_GON_01_ASEReadCounter.table","NW_015090842.1:9869431",1,8,7
"ANKRD11","s1693_S_GON_01_ASEReadCounter.table","NW_015090842.1:9869578",6,12,6
"ANKRD11","s1693_S_GON_01_ASEReadCounter.table","NW_015090842.1:9869734",7,18,11
"ANKRD11","s1693_S_GON_01_ASEReadCounter.table","NW_015090842.1:9870070",6,11,5
"ANKRD11","s1693_S_GON_01_ASEReadCounter.table","NW_015090842.1:9870349",11,18,7
"ANKRD11","s1693_S_GON_01_ASEReadCounter.table","NW_015090842.1:9870604",9,20,11
"ANKRD11","s1693_S_GON_01_ASEReadCounter.table","NW_015090842.1:9870613",11,23,12
"ANKRD11","s1693_S_GON_01_ASEReadCounter.table","NW_015090842.1:9870685",10,20,10
"ANKRD11","s1693_S_GON_01_ASEReadCounter.table","NW_015090842.1:9870847",13,18,5
"ANKRD11","s1693_S_GON_01_ASEReadCounter.table","NW_015090842.1:9871103",3,13,10
"ANKRD11","s1693_S_GON_01_ASEReadCounter.table","NW_015090842.1:9871165",3,8,5
"ANKRD11","s1693_S_GON_01_ASEReadCounter.table","NW_015090842.1:9871820",4,8,4
"ANKRD11","s1693_S_GON_01_ASEReadCounter.table","NW_015090842.1:9871994",4,4,0
"ANKRD11","s1693_S_GON_01_ASEReadCounter.table","NW_015090842.1:9872118",2,7,5
"SPG7","s1693_S_GON_01_ASEReadCounter.table","NW_015090842.1:10051190",71,179,108
"SPG7","s1693_S_GON_01_ASEReadCounter.table","NW_015090842.1:10051218",104,238,134
"SPG7","s1693_S_GON_01_ASEReadCounter.table","NW_015090842.1:10052348",107,239,132
"SPG7","s1693_S_GON_01_ASEReadCounter.table","NW_015090842.1:10052366",99,216,117
"SPG7","s1693_S_GON_01_ASEReadCounter.table","NW_015090842.1:10065173",124,273,149
"SPG7","s1693_S_GON_01_ASEReadCounter.table","NW_015090842.1:10065215",112,232,120
"SPG7","s1693_S_GON_01_ASEReadCounter.table","NW_015090842.1:10066301",82,183,101
"SPG7","s1693_S_GON_01_ASEReadCounter.table","NW_015090842.1:10066365",87,198,111
"SPG7","s1693_S_GON_01_ASEReadCounter.table","NW_015090842.1:10069752",99,255,156
"SPG7","s1693_S_GON_01_ASEReadCounter.table","NW_015090842.1:10069800",106,283,177
"SPG7","s1693_S_GON_01_ASEReadCounter.table","NW_015090842.1:10071192",119,302,183
"SPG7","s1693_S_GON_01_ASEReadCounter.table","NW_015090842.1:10071204",110,273,163
"SPG7","s1693_S_GON_01_ASEReadCounter.table","NW_015090842.1:10071219",101,250,149
"SPG7","s1693_S_GON_01_ASEReadCounter.table","NW_015090842.1:10071967",97,249,152
"SPG7","s1693_S_GON_01_ASEReadCounter.table","NW_015090842.1:10075109",190,362,172
"SPG7","s1693_S_GON_01_ASEReadCounter.table","NW_015090842.1:10075114",189,363,174
"SPG7","s1693_S_GON_01_ASEReadCounter.table","NW_015090842.1:10075198",150,292,142
"SPG7","s1693_S_GON_01_ASEReadCounter.table","NW_015090842.1:10075487",95,229,134
"SPG7","s1693_S_GON_01_ASEReadCounter.table","NW_015090842.1:10075488",94,232,138
"SPG7","s1693_S_GON_01_ASEReadCounter.table","NW_015090842.1:10075548",79,170,91
"RPL13","s1693_S_GON_01_ASEReadCounter.table","NW_015090842.1:10076979",4,12,8
"RPL13","s1693_S_GON_01_ASEReadCounter.table","NW_015090842.1:10077387",774,1474,700
"RPL13","s1693_S_GON_01_ASEReadCounter.table","NW_015090842.1:10077978",1166,2163,997
"RPL13","s1693_S_GON_01_ASEReadCounter.table","NW_015090842.1:10077992",1166,2123,957
"CPNE7","s1693_S_GON_01_ASEReadCounter.table","NW_015090842.1:10084001",1,2,1
"CPNE7","s1693_S_GON_01_ASEReadCounter.table","NW_015090842.1:10084856",1,2,1
"CPNE7","s1693_S_GON_01_ASEReadCounter.table","NW_015090842.1:10084872",1,2,1
"CPNE7","s1693_S_GON_01_ASEReadCounter.table","NW_015090842.1:10084892",1,1,0
"CPNE7","s1693_S_GON_01_ASEReadCounter.table","NW_015090842.1:10084921",1,1,0
"CPNE7","s1693_S_GON_01_ASEReadCounter.table","NW_015090842.1:10084935",1,1,0
"CPNE7","s1693_S_GON_01_ASEReadCounter.table","NW_015090842.1:10085000",1,2,1
"CPNE7","s1693_S_GON_01_ASEReadCounter.table","NW_015090842.1:10085089",0,2,2
"CPNE7","s1693_S_GON_01_ASEReadCounter.table","NW_015090842.1:10085096",0,2,2
"CPNE7","s1693_S_GON_01_ASEReadCounter.table","NW_015090842.1:10085126",0,2,2
"CPNE7","s1693_S_GON_01_ASEReadCounter.table","NW_015090842.1:10085180",2,3,1
"CPNE7","s1693_S_GON_01_ASEReadCounter.table","NW_015090842.1:10085201",2,2,0
"CPNE7","s1693_S_GON_01_ASEReadCounter.table","NW_015090842.1:10088134",4,5,1
"CPNE7","s1693_S_GON_01_ASEReadCounter.table","NW_015090842.1:10088146",3,5,2
"CPNE7","s1693_S_GON_01_ASEReadCounter.table","NW_015090842.1:10088940",5,7,2
"CPNE7","s1693_S_GON_01_ASEReadCounter.table","NW_015090842.1:10088965",5,7,2
"CPNE7","s1693_S_GON_01_ASEReadCounter.table","NW_015090842.1:10088967",5,7,2
"CPNE7","s1693_S_GON_01_ASEReadCounter.table","NW_015090842.1:10088973",6,9,3
"CPNE7","s1693_S_GON_01_ASEReadCounter.table","NW_015090842.1:10090924",1,3,2
"CPNE7","s1693_S_GON_01_ASEReadCounter.table","NW_015090842.1:10090930",1,3,2
"CPNE7","s1693_S_GON_01_ASEReadCounter.table","NW_015090842.1:10091075",1,1,0
"CPNE7","s1693_S_GON_01_ASEReadCounter.table","NW_015090842.1:10091389",1,1,0
"CPNE7","s1693_S_GON_01_ASEReadCounter.table","NW_015090842.1:10091407",2,2,0
"CPNE7","s1693_S_GON_01_ASEReadCounter.table","NW_015090842.1:10091530",2,3,1
"CPNE7","s1693_S_GON_01_ASEReadCounter.table","NW_015090842.1:10091875",3,5,2
"CPNE7","s1693_S_GON_01_ASEReadCounter.table","NW_015090842.1:10091983",0,1,1
"CPNE7","s1693_S_GON_01_ASEReadCounter.table","NW_015090842.1:10091997",0,1,1
"CPNE7","s1693_S_GON_01_ASEReadCounter.table","NW_015090842.1:10092140",2,3,1
"CPNE7","s1693_S_GON_01_ASEReadCounter.table","NW_015090842.1:10092183",2,2,0
"CPNE7","s1693_S_GON_01_ASEReadCounter.table","NW_015090842.1:10092201",1,1,0
"CPNE7","s1693_S_GON_01_ASEReadCounter.table","NW_015090842.1:10092230",1,1,0
"CPNE7","s1693_S_GON_01_ASEReadCounter.table","NW_015090842.1:10092246",1,1,0
"LOC106888185","s1693_S_GON_01_ASEReadCounter.table","NW_015090842.1:10094965",3,12,9
"LOC106888185","s1693_S_GON_01_ASEReadCounter.table","NW_015090842.1:10094966",3,12,9
"LOC106888185","s1693_S_GON_01_ASEReadCounter.table","NW_015090842.1:10094985",4,13,9
"LOC106888185","s1693_S_GON_01_ASEReadCounter.table","NW_015090842.1:10095055",0,11,11
"LOC106888185","s1693_S_GON_01_ASEReadCounter.table","NW_015090842.1:10095062",1,10,9
"LOC106888185","s1693_S_GON_01_ASEReadCounter.table","NW_015090842.1:10095130",0,8,8
"LOC106888185","s1693_S_GON_01_ASEReadCounter.table","NW_015090842.1:10095265",28,60,32
"LOC106888185","s1693_S_GON_01_ASEReadCounter.table","NW_015090842.1:10095586",32,76,44
"LOC106888185","s1693_S_GON_01_ASEReadCounter.table","NW_015090842.1:10095593",35,74,39
"LOC106888185","s1693_S_GON_01_ASEReadCounter.table","NW_015090842.1:10095616",31,67,36
"LOC106888185","s1693_S_GON_01_ASEReadCounter.table","NW_015090842.1:10095662",16,43,27
"LOC106888185","s1693_S_GON_01_ASEReadCounter.table","NW_015090842.1:10095674",12,37,25
"LOC106888185","s1693_S_GON_01_ASEReadCounter.table","NW_015090842.1:10095786",25,47,22
"LOC106888185","s1693_S_GON_01_ASEReadCounter.table","NW_015090842.1:10095831",25,53,28
"LOC106888185","s1693_S_GON_01_ASEReadCounter.table","NW_015090842.1:10096230",31,76,45
"LOC106888185","s1693_S_GON_01_ASEReadCounter.table","NW_015090842.1:10096249",30,78,48
"LOC106888185","s1693_S_GON_01_ASEReadCounter.table","NW_015090842.1:10096272",36,85,49
"LOC106888185","s1693_S_GON_01_ASEReadCounter.table","NW_015090842.1:10096288",38,85,47
"LOC106888185","s1693_S_GON_01_ASEReadCounter.table","NW_015090842.1:10097248",38,86,48
"LOC106888185","s1693_S_GON_01_ASEReadCounter.table","NW_015090842.1:10097265",42,95,53
"LOC106888185","s1693_S_GON_01_ASEReadCounter.table","NW_015090842.1:10097446",3,5,2
"DPEP1","s1693_S_GON_01_ASEReadCounter.table","NW_015090842.1:10098017",1,1,0
"DPEP1","s1693_S_GON_01_ASEReadCounter.table","NW_015090842.1:10098518",0,6,6
"DPEP1","s1693_S_GON_01_ASEReadCounter.table","NW_015090842.1:10098595",5,6,1
"DPEP1","s1693_S_GON_01_ASEReadCounter.table","NW_015090842.1:10098597",5,6,1
"DPEP1","s1693_S_GON_01_ASEReadCounter.table","NW_015090842.1:10098601",5,6,1
"DPEP1","s1693_S_GON_01_ASEReadCounter.table","NW_015090842.1:10098608",5,6,1
"DPEP1","s1693_S_GON_01_ASEReadCounter.table","NW_015090842.1:10098630",4,7,3
"DPEP1","s1693_S_GON_01_ASEReadCounter.table","NW_015090842.1:10098659",3,8,5
"DPEP1","s1693_S_GON_01_ASEReadCounter.table","NW_015090842.1:10099765",3,8,5
"DPEP1","s1693_S_GON_01_ASEReadCounter.table","NW_015090842.1:10099985",4,14,10
"DPEP1","s1693_S_GON_01_ASEReadCounter.table","NW_015090842.1:10099986",4,14,10
"DPEP1","s1693_S_GON_01_ASEReadCounter.table","NW_015090842.1:10099991",5,16,11
"DPEP1","s1693_S_GON_01_ASEReadCounter.table","NW_015090842.1:10100044",11,22,11
"DPEP1","s1693_S_GON_01_ASEReadCounter.table","NW_015090842.1:10100045",11,22,11
"DPEP1","s1693_S_GON_01_ASEReadCounter.table","NW_015090842.1:10100084",8,19,11
"DPEP1","s1693_S_GON_01_ASEReadCounter.table","NW_015090842.1:10100295",5,18,13
"DPEP1","s1693_S_GON_01_ASEReadCounter.table","NW_015090842.1:10100529",5,17,12
"DPEP1","s1693_S_GON_01_ASEReadCounter.table","NW_015090842.1:10100893",5,23,18
"DPEP1","s1693_S_GON_01_ASEReadCounter.table","NW_015090842.1:10100902",5,22,17
"DPEP1","s1693_S_GON_01_ASEReadCounter.table","NW_015090842.1:10101072",5,27,22
"DPEP1","s1693_S_GON_01_ASEReadCounter.table","NW_015090842.1:10101199",6,25,19
"DPEP1","s1693_S_GON_01_ASEReadCounter.table","NW_015090842.1:10101483",7,23,16
"DPEP1","s1693_S_GON_01_ASEReadCounter.table","NW_015090842.1:10101497",7,28,21
"DPEP1","s1693_S_GON_01_ASEReadCounter.table","NW_015090842.1:10101525",7,25,18
"DPEP1","s1693_S_GON_01_ASEReadCounter.table","NW_015090842.1:10101875",4,24,20
"DPEP1","s1693_S_GON_01_ASEReadCounter.table","NW_015090842.1:10101913",4,17,13
"DPEP1","s1693_S_GON_01_ASEReadCounter.table","NW_015090842.1:10101996",2,13,11
"DPEP1","s1693_S_GON_01_ASEReadCounter.table","NW_015090842.1:10102014",1,11,10
"DPEP1","s1693_S_GON_01_ASEReadCounter.table","NW_015090842.1:10102035",1,8,7
"DPEP1","s1693_S_GON_01_ASEReadCounter.table","NW_015090842.1:10102076",0,1,1
"DPEP1","s1693_S_GON_01_ASEReadCounter.table","NW_015090842.1:10102077",0,2,2
"CHMP1A","s1693_S_GON_01_ASEReadCounter.table","NW_015090842.1:10102901",74,173,99
"CHMP1A","s1693_S_GON_01_ASEReadCounter.table","NW_015090842.1:10102961",57,166,109
"CHMP1A","s1693_S_GON_01_ASEReadCounter.table","NW_015090842.1:10102996",45,161,116
"CHMP1A","s1693_S_GON_01_ASEReadCounter.table","NW_015090842.1:10103004",55,173,118
"CHMP1A","s1693_S_GON_01_ASEReadCounter.table","NW_015090842.1:10103006",55,176,121
"CHMP1A","s1693_S_GON_01_ASEReadCounter.table","NW_015090842.1:10103052",102,239,137
"CHMP1A","s1693_S_GON_01_ASEReadCounter.table","NW_015090842.1:10103095",111,242,131
"CHMP1A","s1693_S_GON_01_ASEReadCounter.table","NW_015090842.1:10103096",111,240,129
"CHMP1A","s1693_S_GON_01_ASEReadCounter.table","NW_015090842.1:10103152",81,166,85
"CHMP1A","s1693_S_GON_01_ASEReadCounter.table","NW_015090842.1:10103334",64,114,50
"CHMP1A","s1693_S_GON_01_ASEReadCounter.table","NW_015090842.1:10103373",33,103,70
"CHMP1A","s1693_S_GON_01_ASEReadCounter.table","NW_015090842.1:10103408",65,147,82
"CHMP1A","s1693_S_GON_01_ASEReadCounter.table","NW_015090842.1:10103412",75,155,80
"CHMP1A","s1693_S_GON_01_ASEReadCounter.table","NW_015090842.1:10103512",96,169,73
"CHMP1A","s1693_S_GON_01_ASEReadCounter.table","NW_015090842.1:10103513",96,171,75
"CHMP1A","s1693_S_GON_01_ASEReadCounter.table","NW_015090842.1:10103583",59,121,62
"CHMP1A","s1693_S_GON_01_ASEReadCounter.table","NW_015090842.1:10103614",58,129,71
"CHMP1A","s1693_S_GON_01_ASEReadCounter.table","NW_015090842.1:10103657",62,136,74
"CHMP1A","s1693_S_GON_01_ASEReadCounter.table","NW_015090842.1:10103669",55,120,65
"CHMP1A","s1693_S_GON_01_ASEReadCounter.table","NW_015090842.1:10103674",52,114,62
"CHMP1A","s1693_S_GON_01_ASEReadCounter.table","NW_015090842.1:10103677",52,111,59
"CHMP1A","s1693_S_GON_01_ASEReadCounter.table","NW_015090842.1:10103729",78,152,74
"CHMP1A","s1693_S_GON_01_ASEReadCounter.table","NW_015090842.1:10103758",80,148,68
"CHMP1A","s1693_S_GON_01_ASEReadCounter.table","NW_015090842.1:10103761",78,153,75
"CHMP1A","s1693_S_GON_01_ASEReadCounter.table","NW_015090842.1:10103788",97,194,97
"CHMP1A","s1693_S_GON_01_ASEReadCounter.table","NW_015090842.1:10103789",97,194,97
"CHMP1A","s1693_S_GON_01_ASEReadCounter.table","NW_015090842.1:10103790",97,195,98
"CHMP1A","s1693_S_GON_01_ASEReadCounter.table","NW_015090842.1:10103950",86,178,92
"CHMP1A","s1693_S_GON_01_ASEReadCounter.table","NW_015090842.1:10104335",56,119,63
"CHMP1A","s1693_S_GON_01_ASEReadCounter.table","NW_015090842.1:10104429",101,189,88
"CHMP1A","s1693_S_GON_01_ASEReadCounter.table","NW_015090842.1:10104532",108,203,95
"CHMP1A","s1693_S_GON_01_ASEReadCounter.table","NW_015090842.1:10104633",77,148,71
"CHMP1A","s1693_S_GON_01_ASEReadCounter.table","NW_015090842.1:10104759",100,182,82
"CHMP1A","s1693_S_GON_01_ASEReadCounter.table","NW_015090842.1:10104794",112,195,83
"CHMP1A","s1693_S_GON_01_ASEReadCounter.table","NW_015090842.1:10104844",73,147,74
"CHMP1A","s1693_S_GON_01_ASEReadCounter.table","NW_015090842.1:10106290",94,179,85
"CHMP1A","s1693_S_GON_01_ASEReadCounter.table","NW_015090842.1:10106335",109,194,85
"CHMP1A","s1693_S_GON_01_ASEReadCounter.table","NW_015090842.1:10106383",120,235,115
"CHMP1A","s1693_S_GON_01_ASEReadCounter.table","NW_015090842.1:10106747",98,228,130
"CHMP1A","s1693_S_GON_01_ASEReadCounter.table","NW_015090842.1:10107404",107,218,111
"CHMP1A","s1693_S_GON_01_ASEReadCounter.table","NW_015090842.1:10107410",113,224,111
"CHMP1A","s1693_S_GON_01_ASEReadCounter.table","NW_015090842.1:10107876",109,208,99
"CDK10","s1693_S_GON_01_ASEReadCounter.table","NW_015090842.1:10109030",20,24,4
"CDK10","s1693_S_GON_01_ASEReadCounter.table","NW_015090842.1:10109963",82,215,133
"CDK10","s1693_S_GON_01_ASEReadCounter.table","NW_015090842.1:10110887",75,173,98
"CDK10","s1693_S_GON_01_ASEReadCounter.table","NW_015090842.1:10111254",66,151,85
"CDK10","s1693_S_GON_01_ASEReadCounter.table","NW_015090842.1:10111380",77,175,98
"CDK10","s1693_S_GON_01_ASEReadCounter.table","NW_015090842.1:10111395",83,184,101
"CDK10","s1693_S_GON_01_ASEReadCounter.table","NW_015090842.1:10111437",52,162,110
"CDK10","s1693_S_GON_01_ASEReadCounter.table","NW_015090842.1:10111798",92,186,94
"CDK10","s1693_S_GON_01_ASEReadCounter.table","NW_015090842.1:10111840",87,186,99
"CDK10","s1693_S_GON_01_ASEReadCounter.table","NW_015090842.1:10112031",85,203,118
"CDK10","s1693_S_GON_01_ASEReadCounter.table","NW_015090842.1:10112285",77,177,100
"CDK10","s1693_S_GON_01_ASEReadCounter.table","NW_015090842.1:10112398",95,194,99
"CDK10","s1693_S_GON_01_ASEReadCounter.table","NW_015090842.1:10112455",76,174,98
"CDK10","s1693_S_GON_01_ASEReadCounter.table","NW_015090842.1:10112461",66,156,90
"CDK10","s1693_S_GON_01_ASEReadCounter.table","NW_015090842.1:10112497",46,108,62
"CDK10","s1693_S_GON_01_ASEReadCounter.table","NW_015090842.1:10112508",39,106,67
"CDK10","s1693_S_GON_01_ASEReadCounter.table","NW_015090842.1:10112518",33,96,63
"CDK10","s1693_S_GON_01_ASEReadCounter.table","NW_015090842.1:10112540",24,93,69
"CDK10","s1693_S_GON_01_ASEReadCounter.table","NW_015090842.1:10112556",43,111,68
"CDK10","s1693_S_GON_01_ASEReadCounter.table","NW_015090842.1:10112561",47,138,91
"CDK10","s1693_S_GON_01_ASEReadCounter.table","NW_015090842.1:10112596",60,157,97
"CDK10","s1693_S_GON_01_ASEReadCounter.table","NW_015090842.1:10112630",56,129,73
"CDK10","s1693_S_GON_01_ASEReadCounter.table","NW_015090842.1:10112656",48,123,75
"CDK10","s1693_S_GON_01_ASEReadCounter.table","NW_015090842.1:10112665",38,83,45
"CDK10","s1693_S_GON_01_ASEReadCounter.table","NW_015090842.1:10112668",37,81,44
"CDK10","s1693_S_GON_01_ASEReadCounter.table","NW_015090842.1:10112781",18,51,33
"CDK10","s1693_S_GON_01_ASEReadCounter.table","NW_015090842.1:10112782",19,52,33
"CDK10","s1693_S_GON_01_ASEReadCounter.table","NW_015090842.1:10112795",17,48,31
"CDK10","s1693_S_GON_01_ASEReadCounter.table","NW_015090842.1:10112841",5,16,11
"CDK10","s1693_S_GON_01_ASEReadCounter.table","NW_015090842.1:10112861",4,12,8
"SPATA2L","s1693_S_GON_01_ASEReadCounter.table","NW_015090842.1:10113212",7,17,10
"SPATA2L","s1693_S_GON_01_ASEReadCounter.table","NW_015090842.1:10113280",8,25,17
"SPATA2L","s1693_S_GON_01_ASEReadCounter.table","NW_015090842.1:10113296",9,25,16
"SPATA2L","s1693_S_GON_01_ASEReadCounter.table","NW_015090842.1:10113321",11,31,20
"SPATA2L","s1693_S_GON_01_ASEReadCounter.table","NW_015090842.1:10113332",12,33,21
"SPATA2L","s1693_S_GON_01_ASEReadCounter.table","NW_015090842.1:10113380",13,31,18
"SPATA2L","s1693_S_GON_01_ASEReadCounter.table","NW_015090842.1:10113381",13,32,19
"SPATA2L","s1693_S_GON_01_ASEReadCounter.table","NW_015090842.1:10113412",10,30,20
"SPATA2L","s1693_S_GON_01_ASEReadCounter.table","NW_015090842.1:10113421",9,26,17
"SPATA2L","s1693_S_GON_01_ASEReadCounter.table","NW_015090842.1:10113465",12,28,16
"SPATA2L","s1693_S_GON_01_ASEReadCounter.table","NW_015090842.1:10113535",17,36,19
"SPATA2L","s1693_S_GON_01_ASEReadCounter.table","NW_015090842.1:10113645",2,23,21
"SPATA2L","s1693_S_GON_01_ASEReadCounter.table","NW_015090842.1:10113682",10,31,21
"SPATA2L","s1693_S_GON_01_ASEReadCounter.table","NW_015090842.1:10113696",13,32,19
"SPATA2L","s1693_S_GON_01_ASEReadCounter.table","NW_015090842.1:10113727",18,43,25
"SPATA2L","s1693_S_GON_01_ASEReadCounter.table","NW_015090842.1:10113729",18,42,24
"SPATA2L","s1693_S_GON_01_ASEReadCounter.table","NW_015090842.1:10113799",20,49,29
"SPATA2L","s1693_S_GON_01_ASEReadCounter.table","NW_015090842.1:10113809",20,47,27
"SPATA2L","s1693_S_GON_01_ASEReadCounter.table","NW_015090842.1:10113827",17,42,25
"SPATA2L","s1693_S_GON_01_ASEReadCounter.table","NW_015090842.1:10113831",15,40,25
"SPATA2L","s1693_S_GON_01_ASEReadCounter.table","NW_015090842.1:10113894",10,31,21
"SPATA2L","s1693_S_GON_01_ASEReadCounter.table","NW_015090842.1:10113905",9,28,19
"SPATA2L","s1693_S_GON_01_ASEReadCounter.table","NW_015090842.1:10113914",9,29,20
"SPATA2L","s1693_S_GON_01_ASEReadCounter.table","NW_015090842.1:10113920",12,33,21
"SPATA2L","s1693_S_GON_01_ASEReadCounter.table","NW_015090842.1:10113937",12,34,22
"SPATA2L","s1693_S_GON_01_ASEReadCounter.table","NW_015090842.1:10113971",9,31,22
"SPATA2L","s1693_S_GON_01_ASEReadCounter.table","NW_015090842.1:10113976",8,31,23
"SPATA2L","s1693_S_GON_01_ASEReadCounter.table","NW_015090842.1:10113985",9,29,20
"SPATA2L","s1693_S_GON_01_ASEReadCounter.table","NW_015090842.1:10113994",13,31,18
"SPATA2L","s1693_S_GON_01_ASEReadCounter.table","NW_015090842.1:10114063",7,23,16
"SPATA2L","s1693_S_GON_01_ASEReadCounter.table","NW_015090842.1:10114066",5,20,15
"SPATA2L","s1693_S_GON_01_ASEReadCounter.table","NW_015090842.1:10114069",5,20,15
"SPATA2L","s1693_S_GON_01_ASEReadCounter.table","NW_015090842.1:10114159",5,18,13
"SPATA2L","s1693_S_GON_01_ASEReadCounter.table","NW_015090842.1:10114262",25,25,0
"SPATA2L","s1693_S_GON_01_ASEReadCounter.table","NW_015090842.1:10114470",9,22,13
"SPATA2L","s1693_S_GON_01_ASEReadCounter.table","NW_015090842.1:10114524",4,14,10
"VPS9D1","s1693_S_GON_01_ASEReadCounter.table","NW_015090842.1:10116377",6,13,7
"VPS9D1","s1693_S_GON_01_ASEReadCounter.table","NW_015090842.1:10116415",8,15,7
"VPS9D1","s1693_S_GON_01_ASEReadCounter.table","NW_015090842.1:10116607",7,13,6
"VPS9D1","s1693_S_GON_01_ASEReadCounter.table","NW_015090842.1:10116821",7,9,2
"VPS9D1","s1693_S_GON_01_ASEReadCounter.table","NW_015090842.1:10116825",7,8,1
"VPS9D1","s1693_S_GON_01_ASEReadCounter.table","NW_015090842.1:10116882",7,11,4
"VPS9D1","s1693_S_GON_01_ASEReadCounter.table","NW_015090842.1:10116933",10,12,2
"VPS9D1","s1693_S_GON_01_ASEReadCounter.table","NW_015090842.1:10116942",10,11,1
"VPS9D1","s1693_S_GON_01_ASEReadCounter.table","NW_015090842.1:10117152",2,7,5
"VPS9D1","s1693_S_GON_01_ASEReadCounter.table","NW_015090842.1:10117480",4,5,1
"VPS9D1","s1693_S_GON_01_ASEReadCounter.table","NW_015090842.1:10117497",3,5,2
"VPS9D1","s1693_S_GON_01_ASEReadCounter.table","NW_015090842.1:10117499",3,5,2
"VPS9D1","s1693_S_GON_01_ASEReadCounter.table","NW_015090842.1:10117516",4,6,2
"VPS9D1","s1693_S_GON_01_ASEReadCounter.table","NW_015090842.1:10117525",4,6,2
"VPS9D1","s1693_S_GON_01_ASEReadCounter.table","NW_015090842.1:10117579",3,8,5
"VPS9D1","s1693_S_GON_01_ASEReadCounter.table","NW_015090842.1:10117627",2,7,5
"VPS9D1","s1693_S_GON_01_ASEReadCounter.table","NW_015090842.1:10117678",1,4,3
"VPS9D1","s1693_S_GON_01_ASEReadCounter.table","NW_015090842.1:10117773",7,9,2
"VPS9D1","s1693_S_GON_01_ASEReadCounter.table","NW_015090842.1:10117937",5,10,5
"VPS9D1","s1693_S_GON_01_ASEReadCounter.table","NW_015090842.1:10117961",5,9,4
"VPS9D1","s1693_S_GON_01_ASEReadCounter.table","NW_015090842.1:10118236",6,12,6
"VPS9D1","s1693_S_GON_01_ASEReadCounter.table","NW_015090842.1:10118414",5,7,2
"VPS9D1","s1693_S_GON_01_ASEReadCounter.table","NW_015090842.1:10118973",6,13,7
"VPS9D1","s1693_S_GON_01_ASEReadCounter.table","NW_015090842.1:10119500",3,8,5
"ZNF276","s1693_S_GON_01_ASEReadCounter.table","NW_015090842.1:10121760",2,3,1
"ZNF276","s1693_S_GON_01_ASEReadCounter.table","NW_015090842.1:10121769",2,2,0
"ZNF276","s1693_S_GON_01_ASEReadCounter.table","NW_015090842.1:10121802",1,2,1
"ZNF276","s1693_S_GON_01_ASEReadCounter.table","NW_015090842.1:10121971",8,13,5
"ZNF276","s1693_S_GON_01_ASEReadCounter.table","NW_015090842.1:10122161",15,15,0
"ZNF276","s1693_S_GON_01_ASEReadCounter.table","NW_015090842.1:10122164",15,15,0
"ZNF276","s1693_S_GON_01_ASEReadCounter.table","NW_015090842.1:10122184",15,15,0
"ZNF276","s1693_S_GON_01_ASEReadCounter.table","NW_015090842.1:10122883",4,9,5
"ZNF276","s1693_S_GON_01_ASEReadCounter.table","NW_015090842.1:10122997",3,9,6
"ZNF276","s1693_S_GON_01_ASEReadCounter.table","NW_015090842.1:10123069",9,15,6
"ZNF276","s1693_S_GON_01_ASEReadCounter.table","NW_015090842.1:10123207",12,29,17
"ZNF276","s1693_S_GON_01_ASEReadCounter.table","NW_015090842.1:10125787",9,28,19
"ZNF276","s1693_S_GON_01_ASEReadCounter.table","NW_015090842.1:10126309",14,37,23
"ZNF276","s1693_S_GON_01_ASEReadCounter.table","NW_015090842.1:10126348",16,35,19
"ZNF276","s1693_S_GON_01_ASEReadCounter.table","NW_015090842.1:10126978",14,39,25
"ZNF276","s1693_S_GON_01_ASEReadCounter.table","NW_015090842.1:10126991",13,34,21
"ZNF276","s1693_S_GON_01_ASEReadCounter.table","NW_015090842.1:10127023",14,33,19
"ZNF276","s1693_S_GON_01_ASEReadCounter.table","NW_015090842.1:10127063",15,34,19
"ZNF276","s1693_S_GON_01_ASEReadCounter.table","NW_015090842.1:10127373",19,38,19
"ZNF276","s1693_S_GON_01_ASEReadCounter.table","NW_015090842.1:10127931",20,40,20
"ZNF276","s1693_S_GON_01_ASEReadCounter.table","NW_015090842.1:10128070",18,44,26
"ZNF276","s1693_S_GON_01_ASEReadCounter.table","NW_015090842.1:10128102",18,41,23
"ZNF276","s1693_S_GON_01_ASEReadCounter.table","NW_015090842.1:10128356",12,30,18
"ZNF276","s1693_S_GON_01_ASEReadCounter.table","NW_015090842.1:10128497",4,15,11
"FANCA","s1693_S_GON_01_ASEReadCounter.table","NW_015090842.1:10128743",14,25,11
"FANCA","s1693_S_GON_01_ASEReadCounter.table","NW_015090842.1:10128822",12,31,19
"FANCA","s1693_S_GON_01_ASEReadCounter.table","NW_015090842.1:10129383",14,32,18
"FANCA","s1693_S_GON_01_ASEReadCounter.table","NW_015090842.1:10129390",12,28,16
"FANCA","s1693_S_GON_01_ASEReadCounter.table","NW_015090842.1:10129422",13,27,14
"FANCA","s1693_S_GON_01_ASEReadCounter.table","NW_015090842.1:10129969",13,25,12
"FANCA","s1693_S_GON_01_ASEReadCounter.table","NW_015090842.1:10130399",12,26,14
"FANCA","s1693_S_GON_01_ASEReadCounter.table","NW_015090842.1:10130857",14,25,11
"FANCA","s1693_S_GON_01_ASEReadCounter.table","NW_015090842.1:10130878",10,22,12
"FANCA","s1693_S_GON_01_ASEReadCounter.table","NW_015090842.1:10133530",8,16,8
"FANCA","s1693_S_GON_01_ASEReadCounter.table","NW_015090842.1:10133533",9,17,8
"FANCA","s1693_S_GON_01_ASEReadCounter.table","NW_015090842.1:10133536",9,16,7
"FANCA","s1693_S_GON_01_ASEReadCounter.table","NW_015090842.1:10133601",13,20,7
"FANCA","s1693_S_GON_01_ASEReadCounter.table","NW_015090842.1:10134492",10,20,10
"FANCA","s1693_S_GON_01_ASEReadCounter.table","NW_015090842.1:10136957",2,5,3
"FANCA","s1693_S_GON_01_ASEReadCounter.table","NW_015090842.1:10136982",5,10,5
"FANCA","s1693_S_GON_01_ASEReadCounter.table","NW_015090842.1:10136999",4,9,5
"FANCA","s1693_S_GON_01_ASEReadCounter.table","NW_015090842.1:10137019",7,12,5
"FANCA","s1693_S_GON_01_ASEReadCounter.table","NW_015090842.1:10137673",7,14,7
"FANCA","s1693_S_GON_01_ASEReadCounter.table","NW_015090842.1:10138618",4,8,4
"FANCA","s1693_S_GON_01_ASEReadCounter.table","NW_015090842.1:10139140",7,11,4
"FANCA","s1693_S_GON_01_ASEReadCounter.table","NW_015090842.1:10140699",7,10,3
"FANCA","s1693_S_GON_01_ASEReadCounter.table","NW_015090842.1:10141234",4,7,3
"FANCA","s1693_S_GON_01_ASEReadCounter.table","NW_015090842.1:10145030",8,11,3
"FANCA","s1693_S_GON_01_ASEReadCounter.table","NW_015090842.1:10150518",2,5,3
"FANCA","s1693_S_GON_01_ASEReadCounter.table","NW_015090842.1:10152863",4,4,0
"FANCA","s1693_S_GON_01_ASEReadCounter.table","NW_015090842.1:10154490",2,5,3
"FANCA","s1693_S_GON_01_ASEReadCounter.table","NW_015090842.1:10158162",1,9,8
"FANCA","s1693_S_GON_01_ASEReadCounter.table","NW_015090842.1:10158957",1,6,5
"FANCA","s1693_S_GON_01_ASEReadCounter.table","NW_015090842.1:10160177",3,7,4
"FANCA","s1693_S_GON_01_ASEReadCounter.table","NW_015090842.1:10163667",6,6,0
"FANCA","s1693_S_GON_01_ASEReadCounter.table","NW_015090842.1:10164257",4,5,1
"FANCA","s1693_S_GON_01_ASEReadCounter.table","NW_015090842.1:10165331",7,8,1
"SPIRE2","s1693_S_GON_01_ASEReadCounter.table","NW_015090842.1:10175262",2,2,0
"SPIRE2","s1693_S_GON_01_ASEReadCounter.table","NW_015090842.1:10175352",2,2,0
"SPIRE2","s1693_S_GON_01_ASEReadCounter.table","NW_015090842.1:10175400",6,6,0
"SPIRE2","s1693_S_GON_01_ASEReadCounter.table","NW_015090842.1:10175418",7,7,0
"SPIRE2","s1693_S_GON_01_ASEReadCounter.table","NW_015090842.1:10175704",9,10,1
"SPIRE2","s1693_S_GON_01_ASEReadCounter.table","NW_015090842.1:10176115",4,5,1
"SPIRE2","s1693_S_GON_01_ASEReadCounter.table","NW_015090842.1:10176561",7,7,0
"SPIRE2","s1693_S_GON_01_ASEReadCounter.table","NW_015090842.1:10176817",13,13,0
"SPIRE2","s1693_S_GON_01_ASEReadCounter.table","NW_015090842.1:10177084",8,8,0
"SPIRE2","s1693_S_GON_01_ASEReadCounter.table","NW_015090842.1:10177838",8,9,1
"SPIRE2","s1693_S_GON_01_ASEReadCounter.table","NW_015090842.1:10178000",11,12,1
"SPIRE2","s1693_S_GON_01_ASEReadCounter.table","NW_015090842.1:10178164",9,10,1
"SPIRE2","s1693_S_GON_01_ASEReadCounter.table","NW_015090842.1:10178216",7,8,1
"SPIRE2","s1693_S_GON_01_ASEReadCounter.table","NW_015090842.1:10178303",12,13,1
"SPIRE2","s1693_S_GON_01_ASEReadCounter.table","NW_015090842.1:10178403",4,6,2
"SPIRE2","s1693_S_GON_01_ASEReadCounter.table","NW_015090842.1:10178409",4,6,2
"SPIRE2","s1693_S_GON_01_ASEReadCounter.table","NW_015090842.1:10178524",3,5,2
"SPIRE2","s1693_S_GON_01_ASEReadCounter.table","NW_015090842.1:10178526",3,5,2
"SPIRE2","s1693_S_GON_01_ASEReadCounter.table","NW_015090842.1:10178531",3,5,2
"SPIRE2","s1693_S_GON_01_ASEReadCounter.table","NW_015090842.1:10178565",3,6,3
"SPIRE2","s1693_S_GON_01_ASEReadCounter.table","NW_015090842.1:10178587",3,5,2
"SPIRE2","s1693_S_GON_01_ASEReadCounter.table","NW_015090842.1:10178640",2,3,1
"SPIRE2","s1693_S_GON_01_ASEReadCounter.table","NW_015090842.1:10178651",2,3,1
"SPIRE2","s1693_S_GON_01_ASEReadCounter.table","NW_015090842.1:10178682",1,2,1
"TCF25","s1693_S_GON_01_ASEReadCounter.table","NW_015090842.1:10180912",31,85,54
"TCF25","s1693_S_GON_01_ASEReadCounter.table","NW_015090842.1:10180924",31,81,50
"TCF25","s1693_S_GON_01_ASEReadCounter.table","NW_015090842.1:10180931",31,84,53
"TCF25","s1693_S_GON_01_ASEReadCounter.table","NW_015090842.1:10185332",101,242,141
"TCF25","s1693_S_GON_01_ASEReadCounter.table","NW_015090842.1:10196561",70,152,82
"TCF25","s1693_S_GON_01_ASEReadCounter.table","NW_015090842.1:10197399",209,209,0
"MC1R","s1693_S_GON_01_ASEReadCounter.table","NW_015090842.1:10201853",2,2,0
"TUBB3","s1693_S_GON_01_ASEReadCounter.table","NW_015090842.1:10205322",0,1,1
"GAS8","s1693_S_GON_01_ASEReadCounter.table","NW_015090842.1:10228982",368,764,396
"GAS8","s1693_S_GON_01_ASEReadCounter.table","NW_015090842.1:10229832",304,622,318
"GAS8","s1693_S_GON_01_ASEReadCounter.table","NW_015090842.1:10232901",247,510,263
"GAS8","s1693_S_GON_01_ASEReadCounter.table","NW_015090842.1:10232928",214,436,222
"GAS8","s1693_S_GON_01_ASEReadCounter.table","NW_015090842.1:10232967",180,381,201
"GAS8","s1693_S_GON_01_ASEReadCounter.table","NW_015090842.1:10233032",105,234,129
"GAS8","s1693_S_GON_01_ASEReadCounter.table","NW_015090842.1:10233057",79,177,98
"GAS8","s1693_S_GON_01_ASEReadCounter.table","NW_015090842.1:10233058",82,186,104
"GAS8","s1693_S_GON_01_ASEReadCounter.table","NW_015090842.1:10233176",89,181,92
"GAS8","s1693_S_GON_01_ASEReadCounter.table","NW_015090842.1:10233196",90,177,87
"GAS8","s1693_S_GON_01_ASEReadCounter.table","NW_015090842.1:10233252",68,121,53
"GAS8","s1693_S_GON_01_ASEReadCounter.table","NW_015090842.1:10233303",32,54,22
"LOC106888094","s1693_S_GON_01_ASEReadCounter.table","NW_015090842.1:10233334",4,10,6
"LOC106888094","s1693_S_GON_01_ASEReadCounter.table","NW_015090842.1:10233362",6,17,11
"LOC106888094","s1693_S_GON_01_ASEReadCounter.table","NW_015090842.1:10233373",7,19,12
"LOC106888094","s1693_S_GON_01_ASEReadCounter.table","NW_015090842.1:10233388",8,20,12
"LOC106888094","s1693_S_GON_01_ASEReadCounter.table","NW_015090842.1:10233402",8,21,13
"LOC106888094","s1693_S_GON_01_ASEReadCounter.table","NW_015090842.1:10233465",8,35,27
"LOC106888094","s1693_S_GON_01_ASEReadCounter.table","NW_015090842.1:10233803",24,53,29
"LOC106888094","s1693_S_GON_01_ASEReadCounter.table","NW_015090842.1:10233815",19,51,32
"LOC106888094","s1693_S_GON_01_ASEReadCounter.table","NW_015090842.1:10235484",17,23,6
"LOC106888094","s1693_S_GON_01_ASEReadCounter.table","NW_015090842.1:10235611",15,23,8
"LOC106888094","s1693_S_GON_01_ASEReadCounter.table","NW_015090842.1:10235977",10,10,0
"LOC106888094","s1693_S_GON_01_ASEReadCounter.table","NW_015090842.1:10236098",9,12,3
"LOC106888094","s1693_S_GON_01_ASEReadCounter.table","NW_015090842.1:10236161",5,7,2
"LOC106888094","s1693_S_GON_01_ASEReadCounter.table","NW_015090842.1:10236380",3,8,5
"LOC106888094","s1693_S_GON_01_ASEReadCounter.table","NW_015090842.1:10236388",4,9,5
"LOC106888094","s1693_S_GON_01_ASEReadCounter.table","NW_015090842.1:10236425",5,8,3
"LOC106888094","s1693_S_GON_01_ASEReadCounter.table","NW_015090842.1:10236426",5,8,3
"LOC106888094","s1693_S_GON_01_ASEReadCounter.table","NW_015090842.1:10236603",4,7,3
"LOC106888173","s1693_S_GON_01_ASEReadCounter.table","NW_015090842.1:10239596",0,1,1
"LOC106888173","s1693_S_GON_01_ASEReadCounter.table","NW_015090842.1:10240036",4,4,0
"LOC106888173","s1693_S_GON_01_ASEReadCounter.table","NW_015090842.1:10240095",4,4,0
"LOC106888173","s1693_S_GON_01_ASEReadCounter.table","NW_015090842.1:10240280",2,4,2
"LOC106888173","s1693_S_GON_01_ASEReadCounter.table","NW_015090842.1:10240557",5,7,2
"LOC106888173","s1693_S_GON_01_ASEReadCounter.table","NW_015090842.1:10240603",4,8,4
"LOC106888173","s1693_S_GON_01_ASEReadCounter.table","NW_015090842.1:10240609",4,8,4
"LOC106888173","s1693_S_GON_01_ASEReadCounter.table","NW_015090842.1:10240924",3,4,1
"LOC106888173","s1693_S_GON_01_ASEReadCounter.table","NW_015090842.1:10241037",3,5,2
"LOC106888173","s1693_S_GON_01_ASEReadCounter.table","NW_015090842.1:10241046",3,5,2
"LOC106888173","s1693_S_GON_01_ASEReadCounter.table","NW_015090842.1:10241058",3,6,3
"LOC106888173","s1693_S_GON_01_ASEReadCounter.table","NW_015090842.1:10241064",3,6,3
"LOC106888173","s1693_S_GON_01_ASEReadCounter.table","NW_015090842.1:10241163",3,7,4
"LOC106888173","s1693_S_GON_01_ASEReadCounter.table","NW_015090842.1:10241803",6,9,3
"LOC106888173","s1693_S_GON_01_ASEReadCounter.table","NW_015090842.1:10241827",5,8,3
"LOC106888173","s1693_S_GON_01_ASEReadCounter.table","NW_015090842.1:10241869",4,9,5
"LOC106888173","s1693_S_GON_01_ASEReadCounter.table","NW_015090842.1:10242079",7,12,5
"LOC106888173","s1693_S_GON_01_ASEReadCounter.table","NW_015090842.1:10242103",7,12,5
"LOC106888173","s1693_S_GON_01_ASEReadCounter.table","NW_015090842.1:10242157",7,9,2
"LOC106888173","s1693_S_GON_01_ASEReadCounter.table","NW_015090842.1:10242455",6,12,6
"LOC106888173","s1693_S_GON_01_ASEReadCounter.table","NW_015090842.1:10242481",8,15,7
"LOC106888173","s1693_S_GON_01_ASEReadCounter.table","NW_015090842.1:10242590",6,9,3
"LOC106888173","s1693_S_GON_01_ASEReadCounter.table","NW_015090842.1:10242794",9,11,2
"LOC106888173","s1693_S_GON_01_ASEReadCounter.table","NW_015090842.1:10242909",9,14,5
"LOC106888173","s1693_S_GON_01_ASEReadCounter.table","NW_015090842.1:10243094",8,11,3
"LOC106888173","s1693_S_GON_01_ASEReadCounter.table","NW_015090842.1:10243133",8,9,1
"LOC106888173","s1693_S_GON_01_ASEReadCounter.table","NW_015090842.1:10243273",14,18,4
"LOC106888173","s1693_S_GON_01_ASEReadCounter.table","NW_015090842.1:10243278",15,19,4
"LOC106888173","s1693_S_GON_01_ASEReadCounter.table","NW_015090842.1:10243281",14,18,4
"LOC106888173","s1693_S_GON_01_ASEReadCounter.table","NW_015090842.1:10243347",6,6,0
"LOC106888173","s1693_S_GON_01_ASEReadCounter.table","NW_015090842.1:10243353",6,6,0
"LOC106888173","s1693_S_GON_01_ASEReadCounter.table","NW_015090842.1:10243363",4,4,0
"LOC106888173","s1693_S_GON_01_ASEReadCounter.table","NW_015090842.1:10243365",4,4,0
"LOC106888173","s1693_S_GON_01_ASEReadCounter.table","NW_015090842.1:10243529",6,7,1
"LOC106888173","s1693_S_GON_01_ASEReadCounter.table","NW_015090842.1:10243566",12,14,2
"LOC106888173","s1693_S_GON_01_ASEReadCounter.table","NW_015090842.1:10243605",11,14,3
"LOC106888173","s1693_S_GON_01_ASEReadCounter.table","NW_015090842.1:10243614",10,13,3
"LOC106888173","s1693_S_GON_01_ASEReadCounter.table","NW_015090842.1:10243615",10,13,3
"LOC106888173","s1693_S_GON_01_ASEReadCounter.table","NW_015090842.1:10243640",9,11,2
"LOC106888173","s1693_S_GON_01_ASEReadCounter.table","NW_015090842.1:10243680",4,5,1
"LOC106888173","s1693_S_GON_01_ASEReadCounter.table","NW_015090842.1:10243742",8,10,2
"LOC106888173","s1693_S_GON_01_ASEReadCounter.table","NW_015090842.1:10243804",7,10,3
"LOC106888173","s1693_S_GON_01_ASEReadCounter.table","NW_015090842.1:10243913",4,4,0
"LOC106888173","s1693_S_GON_01_ASEReadCounter.table","NW_015090842.1:10243921",4,4,0
"LOC106888384","s1693_S_GON_01_ASEReadCounter.table","NW_015090842.1:10244714",1,1,0
"LOC106888384","s1693_S_GON_01_ASEReadCounter.table","NW_015090842.1:10244998",0,3,3
"LOC106888384","s1693_S_GON_01_ASEReadCounter.table","NW_015090842.1:10250743",2,9,7
"LOC106888384","s1693_S_GON_01_ASEReadCounter.table","NW_015090842.1:10250771",2,7,5
"LOC106888384","s1693_S_GON_01_ASEReadCounter.table","NW_015090842.1:10251343",2,2,0
"LOC106888384","s1693_S_GON_01_ASEReadCounter.table","NW_015090842.1:10251344",2,2,0
"LOC106888384","s1693_S_GON_01_ASEReadCounter.table","NW_015090842.1:10251349",2,2,0
"LOC106888384","s1693_S_GON_01_ASEReadCounter.table","NW_015090842.1:10251354",2,2,0
"LOC106888384","s1693_S_GON_01_ASEReadCounter.table","NW_015090842.1:10251358",2,2,0
"LOC106888384","s1693_S_GON_01_ASEReadCounter.table","NW_015090842.1:10251369",0,2,2
"LOC106888384","s1693_S_GON_01_ASEReadCounter.table","NW_015090842.1:10251370",2,2,0
"LOC106888384","s1693_S_GON_01_ASEReadCounter.table","NW_015090842.1:10251375",1,1,0
"LOC106888384","s1693_S_GON_01_ASEReadCounter.table","NW_015090842.1:10253165",1,2,1
"LOC106888384","s1693_S_GON_01_ASEReadCounter.table","NW_015090842.1:10253284",1,6,5
"LOC106888384","s1693_S_GON_01_ASEReadCounter.table","NW_015090842.1:10253605",5,5,0
"LOC106888384","s1693_S_GON_01_ASEReadCounter.table","NW_015090842.1:10254028",1,2,1
"LOC106888384","s1693_S_GON_01_ASEReadCounter.table","NW_015090842.1:10254227",1,2,1
"LOC106888384","s1693_S_GON_01_ASEReadCounter.table","NW_015090842.1:10254233",1,2,1
"LOC106888384","s1693_S_GON_01_ASEReadCounter.table","NW_015090842.1:10254263",1,2,1
"LOC106888384","s1693_S_GON_01_ASEReadCounter.table","NW_015090842.1:10254293",2,3,1
"LOC106888384","s1693_S_GON_01_ASEReadCounter.table","NW_015090842.1:10254570",2,2,0
"LOC106888384","s1693_S_GON_01_ASEReadCounter.table","NW_015090842.1:10254647",1,1,0
"LOC106888384","s1693_S_GON_01_ASEReadCounter.table","NW_015090842.1:10254840",0,1,1
"LOC106888384","s1693_S_GON_01_ASEReadCounter.table","NW_015090842.1:10254854",1,1,0
"LOC106888384","s1693_S_GON_01_ASEReadCounter.table","NW_015090842.1:10254891",3,3,0
"LOC106888384","s1693_S_GON_01_ASEReadCounter.table","NW_015090842.1:10254900",0,2,2
"LOC106888384","s1693_S_GON_01_ASEReadCounter.table","NW_015090842.1:10254915",0,2,2
"LOC106888384","s1693_S_GON_01_ASEReadCounter.table","NW_015090842.1:10254965",2,2,0
"LOC106888384","s1693_S_GON_01_ASEReadCounter.table","NW_015090842.1:10254975",0,2,2
"LOC106888384","s1693_S_GON_01_ASEReadCounter.table","NW_015090842.1:10255077",1,2,1
"LOC106888384","s1693_S_GON_01_ASEReadCounter.table","NW_015090842.1:10255211",1,1,0
"LOC106888384","s1693_S_GON_01_ASEReadCounter.table","NW_015090842.1:10255262",2,2,0
"LOC106888384","s1693_S_GON_01_ASEReadCounter.table","NW_015090842.1:10255264",2,2,0
"LOC106888384","s1693_S_GON_01_ASEReadCounter.table","NW_015090842.1:10255306",2,4,2
"LOC106888384","s1693_S_GON_01_ASEReadCounter.table","NW_015090842.1:10255340",1,4,3
"LOC106888384","s1693_S_GON_01_ASEReadCounter.table","NW_015090842.1:10255410",1,4,3
"LOC106888384","s1693_S_GON_01_ASEReadCounter.table","NW_015090842.1:10255449",1,4,3
"LOC106888384","s1693_S_GON_01_ASEReadCounter.table","NW_015090842.1:10255496",2,7,5
"LOC106888384","s1693_S_GON_01_ASEReadCounter.table","NW_015090842.1:10255505",2,7,5
"LOC106888384","s1693_S_GON_01_ASEReadCounter.table","NW_015090842.1:10255531",1,6,5
"LOC106888384","s1693_S_GON_01_ASEReadCounter.table","NW_015090842.1:10255608",7,15,8
"LOC106888384","s1693_S_GON_01_ASEReadCounter.table","NW_015090842.1:10255614",7,18,11
"LOC106888384","s1693_S_GON_01_ASEReadCounter.table","NW_015090842.1:10255704",149,165,16
"LOC106888384","s1693_S_GON_01_ASEReadCounter.table","NW_015090842.1:10255731",168,181,13
"LOC106888384","s1693_S_GON_01_ASEReadCounter.table","NW_015090842.1:10255771",141,159,18
"TANGO6","s1693_S_GON_01_ASEReadCounter.table","NW_015090842.1:10257782",58,77,19
"TANGO6","s1693_S_GON_01_ASEReadCounter.table","NW_015090842.1:10258162",18,51,33
"TANGO6","s1693_S_GON_01_ASEReadCounter.table","NW_015090842.1:10258185",19,53,34
"TANGO6","s1693_S_GON_01_ASEReadCounter.table","NW_015090842.1:10259267",28,55,27
"TANGO6","s1693_S_GON_01_ASEReadCounter.table","NW_015090842.1:10260250",91,151,60
"TANGO6","s1693_S_GON_01_ASEReadCounter.table","NW_015090842.1:10260979",45,92,47
"TANGO6","s1693_S_GON_01_ASEReadCounter.table","NW_015090842.1:10261599",48,101,53
"TANGO6","s1693_S_GON_01_ASEReadCounter.table","NW_015090842.1:10268425",90,151,61
"TANGO6","s1693_S_GON_01_ASEReadCounter.table","NW_015090842.1:10269831",63,126,63
"TANGO6","s1693_S_GON_01_ASEReadCounter.table","NW_015090842.1:10270813",57,116,59
"TANGO6","s1693_S_GON_01_ASEReadCounter.table","NW_015090842.1:10273952",13,17,4
"TANGO6","s1693_S_GON_01_ASEReadCounter.table","NW_015090842.1:10273970",18,22,4
"TANGO6","s1693_S_GON_01_ASEReadCounter.table","NW_015090842.1:10274018",12,15,3
"TANGO6","s1693_S_GON_01_ASEReadCounter.table","NW_015090842.1:10275974",17,24,7
"TANGO6","s1693_S_GON_01_ASEReadCounter.table","NW_015090842.1:10275976",17,24,7
"TANGO6","s1693_S_GON_01_ASEReadCounter.table","NW_015090842.1:10276123",15,21,6
"TANGO6","s1693_S_GON_01_ASEReadCounter.table","NW_015090842.1:10276271",13,19,6
"TANGO6","s1693_S_GON_01_ASEReadCounter.table","NW_015090842.1:10276272",12,18,6
"TANGO6","s1693_S_GON_01_ASEReadCounter.table","NW_015090842.1:10276275",12,17,5
"TANGO6","s1693_S_GON_01_ASEReadCounter.table","NW_015090842.1:10276278",12,18,6
"TANGO6","s1693_S_GON_01_ASEReadCounter.table","NW_015090842.1:10276368",7,14,7
"TANGO6","s1693_S_GON_01_ASEReadCounter.table","NW_015090842.1:10276373",5,13,8
"TANGO6","s1693_S_GON_01_ASEReadCounter.table","NW_015090842.1:10276630",12,20,8
"TANGO6","s1693_S_GON_01_ASEReadCounter.table","NW_015090842.1:10281498",19,29,10
"TANGO6","s1693_S_GON_01_ASEReadCounter.table","NW_015090842.1:10282842",14,23,9
"TANGO6","s1693_S_GON_01_ASEReadCounter.table","NW_015090842.1:10282863",13,22,9
"TANGO6","s1693_S_GON_01_ASEReadCounter.table","NW_015090842.1:10282869",14,21,7
"TANGO6","s1693_S_GON_01_ASEReadCounter.table","NW_015090842.1:10282903",16,26,10
"TANGO6","s1693_S_GON_01_ASEReadCounter.table","NW_015090842.1:10283757",13,27,14
"TANGO6","s1693_S_GON_01_ASEReadCounter.table","NW_015090842.1:10283785",13,26,13
"HAS3","s1693_S_GON_01_ASEReadCounter.table","NW_015090842.1:10288093",0,1,1
"HAS3","s1693_S_GON_01_ASEReadCounter.table","NW_015090842.1:10288266",0,5,5
"HAS3","s1693_S_GON_01_ASEReadCounter.table","NW_015090842.1:10288274",0,5,5
"HAS3","s1693_S_GON_01_ASEReadCounter.table","NW_015090842.1:10288364",0,5,5
"HAS3","s1693_S_GON_01_ASEReadCounter.table","NW_015090842.1:10288405",0,8,8
"HAS3","s1693_S_GON_01_ASEReadCounter.table","NW_015090842.1:10289469",0,2,2
"HAS3","s1693_S_GON_01_ASEReadCounter.table","NW_015090842.1:10289708",2,3,1
"HAS3","s1693_S_GON_01_ASEReadCounter.table","NW_015090842.1:10290375",1,7,6
"HAS3","s1693_S_GON_01_ASEReadCounter.table","NW_015090842.1:10290395",0,8,8
"HAS3","s1693_S_GON_01_ASEReadCounter.table","NW_015090842.1:10290561",1,6,5
"HAS3","s1693_S_GON_01_ASEReadCounter.table","NW_015090842.1:10290609",0,5,5
"HAS3","s1693_S_GON_01_ASEReadCounter.table","NW_015090842.1:10290666",0,4,4
"HAS3","s1693_S_GON_01_ASEReadCounter.table","NW_015090842.1:10290723",0,3,3
"HAS3","s1693_S_GON_01_ASEReadCounter.table","NW_015090842.1:10290927",4,7,3
"HAS3","s1693_S_GON_01_ASEReadCounter.table","NW_015090842.1:10291004",1,7,6
"CHTF8","s1693_S_GON_01_ASEReadCounter.table","NW_015090842.1:10291319",11,17,6
"CHTF8","s1693_S_GON_01_ASEReadCounter.table","NW_015090842.1:10291342",15,24,9
"CHTF8","s1693_S_GON_01_ASEReadCounter.table","NW_015090842.1:10291491",44,74,30
"CHTF8","s1693_S_GON_01_ASEReadCounter.table","NW_015090842.1:10291520",47,91,44
"CHTF8","s1693_S_GON_01_ASEReadCounter.table","NW_015090842.1:10291593",51,102,51
"CHTF8","s1693_S_GON_01_ASEReadCounter.table","NW_015090842.1:10291600",47,96,49
"CHTF8","s1693_S_GON_01_ASEReadCounter.table","NW_015090842.1:10291609",48,95,47
"CHTF8","s1693_S_GON_01_ASEReadCounter.table","NW_015090842.1:10291639",50,98,48
"CHTF8","s1693_S_GON_01_ASEReadCounter.table","NW_015090842.1:10291641",48,96,48
"CHTF8","s1693_S_GON_01_ASEReadCounter.table","NW_015090842.1:10291648",58,107,49
"CHTF8","s1693_S_GON_01_ASEReadCounter.table","NW_015090842.1:10291656",64,110,46
"CHTF8","s1693_S_GON_01_ASEReadCounter.table","NW_015090842.1:10291675",63,108,45
"CHTF8","s1693_S_GON_01_ASEReadCounter.table","NW_015090842.1:10291696",59,101,42
"CHTF8","s1693_S_GON_01_ASEReadCounter.table","NW_015090842.1:10291714",55,97,42
"CHTF8","s1693_S_GON_01_ASEReadCounter.table","NW_015090842.1:10291732",65,118,53
"CHTF8","s1693_S_GON_01_ASEReadCounter.table","NW_015090842.1:10291755",54,113,59
"CHTF8","s1693_S_GON_01_ASEReadCounter.table","NW_015090842.1:10291756",55,109,54
"CHTF8","s1693_S_GON_01_ASEReadCounter.table","NW_015090842.1:10291758",54,111,57
"CHTF8","s1693_S_GON_01_ASEReadCounter.table","NW_015090842.1:10291792",63,117,54
"CHTF8","s1693_S_GON_01_ASEReadCounter.table","NW_015090842.1:10291895",73,112,39
"CHTF8","s1693_S_GON_01_ASEReadCounter.table","NW_015090842.1:10292132",59,101,42
"CHTF8","s1693_S_GON_01_ASEReadCounter.table","NW_015090842.1:10292314",67,113,46
"CHTF8","s1693_S_GON_01_ASEReadCounter.table","NW_015090842.1:10292317",68,118,50
"CHTF8","s1693_S_GON_01_ASEReadCounter.table","NW_015090842.1:10292928",12,21,9
"UTP4","s1693_S_GON_01_ASEReadCounter.table","NW_015090842.1:10293146",4,14,10
"UTP4","s1693_S_GON_01_ASEReadCounter.table","NW_015090842.1:10293151",4,13,9
"UTP4","s1693_S_GON_01_ASEReadCounter.table","NW_015090842.1:10293191",4,8,4
"UTP4","s1693_S_GON_01_ASEReadCounter.table","NW_015090842.1:10293362",7,21,14
"UTP4","s1693_S_GON_01_ASEReadCounter.table","NW_015090842.1:10293430",9,21,12
"UTP4","s1693_S_GON_01_ASEReadCounter.table","NW_015090842.1:10293625",8,16,8
"UTP4","s1693_S_GON_01_ASEReadCounter.table","NW_015090842.1:10293684",13,22,9
"UTP4","s1693_S_GON_01_ASEReadCounter.table","NW_015090842.1:10294093",11,19,8
"UTP4","s1693_S_GON_01_ASEReadCounter.table","NW_015090842.1:10294568",10,20,10
"UTP4","s1693_S_GON_01_ASEReadCounter.table","NW_015090842.1:10294622",12,20,8
"UTP4","s1693_S_GON_01_ASEReadCounter.table","NW_015090842.1:10294632",13,23,10
"UTP4","s1693_S_GON_01_ASEReadCounter.table","NW_015090842.1:10295238",10,15,5
"UTP4","s1693_S_GON_01_ASEReadCounter.table","NW_015090842.1:10295880",15,24,9
"UTP4","s1693_S_GON_01_ASEReadCounter.table","NW_015090842.1:10295884",15,25,10
"UTP4","s1693_S_GON_01_ASEReadCounter.table","NW_015090842.1:10295903",15,25,10
"UTP4","s1693_S_GON_01_ASEReadCounter.table","NW_015090842.1:10295906",12,23,11
"UTP4","s1693_S_GON_01_ASEReadCounter.table","NW_015090842.1:10295915",11,20,9
"UTP4","s1693_S_GON_01_ASEReadCounter.table","NW_015090842.1:10295938",10,21,11
"UTP4","s1693_S_GON_01_ASEReadCounter.table","NW_015090842.1:10296175",9,25,16
"UTP4","s1693_S_GON_01_ASEReadCounter.table","NW_015090842.1:10296660",12,17,5
"UTP4","s1693_S_GON_01_ASEReadCounter.table","NW_015090842.1:10296679",9,18,9
"UTP4","s1693_S_GON_01_ASEReadCounter.table","NW_015090842.1:10297193",7,25,18
"UTP4","s1693_S_GON_01_ASEReadCounter.table","NW_015090842.1:10297220",10,29,19
"UTP4","s1693_S_GON_01_ASEReadCounter.table","NW_015090842.1:10297307",16,29,13
"UTP4","s1693_S_GON_01_ASEReadCounter.table","NW_015090842.1:10297558",11,29,18
"UTP4","s1693_S_GON_01_ASEReadCounter.table","NW_015090842.1:10297943",16,34,18
"UTP4","s1693_S_GON_01_ASEReadCounter.table","NW_015090842.1:10297979",12,28,16
"UTP4","s1693_S_GON_01_ASEReadCounter.table","NW_015090842.1:10298022",8,21,13
"UTP4","s1693_S_GON_01_ASEReadCounter.table","NW_015090842.1:10298079",3,11,8
"UTP4","s1693_S_GON_01_ASEReadCounter.table","NW_015090842.1:10298081",3,11,8
"UTP4","s1693_S_GON_01_ASEReadCounter.table","NW_015090842.1:10298082",3,11,8
"SNTB2","s1693_S_GON_01_ASEReadCounter.table","NW_015090842.1:10298905",3,4,1
"SNTB2","s1693_S_GON_01_ASEReadCounter.table","NW_015090842.1:10298928",3,6,3
"SNTB2","s1693_S_GON_01_ASEReadCounter.table","NW_015090842.1:10303506",7,22,15
"SNTB2","s1693_S_GON_01_ASEReadCounter.table","NW_015090842.1:10303524",5,20,15
"SNTB2","s1693_S_GON_01_ASEReadCounter.table","NW_015090842.1:10304059",7,16,9
"SNTB2","s1693_S_GON_01_ASEReadCounter.table","NW_015090842.1:10304089",7,15,8
"SNTB2","s1693_S_GON_01_ASEReadCounter.table","NW_015090842.1:10304167",14,24,10
"SNTB2","s1693_S_GON_01_ASEReadCounter.table","NW_015090842.1:10304176",13,24,11
"SNTB2","s1693_S_GON_01_ASEReadCounter.table","NW_015090842.1:10305069",11,21,10
"SNTB2","s1693_S_GON_01_ASEReadCounter.table","NW_015090842.1:10305099",13,23,10
"SNTB2","s1693_S_GON_01_ASEReadCounter.table","NW_015090842.1:10305451",18,21,3
"SNTB2","s1693_S_GON_01_ASEReadCounter.table","NW_015090842.1:10305547",9,20,11
"SNTB2","s1693_S_GON_01_ASEReadCounter.table","NW_015090842.1:10305847",7,12,5
"SNTB2","s1693_S_GON_01_ASEReadCounter.table","NW_015090842.1:10305911",14,22,8
"SNTB2","s1693_S_GON_01_ASEReadCounter.table","NW_015090842.1:10306173",9,23,14
"SNTB2","s1693_S_GON_01_ASEReadCounter.table","NW_015090842.1:10306275",12,25,13
"SNTB2","s1693_S_GON_01_ASEReadCounter.table","NW_015090842.1:10306457",11,23,12
"SNTB2","s1693_S_GON_01_ASEReadCounter.table","NW_015090842.1:10306496",9,19,10
"SNTB2","s1693_S_GON_01_ASEReadCounter.table","NW_015090842.1:10306499",6,15,9
"VPS4A","s1693_S_GON_01_ASEReadCounter.table","NW_015090842.1:10308566",60,214,154
"VPS4A","s1693_S_GON_01_ASEReadCounter.table","NW_015090842.1:10308573",69,226,157
"VPS4A","s1693_S_GON_01_ASEReadCounter.table","NW_015090842.1:10308856",94,329,235
"VPS4A","s1693_S_GON_01_ASEReadCounter.table","NW_015090842.1:10309056",130,372,242
"VPS4A","s1693_S_GON_01_ASEReadCounter.table","NW_015090842.1:10309089",137,372,235
"VPS4A","s1693_S_GON_01_ASEReadCounter.table","NW_015090842.1:10309392",125,362,237
"VPS4A","s1693_S_GON_01_ASEReadCounter.table","NW_015090842.1:10309413",136,397,261
"VPS4A","s1693_S_GON_01_ASEReadCounter.table","NW_015090842.1:10309467",138,444,306
"VPS4A","s1693_S_GON_01_ASEReadCounter.table","NW_015090842.1:10310230",151,461,310
"VPS4A","s1693_S_GON_01_ASEReadCounter.table","NW_015090842.1:10310425",157,430,273
"VPS4A","s1693_S_GON_01_ASEReadCounter.table","NW_015090842.1:10310639",180,461,281
"VPS4A","s1693_S_GON_01_ASEReadCounter.table","NW_015090842.1:10310640",455,455,0
"VPS4A","s1693_S_GON_01_ASEReadCounter.table","NW_015090842.1:10310687",174,472,298
"VPS4A","s1693_S_GON_01_ASEReadCounter.table","NW_015090842.1:10310734",122,370,248
"VPS4A","s1693_S_GON_01_ASEReadCounter.table","NW_015090842.1:10310737",124,373,249
"VPS4A","s1693_S_GON_01_ASEReadCounter.table","NW_015090842.1:10310746",122,375,253
"VPS4A","s1693_S_GON_01_ASEReadCounter.table","NW_015090842.1:10310767",120,363,243
"VPS4A","s1693_S_GON_01_ASEReadCounter.table","NW_015090842.1:10310995",129,401,272
"VPS4A","s1693_S_GON_01_ASEReadCounter.table","NW_015090842.1:10311004",132,389,257
"VPS4A","s1693_S_GON_01_ASEReadCounter.table","NW_015090842.1:10311007",128,395,267
"VPS4A","s1693_S_GON_01_ASEReadCounter.table","NW_015090842.1:10311013",144,412,268
"VPS4A","s1693_S_GON_01_ASEReadCounter.table","NW_015090842.1:10311022",143,411,268
"VPS4A","s1693_S_GON_01_ASEReadCounter.table","NW_015090842.1:10311023",143,409,266
"VPS4A","s1693_S_GON_01_ASEReadCounter.table","NW_015090842.1:10311426",139,427,288
"VPS4A","s1693_S_GON_01_ASEReadCounter.table","NW_015090842.1:10311489",1,17,16
"VPS4A","s1693_S_GON_01_ASEReadCounter.table","NW_015090842.1:10311490",1,12,11
"VPS4A","s1693_S_GON_01_ASEReadCounter.table","NW_015090842.1:10311525",5,16,11
"VPS4A","s1693_S_GON_01_ASEReadCounter.table","NW_015090842.1:10311529",6,24,18
"VPS4A","s1693_S_GON_01_ASEReadCounter.table","NW_015090842.1:10311530",6,25,19
"VPS4A","s1693_S_GON_01_ASEReadCounter.table","NW_015090842.1:10311552",28,61,33
"VPS4A","s1693_S_GON_01_ASEReadCounter.table","NW_015090842.1:10311689",16,57,41
"VPS4A","s1693_S_GON_01_ASEReadCounter.table","NW_015090842.1:10311700",24,66,42
"VPS4A","s1693_S_GON_01_ASEReadCounter.table","NW_015090842.1:10311701",24,68,44
"VPS4A","s1693_S_GON_01_ASEReadCounter.table","NW_015090842.1:10311703",24,68,44
"COG8","s1693_S_GON_01_ASEReadCounter.table","NW_015090842.1:10313487",11,33,22
"COG8","s1693_S_GON_01_ASEReadCounter.table","NW_015090842.1:10313559",22,42,20
"COG8","s1693_S_GON_01_ASEReadCounter.table","NW_015090842.1:10313579",18,40,22
"COG8","s1693_S_GON_01_ASEReadCounter.table","NW_015090842.1:10313665",14,33,19
"COG8","s1693_S_GON_01_ASEReadCounter.table","NW_015090842.1:10313681",16,34,18
"COG8","s1693_S_GON_01_ASEReadCounter.table","NW_015090842.1:10313768",13,36,23
"COG8","s1693_S_GON_01_ASEReadCounter.table","NW_015090842.1:10313775",13,39,26
"COG8","s1693_S_GON_01_ASEReadCounter.table","NW_015090842.1:10313811",9,27,18
"COG8","s1693_S_GON_01_ASEReadCounter.table","NW_015090842.1:10313858",5,25,20
"COG8","s1693_S_GON_01_ASEReadCounter.table","NW_015090842.1:10313859",25,25,0
"COG8","s1693_S_GON_01_ASEReadCounter.table","NW_015090842.1:10314100",16,53,37
"COG8","s1693_S_GON_01_ASEReadCounter.table","NW_015090842.1:10314213",22,60,38
"COG8","s1693_S_GON_01_ASEReadCounter.table","NW_015090842.1:10315093",22,51,29
"COG8","s1693_S_GON_01_ASEReadCounter.table","NW_015090842.1:10315162",19,48,29
"COG8","s1693_S_GON_01_ASEReadCounter.table","NW_015090842.1:10315285",23,49,26
"COG8","s1693_S_GON_01_ASEReadCounter.table","NW_015090842.1:10315360",15,30,15
"COG8","s1693_S_GON_01_ASEReadCounter.table","NW_015090842.1:10315369",15,32,17
"COG8","s1693_S_GON_01_ASEReadCounter.table","NW_015090842.1:10315508",9,27,18
"COG8","s1693_S_GON_01_ASEReadCounter.table","NW_015090842.1:10315624",16,29,13
"COG8","s1693_S_GON_01_ASEReadCounter.table","NW_015090842.1:10315693",14,33,19
"COG8","s1693_S_GON_01_ASEReadCounter.table","NW_015090842.1:10315698",12,30,18
"COG8","s1693_S_GON_01_ASEReadCounter.table","NW_015090842.1:10315768",17,31,14
"COG8","s1693_S_GON_01_ASEReadCounter.table","NW_015090842.1:10315769",17,33,16
"COG8","s1693_S_GON_01_ASEReadCounter.table","NW_015090842.1:10315784",19,40,21
"COG8","s1693_S_GON_01_ASEReadCounter.table","NW_015090842.1:10316093",10,33,23
"COG8","s1693_S_GON_01_ASEReadCounter.table","NW_015090842.1:10316133",8,29,21
"NIP7","s1693_S_GON_01_ASEReadCounter.table","NW_015090842.1:10316759",41,70,29
"NIP7","s1693_S_GON_01_ASEReadCounter.table","NW_015090842.1:10316967",242,390,148
"NIP7","s1693_S_GON_01_ASEReadCounter.table","NW_015090842.1:10316995",272,433,161
"NIP7","s1693_S_GON_01_ASEReadCounter.table","NW_015090842.1:10317240",383,593,210
"NIP7","s1693_S_GON_01_ASEReadCounter.table","NW_015090842.1:10317247",370,562,192
"NIP7","s1693_S_GON_01_ASEReadCounter.table","NW_015090842.1:10317264",345,528,183
"NIP7","s1693_S_GON_01_ASEReadCounter.table","NW_015090842.1:10317433",381,597,216
"NIP7","s1693_S_GON_01_ASEReadCounter.table","NW_015090842.1:10317738",279,481,202
"NIP7","s1693_S_GON_01_ASEReadCounter.table","NW_015090842.1:10317769",307,510,203
"NIP7","s1693_S_GON_01_ASEReadCounter.table","NW_015090842.1:10317808",177,308,131
"NIP7","s1693_S_GON_01_ASEReadCounter.table","NW_015090842.1:10317870",121,216,95
"NIP7","s1693_S_GON_01_ASEReadCounter.table","NW_015090842.1:10317871",119,212,93
"NIP7","s1693_S_GON_01_ASEReadCounter.table","NW_015090842.1:10317898",93,157,64
"NIP7","s1693_S_GON_01_ASEReadCounter.table","NW_015090842.1:10317911",83,137,54
"TMED6","s1693_S_GON_01_ASEReadCounter.table","NW_015090842.1:10318514",1,2,1
"TMED6","s1693_S_GON_01_ASEReadCounter.table","NW_015090842.1:10318731",3,3,0
"TERF2","s1693_S_GON_01_ASEReadCounter.table","NW_015090842.1:10321768",37,91,54
"TERF2","s1693_S_GON_01_ASEReadCounter.table","NW_015090842.1:10321777",35,87,52
"TERF2","s1693_S_GON_01_ASEReadCounter.table","NW_015090842.1:10321805",39,106,67
"TERF2","s1693_S_GON_01_ASEReadCounter.table","NW_015090842.1:10321878",54,138,84
"TERF2","s1693_S_GON_01_ASEReadCounter.table","NW_015090842.1:10321893",47,128,81
"TERF2","s1693_S_GON_01_ASEReadCounter.table","NW_015090842.1:10321897",45,117,72
"TERF2","s1693_S_GON_01_ASEReadCounter.table","NW_015090842.1:10321908",40,101,61
"TERF2","s1693_S_GON_01_ASEReadCounter.table","NW_015090842.1:10322001",60,150,90
"TERF2","s1693_S_GON_01_ASEReadCounter.table","NW_015090842.1:10322035",48,132,84
"TERF2","s1693_S_GON_01_ASEReadCounter.table","NW_015090842.1:10322051",60,150,90
"TERF2","s1693_S_GON_01_ASEReadCounter.table","NW_015090842.1:10322137",54,114,60
"TERF2","s1693_S_GON_01_ASEReadCounter.table","NW_015090842.1:10322144",53,113,60
"TERF2","s1693_S_GON_01_ASEReadCounter.table","NW_015090842.1:10322388",38,142,104
"TERF2","s1693_S_GON_01_ASEReadCounter.table","NW_015090842.1:10322396",40,150,110
"TERF2","s1693_S_GON_01_ASEReadCounter.table","NW_015090842.1:10322502",68,155,87
"TERF2","s1693_S_GON_01_ASEReadCounter.table","NW_015090842.1:10322504",70,158,88
"TERF2","s1693_S_GON_01_ASEReadCounter.table","NW_015090842.1:10322510",68,153,85
"TERF2","s1693_S_GON_01_ASEReadCounter.table","NW_015090842.1:10323580",62,160,98
"TERF2","s1693_S_GON_01_ASEReadCounter.table","NW_015090842.1:10324314",47,131,84
"TERF2","s1693_S_GON_01_ASEReadCounter.table","NW_015090842.1:10326832",51,114,63
"TERF2","s1693_S_GON_01_ASEReadCounter.table","NW_015090842.1:10327787",36,88,52
"TERF2","s1693_S_GON_01_ASEReadCounter.table","NW_015090842.1:10328588",36,93,57
"TERF2","s1693_S_GON_01_ASEReadCounter.table","NW_015090842.1:10328644",24,74,50
"TERF2","s1693_S_GON_01_ASEReadCounter.table","NW_015090842.1:10329813",26,66,40
"TERF2","s1693_S_GON_01_ASEReadCounter.table","NW_015090842.1:10330749",21,65,44
"TERF2","s1693_S_GON_01_ASEReadCounter.table","NW_015090842.1:10330789",16,64,48
"CYB5B","s1693_S_GON_01_ASEReadCounter.table","NW_015090842.1:10336595",21,44,23
"CYB5B","s1693_S_GON_01_ASEReadCounter.table","NW_015090842.1:10336667",109,230,121
"CYB5B","s1693_S_GON_01_ASEReadCounter.table","NW_015090842.1:10336689",163,354,191
"CYB5B","s1693_S_GON_01_ASEReadCounter.table","NW_015090842.1:10336728",260,560,300
"CYB5B","s1693_S_GON_01_ASEReadCounter.table","NW_015090842.1:10345068",238,521,283
"CYB5B","s1693_S_GON_01_ASEReadCounter.table","NW_015090842.1:10348800",265,600,335
"CYB5B","s1693_S_GON_01_ASEReadCounter.table","NW_015090842.1:10349046",190,434,244
"CYB5B","s1693_S_GON_01_ASEReadCounter.table","NW_015090842.1:10349119",115,362,247
"CYB5B","s1693_S_GON_01_ASEReadCounter.table","NW_015090842.1:10349146",70,323,253
"CYB5B","s1693_S_GON_01_ASEReadCounter.table","NW_015090842.1:10349157",110,376,266
"CYB5B","s1693_S_GON_01_ASEReadCounter.table","NW_015090842.1:10349263",333,333,0
