"gene","id","snp","ref_count","total_count","alt_count"
"CENPN","s1693_S_LS_02_ASEReadCounter.table","NW_015090842.1:5801623",0,1,1
"CENPN","s1693_S_LS_02_ASEReadCounter.table","NW_015090842.1:5801631",1,1,0
"CENPN","s1693_S_LS_02_ASEReadCounter.table","NW_015090842.1:5801632",1,1,0
"CENPN","s1693_S_LS_02_ASEReadCounter.table","NW_015090842.1:5801655",1,1,0
"CENPN","s1693_S_LS_02_ASEReadCounter.table","NW_015090842.1:5801670",1,1,0
"CENPN","s1693_S_LS_02_ASEReadCounter.table","NW_015090842.1:5801674",1,1,0
"CENPN","s1693_S_LS_02_ASEReadCounter.table","NW_015090842.1:5801692",1,1,0
"CENPN","s1693_S_LS_02_ASEReadCounter.table","NW_015090842.1:5802008",0,3,3
"CENPN","s1693_S_LS_02_ASEReadCounter.table","NW_015090842.1:5802012",0,3,3
"CENPN","s1693_S_LS_02_ASEReadCounter.table","NW_015090842.1:5802087",0,7,7
"CENPN","s1693_S_LS_02_ASEReadCounter.table","NW_015090842.1:5810113",9,9,0
"CENPN","s1693_S_LS_02_ASEReadCounter.table","NW_015090842.1:5810147",13,13,0
"CENPN","s1693_S_LS_02_ASEReadCounter.table","NW_015090842.1:5810148",13,13,0
"ATMIN","s1693_S_LS_02_ASEReadCounter.table","NW_015090842.1:5819958",1,1,0
"ATMIN","s1693_S_LS_02_ASEReadCounter.table","NW_015090842.1:5820004",1,3,2
"ATMIN","s1693_S_LS_02_ASEReadCounter.table","NW_015090842.1:5820217",0,2,2
"ATMIN","s1693_S_LS_02_ASEReadCounter.table","NW_015090842.1:5820250",0,5,5
"ATMIN","s1693_S_LS_02_ASEReadCounter.table","NW_015090842.1:5820298",1,6,5
"ATMIN","s1693_S_LS_02_ASEReadCounter.table","NW_015090842.1:5820417",2,5,3
"ATMIN","s1693_S_LS_02_ASEReadCounter.table","NW_015090842.1:5820421",2,5,3
"ATMIN","s1693_S_LS_02_ASEReadCounter.table","NW_015090842.1:5820448",1,3,2
"ATMIN","s1693_S_LS_02_ASEReadCounter.table","NW_015090842.1:5820457",1,3,2
"ATMIN","s1693_S_LS_02_ASEReadCounter.table","NW_015090842.1:5820510",0,3,3
"ATMIN","s1693_S_LS_02_ASEReadCounter.table","NW_015090842.1:5820673",2,3,1
"ATMIN","s1693_S_LS_02_ASEReadCounter.table","NW_015090842.1:5820754",2,4,2
"ATMIN","s1693_S_LS_02_ASEReadCounter.table","NW_015090842.1:5820820",5,7,2
"ATMIN","s1693_S_LS_02_ASEReadCounter.table","NW_015090842.1:5820865",4,6,2
"ATMIN","s1693_S_LS_02_ASEReadCounter.table","NW_015090842.1:5820889",3,6,3
"ATMIN","s1693_S_LS_02_ASEReadCounter.table","NW_015090842.1:5820891",3,6,3
"ATMIN","s1693_S_LS_02_ASEReadCounter.table","NW_015090842.1:5820997",3,4,1
"ATMIN","s1693_S_LS_02_ASEReadCounter.table","NW_015090842.1:5821063",1,1,0
"ATMIN","s1693_S_LS_02_ASEReadCounter.table","NW_015090842.1:5821132",2,3,1
"ATMIN","s1693_S_LS_02_ASEReadCounter.table","NW_015090842.1:5821645",2,5,3
"ATMIN","s1693_S_LS_02_ASEReadCounter.table","NW_015090842.1:5825066",8,14,6
"ATMIN","s1693_S_LS_02_ASEReadCounter.table","NW_015090842.1:5825106",7,15,8
"ATMIN","s1693_S_LS_02_ASEReadCounter.table","NW_015090842.1:5825122",5,13,8
"ATMIN","s1693_S_LS_02_ASEReadCounter.table","NW_015090842.1:5825178",7,14,7
"ATMIN","s1693_S_LS_02_ASEReadCounter.table","NW_015090842.1:5825194",7,11,4
"ATMIN","s1693_S_LS_02_ASEReadCounter.table","NW_015090842.1:5825195",7,11,4
"ATMIN","s1693_S_LS_02_ASEReadCounter.table","NW_015090842.1:5825220",8,14,6
"ATMIN","s1693_S_LS_02_ASEReadCounter.table","NW_015090842.1:5825240",12,19,7
"ATMIN","s1693_S_LS_02_ASEReadCounter.table","NW_015090842.1:5825303",9,19,10
"ATMIN","s1693_S_LS_02_ASEReadCounter.table","NW_015090842.1:5825304",9,19,10
"ATMIN","s1693_S_LS_02_ASEReadCounter.table","NW_015090842.1:5825310",9,19,10
"ATMIN","s1693_S_LS_02_ASEReadCounter.table","NW_015090842.1:5825406",4,16,12
"ATMIN","s1693_S_LS_02_ASEReadCounter.table","NW_015090842.1:5825415",4,18,14
"ATMIN","s1693_S_LS_02_ASEReadCounter.table","NW_015090842.1:5825438",8,20,12
"ATMIN","s1693_S_LS_02_ASEReadCounter.table","NW_015090842.1:5825485",8,16,8
"ATMIN","s1693_S_LS_02_ASEReadCounter.table","NW_015090842.1:5825524",14,22,8
"ATMIN","s1693_S_LS_02_ASEReadCounter.table","NW_015090842.1:5825557",9,21,12
"ATMIN","s1693_S_LS_02_ASEReadCounter.table","NW_015090842.1:5825571",9,22,13
"ATMIN","s1693_S_LS_02_ASEReadCounter.table","NW_015090842.1:5825579",9,21,12
"ATMIN","s1693_S_LS_02_ASEReadCounter.table","NW_015090842.1:5825590",10,21,11
"ATMIN","s1693_S_LS_02_ASEReadCounter.table","NW_015090842.1:5825689",14,28,14
"ATMIN","s1693_S_LS_02_ASEReadCounter.table","NW_015090842.1:5825703",19,34,15
"ATMIN","s1693_S_LS_02_ASEReadCounter.table","NW_015090842.1:5825787",19,29,10
"ATMIN","s1693_S_LS_02_ASEReadCounter.table","NW_015090842.1:5825833",12,24,12
"ATMIN","s1693_S_LS_02_ASEReadCounter.table","NW_015090842.1:5825841",8,20,12
"ATMIN","s1693_S_LS_02_ASEReadCounter.table","NW_015090842.1:5825895",15,34,19
"ATMIN","s1693_S_LS_02_ASEReadCounter.table","NW_015090842.1:5825984",13,32,19
"ATMIN","s1693_S_LS_02_ASEReadCounter.table","NW_015090842.1:5826162",21,44,23
"ATMIN","s1693_S_LS_02_ASEReadCounter.table","NW_015090842.1:5826194",25,50,25
"ATMIN","s1693_S_LS_02_ASEReadCounter.table","NW_015090842.1:5826235",19,40,21
"ATMIN","s1693_S_LS_02_ASEReadCounter.table","NW_015090842.1:5826245",19,39,20
"ATMIN","s1693_S_LS_02_ASEReadCounter.table","NW_015090842.1:5826335",14,24,10
"ATMIN","s1693_S_LS_02_ASEReadCounter.table","NW_015090842.1:5826417",27,41,14
"ATMIN","s1693_S_LS_02_ASEReadCounter.table","NW_015090842.1:5826431",18,46,28
"ATMIN","s1693_S_LS_02_ASEReadCounter.table","NW_015090842.1:5826438",24,41,17
"ATMIN","s1693_S_LS_02_ASEReadCounter.table","NW_015090842.1:5826463",25,59,34
"ATMIN","s1693_S_LS_02_ASEReadCounter.table","NW_015090842.1:5826502",29,70,41
"ATMIN","s1693_S_LS_02_ASEReadCounter.table","NW_015090842.1:5826511",29,72,43
"ATMIN","s1693_S_LS_02_ASEReadCounter.table","NW_015090842.1:5826659",27,60,33
"ATMIN","s1693_S_LS_02_ASEReadCounter.table","NW_015090842.1:5826701",26,66,40
"ATMIN","s1693_S_LS_02_ASEReadCounter.table","NW_015090842.1:5826702",27,66,39
"ATMIN","s1693_S_LS_02_ASEReadCounter.table","NW_015090842.1:5826732",29,77,48
"ATMIN","s1693_S_LS_02_ASEReadCounter.table","NW_015090842.1:5826745",33,86,53
"ATMIN","s1693_S_LS_02_ASEReadCounter.table","NW_015090842.1:5826835",46,87,41
"ATMIN","s1693_S_LS_02_ASEReadCounter.table","NW_015090842.1:5826910",40,84,44
"ATMIN","s1693_S_LS_02_ASEReadCounter.table","NW_015090842.1:5826942",22,81,59
"ATMIN","s1693_S_LS_02_ASEReadCounter.table","NW_015090842.1:5827193",64,137,73
"ATMIN","s1693_S_LS_02_ASEReadCounter.table","NW_015090842.1:5827196",62,137,75
"ATMIN","s1693_S_LS_02_ASEReadCounter.table","NW_015090842.1:5827269",67,136,69
"ATMIN","s1693_S_LS_02_ASEReadCounter.table","NW_015090842.1:5827315",48,101,53
"ATMIN","s1693_S_LS_02_ASEReadCounter.table","NW_015090842.1:5827316",48,105,57
"ATMIN","s1693_S_LS_02_ASEReadCounter.table","NW_015090842.1:5827333",46,100,54
"PPP1R3E","s1693_S_LS_02_ASEReadCounter.table","NW_015090842.1:5837733",2,2,0
"PPP1R3E","s1693_S_LS_02_ASEReadCounter.table","NW_015090842.1:5837947",1,2,1
"PKD1L2","s1693_S_LS_02_ASEReadCounter.table","NW_015090842.1:5867597",1,1,0
"PKD1L2","s1693_S_LS_02_ASEReadCounter.table","NW_015090842.1:5867600",1,1,0
"PKD1L2","s1693_S_LS_02_ASEReadCounter.table","NW_015090842.1:5867675",0,1,1
"BCO1","s1693_S_LS_02_ASEReadCounter.table","NW_015090842.1:5915610",1,2,1
"BCO1","s1693_S_LS_02_ASEReadCounter.table","NW_015090842.1:5915646",1,2,1
"BCO1","s1693_S_LS_02_ASEReadCounter.table","NW_015090842.1:5917836",1,3,2
"BCO1","s1693_S_LS_02_ASEReadCounter.table","NW_015090842.1:5917912",3,4,1
"BCO1","s1693_S_LS_02_ASEReadCounter.table","NW_015090842.1:5917941",3,4,1
"BCO1","s1693_S_LS_02_ASEReadCounter.table","NW_015090842.1:5917971",3,4,1
"BCO1","s1693_S_LS_02_ASEReadCounter.table","NW_015090842.1:5921726",3,4,1
"BCO1","s1693_S_LS_02_ASEReadCounter.table","NW_015090842.1:5925669",2,3,1
"BCO1","s1693_S_LS_02_ASEReadCounter.table","NW_015090842.1:5925753",4,4,0
"BCO1","s1693_S_LS_02_ASEReadCounter.table","NW_015090842.1:5926937",1,1,0
"BCO1","s1693_S_LS_02_ASEReadCounter.table","NW_015090842.1:5927921",3,3,0
"BCO1","s1693_S_LS_02_ASEReadCounter.table","NW_015090842.1:5927948",2,2,0
"BCO1","s1693_S_LS_02_ASEReadCounter.table","NW_015090842.1:5927968",4,5,1
"BCO1","s1693_S_LS_02_ASEReadCounter.table","NW_015090842.1:5928052",2,3,1
"BCO1","s1693_S_LS_02_ASEReadCounter.table","NW_015090842.1:5932726",8,9,1
"BCO1","s1693_S_LS_02_ASEReadCounter.table","NW_015090842.1:5932801",3,4,1
"BCO1","s1693_S_LS_02_ASEReadCounter.table","NW_015090842.1:5934558",7,14,7
"BCO1","s1693_S_LS_02_ASEReadCounter.table","NW_015090842.1:5934575",6,15,9
"BCO1","s1693_S_LS_02_ASEReadCounter.table","NW_015090842.1:5934608",9,17,8
"BCO1","s1693_S_LS_02_ASEReadCounter.table","NW_015090842.1:5934647",9,14,5
"BCO1","s1693_S_LS_02_ASEReadCounter.table","NW_015090842.1:5934725",15,17,2
"BCO1","s1693_S_LS_02_ASEReadCounter.table","NW_015090842.1:5934726",16,18,2
"BCO1","s1693_S_LS_02_ASEReadCounter.table","NW_015090842.1:5934733",15,17,2
"BCO1","s1693_S_LS_02_ASEReadCounter.table","NW_015090842.1:5934821",13,17,4
"BCO1","s1693_S_LS_02_ASEReadCounter.table","NW_015090842.1:5934826",10,14,4
"BCO1","s1693_S_LS_02_ASEReadCounter.table","NW_015090842.1:5934844",8,9,1
"BCO1","s1693_S_LS_02_ASEReadCounter.table","NW_015090842.1:5934958",11,13,2
"BCO1","s1693_S_LS_02_ASEReadCounter.table","NW_015090842.1:5934976",11,14,3
"GAN","s1693_S_LS_02_ASEReadCounter.table","NW_015090842.1:5953759",1,8,7
"GAN","s1693_S_LS_02_ASEReadCounter.table","NW_015090842.1:5957502",10,28,18
"GAN","s1693_S_LS_02_ASEReadCounter.table","NW_015090842.1:5957578",12,28,16
"GAN","s1693_S_LS_02_ASEReadCounter.table","NW_015090842.1:5965028",20,38,18
"GAN","s1693_S_LS_02_ASEReadCounter.table","NW_015090842.1:5966047",25,65,40
"GAN","s1693_S_LS_02_ASEReadCounter.table","NW_015090842.1:5966126",13,53,40
"GAN","s1693_S_LS_02_ASEReadCounter.table","NW_015090842.1:5966127",14,58,44
"GAN","s1693_S_LS_02_ASEReadCounter.table","NW_015090842.1:5966162",28,86,58
"GAN","s1693_S_LS_02_ASEReadCounter.table","NW_015090842.1:5966483",82,177,95
"CMIP","s1693_S_LS_02_ASEReadCounter.table","NW_015090842.1:6109159",7,16,9
"CMIP","s1693_S_LS_02_ASEReadCounter.table","NW_015090842.1:6109166",8,16,8
"CMIP","s1693_S_LS_02_ASEReadCounter.table","NW_015090842.1:6114641",9,22,13
"CMIP","s1693_S_LS_02_ASEReadCounter.table","NW_015090842.1:6114751",9,23,14
"CMIP","s1693_S_LS_02_ASEReadCounter.table","NW_015090842.1:6114824",4,14,10
"CMIP","s1693_S_LS_02_ASEReadCounter.table","NW_015090842.1:6128998",14,31,17
"CMIP","s1693_S_LS_02_ASEReadCounter.table","NW_015090842.1:6130562",18,60,42
"CMIP","s1693_S_LS_02_ASEReadCounter.table","NW_015090842.1:6132522",27,66,39
"CMIP","s1693_S_LS_02_ASEReadCounter.table","NW_015090842.1:6134088",31,71,40
"CMIP","s1693_S_LS_02_ASEReadCounter.table","NW_015090842.1:6138265",92,274,182
"CMIP","s1693_S_LS_02_ASEReadCounter.table","NW_015090842.1:6138300",95,279,184
"CMIP","s1693_S_LS_02_ASEReadCounter.table","NW_015090842.1:6138342",84,226,142
"CMIP","s1693_S_LS_02_ASEReadCounter.table","NW_015090842.1:6138343",83,227,144
"CMIP","s1693_S_LS_02_ASEReadCounter.table","NW_015090842.1:6138345",85,226,141
"CMIP","s1693_S_LS_02_ASEReadCounter.table","NW_015090842.1:6138647",57,104,47
"CMIP","s1693_S_LS_02_ASEReadCounter.table","NW_015090842.1:6138745",63,118,55
"CMIP","s1693_S_LS_02_ASEReadCounter.table","NW_015090842.1:6138832",19,64,45
"CMIP","s1693_S_LS_02_ASEReadCounter.table","NW_015090842.1:6138967",50,107,57
"CMIP","s1693_S_LS_02_ASEReadCounter.table","NW_015090842.1:6139131",37,82,45
"CMIP","s1693_S_LS_02_ASEReadCounter.table","NW_015090842.1:6139163",14,60,46
"CMIP","s1693_S_LS_02_ASEReadCounter.table","NW_015090842.1:6139360",36,69,33
"CMIP","s1693_S_LS_02_ASEReadCounter.table","NW_015090842.1:6139572",20,38,18
"CMIP","s1693_S_LS_02_ASEReadCounter.table","NW_015090842.1:6139773",86,86,0
"PLCG2","s1693_S_LS_02_ASEReadCounter.table","NW_015090842.1:6179613",5,13,8
"PLCG2","s1693_S_LS_02_ASEReadCounter.table","NW_015090842.1:6179658",5,14,9
"PLCG2","s1693_S_LS_02_ASEReadCounter.table","NW_015090842.1:6203766",1,2,1
"PLCG2","s1693_S_LS_02_ASEReadCounter.table","NW_015090842.1:6203775",1,2,1
"PLCG2","s1693_S_LS_02_ASEReadCounter.table","NW_015090842.1:6203787",1,2,1
"PLCG2","s1693_S_LS_02_ASEReadCounter.table","NW_015090842.1:6205047",3,7,4
"PLCG2","s1693_S_LS_02_ASEReadCounter.table","NW_015090842.1:6208541",0,1,1
"PLCG2","s1693_S_LS_02_ASEReadCounter.table","NW_015090842.1:6209741",0,1,1
"PLCG2","s1693_S_LS_02_ASEReadCounter.table","NW_015090842.1:6217547",0,1,1
"PLCG2","s1693_S_LS_02_ASEReadCounter.table","NW_015090842.1:6218641",0,4,4
"PLCG2","s1693_S_LS_02_ASEReadCounter.table","NW_015090842.1:6220552",1,4,3
"PLCG2","s1693_S_LS_02_ASEReadCounter.table","NW_015090842.1:6221969",1,5,4
"PLCG2","s1693_S_LS_02_ASEReadCounter.table","NW_015090842.1:6228672",1,5,4
"PLCG2","s1693_S_LS_02_ASEReadCounter.table","NW_015090842.1:6228694",1,6,5
"PLCG2","s1693_S_LS_02_ASEReadCounter.table","NW_015090842.1:6228722",1,6,5
"PLCG2","s1693_S_LS_02_ASEReadCounter.table","NW_015090842.1:6228747",2,8,6
"PLCG2","s1693_S_LS_02_ASEReadCounter.table","NW_015090842.1:6228835",0,3,3
"PLCG2","s1693_S_LS_02_ASEReadCounter.table","NW_015090842.1:6228841",0,4,4
"PLCG2","s1693_S_LS_02_ASEReadCounter.table","NW_015090842.1:6228865",0,7,7
"PLCG2","s1693_S_LS_02_ASEReadCounter.table","NW_015090842.1:6228917",0,7,7
"PLCG2","s1693_S_LS_02_ASEReadCounter.table","NW_015090842.1:6228926",0,8,8
"PLCG2","s1693_S_LS_02_ASEReadCounter.table","NW_015090842.1:6228954",0,6,6
"PLCG2","s1693_S_LS_02_ASEReadCounter.table","NW_015090842.1:6229002",0,4,4
"PLCG2","s1693_S_LS_02_ASEReadCounter.table","NW_015090842.1:6229006",0,4,4
"PLCG2","s1693_S_LS_02_ASEReadCounter.table","NW_015090842.1:6229081",0,2,2
"PLCG2","s1693_S_LS_02_ASEReadCounter.table","NW_015090842.1:6229097",0,1,1
"PLCG2","s1693_S_LS_02_ASEReadCounter.table","NW_015090842.1:6229160",0,3,3
"PLCG2","s1693_S_LS_02_ASEReadCounter.table","NW_015090842.1:6229213",1,3,2
"PLCG2","s1693_S_LS_02_ASEReadCounter.table","NW_015090842.1:6229231",1,5,4
"PLCG2","s1693_S_LS_02_ASEReadCounter.table","NW_015090842.1:6229663",0,1,1
"PLCG2","s1693_S_LS_02_ASEReadCounter.table","NW_015090842.1:6230248",1,2,1
"PLCG2","s1693_S_LS_02_ASEReadCounter.table","NW_015090842.1:6230255",1,2,1
"PLCG2","s1693_S_LS_02_ASEReadCounter.table","NW_015090842.1:6230296",1,2,1
"PLCG2","s1693_S_LS_02_ASEReadCounter.table","NW_015090842.1:6230349",1,4,3
"PLCG2","s1693_S_LS_02_ASEReadCounter.table","NW_015090842.1:6230381",2,4,2
"PLCG2","s1693_S_LS_02_ASEReadCounter.table","NW_015090842.1:6230408",1,3,2
"PLCG2","s1693_S_LS_02_ASEReadCounter.table","NW_015090842.1:6230439",1,2,1
"PLCG2","s1693_S_LS_02_ASEReadCounter.table","NW_015090842.1:6230757",0,1,1
"PLCG2","s1693_S_LS_02_ASEReadCounter.table","NW_015090842.1:6230898",7,8,1
"PLCG2","s1693_S_LS_02_ASEReadCounter.table","NW_015090842.1:6230976",3,4,1
"PLCG2","s1693_S_LS_02_ASEReadCounter.table","NW_015090842.1:6231078",4,6,2
"PLCG2","s1693_S_LS_02_ASEReadCounter.table","NW_015090842.1:6231138",7,8,1
"PLCG2","s1693_S_LS_02_ASEReadCounter.table","NW_015090842.1:6231177",10,10,0
"PLCG2","s1693_S_LS_02_ASEReadCounter.table","NW_015090842.1:6231263",5,5,0
"PLCG2","s1693_S_LS_02_ASEReadCounter.table","NW_015090842.1:6231309",4,4,0
"SDR42E1","s1693_S_LS_02_ASEReadCounter.table","NW_015090842.1:6235292",1,4,3
"SDR42E1","s1693_S_LS_02_ASEReadCounter.table","NW_015090842.1:6235315",1,5,4
"SDR42E1","s1693_S_LS_02_ASEReadCounter.table","NW_015090842.1:6235348",1,9,8
"SDR42E1","s1693_S_LS_02_ASEReadCounter.table","NW_015090842.1:6235355",2,10,8
"SDR42E1","s1693_S_LS_02_ASEReadCounter.table","NW_015090842.1:6235417",4,9,5
"SDR42E1","s1693_S_LS_02_ASEReadCounter.table","NW_015090842.1:6235526",14,14,0
"SDR42E1","s1693_S_LS_02_ASEReadCounter.table","NW_015090842.1:6235558",3,10,7
"SDR42E1","s1693_S_LS_02_ASEReadCounter.table","NW_015090842.1:6235603",11,11,0
"SDR42E1","s1693_S_LS_02_ASEReadCounter.table","NW_015090842.1:6235741",4,12,8
"SDR42E1","s1693_S_LS_02_ASEReadCounter.table","NW_015090842.1:6235777",4,12,8
"SDR42E1","s1693_S_LS_02_ASEReadCounter.table","NW_015090842.1:6235806",6,20,14
"SDR42E1","s1693_S_LS_02_ASEReadCounter.table","NW_015090842.1:6235809",6,20,14
"SDR42E1","s1693_S_LS_02_ASEReadCounter.table","NW_015090842.1:6235816",6,20,14
"SDR42E1","s1693_S_LS_02_ASEReadCounter.table","NW_015090842.1:6235914",2,13,11
"SDR42E1","s1693_S_LS_02_ASEReadCounter.table","NW_015090842.1:6235935",3,13,10
"SDR42E1","s1693_S_LS_02_ASEReadCounter.table","NW_015090842.1:6235957",5,15,10
"SDR42E1","s1693_S_LS_02_ASEReadCounter.table","NW_015090842.1:6236040",4,11,7
"SDR42E1","s1693_S_LS_02_ASEReadCounter.table","NW_015090842.1:6236260",4,6,2
"SDR42E1","s1693_S_LS_02_ASEReadCounter.table","NW_015090842.1:6236281",3,6,3
"SDR42E1","s1693_S_LS_02_ASEReadCounter.table","NW_015090842.1:6236305",3,7,4
"SDR42E1","s1693_S_LS_02_ASEReadCounter.table","NW_015090842.1:6236458",2,7,5
"SDR42E1","s1693_S_LS_02_ASEReadCounter.table","NW_015090842.1:6236476",2,8,6
"SDR42E1","s1693_S_LS_02_ASEReadCounter.table","NW_015090842.1:6236608",1,6,5
"SDR42E1","s1693_S_LS_02_ASEReadCounter.table","NW_015090842.1:6238244",0,1,1
"HSD17B2","s1693_S_LS_02_ASEReadCounter.table","NW_015090842.1:6266795",0,1,1
"HSD17B2","s1693_S_LS_02_ASEReadCounter.table","NW_015090842.1:6266918",0,1,1
"HSD17B2","s1693_S_LS_02_ASEReadCounter.table","NW_015090842.1:6266944",0,1,1
"HSD17B2","s1693_S_LS_02_ASEReadCounter.table","NW_015090842.1:6267053",0,1,1
"HSD17B2","s1693_S_LS_02_ASEReadCounter.table","NW_015090842.1:6267358",0,1,1
"HSD17B2","s1693_S_LS_02_ASEReadCounter.table","NW_015090842.1:6267674",0,1,1
"HSD17B2","s1693_S_LS_02_ASEReadCounter.table","NW_015090842.1:6267913",0,1,1
"HSD17B2","s1693_S_LS_02_ASEReadCounter.table","NW_015090842.1:6268180",0,2,2
"HSD17B2","s1693_S_LS_02_ASEReadCounter.table","NW_015090842.1:6268203",0,2,2
"ARY2","s1693_S_LS_02_ASEReadCounter.table","NW_015090842.1:6303922",9,19,10
"ARY2","s1693_S_LS_02_ASEReadCounter.table","NW_015090842.1:6303954",11,19,8
"ARY2","s1693_S_LS_02_ASEReadCounter.table","NW_015090842.1:6303979",11,21,10
"ARY2","s1693_S_LS_02_ASEReadCounter.table","NW_015090842.1:6305848",7,17,10
"ARY2","s1693_S_LS_02_ASEReadCounter.table","NW_015090842.1:6305856",6,15,9
"ARY2","s1693_S_LS_02_ASEReadCounter.table","NW_015090842.1:6305857",6,15,9
"ARY2","s1693_S_LS_02_ASEReadCounter.table","NW_015090842.1:6306017",9,23,14
"ARY2","s1693_S_LS_02_ASEReadCounter.table","NW_015090842.1:6306052",8,23,15
"ARY2","s1693_S_LS_02_ASEReadCounter.table","NW_015090842.1:6306094",8,22,14
"ARY2","s1693_S_LS_02_ASEReadCounter.table","NW_015090842.1:6306100",8,22,14
"ARY2","s1693_S_LS_02_ASEReadCounter.table","NW_015090842.1:6306146",8,19,11
"ARY2","s1693_S_LS_02_ASEReadCounter.table","NW_015090842.1:6306147",8,20,12
"ARY2","s1693_S_LS_02_ASEReadCounter.table","NW_015090842.1:6306390",10,16,6
"ARY2","s1693_S_LS_02_ASEReadCounter.table","NW_015090842.1:6306567",17,23,6
"ARY2","s1693_S_LS_02_ASEReadCounter.table","NW_015090842.1:6306705",17,19,2
"ARY2","s1693_S_LS_02_ASEReadCounter.table","NW_015090842.1:6306713",23,23,0
"ARY2","s1693_S_LS_02_ASEReadCounter.table","NW_015090842.1:6306773",19,23,4
"ARY2","s1693_S_LS_02_ASEReadCounter.table","NW_015090842.1:6307039",18,21,3
"ARY2","s1693_S_LS_02_ASEReadCounter.table","NW_015090842.1:6307043",20,24,4
"ARY2","s1693_S_LS_02_ASEReadCounter.table","NW_015090842.1:6307093",20,25,5
"ARY2","s1693_S_LS_02_ASEReadCounter.table","NW_015090842.1:6307138",26,31,5
"ARY2","s1693_S_LS_02_ASEReadCounter.table","NW_015090842.1:6307157",26,30,4
"ARY2","s1693_S_LS_02_ASEReadCounter.table","NW_015090842.1:6307187",26,28,2
"ARY2","s1693_S_LS_02_ASEReadCounter.table","NW_015090842.1:6307278",17,21,4
"ARY2","s1693_S_LS_02_ASEReadCounter.table","NW_015090842.1:6307305",22,27,5
"ARY2","s1693_S_LS_02_ASEReadCounter.table","NW_015090842.1:6307318",24,30,6
"ARY2","s1693_S_LS_02_ASEReadCounter.table","NW_015090842.1:6307429",18,32,14
"ARY2","s1693_S_LS_02_ASEReadCounter.table","NW_015090842.1:6307487",14,31,17
"ARY2","s1693_S_LS_02_ASEReadCounter.table","NW_015090842.1:6307670",21,29,8
"ARYL","s1693_S_LS_02_ASEReadCounter.table","NW_015090842.1:6313360",1,1,0
"ARYL","s1693_S_LS_02_ASEReadCounter.table","NW_015090842.1:6313377",1,2,1
"ARYL","s1693_S_LS_02_ASEReadCounter.table","NW_015090842.1:6313767",2,3,1
"ARY1","s1693_S_LS_02_ASEReadCounter.table","NW_015090842.1:6313909",5,5,0
"ARY1","s1693_S_LS_02_ASEReadCounter.table","NW_015090842.1:6314296",1,3,2
"ARY1","s1693_S_LS_02_ASEReadCounter.table","NW_015090842.1:6314541",2,4,2
"ARY1","s1693_S_LS_02_ASEReadCounter.table","NW_015090842.1:6314597",3,5,2
"ARY1","s1693_S_LS_02_ASEReadCounter.table","NW_015090842.1:6314794",2,2,0
"ARY1","s1693_S_LS_02_ASEReadCounter.table","NW_015090842.1:6314827",5,5,0
"ARY1","s1693_S_LS_02_ASEReadCounter.table","NW_015090842.1:6314843",5,5,0
"ARY1","s1693_S_LS_02_ASEReadCounter.table","NW_015090842.1:6314859",7,7,0
"ARY1","s1693_S_LS_02_ASEReadCounter.table","NW_015090842.1:6314886",8,9,1
"ARY1","s1693_S_LS_02_ASEReadCounter.table","NW_015090842.1:6314943",7,7,0
"ARY1","s1693_S_LS_02_ASEReadCounter.table","NW_015090842.1:6314949",4,7,3
"ARY1","s1693_S_LS_02_ASEReadCounter.table","NW_015090842.1:6315022",4,7,3
"ARY1","s1693_S_LS_02_ASEReadCounter.table","NW_015090842.1:6315026",5,8,3
"ARY1","s1693_S_LS_02_ASEReadCounter.table","NW_015090842.1:6315043",5,9,4
"ARY1","s1693_S_LS_02_ASEReadCounter.table","NW_015090842.1:6315065",6,10,4
"ARY1","s1693_S_LS_02_ASEReadCounter.table","NW_015090842.1:6315409",3,5,2
"ARY1","s1693_S_LS_02_ASEReadCounter.table","NW_015090842.1:6315479",5,6,1
"ARY1","s1693_S_LS_02_ASEReadCounter.table","NW_015090842.1:6318342",7,9,2
"ARY1","s1693_S_LS_02_ASEReadCounter.table","NW_015090842.1:6318427",10,14,4
"ARY1","s1693_S_LS_02_ASEReadCounter.table","NW_015090842.1:6318603",5,10,5
"ARY1","s1693_S_LS_02_ASEReadCounter.table","NW_015090842.1:6318708",5,9,4
"ARY1","s1693_S_LS_02_ASEReadCounter.table","NW_015090842.1:6318858",5,12,7
"ARY1","s1693_S_LS_02_ASEReadCounter.table","NW_015090842.1:6318952",8,15,7
"MPHOSPH6","s1693_S_LS_02_ASEReadCounter.table","NW_015090842.1:6324063",51,107,56
"MPHOSPH6","s1693_S_LS_02_ASEReadCounter.table","NW_015090842.1:6324174",105,229,124
"MPHOSPH6","s1693_S_LS_02_ASEReadCounter.table","NW_015090842.1:6324270",94,207,113
"MPHOSPH6","s1693_S_LS_02_ASEReadCounter.table","NW_015090842.1:6324762",64,144,80
"MPHOSPH6","s1693_S_LS_02_ASEReadCounter.table","NW_015090842.1:6324772",64,133,69
"MPHOSPH6","s1693_S_LS_02_ASEReadCounter.table","NW_015090842.1:6324780",58,123,65
"MPHOSPH6","s1693_S_LS_02_ASEReadCounter.table","NW_015090842.1:6324902",53,144,91
"MPHOSPH6","s1693_S_LS_02_ASEReadCounter.table","NW_015090842.1:6324910",143,143,0
"MPHOSPH6","s1693_S_LS_02_ASEReadCounter.table","NW_015090842.1:6325066",49,132,83
"MPHOSPH6","s1693_S_LS_02_ASEReadCounter.table","NW_015090842.1:6325089",61,152,91
"MPHOSPH6","s1693_S_LS_02_ASEReadCounter.table","NW_015090842.1:6325298",72,155,83
"MPHOSPH6","s1693_S_LS_02_ASEReadCounter.table","NW_015090842.1:6325877",48,112,64
"MPHOSPH6","s1693_S_LS_02_ASEReadCounter.table","NW_015090842.1:6326976",31,82,51
"CDH13","s1693_S_LS_02_ASEReadCounter.table","NW_015090842.1:6662283",3,4,1
"CDH13","s1693_S_LS_02_ASEReadCounter.table","NW_015090842.1:6693665",3,3,0
"CDH13","s1693_S_LS_02_ASEReadCounter.table","NW_015090842.1:6693697",3,4,1
"CDH13","s1693_S_LS_02_ASEReadCounter.table","NW_015090842.1:6693712",3,4,1
"CDH13","s1693_S_LS_02_ASEReadCounter.table","NW_015090842.1:6693723",3,5,2
"CDH13","s1693_S_LS_02_ASEReadCounter.table","NW_015090842.1:6693738",3,5,2
"CDH13","s1693_S_LS_02_ASEReadCounter.table","NW_015090842.1:6823730",2,4,2
"CDH13","s1693_S_LS_02_ASEReadCounter.table","NW_015090842.1:6889713",5,6,1
"CDH13","s1693_S_LS_02_ASEReadCounter.table","NW_015090842.1:6955167",12,20,8
"MLYCD","s1693_S_LS_02_ASEReadCounter.table","NW_015090842.1:7150054",69,130,61
"MLYCD","s1693_S_LS_02_ASEReadCounter.table","NW_015090842.1:7150131",96,199,103
"MLYCD","s1693_S_LS_02_ASEReadCounter.table","NW_015090842.1:7150585",60,106,46
"MLYCD","s1693_S_LS_02_ASEReadCounter.table","NW_015090842.1:7150686",52,93,41
"MLYCD","s1693_S_LS_02_ASEReadCounter.table","NW_015090842.1:7150696",56,99,43
"MLYCD","s1693_S_LS_02_ASEReadCounter.table","NW_015090842.1:7150698",44,100,56
"MLYCD","s1693_S_LS_02_ASEReadCounter.table","NW_015090842.1:7150869",42,72,30
"MLYCD","s1693_S_LS_02_ASEReadCounter.table","NW_015090842.1:7151100",25,44,19
"MLYCD","s1693_S_LS_02_ASEReadCounter.table","NW_015090842.1:7151127",23,42,19
"MLYCD","s1693_S_LS_02_ASEReadCounter.table","NW_015090842.1:7157538",16,32,16
"MLYCD","s1693_S_LS_02_ASEReadCounter.table","NW_015090842.1:7167662",10,15,5
"MLYCD","s1693_S_LS_02_ASEReadCounter.table","NW_015090842.1:7167675",11,14,3
"MLYCD","s1693_S_LS_02_ASEReadCounter.table","NW_015090842.1:7167710",13,16,3
"MLYCD","s1693_S_LS_02_ASEReadCounter.table","NW_015090842.1:7167781",7,12,5
"MLYCD","s1693_S_LS_02_ASEReadCounter.table","NW_015090842.1:7167803",5,8,3
"MLYCD","s1693_S_LS_02_ASEReadCounter.table","NW_015090842.1:7167812",6,9,3
"MLYCD","s1693_S_LS_02_ASEReadCounter.table","NW_015090842.1:7167845",6,8,2
"MLYCD","s1693_S_LS_02_ASEReadCounter.table","NW_015090842.1:7167862",8,10,2
"MLYCD","s1693_S_LS_02_ASEReadCounter.table","NW_015090842.1:7167929",8,13,5
"MLYCD","s1693_S_LS_02_ASEReadCounter.table","NW_015090842.1:7167995",9,10,1
"MLYCD","s1693_S_LS_02_ASEReadCounter.table","NW_015090842.1:7168005",8,9,1
"MLYCD","s1693_S_LS_02_ASEReadCounter.table","NW_015090842.1:7168037",5,6,1
"HSBP1","s1693_S_LS_02_ASEReadCounter.table","NW_015090842.1:7245192",523,898,375
"HSBP1","s1693_S_LS_02_ASEReadCounter.table","NW_015090842.1:7245226",574,1022,448
"HSBP1","s1693_S_LS_02_ASEReadCounter.table","NW_015090842.1:7245257",489,886,397
"HSBP1","s1693_S_LS_02_ASEReadCounter.table","NW_015090842.1:7245296",471,902,431
"HSBP1","s1693_S_LS_02_ASEReadCounter.table","NW_015090842.1:7245389",608,1056,448
"HSBP1","s1693_S_LS_02_ASEReadCounter.table","NW_015090842.1:7245400",642,1052,410
"HSBP1","s1693_S_LS_02_ASEReadCounter.table","NW_015090842.1:7245445",567,992,425
"HSBP1","s1693_S_LS_02_ASEReadCounter.table","NW_015090842.1:7245495",526,928,402
"HSBP1","s1693_S_LS_02_ASEReadCounter.table","NW_015090842.1:7245515",576,1000,424
"HSBP1","s1693_S_LS_02_ASEReadCounter.table","NW_015090842.1:7245733",281,534,253
"HSBP1","s1693_S_LS_02_ASEReadCounter.table","NW_015090842.1:7245771",313,562,249
"HSBP1","s1693_S_LS_02_ASEReadCounter.table","NW_015090842.1:7245813",316,535,219
"HSBP1","s1693_S_LS_02_ASEReadCounter.table","NW_015090842.1:7245926",345,590,245
"HSBP1","s1693_S_LS_02_ASEReadCounter.table","NW_015090842.1:7245927",347,589,242
"HSBP1","s1693_S_LS_02_ASEReadCounter.table","NW_015090842.1:7245933",332,561,229
"HSBP1","s1693_S_LS_02_ASEReadCounter.table","NW_015090842.1:7246002",225,432,207
"HSBP1","s1693_S_LS_02_ASEReadCounter.table","NW_015090842.1:7246094",258,467,209
"HSBP1","s1693_S_LS_02_ASEReadCounter.table","NW_015090842.1:7246167",246,444,198
"HSBP1","s1693_S_LS_02_ASEReadCounter.table","NW_015090842.1:7246183",237,438,201
"HSBP1","s1693_S_LS_02_ASEReadCounter.table","NW_015090842.1:7247285",28,33,5
"HSBP1","s1693_S_LS_02_ASEReadCounter.table","NW_015090842.1:7247651",316,589,273
"HSBP1","s1693_S_LS_02_ASEReadCounter.table","NW_015090842.1:7247657",315,593,278
"HSBP1","s1693_S_LS_02_ASEReadCounter.table","NW_015090842.1:7248520",199,383,184
"HSBP1","s1693_S_LS_02_ASEReadCounter.table","NW_015090842.1:7248535",156,302,146
"KCNG4","s1693_S_LS_02_ASEReadCounter.table","NW_015090842.1:7282481",2,2,0
"KCNG4","s1693_S_LS_02_ASEReadCounter.table","NW_015090842.1:7282500",2,2,0
"KCNG4","s1693_S_LS_02_ASEReadCounter.table","NW_015090842.1:7282579",0,1,1
"KCNG4","s1693_S_LS_02_ASEReadCounter.table","NW_015090842.1:7282630",0,1,1
"KCNG4","s1693_S_LS_02_ASEReadCounter.table","NW_015090842.1:7282760",0,1,1
"KCNG4","s1693_S_LS_02_ASEReadCounter.table","NW_015090842.1:7283056",0,2,2
"KCNG4","s1693_S_LS_02_ASEReadCounter.table","NW_015090842.1:7283245",0,2,2
"KCNG4","s1693_S_LS_02_ASEReadCounter.table","NW_015090842.1:7299491",0,2,2
"KCNG4","s1693_S_LS_02_ASEReadCounter.table","NW_015090842.1:7301195",0,1,1
"ATP2C2","s1693_S_LS_02_ASEReadCounter.table","NW_015090842.1:7413747",1,10,9
"TLDC1","s1693_S_LS_02_ASEReadCounter.table","NW_015090842.1:7421997",7,17,10
"COTL1","s1693_S_LS_02_ASEReadCounter.table","NW_015090842.1:7490707",881,1768,887
"COTL1","s1693_S_LS_02_ASEReadCounter.table","NW_015090842.1:7490708",889,1778,889
"COTL1","s1693_S_LS_02_ASEReadCounter.table","NW_015090842.1:7490711",900,1803,903
"COTL1","s1693_S_LS_02_ASEReadCounter.table","NW_015090842.1:7490739",829,1736,907
"COTL1","s1693_S_LS_02_ASEReadCounter.table","NW_015090842.1:7490785",810,1614,804
"COTL1","s1693_S_LS_02_ASEReadCounter.table","NW_015090842.1:7490820",70,1030,960
"COTL1","s1693_S_LS_02_ASEReadCounter.table","NW_015090842.1:7490846",800,1601,801
"COTL1","s1693_S_LS_02_ASEReadCounter.table","NW_015090842.1:7505571",2,2,0
"KLHL36","s1693_S_LS_02_ASEReadCounter.table","NW_015090842.1:7526337",20,20,0
"KLHL36","s1693_S_LS_02_ASEReadCounter.table","NW_015090842.1:7537681",128,128,0
"USP10","s1693_S_LS_02_ASEReadCounter.table","NW_015090842.1:7572213",10,27,17
"USP10","s1693_S_LS_02_ASEReadCounter.table","NW_015090842.1:7572358",9,19,10
"CRISPLD2","s1693_S_LS_02_ASEReadCounter.table","NW_015090842.1:7619796",0,1,1
"CRISPLD2","s1693_S_LS_02_ASEReadCounter.table","NW_015090842.1:7630779",2,8,6
"CRISPLD2","s1693_S_LS_02_ASEReadCounter.table","NW_015090842.1:7633611",3,3,0
"CRISPLD2","s1693_S_LS_02_ASEReadCounter.table","NW_015090842.1:7633787",0,2,2
"CRISPLD2","s1693_S_LS_02_ASEReadCounter.table","NW_015090842.1:7634620",1,1,0
"CRISPLD2","s1693_S_LS_02_ASEReadCounter.table","NW_015090842.1:7636315",1,3,2
"LOC106888312","s1693_S_LS_02_ASEReadCounter.table","NW_015090842.1:7732198",2,2,0
"MTHFSD","s1693_S_LS_02_ASEReadCounter.table","NW_015090842.1:8152578",20,32,12
"DUSP15","s1693_S_LS_02_ASEReadCounter.table","NW_015090842.1:8422840",0,1,1
"EMC8","s1693_S_LS_02_ASEReadCounter.table","NW_015090842.1:8452385",23,52,29
"GINS2","s1693_S_LS_02_ASEReadCounter.table","NW_015090842.1:8467469",21,21,0
"GINS2","s1693_S_LS_02_ASEReadCounter.table","NW_015090842.1:8470290",23,47,24
"GINS2","s1693_S_LS_02_ASEReadCounter.table","NW_015090842.1:8470305",23,50,27
"GINS2","s1693_S_LS_02_ASEReadCounter.table","NW_015090842.1:8470376",21,59,38
"GINS2","s1693_S_LS_02_ASEReadCounter.table","NW_015090842.1:8471057",0,10,10
"GSE1","s1693_S_LS_02_ASEReadCounter.table","NW_015090842.1:8483570",3,3,0
"KIAA0513","s1693_S_LS_02_ASEReadCounter.table","NW_015090842.1:8674736",52,52,0
"KIAA0513","s1693_S_LS_02_ASEReadCounter.table","NW_015090842.1:8693655",3,3,0
"ZCCHC14","s1693_S_LS_02_ASEReadCounter.table","NW_015090842.1:8750189",92,92,0
"JPH3","s1693_S_LS_02_ASEReadCounter.table","NW_015090842.1:8872294",31,52,21
"KLHDC4","s1693_S_LS_02_ASEReadCounter.table","NW_015090842.1:8891175",66,168,102
"KLHDC4","s1693_S_LS_02_ASEReadCounter.table","NW_015090842.1:8905251",4,15,11
"KLHDC4","s1693_S_LS_02_ASEReadCounter.table","NW_015090842.1:8919630",4,8,4
"SLC7A5","s1693_S_LS_02_ASEReadCounter.table","NW_015090842.1:8940382",174,174,0
"SLC7A5","s1693_S_LS_02_ASEReadCounter.table","NW_015090842.1:8941818",52,52,0
"SLC7A5","s1693_S_LS_02_ASEReadCounter.table","NW_015090842.1:8944655",22,22,0
"CA5A","s1693_S_LS_02_ASEReadCounter.table","NW_015090842.1:8989479",28,67,39
"CA5A","s1693_S_LS_02_ASEReadCounter.table","NW_015090842.1:8989562",43,78,35
"CA5A","s1693_S_LS_02_ASEReadCounter.table","NW_015090842.1:8989609",46,95,49
"CA5A","s1693_S_LS_02_ASEReadCounter.table","NW_015090842.1:8989693",48,122,74
"CA5A","s1693_S_LS_02_ASEReadCounter.table","NW_015090842.1:8989702",50,120,70
"CA5A","s1693_S_LS_02_ASEReadCounter.table","NW_015090842.1:8989746",55,116,61
"CA5A","s1693_S_LS_02_ASEReadCounter.table","NW_015090842.1:8989880",46,103,57
"CA5A","s1693_S_LS_02_ASEReadCounter.table","NW_015090842.1:8989885",43,100,57
"CA5A","s1693_S_LS_02_ASEReadCounter.table","NW_015090842.1:8989929",37,89,52
"CA5A","s1693_S_LS_02_ASEReadCounter.table","NW_015090842.1:8990002",36,78,42
"CA5A","s1693_S_LS_02_ASEReadCounter.table","NW_015090842.1:8990004",35,74,39
"CA5A","s1693_S_LS_02_ASEReadCounter.table","NW_015090842.1:8990005",36,79,43
"CA5A","s1693_S_LS_02_ASEReadCounter.table","NW_015090842.1:8990017",35,69,34
"CA5A","s1693_S_LS_02_ASEReadCounter.table","NW_015090842.1:8990043",35,66,31
"CA5A","s1693_S_LS_02_ASEReadCounter.table","NW_015090842.1:8990080",31,63,32
"CA5A","s1693_S_LS_02_ASEReadCounter.table","NW_015090842.1:8990084",31,64,33
"CA5A","s1693_S_LS_02_ASEReadCounter.table","NW_015090842.1:8990090",32,63,31
"CA5A","s1693_S_LS_02_ASEReadCounter.table","NW_015090842.1:8990095",30,64,34
"CA5A","s1693_S_LS_02_ASEReadCounter.table","NW_015090842.1:8990111",26,59,33
"CA5A","s1693_S_LS_02_ASEReadCounter.table","NW_015090842.1:8990112",26,57,31
"CA5A","s1693_S_LS_02_ASEReadCounter.table","NW_015090842.1:8990115",29,63,34
"CA5A","s1693_S_LS_02_ASEReadCounter.table","NW_015090842.1:8990166",20,50,30
"CA5A","s1693_S_LS_02_ASEReadCounter.table","NW_015090842.1:8990169",24,52,28
"CA5A","s1693_S_LS_02_ASEReadCounter.table","NW_015090842.1:8990222",18,40,22
"CA5A","s1693_S_LS_02_ASEReadCounter.table","NW_015090842.1:8990289",22,40,18
"CA5A","s1693_S_LS_02_ASEReadCounter.table","NW_015090842.1:8990314",26,44,18
"CA5A","s1693_S_LS_02_ASEReadCounter.table","NW_015090842.1:8990361",24,45,21
"CA5A","s1693_S_LS_02_ASEReadCounter.table","NW_015090842.1:8990368",24,47,23
"CA5A","s1693_S_LS_02_ASEReadCounter.table","NW_015090842.1:8990429",21,37,16
"CA5A","s1693_S_LS_02_ASEReadCounter.table","NW_015090842.1:8990466",21,36,15
"CA5A","s1693_S_LS_02_ASEReadCounter.table","NW_015090842.1:8990663",15,38,23
"CA5A","s1693_S_LS_02_ASEReadCounter.table","NW_015090842.1:8990797",11,29,18
"CA5A","s1693_S_LS_02_ASEReadCounter.table","NW_015090842.1:8990836",14,27,13
"CA5A","s1693_S_LS_02_ASEReadCounter.table","NW_015090842.1:8990842",14,27,13
"CA5A","s1693_S_LS_02_ASEReadCounter.table","NW_015090842.1:8990851",15,29,14
"CA5A","s1693_S_LS_02_ASEReadCounter.table","NW_015090842.1:8990918",13,25,12
"CA5A","s1693_S_LS_02_ASEReadCounter.table","NW_015090842.1:8990921",12,23,11
"CA5A","s1693_S_LS_02_ASEReadCounter.table","NW_015090842.1:8990942",13,28,15
"CA5A","s1693_S_LS_02_ASEReadCounter.table","NW_015090842.1:8991001",12,30,18
"CA5A","s1693_S_LS_02_ASEReadCounter.table","NW_015090842.1:8991038",8,25,17
"CA5A","s1693_S_LS_02_ASEReadCounter.table","NW_015090842.1:8991149",13,38,25
"CA5A","s1693_S_LS_02_ASEReadCounter.table","NW_015090842.1:8991176",14,34,20
"CA5A","s1693_S_LS_02_ASEReadCounter.table","NW_015090842.1:8991241",16,39,23
"CA5A","s1693_S_LS_02_ASEReadCounter.table","NW_015090842.1:8991262",13,32,19
"CA5A","s1693_S_LS_02_ASEReadCounter.table","NW_015090842.1:8991316",12,14,2
"CA5A","s1693_S_LS_02_ASEReadCounter.table","NW_015090842.1:8991319",12,14,2
"CA5A","s1693_S_LS_02_ASEReadCounter.table","NW_015090842.1:8991330",11,13,2
"CA5A","s1693_S_LS_02_ASEReadCounter.table","NW_015090842.1:8991334",12,14,2
"CA5A","s1693_S_LS_02_ASEReadCounter.table","NW_015090842.1:8991362",12,24,12
"CA5A","s1693_S_LS_02_ASEReadCounter.table","NW_015090842.1:8991368",11,23,12
"CA5A","s1693_S_LS_02_ASEReadCounter.table","NW_015090842.1:8991390",13,25,12
"CA5A","s1693_S_LS_02_ASEReadCounter.table","NW_015090842.1:8991395",14,25,11
"CA5A","s1693_S_LS_02_ASEReadCounter.table","NW_015090842.1:8991422",15,29,14
"CA5A","s1693_S_LS_02_ASEReadCounter.table","NW_015090842.1:8991467",16,25,9
"CA5A","s1693_S_LS_02_ASEReadCounter.table","NW_015090842.1:8991576",7,17,10
"CA5A","s1693_S_LS_02_ASEReadCounter.table","NW_015090842.1:8991587",13,25,12
"CA5A","s1693_S_LS_02_ASEReadCounter.table","NW_015090842.1:8991655",16,27,11
"CA5A","s1693_S_LS_02_ASEReadCounter.table","NW_015090842.1:8991717",11,23,12
"CA5A","s1693_S_LS_02_ASEReadCounter.table","NW_015090842.1:8991726",10,21,11
"CA5A","s1693_S_LS_02_ASEReadCounter.table","NW_015090842.1:8991799",6,17,11
"CA5A","s1693_S_LS_02_ASEReadCounter.table","NW_015090842.1:8991809",4,15,11
"CA5A","s1693_S_LS_02_ASEReadCounter.table","NW_015090842.1:8991848",4,11,7
"CA5A","s1693_S_LS_02_ASEReadCounter.table","NW_015090842.1:8991849",4,11,7
"CA5A","s1693_S_LS_02_ASEReadCounter.table","NW_015090842.1:8991927",3,10,7
"CA5A","s1693_S_LS_02_ASEReadCounter.table","NW_015090842.1:8991941",2,9,7
"CA5A","s1693_S_LS_02_ASEReadCounter.table","NW_015090842.1:8992121",4,12,8
"CA5A","s1693_S_LS_02_ASEReadCounter.table","NW_015090842.1:8992224",7,10,3
"CA5A","s1693_S_LS_02_ASEReadCounter.table","NW_015090842.1:9002570",1,5,4
"CA5A","s1693_S_LS_02_ASEReadCounter.table","NW_015090842.1:9002600",1,7,6
"CA5A","s1693_S_LS_02_ASEReadCounter.table","NW_015090842.1:9004312",2,4,2
"CA5A","s1693_S_LS_02_ASEReadCounter.table","NW_015090842.1:9004620",0,2,2
"CA5A","s1693_S_LS_02_ASEReadCounter.table","NW_015090842.1:9005116",0,2,2
"CA5A","s1693_S_LS_02_ASEReadCounter.table","NW_015090842.1:9005120",0,2,2
"CA5A","s1693_S_LS_02_ASEReadCounter.table","NW_015090842.1:9005140",2,4,2
"CA5A","s1693_S_LS_02_ASEReadCounter.table","NW_015090842.1:9005152",2,3,1
"CA5A","s1693_S_LS_02_ASEReadCounter.table","NW_015090842.1:9011189",0,1,1
"CA5A","s1693_S_LS_02_ASEReadCounter.table","NW_015090842.1:9011194",0,1,1
"BANP","s1693_S_LS_02_ASEReadCounter.table","NW_015090842.1:9033407",2,5,3
"BANP","s1693_S_LS_02_ASEReadCounter.table","NW_015090842.1:9033409",2,4,2
"BANP","s1693_S_LS_02_ASEReadCounter.table","NW_015090842.1:9033420",2,5,3
"BANP","s1693_S_LS_02_ASEReadCounter.table","NW_015090842.1:9055284",5,8,3
"ZC3H18","s1693_S_LS_02_ASEReadCounter.table","NW_015090842.1:9528933",19,32,13
"MVD","s1693_S_LS_02_ASEReadCounter.table","NW_015090842.1:9550690",77,77,0
"MVD","s1693_S_LS_02_ASEReadCounter.table","NW_015090842.1:9550691",79,79,0
"MVD","s1693_S_LS_02_ASEReadCounter.table","NW_015090842.1:9550699",94,94,0
"MVD","s1693_S_LS_02_ASEReadCounter.table","NW_015090842.1:9550701",92,92,0
"MVD","s1693_S_LS_02_ASEReadCounter.table","NW_015090842.1:9552202",70,70,0
"MVD","s1693_S_LS_02_ASEReadCounter.table","NW_015090842.1:9552223",65,65,0
"MVD","s1693_S_LS_02_ASEReadCounter.table","NW_015090842.1:9552533",53,53,0
"MVD","s1693_S_LS_02_ASEReadCounter.table","NW_015090842.1:9552644",21,34,13
"PIEZO1","s1693_S_LS_02_ASEReadCounter.table","NW_015090842.1:9577447",1,2,1
"PIEZO1","s1693_S_LS_02_ASEReadCounter.table","NW_015090842.1:9582976",2,4,2
"PIEZO1","s1693_S_LS_02_ASEReadCounter.table","NW_015090842.1:9583326",1,1,0
"CDT1","s1693_S_LS_02_ASEReadCounter.table","NW_015090842.1:9596711",2,2,0
"CDT1","s1693_S_LS_02_ASEReadCounter.table","NW_015090842.1:9597033",1,1,0
"CDT1","s1693_S_LS_02_ASEReadCounter.table","NW_015090842.1:9597756",2,4,2
"CDT1","s1693_S_LS_02_ASEReadCounter.table","NW_015090842.1:9598873",9,9,0
"ACSF3","s1693_S_LS_02_ASEReadCounter.table","NW_015090842.1:9776737",4,6,2
"ACSF3","s1693_S_LS_02_ASEReadCounter.table","NW_015090842.1:9809639",42,42,0
"ACSF3","s1693_S_LS_02_ASEReadCounter.table","NW_015090842.1:9834743",33,59,26
"ACSF3","s1693_S_LS_02_ASEReadCounter.table","NW_015090842.1:9834762",63,63,0
"ACSF3","s1693_S_LS_02_ASEReadCounter.table","NW_015090842.1:9834852",46,88,42
"ACSF3","s1693_S_LS_02_ASEReadCounter.table","NW_015090842.1:9834861",43,81,38
"ACSF3","s1693_S_LS_02_ASEReadCounter.table","NW_015090842.1:9839359",35,61,26
"ACSF3","s1693_S_LS_02_ASEReadCounter.table","NW_015090842.1:9839378",34,61,27
"ACSF3","s1693_S_LS_02_ASEReadCounter.table","NW_015090842.1:9839455",22,53,31
"ACSF3","s1693_S_LS_02_ASEReadCounter.table","NW_015090842.1:9839457",22,49,27
"ACSF3","s1693_S_LS_02_ASEReadCounter.table","NW_015090842.1:9839489",15,38,23
"ACSF3","s1693_S_LS_02_ASEReadCounter.table","NW_015090842.1:9839500",11,31,20
"ACSF3","s1693_S_LS_02_ASEReadCounter.table","NW_015090842.1:9839501",11,31,20
"ACSF3","s1693_S_LS_02_ASEReadCounter.table","NW_015090842.1:9839504",13,31,18
"ACSF3","s1693_S_LS_02_ASEReadCounter.table","NW_015090842.1:9839512",11,23,12
"ACSF3","s1693_S_LS_02_ASEReadCounter.table","NW_015090842.1:9839527",10,21,11
"ACSF3","s1693_S_LS_02_ASEReadCounter.table","NW_015090842.1:9839533",4,14,10
"ACSF3","s1693_S_LS_02_ASEReadCounter.table","NW_015090842.1:9839535",4,13,9
"ACSF3","s1693_S_LS_02_ASEReadCounter.table","NW_015090842.1:9839545",4,13,9
"ACSF3","s1693_S_LS_02_ASEReadCounter.table","NW_015090842.1:9839550",3,11,8
"ACSF3","s1693_S_LS_02_ASEReadCounter.table","NW_015090842.1:9839551",3,12,9
"CDH15","s1693_S_LS_02_ASEReadCounter.table","NW_015090842.1:9847163",1,1,0
"CDH15","s1693_S_LS_02_ASEReadCounter.table","NW_015090842.1:9847174",1,1,0
"CDH15","s1693_S_LS_02_ASEReadCounter.table","NW_015090842.1:9848888",1,1,0
"CDH15","s1693_S_LS_02_ASEReadCounter.table","NW_015090842.1:9849140",1,1,0
"CDH15","s1693_S_LS_02_ASEReadCounter.table","NW_015090842.1:9850141",0,1,1
"CDH15","s1693_S_LS_02_ASEReadCounter.table","NW_015090842.1:9850386",0,1,1
"CDH15","s1693_S_LS_02_ASEReadCounter.table","NW_015090842.1:9850432",1,2,1
"SLC22A31","s1693_S_LS_02_ASEReadCounter.table","NW_015090842.1:9850797",1,1,0
"SLC22A31","s1693_S_LS_02_ASEReadCounter.table","NW_015090842.1:9850818",1,1,0
"SLC22A31","s1693_S_LS_02_ASEReadCounter.table","NW_015090842.1:9850929",1,1,0
"SLC22A31","s1693_S_LS_02_ASEReadCounter.table","NW_015090842.1:9850936",1,1,0
"SLC22A31","s1693_S_LS_02_ASEReadCounter.table","NW_015090842.1:9850940",1,1,0
"SLC22A31","s1693_S_LS_02_ASEReadCounter.table","NW_015090842.1:9850948",1,1,0
"SLC22A31","s1693_S_LS_02_ASEReadCounter.table","NW_015090842.1:9851130",3,6,3
"SLC22A31","s1693_S_LS_02_ASEReadCounter.table","NW_015090842.1:9851139",3,6,3
"SLC22A31","s1693_S_LS_02_ASEReadCounter.table","NW_015090842.1:9851265",14,28,14
"SLC22A31","s1693_S_LS_02_ASEReadCounter.table","NW_015090842.1:9851302",12,26,14
"SLC22A31","s1693_S_LS_02_ASEReadCounter.table","NW_015090842.1:9851303",12,24,12
"SLC22A31","s1693_S_LS_02_ASEReadCounter.table","NW_015090842.1:9851305",12,25,13
"SLC22A31","s1693_S_LS_02_ASEReadCounter.table","NW_015090842.1:9851343",7,17,10
"SLC22A31","s1693_S_LS_02_ASEReadCounter.table","NW_015090842.1:9851344",7,15,8
"SLC22A31","s1693_S_LS_02_ASEReadCounter.table","NW_015090842.1:9851381",8,22,14
"SLC22A31","s1693_S_LS_02_ASEReadCounter.table","NW_015090842.1:9851421",8,23,15
"SLC22A31","s1693_S_LS_02_ASEReadCounter.table","NW_015090842.1:9851526",10,17,7
"SLC22A31","s1693_S_LS_02_ASEReadCounter.table","NW_015090842.1:9851589",9,17,8
"SLC22A31","s1693_S_LS_02_ASEReadCounter.table","NW_015090842.1:9851712",4,11,7
"SLC22A31","s1693_S_LS_02_ASEReadCounter.table","NW_015090842.1:9851899",4,9,5
"SLC22A31","s1693_S_LS_02_ASEReadCounter.table","NW_015090842.1:9852139",7,12,5
"SLC22A31","s1693_S_LS_02_ASEReadCounter.table","NW_015090842.1:9852380",4,8,4
"SLC22A31","s1693_S_LS_02_ASEReadCounter.table","NW_015090842.1:9852431",1,4,3
"SLC22A31","s1693_S_LS_02_ASEReadCounter.table","NW_015090842.1:9852630",1,2,1
"SLC22A31","s1693_S_LS_02_ASEReadCounter.table","NW_015090842.1:9852711",1,6,5
"SLC22A31","s1693_S_LS_02_ASEReadCounter.table","NW_015090842.1:9852742",0,2,2
"SLC22A31","s1693_S_LS_02_ASEReadCounter.table","NW_015090842.1:9853099",1,4,3
"SLC22A31","s1693_S_LS_02_ASEReadCounter.table","NW_015090842.1:9853102",2,5,3
"SLC22A31","s1693_S_LS_02_ASEReadCounter.table","NW_015090842.1:9853421",4,4,0
"SLC22A31","s1693_S_LS_02_ASEReadCounter.table","NW_015090842.1:9853457",5,5,0
"SLC22A31","s1693_S_LS_02_ASEReadCounter.table","NW_015090842.1:9853502",2,2,0
"ANKRD11","s1693_S_LS_02_ASEReadCounter.table","NW_015090842.1:9858863",22,42,20
"ANKRD11","s1693_S_LS_02_ASEReadCounter.table","NW_015090842.1:9859101",149,324,175
"ANKRD11","s1693_S_LS_02_ASEReadCounter.table","NW_015090842.1:9859352",168,381,213
"ANKRD11","s1693_S_LS_02_ASEReadCounter.table","NW_015090842.1:9859381",33,207,174
"ANKRD11","s1693_S_LS_02_ASEReadCounter.table","NW_015090842.1:9859527",84,196,112
"ANKRD11","s1693_S_LS_02_ASEReadCounter.table","NW_015090842.1:9859529",85,206,121
"ANKRD11","s1693_S_LS_02_ASEReadCounter.table","NW_015090842.1:9859679",181,381,200
"ANKRD11","s1693_S_LS_02_ASEReadCounter.table","NW_015090842.1:9861097",79,173,94
"ANKRD11","s1693_S_LS_02_ASEReadCounter.table","NW_015090842.1:9862571",59,109,50
"ANKRD11","s1693_S_LS_02_ASEReadCounter.table","NW_015090842.1:9866071",0,62,62
"ANKRD11","s1693_S_LS_02_ASEReadCounter.table","NW_015090842.1:9866200",0,43,43
"ANKRD11","s1693_S_LS_02_ASEReadCounter.table","NW_015090842.1:9867391",7,12,5
"ANKRD11","s1693_S_LS_02_ASEReadCounter.table","NW_015090842.1:9867472",10,24,14
"ANKRD11","s1693_S_LS_02_ASEReadCounter.table","NW_015090842.1:9867559",19,32,13
"ANKRD11","s1693_S_LS_02_ASEReadCounter.table","NW_015090842.1:9867934",15,34,19
"ANKRD11","s1693_S_LS_02_ASEReadCounter.table","NW_015090842.1:9868093",22,40,18
"ANKRD11","s1693_S_LS_02_ASEReadCounter.table","NW_015090842.1:9868222",23,44,21
"ANKRD11","s1693_S_LS_02_ASEReadCounter.table","NW_015090842.1:9868327",20,44,24
"ANKRD11","s1693_S_LS_02_ASEReadCounter.table","NW_015090842.1:9868414",32,78,46
"ANKRD11","s1693_S_LS_02_ASEReadCounter.table","NW_015090842.1:9868441",35,76,41
"ANKRD11","s1693_S_LS_02_ASEReadCounter.table","NW_015090842.1:9868444",32,75,43
"ANKRD11","s1693_S_LS_02_ASEReadCounter.table","NW_015090842.1:9868519",46,98,52
"ANKRD11","s1693_S_LS_02_ASEReadCounter.table","NW_015090842.1:9868609",66,118,52
"ANKRD11","s1693_S_LS_02_ASEReadCounter.table","NW_015090842.1:9868666",72,132,60
"ANKRD11","s1693_S_LS_02_ASEReadCounter.table","NW_015090842.1:9869431",164,321,157
"ANKRD11","s1693_S_LS_02_ASEReadCounter.table","NW_015090842.1:9869578",267,486,219
"ANKRD11","s1693_S_LS_02_ASEReadCounter.table","NW_015090842.1:9869734",247,501,254
"ANKRD11","s1693_S_LS_02_ASEReadCounter.table","NW_015090842.1:9870070",241,539,298
"ANKRD11","s1693_S_LS_02_ASEReadCounter.table","NW_015090842.1:9870349",311,649,338
"ANKRD11","s1693_S_LS_02_ASEReadCounter.table","NW_015090842.1:9870604",338,679,341
"ANKRD11","s1693_S_LS_02_ASEReadCounter.table","NW_015090842.1:9870613",370,720,350
"ANKRD11","s1693_S_LS_02_ASEReadCounter.table","NW_015090842.1:9870685",450,897,447
"ANKRD11","s1693_S_LS_02_ASEReadCounter.table","NW_015090842.1:9870847",371,811,440
"ANKRD11","s1693_S_LS_02_ASEReadCounter.table","NW_015090842.1:9871103",270,520,250
"ANKRD11","s1693_S_LS_02_ASEReadCounter.table","NW_015090842.1:9871165",257,544,287
"ANKRD11","s1693_S_LS_02_ASEReadCounter.table","NW_015090842.1:9871820",35,86,51
"ANKRD11","s1693_S_LS_02_ASEReadCounter.table","NW_015090842.1:9871994",64,64,0
"ANKRD11","s1693_S_LS_02_ASEReadCounter.table","NW_015090842.1:9872118",39,81,42
"SPG7","s1693_S_LS_02_ASEReadCounter.table","NW_015090842.1:10051190",31,73,42
"SPG7","s1693_S_LS_02_ASEReadCounter.table","NW_015090842.1:10051218",47,96,49
"SPG7","s1693_S_LS_02_ASEReadCounter.table","NW_015090842.1:10052348",47,96,49
"SPG7","s1693_S_LS_02_ASEReadCounter.table","NW_015090842.1:10052366",52,99,47
"SPG7","s1693_S_LS_02_ASEReadCounter.table","NW_015090842.1:10065173",104,203,99
"SPG7","s1693_S_LS_02_ASEReadCounter.table","NW_015090842.1:10065215",101,200,99
"SPG7","s1693_S_LS_02_ASEReadCounter.table","NW_015090842.1:10066301",92,178,86
"SPG7","s1693_S_LS_02_ASEReadCounter.table","NW_015090842.1:10066365",93,183,90
"SPG7","s1693_S_LS_02_ASEReadCounter.table","NW_015090842.1:10069752",97,195,98
"SPG7","s1693_S_LS_02_ASEReadCounter.table","NW_015090842.1:10069800",107,248,141
"SPG7","s1693_S_LS_02_ASEReadCounter.table","NW_015090842.1:10071192",148,309,161
"SPG7","s1693_S_LS_02_ASEReadCounter.table","NW_015090842.1:10071204",145,291,146
"SPG7","s1693_S_LS_02_ASEReadCounter.table","NW_015090842.1:10071219",139,274,135
"SPG7","s1693_S_LS_02_ASEReadCounter.table","NW_015090842.1:10071967",155,313,158
"SPG7","s1693_S_LS_02_ASEReadCounter.table","NW_015090842.1:10075109",328,651,323
"SPG7","s1693_S_LS_02_ASEReadCounter.table","NW_015090842.1:10075114",333,658,325
"SPG7","s1693_S_LS_02_ASEReadCounter.table","NW_015090842.1:10075198",268,522,254
"SPG7","s1693_S_LS_02_ASEReadCounter.table","NW_015090842.1:10075487",243,511,268
"SPG7","s1693_S_LS_02_ASEReadCounter.table","NW_015090842.1:10075488",243,517,274
"SPG7","s1693_S_LS_02_ASEReadCounter.table","NW_015090842.1:10075548",189,383,194
"RPL13","s1693_S_LS_02_ASEReadCounter.table","NW_015090842.1:10076979",1,3,2
"RPL13","s1693_S_LS_02_ASEReadCounter.table","NW_015090842.1:10077387",389,832,443
"RPL13","s1693_S_LS_02_ASEReadCounter.table","NW_015090842.1:10077978",617,1342,725
"RPL13","s1693_S_LS_02_ASEReadCounter.table","NW_015090842.1:10077992",608,1299,691
"CPNE7","s1693_S_LS_02_ASEReadCounter.table","NW_015090842.1:10084001",8,13,5
"CPNE7","s1693_S_LS_02_ASEReadCounter.table","NW_015090842.1:10084856",5,8,3
"CPNE7","s1693_S_LS_02_ASEReadCounter.table","NW_015090842.1:10084872",7,12,5
"CPNE7","s1693_S_LS_02_ASEReadCounter.table","NW_015090842.1:10084892",6,11,5
"CPNE7","s1693_S_LS_02_ASEReadCounter.table","NW_015090842.1:10084921",8,11,3
"CPNE7","s1693_S_LS_02_ASEReadCounter.table","NW_015090842.1:10084935",8,13,5
"CPNE7","s1693_S_LS_02_ASEReadCounter.table","NW_015090842.1:10085000",10,17,7
"CPNE7","s1693_S_LS_02_ASEReadCounter.table","NW_015090842.1:10085089",14,21,7
"CPNE7","s1693_S_LS_02_ASEReadCounter.table","NW_015090842.1:10085096",12,19,7
"CPNE7","s1693_S_LS_02_ASEReadCounter.table","NW_015090842.1:10085126",9,14,5
"CPNE7","s1693_S_LS_02_ASEReadCounter.table","NW_015090842.1:10085180",10,17,7
"CPNE7","s1693_S_LS_02_ASEReadCounter.table","NW_015090842.1:10085201",9,17,8
"CPNE7","s1693_S_LS_02_ASEReadCounter.table","NW_015090842.1:10088134",21,45,24
"CPNE7","s1693_S_LS_02_ASEReadCounter.table","NW_015090842.1:10088146",24,47,23
"CPNE7","s1693_S_LS_02_ASEReadCounter.table","NW_015090842.1:10088940",49,86,37
"CPNE7","s1693_S_LS_02_ASEReadCounter.table","NW_015090842.1:10088965",41,76,35
"CPNE7","s1693_S_LS_02_ASEReadCounter.table","NW_015090842.1:10088967",41,74,33
"CPNE7","s1693_S_LS_02_ASEReadCounter.table","NW_015090842.1:10088973",43,75,32
"CPNE7","s1693_S_LS_02_ASEReadCounter.table","NW_015090842.1:10090924",91,166,75
"CPNE7","s1693_S_LS_02_ASEReadCounter.table","NW_015090842.1:10090930",91,164,73
"CPNE7","s1693_S_LS_02_ASEReadCounter.table","NW_015090842.1:10091075",101,174,73
"CPNE7","s1693_S_LS_02_ASEReadCounter.table","NW_015090842.1:10091389",105,213,108
"CPNE7","s1693_S_LS_02_ASEReadCounter.table","NW_015090842.1:10091407",119,227,108
"CPNE7","s1693_S_LS_02_ASEReadCounter.table","NW_015090842.1:10091530",123,214,91
"CPNE7","s1693_S_LS_02_ASEReadCounter.table","NW_015090842.1:10091875",187,335,148
"CPNE7","s1693_S_LS_02_ASEReadCounter.table","NW_015090842.1:10091983",174,309,135
"CPNE7","s1693_S_LS_02_ASEReadCounter.table","NW_015090842.1:10091997",190,318,128
"CPNE7","s1693_S_LS_02_ASEReadCounter.table","NW_015090842.1:10092038",100,195,95
"CPNE7","s1693_S_LS_02_ASEReadCounter.table","NW_015090842.1:10092140",110,220,110
"CPNE7","s1693_S_LS_02_ASEReadCounter.table","NW_015090842.1:10092183",83,171,88
"CPNE7","s1693_S_LS_02_ASEReadCounter.table","NW_015090842.1:10092201",75,146,71
"CPNE7","s1693_S_LS_02_ASEReadCounter.table","NW_015090842.1:10092230",54,109,55
"CPNE7","s1693_S_LS_02_ASEReadCounter.table","NW_015090842.1:10092246",33,81,48
"LOC106888185","s1693_S_LS_02_ASEReadCounter.table","NW_015090842.1:10094965",0,2,2
"LOC106888185","s1693_S_LS_02_ASEReadCounter.table","NW_015090842.1:10094966",0,1,1
"LOC106888185","s1693_S_LS_02_ASEReadCounter.table","NW_015090842.1:10094985",0,2,2
"LOC106888185","s1693_S_LS_02_ASEReadCounter.table","NW_015090842.1:10095055",0,3,3
"LOC106888185","s1693_S_LS_02_ASEReadCounter.table","NW_015090842.1:10095062",0,2,2
"LOC106888185","s1693_S_LS_02_ASEReadCounter.table","NW_015090842.1:10095130",4,5,1
"LOC106888185","s1693_S_LS_02_ASEReadCounter.table","NW_015090842.1:10095265",7,13,6
"LOC106888185","s1693_S_LS_02_ASEReadCounter.table","NW_015090842.1:10095586",5,11,6
"LOC106888185","s1693_S_LS_02_ASEReadCounter.table","NW_015090842.1:10095593",5,11,6
"LOC106888185","s1693_S_LS_02_ASEReadCounter.table","NW_015090842.1:10095616",4,10,6
"LOC106888185","s1693_S_LS_02_ASEReadCounter.table","NW_015090842.1:10095662",3,7,4
"LOC106888185","s1693_S_LS_02_ASEReadCounter.table","NW_015090842.1:10095674",2,6,4
"LOC106888185","s1693_S_LS_02_ASEReadCounter.table","NW_015090842.1:10095786",1,6,5
"LOC106888185","s1693_S_LS_02_ASEReadCounter.table","NW_015090842.1:10095831",2,7,5
"LOC106888185","s1693_S_LS_02_ASEReadCounter.table","NW_015090842.1:10096230",2,6,4
"LOC106888185","s1693_S_LS_02_ASEReadCounter.table","NW_015090842.1:10096249",2,6,4
"LOC106888185","s1693_S_LS_02_ASEReadCounter.table","NW_015090842.1:10096272",1,4,3
"LOC106888185","s1693_S_LS_02_ASEReadCounter.table","NW_015090842.1:10096288",1,4,3
"LOC106888185","s1693_S_LS_02_ASEReadCounter.table","NW_015090842.1:10097248",1,3,2
"LOC106888185","s1693_S_LS_02_ASEReadCounter.table","NW_015090842.1:10097265",1,4,3
"LOC106888185","s1693_S_LS_02_ASEReadCounter.table","NW_015090842.1:10097446",0,2,2
"DPEP1","s1693_S_LS_02_ASEReadCounter.table","NW_015090842.1:10098017",0,2,2
"DPEP1","s1693_S_LS_02_ASEReadCounter.table","NW_015090842.1:10098518",0,1,1
"DPEP1","s1693_S_LS_02_ASEReadCounter.table","NW_015090842.1:10098595",2,4,2
"DPEP1","s1693_S_LS_02_ASEReadCounter.table","NW_015090842.1:10098597",2,4,2
"DPEP1","s1693_S_LS_02_ASEReadCounter.table","NW_015090842.1:10098601",2,4,2
"DPEP1","s1693_S_LS_02_ASEReadCounter.table","NW_015090842.1:10098608",2,3,1
"DPEP1","s1693_S_LS_02_ASEReadCounter.table","NW_015090842.1:10098630",2,3,1
"DPEP1","s1693_S_LS_02_ASEReadCounter.table","NW_015090842.1:10098659",2,3,1
"DPEP1","s1693_S_LS_02_ASEReadCounter.table","NW_015090842.1:10099765",1,1,0
"DPEP1","s1693_S_LS_02_ASEReadCounter.table","NW_015090842.1:10099985",0,1,1
"DPEP1","s1693_S_LS_02_ASEReadCounter.table","NW_015090842.1:10099986",0,1,1
"DPEP1","s1693_S_LS_02_ASEReadCounter.table","NW_015090842.1:10099991",0,1,1
"DPEP1","s1693_S_LS_02_ASEReadCounter.table","NW_015090842.1:10100044",0,1,1
"DPEP1","s1693_S_LS_02_ASEReadCounter.table","NW_015090842.1:10100045",0,1,1
"DPEP1","s1693_S_LS_02_ASEReadCounter.table","NW_015090842.1:10100295",0,1,1
"DPEP1","s1693_S_LS_02_ASEReadCounter.table","NW_015090842.1:10101072",0,3,3
"DPEP1","s1693_S_LS_02_ASEReadCounter.table","NW_015090842.1:10101199",0,1,1
"DPEP1","s1693_S_LS_02_ASEReadCounter.table","NW_015090842.1:10101483",0,3,3
"DPEP1","s1693_S_LS_02_ASEReadCounter.table","NW_015090842.1:10101497",0,2,2
"DPEP1","s1693_S_LS_02_ASEReadCounter.table","NW_015090842.1:10101525",0,1,1
"DPEP1","s1693_S_LS_02_ASEReadCounter.table","NW_015090842.1:10101875",0,4,4
"DPEP1","s1693_S_LS_02_ASEReadCounter.table","NW_015090842.1:10101913",0,2,2
"DPEP1","s1693_S_LS_02_ASEReadCounter.table","NW_015090842.1:10101996",0,4,4
"DPEP1","s1693_S_LS_02_ASEReadCounter.table","NW_015090842.1:10102014",0,3,3
"DPEP1","s1693_S_LS_02_ASEReadCounter.table","NW_015090842.1:10102035",0,3,3
"CHMP1A","s1693_S_LS_02_ASEReadCounter.table","NW_015090842.1:10102901",88,222,134
"CHMP1A","s1693_S_LS_02_ASEReadCounter.table","NW_015090842.1:10102961",50,179,129
"CHMP1A","s1693_S_LS_02_ASEReadCounter.table","NW_015090842.1:10102996",46,171,125
"CHMP1A","s1693_S_LS_02_ASEReadCounter.table","NW_015090842.1:10103004",54,181,127
"CHMP1A","s1693_S_LS_02_ASEReadCounter.table","NW_015090842.1:10103006",53,181,128
"CHMP1A","s1693_S_LS_02_ASEReadCounter.table","NW_015090842.1:10103052",107,262,155
"CHMP1A","s1693_S_LS_02_ASEReadCounter.table","NW_015090842.1:10103095",117,280,163
"CHMP1A","s1693_S_LS_02_ASEReadCounter.table","NW_015090842.1:10103096",114,276,162
"CHMP1A","s1693_S_LS_02_ASEReadCounter.table","NW_015090842.1:10103152",97,202,105
"CHMP1A","s1693_S_LS_02_ASEReadCounter.table","NW_015090842.1:10103334",56,152,96
"CHMP1A","s1693_S_LS_02_ASEReadCounter.table","NW_015090842.1:10103373",37,135,98
"CHMP1A","s1693_S_LS_02_ASEReadCounter.table","NW_015090842.1:10103408",50,133,83
"CHMP1A","s1693_S_LS_02_ASEReadCounter.table","NW_015090842.1:10103412",60,143,83
"CHMP1A","s1693_S_LS_02_ASEReadCounter.table","NW_015090842.1:10103512",69,166,97
"CHMP1A","s1693_S_LS_02_ASEReadCounter.table","NW_015090842.1:10103513",68,164,96
"CHMP1A","s1693_S_LS_02_ASEReadCounter.table","NW_015090842.1:10103583",54,112,58
"CHMP1A","s1693_S_LS_02_ASEReadCounter.table","NW_015090842.1:10103614",49,98,49
"CHMP1A","s1693_S_LS_02_ASEReadCounter.table","NW_015090842.1:10103657",42,98,56
"CHMP1A","s1693_S_LS_02_ASEReadCounter.table","NW_015090842.1:10103669",33,86,53
"CHMP1A","s1693_S_LS_02_ASEReadCounter.table","NW_015090842.1:10103674",35,83,48
"CHMP1A","s1693_S_LS_02_ASEReadCounter.table","NW_015090842.1:10103677",33,81,48
"CHMP1A","s1693_S_LS_02_ASEReadCounter.table","NW_015090842.1:10103729",53,106,53
"CHMP1A","s1693_S_LS_02_ASEReadCounter.table","NW_015090842.1:10103758",51,94,43
"CHMP1A","s1693_S_LS_02_ASEReadCounter.table","NW_015090842.1:10103761",54,100,46
"CHMP1A","s1693_S_LS_02_ASEReadCounter.table","NW_015090842.1:10103788",58,113,55
"CHMP1A","s1693_S_LS_02_ASEReadCounter.table","NW_015090842.1:10103789",58,114,56
"CHMP1A","s1693_S_LS_02_ASEReadCounter.table","NW_015090842.1:10103790",55,112,57
"CHMP1A","s1693_S_LS_02_ASEReadCounter.table","NW_015090842.1:10103950",44,100,56
"CHMP1A","s1693_S_LS_02_ASEReadCounter.table","NW_015090842.1:10104335",27,61,34
"CHMP1A","s1693_S_LS_02_ASEReadCounter.table","NW_015090842.1:10104429",40,79,39
"CHMP1A","s1693_S_LS_02_ASEReadCounter.table","NW_015090842.1:10104532",41,76,35
"CHMP1A","s1693_S_LS_02_ASEReadCounter.table","NW_015090842.1:10104633",35,60,25
"CHMP1A","s1693_S_LS_02_ASEReadCounter.table","NW_015090842.1:10104759",27,56,29
"CHMP1A","s1693_S_LS_02_ASEReadCounter.table","NW_015090842.1:10104794",30,64,34
"CHMP1A","s1693_S_LS_02_ASEReadCounter.table","NW_015090842.1:10104844",24,49,25
"CHMP1A","s1693_S_LS_02_ASEReadCounter.table","NW_015090842.1:10106290",32,56,24
"CHMP1A","s1693_S_LS_02_ASEReadCounter.table","NW_015090842.1:10106335",31,63,32
"CHMP1A","s1693_S_LS_02_ASEReadCounter.table","NW_015090842.1:10106383",32,62,30
"CHMP1A","s1693_S_LS_02_ASEReadCounter.table","NW_015090842.1:10106747",31,53,22
"CHMP1A","s1693_S_LS_02_ASEReadCounter.table","NW_015090842.1:10107404",29,68,39
"CHMP1A","s1693_S_LS_02_ASEReadCounter.table","NW_015090842.1:10107410",31,69,38
"CHMP1A","s1693_S_LS_02_ASEReadCounter.table","NW_015090842.1:10107876",20,49,29
"CDK10","s1693_S_LS_02_ASEReadCounter.table","NW_015090842.1:10109030",6,7,1
"CDK10","s1693_S_LS_02_ASEReadCounter.table","NW_015090842.1:10109963",21,65,44
"CDK10","s1693_S_LS_02_ASEReadCounter.table","NW_015090842.1:10110887",26,75,49
"CDK10","s1693_S_LS_02_ASEReadCounter.table","NW_015090842.1:10111254",28,60,32
"CDK10","s1693_S_LS_02_ASEReadCounter.table","NW_015090842.1:10111380",26,65,39
"CDK10","s1693_S_LS_02_ASEReadCounter.table","NW_015090842.1:10111395",23,66,43
"CDK10","s1693_S_LS_02_ASEReadCounter.table","NW_015090842.1:10111437",11,58,47
"CDK10","s1693_S_LS_02_ASEReadCounter.table","NW_015090842.1:10111798",31,77,46
"CDK10","s1693_S_LS_02_ASEReadCounter.table","NW_015090842.1:10111840",39,97,58
"CDK10","s1693_S_LS_02_ASEReadCounter.table","NW_015090842.1:10112031",39,111,72
"CDK10","s1693_S_LS_02_ASEReadCounter.table","NW_015090842.1:10112285",46,128,82
"CDK10","s1693_S_LS_02_ASEReadCounter.table","NW_015090842.1:10112398",59,139,80
"CDK10","s1693_S_LS_02_ASEReadCounter.table","NW_015090842.1:10112455",48,130,82
"CDK10","s1693_S_LS_02_ASEReadCounter.table","NW_015090842.1:10112461",45,119,74
"CDK10","s1693_S_LS_02_ASEReadCounter.table","NW_015090842.1:10112497",39,127,88
"CDK10","s1693_S_LS_02_ASEReadCounter.table","NW_015090842.1:10112508",32,125,93
"CDK10","s1693_S_LS_02_ASEReadCounter.table","NW_015090842.1:10112518",23,107,84
"CDK10","s1693_S_LS_02_ASEReadCounter.table","NW_015090842.1:10112540",21,105,84
"CDK10","s1693_S_LS_02_ASEReadCounter.table","NW_015090842.1:10112556",51,135,84
"CDK10","s1693_S_LS_02_ASEReadCounter.table","NW_015090842.1:10112561",54,149,95
"CDK10","s1693_S_LS_02_ASEReadCounter.table","NW_015090842.1:10112596",62,147,85
"CDK10","s1693_S_LS_02_ASEReadCounter.table","NW_015090842.1:10112630",54,135,81
"CDK10","s1693_S_LS_02_ASEReadCounter.table","NW_015090842.1:10112656",46,132,86
"CDK10","s1693_S_LS_02_ASEReadCounter.table","NW_015090842.1:10112665",36,106,70
"CDK10","s1693_S_LS_02_ASEReadCounter.table","NW_015090842.1:10112668",35,105,70
"CDK10","s1693_S_LS_02_ASEReadCounter.table","NW_015090842.1:10112781",31,59,28
"CDK10","s1693_S_LS_02_ASEReadCounter.table","NW_015090842.1:10112782",30,58,28
"CDK10","s1693_S_LS_02_ASEReadCounter.table","NW_015090842.1:10112795",30,59,29
"CDK10","s1693_S_LS_02_ASEReadCounter.table","NW_015090842.1:10112841",17,28,11
"CDK10","s1693_S_LS_02_ASEReadCounter.table","NW_015090842.1:10112861",9,16,7
"SPATA2L","s1693_S_LS_02_ASEReadCounter.table","NW_015090842.1:10113212",26,54,28
"SPATA2L","s1693_S_LS_02_ASEReadCounter.table","NW_015090842.1:10113280",39,114,75
"SPATA2L","s1693_S_LS_02_ASEReadCounter.table","NW_015090842.1:10113296",47,129,82
"SPATA2L","s1693_S_LS_02_ASEReadCounter.table","NW_015090842.1:10113321",58,150,92
"SPATA2L","s1693_S_LS_02_ASEReadCounter.table","NW_015090842.1:10113332",62,161,99
"SPATA2L","s1693_S_LS_02_ASEReadCounter.table","NW_015090842.1:10113380",68,157,89
"SPATA2L","s1693_S_LS_02_ASEReadCounter.table","NW_015090842.1:10113381",68,160,92
"SPATA2L","s1693_S_LS_02_ASEReadCounter.table","NW_015090842.1:10113412",71,169,98
"SPATA2L","s1693_S_LS_02_ASEReadCounter.table","NW_015090842.1:10113421",71,162,91
"SPATA2L","s1693_S_LS_02_ASEReadCounter.table","NW_015090842.1:10113465",68,156,88
"SPATA2L","s1693_S_LS_02_ASEReadCounter.table","NW_015090842.1:10113535",78,166,88
"SPATA2L","s1693_S_LS_02_ASEReadCounter.table","NW_015090842.1:10113645",57,151,94
"SPATA2L","s1693_S_LS_02_ASEReadCounter.table","NW_015090842.1:10113682",68,173,105
"SPATA2L","s1693_S_LS_02_ASEReadCounter.table","NW_015090842.1:10113696",70,172,102
"SPATA2L","s1693_S_LS_02_ASEReadCounter.table","NW_015090842.1:10113727",81,186,105
"SPATA2L","s1693_S_LS_02_ASEReadCounter.table","NW_015090842.1:10113729",81,183,102
"SPATA2L","s1693_S_LS_02_ASEReadCounter.table","NW_015090842.1:10113799",73,197,124
"SPATA2L","s1693_S_LS_02_ASEReadCounter.table","NW_015090842.1:10113809",83,210,127
"SPATA2L","s1693_S_LS_02_ASEReadCounter.table","NW_015090842.1:10113827",77,185,108
"SPATA2L","s1693_S_LS_02_ASEReadCounter.table","NW_015090842.1:10113831",73,182,109
"SPATA2L","s1693_S_LS_02_ASEReadCounter.table","NW_015090842.1:10113894",68,145,77
"SPATA2L","s1693_S_LS_02_ASEReadCounter.table","NW_015090842.1:10113905",60,129,69
"SPATA2L","s1693_S_LS_02_ASEReadCounter.table","NW_015090842.1:10113914",58,128,70
"SPATA2L","s1693_S_LS_02_ASEReadCounter.table","NW_015090842.1:10113920",61,131,70
"SPATA2L","s1693_S_LS_02_ASEReadCounter.table","NW_015090842.1:10113937",67,145,78
"SPATA2L","s1693_S_LS_02_ASEReadCounter.table","NW_015090842.1:10113971",53,131,78
"SPATA2L","s1693_S_LS_02_ASEReadCounter.table","NW_015090842.1:10113976",52,140,88
"SPATA2L","s1693_S_LS_02_ASEReadCounter.table","NW_015090842.1:10113985",57,131,74
"SPATA2L","s1693_S_LS_02_ASEReadCounter.table","NW_015090842.1:10113994",66,151,85
"SPATA2L","s1693_S_LS_02_ASEReadCounter.table","NW_015090842.1:10114063",48,111,63
"SPATA2L","s1693_S_LS_02_ASEReadCounter.table","NW_015090842.1:10114066",44,111,67
"SPATA2L","s1693_S_LS_02_ASEReadCounter.table","NW_015090842.1:10114069",47,113,66
"SPATA2L","s1693_S_LS_02_ASEReadCounter.table","NW_015090842.1:10114159",42,90,48
"SPATA2L","s1693_S_LS_02_ASEReadCounter.table","NW_015090842.1:10114262",108,108,0
"SPATA2L","s1693_S_LS_02_ASEReadCounter.table","NW_015090842.1:10114470",39,79,40
"SPATA2L","s1693_S_LS_02_ASEReadCounter.table","NW_015090842.1:10114524",19,52,33
"VPS9D1","s1693_S_LS_02_ASEReadCounter.table","NW_015090842.1:10116377",35,63,28
"VPS9D1","s1693_S_LS_02_ASEReadCounter.table","NW_015090842.1:10116415",38,76,38
"VPS9D1","s1693_S_LS_02_ASEReadCounter.table","NW_015090842.1:10116607",35,79,44
"VPS9D1","s1693_S_LS_02_ASEReadCounter.table","NW_015090842.1:10116821",17,40,23
"VPS9D1","s1693_S_LS_02_ASEReadCounter.table","NW_015090842.1:10116825",17,39,22
"VPS9D1","s1693_S_LS_02_ASEReadCounter.table","NW_015090842.1:10116882",13,36,23
"VPS9D1","s1693_S_LS_02_ASEReadCounter.table","NW_015090842.1:10116933",16,46,30
"VPS9D1","s1693_S_LS_02_ASEReadCounter.table","NW_015090842.1:10116942",16,49,33
"VPS9D1","s1693_S_LS_02_ASEReadCounter.table","NW_015090842.1:10117152",17,44,27
"VPS9D1","s1693_S_LS_02_ASEReadCounter.table","NW_015090842.1:10117480",10,33,23
"VPS9D1","s1693_S_LS_02_ASEReadCounter.table","NW_015090842.1:10117497",11,33,22
"VPS9D1","s1693_S_LS_02_ASEReadCounter.table","NW_015090842.1:10117499",10,34,24
"VPS9D1","s1693_S_LS_02_ASEReadCounter.table","NW_015090842.1:10117516",13,40,27
"VPS9D1","s1693_S_LS_02_ASEReadCounter.table","NW_015090842.1:10117525",13,39,26
"VPS9D1","s1693_S_LS_02_ASEReadCounter.table","NW_015090842.1:10117579",11,36,25
"VPS9D1","s1693_S_LS_02_ASEReadCounter.table","NW_015090842.1:10117627",17,32,15
"VPS9D1","s1693_S_LS_02_ASEReadCounter.table","NW_015090842.1:10117678",12,31,19
"VPS9D1","s1693_S_LS_02_ASEReadCounter.table","NW_015090842.1:10117773",23,62,39
"VPS9D1","s1693_S_LS_02_ASEReadCounter.table","NW_015090842.1:10117937",25,69,44
"VPS9D1","s1693_S_LS_02_ASEReadCounter.table","NW_015090842.1:10117961",22,61,39
"VPS9D1","s1693_S_LS_02_ASEReadCounter.table","NW_015090842.1:10118236",22,63,41
"VPS9D1","s1693_S_LS_02_ASEReadCounter.table","NW_015090842.1:10118414",12,46,34
"VPS9D1","s1693_S_LS_02_ASEReadCounter.table","NW_015090842.1:10118973",13,44,31
"VPS9D1","s1693_S_LS_02_ASEReadCounter.table","NW_015090842.1:10119500",14,31,17
"ZNF276","s1693_S_LS_02_ASEReadCounter.table","NW_015090842.1:10121760",0,2,2
"ZNF276","s1693_S_LS_02_ASEReadCounter.table","NW_015090842.1:10121769",0,2,2
"ZNF276","s1693_S_LS_02_ASEReadCounter.table","NW_015090842.1:10121802",0,3,3
"ZNF276","s1693_S_LS_02_ASEReadCounter.table","NW_015090842.1:10121971",2,8,6
"ZNF276","s1693_S_LS_02_ASEReadCounter.table","NW_015090842.1:10122161",10,10,0
"ZNF276","s1693_S_LS_02_ASEReadCounter.table","NW_015090842.1:10122164",10,10,0
"ZNF276","s1693_S_LS_02_ASEReadCounter.table","NW_015090842.1:10122184",9,9,0
"ZNF276","s1693_S_LS_02_ASEReadCounter.table","NW_015090842.1:10122883",5,11,6
"ZNF276","s1693_S_LS_02_ASEReadCounter.table","NW_015090842.1:10122997",7,14,7
"ZNF276","s1693_S_LS_02_ASEReadCounter.table","NW_015090842.1:10123069",8,15,7
"ZNF276","s1693_S_LS_02_ASEReadCounter.table","NW_015090842.1:10123207",11,22,11
"ZNF276","s1693_S_LS_02_ASEReadCounter.table","NW_015090842.1:10125787",13,32,19
"ZNF276","s1693_S_LS_02_ASEReadCounter.table","NW_015090842.1:10126309",16,30,14
"ZNF276","s1693_S_LS_02_ASEReadCounter.table","NW_015090842.1:10126348",17,33,16
"ZNF276","s1693_S_LS_02_ASEReadCounter.table","NW_015090842.1:10126978",10,32,22
"ZNF276","s1693_S_LS_02_ASEReadCounter.table","NW_015090842.1:10126991",11,30,19
"ZNF276","s1693_S_LS_02_ASEReadCounter.table","NW_015090842.1:10127023",16,35,19
"ZNF276","s1693_S_LS_02_ASEReadCounter.table","NW_015090842.1:10127063",13,31,18
"ZNF276","s1693_S_LS_02_ASEReadCounter.table","NW_015090842.1:10127373",10,25,15
"ZNF276","s1693_S_LS_02_ASEReadCounter.table","NW_015090842.1:10127931",20,42,22
"ZNF276","s1693_S_LS_02_ASEReadCounter.table","NW_015090842.1:10128070",29,64,35
"ZNF276","s1693_S_LS_02_ASEReadCounter.table","NW_015090842.1:10128102",28,58,30
"ZNF276","s1693_S_LS_02_ASEReadCounter.table","NW_015090842.1:10128356",24,45,21
"ZNF276","s1693_S_LS_02_ASEReadCounter.table","NW_015090842.1:10128497",19,34,15
"FANCA","s1693_S_LS_02_ASEReadCounter.table","NW_015090842.1:10128743",3,6,3
"FANCA","s1693_S_LS_02_ASEReadCounter.table","NW_015090842.1:10128822",3,4,1
"FANCA","s1693_S_LS_02_ASEReadCounter.table","NW_015090842.1:10129383",3,5,2
"FANCA","s1693_S_LS_02_ASEReadCounter.table","NW_015090842.1:10129390",3,5,2
"FANCA","s1693_S_LS_02_ASEReadCounter.table","NW_015090842.1:10129422",2,6,4
"FANCA","s1693_S_LS_02_ASEReadCounter.table","NW_015090842.1:10129969",0,3,3
"FANCA","s1693_S_LS_02_ASEReadCounter.table","NW_015090842.1:10130399",1,3,2
"FANCA","s1693_S_LS_02_ASEReadCounter.table","NW_015090842.1:10130857",1,2,1
"FANCA","s1693_S_LS_02_ASEReadCounter.table","NW_015090842.1:10130878",0,1,1
"FANCA","s1693_S_LS_02_ASEReadCounter.table","NW_015090842.1:10133530",0,1,1
"FANCA","s1693_S_LS_02_ASEReadCounter.table","NW_015090842.1:10133533",0,1,1
"FANCA","s1693_S_LS_02_ASEReadCounter.table","NW_015090842.1:10133536",0,1,1
"FANCA","s1693_S_LS_02_ASEReadCounter.table","NW_015090842.1:10133601",0,2,2
"FANCA","s1693_S_LS_02_ASEReadCounter.table","NW_015090842.1:10134492",0,1,1
"FANCA","s1693_S_LS_02_ASEReadCounter.table","NW_015090842.1:10136957",1,1,0
"FANCA","s1693_S_LS_02_ASEReadCounter.table","NW_015090842.1:10136982",1,1,0
"FANCA","s1693_S_LS_02_ASEReadCounter.table","NW_015090842.1:10136999",1,2,1
"FANCA","s1693_S_LS_02_ASEReadCounter.table","NW_015090842.1:10137019",1,2,1
"FANCA","s1693_S_LS_02_ASEReadCounter.table","NW_015090842.1:10137673",1,4,3
"FANCA","s1693_S_LS_02_ASEReadCounter.table","NW_015090842.1:10141234",1,1,0
"FANCA","s1693_S_LS_02_ASEReadCounter.table","NW_015090842.1:10163667",0,1,1
"FANCA","s1693_S_LS_02_ASEReadCounter.table","NW_015090842.1:10165331",0,1,1
"SPIRE2","s1693_S_LS_02_ASEReadCounter.table","NW_015090842.1:10172284",9,14,5
"SPIRE2","s1693_S_LS_02_ASEReadCounter.table","NW_015090842.1:10175262",11,23,12
"SPIRE2","s1693_S_LS_02_ASEReadCounter.table","NW_015090842.1:10175352",10,15,5
"SPIRE2","s1693_S_LS_02_ASEReadCounter.table","NW_015090842.1:10175400",33,74,41
"SPIRE2","s1693_S_LS_02_ASEReadCounter.table","NW_015090842.1:10175418",39,82,43
"SPIRE2","s1693_S_LS_02_ASEReadCounter.table","NW_015090842.1:10175704",39,82,43
"SPIRE2","s1693_S_LS_02_ASEReadCounter.table","NW_015090842.1:10176115",65,125,60
"SPIRE2","s1693_S_LS_02_ASEReadCounter.table","NW_015090842.1:10176561",65,135,70
"SPIRE2","s1693_S_LS_02_ASEReadCounter.table","NW_015090842.1:10176817",54,126,72
"SPIRE2","s1693_S_LS_02_ASEReadCounter.table","NW_015090842.1:10177084",40,101,61
"SPIRE2","s1693_S_LS_02_ASEReadCounter.table","NW_015090842.1:10177838",78,159,81
"SPIRE2","s1693_S_LS_02_ASEReadCounter.table","NW_015090842.1:10178000",95,182,87
"SPIRE2","s1693_S_LS_02_ASEReadCounter.table","NW_015090842.1:10178164",92,193,101
"SPIRE2","s1693_S_LS_02_ASEReadCounter.table","NW_015090842.1:10178216",101,216,115
"SPIRE2","s1693_S_LS_02_ASEReadCounter.table","NW_015090842.1:10178303",104,192,88
"SPIRE2","s1693_S_LS_02_ASEReadCounter.table","NW_015090842.1:10178403",94,207,113
"SPIRE2","s1693_S_LS_02_ASEReadCounter.table","NW_015090842.1:10178409",94,204,110
"SPIRE2","s1693_S_LS_02_ASEReadCounter.table","NW_015090842.1:10178524",100,207,107
"SPIRE2","s1693_S_LS_02_ASEReadCounter.table","NW_015090842.1:10178526",100,209,109
"SPIRE2","s1693_S_LS_02_ASEReadCounter.table","NW_015090842.1:10178531",96,203,107
"SPIRE2","s1693_S_LS_02_ASEReadCounter.table","NW_015090842.1:10178565",96,202,106
"SPIRE2","s1693_S_LS_02_ASEReadCounter.table","NW_015090842.1:10178587",99,193,94
"SPIRE2","s1693_S_LS_02_ASEReadCounter.table","NW_015090842.1:10178640",83,159,76
"SPIRE2","s1693_S_LS_02_ASEReadCounter.table","NW_015090842.1:10178651",88,169,81
"SPIRE2","s1693_S_LS_02_ASEReadCounter.table","NW_015090842.1:10178682",81,160,79
"TCF25","s1693_S_LS_02_ASEReadCounter.table","NW_015090842.1:10180912",54,87,33
"TCF25","s1693_S_LS_02_ASEReadCounter.table","NW_015090842.1:10180924",63,99,36
"TCF25","s1693_S_LS_02_ASEReadCounter.table","NW_015090842.1:10180931",61,99,38
"TCF25","s1693_S_LS_02_ASEReadCounter.table","NW_015090842.1:10185332",104,181,77
"TCF25","s1693_S_LS_02_ASEReadCounter.table","NW_015090842.1:10196561",80,143,63
"TCF25","s1693_S_LS_02_ASEReadCounter.table","NW_015090842.1:10197399",202,202,0
"MC1R","s1693_S_LS_02_ASEReadCounter.table","NW_015090842.1:10202447",1,1,0
"TUBB3","s1693_S_LS_02_ASEReadCounter.table","NW_015090842.1:10205322",0,172,172
"GAS8","s1693_S_LS_02_ASEReadCounter.table","NW_015090842.1:10228982",22,44,22
"GAS8","s1693_S_LS_02_ASEReadCounter.table","NW_015090842.1:10229832",17,28,11
"GAS8","s1693_S_LS_02_ASEReadCounter.table","NW_015090842.1:10232901",22,52,30
"GAS8","s1693_S_LS_02_ASEReadCounter.table","NW_015090842.1:10232928",35,73,38
"GAS8","s1693_S_LS_02_ASEReadCounter.table","NW_015090842.1:10232967",44,75,31
"GAS8","s1693_S_LS_02_ASEReadCounter.table","NW_015090842.1:10233032",32,52,20
"GAS8","s1693_S_LS_02_ASEReadCounter.table","NW_015090842.1:10233057",27,43,16
"GAS8","s1693_S_LS_02_ASEReadCounter.table","NW_015090842.1:10233058",28,44,16
"GAS8","s1693_S_LS_02_ASEReadCounter.table","NW_015090842.1:10233176",27,56,29
"GAS8","s1693_S_LS_02_ASEReadCounter.table","NW_015090842.1:10233196",25,52,27
"GAS8","s1693_S_LS_02_ASEReadCounter.table","NW_015090842.1:10233252",16,31,15
"GAS8","s1693_S_LS_02_ASEReadCounter.table","NW_015090842.1:10233303",11,18,7
"LOC106888094","s1693_S_LS_02_ASEReadCounter.table","NW_015090842.1:10233334",4,7,3
"LOC106888094","s1693_S_LS_02_ASEReadCounter.table","NW_015090842.1:10233362",7,15,8
"LOC106888094","s1693_S_LS_02_ASEReadCounter.table","NW_015090842.1:10233373",7,16,9
"LOC106888094","s1693_S_LS_02_ASEReadCounter.table","NW_015090842.1:10233388",6,16,10
"LOC106888094","s1693_S_LS_02_ASEReadCounter.table","NW_015090842.1:10233402",6,16,10
"LOC106888094","s1693_S_LS_02_ASEReadCounter.table","NW_015090842.1:10233465",9,18,9
"LOC106888094","s1693_S_LS_02_ASEReadCounter.table","NW_015090842.1:10233803",8,24,16
"LOC106888094","s1693_S_LS_02_ASEReadCounter.table","NW_015090842.1:10233815",6,17,11
"LOC106888094","s1693_S_LS_02_ASEReadCounter.table","NW_015090842.1:10235484",1,1,0
"LOC106888094","s1693_S_LS_02_ASEReadCounter.table","NW_015090842.1:10235977",2,2,0
"LOC106888094","s1693_S_LS_02_ASEReadCounter.table","NW_015090842.1:10236098",2,3,1
"LOC106888094","s1693_S_LS_02_ASEReadCounter.table","NW_015090842.1:10236161",2,4,2
"LOC106888094","s1693_S_LS_02_ASEReadCounter.table","NW_015090842.1:10236380",1,1,0
"LOC106888094","s1693_S_LS_02_ASEReadCounter.table","NW_015090842.1:10236388",1,1,0
"LOC106888094","s1693_S_LS_02_ASEReadCounter.table","NW_015090842.1:10236425",1,1,0
"LOC106888094","s1693_S_LS_02_ASEReadCounter.table","NW_015090842.1:10236426",1,1,0
"LOC106888094","s1693_S_LS_02_ASEReadCounter.table","NW_015090842.1:10236603",1,1,0
"LOC106888173","s1693_S_LS_02_ASEReadCounter.table","NW_015090842.1:10239596",0,8,8
"LOC106888173","s1693_S_LS_02_ASEReadCounter.table","NW_015090842.1:10240036",0,7,7
"LOC106888173","s1693_S_LS_02_ASEReadCounter.table","NW_015090842.1:10240095",1,8,7
"LOC106888173","s1693_S_LS_02_ASEReadCounter.table","NW_015090842.1:10240280",2,14,12
"LOC106888173","s1693_S_LS_02_ASEReadCounter.table","NW_015090842.1:10240557",6,23,17
"LOC106888173","s1693_S_LS_02_ASEReadCounter.table","NW_015090842.1:10240603",5,21,16
"LOC106888173","s1693_S_LS_02_ASEReadCounter.table","NW_015090842.1:10240609",5,20,15
"LOC106888173","s1693_S_LS_02_ASEReadCounter.table","NW_015090842.1:10240924",1,20,19
"LOC106888173","s1693_S_LS_02_ASEReadCounter.table","NW_015090842.1:10241037",0,21,21
"LOC106888173","s1693_S_LS_02_ASEReadCounter.table","NW_015090842.1:10241046",0,21,21
"LOC106888173","s1693_S_LS_02_ASEReadCounter.table","NW_015090842.1:10241058",1,24,23
"LOC106888173","s1693_S_LS_02_ASEReadCounter.table","NW_015090842.1:10241064",1,25,24
"LOC106888173","s1693_S_LS_02_ASEReadCounter.table","NW_015090842.1:10241163",4,23,19
"LOC106888173","s1693_S_LS_02_ASEReadCounter.table","NW_015090842.1:10241803",0,14,14
"LOC106888173","s1693_S_LS_02_ASEReadCounter.table","NW_015090842.1:10241827",1,17,16
"LOC106888173","s1693_S_LS_02_ASEReadCounter.table","NW_015090842.1:10241869",2,21,19
"LOC106888173","s1693_S_LS_02_ASEReadCounter.table","NW_015090842.1:10242079",6,22,16
"LOC106888173","s1693_S_LS_02_ASEReadCounter.table","NW_015090842.1:10242103",5,23,18
"LOC106888173","s1693_S_LS_02_ASEReadCounter.table","NW_015090842.1:10242157",3,24,21
"LOC106888173","s1693_S_LS_02_ASEReadCounter.table","NW_015090842.1:10242455",4,17,13
"LOC106888173","s1693_S_LS_02_ASEReadCounter.table","NW_015090842.1:10242481",3,19,16
"LOC106888173","s1693_S_LS_02_ASEReadCounter.table","NW_015090842.1:10242590",2,18,16
"LOC106888173","s1693_S_LS_02_ASEReadCounter.table","NW_015090842.1:10242794",1,21,20
"LOC106888173","s1693_S_LS_02_ASEReadCounter.table","NW_015090842.1:10242909",5,21,16
"LOC106888173","s1693_S_LS_02_ASEReadCounter.table","NW_015090842.1:10243094",4,28,24
"LOC106888173","s1693_S_LS_02_ASEReadCounter.table","NW_015090842.1:10243133",2,20,18
"LOC106888173","s1693_S_LS_02_ASEReadCounter.table","NW_015090842.1:10243273",6,38,32
"LOC106888173","s1693_S_LS_02_ASEReadCounter.table","NW_015090842.1:10243278",6,36,30
"LOC106888173","s1693_S_LS_02_ASEReadCounter.table","NW_015090842.1:10243281",7,37,30
"LOC106888173","s1693_S_LS_02_ASEReadCounter.table","NW_015090842.1:10243347",16,16,0
"LOC106888173","s1693_S_LS_02_ASEReadCounter.table","NW_015090842.1:10243353",4,13,9
"LOC106888173","s1693_S_LS_02_ASEReadCounter.table","NW_015090842.1:10243363",5,13,8
"LOC106888173","s1693_S_LS_02_ASEReadCounter.table","NW_015090842.1:10243365",5,13,8
"LOC106888173","s1693_S_LS_02_ASEReadCounter.table","NW_015090842.1:10243529",3,31,28
"LOC106888173","s1693_S_LS_02_ASEReadCounter.table","NW_015090842.1:10243566",8,46,38
"LOC106888173","s1693_S_LS_02_ASEReadCounter.table","NW_015090842.1:10243605",9,43,34
"LOC106888173","s1693_S_LS_02_ASEReadCounter.table","NW_015090842.1:10243614",9,40,31
"LOC106888173","s1693_S_LS_02_ASEReadCounter.table","NW_015090842.1:10243615",9,40,31
"LOC106888173","s1693_S_LS_02_ASEReadCounter.table","NW_015090842.1:10243640",7,35,28
"LOC106888173","s1693_S_LS_02_ASEReadCounter.table","NW_015090842.1:10243680",7,28,21
"LOC106888173","s1693_S_LS_02_ASEReadCounter.table","NW_015090842.1:10243742",11,37,26
"LOC106888173","s1693_S_LS_02_ASEReadCounter.table","NW_015090842.1:10243804",11,34,23
"LOC106888173","s1693_S_LS_02_ASEReadCounter.table","NW_015090842.1:10243913",7,16,9
"LOC106888173","s1693_S_LS_02_ASEReadCounter.table","NW_015090842.1:10243921",7,17,10
"LOC106888384","s1693_S_LS_02_ASEReadCounter.table","NW_015090842.1:10251343",1,1,0
"LOC106888384","s1693_S_LS_02_ASEReadCounter.table","NW_015090842.1:10251344",1,1,0
"LOC106888384","s1693_S_LS_02_ASEReadCounter.table","NW_015090842.1:10251349",1,1,0
"LOC106888384","s1693_S_LS_02_ASEReadCounter.table","NW_015090842.1:10251354",1,1,0
"LOC106888384","s1693_S_LS_02_ASEReadCounter.table","NW_015090842.1:10251358",1,1,0
"LOC106888384","s1693_S_LS_02_ASEReadCounter.table","NW_015090842.1:10251369",1,1,0
"LOC106888384","s1693_S_LS_02_ASEReadCounter.table","NW_015090842.1:10251370",1,1,0
"LOC106888384","s1693_S_LS_02_ASEReadCounter.table","NW_015090842.1:10251375",1,1,0
"LOC106888384","s1693_S_LS_02_ASEReadCounter.table","NW_015090842.1:10251388",1,1,0
"LOC106888384","s1693_S_LS_02_ASEReadCounter.table","NW_015090842.1:10251390",1,1,0
"LOC106888384","s1693_S_LS_02_ASEReadCounter.table","NW_015090842.1:10254227",1,1,0
"LOC106888384","s1693_S_LS_02_ASEReadCounter.table","NW_015090842.1:10254263",1,1,0
"LOC106888384","s1693_S_LS_02_ASEReadCounter.table","NW_015090842.1:10254293",1,1,0
"LOC106888384","s1693_S_LS_02_ASEReadCounter.table","NW_015090842.1:10254891",0,1,1
"LOC106888384","s1693_S_LS_02_ASEReadCounter.table","NW_015090842.1:10254900",1,1,0
"LOC106888384","s1693_S_LS_02_ASEReadCounter.table","NW_015090842.1:10254915",1,1,0
"LOC106888384","s1693_S_LS_02_ASEReadCounter.table","NW_015090842.1:10255077",2,2,0
"LOC106888384","s1693_S_LS_02_ASEReadCounter.table","NW_015090842.1:10255117",2,2,0
"LOC106888384","s1693_S_LS_02_ASEReadCounter.table","NW_015090842.1:10255138",2,2,0
"LOC106888384","s1693_S_LS_02_ASEReadCounter.table","NW_015090842.1:10255139",2,2,0
"LOC106888384","s1693_S_LS_02_ASEReadCounter.table","NW_015090842.1:10255209",1,1,0
"LOC106888384","s1693_S_LS_02_ASEReadCounter.table","NW_015090842.1:10255211",1,1,0
"LOC106888384","s1693_S_LS_02_ASEReadCounter.table","NW_015090842.1:10255236",1,1,0
"LOC106888384","s1693_S_LS_02_ASEReadCounter.table","NW_015090842.1:10255262",1,1,0
"LOC106888384","s1693_S_LS_02_ASEReadCounter.table","NW_015090842.1:10255264",1,1,0
"LOC106888384","s1693_S_LS_02_ASEReadCounter.table","NW_015090842.1:10255410",3,3,0
"LOC106888384","s1693_S_LS_02_ASEReadCounter.table","NW_015090842.1:10255449",3,3,0
"LOC106888384","s1693_S_LS_02_ASEReadCounter.table","NW_015090842.1:10255496",3,3,0
"LOC106888384","s1693_S_LS_02_ASEReadCounter.table","NW_015090842.1:10255704",1,1,0
"LOC106888384","s1693_S_LS_02_ASEReadCounter.table","NW_015090842.1:10255731",1,1,0
"TANGO6","s1693_S_LS_02_ASEReadCounter.table","NW_015090842.1:10257782",3,3,0
"TANGO6","s1693_S_LS_02_ASEReadCounter.table","NW_015090842.1:10258162",5,8,3
"TANGO6","s1693_S_LS_02_ASEReadCounter.table","NW_015090842.1:10258185",6,9,3
"TANGO6","s1693_S_LS_02_ASEReadCounter.table","NW_015090842.1:10259267",7,8,1
"TANGO6","s1693_S_LS_02_ASEReadCounter.table","NW_015090842.1:10260250",21,28,7
"TANGO6","s1693_S_LS_02_ASEReadCounter.table","NW_015090842.1:10260979",12,22,10
"TANGO6","s1693_S_LS_02_ASEReadCounter.table","NW_015090842.1:10261599",14,20,6
"TANGO6","s1693_S_LS_02_ASEReadCounter.table","NW_015090842.1:10268425",20,34,14
"TANGO6","s1693_S_LS_02_ASEReadCounter.table","NW_015090842.1:10269831",15,26,11
"TANGO6","s1693_S_LS_02_ASEReadCounter.table","NW_015090842.1:10270813",15,24,9
"TANGO6","s1693_S_LS_02_ASEReadCounter.table","NW_015090842.1:10273952",17,30,13
"TANGO6","s1693_S_LS_02_ASEReadCounter.table","NW_015090842.1:10273970",18,35,17
"TANGO6","s1693_S_LS_02_ASEReadCounter.table","NW_015090842.1:10274018",20,34,14
"TANGO6","s1693_S_LS_02_ASEReadCounter.table","NW_015090842.1:10275974",9,24,15
"TANGO6","s1693_S_LS_02_ASEReadCounter.table","NW_015090842.1:10275976",9,23,14
"TANGO6","s1693_S_LS_02_ASEReadCounter.table","NW_015090842.1:10276123",18,39,21
"TANGO6","s1693_S_LS_02_ASEReadCounter.table","NW_015090842.1:10276271",11,19,8
"TANGO6","s1693_S_LS_02_ASEReadCounter.table","NW_015090842.1:10276272",11,19,8
"TANGO6","s1693_S_LS_02_ASEReadCounter.table","NW_015090842.1:10276275",14,22,8
"TANGO6","s1693_S_LS_02_ASEReadCounter.table","NW_015090842.1:10276278",15,22,7
"TANGO6","s1693_S_LS_02_ASEReadCounter.table","NW_015090842.1:10276368",14,24,10
"TANGO6","s1693_S_LS_02_ASEReadCounter.table","NW_015090842.1:10276373",13,23,10
"TANGO6","s1693_S_LS_02_ASEReadCounter.table","NW_015090842.1:10276630",13,23,10
"TANGO6","s1693_S_LS_02_ASEReadCounter.table","NW_015090842.1:10281498",31,48,17
"TANGO6","s1693_S_LS_02_ASEReadCounter.table","NW_015090842.1:10282842",48,69,21
"TANGO6","s1693_S_LS_02_ASEReadCounter.table","NW_015090842.1:10282863",38,58,20
"TANGO6","s1693_S_LS_02_ASEReadCounter.table","NW_015090842.1:10282869",37,58,21
"TANGO6","s1693_S_LS_02_ASEReadCounter.table","NW_015090842.1:10282903",45,66,21
"TANGO6","s1693_S_LS_02_ASEReadCounter.table","NW_015090842.1:10283757",46,67,21
"TANGO6","s1693_S_LS_02_ASEReadCounter.table","NW_015090842.1:10283785",45,61,16
"HAS3","s1693_S_LS_02_ASEReadCounter.table","NW_015090842.1:10288093",2,2,0
"HAS3","s1693_S_LS_02_ASEReadCounter.table","NW_015090842.1:10288364",0,2,2
"HAS3","s1693_S_LS_02_ASEReadCounter.table","NW_015090842.1:10288405",0,2,2
"HAS3","s1693_S_LS_02_ASEReadCounter.table","NW_015090842.1:10289469",0,1,1
"HAS3","s1693_S_LS_02_ASEReadCounter.table","NW_015090842.1:10289708",2,2,0
"HAS3","s1693_S_LS_02_ASEReadCounter.table","NW_015090842.1:10290375",0,1,1
"HAS3","s1693_S_LS_02_ASEReadCounter.table","NW_015090842.1:10290395",0,1,1
"HAS3","s1693_S_LS_02_ASEReadCounter.table","NW_015090842.1:10290561",1,3,2
"HAS3","s1693_S_LS_02_ASEReadCounter.table","NW_015090842.1:10290609",2,5,3
"HAS3","s1693_S_LS_02_ASEReadCounter.table","NW_015090842.1:10290666",2,3,1
"HAS3","s1693_S_LS_02_ASEReadCounter.table","NW_015090842.1:10290723",1,3,2
"HAS3","s1693_S_LS_02_ASEReadCounter.table","NW_015090842.1:10290927",4,9,5
"HAS3","s1693_S_LS_02_ASEReadCounter.table","NW_015090842.1:10291004",5,6,1
"CHTF8","s1693_S_LS_02_ASEReadCounter.table","NW_015090842.1:10291319",7,7,0
"CHTF8","s1693_S_LS_02_ASEReadCounter.table","NW_015090842.1:10291342",5,7,2
"CHTF8","s1693_S_LS_02_ASEReadCounter.table","NW_015090842.1:10291491",19,27,8
"CHTF8","s1693_S_LS_02_ASEReadCounter.table","NW_015090842.1:10291520",18,26,8
"CHTF8","s1693_S_LS_02_ASEReadCounter.table","NW_015090842.1:10291593",15,32,17
"CHTF8","s1693_S_LS_02_ASEReadCounter.table","NW_015090842.1:10291600",12,29,17
"CHTF8","s1693_S_LS_02_ASEReadCounter.table","NW_015090842.1:10291609",13,29,16
"CHTF8","s1693_S_LS_02_ASEReadCounter.table","NW_015090842.1:10291639",17,33,16
"CHTF8","s1693_S_LS_02_ASEReadCounter.table","NW_015090842.1:10291641",13,30,17
"CHTF8","s1693_S_LS_02_ASEReadCounter.table","NW_015090842.1:10291648",20,37,17
"CHTF8","s1693_S_LS_02_ASEReadCounter.table","NW_015090842.1:10291656",18,35,17
"CHTF8","s1693_S_LS_02_ASEReadCounter.table","NW_015090842.1:10291675",15,33,18
"CHTF8","s1693_S_LS_02_ASEReadCounter.table","NW_015090842.1:10291696",15,27,12
"CHTF8","s1693_S_LS_02_ASEReadCounter.table","NW_015090842.1:10291714",16,29,13
"CHTF8","s1693_S_LS_02_ASEReadCounter.table","NW_015090842.1:10291732",18,33,15
"CHTF8","s1693_S_LS_02_ASEReadCounter.table","NW_015090842.1:10291755",13,30,17
"CHTF8","s1693_S_LS_02_ASEReadCounter.table","NW_015090842.1:10291756",13,30,17
"CHTF8","s1693_S_LS_02_ASEReadCounter.table","NW_015090842.1:10291758",13,32,19
"CHTF8","s1693_S_LS_02_ASEReadCounter.table","NW_015090842.1:10291792",14,31,17
"CHTF8","s1693_S_LS_02_ASEReadCounter.table","NW_015090842.1:10291895",10,26,16
"CHTF8","s1693_S_LS_02_ASEReadCounter.table","NW_015090842.1:10292132",6,10,4
"CHTF8","s1693_S_LS_02_ASEReadCounter.table","NW_015090842.1:10292314",11,13,2
"CHTF8","s1693_S_LS_02_ASEReadCounter.table","NW_015090842.1:10292317",11,13,2
"CHTF8","s1693_S_LS_02_ASEReadCounter.table","NW_015090842.1:10292928",3,4,1
"UTP4","s1693_S_LS_02_ASEReadCounter.table","NW_015090842.1:10293146",5,9,4
"UTP4","s1693_S_LS_02_ASEReadCounter.table","NW_015090842.1:10293151",5,9,4
"UTP4","s1693_S_LS_02_ASEReadCounter.table","NW_015090842.1:10293191",3,6,3
"UTP4","s1693_S_LS_02_ASEReadCounter.table","NW_015090842.1:10293362",5,10,5
"UTP4","s1693_S_LS_02_ASEReadCounter.table","NW_015090842.1:10293430",4,8,4
"UTP4","s1693_S_LS_02_ASEReadCounter.table","NW_015090842.1:10293625",8,13,5
"UTP4","s1693_S_LS_02_ASEReadCounter.table","NW_015090842.1:10293684",6,16,10
"UTP4","s1693_S_LS_02_ASEReadCounter.table","NW_015090842.1:10294093",5,11,6
"UTP4","s1693_S_LS_02_ASEReadCounter.table","NW_015090842.1:10294568",5,13,8
"UTP4","s1693_S_LS_02_ASEReadCounter.table","NW_015090842.1:10294622",5,13,8
"UTP4","s1693_S_LS_02_ASEReadCounter.table","NW_015090842.1:10294632",5,13,8
"UTP4","s1693_S_LS_02_ASEReadCounter.table","NW_015090842.1:10295238",8,18,10
"UTP4","s1693_S_LS_02_ASEReadCounter.table","NW_015090842.1:10295880",8,27,19
"UTP4","s1693_S_LS_02_ASEReadCounter.table","NW_015090842.1:10295884",8,27,19
"UTP4","s1693_S_LS_02_ASEReadCounter.table","NW_015090842.1:10295903",5,24,19
"UTP4","s1693_S_LS_02_ASEReadCounter.table","NW_015090842.1:10295906",6,23,17
"UTP4","s1693_S_LS_02_ASEReadCounter.table","NW_015090842.1:10295915",6,27,21
"UTP4","s1693_S_LS_02_ASEReadCounter.table","NW_015090842.1:10295938",4,23,19
"UTP4","s1693_S_LS_02_ASEReadCounter.table","NW_015090842.1:10296175",9,23,14
"UTP4","s1693_S_LS_02_ASEReadCounter.table","NW_015090842.1:10296660",11,27,16
"UTP4","s1693_S_LS_02_ASEReadCounter.table","NW_015090842.1:10296679",12,28,16
"UTP4","s1693_S_LS_02_ASEReadCounter.table","NW_015090842.1:10297193",16,39,23
"UTP4","s1693_S_LS_02_ASEReadCounter.table","NW_015090842.1:10297220",25,48,23
"UTP4","s1693_S_LS_02_ASEReadCounter.table","NW_015090842.1:10297307",35,64,29
"UTP4","s1693_S_LS_02_ASEReadCounter.table","NW_015090842.1:10297558",40,78,38
"UTP4","s1693_S_LS_02_ASEReadCounter.table","NW_015090842.1:10297943",28,72,44
"UTP4","s1693_S_LS_02_ASEReadCounter.table","NW_015090842.1:10297979",29,64,35
"UTP4","s1693_S_LS_02_ASEReadCounter.table","NW_015090842.1:10298022",24,53,29
"UTP4","s1693_S_LS_02_ASEReadCounter.table","NW_015090842.1:10298079",4,19,15
"UTP4","s1693_S_LS_02_ASEReadCounter.table","NW_015090842.1:10298081",3,16,13
"UTP4","s1693_S_LS_02_ASEReadCounter.table","NW_015090842.1:10298082",4,19,15
"SNTB2","s1693_S_LS_02_ASEReadCounter.table","NW_015090842.1:10298905",0,1,1
"SNTB2","s1693_S_LS_02_ASEReadCounter.table","NW_015090842.1:10298928",0,1,1
"SNTB2","s1693_S_LS_02_ASEReadCounter.table","NW_015090842.1:10303506",2,4,2
"SNTB2","s1693_S_LS_02_ASEReadCounter.table","NW_015090842.1:10303524",2,4,2
"SNTB2","s1693_S_LS_02_ASEReadCounter.table","NW_015090842.1:10304059",1,2,1
"SNTB2","s1693_S_LS_02_ASEReadCounter.table","NW_015090842.1:10304089",1,2,1
"SNTB2","s1693_S_LS_02_ASEReadCounter.table","NW_015090842.1:10304167",3,5,2
"SNTB2","s1693_S_LS_02_ASEReadCounter.table","NW_015090842.1:10304176",3,4,1
"SNTB2","s1693_S_LS_02_ASEReadCounter.table","NW_015090842.1:10305069",2,4,2
"SNTB2","s1693_S_LS_02_ASEReadCounter.table","NW_015090842.1:10305099",3,5,2
"SNTB2","s1693_S_LS_02_ASEReadCounter.table","NW_015090842.1:10305451",3,7,4
"SNTB2","s1693_S_LS_02_ASEReadCounter.table","NW_015090842.1:10305547",4,6,2
"SNTB2","s1693_S_LS_02_ASEReadCounter.table","NW_015090842.1:10305847",4,5,1
"SNTB2","s1693_S_LS_02_ASEReadCounter.table","NW_015090842.1:10305911",2,2,0
"SNTB2","s1693_S_LS_02_ASEReadCounter.table","NW_015090842.1:10306173",5,11,6
"SNTB2","s1693_S_LS_02_ASEReadCounter.table","NW_015090842.1:10306275",5,7,2
"SNTB2","s1693_S_LS_02_ASEReadCounter.table","NW_015090842.1:10306457",6,11,5
"SNTB2","s1693_S_LS_02_ASEReadCounter.table","NW_015090842.1:10306496",5,10,5
"SNTB2","s1693_S_LS_02_ASEReadCounter.table","NW_015090842.1:10306499",5,8,3
"VPS4A","s1693_S_LS_02_ASEReadCounter.table","NW_015090842.1:10308566",48,96,48
"VPS4A","s1693_S_LS_02_ASEReadCounter.table","NW_015090842.1:10308573",51,102,51
"VPS4A","s1693_S_LS_02_ASEReadCounter.table","NW_015090842.1:10308856",67,147,80
"VPS4A","s1693_S_LS_02_ASEReadCounter.table","NW_015090842.1:10309056",71,179,108
"VPS4A","s1693_S_LS_02_ASEReadCounter.table","NW_015090842.1:10309089",90,197,107
"VPS4A","s1693_S_LS_02_ASEReadCounter.table","NW_015090842.1:10309392",101,210,109
"VPS4A","s1693_S_LS_02_ASEReadCounter.table","NW_015090842.1:10309413",108,214,106
"VPS4A","s1693_S_LS_02_ASEReadCounter.table","NW_015090842.1:10309467",107,211,104
"VPS4A","s1693_S_LS_02_ASEReadCounter.table","NW_015090842.1:10310230",126,265,139
"VPS4A","s1693_S_LS_02_ASEReadCounter.table","NW_015090842.1:10310425",134,284,150
"VPS4A","s1693_S_LS_02_ASEReadCounter.table","NW_015090842.1:10310639",153,330,177
"VPS4A","s1693_S_LS_02_ASEReadCounter.table","NW_015090842.1:10310640",322,322,0
"VPS4A","s1693_S_LS_02_ASEReadCounter.table","NW_015090842.1:10310687",165,370,205
"VPS4A","s1693_S_LS_02_ASEReadCounter.table","NW_015090842.1:10310734",163,315,152
"VPS4A","s1693_S_LS_02_ASEReadCounter.table","NW_015090842.1:10310737",163,315,152
"VPS4A","s1693_S_LS_02_ASEReadCounter.table","NW_015090842.1:10310746",158,320,162
"VPS4A","s1693_S_LS_02_ASEReadCounter.table","NW_015090842.1:10310767",177,337,160
"VPS4A","s1693_S_LS_02_ASEReadCounter.table","NW_015090842.1:10310995",162,329,167
"VPS4A","s1693_S_LS_02_ASEReadCounter.table","NW_015090842.1:10311004",165,321,156
"VPS4A","s1693_S_LS_02_ASEReadCounter.table","NW_015090842.1:10311007",170,328,158
"VPS4A","s1693_S_LS_02_ASEReadCounter.table","NW_015090842.1:10311013",187,339,152
"VPS4A","s1693_S_LS_02_ASEReadCounter.table","NW_015090842.1:10311022",174,324,150
"VPS4A","s1693_S_LS_02_ASEReadCounter.table","NW_015090842.1:10311023",174,323,149
"VPS4A","s1693_S_LS_02_ASEReadCounter.table","NW_015090842.1:10311426",206,392,186
"VPS4A","s1693_S_LS_02_ASEReadCounter.table","NW_015090842.1:10311489",2,10,8
"VPS4A","s1693_S_LS_02_ASEReadCounter.table","NW_015090842.1:10311490",3,9,6
"VPS4A","s1693_S_LS_02_ASEReadCounter.table","NW_015090842.1:10311525",12,28,16
"VPS4A","s1693_S_LS_02_ASEReadCounter.table","NW_015090842.1:10311529",13,36,23
"VPS4A","s1693_S_LS_02_ASEReadCounter.table","NW_015090842.1:10311530",13,39,26
"VPS4A","s1693_S_LS_02_ASEReadCounter.table","NW_015090842.1:10311552",36,75,39
"VPS4A","s1693_S_LS_02_ASEReadCounter.table","NW_015090842.1:10311689",42,86,44
"VPS4A","s1693_S_LS_02_ASEReadCounter.table","NW_015090842.1:10311700",59,104,45
"VPS4A","s1693_S_LS_02_ASEReadCounter.table","NW_015090842.1:10311701",59,105,46
"VPS4A","s1693_S_LS_02_ASEReadCounter.table","NW_015090842.1:10311703",60,104,44
"COG8","s1693_S_LS_02_ASEReadCounter.table","NW_015090842.1:10313487",19,42,23
"COG8","s1693_S_LS_02_ASEReadCounter.table","NW_015090842.1:10313559",24,59,35
"COG8","s1693_S_LS_02_ASEReadCounter.table","NW_015090842.1:10313579",26,60,34
"COG8","s1693_S_LS_02_ASEReadCounter.table","NW_015090842.1:10313665",22,44,22
"COG8","s1693_S_LS_02_ASEReadCounter.table","NW_015090842.1:10313681",24,51,27
"COG8","s1693_S_LS_02_ASEReadCounter.table","NW_015090842.1:10313768",21,55,34
"COG8","s1693_S_LS_02_ASEReadCounter.table","NW_015090842.1:10313775",24,58,34
"COG8","s1693_S_LS_02_ASEReadCounter.table","NW_015090842.1:10313811",22,49,27
"COG8","s1693_S_LS_02_ASEReadCounter.table","NW_015090842.1:10313858",19,41,22
"COG8","s1693_S_LS_02_ASEReadCounter.table","NW_015090842.1:10313859",40,40,0
"COG8","s1693_S_LS_02_ASEReadCounter.table","NW_015090842.1:10314100",25,59,34
"COG8","s1693_S_LS_02_ASEReadCounter.table","NW_015090842.1:10314213",10,34,24
"COG8","s1693_S_LS_02_ASEReadCounter.table","NW_015090842.1:10315093",13,39,26
"COG8","s1693_S_LS_02_ASEReadCounter.table","NW_015090842.1:10315162",11,32,21
"COG8","s1693_S_LS_02_ASEReadCounter.table","NW_015090842.1:10315285",18,36,18
"COG8","s1693_S_LS_02_ASEReadCounter.table","NW_015090842.1:10315360",15,27,12
"COG8","s1693_S_LS_02_ASEReadCounter.table","NW_015090842.1:10315369",16,28,12
"COG8","s1693_S_LS_02_ASEReadCounter.table","NW_015090842.1:10315508",11,19,8
"COG8","s1693_S_LS_02_ASEReadCounter.table","NW_015090842.1:10315624",12,31,19
"COG8","s1693_S_LS_02_ASEReadCounter.table","NW_015090842.1:10315693",10,25,15
"COG8","s1693_S_LS_02_ASEReadCounter.table","NW_015090842.1:10315698",12,27,15
"COG8","s1693_S_LS_02_ASEReadCounter.table","NW_015090842.1:10315768",9,22,13
"COG8","s1693_S_LS_02_ASEReadCounter.table","NW_015090842.1:10315769",9,21,12
"COG8","s1693_S_LS_02_ASEReadCounter.table","NW_015090842.1:10315784",12,23,11
"COG8","s1693_S_LS_02_ASEReadCounter.table","NW_015090842.1:10316093",5,13,8
"COG8","s1693_S_LS_02_ASEReadCounter.table","NW_015090842.1:10316133",4,7,3
"NIP7","s1693_S_LS_02_ASEReadCounter.table","NW_015090842.1:10316759",8,27,19
"NIP7","s1693_S_LS_02_ASEReadCounter.table","NW_015090842.1:10316967",82,172,90
"NIP7","s1693_S_LS_02_ASEReadCounter.table","NW_015090842.1:10316995",100,199,99
"NIP7","s1693_S_LS_02_ASEReadCounter.table","NW_015090842.1:10317240",158,314,156
"NIP7","s1693_S_LS_02_ASEReadCounter.table","NW_015090842.1:10317247",156,308,152
"NIP7","s1693_S_LS_02_ASEReadCounter.table","NW_015090842.1:10317264",154,304,150
"NIP7","s1693_S_LS_02_ASEReadCounter.table","NW_015090842.1:10317433",212,440,228
"NIP7","s1693_S_LS_02_ASEReadCounter.table","NW_015090842.1:10317738",174,411,237
"NIP7","s1693_S_LS_02_ASEReadCounter.table","NW_015090842.1:10317769",183,413,230
"NIP7","s1693_S_LS_02_ASEReadCounter.table","NW_015090842.1:10317808",118,278,160
"NIP7","s1693_S_LS_02_ASEReadCounter.table","NW_015090842.1:10317870",89,225,136
"NIP7","s1693_S_LS_02_ASEReadCounter.table","NW_015090842.1:10317871",93,221,128
"NIP7","s1693_S_LS_02_ASEReadCounter.table","NW_015090842.1:10317898",74,159,85
"NIP7","s1693_S_LS_02_ASEReadCounter.table","NW_015090842.1:10317911",67,133,66
"TMED6","s1693_S_LS_02_ASEReadCounter.table","NW_015090842.1:10318514",4,5,1
"TMED6","s1693_S_LS_02_ASEReadCounter.table","NW_015090842.1:10318731",4,5,1
"TERF2","s1693_S_LS_02_ASEReadCounter.table","NW_015090842.1:10321768",29,78,49
"TERF2","s1693_S_LS_02_ASEReadCounter.table","NW_015090842.1:10321777",31,80,49
"TERF2","s1693_S_LS_02_ASEReadCounter.table","NW_015090842.1:10321805",34,83,49
"TERF2","s1693_S_LS_02_ASEReadCounter.table","NW_015090842.1:10321878",50,114,64
"TERF2","s1693_S_LS_02_ASEReadCounter.table","NW_015090842.1:10321893",48,111,63
"TERF2","s1693_S_LS_02_ASEReadCounter.table","NW_015090842.1:10321897",43,100,57
"TERF2","s1693_S_LS_02_ASEReadCounter.table","NW_015090842.1:10321908",46,103,57
"TERF2","s1693_S_LS_02_ASEReadCounter.table","NW_015090842.1:10322001",59,117,58
"TERF2","s1693_S_LS_02_ASEReadCounter.table","NW_015090842.1:10322035",53,93,40
"TERF2","s1693_S_LS_02_ASEReadCounter.table","NW_015090842.1:10322051",56,102,46
"TERF2","s1693_S_LS_02_ASEReadCounter.table","NW_015090842.1:10322137",41,99,58
"TERF2","s1693_S_LS_02_ASEReadCounter.table","NW_015090842.1:10322144",37,92,55
"TERF2","s1693_S_LS_02_ASEReadCounter.table","NW_015090842.1:10322388",20,74,54
"TERF2","s1693_S_LS_02_ASEReadCounter.table","NW_015090842.1:10322396",21,68,47
"TERF2","s1693_S_LS_02_ASEReadCounter.table","NW_015090842.1:10322502",27,68,41
"TERF2","s1693_S_LS_02_ASEReadCounter.table","NW_015090842.1:10322504",29,71,42
"TERF2","s1693_S_LS_02_ASEReadCounter.table","NW_015090842.1:10322510",30,75,45
"TERF2","s1693_S_LS_02_ASEReadCounter.table","NW_015090842.1:10323580",16,56,40
"TERF2","s1693_S_LS_02_ASEReadCounter.table","NW_015090842.1:10324314",18,56,38
"TERF2","s1693_S_LS_02_ASEReadCounter.table","NW_015090842.1:10326832",22,43,21
"TERF2","s1693_S_LS_02_ASEReadCounter.table","NW_015090842.1:10327787",11,25,14
"TERF2","s1693_S_LS_02_ASEReadCounter.table","NW_015090842.1:10328588",8,18,10
"TERF2","s1693_S_LS_02_ASEReadCounter.table","NW_015090842.1:10328644",3,15,12
"TERF2","s1693_S_LS_02_ASEReadCounter.table","NW_015090842.1:10329813",2,12,10
"TERF2","s1693_S_LS_02_ASEReadCounter.table","NW_015090842.1:10330749",2,6,4
"TERF2","s1693_S_LS_02_ASEReadCounter.table","NW_015090842.1:10330789",2,7,5
"CYB5B","s1693_S_LS_02_ASEReadCounter.table","NW_015090842.1:10336595",0,2,2
"CYB5B","s1693_S_LS_02_ASEReadCounter.table","NW_015090842.1:10336667",24,41,17
"CYB5B","s1693_S_LS_02_ASEReadCounter.table","NW_015090842.1:10336689",35,69,34
"CYB5B","s1693_S_LS_02_ASEReadCounter.table","NW_015090842.1:10336728",52,109,57
"CYB5B","s1693_S_LS_02_ASEReadCounter.table","NW_015090842.1:10345068",50,99,49
"CYB5B","s1693_S_LS_02_ASEReadCounter.table","NW_015090842.1:10348800",73,156,83
"CYB5B","s1693_S_LS_02_ASEReadCounter.table","NW_015090842.1:10349046",98,178,80
"CYB5B","s1693_S_LS_02_ASEReadCounter.table","NW_015090842.1:10349119",67,156,89
"CYB5B","s1693_S_LS_02_ASEReadCounter.table","NW_015090842.1:10349146",39,136,97
"CYB5B","s1693_S_LS_02_ASEReadCounter.table","NW_015090842.1:10349157",67,168,101
"CYB5B","s1693_S_LS_02_ASEReadCounter.table","NW_015090842.1:10349263",166,166,0
