"gene","id","snp","ref_count","total_count","alt_count"
"CENPN","s1693_S_NC_02_ASEReadCounter.table","NW_015090842.1:5801655",0,1,1
"CENPN","s1693_S_NC_02_ASEReadCounter.table","NW_015090842.1:5801670",1,2,1
"CENPN","s1693_S_NC_02_ASEReadCounter.table","NW_015090842.1:5801674",1,2,1
"CENPN","s1693_S_NC_02_ASEReadCounter.table","NW_015090842.1:5801692",1,2,1
"CENPN","s1693_S_NC_02_ASEReadCounter.table","NW_015090842.1:5802008",1,2,1
"CENPN","s1693_S_NC_02_ASEReadCounter.table","NW_015090842.1:5802012",1,2,1
"CENPN","s1693_S_NC_02_ASEReadCounter.table","NW_015090842.1:5802087",3,5,2
"CENPN","s1693_S_NC_02_ASEReadCounter.table","NW_015090842.1:5810113",8,8,0
"CENPN","s1693_S_NC_02_ASEReadCounter.table","NW_015090842.1:5810147",8,8,0
"CENPN","s1693_S_NC_02_ASEReadCounter.table","NW_015090842.1:5810148",8,8,0
"ATMIN","s1693_S_NC_02_ASEReadCounter.table","NW_015090842.1:5818789",1,5,4
"ATMIN","s1693_S_NC_02_ASEReadCounter.table","NW_015090842.1:5819958",2,3,1
"ATMIN","s1693_S_NC_02_ASEReadCounter.table","NW_015090842.1:5820004",2,3,1
"ATMIN","s1693_S_NC_02_ASEReadCounter.table","NW_015090842.1:5820217",1,2,1
"ATMIN","s1693_S_NC_02_ASEReadCounter.table","NW_015090842.1:5820250",0,1,1
"ATMIN","s1693_S_NC_02_ASEReadCounter.table","NW_015090842.1:5820298",0,1,1
"ATMIN","s1693_S_NC_02_ASEReadCounter.table","NW_015090842.1:5820417",1,1,0
"ATMIN","s1693_S_NC_02_ASEReadCounter.table","NW_015090842.1:5820421",1,1,0
"ATMIN","s1693_S_NC_02_ASEReadCounter.table","NW_015090842.1:5820754",2,5,3
"ATMIN","s1693_S_NC_02_ASEReadCounter.table","NW_015090842.1:5820820",0,2,2
"ATMIN","s1693_S_NC_02_ASEReadCounter.table","NW_015090842.1:5820865",1,2,1
"ATMIN","s1693_S_NC_02_ASEReadCounter.table","NW_015090842.1:5820889",1,5,4
"ATMIN","s1693_S_NC_02_ASEReadCounter.table","NW_015090842.1:5820891",1,5,4
"ATMIN","s1693_S_NC_02_ASEReadCounter.table","NW_015090842.1:5820997",0,5,5
"ATMIN","s1693_S_NC_02_ASEReadCounter.table","NW_015090842.1:5821063",2,8,6
"ATMIN","s1693_S_NC_02_ASEReadCounter.table","NW_015090842.1:5821132",2,7,5
"ATMIN","s1693_S_NC_02_ASEReadCounter.table","NW_015090842.1:5821645",6,11,5
"ATMIN","s1693_S_NC_02_ASEReadCounter.table","NW_015090842.1:5825066",11,18,7
"ATMIN","s1693_S_NC_02_ASEReadCounter.table","NW_015090842.1:5825106",13,19,6
"ATMIN","s1693_S_NC_02_ASEReadCounter.table","NW_015090842.1:5825122",9,15,6
"ATMIN","s1693_S_NC_02_ASEReadCounter.table","NW_015090842.1:5825178",6,11,5
"ATMIN","s1693_S_NC_02_ASEReadCounter.table","NW_015090842.1:5825194",4,10,6
"ATMIN","s1693_S_NC_02_ASEReadCounter.table","NW_015090842.1:5825195",4,10,6
"ATMIN","s1693_S_NC_02_ASEReadCounter.table","NW_015090842.1:5825220",4,14,10
"ATMIN","s1693_S_NC_02_ASEReadCounter.table","NW_015090842.1:5825240",6,17,11
"ATMIN","s1693_S_NC_02_ASEReadCounter.table","NW_015090842.1:5825303",12,35,23
"ATMIN","s1693_S_NC_02_ASEReadCounter.table","NW_015090842.1:5825304",12,35,23
"ATMIN","s1693_S_NC_02_ASEReadCounter.table","NW_015090842.1:5825310",12,33,21
"ATMIN","s1693_S_NC_02_ASEReadCounter.table","NW_015090842.1:5825406",11,27,16
"ATMIN","s1693_S_NC_02_ASEReadCounter.table","NW_015090842.1:5825415",11,28,17
"ATMIN","s1693_S_NC_02_ASEReadCounter.table","NW_015090842.1:5825438",8,20,12
"ATMIN","s1693_S_NC_02_ASEReadCounter.table","NW_015090842.1:5825485",10,20,10
"ATMIN","s1693_S_NC_02_ASEReadCounter.table","NW_015090842.1:5825524",18,37,19
"ATMIN","s1693_S_NC_02_ASEReadCounter.table","NW_015090842.1:5825557",20,38,18
"ATMIN","s1693_S_NC_02_ASEReadCounter.table","NW_015090842.1:5825571",19,38,19
"ATMIN","s1693_S_NC_02_ASEReadCounter.table","NW_015090842.1:5825579",16,35,19
"ATMIN","s1693_S_NC_02_ASEReadCounter.table","NW_015090842.1:5825590",13,28,15
"ATMIN","s1693_S_NC_02_ASEReadCounter.table","NW_015090842.1:5825689",19,34,15
"ATMIN","s1693_S_NC_02_ASEReadCounter.table","NW_015090842.1:5825703",24,37,13
"ATMIN","s1693_S_NC_02_ASEReadCounter.table","NW_015090842.1:5825787",18,29,11
"ATMIN","s1693_S_NC_02_ASEReadCounter.table","NW_015090842.1:5825833",21,43,22
"ATMIN","s1693_S_NC_02_ASEReadCounter.table","NW_015090842.1:5825841",17,34,17
"ATMIN","s1693_S_NC_02_ASEReadCounter.table","NW_015090842.1:5825895",20,47,27
"ATMIN","s1693_S_NC_02_ASEReadCounter.table","NW_015090842.1:5825984",17,36,19
"ATMIN","s1693_S_NC_02_ASEReadCounter.table","NW_015090842.1:5826162",23,45,22
"ATMIN","s1693_S_NC_02_ASEReadCounter.table","NW_015090842.1:5826194",20,47,27
"ATMIN","s1693_S_NC_02_ASEReadCounter.table","NW_015090842.1:5826235",26,53,27
"ATMIN","s1693_S_NC_02_ASEReadCounter.table","NW_015090842.1:5826245",22,50,28
"ATMIN","s1693_S_NC_02_ASEReadCounter.table","NW_015090842.1:5826335",15,36,21
"ATMIN","s1693_S_NC_02_ASEReadCounter.table","NW_015090842.1:5826417",22,49,27
"ATMIN","s1693_S_NC_02_ASEReadCounter.table","NW_015090842.1:5826431",18,58,40
"ATMIN","s1693_S_NC_02_ASEReadCounter.table","NW_015090842.1:5826438",19,49,30
"ATMIN","s1693_S_NC_02_ASEReadCounter.table","NW_015090842.1:5826463",29,71,42
"ATMIN","s1693_S_NC_02_ASEReadCounter.table","NW_015090842.1:5826502",30,73,43
"ATMIN","s1693_S_NC_02_ASEReadCounter.table","NW_015090842.1:5826511",30,73,43
"ATMIN","s1693_S_NC_02_ASEReadCounter.table","NW_015090842.1:5826659",31,71,40
"ATMIN","s1693_S_NC_02_ASEReadCounter.table","NW_015090842.1:5826701",34,75,41
"ATMIN","s1693_S_NC_02_ASEReadCounter.table","NW_015090842.1:5826702",33,73,40
"ATMIN","s1693_S_NC_02_ASEReadCounter.table","NW_015090842.1:5826732",36,86,50
"ATMIN","s1693_S_NC_02_ASEReadCounter.table","NW_015090842.1:5826745",40,92,52
"ATMIN","s1693_S_NC_02_ASEReadCounter.table","NW_015090842.1:5826835",41,90,49
"ATMIN","s1693_S_NC_02_ASEReadCounter.table","NW_015090842.1:5826910",43,85,42
"ATMIN","s1693_S_NC_02_ASEReadCounter.table","NW_015090842.1:5826942",30,83,53
"ATMIN","s1693_S_NC_02_ASEReadCounter.table","NW_015090842.1:5827193",54,124,70
"ATMIN","s1693_S_NC_02_ASEReadCounter.table","NW_015090842.1:5827196",50,120,70
"ATMIN","s1693_S_NC_02_ASEReadCounter.table","NW_015090842.1:5827269",57,125,68
"ATMIN","s1693_S_NC_02_ASEReadCounter.table","NW_015090842.1:5827315",50,107,57
"ATMIN","s1693_S_NC_02_ASEReadCounter.table","NW_015090842.1:5827316",50,106,56
"ATMIN","s1693_S_NC_02_ASEReadCounter.table","NW_015090842.1:5827333",50,100,50
"PPP1R3E","s1693_S_NC_02_ASEReadCounter.table","NW_015090842.1:5837733",2,4,2
"PPP1R3E","s1693_S_NC_02_ASEReadCounter.table","NW_015090842.1:5837947",4,4,0
"PKD1L2","s1693_S_NC_02_ASEReadCounter.table","NW_015090842.1:5867509",1,2,1
"PKD1L2","s1693_S_NC_02_ASEReadCounter.table","NW_015090842.1:5867597",1,1,0
"PKD1L2","s1693_S_NC_02_ASEReadCounter.table","NW_015090842.1:5867600",1,1,0
"PKD1L2","s1693_S_NC_02_ASEReadCounter.table","NW_015090842.1:5867660",2,2,0
"PKD1L2","s1693_S_NC_02_ASEReadCounter.table","NW_015090842.1:5867675",1,1,0
"PKD1L2","s1693_S_NC_02_ASEReadCounter.table","NW_015090842.1:5867788",1,1,0
"BCO1","s1693_S_NC_02_ASEReadCounter.table","NW_015090842.1:5915610",0,1,1
"BCO1","s1693_S_NC_02_ASEReadCounter.table","NW_015090842.1:5915646",0,1,1
"BCO1","s1693_S_NC_02_ASEReadCounter.table","NW_015090842.1:5925669",2,3,1
"BCO1","s1693_S_NC_02_ASEReadCounter.table","NW_015090842.1:5925753",1,4,3
"BCO1","s1693_S_NC_02_ASEReadCounter.table","NW_015090842.1:5926937",3,4,1
"BCO1","s1693_S_NC_02_ASEReadCounter.table","NW_015090842.1:5927921",2,2,0
"BCO1","s1693_S_NC_02_ASEReadCounter.table","NW_015090842.1:5927948",2,3,1
"BCO1","s1693_S_NC_02_ASEReadCounter.table","NW_015090842.1:5927968",1,1,0
"BCO1","s1693_S_NC_02_ASEReadCounter.table","NW_015090842.1:5928052",1,2,1
"BCO1","s1693_S_NC_02_ASEReadCounter.table","NW_015090842.1:5932726",1,5,4
"BCO1","s1693_S_NC_02_ASEReadCounter.table","NW_015090842.1:5932801",2,7,5
"BCO1","s1693_S_NC_02_ASEReadCounter.table","NW_015090842.1:5934558",6,6,0
"BCO1","s1693_S_NC_02_ASEReadCounter.table","NW_015090842.1:5934575",6,6,0
"BCO1","s1693_S_NC_02_ASEReadCounter.table","NW_015090842.1:5934608",7,7,0
"BCO1","s1693_S_NC_02_ASEReadCounter.table","NW_015090842.1:5934647",4,5,1
"BCO1","s1693_S_NC_02_ASEReadCounter.table","NW_015090842.1:5934725",6,7,1
"BCO1","s1693_S_NC_02_ASEReadCounter.table","NW_015090842.1:5934726",6,7,1
"BCO1","s1693_S_NC_02_ASEReadCounter.table","NW_015090842.1:5934733",4,4,0
"BCO1","s1693_S_NC_02_ASEReadCounter.table","NW_015090842.1:5934821",3,5,2
"BCO1","s1693_S_NC_02_ASEReadCounter.table","NW_015090842.1:5934826",3,5,2
"BCO1","s1693_S_NC_02_ASEReadCounter.table","NW_015090842.1:5934844",1,4,3
"BCO1","s1693_S_NC_02_ASEReadCounter.table","NW_015090842.1:5934958",5,8,3
"BCO1","s1693_S_NC_02_ASEReadCounter.table","NW_015090842.1:5934976",6,8,2
"GAN","s1693_S_NC_02_ASEReadCounter.table","NW_015090842.1:5953759",10,16,6
"GAN","s1693_S_NC_02_ASEReadCounter.table","NW_015090842.1:5957502",6,25,19
"GAN","s1693_S_NC_02_ASEReadCounter.table","NW_015090842.1:5957578",11,29,18
"GAN","s1693_S_NC_02_ASEReadCounter.table","NW_015090842.1:5965028",13,36,23
"GAN","s1693_S_NC_02_ASEReadCounter.table","NW_015090842.1:5966047",20,48,28
"GAN","s1693_S_NC_02_ASEReadCounter.table","NW_015090842.1:5966126",16,45,29
"GAN","s1693_S_NC_02_ASEReadCounter.table","NW_015090842.1:5966127",16,46,30
"GAN","s1693_S_NC_02_ASEReadCounter.table","NW_015090842.1:5966162",21,55,34
"GAN","s1693_S_NC_02_ASEReadCounter.table","NW_015090842.1:5966483",67,129,62
"CMIP","s1693_S_NC_02_ASEReadCounter.table","NW_015090842.1:6109159",7,11,4
"CMIP","s1693_S_NC_02_ASEReadCounter.table","NW_015090842.1:6109166",8,12,4
"CMIP","s1693_S_NC_02_ASEReadCounter.table","NW_015090842.1:6114641",12,22,10
"CMIP","s1693_S_NC_02_ASEReadCounter.table","NW_015090842.1:6114751",6,18,12
"CMIP","s1693_S_NC_02_ASEReadCounter.table","NW_015090842.1:6114824",5,19,14
"CMIP","s1693_S_NC_02_ASEReadCounter.table","NW_015090842.1:6128998",12,33,21
"CMIP","s1693_S_NC_02_ASEReadCounter.table","NW_015090842.1:6130562",43,91,48
"CMIP","s1693_S_NC_02_ASEReadCounter.table","NW_015090842.1:6132522",32,77,45
"CMIP","s1693_S_NC_02_ASEReadCounter.table","NW_015090842.1:6134088",34,82,48
"CMIP","s1693_S_NC_02_ASEReadCounter.table","NW_015090842.1:6138265",97,240,143
"CMIP","s1693_S_NC_02_ASEReadCounter.table","NW_015090842.1:6138300",94,243,149
"CMIP","s1693_S_NC_02_ASEReadCounter.table","NW_015090842.1:6138342",76,185,109
"CMIP","s1693_S_NC_02_ASEReadCounter.table","NW_015090842.1:6138343",72,181,109
"CMIP","s1693_S_NC_02_ASEReadCounter.table","NW_015090842.1:6138345",75,178,103
"CMIP","s1693_S_NC_02_ASEReadCounter.table","NW_015090842.1:6138647",48,88,40
"CMIP","s1693_S_NC_02_ASEReadCounter.table","NW_015090842.1:6138745",48,108,60
"CMIP","s1693_S_NC_02_ASEReadCounter.table","NW_015090842.1:6138832",7,42,35
"CMIP","s1693_S_NC_02_ASEReadCounter.table","NW_015090842.1:6138967",49,91,42
"CMIP","s1693_S_NC_02_ASEReadCounter.table","NW_015090842.1:6139131",31,60,29
"CMIP","s1693_S_NC_02_ASEReadCounter.table","NW_015090842.1:6139163",21,54,33
"CMIP","s1693_S_NC_02_ASEReadCounter.table","NW_015090842.1:6139360",33,49,16
"CMIP","s1693_S_NC_02_ASEReadCounter.table","NW_015090842.1:6139572",18,30,12
"CMIP","s1693_S_NC_02_ASEReadCounter.table","NW_015090842.1:6139773",101,101,0
"PLCG2","s1693_S_NC_02_ASEReadCounter.table","NW_015090842.1:6179613",2,4,2
"PLCG2","s1693_S_NC_02_ASEReadCounter.table","NW_015090842.1:6179658",2,3,1
"PLCG2","s1693_S_NC_02_ASEReadCounter.table","NW_015090842.1:6203766",0,2,2
"PLCG2","s1693_S_NC_02_ASEReadCounter.table","NW_015090842.1:6203775",0,3,3
"PLCG2","s1693_S_NC_02_ASEReadCounter.table","NW_015090842.1:6203787",0,3,3
"PLCG2","s1693_S_NC_02_ASEReadCounter.table","NW_015090842.1:6205047",1,2,1
"PLCG2","s1693_S_NC_02_ASEReadCounter.table","NW_015090842.1:6209741",1,3,2
"PLCG2","s1693_S_NC_02_ASEReadCounter.table","NW_015090842.1:6209798",0,1,1
"PLCG2","s1693_S_NC_02_ASEReadCounter.table","NW_015090842.1:6209816",0,1,1
"PLCG2","s1693_S_NC_02_ASEReadCounter.table","NW_015090842.1:6218641",0,1,1
"PLCG2","s1693_S_NC_02_ASEReadCounter.table","NW_015090842.1:6220552",0,1,1
"PLCG2","s1693_S_NC_02_ASEReadCounter.table","NW_015090842.1:6221969",3,5,2
"PLCG2","s1693_S_NC_02_ASEReadCounter.table","NW_015090842.1:6228694",0,1,1
"PLCG2","s1693_S_NC_02_ASEReadCounter.table","NW_015090842.1:6228722",0,1,1
"PLCG2","s1693_S_NC_02_ASEReadCounter.table","NW_015090842.1:6228747",0,1,1
"PLCG2","s1693_S_NC_02_ASEReadCounter.table","NW_015090842.1:6228835",0,1,1
"PLCG2","s1693_S_NC_02_ASEReadCounter.table","NW_015090842.1:6228841",0,1,1
"PLCG2","s1693_S_NC_02_ASEReadCounter.table","NW_015090842.1:6228865",0,1,1
"PLCG2","s1693_S_NC_02_ASEReadCounter.table","NW_015090842.1:6228917",1,2,1
"PLCG2","s1693_S_NC_02_ASEReadCounter.table","NW_015090842.1:6228926",1,2,1
"PLCG2","s1693_S_NC_02_ASEReadCounter.table","NW_015090842.1:6228954",1,1,0
"PLCG2","s1693_S_NC_02_ASEReadCounter.table","NW_015090842.1:6229002",1,1,0
"PLCG2","s1693_S_NC_02_ASEReadCounter.table","NW_015090842.1:6229081",0,1,1
"PLCG2","s1693_S_NC_02_ASEReadCounter.table","NW_015090842.1:6229097",0,1,1
"PLCG2","s1693_S_NC_02_ASEReadCounter.table","NW_015090842.1:6229160",0,2,2
"PLCG2","s1693_S_NC_02_ASEReadCounter.table","NW_015090842.1:6229213",0,1,1
"PLCG2","s1693_S_NC_02_ASEReadCounter.table","NW_015090842.1:6229231",1,2,1
"PLCG2","s1693_S_NC_02_ASEReadCounter.table","NW_015090842.1:6229663",1,1,0
"PLCG2","s1693_S_NC_02_ASEReadCounter.table","NW_015090842.1:6229748",1,1,0
"PLCG2","s1693_S_NC_02_ASEReadCounter.table","NW_015090842.1:6230248",1,1,0
"PLCG2","s1693_S_NC_02_ASEReadCounter.table","NW_015090842.1:6230255",1,1,0
"PLCG2","s1693_S_NC_02_ASEReadCounter.table","NW_015090842.1:6230296",1,1,0
"PLCG2","s1693_S_NC_02_ASEReadCounter.table","NW_015090842.1:6230349",0,2,2
"PLCG2","s1693_S_NC_02_ASEReadCounter.table","NW_015090842.1:6230381",0,2,2
"PLCG2","s1693_S_NC_02_ASEReadCounter.table","NW_015090842.1:6230408",0,2,2
"PLCG2","s1693_S_NC_02_ASEReadCounter.table","NW_015090842.1:6230439",0,1,1
"PLCG2","s1693_S_NC_02_ASEReadCounter.table","NW_015090842.1:6230757",1,1,0
"PLCG2","s1693_S_NC_02_ASEReadCounter.table","NW_015090842.1:6230758",1,1,0
"PLCG2","s1693_S_NC_02_ASEReadCounter.table","NW_015090842.1:6230898",1,1,0
"PLCG2","s1693_S_NC_02_ASEReadCounter.table","NW_015090842.1:6230976",1,1,0
"PLCG2","s1693_S_NC_02_ASEReadCounter.table","NW_015090842.1:6231078",1,1,0
"PLCG2","s1693_S_NC_02_ASEReadCounter.table","NW_015090842.1:6231138",0,1,1
"PLCG2","s1693_S_NC_02_ASEReadCounter.table","NW_015090842.1:6231177",0,1,1
"PLCG2","s1693_S_NC_02_ASEReadCounter.table","NW_015090842.1:6231263",0,1,1
"SDR42E1","s1693_S_NC_02_ASEReadCounter.table","NW_015090842.1:6235292",0,2,2
"SDR42E1","s1693_S_NC_02_ASEReadCounter.table","NW_015090842.1:6235315",0,3,3
"SDR42E1","s1693_S_NC_02_ASEReadCounter.table","NW_015090842.1:6235348",0,4,4
"SDR42E1","s1693_S_NC_02_ASEReadCounter.table","NW_015090842.1:6235355",0,4,4
"SDR42E1","s1693_S_NC_02_ASEReadCounter.table","NW_015090842.1:6235417",1,6,5
"SDR42E1","s1693_S_NC_02_ASEReadCounter.table","NW_015090842.1:6235526",7,7,0
"SDR42E1","s1693_S_NC_02_ASEReadCounter.table","NW_015090842.1:6235558",2,10,8
"SDR42E1","s1693_S_NC_02_ASEReadCounter.table","NW_015090842.1:6235603",10,10,0
"SDR42E1","s1693_S_NC_02_ASEReadCounter.table","NW_015090842.1:6235741",2,3,1
"SDR42E1","s1693_S_NC_02_ASEReadCounter.table","NW_015090842.1:6235777",2,6,4
"SDR42E1","s1693_S_NC_02_ASEReadCounter.table","NW_015090842.1:6235806",3,9,6
"SDR42E1","s1693_S_NC_02_ASEReadCounter.table","NW_015090842.1:6235809",3,9,6
"SDR42E1","s1693_S_NC_02_ASEReadCounter.table","NW_015090842.1:6235816",2,9,7
"SDR42E1","s1693_S_NC_02_ASEReadCounter.table","NW_015090842.1:6235914",1,5,4
"SDR42E1","s1693_S_NC_02_ASEReadCounter.table","NW_015090842.1:6235935",2,6,4
"SDR42E1","s1693_S_NC_02_ASEReadCounter.table","NW_015090842.1:6235957",2,5,3
"SDR42E1","s1693_S_NC_02_ASEReadCounter.table","NW_015090842.1:6236040",0,2,2
"SDR42E1","s1693_S_NC_02_ASEReadCounter.table","NW_015090842.1:6236260",0,1,1
"SDR42E1","s1693_S_NC_02_ASEReadCounter.table","NW_015090842.1:6236281",0,3,3
"SDR42E1","s1693_S_NC_02_ASEReadCounter.table","NW_015090842.1:6236305",0,3,3
"SDR42E1","s1693_S_NC_02_ASEReadCounter.table","NW_015090842.1:6236458",0,3,3
"SDR42E1","s1693_S_NC_02_ASEReadCounter.table","NW_015090842.1:6236476",0,3,3
"SDR42E1","s1693_S_NC_02_ASEReadCounter.table","NW_015090842.1:6236608",0,4,4
"SDR42E1","s1693_S_NC_02_ASEReadCounter.table","NW_015090842.1:6238244",2,2,0
"HSD17B2","s1693_S_NC_02_ASEReadCounter.table","NW_015090842.1:6257616",0,1,1
"HSD17B2","s1693_S_NC_02_ASEReadCounter.table","NW_015090842.1:6257670",0,1,1
"HSD17B2","s1693_S_NC_02_ASEReadCounter.table","NW_015090842.1:6257684",0,1,1
"HSD17B2","s1693_S_NC_02_ASEReadCounter.table","NW_015090842.1:6257829",0,1,1
"HSD17B2","s1693_S_NC_02_ASEReadCounter.table","NW_015090842.1:6266918",0,1,1
"HSD17B2","s1693_S_NC_02_ASEReadCounter.table","NW_015090842.1:6266944",0,1,1
"HSD17B2","s1693_S_NC_02_ASEReadCounter.table","NW_015090842.1:6267053",0,1,1
"HSD17B2","s1693_S_NC_02_ASEReadCounter.table","NW_015090842.1:6267273",0,2,2
"HSD17B2","s1693_S_NC_02_ASEReadCounter.table","NW_015090842.1:6267358",0,2,2
"ARY2","s1693_S_NC_02_ASEReadCounter.table","NW_015090842.1:6303922",3,3,0
"ARY2","s1693_S_NC_02_ASEReadCounter.table","NW_015090842.1:6303954",3,4,1
"ARY2","s1693_S_NC_02_ASEReadCounter.table","NW_015090842.1:6303979",3,4,1
"ARY2","s1693_S_NC_02_ASEReadCounter.table","NW_015090842.1:6305848",3,8,5
"ARY2","s1693_S_NC_02_ASEReadCounter.table","NW_015090842.1:6305856",2,7,5
"ARY2","s1693_S_NC_02_ASEReadCounter.table","NW_015090842.1:6305857",2,7,5
"ARY2","s1693_S_NC_02_ASEReadCounter.table","NW_015090842.1:6306017",3,6,3
"ARY2","s1693_S_NC_02_ASEReadCounter.table","NW_015090842.1:6306052",5,9,4
"ARY2","s1693_S_NC_02_ASEReadCounter.table","NW_015090842.1:6306094",3,6,3
"ARY2","s1693_S_NC_02_ASEReadCounter.table","NW_015090842.1:6306100",4,7,3
"ARY2","s1693_S_NC_02_ASEReadCounter.table","NW_015090842.1:6306146",1,6,5
"ARY2","s1693_S_NC_02_ASEReadCounter.table","NW_015090842.1:6306147",1,6,5
"ARY2","s1693_S_NC_02_ASEReadCounter.table","NW_015090842.1:6306390",3,8,5
"ARY2","s1693_S_NC_02_ASEReadCounter.table","NW_015090842.1:6306567",3,6,3
"ARY2","s1693_S_NC_02_ASEReadCounter.table","NW_015090842.1:6306705",1,1,0
"ARY2","s1693_S_NC_02_ASEReadCounter.table","NW_015090842.1:6306713",1,1,0
"ARY2","s1693_S_NC_02_ASEReadCounter.table","NW_015090842.1:6306773",4,6,2
"ARY2","s1693_S_NC_02_ASEReadCounter.table","NW_015090842.1:6307039",2,5,3
"ARY2","s1693_S_NC_02_ASEReadCounter.table","NW_015090842.1:6307043",4,7,3
"ARY2","s1693_S_NC_02_ASEReadCounter.table","NW_015090842.1:6307093",5,9,4
"ARY2","s1693_S_NC_02_ASEReadCounter.table","NW_015090842.1:6307138",4,7,3
"ARY2","s1693_S_NC_02_ASEReadCounter.table","NW_015090842.1:6307157",7,9,2
"ARY2","s1693_S_NC_02_ASEReadCounter.table","NW_015090842.1:6307187",7,7,0
"ARY2","s1693_S_NC_02_ASEReadCounter.table","NW_015090842.1:6307278",4,5,1
"ARY2","s1693_S_NC_02_ASEReadCounter.table","NW_015090842.1:6307305",3,4,1
"ARY2","s1693_S_NC_02_ASEReadCounter.table","NW_015090842.1:6307318",4,6,2
"ARY2","s1693_S_NC_02_ASEReadCounter.table","NW_015090842.1:6307429",6,8,2
"ARY2","s1693_S_NC_02_ASEReadCounter.table","NW_015090842.1:6307487",4,6,2
"ARY2","s1693_S_NC_02_ASEReadCounter.table","NW_015090842.1:6307670",4,10,6
"ARYL","s1693_S_NC_02_ASEReadCounter.table","NW_015090842.1:6313360",3,3,0
"ARYL","s1693_S_NC_02_ASEReadCounter.table","NW_015090842.1:6313377",3,3,0
"ARYL","s1693_S_NC_02_ASEReadCounter.table","NW_015090842.1:6313767",1,2,1
"ARY1","s1693_S_NC_02_ASEReadCounter.table","NW_015090842.1:6313909",3,3,0
"ARY1","s1693_S_NC_02_ASEReadCounter.table","NW_015090842.1:6314296",3,4,1
"ARY1","s1693_S_NC_02_ASEReadCounter.table","NW_015090842.1:6314541",0,2,2
"ARY1","s1693_S_NC_02_ASEReadCounter.table","NW_015090842.1:6314597",0,2,2
"ARY1","s1693_S_NC_02_ASEReadCounter.table","NW_015090842.1:6314750",0,1,1
"ARY1","s1693_S_NC_02_ASEReadCounter.table","NW_015090842.1:6314794",1,1,0
"ARY1","s1693_S_NC_02_ASEReadCounter.table","NW_015090842.1:6314827",1,1,0
"ARY1","s1693_S_NC_02_ASEReadCounter.table","NW_015090842.1:6314843",2,3,1
"ARY1","s1693_S_NC_02_ASEReadCounter.table","NW_015090842.1:6314859",2,3,1
"ARY1","s1693_S_NC_02_ASEReadCounter.table","NW_015090842.1:6314886",1,3,2
"ARY1","s1693_S_NC_02_ASEReadCounter.table","NW_015090842.1:6314943",6,6,0
"ARY1","s1693_S_NC_02_ASEReadCounter.table","NW_015090842.1:6314949",4,6,2
"ARY1","s1693_S_NC_02_ASEReadCounter.table","NW_015090842.1:6315022",3,10,7
"ARY1","s1693_S_NC_02_ASEReadCounter.table","NW_015090842.1:6315026",3,10,7
"ARY1","s1693_S_NC_02_ASEReadCounter.table","NW_015090842.1:6315043",3,9,6
"ARY1","s1693_S_NC_02_ASEReadCounter.table","NW_015090842.1:6315065",3,9,6
"ARY1","s1693_S_NC_02_ASEReadCounter.table","NW_015090842.1:6315409",2,2,0
"ARY1","s1693_S_NC_02_ASEReadCounter.table","NW_015090842.1:6315479",4,6,2
"ARY1","s1693_S_NC_02_ASEReadCounter.table","NW_015090842.1:6318342",11,12,1
"ARY1","s1693_S_NC_02_ASEReadCounter.table","NW_015090842.1:6318427",11,15,4
"ARY1","s1693_S_NC_02_ASEReadCounter.table","NW_015090842.1:6318603",8,10,2
"ARY1","s1693_S_NC_02_ASEReadCounter.table","NW_015090842.1:6318708",9,13,4
"ARY1","s1693_S_NC_02_ASEReadCounter.table","NW_015090842.1:6318858",14,17,3
"ARY1","s1693_S_NC_02_ASEReadCounter.table","NW_015090842.1:6318952",12,17,5
"MPHOSPH6","s1693_S_NC_02_ASEReadCounter.table","NW_015090842.1:6324063",48,102,54
"MPHOSPH6","s1693_S_NC_02_ASEReadCounter.table","NW_015090842.1:6324174",71,172,101
"MPHOSPH6","s1693_S_NC_02_ASEReadCounter.table","NW_015090842.1:6324270",112,239,127
"MPHOSPH6","s1693_S_NC_02_ASEReadCounter.table","NW_015090842.1:6324762",59,117,58
"MPHOSPH6","s1693_S_NC_02_ASEReadCounter.table","NW_015090842.1:6324772",58,112,54
"MPHOSPH6","s1693_S_NC_02_ASEReadCounter.table","NW_015090842.1:6324780",51,102,51
"MPHOSPH6","s1693_S_NC_02_ASEReadCounter.table","NW_015090842.1:6324902",57,117,60
"MPHOSPH6","s1693_S_NC_02_ASEReadCounter.table","NW_015090842.1:6324910",110,110,0
"MPHOSPH6","s1693_S_NC_02_ASEReadCounter.table","NW_015090842.1:6325066",52,101,49
"MPHOSPH6","s1693_S_NC_02_ASEReadCounter.table","NW_015090842.1:6325089",59,120,61
"MPHOSPH6","s1693_S_NC_02_ASEReadCounter.table","NW_015090842.1:6325298",50,114,64
"MPHOSPH6","s1693_S_NC_02_ASEReadCounter.table","NW_015090842.1:6325877",55,116,61
"MPHOSPH6","s1693_S_NC_02_ASEReadCounter.table","NW_015090842.1:6326976",40,85,45
"CDH13","s1693_S_NC_02_ASEReadCounter.table","NW_015090842.1:6662283",5,12,7
"CDH13","s1693_S_NC_02_ASEReadCounter.table","NW_015090842.1:6693665",6,10,4
"CDH13","s1693_S_NC_02_ASEReadCounter.table","NW_015090842.1:6693697",5,10,5
"CDH13","s1693_S_NC_02_ASEReadCounter.table","NW_015090842.1:6693712",5,10,5
"CDH13","s1693_S_NC_02_ASEReadCounter.table","NW_015090842.1:6693723",4,8,4
"CDH13","s1693_S_NC_02_ASEReadCounter.table","NW_015090842.1:6693738",3,9,6
"CDH13","s1693_S_NC_02_ASEReadCounter.table","NW_015090842.1:6823730",6,11,5
"CDH13","s1693_S_NC_02_ASEReadCounter.table","NW_015090842.1:6889713",5,10,5
"CDH13","s1693_S_NC_02_ASEReadCounter.table","NW_015090842.1:6955167",9,19,10
"MLYCD","s1693_S_NC_02_ASEReadCounter.table","NW_015090842.1:7150054",50,85,35
"MLYCD","s1693_S_NC_02_ASEReadCounter.table","NW_015090842.1:7150131",92,141,49
"MLYCD","s1693_S_NC_02_ASEReadCounter.table","NW_015090842.1:7150585",49,80,31
"MLYCD","s1693_S_NC_02_ASEReadCounter.table","NW_015090842.1:7150686",44,79,35
"MLYCD","s1693_S_NC_02_ASEReadCounter.table","NW_015090842.1:7150696",49,86,37
"MLYCD","s1693_S_NC_02_ASEReadCounter.table","NW_015090842.1:7150698",37,86,49
"MLYCD","s1693_S_NC_02_ASEReadCounter.table","NW_015090842.1:7150869",28,56,28
"MLYCD","s1693_S_NC_02_ASEReadCounter.table","NW_015090842.1:7151100",24,41,17
"MLYCD","s1693_S_NC_02_ASEReadCounter.table","NW_015090842.1:7151127",30,47,17
"MLYCD","s1693_S_NC_02_ASEReadCounter.table","NW_015090842.1:7157538",23,39,16
"MLYCD","s1693_S_NC_02_ASEReadCounter.table","NW_015090842.1:7167662",5,11,6
"MLYCD","s1693_S_NC_02_ASEReadCounter.table","NW_015090842.1:7167675",5,10,5
"MLYCD","s1693_S_NC_02_ASEReadCounter.table","NW_015090842.1:7167710",4,10,6
"MLYCD","s1693_S_NC_02_ASEReadCounter.table","NW_015090842.1:7167781",7,12,5
"MLYCD","s1693_S_NC_02_ASEReadCounter.table","NW_015090842.1:7167803",6,8,2
"MLYCD","s1693_S_NC_02_ASEReadCounter.table","NW_015090842.1:7167812",7,9,2
"MLYCD","s1693_S_NC_02_ASEReadCounter.table","NW_015090842.1:7167845",7,10,3
"MLYCD","s1693_S_NC_02_ASEReadCounter.table","NW_015090842.1:7167862",5,8,3
"MLYCD","s1693_S_NC_02_ASEReadCounter.table","NW_015090842.1:7167929",3,5,2
"MLYCD","s1693_S_NC_02_ASEReadCounter.table","NW_015090842.1:7167995",4,5,1
"MLYCD","s1693_S_NC_02_ASEReadCounter.table","NW_015090842.1:7168005",3,4,1
"MLYCD","s1693_S_NC_02_ASEReadCounter.table","NW_015090842.1:7168037",2,3,1
"HSBP1","s1693_S_NC_02_ASEReadCounter.table","NW_015090842.1:7245192",397,684,287
"HSBP1","s1693_S_NC_02_ASEReadCounter.table","NW_015090842.1:7245226",447,766,319
"HSBP1","s1693_S_NC_02_ASEReadCounter.table","NW_015090842.1:7245257",389,684,295
"HSBP1","s1693_S_NC_02_ASEReadCounter.table","NW_015090842.1:7245296",346,643,297
"HSBP1","s1693_S_NC_02_ASEReadCounter.table","NW_015090842.1:7245389",467,852,385
"HSBP1","s1693_S_NC_02_ASEReadCounter.table","NW_015090842.1:7245400",473,843,370
"HSBP1","s1693_S_NC_02_ASEReadCounter.table","NW_015090842.1:7245445",436,793,357
"HSBP1","s1693_S_NC_02_ASEReadCounter.table","NW_015090842.1:7245495",410,728,318
"HSBP1","s1693_S_NC_02_ASEReadCounter.table","NW_015090842.1:7245515",459,793,334
"HSBP1","s1693_S_NC_02_ASEReadCounter.table","NW_015090842.1:7245733",256,467,211
"HSBP1","s1693_S_NC_02_ASEReadCounter.table","NW_015090842.1:7245771",276,484,208
"HSBP1","s1693_S_NC_02_ASEReadCounter.table","NW_015090842.1:7245813",257,438,181
"HSBP1","s1693_S_NC_02_ASEReadCounter.table","NW_015090842.1:7245926",284,515,231
"HSBP1","s1693_S_NC_02_ASEReadCounter.table","NW_015090842.1:7245927",284,514,230
"HSBP1","s1693_S_NC_02_ASEReadCounter.table","NW_015090842.1:7245933",270,484,214
"HSBP1","s1693_S_NC_02_ASEReadCounter.table","NW_015090842.1:7246002",199,358,159
"HSBP1","s1693_S_NC_02_ASEReadCounter.table","NW_015090842.1:7246094",194,402,208
"HSBP1","s1693_S_NC_02_ASEReadCounter.table","NW_015090842.1:7246167",206,381,175
"HSBP1","s1693_S_NC_02_ASEReadCounter.table","NW_015090842.1:7246183",198,375,177
"HSBP1","s1693_S_NC_02_ASEReadCounter.table","NW_015090842.1:7247285",18,25,7
"HSBP1","s1693_S_NC_02_ASEReadCounter.table","NW_015090842.1:7247651",237,493,256
"HSBP1","s1693_S_NC_02_ASEReadCounter.table","NW_015090842.1:7247657",237,494,257
"HSBP1","s1693_S_NC_02_ASEReadCounter.table","NW_015090842.1:7248520",143,321,178
"HSBP1","s1693_S_NC_02_ASEReadCounter.table","NW_015090842.1:7248535",119,261,142
"KCNG4","s1693_S_NC_02_ASEReadCounter.table","NW_015090842.1:7282481",1,3,2
"KCNG4","s1693_S_NC_02_ASEReadCounter.table","NW_015090842.1:7282500",3,4,1
"KCNG4","s1693_S_NC_02_ASEReadCounter.table","NW_015090842.1:7282542",2,3,1
"KCNG4","s1693_S_NC_02_ASEReadCounter.table","NW_015090842.1:7282579",1,1,0
"KCNG4","s1693_S_NC_02_ASEReadCounter.table","NW_015090842.1:7282630",1,1,0
"KCNG4","s1693_S_NC_02_ASEReadCounter.table","NW_015090842.1:7282760",2,3,1
"KCNG4","s1693_S_NC_02_ASEReadCounter.table","NW_015090842.1:7283056",0,1,1
"KCNG4","s1693_S_NC_02_ASEReadCounter.table","NW_015090842.1:7283245",1,3,2
"KCNG4","s1693_S_NC_02_ASEReadCounter.table","NW_015090842.1:7299491",1,1,0
"KCNG4","s1693_S_NC_02_ASEReadCounter.table","NW_015090842.1:7301195",0,2,2
"KCNG4","s1693_S_NC_02_ASEReadCounter.table","NW_015090842.1:7301227",1,3,2
"KCNG4","s1693_S_NC_02_ASEReadCounter.table","NW_015090842.1:7301240",1,3,2
"KCNG4","s1693_S_NC_02_ASEReadCounter.table","NW_015090842.1:7301413",1,1,0
"ATP2C2","s1693_S_NC_02_ASEReadCounter.table","NW_015090842.1:7413747",5,11,6
"TLDC1","s1693_S_NC_02_ASEReadCounter.table","NW_015090842.1:7421997",9,25,16
"COTL1","s1693_S_NC_02_ASEReadCounter.table","NW_015090842.1:7490707",401,818,417
"COTL1","s1693_S_NC_02_ASEReadCounter.table","NW_015090842.1:7490708",402,820,418
"COTL1","s1693_S_NC_02_ASEReadCounter.table","NW_015090842.1:7490711",407,825,418
"COTL1","s1693_S_NC_02_ASEReadCounter.table","NW_015090842.1:7490739",362,760,398
"COTL1","s1693_S_NC_02_ASEReadCounter.table","NW_015090842.1:7490785",331,699,368
"COTL1","s1693_S_NC_02_ASEReadCounter.table","NW_015090842.1:7490820",44,457,413
"COTL1","s1693_S_NC_02_ASEReadCounter.table","NW_015090842.1:7490846",371,701,330
"COTL1","s1693_S_NC_02_ASEReadCounter.table","NW_015090842.1:7505571",1,1,0
"KLHL36","s1693_S_NC_02_ASEReadCounter.table","NW_015090842.1:7526337",27,27,0
"KLHL36","s1693_S_NC_02_ASEReadCounter.table","NW_015090842.1:7537681",86,86,0
"USP10","s1693_S_NC_02_ASEReadCounter.table","NW_015090842.1:7572213",28,52,24
"USP10","s1693_S_NC_02_ASEReadCounter.table","NW_015090842.1:7572358",14,44,30
"CRISPLD2","s1693_S_NC_02_ASEReadCounter.table","NW_015090842.1:7630779",2,5,3
"CRISPLD2","s1693_S_NC_02_ASEReadCounter.table","NW_015090842.1:7633611",2,2,0
"CRISPLD2","s1693_S_NC_02_ASEReadCounter.table","NW_015090842.1:7633787",2,2,0
"CRISPLD2","s1693_S_NC_02_ASEReadCounter.table","NW_015090842.1:7634620",1,2,1
"CRISPLD2","s1693_S_NC_02_ASEReadCounter.table","NW_015090842.1:7636315",1,1,0
"MTHFSD","s1693_S_NC_02_ASEReadCounter.table","NW_015090842.1:8152578",4,18,14
"DUSP15","s1693_S_NC_02_ASEReadCounter.table","NW_015090842.1:8422840",0,1,1
"EMC8","s1693_S_NC_02_ASEReadCounter.table","NW_015090842.1:8452385",29,53,24
"GINS2","s1693_S_NC_02_ASEReadCounter.table","NW_015090842.1:8467469",24,24,0
"GINS2","s1693_S_NC_02_ASEReadCounter.table","NW_015090842.1:8470290",19,57,38
"GINS2","s1693_S_NC_02_ASEReadCounter.table","NW_015090842.1:8470305",27,68,41
"GINS2","s1693_S_NC_02_ASEReadCounter.table","NW_015090842.1:8470376",24,59,35
"GINS2","s1693_S_NC_02_ASEReadCounter.table","NW_015090842.1:8471057",0,3,3
"GSE1","s1693_S_NC_02_ASEReadCounter.table","NW_015090842.1:8483570",4,4,0
"KIAA0513","s1693_S_NC_02_ASEReadCounter.table","NW_015090842.1:8674736",71,71,0
"KIAA0513","s1693_S_NC_02_ASEReadCounter.table","NW_015090842.1:8687268",0,1,1
"ZCCHC14","s1693_S_NC_02_ASEReadCounter.table","NW_015090842.1:8750189",100,100,0
"JPH3","s1693_S_NC_02_ASEReadCounter.table","NW_015090842.1:8872294",72,152,80
"KLHDC4","s1693_S_NC_02_ASEReadCounter.table","NW_015090842.1:8891175",74,147,73
"KLHDC4","s1693_S_NC_02_ASEReadCounter.table","NW_015090842.1:8905251",12,24,12
"KLHDC4","s1693_S_NC_02_ASEReadCounter.table","NW_015090842.1:8919630",3,5,2
"SLC7A5","s1693_S_NC_02_ASEReadCounter.table","NW_015090842.1:8940382",108,108,0
"SLC7A5","s1693_S_NC_02_ASEReadCounter.table","NW_015090842.1:8941818",55,55,0
"SLC7A5","s1693_S_NC_02_ASEReadCounter.table","NW_015090842.1:8944655",27,27,0
"CA5A","s1693_S_NC_02_ASEReadCounter.table","NW_015090842.1:8989479",31,61,30
"CA5A","s1693_S_NC_02_ASEReadCounter.table","NW_015090842.1:8989562",43,84,41
"CA5A","s1693_S_NC_02_ASEReadCounter.table","NW_015090842.1:8989609",57,92,35
"CA5A","s1693_S_NC_02_ASEReadCounter.table","NW_015090842.1:8989693",66,114,48
"CA5A","s1693_S_NC_02_ASEReadCounter.table","NW_015090842.1:8989702",65,110,45
"CA5A","s1693_S_NC_02_ASEReadCounter.table","NW_015090842.1:8989746",68,119,51
"CA5A","s1693_S_NC_02_ASEReadCounter.table","NW_015090842.1:8989880",45,84,39
"CA5A","s1693_S_NC_02_ASEReadCounter.table","NW_015090842.1:8989885",44,82,38
"CA5A","s1693_S_NC_02_ASEReadCounter.table","NW_015090842.1:8989929",52,89,37
"CA5A","s1693_S_NC_02_ASEReadCounter.table","NW_015090842.1:8990002",52,88,36
"CA5A","s1693_S_NC_02_ASEReadCounter.table","NW_015090842.1:8990004",50,87,37
"CA5A","s1693_S_NC_02_ASEReadCounter.table","NW_015090842.1:8990005",51,88,37
"CA5A","s1693_S_NC_02_ASEReadCounter.table","NW_015090842.1:8990017",46,81,35
"CA5A","s1693_S_NC_02_ASEReadCounter.table","NW_015090842.1:8990043",31,65,34
"CA5A","s1693_S_NC_02_ASEReadCounter.table","NW_015090842.1:8990080",27,59,32
"CA5A","s1693_S_NC_02_ASEReadCounter.table","NW_015090842.1:8990084",31,62,31
"CA5A","s1693_S_NC_02_ASEReadCounter.table","NW_015090842.1:8990090",37,66,29
"CA5A","s1693_S_NC_02_ASEReadCounter.table","NW_015090842.1:8990095",34,62,28
"CA5A","s1693_S_NC_02_ASEReadCounter.table","NW_015090842.1:8990111",31,60,29
"CA5A","s1693_S_NC_02_ASEReadCounter.table","NW_015090842.1:8990112",31,58,27
"CA5A","s1693_S_NC_02_ASEReadCounter.table","NW_015090842.1:8990115",32,59,27
"CA5A","s1693_S_NC_02_ASEReadCounter.table","NW_015090842.1:8990166",25,50,25
"CA5A","s1693_S_NC_02_ASEReadCounter.table","NW_015090842.1:8990169",27,51,24
"CA5A","s1693_S_NC_02_ASEReadCounter.table","NW_015090842.1:8990222",27,48,21
"CA5A","s1693_S_NC_02_ASEReadCounter.table","NW_015090842.1:8990289",25,43,18
"CA5A","s1693_S_NC_02_ASEReadCounter.table","NW_015090842.1:8990314",24,42,18
"CA5A","s1693_S_NC_02_ASEReadCounter.table","NW_015090842.1:8990361",24,42,18
"CA5A","s1693_S_NC_02_ASEReadCounter.table","NW_015090842.1:8990368",24,41,17
"CA5A","s1693_S_NC_02_ASEReadCounter.table","NW_015090842.1:8990429",18,34,16
"CA5A","s1693_S_NC_02_ASEReadCounter.table","NW_015090842.1:8990466",15,34,19
"CA5A","s1693_S_NC_02_ASEReadCounter.table","NW_015090842.1:8990663",12,35,23
"CA5A","s1693_S_NC_02_ASEReadCounter.table","NW_015090842.1:8990797",8,20,12
"CA5A","s1693_S_NC_02_ASEReadCounter.table","NW_015090842.1:8990836",11,25,14
"CA5A","s1693_S_NC_02_ASEReadCounter.table","NW_015090842.1:8990842",11,26,15
"CA5A","s1693_S_NC_02_ASEReadCounter.table","NW_015090842.1:8990851",12,27,15
"CA5A","s1693_S_NC_02_ASEReadCounter.table","NW_015090842.1:8990918",10,22,12
"CA5A","s1693_S_NC_02_ASEReadCounter.table","NW_015090842.1:8990921",8,23,15
"CA5A","s1693_S_NC_02_ASEReadCounter.table","NW_015090842.1:8990942",11,24,13
"CA5A","s1693_S_NC_02_ASEReadCounter.table","NW_015090842.1:8991001",23,43,20
"CA5A","s1693_S_NC_02_ASEReadCounter.table","NW_015090842.1:8991038",19,34,15
"CA5A","s1693_S_NC_02_ASEReadCounter.table","NW_015090842.1:8991149",16,36,20
"CA5A","s1693_S_NC_02_ASEReadCounter.table","NW_015090842.1:8991176",16,31,15
"CA5A","s1693_S_NC_02_ASEReadCounter.table","NW_015090842.1:8991241",20,37,17
"CA5A","s1693_S_NC_02_ASEReadCounter.table","NW_015090842.1:8991262",20,35,15
"CA5A","s1693_S_NC_02_ASEReadCounter.table","NW_015090842.1:8991316",18,19,1
"CA5A","s1693_S_NC_02_ASEReadCounter.table","NW_015090842.1:8991319",17,18,1
"CA5A","s1693_S_NC_02_ASEReadCounter.table","NW_015090842.1:8991330",17,17,0
"CA5A","s1693_S_NC_02_ASEReadCounter.table","NW_015090842.1:8991334",16,17,1
"CA5A","s1693_S_NC_02_ASEReadCounter.table","NW_015090842.1:8991362",19,29,10
"CA5A","s1693_S_NC_02_ASEReadCounter.table","NW_015090842.1:8991368",16,26,10
"CA5A","s1693_S_NC_02_ASEReadCounter.table","NW_015090842.1:8991390",13,23,10
"CA5A","s1693_S_NC_02_ASEReadCounter.table","NW_015090842.1:8991395",14,26,12
"CA5A","s1693_S_NC_02_ASEReadCounter.table","NW_015090842.1:8991422",13,30,17
"CA5A","s1693_S_NC_02_ASEReadCounter.table","NW_015090842.1:8991467",11,29,18
"CA5A","s1693_S_NC_02_ASEReadCounter.table","NW_015090842.1:8991576",8,15,7
"CA5A","s1693_S_NC_02_ASEReadCounter.table","NW_015090842.1:8991587",10,19,9
"CA5A","s1693_S_NC_02_ASEReadCounter.table","NW_015090842.1:8991655",9,22,13
"CA5A","s1693_S_NC_02_ASEReadCounter.table","NW_015090842.1:8991717",8,22,14
"CA5A","s1693_S_NC_02_ASEReadCounter.table","NW_015090842.1:8991726",13,27,14
"CA5A","s1693_S_NC_02_ASEReadCounter.table","NW_015090842.1:8991799",13,25,12
"CA5A","s1693_S_NC_02_ASEReadCounter.table","NW_015090842.1:8991809",12,22,10
"CA5A","s1693_S_NC_02_ASEReadCounter.table","NW_015090842.1:8991848",10,24,14
"CA5A","s1693_S_NC_02_ASEReadCounter.table","NW_015090842.1:8991849",10,24,14
"CA5A","s1693_S_NC_02_ASEReadCounter.table","NW_015090842.1:8991927",15,28,13
"CA5A","s1693_S_NC_02_ASEReadCounter.table","NW_015090842.1:8991941",15,25,10
"CA5A","s1693_S_NC_02_ASEReadCounter.table","NW_015090842.1:8992121",8,13,5
"CA5A","s1693_S_NC_02_ASEReadCounter.table","NW_015090842.1:8992224",11,15,4
"CA5A","s1693_S_NC_02_ASEReadCounter.table","NW_015090842.1:9002570",1,4,3
"CA5A","s1693_S_NC_02_ASEReadCounter.table","NW_015090842.1:9002600",0,4,4
"CA5A","s1693_S_NC_02_ASEReadCounter.table","NW_015090842.1:9004312",1,3,2
"BANP","s1693_S_NC_02_ASEReadCounter.table","NW_015090842.1:9033407",1,3,2
"BANP","s1693_S_NC_02_ASEReadCounter.table","NW_015090842.1:9033409",1,3,2
"BANP","s1693_S_NC_02_ASEReadCounter.table","NW_015090842.1:9033420",2,5,3
"BANP","s1693_S_NC_02_ASEReadCounter.table","NW_015090842.1:9055284",5,9,4
"ZC3H18","s1693_S_NC_02_ASEReadCounter.table","NW_015090842.1:9528933",12,31,19
"MVD","s1693_S_NC_02_ASEReadCounter.table","NW_015090842.1:9550690",85,85,0
"MVD","s1693_S_NC_02_ASEReadCounter.table","NW_015090842.1:9550691",85,85,0
"MVD","s1693_S_NC_02_ASEReadCounter.table","NW_015090842.1:9550699",91,92,1
"MVD","s1693_S_NC_02_ASEReadCounter.table","NW_015090842.1:9550701",90,90,0
"MVD","s1693_S_NC_02_ASEReadCounter.table","NW_015090842.1:9552202",89,89,0
"MVD","s1693_S_NC_02_ASEReadCounter.table","NW_015090842.1:9552223",75,75,0
"MVD","s1693_S_NC_02_ASEReadCounter.table","NW_015090842.1:9552533",51,51,0
"MVD","s1693_S_NC_02_ASEReadCounter.table","NW_015090842.1:9552644",22,47,25
"PIEZO1","s1693_S_NC_02_ASEReadCounter.table","NW_015090842.1:9577447",3,7,4
"PIEZO1","s1693_S_NC_02_ASEReadCounter.table","NW_015090842.1:9579101",3,5,2
"PIEZO1","s1693_S_NC_02_ASEReadCounter.table","NW_015090842.1:9582976",1,4,3
"PIEZO1","s1693_S_NC_02_ASEReadCounter.table","NW_015090842.1:9583326",3,3,0
"CDT1","s1693_S_NC_02_ASEReadCounter.table","NW_015090842.1:9596711",1,1,0
"CDT1","s1693_S_NC_02_ASEReadCounter.table","NW_015090842.1:9597033",8,8,0
"CDT1","s1693_S_NC_02_ASEReadCounter.table","NW_015090842.1:9597756",5,13,8
"CDT1","s1693_S_NC_02_ASEReadCounter.table","NW_015090842.1:9598873",16,17,1
"ACSF3","s1693_S_NC_02_ASEReadCounter.table","NW_015090842.1:9776737",11,12,1
"ACSF3","s1693_S_NC_02_ASEReadCounter.table","NW_015090842.1:9809639",56,56,0
"ACSF3","s1693_S_NC_02_ASEReadCounter.table","NW_015090842.1:9834743",28,71,43
"ACSF3","s1693_S_NC_02_ASEReadCounter.table","NW_015090842.1:9834762",63,63,0
"ACSF3","s1693_S_NC_02_ASEReadCounter.table","NW_015090842.1:9834852",34,75,41
"ACSF3","s1693_S_NC_02_ASEReadCounter.table","NW_015090842.1:9834861",28,68,40
"ACSF3","s1693_S_NC_02_ASEReadCounter.table","NW_015090842.1:9839359",35,57,22
"ACSF3","s1693_S_NC_02_ASEReadCounter.table","NW_015090842.1:9839378",39,59,20
"ACSF3","s1693_S_NC_02_ASEReadCounter.table","NW_015090842.1:9839455",27,61,34
"ACSF3","s1693_S_NC_02_ASEReadCounter.table","NW_015090842.1:9839457",27,58,31
"ACSF3","s1693_S_NC_02_ASEReadCounter.table","NW_015090842.1:9839489",30,59,29
"ACSF3","s1693_S_NC_02_ASEReadCounter.table","NW_015090842.1:9839500",25,49,24
"ACSF3","s1693_S_NC_02_ASEReadCounter.table","NW_015090842.1:9839501",25,48,23
"ACSF3","s1693_S_NC_02_ASEReadCounter.table","NW_015090842.1:9839504",26,50,24
"ACSF3","s1693_S_NC_02_ASEReadCounter.table","NW_015090842.1:9839512",24,45,21
"ACSF3","s1693_S_NC_02_ASEReadCounter.table","NW_015090842.1:9839527",21,36,15
"ACSF3","s1693_S_NC_02_ASEReadCounter.table","NW_015090842.1:9839533",12,26,14
"ACSF3","s1693_S_NC_02_ASEReadCounter.table","NW_015090842.1:9839535",12,23,11
"ACSF3","s1693_S_NC_02_ASEReadCounter.table","NW_015090842.1:9839545",4,15,11
"ACSF3","s1693_S_NC_02_ASEReadCounter.table","NW_015090842.1:9839550",1,13,12
"ACSF3","s1693_S_NC_02_ASEReadCounter.table","NW_015090842.1:9839551",1,13,12
"CDH15","s1693_S_NC_02_ASEReadCounter.table","NW_015090842.1:9848265",1,1,0
"CDH15","s1693_S_NC_02_ASEReadCounter.table","NW_015090842.1:9848531",1,1,0
"CDH15","s1693_S_NC_02_ASEReadCounter.table","NW_015090842.1:9848552",1,1,0
"CDH15","s1693_S_NC_02_ASEReadCounter.table","NW_015090842.1:9848888",0,1,1
"CDH15","s1693_S_NC_02_ASEReadCounter.table","NW_015090842.1:9849086",2,2,0
"CDH15","s1693_S_NC_02_ASEReadCounter.table","NW_015090842.1:9849119",1,1,0
"CDH15","s1693_S_NC_02_ASEReadCounter.table","NW_015090842.1:9849473",1,1,0
"CDH15","s1693_S_NC_02_ASEReadCounter.table","NW_015090842.1:9850141",2,2,0
"CDH15","s1693_S_NC_02_ASEReadCounter.table","NW_015090842.1:9850386",2,3,1
"CDH15","s1693_S_NC_02_ASEReadCounter.table","NW_015090842.1:9850432",1,2,1
"CDH15","s1693_S_NC_02_ASEReadCounter.table","NW_015090842.1:9850609",0,1,1
"SLC22A31","s1693_S_NC_02_ASEReadCounter.table","NW_015090842.1:9851130",6,15,9
"SLC22A31","s1693_S_NC_02_ASEReadCounter.table","NW_015090842.1:9851139",6,16,10
"SLC22A31","s1693_S_NC_02_ASEReadCounter.table","NW_015090842.1:9851265",4,22,18
"SLC22A31","s1693_S_NC_02_ASEReadCounter.table","NW_015090842.1:9851302",5,22,17
"SLC22A31","s1693_S_NC_02_ASEReadCounter.table","NW_015090842.1:9851303",5,22,17
"SLC22A31","s1693_S_NC_02_ASEReadCounter.table","NW_015090842.1:9851305",5,22,17
"SLC22A31","s1693_S_NC_02_ASEReadCounter.table","NW_015090842.1:9851343",6,15,9
"SLC22A31","s1693_S_NC_02_ASEReadCounter.table","NW_015090842.1:9851344",6,15,9
"SLC22A31","s1693_S_NC_02_ASEReadCounter.table","NW_015090842.1:9851381",7,17,10
"SLC22A31","s1693_S_NC_02_ASEReadCounter.table","NW_015090842.1:9851421",8,25,17
"SLC22A31","s1693_S_NC_02_ASEReadCounter.table","NW_015090842.1:9851526",9,25,16
"SLC22A31","s1693_S_NC_02_ASEReadCounter.table","NW_015090842.1:9851589",11,26,15
"SLC22A31","s1693_S_NC_02_ASEReadCounter.table","NW_015090842.1:9851712",12,24,12
"SLC22A31","s1693_S_NC_02_ASEReadCounter.table","NW_015090842.1:9851899",3,12,9
"SLC22A31","s1693_S_NC_02_ASEReadCounter.table","NW_015090842.1:9852139",5,15,10
"SLC22A31","s1693_S_NC_02_ASEReadCounter.table","NW_015090842.1:9852380",6,14,8
"SLC22A31","s1693_S_NC_02_ASEReadCounter.table","NW_015090842.1:9852431",1,6,5
"SLC22A31","s1693_S_NC_02_ASEReadCounter.table","NW_015090842.1:9852630",2,7,5
"SLC22A31","s1693_S_NC_02_ASEReadCounter.table","NW_015090842.1:9852711",2,5,3
"SLC22A31","s1693_S_NC_02_ASEReadCounter.table","NW_015090842.1:9852742",2,4,2
"SLC22A31","s1693_S_NC_02_ASEReadCounter.table","NW_015090842.1:9853099",2,6,4
"SLC22A31","s1693_S_NC_02_ASEReadCounter.table","NW_015090842.1:9853102",3,7,4
"SLC22A31","s1693_S_NC_02_ASEReadCounter.table","NW_015090842.1:9853421",2,2,0
"SLC22A31","s1693_S_NC_02_ASEReadCounter.table","NW_015090842.1:9853457",1,2,1
"SLC22A31","s1693_S_NC_02_ASEReadCounter.table","NW_015090842.1:9853502",2,3,1
"ANKRD11","s1693_S_NC_02_ASEReadCounter.table","NW_015090842.1:9858863",13,35,22
"ANKRD11","s1693_S_NC_02_ASEReadCounter.table","NW_015090842.1:9859101",181,393,212
"ANKRD11","s1693_S_NC_02_ASEReadCounter.table","NW_015090842.1:9859352",243,478,235
"ANKRD11","s1693_S_NC_02_ASEReadCounter.table","NW_015090842.1:9859381",69,260,191
"ANKRD11","s1693_S_NC_02_ASEReadCounter.table","NW_015090842.1:9859527",86,217,131
"ANKRD11","s1693_S_NC_02_ASEReadCounter.table","NW_015090842.1:9859529",85,226,141
"ANKRD11","s1693_S_NC_02_ASEReadCounter.table","NW_015090842.1:9859679",225,450,225
"ANKRD11","s1693_S_NC_02_ASEReadCounter.table","NW_015090842.1:9861097",168,296,128
"ANKRD11","s1693_S_NC_02_ASEReadCounter.table","NW_015090842.1:9862571",118,195,77
"ANKRD11","s1693_S_NC_02_ASEReadCounter.table","NW_015090842.1:9866071",0,81,81
"ANKRD11","s1693_S_NC_02_ASEReadCounter.table","NW_015090842.1:9866200",0,62,62
"ANKRD11","s1693_S_NC_02_ASEReadCounter.table","NW_015090842.1:9867391",25,44,19
"ANKRD11","s1693_S_NC_02_ASEReadCounter.table","NW_015090842.1:9867472",21,55,34
"ANKRD11","s1693_S_NC_02_ASEReadCounter.table","NW_015090842.1:9867559",26,67,41
"ANKRD11","s1693_S_NC_02_ASEReadCounter.table","NW_015090842.1:9867934",33,67,34
"ANKRD11","s1693_S_NC_02_ASEReadCounter.table","NW_015090842.1:9868093",42,82,40
"ANKRD11","s1693_S_NC_02_ASEReadCounter.table","NW_015090842.1:9868222",53,98,45
"ANKRD11","s1693_S_NC_02_ASEReadCounter.table","NW_015090842.1:9868327",45,100,55
"ANKRD11","s1693_S_NC_02_ASEReadCounter.table","NW_015090842.1:9868414",48,119,71
"ANKRD11","s1693_S_NC_02_ASEReadCounter.table","NW_015090842.1:9868441",49,116,67
"ANKRD11","s1693_S_NC_02_ASEReadCounter.table","NW_015090842.1:9868444",51,127,76
"ANKRD11","s1693_S_NC_02_ASEReadCounter.table","NW_015090842.1:9868519",70,141,71
"ANKRD11","s1693_S_NC_02_ASEReadCounter.table","NW_015090842.1:9868609",90,164,74
"ANKRD11","s1693_S_NC_02_ASEReadCounter.table","NW_015090842.1:9868666",88,176,88
"ANKRD11","s1693_S_NC_02_ASEReadCounter.table","NW_015090842.1:9869431",174,322,148
"ANKRD11","s1693_S_NC_02_ASEReadCounter.table","NW_015090842.1:9869578",283,505,222
"ANKRD11","s1693_S_NC_02_ASEReadCounter.table","NW_015090842.1:9869734",298,552,254
"ANKRD11","s1693_S_NC_02_ASEReadCounter.table","NW_015090842.1:9870070",286,598,312
"ANKRD11","s1693_S_NC_02_ASEReadCounter.table","NW_015090842.1:9870349",356,707,351
"ANKRD11","s1693_S_NC_02_ASEReadCounter.table","NW_015090842.1:9870604",396,782,386
"ANKRD11","s1693_S_NC_02_ASEReadCounter.table","NW_015090842.1:9870613",427,823,396
"ANKRD11","s1693_S_NC_02_ASEReadCounter.table","NW_015090842.1:9870685",430,900,470
"ANKRD11","s1693_S_NC_02_ASEReadCounter.table","NW_015090842.1:9870847",414,877,463
"ANKRD11","s1693_S_NC_02_ASEReadCounter.table","NW_015090842.1:9871103",300,597,297
"ANKRD11","s1693_S_NC_02_ASEReadCounter.table","NW_015090842.1:9871165",291,616,325
"ANKRD11","s1693_S_NC_02_ASEReadCounter.table","NW_015090842.1:9871820",35,100,65
"ANKRD11","s1693_S_NC_02_ASEReadCounter.table","NW_015090842.1:9871994",83,83,0
"ANKRD11","s1693_S_NC_02_ASEReadCounter.table","NW_015090842.1:9872118",57,119,62
"SPG7","s1693_S_NC_02_ASEReadCounter.table","NW_015090842.1:10051190",47,98,51
"SPG7","s1693_S_NC_02_ASEReadCounter.table","NW_015090842.1:10051218",65,125,60
"SPG7","s1693_S_NC_02_ASEReadCounter.table","NW_015090842.1:10052348",80,149,69
"SPG7","s1693_S_NC_02_ASEReadCounter.table","NW_015090842.1:10052366",90,161,71
"SPG7","s1693_S_NC_02_ASEReadCounter.table","NW_015090842.1:10065173",113,218,105
"SPG7","s1693_S_NC_02_ASEReadCounter.table","NW_015090842.1:10065215",104,202,98
"SPG7","s1693_S_NC_02_ASEReadCounter.table","NW_015090842.1:10066301",100,195,95
"SPG7","s1693_S_NC_02_ASEReadCounter.table","NW_015090842.1:10066365",106,213,107
"SPG7","s1693_S_NC_02_ASEReadCounter.table","NW_015090842.1:10069752",128,251,123
"SPG7","s1693_S_NC_02_ASEReadCounter.table","NW_015090842.1:10069800",144,293,149
"SPG7","s1693_S_NC_02_ASEReadCounter.table","NW_015090842.1:10071192",166,354,188
"SPG7","s1693_S_NC_02_ASEReadCounter.table","NW_015090842.1:10071204",174,356,182
"SPG7","s1693_S_NC_02_ASEReadCounter.table","NW_015090842.1:10071219",167,343,176
"SPG7","s1693_S_NC_02_ASEReadCounter.table","NW_015090842.1:10071967",162,318,156
"SPG7","s1693_S_NC_02_ASEReadCounter.table","NW_015090842.1:10075109",298,563,265
"SPG7","s1693_S_NC_02_ASEReadCounter.table","NW_015090842.1:10075114",308,560,252
"SPG7","s1693_S_NC_02_ASEReadCounter.table","NW_015090842.1:10075198",265,459,194
"SPG7","s1693_S_NC_02_ASEReadCounter.table","NW_015090842.1:10075487",204,426,222
"SPG7","s1693_S_NC_02_ASEReadCounter.table","NW_015090842.1:10075488",203,427,224
"SPG7","s1693_S_NC_02_ASEReadCounter.table","NW_015090842.1:10075548",167,310,143
"RPL13","s1693_S_NC_02_ASEReadCounter.table","NW_015090842.1:10077387",431,910,479
"RPL13","s1693_S_NC_02_ASEReadCounter.table","NW_015090842.1:10077978",608,1297,689
"RPL13","s1693_S_NC_02_ASEReadCounter.table","NW_015090842.1:10077992",627,1292,665
"CPNE7","s1693_S_NC_02_ASEReadCounter.table","NW_015090842.1:10084001",24,43,19
"CPNE7","s1693_S_NC_02_ASEReadCounter.table","NW_015090842.1:10084856",19,32,13
"CPNE7","s1693_S_NC_02_ASEReadCounter.table","NW_015090842.1:10084872",18,32,14
"CPNE7","s1693_S_NC_02_ASEReadCounter.table","NW_015090842.1:10084892",18,31,13
"CPNE7","s1693_S_NC_02_ASEReadCounter.table","NW_015090842.1:10084921",17,27,10
"CPNE7","s1693_S_NC_02_ASEReadCounter.table","NW_015090842.1:10084935",18,31,13
"CPNE7","s1693_S_NC_02_ASEReadCounter.table","NW_015090842.1:10085000",25,49,24
"CPNE7","s1693_S_NC_02_ASEReadCounter.table","NW_015090842.1:10085089",15,32,17
"CPNE7","s1693_S_NC_02_ASEReadCounter.table","NW_015090842.1:10085096",16,34,18
"CPNE7","s1693_S_NC_02_ASEReadCounter.table","NW_015090842.1:10085126",17,38,21
"CPNE7","s1693_S_NC_02_ASEReadCounter.table","NW_015090842.1:10085180",19,41,22
"CPNE7","s1693_S_NC_02_ASEReadCounter.table","NW_015090842.1:10085201",18,36,18
"CPNE7","s1693_S_NC_02_ASEReadCounter.table","NW_015090842.1:10088134",39,80,41
"CPNE7","s1693_S_NC_02_ASEReadCounter.table","NW_015090842.1:10088146",36,73,37
"CPNE7","s1693_S_NC_02_ASEReadCounter.table","NW_015090842.1:10088940",58,117,59
"CPNE7","s1693_S_NC_02_ASEReadCounter.table","NW_015090842.1:10088965",61,121,60
"CPNE7","s1693_S_NC_02_ASEReadCounter.table","NW_015090842.1:10088967",61,121,60
"CPNE7","s1693_S_NC_02_ASEReadCounter.table","NW_015090842.1:10088973",66,122,56
"CPNE7","s1693_S_NC_02_ASEReadCounter.table","NW_015090842.1:10090924",95,178,83
"CPNE7","s1693_S_NC_02_ASEReadCounter.table","NW_015090842.1:10090930",93,172,79
"CPNE7","s1693_S_NC_02_ASEReadCounter.table","NW_015090842.1:10091075",109,179,70
"CPNE7","s1693_S_NC_02_ASEReadCounter.table","NW_015090842.1:10091389",93,178,85
"CPNE7","s1693_S_NC_02_ASEReadCounter.table","NW_015090842.1:10091407",102,196,94
"CPNE7","s1693_S_NC_02_ASEReadCounter.table","NW_015090842.1:10091530",113,214,101
"CPNE7","s1693_S_NC_02_ASEReadCounter.table","NW_015090842.1:10091875",155,272,117
"CPNE7","s1693_S_NC_02_ASEReadCounter.table","NW_015090842.1:10091983",145,253,108
"CPNE7","s1693_S_NC_02_ASEReadCounter.table","NW_015090842.1:10091997",153,256,103
"CPNE7","s1693_S_NC_02_ASEReadCounter.table","NW_015090842.1:10092038",72,136,64
"CPNE7","s1693_S_NC_02_ASEReadCounter.table","NW_015090842.1:10092140",83,153,70
"CPNE7","s1693_S_NC_02_ASEReadCounter.table","NW_015090842.1:10092183",62,117,55
"CPNE7","s1693_S_NC_02_ASEReadCounter.table","NW_015090842.1:10092201",56,103,47
"CPNE7","s1693_S_NC_02_ASEReadCounter.table","NW_015090842.1:10092230",43,82,39
"CPNE7","s1693_S_NC_02_ASEReadCounter.table","NW_015090842.1:10092246",32,56,24
"LOC106888185","s1693_S_NC_02_ASEReadCounter.table","NW_015090842.1:10094965",1,3,2
"LOC106888185","s1693_S_NC_02_ASEReadCounter.table","NW_015090842.1:10094966",1,3,2
"LOC106888185","s1693_S_NC_02_ASEReadCounter.table","NW_015090842.1:10094985",1,2,1
"LOC106888185","s1693_S_NC_02_ASEReadCounter.table","NW_015090842.1:10095055",0,2,2
"LOC106888185","s1693_S_NC_02_ASEReadCounter.table","NW_015090842.1:10095062",0,1,1
"LOC106888185","s1693_S_NC_02_ASEReadCounter.table","NW_015090842.1:10095130",0,2,2
"LOC106888185","s1693_S_NC_02_ASEReadCounter.table","NW_015090842.1:10095265",5,11,6
"LOC106888185","s1693_S_NC_02_ASEReadCounter.table","NW_015090842.1:10095586",5,10,5
"LOC106888185","s1693_S_NC_02_ASEReadCounter.table","NW_015090842.1:10095593",6,10,4
"LOC106888185","s1693_S_NC_02_ASEReadCounter.table","NW_015090842.1:10095616",7,13,6
"LOC106888185","s1693_S_NC_02_ASEReadCounter.table","NW_015090842.1:10095662",4,10,6
"LOC106888185","s1693_S_NC_02_ASEReadCounter.table","NW_015090842.1:10095674",4,11,7
"LOC106888185","s1693_S_NC_02_ASEReadCounter.table","NW_015090842.1:10095786",2,6,4
"LOC106888185","s1693_S_NC_02_ASEReadCounter.table","NW_015090842.1:10095831",3,8,5
"LOC106888185","s1693_S_NC_02_ASEReadCounter.table","NW_015090842.1:10096230",4,6,2
"LOC106888185","s1693_S_NC_02_ASEReadCounter.table","NW_015090842.1:10096249",4,6,2
"LOC106888185","s1693_S_NC_02_ASEReadCounter.table","NW_015090842.1:10096272",4,4,0
"LOC106888185","s1693_S_NC_02_ASEReadCounter.table","NW_015090842.1:10096288",4,4,0
"LOC106888185","s1693_S_NC_02_ASEReadCounter.table","NW_015090842.1:10097248",2,3,1
"LOC106888185","s1693_S_NC_02_ASEReadCounter.table","NW_015090842.1:10097265",2,4,2
"LOC106888185","s1693_S_NC_02_ASEReadCounter.table","NW_015090842.1:10097446",1,1,0
"DPEP1","s1693_S_NC_02_ASEReadCounter.table","NW_015090842.1:10100044",0,1,1
"DPEP1","s1693_S_NC_02_ASEReadCounter.table","NW_015090842.1:10100045",0,1,1
"DPEP1","s1693_S_NC_02_ASEReadCounter.table","NW_015090842.1:10100084",0,1,1
"DPEP1","s1693_S_NC_02_ASEReadCounter.table","NW_015090842.1:10101483",0,1,1
"DPEP1","s1693_S_NC_02_ASEReadCounter.table","NW_015090842.1:10101497",0,1,1
"DPEP1","s1693_S_NC_02_ASEReadCounter.table","NW_015090842.1:10101525",0,1,1
"DPEP1","s1693_S_NC_02_ASEReadCounter.table","NW_015090842.1:10101996",0,1,1
"DPEP1","s1693_S_NC_02_ASEReadCounter.table","NW_015090842.1:10102014",0,1,1
"DPEP1","s1693_S_NC_02_ASEReadCounter.table","NW_015090842.1:10102077",0,1,1
"CHMP1A","s1693_S_NC_02_ASEReadCounter.table","NW_015090842.1:10102901",86,194,108
"CHMP1A","s1693_S_NC_02_ASEReadCounter.table","NW_015090842.1:10102961",73,211,138
"CHMP1A","s1693_S_NC_02_ASEReadCounter.table","NW_015090842.1:10102996",50,185,135
"CHMP1A","s1693_S_NC_02_ASEReadCounter.table","NW_015090842.1:10103004",51,187,136
"CHMP1A","s1693_S_NC_02_ASEReadCounter.table","NW_015090842.1:10103006",51,189,138
"CHMP1A","s1693_S_NC_02_ASEReadCounter.table","NW_015090842.1:10103052",115,261,146
"CHMP1A","s1693_S_NC_02_ASEReadCounter.table","NW_015090842.1:10103095",124,276,152
"CHMP1A","s1693_S_NC_02_ASEReadCounter.table","NW_015090842.1:10103096",123,273,150
"CHMP1A","s1693_S_NC_02_ASEReadCounter.table","NW_015090842.1:10103152",85,179,94
"CHMP1A","s1693_S_NC_02_ASEReadCounter.table","NW_015090842.1:10103334",51,129,78
"CHMP1A","s1693_S_NC_02_ASEReadCounter.table","NW_015090842.1:10103373",30,108,78
"CHMP1A","s1693_S_NC_02_ASEReadCounter.table","NW_015090842.1:10103408",53,127,74
"CHMP1A","s1693_S_NC_02_ASEReadCounter.table","NW_015090842.1:10103412",62,132,70
"CHMP1A","s1693_S_NC_02_ASEReadCounter.table","NW_015090842.1:10103512",65,145,80
"CHMP1A","s1693_S_NC_02_ASEReadCounter.table","NW_015090842.1:10103513",65,144,79
"CHMP1A","s1693_S_NC_02_ASEReadCounter.table","NW_015090842.1:10103583",56,116,60
"CHMP1A","s1693_S_NC_02_ASEReadCounter.table","NW_015090842.1:10103614",64,127,63
"CHMP1A","s1693_S_NC_02_ASEReadCounter.table","NW_015090842.1:10103657",55,115,60
"CHMP1A","s1693_S_NC_02_ASEReadCounter.table","NW_015090842.1:10103669",44,101,57
"CHMP1A","s1693_S_NC_02_ASEReadCounter.table","NW_015090842.1:10103674",43,92,49
"CHMP1A","s1693_S_NC_02_ASEReadCounter.table","NW_015090842.1:10103677",44,96,52
"CHMP1A","s1693_S_NC_02_ASEReadCounter.table","NW_015090842.1:10103729",73,121,48
"CHMP1A","s1693_S_NC_02_ASEReadCounter.table","NW_015090842.1:10103758",71,119,48
"CHMP1A","s1693_S_NC_02_ASEReadCounter.table","NW_015090842.1:10103761",73,121,48
"CHMP1A","s1693_S_NC_02_ASEReadCounter.table","NW_015090842.1:10103788",70,136,66
"CHMP1A","s1693_S_NC_02_ASEReadCounter.table","NW_015090842.1:10103789",71,137,66
"CHMP1A","s1693_S_NC_02_ASEReadCounter.table","NW_015090842.1:10103790",70,138,68
"CHMP1A","s1693_S_NC_02_ASEReadCounter.table","NW_015090842.1:10103950",52,108,56
"CHMP1A","s1693_S_NC_02_ASEReadCounter.table","NW_015090842.1:10104335",44,89,45
"CHMP1A","s1693_S_NC_02_ASEReadCounter.table","NW_015090842.1:10104429",44,78,34
"CHMP1A","s1693_S_NC_02_ASEReadCounter.table","NW_015090842.1:10104532",60,102,42
"CHMP1A","s1693_S_NC_02_ASEReadCounter.table","NW_015090842.1:10104633",39,68,29
"CHMP1A","s1693_S_NC_02_ASEReadCounter.table","NW_015090842.1:10104759",39,71,32
"CHMP1A","s1693_S_NC_02_ASEReadCounter.table","NW_015090842.1:10104794",49,90,41
"CHMP1A","s1693_S_NC_02_ASEReadCounter.table","NW_015090842.1:10104844",33,65,32
"CHMP1A","s1693_S_NC_02_ASEReadCounter.table","NW_015090842.1:10106290",30,57,27
"CHMP1A","s1693_S_NC_02_ASEReadCounter.table","NW_015090842.1:10106335",36,66,30
"CHMP1A","s1693_S_NC_02_ASEReadCounter.table","NW_015090842.1:10106383",56,98,42
"CHMP1A","s1693_S_NC_02_ASEReadCounter.table","NW_015090842.1:10106747",32,75,43
"CHMP1A","s1693_S_NC_02_ASEReadCounter.table","NW_015090842.1:10107404",24,59,35
"CHMP1A","s1693_S_NC_02_ASEReadCounter.table","NW_015090842.1:10107410",26,60,34
"CHMP1A","s1693_S_NC_02_ASEReadCounter.table","NW_015090842.1:10107876",34,59,25
"CDK10","s1693_S_NC_02_ASEReadCounter.table","NW_015090842.1:10109030",9,10,1
"CDK10","s1693_S_NC_02_ASEReadCounter.table","NW_015090842.1:10109963",25,74,49
"CDK10","s1693_S_NC_02_ASEReadCounter.table","NW_015090842.1:10110887",32,71,39
"CDK10","s1693_S_NC_02_ASEReadCounter.table","NW_015090842.1:10111254",26,64,38
"CDK10","s1693_S_NC_02_ASEReadCounter.table","NW_015090842.1:10111380",29,76,47
"CDK10","s1693_S_NC_02_ASEReadCounter.table","NW_015090842.1:10111395",32,71,39
"CDK10","s1693_S_NC_02_ASEReadCounter.table","NW_015090842.1:10111437",21,69,48
"CDK10","s1693_S_NC_02_ASEReadCounter.table","NW_015090842.1:10111798",48,100,52
"CDK10","s1693_S_NC_02_ASEReadCounter.table","NW_015090842.1:10111840",51,111,60
"CDK10","s1693_S_NC_02_ASEReadCounter.table","NW_015090842.1:10112031",48,132,84
"CDK10","s1693_S_NC_02_ASEReadCounter.table","NW_015090842.1:10112285",55,148,93
"CDK10","s1693_S_NC_02_ASEReadCounter.table","NW_015090842.1:10112398",61,152,91
"CDK10","s1693_S_NC_02_ASEReadCounter.table","NW_015090842.1:10112455",62,158,96
"CDK10","s1693_S_NC_02_ASEReadCounter.table","NW_015090842.1:10112461",57,141,84
"CDK10","s1693_S_NC_02_ASEReadCounter.table","NW_015090842.1:10112497",55,132,77
"CDK10","s1693_S_NC_02_ASEReadCounter.table","NW_015090842.1:10112508",47,137,90
"CDK10","s1693_S_NC_02_ASEReadCounter.table","NW_015090842.1:10112518",36,131,95
"CDK10","s1693_S_NC_02_ASEReadCounter.table","NW_015090842.1:10112540",8,102,94
"CDK10","s1693_S_NC_02_ASEReadCounter.table","NW_015090842.1:10112556",40,130,90
"CDK10","s1693_S_NC_02_ASEReadCounter.table","NW_015090842.1:10112561",50,158,108
"CDK10","s1693_S_NC_02_ASEReadCounter.table","NW_015090842.1:10112596",62,174,112
"CDK10","s1693_S_NC_02_ASEReadCounter.table","NW_015090842.1:10112630",55,159,104
"CDK10","s1693_S_NC_02_ASEReadCounter.table","NW_015090842.1:10112656",58,150,92
"CDK10","s1693_S_NC_02_ASEReadCounter.table","NW_015090842.1:10112665",56,122,66
"CDK10","s1693_S_NC_02_ASEReadCounter.table","NW_015090842.1:10112668",54,117,63
"CDK10","s1693_S_NC_02_ASEReadCounter.table","NW_015090842.1:10112781",23,73,50
"CDK10","s1693_S_NC_02_ASEReadCounter.table","NW_015090842.1:10112782",23,73,50
"CDK10","s1693_S_NC_02_ASEReadCounter.table","NW_015090842.1:10112795",24,71,47
"CDK10","s1693_S_NC_02_ASEReadCounter.table","NW_015090842.1:10112841",13,30,17
"CDK10","s1693_S_NC_02_ASEReadCounter.table","NW_015090842.1:10112861",8,22,14
"SPATA2L","s1693_S_NC_02_ASEReadCounter.table","NW_015090842.1:10113212",43,107,64
"SPATA2L","s1693_S_NC_02_ASEReadCounter.table","NW_015090842.1:10113280",63,160,97
"SPATA2L","s1693_S_NC_02_ASEReadCounter.table","NW_015090842.1:10113296",69,179,110
"SPATA2L","s1693_S_NC_02_ASEReadCounter.table","NW_015090842.1:10113321",81,202,121
"SPATA2L","s1693_S_NC_02_ASEReadCounter.table","NW_015090842.1:10113332",89,233,144
"SPATA2L","s1693_S_NC_02_ASEReadCounter.table","NW_015090842.1:10113380",75,227,152
"SPATA2L","s1693_S_NC_02_ASEReadCounter.table","NW_015090842.1:10113381",75,234,159
"SPATA2L","s1693_S_NC_02_ASEReadCounter.table","NW_015090842.1:10113412",71,236,165
"SPATA2L","s1693_S_NC_02_ASEReadCounter.table","NW_015090842.1:10113421",73,246,173
"SPATA2L","s1693_S_NC_02_ASEReadCounter.table","NW_015090842.1:10113465",76,232,156
"SPATA2L","s1693_S_NC_02_ASEReadCounter.table","NW_015090842.1:10113535",116,249,133
"SPATA2L","s1693_S_NC_02_ASEReadCounter.table","NW_015090842.1:10113645",94,263,169
"SPATA2L","s1693_S_NC_02_ASEReadCounter.table","NW_015090842.1:10113682",107,288,181
"SPATA2L","s1693_S_NC_02_ASEReadCounter.table","NW_015090842.1:10113696",102,262,160
"SPATA2L","s1693_S_NC_02_ASEReadCounter.table","NW_015090842.1:10113727",100,265,165
"SPATA2L","s1693_S_NC_02_ASEReadCounter.table","NW_015090842.1:10113729",98,260,162
"SPATA2L","s1693_S_NC_02_ASEReadCounter.table","NW_015090842.1:10113799",112,258,146
"SPATA2L","s1693_S_NC_02_ASEReadCounter.table","NW_015090842.1:10113809",127,283,156
"SPATA2L","s1693_S_NC_02_ASEReadCounter.table","NW_015090842.1:10113827",127,270,143
"SPATA2L","s1693_S_NC_02_ASEReadCounter.table","NW_015090842.1:10113831",119,274,155
"SPATA2L","s1693_S_NC_02_ASEReadCounter.table","NW_015090842.1:10113894",93,219,126
"SPATA2L","s1693_S_NC_02_ASEReadCounter.table","NW_015090842.1:10113905",70,182,112
"SPATA2L","s1693_S_NC_02_ASEReadCounter.table","NW_015090842.1:10113914",69,177,108
"SPATA2L","s1693_S_NC_02_ASEReadCounter.table","NW_015090842.1:10113920",80,192,112
"SPATA2L","s1693_S_NC_02_ASEReadCounter.table","NW_015090842.1:10113937",85,214,129
"SPATA2L","s1693_S_NC_02_ASEReadCounter.table","NW_015090842.1:10113971",69,195,126
"SPATA2L","s1693_S_NC_02_ASEReadCounter.table","NW_015090842.1:10113976",62,202,140
"SPATA2L","s1693_S_NC_02_ASEReadCounter.table","NW_015090842.1:10113985",71,189,118
"SPATA2L","s1693_S_NC_02_ASEReadCounter.table","NW_015090842.1:10113994",84,212,128
"SPATA2L","s1693_S_NC_02_ASEReadCounter.table","NW_015090842.1:10114063",69,180,111
"SPATA2L","s1693_S_NC_02_ASEReadCounter.table","NW_015090842.1:10114066",71,185,114
"SPATA2L","s1693_S_NC_02_ASEReadCounter.table","NW_015090842.1:10114069",71,184,113
"SPATA2L","s1693_S_NC_02_ASEReadCounter.table","NW_015090842.1:10114159",45,123,78
"SPATA2L","s1693_S_NC_02_ASEReadCounter.table","NW_015090842.1:10114262",177,177,0
"SPATA2L","s1693_S_NC_02_ASEReadCounter.table","NW_015090842.1:10114470",58,150,92
"SPATA2L","s1693_S_NC_02_ASEReadCounter.table","NW_015090842.1:10114524",49,113,64
"VPS9D1","s1693_S_NC_02_ASEReadCounter.table","NW_015090842.1:10116377",51,127,76
"VPS9D1","s1693_S_NC_02_ASEReadCounter.table","NW_015090842.1:10116415",49,136,87
"VPS9D1","s1693_S_NC_02_ASEReadCounter.table","NW_015090842.1:10116607",44,130,86
"VPS9D1","s1693_S_NC_02_ASEReadCounter.table","NW_015090842.1:10116821",36,103,67
"VPS9D1","s1693_S_NC_02_ASEReadCounter.table","NW_015090842.1:10116825",35,99,64
"VPS9D1","s1693_S_NC_02_ASEReadCounter.table","NW_015090842.1:10116882",38,101,63
"VPS9D1","s1693_S_NC_02_ASEReadCounter.table","NW_015090842.1:10116933",43,125,82
"VPS9D1","s1693_S_NC_02_ASEReadCounter.table","NW_015090842.1:10116942",39,125,86
"VPS9D1","s1693_S_NC_02_ASEReadCounter.table","NW_015090842.1:10117152",26,89,63
"VPS9D1","s1693_S_NC_02_ASEReadCounter.table","NW_015090842.1:10117480",28,67,39
"VPS9D1","s1693_S_NC_02_ASEReadCounter.table","NW_015090842.1:10117497",25,63,38
"VPS9D1","s1693_S_NC_02_ASEReadCounter.table","NW_015090842.1:10117499",24,64,40
"VPS9D1","s1693_S_NC_02_ASEReadCounter.table","NW_015090842.1:10117516",26,86,60
"VPS9D1","s1693_S_NC_02_ASEReadCounter.table","NW_015090842.1:10117525",32,92,60
"VPS9D1","s1693_S_NC_02_ASEReadCounter.table","NW_015090842.1:10117579",27,99,72
"VPS9D1","s1693_S_NC_02_ASEReadCounter.table","NW_015090842.1:10117627",39,89,50
"VPS9D1","s1693_S_NC_02_ASEReadCounter.table","NW_015090842.1:10117678",25,67,42
"VPS9D1","s1693_S_NC_02_ASEReadCounter.table","NW_015090842.1:10117773",31,99,68
"VPS9D1","s1693_S_NC_02_ASEReadCounter.table","NW_015090842.1:10117937",43,114,71
"VPS9D1","s1693_S_NC_02_ASEReadCounter.table","NW_015090842.1:10117961",39,103,64
"VPS9D1","s1693_S_NC_02_ASEReadCounter.table","NW_015090842.1:10118236",44,108,64
"VPS9D1","s1693_S_NC_02_ASEReadCounter.table","NW_015090842.1:10118414",38,99,61
"VPS9D1","s1693_S_NC_02_ASEReadCounter.table","NW_015090842.1:10118973",40,113,73
"VPS9D1","s1693_S_NC_02_ASEReadCounter.table","NW_015090842.1:10119500",24,53,29
"ZNF276","s1693_S_NC_02_ASEReadCounter.table","NW_015090842.1:10121760",2,3,1
"ZNF276","s1693_S_NC_02_ASEReadCounter.table","NW_015090842.1:10121769",2,3,1
"ZNF276","s1693_S_NC_02_ASEReadCounter.table","NW_015090842.1:10121802",3,6,3
"ZNF276","s1693_S_NC_02_ASEReadCounter.table","NW_015090842.1:10121971",3,14,11
"ZNF276","s1693_S_NC_02_ASEReadCounter.table","NW_015090842.1:10122161",20,20,0
"ZNF276","s1693_S_NC_02_ASEReadCounter.table","NW_015090842.1:10122164",20,20,0
"ZNF276","s1693_S_NC_02_ASEReadCounter.table","NW_015090842.1:10122184",18,18,0
"ZNF276","s1693_S_NC_02_ASEReadCounter.table","NW_015090842.1:10122883",3,11,8
"ZNF276","s1693_S_NC_02_ASEReadCounter.table","NW_015090842.1:10122997",7,12,5
"ZNF276","s1693_S_NC_02_ASEReadCounter.table","NW_015090842.1:10123069",7,14,7
"ZNF276","s1693_S_NC_02_ASEReadCounter.table","NW_015090842.1:10123207",10,25,15
"ZNF276","s1693_S_NC_02_ASEReadCounter.table","NW_015090842.1:10125787",12,33,21
"ZNF276","s1693_S_NC_02_ASEReadCounter.table","NW_015090842.1:10126309",15,42,27
"ZNF276","s1693_S_NC_02_ASEReadCounter.table","NW_015090842.1:10126348",17,41,24
"ZNF276","s1693_S_NC_02_ASEReadCounter.table","NW_015090842.1:10126978",27,51,24
"ZNF276","s1693_S_NC_02_ASEReadCounter.table","NW_015090842.1:10126991",22,38,16
"ZNF276","s1693_S_NC_02_ASEReadCounter.table","NW_015090842.1:10127023",21,46,25
"ZNF276","s1693_S_NC_02_ASEReadCounter.table","NW_015090842.1:10127063",17,34,17
"ZNF276","s1693_S_NC_02_ASEReadCounter.table","NW_015090842.1:10127373",21,41,20
"ZNF276","s1693_S_NC_02_ASEReadCounter.table","NW_015090842.1:10127931",28,65,37
"ZNF276","s1693_S_NC_02_ASEReadCounter.table","NW_015090842.1:10128070",22,54,32
"ZNF276","s1693_S_NC_02_ASEReadCounter.table","NW_015090842.1:10128102",27,61,34
"ZNF276","s1693_S_NC_02_ASEReadCounter.table","NW_015090842.1:10128356",22,65,43
"ZNF276","s1693_S_NC_02_ASEReadCounter.table","NW_015090842.1:10128497",28,51,23
"FANCA","s1693_S_NC_02_ASEReadCounter.table","NW_015090842.1:10128743",1,2,1
"FANCA","s1693_S_NC_02_ASEReadCounter.table","NW_015090842.1:10133530",0,2,2
"FANCA","s1693_S_NC_02_ASEReadCounter.table","NW_015090842.1:10133533",0,2,2
"FANCA","s1693_S_NC_02_ASEReadCounter.table","NW_015090842.1:10133536",0,2,2
"FANCA","s1693_S_NC_02_ASEReadCounter.table","NW_015090842.1:10133601",0,1,1
"FANCA","s1693_S_NC_02_ASEReadCounter.table","NW_015090842.1:10134492",0,1,1
"FANCA","s1693_S_NC_02_ASEReadCounter.table","NW_015090842.1:10137673",0,1,1
"FANCA","s1693_S_NC_02_ASEReadCounter.table","NW_015090842.1:10139140",0,1,1
"FANCA","s1693_S_NC_02_ASEReadCounter.table","NW_015090842.1:10164257",1,1,0
"FANCA","s1693_S_NC_02_ASEReadCounter.table","NW_015090842.1:10165331",1,1,0
"SPIRE2","s1693_S_NC_02_ASEReadCounter.table","NW_015090842.1:10172284",27,48,21
"SPIRE2","s1693_S_NC_02_ASEReadCounter.table","NW_015090842.1:10175262",36,78,42
"SPIRE2","s1693_S_NC_02_ASEReadCounter.table","NW_015090842.1:10175352",21,40,19
"SPIRE2","s1693_S_NC_02_ASEReadCounter.table","NW_015090842.1:10175400",74,155,81
"SPIRE2","s1693_S_NC_02_ASEReadCounter.table","NW_015090842.1:10175418",81,165,84
"SPIRE2","s1693_S_NC_02_ASEReadCounter.table","NW_015090842.1:10175704",106,204,98
"SPIRE2","s1693_S_NC_02_ASEReadCounter.table","NW_015090842.1:10176115",127,272,145
"SPIRE2","s1693_S_NC_02_ASEReadCounter.table","NW_015090842.1:10176561",158,329,171
"SPIRE2","s1693_S_NC_02_ASEReadCounter.table","NW_015090842.1:10176817",144,310,166
"SPIRE2","s1693_S_NC_02_ASEReadCounter.table","NW_015090842.1:10177084",92,201,109
"SPIRE2","s1693_S_NC_02_ASEReadCounter.table","NW_015090842.1:10177838",163,371,208
"SPIRE2","s1693_S_NC_02_ASEReadCounter.table","NW_015090842.1:10178000",174,366,192
"SPIRE2","s1693_S_NC_02_ASEReadCounter.table","NW_015090842.1:10178164",194,382,188
"SPIRE2","s1693_S_NC_02_ASEReadCounter.table","NW_015090842.1:10178216",228,447,219
"SPIRE2","s1693_S_NC_02_ASEReadCounter.table","NW_015090842.1:10178303",226,415,189
"SPIRE2","s1693_S_NC_02_ASEReadCounter.table","NW_015090842.1:10178403",220,428,208
"SPIRE2","s1693_S_NC_02_ASEReadCounter.table","NW_015090842.1:10178409",202,394,192
"SPIRE2","s1693_S_NC_02_ASEReadCounter.table","NW_015090842.1:10178524",207,404,197
"SPIRE2","s1693_S_NC_02_ASEReadCounter.table","NW_015090842.1:10178526",205,404,199
"SPIRE2","s1693_S_NC_02_ASEReadCounter.table","NW_015090842.1:10178531",210,410,200
"SPIRE2","s1693_S_NC_02_ASEReadCounter.table","NW_015090842.1:10178565",197,401,204
"SPIRE2","s1693_S_NC_02_ASEReadCounter.table","NW_015090842.1:10178587",190,358,168
"SPIRE2","s1693_S_NC_02_ASEReadCounter.table","NW_015090842.1:10178640",113,240,127
"SPIRE2","s1693_S_NC_02_ASEReadCounter.table","NW_015090842.1:10178651",128,265,137
"SPIRE2","s1693_S_NC_02_ASEReadCounter.table","NW_015090842.1:10178682",128,254,126
"TCF25","s1693_S_NC_02_ASEReadCounter.table","NW_015090842.1:10180912",48,82,34
"TCF25","s1693_S_NC_02_ASEReadCounter.table","NW_015090842.1:10180924",52,86,34
"TCF25","s1693_S_NC_02_ASEReadCounter.table","NW_015090842.1:10180931",53,86,33
"TCF25","s1693_S_NC_02_ASEReadCounter.table","NW_015090842.1:10185332",86,162,76
"TCF25","s1693_S_NC_02_ASEReadCounter.table","NW_015090842.1:10196561",78,166,88
"TCF25","s1693_S_NC_02_ASEReadCounter.table","NW_015090842.1:10197399",184,184,0
"MC1R","s1693_S_NC_02_ASEReadCounter.table","NW_015090842.1:10201853",0,1,1
"MC1R","s1693_S_NC_02_ASEReadCounter.table","NW_015090842.1:10201986",0,4,4
"MC1R","s1693_S_NC_02_ASEReadCounter.table","NW_015090842.1:10202160",0,2,2
"MC1R","s1693_S_NC_02_ASEReadCounter.table","NW_015090842.1:10202447",1,4,3
"TUBB3","s1693_S_NC_02_ASEReadCounter.table","NW_015090842.1:10205322",0,202,202
"GAS8","s1693_S_NC_02_ASEReadCounter.table","NW_015090842.1:10228982",13,25,12
"GAS8","s1693_S_NC_02_ASEReadCounter.table","NW_015090842.1:10229832",9,15,6
"GAS8","s1693_S_NC_02_ASEReadCounter.table","NW_015090842.1:10232901",10,32,22
"GAS8","s1693_S_NC_02_ASEReadCounter.table","NW_015090842.1:10232928",17,40,23
"GAS8","s1693_S_NC_02_ASEReadCounter.table","NW_015090842.1:10232967",25,53,28
"GAS8","s1693_S_NC_02_ASEReadCounter.table","NW_015090842.1:10233032",22,41,19
"GAS8","s1693_S_NC_02_ASEReadCounter.table","NW_015090842.1:10233057",20,34,14
"GAS8","s1693_S_NC_02_ASEReadCounter.table","NW_015090842.1:10233058",20,33,13
"GAS8","s1693_S_NC_02_ASEReadCounter.table","NW_015090842.1:10233176",16,40,24
"GAS8","s1693_S_NC_02_ASEReadCounter.table","NW_015090842.1:10233196",16,35,19
"GAS8","s1693_S_NC_02_ASEReadCounter.table","NW_015090842.1:10233252",11,25,14
"GAS8","s1693_S_NC_02_ASEReadCounter.table","NW_015090842.1:10233303",7,17,10
"LOC106888094","s1693_S_NC_02_ASEReadCounter.table","NW_015090842.1:10233334",4,9,5
"LOC106888094","s1693_S_NC_02_ASEReadCounter.table","NW_015090842.1:10233362",6,13,7
"LOC106888094","s1693_S_NC_02_ASEReadCounter.table","NW_015090842.1:10233373",5,14,9
"LOC106888094","s1693_S_NC_02_ASEReadCounter.table","NW_015090842.1:10233388",8,16,8
"LOC106888094","s1693_S_NC_02_ASEReadCounter.table","NW_015090842.1:10233402",8,16,8
"LOC106888094","s1693_S_NC_02_ASEReadCounter.table","NW_015090842.1:10233465",6,18,12
"LOC106888094","s1693_S_NC_02_ASEReadCounter.table","NW_015090842.1:10233803",10,30,20
"LOC106888094","s1693_S_NC_02_ASEReadCounter.table","NW_015090842.1:10233815",9,22,13
"LOC106888094","s1693_S_NC_02_ASEReadCounter.table","NW_015090842.1:10235484",0,1,1
"LOC106888094","s1693_S_NC_02_ASEReadCounter.table","NW_015090842.1:10235611",0,1,1
"LOC106888173","s1693_S_NC_02_ASEReadCounter.table","NW_015090842.1:10239596",0,2,2
"LOC106888173","s1693_S_NC_02_ASEReadCounter.table","NW_015090842.1:10240036",0,3,3
"LOC106888173","s1693_S_NC_02_ASEReadCounter.table","NW_015090842.1:10240095",0,2,2
"LOC106888173","s1693_S_NC_02_ASEReadCounter.table","NW_015090842.1:10240280",0,5,5
"LOC106888173","s1693_S_NC_02_ASEReadCounter.table","NW_015090842.1:10240557",0,6,6
"LOC106888173","s1693_S_NC_02_ASEReadCounter.table","NW_015090842.1:10240603",1,6,5
"LOC106888173","s1693_S_NC_02_ASEReadCounter.table","NW_015090842.1:10240609",1,5,4
"LOC106888173","s1693_S_NC_02_ASEReadCounter.table","NW_015090842.1:10240924",0,7,7
"LOC106888173","s1693_S_NC_02_ASEReadCounter.table","NW_015090842.1:10241037",0,9,9
"LOC106888173","s1693_S_NC_02_ASEReadCounter.table","NW_015090842.1:10241046",0,10,10
"LOC106888173","s1693_S_NC_02_ASEReadCounter.table","NW_015090842.1:10241058",0,9,9
"LOC106888173","s1693_S_NC_02_ASEReadCounter.table","NW_015090842.1:10241064",0,9,9
"LOC106888173","s1693_S_NC_02_ASEReadCounter.table","NW_015090842.1:10241163",0,7,7
"LOC106888173","s1693_S_NC_02_ASEReadCounter.table","NW_015090842.1:10241803",0,4,4
"LOC106888173","s1693_S_NC_02_ASEReadCounter.table","NW_015090842.1:10241827",0,5,5
"LOC106888173","s1693_S_NC_02_ASEReadCounter.table","NW_015090842.1:10241869",0,6,6
"LOC106888173","s1693_S_NC_02_ASEReadCounter.table","NW_015090842.1:10242079",0,9,9
"LOC106888173","s1693_S_NC_02_ASEReadCounter.table","NW_015090842.1:10242103",0,6,6
"LOC106888173","s1693_S_NC_02_ASEReadCounter.table","NW_015090842.1:10242157",0,9,9
"LOC106888173","s1693_S_NC_02_ASEReadCounter.table","NW_015090842.1:10242455",3,9,6
"LOC106888173","s1693_S_NC_02_ASEReadCounter.table","NW_015090842.1:10242481",3,12,9
"LOC106888173","s1693_S_NC_02_ASEReadCounter.table","NW_015090842.1:10242590",2,13,11
"LOC106888173","s1693_S_NC_02_ASEReadCounter.table","NW_015090842.1:10242794",2,9,7
"LOC106888173","s1693_S_NC_02_ASEReadCounter.table","NW_015090842.1:10242909",1,6,5
"LOC106888173","s1693_S_NC_02_ASEReadCounter.table","NW_015090842.1:10243094",1,9,8
"LOC106888173","s1693_S_NC_02_ASEReadCounter.table","NW_015090842.1:10243133",0,8,8
"LOC106888173","s1693_S_NC_02_ASEReadCounter.table","NW_015090842.1:10243273",1,9,8
"LOC106888173","s1693_S_NC_02_ASEReadCounter.table","NW_015090842.1:10243278",1,9,8
"LOC106888173","s1693_S_NC_02_ASEReadCounter.table","NW_015090842.1:10243281",1,10,9
"LOC106888173","s1693_S_NC_02_ASEReadCounter.table","NW_015090842.1:10243347",2,2,0
"LOC106888173","s1693_S_NC_02_ASEReadCounter.table","NW_015090842.1:10243353",0,2,2
"LOC106888173","s1693_S_NC_02_ASEReadCounter.table","NW_015090842.1:10243363",0,2,2
"LOC106888173","s1693_S_NC_02_ASEReadCounter.table","NW_015090842.1:10243365",0,2,2
"LOC106888173","s1693_S_NC_02_ASEReadCounter.table","NW_015090842.1:10243529",2,14,12
"LOC106888173","s1693_S_NC_02_ASEReadCounter.table","NW_015090842.1:10243566",2,13,11
"LOC106888173","s1693_S_NC_02_ASEReadCounter.table","NW_015090842.1:10243605",1,12,11
"LOC106888173","s1693_S_NC_02_ASEReadCounter.table","NW_015090842.1:10243614",1,12,11
"LOC106888173","s1693_S_NC_02_ASEReadCounter.table","NW_015090842.1:10243615",1,12,11
"LOC106888173","s1693_S_NC_02_ASEReadCounter.table","NW_015090842.1:10243640",1,14,13
"LOC106888173","s1693_S_NC_02_ASEReadCounter.table","NW_015090842.1:10243680",1,13,12
"LOC106888173","s1693_S_NC_02_ASEReadCounter.table","NW_015090842.1:10243742",2,17,15
"LOC106888173","s1693_S_NC_02_ASEReadCounter.table","NW_015090842.1:10243804",2,12,10
"LOC106888173","s1693_S_NC_02_ASEReadCounter.table","NW_015090842.1:10243913",0,2,2
"LOC106888173","s1693_S_NC_02_ASEReadCounter.table","NW_015090842.1:10243921",0,2,2
"LOC106888384","s1693_S_NC_02_ASEReadCounter.table","NW_015090842.1:10253165",1,1,0
"LOC106888384","s1693_S_NC_02_ASEReadCounter.table","NW_015090842.1:10255608",1,2,1
"LOC106888384","s1693_S_NC_02_ASEReadCounter.table","NW_015090842.1:10255614",1,2,1
"LOC106888384","s1693_S_NC_02_ASEReadCounter.table","NW_015090842.1:10255704",4,6,2
"LOC106888384","s1693_S_NC_02_ASEReadCounter.table","NW_015090842.1:10255731",2,3,1
"LOC106888384","s1693_S_NC_02_ASEReadCounter.table","NW_015090842.1:10255771",2,3,1
"TANGO6","s1693_S_NC_02_ASEReadCounter.table","NW_015090842.1:10257782",3,5,2
"TANGO6","s1693_S_NC_02_ASEReadCounter.table","NW_015090842.1:10258162",6,16,10
"TANGO6","s1693_S_NC_02_ASEReadCounter.table","NW_015090842.1:10258185",7,16,9
"TANGO6","s1693_S_NC_02_ASEReadCounter.table","NW_015090842.1:10259267",5,8,3
"TANGO6","s1693_S_NC_02_ASEReadCounter.table","NW_015090842.1:10260250",14,28,14
"TANGO6","s1693_S_NC_02_ASEReadCounter.table","NW_015090842.1:10260979",8,20,12
"TANGO6","s1693_S_NC_02_ASEReadCounter.table","NW_015090842.1:10261599",9,17,8
"TANGO6","s1693_S_NC_02_ASEReadCounter.table","NW_015090842.1:10268425",18,23,5
"TANGO6","s1693_S_NC_02_ASEReadCounter.table","NW_015090842.1:10269831",12,22,10
"TANGO6","s1693_S_NC_02_ASEReadCounter.table","NW_015090842.1:10270813",21,35,14
"TANGO6","s1693_S_NC_02_ASEReadCounter.table","NW_015090842.1:10273952",15,21,6
"TANGO6","s1693_S_NC_02_ASEReadCounter.table","NW_015090842.1:10273970",22,30,8
"TANGO6","s1693_S_NC_02_ASEReadCounter.table","NW_015090842.1:10274018",18,24,6
"TANGO6","s1693_S_NC_02_ASEReadCounter.table","NW_015090842.1:10275974",27,30,3
"TANGO6","s1693_S_NC_02_ASEReadCounter.table","NW_015090842.1:10275976",26,29,3
"TANGO6","s1693_S_NC_02_ASEReadCounter.table","NW_015090842.1:10276123",22,29,7
"TANGO6","s1693_S_NC_02_ASEReadCounter.table","NW_015090842.1:10276271",21,30,9
"TANGO6","s1693_S_NC_02_ASEReadCounter.table","NW_015090842.1:10276272",20,28,8
"TANGO6","s1693_S_NC_02_ASEReadCounter.table","NW_015090842.1:10276275",23,31,8
"TANGO6","s1693_S_NC_02_ASEReadCounter.table","NW_015090842.1:10276278",23,31,8
"TANGO6","s1693_S_NC_02_ASEReadCounter.table","NW_015090842.1:10276368",16,21,5
"TANGO6","s1693_S_NC_02_ASEReadCounter.table","NW_015090842.1:10276373",15,20,5
"TANGO6","s1693_S_NC_02_ASEReadCounter.table","NW_015090842.1:10276630",21,30,9
"TANGO6","s1693_S_NC_02_ASEReadCounter.table","NW_015090842.1:10281498",26,35,9
"TANGO6","s1693_S_NC_02_ASEReadCounter.table","NW_015090842.1:10282842",37,51,14
"TANGO6","s1693_S_NC_02_ASEReadCounter.table","NW_015090842.1:10282863",37,51,14
"TANGO6","s1693_S_NC_02_ASEReadCounter.table","NW_015090842.1:10282869",34,50,16
"TANGO6","s1693_S_NC_02_ASEReadCounter.table","NW_015090842.1:10282903",34,57,23
"TANGO6","s1693_S_NC_02_ASEReadCounter.table","NW_015090842.1:10283757",58,72,14
"TANGO6","s1693_S_NC_02_ASEReadCounter.table","NW_015090842.1:10283785",52,68,16
"HAS3","s1693_S_NC_02_ASEReadCounter.table","NW_015090842.1:10288093",0,1,1
"HAS3","s1693_S_NC_02_ASEReadCounter.table","NW_015090842.1:10288266",0,2,2
"HAS3","s1693_S_NC_02_ASEReadCounter.table","NW_015090842.1:10288274",0,2,2
"HAS3","s1693_S_NC_02_ASEReadCounter.table","NW_015090842.1:10288364",0,1,1
"HAS3","s1693_S_NC_02_ASEReadCounter.table","NW_015090842.1:10288405",0,2,2
"HAS3","s1693_S_NC_02_ASEReadCounter.table","NW_015090842.1:10289469",1,1,0
"HAS3","s1693_S_NC_02_ASEReadCounter.table","NW_015090842.1:10289708",1,2,1
"HAS3","s1693_S_NC_02_ASEReadCounter.table","NW_015090842.1:10290375",1,2,1
"HAS3","s1693_S_NC_02_ASEReadCounter.table","NW_015090842.1:10290395",0,1,1
"HAS3","s1693_S_NC_02_ASEReadCounter.table","NW_015090842.1:10290561",0,2,2
"HAS3","s1693_S_NC_02_ASEReadCounter.table","NW_015090842.1:10290609",0,2,2
"HAS3","s1693_S_NC_02_ASEReadCounter.table","NW_015090842.1:10290666",0,2,2
"HAS3","s1693_S_NC_02_ASEReadCounter.table","NW_015090842.1:10290723",0,1,1
"HAS3","s1693_S_NC_02_ASEReadCounter.table","NW_015090842.1:10290927",1,3,2
"HAS3","s1693_S_NC_02_ASEReadCounter.table","NW_015090842.1:10291004",1,4,3
"CHTF8","s1693_S_NC_02_ASEReadCounter.table","NW_015090842.1:10291319",5,7,2
"CHTF8","s1693_S_NC_02_ASEReadCounter.table","NW_015090842.1:10291342",3,5,2
"CHTF8","s1693_S_NC_02_ASEReadCounter.table","NW_015090842.1:10291491",2,4,2
"CHTF8","s1693_S_NC_02_ASEReadCounter.table","NW_015090842.1:10291520",3,5,2
"CHTF8","s1693_S_NC_02_ASEReadCounter.table","NW_015090842.1:10291593",2,6,4
"CHTF8","s1693_S_NC_02_ASEReadCounter.table","NW_015090842.1:10291600",1,5,4
"CHTF8","s1693_S_NC_02_ASEReadCounter.table","NW_015090842.1:10291609",0,4,4
"CHTF8","s1693_S_NC_02_ASEReadCounter.table","NW_015090842.1:10291639",1,5,4
"CHTF8","s1693_S_NC_02_ASEReadCounter.table","NW_015090842.1:10291641",1,5,4
"CHTF8","s1693_S_NC_02_ASEReadCounter.table","NW_015090842.1:10291648",2,5,3
"CHTF8","s1693_S_NC_02_ASEReadCounter.table","NW_015090842.1:10291656",3,6,3
"CHTF8","s1693_S_NC_02_ASEReadCounter.table","NW_015090842.1:10291675",3,7,4
"CHTF8","s1693_S_NC_02_ASEReadCounter.table","NW_015090842.1:10291696",3,7,4
"CHTF8","s1693_S_NC_02_ASEReadCounter.table","NW_015090842.1:10291714",3,7,4
"CHTF8","s1693_S_NC_02_ASEReadCounter.table","NW_015090842.1:10291732",3,7,4
"CHTF8","s1693_S_NC_02_ASEReadCounter.table","NW_015090842.1:10291755",2,6,4
"CHTF8","s1693_S_NC_02_ASEReadCounter.table","NW_015090842.1:10291756",2,6,4
"CHTF8","s1693_S_NC_02_ASEReadCounter.table","NW_015090842.1:10291758",2,6,4
"CHTF8","s1693_S_NC_02_ASEReadCounter.table","NW_015090842.1:10291792",4,6,2
"CHTF8","s1693_S_NC_02_ASEReadCounter.table","NW_015090842.1:10292132",3,7,4
"CHTF8","s1693_S_NC_02_ASEReadCounter.table","NW_015090842.1:10292314",1,4,3
"CHTF8","s1693_S_NC_02_ASEReadCounter.table","NW_015090842.1:10292317",1,5,4
"CHTF8","s1693_S_NC_02_ASEReadCounter.table","NW_015090842.1:10292928",2,2,0
"UTP4","s1693_S_NC_02_ASEReadCounter.table","NW_015090842.1:10293146",9,18,9
"UTP4","s1693_S_NC_02_ASEReadCounter.table","NW_015090842.1:10293151",9,17,8
"UTP4","s1693_S_NC_02_ASEReadCounter.table","NW_015090842.1:10293191",5,13,8
"UTP4","s1693_S_NC_02_ASEReadCounter.table","NW_015090842.1:10293362",6,12,6
"UTP4","s1693_S_NC_02_ASEReadCounter.table","NW_015090842.1:10293430",9,19,10
"UTP4","s1693_S_NC_02_ASEReadCounter.table","NW_015090842.1:10293625",8,18,10
"UTP4","s1693_S_NC_02_ASEReadCounter.table","NW_015090842.1:10293684",14,24,10
"UTP4","s1693_S_NC_02_ASEReadCounter.table","NW_015090842.1:10294093",8,17,9
"UTP4","s1693_S_NC_02_ASEReadCounter.table","NW_015090842.1:10294568",10,23,13
"UTP4","s1693_S_NC_02_ASEReadCounter.table","NW_015090842.1:10294622",11,27,16
"UTP4","s1693_S_NC_02_ASEReadCounter.table","NW_015090842.1:10294632",11,27,16
"UTP4","s1693_S_NC_02_ASEReadCounter.table","NW_015090842.1:10295238",11,22,11
"UTP4","s1693_S_NC_02_ASEReadCounter.table","NW_015090842.1:10295880",19,32,13
"UTP4","s1693_S_NC_02_ASEReadCounter.table","NW_015090842.1:10295884",20,32,12
"UTP4","s1693_S_NC_02_ASEReadCounter.table","NW_015090842.1:10295903",17,32,15
"UTP4","s1693_S_NC_02_ASEReadCounter.table","NW_015090842.1:10295906",14,29,15
"UTP4","s1693_S_NC_02_ASEReadCounter.table","NW_015090842.1:10295915",15,32,17
"UTP4","s1693_S_NC_02_ASEReadCounter.table","NW_015090842.1:10295938",12,27,15
"UTP4","s1693_S_NC_02_ASEReadCounter.table","NW_015090842.1:10296175",20,37,17
"UTP4","s1693_S_NC_02_ASEReadCounter.table","NW_015090842.1:10296660",12,32,20
"UTP4","s1693_S_NC_02_ASEReadCounter.table","NW_015090842.1:10296679",13,29,16
"UTP4","s1693_S_NC_02_ASEReadCounter.table","NW_015090842.1:10297193",25,58,33
"UTP4","s1693_S_NC_02_ASEReadCounter.table","NW_015090842.1:10297220",23,60,37
"UTP4","s1693_S_NC_02_ASEReadCounter.table","NW_015090842.1:10297307",36,81,45
"UTP4","s1693_S_NC_02_ASEReadCounter.table","NW_015090842.1:10297558",40,94,54
"UTP4","s1693_S_NC_02_ASEReadCounter.table","NW_015090842.1:10297943",29,64,35
"UTP4","s1693_S_NC_02_ASEReadCounter.table","NW_015090842.1:10297979",35,69,34
"UTP4","s1693_S_NC_02_ASEReadCounter.table","NW_015090842.1:10298022",33,59,26
"UTP4","s1693_S_NC_02_ASEReadCounter.table","NW_015090842.1:10298079",8,24,16
"UTP4","s1693_S_NC_02_ASEReadCounter.table","NW_015090842.1:10298081",8,21,13
"UTP4","s1693_S_NC_02_ASEReadCounter.table","NW_015090842.1:10298082",7,22,15
"SNTB2","s1693_S_NC_02_ASEReadCounter.table","NW_015090842.1:10298928",0,1,1
"SNTB2","s1693_S_NC_02_ASEReadCounter.table","NW_015090842.1:10303506",5,9,4
"SNTB2","s1693_S_NC_02_ASEReadCounter.table","NW_015090842.1:10303524",4,8,4
"SNTB2","s1693_S_NC_02_ASEReadCounter.table","NW_015090842.1:10304059",4,6,2
"SNTB2","s1693_S_NC_02_ASEReadCounter.table","NW_015090842.1:10304089",4,7,3
"SNTB2","s1693_S_NC_02_ASEReadCounter.table","NW_015090842.1:10304167",4,9,5
"SNTB2","s1693_S_NC_02_ASEReadCounter.table","NW_015090842.1:10304176",3,9,6
"SNTB2","s1693_S_NC_02_ASEReadCounter.table","NW_015090842.1:10305069",3,9,6
"SNTB2","s1693_S_NC_02_ASEReadCounter.table","NW_015090842.1:10305099",4,12,8
"SNTB2","s1693_S_NC_02_ASEReadCounter.table","NW_015090842.1:10305451",3,7,4
"SNTB2","s1693_S_NC_02_ASEReadCounter.table","NW_015090842.1:10305547",7,12,5
"SNTB2","s1693_S_NC_02_ASEReadCounter.table","NW_015090842.1:10305847",3,9,6
"SNTB2","s1693_S_NC_02_ASEReadCounter.table","NW_015090842.1:10305911",3,11,8
"SNTB2","s1693_S_NC_02_ASEReadCounter.table","NW_015090842.1:10306173",4,8,4
"SNTB2","s1693_S_NC_02_ASEReadCounter.table","NW_015090842.1:10306275",2,10,8
"SNTB2","s1693_S_NC_02_ASEReadCounter.table","NW_015090842.1:10306457",2,15,13
"SNTB2","s1693_S_NC_02_ASEReadCounter.table","NW_015090842.1:10306496",2,13,11
"SNTB2","s1693_S_NC_02_ASEReadCounter.table","NW_015090842.1:10306499",2,12,10
"VPS4A","s1693_S_NC_02_ASEReadCounter.table","NW_015090842.1:10308566",67,139,72
"VPS4A","s1693_S_NC_02_ASEReadCounter.table","NW_015090842.1:10308573",68,147,79
"VPS4A","s1693_S_NC_02_ASEReadCounter.table","NW_015090842.1:10308856",108,227,119
"VPS4A","s1693_S_NC_02_ASEReadCounter.table","NW_015090842.1:10309056",146,292,146
"VPS4A","s1693_S_NC_02_ASEReadCounter.table","NW_015090842.1:10309089",149,297,148
"VPS4A","s1693_S_NC_02_ASEReadCounter.table","NW_015090842.1:10309392",143,280,137
"VPS4A","s1693_S_NC_02_ASEReadCounter.table","NW_015090842.1:10309413",141,287,146
"VPS4A","s1693_S_NC_02_ASEReadCounter.table","NW_015090842.1:10309467",163,345,182
"VPS4A","s1693_S_NC_02_ASEReadCounter.table","NW_015090842.1:10310230",194,398,204
"VPS4A","s1693_S_NC_02_ASEReadCounter.table","NW_015090842.1:10310425",150,330,180
"VPS4A","s1693_S_NC_02_ASEReadCounter.table","NW_015090842.1:10310639",196,414,218
"VPS4A","s1693_S_NC_02_ASEReadCounter.table","NW_015090842.1:10310640",416,416,0
"VPS4A","s1693_S_NC_02_ASEReadCounter.table","NW_015090842.1:10310687",186,423,237
"VPS4A","s1693_S_NC_02_ASEReadCounter.table","NW_015090842.1:10310734",160,358,198
"VPS4A","s1693_S_NC_02_ASEReadCounter.table","NW_015090842.1:10310737",168,366,198
"VPS4A","s1693_S_NC_02_ASEReadCounter.table","NW_015090842.1:10310746",185,391,206
"VPS4A","s1693_S_NC_02_ASEReadCounter.table","NW_015090842.1:10310767",206,434,228
"VPS4A","s1693_S_NC_02_ASEReadCounter.table","NW_015090842.1:10310995",252,475,223
"VPS4A","s1693_S_NC_02_ASEReadCounter.table","NW_015090842.1:10311004",256,478,222
"VPS4A","s1693_S_NC_02_ASEReadCounter.table","NW_015090842.1:10311007",263,498,235
"VPS4A","s1693_S_NC_02_ASEReadCounter.table","NW_015090842.1:10311013",275,507,232
"VPS4A","s1693_S_NC_02_ASEReadCounter.table","NW_015090842.1:10311022",249,481,232
"VPS4A","s1693_S_NC_02_ASEReadCounter.table","NW_015090842.1:10311023",251,478,227
"VPS4A","s1693_S_NC_02_ASEReadCounter.table","NW_015090842.1:10311426",233,490,257
"VPS4A","s1693_S_NC_02_ASEReadCounter.table","NW_015090842.1:10311489",0,8,8
"VPS4A","s1693_S_NC_02_ASEReadCounter.table","NW_015090842.1:10311490",0,7,7
"VPS4A","s1693_S_NC_02_ASEReadCounter.table","NW_015090842.1:10311525",12,23,11
"VPS4A","s1693_S_NC_02_ASEReadCounter.table","NW_015090842.1:10311529",12,34,22
"VPS4A","s1693_S_NC_02_ASEReadCounter.table","NW_015090842.1:10311530",12,35,23
"VPS4A","s1693_S_NC_02_ASEReadCounter.table","NW_015090842.1:10311552",50,76,26
"VPS4A","s1693_S_NC_02_ASEReadCounter.table","NW_015090842.1:10311689",50,93,43
"VPS4A","s1693_S_NC_02_ASEReadCounter.table","NW_015090842.1:10311700",73,121,48
"VPS4A","s1693_S_NC_02_ASEReadCounter.table","NW_015090842.1:10311701",71,124,53
"VPS4A","s1693_S_NC_02_ASEReadCounter.table","NW_015090842.1:10311703",73,125,52
"COG8","s1693_S_NC_02_ASEReadCounter.table","NW_015090842.1:10313487",25,42,17
"COG8","s1693_S_NC_02_ASEReadCounter.table","NW_015090842.1:10313559",32,57,25
"COG8","s1693_S_NC_02_ASEReadCounter.table","NW_015090842.1:10313579",22,51,29
"COG8","s1693_S_NC_02_ASEReadCounter.table","NW_015090842.1:10313665",23,49,26
"COG8","s1693_S_NC_02_ASEReadCounter.table","NW_015090842.1:10313681",21,50,29
"COG8","s1693_S_NC_02_ASEReadCounter.table","NW_015090842.1:10313768",37,73,36
"COG8","s1693_S_NC_02_ASEReadCounter.table","NW_015090842.1:10313775",34,70,36
"COG8","s1693_S_NC_02_ASEReadCounter.table","NW_015090842.1:10313811",20,49,29
"COG8","s1693_S_NC_02_ASEReadCounter.table","NW_015090842.1:10313858",21,41,20
"COG8","s1693_S_NC_02_ASEReadCounter.table","NW_015090842.1:10313859",42,42,0
"COG8","s1693_S_NC_02_ASEReadCounter.table","NW_015090842.1:10314100",27,45,18
"COG8","s1693_S_NC_02_ASEReadCounter.table","NW_015090842.1:10314213",23,51,28
"COG8","s1693_S_NC_02_ASEReadCounter.table","NW_015090842.1:10315093",19,36,17
"COG8","s1693_S_NC_02_ASEReadCounter.table","NW_015090842.1:10315162",15,32,17
"COG8","s1693_S_NC_02_ASEReadCounter.table","NW_015090842.1:10315285",19,35,16
"COG8","s1693_S_NC_02_ASEReadCounter.table","NW_015090842.1:10315360",24,38,14
"COG8","s1693_S_NC_02_ASEReadCounter.table","NW_015090842.1:10315369",26,40,14
"COG8","s1693_S_NC_02_ASEReadCounter.table","NW_015090842.1:10315508",13,18,5
"COG8","s1693_S_NC_02_ASEReadCounter.table","NW_015090842.1:10315624",15,27,12
"COG8","s1693_S_NC_02_ASEReadCounter.table","NW_015090842.1:10315693",13,23,10
"COG8","s1693_S_NC_02_ASEReadCounter.table","NW_015090842.1:10315698",14,28,14
"COG8","s1693_S_NC_02_ASEReadCounter.table","NW_015090842.1:10315768",7,20,13
"COG8","s1693_S_NC_02_ASEReadCounter.table","NW_015090842.1:10315769",7,20,13
"COG8","s1693_S_NC_02_ASEReadCounter.table","NW_015090842.1:10315784",9,20,11
"COG8","s1693_S_NC_02_ASEReadCounter.table","NW_015090842.1:10316093",5,11,6
"COG8","s1693_S_NC_02_ASEReadCounter.table","NW_015090842.1:10316133",4,10,6
"NIP7","s1693_S_NC_02_ASEReadCounter.table","NW_015090842.1:10316759",19,44,25
"NIP7","s1693_S_NC_02_ASEReadCounter.table","NW_015090842.1:10316967",96,211,115
"NIP7","s1693_S_NC_02_ASEReadCounter.table","NW_015090842.1:10316995",125,253,128
"NIP7","s1693_S_NC_02_ASEReadCounter.table","NW_015090842.1:10317240",195,379,184
"NIP7","s1693_S_NC_02_ASEReadCounter.table","NW_015090842.1:10317247",191,376,185
"NIP7","s1693_S_NC_02_ASEReadCounter.table","NW_015090842.1:10317264",181,344,163
"NIP7","s1693_S_NC_02_ASEReadCounter.table","NW_015090842.1:10317433",209,431,222
"NIP7","s1693_S_NC_02_ASEReadCounter.table","NW_015090842.1:10317738",179,404,225
"NIP7","s1693_S_NC_02_ASEReadCounter.table","NW_015090842.1:10317769",195,433,238
"NIP7","s1693_S_NC_02_ASEReadCounter.table","NW_015090842.1:10317808",128,287,159
"NIP7","s1693_S_NC_02_ASEReadCounter.table","NW_015090842.1:10317870",62,180,118
"NIP7","s1693_S_NC_02_ASEReadCounter.table","NW_015090842.1:10317871",62,177,115
"NIP7","s1693_S_NC_02_ASEReadCounter.table","NW_015090842.1:10317898",51,135,84
"NIP7","s1693_S_NC_02_ASEReadCounter.table","NW_015090842.1:10317911",49,126,77
"TMED6","s1693_S_NC_02_ASEReadCounter.table","NW_015090842.1:10318514",1,1,0
"TMED6","s1693_S_NC_02_ASEReadCounter.table","NW_015090842.1:10318731",2,3,1
"TERF2","s1693_S_NC_02_ASEReadCounter.table","NW_015090842.1:10321768",30,65,35
"TERF2","s1693_S_NC_02_ASEReadCounter.table","NW_015090842.1:10321777",23,54,31
"TERF2","s1693_S_NC_02_ASEReadCounter.table","NW_015090842.1:10321805",28,62,34
"TERF2","s1693_S_NC_02_ASEReadCounter.table","NW_015090842.1:10321878",39,85,46
"TERF2","s1693_S_NC_02_ASEReadCounter.table","NW_015090842.1:10321893",37,79,42
"TERF2","s1693_S_NC_02_ASEReadCounter.table","NW_015090842.1:10321897",33,71,38
"TERF2","s1693_S_NC_02_ASEReadCounter.table","NW_015090842.1:10321908",33,68,35
"TERF2","s1693_S_NC_02_ASEReadCounter.table","NW_015090842.1:10322001",51,95,44
"TERF2","s1693_S_NC_02_ASEReadCounter.table","NW_015090842.1:10322035",37,74,37
"TERF2","s1693_S_NC_02_ASEReadCounter.table","NW_015090842.1:10322051",38,86,48
"TERF2","s1693_S_NC_02_ASEReadCounter.table","NW_015090842.1:10322137",31,62,31
"TERF2","s1693_S_NC_02_ASEReadCounter.table","NW_015090842.1:10322144",32,61,29
"TERF2","s1693_S_NC_02_ASEReadCounter.table","NW_015090842.1:10322388",21,66,45
"TERF2","s1693_S_NC_02_ASEReadCounter.table","NW_015090842.1:10322396",21,64,43
"TERF2","s1693_S_NC_02_ASEReadCounter.table","NW_015090842.1:10322502",30,72,42
"TERF2","s1693_S_NC_02_ASEReadCounter.table","NW_015090842.1:10322504",33,76,43
"TERF2","s1693_S_NC_02_ASEReadCounter.table","NW_015090842.1:10322510",33,75,42
"TERF2","s1693_S_NC_02_ASEReadCounter.table","NW_015090842.1:10323580",30,77,47
"TERF2","s1693_S_NC_02_ASEReadCounter.table","NW_015090842.1:10324314",27,70,43
"TERF2","s1693_S_NC_02_ASEReadCounter.table","NW_015090842.1:10326832",23,47,24
"TERF2","s1693_S_NC_02_ASEReadCounter.table","NW_015090842.1:10327787",11,27,16
"TERF2","s1693_S_NC_02_ASEReadCounter.table","NW_015090842.1:10328588",6,18,12
"TERF2","s1693_S_NC_02_ASEReadCounter.table","NW_015090842.1:10328644",8,22,14
"TERF2","s1693_S_NC_02_ASEReadCounter.table","NW_015090842.1:10329813",3,17,14
"TERF2","s1693_S_NC_02_ASEReadCounter.table","NW_015090842.1:10330749",5,16,11
"TERF2","s1693_S_NC_02_ASEReadCounter.table","NW_015090842.1:10330789",5,13,8
"CYB5B","s1693_S_NC_02_ASEReadCounter.table","NW_015090842.1:10336595",3,4,1
"CYB5B","s1693_S_NC_02_ASEReadCounter.table","NW_015090842.1:10336667",29,51,22
"CYB5B","s1693_S_NC_02_ASEReadCounter.table","NW_015090842.1:10336689",40,74,34
"CYB5B","s1693_S_NC_02_ASEReadCounter.table","NW_015090842.1:10336728",79,141,62
"CYB5B","s1693_S_NC_02_ASEReadCounter.table","NW_015090842.1:10345068",67,128,61
"CYB5B","s1693_S_NC_02_ASEReadCounter.table","NW_015090842.1:10348800",109,221,112
"CYB5B","s1693_S_NC_02_ASEReadCounter.table","NW_015090842.1:10349046",102,213,111
"CYB5B","s1693_S_NC_02_ASEReadCounter.table","NW_015090842.1:10349119",61,182,121
"CYB5B","s1693_S_NC_02_ASEReadCounter.table","NW_015090842.1:10349146",42,171,129
"CYB5B","s1693_S_NC_02_ASEReadCounter.table","NW_015090842.1:10349157",66,206,140
"CYB5B","s1693_S_NC_02_ASEReadCounter.table","NW_015090842.1:10349263",208,208,0
