"gene","id","snp","ref_count","total_count","alt_count"
"CENPN","s329_S_TNA_03_ASEReadCounter.table","NW_015090842.1:5801612",0,2,2
"CENPN","s329_S_TNA_03_ASEReadCounter.table","NW_015090842.1:5801618",1,3,2
"CENPN","s329_S_TNA_03_ASEReadCounter.table","NW_015090842.1:5801623",1,3,2
"CENPN","s329_S_TNA_03_ASEReadCounter.table","NW_015090842.1:5801631",1,3,2
"CENPN","s329_S_TNA_03_ASEReadCounter.table","NW_015090842.1:5801632",1,3,2
"CENPN","s329_S_TNA_03_ASEReadCounter.table","NW_015090842.1:5801655",2,5,3
"CENPN","s329_S_TNA_03_ASEReadCounter.table","NW_015090842.1:5801670",2,5,3
"CENPN","s329_S_TNA_03_ASEReadCounter.table","NW_015090842.1:5801674",2,5,3
"CENPN","s329_S_TNA_03_ASEReadCounter.table","NW_015090842.1:5801692",2,3,1
"CENPN","s329_S_TNA_03_ASEReadCounter.table","NW_015090842.1:5802008",0,5,5
"CENPN","s329_S_TNA_03_ASEReadCounter.table","NW_015090842.1:5802012",0,6,6
"CENPN","s329_S_TNA_03_ASEReadCounter.table","NW_015090842.1:5802087",0,8,8
"CENPN","s329_S_TNA_03_ASEReadCounter.table","NW_015090842.1:5810113",5,5,0
"CENPN","s329_S_TNA_03_ASEReadCounter.table","NW_015090842.1:5810147",6,6,0
"CENPN","s329_S_TNA_03_ASEReadCounter.table","NW_015090842.1:5810148",6,6,0
"ATMIN","s329_S_TNA_03_ASEReadCounter.table","NW_015090842.1:5818789",5,8,3
"ATMIN","s329_S_TNA_03_ASEReadCounter.table","NW_015090842.1:5819958",8,14,6
"ATMIN","s329_S_TNA_03_ASEReadCounter.table","NW_015090842.1:5820004",10,13,3
"ATMIN","s329_S_TNA_03_ASEReadCounter.table","NW_015090842.1:5820217",8,12,4
"ATMIN","s329_S_TNA_03_ASEReadCounter.table","NW_015090842.1:5820250",12,15,3
"ATMIN","s329_S_TNA_03_ASEReadCounter.table","NW_015090842.1:5820298",15,21,6
"ATMIN","s329_S_TNA_03_ASEReadCounter.table","NW_015090842.1:5820417",10,16,6
"ATMIN","s329_S_TNA_03_ASEReadCounter.table","NW_015090842.1:5820421",10,16,6
"ATMIN","s329_S_TNA_03_ASEReadCounter.table","NW_015090842.1:5820448",8,14,6
"ATMIN","s329_S_TNA_03_ASEReadCounter.table","NW_015090842.1:5820457",7,14,7
"ATMIN","s329_S_TNA_03_ASEReadCounter.table","NW_015090842.1:5820510",6,13,7
"ATMIN","s329_S_TNA_03_ASEReadCounter.table","NW_015090842.1:5820673",3,14,11
"ATMIN","s329_S_TNA_03_ASEReadCounter.table","NW_015090842.1:5820754",6,12,6
"ATMIN","s329_S_TNA_03_ASEReadCounter.table","NW_015090842.1:5820820",5,11,6
"ATMIN","s329_S_TNA_03_ASEReadCounter.table","NW_015090842.1:5820865",10,20,10
"ATMIN","s329_S_TNA_03_ASEReadCounter.table","NW_015090842.1:5820889",10,22,12
"ATMIN","s329_S_TNA_03_ASEReadCounter.table","NW_015090842.1:5820891",10,23,13
"ATMIN","s329_S_TNA_03_ASEReadCounter.table","NW_015090842.1:5820997",12,23,11
"ATMIN","s329_S_TNA_03_ASEReadCounter.table","NW_015090842.1:5821063",12,23,11
"ATMIN","s329_S_TNA_03_ASEReadCounter.table","NW_015090842.1:5821132",13,23,10
"ATMIN","s329_S_TNA_03_ASEReadCounter.table","NW_015090842.1:5821645",9,14,5
"ATMIN","s329_S_TNA_03_ASEReadCounter.table","NW_015090842.1:5825066",24,43,19
"ATMIN","s329_S_TNA_03_ASEReadCounter.table","NW_015090842.1:5825106",24,49,25
"ATMIN","s329_S_TNA_03_ASEReadCounter.table","NW_015090842.1:5825122",22,47,25
"ATMIN","s329_S_TNA_03_ASEReadCounter.table","NW_015090842.1:5825178",21,42,21
"ATMIN","s329_S_TNA_03_ASEReadCounter.table","NW_015090842.1:5825194",23,38,15
"ATMIN","s329_S_TNA_03_ASEReadCounter.table","NW_015090842.1:5825195",22,39,17
"ATMIN","s329_S_TNA_03_ASEReadCounter.table","NW_015090842.1:5825220",17,36,19
"ATMIN","s329_S_TNA_03_ASEReadCounter.table","NW_015090842.1:5825240",19,32,13
"ATMIN","s329_S_TNA_03_ASEReadCounter.table","NW_015090842.1:5825303",29,52,23
"ATMIN","s329_S_TNA_03_ASEReadCounter.table","NW_015090842.1:5825304",28,51,23
"ATMIN","s329_S_TNA_03_ASEReadCounter.table","NW_015090842.1:5825310",30,54,24
"ATMIN","s329_S_TNA_03_ASEReadCounter.table","NW_015090842.1:5825406",15,40,25
"ATMIN","s329_S_TNA_03_ASEReadCounter.table","NW_015090842.1:5825415",14,33,19
"ATMIN","s329_S_TNA_03_ASEReadCounter.table","NW_015090842.1:5825438",11,31,20
"ATMIN","s329_S_TNA_03_ASEReadCounter.table","NW_015090842.1:5825485",13,36,23
"ATMIN","s329_S_TNA_03_ASEReadCounter.table","NW_015090842.1:5825524",19,36,17
"ATMIN","s329_S_TNA_03_ASEReadCounter.table","NW_015090842.1:5825557",20,35,15
"ATMIN","s329_S_TNA_03_ASEReadCounter.table","NW_015090842.1:5825571",24,41,17
"ATMIN","s329_S_TNA_03_ASEReadCounter.table","NW_015090842.1:5825579",27,49,22
"ATMIN","s329_S_TNA_03_ASEReadCounter.table","NW_015090842.1:5825590",27,43,16
"ATMIN","s329_S_TNA_03_ASEReadCounter.table","NW_015090842.1:5825689",26,52,26
"ATMIN","s329_S_TNA_03_ASEReadCounter.table","NW_015090842.1:5825703",34,63,29
"ATMIN","s329_S_TNA_03_ASEReadCounter.table","NW_015090842.1:5825787",31,59,28
"ATMIN","s329_S_TNA_03_ASEReadCounter.table","NW_015090842.1:5825833",29,63,34
"ATMIN","s329_S_TNA_03_ASEReadCounter.table","NW_015090842.1:5825841",23,56,33
"ATMIN","s329_S_TNA_03_ASEReadCounter.table","NW_015090842.1:5825895",29,76,47
"ATMIN","s329_S_TNA_03_ASEReadCounter.table","NW_015090842.1:5825984",25,71,46
"ATMIN","s329_S_TNA_03_ASEReadCounter.table","NW_015090842.1:5826162",34,81,47
"ATMIN","s329_S_TNA_03_ASEReadCounter.table","NW_015090842.1:5826194",30,81,51
"ATMIN","s329_S_TNA_03_ASEReadCounter.table","NW_015090842.1:5826235",43,88,45
"ATMIN","s329_S_TNA_03_ASEReadCounter.table","NW_015090842.1:5826245",43,85,42
"ATMIN","s329_S_TNA_03_ASEReadCounter.table","NW_015090842.1:5826335",22,47,25
"ATMIN","s329_S_TNA_03_ASEReadCounter.table","NW_015090842.1:5826417",34,67,33
"ATMIN","s329_S_TNA_03_ASEReadCounter.table","NW_015090842.1:5826431",24,75,51
"ATMIN","s329_S_TNA_03_ASEReadCounter.table","NW_015090842.1:5826438",24,61,37
"ATMIN","s329_S_TNA_03_ASEReadCounter.table","NW_015090842.1:5826463",31,80,49
"ATMIN","s329_S_TNA_03_ASEReadCounter.table","NW_015090842.1:5826502",28,83,55
"ATMIN","s329_S_TNA_03_ASEReadCounter.table","NW_015090842.1:5826511",29,92,63
"ATMIN","s329_S_TNA_03_ASEReadCounter.table","NW_015090842.1:5826659",37,83,46
"ATMIN","s329_S_TNA_03_ASEReadCounter.table","NW_015090842.1:5826701",43,96,53
"ATMIN","s329_S_TNA_03_ASEReadCounter.table","NW_015090842.1:5826702",42,96,54
"ATMIN","s329_S_TNA_03_ASEReadCounter.table","NW_015090842.1:5826732",43,101,58
"ATMIN","s329_S_TNA_03_ASEReadCounter.table","NW_015090842.1:5826745",45,105,60
"ATMIN","s329_S_TNA_03_ASEReadCounter.table","NW_015090842.1:5826835",48,99,51
"ATMIN","s329_S_TNA_03_ASEReadCounter.table","NW_015090842.1:5826910",45,91,46
"ATMIN","s329_S_TNA_03_ASEReadCounter.table","NW_015090842.1:5826942",41,88,47
"ATMIN","s329_S_TNA_03_ASEReadCounter.table","NW_015090842.1:5827193",55,140,85
"ATMIN","s329_S_TNA_03_ASEReadCounter.table","NW_015090842.1:5827196",53,138,85
"ATMIN","s329_S_TNA_03_ASEReadCounter.table","NW_015090842.1:5827269",57,133,76
"ATMIN","s329_S_TNA_03_ASEReadCounter.table","NW_015090842.1:5827315",47,103,56
"ATMIN","s329_S_TNA_03_ASEReadCounter.table","NW_015090842.1:5827316",47,105,58
"ATMIN","s329_S_TNA_03_ASEReadCounter.table","NW_015090842.1:5827333",46,101,55
"PPP1R3E","s329_S_TNA_03_ASEReadCounter.table","NW_015090842.1:5837733",6,8,2
"PPP1R3E","s329_S_TNA_03_ASEReadCounter.table","NW_015090842.1:5837947",3,5,2
"PKD1L2","s329_S_TNA_03_ASEReadCounter.table","NW_015090842.1:5867597",1,2,1
"PKD1L2","s329_S_TNA_03_ASEReadCounter.table","NW_015090842.1:5867600",1,2,1
"PKD1L2","s329_S_TNA_03_ASEReadCounter.table","NW_015090842.1:5867660",1,2,1
"PKD1L2","s329_S_TNA_03_ASEReadCounter.table","NW_015090842.1:5867675",3,4,1
"PKD1L2","s329_S_TNA_03_ASEReadCounter.table","NW_015090842.1:5867788",2,3,1
"PKD1L2","s329_S_TNA_03_ASEReadCounter.table","NW_015090842.1:5867843",1,2,1
"BCO1","s329_S_TNA_03_ASEReadCounter.table","NW_015090842.1:5915646",1,1,0
"BCO1","s329_S_TNA_03_ASEReadCounter.table","NW_015090842.1:5917836",1,2,1
"BCO1","s329_S_TNA_03_ASEReadCounter.table","NW_015090842.1:5917912",3,6,3
"BCO1","s329_S_TNA_03_ASEReadCounter.table","NW_015090842.1:5917941",6,11,5
"BCO1","s329_S_TNA_03_ASEReadCounter.table","NW_015090842.1:5917971",6,11,5
"BCO1","s329_S_TNA_03_ASEReadCounter.table","NW_015090842.1:5921679",4,6,2
"BCO1","s329_S_TNA_03_ASEReadCounter.table","NW_015090842.1:5921726",2,5,3
"BCO1","s329_S_TNA_03_ASEReadCounter.table","NW_015090842.1:5925669",3,5,2
"BCO1","s329_S_TNA_03_ASEReadCounter.table","NW_015090842.1:5925753",1,5,4
"BCO1","s329_S_TNA_03_ASEReadCounter.table","NW_015090842.1:5926937",0,4,4
"BCO1","s329_S_TNA_03_ASEReadCounter.table","NW_015090842.1:5927921",3,7,4
"BCO1","s329_S_TNA_03_ASEReadCounter.table","NW_015090842.1:5927948",4,9,5
"BCO1","s329_S_TNA_03_ASEReadCounter.table","NW_015090842.1:5927968",4,8,4
"BCO1","s329_S_TNA_03_ASEReadCounter.table","NW_015090842.1:5928052",3,5,2
"BCO1","s329_S_TNA_03_ASEReadCounter.table","NW_015090842.1:5932726",3,5,2
"BCO1","s329_S_TNA_03_ASEReadCounter.table","NW_015090842.1:5932801",2,5,3
"BCO1","s329_S_TNA_03_ASEReadCounter.table","NW_015090842.1:5934558",5,10,5
"BCO1","s329_S_TNA_03_ASEReadCounter.table","NW_015090842.1:5934575",4,8,4
"BCO1","s329_S_TNA_03_ASEReadCounter.table","NW_015090842.1:5934608",5,9,4
"BCO1","s329_S_TNA_03_ASEReadCounter.table","NW_015090842.1:5934647",5,8,3
"BCO1","s329_S_TNA_03_ASEReadCounter.table","NW_015090842.1:5934725",4,7,3
"BCO1","s329_S_TNA_03_ASEReadCounter.table","NW_015090842.1:5934726",4,7,3
"BCO1","s329_S_TNA_03_ASEReadCounter.table","NW_015090842.1:5934733",2,4,2
"BCO1","s329_S_TNA_03_ASEReadCounter.table","NW_015090842.1:5934821",6,7,1
"BCO1","s329_S_TNA_03_ASEReadCounter.table","NW_015090842.1:5934826",6,8,2
"BCO1","s329_S_TNA_03_ASEReadCounter.table","NW_015090842.1:5934844",4,5,1
"BCO1","s329_S_TNA_03_ASEReadCounter.table","NW_015090842.1:5934958",1,3,2
"BCO1","s329_S_TNA_03_ASEReadCounter.table","NW_015090842.1:5934976",2,4,2
"GAN","s329_S_TNA_03_ASEReadCounter.table","NW_015090842.1:5953759",4,18,14
"GAN","s329_S_TNA_03_ASEReadCounter.table","NW_015090842.1:5957502",15,40,25
"GAN","s329_S_TNA_03_ASEReadCounter.table","NW_015090842.1:5957578",17,41,24
"GAN","s329_S_TNA_03_ASEReadCounter.table","NW_015090842.1:5965028",29,54,25
"GAN","s329_S_TNA_03_ASEReadCounter.table","NW_015090842.1:5966047",25,59,34
"GAN","s329_S_TNA_03_ASEReadCounter.table","NW_015090842.1:5966126",12,45,33
"GAN","s329_S_TNA_03_ASEReadCounter.table","NW_015090842.1:5966127",12,45,33
"GAN","s329_S_TNA_03_ASEReadCounter.table","NW_015090842.1:5966162",27,63,36
"GAN","s329_S_TNA_03_ASEReadCounter.table","NW_015090842.1:5966483",35,81,46
"CMIP","s329_S_TNA_03_ASEReadCounter.table","NW_015090842.1:6109159",24,41,17
"CMIP","s329_S_TNA_03_ASEReadCounter.table","NW_015090842.1:6109166",17,36,19
"CMIP","s329_S_TNA_03_ASEReadCounter.table","NW_015090842.1:6114641",30,76,46
"CMIP","s329_S_TNA_03_ASEReadCounter.table","NW_015090842.1:6114751",27,75,48
"CMIP","s329_S_TNA_03_ASEReadCounter.table","NW_015090842.1:6114824",28,69,41
"CMIP","s329_S_TNA_03_ASEReadCounter.table","NW_015090842.1:6128998",51,90,39
"CMIP","s329_S_TNA_03_ASEReadCounter.table","NW_015090842.1:6130562",84,172,88
"CMIP","s329_S_TNA_03_ASEReadCounter.table","NW_015090842.1:6132522",48,119,71
"CMIP","s329_S_TNA_03_ASEReadCounter.table","NW_015090842.1:6134088",65,142,77
"CMIP","s329_S_TNA_03_ASEReadCounter.table","NW_015090842.1:6138265",81,228,147
"CMIP","s329_S_TNA_03_ASEReadCounter.table","NW_015090842.1:6138300",89,240,151
"CMIP","s329_S_TNA_03_ASEReadCounter.table","NW_015090842.1:6138342",89,209,120
"CMIP","s329_S_TNA_03_ASEReadCounter.table","NW_015090842.1:6138343",89,207,118
"CMIP","s329_S_TNA_03_ASEReadCounter.table","NW_015090842.1:6138345",94,216,122
"CMIP","s329_S_TNA_03_ASEReadCounter.table","NW_015090842.1:6138647",70,162,92
"CMIP","s329_S_TNA_03_ASEReadCounter.table","NW_015090842.1:6138745",94,187,93
"CMIP","s329_S_TNA_03_ASEReadCounter.table","NW_015090842.1:6138832",17,74,57
"CMIP","s329_S_TNA_03_ASEReadCounter.table","NW_015090842.1:6138967",76,164,88
"CMIP","s329_S_TNA_03_ASEReadCounter.table","NW_015090842.1:6139131",51,115,64
"CMIP","s329_S_TNA_03_ASEReadCounter.table","NW_015090842.1:6139163",22,79,57
"CMIP","s329_S_TNA_03_ASEReadCounter.table","NW_015090842.1:6139360",38,68,30
"CMIP","s329_S_TNA_03_ASEReadCounter.table","NW_015090842.1:6139572",25,41,16
"CMIP","s329_S_TNA_03_ASEReadCounter.table","NW_015090842.1:6139773",64,64,0
"PLCG2","s329_S_TNA_03_ASEReadCounter.table","NW_015090842.1:6179613",1,3,2
"PLCG2","s329_S_TNA_03_ASEReadCounter.table","NW_015090842.1:6179658",1,2,1
"PLCG2","s329_S_TNA_03_ASEReadCounter.table","NW_015090842.1:6205047",1,2,1
"PLCG2","s329_S_TNA_03_ASEReadCounter.table","NW_015090842.1:6209798",1,2,1
"PLCG2","s329_S_TNA_03_ASEReadCounter.table","NW_015090842.1:6209816",1,2,1
"PLCG2","s329_S_TNA_03_ASEReadCounter.table","NW_015090842.1:6217547",0,4,4
"PLCG2","s329_S_TNA_03_ASEReadCounter.table","NW_015090842.1:6218641",0,1,1
"PLCG2","s329_S_TNA_03_ASEReadCounter.table","NW_015090842.1:6220552",0,3,3
"PLCG2","s329_S_TNA_03_ASEReadCounter.table","NW_015090842.1:6221969",1,8,7
"PLCG2","s329_S_TNA_03_ASEReadCounter.table","NW_015090842.1:6228672",0,1,1
"PLCG2","s329_S_TNA_03_ASEReadCounter.table","NW_015090842.1:6228722",0,1,1
"PLCG2","s329_S_TNA_03_ASEReadCounter.table","NW_015090842.1:6228747",0,2,2
"PLCG2","s329_S_TNA_03_ASEReadCounter.table","NW_015090842.1:6228835",2,4,2
"PLCG2","s329_S_TNA_03_ASEReadCounter.table","NW_015090842.1:6228841",2,4,2
"PLCG2","s329_S_TNA_03_ASEReadCounter.table","NW_015090842.1:6228865",1,4,3
"PLCG2","s329_S_TNA_03_ASEReadCounter.table","NW_015090842.1:6228917",0,2,2
"PLCG2","s329_S_TNA_03_ASEReadCounter.table","NW_015090842.1:6228926",0,3,3
"PLCG2","s329_S_TNA_03_ASEReadCounter.table","NW_015090842.1:6228954",1,6,5
"PLCG2","s329_S_TNA_03_ASEReadCounter.table","NW_015090842.1:6229002",2,6,4
"PLCG2","s329_S_TNA_03_ASEReadCounter.table","NW_015090842.1:6229006",2,6,4
"PLCG2","s329_S_TNA_03_ASEReadCounter.table","NW_015090842.1:6229081",1,4,3
"PLCG2","s329_S_TNA_03_ASEReadCounter.table","NW_015090842.1:6229097",0,3,3
"PLCG2","s329_S_TNA_03_ASEReadCounter.table","NW_015090842.1:6229160",0,2,2
"PLCG2","s329_S_TNA_03_ASEReadCounter.table","NW_015090842.1:6229213",0,3,3
"PLCG2","s329_S_TNA_03_ASEReadCounter.table","NW_015090842.1:6229231",0,3,3
"PLCG2","s329_S_TNA_03_ASEReadCounter.table","NW_015090842.1:6229663",1,1,0
"PLCG2","s329_S_TNA_03_ASEReadCounter.table","NW_015090842.1:6229748",2,2,0
"PLCG2","s329_S_TNA_03_ASEReadCounter.table","NW_015090842.1:6229892",0,2,2
"PLCG2","s329_S_TNA_03_ASEReadCounter.table","NW_015090842.1:6230349",1,2,1
"PLCG2","s329_S_TNA_03_ASEReadCounter.table","NW_015090842.1:6230381",1,3,2
"PLCG2","s329_S_TNA_03_ASEReadCounter.table","NW_015090842.1:6230408",1,3,2
"PLCG2","s329_S_TNA_03_ASEReadCounter.table","NW_015090842.1:6230439",1,2,1
"PLCG2","s329_S_TNA_03_ASEReadCounter.table","NW_015090842.1:6230757",0,1,1
"PLCG2","s329_S_TNA_03_ASEReadCounter.table","NW_015090842.1:6230758",0,1,1
"PLCG2","s329_S_TNA_03_ASEReadCounter.table","NW_015090842.1:6230898",0,1,1
"PLCG2","s329_S_TNA_03_ASEReadCounter.table","NW_015090842.1:6230976",1,3,2
"PLCG2","s329_S_TNA_03_ASEReadCounter.table","NW_015090842.1:6231078",0,1,1
"PLCG2","s329_S_TNA_03_ASEReadCounter.table","NW_015090842.1:6231177",1,1,0
"PLCG2","s329_S_TNA_03_ASEReadCounter.table","NW_015090842.1:6231263",1,3,2
"PLCG2","s329_S_TNA_03_ASEReadCounter.table","NW_015090842.1:6231309",0,2,2
"SDR42E1","s329_S_TNA_03_ASEReadCounter.table","NW_015090842.1:6235292",0,1,1
"SDR42E1","s329_S_TNA_03_ASEReadCounter.table","NW_015090842.1:6235315",0,2,2
"SDR42E1","s329_S_TNA_03_ASEReadCounter.table","NW_015090842.1:6235348",0,3,3
"SDR42E1","s329_S_TNA_03_ASEReadCounter.table","NW_015090842.1:6235355",0,4,4
"SDR42E1","s329_S_TNA_03_ASEReadCounter.table","NW_015090842.1:6235417",0,5,5
"SDR42E1","s329_S_TNA_03_ASEReadCounter.table","NW_015090842.1:6235526",5,6,1
"SDR42E1","s329_S_TNA_03_ASEReadCounter.table","NW_015090842.1:6235558",0,5,5
"SDR42E1","s329_S_TNA_03_ASEReadCounter.table","NW_015090842.1:6235603",9,10,1
"SDR42E1","s329_S_TNA_03_ASEReadCounter.table","NW_015090842.1:6235741",1,7,6
"SDR42E1","s329_S_TNA_03_ASEReadCounter.table","NW_015090842.1:6235777",1,10,9
"SDR42E1","s329_S_TNA_03_ASEReadCounter.table","NW_015090842.1:6235806",2,12,10
"SDR42E1","s329_S_TNA_03_ASEReadCounter.table","NW_015090842.1:6235809",2,13,11
"SDR42E1","s329_S_TNA_03_ASEReadCounter.table","NW_015090842.1:6235816",2,13,11
"SDR42E1","s329_S_TNA_03_ASEReadCounter.table","NW_015090842.1:6235914",2,8,6
"SDR42E1","s329_S_TNA_03_ASEReadCounter.table","NW_015090842.1:6235935",2,6,4
"SDR42E1","s329_S_TNA_03_ASEReadCounter.table","NW_015090842.1:6235957",4,10,6
"SDR42E1","s329_S_TNA_03_ASEReadCounter.table","NW_015090842.1:6236040",3,8,5
"SDR42E1","s329_S_TNA_03_ASEReadCounter.table","NW_015090842.1:6236260",0,5,5
"SDR42E1","s329_S_TNA_03_ASEReadCounter.table","NW_015090842.1:6236281",0,4,4
"SDR42E1","s329_S_TNA_03_ASEReadCounter.table","NW_015090842.1:6236305",0,3,3
"SDR42E1","s329_S_TNA_03_ASEReadCounter.table","NW_015090842.1:6236458",0,4,4
"SDR42E1","s329_S_TNA_03_ASEReadCounter.table","NW_015090842.1:6236476",0,4,4
"SDR42E1","s329_S_TNA_03_ASEReadCounter.table","NW_015090842.1:6236608",0,3,3
"SDR42E1","s329_S_TNA_03_ASEReadCounter.table","NW_015090842.1:6238244",0,3,3
"SDR42E1","s329_S_TNA_03_ASEReadCounter.table","NW_015090842.1:6238829",0,1,1
"HSD17B2","s329_S_TNA_03_ASEReadCounter.table","NW_015090842.1:6257616",0,1,1
"HSD17B2","s329_S_TNA_03_ASEReadCounter.table","NW_015090842.1:6257670",0,1,1
"HSD17B2","s329_S_TNA_03_ASEReadCounter.table","NW_015090842.1:6257684",0,1,1
"HSD17B2","s329_S_TNA_03_ASEReadCounter.table","NW_015090842.1:6266918",1,1,0
"HSD17B2","s329_S_TNA_03_ASEReadCounter.table","NW_015090842.1:6266944",1,1,0
"HSD17B2","s329_S_TNA_03_ASEReadCounter.table","NW_015090842.1:6266997",1,1,0
"HSD17B2","s329_S_TNA_03_ASEReadCounter.table","NW_015090842.1:6267273",1,2,1
"HSD17B2","s329_S_TNA_03_ASEReadCounter.table","NW_015090842.1:6267358",0,2,2
"HSD17B2","s329_S_TNA_03_ASEReadCounter.table","NW_015090842.1:6267674",1,1,0
"ARY2","s329_S_TNA_03_ASEReadCounter.table","NW_015090842.1:6303922",11,16,5
"ARY2","s329_S_TNA_03_ASEReadCounter.table","NW_015090842.1:6303954",16,25,9
"ARY2","s329_S_TNA_03_ASEReadCounter.table","NW_015090842.1:6303979",19,29,10
"ARY2","s329_S_TNA_03_ASEReadCounter.table","NW_015090842.1:6305848",13,19,6
"ARY2","s329_S_TNA_03_ASEReadCounter.table","NW_015090842.1:6305856",14,21,7
"ARY2","s329_S_TNA_03_ASEReadCounter.table","NW_015090842.1:6305857",14,21,7
"ARY2","s329_S_TNA_03_ASEReadCounter.table","NW_015090842.1:6306017",10,12,2
"ARY2","s329_S_TNA_03_ASEReadCounter.table","NW_015090842.1:6306052",10,13,3
"ARY2","s329_S_TNA_03_ASEReadCounter.table","NW_015090842.1:6306094",12,18,6
"ARY2","s329_S_TNA_03_ASEReadCounter.table","NW_015090842.1:6306100",11,19,8
"ARY2","s329_S_TNA_03_ASEReadCounter.table","NW_015090842.1:6306146",8,15,7
"ARY2","s329_S_TNA_03_ASEReadCounter.table","NW_015090842.1:6306147",8,15,7
"ARY2","s329_S_TNA_03_ASEReadCounter.table","NW_015090842.1:6306390",14,21,7
"ARY2","s329_S_TNA_03_ASEReadCounter.table","NW_015090842.1:6306567",10,15,5
"ARY2","s329_S_TNA_03_ASEReadCounter.table","NW_015090842.1:6306705",6,8,2
"ARY2","s329_S_TNA_03_ASEReadCounter.table","NW_015090842.1:6306713",2,10,8
"ARY2","s329_S_TNA_03_ASEReadCounter.table","NW_015090842.1:6306773",5,5,0
"ARY2","s329_S_TNA_03_ASEReadCounter.table","NW_015090842.1:6307039",15,20,5
"ARY2","s329_S_TNA_03_ASEReadCounter.table","NW_015090842.1:6307043",14,20,6
"ARY2","s329_S_TNA_03_ASEReadCounter.table","NW_015090842.1:6307093",15,22,7
"ARY2","s329_S_TNA_03_ASEReadCounter.table","NW_015090842.1:6307138",16,24,8
"ARY2","s329_S_TNA_03_ASEReadCounter.table","NW_015090842.1:6307157",24,29,5
"ARY2","s329_S_TNA_03_ASEReadCounter.table","NW_015090842.1:6307187",23,29,6
"ARY2","s329_S_TNA_03_ASEReadCounter.table","NW_015090842.1:6307278",8,14,6
"ARY2","s329_S_TNA_03_ASEReadCounter.table","NW_015090842.1:6307305",12,19,7
"ARY2","s329_S_TNA_03_ASEReadCounter.table","NW_015090842.1:6307318",12,19,7
"ARY2","s329_S_TNA_03_ASEReadCounter.table","NW_015090842.1:6307429",13,16,3
"ARY2","s329_S_TNA_03_ASEReadCounter.table","NW_015090842.1:6307487",7,11,4
"ARY2","s329_S_TNA_03_ASEReadCounter.table","NW_015090842.1:6307670",8,13,5
"ARYL","s329_S_TNA_03_ASEReadCounter.table","NW_015090842.1:6313360",7,9,2
"ARYL","s329_S_TNA_03_ASEReadCounter.table","NW_015090842.1:6313377",6,7,1
"ARYL","s329_S_TNA_03_ASEReadCounter.table","NW_015090842.1:6313767",3,8,5
"ARY1","s329_S_TNA_03_ASEReadCounter.table","NW_015090842.1:6313909",0,4,4
"ARY1","s329_S_TNA_03_ASEReadCounter.table","NW_015090842.1:6314296",3,8,5
"ARY1","s329_S_TNA_03_ASEReadCounter.table","NW_015090842.1:6314541",4,8,4
"ARY1","s329_S_TNA_03_ASEReadCounter.table","NW_015090842.1:6314597",2,7,5
"ARY1","s329_S_TNA_03_ASEReadCounter.table","NW_015090842.1:6314750",10,14,4
"ARY1","s329_S_TNA_03_ASEReadCounter.table","NW_015090842.1:6314794",8,12,4
"ARY1","s329_S_TNA_03_ASEReadCounter.table","NW_015090842.1:6314827",9,13,4
"ARY1","s329_S_TNA_03_ASEReadCounter.table","NW_015090842.1:6314843",7,14,7
"ARY1","s329_S_TNA_03_ASEReadCounter.table","NW_015090842.1:6314859",7,13,6
"ARY1","s329_S_TNA_03_ASEReadCounter.table","NW_015090842.1:6314886",7,12,5
"ARY1","s329_S_TNA_03_ASEReadCounter.table","NW_015090842.1:6314943",3,10,7
"ARY1","s329_S_TNA_03_ASEReadCounter.table","NW_015090842.1:6314949",8,8,0
"ARY1","s329_S_TNA_03_ASEReadCounter.table","NW_015090842.1:6315022",9,13,4
"ARY1","s329_S_TNA_03_ASEReadCounter.table","NW_015090842.1:6315026",8,12,4
"ARY1","s329_S_TNA_03_ASEReadCounter.table","NW_015090842.1:6315043",8,11,3
"ARY1","s329_S_TNA_03_ASEReadCounter.table","NW_015090842.1:6315065",6,9,3
"ARY1","s329_S_TNA_03_ASEReadCounter.table","NW_015090842.1:6315409",6,7,1
"ARY1","s329_S_TNA_03_ASEReadCounter.table","NW_015090842.1:6315479",5,11,6
"ARY1","s329_S_TNA_03_ASEReadCounter.table","NW_015090842.1:6318342",10,20,10
"ARY1","s329_S_TNA_03_ASEReadCounter.table","NW_015090842.1:6318427",12,28,16
"ARY1","s329_S_TNA_03_ASEReadCounter.table","NW_015090842.1:6318603",10,23,13
"ARY1","s329_S_TNA_03_ASEReadCounter.table","NW_015090842.1:6318708",13,19,6
"ARY1","s329_S_TNA_03_ASEReadCounter.table","NW_015090842.1:6318858",7,12,5
"ARY1","s329_S_TNA_03_ASEReadCounter.table","NW_015090842.1:6318952",16,24,8
"MPHOSPH6","s329_S_TNA_03_ASEReadCounter.table","NW_015090842.1:6324063",61,110,49
"MPHOSPH6","s329_S_TNA_03_ASEReadCounter.table","NW_015090842.1:6324174",84,178,94
"MPHOSPH6","s329_S_TNA_03_ASEReadCounter.table","NW_015090842.1:6324270",113,223,110
"MPHOSPH6","s329_S_TNA_03_ASEReadCounter.table","NW_015090842.1:6324762",87,179,92
"MPHOSPH6","s329_S_TNA_03_ASEReadCounter.table","NW_015090842.1:6324772",89,168,79
"MPHOSPH6","s329_S_TNA_03_ASEReadCounter.table","NW_015090842.1:6324780",83,158,75
"MPHOSPH6","s329_S_TNA_03_ASEReadCounter.table","NW_015090842.1:6324902",77,182,105
"MPHOSPH6","s329_S_TNA_03_ASEReadCounter.table","NW_015090842.1:6324910",113,200,87
"MPHOSPH6","s329_S_TNA_03_ASEReadCounter.table","NW_015090842.1:6325066",95,214,119
"MPHOSPH6","s329_S_TNA_03_ASEReadCounter.table","NW_015090842.1:6325089",112,250,138
"MPHOSPH6","s329_S_TNA_03_ASEReadCounter.table","NW_015090842.1:6325298",128,263,135
"MPHOSPH6","s329_S_TNA_03_ASEReadCounter.table","NW_015090842.1:6325877",104,206,102
"MPHOSPH6","s329_S_TNA_03_ASEReadCounter.table","NW_015090842.1:6326976",76,159,83
"CDH13","s329_S_TNA_03_ASEReadCounter.table","NW_015090842.1:6662283",7,15,8
"CDH13","s329_S_TNA_03_ASEReadCounter.table","NW_015090842.1:6693665",12,22,10
"CDH13","s329_S_TNA_03_ASEReadCounter.table","NW_015090842.1:6693697",8,12,4
"CDH13","s329_S_TNA_03_ASEReadCounter.table","NW_015090842.1:6693712",6,12,6
"CDH13","s329_S_TNA_03_ASEReadCounter.table","NW_015090842.1:6693723",7,13,6
"CDH13","s329_S_TNA_03_ASEReadCounter.table","NW_015090842.1:6693738",0,14,14
"CDH13","s329_S_TNA_03_ASEReadCounter.table","NW_015090842.1:6823730",14,22,8
"CDH13","s329_S_TNA_03_ASEReadCounter.table","NW_015090842.1:6889713",12,22,10
"CDH13","s329_S_TNA_03_ASEReadCounter.table","NW_015090842.1:6955167",15,36,21
"MLYCD","s329_S_TNA_03_ASEReadCounter.table","NW_015090842.1:7150054",42,109,67
"MLYCD","s329_S_TNA_03_ASEReadCounter.table","NW_015090842.1:7150131",76,198,122
"MLYCD","s329_S_TNA_03_ASEReadCounter.table","NW_015090842.1:7150585",70,156,86
"MLYCD","s329_S_TNA_03_ASEReadCounter.table","NW_015090842.1:7150686",40,97,57
"MLYCD","s329_S_TNA_03_ASEReadCounter.table","NW_015090842.1:7150696",45,104,59
"MLYCD","s329_S_TNA_03_ASEReadCounter.table","NW_015090842.1:7150698",106,106,0
"MLYCD","s329_S_TNA_03_ASEReadCounter.table","NW_015090842.1:7150869",52,117,65
"MLYCD","s329_S_TNA_03_ASEReadCounter.table","NW_015090842.1:7151100",62,133,71
"MLYCD","s329_S_TNA_03_ASEReadCounter.table","NW_015090842.1:7151127",67,130,63
"MLYCD","s329_S_TNA_03_ASEReadCounter.table","NW_015090842.1:7157538",38,86,48
"MLYCD","s329_S_TNA_03_ASEReadCounter.table","NW_015090842.1:7167662",18,45,27
"MLYCD","s329_S_TNA_03_ASEReadCounter.table","NW_015090842.1:7167675",17,39,22
"MLYCD","s329_S_TNA_03_ASEReadCounter.table","NW_015090842.1:7167710",21,44,23
"MLYCD","s329_S_TNA_03_ASEReadCounter.table","NW_015090842.1:7167781",16,36,20
"MLYCD","s329_S_TNA_03_ASEReadCounter.table","NW_015090842.1:7167803",14,32,18
"MLYCD","s329_S_TNA_03_ASEReadCounter.table","NW_015090842.1:7167812",11,29,18
"MLYCD","s329_S_TNA_03_ASEReadCounter.table","NW_015090842.1:7167845",17,33,16
"MLYCD","s329_S_TNA_03_ASEReadCounter.table","NW_015090842.1:7167862",15,29,14
"MLYCD","s329_S_TNA_03_ASEReadCounter.table","NW_015090842.1:7167929",11,18,7
"MLYCD","s329_S_TNA_03_ASEReadCounter.table","NW_015090842.1:7167995",8,19,11
"MLYCD","s329_S_TNA_03_ASEReadCounter.table","NW_015090842.1:7168005",7,19,12
"MLYCD","s329_S_TNA_03_ASEReadCounter.table","NW_015090842.1:7168037",8,19,11
"HSBP1","s329_S_TNA_03_ASEReadCounter.table","NW_015090842.1:7245192",469,824,355
"HSBP1","s329_S_TNA_03_ASEReadCounter.table","NW_015090842.1:7245226",518,955,437
"HSBP1","s329_S_TNA_03_ASEReadCounter.table","NW_015090842.1:7245257",462,850,388
"HSBP1","s329_S_TNA_03_ASEReadCounter.table","NW_015090842.1:7245296",417,827,410
"HSBP1","s329_S_TNA_03_ASEReadCounter.table","NW_015090842.1:7245389",643,1158,515
"HSBP1","s329_S_TNA_03_ASEReadCounter.table","NW_015090842.1:7245400",650,1141,491
"HSBP1","s329_S_TNA_03_ASEReadCounter.table","NW_015090842.1:7245445",590,1060,470
"HSBP1","s329_S_TNA_03_ASEReadCounter.table","NW_015090842.1:7245495",554,992,438
"HSBP1","s329_S_TNA_03_ASEReadCounter.table","NW_015090842.1:7245515",589,1056,467
"HSBP1","s329_S_TNA_03_ASEReadCounter.table","NW_015090842.1:7245733",371,742,371
"HSBP1","s329_S_TNA_03_ASEReadCounter.table","NW_015090842.1:7245771",407,753,346
"HSBP1","s329_S_TNA_03_ASEReadCounter.table","NW_015090842.1:7245813",417,722,305
"HSBP1","s329_S_TNA_03_ASEReadCounter.table","NW_015090842.1:7245926",468,860,392
"HSBP1","s329_S_TNA_03_ASEReadCounter.table","NW_015090842.1:7245927",465,854,389
"HSBP1","s329_S_TNA_03_ASEReadCounter.table","NW_015090842.1:7245933",461,833,372
"HSBP1","s329_S_TNA_03_ASEReadCounter.table","NW_015090842.1:7246002",337,655,318
"HSBP1","s329_S_TNA_03_ASEReadCounter.table","NW_015090842.1:7246094",443,781,338
"HSBP1","s329_S_TNA_03_ASEReadCounter.table","NW_015090842.1:7246167",459,787,328
"HSBP1","s329_S_TNA_03_ASEReadCounter.table","NW_015090842.1:7246183",419,742,323
"HSBP1","s329_S_TNA_03_ASEReadCounter.table","NW_015090842.1:7247285",50,61,11
"HSBP1","s329_S_TNA_03_ASEReadCounter.table","NW_015090842.1:7247651",477,896,419
"HSBP1","s329_S_TNA_03_ASEReadCounter.table","NW_015090842.1:7247657",479,916,437
"HSBP1","s329_S_TNA_03_ASEReadCounter.table","NW_015090842.1:7248520",330,626,296
"HSBP1","s329_S_TNA_03_ASEReadCounter.table","NW_015090842.1:7248535",273,511,238
"KCNG4","s329_S_TNA_03_ASEReadCounter.table","NW_015090842.1:7282481",4,9,5
"KCNG4","s329_S_TNA_03_ASEReadCounter.table","NW_015090842.1:7282500",5,10,5
"KCNG4","s329_S_TNA_03_ASEReadCounter.table","NW_015090842.1:7282542",8,13,5
"KCNG4","s329_S_TNA_03_ASEReadCounter.table","NW_015090842.1:7282579",9,12,3
"KCNG4","s329_S_TNA_03_ASEReadCounter.table","NW_015090842.1:7282630",6,9,3
"KCNG4","s329_S_TNA_03_ASEReadCounter.table","NW_015090842.1:7282760",2,8,6
"KCNG4","s329_S_TNA_03_ASEReadCounter.table","NW_015090842.1:7283056",2,5,3
"KCNG4","s329_S_TNA_03_ASEReadCounter.table","NW_015090842.1:7283245",2,5,3
"KCNG4","s329_S_TNA_03_ASEReadCounter.table","NW_015090842.1:7299491",3,6,3
"KCNG4","s329_S_TNA_03_ASEReadCounter.table","NW_015090842.1:7301195",0,1,1
"KCNG4","s329_S_TNA_03_ASEReadCounter.table","NW_015090842.1:7301227",2,4,2
"KCNG4","s329_S_TNA_03_ASEReadCounter.table","NW_015090842.1:7301240",2,4,2
"KCNG4","s329_S_TNA_03_ASEReadCounter.table","NW_015090842.1:7301413",2,5,3
"WFDC1","s329_S_TNA_03_ASEReadCounter.table","NW_015090842.1:7366517",1,1,0
"ATP2C2","s329_S_TNA_03_ASEReadCounter.table","NW_015090842.1:7413747",2,11,9
"TLDC1","s329_S_TNA_03_ASEReadCounter.table","NW_015090842.1:7421997",30,73,43
"COTL1","s329_S_TNA_03_ASEReadCounter.table","NW_015090842.1:7490707",645,1337,692
"COTL1","s329_S_TNA_03_ASEReadCounter.table","NW_015090842.1:7490708",646,1340,694
"COTL1","s329_S_TNA_03_ASEReadCounter.table","NW_015090842.1:7490711",655,1354,699
"COTL1","s329_S_TNA_03_ASEReadCounter.table","NW_015090842.1:7490739",557,1216,659
"COTL1","s329_S_TNA_03_ASEReadCounter.table","NW_015090842.1:7490785",604,1262,658
"COTL1","s329_S_TNA_03_ASEReadCounter.table","NW_015090842.1:7490820",65,844,779
"COTL1","s329_S_TNA_03_ASEReadCounter.table","NW_015090842.1:7490846",637,1274,637
"KLHL36","s329_S_TNA_03_ASEReadCounter.table","NW_015090842.1:7526337",60,60,0
"KLHL36","s329_S_TNA_03_ASEReadCounter.table","NW_015090842.1:7537681",61,159,98
"USP10","s329_S_TNA_03_ASEReadCounter.table","NW_015090842.1:7572213",50,114,64
"USP10","s329_S_TNA_03_ASEReadCounter.table","NW_015090842.1:7572358",84,84,0
"CRISPLD2","s329_S_TNA_03_ASEReadCounter.table","NW_015090842.1:7619796",1,4,3
"CRISPLD2","s329_S_TNA_03_ASEReadCounter.table","NW_015090842.1:7630779",4,4,0
"CRISPLD2","s329_S_TNA_03_ASEReadCounter.table","NW_015090842.1:7633611",3,6,3
"CRISPLD2","s329_S_TNA_03_ASEReadCounter.table","NW_015090842.1:7633787",3,4,1
"CRISPLD2","s329_S_TNA_03_ASEReadCounter.table","NW_015090842.1:7634023",2,6,4
"CRISPLD2","s329_S_TNA_03_ASEReadCounter.table","NW_015090842.1:7634620",7,7,0
"CRISPLD2","s329_S_TNA_03_ASEReadCounter.table","NW_015090842.1:7636315",0,2,2
"MTHFSD","s329_S_TNA_03_ASEReadCounter.table","NW_015090842.1:8152578",14,29,15
"DUSP15","s329_S_TNA_03_ASEReadCounter.table","NW_015090842.1:8431988",0,1,1
"EMC8","s329_S_TNA_03_ASEReadCounter.table","NW_015090842.1:8452385",28,56,28
"GINS2","s329_S_TNA_03_ASEReadCounter.table","NW_015090842.1:8467469",19,35,16
"GINS2","s329_S_TNA_03_ASEReadCounter.table","NW_015090842.1:8470290",0,60,60
"GINS2","s329_S_TNA_03_ASEReadCounter.table","NW_015090842.1:8470305",0,61,61
"GINS2","s329_S_TNA_03_ASEReadCounter.table","NW_015090842.1:8470376",0,53,53
"GINS2","s329_S_TNA_03_ASEReadCounter.table","NW_015090842.1:8471057",0,4,4
"GSE1","s329_S_TNA_03_ASEReadCounter.table","NW_015090842.1:8483570",1,15,14
"KIAA0513","s329_S_TNA_03_ASEReadCounter.table","NW_015090842.1:8674736",78,148,70
"KIAA0513","s329_S_TNA_03_ASEReadCounter.table","NW_015090842.1:8687268",0,2,2
"KIAA0513","s329_S_TNA_03_ASEReadCounter.table","NW_015090842.1:8693655",1,2,1
"ZCCHC14","s329_S_TNA_03_ASEReadCounter.table","NW_015090842.1:8750189",58,81,23
"JPH3","s329_S_TNA_03_ASEReadCounter.table","NW_015090842.1:8872294",98,204,106
"KLHDC4","s329_S_TNA_03_ASEReadCounter.table","NW_015090842.1:8891175",102,201,99
"KLHDC4","s329_S_TNA_03_ASEReadCounter.table","NW_015090842.1:8905251",0,74,74
"KLHDC4","s329_S_TNA_03_ASEReadCounter.table","NW_015090842.1:8919630",7,11,4
"SLC7A5","s329_S_TNA_03_ASEReadCounter.table","NW_015090842.1:8940382",122,223,101
"SLC7A5","s329_S_TNA_03_ASEReadCounter.table","NW_015090842.1:8941818",84,189,105
"SLC7A5","s329_S_TNA_03_ASEReadCounter.table","NW_015090842.1:8944655",44,96,52
"CA5A","s329_S_TNA_03_ASEReadCounter.table","NW_015090842.1:8989479",72,120,48
"CA5A","s329_S_TNA_03_ASEReadCounter.table","NW_015090842.1:8989562",76,137,61
"CA5A","s329_S_TNA_03_ASEReadCounter.table","NW_015090842.1:8989609",90,157,67
"CA5A","s329_S_TNA_03_ASEReadCounter.table","NW_015090842.1:8989693",103,195,92
"CA5A","s329_S_TNA_03_ASEReadCounter.table","NW_015090842.1:8989702",102,190,88
"CA5A","s329_S_TNA_03_ASEReadCounter.table","NW_015090842.1:8989746",110,207,97
"CA5A","s329_S_TNA_03_ASEReadCounter.table","NW_015090842.1:8989880",92,174,82
"CA5A","s329_S_TNA_03_ASEReadCounter.table","NW_015090842.1:8989885",95,178,83
"CA5A","s329_S_TNA_03_ASEReadCounter.table","NW_015090842.1:8989929",99,190,91
"CA5A","s329_S_TNA_03_ASEReadCounter.table","NW_015090842.1:8990002",87,178,91
"CA5A","s329_S_TNA_03_ASEReadCounter.table","NW_015090842.1:8990004",87,179,92
"CA5A","s329_S_TNA_03_ASEReadCounter.table","NW_015090842.1:8990005",85,177,92
"CA5A","s329_S_TNA_03_ASEReadCounter.table","NW_015090842.1:8990017",80,161,81
"CA5A","s329_S_TNA_03_ASEReadCounter.table","NW_015090842.1:8990043",64,140,76
"CA5A","s329_S_TNA_03_ASEReadCounter.table","NW_015090842.1:8990080",67,143,76
"CA5A","s329_S_TNA_03_ASEReadCounter.table","NW_015090842.1:8990084",69,144,75
"CA5A","s329_S_TNA_03_ASEReadCounter.table","NW_015090842.1:8990090",75,149,74
"CA5A","s329_S_TNA_03_ASEReadCounter.table","NW_015090842.1:8990095",73,146,73
"CA5A","s329_S_TNA_03_ASEReadCounter.table","NW_015090842.1:8990111",70,144,74
"CA5A","s329_S_TNA_03_ASEReadCounter.table","NW_015090842.1:8990112",71,144,73
"CA5A","s329_S_TNA_03_ASEReadCounter.table","NW_015090842.1:8990115",81,148,67
"CA5A","s329_S_TNA_03_ASEReadCounter.table","NW_015090842.1:8990166",76,136,60
"CA5A","s329_S_TNA_03_ASEReadCounter.table","NW_015090842.1:8990169",84,143,59
"CA5A","s329_S_TNA_03_ASEReadCounter.table","NW_015090842.1:8990222",73,118,45
"CA5A","s329_S_TNA_03_ASEReadCounter.table","NW_015090842.1:8990289",76,120,44
"CA5A","s329_S_TNA_03_ASEReadCounter.table","NW_015090842.1:8990314",77,126,49
"CA5A","s329_S_TNA_03_ASEReadCounter.table","NW_015090842.1:8990361",70,128,58
"CA5A","s329_S_TNA_03_ASEReadCounter.table","NW_015090842.1:8990368",71,126,55
"CA5A","s329_S_TNA_03_ASEReadCounter.table","NW_015090842.1:8990429",61,112,51
"CA5A","s329_S_TNA_03_ASEReadCounter.table","NW_015090842.1:8990466",49,84,35
"CA5A","s329_S_TNA_03_ASEReadCounter.table","NW_015090842.1:8990663",57,108,51
"CA5A","s329_S_TNA_03_ASEReadCounter.table","NW_015090842.1:8990797",40,80,40
"CA5A","s329_S_TNA_03_ASEReadCounter.table","NW_015090842.1:8990836",50,85,35
"CA5A","s329_S_TNA_03_ASEReadCounter.table","NW_015090842.1:8990842",50,84,34
"CA5A","s329_S_TNA_03_ASEReadCounter.table","NW_015090842.1:8990851",50,82,32
"CA5A","s329_S_TNA_03_ASEReadCounter.table","NW_015090842.1:8990918",39,88,49
"CA5A","s329_S_TNA_03_ASEReadCounter.table","NW_015090842.1:8990921",37,88,51
"CA5A","s329_S_TNA_03_ASEReadCounter.table","NW_015090842.1:8990942",45,95,50
"CA5A","s329_S_TNA_03_ASEReadCounter.table","NW_015090842.1:8991001",60,110,50
"CA5A","s329_S_TNA_03_ASEReadCounter.table","NW_015090842.1:8991038",66,112,46
"CA5A","s329_S_TNA_03_ASEReadCounter.table","NW_015090842.1:8991149",55,91,36
"CA5A","s329_S_TNA_03_ASEReadCounter.table","NW_015090842.1:8991176",65,101,36
"CA5A","s329_S_TNA_03_ASEReadCounter.table","NW_015090842.1:8991241",63,110,47
"CA5A","s329_S_TNA_03_ASEReadCounter.table","NW_015090842.1:8991262",54,100,46
"CA5A","s329_S_TNA_03_ASEReadCounter.table","NW_015090842.1:8991316",49,53,4
"CA5A","s329_S_TNA_03_ASEReadCounter.table","NW_015090842.1:8991319",49,53,4
"CA5A","s329_S_TNA_03_ASEReadCounter.table","NW_015090842.1:8991330",42,44,2
"CA5A","s329_S_TNA_03_ASEReadCounter.table","NW_015090842.1:8991334",41,44,3
"CA5A","s329_S_TNA_03_ASEReadCounter.table","NW_015090842.1:8991362",53,89,36
"CA5A","s329_S_TNA_03_ASEReadCounter.table","NW_015090842.1:8991368",56,93,37
"CA5A","s329_S_TNA_03_ASEReadCounter.table","NW_015090842.1:8991390",59,98,39
"CA5A","s329_S_TNA_03_ASEReadCounter.table","NW_015090842.1:8991395",61,102,41
"CA5A","s329_S_TNA_03_ASEReadCounter.table","NW_015090842.1:8991422",59,107,48
"CA5A","s329_S_TNA_03_ASEReadCounter.table","NW_015090842.1:8991467",51,88,37
"CA5A","s329_S_TNA_03_ASEReadCounter.table","NW_015090842.1:8991576",25,50,25
"CA5A","s329_S_TNA_03_ASEReadCounter.table","NW_015090842.1:8991587",34,68,34
"CA5A","s329_S_TNA_03_ASEReadCounter.table","NW_015090842.1:8991655",36,70,34
"CA5A","s329_S_TNA_03_ASEReadCounter.table","NW_015090842.1:8991717",44,65,21
"CA5A","s329_S_TNA_03_ASEReadCounter.table","NW_015090842.1:8991726",48,72,24
"CA5A","s329_S_TNA_03_ASEReadCounter.table","NW_015090842.1:8991799",40,64,24
"CA5A","s329_S_TNA_03_ASEReadCounter.table","NW_015090842.1:8991809",42,67,25
"CA5A","s329_S_TNA_03_ASEReadCounter.table","NW_015090842.1:8991848",36,66,30
"CA5A","s329_S_TNA_03_ASEReadCounter.table","NW_015090842.1:8991849",36,66,30
"CA5A","s329_S_TNA_03_ASEReadCounter.table","NW_015090842.1:8991927",43,74,31
"CA5A","s329_S_TNA_03_ASEReadCounter.table","NW_015090842.1:8991941",43,75,32
"CA5A","s329_S_TNA_03_ASEReadCounter.table","NW_015090842.1:8992121",31,69,38
"CA5A","s329_S_TNA_03_ASEReadCounter.table","NW_015090842.1:8992224",36,75,39
"CA5A","s329_S_TNA_03_ASEReadCounter.table","NW_015090842.1:9002570",7,19,12
"CA5A","s329_S_TNA_03_ASEReadCounter.table","NW_015090842.1:9002600",10,23,13
"CA5A","s329_S_TNA_03_ASEReadCounter.table","NW_015090842.1:9004312",8,16,8
"CA5A","s329_S_TNA_03_ASEReadCounter.table","NW_015090842.1:9004506",2,2,0
"CA5A","s329_S_TNA_03_ASEReadCounter.table","NW_015090842.1:9004523",2,2,0
"CA5A","s329_S_TNA_03_ASEReadCounter.table","NW_015090842.1:9004530",2,2,0
"CA5A","s329_S_TNA_03_ASEReadCounter.table","NW_015090842.1:9004556",2,2,0
"CA5A","s329_S_TNA_03_ASEReadCounter.table","NW_015090842.1:9004620",2,3,1
"CA5A","s329_S_TNA_03_ASEReadCounter.table","NW_015090842.1:9005116",5,6,1
"CA5A","s329_S_TNA_03_ASEReadCounter.table","NW_015090842.1:9005120",5,6,1
"CA5A","s329_S_TNA_03_ASEReadCounter.table","NW_015090842.1:9005140",6,7,1
"CA5A","s329_S_TNA_03_ASEReadCounter.table","NW_015090842.1:9005152",6,7,1
"BANP","s329_S_TNA_03_ASEReadCounter.table","NW_015090842.1:9033407",4,14,10
"BANP","s329_S_TNA_03_ASEReadCounter.table","NW_015090842.1:9033409",4,13,9
"BANP","s329_S_TNA_03_ASEReadCounter.table","NW_015090842.1:9033420",4,14,10
"BANP","s329_S_TNA_03_ASEReadCounter.table","NW_015090842.1:9055284",0,8,8
"ZC3H18","s329_S_TNA_03_ASEReadCounter.table","NW_015090842.1:9528933",37,63,26
"MVD","s329_S_TNA_03_ASEReadCounter.table","NW_015090842.1:9550690",25,42,17
"MVD","s329_S_TNA_03_ASEReadCounter.table","NW_015090842.1:9550691",25,41,16
"MVD","s329_S_TNA_03_ASEReadCounter.table","NW_015090842.1:9550699",29,47,18
"MVD","s329_S_TNA_03_ASEReadCounter.table","NW_015090842.1:9550701",28,47,19
"MVD","s329_S_TNA_03_ASEReadCounter.table","NW_015090842.1:9552202",49,94,45
"MVD","s329_S_TNA_03_ASEReadCounter.table","NW_015090842.1:9552223",39,81,42
"MVD","s329_S_TNA_03_ASEReadCounter.table","NW_015090842.1:9552533",38,61,23
"MVD","s329_S_TNA_03_ASEReadCounter.table","NW_015090842.1:9552644",0,57,57
"PIEZO1","s329_S_TNA_03_ASEReadCounter.table","NW_015090842.1:9577447",1,4,3
"PIEZO1","s329_S_TNA_03_ASEReadCounter.table","NW_015090842.1:9579101",0,9,9
"PIEZO1","s329_S_TNA_03_ASEReadCounter.table","NW_015090842.1:9582630",2,4,2
"PIEZO1","s329_S_TNA_03_ASEReadCounter.table","NW_015090842.1:9582976",5,7,2
"PIEZO1","s329_S_TNA_03_ASEReadCounter.table","NW_015090842.1:9583326",3,7,4
"CDT1","s329_S_TNA_03_ASEReadCounter.table","NW_015090842.1:9596711",0,1,1
"CDT1","s329_S_TNA_03_ASEReadCounter.table","NW_015090842.1:9597033",5,8,3
"CDT1","s329_S_TNA_03_ASEReadCounter.table","NW_015090842.1:9597756",5,10,5
"CDT1","s329_S_TNA_03_ASEReadCounter.table","NW_015090842.1:9598873",7,14,7
"ACSF3","s329_S_TNA_03_ASEReadCounter.table","NW_015090842.1:9776737",10,15,5
"ACSF3","s329_S_TNA_03_ASEReadCounter.table","NW_015090842.1:9809639",24,48,24
"ACSF3","s329_S_TNA_03_ASEReadCounter.table","NW_015090842.1:9834743",46,87,41
"ACSF3","s329_S_TNA_03_ASEReadCounter.table","NW_015090842.1:9834762",41,81,40
"ACSF3","s329_S_TNA_03_ASEReadCounter.table","NW_015090842.1:9834852",38,81,43
"ACSF3","s329_S_TNA_03_ASEReadCounter.table","NW_015090842.1:9834861",38,80,42
"ACSF3","s329_S_TNA_03_ASEReadCounter.table","NW_015090842.1:9839359",22,56,34
"ACSF3","s329_S_TNA_03_ASEReadCounter.table","NW_015090842.1:9839378",21,50,29
"ACSF3","s329_S_TNA_03_ASEReadCounter.table","NW_015090842.1:9839455",25,55,30
"ACSF3","s329_S_TNA_03_ASEReadCounter.table","NW_015090842.1:9839457",23,53,30
"ACSF3","s329_S_TNA_03_ASEReadCounter.table","NW_015090842.1:9839489",19,47,28
"ACSF3","s329_S_TNA_03_ASEReadCounter.table","NW_015090842.1:9839500",10,34,24
"ACSF3","s329_S_TNA_03_ASEReadCounter.table","NW_015090842.1:9839501",10,34,24
"ACSF3","s329_S_TNA_03_ASEReadCounter.table","NW_015090842.1:9839504",11,35,24
"ACSF3","s329_S_TNA_03_ASEReadCounter.table","NW_015090842.1:9839512",12,32,20
"ACSF3","s329_S_TNA_03_ASEReadCounter.table","NW_015090842.1:9839527",10,27,17
"ACSF3","s329_S_TNA_03_ASEReadCounter.table","NW_015090842.1:9839533",7,25,18
"ACSF3","s329_S_TNA_03_ASEReadCounter.table","NW_015090842.1:9839535",7,24,17
"ACSF3","s329_S_TNA_03_ASEReadCounter.table","NW_015090842.1:9839545",4,19,15
"ACSF3","s329_S_TNA_03_ASEReadCounter.table","NW_015090842.1:9839550",3,17,14
"ACSF3","s329_S_TNA_03_ASEReadCounter.table","NW_015090842.1:9839551",3,17,14
"CDH15","s329_S_TNA_03_ASEReadCounter.table","NW_015090842.1:9847163",0,1,1
"CDH15","s329_S_TNA_03_ASEReadCounter.table","NW_015090842.1:9847174",0,1,1
"CDH15","s329_S_TNA_03_ASEReadCounter.table","NW_015090842.1:9848220",1,2,1
"CDH15","s329_S_TNA_03_ASEReadCounter.table","NW_015090842.1:9848265",1,2,1
"CDH15","s329_S_TNA_03_ASEReadCounter.table","NW_015090842.1:9848531",3,4,1
"CDH15","s329_S_TNA_03_ASEReadCounter.table","NW_015090842.1:9848552",3,3,0
"CDH15","s329_S_TNA_03_ASEReadCounter.table","NW_015090842.1:9848888",1,2,1
"CDH15","s329_S_TNA_03_ASEReadCounter.table","NW_015090842.1:9849086",1,1,0
"CDH15","s329_S_TNA_03_ASEReadCounter.table","NW_015090842.1:9849119",1,1,0
"CDH15","s329_S_TNA_03_ASEReadCounter.table","NW_015090842.1:9849140",1,1,0
"CDH15","s329_S_TNA_03_ASEReadCounter.table","NW_015090842.1:9850141",4,5,1
"CDH15","s329_S_TNA_03_ASEReadCounter.table","NW_015090842.1:9850386",1,2,1
"CDH15","s329_S_TNA_03_ASEReadCounter.table","NW_015090842.1:9850432",2,4,2
"SLC22A31","s329_S_TNA_03_ASEReadCounter.table","NW_015090842.1:9850797",1,2,1
"SLC22A31","s329_S_TNA_03_ASEReadCounter.table","NW_015090842.1:9850818",0,1,1
"SLC22A31","s329_S_TNA_03_ASEReadCounter.table","NW_015090842.1:9850929",1,2,1
"SLC22A31","s329_S_TNA_03_ASEReadCounter.table","NW_015090842.1:9850936",1,2,1
"SLC22A31","s329_S_TNA_03_ASEReadCounter.table","NW_015090842.1:9850940",1,2,1
"SLC22A31","s329_S_TNA_03_ASEReadCounter.table","NW_015090842.1:9850948",1,2,1
"SLC22A31","s329_S_TNA_03_ASEReadCounter.table","NW_015090842.1:9850961",0,1,1
"SLC22A31","s329_S_TNA_03_ASEReadCounter.table","NW_015090842.1:9850970",0,1,1
"SLC22A31","s329_S_TNA_03_ASEReadCounter.table","NW_015090842.1:9850978",0,1,1
"SLC22A31","s329_S_TNA_03_ASEReadCounter.table","NW_015090842.1:9851032",0,1,1
"SLC22A31","s329_S_TNA_03_ASEReadCounter.table","NW_015090842.1:9851053",0,1,1
"SLC22A31","s329_S_TNA_03_ASEReadCounter.table","NW_015090842.1:9851130",4,13,9
"SLC22A31","s329_S_TNA_03_ASEReadCounter.table","NW_015090842.1:9851139",4,14,10
"SLC22A31","s329_S_TNA_03_ASEReadCounter.table","NW_015090842.1:9851265",7,25,18
"SLC22A31","s329_S_TNA_03_ASEReadCounter.table","NW_015090842.1:9851302",6,22,16
"SLC22A31","s329_S_TNA_03_ASEReadCounter.table","NW_015090842.1:9851303",6,22,16
"SLC22A31","s329_S_TNA_03_ASEReadCounter.table","NW_015090842.1:9851305",6,22,16
"SLC22A31","s329_S_TNA_03_ASEReadCounter.table","NW_015090842.1:9851343",1,12,11
"SLC22A31","s329_S_TNA_03_ASEReadCounter.table","NW_015090842.1:9851344",3,13,10
"SLC22A31","s329_S_TNA_03_ASEReadCounter.table","NW_015090842.1:9851381",8,20,12
"SLC22A31","s329_S_TNA_03_ASEReadCounter.table","NW_015090842.1:9851421",14,31,17
"SLC22A31","s329_S_TNA_03_ASEReadCounter.table","NW_015090842.1:9851526",11,24,13
"SLC22A31","s329_S_TNA_03_ASEReadCounter.table","NW_015090842.1:9851589",10,22,12
"SLC22A31","s329_S_TNA_03_ASEReadCounter.table","NW_015090842.1:9851712",20,35,15
"SLC22A31","s329_S_TNA_03_ASEReadCounter.table","NW_015090842.1:9851899",14,32,18
"SLC22A31","s329_S_TNA_03_ASEReadCounter.table","NW_015090842.1:9852139",11,22,11
"SLC22A31","s329_S_TNA_03_ASEReadCounter.table","NW_015090842.1:9852380",14,30,16
"SLC22A31","s329_S_TNA_03_ASEReadCounter.table","NW_015090842.1:9852431",7,14,7
"SLC22A31","s329_S_TNA_03_ASEReadCounter.table","NW_015090842.1:9852630",5,15,10
"SLC22A31","s329_S_TNA_03_ASEReadCounter.table","NW_015090842.1:9852711",7,16,9
"SLC22A31","s329_S_TNA_03_ASEReadCounter.table","NW_015090842.1:9852742",7,15,8
"SLC22A31","s329_S_TNA_03_ASEReadCounter.table","NW_015090842.1:9853099",5,11,6
"SLC22A31","s329_S_TNA_03_ASEReadCounter.table","NW_015090842.1:9853102",5,11,6
"SLC22A31","s329_S_TNA_03_ASEReadCounter.table","NW_015090842.1:9853421",4,5,1
"SLC22A31","s329_S_TNA_03_ASEReadCounter.table","NW_015090842.1:9853457",3,4,1
"SLC22A31","s329_S_TNA_03_ASEReadCounter.table","NW_015090842.1:9853502",3,5,2
"ANKRD11","s329_S_TNA_03_ASEReadCounter.table","NW_015090842.1:9858863",19,26,7
"ANKRD11","s329_S_TNA_03_ASEReadCounter.table","NW_015090842.1:9859101",177,366,189
"ANKRD11","s329_S_TNA_03_ASEReadCounter.table","NW_015090842.1:9859352",210,448,238
"ANKRD11","s329_S_TNA_03_ASEReadCounter.table","NW_015090842.1:9859381",103,292,189
"ANKRD11","s329_S_TNA_03_ASEReadCounter.table","NW_015090842.1:9859527",99,210,111
"ANKRD11","s329_S_TNA_03_ASEReadCounter.table","NW_015090842.1:9859529",100,213,113
"ANKRD11","s329_S_TNA_03_ASEReadCounter.table","NW_015090842.1:9859679",226,412,186
"ANKRD11","s329_S_TNA_03_ASEReadCounter.table","NW_015090842.1:9861097",172,370,198
"ANKRD11","s329_S_TNA_03_ASEReadCounter.table","NW_015090842.1:9862571",114,224,110
"ANKRD11","s329_S_TNA_03_ASEReadCounter.table","NW_015090842.1:9866071",0,127,127
"ANKRD11","s329_S_TNA_03_ASEReadCounter.table","NW_015090842.1:9866200",0,104,104
"ANKRD11","s329_S_TNA_03_ASEReadCounter.table","NW_015090842.1:9867391",48,83,35
"ANKRD11","s329_S_TNA_03_ASEReadCounter.table","NW_015090842.1:9867472",54,109,55
"ANKRD11","s329_S_TNA_03_ASEReadCounter.table","NW_015090842.1:9867559",82,151,69
"ANKRD11","s329_S_TNA_03_ASEReadCounter.table","NW_015090842.1:9867934",85,168,83
"ANKRD11","s329_S_TNA_03_ASEReadCounter.table","NW_015090842.1:9868093",80,165,85
"ANKRD11","s329_S_TNA_03_ASEReadCounter.table","NW_015090842.1:9868222",93,183,90
"ANKRD11","s329_S_TNA_03_ASEReadCounter.table","NW_015090842.1:9868327",96,179,83
"ANKRD11","s329_S_TNA_03_ASEReadCounter.table","NW_015090842.1:9868414",94,212,118
"ANKRD11","s329_S_TNA_03_ASEReadCounter.table","NW_015090842.1:9868441",100,206,106
"ANKRD11","s329_S_TNA_03_ASEReadCounter.table","NW_015090842.1:9868444",103,217,114
"ANKRD11","s329_S_TNA_03_ASEReadCounter.table","NW_015090842.1:9868519",160,304,144
"ANKRD11","s329_S_TNA_03_ASEReadCounter.table","NW_015090842.1:9868609",137,275,138
"ANKRD11","s329_S_TNA_03_ASEReadCounter.table","NW_015090842.1:9868666",155,321,166
"ANKRD11","s329_S_TNA_03_ASEReadCounter.table","NW_015090842.1:9869431",180,389,209
"ANKRD11","s329_S_TNA_03_ASEReadCounter.table","NW_015090842.1:9869578",295,605,310
"ANKRD11","s329_S_TNA_03_ASEReadCounter.table","NW_015090842.1:9869734",294,629,335
"ANKRD11","s329_S_TNA_03_ASEReadCounter.table","NW_015090842.1:9870070",259,562,303
"ANKRD11","s329_S_TNA_03_ASEReadCounter.table","NW_015090842.1:9870349",293,572,279
"ANKRD11","s329_S_TNA_03_ASEReadCounter.table","NW_015090842.1:9870604",285,529,244
"ANKRD11","s329_S_TNA_03_ASEReadCounter.table","NW_015090842.1:9870613",317,572,255
"ANKRD11","s329_S_TNA_03_ASEReadCounter.table","NW_015090842.1:9870685",369,729,360
"ANKRD11","s329_S_TNA_03_ASEReadCounter.table","NW_015090842.1:9870847",296,598,302
"ANKRD11","s329_S_TNA_03_ASEReadCounter.table","NW_015090842.1:9871103",183,388,205
"ANKRD11","s329_S_TNA_03_ASEReadCounter.table","NW_015090842.1:9871165",220,467,247
"ANKRD11","s329_S_TNA_03_ASEReadCounter.table","NW_015090842.1:9871820",77,183,106
"ANKRD11","s329_S_TNA_03_ASEReadCounter.table","NW_015090842.1:9871994",106,165,59
"ANKRD11","s329_S_TNA_03_ASEReadCounter.table","NW_015090842.1:9872118",98,216,118
"SPG7","s329_S_TNA_03_ASEReadCounter.table","NW_015090842.1:10051190",138,280,142
"SPG7","s329_S_TNA_03_ASEReadCounter.table","NW_015090842.1:10051218",147,314,167
"SPG7","s329_S_TNA_03_ASEReadCounter.table","NW_015090842.1:10052348",196,356,160
"SPG7","s329_S_TNA_03_ASEReadCounter.table","NW_015090842.1:10052366",183,353,170
"SPG7","s329_S_TNA_03_ASEReadCounter.table","NW_015090842.1:10065173",192,386,194
"SPG7","s329_S_TNA_03_ASEReadCounter.table","NW_015090842.1:10065215",168,340,172
"SPG7","s329_S_TNA_03_ASEReadCounter.table","NW_015090842.1:10066301",135,296,161
"SPG7","s329_S_TNA_03_ASEReadCounter.table","NW_015090842.1:10066365",167,323,156
"SPG7","s329_S_TNA_03_ASEReadCounter.table","NW_015090842.1:10069752",207,406,199
"SPG7","s329_S_TNA_03_ASEReadCounter.table","NW_015090842.1:10069800",213,429,216
"SPG7","s329_S_TNA_03_ASEReadCounter.table","NW_015090842.1:10071192",235,493,258
"SPG7","s329_S_TNA_03_ASEReadCounter.table","NW_015090842.1:10071204",225,460,235
"SPG7","s329_S_TNA_03_ASEReadCounter.table","NW_015090842.1:10071219",220,447,227
"SPG7","s329_S_TNA_03_ASEReadCounter.table","NW_015090842.1:10071967",206,435,229
"SPG7","s329_S_TNA_03_ASEReadCounter.table","NW_015090842.1:10075109",345,662,317
"SPG7","s329_S_TNA_03_ASEReadCounter.table","NW_015090842.1:10075114",352,662,310
"SPG7","s329_S_TNA_03_ASEReadCounter.table","NW_015090842.1:10075198",265,510,245
"SPG7","s329_S_TNA_03_ASEReadCounter.table","NW_015090842.1:10075487",210,420,210
"SPG7","s329_S_TNA_03_ASEReadCounter.table","NW_015090842.1:10075488",210,421,211
"SPG7","s329_S_TNA_03_ASEReadCounter.table","NW_015090842.1:10075548",142,292,150
"RPL13","s329_S_TNA_03_ASEReadCounter.table","NW_015090842.1:10076979",3,5,2
"RPL13","s329_S_TNA_03_ASEReadCounter.table","NW_015090842.1:10077387",474,1005,531
"RPL13","s329_S_TNA_03_ASEReadCounter.table","NW_015090842.1:10077978",691,1458,767
"RPL13","s329_S_TNA_03_ASEReadCounter.table","NW_015090842.1:10077992",655,1390,735
"CPNE7","s329_S_TNA_03_ASEReadCounter.table","NW_015090842.1:10084001",182,404,222
"CPNE7","s329_S_TNA_03_ASEReadCounter.table","NW_015090842.1:10084856",130,304,174
"CPNE7","s329_S_TNA_03_ASEReadCounter.table","NW_015090842.1:10084872",134,303,169
"CPNE7","s329_S_TNA_03_ASEReadCounter.table","NW_015090842.1:10084892",153,333,180
"CPNE7","s329_S_TNA_03_ASEReadCounter.table","NW_015090842.1:10084921",179,377,198
"CPNE7","s329_S_TNA_03_ASEReadCounter.table","NW_015090842.1:10084935",181,384,203
"CPNE7","s329_S_TNA_03_ASEReadCounter.table","NW_015090842.1:10085000",179,384,205
"CPNE7","s329_S_TNA_03_ASEReadCounter.table","NW_015090842.1:10085089",187,395,208
"CPNE7","s329_S_TNA_03_ASEReadCounter.table","NW_015090842.1:10085096",201,413,212
"CPNE7","s329_S_TNA_03_ASEReadCounter.table","NW_015090842.1:10085126",204,411,207
"CPNE7","s329_S_TNA_03_ASEReadCounter.table","NW_015090842.1:10085180",178,377,199
"CPNE7","s329_S_TNA_03_ASEReadCounter.table","NW_015090842.1:10085201",173,353,180
"CPNE7","s329_S_TNA_03_ASEReadCounter.table","NW_015090842.1:10088134",346,730,384
"CPNE7","s329_S_TNA_03_ASEReadCounter.table","NW_015090842.1:10088146",332,698,366
"CPNE7","s329_S_TNA_03_ASEReadCounter.table","NW_015090842.1:10088940",498,1055,557
"CPNE7","s329_S_TNA_03_ASEReadCounter.table","NW_015090842.1:10088965",469,966,497
"CPNE7","s329_S_TNA_03_ASEReadCounter.table","NW_015090842.1:10088967",465,953,488
"CPNE7","s329_S_TNA_03_ASEReadCounter.table","NW_015090842.1:10088973",475,956,481
"CPNE7","s329_S_TNA_03_ASEReadCounter.table","NW_015090842.1:10090924",554,1193,639
"CPNE7","s329_S_TNA_03_ASEReadCounter.table","NW_015090842.1:10090930",557,1192,635
"CPNE7","s329_S_TNA_03_ASEReadCounter.table","NW_015090842.1:10091075",552,1169,617
"CPNE7","s329_S_TNA_03_ASEReadCounter.table","NW_015090842.1:10091389",585,1268,683
"CPNE7","s329_S_TNA_03_ASEReadCounter.table","NW_015090842.1:10091407",669,1366,697
"CPNE7","s329_S_TNA_03_ASEReadCounter.table","NW_015090842.1:10091530",577,1197,620
"CPNE7","s329_S_TNA_03_ASEReadCounter.table","NW_015090842.1:10091875",640,1402,762
"CPNE7","s329_S_TNA_03_ASEReadCounter.table","NW_015090842.1:10091983",583,1174,591
"CPNE7","s329_S_TNA_03_ASEReadCounter.table","NW_015090842.1:10091997",579,1188,609
"CPNE7","s329_S_TNA_03_ASEReadCounter.table","NW_015090842.1:10092038",315,737,422
"CPNE7","s329_S_TNA_03_ASEReadCounter.table","NW_015090842.1:10092140",336,821,485
"CPNE7","s329_S_TNA_03_ASEReadCounter.table","NW_015090842.1:10092183",283,649,366
"CPNE7","s329_S_TNA_03_ASEReadCounter.table","NW_015090842.1:10092201",270,570,300
"CPNE7","s329_S_TNA_03_ASEReadCounter.table","NW_015090842.1:10092230",217,421,204
"CPNE7","s329_S_TNA_03_ASEReadCounter.table","NW_015090842.1:10092246",138,289,151
"LOC106888185","s329_S_TNA_03_ASEReadCounter.table","NW_015090842.1:10094965",0,3,3
"LOC106888185","s329_S_TNA_03_ASEReadCounter.table","NW_015090842.1:10094966",1,4,3
"LOC106888185","s329_S_TNA_03_ASEReadCounter.table","NW_015090842.1:10094985",1,4,3
"LOC106888185","s329_S_TNA_03_ASEReadCounter.table","NW_015090842.1:10095055",0,5,5
"LOC106888185","s329_S_TNA_03_ASEReadCounter.table","NW_015090842.1:10095062",0,3,3
"LOC106888185","s329_S_TNA_03_ASEReadCounter.table","NW_015090842.1:10095130",0,1,1
"LOC106888185","s329_S_TNA_03_ASEReadCounter.table","NW_015090842.1:10095265",5,13,8
"LOC106888185","s329_S_TNA_03_ASEReadCounter.table","NW_015090842.1:10095586",2,15,13
"LOC106888185","s329_S_TNA_03_ASEReadCounter.table","NW_015090842.1:10095593",2,14,12
"LOC106888185","s329_S_TNA_03_ASEReadCounter.table","NW_015090842.1:10095616",0,11,11
"LOC106888185","s329_S_TNA_03_ASEReadCounter.table","NW_015090842.1:10095662",1,12,11
"LOC106888185","s329_S_TNA_03_ASEReadCounter.table","NW_015090842.1:10095674",1,10,9
"LOC106888185","s329_S_TNA_03_ASEReadCounter.table","NW_015090842.1:10095786",1,8,7
"LOC106888185","s329_S_TNA_03_ASEReadCounter.table","NW_015090842.1:10095831",1,7,6
"LOC106888185","s329_S_TNA_03_ASEReadCounter.table","NW_015090842.1:10096230",2,7,5
"LOC106888185","s329_S_TNA_03_ASEReadCounter.table","NW_015090842.1:10096249",4,7,3
"LOC106888185","s329_S_TNA_03_ASEReadCounter.table","NW_015090842.1:10096272",4,6,2
"LOC106888185","s329_S_TNA_03_ASEReadCounter.table","NW_015090842.1:10096288",5,10,5
"LOC106888185","s329_S_TNA_03_ASEReadCounter.table","NW_015090842.1:10097248",3,10,7
"LOC106888185","s329_S_TNA_03_ASEReadCounter.table","NW_015090842.1:10097265",3,11,8
"LOC106888185","s329_S_TNA_03_ASEReadCounter.table","NW_015090842.1:10097446",0,4,4
"DPEP1","s329_S_TNA_03_ASEReadCounter.table","NW_015090842.1:10098017",0,2,2
"DPEP1","s329_S_TNA_03_ASEReadCounter.table","NW_015090842.1:10098595",0,1,1
"DPEP1","s329_S_TNA_03_ASEReadCounter.table","NW_015090842.1:10098597",0,1,1
"DPEP1","s329_S_TNA_03_ASEReadCounter.table","NW_015090842.1:10098601",0,1,1
"DPEP1","s329_S_TNA_03_ASEReadCounter.table","NW_015090842.1:10098608",0,1,1
"DPEP1","s329_S_TNA_03_ASEReadCounter.table","NW_015090842.1:10098630",0,2,2
"DPEP1","s329_S_TNA_03_ASEReadCounter.table","NW_015090842.1:10098659",0,3,3
"DPEP1","s329_S_TNA_03_ASEReadCounter.table","NW_015090842.1:10099765",0,2,2
"DPEP1","s329_S_TNA_03_ASEReadCounter.table","NW_015090842.1:10099985",1,4,3
"DPEP1","s329_S_TNA_03_ASEReadCounter.table","NW_015090842.1:10099986",2,5,3
"DPEP1","s329_S_TNA_03_ASEReadCounter.table","NW_015090842.1:10099991",2,5,3
"DPEP1","s329_S_TNA_03_ASEReadCounter.table","NW_015090842.1:10100044",2,5,3
"DPEP1","s329_S_TNA_03_ASEReadCounter.table","NW_015090842.1:10100045",2,5,3
"DPEP1","s329_S_TNA_03_ASEReadCounter.table","NW_015090842.1:10100084",0,4,4
"DPEP1","s329_S_TNA_03_ASEReadCounter.table","NW_015090842.1:10100295",1,6,5
"DPEP1","s329_S_TNA_03_ASEReadCounter.table","NW_015090842.1:10100529",0,1,1
"DPEP1","s329_S_TNA_03_ASEReadCounter.table","NW_015090842.1:10100893",1,2,1
"DPEP1","s329_S_TNA_03_ASEReadCounter.table","NW_015090842.1:10100902",1,2,1
"DPEP1","s329_S_TNA_03_ASEReadCounter.table","NW_015090842.1:10101072",0,4,4
"DPEP1","s329_S_TNA_03_ASEReadCounter.table","NW_015090842.1:10101199",0,2,2
"DPEP1","s329_S_TNA_03_ASEReadCounter.table","NW_015090842.1:10101483",0,6,6
"DPEP1","s329_S_TNA_03_ASEReadCounter.table","NW_015090842.1:10101497",0,5,5
"DPEP1","s329_S_TNA_03_ASEReadCounter.table","NW_015090842.1:10101525",2,7,5
"DPEP1","s329_S_TNA_03_ASEReadCounter.table","NW_015090842.1:10101875",0,3,3
"DPEP1","s329_S_TNA_03_ASEReadCounter.table","NW_015090842.1:10101913",1,3,2
"DPEP1","s329_S_TNA_03_ASEReadCounter.table","NW_015090842.1:10101996",0,2,2
"DPEP1","s329_S_TNA_03_ASEReadCounter.table","NW_015090842.1:10102014",0,2,2
"DPEP1","s329_S_TNA_03_ASEReadCounter.table","NW_015090842.1:10102035",0,2,2
"CHMP1A","s329_S_TNA_03_ASEReadCounter.table","NW_015090842.1:10102901",64,149,85
"CHMP1A","s329_S_TNA_03_ASEReadCounter.table","NW_015090842.1:10102961",49,155,106
"CHMP1A","s329_S_TNA_03_ASEReadCounter.table","NW_015090842.1:10102996",40,153,113
"CHMP1A","s329_S_TNA_03_ASEReadCounter.table","NW_015090842.1:10103004",52,169,117
"CHMP1A","s329_S_TNA_03_ASEReadCounter.table","NW_015090842.1:10103006",51,172,121
"CHMP1A","s329_S_TNA_03_ASEReadCounter.table","NW_015090842.1:10103052",99,237,138
"CHMP1A","s329_S_TNA_03_ASEReadCounter.table","NW_015090842.1:10103095",110,239,129
"CHMP1A","s329_S_TNA_03_ASEReadCounter.table","NW_015090842.1:10103096",110,240,130
"CHMP1A","s329_S_TNA_03_ASEReadCounter.table","NW_015090842.1:10103152",100,192,92
"CHMP1A","s329_S_TNA_03_ASEReadCounter.table","NW_015090842.1:10103334",62,138,76
"CHMP1A","s329_S_TNA_03_ASEReadCounter.table","NW_015090842.1:10103373",34,127,93
"CHMP1A","s329_S_TNA_03_ASEReadCounter.table","NW_015090842.1:10103408",61,166,105
"CHMP1A","s329_S_TNA_03_ASEReadCounter.table","NW_015090842.1:10103412",64,164,100
"CHMP1A","s329_S_TNA_03_ASEReadCounter.table","NW_015090842.1:10103512",102,218,116
"CHMP1A","s329_S_TNA_03_ASEReadCounter.table","NW_015090842.1:10103513",101,213,112
"CHMP1A","s329_S_TNA_03_ASEReadCounter.table","NW_015090842.1:10103583",69,148,79
"CHMP1A","s329_S_TNA_03_ASEReadCounter.table","NW_015090842.1:10103614",73,141,68
"CHMP1A","s329_S_TNA_03_ASEReadCounter.table","NW_015090842.1:10103657",74,142,68
"CHMP1A","s329_S_TNA_03_ASEReadCounter.table","NW_015090842.1:10103669",57,126,69
"CHMP1A","s329_S_TNA_03_ASEReadCounter.table","NW_015090842.1:10103674",58,123,65
"CHMP1A","s329_S_TNA_03_ASEReadCounter.table","NW_015090842.1:10103677",57,121,64
"CHMP1A","s329_S_TNA_03_ASEReadCounter.table","NW_015090842.1:10103729",83,154,71
"CHMP1A","s329_S_TNA_03_ASEReadCounter.table","NW_015090842.1:10103758",87,153,66
"CHMP1A","s329_S_TNA_03_ASEReadCounter.table","NW_015090842.1:10103761",83,153,70
"CHMP1A","s329_S_TNA_03_ASEReadCounter.table","NW_015090842.1:10103788",91,193,102
"CHMP1A","s329_S_TNA_03_ASEReadCounter.table","NW_015090842.1:10103789",93,193,100
"CHMP1A","s329_S_TNA_03_ASEReadCounter.table","NW_015090842.1:10103790",90,195,105
"CHMP1A","s329_S_TNA_03_ASEReadCounter.table","NW_015090842.1:10103950",88,177,89
"CHMP1A","s329_S_TNA_03_ASEReadCounter.table","NW_015090842.1:10104335",53,100,47
"CHMP1A","s329_S_TNA_03_ASEReadCounter.table","NW_015090842.1:10104429",72,158,86
"CHMP1A","s329_S_TNA_03_ASEReadCounter.table","NW_015090842.1:10104532",83,167,84
"CHMP1A","s329_S_TNA_03_ASEReadCounter.table","NW_015090842.1:10104633",54,114,60
"CHMP1A","s329_S_TNA_03_ASEReadCounter.table","NW_015090842.1:10104759",56,139,83
"CHMP1A","s329_S_TNA_03_ASEReadCounter.table","NW_015090842.1:10104794",70,140,70
"CHMP1A","s329_S_TNA_03_ASEReadCounter.table","NW_015090842.1:10104844",47,101,54
"CHMP1A","s329_S_TNA_03_ASEReadCounter.table","NW_015090842.1:10106290",64,127,63
"CHMP1A","s329_S_TNA_03_ASEReadCounter.table","NW_015090842.1:10106335",82,158,76
"CHMP1A","s329_S_TNA_03_ASEReadCounter.table","NW_015090842.1:10106383",97,182,85
"CHMP1A","s329_S_TNA_03_ASEReadCounter.table","NW_015090842.1:10106747",91,188,97
"CHMP1A","s329_S_TNA_03_ASEReadCounter.table","NW_015090842.1:10107404",70,153,83
"CHMP1A","s329_S_TNA_03_ASEReadCounter.table","NW_015090842.1:10107410",75,161,86
"CHMP1A","s329_S_TNA_03_ASEReadCounter.table","NW_015090842.1:10107876",76,136,60
"CDK10","s329_S_TNA_03_ASEReadCounter.table","NW_015090842.1:10109030",15,16,1
"CDK10","s329_S_TNA_03_ASEReadCounter.table","NW_015090842.1:10109963",52,144,92
"CDK10","s329_S_TNA_03_ASEReadCounter.table","NW_015090842.1:10110887",49,134,85
"CDK10","s329_S_TNA_03_ASEReadCounter.table","NW_015090842.1:10111254",27,92,65
"CDK10","s329_S_TNA_03_ASEReadCounter.table","NW_015090842.1:10111380",23,100,77
"CDK10","s329_S_TNA_03_ASEReadCounter.table","NW_015090842.1:10111395",25,107,82
"CDK10","s329_S_TNA_03_ASEReadCounter.table","NW_015090842.1:10111437",14,101,87
"CDK10","s329_S_TNA_03_ASEReadCounter.table","NW_015090842.1:10111798",44,131,87
"CDK10","s329_S_TNA_03_ASEReadCounter.table","NW_015090842.1:10111840",44,130,86
"CDK10","s329_S_TNA_03_ASEReadCounter.table","NW_015090842.1:10112031",48,176,128
"CDK10","s329_S_TNA_03_ASEReadCounter.table","NW_015090842.1:10112285",62,162,100
"CDK10","s329_S_TNA_03_ASEReadCounter.table","NW_015090842.1:10112398",64,174,110
"CDK10","s329_S_TNA_03_ASEReadCounter.table","NW_015090842.1:10112455",51,155,104
"CDK10","s329_S_TNA_03_ASEReadCounter.table","NW_015090842.1:10112461",47,147,100
"CDK10","s329_S_TNA_03_ASEReadCounter.table","NW_015090842.1:10112497",40,124,84
"CDK10","s329_S_TNA_03_ASEReadCounter.table","NW_015090842.1:10112508",33,126,93
"CDK10","s329_S_TNA_03_ASEReadCounter.table","NW_015090842.1:10112518",26,111,85
"CDK10","s329_S_TNA_03_ASEReadCounter.table","NW_015090842.1:10112540",18,108,90
"CDK10","s329_S_TNA_03_ASEReadCounter.table","NW_015090842.1:10112556",40,133,93
"CDK10","s329_S_TNA_03_ASEReadCounter.table","NW_015090842.1:10112561",43,148,105
"CDK10","s329_S_TNA_03_ASEReadCounter.table","NW_015090842.1:10112596",54,171,117
"CDK10","s329_S_TNA_03_ASEReadCounter.table","NW_015090842.1:10112630",52,153,101
"CDK10","s329_S_TNA_03_ASEReadCounter.table","NW_015090842.1:10112656",52,146,94
"CDK10","s329_S_TNA_03_ASEReadCounter.table","NW_015090842.1:10112665",42,112,70
"CDK10","s329_S_TNA_03_ASEReadCounter.table","NW_015090842.1:10112668",42,110,68
"CDK10","s329_S_TNA_03_ASEReadCounter.table","NW_015090842.1:10112781",25,76,51
"CDK10","s329_S_TNA_03_ASEReadCounter.table","NW_015090842.1:10112782",24,74,50
"CDK10","s329_S_TNA_03_ASEReadCounter.table","NW_015090842.1:10112795",21,66,45
"CDK10","s329_S_TNA_03_ASEReadCounter.table","NW_015090842.1:10112841",9,24,15
"CDK10","s329_S_TNA_03_ASEReadCounter.table","NW_015090842.1:10112861",8,22,14
"SPATA2L","s329_S_TNA_03_ASEReadCounter.table","NW_015090842.1:10113212",38,87,49
"SPATA2L","s329_S_TNA_03_ASEReadCounter.table","NW_015090842.1:10113280",53,143,90
"SPATA2L","s329_S_TNA_03_ASEReadCounter.table","NW_015090842.1:10113296",54,156,102
"SPATA2L","s329_S_TNA_03_ASEReadCounter.table","NW_015090842.1:10113321",67,165,98
"SPATA2L","s329_S_TNA_03_ASEReadCounter.table","NW_015090842.1:10113332",71,187,116
"SPATA2L","s329_S_TNA_03_ASEReadCounter.table","NW_015090842.1:10113380",67,181,114
"SPATA2L","s329_S_TNA_03_ASEReadCounter.table","NW_015090842.1:10113381",67,186,119
"SPATA2L","s329_S_TNA_03_ASEReadCounter.table","NW_015090842.1:10113412",73,202,129
"SPATA2L","s329_S_TNA_03_ASEReadCounter.table","NW_015090842.1:10113421",81,209,128
"SPATA2L","s329_S_TNA_03_ASEReadCounter.table","NW_015090842.1:10113465",82,205,123
"SPATA2L","s329_S_TNA_03_ASEReadCounter.table","NW_015090842.1:10113535",102,202,100
"SPATA2L","s329_S_TNA_03_ASEReadCounter.table","NW_015090842.1:10113645",80,239,159
"SPATA2L","s329_S_TNA_03_ASEReadCounter.table","NW_015090842.1:10113682",100,273,173
"SPATA2L","s329_S_TNA_03_ASEReadCounter.table","NW_015090842.1:10113696",95,265,170
"SPATA2L","s329_S_TNA_03_ASEReadCounter.table","NW_015090842.1:10113727",110,278,168
"SPATA2L","s329_S_TNA_03_ASEReadCounter.table","NW_015090842.1:10113729",112,275,163
"SPATA2L","s329_S_TNA_03_ASEReadCounter.table","NW_015090842.1:10113799",129,313,184
"SPATA2L","s329_S_TNA_03_ASEReadCounter.table","NW_015090842.1:10113809",130,327,197
"SPATA2L","s329_S_TNA_03_ASEReadCounter.table","NW_015090842.1:10113827",131,330,199
"SPATA2L","s329_S_TNA_03_ASEReadCounter.table","NW_015090842.1:10113831",127,343,216
"SPATA2L","s329_S_TNA_03_ASEReadCounter.table","NW_015090842.1:10113894",121,272,151
"SPATA2L","s329_S_TNA_03_ASEReadCounter.table","NW_015090842.1:10113905",104,257,153
"SPATA2L","s329_S_TNA_03_ASEReadCounter.table","NW_015090842.1:10113914",104,240,136
"SPATA2L","s329_S_TNA_03_ASEReadCounter.table","NW_015090842.1:10113920",109,243,134
"SPATA2L","s329_S_TNA_03_ASEReadCounter.table","NW_015090842.1:10113937",119,258,139
"SPATA2L","s329_S_TNA_03_ASEReadCounter.table","NW_015090842.1:10113971",90,219,129
"SPATA2L","s329_S_TNA_03_ASEReadCounter.table","NW_015090842.1:10113976",82,224,142
"SPATA2L","s329_S_TNA_03_ASEReadCounter.table","NW_015090842.1:10113985",90,206,116
"SPATA2L","s329_S_TNA_03_ASEReadCounter.table","NW_015090842.1:10113994",117,253,136
"SPATA2L","s329_S_TNA_03_ASEReadCounter.table","NW_015090842.1:10114063",92,217,125
"SPATA2L","s329_S_TNA_03_ASEReadCounter.table","NW_015090842.1:10114066",92,218,126
"SPATA2L","s329_S_TNA_03_ASEReadCounter.table","NW_015090842.1:10114069",93,220,127
"SPATA2L","s329_S_TNA_03_ASEReadCounter.table","NW_015090842.1:10114159",52,139,87
"SPATA2L","s329_S_TNA_03_ASEReadCounter.table","NW_015090842.1:10114262",113,192,79
"SPATA2L","s329_S_TNA_03_ASEReadCounter.table","NW_015090842.1:10114470",63,137,74
"SPATA2L","s329_S_TNA_03_ASEReadCounter.table","NW_015090842.1:10114524",44,103,59
"VPS9D1","s329_S_TNA_03_ASEReadCounter.table","NW_015090842.1:10116377",71,158,87
"VPS9D1","s329_S_TNA_03_ASEReadCounter.table","NW_015090842.1:10116415",73,174,101
"VPS9D1","s329_S_TNA_03_ASEReadCounter.table","NW_015090842.1:10116607",61,157,96
"VPS9D1","s329_S_TNA_03_ASEReadCounter.table","NW_015090842.1:10116821",54,142,88
"VPS9D1","s329_S_TNA_03_ASEReadCounter.table","NW_015090842.1:10116825",54,134,80
"VPS9D1","s329_S_TNA_03_ASEReadCounter.table","NW_015090842.1:10116882",47,124,77
"VPS9D1","s329_S_TNA_03_ASEReadCounter.table","NW_015090842.1:10116933",46,131,85
"VPS9D1","s329_S_TNA_03_ASEReadCounter.table","NW_015090842.1:10116942",41,136,95
"VPS9D1","s329_S_TNA_03_ASEReadCounter.table","NW_015090842.1:10117152",49,121,72
"VPS9D1","s329_S_TNA_03_ASEReadCounter.table","NW_015090842.1:10117480",27,68,41
"VPS9D1","s329_S_TNA_03_ASEReadCounter.table","NW_015090842.1:10117497",22,62,40
"VPS9D1","s329_S_TNA_03_ASEReadCounter.table","NW_015090842.1:10117499",21,64,43
"VPS9D1","s329_S_TNA_03_ASEReadCounter.table","NW_015090842.1:10117516",28,88,60
"VPS9D1","s329_S_TNA_03_ASEReadCounter.table","NW_015090842.1:10117525",34,94,60
"VPS9D1","s329_S_TNA_03_ASEReadCounter.table","NW_015090842.1:10117579",40,117,77
"VPS9D1","s329_S_TNA_03_ASEReadCounter.table","NW_015090842.1:10117627",43,114,71
"VPS9D1","s329_S_TNA_03_ASEReadCounter.table","NW_015090842.1:10117678",23,94,71
"VPS9D1","s329_S_TNA_03_ASEReadCounter.table","NW_015090842.1:10117773",45,132,87
"VPS9D1","s329_S_TNA_03_ASEReadCounter.table","NW_015090842.1:10117937",73,169,96
"VPS9D1","s329_S_TNA_03_ASEReadCounter.table","NW_015090842.1:10117961",69,159,90
"VPS9D1","s329_S_TNA_03_ASEReadCounter.table","NW_015090842.1:10118236",60,159,99
"VPS9D1","s329_S_TNA_03_ASEReadCounter.table","NW_015090842.1:10118414",62,136,74
"VPS9D1","s329_S_TNA_03_ASEReadCounter.table","NW_015090842.1:10118973",52,150,98
"VPS9D1","s329_S_TNA_03_ASEReadCounter.table","NW_015090842.1:10119500",36,98,62
"ZNF276","s329_S_TNA_03_ASEReadCounter.table","NW_015090842.1:10121760",4,12,8
"ZNF276","s329_S_TNA_03_ASEReadCounter.table","NW_015090842.1:10121769",2,10,8
"ZNF276","s329_S_TNA_03_ASEReadCounter.table","NW_015090842.1:10121802",4,14,10
"ZNF276","s329_S_TNA_03_ASEReadCounter.table","NW_015090842.1:10121971",10,22,12
"ZNF276","s329_S_TNA_03_ASEReadCounter.table","NW_015090842.1:10122161",9,24,15
"ZNF276","s329_S_TNA_03_ASEReadCounter.table","NW_015090842.1:10122164",10,24,14
"ZNF276","s329_S_TNA_03_ASEReadCounter.table","NW_015090842.1:10122184",9,24,15
"ZNF276","s329_S_TNA_03_ASEReadCounter.table","NW_015090842.1:10122883",7,12,5
"ZNF276","s329_S_TNA_03_ASEReadCounter.table","NW_015090842.1:10122997",13,26,13
"ZNF276","s329_S_TNA_03_ASEReadCounter.table","NW_015090842.1:10123069",10,25,15
"ZNF276","s329_S_TNA_03_ASEReadCounter.table","NW_015090842.1:10123207",17,42,25
"ZNF276","s329_S_TNA_03_ASEReadCounter.table","NW_015090842.1:10125787",17,42,25
"ZNF276","s329_S_TNA_03_ASEReadCounter.table","NW_015090842.1:10126309",17,55,38
"ZNF276","s329_S_TNA_03_ASEReadCounter.table","NW_015090842.1:10126348",19,49,30
"ZNF276","s329_S_TNA_03_ASEReadCounter.table","NW_015090842.1:10126978",33,65,32
"ZNF276","s329_S_TNA_03_ASEReadCounter.table","NW_015090842.1:10126991",27,59,32
"ZNF276","s329_S_TNA_03_ASEReadCounter.table","NW_015090842.1:10127023",24,53,29
"ZNF276","s329_S_TNA_03_ASEReadCounter.table","NW_015090842.1:10127063",22,58,36
"ZNF276","s329_S_TNA_03_ASEReadCounter.table","NW_015090842.1:10127373",20,63,43
"ZNF276","s329_S_TNA_03_ASEReadCounter.table","NW_015090842.1:10127931",31,67,36
"ZNF276","s329_S_TNA_03_ASEReadCounter.table","NW_015090842.1:10128070",32,70,38
"ZNF276","s329_S_TNA_03_ASEReadCounter.table","NW_015090842.1:10128102",27,61,34
"ZNF276","s329_S_TNA_03_ASEReadCounter.table","NW_015090842.1:10128356",22,50,28
"ZNF276","s329_S_TNA_03_ASEReadCounter.table","NW_015090842.1:10128497",22,36,14
"FANCA","s329_S_TNA_03_ASEReadCounter.table","NW_015090842.1:10128743",1,6,5
"FANCA","s329_S_TNA_03_ASEReadCounter.table","NW_015090842.1:10128822",0,4,4
"FANCA","s329_S_TNA_03_ASEReadCounter.table","NW_015090842.1:10129383",0,2,2
"FANCA","s329_S_TNA_03_ASEReadCounter.table","NW_015090842.1:10129390",0,3,3
"FANCA","s329_S_TNA_03_ASEReadCounter.table","NW_015090842.1:10129422",2,4,2
"FANCA","s329_S_TNA_03_ASEReadCounter.table","NW_015090842.1:10130399",1,1,0
"FANCA","s329_S_TNA_03_ASEReadCounter.table","NW_015090842.1:10130857",2,2,0
"FANCA","s329_S_TNA_03_ASEReadCounter.table","NW_015090842.1:10130878",1,1,0
"FANCA","s329_S_TNA_03_ASEReadCounter.table","NW_015090842.1:10133530",1,2,1
"FANCA","s329_S_TNA_03_ASEReadCounter.table","NW_015090842.1:10133533",1,2,1
"FANCA","s329_S_TNA_03_ASEReadCounter.table","NW_015090842.1:10133536",1,2,1
"FANCA","s329_S_TNA_03_ASEReadCounter.table","NW_015090842.1:10133601",0,2,2
"FANCA","s329_S_TNA_03_ASEReadCounter.table","NW_015090842.1:10134492",2,2,0
"FANCA","s329_S_TNA_03_ASEReadCounter.table","NW_015090842.1:10136957",2,3,1
"FANCA","s329_S_TNA_03_ASEReadCounter.table","NW_015090842.1:10136982",2,3,1
"FANCA","s329_S_TNA_03_ASEReadCounter.table","NW_015090842.1:10136999",2,3,1
"FANCA","s329_S_TNA_03_ASEReadCounter.table","NW_015090842.1:10137019",2,3,1
"FANCA","s329_S_TNA_03_ASEReadCounter.table","NW_015090842.1:10137673",0,1,1
"FANCA","s329_S_TNA_03_ASEReadCounter.table","NW_015090842.1:10140699",1,3,2
"FANCA","s329_S_TNA_03_ASEReadCounter.table","NW_015090842.1:10141234",1,2,1
"FANCA","s329_S_TNA_03_ASEReadCounter.table","NW_015090842.1:10145030",1,2,1
"FANCA","s329_S_TNA_03_ASEReadCounter.table","NW_015090842.1:10150518",0,1,1
"FANCA","s329_S_TNA_03_ASEReadCounter.table","NW_015090842.1:10154490",1,1,0
"FANCA","s329_S_TNA_03_ASEReadCounter.table","NW_015090842.1:10158162",1,1,0
"FANCA","s329_S_TNA_03_ASEReadCounter.table","NW_015090842.1:10160177",1,1,0
"SPIRE2","s329_S_TNA_03_ASEReadCounter.table","NW_015090842.1:10172284",52,96,44
"SPIRE2","s329_S_TNA_03_ASEReadCounter.table","NW_015090842.1:10175262",84,142,58
"SPIRE2","s329_S_TNA_03_ASEReadCounter.table","NW_015090842.1:10175352",39,64,25
"SPIRE2","s329_S_TNA_03_ASEReadCounter.table","NW_015090842.1:10175400",101,195,94
"SPIRE2","s329_S_TNA_03_ASEReadCounter.table","NW_015090842.1:10175418",121,225,104
"SPIRE2","s329_S_TNA_03_ASEReadCounter.table","NW_015090842.1:10175704",145,283,138
"SPIRE2","s329_S_TNA_03_ASEReadCounter.table","NW_015090842.1:10176115",175,402,227
"SPIRE2","s329_S_TNA_03_ASEReadCounter.table","NW_015090842.1:10176561",194,384,190
"SPIRE2","s329_S_TNA_03_ASEReadCounter.table","NW_015090842.1:10176817",178,383,205
"SPIRE2","s329_S_TNA_03_ASEReadCounter.table","NW_015090842.1:10177084",111,247,136
"SPIRE2","s329_S_TNA_03_ASEReadCounter.table","NW_015090842.1:10177838",177,399,222
"SPIRE2","s329_S_TNA_03_ASEReadCounter.table","NW_015090842.1:10178000",194,435,241
"SPIRE2","s329_S_TNA_03_ASEReadCounter.table","NW_015090842.1:10178164",196,426,230
"SPIRE2","s329_S_TNA_03_ASEReadCounter.table","NW_015090842.1:10178216",193,445,252
"SPIRE2","s329_S_TNA_03_ASEReadCounter.table","NW_015090842.1:10178303",193,358,165
"SPIRE2","s329_S_TNA_03_ASEReadCounter.table","NW_015090842.1:10178403",182,397,215
"SPIRE2","s329_S_TNA_03_ASEReadCounter.table","NW_015090842.1:10178409",180,390,210
"SPIRE2","s329_S_TNA_03_ASEReadCounter.table","NW_015090842.1:10178524",203,391,188
"SPIRE2","s329_S_TNA_03_ASEReadCounter.table","NW_015090842.1:10178526",205,398,193
"SPIRE2","s329_S_TNA_03_ASEReadCounter.table","NW_015090842.1:10178531",205,394,189
"SPIRE2","s329_S_TNA_03_ASEReadCounter.table","NW_015090842.1:10178565",179,376,197
"SPIRE2","s329_S_TNA_03_ASEReadCounter.table","NW_015090842.1:10178587",162,331,169
"SPIRE2","s329_S_TNA_03_ASEReadCounter.table","NW_015090842.1:10178640",103,220,117
"SPIRE2","s329_S_TNA_03_ASEReadCounter.table","NW_015090842.1:10178651",113,241,128
"SPIRE2","s329_S_TNA_03_ASEReadCounter.table","NW_015090842.1:10178682",107,213,106
"TCF25","s329_S_TNA_03_ASEReadCounter.table","NW_015090842.1:10180912",45,75,30
"TCF25","s329_S_TNA_03_ASEReadCounter.table","NW_015090842.1:10180924",49,81,32
"TCF25","s329_S_TNA_03_ASEReadCounter.table","NW_015090842.1:10180931",52,82,30
"TCF25","s329_S_TNA_03_ASEReadCounter.table","NW_015090842.1:10185332",110,226,116
"TCF25","s329_S_TNA_03_ASEReadCounter.table","NW_015090842.1:10196561",86,159,73
"TCF25","s329_S_TNA_03_ASEReadCounter.table","NW_015090842.1:10197399",120,246,126
"MC1R","s329_S_TNA_03_ASEReadCounter.table","NW_015090842.1:10201853",2,4,2
"MC1R","s329_S_TNA_03_ASEReadCounter.table","NW_015090842.1:10201986",3,4,1
"MC1R","s329_S_TNA_03_ASEReadCounter.table","NW_015090842.1:10202160",5,9,4
"MC1R","s329_S_TNA_03_ASEReadCounter.table","NW_015090842.1:10202447",1,7,6
"TUBB3","s329_S_TNA_03_ASEReadCounter.table","NW_015090842.1:10205322",1,431,430
"GAS8","s329_S_TNA_03_ASEReadCounter.table","NW_015090842.1:10228982",21,46,25
"GAS8","s329_S_TNA_03_ASEReadCounter.table","NW_015090842.1:10229832",9,34,25
"GAS8","s329_S_TNA_03_ASEReadCounter.table","NW_015090842.1:10232901",20,41,21
"GAS8","s329_S_TNA_03_ASEReadCounter.table","NW_015090842.1:10232928",19,41,22
"GAS8","s329_S_TNA_03_ASEReadCounter.table","NW_015090842.1:10232967",22,44,22
"GAS8","s329_S_TNA_03_ASEReadCounter.table","NW_015090842.1:10233032",18,39,21
"GAS8","s329_S_TNA_03_ASEReadCounter.table","NW_015090842.1:10233057",14,29,15
"GAS8","s329_S_TNA_03_ASEReadCounter.table","NW_015090842.1:10233058",14,29,15
"GAS8","s329_S_TNA_03_ASEReadCounter.table","NW_015090842.1:10233176",15,28,13
"GAS8","s329_S_TNA_03_ASEReadCounter.table","NW_015090842.1:10233196",13,28,15
"GAS8","s329_S_TNA_03_ASEReadCounter.table","NW_015090842.1:10233252",10,21,11
"GAS8","s329_S_TNA_03_ASEReadCounter.table","NW_015090842.1:10233303",4,9,5
"LOC106888094","s329_S_TNA_03_ASEReadCounter.table","NW_015090842.1:10233334",1,5,4
"LOC106888094","s329_S_TNA_03_ASEReadCounter.table","NW_015090842.1:10233362",2,11,9
"LOC106888094","s329_S_TNA_03_ASEReadCounter.table","NW_015090842.1:10233373",2,12,10
"LOC106888094","s329_S_TNA_03_ASEReadCounter.table","NW_015090842.1:10233388",3,13,10
"LOC106888094","s329_S_TNA_03_ASEReadCounter.table","NW_015090842.1:10233402",4,12,8
"LOC106888094","s329_S_TNA_03_ASEReadCounter.table","NW_015090842.1:10233465",11,23,12
"LOC106888094","s329_S_TNA_03_ASEReadCounter.table","NW_015090842.1:10233803",15,31,16
"LOC106888094","s329_S_TNA_03_ASEReadCounter.table","NW_015090842.1:10233815",13,27,14
"LOC106888094","s329_S_TNA_03_ASEReadCounter.table","NW_015090842.1:10235484",1,4,3
"LOC106888094","s329_S_TNA_03_ASEReadCounter.table","NW_015090842.1:10235611",4,6,2
"LOC106888094","s329_S_TNA_03_ASEReadCounter.table","NW_015090842.1:10236098",0,1,1
"LOC106888094","s329_S_TNA_03_ASEReadCounter.table","NW_015090842.1:10236380",0,1,1
"LOC106888094","s329_S_TNA_03_ASEReadCounter.table","NW_015090842.1:10236388",0,1,1
"LOC106888094","s329_S_TNA_03_ASEReadCounter.table","NW_015090842.1:10236425",0,1,1
"LOC106888094","s329_S_TNA_03_ASEReadCounter.table","NW_015090842.1:10236426",0,1,1
"LOC106888094","s329_S_TNA_03_ASEReadCounter.table","NW_015090842.1:10236603",0,1,1
"LOC106888173","s329_S_TNA_03_ASEReadCounter.table","NW_015090842.1:10239596",2,7,5
"LOC106888173","s329_S_TNA_03_ASEReadCounter.table","NW_015090842.1:10240036",6,14,8
"LOC106888173","s329_S_TNA_03_ASEReadCounter.table","NW_015090842.1:10240095",5,15,10
"LOC106888173","s329_S_TNA_03_ASEReadCounter.table","NW_015090842.1:10240280",3,14,11
"LOC106888173","s329_S_TNA_03_ASEReadCounter.table","NW_015090842.1:10240557",3,23,20
"LOC106888173","s329_S_TNA_03_ASEReadCounter.table","NW_015090842.1:10240603",6,23,17
"LOC106888173","s329_S_TNA_03_ASEReadCounter.table","NW_015090842.1:10240609",5,23,18
"LOC106888173","s329_S_TNA_03_ASEReadCounter.table","NW_015090842.1:10240924",4,17,13
"LOC106888173","s329_S_TNA_03_ASEReadCounter.table","NW_015090842.1:10241037",3,18,15
"LOC106888173","s329_S_TNA_03_ASEReadCounter.table","NW_015090842.1:10241046",6,23,17
"LOC106888173","s329_S_TNA_03_ASEReadCounter.table","NW_015090842.1:10241058",6,21,15
"LOC106888173","s329_S_TNA_03_ASEReadCounter.table","NW_015090842.1:10241064",7,22,15
"LOC106888173","s329_S_TNA_03_ASEReadCounter.table","NW_015090842.1:10241163",6,20,14
"LOC106888173","s329_S_TNA_03_ASEReadCounter.table","NW_015090842.1:10241803",10,30,20
"LOC106888173","s329_S_TNA_03_ASEReadCounter.table","NW_015090842.1:10241827",7,27,20
"LOC106888173","s329_S_TNA_03_ASEReadCounter.table","NW_015090842.1:10241869",5,23,18
"LOC106888173","s329_S_TNA_03_ASEReadCounter.table","NW_015090842.1:10242079",4,31,27
"LOC106888173","s329_S_TNA_03_ASEReadCounter.table","NW_015090842.1:10242103",4,27,23
"LOC106888173","s329_S_TNA_03_ASEReadCounter.table","NW_015090842.1:10242157",6,28,22
"LOC106888173","s329_S_TNA_03_ASEReadCounter.table","NW_015090842.1:10242455",6,29,23
"LOC106888173","s329_S_TNA_03_ASEReadCounter.table","NW_015090842.1:10242481",5,32,27
"LOC106888173","s329_S_TNA_03_ASEReadCounter.table","NW_015090842.1:10242590",3,24,21
"LOC106888173","s329_S_TNA_03_ASEReadCounter.table","NW_015090842.1:10242794",5,23,18
"LOC106888173","s329_S_TNA_03_ASEReadCounter.table","NW_015090842.1:10242909",4,23,19
"LOC106888173","s329_S_TNA_03_ASEReadCounter.table","NW_015090842.1:10243094",7,19,12
"LOC106888173","s329_S_TNA_03_ASEReadCounter.table","NW_015090842.1:10243133",6,16,10
"LOC106888173","s329_S_TNA_03_ASEReadCounter.table","NW_015090842.1:10243273",6,33,27
"LOC106888173","s329_S_TNA_03_ASEReadCounter.table","NW_015090842.1:10243278",6,34,28
"LOC106888173","s329_S_TNA_03_ASEReadCounter.table","NW_015090842.1:10243281",5,34,29
"LOC106888173","s329_S_TNA_03_ASEReadCounter.table","NW_015090842.1:10243347",18,18,0
"LOC106888173","s329_S_TNA_03_ASEReadCounter.table","NW_015090842.1:10243353",4,14,10
"LOC106888173","s329_S_TNA_03_ASEReadCounter.table","NW_015090842.1:10243363",4,11,7
"LOC106888173","s329_S_TNA_03_ASEReadCounter.table","NW_015090842.1:10243365",4,10,6
"LOC106888173","s329_S_TNA_03_ASEReadCounter.table","NW_015090842.1:10243529",6,19,13
"LOC106888173","s329_S_TNA_03_ASEReadCounter.table","NW_015090842.1:10243566",7,32,25
"LOC106888173","s329_S_TNA_03_ASEReadCounter.table","NW_015090842.1:10243605",7,33,26
"LOC106888173","s329_S_TNA_03_ASEReadCounter.table","NW_015090842.1:10243614",6,31,25
"LOC106888173","s329_S_TNA_03_ASEReadCounter.table","NW_015090842.1:10243615",6,32,26
"LOC106888173","s329_S_TNA_03_ASEReadCounter.table","NW_015090842.1:10243640",4,24,20
"LOC106888173","s329_S_TNA_03_ASEReadCounter.table","NW_015090842.1:10243680",4,18,14
"LOC106888173","s329_S_TNA_03_ASEReadCounter.table","NW_015090842.1:10243742",6,18,12
"LOC106888173","s329_S_TNA_03_ASEReadCounter.table","NW_015090842.1:10243804",6,15,9
"LOC106888173","s329_S_TNA_03_ASEReadCounter.table","NW_015090842.1:10243913",1,8,7
"LOC106888173","s329_S_TNA_03_ASEReadCounter.table","NW_015090842.1:10243921",1,8,7
"LOC106888384","s329_S_TNA_03_ASEReadCounter.table","NW_015090842.1:10244998",1,1,0
"LOC106888384","s329_S_TNA_03_ASEReadCounter.table","NW_015090842.1:10250743",1,1,0
"LOC106888384","s329_S_TNA_03_ASEReadCounter.table","NW_015090842.1:10250771",1,1,0
"LOC106888384","s329_S_TNA_03_ASEReadCounter.table","NW_015090842.1:10251354",0,2,2
"LOC106888384","s329_S_TNA_03_ASEReadCounter.table","NW_015090842.1:10251358",0,2,2
"LOC106888384","s329_S_TNA_03_ASEReadCounter.table","NW_015090842.1:10251369",0,2,2
"LOC106888384","s329_S_TNA_03_ASEReadCounter.table","NW_015090842.1:10251370",0,2,2
"LOC106888384","s329_S_TNA_03_ASEReadCounter.table","NW_015090842.1:10251375",0,2,2
"LOC106888384","s329_S_TNA_03_ASEReadCounter.table","NW_015090842.1:10251388",0,2,2
"LOC106888384","s329_S_TNA_03_ASEReadCounter.table","NW_015090842.1:10251390",0,2,2
"LOC106888384","s329_S_TNA_03_ASEReadCounter.table","NW_015090842.1:10251393",0,2,2
"LOC106888384","s329_S_TNA_03_ASEReadCounter.table","NW_015090842.1:10251399",0,2,2
"LOC106888384","s329_S_TNA_03_ASEReadCounter.table","NW_015090842.1:10251492",1,1,0
"LOC106888384","s329_S_TNA_03_ASEReadCounter.table","NW_015090842.1:10255771",1,2,1
"TANGO6","s329_S_TNA_03_ASEReadCounter.table","NW_015090842.1:10257782",9,10,1
"TANGO6","s329_S_TNA_03_ASEReadCounter.table","NW_015090842.1:10258162",8,14,6
"TANGO6","s329_S_TNA_03_ASEReadCounter.table","NW_015090842.1:10258185",11,17,6
"TANGO6","s329_S_TNA_03_ASEReadCounter.table","NW_015090842.1:10259267",17,22,5
"TANGO6","s329_S_TNA_03_ASEReadCounter.table","NW_015090842.1:10260250",40,61,21
"TANGO6","s329_S_TNA_03_ASEReadCounter.table","NW_015090842.1:10260979",32,46,14
"TANGO6","s329_S_TNA_03_ASEReadCounter.table","NW_015090842.1:10261599",31,44,13
"TANGO6","s329_S_TNA_03_ASEReadCounter.table","NW_015090842.1:10268425",61,84,23
"TANGO6","s329_S_TNA_03_ASEReadCounter.table","NW_015090842.1:10269831",38,63,25
"TANGO6","s329_S_TNA_03_ASEReadCounter.table","NW_015090842.1:10270813",31,53,22
"TANGO6","s329_S_TNA_03_ASEReadCounter.table","NW_015090842.1:10273952",23,33,10
"TANGO6","s329_S_TNA_03_ASEReadCounter.table","NW_015090842.1:10273970",26,38,12
"TANGO6","s329_S_TNA_03_ASEReadCounter.table","NW_015090842.1:10274018",23,36,13
"TANGO6","s329_S_TNA_03_ASEReadCounter.table","NW_015090842.1:10275974",29,44,15
"TANGO6","s329_S_TNA_03_ASEReadCounter.table","NW_015090842.1:10275976",29,44,15
"TANGO6","s329_S_TNA_03_ASEReadCounter.table","NW_015090842.1:10276123",34,45,11
"TANGO6","s329_S_TNA_03_ASEReadCounter.table","NW_015090842.1:10276271",25,42,17
"TANGO6","s329_S_TNA_03_ASEReadCounter.table","NW_015090842.1:10276272",24,42,18
"TANGO6","s329_S_TNA_03_ASEReadCounter.table","NW_015090842.1:10276275",29,47,18
"TANGO6","s329_S_TNA_03_ASEReadCounter.table","NW_015090842.1:10276278",29,48,19
"TANGO6","s329_S_TNA_03_ASEReadCounter.table","NW_015090842.1:10276368",20,28,8
"TANGO6","s329_S_TNA_03_ASEReadCounter.table","NW_015090842.1:10276373",20,27,7
"TANGO6","s329_S_TNA_03_ASEReadCounter.table","NW_015090842.1:10276630",30,46,16
"TANGO6","s329_S_TNA_03_ASEReadCounter.table","NW_015090842.1:10281498",24,37,13
"TANGO6","s329_S_TNA_03_ASEReadCounter.table","NW_015090842.1:10282842",39,52,13
"TANGO6","s329_S_TNA_03_ASEReadCounter.table","NW_015090842.1:10282863",36,44,8
"TANGO6","s329_S_TNA_03_ASEReadCounter.table","NW_015090842.1:10282869",38,45,7
"TANGO6","s329_S_TNA_03_ASEReadCounter.table","NW_015090842.1:10282903",32,44,12
"TANGO6","s329_S_TNA_03_ASEReadCounter.table","NW_015090842.1:10283757",34,53,19
"TANGO6","s329_S_TNA_03_ASEReadCounter.table","NW_015090842.1:10283785",41,61,20
"HAS3","s329_S_TNA_03_ASEReadCounter.table","NW_015090842.1:10288093",1,1,0
"HAS3","s329_S_TNA_03_ASEReadCounter.table","NW_015090842.1:10288266",1,2,1
"HAS3","s329_S_TNA_03_ASEReadCounter.table","NW_015090842.1:10288274",1,2,1
"HAS3","s329_S_TNA_03_ASEReadCounter.table","NW_015090842.1:10288364",0,4,4
"HAS3","s329_S_TNA_03_ASEReadCounter.table","NW_015090842.1:10288405",0,4,4
"HAS3","s329_S_TNA_03_ASEReadCounter.table","NW_015090842.1:10289469",1,3,2
"HAS3","s329_S_TNA_03_ASEReadCounter.table","NW_015090842.1:10289708",0,1,1
"HAS3","s329_S_TNA_03_ASEReadCounter.table","NW_015090842.1:10290375",2,4,2
"HAS3","s329_S_TNA_03_ASEReadCounter.table","NW_015090842.1:10290395",2,4,2
"HAS3","s329_S_TNA_03_ASEReadCounter.table","NW_015090842.1:10290561",3,6,3
"HAS3","s329_S_TNA_03_ASEReadCounter.table","NW_015090842.1:10290609",5,9,4
"HAS3","s329_S_TNA_03_ASEReadCounter.table","NW_015090842.1:10290666",5,7,2
"HAS3","s329_S_TNA_03_ASEReadCounter.table","NW_015090842.1:10290723",1,2,1
"HAS3","s329_S_TNA_03_ASEReadCounter.table","NW_015090842.1:10290927",4,6,2
"HAS3","s329_S_TNA_03_ASEReadCounter.table","NW_015090842.1:10291004",1,3,2
"CHTF8","s329_S_TNA_03_ASEReadCounter.table","NW_015090842.1:10291319",2,5,3
"CHTF8","s329_S_TNA_03_ASEReadCounter.table","NW_015090842.1:10291342",3,4,1
"CHTF8","s329_S_TNA_03_ASEReadCounter.table","NW_015090842.1:10291491",6,12,6
"CHTF8","s329_S_TNA_03_ASEReadCounter.table","NW_015090842.1:10291520",4,12,8
"CHTF8","s329_S_TNA_03_ASEReadCounter.table","NW_015090842.1:10291593",3,13,10
"CHTF8","s329_S_TNA_03_ASEReadCounter.table","NW_015090842.1:10291600",4,13,9
"CHTF8","s329_S_TNA_03_ASEReadCounter.table","NW_015090842.1:10291609",5,12,7
"CHTF8","s329_S_TNA_03_ASEReadCounter.table","NW_015090842.1:10291639",6,14,8
"CHTF8","s329_S_TNA_03_ASEReadCounter.table","NW_015090842.1:10291641",4,12,8
"CHTF8","s329_S_TNA_03_ASEReadCounter.table","NW_015090842.1:10291648",7,16,9
"CHTF8","s329_S_TNA_03_ASEReadCounter.table","NW_015090842.1:10291656",8,17,9
"CHTF8","s329_S_TNA_03_ASEReadCounter.table","NW_015090842.1:10291675",7,17,10
"CHTF8","s329_S_TNA_03_ASEReadCounter.table","NW_015090842.1:10291696",4,15,11
"CHTF8","s329_S_TNA_03_ASEReadCounter.table","NW_015090842.1:10291714",4,14,10
"CHTF8","s329_S_TNA_03_ASEReadCounter.table","NW_015090842.1:10291732",5,15,10
"CHTF8","s329_S_TNA_03_ASEReadCounter.table","NW_015090842.1:10291755",4,13,9
"CHTF8","s329_S_TNA_03_ASEReadCounter.table","NW_015090842.1:10291756",4,13,9
"CHTF8","s329_S_TNA_03_ASEReadCounter.table","NW_015090842.1:10291758",3,11,8
"CHTF8","s329_S_TNA_03_ASEReadCounter.table","NW_015090842.1:10291792",5,11,6
"CHTF8","s329_S_TNA_03_ASEReadCounter.table","NW_015090842.1:10291895",5,8,3
"CHTF8","s329_S_TNA_03_ASEReadCounter.table","NW_015090842.1:10292132",7,11,4
"CHTF8","s329_S_TNA_03_ASEReadCounter.table","NW_015090842.1:10292314",5,13,8
"CHTF8","s329_S_TNA_03_ASEReadCounter.table","NW_015090842.1:10292317",5,13,8
"CHTF8","s329_S_TNA_03_ASEReadCounter.table","NW_015090842.1:10292928",1,3,2
"UTP4","s329_S_TNA_03_ASEReadCounter.table","NW_015090842.1:10293146",14,37,23
"UTP4","s329_S_TNA_03_ASEReadCounter.table","NW_015090842.1:10293151",14,36,22
"UTP4","s329_S_TNA_03_ASEReadCounter.table","NW_015090842.1:10293191",12,26,14
"UTP4","s329_S_TNA_03_ASEReadCounter.table","NW_015090842.1:10293362",16,36,20
"UTP4","s329_S_TNA_03_ASEReadCounter.table","NW_015090842.1:10293430",15,35,20
"UTP4","s329_S_TNA_03_ASEReadCounter.table","NW_015090842.1:10293625",8,22,14
"UTP4","s329_S_TNA_03_ASEReadCounter.table","NW_015090842.1:10293684",12,34,22
"UTP4","s329_S_TNA_03_ASEReadCounter.table","NW_015090842.1:10294093",14,28,14
"UTP4","s329_S_TNA_03_ASEReadCounter.table","NW_015090842.1:10294568",17,42,25
"UTP4","s329_S_TNA_03_ASEReadCounter.table","NW_015090842.1:10294622",12,32,20
"UTP4","s329_S_TNA_03_ASEReadCounter.table","NW_015090842.1:10294632",14,33,19
"UTP4","s329_S_TNA_03_ASEReadCounter.table","NW_015090842.1:10295238",15,39,24
"UTP4","s329_S_TNA_03_ASEReadCounter.table","NW_015090842.1:10295880",14,49,35
"UTP4","s329_S_TNA_03_ASEReadCounter.table","NW_015090842.1:10295884",14,49,35
"UTP4","s329_S_TNA_03_ASEReadCounter.table","NW_015090842.1:10295903",13,44,31
"UTP4","s329_S_TNA_03_ASEReadCounter.table","NW_015090842.1:10295906",14,50,36
"UTP4","s329_S_TNA_03_ASEReadCounter.table","NW_015090842.1:10295915",19,57,38
"UTP4","s329_S_TNA_03_ASEReadCounter.table","NW_015090842.1:10295938",20,53,33
"UTP4","s329_S_TNA_03_ASEReadCounter.table","NW_015090842.1:10296175",28,50,22
"UTP4","s329_S_TNA_03_ASEReadCounter.table","NW_015090842.1:10296660",27,59,32
"UTP4","s329_S_TNA_03_ASEReadCounter.table","NW_015090842.1:10296679",30,56,26
"UTP4","s329_S_TNA_03_ASEReadCounter.table","NW_015090842.1:10297193",24,58,34
"UTP4","s329_S_TNA_03_ASEReadCounter.table","NW_015090842.1:10297220",30,68,38
"UTP4","s329_S_TNA_03_ASEReadCounter.table","NW_015090842.1:10297307",35,87,52
"UTP4","s329_S_TNA_03_ASEReadCounter.table","NW_015090842.1:10297558",35,82,47
"UTP4","s329_S_TNA_03_ASEReadCounter.table","NW_015090842.1:10297943",29,64,35
"UTP4","s329_S_TNA_03_ASEReadCounter.table","NW_015090842.1:10297979",29,56,27
"UTP4","s329_S_TNA_03_ASEReadCounter.table","NW_015090842.1:10298022",20,37,17
"UTP4","s329_S_TNA_03_ASEReadCounter.table","NW_015090842.1:10298079",2,13,11
"UTP4","s329_S_TNA_03_ASEReadCounter.table","NW_015090842.1:10298081",2,11,9
"UTP4","s329_S_TNA_03_ASEReadCounter.table","NW_015090842.1:10298082",1,11,10
"SNTB2","s329_S_TNA_03_ASEReadCounter.table","NW_015090842.1:10298905",1,2,1
"SNTB2","s329_S_TNA_03_ASEReadCounter.table","NW_015090842.1:10298928",1,2,1
"SNTB2","s329_S_TNA_03_ASEReadCounter.table","NW_015090842.1:10303506",3,10,7
"SNTB2","s329_S_TNA_03_ASEReadCounter.table","NW_015090842.1:10303524",2,11,9
"SNTB2","s329_S_TNA_03_ASEReadCounter.table","NW_015090842.1:10304059",6,12,6
"SNTB2","s329_S_TNA_03_ASEReadCounter.table","NW_015090842.1:10304089",7,14,7
"SNTB2","s329_S_TNA_03_ASEReadCounter.table","NW_015090842.1:10304167",4,6,2
"SNTB2","s329_S_TNA_03_ASEReadCounter.table","NW_015090842.1:10304176",4,7,3
"SNTB2","s329_S_TNA_03_ASEReadCounter.table","NW_015090842.1:10305069",3,9,6
"SNTB2","s329_S_TNA_03_ASEReadCounter.table","NW_015090842.1:10305099",8,16,8
"SNTB2","s329_S_TNA_03_ASEReadCounter.table","NW_015090842.1:10305451",4,12,8
"SNTB2","s329_S_TNA_03_ASEReadCounter.table","NW_015090842.1:10305547",3,8,5
"SNTB2","s329_S_TNA_03_ASEReadCounter.table","NW_015090842.1:10305847",7,16,9
"SNTB2","s329_S_TNA_03_ASEReadCounter.table","NW_015090842.1:10305911",3,10,7
"SNTB2","s329_S_TNA_03_ASEReadCounter.table","NW_015090842.1:10306173",6,19,13
"SNTB2","s329_S_TNA_03_ASEReadCounter.table","NW_015090842.1:10306275",4,8,4
"SNTB2","s329_S_TNA_03_ASEReadCounter.table","NW_015090842.1:10306457",3,17,14
"SNTB2","s329_S_TNA_03_ASEReadCounter.table","NW_015090842.1:10306496",6,20,14
"SNTB2","s329_S_TNA_03_ASEReadCounter.table","NW_015090842.1:10306499",6,17,11
"VPS4A","s329_S_TNA_03_ASEReadCounter.table","NW_015090842.1:10308566",116,225,109
"VPS4A","s329_S_TNA_03_ASEReadCounter.table","NW_015090842.1:10308573",125,240,115
"VPS4A","s329_S_TNA_03_ASEReadCounter.table","NW_015090842.1:10308856",163,345,182
"VPS4A","s329_S_TNA_03_ASEReadCounter.table","NW_015090842.1:10309056",202,408,206
"VPS4A","s329_S_TNA_03_ASEReadCounter.table","NW_015090842.1:10309089",231,445,214
"VPS4A","s329_S_TNA_03_ASEReadCounter.table","NW_015090842.1:10309392",244,419,175
"VPS4A","s329_S_TNA_03_ASEReadCounter.table","NW_015090842.1:10309413",246,428,182
"VPS4A","s329_S_TNA_03_ASEReadCounter.table","NW_015090842.1:10309467",256,488,232
"VPS4A","s329_S_TNA_03_ASEReadCounter.table","NW_015090842.1:10310230",254,493,239
"VPS4A","s329_S_TNA_03_ASEReadCounter.table","NW_015090842.1:10310425",217,430,213
"VPS4A","s329_S_TNA_03_ASEReadCounter.table","NW_015090842.1:10310639",230,472,242
"VPS4A","s329_S_TNA_03_ASEReadCounter.table","NW_015090842.1:10310640",465,465,0
"VPS4A","s329_S_TNA_03_ASEReadCounter.table","NW_015090842.1:10310687",238,487,249
"VPS4A","s329_S_TNA_03_ASEReadCounter.table","NW_015090842.1:10310734",215,423,208
"VPS4A","s329_S_TNA_03_ASEReadCounter.table","NW_015090842.1:10310737",221,434,213
"VPS4A","s329_S_TNA_03_ASEReadCounter.table","NW_015090842.1:10310746",226,445,219
"VPS4A","s329_S_TNA_03_ASEReadCounter.table","NW_015090842.1:10310767",230,453,223
"VPS4A","s329_S_TNA_03_ASEReadCounter.table","NW_015090842.1:10310995",232,448,216
"VPS4A","s329_S_TNA_03_ASEReadCounter.table","NW_015090842.1:10311004",235,436,201
"VPS4A","s329_S_TNA_03_ASEReadCounter.table","NW_015090842.1:10311007",233,439,206
"VPS4A","s329_S_TNA_03_ASEReadCounter.table","NW_015090842.1:10311013",239,449,210
"VPS4A","s329_S_TNA_03_ASEReadCounter.table","NW_015090842.1:10311022",229,436,207
"VPS4A","s329_S_TNA_03_ASEReadCounter.table","NW_015090842.1:10311023",233,435,202
"VPS4A","s329_S_TNA_03_ASEReadCounter.table","NW_015090842.1:10311426",218,454,236
"VPS4A","s329_S_TNA_03_ASEReadCounter.table","NW_015090842.1:10311489",6,16,10
"VPS4A","s329_S_TNA_03_ASEReadCounter.table","NW_015090842.1:10311490",6,13,7
"VPS4A","s329_S_TNA_03_ASEReadCounter.table","NW_015090842.1:10311525",10,27,17
"VPS4A","s329_S_TNA_03_ASEReadCounter.table","NW_015090842.1:10311529",10,39,29
"VPS4A","s329_S_TNA_03_ASEReadCounter.table","NW_015090842.1:10311530",10,39,29
"VPS4A","s329_S_TNA_03_ASEReadCounter.table","NW_015090842.1:10311552",25,62,37
"VPS4A","s329_S_TNA_03_ASEReadCounter.table","NW_015090842.1:10311689",16,53,37
"VPS4A","s329_S_TNA_03_ASEReadCounter.table","NW_015090842.1:10311700",32,71,39
"VPS4A","s329_S_TNA_03_ASEReadCounter.table","NW_015090842.1:10311701",32,74,42
"VPS4A","s329_S_TNA_03_ASEReadCounter.table","NW_015090842.1:10311703",33,75,42
"COG8","s329_S_TNA_03_ASEReadCounter.table","NW_015090842.1:10313487",27,55,28
"COG8","s329_S_TNA_03_ASEReadCounter.table","NW_015090842.1:10313559",37,70,33
"COG8","s329_S_TNA_03_ASEReadCounter.table","NW_015090842.1:10313579",39,71,32
"COG8","s329_S_TNA_03_ASEReadCounter.table","NW_015090842.1:10313665",23,39,16
"COG8","s329_S_TNA_03_ASEReadCounter.table","NW_015090842.1:10313681",26,48,22
"COG8","s329_S_TNA_03_ASEReadCounter.table","NW_015090842.1:10313768",30,61,31
"COG8","s329_S_TNA_03_ASEReadCounter.table","NW_015090842.1:10313775",28,60,32
"COG8","s329_S_TNA_03_ASEReadCounter.table","NW_015090842.1:10313811",22,49,27
"COG8","s329_S_TNA_03_ASEReadCounter.table","NW_015090842.1:10313858",22,45,23
"COG8","s329_S_TNA_03_ASEReadCounter.table","NW_015090842.1:10313859",22,45,23
"COG8","s329_S_TNA_03_ASEReadCounter.table","NW_015090842.1:10314100",23,57,34
"COG8","s329_S_TNA_03_ASEReadCounter.table","NW_015090842.1:10314213",28,61,33
"COG8","s329_S_TNA_03_ASEReadCounter.table","NW_015090842.1:10315093",27,49,22
"COG8","s329_S_TNA_03_ASEReadCounter.table","NW_015090842.1:10315162",29,58,29
"COG8","s329_S_TNA_03_ASEReadCounter.table","NW_015090842.1:10315285",43,78,35
"COG8","s329_S_TNA_03_ASEReadCounter.table","NW_015090842.1:10315360",22,39,17
"COG8","s329_S_TNA_03_ASEReadCounter.table","NW_015090842.1:10315369",22,41,19
"COG8","s329_S_TNA_03_ASEReadCounter.table","NW_015090842.1:10315508",14,23,9
"COG8","s329_S_TNA_03_ASEReadCounter.table","NW_015090842.1:10315624",20,43,23
"COG8","s329_S_TNA_03_ASEReadCounter.table","NW_015090842.1:10315693",16,39,23
"COG8","s329_S_TNA_03_ASEReadCounter.table","NW_015090842.1:10315698",16,39,23
"COG8","s329_S_TNA_03_ASEReadCounter.table","NW_015090842.1:10315768",17,33,16
"COG8","s329_S_TNA_03_ASEReadCounter.table","NW_015090842.1:10315769",17,33,16
"COG8","s329_S_TNA_03_ASEReadCounter.table","NW_015090842.1:10315784",16,28,12
"COG8","s329_S_TNA_03_ASEReadCounter.table","NW_015090842.1:10316093",11,30,19
"COG8","s329_S_TNA_03_ASEReadCounter.table","NW_015090842.1:10316133",10,31,21
"NIP7","s329_S_TNA_03_ASEReadCounter.table","NW_015090842.1:10316759",14,39,25
"NIP7","s329_S_TNA_03_ASEReadCounter.table","NW_015090842.1:10316967",112,239,127
"NIP7","s329_S_TNA_03_ASEReadCounter.table","NW_015090842.1:10316995",148,275,127
"NIP7","s329_S_TNA_03_ASEReadCounter.table","NW_015090842.1:10317240",203,406,203
"NIP7","s329_S_TNA_03_ASEReadCounter.table","NW_015090842.1:10317247",197,388,191
"NIP7","s329_S_TNA_03_ASEReadCounter.table","NW_015090842.1:10317264",180,362,182
"NIP7","s329_S_TNA_03_ASEReadCounter.table","NW_015090842.1:10317433",195,471,276
"NIP7","s329_S_TNA_03_ASEReadCounter.table","NW_015090842.1:10317738",155,394,239
"NIP7","s329_S_TNA_03_ASEReadCounter.table","NW_015090842.1:10317769",158,371,213
"NIP7","s329_S_TNA_03_ASEReadCounter.table","NW_015090842.1:10317808",103,242,139
"NIP7","s329_S_TNA_03_ASEReadCounter.table","NW_015090842.1:10317870",52,157,105
"NIP7","s329_S_TNA_03_ASEReadCounter.table","NW_015090842.1:10317871",53,151,98
"NIP7","s329_S_TNA_03_ASEReadCounter.table","NW_015090842.1:10317898",34,98,64
"NIP7","s329_S_TNA_03_ASEReadCounter.table","NW_015090842.1:10317911",30,86,56
"TMED6","s329_S_TNA_03_ASEReadCounter.table","NW_015090842.1:10318731",0,1,1
"TERF2","s329_S_TNA_03_ASEReadCounter.table","NW_015090842.1:10321768",24,58,34
"TERF2","s329_S_TNA_03_ASEReadCounter.table","NW_015090842.1:10321777",24,58,34
"TERF2","s329_S_TNA_03_ASEReadCounter.table","NW_015090842.1:10321805",21,61,40
"TERF2","s329_S_TNA_03_ASEReadCounter.table","NW_015090842.1:10321878",37,80,43
"TERF2","s329_S_TNA_03_ASEReadCounter.table","NW_015090842.1:10321893",37,72,35
"TERF2","s329_S_TNA_03_ASEReadCounter.table","NW_015090842.1:10321897",35,67,32
"TERF2","s329_S_TNA_03_ASEReadCounter.table","NW_015090842.1:10321908",31,65,34
"TERF2","s329_S_TNA_03_ASEReadCounter.table","NW_015090842.1:10322001",43,102,59
"TERF2","s329_S_TNA_03_ASEReadCounter.table","NW_015090842.1:10322035",33,80,47
"TERF2","s329_S_TNA_03_ASEReadCounter.table","NW_015090842.1:10322051",40,95,55
"TERF2","s329_S_TNA_03_ASEReadCounter.table","NW_015090842.1:10322137",38,74,36
"TERF2","s329_S_TNA_03_ASEReadCounter.table","NW_015090842.1:10322144",42,76,34
"TERF2","s329_S_TNA_03_ASEReadCounter.table","NW_015090842.1:10322388",28,87,59
"TERF2","s329_S_TNA_03_ASEReadCounter.table","NW_015090842.1:10322396",29,81,52
"TERF2","s329_S_TNA_03_ASEReadCounter.table","NW_015090842.1:10322502",48,101,53
"TERF2","s329_S_TNA_03_ASEReadCounter.table","NW_015090842.1:10322504",47,97,50
"TERF2","s329_S_TNA_03_ASEReadCounter.table","NW_015090842.1:10322510",46,98,52
"TERF2","s329_S_TNA_03_ASEReadCounter.table","NW_015090842.1:10323580",37,74,37
"TERF2","s329_S_TNA_03_ASEReadCounter.table","NW_015090842.1:10324314",29,68,39
"TERF2","s329_S_TNA_03_ASEReadCounter.table","NW_015090842.1:10326832",29,56,27
"TERF2","s329_S_TNA_03_ASEReadCounter.table","NW_015090842.1:10327787",14,39,25
"TERF2","s329_S_TNA_03_ASEReadCounter.table","NW_015090842.1:10328588",22,45,23
"TERF2","s329_S_TNA_03_ASEReadCounter.table","NW_015090842.1:10328644",17,45,28
"TERF2","s329_S_TNA_03_ASEReadCounter.table","NW_015090842.1:10329813",11,25,14
"TERF2","s329_S_TNA_03_ASEReadCounter.table","NW_015090842.1:10330749",18,37,19
"TERF2","s329_S_TNA_03_ASEReadCounter.table","NW_015090842.1:10330789",21,44,23
"CYB5B","s329_S_TNA_03_ASEReadCounter.table","NW_015090842.1:10336595",5,10,5
"CYB5B","s329_S_TNA_03_ASEReadCounter.table","NW_015090842.1:10336667",58,112,54
"CYB5B","s329_S_TNA_03_ASEReadCounter.table","NW_015090842.1:10336689",89,172,83
"CYB5B","s329_S_TNA_03_ASEReadCounter.table","NW_015090842.1:10336728",127,248,121
"CYB5B","s329_S_TNA_03_ASEReadCounter.table","NW_015090842.1:10345068",116,246,130
"CYB5B","s329_S_TNA_03_ASEReadCounter.table","NW_015090842.1:10348800",183,347,164
"CYB5B","s329_S_TNA_03_ASEReadCounter.table","NW_015090842.1:10349046",173,294,121
"CYB5B","s329_S_TNA_03_ASEReadCounter.table","NW_015090842.1:10349119",81,210,129
"CYB5B","s329_S_TNA_03_ASEReadCounter.table","NW_015090842.1:10349146",38,169,131
"CYB5B","s329_S_TNA_03_ASEReadCounter.table","NW_015090842.1:10349157",78,203,125
"CYB5B","s329_S_TNA_03_ASEReadCounter.table","NW_015090842.1:10349263",99,228,129
