"gene","id","snp","ref_count","total_count","alt_count"
"CENPN","s329_S_RAP_03_ASEReadCounter.table","NW_015090842.1:5801618",2,2,0
"CENPN","s329_S_RAP_03_ASEReadCounter.table","NW_015090842.1:5801623",2,2,0
"CENPN","s329_S_RAP_03_ASEReadCounter.table","NW_015090842.1:5801631",2,2,0
"CENPN","s329_S_RAP_03_ASEReadCounter.table","NW_015090842.1:5801632",2,2,0
"CENPN","s329_S_RAP_03_ASEReadCounter.table","NW_015090842.1:5801655",2,3,1
"CENPN","s329_S_RAP_03_ASEReadCounter.table","NW_015090842.1:5801670",3,5,2
"CENPN","s329_S_RAP_03_ASEReadCounter.table","NW_015090842.1:5801674",3,5,2
"CENPN","s329_S_RAP_03_ASEReadCounter.table","NW_015090842.1:5801692",3,5,2
"CENPN","s329_S_RAP_03_ASEReadCounter.table","NW_015090842.1:5802008",0,9,9
"CENPN","s329_S_RAP_03_ASEReadCounter.table","NW_015090842.1:5802012",0,7,7
"CENPN","s329_S_RAP_03_ASEReadCounter.table","NW_015090842.1:5802087",0,7,7
"CENPN","s329_S_RAP_03_ASEReadCounter.table","NW_015090842.1:5810113",9,9,0
"CENPN","s329_S_RAP_03_ASEReadCounter.table","NW_015090842.1:5810147",12,12,0
"CENPN","s329_S_RAP_03_ASEReadCounter.table","NW_015090842.1:5810148",11,11,0
"ATMIN","s329_S_RAP_03_ASEReadCounter.table","NW_015090842.1:5818789",2,6,4
"ATMIN","s329_S_RAP_03_ASEReadCounter.table","NW_015090842.1:5819958",2,8,6
"ATMIN","s329_S_RAP_03_ASEReadCounter.table","NW_015090842.1:5820004",2,6,4
"ATMIN","s329_S_RAP_03_ASEReadCounter.table","NW_015090842.1:5820217",2,3,1
"ATMIN","s329_S_RAP_03_ASEReadCounter.table","NW_015090842.1:5820250",3,5,2
"ATMIN","s329_S_RAP_03_ASEReadCounter.table","NW_015090842.1:5820298",4,7,3
"ATMIN","s329_S_RAP_03_ASEReadCounter.table","NW_015090842.1:5820417",5,7,2
"ATMIN","s329_S_RAP_03_ASEReadCounter.table","NW_015090842.1:5820421",3,5,2
"ATMIN","s329_S_RAP_03_ASEReadCounter.table","NW_015090842.1:5820448",3,7,4
"ATMIN","s329_S_RAP_03_ASEReadCounter.table","NW_015090842.1:5820457",3,7,4
"ATMIN","s329_S_RAP_03_ASEReadCounter.table","NW_015090842.1:5820510",4,7,3
"ATMIN","s329_S_RAP_03_ASEReadCounter.table","NW_015090842.1:5820673",3,7,4
"ATMIN","s329_S_RAP_03_ASEReadCounter.table","NW_015090842.1:5820754",5,7,2
"ATMIN","s329_S_RAP_03_ASEReadCounter.table","NW_015090842.1:5820820",7,14,7
"ATMIN","s329_S_RAP_03_ASEReadCounter.table","NW_015090842.1:5820865",4,13,9
"ATMIN","s329_S_RAP_03_ASEReadCounter.table","NW_015090842.1:5820889",7,15,8
"ATMIN","s329_S_RAP_03_ASEReadCounter.table","NW_015090842.1:5820891",7,16,9
"ATMIN","s329_S_RAP_03_ASEReadCounter.table","NW_015090842.1:5820997",8,13,5
"ATMIN","s329_S_RAP_03_ASEReadCounter.table","NW_015090842.1:5821063",10,16,6
"ATMIN","s329_S_RAP_03_ASEReadCounter.table","NW_015090842.1:5821132",9,14,5
"ATMIN","s329_S_RAP_03_ASEReadCounter.table","NW_015090842.1:5821645",7,13,6
"ATMIN","s329_S_RAP_03_ASEReadCounter.table","NW_015090842.1:5825066",13,23,10
"ATMIN","s329_S_RAP_03_ASEReadCounter.table","NW_015090842.1:5825106",12,28,16
"ATMIN","s329_S_RAP_03_ASEReadCounter.table","NW_015090842.1:5825122",12,29,17
"ATMIN","s329_S_RAP_03_ASEReadCounter.table","NW_015090842.1:5825178",13,35,22
"ATMIN","s329_S_RAP_03_ASEReadCounter.table","NW_015090842.1:5825194",13,32,19
"ATMIN","s329_S_RAP_03_ASEReadCounter.table","NW_015090842.1:5825195",13,33,20
"ATMIN","s329_S_RAP_03_ASEReadCounter.table","NW_015090842.1:5825220",12,29,17
"ATMIN","s329_S_RAP_03_ASEReadCounter.table","NW_015090842.1:5825240",16,30,14
"ATMIN","s329_S_RAP_03_ASEReadCounter.table","NW_015090842.1:5825303",16,35,19
"ATMIN","s329_S_RAP_03_ASEReadCounter.table","NW_015090842.1:5825304",17,38,21
"ATMIN","s329_S_RAP_03_ASEReadCounter.table","NW_015090842.1:5825310",19,40,21
"ATMIN","s329_S_RAP_03_ASEReadCounter.table","NW_015090842.1:5825406",15,33,18
"ATMIN","s329_S_RAP_03_ASEReadCounter.table","NW_015090842.1:5825415",16,37,21
"ATMIN","s329_S_RAP_03_ASEReadCounter.table","NW_015090842.1:5825438",19,37,18
"ATMIN","s329_S_RAP_03_ASEReadCounter.table","NW_015090842.1:5825485",18,32,14
"ATMIN","s329_S_RAP_03_ASEReadCounter.table","NW_015090842.1:5825524",19,34,15
"ATMIN","s329_S_RAP_03_ASEReadCounter.table","NW_015090842.1:5825557",19,34,15
"ATMIN","s329_S_RAP_03_ASEReadCounter.table","NW_015090842.1:5825571",22,39,17
"ATMIN","s329_S_RAP_03_ASEReadCounter.table","NW_015090842.1:5825579",22,39,17
"ATMIN","s329_S_RAP_03_ASEReadCounter.table","NW_015090842.1:5825590",23,37,14
"ATMIN","s329_S_RAP_03_ASEReadCounter.table","NW_015090842.1:5825689",27,49,22
"ATMIN","s329_S_RAP_03_ASEReadCounter.table","NW_015090842.1:5825703",32,54,22
"ATMIN","s329_S_RAP_03_ASEReadCounter.table","NW_015090842.1:5825787",23,36,13
"ATMIN","s329_S_RAP_03_ASEReadCounter.table","NW_015090842.1:5825833",21,42,21
"ATMIN","s329_S_RAP_03_ASEReadCounter.table","NW_015090842.1:5825841",18,40,22
"ATMIN","s329_S_RAP_03_ASEReadCounter.table","NW_015090842.1:5825895",25,49,24
"ATMIN","s329_S_RAP_03_ASEReadCounter.table","NW_015090842.1:5825984",27,48,21
"ATMIN","s329_S_RAP_03_ASEReadCounter.table","NW_015090842.1:5826162",24,46,22
"ATMIN","s329_S_RAP_03_ASEReadCounter.table","NW_015090842.1:5826194",26,50,24
"ATMIN","s329_S_RAP_03_ASEReadCounter.table","NW_015090842.1:5826235",26,52,26
"ATMIN","s329_S_RAP_03_ASEReadCounter.table","NW_015090842.1:5826245",30,57,27
"ATMIN","s329_S_RAP_03_ASEReadCounter.table","NW_015090842.1:5826335",19,41,22
"ATMIN","s329_S_RAP_03_ASEReadCounter.table","NW_015090842.1:5826417",27,51,24
"ATMIN","s329_S_RAP_03_ASEReadCounter.table","NW_015090842.1:5826431",26,64,38
"ATMIN","s329_S_RAP_03_ASEReadCounter.table","NW_015090842.1:5826438",29,59,30
"ATMIN","s329_S_RAP_03_ASEReadCounter.table","NW_015090842.1:5826463",34,67,33
"ATMIN","s329_S_RAP_03_ASEReadCounter.table","NW_015090842.1:5826502",35,65,30
"ATMIN","s329_S_RAP_03_ASEReadCounter.table","NW_015090842.1:5826511",33,65,32
"ATMIN","s329_S_RAP_03_ASEReadCounter.table","NW_015090842.1:5826659",27,54,27
"ATMIN","s329_S_RAP_03_ASEReadCounter.table","NW_015090842.1:5826701",34,62,28
"ATMIN","s329_S_RAP_03_ASEReadCounter.table","NW_015090842.1:5826702",34,62,28
"ATMIN","s329_S_RAP_03_ASEReadCounter.table","NW_015090842.1:5826732",36,65,29
"ATMIN","s329_S_RAP_03_ASEReadCounter.table","NW_015090842.1:5826745",38,69,31
"ATMIN","s329_S_RAP_03_ASEReadCounter.table","NW_015090842.1:5826835",39,71,32
"ATMIN","s329_S_RAP_03_ASEReadCounter.table","NW_015090842.1:5826910",31,59,28
"ATMIN","s329_S_RAP_03_ASEReadCounter.table","NW_015090842.1:5826942",22,54,32
"ATMIN","s329_S_RAP_03_ASEReadCounter.table","NW_015090842.1:5827193",40,90,50
"ATMIN","s329_S_RAP_03_ASEReadCounter.table","NW_015090842.1:5827196",35,86,51
"ATMIN","s329_S_RAP_03_ASEReadCounter.table","NW_015090842.1:5827269",42,93,51
"ATMIN","s329_S_RAP_03_ASEReadCounter.table","NW_015090842.1:5827315",35,69,34
"ATMIN","s329_S_RAP_03_ASEReadCounter.table","NW_015090842.1:5827316",35,72,37
"ATMIN","s329_S_RAP_03_ASEReadCounter.table","NW_015090842.1:5827333",34,68,34
"PPP1R3E","s329_S_RAP_03_ASEReadCounter.table","NW_015090842.1:5837733",6,9,3
"PPP1R3E","s329_S_RAP_03_ASEReadCounter.table","NW_015090842.1:5837947",2,5,3
"PKD1L2","s329_S_RAP_03_ASEReadCounter.table","NW_015090842.1:5867597",4,4,0
"PKD1L2","s329_S_RAP_03_ASEReadCounter.table","NW_015090842.1:5867600",4,4,0
"PKD1L2","s329_S_RAP_03_ASEReadCounter.table","NW_015090842.1:5867660",2,2,0
"PKD1L2","s329_S_RAP_03_ASEReadCounter.table","NW_015090842.1:5867675",2,2,0
"PKD1L2","s329_S_RAP_03_ASEReadCounter.table","NW_015090842.1:5867788",2,3,1
"PKD1L2","s329_S_RAP_03_ASEReadCounter.table","NW_015090842.1:5867843",4,5,1
"BCO1","s329_S_RAP_03_ASEReadCounter.table","NW_015090842.1:5915610",0,3,3
"BCO1","s329_S_RAP_03_ASEReadCounter.table","NW_015090842.1:5915646",1,2,1
"BCO1","s329_S_RAP_03_ASEReadCounter.table","NW_015090842.1:5917836",1,2,1
"BCO1","s329_S_RAP_03_ASEReadCounter.table","NW_015090842.1:5917912",2,5,3
"BCO1","s329_S_RAP_03_ASEReadCounter.table","NW_015090842.1:5917941",3,7,4
"BCO1","s329_S_RAP_03_ASEReadCounter.table","NW_015090842.1:5917971",5,9,4
"BCO1","s329_S_RAP_03_ASEReadCounter.table","NW_015090842.1:5921679",4,7,3
"BCO1","s329_S_RAP_03_ASEReadCounter.table","NW_015090842.1:5921726",7,10,3
"BCO1","s329_S_RAP_03_ASEReadCounter.table","NW_015090842.1:5925669",6,8,2
"BCO1","s329_S_RAP_03_ASEReadCounter.table","NW_015090842.1:5925753",5,8,3
"BCO1","s329_S_RAP_03_ASEReadCounter.table","NW_015090842.1:5926937",5,10,5
"BCO1","s329_S_RAP_03_ASEReadCounter.table","NW_015090842.1:5927921",6,9,3
"BCO1","s329_S_RAP_03_ASEReadCounter.table","NW_015090842.1:5927948",9,12,3
"BCO1","s329_S_RAP_03_ASEReadCounter.table","NW_015090842.1:5927968",13,16,3
"BCO1","s329_S_RAP_03_ASEReadCounter.table","NW_015090842.1:5928052",11,14,3
"BCO1","s329_S_RAP_03_ASEReadCounter.table","NW_015090842.1:5932726",15,24,9
"BCO1","s329_S_RAP_03_ASEReadCounter.table","NW_015090842.1:5932801",4,11,7
"BCO1","s329_S_RAP_03_ASEReadCounter.table","NW_015090842.1:5934558",17,22,5
"BCO1","s329_S_RAP_03_ASEReadCounter.table","NW_015090842.1:5934575",19,24,5
"BCO1","s329_S_RAP_03_ASEReadCounter.table","NW_015090842.1:5934608",20,25,5
"BCO1","s329_S_RAP_03_ASEReadCounter.table","NW_015090842.1:5934647",21,27,6
"BCO1","s329_S_RAP_03_ASEReadCounter.table","NW_015090842.1:5934725",14,21,7
"BCO1","s329_S_RAP_03_ASEReadCounter.table","NW_015090842.1:5934726",14,21,7
"BCO1","s329_S_RAP_03_ASEReadCounter.table","NW_015090842.1:5934733",14,21,7
"BCO1","s329_S_RAP_03_ASEReadCounter.table","NW_015090842.1:5934821",9,13,4
"BCO1","s329_S_RAP_03_ASEReadCounter.table","NW_015090842.1:5934826",8,12,4
"BCO1","s329_S_RAP_03_ASEReadCounter.table","NW_015090842.1:5934844",4,6,2
"BCO1","s329_S_RAP_03_ASEReadCounter.table","NW_015090842.1:5934958",8,12,4
"BCO1","s329_S_RAP_03_ASEReadCounter.table","NW_015090842.1:5934976",9,13,4
"GAN","s329_S_RAP_03_ASEReadCounter.table","NW_015090842.1:5953759",9,21,12
"GAN","s329_S_RAP_03_ASEReadCounter.table","NW_015090842.1:5957502",15,32,17
"GAN","s329_S_RAP_03_ASEReadCounter.table","NW_015090842.1:5957578",20,33,13
"GAN","s329_S_RAP_03_ASEReadCounter.table","NW_015090842.1:5965028",14,28,14
"GAN","s329_S_RAP_03_ASEReadCounter.table","NW_015090842.1:5966047",16,41,25
"GAN","s329_S_RAP_03_ASEReadCounter.table","NW_015090842.1:5966126",10,35,25
"GAN","s329_S_RAP_03_ASEReadCounter.table","NW_015090842.1:5966127",10,35,25
"GAN","s329_S_RAP_03_ASEReadCounter.table","NW_015090842.1:5966162",23,50,27
"GAN","s329_S_RAP_03_ASEReadCounter.table","NW_015090842.1:5966483",34,65,31
"CMIP","s329_S_RAP_03_ASEReadCounter.table","NW_015090842.1:6109159",24,40,16
"CMIP","s329_S_RAP_03_ASEReadCounter.table","NW_015090842.1:6109166",21,33,12
"CMIP","s329_S_RAP_03_ASEReadCounter.table","NW_015090842.1:6114641",38,72,34
"CMIP","s329_S_RAP_03_ASEReadCounter.table","NW_015090842.1:6114751",21,51,30
"CMIP","s329_S_RAP_03_ASEReadCounter.table","NW_015090842.1:6114824",19,50,31
"CMIP","s329_S_RAP_03_ASEReadCounter.table","NW_015090842.1:6128998",45,83,38
"CMIP","s329_S_RAP_03_ASEReadCounter.table","NW_015090842.1:6130562",78,136,58
"CMIP","s329_S_RAP_03_ASEReadCounter.table","NW_015090842.1:6132522",50,99,49
"CMIP","s329_S_RAP_03_ASEReadCounter.table","NW_015090842.1:6134088",44,105,61
"CMIP","s329_S_RAP_03_ASEReadCounter.table","NW_015090842.1:6138265",77,193,116
"CMIP","s329_S_RAP_03_ASEReadCounter.table","NW_015090842.1:6138300",80,194,114
"CMIP","s329_S_RAP_03_ASEReadCounter.table","NW_015090842.1:6138342",68,161,93
"CMIP","s329_S_RAP_03_ASEReadCounter.table","NW_015090842.1:6138343",68,164,96
"CMIP","s329_S_RAP_03_ASEReadCounter.table","NW_015090842.1:6138345",68,164,96
"CMIP","s329_S_RAP_03_ASEReadCounter.table","NW_015090842.1:6138647",64,115,51
"CMIP","s329_S_RAP_03_ASEReadCounter.table","NW_015090842.1:6138745",84,152,68
"CMIP","s329_S_RAP_03_ASEReadCounter.table","NW_015090842.1:6138832",12,53,41
"CMIP","s329_S_RAP_03_ASEReadCounter.table","NW_015090842.1:6138967",72,150,78
"CMIP","s329_S_RAP_03_ASEReadCounter.table","NW_015090842.1:6139131",52,101,49
"CMIP","s329_S_RAP_03_ASEReadCounter.table","NW_015090842.1:6139163",26,79,53
"CMIP","s329_S_RAP_03_ASEReadCounter.table","NW_015090842.1:6139360",41,65,24
"CMIP","s329_S_RAP_03_ASEReadCounter.table","NW_015090842.1:6139572",22,37,15
"CMIP","s329_S_RAP_03_ASEReadCounter.table","NW_015090842.1:6139773",66,66,0
"PLCG2","s329_S_RAP_03_ASEReadCounter.table","NW_015090842.1:6179613",2,5,3
"PLCG2","s329_S_RAP_03_ASEReadCounter.table","NW_015090842.1:6179658",5,8,3
"PLCG2","s329_S_RAP_03_ASEReadCounter.table","NW_015090842.1:6203766",0,3,3
"PLCG2","s329_S_RAP_03_ASEReadCounter.table","NW_015090842.1:6203775",0,3,3
"PLCG2","s329_S_RAP_03_ASEReadCounter.table","NW_015090842.1:6203787",0,3,3
"PLCG2","s329_S_RAP_03_ASEReadCounter.table","NW_015090842.1:6205047",2,6,4
"PLCG2","s329_S_RAP_03_ASEReadCounter.table","NW_015090842.1:6208541",0,5,5
"PLCG2","s329_S_RAP_03_ASEReadCounter.table","NW_015090842.1:6209741",0,2,2
"PLCG2","s329_S_RAP_03_ASEReadCounter.table","NW_015090842.1:6209798",3,8,5
"PLCG2","s329_S_RAP_03_ASEReadCounter.table","NW_015090842.1:6209816",3,7,4
"PLCG2","s329_S_RAP_03_ASEReadCounter.table","NW_015090842.1:6217547",5,15,10
"PLCG2","s329_S_RAP_03_ASEReadCounter.table","NW_015090842.1:6218641",2,9,7
"PLCG2","s329_S_RAP_03_ASEReadCounter.table","NW_015090842.1:6220552",2,8,6
"PLCG2","s329_S_RAP_03_ASEReadCounter.table","NW_015090842.1:6221969",1,4,3
"PLCG2","s329_S_RAP_03_ASEReadCounter.table","NW_015090842.1:6228672",1,8,7
"PLCG2","s329_S_RAP_03_ASEReadCounter.table","NW_015090842.1:6228694",1,9,8
"PLCG2","s329_S_RAP_03_ASEReadCounter.table","NW_015090842.1:6228722",1,12,11
"PLCG2","s329_S_RAP_03_ASEReadCounter.table","NW_015090842.1:6228747",0,11,11
"PLCG2","s329_S_RAP_03_ASEReadCounter.table","NW_015090842.1:6228835",1,13,12
"PLCG2","s329_S_RAP_03_ASEReadCounter.table","NW_015090842.1:6228841",1,13,12
"PLCG2","s329_S_RAP_03_ASEReadCounter.table","NW_015090842.1:6228865",0,13,13
"PLCG2","s329_S_RAP_03_ASEReadCounter.table","NW_015090842.1:6228917",2,17,15
"PLCG2","s329_S_RAP_03_ASEReadCounter.table","NW_015090842.1:6228926",2,18,16
"PLCG2","s329_S_RAP_03_ASEReadCounter.table","NW_015090842.1:6228954",2,16,14
"PLCG2","s329_S_RAP_03_ASEReadCounter.table","NW_015090842.1:6229002",3,19,16
"PLCG2","s329_S_RAP_03_ASEReadCounter.table","NW_015090842.1:6229006",3,18,15
"PLCG2","s329_S_RAP_03_ASEReadCounter.table","NW_015090842.1:6229081",1,7,6
"PLCG2","s329_S_RAP_03_ASEReadCounter.table","NW_015090842.1:6229097",0,5,5
"PLCG2","s329_S_RAP_03_ASEReadCounter.table","NW_015090842.1:6229160",1,6,5
"PLCG2","s329_S_RAP_03_ASEReadCounter.table","NW_015090842.1:6229213",1,5,4
"PLCG2","s329_S_RAP_03_ASEReadCounter.table","NW_015090842.1:6229231",1,7,6
"PLCG2","s329_S_RAP_03_ASEReadCounter.table","NW_015090842.1:6229663",1,8,7
"PLCG2","s329_S_RAP_03_ASEReadCounter.table","NW_015090842.1:6229748",1,5,4
"PLCG2","s329_S_RAP_03_ASEReadCounter.table","NW_015090842.1:6229892",1,6,5
"PLCG2","s329_S_RAP_03_ASEReadCounter.table","NW_015090842.1:6230248",8,9,1
"PLCG2","s329_S_RAP_03_ASEReadCounter.table","NW_015090842.1:6230255",7,8,1
"PLCG2","s329_S_RAP_03_ASEReadCounter.table","NW_015090842.1:6230296",2,3,1
"PLCG2","s329_S_RAP_03_ASEReadCounter.table","NW_015090842.1:6230349",3,7,4
"PLCG2","s329_S_RAP_03_ASEReadCounter.table","NW_015090842.1:6230381",4,10,6
"PLCG2","s329_S_RAP_03_ASEReadCounter.table","NW_015090842.1:6230408",6,13,7
"PLCG2","s329_S_RAP_03_ASEReadCounter.table","NW_015090842.1:6230439",3,9,6
"PLCG2","s329_S_RAP_03_ASEReadCounter.table","NW_015090842.1:6230898",5,7,2
"PLCG2","s329_S_RAP_03_ASEReadCounter.table","NW_015090842.1:6230976",3,4,1
"PLCG2","s329_S_RAP_03_ASEReadCounter.table","NW_015090842.1:6231078",4,6,2
"PLCG2","s329_S_RAP_03_ASEReadCounter.table","NW_015090842.1:6231138",2,4,2
"PLCG2","s329_S_RAP_03_ASEReadCounter.table","NW_015090842.1:6231177",2,4,2
"PLCG2","s329_S_RAP_03_ASEReadCounter.table","NW_015090842.1:6231263",2,4,2
"PLCG2","s329_S_RAP_03_ASEReadCounter.table","NW_015090842.1:6231309",2,4,2
"SDR42E1","s329_S_RAP_03_ASEReadCounter.table","NW_015090842.1:6235292",0,3,3
"SDR42E1","s329_S_RAP_03_ASEReadCounter.table","NW_015090842.1:6235315",0,8,8
"SDR42E1","s329_S_RAP_03_ASEReadCounter.table","NW_015090842.1:6235348",3,17,14
"SDR42E1","s329_S_RAP_03_ASEReadCounter.table","NW_015090842.1:6235355",2,17,15
"SDR42E1","s329_S_RAP_03_ASEReadCounter.table","NW_015090842.1:6235417",3,13,10
"SDR42E1","s329_S_RAP_03_ASEReadCounter.table","NW_015090842.1:6235526",11,18,7
"SDR42E1","s329_S_RAP_03_ASEReadCounter.table","NW_015090842.1:6235558",6,17,11
"SDR42E1","s329_S_RAP_03_ASEReadCounter.table","NW_015090842.1:6235603",13,14,1
"SDR42E1","s329_S_RAP_03_ASEReadCounter.table","NW_015090842.1:6235741",7,14,7
"SDR42E1","s329_S_RAP_03_ASEReadCounter.table","NW_015090842.1:6235777",8,17,9
"SDR42E1","s329_S_RAP_03_ASEReadCounter.table","NW_015090842.1:6235806",7,22,15
"SDR42E1","s329_S_RAP_03_ASEReadCounter.table","NW_015090842.1:6235809",8,22,14
"SDR42E1","s329_S_RAP_03_ASEReadCounter.table","NW_015090842.1:6235816",8,22,14
"SDR42E1","s329_S_RAP_03_ASEReadCounter.table","NW_015090842.1:6235914",3,12,9
"SDR42E1","s329_S_RAP_03_ASEReadCounter.table","NW_015090842.1:6235935",3,13,10
"SDR42E1","s329_S_RAP_03_ASEReadCounter.table","NW_015090842.1:6235957",2,14,12
"SDR42E1","s329_S_RAP_03_ASEReadCounter.table","NW_015090842.1:6236040",4,16,12
"SDR42E1","s329_S_RAP_03_ASEReadCounter.table","NW_015090842.1:6236260",3,11,8
"SDR42E1","s329_S_RAP_03_ASEReadCounter.table","NW_015090842.1:6236281",2,10,8
"SDR42E1","s329_S_RAP_03_ASEReadCounter.table","NW_015090842.1:6236305",2,12,10
"SDR42E1","s329_S_RAP_03_ASEReadCounter.table","NW_015090842.1:6236458",1,14,13
"SDR42E1","s329_S_RAP_03_ASEReadCounter.table","NW_015090842.1:6236476",2,15,13
"SDR42E1","s329_S_RAP_03_ASEReadCounter.table","NW_015090842.1:6236608",1,12,11
"SDR42E1","s329_S_RAP_03_ASEReadCounter.table","NW_015090842.1:6238244",2,8,6
"SDR42E1","s329_S_RAP_03_ASEReadCounter.table","NW_015090842.1:6238829",1,4,3
"HSD17B2","s329_S_RAP_03_ASEReadCounter.table","NW_015090842.1:6266125",0,1,1
"HSD17B2","s329_S_RAP_03_ASEReadCounter.table","NW_015090842.1:6267674",0,1,1
"ARY2","s329_S_RAP_03_ASEReadCounter.table","NW_015090842.1:6303922",22,29,7
"ARY2","s329_S_RAP_03_ASEReadCounter.table","NW_015090842.1:6303954",24,29,5
"ARY2","s329_S_RAP_03_ASEReadCounter.table","NW_015090842.1:6303979",23,28,5
"ARY2","s329_S_RAP_03_ASEReadCounter.table","NW_015090842.1:6305848",22,27,5
"ARY2","s329_S_RAP_03_ASEReadCounter.table","NW_015090842.1:6305856",21,26,5
"ARY2","s329_S_RAP_03_ASEReadCounter.table","NW_015090842.1:6305857",21,26,5
"ARY2","s329_S_RAP_03_ASEReadCounter.table","NW_015090842.1:6306017",25,30,5
"ARY2","s329_S_RAP_03_ASEReadCounter.table","NW_015090842.1:6306052",23,30,7
"ARY2","s329_S_RAP_03_ASEReadCounter.table","NW_015090842.1:6306094",26,33,7
"ARY2","s329_S_RAP_03_ASEReadCounter.table","NW_015090842.1:6306100",27,35,8
"ARY2","s329_S_RAP_03_ASEReadCounter.table","NW_015090842.1:6306146",22,30,8
"ARY2","s329_S_RAP_03_ASEReadCounter.table","NW_015090842.1:6306147",21,29,8
"ARY2","s329_S_RAP_03_ASEReadCounter.table","NW_015090842.1:6306390",22,31,9
"ARY2","s329_S_RAP_03_ASEReadCounter.table","NW_015090842.1:6306567",21,30,9
"ARY2","s329_S_RAP_03_ASEReadCounter.table","NW_015090842.1:6306705",13,20,7
"ARY2","s329_S_RAP_03_ASEReadCounter.table","NW_015090842.1:6306713",7,21,14
"ARY2","s329_S_RAP_03_ASEReadCounter.table","NW_015090842.1:6306773",16,25,9
"ARY2","s329_S_RAP_03_ASEReadCounter.table","NW_015090842.1:6307039",20,25,5
"ARY2","s329_S_RAP_03_ASEReadCounter.table","NW_015090842.1:6307043",21,27,6
"ARY2","s329_S_RAP_03_ASEReadCounter.table","NW_015090842.1:6307093",26,36,10
"ARY2","s329_S_RAP_03_ASEReadCounter.table","NW_015090842.1:6307138",27,37,10
"ARY2","s329_S_RAP_03_ASEReadCounter.table","NW_015090842.1:6307157",24,33,9
"ARY2","s329_S_RAP_03_ASEReadCounter.table","NW_015090842.1:6307187",27,37,10
"ARY2","s329_S_RAP_03_ASEReadCounter.table","NW_015090842.1:6307278",24,33,9
"ARY2","s329_S_RAP_03_ASEReadCounter.table","NW_015090842.1:6307305",33,40,7
"ARY2","s329_S_RAP_03_ASEReadCounter.table","NW_015090842.1:6307318",30,37,7
"ARY2","s329_S_RAP_03_ASEReadCounter.table","NW_015090842.1:6307429",32,38,6
"ARY2","s329_S_RAP_03_ASEReadCounter.table","NW_015090842.1:6307487",29,38,9
"ARY2","s329_S_RAP_03_ASEReadCounter.table","NW_015090842.1:6307670",25,28,3
"ARYL","s329_S_RAP_03_ASEReadCounter.table","NW_015090842.1:6313360",3,6,3
"ARYL","s329_S_RAP_03_ASEReadCounter.table","NW_015090842.1:6313377",2,3,1
"ARYL","s329_S_RAP_03_ASEReadCounter.table","NW_015090842.1:6313767",3,4,1
"ARY1","s329_S_RAP_03_ASEReadCounter.table","NW_015090842.1:6313909",1,8,7
"ARY1","s329_S_RAP_03_ASEReadCounter.table","NW_015090842.1:6314296",8,11,3
"ARY1","s329_S_RAP_03_ASEReadCounter.table","NW_015090842.1:6314541",10,12,2
"ARY1","s329_S_RAP_03_ASEReadCounter.table","NW_015090842.1:6314597",10,12,2
"ARY1","s329_S_RAP_03_ASEReadCounter.table","NW_015090842.1:6314750",6,12,6
"ARY1","s329_S_RAP_03_ASEReadCounter.table","NW_015090842.1:6314794",6,13,7
"ARY1","s329_S_RAP_03_ASEReadCounter.table","NW_015090842.1:6314827",7,13,6
"ARY1","s329_S_RAP_03_ASEReadCounter.table","NW_015090842.1:6314843",9,18,9
"ARY1","s329_S_RAP_03_ASEReadCounter.table","NW_015090842.1:6314859",8,17,9
"ARY1","s329_S_RAP_03_ASEReadCounter.table","NW_015090842.1:6314886",8,17,9
"ARY1","s329_S_RAP_03_ASEReadCounter.table","NW_015090842.1:6314943",7,11,4
"ARY1","s329_S_RAP_03_ASEReadCounter.table","NW_015090842.1:6314949",10,10,0
"ARY1","s329_S_RAP_03_ASEReadCounter.table","NW_015090842.1:6315022",5,11,6
"ARY1","s329_S_RAP_03_ASEReadCounter.table","NW_015090842.1:6315026",5,12,7
"ARY1","s329_S_RAP_03_ASEReadCounter.table","NW_015090842.1:6315043",5,12,7
"ARY1","s329_S_RAP_03_ASEReadCounter.table","NW_015090842.1:6315065",6,12,6
"ARY1","s329_S_RAP_03_ASEReadCounter.table","NW_015090842.1:6315409",6,11,5
"ARY1","s329_S_RAP_03_ASEReadCounter.table","NW_015090842.1:6315479",7,12,5
"ARY1","s329_S_RAP_03_ASEReadCounter.table","NW_015090842.1:6318342",8,15,7
"ARY1","s329_S_RAP_03_ASEReadCounter.table","NW_015090842.1:6318427",9,15,6
"ARY1","s329_S_RAP_03_ASEReadCounter.table","NW_015090842.1:6318603",15,20,5
"ARY1","s329_S_RAP_03_ASEReadCounter.table","NW_015090842.1:6318708",11,18,7
"ARY1","s329_S_RAP_03_ASEReadCounter.table","NW_015090842.1:6318858",24,30,6
"ARY1","s329_S_RAP_03_ASEReadCounter.table","NW_015090842.1:6318952",24,32,8
"MPHOSPH6","s329_S_RAP_03_ASEReadCounter.table","NW_015090842.1:6324063",34,86,52
"MPHOSPH6","s329_S_RAP_03_ASEReadCounter.table","NW_015090842.1:6324174",66,152,86
"MPHOSPH6","s329_S_RAP_03_ASEReadCounter.table","NW_015090842.1:6324270",92,211,119
"MPHOSPH6","s329_S_RAP_03_ASEReadCounter.table","NW_015090842.1:6324762",79,175,96
"MPHOSPH6","s329_S_RAP_03_ASEReadCounter.table","NW_015090842.1:6324772",81,170,89
"MPHOSPH6","s329_S_RAP_03_ASEReadCounter.table","NW_015090842.1:6324780",80,168,88
"MPHOSPH6","s329_S_RAP_03_ASEReadCounter.table","NW_015090842.1:6324902",82,163,81
"MPHOSPH6","s329_S_RAP_03_ASEReadCounter.table","NW_015090842.1:6324910",78,163,85
"MPHOSPH6","s329_S_RAP_03_ASEReadCounter.table","NW_015090842.1:6325066",73,137,64
"MPHOSPH6","s329_S_RAP_03_ASEReadCounter.table","NW_015090842.1:6325089",85,159,74
"MPHOSPH6","s329_S_RAP_03_ASEReadCounter.table","NW_015090842.1:6325298",84,209,125
"MPHOSPH6","s329_S_RAP_03_ASEReadCounter.table","NW_015090842.1:6325877",78,183,105
"MPHOSPH6","s329_S_RAP_03_ASEReadCounter.table","NW_015090842.1:6326976",50,119,69
"CDH13","s329_S_RAP_03_ASEReadCounter.table","NW_015090842.1:6662283",12,24,12
"CDH13","s329_S_RAP_03_ASEReadCounter.table","NW_015090842.1:6693665",17,32,15
"CDH13","s329_S_RAP_03_ASEReadCounter.table","NW_015090842.1:6693697",20,34,14
"CDH13","s329_S_RAP_03_ASEReadCounter.table","NW_015090842.1:6693712",16,30,14
"CDH13","s329_S_RAP_03_ASEReadCounter.table","NW_015090842.1:6693723",13,27,14
"CDH13","s329_S_RAP_03_ASEReadCounter.table","NW_015090842.1:6693738",0,25,25
"CDH13","s329_S_RAP_03_ASEReadCounter.table","NW_015090842.1:6823730",19,38,19
"CDH13","s329_S_RAP_03_ASEReadCounter.table","NW_015090842.1:6889713",17,32,15
"CDH13","s329_S_RAP_03_ASEReadCounter.table","NW_015090842.1:6955167",36,83,47
"MLYCD","s329_S_RAP_03_ASEReadCounter.table","NW_015090842.1:7150054",50,92,42
"MLYCD","s329_S_RAP_03_ASEReadCounter.table","NW_015090842.1:7150131",83,152,69
"MLYCD","s329_S_RAP_03_ASEReadCounter.table","NW_015090842.1:7150585",52,117,65
"MLYCD","s329_S_RAP_03_ASEReadCounter.table","NW_015090842.1:7150686",43,83,40
"MLYCD","s329_S_RAP_03_ASEReadCounter.table","NW_015090842.1:7150696",44,86,42
"MLYCD","s329_S_RAP_03_ASEReadCounter.table","NW_015090842.1:7150698",86,86,0
"MLYCD","s329_S_RAP_03_ASEReadCounter.table","NW_015090842.1:7150869",36,92,56
"MLYCD","s329_S_RAP_03_ASEReadCounter.table","NW_015090842.1:7151100",44,96,52
"MLYCD","s329_S_RAP_03_ASEReadCounter.table","NW_015090842.1:7151127",45,91,46
"MLYCD","s329_S_RAP_03_ASEReadCounter.table","NW_015090842.1:7157538",28,56,28
"MLYCD","s329_S_RAP_03_ASEReadCounter.table","NW_015090842.1:7167662",20,36,16
"MLYCD","s329_S_RAP_03_ASEReadCounter.table","NW_015090842.1:7167675",16,34,18
"MLYCD","s329_S_RAP_03_ASEReadCounter.table","NW_015090842.1:7167710",12,34,22
"MLYCD","s329_S_RAP_03_ASEReadCounter.table","NW_015090842.1:7167781",9,23,14
"MLYCD","s329_S_RAP_03_ASEReadCounter.table","NW_015090842.1:7167803",5,14,9
"MLYCD","s329_S_RAP_03_ASEReadCounter.table","NW_015090842.1:7167812",4,14,10
"MLYCD","s329_S_RAP_03_ASEReadCounter.table","NW_015090842.1:7167845",9,25,16
"MLYCD","s329_S_RAP_03_ASEReadCounter.table","NW_015090842.1:7167862",11,27,16
"MLYCD","s329_S_RAP_03_ASEReadCounter.table","NW_015090842.1:7167929",12,23,11
"MLYCD","s329_S_RAP_03_ASEReadCounter.table","NW_015090842.1:7167995",11,20,9
"MLYCD","s329_S_RAP_03_ASEReadCounter.table","NW_015090842.1:7168005",9,18,9
"MLYCD","s329_S_RAP_03_ASEReadCounter.table","NW_015090842.1:7168037",7,16,9
"HSBP1","s329_S_RAP_03_ASEReadCounter.table","NW_015090842.1:7245192",278,495,217
"HSBP1","s329_S_RAP_03_ASEReadCounter.table","NW_015090842.1:7245226",310,561,251
"HSBP1","s329_S_RAP_03_ASEReadCounter.table","NW_015090842.1:7245257",257,464,207
"HSBP1","s329_S_RAP_03_ASEReadCounter.table","NW_015090842.1:7245296",237,452,215
"HSBP1","s329_S_RAP_03_ASEReadCounter.table","NW_015090842.1:7245389",366,622,256
"HSBP1","s329_S_RAP_03_ASEReadCounter.table","NW_015090842.1:7245400",364,597,233
"HSBP1","s329_S_RAP_03_ASEReadCounter.table","NW_015090842.1:7245445",350,618,268
"HSBP1","s329_S_RAP_03_ASEReadCounter.table","NW_015090842.1:7245495",342,578,236
"HSBP1","s329_S_RAP_03_ASEReadCounter.table","NW_015090842.1:7245515",386,644,258
"HSBP1","s329_S_RAP_03_ASEReadCounter.table","NW_015090842.1:7245733",182,348,166
"HSBP1","s329_S_RAP_03_ASEReadCounter.table","NW_015090842.1:7245771",215,359,144
"HSBP1","s329_S_RAP_03_ASEReadCounter.table","NW_015090842.1:7245813",215,365,150
"HSBP1","s329_S_RAP_03_ASEReadCounter.table","NW_015090842.1:7245926",246,415,169
"HSBP1","s329_S_RAP_03_ASEReadCounter.table","NW_015090842.1:7245927",247,415,168
"HSBP1","s329_S_RAP_03_ASEReadCounter.table","NW_015090842.1:7245933",245,404,159
"HSBP1","s329_S_RAP_03_ASEReadCounter.table","NW_015090842.1:7246002",174,325,151
"HSBP1","s329_S_RAP_03_ASEReadCounter.table","NW_015090842.1:7246094",240,403,163
"HSBP1","s329_S_RAP_03_ASEReadCounter.table","NW_015090842.1:7246167",245,395,150
"HSBP1","s329_S_RAP_03_ASEReadCounter.table","NW_015090842.1:7246183",215,355,140
"HSBP1","s329_S_RAP_03_ASEReadCounter.table","NW_015090842.1:7247285",27,33,6
"HSBP1","s329_S_RAP_03_ASEReadCounter.table","NW_015090842.1:7247651",313,615,302
"HSBP1","s329_S_RAP_03_ASEReadCounter.table","NW_015090842.1:7247657",315,627,312
"HSBP1","s329_S_RAP_03_ASEReadCounter.table","NW_015090842.1:7248520",212,415,203
"HSBP1","s329_S_RAP_03_ASEReadCounter.table","NW_015090842.1:7248535",173,341,168
"KCNG4","s329_S_RAP_03_ASEReadCounter.table","NW_015090842.1:7282481",5,11,6
"KCNG4","s329_S_RAP_03_ASEReadCounter.table","NW_015090842.1:7282500",5,10,5
"KCNG4","s329_S_RAP_03_ASEReadCounter.table","NW_015090842.1:7282542",4,9,5
"KCNG4","s329_S_RAP_03_ASEReadCounter.table","NW_015090842.1:7282579",4,10,6
"KCNG4","s329_S_RAP_03_ASEReadCounter.table","NW_015090842.1:7282630",3,7,4
"KCNG4","s329_S_RAP_03_ASEReadCounter.table","NW_015090842.1:7282760",1,8,7
"KCNG4","s329_S_RAP_03_ASEReadCounter.table","NW_015090842.1:7283056",3,7,4
"KCNG4","s329_S_RAP_03_ASEReadCounter.table","NW_015090842.1:7283245",2,4,2
"KCNG4","s329_S_RAP_03_ASEReadCounter.table","NW_015090842.1:7299491",3,5,2
"KCNG4","s329_S_RAP_03_ASEReadCounter.table","NW_015090842.1:7301195",3,3,0
"KCNG4","s329_S_RAP_03_ASEReadCounter.table","NW_015090842.1:7301227",1,1,0
"KCNG4","s329_S_RAP_03_ASEReadCounter.table","NW_015090842.1:7301240",1,1,0
"KCNG4","s329_S_RAP_03_ASEReadCounter.table","NW_015090842.1:7301413",1,2,1
"WFDC1","s329_S_RAP_03_ASEReadCounter.table","NW_015090842.1:7366517",2,2,0
"ATP2C2","s329_S_RAP_03_ASEReadCounter.table","NW_015090842.1:7413747",3,10,7
"TLDC1","s329_S_RAP_03_ASEReadCounter.table","NW_015090842.1:7421997",29,64,35
"COTL1","s329_S_RAP_03_ASEReadCounter.table","NW_015090842.1:7490707",518,1012,494
"COTL1","s329_S_RAP_03_ASEReadCounter.table","NW_015090842.1:7490708",516,1016,500
"COTL1","s329_S_RAP_03_ASEReadCounter.table","NW_015090842.1:7490711",528,1026,498
"COTL1","s329_S_RAP_03_ASEReadCounter.table","NW_015090842.1:7490739",513,996,483
"COTL1","s329_S_RAP_03_ASEReadCounter.table","NW_015090842.1:7490785",533,1009,476
"COTL1","s329_S_RAP_03_ASEReadCounter.table","NW_015090842.1:7490820",62,616,554
"COTL1","s329_S_RAP_03_ASEReadCounter.table","NW_015090842.1:7490846",552,1044,492
"COTL1","s329_S_RAP_03_ASEReadCounter.table","NW_015090842.1:7505571",0,1,1
"KLHL36","s329_S_RAP_03_ASEReadCounter.table","NW_015090842.1:7526337",39,39,0
"KLHL36","s329_S_RAP_03_ASEReadCounter.table","NW_015090842.1:7537681",51,116,65
"USP10","s329_S_RAP_03_ASEReadCounter.table","NW_015090842.1:7572213",41,81,40
"USP10","s329_S_RAP_03_ASEReadCounter.table","NW_015090842.1:7572358",75,75,0
"CRISPLD2","s329_S_RAP_03_ASEReadCounter.table","NW_015090842.1:7619796",2,3,1
"CRISPLD2","s329_S_RAP_03_ASEReadCounter.table","NW_015090842.1:7630779",4,4,0
"CRISPLD2","s329_S_RAP_03_ASEReadCounter.table","NW_015090842.1:7633611",3,12,9
"CRISPLD2","s329_S_RAP_03_ASEReadCounter.table","NW_015090842.1:7633787",3,5,2
"CRISPLD2","s329_S_RAP_03_ASEReadCounter.table","NW_015090842.1:7634023",3,5,2
"CRISPLD2","s329_S_RAP_03_ASEReadCounter.table","NW_015090842.1:7634620",5,5,0
"CRISPLD2","s329_S_RAP_03_ASEReadCounter.table","NW_015090842.1:7636315",1,4,3
"LOC106888312","s329_S_RAP_03_ASEReadCounter.table","NW_015090842.1:7732198",1,1,0
"MTHFSD","s329_S_RAP_03_ASEReadCounter.table","NW_015090842.1:8152578",10,33,23
"DUSP15","s329_S_RAP_03_ASEReadCounter.table","NW_015090842.1:8422840",2,2,0
"DUSP15","s329_S_RAP_03_ASEReadCounter.table","NW_015090842.1:8427711",0,1,1
"DUSP15","s329_S_RAP_03_ASEReadCounter.table","NW_015090842.1:8431988",0,5,5
"EMC8","s329_S_RAP_03_ASEReadCounter.table","NW_015090842.1:8452385",26,43,17
"GINS2","s329_S_RAP_03_ASEReadCounter.table","NW_015090842.1:8467469",19,32,13
"GINS2","s329_S_RAP_03_ASEReadCounter.table","NW_015090842.1:8470290",0,78,78
"GINS2","s329_S_RAP_03_ASEReadCounter.table","NW_015090842.1:8470305",0,62,62
"GINS2","s329_S_RAP_03_ASEReadCounter.table","NW_015090842.1:8470376",0,61,61
"GINS2","s329_S_RAP_03_ASEReadCounter.table","NW_015090842.1:8471057",0,9,9
"GSE1","s329_S_RAP_03_ASEReadCounter.table","NW_015090842.1:8483570",0,10,10
"KIAA0513","s329_S_RAP_03_ASEReadCounter.table","NW_015090842.1:8674736",82,157,75
"KIAA0513","s329_S_RAP_03_ASEReadCounter.table","NW_015090842.1:8687268",0,1,1
"KIAA0513","s329_S_RAP_03_ASEReadCounter.table","NW_015090842.1:8693655",7,9,2
"ZCCHC14","s329_S_RAP_03_ASEReadCounter.table","NW_015090842.1:8750189",41,58,17
"JPH3","s329_S_RAP_03_ASEReadCounter.table","NW_015090842.1:8872294",37,83,46
"KLHDC4","s329_S_RAP_03_ASEReadCounter.table","NW_015090842.1:8891175",71,152,81
"KLHDC4","s329_S_RAP_03_ASEReadCounter.table","NW_015090842.1:8905251",0,58,58
"KLHDC4","s329_S_RAP_03_ASEReadCounter.table","NW_015090842.1:8919630",6,13,7
"SLC7A5","s329_S_RAP_03_ASEReadCounter.table","NW_015090842.1:8940382",102,203,101
"SLC7A5","s329_S_RAP_03_ASEReadCounter.table","NW_015090842.1:8941818",83,172,89
"SLC7A5","s329_S_RAP_03_ASEReadCounter.table","NW_015090842.1:8944655",39,71,32
"CA5A","s329_S_RAP_03_ASEReadCounter.table","NW_015090842.1:8989479",79,148,69
"CA5A","s329_S_RAP_03_ASEReadCounter.table","NW_015090842.1:8989562",107,191,84
"CA5A","s329_S_RAP_03_ASEReadCounter.table","NW_015090842.1:8989609",132,223,91
"CA5A","s329_S_RAP_03_ASEReadCounter.table","NW_015090842.1:8989693",150,264,114
"CA5A","s329_S_RAP_03_ASEReadCounter.table","NW_015090842.1:8989702",149,258,109
"CA5A","s329_S_RAP_03_ASEReadCounter.table","NW_015090842.1:8989746",150,276,126
"CA5A","s329_S_RAP_03_ASEReadCounter.table","NW_015090842.1:8989880",104,235,131
"CA5A","s329_S_RAP_03_ASEReadCounter.table","NW_015090842.1:8989885",108,242,134
"CA5A","s329_S_RAP_03_ASEReadCounter.table","NW_015090842.1:8989929",117,258,141
"CA5A","s329_S_RAP_03_ASEReadCounter.table","NW_015090842.1:8990002",110,221,111
"CA5A","s329_S_RAP_03_ASEReadCounter.table","NW_015090842.1:8990004",111,222,111
"CA5A","s329_S_RAP_03_ASEReadCounter.table","NW_015090842.1:8990005",110,223,113
"CA5A","s329_S_RAP_03_ASEReadCounter.table","NW_015090842.1:8990017",110,206,96
"CA5A","s329_S_RAP_03_ASEReadCounter.table","NW_015090842.1:8990043",80,168,88
"CA5A","s329_S_RAP_03_ASEReadCounter.table","NW_015090842.1:8990080",61,167,106
"CA5A","s329_S_RAP_03_ASEReadCounter.table","NW_015090842.1:8990084",60,164,104
"CA5A","s329_S_RAP_03_ASEReadCounter.table","NW_015090842.1:8990090",64,177,113
"CA5A","s329_S_RAP_03_ASEReadCounter.table","NW_015090842.1:8990095",61,173,112
"CA5A","s329_S_RAP_03_ASEReadCounter.table","NW_015090842.1:8990111",48,167,119
"CA5A","s329_S_RAP_03_ASEReadCounter.table","NW_015090842.1:8990112",48,166,118
"CA5A","s329_S_RAP_03_ASEReadCounter.table","NW_015090842.1:8990115",56,172,116
"CA5A","s329_S_RAP_03_ASEReadCounter.table","NW_015090842.1:8990166",67,162,95
"CA5A","s329_S_RAP_03_ASEReadCounter.table","NW_015090842.1:8990169",72,159,87
"CA5A","s329_S_RAP_03_ASEReadCounter.table","NW_015090842.1:8990222",62,126,64
"CA5A","s329_S_RAP_03_ASEReadCounter.table","NW_015090842.1:8990289",77,155,78
"CA5A","s329_S_RAP_03_ASEReadCounter.table","NW_015090842.1:8990314",73,156,83
"CA5A","s329_S_RAP_03_ASEReadCounter.table","NW_015090842.1:8990361",70,153,83
"CA5A","s329_S_RAP_03_ASEReadCounter.table","NW_015090842.1:8990368",70,154,84
"CA5A","s329_S_RAP_03_ASEReadCounter.table","NW_015090842.1:8990429",82,165,83
"CA5A","s329_S_RAP_03_ASEReadCounter.table","NW_015090842.1:8990466",64,138,74
"CA5A","s329_S_RAP_03_ASEReadCounter.table","NW_015090842.1:8990663",72,139,67
"CA5A","s329_S_RAP_03_ASEReadCounter.table","NW_015090842.1:8990797",47,97,50
"CA5A","s329_S_RAP_03_ASEReadCounter.table","NW_015090842.1:8990836",51,100,49
"CA5A","s329_S_RAP_03_ASEReadCounter.table","NW_015090842.1:8990842",50,99,49
"CA5A","s329_S_RAP_03_ASEReadCounter.table","NW_015090842.1:8990851",48,91,43
"CA5A","s329_S_RAP_03_ASEReadCounter.table","NW_015090842.1:8990918",48,103,55
"CA5A","s329_S_RAP_03_ASEReadCounter.table","NW_015090842.1:8990921",43,101,58
"CA5A","s329_S_RAP_03_ASEReadCounter.table","NW_015090842.1:8990942",57,118,61
"CA5A","s329_S_RAP_03_ASEReadCounter.table","NW_015090842.1:8991001",76,147,71
"CA5A","s329_S_RAP_03_ASEReadCounter.table","NW_015090842.1:8991038",68,135,67
"CA5A","s329_S_RAP_03_ASEReadCounter.table","NW_015090842.1:8991149",66,132,66
"CA5A","s329_S_RAP_03_ASEReadCounter.table","NW_015090842.1:8991176",71,134,63
"CA5A","s329_S_RAP_03_ASEReadCounter.table","NW_015090842.1:8991241",70,134,64
"CA5A","s329_S_RAP_03_ASEReadCounter.table","NW_015090842.1:8991262",69,124,55
"CA5A","s329_S_RAP_03_ASEReadCounter.table","NW_015090842.1:8991316",74,80,6
"CA5A","s329_S_RAP_03_ASEReadCounter.table","NW_015090842.1:8991319",74,80,6
"CA5A","s329_S_RAP_03_ASEReadCounter.table","NW_015090842.1:8991330",73,77,4
"CA5A","s329_S_RAP_03_ASEReadCounter.table","NW_015090842.1:8991334",67,75,8
"CA5A","s329_S_RAP_03_ASEReadCounter.table","NW_015090842.1:8991362",69,126,57
"CA5A","s329_S_RAP_03_ASEReadCounter.table","NW_015090842.1:8991368",70,130,60
"CA5A","s329_S_RAP_03_ASEReadCounter.table","NW_015090842.1:8991390",74,141,67
"CA5A","s329_S_RAP_03_ASEReadCounter.table","NW_015090842.1:8991395",77,146,69
"CA5A","s329_S_RAP_03_ASEReadCounter.table","NW_015090842.1:8991422",66,140,74
"CA5A","s329_S_RAP_03_ASEReadCounter.table","NW_015090842.1:8991467",71,123,52
"CA5A","s329_S_RAP_03_ASEReadCounter.table","NW_015090842.1:8991576",37,82,45
"CA5A","s329_S_RAP_03_ASEReadCounter.table","NW_015090842.1:8991587",45,95,50
"CA5A","s329_S_RAP_03_ASEReadCounter.table","NW_015090842.1:8991655",64,123,59
"CA5A","s329_S_RAP_03_ASEReadCounter.table","NW_015090842.1:8991717",62,125,63
"CA5A","s329_S_RAP_03_ASEReadCounter.table","NW_015090842.1:8991726",69,130,61
"CA5A","s329_S_RAP_03_ASEReadCounter.table","NW_015090842.1:8991799",58,120,62
"CA5A","s329_S_RAP_03_ASEReadCounter.table","NW_015090842.1:8991809",54,107,53
"CA5A","s329_S_RAP_03_ASEReadCounter.table","NW_015090842.1:8991848",35,91,56
"CA5A","s329_S_RAP_03_ASEReadCounter.table","NW_015090842.1:8991849",35,92,57
"CA5A","s329_S_RAP_03_ASEReadCounter.table","NW_015090842.1:8991927",47,104,57
"CA5A","s329_S_RAP_03_ASEReadCounter.table","NW_015090842.1:8991941",46,95,49
"CA5A","s329_S_RAP_03_ASEReadCounter.table","NW_015090842.1:8992121",40,83,43
"CA5A","s329_S_RAP_03_ASEReadCounter.table","NW_015090842.1:8992224",47,86,39
"CA5A","s329_S_RAP_03_ASEReadCounter.table","NW_015090842.1:9002570",31,48,17
"CA5A","s329_S_RAP_03_ASEReadCounter.table","NW_015090842.1:9002600",21,35,14
"CA5A","s329_S_RAP_03_ASEReadCounter.table","NW_015090842.1:9004312",18,34,16
"CA5A","s329_S_RAP_03_ASEReadCounter.table","NW_015090842.1:9004556",1,1,0
"CA5A","s329_S_RAP_03_ASEReadCounter.table","NW_015090842.1:9004620",2,2,0
"CA5A","s329_S_RAP_03_ASEReadCounter.table","NW_015090842.1:9005116",2,4,2
"CA5A","s329_S_RAP_03_ASEReadCounter.table","NW_015090842.1:9005120",2,4,2
"CA5A","s329_S_RAP_03_ASEReadCounter.table","NW_015090842.1:9005140",2,5,3
"CA5A","s329_S_RAP_03_ASEReadCounter.table","NW_015090842.1:9005152",2,5,3
"BANP","s329_S_RAP_03_ASEReadCounter.table","NW_015090842.1:9033407",7,13,6
"BANP","s329_S_RAP_03_ASEReadCounter.table","NW_015090842.1:9033409",8,13,5
"BANP","s329_S_RAP_03_ASEReadCounter.table","NW_015090842.1:9033420",9,17,8
"BANP","s329_S_RAP_03_ASEReadCounter.table","NW_015090842.1:9055284",0,18,18
"ZC3H18","s329_S_RAP_03_ASEReadCounter.table","NW_015090842.1:9528933",28,57,29
"MVD","s329_S_RAP_03_ASEReadCounter.table","NW_015090842.1:9550690",27,50,23
"MVD","s329_S_RAP_03_ASEReadCounter.table","NW_015090842.1:9550691",27,48,21
"MVD","s329_S_RAP_03_ASEReadCounter.table","NW_015090842.1:9550699",30,54,24
"MVD","s329_S_RAP_03_ASEReadCounter.table","NW_015090842.1:9550701",31,53,22
"MVD","s329_S_RAP_03_ASEReadCounter.table","NW_015090842.1:9552202",39,76,37
"MVD","s329_S_RAP_03_ASEReadCounter.table","NW_015090842.1:9552223",37,65,28
"MVD","s329_S_RAP_03_ASEReadCounter.table","NW_015090842.1:9552533",27,42,15
"MVD","s329_S_RAP_03_ASEReadCounter.table","NW_015090842.1:9552644",0,35,35
"PIEZO1","s329_S_RAP_03_ASEReadCounter.table","NW_015090842.1:9577447",7,17,10
"PIEZO1","s329_S_RAP_03_ASEReadCounter.table","NW_015090842.1:9579101",0,7,7
"PIEZO1","s329_S_RAP_03_ASEReadCounter.table","NW_015090842.1:9582630",3,5,2
"PIEZO1","s329_S_RAP_03_ASEReadCounter.table","NW_015090842.1:9582976",3,6,3
"PIEZO1","s329_S_RAP_03_ASEReadCounter.table","NW_015090842.1:9583326",2,8,6
"CDT1","s329_S_RAP_03_ASEReadCounter.table","NW_015090842.1:9596711",3,4,1
"CDT1","s329_S_RAP_03_ASEReadCounter.table","NW_015090842.1:9597033",4,7,3
"CDT1","s329_S_RAP_03_ASEReadCounter.table","NW_015090842.1:9597756",4,11,7
"CDT1","s329_S_RAP_03_ASEReadCounter.table","NW_015090842.1:9598873",6,10,4
"PABPN1L","s329_S_RAP_03_ASEReadCounter.table","NW_015090842.1:9669510",1,1,0
"ACSF3","s329_S_RAP_03_ASEReadCounter.table","NW_015090842.1:9776737",10,16,6
"ACSF3","s329_S_RAP_03_ASEReadCounter.table","NW_015090842.1:9809639",27,59,32
"ACSF3","s329_S_RAP_03_ASEReadCounter.table","NW_015090842.1:9834743",32,76,44
"ACSF3","s329_S_RAP_03_ASEReadCounter.table","NW_015090842.1:9834762",35,73,38
"ACSF3","s329_S_RAP_03_ASEReadCounter.table","NW_015090842.1:9834852",38,74,36
"ACSF3","s329_S_RAP_03_ASEReadCounter.table","NW_015090842.1:9834861",35,67,32
"ACSF3","s329_S_RAP_03_ASEReadCounter.table","NW_015090842.1:9839359",32,71,39
"ACSF3","s329_S_RAP_03_ASEReadCounter.table","NW_015090842.1:9839378",29,66,37
"ACSF3","s329_S_RAP_03_ASEReadCounter.table","NW_015090842.1:9839455",27,70,43
"ACSF3","s329_S_RAP_03_ASEReadCounter.table","NW_015090842.1:9839457",26,65,39
"ACSF3","s329_S_RAP_03_ASEReadCounter.table","NW_015090842.1:9839489",17,48,31
"ACSF3","s329_S_RAP_03_ASEReadCounter.table","NW_015090842.1:9839500",12,40,28
"ACSF3","s329_S_RAP_03_ASEReadCounter.table","NW_015090842.1:9839501",12,40,28
"ACSF3","s329_S_RAP_03_ASEReadCounter.table","NW_015090842.1:9839504",15,42,27
"ACSF3","s329_S_RAP_03_ASEReadCounter.table","NW_015090842.1:9839512",13,36,23
"ACSF3","s329_S_RAP_03_ASEReadCounter.table","NW_015090842.1:9839527",9,24,15
"ACSF3","s329_S_RAP_03_ASEReadCounter.table","NW_015090842.1:9839533",6,22,16
"ACSF3","s329_S_RAP_03_ASEReadCounter.table","NW_015090842.1:9839535",6,19,13
"ACSF3","s329_S_RAP_03_ASEReadCounter.table","NW_015090842.1:9839545",5,19,14
"ACSF3","s329_S_RAP_03_ASEReadCounter.table","NW_015090842.1:9839550",4,18,14
"ACSF3","s329_S_RAP_03_ASEReadCounter.table","NW_015090842.1:9839551",4,17,13
"CDH15","s329_S_RAP_03_ASEReadCounter.table","NW_015090842.1:9847163",1,1,0
"CDH15","s329_S_RAP_03_ASEReadCounter.table","NW_015090842.1:9847174",2,2,0
"CDH15","s329_S_RAP_03_ASEReadCounter.table","NW_015090842.1:9848220",1,1,0
"CDH15","s329_S_RAP_03_ASEReadCounter.table","NW_015090842.1:9848265",2,4,2
"CDH15","s329_S_RAP_03_ASEReadCounter.table","NW_015090842.1:9848552",0,1,1
"CDH15","s329_S_RAP_03_ASEReadCounter.table","NW_015090842.1:9848888",0,1,1
"CDH15","s329_S_RAP_03_ASEReadCounter.table","NW_015090842.1:9849086",0,3,3
"CDH15","s329_S_RAP_03_ASEReadCounter.table","NW_015090842.1:9849119",0,1,1
"CDH15","s329_S_RAP_03_ASEReadCounter.table","NW_015090842.1:9849140",0,1,1
"CDH15","s329_S_RAP_03_ASEReadCounter.table","NW_015090842.1:9849473",2,5,3
"CDH15","s329_S_RAP_03_ASEReadCounter.table","NW_015090842.1:9850386",1,5,4
"CDH15","s329_S_RAP_03_ASEReadCounter.table","NW_015090842.1:9850432",1,3,2
"CDH15","s329_S_RAP_03_ASEReadCounter.table","NW_015090842.1:9850609",1,2,1
"SLC22A31","s329_S_RAP_03_ASEReadCounter.table","NW_015090842.1:9850797",1,4,3
"SLC22A31","s329_S_RAP_03_ASEReadCounter.table","NW_015090842.1:9850818",1,3,2
"SLC22A31","s329_S_RAP_03_ASEReadCounter.table","NW_015090842.1:9850929",2,3,1
"SLC22A31","s329_S_RAP_03_ASEReadCounter.table","NW_015090842.1:9850936",2,3,1
"SLC22A31","s329_S_RAP_03_ASEReadCounter.table","NW_015090842.1:9850940",2,3,1
"SLC22A31","s329_S_RAP_03_ASEReadCounter.table","NW_015090842.1:9850948",2,3,1
"SLC22A31","s329_S_RAP_03_ASEReadCounter.table","NW_015090842.1:9850961",2,3,1
"SLC22A31","s329_S_RAP_03_ASEReadCounter.table","NW_015090842.1:9850970",2,3,1
"SLC22A31","s329_S_RAP_03_ASEReadCounter.table","NW_015090842.1:9850978",2,3,1
"SLC22A31","s329_S_RAP_03_ASEReadCounter.table","NW_015090842.1:9850981",2,3,1
"SLC22A31","s329_S_RAP_03_ASEReadCounter.table","NW_015090842.1:9851032",1,1,0
"SLC22A31","s329_S_RAP_03_ASEReadCounter.table","NW_015090842.1:9851053",1,1,0
"SLC22A31","s329_S_RAP_03_ASEReadCounter.table","NW_015090842.1:9851130",4,5,1
"SLC22A31","s329_S_RAP_03_ASEReadCounter.table","NW_015090842.1:9851139",4,5,1
"SLC22A31","s329_S_RAP_03_ASEReadCounter.table","NW_015090842.1:9851265",6,11,5
"SLC22A31","s329_S_RAP_03_ASEReadCounter.table","NW_015090842.1:9851302",6,10,4
"SLC22A31","s329_S_RAP_03_ASEReadCounter.table","NW_015090842.1:9851303",6,10,4
"SLC22A31","s329_S_RAP_03_ASEReadCounter.table","NW_015090842.1:9851305",6,10,4
"SLC22A31","s329_S_RAP_03_ASEReadCounter.table","NW_015090842.1:9851343",7,10,3
"SLC22A31","s329_S_RAP_03_ASEReadCounter.table","NW_015090842.1:9851344",9,12,3
"SLC22A31","s329_S_RAP_03_ASEReadCounter.table","NW_015090842.1:9851381",13,16,3
"SLC22A31","s329_S_RAP_03_ASEReadCounter.table","NW_015090842.1:9851421",11,13,2
"SLC22A31","s329_S_RAP_03_ASEReadCounter.table","NW_015090842.1:9851526",6,18,12
"SLC22A31","s329_S_RAP_03_ASEReadCounter.table","NW_015090842.1:9851589",7,15,8
"SLC22A31","s329_S_RAP_03_ASEReadCounter.table","NW_015090842.1:9851712",7,15,8
"SLC22A31","s329_S_RAP_03_ASEReadCounter.table","NW_015090842.1:9851899",5,11,6
"SLC22A31","s329_S_RAP_03_ASEReadCounter.table","NW_015090842.1:9852139",5,11,6
"SLC22A31","s329_S_RAP_03_ASEReadCounter.table","NW_015090842.1:9852380",6,12,6
"SLC22A31","s329_S_RAP_03_ASEReadCounter.table","NW_015090842.1:9852431",4,6,2
"SLC22A31","s329_S_RAP_03_ASEReadCounter.table","NW_015090842.1:9852630",6,8,2
"SLC22A31","s329_S_RAP_03_ASEReadCounter.table","NW_015090842.1:9852711",3,7,4
"SLC22A31","s329_S_RAP_03_ASEReadCounter.table","NW_015090842.1:9852742",3,7,4
"SLC22A31","s329_S_RAP_03_ASEReadCounter.table","NW_015090842.1:9853099",2,5,3
"SLC22A31","s329_S_RAP_03_ASEReadCounter.table","NW_015090842.1:9853102",3,7,4
"SLC22A31","s329_S_RAP_03_ASEReadCounter.table","NW_015090842.1:9853421",5,5,0
"SLC22A31","s329_S_RAP_03_ASEReadCounter.table","NW_015090842.1:9853457",4,4,0
"SLC22A31","s329_S_RAP_03_ASEReadCounter.table","NW_015090842.1:9853502",3,3,0
"ANKRD11","s329_S_RAP_03_ASEReadCounter.table","NW_015090842.1:9858863",9,26,17
"ANKRD11","s329_S_RAP_03_ASEReadCounter.table","NW_015090842.1:9859101",126,264,138
"ANKRD11","s329_S_RAP_03_ASEReadCounter.table","NW_015090842.1:9859352",137,307,170
"ANKRD11","s329_S_RAP_03_ASEReadCounter.table","NW_015090842.1:9859381",69,193,124
"ANKRD11","s329_S_RAP_03_ASEReadCounter.table","NW_015090842.1:9859527",56,109,53
"ANKRD11","s329_S_RAP_03_ASEReadCounter.table","NW_015090842.1:9859529",57,111,54
"ANKRD11","s329_S_RAP_03_ASEReadCounter.table","NW_015090842.1:9859679",128,259,131
"ANKRD11","s329_S_RAP_03_ASEReadCounter.table","NW_015090842.1:9861097",112,211,99
"ANKRD11","s329_S_RAP_03_ASEReadCounter.table","NW_015090842.1:9862571",70,141,71
"ANKRD11","s329_S_RAP_03_ASEReadCounter.table","NW_015090842.1:9866071",0,88,88
"ANKRD11","s329_S_RAP_03_ASEReadCounter.table","NW_015090842.1:9866200",0,77,77
"ANKRD11","s329_S_RAP_03_ASEReadCounter.table","NW_015090842.1:9867391",29,59,30
"ANKRD11","s329_S_RAP_03_ASEReadCounter.table","NW_015090842.1:9867472",42,82,40
"ANKRD11","s329_S_RAP_03_ASEReadCounter.table","NW_015090842.1:9867559",58,118,60
"ANKRD11","s329_S_RAP_03_ASEReadCounter.table","NW_015090842.1:9867934",52,102,50
"ANKRD11","s329_S_RAP_03_ASEReadCounter.table","NW_015090842.1:9868093",44,106,62
"ANKRD11","s329_S_RAP_03_ASEReadCounter.table","NW_015090842.1:9868222",46,96,50
"ANKRD11","s329_S_RAP_03_ASEReadCounter.table","NW_015090842.1:9868327",58,102,44
"ANKRD11","s329_S_RAP_03_ASEReadCounter.table","NW_015090842.1:9868414",58,103,45
"ANKRD11","s329_S_RAP_03_ASEReadCounter.table","NW_015090842.1:9868441",54,95,41
"ANKRD11","s329_S_RAP_03_ASEReadCounter.table","NW_015090842.1:9868444",57,107,50
"ANKRD11","s329_S_RAP_03_ASEReadCounter.table","NW_015090842.1:9868519",88,157,69
"ANKRD11","s329_S_RAP_03_ASEReadCounter.table","NW_015090842.1:9868609",87,176,89
"ANKRD11","s329_S_RAP_03_ASEReadCounter.table","NW_015090842.1:9868666",90,184,94
"ANKRD11","s329_S_RAP_03_ASEReadCounter.table","NW_015090842.1:9869431",119,230,111
"ANKRD11","s329_S_RAP_03_ASEReadCounter.table","NW_015090842.1:9869578",174,375,201
"ANKRD11","s329_S_RAP_03_ASEReadCounter.table","NW_015090842.1:9869734",198,385,187
"ANKRD11","s329_S_RAP_03_ASEReadCounter.table","NW_015090842.1:9870070",146,329,183
"ANKRD11","s329_S_RAP_03_ASEReadCounter.table","NW_015090842.1:9870349",160,346,186
"ANKRD11","s329_S_RAP_03_ASEReadCounter.table","NW_015090842.1:9870604",170,363,193
"ANKRD11","s329_S_RAP_03_ASEReadCounter.table","NW_015090842.1:9870613",194,397,203
"ANKRD11","s329_S_RAP_03_ASEReadCounter.table","NW_015090842.1:9870685",257,488,231
"ANKRD11","s329_S_RAP_03_ASEReadCounter.table","NW_015090842.1:9870847",185,382,197
"ANKRD11","s329_S_RAP_03_ASEReadCounter.table","NW_015090842.1:9871103",122,243,121
"ANKRD11","s329_S_RAP_03_ASEReadCounter.table","NW_015090842.1:9871165",135,299,164
"ANKRD11","s329_S_RAP_03_ASEReadCounter.table","NW_015090842.1:9871820",50,103,53
"ANKRD11","s329_S_RAP_03_ASEReadCounter.table","NW_015090842.1:9871994",44,90,46
"ANKRD11","s329_S_RAP_03_ASEReadCounter.table","NW_015090842.1:9872118",71,141,70
"SPG7","s329_S_RAP_03_ASEReadCounter.table","NW_015090842.1:10051190",111,211,100
"SPG7","s329_S_RAP_03_ASEReadCounter.table","NW_015090842.1:10051218",125,256,131
"SPG7","s329_S_RAP_03_ASEReadCounter.table","NW_015090842.1:10052348",152,287,135
"SPG7","s329_S_RAP_03_ASEReadCounter.table","NW_015090842.1:10052366",160,288,128
"SPG7","s329_S_RAP_03_ASEReadCounter.table","NW_015090842.1:10065173",160,324,164
"SPG7","s329_S_RAP_03_ASEReadCounter.table","NW_015090842.1:10065215",163,309,146
"SPG7","s329_S_RAP_03_ASEReadCounter.table","NW_015090842.1:10066301",133,237,104
"SPG7","s329_S_RAP_03_ASEReadCounter.table","NW_015090842.1:10066365",156,271,115
"SPG7","s329_S_RAP_03_ASEReadCounter.table","NW_015090842.1:10069752",205,379,174
"SPG7","s329_S_RAP_03_ASEReadCounter.table","NW_015090842.1:10069800",208,401,193
"SPG7","s329_S_RAP_03_ASEReadCounter.table","NW_015090842.1:10071192",211,417,206
"SPG7","s329_S_RAP_03_ASEReadCounter.table","NW_015090842.1:10071204",199,401,202
"SPG7","s329_S_RAP_03_ASEReadCounter.table","NW_015090842.1:10071219",178,364,186
"SPG7","s329_S_RAP_03_ASEReadCounter.table","NW_015090842.1:10071967",153,341,188
"SPG7","s329_S_RAP_03_ASEReadCounter.table","NW_015090842.1:10075109",273,512,239
"SPG7","s329_S_RAP_03_ASEReadCounter.table","NW_015090842.1:10075114",278,516,238
"SPG7","s329_S_RAP_03_ASEReadCounter.table","NW_015090842.1:10075198",234,425,191
"SPG7","s329_S_RAP_03_ASEReadCounter.table","NW_015090842.1:10075487",139,289,150
"SPG7","s329_S_RAP_03_ASEReadCounter.table","NW_015090842.1:10075488",139,297,158
"SPG7","s329_S_RAP_03_ASEReadCounter.table","NW_015090842.1:10075548",103,211,108
"RPL13","s329_S_RAP_03_ASEReadCounter.table","NW_015090842.1:10076979",3,5,2
"RPL13","s329_S_RAP_03_ASEReadCounter.table","NW_015090842.1:10077387",389,890,501
"RPL13","s329_S_RAP_03_ASEReadCounter.table","NW_015090842.1:10077978",588,1276,688
"RPL13","s329_S_RAP_03_ASEReadCounter.table","NW_015090842.1:10077992",588,1236,648
"CPNE7","s329_S_RAP_03_ASEReadCounter.table","NW_015090842.1:10084001",2,2,0
"CPNE7","s329_S_RAP_03_ASEReadCounter.table","NW_015090842.1:10084856",1,1,0
"CPNE7","s329_S_RAP_03_ASEReadCounter.table","NW_015090842.1:10084872",1,1,0
"CPNE7","s329_S_RAP_03_ASEReadCounter.table","NW_015090842.1:10084892",4,4,0
"CPNE7","s329_S_RAP_03_ASEReadCounter.table","NW_015090842.1:10084921",3,3,0
"CPNE7","s329_S_RAP_03_ASEReadCounter.table","NW_015090842.1:10084935",4,4,0
"CPNE7","s329_S_RAP_03_ASEReadCounter.table","NW_015090842.1:10085000",1,2,1
"CPNE7","s329_S_RAP_03_ASEReadCounter.table","NW_015090842.1:10085089",1,2,1
"CPNE7","s329_S_RAP_03_ASEReadCounter.table","NW_015090842.1:10085096",1,2,1
"CPNE7","s329_S_RAP_03_ASEReadCounter.table","NW_015090842.1:10085126",2,3,1
"CPNE7","s329_S_RAP_03_ASEReadCounter.table","NW_015090842.1:10085180",3,4,1
"CPNE7","s329_S_RAP_03_ASEReadCounter.table","NW_015090842.1:10085201",4,4,0
"CPNE7","s329_S_RAP_03_ASEReadCounter.table","NW_015090842.1:10088134",6,6,0
"CPNE7","s329_S_RAP_03_ASEReadCounter.table","NW_015090842.1:10088146",7,7,0
"CPNE7","s329_S_RAP_03_ASEReadCounter.table","NW_015090842.1:10088940",11,12,1
"CPNE7","s329_S_RAP_03_ASEReadCounter.table","NW_015090842.1:10088965",11,13,2
"CPNE7","s329_S_RAP_03_ASEReadCounter.table","NW_015090842.1:10088967",11,13,2
"CPNE7","s329_S_RAP_03_ASEReadCounter.table","NW_015090842.1:10088973",10,12,2
"CPNE7","s329_S_RAP_03_ASEReadCounter.table","NW_015090842.1:10090924",11,13,2
"CPNE7","s329_S_RAP_03_ASEReadCounter.table","NW_015090842.1:10090930",11,13,2
"CPNE7","s329_S_RAP_03_ASEReadCounter.table","NW_015090842.1:10091075",11,13,2
"CPNE7","s329_S_RAP_03_ASEReadCounter.table","NW_015090842.1:10091389",12,18,6
"CPNE7","s329_S_RAP_03_ASEReadCounter.table","NW_015090842.1:10091407",14,22,8
"CPNE7","s329_S_RAP_03_ASEReadCounter.table","NW_015090842.1:10091530",11,17,6
"CPNE7","s329_S_RAP_03_ASEReadCounter.table","NW_015090842.1:10091875",11,23,12
"CPNE7","s329_S_RAP_03_ASEReadCounter.table","NW_015090842.1:10091983",16,20,4
"CPNE7","s329_S_RAP_03_ASEReadCounter.table","NW_015090842.1:10091997",17,21,4
"CPNE7","s329_S_RAP_03_ASEReadCounter.table","NW_015090842.1:10092038",10,14,4
"CPNE7","s329_S_RAP_03_ASEReadCounter.table","NW_015090842.1:10092140",14,17,3
"CPNE7","s329_S_RAP_03_ASEReadCounter.table","NW_015090842.1:10092183",11,12,1
"CPNE7","s329_S_RAP_03_ASEReadCounter.table","NW_015090842.1:10092201",8,9,1
"CPNE7","s329_S_RAP_03_ASEReadCounter.table","NW_015090842.1:10092230",7,7,0
"CPNE7","s329_S_RAP_03_ASEReadCounter.table","NW_015090842.1:10092246",3,3,0
"LOC106888185","s329_S_RAP_03_ASEReadCounter.table","NW_015090842.1:10094965",2,8,6
"LOC106888185","s329_S_RAP_03_ASEReadCounter.table","NW_015090842.1:10094966",2,7,5
"LOC106888185","s329_S_RAP_03_ASEReadCounter.table","NW_015090842.1:10094985",2,8,6
"LOC106888185","s329_S_RAP_03_ASEReadCounter.table","NW_015090842.1:10095055",1,4,3
"LOC106888185","s329_S_RAP_03_ASEReadCounter.table","NW_015090842.1:10095062",1,4,3
"LOC106888185","s329_S_RAP_03_ASEReadCounter.table","NW_015090842.1:10095130",1,6,5
"LOC106888185","s329_S_RAP_03_ASEReadCounter.table","NW_015090842.1:10095265",8,23,15
"LOC106888185","s329_S_RAP_03_ASEReadCounter.table","NW_015090842.1:10095586",5,22,17
"LOC106888185","s329_S_RAP_03_ASEReadCounter.table","NW_015090842.1:10095593",6,24,18
"LOC106888185","s329_S_RAP_03_ASEReadCounter.table","NW_015090842.1:10095616",6,21,15
"LOC106888185","s329_S_RAP_03_ASEReadCounter.table","NW_015090842.1:10095662",4,10,6
"LOC106888185","s329_S_RAP_03_ASEReadCounter.table","NW_015090842.1:10095674",4,10,6
"LOC106888185","s329_S_RAP_03_ASEReadCounter.table","NW_015090842.1:10095786",2,10,8
"LOC106888185","s329_S_RAP_03_ASEReadCounter.table","NW_015090842.1:10095831",2,11,9
"LOC106888185","s329_S_RAP_03_ASEReadCounter.table","NW_015090842.1:10096230",5,14,9
"LOC106888185","s329_S_RAP_03_ASEReadCounter.table","NW_015090842.1:10096249",7,18,11
"LOC106888185","s329_S_RAP_03_ASEReadCounter.table","NW_015090842.1:10096272",7,16,9
"LOC106888185","s329_S_RAP_03_ASEReadCounter.table","NW_015090842.1:10096288",6,14,8
"LOC106888185","s329_S_RAP_03_ASEReadCounter.table","NW_015090842.1:10097248",9,15,6
"LOC106888185","s329_S_RAP_03_ASEReadCounter.table","NW_015090842.1:10097265",11,18,7
"LOC106888185","s329_S_RAP_03_ASEReadCounter.table","NW_015090842.1:10097446",1,5,4
"DPEP1","s329_S_RAP_03_ASEReadCounter.table","NW_015090842.1:10100295",1,1,0
"DPEP1","s329_S_RAP_03_ASEReadCounter.table","NW_015090842.1:10101483",0,2,2
"DPEP1","s329_S_RAP_03_ASEReadCounter.table","NW_015090842.1:10101497",0,2,2
"DPEP1","s329_S_RAP_03_ASEReadCounter.table","NW_015090842.1:10101525",0,2,2
"DPEP1","s329_S_RAP_03_ASEReadCounter.table","NW_015090842.1:10101996",0,1,1
"DPEP1","s329_S_RAP_03_ASEReadCounter.table","NW_015090842.1:10102014",0,1,1
"DPEP1","s329_S_RAP_03_ASEReadCounter.table","NW_015090842.1:10102035",0,1,1
"CHMP1A","s329_S_RAP_03_ASEReadCounter.table","NW_015090842.1:10102901",53,141,88
"CHMP1A","s329_S_RAP_03_ASEReadCounter.table","NW_015090842.1:10102961",47,144,97
"CHMP1A","s329_S_RAP_03_ASEReadCounter.table","NW_015090842.1:10102996",48,131,83
"CHMP1A","s329_S_RAP_03_ASEReadCounter.table","NW_015090842.1:10103004",52,141,89
"CHMP1A","s329_S_RAP_03_ASEReadCounter.table","NW_015090842.1:10103006",52,141,89
"CHMP1A","s329_S_RAP_03_ASEReadCounter.table","NW_015090842.1:10103052",81,177,96
"CHMP1A","s329_S_RAP_03_ASEReadCounter.table","NW_015090842.1:10103095",84,182,98
"CHMP1A","s329_S_RAP_03_ASEReadCounter.table","NW_015090842.1:10103096",86,185,99
"CHMP1A","s329_S_RAP_03_ASEReadCounter.table","NW_015090842.1:10103152",81,167,86
"CHMP1A","s329_S_RAP_03_ASEReadCounter.table","NW_015090842.1:10103334",50,118,68
"CHMP1A","s329_S_RAP_03_ASEReadCounter.table","NW_015090842.1:10103373",31,102,71
"CHMP1A","s329_S_RAP_03_ASEReadCounter.table","NW_015090842.1:10103408",58,141,83
"CHMP1A","s329_S_RAP_03_ASEReadCounter.table","NW_015090842.1:10103412",63,139,76
"CHMP1A","s329_S_RAP_03_ASEReadCounter.table","NW_015090842.1:10103512",90,180,90
"CHMP1A","s329_S_RAP_03_ASEReadCounter.table","NW_015090842.1:10103513",89,180,91
"CHMP1A","s329_S_RAP_03_ASEReadCounter.table","NW_015090842.1:10103583",68,134,66
"CHMP1A","s329_S_RAP_03_ASEReadCounter.table","NW_015090842.1:10103614",68,141,73
"CHMP1A","s329_S_RAP_03_ASEReadCounter.table","NW_015090842.1:10103657",68,137,69
"CHMP1A","s329_S_RAP_03_ASEReadCounter.table","NW_015090842.1:10103669",61,133,72
"CHMP1A","s329_S_RAP_03_ASEReadCounter.table","NW_015090842.1:10103674",60,131,71
"CHMP1A","s329_S_RAP_03_ASEReadCounter.table","NW_015090842.1:10103677",58,129,71
"CHMP1A","s329_S_RAP_03_ASEReadCounter.table","NW_015090842.1:10103729",69,136,67
"CHMP1A","s329_S_RAP_03_ASEReadCounter.table","NW_015090842.1:10103758",73,137,64
"CHMP1A","s329_S_RAP_03_ASEReadCounter.table","NW_015090842.1:10103761",72,139,67
"CHMP1A","s329_S_RAP_03_ASEReadCounter.table","NW_015090842.1:10103788",88,175,87
"CHMP1A","s329_S_RAP_03_ASEReadCounter.table","NW_015090842.1:10103789",87,173,86
"CHMP1A","s329_S_RAP_03_ASEReadCounter.table","NW_015090842.1:10103790",86,172,86
"CHMP1A","s329_S_RAP_03_ASEReadCounter.table","NW_015090842.1:10103950",84,172,88
"CHMP1A","s329_S_RAP_03_ASEReadCounter.table","NW_015090842.1:10104335",74,134,60
"CHMP1A","s329_S_RAP_03_ASEReadCounter.table","NW_015090842.1:10104429",93,174,81
"CHMP1A","s329_S_RAP_03_ASEReadCounter.table","NW_015090842.1:10104532",81,173,92
"CHMP1A","s329_S_RAP_03_ASEReadCounter.table","NW_015090842.1:10104633",61,153,92
"CHMP1A","s329_S_RAP_03_ASEReadCounter.table","NW_015090842.1:10104759",46,129,83
"CHMP1A","s329_S_RAP_03_ASEReadCounter.table","NW_015090842.1:10104794",60,138,78
"CHMP1A","s329_S_RAP_03_ASEReadCounter.table","NW_015090842.1:10104844",41,98,57
"CHMP1A","s329_S_RAP_03_ASEReadCounter.table","NW_015090842.1:10106290",42,110,68
"CHMP1A","s329_S_RAP_03_ASEReadCounter.table","NW_015090842.1:10106335",48,109,61
"CHMP1A","s329_S_RAP_03_ASEReadCounter.table","NW_015090842.1:10106383",59,125,66
"CHMP1A","s329_S_RAP_03_ASEReadCounter.table","NW_015090842.1:10106747",80,164,84
"CHMP1A","s329_S_RAP_03_ASEReadCounter.table","NW_015090842.1:10107404",75,189,114
"CHMP1A","s329_S_RAP_03_ASEReadCounter.table","NW_015090842.1:10107410",81,198,117
"CHMP1A","s329_S_RAP_03_ASEReadCounter.table","NW_015090842.1:10107876",73,161,88
"CDK10","s329_S_RAP_03_ASEReadCounter.table","NW_015090842.1:10109030",6,9,3
"CDK10","s329_S_RAP_03_ASEReadCounter.table","NW_015090842.1:10109963",33,110,77
"CDK10","s329_S_RAP_03_ASEReadCounter.table","NW_015090842.1:10110887",30,95,65
"CDK10","s329_S_RAP_03_ASEReadCounter.table","NW_015090842.1:10111254",26,108,82
"CDK10","s329_S_RAP_03_ASEReadCounter.table","NW_015090842.1:10111380",26,122,96
"CDK10","s329_S_RAP_03_ASEReadCounter.table","NW_015090842.1:10111395",27,118,91
"CDK10","s329_S_RAP_03_ASEReadCounter.table","NW_015090842.1:10111437",14,110,96
"CDK10","s329_S_RAP_03_ASEReadCounter.table","NW_015090842.1:10111798",34,94,60
"CDK10","s329_S_RAP_03_ASEReadCounter.table","NW_015090842.1:10111840",43,111,68
"CDK10","s329_S_RAP_03_ASEReadCounter.table","NW_015090842.1:10112031",37,130,93
"CDK10","s329_S_RAP_03_ASEReadCounter.table","NW_015090842.1:10112285",40,123,83
"CDK10","s329_S_RAP_03_ASEReadCounter.table","NW_015090842.1:10112398",48,127,79
"CDK10","s329_S_RAP_03_ASEReadCounter.table","NW_015090842.1:10112455",41,120,79
"CDK10","s329_S_RAP_03_ASEReadCounter.table","NW_015090842.1:10112461",37,111,74
"CDK10","s329_S_RAP_03_ASEReadCounter.table","NW_015090842.1:10112497",31,105,74
"CDK10","s329_S_RAP_03_ASEReadCounter.table","NW_015090842.1:10112508",26,102,76
"CDK10","s329_S_RAP_03_ASEReadCounter.table","NW_015090842.1:10112518",20,89,69
"CDK10","s329_S_RAP_03_ASEReadCounter.table","NW_015090842.1:10112540",12,89,77
"CDK10","s329_S_RAP_03_ASEReadCounter.table","NW_015090842.1:10112556",21,100,79
"CDK10","s329_S_RAP_03_ASEReadCounter.table","NW_015090842.1:10112561",26,116,90
"CDK10","s329_S_RAP_03_ASEReadCounter.table","NW_015090842.1:10112596",29,104,75
"CDK10","s329_S_RAP_03_ASEReadCounter.table","NW_015090842.1:10112630",22,82,60
"CDK10","s329_S_RAP_03_ASEReadCounter.table","NW_015090842.1:10112656",27,90,63
"CDK10","s329_S_RAP_03_ASEReadCounter.table","NW_015090842.1:10112665",20,63,43
"CDK10","s329_S_RAP_03_ASEReadCounter.table","NW_015090842.1:10112668",19,61,42
"CDK10","s329_S_RAP_03_ASEReadCounter.table","NW_015090842.1:10112781",17,39,22
"CDK10","s329_S_RAP_03_ASEReadCounter.table","NW_015090842.1:10112782",17,38,21
"CDK10","s329_S_RAP_03_ASEReadCounter.table","NW_015090842.1:10112795",15,35,20
"CDK10","s329_S_RAP_03_ASEReadCounter.table","NW_015090842.1:10112841",10,12,2
"CDK10","s329_S_RAP_03_ASEReadCounter.table","NW_015090842.1:10112861",6,8,2
"SPATA2L","s329_S_RAP_03_ASEReadCounter.table","NW_015090842.1:10113212",14,45,31
"SPATA2L","s329_S_RAP_03_ASEReadCounter.table","NW_015090842.1:10113280",31,87,56
"SPATA2L","s329_S_RAP_03_ASEReadCounter.table","NW_015090842.1:10113296",32,89,57
"SPATA2L","s329_S_RAP_03_ASEReadCounter.table","NW_015090842.1:10113321",32,99,67
"SPATA2L","s329_S_RAP_03_ASEReadCounter.table","NW_015090842.1:10113332",35,109,74
"SPATA2L","s329_S_RAP_03_ASEReadCounter.table","NW_015090842.1:10113380",34,101,67
"SPATA2L","s329_S_RAP_03_ASEReadCounter.table","NW_015090842.1:10113381",34,106,72
"SPATA2L","s329_S_RAP_03_ASEReadCounter.table","NW_015090842.1:10113412",42,121,79
"SPATA2L","s329_S_RAP_03_ASEReadCounter.table","NW_015090842.1:10113421",48,129,81
"SPATA2L","s329_S_RAP_03_ASEReadCounter.table","NW_015090842.1:10113465",41,131,90
"SPATA2L","s329_S_RAP_03_ASEReadCounter.table","NW_015090842.1:10113535",53,123,70
"SPATA2L","s329_S_RAP_03_ASEReadCounter.table","NW_015090842.1:10113645",55,172,117
"SPATA2L","s329_S_RAP_03_ASEReadCounter.table","NW_015090842.1:10113682",63,195,132
"SPATA2L","s329_S_RAP_03_ASEReadCounter.table","NW_015090842.1:10113696",62,180,118
"SPATA2L","s329_S_RAP_03_ASEReadCounter.table","NW_015090842.1:10113727",66,200,134
"SPATA2L","s329_S_RAP_03_ASEReadCounter.table","NW_015090842.1:10113729",66,195,129
"SPATA2L","s329_S_RAP_03_ASEReadCounter.table","NW_015090842.1:10113799",64,178,114
"SPATA2L","s329_S_RAP_03_ASEReadCounter.table","NW_015090842.1:10113809",81,201,120
"SPATA2L","s329_S_RAP_03_ASEReadCounter.table","NW_015090842.1:10113827",79,201,122
"SPATA2L","s329_S_RAP_03_ASEReadCounter.table","NW_015090842.1:10113831",76,198,122
"SPATA2L","s329_S_RAP_03_ASEReadCounter.table","NW_015090842.1:10113894",62,164,102
"SPATA2L","s329_S_RAP_03_ASEReadCounter.table","NW_015090842.1:10113905",46,145,99
"SPATA2L","s329_S_RAP_03_ASEReadCounter.table","NW_015090842.1:10113914",55,144,89
"SPATA2L","s329_S_RAP_03_ASEReadCounter.table","NW_015090842.1:10113920",59,154,95
"SPATA2L","s329_S_RAP_03_ASEReadCounter.table","NW_015090842.1:10113937",76,180,104
"SPATA2L","s329_S_RAP_03_ASEReadCounter.table","NW_015090842.1:10113971",65,172,107
"SPATA2L","s329_S_RAP_03_ASEReadCounter.table","NW_015090842.1:10113976",60,173,113
"SPATA2L","s329_S_RAP_03_ASEReadCounter.table","NW_015090842.1:10113985",71,170,99
"SPATA2L","s329_S_RAP_03_ASEReadCounter.table","NW_015090842.1:10113994",78,183,105
"SPATA2L","s329_S_RAP_03_ASEReadCounter.table","NW_015090842.1:10114063",55,146,91
"SPATA2L","s329_S_RAP_03_ASEReadCounter.table","NW_015090842.1:10114066",53,143,90
"SPATA2L","s329_S_RAP_03_ASEReadCounter.table","NW_015090842.1:10114069",54,144,90
"SPATA2L","s329_S_RAP_03_ASEReadCounter.table","NW_015090842.1:10114159",37,104,67
"SPATA2L","s329_S_RAP_03_ASEReadCounter.table","NW_015090842.1:10114262",104,158,54
"SPATA2L","s329_S_RAP_03_ASEReadCounter.table","NW_015090842.1:10114470",39,97,58
"SPATA2L","s329_S_RAP_03_ASEReadCounter.table","NW_015090842.1:10114524",22,65,43
"VPS9D1","s329_S_RAP_03_ASEReadCounter.table","NW_015090842.1:10116377",44,123,79
"VPS9D1","s329_S_RAP_03_ASEReadCounter.table","NW_015090842.1:10116415",43,118,75
"VPS9D1","s329_S_RAP_03_ASEReadCounter.table","NW_015090842.1:10116607",38,112,74
"VPS9D1","s329_S_RAP_03_ASEReadCounter.table","NW_015090842.1:10116821",22,78,56
"VPS9D1","s329_S_RAP_03_ASEReadCounter.table","NW_015090842.1:10116825",24,76,52
"VPS9D1","s329_S_RAP_03_ASEReadCounter.table","NW_015090842.1:10116882",23,73,50
"VPS9D1","s329_S_RAP_03_ASEReadCounter.table","NW_015090842.1:10116933",27,74,47
"VPS9D1","s329_S_RAP_03_ASEReadCounter.table","NW_015090842.1:10116942",26,72,46
"VPS9D1","s329_S_RAP_03_ASEReadCounter.table","NW_015090842.1:10117152",30,80,50
"VPS9D1","s329_S_RAP_03_ASEReadCounter.table","NW_015090842.1:10117480",21,52,31
"VPS9D1","s329_S_RAP_03_ASEReadCounter.table","NW_015090842.1:10117497",18,46,28
"VPS9D1","s329_S_RAP_03_ASEReadCounter.table","NW_015090842.1:10117499",14,42,28
"VPS9D1","s329_S_RAP_03_ASEReadCounter.table","NW_015090842.1:10117516",16,52,36
"VPS9D1","s329_S_RAP_03_ASEReadCounter.table","NW_015090842.1:10117525",20,55,35
"VPS9D1","s329_S_RAP_03_ASEReadCounter.table","NW_015090842.1:10117579",19,62,43
"VPS9D1","s329_S_RAP_03_ASEReadCounter.table","NW_015090842.1:10117627",20,66,46
"VPS9D1","s329_S_RAP_03_ASEReadCounter.table","NW_015090842.1:10117678",13,59,46
"VPS9D1","s329_S_RAP_03_ASEReadCounter.table","NW_015090842.1:10117773",27,82,55
"VPS9D1","s329_S_RAP_03_ASEReadCounter.table","NW_015090842.1:10117937",33,110,77
"VPS9D1","s329_S_RAP_03_ASEReadCounter.table","NW_015090842.1:10117961",31,104,73
"VPS9D1","s329_S_RAP_03_ASEReadCounter.table","NW_015090842.1:10118236",33,117,84
"VPS9D1","s329_S_RAP_03_ASEReadCounter.table","NW_015090842.1:10118414",40,101,61
"VPS9D1","s329_S_RAP_03_ASEReadCounter.table","NW_015090842.1:10118973",35,100,65
"VPS9D1","s329_S_RAP_03_ASEReadCounter.table","NW_015090842.1:10119500",17,52,35
"ZNF276","s329_S_RAP_03_ASEReadCounter.table","NW_015090842.1:10121760",3,9,6
"ZNF276","s329_S_RAP_03_ASEReadCounter.table","NW_015090842.1:10121769",2,8,6
"ZNF276","s329_S_RAP_03_ASEReadCounter.table","NW_015090842.1:10121802",5,14,9
"ZNF276","s329_S_RAP_03_ASEReadCounter.table","NW_015090842.1:10121971",15,26,11
"ZNF276","s329_S_RAP_03_ASEReadCounter.table","NW_015090842.1:10122161",12,26,14
"ZNF276","s329_S_RAP_03_ASEReadCounter.table","NW_015090842.1:10122164",12,25,13
"ZNF276","s329_S_RAP_03_ASEReadCounter.table","NW_015090842.1:10122184",10,25,15
"ZNF276","s329_S_RAP_03_ASEReadCounter.table","NW_015090842.1:10122883",5,16,11
"ZNF276","s329_S_RAP_03_ASEReadCounter.table","NW_015090842.1:10122997",8,23,15
"ZNF276","s329_S_RAP_03_ASEReadCounter.table","NW_015090842.1:10123069",8,22,14
"ZNF276","s329_S_RAP_03_ASEReadCounter.table","NW_015090842.1:10123207",20,48,28
"ZNF276","s329_S_RAP_03_ASEReadCounter.table","NW_015090842.1:10125787",22,47,25
"ZNF276","s329_S_RAP_03_ASEReadCounter.table","NW_015090842.1:10126309",21,51,30
"ZNF276","s329_S_RAP_03_ASEReadCounter.table","NW_015090842.1:10126348",20,53,33
"ZNF276","s329_S_RAP_03_ASEReadCounter.table","NW_015090842.1:10126978",31,59,28
"ZNF276","s329_S_RAP_03_ASEReadCounter.table","NW_015090842.1:10126991",28,59,31
"ZNF276","s329_S_RAP_03_ASEReadCounter.table","NW_015090842.1:10127023",27,58,31
"ZNF276","s329_S_RAP_03_ASEReadCounter.table","NW_015090842.1:10127063",17,43,26
"ZNF276","s329_S_RAP_03_ASEReadCounter.table","NW_015090842.1:10127373",18,38,20
"ZNF276","s329_S_RAP_03_ASEReadCounter.table","NW_015090842.1:10127931",20,48,28
"ZNF276","s329_S_RAP_03_ASEReadCounter.table","NW_015090842.1:10128070",29,61,32
"ZNF276","s329_S_RAP_03_ASEReadCounter.table","NW_015090842.1:10128102",29,65,36
"ZNF276","s329_S_RAP_03_ASEReadCounter.table","NW_015090842.1:10128356",22,54,32
"ZNF276","s329_S_RAP_03_ASEReadCounter.table","NW_015090842.1:10128497",23,51,28
"FANCA","s329_S_RAP_03_ASEReadCounter.table","NW_015090842.1:10128743",1,2,1
"FANCA","s329_S_RAP_03_ASEReadCounter.table","NW_015090842.1:10128822",2,2,0
"FANCA","s329_S_RAP_03_ASEReadCounter.table","NW_015090842.1:10129383",4,5,1
"FANCA","s329_S_RAP_03_ASEReadCounter.table","NW_015090842.1:10129390",4,5,1
"FANCA","s329_S_RAP_03_ASEReadCounter.table","NW_015090842.1:10129422",2,3,1
"FANCA","s329_S_RAP_03_ASEReadCounter.table","NW_015090842.1:10129969",3,6,3
"FANCA","s329_S_RAP_03_ASEReadCounter.table","NW_015090842.1:10130399",1,4,3
"FANCA","s329_S_RAP_03_ASEReadCounter.table","NW_015090842.1:10130857",1,1,0
"FANCA","s329_S_RAP_03_ASEReadCounter.table","NW_015090842.1:10133530",2,2,0
"FANCA","s329_S_RAP_03_ASEReadCounter.table","NW_015090842.1:10133533",2,2,0
"FANCA","s329_S_RAP_03_ASEReadCounter.table","NW_015090842.1:10133536",2,2,0
"FANCA","s329_S_RAP_03_ASEReadCounter.table","NW_015090842.1:10133601",2,2,0
"FANCA","s329_S_RAP_03_ASEReadCounter.table","NW_015090842.1:10134492",1,1,0
"FANCA","s329_S_RAP_03_ASEReadCounter.table","NW_015090842.1:10136957",0,1,1
"FANCA","s329_S_RAP_03_ASEReadCounter.table","NW_015090842.1:10136982",0,1,1
"FANCA","s329_S_RAP_03_ASEReadCounter.table","NW_015090842.1:10136999",1,2,1
"FANCA","s329_S_RAP_03_ASEReadCounter.table","NW_015090842.1:10137019",2,3,1
"FANCA","s329_S_RAP_03_ASEReadCounter.table","NW_015090842.1:10137673",1,3,2
"FANCA","s329_S_RAP_03_ASEReadCounter.table","NW_015090842.1:10139140",0,1,1
"FANCA","s329_S_RAP_03_ASEReadCounter.table","NW_015090842.1:10140699",1,1,0
"FANCA","s329_S_RAP_03_ASEReadCounter.table","NW_015090842.1:10145030",0,1,1
"FANCA","s329_S_RAP_03_ASEReadCounter.table","NW_015090842.1:10152863",3,4,1
"FANCA","s329_S_RAP_03_ASEReadCounter.table","NW_015090842.1:10154490",1,1,0
"FANCA","s329_S_RAP_03_ASEReadCounter.table","NW_015090842.1:10165331",0,1,1
"SPIRE2","s329_S_RAP_03_ASEReadCounter.table","NW_015090842.1:10172284",20,44,24
"SPIRE2","s329_S_RAP_03_ASEReadCounter.table","NW_015090842.1:10175262",40,71,31
"SPIRE2","s329_S_RAP_03_ASEReadCounter.table","NW_015090842.1:10175352",23,40,17
"SPIRE2","s329_S_RAP_03_ASEReadCounter.table","NW_015090842.1:10175400",74,141,67
"SPIRE2","s329_S_RAP_03_ASEReadCounter.table","NW_015090842.1:10175418",76,148,72
"SPIRE2","s329_S_RAP_03_ASEReadCounter.table","NW_015090842.1:10175704",79,164,85
"SPIRE2","s329_S_RAP_03_ASEReadCounter.table","NW_015090842.1:10176115",115,239,124
"SPIRE2","s329_S_RAP_03_ASEReadCounter.table","NW_015090842.1:10176561",98,214,116
"SPIRE2","s329_S_RAP_03_ASEReadCounter.table","NW_015090842.1:10176817",102,227,125
"SPIRE2","s329_S_RAP_03_ASEReadCounter.table","NW_015090842.1:10177084",78,153,75
"SPIRE2","s329_S_RAP_03_ASEReadCounter.table","NW_015090842.1:10177838",114,236,122
"SPIRE2","s329_S_RAP_03_ASEReadCounter.table","NW_015090842.1:10178000",102,228,126
"SPIRE2","s329_S_RAP_03_ASEReadCounter.table","NW_015090842.1:10178164",133,241,108
"SPIRE2","s329_S_RAP_03_ASEReadCounter.table","NW_015090842.1:10178216",139,265,126
"SPIRE2","s329_S_RAP_03_ASEReadCounter.table","NW_015090842.1:10178303",121,225,104
"SPIRE2","s329_S_RAP_03_ASEReadCounter.table","NW_015090842.1:10178403",117,245,128
"SPIRE2","s329_S_RAP_03_ASEReadCounter.table","NW_015090842.1:10178409",112,233,121
"SPIRE2","s329_S_RAP_03_ASEReadCounter.table","NW_015090842.1:10178524",86,192,106
"SPIRE2","s329_S_RAP_03_ASEReadCounter.table","NW_015090842.1:10178526",87,192,105
"SPIRE2","s329_S_RAP_03_ASEReadCounter.table","NW_015090842.1:10178531",89,193,104
"SPIRE2","s329_S_RAP_03_ASEReadCounter.table","NW_015090842.1:10178565",80,180,100
"SPIRE2","s329_S_RAP_03_ASEReadCounter.table","NW_015090842.1:10178587",75,163,88
"SPIRE2","s329_S_RAP_03_ASEReadCounter.table","NW_015090842.1:10178640",60,118,58
"SPIRE2","s329_S_RAP_03_ASEReadCounter.table","NW_015090842.1:10178651",62,124,62
"SPIRE2","s329_S_RAP_03_ASEReadCounter.table","NW_015090842.1:10178682",62,116,54
"TCF25","s329_S_RAP_03_ASEReadCounter.table","NW_015090842.1:10180912",34,71,37
"TCF25","s329_S_RAP_03_ASEReadCounter.table","NW_015090842.1:10180924",38,77,39
"TCF25","s329_S_RAP_03_ASEReadCounter.table","NW_015090842.1:10180931",36,78,42
"TCF25","s329_S_RAP_03_ASEReadCounter.table","NW_015090842.1:10185332",147,262,115
"TCF25","s329_S_RAP_03_ASEReadCounter.table","NW_015090842.1:10196561",90,169,79
"TCF25","s329_S_RAP_03_ASEReadCounter.table","NW_015090842.1:10197399",116,245,129
"MC1R","s329_S_RAP_03_ASEReadCounter.table","NW_015090842.1:10201853",1,1,0
"MC1R","s329_S_RAP_03_ASEReadCounter.table","NW_015090842.1:10201986",0,1,1
"MC1R","s329_S_RAP_03_ASEReadCounter.table","NW_015090842.1:10202160",1,5,4
"MC1R","s329_S_RAP_03_ASEReadCounter.table","NW_015090842.1:10202447",1,2,1
"TUBB3","s329_S_RAP_03_ASEReadCounter.table","NW_015090842.1:10205322",1,484,483
"GAS8","s329_S_RAP_03_ASEReadCounter.table","NW_015090842.1:10228982",18,33,15
"GAS8","s329_S_RAP_03_ASEReadCounter.table","NW_015090842.1:10229832",10,30,20
"GAS8","s329_S_RAP_03_ASEReadCounter.table","NW_015090842.1:10232901",27,65,38
"GAS8","s329_S_RAP_03_ASEReadCounter.table","NW_015090842.1:10232928",36,69,33
"GAS8","s329_S_RAP_03_ASEReadCounter.table","NW_015090842.1:10232967",34,69,35
"GAS8","s329_S_RAP_03_ASEReadCounter.table","NW_015090842.1:10233032",22,52,30
"GAS8","s329_S_RAP_03_ASEReadCounter.table","NW_015090842.1:10233057",23,51,28
"GAS8","s329_S_RAP_03_ASEReadCounter.table","NW_015090842.1:10233058",24,51,27
"GAS8","s329_S_RAP_03_ASEReadCounter.table","NW_015090842.1:10233176",26,44,18
"GAS8","s329_S_RAP_03_ASEReadCounter.table","NW_015090842.1:10233196",27,43,16
"GAS8","s329_S_RAP_03_ASEReadCounter.table","NW_015090842.1:10233252",18,27,9
"GAS8","s329_S_RAP_03_ASEReadCounter.table","NW_015090842.1:10233303",9,16,7
"LOC106888094","s329_S_RAP_03_ASEReadCounter.table","NW_015090842.1:10233334",6,12,6
"LOC106888094","s329_S_RAP_03_ASEReadCounter.table","NW_015090842.1:10233362",9,18,9
"LOC106888094","s329_S_RAP_03_ASEReadCounter.table","NW_015090842.1:10233373",9,22,13
"LOC106888094","s329_S_RAP_03_ASEReadCounter.table","NW_015090842.1:10233388",11,24,13
"LOC106888094","s329_S_RAP_03_ASEReadCounter.table","NW_015090842.1:10233402",11,22,11
"LOC106888094","s329_S_RAP_03_ASEReadCounter.table","NW_015090842.1:10233465",16,40,24
"LOC106888094","s329_S_RAP_03_ASEReadCounter.table","NW_015090842.1:10233803",17,47,30
"LOC106888094","s329_S_RAP_03_ASEReadCounter.table","NW_015090842.1:10233815",16,46,30
"LOC106888094","s329_S_RAP_03_ASEReadCounter.table","NW_015090842.1:10235484",1,3,2
"LOC106888094","s329_S_RAP_03_ASEReadCounter.table","NW_015090842.1:10235611",4,5,1
"LOC106888094","s329_S_RAP_03_ASEReadCounter.table","NW_015090842.1:10235977",0,6,6
"LOC106888094","s329_S_RAP_03_ASEReadCounter.table","NW_015090842.1:10236098",2,3,1
"LOC106888094","s329_S_RAP_03_ASEReadCounter.table","NW_015090842.1:10236161",3,4,1
"LOC106888094","s329_S_RAP_03_ASEReadCounter.table","NW_015090842.1:10236425",1,2,1
"LOC106888094","s329_S_RAP_03_ASEReadCounter.table","NW_015090842.1:10236426",1,2,1
"LOC106888094","s329_S_RAP_03_ASEReadCounter.table","NW_015090842.1:10236603",1,2,1
"LOC106888173","s329_S_RAP_03_ASEReadCounter.table","NW_015090842.1:10239596",4,18,14
"LOC106888173","s329_S_RAP_03_ASEReadCounter.table","NW_015090842.1:10240036",12,41,29
"LOC106888173","s329_S_RAP_03_ASEReadCounter.table","NW_015090842.1:10240095",13,46,33
"LOC106888173","s329_S_RAP_03_ASEReadCounter.table","NW_015090842.1:10240280",12,48,36
"LOC106888173","s329_S_RAP_03_ASEReadCounter.table","NW_015090842.1:10240557",27,63,36
"LOC106888173","s329_S_RAP_03_ASEReadCounter.table","NW_015090842.1:10240603",25,61,36
"LOC106888173","s329_S_RAP_03_ASEReadCounter.table","NW_015090842.1:10240609",21,59,38
"LOC106888173","s329_S_RAP_03_ASEReadCounter.table","NW_015090842.1:10240924",9,41,32
"LOC106888173","s329_S_RAP_03_ASEReadCounter.table","NW_015090842.1:10241037",9,49,40
"LOC106888173","s329_S_RAP_03_ASEReadCounter.table","NW_015090842.1:10241046",10,48,38
"LOC106888173","s329_S_RAP_03_ASEReadCounter.table","NW_015090842.1:10241058",12,53,41
"LOC106888173","s329_S_RAP_03_ASEReadCounter.table","NW_015090842.1:10241064",13,53,40
"LOC106888173","s329_S_RAP_03_ASEReadCounter.table","NW_015090842.1:10241163",17,52,35
"LOC106888173","s329_S_RAP_03_ASEReadCounter.table","NW_015090842.1:10241803",17,61,44
"LOC106888173","s329_S_RAP_03_ASEReadCounter.table","NW_015090842.1:10241827",15,67,52
"LOC106888173","s329_S_RAP_03_ASEReadCounter.table","NW_015090842.1:10241869",17,57,40
"LOC106888173","s329_S_RAP_03_ASEReadCounter.table","NW_015090842.1:10242079",24,65,41
"LOC106888173","s329_S_RAP_03_ASEReadCounter.table","NW_015090842.1:10242103",22,67,45
"LOC106888173","s329_S_RAP_03_ASEReadCounter.table","NW_015090842.1:10242157",21,61,40
"LOC106888173","s329_S_RAP_03_ASEReadCounter.table","NW_015090842.1:10242455",31,68,37
"LOC106888173","s329_S_RAP_03_ASEReadCounter.table","NW_015090842.1:10242481",27,67,40
"LOC106888173","s329_S_RAP_03_ASEReadCounter.table","NW_015090842.1:10242590",24,71,47
"LOC106888173","s329_S_RAP_03_ASEReadCounter.table","NW_015090842.1:10242794",30,70,40
"LOC106888173","s329_S_RAP_03_ASEReadCounter.table","NW_015090842.1:10242909",24,59,35
"LOC106888173","s329_S_RAP_03_ASEReadCounter.table","NW_015090842.1:10243094",20,61,41
"LOC106888173","s329_S_RAP_03_ASEReadCounter.table","NW_015090842.1:10243133",15,47,32
"LOC106888173","s329_S_RAP_03_ASEReadCounter.table","NW_015090842.1:10243273",25,65,40
"LOC106888173","s329_S_RAP_03_ASEReadCounter.table","NW_015090842.1:10243278",28,69,41
"LOC106888173","s329_S_RAP_03_ASEReadCounter.table","NW_015090842.1:10243281",28,69,41
"LOC106888173","s329_S_RAP_03_ASEReadCounter.table","NW_015090842.1:10243347",42,42,0
"LOC106888173","s329_S_RAP_03_ASEReadCounter.table","NW_015090842.1:10243353",21,40,19
"LOC106888173","s329_S_RAP_03_ASEReadCounter.table","NW_015090842.1:10243363",17,33,16
"LOC106888173","s329_S_RAP_03_ASEReadCounter.table","NW_015090842.1:10243365",17,33,16
"LOC106888173","s329_S_RAP_03_ASEReadCounter.table","NW_015090842.1:10243529",15,40,25
"LOC106888173","s329_S_RAP_03_ASEReadCounter.table","NW_015090842.1:10243566",30,65,35
"LOC106888173","s329_S_RAP_03_ASEReadCounter.table","NW_015090842.1:10243605",33,75,42
"LOC106888173","s329_S_RAP_03_ASEReadCounter.table","NW_015090842.1:10243614",31,70,39
"LOC106888173","s329_S_RAP_03_ASEReadCounter.table","NW_015090842.1:10243615",30,68,38
"LOC106888173","s329_S_RAP_03_ASEReadCounter.table","NW_015090842.1:10243640",22,58,36
"LOC106888173","s329_S_RAP_03_ASEReadCounter.table","NW_015090842.1:10243680",23,53,30
"LOC106888173","s329_S_RAP_03_ASEReadCounter.table","NW_015090842.1:10243742",33,69,36
"LOC106888173","s329_S_RAP_03_ASEReadCounter.table","NW_015090842.1:10243804",25,47,22
"LOC106888173","s329_S_RAP_03_ASEReadCounter.table","NW_015090842.1:10243913",10,21,11
"LOC106888173","s329_S_RAP_03_ASEReadCounter.table","NW_015090842.1:10243921",8,17,9
"LOC106888384","s329_S_RAP_03_ASEReadCounter.table","NW_015090842.1:10244998",1,1,0
"LOC106888384","s329_S_RAP_03_ASEReadCounter.table","NW_015090842.1:10251354",0,6,6
"LOC106888384","s329_S_RAP_03_ASEReadCounter.table","NW_015090842.1:10251358",0,6,6
"LOC106888384","s329_S_RAP_03_ASEReadCounter.table","NW_015090842.1:10251369",0,6,6
"LOC106888384","s329_S_RAP_03_ASEReadCounter.table","NW_015090842.1:10251370",0,6,6
"LOC106888384","s329_S_RAP_03_ASEReadCounter.table","NW_015090842.1:10251375",0,6,6
"LOC106888384","s329_S_RAP_03_ASEReadCounter.table","NW_015090842.1:10251388",0,5,5
"LOC106888384","s329_S_RAP_03_ASEReadCounter.table","NW_015090842.1:10251390",0,5,5
"LOC106888384","s329_S_RAP_03_ASEReadCounter.table","NW_015090842.1:10251393",0,5,5
"LOC106888384","s329_S_RAP_03_ASEReadCounter.table","NW_015090842.1:10251399",0,5,5
"LOC106888384","s329_S_RAP_03_ASEReadCounter.table","NW_015090842.1:10251492",3,3,0
"LOC106888384","s329_S_RAP_03_ASEReadCounter.table","NW_015090842.1:10253284",2,3,1
"LOC106888384","s329_S_RAP_03_ASEReadCounter.table","NW_015090842.1:10253605",2,2,0
"LOC106888384","s329_S_RAP_03_ASEReadCounter.table","NW_015090842.1:10254028",2,2,0
"LOC106888384","s329_S_RAP_03_ASEReadCounter.table","NW_015090842.1:10254227",2,2,0
"LOC106888384","s329_S_RAP_03_ASEReadCounter.table","NW_015090842.1:10254233",2,2,0
"LOC106888384","s329_S_RAP_03_ASEReadCounter.table","NW_015090842.1:10254263",3,3,0
"LOC106888384","s329_S_RAP_03_ASEReadCounter.table","NW_015090842.1:10254293",2,2,0
"LOC106888384","s329_S_RAP_03_ASEReadCounter.table","NW_015090842.1:10254570",0,1,1
"LOC106888384","s329_S_RAP_03_ASEReadCounter.table","NW_015090842.1:10254647",1,1,0
"LOC106888384","s329_S_RAP_03_ASEReadCounter.table","NW_015090842.1:10254663",1,1,0
"LOC106888384","s329_S_RAP_03_ASEReadCounter.table","NW_015090842.1:10254840",0,1,1
"LOC106888384","s329_S_RAP_03_ASEReadCounter.table","NW_015090842.1:10254854",1,1,0
"LOC106888384","s329_S_RAP_03_ASEReadCounter.table","NW_015090842.1:10254891",1,1,0
"LOC106888384","s329_S_RAP_03_ASEReadCounter.table","NW_015090842.1:10254900",0,1,1
"LOC106888384","s329_S_RAP_03_ASEReadCounter.table","NW_015090842.1:10254915",0,1,1
"LOC106888384","s329_S_RAP_03_ASEReadCounter.table","NW_015090842.1:10255077",0,1,1
"LOC106888384","s329_S_RAP_03_ASEReadCounter.table","NW_015090842.1:10255117",1,2,1
"LOC106888384","s329_S_RAP_03_ASEReadCounter.table","NW_015090842.1:10255138",1,2,1
"LOC106888384","s329_S_RAP_03_ASEReadCounter.table","NW_015090842.1:10255139",1,2,1
"LOC106888384","s329_S_RAP_03_ASEReadCounter.table","NW_015090842.1:10255209",1,1,0
"LOC106888384","s329_S_RAP_03_ASEReadCounter.table","NW_015090842.1:10255211",1,2,1
"LOC106888384","s329_S_RAP_03_ASEReadCounter.table","NW_015090842.1:10255236",0,1,1
"LOC106888384","s329_S_RAP_03_ASEReadCounter.table","NW_015090842.1:10255262",1,2,1
"LOC106888384","s329_S_RAP_03_ASEReadCounter.table","NW_015090842.1:10255264",1,2,1
"LOC106888384","s329_S_RAP_03_ASEReadCounter.table","NW_015090842.1:10255306",3,3,0
"LOC106888384","s329_S_RAP_03_ASEReadCounter.table","NW_015090842.1:10255340",2,2,0
"LOC106888384","s329_S_RAP_03_ASEReadCounter.table","NW_015090842.1:10255410",1,1,0
"LOC106888384","s329_S_RAP_03_ASEReadCounter.table","NW_015090842.1:10255449",1,1,0
"LOC106888384","s329_S_RAP_03_ASEReadCounter.table","NW_015090842.1:10255496",2,2,0
"LOC106888384","s329_S_RAP_03_ASEReadCounter.table","NW_015090842.1:10255505",2,2,0
"LOC106888384","s329_S_RAP_03_ASEReadCounter.table","NW_015090842.1:10255531",2,2,0
"LOC106888384","s329_S_RAP_03_ASEReadCounter.table","NW_015090842.1:10255608",2,2,0
"LOC106888384","s329_S_RAP_03_ASEReadCounter.table","NW_015090842.1:10255614",2,2,0
"LOC106888384","s329_S_RAP_03_ASEReadCounter.table","NW_015090842.1:10255704",1,1,0
"TANGO6","s329_S_RAP_03_ASEReadCounter.table","NW_015090842.1:10257782",7,11,4
"TANGO6","s329_S_RAP_03_ASEReadCounter.table","NW_015090842.1:10258162",12,21,9
"TANGO6","s329_S_RAP_03_ASEReadCounter.table","NW_015090842.1:10258185",11,21,10
"TANGO6","s329_S_RAP_03_ASEReadCounter.table","NW_015090842.1:10259267",16,26,10
"TANGO6","s329_S_RAP_03_ASEReadCounter.table","NW_015090842.1:10260250",40,63,23
"TANGO6","s329_S_RAP_03_ASEReadCounter.table","NW_015090842.1:10260979",31,47,16
"TANGO6","s329_S_RAP_03_ASEReadCounter.table","NW_015090842.1:10261599",24,43,19
"TANGO6","s329_S_RAP_03_ASEReadCounter.table","NW_015090842.1:10268425",42,66,24
"TANGO6","s329_S_RAP_03_ASEReadCounter.table","NW_015090842.1:10269831",33,50,17
"TANGO6","s329_S_RAP_03_ASEReadCounter.table","NW_015090842.1:10270813",37,68,31
"TANGO6","s329_S_RAP_03_ASEReadCounter.table","NW_015090842.1:10273952",23,32,9
"TANGO6","s329_S_RAP_03_ASEReadCounter.table","NW_015090842.1:10273970",27,40,13
"TANGO6","s329_S_RAP_03_ASEReadCounter.table","NW_015090842.1:10274018",30,43,13
"TANGO6","s329_S_RAP_03_ASEReadCounter.table","NW_015090842.1:10275974",30,56,26
"TANGO6","s329_S_RAP_03_ASEReadCounter.table","NW_015090842.1:10275976",30,56,26
"TANGO6","s329_S_RAP_03_ASEReadCounter.table","NW_015090842.1:10276123",26,44,18
"TANGO6","s329_S_RAP_03_ASEReadCounter.table","NW_015090842.1:10276271",37,52,15
"TANGO6","s329_S_RAP_03_ASEReadCounter.table","NW_015090842.1:10276272",36,51,15
"TANGO6","s329_S_RAP_03_ASEReadCounter.table","NW_015090842.1:10276275",42,55,13
"TANGO6","s329_S_RAP_03_ASEReadCounter.table","NW_015090842.1:10276278",41,53,12
"TANGO6","s329_S_RAP_03_ASEReadCounter.table","NW_015090842.1:10276368",26,38,12
"TANGO6","s329_S_RAP_03_ASEReadCounter.table","NW_015090842.1:10276373",25,39,14
"TANGO6","s329_S_RAP_03_ASEReadCounter.table","NW_015090842.1:10276630",31,51,20
"TANGO6","s329_S_RAP_03_ASEReadCounter.table","NW_015090842.1:10281498",42,61,19
"TANGO6","s329_S_RAP_03_ASEReadCounter.table","NW_015090842.1:10282842",44,68,24
"TANGO6","s329_S_RAP_03_ASEReadCounter.table","NW_015090842.1:10282863",39,60,21
"TANGO6","s329_S_RAP_03_ASEReadCounter.table","NW_015090842.1:10282869",38,57,19
"TANGO6","s329_S_RAP_03_ASEReadCounter.table","NW_015090842.1:10282903",33,64,31
"TANGO6","s329_S_RAP_03_ASEReadCounter.table","NW_015090842.1:10283757",36,56,20
"TANGO6","s329_S_RAP_03_ASEReadCounter.table","NW_015090842.1:10283785",37,58,21
"HAS3","s329_S_RAP_03_ASEReadCounter.table","NW_015090842.1:10288093",1,2,1
"HAS3","s329_S_RAP_03_ASEReadCounter.table","NW_015090842.1:10288266",1,1,0
"HAS3","s329_S_RAP_03_ASEReadCounter.table","NW_015090842.1:10288274",1,1,0
"HAS3","s329_S_RAP_03_ASEReadCounter.table","NW_015090842.1:10288364",0,1,1
"HAS3","s329_S_RAP_03_ASEReadCounter.table","NW_015090842.1:10288405",0,2,2
"HAS3","s329_S_RAP_03_ASEReadCounter.table","NW_015090842.1:10289469",1,1,0
"HAS3","s329_S_RAP_03_ASEReadCounter.table","NW_015090842.1:10289708",1,4,3
"HAS3","s329_S_RAP_03_ASEReadCounter.table","NW_015090842.1:10290375",0,2,2
"HAS3","s329_S_RAP_03_ASEReadCounter.table","NW_015090842.1:10290395",0,2,2
"HAS3","s329_S_RAP_03_ASEReadCounter.table","NW_015090842.1:10290561",1,3,2
"HAS3","s329_S_RAP_03_ASEReadCounter.table","NW_015090842.1:10290609",2,4,2
"HAS3","s329_S_RAP_03_ASEReadCounter.table","NW_015090842.1:10290666",1,2,1
"HAS3","s329_S_RAP_03_ASEReadCounter.table","NW_015090842.1:10290927",1,2,1
"HAS3","s329_S_RAP_03_ASEReadCounter.table","NW_015090842.1:10291004",0,1,1
"CHTF8","s329_S_RAP_03_ASEReadCounter.table","NW_015090842.1:10291319",2,6,4
"CHTF8","s329_S_RAP_03_ASEReadCounter.table","NW_015090842.1:10291342",3,6,3
"CHTF8","s329_S_RAP_03_ASEReadCounter.table","NW_015090842.1:10291491",4,12,8
"CHTF8","s329_S_RAP_03_ASEReadCounter.table","NW_015090842.1:10291520",3,15,12
"CHTF8","s329_S_RAP_03_ASEReadCounter.table","NW_015090842.1:10291593",4,16,12
"CHTF8","s329_S_RAP_03_ASEReadCounter.table","NW_015090842.1:10291600",4,13,9
"CHTF8","s329_S_RAP_03_ASEReadCounter.table","NW_015090842.1:10291609",3,11,8
"CHTF8","s329_S_RAP_03_ASEReadCounter.table","NW_015090842.1:10291639",4,11,7
"CHTF8","s329_S_RAP_03_ASEReadCounter.table","NW_015090842.1:10291641",4,11,7
"CHTF8","s329_S_RAP_03_ASEReadCounter.table","NW_015090842.1:10291648",7,13,6
"CHTF8","s329_S_RAP_03_ASEReadCounter.table","NW_015090842.1:10291656",6,14,8
"CHTF8","s329_S_RAP_03_ASEReadCounter.table","NW_015090842.1:10291675",7,17,10
"CHTF8","s329_S_RAP_03_ASEReadCounter.table","NW_015090842.1:10291696",8,18,10
"CHTF8","s329_S_RAP_03_ASEReadCounter.table","NW_015090842.1:10291714",9,18,9
"CHTF8","s329_S_RAP_03_ASEReadCounter.table","NW_015090842.1:10291732",12,20,8
"CHTF8","s329_S_RAP_03_ASEReadCounter.table","NW_015090842.1:10291755",8,15,7
"CHTF8","s329_S_RAP_03_ASEReadCounter.table","NW_015090842.1:10291756",8,15,7
"CHTF8","s329_S_RAP_03_ASEReadCounter.table","NW_015090842.1:10291758",8,15,7
"CHTF8","s329_S_RAP_03_ASEReadCounter.table","NW_015090842.1:10291792",7,12,5
"CHTF8","s329_S_RAP_03_ASEReadCounter.table","NW_015090842.1:10291895",10,12,2
"CHTF8","s329_S_RAP_03_ASEReadCounter.table","NW_015090842.1:10292132",5,7,2
"CHTF8","s329_S_RAP_03_ASEReadCounter.table","NW_015090842.1:10292314",5,9,4
"CHTF8","s329_S_RAP_03_ASEReadCounter.table","NW_015090842.1:10292317",6,10,4
"CHTF8","s329_S_RAP_03_ASEReadCounter.table","NW_015090842.1:10292928",2,3,1
"UTP4","s329_S_RAP_03_ASEReadCounter.table","NW_015090842.1:10293146",11,25,14
"UTP4","s329_S_RAP_03_ASEReadCounter.table","NW_015090842.1:10293151",9,24,15
"UTP4","s329_S_RAP_03_ASEReadCounter.table","NW_015090842.1:10293191",8,24,16
"UTP4","s329_S_RAP_03_ASEReadCounter.table","NW_015090842.1:10293362",11,24,13
"UTP4","s329_S_RAP_03_ASEReadCounter.table","NW_015090842.1:10293430",8,16,8
"UTP4","s329_S_RAP_03_ASEReadCounter.table","NW_015090842.1:10293625",13,28,15
"UTP4","s329_S_RAP_03_ASEReadCounter.table","NW_015090842.1:10293684",12,27,15
"UTP4","s329_S_RAP_03_ASEReadCounter.table","NW_015090842.1:10294093",12,21,9
"UTP4","s329_S_RAP_03_ASEReadCounter.table","NW_015090842.1:10294568",13,24,11
"UTP4","s329_S_RAP_03_ASEReadCounter.table","NW_015090842.1:10294622",12,31,19
"UTP4","s329_S_RAP_03_ASEReadCounter.table","NW_015090842.1:10294632",11,28,17
"UTP4","s329_S_RAP_03_ASEReadCounter.table","NW_015090842.1:10295238",8,25,17
"UTP4","s329_S_RAP_03_ASEReadCounter.table","NW_015090842.1:10295880",14,34,20
"UTP4","s329_S_RAP_03_ASEReadCounter.table","NW_015090842.1:10295884",14,36,22
"UTP4","s329_S_RAP_03_ASEReadCounter.table","NW_015090842.1:10295903",9,31,22
"UTP4","s329_S_RAP_03_ASEReadCounter.table","NW_015090842.1:10295906",6,27,21
"UTP4","s329_S_RAP_03_ASEReadCounter.table","NW_015090842.1:10295915",10,33,23
"UTP4","s329_S_RAP_03_ASEReadCounter.table","NW_015090842.1:10295938",11,30,19
"UTP4","s329_S_RAP_03_ASEReadCounter.table","NW_015090842.1:10296175",14,31,17
"UTP4","s329_S_RAP_03_ASEReadCounter.table","NW_015090842.1:10296660",14,25,11
"UTP4","s329_S_RAP_03_ASEReadCounter.table","NW_015090842.1:10296679",12,29,17
"UTP4","s329_S_RAP_03_ASEReadCounter.table","NW_015090842.1:10297193",16,50,34
"UTP4","s329_S_RAP_03_ASEReadCounter.table","NW_015090842.1:10297220",14,44,30
"UTP4","s329_S_RAP_03_ASEReadCounter.table","NW_015090842.1:10297307",24,55,31
"UTP4","s329_S_RAP_03_ASEReadCounter.table","NW_015090842.1:10297558",22,44,22
"UTP4","s329_S_RAP_03_ASEReadCounter.table","NW_015090842.1:10297943",16,33,17
"UTP4","s329_S_RAP_03_ASEReadCounter.table","NW_015090842.1:10297979",11,33,22
"UTP4","s329_S_RAP_03_ASEReadCounter.table","NW_015090842.1:10298022",9,23,14
"UTP4","s329_S_RAP_03_ASEReadCounter.table","NW_015090842.1:10298079",4,6,2
"UTP4","s329_S_RAP_03_ASEReadCounter.table","NW_015090842.1:10298081",3,5,2
"UTP4","s329_S_RAP_03_ASEReadCounter.table","NW_015090842.1:10298082",3,6,3
"SNTB2","s329_S_RAP_03_ASEReadCounter.table","NW_015090842.1:10298905",1,2,1
"SNTB2","s329_S_RAP_03_ASEReadCounter.table","NW_015090842.1:10298928",1,2,1
"SNTB2","s329_S_RAP_03_ASEReadCounter.table","NW_015090842.1:10303506",4,5,1
"SNTB2","s329_S_RAP_03_ASEReadCounter.table","NW_015090842.1:10303524",2,2,0
"SNTB2","s329_S_RAP_03_ASEReadCounter.table","NW_015090842.1:10304059",2,2,0
"SNTB2","s329_S_RAP_03_ASEReadCounter.table","NW_015090842.1:10304089",1,2,1
"SNTB2","s329_S_RAP_03_ASEReadCounter.table","NW_015090842.1:10304167",0,1,1
"SNTB2","s329_S_RAP_03_ASEReadCounter.table","NW_015090842.1:10305069",1,2,1
"SNTB2","s329_S_RAP_03_ASEReadCounter.table","NW_015090842.1:10305099",1,2,1
"SNTB2","s329_S_RAP_03_ASEReadCounter.table","NW_015090842.1:10305451",4,8,4
"SNTB2","s329_S_RAP_03_ASEReadCounter.table","NW_015090842.1:10305547",5,9,4
"SNTB2","s329_S_RAP_03_ASEReadCounter.table","NW_015090842.1:10305847",5,7,2
"SNTB2","s329_S_RAP_03_ASEReadCounter.table","NW_015090842.1:10305911",6,11,5
"SNTB2","s329_S_RAP_03_ASEReadCounter.table","NW_015090842.1:10306173",4,7,3
"SNTB2","s329_S_RAP_03_ASEReadCounter.table","NW_015090842.1:10306275",1,3,2
"SNTB2","s329_S_RAP_03_ASEReadCounter.table","NW_015090842.1:10306457",3,7,4
"SNTB2","s329_S_RAP_03_ASEReadCounter.table","NW_015090842.1:10306496",5,8,3
"SNTB2","s329_S_RAP_03_ASEReadCounter.table","NW_015090842.1:10306499",5,8,3
"VPS4A","s329_S_RAP_03_ASEReadCounter.table","NW_015090842.1:10308566",84,179,95
"VPS4A","s329_S_RAP_03_ASEReadCounter.table","NW_015090842.1:10308573",86,187,101
"VPS4A","s329_S_RAP_03_ASEReadCounter.table","NW_015090842.1:10308856",112,274,162
"VPS4A","s329_S_RAP_03_ASEReadCounter.table","NW_015090842.1:10309056",159,345,186
"VPS4A","s329_S_RAP_03_ASEReadCounter.table","NW_015090842.1:10309089",189,395,206
"VPS4A","s329_S_RAP_03_ASEReadCounter.table","NW_015090842.1:10309392",165,365,200
"VPS4A","s329_S_RAP_03_ASEReadCounter.table","NW_015090842.1:10309413",182,376,194
"VPS4A","s329_S_RAP_03_ASEReadCounter.table","NW_015090842.1:10309467",203,413,210
"VPS4A","s329_S_RAP_03_ASEReadCounter.table","NW_015090842.1:10310230",191,427,236
"VPS4A","s329_S_RAP_03_ASEReadCounter.table","NW_015090842.1:10310425",172,362,190
"VPS4A","s329_S_RAP_03_ASEReadCounter.table","NW_015090842.1:10310639",207,462,255
"VPS4A","s329_S_RAP_03_ASEReadCounter.table","NW_015090842.1:10310640",457,457,0
"VPS4A","s329_S_RAP_03_ASEReadCounter.table","NW_015090842.1:10310687",214,454,240
"VPS4A","s329_S_RAP_03_ASEReadCounter.table","NW_015090842.1:10310734",184,362,178
"VPS4A","s329_S_RAP_03_ASEReadCounter.table","NW_015090842.1:10310737",186,369,183
"VPS4A","s329_S_RAP_03_ASEReadCounter.table","NW_015090842.1:10310746",174,366,192
"VPS4A","s329_S_RAP_03_ASEReadCounter.table","NW_015090842.1:10310767",193,387,194
"VPS4A","s329_S_RAP_03_ASEReadCounter.table","NW_015090842.1:10310995",223,417,194
"VPS4A","s329_S_RAP_03_ASEReadCounter.table","NW_015090842.1:10311004",207,410,203
"VPS4A","s329_S_RAP_03_ASEReadCounter.table","NW_015090842.1:10311007",212,430,218
"VPS4A","s329_S_RAP_03_ASEReadCounter.table","NW_015090842.1:10311013",226,443,217
"VPS4A","s329_S_RAP_03_ASEReadCounter.table","NW_015090842.1:10311022",206,418,212
"VPS4A","s329_S_RAP_03_ASEReadCounter.table","NW_015090842.1:10311023",208,414,206
"VPS4A","s329_S_RAP_03_ASEReadCounter.table","NW_015090842.1:10311426",200,428,228
"VPS4A","s329_S_RAP_03_ASEReadCounter.table","NW_015090842.1:10311489",3,11,8
"VPS4A","s329_S_RAP_03_ASEReadCounter.table","NW_015090842.1:10311490",3,6,3
"VPS4A","s329_S_RAP_03_ASEReadCounter.table","NW_015090842.1:10311525",11,21,10
"VPS4A","s329_S_RAP_03_ASEReadCounter.table","NW_015090842.1:10311529",11,26,15
"VPS4A","s329_S_RAP_03_ASEReadCounter.table","NW_015090842.1:10311530",11,27,16
"VPS4A","s329_S_RAP_03_ASEReadCounter.table","NW_015090842.1:10311552",42,64,22
"VPS4A","s329_S_RAP_03_ASEReadCounter.table","NW_015090842.1:10311689",16,43,27
"VPS4A","s329_S_RAP_03_ASEReadCounter.table","NW_015090842.1:10311700",30,57,27
"VPS4A","s329_S_RAP_03_ASEReadCounter.table","NW_015090842.1:10311701",28,56,28
"VPS4A","s329_S_RAP_03_ASEReadCounter.table","NW_015090842.1:10311703",29,56,27
"COG8","s329_S_RAP_03_ASEReadCounter.table","NW_015090842.1:10313487",19,49,30
"COG8","s329_S_RAP_03_ASEReadCounter.table","NW_015090842.1:10313559",30,70,40
"COG8","s329_S_RAP_03_ASEReadCounter.table","NW_015090842.1:10313579",25,61,36
"COG8","s329_S_RAP_03_ASEReadCounter.table","NW_015090842.1:10313665",27,50,23
"COG8","s329_S_RAP_03_ASEReadCounter.table","NW_015090842.1:10313681",29,58,29
"COG8","s329_S_RAP_03_ASEReadCounter.table","NW_015090842.1:10313768",29,63,34
"COG8","s329_S_RAP_03_ASEReadCounter.table","NW_015090842.1:10313775",28,60,32
"COG8","s329_S_RAP_03_ASEReadCounter.table","NW_015090842.1:10313811",26,52,26
"COG8","s329_S_RAP_03_ASEReadCounter.table","NW_015090842.1:10313858",25,49,24
"COG8","s329_S_RAP_03_ASEReadCounter.table","NW_015090842.1:10313859",25,52,27
"COG8","s329_S_RAP_03_ASEReadCounter.table","NW_015090842.1:10314100",25,60,35
"COG8","s329_S_RAP_03_ASEReadCounter.table","NW_015090842.1:10314213",22,49,27
"COG8","s329_S_RAP_03_ASEReadCounter.table","NW_015090842.1:10315093",21,42,21
"COG8","s329_S_RAP_03_ASEReadCounter.table","NW_015090842.1:10315162",26,46,20
"COG8","s329_S_RAP_03_ASEReadCounter.table","NW_015090842.1:10315285",28,46,18
"COG8","s329_S_RAP_03_ASEReadCounter.table","NW_015090842.1:10315360",20,41,21
"COG8","s329_S_RAP_03_ASEReadCounter.table","NW_015090842.1:10315369",23,46,23
"COG8","s329_S_RAP_03_ASEReadCounter.table","NW_015090842.1:10315508",13,28,15
"COG8","s329_S_RAP_03_ASEReadCounter.table","NW_015090842.1:10315624",13,37,24
"COG8","s329_S_RAP_03_ASEReadCounter.table","NW_015090842.1:10315693",15,30,15
"COG8","s329_S_RAP_03_ASEReadCounter.table","NW_015090842.1:10315698",14,31,17
"COG8","s329_S_RAP_03_ASEReadCounter.table","NW_015090842.1:10315768",15,39,24
"COG8","s329_S_RAP_03_ASEReadCounter.table","NW_015090842.1:10315769",16,40,24
"COG8","s329_S_RAP_03_ASEReadCounter.table","NW_015090842.1:10315784",16,38,22
"COG8","s329_S_RAP_03_ASEReadCounter.table","NW_015090842.1:10316093",15,37,22
"COG8","s329_S_RAP_03_ASEReadCounter.table","NW_015090842.1:10316133",11,29,18
"NIP7","s329_S_RAP_03_ASEReadCounter.table","NW_015090842.1:10316759",10,36,26
"NIP7","s329_S_RAP_03_ASEReadCounter.table","NW_015090842.1:10316967",93,209,116
"NIP7","s329_S_RAP_03_ASEReadCounter.table","NW_015090842.1:10316995",119,242,123
"NIP7","s329_S_RAP_03_ASEReadCounter.table","NW_015090842.1:10317240",155,303,148
"NIP7","s329_S_RAP_03_ASEReadCounter.table","NW_015090842.1:10317247",151,304,153
"NIP7","s329_S_RAP_03_ASEReadCounter.table","NW_015090842.1:10317264",148,281,133
"NIP7","s329_S_RAP_03_ASEReadCounter.table","NW_015090842.1:10317433",143,328,185
"NIP7","s329_S_RAP_03_ASEReadCounter.table","NW_015090842.1:10317738",119,298,179
"NIP7","s329_S_RAP_03_ASEReadCounter.table","NW_015090842.1:10317769",121,283,162
"NIP7","s329_S_RAP_03_ASEReadCounter.table","NW_015090842.1:10317808",85,188,103
"NIP7","s329_S_RAP_03_ASEReadCounter.table","NW_015090842.1:10317870",46,133,87
"NIP7","s329_S_RAP_03_ASEReadCounter.table","NW_015090842.1:10317871",46,131,85
"NIP7","s329_S_RAP_03_ASEReadCounter.table","NW_015090842.1:10317898",34,95,61
"NIP7","s329_S_RAP_03_ASEReadCounter.table","NW_015090842.1:10317911",31,77,46
"TMED6","s329_S_RAP_03_ASEReadCounter.table","NW_015090842.1:10318514",1,1,0
"TMED6","s329_S_RAP_03_ASEReadCounter.table","NW_015090842.1:10318731",1,1,0
"TERF2","s329_S_RAP_03_ASEReadCounter.table","NW_015090842.1:10321768",31,61,30
"TERF2","s329_S_RAP_03_ASEReadCounter.table","NW_015090842.1:10321777",29,59,30
"TERF2","s329_S_RAP_03_ASEReadCounter.table","NW_015090842.1:10321805",25,66,41
"TERF2","s329_S_RAP_03_ASEReadCounter.table","NW_015090842.1:10321878",34,80,46
"TERF2","s329_S_RAP_03_ASEReadCounter.table","NW_015090842.1:10321893",31,70,39
"TERF2","s329_S_RAP_03_ASEReadCounter.table","NW_015090842.1:10321897",31,69,38
"TERF2","s329_S_RAP_03_ASEReadCounter.table","NW_015090842.1:10321908",30,63,33
"TERF2","s329_S_RAP_03_ASEReadCounter.table","NW_015090842.1:10322001",54,106,52
"TERF2","s329_S_RAP_03_ASEReadCounter.table","NW_015090842.1:10322035",50,96,46
"TERF2","s329_S_RAP_03_ASEReadCounter.table","NW_015090842.1:10322051",52,101,49
"TERF2","s329_S_RAP_03_ASEReadCounter.table","NW_015090842.1:10322137",37,68,31
"TERF2","s329_S_RAP_03_ASEReadCounter.table","NW_015090842.1:10322144",40,73,33
"TERF2","s329_S_RAP_03_ASEReadCounter.table","NW_015090842.1:10322388",26,87,61
"TERF2","s329_S_RAP_03_ASEReadCounter.table","NW_015090842.1:10322396",28,87,59
"TERF2","s329_S_RAP_03_ASEReadCounter.table","NW_015090842.1:10322502",35,99,64
"TERF2","s329_S_RAP_03_ASEReadCounter.table","NW_015090842.1:10322504",36,102,66
"TERF2","s329_S_RAP_03_ASEReadCounter.table","NW_015090842.1:10322510",31,99,68
"TERF2","s329_S_RAP_03_ASEReadCounter.table","NW_015090842.1:10323580",50,99,49
"TERF2","s329_S_RAP_03_ASEReadCounter.table","NW_015090842.1:10324314",44,89,45
"TERF2","s329_S_RAP_03_ASEReadCounter.table","NW_015090842.1:10326832",34,69,35
"TERF2","s329_S_RAP_03_ASEReadCounter.table","NW_015090842.1:10327787",16,43,27
"TERF2","s329_S_RAP_03_ASEReadCounter.table","NW_015090842.1:10328588",12,33,21
"TERF2","s329_S_RAP_03_ASEReadCounter.table","NW_015090842.1:10328644",8,22,14
"TERF2","s329_S_RAP_03_ASEReadCounter.table","NW_015090842.1:10329813",13,27,14
"TERF2","s329_S_RAP_03_ASEReadCounter.table","NW_015090842.1:10330749",8,23,15
"TERF2","s329_S_RAP_03_ASEReadCounter.table","NW_015090842.1:10330789",10,30,20
"CYB5B","s329_S_RAP_03_ASEReadCounter.table","NW_015090842.1:10336595",4,8,4
"CYB5B","s329_S_RAP_03_ASEReadCounter.table","NW_015090842.1:10336667",47,95,48
"CYB5B","s329_S_RAP_03_ASEReadCounter.table","NW_015090842.1:10336689",73,158,85
"CYB5B","s329_S_RAP_03_ASEReadCounter.table","NW_015090842.1:10336728",115,246,131
"CYB5B","s329_S_RAP_03_ASEReadCounter.table","NW_015090842.1:10345068",128,251,123
"CYB5B","s329_S_RAP_03_ASEReadCounter.table","NW_015090842.1:10348800",168,312,144
"CYB5B","s329_S_RAP_03_ASEReadCounter.table","NW_015090842.1:10349046",142,279,137
"CYB5B","s329_S_RAP_03_ASEReadCounter.table","NW_015090842.1:10349119",72,198,126
"CYB5B","s329_S_RAP_03_ASEReadCounter.table","NW_015090842.1:10349146",53,186,133
"CYB5B","s329_S_RAP_03_ASEReadCounter.table","NW_015090842.1:10349157",80,218,138
"CYB5B","s329_S_RAP_03_ASEReadCounter.table","NW_015090842.1:10349263",98,209,111
