"gene","id","snp","ref_count","total_count","alt_count"
"CENPN","s329_S_ADR_02_ASEReadCounter.table","NW_015090842.1:5801612",0,1,1
"CENPN","s329_S_ADR_02_ASEReadCounter.table","NW_015090842.1:5801618",1,3,2
"CENPN","s329_S_ADR_02_ASEReadCounter.table","NW_015090842.1:5801623",1,3,2
"CENPN","s329_S_ADR_02_ASEReadCounter.table","NW_015090842.1:5801631",2,4,2
"CENPN","s329_S_ADR_02_ASEReadCounter.table","NW_015090842.1:5801632",2,4,2
"CENPN","s329_S_ADR_02_ASEReadCounter.table","NW_015090842.1:5801655",5,9,4
"CENPN","s329_S_ADR_02_ASEReadCounter.table","NW_015090842.1:5801670",6,10,4
"CENPN","s329_S_ADR_02_ASEReadCounter.table","NW_015090842.1:5801674",7,11,4
"CENPN","s329_S_ADR_02_ASEReadCounter.table","NW_015090842.1:5801692",7,12,5
"CENPN","s329_S_ADR_02_ASEReadCounter.table","NW_015090842.1:5802008",0,13,13
"CENPN","s329_S_ADR_02_ASEReadCounter.table","NW_015090842.1:5802012",0,12,12
"CENPN","s329_S_ADR_02_ASEReadCounter.table","NW_015090842.1:5802087",0,20,20
"CENPN","s329_S_ADR_02_ASEReadCounter.table","NW_015090842.1:5810113",5,5,0
"CENPN","s329_S_ADR_02_ASEReadCounter.table","NW_015090842.1:5810147",4,4,0
"CENPN","s329_S_ADR_02_ASEReadCounter.table","NW_015090842.1:5810148",4,4,0
"ATMIN","s329_S_ADR_02_ASEReadCounter.table","NW_015090842.1:5818789",7,9,2
"ATMIN","s329_S_ADR_02_ASEReadCounter.table","NW_015090842.1:5819958",11,24,13
"ATMIN","s329_S_ADR_02_ASEReadCounter.table","NW_015090842.1:5820004",14,31,17
"ATMIN","s329_S_ADR_02_ASEReadCounter.table","NW_015090842.1:5820217",23,28,5
"ATMIN","s329_S_ADR_02_ASEReadCounter.table","NW_015090842.1:5820250",20,34,14
"ATMIN","s329_S_ADR_02_ASEReadCounter.table","NW_015090842.1:5820298",11,24,13
"ATMIN","s329_S_ADR_02_ASEReadCounter.table","NW_015090842.1:5820417",16,29,13
"ATMIN","s329_S_ADR_02_ASEReadCounter.table","NW_015090842.1:5820421",18,31,13
"ATMIN","s329_S_ADR_02_ASEReadCounter.table","NW_015090842.1:5820448",15,27,12
"ATMIN","s329_S_ADR_02_ASEReadCounter.table","NW_015090842.1:5820457",14,25,11
"ATMIN","s329_S_ADR_02_ASEReadCounter.table","NW_015090842.1:5820510",10,16,6
"ATMIN","s329_S_ADR_02_ASEReadCounter.table","NW_015090842.1:5820673",12,20,8
"ATMIN","s329_S_ADR_02_ASEReadCounter.table","NW_015090842.1:5820754",16,31,15
"ATMIN","s329_S_ADR_02_ASEReadCounter.table","NW_015090842.1:5820820",15,34,19
"ATMIN","s329_S_ADR_02_ASEReadCounter.table","NW_015090842.1:5820865",12,31,19
"ATMIN","s329_S_ADR_02_ASEReadCounter.table","NW_015090842.1:5820889",9,29,20
"ATMIN","s329_S_ADR_02_ASEReadCounter.table","NW_015090842.1:5820891",9,30,21
"ATMIN","s329_S_ADR_02_ASEReadCounter.table","NW_015090842.1:5820997",14,30,16
"ATMIN","s329_S_ADR_02_ASEReadCounter.table","NW_015090842.1:5821063",6,17,11
"ATMIN","s329_S_ADR_02_ASEReadCounter.table","NW_015090842.1:5821132",14,29,15
"ATMIN","s329_S_ADR_02_ASEReadCounter.table","NW_015090842.1:5821645",19,34,15
"ATMIN","s329_S_ADR_02_ASEReadCounter.table","NW_015090842.1:5825066",15,23,8
"ATMIN","s329_S_ADR_02_ASEReadCounter.table","NW_015090842.1:5825106",20,29,9
"ATMIN","s329_S_ADR_02_ASEReadCounter.table","NW_015090842.1:5825122",19,29,10
"ATMIN","s329_S_ADR_02_ASEReadCounter.table","NW_015090842.1:5825178",19,29,10
"ATMIN","s329_S_ADR_02_ASEReadCounter.table","NW_015090842.1:5825194",20,28,8
"ATMIN","s329_S_ADR_02_ASEReadCounter.table","NW_015090842.1:5825195",20,28,8
"ATMIN","s329_S_ADR_02_ASEReadCounter.table","NW_015090842.1:5825220",14,23,9
"ATMIN","s329_S_ADR_02_ASEReadCounter.table","NW_015090842.1:5825240",17,30,13
"ATMIN","s329_S_ADR_02_ASEReadCounter.table","NW_015090842.1:5825303",18,32,14
"ATMIN","s329_S_ADR_02_ASEReadCounter.table","NW_015090842.1:5825304",18,33,15
"ATMIN","s329_S_ADR_02_ASEReadCounter.table","NW_015090842.1:5825310",17,31,14
"ATMIN","s329_S_ADR_02_ASEReadCounter.table","NW_015090842.1:5825406",12,22,10
"ATMIN","s329_S_ADR_02_ASEReadCounter.table","NW_015090842.1:5825415",13,24,11
"ATMIN","s329_S_ADR_02_ASEReadCounter.table","NW_015090842.1:5825438",8,16,8
"ATMIN","s329_S_ADR_02_ASEReadCounter.table","NW_015090842.1:5825485",13,20,7
"ATMIN","s329_S_ADR_02_ASEReadCounter.table","NW_015090842.1:5825524",13,24,11
"ATMIN","s329_S_ADR_02_ASEReadCounter.table","NW_015090842.1:5825557",9,21,12
"ATMIN","s329_S_ADR_02_ASEReadCounter.table","NW_015090842.1:5825571",12,25,13
"ATMIN","s329_S_ADR_02_ASEReadCounter.table","NW_015090842.1:5825579",13,25,12
"ATMIN","s329_S_ADR_02_ASEReadCounter.table","NW_015090842.1:5825590",14,23,9
"ATMIN","s329_S_ADR_02_ASEReadCounter.table","NW_015090842.1:5825689",19,33,14
"ATMIN","s329_S_ADR_02_ASEReadCounter.table","NW_015090842.1:5825703",25,40,15
"ATMIN","s329_S_ADR_02_ASEReadCounter.table","NW_015090842.1:5825787",22,36,14
"ATMIN","s329_S_ADR_02_ASEReadCounter.table","NW_015090842.1:5825833",15,27,12
"ATMIN","s329_S_ADR_02_ASEReadCounter.table","NW_015090842.1:5825841",14,25,11
"ATMIN","s329_S_ADR_02_ASEReadCounter.table","NW_015090842.1:5825895",16,25,9
"ATMIN","s329_S_ADR_02_ASEReadCounter.table","NW_015090842.1:5825984",7,24,17
"ATMIN","s329_S_ADR_02_ASEReadCounter.table","NW_015090842.1:5826162",13,22,9
"ATMIN","s329_S_ADR_02_ASEReadCounter.table","NW_015090842.1:5826194",14,19,5
"ATMIN","s329_S_ADR_02_ASEReadCounter.table","NW_015090842.1:5826235",19,27,8
"ATMIN","s329_S_ADR_02_ASEReadCounter.table","NW_015090842.1:5826245",20,30,10
"ATMIN","s329_S_ADR_02_ASEReadCounter.table","NW_015090842.1:5826335",11,24,13
"ATMIN","s329_S_ADR_02_ASEReadCounter.table","NW_015090842.1:5826417",14,22,8
"ATMIN","s329_S_ADR_02_ASEReadCounter.table","NW_015090842.1:5826431",12,21,9
"ATMIN","s329_S_ADR_02_ASEReadCounter.table","NW_015090842.1:5826438",13,19,6
"ATMIN","s329_S_ADR_02_ASEReadCounter.table","NW_015090842.1:5826463",15,30,15
"ATMIN","s329_S_ADR_02_ASEReadCounter.table","NW_015090842.1:5826502",14,28,14
"ATMIN","s329_S_ADR_02_ASEReadCounter.table","NW_015090842.1:5826511",14,28,14
"ATMIN","s329_S_ADR_02_ASEReadCounter.table","NW_015090842.1:5826659",16,33,17
"ATMIN","s329_S_ADR_02_ASEReadCounter.table","NW_015090842.1:5826701",16,35,19
"ATMIN","s329_S_ADR_02_ASEReadCounter.table","NW_015090842.1:5826702",16,35,19
"ATMIN","s329_S_ADR_02_ASEReadCounter.table","NW_015090842.1:5826732",20,39,19
"ATMIN","s329_S_ADR_02_ASEReadCounter.table","NW_015090842.1:5826745",22,39,17
"ATMIN","s329_S_ADR_02_ASEReadCounter.table","NW_015090842.1:5826835",19,31,12
"ATMIN","s329_S_ADR_02_ASEReadCounter.table","NW_015090842.1:5826910",18,31,13
"ATMIN","s329_S_ADR_02_ASEReadCounter.table","NW_015090842.1:5826942",15,34,19
"ATMIN","s329_S_ADR_02_ASEReadCounter.table","NW_015090842.1:5827193",23,37,14
"ATMIN","s329_S_ADR_02_ASEReadCounter.table","NW_015090842.1:5827196",22,36,14
"ATMIN","s329_S_ADR_02_ASEReadCounter.table","NW_015090842.1:5827269",21,33,12
"ATMIN","s329_S_ADR_02_ASEReadCounter.table","NW_015090842.1:5827315",16,30,14
"ATMIN","s329_S_ADR_02_ASEReadCounter.table","NW_015090842.1:5827316",16,31,15
"ATMIN","s329_S_ADR_02_ASEReadCounter.table","NW_015090842.1:5827333",15,30,15
"PPP1R3E","s329_S_ADR_02_ASEReadCounter.table","NW_015090842.1:5837733",10,19,9
"PPP1R3E","s329_S_ADR_02_ASEReadCounter.table","NW_015090842.1:5837947",10,22,12
"PKD1L2","s329_S_ADR_02_ASEReadCounter.table","NW_015090842.1:5867597",1,1,0
"PKD1L2","s329_S_ADR_02_ASEReadCounter.table","NW_015090842.1:5867600",1,1,0
"PKD1L2","s329_S_ADR_02_ASEReadCounter.table","NW_015090842.1:5867660",1,2,1
"PKD1L2","s329_S_ADR_02_ASEReadCounter.table","NW_015090842.1:5867675",0,1,1
"PKD1L2","s329_S_ADR_02_ASEReadCounter.table","NW_015090842.1:5867788",1,2,1
"PKD1L2","s329_S_ADR_02_ASEReadCounter.table","NW_015090842.1:5867843",1,3,2
"BCO1","s329_S_ADR_02_ASEReadCounter.table","NW_015090842.1:5915610",1,1,0
"BCO1","s329_S_ADR_02_ASEReadCounter.table","NW_015090842.1:5915646",1,1,0
"BCO1","s329_S_ADR_02_ASEReadCounter.table","NW_015090842.1:5917836",3,3,0
"BCO1","s329_S_ADR_02_ASEReadCounter.table","NW_015090842.1:5917912",31,48,17
"BCO1","s329_S_ADR_02_ASEReadCounter.table","NW_015090842.1:5917941",48,66,18
"BCO1","s329_S_ADR_02_ASEReadCounter.table","NW_015090842.1:5917971",52,71,19
"BCO1","s329_S_ADR_02_ASEReadCounter.table","NW_015090842.1:5921679",54,80,26
"BCO1","s329_S_ADR_02_ASEReadCounter.table","NW_015090842.1:5921726",56,80,24
"BCO1","s329_S_ADR_02_ASEReadCounter.table","NW_015090842.1:5925669",28,47,19
"BCO1","s329_S_ADR_02_ASEReadCounter.table","NW_015090842.1:5925753",36,57,21
"BCO1","s329_S_ADR_02_ASEReadCounter.table","NW_015090842.1:5926937",37,53,16
"BCO1","s329_S_ADR_02_ASEReadCounter.table","NW_015090842.1:5927921",31,51,20
"BCO1","s329_S_ADR_02_ASEReadCounter.table","NW_015090842.1:5927948",37,56,19
"BCO1","s329_S_ADR_02_ASEReadCounter.table","NW_015090842.1:5927968",46,70,24
"BCO1","s329_S_ADR_02_ASEReadCounter.table","NW_015090842.1:5928052",38,65,27
"BCO1","s329_S_ADR_02_ASEReadCounter.table","NW_015090842.1:5932726",58,81,23
"BCO1","s329_S_ADR_02_ASEReadCounter.table","NW_015090842.1:5932801",47,74,27
"BCO1","s329_S_ADR_02_ASEReadCounter.table","NW_015090842.1:5934558",32,45,13
"BCO1","s329_S_ADR_02_ASEReadCounter.table","NW_015090842.1:5934575",31,44,13
"BCO1","s329_S_ADR_02_ASEReadCounter.table","NW_015090842.1:5934608",33,49,16
"BCO1","s329_S_ADR_02_ASEReadCounter.table","NW_015090842.1:5934647",27,41,14
"BCO1","s329_S_ADR_02_ASEReadCounter.table","NW_015090842.1:5934725",26,39,13
"BCO1","s329_S_ADR_02_ASEReadCounter.table","NW_015090842.1:5934726",26,39,13
"BCO1","s329_S_ADR_02_ASEReadCounter.table","NW_015090842.1:5934733",26,39,13
"BCO1","s329_S_ADR_02_ASEReadCounter.table","NW_015090842.1:5934821",25,35,10
"BCO1","s329_S_ADR_02_ASEReadCounter.table","NW_015090842.1:5934826",24,34,10
"BCO1","s329_S_ADR_02_ASEReadCounter.table","NW_015090842.1:5934844",18,25,7
"BCO1","s329_S_ADR_02_ASEReadCounter.table","NW_015090842.1:5934958",19,30,11
"BCO1","s329_S_ADR_02_ASEReadCounter.table","NW_015090842.1:5934976",22,32,10
"GAN","s329_S_ADR_02_ASEReadCounter.table","NW_015090842.1:5953759",4,15,11
"GAN","s329_S_ADR_02_ASEReadCounter.table","NW_015090842.1:5957502",7,18,11
"GAN","s329_S_ADR_02_ASEReadCounter.table","NW_015090842.1:5957578",7,17,10
"GAN","s329_S_ADR_02_ASEReadCounter.table","NW_015090842.1:5965028",9,15,6
"GAN","s329_S_ADR_02_ASEReadCounter.table","NW_015090842.1:5966047",12,22,10
"GAN","s329_S_ADR_02_ASEReadCounter.table","NW_015090842.1:5966126",5,12,7
"GAN","s329_S_ADR_02_ASEReadCounter.table","NW_015090842.1:5966127",5,12,7
"GAN","s329_S_ADR_02_ASEReadCounter.table","NW_015090842.1:5966162",10,20,10
"GAN","s329_S_ADR_02_ASEReadCounter.table","NW_015090842.1:5966483",10,18,8
"CMIP","s329_S_ADR_02_ASEReadCounter.table","NW_015090842.1:6109159",6,12,6
"CMIP","s329_S_ADR_02_ASEReadCounter.table","NW_015090842.1:6109166",6,11,5
"CMIP","s329_S_ADR_02_ASEReadCounter.table","NW_015090842.1:6114641",13,20,7
"CMIP","s329_S_ADR_02_ASEReadCounter.table","NW_015090842.1:6114751",13,17,4
"CMIP","s329_S_ADR_02_ASEReadCounter.table","NW_015090842.1:6114824",13,17,4
"CMIP","s329_S_ADR_02_ASEReadCounter.table","NW_015090842.1:6128998",13,19,6
"CMIP","s329_S_ADR_02_ASEReadCounter.table","NW_015090842.1:6130562",12,25,13
"CMIP","s329_S_ADR_02_ASEReadCounter.table","NW_015090842.1:6132522",9,17,8
"CMIP","s329_S_ADR_02_ASEReadCounter.table","NW_015090842.1:6134088",14,20,6
"CMIP","s329_S_ADR_02_ASEReadCounter.table","NW_015090842.1:6138265",9,21,12
"CMIP","s329_S_ADR_02_ASEReadCounter.table","NW_015090842.1:6138300",6,18,12
"CMIP","s329_S_ADR_02_ASEReadCounter.table","NW_015090842.1:6138342",8,22,14
"CMIP","s329_S_ADR_02_ASEReadCounter.table","NW_015090842.1:6138343",8,23,15
"CMIP","s329_S_ADR_02_ASEReadCounter.table","NW_015090842.1:6138345",8,22,14
"CMIP","s329_S_ADR_02_ASEReadCounter.table","NW_015090842.1:6138647",8,20,12
"CMIP","s329_S_ADR_02_ASEReadCounter.table","NW_015090842.1:6138745",9,18,9
"CMIP","s329_S_ADR_02_ASEReadCounter.table","NW_015090842.1:6138832",2,6,4
"CMIP","s329_S_ADR_02_ASEReadCounter.table","NW_015090842.1:6138967",14,20,6
"CMIP","s329_S_ADR_02_ASEReadCounter.table","NW_015090842.1:6139131",3,9,6
"CMIP","s329_S_ADR_02_ASEReadCounter.table","NW_015090842.1:6139163",0,7,7
"CMIP","s329_S_ADR_02_ASEReadCounter.table","NW_015090842.1:6139360",1,4,3
"CMIP","s329_S_ADR_02_ASEReadCounter.table","NW_015090842.1:6139572",2,2,0
"CMIP","s329_S_ADR_02_ASEReadCounter.table","NW_015090842.1:6139773",4,4,0
"PLCG2","s329_S_ADR_02_ASEReadCounter.table","NW_015090842.1:6179613",2,7,5
"PLCG2","s329_S_ADR_02_ASEReadCounter.table","NW_015090842.1:6179658",4,7,3
"PLCG2","s329_S_ADR_02_ASEReadCounter.table","NW_015090842.1:6203766",6,17,11
"PLCG2","s329_S_ADR_02_ASEReadCounter.table","NW_015090842.1:6203775",7,17,10
"PLCG2","s329_S_ADR_02_ASEReadCounter.table","NW_015090842.1:6203787",5,14,9
"PLCG2","s329_S_ADR_02_ASEReadCounter.table","NW_015090842.1:6205047",7,18,11
"PLCG2","s329_S_ADR_02_ASEReadCounter.table","NW_015090842.1:6208541",0,12,12
"PLCG2","s329_S_ADR_02_ASEReadCounter.table","NW_015090842.1:6209741",4,12,8
"PLCG2","s329_S_ADR_02_ASEReadCounter.table","NW_015090842.1:6209798",7,20,13
"PLCG2","s329_S_ADR_02_ASEReadCounter.table","NW_015090842.1:6209816",10,25,15
"PLCG2","s329_S_ADR_02_ASEReadCounter.table","NW_015090842.1:6217547",9,34,25
"PLCG2","s329_S_ADR_02_ASEReadCounter.table","NW_015090842.1:6218641",2,14,12
"PLCG2","s329_S_ADR_02_ASEReadCounter.table","NW_015090842.1:6220552",6,31,25
"PLCG2","s329_S_ADR_02_ASEReadCounter.table","NW_015090842.1:6221969",9,34,25
"PLCG2","s329_S_ADR_02_ASEReadCounter.table","NW_015090842.1:6228672",4,22,18
"PLCG2","s329_S_ADR_02_ASEReadCounter.table","NW_015090842.1:6228694",5,25,20
"PLCG2","s329_S_ADR_02_ASEReadCounter.table","NW_015090842.1:6228722",6,25,19
"PLCG2","s329_S_ADR_02_ASEReadCounter.table","NW_015090842.1:6228747",5,24,19
"PLCG2","s329_S_ADR_02_ASEReadCounter.table","NW_015090842.1:6228835",7,29,22
"PLCG2","s329_S_ADR_02_ASEReadCounter.table","NW_015090842.1:6228841",7,27,20
"PLCG2","s329_S_ADR_02_ASEReadCounter.table","NW_015090842.1:6228865",8,29,21
"PLCG2","s329_S_ADR_02_ASEReadCounter.table","NW_015090842.1:6228917",9,24,15
"PLCG2","s329_S_ADR_02_ASEReadCounter.table","NW_015090842.1:6228926",7,23,16
"PLCG2","s329_S_ADR_02_ASEReadCounter.table","NW_015090842.1:6228954",7,22,15
"PLCG2","s329_S_ADR_02_ASEReadCounter.table","NW_015090842.1:6229002",6,21,15
"PLCG2","s329_S_ADR_02_ASEReadCounter.table","NW_015090842.1:6229006",5,20,15
"PLCG2","s329_S_ADR_02_ASEReadCounter.table","NW_015090842.1:6229081",5,13,8
"PLCG2","s329_S_ADR_02_ASEReadCounter.table","NW_015090842.1:6229097",5,10,5
"PLCG2","s329_S_ADR_02_ASEReadCounter.table","NW_015090842.1:6229160",5,9,4
"PLCG2","s329_S_ADR_02_ASEReadCounter.table","NW_015090842.1:6229213",3,8,5
"PLCG2","s329_S_ADR_02_ASEReadCounter.table","NW_015090842.1:6229231",5,10,5
"PLCG2","s329_S_ADR_02_ASEReadCounter.table","NW_015090842.1:6229663",10,16,6
"PLCG2","s329_S_ADR_02_ASEReadCounter.table","NW_015090842.1:6229748",9,12,3
"PLCG2","s329_S_ADR_02_ASEReadCounter.table","NW_015090842.1:6229892",10,16,6
"PLCG2","s329_S_ADR_02_ASEReadCounter.table","NW_015090842.1:6230248",4,12,8
"PLCG2","s329_S_ADR_02_ASEReadCounter.table","NW_015090842.1:6230255",3,11,8
"PLCG2","s329_S_ADR_02_ASEReadCounter.table","NW_015090842.1:6230296",2,8,6
"PLCG2","s329_S_ADR_02_ASEReadCounter.table","NW_015090842.1:6230349",2,10,8
"PLCG2","s329_S_ADR_02_ASEReadCounter.table","NW_015090842.1:6230381",3,10,7
"PLCG2","s329_S_ADR_02_ASEReadCounter.table","NW_015090842.1:6230408",3,9,6
"PLCG2","s329_S_ADR_02_ASEReadCounter.table","NW_015090842.1:6230439",1,7,6
"PLCG2","s329_S_ADR_02_ASEReadCounter.table","NW_015090842.1:6230757",1,4,3
"PLCG2","s329_S_ADR_02_ASEReadCounter.table","NW_015090842.1:6230758",0,2,2
"PLCG2","s329_S_ADR_02_ASEReadCounter.table","NW_015090842.1:6230898",6,11,5
"PLCG2","s329_S_ADR_02_ASEReadCounter.table","NW_015090842.1:6230976",5,12,7
"PLCG2","s329_S_ADR_02_ASEReadCounter.table","NW_015090842.1:6231078",3,12,9
"PLCG2","s329_S_ADR_02_ASEReadCounter.table","NW_015090842.1:6231138",5,11,6
"PLCG2","s329_S_ADR_02_ASEReadCounter.table","NW_015090842.1:6231177",4,9,5
"PLCG2","s329_S_ADR_02_ASEReadCounter.table","NW_015090842.1:6231263",7,19,12
"PLCG2","s329_S_ADR_02_ASEReadCounter.table","NW_015090842.1:6231309",4,13,9
"SDR42E1","s329_S_ADR_02_ASEReadCounter.table","NW_015090842.1:6235292",0,6,6
"SDR42E1","s329_S_ADR_02_ASEReadCounter.table","NW_015090842.1:6235315",0,11,11
"SDR42E1","s329_S_ADR_02_ASEReadCounter.table","NW_015090842.1:6235348",1,16,15
"SDR42E1","s329_S_ADR_02_ASEReadCounter.table","NW_015090842.1:6235355",1,15,14
"SDR42E1","s329_S_ADR_02_ASEReadCounter.table","NW_015090842.1:6235417",3,13,10
"SDR42E1","s329_S_ADR_02_ASEReadCounter.table","NW_015090842.1:6235526",15,22,7
"SDR42E1","s329_S_ADR_02_ASEReadCounter.table","NW_015090842.1:6235558",5,20,15
"SDR42E1","s329_S_ADR_02_ASEReadCounter.table","NW_015090842.1:6235603",11,15,4
"SDR42E1","s329_S_ADR_02_ASEReadCounter.table","NW_015090842.1:6235741",6,15,9
"SDR42E1","s329_S_ADR_02_ASEReadCounter.table","NW_015090842.1:6235777",5,14,9
"SDR42E1","s329_S_ADR_02_ASEReadCounter.table","NW_015090842.1:6235806",4,18,14
"SDR42E1","s329_S_ADR_02_ASEReadCounter.table","NW_015090842.1:6235809",4,18,14
"SDR42E1","s329_S_ADR_02_ASEReadCounter.table","NW_015090842.1:6235816",3,15,12
"SDR42E1","s329_S_ADR_02_ASEReadCounter.table","NW_015090842.1:6235914",2,12,10
"SDR42E1","s329_S_ADR_02_ASEReadCounter.table","NW_015090842.1:6235935",3,8,5
"SDR42E1","s329_S_ADR_02_ASEReadCounter.table","NW_015090842.1:6235957",4,11,7
"SDR42E1","s329_S_ADR_02_ASEReadCounter.table","NW_015090842.1:6236040",0,10,10
"SDR42E1","s329_S_ADR_02_ASEReadCounter.table","NW_015090842.1:6236260",5,27,22
"SDR42E1","s329_S_ADR_02_ASEReadCounter.table","NW_015090842.1:6236281",4,22,18
"SDR42E1","s329_S_ADR_02_ASEReadCounter.table","NW_015090842.1:6236305",5,26,21
"SDR42E1","s329_S_ADR_02_ASEReadCounter.table","NW_015090842.1:6236458",4,18,14
"SDR42E1","s329_S_ADR_02_ASEReadCounter.table","NW_015090842.1:6236476",5,22,17
"SDR42E1","s329_S_ADR_02_ASEReadCounter.table","NW_015090842.1:6236608",4,16,12
"SDR42E1","s329_S_ADR_02_ASEReadCounter.table","NW_015090842.1:6238244",1,7,6
"SDR42E1","s329_S_ADR_02_ASEReadCounter.table","NW_015090842.1:6238829",3,7,4
"HSD17B2","s329_S_ADR_02_ASEReadCounter.table","NW_015090842.1:6257670",0,1,1
"HSD17B2","s329_S_ADR_02_ASEReadCounter.table","NW_015090842.1:6257684",0,1,1
"HSD17B2","s329_S_ADR_02_ASEReadCounter.table","NW_015090842.1:6262974",0,1,1
"HSD17B2","s329_S_ADR_02_ASEReadCounter.table","NW_015090842.1:6266125",0,1,1
"HSD17B2","s329_S_ADR_02_ASEReadCounter.table","NW_015090842.1:6266135",0,1,1
"HSD17B2","s329_S_ADR_02_ASEReadCounter.table","NW_015090842.1:6266997",0,1,1
"HSD17B2","s329_S_ADR_02_ASEReadCounter.table","NW_015090842.1:6267053",0,1,1
"ARY2","s329_S_ADR_02_ASEReadCounter.table","NW_015090842.1:6303922",16,38,22
"ARY2","s329_S_ADR_02_ASEReadCounter.table","NW_015090842.1:6303954",23,66,43
"ARY2","s329_S_ADR_02_ASEReadCounter.table","NW_015090842.1:6303979",26,77,51
"ARY2","s329_S_ADR_02_ASEReadCounter.table","NW_015090842.1:6305848",18,63,45
"ARY2","s329_S_ADR_02_ASEReadCounter.table","NW_015090842.1:6305856",18,64,46
"ARY2","s329_S_ADR_02_ASEReadCounter.table","NW_015090842.1:6305857",19,65,46
"ARY2","s329_S_ADR_02_ASEReadCounter.table","NW_015090842.1:6306017",34,70,36
"ARY2","s329_S_ADR_02_ASEReadCounter.table","NW_015090842.1:6306052",34,67,33
"ARY2","s329_S_ADR_02_ASEReadCounter.table","NW_015090842.1:6306094",36,87,51
"ARY2","s329_S_ADR_02_ASEReadCounter.table","NW_015090842.1:6306100",36,88,52
"ARY2","s329_S_ADR_02_ASEReadCounter.table","NW_015090842.1:6306146",32,86,54
"ARY2","s329_S_ADR_02_ASEReadCounter.table","NW_015090842.1:6306147",32,85,53
"ARY2","s329_S_ADR_02_ASEReadCounter.table","NW_015090842.1:6306390",32,60,28
"ARY2","s329_S_ADR_02_ASEReadCounter.table","NW_015090842.1:6306567",28,71,43
"ARY2","s329_S_ADR_02_ASEReadCounter.table","NW_015090842.1:6306705",21,64,43
"ARY2","s329_S_ADR_02_ASEReadCounter.table","NW_015090842.1:6306713",42,63,21
"ARY2","s329_S_ADR_02_ASEReadCounter.table","NW_015090842.1:6306773",28,69,41
"ARY2","s329_S_ADR_02_ASEReadCounter.table","NW_015090842.1:6307039",28,55,27
"ARY2","s329_S_ADR_02_ASEReadCounter.table","NW_015090842.1:6307043",29,59,30
"ARY2","s329_S_ADR_02_ASEReadCounter.table","NW_015090842.1:6307093",29,56,27
"ARY2","s329_S_ADR_02_ASEReadCounter.table","NW_015090842.1:6307138",20,54,34
"ARY2","s329_S_ADR_02_ASEReadCounter.table","NW_015090842.1:6307157",26,59,33
"ARY2","s329_S_ADR_02_ASEReadCounter.table","NW_015090842.1:6307187",27,58,31
"ARY2","s329_S_ADR_02_ASEReadCounter.table","NW_015090842.1:6307278",18,35,17
"ARY2","s329_S_ADR_02_ASEReadCounter.table","NW_015090842.1:6307305",20,37,17
"ARY2","s329_S_ADR_02_ASEReadCounter.table","NW_015090842.1:6307318",23,44,21
"ARY2","s329_S_ADR_02_ASEReadCounter.table","NW_015090842.1:6307429",18,49,31
"ARY2","s329_S_ADR_02_ASEReadCounter.table","NW_015090842.1:6307487",14,48,34
"ARY2","s329_S_ADR_02_ASEReadCounter.table","NW_015090842.1:6307670",10,27,17
"ARYL","s329_S_ADR_02_ASEReadCounter.table","NW_015090842.1:6313360",0,2,2
"ARYL","s329_S_ADR_02_ASEReadCounter.table","NW_015090842.1:6313377",0,2,2
"ARYL","s329_S_ADR_02_ASEReadCounter.table","NW_015090842.1:6313767",1,3,2
"ARY1","s329_S_ADR_02_ASEReadCounter.table","NW_015090842.1:6313909",0,2,2
"ARY1","s329_S_ADR_02_ASEReadCounter.table","NW_015090842.1:6314296",1,1,0
"ARY1","s329_S_ADR_02_ASEReadCounter.table","NW_015090842.1:6314541",1,1,0
"ARY1","s329_S_ADR_02_ASEReadCounter.table","NW_015090842.1:6314750",1,1,0
"ARY1","s329_S_ADR_02_ASEReadCounter.table","NW_015090842.1:6314794",0,1,1
"ARY1","s329_S_ADR_02_ASEReadCounter.table","NW_015090842.1:6314827",0,1,1
"ARY1","s329_S_ADR_02_ASEReadCounter.table","NW_015090842.1:6314843",0,1,1
"ARY1","s329_S_ADR_02_ASEReadCounter.table","NW_015090842.1:6314859",0,1,1
"ARY1","s329_S_ADR_02_ASEReadCounter.table","NW_015090842.1:6314886",0,2,2
"ARY1","s329_S_ADR_02_ASEReadCounter.table","NW_015090842.1:6314943",3,4,1
"ARY1","s329_S_ADR_02_ASEReadCounter.table","NW_015090842.1:6314949",4,4,0
"ARY1","s329_S_ADR_02_ASEReadCounter.table","NW_015090842.1:6315022",2,4,2
"ARY1","s329_S_ADR_02_ASEReadCounter.table","NW_015090842.1:6315026",2,4,2
"ARY1","s329_S_ADR_02_ASEReadCounter.table","NW_015090842.1:6315043",2,3,1
"ARY1","s329_S_ADR_02_ASEReadCounter.table","NW_015090842.1:6315065",2,3,1
"ARY1","s329_S_ADR_02_ASEReadCounter.table","NW_015090842.1:6315409",0,1,1
"ARY1","s329_S_ADR_02_ASEReadCounter.table","NW_015090842.1:6315479",1,2,1
"ARY1","s329_S_ADR_02_ASEReadCounter.table","NW_015090842.1:6318342",4,5,1
"ARY1","s329_S_ADR_02_ASEReadCounter.table","NW_015090842.1:6318427",2,3,1
"ARY1","s329_S_ADR_02_ASEReadCounter.table","NW_015090842.1:6318603",0,1,1
"ARY1","s329_S_ADR_02_ASEReadCounter.table","NW_015090842.1:6318708",3,6,3
"ARY1","s329_S_ADR_02_ASEReadCounter.table","NW_015090842.1:6318858",0,1,1
"ARY1","s329_S_ADR_02_ASEReadCounter.table","NW_015090842.1:6318952",1,2,1
"MPHOSPH6","s329_S_ADR_02_ASEReadCounter.table","NW_015090842.1:6324063",21,48,27
"MPHOSPH6","s329_S_ADR_02_ASEReadCounter.table","NW_015090842.1:6324174",45,104,59
"MPHOSPH6","s329_S_ADR_02_ASEReadCounter.table","NW_015090842.1:6324270",74,148,74
"MPHOSPH6","s329_S_ADR_02_ASEReadCounter.table","NW_015090842.1:6324762",84,165,81
"MPHOSPH6","s329_S_ADR_02_ASEReadCounter.table","NW_015090842.1:6324772",83,151,68
"MPHOSPH6","s329_S_ADR_02_ASEReadCounter.table","NW_015090842.1:6324780",83,150,67
"MPHOSPH6","s329_S_ADR_02_ASEReadCounter.table","NW_015090842.1:6324902",90,189,99
"MPHOSPH6","s329_S_ADR_02_ASEReadCounter.table","NW_015090842.1:6324910",97,188,91
"MPHOSPH6","s329_S_ADR_02_ASEReadCounter.table","NW_015090842.1:6325066",87,194,107
"MPHOSPH6","s329_S_ADR_02_ASEReadCounter.table","NW_015090842.1:6325089",102,224,122
"MPHOSPH6","s329_S_ADR_02_ASEReadCounter.table","NW_015090842.1:6325298",130,297,167
"MPHOSPH6","s329_S_ADR_02_ASEReadCounter.table","NW_015090842.1:6325877",110,252,142
"MPHOSPH6","s329_S_ADR_02_ASEReadCounter.table","NW_015090842.1:6326976",88,196,108
"CDH13","s329_S_ADR_02_ASEReadCounter.table","NW_015090842.1:6662283",38,62,24
"CDH13","s329_S_ADR_02_ASEReadCounter.table","NW_015090842.1:6693665",38,64,26
"CDH13","s329_S_ADR_02_ASEReadCounter.table","NW_015090842.1:6693697",36,65,29
"CDH13","s329_S_ADR_02_ASEReadCounter.table","NW_015090842.1:6693712",32,58,26
"CDH13","s329_S_ADR_02_ASEReadCounter.table","NW_015090842.1:6693723",34,56,22
"CDH13","s329_S_ADR_02_ASEReadCounter.table","NW_015090842.1:6693738",0,57,57
"CDH13","s329_S_ADR_02_ASEReadCounter.table","NW_015090842.1:6823730",28,52,24
"CDH13","s329_S_ADR_02_ASEReadCounter.table","NW_015090842.1:6889713",34,51,17
"CDH13","s329_S_ADR_02_ASEReadCounter.table","NW_015090842.1:6955167",42,53,11
"MLYCD","s329_S_ADR_02_ASEReadCounter.table","NW_015090842.1:7150054",16,47,31
"MLYCD","s329_S_ADR_02_ASEReadCounter.table","NW_015090842.1:7150131",49,108,59
"MLYCD","s329_S_ADR_02_ASEReadCounter.table","NW_015090842.1:7150585",43,103,60
"MLYCD","s329_S_ADR_02_ASEReadCounter.table","NW_015090842.1:7150686",38,80,42
"MLYCD","s329_S_ADR_02_ASEReadCounter.table","NW_015090842.1:7150696",41,90,49
"MLYCD","s329_S_ADR_02_ASEReadCounter.table","NW_015090842.1:7150698",90,90,0
"MLYCD","s329_S_ADR_02_ASEReadCounter.table","NW_015090842.1:7150869",37,88,51
"MLYCD","s329_S_ADR_02_ASEReadCounter.table","NW_015090842.1:7151100",37,94,57
"MLYCD","s329_S_ADR_02_ASEReadCounter.table","NW_015090842.1:7151127",43,95,52
"MLYCD","s329_S_ADR_02_ASEReadCounter.table","NW_015090842.1:7157538",47,96,49
"MLYCD","s329_S_ADR_02_ASEReadCounter.table","NW_015090842.1:7167662",18,50,32
"MLYCD","s329_S_ADR_02_ASEReadCounter.table","NW_015090842.1:7167675",20,45,25
"MLYCD","s329_S_ADR_02_ASEReadCounter.table","NW_015090842.1:7167710",22,48,26
"MLYCD","s329_S_ADR_02_ASEReadCounter.table","NW_015090842.1:7167781",20,41,21
"MLYCD","s329_S_ADR_02_ASEReadCounter.table","NW_015090842.1:7167803",16,30,14
"MLYCD","s329_S_ADR_02_ASEReadCounter.table","NW_015090842.1:7167812",15,30,15
"MLYCD","s329_S_ADR_02_ASEReadCounter.table","NW_015090842.1:7167845",22,41,19
"MLYCD","s329_S_ADR_02_ASEReadCounter.table","NW_015090842.1:7167862",20,40,20
"MLYCD","s329_S_ADR_02_ASEReadCounter.table","NW_015090842.1:7167929",12,37,25
"MLYCD","s329_S_ADR_02_ASEReadCounter.table","NW_015090842.1:7167995",14,31,17
"MLYCD","s329_S_ADR_02_ASEReadCounter.table","NW_015090842.1:7168005",16,33,17
"MLYCD","s329_S_ADR_02_ASEReadCounter.table","NW_015090842.1:7168037",18,36,18
"HSBP1","s329_S_ADR_02_ASEReadCounter.table","NW_015090842.1:7245192",130,254,124
"HSBP1","s329_S_ADR_02_ASEReadCounter.table","NW_015090842.1:7245226",145,285,140
"HSBP1","s329_S_ADR_02_ASEReadCounter.table","NW_015090842.1:7245257",121,240,119
"HSBP1","s329_S_ADR_02_ASEReadCounter.table","NW_015090842.1:7245296",117,255,138
"HSBP1","s329_S_ADR_02_ASEReadCounter.table","NW_015090842.1:7245389",177,376,199
"HSBP1","s329_S_ADR_02_ASEReadCounter.table","NW_015090842.1:7245400",180,361,181
"HSBP1","s329_S_ADR_02_ASEReadCounter.table","NW_015090842.1:7245445",157,336,179
"HSBP1","s329_S_ADR_02_ASEReadCounter.table","NW_015090842.1:7245495",140,309,169
"HSBP1","s329_S_ADR_02_ASEReadCounter.table","NW_015090842.1:7245515",157,340,183
"HSBP1","s329_S_ADR_02_ASEReadCounter.table","NW_015090842.1:7245733",110,266,156
"HSBP1","s329_S_ADR_02_ASEReadCounter.table","NW_015090842.1:7245771",119,254,135
"HSBP1","s329_S_ADR_02_ASEReadCounter.table","NW_015090842.1:7245813",146,282,136
"HSBP1","s329_S_ADR_02_ASEReadCounter.table","NW_015090842.1:7245926",169,342,173
"HSBP1","s329_S_ADR_02_ASEReadCounter.table","NW_015090842.1:7245927",170,339,169
"HSBP1","s329_S_ADR_02_ASEReadCounter.table","NW_015090842.1:7245933",162,320,158
"HSBP1","s329_S_ADR_02_ASEReadCounter.table","NW_015090842.1:7246002",128,267,139
"HSBP1","s329_S_ADR_02_ASEReadCounter.table","NW_015090842.1:7246094",182,356,174
"HSBP1","s329_S_ADR_02_ASEReadCounter.table","NW_015090842.1:7246167",175,339,164
"HSBP1","s329_S_ADR_02_ASEReadCounter.table","NW_015090842.1:7246183",167,332,165
"HSBP1","s329_S_ADR_02_ASEReadCounter.table","NW_015090842.1:7247285",31,38,7
"HSBP1","s329_S_ADR_02_ASEReadCounter.table","NW_015090842.1:7247651",308,645,337
"HSBP1","s329_S_ADR_02_ASEReadCounter.table","NW_015090842.1:7247657",327,679,352
"HSBP1","s329_S_ADR_02_ASEReadCounter.table","NW_015090842.1:7248520",244,480,236
"HSBP1","s329_S_ADR_02_ASEReadCounter.table","NW_015090842.1:7248535",204,388,184
"KCNG4","s329_S_ADR_02_ASEReadCounter.table","NW_015090842.1:7282630",1,1,0
"KCNG4","s329_S_ADR_02_ASEReadCounter.table","NW_015090842.1:7282760",1,1,0
"KCNG4","s329_S_ADR_02_ASEReadCounter.table","NW_015090842.1:7299491",0,1,1
"KCNG4","s329_S_ADR_02_ASEReadCounter.table","NW_015090842.1:7301195",1,1,0
"KCNG4","s329_S_ADR_02_ASEReadCounter.table","NW_015090842.1:7301227",1,1,0
"KCNG4","s329_S_ADR_02_ASEReadCounter.table","NW_015090842.1:7301240",1,1,0
"WFDC1","s329_S_ADR_02_ASEReadCounter.table","NW_015090842.1:7366517",31,31,0
"ATP2C2","s329_S_ADR_02_ASEReadCounter.table","NW_015090842.1:7413747",0,3,3
"TLDC1","s329_S_ADR_02_ASEReadCounter.table","NW_015090842.1:7421997",58,149,91
"COTL1","s329_S_ADR_02_ASEReadCounter.table","NW_015090842.1:7490707",191,356,165
"COTL1","s329_S_ADR_02_ASEReadCounter.table","NW_015090842.1:7490708",190,357,167
"COTL1","s329_S_ADR_02_ASEReadCounter.table","NW_015090842.1:7490711",195,360,165
"COTL1","s329_S_ADR_02_ASEReadCounter.table","NW_015090842.1:7490739",191,348,157
"COTL1","s329_S_ADR_02_ASEReadCounter.table","NW_015090842.1:7490785",183,354,171
"COTL1","s329_S_ADR_02_ASEReadCounter.table","NW_015090842.1:7490820",9,237,228
"COTL1","s329_S_ADR_02_ASEReadCounter.table","NW_015090842.1:7490846",191,386,195
"COTL1","s329_S_ADR_02_ASEReadCounter.table","NW_015090842.1:7505571",0,1,1
"KLHL36","s329_S_ADR_02_ASEReadCounter.table","NW_015090842.1:7526337",49,49,0
"KLHL36","s329_S_ADR_02_ASEReadCounter.table","NW_015090842.1:7537681",20,34,14
"USP10","s329_S_ADR_02_ASEReadCounter.table","NW_015090842.1:7572213",59,126,67
"USP10","s329_S_ADR_02_ASEReadCounter.table","NW_015090842.1:7572358",87,87,0
"CRISPLD2","s329_S_ADR_02_ASEReadCounter.table","NW_015090842.1:7619796",42,115,73
"CRISPLD2","s329_S_ADR_02_ASEReadCounter.table","NW_015090842.1:7630779",123,123,0
"CRISPLD2","s329_S_ADR_02_ASEReadCounter.table","NW_015090842.1:7633611",74,172,98
"CRISPLD2","s329_S_ADR_02_ASEReadCounter.table","NW_015090842.1:7633787",87,181,94
"CRISPLD2","s329_S_ADR_02_ASEReadCounter.table","NW_015090842.1:7634023",54,109,55
"CRISPLD2","s329_S_ADR_02_ASEReadCounter.table","NW_015090842.1:7634620",142,143,1
"CRISPLD2","s329_S_ADR_02_ASEReadCounter.table","NW_015090842.1:7636315",16,23,7
"LOC106888312","s329_S_ADR_02_ASEReadCounter.table","NW_015090842.1:7732198",1,2,1
"MTHFSD","s329_S_ADR_02_ASEReadCounter.table","NW_015090842.1:8152578",18,35,17
"DUSP15","s329_S_ADR_02_ASEReadCounter.table","NW_015090842.1:8422840",2,4,2
"DUSP15","s329_S_ADR_02_ASEReadCounter.table","NW_015090842.1:8431988",0,5,5
"EMC8","s329_S_ADR_02_ASEReadCounter.table","NW_015090842.1:8452385",14,25,11
"GINS2","s329_S_ADR_02_ASEReadCounter.table","NW_015090842.1:8467469",19,46,27
"GINS2","s329_S_ADR_02_ASEReadCounter.table","NW_015090842.1:8470290",0,71,71
"GINS2","s329_S_ADR_02_ASEReadCounter.table","NW_015090842.1:8470305",0,68,68
"GINS2","s329_S_ADR_02_ASEReadCounter.table","NW_015090842.1:8470376",0,66,66
"GINS2","s329_S_ADR_02_ASEReadCounter.table","NW_015090842.1:8471057",0,1,1
"GSE1","s329_S_ADR_02_ASEReadCounter.table","NW_015090842.1:8483570",0,13,13
"KIAA0513","s329_S_ADR_02_ASEReadCounter.table","NW_015090842.1:8674736",121,274,153
"KIAA0513","s329_S_ADR_02_ASEReadCounter.table","NW_015090842.1:8687268",0,4,4
"KIAA0513","s329_S_ADR_02_ASEReadCounter.table","NW_015090842.1:8693655",30,89,59
"ZCCHC14","s329_S_ADR_02_ASEReadCounter.table","NW_015090842.1:8750189",21,37,16
"JPH3","s329_S_ADR_02_ASEReadCounter.table","NW_015090842.1:8872294",14,30,16
"KLHDC4","s329_S_ADR_02_ASEReadCounter.table","NW_015090842.1:8891175",72,138,66
"KLHDC4","s329_S_ADR_02_ASEReadCounter.table","NW_015090842.1:8905251",0,86,86
"KLHDC4","s329_S_ADR_02_ASEReadCounter.table","NW_015090842.1:8919630",7,20,13
"SLC7A5","s329_S_ADR_02_ASEReadCounter.table","NW_015090842.1:8940382",31,61,30
"SLC7A5","s329_S_ADR_02_ASEReadCounter.table","NW_015090842.1:8941818",32,57,25
"SLC7A5","s329_S_ADR_02_ASEReadCounter.table","NW_015090842.1:8944655",17,38,21
"CA5A","s329_S_ADR_02_ASEReadCounter.table","NW_015090842.1:8989479",52,101,49
"CA5A","s329_S_ADR_02_ASEReadCounter.table","NW_015090842.1:8989562",55,113,58
"CA5A","s329_S_ADR_02_ASEReadCounter.table","NW_015090842.1:8989609",64,135,71
"CA5A","s329_S_ADR_02_ASEReadCounter.table","NW_015090842.1:8989693",57,137,80
"CA5A","s329_S_ADR_02_ASEReadCounter.table","NW_015090842.1:8989702",65,135,70
"CA5A","s329_S_ADR_02_ASEReadCounter.table","NW_015090842.1:8989746",71,159,88
"CA5A","s329_S_ADR_02_ASEReadCounter.table","NW_015090842.1:8989880",68,155,87
"CA5A","s329_S_ADR_02_ASEReadCounter.table","NW_015090842.1:8989885",70,158,88
"CA5A","s329_S_ADR_02_ASEReadCounter.table","NW_015090842.1:8989929",65,153,88
"CA5A","s329_S_ADR_02_ASEReadCounter.table","NW_015090842.1:8990002",64,151,87
"CA5A","s329_S_ADR_02_ASEReadCounter.table","NW_015090842.1:8990004",63,150,87
"CA5A","s329_S_ADR_02_ASEReadCounter.table","NW_015090842.1:8990005",63,148,85
"CA5A","s329_S_ADR_02_ASEReadCounter.table","NW_015090842.1:8990017",62,132,70
"CA5A","s329_S_ADR_02_ASEReadCounter.table","NW_015090842.1:8990043",50,115,65
"CA5A","s329_S_ADR_02_ASEReadCounter.table","NW_015090842.1:8990080",48,104,56
"CA5A","s329_S_ADR_02_ASEReadCounter.table","NW_015090842.1:8990084",47,101,54
"CA5A","s329_S_ADR_02_ASEReadCounter.table","NW_015090842.1:8990090",51,107,56
"CA5A","s329_S_ADR_02_ASEReadCounter.table","NW_015090842.1:8990095",48,103,55
"CA5A","s329_S_ADR_02_ASEReadCounter.table","NW_015090842.1:8990111",40,103,63
"CA5A","s329_S_ADR_02_ASEReadCounter.table","NW_015090842.1:8990112",40,102,62
"CA5A","s329_S_ADR_02_ASEReadCounter.table","NW_015090842.1:8990115",51,114,63
"CA5A","s329_S_ADR_02_ASEReadCounter.table","NW_015090842.1:8990166",58,114,56
"CA5A","s329_S_ADR_02_ASEReadCounter.table","NW_015090842.1:8990169",63,120,57
"CA5A","s329_S_ADR_02_ASEReadCounter.table","NW_015090842.1:8990222",49,105,56
"CA5A","s329_S_ADR_02_ASEReadCounter.table","NW_015090842.1:8990289",59,125,66
"CA5A","s329_S_ADR_02_ASEReadCounter.table","NW_015090842.1:8990314",70,140,70
"CA5A","s329_S_ADR_02_ASEReadCounter.table","NW_015090842.1:8990361",53,138,85
"CA5A","s329_S_ADR_02_ASEReadCounter.table","NW_015090842.1:8990368",56,135,79
"CA5A","s329_S_ADR_02_ASEReadCounter.table","NW_015090842.1:8990429",47,113,66
"CA5A","s329_S_ADR_02_ASEReadCounter.table","NW_015090842.1:8990466",51,101,50
"CA5A","s329_S_ADR_02_ASEReadCounter.table","NW_015090842.1:8990663",52,108,56
"CA5A","s329_S_ADR_02_ASEReadCounter.table","NW_015090842.1:8990797",50,110,60
"CA5A","s329_S_ADR_02_ASEReadCounter.table","NW_015090842.1:8990836",50,109,59
"CA5A","s329_S_ADR_02_ASEReadCounter.table","NW_015090842.1:8990842",46,103,57
"CA5A","s329_S_ADR_02_ASEReadCounter.table","NW_015090842.1:8990851",46,100,54
"CA5A","s329_S_ADR_02_ASEReadCounter.table","NW_015090842.1:8990918",47,117,70
"CA5A","s329_S_ADR_02_ASEReadCounter.table","NW_015090842.1:8990921",45,118,73
"CA5A","s329_S_ADR_02_ASEReadCounter.table","NW_015090842.1:8990942",66,135,69
"CA5A","s329_S_ADR_02_ASEReadCounter.table","NW_015090842.1:8991001",70,165,95
"CA5A","s329_S_ADR_02_ASEReadCounter.table","NW_015090842.1:8991038",53,151,98
"CA5A","s329_S_ADR_02_ASEReadCounter.table","NW_015090842.1:8991149",62,136,74
"CA5A","s329_S_ADR_02_ASEReadCounter.table","NW_015090842.1:8991176",52,117,65
"CA5A","s329_S_ADR_02_ASEReadCounter.table","NW_015090842.1:8991241",57,135,78
"CA5A","s329_S_ADR_02_ASEReadCounter.table","NW_015090842.1:8991262",60,124,64
"CA5A","s329_S_ADR_02_ASEReadCounter.table","NW_015090842.1:8991316",78,88,10
"CA5A","s329_S_ADR_02_ASEReadCounter.table","NW_015090842.1:8991319",75,85,10
"CA5A","s329_S_ADR_02_ASEReadCounter.table","NW_015090842.1:8991330",74,80,6
"CA5A","s329_S_ADR_02_ASEReadCounter.table","NW_015090842.1:8991334",66,77,11
"CA5A","s329_S_ADR_02_ASEReadCounter.table","NW_015090842.1:8991362",73,116,43
"CA5A","s329_S_ADR_02_ASEReadCounter.table","NW_015090842.1:8991368",77,124,47
"CA5A","s329_S_ADR_02_ASEReadCounter.table","NW_015090842.1:8991390",77,130,53
"CA5A","s329_S_ADR_02_ASEReadCounter.table","NW_015090842.1:8991395",75,133,58
"CA5A","s329_S_ADR_02_ASEReadCounter.table","NW_015090842.1:8991422",69,142,73
"CA5A","s329_S_ADR_02_ASEReadCounter.table","NW_015090842.1:8991467",63,127,64
"CA5A","s329_S_ADR_02_ASEReadCounter.table","NW_015090842.1:8991576",41,88,47
"CA5A","s329_S_ADR_02_ASEReadCounter.table","NW_015090842.1:8991587",52,109,57
"CA5A","s329_S_ADR_02_ASEReadCounter.table","NW_015090842.1:8991655",70,150,80
"CA5A","s329_S_ADR_02_ASEReadCounter.table","NW_015090842.1:8991717",56,143,87
"CA5A","s329_S_ADR_02_ASEReadCounter.table","NW_015090842.1:8991726",62,151,89
"CA5A","s329_S_ADR_02_ASEReadCounter.table","NW_015090842.1:8991799",53,128,75
"CA5A","s329_S_ADR_02_ASEReadCounter.table","NW_015090842.1:8991809",42,117,75
"CA5A","s329_S_ADR_02_ASEReadCounter.table","NW_015090842.1:8991848",39,106,67
"CA5A","s329_S_ADR_02_ASEReadCounter.table","NW_015090842.1:8991849",40,108,68
"CA5A","s329_S_ADR_02_ASEReadCounter.table","NW_015090842.1:8991927",48,111,63
"CA5A","s329_S_ADR_02_ASEReadCounter.table","NW_015090842.1:8991941",49,103,54
"CA5A","s329_S_ADR_02_ASEReadCounter.table","NW_015090842.1:8992121",46,101,55
"CA5A","s329_S_ADR_02_ASEReadCounter.table","NW_015090842.1:8992224",70,112,42
"CA5A","s329_S_ADR_02_ASEReadCounter.table","NW_015090842.1:9002570",33,83,50
"CA5A","s329_S_ADR_02_ASEReadCounter.table","NW_015090842.1:9002600",30,77,47
"CA5A","s329_S_ADR_02_ASEReadCounter.table","NW_015090842.1:9004312",33,67,34
"CA5A","s329_S_ADR_02_ASEReadCounter.table","NW_015090842.1:9004506",0,1,1
"CA5A","s329_S_ADR_02_ASEReadCounter.table","NW_015090842.1:9004523",0,1,1
"CA5A","s329_S_ADR_02_ASEReadCounter.table","NW_015090842.1:9004530",0,2,2
"CA5A","s329_S_ADR_02_ASEReadCounter.table","NW_015090842.1:9004556",0,2,2
"CA5A","s329_S_ADR_02_ASEReadCounter.table","NW_015090842.1:9004620",0,2,2
"CA5A","s329_S_ADR_02_ASEReadCounter.table","NW_015090842.1:9005116",1,1,0
"CA5A","s329_S_ADR_02_ASEReadCounter.table","NW_015090842.1:9005120",1,2,1
"CA5A","s329_S_ADR_02_ASEReadCounter.table","NW_015090842.1:9005140",1,1,0
"CA5A","s329_S_ADR_02_ASEReadCounter.table","NW_015090842.1:9005152",1,1,0
"BANP","s329_S_ADR_02_ASEReadCounter.table","NW_015090842.1:9033407",2,14,12
"BANP","s329_S_ADR_02_ASEReadCounter.table","NW_015090842.1:9033409",2,14,12
"BANP","s329_S_ADR_02_ASEReadCounter.table","NW_015090842.1:9033420",1,14,13
"BANP","s329_S_ADR_02_ASEReadCounter.table","NW_015090842.1:9055284",0,32,32
"CIDEC","s329_S_ADR_02_ASEReadCounter.table","NW_015090842.1:9481199",2,3,1
"ZC3H18","s329_S_ADR_02_ASEReadCounter.table","NW_015090842.1:9528933",31,68,37
"MVD","s329_S_ADR_02_ASEReadCounter.table","NW_015090842.1:9550690",261,376,115
"MVD","s329_S_ADR_02_ASEReadCounter.table","NW_015090842.1:9550691",265,378,113
"MVD","s329_S_ADR_02_ASEReadCounter.table","NW_015090842.1:9550699",306,444,138
"MVD","s329_S_ADR_02_ASEReadCounter.table","NW_015090842.1:9550701",307,443,136
"MVD","s329_S_ADR_02_ASEReadCounter.table","NW_015090842.1:9552202",568,1131,563
"MVD","s329_S_ADR_02_ASEReadCounter.table","NW_015090842.1:9552223",606,1155,549
"MVD","s329_S_ADR_02_ASEReadCounter.table","NW_015090842.1:9552533",521,831,310
"MVD","s329_S_ADR_02_ASEReadCounter.table","NW_015090842.1:9552644",0,862,862
"PIEZO1","s329_S_ADR_02_ASEReadCounter.table","NW_015090842.1:9577447",13,23,10
"PIEZO1","s329_S_ADR_02_ASEReadCounter.table","NW_015090842.1:9579101",0,31,31
"PIEZO1","s329_S_ADR_02_ASEReadCounter.table","NW_015090842.1:9582630",7,17,10
"PIEZO1","s329_S_ADR_02_ASEReadCounter.table","NW_015090842.1:9582976",8,13,5
"PIEZO1","s329_S_ADR_02_ASEReadCounter.table","NW_015090842.1:9583326",8,15,7
"CDT1","s329_S_ADR_02_ASEReadCounter.table","NW_015090842.1:9596711",5,14,9
"CDT1","s329_S_ADR_02_ASEReadCounter.table","NW_015090842.1:9597033",11,17,6
"CDT1","s329_S_ADR_02_ASEReadCounter.table","NW_015090842.1:9597756",10,16,6
"CDT1","s329_S_ADR_02_ASEReadCounter.table","NW_015090842.1:9598873",19,27,8
"ACSF3","s329_S_ADR_02_ASEReadCounter.table","NW_015090842.1:9776737",19,28,9
"ACSF3","s329_S_ADR_02_ASEReadCounter.table","NW_015090842.1:9809639",43,107,64
"ACSF3","s329_S_ADR_02_ASEReadCounter.table","NW_015090842.1:9834743",59,111,52
"ACSF3","s329_S_ADR_02_ASEReadCounter.table","NW_015090842.1:9834762",49,107,58
"ACSF3","s329_S_ADR_02_ASEReadCounter.table","NW_015090842.1:9834852",50,93,43
"ACSF3","s329_S_ADR_02_ASEReadCounter.table","NW_015090842.1:9834861",44,85,41
"ACSF3","s329_S_ADR_02_ASEReadCounter.table","NW_015090842.1:9839359",36,67,31
"ACSF3","s329_S_ADR_02_ASEReadCounter.table","NW_015090842.1:9839378",32,56,24
"ACSF3","s329_S_ADR_02_ASEReadCounter.table","NW_015090842.1:9839455",28,56,28
"ACSF3","s329_S_ADR_02_ASEReadCounter.table","NW_015090842.1:9839457",27,54,27
"ACSF3","s329_S_ADR_02_ASEReadCounter.table","NW_015090842.1:9839489",19,43,24
"ACSF3","s329_S_ADR_02_ASEReadCounter.table","NW_015090842.1:9839500",14,36,22
"ACSF3","s329_S_ADR_02_ASEReadCounter.table","NW_015090842.1:9839501",14,34,20
"ACSF3","s329_S_ADR_02_ASEReadCounter.table","NW_015090842.1:9839504",16,36,20
"ACSF3","s329_S_ADR_02_ASEReadCounter.table","NW_015090842.1:9839512",16,33,17
"ACSF3","s329_S_ADR_02_ASEReadCounter.table","NW_015090842.1:9839527",10,24,14
"ACSF3","s329_S_ADR_02_ASEReadCounter.table","NW_015090842.1:9839533",5,15,10
"ACSF3","s329_S_ADR_02_ASEReadCounter.table","NW_015090842.1:9839535",5,15,10
"ACSF3","s329_S_ADR_02_ASEReadCounter.table","NW_015090842.1:9839545",7,15,8
"ACSF3","s329_S_ADR_02_ASEReadCounter.table","NW_015090842.1:9839550",7,14,7
"ACSF3","s329_S_ADR_02_ASEReadCounter.table","NW_015090842.1:9839551",7,14,7
"CDH15","s329_S_ADR_02_ASEReadCounter.table","NW_015090842.1:9848220",0,1,1
"CDH15","s329_S_ADR_02_ASEReadCounter.table","NW_015090842.1:9848265",0,1,1
"SLC22A31","s329_S_ADR_02_ASEReadCounter.table","NW_015090842.1:9851032",0,1,1
"SLC22A31","s329_S_ADR_02_ASEReadCounter.table","NW_015090842.1:9851053",0,1,1
"SLC22A31","s329_S_ADR_02_ASEReadCounter.table","NW_015090842.1:9851130",8,12,4
"SLC22A31","s329_S_ADR_02_ASEReadCounter.table","NW_015090842.1:9851139",7,11,4
"SLC22A31","s329_S_ADR_02_ASEReadCounter.table","NW_015090842.1:9851265",20,32,12
"SLC22A31","s329_S_ADR_02_ASEReadCounter.table","NW_015090842.1:9851302",25,33,8
"SLC22A31","s329_S_ADR_02_ASEReadCounter.table","NW_015090842.1:9851303",26,34,8
"SLC22A31","s329_S_ADR_02_ASEReadCounter.table","NW_015090842.1:9851305",26,34,8
"SLC22A31","s329_S_ADR_02_ASEReadCounter.table","NW_015090842.1:9851343",25,34,9
"SLC22A31","s329_S_ADR_02_ASEReadCounter.table","NW_015090842.1:9851344",30,38,8
"SLC22A31","s329_S_ADR_02_ASEReadCounter.table","NW_015090842.1:9851381",25,37,12
"SLC22A31","s329_S_ADR_02_ASEReadCounter.table","NW_015090842.1:9851421",25,42,17
"SLC22A31","s329_S_ADR_02_ASEReadCounter.table","NW_015090842.1:9851526",27,39,12
"SLC22A31","s329_S_ADR_02_ASEReadCounter.table","NW_015090842.1:9851589",35,45,10
"SLC22A31","s329_S_ADR_02_ASEReadCounter.table","NW_015090842.1:9851712",33,52,19
"SLC22A31","s329_S_ADR_02_ASEReadCounter.table","NW_015090842.1:9851899",45,60,15
"SLC22A31","s329_S_ADR_02_ASEReadCounter.table","NW_015090842.1:9852139",39,56,17
"SLC22A31","s329_S_ADR_02_ASEReadCounter.table","NW_015090842.1:9852380",33,49,16
"SLC22A31","s329_S_ADR_02_ASEReadCounter.table","NW_015090842.1:9852431",23,35,12
"SLC22A31","s329_S_ADR_02_ASEReadCounter.table","NW_015090842.1:9852630",18,30,12
"SLC22A31","s329_S_ADR_02_ASEReadCounter.table","NW_015090842.1:9852711",11,20,9
"SLC22A31","s329_S_ADR_02_ASEReadCounter.table","NW_015090842.1:9852742",10,18,8
"SLC22A31","s329_S_ADR_02_ASEReadCounter.table","NW_015090842.1:9853099",19,25,6
"SLC22A31","s329_S_ADR_02_ASEReadCounter.table","NW_015090842.1:9853102",19,25,6
"SLC22A31","s329_S_ADR_02_ASEReadCounter.table","NW_015090842.1:9853421",16,16,0
"SLC22A31","s329_S_ADR_02_ASEReadCounter.table","NW_015090842.1:9853457",18,19,1
"SLC22A31","s329_S_ADR_02_ASEReadCounter.table","NW_015090842.1:9853502",14,15,1
"ANKRD11","s329_S_ADR_02_ASEReadCounter.table","NW_015090842.1:9858863",6,10,4
"ANKRD11","s329_S_ADR_02_ASEReadCounter.table","NW_015090842.1:9859101",49,132,83
"ANKRD11","s329_S_ADR_02_ASEReadCounter.table","NW_015090842.1:9859352",75,179,104
"ANKRD11","s329_S_ADR_02_ASEReadCounter.table","NW_015090842.1:9859381",31,106,75
"ANKRD11","s329_S_ADR_02_ASEReadCounter.table","NW_015090842.1:9859527",33,88,55
"ANKRD11","s329_S_ADR_02_ASEReadCounter.table","NW_015090842.1:9859529",33,89,56
"ANKRD11","s329_S_ADR_02_ASEReadCounter.table","NW_015090842.1:9859679",75,151,76
"ANKRD11","s329_S_ADR_02_ASEReadCounter.table","NW_015090842.1:9861097",81,165,84
"ANKRD11","s329_S_ADR_02_ASEReadCounter.table","NW_015090842.1:9862571",54,106,52
"ANKRD11","s329_S_ADR_02_ASEReadCounter.table","NW_015090842.1:9866071",0,75,75
"ANKRD11","s329_S_ADR_02_ASEReadCounter.table","NW_015090842.1:9866200",0,68,68
"ANKRD11","s329_S_ADR_02_ASEReadCounter.table","NW_015090842.1:9867391",26,53,27
"ANKRD11","s329_S_ADR_02_ASEReadCounter.table","NW_015090842.1:9867472",47,90,43
"ANKRD11","s329_S_ADR_02_ASEReadCounter.table","NW_015090842.1:9867559",55,109,54
"ANKRD11","s329_S_ADR_02_ASEReadCounter.table","NW_015090842.1:9867934",48,108,60
"ANKRD11","s329_S_ADR_02_ASEReadCounter.table","NW_015090842.1:9868093",47,116,69
"ANKRD11","s329_S_ADR_02_ASEReadCounter.table","NW_015090842.1:9868222",72,125,53
"ANKRD11","s329_S_ADR_02_ASEReadCounter.table","NW_015090842.1:9868327",63,123,60
"ANKRD11","s329_S_ADR_02_ASEReadCounter.table","NW_015090842.1:9868414",80,158,78
"ANKRD11","s329_S_ADR_02_ASEReadCounter.table","NW_015090842.1:9868441",79,154,75
"ANKRD11","s329_S_ADR_02_ASEReadCounter.table","NW_015090842.1:9868444",79,158,79
"ANKRD11","s329_S_ADR_02_ASEReadCounter.table","NW_015090842.1:9868519",79,151,72
"ANKRD11","s329_S_ADR_02_ASEReadCounter.table","NW_015090842.1:9868609",79,154,75
"ANKRD11","s329_S_ADR_02_ASEReadCounter.table","NW_015090842.1:9868666",89,180,91
"ANKRD11","s329_S_ADR_02_ASEReadCounter.table","NW_015090842.1:9869431",66,137,71
"ANKRD11","s329_S_ADR_02_ASEReadCounter.table","NW_015090842.1:9869578",94,188,94
"ANKRD11","s329_S_ADR_02_ASEReadCounter.table","NW_015090842.1:9869734",93,176,83
"ANKRD11","s329_S_ADR_02_ASEReadCounter.table","NW_015090842.1:9870070",60,137,77
"ANKRD11","s329_S_ADR_02_ASEReadCounter.table","NW_015090842.1:9870349",60,141,81
"ANKRD11","s329_S_ADR_02_ASEReadCounter.table","NW_015090842.1:9870604",74,140,66
"ANKRD11","s329_S_ADR_02_ASEReadCounter.table","NW_015090842.1:9870613",79,147,68
"ANKRD11","s329_S_ADR_02_ASEReadCounter.table","NW_015090842.1:9870685",85,182,97
"ANKRD11","s329_S_ADR_02_ASEReadCounter.table","NW_015090842.1:9870847",60,138,78
"ANKRD11","s329_S_ADR_02_ASEReadCounter.table","NW_015090842.1:9871103",56,110,54
"ANKRD11","s329_S_ADR_02_ASEReadCounter.table","NW_015090842.1:9871165",49,129,80
"ANKRD11","s329_S_ADR_02_ASEReadCounter.table","NW_015090842.1:9871820",48,100,52
"ANKRD11","s329_S_ADR_02_ASEReadCounter.table","NW_015090842.1:9871994",48,91,43
"ANKRD11","s329_S_ADR_02_ASEReadCounter.table","NW_015090842.1:9872118",45,90,45
"SPG7","s329_S_ADR_02_ASEReadCounter.table","NW_015090842.1:10051190",183,355,172
"SPG7","s329_S_ADR_02_ASEReadCounter.table","NW_015090842.1:10051218",210,414,204
"SPG7","s329_S_ADR_02_ASEReadCounter.table","NW_015090842.1:10052348",242,469,227
"SPG7","s329_S_ADR_02_ASEReadCounter.table","NW_015090842.1:10052366",234,470,236
"SPG7","s329_S_ADR_02_ASEReadCounter.table","NW_015090842.1:10065173",189,384,195
"SPG7","s329_S_ADR_02_ASEReadCounter.table","NW_015090842.1:10065215",184,357,173
"SPG7","s329_S_ADR_02_ASEReadCounter.table","NW_015090842.1:10066301",144,280,136
"SPG7","s329_S_ADR_02_ASEReadCounter.table","NW_015090842.1:10066365",167,334,167
"SPG7","s329_S_ADR_02_ASEReadCounter.table","NW_015090842.1:10069752",214,415,201
"SPG7","s329_S_ADR_02_ASEReadCounter.table","NW_015090842.1:10069800",199,425,226
"SPG7","s329_S_ADR_02_ASEReadCounter.table","NW_015090842.1:10071192",200,447,247
"SPG7","s329_S_ADR_02_ASEReadCounter.table","NW_015090842.1:10071204",184,410,226
"SPG7","s329_S_ADR_02_ASEReadCounter.table","NW_015090842.1:10071219",184,397,213
"SPG7","s329_S_ADR_02_ASEReadCounter.table","NW_015090842.1:10071967",173,361,188
"SPG7","s329_S_ADR_02_ASEReadCounter.table","NW_015090842.1:10075109",250,447,197
"SPG7","s329_S_ADR_02_ASEReadCounter.table","NW_015090842.1:10075114",248,440,192
"SPG7","s329_S_ADR_02_ASEReadCounter.table","NW_015090842.1:10075198",188,334,146
"SPG7","s329_S_ADR_02_ASEReadCounter.table","NW_015090842.1:10075487",126,226,100
"SPG7","s329_S_ADR_02_ASEReadCounter.table","NW_015090842.1:10075488",126,228,102
"SPG7","s329_S_ADR_02_ASEReadCounter.table","NW_015090842.1:10075548",85,154,69
"RPL13","s329_S_ADR_02_ASEReadCounter.table","NW_015090842.1:10076979",4,6,2
"RPL13","s329_S_ADR_02_ASEReadCounter.table","NW_015090842.1:10077387",636,1411,775
"RPL13","s329_S_ADR_02_ASEReadCounter.table","NW_015090842.1:10077978",1019,2154,1135
"RPL13","s329_S_ADR_02_ASEReadCounter.table","NW_015090842.1:10077992",1006,2083,1077
"CPNE7","s329_S_ADR_02_ASEReadCounter.table","NW_015090842.1:10090924",1,1,0
"CPNE7","s329_S_ADR_02_ASEReadCounter.table","NW_015090842.1:10090930",1,1,0
"CPNE7","s329_S_ADR_02_ASEReadCounter.table","NW_015090842.1:10091075",1,2,1
"CPNE7","s329_S_ADR_02_ASEReadCounter.table","NW_015090842.1:10091389",0,1,1
"CPNE7","s329_S_ADR_02_ASEReadCounter.table","NW_015090842.1:10091407",0,2,2
"CPNE7","s329_S_ADR_02_ASEReadCounter.table","NW_015090842.1:10091530",0,1,1
"LOC106888185","s329_S_ADR_02_ASEReadCounter.table","NW_015090842.1:10094965",4,24,20
"LOC106888185","s329_S_ADR_02_ASEReadCounter.table","NW_015090842.1:10094966",5,25,20
"LOC106888185","s329_S_ADR_02_ASEReadCounter.table","NW_015090842.1:10094985",5,25,20
"LOC106888185","s329_S_ADR_02_ASEReadCounter.table","NW_015090842.1:10095055",2,26,24
"LOC106888185","s329_S_ADR_02_ASEReadCounter.table","NW_015090842.1:10095062",2,21,19
"LOC106888185","s329_S_ADR_02_ASEReadCounter.table","NW_015090842.1:10095130",1,34,33
"LOC106888185","s329_S_ADR_02_ASEReadCounter.table","NW_015090842.1:10095265",52,121,69
"LOC106888185","s329_S_ADR_02_ASEReadCounter.table","NW_015090842.1:10095586",72,170,98
"LOC106888185","s329_S_ADR_02_ASEReadCounter.table","NW_015090842.1:10095593",78,174,96
"LOC106888185","s329_S_ADR_02_ASEReadCounter.table","NW_015090842.1:10095616",69,153,84
"LOC106888185","s329_S_ADR_02_ASEReadCounter.table","NW_015090842.1:10095662",54,134,80
"LOC106888185","s329_S_ADR_02_ASEReadCounter.table","NW_015090842.1:10095674",46,125,79
"LOC106888185","s329_S_ADR_02_ASEReadCounter.table","NW_015090842.1:10095786",48,144,96
"LOC106888185","s329_S_ADR_02_ASEReadCounter.table","NW_015090842.1:10095831",72,175,103
"LOC106888185","s329_S_ADR_02_ASEReadCounter.table","NW_015090842.1:10096230",66,169,103
"LOC106888185","s329_S_ADR_02_ASEReadCounter.table","NW_015090842.1:10096249",74,195,121
"LOC106888185","s329_S_ADR_02_ASEReadCounter.table","NW_015090842.1:10096272",87,231,144
"LOC106888185","s329_S_ADR_02_ASEReadCounter.table","NW_015090842.1:10096288",79,206,127
"LOC106888185","s329_S_ADR_02_ASEReadCounter.table","NW_015090842.1:10097248",56,167,111
"LOC106888185","s329_S_ADR_02_ASEReadCounter.table","NW_015090842.1:10097265",80,224,144
"LOC106888185","s329_S_ADR_02_ASEReadCounter.table","NW_015090842.1:10097446",7,36,29
"DPEP1","s329_S_ADR_02_ASEReadCounter.table","NW_015090842.1:10098017",1,10,9
"DPEP1","s329_S_ADR_02_ASEReadCounter.table","NW_015090842.1:10098518",0,21,21
"DPEP1","s329_S_ADR_02_ASEReadCounter.table","NW_015090842.1:10098595",7,27,20
"DPEP1","s329_S_ADR_02_ASEReadCounter.table","NW_015090842.1:10098597",7,26,19
"DPEP1","s329_S_ADR_02_ASEReadCounter.table","NW_015090842.1:10098601",7,27,20
"DPEP1","s329_S_ADR_02_ASEReadCounter.table","NW_015090842.1:10098608",7,26,19
"DPEP1","s329_S_ADR_02_ASEReadCounter.table","NW_015090842.1:10098630",4,25,21
"DPEP1","s329_S_ADR_02_ASEReadCounter.table","NW_015090842.1:10098659",1,14,13
"DPEP1","s329_S_ADR_02_ASEReadCounter.table","NW_015090842.1:10099765",3,17,14
"DPEP1","s329_S_ADR_02_ASEReadCounter.table","NW_015090842.1:10099985",5,25,20
"DPEP1","s329_S_ADR_02_ASEReadCounter.table","NW_015090842.1:10099986",5,23,18
"DPEP1","s329_S_ADR_02_ASEReadCounter.table","NW_015090842.1:10099991",5,23,18
"DPEP1","s329_S_ADR_02_ASEReadCounter.table","NW_015090842.1:10100044",3,26,23
"DPEP1","s329_S_ADR_02_ASEReadCounter.table","NW_015090842.1:10100045",3,26,23
"DPEP1","s329_S_ADR_02_ASEReadCounter.table","NW_015090842.1:10100084",4,23,19
"DPEP1","s329_S_ADR_02_ASEReadCounter.table","NW_015090842.1:10100295",6,22,16
"DPEP1","s329_S_ADR_02_ASEReadCounter.table","NW_015090842.1:10100529",5,24,19
"DPEP1","s329_S_ADR_02_ASEReadCounter.table","NW_015090842.1:10100893",7,32,25
"DPEP1","s329_S_ADR_02_ASEReadCounter.table","NW_015090842.1:10100902",7,33,26
"DPEP1","s329_S_ADR_02_ASEReadCounter.table","NW_015090842.1:10101072",4,31,27
"DPEP1","s329_S_ADR_02_ASEReadCounter.table","NW_015090842.1:10101199",7,31,24
"DPEP1","s329_S_ADR_02_ASEReadCounter.table","NW_015090842.1:10101483",6,25,19
"DPEP1","s329_S_ADR_02_ASEReadCounter.table","NW_015090842.1:10101497",6,25,19
"DPEP1","s329_S_ADR_02_ASEReadCounter.table","NW_015090842.1:10101525",4,21,17
"DPEP1","s329_S_ADR_02_ASEReadCounter.table","NW_015090842.1:10101875",2,13,11
"DPEP1","s329_S_ADR_02_ASEReadCounter.table","NW_015090842.1:10101913",2,14,12
"DPEP1","s329_S_ADR_02_ASEReadCounter.table","NW_015090842.1:10101996",2,18,16
"DPEP1","s329_S_ADR_02_ASEReadCounter.table","NW_015090842.1:10102014",1,15,14
"DPEP1","s329_S_ADR_02_ASEReadCounter.table","NW_015090842.1:10102035",0,8,8
"CHMP1A","s329_S_ADR_02_ASEReadCounter.table","NW_015090842.1:10102901",44,113,69
"CHMP1A","s329_S_ADR_02_ASEReadCounter.table","NW_015090842.1:10102961",49,135,86
"CHMP1A","s329_S_ADR_02_ASEReadCounter.table","NW_015090842.1:10102996",42,132,90
"CHMP1A","s329_S_ADR_02_ASEReadCounter.table","NW_015090842.1:10103004",49,142,93
"CHMP1A","s329_S_ADR_02_ASEReadCounter.table","NW_015090842.1:10103006",48,140,92
"CHMP1A","s329_S_ADR_02_ASEReadCounter.table","NW_015090842.1:10103052",77,164,87
"CHMP1A","s329_S_ADR_02_ASEReadCounter.table","NW_015090842.1:10103095",76,152,76
"CHMP1A","s329_S_ADR_02_ASEReadCounter.table","NW_015090842.1:10103096",78,154,76
"CHMP1A","s329_S_ADR_02_ASEReadCounter.table","NW_015090842.1:10103152",59,121,62
"CHMP1A","s329_S_ADR_02_ASEReadCounter.table","NW_015090842.1:10103334",57,134,77
"CHMP1A","s329_S_ADR_02_ASEReadCounter.table","NW_015090842.1:10103373",32,113,81
"CHMP1A","s329_S_ADR_02_ASEReadCounter.table","NW_015090842.1:10103408",53,138,85
"CHMP1A","s329_S_ADR_02_ASEReadCounter.table","NW_015090842.1:10103412",59,133,74
"CHMP1A","s329_S_ADR_02_ASEReadCounter.table","NW_015090842.1:10103512",75,149,74
"CHMP1A","s329_S_ADR_02_ASEReadCounter.table","NW_015090842.1:10103513",74,150,76
"CHMP1A","s329_S_ADR_02_ASEReadCounter.table","NW_015090842.1:10103583",64,133,69
"CHMP1A","s329_S_ADR_02_ASEReadCounter.table","NW_015090842.1:10103614",69,151,82
"CHMP1A","s329_S_ADR_02_ASEReadCounter.table","NW_015090842.1:10103657",82,159,77
"CHMP1A","s329_S_ADR_02_ASEReadCounter.table","NW_015090842.1:10103669",66,140,74
"CHMP1A","s329_S_ADR_02_ASEReadCounter.table","NW_015090842.1:10103674",68,141,73
"CHMP1A","s329_S_ADR_02_ASEReadCounter.table","NW_015090842.1:10103677",66,137,71
"CHMP1A","s329_S_ADR_02_ASEReadCounter.table","NW_015090842.1:10103729",90,166,76
"CHMP1A","s329_S_ADR_02_ASEReadCounter.table","NW_015090842.1:10103758",90,163,73
"CHMP1A","s329_S_ADR_02_ASEReadCounter.table","NW_015090842.1:10103761",91,169,78
"CHMP1A","s329_S_ADR_02_ASEReadCounter.table","NW_015090842.1:10103788",101,202,101
"CHMP1A","s329_S_ADR_02_ASEReadCounter.table","NW_015090842.1:10103789",102,203,101
"CHMP1A","s329_S_ADR_02_ASEReadCounter.table","NW_015090842.1:10103790",102,202,100
"CHMP1A","s329_S_ADR_02_ASEReadCounter.table","NW_015090842.1:10103950",96,192,96
"CHMP1A","s329_S_ADR_02_ASEReadCounter.table","NW_015090842.1:10104335",47,124,77
"CHMP1A","s329_S_ADR_02_ASEReadCounter.table","NW_015090842.1:10104429",88,188,100
"CHMP1A","s329_S_ADR_02_ASEReadCounter.table","NW_015090842.1:10104532",94,188,94
"CHMP1A","s329_S_ADR_02_ASEReadCounter.table","NW_015090842.1:10104633",89,173,84
"CHMP1A","s329_S_ADR_02_ASEReadCounter.table","NW_015090842.1:10104759",105,172,67
"CHMP1A","s329_S_ADR_02_ASEReadCounter.table","NW_015090842.1:10104794",114,192,78
"CHMP1A","s329_S_ADR_02_ASEReadCounter.table","NW_015090842.1:10104844",62,130,68
"CHMP1A","s329_S_ADR_02_ASEReadCounter.table","NW_015090842.1:10106290",96,171,75
"CHMP1A","s329_S_ADR_02_ASEReadCounter.table","NW_015090842.1:10106335",97,177,80
"CHMP1A","s329_S_ADR_02_ASEReadCounter.table","NW_015090842.1:10106383",116,217,101
"CHMP1A","s329_S_ADR_02_ASEReadCounter.table","NW_015090842.1:10106747",116,226,110
"CHMP1A","s329_S_ADR_02_ASEReadCounter.table","NW_015090842.1:10107404",112,248,136
"CHMP1A","s329_S_ADR_02_ASEReadCounter.table","NW_015090842.1:10107410",116,256,140
"CHMP1A","s329_S_ADR_02_ASEReadCounter.table","NW_015090842.1:10107876",101,209,108
"CDK10","s329_S_ADR_02_ASEReadCounter.table","NW_015090842.1:10109030",12,13,1
"CDK10","s329_S_ADR_02_ASEReadCounter.table","NW_015090842.1:10109963",34,99,65
"CDK10","s329_S_ADR_02_ASEReadCounter.table","NW_015090842.1:10110887",38,95,57
"CDK10","s329_S_ADR_02_ASEReadCounter.table","NW_015090842.1:10111254",16,64,48
"CDK10","s329_S_ADR_02_ASEReadCounter.table","NW_015090842.1:10111380",21,78,57
"CDK10","s329_S_ADR_02_ASEReadCounter.table","NW_015090842.1:10111395",24,80,56
"CDK10","s329_S_ADR_02_ASEReadCounter.table","NW_015090842.1:10111437",18,69,51
"CDK10","s329_S_ADR_02_ASEReadCounter.table","NW_015090842.1:10111798",38,107,69
"CDK10","s329_S_ADR_02_ASEReadCounter.table","NW_015090842.1:10111840",36,100,64
"CDK10","s329_S_ADR_02_ASEReadCounter.table","NW_015090842.1:10112031",32,94,62
"CDK10","s329_S_ADR_02_ASEReadCounter.table","NW_015090842.1:10112285",33,80,47
"CDK10","s329_S_ADR_02_ASEReadCounter.table","NW_015090842.1:10112398",32,91,59
"CDK10","s329_S_ADR_02_ASEReadCounter.table","NW_015090842.1:10112455",29,93,64
"CDK10","s329_S_ADR_02_ASEReadCounter.table","NW_015090842.1:10112461",26,79,53
"CDK10","s329_S_ADR_02_ASEReadCounter.table","NW_015090842.1:10112497",27,73,46
"CDK10","s329_S_ADR_02_ASEReadCounter.table","NW_015090842.1:10112508",26,71,45
"CDK10","s329_S_ADR_02_ASEReadCounter.table","NW_015090842.1:10112518",21,61,40
"CDK10","s329_S_ADR_02_ASEReadCounter.table","NW_015090842.1:10112540",4,43,39
"CDK10","s329_S_ADR_02_ASEReadCounter.table","NW_015090842.1:10112556",10,46,36
"CDK10","s329_S_ADR_02_ASEReadCounter.table","NW_015090842.1:10112561",11,56,45
"CDK10","s329_S_ADR_02_ASEReadCounter.table","NW_015090842.1:10112596",20,63,43
"CDK10","s329_S_ADR_02_ASEReadCounter.table","NW_015090842.1:10112630",21,59,38
"CDK10","s329_S_ADR_02_ASEReadCounter.table","NW_015090842.1:10112656",21,62,41
"CDK10","s329_S_ADR_02_ASEReadCounter.table","NW_015090842.1:10112665",16,48,32
"CDK10","s329_S_ADR_02_ASEReadCounter.table","NW_015090842.1:10112668",15,46,31
"CDK10","s329_S_ADR_02_ASEReadCounter.table","NW_015090842.1:10112781",10,20,10
"CDK10","s329_S_ADR_02_ASEReadCounter.table","NW_015090842.1:10112782",10,21,11
"CDK10","s329_S_ADR_02_ASEReadCounter.table","NW_015090842.1:10112795",9,20,11
"CDK10","s329_S_ADR_02_ASEReadCounter.table","NW_015090842.1:10112841",3,6,3
"CDK10","s329_S_ADR_02_ASEReadCounter.table","NW_015090842.1:10112861",3,3,0
"SPATA2L","s329_S_ADR_02_ASEReadCounter.table","NW_015090842.1:10113212",13,29,16
"SPATA2L","s329_S_ADR_02_ASEReadCounter.table","NW_015090842.1:10113280",16,36,20
"SPATA2L","s329_S_ADR_02_ASEReadCounter.table","NW_015090842.1:10113296",17,40,23
"SPATA2L","s329_S_ADR_02_ASEReadCounter.table","NW_015090842.1:10113321",19,42,23
"SPATA2L","s329_S_ADR_02_ASEReadCounter.table","NW_015090842.1:10113332",20,49,29
"SPATA2L","s329_S_ADR_02_ASEReadCounter.table","NW_015090842.1:10113380",21,50,29
"SPATA2L","s329_S_ADR_02_ASEReadCounter.table","NW_015090842.1:10113381",22,51,29
"SPATA2L","s329_S_ADR_02_ASEReadCounter.table","NW_015090842.1:10113412",23,55,32
"SPATA2L","s329_S_ADR_02_ASEReadCounter.table","NW_015090842.1:10113421",23,52,29
"SPATA2L","s329_S_ADR_02_ASEReadCounter.table","NW_015090842.1:10113465",19,43,24
"SPATA2L","s329_S_ADR_02_ASEReadCounter.table","NW_015090842.1:10113535",27,52,25
"SPATA2L","s329_S_ADR_02_ASEReadCounter.table","NW_015090842.1:10113645",20,54,34
"SPATA2L","s329_S_ADR_02_ASEReadCounter.table","NW_015090842.1:10113682",30,77,47
"SPATA2L","s329_S_ADR_02_ASEReadCounter.table","NW_015090842.1:10113696",32,72,40
"SPATA2L","s329_S_ADR_02_ASEReadCounter.table","NW_015090842.1:10113727",39,85,46
"SPATA2L","s329_S_ADR_02_ASEReadCounter.table","NW_015090842.1:10113729",40,87,47
"SPATA2L","s329_S_ADR_02_ASEReadCounter.table","NW_015090842.1:10113799",42,80,38
"SPATA2L","s329_S_ADR_02_ASEReadCounter.table","NW_015090842.1:10113809",40,79,39
"SPATA2L","s329_S_ADR_02_ASEReadCounter.table","NW_015090842.1:10113827",42,79,37
"SPATA2L","s329_S_ADR_02_ASEReadCounter.table","NW_015090842.1:10113831",41,81,40
"SPATA2L","s329_S_ADR_02_ASEReadCounter.table","NW_015090842.1:10113894",33,75,42
"SPATA2L","s329_S_ADR_02_ASEReadCounter.table","NW_015090842.1:10113905",31,68,37
"SPATA2L","s329_S_ADR_02_ASEReadCounter.table","NW_015090842.1:10113914",27,61,34
"SPATA2L","s329_S_ADR_02_ASEReadCounter.table","NW_015090842.1:10113920",29,62,33
"SPATA2L","s329_S_ADR_02_ASEReadCounter.table","NW_015090842.1:10113937",32,64,32
"SPATA2L","s329_S_ADR_02_ASEReadCounter.table","NW_015090842.1:10113971",33,64,31
"SPATA2L","s329_S_ADR_02_ASEReadCounter.table","NW_015090842.1:10113976",23,59,36
"SPATA2L","s329_S_ADR_02_ASEReadCounter.table","NW_015090842.1:10113985",27,51,24
"SPATA2L","s329_S_ADR_02_ASEReadCounter.table","NW_015090842.1:10113994",29,54,25
"SPATA2L","s329_S_ADR_02_ASEReadCounter.table","NW_015090842.1:10114063",21,55,34
"SPATA2L","s329_S_ADR_02_ASEReadCounter.table","NW_015090842.1:10114066",20,53,33
"SPATA2L","s329_S_ADR_02_ASEReadCounter.table","NW_015090842.1:10114069",21,54,33
"SPATA2L","s329_S_ADR_02_ASEReadCounter.table","NW_015090842.1:10114159",28,59,31
"SPATA2L","s329_S_ADR_02_ASEReadCounter.table","NW_015090842.1:10114262",36,67,31
"SPATA2L","s329_S_ADR_02_ASEReadCounter.table","NW_015090842.1:10114470",22,43,21
"SPATA2L","s329_S_ADR_02_ASEReadCounter.table","NW_015090842.1:10114524",15,28,13
"VPS9D1","s329_S_ADR_02_ASEReadCounter.table","NW_015090842.1:10116377",16,44,28
"VPS9D1","s329_S_ADR_02_ASEReadCounter.table","NW_015090842.1:10116415",17,47,30
"VPS9D1","s329_S_ADR_02_ASEReadCounter.table","NW_015090842.1:10116607",19,47,28
"VPS9D1","s329_S_ADR_02_ASEReadCounter.table","NW_015090842.1:10116821",19,37,18
"VPS9D1","s329_S_ADR_02_ASEReadCounter.table","NW_015090842.1:10116825",17,34,17
"VPS9D1","s329_S_ADR_02_ASEReadCounter.table","NW_015090842.1:10116882",12,36,24
"VPS9D1","s329_S_ADR_02_ASEReadCounter.table","NW_015090842.1:10116933",17,40,23
"VPS9D1","s329_S_ADR_02_ASEReadCounter.table","NW_015090842.1:10116942",18,42,24
"VPS9D1","s329_S_ADR_02_ASEReadCounter.table","NW_015090842.1:10117152",17,38,21
"VPS9D1","s329_S_ADR_02_ASEReadCounter.table","NW_015090842.1:10117480",14,25,11
"VPS9D1","s329_S_ADR_02_ASEReadCounter.table","NW_015090842.1:10117497",14,27,13
"VPS9D1","s329_S_ADR_02_ASEReadCounter.table","NW_015090842.1:10117499",14,26,12
"VPS9D1","s329_S_ADR_02_ASEReadCounter.table","NW_015090842.1:10117516",13,27,14
"VPS9D1","s329_S_ADR_02_ASEReadCounter.table","NW_015090842.1:10117525",15,30,15
"VPS9D1","s329_S_ADR_02_ASEReadCounter.table","NW_015090842.1:10117579",13,35,22
"VPS9D1","s329_S_ADR_02_ASEReadCounter.table","NW_015090842.1:10117627",13,37,24
"VPS9D1","s329_S_ADR_02_ASEReadCounter.table","NW_015090842.1:10117678",9,35,26
"VPS9D1","s329_S_ADR_02_ASEReadCounter.table","NW_015090842.1:10117773",21,51,30
"VPS9D1","s329_S_ADR_02_ASEReadCounter.table","NW_015090842.1:10117937",19,53,34
"VPS9D1","s329_S_ADR_02_ASEReadCounter.table","NW_015090842.1:10117961",18,50,32
"VPS9D1","s329_S_ADR_02_ASEReadCounter.table","NW_015090842.1:10118236",18,51,33
"VPS9D1","s329_S_ADR_02_ASEReadCounter.table","NW_015090842.1:10118414",22,43,21
"VPS9D1","s329_S_ADR_02_ASEReadCounter.table","NW_015090842.1:10118973",33,64,31
"VPS9D1","s329_S_ADR_02_ASEReadCounter.table","NW_015090842.1:10119500",17,33,16
"ZNF276","s329_S_ADR_02_ASEReadCounter.table","NW_015090842.1:10121760",7,15,8
"ZNF276","s329_S_ADR_02_ASEReadCounter.table","NW_015090842.1:10121769",7,15,8
"ZNF276","s329_S_ADR_02_ASEReadCounter.table","NW_015090842.1:10121802",8,20,12
"ZNF276","s329_S_ADR_02_ASEReadCounter.table","NW_015090842.1:10121971",14,30,16
"ZNF276","s329_S_ADR_02_ASEReadCounter.table","NW_015090842.1:10122161",14,31,17
"ZNF276","s329_S_ADR_02_ASEReadCounter.table","NW_015090842.1:10122164",15,33,18
"ZNF276","s329_S_ADR_02_ASEReadCounter.table","NW_015090842.1:10122184",18,39,21
"ZNF276","s329_S_ADR_02_ASEReadCounter.table","NW_015090842.1:10122883",14,28,14
"ZNF276","s329_S_ADR_02_ASEReadCounter.table","NW_015090842.1:10122997",16,34,18
"ZNF276","s329_S_ADR_02_ASEReadCounter.table","NW_015090842.1:10123069",16,33,17
"ZNF276","s329_S_ADR_02_ASEReadCounter.table","NW_015090842.1:10123207",28,55,27
"ZNF276","s329_S_ADR_02_ASEReadCounter.table","NW_015090842.1:10125787",14,43,29
"ZNF276","s329_S_ADR_02_ASEReadCounter.table","NW_015090842.1:10126309",29,56,27
"ZNF276","s329_S_ADR_02_ASEReadCounter.table","NW_015090842.1:10126348",27,60,33
"ZNF276","s329_S_ADR_02_ASEReadCounter.table","NW_015090842.1:10126978",24,49,25
"ZNF276","s329_S_ADR_02_ASEReadCounter.table","NW_015090842.1:10126991",20,45,25
"ZNF276","s329_S_ADR_02_ASEReadCounter.table","NW_015090842.1:10127023",19,43,24
"ZNF276","s329_S_ADR_02_ASEReadCounter.table","NW_015090842.1:10127063",20,43,23
"ZNF276","s329_S_ADR_02_ASEReadCounter.table","NW_015090842.1:10127373",19,41,22
"ZNF276","s329_S_ADR_02_ASEReadCounter.table","NW_015090842.1:10127931",36,54,18
"ZNF276","s329_S_ADR_02_ASEReadCounter.table","NW_015090842.1:10128070",17,46,29
"ZNF276","s329_S_ADR_02_ASEReadCounter.table","NW_015090842.1:10128102",18,46,28
"ZNF276","s329_S_ADR_02_ASEReadCounter.table","NW_015090842.1:10128356",20,42,22
"ZNF276","s329_S_ADR_02_ASEReadCounter.table","NW_015090842.1:10128497",7,17,10
"FANCA","s329_S_ADR_02_ASEReadCounter.table","NW_015090842.1:10128743",3,5,2
"FANCA","s329_S_ADR_02_ASEReadCounter.table","NW_015090842.1:10128822",0,5,5
"FANCA","s329_S_ADR_02_ASEReadCounter.table","NW_015090842.1:10129383",2,5,3
"FANCA","s329_S_ADR_02_ASEReadCounter.table","NW_015090842.1:10129390",2,5,3
"FANCA","s329_S_ADR_02_ASEReadCounter.table","NW_015090842.1:10129422",1,2,1
"FANCA","s329_S_ADR_02_ASEReadCounter.table","NW_015090842.1:10129969",0,1,1
"FANCA","s329_S_ADR_02_ASEReadCounter.table","NW_015090842.1:10130399",1,2,1
"FANCA","s329_S_ADR_02_ASEReadCounter.table","NW_015090842.1:10130857",3,5,2
"FANCA","s329_S_ADR_02_ASEReadCounter.table","NW_015090842.1:10130878",4,6,2
"FANCA","s329_S_ADR_02_ASEReadCounter.table","NW_015090842.1:10133530",2,2,0
"FANCA","s329_S_ADR_02_ASEReadCounter.table","NW_015090842.1:10133533",2,2,0
"FANCA","s329_S_ADR_02_ASEReadCounter.table","NW_015090842.1:10133536",2,2,0
"FANCA","s329_S_ADR_02_ASEReadCounter.table","NW_015090842.1:10133601",3,4,1
"FANCA","s329_S_ADR_02_ASEReadCounter.table","NW_015090842.1:10134492",2,3,1
"FANCA","s329_S_ADR_02_ASEReadCounter.table","NW_015090842.1:10136957",1,2,1
"FANCA","s329_S_ADR_02_ASEReadCounter.table","NW_015090842.1:10136999",1,1,0
"FANCA","s329_S_ADR_02_ASEReadCounter.table","NW_015090842.1:10137019",2,2,0
"FANCA","s329_S_ADR_02_ASEReadCounter.table","NW_015090842.1:10137673",3,3,0
"FANCA","s329_S_ADR_02_ASEReadCounter.table","NW_015090842.1:10138618",1,1,0
"FANCA","s329_S_ADR_02_ASEReadCounter.table","NW_015090842.1:10140699",2,2,0
"FANCA","s329_S_ADR_02_ASEReadCounter.table","NW_015090842.1:10141234",2,4,2
"FANCA","s329_S_ADR_02_ASEReadCounter.table","NW_015090842.1:10145030",2,4,2
"FANCA","s329_S_ADR_02_ASEReadCounter.table","NW_015090842.1:10150518",1,2,1
"FANCA","s329_S_ADR_02_ASEReadCounter.table","NW_015090842.1:10152863",2,3,1
"FANCA","s329_S_ADR_02_ASEReadCounter.table","NW_015090842.1:10154490",2,3,1
"FANCA","s329_S_ADR_02_ASEReadCounter.table","NW_015090842.1:10158162",1,2,1
"FANCA","s329_S_ADR_02_ASEReadCounter.table","NW_015090842.1:10158957",2,3,1
"FANCA","s329_S_ADR_02_ASEReadCounter.table","NW_015090842.1:10160177",1,1,0
"FANCA","s329_S_ADR_02_ASEReadCounter.table","NW_015090842.1:10164257",1,2,1
"FANCA","s329_S_ADR_02_ASEReadCounter.table","NW_015090842.1:10165331",1,3,2
"SPIRE2","s329_S_ADR_02_ASEReadCounter.table","NW_015090842.1:10172284",4,6,2
"SPIRE2","s329_S_ADR_02_ASEReadCounter.table","NW_015090842.1:10175262",7,14,7
"SPIRE2","s329_S_ADR_02_ASEReadCounter.table","NW_015090842.1:10175352",4,10,6
"SPIRE2","s329_S_ADR_02_ASEReadCounter.table","NW_015090842.1:10175400",17,37,20
"SPIRE2","s329_S_ADR_02_ASEReadCounter.table","NW_015090842.1:10175418",18,39,21
"SPIRE2","s329_S_ADR_02_ASEReadCounter.table","NW_015090842.1:10175704",16,38,22
"SPIRE2","s329_S_ADR_02_ASEReadCounter.table","NW_015090842.1:10176115",15,41,26
"SPIRE2","s329_S_ADR_02_ASEReadCounter.table","NW_015090842.1:10176561",24,53,29
"SPIRE2","s329_S_ADR_02_ASEReadCounter.table","NW_015090842.1:10176817",12,33,21
"SPIRE2","s329_S_ADR_02_ASEReadCounter.table","NW_015090842.1:10177084",13,25,12
"SPIRE2","s329_S_ADR_02_ASEReadCounter.table","NW_015090842.1:10177838",26,46,20
"SPIRE2","s329_S_ADR_02_ASEReadCounter.table","NW_015090842.1:10178000",20,37,17
"SPIRE2","s329_S_ADR_02_ASEReadCounter.table","NW_015090842.1:10178164",12,30,18
"SPIRE2","s329_S_ADR_02_ASEReadCounter.table","NW_015090842.1:10178216",15,36,21
"SPIRE2","s329_S_ADR_02_ASEReadCounter.table","NW_015090842.1:10178303",11,24,13
"SPIRE2","s329_S_ADR_02_ASEReadCounter.table","NW_015090842.1:10178403",16,38,22
"SPIRE2","s329_S_ADR_02_ASEReadCounter.table","NW_015090842.1:10178409",14,35,21
"SPIRE2","s329_S_ADR_02_ASEReadCounter.table","NW_015090842.1:10178524",15,24,9
"SPIRE2","s329_S_ADR_02_ASEReadCounter.table","NW_015090842.1:10178526",15,24,9
"SPIRE2","s329_S_ADR_02_ASEReadCounter.table","NW_015090842.1:10178531",14,23,9
"SPIRE2","s329_S_ADR_02_ASEReadCounter.table","NW_015090842.1:10178565",11,18,7
"SPIRE2","s329_S_ADR_02_ASEReadCounter.table","NW_015090842.1:10178587",11,18,7
"SPIRE2","s329_S_ADR_02_ASEReadCounter.table","NW_015090842.1:10178640",8,15,7
"SPIRE2","s329_S_ADR_02_ASEReadCounter.table","NW_015090842.1:10178651",8,16,8
"SPIRE2","s329_S_ADR_02_ASEReadCounter.table","NW_015090842.1:10178682",7,13,6
"TCF25","s329_S_ADR_02_ASEReadCounter.table","NW_015090842.1:10180912",39,61,22
"TCF25","s329_S_ADR_02_ASEReadCounter.table","NW_015090842.1:10180924",37,61,24
"TCF25","s329_S_ADR_02_ASEReadCounter.table","NW_015090842.1:10180931",39,66,27
"TCF25","s329_S_ADR_02_ASEReadCounter.table","NW_015090842.1:10185332",99,204,105
"TCF25","s329_S_ADR_02_ASEReadCounter.table","NW_015090842.1:10196561",92,191,99
"TCF25","s329_S_ADR_02_ASEReadCounter.table","NW_015090842.1:10197399",110,234,124
"MC1R","s329_S_ADR_02_ASEReadCounter.table","NW_015090842.1:10202447",1,1,0
"TUBB3","s329_S_ADR_02_ASEReadCounter.table","NW_015090842.1:10205322",3,164,161
"GAS8","s329_S_ADR_02_ASEReadCounter.table","NW_015090842.1:10228982",20,43,23
"GAS8","s329_S_ADR_02_ASEReadCounter.table","NW_015090842.1:10229832",13,39,26
"GAS8","s329_S_ADR_02_ASEReadCounter.table","NW_015090842.1:10232901",7,25,18
"GAS8","s329_S_ADR_02_ASEReadCounter.table","NW_015090842.1:10232928",11,30,19
"GAS8","s329_S_ADR_02_ASEReadCounter.table","NW_015090842.1:10232967",13,36,23
"GAS8","s329_S_ADR_02_ASEReadCounter.table","NW_015090842.1:10233032",14,33,19
"GAS8","s329_S_ADR_02_ASEReadCounter.table","NW_015090842.1:10233057",9,26,17
"GAS8","s329_S_ADR_02_ASEReadCounter.table","NW_015090842.1:10233058",9,27,18
"GAS8","s329_S_ADR_02_ASEReadCounter.table","NW_015090842.1:10233176",14,24,10
"GAS8","s329_S_ADR_02_ASEReadCounter.table","NW_015090842.1:10233196",10,20,10
"GAS8","s329_S_ADR_02_ASEReadCounter.table","NW_015090842.1:10233252",9,13,4
"GAS8","s329_S_ADR_02_ASEReadCounter.table","NW_015090842.1:10233303",3,4,1
"LOC106888094","s329_S_ADR_02_ASEReadCounter.table","NW_015090842.1:10233334",7,34,27
"LOC106888094","s329_S_ADR_02_ASEReadCounter.table","NW_015090842.1:10233362",19,70,51
"LOC106888094","s329_S_ADR_02_ASEReadCounter.table","NW_015090842.1:10233373",19,77,58
"LOC106888094","s329_S_ADR_02_ASEReadCounter.table","NW_015090842.1:10233388",27,97,70
"LOC106888094","s329_S_ADR_02_ASEReadCounter.table","NW_015090842.1:10233402",31,99,68
"LOC106888094","s329_S_ADR_02_ASEReadCounter.table","NW_015090842.1:10233465",29,127,98
"LOC106888094","s329_S_ADR_02_ASEReadCounter.table","NW_015090842.1:10233803",48,201,153
"LOC106888094","s329_S_ADR_02_ASEReadCounter.table","NW_015090842.1:10233815",38,172,134
"LOC106888094","s329_S_ADR_02_ASEReadCounter.table","NW_015090842.1:10235484",12,20,8
"LOC106888094","s329_S_ADR_02_ASEReadCounter.table","NW_015090842.1:10235611",8,17,9
"LOC106888094","s329_S_ADR_02_ASEReadCounter.table","NW_015090842.1:10235977",7,27,20
"LOC106888094","s329_S_ADR_02_ASEReadCounter.table","NW_015090842.1:10236098",18,26,8
"LOC106888094","s329_S_ADR_02_ASEReadCounter.table","NW_015090842.1:10236161",15,38,23
"LOC106888094","s329_S_ADR_02_ASEReadCounter.table","NW_015090842.1:10236380",7,18,11
"LOC106888094","s329_S_ADR_02_ASEReadCounter.table","NW_015090842.1:10236388",8,20,12
"LOC106888094","s329_S_ADR_02_ASEReadCounter.table","NW_015090842.1:10236425",12,25,13
"LOC106888094","s329_S_ADR_02_ASEReadCounter.table","NW_015090842.1:10236426",11,24,13
"LOC106888094","s329_S_ADR_02_ASEReadCounter.table","NW_015090842.1:10236603",12,23,11
"LOC106888173","s329_S_ADR_02_ASEReadCounter.table","NW_015090842.1:10239596",0,9,9
"LOC106888173","s329_S_ADR_02_ASEReadCounter.table","NW_015090842.1:10240036",5,15,10
"LOC106888173","s329_S_ADR_02_ASEReadCounter.table","NW_015090842.1:10240095",7,29,22
"LOC106888173","s329_S_ADR_02_ASEReadCounter.table","NW_015090842.1:10240280",9,28,19
"LOC106888173","s329_S_ADR_02_ASEReadCounter.table","NW_015090842.1:10240557",6,24,18
"LOC106888173","s329_S_ADR_02_ASEReadCounter.table","NW_015090842.1:10240603",3,19,16
"LOC106888173","s329_S_ADR_02_ASEReadCounter.table","NW_015090842.1:10240609",3,19,16
"LOC106888173","s329_S_ADR_02_ASEReadCounter.table","NW_015090842.1:10240924",5,19,14
"LOC106888173","s329_S_ADR_02_ASEReadCounter.table","NW_015090842.1:10241037",1,20,19
"LOC106888173","s329_S_ADR_02_ASEReadCounter.table","NW_015090842.1:10241046",3,18,15
"LOC106888173","s329_S_ADR_02_ASEReadCounter.table","NW_015090842.1:10241058",4,19,15
"LOC106888173","s329_S_ADR_02_ASEReadCounter.table","NW_015090842.1:10241064",6,22,16
"LOC106888173","s329_S_ADR_02_ASEReadCounter.table","NW_015090842.1:10241163",2,25,23
"LOC106888173","s329_S_ADR_02_ASEReadCounter.table","NW_015090842.1:10241803",7,27,20
"LOC106888173","s329_S_ADR_02_ASEReadCounter.table","NW_015090842.1:10241827",7,22,15
"LOC106888173","s329_S_ADR_02_ASEReadCounter.table","NW_015090842.1:10241869",7,28,21
"LOC106888173","s329_S_ADR_02_ASEReadCounter.table","NW_015090842.1:10242079",4,23,19
"LOC106888173","s329_S_ADR_02_ASEReadCounter.table","NW_015090842.1:10242103",3,24,21
"LOC106888173","s329_S_ADR_02_ASEReadCounter.table","NW_015090842.1:10242157",3,20,17
"LOC106888173","s329_S_ADR_02_ASEReadCounter.table","NW_015090842.1:10242455",3,23,20
"LOC106888173","s329_S_ADR_02_ASEReadCounter.table","NW_015090842.1:10242481",6,24,18
"LOC106888173","s329_S_ADR_02_ASEReadCounter.table","NW_015090842.1:10242590",6,26,20
"LOC106888173","s329_S_ADR_02_ASEReadCounter.table","NW_015090842.1:10242794",3,19,16
"LOC106888173","s329_S_ADR_02_ASEReadCounter.table","NW_015090842.1:10242909",2,17,15
"LOC106888173","s329_S_ADR_02_ASEReadCounter.table","NW_015090842.1:10243094",2,8,6
"LOC106888173","s329_S_ADR_02_ASEReadCounter.table","NW_015090842.1:10243133",1,9,8
"LOC106888173","s329_S_ADR_02_ASEReadCounter.table","NW_015090842.1:10243273",4,18,14
"LOC106888173","s329_S_ADR_02_ASEReadCounter.table","NW_015090842.1:10243278",4,19,15
"LOC106888173","s329_S_ADR_02_ASEReadCounter.table","NW_015090842.1:10243281",4,19,15
"LOC106888173","s329_S_ADR_02_ASEReadCounter.table","NW_015090842.1:10243347",13,13,0
"LOC106888173","s329_S_ADR_02_ASEReadCounter.table","NW_015090842.1:10243353",4,13,9
"LOC106888173","s329_S_ADR_02_ASEReadCounter.table","NW_015090842.1:10243363",3,8,5
"LOC106888173","s329_S_ADR_02_ASEReadCounter.table","NW_015090842.1:10243365",4,9,5
"LOC106888173","s329_S_ADR_02_ASEReadCounter.table","NW_015090842.1:10243529",7,19,12
"LOC106888173","s329_S_ADR_02_ASEReadCounter.table","NW_015090842.1:10243566",7,29,22
"LOC106888173","s329_S_ADR_02_ASEReadCounter.table","NW_015090842.1:10243605",3,24,21
"LOC106888173","s329_S_ADR_02_ASEReadCounter.table","NW_015090842.1:10243614",2,23,21
"LOC106888173","s329_S_ADR_02_ASEReadCounter.table","NW_015090842.1:10243615",2,23,21
"LOC106888173","s329_S_ADR_02_ASEReadCounter.table","NW_015090842.1:10243640",4,20,16
"LOC106888173","s329_S_ADR_02_ASEReadCounter.table","NW_015090842.1:10243680",4,10,6
"LOC106888173","s329_S_ADR_02_ASEReadCounter.table","NW_015090842.1:10243742",6,16,10
"LOC106888173","s329_S_ADR_02_ASEReadCounter.table","NW_015090842.1:10243804",3,8,5
"LOC106888173","s329_S_ADR_02_ASEReadCounter.table","NW_015090842.1:10243913",3,7,4
"LOC106888173","s329_S_ADR_02_ASEReadCounter.table","NW_015090842.1:10243921",3,7,4
"LOC106888384","s329_S_ADR_02_ASEReadCounter.table","NW_015090842.1:10244714",1,3,2
"LOC106888384","s329_S_ADR_02_ASEReadCounter.table","NW_015090842.1:10244998",8,12,4
"LOC106888384","s329_S_ADR_02_ASEReadCounter.table","NW_015090842.1:10250743",5,11,6
"LOC106888384","s329_S_ADR_02_ASEReadCounter.table","NW_015090842.1:10250771",6,10,4
"LOC106888384","s329_S_ADR_02_ASEReadCounter.table","NW_015090842.1:10251343",6,6,0
"LOC106888384","s329_S_ADR_02_ASEReadCounter.table","NW_015090842.1:10251344",6,6,0
"LOC106888384","s329_S_ADR_02_ASEReadCounter.table","NW_015090842.1:10251349",5,5,0
"LOC106888384","s329_S_ADR_02_ASEReadCounter.table","NW_015090842.1:10251354",5,9,4
"LOC106888384","s329_S_ADR_02_ASEReadCounter.table","NW_015090842.1:10251358",5,9,4
"LOC106888384","s329_S_ADR_02_ASEReadCounter.table","NW_015090842.1:10251369",1,10,9
"LOC106888384","s329_S_ADR_02_ASEReadCounter.table","NW_015090842.1:10251370",5,9,4
"LOC106888384","s329_S_ADR_02_ASEReadCounter.table","NW_015090842.1:10251375",5,8,3
"LOC106888384","s329_S_ADR_02_ASEReadCounter.table","NW_015090842.1:10251388",2,4,2
"LOC106888384","s329_S_ADR_02_ASEReadCounter.table","NW_015090842.1:10251390",2,4,2
"LOC106888384","s329_S_ADR_02_ASEReadCounter.table","NW_015090842.1:10251393",1,3,2
"LOC106888384","s329_S_ADR_02_ASEReadCounter.table","NW_015090842.1:10251399",3,5,2
"LOC106888384","s329_S_ADR_02_ASEReadCounter.table","NW_015090842.1:10251492",6,6,0
"LOC106888384","s329_S_ADR_02_ASEReadCounter.table","NW_015090842.1:10253165",2,6,4
"LOC106888384","s329_S_ADR_02_ASEReadCounter.table","NW_015090842.1:10253284",4,8,4
"LOC106888384","s329_S_ADR_02_ASEReadCounter.table","NW_015090842.1:10253605",13,13,0
"LOC106888384","s329_S_ADR_02_ASEReadCounter.table","NW_015090842.1:10254028",6,12,6
"LOC106888384","s329_S_ADR_02_ASEReadCounter.table","NW_015090842.1:10254227",5,10,5
"LOC106888384","s329_S_ADR_02_ASEReadCounter.table","NW_015090842.1:10254233",5,10,5
"LOC106888384","s329_S_ADR_02_ASEReadCounter.table","NW_015090842.1:10254263",3,10,7
"LOC106888384","s329_S_ADR_02_ASEReadCounter.table","NW_015090842.1:10254293",5,10,5
"LOC106888384","s329_S_ADR_02_ASEReadCounter.table","NW_015090842.1:10254570",8,15,7
"LOC106888384","s329_S_ADR_02_ASEReadCounter.table","NW_015090842.1:10254647",5,8,3
"LOC106888384","s329_S_ADR_02_ASEReadCounter.table","NW_015090842.1:10254663",3,7,4
"LOC106888384","s329_S_ADR_02_ASEReadCounter.table","NW_015090842.1:10254840",1,3,2
"LOC106888384","s329_S_ADR_02_ASEReadCounter.table","NW_015090842.1:10254854",6,6,0
"LOC106888384","s329_S_ADR_02_ASEReadCounter.table","NW_015090842.1:10254891",11,11,0
"LOC106888384","s329_S_ADR_02_ASEReadCounter.table","NW_015090842.1:10254900",5,11,6
"LOC106888384","s329_S_ADR_02_ASEReadCounter.table","NW_015090842.1:10254915",5,12,7
"LOC106888384","s329_S_ADR_02_ASEReadCounter.table","NW_015090842.1:10254965",6,6,0
"LOC106888384","s329_S_ADR_02_ASEReadCounter.table","NW_015090842.1:10254975",1,8,7
"LOC106888384","s329_S_ADR_02_ASEReadCounter.table","NW_015090842.1:10255077",1,6,5
"LOC106888384","s329_S_ADR_02_ASEReadCounter.table","NW_015090842.1:10255117",1,4,3
"LOC106888384","s329_S_ADR_02_ASEReadCounter.table","NW_015090842.1:10255138",2,7,5
"LOC106888384","s329_S_ADR_02_ASEReadCounter.table","NW_015090842.1:10255139",2,8,6
"LOC106888384","s329_S_ADR_02_ASEReadCounter.table","NW_015090842.1:10255209",2,7,5
"LOC106888384","s329_S_ADR_02_ASEReadCounter.table","NW_015090842.1:10255211",2,7,5
"LOC106888384","s329_S_ADR_02_ASEReadCounter.table","NW_015090842.1:10255236",1,4,3
"LOC106888384","s329_S_ADR_02_ASEReadCounter.table","NW_015090842.1:10255262",2,5,3
"LOC106888384","s329_S_ADR_02_ASEReadCounter.table","NW_015090842.1:10255264",2,7,5
"LOC106888384","s329_S_ADR_02_ASEReadCounter.table","NW_015090842.1:10255306",5,10,5
"LOC106888384","s329_S_ADR_02_ASEReadCounter.table","NW_015090842.1:10255340",7,14,7
"LOC106888384","s329_S_ADR_02_ASEReadCounter.table","NW_015090842.1:10255410",6,13,7
"LOC106888384","s329_S_ADR_02_ASEReadCounter.table","NW_015090842.1:10255449",5,12,7
"LOC106888384","s329_S_ADR_02_ASEReadCounter.table","NW_015090842.1:10255496",6,12,6
"LOC106888384","s329_S_ADR_02_ASEReadCounter.table","NW_015090842.1:10255505",4,9,5
"LOC106888384","s329_S_ADR_02_ASEReadCounter.table","NW_015090842.1:10255531",6,14,8
"LOC106888384","s329_S_ADR_02_ASEReadCounter.table","NW_015090842.1:10255608",4,12,8
"LOC106888384","s329_S_ADR_02_ASEReadCounter.table","NW_015090842.1:10255614",3,11,8
"LOC106888384","s329_S_ADR_02_ASEReadCounter.table","NW_015090842.1:10255704",8,9,1
"LOC106888384","s329_S_ADR_02_ASEReadCounter.table","NW_015090842.1:10255731",7,9,2
"LOC106888384","s329_S_ADR_02_ASEReadCounter.table","NW_015090842.1:10255771",3,4,1
"TANGO6","s329_S_ADR_02_ASEReadCounter.table","NW_015090842.1:10257782",12,21,9
"TANGO6","s329_S_ADR_02_ASEReadCounter.table","NW_015090842.1:10258162",14,24,10
"TANGO6","s329_S_ADR_02_ASEReadCounter.table","NW_015090842.1:10258185",16,28,12
"TANGO6","s329_S_ADR_02_ASEReadCounter.table","NW_015090842.1:10259267",13,20,7
"TANGO6","s329_S_ADR_02_ASEReadCounter.table","NW_015090842.1:10260250",30,50,20
"TANGO6","s329_S_ADR_02_ASEReadCounter.table","NW_015090842.1:10260979",19,33,14
"TANGO6","s329_S_ADR_02_ASEReadCounter.table","NW_015090842.1:10261599",15,29,14
"TANGO6","s329_S_ADR_02_ASEReadCounter.table","NW_015090842.1:10268425",34,57,23
"TANGO6","s329_S_ADR_02_ASEReadCounter.table","NW_015090842.1:10269831",34,56,22
"TANGO6","s329_S_ADR_02_ASEReadCounter.table","NW_015090842.1:10270813",30,54,24
"TANGO6","s329_S_ADR_02_ASEReadCounter.table","NW_015090842.1:10273952",18,29,11
"TANGO6","s329_S_ADR_02_ASEReadCounter.table","NW_015090842.1:10273970",22,34,12
"TANGO6","s329_S_ADR_02_ASEReadCounter.table","NW_015090842.1:10274018",23,37,14
"TANGO6","s329_S_ADR_02_ASEReadCounter.table","NW_015090842.1:10275974",21,36,15
"TANGO6","s329_S_ADR_02_ASEReadCounter.table","NW_015090842.1:10275976",21,36,15
"TANGO6","s329_S_ADR_02_ASEReadCounter.table","NW_015090842.1:10276123",18,31,13
"TANGO6","s329_S_ADR_02_ASEReadCounter.table","NW_015090842.1:10276271",17,36,19
"TANGO6","s329_S_ADR_02_ASEReadCounter.table","NW_015090842.1:10276272",17,37,20
"TANGO6","s329_S_ADR_02_ASEReadCounter.table","NW_015090842.1:10276275",18,38,20
"TANGO6","s329_S_ADR_02_ASEReadCounter.table","NW_015090842.1:10276278",18,38,20
"TANGO6","s329_S_ADR_02_ASEReadCounter.table","NW_015090842.1:10276368",12,24,12
"TANGO6","s329_S_ADR_02_ASEReadCounter.table","NW_015090842.1:10276373",12,23,11
"TANGO6","s329_S_ADR_02_ASEReadCounter.table","NW_015090842.1:10276630",12,24,12
"TANGO6","s329_S_ADR_02_ASEReadCounter.table","NW_015090842.1:10281498",17,21,4
"TANGO6","s329_S_ADR_02_ASEReadCounter.table","NW_015090842.1:10282842",21,28,7
"TANGO6","s329_S_ADR_02_ASEReadCounter.table","NW_015090842.1:10282863",15,23,8
"TANGO6","s329_S_ADR_02_ASEReadCounter.table","NW_015090842.1:10282869",17,26,9
"TANGO6","s329_S_ADR_02_ASEReadCounter.table","NW_015090842.1:10282903",17,26,9
"TANGO6","s329_S_ADR_02_ASEReadCounter.table","NW_015090842.1:10283757",22,35,13
"TANGO6","s329_S_ADR_02_ASEReadCounter.table","NW_015090842.1:10283785",19,33,14
"HAS3","s329_S_ADR_02_ASEReadCounter.table","NW_015090842.1:10290927",1,1,0
"CHTF8","s329_S_ADR_02_ASEReadCounter.table","NW_015090842.1:10291319",2,4,2
"CHTF8","s329_S_ADR_02_ASEReadCounter.table","NW_015090842.1:10291342",4,6,2
"CHTF8","s329_S_ADR_02_ASEReadCounter.table","NW_015090842.1:10291491",13,16,3
"CHTF8","s329_S_ADR_02_ASEReadCounter.table","NW_015090842.1:10291520",12,22,10
"CHTF8","s329_S_ADR_02_ASEReadCounter.table","NW_015090842.1:10291593",16,26,10
"CHTF8","s329_S_ADR_02_ASEReadCounter.table","NW_015090842.1:10291600",14,23,9
"CHTF8","s329_S_ADR_02_ASEReadCounter.table","NW_015090842.1:10291609",16,24,8
"CHTF8","s329_S_ADR_02_ASEReadCounter.table","NW_015090842.1:10291639",17,28,11
"CHTF8","s329_S_ADR_02_ASEReadCounter.table","NW_015090842.1:10291641",17,28,11
"CHTF8","s329_S_ADR_02_ASEReadCounter.table","NW_015090842.1:10291648",20,32,12
"CHTF8","s329_S_ADR_02_ASEReadCounter.table","NW_015090842.1:10291656",22,33,11
"CHTF8","s329_S_ADR_02_ASEReadCounter.table","NW_015090842.1:10291675",18,32,14
"CHTF8","s329_S_ADR_02_ASEReadCounter.table","NW_015090842.1:10291696",17,31,14
"CHTF8","s329_S_ADR_02_ASEReadCounter.table","NW_015090842.1:10291714",14,25,11
"CHTF8","s329_S_ADR_02_ASEReadCounter.table","NW_015090842.1:10291732",19,32,13
"CHTF8","s329_S_ADR_02_ASEReadCounter.table","NW_015090842.1:10291755",15,26,11
"CHTF8","s329_S_ADR_02_ASEReadCounter.table","NW_015090842.1:10291756",15,26,11
"CHTF8","s329_S_ADR_02_ASEReadCounter.table","NW_015090842.1:10291758",15,26,11
"CHTF8","s329_S_ADR_02_ASEReadCounter.table","NW_015090842.1:10291792",18,33,15
"CHTF8","s329_S_ADR_02_ASEReadCounter.table","NW_015090842.1:10291895",14,30,16
"CHTF8","s329_S_ADR_02_ASEReadCounter.table","NW_015090842.1:10292132",15,28,13
"CHTF8","s329_S_ADR_02_ASEReadCounter.table","NW_015090842.1:10292314",14,26,12
"CHTF8","s329_S_ADR_02_ASEReadCounter.table","NW_015090842.1:10292317",13,25,12
"CHTF8","s329_S_ADR_02_ASEReadCounter.table","NW_015090842.1:10292928",4,4,0
"UTP4","s329_S_ADR_02_ASEReadCounter.table","NW_015090842.1:10293146",20,56,36
"UTP4","s329_S_ADR_02_ASEReadCounter.table","NW_015090842.1:10293151",19,57,38
"UTP4","s329_S_ADR_02_ASEReadCounter.table","NW_015090842.1:10293191",14,39,25
"UTP4","s329_S_ADR_02_ASEReadCounter.table","NW_015090842.1:10293362",20,63,43
"UTP4","s329_S_ADR_02_ASEReadCounter.table","NW_015090842.1:10293430",22,67,45
"UTP4","s329_S_ADR_02_ASEReadCounter.table","NW_015090842.1:10293625",20,60,40
"UTP4","s329_S_ADR_02_ASEReadCounter.table","NW_015090842.1:10293684",21,56,35
"UTP4","s329_S_ADR_02_ASEReadCounter.table","NW_015090842.1:10294093",25,49,24
"UTP4","s329_S_ADR_02_ASEReadCounter.table","NW_015090842.1:10294568",33,71,38
"UTP4","s329_S_ADR_02_ASEReadCounter.table","NW_015090842.1:10294622",29,65,36
"UTP4","s329_S_ADR_02_ASEReadCounter.table","NW_015090842.1:10294632",28,64,36
"UTP4","s329_S_ADR_02_ASEReadCounter.table","NW_015090842.1:10295238",28,65,37
"UTP4","s329_S_ADR_02_ASEReadCounter.table","NW_015090842.1:10295880",26,58,32
"UTP4","s329_S_ADR_02_ASEReadCounter.table","NW_015090842.1:10295884",27,60,33
"UTP4","s329_S_ADR_02_ASEReadCounter.table","NW_015090842.1:10295903",22,50,28
"UTP4","s329_S_ADR_02_ASEReadCounter.table","NW_015090842.1:10295906",22,49,27
"UTP4","s329_S_ADR_02_ASEReadCounter.table","NW_015090842.1:10295915",22,57,35
"UTP4","s329_S_ADR_02_ASEReadCounter.table","NW_015090842.1:10295938",21,57,36
"UTP4","s329_S_ADR_02_ASEReadCounter.table","NW_015090842.1:10296175",25,67,42
"UTP4","s329_S_ADR_02_ASEReadCounter.table","NW_015090842.1:10296660",23,50,27
"UTP4","s329_S_ADR_02_ASEReadCounter.table","NW_015090842.1:10296679",19,42,23
"UTP4","s329_S_ADR_02_ASEReadCounter.table","NW_015090842.1:10297193",25,59,34
"UTP4","s329_S_ADR_02_ASEReadCounter.table","NW_015090842.1:10297220",26,55,29
"UTP4","s329_S_ADR_02_ASEReadCounter.table","NW_015090842.1:10297307",28,62,34
"UTP4","s329_S_ADR_02_ASEReadCounter.table","NW_015090842.1:10297558",22,53,31
"UTP4","s329_S_ADR_02_ASEReadCounter.table","NW_015090842.1:10297943",20,47,27
"UTP4","s329_S_ADR_02_ASEReadCounter.table","NW_015090842.1:10297979",16,35,19
"UTP4","s329_S_ADR_02_ASEReadCounter.table","NW_015090842.1:10298022",12,29,17
"UTP4","s329_S_ADR_02_ASEReadCounter.table","NW_015090842.1:10298079",2,9,7
"UTP4","s329_S_ADR_02_ASEReadCounter.table","NW_015090842.1:10298081",2,7,5
"UTP4","s329_S_ADR_02_ASEReadCounter.table","NW_015090842.1:10298082",1,7,6
"SNTB2","s329_S_ADR_02_ASEReadCounter.table","NW_015090842.1:10298905",5,8,3
"SNTB2","s329_S_ADR_02_ASEReadCounter.table","NW_015090842.1:10298928",6,9,3
"SNTB2","s329_S_ADR_02_ASEReadCounter.table","NW_015090842.1:10303506",30,53,23
"SNTB2","s329_S_ADR_02_ASEReadCounter.table","NW_015090842.1:10303524",27,47,20
"SNTB2","s329_S_ADR_02_ASEReadCounter.table","NW_015090842.1:10304059",22,38,16
"SNTB2","s329_S_ADR_02_ASEReadCounter.table","NW_015090842.1:10304089",21,42,21
"SNTB2","s329_S_ADR_02_ASEReadCounter.table","NW_015090842.1:10304167",16,35,19
"SNTB2","s329_S_ADR_02_ASEReadCounter.table","NW_015090842.1:10304176",16,36,20
"SNTB2","s329_S_ADR_02_ASEReadCounter.table","NW_015090842.1:10305069",15,29,14
"SNTB2","s329_S_ADR_02_ASEReadCounter.table","NW_015090842.1:10305099",19,28,9
"SNTB2","s329_S_ADR_02_ASEReadCounter.table","NW_015090842.1:10305451",15,27,12
"SNTB2","s329_S_ADR_02_ASEReadCounter.table","NW_015090842.1:10305547",27,51,24
"SNTB2","s329_S_ADR_02_ASEReadCounter.table","NW_015090842.1:10305847",16,29,13
"SNTB2","s329_S_ADR_02_ASEReadCounter.table","NW_015090842.1:10305911",21,38,17
"SNTB2","s329_S_ADR_02_ASEReadCounter.table","NW_015090842.1:10306173",13,26,13
"SNTB2","s329_S_ADR_02_ASEReadCounter.table","NW_015090842.1:10306275",16,26,10
"SNTB2","s329_S_ADR_02_ASEReadCounter.table","NW_015090842.1:10306457",16,31,15
"SNTB2","s329_S_ADR_02_ASEReadCounter.table","NW_015090842.1:10306496",12,25,13
"SNTB2","s329_S_ADR_02_ASEReadCounter.table","NW_015090842.1:10306499",12,23,11
"VPS4A","s329_S_ADR_02_ASEReadCounter.table","NW_015090842.1:10308566",114,252,138
"VPS4A","s329_S_ADR_02_ASEReadCounter.table","NW_015090842.1:10308573",110,257,147
"VPS4A","s329_S_ADR_02_ASEReadCounter.table","NW_015090842.1:10308856",147,372,225
"VPS4A","s329_S_ADR_02_ASEReadCounter.table","NW_015090842.1:10309056",187,448,261
"VPS4A","s329_S_ADR_02_ASEReadCounter.table","NW_015090842.1:10309089",220,467,247
"VPS4A","s329_S_ADR_02_ASEReadCounter.table","NW_015090842.1:10309392",202,428,226
"VPS4A","s329_S_ADR_02_ASEReadCounter.table","NW_015090842.1:10309413",221,486,265
"VPS4A","s329_S_ADR_02_ASEReadCounter.table","NW_015090842.1:10309467",247,553,306
"VPS4A","s329_S_ADR_02_ASEReadCounter.table","NW_015090842.1:10310230",257,571,314
"VPS4A","s329_S_ADR_02_ASEReadCounter.table","NW_015090842.1:10310425",182,426,244
"VPS4A","s329_S_ADR_02_ASEReadCounter.table","NW_015090842.1:10310639",226,487,261
"VPS4A","s329_S_ADR_02_ASEReadCounter.table","NW_015090842.1:10310640",486,486,0
"VPS4A","s329_S_ADR_02_ASEReadCounter.table","NW_015090842.1:10310687",217,506,289
"VPS4A","s329_S_ADR_02_ASEReadCounter.table","NW_015090842.1:10310734",204,445,241
"VPS4A","s329_S_ADR_02_ASEReadCounter.table","NW_015090842.1:10310737",196,444,248
"VPS4A","s329_S_ADR_02_ASEReadCounter.table","NW_015090842.1:10310746",198,443,245
"VPS4A","s329_S_ADR_02_ASEReadCounter.table","NW_015090842.1:10310767",210,473,263
"VPS4A","s329_S_ADR_02_ASEReadCounter.table","NW_015090842.1:10310995",235,440,205
"VPS4A","s329_S_ADR_02_ASEReadCounter.table","NW_015090842.1:10311004",234,438,204
"VPS4A","s329_S_ADR_02_ASEReadCounter.table","NW_015090842.1:10311007",228,434,206
"VPS4A","s329_S_ADR_02_ASEReadCounter.table","NW_015090842.1:10311013",231,430,199
"VPS4A","s329_S_ADR_02_ASEReadCounter.table","NW_015090842.1:10311022",195,391,196
"VPS4A","s329_S_ADR_02_ASEReadCounter.table","NW_015090842.1:10311023",199,388,189
"VPS4A","s329_S_ADR_02_ASEReadCounter.table","NW_015090842.1:10311426",223,445,222
"VPS4A","s329_S_ADR_02_ASEReadCounter.table","NW_015090842.1:10311489",3,10,7
"VPS4A","s329_S_ADR_02_ASEReadCounter.table","NW_015090842.1:10311490",3,10,7
"VPS4A","s329_S_ADR_02_ASEReadCounter.table","NW_015090842.1:10311525",4,12,8
"VPS4A","s329_S_ADR_02_ASEReadCounter.table","NW_015090842.1:10311529",5,15,10
"VPS4A","s329_S_ADR_02_ASEReadCounter.table","NW_015090842.1:10311530",5,16,11
"VPS4A","s329_S_ADR_02_ASEReadCounter.table","NW_015090842.1:10311552",11,28,17
"VPS4A","s329_S_ADR_02_ASEReadCounter.table","NW_015090842.1:10311689",9,32,23
"VPS4A","s329_S_ADR_02_ASEReadCounter.table","NW_015090842.1:10311700",15,35,20
"VPS4A","s329_S_ADR_02_ASEReadCounter.table","NW_015090842.1:10311701",15,36,21
"VPS4A","s329_S_ADR_02_ASEReadCounter.table","NW_015090842.1:10311703",15,33,18
"COG8","s329_S_ADR_02_ASEReadCounter.table","NW_015090842.1:10313487",16,49,33
"COG8","s329_S_ADR_02_ASEReadCounter.table","NW_015090842.1:10313559",31,69,38
"COG8","s329_S_ADR_02_ASEReadCounter.table","NW_015090842.1:10313579",20,53,33
"COG8","s329_S_ADR_02_ASEReadCounter.table","NW_015090842.1:10313665",22,50,28
"COG8","s329_S_ADR_02_ASEReadCounter.table","NW_015090842.1:10313681",24,61,37
"COG8","s329_S_ADR_02_ASEReadCounter.table","NW_015090842.1:10313768",35,87,52
"COG8","s329_S_ADR_02_ASEReadCounter.table","NW_015090842.1:10313775",35,85,50
"COG8","s329_S_ADR_02_ASEReadCounter.table","NW_015090842.1:10313811",27,65,38
"COG8","s329_S_ADR_02_ASEReadCounter.table","NW_015090842.1:10313858",25,65,40
"COG8","s329_S_ADR_02_ASEReadCounter.table","NW_015090842.1:10313859",39,64,25
"COG8","s329_S_ADR_02_ASEReadCounter.table","NW_015090842.1:10314100",41,86,45
"COG8","s329_S_ADR_02_ASEReadCounter.table","NW_015090842.1:10314213",35,81,46
"COG8","s329_S_ADR_02_ASEReadCounter.table","NW_015090842.1:10315093",33,68,35
"COG8","s329_S_ADR_02_ASEReadCounter.table","NW_015090842.1:10315162",24,65,41
"COG8","s329_S_ADR_02_ASEReadCounter.table","NW_015090842.1:10315285",38,82,44
"COG8","s329_S_ADR_02_ASEReadCounter.table","NW_015090842.1:10315360",26,61,35
"COG8","s329_S_ADR_02_ASEReadCounter.table","NW_015090842.1:10315369",27,61,34
"COG8","s329_S_ADR_02_ASEReadCounter.table","NW_015090842.1:10315508",19,50,31
"COG8","s329_S_ADR_02_ASEReadCounter.table","NW_015090842.1:10315624",23,74,51
"COG8","s329_S_ADR_02_ASEReadCounter.table","NW_015090842.1:10315693",24,75,51
"COG8","s329_S_ADR_02_ASEReadCounter.table","NW_015090842.1:10315698",23,73,50
"COG8","s329_S_ADR_02_ASEReadCounter.table","NW_015090842.1:10315768",11,55,44
"COG8","s329_S_ADR_02_ASEReadCounter.table","NW_015090842.1:10315769",11,54,43
"COG8","s329_S_ADR_02_ASEReadCounter.table","NW_015090842.1:10315784",16,54,38
"COG8","s329_S_ADR_02_ASEReadCounter.table","NW_015090842.1:10316093",28,70,42
"COG8","s329_S_ADR_02_ASEReadCounter.table","NW_015090842.1:10316133",23,60,37
"NIP7","s329_S_ADR_02_ASEReadCounter.table","NW_015090842.1:10316759",24,48,24
"NIP7","s329_S_ADR_02_ASEReadCounter.table","NW_015090842.1:10316967",105,207,102
"NIP7","s329_S_ADR_02_ASEReadCounter.table","NW_015090842.1:10316995",115,226,111
"NIP7","s329_S_ADR_02_ASEReadCounter.table","NW_015090842.1:10317240",183,351,168
"NIP7","s329_S_ADR_02_ASEReadCounter.table","NW_015090842.1:10317247",172,325,153
"NIP7","s329_S_ADR_02_ASEReadCounter.table","NW_015090842.1:10317264",160,298,138
"NIP7","s329_S_ADR_02_ASEReadCounter.table","NW_015090842.1:10317433",164,328,164
"NIP7","s329_S_ADR_02_ASEReadCounter.table","NW_015090842.1:10317738",100,237,137
"NIP7","s329_S_ADR_02_ASEReadCounter.table","NW_015090842.1:10317769",102,233,131
"NIP7","s329_S_ADR_02_ASEReadCounter.table","NW_015090842.1:10317808",77,163,86
"NIP7","s329_S_ADR_02_ASEReadCounter.table","NW_015090842.1:10317870",43,104,61
"NIP7","s329_S_ADR_02_ASEReadCounter.table","NW_015090842.1:10317871",44,99,55
"NIP7","s329_S_ADR_02_ASEReadCounter.table","NW_015090842.1:10317898",29,68,39
"NIP7","s329_S_ADR_02_ASEReadCounter.table","NW_015090842.1:10317911",28,63,35
"TMED6","s329_S_ADR_02_ASEReadCounter.table","NW_015090842.1:10318514",0,1,1
"TMED6","s329_S_ADR_02_ASEReadCounter.table","NW_015090842.1:10318731",0,2,2
"TERF2","s329_S_ADR_02_ASEReadCounter.table","NW_015090842.1:10321768",16,37,21
"TERF2","s329_S_ADR_02_ASEReadCounter.table","NW_015090842.1:10321777",14,35,21
"TERF2","s329_S_ADR_02_ASEReadCounter.table","NW_015090842.1:10321805",15,35,20
"TERF2","s329_S_ADR_02_ASEReadCounter.table","NW_015090842.1:10321878",30,49,19
"TERF2","s329_S_ADR_02_ASEReadCounter.table","NW_015090842.1:10321893",27,46,19
"TERF2","s329_S_ADR_02_ASEReadCounter.table","NW_015090842.1:10321897",25,44,19
"TERF2","s329_S_ADR_02_ASEReadCounter.table","NW_015090842.1:10321908",24,41,17
"TERF2","s329_S_ADR_02_ASEReadCounter.table","NW_015090842.1:10322001",31,66,35
"TERF2","s329_S_ADR_02_ASEReadCounter.table","NW_015090842.1:10322035",28,57,29
"TERF2","s329_S_ADR_02_ASEReadCounter.table","NW_015090842.1:10322051",27,63,36
"TERF2","s329_S_ADR_02_ASEReadCounter.table","NW_015090842.1:10322137",25,71,46
"TERF2","s329_S_ADR_02_ASEReadCounter.table","NW_015090842.1:10322144",23,61,38
"TERF2","s329_S_ADR_02_ASEReadCounter.table","NW_015090842.1:10322388",19,61,42
"TERF2","s329_S_ADR_02_ASEReadCounter.table","NW_015090842.1:10322396",20,56,36
"TERF2","s329_S_ADR_02_ASEReadCounter.table","NW_015090842.1:10322502",34,78,44
"TERF2","s329_S_ADR_02_ASEReadCounter.table","NW_015090842.1:10322504",35,80,45
"TERF2","s329_S_ADR_02_ASEReadCounter.table","NW_015090842.1:10322510",35,82,47
"TERF2","s329_S_ADR_02_ASEReadCounter.table","NW_015090842.1:10323580",49,102,53
"TERF2","s329_S_ADR_02_ASEReadCounter.table","NW_015090842.1:10324314",41,78,37
"TERF2","s329_S_ADR_02_ASEReadCounter.table","NW_015090842.1:10326832",35,74,39
"TERF2","s329_S_ADR_02_ASEReadCounter.table","NW_015090842.1:10327787",26,53,27
"TERF2","s329_S_ADR_02_ASEReadCounter.table","NW_015090842.1:10328588",29,64,35
"TERF2","s329_S_ADR_02_ASEReadCounter.table","NW_015090842.1:10328644",23,54,31
"TERF2","s329_S_ADR_02_ASEReadCounter.table","NW_015090842.1:10329813",27,52,25
"TERF2","s329_S_ADR_02_ASEReadCounter.table","NW_015090842.1:10330749",30,56,26
"TERF2","s329_S_ADR_02_ASEReadCounter.table","NW_015090842.1:10330789",42,74,32
"CYB5B","s329_S_ADR_02_ASEReadCounter.table","NW_015090842.1:10336595",34,72,38
"CYB5B","s329_S_ADR_02_ASEReadCounter.table","NW_015090842.1:10336667",162,316,154
"CYB5B","s329_S_ADR_02_ASEReadCounter.table","NW_015090842.1:10336689",219,419,200
"CYB5B","s329_S_ADR_02_ASEReadCounter.table","NW_015090842.1:10336728",282,549,267
"CYB5B","s329_S_ADR_02_ASEReadCounter.table","NW_015090842.1:10345068",288,581,293
"CYB5B","s329_S_ADR_02_ASEReadCounter.table","NW_015090842.1:10348800",418,718,300
"CYB5B","s329_S_ADR_02_ASEReadCounter.table","NW_015090842.1:10349046",289,539,250
"CYB5B","s329_S_ADR_02_ASEReadCounter.table","NW_015090842.1:10349119",157,393,236
"CYB5B","s329_S_ADR_02_ASEReadCounter.table","NW_015090842.1:10349146",84,315,231
"CYB5B","s329_S_ADR_02_ASEReadCounter.table","NW_015090842.1:10349157",145,386,241
"CYB5B","s329_S_ADR_02_ASEReadCounter.table","NW_015090842.1:10349263",154,350,196
